1 0 0 0 0 1 0 0 0 0 1 0
0.999955 -0.00562052 -0.0076365 0.145841 0.00560176 0.999981 -0.00247583 0.00531189 0.00765028 0.00243294 0.999968 0.620528
0.99991 -0.00431822 -0.012707 0.151258 0.00426524 0.999982 -0.00419358 0.00381919 0.0127248 0.004139 0.99991 1.35216
0.999861 -0.00480244 -0.0159809 0.127815 0.0047177 0.999975 -0.00533619 -0.0056814 0.0160062 0.00526006 0.999858 2.05354
0.99978 -0.00305355 -0.0207496 0.102192 0.00294008 0.999981 -0.005497 -0.018709 0.020766 0.00543478 0.99977 2.78731
0.999694 -0.00461405 -0.0243153 0.0728638 0.00447525 0.999973 -0.00575988 -0.0321789 0.0243412 0.0056493 0.999688 3.52172
0.999557 -0.00266081 -0.0296549 0.0556508 0.00245592 0.999973 -0.00694374 -0.039527 0.0296726 0.00686783 0.999536 4.30842
0.999384 3.80328e-05 -0.0350829 0.0313913 -0.000308671 0.99997 -0.00770889 -0.0481076 0.0350816 0.00771497 0.999355 5.1115
0.999263 0.000814211 -0.038369 -0.0198391 -0.00105564 0.99998 -0.00627235 -0.0585528 0.0383631 0.00630823 0.999244 5.88817
0.99912 -3.63974e-05 -0.0419537 -0.0710284 -0.000120804 0.999993 -0.0037445 -0.0635593 0.0419536 0.00374627 0.999113 6.71182
0.998966 -0.000459979 -0.0454588 -0.109144 0.000405571 0.999999 -0.00120611 -0.0723874 0.0454594 0.00118642 0.998966 7.53076
0.998847 0.00140607 -0.047993 -0.160999 -0.00148729 0.999998 -0.00165656 -0.0815524 0.0479906 0.00172602 0.998846 8.36892
0.998757 0.00107275 -0.0498255 -0.207342 -0.00117638 0.999997 -0.00205074 -0.0919742 0.0498232 0.0021068 0.998756 9.19714
0.998683 -0.00179178 -0.0512709 -0.25498 0.00165317 0.999995 -0.00274584 -0.0951025 0.0512756 0.00265746 0.998681 10.0432
0.998578 -0.00219505 -0.0532566 -0.304506 0.00207684 0.999995 -0.00227489 -0.0979506 0.0532613 0.00216105 0.998578 10.889
0.998519 -0.00351814 -0.0542928 -0.355418 0.0033503 0.999989 -0.00318199 -0.103948 0.0543035 0.00299537 0.99852 11.7472
0.998457 -0.00134654 -0.0555201 -0.40514 0.00104277 0.999984 -0.00550004 -0.112667 0.0555266 0.00543366 0.998442 12.5807
0.99839 -0.00120272 -0.0567163 -0.47366 0.000728817 0.999965 -0.00837569 -0.118387 0.0567244 0.00832086 0.998355 13.4779
0.998237 0.00141911 -0.059341 -0.510517 -0.00196284 0.999957 -0.00910556 -0.141181 0.0593255 0.00920598 0.998196 14.3447
0.998145 0.00205028 -0.0608487 -0.565082 -0.00257005 0.999961 -0.00846506 -0.158078 0.060829 0.00860574 0.998111 15.2582
0.998081 0.000571982 -0.0619154 -0.598546 -0.000996303 0.999976 -0.00682259 -0.178845 0.06191 0.00687118 0.998058 16.1332
0.99799 0.000935716 -0.0633564 -0.656804 -0.00126216 0.999986 -0.00511274 -0.191979 0.0633508 0.00518243 0.997978 17.053
0.997927 -0.000140625 -0.0643539 -0.71361 -0.000170846 0.999988 -0.00483445 -0.206636 0.0643538 0.00483542 0.997915 17.9684
0.997826 -0.00166808 -0.0658797 -0.763547 0.00132466 0.999985 -0.00525611 -0.222041 0.0658876 0.00515742 0.997814 18.8549
0.997801 -0.00280314 -0.0662121 -0.860618 0.00238243 0.999977 -0.00643204 -0.226552 0.0662286 0.00626015 0.997785 19.8252
0.997803 -0.00145167 -0.0662334 -0.926145 0.0011014 0.999985 -0.00532454 -0.235782 0.0662402 0.00523989 0.99779 20.7515
0.997821 -0.00117195 -0.0659669 -0.982245 0.00107773 0.999998 -0.0014639 -0.250244 0.0659685 0.00138962 0.997821 21.6696
0.997891 -0.000661066 -0.0648993 -1.06186 0.00078159 0.999998 0.00183172 -0.256 0.064898 -0.00187858 0.99789 22.6369
0.998036 -0.00132113 -0.0626228 -1.12585 0.00163704 0.999986 0.00499354 -0.268193 0.0626153 -0.00508625 0.998025 23.579
0.998178 -0.00118916 -0.0603179 -1.18433 0.00156984 0.999979 0.00626416 -0.281579 0.0603092 -0.00634744 0.99816 24.5189
0.998267 -0.0012421 -0.0588339 -1.24351 0.00142467 0.999994 0.0030612 -0.283507 0.0588297 -0.00313972 0.998263 25.4816
0.998346 -0.000153737 -0.0574856 -1.32843 8.20656e-06 0.999997 -0.00253182 -0.280166 0.0574858 0.00252716 0.998343 26.4992
0.998428 -0.00172455 -0.0560176 -1.37331 0.00143965 0.999986 -0.00512591 -0.290831 0.0560257 0.0050372 0.998417 27.4297
0.998497 -0.00493298 -0.0545867 -1.41759 0.00471369 0.99998 -0.00414533 -0.30194 0.0546061 0.0038818 0.9985 28.3708
0.998475 -0.00779819 -0.0546374 -1.46052 0.00784617 0.999969 0.000663674 -0.308791 0.0546306 -0.00109136 0.998506 29.3317
0.998428 -0.0121612 -0.0547102 -1.52043 0.0123726 0.999917 0.00352809 -0.310377 0.0546628 -0.00419946 0.998496 30.3274
0.998299 -0.0195079 -0.054942 -1.57727 0.0196725 0.999804 0.00245762 -0.317424 0.0548833 -0.00353429 0.998486 31.3258
0.99817 -0.022482 -0.0561266 -1.62681 0.0224519 0.999747 -0.00116549 -0.327691 0.0561386 -9.67959e-05 0.998423 32.3109
0.998099 -0.0226715 -0.057302 -1.68265 0.0224335 0.999737 -0.00479343 -0.339492 0.0573956 0.00349883 0.998345 33.3041
0.998014 -0.0215027 -0.0591995 -1.74242 0.0212075 0.99976 -0.00561056 -0.35079 0.059306 0.00434395 0.99823 34.3021
0.997931 -0.0218735 -0.0604589 -1.80116 0.021627 0.999755 -0.00472767 -0.354315 0.0605475 0.00341033 0.998159 35.3356
0.997895 -0.0198715 -0.0617249 -1.86361 0.0197292 0.999801 -0.00291407 -0.348311 0.0617705 0.00169016 0.998089 36.3375
0.997828 -0.019767 -0.0628335 -1.9289 0.0196725 0.999804 -0.00212211 -0.356249 0.0628632 0.000881409 0.998022 37.3484
0.9978 -0.0177069 -0.0638878 -1.99847 0.0177392 0.999843 -6.30504e-05 -0.364714 0.0638789 -0.0010704 0.997957 38.3658
0.997786 -0.0180451 -0.064007 -2.03967 0.0182616 0.99983 0.00279875 -0.377169 0.0639456 -0.00396143 0.997945 39.3396
0.997844 -0.0121623 -0.0644827 -2.12355 0.0125013 0.99991 0.00485638 -0.381693 0.0644178 -0.00565203 0.997907 40.3698
0.997865 -0.0130023 -0.0639938 -2.19731 0.0132801 0.999904 0.00391793 -0.386248 0.0639368 -0.00475941 0.997943 41.3868
0.997891 -0.0126151 -0.0636761 -2.28118 0.0127761 0.999916 0.0021227 -0.39631 0.063644 -0.00293176 0.997968 42.4369
0.997911 -0.0100272 -0.0638095 -2.3369 0.0100278 0.99995 -0.000310832 -0.401897 0.0638094 -0.000329685 0.997962 43.4288
0.997844 -0.0115018 -0.0646164 -2.39796 0.0114996 0.999934 -0.000404921 -0.410716 0.0646168 -0.000339017 0.99791 44.4358
0.997857 -0.0137114 -0.0639733 -2.52166 0.0138032 0.999904 0.00099284 -0.432588 0.0639536 -0.00187375 0.997951 45.4903
0.997831 -0.0133593 -0.0644547 -2.58033 0.0135502 0.999905 0.00252551 -0.457755 0.0644148 -0.00339341 0.997917 46.4608
0.997859 -0.010846 -0.0644878 -2.67057 0.0108331 0.999941 -0.000550151 -0.478316 0.06449 -0.000149629 0.997918 47.4779
0.997863 -0.0103214 -0.0645204 -2.73457 0.0100521 0.99994 -0.00449695 -0.499035 0.0645629 0.00383877 0.997906 48.4289
0.997756 -0.0104904 -0.0661247 -2.77502 0.0101887 0.999936 -0.00489756 -0.524939 0.0661718 0.00421284 0.997799 49.3921
0.997684 -0.0122812 -0.0668967 -2.82264 0.0122181 0.999925 -0.00135211 -0.541652 0.0669083 0.000531626 0.997759 50.3712
0.99759 -0.0151133 -0.0677101 -2.8759 0.0152626 0.999882 0.00168851 -0.555257 0.0676766 -0.00271787 0.997703 51.3507
0.997476 -0.0187139 -0.0684915 -2.92765 0.0189502 0.999817 0.00280075 -0.568687 0.0684266 -0.0040916 0.997648 52.3245
0.997432 -0.0217767 -0.0682163 -3.0126 0.0219404 0.999758 0.0016516 -0.578389 0.0681639 -0.00314405 0.997669 53.3338
0.997337 -0.025222 -0.068417 -3.08997 0.0253139 0.99968 0.000476414 -0.590287 0.0683831 -0.00220705 0.997657 54.3208
0.997287 -0.0268329 -0.0685326 -3.16518 0.0270193 0.999633 0.00179356 -0.603104 0.0684594 -0.00364039 0.997647 55.2937
0.997108 -0.0305488 -0.0695805 -3.20951 0.0310175 0.999503 0.00566488 -0.608586 0.0693729 -0.00780671 0.99756 56.2203
0.997036 -0.0319949 -0.0699593 -3.27508 0.0328219 0.999404 0.0107042 -0.613627 0.0695751 -0.0129687 0.997492 57.1833
0.997151 -0.029795 -0.0692947 -3.37 0.0307117 0.999454 0.0122008 -0.611963 0.0688934 -0.0142942 0.997521 58.1738
0.997023 -0.0289826 -0.071436 -3.40264 0.029683 0.999521 0.00876162 -0.627339 0.0711479 -0.010856 0.997406 59.0566
0.996983 -0.0279797 -0.0723882 -3.49782 0.0281605 0.999603 0.00147697 -0.633433 0.0723181 -0.003511 0.997375 60.017
0.997018 -0.0258562 -0.0727063 -3.57211 0.0256572 0.999664 -0.00367024 -0.643124 0.0727768 0.00179385 0.997346 60.9595
0.997061 -0.0218656 -0.0734146 -3.65286 0.0217103 0.99976 -0.00291287 -0.656678 0.0734607 0.00131046 0.997297 61.8891
0.997017 -0.0199243 -0.0745613 -3.72262 0.0199069 0.999802 -0.000976468 -0.666667 0.0745659 -0.00051073 0.997216 62.7989
0.997077 -0.017319 -0.0744116 -3.80412 0.0173973 0.999849 0.000403758 -0.683883 0.0743934 -0.00169714 0.997227 63.6801
0.997056 -0.0169775 -0.0747674 -3.89362 0.0170514 0.999855 0.000349348 -0.693698 0.0747506 -0.00162321 0.997201 64.5723
0.99694 -0.0163244 -0.0764387 -3.95118 0.0164701 0.999864 0.00127692 -0.708484 0.0764074 -0.00253196 0.997073 65.4119
0.996837 -0.0161966 -0.0777987 -4.02232 0.0163748 0.999865 0.00165377 -0.721133 0.0777614 -0.00292248 0.996967 66.2663
0.996665 -0.0170151 -0.0798061 -4.07852 0.0172559 0.999849 0.00232787 -0.736996 0.0797544 -0.00369723 0.996807 67.0841
0.996506 -0.0176001 -0.081643 -4.14033 0.0179614 0.999832 0.00369276 -0.749949 0.0815643 -0.00514628 0.996655 67.906
0.99645 -0.0146392 -0.0828997 -4.22211 0.0152164 0.999864 0.0063346 -0.758976 0.0827957 -0.00757355 0.996538 68.7399
0.996433 -0.0131673 -0.0833512 -4.3134 0.0140481 0.999852 0.00998985 -0.760733 0.0832073 -0.0111251 0.99647 69.5728
0.996301 -0.0104862 -0.085278 -4.37987 0.0115136 0.999867 0.0115643 -0.765626 0.0851454 -0.0125034 0.99629 70.3534
0.996236 -0.00779506 -0.0863226 -4.45555 0.00846728 0.999937 0.00742389 -0.775006 0.0862592 -0.00812686 0.996239 71.1056
0.996128 -0.00783751 -0.0875593 -4.5315 0.00792601 0.999969 0.000663183 -0.788299 0.0875513 -0.00135461 0.996159 71.8522
0.995974 -0.00844731 -0.0892405 -4.57734 0.00805773 0.999957 -0.0047249 -0.808093 0.0892765 0.0039868 0.995999 72.5454
0.996066 -0.00783141 -0.0882641 -4.68411 0.00728086 0.999952 -0.00655772 -0.805965 0.0883112 0.00588929 0.996075 73.2896
0.996004 -0.00490673 -0.0891696 -4.74356 0.00465005 0.999985 -0.00308606 -0.820468 0.0891834 0.00265909 0.996012 73.9688
0.995851 -0.00497218 -0.0908606 -4.80875 0.00491481 0.999988 -0.000855115 -0.836669 0.0908637 0.000405006 0.995863 74.6439
0.995776 -0.00820153 -0.0914401 -4.87498 0.00782593 0.99996 -0.00446537 -0.849687 0.091473 0.0037309 0.9958 75.2845
0.995743 -0.0165739 -0.0906648 -4.93982 0.0157703 0.99983 -0.0095737 -0.866187 0.0908081 0.00810314 0.995835 75.9273
0.995763 -0.0207251 -0.0895874 -5.00312 0.0195502 0.999711 -0.0139717 -0.884264 0.0898511 0.0121611 0.995881 76.5848
0.996017 -0.0180873 -0.087301 -5.04491 0.0169152 0.999757 -0.0141468 -0.901255 0.0875357 0.0126137 0.996081 77.2065
0.996331 -0.013333 -0.0845322 -5.08523 0.0124602 0.999864 -0.0108444 -0.915878 0.0846652 0.00975132 0.996362 77.8291
0.99667 -0.0149792 -0.080143 -5.12386 0.0144058 0.999866 -0.00772787 -0.929599 0.0802481 0.00654762 0.996753 78.4277
0.997039 -0.0189937 -0.0745072 -5.15549 0.0187844 0.999817 -0.00350907 -0.941362 0.0745603 0.0020991 0.997214 79.0112
0.997555 -0.0230882 -0.0659524 -5.18422 0.0231266 0.999733 -0.000181616 -0.954436 0.0659389 -0.00134409 0.997823 79.5477
0.998264 -0.0195078 -0.0555663 -5.20938 0.01954 0.999809 3.6756e-05 -0.96435 0.0555549 -0.00112246 0.998455 80.0982
0.99903 -0.0150764 -0.0413577 -5.21219 0.0150983 0.999886 0.000215611 -0.976508 0.0413497 -0.000839832 0.999144 80.618
0.999663 -0.00981792 -0.0239818 -5.20766 0.00985368 0.999951 0.00137356 -0.986067 0.023967 -0.00160941 0.999711 81.1222
0.999928 -0.0116435 -0.00253463 -5.1818 0.0116501 0.999929 0.00262777 -0.994842 0.0025038 -0.00265712 0.999993 81.6378
0.999616 -0.0156444 0.0228342 -5.13106 0.0155481 0.99987 0.00438764 -1.00204 -0.0228999 -0.00403093 0.99973 82.1373
0.998528 -0.0169643 0.0515001 -5.06864 0.0166418 0.999839 0.00668351 -1.01089 -0.0516052 -0.00581662 0.998651 82.5806
0.996323 -0.0177532 0.0838058 -4.99327 0.017046 0.999813 0.00914621 -1.01902 -0.0839526 -0.00768403 0.99644 83.0329
0.992683 -0.0182797 0.119354 -4.87637 0.01711 0.999795 0.0108178 -1.02545 -0.119528 -0.00869648 0.992793 83.5011
0.986987 -0.0190306 0.159663 -4.7596 0.0173225 0.999777 0.0120837 -1.03033 -0.159858 -0.00916067 0.987098 83.9282
0.978595 -0.019118 0.204902 -4.63187 0.0167544 0.999772 0.0132639 -1.03102 -0.205109 -0.00954697 0.978693 84.3723
0.967058 -0.01718 0.253974 -4.4821 0.0144907 0.999817 0.012456 -1.03276 -0.254142 -0.00836537 0.967131 84.8078
0.951499 -0.016268 0.307218 -4.31365 0.0134072 0.999845 0.0114204 -1.03927 -0.307357 -0.00674753 0.95157 85.2178
0.931402 -0.0169496 0.363596 -4.12563 0.0138885 0.999843 0.0110319 -1.04427 -0.363726 -0.00522534 0.931491 85.6106
0.907737 -0.0169535 0.419196 -3.89238 0.0134919 0.999846 0.0112211 -1.04979 -0.419322 -0.00453009 0.907826 85.969
0.879792 -0.0175263 0.475035 -3.64515 0.0138636 0.999841 0.0112127 -1.05451 -0.475156 -0.00327912 0.879895 86.2926
0.847469 -0.0195409 0.530484 -3.38691 0.016171 0.999809 0.0109951 -1.05776 -0.530598 -0.000739574 0.847624 86.5866
0.810413 -0.0204239 0.585501 -3.11465 0.0166198 0.999792 0.0118713 -1.06312 -0.585622 0.00011025 0.810584 86.9035
0.770322 -0.0216862 0.637285 -2.84333 0.0159781 0.999764 0.0147073 -1.06915 -0.637454 -0.00114676 0.770488 87.1759
0.728155 -0.0228466 0.685031 -2.5374 0.0136944 0.99973 0.0187857 -1.07161 -0.685276 -0.00429778 0.728271 87.4366
0.682896 -0.0242226 0.730113 -2.22133 0.013319 0.999697 0.0207088 -1.06984 -0.730394 -0.00441759 0.683012 87.6823
0.636363 -0.0261041 0.770947 -1.89853 0.0154808 0.999658 0.0210699 -1.0675 -0.771234 -0.00147316 0.63655 87.8934
0.590454 -0.0291603 0.806543 -1.56449 0.0203679 0.999567 0.0212281 -1.06395 -0.806814 0.00389343 0.590793 88.0561
0.546561 -0.0272184 0.836976 -1.20724 0.0171949 0.999626 0.0212792 -1.05922 -0.837243 0.00276138 0.546825 88.2115
0.501872 -0.0243747 0.864598 -0.847832 0.0124663 0.999703 0.0209473 -1.04946 -0.864852 0.000265412 0.502027 88.356
0.457735 -0.0220416 0.888815 -0.500249 0.0107675 0.999757 0.0192476 -1.04117 -0.889023 0.000759964 0.457861 88.4809
0.415702 -0.0248026 0.909162 -0.136789 0.0177651 0.999659 0.0191485 -1.03146 -0.909327 0.0081913 0.416001 88.5969
0.376912 -0.0329403 0.925662 0.23287 0.032869 0.999214 0.022174 -1.02236 -0.925665 0.0220679 0.377699 88.672
0.343168 -0.0371102 0.93854 0.610913 0.0374271 0.998966 0.0258146 -1.01095 -0.938528 0.0262681 0.344202 88.7547
0.311319 -0.0321856 0.949759 0.965205 0.0336046 0.999174 0.022845 -0.995581 -0.949711 0.0248042 0.312144 88.838
0.282792 -0.0246655 0.958863 1.35185 0.0229441 0.999557 0.0189455 -0.990536 -0.958907 0.0166426 0.283233 88.9323
0.255315 -0.020837 0.966632 1.739 0.0200147 0.999668 0.0162627 -0.98941 -0.966651 0.0151947 0.255648 89.0183
0.229811 -0.0192971 0.973043 2.13353 0.0205898 0.999676 0.0149624 -0.989638 -0.973017 0.0165962 0.230134 89.0953
0.206103 -0.0182247 0.97836 2.52796 0.0277516 0.999533 0.0127729 -0.986114 -0.978137 0.0245185 0.206513 89.1482
0.186544 -0.0121836 0.98237 2.93869 0.0342446 0.999396 0.00589201 -0.971621 -0.98185 0.0325418 0.186849 89.1885
0.16788 -0.00551865 0.985791 3.3709 0.036458 0.999335 -0.000614336 -0.958376 -0.985133 0.0360432 0.16797 89.2401
0.151337 -0.00443133 0.988472 3.81432 0.0341111 0.999418 -0.000742084 -0.953092 -0.987894 0.0338302 0.1514 89.2942
0.135945 -0.00809925 0.990682 4.26901 0.033216 0.999442 0.00361283 -0.952312 -0.99016 0.0324154 0.136138 89.3493
0.121674 -0.0112202 0.992506 4.74311 0.0339132 0.999399 0.00714056 -0.953885 -0.991991 0.0327902 0.121982 89.4007
0.108055 -0.0140269 0.994045 5.22811 0.0367814 0.999272 0.0101024 -0.958698 -0.993464 0.0354707 0.108493 89.446
0.095545 -0.0150905 0.99531 5.72086 0.0404577 0.999118 0.0112645 -0.963437 -0.994603 0.0391917 0.0960713 89.4903
0.0854453 -0.0149487 0.99623 6.24076 0.0431939 0.999003 0.0112856 -0.967199 -0.995406 0.0420667 0.0860059 89.5219
0.07701 -0.0149744 0.996917 6.77314 0.0456614 0.998891 0.0114768 -0.969003 -0.995984 0.0446368 0.0776084 89.5616
0.0714659 -0.0149069 0.997331 7.32207 0.0468322 0.998836 0.0115735 -0.969849 -0.996343 0.0458801 0.0720808 89.5982
0.0664818 -0.0137107 0.997693 7.88515 0.0481332 0.998786 0.0105184 -0.964 -0.996626 0.0473229 0.0670611 89.6214
0.060768 -0.0133208 0.998062 8.45589 0.0482202 0.998783 0.0103945 -0.961774 -0.996987 0.0474952 0.0613364 89.6425
0.0562216 -0.0132432 0.99833 9.0696 0.0496644 0.998711 0.0104514 -0.957908 -0.997182 0.0489939 0.0568068 89.6776
0.0528147 -0.0129959 0.998519 9.69584 0.0510204 0.998645 0.0102989 -0.949297 -0.9973 0.050401 0.0534062 89.7112
0.0493021 -0.0128598 0.9987 10.3309 0.0515286 0.998618 0.010315 -0.941486 -0.997454 0.0509531 0.0498966 89.7442
0.045578 -0.0135869 0.998867 10.9885 0.0536314 0.998499 0.0111347 -0.941049 -0.99752 0.0530632 0.0462383 89.7945
0.0441868 -0.0138396 0.998926 11.6612 0.0582035 0.998241 0.0112555 -0.932612 -0.997326 0.0576437 0.0449146 89.8264
0.045256 -0.0145907 0.998868 12.3374 0.062788 0.997958 0.0117327 -0.931646 -0.997 0.062186 0.0460797 89.846
0.0474615 -0.0141148 0.998772 13.054 0.0644755 0.997858 0.011038 -0.919366 -0.99679 0.0638725 0.0482699 89.8792
0.0510315 -0.0143704 0.998593 13.7817 0.0672617 0.997676 0.0109199 -0.916148 -0.99643 0.0666098 0.0518795 89.9215
0.0545318 -0.0141015 0.998412 14.5203 0.0674231 0.99767 0.0104085 -0.902438 -0.996233 0.0667485 0.0553555 89.9717
0.0578604 -0.0151503 0.998209 15.2923 0.0683632 0.997598 0.0111784 -0.891193 -0.995981 0.067594 0.0587571 90.0313
0.0625906 -0.0164551 0.997903 16.0795 0.0694168 0.997515 0.0120947 -0.880363 -0.995622 0.0685143 0.0635773 90.0709
0.0669557 -0.018294 0.997587 16.8925 0.0660209 0.997722 0.0138653 -0.871918 -0.995569 0.0649333 0.0680109 90.1354
0.0708063 -0.0193101 0.997302 17.7032 0.065474 0.997747 0.0146702 -0.866032 -0.995339 0.0642586 0.071911 90.2058
0.0746068 -0.0183395 0.997043 18.5215 0.063612 0.997882 0.013595 -0.860141 -0.995182 0.0624097 0.0756154 90.2795
0.0778159 -0.0140301 0.996868 19.3095 0.0613107 0.998076 0.00926117 -0.858386 -0.995081 0.060398 0.0785264 90.3322
0.0802184 -0.00891072 0.996737 20.142 0.0563463 0.998402 0.00439078 -0.856663 -0.995184 0.0558103 0.0805923 90.406
0.0801868 -0.00548227 0.996764 20.9746 0.0527634 0.998606 0.00124773 -0.85756 -0.995383 0.0524926 0.0803643 90.4796
0.0806221 -0.00560954 0.996728 21.8281 0.0516571 0.998664 0.00144205 -0.856361 -0.995405 0.0513719 0.0808042 90.5558
0.0792902 -0.00694573 0.996826 22.7193 0.0492005 0.998784 0.00304582 -0.86057 -0.995637 0.0488029 0.0795356 90.6689
0.0792273 -0.00836589 0.996821 23.5565 0.0510318 0.998688 0.00432554 -0.873373 -0.99555 0.0505268 0.0795503 90.7321
0.0807795 -0.00931677 0.996687 24.375 0.0491783 0.998776 0.00535048 -0.885845 -0.995518 0.0485833 0.0811388 90.7848
0.0823845 -0.0091741 0.996557 25.2055 0.0477392 0.998846 0.00524861 -0.895611 -0.995457 0.0471424 0.0827275 90.8397
0.083977 -0.00882514 0.996428 26.0352 0.0449023 0.998979 0.00506345 -0.905539 -0.995456 0.0443167 0.0842875 90.8959
0.0845351 -0.00781464 0.996389 26.8569 0.0426227 0.999083 0.00421959 -0.915897 -0.995509 0.0421121 0.0847907 90.9501
0.0833537 -0.00841204 0.996484 27.6795 0.0402726 0.999176 0.00506605 -0.924201 -0.995706 0.0397087 0.0836238 90.9998
0.0802581 -0.00970651 0.996726 28.513 0.0380804 0.999253 0.00666481 -0.927482 -0.996047 0.0374209 0.0805678 91.0644
0.0762894 -0.0117927 0.997015 29.3254 0.0368564 0.99928 0.00899932 -0.925337 -0.996404 0.0360599 0.0766691 91.1158
0.0711229 -0.0133229 0.997378 30.1412 0.0348297 0.999334 0.0108653 -0.9212 -0.996859 0.0339656 0.0715396 91.1649
0.0631097 -0.0125561 0.997927 30.9569 0.0347769 0.999341 0.0103746 -0.918939 -0.997401 0.0340501 0.0635049 91.2284
0.0546406 -0.0116359 0.998437 31.7442 0.035412 0.999326 0.00970833 -0.922096 -0.997878 0.0348262 0.0550158 91.2663
0.0456803 -0.011157 0.998893 32.5396 0.0357998 0.999314 0.00952449 -0.922347 -0.998315 0.0353251 0.0460484 91.2808
0.0362711 -0.0118513 0.999271 33.3477 0.0365802 0.999275 0.0105235 -0.921163 -0.998672 0.0361719 0.0366783 91.295
0.0261921 -0.0123636 0.999579 34.1398 0.0350901 0.999319 0.0114409 -0.920188 -0.999041 0.0347757 0.0266081 91.3097
0.016159 -0.0128688 0.999786 34.922 0.0369174 0.999243 0.0122652 -0.91792 -0.999188 0.0367113 0.0166218 91.3008
0.00422142 -0.0128907 0.999907 35.7163 0.0369244 0.999237 0.0127262 -0.923434 -0.999309 0.0368672 0.00469415 91.3274
-0.0067012 -0.0120695 0.999904 36.4986 0.0379286 0.999205 0.0123153 -0.921514 -0.999258 0.0380074 -0.00623814 91.3175
-0.0172195 -0.0113251 0.999787 37.256 0.0364426 0.999264 0.0119468 -0.931962 -0.999187 0.0366405 -0.0167941 91.3049
-0.0276929 -0.00976042 0.999568 38.0292 0.0373123 0.999245 0.010791 -0.925622 -0.99892 0.037595 -0.0273078 91.284
-0.0372303 -0.00879459 0.999267 38.789 0.039038 0.999185 0.0102483 -0.923622 -0.998544 0.039391 -0.0368567 91.2529
-0.0461716 -0.00799429 0.998901 39.5399 0.0412785 0.999099 0.00990386 -0.925264 -0.99808 0.0416904 -0.0458001 91.2008
-0.0545592 -0.00779818 0.998479 40.2836 0.0424869 0.999046 0.0101242 -0.927155 -0.997606 0.0429746 -0.0541759 91.1393
-0.0639437 -0.00810689 0.99792 41.0352 0.0437905 0.998981 0.0109215 -0.922404 -0.996992 0.0443978 -0.0635237 91.0968
-0.071763 -0.00912828 0.997379 41.7352 0.0460174 0.998863 0.0124529 -0.925177 -0.99636 0.0467905 -0.0712615 91.0257
-0.0783654 -0.0106211 0.996867 42.4533 0.0501371 0.998636 0.0145812 -0.920999 -0.995663 0.0511227 -0.0777261 90.9741
-0.0840265 -0.0120436 0.99639 43.1421 0.0536555 0.998422 0.016593 -0.916418 -0.995018 0.0548561 -0.0832478 90.925
-0.0887353 -0.012947 0.99597 43.8602 0.0559352 0.998273 0.0179604 -0.913779 -0.994484 0.0573035 -0.0878579 90.8945
-0.0934 -0.0131974 0.99554 44.5597 0.0544478 0.998348 0.0183428 -0.905389 -0.994139 0.0559182 -0.0925273 90.8934
-0.0967565 -0.0121936 0.995232 45.252 0.0551394 0.998324 0.0175921 -0.896434 -0.99378 0.0565787 -0.0959221 90.8778
-0.0973652 -0.0108067 0.995189 45.9371 0.0564314 0.998272 0.0163611 -0.891021 -0.993648 0.0577529 -0.0965873 90.8421
-0.0947634 -0.0087933 0.99546 46.6073 0.0576038 0.998237 0.0143014 -0.885906 -0.993832 0.0586976 -0.09409 90.7902
-0.0903532 -0.00802116 0.995876 47.2349 0.0573433 0.998267 0.013243 -0.884817 -0.994258 0.0583034 -0.0897368 90.7505
-0.0834787 -0.00733397 0.996482 47.8377 0.0559273 0.998362 0.012033 -0.888487 -0.994939 0.056735 -0.0829319 90.728
-0.0725892 -0.00695308 0.997337 48.4362 0.0555774 0.998394 0.0110055 -0.889809 -0.995812 0.0562283 -0.0720862 90.698
-0.059544 -0.00737762 0.998197 48.9994 0.054761 0.998443 0.010646 -0.902184 -0.996723 0.0552962 -0.0590473 90.6908
-0.0422895 -0.00588136 0.999087 49.56 0.0539501 0.99851 0.00816157 -0.907546 -0.997648 0.0542461 -0.0419093 90.6809
-0.0202847 -0.00312757 0.999788 50.1025 0.054094 0.998527 0.00422112 -0.912599 -0.99833 0.0541682 -0.0200857 90.6753
0.00365595 -0.00018178 0.999992 50.6374 0.0529149 0.998599 -1.19415e-05 -0.921311 -0.998593 0.0529145 0.00366045 90.7096
0.0310501 0.00140094 0.999516 51.1632 0.0517648 0.998655 -0.00300783 -0.931362 -0.998177 0.0518332 0.0309358 90.76
0.0642243 0.00127904 0.997934 51.6834 0.0503588 0.998721 -0.00452102 -0.934274 -0.996664 0.0505451 0.0640778 90.8158
0.102076 -0.000697545 0.994775 52.1931 0.0507449 0.998701 -0.00450676 -0.935551 -0.993482 0.0509398 0.101979 90.8911
0.144715 -0.00414198 0.989464 52.7165 0.0484109 0.998823 -0.00289921 -0.943944 -0.988289 0.0483204 0.144745 90.9881
0.190231 -0.00812804 0.981705 53.2106 0.0471002 0.99889 -0.000856604 -0.95484 -0.980609 0.0464015 0.190403 91.1034
0.239223 -0.0113209 0.970898 53.6992 0.0431227 0.999069 0.00102422 -0.964776 -0.970007 0.0416227 0.239489 91.2441
0.291385 -0.0127471 0.95652 54.185 0.0403582 0.999185 0.00102131 -0.974955 -0.955754 0.0383058 0.291662 91.4119
0.345906 -0.0132738 0.938174 54.6356 0.0403489 0.999185 -0.000739629 -0.986169 -0.937401 0.0381101 0.34616 91.6108
0.4034 -0.0127723 0.914933 55.0701 0.0424832 0.999086 -0.00478405 -1.00014 -0.914037 0.0407992 0.403575 91.8371
0.462525 -0.00995805 0.886549 55.4887 0.0439853 0.998963 -0.011727 -1.01781 -0.885515 0.0444192 0.462484 92.0914
0.519574 -0.00630239 0.854401 55.8655 0.0448106 0.998798 -0.0198825 -1.03497 -0.853249 0.0486167 0.519233 92.3895
0.576699 -0.000946612 0.816955 56.222 0.0407603 0.998787 -0.0276159 -1.03413 -0.815939 0.0492254 0.576039 92.7025
0.630878 0.00300071 0.775875 56.5637 0.0369228 0.998744 -0.0338852 -1.03384 -0.775003 0.0500249 0.629975 93.0542
0.681715 0.00494925 0.7316 56.8624 0.0350284 0.99861 -0.0393955 -1.03982 -0.730778 0.0524833 0.680595 93.42
0.731489 0.00237498 0.681848 57.1687 0.0347264 0.998567 -0.0407328 -1.06829 -0.680968 0.0534737 0.730359 93.7732
0.776241 -0.000846051 0.630435 57.4499 0.0317631 0.998782 -0.0377689 -1.08975 -0.629635 0.0493423 0.775323 94.181
0.816907 -0.00548725 0.576741 57.6692 0.0303843 0.998976 -0.0335325 -1.11079 -0.575967 0.0449168 0.816239 94.5794
0.853306 -0.00811697 0.521345 57.8965 0.027513 0.999187 -0.0294751 -1.13184 -0.520682 0.039495 0.852837 95.0109
0.883151 -0.0118575 0.468936 58.0567 0.0262765 0.999361 -0.024217 -1.15409 -0.46835 0.0337093 0.8829 95.4397
0.908391 -0.010823 0.417979 58.2176 0.0214977 0.999552 -0.0208389 -1.17153 -0.417566 0.0279155 0.908218 95.8953
0.927993 -0.00777912 0.372514 58.3487 0.0163455 0.99967 -0.0198435 -1.18469 -0.372236 0.0245035 0.927815 96.355
0.943042 -0.00141252 0.332668 58.4658 0.00822597 0.999784 -0.0190738 -1.19498 -0.332569 0.0207239 0.942852 96.8279
0.954456 0.00328092 0.298331 58.56 0.00327312 0.999764 -0.0214669 -1.20674 -0.298331 0.0214657 0.954221 97.2827
0.96399 0.00519126 0.265883 58.688 0.000970913 0.999734 -0.0230397 -1.21021 -0.265932 0.0224681 0.96373 97.7811
0.969739 -9.34293e-05 0.24414 58.7963 0.00617051 0.99969 -0.0241271 -1.22252 -0.244063 0.0249035 0.96944 98.2612
0.973405 -0.00251037 0.229073 58.896 0.00837232 0.999662 -0.0246217 -1.23867 -0.228934 0.0258847 0.973098 98.7366
0.976361 0.00105854 0.216141 58.9935 0.00443088 0.99968 -0.0249113 -1.25535 -0.216098 0.0252801 0.976045 99.2493
0.978618 0.00627197 0.205586 59.0933 -0.00115403 0.999687 -0.025005 -1.26698 -0.205679 0.0242331 0.97832 99.7674
0.979705 0.0137748 0.199967 59.1772 -0.00871595 0.99962 -0.0261572 -1.2841 -0.200252 0.0238834 0.979454 100.282
0.980211 0.0170479 0.197217 59.2698 -0.0112118 0.999467 -0.0306713 -1.28528 -0.197635 0.0278532 0.97988 100.795
0.980296 0.0180933 0.196697 59.3724 -0.0116427 0.999358 -0.033902 -1.30234 -0.197185 0.0309439 0.979878 101.332
0.980208 0.0161364 0.197305 59.5124 -0.0087936 0.999238 -0.0380351 -1.323 -0.197769 0.0355473 0.979604 101.865
0.979522 0.0141098 0.200839 59.6402 -0.00518473 0.998979 -0.0448957 -1.33942 -0.201268 0.042935 0.978595 102.423
0.978991 0.0137086 0.203437 59.786 -0.00358524 0.998741 -0.0500473 -1.35551 -0.203867 0.0482665 0.977809 102.992
0.977915 0.0192593 0.208107 59.8898 -0.00914343 0.998734 -0.0494622 -1.38652 -0.208797 0.0464671 0.976855 103.55
0.976438 0.0219963 0.214669 60.0003 -0.0126213 0.99891 -0.0449454 -1.42227 -0.215424 0.041177 0.975652 104.174
0.975827 0.0183966 0.217766 60.1646 -0.00952292 0.999084 -0.0417285 -1.43835 -0.218334 0.038646 0.975109 104.791
0.975461 0.0134219 0.219758 60.3348 -0.00529546 0.999282 -0.0375265 -1.45473 -0.220104 0.035442 0.974833 105.415
0.974599 0.0112382 0.223673 60.4774 -0.00387618 0.999437 -0.0333264 -1.47915 -0.223922 0.0316129 0.974095 106.043
0.973763 0.00679594 0.227457 60.618 0.000670199 0.999464 -0.0327312 -1.50597 -0.227558 0.0320249 0.973238 106.663
0.973684 0.0030335 0.227879 60.7753 0.00537926 0.999327 -0.0362875 -1.53369 -0.227836 0.0365584 0.973013 107.314
0.973667 0.00223106 0.22796 60.9206 0.00768424 0.999063 -0.042599 -1.57184 -0.227842 0.043229 0.972739 107.955
0.973679 0.00593247 0.227844 61.0592 0.00574084 0.998706 -0.050537 -1.58526 -0.227849 0.0505149 0.972386 108.619
0.974334 0.0101499 0.224873 61.2212 0.00242365 0.998452 -0.0555678 -1.59965 -0.225089 0.0546866 0.972803 109.314
0.974715 0.00915995 0.223262 61.3574 0.00242005 0.998668 -0.0515388 -1.63602 -0.223436 0.0507759 0.973395 109.998
0.975058 0.0046775 0.221897 61.5215 0.00541943 0.998978 -0.0448722 -1.66723 -0.22188 0.0449556 0.974037 110.724
0.975996 0.00513367 0.217723 61.6935 0.00342032 0.999238 -0.0388935 -1.71352 -0.217756 0.0387046 0.975236 111.435
0.976533 0.00889085 0.215181 61.858 -0.000365639 0.999215 -0.0396263 -1.75233 -0.215365 0.0386177 0.97577 112.167
0.977004 0.0151784 0.212677 62.0126 -0.00586592 0.998999 -0.0443501 -1.78838 -0.213137 0.0420827 0.976116 112.906
0.977908 0.016453 0.208384 62.172 -0.00635756 0.998778 -0.0490238 -1.82588 -0.208936 0.046616 0.976818 113.66
0.978738 0.0149227 0.204566 62.3277 -0.00434819 0.998636 -0.052045 -1.86671 -0.205064 0.050049 0.977468 114.419
0.979576 0.014589 0.20054 62.491 -0.00444905 0.998693 -0.0509213 -1.90481 -0.201021 0.0489891 0.978362 115.199
0.980388 0.0107699 0.19678 62.6541 -0.000957655 0.998755 -0.0498915 -1.94677 -0.197073 0.0487246 0.979178 115.994
0.98082 0.00806029 0.194743 62.8257 0.00118776 0.998879 -0.0473252 -1.97618 -0.194906 0.0466489 0.979712 116.805
0.981081 0.00450786 0.19354 62.9846 0.0043626 0.99896 -0.0453822 -2.02007 -0.193543 0.045368 0.980043 117.6
0.981147 -0.000363672 0.193261 63.1462 0.00908616 0.99898 -0.0442489 -2.06427 -0.193047 0.0451707 0.980149 118.394
0.981345 0.000275246 0.192251 63.3151 0.00812901 0.999046 -0.0429249 -2.1057 -0.192079 0.043687 0.980407 119.188
0.981117 0.00622226 0.193309 63.4548 0.0024762 0.998997 -0.0447235 -2.15432 -0.193394 0.0443577 0.980118 120.046
0.980802 0.0124738 0.194603 63.5965 -0.00324829 0.998859 -0.0476541 -2.20518 -0.194975 0.0461072 0.979724 120.912
0.980459 0.0218919 0.1955 63.747 -0.0125265 0.99872 -0.0490136 -2.25228 -0.196323 0.0456069 0.979478 121.753
0.979732 0.0280994 0.19833 63.9075 -0.0188387 0.998649 -0.0484275 -2.30216 -0.199423 0.0437097 0.978938 122.582
0.97852 0.0316443 0.203704 64.0271 -0.0223735 0.998614 -0.0476547 -2.33959 -0.20493 0.0420736 0.977872 123.492
0.978677 0.031171 0.203022 64.2703 -0.0216876 0.998575 -0.0487704 -2.38451 -0.204253 0.0433275 0.977959 124.23
0.978626 0.0285015 0.20366 64.4539 -0.0183005 0.99849 -0.0517981 -2.42693 -0.204829 0.0469639 0.977671 125.112
0.979 0.0223879 0.202624 64.6852 -0.0123153 0.998631 -0.050836 -2.47568 -0.203485 0.047273 0.977936 125.895
0.978724 0.015101 0.20462 64.847 -0.00458654 0.998649 -0.0517627 -2.54271 -0.205125 0.0497229 0.977472 126.752
0.978152 0.014837 0.207357 65.0105 -0.00426317 0.998672 -0.0513473 -2.60022 -0.207844 0.0493415 0.976917 127.648
0.978036 0.0177516 0.207674 65.2029 -0.00758541 0.998738 -0.0496469 -2.63495 -0.208294 0.0469812 0.976938 128.518
0.977753 0.0197738 0.208819 65.3755 -0.0107322 0.998959 -0.0443437 -2.6833 -0.209478 0.0411161 0.976949 129.348
0.977464 0.0247008 0.209648 65.5488 -0.0164963 0.999032 -0.0407942 -2.72888 -0.210453 0.0364164 0.976926 130.178
0.977325 0.0238876 0.21039 65.734 -0.0142144 0.998777 -0.0473706 -2.78088 -0.211264 0.0433059 0.97647 131.037
0.97732 0.019706 0.210844 65.9126 -0.00683089 0.998077 -0.0616199 -2.83777 -0.211653 0.0587821 0.975576 131.873
0.977511 0.0166981 0.210219 66.0996 -0.00200947 0.997553 -0.0698938 -2.8962 -0.210872 0.0678995 0.975153 132.701
0.977911 0.0137518 0.208563 66.2867 -0.000882707 0.998096 -0.061672 -2.94421 -0.209014 0.0601257 0.976063 133.509
0.978242 0.0086271 0.207283 66.4697 -0.000160185 0.999167 -0.0408294 -3.00351 -0.207462 0.0399078 0.977429 134.379
0.978533 0.00535766 0.206017 66.6495 1.61575e-05 0.99966 -0.0260739 -3.05511 -0.206087 0.0255175 0.978201 135.214
0.978666 0.00983802 0.205218 66.8108 -0.00328296 0.999475 -0.032258 -3.09395 -0.205428 0.0308961 0.978185 136.049
0.979067 0.0174311 0.202786 66.9765 -0.007959 0.998843 -0.0474319 -3.13968 -0.203379 0.0448251 0.978074 136.869
0.978856 0.0159317 0.203925 67.1116 -0.00439627 0.998371 -0.0568955 -3.16278 -0.204499 0.054796 0.977332 137.694
0.979589 0.0116513 0.200668 67.2931 4.79051e-05 0.998305 -0.058198 -3.21671 -0.201006 0.0570198 0.97793 138.495
0.980051 0.0110179 0.198435 67.4494 0.000438477 0.99834 -0.0575976 -3.27128 -0.19874 0.0565356 0.978421 139.32
0.980662 0.011243 0.195382 67.5913 0.000439943 0.99822 -0.0596497 -3.31272 -0.195705 0.0585821 0.978912 140.143
0.98186 0.0114012 0.18926 67.7551 0.000305237 0.998095 -0.0617097 -3.36886 -0.189603 0.0606481 0.979986 140.927
0.982117 0.0165255 0.187538 67.8794 -0.00411987 0.997789 -0.0663477 -3.38319 -0.18822 0.0643886 0.980014 141.718
0.982384 0.0220715 0.18556 68.0175 -0.00966551 0.997673 -0.067498 -3.43761 -0.186618 0.0645155 0.980312 142.537
0.982756 0.0237097 0.183374 68.1609 -0.0117228 0.997739 -0.0661786 -3.49609 -0.184529 0.0628878 0.980813 143.333
0.983123 0.0213319 0.181693 68.3102 -0.0102109 0.998029 -0.0619245 -3.56151 -0.182656 0.0590242 0.981404 144.143
0.983601 0.0200783 0.179233 68.4633 -0.00913397 0.998055 -0.0616799 -3.62687 -0.180123 0.0590313 0.981872 144.955
0.984168 0.0184221 0.176276 68.6082 -0.00719889 0.997918 -0.0640977 -3.69378 -0.17709 0.0618139 0.982252 145.762
0.985297 0.0119911 0.170423 68.7606 -0.000436225 0.997708 -0.0676775 -3.75825 -0.170843 0.0666081 0.983045 146.55
0.986488 0.0112916 0.163442 68.8965 0.000165403 0.997553 -0.0699158 -3.79391 -0.163831 0.0689981 0.984073 147.34
0.987746 0.00860171 0.155827 69.0377 0.00167691 0.997838 -0.0657107 -3.84503 -0.156055 0.0651668 0.985597 148.136
0.988983 0.00615534 0.147893 69.1844 0.00243288 0.998325 -0.0578197 -3.89803 -0.148001 0.0575425 0.987312 148.95
0.98955 0.00349207 0.14414 69.2992 0.00371702 0.998757 -0.0497149 -3.94243 -0.144135 0.0497312 0.988308 149.757
0.990008 0.0102953 0.140629 69.3899 -0.00358279 0.998846 -0.0479021 -3.99248 -0.140959 0.0469196 0.988903 150.598
0.990501 0.0135839 0.136825 69.4641 -0.00642282 0.998593 -0.0526439 -4.04559 -0.137347 0.051265 0.989196 151.43
0.991216 0.0145131 0.131453 69.5343 -0.00628991 0.998009 -0.062757 -4.10275 -0.132102 0.0613789 0.989334 152.219
0.991945 0.0111132 0.126173 69.614 -0.00248362 0.997659 -0.0683472 -4.15665 -0.126638 0.0674834 0.989651 153.036
0.992741 0.00959964 0.119886 69.6955 -0.00145528 0.997696 -0.0678377 -4.21094 -0.120261 0.0671708 0.990468 153.84
0.993922 0.0166895 0.108804 69.8187 -0.00963716 0.997838 -0.0650241 -4.27319 -0.109654 0.0635804 0.991935 154.636
0.994754 0.022517 0.0997853 69.9019 -0.015862 0.997628 -0.0669918 -4.33612 -0.101057 0.0650576 0.992752 155.485
0.995865 0.0246176 0.0874384 69.9935 -0.0182557 0.997178 -0.0728281 -4.3995 -0.0889845 0.0709307 0.993505 156.281
0.996606 0.0233262 0.0789393 70.0556 -0.0174207 0.997055 -0.0746895 -4.47234 -0.080449 0.0730609 0.994078 157.134
0.997207 0.0231801 0.0709925 70.1053 -0.0180569 0.997243 -0.0719756 -4.53876 -0.0724651 0.0704927 0.994877 157.961
0.997542 0.0264425 0.0648869 70.1228 -0.0221037 0.997529 -0.066698 -4.59037 -0.0664901 0.0650998 0.995661 158.792
0.997914 0.0304758 0.0569 70.1544 -0.0269634 0.997743 -0.0615093 -4.64944 -0.058646 0.0598468 0.996484 159.628
0.998318 0.0297521 0.0497551 70.1846 -0.0267991 0.997899 -0.0590007 -4.70291 -0.0514059 0.0575681 0.997018 160.459
0.998624 0.0298078 0.0431248 70.2219 -0.0272849 0.997947 -0.0579536 -4.74973 -0.0447636 0.0566972 0.997388 161.295
0.998823 0.0294068 0.0385692 70.2533 -0.0270328 0.997791 -0.0606911 -4.80578 -0.0402686 0.0595771 0.997412 162.115
0.998894 0.0331558 0.0333234 70.277 -0.0309124 0.99736 -0.0657209 -4.86682 -0.0354143 0.0646181 0.997282 162.95
0.998803 0.0391563 0.0292977 70.2943 -0.036948 0.996687 -0.0724571 -4.93485 -0.0320378 0.0712879 0.996942 163.771
0.998878 0.0395824 0.0259552 70.3097 -0.0375674 0.996551 -0.0739975 -5.00256 -0.0287946 0.0729395 0.996921 164.605
0.998868 0.0412199 0.0236973 70.3158 -0.0395029 0.996845 -0.0688546 -5.05585 -0.0264606 0.0678406 0.997346 165.435
0.998852 0.0433806 0.0202788 70.3372 -0.0421186 0.99737 -0.0589886 -5.11494 -0.0227843 0.0580668 0.998053 166.279
0.998888 0.0442719 0.016162 70.3542 -0.0433761 0.997699 -0.0521105 -5.17156 -0.0184318 0.0513516 0.998511 167.104
0.999121 0.0401909 0.0118285 70.3499 -0.0394696 0.997654 -0.0559417 -5.22682 -0.014049 0.0554258 0.998364 167.934
0.999633 0.0262669 0.00655849 70.369 -0.0257807 0.997512 -0.0656144 -5.28537 -0.00826558 0.0654213 0.997824 168.731
0.999715 0.0238257 -0.000416454 70.3645 -0.0237964 0.997258 -0.0700743 -5.3403 -0.00125417 0.0700643 0.997542 169.548
0.999608 0.0273515 -0.0059285 70.3391 -0.0276982 0.997189 -0.0696223 -5.39588 0.00400765 0.0697592 0.997556 170.363
0.999579 0.0259431 -0.0129289 70.3057 -0.0267281 0.997542 -0.0647786 -5.4426 0.0112167 0.0650969 0.997816 171.205
0.999576 0.0198833 -0.0212528 70.3161 -0.0211627 0.997866 -0.0617723 -5.4946 0.0199793 0.0621959 0.997864 172.011
0.999609 0.0108403 -0.0257368 70.2947 -0.0123097 0.998262 -0.0576377 -5.55679 0.0250674 0.057932 0.998006 172.825
0.999488 0.00737874 -0.0311128 70.2516 -0.00917307 0.998279 -0.0579286 -5.62039 0.0306319 0.0581844 0.997836 173.684
0.999327 0.0039688 -0.0364537 70.2003 -0.00632451 0.997883 -0.0647352 -5.68906 0.0361197 0.0649222 0.997237 174.55
0.999056 -0.00410912 -0.0432147 70.166 0.00087865 0.99722 -0.0745085 -5.76243 0.0434009 0.0744003 0.996284 175.367
0.998562 -0.016655 -0.0509382 70.1694 0.0126294 0.996846 -0.0783549 -5.82012 0.0520827 0.077599 0.995624 176.17
0.998221 -0.0132845 -0.0581128 70.1001 0.00913389 0.997427 -0.0711139 -5.88883 0.0589081 0.0704566 0.995774 177.06
0.997873 -0.00637526 -0.0648541 70.0244 0.00263179 0.998334 -0.0576437 -5.9487 0.0651137 0.0573505 0.996229 177.934
0.997616 -0.000990218 -0.0689861 69.9518 -0.00254761 0.998687 -0.0511761 -6.00684 0.0689464 0.0512299 0.996305 178.774
0.997357 -0.00244436 -0.0726001 69.8884 -0.00147644 0.998546 -0.0539025 -6.06802 0.0726264 0.0538673 0.995904 179.61
0.997204 -0.00172028 -0.074697 69.8141 -0.0031407 0.997887 -0.0649096 -6.12092 0.074651 0.0649627 0.995092 180.449
0.996841 0.00807677 -0.0790019 69.7353 -0.0139387 0.997166 -0.0739324 -6.18063 0.078181 0.0748001 0.99413 181.307
0.996648 0.00607353 -0.0815713 69.6587 -0.0124536 0.996881 -0.0779353 -6.2443 0.0808437 0.07869 0.993616 182.154
0.996579 8.59104e-05 -0.0826313 69.5927 -0.00621108 0.997249 -0.0738721 -6.31024 0.0823978 0.0741327 0.993839 182.986
0.996445 0.000192677 -0.0842373 69.5437 -0.00571713 0.997847 -0.0653456 -6.37512 0.0840435 0.0655949 0.994301 183.831
0.996507 0.00163206 -0.0834824 69.4579 -0.00667899 0.998164 -0.0602112 -6.4406 0.083231 0.0605586 0.994689 184.684
0.996411 0.0016856 -0.084619 69.3723 -0.0068714 0.998113 -0.0610301 -6.50717 0.0843566 0.0613926 0.994543 185.54
0.996245 -0.000823349 -0.0865627 69.3007 -0.00526148 0.997531 -0.070042 -6.57941 0.0864068 0.0702346 0.993782 186.382
0.995994 -0.0115517 -0.0886553 69.2369 0.00435966 0.996714 -0.0808925 -6.65613 0.0892985 0.080182 0.992773 187.226
0.99559 -0.022409 -0.0910838 69.1822 0.0147024 0.996323 -0.0844166 -6.73507 0.0926407 0.0827053 0.992259 188.075
0.995347 -0.0207154 -0.0940897 69.0945 0.0132027 0.996726 -0.0797778 -6.81258 0.0954344 0.0781645 0.992363 188.983
0.99518 -0.0148572 -0.0969253 69.0269 0.00805464 0.997501 -0.0702013 -6.88004 0.0977262 0.0690823 0.992813 189.83
0.994904 -0.0142837 -0.0997965 68.9573 0.00754269 0.997684 -0.067601 -6.94628 0.100531 0.0665039 0.992709 190.676
0.994712 -0.0162727 -0.101394 68.8874 0.00899251 0.997375 -0.0718491 -7.01276 0.102297 0.0705574 0.992249 191.516
0.994676 -0.0162421 -0.101753 68.8071 0.00838457 0.996983 -0.0771785 -7.08961 0.1027 0.0759145 0.991812 192.353
0.994503 -0.0104551 -0.104173 68.7106 0.00241779 0.99703 -0.0769831 -7.16315 0.104669 0.0763082 0.991576 193.201
0.994249 -0.00864683 -0.106734 68.6239 0.000693614 0.997234 -0.0743277 -7.23546 0.107081 0.0738263 0.991506 194.033
0.994103 -0.0047237 -0.108331 68.5274 -0.00299976 0.997471 -0.0710211 -7.30932 0.108393 0.0709273 0.991575 194.871
0.994052 -0.00113317 -0.108889 68.4316 -0.00637466 0.997626 -0.0685761 -7.37974 0.108709 0.0688624 0.991686 195.706
0.993886 0.0019434 -0.11039 68.3426 -0.00961673 0.997569 -0.0690211 -7.44695 0.109988 0.0696608 0.991489 196.529
0.993947 -0.0055452 -0.109715 68.2508 -0.00266971 0.997212 -0.0745865 -7.50168 0.109823 0.0744279 0.991161 197.321
0.99375 -0.00396557 -0.111554 68.1562 -0.00507276 0.996732 -0.0806213 -7.56448 0.11151 0.0806833 0.990483 198.141
0.993568 -0.00206082 -0.113209 68.0675 -0.00708927 0.996741 -0.0803628 -7.63341 0.113006 0.0806485 0.990316 198.929
