1 0 0 0 0 1 0 0 0 0 1 0
0.999989 0.0028295 0.00362609 -0.085986 -0.00282395 0.999995 -0.00153286 0.0272821 -0.00363041 0.00152261 0.999992 1.37776
0.99999 0.00219464 0.00395238 -0.105247 -0.00218997 0.999997 -0.00118698 -8.97236e-06 -0.00395497 0.00117831 0.999991 2.71811
0.999987 0.000711239 0.00504689 -0.121111 -0.000700615 0.999998 -0.00210654 -0.0277855 -0.00504837 0.00210298 0.999985 4.05722
0.999986 0.00078876 0.00530828 -0.120131 -0.000779384 0.999998 -0.0017682 -0.0534689 -0.00530966 0.00176404 0.999984 5.42214
0.999983 2.92257e-05 0.00587913 -0.123868 -2.15909e-05 0.999999 -0.00129871 -0.0748236 -0.00587917 0.00129856 0.999982 6.77191
0.999976 -0.00149692 0.00672138 -0.119261 0.00149804 0.999999 -0.000161248 -0.0954176 -0.00672113 0.000171314 0.999977 8.13534
0.999978 -0.000870491 0.00650065 -0.105168 0.000868927 1 0.000243393 -0.113521 -0.00650086 -0.000237739 0.999979 9.53355
0.999979 4.26902e-05 0.00651008 -0.11007 -3.34524e-05 0.999999 -0.00141909 -0.137759 -0.00651014 0.00141884 0.999978 10.9004
0.999976 0.00219556 0.00653481 -0.0942865 -0.00217468 0.999993 -0.00320069 -0.164105 -0.00654179 0.0031864 0.999973 12.3034
0.999947 0.00588535 0.00849995 -0.137317 -0.00585318 0.999976 -0.00380415 -0.194125 -0.00852213 0.00375419 0.999957 13.6362
0.99991 0.0082132 0.0105967 -0.178704 -0.00817356 0.99996 -0.00377873 -0.222225 -0.0106273 0.00369178 0.999937 14.9787
0.999876 0.00926502 0.0127076 -0.210992 -0.00922713 0.999953 -0.00303734 -0.247053 -0.0127351 0.00291971 0.999915 16.3299
0.999845 0.00681861 0.0162037 -0.257879 -0.00681969 0.999977 1.17516e-05 -0.273311 -0.0162033 -0.000122253 0.999869 17.6821
0.999817 0.0025376 0.0189362 -0.28901 -0.00257267 0.999995 0.00182762 -0.296456 -0.0189314 -0.001876 0.999819 19.0507
0.999794 0.000492509 0.0203108 -0.291022 -0.000484044 1 -0.000421562 -0.318235 -0.020311 0.000411644 0.999794 20.4311
0.999756 -0.000553142 0.0220773 -0.302827 0.000610385 0.999997 -0.00258607 -0.339365 -0.0220758 0.00259892 0.999753 21.784
0.999722 0.00139375 0.023516 -0.293678 -0.00129437 0.99999 -0.00424046 -0.365136 -0.0235217 0.00420885 0.999715 23.1879
0.999622 0.00417767 0.0271874 -0.324245 -0.00411769 0.999989 -0.0022616 -0.391882 -0.0271965 0.0021488 0.999628 24.5437
0.999644 0.00421451 0.0263518 -0.248258 -0.00425219 0.99999 0.00137372 -0.420026 -0.0263458 -0.00148528 0.999652 26.0001
0.999605 0.00158696 0.0280504 -0.240584 -0.00167875 0.999994 0.00324905 -0.439035 -0.028045 -0.00329486 0.999601 27.377
0.999573 -0.0017377 0.0291655 -0.223248 0.00168632 0.999997 0.00178631 -0.461429 -0.0291685 -0.00173636 0.999573 28.7649
0.99954 -0.00263736 0.0302162 -0.206715 0.00265315 0.999997 -0.000482364 -0.486237 -0.0302148 0.00056231 0.999543 30.1508
0.999468 -0.00285846 0.0324963 -0.204784 0.00294784 0.999992 -0.00270273 -0.513751 -0.0324883 0.00279708 0.999468 31.5272
0.999401 6.68745e-06 0.0346034 -0.200831 0.000113685 0.999994 -0.00347657 -0.539912 -0.0346032 0.00347843 0.999395 32.9168
0.999366 0.00139072 0.0355786 -0.167723 -0.001196 0.999985 -0.00549376 -0.567668 -0.0355857 0.00544772 0.999352 34.3217
0.999362 0.00176805 0.0356821 -0.119081 -0.00157703 0.999985 -0.00538086 -0.59027 -0.0356911 0.00532115 0.999349 35.7499
0.999341 0.00271515 0.036186 -0.0818602 -0.00254182 0.999985 -0.00483515 -0.609049 -0.0361985 0.00473998 0.999334 37.1744
0.999343 0.00409822 0.0360153 -0.0406138 -0.00396615 0.999985 -0.00373767 -0.630149 -0.03603 0.00359237 0.999344 38.6116
0.999307 0.00672279 0.0366133 7.13989e-05 -0.00657956 0.999971 -0.00403092 -0.650907 -0.0366394 0.00378723 0.999322 40.0571
0.999255 0.00977324 0.0373418 0.0419284 -0.00959162 0.999942 -0.00503966 -0.673343 -0.0373888 0.00467774 0.99929 41.5021
0.999208 0.0123616 0.0378164 0.0844496 -0.012173 0.999913 -0.00521395 -0.695918 -0.0378776 0.00474949 0.999271 42.9469
0.999164 0.0138042 0.0384907 0.127892 -0.0135957 0.999892 -0.00567486 -0.719226 -0.0385649 0.00514681 0.999243 44.3918
0.99916 0.0128141 0.0389219 0.173545 -0.0125869 0.999903 -0.0060756 -0.744081 -0.0389959 0.00558059 0.999224 45.8474
0.999186 0.0116978 0.0386057 0.218678 -0.0114582 0.999914 -0.00642161 -0.769425 -0.0386775 0.00597403 0.999234 47.303
0.999202 0.011632 0.0382041 0.257079 -0.0113862 0.999913 -0.00664431 -0.798423 -0.0382781 0.00620401 0.999248 48.7349
0.999231 0.0123887 0.0372102 0.312778 -0.0121622 0.999906 -0.0063077 -0.820724 -0.0372848 0.00585029 0.999288 50.2226
0.999243 0.0126512 0.0367821 0.353983 -0.0123979 0.999898 -0.0071068 -0.851654 -0.0368683 0.0066454 0.999298 51.6649
0.999277 0.0131437 0.035686 0.401585 -0.012891 0.999891 -0.00730324 -0.879576 -0.0357781 0.00683792 0.999337 53.1359
0.999293 0.0137386 0.0350032 0.444168 -0.0135118 0.999887 -0.00670614 -0.909695 -0.0350914 0.00622843 0.999365 54.5876
0.999307 0.0126769 0.0349955 0.486988 -0.0124643 0.999903 -0.00628565 -0.936053 -0.0350718 0.00584511 0.999368 56.0462
0.999293 0.0116186 0.0357486 0.515276 -0.0113906 0.999914 -0.00657441 -0.960197 -0.0358219 0.00616256 0.999339 57.4884
0.999311 0.00930562 0.035936 0.560851 -0.00903592 0.99993 -0.00766008 -0.986804 -0.0360047 0.00733009 0.999325 58.9613
0.999238 0.00899758 0.0379799 0.57506 -0.00866418 0.999923 -0.00893382 -1.00476 -0.0380574 0.00859795 0.999239 60.4111
0.999151 0.00892281 0.0402185 0.601009 -0.00854066 0.999917 -0.00966386 -1.02492 -0.0403014 0.00931216 0.999144 61.8605
0.999133 0.00839542 0.0407676 0.659532 -0.00796577 0.999912 -0.0106901 -1.04186 -0.0408537 0.0103561 0.999112 63.3429
0.999126 0.00717916 0.04119 0.724392 -0.00669024 0.999906 -0.0119956 -1.07434 -0.0412723 0.0117095 0.99908 64.8136
0.999127 0.00581213 0.0413686 0.786694 -0.00525291 0.999894 -0.0136138 -1.11124 -0.0414434 0.0133846 0.999051 66.2789
0.999072 0.00651494 0.0425774 0.839103 -0.0059116 0.999881 -0.014281 -1.15385 -0.0426654 0.0140161 0.998991 67.7214
0.999014 0.00765905 0.0437359 0.895089 -0.00701861 0.999867 -0.014778 -1.19743 -0.0438432 0.0144565 0.998934 69.1793
0.998878 0.0112239 0.0460047 0.931676 -0.0106067 0.999851 -0.0136385 -1.24626 -0.0461509 0.0131352 0.998848 70.596
0.998738 0.0139999 0.0482331 0.971337 -0.0134349 0.999838 -0.0120178 -1.29253 -0.0483935 0.0113546 0.998764 72.0129
0.99856 0.0179638 0.050541 1.01294 -0.0173855 0.999779 -0.0118592 -1.34005 -0.0507429 0.0109635 0.998652 73.4304
0.99839 0.0224065 0.0521055 1.05913 -0.0217869 0.999686 -0.0124287 -1.37627 -0.0523676 0.0112735 0.998564 74.8911
0.998218 0.0256907 0.0538588 1.10773 -0.0250023 0.999598 -0.0134178 -1.41492 -0.0541819 0.0120473 0.998459 76.3402
0.998128 0.0278529 0.0544556 1.17772 -0.0271293 0.999535 -0.013982 -1.45577 -0.0548196 0.0124785 0.998419 77.7964
0.998075 0.0286281 0.0550218 1.24546 -0.027897 0.999513 -0.0140114 -1.4972 -0.0553961 0.0124495 0.998387 79.246
0.99805 0.0280147 0.0557707 1.3139 -0.0272344 0.999521 -0.0147037 -1.54043 -0.0561559 0.0131562 0.998336 80.6623
0.998029 0.0270174 0.0566392 1.38302 -0.0261389 0.999528 -0.016196 -1.58675 -0.05705 0.0146836 0.998264 82.0775
0.998031 0.0268065 0.0566951 1.45227 -0.0259068 0.999528 -0.0165459 -1.63331 -0.0571119 0.0150446 0.998255 83.4925
0.998029 0.0263171 0.056973 1.522 -0.0254239 0.999544 -0.0163469 -1.67953 -0.0573772 0.0148662 0.998242 84.9077
0.998049 0.0254463 0.0570205 1.59189 -0.0245449 0.999564 -0.0164535 -1.72563 -0.0574143 0.0150218 0.998238 86.3231
0.998035 0.025985 0.0570188 1.66173 -0.0250836 0.99955 -0.016467 -1.77183 -0.0574211 0.0150044 0.998238 87.7383
0.998106 0.0246444 0.0563713 1.72648 -0.023797 0.999595 -0.0156541 -1.8169 -0.0567342 0.014283 0.998287 89.1681
0.998155 0.0231115 0.0561539 1.79098 -0.0222795 0.999634 -0.0153973 -1.86167 -0.0564891 0.0141178 0.998304 90.5979
0.998233 0.0206537 0.0557066 1.8549 -0.0198478 0.999691 -0.0149818 -1.90584 -0.0559988 0.0138497 0.998335 92.0276
0.998283 0.017481 0.0559043 1.92569 -0.0166534 0.999746 -0.0152342 -1.95135 -0.0561563 0.0142771 0.99832 93.4388
0.998297 0.0166946 0.0558867 1.99614 -0.0158229 0.999747 -0.0160036 -1.99887 -0.0561397 0.015092 0.998309 94.8463
0.99832 0.0154685 0.0558297 2.06785 -0.0145524 0.999754 -0.0167797 -2.04186 -0.0560755 0.015939 0.9983 96.2761
0.998307 0.016558 0.0557506 2.14412 -0.0156013 0.999725 -0.0175523 -2.0884 -0.0560258 0.0166528 0.998291 97.6884
0.998221 0.0158158 0.0574891 2.18967 -0.0148042 0.999729 -0.0179801 -2.14127 -0.0577578 0.017097 0.998185 99.0321
0.998174 0.0172153 0.0578895 2.26095 -0.0161614 0.999696 -0.0186238 -2.1937 -0.0581925 0.0176542 0.99815 100.475
0.998052 0.0185788 0.0595526 2.32405 -0.0175211 0.999681 -0.018235 -2.2461 -0.0598723 0.017156 0.998059 101.85
0.997988 0.0191382 0.0604435 2.39496 -0.0181498 0.999694 -0.0168589 -2.29597 -0.0607475 0.015728 0.99803 103.223
0.997974 0.0191894 0.0606638 2.46701 -0.0182551 0.999707 -0.0159193 -2.34232 -0.0609515 0.0147796 0.998032 104.597
0.997978 0.0174389 0.0611209 2.54756 -0.0163932 0.999712 -0.0175685 -2.38433 -0.0614096 0.016531 0.997976 105.947
0.997974 0.0171996 0.0612487 2.62828 -0.0159965 0.999671 -0.0200789 -2.43167 -0.0615739 0.0190585 0.997921 107.319
0.997978 0.0162831 0.0614427 2.7056 -0.0149942 0.999659 -0.0213808 -2.48154 -0.0617699 0.0204162 0.997882 108.674
0.997966 0.0141628 0.0621572 2.78099 -0.0129155 0.999708 -0.0204228 -2.53235 -0.0624283 0.0195784 0.997858 110.029
0.997919 0.0118155 0.0633829 2.85757 -0.0106556 0.999771 -0.0186074 -2.58196 -0.0635882 0.0178933 0.997816 111.391
0.997876 0.0102726 0.0643196 2.94288 -0.00912202 0.999794 -0.0181564 -2.62672 -0.0644928 0.0175311 0.997764 112.765
0.997788 0.0089678 0.0658572 3.01827 -0.00765762 0.999769 -0.0201197 -2.67363 -0.0660224 0.0195709 0.997626 114.105
0.997682 0.0111352 0.0671292 3.095 -0.009631 0.999697 -0.022689 -2.7247 -0.0673614 0.0219899 0.997486 115.445
0.997513 0.0133093 0.0692073 3.16588 -0.0115922 0.999617 -0.0251545 -2.7755 -0.0695155 0.0242897 0.997285 116.793
0.997306 0.0163978 0.0714967 3.23985 -0.0146021 0.999567 -0.0255665 -2.82685 -0.0718849 0.0244536 0.997113 118.141
0.997151 0.0181214 0.0732131 3.33162 -0.0163844 0.999572 -0.0242567 -2.87571 -0.0736213 0.0229881 0.997021 119.541
0.997011 0.0183531 0.0750507 3.41296 -0.0167023 0.999606 -0.0225644 -2.92683 -0.0754353 0.0212434 0.996925 120.88
0.996942 0.0174739 0.0761659 3.51172 -0.0158199 0.999627 -0.0222657 -2.97899 -0.0765266 0.0209927 0.996847 122.251
0.99683 0.0176522 0.07757 3.61256 -0.0159081 0.999608 -0.0230437 -3.03033 -0.0779464 0.0217367 0.996721 123.615
0.996659 0.0192494 0.0793762 3.7087 -0.0174254 0.99957 -0.023609 -3.08259 -0.0797965 0.0221469 0.996565 124.968
0.996448 0.0210297 0.0815452 3.80305 -0.0191432 0.999533 -0.023848 -3.13601 -0.0820086 0.0222022 0.996385 126.331
0.99628 0.0214169 0.0834652 3.89997 -0.0193943 0.9995 -0.0249689 -3.19096 -0.0839583 0.0232573 0.996198 127.693
0.996117 0.0229343 0.0849927 3.99894 -0.0208186 0.999453 -0.0256967 -3.24675 -0.0855355 0.0238275 0.99605 129.056
0.995992 0.0223848 0.0865942 4.10037 -0.0202081 0.99946 -0.0259324 -3.30274 -0.0871279 0.0240785 0.995906 130.419
0.995852 0.0218721 0.0883138 4.20567 -0.0197258 0.99949 -0.025104 -3.36047 -0.0888179 0.0232578 0.995776 131.77
0.995722 0.0200719 0.0901954 4.31206 -0.0179615 0.999547 -0.0241492 -3.41792 -0.0906393 0.0224258 0.995631 133.13
0.995642 0.0189206 0.091314 4.42033 -0.0168119 0.999575 -0.023807 -3.47509 -0.0917256 0.0221681 0.995538 134.488
0.995583 0.0165793 0.0924024 4.53008 -0.0144373 0.999613 -0.0238014 -3.53221 -0.0927612 0.0223622 0.995437 135.846
0.995538 0.0148379 0.0931824 4.64084 -0.0127336 0.999651 -0.0231358 -3.58866 -0.0934932 0.021846 0.99538 137.204
0.99551 0.0136995 0.0936564 4.74424 -0.0115022 0.999647 -0.0239606 -3.63519 -0.0939515 0.0227758 0.995316 138.603
0.995549 0.0126131 0.0933899 4.85822 -0.0103911 0.999652 -0.02424 -3.69285 -0.0936632 0.0231617 0.995335 139.961
0.995614 0.0112147 0.0928775 4.97213 -0.00905303 0.999679 -0.0236632 -3.74293 -0.0931131 0.0227186 0.995396 141.361
0.995556 0.0101888 0.0936169 5.06685 -0.00800382 0.999688 -0.0236858 -3.79787 -0.093829 0.0228313 0.995327 142.713
0.995532 0.00990327 0.0938996 5.16737 -0.00769181 0.999685 -0.0238841 -3.85325 -0.0941066 0.0230551 0.995295 144.076
0.995585 0.00903602 0.0934282 5.2821 -0.00677665 0.999678 -0.0244719 -3.90892 -0.0936192 0.0237308 0.995325 145.467
0.995596 0.00874817 0.0933314 5.39344 -0.00644169 0.999667 -0.0249855 -3.96316 -0.093519 0.0242743 0.995322 146.858
0.99563 0.00654841 0.0931498 5.50515 -0.00400189 0.999614 -0.0274985 -4.02065 -0.0932939 0.0270055 0.995272 148.251
0.995652 0.00194141 0.0931299 5.61891 0.000674832 0.999607 -0.0280525 -4.0773 -0.0931478 0.0279934 0.995259 149.643
0.995722 -0.006499 0.0921649 5.75265 0.0088585 0.999643 -0.0252148 -4.14873 -0.0919681 0.0259233 0.995424 150.981
0.995582 -0.0123962 0.0930659 5.84901 0.0147466 0.999589 -0.0246096 -4.19393 -0.0927225 0.0258733 0.995356 152.352
0.995527 -0.0148603 0.0932937 5.96528 0.0175983 0.999436 -0.0285942 -4.2453 -0.0928162 0.0301082 0.995228 153.733
0.99538 -0.0130285 0.0951181 6.06905 0.0161002 0.999371 -0.0315985 -4.31175 -0.0946466 0.0329839 0.994964 155.081
0.995288 -0.0099611 0.0964484 6.18849 0.0132202 0.999361 -0.0332106 -4.38268 -0.096056 0.0343292 0.994784 156.447
0.99514 -0.0106963 0.0978832 6.31754 0.0139769 0.999361 -0.0328919 -4.45261 -0.0974689 0.0341002 0.994654 157.827
0.994756 -0.0134045 0.101392 6.3959 0.0165137 0.999417 -0.0298878 -4.51013 -0.100932 0.0314054 0.994398 159.153
0.994539 -0.0173533 0.102904 6.53496 0.0203102 0.999409 -0.0277572 -4.56478 -0.102361 0.0296957 0.994304 160.554
0.994398 -0.0201169 0.103761 6.68568 0.0230656 0.999361 -0.0272971 -4.61512 -0.103145 0.0295375 0.994228 161.929
0.994276 -0.02018 0.104917 6.79543 0.0232333 0.999339 -0.0279611 -4.67305 -0.104283 0.0302387 0.994088 163.268
0.993968 -0.0189602 0.10801 6.90912 0.0220839 0.99937 -0.0277977 -4.72789 -0.107415 0.0300153 0.993761 164.629
0.993807 -0.0133307 0.110313 7.03533 0.0165794 0.999454 -0.0285846 -4.78781 -0.109872 0.0302365 0.993486 165.983
0.993569 -0.00895444 0.112871 7.15316 0.0126089 0.999418 -0.0317053 -4.83532 -0.112522 0.0329246 0.993104 167.283
0.993327 -0.00536137 0.115202 7.28461 0.00921236 0.999416 -0.0329217 -4.8911 -0.114958 0.0337633 0.992796 168.673
0.993104 -0.00304395 0.11719 7.41951 0.00692184 0.999442 -0.0326978 -4.95097 -0.117025 0.0332835 0.992571 170.04
0.993052 -0.00071063 0.117671 7.56459 0.0046808 0.999429 -0.0334665 -5.01444 -0.11758 0.0337848 0.992489 171.427
0.993023 0.00164022 0.117905 7.70988 0.0026409 0.999343 -0.0361444 -5.08166 -0.117887 0.0362036 0.992367 172.813
0.992942 0.00559726 0.118463 7.85602 -0.000976008 0.999238 -0.0390321 -5.15286 -0.118591 0.0386411 0.992191 174.199
0.992833 0.0111571 0.118982 8.00269 -0.00636846 0.999157 -0.0405514 -5.22602 -0.119335 0.0395031 0.992068 175.586
0.992512 0.0159491 0.121096 8.1269 -0.0111952 0.999144 -0.0398369 -5.29516 -0.121627 0.0381829 0.991841 176.94
0.992181 0.0185708 0.123414 8.26313 -0.0139354 0.999169 -0.0383175 -5.36102 -0.124023 0.0362981 0.991615 178.328
0.991858 0.020552 0.125679 8.39421 -0.0160545 0.999198 -0.0366947 -5.42501 -0.126332 0.0343782 0.991392 179.69
0.991825 0.0177016 0.126365 8.55311 -0.0132076 0.999253 -0.0363137 -5.49151 -0.126913 0.0343479 0.991319 181.092
0.991896 0.0154899 0.1261 8.71212 -0.0109674 0.999274 -0.0364796 -5.55882 -0.126574 0.034801 0.991346 182.494
0.991969 0.0164671 0.125403 8.87033 -0.0114054 0.999095 -0.0409752 -5.63313 -0.125965 0.0392159 0.991259 183.896
0.991998 0.0188358 0.124839 9.0276 -0.0132791 0.99889 -0.0451951 -5.71335 -0.125552 0.0431757 0.991147 185.297
0.991822 0.0230586 0.125526 9.17876 -0.0174073 0.998793 -0.045934 -5.79602 -0.126434 0.0433733 0.991026 186.709
0.991654 0.0256368 0.126351 9.33234 -0.0201398 0.998802 -0.044593 -5.88529 -0.127343 0.0416762 0.990983 188.109
0.991449 0.0265376 0.127767 9.48851 -0.0214407 0.998925 -0.0411031 -5.96931 -0.128721 0.0380122 0.990952 189.508
0.991246 0.0264557 0.129349 9.64692 -0.0215653 0.999004 -0.0390637 -6.05067 -0.130253 0.0359323 0.990829 190.906
0.991075 0.0259665 0.130748 9.80731 -0.0211512 0.999051 -0.038084 -6.13076 -0.131613 0.0349786 0.990684 192.304
0.990983 0.0237911 0.131853 9.97046 -0.0190606 0.999133 -0.037024 -6.21238 -0.13262 0.034177 0.990578 193.721
0.990948 0.0206878 0.132641 10.1529 -0.0160084 0.999215 -0.0362482 -6.29669 -0.133287 0.0337967 0.990501 195.152
0.990923 0.0180165 0.133214 10.3362 -0.0133429 0.999267 -0.0358929 -6.38052 -0.133763 0.0337896 0.990437 196.582
0.990868 0.0147988 0.13402 10.5267 -0.0102568 0.999352 -0.0345181 -6.45884 -0.134444 0.0328282 0.990377 198.027
0.99075 0.0102449 0.135307 10.7031 -0.00579388 0.99943 -0.0332483 -6.53044 -0.135571 0.0321568 0.990246 199.443
0.990679 0.00829533 0.135962 10.8959 -0.00372597 0.999421 -0.0338277 -6.59685 -0.136164 0.0330058 0.990136 200.888
0.990592 0.0108955 0.136406 11.0933 -0.00572028 0.999251 -0.0382745 -6.66884 -0.136721 0.0371342 0.989913 202.336
0.99037 0.0194887 0.137063 11.2607 -0.0135989 0.998949 -0.0437774 -6.73846 -0.137773 0.0414919 0.989594 203.754
0.989878 0.0290957 0.138903 11.4342 -0.023086 0.998735 -0.0446829 -6.81264 -0.140028 0.0410239 0.989297 205.201
0.989396 0.0365337 0.140569 11.6138 -0.0309781 0.998658 -0.0415101 -6.8867 -0.141897 0.0367154 0.9892 206.658
0.989044 0.0372358 0.142842 11.7859 -0.0318556 0.998701 -0.0397699 -6.96157 -0.144137 0.0347839 0.988946 208.096
0.989155 0.0351929 0.142596 11.995 -0.0298768 0.998783 -0.0392525 -7.04021 -0.143804 0.0345665 0.989002 209.578
0.989093 0.0326251 0.143628 12.1534 -0.0271393 0.998832 -0.0399896 -7.11753 -0.144765 0.0356555 0.988824 211.008
0.989117 0.0311567 0.143793 12.3487 -0.0255537 0.998847 -0.0406498 -7.19544 -0.144894 0.036533 0.988773 212.482
0.988841 0.0320634 0.145481 12.511 -0.0263159 0.998802 -0.0412611 -7.27943 -0.14663 0.0369722 0.9885 213.937
0.988268 0.0331342 0.149087 12.651 -0.027298 0.998785 -0.0410242 -7.36683 -0.150265 0.0364732 0.987973 215.373
0.988004 0.0336375 0.150718 12.8396 -0.0278368 0.998794 -0.0404337 -7.44878 -0.151896 0.0357532 0.98775 216.842
0.987834 0.0332458 0.151915 13.0422 -0.0272839 0.99878 -0.0411628 -7.53069 -0.153098 0.0365172 0.987536 218.309
0.987706 0.0321 0.152985 13.2509 -0.0259286 0.998774 -0.0421662 -7.61037 -0.154151 0.0376811 0.987328 219.782
0.987695 0.02948 0.153584 13.4562 -0.0231949 0.998825 -0.0425556 -7.69734 -0.154658 0.0384696 0.987219 221.233
0.987764 0.0300672 0.153028 13.6961 -0.0237738 0.998801 -0.0427911 -7.7855 -0.154131 0.0386295 0.987295 222.783
0.987819 0.0306645 0.152551 13.9339 -0.02439 0.998785 -0.0428337 -7.87265 -0.153679 0.0385912 0.987367 224.314
0.987743 0.0301204 0.15315 14.1367 -0.023769 0.998787 -0.0431357 -7.96422 -0.154263 0.0389668 0.987261 225.784
0.987706 0.0317508 0.153063 14.3613 -0.0252516 0.998703 -0.0442204 -8.04173 -0.154269 0.0398116 0.987226 227.298
0.987694 0.03194 0.153095 14.588 -0.0253459 0.998673 -0.0448324 -8.12362 -0.154324 0.0404004 0.987194 228.811
0.987627 0.0330048 0.153305 14.7908 -0.0262817 0.998611 -0.0456764 -8.19647 -0.154599 0.0410822 0.987123 230.287
0.987547 0.0333781 0.15374 15.0029 -0.0265134 0.998567 -0.0464879 -8.27542 -0.155071 0.0418328 0.987017 231.775
0.987407 0.0331112 0.154691 15.2154 -0.0260385 0.998531 -0.0475265 -8.35515 -0.156037 0.0429001 0.986819 233.271
0.987362 0.0325849 0.155091 15.446 -0.0253907 0.998518 -0.0481448 -8.43956 -0.15643 0.0435985 0.986726 234.794
0.987296 0.0321397 0.155605 15.6774 -0.0248695 0.998516 -0.0484459 -8.52444 -0.156931 0.0439607 0.986631 236.317
0.987253 0.0330082 0.155693 15.9079 -0.0256768 0.998475 -0.0488672 -8.61095 -0.157069 0.0442467 0.986596 237.837
0.9871 0.0340844 0.156429 16.1401 -0.0265455 0.998395 -0.0500323 -8.70041 -0.157884 0.0452344 0.986421 239.354
0.986583 0.0357638 0.15929 16.3169 -0.0277841 0.998258 -0.0520449 -8.77833 -0.160874 0.046921 0.985859 240.823
0.986234 0.0371229 0.16113 16.5374 -0.0290715 0.998222 -0.0520424 -8.8701 -0.162775 0.0466417 0.98556 242.316
0.98587 0.0369762 0.163378 16.7614 -0.0290687 0.9983 -0.0505288 -8.95944 -0.164969 0.0450656 0.985269 243.808
0.985475 0.0369707 0.165744 16.989 -0.0288589 0.998277 -0.0510859 -9.04973 -0.167347 0.0455608 0.984845 245.3
0.985102 0.0379243 0.167731 17.2203 -0.0293704 0.998153 -0.053188 -9.14411 -0.169439 0.0474693 0.984397 246.789
0.984717 0.0381154 0.169934 17.4611 -0.0291437 0.998062 -0.0549811 -9.24084 -0.171701 0.0491884 0.98392 248.277
0.984479 0.0389564 0.17112 17.7038 -0.0299671 0.998047 -0.0548055 -9.3452 -0.172921 0.0488269 0.983725 249.797
0.984473 0.0382935 0.171302 17.9724 -0.0294595 0.998116 -0.0538184 -9.45899 -0.17304 0.0479364 0.983748 251.311
0.984494 0.0383607 0.171166 18.2396 -0.0296075 0.998134 -0.0534021 -9.56918 -0.172895 0.0475063 0.983794 252.829
0.984463 0.0388261 0.17124 18.5069 -0.0300388 0.99811 -0.0536124 -9.67975 -0.172998 0.0476357 0.98377 254.347
0.984407 0.0402113 0.171246 18.7731 -0.0314472 0.998068 -0.053588 -9.78723 -0.173071 0.0473672 0.98377 255.9
0.984193 0.041105 0.172257 19.0197 -0.0322385 0.998023 -0.0539585 -9.89254 -0.174135 0.0475523 0.983573 257.418
0.984122 0.0410143 0.172683 19.2738 -0.0321748 0.998039 -0.0536819 -10.0009 -0.174546 0.0472736 0.983514 258.952
0.98401 0.0401147 0.173535 19.5315 -0.0312114 0.998067 -0.0537345 -10.1076 -0.175356 0.047459 0.983361 260.482
0.984 0.0382536 0.174006 19.7994 -0.029365 0.998143 -0.0533736 -10.2137 -0.175725 0.0474099 0.983297 262.026
0.983911 0.0364819 0.17489 20.0761 -0.0275463 0.998201 -0.0532513 -10.3194 -0.176518 0.047577 0.983147 263.572
0.983907 0.0354899 0.175119 20.3473 -0.0262735 0.998159 -0.0546705 -10.4244 -0.176737 0.0491897 0.983028 265.095
0.983988 0.0348533 0.174787 20.6212 -0.025443 0.998118 -0.0557941 -10.541 -0.176403 0.0504537 0.983024 266.655
0.983685 0.0306931 0.177254 20.8366 -0.0215099 0.998336 -0.0534994 -10.664 -0.178602 0.0488139 0.98271 268.156
0.983085 0.0283465 0.180939 21.0479 -0.0193287 0.998491 -0.051409 -10.7791 -0.182123 0.0470422 0.98215 269.625
0.983158 0.0271574 0.180722 21.3452 -0.0180488 0.998491 -0.0518559 -10.8911 -0.181858 0.0477208 0.982166 271.233
0.983695 0.025405 0.178035 21.7039 -0.0164942 0.998544 -0.0513533 -11.0301 -0.179081 0.0475795 0.982683 272.873
0.983275 0.0233889 0.180612 21.9297 -0.0144115 0.998602 -0.0508585 -11.1476 -0.181549 0.0474051 0.982239 274.341
0.98321 0.0242466 0.180856 22.2269 -0.0154061 0.998624 -0.0501266 -11.2597 -0.181823 0.0464987 0.982231 275.914
0.983115 0.025775 0.181161 22.5101 -0.016911 0.998591 -0.0503043 -11.3699 -0.182202 0.0463913 0.982166 277.456
0.982956 0.0256856 0.182032 22.7947 -0.0168343 0.998607 -0.0500044 -11.4827 -0.183063 0.0460878 0.98202 279.002
0.982613 0.0255997 0.183886 23.0622 -0.0166948 0.998619 -0.0498123 -11.5932 -0.184907 0.0458763 0.981685 280.536
0.982277 0.025476 0.185694 23.3323 -0.0163674 0.998594 -0.0504208 -11.6992 -0.186718 0.0464878 0.981313 282.089
0.98207 0.0241902 0.186956 23.6148 -0.0148896 0.998588 -0.0509926 -11.7976 -0.187926 0.0472946 0.981044 283.659
0.981663 0.0228456 0.189245 23.8906 -0.0132838 0.998577 -0.0516407 -11.8975 -0.190156 0.0481799 0.980571 285.21
0.981521 0.0212671 0.190165 24.176 -0.0118212 0.998645 -0.0506695 -12.0008 -0.190985 0.0474853 0.980444 286.786
0.981439 0.0201708 0.190707 24.4668 -0.010658 0.998653 -0.0507762 -12.1034 -0.191474 0.0478012 0.980333 288.36
0.981369 0.0181946 0.191266 24.7528 -0.00827974 0.998586 -0.0525097 -12.2179 -0.191951 0.0499477 0.980133 289.887
0.981461 0.0170704 0.190895 25.0543 -0.00673121 0.998481 -0.0546794 -12.3231 -0.191539 0.0523808 0.980086 291.466
0.981521 0.0168059 0.190614 25.3442 -0.00650723 0.998491 -0.0545267 -12.4389 -0.191243 0.0522787 0.98015 293.014
0.98163 0.0151595 0.190186 25.645 -0.00480947 0.998488 -0.0547643 -12.5456 -0.190729 0.0528436 0.98022 294.575
0.981699 0.0151577 0.189831 25.9346 -0.00469796 0.998451 -0.0554294 -12.6597 -0.190377 0.0535232 0.980251 296.112
0.981607 0.0153615 0.19029 26.2192 -0.00483304 0.998437 -0.0556692 -12.7731 -0.190848 0.0537256 0.980148 297.66
0.981619 0.0150448 0.190257 26.516 -0.00462781 0.998471 -0.0550784 -12.8889 -0.190795 0.0531855 0.980188 299.261
0.981542 0.014176 0.190717 26.7839 -0.00377465 0.998491 -0.0547912 -13.0005 -0.191206 0.05306 0.980115 300.753
0.981894 0.0132519 0.188966 27.1152 -0.00314865 0.998554 -0.0536661 -13.1134 -0.189405 0.0520994 0.980516 302.424
0.981922 0.0147964 0.188706 27.4073 -0.00497168 0.998612 -0.0524311 -13.2247 -0.18922 0.0505451 0.980633 303.995
0.981975 0.0151364 0.1884 27.7559 -0.00525828 0.99859 -0.052821 -13.3361 -0.188934 0.0508783 0.980671 305.69
0.981838 0.0152177 0.189108 28.0642 -0.00520607 0.998563 -0.0533257 -13.442 -0.189648 0.0513727 0.980507 307.278
0.981815 0.0140573 0.189317 28.3557 -0.00395773 0.998553 -0.0536201 -13.5493 -0.189797 0.0518957 0.980451 308.836
0.981841 0.0123797 0.189298 28.6612 -0.00197965 0.998482 -0.0550307 -13.6545 -0.189693 0.0536567 0.980376 310.439
0.981882 0.0117564 0.189123 28.9752 -0.000976364 0.998374 -0.0569921 -13.7734 -0.189486 0.0557749 0.980298 312.039
0.982042 0.0115221 0.188308 29.29 -0.000598027 0.998318 -0.0579656 -13.8905 -0.18866 0.0568121 0.980398 313.658
0.982478 0.0125109 0.185957 29.5931 -0.00150062 0.998243 -0.0592317 -14.0108 -0.186372 0.0579148 0.980771 315.27
0.983022 0.0135328 0.182985 29.9073 -0.00283283 0.998277 -0.0586098 -14.132 -0.183463 0.0570963 0.981367 316.907
0.983113 0.0144048 0.182427 30.2042 -0.00424698 0.998424 -0.0559501 -14.249 -0.182946 0.0542306 0.981626 318.533
0.983082 0.0122253 0.182756 30.5134 -0.00255445 0.998588 -0.0530583 -14.3673 -0.183147 0.0516938 0.981726 320.197
0.982827 0.0116498 0.184159 30.7756 -0.00206696 0.998637 -0.0521422 -14.4828 -0.184516 0.0508661 0.981512 321.791
0.982669 0.0107616 0.185054 31.0626 -0.000929332 0.998587 -0.0531363 -14.6012 -0.185364 0.0520435 0.981291 323.421
0.982375 0.00918782 0.186692 31.3521 0.000789679 0.998578 -0.0532988 -14.7188 -0.186917 0.0525069 0.980972 325.05
0.982173 0.00923205 0.18775 31.6379 0.000738 0.998596 -0.0529635 -14.8365 -0.187975 0.0521579 0.980788 326.676
0.982109 0.00919924 0.188084 31.9626 0.000910799 0.998562 -0.0535958 -14.9407 -0.188306 0.0528082 0.98069 328.356
0.982101 0.011884 0.187978 32.2789 -0.00156932 0.998489 -0.0549256 -15.0556 -0.188347 0.0536475 0.980636 329.997
0.981929 0.0124626 0.188836 32.582 -0.00200975 0.998459 -0.0554444 -15.1728 -0.189237 0.0540629 0.980442 331.613
0.981882 0.0108901 0.189178 32.8972 -0.00064365 0.998533 -0.05414 -15.2935 -0.18949 0.0530373 0.980449 333.251
0.981754 0.00965185 0.189909 33.1881 0.000652395 0.998534 -0.0541216 -15.4022 -0.190153 0.053258 0.980309 334.848
0.981756 0.00812758 0.189967 33.4955 0.00251314 0.998444 -0.0557055 -15.5131 -0.190124 0.0551666 0.980209 336.466
0.981614 0.00899696 0.19066 33.7898 0.00172352 0.99843 -0.0559878 -15.6262 -0.190865 0.055287 0.980058 338.068
0.981638 0.0111593 0.190422 34.0933 -0.000203694 0.998348 -0.057456 -15.7582 -0.190749 0.0563623 0.98002 339.683
0.981705 0.0131633 0.189948 34.4062 -0.00178359 0.998199 -0.0599565 -15.8882 -0.190395 0.0585208 0.979962 341.325
0.981885 0.0140005 0.188956 34.7383 -0.00281239 0.998233 -0.0593485 -16.0165 -0.189454 0.057742 0.98019 343.01
0.982035 0.0129814 0.188247 35.0227 -0.00243564 0.99842 -0.0561443 -16.1413 -0.188679 0.0546772 0.980516 344.597
0.982032 0.013731 0.188211 35.3094 -0.00369443 0.998557 -0.0535732 -16.2623 -0.188676 0.0519153 0.980666 346.186
0.98243 0.0133836 0.186146 35.6287 -0.00332427 0.998522 -0.0542475 -16.3832 -0.186597 0.0526756 0.981023 347.81
0.982481 0.0108946 0.186042 35.9093 -0.000653464 0.998485 -0.0550198 -16.5019 -0.18636 0.0539344 0.981 349.397
0.982692 0.00905759 0.185025 36.1902 0.000981376 0.998535 -0.0540935 -16.6171 -0.185245 0.0533388 0.981244 350.993
0.982773 0.00821384 0.184634 36.4849 0.00180032 0.998539 -0.0540048 -16.7323 -0.184808 0.0534068 0.981323 352.6
0.982784 0.00807418 0.184578 36.7795 0.00207775 0.998498 -0.0547411 -16.8488 -0.184743 0.0541823 0.981292 354.206
0.982783 0.0085629 0.184561 37.0735 0.00177886 0.998441 -0.0557957 -16.9677 -0.184752 0.0551634 0.981236 355.812
0.982729 0.00799532 0.184874 37.3645 0.002407 0.998429 -0.055974 -17.0867 -0.185032 0.0554523 0.981167 357.409
0.982653 0.00786475 0.185286 37.6562 0.00262561 0.99841 -0.0563035 -17.2064 -0.185435 0.0558133 0.98107 359.005
0.982668 0.00722653 0.185229 37.959 0.00338492 0.998374 -0.0569078 -17.3252 -0.185339 0.0565485 0.981046 360.605
0.982721 0.00699323 0.184959 38.2692 0.00372757 0.998335 -0.0575518 -17.4507 -0.185054 0.0572469 0.98106 362.242
0.982719 0.00619216 0.184998 38.5703 0.0045116 0.998342 -0.0573816 -17.5723 -0.185047 0.0572246 0.981062 363.832
0.982718 0.00627653 0.184999 38.8696 0.00453521 0.998308 -0.0579608 -17.6968 -0.18505 0.0577982 0.981028 365.428
0.982628 0.00438508 0.185529 39.1576 0.0067086 0.998228 -0.0591245 -17.819 -0.18546 0.0593421 0.980858 366.997
0.982611 0.00248605 0.185656 39.4582 0.00835281 0.998306 -0.0575762 -17.9363 -0.185485 0.0581258 0.980927 368.599
0.982788 0.00128589 0.18473 39.7884 0.00956059 0.998281 -0.0578122 -18.0357 -0.184487 0.0585833 0.981088 370.23
0.982747 0.00123965 0.184949 40.0833 0.00987172 0.9982 -0.0591447 -18.1577 -0.18469 0.0599501 0.980967 371.834
0.982189 0.00360437 0.187857 40.3278 0.00792177 0.998132 -0.0605688 -18.2668 -0.187725 0.0609782 0.980327 373.394
0.981933 0.005029 0.18916 40.6072 0.00651508 0.998155 -0.0603568 -18.3773 -0.189114 0.0604987 0.98009 374.993
0.981629 0.00647808 0.190687 40.8853 0.00513866 0.998163 -0.0603627 -18.4849 -0.190728 0.0602336 0.979793 376.587
0.981283 0.00779395 0.192413 41.1658 0.00410889 0.998105 -0.0613841 -18.5988 -0.192527 0.0610258 0.979392 378.162
0.981078 0.00755526 0.193463 41.4389 0.00466341 0.998026 -0.0626243 -18.7217 -0.193555 0.0623415 0.979107 379.703
0.980797 0.00790673 0.19487 41.7339 0.00442404 0.998018 -0.0627603 -18.8535 -0.194981 0.0624172 0.978819 381.277
0.980557 0.00840044 0.196054 42.037 0.0040473 0.998005 -0.0630044 -18.9786 -0.196192 0.0625728 0.978567 382.875
0.980328 0.00990277 0.197127 42.3416 0.00260727 0.998003 -0.0631012 -19.1053 -0.197358 0.0623738 0.978345 384.478
0.979909 0.011572 0.199106 42.6432 0.00104029 0.998005 -0.0631234 -19.2331 -0.199439 0.0620623 0.977943 386.076
0.979667 0.0113399 0.20031 42.9643 0.00144469 0.997976 -0.0635628 -19.3687 -0.200626 0.0625597 0.977669 387.697
0.979521 0.0125832 0.200944 43.2893 0.000334482 0.997941 -0.0641219 -19.5011 -0.201338 0.062876 0.977502 389.323
0.979306 0.0129955 0.201964 43.6151 -2.28181e-05 0.997943 -0.0641026 -19.6348 -0.202382 0.0627715 0.977293 390.942
0.979254 0.0137309 0.202168 43.9411 -0.000971552 0.998008 -0.0630768 -19.7665 -0.202631 0.0615718 0.977318 392.562
0.979227 0.0149108 0.202214 44.2639 -0.00220913 0.998017 -0.0628936 -19.896 -0.202751 0.0611405 0.97732 394.173
0.979228 0.013916 0.202282 44.5888 -0.00108838 0.997988 -0.0633874 -20.0266 -0.202758 0.0618506 0.977274 395.789
0.979316 0.0131851 0.201904 44.9283 -0.000413705 0.998002 -0.0631669 -20.1607 -0.202333 0.0617769 0.977367 397.409
