1 0 0 0 0 1 0 0 0 0 1 0
0.999972 0.00319342 -0.00673207 0.0244944 -0.00323614 0.999975 -0.00634472 0.152584 0.00671164 0.00636633 0.999957 0.0810711
0.99989 0.00399003 -0.0143005 0.0267637 -0.00409535 0.999965 -0.00734294 0.163604 0.0142707 0.0074007 0.999871 0.169754
0.99973 0.00460655 -0.0227665 0.0271685 -0.00481079 0.999949 -0.00892459 0.170382 0.0227243 0.00903171 0.999701 0.270653
0.999435 0.00540195 -0.0331673 0.0269039 -0.00575866 0.999926 -0.0106688 0.176719 0.0331072 0.0108538 0.999393 0.3712
0.998969 0.00569799 -0.0450328 0.0164768 -0.00626884 0.999902 -0.0125453 0.17876 0.0449569 0.0128147 0.998907 0.485722
0.998209 0.00560813 -0.0595608 0.00807211 -0.0064435 0.999883 -0.0138429 0.181016 0.0594762 0.0142018 0.998129 0.611029
0.997105 0.00571263 -0.0758266 -0.0157103 -0.00679099 0.999879 -0.0139712 0.181647 0.0757376 0.0144457 0.997023 0.745385
0.995624 0.00420556 -0.0933557 -0.0586566 -0.00551656 0.99989 -0.0137894 0.17659 0.0932874 0.0142441 0.995537 0.868285
0.993529 0.00348674 -0.113526 -0.0901391 -0.00513224 0.999886 -0.0142054 0.176893 0.113464 0.0146961 0.993434 1.02189
0.990831 0.00330933 -0.135068 -0.145722 -0.00532518 0.99988 -0.0145661 0.173044 0.135004 0.0151518 0.990729 1.17622
0.987537 0.00695589 -0.157234 -0.228494 -0.00953415 0.999832 -0.0156494 0.166781 0.157098 0.0169534 0.987438 1.32843
0.983256 0.0115676 -0.181862 -0.300818 -0.0149059 0.999744 -0.0170003 0.159156 0.181619 0.0194265 0.983177 1.48232
0.978073 0.0147769 -0.207736 -0.382629 -0.0188408 0.999667 -0.0175976 0.150864 0.207407 0.0211257 0.978027 1.644
0.97163 0.0160405 -0.235963 -0.473581 -0.020706 0.999636 -0.0173073 0.140928 0.235599 0.0217021 0.971608 1.82261
0.963865 0.0183632 -0.265756 -0.562793 -0.0235819 0.999586 -0.0164592 0.135879 0.265344 0.0221315 0.9639 1.99267
0.954726 0.0209409 -0.296749 -0.669211 -0.02666 0.999528 -0.0152382 0.132057 0.29629 0.0224596 0.954834 2.17647
0.94385 0.0234537 -0.32954 -0.776559 -0.0297349 0.999459 -0.0140325 0.130359 0.329033 0.0230434 0.944037 2.35666
0.931666 0.0257658 -0.362401 -0.890556 -0.0328323 0.999371 -0.0133528 0.128464 0.361829 0.0243388 0.931927 2.53524
0.918101 0.0286153 -0.395312 -1.01238 -0.0364899 0.999257 -0.012414 0.126053 0.394663 0.0258222 0.918463 2.7167
0.902301 0.029362 -0.430105 -1.13954 -0.0379341 0.999215 -0.011367 0.125277 0.429434 0.0265721 0.902708 2.90496
0.884108 0.0248362 -0.466623 -1.27298 -0.0342874 0.999342 -0.0117737 0.12667 0.466024 0.0264085 0.884378 3.09403
0.863093 0.0197673 -0.504659 -1.40138 -0.0300332 0.999474 -0.0122152 0.128862 0.504152 0.0256993 0.863233 3.26129
0.838093 0.0203333 -0.545148 -1.56347 -0.0301416 0.999504 -0.00905856 0.127664 0.544694 0.0240236 0.838291 3.45611
0.808547 0.0254643 -0.587881 -1.73763 -0.0351638 0.999368 -0.00507474 0.12627 0.587381 0.0247753 0.808932 3.6391
0.775462 0.0282647 -0.630762 -1.93168 -0.038718 0.999246 -0.00282351 0.125744 0.630207 0.0266113 0.775972 3.82261
0.73945 0.0278485 -0.672635 -2.14331 -0.039001 0.999238 -0.0015045 0.125438 0.672081 0.0273459 0.739973 3.9912
0.700474 0.0240667 -0.713272 -2.36865 -0.0342329 0.999414 0.0001029 0.126983 0.712857 0.0243453 0.700887 4.14217
0.658929 0.0209139 -0.751914 -2.62101 -0.0300119 0.999548 0.00150109 0.129526 0.751606 0.0215773 0.65926 4.28884
0.614731 0.0204755 -0.788471 -2.88969 -0.0280398 0.999598 0.00409703 0.13404 0.788238 0.01959 0.615058 4.4385
0.567335 0.0211399 -0.823216 -3.17086 -0.0262227 0.999627 0.00759826 0.141065 0.823069 0.0172761 0.567678 4.57423
0.516679 0.0212766 -0.855915 -3.45971 -0.024028 0.999657 0.0103451 0.149026 0.855842 0.0152209 0.517014 4.69287
0.463523 0.0222556 -0.885805 -3.774 -0.0233382 0.999644 0.0129033 0.159518 0.885778 0.0146921 0.463878 4.81168
0.408752 0.0237985 -0.912335 -4.09456 -0.0219616 0.999627 0.0162361 0.17101 0.912382 0.0133998 0.409122 4.91319
0.35155 0.026031 -0.935807 -4.43599 -0.0213233 0.999576 0.0197944 0.172258 0.935926 0.0129957 0.351956 5.01475
0.298459 0.0276909 -0.954021 -4.79152 -0.0190511 0.999552 0.0230524 0.1895 0.954233 0.011295 0.298853 5.05619
0.248413 0.0289464 -0.968222 -5.16688 -0.0162695 0.999537 0.0257084 0.205155 0.968518 0.00936619 0.248769 5.06747
0.199104 0.0293196 -0.97954 -5.56007 -0.0152404 0.999524 0.0268199 0.211817 0.97986 0.00958857 0.199457 5.08835
0.152275 0.0305615 -0.987866 -5.98181 -0.0189881 0.999427 0.0279922 0.218755 0.988156 0.0144952 0.152768 5.10166
0.109073 0.0307435 -0.993558 -6.4099 -0.0217807 0.999355 0.0285318 0.23513 0.993795 0.0185283 0.109673 5.11701
0.0706534 0.0290231 -0.997079 -6.86144 -0.0245843 0.999323 0.0273464 0.251422 0.997198 0.0225803 0.0713193 5.12048
0.0353516 0.0262226 -0.999031 -7.32478 -0.0231859 0.999408 0.025412 0.265727 0.999106 0.022265 0.0359388 5.11755
0.00269725 0.0227569 -0.999737 -7.81065 -0.0230176 0.999477 0.0226888 0.279146 0.999732 0.0229504 0.00321978 5.10709
-0.0251773 0.0203588 -0.999476 -8.30555 -0.0232238 0.99951 0.0209446 0.291189 0.999413 0.023739 -0.0246921 5.08626
-0.0460613 0.0182631 -0.998772 -8.82673 -0.024854 0.999502 0.0194227 0.301011 0.99863 0.0257181 -0.0455844 5.04792
-0.0621145 0.0161293 -0.997939 -9.34223 -0.0218722 0.999607 0.0175176 0.332648 0.99783 0.0229152 -0.0617372 4.99688
-0.0755077 0.0160673 -0.997016 -9.88546 -0.020661 0.99963 0.0176742 0.345439 0.996931 0.0219339 -0.0751477 4.95214
-0.0845682 0.0168027 -0.996276 -10.4438 -0.0204786 0.999617 0.0185974 0.355928 0.996207 0.0219751 -0.0841916 4.8862
-0.0912404 0.0175009 -0.995675 -11.0146 -0.0237527 0.999522 0.0197452 0.365574 0.995546 0.0254515 -0.0907811 4.81918
-0.0964961 0.0180101 -0.99517 -11.6146 -0.023935 0.999505 0.0204094 0.378077 0.995046 0.0257889 -0.0960172 4.75895
-0.0981692 0.0178939 -0.995009 -12.2046 -0.0227685 0.999536 0.0202217 0.39196 0.994909 0.02464 -0.0977161 4.70597
-0.0975243 0.0196681 -0.995039 -12.8451 -0.0200454 0.999563 0.0217222 0.407519 0.995031 0.0220644 -0.0970873 4.64288
-0.0965539 0.0216782 -0.995092 -13.4863 -0.0208967 0.999498 0.0238018 0.414472 0.995108 0.0230923 -0.0960524 4.5845
-0.0949335 0.0214616 -0.995252 -14.1399 -0.0229263 0.999455 0.0237391 0.422381 0.99522 0.025071 -0.0943897 4.51594
-0.0936344 0.0190915 -0.995424 -14.8189 -0.0243212 0.999474 0.0214569 0.433658 0.99531 0.026219 -0.0931208 4.44921
-0.0929452 0.0174935 -0.995518 -15.4875 -0.0219864 0.999566 0.0196174 0.465826 0.995429 0.0237112 -0.0925201 4.39919
-0.0915618 0.0191138 -0.995616 -16.2043 -0.0215757 0.999543 0.0211734 0.490886 0.995566 0.0234198 -0.0911075 4.33898
-0.0907438 0.0216333 -0.995639 -16.9363 -0.0212233 0.999495 0.0236514 0.513587 0.995648 0.023277 -0.0902387 4.27835
-0.0889127 0.0235053 -0.995762 -17.6596 -0.0213479 0.999447 0.0254984 0.521158 0.995811 0.0235245 -0.0883617 4.21133
-0.0869472 0.0223535 -0.995962 -18.42 -0.0240515 0.999409 0.0245306 0.535188 0.995923 0.0260873 -0.0863582 4.13403
-0.0849655 0.0192694 -0.996198 -19.1703 -0.0266001 0.999412 0.0216004 0.545346 0.996029 0.0283342 -0.084403 4.06091
-0.0828678 0.0186565 -0.996386 -19.9408 -0.027867 0.99939 0.0210304 0.559665 0.996171 0.029509 -0.0822973 3.98161
-0.0817693 0.0142273 -0.99655 -20.7103 -0.0272714 0.999491 0.016507 0.647219 0.996278 0.0285271 -0.0813396 3.92583
-0.0819995 0.0163668 -0.996498 -21.5038 -0.0239434 0.999544 0.0183871 0.645779 0.996345 0.0253673 -0.0815702 3.87656
-0.0810213 0.0178742 -0.996552 -22.3177 -0.0228264 0.999543 0.0197837 0.651533 0.996451 0.0243506 -0.0805762 3.81108
-0.0809098 0.0131839 -0.996634 -23.1275 -0.0225639 0.999632 0.0150554 0.652112 0.996466 0.0237061 -0.0805824 3.74617
-0.0806524 0.00486687 -0.996731 -23.9327 -0.021642 0.999743 0.0066328 0.667289 0.996507 0.0221062 -0.0805264 3.67685
-0.0805737 -0.00102348 -0.996748 -24.7637 -0.0200436 0.999799 0.000593649 0.681061 0.996547 0.0200262 -0.0805779 3.6094
-0.0794928 -0.00108908 -0.996835 -25.5971 -0.0186341 0.999826 0.000393645 0.689497 0.996661 0.0186064 -0.0794992 3.51867
-0.0799361 0.00576423 -0.996783 -26.4399 -0.0192637 0.999787 0.00732644 0.683889 0.996614 0.0197873 -0.079808 3.45098
-0.0806803 0.0123992 -0.996663 -27.2979 -0.0198876 0.999703 0.014047 0.690162 0.996541 0.0209546 -0.0804097 3.38541
-0.0816144 0.0171466 -0.996517 -28.1207 -0.0214412 0.99959 0.0189555 0.690065 0.996433 0.0229135 -0.0812132 3.32752
-0.0823197 0.0167121 -0.996466 -28.9812 -0.0236076 0.999546 0.018714 0.694772 0.996326 0.0250647 -0.0818878 3.24915
-0.0825778 0.0131875 -0.996498 -29.8208 -0.0242973 0.999588 0.0152419 0.695059 0.996288 0.0254709 -0.0822233 3.17339
-0.0852571 0.0104819 -0.996304 -30.6718 -0.02399 0.999633 0.0125698 0.694651 0.99607 0.024973 -0.0849742 3.12103
-0.0854354 0.0115939 -0.996276 -31.5139 -0.0254364 0.999581 0.0138136 0.692292 0.996019 0.0265219 -0.0851046 3.04546
-0.0852798 0.0136209 -0.996264 -32.3583 -0.025852 0.999539 0.0158786 0.6914 0.996021 0.0271096 -0.0848883 2.96965
-0.0854711 0.0119282 -0.996269 -33.1985 -0.0261997 0.999555 0.0142153 0.688799 0.995996 0.0273169 -0.0851205 2.89551
-0.0856031 0.00682065 -0.996306 -34.0331 -0.0261899 0.999615 0.00909356 0.687761 0.995985 0.0268716 -0.0853914 2.82207
-0.0851132 0.00227496 -0.996369 -34.8678 -0.0262833 0.999644 0.00452766 0.691345 0.996024 0.0265732 -0.085023 2.73678
-0.0846253 0.00261381 -0.99641 -35.7027 -0.0250061 0.999676 0.00474616 0.688847 0.996099 0.0253179 -0.0845324 2.66421
-0.0844311 0.00475324 -0.996418 -36.5475 -0.0232535 0.999707 0.00673931 0.683545 0.996158 0.0237392 -0.0842957 2.59904
-0.0860186 0.00921166 -0.996251 -37.366 -0.0231702 0.999668 0.0112438 0.679709 0.996024 0.0240505 -0.0857766 2.56895
-0.0856819 0.0145654 -0.996216 -38.2281 -0.0221824 0.999617 0.016523 0.677897 0.996075 0.0235142 -0.0853259 2.4949
-0.0869064 0.017264 -0.996067 -39.0612 -0.0226424 0.999557 0.0193001 0.678236 0.995959 0.0242307 -0.086477 2.4361
-0.0874581 0.0170928 -0.996022 -39.9141 -0.0224842 0.999564 0.0191279 0.675521 0.995914 0.0240676 -0.0870355 2.36435
-0.0890878 0.012779 -0.995942 -40.706 -0.0220279 0.999647 0.014797 0.674221 0.99578 0.0232567 -0.0887748 2.33147
-0.0891439 0.0084074 -0.995983 -41.5474 -0.023591 0.999666 0.01055 0.670849 0.995739 0.0244367 -0.0889157 2.24566
-0.0916234 0.00563374 -0.995778 -42.3509 -0.02683 0.999607 0.00812409 0.669119 0.995432 0.0274611 -0.0914361 2.21494
-0.0940749 0.00345368 -0.995559 -43.1948 -0.0297233 0.999538 0.00627618 0.666715 0.995121 0.0301817 -0.0939287 2.1515
-0.0961743 0.00099993 -0.995364 -44.0198 -0.027127 0.999625 0.0036253 0.6619 0.994994 0.0273499 -0.0961111 2.09603
-0.0987554 -0.00285095 -0.995108 -44.8513 -0.0232561 0.999729 -0.000556225 0.652506 0.99484 0.0230874 -0.0987948 2.035
-0.0998581 -0.00436544 -0.994992 -45.6755 -0.0188048 0.99982 -0.00249934 0.642033 0.994824 0.0184611 -0.0999221 1.95397
-0.10268 -0.00139155 -0.994714 -46.4994 -0.0185737 0.999827 0.000518589 0.631864 0.994541 0.0185288 -0.102688 1.87766
-0.10508 0.00420921 -0.994455 -47.3231 -0.0156845 0.999859 0.00588941 0.626283 0.99434 0.0162164 -0.104999 1.79938
-0.109594 0.00732931 -0.99395 -48.151 -0.0140455 0.999861 0.00892159 0.616608 0.993877 0.0149382 -0.109476 1.74341
-0.112479 0.00648804 -0.993633 -48.9851 -0.0134039 0.999877 0.00804614 0.607751 0.993563 0.0142236 -0.112378 1.66165
-0.112632 0.00241398 -0.993634 -49.7826 -0.0169818 0.999846 0.00435403 0.596616 0.993491 0.0173641 -0.112574 1.55065
-0.113657 -0.00112285 -0.99352 -50.5939 -0.0215437 0.999767 0.00133466 0.583787 0.993286 0.0215558 -0.113655 1.44402
-0.116439 -0.00266146 -0.993195 -51.4034 -0.0253988 0.999677 0.00029886 0.573282 0.992873 0.0252608 -0.116469 1.35
-0.118074 -0.00174226 -0.993004 -52.2116 -0.0267452 0.999641 0.00142626 0.560579 0.992644 0.0267265 -0.118078 1.24945
-0.118796 -0.000148082 -0.992919 -52.998 -0.0263213 0.999649 0.00300009 0.546996 0.992569 0.0264913 -0.118758 1.14914
-0.119293 -0.000819834 -0.992859 -53.7823 -0.027406 0.999621 0.00246744 0.536073 0.992481 0.0275046 -0.11927 1.04207
-0.118886 -0.00165198 -0.992907 -54.5542 -0.0316542 0.999496 0.00212717 0.533115 0.992403 0.0316826 -0.118878 0.931222
-0.118951 -0.000916547 -0.9929 -55.3294 -0.0305311 0.99953 0.002735 0.527233 0.99243 0.0306396 -0.118923 0.829686
-0.119241 0.00374998 -0.992859 -56.1011 -0.0279258 0.999584 0.00712924 0.497109 0.992472 0.0285765 -0.119087 0.727552
-0.120489 0.00948121 -0.99267 -56.886 -0.0262539 0.999574 0.0127338 0.467767 0.992367 0.0275958 -0.120189 0.630151
-0.120787 0.0118243 -0.992608 -57.6584 -0.0250327 0.999575 0.0149535 0.463772 0.992362 0.0266539 -0.12044 0.525123
-0.119851 0.0121153 -0.992718 -58.4091 -0.023295 0.999616 0.0150119 0.457914 0.992518 0.0249246 -0.119523 0.420448
-0.120139 0.00943782 -0.992712 -59.1525 -0.0216779 0.999691 0.0121277 0.459166 0.99252 0.022977 -0.119898 0.328098
-0.119746 0.00430003 -0.992796 -59.8842 -0.0201551 0.999774 0.00676127 0.479123 0.9926 0.0208195 -0.119632 0.224722
-0.118255 -0.0026508 -0.99298 -60.5868 -0.0176722 0.999843 -0.000564501 0.525839 0.992826 0.0174814 -0.118284 0.125131
-0.117674 -0.00516948 -0.993039 -61.3116 -0.0171883 0.999847 -0.00316812 0.518631 0.992903 0.0166958 -0.117745 0.0310709
-0.115469 -0.00671106 -0.993289 -62.0123 -0.0195369 0.999799 -0.00448389 0.507833 0.993119 0.018888 -0.115577 -0.0543831
-0.111874 -0.00591965 -0.993705 -62.7024 -0.0192056 0.999808 -0.00379379 0.496038 0.993536 0.0186603 -0.111966 -0.135259
-0.106676 -0.00454079 -0.994284 -63.3703 -0.0175305 0.999842 -0.00268533 0.481165 0.994139 0.0171438 -0.106739 -0.200901
-0.0998996 -0.00334577 -0.994992 -64.0279 -0.0160562 0.999869 -0.00175008 0.468029 0.994868 0.015801 -0.0999403 -0.264161
-0.0912785 -0.00221125 -0.995823 -64.6634 -0.016219 0.999868 -0.00073356 0.45395 0.995693 0.0160843 -0.0913023 -0.321321
-0.0799647 -0.00224159 -0.996796 -65.297 -0.0165892 0.999862 -0.000917662 0.467545 0.996659 0.0164626 -0.0799908 -0.379891
-0.0661089 -0.0017532 -0.997811 -65.9008 -0.0187628 0.999824 -0.00051362 0.469746 0.997636 0.0186878 -0.0661301 -0.409831
-0.048704 -0.00137239 -0.998813 -66.48 -0.0190659 0.999818 -0.000444073 0.468083 0.998631 0.0190216 -0.0487212 -0.417738
-0.0268913 -0.000983078 -0.999638 -67.0535 -0.0188606 0.999822 -0.000475879 0.463967 0.99946 0.018841 -0.026905 -0.419438
-0.00167157 -0.00115228 -0.999998 -67.5961 -0.0173879 0.999848 -0.00112303 0.457841 0.999847 0.017386 -0.00169134 -0.397169
0.0266133 -0.00173441 -0.999645 -68.1343 -0.0141745 0.999897 -0.00211221 0.448883 0.999545 0.0142257 0.026586 -0.34891
0.0586824 -0.00189164 -0.998275 -68.6637 -0.0111537 0.999934 -0.00255043 0.441954 0.998214 0.0112841 0.0586574 -0.261168
0.0946874 -0.00193278 -0.995506 -69.1429 -0.00869244 0.999958 -0.0027682 0.434042 0.995469 0.00891549 0.0946666 -0.150317
0.133751 -0.00222651 -0.991013 -69.6346 -0.00682029 0.999971 -0.00316712 0.424805 0.990991 0.00718261 0.133732 -0.0210458
0.178814 -0.00157208 -0.983882 -70.1133 -0.00421277 0.999988 -0.00236344 0.418058 0.983874 0.0045675 0.178805 0.107091
0.227317 -0.0032795 -0.973816 -70.5597 0.000833731 0.999994 -0.00317303 0.409375 0.97382 -9.06055e-05 0.227318 0.247588
0.277629 -0.00809199 -0.960654 -70.9807 0.0108365 0.999927 -0.00529103 0.398394 0.960627 -0.00894119 0.277697 0.408876
0.329084 -0.0132137 -0.944208 -71.4113 0.0184567 0.999801 -0.00755896 0.384182 0.94412 -0.0149394 0.329263 0.603487
0.38115 -0.0176525 -0.924345 -71.8232 0.0262964 0.99962 -0.00824677 0.36968 0.924139 -0.0211637 0.381469 0.823586
0.431949 -0.0177667 -0.901723 -72.2245 0.0288675 0.999566 -0.00586624 0.356388 0.901436 -0.0234965 0.432274 1.06749
0.479892 -0.0185777 -0.877131 -72.6123 0.0326672 0.99946 -0.00329586 0.344824 0.876719 -0.0270717 0.48024 1.33316
0.525387 -0.022463 -0.850567 -72.9594 0.0418515 0.999123 -0.000535016 0.333692 0.849833 -0.0353164 0.525866 1.60931
0.569097 -0.0298727 -0.821728 -73.2665 0.0550091 0.998484 0.00179887 0.329671 0.820428 -0.0462262 0.569878 1.90322
0.610986 -0.0356063 -0.790841 -73.5835 0.0591418 0.998249 0.000747146 0.326497 0.789429 -0.0472282 0.612022 2.22626
0.653317 -0.0407877 -0.755985 -73.9016 0.0578236 0.998319 -0.0038915 0.322488 0.754873 -0.0411714 0.654577 2.54459
0.694524 -0.0476108 -0.717893 -74.1879 0.0553411 0.998387 -0.0126736 0.317989 0.717338 -0.0309268 0.696038 2.88932
0.735065 -0.0512676 -0.676056 -74.4774 0.0527265 0.998439 -0.0183864 0.315022 0.675944 -0.0221309 0.736621 3.25975
0.773378 -0.0519001 -0.631817 -74.7485 0.0518308 0.998483 -0.0185758 0.308097 0.631822 -0.0183814 0.774895 3.65724
0.809435 -0.0537292 -0.584747 -75.0042 0.0528868 0.998428 -0.0185316 0.310522 0.584823 -0.0159252 0.811004 4.07241
0.841764 -0.0528881 -0.537249 -75.2708 0.0509091 0.998531 -0.0185331 0.312484 0.53744 -0.0117504 0.84322 4.53911
0.868673 -0.0511777 -0.492735 -75.4689 0.0504284 0.998617 -0.0148175 0.298742 0.492812 -0.0119763 0.870053 5.02689
0.891367 -0.0461889 -0.450924 -75.6848 0.0457256 0.998882 -0.0119288 0.293361 0.450971 -0.00998578 0.892483 5.53164
0.910439 -0.0420083 -0.411505 -75.8826 0.0409608 0.999096 -0.0113681 0.28791 0.41161 -0.00650558 0.911337 6.0483
0.925409 -0.0371496 -0.377146 -76.0666 0.0366491 0.999291 -0.00850567 0.285091 0.377194 -0.00595079 0.926115 6.56215
0.937064 -0.0374222 -0.347147 -76.2684 0.0378735 0.999267 -0.00548714 0.27987 0.347098 -0.00800587 0.937794 7.12519
0.945577 -0.0398004 -0.322957 -76.4604 0.0410529 0.999152 -0.0029355 0.274172 0.3228 -0.0104825 0.946409 7.71197
0.952291 -0.0409751 -0.30243 -76.6175 0.0430506 0.999072 0.000196984 0.266298 0.302141 -0.0132073 0.953171 8.28926
0.957647 -0.0380695 -0.28542 -76.7716 0.0408337 0.999159 0.00373742 0.257598 0.285037 -0.0152338 0.958395 8.88835
0.962191 -0.0338722 -0.270263 -76.9534 0.0369038 0.9993 0.0061423 0.255302 0.269866 -0.0158838 0.962767 9.51998
0.965997 -0.0303672 -0.256767 -77.13 0.0334258 0.999412 0.00755478 0.253461 0.256387 -0.0158805 0.966444 10.1572
0.96957 -0.0321041 -0.242703 -77.2807 0.0351273 0.999349 0.0081382 0.249366 0.242283 -0.016416 0.970066 10.7853
0.972982 -0.0319353 -0.228662 -77.4218 0.034894 0.999351 0.00890705 0.242032 0.228229 -0.0166453 0.973465 11.4391
0.976406 -0.0321462 -0.213539 -77.5759 0.0352465 0.999321 0.0107264 0.240728 0.213049 -0.0179997 0.976876 12.1222
0.979321 -0.0309613 -0.199928 -77.6963 0.0340168 0.99935 0.0118654 0.24347 0.199431 -0.0184209 0.979739 12.807
0.981714 -0.0317228 -0.187704 -77.8248 0.0341298 0.999371 0.00960452 0.24483 0.187282 -0.0158352 0.982179 13.5202
0.983812 -0.0309706 -0.17651 -77.9712 0.03235 0.999464 0.00494192 0.243573 0.176262 -0.010572 0.984286 14.2738
0.985325 -0.0337659 -0.167318 -78.0713 0.0342228 0.999414 -0.000152579 0.234431 0.167225 -0.00557573 0.985903 14.9955
0.986563 -0.0338607 -0.159834 -78.1726 0.0343273 0.99941 0.000158213 0.231455 0.159734 -0.00564274 0.987144 15.7359
0.987604 -0.032127 -0.153646 -78.2924 0.033505 0.999418 0.00638715 0.231252 0.153351 -0.0114559 0.988105 16.5021
0.988452 -0.0272559 -0.149064 -78.4103 0.0296494 0.999464 0.0138577 0.23651 0.148606 -0.0181173 0.98873 17.2686
0.989052 -0.0269816 -0.145079 -78.5298 0.0297924 0.999407 0.0172364 0.240825 0.144528 -0.0213699 0.98927 18.0505
0.989442 -0.0282595 -0.142152 -78.6243 0.03087 0.999392 0.0161925 0.240801 0.141608 -0.0204098 0.989712 18.8038
0.989815 -0.0288816 -0.139402 -78.7299 0.0313436 0.999388 0.0154976 0.240282 0.138869 -0.0197091 0.990114 19.5695
0.990175 -0.0301995 -0.136537 -78.8287 0.0329007 0.999304 0.0175701 0.242128 0.135911 -0.0218896 0.990479 20.3326
0.990375 -0.0327585 -0.134478 -78.9261 0.0357588 0.999161 0.0199554 0.245536 0.133712 -0.0245721 0.990715 21.0965
0.990634 -0.0356425 -0.131812 -79.0173 0.038776 0.999021 0.0212825 0.249648 0.130925 -0.0261944 0.991046 21.8543
0.990809 -0.0365123 -0.130253 -79.103 0.0391484 0.999076 0.017735 0.248345 0.129485 -0.0226711 0.991322 22.6208
0.991018 -0.0338228 -0.129383 -79.2059 0.0354533 0.999318 0.010319 0.24849 0.128945 -0.0148134 0.991541 23.3988
0.991181 -0.0344992 -0.12795 -79.3034 0.0351902 0.999375 0.00314316 0.242756 0.127761 -0.00761799 0.991776 24.1587
0.991166 -0.0345098 -0.128064 -79.3899 0.0344247 0.999403 -0.0028781 0.25863 0.128087 -0.00155587 0.991762 24.9222
0.99109 -0.0351394 -0.128477 -79.4609 0.0350972 0.99938 -0.00259335 0.261158 0.128489 -0.00193893 0.991709 25.6753
0.991166 -0.0327513 -0.128523 -79.5418 0.033011 0.999455 -0.000109397 0.264187 0.128456 -0.00413421 0.991706 26.4548
0.991282 -0.0293222 -0.128459 -79.6344 0.0300943 0.999538 0.00407342 0.257062 0.12828 -0.00790378 0.991706 27.2297
0.991193 -0.0322797 -0.128434 -79.7114 0.0332108 0.999435 0.00511379 0.253379 0.128197 -0.00933414 0.991705 28.0125
0.990834 -0.0362477 -0.130131 -79.786 0.0371231 0.999301 0.00430687 0.246018 0.129884 -0.00909824 0.991487 28.7664
0.99056 -0.0383982 -0.131594 -79.867 0.0392227 0.999223 0.00367872 0.240922 0.131351 -0.00880545 0.991297 29.5358
0.990511 -0.0385875 -0.131904 -79.9629 0.0393168 0.999222 0.00292831 0.229067 0.131688 -0.00808654 0.991258 30.3064
0.990196 -0.0399988 -0.133835 -80.0428 0.040567 0.999175 0.00152023 0.219396 0.133664 -0.0069346 0.991002 31.0749
0.990303 -0.0409456 -0.132756 -80.1564 0.0416365 0.99913 0.00243184 0.204694 0.132541 -0.00793573 0.991146 31.8384
0.990602 -0.0373435 -0.131582 -80.2701 0.0382268 0.99926 0.00419316 0.187672 0.131328 -0.00918367 0.991296 32.6034
0.990501 -0.0374839 -0.1323 -80.3762 0.0382543 0.999262 0.00328588 0.180084 0.132079 -0.00831569 0.991204 33.3729
0.990381 -0.0369769 -0.133338 -80.4882 0.0377101 0.999284 0.00297714 0.171102 0.133132 -0.00797665 0.991066 34.1345
0.990229 -0.0362226 -0.134663 -80.6046 0.03694 0.999313 0.00283155 0.159683 0.134468 -0.0077783 0.990887 34.9131
0.989772 -0.0346067 -0.138398 -80.7209 0.0354038 0.999367 0.00330124 0.143792 0.138196 -0.00816727 0.990371 35.703
0.989584 -0.0293688 -0.140932 -80.8399 0.0299594 0.999549 0.00207077 0.135266 0.140807 -0.00627141 0.990017 36.4767
0.989179 -0.0305471 -0.1435 -80.9586 0.0304781 0.999532 -0.00267904 0.122648 0.143514 -0.00172353 0.989647 37.2593
0.988899 -0.0293921 -0.145654 -81.0817 0.0287945 0.999566 -0.00621002 0.106633 0.145773 0.00194709 0.989316 38.055
0.988401 -0.0307124 -0.148728 -81.1814 0.0297948 0.999521 -0.00839407 0.100601 0.148914 0.00386541 0.988842 38.8668
0.987893 -0.0317524 -0.151857 -81.3176 0.0310406 0.999493 -0.00705601 0.085778 0.152003 0.00225689 0.988377 39.7163
0.987375 -0.034013 -0.154704 -81.4444 0.0334212 0.99942 -0.00642531 0.0721697 0.154833 0.00117382 0.98794 40.5536
0.98706 -0.0350099 -0.156485 -81.5887 0.0346401 0.999387 -0.00509062 0.0598556 0.156567 -0.0003959 0.987667 41.3975
0.986867 -0.0354358 -0.157602 -81.7308 0.0355845 0.999365 -0.00187889 0.0494545 0.157569 -0.00375397 0.987501 42.2466
0.98666 -0.0359338 -0.158777 -81.8683 0.0368024 0.999319 0.00253272 0.0388569 0.158578 -0.00834228 0.987311 43.0882
0.986542 -0.0353238 -0.159647 -81.9848 0.0364885 0.999324 0.00436905 0.031223 0.159385 -0.0101355 0.987164 43.926
0.986967 -0.0321478 -0.157681 -82.1314 0.0332724 0.999436 0.00449679 0.0215734 0.157447 -0.00968459 0.98748 44.7951
0.987244 -0.0322475 -0.155918 -82.2638 0.0331889 0.999443 0.00343744 0.0125063 0.15572 -0.0085683 0.987764 45.6459
0.987494 -0.0338239 -0.153983 -82.4087 0.0343478 0.999409 0.000742198 0.00709732 0.153867 -0.00602187 0.988073 46.5189
0.987731 -0.0378683 -0.151504 -82.543 0.0381709 0.999271 -0.000911263 -0.00568092 0.151428 -0.00488293 0.988456 47.3786
0.988007 -0.0395563 -0.149255 -82.6767 0.0398502 0.999205 -0.00102173 -0.0181035 0.149176 -0.00493833 0.988798 48.2461
0.988067 -0.0407047 -0.148552 -82.8118 0.041359 0.999143 0.0013168 -0.0288875 0.148371 -0.00744501 0.988904 49.1164
0.988185 -0.0430398 -0.147099 -82.9468 0.0440492 0.999023 0.00361016 -0.0438982 0.146799 -0.0100471 0.989115 49.9778
0.988241 -0.0440193 -0.146433 -83.0737 0.0450079 0.99898 0.00344332 -0.0532034 0.146132 -0.00999346 0.989215 50.8417
0.988469 -0.0432931 -0.145099 -83.2111 0.0438982 0.999035 0.000969896 -0.0758762 0.144917 -0.00732829 0.989417 51.7127
0.988672 -0.0416869 -0.144184 -83.3455 0.041542 0.999128 -0.00401612 -0.103986 0.144226 -0.00201907 0.989543 52.5737
0.988886 -0.0409846 -0.142919 -83.4621 0.039995 0.999152 -0.00979124 -0.11782 0.143199 0.00396639 0.989686 53.4062
0.989108 -0.0366974 -0.142547 -83.5949 0.0348133 0.99927 -0.0156899 -0.139864 0.143019 0.0105565 0.989664 54.2866
0.989281 -0.0361927 -0.141469 -83.7141 0.0341152 0.999272 -0.0170836 -0.159405 0.141985 0.0120742 0.989795 55.1309
0.98915 -0.0392598 -0.141564 -83.8433 0.0379991 0.99921 -0.0115989 -0.178732 0.141907 0.00609378 0.989861 55.9988
0.989082 -0.0390569 -0.142097 -83.9933 0.0390382 0.999233 -0.00292075 -0.197997 0.142102 -0.00265834 0.989848 56.8764
0.988834 -0.0406204 -0.143381 -84.0949 0.0416448 0.999124 0.00414962 -0.215342 0.143086 -0.0100743 0.989659 57.6846
0.988253 -0.0430579 -0.146638 -84.2007 0.0438661 0.999035 0.0022809 -0.234135 0.146398 -0.0086865 0.989188 58.5084
0.987633 -0.0480896 -0.149228 -84.3074 0.0485176 0.998822 -0.000772569 -0.253729 0.149089 -0.00647716 0.988803 59.3374
0.986838 -0.0498686 -0.153832 -84.3997 0.0501404 0.99874 -0.00211402 -0.273044 0.153744 -0.00562701 0.988095 60.1582
0.986446 -0.0486659 -0.156704 -84.5376 0.0485132 0.998811 -0.00480148 -0.292197 0.156752 -0.00286581 0.987634 60.9919
0.985872 -0.047756 -0.160551 -84.6783 0.0470069 0.998859 -0.00846287 -0.314424 0.160772 0.000796308 0.986991 61.8248
0.985112 -0.0475289 -0.165213 -84.8025 0.0461053 0.998859 -0.0124429 -0.333001 0.165616 0.00464045 0.986179 62.6262
0.984698 -0.0464533 -0.167963 -84.957 0.0443012 0.998881 -0.0165396 -0.358562 0.168543 0.00884556 0.985655 63.4398
0.984262 -0.0423639 -0.171563 -85.092 0.040028 0.999053 -0.0170532 -0.385928 0.172123 0.00991753 0.985026 64.2328
0.983631 -0.03912 -0.1759 -85.2353 0.0369811 0.999197 -0.0154221 -0.410319 0.176362 0.00866469 0.984287 65.0366
0.982945 -0.0355329 -0.180436 -85.3907 0.0342103 0.99936 -0.0104377 -0.430183 0.180691 0.00408694 0.983531 65.8438
0.982083 -0.0348417 -0.185199 -85.5367 0.0343639 0.999392 -0.00578981 -0.448419 0.185288 -0.000678071 0.982684 66.6218
0.980906 -0.0361956 -0.191082 -85.6895 0.0362931 0.999337 -0.00299065 -0.464667 0.191064 -0.0040014 0.981569 67.4302
0.979438 -0.0370584 -0.198314 -85.8411 0.037249 0.999302 -0.00277056 -0.479969 0.198278 -0.00467339 0.980135 68.2104
0.977979 -0.0393206 -0.204965 -85.9977 0.0401548 0.999193 -8.95807e-05 -0.492746 0.204803 -0.00814268 0.978769 68.9892
0.976373 -0.0395491 -0.212444 -86.1658 0.0402979 0.999187 -0.000805536 -0.51077 0.212303 -0.00777452 0.977173 69.783
0.975389 -0.0353824 -0.217633 -86.3501 0.0357936 0.999357 -0.00205346 -0.531044 0.217566 -0.00578694 0.976028 70.5424
0.97443 -0.0337264 -0.222145 -86.5432 0.0331414 0.99943 -0.00636188 -0.542719 0.222233 -0.00116296 0.974993 71.2927
0.973095 -0.0363502 -0.227521 -86.7156 0.0350087 0.999338 -0.00993012 -0.55353 0.227731 0.00169774 0.973722 72.0285
0.971812 -0.0353305 -0.233095 -86.8973 0.0334086 0.999367 -0.0121894 -0.569507 0.233379 0.00405845 0.972377 72.7779
0.970555 -0.0332726 -0.238571 -87.0872 0.0322938 0.999446 -0.00801107 -0.5795 0.238705 7.08375e-05 0.971092 73.5417
0.969157 -0.0323031 -0.244316 -87.2897 0.0319472 0.999475 -0.00542023 -0.589974 0.244363 -0.00255216 0.96968 74.294
0.967531 -0.0334232 -0.250534 -87.483 0.0331879 0.999436 -0.00516503 -0.602024 0.250565 -0.00331735 0.968094 75.0321
0.965778 -0.0362239 -0.256829 -87.6966 0.0349654 0.999344 -0.00946647 -0.625207 0.257004 0.000162381 0.96641 75.7815
0.963661 -0.0380662 -0.264401 -87.9118 0.0350456 0.999255 -0.0161336 -0.650558 0.264818 0.00628124 0.964278 76.5208
0.961341 -0.0410754 -0.272281 -88.1368 0.0374419 0.999127 -0.018529 -0.675684 0.272804 0.00761802 0.962039 77.2509
0.959019 -0.0407158 -0.280401 -88.3805 0.037547 0.999156 -0.0166658 -0.699344 0.280843 0.00545463 0.959738 77.9594
0.955919 -0.0404004 -0.290837 -88.6247 0.0385711 0.999183 -0.012022 -0.717346 0.291086 0.000274199 0.956697 78.6705
0.952906 -0.0381605 -0.300857 -88.8745 0.0383455 0.99925 -0.00529218 -0.736251 0.300834 -0.00649356 0.953654 79.3726
0.949561 -0.0368879 -0.311406 -89.1215 0.0381542 0.99927 -0.00202675 -0.764573 0.311253 -0.00995689 0.950275 80.0758
0.945773 -0.0351539 -0.322921 -89.3727 0.0346923 0.999372 -0.00718691 -0.791074 0.322971 -0.00440566 0.946399 80.7907
0.941772 -0.0363268 -0.334284 -89.6319 0.0327229 0.99933 -0.0164078 -0.818547 0.334656 0.00451363 0.942329 81.4841
0.937402 -0.0395681 -0.345994 -89.8971 0.0340817 0.999178 -0.0219291 -0.840728 0.346577 0.00876437 0.93798 82.1779
0.933029 -0.0408164 -0.357478 -90.1608 0.0367847 0.99916 -0.0180734 -0.859668 0.357915 0.00371333 0.933746 82.8625
0.928808 -0.0395612 -0.368444 -90.4482 0.0378538 0.999213 -0.0118637 -0.879325 0.368624 -0.00292794 0.929574 83.5565
0.924118 -0.0409668 -0.379905 -90.7366 0.0410103 0.999127 -0.00798247 -0.897095 0.3799 -0.00820326 0.924991 84.2408
0.919296 -0.0428766 -0.391225 -91.0653 0.0420602 0.999058 -0.0106598 -0.919464 0.391314 -0.00665548 0.920233 84.9463
0.915041 -0.0447239 -0.400875 -91.3819 0.0417554 0.998997 -0.0161425 -0.945758 0.401195 -0.00196762 0.915991 85.6228
0.911349 -0.0498696 -0.408603 -91.6956 0.0442166 0.998751 -0.0232756 -0.97636 0.409253 0.00314516 0.912415 86.2983
0.90821 -0.0539617 -0.415021 -92.032 0.0460326 0.998516 -0.0290931 -1.00916 0.415975 0.00731815 0.909347 86.985
0.905089 -0.0541258 -0.421764 -92.3362 0.0450005 0.998488 -0.0315684 -1.045 0.422835 0.00959263 0.906156 87.6515
0.90184 -0.0499976 -0.429167 -92.689 0.0403054 0.998686 -0.0316494 -1.08098 0.430185 0.011245 0.902671 88.3399
0.89836 -0.0507741 -0.436316 -93.0101 0.041889 0.998673 -0.0299674 -1.11622 0.437258 0.00864469 0.899294 89.0035
0.894902 -0.0487056 -0.443596 -93.3577 0.0423196 0.998809 -0.0242916 -1.14617 0.44425 0.00296585 0.895898 89.6818
0.892164 -0.0459585 -0.449368 -93.7096 0.042737 0.998936 -0.0173158 -1.1708 0.449686 -0.00375609 0.893179 90.358
0.889685 -0.0381093 -0.454981 -94.0984 0.0369234 0.999252 -0.0114963 -1.18997 0.455078 -0.00657133 0.890427 91.0447
0.887065 -0.0324158 -0.460504 -94.4498 0.028723 0.999474 -0.0150259 -1.21469 0.460749 0.000101957 0.88753 91.7028
0.884649 -0.0369252 -0.464793 -94.8231 0.0295842 0.999296 -0.0230804 -1.24113 0.465318 0.00666759 0.885119 92.3748
0.882397 -0.0446381 -0.468383 -95.1706 0.0342494 0.998942 -0.0306786 -1.27246 0.469257 0.0110289 0.882993 93.0299
0.880405 -0.0439249 -0.472184 -95.5372 0.0330009 0.998962 -0.0313969 -1.30532 0.473073 0.0120595 0.880941 93.7092
0.878016 -0.0383291 -0.477094 -95.9266 0.0290583 0.999218 -0.0267986 -1.33603 0.477748 0.00966605 0.878443 94.3962
0.875343 -0.0358273 -0.482173 -96.2806 0.0281117 0.999335 -0.02322 -1.36884 0.482684 0.00677077 0.875768 95.0515
0.872716 -0.0398771 -0.486596 -96.6632 0.0313413 0.999179 -0.0256726 -1.40647 0.48722 0.00715433 0.87325 95.723
0.870195 -0.041326 -0.490971 -97.0458 0.0296124 0.999062 -0.031608 -1.4483 0.491816 0.0129663 0.870602 96.3907
0.867875 -0.0447365 -0.494764 -97.4434 0.0295264 0.998821 -0.0385205 -1.48304 0.495904 0.0188224 0.868173 97.055
0.865811 -0.0448235 -0.49836 -97.8478 0.0284229 0.998777 -0.0404523 -1.51907 0.499563 0.0208593 0.866026 97.7219
0.862996 -0.0428455 -0.503391 -98.217 0.0281703 0.998928 -0.0367282 -1.55268 0.504425 0.0175156 0.863278 98.389
0.860193 -0.0420473 -0.508232 -98.6098 0.0279018 0.998983 -0.035424 -1.59081 0.509205 0.0162909 0.860491 99.0587
0.857071 -0.0418515 -0.513495 -98.9936 0.0275571 0.998992 -0.0354256 -1.62806 0.51446 0.0162119 0.857361 99.7194
0.854604 -0.0435145 -0.517454 -99.4008 0.0286485 0.998916 -0.0366877 -1.66926 0.51849 0.0165292 0.854924 100.379
0.851388 -0.045904 -0.522524 -99.7921 0.0305855 0.998813 -0.037911 -1.70889 0.523643 0.0162954 0.851782 101.04
0.84857 -0.0464145 -0.527043 -100.193 0.0310828 0.998797 -0.0379148 -1.74908 0.528169 0.0157914 0.848992 101.693
0.846332 -0.0452576 -0.53073 -100.626 0.0295982 0.99884 -0.0379763 -1.79129 0.531833 0.0164319 0.84669 102.344
0.843627 -0.0459807 -0.534957 -101.025 0.0298912 0.998803 -0.0387109 -1.8329 0.536096 0.0166671 0.843992 102.98
0.839821 -0.0495989 -0.540593 -101.422 0.0310578 0.998576 -0.0433694 -1.87469 0.541975 0.0196328 0.840165 103.627
0.83718 -0.0540392 -0.544252 -101.822 0.0329272 0.998282 -0.0484708 -1.91908 0.545936 0.0226581 0.83752 104.241
0.834618 -0.0564223 -0.547933 -102.231 0.033331 0.99809 -0.0520062 -1.95434 0.54982 0.0251422 0.834904 104.864
0.83236 -0.0552231 -0.551478 -102.633 0.033782 0.998229 -0.0489711 -1.99469 0.553205 0.0221316 0.832751 105.474
0.829818 -0.0517235 -0.555632 -103.029 0.0346672 0.99855 -0.0411801 -2.02468 0.556956 0.0149098 0.830408 106.077
0.827899 -0.051263 -0.558529 -103.444 0.0395659 0.998671 -0.0330123 -2.05611 0.559479 0.00523216 0.828828 106.693
0.826236 -0.0523758 -0.560883 -103.867 0.043841 0.998627 -0.0286704 -2.09836 0.561615 -0.000901111 0.827398 107.281
0.824937 -0.0544566 -0.562595 -104.317 0.0460777 0.998514 -0.0290875 -2.14291 0.563343 -0.00192773 0.826221 107.896
0.822993 -0.0562544 -0.56526 -104.731 0.0460392 0.998416 -0.032331 -2.18459 0.566183 0.00058412 0.824279 108.477
0.821036 -0.0577076 -0.567952 -105.105 0.0455009 0.998328 -0.0356599 -2.21959 0.56906 0.00343574 0.822289 109.02
0.818724 -0.0598008 -0.571065 -105.448 0.0468847 0.998203 -0.0373121 -2.24868 0.57227 0.00377411 0.820057 109.538
0.816708 -0.0618206 -0.57373 -105.803 0.0487277 0.998082 -0.0381812 -2.28067 0.574989 0.00322644 0.818154 110.062
0.81467 -0.0613645 -0.576669 -106.154 0.0486344 0.998112 -0.0375044 -2.3136 0.577881 0.00250781 0.816117 110.563
0.812781 -0.0616926 -0.579293 -106.486 0.0500982 0.998095 -0.0360027 -2.35104 0.58041 0.000240761 0.814324 111.043
0.811663 -0.0618506 -0.580842 -106.834 0.050606 0.998085 -0.0355639 -2.38285 0.581929 -0.000528144 0.813239 111.502
0.810627 -0.0643577 -0.582016 -107.164 0.0534911 0.997925 -0.0358457 -2.41182 0.583115 -0.00207519 0.812387 111.915
0.809969 -0.0657187 -0.582779 -107.487 0.0541829 0.997837 -0.0372183 -2.4411 0.583964 -0.00143094 0.811778 112.325
0.808883 -0.0661808 -0.584234 -107.788 0.0520885 0.997804 -0.0409117 -2.47148 0.585658 0.00266093 0.810554 112.722
0.807455 -0.068758 -0.585909 -108.085 0.0522838 0.997617 -0.0450195 -2.5054 0.587608 0.00571763 0.809125 113.109
0.805068 -0.072795 -0.588698 -108.369 0.0556049 0.997333 -0.0472822 -2.53264 0.590569 0.00533096 0.806969 113.476
0.802562 -0.0763191 -0.591667 -108.641 0.0600886 0.997081 -0.0471068 -2.56353 0.593534 0.00225371 0.804805 113.811
0.799439 -0.0751696 -0.596025 -108.915 0.0595939 0.99717 -0.0458288 -2.59299 0.597783 0.00111787 0.801657 114.142
0.795781 -0.071512 -0.601348 -109.176 0.0559322 0.997438 -0.0445982 -2.61782 0.602996 0.00185576 0.797742 114.464
0.792361 -0.0650797 -0.606572 -109.43 0.0508995 0.997879 -0.0405737 -2.6428 0.607925 0.00127487 0.793993 114.765
0.788728 -0.0596092 -0.611845 -109.668 0.0490463 0.998217 -0.034026 -2.66683 0.612782 -0.00317147 0.790245 115.037
0.783544 -0.0575835 -0.618663 -109.882 0.0492477 0.99832 -0.0305481 -2.68988 0.619382 -0.00653194 0.785062 115.299
0.777506 -0.0599888 -0.626008 -110.088 0.0530534 0.998148 -0.0297573 -2.71074 0.626634 -0.0100753 0.779249 115.553
0.769725 -0.061397 -0.635417 -110.288 0.0554498 0.998033 -0.0292644 -2.73171 0.635963 -0.0127081 0.771615 115.792
0.760317 -0.0627088 -0.646518 -110.482 0.0576987 0.997915 -0.0289376 -2.75053 0.646985 -0.0153015 0.762349 116.008
0.748874 -0.0620803 -0.659798 -110.67 0.0571278 0.997944 -0.0290559 -2.76872 0.660245 -0.0159335 0.750881 116.215
0.735626 -0.0602261 -0.674706 -110.846 0.0543066 0.998077 -0.029881 -2.79059 0.675208 -0.0146597 0.737482 116.392
0.720647 -0.06152 -0.690567 -111.021 0.0531771 0.998026 -0.0334169 -2.81196 0.691259 -0.0126405 0.722496 116.554
0.704914 -0.0636297 -0.706433 -111.197 0.0508143 0.997939 -0.0391811 -2.83261 0.70747 -0.00827757 0.706695 116.706
0.688555 -0.0668914 -0.722092 -111.359 0.0499039 0.997747 -0.0448406 -2.85632 0.723464 -0.00515993 0.690342 116.845
0.672811 -0.0664992 -0.73682 -111.534 0.0443914 0.997786 -0.0495168 -2.87208 0.738481 0.000606992 0.674274 116.971
0.656647 -0.0629023 -0.751571 -111.726 0.0357185 0.997992 -0.0523191 -2.88687 0.753352 0.00751023 0.657575 117.107
0.638652 -0.0610179 -0.767072 -111.913 0.0317465 0.998092 -0.052963 -2.90145 0.76884 0.00947315 0.639371 117.236
0.618898 -0.0621916 -0.783005 -112.086 0.033341 0.998042 -0.052918 -2.91522 0.784763 0.00664468 0.61976 117.35
0.597392 -0.0626409 -0.799499 -112.265 0.0345277 0.998029 -0.0523964 -2.92978 0.801206 0.00369635 0.598377 117.471
0.574604 -0.0609081 -0.816162 -112.448 0.0326946 0.998139 -0.0514705 -2.93905 0.817778 0.00289116 0.575527 117.567
0.550371 -0.0572778 -0.832953 -112.65 0.0275448 0.998347 -0.0504509 -2.94371 0.834465 0.0048232 0.551039 117.654
0.526182 -0.0540357 -0.848653 -112.844 0.0234144 0.998521 -0.0490607 -2.94743 0.850049 0.00594423 0.526669 117.719
0.502544 -0.0520674 -0.862982 -113.048 0.0192261 0.998611 -0.0490544 -2.94587 0.864338 0.00806024 0.502847 117.759
0.478632 -0.0499727 -0.876592 -113.25 0.0142283 0.998689 -0.0491643 -2.95363 0.8779 0.0110592 0.478716 117.793
0.45378 -0.0469733 -0.889875 -113.469 0.00802553 0.998785 -0.0486297 -2.95552 0.891077 0.0149255 0.453606 117.836
0.426664 -0.0446071 -0.903309 -113.673 0.00335078 0.998854 -0.0477426 -2.96688 0.904403 0.0173433 0.426325 117.88
0.396584 -0.0461777 -0.916836 -113.882 0.00203794 0.998776 -0.0494231 -2.97405 0.917996 0.017732 0.396193 117.936
0.363788 -0.0487657 -0.930204 -114.103 -0.000459864 0.998619 -0.0525322 -2.9936 0.931481 0.0195384 0.363263 117.993
0.328731 -0.0521772 -0.942981 -114.325 -0.00327961 0.998404 -0.0563871 -3.01588 0.944417 0.0216289 0.328036 118.04
0.287812 -0.0552762 -0.95609 -114.57 -0.00564645 0.998218 -0.0594115 -3.02141 0.95767 0.0224979 0.286988 118.096
0.245234 -0.0568014 -0.967798 -114.838 -0.00794761 0.998131 -0.0605955 -3.03305 0.969431 0.0225518 0.244324 118.14
0.199087 -0.0597236 -0.97816 -115.12 -0.0108887 0.997945 -0.0631478 -3.03677 0.979921 0.0232229 0.198028 118.182
0.151351 -0.0629927 -0.986471 -115.421 -0.0141963 0.997726 -0.0658894 -3.04848 0.988378 0.0239767 0.150112 118.197
0.101732 -0.0650083 -0.992685 -115.736 -0.0172108 0.997598 -0.0670938 -3.06195 0.994663 0.0239106 0.100369 118.201
0.0495186 -0.0659728 -0.996592 -116.057 -0.0209139 0.997529 -0.0670739 -3.0776 0.998554 0.024164 0.0480167 118.196
-0.00273038 -0.0645735 -0.997909 -116.414 -0.0240409 0.997629 -0.0644895 -3.10104 0.999707 0.0238146 -0.00427609 118.162
-0.056227 -0.0627147 -0.996446 -116.779 -0.0246626 0.997808 -0.0614087 -3.11984 0.998113 0.0211222 -0.0576502 118.113
-0.109546 -0.0614898 -0.992078 -117.129 -0.0259059 0.997923 -0.0589915 -3.13305 0.993644 0.0192384 -0.110911 118.036
-0.162752 -0.0618808 -0.984724 -117.49 -0.0271417 0.997935 -0.058225 -3.13401 0.986293 0.0172509 -0.164095 117.936
-0.216048 -0.0616963 -0.974431 -117.898 -0.0293895 0.997961 -0.0566698 -3.13988 0.97594 0.0163947 -0.217421 117.823
-0.26681 -0.0609601 -0.961819 -118.292 -0.0323095 0.998003 -0.0542906 -3.1588 0.963207 0.0165906 -0.268247 117.679
-0.316376 -0.0595719 -0.946761 -118.701 -0.0334423 0.998107 -0.0516273 -3.19191 0.948044 0.0153282 -0.317768 117.519
-0.36435 -0.057569 -0.929481 -119.114 -0.0324533 0.998267 -0.0491078 -3.2238 0.930696 0.0122723 -0.365586 117.332
-0.410634 -0.0557066 -0.910097 -119.528 -0.0312425 0.998406 -0.0470153 -3.25334 0.911264 0.00912764 -0.41172 117.119
-0.453005 -0.0550477 -0.889806 -119.921 -0.0315672 0.998457 -0.0456982 -3.26316 0.890948 0.00738722 -0.454044 116.869
-0.493421 -0.0537995 -0.868125 -120.339 -0.0320259 0.998533 -0.0436783 -3.28872 0.869201 0.00625078 -0.494419 116.588
-0.530226 -0.0532777 -0.84618 -120.744 -0.0336225 0.99856 -0.0418036 -3.31357 0.847189 0.00628535 -0.531254 116.289
-0.562562 -0.0540365 -0.824987 -121.183 -0.0363748 0.998514 -0.0405982 -3.32773 0.825954 0.00716976 -0.563691 115.95
-0.589712 -0.0541513 -0.805796 -121.626 -0.0385863 0.9985 -0.0388624 -3.35495 0.806691 0.00817505 -0.590916 115.595
-0.61037 -0.0564774 -0.7901 -122.064 -0.0432401 0.998344 -0.0379589 -3.37801 0.790935 0.010995 -0.611801 115.212
-0.626947 -0.0587669 -0.776842 -122.525 -0.0462538 0.9982 -0.0381832 -3.39423 0.777687 0.0119931 -0.628536 114.812
