1 0 0 0 0 1 0 0 0 0 1 0
0.999993 0.00355208 -0.00146669 0.0459163 -0.00355072 0.999993 0.000929454 -0.00128479 0.00146998 -0.000924239 0.999999 0.700385
0.999978 0.0061025 -0.00250263 0.0446214 -0.0060997 0.999981 0.00112347 -0.0122849 0.00250944 -0.00110818 0.999996 1.46073
0.999967 0.00757608 -0.00281152 0.032257 -0.00757432 0.999971 0.000634066 -0.0259965 0.00281624 -0.00061275 0.999996 2.20248
0.999948 0.00961127 -0.0032885 0.0199803 -0.0096103 0.999954 0.000308626 -0.0400409 0.00329131 -0.000277007 0.999995 2.94508
0.999945 0.00987611 -0.00339581 0.0110503 -0.00987513 0.999951 0.000304915 -0.0606389 0.00339865 -0.000271364 0.999994 3.6686
0.999945 0.00999568 -0.00317235 0.00230509 -0.00999122 0.999949 0.00141992 -0.0803728 0.00318638 -0.00138815 0.999994 4.39215
0.999939 0.0106678 -0.00295363 0.00125889 -0.0106547 0.999933 0.00442502 -0.0965791 0.00300064 -0.00439328 0.999986 5.10045
0.999943 0.010539 -0.00148927 -0.00183162 -0.0105261 0.999909 0.00845855 -0.111007 0.00157828 -0.0084424 0.999963 5.76834
0.999954 0.00959895 -0.000104802 -0.00305547 -0.00959697 0.99988 0.0121426 -0.119463 0.000221346 -0.0121411 0.999926 6.39954
0.999961 0.00872947 0.00116502 -0.0106502 -0.00874493 0.999863 0.0140066 -0.125807 -0.00104259 -0.0140162 0.999901 7.02853
0.999953 0.00937229 0.00249592 -0.0148466 -0.00940563 0.999862 0.0136971 -0.131801 -0.00236721 -0.0137199 0.999903 7.63688
0.999943 0.0101069 0.00349392 -0.0141455 -0.0101447 0.999888 0.0109742 -0.137826 -0.00338262 -0.011009 0.999934 8.22692
0.999938 0.0101622 0.00464529 -0.0182708 -0.0102005 0.999913 0.00830555 -0.147305 -0.00456048 -0.00835242 0.999955 8.74335
0.999945 0.00830419 0.00637845 -0.0197229 -0.00834977 0.999939 0.00715366 -0.154921 -0.00631865 -0.00720653 0.999954 9.24927
0.999952 0.00456297 0.00869855 -0.019997 -0.00460501 0.999978 0.00481863 -0.163755 -0.00867637 -0.00485845 0.99995 9.75511
0.999938 0.00239985 0.0108728 -0.0241846 -0.00244188 0.999989 0.00385371 -0.17547 -0.0108635 -0.00388002 0.999933 10.1863
0.999891 0.00656761 0.0132352 -0.0247884 -0.00659469 0.999976 0.00200296 -0.188552 -0.0132217 -0.00209002 0.99991 10.6127
0.999808 0.0110159 0.0162086 -0.0235114 -0.0110371 0.999938 0.00122145 -0.197225 -0.0161941 -0.00140011 0.999868 11.0111
0.999746 0.0113458 0.0194617 -0.017694 -0.0113937 0.999932 0.00234892 -0.205437 -0.0194337 -0.00257007 0.999808 11.3697
0.999724 0.00683912 0.0224689 -0.00222904 -0.00690535 0.999972 0.00287168 -0.211786 -0.0224486 -0.00302604 0.999743 11.6834
0.99968 0.00232995 0.0252069 0.00600642 -0.00239802 0.999993 0.00267025 -0.216645 -0.0252005 -0.00272984 0.999679 11.9673
0.999616 -0.00148487 0.0276673 0.0167162 0.00137274 0.999991 0.00407125 -0.226337 -0.0276731 -0.00403171 0.999609 12.2274
0.99954 -0.0015225 0.0302994 0.0293549 0.00136243 0.999985 0.00530272 -0.234273 -0.030307 -0.005259 0.999527 12.4632
0.999495 -0.000870367 0.0317635 0.0437872 0.000723842 0.999989 0.00462412 -0.241381 -0.0317672 -0.00459879 0.999485 12.6816
0.9994 -0.000114361 0.0346286 0.0429467 6.07325e-06 0.999995 0.00312713 -0.246937 -0.0346288 -0.00312505 0.999395 12.8661
0.999297 0.00198664 0.0374381 0.046375 -0.00207518 0.999995 0.00232618 -0.252523 -0.0374333 -0.00240223 0.999296 13.0505
0.99925 0.00437591 0.0384648 0.0563811 -0.00445058 0.999988 0.00185584 -0.260453 -0.0384562 -0.00202564 0.999258 13.2145
0.999177 0.00569366 0.040161 0.0641806 -0.00571269 0.999983 0.000359299 -0.265149 -0.0401583 -0.000588432 0.999193 13.3837
0.99912 0.00469291 0.041684 0.076162 -0.00465029 0.999988 -0.00111941 -0.273543 -0.0416888 0.000924584 0.99913 13.5281
0.999075 0.00367275 0.0428491 0.088384 -0.00358591 0.999991 -0.00210338 -0.281966 -0.0428564 0.00194778 0.999079 13.6726
0.999024 0.00240485 0.0441132 0.099977 -0.00226747 0.999992 -0.00316404 -0.285664 -0.0441205 0.00306092 0.999021 13.8144
0.998959 0.00305061 0.0455236 0.110241 -0.00284298 0.999985 -0.00462509 -0.288844 -0.045537 0.00449085 0.998953 13.9522
0.998913 0.00386724 0.0464555 0.120643 -0.00356372 0.999972 -0.00661451 -0.292328 -0.0464798 0.00644177 0.998898 14.0899
0.998842 0.00436639 0.0479181 0.117384 -0.00395459 0.999954 -0.00868537 -0.298033 -0.0479539 0.00848581 0.998813 14.2056
0.998826 0.00311832 0.0483412 0.128433 -0.00259014 0.999936 -0.0109849 -0.301473 -0.0483724 0.0108468 0.99877 14.3319
0.998845 0.00248447 0.0479845 0.139356 -0.00186013 0.999913 -0.0130516 -0.304362 -0.0480127 0.0129473 0.998763 14.462
0.998969 0.0020142 0.0453443 0.146771 -0.00137063 0.999898 -0.0142196 -0.307202 -0.0453683 0.0141428 0.99887 14.5904
0.999103 0.00229128 0.042294 0.151265 -0.00164704 0.999882 -0.015261 -0.308731 -0.042324 0.0151777 0.998989 14.7173
0.99928 0.00310095 0.0378013 0.155538 -0.00247212 0.999858 -0.0166707 -0.307052 -0.0378477 0.0165652 0.999146 14.8509
0.999464 0.00414157 0.0324779 0.149247 -0.00355964 0.999832 -0.017955 -0.306965 -0.0325469 0.0178297 0.999311 14.9696
0.999665 0.00416251 0.0255542 0.152307 -0.00367432 0.99981 -0.0191213 -0.303174 -0.0256289 0.019021 0.99949 15.1013
0.999826 0.00446703 0.018116 0.15081 -0.00410266 0.999789 -0.0201008 -0.301326 -0.018202 0.020023 0.999634 15.2281
0.999945 0.00441643 0.00947566 0.151121 -0.00421618 0.999769 -0.0210508 -0.303762 -0.00956646 0.0210097 0.999733 15.3685
0.999996 0.00285302 -0.0005945 0.145689 -0.00286559 0.999746 -0.0223358 -0.304902 0.000530611 0.0223374 0.99975 15.5095
0.999906 0.00145017 -0.01361 0.136763 -0.00177503 0.999713 -0.0238876 -0.308103 0.0135714 0.0239095 0.999622 15.6437
0.999556 0.00081855 -0.0297902 0.114146 -0.00158709 0.999666 -0.0257837 -0.309793 0.0297592 0.0258195 0.999223 15.8014
0.998825 0.00158391 -0.048436 0.0727528 -0.00288353 0.999637 -0.0267735 -0.315595 0.048376 0.0268817 0.998467 15.9662
0.997573 0.00265897 -0.0695703 0.0246716 -0.00451416 0.999638 -0.0265228 -0.317313 0.0694746 0.0267725 0.997224 16.1466
0.995756 0.00370996 -0.0919589 -0.0458731 -0.00605813 0.999662 -0.025269 -0.324514 0.0918341 0.0257189 0.995442 16.3459
0.993075 0.00509319 -0.117368 -0.1191 -0.007942 0.999684 -0.0238176 -0.332107 0.11721 0.0245848 0.992803 16.5525
0.989225 0.00560337 -0.146294 -0.220658 -0.00892178 0.999717 -0.0220369 -0.334189 0.146129 0.0231047 0.988996 16.7996
0.983968 0.00579336 -0.178248 -0.308442 -0.00922687 0.999787 -0.0184397 -0.342744 0.178103 0.0197887 0.983813 17.0204
0.976809 0.00686865 -0.213999 -0.410061 -0.0101899 0.999844 -0.0144206 -0.347924 0.213867 0.0162668 0.976727 17.255
0.96746 0.00857285 -0.252878 -0.526867 -0.0112516 0.999894 -0.00914891 -0.350914 0.252773 0.0116965 0.967455 17.5113
0.955875 0.0122328 -0.29352 -0.693394 -0.0142009 0.999888 -0.00457508 -0.347676 0.293431 0.00854144 0.955942 17.8088
0.942095 0.0161499 -0.334957 -0.86671 -0.0172249 0.999851 -0.000238997 -0.348465 0.334903 0.00599477 0.942233 18.0856
0.926006 0.0194593 -0.377006 -1.01093 -0.0186733 0.999809 0.00573987 -0.361918 0.377046 0.00172478 0.926193 18.3271
0.90715 0.0236419 -0.420143 -1.19671 -0.0198992 0.999713 0.0132897 -0.366422 0.420337 -0.00369524 0.907361 18.6122
0.885927 0.0282336 -0.462963 -1.39591 -0.0214605 0.999571 0.0198915 -0.36915 0.463327 -0.00768701 0.886154 18.8882
0.861402 0.032578 -0.506878 -1.61751 -0.0234838 0.999428 0.0243261 -0.359716 0.507381 -0.00905112 0.861674 19.176
0.833831 0.0354692 -0.550879 -1.85369 -0.0245574 0.999329 0.0271723 -0.349352 0.551473 -0.00912894 0.834143 19.4518
0.803657 0.0391803 -0.593801 -2.11328 -0.0276775 0.999211 0.0284711 -0.337677 0.594448 -0.00644608 0.804108 19.7206
0.770456 0.04188 -0.636116 -2.40533 -0.0284895 0.999104 0.031272 -0.323868 0.636856 -0.00597107 0.770959 19.9947
0.733629 0.0460412 -0.677988 -2.72159 -0.0301131 0.998924 0.0352511 -0.306631 0.678882 -0.00544487 0.734227 20.2792
0.695052 0.0473632 -0.717397 -3.0438 -0.0284068 0.998857 0.0384235 -0.289534 0.718398 -0.00632742 0.695604 20.539
0.65422 0.0468732 -0.75485 -3.40912 -0.0255524 0.998877 0.0398803 -0.272949 0.755872 -0.00680227 0.654684 20.8188
0.611534 0.045492 -0.789909 -3.7732 -0.0206675 0.998923 0.041529 -0.254258 0.790948 -0.00907101 0.611816 21.0674
0.566419 0.04462 -0.822908 -4.16676 -0.0156584 0.998935 0.0433867 -0.232467 0.823968 -0.0116897 0.566515 21.3099
0.518955 0.0454514 -0.853592 -4.59607 -0.0132275 0.998892 0.0451463 -0.208191 0.854699 -0.012138 0.518982 21.5513
0.468728 0.0450144 -0.882195 -5.05809 -0.0121243 0.998934 0.0445292 -0.186561 0.883259 -0.0101761 0.468775 21.7646
0.416873 0.0435857 -0.907919 -5.54834 -0.00732256 0.998978 0.0445949 -0.16151 0.908935 -0.0119422 0.416767 21.9468
0.363719 0.0426277 -0.930533 -6.04846 -0.00268468 0.998996 0.0447146 -0.137362 0.931505 -0.0137654 0.363468 22.0985
0.309677 0.0415633 -0.949933 -6.59774 -0.000689583 0.999053 0.0434877 -0.109884 0.950841 -0.0128121 0.309413 22.2474
0.255717 0.0469331 -0.965612 -7.15965 -0.000417089 0.998826 0.048437 -0.0778632 0.966752 -0.0119834 0.255436 22.3675
0.204144 0.0513035 -0.977595 -7.75317 0.00184113 0.998603 0.0527905 -0.0434257 0.978939 -0.0125768 0.203765 22.4669
0.158252 0.052243 -0.986016 -8.36306 0.00555933 0.998536 0.0537986 -0.0102871 0.987383 -0.0139953 0.15773 22.5154
0.115929 0.0526567 -0.991861 -8.98384 0.00576917 0.998541 0.0536856 0.023162 0.993241 -0.011946 0.115457 22.5444
0.0757189 0.0503625 -0.995856 -9.64156 0.00529173 0.998689 0.0509081 0.0624606 0.997115 -0.00912452 0.0753533 22.568
0.0395825 0.0461258 -0.998151 -10.324 0.00246924 0.998926 0.0462596 0.100556 0.999213 -0.00429575 0.0394263 22.5774
0.0114427 0.0454777 -0.9989 -11.0156 -0.00111065 0.998965 0.045468 0.143555 0.999934 0.000589143 0.0114815 22.5583
-0.00863748 0.0485619 -0.998783 -11.7141 -0.0040084 0.99881 0.0485979 0.182463 0.999955 0.00442328 -0.00843238 22.5195
-0.0212 0.0548308 -0.99827 -12.4464 -0.00248396 0.998488 0.0548955 0.211449 0.999772 0.00364344 -0.0210316 22.4852
-0.0299417 0.0578257 -0.997877 -13.1934 -0.0025429 0.998317 0.0579275 0.239018 0.999548 0.00427194 -0.0297441 22.4643
-0.0350782 0.055132 -0.997862 -13.9946 -0.00112964 0.998474 0.0552055 0.273018 0.999384 0.00306372 -0.0349622 22.4555
-0.0343298 0.0516879 -0.998073 -14.786 0.00594844 0.998654 0.0515134 0.306546 0.999393 -0.00416855 -0.0345909 22.4324
-0.0302269 0.0508471 -0.998249 -15.5835 0.0161617 0.998599 0.0503756 0.34355 0.999412 -0.0146107 -0.0310061 22.4147
-0.0246288 0.050918 -0.998399 -16.4276 0.0162248 0.99859 0.0505275 0.38453 0.999565 -0.0149545 -0.02542 22.3912
-0.0196416 0.0495171 -0.99858 -17.2968 0.0142906 0.998684 0.0492411 0.425362 0.999705 -0.0133032 -0.0203232 22.3651
-0.0161509 0.0418794 -0.998992 -18.1326 0.0162384 0.999001 0.0416173 0.476249 0.999738 -0.0155499 -0.0168146 22.3358
-0.015024 0.0307235 -0.999415 -19.049 0.012006 0.999461 0.0305444 0.524073 0.999815 -0.0115401 -0.0153846 22.3322
-0.0148178 0.0225333 -0.999636 -19.9957 0.00560371 0.999732 0.0224524 0.547513 0.999874 -0.00526898 -0.0149399 22.3121
-0.0176033 0.0201224 -0.999642 -20.9571 -0.00109589 0.999796 0.0201448 0.573445 0.999844 0.00145012 -0.0175775 22.3079
-0.0129775 0.0249307 -0.999605 -21.9287 -0.0115521 0.999618 0.025081 0.611471 0.999849 0.011873 -0.0126844 22.1173
-0.0185251 0.0316869 -0.999326 -22.8162 -0.016908 0.999344 0.0320009 0.641056 0.999685 0.0174894 -0.017977 22.1105
-0.0261111 0.0408241 -0.998825 -23.8111 -0.0172909 0.998997 0.0412832 0.676337 0.999509 0.0183485 -0.0253789 22.1227
-0.0298828 0.049918 -0.998306 -24.834 -0.0177668 0.998567 0.0504629 0.720701 0.999395 0.0192447 -0.028953 22.1193
-0.0336281 0.0562925 -0.997848 -25.8209 -0.0149962 0.998271 0.0568218 0.76713 0.999322 0.0168748 -0.0327256 22.13
-0.0368962 0.0570844 -0.997687 -26.883 -0.012934 0.998256 0.0575953 0.821417 0.999235 0.0150292 -0.0360934 22.1054
-0.0427715 0.0536528 -0.997643 -27.8679 -0.0132941 0.998437 0.0542655 0.864711 0.998996 0.0155838 -0.0419912 22.1331
-0.0496981 0.0489678 -0.997563 -28.97 -0.0125409 0.998687 0.0496478 0.916435 0.998685 0.0149778 -0.0490187 22.1327
-0.0556543 0.0438991 -0.997484 -29.9962 -0.0113769 0.99894 0.044598 0.950008 0.998385 0.0138303 -0.0550957 22.0901
-0.0608304 0.0389576 -0.997387 -31.0269 -0.0103635 0.999159 0.0396589 0.982065 0.998094 0.0127489 -0.0603754 22.0181
-0.0664638 0.036349 -0.997126 -32.0725 -0.0126772 0.999224 0.0372705 1.02398 0.997708 0.0151179 -0.0659513 21.9194
-0.0720768 0.0390969 -0.996632 -33.1025 -0.0134862 0.999101 0.0401691 1.04408 0.997308 0.016336 -0.0714846 21.8244
-0.0780339 0.0435723 -0.995998 -34.1771 -0.0153521 0.998873 0.0449009 1.07833 0.996832 0.0187944 -0.0772769 21.7255
-0.0838913 0.0461496 -0.995405 -35.2386 -0.0189068 0.998673 0.0478946 1.11072 0.996296 0.0228379 -0.0829073 21.6168
-0.0888548 0.0480164 -0.994886 -36.3514 -0.0222746 0.998491 0.0501798 1.15972 0.995795 0.0266194 -0.087651 21.5086
-0.0914999 0.0490821 -0.994594 -37.4508 -0.026687 0.998304 0.0517204 1.20601 0.995447 0.0312752 -0.0900347 21.394
-0.0930879 0.049921 -0.994405 -38.5394 -0.030742 0.998121 0.0529854 1.25026 0.995183 0.0355023 -0.0913782 21.2779
-0.0947537 0.0492449 -0.994282 -39.6482 -0.0318623 0.998113 0.0524712 1.29631 0.994991 0.036652 -0.0930057 21.1634
-0.0958089 0.048218 -0.994231 -40.716 -0.0331149 0.998118 0.0515976 1.33349 0.994849 0.0378674 -0.0940317 21.0397
-0.09786 0.0474221 -0.994069 -41.8415 -0.0341179 0.998116 0.0509739 1.37925 0.994615 0.0389039 -0.0960576 20.9398
-0.0990532 0.0465072 -0.993994 -42.9381 -0.0369016 0.998048 0.0503741 1.4186 0.994398 0.0416698 -0.0971436 20.8187
-0.10075 0.04403 -0.993937 -44.0257 -0.0412895 0.997974 0.0483942 1.451 0.994055 0.0459148 -0.0987274 20.7076
-0.0997379 0.0390858 -0.994245 -45.1834 -0.0472968 0.997912 0.0439745 1.49798 0.993889 0.0514106 -0.0976809 20.5549
-0.100511 0.0381986 -0.994202 -46.248 -0.0488034 0.99787 0.0432735 1.53638 0.993738 0.05287 -0.0984324 20.4486
-0.0990849 0.0419242 -0.994195 -47.3333 -0.0503887 0.997618 0.0470905 1.57547 0.993802 0.0547622 -0.0967363 20.3195
-0.09839 0.0450268 -0.994128 -48.4918 -0.0500905 0.997485 0.0501363 1.61784 0.993886 0.0547294 -0.0958871 20.2201
-0.097506 0.0447279 -0.994229 -49.5737 -0.0483554 0.997596 0.0496217 1.6529 0.994059 0.0529148 -0.0951086 20.1098
-0.0952766 0.0439036 -0.994482 -50.719 -0.048146 0.997654 0.0486563 1.69638 0.994286 0.0525161 -0.0929392 20.0011
-0.0914248 0.0442629 -0.994827 -51.8596 -0.0526534 0.997399 0.0492162 1.73588 0.994419 0.0568807 -0.0888563 19.8903
-0.0865624 0.0451708 -0.995221 -53.0124 -0.0571908 0.997098 0.0502304 1.77727 0.994604 0.0612656 -0.0837277 19.791
-0.0813005 0.0447634 -0.995683 -54.1732 -0.0614597 0.996864 0.0498349 1.82047 0.994793 0.0652461 -0.0782942 19.6983
-0.076103 0.0436779 -0.996142 -55.3154 -0.0630895 0.996827 0.0485278 1.86174 0.995102 0.0665393 -0.0731057 19.608
-0.0705052 0.0426717 -0.996598 -56.4424 -0.0627863 0.996913 0.0471271 1.90381 0.995533 0.0658955 -0.0676082 19.5247
-0.0657021 0.0422906 -0.996942 -57.5916 -0.0605464 0.997091 0.0462871 1.94311 0.996001 0.0634024 -0.0629503 19.4557
-0.0612349 0.0425798 -0.997214 -58.751 -0.0591311 0.99718 0.0462093 1.9845 0.99637 0.061796 -0.0585443 19.3962
-0.056002 0.0440892 -0.997456 -59.8759 -0.0582041 0.997181 0.0473449 2.0208 0.996733 0.0607075 -0.0532778 19.3281
-0.0507862 0.0452732 -0.997682 -61.0531 -0.0587949 0.997103 0.0482398 2.0602 0.996977 0.0611086 -0.0479771 19.2706
-0.04651 0.044281 -0.997935 -62.2039 -0.0574827 0.997242 0.0469293 2.0982 0.997263 0.0595467 -0.0438362 19.2288
-0.0435105 0.0397496 -0.998261 -63.3628 -0.0575508 0.997449 0.0422256 2.13125 0.997394 0.0592881 -0.0411117 19.193
-0.0394533 0.0344742 -0.998626 -64.5333 -0.057333 0.99768 0.0367066 2.16176 0.997575 0.0587025 -0.037385 19.1467
-0.0350899 0.0331605 -0.998833 -65.6633 -0.0576472 0.997718 0.0351486 2.19852 0.99772 0.0588134 -0.033098 19.0851
-0.0321548 0.0354456 -0.998854 -66.8605 -0.0571889 0.997668 0.0372446 2.22201 0.997845 0.058321 -0.0300525 19.0429
-0.0284068 0.0352481 -0.998974 -67.9927 -0.0575937 0.99766 0.0368395 2.24677 0.997936 0.0585812 -0.0263101 18.959
-0.0258807 0.0349831 -0.999052 -69.1733 -0.059805 0.997543 0.0364795 2.27508 0.997874 0.0606925 -0.0237248 18.888
-0.0234933 0.0355994 -0.99909 -70.3542 -0.0616987 0.997409 0.0369903 2.30415 0.997818 0.0625116 -0.0212358 18.8199
-0.0207746 0.0346352 -0.999184 -71.4955 -0.0634112 0.997341 0.0358897 2.33453 0.997771 0.0641051 -0.0185229 18.7517
-0.0183117 0.0322117 -0.999313 -72.6999 -0.0645932 0.997354 0.0333322 2.36224 0.997743 0.0651592 -0.0161824 18.7008
-0.0170807 0.0311286 -0.999369 -73.9077 -0.0635271 0.997461 0.032155 2.38306 0.997834 0.0640363 -0.0150597 18.6677
-0.0172229 0.0309484 -0.999372 -75.0958 -0.0603013 0.997669 0.0319349 2.40557 0.998031 0.0608135 -0.0153163 18.6487
-0.0173314 0.0320683 -0.999335 -76.276 -0.0567269 0.997844 0.0330042 2.41895 0.998239 0.0572613 -0.0154748 18.6278
-0.0158981 0.0341666 -0.999289 -77.4522 -0.057583 0.997725 0.0350292 2.44327 0.998214 0.0580991 -0.0138944 18.5801
-0.014096 0.0373782 -0.999201 -78.6301 -0.0600495 0.997465 0.0381604 2.47272 0.998096 0.0605395 -0.0118156 18.5348
-0.0135954 0.0368923 -0.999226 -79.8122 -0.0620511 0.997361 0.0376678 2.50335 0.99798 0.0625152 -0.0112701 18.5074
-0.0130521 0.034432 -0.999321 -81.0101 -0.0632246 0.997378 0.0351908 2.53257 0.997914 0.0636411 -0.0108407 18.4836
-0.0126341 0.0319346 -0.99941 -82.2043 -0.0632139 0.997465 0.0326715 2.5561 0.99792 0.0635894 -0.0105832 18.4675
-0.0119299 0.0313035 -0.999438 -83.3931 -0.0614092 0.9976 0.031979 2.57568 0.998041 0.0617563 -0.00997878 18.4448
-0.010445 0.0327707 -0.999408 -84.5691 -0.0597168 0.997658 0.0333375 2.60109 0.998161 0.0600297 -0.00846342 18.415
-0.0104138 0.0351965 -0.999326 -85.7682 -0.0588091 0.997629 0.0357495 2.62644 0.998215 0.0591418 -0.00831907 18.4046
-0.0108784 0.0373184 -0.999244 -86.9615 -0.0591568 0.997529 0.0378984 2.65022 0.998189 0.0595244 -0.00864372 18.4037
-0.0110836 0.0372962 -0.999242 -88.1375 -0.0598557 0.997487 0.0378946 2.67499 0.998145 0.0602304 -0.00882314 18.3955
-0.0110122 0.0352178 -0.999319 -89.3242 -0.0591542 0.997606 0.0358093 2.69637 0.998188 0.0595083 -0.0089024 18.3794
-0.0131627 0.0333116 -0.999358 -90.479 -0.0571321 0.997787 0.0340117 2.71758 0.99828 0.0575432 -0.0112302 18.3933
-0.0145327 0.0337859 -0.999323 -91.6765 -0.0551802 0.997878 0.0345395 2.74369 0.998371 0.0556449 -0.0126374 18.3977
-0.0158756 0.0367471 -0.999198 -92.8585 -0.052437 0.997918 0.0375331 2.7624 0.998498 0.0529909 -0.0139155 18.3937
-0.0166475 0.0393281 -0.999087 -94.0271 -0.0517409 0.997853 0.0401417 2.78325 0.998522 0.052362 -0.0145767 18.3797
-0.0171207 0.0409543 -0.999014 -95.2179 -0.0524501 0.997748 0.0418012 2.81107 0.998477 0.0531141 -0.0149339 18.3675
-0.0176034 0.0426953 -0.998933 -96.3663 -0.0549302 0.997537 0.0436036 2.83177 0.998335 0.0556392 -0.0152146 18.3426
-0.0192589 0.0424294 -0.998913 -97.5618 -0.0557435 0.997499 0.043444 2.85301 0.998259 0.0565196 -0.0168454 18.346
-0.0187572 0.0386135 -0.999078 -98.7323 -0.0586179 0.997492 0.0396527 2.88109 0.998104 0.0593076 -0.0164465 18.3049
-0.0177016 0.0365759 -0.999174 -99.9025 -0.0612416 0.997414 0.0375964 2.91249 0.997966 0.0618566 -0.0154157 18.2581
-0.0163261 0.0345734 -0.999268 -101.057 -0.0625823 0.997407 0.0355315 2.93859 0.997906 0.0631166 -0.0141199 18.2121
-0.0156302 0.0347738 -0.999273 -102.226 -0.0611306 0.997492 0.035668 2.96697 0.998007 0.0616437 -0.013465 18.1873
-0.0154101 0.0363662 -0.999219 -103.39 -0.0601954 0.997492 0.0372316 2.99859 0.998068 0.0607222 -0.0131822 18.1632
-0.0161572 0.0383241 -0.999134 -104.598 -0.0584418 0.99752 0.0392072 3.02951 0.99816 0.0590247 -0.0138773 18.1515
-0.0180936 0.0372429 -0.999142 -105.774 -0.0615287 0.99737 0.0382911 3.05693 0.997941 0.0621688 -0.0157544 18.1396
-0.0191662 0.0382312 -0.999085 -106.974 -0.0653809 0.997082 0.0394088 3.09161 0.997676 0.0660765 -0.0166105 18.1146
-0.0199674 0.0370503 -0.999113 -108.142 -0.0686398 0.996904 0.0383401 3.11935 0.997442 0.0693445 -0.0173623 18.0872
-0.020616 0.0332882 -0.999233 -109.332 -0.0693945 0.996987 0.0346451 3.14612 0.997376 0.0700555 -0.0182437 18.0566
-0.0215663 0.0293587 -0.999336 -110.524 -0.0695336 0.997104 0.0307936 3.16904 0.997346 0.0701516 -0.0194622 18.0257
-0.0224442 0.0282745 -0.999348 -111.722 -0.0661736 0.997366 0.0297046 3.19305 0.997555 0.0667972 -0.0205139 17.9949
-0.0229457 0.0272643 -0.999364 -112.948 -0.0622772 0.997647 0.0286473 3.22016 0.997795 0.062895 -0.0211935 17.9626
-0.0235926 0.0290625 -0.999299 -114.195 -0.0616204 0.997634 0.0304689 3.24426 0.99782 0.0622961 -0.0217458 17.9326
-0.0245628 0.0327977 -0.99916 -115.426 -0.0608801 0.997557 0.0342417 3.27077 0.997843 0.0616701 -0.0225058 17.8955
-0.0245895 0.033282 -0.999143 -116.631 -0.0599718 0.997596 0.0347064 3.28179 0.997897 0.0607739 -0.0225342 17.8317
-0.0248004 0.0294761 -0.999257 -117.916 -0.0600295 0.997717 0.0309205 3.29953 0.997888 0.0607518 -0.0229742 17.7858
-0.0278795 0.0261886 -0.999268 -119.156 -0.0597746 0.997824 0.0278185 3.31519 0.997822 0.0605064 -0.0262533 17.7745
-0.0284254 0.024715 -0.99929 -120.396 -0.0593929 0.997886 0.0263697 3.33492 0.99783 0.0601003 -0.0268972 17.7261
-0.028371 0.0255275 -0.999271 -121.632 -0.061652 0.997726 0.0272384 3.35592 0.997694 0.0623799 -0.0267325 17.6642
-0.0284398 0.0294038 -0.999162 -122.867 -0.0661432 0.997321 0.0312322 3.38177 0.997405 0.0669761 -0.0264185 17.6021
-0.0284945 0.0317754 -0.999088 -124.127 -0.0719586 0.996836 0.0337561 3.40934 0.997 0.072855 -0.0261176 17.5429
-0.0280419 0.0314606 -0.999111 -125.41 -0.0793949 0.996277 0.0335997 3.43883 0.996449 0.0802666 -0.0254395 17.4837
-0.0277201 0.0293791 -0.999183 -126.683 -0.0827783 0.996067 0.0315839 3.46367 0.996182 0.0835863 -0.0251789 17.4322
-0.0282647 0.0277075 -0.999216 -127.942 -0.0853402 0.995899 0.0300295 3.48259 0.995951 0.0861221 -0.025784 17.3835
-0.0291634 0.0269194 -0.999212 -129.208 -0.0859476 0.995867 0.0293378 3.49937 0.995873 0.0867356 -0.026729 17.339
-0.029714 0.0258166 -0.999225 -130.466 -0.0835021 0.996108 0.0282192 3.51632 0.996064 0.084276 -0.0274424 17.2969
-0.030404 0.0263466 -0.99919 -131.734 -0.0834083 0.996099 0.028803 3.53528 0.996051 0.0842165 -0.0280877 17.2528
-0.0319575 0.0307051 -0.999017 -132.985 -0.0823872 0.996045 0.0332492 3.55896 0.996088 0.0833688 -0.0293012 17.2202
-0.0332195 0.0341431 -0.998864 -134.28 -0.0804228 0.996084 0.0367226 3.58865 0.996207 0.0815514 -0.0303433 17.1773
-0.0340266 0.0326884 -0.998886 -135.547 -0.0808655 0.996098 0.0353518 3.61284 0.996144 0.0819784 -0.0312502 17.1354
-0.0341303 0.0310992 -0.998933 -136.803 -0.0810836 0.996134 0.0337824 3.63423 0.996123 0.0821502 -0.0314765 17.0935
-0.0333908 0.0303977 -0.99898 -138.075 -0.0800902 0.996241 0.0329914 3.65504 0.996228 0.0811102 -0.0308306 17.0453
-0.0334783 0.0297756 -0.998995 -139.33 -0.0809464 0.996192 0.0324047 3.67299 0.996156 0.08195 -0.0309404 17.0027
-0.0340022 0.0318756 -0.998913 -140.597 -0.0817101 0.996056 0.0345657 3.69209 0.996076 0.0827967 -0.0312633 16.9636
-0.0337573 0.0351184 -0.998812 -141.86 -0.0826682 0.99586 0.0378085 3.71724 0.996005 0.0838464 -0.0307141 16.9185
-0.0319443 0.0364718 -0.998823 -143.085 -0.086259 0.995505 0.0391093 3.73819 0.99576 0.0874069 -0.0286545 16.8474
-0.030912 0.0339264 -0.998946 -144.336 -0.0887632 0.995382 0.0365521 3.76347 0.995573 0.0897996 -0.0277576 16.7911
-0.0299844 0.0310089 -0.999069 -145.568 -0.0872168 0.995625 0.0335196 3.78322 0.995738 0.0881407 -0.0271485 16.7182
-0.0291167 0.0298538 -0.99913 -146.8 -0.0851023 0.995851 0.0322358 3.80144 0.995947 0.0859669 -0.0264551 16.6461
-0.0283184 0.029363 -0.999167 -148.055 -0.0839769 0.995965 0.0316489 3.82172 0.996065 0.0848032 -0.0257381 16.5801
-0.0280989 0.0297784 -0.999161 -149.335 -0.081956 0.996122 0.0319927 3.84083 0.99624 0.0827862 -0.0255492 16.5307
-0.0283877 0.0284864 -0.999191 -150.594 -0.0807616 0.996261 0.0306974 3.85916 0.996329 0.0815677 -0.0259808 16.4871
-0.0280868 0.0287447 -0.999192 -151.823 -0.0794477 0.99636 0.0308964 3.87511 0.996443 0.0802514 -0.0257006 16.432
-0.0291641 0.0312323 -0.999086 -153.057 -0.0770431 0.996468 0.0333993 3.89283 0.996601 0.0779469 -0.0266547 16.3959
-0.0320625 0.0318414 -0.998978 -154.271 -0.0739347 0.996678 0.0341411 3.9189 0.996747 0.0749539 -0.0296017 16.3854
-0.0325247 0.0303459 -0.99901 -155.514 -0.0710958 0.996937 0.0325975 3.93944 0.996939 0.0720857 -0.0302674 16.3425
-0.0335062 0.0307552 -0.998965 -156.761 -0.072242 0.996837 0.0331127 3.95943 0.996824 0.0732768 -0.0311782 16.2957
-0.0342157 0.0350273 -0.9988 -157.978 -0.0729742 0.99663 0.0374511 3.98478 0.996747 0.0741681 -0.0315441 16.2519
-0.0344114 0.0406968 -0.998578 -159.272 -0.0777902 0.99603 0.0432736 4.02871 0.996376 0.0791688 -0.0311088 16.2162
-0.0334738 0.0405515 -0.998616 -160.47 -0.0830075 0.995612 0.0432119 4.0566 0.995986 0.0843392 -0.0299606 16.1547
-0.0317108 0.0367866 -0.998819 -161.709 -0.0869904 0.995429 0.0394234 4.08776 0.995704 0.0881379 -0.0283655 16.0944
-0.0304428 0.0308152 -0.999061 -162.94 -0.0879638 0.995564 0.0333877 4.11921 0.995658 0.0888977 -0.0275969 16.0445
-0.0298319 0.0277399 -0.99917 -164.132 -0.089264 0.995547 0.0303044 4.15908 0.995561 0.090094 -0.0272226 15.9906
-0.0284548 0.0242724 -0.9993 -165.303 -0.0838318 0.996125 0.0265823 4.17141 0.996073 0.0845296 -0.0263096 15.9444
-0.0288556 0.0200931 -0.999381 -166.567 -0.0812047 0.996446 0.0223787 4.18603 0.99628 0.0818003 -0.0271212 15.9086
-0.0296325 0.0168132 -0.999419 -167.774 -0.0755137 0.996963 0.0190108 4.18782 0.996704 0.0760333 -0.0282726 15.8672
-0.0311816 0.0198177 -0.999317 -169.018 -0.0735976 0.997044 0.0220691 4.19737 0.9968 0.0742356 -0.0296306 15.8305
-0.0320083 0.0260067 -0.999149 -170.308 -0.0737685 0.996873 0.0283107 4.21098 0.996762 0.074612 -0.0299896 15.8137
-0.030317 0.0292014 -0.999113 -171.508 -0.0758283 0.996625 0.0314296 4.22457 0.99666 0.076714 -0.0280002 15.7534
-0.0281941 0.0260111 -0.999264 -172.721 -0.0773618 0.996606 0.0281247 4.23963 0.996604 0.0780979 -0.0260859 15.6963
-0.0278963 0.0256981 -0.99928 -173.967 -0.0798987 0.996414 0.0278549 4.26101 0.996412 0.0806183 -0.0257428 15.659
-0.0273959 0.0265268 -0.999272 -175.176 -0.0783048 0.996519 0.0286005 4.27202 0.996553 0.0790314 -0.0252232 15.6145
-0.0264819 0.0245531 -0.999347 -176.383 -0.0788598 0.996531 0.0265736 4.28517 0.996534 0.0795121 -0.0244536 15.569
-0.024451 0.0232636 -0.99943 -177.554 -0.0787224 0.99658 0.0251232 4.29079 0.996596 0.0792919 -0.0225358 15.525
-0.0230168 0.0248631 -0.999425 -178.737 -0.0803468 0.996411 0.0266384 4.2998 0.996501 0.0809139 -0.0209364 15.4904
-0.0221468 0.0269021 -0.999392 -179.874 -0.0802467 0.996364 0.0285989 4.2999 0.996529 0.0808314 -0.0199073 15.4576
-0.0220054 0.0283476 -0.999355 -181 -0.0809124 0.996268 0.0300416 4.30597 0.996478 0.0815214 -0.0196294 15.4286
-0.0216676 0.0296937 -0.999324 -182.078 -0.0811379 0.996209 0.0313604 4.30954 0.996467 0.0817626 -0.019176 15.3902
-0.0215301 0.030446 -0.999304 -183.132 -0.0805762 0.996232 0.0320884 4.31815 0.996516 0.0812111 -0.0189956 15.3522
-0.0205569 0.0294645 -0.999354 -184.147 -0.0806212 0.996261 0.0310317 4.32528 0.996533 0.0812072 -0.0181044 15.312
-0.0190012 0.0293594 -0.999388 -185.131 -0.0816785 0.996182 0.0308181 4.3298 0.996477 0.0822142 -0.0165305 15.2755
-0.0179283 0.030509 -0.999373 -186.124 -0.0821984 0.996106 0.0318838 4.33833 0.996455 0.0827186 -0.0153505 15.2532
-0.0184031 0.0288737 -0.999413 -187.075 -0.0806933 0.996279 0.030269 4.34436 0.996569 0.0812032 -0.0160046 15.2251
-0.0217842 0.0261825 -0.999419 -188.023 -0.0783358 0.996539 0.0278145 4.34672 0.996689 0.0788963 -0.0196576 15.2008
-0.0269488 0.0226594 -0.99938 -188.967 -0.0781245 0.996637 0.0247038 4.35016 0.996579 0.0787419 -0.0250877 15.172
-0.0322185 0.0198002 -0.999284 -189.898 -0.0798592 0.996556 0.0223209 4.35215 0.996285 0.0805213 -0.0305261 15.1385
-0.0365653 0.0189248 -0.999152 -190.859 -0.0813487 0.996446 0.0218506 4.36248 0.996015 0.0820788 -0.0348956 15.1009
-0.0396308 0.0192096 -0.999029 -191.823 -0.0829537 0.9963 0.0224478 4.37284 0.995765 0.0837629 -0.0378905 15.0592
-0.0417519 0.0208691 -0.99891 -192.772 -0.0817715 0.996356 0.0242335 4.37847 0.995776 0.0826943 -0.0398931 15.0182
-0.0435288 0.0224026 -0.998801 -193.699 -0.0785031 0.996581 0.025774 4.38318 0.995963 0.079531 -0.0416211 14.9731
-0.0452168 0.0226561 -0.99872 -194.643 -0.0767538 0.996709 0.0260854 4.3951 0.996024 0.0778352 -0.0433289 14.931
-0.0464199 0.0213976 -0.998692 -195.559 -0.0771684 0.996706 0.0249418 4.403 0.995937 0.0782253 -0.0446156 14.8809
-0.0474221 0.0199286 -0.998676 -196.466 -0.0784694 0.996637 0.0236141 4.4122 0.995788 0.0794855 -0.0456986 14.8312
-0.0477426 0.0188792 -0.998681 -197.375 -0.082006 0.996372 0.0227559 4.42181 0.995487 0.0829843 -0.046021 14.7801
-0.0470638 0.0171307 -0.998744 -198.311 -0.0844326 0.996206 0.0210659 4.42742 0.995317 0.0853181 -0.0454387 14.7287
-0.0465142 0.014585 -0.998811 -199.231 -0.0846449 0.996239 0.0184894 4.42797 0.995325 0.0854043 -0.0451046 14.6829
-0.0467162 0.012318 -0.998832 -200.136 -0.0839547 0.996337 0.0162138 4.42342 0.995374 0.0846141 -0.0455108 14.6407
-0.044263 0.011913 -0.998948 -201.099 -0.0842999 0.996318 0.0156169 4.42615 0.995457 0.0849026 -0.0430956 14.566
-0.0440433 0.0146438 -0.998922 -202.028 -0.0814971 0.996507 0.0182016 4.42766 0.9957 0.082211 -0.0426958 14.5223
-0.0441578 0.0158041 -0.998899 -202.974 -0.0810474 0.996522 0.0193493 4.427 0.995731 0.0818127 -0.0427232 14.4762
-0.0430422 0.0129218 -0.998989 -203.94 -0.0759139 0.996983 0.0161666 4.42117 0.996185 0.0765331 -0.0419312 14.4335
-0.04351 0.010226 -0.999 -204.857 -0.0741222 0.997158 0.0134354 4.41693 0.996299 0.0746328 -0.0426283 14.3923
-0.041374 0.0115133 -0.999077 -205.807 -0.0777165 0.996867 0.0147063 4.40993 0.996116 0.0782533 -0.0403494 14.3192
-0.0389546 0.0159223 -0.999114 -206.776 -0.0789416 0.996698 0.0189616 4.40509 0.996117 0.0796104 -0.0375689 14.2592
-0.0356101 0.0157059 -0.999242 -207.747 -0.0769895 0.996862 0.0184121 4.40945 0.996395 0.0775869 -0.0342889 14.2023
-0.032338 0.0172159 -0.999328 -208.716 -0.0759489 0.996918 0.019632 4.4176 0.996587 0.0765328 -0.0309307 14.156
-0.0303197 0.0216999 -0.999304 -209.704 -0.0767835 0.996759 0.0239742 4.42848 0.996586 0.0774571 -0.0285551 14.1173
-0.0283548 0.0256272 -0.999269 -210.691 -0.0734338 0.996916 0.0276506 4.4398 0.996897 0.0741642 -0.0263853 14.0827
-0.027282 0.025651 -0.999298 -211.678 -0.0726472 0.996976 0.0275747 4.45442 0.996984 0.0733485 -0.0253358 14.058
-0.0253919 0.0262828 -0.999332 -212.711 -0.0758606 0.996721 0.0281417 4.4719 0.996795 0.0765245 -0.0233147 14.0294
-0.0232299 0.0277181 -0.999345 -213.734 -0.0783562 0.99649 0.0294602 4.48996 0.996654 0.0789893 -0.0209763 14.0045
-0.0209369 0.0275362 -0.999401 -214.753 -0.0788875 0.996458 0.0291078 4.5047 0.996663 0.0794497 -0.0186903 13.9924
-0.0184019 0.0248633 -0.999521 -215.797 -0.0815312 0.996324 0.0262848 4.52121 0.9965 0.0819759 -0.0163069 13.9718
-0.0161892 0.0212657 -0.999642 -216.843 -0.0813033 0.996435 0.0225141 4.53927 0.996557 0.0816387 -0.0144023 13.9581
-0.0147619 0.0198373 -0.999694 -217.899 -0.0807224 0.996516 0.0209662 4.55794 0.996627 0.0810072 -0.013109 13.9436
-0.0138918 0.0212563 -0.999677 -218.962 -0.080811 0.996479 0.0223112 4.57431 0.996632 0.0810949 -0.012125 13.932
-0.0132342 0.0239343 -0.999625 -220.044 -0.0821023 0.996311 0.0249419 4.59254 0.996535 0.0824016 -0.0112201 13.9225
-0.0125695 0.0231108 -0.999653 -221.127 -0.081613 0.996373 0.0240611 4.60861 0.996584 0.0818872 -0.0106376 13.9134
-0.0124581 0.0200937 -0.99972 -222.21 -0.0797328 0.996594 0.0210244 4.62138 0.996738 0.0799724 -0.0108133 13.909
-0.0129838 0.0170937 -0.999769 -223.289 -0.0766269 0.996896 0.0180397 4.62938 0.996975 0.0768435 -0.0116335 13.9019
-0.0134601 0.0158193 -0.999784 -224.386 -0.0748557 0.997053 0.0167838 4.63726 0.997103 0.0750655 -0.0122361 13.893
-0.0140267 0.0146378 -0.999794 -225.505 -0.0748878 0.997069 0.0156485 4.64571 0.997093 0.0750919 -0.0128892 13.8823
-0.014419 0.0143314 -0.999793 -226.623 -0.0746932 0.997088 0.0153698 4.65372 0.997102 0.0748994 -0.0133064 13.871
-0.0151651 0.0149299 -0.999773 -227.731 -0.0764027 0.996947 0.0160466 4.65927 0.996961 0.0766288 -0.0139779 13.8523
-0.0159215 0.0169497 -0.999729 -228.857 -0.0773353 0.99684 0.0181323 4.66803 0.996877 0.0776031 -0.0145602 13.829
-0.0172074 0.0184942 -0.99968 -230.021 -0.0776683 0.996783 0.0197774 4.67779 0.99683 0.0779838 -0.0157154 13.8173
-0.0178345 0.0203052 -0.999634 -231.145 -0.0788926 0.996648 0.021652 4.68373 0.996723 0.0792499 -0.0161726 13.7777
-0.0183607 0.0215702 -0.999598 -232.295 -0.0814948 0.996408 0.0229982 4.69136 0.996504 0.0818843 -0.0165367 13.732
-0.0192876 0.0206174 -0.999601 -233.445 -0.0828451 0.996316 0.0221482 4.69793 0.996375 0.0832392 -0.0175083 13.685
-0.0197033 0.0161613 -0.999675 -234.584 -0.0815574 0.996511 0.0177176 4.7 0.996473 0.08188 -0.0183163 13.6296
-0.0220472 0.0101508 -0.999705 -235.784 -0.0786586 0.996831 0.0118563 4.70186 0.996657 0.0788967 -0.0211787 13.6204
-0.0231375 0.00655619 -0.99971 -236.912 -0.0740159 0.997223 0.00825289 4.6857 0.996988 0.0741854 -0.0225878 13.5571
-0.0247091 0.00737691 -0.999667 -238.108 -0.0674576 0.997681 0.0090296 4.6739 0.997415 0.0676583 -0.024154 13.5099
-0.0257902 0.0116085 -0.9996 -239.274 -0.062563 0.997953 0.0132035 4.66517 0.997707 0.0628785 -0.0250109 13.445
-0.0269541 0.0143737 -0.999533 -240.489 -0.0608005 0.998022 0.0159915 4.66221 0.997785 0.0612031 -0.0260267 13.3858
-0.0285961 0.0142109 -0.99949 -241.689 -0.0591919 0.99812 0.015885 4.65818 0.997836 0.0596159 -0.0277009 13.3295
-0.025841 0.0149833 -0.999553 -242.923 -0.0590104 0.998121 0.0164873 4.66779 0.997922 0.0594101 -0.0249081 13.2073
-0.0276474 0.0161651 -0.999487 -244.153 -0.0577874 0.998171 0.0177423 4.67557 0.997945 0.0582483 -0.0266625 13.1574
-0.029883 0.0154231 -0.999434 -245.356 -0.0572528 0.998213 0.017116 4.68124 0.997912 0.0577319 -0.0289464 13.1097
-0.029639 0.01391 -0.999463 -246.615 -0.0573989 0.998229 0.0155949 4.68864 0.997911 0.0578304 -0.0287879 13.0305
-0.032537 0.0133693 -0.999381 -247.861 -0.0568167 0.998269 0.0152042 4.6934 0.997854 0.0572762 -0.0317208 12.9909
-0.0358465 0.0141144 -0.999257 -249.102 -0.0570522 0.99824 0.0161467 4.69646 0.997727 0.0575886 -0.034978 12.9544
-0.0412893 0.013931 -0.99905 -250.36 -0.0573641 0.99822 0.0162902 4.70102 0.997499 0.0579822 -0.0404164 12.9335
-0.0452496 0.0149952 -0.998863 -251.632 -0.0582091 0.998149 0.0176214 4.7026 0.997278 0.0589403 -0.0442928 12.8885
-0.0488205 0.0166118 -0.998669 -252.921 -0.0597898 0.99802 0.0195239 4.70778 0.997016 0.0606635 -0.0477304 12.8369
-0.0498776 0.0174906 -0.998602 -254.175 -0.061293 0.997908 0.0205398 4.70905 0.996872 0.0622318 -0.048701 12.7611
-0.0509129 0.0177382 -0.998545 -255.461 -0.0639071 0.997735 0.0209822 4.7174 0.996656 0.0648824 -0.0496638 12.6871
-0.0512742 0.0175254 -0.99853 -256.734 -0.0648164 0.997679 0.0208387 4.72469 0.996578 0.0657896 -0.0500191 12.6208
-0.0513027 0.016055 -0.998554 -257.999 -0.0633737 0.997803 0.0192989 4.73694 0.99667 0.0642722 -0.0501723 12.5511
-0.0488421 0.0151071 -0.998692 -259.212 -0.0610983 0.997968 0.0180842 4.73693 0.996935 0.0619017 -0.0478196 12.4407
-0.0475361 0.0153467 -0.998751 -260.463 -0.0604691 0.998004 0.0182132 4.7315 0.997037 0.0612594 -0.0465131 12.3403
-0.0475181 0.0156891 -0.998747 -261.741 -0.0604687 0.997997 0.0185542 4.73433 0.997038 0.0612746 -0.0464741 12.2702
-0.0470753 0.0156592 -0.998768 -263.026 -0.0596622 0.998048 0.0184599 4.73697 0.997107 0.0604578 -0.046049 12.197
-0.0475113 0.016078 -0.998741 -264.269 -0.0591224 0.998072 0.0188798 4.73847 0.997119 0.059945 -0.046469 12.138
-0.0463293 0.0168006 -0.998784 -265.555 -0.05724 0.998171 0.0194453 4.74123 0.997284 0.0580713 -0.0452827 12.05
-0.0474689 0.0190348 -0.998691 -266.839 -0.0529715 0.998363 0.0215463 4.74709 0.997466 0.0539249 -0.0463827 11.9987
-0.0492514 0.021834 -0.998547 -268.08 -0.0495127 0.998478 0.0242746 4.75698 0.997558 0.0506364 -0.0480953 11.9548
-0.0497746 0.0236041 -0.998481 -269.346 -0.0474263 0.998537 0.0259696 4.77307 0.997633 0.0486469 -0.0485821 11.8985
-0.0504646 0.0220799 -0.998481 -270.594 -0.0471095 0.99859 0.0244633 4.78222 0.997613 0.0482725 -0.0493531 11.8411
-0.0502099 0.0201815 -0.998534 -271.826 -0.0495248 0.998515 0.0226714 4.79234 0.997509 0.0505906 -0.0491357 11.7658
-0.0508611 0.022976 -0.998441 -273.089 -0.054547 0.998179 0.0257486 4.80671 0.997214 0.0557716 -0.0495151 11.6966
-0.0522899 0.0288433 -0.998215 -274.334 -0.0587792 0.997761 0.0319092 4.81501 0.9969 0.0603428 -0.0504773 11.6346
-0.0519958 0.0287697 -0.998232 -275.577 -0.0634223 0.997472 0.0320513 4.82648 0.996631 0.0649767 -0.0500396 11.5554
-0.0520544 0.0214977 -0.998412 -276.844 -0.0615672 0.997797 0.0246944 4.85215 0.996744 0.062755 -0.050616 11.4895
-0.0532405 0.0158745 -0.998455 -278.083 -0.0584028 0.998112 0.0189833 4.85959 0.996872 0.0593233 -0.0522127 11.4275
-0.0539231 0.0148944 -0.998433 -279.333 -0.0524227 0.998467 0.0177261 4.86378 0.997167 0.0532965 -0.0530595 11.3707
-0.0531439 0.0165585 -0.998449 -280.573 -0.0493543 0.998597 0.0191879 4.86723 0.997366 0.0502975 -0.0522519 11.3039
-0.0523483 0.0186843 -0.998453 -281.794 -0.0482847 0.998608 0.0212187 4.86559 0.99746 0.0493208 -0.0513731 11.2361
-0.0509536 0.0210341 -0.998479 -283.019 -0.0500753 0.998466 0.0235893 4.87023 0.997444 0.0512012 -0.049822 11.1576
-0.0497497 0.0224334 -0.998509 -284.23 -0.0516124 0.998354 0.0250014 4.87715 0.997426 0.0527793 -0.0485098 11.0646
-0.0481942 0.0237898 -0.998554 -285.499 -0.053343 0.998228 0.0263565 4.88708 0.997412 0.0545361 -0.0468396 10.9853
-0.0468279 0.0232158 -0.998633 -286.753 -0.0531488 0.998256 0.0256993 4.89686 0.997487 0.0542796 -0.0455122 10.9051
-0.0455409 0.0218863 -0.998722 -287.968 -0.0542055 0.998233 0.0243473 4.90202 0.99749 0.055245 -0.0442739 10.8082
-0.0443301 0.0211768 -0.998792 -289.203 -0.0550842 0.998202 0.0236091 4.90588 0.997496 0.0560643 -0.0430837 10.7211
-0.0436149 0.021248 -0.998822 -290.43 -0.0560698 0.998146 0.0236819 4.90841 0.997473 0.0570366 -0.0423425 10.6334
-0.0415079 0.0211802 -0.998913 -291.677 -0.0573834 0.998074 0.0235468 4.91702 0.997488 0.0582984 -0.0402125 10.538
-0.0406238 0.0217799 -0.998937 -292.921 -0.0585503 0.997992 0.0241403 4.92893 0.997457 0.0594687 -0.0392668 10.4584
-0.0396185 0.0215744 -0.998982 -294.143 -0.0581105 0.998025 0.0238583 4.93712 0.997523 0.0589966 -0.0382863 10.3833
-0.0397153 0.0202423 -0.999006 -295.385 -0.05822 0.998049 0.0225374 4.94174 0.997513 0.0590572 -0.0384591 10.32
-0.0405413 0.0181504 -0.999013 -296.628 -0.0585773 0.998072 0.0205104 4.94279 0.997458 0.059351 -0.0393997 10.2696
-0.0419559 0.0157018 -0.998996 -297.847 -0.0602206 0.998019 0.0182156 4.94216 0.997302 0.0609243 -0.040927 10.219
-0.04258 0.014581 -0.998986 -299.068 -0.0629562 0.997867 0.0172481 4.94249 0.997107 0.0636268 -0.041571 10.1487
-0.0423757 0.0146337 -0.998994 -300.296 -0.0668953 0.997607 0.0174509 4.94584 0.996859 0.0675675 -0.0412952 10.0595
-0.0422729 0.0156318 -0.998983 -301.528 -0.0707052 0.997324 0.0185978 4.95045 0.9966 0.0714195 -0.0410544 9.9694
-0.0420919 0.016569 -0.998976 -302.763 -0.074898 0.996997 0.019692 4.95683 0.996302 0.0756502 -0.0407243 9.8806
-0.0413629 0.0163204 -0.999011 -303.939 -0.07701 0.99684 0.0194734 4.96971 0.996171 0.0777392 -0.0399752 9.78439
-0.0409695 0.0142819 -0.999058 -305.172 -0.0776161 0.996831 0.0174329 4.97394 0.99614 0.0782572 -0.039731 9.70246
-0.040686 0.0124692 -0.999094 -306.407 -0.0757294 0.997007 0.0155271 4.9761 0.996297 0.0762925 -0.0396198 9.62116
-0.0409788 0.0122365 -0.999085 -307.642 -0.0736406 0.997168 0.0152335 4.97789 0.996442 0.0741974 -0.0399615 9.53945
-0.0407695 0.0140784 -0.999069 -308.861 -0.0718015 0.997274 0.0169831 4.98359 0.996584 0.072427 -0.0396474 9.44911
-0.0406357 0.0152422 -0.999057 -310.129 -0.0703315 0.99736 0.018077 4.9866 0.996695 0.0709997 -0.0394562 9.37239
-0.0407188 0.0144058 -0.999066 -311.426 -0.0717177 0.997275 0.017303 4.99165 0.996593 0.0723553 -0.0395745 9.31461
-0.0396084 0.0128013 -0.999133 -312.668 -0.0733114 0.997186 0.0156826 4.99873 0.996521 0.0738689 -0.0385583 9.22968
-0.0356987 0.0119612 -0.999291 -313.879 -0.0737616 0.997169 0.0145709 5.01069 0.996636 0.0742294 -0.0347152 9.09836
