1 0 0 0 0 1 0 0 0 0 1 0
0.999881 -0.00357689 0.0150048 -0.200705 0.00373124 0.99994 -0.0102713 0.197905 -0.0149671 0.010326 0.999835 0.238742
0.999752 -0.0070088 0.0211286 -0.174689 0.00727539 0.999895 -0.0125672 0.217683 -0.0210383 0.0127178 0.999698 0.528865
0.999688 -0.0112624 0.0223071 -0.147747 0.0116198 0.999805 -0.0159573 0.23401 -0.022123 0.0162115 0.999624 0.822348
0.999713 -0.0126836 0.0203139 -0.15278 0.0130637 0.99974 -0.0186922 0.242576 -0.0200715 0.0189522 0.999619 1.13093
0.999791 -0.0154655 0.0133487 -0.147389 0.01574 0.999662 -0.0207134 0.243879 -0.0130238 0.0209192 0.999696 1.43529
0.999848 -0.0174267 0.000722213 -0.152633 0.017439 0.999558 -0.0240682 0.252646 -0.000302465 0.0240771 0.99971 1.76553
0.999727 -0.0168716 -0.0161321 -0.163747 0.0164486 0.999527 -0.0260019 0.260797 0.0165632 0.0257295 0.999532 2.09551
0.999268 -0.0126396 -0.0360923 -0.183901 0.0116401 0.999547 -0.0277707 0.272209 0.0364269 0.0273303 0.998963 2.44721
0.998462 -0.00852346 -0.0547876 -0.242575 0.00689392 0.99953 -0.0298633 0.273357 0.0550164 0.0294397 0.998051 2.81462
0.997219 -0.00834748 -0.0740624 -0.304524 0.00606106 0.9995 -0.0310428 0.272556 0.0742845 0.0305076 0.99677 3.16982
0.995666 -0.00903173 -0.0925566 -0.404729 0.00620647 0.999507 -0.0307672 0.260523 0.0927889 0.0300594 0.995232 3.54682
0.993813 -0.0101773 -0.110603 -0.481757 0.00688271 0.999522 -0.0301289 0.245767 0.110857 0.0291812 0.993408 3.91723
0.992037 -0.00823975 -0.125677 -0.59146 0.00460154 0.999563 -0.0292117 0.221536 0.125863 0.0284008 0.991641 4.29873
0.990114 -0.00680502 -0.1401 -0.680547 0.00281432 0.999585 -0.0286631 0.200857 0.140237 0.0279855 0.989722 4.69408
0.988343 -0.00704299 -0.152079 -0.779972 0.00268331 0.99958 -0.0288534 0.181725 0.152218 0.028109 0.987947 5.10638
0.986684 -0.00819533 -0.16244 -0.885225 0.0033615 0.999544 -0.0300102 0.164449 0.162612 0.0290645 0.986262 5.53804
0.984998 -0.0117197 -0.172168 -0.977932 0.00629666 0.999468 -0.0320109 0.145607 0.172452 0.0304466 0.984547 6.00313
0.983566 -0.0110679 -0.180209 -1.0684 0.00508213 0.999421 -0.0336436 0.124845 0.180477 0.0321749 0.983053 6.47345
0.982135 -0.0113223 -0.187834 -1.1629 0.00474343 0.999361 -0.0354377 0.104182 0.188115 0.0339136 0.981561 6.94563
0.980857 -0.0117625 -0.19437 -1.2891 0.00456991 0.999289 -0.0374119 0.0797651 0.194672 0.0358075 0.980215 7.43655
0.979611 -0.0152764 -0.200321 -1.41311 0.00767595 0.999223 -0.0386635 0.0534285 0.200756 0.0363375 0.978967 7.93936
0.978147 -0.0205487 -0.206897 -1.53463 0.0125419 0.999123 -0.0399375 0.0261446 0.207536 0.0364699 0.977548 8.46655
0.976791 -0.0206515 -0.213194 -1.66287 0.0118378 0.999025 -0.0425354 -0.00152485 0.213865 0.0390245 0.976084 8.95494
0.975462 -0.0157381 -0.219604 -1.84557 0.00533257 0.998838 -0.0478959 -0.0196945 0.220102 0.0455496 0.974413 9.50979
0.973245 -0.0137467 -0.229357 -1.97693 0.00214997 0.99871 -0.0507354 -0.0512535 0.229759 0.0488848 0.972019 10.0422
0.971063 -0.0162849 -0.238266 -2.11224 0.00385951 0.998612 -0.052523 -0.0882815 0.238791 0.0500835 0.969779 10.5934
0.969002 -0.0195907 -0.246276 -2.27158 0.00649054 0.998526 -0.0538928 -0.132796 0.246968 0.0506237 0.9677 11.1877
0.966845 -0.0192935 -0.254632 -2.44243 0.00511657 0.998405 -0.0562214 -0.173244 0.255311 0.0530546 0.965402 11.8079
0.964589 -0.0190434 -0.263068 -2.60134 0.00359318 0.998246 -0.0590876 -0.217781 0.263731 0.05605 0.962966 12.3839
0.962246 -0.0204518 -0.271412 -2.7639 0.0030757 0.997926 -0.0642928 -0.255314 0.272164 0.0610307 0.960314 12.9702
0.961013 -0.0206478 -0.275732 -2.95864 0.000579934 0.997356 -0.0726646 -0.300326 0.276503 0.0696717 0.958484 13.5727
0.95892 -0.0225637 -0.282776 -3.11264 -0.000151708 0.996791 -0.0800519 -0.358952 0.283675 0.0768063 0.95584 14.2106
0.957364 -0.0221004 -0.288035 -3.29026 -0.00378508 0.996024 -0.0890038 -0.406748 0.288857 0.0862993 0.953475 14.8457
0.955937 -0.0218942 -0.292755 -3.49167 -0.00729716 0.995135 -0.0982503 -0.46648 0.293482 0.0960573 0.951127 15.5006
0.956107 -0.0194224 -0.292373 -3.80192 -0.012141 0.994318 -0.105755 -0.533654 0.292766 0.104663 0.950439 16.1573
0.955665 -0.0175546 -0.293934 -4.07154 -0.0163102 0.993533 -0.112366 -0.607749 0.294005 0.112179 0.949198 16.78
0.954613 -0.015757 -0.297431 -4.31699 -0.0203322 0.992823 -0.117854 -0.691182 0.297153 0.118552 0.947442 17.443
0.952088 -0.0134819 -0.305526 -4.50867 -0.0255026 0.992048 -0.123248 -0.781156 0.304758 0.125135 0.944174 18.1719
0.949943 -0.011541 -0.312209 -4.75747 -0.030126 0.991277 -0.128306 -0.852138 0.310967 0.131289 0.941309 18.9348
0.948016 -0.0107701 -0.318039 -4.98446 -0.0327091 0.990835 -0.131054 -0.925072 0.316536 0.134644 0.938976 19.6334
0.946252 -0.0111869 -0.323237 -5.2547 -0.0330004 0.990846 -0.130898 -1.02878 0.321743 0.134529 0.937221 20.3367
0.944361 -0.0104249 -0.328745 -5.53545 -0.0340349 0.991035 -0.129196 -1.13259 0.327145 0.133197 0.93554 21.0536
0.942378 -0.0107355 -0.334377 -5.83382 -0.034072 0.991208 -0.127849 -1.23584 0.33281 0.131875 0.933728 21.7845
0.940133 -0.0100789 -0.340658 -6.15059 -0.0347204 0.991529 -0.125156 -1.33717 0.339034 0.129491 0.93182 22.5222
0.937858 -0.00746688 -0.346938 -6.47378 -0.0366789 0.992035 -0.120503 -1.43238 0.345075 0.12574 0.930115 23.2646
0.934358 -0.0041469 -0.356312 -6.76774 -0.0395643 0.992542 -0.115301 -1.53589 0.354133 0.12183 0.927226 24.0308
0.930762 0.000168525 -0.365627 -7.08245 -0.0439728 0.992793 -0.111482 -1.63492 0.362973 0.119841 0.924061 24.814
0.927168 0.000153864 -0.374646 -7.41046 -0.0444377 0.992985 -0.109566 -1.73528 0.372001 0.118234 0.920672 25.594
0.923399 -0.000182388 -0.383842 -7.74772 -0.0449273 0.993075 -0.108552 -1.83536 0.381204 0.117482 0.916996 26.3714
0.91986 -0.000341868 -0.392246 -8.08926 -0.0453695 0.993195 -0.107262 -1.93217 0.389613 0.116462 0.913586 27.1388
0.916438 0.000755546 -0.400177 -8.44232 -0.0469467 0.993296 -0.105637 -2.02908 0.397414 0.115596 0.91033 27.9121
0.913175 -0.00230254 -0.40756 -8.80116 -0.0432815 0.993781 -0.102591 -2.12373 0.405262 0.111323 0.907398 28.6836
0.910141 -0.00205667 -0.414294 -9.16964 -0.042699 0.994197 -0.0987388 -2.21532 0.412093 0.107556 0.904772 29.4589
0.907039 0.00146016 -0.421044 -9.56424 -0.0451359 0.994569 -0.0937854 -2.30691 0.41862 0.104071 0.902179 30.2639
0.902952 0.000424325 -0.429741 -10.0007 -0.0430821 0.995051 -0.0895395 -2.39893 0.427577 0.0993639 0.898502 31.1408
0.89903 -0.00137768 -0.437886 -10.3663 -0.0412502 0.995281 -0.0878228 -2.48393 0.435941 0.0970181 0.894731 31.9599
0.892228 -0.00607572 -0.451544 -10.7203 -0.0361181 0.995746 -0.0847657 -2.56502 0.450138 0.0919392 0.888213 32.8805
0.881656 -0.00600926 -0.471854 -11.0493 -0.0383063 0.995707 -0.0842557 -2.64962 0.470335 0.0923595 0.877642 33.8734
0.870463 -0.00638408 -0.492191 -11.4195 -0.0409266 0.995515 -0.0852931 -2.73756 0.490529 0.0943882 0.866299 34.8789
0.858611 -0.00825563 -0.512561 -11.8315 -0.0420781 0.995361 -0.0865186 -2.82945 0.510898 0.0958533 0.854281 35.8955
0.84804 -0.0134431 -0.529761 -12.2959 -0.03821 0.995525 -0.0864287 -2.90617 0.528553 0.0935371 0.843732 36.8896
0.840555 -0.0167352 -0.541467 -12.834 -0.0371502 0.995389 -0.0884355 -2.97606 0.54045 0.0944504 0.836058 37.8516
0.838327 -0.0143242 -0.54498 -13.4484 -0.0419943 0.994988 -0.0907508 -3.07552 0.543548 0.0989648 0.833524 38.7773
0.837293 -0.0145705 -0.546559 -13.9745 -0.040751 0.995201 -0.0889586 -3.17532 0.545233 0.0967572 0.832682 39.6456
0.83615 -0.0155084 -0.548281 -14.5157 -0.0392812 0.99534 -0.0880591 -3.28194 0.547092 0.0951678 0.831645 40.5193
0.835779 -0.0167087 -0.548811 -15.1077 -0.0385815 0.995279 -0.0890569 -3.38768 0.547708 0.0956058 0.83119 41.3944
0.834501 -0.0187865 -0.550686 -15.6806 -0.0361909 0.995391 -0.0888007 -3.49066 0.549816 0.0940341 0.829976 42.2581
0.832726 -0.0194411 -0.553343 -16.2622 -0.0344492 0.995628 -0.0868229 -3.59107 0.552612 0.0913619 0.828416 43.137
0.829868 -0.0187932 -0.557643 -16.8407 -0.0332455 0.995991 -0.0830411 -3.69816 0.556968 0.0874522 0.825917 44.0341
0.826074 -0.0190301 -0.563239 -17.4256 -0.0308366 0.996406 -0.0788921 -3.80071 0.562716 0.082539 0.82252 44.9277
0.820803 -0.0186888 -0.570906 -18.0346 -0.0305497 0.996598 -0.076546 -3.90414 0.570394 0.0802701 0.81744 45.836
0.814631 -0.0216522 -0.579575 -18.6501 -0.0290256 0.996528 -0.0780264 -4.01189 0.579253 0.0803851 0.811175 46.7106
0.807636 -0.0245278 -0.58917 -19.2733 -0.0284218 0.996354 -0.0804401 -4.12051 0.588995 0.0817116 0.803995 47.5771
0.801929 -0.0242148 -0.596927 -19.9546 -0.0287535 0.996456 -0.0790504 -4.23007 0.596726 0.0805565 0.798392 48.4267
0.796492 -0.0202636 -0.604309 -20.6171 -0.0300762 0.996873 -0.0730681 -4.33135 0.603901 0.0763734 0.793393 49.2437
0.791756 -0.0147848 -0.610658 -21.3142 -0.0336743 0.99713 -0.0678027 -4.43051 0.609908 0.0742466 0.788987 50.0832
0.787371 -0.0147384 -0.616303 -21.9656 -0.0351613 0.997013 -0.0687639 -4.52849 0.615476 0.0758126 0.784502 50.9131
0.782917 -0.01653 -0.621906 -22.6052 -0.0362396 0.996737 -0.0721149 -4.62736 0.621069 0.0789975 0.779765 51.7408
0.780855 -0.0179492 -0.624454 -23.3607 -0.0391674 0.996214 -0.0776122 -4.72613 0.623483 0.085062 0.777196 52.6114
0.779083 -0.0186838 -0.626642 -24.0529 -0.0394792 0.996109 -0.078783 -4.82126 0.625676 0.0861178 0.775315 53.3559
0.776017 -0.0170281 -0.630481 -24.7504 -0.0389214 0.996437 -0.0748176 -4.91507 0.62951 0.0825989 0.772591 54.1741
0.774131 -0.0130763 -0.63289 -25.4661 -0.0402875 0.996742 -0.0698723 -4.99677 0.631742 0.0795878 0.771083 54.9785
0.771962 -0.0108352 -0.635576 -26.1812 -0.0413605 0.996879 -0.0672305 -5.07662 0.634322 0.078187 0.769106 55.7836
0.768782 -0.0107001 -0.639421 -26.8619 -0.0421165 0.996842 -0.0673183 -5.16968 0.638123 0.0786832 0.765904 56.583
0.765801 -0.0114047 -0.642976 -27.5654 -0.042099 0.996809 -0.0678219 -5.26617 0.641698 0.0790066 0.762878 57.386
0.761688 -0.0126174 -0.647821 -28.2026 -0.0424224 0.996694 -0.0692912 -5.36768 0.646554 0.0802603 0.758635 58.1746
0.757377 -0.0137787 -0.652832 -28.8923 -0.0415806 0.99673 -0.0692765 -5.46493 0.651652 0.0796135 0.754329 58.9726
0.753169 -0.0131442 -0.657695 -29.6432 -0.0429973 0.996678 -0.0691579 -5.5431 0.65642 0.0803667 0.750103 59.788
0.74865 -0.0136663 -0.662824 -30.3986 -0.0427944 0.996706 -0.0688862 -5.62188 0.661582 0.0799368 0.7456 60.598
0.743499 -0.0151749 -0.668564 -31.1564 -0.0429051 0.9966 -0.0703347 -5.70432 0.667359 0.0809786 0.740321 61.4087
0.737945 -0.0172584 -0.674639 -31.9047 -0.0414029 0.996632 -0.0707836 -5.79562 0.673589 0.0801664 0.734746 62.2211
0.731967 -0.0180629 -0.6811 -32.6415 -0.0421629 0.996531 -0.0717401 -5.88062 0.680034 0.0812285 0.728668 63.0085
0.725961 -0.0192613 -0.687465 -33.4179 -0.0428967 0.996393 -0.0732156 -5.96689 0.686396 0.0826416 0.722518 63.8073
0.719752 -0.0219647 -0.693883 -34.1872 -0.041256 0.996379 -0.0743343 -6.05424 0.693004 0.0821291 0.716241 64.6019
0.713359 -0.0232301 -0.700413 -34.9695 -0.0407735 0.996381 -0.0745735 -6.14234 0.699611 0.0817559 0.709832 65.3926
0.706623 -0.0236452 -0.707195 -35.7595 -0.0400001 0.996508 -0.0732862 -6.22905 0.706459 0.0800735 0.703211 66.1763
0.699218 -0.0249406 -0.714473 -36.5264 -0.0369313 0.996796 -0.0709387 -6.32979 0.713954 0.075988 0.696057 66.9531
0.692403 -0.0277936 -0.720975 -37.3344 -0.0332688 0.996965 -0.0703833 -6.42499 0.720744 0.0727195 0.689377 67.7267
0.68552 -0.0288202 -0.727482 -38.1508 -0.0348398 0.996772 -0.0723188 -6.52268 0.727219 0.0749212 0.682305 68.493
0.679053 -0.0282082 -0.733546 -39.0191 -0.03686 0.99669 -0.0724492 -6.61489 0.733163 0.0762353 0.675767 69.2699
0.673322 -0.0279641 -0.738819 -39.882 -0.0367135 0.996787 -0.071187 -6.7065 0.738437 0.0750564 0.670133 70.0291
0.668473 -0.0276542 -0.743222 -40.7144 -0.0373261 0.996801 -0.0706615 -6.80331 0.7428 0.0749768 0.665303 70.7731
0.663546 -0.029586 -0.747549 -41.5477 -0.0358474 0.996812 -0.0712704 -6.89823 0.747276 0.0740888 0.660371 71.5131
0.658507 -0.0311397 -0.751929 -42.4158 -0.0374843 0.996546 -0.0740972 -6.99684 0.75164 0.076979 0.655067 72.2454
0.653208 -0.0339926 -0.756414 -43.3099 -0.0369309 0.996372 -0.0766681 -7.08959 0.756277 0.0780152 0.649584 72.9962
0.647585 -0.0345604 -0.761208 -44.1406 -0.03776 0.996288 -0.0773573 -7.18595 0.761057 0.0788386 0.643877 73.7331
0.642707 -0.0338027 -0.765365 -45.0408 -0.0378958 0.9964 -0.0758292 -7.28746 0.765174 0.07774 0.639113 74.4722
0.637661 -0.0335636 -0.769585 -45.9159 -0.0377255 0.99649 -0.074718 -7.38802 0.769393 0.0766776 0.634158 75.2059
0.632499 -0.0343579 -0.773798 -46.8001 -0.0378145 0.996454 -0.0751536 -7.48996 0.773638 0.0767953 0.628958 75.9358
0.627431 -0.0353377 -0.777869 -47.6773 -0.0369568 0.996492 -0.075079 -7.59139 0.777795 0.0758544 0.623925 76.6599
0.622407 -0.0355334 -0.781886 -48.6042 -0.0366535 0.996549 -0.0744664 -7.69609 0.781835 0.0750072 0.618958 77.4002
0.618506 -0.0367289 -0.78492 -49.5529 -0.0350078 0.996627 -0.0742211 -7.79752 0.785 0.0733845 0.615135 78.1243
0.613921 -0.0393986 -0.788383 -50.5189 -0.0327507 0.996622 -0.0753084 -7.89945 0.788688 0.0720534 0.610558 78.8729
0.608452 -0.0452577 -0.792298 -51.464 -0.0283494 0.996495 -0.078693 -8.00297 0.793084 0.070342 0.605038 79.6159
0.603628 -0.0486357 -0.79578 -52.4314 -0.0246735 0.99652 -0.0796201 -8.11415 0.796884 0.0676955 0.600329 80.331
0.596978 -0.0524625 -0.80054 -53.4065 -0.0192619 0.996634 -0.0796773 -8.2205 0.802027 0.0629854 0.593959 81.0473
0.588181 -0.0562417 -0.806771 -54.3609 -0.0144511 0.996688 -0.0800169 -8.32835 0.8086 0.058723 0.585421 81.7552
0.578991 -0.0561638 -0.813396 -55.2692 -0.0127411 0.996879 -0.0779023 -8.4474 0.815234 0.0554682 0.57647 82.4346
0.569681 -0.0553431 -0.82 -56.3023 -0.0124133 0.997037 -0.0759156 -8.54063 0.821772 0.0534265 0.567307 83.1438
0.560322 -0.0559058 -0.826385 -57.3304 -0.0130667 0.996998 -0.0763078 -8.63962 0.828172 0.053555 0.557911 83.8356
0.550418 -0.0575865 -0.8329 -58.3711 -0.0146005 0.996802 -0.0785673 -8.74189 0.834762 0.0554055 0.547818 84.5113
0.540324 -0.0599032 -0.839321 -59.4196 -0.0146127 0.996644 -0.0805386 -8.84671 0.84133 0.0557816 0.537636 85.1744
0.530111 -0.0616052 -0.845687 -60.4807 -0.0144424 0.996556 -0.0816486 -8.9566 0.847806 0.0554965 0.527396 85.8345
0.520731 -0.0626339 -0.85142 -61.5381 -0.0116133 0.996693 -0.0804235 -9.06357 0.853642 0.0517667 0.518282 86.4645
0.510017 -0.0629354 -0.857858 -62.6115 -0.0106294 0.996782 -0.0794467 -9.17232 0.860099 0.0496376 0.507707 87.1068
0.499135 -0.0636411 -0.864183 -63.6787 -0.0112996 0.996736 -0.0799291 -9.28216 0.866451 0.0496603 0.496788 87.7339
0.488545 -0.0641171 -0.870179 -64.7619 -0.0136261 0.996614 -0.0810832 -9.39318 0.872433 0.0514698 0.486018 88.3379
0.479321 -0.0647883 -0.875245 -65.8789 -0.0152662 0.996505 -0.0821248 -9.50759 0.877508 0.0527256 0.476657 88.9191
0.469829 -0.0662102 -0.88027 -67.0215 -0.0154482 0.996414 -0.0831913 -9.62571 0.882623 0.0526842 0.467122 89.4914
0.460412 -0.0660416 -0.885245 -68.1023 -0.016179 0.996439 -0.0827516 -9.74142 0.887558 0.0524221 0.457705 90.07
0.450807 -0.064218 -0.890308 -69.229 -0.0170795 0.996605 -0.0805334 -9.85083 0.892458 0.0515109 0.448181 90.6445
0.442453 -0.0634257 -0.894546 -70.3611 -0.0162095 0.996767 -0.0786909 -9.95819 0.896646 0.049317 0.439995 91.2085
0.433761 -0.0639849 -0.898753 -71.4944 -0.0158094 0.996781 -0.0785939 -10.071 0.90089 0.0482996 0.431354 91.7667
0.425613 -0.0678125 -0.90236 -72.6625 -0.0131346 0.99662 -0.0810913 -10.1839 0.904811 0.0463655 0.423284 92.3197
0.418308 -0.0716501 -0.905474 -73.8303 -0.0101133 0.996454 -0.0835214 -10.2995 0.908249 0.0440949 0.416101 92.8595
0.411083 -0.0748076 -0.908523 -74.9931 -0.00828307 0.996279 -0.0857814 -10.4206 0.911561 0.0427885 0.408934 93.3964
0.40503 -0.0780612 -0.910964 -76.1589 -0.00719658 0.996045 -0.0885515 -10.5453 0.914276 0.0424217 0.402867 93.9251
0.401221 -0.0792786 -0.912544 -77.34 -0.00538712 0.996026 -0.0888998 -10.6623 0.915966 0.0405843 0.399199 94.4219
0.39721 -0.0774085 -0.914457 -78.5077 -0.00288087 0.996326 -0.0855901 -10.7835 0.917724 0.0366315 0.395528 94.9256
0.3925 -0.0756763 -0.916633 -79.626 0.00151254 0.996661 -0.0816356 -10.9084 0.919751 0.0306554 0.391304 95.4479
0.388476 -0.0752421 -0.918381 -80.8026 0.00328925 0.996767 -0.0802728 -11.0293 0.921454 0.0281631 0.387468 95.9516
0.385761 -0.0755558 -0.919499 -81.9816 0.00439159 0.99678 -0.0800635 -11.1423 0.922589 0.0268472 0.384851 96.4374
0.382587 -0.0748627 -0.920881 -83.1265 0.0070996 0.99692 -0.0780947 -11.259 0.923893 0.02334 0.381941 96.9254
0.380239 -0.0738706 -0.921933 -84.2657 0.00793924 0.997029 -0.0766133 -11.3727 0.924855 0.0218117 0.379696 97.4063
0.377844 -0.0754935 -0.922786 -85.4212 0.0112449 0.996971 -0.0769583 -11.4789 0.925802 0.0187014 0.377548 97.8791
0.374835 -0.0765318 -0.923927 -86.5519 0.0147197 0.996952 -0.076609 -11.5831 0.926975 0.0151156 0.374819 98.3528
0.371814 -0.0766075 -0.92514 -87.6729 0.0189174 0.997007 -0.0749557 -11.6834 0.928115 0.0103681 0.37215 98.8179
0.369498 -0.0762214 -0.9261 -88.833 0.0212298 0.997062 -0.0735915 -11.7836 0.92899 0.0075308 0.370031 99.2713
0.367038 -0.0778798 -0.926939 -89.887 0.025979 0.996958 -0.0734758 -11.8883 0.929844 0.00288725 0.367945 99.7153
0.365885 -0.0788775 -0.927311 -91.0026 0.0268693 0.996882 -0.0741935 -12.0024 0.930273 0.0022299 0.366864 100.149
0.365128 -0.0799083 -0.927521 -92.1027 0.0261058 0.996796 -0.0755998 -12.116 0.930592 0.00338974 0.366044 100.584
0.364458 -0.0810267 -0.927688 -93.1751 0.0270684 0.996708 -0.0764208 -12.2241 0.930827 0.00274091 0.365451 101.021
0.364551 -0.0810529 -0.927648 -94.2158 0.026134 0.996702 -0.0768162 -12.3342 0.930817 0.00376015 0.365468 101.466
0.366962 -0.0809576 -0.926706 -95.2551 0.0237479 0.996696 -0.0776682 -12.4452 0.929933 0.00649379 0.367672 101.913
0.371148 -0.0813823 -0.925 -96.2776 0.0222148 0.996645 -0.0787722 -12.5517 0.928308 0.00868736 0.371711 102.342
0.376784 -0.081908 -0.922672 -97.3586 0.0229059 0.996602 -0.0791171 -12.6578 0.926018 0.00867524 0.37738 102.771
0.384089 -0.0805229 -0.919777 -98.4108 0.0212398 0.996696 -0.0783873 -12.7609 0.923052 0.0105717 0.384531 103.194
0.392365 -0.0800929 -0.916315 -99.44 0.0214002 0.996727 -0.0779579 -12.862 0.919561 0.0109784 0.392795 103.627
0.401195 -0.0795516 -0.912531 -100.467 0.020295 0.996749 -0.0779707 -12.9609 0.915768 0.0127614 0.401506 104.073
0.408458 -0.0799713 -0.909267 -101.438 0.0208336 0.996712 -0.0783034 -13.0628 0.91254 0.0130401 0.408781 104.553
0.417331 -0.0798079 -0.905243 -102.421 0.0188156 0.996681 -0.079195 -13.1724 0.90856 0.0160177 0.417448 105.02
0.429536 -0.0821355 -0.899306 -103.434 0.0171182 0.996416 -0.0828286 -13.2632 0.902888 0.0201832 0.429403 105.448
0.442403 -0.0836805 -0.892903 -104.425 0.0159357 0.996213 -0.0854668 -13.3607 0.896675 0.0235815 0.442061 105.908
0.453365 -0.0822734 -0.887519 -105.352 0.014647 0.996284 -0.0848739 -13.466 0.891205 0.0254792 0.452885 106.409
0.465633 -0.080347 -0.881323 -106.277 0.0133314 0.996394 -0.0837941 -13.5663 0.884878 0.0272679 0.465025 106.915
0.477574 -0.0777688 -0.875142 -107.229 0.0116101 0.996546 -0.0822214 -13.6722 0.878515 0.0291061 0.476828 107.442
0.488774 -0.0772256 -0.868985 -108.168 0.0111883 0.996547 -0.0822687 -13.7778 0.872339 0.0304882 0.487951 107.982
0.500333 -0.0772541 -0.862379 -109.123 0.0108735 0.996493 -0.0829598 -13.885 0.865765 0.0321302 0.499419 108.534
0.511972 -0.0787152 -0.855387 -110.054 0.011597 0.996335 -0.0847444 -13.9899 0.858924 0.0334667 0.511009 109.08
0.524834 -0.0805228 -0.847387 -110.951 0.0124146 0.996133 -0.0869683 -14.0903 0.851114 0.0351239 0.523805 109.607
0.535497 -0.0800746 -0.840732 -111.86 0.0125606 0.99614 -0.0868758 -14.2101 0.844444 0.0359615 0.534436 110.199
0.545323 -0.0765255 -0.834725 -112.71 0.0102847 0.99636 -0.0846247 -14.3294 0.838163 0.0375628 0.544125 110.781
0.553749 -0.0728739 -0.829488 -113.506 0.0103339 0.996687 -0.0806643 -14.4478 0.83262 0.0360958 0.552668 111.368
0.566443 -0.0703608 -0.821091 -114.359 0.00857983 0.996798 -0.0794985 -14.5549 0.824057 0.0379864 0.565233 111.9
0.578599 -0.0692142 -0.812669 -115.201 0.00598989 0.996726 -0.0806254 -14.6626 0.81559 0.0417819 0.57712 112.445
0.588706 -0.0692805 -0.805372 -116.001 0.00505018 0.996616 -0.0820402 -14.7543 0.808332 0.0442302 0.587064 113.023
0.598764 -0.0690594 -0.797942 -116.803 0.00542238 0.996602 -0.082184 -14.8482 0.800907 0.044882 0.597105 113.612
0.608349 -0.0678172 -0.790766 -117.588 0.00693973 0.996759 -0.0801445 -14.941 0.79364 0.043268 0.606848 114.21
0.616679 -0.0665927 -0.784392 -118.34 0.00871513 0.996932 -0.0777849 -15.0393 0.787167 0.0411321 0.615368 114.816
0.624119 -0.0658821 -0.778546 -119.064 0.00972199 0.997016 -0.0765758 -15.1386 0.781269 0.0402233 0.622898 115.429
0.631342 -0.0650449 -0.772771 -119.811 0.00893792 0.99702 -0.076618 -15.2318 0.775453 0.0414651 0.630043 116.057
0.637582 -0.0642505 -0.767698 -120.546 0.0087407 0.997055 -0.0761866 -15.3246 0.770333 0.0418649 0.636266 116.706
0.644274 -0.061284 -0.762335 -121.243 0.00835775 0.997289 -0.0731084 -15.4174 0.764749 0.0407303 0.64304 117.323
0.651349 -0.0581453 -0.756546 -121.951 0.0073935 0.997499 -0.0702984 -15.5069 0.758742 0.0401951 0.65015 117.947
0.65771 -0.0569352 -0.751116 -122.625 0.00729401 0.997574 -0.0692299 -15.589 0.753236 0.0400544 0.65653 118.574
0.665278 -0.0567515 -0.744435 -123.28 0.00697997 0.997536 -0.0698086 -15.658 0.746563 0.0412458 0.664035 119.176
0.672917 -0.0545218 -0.737705 -123.928 0.00487652 0.997585 -0.0692804 -15.7263 0.739702 0.0430225 0.671559 119.784
0.681887 -0.0523172 -0.729583 -124.589 0.0053502 0.997769 -0.0665478 -15.7979 0.731438 0.0414746 0.680646 120.408
0.692207 -0.0491488 -0.720023 -125.215 0.00507874 0.997985 -0.0632399 -15.8694 0.721681 0.0401182 0.691063 121.003
0.703286 -0.0473367 -0.709329 -125.845 0.0042168 0.998041 -0.0624227 -15.9344 0.710894 0.0409098 0.702108 121.618
0.714536 -0.0474445 -0.697987 -126.461 0.0040238 0.99796 -0.0637154 -15.9948 0.699586 0.0427183 0.71327 122.228
0.725772 -0.0489237 -0.686193 -127.037 0.00490231 0.997811 -0.065956 -16.058 0.687917 0.044505 0.724423 122.834
0.736724 -0.0474969 -0.674523 -127.59 0.00441652 0.997847 -0.0654401 -16.1284 0.676179 0.0452322 0.735348 123.463
0.749454 -0.0463532 -0.66043 -128.153 0.00616086 0.997991 -0.0630539 -16.1946 0.662027 0.0431871 0.748235 124.062
0.760685 -0.0432784 -0.647676 -128.679 0.00582734 0.99819 -0.059856 -16.254 0.649094 0.0417572 0.759561 124.678
0.771899 -0.0415991 -0.634382 -129.228 0.00660752 0.998328 -0.0574246 -16.3162 0.63571 0.0401342 0.770884 125.323
0.782611 -0.0397243 -0.621242 -129.78 0.00731396 0.99848 -0.0546323 -16.3745 0.622468 0.038212 0.781712 125.99
0.79213 -0.0390832 -0.609099 -130.321 0.00869668 0.998569 -0.0527636 -16.4312 0.61029 0.0364984 0.791337 126.666
0.800677 -0.0396577 -0.597781 -130.82 0.0111241 0.998619 -0.0513499 -16.4881 0.598992 0.0344649 0.800013 127.319
0.808291 -0.039204 -0.587476 -131.356 0.0113594 0.998633 -0.0510125 -16.5459 0.588673 0.0345594 0.807632 128.027
0.815783 -0.0382124 -0.577093 -131.858 0.0106255 0.998637 -0.0511046 -16.5985 0.57826 0.0355582 0.815077 128.729
0.823243 -0.0368335 -0.566492 -132.351 0.0101108 0.998686 -0.0502415 -16.6503 0.567598 0.0356332 0.822534 129.437
0.830436 -0.036097 -0.555942 -132.834 0.0101039 0.99871 -0.049753 -16.7018 0.557021 0.0356994 0.829731 130.152
0.836992 -0.0367812 -0.545977 -133.293 0.0114256 0.998695 -0.0497642 -16.7529 0.547095 0.0354141 0.836321 130.863
0.842581 -0.0388584 -0.537165 -133.754 0.0135582 0.998608 -0.050972 -16.8033 0.538398 0.0356649 0.841936 131.602
0.847401 -0.0398436 -0.529455 -134.208 0.0149372 0.998574 -0.0512393 -16.8537 0.530742 0.0355116 0.846789 132.344
0.850676 -0.0406469 -0.524116 -134.639 0.0163513 0.99857 -0.050903 -16.8993 0.525435 0.0347318 0.850124 133.087
0.854073 -0.0391272 -0.518679 -135.074 0.0165421 0.998705 -0.0480997 -16.9458 0.51989 0.0325005 0.853615 133.839
0.857199 -0.0358182 -0.513737 -135.525 0.0151254 0.998899 -0.0444064 -16.9899 0.514761 0.0302945 0.856798 134.621
0.860946 -0.033227 -0.507609 -135.973 0.013805 0.999023 -0.0419795 -17.0341 0.508508 0.0291345 0.860564 135.403
0.86442 -0.031483 -0.501782 -136.444 0.0134522 0.999128 -0.0395134 -17.078 0.502589 0.027406 0.864091 136.209
0.868572 -0.0291963 -0.494701 -136.918 0.0123607 0.999229 -0.0372703 -17.1228 0.495407 0.026257 0.868264 137.024
0.872277 -0.0283591 -0.488188 -137.401 0.0132421 0.999321 -0.0343903 -17.1647 0.488832 0.0235331 0.872061 137.877
0.876473 -0.0278196 -0.480645 -137.864 0.0139652 0.999378 -0.0323775 -17.2068 0.481247 0.0216656 0.876318 138.707
0.880729 -0.0274773 -0.472823 -138.333 0.0142682 0.999402 -0.0315011 -17.2496 0.473405 0.0209974 0.880595 139.561
0.885207 -0.0285863 -0.464317 -138.795 0.0157566 0.99938 -0.0314886 -17.2924 0.464929 0.0205578 0.885109 140.42
0.890101 -0.0308886 -0.454715 -139.248 0.0184185 0.999323 -0.0318293 -17.3355 0.455391 0.019956 0.890068 141.285
0.895615 -0.0329752 -0.443606 -139.702 0.0207057 0.999258 -0.0324756 -17.3783 0.444348 0.0199004 0.895634 142.159
0.90171 -0.0339837 -0.431002 -140.189 0.021454 0.999195 -0.0339 -17.4254 0.431807 0.0213212 0.901714 143.074
0.908488 -0.0315769 -0.416715 -140.624 0.0187117 0.999215 -0.0349225 -17.4648 0.417491 0.0239291 0.908366 143.978
0.915861 -0.0264112 -0.400624 -141.053 0.0136868 0.999308 -0.0345903 -17.503 0.40126 0.0261965 0.915589 144.93
0.924046 -0.0232871 -0.381569 -141.453 0.0126252 0.999457 -0.0304221 -17.5505 0.382071 0.023294 0.92384 145.872
0.930283 -0.0198685 -0.366304 -141.805 0.00928849 0.999488 -0.0306231 -17.5703 0.366724 0.0250856 0.929991 146.913
0.937152 -0.0196288 -0.348367 -142.12 0.00928006 0.999465 -0.0313503 -17.5938 0.348796 0.026147 0.936834 147.928
0.943425 -0.0204363 -0.330953 -142.429 0.0108362 0.999466 -0.0308267 -17.6125 0.331406 0.0254963 0.943144 148.961
0.951299 -0.0198561 -0.307627 -142.797 0.0111809 0.999489 -0.0299371 -17.629 0.308064 0.0250394 0.951036 149.975
0.95818 -0.0173017 -0.285642 -143.135 0.0103655 0.999614 -0.0257772 -17.6751 0.285977 0.0217383 0.95799 151.041
0.964568 -0.013536 -0.263485 -143.441 0.00775114 0.999705 -0.0229824 -17.6903 0.263719 0.0201256 0.96439 152.115
0.970467 -0.0124879 -0.24091 -143.731 0.00791642 0.99977 -0.0199343 -17.7207 0.241103 0.0174383 0.970343 153.224
0.97553 -0.0125038 -0.219506 -143.962 0.00830576 0.999764 -0.0200372 -17.7469 0.219705 0.0177236 0.975405 154.325
0.979642 -0.0116475 -0.200412 -144.151 0.00710815 0.999702 -0.0233548 -17.771 0.200624 0.0214547 0.979433 155.46
0.983318 -0.0123848 -0.181471 -144.35 0.00848563 0.999716 -0.0222471 -17.8171 0.181695 0.0203359 0.983145 156.623
0.986219 -0.0153363 -0.164732 -144.481 0.0121623 0.99972 -0.0202589 -17.8542 0.164997 0.017976 0.98613 157.774
0.989154 -0.0133879 -0.14627 -144.635 0.0108838 0.99978 -0.0179065 -17.8979 0.146477 0.0161202 0.989083 158.963
0.991779 -0.0137998 -0.127216 -144.772 0.0118835 0.999804 -0.0158103 -17.9375 0.127408 0.0141684 0.991749 160.165
0.993969 -0.0135315 -0.108816 -144.862 0.0120832 0.999829 -0.013958 -17.9697 0.108986 0.0125588 0.993964 161.349
0.995982 -0.0104478 -0.0889334 -145 0.00930399 0.999868 -0.013266 -17.993 0.0890599 0.0123852 0.995949 162.628
0.997568 -0.00916262 -0.0690834 -145.093 0.00825 0.999875 -0.0134839 -18.014 0.0691979 0.012881 0.99752 163.878
0.99874 -0.0106438 -0.0490396 -145.139 0.00996909 0.999852 -0.0139828 -18.0391 0.0491808 0.0134762 0.998699 165.097
0.999414 -0.0139224 -0.0312546 -145.159 0.0134494 0.999792 -0.0152917 -18.0665 0.0314605 0.0148623 0.999395 166.375
0.999843 -0.0113033 -0.0135831 -145.175 0.0110887 0.999814 -0.0157679 -18.1141 0.0137584 0.0156147 0.999784 167.675
0.999936 -0.010592 0.00399553 -145.159 0.0106538 0.999818 -0.0157829 -18.1609 -0.0038281 0.0158243 0.999868 168.966
0.999708 -0.0112762 0.0213542 -145.125 0.0116397 0.999788 -0.0169735 -18.2052 -0.0211588 0.017217 0.999628 170.275
0.99917 -0.00980378 0.0395168 -145.063 0.010643 0.999721 -0.0210826 -18.2572 -0.0392996 0.0214856 0.998997 171.575
0.998198 -0.0063374 0.0596637 -145.018 0.00798455 0.999592 -0.0274097 -18.3044 -0.0594662 0.0278366 0.997842 172.915
0.997222 -0.00423309 0.0743596 -144.899 0.00667949 0.999443 -0.0326821 -18.3486 -0.0741804 0.0330879 0.996696 174.254
0.996551 -0.00202303 0.0829595 -144.714 0.00489591 0.999394 -0.0344413 -18.4215 -0.0828401 0.0347285 0.995958 175.62
0.995373 0.000435362 0.0960825 -144.548 0.00293766 0.999384 -0.0349615 -18.4978 -0.0960391 0.0350819 0.994759 176.969
0.993519 -0.00147631 0.11365 -144.411 0.00539935 0.999399 -0.0342188 -18.5582 -0.113532 0.0346105 0.992931 178.352
0.991779 0.00210616 0.127939 -144.192 0.00232512 0.999403 -0.0344768 -18.6224 -0.127936 0.0344907 0.991183 179.72
0.989894 8.6893e-05 0.141808 -143.959 0.00555187 0.999209 -0.0393674 -18.6804 -0.1417 0.0397567 0.989111 181.107
0.987206 0.000725227 0.159446 -143.763 0.00599261 0.999114 -0.0416475 -18.7682 -0.159336 0.0420701 0.986328 182.486
0.984357 0.0048661 0.176114 -143.524 0.00232789 0.999172 -0.0406189 -18.8486 -0.176167 0.0403934 0.983531 183.908
0.98162 0.0046597 0.190787 -143.228 0.00269857 0.999263 -0.03829 -18.9332 -0.190826 0.038101 0.980884 185.321
0.978157 0.00693576 0.207749 -142.948 0.00127549 0.999224 -0.039365 -19.0315 -0.207861 0.03877 0.97739 186.696
0.974132 0.0041897 0.225941 -142.642 0.00547878 0.999096 -0.0421481 -19.1318 -0.225914 0.0422956 0.973229 188.066
0.970374 0.018565 0.240891 -142.334 -0.00951894 0.999207 -0.0386621 -19.211 -0.241418 0.0352236 0.969782 189.417
0.966033 -0.000987276 0.258416 -141.952 0.014362 0.998652 -0.0498741 -19.2859 -0.258019 0.0518912 0.964745 190.796
0.961206 -0.000406781 0.275829 -141.528 0.01658 0.998276 -0.0563055 -19.3635 -0.275331 0.0586943 0.959556 192.201
0.954911 0.00380454 0.296867 -141.046 0.014431 0.998141 -0.0592113 -19.4517 -0.29654 0.0608255 0.953082 193.698
0.94722 0.00813688 0.320479 -140.6 0.0112396 0.99822 -0.0585647 -19.5629 -0.320386 0.0590756 0.945444 195.057
0.938236 0.00747592 0.345914 -140.084 0.0139146 0.998142 -0.0593131 -19.684 -0.345716 0.0604628 0.93639 196.486
0.928592 0.00852061 0.371004 -139.545 0.0149985 0.998058 -0.0604619 -19.7946 -0.370799 0.0617088 0.926661 197.857
0.917898 0.0111762 0.396657 -138.976 0.0147764 0.997947 -0.0623122 -19.899 -0.39654 0.0630573 0.91585 199.264
0.906793 0.0105151 0.421444 -138.361 0.0175043 0.997887 -0.0625604 -20.016 -0.421212 0.0641063 0.904694 200.633
0.894616 0.0116897 0.446682 -137.698 0.0186317 0.997812 -0.0634285 -20.1166 -0.446447 0.0650664 0.892442 202.072
0.88314 0.0180508 0.468761 -136.977 0.015117 0.997645 -0.066897 -20.2054 -0.468866 0.0661656 0.880788 203.338
0.871572 0.0218837 0.489779 -136.244 0.0146087 0.9974 -0.0705611 -20.348 -0.49005 0.068654 0.868986 204.514
0.859297 0.0227098 0.510972 -135.474 0.0175665 0.997114 -0.0738575 -20.4493 -0.511175 0.0724414 0.856418 205.814
0.847185 0.0206196 0.530897 -134.668 0.0240342 0.996736 -0.0770651 -20.5545 -0.530754 0.0780479 0.843925 207.096
0.835864 0.0202022 0.548564 -133.818 0.0268613 0.99662 -0.0776325 -20.6874 -0.548279 0.0796253 0.832497 208.339
0.824582 0.0200687 0.565386 -132.954 0.0296583 0.996463 -0.0786249 -20.8195 -0.564965 0.0816009 0.82107 209.555
0.812513 0.019578 0.582614 -132.042 0.0336352 0.996196 -0.0803835 -20.9615 -0.581972 0.0849088 0.808764 210.841
0.800188 0.020562 0.599396 -131.101 0.0369655 0.995821 -0.0835099 -21.0913 -0.598609 0.0889805 0.796084 212.134
0.788549 0.0226508 0.614554 -130.125 0.0386771 0.995516 -0.0863196 -21.2485 -0.613754 0.0918363 0.784138 213.389
0.775091 0.0241893 0.631386 -129.183 0.0395022 0.995457 -0.0866304 -21.4113 -0.630614 0.0920874 0.770614 214.577
0.761583 0.0245667 0.647601 -128.178 0.0410994 0.995439 -0.0860951 -21.5539 -0.646763 0.0921845 0.7571 215.814
0.746615 0.0286305 0.664639 -127.204 0.0381436 0.995587 -0.0857349 -21.6909 -0.664162 0.0893626 0.742229 216.979
0.731454 0.0303914 0.681213 -126.182 0.0368896 0.99578 -0.0840357 -21.8242 -0.680892 0.0865979 0.727246 218.133
0.715575 0.0340028 0.697708 -125.127 0.0327298 0.996085 -0.0821122 -21.961 -0.697769 0.0815932 0.711661 219.267
0.700681 0.0362578 0.712552 -124.072 0.0313833 0.996175 -0.0815502 -22.0918 -0.712784 0.0795028 0.696863 220.318
0.686764 0.0392905 0.725818 -122.972 0.0312117 0.996023 -0.0834497 -22.2239 -0.726211 0.0799641 0.682806 221.344
0.673229 0.043414 0.738158 -121.85 0.0290615 0.99595 -0.085081 -22.3661 -0.738863 0.0787309 0.669241 222.33
0.658879 0.0439368 0.750964 -120.736 0.0293233 0.996034 -0.0840027 -22.5109 -0.751678 0.0773683 0.654977 223.255
0.643035 0.043293 0.764612 -119.603 0.0286234 0.996345 -0.080486 -22.6505 -0.765302 0.073641 0.639445 224.157
0.627556 0.0423105 0.777421 -118.449 0.0282337 0.996629 -0.0770318 -22.7854 -0.77806 0.0702911 0.624246 225.023
0.61043 0.0409004 0.791013 -117.305 0.028041 0.996924 -0.0731868 -22.9245 -0.791574 0.0668561 0.607406 225.873
0.593622 0.0397567 0.803761 -116.14 0.028663 0.997101 -0.0704892 -23.06 -0.804233 0.0648821 0.590762 226.702
0.575176 0.0393792 0.817081 -114.979 0.0285819 0.997263 -0.0681831 -23.1978 -0.817531 0.0625709 0.572476 227.531
0.55677 0.0379365 0.829799 -113.833 0.0307511 0.99733 -0.0662288 -23.3304 -0.830097 0.0623914 0.554118 228.298
0.541636 0.0386499 0.839724 -112.633 0.0325567 0.997228 -0.0668991 -23.4394 -0.839983 0.0635735 0.538877 229.013
0.523496 0.0369576 0.851226 -111.46 0.0367518 0.997149 -0.0658951 -23.5631 -0.851235 0.0657798 0.520646 229.733
0.505163 0.0354135 0.862297 -110.275 0.0384153 0.997245 -0.0634606 -23.6714 -0.862169 0.0651832 0.50241 230.417
0.487437 0.035495 0.872436 -109.076 0.0389083 0.997298 -0.0623134 -23.7781 -0.872291 0.0643187 0.484739 231.077
0.468389 0.0385404 0.882681 -107.98 0.0404829 0.997063 -0.0650166 -23.901 -0.882595 0.0661864 0.465453 231.72
0.452127 0.0471284 0.890707 -106.753 0.0384683 0.996644 -0.0722603 -24.0344 -0.891124 0.0669347 0.448796 232.32
0.435377 0.0550299 0.898564 -105.529 0.0338382 0.996424 -0.0774184 -24.1864 -0.899612 0.0641119 0.431958 232.897
0.417664 0.0589437 0.906687 -104.326 0.030442 0.996425 -0.0788006 -24.3233 -0.908092 0.0605134 0.414376 233.462
0.399109 0.0605614 0.914901 -103.132 0.0280215 0.996544 -0.0781896 -24.4502 -0.916475 0.056843 0.396033 234
0.380501 0.0616167 0.922725 -101.951 0.0231327 0.996831 -0.0761044 -24.5786 -0.924491 0.0503028 0.37787 234.51
0.362478 0.062789 0.929875 -100.786 0.0206968 0.99694 -0.0753853 -24.6963 -0.931763 0.0465708 0.360069 234.984
0.344465 0.0615169 0.936781 -99.6105 0.0203237 0.997128 -0.072953 -24.8124 -0.938579 0.0441685 0.342225 235.436
0.326971 0.0613642 0.94304 -98.4252 0.0208877 0.997177 -0.0721291 -24.9277 -0.944804 0.043282 0.324766 235.853
0.309437 0.0630517 0.948827 -97.2483 0.0220859 0.997054 -0.0734593 -25.0183 -0.950664 0.0436866 0.307133 236.25
0.292253 0.0673021 0.953969 -96.0412 0.0191039 0.996911 -0.0761841 -25.1244 -0.95615 0.0404894 0.290065 236.623
0.275328 0.0692752 0.958851 -94.8416 0.0184681 0.996835 -0.0773225 -25.2347 -0.961173 0.0389971 0.273177 236.973
0.258965 0.0674778 0.963526 -93.6936 0.0179185 0.99705 -0.0746414 -25.3389 -0.965721 0.0365943 0.256992 237.293
0.245489 0.0624977 0.967382 -92.5262 0.0203047 0.997369 -0.0695876 -25.4559 -0.969187 0.0367252 0.243574 237.567
0.232164 0.0584952 0.970916 -91.3719 0.021935 0.997621 -0.0653491 -25.5538 -0.97243 0.0364686 0.230328 237.847
0.219444 0.0546311 0.974094 -90.2643 0.0247429 0.997798 -0.0615346 -25.6522 -0.975311 0.0376052 0.217609 238.112
0.208981 0.0545939 0.976394 -89.1191 0.0246103 0.997831 -0.0610599 -25.7474 -0.97761 0.0367896 0.207184 238.374
0.199729 0.0576393 0.978154 -88.1081 0.0238688 0.997686 -0.063664 -25.8366 -0.979561 0.0360628 0.197891 238.626
0.192253 0.059598 0.979534 -86.9937 0.022517 0.997624 -0.065118 -25.9272 -0.981087 0.0345751 0.190454 238.869
0.185902 0.0638192 0.980493 -85.911 0.0214879 0.997386 -0.0689929 -26.0238 -0.982333 0.0338945 0.184045 239.1
0.180046 0.0717911 0.981035 -84.8152 0.0227993 0.996761 -0.0771262 -26.1301 -0.983394 0.036253 0.177826 239.319
0.174704 0.074209 0.98182 -83.7165 0.0204323 0.996668 -0.0789668 -26.2368 -0.984409 0.0338564 0.172605 239.532
0.17035 0.0667123 0.983123 -82.6362 0.0208295 0.997239 -0.0712794 -26.3296 -0.985164 0.0326202 0.168489 239.733
0.166555 0.057718 0.984341 -81.5961 0.0212777 0.997843 -0.06211 -26.4097 -0.985803 0.0312891 0.164968 239.944
0.163948 0.0542198 0.984978 -80.5336 0.0210833 0.998068 -0.0584496 -26.4955 -0.986244 0.0303492 0.162488 240.149
0.162363 0.0556364 0.985161 -79.4709 0.0204199 0.998006 -0.0597272 -26.5829 -0.98652 0.0298142 0.160903 240.353
0.161199 0.0586409 0.985178 -78.4419 0.0208135 0.997809 -0.0627984 -26.6681 -0.986703 0.0306279 0.159625 240.549
0.163331 0.0609243 0.984688 -77.3895 0.0184741 0.997728 -0.0647954 -26.7589 -0.986398 0.0287742 0.161834 240.721
0.165567 0.061677 0.984268 -76.3778 0.0169455 0.997717 -0.0653702 -26.8445 -0.986053 0.0275019 0.164144 240.902
0.168964 0.0630938 0.9836 -75.3532 0.0161964 0.997637 -0.0667764 -26.9293 -0.985489 0.0272135 0.167542 241.079
0.173329 0.0644497 0.982753 -74.3472 0.0144544 0.997583 -0.0679716 -27.0104 -0.984758 0.0259864 0.171978 241.258
0.178175 0.0660934 0.981776 -73.3621 0.0127016 0.997504 -0.0694573 -27.0919 -0.983917 0.0248456 0.176891 241.446
0.184611 0.0647026 0.980679 -72.3476 0.0122497 0.997602 -0.068125 -27.1717 -0.982735 0.0245895 0.183375 241.637
0.190039 0.0630892 0.979747 -71.3821 0.0141519 0.997654 -0.0669873 -27.2546 -0.981675 0.0265953 0.1887 241.851
0.195416 0.0621914 0.978746 -70.4264 0.0162641 0.997645 -0.0666395 -27.3363 -0.980586 0.0289407 0.193944 242.068
0.20142 0.0626781 0.977497 -69.4708 0.0183577 0.997534 -0.0677456 -27.4164 -0.979333 0.0315898 0.199773 242.286
0.208146 0.0626841 0.976087 -68.5039 0.0175057 0.997546 -0.0677951 -27.4939 -0.977941 0.0311982 0.206538 242.503
0.216264 0.0612828 0.97441 -67.5468 0.0173429 0.99763 -0.0665923 -27.5781 -0.976181 0.0313004 0.214688 242.693
0.224298 0.0594919 0.972703 -66.5602 0.0173161 0.997734 -0.0650158 -27.6542 -0.974367 0.0314262 0.222759 242.903
0.232377 0.0581144 0.970888 -65.5772 0.0174726 0.997803 -0.0639075 -27.7298 -0.972469 0.0318144 0.230851 243.12
0.239925 0.0583614 0.969035 -64.631 0.0178342 0.997758 -0.0645068 -27.8077 -0.970628 0.0327586 0.238346 243.345
0.247953 0.0601712 0.966901 -63.6828 0.0194461 0.997559 -0.0670658 -27.8856 -0.968577 0.0354315 0.246177 243.575
0.250507 0.0614812 0.96616 -62.7766 0.0195184 0.997458 -0.0685335 -27.9671 -0.967918 0.0360259 0.24867 243.87
0.256409 0.0631915 0.9645 -61.8252 0.018473 0.997358 -0.0702552 -28.0492 -0.966392 0.0358312 0.254564 244.141
0.262555 0.0639477 0.962796 -60.9082 0.0167386 0.99735 -0.0708073 -28.13 -0.964772 0.0347065 0.260788 244.405
0.269087 0.0636164 0.961012 -59.9787 0.0169904 0.997347 -0.070779 -28.2098 -0.962966 0.0353736 0.267293 244.67
0.275343 0.0612499 0.959393 -59.0325 0.0165734 0.997518 -0.0684404 -28.2913 -0.961203 0.0347448 0.273644 244.948
0.280399 0.0602263 0.957992 -58.0944 0.0166104 0.997576 -0.0675765 -28.3657 -0.95974 0.0348609 0.278719 245.244
0.28785 0.0594821 0.955826 -57.1935 0.0174341 0.997578 -0.0673307 -28.4473 -0.957517 0.0360449 0.286116 245.507
0.294359 0.0600505 0.953806 -56.2729 0.0171209 0.997532 -0.0680872 -28.5349 -0.955542 0.036372 0.292604 245.793
0.301308 0.0603015 0.951618 -55.3771 0.0187153 0.997432 -0.0691305 -28.6077 -0.953343 0.0386393 0.299406 246.08
0.30835 0.062312 0.94923 -54.4826 0.01921 0.997241 -0.0717039 -28.6776 -0.951079 0.0403445 0.306302 246.389
0.316702 0.0651032 0.946288 -53.5918 0.0193761 0.99699 -0.0750761 -28.751 -0.948328 0.0421119 0.314487 246.706
0.325293 0.0668159 0.943249 -52.6921 0.0189365 0.99684 -0.0771426 -28.8263 -0.945424 0.0429557 0.323 247.029
0.332407 0.0666118 0.940781 -51.7854 0.0171253 0.996912 -0.076637 -28.9045 -0.942981 0.0415857 0.33024 247.354
0.337541 0.0662425 0.938977 -50.8835 0.0146181 0.997032 -0.075593 -28.9815 -0.941197 0.0392416 0.335571 247.684
0.34144 0.0679119 0.937447 -49.969 0.0118453 0.996996 -0.0765402 -29.0625 -0.939829 0.0372381 0.339609 248.016
0.344148 0.0699925 0.936303 -49.0615 0.0115662 0.996826 -0.0787681 -29.1464 -0.938845 0.0379371 0.342245 248.351
