1 0 0 0 0 1 0 0 0 0 1 0
0.99996 -0.000386324 0.00891893 0.229318 0.000391232 1 -0.000548534 0.0246781 -0.00891872 0.000552001 0.99996 0.0244151
0.999882 -0.00316531 0.01501 0.45097 0.00316621 0.999995 -3.6453e-05 0.0443579 -0.0150098 8.39736e-05 0.999887 0.0472034
0.999091 -0.00159395 0.0425953 0.509074 0.00147031 0.999995 0.00293374 0.0219942 -0.0425998 -0.00286844 0.999088 0.111606
0.997003 -0.001969 0.077339 0.541307 0.00149814 0.99998 0.0061459 0.0116901 -0.0773496 -0.00601162 0.996986 0.29042
0.993115 -0.00481271 0.117046 0.583333 0.00378326 0.999952 0.00901582 -0.000403779 -0.117084 -0.00851093 0.993086 0.48301
0.987442 -0.0078123 0.157789 0.642498 0.00628926 0.999929 0.0101494 -0.00809803 -0.157857 -0.00902956 0.987421 0.676635
0.979494 -0.00793351 0.201318 0.734893 0.00562404 0.999912 0.0120411 -0.012338 -0.201396 -0.010662 0.979452 0.881455
0.9685 -0.00706692 0.248913 0.846058 0.0032818 0.999873 0.0156183 -0.016422 -0.248992 -0.0143094 0.9684 1.1052
0.955216 -0.0116807 0.295678 0.989192 0.00529863 0.999736 0.0223765 -0.00758776 -0.295862 -0.0198077 0.955025 1.31201
0.939014 -0.0197968 0.343309 1.13388 0.00983478 0.999479 0.0307348 -0.000804684 -0.343739 -0.025484 0.938719 1.55561
0.918556 -0.0252253 0.394485 1.30609 0.0124886 0.999316 0.0348215 0.0124423 -0.395093 -0.027059 0.918243 1.80827
0.894561 -0.0259953 0.446189 1.4927 0.00973029 0.999203 0.038706 0.0267025 -0.44684 -0.0302833 0.894101 2.05062
0.867429 -0.0281074 0.496767 1.69256 0.00761789 0.999036 0.0432241 0.0431099 -0.497503 -0.0337095 0.866807 2.28432
0.836602 -0.0314918 0.546906 1.92072 0.00653606 0.998849 0.0475172 0.0588298 -0.547773 -0.0361784 0.835845 2.51733
0.802013 -0.0366228 0.596182 2.17024 0.00794088 0.998684 0.0506655 0.07572 -0.597253 -0.0359002 0.801249 2.74326
0.765786 -0.0424838 0.64169 2.46842 0.0105472 0.998511 0.0535205 0.0706111 -0.643008 -0.0342172 0.765095 2.97685
0.726975 -0.0458874 0.685129 2.7573 0.0115685 0.998442 0.0545968 0.0940672 -0.686567 -0.0317645 0.726373 3.2006
0.686209 -0.048247 0.725803 3.06619 0.0113889 0.998388 0.0555992 0.123746 -0.727315 -0.0298866 0.685653 3.43212
0.644614 -0.0482335 0.762985 3.40937 0.00695058 0.998336 0.0572395 0.162467 -0.764476 -0.0315942 0.643877 3.66949
0.603664 -0.0493532 0.79571 3.76693 0.00424821 0.998267 0.0586937 0.180417 -0.797227 -0.0320509 0.602828 3.90003
0.564237 -0.0507966 0.824048 4.13514 0.00248179 0.998205 0.0598328 0.198953 -0.825609 -0.0317148 0.563351 4.11446
0.526092 -0.0527826 0.848788 4.53576 0.000533308 0.998092 0.0617367 0.226315 -0.850427 -0.0320265 0.525117 4.33518
0.489379 -0.0527276 0.870476 4.96439 -0.00223509 0.998092 0.0617143 0.24552 -0.872068 -0.0321473 0.488327 4.54602
0.453616 -0.0520728 0.889674 5.43638 -0.00342092 0.998183 0.060168 0.274739 -0.89119 -0.0303367 0.452614 4.75473
0.420803 -0.050683 0.905735 5.91563 -0.00257814 0.998367 0.0570643 0.302271 -0.907148 -0.026348 0.419986 4.94637
0.391688 -0.0485762 0.918815 6.43964 -0.000784964 0.998588 0.0531282 0.339411 -0.920097 -0.0215309 0.391097 5.14109
0.367033 -0.0465707 0.929041 6.9871 2.41061e-05 0.998747 0.0500553 0.370431 -0.930207 -0.0183496 0.366575 5.33222
0.347468 -0.0455815 0.936583 7.57643 0.00109552 0.998837 0.0482048 0.41028 -0.937691 -0.0157236 0.347114 5.52528
0.333493 -0.0460431 0.941628 8.19496 0.0021391 0.998841 0.0480831 0.442965 -0.94275 -0.0140211 0.333205 5.72178
0.322715 -0.0473308 0.945312 8.81564 0.00354087 0.998802 0.0488002 0.476193 -0.946489 -0.0124013 0.322496 5.9114
0.31308 -0.0484083 0.948492 9.47379 0.00210466 0.998733 0.0502778 0.516359 -0.949724 -0.0137447 0.312785 6.09999
0.303633 -0.0491609 0.95152 10.182 0.00106078 0.998685 0.0512592 0.570137 -0.952788 -0.0145546 0.303286 6.30294
0.294708 -0.0498757 0.954285 10.8921 0.00084694 0.99865 0.0519329 0.624333 -0.955587 -0.0144968 0.294353 6.49925
0.28572 -0.05051 0.956981 11.6039 0.000524859 0.998618 0.0525509 0.67897 -0.958313 -0.0145126 0.285352 6.68883
0.276614 -0.0516429 0.959592 12.3284 0.000684159 0.998566 0.0535431 0.714005 -0.96098 -0.0141543 0.276253 6.86535
0.267071 -0.0522863 0.962257 13.0915 0.000622468 0.998536 0.0540849 0.760014 -0.963676 -0.0138455 0.266713 7.06457
0.257249 -0.0541937 0.964824 13.8541 0.000424439 0.998433 0.0559683 0.805794 -0.966345 -0.0139883 0.256869 7.25109
0.246536 -0.0579128 0.967402 14.6455 -0.000757165 0.998201 0.0599496 0.843941 -0.969133 -0.0155122 0.246049 7.44686
0.234715 -0.0617011 0.970104 15.4293 -0.000870965 0.99797 0.0636842 0.877338 -0.972063 -0.0157926 0.234185 7.62944
0.222051 -0.0639696 0.972934 16.2456 -0.00177226 0.997818 0.0660102 0.917363 -0.975033 -0.016382 0.221454 7.81488
0.208251 -0.0642129 0.975965 17.0593 -0.00226768 0.997809 0.0661339 0.958826 -0.978072 -0.0159856 0.207649 7.98752
0.195401 -0.0636204 0.978658 17.8634 -0.00326448 0.997846 0.0655196 0.991408 -0.980718 -0.0159974 0.194773 8.12698
0.180083 -0.0629756 0.981633 18.6735 -0.00314105 0.997907 0.0645958 1.0259 -0.983646 -0.014716 0.179509 8.25339
0.161149 -0.0616701 0.985001 19.4932 -0.00543636 0.997976 0.0633718 1.0595 -0.986915 -0.0155671 0.160488 8.36773
0.136969 -0.0608872 0.988702 20.3318 -0.00902665 0.997991 0.0627097 1.09497 -0.990534 -0.017514 0.136144 8.46442
0.107101 -0.0602338 0.992422 21.1728 -0.013026 0.997993 0.0619776 1.13254 -0.994162 -0.0195652 0.106102 8.55279
0.0743756 -0.0600896 0.995418 22.0375 -0.0159306 0.997984 0.0614348 1.17213 -0.997103 -0.0204268 0.0732688 8.60582
0.0403639 -0.0592269 0.997428 22.9006 -0.0177325 0.998042 0.0599809 1.20867 -0.999027 -0.020108 0.039235 8.62814
0.00696105 -0.0579906 0.998293 23.7604 -0.0183257 0.998142 0.0581096 1.24189 -0.999807 -0.018699 0.00588582 8.62126
-0.0253764 -0.0561557 0.998099 24.6139 -0.0200868 0.998249 0.0556534 1.27441 -0.999476 -0.0186364 -0.0264595 8.59053
-0.057294 -0.0531722 0.99694 25.4738 -0.0225483 0.998395 0.051954 1.30603 -0.998102 -0.0195026 -0.0584006 8.53158
-0.0899805 -0.0487431 0.99475 26.3283 -0.0195982 0.998695 0.0471637 1.33353 -0.99575 -0.0152515 -0.0908179 8.44594
-0.121107 -0.0430212 0.991707 27.1822 -0.0134098 0.999041 0.0417017 1.35723 -0.992549 -0.00824829 -0.121567 8.31991
-0.152015 -0.0366191 0.9877 28.0187 -0.0067486 0.999329 0.0360115 1.37837 -0.988355 -0.0011913 -0.15216 8.17947
-0.18045 -0.0312175 0.983089 28.864 -0.0013578 0.999504 0.0314895 1.39236 -0.983583 0.0043474 -0.180402 8.0059
-0.208884 -0.0248306 0.977625 29.6813 0.0071034 0.999613 0.0269068 1.40869 -0.977914 0.0125648 -0.208627 7.80916
-0.234488 -0.013969 0.972019 30.5087 0.0140983 0.999743 0.0177684 1.40622 -0.972017 0.0178702 -0.23423 7.58403
-0.259507 0.000912634 0.965741 31.3199 0.0189789 0.999812 0.00415502 1.3906 -0.965555 0.0194069 -0.259475 7.3426
-0.283842 0.0190989 0.958681 32.1281 0.0205694 0.999693 -0.0138259 1.38651 -0.95865 0.0157951 -0.284147 7.08933
-0.308223 0.0346146 0.950684 32.929 0.02156 0.999336 -0.029396 1.36427 -0.95107 0.0114362 -0.308764 6.80513
-0.332546 0.0475868 0.941886 33.7172 0.0268816 0.998799 -0.0409713 1.35361 -0.942704 0.0116946 -0.333425 6.50779
-0.355571 0.0541911 0.933077 34.5016 0.0314358 0.998447 -0.0460083 1.32466 -0.93412 0.0129727 -0.356722 6.18868
-0.377472 0.0561552 0.924317 35.2754 0.0368534 0.99828 -0.0455985 1.29651 -0.925287 0.0168521 -0.378892 5.84969
-0.397444 0.051187 0.916197 36.0278 0.0392742 0.998477 -0.0387468 1.24683 -0.916785 0.0205832 -0.398849 5.50534
-0.416067 0.0498438 0.907967 36.767 0.0469681 0.998342 -0.0332824 1.19769 -0.90812 0.0287978 -0.417717 5.15915
-0.430338 0.0496283 0.901303 37.5081 0.0491428 0.998295 -0.0315052 1.15286 -0.901329 0.0307347 -0.432042 4.79356
-0.441797 0.0530452 0.895545 38.2221 0.0529774 0.998051 -0.0329817 1.10502 -0.895549 0.0328725 -0.443746 4.43812
-0.452072 0.0554069 0.890259 38.9287 0.0540108 0.997938 -0.0346819 1.06454 -0.890345 0.0324049 -0.454132 4.07738
-0.463333 0.055246 0.884461 39.6437 0.0495638 0.998109 -0.0363804 1.01877 -0.884797 0.026981 -0.465194 3.70894
-0.474425 0.0550261 0.878574 40.3397 0.0492807 0.99814 -0.0359033 0.992939 -0.878915 0.0262633 -0.476254 3.33691
-0.483424 0.0572941 0.873509 41.0342 0.0509338 0.998007 -0.0372719 0.975711 -0.873903 0.026473 -0.485378 2.94855
-0.490851 0.0613496 0.869081 41.7349 0.0535673 0.997756 -0.0401785 0.951723 -0.869595 0.0268327 -0.493035 2.54977
-0.493633 0.0652772 0.867217 42.4347 0.0541502 0.997552 -0.0442647 0.927667 -0.867983 0.0251095 -0.495958 2.1477
-0.493265 0.0693162 0.867113 43.1953 0.0547733 0.997317 -0.0485663 0.902782 -0.868153 0.0235386 -0.495737 1.70801
-0.49007 0.0694905 0.868909 43.9532 0.0549785 0.997297 -0.0487501 0.870284 -0.869947 0.0238804 -0.492565 1.29019
-0.483962 0.068965 0.872367 44.7279 0.0514036 0.997409 -0.0503331 0.835101 -0.873578 0.0204836 -0.486252 0.86513
-0.476593 0.0675812 0.876522 45.5237 0.0477597 0.997559 -0.0509449 0.791203 -0.877825 0.0175825 -0.478657 0.434345
-0.469238 0.0669265 0.880532 46.3229 0.0444805 0.99765 -0.0521246 0.74475 -0.881951 0.0147077 -0.471111 0.0173499
-0.462752 0.0652955 0.88408 47.1555 0.0406897 0.997797 -0.0523962 0.690686 -0.885553 0.0117265 -0.464389 -0.412147
-0.457925 0.063767 0.886701 48.0046 0.0364677 0.997932 -0.0529329 0.63713 -0.888242 0.0080967 -0.459303 -0.84693
-0.455812 0.0620284 0.887912 48.8581 0.0328947 0.998062 -0.0528367 0.583432 -0.889468 0.00512402 -0.456968 -1.28366
-0.454992 0.0597442 0.888489 49.7288 0.0281603 0.998213 -0.0527015 0.530794 -0.89005 0.00104138 -0.455861 -1.73673
-0.454926 0.0582466 0.888623 50.617 0.0266702 0.998302 -0.0517821 0.46587 -0.89013 0.000142781 -0.455706 -2.19636
-0.454743 0.0574936 0.888765 51.5068 0.0265066 0.998346 -0.05102 0.401927 -0.890228 0.000357216 -0.455514 -2.65987
-0.455266 0.0584543 0.888435 52.4163 0.0294486 0.998285 -0.0505914 0.332281 -0.889868 0.00313064 -0.456206 -3.12074
-0.454626 0.0588068 0.888739 53.3369 0.0291423 0.998266 -0.0511466 0.281463 -0.890205 0.00264737 -0.45555 -3.59955
-0.453533 0.059708 0.889237 54.2577 0.0275706 0.998216 -0.0529638 0.228795 -0.890813 0.000495987 -0.45437 -4.07689
-0.454052 0.0598555 0.888963 55.1922 0.0252354 0.998205 -0.0543216 0.173847 -0.890618 -0.00223141 -0.454747 -4.5452
-0.452737 0.0608376 0.889566 56.1179 0.0252687 0.998145 -0.055403 0.111615 -0.891286 -0.00260478 -0.453433 -5.02505
-0.451334 0.0596031 0.890362 57.0483 0.0213748 0.998203 -0.0559871 0.043134 -0.892099 -0.00623754 -0.451796 -5.50019
-0.45055 0.0577002 0.890885 57.9768 0.0213124 0.99832 -0.0538802 -0.0369442 -0.892496 -0.00528874 -0.451022 -5.96173
-0.447597 0.0555172 0.89251 58.8852 0.0218637 0.998452 -0.0511424 -0.115522 -0.893968 -0.00337762 -0.448118 -6.42623
-0.444046 0.0558118 0.894264 59.8069 0.025682 0.998441 -0.0495613 -0.188201 -0.895635 0.000958977 -0.444787 -6.89549
-0.440941 0.0562388 0.895773 60.7351 0.026825 0.998415 -0.0494784 -0.252848 -0.897135 0.00221212 -0.44175 -7.35944
-0.438554 0.0570621 0.896891 61.6651 0.0282231 0.998365 -0.0497178 -0.317346 -0.898261 0.00350911 -0.439447 -7.81351
-0.437361 0.057238 0.897463 62.5738 0.0285358 0.998353 -0.0497662 -0.398377 -0.898833 0.00384405 -0.438274 -8.25544
-0.438362 0.0577536 0.896941 63.4886 0.0276612 0.998328 -0.050763 -0.478489 -0.898373 0.00255793 -0.439226 -8.69672
-0.441719 0.060386 0.895119 64.386 0.0273676 0.998175 -0.0538331 -0.540742 -0.896736 0.000718167 -0.442565 -9.12869
-0.446574 0.06194 0.8926 65.2879 0.0266844 0.998079 -0.0559091 -0.602239 -0.894349 -0.00114894 -0.447368 -9.57242
-0.452912 0.0605942 0.889494 66.1959 0.0275847 0.998163 -0.0539514 -0.672741 -0.891128 0.000101235 -0.453751 -10.019
-0.459354 0.057884 0.886365 67.1037 0.0282128 0.998322 -0.0505743 -0.743976 -0.887805 0.00177539 -0.460216 -10.4784
-0.46515 0.0573751 0.883371 67.9809 0.0266647 0.998353 -0.0508026 -0.799594 -0.88483 -7.5991e-05 -0.465913 -10.9264
-0.47011 0.0608217 0.88051 68.8593 0.0286493 0.998149 -0.0536517 -0.867356 -0.882143 3.85535e-06 -0.470982 -11.3987
-0.475495 0.0631238 0.877451 69.7407 0.0304735 0.998006 -0.0552829 -0.933892 -0.879191 0.000452321 -0.476469 -11.8752
-0.480012 0.065549 0.87481 70.5934 0.0292507 0.997846 -0.0587181 -0.994131 -0.876774 -0.00259657 -0.480895 -12.3295
-0.483332 0.0660998 0.872938 71.4962 0.028093 0.997803 -0.0600001 -1.06565 -0.874986 -0.00447647 -0.484127 -12.8274
-0.486584 0.0651655 0.8712 72.3512 0.0289145 0.997869 -0.058491 -1.13675 -0.873155 -0.00327042 -0.487431 -13.306
-0.488456 0.0579193 0.870664 73.208 0.0293074 0.998321 -0.0499695 -1.19834 -0.872096 0.00110898 -0.489333 -13.789
-0.490624 0.0488723 0.87 74.0561 0.0282023 0.998794 -0.040203 -1.26438 -0.870915 0.00481144 -0.49141 -14.2574
-0.491979 0.0486426 0.869247 74.9069 0.0270447 0.99881 -0.040586 -1.29018 -0.870187 0.00354108 -0.492709 -14.7367
-0.492241 0.0532389 0.868829 75.744 0.023226 0.998576 -0.0480306 -1.3157 -0.870149 -0.00346312 -0.492776 -15.2214
-0.495084 0.0581012 0.866901 76.5888 0.0204562 0.998265 -0.055223 -1.35839 -0.868604 -0.00960654 -0.495413 -15.6755
-0.497111 0.0610313 0.865538 77.43 0.0229364 0.998099 -0.0572053 -1.40779 -0.867384 -0.00858505 -0.497565 -16.1378
-0.497292 0.0619188 0.865371 78.2521 0.0246903 0.998056 -0.0572242 -1.47146 -0.867232 -0.00709084 -0.497854 -16.593
-0.498111 0.0578821 0.865179 79.116 0.0236718 0.998306 -0.0531599 -1.5518 -0.86679 -0.00599916 -0.498637 -17.0795
-0.497911 0.0531575 0.865598 79.9466 0.0234545 0.99858 -0.0478326 -1.62229 -0.866911 -0.00351418 -0.49845 -17.5317
-0.49767 0.0456484 0.866164 80.8061 0.0196454 0.998951 -0.041359 -1.68931 -0.867144 -0.00356698 -0.498045 -18.0277
-0.498898 0.040104 0.865733 81.6495 0.00964102 0.999124 -0.0407274 -1.73551 -0.866607 -0.0119722 -0.498847 -18.4675
-0.498885 0.0351026 0.865957 82.5049 0.00137424 0.99921 -0.0397125 -1.77973 -0.866667 -0.0186219 -0.498539 -18.9257
-0.497799 0.0358289 0.866552 83.3286 0.00282319 0.999208 -0.039692 -1.81959 -0.867288 -0.0173122 -0.497506 -19.3755
-0.494127 0.0402365 0.868458 84.1436 0.00743033 0.999087 -0.0420611 -1.86988 -0.869358 -0.0143306 -0.493975 -19.844
-0.488749 0.0432303 0.871353 84.9814 0.00892361 0.998967 -0.0445563 -1.92161 -0.872379 -0.0140012 -0.488629 -20.3174
-0.479995 0.0460565 0.876061 85.8026 0.0142545 0.998899 -0.0447043 -1.97308 -0.877155 -0.00897007 -0.480123 -20.778
-0.471815 0.0496943 0.880296 86.6303 0.0206493 0.998759 -0.0453144 -2.02722 -0.881456 -0.00320251 -0.472255 -21.2204
-0.464335 0.0490026 0.884303 87.4784 0.0159824 0.998769 -0.0469535 -2.06751 -0.885515 -0.00766886 -0.464547 -21.6302
-0.453421 0.0480561 0.89 88.3168 0.0122588 0.998787 -0.0476848 -2.10447 -0.891212 -0.0107109 -0.453459 -22.0463
-0.441119 0.0447599 0.896332 89.1518 0.0121944 0.998962 -0.0438837 -2.1652 -0.897366 -0.00842763 -0.441207 -22.4583
-0.429327 0.0449467 0.90203 89.9845 0.0116526 0.998953 -0.0442301 -2.21806 -0.903074 -0.0084782 -0.429401 -22.8502
-0.418621 0.0442144 0.907084 90.838 0.0116606 0.998994 -0.043313 -2.26987 -0.908086 -0.00755453 -0.418715 -23.225
-0.405904 0.045943 0.91276 91.6928 0.012882 0.998924 -0.0445514 -2.32222 -0.913825 -0.00632537 -0.406058 -23.6068
-0.393167 0.0525347 0.917965 92.5335 0.012809 0.998582 -0.0516623 -2.36521 -0.919378 -0.00855373 -0.393283 -23.965
-0.381715 0.0614946 0.922232 93.399 0.0143013 0.998058 -0.0606314 -2.42796 -0.92417 -0.00995476 -0.381852 -24.3212
-0.369477 0.0673689 0.926795 94.2683 0.0130575 0.997646 -0.0673136 -2.48276 -0.929148 -0.0127691 -0.369486 -24.6621
-0.359355 0.0645408 0.930967 95.1437 0.00791261 0.99778 -0.0661186 -2.53902 -0.933168 -0.0163936 -0.359067 -24.9827
-0.350438 0.0619453 0.934535 96.0156 0.00285059 0.997876 -0.0650749 -2.5929 -0.936581 -0.0201407 -0.34987 -25.2817
-0.339892 0.0632641 0.938334 96.8765 -0.00132814 0.997702 -0.0677478 -2.66649 -0.940464 -0.0242731 -0.339026 -25.5919
-0.332959 0.0676104 0.940514 97.7386 -0.00824305 0.997179 -0.0746021 -2.74258 -0.942905 -0.0325921 -0.331462 -25.8846
-0.328367 0.0734598 0.941689 98.599 -0.0132651 0.996514 -0.0823622 -2.82142 -0.944457 -0.0395366 -0.326248 -26.17
-0.326088 0.0756514 0.942307 99.4677 -0.0178121 0.996124 -0.086136 -2.90316 -0.945171 -0.0448724 -0.323477 -26.4555
-0.321099 0.0751038 0.944063 100.33 -0.0183973 0.996168 -0.0855064 -3.0063 -0.946867 -0.0448242 -0.318487 -26.7501
-0.31712 0.0754789 0.945377 101.208 -0.0197956 0.996084 -0.0861677 -3.09315 -0.948179 -0.0460398 -0.314383 -27.0307
-0.311639 0.0710923 0.947537 102.071 -0.0233477 0.996323 -0.0824316 -3.18291 -0.949913 -0.0478117 -0.308833 -27.2992
-0.304767 0.0682236 0.94998 102.926 -0.0235893 0.996584 -0.0791383 -3.26926 -0.952134 -0.046528 -0.302117 -27.5863
-0.298471 0.0655526 0.952165 103.799 -0.0269535 0.996662 -0.077065 -3.35124 -0.954038 -0.0486658 -0.295708 -27.8551
-0.29172 0.064488 0.954327 104.661 -0.0355564 0.996304 -0.0781935 -3.43464 -0.955842 -0.056743 -0.288349 -28.1104
-0.286901 0.064263 0.955802 105.54 -0.0420279 0.995942 -0.0795773 -3.52373 -0.957038 -0.0630012 -0.283036 -28.3378
-0.280636 0.0684369 0.957371 106.413 -0.0408832 0.995697 -0.0831608 -3.61081 -0.958943 -0.0624783 -0.276631 -28.5745
-0.273807 0.071673 0.95911 107.263 -0.0385796 0.995598 -0.0854135 -3.70316 -0.96101 -0.0603889 -0.269836 -28.8041
-0.266697 0.0696893 0.961258 108.138 -0.0391385 0.995776 -0.0830507 -3.79368 -0.962985 -0.0597715 -0.262843 -29.0433
-0.259107 0.0645531 0.963689 109.017 -0.0394748 0.996222 -0.077346 -3.88601 -0.965041 -0.0580823 -0.25558 -29.2755
-0.25127 0.0618255 0.965941 109.886 -0.041188 0.996371 -0.0744875 -3.97357 -0.96704 -0.0585016 -0.247811 -29.5012
-0.245639 0.0648117 0.967193 110.772 -0.0432049 0.996039 -0.0777175 -4.05778 -0.968398 -0.0608778 -0.241865 -29.7103
-0.23872 0.0679959 0.968705 111.638 -0.0438907 0.995771 -0.0807119 -4.13448 -0.970096 -0.0617847 -0.234726 -29.918
-0.231357 0.0683007 0.970469 112.529 -0.0471123 0.995576 -0.0812992 -4.22267 -0.971727 -0.0645301 -0.227115 -30.1282
-0.22297 0.0679139 0.972457 113.389 -0.0469511 0.995664 -0.0802999 -4.31053 -0.973694 -0.0635623 -0.218814 -30.3253
-0.214112 0.0684813 0.974406 114.263 -0.0416597 0.995992 -0.0791526 -4.39819 -0.97592 -0.0575409 -0.2104 -30.5217
-0.205483 0.0692163 0.97621 115.145 -0.0398271 0.996078 -0.0790083 -4.48912 -0.97785 -0.0551144 -0.20192 -30.7159
-0.200756 0.0690973 0.977201 116.039 -0.0414258 0.996018 -0.0789384 -4.57676 -0.978765 -0.0563287 -0.197094 -30.8676
-0.191683 0.0707882 0.978901 116.915 -0.0406059 0.99597 -0.0799738 -4.63721 -0.980616 -0.0550787 -0.188036 -31.052
-0.186498 0.080157 0.97918 117.705 -0.0301767 0.995728 -0.0872593 -4.61894 -0.981991 -0.0458221 -0.183283 -31.2001
-0.180172 0.0860429 0.979865 118.571 -0.0247178 0.995456 -0.091957 -4.66093 -0.983324 -0.0407881 -0.177226 -31.3658
-0.175274 0.0883018 0.980552 119.453 -0.0237998 0.995299 -0.0938841 -4.73855 -0.984232 -0.0397924 -0.172348 -31.5222
-0.169787 0.0910244 0.981268 120.321 -0.0226814 0.9951 -0.096232 -4.82272 -0.985219 -0.0385955 -0.16689 -31.6664
-0.16337 0.0918429 0.982281 121.217 -0.0161239 0.995276 -0.0957396 -4.90435 -0.986433 -0.0314792 -0.161117 -31.8151
-0.158187 0.0921504 0.9831 122.106 -0.00884667 0.995463 -0.0947328 -4.9833 -0.987369 -0.0236827 -0.156654 -31.9582
-0.154294 0.0937421 0.983568 122.947 -0.00823922 0.995332 -0.0961559 -5.05862 -0.98799 -0.0229401 -0.152801 -32.0627
-0.150022 0.0975282 0.983861 123.831 -0.0108986 0.994899 -0.100284 -5.13618 -0.988622 -0.0257675 -0.148194 -32.1887
-0.14686 0.100464 0.984042 124.722 -0.0131465 0.994543 -0.103498 -5.22686 -0.98907 -0.0281363 -0.144738 -32.3227
-0.145911 0.101061 0.984122 125.567 -0.0172956 0.994356 -0.104676 -5.312 -0.989146 -0.0322943 -0.143339 -32.4223
-0.14529 0.10117 0.984203 126.451 -0.018969 0.99429 -0.105007 -5.40119 -0.989207 -0.0339258 -0.142542 -32.5503
-0.144572 0.097684 0.984661 127.341 -0.0203267 0.994612 -0.101656 -5.48417 -0.989285 -0.0347114 -0.141807 -32.6788
-0.14425 0.09461 0.985008 128.23 -0.0246438 0.994766 -0.0991564 -5.55764 -0.989234 -0.0385777 -0.141163 -32.797
-0.143835 0.0932709 0.985197 129.098 -0.0256925 0.994861 -0.0979369 -5.65274 -0.989268 -0.0393989 -0.140699 -32.9067
-0.143041 0.0983945 0.984814 129.96 -0.0272316 0.994278 -0.103295 -5.74634 -0.989342 -0.0415935 -0.139542 -33.0237
-0.142325 0.104517 0.984286 130.804 -0.0291038 0.993538 -0.109708 -5.81621 -0.989392 -0.0442607 -0.138363 -33.1425
-0.142581 0.104153 0.984288 131.682 -0.0334815 0.993371 -0.109964 -5.92033 -0.989217 -0.0486342 -0.138148 -33.2623
-0.142899 0.102866 0.984377 132.551 -0.0392907 0.993211 -0.109493 -6.02612 -0.988957 -0.0543232 -0.137886 -33.3752
-0.142243 0.104097 0.984343 133.408 -0.033477 0.99338 -0.109891 -6.13308 -0.989265 -0.048584 -0.137816 -33.4925
-0.141629 0.106237 0.984203 134.267 -0.0359376 0.993017 -0.11236 -6.24362 -0.989267 -0.0512832 -0.136822 -33.61
-0.141933 0.107754 0.983994 135.123 -0.0445809 0.992353 -0.1151 -6.35375 -0.988872 -0.0602037 -0.136043 -33.7188
-0.142004 0.109575 0.983783 135.974 -0.0522622 0.991638 -0.117994 -6.4653 -0.988485 -0.0681702 -0.13509 -33.8208
-0.141932 0.113005 0.983405 136.809 -0.0495572 0.991405 -0.121077 -6.58064 -0.988635 -0.0659195 -0.135112 -33.9305
-0.141706 0.113409 0.983391 137.645 -0.0507917 0.991274 -0.121637 -6.70129 -0.988605 -0.0671848 -0.134709 -34.0404
-0.13989 0.114524 0.983522 138.481 -0.0507661 0.991153 -0.122633 -6.8221 -0.988864 -0.0670848 -0.132839 -34.1515
-0.136641 0.112339 0.98423 139.304 -0.0446122 0.991843 -0.119401 -6.94222 -0.989615 -0.0602238 -0.130515 -34.2704
-0.132568 0.108587 0.985208 140.126 -0.0442336 0.992342 -0.115326 -7.0521 -0.990186 -0.0588678 -0.12675 -34.3938
-0.130524 0.104214 0.985953 140.958 -0.0408574 0.99305 -0.110373 -7.1624 -0.990603 -0.0546899 -0.125359 -34.502
-0.124615 0.104369 0.986701 141.764 -0.0403084 0.993098 -0.110136 -7.2626 -0.991386 -0.0534969 -0.119548 -34.6114
-0.120158 0.109506 0.986697 142.583 -0.0421412 0.992439 -0.115275 -7.37043 -0.99186 -0.0554318 -0.114635 -34.7089
-0.11239 0.113236 0.987191 143.401 -0.0402177 0.992153 -0.118384 -7.4759 -0.99285 -0.0530077 -0.106954 -34.8016
-0.104283 0.114071 0.987984 144.212 -0.0412324 0.99205 -0.118893 -7.578 -0.993692 -0.0531355 -0.0987505 -34.8805
-0.0939538 0.110955 0.989374 145.017 -0.0425854 0.992412 -0.11534 -7.67538 -0.994665 -0.0529696 -0.0885155 -34.9535
-0.0811079 0.110956 0.99051 145.816 -0.0408222 0.99258 -0.114531 -7.77299 -0.995869 -0.0497241 -0.0759764 -35.0191
-0.0673099 0.113265 0.991282 146.615 -0.0400517 0.992427 -0.116115 -7.87709 -0.996928 -0.0475182 -0.0622634 -35.0698
-0.0535317 0.11404 0.992033 147.416 -0.0427952 0.992282 -0.116378 -7.98999 -0.997648 -0.0486841 -0.0482379 -35.1041
-0.0387493 0.113769 0.992751 148.203 -0.0417705 0.992444 -0.115365 -8.10025 -0.998375 -0.0459379 -0.033704 -35.1314
-0.0247253 0.115451 0.993005 148.995 -0.0417579 0.992322 -0.116411 -8.2107 -0.998821 -0.0443441 -0.0197142 -35.1465
-0.0102566 0.122722 0.992388 149.77 -0.045673 0.991347 -0.123065 -8.31539 -0.998903 -0.0465876 -0.00456253 -35.1462
0.00152638 0.133187 0.99109 150.546 -0.0546113 0.989622 -0.132906 -8.41398 -0.998506 -0.0539218 0.00878434 -35.1277
0.0145896 0.1417 0.989802 151.313 -0.061721 0.988147 -0.140553 -8.52225 -0.997986 -0.0590409 0.0231628 -35.0972
0.0269971 0.142311 0.989454 152.083 -0.0648351 0.987979 -0.14033 -8.63647 -0.99753 -0.0603628 0.0358996 -35.0613
0.0380382 0.138133 0.989683 152.844 -0.0709939 0.98827 -0.135208 -8.75899 -0.996751 -0.0651184 0.047399 -35.0085
0.0476358 0.136333 0.989517 153.606 -0.0769309 0.988199 -0.132448 -8.87898 -0.995898 -0.0698152 0.0575622 -34.9475
0.0561682 0.142944 0.988136 154.361 -0.0803243 0.987136 -0.138234 -8.99845 -0.995185 -0.0716069 0.0669279 -34.8846
0.0617918 0.150168 0.986728 155.11 -0.0843883 0.985862 -0.144752 -9.11564 -0.994515 -0.0743238 0.0735909 -34.8173
0.0636942 0.152936 0.986181 155.858 -0.0884328 0.985165 -0.147067 -9.23438 -0.994043 -0.0778434 0.0762742 -34.7474
0.0629008 0.149038 0.986829 156.607 -0.0906753 0.98555 -0.143065 -9.34913 -0.993892 -0.0804821 0.0755062 -34.6782
0.0596757 0.145337 0.987581 157.341 -0.0934526 0.985812 -0.139429 -9.46507 -0.993833 -0.0839714 0.0724114 -34.6052
0.0565476 0.143059 0.988097 158.097 -0.0917452 0.986238 -0.13754 -9.57544 -0.994175 -0.0828756 0.0688946 -34.5496
0.0543278 0.143832 0.98811 158.846 -0.0900266 0.986246 -0.138611 -9.68362 -0.994456 -0.0814257 0.0665295 -34.5051
0.0513118 0.144504 0.988173 159.598 -0.0891006 0.986192 -0.139588 -9.79799 -0.9947 -0.0808842 0.063479 -34.4655
0.0469629 0.143417 0.988547 160.343 -0.0902302 0.986202 -0.13879 -9.91481 -0.994813 -0.0826788 0.0592558 -34.4222
0.0417756 0.143518 0.988766 161.089 -0.0911885 0.986046 -0.139271 -10.0325 -0.994957 -0.0843459 0.0542801 -34.3827
0.0345962 0.141913 0.989274 161.828 -0.0919703 0.986118 -0.138244 -10.1446 -0.99516 -0.0862011 0.0471681 -34.3374
0.0290491 0.13935 0.989817 162.554 -0.089579 0.986613 -0.13627 -10.2632 -0.995556 -0.0847082 0.0411433 -34.305
0.0236949 0.139033 0.990004 163.291 -0.0898929 0.986567 -0.136399 -10.378 -0.995669 -0.0857623 0.035875 -34.2779
0.0175511 0.140124 0.989978 164.02 -0.0908957 0.986254 -0.137985 -10.493 -0.995705 -0.0875629 0.0300468 -34.248
0.0122461 0.142346 0.989741 164.749 -0.0919964 0.985777 -0.140637 -10.6094 -0.995684 -0.0893303 0.0251675 -34.2217
0.00863669 0.144434 0.989477 165.467 -0.0924976 0.985386 -0.14303 -10.7272 -0.995675 -0.0902889 0.0218706 -34.2001
0.00674654 0.145438 0.989344 166.172 -0.0892631 0.985504 -0.144265 -10.8425 -0.995985 -0.0873387 0.0196313 -34.1811
0.00730487 0.143592 0.98961 166.878 -0.0869801 0.985976 -0.142423 -10.959 -0.996183 -0.0850359 0.0196924 -34.1658
0.0110252 0.140062 0.990081 167.585 -0.0842793 0.986748 -0.138652 -11.0735 -0.996381 -0.0819146 0.0226838 -34.1459
0.0181808 0.140032 0.98998 168.291 -0.084904 0.986783 -0.138021 -11.1889 -0.996223 -0.081544 0.0298301 -34.12
0.029046 0.140413 0.989667 168.989 -0.0838182 0.986939 -0.137566 -11.3023 -0.996057 -0.0789563 0.0404361 -34.0863
0.0438834 0.140351 0.989129 169.68 -0.0821641 0.987235 -0.136437 -11.4112 -0.995652 -0.0752836 0.0548553 -34.0484
0.0599353 0.137969 0.988621 170.364 -0.0843555 0.987558 -0.132707 -11.5179 -0.994631 -0.0754418 0.0708284 -33.9963
0.0751738 0.133174 0.988238 171.047 -0.0910533 0.987818 -0.126192 -11.6207 -0.993004 -0.080496 0.0863843 -33.9201
0.0911688 0.125888 0.987846 171.722 -0.0943967 0.988603 -0.117273 -11.7255 -0.991351 -0.0825578 0.102013 -33.8363
0.108553 0.117961 0.987067 172.402 -0.0962205 0.989519 -0.107672 -11.8198 -0.989423 -0.0832879 0.118766 -33.7493
0.12751 0.110043 0.985714 173.067 -0.0976334 0.990391 -0.0979353 -11.9096 -0.98702 -0.0837509 0.137029 -33.6554
0.145052 0.103952 0.983948 173.729 -0.100515 0.990868 -0.0898653 -11.9907 -0.984305 -0.0858663 0.154176 -33.5412
0.162671 0.101262 0.98147 174.378 -0.102342 0.991085 -0.0852921 -12.0705 -0.981358 -0.0865711 0.171585 -33.4138
0.180771 0.0985466 0.978576 175.024 -0.102441 0.991442 -0.0809188 -12.1478 -0.978175 -0.0856187 0.189319 -33.2807
0.198589 0.0977894 0.975192 175.665 -0.10502 0.991403 -0.0780288 -12.2137 -0.97444 -0.0869193 0.207152 -33.138
0.21574 0.0967946 0.971641 176.3 -0.11154 0.991003 -0.0739577 -12.2775 -0.970059 -0.092421 0.224596 -32.9859
0.23063 0.0931396 0.968574 176.921 -0.1142 0.991119 -0.0681154 -12.3425 -0.966316 -0.0949013 0.239219 -32.8214
0.241792 0.0893421 0.966206 177.536 -0.110105 0.991846 -0.0641595 -12.3971 -0.964061 -0.0908709 0.249657 -32.6475
0.251962 0.0879826 0.963729 178.138 -0.109452 0.992059 -0.0619534 -12.4479 -0.961527 -0.0898723 0.259591 -32.4703
0.262216 0.0917771 0.960635 178.739 -0.114817 0.991362 -0.0633725 -12.5091 -0.958154 -0.0936796 0.270489 -32.2953
0.271175 0.0990157 0.957424 179.336 -0.117891 0.990622 -0.0690584 -12.5544 -0.955283 -0.094145 0.280305 -32.1092
0.280305 0.10904 0.953698 179.914 -0.119057 0.989804 -0.0781758 -12.6056 -0.952499 -0.0916312 0.29043 -31.9262
0.289579 0.117757 0.949883 180.48 -0.114819 0.98951 -0.0876666 -12.5953 -0.950242 -0.0836779 0.300063 -31.7589
0.296458 0.117135 0.947836 181.071 -0.115096 0.989598 -0.0862971 -12.6343 -0.948085 -0.083509 0.306856 -31.5713
0.302337 0.110672 0.946755 181.664 -0.118505 0.989894 -0.0778714 -12.6768 -0.945805 -0.088652 0.312397 -31.363
0.305998 0.102376 0.946512 182.269 -0.124316 0.989985 -0.0668884 -12.7144 -0.94388 -0.0971988 0.315661 -31.1515
0.307717 0.0969034 0.946531 182.874 -0.126554 0.990129 -0.0602245 -12.7482 -0.943024 -0.101255 0.316943 -30.9395
0.308617 0.0972587 0.946201 183.509 -0.124231 0.990358 -0.0612781 -12.7896 -0.943038 -0.0986363 0.317724 -30.7357
0.309772 0.0998073 0.945558 184.114 -0.122639 0.990361 -0.0643591 -12.8324 -0.942868 -0.0960259 0.319027 -30.5304
0.311058 0.100046 0.945111 184.693 -0.120275 0.990591 -0.0652756 -12.8715 -0.942749 -0.0933689 0.320165 -30.3196
0.313077 0.0989519 0.944559 185.314 -0.124149 0.990286 -0.062593 -12.9106 -0.941578 -0.0976698 0.322321 -30.1105
0.315671 0.0968552 0.943912 185.923 -0.125405 0.990308 -0.059677 -12.9476 -0.940545 -0.0995334 0.324759 -29.8981
0.318963 0.0929141 0.943202 186.538 -0.125805 0.990527 -0.0550329 -12.9831 -0.93938 -0.101106 0.327631 -29.6826
0.323035 0.0906455 0.942036 187.139 -0.125219 0.990744 -0.0523934 -13.023 -0.938066 -0.101036 0.331396 -29.4564
0.327661 0.0891467 0.94058 187.744 -0.124453 0.990935 -0.0505651 -13.0595 -0.936562 -0.10049 0.335786 -29.2165
0.333974 0.0869652 0.938562 188.341 -0.12438 0.991093 -0.0475741 -13.0952 -0.934339 -0.10085 0.341817 -28.9689
0.343301 0.0857565 0.935302 188.962 -0.122845 0.991367 -0.0458073 -13.1331 -0.931157 -0.0991712 0.350873 -28.7257
0.351466 0.0880657 0.932049 189.551 -0.125349 0.991028 -0.0463709 -13.1717 -0.92777 -0.100533 0.359352 -28.4442
0.362292 0.091024 0.92761 190.145 -0.126978 0.990761 -0.0476279 -13.2198 -0.923374 -0.100531 0.370503 -28.1901
0.374034 0.0935982 0.92268 190.777 -0.127433 0.990643 -0.0488342 -13.2526 -0.918618 -0.0993145 0.382463 -27.9148
0.385947 0.0931762 0.917803 191.402 -0.12549 0.99094 -0.0478315 -13.2847 -0.913945 -0.0967145 0.394144 -27.632
0.397634 0.0909011 0.91303 191.981 -0.125438 0.991122 -0.0440465 -13.314 -0.908929 -0.0970147 0.405507 -27.3876
0.408907 0.0891146 0.908215 192.597 -0.125203 0.991287 -0.0408955 -13.3437 -0.903946 -0.0969892 0.416502 -27.0976
0.419495 0.0887042 0.903413 193.221 -0.127085 0.991151 -0.0383079 -13.3722 -0.898817 -0.0987406 0.427056 -26.7786
0.429134 0.0879597 0.898948 193.832 -0.13097 0.990788 -0.0344246 -13.3977 -0.893694 -0.102963 0.436701 -26.4771
0.43612 0.0893363 0.895443 194.444 -0.133914 0.990423 -0.0335906 -13.4247 -0.889868 -0.105263 0.443907 -26.1674
0.441383 0.0867796 0.893113 195.07 -0.13431 0.990488 -0.0298644 -13.457 -0.88721 -0.106772 0.44884 -25.8607
0.444778 0.0825678 0.891827 195.704 -0.130511 0.991087 -0.0266686 -13.486 -0.88608 -0.104532 0.45159 -25.5461
0.446029 0.0828164 0.891179 196.339 -0.125744 0.991632 -0.0292179 -13.5176 -0.886141 -0.0990279 0.452711 -25.2307
0.44544 0.0825801 0.891495 196.987 -0.123666 0.991867 -0.0300877 -13.5528 -0.886729 -0.0968451 0.45203 -24.8998
0.445062 0.0837031 0.891579 197.643 -0.120364 0.992178 -0.0330638 -13.5813 -0.887373 -0.0925989 0.451656 -24.5662
0.444865 0.0810719 0.891921 198.305 -0.116289 0.992692 -0.0322303 -13.6071 -0.888015 -0.0893821 0.451042 -24.229
0.445153 0.0755496 0.892262 198.961 -0.113201 0.993187 -0.0276193 -13.6429 -0.88827 -0.0887097 0.450673 -23.9103
0.443773 0.0734024 0.893128 199.631 -0.113483 0.993218 -0.025242 -13.6724 -0.888924 -0.0901528 0.449094 -23.5616
0.441705 0.0711562 0.894334 200.283 -0.11331 0.993291 -0.023067 -13.7089 -0.889976 -0.0911482 0.446805 -23.2233
0.440599 0.0714896 0.894853 200.964 -0.113914 0.993217 -0.0232603 -13.7258 -0.890447 -0.091688 0.445754 -22.8823
0.438516 0.0719661 0.895837 201.637 -0.115697 0.993014 -0.0231389 -13.7444 -0.891245 -0.0934988 0.443779 -22.5393
0.4373 0.0737637 0.896286 202.324 -0.11581 0.99295 -0.0252154 -13.7697 -0.891827 -0.0927723 0.44276 -22.2045
0.436423 0.0777202 0.896379 203.005 -0.115155 0.992893 -0.0300226 -13.8018 -0.892342 -0.0901201 0.442272 -21.8657
0.435926 0.083541 0.896097 203.67 -0.11475 0.992714 -0.036726 -13.8332 -0.892637 -0.0868177 0.442336 -21.5356
0.434579 0.0865744 0.896463 204.348 -0.11813 0.992248 -0.038559 -13.8754 -0.892853 -0.0891423 0.441437 -21.1916
0.432292 0.0846816 0.897749 205.021 -0.120005 0.992127 -0.0357984 -13.9103 -0.893712 -0.0922589 0.439051 -20.8468
0.430618 0.0819934 0.898802 205.699 -0.121622 0.992052 -0.0322313 -13.9436 -0.894302 -0.0954343 0.437168 -20.4971
0.426722 0.0830594 0.90056 206.402 -0.124382 0.9917 -0.0325284 -13.9751 -0.895788 -0.0981328 0.433512 -20.1276
0.420939 0.0834533 0.903242 207.079 -0.127359 0.991332 -0.0322393 -14.0119 -0.898103 -0.101465 0.427919 -19.7852
0.414348 0.0829431 0.906331 207.752 -0.126945 0.99137 -0.0326904 -14.0434 -0.901221 -0.101509 0.421302 -19.4714
0.405779 0.0830757 0.910188 208.433 -0.126494 0.99138 -0.0340932 -14.0847 -0.905175 -0.101299 0.412791 -19.1647
0.396311 0.0844256 0.914226 209.11 -0.124488 0.991508 -0.037598 -14.135 -0.909637 -0.0989094 0.403456 -18.8692
0.386236 0.0867309 0.918313 209.801 -0.124685 0.99134 -0.0411868 -14.1857 -0.913934 -0.0985918 0.393706 -18.5729
0.375753 0.0865056 0.922673 210.493 -0.127346 0.991008 -0.0410517 -14.2293 -0.917928 -0.102073 0.383391 -18.2963
0.365232 0.0786175 0.927591 211.192 -0.120938 0.991989 -0.0364574 -14.2693 -0.923027 -0.0988653 0.371815 -18.0164
0.352123 0.0718799 0.933189 211.872 -0.116695 0.992637 -0.0324262 -14.2885 -0.92865 -0.0974808 0.357919 -17.697
0.343115 0.0670853 0.936895 212.564 -0.114575 0.992986 -0.0291415 -14.3052 -0.932279 -0.0973461 0.348395 -17.3994
0.338395 0.0664633 0.938654 213.273 -0.119051 0.99251 -0.0273577 -14.334 -0.933442 -0.10249 0.343774 -17.1328
0.336006 0.0642257 0.939668 213.978 -0.116025 0.992895 -0.026376 -14.3665 -0.934686 -0.100162 0.341071 -16.8734
0.335689 0.0627031 0.939884 214.675 -0.113642 0.993189 -0.0256711 -14.4061 -0.935092 -0.098193 0.340528 -16.6406
0.335845 0.0646775 0.939694 215.371 -0.113348 0.993164 -0.0278476 -14.4387 -0.935072 -0.09716 0.340881 -16.3985
0.335466 0.0665062 0.939702 216.091 -0.116398 0.992787 -0.0287103 -14.4709 -0.934833 -0.0997482 0.340787 -16.1275
0.338227 0.0650768 0.938812 216.807 -0.117884 0.992677 -0.0263406 -14.5229 -0.933651 -0.101762 0.343422 -15.8971
0.340345 0.0639739 0.938122 217.529 -0.118659 0.992628 -0.0246423 -14.5569 -0.932783 -0.10293 0.345428 -15.6356
0.341698 0.0617274 0.937781 218.267 -0.117235 0.992845 -0.0226353 -14.5913 -0.932468 -0.102207 0.34649 -15.3509
0.343455 0.0603921 0.937225 218.985 -0.113162 0.99332 -0.0225379 -14.622 -0.932326 -0.098317 0.347995 -15.0817
0.347262 0.0592799 0.935893 219.701 -0.111842 0.993494 -0.0214298 -14.6484 -0.931075 -0.0972307 0.351633 -14.8202
0.350784 0.0588269 0.934607 220.441 -0.113553 0.993332 -0.019904 -14.6615 -0.929546 -0.0991451 0.355125 -14.5171
0.356209 0.0546803 0.932805 221.162 -0.114785 0.993285 -0.014393 -14.6896 -0.927328 -0.101945 0.360094 -14.2379
0.361229 0.0511712 0.931072 221.888 -0.11515 0.993298 -0.00991629 -14.7144 -0.925339 -0.103631 0.364701 -13.9451
0.365045 0.0508395 0.929601 222.62 -0.116096 0.993199 -0.008728 -14.7375 -0.923722 -0.104737 0.368465 -13.638
0.371193 0.055713 0.926883 223.355 -0.121681 0.992508 -0.0109278 -14.7661 -0.920548 -0.108728 0.375192 -13.3567
0.376083 0.0613265 0.924554 224.074 -0.12723 0.991773 -0.014032 -14.7904 -0.917809 -0.112353 0.380792 -13.054
0.380375 0.064812 0.922559 224.807 -0.132276 0.991097 -0.0150893 -14.8107 -0.915323 -0.116293 0.385562 -12.7364
0.383539 0.0647872 0.921249 225.516 -0.134639 0.9908 -0.0136249 -14.836 -0.913657 -0.118811 0.388734 -12.4092
0.386664 0.0670773 0.919778 226.247 -0.136587 0.990516 -0.0148168 -14.8595 -0.912049 -0.119901 0.392159 -12.0808
0.390475 0.0698057 0.917963 226.995 -0.137468 0.990362 -0.0168366 -14.8839 -0.910291 -0.119616 0.396309 -11.7517
0.394658 0.0701528 0.916146 227.714 -0.137644 0.990343 -0.0165404 -14.9067 -0.908459 -0.119574 0.400503 -11.4287
0.399979 0.0690632 0.913919 228.456 -0.137235 0.990427 -0.0147839 -14.9306 -0.906191 -0.119508 0.405628 -11.1
0.404303 0.0683609 0.912067 229.168 -0.133415 0.990944 -0.0151327 -14.9592 -0.904842 -0.115565 0.409762 -10.7714
0.410186 0.068443 0.90943 229.894 -0.130267 0.991351 -0.0158536 -14.985 -0.90265 -0.111965 0.415555 -10.4533
0.414435 0.0697502 0.907402 230.622 -0.130182 0.991348 -0.0167455 -15.0115 -0.900719 -0.111188 0.41993 -10.1126
0.418345 0.069271 0.905643 231.347 -0.13516 0.990733 -0.013345 -15.0385 -0.898175 -0.116824 0.423831 -9.75751
0.422478 0.0686157 0.903772 232.037 -0.139786 0.990132 -0.00982786 -15.0744 -0.895528 -0.122183 0.427901 -9.40428
0.427187 0.0709337 0.901376 232.778 -0.136759 0.990516 -0.0131351 -15.102 -0.89376 -0.11766 0.432837 -9.05763
0.431181 0.0771404 0.898962 233.489 -0.135742 0.990543 -0.0198916 -15.1307 -0.891995 -0.11345 0.437576 -8.70895
0.432782 0.0844073 0.897538 234.202 -0.142958 0.989434 -0.024117 -15.1426 -0.890091 -0.117873 0.440277 -8.33034
0.43274 0.0854314 0.897462 234.904 -0.149481 0.988518 -0.0220223 -15.1437 -0.889039 -0.124624 0.440543 -7.93717
0.435061 0.0778882 0.897026 235.629 -0.150342 0.988548 -0.0129189 -15.1481 -0.88776 -0.12924 0.441789 -7.57251
0.436552 0.0668247 0.897194 236.354 -0.148077 0.988973 -0.00161054 -15.1547 -0.887409 -0.132151 0.441634 -7.20277
0.43717 0.0606604 0.897331 237.058 -0.150927 0.988521 0.00670466 -15.1664 -0.886624 -0.138362 0.441308 -6.83009
0.438443 0.0583722 0.896862 237.784 -0.151247 0.988448 0.0096057 -15.1775 -0.885941 -0.139859 0.442207 -6.44938
0.4405 0.0619963 0.89561 238.493 -0.149803 0.988701 0.00523921 -15.1901 -0.885165 -0.136473 0.44481 -6.07685
0.444629 0.0662724 0.89326 239.193 -0.147115 0.989118 -0.000156567 -15.2039 -0.88355 -0.131342 0.449541 -5.71572
0.449633 0.0708557 0.890399 239.926 -0.147475 0.989055 -0.00423511 -15.2121 -0.880954 -0.129407 0.455162 -5.34469
0.454561 0.0741362 0.887625 240.641 -0.147796 0.988992 -0.00691522 -15.2228 -0.878367 -0.128044 0.460515 -4.97797
0.459136 0.0763862 0.885076 241.354 -0.147247 0.989058 -0.0089757 -15.2394 -0.876077 -0.126204 0.46536 -4.60401
0.463134 0.0751849 0.883094 242.074 -0.146515 0.98918 -0.00737832 -15.2528 -0.874093 -0.125969 0.469139 -4.2197
0.469853 0.0713656 0.879855 242.814 -0.145867 0.9893 -0.00234842 -15.2662 -0.870609 -0.127238 0.475237 -3.82998
0.473492 0.0654965 0.87836 243.525 -0.143751 0.989606 0.00369876 -15.2827 -0.868988 -0.128016 0.477986 -3.45003
0.476589 0.0596745 0.877099 244.24 -0.141601 0.989876 0.00959406 -15.2905 -0.867647 -0.12877 0.480215 -3.06379
0.478942 0.0545375 0.876151 244.954 -0.139404 0.990127 0.0145715 -15.2907 -0.866707 -0.129117 0.481817 -2.67066
0.481001 0.0481049 0.875399 245.668 -0.137563 0.990265 0.0211688 -15.2888 -0.86586 -0.130605 0.482937 -2.27979
0.482733 0.0473975 0.874484 246.38 -0.136648 0.990379 0.0217532 -15.2875 -0.86504 -0.129998 0.484567 -1.8834
0.484471 0.0587469 0.872833 247.085 -0.144473 0.989414 0.0135969 -15.2903 -0.862795 -0.132688 0.48783 -1.47755
0.485822 0.0716644 0.871115 247.788 -0.145722 0.989324 -0.000119981 -15.2976 -0.861824 -0.126882 0.49108 -1.08169
0.487454 0.0789624 0.869571 248.494 -0.146434 0.989189 -0.00773854 -15.3073 -0.860781 -0.123562 0.493748 -0.692736
0.487619 0.0775489 0.869606 249.204 -0.146552 0.989183 -0.00603562 -15.3132 -0.860668 -0.1245 0.49371 -0.293588
0.487569 0.0735012 0.869985 249.917 -0.148321 0.988938 -0.00042737 -15.3189 -0.860393 -0.128828 0.493078 0.122869
0.48883 0.0690198 0.869645 250.613 -0.146805 0.989156 0.00401418 -15.3805 -0.859938 -0.12963 0.493662 0.537428
0.490196 0.0666455 0.869061 251.366 -0.144483 0.98949 0.00561496 -15.4245 -0.859553 -0.128317 0.494674 0.98016
0.491728 0.0624607 0.868506 252.078 -0.140581 0.990032 0.00839307 -15.4572 -0.859325 -0.126223 0.495608 1.3932
0.493253 0.0571497 0.868007 252.787 -0.140946 0.989904 0.0149182 -15.4827 -0.858391 -0.1297 0.496329 1.80323
0.494871 0.0544916 0.867256 253.492 -0.142059 0.989677 0.0188772 -15.4989 -0.857275 -0.132543 0.497505 2.20645
0.496852 0.0548201 0.866102 254.244 -0.143207 0.989499 0.0195217 -15.5041 -0.855938 -0.133731 0.499486 2.64015
0.499043 0.0577413 0.864651 254.959 -0.141468 0.98982 0.0155494 -15.5052 -0.854951 -0.13008 0.502132 3.04611
