1.000000000000000000e+00 -3.306050084167601550e-19 -2.270457535318767223e-19 -8.673617379884035472e-19 7.546676715296109287e-19 1.000000000000000000e+00 6.237773588823049983e-19 1.387778780781445676e-17 -3.447385680526250622e-20 4.770700176052009879e-20 1.000000000000000222e+00 5.551115123125782702e-17
9.999802715005646769e-01 2.605482851259693163e-04 -6.275633635322860372e-03 -7.464958195860200291e-03 -2.589490496612756516e-04 9.999999386513943600e-01 2.556264093634833868e-04 -6.001143094710448267e-04 6.275700372433926089e-03 -2.539963023208146892e-04 9.999802798480410537e-01 8.813145627393775827e-02
9.999129596719608104e-01 8.999729011110240914e-04 -1.316312697905290194e-02 -1.145762900755839704e-02 -8.955428044825809600e-04 9.999995368366197956e-01 3.424548918230438648e-04 -3.095335414807512397e-03 1.316342977077550672e-02 -3.306369965511454616e-04 9.999133034914197138e-01 1.876823057016271945e-01
9.997815169577634054e-01 1.530908652817040538e-03 -2.084666403164337975e-02 -2.914043336273210855e-02 -1.530832475160959390e-03 9.999988252279889966e-01 1.962116327731420597e-05 -5.129477256096248716e-03 2.084667173581930544e-02 1.229577085546853958e-05 9.997826878142477280e-01 2.870461092730664521e-01
9.995464374980340683e-01 1.944734656828964745e-03 -3.005223602613715100e-02 -4.346125570874186106e-02 -1.991894825848959227e-03 9.999968330871255029e-01 -1.539412912491349176e-03 -5.287385970998148554e-03 3.004914893505484727e-02 1.598575668693726125e-03 9.995471394148405242e-01 3.944302272699747869e-01
9.991480018352251191e-01 2.074755579116288953e-03 -4.121861582540652102e-02 -5.864387066928189451e-02 -2.212320829138861127e-03 9.999921325338367861e-01 -3.292116568523706290e-03 -7.126973929367785843e-03 4.121146473711326252e-02 3.380500559833852278e-03 9.991447256309382574e-01 5.013280627823384350e-01
9.984855101564517055e-01 2.018601216412951437e-03 -5.497821882986667075e-02 -8.005160685975110102e-02 -2.242117204248214764e-03 9.999894670221677329e-01 -4.004158961895971577e-03 -9.819789672858986185e-03 5.496956133289770952e-02 4.121362370113700914e-03 9.984795228213808604e-01 6.378510389293171601e-01
9.974839178774446147e-01 2.056819350451329943e-03 -7.086323422130716421e-02 -1.059255410233240907e-01 -2.367258301262311227e-03 9.999879646753773166e-01 -4.297114296203885520e-03 -9.625861914781166928e-03 7.085354908747021341e-02 4.454054011780860835e-03 9.974767874471786033e-01 7.745554259456197688e-01
9.959891753278996562e-01 8.360935248638423764e-04 -8.946985178740778089e-02 -1.379090711271542258e-01 -1.212955043480443140e-03 9.999906212732518895e-01 -4.157874418755371296e-03 -1.026122983314907422e-02 8.946554418045055135e-02 4.249720837269413756e-03 9.959808533988487866e-01 9.174933818672135200e-01
9.940112426231276777e-01 -3.058178701085179676e-05 -1.092778692814733998e-01 -1.713893826003010934e-01 -4.353550453752687635e-04 9.999909211299516931e-01 -4.239919208954069305e-03 -1.530288930452128326e-02 1.092770129832996429e-01 4.262102205490230986e-03 9.940021962469208772e-01 1.081016584789907142e+00
9.912780459253552889e-01 6.689173130203248763e-05 -1.317870925770929791e-01 -2.143634186181765378e-01 -6.795777586417914252e-04 9.999891660576680774e-01 -4.604087418983315687e-03 -2.087531222678808140e-02 1.317853695581759077e-01 4.653490297933566416e-03 9.912673480169769125e-01 1.251257669191658595e+00
9.877805711701467262e-01 3.144480643026842989e-03 -1.558193153157338418e-01 -2.735947468025095031e-01 -4.127888212851863435e-03 9.999735477635002256e-01 -5.988024947035322336e-03 -2.809742716445830235e-02 1.557963693424812002e-01 6.558059421851442430e-03 9.877674210663532905e-01 1.417645217271478852e+00
9.834296747705532082e-01 7.535324047666778005e-03 -1.811333407137488138e-01 -3.372475510053341563e-01 -9.052134112705315441e-03 9.999305327311228675e-01 -7.548781499803028025e-03 -3.198570891641544511e-02 1.810638942447409250e-01 9.063339300175986615e-03 9.834295724983240783e-01 1.601796259566210079e+00
9.780937297962469801e-01 1.058756414569293411e-02 -2.078955466520356621e-01 -4.114645914625450485e-01 -1.262544412009502723e-02 9.998843531194786527e-01 -8.477944066822611091e-03 -3.774180939494625742e-02 2.077817582238891680e-01 1.091699745883322435e-02 9.781142870842746140e-01 1.779077269525757732e+00
9.713452727241954632e-01 1.169256042980726211e-02 -2.373850044359659128e-01 -4.932120550354197608e-01 -1.407551728051244233e-02 9.998660991758047123e-01 -8.345897401317865782e-03 -4.592380343312235658e-02 2.372556502698448533e-01 1.144806531225967851e-02 9.713797881000003631e-01 1.970310918763403363e+00
9.633360910448081071e-01 1.385557184724314599e-02 -2.679395190318211717e-01 -5.770147444465977271e-01 -1.654802679575830340e-02 9.998327048172155340e-01 -7.793013747437727706e-03 -5.158930072144958523e-02 2.677867450354694534e-01 1.194116171502707276e-02 9.634042141379765001e-01 2.153449697768504922e+00
9.539326725097940773e-01 1.570846180174676962e-02 -2.996092331417775090e-01 -6.798100280400394269e-01 -1.856684823959135408e-02 9.998052038668324704e-01 -6.695787542890158095e-03 -5.507294379665438055e-02 2.994457130946894807e-01 1.195012916382789774e-02 9.540385036233738347e-01 2.356313218874395599e+00
9.427270078584862878e-01 1.808721214412917916e-02 -3.330745073026228908e-01 -7.851389912977498886e-01 -2.113827551593896667e-02 9.997612212202012794e-01 -5.538487625180589513e-03 -5.931222968679672469e-02 3.328948282882394083e-01 1.226190298234927645e-02 9.428842409213126219e-01 2.548180662876278646e+00
9.301644858099756830e-01 2.052427985850273015e-02 -3.665689290389947952e-01 -8.981453862271426836e-01 -2.402700655840126973e-02 9.996988349261550777e-01 -4.994880330325406938e-03 -6.117574874346855263e-02 3.663560467479631821e-01 1.345361448292561012e-02 9.303774792638696001e-01 2.725640785092718232e+00
9.164411742069623612e-01 2.322332668131409789e-02 -3.994949880489013228e-01 -1.033741850976375165e+00 -2.729204957082920907e-02 9.996173760253581619e-01 -4.498468345029031645e-03 -6.116047385523690205e-02 3.992376971308757572e-01 1.502561846340627269e-02 9.167243397676797523e-01 2.924146794923393244e+00
9.004605742832559878e-01 2.420745764963550331e-02 -4.342634462728058309e-01 -1.158096939667788927e+00 -2.866164701788291233e-02 9.995822879469007383e-01 -3.710502254218515233e-03 -5.860935279043344437e-02 4.339922659221568391e-01 1.578786691781886714e-02 9.007782577698435489e-01 3.115002463071197436e+00
8.821582124795603885e-01 1.985286864410989657e-02 -4.705345144800869295e-01 -1.291120488441154013e+00 -2.486175134089344679e-02 9.996810711332152488e-01 -4.432107752874285718e-03 -5.914156846218017460e-02 4.702964946792132506e-01 1.560813244929966197e-02 8.823704463872247272e-01 3.299929439244338347e+00
8.611089655378613150e-01 1.595378530565830580e-02 -5.081700432281446300e-01 -1.450012486844385995e+00 -2.122981498583186716e-02 9.997640946030218467e-01 -4.587363662735012386e-03 -6.837370507298282107e-02 5.079770295696772742e-01 1.473857581351799978e-02 8.612445298591170362e-01 3.492645295650816273e+00
8.365059761250627224e-01 1.778726109337329733e-02 -5.476689968549357523e-01 -1.611699705957024609e+00 -2.205373202064402766e-02 9.997560445656834549e-01 -1.214522246733818270e-03 -7.506386410259227593e-02 5.475138361512316143e-01 1.309409992313988712e-02 8.366941893092540994e-01 3.664275706911634956e+00
8.079207576649292122e-01 2.321927418901635273e-02 -5.888334922335053401e-01 -1.816619973185549464e+00 -2.670861137811998340e-02 9.996394211440298161e-01 2.772364681472083443e-03 -7.343792412756780519e-02 5.886855978917761023e-01 1.348707357022204366e-02 8.082495911910412278e-01 3.848116575014348228e+00
7.757222548958090380e-01 2.639203717969245203e-02 -6.305223317172544695e-01 -2.021018021017702893e+00 -3.005971479837019067e-02 9.995363068234512927e-01 4.855989981215595545e-03 -7.949402080770827383e-02 6.303581818315872054e-01 1.518642211877897948e-02 7.761558982807400531e-01 4.013905539868177996e+00
7.400036488892380859e-01 2.579889454111911062e-02 -6.721078624834131432e-01 -2.221495436957647396e+00 -3.001578749664176107e-02 9.995352716344212407e-01 5.319255407190011907e-03 -7.403346037953038861e-02 6.719327988390160211e-01 1.623757843636915513e-02 7.404341194763408573e-01 4.163564430445122255e+00
7.007496811293034700e-01 2.254917846693762010e-02 -7.130507506193249911e-01 -2.467607470483756948e+00 -2.495643801966722017e-02 9.996634187826962670e-01 7.086974941256605869e-03 -8.196410414341706585e-02 7.129706204759009847e-01 1.282901150874135761e-02 7.010765700880002838e-01 4.337857266418997604e+00
6.587227423632799894e-01 1.937318375212112448e-02 -7.521362836283503883e-01 -2.707257709043682681e+00 -2.013605958782462013e-02 9.997643088388340482e-01 8.116264417755213872e-03 -8.484635327349311640e-02 7.521163036851821193e-01 9.798693013061453641e-03 6.589575787978865229e-01 4.493666197347846669e+00
6.143817856198754424e-01 1.884432527536206853e-02 -7.887837886155629752e-01 -2.953510664771795469e+00 -1.756772594387269459e-02 9.997936255988204568e-01 1.020196651418335196e-02 -8.270745186088612755e-02 7.888133239393461116e-01 7.589233992247378796e-03 6.145860387813042447e-01 4.621705025618909168e+00
5.670062279079626233e-01 1.949615477976443523e-02 -8.234827152226991132e-01 -3.254506499570484657e+00 -1.548645776807892026e-02 9.997954659658269128e-01 1.300725490689482421e-02 -7.904846614853298925e-02 8.235679479828319494e-01 5.377635103306984028e-03 5.671921861262104736e-01 4.769086607090966545e+00
5.163898576569425636e-01 2.060197763631199316e-02 -8.561057208480868930e-01 -3.551892246886814153e+00 -1.408376842950610774e-02 9.997796718935608729e-01 1.556434248432615047e-02 -8.161995073027798753e-02 8.562378340957240708e-01 4.019925864195772816e-03 5.165662404494967275e-01 4.885426146047953999e+00
4.639926581394282490e-01 2.195162036160369298e-02 -8.855669819487311800e-01 -3.849468123808168496e+00 -1.319200937082261153e-02 9.997532839226379586e-01 1.787014297278146854e-02 -7.275589851249078532e-02 8.857408517046192475e-01 3.390792233489967923e-03 4.641677679379338506e-01 4.975817248256238834e+00
4.097292553520874292e-01 2.428433533883290335e-02 -9.118838403253877178e-01 -4.207245580648312888e+00 -1.227094237931857824e-02 9.997018649336546492e-01 2.110941079274794227e-02 -7.038728372618276163e-02 9.121246786591639122e-01 2.540530758876890192e-03 4.099050897142580974e-01 5.085005990266732390e+00
3.549575114363437423e-01 2.639896330277894526e-02 -9.345095991034473304e-01 -4.533712581653475127e+00 -1.191469171850796128e-02 9.996477901845858272e-01 2.371345920837346008e-02 -6.536375404054972638e-02 9.348065408533828835e-01 2.717122323587083110e-03 3.551470383790704122e-01 5.150254327710034552e+00
2.997608280948844128e-01 2.928295984900027710e-02 -9.535648316215813436e-01 -4.927714836168083146e+00 -9.808136964460098875e-03 9.995705793691992413e-01 2.761248031492120197e-02 -6.014688277075133649e-02 9.539640031307542456e-01 1.075554028203776170e-03 2.999193125359165268e-01 5.225439388742616487e+00
2.463703301294809800e-01 3.123883392890952973e-02 -9.686721436808146679e-01 -5.301761233440792864e+00 -5.409568798574192032e-03 9.995091530643683830e-01 3.085743992566601993e-02 -5.670072419062782698e-02 9.691607088913829493e-01 -2.362260061617158999e-03 2.464183968061507690e-01 5.280123869816823579e+00
1.952113511721754735e-01 3.230076773356220510e-02 -9.802291084272193311e-01 -5.684902680821618759e+00 -3.017712111561312791e-03 9.994725690013012143e-01 3.233390887066747016e-02 -6.158504319360584567e-02 9.807565969619433943e-01 -3.353897511602450723e-03 1.952058698265234649e-01 5.324177550314011853e+00
1.476170366280238899e-01 3.290690851346649709e-02 -9.884969673745223062e-01 -6.120404254214083295e+00 -4.814366271293894078e-03 9.994584222637864501e-01 3.255285996738015858e-02 -5.243726797046129040e-02 9.890329148686174410e-01 -4.637078580071978668e-05 1.476955111081897365e-01 5.337910593196222742e+00
1.051369398063225352e-01 3.301586779120833925e-02 -9.939095022138070279e-01 -6.537250357181335403e+00 -6.894784976082851853e-03 9.994489109821883543e-01 3.247053668881361155e-02 -3.361393142816074264e-02 9.944338987452921996e-01 3.438938782107079511e-03 1.053066292114891722e-01 5.349317368327059619e+00
6.667315593537201379e-02 3.153148371943736983e-02 -9.972764763287766954e-01 -6.996566453922548057e+00 -8.276892850090035794e-03 9.994836280379608695e-01 3.104791379742389071e-02 -2.252492202723016534e-02 9.977405859439718583e-01 6.184287461905187827e-03 6.689971202666721017e-02 5.335414831656239976e+00
3.224903579603512899e-02 2.901629198492553657e-02 -9.990585384568900773e-01 -7.457498947580371684e+00 -7.391600508103611175e-03 9.995580893406789125e-01 2.879220250359122019e-02 -1.648528153541960195e-02 9.994525721009817065e-01 6.456120244945060850e-03 3.244926286328610188e-02 5.322060413087295494e+00
6.689973991252037584e-04 2.673429963466097958e-02 -9.996423108575536176e-01 -7.925875027387840888e+00 -7.053697718167767708e-03 9.996178366392178827e-01 2.672892276869210867e-02 -1.512770053056669561e-02 9.999749373312930567e-01 7.033292634827106697e-03 8.573189016570922309e-04 5.302019296615320343e+00
-2.635817194441918143e-02 2.458038406189390693e-02 -9.993502690287817680e-01 -8.418721248435375060e+00 -7.307553708369209262e-03 9.996662002538988512e-01 2.478089241293933084e-02 -7.736918954891883193e-03 9.996258986157511295e-01 7.955984188798160411e-03 -2.616974930947964587e-02 5.256547420967224937e+00
-4.715314572501664442e-02 2.232358190762767647e-02 -9.986381523394926019e-01 -8.919446264424493620e+00 -7.775443982809875955e-03 9.997117507912193224e-01 2.271471648624787468e-02 2.779167479756441961e-03 9.988574540466569340e-01 8.835924798718206366e-03 -4.696597606620262627e-02 5.220397429730028627e+00
-6.384610333019197226e-02 2.121009791804342320e-02 -9.977342923370446925e-01 -9.452986686855709308e+00 -7.704094030455683854e-03 9.997338486571044625e-01 2.174559700073414731e-02 1.615370748358468944e-02 9.979300570737347220e-01 9.075009716311640412e-03 -6.366570532691238904e-02 5.165683492803237797e+00
-7.724228662338805673e-02 2.195907632597217038e-02 -9.967704595170372439e-01 -9.990298764944775201e+00 -6.410336025784208087e-03 9.997258231909479376e-01 2.252093546165037305e-02 2.118136044820919522e-02 9.969917893030304512e-01 8.129201509208136556e-03 -7.708034156755977362e-02 5.112174851036320078e+00
-8.623175336359782672e-02 2.299840379353760081e-02 -9.960095790975601604e-01 -1.055234562200131876e+01 -7.660034661116182225e-03 9.996886617085558591e-01 2.374653915751644487e-02 2.438165589570166769e-02 9.962457010671416091e-01 9.677173112618795217e-03 -8.602873634495805666e-02 5.055373175711588729e+00
-9.356675624406940450e-02 2.433284838571863132e-02 -9.953155754953576517e-01 -1.112325053319256263e+01 -8.367130659664273259e-03 9.996467713167891400e-01 2.522530279632983694e-02 2.965749886635361127e-02 9.955778889345274774e-01 1.068818396144436376e-02 -9.333010907271975520e-02 4.989111969401016644e+00
-9.776236463293236367e-02 2.508988181461717717e-02 -9.948934253316447096e-01 -1.171667119054294481e+01 -7.670184403002125624e-03 9.996334761669961599e-01 2.596312188900784870e-02 4.092803411175371942e-02 9.951802705622206924e-01 1.016923241796531194e-02 -9.753408653406370199e-02 4.927112584295254116e+00
-9.988971652234017451e-02 2.587290935654867202e-02 -9.946620341479051053e-01 -1.231224854866263207e+01 -7.715730923452225783e-03 9.996116676518116417e-01 2.677651509881423531e-02 4.843414299220943214e-02 9.949686431068749393e-01 1.034924221143903450e-02 -9.965129612947125348e-02 4.862117117611976624e+00
-9.853875209445864258e-02 2.803379886101388038e-02 -9.947382241508823109e-01 -1.293613712252768977e+01 -5.123918860319651332e-03 9.995755800564700699e-01 2.867769967719399973e-02 5.555353639638490465e-02 9.951200607938758269e-01 7.922822133556930643e-03 -9.835328596201133033e-02 4.799251383095042733e+00
-9.715202076029709477e-02 3.067835175368473916e-02 -9.947965836469369050e-01 -1.357687417945964015e+01 -4.510486963554200153e-03 9.995009854771763624e-01 3.126392298850260570e-02 6.750053266091689264e-02 9.952593705676542335e-01 7.524369789068979797e-03 -9.696516471687920136e-02 4.729724841669941782e+00
-9.563091905528277314e-02 3.072878735856711049e-02 -9.949424006677017873e-01 -1.422138938316014389e+01 -6.207133177499602784e-03 9.994855573245104985e-01 3.146571190071422580e-02 8.061194675832882017e-02 9.953975470349935017e-01 9.184834414143899090e-03 -9.539098326922759719e-02 4.661496274907640291e+00
-9.354040006218850012e-02 2.822317960370250220e-02 -9.952153379459900417e-01 -1.489194344128942049e+01 -9.418062297837932750e-03 9.995283238938628134e-01 2.923069448681040947e-02 8.754695428440473215e-02 9.955709773276659735e-01 1.210725099152871673e-02 -9.323046983167433688e-02 4.591639872135619527e+00
-9.239592885154269963e-02 2.795565887757412923e-02 -9.953297860778419492e-01 -1.557556872156153638e+01 -9.948813032139682336e-03 9.995299855396846400e-01 2.899717096412005729e-02 9.805909303467494342e-02 9.956726817784281591e-01 1.258156941012440050e-02 -9.207437468814190507e-02 4.526107547211494442e+00
-9.059580224891441991e-02 3.054108231057097236e-02 -9.954192832539996427e-01 -1.626920785548614390e+01 -1.046373198955191999e-02 9.994452869330001654e-01 3.161693813443822859e-02 1.145358007253043930e-01 9.958328112894232476e-01 1.328016200122232246e-02 -9.022597168408570678e-02 4.457893929305289049e+00
-8.878898556502931583e-02 3.421294020948024289e-02 -9.954626618366860802e-01 -1.699549195264233603e+01 -9.967399560552814286e-03 9.993293527698628997e-01 3.523486186328789183e-02 1.309461815073939550e-01 9.960006317806348042e-01 1.305064172659667864e-02 -8.838842320483350501e-02 4.390030403022271877e+00
-8.685982394323309153e-02 3.613120918020918532e-02 -9.955650733698004906e-01 -1.771107170437746703e+01 -9.481056598058788115e-03 9.992668472832936244e-01 3.709274466063637588e-02 1.465253989218728847e-01 9.961754719490485410e-01 1.266087700421802270e-02 -8.645357934006052403e-02 4.322871022717489353e+00
-8.517036555603854642e-02 3.574959647890930958e-02 -9.957248081948463225e-01 -1.846890882487429053e+01 -1.136543232926869214e-02 9.992562326110072668e-01 3.684853768048994976e-02 1.630118130089265871e-01 9.963016202389438636e-01 1.445524583812435489e-02 -8.470070705496864083e-02 4.249668778366545219e+00
-8.385612048508131466e-02 3.309127045356939634e-02 -9.959282276286276492e-01 -1.921618044959028992e+01 -1.379217569578536362e-02 9.993141696549183717e-01 3.436505876010016031e-02 1.729606987300628673e-01 9.963824638784964938e-01 1.661773712069041301e-02 -8.334220816983697877e-02 4.179571509349521818e+00
-8.192672169938353122e-02 3.239412442803473596e-02 -9.961117125730244437e-01 -1.998041055464078752e+01 -1.639271886628605387e-02 9.992926197086064999e-01 3.384581126459930422e-02 1.923853924177537644e-01 9.965035773303965172e-01 1.910185495527473576e-02 -8.133773900922278144e-02 4.111080733819946431e+00
-8.076577822289422726e-02 3.427906259406755113e-02 -9.961434408138459817e-01 -2.077191283955924916e+01 -1.297343456051987774e-02 9.992876208644907443e-01 3.543912459921196717e-02 2.116842599801777858e-01 9.966487137222753701e-01 1.578566972285412942e-02 -8.026352364159639041e-02 4.045606576533820942e+00
-7.930558872278171967e-02 3.647459807736824072e-02 -9.961827855814392452e-01 -2.155447037372564978e+01 -1.159981597441709679e-02 9.992289355867106648e-01 3.750958438294128144e-02 2.260763097804391886e-01 9.967828989578967347e-01 1.453025703351850696e-02 -7.882133886392890532e-02 3.979602786305103557e+00
-7.824305815052479129e-02 3.801875459434598398e-02 -9.962090731936364962e-01 -2.236270604518551153e+01 -8.285209278071595240e-03 9.992132673871325643e-01 3.878413018032109139e-02 2.455691624070986401e-01 9.968999283604397244e-01 1.128838947295077340e-02 -7.786650623660779091e-02 3.914974107530414305e+00
-7.713725291831734221e-02 3.363431691450281813e-02 -9.964529569412607923e-01 -2.316617555883576784e+01 -8.453358827978166290e-03 9.993728288149131833e-01 3.438726254019650735e-02 2.535637528212976166e-01 9.969846844337452163e-01 1.107591346171842885e-02 -7.680455089659576906e-02 3.851847434312960505e+00
-7.731241356798615461e-02 2.727379644679086071e-02 -9.966337541690515334e-01 -2.396512670908487053e+01 -9.849659789286174805e-03 9.995560856515871562e-01 2.811783981037702454e-02 2.656851518948135094e-01 9.969583021644340404e-01 1.199036089965229562e-02 -7.700945408360093669e-02 3.783971853350963421e+00
-7.768024233406221890e-02 2.250844084749798954e-02 -9.967241647886277978e-01 -2.478363070932408618e+01 -8.318715703350647653e-03 9.996956817200818302e-01 2.322386703544164141e-02 2.758520567241309340e-01 9.969436604218766540e-01 1.009550043733142138e-02 -7.746936038601949515e-02 3.721325441608271500e+00
-7.755871975420189357e-02 2.347180354090356094e-02 -9.967114131463941096e-01 -2.561508378633329031e+01 -8.493939934262150979e-03 9.996709929276518247e-01 2.420245065167528006e-02 2.861400481038852139e-01 9.969516483633056314e-01 1.034311728661121976e-02 -7.733383217344989846e-02 3.650230411386454321e+00
-7.769988573105084118e-02 3.027116753900715995e-02 -9.965170800140668028e-01 -2.645202975729278450e+01 -6.825334079829561106e-03 9.994993654014753259e-01 3.089393982549943143e-02 2.963150913014039878e-01 9.969534769467404134e-01 9.202017089993743196e-03 -7.745437467042448620e-02 3.579521945039048969e+00
-7.836358273408404462e-02 3.734071562622579693e-02 -9.962252441576648909e-01 -2.729133145614191136e+01 -8.053868457879533385e-03 9.992419635266159839e-01 3.808730837450981926e-02 3.135923389414594364e-01 9.968923544792595015e-01 1.100812470606054617e-02 -7.800344079253193619e-02 3.504751715001054979e+00
-7.822993639567625557e-02 4.259750280266123151e-02 -9.960248185797722087e-01 -2.814251523872537675e+01 -8.011634171367243429e-03 9.990276017178096879e-01 4.335517282343830103e-02 3.331520371662396451e-01 9.969031928381744123e-01 1.137145878121586726e-02 -7.781258832213340526e-02 3.429259202496257153e+00
-7.907565609858036026e-02 4.342920184509483500e-02 -9.959221148730085238e-01 -2.898427495511225160e+01 -8.307319032100532810e-03 9.989871707469238915e-01 4.422245453245359642e-02 3.485937668000486656e-01 9.968340478971159380e-01 1.177036178136547928e-02 -7.863478464834337822e-02 3.353897216354193134e+00
-7.910193189402359160e-02 4.009875077388320302e-02 -9.960596800623311431e-01 -2.981100072283811642e+01 -9.777901966226696176e-03 9.991113836520763014e-01 4.099811214709593588e-02 3.622107361064751951e-01 9.968186197294890416e-01 1.298240394636072936e-02 -7.863955675805263390e-02 3.283360696885464058e+00
-7.984165789304101257e-02 3.741685106910500741e-02 -9.961050209755438756e-01 -3.064330214923647944e+01 -1.173451429031462795e-02 9.991907273663163114e-01 3.847332505028955296e-02 3.765744899739773555e-01 9.967385242984306837e-01 1.476058165700183493e-02 -7.933797447327518848e-02 3.208546104221763340e+00
-8.012095360871847316e-02 3.820110525939529600e-02 -9.960528195410165431e-01 -3.148266865879461562e+01 -1.364026667977062159e-02 9.991297703089594417e-01 3.941631396989522113e-02 3.970332349064393251e-01 9.966918546511158716e-01 1.674449802689955205e-02 -7.953015470024096811e-02 3.132128008843282352e+00
-7.965378621741124598e-02 4.053665261625886279e-02 -9.959979788521771127e-01 -3.232541308059168728e+01 -1.186296658449347355e-02 9.990634907998330316e-01 4.161014222256723127e-02 4.144341409409949550e-01 9.967520394622656488e-01 1.512989652061547639e-02 -7.909830358242175841e-02 3.056179288609566669e+00
-7.973574183936139870e-02 3.906334568694544429e-02 -9.960502948471102735e-01 -3.315203197100854027e+01 -1.324899566495700738e-02 9.991020543524142816e-01 4.024363607782876356e-02 4.317379731911564766e-01 9.967280246219236695e-01 1.640552187234844625e-02 -7.914659151305281082e-02 2.981939280746423560e+00
-7.920241424100721295e-02 3.415378992862931617e-02 -9.962732651279254670e-01 -3.398409972733921336e+01 -1.514352098100251419e-02 9.992563518208736895e-01 3.545994339311268201e-02 4.418015338933317104e-01 9.967435642673370122e-01 1.789559758563337086e-02 -7.862630557986650948e-02 2.907543667772250373e+00
-7.918062140595844012e-02 3.044437975174865002e-02 -9.963952421749996402e-01 -3.480998778125698578e+01 -1.712712361765212840e-02 9.993444577272585505e-01 3.189553236900504601e-02 4.479791167852200662e-01 9.967131812056846396e-01 1.959089212354738971e-02 -7.860728832129999788e-02 2.836497016970390472e+00
-7.864384919739231261e-02 3.105087847078289234e-02 -9.964190363962549535e-01 -3.564530399517675363e+01 -1.536809948140228574e-02 9.993582652952025525e-01 3.235542008987529750e-02 4.632775860528121070e-01 9.967843561540596919e-01 1.785762056459203745e-02 -7.811618709781024961e-02 2.766064529436219832e+00
-7.776474147015326188e-02 3.332746803896768917e-02 -9.964144881184823221e-01 -3.648806352965125654e+01 -1.541538377812611167e-02 9.992814246969093928e-01 3.462644499502411793e-02 4.717774314705762695e-01 9.968525919572535088e-01 1.805282783680332848e-02 -7.719510422675607275e-02 2.696038581198092476e+00
-7.766697018664986407e-02 3.805513352500965868e-02 -9.962527660809873398e-01 -3.731673609001786218e+01 -1.505018597771781014e-02 9.991126309705222752e-01 3.933767277985190242e-02 4.893275556901316992e-01 9.968657978730319780e-01 1.804902652750617342e-02 -7.702531178387228561e-02 2.625441584742945089e+00
-7.682250401853565891e-02 4.328342431949801228e-02 -9.961047950464103629e-01 -3.815344873204966802e+01 -1.285540636582579478e-02 9.989312181299823123e-01 4.439768439982502701e-02 5.124637157006679544e-01 9.969619505739748533e-01 1.621607281975607703e-02 -7.618397011144655007e-02 2.557979134165732749e+00
-7.700148460519992688e-02 4.653424675901613600e-02 -9.959443968994473595e-01 -3.898655074913530427e+01 -1.316438445769759630e-02 9.987756984692540696e-01 4.768433830802848439e-02 5.327862369243681062e-01 9.969441055480566805e-01 1.678275967085452944e-02 -7.629461586405411611e-02 2.485310480382027176e+00
-7.675236621567037287e-02 4.682560153654602431e-02 -9.959499796243479475e-01 -3.981922351910048974e+01 -1.221833500286692575e-02 9.987774020910437089e-01 4.790013329079954862e-02 5.495069659232117987e-01 9.969753656731018543e-01 1.584529865778627061e-02 -7.608639687537326057e-02 2.417265590105759365e+00
-7.623766002014320531e-02 4.260050177932415971e-02 -9.961791630816921872e-01 -4.065013671782705273e+01 -1.341691399245736015e-02 9.989525895731378169e-01 4.374589922292461408e-02 5.670350366729148828e-01 9.969994442527849721e-01 1.670073442088764945e-02 -7.558623955299459407e-02 2.345535333130433386e+00
-7.626522015093106788e-02 3.858127954340784954e-02 -9.963408184828353997e-01 -4.147437797150323036e+01 -1.549092463269491522e-02 9.990846622680482625e-01 3.987328548575409110e-02 5.813787318746774790e-01 9.969672645013608614e-01 1.847518427367051547e-02 -7.559775011711704351e-02 2.274259984471755924e+00
-7.589510422189441052e-02 3.563895590075000230e-02 -9.964786618637809790e-01 -4.229752339523528804e+01 -1.856378797291376517e-02 9.991373322559687908e-01 3.714792144520827344e-02 5.966136582714953729e-01 9.969430252970422623e-01 2.131776377497166669e-02 -7.516803703407429205e-02 2.202242724643112659e+00
-7.664154129304068253e-02 3.363728404230603708e-02 -9.964911063823689297e-01 -4.312358391791717338e+01 -2.201278068840154672e-02 9.991300776482002766e-01 3.541939603737061931e-02 6.168383768936896994e-01 9.968157320493592488e-01 2.465013761766179923e-02 -7.583441735515951410e-02 2.125521130611696119e+00
-7.731533454219660650e-02 3.162443084361318824e-02 -9.965049640424910038e-01 -4.394412128919532989e+01 -1.880111846280475146e-02 9.992728407897293330e-01 3.317098128835202497e-02 6.253872441523634640e-01 9.968294478221196853e-01 2.130003327297091964e-02 -7.666453724753265198e-02 2.057744049899323358e+00
-7.818991165607841465e-02 2.835077400209044807e-02 -9.965352385795699375e-01 -4.476720824774913865e+01 -1.704734051108669837e-02 9.994113860182131104e-01 2.977016128290025862e-02 6.323767297084588179e-01 9.967927631175579339e-01 1.931600088685868355e-02 -7.766058136213463414e-02 1.991756966431596165e+00
-7.930967590906243259e-02 2.711379168767916875e-02 -9.964811711926319093e-01 -4.558328678190437699e+01 -1.346695613855384936e-02 9.995096572940168622e-01 2.826802473124751316e-02 6.405097373845728415e-01 9.967590954225395983e-01 1.566149553818339465e-02 -7.890564538495431490e-02 1.926837740781582653e+00
-8.059168185364438963e-02 3.025062595719573907e-02 -9.962880112891817630e-01 -4.640795563796138623e+01 -1.249539793812820890e-02 9.994301478105174219e-01 3.135680658769936235e-02 6.498053677298794018e-01 9.966689199300348134e-01 1.497611276455326941e-02 -8.016776095687297432e-02 1.855951289144142757e+00
-8.253337689279793832e-02 3.615583783407917001e-02 -9.959321870527991782e-01 -4.723010566459071669e+01 -8.550463350535183679e-03 9.992792093184031943e-01 3.698592574935814781e-02 6.625133039737352014e-01 9.965516574723245480e-01 1.156825483043949672e-02 -8.216473642560524759e-02 1.787455338066640254e+00
-8.418269649582227343e-02 4.008177672368870570e-02 -9.956438365072127761e-01 -4.804419441284475312e+01 -5.447750736428484501e-03 9.991572232440479873e-01 4.068382664279941024e-02 6.759429423812256532e-01 9.964354839383259277e-01 8.848893174493582814e-03 -8.389339174822561807e-02 1.713370853276407590e+00
-8.572129834888916888e-02 3.952422656834234799e-02 -9.955348329308306710e-01 -4.884515025666773624e+01 -6.705915329969565353e-03 9.991673055357263022e-01 4.024585784060434601e-02 6.844770316916793940e-01 9.962966312917965750e-01 1.012589905393693722e-02 -8.538487018683704743e-02 1.644646534846920582e+00
-8.697075730057303444e-02 3.582689388743433290e-02 -9.955663863346804199e-01 -4.965474589278582584e+01 -9.946459408773346278e-03 9.992720727137125447e-01 3.682914996886241937e-02 6.951197757007533395e-01 9.961612552394767395e-01 1.310541917158470314e-02 -8.655109641313950275e-02 1.557643559594658278e+00
-8.807266204155314582e-02 3.202203966034886801e-02 -9.955991729145017288e-01 -5.045702723640872023e+01 -1.579671088925256595e-02 9.993125665631239496e-01 3.353888265486817261e-02 7.074099230248330761e-01 9.959888354741947003e-01 1.868105006938339946e-02 -8.750627352157079597e-02 1.474459683190226356e+00
-8.970103245319305252e-02 3.027558659212188294e-02 -9.955084229997839262e-01 -5.124610195831564852e+01 -2.012339103237467675e-02 9.992787325333425397e-01 3.220348046940482711e-02 7.191033738087515559e-01 9.957654681661776142e-01 2.292169066353601931e-02 -8.902708508014943456e-02 1.387400177930854905e+00
-9.062317354017485060e-02 3.131614728713166124e-02 -9.953927110168009351e-01 -5.204758396946967736e+01 -2.075508524936025070e-02 9.992289878143880699e-01 3.332643715415867930e-02 7.298128694226120317e-01 9.956690005963944046e-01 2.367960768307302358e-02 -8.990333127421316906e-02 1.305509281279292555e+00
-9.139199247898556477e-02 3.250546165568461016e-02 -9.952842917245490195e-01 -5.283562406730037253e+01 -2.081601844544745533e-02 9.991863604333610649e-01 3.454433151743070002e-02 7.361866191562144168e-01 9.955974469647709268e-01 2.387493071969124664e-02 -9.064099595437538626e-02 1.227812930917348000e+00
-9.238346674453443153e-02 3.267124652206586377e-02 -9.951873181966439663e-01 -5.362759494949492733e+01 -2.155401683344761524e-02 9.991617505108942865e-01 3.480258653794521262e-02 7.447136404805202448e-01 9.954902279581389068e-01 2.466546780985806597e-02 -9.160182776635968083e-02 1.149309320983664451e+00
-9.313581582487867605e-02 3.268592475271209913e-02 -9.951167089430094093e-01 -5.439895808218015816e+01 -2.286346882450272441e-02 9.991272313420777040e-01 3.495751150881005326e-02 7.552304649490740873e-01 9.953909115595360735e-01 2.600761619011325229e-02 -9.230721451719893500e-02 1.061810194681555464e+00
-9.317500786207871810e-02 3.427109105765634850e-02 -9.950597115290469308e-01 -5.517152817009371546e+01 -2.210097876636434380e-02 9.990899843703170413e-01 3.647937952874261841e-02 7.666702169209226314e-01 9.954044670984493193e-01 2.539076055523408967e-02 -9.233279150823825443e-02 9.947136904484765729e-01
-9.390520607052019186e-02 3.692039013392879598e-02 -9.948962779558572223e-01 -5.595245296096728538e+01 -2.130833866702493140e-02 9.990086980054526666e-01 3.908422735306919804e-02 7.754798970761235255e-01 9.953531265427832952e-01 2.486979955809628939e-02 -9.302540393493231863e-02 9.139279205093490122e-01
-9.375314309716696604e-02 4.105125345391307662e-02 -9.947487368964359478e-01 -5.670965833143038282e+01 -2.015048233619986737e-02 9.988666505226968528e-01 4.312033341075649506e-02 7.923515113828170087e-01 9.953915773262006494e-01 2.408733381907840476e-02 -9.281968442552976373e-02 8.390124965737122409e-01
-9.441781105872959490e-02 4.340288033807009754e-02 -9.945860319828362384e-01 -5.747841417235612482e+01 -2.013819400789708391e-02 9.987614773035358162e-01 4.549684525587611300e-02 8.082649389329589207e-01 9.953289961468756442e-01 2.432487857989131669e-02 -9.342681524480622723e-02 7.575079797085242372e-01
-9.501746637539382201e-02 4.351220864083266832e-02 -9.945241496679519955e-01 -5.823829920579144215e+01 -2.027232707160989827e-02 9.987525078040049298e-01 4.563403597530592271e-02 8.230777114866281163e-01 9.952692040332400403e-01 2.449734878561533880e-02 -9.401683742861105531e-02 6.824952832780772916e-01
-9.495233089753987721e-02 4.173546637662078201e-02 -9.946065134051640388e-01 -5.897716795487188790e+01 -1.876312318100268120e-02 9.988682469221227267e-01 4.370555779513225075e-02 8.357823266329065248e-01 9.953050164875701933e-01 2.281186943420635341e-02 -9.406177902458290330e-02 6.100181113153251289e-01
-9.531207296171949339e-02 3.803477175353407042e-02 -9.947205089178302595e-01 -5.972275224972752738e+01 -1.964488604166191726e-02 9.990033074255056933e-01 4.008086202824071020e-02 8.488569486376317252e-01 9.952536170295248619e-01 2.336136107860734001e-02 -9.446988546378615181e-02 5.299277063449268077e-01
-9.518656090420288263e-02 3.528194392182037314e-02 -9.948339608790578437e-01 -6.043168487206574468e+01 -2.038542445817813353e-02 9.990930385309265693e-01 3.738348569847924768e-02 8.582258745966957481e-01 9.952507363744826918e-01 2.383851725922134235e-02 -9.438099162672364262e-02 4.551571866661160426e-01
-9.398172641164981300e-02 3.299570841142265842e-02 -9.950269527125891189e-01 -6.114346092416606382e+01 -2.184526266128078778e-02 9.991416677013229553e-01 3.519546962494898845e-02 8.689136063594850024e-01 9.953342642630449433e-01 2.504435614454489367e-02 -9.318025628967310792e-02 3.788550546962903831e-01
-9.160238701108720794e-02 3.227965632279347630e-02 -9.952722923805531474e-01 -6.184240973986180023e+01 -2.315721133596688325e-02 9.991351202428491174e-01 3.453626959240172628e-02 8.775104289389104029e-01 9.955264093364518674e-01 2.621133563552739687e-02 -9.077565323176171874e-02 3.088359906143077205e-01
-8.751483671092356864e-02 3.308534908615934356e-02 -9.956135912474377569e-01 -6.251913558081976419e+01 -2.305497552202438044e-02 9.991133286986092488e-01 3.522818948289603569e-02 8.853793874260695862e-01 9.958964326777823839e-01 2.603683567657098449e-02 -8.667445598768561132e-02 2.431730552426772385e-01
-8.182885677306853123e-02 3.450344058134898612e-02 -9.960489328548796095e-01 -6.318096656249484511e+01 -2.349705213048269153e-02 9.990559856835956598e-01 3.653796834075126454e-02 8.934183628562570867e-01 9.963694171557919699e-01 2.639407299176381103e-02 -8.094087891052710593e-02 1.878247791331670857e-01
-7.438736114287296253e-02 3.588194818169752193e-02 -9.965836259250686613e-01 -6.382473753071720779e+01 -2.156425468216124214e-02 9.990608960631984781e-01 3.758074736190006315e-02 9.023546585928072794e-01 9.969962850777003283e-01 2.428611521521357314e-02 -7.354373492032544035e-02 1.415630845792286430e-01
-6.567212449995915580e-02 3.754781916794786706e-02 -9.971345171359502491e-01 -6.446366824714594657e+01 -2.261702753390660778e-02 9.989790390316323210e-01 3.910685107143917205e-02 9.072774708035769020e-01 9.975849420728597483e-01 2.512044950185024147e-02 -6.475585453167315153e-02 9.389427558416046926e-02
-5.395588460923990415e-02 3.923704878346385289e-02 -9.977720887927175042e-01 -6.508634907571253336e+01 -2.504337015354567153e-02 9.988602054277780917e-01 4.063409144967915915e-02 9.129497077109633985e-01 9.982292732492119569e-01 2.718002312132546464e-02 -5.291175581853805460e-02 5.835343909429394071e-02
-3.947743470956856932e-02 4.084980043410962186e-02 -9.983850666273365038e-01 -6.567684360322859050e+01 -2.686625912140430672e-02 9.987593786885037295e-01 4.192744038894652414e-02 9.227674769354385909e-01 9.988592608810586970e-01 2.847805920905025975e-02 -3.833097497893507566e-02 3.617993716809721899e-02
-2.077998078504273566e-02 4.202521359871146112e-02 -9.989003865455957643e-01 -6.626964275779005220e+01 -2.904294750617536502e-02 9.986691460389840458e-01 4.261965860644702231e-02 9.334018178387776254e-01 9.993621894163362551e-01 2.989664669899332744e-02 -1.953178825394123047e-02 2.453930439095270213e-02
1.008449825333244910e-03 4.284462697084998051e-02 -9.990811955215533890e-01 -6.682946817113507620e+01 -3.076945389351200613e-02 9.986100184073747332e-01 4.279336069448453489e-02 9.426354643512013798e-01 9.995260465625752655e-01 3.069802769425541977e-02 2.325355427292209731e-03 3.539043548712104970e-02
2.671984125017871914e-02 4.328035553358159510e-02 -9.987055479608801800e-01 -6.737205921126361829e+01 -3.043746604705238265e-02 9.986342970279270537e-01 4.246292718800065424e-02 9.502546469174113497e-01 9.991795144430167808e-01 2.926346377312922728e-02 2.800069572189428299e-02 6.059018383025036036e-02
5.578427011192690910e-02 4.333509672588260753e-02 -9.975019337194068747e-01 -6.788393358790997922e+01 -2.908821040898665680e-02 9.987041286843464372e-01 4.176059475498050677e-02 9.509197652506373721e-01 9.980190755024592741e-01 2.668596120463469917e-02 5.697252320372680340e-02 1.133542581647711267e-01
9.006093463322678572e-02 4.310517492405051970e-02 -9.950029566180410567e-01 -6.838584328832484971e+01 -2.765215917084155178e-02 9.987860013534999304e-01 4.076617565675275112e-02 9.598335537082069990e-01 9.955523438905875544e-01 2.384253934374863659e-02 9.114355301327353720e-02 1.720029013875410406e-01
1.271306956271319455e-01 4.328502249363474358e-02 -9.909410244342236052e-01 -6.885408726488516606e+01 -2.737337199615099206e-02 9.988199476681267619e-01 4.011736892950425876e-02 9.700931723005867813e-01 9.915082311762469791e-01 2.202524790936024809e-02 1.281655367047413729e-01 2.587182604461885083e-01
1.675525335406729821e-01 4.325296257973161584e-02 -9.849138272984767628e-01 -6.931053707829202892e+01 -2.658121886219669272e-02 9.988721112693657034e-01 3.934397610099074627e-02 9.688142741659738766e-01 9.855047827230584145e-01 1.958802633554336189e-02 1.685132751899614811e-01 3.678096647903159599e-01
2.123552689883963784e-01 4.396946036255606344e-02 -9.762027723952169111e-01 -6.975388680943696329e+01 -2.561760987800396766e-02 9.988943309701729945e-01 3.941886877064623707e-02 9.795994303096805522e-01 9.768567186598490215e-01 1.663717699124382318e-02 2.132468700414308083e-01 4.885517408433268649e-01
2.594970175598914075e-01 4.224676557747098632e-02 -9.648193728111913448e-01 -7.018369056675308570e+01 -2.269275715187369508e-02 9.990336078330415148e-01 3.764148610282701257e-02 9.884367685603995257e-01 9.654772984648734013e-01 1.212655796376272375e-02 2.602049446070673344e-01 6.555392081964509510e-01
3.099872953098226636e-01 3.779491111051309221e-02 -9.499891279634125052e-01 -7.059876971552544944e+01 -1.491802396772323736e-02 9.992798828440833114e-01 3.488807829617929235e-02 9.816535027087445187e-01 9.506236950301600874e-01 3.357098554155981719e-03 3.103279018460943228e-01 8.323734491400552882e-01
3.602132722303285073e-01 3.285788105095407974e-02 -9.322910897969014510e-01 -7.098615447350040597e+01 -9.192842383908812406e-03 9.994560047270398817e-01 3.167317755252400252e-02 9.772867569428197454e-01 9.328247244541730820e-01 -2.838694911300937603e-03 3.603193830426318356e-01 1.045510547933998557e+00
