1.0 0.0 0.0 8.673617379884035e-19 0.0 1.0000000000000002 1.734723475976807e-18 1.3877787807814457e-17 2.0328790734103208e-20 0.0 1.0 0.0
0.999978530637877 0.0004843356327579075 -0.006534335786457121 -0.014301515164731687 -0.00048282260701843285 0.9999998595782238 0.00023311434229051492 -0.0004658828698720363 0.006534448261820485 -0.00022995432509010337 0.9999786197838993 0.09500249636674618
0.999911261593566 0.001009263572084411 -0.013283279171867621 -0.020733270712456037 -0.0010045726757955675 0.9999994347823951 0.00035980701539529373 -0.0024235543920465563 0.013283635669034248 -0.0003464310972029726 0.9999117136240391 0.18549736909375328
0.9997802913862037 0.0013365083896658622 -0.02091830215371061 -0.03323859980762087 -0.001332075074150679 0.9999990863557464 0.00022586715676717242 -0.0052330723829807635 0.02091858670892948 -0.0001979528080016113 0.9997811622580502 0.2900051981037258
0.9995461584664254 0.001632391301178815 -0.030080255009499728 -0.0469728169138692 -0.0016629376848730747 0.9999981219082414 -0.0009904998465498603 -0.003161110557560895 0.030078584434634303 0.001040071728483128 0.9995469996253336 0.39229801263405006
0.9991309947381029 0.0016007671344681583 -0.04164957173595085 -0.06526953159399905 -0.001742434840893193 0.9999928190878304 -0.003365337520400774 -0.006323285562724018 0.04164388829589445 0.0034349846522337413 0.9991266161740671 0.5115905605301228
0.9984661448773106 0.0018525246952899692 -0.0553347551440013 -0.08604728543649601 -0.0020788682995382043 0.9999897061148492 -0.004033157637374152 -0.007752243994065419 0.05532671862666916 0.00414200511686279 0.9984597090078406 0.6318348315155307
0.9974704624463323 0.001870802243632905 -0.07105759402863701 -0.10948677153773047 -0.0021678308880113094 0.9999892346042337 -0.0041032220393508265 -0.00783020161155007 0.07104915850629878 0.004246883704643053 0.9974637729494343 0.7714173351607208
0.9959617388644874 0.000773403314940988 -0.08977539791413085 -0.14378185009275954 -0.0011395603040942458 0.9999912358823855 -0.004027403133316909 -0.008563170430027661 0.08977150410732272 0.004113443774090591 0.9959538952531274 0.9203551071725211
0.9939731161092601 -5.6777118999863825e-05 -0.10962407123877584 -0.17438707272890897 -0.00037356919656154723 0.9999923101113476 -0.0039051142516352017 -0.016423961731154152 0.10962345760392694 0.003922530856356114 0.9939654437793927 1.08370986955915
0.991273358789047 -7.808155531346863e-05 -0.13182231545968046 -0.21808621560982705 -0.0004892556801501455 0.9999907561352994 -0.004271408037406475 -0.0202435510318274 0.13182144081205116 0.004298627834783191 0.9912641550756539 1.2497634977065362
0.9877616175283047 0.0034103462649483305 -0.15593382248477855 -0.2796294408361858 -0.004364500848406946 0.9999737858063398 -0.005776996400864606 -0.026784939775076358 0.15591004712842216 0.006386868580720768 0.9877506066653557 1.427752396023784
0.9833962713599579 0.007330739453102405 -0.18132298498548904 -0.3442046120347365 -0.008817068666123104 0.9999338019379708 -0.007392431698593456 -0.031790701046901765 0.18125680232743396 0.008868426982664133 0.9833958167020715 1.5964623237469835
0.9780379549152945 0.01041417033659143 -0.2081665022343436 -0.41424016738021696 -0.012372356241609987 0.9998905988017441 -0.008106983648714476 -0.03854254108943654 0.2080593130529805 0.010504447546269275 0.9780598062829614 1.7812116122331698
0.9713573406032499 0.011656503140319532 -0.2373374091736164 -0.4953850496546922 -0.014032169602216633 0.999866905552262 -0.008322741097183974 -0.045307093915453775 0.23720883200368736 0.011414714528981924 0.9713916238444885 1.9765265260452995
0.9633735569770805 0.01343371091555115 -0.2678263024932661 -0.5793882132261672 -0.016105614648897582 0.9998400136243825 -0.007781761267860893 -0.05169405514251753 0.26767894126799285 0.01181025050777828 0.963435789398537 2.1550076151388713
0.9538812167677742 0.015581768496696199 -0.2997796405563365 -0.6801635152899815 -0.018433777561741145 0.9998077167768942 -0.006687778394593613 -0.05370981629101229 0.299617817578389 0.011905416847420365 0.9539850264553318 2.3545135389503136
0.9427083089712568 0.018110221136333957 -0.33312618579484216 -0.7893287913036865 -0.021052634581569366 0.9997647118289117 -0.0052248437297851445 -0.060330975598906045 0.3329532122093652 0.011938687103633269 0.9428677691998316 2.5478662777344336
0.930283394117237 0.02050429569849674 -0.36626816344851854 -0.8998883700372136 -0.02396150308807734 0.9997008999532253 -0.004894838986049943 -0.05870870488649722 0.3660582869058932 0.013329923402363851 0.9304964559295382 2.729175850030664
0.9163317460009573 0.023292632198779042 -0.3997418897854535 -1.0359609696098895 -0.027256938025388065 0.9996194950275546 -0.004234298862252944 -0.059083235117035296 0.3994911872424344 0.01477576229832472 0.9166179589714882 2.933102960664758
0.9004135179941896 0.023944576813326603 -0.43437556659357796 -1.1645969448912743 -0.028369262373479975 0.9995906483191088 -0.0037048361867255616 -0.056041954700502286 0.4341090816930135 0.01565879918751529 0.9007242236867018 3.11927624809171
0.8821854432588363 0.01981913272436233 -0.4704848754993482 -1.2984425354352482 -0.024787773083804372 0.9996831982243308 -0.0043668950619904934 -0.05754326201391784 0.4702493225919408 0.015514684266132502 0.8823972385168329 3.2957337957796895
0.8612373720193669 0.015771877977679913 -0.5079580847324089 -1.4540474198732165 -0.020969731231081964 0.9997699280902752 -0.0045115252773033875 -0.06616357204006258 0.5077701084655433 0.014537238393073238 0.8613699598903579 3.495458635616192
0.8364420990021559 0.01746485753426425 -0.5477769310074786 -1.6172110492979217 -0.02169561267330903 0.9997638354292432 -0.0012530462115158455 -0.0714395452590048 0.547625734674247 0.01293245569873537 0.836623475568601 3.6665747490243863
0.8079312627885837 0.023058892727098896 -0.5888253790940025 -1.8217422277896007 -0.026518353604870516 0.9996445140598613 0.0027609035464381815 -0.07173884563502608 0.5886797720285191 0.013384059662591149 0.8082555431515552 3.8495365388997533
0.775823878378778 0.02618967196866388 -0.6304057281066623 -2.0274870872896047 -0.029804392305908204 0.9995440076145786 0.004845724268608687 -0.07744597158933277 0.6302452267379055 0.015029430415181535 0.7762506740066435 4.012945934325788
0.7402668071223326 0.02578707143251529 -0.6718184597339584 -2.223595149154691 -0.02993596816845808 0.9995373379425474 0.005380230378631135 -0.07024255927963377 0.6716464307822612 0.016128730088394917 0.74069627493512 4.161230032057063
0.7009273535885213 0.02216923634511036 -0.7128880119383638 -2.4743559815728915 -0.02457667018523784 0.9996739738529704 0.006923315766278753 -0.08084454134112389 0.7128091457171811 0.012667672002545781 0.7012436825585084 4.3385874925872985
0.6588496135045026 0.01898861635774271 -0.7520349567230864 -2.71238651602798 -0.019667797153411534 0.9997744596170289 0.008013209184252364 -0.08286128464193962 0.7520175585598473 0.009511371225104346 0.6590744768784687 4.489308917221172
0.614604277217863 0.018739874294350728 -0.7886129230823383 -2.95684696513106 -0.01726355447476987 0.9997978737060038 0.010303954649282576 -0.08048478687963523 0.788646691035504 0.00728140718297525 0.6148035690761334 4.618631707346252
0.5672891740210532 0.019300589640536714 -0.8232924246632535 -3.2571079758574717 -0.015122426167853028 0.9998009006336492 0.013018409900995755 -0.07609630787624709 0.8233798401230064 0.005064975812640812 0.5674680953452977 4.766590429924791
0.5164151732009925 0.02034347210158536 -0.8560966310533791 -3.5550955477045476 -0.013828387684032682 0.9997855336387658 0.015416390007062065 -0.0801416053845442 0.8562267229617986 0.003877177479756416 0.5165857431602418 4.89332548253982
0.4641867372726876 0.021566910863047246 -0.885474713979543 -3.853400428528572 -0.012828865447360631 0.9997623593682747 0.017625343150091087 -0.0712156745313444 0.8856444866302821 0.0031781847782571416 0.4643531133590378 4.982636331875126
0.409838647822086 0.023695997519803023 -0.9118501572084838 -4.20770335558814 -0.011684668747061087 0.9997168765495318 0.020727593631658207 -0.06857803574036156 0.9120832361890251 0.0021596976295393446 0.40999948562838234 5.081314128144373
0.355102423049523 0.025958344324902773 -0.9344668881969014 -4.5348780564688 -0.011319500917174773 0.9996605016524673 0.023467872045678295 -0.06387539183950944 0.9347589079920332 0.0022441995645807768 0.3552757052980098 5.155345810589948
0.3002038295902228 0.02910155763546845 -0.9534310009276844 -4.921461081637934 -0.009358677823084546 0.9995762533715316 0.027563308727731675 -0.05820792391934851 0.9538292074370063 0.0006482418654557877 0.30034897703824565 5.225434106757684
0.24630168707574066 0.03091350932095641 -0.9687000343820482 -5.303923969758951 -0.005097488821298511 0.9995186836913051 0.030600915942965642 -0.056410612252402514 0.9691798495043296 -0.0025991207916931944 0.24634072923295425 5.280832624222403
0.1951849294279143 0.03198188853959711 -0.9802448235046701 -5.689595038083894 -0.0026663593528362273 0.9994817888108745 0.03207859902447555 -0.06109187221898042 0.9807628685469849 -0.003647575006225241 0.19516906176121146 5.326837869672238
0.1481258402418269 0.032766100031682385 -0.9884255315899035 -6.116868136226084 -0.004488329314226571 0.9994629804362564 0.032459364271180534 -0.05071000019177355 0.9889583817046952 -0.0003716922605046299 0.14819336932191682 5.336395236584044
0.10525419404488554 0.03287340071977745 -0.9939018097555944 -6.535702833319092 -0.006538772618316046 0.9994547421619628 0.03236460663258277 -0.03152919506868483 0.9944238938868554 0.003092386706226441 0.10541175379315172 5.352793898818632
0.06680614446428955 0.031371325837486114 -0.9972726329438032 -7.00070214148944 -0.008045945983569135 0.9994900330233638 0.030902088859968438 -0.020805991056298406 0.9977335750038487 0.005959551680677128 0.0670244885123468 5.332801205049362
0.032247139916396134 0.028897388383821408 -0.999062052519709 -7.458211914148744 -0.007065301057172894 0.9995635615203966 0.02868384247089592 -0.014972548528090227 0.9994549994589728 0.00613370155344887 0.03243723656320728 5.3233572013516595
0.0007720666822208212 0.02649736473857702 -0.9996485423639327 -7.928452644123841 -0.006707129042401838 0.9996265343151717 0.026491600675211013 -0.013788742637505694 0.999977249154074 0.006684317811836486 0.0009495011226076531 5.304936280753227
-0.026297186428929867 0.024360569499505817 -0.999357264372831 -8.421810288225998 -0.006934850562352069 0.999674529076304 0.02455078627366129 -0.006433568584865185 0.9996301580468784 0.007576009211160743 -0.026119688647373934 5.262050331976872
-0.04704880281822571 0.022034520780295146 -0.9986494939698249 -8.92466786706519 -0.007748666418837301 0.9997185409726789 0.022423165765534644 0.002349822805001456 0.9988625754802883 0.008793184831806109 -0.04686482015445306 5.221286112947843
-0.06376023750961111 0.021139135902286457 -0.9977412904173968 -9.45564905013633 -0.007555356655292708 0.9997367526888432 0.02166423424247265 0.01757354323736933 0.99793669165902 0.00891960759295828 -0.06358373717923203 5.1676840843458915
-0.07699957085805331 0.021710350755253592 -0.9967946873349177 -9.995002967991386 -0.006828962178934151 0.999727960091793 0.02230175457150337 0.020968873370215982 0.9970077787006767 0.008524298172180391 -0.07683036323373957 5.112041620654226
-0.08647024397141463 0.022913772748882736 -0.9959908447332365 -10.555451382465812 -0.007349484430302838 0.9996935879916643 0.023637026404426838 0.025597772900810847 0.9962273625424558 0.009363917613019333 -0.0862753430202496 5.052849021820212
-0.09384630019522147 0.024074600236609303 -0.9952955347169397 -11.127895706014588 -0.008770331763213993 0.9996488100143193 0.025006850991262097 0.031205133239942673 0.9955481087543434 0.011075871763528538 -0.09360219881909776 4.989318413378196
-0.09803292161453223 0.024992186746297166 -0.9948692630152277 -11.7203218625738 -0.008752433749805881 0.999624303048824 0.025974087918362143 0.04028480868601029 0.9951447258938536 0.011253842406167024 -0.09777734643429165 4.92655339989278
-0.10000502112250526 0.02568821408863816 -0.9946552303757313 -12.32062964047136 -0.007675516541649607 0.9996170090914215 0.02658807169016779 0.046894990004334655 0.9949573733459509 0.010293432760882827 -0.09976954496891596 4.859351192281479
-0.09856970505528671 0.027873061358919763 -0.9947396799257815 -12.943403376212204 -0.005868586744529841 0.9995739897479545 0.028590043500182197 0.05777051895548203 0.995112889481056 0.008655827527992436 -0.09836413669266783 4.799686224380137
-0.09693650432837242 0.03045437711757547 -0.9948244866907419 -13.582031756468345 -0.0045918959510227245 0.9995074342230185 0.031045171478523512 0.06848033217802793 0.995280012499912 0.007577540451846715 -0.09674891189464602 4.733210935222189
-0.09520178623241629 0.030590616939132745 -0.9949878130376519 -14.233860266483951 -0.005179006166461473 0.9994989639814993 0.03122484356607991 0.07913999836635331 0.9954445673356891 0.00812570816863284 -0.09499565674908285 4.6626336680123295
-0.09352347105561927 0.0280180810201478 -0.99522271757889 -14.895558283750193 -0.009356886762951187 0.9995350739519882 0.02901877211101743 0.0871161007462427 0.9955731495544374 0.012026122390135277 -0.09321782589636884 4.594618798730661
-0.09211378956659351 0.027771379978816554 -0.9953610963362549 -15.585097187449014 -0.008884085883390715 0.9995482901008093 0.028710365364152227 0.09917713179172055 0.9957088984921557 0.01148749347699125 -0.09182545653421566 4.522917574907517
-0.09028581893418275 0.030378011246872068 -0.9954524385897987 -16.272218758685128 -0.010141349817120747 0.9994548258138765 0.0314199519929496 0.11502071011021034 0.9958642976219576 0.012932007721955428 -0.08992852187969366 4.459995829223625
-0.08850601552873916 0.03411465192743197 -0.9954912316207507 -17.00036263526616 -0.009059423310221753 0.9993444221490723 0.035052140667048814 0.12988572900821077 0.9960344862176682 0.012120901614694361 -0.08813893262033294 4.388952317220034
-0.08654155040356316 0.035929369358203796 -0.9956000991140543 -17.720605246197632 -0.008213359780194114 0.9992897640378722 0.036776458738169135 0.1476543032888115 0.996214429775944 0.011359912544019118 -0.08618498263430892 4.319603474934981
-0.0848480285938559 0.03549631623823199 -0.9957613908885974 -18.47201462508657 -0.010684605105992938 0.9992753631134998 0.03653200517434478 0.16178532401487142 0.9963366557136968 0.013738984494624247 -0.08440727951964384 4.248813264311496
-0.0833967894873838 0.03290001772960143 -0.9959731285491387 -19.221260099261247 -0.013081553418148708 0.9993325947012929 0.03410635986596995 0.1734655358089231 0.9964306008559481 0.01587323618691669 -0.08291074421390894 4.179864839128939
-0.08131396779744744 0.03209798066504142 -0.9961715050610778 -19.987738122679577 -0.015221978763696837 0.9993247276764172 0.03344209632660803 0.19160452132456135 0.9965723372671276 0.017883010661018606 -0.08077046287896972 4.107462335177799
-0.08006735502703473 0.034373769901256054 -0.9961965545927124 -20.775535966917456 -0.011051606815690822 0.9993131892263866 0.035369559257635866 0.21025030443323628 0.9967282347545027 0.013841518661352397 -0.0796324771993517 4.045180330208324
-0.0788967284276324 0.036203270771156364 -0.9962251430904326 -21.555104449943585 -0.010916725344093204 0.9992490378249097 0.03717771641875117 0.2244057293587923 0.9968230629898438 0.01380871611056237 -0.07844225739727728 3.979875493980574
-0.07767659578444189 0.03813185576439157 -0.9962490744859719 -22.36497538271196 -0.006355771482666351 0.9992290551995165 0.03874146707444011 0.2444170810537312 0.9969583895688432 0.009341236250386641 -0.07737435241507466 3.914255623542767
-0.07705724003093545 0.03372131595892071 -0.9964562087464361 -23.165846215580235 -0.007249906856143374 0.9993824990660294 0.03438098899669519 0.2557047470702819 0.9970003495556669 0.00987351807727541 -0.07676518003509397 3.850416452934863
-0.07657772527045821 0.027178981458215033 -0.9966930724563399 -23.969846504718166 -0.009133842900832542 0.9995673412556908 0.02795912830462132 0.26042431908167213 0.99702181728007 0.011244683743737806 -0.0762963429852325 3.7832774936833364
-0.07683358028062992 0.022304806944536397 -0.996794364817997 -24.78997712633379 -0.007639318977518515 0.9997072252704582 0.02295882896614595 0.2734361657169512 0.9970147032457988 0.00937883917676496 -0.0766406899898281 3.71883157081755
-0.07725811073857895 0.023351999088348008 -0.9967375721998745 -25.61696082944062 -0.006899298810298271 0.9996892126459652 0.023955921323843603 0.28310696507509603 0.9969872932020188 0.00872757901219404 -0.07707298490738612 3.65189346325049
-0.07723137376770672 0.03030803810095844 -0.9965523881025081 -26.45674720762195 -0.005287374393122109 0.9995113383750736 0.030807790980942634 0.2950913454598791 0.9969992167475983 0.007648472922531194 -0.07703338260736667 3.580521256174626
-0.07765859207325067 0.03731084901577031 -0.9962815645089372 -27.302545141629963 -0.005845231696880823 0.9992652660565747 0.03787821397077384 0.3110989382292437 0.9969629196491532 0.008765064780347977 -0.07738344198332399 3.5092595617844995
-0.07777042042011695 0.04278941273903577 -0.9960525828227184 -28.151855569648454 -0.0056837388214445745 0.9990432736449132 0.04336166641519616 0.3273202533828321 0.9969551397718384 0.009033557123333646 -0.07745281022479635 3.43637828002705
-0.07840635510555131 0.043280194962013026 -0.9959815167342876 -28.984586186161167 -0.007433881543061871 0.9990040197356245 0.04399675078773376 0.3441931553036294 0.9968938085844659 0.010853632964843412 -0.07800652263007297 3.358903090291649
-0.07880768806801022 0.03995529953919324 -0.9960887706922767 -29.821125698769013 -0.00901299146277688 0.9991270814374226 0.040790253854766284 0.36068950179769244 0.9968491321458177 0.012192324832433859 -0.07837877736941223 3.2867514317749547
-0.07906341184797468 0.03739669628356263 -0.9961678463763687 -30.647389868277607 -0.010152602506380911 0.9992140657280646 0.03831683792141814 0.3735439574827951 0.9968179279299629 0.013143154983969622 -0.07862159688008985 3.216302525463029
-0.07951106841055838 0.03821676143240703 -0.9961010902073053 -31.49126976529664 -0.011678359599538076 0.9991605298552292 0.039266332715943986 0.3927710332316471 0.9967656135442581 0.014754933542019153 -0.0789980104446707 3.1392213417811172
-0.07896990572063571 0.04077525305344529 -0.996042691078301 -32.33137434638865 -0.010188407662795542 0.9990779249392457 0.04170728002540204 0.4109107284749299 0.9968249778268196 0.013441708551811041 -0.07848165321861003 3.0646822276623853
-0.07919932189177373 0.03938635965940095 -0.9960803696900119 -33.1595304011344 -0.010460110356699427 0.9991313105619088 0.04033869001481376 0.4251878910247943 0.996803965499483 0.013613906674130958 -0.07871853567013494 2.992553803088181
-0.0786670906633793 0.03435253553490898 -0.9963088388769802 -33.9973870347482 -0.013477157058919302 0.9992781232470368 0.035519050701598 0.43532287025886995 0.9968098857150475 0.016221590597391183 -0.07814732658365756 2.9179469941359866
-0.07888897630481138 0.030098324348067647 -0.996428895170241 -34.819416794447356 -0.016423773760790975 0.9993691971769103 0.03148743668839447 0.4468692488656423 0.9967481463876181 0.018849133835798546 -0.07834488387209872 2.8462651272842696
-0.07823827202687615 0.03074312272038228 -0.9964605127389676 -35.648769626194934 -0.014905615467495399 0.9993766111034758 0.03200342162124666 0.4619026899506003 0.996823290804428 0.01735674887056629 -0.07773125207659948 2.773283347385275
-0.0773310854175538 0.033277568248182766 -0.9964499140407691 -36.502517663427916 -0.013008780076565151 0.9993240622405232 0.034383119180439084 0.46709818720456303 0.9969206378774965 0.015621481071062423 -0.07684591182296921 2.7032232789418313
-0.07743413723090743 0.03795149864441666 -0.9962748429566683 -37.326461985259805 -0.013458342257601421 0.9991444014864987 0.039106839755344576 0.4842625795535509 0.9969066690414804 0.016436411354584533 -0.0768571182555914 2.6333877785778568
-0.07620166299021952 0.04363711236496063 -0.9961370520364369 -38.1682097074115 -0.010296322958339644 0.9989541728046418 0.044548158013313056 0.505959280823537 0.9970393047531956 0.013651191480432178 -0.07567266681442221 2.562797561618513
-0.07679597801145117 0.04650655197892579 -0.9959615613521359 -38.997662385661535 -0.012329177008341585 0.9987908875092675 0.047589336163184094 0.5252626810062758 0.9969706392695168 0.015934055008761154 -0.07612973449781626 2.4925657483871255
-0.07634929053277241 0.0468331393825701 -0.9959806052064449 -39.83143648315554 -0.011125403408819734 0.9987940913748781 0.04781827874546047 0.5454184966820125 0.9970191088132466 0.014731576452139454 -0.07573618084210566 2.423420853180376
-0.07591531148235398 0.04257410440150718 -0.9962049088031577 -40.657180392767344 -0.012025014792299638 0.998976305484276 0.04360890182235511 0.5615747804271434 0.9970417945905613 0.015289961561193987 -0.07532564100192196 2.359242055912567
-0.07590163892701085 0.03851199535190387 -0.9963712542785383 -41.48005262114982 -0.013462850366187636 0.9991231721220947 0.03964393449784365 0.5762250721799886 0.9970244630176388 0.016423036741660204 -0.07531660319508371 2.2852621323319977
-0.0755647485309698 0.03558487135498882 -0.9965056919189929 -42.30996536013849 -0.01685853520041428 0.9991745854485099 0.03695855250351516 0.5922238727763184 0.9969984192140353 0.019592389317079368 -0.0749024659175401 2.212286015369665
-0.07636473077462202 0.0336550997721646 -0.9965117572774362 -43.12859669161791 -0.020710451895500442 0.9991610229223287 0.03533165545114282 0.6124033857784409 0.9968648815536817 0.02333630002396282 -0.0756036481477066 2.1342501243188083
-0.07700352256501615 0.031450674467632646 -0.9965346124631855 -43.95496696254871 -0.018396146699728715 0.9992873885978448 0.032959045153391285 0.6214608397458787 0.9968611316045034 0.020870358969579193 -0.0763700760328286 2.065053069790127
-0.07779427018310739 0.028174217507878366 -0.9965712113333588 -44.77353001488268 -0.01623559338663798 0.9994322515374153 0.029522482775465087 0.6267007728957944 0.9968372674907102 0.01847660482104293 -0.07729267635430785 2.0020074115967037
-0.07895072878103782 0.02683608384950542 -0.9965171978455964 -45.590908133258985 -0.012906436955080711 0.9995262905156374 0.027939650663856477 0.6345007823004807 0.9967950110437162 0.015067341700360906 -0.0785669687345994 1.9362504839279957
-0.08036039384690179 0.03018246521435909 -0.9963087558095334 -46.41859674552257 -0.010052809385830773 0.9994660628846501 0.031088952585731133 0.6450844077321528 0.9967152177224444 0.012514021982381187 -0.08001406703774826 1.8682921136893071
-0.08246613486151719 0.03599448751007962 -0.9959435950676854 -47.233074461634295 -0.00816851534306123 0.9992895722142355 0.03679178261091138 0.6551677728574825 0.9965604344876838 0.011169456250316161 -0.08211352535271822 1.7950449028502227
-0.08403810021940798 0.039589322365293785 -0.9956757531325977 -48.04825627643496 -0.004991786359520339 0.9991811906542839 0.04015002364913939 0.6687344848263852 0.9964500760199511 0.00834433178710859 -0.08377166643487578 1.7255523828453143
-0.08552025841089973 0.03915250756144403 -0.9955668142131848 -48.85679705722956 -0.005701647163171836 0.9991920001538163 0.03978485076709382 0.6773090273650944 0.9963201593489068 0.00907878087205506 -0.08522792274291645 1.6528644514169848
-0.08702898659205703 0.0356341851698663 -0.9955682212858703 -49.65931759502948 -0.00921207485652744 0.9992885336963542 0.0365726313172538 0.6881910645161398 0.9961632251126813 0.012354127134799506 -0.08663880210429704 1.5677382332646148
-0.08795792157323024 0.03196291667167525 -0.995611214510225 -50.45873078684409 -0.014014942721430246 0.9993464368957384 0.03332098821907063 0.6988426315731119 0.9960256411625239 0.01688427876374964 -0.08745247432250816 1.4833164169631121
-0.08919530141128709 0.030340513954037866 -0.9955518871367381 -51.249027968191776 -0.01790933171756443 0.999325475074833 0.0320600819515019 0.7121078724489414 0.9958531666041964 0.020689276574553998 -0.08859175766354588 1.4009643592261056
-0.09037192262933173 0.031148640852979338 -0.9954208141533113 -52.05411219803731 -0.019292090320310824 0.999268458262254 0.03302052307962111 0.7212645035257855 0.9957212498811857 0.02218787631327296 -0.08970488763292218 1.3201128920229015
-0.09149608915091416 0.032401101862530625 -0.9952781299065562 -52.83631083413991 -0.01914748727452481 0.9992284903441692 0.03428993573761752 0.7293731874230085 0.9956213712621031 0.02219446934044545 -0.0908050971932549 1.2383689312484696
-0.09254370516259917 0.032625042551686356 -0.9951739462102024 -53.622919562403666 -0.019531005495568944 0.9992112894937389 0.03457363482057568 0.7345020326085585 0.9955170991805535 0.022636320056669067 -0.09183351333113975 1.157594582057516
-0.09299375397256142 0.03240850926543679 -0.9951390738557323 -54.399174368448 -0.02214185748425153 0.9991556411759408 0.034608426843458454 0.7449968190654783 0.9954205055816271 0.025252594554957992 -0.09219764820337946 1.076540007126971
-0.09294541960569697 0.03411368875282058 -0.9950865854394136 -55.17622086949984 -0.0204731978132758 0.9991361005647251 0.03616479860414569 0.7570641333287327 0.9954607331108977 0.023733957281311068 -0.09216670695902804 1.0032452257118523
-0.09364315425445816 0.03702886620630724 -0.9949169512038527 -55.95113204425686 -0.019388075094494955 0.9990508039014726 0.03900755484384643 0.7679728682846119 0.9954170670708555 0.022942314481194825 -0.09283634864701443 0.9244275627640867
-0.09321238019488251 0.0409516339655571 -0.9948036650677671 -56.72334162611821 -0.018884942522977656 0.998901303622152 0.04288981976800586 0.7843351593471863 0.9954671744359644 0.0227846718516678 -0.0923365974272695 0.8483642457392198
-0.09397418629729508 0.04337069897953145 -0.9946294539066719 -57.4932324008344 -0.01916594818059554 0.9987867055386069 0.04536280266129569 0.7972159936970077 0.9953901711039523 0.023325948805375675 -0.09302892624131176 0.7699333854973555
-0.09469821012651372 0.043481467109237344 -0.9945559407076844 -58.24547599569188 -0.018216714100999225 0.99880270513785 0.045401664457582515 0.814755569810323 0.9953393841138215 0.02241699729603488 -0.09379273801133613 0.6955479864023806
-0.09479577655842855 0.04172855320856825 -0.9946217445265636 -58.98500619422338 -0.017479780985591963 0.9988972830606684 0.04357389706194689 0.8271077804351115 0.9953433129270145 0.021516391472479843 -0.09396183650223973 0.6196869970433679
-0.09510960675657106 0.037978741679479594 -0.9947420217905746 -59.72425627852142 -0.018475017667395774 0.9990325071158177 0.03990898783216708 0.8384370121715876 0.9952953935541445 0.02217360428873267 -0.09431592935924664 0.5421601461341257
-0.09487291212835025 0.035104649687766665 -0.9948701945164168 -60.4421464126384 -0.018692151242039018 0.9991390363731025 0.03703779905858509 0.8499471436307157 0.9953139329001236 0.022110147561044645 -0.09413504624475212 0.46826853033639465
-0.09382206366799775 0.03282750930962061 -0.9950475846452623 -61.147367132585885 -0.020096940466958514 0.9991901477174324 0.03485909526556984 0.8576460987517329 0.9953861686153999 0.023267964349190425 -0.09308634804943453 0.3918780339055881
-0.09139041850043159 0.03212820757489065 -0.9952966803061071 -61.84626520667285 -0.021905875070416456 0.9991726887339486 0.03426477157710461 0.8661014679051738 0.9955742136797112 0.02493431631885177 -0.09061101223351686 0.322028355490421
-0.0873262698887585 0.032947778565490755 -0.9956347149271914 -62.516842258231286 -0.022443726283034315 0.9991341414317846 0.035032100550770946 0.8750138815113871 0.9959269526496064 0.025404975056291336 -0.0865111855430259 0.260649191037551
-0.08139103781532019 0.03447733756328007 -0.9960857018514537 -63.18561181306228 -0.021313585637453655 0.9991127633196653 0.036323662587277976 0.8813724326355229 0.9964543732845522 0.02418657779663981 -0.08058398750434502 0.20243622319364452
-0.07428080736016175 0.03583833724511204 -0.9965931437704849 -63.82501038222192 -0.02057142290586635 0.9990863124089195 0.037461277294053345 0.8914204440467066 0.9970252057224259 0.02328399225585777 -0.0734756910487577 0.15546986716816683
-0.06539222782766564 0.0373549699596928 -0.9971601601762679 -64.47239444013971 -0.0224861862062865 0.9989901388114601 0.03889813164906602 0.8968308115032144 0.9976062903427733 0.024965964122301003 -0.06448621798379442 0.11554875306368605
-0.05369643730262531 0.03898709418744711 -0.9977958753439686 -65.08894973758781 -0.023861200511062344 0.9989020939281228 0.04031440765610067 0.9028863139727753 0.9982722222388376 0.02597334702616033 -0.052707203625497384 0.08064871858154538
-0.03906739776299406 0.040631517752871875 -0.9984101024917965 -65.68422875131817 -0.02647846989816203 0.9987799797094554 0.04168266095732776 0.9120399796818286 0.9988857404019862 0.028064804959796207 -0.037943872946461225 0.05330212022228524
-0.020485946662509764 0.041838963259025155 -0.9989142823306254 -66.27553801004646 -0.028355232190686183 0.9986977787019939 0.042411408296256205 0.9224149062348237 0.9993880125193247 0.029193283741435087 -0.01927291503948422 0.04241017228243281
0.0013295227538715122 0.0426683261548478 -0.9990883652883144 -66.83729602068097 -0.02984444878661792 0.9986459419276327 0.04260971548703562 0.9290741536066187 0.9995537124996358 0.02976059087939483 0.002601136718495996 0.05647816194775514
0.02680894354685989 0.04305649372726404 -0.9987128385533806 -67.37982226749855 -0.02949788601090704 0.9986709817918696 0.04226286091637422 0.9382657072074655 0.999205302107457 0.028326894445099494 0.02804339166127044 0.07787425534342371
0.05590724913263398 0.04300087398138332 -0.9975095107458148 -67.88562694444043 -0.028421831226662246 0.9987357983588909 0.04146078202526362 0.9413168145843621 0.998031391052735 0.026033087656855566 0.05705873650847508 0.13176434303019033
0.08990295909357669 0.04287608237097851 -0.9950271446432286 -68.38777025909644 -0.027040587279606884 0.9988096801499481 0.04059589373321805 0.950240771196343 0.9955834166747652 0.023256426458649698 0.09095534175647536 0.19485039607161575
0.12743374223699827 0.043188937831910315 -0.9909062863265408 -68.85907087445767 -0.02653405603882892 0.9988423917436804 0.04012246906962402 0.958602592341664 0.9914921447890735 0.02117980642159082 0.12843220601932134 0.2791613384778778
0.16770007932359463 0.043120587652254086 -0.984894524271106 -69.30776005804147 -0.02601004790377019 0.9988886988454087 0.039304493390119766 0.9583432387969799 0.9854949216149403 0.019025786373485294 0.16863528183099682 0.3862400191227809
0.21293609155633225 0.04370733947615167 -0.9760880165092234 -69.76048221723396 -0.024693167831783627 0.9989206059773166 0.039342861204063856 0.9697333971919877 0.9767540898333719 0.015725189929900713 0.21378552246635116 0.5068138787776507
0.25980274011016 0.042174341766041124 -0.9647402653850802 -70.18318956789275 -0.022344972189193166 0.999040886935336 0.0376563591705943 0.9805407309130334 0.9654031922741262 0.011773868469313255 0.2604959429545041 0.672753122664356
0.31017214255735015 0.03762078183376401 -0.9499356988782268 -70.59929876961132 -0.01414840490559212 0.9992887110446965 0.034955608203239036 0.9714584417954768 0.9505751619202626 0.002597818724409213 0.3104837963979535 0.8454865252130055
0.36047473671427616 0.03255999907958861 -0.9322004833725858 -70.99275233513231 -0.008619498262658109 0.9994641776352023 0.03157629798396668 0.9679837537683442 0.9327291898670003 -0.003347358007328006 0.3605622356505216 1.0686053209199753
0.41285554659184853 0.027695756431331722 -0.9103752952572507 -71.37802705445493 -0.0030137876817071946 0.999573635131108 0.029042624651571553 0.9690617414385223 0.9107915648679926 -0.009246731544180029 0.41276298827704355 1.2792379661631692
0.462800271848279 0.026750302986975505 -0.8860588383291591 -71.7442517892618 -0.0034039588187489596 0.9995908453243507 0.028399924733756448 0.9812076881575501 0.8864560867728096 -0.010127386075000964 0.46270197282737047 1.5464657638772323
0.5107860236656117 0.024917366974860303 -0.8593466693475872 -72.09692529202243 -0.0017314004605932867 0.9996076769943314 0.02795520871298351 0.9960571829999846 0.859706170134716 -0.012791257410706471 0.510628779340057 1.789080822744827
0.5561635582543623 0.020941538185122028 -0.8308089354729165 -72.43591193201404 0.005770804927650072 0.9995610571688007 0.029058252970953484 1.0033947019553076 0.8310528629850517 -0.02095557859974329 0.555798584576837 2.0678999286459323
0.5995364822328278 0.014301660634873425 -0.8002196062565836 -72.7475060268835 0.016595602882005053 0.9994032173190104 0.030295175768201572 0.9900218051365901 0.8001753875977435 -0.03144319193296949 0.5989413404481618 2.390919644527641
0.6419195008953029 0.009442592894021062 -0.7667138590956873 -73.03912973738292 0.01884976030038139 0.9994276426712131 0.02809029084571602 0.9875942481679417 0.766540345396777 -0.03248408013571803 0.641374106433484 2.6810795501714293
0.6830066535322338 0.00371711683704839 -0.7304026565341359 -73.32790223522062 0.015956396359381408 0.999672473921555 0.020008446872001793 1.0006525067811363 0.7302378695904039 -0.025320497326201487 0.6827236425462114 3.016140247589732
0.7232075767758182 -0.0020573999984761903 -0.6906276258309567 -73.59398674413139 0.012308216516294311 0.9998751448590328 0.00991018983951123 0.9936175853526038 0.6905210662058471 -0.015667519415781886 0.7231426083651491 3.3297347643446504
0.7625225957906956 -0.005245769346549957 -0.64694028798744 -73.86184972325798 0.007963353246985614 0.9999674759829676 0.0012777646472285102 0.9966683806369616 0.6469125946241796 -0.006126139193243716 0.7625395682263371 3.712156498763134
0.7992585477684343 -0.006831680918813981 -0.6009484652782893 -74.10060275539482 0.006787990891554578 0.9999742242469616 -0.0023398774798963134 0.9984990308228574 0.600949010792638 -0.0022090660562735405 0.7992843279846042 4.088595885352823
0.8332622937208847 -0.008592591991214302 -0.5528110767958495 -74.33312854446012 0.007347391480326746 0.9999630228362013 -0.004468020360493966 0.9956445941205025 0.5528290782120949 -0.0003386873911288002 0.8332946234429143 4.5104079859436705
0.864190932965831 -0.007949373121039887 -0.5031012060591241 -74.56531443817858 0.005105659642925498 0.9999622534823585 -0.0070300149964236894 0.9946376002879319 0.5031381419718051 0.003506610906405142 0.8641989035518107 4.9790239167916654
0.8901138022912811 -0.00622769562242148 -0.4556957557312548 -74.76572795081248 0.0041937881355480315 0.9999762199039163 -0.005474264963547807 0.976032712385289 0.4557190486309799 0.002961627052785923 0.8901187478048026 5.438136754964768
0.9118487258242097 -0.0012348202899781376 -0.4105244981475954 -74.9761026047078 -0.0008450965093324322 0.9999877125872684 -0.004884983026696897 0.9722042424403827 0.41052552345855703 0.004801298124700095 0.9118364715885221 5.954369512866668
0.9292720927634249 0.0038819530930924856 -0.3693755555762882 -75.15523118411967 -0.006718326146846962 0.9999569950747651 -0.006392860263213805 0.9666498864785548 0.3693348899502231 0.00842229146283777 0.9292582121618104 6.45262396300261
0.943047418979456 0.007792706135648816 -0.3325670319903747 -75.33005461153762 -0.01019780970175282 0.9999329459925189 -0.005487115900056332 0.9620836125469517 0.3325020047393159 0.008566065915528874 0.9430636550280252 6.996395949326115
0.9533260527532296 0.008655856098917296 -0.3018186717524837 -75.49670478284577 -0.010176377997226054 0.9999422152342903 -0.0034658217317951835 0.9511895287285694 0.3017712592286359 0.006375478998473535 0.9533590420124805 7.569633837452207
0.9607735464707448 0.008505080425490525 -0.2772036253548274 -75.64367283579688 -0.00929690294052982 0.9999555942480454 -0.0015422422235226232 0.9351379113269563 0.27717821861028963 0.004058880633145799 0.9608099492812101 8.12747315372239
0.9668597568072214 0.008438551872096894 -0.25516857200438514 -75.79936864101047 -0.008644900825145106 0.9999625879271642 0.0003128517389671412 0.9267260491048847 0.25516168161073327 0.00190342316986028 0.9668965252656145 8.732044474048077
0.9713217395213024 0.010807716697566059 -0.23752318171924108 -75.93926409703646 -0.010400210042361064 0.9999415086346639 0.002968699427665118 0.9218872923945696 0.2375413953833059 -0.0004132716192959138 0.9713773318440337 9.334301005462722
0.9749021819296957 0.01561652465388181 -0.2220852643180059 -76.08051968811775 -0.014954045918953588 0.9998773015286486 0.004664326139586341 0.914671229490812 0.2221308745228177 -0.001226188716722706 0.975016086541656 9.963637220463948
0.9780170212268386 0.01710692928582154 -0.20782218983284229 -76.22514196763069 -0.016348504813674176 0.9998519500869578 0.0053665189751498045 0.9126184490888467 0.2078832364411411 -0.0018509650000855448 0.9781518986862036 10.618074927969678
0.9806120952938527 0.017343418483592412 -0.19518994775706405 -76.350671183809 -0.016552479040233534 0.999846853926137 0.0056826807232647995 0.9018034265299949 0.1952586210456919 -0.0023416280359105897 0.9807489907800105 11.262852747801972
0.9832085588125434 0.017078123083058158 -0.18168450031712435 -76.4747803921178 -0.016359862558259414 0.9998513121295791 0.005451355768305466 0.8954105756743909 0.1817505911989113 -0.0023874862266970737 0.9833417590578777 11.939740260097405
0.9859821794568364 0.017740758624847468 -0.16590478023039698 -76.59646824116489 -0.01697433807060518 0.9998377057331493 0.006036502073519598 0.891822466830579 0.16598495902502408 -0.0031357596910649155 0.9861232948100146 12.63803937203195
0.9880838227021222 0.017982695595575644 -0.15286262268609146 -76.70030650840458 -0.017209401999271942 0.9998315451733202 0.006380468169088529 0.8887402695182821 0.15295162384692138 -0.00367376326187084 0.9882268521245575 13.340206341332188
0.9901000843697995 0.018863850830364886 -0.13908977883962148 -76.8032162808165 -0.018523561334907204 0.9998214264705171 0.0037407744769051366 0.8754238679758721 0.13913551916142045 -0.0011273031594323168 0.9902727091596837 14.06568948762516
0.9914421260749479 0.019106145479755685 -0.12914127177069634 -76.89483067132988 -0.01946558277106739 0.9998093740096449 -0.0015215406637667864 0.86454229283376 0.12908759621096566 0.004022329610392099 0.9916250399154075 14.792409958004885
0.9926582653890772 0.019857405698367265 -0.11931154714105889 -76.98419953261796 -0.020890506932235747 0.9997542786413104 -0.007414263789832737 0.8481649570100263 0.11913500731231093 0.009852308693101008 0.9928291859696128 15.527497458294937
0.9935839349336992 0.022556114230782857 -0.11082506031966302 -77.07005142982668 -0.023580893011285478 0.9996903680157829 -0.007944629462676234 0.8402509809525492 0.11061155467986575 0.010507010491809911 0.9938081770505182 16.28584779638238
0.9943232568696192 0.020641107967401772 -0.10438007497775785 -77.15359598564179 -0.020964878644055378 0.9997781991773993 -0.0020055156899473504 0.8246133513959664 0.10431554414510813 0.0041824465519673905 0.9945354539529816 17.053922736303267
0.9948367161888226 0.023483743865151584 -0.09873408216172022 -77.23919538218368 -0.02303922010523192 0.9997186556842083 0.005640156326436057 0.8189311244091433 0.09883876370969684 -0.003336278368084529 0.9950978681269691 17.82559907494461
0.9953857824114735 0.02068323299777216 -0.0936981376516993 -77.32139129026757 -0.019891069113370477 0.9997581445080098 0.009380598283092666 0.8053786117003582 0.09386950475110549 -0.007473558406908024 0.9955564630805168 18.597421980046313
0.9955264699954447 0.024913666843317202 -0.09113926516325381 -77.39076476856191 -0.02419374034831723 0.99966681815861 0.008995663517645058 0.792236707350745 0.09133302111811918 -0.006750421478873375 0.9957975218459457 19.362553625884505
0.9959045249784747 0.02351763720943608 -0.0872988998335598 -77.46337274401434 -0.0228952608514711 0.9997048638735462 0.008123857433101088 0.7796863306771691 0.08746419583501229 -0.006091855549549056 0.9961490411479791 20.13351479911414
0.9961126051783094 0.02258478160018156 -0.08514463645496692 -77.52984692418414 -0.021801082331322046 0.9997110810688759 0.010123070458282663 0.777324133188664 0.08534867120563788 -0.008227473035593375 0.9963171737528148 20.895794116763824
