1.000000000000000000e+00 0.000000000000000000e+00 0.000000000000000000e+00 0.000000000000000000e+00 0.000000000000000000e+00 1.000000000000000000e+00 0.000000000000000000e+00 0.000000000000000000e+00 0.000000000000000000e+00 0.000000000000000000e+00 1.000000000000000000e+00 0.000000000000000000e+00 0.000000000000000000e+00 0.000000000000000000e+00 0.000000000000000000e+00 1.000000000000000000e+00
9.999789599999999723e-01 -6.485035600000000310e-03 1.560839700000000031e-04 9.733322699999999439e-02 6.484975199999999662e-03 9.999789000000000039e-01 3.845036400000000055e-04 7.024737599999999853e-03 -1.585741999999999902e-04 -3.834833500000000119e-04 9.999999099999999919e-01 -5.914826499999999501e-04 0.000000000000000000e+00 0.000000000000000000e+00 0.000000000000000000e+00 1.000000000000000000e+00
9.999101099999999631e-01 -1.340624800000000082e-02 2.330735300000000060e-04 1.883855999999999864e-01 1.340604199999999996e-02 9.999097599999999808e-01 8.636188799999999777e-04 9.948774100000000106e-03 -2.446303800000000205e-04 -8.604166500000000285e-04 9.999995999999999885e-01 1.463544399999999919e-03 0.000000000000000000e+00 0.000000000000000000e+00 0.000000000000000000e+00 1.000000000000000000e+00
9.997741199999999884e-01 -2.125292999999999974e-02 -1.509860800000000132e-04 2.915208400000000033e-01 2.125310299999999888e-02 9.997733399999999548e-01 1.256046299999999914e-03 2.228379399999999913e-02 1.242571900000000130e-04 -1.258971499999999959e-03 9.999991999999999770e-01 3.678756300000000142e-03 0.000000000000000000e+00 0.000000000000000000e+00 0.000000000000000000e+00 1.000000000000000000e+00
9.995432100000000153e-01 -3.017265599999999909e-02 -1.728270500000000020e-03 3.941336300000000126e-01 3.017548399999999895e-02 9.995432800000000340e-01 1.634195699999999984e-03 3.308113399999999815e-02 1.678173100000000069e-03 -1.685600599999999977e-03 9.999971699999999908e-01 3.537756999999999881e-03 0.000000000000000000e+00 0.000000000000000000e+00 0.000000000000000000e+00 1.000000000000000000e+00
9.991289800000000554e-01 -4.156719899999999912e-02 -3.666215799999999851e-03 5.119358999999999993e-01 4.157395800000000113e-02 9.991338300000000006e-01 1.787055199999999918e-03 4.395710199999999790e-02 3.588757399999999848e-03 -1.937917699999999960e-03 9.999916800000000494e-01 2.196987999999999979e-03 0.000000000000000000e+00 0.000000000000000000e+00 0.000000000000000000e+00 1.000000000000000000e+00
9.984642500000000531e-01 -5.520026900000000319e-02 -4.698694399999999924e-03 6.370843499999999660e-01 5.520833499999999727e-02 9.984735700000000325e-01 1.604626000000000056e-03 6.439112800000000580e-02 4.602946400000000257e-03 -1.861568799999999916e-03 9.999876699999999952e-01 3.110408299999999938e-03 0.000000000000000000e+00 0.000000000000000000e+00 0.000000000000000000e+00 1.000000000000000000e+00
9.974631499999999651e-01 -7.102546699999999491e-02 -4.759923400000000242e-03 7.727372200000000024e-01 7.103309900000000232e-02 9.974728999999999957e-01 1.453805799999999910e-03 8.077435400000000654e-02 4.644637299999999740e-03 -1.788229899999999994e-03 9.999876100000000267e-01 3.239226899999999871e-03 0.000000000000000000e+00 0.000000000000000000e+00 0.000000000000000000e+00 1.000000000000000000e+00
9.959524800000000289e-01 -8.974296599999999346e-02 -4.986423499999999981e-03 9.209057999999999966e-01 8.974515299999999418e-02 9.959647400000000150e-01 2.161258500000000002e-04 1.085198400000000063e-01 4.946906200000000114e-03 -6.627584200000000017e-04 9.999875400000000081e-01 1.887907500000000037e-03 0.000000000000000000e+00 0.000000000000000000e+00 0.000000000000000000e+00 1.000000000000000000e+00
9.939438800000000018e-01 -1.097759799999999952e-01 -4.980319000000000412e-03 1.085730499999999932e+00 1.097731099999999932e-01 9.939563099999999540e-01 -8.462781300000000268e-04 1.339245900000000100e-01 5.043120499999999631e-03 2.944478600000000144e-04 9.999872400000000550e-01 6.983782899999999884e-03 0.000000000000000000e+00 0.000000000000000000e+00 0.000000000000000000e+00 1.000000000000000000e+00
9.912635100000000143e-01 -1.317820500000000117e-01 -5.490322199999999805e-03 1.249310700000000107e+00 1.317789500000000058e-01 9.912786999999999571e-01 -9.239425300000000214e-04 1.693896199999999908e-01 5.564198499999999971e-03 1.923616200000000131e-04 9.999845000000000539e-01 1.206238599999999959e-02 0.000000000000000000e+00 0.000000000000000000e+00 0.000000000000000000e+00 1.000000000000000000e+00
9.877513300000000385e-01 -1.558500700000000072e-01 -7.620230300000000075e-03 1.430157700000000087e+00 1.558708900000000119e-01 9.877749500000000404e-01 2.215932500000000055e-03 2.211783900000000025e-01 7.181719300000000139e-03 -3.376562300000000155e-03 9.999685099999999771e-01 1.860871799999999979e-02 0.000000000000000000e+00 0.000000000000000000e+00 0.000000000000000000e+00 1.000000000000000000e+00
9.833460099999999926e-01 -1.814468200000000087e-01 -1.037661999999999959e-02 1.605672800000000011e+00 1.815129900000000129e-01 9.833712799999999588e-01 5.828281900000000133e-03 2.767967000000000066e-01 9.146546999999999664e-03 -7.614708999999999887e-03 9.999291799999999730e-01 2.131181999999999868e-02 0.000000000000000000e+00 0.000000000000000000e+00 0.000000000000000000e+00 1.000000000000000000e+00
9.779909599999999648e-01 -2.082935300000000045e-01 -1.214446100000000049e-02 1.789567399999999919e+00 2.084104200000000129e-01 9.779971899999999607e-01 9.306125700000000833e-03 3.428597299999999737e-01 9.938843200000000225e-03 -1.163233900000000022e-02 9.998829500000000481e-01 2.706747699999999951e-02 0.000000000000000000e+00 0.000000000000000000e+00 0.000000000000000000e+00 1.000000000000000000e+00
9.712994000000000350e-01 -2.374992999999999965e-01 -1.309782900000000007e-02 1.983226500000000003e+00 2.376338400000000128e-01 9.713045099999999543e-01 9.884748400000000629e-03 4.117301600000000117e-01 1.037435999999999914e-02 -1.271353799999999992e-02 9.998653600000000363e-01 3.286241100000000109e-02 0.000000000000000000e+00 0.000000000000000000e+00 0.000000000000000000e+00 1.000000000000000000e+00
9.632801300000000122e-01 -2.681476099999999807e-01 -1.372025099999999928e-02 2.171682699999999855e+00 2.683072699999999866e-01 9.632645800000000369e-01 1.151353299999999941e-02 4.859474999999999767e-01 1.012890600000000002e-02 -1.477200000000000041e-02 9.998395799999999500e-01 3.727689199999999897e-02 0.000000000000000000e+00 0.000000000000000000e+00 0.000000000000000000e+00 1.000000000000000000e+00
9.538913700000000162e-01 -2.998209900000000094e-01 -1.409322999999999999e-02 2.369429699999999972e+00 3.000029499999999905e-01 9.538457500000000477e-01 1.328607300000000067e-02 5.754262399999999777e-01 9.459324300000000393e-03 -1.690148099999999945e-02 9.998124099999999848e-01 4.102561600000000086e-02 0.000000000000000000e+00 0.000000000000000000e+00 0.000000000000000000e+00 1.000000000000000000e+00
9.427182200000000512e-01 -3.332794399999999824e-01 -1.439311799999999988e-02 2.568928699999999843e+00 3.334843299999999955e-01 9.426280999999999688e-01 1.550662300000000063e-02 6.739845100000000366e-01 8.399319100000000177e-03 -1.941825499999999885e-02 9.997761699999999641e-01 4.718012099999999848e-02 0.000000000000000000e+00 0.000000000000000000e+00 0.000000000000000000e+00 1.000000000000000000e+00
9.302837699999999543e-01 -3.664946399999999826e-01 -1.593057800000000079e-02 2.752793299999999999e+00 3.667436199999999924e-01 9.301592400000000538e-01 1.740410900000000094e-02 7.660267699999999680e-01 8.439461400000000668e-03 -2.203319800000000037e-02 9.997216199999999775e-01 4.653273299999999973e-02 0.000000000000000000e+00 0.000000000000000000e+00 0.000000000000000000e+00 1.000000000000000000e+00
9.164952600000000338e-01 -3.996635800000000183e-01 -1.747762300000000116e-02 2.951882900000000198e+00 3.999665099999999973e-01 9.163076900000000080e-01 2.017426300000000131e-02 8.961456700000000053e-01 7.951962099999999520e-03 -2.548008100000000165e-02 9.996437000000000239e-01 4.712557199999999752e-02 0.000000000000000000e+00 0.000000000000000000e+00 0.000000000000000000e+00 1.000000000000000000e+00
9.006731399999999832e-01 -4.341040899999999980e-01 -1.848081700000000008e-02 3.151011500000000076e+00 4.344275499999999957e-01 9.004756900000000508e-01 2.040207200000000026e-02 1.009347800000000017e+00 7.784903000000000135e-03 -2.640417399999999901e-02 9.996210399999999607e-01 4.465942700000000154e-02 0.000000000000000000e+00 0.000000000000000000e+00 0.000000000000000000e+00 1.000000000000000000e+00
8.823375900000000049e-01 -4.702513300000000229e-01 -1.854909799999999997e-02 3.335182500000000161e+00 4.705323200000000039e-01 8.822410499999999711e-01 1.581369100000000125e-02 1.132496600000000075e+00 8.928366800000000353e-03 -2.268096400000000137e-02 9.997028799999999604e-01 4.334673900000000218e-02 0.000000000000000000e+00 0.000000000000000000e+00 0.000000000000000000e+00 1.000000000000000000e+00
8.611488099999999868e-01 -5.080418700000000065e-01 -1.778197200000000006e-02 3.541378200000000032e+00 5.082641199999999859e-01 8.611253300000000221e-01 1.143422099999999962e-02 1.274156300000000019e+00 9.503443699999999245e-03 -1.888450499999999935e-02 9.997765100000000071e-01 5.197954800000000042e-02 0.000000000000000000e+00 0.000000000000000000e+00 0.000000000000000000e+00 1.000000000000000000e+00
8.364941700000000369e-01 -5.477334099999999761e-01 -1.629792399999999836e-02 3.722355499999999928e+00 5.479353000000000140e-01 8.364239799999999558e-01 1.272140599999999934e-02 1.423453499999999927e+00 6.664035300000000113e-03 -1.957158999999999982e-02 9.997862499999999875e-01 6.103903499999999843e-02 0.000000000000000000e+00 0.000000000000000000e+00 0.000000000000000000e+00 1.000000000000000000e+00
8.078742399999999657e-01 -5.891151100000000529e-01 -1.681065799999999916e-02 3.915796700000000019e+00 5.893446100000000465e-01 8.077000600000000530e-01 1.713289800000000057e-02 1.619000999999999912e+00 3.484720499999999915e-03 -2.374849799999999983e-02 9.997118900000000474e-01 6.389229899999999962e-02 0.000000000000000000e+00 0.000000000000000000e+00 0.000000000000000000e+00 1.000000000000000000e+00
7.758589799999999759e-01 -6.306292100000000511e-01 -1.869894600000000101e-02 4.091959300000000077e+00 6.309036700000000275e-01 7.756016000000000021e-01 2.006798900000000135e-02 1.810501099999999974e+00 1.847471999999999960e-03 -2.736716299999999991e-02 9.996237399999999829e-01 6.902165600000000067e-02 0.000000000000000000e+00 0.000000000000000000e+00 0.000000000000000000e+00 1.000000000000000000e+00
7.403134999999999577e-01 -6.719656699999999594e-01 -1.995121000000000047e-02 4.249989799999999818e+00 6.722590600000000194e-01 7.400690500000000061e-01 1.911972099999999924e-02 1.993207600000000079e+00 1.917476700000000011e-03 -2.756696999999999967e-02 9.996181200000000544e-01 6.395029700000000317e-02 0.000000000000000000e+00 0.000000000000000000e+00 0.000000000000000000e+00 1.000000000000000000e+00
7.010447300000000048e-01 -7.129277899999999502e-01 -1.643962599999999885e-02 4.435790700000000086e+00 7.131168100000000454e-01 7.008851099999999779e-01 1.498257499999999971e-02 2.225969099999999923e+00 8.407952800000000494e-04 -2.222682900000000003e-02 9.997525999999999913e-01 7.556580300000000083e-02 0.000000000000000000e+00 0.000000000000000000e+00 0.000000000000000000e+00 1.000000000000000000e+00
6.587351200000000073e-01 -7.522542599999999524e-01 -1.347496699999999915e-02 4.604989100000000057e+00 7.523747400000000418e-01 6.586422600000000349e-01 1.107386500000000044e-02 2.447326200000000007e+00 5.448204399999999814e-04 -1.743296899999999955e-02 9.998478899999999614e-01 7.639351099999999728e-02 0.000000000000000000e+00 0.000000000000000000e+00 0.000000000000000000e+00 1.000000000000000000e+00
6.145923399999999592e-01 -7.887648900000000518e-01 -1.123449699999999954e-02 4.756292199999999859e+00 7.888440500000000188e-01 6.145085399999999920e-01 1.021354799999999938e-02 2.678525000000000045e+00 -1.152393399999999957e-03 -1.513943400000000022e-02 9.998847299999999994e-01 7.733573400000000320e-02 0.000000000000000000e+00 0.000000000000000000e+00 0.000000000000000000e+00 1.000000000000000000e+00
5.667109399999999964e-01 -8.238679300000000261e-01 -8.963980800000000138e-03 4.918853300000000317e+00 8.239100200000000207e-01 5.666290299999999780e-01 1.018947000000000082e-02 2.971714599999999873e+00 -3.315525499999999893e-03 -1.315999699999999967e-02 9.999079100000000109e-01 7.437756800000000501e-02 0.000000000000000000e+00 0.000000000000000000e+00 0.000000000000000000e+00 1.000000000000000000e+00
5.159682500000000172e-01 -8.565729800000000393e-01 -7.712483699999999817e-03 5.051554699999999620e+00 8.565917600000000354e-01 5.158827900000000355e-01 1.074763200000000002e-02 3.259496899999999808e+00 -5.227393999999999791e-03 -1.215188700000000011e-02 9.999124999999999819e-01 8.076579600000000081e-02 0.000000000000000000e+00 0.000000000000000000e+00 0.000000000000000000e+00 1.000000000000000000e+00
4.640098400000000067e-01 -8.858019000000000309e-01 -7.061523200000000174e-03 5.169649699999999903e+00 8.858024700000000085e-01 4.639177600000000123e-01 1.158853099999999914e-02 3.542822099999999974e+00 -6.989176399999999859e-03 -1.163230699999999972e-02 9.999079199999999501e-01 7.232858600000000027e-02 0.000000000000000000e+00 0.000000000000000000e+00 0.000000000000000000e+00 1.000000000000000000e+00
4.098120199999999991e-01 -9.121515300000000437e-01 -5.803930500000000284e-03 5.276619700000000357e+00 9.121204899999999505e-01 4.097151900000000069e-01 1.302602700000000079e-02 3.890188799999999780e+00 -9.503751700000000191e-03 -1.063210600000000054e-02 9.998983099999999569e-01 6.943896900000000316e-02 0.000000000000000000e+00 0.000000000000000000e+00 0.000000000000000000e+00 1.000000000000000000e+00
3.548243500000000106e-01 -9.349148000000000458e-01 -5.830277099999999629e-03 5.344443899999999914e+00 9.348601899999999798e-01 3.547120200000000168e-01 1.469028000000000000e-02 4.206135399999999969e+00 -1.166609099999999996e-02 -1.066296299999999926e-02 9.998750899999999664e-01 6.131131799999999660e-02 0.000000000000000000e+00 0.000000000000000000e+00 0.000000000000000000e+00 1.000000000000000000e+00
2.997103600000000090e-01 -9.540219500000000075e-01 -3.977821299999999977e-03 5.430197699999999905e+00 9.539103500000000180e-01 2.996039899999999867e-01 1.710234700000000038e-02 4.589381600000000283e+00 -1.512424400000000023e-02 -8.920235500000000053e-03 9.998458300000000465e-01 6.022517100000000095e-02 0.000000000000000000e+00 0.000000000000000000e+00 0.000000000000000000e+00 1.000000000000000000e+00
2.458321400000000045e-01 -9.693122800000000261e-01 -5.208416400000000137e-04 5.500602999999999909e+00 9.691490999999999856e-01 2.457808200000000109e-01 1.848812899999999898e-02 4.964388200000000140e+00 -1.779275699999999932e-02 -5.049749400000000214e-03 9.998289399999999993e-01 5.810875800000000341e-02 0.000000000000000000e+00 0.000000000000000000e+00 0.000000000000000000e+00 1.000000000000000000e+00
1.947197499999999970e-01 -9.808586400000000038e-01 7.456440499999999680e-04 5.557024099999999578e+00 9.806750100000000137e-01 1.946979000000000071e-01 1.921604400000000157e-02 5.339026800000000073e+00 -1.899339800000000161e-02 -3.010508600000000052e-03 9.998150799999999672e-01 6.381965200000000449e-02 0.000000000000000000e+00 0.000000000000000000e+00 0.000000000000000000e+00 1.000000000000000000e+00
1.475058499999999939e-01 -9.890586399999999889e-01 -2.244286700000000089e-03 5.580875899999999668e+00 9.888794499999999932e-01 1.474348699999999956e-01 1.950368300000000082e-02 5.764670899999999598e+00 -1.895940000000000125e-02 -5.096236399999999785e-03 9.998072700000000257e-01 5.551138399999999695e-02 0.000000000000000000e+00 0.000000000000000000e+00 0.000000000000000000e+00 1.000000000000000000e+00
1.046684300000000067e-01 -9.944906599999999708e-01 -5.730835499999999832e-03 5.603439400000000070e+00 9.943352300000000143e-01 1.045414499999999941e-01 1.919743999999999964e-02 6.182789699999999833e+00 -1.849256499999999900e-02 -7.707737699999999900e-03 9.997992900000000072e-01 4.037266199999999666e-02 0.000000000000000000e+00 0.000000000000000000e+00 0.000000000000000000e+00 1.000000000000000000e+00
6.644944999999999324e-02 -9.977563499999999586e-01 -8.168984000000000661e-03 5.597402800000000234e+00 9.976490300000000477e-01 6.630033200000000349e-02 1.734021499999999910e-02 6.645155299999999876e+00 -1.675970400000000027e-02 -9.302026700000000370e-03 9.998162800000000017e-01 3.237575300000000017e-02 0.000000000000000000e+00 0.000000000000000000e+00 0.000000000000000000e+00 1.000000000000000000e+00
3.175758399999999843e-02 -9.994616200000000505e-01 -8.241858200000000412e-03 5.591691599999999873e+00 9.993912900000000432e-01 3.163405700000000015e-02 1.470869999999999990e-02 7.102975100000000097e+00 -1.444005699999999920e-02 -8.703953999999999858e-03 9.998578500000000480e-01 2.698095600000000038e-02 0.000000000000000000e+00 0.000000000000000000e+00 0.000000000000000000e+00 1.000000000000000000e+00
7.325222100000000191e-04 -9.999626900000000429e-01 -8.606681200000000642e-03 5.580740399999999823e+00 9.999290899999999649e-01 6.301451999999999921e-04 1.189175900000000001e-02 7.568069999999999631e+00 -1.188589200000000033e-02 -8.614781900000000048e-03 9.998922500000000380e-01 2.747670400000000110e-02 0.000000000000000000e+00 0.000000000000000000e+00 0.000000000000000000e+00 1.000000000000000000e+00
-2.644483400000000040e-02 -9.996067299999999989e-01 -9.330463199999999846e-03 5.546611999999999654e+00 9.996011999999999675e-01 -2.653486500000000123e-02 9.661051999999999834e-03 8.057984899999999229e+00 -9.904835100000000322e-03 -9.071257299999999774e-03 9.999097999999999598e-01 1.980847599999999847e-02 0.000000000000000000e+00 0.000000000000000000e+00 0.000000000000000000e+00 1.000000000000000000e+00
-4.721203799999999784e-02 -9.988308000000000186e-01 -1.039520000000000027e-02 5.504357100000000003e+00 9.988551900000000039e-01 -4.728832399999999964e-02 7.219246399999999612e-03 8.556446799999999797e+00 -7.702377199999999903e-03 -1.004246399999999921e-02 9.999199100000000229e-01 1.487144800000000065e-02 0.000000000000000000e+00 0.000000000000000000e+00 0.000000000000000000e+00 1.000000000000000000e+00
-6.380557100000000537e-02 -9.979108700000000054e-01 -1.013593800000000059e-02 5.461602499999999694e+00 9.979396999999999851e-01 -6.386925799999999820e-02 6.088647299999999651e-03 9.090838500000000266e+00 -6.723302199999999645e-03 -9.726565600000000589e-03 9.999300899999999936e-01 2.868484799999999977e-03 0.000000000000000000e+00 0.000000000000000000e+00 0.000000000000000000e+00 1.000000000000000000e+00
-7.695003300000000102e-02 -9.969897800000000476e-01 -9.490238099999999399e-03 5.408181299999999858e+00 9.970074199999999776e-01 -7.701515800000000023e-02 6.698722100000000304e-03 9.630871400000000193e+00 -7.409449700000000048e-03 -8.946370900000000237e-03 9.999325300000000416e-01 2.173582800000000131e-03 0.000000000000000000e+00 0.000000000000000000e+00 0.000000000000000000e+00 1.000000000000000000e+00
-8.617103199999999463e-02 -9.962288099999999647e-01 -1.013449599999999978e-02 5.344606200000000307e+00 9.962415199999999915e-01 -8.625303099999999390e-02 7.952388300000000007e-03 1.018866099999999975e+01 -8.796529399999999249e-03 -9.411140599999999468e-03 9.999170200000000452e-01 8.833206399999999833e-04 0.000000000000000000e+00 0.000000000000000000e+00 0.000000000000000000e+00 1.000000000000000000e+00
-9.374000400000000177e-02 -9.955226499999999534e-01 -1.214380299999999989e-02 5.279315099999999816e+00 9.955453100000000166e-01 -9.385213200000000477e-02 9.017034300000000696e-03 1.076375299999999946e+01 -1.011638400000000083e-02 -1.124444999999999958e-02 9.998856000000000410e-01 -2.244313400000000087e-03 0.000000000000000000e+00 0.000000000000000000e+00 0.000000000000000000e+00 1.000000000000000000e+00
-9.772925500000000099e-02 -9.951399100000000164e-01 -1.206478300000000080e-02 5.210953800000000413e+00 9.951515399999999456e-01 -9.785080699999999798e-02 9.931762800000000502e-03 1.134604099999999960e+01 -1.106404199999999963e-02 -1.103566299999999938e-02 9.998778900000000469e-01 -1.007170599999999971e-02 0.000000000000000000e+00 0.000000000000000000e+00 0.000000000000000000e+00 1.000000000000000000e+00
-9.952958400000000427e-02 -9.949703899999999823e-01 -1.130397900000000046e-02 5.142075499999999799e+00 9.949651400000000256e-01 -9.965044900000000205e-02 1.068471099999999951e-02 1.194852799999999959e+01 -1.175741699999999917e-02 -1.018362100000000034e-02 9.998790199999999517e-01 -1.420402500000000033e-02 0.000000000000000000e+00 0.000000000000000000e+00 0.000000000000000000e+00 1.000000000000000000e+00
-9.841082399999999397e-02 -9.951025399999999799e-01 -9.286910699999999588e-03 5.068817100000000408e+00 9.950516600000000045e-01 -9.852563500000000030e-02 1.284129200000000068e-02 1.256511399999999945e+01 -1.369340099999999914e-02 -7.977233699999999178e-03 9.998744200000000415e-01 -2.505778800000000098e-02 0.000000000000000000e+00 0.000000000000000000e+00 0.000000000000000000e+00 1.000000000000000000e+00
-9.694396900000000483e-02 -9.952482000000000273e-01 -9.104714300000000399e-03 4.992935600000000029e+00 9.951585499999999751e-01 -9.707570399999999877e-02 1.535458699999999940e-02 1.319881600000000077e+01 -1.616547100000000070e-02 -7.572099700000000343e-03 9.998406600000000477e-01 -3.579890399999999945e-02 0.000000000000000000e+00 0.000000000000000000e+00 0.000000000000000000e+00 1.000000000000000000e+00
-9.491131899999999399e-02 -9.954347000000000056e-01 -1.007997599999999917e-02 4.909057699999999969e+00 9.953521100000000121e-01 -9.505961300000000114e-02 1.542217799999999993e-02 1.384366699999999994e+01 -1.630997000000000002e-02 -8.569386400000000154e-03 9.998302599999999707e-01 -4.738112399999999669e-02 0.000000000000000000e+00 0.000000000000000000e+00 0.000000000000000000e+00 1.000000000000000000e+00
-9.293130199999999341e-02 -9.955762400000000012e-01 -1.384634300000000054e-02 4.813746599999999987e+00 9.955701700000000320e-01 -9.311216199999999832e-02 1.304488399999999965e-02 1.450119699999999945e+01 -1.427643900000000014e-02 -1.257272800000000003e-02 9.998190399999999922e-01 -6.426940300000000272e-02 0.000000000000000000e+00 0.000000000000000000e+00 0.000000000000000000e+00 1.000000000000000000e+00
-9.140386200000000239e-02 -9.957370800000000521e-01 -1.236938500000000010e-02 4.709496500000000196e+00 9.957155199999999651e-01 -9.156238499999999614e-02 1.292048500000000065e-02 1.517511599999999916e+01 -1.399797600000000052e-02 -1.113540600000000047e-02 9.998400200000000515e-01 -8.733692099999999792e-02 0.000000000000000000e+00 0.000000000000000000e+00 0.000000000000000000e+00 1.000000000000000000e+00
-8.901680400000000493e-02 -9.959367900000000162e-01 -1.363542400000000016e-02 4.594064499999999995e+00 9.958892799999999879e-01 -8.922608499999999665e-02 1.559612500000000061e-02 1.585219500000000004e+01 -1.674938999999999942e-02 -1.219105499999999925e-02 9.997854000000000463e-01 -1.220112200000000036e-01 0.000000000000000000e+00 0.000000000000000000e+00 0.000000000000000000e+00 1.000000000000000000e+00
-8.752540100000000267e-02 -9.960715900000000067e-01 -1.344204799999999984e-02 4.522612200000000193e+00 9.959567599999999965e-01 -8.777346900000000673e-02 1.912988499999999925e-02 1.657536500000000146e+01 -2.023459000000000022e-02 -1.171334700000000069e-02 9.997266399999999997e-01 -1.328915499999999972e-01 0.000000000000000000e+00 0.000000000000000000e+00 0.000000000000000000e+00 1.000000000000000000e+00
-8.554217100000000018e-02 -9.962566699999999553e-01 -1.245721500000000065e-02 4.450786700000000096e+00 9.960905500000000190e-01 -8.579123199999999505e-02 2.105916099999999985e-02 1.729450399999999988e+01 -2.204905000000000059e-02 -1.060706800000000075e-02 9.997006200000000398e-01 -1.462355999999999934e-01 0.000000000000000000e+00 0.000000000000000000e+00 0.000000000000000000e+00 1.000000000000000000e+00
-8.404307900000000664e-02 -9.963389599999999957e-01 -1.566664499999999988e-02 4.376309199999999677e+00 9.962219500000000227e-01 -8.435761099999999901e-02 2.063073799999999916e-02 1.804212100000000163e+01 -2.187680900000000053e-02 -1.387358500000000078e-02 9.996644099999999478e-01 -1.567542399999999891e-01 0.000000000000000000e+00 0.000000000000000000e+00 0.000000000000000000e+00 1.000000000000000000e+00
-8.206554300000000468e-02 -9.964784599999999548e-01 -1.720272100000000068e-02 4.300104000000000148e+00 9.964382899999999488e-01 -8.237361399999999778e-02 1.803681000000000034e-02 1.878787200000000013e+01 -1.939034300000000086e-02 -1.566124899999999862e-02 9.996893199999999924e-01 -1.632133400000000123e-01 0.000000000000000000e+00 0.000000000000000000e+00 0.000000000000000000e+00 1.000000000000000000e+00
-8.026755900000000221e-02 -9.965871499999999772e-01 -1.926597899999999905e-02 4.231222500000000331e+00 9.965979299999999652e-01 -8.060104499999999617e-02 1.720555500000000085e-02 1.954695699999999903e+01 -1.869969299999999987e-02 -1.781938699999999903e-02 9.996663399999999866e-01 -1.760408300000000092e-01 0.000000000000000000e+00 0.000000000000000000e+00 0.000000000000000000e+00 1.000000000000000000e+00
-7.931722400000000561e-02 -9.967215600000000064e-01 -1.596569000000000113e-02 4.167457699999999932e+00 9.966391300000000397e-01 -7.961928699999999692e-02 1.926703499999999833e-02 2.033893600000000035e+01 -2.047504600000000022e-02 -1.438382399999999992e-02 9.996868899999999947e-01 -1.907212899999999878e-01 0.000000000000000000e+00 0.000000000000000000e+00 0.000000000000000000e+00 1.000000000000000000e+00
-7.757715900000000664e-02 -9.968585399999999597e-01 -1.596370299999999923e-02 4.099469100000000310e+00 9.967318499999999748e-01 -7.790918500000000579e-02 2.134909299999999954e-02 2.111987500000000040e+01 -2.252574499999999980e-02 -1.425532900000000061e-02 9.996446300000000340e-01 -1.967527699999999935e-01 0.000000000000000000e+00 0.000000000000000000e+00 0.000000000000000000e+00 1.000000000000000000e+00
-7.688005300000000375e-02 -9.969690199999999836e-01 -1.192618200000000045e-02 4.036602000000000245e+00 9.967517900000000264e-01 -7.714006599999999325e-02 2.313605999999999996e-02 2.192850200000000171e+01 -2.398592199999999980e-02 -1.010874200000000042e-02 9.996611899999999773e-01 -2.102378599999999986e-01 0.000000000000000000e+00 0.000000000000000000e+00 0.000000000000000000e+00 1.000000000000000000e+00
-7.616300300000000689e-02 -9.970246600000000070e-01 -1.187499499999999930e-02 3.967569300000000077e+00 9.968993600000000121e-01 -7.637877199999999756e-02 1.891965400000000103e-02 2.272354500000000144e+01 -1.977035900000000124e-02 -1.039719700000000038e-02 9.997504799999999969e-01 -2.173426300000000089e-01 0.000000000000000000e+00 0.000000000000000000e+00 0.000000000000000000e+00 1.000000000000000000e+00
-7.603212900000000385e-02 -9.970078599999999680e-01 -1.394415499999999974e-02 3.903248000000000051e+00 9.970191099999999862e-01 -7.620206399999999991e-02 1.208908000000000031e-02 2.352358100000000007e+01 -1.311548100000000001e-02 -1.298343000000000066e-02 9.998296899999999932e-01 -2.235741099999999926e-01 0.000000000000000000e+00 0.000000000000000000e+00 0.000000000000000000e+00 1.000000000000000000e+00
-7.606322799999999662e-02 -9.970496500000000095e-01 -1.031376099999999942e-02 3.838224799999999881e+00 9.970700700000000305e-01 -7.614070900000000086e-02 7.339716500000000206e-03 2.434065199999999862e+01 -8.103358800000000015e-03 -9.725259599999999324e-03 9.999198700000000439e-01 -2.301363800000000015e-01 0.000000000000000000e+00 0.000000000000000000e+00 0.000000000000000000e+00 1.000000000000000000e+00
-7.666164999999999785e-02 -9.969964799999999627e-01 -1.100052200000000042e-02 3.764892800000000150e+00 9.970150700000000032e-01 -7.675513000000000474e-02 8.342746300000000378e-03 2.517077499999999901e+01 -9.162035199999999865e-03 -1.032811800000000071e-02 9.999046900000000404e-01 -2.364992399999999995e-01 0.000000000000000000e+00 0.000000000000000000e+00 0.000000000000000000e+00 1.000000000000000000e+00
-7.663368299999999411e-02 -9.970082799999999690e-01 -1.008809899999999968e-02 3.690394500000000022e+00 9.969315199999999599e-01 -7.678192899999999876e-02 1.523428400000000071e-02 2.600450899999999876e+01 -1.596329100000000098e-02 -8.889684199999999328e-03 9.998330600000000512e-01 -2.395910300000000104e-01 0.000000000000000000e+00 0.000000000000000000e+00 0.000000000000000000e+00 1.000000000000000000e+00
-7.661959699999999762e-02 -9.969987900000000236e-01 -1.108369799999999947e-02 3.611213199999999901e+00 9.967938100000000023e-01 -7.685142400000000151e-02 2.227020999999999862e-02 2.684129899999999935e+01 -2.305516999999999983e-02 -9.341826600000000327e-03 9.996905499999999556e-01 -2.480282900000000124e-01 0.000000000000000000e+00 0.000000000000000000e+00 0.000000000000000000e+00 1.000000000000000000e+00
-7.648005600000000459e-02 -9.969956599999999503e-01 -1.226580099999999979e-02 3.516911499999999968e+00 9.966673299999999625e-01 -7.679336700000000127e-02 2.751393900000000114e-02 2.768121500000000168e+01 -2.837320999999999940e-02 -1.012065600000000044e-02 9.995461599999999613e-01 -2.676093999999999973e-01 0.000000000000000000e+00 0.000000000000000000e+00 0.000000000000000000e+00 1.000000000000000000e+00
-7.675500500000000115e-02 -9.969612500000000210e-01 -1.330190699999999997e-02 3.422753199999999829e+00 9.966206699999999863e-01 -7.710659400000000052e-02 2.831629999999999911e-02 2.850293100000000024e+01 -2.925591799999999881e-02 -1.108353699999999921e-02 9.995104999999999684e-01 -2.832263500000000156e-01 0.000000000000000000e+00 0.000000000000000000e+00 0.000000000000000000e+00 1.000000000000000000e+00
-7.670072599999999685e-02 -9.969412800000000408e-01 -1.500256399999999948e-02 3.348889199999999899e+00 9.967187899999999656e-01 -7.705648499999999401e-02 2.477818999999999855e-02 2.933434000000000097e+01 -2.585844500000000074e-02 -1.305283200000000032e-02 9.995803899999999853e-01 -2.972451999999999872e-01 0.000000000000000000e+00 0.000000000000000000e+00 0.000000000000000000e+00 1.000000000000000000e+00
-7.728536199999999634e-02 -9.968818999999999875e-01 -1.592004099999999936e-02 3.276502400000000037e+00 9.967312299999999681e-01 -7.763088699999999565e-02 2.236754999999999993e-02 3.015940000000000154e+01 -2.353369300000000136e-02 -1.413931799999999968e-02 9.996230499999999575e-01 -3.058077699999999788e-01 0.000000000000000000e+00 0.000000000000000000e+00 0.000000000000000000e+00 1.000000000000000000e+00
-7.731872900000000270e-02 -9.968469699999999989e-01 -1.783066599999999849e-02 3.200786700000000096e+00 9.967070500000000388e-01 -7.772139200000000026e-02 2.311816400000000007e-02 3.099463099999999827e+01 -2.443109599999999937e-02 -1.598448300000000072e-02 9.995737199999999989e-01 -3.198000400000000076e-01 0.000000000000000000e+00 0.000000000000000000e+00 0.000000000000000000e+00 1.000000000000000000e+00
-7.727974399999999744e-02 -9.968710699999999703e-01 -1.661065999999999931e-02 3.131310099999999874e+00 9.966533800000000332e-01 -7.768664899999999651e-02 2.543270599999999937e-02 3.184243899999999883e+01 -2.664355499999999932e-02 -1.458963700000000079e-02 9.995385300000000361e-01 -3.329114799999999819e-01 0.000000000000000000e+00 0.000000000000000000e+00 0.000000000000000000e+00 1.000000000000000000e+00
-7.733601700000000689e-02 -9.968556100000000031e-01 -1.726362000000000035e-02 3.057030800000000159e+00 9.966854899999999517e-01 -7.773803399999999753e-02 2.397581299999999860e-02 3.266950299999999885e+01 -2.524246299999999971e-02 -1.535220500000000071e-02 9.995634700000000095e-01 -3.391744600000000109e-01 0.000000000000000000e+00 0.000000000000000000e+00 0.000000000000000000e+00 1.000000000000000000e+00
-7.682482399999999989e-02 -9.968747000000000025e-01 -1.840585999999999958e-02 2.984570999999999863e+00 9.968293999999999766e-01 -7.717868299999999793e-02 1.935433799999999871e-02 3.350404100000000085e+01 -2.071438999999999919e-02 -1.686060899999999863e-02 9.996432499999999832e-01 -3.428353299999999937e-01 0.000000000000000000e+00 0.000000000000000000e+00 0.000000000000000000e+00 1.000000000000000000e+00
-7.670766299999999538e-02 -9.968323100000000547e-01 -2.100659900000000080e-02 2.911834499999999881e+00 9.969124900000000400e-01 -7.703426300000000559e-02 1.520543199999999963e-02 3.432505599999999646e+01 -1.677549399999999843e-02 -1.977536699999999856e-02 9.996637000000000439e-01 -3.476746700000000190e-01 0.000000000000000000e+00 0.000000000000000000e+00 0.000000000000000000e+00 1.000000000000000000e+00
-7.645637499999999309e-02 -9.968626299999999718e-01 -2.047723599999999936e-02 2.840657600000000116e+00 9.969247199999999864e-01 -7.678297300000000436e-02 1.566746000000000111e-02 3.515275499999999909e+01 -1.719060899999999906e-02 -1.921638499999999902e-02 9.996675499999999603e-01 -3.565467600000000181e-01 0.000000000000000000e+00 0.000000000000000000e+00 0.000000000000000000e+00 1.000000000000000000e+00
-7.538563199999999409e-02 -9.969955900000000426e-01 -1.779902499999999957e-02 2.770487199999999817e+00 9.969657800000000236e-01 -7.570657799999999660e-02 1.810373499999999927e-02 3.600210200000000071e+01 -1.939684699999999831e-02 -1.638025699999999876e-02 9.996776699999999627e-01 -3.567092499999999777e-01 0.000000000000000000e+00 0.000000000000000000e+00 0.000000000000000000e+00 1.000000000000000000e+00
-7.533457300000000190e-02 -9.969723099999999727e-01 -1.925915599999999950e-02 2.703580999999999790e+00 9.968618399999999991e-01 -7.576906899999999445e-02 2.292432000000000150e-02 3.682451199999999858e+01 -2.431416000000000133e-02 -1.747172400000000098e-02 9.995516800000000535e-01 -3.672049499999999744e-01 0.000000000000000000e+00 0.000000000000000000e+00 0.000000000000000000e+00 1.000000000000000000e+00
-7.419633000000000478e-02 -9.970951999999999593e-01 -1.720670499999999922e-02 2.636407900000000026e+00 9.968080900000000355e-01 -7.466278599999999488e-02 2.826822199999999910e-02 3.767413100000000270e+01 -2.947080900000000059e-02 -1.505438400000000052e-02 9.994522700000000315e-01 -3.795353699999999830e-01 0.000000000000000000e+00 0.000000000000000000e+00 0.000000000000000000e+00 1.000000000000000000e+00
-7.463064899999999335e-02 -9.970364400000000238e-01 -1.867116400000000051e-02 2.563092099999999984e+00 9.966680900000000065e-01 -7.519481100000000029e-02 3.159844600000000225e-02 3.849265299999999712e+01 -3.290877600000000069e-02 -1.625073999999999963e-02 9.993262400000000323e-01 -3.921669400000000194e-01 0.000000000000000000e+00 0.000000000000000000e+00 0.000000000000000000e+00 1.000000000000000000e+00
-7.427475999999999523e-02 -9.970854799999999685e-01 -1.742986599999999872e-02 2.493850300000000075e+00 9.967016300000000051e-01 -7.479655600000000015e-02 3.148534599999999739e-02 3.932855200000000195e+01 -3.269727599999999734e-02 -1.503380900000000041e-02 9.993522299999999525e-01 -4.096616499999999883e-01 0.000000000000000000e+00 0.000000000000000000e+00 0.000000000000000000e+00 1.000000000000000000e+00
-7.369129300000000493e-02 -9.971312500000000245e-01 -1.728792999999999996e-02 2.421905699999999939e+00 9.968685200000000357e-01 -7.414832300000000209e-02 2.748044399999999970e-02 4.014720799999999912e+01 -2.868348000000000078e-02 -1.520872300000000038e-02 9.994728400000000290e-01 -4.210401500000000019e-01 0.000000000000000000e+00 0.000000000000000000e+00 0.000000000000000000e+00 1.000000000000000000e+00
-7.356665399999999522e-02 -9.971057599999999521e-01 -1.918470900000000118e-02 2.340553900000000187e+00 9.969843200000000349e-01 -7.400696199999999558e-02 2.335021899999999845e-02 4.096041199999999805e+01 -2.470243999999999912e-02 -1.740905699999999862e-02 9.995432499999999942e-01 -4.365691300000000274e-01 0.000000000000000000e+00 0.000000000000000000e+00 0.000000000000000000e+00 1.000000000000000000e+00
-7.251782399999999462e-02 -9.971281899999999698e-01 -2.182974000000000026e-02 2.280605099999999830e+00 9.971244799999999797e-01 -7.296557400000000526e-02 2.046444799999999967e-02 4.180899399999999844e+01 -2.199849799999999828e-02 -2.028293100000000057e-02 9.995522300000000415e-01 -4.453948799999999930e-01 0.000000000000000000e+00 0.000000000000000000e+00 0.000000000000000000e+00 1.000000000000000000e+00
-7.346777599999999853e-02 -9.969611900000000526e-01 -2.590121100000000037e-02 2.210567399999999960e+00 9.970911300000000477e-01 -7.395623199999999675e-02 1.843254500000000157e-02 4.263281700000000285e+01 -2.029208799999999979e-02 -2.447167000000000092e-02 9.994945600000000319e-01 -4.594233500000000081e-01 0.000000000000000000e+00 0.000000000000000000e+00 0.000000000000000000e+00 1.000000000000000000e+00
-7.389113699999999563e-02 -9.970247199999999754e-01 -2.195016699999999960e-02 2.148824199999999962e+00 9.971033400000000047e-01 -7.425907199999999542e-02 1.644777799999999970e-02 4.346964499999999987e+01 -1.802884100000000031e-02 -2.067124000000000045e-02 9.996237599999999723e-01 -4.617265099999999789e-01 0.000000000000000000e+00 0.000000000000000000e+00 0.000000000000000000e+00 1.000000000000000000e+00
-7.521210600000000079e-02 -9.969737300000000024e-01 -1.966031099999999976e-02 2.095472399999999791e+00 9.970630700000000513e-01 -7.547502500000000114e-02 1.299086200000000059e-02 4.429925099999999816e+01 -1.443540999999999921e-02 -1.862549999999999970e-02 9.997223200000000531e-01 -4.622874799999999729e-01 0.000000000000000000e+00 0.000000000000000000e+00 0.000000000000000000e+00 1.000000000000000000e+00
-7.601684100000000166e-02 -9.969751700000000216e-01 -1.618495099999999950e-02 2.036916800000000194e+00 9.970206299999999633e-01 -7.621334100000000389e-02 1.189066299999999923e-02 4.512763600000000253e+01 -1.308820500000000032e-02 -1.523283899999999975e-02 9.997983099999999679e-01 -4.614880900000000175e-01 0.000000000000000000e+00 0.000000000000000000e+00 0.000000000000000000e+00 1.000000000000000000e+00
-7.735048299999999766e-02 -9.968876500000000140e-01 -1.522877199999999979e-02 1.975859999999999950e+00 9.968787199999999959e-01 -7.757384600000000185e-02 1.466690399999999971e-02 4.595043600000000339e+01 -1.580261000000000166e-02 -1.404674600000000058e-02 9.997764599999999779e-01 -4.662703400000000054e-01 0.000000000000000000e+00 0.000000000000000000e+00 0.000000000000000000e+00 1.000000000000000000e+00
-7.942111899999999836e-02 -9.967736099999999766e-01 -1.160406999999999932e-02 1.914811500000000111e+00 9.966088699999999800e-01 -7.964852099999999990e-02 2.066113099999999925e-02 4.678112399999999838e+01 -2.151871699999999971e-02 -9.923789299999999369e-03 9.997191899999999798e-01 -4.682071899999999953e-01 0.000000000000000000e+00 0.000000000000000000e+00 0.000000000000000000e+00 1.000000000000000000e+00
-8.125533399999999851e-02 -9.966405299999999690e-01 -1.025803800000000057e-02 1.849430099999999966e+00 9.963792599999999888e-01 -8.148377599999999388e-02 2.426428500000000002e-02 4.760934400000000011e+01 -2.501863299999999846e-02 -8.249293700000000229e-03 9.996529499999999846e-01 -4.726792000000000216e-01 0.000000000000000000e+00 0.000000000000000000e+00 0.000000000000000000e+00 1.000000000000000000e+00
-8.248365000000000558e-02 -9.965314899999999643e-01 -1.101945099999999955e-02 1.785245699999999935e+00 9.962852199999999714e-01 -8.272770499999999860e-02 2.391432799999999859e-02 4.841362600000000072e+01 -2.474299500000000027e-02 -9.005975100000000733e-03 9.996532799999999774e-01 -4.759293700000000182e-01 0.000000000000000000e+00 0.000000000000000000e+00 0.000000000000000000e+00 1.000000000000000000e+00
-8.383354599999999490e-02 -9.963844400000000379e-01 -1.378358399999999977e-02 1.709358399999999945e+00 9.962528699999999571e-01 -8.410160599999999542e-02 2.017764000000000016e-02 4.922861499999999779e+01 -2.126390800000000150e-02 -1.204037200000000057e-02 9.997013900000000231e-01 -4.810598300000000216e-01 0.000000000000000000e+00 0.000000000000000000e+00 0.000000000000000000e+00 1.000000000000000000e+00
