-1.857739385241000086e-03 -9.999659513509999709e-01 -8.039975204515999174e-03 -4.784029760482999896e-03 -6.481465826010999673e-03 8.051860151134000373e-03 -9.999466081773999981e-01 -7.337429464231000342e-02 9.999773098287000339e-01 -1.805528627661000035e-03 -6.496203536139000256e-03 -3.339968064432999872e-01
-8.134882709757314950e-03 -9.999327947887536316e-01 -8.259583168434571007e-03 -1.017196952865016130e-02 -6.225363759377315620e-03 8.310338349159491697e-03 -9.999461254893157180e-01 -7.405854403478032144e-02 9.999475777767962148e-01 -8.083024858382003783e-03 -6.292549164408151735e-03 -2.458701500394104844e-01
-1.502623913604528641e-02 -9.998479011280365647e-01 -8.853689900326344384e-03 -1.191083486752659779e-02 -6.137352017431436067e-03 8.946750422156334037e-03 -9.999411695534854427e-01 -7.657969060962253882e-02 9.998683040777421871e-01 -1.497101591126546484e-02 -6.270854643697532094e-03 -1.463242583680460229e-01
-2.271344705006987305e-02 -9.996975098367386625e-01 -9.433621348488577946e-03 -2.707302802483584764e-02 -6.458993605915285506e-03 9.582595617845388741e-03 -9.999332530760398630e-01 -7.850291555809242594e-02 9.997211951960450760e-01 -2.265099919527165800e-02 -6.674693670163995250e-03 -4.697874888569586460e-02
-3.192105565129008810e-02 -9.994424853882661886e-01 -9.785733955205782111e-03 -3.834845828721840377e-02 -8.017122861252855281e-03 1.004644111019890873e-02 -9.999174263089971593e-01 -7.813775996261348999e-02 9.994582749179882208e-01 -3.183996526931483217e-02 -8.333346391784169499e-03 6.032362443097682991e-02
-4.308728462003020426e-02 -9.990228551629752873e-01 -9.840005446651624299e-03 -4.980917212066254124e-02 -9.769346787595672640e-03 1.026998631671025182e-02 -9.998995678673905374e-01 -7.939055107288511826e-02 9.990235841059411648e-01 -4.298682662997019288e-02 -1.020230672313417013e-02 1.671717165290467211e-01
-5.684498071727426410e-02 -9.983359948310940313e-01 -9.689142483768078962e-03 -6.661395518305265884e-02 -1.048130039428168958e-02 1.030104582789143942e-02 -9.998920373636072112e-01 -8.184520880415387112e-02 9.983280355615323787e-01 -5.673728842274919359e-02 -1.104942244009942016e-02 3.037966889337361254e-01
-7.272802268709945006e-02 -9.973054480778403841e-01 -9.616113507024875995e-03 -8.718035751693882507e-02 -1.077400686442886793e-02 1.042669950657671221e-02 -9.998876258682340978e-01 -8.155272598761825753e-02 9.972936583004150535e-01 -7.261624609500166860e-02 -1.150328921336536171e-02 4.407355858780562796e-01
-9.132352913103362890e-02 -9.957869907552108213e-01 -8.262562790350145778e-03 -1.128526159857341227e-01 -1.063693175962985606e-02 9.272205540231026957e-03 -9.999004674244234003e-01 -8.224031672751656863e-02 9.957645063372506655e-01 -9.122655178508995433e-02 -1.143888903557406349e-02 5.840991314585670668e-01
-1.111218053678860312e-01 -9.937803398021402002e-01 -7.251354308658535149e-03 -1.396440586952734930e-01 -1.072042120987160528e-02 8.494782566976916138e-03 -9.999064861701608686e-01 -8.725831556428362279e-02 9.937490092861029911e-01 -1.110336738190140782e-01 -1.159769970108385367e-02 7.481875124205391581e-01
-1.336260721294979803e-01 -9.910058102758381171e-01 -7.180623293034719447e-03 -1.750941623732019947e-01 -1.108411607926755062e-02 8.739640349321906379e-03 -9.999004019362109918e-01 -9.270781032147318301e-02 9.909698716812816999e-01 -1.335331747658010937e-01 -1.215226739461783279e-02 9.192056289242708234e-01
-1.576711994636444403e-01 -9.874402834232590687e-01 -1.007381006603198272e-02 -2.265078888033761617e-01 -1.246151491395674354e-02 1.219020637572503299e-02 -9.998480698055194349e-01 -9.945005174330258380e-02 9.874130735649319091e-01 -1.575217024654645692e-01 -1.422704643518750076e-02 1.086507525674772268e+00
-1.830050267519587326e-01 -9.830084755112328265e-01 -1.426499287506514599e-02 -2.820072495848791050e-01 -1.401280928687777955e-02 1.711675625126998432e-02 -9.997553272626201748e-01 -1.027903318544073213e-01 9.830121450613353851e-01 -1.827603627696460509e-01 -1.690716327854000986e-02 1.271802691802999874e+00
-2.097764956459603758e-01 -9.775998160792661595e-01 -1.710031640629219168e-02 -3.474842273700385342e-01 -1.493501318072841706e-02 2.069125039012119707e-02 -9.996743847635786162e-01 -1.082156117850368998e-01 9.776353310018103260e-01 -2.094527947453808381e-01 -1.894100425501732410e-02 1.450595160199862566e+00
-2.392599094302029494e-01 -9.707894474472704704e-01 -1.795942674517812115e-02 -4.194310997227952420e-01 -1.480015734105143144e-02 2.214088878527012416e-02 -9.996453310442768858e-01 -1.164334324243972429e-01 9.708427879162382368e-01 -2.389092478303359857e-01 -1.966526443887745695e-02 1.643898139885394016e+00
-2.698128712512221083e-01 -9.627079551534533097e-01 -1.985944070761877858e-02 -4.931490721100786900e-01 -1.424247650949527627e-02 2.461204698093730908e-02 -9.995956511982253545e-01 -1.222693122408446131e-01 9.628074801166498498e-01 -2.694209325830447255e-01 -2.035199280743670361e-02 1.829518492856641032e+00
-3.014764071118913313e-01 -9.532327570058919397e-01 -2.143089557230184669e-02 -5.854577405891624453e-01 -1.314134651062017455e-02 2.662859717949778507e-02 -9.995590482465672721e-01 -1.261077493996094478e-01 9.533831098775503721e-01 -3.010618404340774656e-01 -2.055465553388237041e-02 2.035358015938869780e+00
-3.349355225244255996e-01 -9.419478980167054205e-01 -2.350202841057978317e-02 -6.797303400457256339e-01 -1.197901073849535168e-02 2.919749322196867058e-02 -9.995019117925254548e-01 -1.307180407860738525e-01 9.421649397775738732e-01 -3.344871670306302502e-01 -2.106288240219232610e-02 2.230768050314900997e+00
-3.684216421457496282e-01 -9.293057056393716486e-01 -2.562037705876530486e-02 -7.816684237266960933e-01 -1.142964491411898806e-02 3.208464208279357410e-02 -9.994198348870744208e-01 -1.327447256175884327e-01 9.295885756399191457e-01 -3.679150693705166009e-01 -2.244231117254397515e-02 2.412157870528168768e+00
-4.013389535010210007e-01 -9.155016800068811467e-01 -2.799505030856416776e-02 -9.064000778435653549e-01 -1.092665062041516151e-02 3.534802174319016943e-02 -9.993153542639493514e-01 -1.328736536947969227e-01 9.158644715087572719e-01 -4.007582914872310220e-01 -2.418990530155461921e-02 2.614951333871247563e+00
-4.360833136440139812e-01 -8.994509246694221138e-01 -2.862478212393938098e-02 -1.019138370773248425e+00 -1.013593063138948543e-02 3.671586733766583205e-02 -9.992743753174994081e-01 -1.305765840299560332e-01 8.998492459116843589e-01 -4.354767483068967548e-01 -2.512794993519659736e-02 2.810910746147517347e+00
-4.722913337163529013e-01 -8.811187601261035729e-01 -2.388765084122397922e-02 -1.139640424658800999e+00 -1.086521923239811178e-02 3.291819930977769870e-02 -9.993990166004301789e-01 -1.308932127302636084e-01 8.813755733526617009e-01 -4.717479523203919611e-01 -2.512052927265771146e-02 3.001825379915108893e+00
-5.098616327173320917e-01 -8.600336727320123664e-01 -1.957505220351571026e-02 -1.285575483937861474e+00 -1.102775692446944338e-02 2.928733542960027317e-02 -9.995102277417108327e-01 -1.400969614431379351e-01 8.601857715631145984e-01 -5.093960623408970712e-01 -2.441673137664784887e-02 3.201480763279657804e+00
-5.493258677743334539e-01 -8.353454416355955425e-01 -2.095402943155668177e-02 -1.434087007240419265e+00 -7.653409239650098284e-03 3.010506983164249958e-02 -9.995174645259816693e-01 -1.479091064249052345e-01 8.355731975962161773e-01 -5.489004374948112108e-01 -2.293073422332275041e-02 3.381242426880418428e+00
-5.904715326445281187e-01 -8.066431349788976135e-01 -2.588851511404338668e-02 -1.625520282067209443e+00 -3.657209331153662892e-03 3.475165322279945290e-02 -9.993893218454121818e-01 -1.475839477088718432e-01 8.070502114421979067e-01 -5.900162756874373082e-01 -2.346992493346628655e-02 3.574357898817551948e+00
-6.321201739295261302e-01 -7.743449114882610118e-01 -2.853141435476260618e-02 -1.816073151298480903e+00 -1.566737500472309983e-03 3.809805023528865103e-02 -9.992728058959287063e-01 -1.543123708659182025e-01 7.748688156732728149e-01 -6.316158117338870337e-01 -2.529574213091951781e-02 3.750542003227528287e+00
-6.736345608179619138e-01 -7.385572136872494697e-01 -2.738097860650775747e-02 -2.002446732471412805e+00 -1.103557482005953182e-03 3.805327965503940008e-02 -9.992751334030843813e-01 -1.490066738038052230e-01 7.390637995649624870e-01 -6.731160527238454483e-01 -2.644904526944872117e-02 3.911855831787209414e+00
-7.144825333871148709e-01 -6.992568251746167363e-01 -2.354986177843339940e-02 -2.234457734338850976e+00 6.538924080522827116e-04 3.299194259677161456e-02 -9.994554342195836050e-01 -1.575613370318392215e-01 6.996529981386774288e-01 -7.141088612004276026e-01 -2.311492874831924671e-02 4.099347738600264357e+00
-7.534685193381064350e-01 -6.571863199855889626e-01 -1.978223351241764627e-02 -2.460619435197842098e+00 1.673549607480710787e-03 2.817068223330897875e-02 -9.996017610860227220e-01 -1.608178291305517593e-01 6.574818809640025075e-01 -7.532015642082794393e-01 -2.012588882907589971e-02 4.269259351479319342e+00
-7.900293910672878672e-01 -6.127849631669648467e-01 -1.865883342812647144e-02 -2.694381308221744487e+00 3.754243068828209615e-03 2.559890629725543321e-02 -9.996652747648823167e-01 -1.593899836385165858e-01 6.130574947785543127e-01 -7.898350111477733249e-01 -1.792334435306935231e-02 4.412104690273067398e+00
-8.246437437210332178e-01 -5.653431201834376862e-01 -1.870431853113417586e-02 -2.983608993798739117e+00 6.555589426928224231e-03 2.351265877570712926e-02 -9.997020721025321466e-01 -1.566780471750050530e-01 5.656144868668105952e-01 -8.245206883704840894e-01 -1.568340974776712832e-02 4.575311674529739747e+00
-8.571791444533362059e-01 -5.146606676498719501e-01 -1.919120229952001738e-02 -3.269937750170057278e+00 9.110115521114509410e-03 2.210527313032567207e-02 -9.997141678224049643e-01 -1.601091424700363530e-01 5.149377977133681172e-01 -8.571089876085886683e-01 -1.425956162618332093e-02 4.708503444916234848e+00
-8.865511443949006809e-01 -4.622011919014104575e-01 -1.992811443147874187e-02 -3.557522019291133653e+00 1.141437806736805664e-02 2.120916877379023374e-02 -9.997099299303908726e-01 -1.520175502548110347e-01 4.624897829224543511e-01 -8.865214594334384079e-01 -1.352727397368473812e-02 4.816300488528012735e+00
-9.127817177894039791e-01 -4.078733381736663888e-01 -2.165346877943432127e-02 -3.906421293060070798e+00 1.465219455578614660e-02 2.028187053408288254e-02 -9.996869619856010303e-01 -1.507314741554372506e-01 4.081848325944666955e-01 -9.128132614218588126e-01 -1.253668180843924007e-02 4.943548958096889656e+00
-9.353189174481335577e-01 -3.530455810179727316e-01 -2.318063884236671104e-02 -4.225224492572363211e+00 1.725587254786157751e-02 1.992049491684653312e-02 -9.996526707986870264e-01 -1.465754249416394983e-01 3.533847421679232048e-01 -9.353940622094497614e-01 -1.253990610752197914e-02 5.026964841827942010e+00
-9.542898690722562138e-01 -2.977931507443257186e-01 -2.549691477245296170e-02 -4.612809908916424284e+00 2.115139219448007243e-02 1.780635040322671794e-02 -9.996177295884158820e-01 -1.426652268012007785e-01 2.981333196479428738e-01 -9.544643746394048112e-01 -1.069368043223819023e-02 5.120624585965374287e+00
-9.693103296441319960e-01 -2.443614455442728317e-01 -2.692528597086095779e-02 -4.981698601357236633e+00 2.438850491571060639e-02 1.340157853915549015e-02 -9.996127508603344092e-01 -1.403194101373231861e-01 2.446276684188416484e-01 -9.695916463360538806e-01 -7.030678193132673323e-03 5.193357747726446760e+00
-9.807788749985734134e-01 -1.931747915079017053e-01 -2.750076975937460269e-02 -5.360813231986611527e+00 2.586073403136200655e-02 1.100684291492377669e-02 -9.996049906617949787e-01 -1.457056234364951797e-01 1.934011885864925506e-01 -9.811026584248028204e-01 -5.799637342180173800e-03 5.254533534309526743e+00
-9.889620571948490868e-01 -1.455622890690499438e-01 -2.767051137297722382e-02 -5.793370149429523330e+00 2.608310956682674542e-02 1.280292667098426214e-02 -9.995778219755936389e-01 -1.366213439265638319e-01 1.458550950231548016e-01 -9.892662814786147285e-01 -8.864891903546794419e-03 5.283852603684947802e+00
-9.942962584896717360e-01 -1.030729888257876647e-01 -2.740276498009028283e-02 -6.208213251808417432e+00 2.600471467900180786e-02 1.488334659385385714e-02 -9.995510498982453917e-01 -1.177598610035497373e-01 1.034345514021214746e-01 -9.945624838941019563e-01 -1.211807235640256948e-02 5.309135559399227766e+00
-9.975820795365857308e-01 -6.461638747951668760e-02 -2.558733974454428448e-02 -6.666111862426868484e+00 2.458446664599081566e-02 1.626825553218986739e-02 -9.995654113395163742e-01 -1.061916353943997693e-01 6.500456883013727705e-02 -9.977776085524366900e-01 -1.464036098888922728e-02 5.307843553100576095e+00
-9.992838480563457360e-01 -3.021047384287455298e-02 -2.278393659004752589e-02 -7.126099916590383998e+00 2.232667927379371892e-02 1.538766563652456745e-02 -9.996323328354045357e-01 -9.940829334466688705e-02 3.054995905434453041e-02 -9.994251463868769614e-01 -1.470214645485747214e-02 5.305967338801298006e+00
-9.997941490745627657e-01 1.351169030903733286e-03 -2.024437104951139904e-02 -7.593962498857734111e+00 2.026243136967030914e-02 1.505398073924269116e-02 -9.996813901888690346e-01 -9.736758395044878278e-02 -1.045979422246855585e-03 -9.998858063607652946e-01 -1.507826013387603310e-02 5.296432982094040121e+00
-9.994379439051319647e-01 2.835954781899408320e-02 -1.787516987001289831e-02 -8.086618920125074439e+00 1.831460334621539884e-02 1.531173472762730609e-02 -9.997150554237762554e-01 -8.932850064859951256e-02 -2.807776635538232132e-02 -9.994805520007878918e-01 -1.582252282496029311e-02 5.259922028885647194e+00
-9.986725843460463325e-01 4.913435635642464383e-02 -1.545592319190747417e-02 -8.587316705774577841e+00 1.624904828534945792e-02 1.578370637737798454e-02 -9.997434194035043076e-01 -7.812342189043511298e-02 -4.887779697740853024e-02 -9.986675002547041879e-01 -1.656114165617045969e-02 5.230657022211374851e+00
-9.977305166791110569e-01 6.581614802647121898e-02 -1.421415934657129128e-02 -9.120997453851778403e+00 1.527967501314368010e-02 1.571428655629374116e-02 -9.997597941439630986e-01 -6.442716182900119770e-02 -6.557697407724123739e-02 -9.977080579408208472e-01 -1.668427271964136385e-02 5.181507635533659339e+00
-9.967466735892751561e-01 7.921616563937247668e-02 -1.486165403783888152e-02 -9.658622317047504069e+00 1.605264443308179398e-02 1.441910808661600769e-02 -9.997672076450305756e-01 -5.966406994811417758e-02 -7.898343265693055781e-02 -9.967532171225178539e-01 -1.564382715396769527e-02 5.132553326141717775e+00
-9.959758467133527082e-01 8.821232102842498091e-02 -1.583359375819501716e-02 -1.022095655977765816e+01 1.728078279504276574e-02 1.566625208977950878e-02 -9.997279623717796326e-01 -5.686441692798463454e-02 -8.794027148126495885e-02 -9.959785336561146618e-01 -1.712758698364048524e-02 5.078630374079229348e+00
-9.952768814914896289e-01 9.555656587982228056e-02 -1.711350224931778782e-02 -1.079215608901431445e+01 1.876109799168420439e-02 1.637031676700453214e-02 -9.996899955319012987e-01 -5.207601984393208511e-02 -9.524679075099441727e-02 -9.952894209061542430e-01 -1.808574345643391978e-02 5.014736815567590433e+00
-9.948518532457858443e-01 9.975736473698133822e-02 -1.783950504479377142e-02 -1.138575321804968787e+01 1.949769177066925166e-02 1.567195503624016148e-02 -9.996870975455819375e-01 -4.105427250861444499e-02 -9.944657058536469918e-02 -9.948884041958127034e-01 -1.753631288561917703e-02 4.954181525429858901e+00
-9.946215904132145180e-01 1.018905312377870465e-01 -1.860689008724157947e-02 -1.198145513686460717e+01 2.031129248915516244e-02 1.571585580205255364e-02 -9.996702079697444843e-01 -3.381801628228853912e-02 -1.015645057195897899e-01 -9.946715118498776764e-01 -1.770085776408793221e-02 4.889881004330438152e+00
-9.947142941587301390e-01 1.005571495517426639e-01 -2.077803099261330000e-02 -1.260548328030920651e+01 2.220785291849829493e-02 1.312040877116557938e-02 -9.996673108878887382e-01 -2.734336385994124569e-02 -1.002510795399893517e-01 -9.948448051709622986e-01 -1.528421676988499060e-02 4.826759051037841530e+00
-9.947923690952128473e-01 9.919186437370444698e-02 -2.343321285816260188e-02 -1.324640152172296581e+01 2.479336143357866243e-02 1.250172763558086812e-02 -9.996144529015953406e-01 -1.625761927394588080e-02 -9.886066603756546445e-02 -9.949898247766324477e-01 -1.489592326476207179e-02 4.756797451247531505e+00
-9.949413355145603211e-01 9.767148383739071571e-02 -2.349492813314204773e-02 -1.389087900067696779e+01 2.499839769070402035e-02 1.419782752002945667e-02 -9.995866954410207450e-01 -3.204353192988285137e-03 -9.729753924894876671e-02 -9.951174689399715501e-01 -1.656763637306231038e-02 4.687920616447977196e+00
-9.952019102282876339e-01 9.556135401647759819e-02 -2.100448882199887693e-02 -1.456116805253035018e+01 2.276911886916050884e-02 1.741302705092889758e-02 -9.995891248084495251e-01 4.489366225286658962e-03 -9.515633856527647150e-02 -9.952712633068544479e-01 -1.950532642758537327e-02 4.617127349136837644e+00
-9.953167479660909311e-01 9.441497437343447652e-02 -2.074544042108669023e-02 -1.524474095353167336e+01 2.253657587180113442e-02 1.794419472663041568e-02 -9.995850021264756080e-01 1.508191829158302133e-02 -9.400353287272550373e-02 -9.953712325120217530e-01 -1.998794745207804063e-02 4.551173602790308692e+00
-9.954263446112572300e-01 9.263588812031264830e-02 -2.334461739499214469e-02 -1.593854851116524785e+01 2.515778915550557354e-02 1.845368410578797358e-02 -9.995131866471098636e-01 3.069231020184035041e-02 -9.215999719215491048e-02 -9.955290689455164044e-01 -2.069979778347334071e-02 4.482290599380768015e+00
-9.954968778256814144e-01 9.085877656366433963e-02 -2.703052421195116864e-02 -1.666509618386150038e+01 2.877546016006099494e-02 1.794990282570407825e-02 -9.994247519432520876e-01 4.590044813087240660e-02 -9.032131454611230792e-02 -9.957020495342041588e-01 -2.048357612487037779e-02 4.413829375804028565e+00
-9.956153041093648293e-01 8.894531116765444501e-02 -2.896353588824470901e-02 -1.738079171127090206e+01 3.063280243042953294e-02 1.745971867651689019e-02 -9.993782291641218896e-01 6.086139824107293650e-02 -8.838431314401674899e-02 -9.958835154965707259e-01 -2.010780706291565023e-02 4.346051526098457352e+00
-9.957757004737035622e-01 8.725312601793222544e-02 -2.859448909554928100e-02 -1.813855556270269886e+01 3.039217046902945377e-02 1.934438570211586758e-02 -9.993508783061693102e-01 7.743917043327659677e-02 -8.664334512282002854e-02 -9.959983763454683947e-01 -2.191448133645918644e-02 4.272131563957500155e+00
-9.959643269674055555e-01 8.591788850546305811e-02 -2.594555004681903254e-02 -1.888557048056794230e+01 2.791288063896146809e-02 2.177599693456153465e-02 -9.993731681156768909e-01 8.822488870544815953e-02 -8.529904336202101534e-02 -9.960642579636468374e-01 -2.408633222579319166e-02 4.201421502620379833e+00
-9.961468735404713781e-01 8.398327337820465921e-02 -2.526276160603330503e-02 -1.964969737993630616e+01 2.739861573198665995e-02 2.437721555914460630e-02 -9.993273378799304441e-01 1.078370316864213224e-01 -8.331094540523777126e-02 -9.961689846488470668e-01 -2.658431261759824568e-02 4.132078390988265681e+00
-9.961929749541011958e-01 8.283760397502581974e-02 -2.715672697543655006e-02 -2.044133292772017541e+01 2.898557317475998138e-02 2.095513065255737162e-02 -9.993601807514661539e-01 1.265877465122038914e-01 -8.221553029607683860e-02 -9.963427570853532478e-01 -2.327644965701300764e-02 4.066488077615435515e+00
-9.962492617687040974e-01 8.139521337516571198e-02 -2.936362953085263142e-02 -2.122404540231732284e+01 3.105381452067684789e-02 1.957734803625013273e-02 -9.993259925945412459e-01 1.402860039154979477e-01 -8.076549060858266571e-02 -9.964896500654574218e-01 -2.203155156826864039e-02 4.000094075351079859e+00
-9.962875310870178414e-01 8.034519977600182439e-02 -3.091607555227522675e-02 -2.203239067837179377e+01 3.232227527588791421e-02 1.626042681070834911e-02 -9.993452542960841178e-01 1.593384547821795616e-01 -7.978988500290150332e-02 -9.966345025251769352e-01 -1.879700079750326255e-02 3.935383795401613316e+00
-9.965050460158222378e-01 7.920456965501729285e-02 -2.653917829373510923e-02 -2.283546232081217653e+01 2.792478558754344156e-02 1.643779407204820284e-02 -9.994748923392656748e-01 1.687906816717694714e-01 -7.872673405752791953e-02 -9.967228839305481980e-01 -1.859211624551523195e-02 3.871917617293885616e+00
-9.966442882424080274e-01 7.932883675397875423e-02 -2.017641464293296744e-02 -2.363388554868794600e+01 2.165691130236483547e-02 1.784684267183311510e-02 -9.996061857203091261e-01 1.829992815195122802e-01 -7.893751054368255970e-02 -9.966887695980617412e-01 -1.950497165383462475e-02 3.804043502619794292e+00
-9.967031269911006408e-01 7.965844625808823909e-02 -1.540776881471552472e-02 -2.445200793775937598e+01 1.675930069023761487e-02 1.632591092844471597e-02 -9.997262908447593910e-01 1.947831907813491470e-01 -7.938509773687491000e-02 -9.966885551314893510e-01 -1.760710699737223078e-02 3.741689802209773763e+00
-9.966968453978619635e-01 7.954466165413461021e-02 -1.637213994822330626e-02 -2.528353654120211402e+01 1.773834764276080098e-02 1.649916354177026825e-02 -9.997065516503854665e-01 2.047469881591092444e-01 -7.925119235912364557e-02 -9.966947937247659928e-01 -1.785565526764190669e-02 3.670531299071568387e+00
-9.965463242707840452e-01 7.974021947846841873e-02 -2.317126837251835131e-02 -2.612104564200233270e+01 2.442769754868084203e-02 1.481715090500885373e-02 -9.995918181130442060e-01 2.126917057308291281e-01 -7.936433951607135828e-02 -9.967055925822124740e-01 -1.671384762961406964e-02 3.599946812207238445e+00
-9.962990830944580267e-01 8.046028997805200478e-02 -3.023699872135428290e-02 -2.696096036105362970e+01 3.162485351708230891e-02 1.603058305637944381e-02 -9.993712821816075342e-01 2.275911552739792176e-01 -7.992498585495090568e-02 -9.966289383153246195e-01 -1.851580054589644503e-02 3.525227739039880959e+00
-9.961329820307612826e-01 8.036861323119182110e-02 -3.549588174693615872e-02 -2.781259743755925840e+01 3.689390935570477370e-02 1.597711291651212132e-02 -9.991914925002463033e-01 2.454069301924769464e-01 -7.973651278726540115e-02 -9.966371953796456795e-01 -1.888044217861329852e-02 3.449644771186952674e+00
-9.960341001564823049e-01 8.122081542837737700e-02 -3.632140400218376863e-02 -2.865444843603856739e+01 3.776198274331703936e-02 1.627089626309815087e-02 -9.991543204275999956e-01 2.605633716643320774e-01 -8.056114748058294805e-02 -9.965633563827034358e-01 -1.927342680231133865e-02 3.374528457557301575e+00
-9.961500272060438421e-01 8.122052238078716901e-02 -3.299002584161173784e-02 -2.948088376222814233e+01 3.453964039697652449e-02 1.774825091328555843e-02 -9.992457572660669030e-01 2.752551823085689353e-01 -8.057374663036968865e-02 -9.965381609301942056e-01 -2.048524921148519098e-02 3.303904673027854955e+00
-9.961766102310555260e-01 8.193871077608827491e-02 -3.030202740585583032e-02 -3.031296972353595720e+01 3.201803120022562316e-02 1.970999405724020367e-02 -9.992929640985646067e-01 2.904657457058751890e-01 -8.128352490000187447e-02 -9.964424895748482669e-01 -2.225815095306638361e-02 3.229193260294260792e+00
-9.961289742390697644e-01 8.222421743600265287e-02 -3.108433330390030988e-02 -3.115240987614553347e+01 3.296493420560768495e-02 2.161348814721103170e-02 -9.992228139418131150e-01 3.106231252079117433e-01 -8.148847275247664279e-02 -9.963795003125084371e-01 -2.424033773337602032e-02 3.152694007302559331e+00
-9.960901404402159320e-01 8.177577243537412222e-02 -3.342386823215295899e-02 -3.199534621864015449e+01 3.515584050792781856e-02 1.983175387354825514e-02 -9.991850789750201800e-01 3.272876601678720854e-01 -8.104627825664172114e-02 -9.964534633395313312e-01 -2.262911171075713407e-02 3.076719232495357392e+00
-9.961327538073899701e-01 8.184595686351807398e-02 -3.194964118886211429e-02 -3.282183914074690989e+01 3.379169030191153666e-02 2.122051353589063730e-02 -9.992036197271337850e-01 3.450517023372616787e-01 -8.110278840042066395e-02 -9.964190909746836189e-01 -2.390416218758100939e-02 3.002401869424134340e+00
-9.963248886947875249e-01 8.127351894710305169e-02 -2.704318704101604798e-02 -3.365347474198019029e+01 2.901062562052901875e-02 2.312485382163453201e-02 -9.993116011794705988e-01 3.567107431167189091e-01 -8.059220101603646602e-02 -9.964235716008820187e-01 -2.539766316469057109e-02 2.927723075013287435e+00
-9.964228610442935619e-01 8.122207943513386208e-02 -2.333335774243439076e-02 -3.447904998485608274e+01 2.544940943483956636e-02 2.511553398187569425e-02 -9.993605991262071164e-01 3.640818528128224041e-01 -8.058411573877703737e-02 -9.963795736354023047e-01 -2.709274644865938830e-02 2.856545826820339862e+00
-9.964515829092475130e-01 8.069025190695140737e-02 -2.394398514253970670e-02 -3.531440532093187556e+01 2.590592941908138186e-02 2.335585057418182106e-02 -9.993915359916181185e-01 3.792172927059454524e-01 -8.008192374258646384e-02 -9.964655889178812842e-01 -2.536332997055638569e-02 2.786076150120873951e+00
-9.964634235252107786e-01 7.982949668092162443e-02 -2.622755071032539451e-02 -3.615733762334791379e+01 2.817748867589829620e-02 2.339841415070745972e-02 -9.993290723714307600e-01 3.869644873922191142e-01 -7.916225376466330677e-02 -9.965339136575739332e-01 -2.556505897626538612e-02 2.715727913507324232e+00
-9.963325289930653472e-01 7.976950323396486686e-02 -3.095680043565735354e-02 -3.698641155521964663e+01 3.288902515059261011e-02 2.302336342467468239e-02 -9.991938289331037115e-01 4.029517145806831846e-01 -7.899246506949268720e-02 -9.965474562964360405e-01 -2.556246705143034453e-02 2.645074422659389413e+00
-9.962200171021494688e-01 7.896689611915050366e-02 -3.619256281918185880e-02 -3.782356128120495953e+01 3.794602045063472096e-02 2.081806183540550054e-02 -9.990629426175635652e-01 4.244006580178151244e-01 -7.813944088709573466e-02 -9.966598834769029303e-01 -2.373584980049838963e-02 2.577464998338494517e+00
-9.960803601899109738e-01 7.917175617598060100e-02 -3.944281467089560955e-02 -3.865695454131449083e+01 4.123418178023472574e-02 2.111984303671129298e-02 -9.989262978568566043e-01 4.436383366380867721e-01 -7.825372393918418601e-02 -9.966372764012354502e-01 -2.430164414425776270e-02 2.504791805005959215e+00
-9.960882939912162337e-01 7.892500229628832131e-02 -3.973612053162046964e-02 -3.948964801640847355e+01 4.144820331128163532e-02 2.017344988689174709e-02 -9.989370094499759878e-01 4.602823398710444436e-01 -7.803949162667390971e-02 -9.966764597122348412e-01 -2.336583714750242388e-02 2.436746006243651230e+00
-9.962910435986319646e-01 7.837670751073520792e-02 -3.551389576283893457e-02 -4.032017711724746789e+01 3.729515467940626439e-02 2.138089924012847101e-02 -9.990755642830925209e-01 4.791907913122633311e-01 -7.754493486234127764e-02 -9.966945526713059111e-01 -2.422466995227916600e-02 2.364785816131560470e+00
-9.964265936806766533e-01 7.837219636123250732e-02 -3.149361639136652458e-02 -4.114406933909086206e+01 3.342562575909798633e-02 2.346289480894124882e-02 -9.991657976452260614e-01 4.948281585226253498e-01 -7.756788641977618859e-02 -9.966480656108460678e-01 -2.599869156457938757e-02 2.293384266907102731e+00
-9.965460509427318536e-01 7.797865073582359308e-02 -2.855353010896415425e-02 -4.196695460329762284e+01 3.070569075805492168e-02 2.654099833648770543e-02 -9.991760545564203344e-01 5.109841838518378587e-01 -7.715656213876778691e-02 -9.966017150384998136e-01 -2.884371591642796717e-02 2.221015027976238176e+00
-9.965441347256603910e-01 7.870896767885793288e-02 -2.654588294575955729e-02 -4.279286052731216472e+01 2.898365892085417658e-02 2.999293610745339816e-02 -9.991298416672087512e-01 5.318032568256285675e-01 -7.784428952907056221e-02 -9.964463911480805347e-01 -3.217055946085173312e-02 2.144272101238434036e+00
-9.965436940998733117e-01 7.936655579420544282e-02 -2.452762991377073834e-02 -4.361324235504546465e+01 2.672840344291977158e-02 2.678659232066296983e-02 -9.992838127111692836e-01 5.410772475975561546e-01 -7.865270247938871417e-02 -9.964855822202824953e-01 -2.881535163103036631e-02 2.077018023845683903e+00
-9.965511251187235686e-01 8.021479876439073509e-02 -2.124691961088846087e-02 -4.443607481573598506e+01 2.332350456411884376e-02 2.504012990739654110e-02 -9.994143584547716674e-01 5.491840403904304502e-01 -7.963579640485032862e-02 -9.964630755299302978e-01 -2.682465972660883283e-02 2.011509368408907150e+00
-9.964869612698304957e-01 8.132446726209471843e-02 -2.000135169713879515e-02 -4.525207528853547956e+01 2.181411373322281883e-02 2.146337085923078619e-02 -9.995316525004920294e-01 5.577944176267004561e-01 -8.085708307962259644e-02 -9.964565865485042195e-01 -2.316199062189391172e-02 1.947274297985813529e+00
-9.963117554003960707e-01 8.263133815122629400e-02 -2.312896599539787310e-02 -4.607703268923071249e+01 2.490153594075138893e-02 2.048562865574104705e-02 -9.994800239216082849e-01 5.660595906850762749e-01 -8.211456020633368935e-02 -9.963696539467998825e-01 -2.246772047373414224e-02 1.876860109798571763e+00
-9.959906065033533595e-01 8.461987256763726928e-02 -2.902056290894946058e-02 -4.689972556164797624e+01 3.052417701905503142e-02 1.652944951641630716e-02 -9.993973785684462374e-01 5.768796214267724043e-01 -8.408918460552454455e-02 -9.962762294808408248e-01 -1.904612894501266085e-02 1.809281752309415570e+00
-9.957246443332529173e-01 8.630022649929353085e-02 -3.293490488064751420e-02 -4.771419079066614444e+01 3.421702062363943947e-02 1.341918366474589668e-02 -9.993243670564943004e-01 5.890682799179874918e-01 -8.579995943486831700e-02 -9.961788346854756337e-01 -1.631474875158952370e-02 1.735974719897405816e+00
-9.956091711666417154e-01 8.783408984009020981e-02 -3.236572228259020773e-02 -4.851513477076910164e+01 3.378133375292109719e-02 1.467817736589533024e-02 -9.993214880632438346e-01 5.977539287255150269e-01 -8.729942294951550941e-02 -9.960270115869195307e-01 -1.758088113001934558e-02 1.667655515372829189e+00
-9.956144385500159677e-01 8.905379281427984461e-02 -2.865833641268852178e-02 -4.932444260152474413e+01 3.037004444834706315e-02 1.792562364309156081e-02 -9.993780001237184685e-01 6.095456578938271974e-01 -8.848468287834133916e-02 -9.958655438098286128e-01 -2.055157770261837463e-02 1.580824083411800363e+00
-9.956205163014222315e-01 9.012508307986873135e-02 -2.484461305861397282e-02 -5.012642854449448038e+01 2.709045757416951930e-02 2.378194265305207458e-02 -9.993500816880861448e-01 6.229597605626767676e-01 -8.947565626377419756e-02 -9.956465111153495195e-01 -2.611931963177422517e-02 1.497550949988148972e+00
-9.955154237821095542e-01 9.173917200026117380e-02 -2.308575070888293015e-02 -5.091539764164858894e+01 2.576334282742751697e-02 2.811061415855980322e-02 -9.992727880192973089e-01 6.351224129264962937e-01 -9.102350392372397792e-02 -9.953862604988658047e-01 -3.034805844135393671e-02 1.410689305515966385e+00
-9.954047456854199227e-01 9.266945121748193515e-02 -2.411959354357930477e-02 -5.171699023909202708e+01 2.688776997402407901e-02 2.873985879924848344e-02 -9.992252621056491035e-01 6.454635166214739428e-01 -9.190446343726876854e-02 -9.952821114842372863e-01 -3.109946712382638534e-02 1.329035922171898143e+00
-9.953026090884335986e-01 9.344762441788181939e-02 -2.530336744105538341e-02 -5.250515013567031275e+01 2.810602618897599034e-02 2.879824774779368712e-02 -9.991900587888593588e-01 6.514339127873969293e-01 -9.264324443128027498e-02 -9.952076557004454482e-01 -3.128941242246388588e-02 1.251571960082017654e+00
-9.952048703890279402e-01 9.444022471314994505e-02 -2.546180198714442441e-02 -5.329716082781873610e+01 2.836580586668293116e-02 2.953555656545896538e-02 -9.991611943687981334e-01 6.598800141015565002e-01 -9.360897909598880906e-02 -9.950923402410386531e-01 -3.207280350724520807e-02 1.173331772742605139e+00
-9.951329602054618251e-01 9.519253887705604600e-02 -2.547088925822520514e-02 -5.406854502151361430e+01 2.852338367762353999e-02 3.084440630645296846e-02 -9.991171555056268527e-01 6.703538914015618744e-01 -9.432286442635662294e-02 -9.949809468369927856e-01 -3.340949939046485712e-02 1.085970239304483886e+00
-9.950861654774233456e-01 9.524439020676125911e-02 -2.705602609204614539e-02 -5.484125026934505343e+01 3.004404207327276630e-02 3.007889452638576322e-02 -9.990959272881236863e-01 6.812844295100750625e-01 -9.434446789099111552e-02 -9.949994225696742189e-01 -3.279261952348943437e-02 1.018927474201734462e+00
-9.949385504360243049e-01 9.599560025460579515e-02 -2.970037463967812458e-02 -5.562242054367119692e+01 3.264788512922112140e-02 2.928092378161126913e-02 -9.990379396916787558e-01 6.892262711265414454e-01 -9.503359263391861211e-02 -9.949510279356137410e-01 -3.226677421331877044e-02 9.384115053616729485e-01
-9.948180692671498848e-01 9.587653720294080084e-02 -3.383319844462805842e-02 -5.637997901903311515e+01 3.668266928756751949e-02 2.811467582273260643e-02 -9.989314282957313385e-01 7.047547223142087702e-01 -9.482287769891424578e-02 -9.949961491470009634e-01 -3.148599579072251797e-02 8.634846006888626802e-01
-9.946693752547874912e-01 9.655982373587682077e-02 -3.618041282144453252e-02 -5.714895857205296892e+01 3.905978605734061054e-02 2.809725021260813319e-02 -9.988417977944670234e-01 7.198820607206489752e-01 -9.543141812101617327e-02 -9.949305612292118628e-01 -3.171908067208257381e-02 7.821657332893600101e-01
-9.946070889483823452e-01 9.716022720100098153e-02 -3.628531607320530095e-02 -5.790886942710205432e+01 3.919728098366950103e-02 2.823105878634411467e-02 -9.988326415661643587e-01 7.346503118394249743e-01 -9.602243369869656320e-02 -9.948683171434964390e-01 -3.188722803800007888e-02 7.073377335515939057e-01
-9.946780559272225819e-01 9.708093657077142280e-02 -3.450865730852713947e-02 -5.864758061135697176e+01 3.726529269434933345e-02 2.672632011984565903e-02 -9.989479806798453598e-01 7.479833201866953329e-01 -9.605651642832618853e-02 -9.949176184791479471e-01 -3.020183465889577507e-02 6.349990714690693094e-01
-9.947673946205779494e-01 9.741107473281417073e-02 -3.080452741694272856e-02 -5.939285357520103048e+01 3.364144186798322111e-02 2.761568493792961737e-02 -9.990523978591075993e-01 7.622628874124881548e-01 -9.646807963204168113e-02 -9.948610594934507168e-01 -3.074823257207467964e-02 5.550049000807709687e-01
-9.948632348167374406e-01 9.726360640485628983e-02 -2.805211867052286381e-02 -6.010154691859951015e+01 3.094492088044207417e-02 2.836179083260823366e-02 -9.991186475574627135e-01 7.725296872527239733e-01 -9.638227513196755136e-02 -9.948544974420220344e-01 -3.122591758851409049e-02 4.801696929272215586e-01
-9.950436423824097210e-01 9.604075293896803533e-02 -2.577443835162018457e-02 -6.081309652508986829e+01 2.875935126399124450e-02 2.982592141113015252e-02 -9.991413232707495595e-01 7.839516251748511744e-01 -9.518953781638275768e-02 -9.949304812025284717e-01 -3.244016387519723515e-02 4.033776420118697636e-01
-9.952887556089478061e-01 9.365617196821297841e-02 -2.507596054768216134e-02 -6.151192224113358265e+01 2.810264588465836641e-02 3.113896290104645886e-02 -9.991199458294598434e-01 7.927753752766057982e-01 -9.279291001248766990e-02 -9.951175649576537996e-01 -3.362424669153145362e-02 3.324689026630185396e-01
-9.956428624049964426e-01 8.957586439394492339e-02 -2.591225694979753039e-02 -6.218861276146045469e+01 2.879450138902297715e-02 3.103530582445826816e-02 -9.991034722745587571e-01 8.004143445700365733e-01 -8.869136221669358944e-02 -9.954963855784871862e-01 -3.347937323997465103e-02 2.654472141179990974e-01
-9.960979485149010770e-01 8.390228235216083685e-02 -2.737315980052166739e-02 -6.285042959378937866e+01 3.010544345769055469e-02 3.147454081964401462e-02 -9.990510866262707346e-01 8.080221804554840181e-01 -8.296110933872473392e-02 -9.959768296646632768e-01 -3.387764074877479964e-02 2.081554667673802816e-01
-9.966553885622326803e-01 7.647310504889855143e-02 -2.880794976517492278e-02 -6.349415872359326585e+01 3.114457635760370380e-02 2.953996595077931081e-02 -9.990783104920238911e-01 8.166005844729908869e-01 -7.555163509192382165e-02 -9.966340049790242128e-01 -3.182288887542734229e-02 1.595748207041090549e-01
-9.972332551975293669e-01 6.777257315808123128e-02 -3.054022339261545579e-02 -6.413306937017692633e+01 3.267313177073134095e-02 3.058928843172446094e-02 -9.989979074436442508e-01 8.210247256170796204e-01 -6.677045538223352894e-02 -9.972317907578311935e-01 -3.271899926273676845e-02 1.089068528814639003e-01
-9.979035267920038921e-01 5.607148478400739156e-02 -3.231941930004379043e-02 -6.475571724871811341e+01 3.420561522381448949e-02 3.301183412989159432e-02 -9.988694937143787200e-01 8.262071961426268318e-01 -5.494117146916135952e-02 -9.978809014561178525e-01 -3.486058500044668385e-02 6.925592298509486433e-02
-9.985538408993760440e-01 4.160762025577278977e-02 -3.404450919235588874e-02 -6.534619464344498851e+01 3.550297477446832939e-02 3.483151400950405818e-02 -9.987624182342783596e-01 8.356091097977175197e-01 -4.037030499935274214e-02 -9.985267420499068791e-01 -3.625833658864804909e-02 4.211423046108453416e-02
-9.991115025217552903e-01 2.292119764157882558e-02 -3.536683904237208909e-02 -6.593899737708734676e+01 3.619980584499493670e-02 3.700615192049303698e-02 -9.986591866722350774e-01 8.460292861260737540e-01 -2.158167366761120851e-02 -9.990521736628747984e-01 -3.780301521385222990e-02 2.408823547251764952e-02
-9.993380956205826227e-01 1.140433155489621554e-03 -3.636021253448096929e-02 -6.649892676119050350e+01 3.637709462434059182e-02 3.873180981110627835e-02 -9.985873095331316840e-01 8.552175148020223494e-01 2.694755438794495923e-04 -9.992490363209330928e-01 -3.874765928338715776e-02 2.757956571845049387e-02
-9.990130458077050024e-01 -2.456725264818766102e-02 -3.700507706541181219e-02 -6.704179824174235591e+01 3.604589450750236845e-02 3.840062536359715312e-02 -9.986121094681447152e-01 8.629436914377442980e-01 2.595417510400881145e-02 -9.989604244703227387e-01 -3.747717808300789905e-02 4.431075033464260127e-02
-9.978638078138181156e-01 -5.363242429694387720e-02 -3.730131154545427569e-02 -6.755421768339057564e+01 3.534061883369119667e-02 3.705324602190862571e-02 -9.986882228835642916e-01 8.638318078330000649e-01 5.494420699805108166e-02 -9.978730881952780907e-01 -3.507869011990071006e-02 8.759300082073395721e-02
-9.954270742940455330e-01 -8.791428501701499532e-02 -3.736321941629362764e-02 -6.805710914440980730e+01 3.434302383515158708e-02 3.561969835880004348e-02 -9.987751770488715319e-01 8.730648516324335251e-01 8.913747354716639038e-02 -9.954910321800176654e-01 -3.243756957817686692e-02 1.350490642050918288e-01
-9.914352659070411189e-01 -1.249886696630022331e-01 -3.786748448093272407e-02 -6.852690033237588807e+01 3.369349389364618974e-02 3.534236544653402562e-02 -9.988071482124588618e-01 8.835373450866812473e-01 1.261779088232780899e-01 -9.915285339901426243e-01 -3.082836294771418295e-02 2.095518885753310245e-01
-9.854830909745091461e-01 -1.654202716864885958e-01 -3.819957075265891649e-02 -6.898555423727987090e+01 3.291830890287355399e-02 3.455205568123820292e-02 -9.988606538029157766e-01 8.825091405353033824e-01 1.665516814223802766e-01 -9.856177631104293679e-01 -2.860511104631687646e-02 3.053748272081169279e-01
-9.768601094886788516e-01 -2.102314405806575415e-01 -3.933283194812109418e-02 -6.943208034308240428e+01 3.299126572260818735e-02 3.358852319569399086e-02 -9.988911062277379127e-01 8.932630424775873657e-01 2.113194529393186138e-01 -9.770745211144876707e-01 -2.587548756966510238e-02 4.114339145250912599e-01
-9.655533796915720668e-01 -2.574060079906238530e-01 -3.806319651109375118e-02 -6.986578524551944724e+01 3.120758705157376106e-02 3.066810060995872958e-02 -9.990423451581841308e-01 9.026698089391258506e-01 2.583268374383575483e-01 -9.658165913949285919e-01 -2.157866832618913003e-02 5.631229379109777833e-01
-9.507884145795471031e-01 -3.079571887560191290e-01 -3.411386060696031813e-02 -7.028573254401975134e+01 2.843820206910702489e-02 2.290058647353568344e-02 -9.993332289846464933e-01 8.967509076915711752e-01 3.085330904544880681e-01 -9.511246026003102871e-01 -1.301586346274858676e-02 7.239307841867094195e-01
