1.000000000000000000e+00 0.000000000000000000e+00 0.000000000000000000e+00 0.000000000000000000e+00 0.000000000000000000e+00 1.000000000000000000e+00 0.000000000000000000e+00 0.000000000000000000e+00 0.000000000000000000e+00 0.000000000000000000e+00 1.000000000000000000e+00 0.000000000000000000e+00
9.998378540185975938e-01 -6.066808571114176056e-04 1.799715560367827136e-02 -5.380850000000000216e-02 5.863229501528313204e-04 9.999991823774788680e-01 1.136428515884231475e-03 -2.740530000000000049e-02 -1.799783033822459702e-02 -1.125692103199321453e-03 9.998373922395606961e-01 5.452850000000000197e-01
9.995993742082555089e-01 -2.653167346276780799e-03 2.817892449148299422e-02 -1.286740000000000106e-01 2.570822589797008926e-03 9.999923204128006171e-01 2.958037632360562084e-03 -3.898530000000000051e-02 -2.818655625783041130e-02 -2.884409550553199055e-03 9.995985185202451717e-01 1.015709999999999891e+00
9.998030072116140810e-01 -7.663450847180132940e-03 1.830896752211902748e-02 -9.156050000000000300e-02 7.664950351788743337e-03 9.999706237678231968e-01 -1.172583746596872478e-05 -1.835670000000000010e-02 -1.830833981325911616e-02 1.520608546101050727e-04 9.998323767366100734e-01 9.723610000000000309e-01
9.993299670665084511e-01 -5.868728681391790353e-03 3.612720507478379278e-02 9.820340000000000319e-03 5.908620057131691583e-03 9.999820464158291067e-01 -9.975244514457567123e-04 -3.647940000000000210e-02 -3.612070226160802450e-02 1.210318005724302266e-03 9.993467015998268588e-01 1.693789999999999907e+00
9.998200992075720883e-01 -1.062161218953235411e-02 1.571466114988772506e-02 -6.305620000000000669e-02 1.065061339365067083e-02 9.999417265289027856e-01 -1.762946606079760642e-03 -3.164079999999999671e-02 -1.569502006687477358e-02 1.930000231107995012e-03 9.998749629049665799e-01 1.684420000000000028e+00
9.997244476139267588e-01 -1.007856339356508722e-02 2.120026893581746646e-02 -1.587530000000000052e-01 1.015709561460155681e-02 9.999419354178890051e-01 -3.599889081929489448e-03 -6.581779999999999575e-02 -2.116275624073903766e-02 3.814230282539729511e-03 9.997687679636961811e-01 2.528329999999999966e+00
9.999033567926055577e-01 -1.001542347308624972e-02 9.642010554554159008e-03 -9.101960000000000606e-02 1.006143357200488253e-02 9.999381707436670874e-01 -4.735213224889346130e-03 -5.925710000000000005e-02 -9.593989230529391399e-03 4.831768047390812802e-03 9.999423030296201720e-01 2.962070000000000203e+00
9.997116584203747935e-01 -8.317309799822160052e-03 -2.252603773586607863e-02 -1.171930000000000055e-01 8.243827352329662420e-03 9.999603975226898367e-01 -3.353013100059554566e-03 -7.410269999999999357e-02 2.255303369768381014e-02 3.166345520939236290e-03 9.997406338281310534e-01 2.943200000000000038e+00
9.985854953807768997e-01 -4.609974584388264532e-03 -5.296939257212265190e-02 -1.350639999999999896e-01 4.356271324980879114e-03 9.999784862267849794e-01 -4.904078275349854112e-03 -7.047799999999999898e-02 5.299086067683273643e-02 4.666392388012747909e-03 9.985840943389844293e-01 2.986749999999999794e+00
9.965219524527587636e-01 -5.251921559315817292e-03 -8.316499022831905230e-02 -2.676680000000000170e-01 4.778945233961081132e-03 9.999712623418685054e-01 -5.885250450148475643e-03 -6.094159999999999855e-02 8.319350913498246847e-02 5.467340335571391208e-03 9.965184133910736097e-01 3.094030000000000058e+00
9.956902382655123951e-01 -4.246497900872597993e-03 -9.264403207085128433e-02 -3.757059999999999844e-01 3.816501237695888501e-03 9.999811101216893316e-01 -4.818061653454329060e-03 -7.444299999999999529e-02 9.266274192505691287e-02 4.443720892642328071e-03 9.956876365625710879e-01 3.844910000000000050e+00
9.948708456416679446e-01 -5.486519498999845382e-03 -1.010044483971843932e-01 -2.378959999999999964e-01 5.005571526567598878e-03 9.999748993159423005e-01 -5.014478214459335004e-03 -7.469180000000000264e-02 1.010294251489377015e-01 4.483173190717268386e-03 9.948733368686775158e-01 4.430889999999999773e+00
9.909777529725428691e-01 -4.013875145112145472e-03 -1.339663462210159417e-01 -4.235229999999999828e-01 3.513516670194347016e-03 9.999859424435632027e-01 -3.971160518906053163e-03 -6.106509999999999716e-02 1.339804027240473761e-01 3.464638737026231631e-03 9.909779250640873283e-01 4.415499999999999758e+00
9.887689497917609982e-01 -4.408196337319458466e-03 -1.493871873111939641e-01 -5.106140000000000123e-01 4.148871766086623114e-03 9.999892972007359271e-01 -2.047522172484627680e-03 -7.850609999999999533e-02 1.493946143298568729e-01 1.404738064512463724e-03 9.887766562374959989e-01 4.816900000000000404e+00
9.857789160407695039e-01 -3.221933953869061604e-03 -1.680165105907223955e-01 -6.795470000000000121e-01 2.663302084247214443e-03 9.999901517624165681e-01 -3.550098616514186720e-03 -8.254640000000000588e-02 1.680262941074802951e-01 3.052133643180975769e-03 9.857777888392142973e-01 5.140889999999999738e+00
9.846514725544249780e-01 -3.994610225774167592e-03 -1.744864484295172991e-01 -6.686579999999999746e-01 3.367523755726231031e-03 9.999867644711193382e-01 -3.889815720167405337e-03 -9.505070000000000185e-02 1.744996773067419571e-01 3.242525516689486777e-03 9.846518921162527027e-01 5.672659999999999592e+00
9.814914495212435641e-01 -5.743966312219495572e-03 -1.914198040112159160e-01 -7.688859999999999584e-01 4.730506967254064811e-03 9.999722737784431104e-01 -5.750998018010046800e-03 -9.172589999999999910e-02 1.914475302021965974e-01 4.739042664345015365e-03 9.814914083445175352e-01 5.926949999999999719e+00
9.816343989738575138e-01 -4.487341310287902736e-03 -1.907190879781007486e-01 -7.453899999999999970e-01 3.089739267573618844e-03 9.999661573876117426e-01 -7.624801027738272244e-03 -1.025419999999999943e-01 1.907468486305657629e-01 6.895494718957343588e-03 9.816150426160393794e-01 6.608229999999999826e+00
9.815575516651584564e-01 -5.674395692045762322e-03 -1.910826365806949922e-01 -7.662090000000000289e-01 3.872132151531192893e-03 9.999444432778089586e-01 -9.803925256435688448e-03 -1.163700000000000012e-01 1.911276520069792040e-01 8.883219650711765211e-03 9.815249915549456583e-01 7.286179999999999879e+00
9.797732424463783119e-01 -5.783723405540543150e-03 -2.000273529537362760e-01 -9.618149999999999755e-01 3.363422673844533584e-03 9.999169938258142265e-01 -1.243755788986110680e-02 -1.201229999999999937e-01 2.000826848431104532e-01 1.151320988755005076e-02 9.797113683243946491e-01 7.691010000000000346e+00
9.765592609170749006e-01 -9.895175016076200245e-03 -2.150211511189018543e-01 -1.065970000000000084e+00 7.021078838229699234e-03 9.998755689063930641e-01 -1.412625768078866993e-02 -1.147880000000000011e-01 2.151341775939931145e-01 1.228544730638242259e-02 9.765072213841730076e-01 7.969929999999999737e+00
9.742971827618875924e-01 -1.348949654631797536e-02 -2.248622537136366617e-01 -1.202530000000000099e+00 1.044425610092444313e-02 9.998370069983369968e-01 -1.472674271880163553e-02 -1.328239999999999976e-01 2.250242590849869662e-01 1.199970497697130413e-02 9.742792668961596236e-01 8.446170000000000400e+00
9.694728202578704046e-01 -1.358434014393960013e-02 -2.448222140331730301e-01 -1.340589999999999948e+00 9.832060038866181212e-03 9.998148251744148896e-01 -1.654224763586893687e-02 -1.298600000000000032e-01 2.450015946410209755e-01 1.363015276172764405e-02 9.694268603453531918e-01 8.490449999999999164e+00
9.740462450996637545e-01 -1.021860753745617786e-02 -2.261183151963615245e-01 -1.446169999999999956e+00 5.768308110325314625e-03 9.997766173124653655e-01 -2.033327560400676262e-02 -1.878360000000000030e-01 2.262755820427604647e-01 1.850123064121911645e-02 9.738876041083849300e-01 1.006770000000000032e+01
9.713580243441326534e-01 -7.101454522004897740e-03 -2.375145424725300103e-01 -1.658900000000000041e+00 1.452257709891749751e-03 9.997120751069497047e-01 -2.395115514752155575e-02 -1.961289999999999978e-01 2.376162441623203003e-01 2.292021441933920003e-02 9.710886593309409065e-01 1.051539999999999964e+01
9.715091415790211293e-01 -1.028840389354671557e-02 -2.367786657908955428e-01 -1.876209999999999933e+00 4.378377009083547419e-03 9.996659361572969305e-01 -2.547245377896115506e-02 -2.362460000000000115e-01 2.369616374925690161e-01 2.371001543816951204e-02 9.712296420130318575e-01 1.139600000000000080e+01
9.719320851697694774e-01 -1.239066653738144820e-02 -2.349350829491063108e-01 -2.050829999999999931e+00 5.946237511809305057e-03 9.995868884375355146e-01 -2.811929450073572673e-02 -2.812970000000000192e-01 2.351864453513365372e-01 2.593306473453090011e-02 9.716042466336164418e-01 1.238870000000000005e+01
9.701198500062780949e-01 -1.144009705243910491e-02 -2.423563508621701112e-01 -2.221319999999999961e+00 4.214520042023616603e-03 9.995316201242619991e-01 -3.031135418590560904e-02 -2.922440000000000038e-01 2.425896008583465768e-01 2.838423067829759505e-02 9.697136799097914039e-01 1.298429999999999929e+01
9.674521561488745869e-01 -1.236280758435197476e-02 -2.527518279884951036e-01 -2.479870000000000019e+00 3.943473883944658212e-03 9.994211689144716360e-01 -3.379017814924551583e-02 -3.104290000000000105e-01 2.530232688442313749e-01 3.169366047435025896e-02 9.669409171759754118e-01 1.344870000000000054e+01
9.655051574711790430e-01 -1.347030772417312332e-02 -2.600352701199779570e-01 -2.557949999999999946e+00 3.455059809651593941e-03 9.992358226859255899e-01 -3.893370291782156239e-02 -3.406210000000000071e-01 2.603610060248376934e-01 3.669225355572398178e-02 9.648138810520591191e-01 1.407620000000000005e+01
9.613106740472318057e-01 -1.547101575932246197e-02 -2.750316993261534004e-01 -2.982289999999999885e+00 2.746188305872599919e-03 9.989102385406393170e-01 -4.659177812094927873e-02 -3.663359999999999950e-01 2.754528025136893654e-01 4.403388479407506495e-02 9.603055610467412517e-01 1.425270000000000081e+01
9.697200882382832621e-01 -1.626675560412812332e-02 -2.436767184801446051e-01 -3.326620000000000132e+00 3.364457067672439218e-03 9.985744064641337570e-01 -5.327133547643309042e-02 -4.654269999999999796e-01 2.441958863203388952e-01 5.083844428106014390e-02 9.683923903497515528e-01 1.621430000000000149e+01
9.791281024625134721e-01 -1.194962737011744103e-02 -2.028924970861988308e-01 -2.933040000000000092e+00 -5.074560928873999080e-04 9.981232646028267430e-01 -6.123472174272875934e-02 -5.785379999999999967e-01 2.032434536620347232e-01 6.005959593862554569e-02 9.772844741830382098e-01 1.878229999999999933e+01
9.719660934757851090e-01 -2.377899021018250666e-02 -2.339155248332298043e-01 -5.659839999999999982e+00 7.242502156446256611e-03 9.974285608061276287e-01 -7.130085729309833253e-02 -5.592000000000000304e-01 2.350094876721686155e-01 6.760788203161631482e-02 9.696389611557818533e-01 1.721059999999999945e+01
9.952816388382313972e-01 -3.170042136560238810e-02 -9.170355869173055230e-02 -9.617390000000000327e+00 2.487718895703504990e-02 9.969021087040375040e-01 -7.461441637538510085e-02 -7.733560000000000434e-01 9.378477947449886942e-02 7.198103185344470467e-02 9.929869818845727947e-01 2.094200000000000017e+01
9.864613217300555181e-01 -2.814398642559760161e-02 -1.615610620126883001e-01 -8.265959999999999752e+00 1.474311724877702678e-02 9.963942265589277314e-01 -8.355349049456219090e-02 -7.697589999999999710e-01 1.633300377284618021e-01 8.004037298833545366e-02 9.833192957872368689e-01 2.031200000000000117e+01
9.988271276989439951e-01 -4.445013621633112089e-02 -1.919776974096438008e-02 -1.386050000000000004e+01 4.262949936621830693e-02 9.953285798499926784e-01 -8.662415319980033834e-02 -9.601910000000000167e-01 2.295854430191669390e-02 8.570416281690461380e-02 9.960560735818995148e-01 2.308340000000000103e+01
9.965124858956460052e-01 -2.290556957804499444e-02 -8.023839689565848143e-02 -1.031460000000000043e+01 1.553514606020873351e-02 9.957018099595345006e-01 -9.130479111303506368e-02 -9.820579999999999865e-01 8.198490526290713731e-02 8.973984915082221236e-02 9.925851272225569843e-01 2.352080000000000126e+01
9.935766068504522375e-01 -1.669881818068212273e-02 -1.119226330592276164e-01 -9.437390000000000612e+00 6.175735004357123942e-03 9.955798176111789743e-01 -9.371599149797035788e-02 -1.027500000000000080e+00 1.129928609103156845e-01 9.242281231741553138e-02 9.892879445068770705e-01 2.382819999999999894e+01
9.849437828521003802e-01 -7.511233868394646095e-03 -1.727116845693102143e-01 -6.935520000000000351e+00 -8.988649235430702308e-03 9.954791479716981195e-01 -9.455405934418904812e-02 -1.049819999999999975e+00 1.726410982527538940e-01 9.468287764594142397e-02 9.804234819070617446e-01 2.387409999999999854e+01
9.868025484586622209e-01 -6.569169700106971231e-03 -1.617948588952709266e-01 -7.223160000000000025e+00 -8.846343059023799305e-03 9.954975335096306610e-01 -9.437374100205896121e-02 -1.197100000000000053e+00 1.616863400846574039e-01 9.455954095538345039e-02 9.823013899228359991e-01 2.610670000000000002e+01
9.891151528305045515e-01 -1.247311423931632759e-02 -1.466139006447227666e-01 -8.567520000000000024e+00 -1.523929964810679522e-03 9.954788762222906984e-01 -9.497096731458357088e-02 -1.313860000000000028e+00 1.471356247771083703e-01 9.416065216627544920e-02 9.846242326416061452e-01 2.705499999999999972e+01
9.836752570724446310e-01 -1.760868191135783398e-02 -1.790891480375191858e-01 -9.192289999999999850e+00 7.394909741521987767e-04 9.955881478508855631e-01 -9.382799695156215924e-02 -1.383299999999999974e+00 1.799512205475666815e-01 9.216384421337811550e-02 9.793484487368391278e-01 2.752400000000000091e+01
9.836272188291431684e-01 -6.018152551533271014e-03 -1.801146196684526302e-01 -6.403769999999999740e+00 -1.056522222214202784e-02 9.957975495343200922e-01 -9.097041508556592826e-02 -1.379520000000000080e+00 1.799051707368124198e-01 9.138392736860175003e-02 9.794299910462455072e-01 2.690439999999999898e+01
9.969672831269003055e-01 1.409942115426532187e-02 -7.653393167531402641e-02 -3.001780000000000115e+00 -2.053860249488112522e-02 9.962531057772949783e-01 -8.401139825435098574e-02 -1.418520000000000003e+00 7.506265504313208714e-02 8.532851546938198528e-02 9.935213345800215645e-01 2.833640000000000114e+01
9.949614534131394628e-01 1.535862151435905820e-02 -9.907481499953420256e-02 -3.377149999999999874e+00 -2.329666883424089813e-02 9.965650353888905189e-01 -7.946946244669871040e-02 -1.511020000000000030e+00 9.751395512049017278e-02 8.137716501278609293e-02 9.919016007504176669e-01 2.930519999999999925e+01
9.914566470768390039e-01 1.467011064427886993e-02 -1.296090460609791162e-01 -4.143880000000000230e+00 -2.454010245886096078e-02 9.968900663490171121e-01 -7.488644060149386716e-02 -1.606519999999999948e+00 1.281073781577821147e-01 7.742727858020763410e-02 9.887332887048974062e-01 3.089689999999999870e+01
9.739225168541377764e-01 2.256253808332156496e-02 -2.257562026606144412e-01 -1.872339999999999893e+00 -4.000404263699904039e-02 9.965304906279269792e-01 -7.298395591882061995e-02 -1.541190000000000060e+00 2.233262361147899389e-01 8.011187879523143374e-02 9.714460762897234591e-01 2.917920000000000158e+01
9.911966149106652413e-01 2.519832203845898122e-02 -1.299781333766743263e-01 -3.196699999999999875e+00 -3.466265618808352100e-02 9.968685761531639322e-01 -7.107420167930310340e-02 -1.652239999999999931e+00 1.277801661277098988e-01 7.495389546120768964e-02 9.889661989671665321e-01 3.063759999999999906e+01
9.904987369337908687e-01 3.063688362319145694e-02 -1.340657804751979598e-01 -2.053999999999999826e+00 -4.015839423305050948e-02 9.968147638383959563e-01 -6.890304758445564559e-02 -1.673210000000000086e+00 1.315277746530664760e-01 7.363224806877680106e-02 9.885740925894984654e-01 3.122619999999999862e+01
9.883807267352199277e-01 3.795853949244893527e-02 -1.471824999718332749e-01 -7.397340000000000027e-01 -4.846968972383450952e-02 9.964730728561782547e-01 -6.849893612780313945e-02 -1.691079999999999917e+00 1.440632784453891035e-01 7.483691837700051641e-02 9.867346185532361869e-01 3.159459999999999980e+01
9.900378904719810969e-01 3.574431320290263198e-02 -1.361885439508129791e-01 -1.694700000000000095e+00 -4.518366513401054357e-02 9.967386544414595928e-01 -6.686173156063449086e-02 -1.746639999999999970e+00 1.333544593736831763e-01 7.234914523255644991e-02 9.884240938733086512e-01 3.224399999999999977e+01
9.875236112668382971e-01 3.647389696159661354e-02 -1.531886811449762742e-01 -1.447840000000000016e+00 -4.629172528713089430e-02 9.970625669335793084e-01 -6.101896254249499635e-02 -1.814470000000000027e+00 1.505131002951011487e-01 6.734903459038173168e-02 9.863112663755292386e-01 3.293410000000000082e+01
9.810395141508615469e-01 3.933547191693115286e-02 -1.897740559816170347e-01 -7.867720000000000269e-01 -5.092434169478368688e-02 9.970984874516524155e-01 -5.658018862269648119e-02 -1.797730000000000050e+00 1.869978157562127985e-01 6.517151962858713787e-02 9.801961487027514019e-01 3.256009999999999849e+01
9.806963299352100538e-01 3.516387702421160805e-02 -1.923491882078938175e-01 -1.317239999999999966e+00 -4.609259514911773908e-02 9.975492820919341641e-01 -5.263936236587846151e-02 -1.863820000000000032e+00 1.900267905428841275e-01 6.048910274167453027e-02 9.799137142246138188e-01 3.374909999999999854e+01
9.771797531259457381e-01 3.789714688148212995e-02 -2.090060677084740193e-01 -5.086450000000000138e-01 -4.954790820381743677e-02 9.974794728872399263e-01 -5.079080587291408266e-02 -1.834910000000000041e+00 2.065544356176887697e-01 5.998756060082233166e-02 9.765944694190218378e-01 3.321829999999999927e+01
9.793241327505024518e-01 3.484011431617294041e-02 -1.992747084978731542e-01 -1.074319999999999942e+00 -4.559586201129189886e-02 9.977257954238563098e-01 -4.964125817584058575e-02 -1.998369999999999980e+00 1.970920099342526322e-01 5.770098422270830696e-02 9.786855143710910809e-01 3.648499999999999943e+01
9.834912550654992813e-01 2.920357873262691140e-02 -1.785836000278198388e-01 -2.302639999999999798e+00 -3.832528561206471895e-02 9.981193546539045558e-01 -4.784272513169299246e-02 -2.045879999999999921e+00 1.768505688213717064e-01 5.389716926221936599e-02 9.827608923095570992e-01 3.728699999999999903e+01
9.742917521064407005e-01 3.115097933420502702e-02 -2.231259694967883400e-01 -1.897250000000000103e+00 -4.274101057917543273e-02 9.979657307603376770e-01 -4.730334282749893565e-02 -2.154720000000000191e+00 2.211985257456129672e-01 5.562388618664657752e-02 9.736412047019488147e-01 3.978070000000000306e+01
9.773164288337936600e-01 2.690857959013754491e-02 -2.100679087247779853e-01 -2.520490000000000119e+00 -3.725592342067480384e-02 9.982713987414403300e-01 -4.545558958897233381e-02 -2.217859999999999943e+00 2.084816397231018525e-01 5.225076840822064084e-02 9.766295424054697305e-01 4.099159999999999826e+01
9.790969111755141174e-01 2.883098224641278753e-02 -2.013405398554264925e-01 -2.036810000000000009e+00 -3.901367463272077674e-02 9.981425864678770132e-01 -4.679006594213028225e-02 -2.257080000000000197e+00 1.996175636516480112e-01 5.366704334993432912e-02 9.784031258841401346e-01 4.159400000000000119e+01
9.591351915232754211e-01 3.274798774195547546e-02 -2.810467108515282697e-01 -1.750410000000000021e+00 -4.808822826207835577e-02 9.976958706053749015e-01 -4.785887670638775543e-02 -2.276629999999999932e+00 2.788318609560679895e-01 5.941817125960466989e-02 9.585000126447261737e-01 4.227120000000000033e+01
4.159197824249326048e-01 -1.518691659193885206e-02 -9.092744866936640635e-01 -2.223989999999999867e+01 -4.119363843946809156e-02 9.985196011920001169e-01 -3.552027853898753751e-02 -2.079029999999999934e+00 9.084678413349122073e-01 5.222991096870044370e-02 4.146784509237084748e-01 3.164140000000000086e+01
9.633810439139559589e-01 2.398419522209492907e-02 -2.670612712596210914e-01 -2.809989999999999988e+00 -3.813388796080482979e-02 9.981228498796591575e-01 -4.792267873460677452e-02 -2.513339999999999907e+00 2.654105702798011945e-01 5.635188486338311986e-02 9.624872436848681545e-01 4.724640000000000128e+01
9.690242549293484053e-01 2.125839706130528556e-02 -2.460489258521666167e-01 -3.238539999999999974e+00 -3.363153056222822901e-02 9.983661599135624787e-01 -4.619448983903629707e-02 -2.520020000000000149e+00 2.446649004468417765e-01 5.303858306771407766e-02 9.681559766873859552e-01 4.675739999999999696e+01
9.682669873519034187e-01 1.731801657787015655e-02 -2.493173229165545068e-01 -3.413110000000000088e+00 -3.013628550435637141e-02 9.984075447887734711e-01 -4.768835082966432770e-02 -2.618339999999999890e+00 2.480944285961875773e-01 5.368855381421482054e-02 9.672469662339961971e-01 4.866709999999999781e+01
9.840871334084363431e-01 1.444761921572950379e-02 -1.770982217837427652e-01 -5.097889999999999588e+00 -2.361694142473527019e-02 9.984810816288007818e-01 -4.977720067581888758e-02 -2.799770000000000092e+00 1.761100620001795625e-01 5.316762105245451814e-02 9.829335939593862870e-01 5.180299999999999727e+01
9.749046956341134162e-01 7.061829284357667991e-03 -2.225105952482156202e-01 -5.375860000000000305e+00 -1.747696586846246569e-02 9.988398073177320313e-01 -4.487309863948032301e-02 -2.831150000000000055e+00 2.219355539218294260e-01 4.763580464980644164e-02 9.738970376897015946e-01 5.189370000000000260e+01
9.575232935528504852e-01 1.520062920550860341e-02 -2.879550019976355180e-01 -4.775900000000000034e+00 -2.894385132759377116e-02 9.986327791704537882e-01 -4.352959724855874624e-02 -3.075800000000000090e+00 2.868996266536918971e-01 5.001513009132560472e-02 9.566541125129395251e-01 5.740910000000000224e+01
9.535344391745774750e-01 1.773620095664573890e-02 -3.007615342487290899e-01 -5.017350000000000421e+00 -3.068038861063684605e-02 9.987925246701438997e-01 -3.836934215933647530e-02 -3.217569999999999819e+00 2.997178457528417717e-01 4.581396990728274499e-02 9.529272234009322773e-01 5.999029999999999774e+01
9.484790900916504341e-01 1.943426120676752453e-02 -3.162431424557090032e-01 -6.021149999999999558e+00 -3.351613030714163666e-02 9.986710908850189305e-01 -3.914998390498839603e-02 -3.446379999999999999e+00 3.150620330476990305e-01 4.773218748259164951e-02 9.478700088144877967e-01 6.446769999999999357e+01
9.455515815678304792e-01 1.675502161841027626e-02 -3.250407295173039501e-01 -6.419220000000000148e+00 -3.189114274939786747e-02 9.986379159739146028e-01 -4.129488822377540974e-02 -3.556979999999999809e+00 3.239060999868820789e-01 4.941236717506237303e-02 9.447979976489391252e-01 6.645929999999999893e+01
9.288846398231519474e-01 1.900742350892979660e-02 -3.698811211080737515e-01 -6.307879999999999932e+00 -3.819592740919392632e-02 9.982734633434819926e-01 -4.462245526146272484e-02 -3.726449999999999818e+00 3.683943498887637946e-01 5.557706573544376333e-02 9.280068926114035666e-01 6.990439999999999543e+01
9.360982558380703811e-01 1.877992785778059490e-02 -3.512369139577715127e-01 -7.052640000000000242e+00 -3.762961122413356618e-02 9.981897519300263477e-01 -4.691728360628846101e-02 -3.745359999999999800e+00 3.497199848107668818e-01 5.713609587230212422e-02 9.351103671612394086e-01 7.038670000000000471e+01
9.230533123587334465e-01 2.634046737026170260e-02 -3.837691523849808828e-01 -7.385229999999999961e+00 -4.535708157336308666e-02 9.981460674164055469e-01 -4.058525905192258976e-02 -3.910210000000000186e+00 3.819886355570251135e-01 5.486900655088040868e-02 9.225367604737502170e-01 7.341419999999999391e+01
9.238295353717841385e-01 2.716062961878081689e-02 -3.818393507398952780e-01 -7.860149999999999970e+00 -4.426006171161880193e-02 9.983687192358853268e-01 -3.606864827771629617e-02 -3.890010000000000190e+00 3.802368163553301317e-01 5.022151580756317041e-02 9.235246411644648656e-01 7.288060000000000116e+01
9.222742123583100859e-01 2.565371962375491074e-02 -3.856840207842742174e-01 -8.404980000000000118e+00 -4.376238651740356478e-02 9.983096502443586928e-01 -3.824520565100406749e-02 -3.938880000000000159e+00 3.840509481112630574e-01 5.215102010940909222e-02 9.218379143625998751e-01 7.372360000000000468e+01
9.130953914709051267e-01 2.937968314676582537e-02 -4.066861692912487336e-01 -8.441050000000000608e+00 -4.986577165292832570e-02 9.979600210734231869e-01 -3.986478592179972663e-02 -4.052579999999999849e+00 4.046853232970681336e-01 5.668007195945110738e-02 9.126977366853820106e-01 7.575490000000000634e+01
9.118111255630806378e-01 2.772029813219898178e-02 -4.096731091624759569e-01 -8.998979999999999535e+00 -5.088017470658356967e-02 9.976568613595360180e-01 -4.573832970351132676e-02 -4.143119999999999692e+00 4.074453081349881933e-01 6.254895725511000482e-02 9.110850392938537601e-01 7.709950000000000614e+01
9.216904397828203921e-01 2.173561299696921342e-02 -3.873167906773433145e-01 -9.970760000000000289e+00 -4.425311578623367104e-02 9.978025213401332527e-01 -4.931318434742417572e-02 -4.130760000000000431e+00 3.853938180045979878e-01 6.259146535206559780e-02 9.206269133090341228e-01 7.656409999999999627e+01
9.184359681549498777e-01 2.313009677531465552e-02 -3.948928601816505402e-01 -1.028079999999999927e+01 -4.562100070560817094e-02 9.978212906407426530e-01 -4.765916741469022888e-02 -4.219050000000000189e+00 3.929301422567361146e-01 6.178730101895656135e-02 9.174901812765594578e-01 7.802960000000000207e+01
9.192792458088329122e-01 2.093253161965771131e-02 -3.930489757589191169e-01 -1.098259999999999970e+01 -4.009281636832194573e-02 9.983707470531599792e-01 -4.060070817327231935e-02 -4.282239999999999824e+00 3.915587239492939742e-01 5.308182879768966883e-02 9.186207515349810171e-01 7.862080000000000268e+01
9.186250186580523502e-01 1.973760748139682247e-02 -3.946371776029259926e-01 -1.145139999999999958e+01 -3.832573101286909645e-02 9.984931976635001982e-01 -3.927432446328775473e-02 -4.335589999999999833e+00 3.932673561812907725e-01 5.120313535935770710e-02 9.179972905687407980e-01 7.930759999999999366e+01
9.214086806222362425e-01 2.115224230690809087e-02 -3.880188473764898394e-01 -1.212870000000000026e+01 -4.026636100640207383e-02 9.983393937620953507e-01 -4.119557056327810551e-02 -4.388419999999999987e+00 3.865031221675860884e-01 5.358206330594007805e-02 9.207303074443602409e-01 8.024179999999999779e+01
9.245465893314112060e-01 1.832774622331851885e-02 -3.806280308569359727e-01 -1.271819999999999951e+01 -3.763533258482944233e-02 9.983510628867386938e-01 -4.334439957074508881e-02 -4.440610000000000390e+00 3.792059940149736796e-01 5.439897932215976423e-02 9.237118409719683454e-01 8.117430000000000234e+01
9.172085975369542732e-01 1.745435518008503148e-02 -3.980247907976848243e-01 -1.294769999999999932e+01 -3.920393324971602200e-02 9.981454018570722342e-01 -4.657046670729683008e-02 -4.509929999999999772e+00 3.964737572930208120e-01 5.831896978540577342e-02 9.161918235506818498e-01 8.250159999999999627e+01
9.141804666364807819e-01 1.545655464784826717e-02 -4.050125545445772413e-01 -1.344009999999999927e+01 -3.779326588739905651e-02 9.981696556184905811e-01 -4.721236761726945591e-02 -4.583380000000000010e+00 4.035415015507952119e-01 5.846737142100639356e-02 9.130913552351964668e-01 8.361950000000000216e+01
9.156638648451708162e-01 1.156644257260062113e-02 -4.017784265276317934e-01 -1.397680000000000078e+01 -3.339549715227612542e-02 9.983190219297911616e-01 -4.736951786853690893e-02 -4.639999999999999680e+00 4.005551489954375932e-01 5.679214610630639593e-02 9.145109210686785950e-01 8.428170000000000073e+01
9.137140807300034862e-01 1.050918673823559094e-02 -4.062217813828125079e-01 -1.450520000000000032e+01 -3.216621697052034212e-02 9.983992249611260972e-01 -4.652227512523599007e-02 -4.710770000000000124e+00 4.050826004181493634e-01 5.557467580763414405e-02 9.125894708177090253e-01 8.520289999999999964e+01
9.146787899424317914e-01 1.081348671518555897e-02 -4.040368544260649619e-01 -1.493309999999999960e+01 -3.304105153823539559e-02 9.982967569221627979e-01 -4.808195120770345637e-02 -4.758980000000000210e+00 4.028287479099479373e-01 5.732934347917136714e-02 9.134781585968823059e-01 8.573850000000000193e+01
9.101495040976363970e-01 1.268235486074264021e-02 -4.140857858777727274e-01 -1.532670000000000066e+01 -3.549401375101379763e-02 9.982432039679431934e-01 -4.744133977511692801e-02 -4.815940000000000332e+00 4.127566537061144181e-01 5.787627844809517530e-02 9.090007047380816996e-01 8.675379999999999825e+01
9.096606490130052514e-01 1.046656863887158832e-02 -4.152203686937405713e-01 -1.586299999999999955e+01 -3.389418269463496947e-02 9.982189609663514318e-01 -4.909267100821038121e-02 -4.869220000000000326e+00 4.139670131987580604e-01 5.873122600614993916e-02 9.083952636793708457e-01 8.762309999999999377e+01
9.058328773044850291e-01 9.440427634027723919e-03 -4.235300186767926300e-01 -1.631449999999999889e+01 -3.421994325275025395e-02 9.981152442154145321e-01 -5.094069835192449602e-02 -4.935710000000000264e+00 4.222508660477277687e-01 6.063693256497970641e-02 9.044486544470359268e-01 8.858209999999999695e+01
9.031812234643425974e-01 5.680537147920461730e-03 -4.292218646331573129e-01 -1.684939999999999927e+01 -3.110491264079626866e-02 9.981499252422293411e-01 -5.224185246084304957e-02 -5.015089999999999826e+00 4.281310103123361910e-01 6.053476882456193531e-02 9.016869632928575795e-01 8.950860000000000127e+01
8.997035009133403927e-01 5.564193105451245222e-03 -4.364660928403993889e-01 -1.729700000000000060e+01 -3.057870316918757242e-02 9.982655789706129656e-01 -5.030682612685639932e-02 -5.069460000000000299e+00 4.354291599752704300e-01 5.860779468255304658e-02 8.983131820504907106e-01 9.030929999999999325e+01
8.944608552670828550e-01 3.748397841523552765e-03 -4.471305490664894688e-01 -1.787950000000000017e+01 -2.933264253428120860e-02 9.983028406014571310e-01 -5.030938808033535992e-02 -5.157169999999999810e+00 4.461831176510769326e-01 5.811529885222456449e-02 8.930527630338992440e-01 9.164369999999999550e+01
8.864238858699037271e-01 4.594866854831508932e-03 -4.628515763804700867e-01 -1.841240000000000165e+01 -3.111217511025440863e-02 9.982807940410373115e-01 -4.967382418039593961e-02 -5.228760000000000296e+00 4.618275945839623309e-01 5.843238355041144305e-02 8.850428969453452144e-01 9.294700000000000273e+01
8.859364949019226110e-01 3.871068416532976592e-03 -4.637904072209884099e-01 -1.885079999999999956e+01 -3.020143260138237126e-02 9.983244053093114356e-01 -4.935843628635200320e-02 -5.271519999999999762e+00 4.628222125932590636e-01 5.773557476222292151e-02 8.845689362266548894e-01 9.348860000000000525e+01
8.863732593673930849e-01 5.431500055778359926e-04 -4.629710034834745858e-01 -1.938479999999999848e+01 -2.838188213594098827e-02 9.981822173456985636e-01 -5.316699861047514963e-02 -5.336409999999999876e+00 4.621005451683059539e-01 6.026579430237481716e-02 8.847774410507187604e-01 9.426770000000000493e+01
8.781418795363941099e-01 3.148854502404244485e-03 -4.783899289487725803e-01 -1.990940000000000154e+01 -3.213023988842347856e-02 9.981086757096481188e-01 -5.240915147037539246e-02 -5.426929999999999588e+00 4.773201096633174489e-01 6.139345395443294995e-02 8.765822019197877513e-01 9.535769999999999413e+01
8.813849009882154251e-01 1.676612979494710234e-03 -4.723958565429110523e-01 -2.045479999999999876e+01 -2.944807601003805730e-02 9.982438535787908629e-01 -5.140057987486638252e-02 -5.479779999999999873e+00 4.714800813706774285e-01 5.921484409404863952e-02 8.798864330750968410e-01 9.608209999999999695e+01
8.749076480150785873e-01 3.076723739808984864e-03 -4.842800235563638478e-01 -2.099559999999999960e+01 -3.211964377856156572e-02 9.981467039209678260e-01 -5.168641925347652877e-02 -5.552120000000000388e+00 4.832234844544103791e-01 6.077574534908423975e-02 8.733850083720245960e-01 9.707080000000000553e+01
8.769492083156389395e-01 2.374058795016897871e-06 -4.805830688121857097e-01 -2.161489999999999867e+01 -2.863563979915487168e-02 9.982234814297228365e-01 -5.224826557520310250e-02 -5.616119999999999557e+00 4.797291800254256389e-01 5.958087878411782307e-02 8.753913597445688310e-01 9.786730000000000018e+01
8.693879518755402991e-01 -1.567212699545093846e-03 -4.941276484654624213e-01 -2.224749999999999872e+01 -2.924070042824897242e-02 9.980793650310493259e-01 -5.461284224138769627e-02 -5.704119999999999635e+00 4.932641995646133148e-01 6.192838560443574003e-02 8.676723485765289734e-01 9.899880000000000280e+01
8.673792867562268860e-01 -4.512871829427677478e-03 -4.976271766032379640e-01 -2.289130000000000109e+01 -2.751699568905769180e-02 9.979941232908804416e-01 -5.701354948707639675e-02 -5.772100000000000009e+00 4.968862926812405156e-01 6.314557676289042631e-02 8.655152501722742642e-01 1.000120000000000005e+02
8.650027452570731024e-01 -4.830054916019736050e-03 -5.017438801492603018e-01 -2.346590000000000131e+01 -2.858107041233262993e-02 9.978558678210669441e-01 -5.887944861452689554e-02 -5.858880000000000088e+00 5.009524659204825925e-01 6.527126185829153215e-02 8.630100168964518481e-01 1.010780000000000030e+02
8.607831848540064001e-01 -4.874755842139286838e-03 -5.089484703072335581e-01 -2.394610000000000127e+01 -2.815610507162448137e-02 9.979668330067968940e-01 -5.717896436260195420e-02 -5.902339999999999698e+00 5.081924265667376872e-01 6.354869765670725923e-02 8.588958147565671775e-01 1.018820000000000050e+02
8.579038553452582594e-01 -3.603149438238069033e-03 -5.137976180344435706e-01 -2.444590000000000174e+01 -2.930101462539713014e-02 9.980050105287363582e-01 -5.592360415297834703e-02 -5.975120000000000431e+00 5.129740982989926534e-01 6.303186712816366555e-02 8.560867702521006706e-01 1.027920000000000016e+02
8.513922431245473099e-01 -7.329994918843079146e-03 -5.244783308410762013e-01 -2.528219999999999956e+01 -2.623826693569661361e-02 9.980554146543334504e-01 -5.654151242562822921e-02 -6.079279999999999795e+00 5.238728869635865815e-01 6.190040754030684544e-02 8.495443118818353234e-01 1.039350000000000023e+02
8.492427341177035682e-01 -6.325094816827954089e-03 -5.279647447735932309e-01 -2.575619999999999976e+01 -2.774723512213834314e-02 9.980119481625763234e-01 -5.658835805901962779e-02 -6.144190000000000040e+00 5.272730502229031613e-01 6.270681382670606485e-02 8.473788916466697962e-01 1.048509999999999991e+02
8.461372026088660458e-01 -6.921943552264287966e-03 -5.329201826340431714e-01 -2.647109999999999985e+01 -2.737635685280320752e-02 9.980311798816515756e-01 -5.642959391583838441e-02 -6.217050000000000409e+00 5.322615611207620612e-01 6.233659183415240362e-02 8.442818130646849717e-01 1.058859999999999957e+02
8.452755826397820860e-01 -8.740155230490542770e-03 -5.342591123036870560e-01 -2.709560000000000102e+01 -2.537809369514047730e-02 9.980811492417046571e-01 -5.647983612545954407e-02 -6.288909999999999556e+00 5.337275913360461921e-01 6.129950419787278532e-02 8.434318164687157893e-01 1.068439999999999941e+02
8.426312936106820084e-01 -1.178322535293501241e-02 -5.383620144737838453e-01 -2.767950000000000088e+01 -2.299018070994284998e-02 9.980617835213571043e-01 -5.782843474530265787e-02 -6.357960000000000278e+00 5.379999578242667946e-01 6.110508877703644398e-02 8.407271932717756968e-01 1.077800000000000011e+02
8.406682508759899530e-01 -1.587723661743362102e-02 -5.413176565811405050e-01 -2.838939999999999841e+01 -2.041060470624016243e-02 9.979310283415862015e-01 -6.096777746178583257e-02 -6.454439999999999955e+00 5.411656855202749972e-01 6.230229554758201505e-02 8.386048680903733787e-01 1.088080000000000069e+02
8.360362825415723620e-01 -2.122792176671001868e-02 -5.482633578961251253e-01 -2.903450000000000131e+01 -1.556946318176916262e-02 9.979310268396560657e-01 -6.237994458943706133e-02 -6.537399999999999878e+00 5.484532123073941889e-01 6.068806314437907856e-02 8.339760385655479169e-01 1.097969999999999970e+02
8.318946249829924922e-01 -2.572044671705298047e-02 -5.543372543362764526e-01 -2.968100000000000094e+01 -1.106723696182105449e-02 9.979576869647741599e-01 -6.291240969752140422e-02 -6.621620000000000061e+00 5.548232594173007071e-01 5.847147722260078589e-02 8.299109814678737873e-01 1.107810000000000059e+02
8.246306047868298128e-01 -3.090137542839416565e-02 -5.648269386684214854e-01 -3.040650000000000119e+01 -5.461713246785262349e-03 9.980252971385878968e-01 -6.257536224300301597e-02 -6.707620000000000360e+00 5.656452380576690864e-01 5.468648158426902411e-02 8.228334299204281832e-01 1.117560000000000002e+02
8.171281083782961918e-01 -3.181183147152558122e-02 -5.755776766662643595e-01 -3.115820000000000078e+01 -4.222719445791046217e-03 9.981190248204750981e-01 -6.116028884746909505e-02 -6.785680000000000156e+00 5.764406501441321495e-01 5.240629418162449232e-02 8.154567782485833138e-01 1.127770000000000010e+02
8.114835468949096464e-01 -3.084399531088299201e-02 -5.835607089858938501e-01 -3.173740000000000094e+01 -4.484175521500932682e-03 9.982480417516985671e-01 -5.899779071110604345e-02 -6.862309999999999910e+00 5.843580625684472452e-01 5.049252511175615632e-02 8.099235517128079431e-01 1.136359999999999957e+02
8.039532921590586412e-01 -2.986026989517027996e-02 -5.939423105895040855e-01 -3.245550000000000068e+01 -5.832710252161456277e-03 9.982946572511797179e-01 -5.808404940139900996e-02 -6.941390000000000171e+00 5.946638407686528627e-01 5.016115614235200360e-02 8.024081099395350414e-01 1.145600000000000023e+02
7.970934313473874155e-01 -3.047907074248606962e-02 -6.030863022400048123e-01 -3.320450000000000301e+01 -7.807872820657306423e-03 9.981216741258922553e-01 -6.076315299704816014e-02 -7.033920000000000172e+00 6.038055140729210457e-01 5.314273126967385824e-02 7.953582534231571355e-01 1.155840000000000032e+02
7.908936112951525654e-01 -3.321765204577661890e-02 -6.110514570844896021e-01 -3.391749999999999687e+01 -6.350958233980316323e-03 9.980263646615552542e-01 -6.247432088426860958e-02 -7.113859999999999850e+00 6.119207145881093712e-01 5.329130354012778098e-02 7.891217117941766723e-01 1.164809999999999945e+02
7.839496738192366365e-01 -3.525212116434973952e-02 -6.198227140659873236e-01 -3.476809999999999690e+01 -5.591683012152988755e-03 9.979451211811254385e-01 -6.382999445308268349e-02 -7.198409999999999975e+00 6.207991961977756823e-01 5.350535547216719173e-02 7.821416335523847518e-01 1.174779999999999944e+02
7.750337668551081638e-01 -3.749127106738472937e-02 -6.308066778563252708e-01 -3.552790000000000248e+01 -2.719693256368112960e-03 9.980313282387803797e-01 -6.265836833597691891e-02 -7.291879999999999917e+00 6.319139684347649943e-01 5.027795190426484484e-02 7.734060150072142870e-01 1.184009999999999962e+02
7.672226588726783758e-01 -3.922462044211477705e-02 -6.401803034017133909e-01 -3.632829999999999870e+01 -4.826206598690999106e-04 9.980925991786225859e-01 -6.173273476981384206e-02 -7.376269999999999882e+00 6.413806660553750261e-01 4.767171715004134974e-02 7.657403271307643422e-01 1.193559999999999945e+02
7.617250454307079588e-01 -3.922389528186207008e-02 -6.467120233941097140e-01 -3.723020000000000351e+01 -9.403674667324696257e-04 9.980977888684028354e-01 -6.164348761250163650e-02 -7.481810000000000294e+00 6.478997382871931610e-01 4.756353534928463994e-02 7.602391986950317593e-01 1.204170000000000016e+02
7.553145393233650084e-01 -4.124073068644926177e-02 -6.540635663444194225e-01 -3.816949999999999932e+01 -4.956637522603966894e-04 9.979818277458111231e-01 -6.349823467290213741e-02 -7.583990000000000009e+00 6.553622669975573967e-01 4.828533547132108500e-02 7.537697429415990413e-01 1.214060000000000059e+02
7.485501264192200299e-01 -4.042721249215949775e-02 -6.618446560393786982e-01 -3.898819999999999908e+01 -3.037277883017188568e-03 9.979201391991585623e-01 -6.439076582704471308e-02 -7.676009999999999778e+00 6.630712504556588449e-01 5.020992203584623975e-02 7.468704576754412461e-01 1.223649999999999949e+02
7.407662967460855175e-01 -4.202204645573408281e-02 -6.704471949503276740e-01 -3.990930000000000177e+01 -3.467728652282710267e-03 9.977890218204524819e-01 -6.637049640147880958e-02 -7.779420000000000002e+00 6.717538749148266319e-01 5.148995578029466613e-02 7.389827575733134424e-01 1.232939999999999969e+02
7.332197980388448499e-01 -4.066745966291262365e-02 -6.787745468772682367e-01 -4.079729999999999990e+01 -5.644751911664872002e-03 9.978116215720526094e-01 -6.587947048668972572e-02 -7.882970000000000255e+00 6.799682820100737546e-01 5.213564596623160297e-02 7.313856779291979526e-01 1.242570000000000050e+02
