1.000000000000000000e+00 0.000000000000000000e+00 5.093169999999999794e-11 0.000000000000000000e+00 0.000000000000000000e+00 1.000000000000000000e+00 0.000000000000000000e+00 0.000000000000000000e+00 -5.093169999999999794e-11 0.000000000000000000e+00 1.000000000000000000e+00 0.000000000000000000e+00
9.999290732146307592e-01 -2.717288722202613246e-03 1.159589936700624810e-02 3.703140000000000164e-03 2.702619826487062237e-03 9.999955280858071616e-01 1.280489930100969656e-03 -2.091099999999999903e-02 -1.159932697198524931e-02 -1.249059801531310137e-03 9.999319454159913967e-01 2.808720000000000105e-01
9.997819699435773755e-01 -4.556508380600799921e-03 2.037770367625179810e-02 1.995840000000000114e-02 4.514962571353392518e-03 9.999876352634879950e-01 2.084330376024865882e-03 -3.022740000000000149e-02 -2.038694898014141790e-02 -1.991871359966970820e-03 9.997901803677441412e-01 5.794099999999999806e-01
9.997272402579342465e-01 -7.397950495363012254e-03 2.215209729850967438e-02 3.237109999999999987e-02 7.372916651639434445e-03 9.999720857338986191e-01 1.211549852249194960e-03 -3.681399999999999950e-02 -2.216044192480058281e-02 -1.047893823183076653e-03 9.997538780781162204e-01 8.693899999999999961e-01
9.997822522765426045e-01 -8.419866010589424979e-03 1.909329435187724633e-02 3.530069999999999736e-02 8.422668624197804030e-03 9.999645264947524259e-01 -6.637298036573816918e-05 -4.141310000000000130e-02 -1.909205819419845795e-02 2.271750190704940778e-04 9.998177042368374678e-01 1.179950000000000054e+00
9.998571117213507220e-01 -1.087239500038798996e-02 1.294400120495116033e-02 3.421409999999999729e-02 1.089275090546750445e-02 9.999395424311252611e-01 -1.503150139927559963e-03 -4.506899999999999795e-02 -1.292687580004061795e-02 1.643931138237118752e-03 9.999150930816390614e-01 1.494779999999999998e+00
9.999282749525284508e-01 -1.184139887261021797e-02 1.796169034467650976e-03 1.501790000000000069e-02 1.184640326704743639e-02 9.999259041986943153e-01 -2.801578494008852369e-03 -5.491320000000000229e-02 -1.762861337463275972e-03 2.822655693376461151e-03 9.999944624520384906e-01 1.822040000000000104e+00
9.998397117861894667e-01 -1.101980345145215680e-02 -1.411079966554103227e-02 -3.895019999999999906e-03 1.097420534131655391e-02 9.999343204003973140e-01 -3.304799921668509933e-03 -6.286239999999999883e-02 1.414629111945208545e-02 3.149415388132236013e-03 9.998949763001495628e-01 2.152810000000000112e+00
9.993901946329249997e-01 -6.969928236316253259e-03 -3.421489400750870463e-02 -4.059719999999999995e-02 6.869338959415544413e-03 9.999717342915115381e-01 -3.056599464658704430e-03 -7.118009999999999615e-02 3.423523117820456013e-02 2.819701829502103702e-03 9.994098249605952722e-01 2.491999999999999993e+00
9.985195586861502770e-01 -3.274219481336358879e-03 -5.429521533251249060e-02 -8.689589999999999814e-02 3.028315517603396081e-03 9.999847853918931717e-01 -4.610671302014825688e-03 -7.622230000000000671e-02 5.430948560188823132e-02 4.439422430611675817e-03 9.985142819720411733e-01 2.841149999999999842e+00
9.972020026114579716e-01 -2.594320576184747269e-03 -7.470900540393921041e-02 -1.383350000000000135e-01 2.215631337310411397e-03 9.999842774690380631e-01 -5.151290372609165086e-03 -8.453879999999999728e-02 7.472119488789616404e-02 4.971349462046721970e-03 9.971920721300642221e-01 3.192320000000000046e+00
9.954550758857777515e-01 -3.757108816513943586e-03 -9.515816321567693858e-02 -1.807529999999999970e-01 3.403575962736369621e-03 9.999866912188011270e-01 -3.877248501211492254e-03 -9.082590000000000108e-02 9.517146402103113245e-02 3.535748664022481981e-03 9.954546151972366586e-01 3.590120000000000200e+00
9.936486849630919993e-01 -4.992581534751854185e-03 -1.124160353363204273e-01 -2.384630000000000083e-01 4.670826767351699861e-03 9.999842075920657436e-01 -3.125370982414210456e-03 -9.860720000000000596e-02 1.124298636858881012e-01 2.580444939769247110e-03 9.936563123411864540e-01 3.976220000000000088e+00
9.916926362777750414e-01 -4.541809644200213089e-03 -1.285499401695407162e-01 -3.091169999999999751e-01 4.192609503475816513e-03 9.999867500537351628e-01 -2.986928609806350620e-03 -1.053390000000000021e-01 1.285618029509076610e-01 2.423155406606305236e-03 9.916985384379103374e-01 4.349359999999999893e+00
9.894398478648888107e-01 -3.276459730217587581e-03 -1.449070469947611739e-01 -4.013729999999999798e-01 3.023579070782966491e-03 9.999934977210577225e-01 -1.965320637372549271e-03 -1.128949999999999954e-01 1.449125440626462258e-01 1.506428637945298127e-03 9.894433208860680118e-01 4.777449999999999974e+00
9.872711667752704923e-01 -2.460258921128841928e-03 -1.590270114799280099e-01 -4.858009999999999828e-01 2.159238351903549225e-03 9.999955353796341484e-01 -2.065650149116271452e-03 -1.195110000000000061e-01 1.590313835189011427e-01 1.695979610691465949e-03 9.872720712697307111e-01 5.205680000000000085e+00
9.851421081468153540e-01 -4.023851515049221318e-03 -1.716940167129690498e-01 -5.600089999999999790e-01 3.581351620728562713e-03 9.999894197210894564e-01 -2.886930281018390641e-03 -1.263769999999999893e-01 1.717038167211700495e-01 2.229139938090947144e-03 9.851460958956895775e-01 5.638790000000000191e+00
9.833419140297647854e-01 -6.965129986958618589e-03 -1.816319549984072856e-01 -6.529460000000000264e-01 6.230654526147323159e-03 9.999699443431304680e-01 -4.614038856814058065e-03 -1.386479999999999935e-01 1.816586333110938867e-01 3.405491838363430834e-03 9.833557563612898011e-01 6.082679999999999865e+00
9.820681006359669452e-01 -6.393392150862723701e-03 -1.884180730452083008e-01 -7.630419999999999980e-01 5.205569132771824085e-03 9.999633414858163372e-01 -6.798362635563597912e-03 -1.468389999999999973e-01 1.884546305169180203e-01 5.695631775841986620e-03 9.820653807234047683e-01 6.533369999999999678e+00
9.805669188002007486e-01 -6.416480044304373985e-03 -1.960799493536284355e-01 -8.689019999999999522e-01 4.768566143456403998e-03 9.999492441782080743e-01 -8.875237707574956322e-03 -1.519000000000000072e-01 1.961269449403011955e-01 7.767744284637773458e-03 9.805477467299145156e-01 7.019529999999999603e+00
9.791664409435555383e-01 -6.753696655217978836e-03 -2.029469598476898173e-01 -9.671170000000000044e-01 4.577864134140697747e-03 9.999269254309611776e-01 -1.118869778635725801e-02 -1.615709999999999924e-01 2.030076946568771523e-01 1.002653378164084300e-02 9.791258062835570541e-01 7.485719999999999708e+00
9.770932115011836672e-01 -1.071240502597512606e-02 -2.125419968308915331e-01 -1.076580000000000092e+00 8.126793712515841678e-03 9.998820137381266848e-01 -1.303509980564008207e-02 -1.740970000000000018e-01 2.126565570638663805e-01 1.100922256784046989e-02 9.770649854314678029e-01 7.988819999999999588e+00
9.753617967329536453e-01 -1.646589650853820183e-02 -2.199959993409756065e-01 -1.201300000000000034e+00 1.374752762702221784e-02 9.998091323417979126e-01 -1.388179995841540629e-02 -1.916470000000000118e-01 2.201825855012350674e-01 1.051537627055306942e-02 9.754019970780661852e-01 8.505219999999999558e+00
9.734143978416393006e-01 -1.716580279712953683e-02 -2.284069729428785389e-01 -1.332089999999999996e+00 1.387102098135789899e-02 9.997754087406173218e-01 -1.602269810194897892e-02 -2.120589999999999975e-01 2.286307172090695228e-01 1.242848711072792704e-02 9.734338846868877404e-01 9.019989999999999952e+00
9.714410759547658092e-01 -1.385589293020500490e-02 -2.368760228029709591e-01 -1.483449999999999935e+00 9.220730445711956824e-03 9.997439433948434040e-01 -2.066460198928669195e-02 -2.201490000000000113e-01 2.371016956453379232e-01 1.789027323533114167e-02 9.713200935045411821e-01 9.561510000000000176e+00
9.694517113070837411e-01 -1.083359473101495711e-02 -2.450428792455943139e-01 -1.633099999999999996e+00 5.181168755298013254e-03 9.997056897126863628e-01 -2.369998832090932858e-02 -2.376729999999999954e-01 2.452275166739978918e-01 2.170638572600791169e-02 9.692225223779200594e-01 1.010490000000000066e+01
9.670767133318691755e-01 -1.351380306779028512e-02 -2.541259680903838469e-01 -1.788119999999999932e+00 7.188487785789683671e-03 9.996412088760958659e-01 -2.580269676005503623e-02 -2.588199999999999945e-01 2.543834825113127640e-01 2.312640576014319063e-02 9.668268785992836234e-01 1.066520000000000046e+01
9.645984925124935216e-01 -1.526129390281848880e-02 -2.632809167999774491e-01 -1.957969999999999988e+00 8.361976021380425339e-03 9.995921496557748087e-01 -2.730589137100096139e-02 -2.851819999999999911e-01 2.635902608209239606e-01 2.413767294000896887e-02 9.643326952589539314e-01 1.122320000000000029e+01
9.627260440157809906e-01 -1.501899347065507179e-02 -2.700610931046026897e-01 -2.128210000000000157e+00 7.174146765438946770e-03 9.995237890369194078e-01 -3.001211034679071576e-02 -3.096300000000000163e-01 2.703832387407038018e-01 2.695598234916362496e-02 9.623753317826051479e-01 1.180339999999999989e+01
9.602517313591824033e-01 -1.429699926564366626e-02 -2.787690948324269558e-01 -2.307869999999999866e+00 5.126912969129938588e-03 9.994223344621533389e-01 -3.359631142888436922e-02 -3.322100000000000053e-01 2.790883859731526639e-01 3.083169132917951832e-02 9.597703264972733406e-01 1.238589999999999947e+01
9.584667128282651216e-01 -1.525700470425100583e-02 -2.847960396628337887e-01 -2.497199999999999864e+00 4.351798629035875075e-03 9.992342197800911929e-01 -3.888490541540375045e-02 -3.634569999999999745e-01 2.851712156737988280e-01 3.603051245718047468e-02 9.577991333902953208e-01 1.300280000000000058e+01
9.563971897927979748e-01 -1.626269405355638964e-02 -2.916160834703040994e-01 -2.695429999999999993e+00 2.944544523488664203e-03 9.989347495419913514e-01 -4.605101318134456612e-02 -4.015489999999999893e-01 2.920543528420491697e-01 4.318438305220534401e-02 9.554262734750454955e-01 1.360870000000000068e+01
9.551283380939363798e-01 -1.661192638451428061e-02 -2.957260584928398384e-01 -2.902010000000000201e+00 6.195182106206956890e-04 9.985358608000790559e-01 -5.409021069871911003e-02 -4.395049999999999790e-01 2.961916169764123863e-01 5.147988537322704949e-02 9.537401886440864951e-01 1.423729999999999940e+01
9.541133897448303980e-01 -1.674222263552898465e-02 -2.989771521217828298e-01 -3.103229999999999933e+00 -2.142664940550027472e-03 9.980285023698673985e-01 -6.272573191531560788e-02 -4.825900000000000190e-01 2.994378875436137233e-01 6.048806856382410446e-02 9.521964844846027010e-01 1.485720000000000063e+01
9.525502074825145105e-01 -1.580497813158442122e-02 -3.039708948094842489e-01 -3.326550000000000118e+00 -6.304385961890627069e-03 9.974123195525339547e-01 -7.161647521679181949e-02 -5.296539999999999582e-01 3.043162120930495984e-01 7.013463816898166114e-02 9.499856712531216107e-01 1.548920000000000030e+01
9.514675444329225851e-01 -1.490171961967979089e-02 -3.073881107706685767e-01 -3.541129999999999889e+00 -9.796862677603834085e-03 9.968541096234239118e-01 -7.865052834257832415e-02 -5.888539999999999885e-01 3.075931295924220765e-01 7.784486418041330902e-02 9.483283417404925197e-01 1.613899999999999935e+01
9.497270315994484902e-01 -1.400268884931014229e-02 -3.127658711469166186e-01 -3.785919999999999952e+00 -1.332403568258535079e-02 9.962864603256471607e-01 -8.506326495569054014e-02 -6.508990000000000054e-01 3.127955171073099616e-01 8.495418575198178390e-02 9.460136102619182141e-01 1.681099999999999994e+01
9.481592668994685003e-01 -1.249246410808649115e-02 -3.175499062087259738e-01 -4.026699999999999946e+00 -1.735549470423125573e-02 9.957003713125994748e-01 -9.099207312465758257e-02 -7.220090000000000119e-01 3.173212747299397063e-01 9.178621306307284400e-02 9.438657212206121860e-01 1.747599999999999909e+01
9.467047197887846766e-01 -1.042360030988158555e-02 -3.219340337494910331e-01 -4.263060000000000294e+00 -2.184324322392165729e-02 9.950978000648915689e-01 -9.645331011154395506e-02 -7.967330000000000245e-01 3.213612395033028646e-01 9.834488732309831782e-02 9.418360987360315795e-01 1.816400000000000148e+01
9.451807392209262693e-01 -7.783689680384849041e-03 -3.264548734216459747e-01 -4.525920000000000165e+00 -2.618298556663630622e-02 9.946906414465833679e-01 -9.952376141104045393e-02 -8.737120000000000442e-01 3.254962695217883950e-01 1.026155056194913567e-01 9.399586355440623375e-01 1.886220000000000141e+01
9.432798322384895462e-01 -7.097694608464133123e-03 -3.319228537226264208e-01 -4.777599999999999625e+00 -2.805805784394020674e-02 9.944903963199708263e-01 -1.010029554883103420e-01 -9.493639999999999857e-01 3.308109784788787477e-01 1.045871615380801478e-01 9.378835866776080721e-01 1.953709999999999880e+01
9.410870339134808082e-01 -6.069596645494449577e-03 -3.381099741156538552e-01 -5.051660000000000039e+00 -2.952902893501263212e-02 9.945447380820143790e-01 -1.000439923410324089e-01 -1.038510000000000044e+00 3.368727223300846396e-01 1.041341632219626862e-01 9.357739283608939029e-01 2.027700000000000102e+01
9.391855959292531031e-01 -6.153930789479174907e-03 -3.433548391021335466e-01 -5.321089999999999876e+00 -2.957175181073779316e-02 9.946761842218473371e-01 -9.871575374128349623e-02 -1.125029999999999974e+00 3.421343711085716444e-01 1.028660180900568266e-01 9.340035623210642957e-01 2.101790000000000092e+01
9.367728501916989803e-01 -6.160881463419930898e-03 -3.498837959713401724e-01 -5.583560000000000301e+00 -2.959376493978445669e-02 9.948684786645906053e-01 -9.675184358084253089e-02 -1.206509999999999971e+00 3.486844364470680913e-01 1.009888790867426306e-01 9.317834566466577373e-01 2.170349999999999824e+01
9.337777235965576406e-01 -6.076457016296962430e-03 -3.578019558148890500e-01 -5.888889999999999958e+00 -2.936162902249060680e-02 9.951836250304550990e-01 -9.352778845021483822e-02 -1.287700000000000067e+00 3.566469650171950612e-01 9.783981368222038899e-02 9.291018852648249560e-01 2.240830000000000055e+01
9.298846373950908628e-01 -3.555005928699828815e-03 -3.678340972088465222e-01 -6.181799999999999962e+00 -3.125233101663359159e-02 9.955744074259373910e-01 -8.862782342199529428e-02 -1.374489999999999990e+00 3.665212857974650129e-01 9.390932441105367956e-02 9.256582446270504860e-01 2.321930000000000049e+01
9.265285114985573056e-01 -2.209244462561767500e-03 -3.762180705643633494e-01 -6.504419999999999646e+00 -3.118170100279649137e-02 9.960913772608183114e-01 -8.264181550049704006e-02 -1.452749999999999986e+00 3.749301520321349224e-01 8.830111769140089328e-02 9.228381730897402546e-01 2.395260000000000034e+01
9.231527622025865742e-01 1.260154771793278033e-03 -3.844312547747461561e-01 -6.865960000000000285e+00 -3.434309719954573015e-02 9.962666739305052754e-01 -7.920395249096331969e-02 -1.532820000000000071e+00 3.828962383106906398e-01 8.631990746866766151e-02 9.197496095471437982e-01 2.471699999999999875e+01
9.196267660051359316e-01 1.862322896086850144e-03 -3.927889293251093372e-01 -7.143010000000000304e+00 -3.480189710563592193e-02 9.964423140036913207e-01 -7.675638618914945588e-02 -1.605429999999999913e+00 3.912485644763233905e-01 8.425702710397414696e-02 9.164198351076958682e-01 2.543919999999999959e+01
9.155303367297833450e-01 3.478819133606120273e-03 -4.022338876137678820e-01 -7.547220000000000262e+00 -3.720439774784413400e-02 9.964086181636974127e-01 -7.606377874738616540e-02 -1.685300000000000020e+00 4.005247000069656060e-01 8.460356651197843691e-02 9.123717450786074101e-01 2.623420000000000130e+01
9.117047706933056883e-01 3.605487042687687688e-03 -4.108301492810039757e-01 -7.875580000000000247e+00 -3.777232867265843674e-02 9.964619816850431855e-01 -7.507842728081914885e-02 -1.755649999999999933e+00 4.091059303917649603e-01 8.396737175535265441e-02 9.086153301583607123e-01 2.700069999999999837e+01
9.082687603884939120e-01 4.207155038971309435e-03 -4.183660583135618283e-01 -8.260930000000000106e+00 -3.831592624756279680e-02 9.965837917389370748e-01 -7.316171019757657101e-02 -1.827649999999999997e+00 4.166290300712852113e-01 8.248057886388109050e-02 9.053271261881747911e-01 2.777299999999999969e+01
9.043438460253451217e-01 4.220092587765875841e-03 -4.267837848075269891e-01 -8.625049999999999883e+00 -3.810872670438361642e-02 9.967555228221084418e-01 -7.089536425321367463e-02 -1.901280000000000081e+00 4.250999095566327934e-01 8.037797299121153538e-02 9.015705454110436445e-01 2.854360000000000142e+01
8.999149853081286343e-01 4.533546942088493431e-03 -4.360418169969419999e-01 -9.054190000000000182e+00 -3.739087519070169452e-02 9.970654169686969936e-01 -6.680177196386201388e-02 -1.973100000000000076e+00 4.344593671108313293e-01 7.641990079267528546e-02 8.974436233505108662e-01 2.936329999999999885e+01
8.959114257027255279e-01 5.132110404865374356e-03 -4.442030827651943237e-01 -9.439529999999999532e+00 -3.631152938771498723e-02 9.974332128383480711e-01 -6.171271149848966270e-02 -2.037459999999999827e+00 4.427461915463925535e-01 7.141881663653479317e-02 8.937981665350417382e-01 3.015859999999999985e+01
8.928877747488602745e-01 4.772253465289184524e-03 -4.502539808828918688e-01 -9.819710000000000605e+00 -3.418903532480409291e-02 9.977757884242467457e-01 -5.722399757035495638e-02 -2.099029999999999951e+00 4.489794333458803632e-01 6.648835711036728269e-02 8.910649621667190434e-01 3.089910000000000068e+01
8.885820547479954534e-01 4.135471255169555563e-03 -4.586990624116513149e-01 -1.028829999999999956e+01 -3.300120361599513663e-02 9.979445796878400055e-01 -5.493210747418910550e-02 -2.170259999999999856e+00 4.575290728901562631e-01 6.394930608816563888e-02 8.868921206725856043e-01 3.179050000000000153e+01
8.853365766567221629e-01 4.589266919611421566e-03 -4.649280424569983694e-01 -1.070170000000000066e+01 -3.335034550271356174e-02 9.980023985908239581e-01 -5.365600489983976540e-02 -2.230039999999999800e+00 4.637530598158955408e-01 6.300913454494162791e-02 8.837210807009708846e-01 3.257350000000000279e+01
8.823443255568901300e-01 4.893686564149374307e-03 -4.705789444815487998e-01 -1.115220000000000056e+01 -3.317293816663689082e-02 9.981053117356558646e-01 -5.182029388629158517e-02 -2.286439999999999806e+00 4.694337518020506028e-01 6.133382848706744883e-02 8.808348960799462501e-01 3.341270000000000095e+01
8.788078490829331901e-01 2.726937974168073056e-03 -4.771680293141125073e-01 -1.162160000000000082e+01 -3.059170955407673059e-02 9.982485171471893182e-01 -5.063640311077258205e-02 -2.350779999999999870e+00 4.761941953623413104e-01 5.909705426434289088e-02 8.773520538988266448e-01 3.425169999999999959e+01
8.769345650256853419e-01 1.711082263109970497e-03 -4.806067424211826200e-01 -1.211239999999999917e+01 -2.954299937321440070e-02 9.982945309697406344e-01 -5.035117301453671812e-02 -2.409769999999999968e+00 4.797009275071775214e-01 5.835324869614740007e-02 8.754895307856965792e-01 3.508959999999999724e+01
8.745412618380146164e-01 4.223981064441686278e-04 -4.849509283655542569e-01 -1.255690000000000062e+01 -2.866915694153610722e-02 9.982956772138747992e-01 -5.083129249146409179e-02 -2.467490000000000183e+00 4.841029444064917642e-01 5.835719695059790602e-02 8.730628710356628241e-01 3.588479999999999848e+01
8.733968894541462857e-01 5.708500660295597745e-04 -4.870087757135635465e-01 -1.309079999999999977e+01 -2.923467629740242324e-02 9.982574020707792872e-01 -5.125907639320653048e-02 -2.533510000000000151e+00 4.861308539823490649e-01 5.900706179009932578e-02 8.718915984600903446e-01 3.684089999999999776e+01
8.719426664483237444e-01 1.407265392171576021e-03 -4.896059701751023785e-01 -1.357740000000000080e+01 -2.991163478303180551e-02 9.982810646375277486e-01 -5.040049692979713114e-02 -2.590990000000000126e+00 4.886934422842133530e-01 5.859125865075749673e-02 8.704859469733708943e-01 3.766590000000000060e+01
8.727134103593768844e-01 1.012953455205503964e-03 -4.882317864541425578e-01 -1.403800000000000026e+01 -2.844881662085633339e-02 9.984042770670659150e-01 -4.878077866395941209e-02 -2.648299999999999876e+00 4.874032911376150468e-01 5.646125626911693840e-02 8.713496188836800105e-01 3.848700000000000188e+01
8.711541563135111188e-01 -8.074708929009001557e-04 -4.910089448558467295e-01 -1.457910000000000039e+01 -2.625348672171631120e-02 9.984915929458595407e-01 -4.822129458437063310e-02 -2.718649999999999789e+00 4.903072407915750053e-01 5.489887801400958334e-02 8.698189023125190156e-01 3.951019999999999754e+01
8.706840116714449351e-01 -2.359299681982578514e-03 -4.918371534611122864e-01 -1.507590000000000074e+01 -2.480333471622646335e-02 9.985055176032611168e-01 -4.869831519465855213e-02 -2.777260000000000062e+00 4.912170054127543151e-01 5.460004597849780344e-02 8.693242712431719088e-01 4.035119999999999862e+01
8.706131881408020190e-01 -3.880198296945575401e-03 -4.919528643035680493e-01 -1.556930000000000014e+01 -2.334878946037650255e-02 9.985161837804478191e-01 -4.919618643010856274e-02 -2.836770000000000014e+00 4.914137876230615931e-01 5.431735256533926082e-02 8.692307602381827980e-01 4.120920000000000272e+01
8.678094383217511698e-01 -5.082559237725506329e-03 -4.968711566908283195e-01 -1.615060000000000073e+01 -2.138034330862123578e-02 9.986396803875499106e-01 -4.755701499734482640e-02 -2.906010000000000204e+00 4.964369644574144202e-01 5.189370238330655305e-02 8.665202732615437942e-01 4.220450000000000301e+01
8.650505471752341080e-01 -5.185752325539124373e-03 -5.016579101386186013e-01 -1.666939999999999955e+01 -1.952323601390409252e-02 9.988411552715485975e-01 -4.399079211998203204e-02 -2.971109999999999918e+00 5.013046918665070573e-01 4.784824457194056940e-02 8.639468452422349731e-01 4.315740000000000265e+01
8.632062198357000060e-01 -5.060610669743724130e-03 -5.048261208144945167e-01 -1.716659999999999897e+01 -1.740438614474310725e-02 9.990570774063355364e-01 -3.977490951889250947e-02 -3.028519999999999879e+00 5.045513941908058575e-01 4.312013803271839973e-02 8.623042063658007406e-01 4.394310000000000116e+01
8.598487211457783719e-01 -6.214897274963358115e-03 -5.105110692196900279e-01 -1.771770000000000067e+01 -1.475446573860510549e-02 9.992057821811404228e-01 -3.701500501882785954e-02 -3.088909999999999823e+00 5.103356566856148691e-01 3.935962280862427554e-02 8.590741164810082875e-01 4.488329999999999842e+01
8.524038446037934813e-01 -8.966954046316664984e-03 -5.228071149475713719e-01 -1.829830000000000112e+01 -1.357253885301813387e-02 9.991366145869589044e-01 -3.926590863324295327e-02 -3.153630000000000155e+00 5.227078265089927234e-01 4.056623136109780564e-02 8.515461872261554932e-01 4.582300000000000040e+01
8.471883190622836457e-01 -1.143289373434490559e-02 -5.311696913278104448e-01 -1.883599999999999852e+01 -1.334363279222016037e-02 9.989952004291023924e-01 -4.278477513700339879e-02 -3.213379999999999903e+00 5.311251260374797445e-01 4.333449504121093115e-02 8.461845082670769180e-01 4.666020000000000323e+01
8.393670727570352597e-01 -1.123152758660105228e-02 -5.434489580074263193e-01 -1.943479999999999919e+01 -1.412004139856932843e-02 9.989985931889208137e-01 -4.245509671947336056e-02 -3.280590000000000117e+00 5.433815801094002973e-01 4.330893204211538200e-02 8.383679352188887490e-01 4.767360000000000042e+01
8.332347073050374586e-01 -8.579507187232510851e-03 -5.528528869407419721e-01 -2.003320000000000078e+01 -1.451647413993308044e-02 9.991955047717556715e-01 -3.738469235477343694e-02 -3.336800000000000210e+00 5.527288616680273714e-01 3.917569782838114384e-02 8.324398297647861433e-01 4.856710000000000349e+01
8.294305064868069399e-01 -6.413498483620182211e-03 -5.585730945420120941e-01 -2.060930000000000106e+01 -1.386878002603285365e-02 9.993894379364934855e-01 -3.206880542784717320e-02 -3.393679999999999808e+00 5.584377242357724258e-01 3.434557290510976274e-02 8.288351402855644867e-01 4.940290000000000248e+01
8.250690848528574595e-01 -4.587377134097283746e-03 -5.650132398369952513e-01 -2.119300000000000139e+01 -1.737022318050478187e-02 9.992884824356683682e-01 -3.347841421092764141e-02 -3.447000000000000064e+00 5.647648011046083605e-01 3.743641065124365258e-02 8.244023499425651158e-01 5.025150000000000006e+01
8.210823126011422834e-01 -7.225690069381351249e-03 -5.707640715186805824e-01 -2.179660000000000153e+01 -1.783561957545354987e-02 9.991068676620233902e-01 -3.830610479988529049e-02 -3.501819999999999933e+00 5.705310917101011903e-01 4.163239596277568122e-02 8.202201027763699193e-01 5.111639999999999873e+01
8.177134830427766898e-01 -8.223303313478279308e-03 -5.755667093679631696e-01 -2.244900000000000162e+01 -2.146579977857835178e-02 9.987668350995503319e-01 -4.476637739524671339e-02 -3.571099999999999941e+00 5.752250682036700313e-01 4.896107012558250510e-02 8.165285876944181620e-01 5.203150000000000119e+01
8.158142042443837783e-01 -9.489576732005230303e-03 -5.782362251593636815e-01 -2.309100000000000108e+01 -2.153842715407027625e-02 9.986731090083368345e-01 -4.677731821461670464e-02 -3.634479999999999933e+00 5.779128656716613355e-01 5.061589944938337665e-02 8.145273171687357205e-01 5.288640000000000185e+01
8.099740151028288482e-01 -7.854009201995222969e-03 -5.864131729400844373e-01 -2.372710000000000008e+01 -2.134661171569871008e-02 9.988529013853210126e-01 -4.286261264068440269e-02 -3.702920000000000211e+00 5.860771425558769510e-01 4.723553676609526519e-02 8.088772385473319559e-01 5.382019999999999982e+01
8.088573777655433394e-01 -6.490448638560197998e-03 -5.879690608448027156e-01 -2.433399999999999963e+01 -1.893660872871030798e-02 9.991328668306753702e-01 -3.707990383713970911e-02 -3.758809999999999985e+00 5.876998785809852688e-01 4.112649383531263164e-02 8.080330836176878861e-01 5.461310000000000286e+01
8.052325748380481096e-01 -5.450721130032788742e-03 -5.929340520318006069e-01 -2.498499999999999943e+01 -1.847747009680094157e-02 9.992414754181203618e-01 -3.427910300809752786e-02 -3.819360000000000088e+00 5.926711428089858069e-01 3.855857159414166624e-02 8.045210705992169586e-01 5.549860000000000326e+01
8.016885335746340990e-01 -3.288017709786695414e-03 -5.977329538134007469e-01 -2.567030000000000101e+01 -2.146276337476127338e-02 9.991816952705335764e-01 -3.428249735100439427e-02 -3.876650000000000151e+00 5.973565475687631077e-01 4.031288597759711406e-02 8.009619381099737367e-01 5.639629999999999654e+01
7.973381636197898192e-01 -5.155684784249093405e-03 -6.035107884286964319e-01 -2.630079999999999885e+01 -2.092198963517391541e-02 9.991263735929921674e-01 -3.617678731759199628e-02 -3.932999999999999829e+00 6.031700615789273856e-01 4.147177962569333076e-02 7.965337207611181691e-01 5.729209999999999781e+01
7.949663020043367112e-01 -6.780983387767453539e-03 -6.066156913086278024e-01 -2.703519999999999968e+01 -2.112052837489117318e-02 9.990219860640225935e-01 -3.884578023236559541e-02 -3.994740000000000180e+00 6.062858252991858432e-01 4.369313018073493760e-02 7.940455959302930022e-01 5.811730000000000018e+01
7.894201358540463564e-01 -7.548404909417630489e-03 -6.138068675825503195e-01 -2.761240000000000094e+01 -2.093597147234341205e-02 9.990115874562905951e-01 -3.921139154086937528e-02 -4.051879999999999704e+00 6.134961566356289531e-01 4.380490510645605740e-02 7.884818298996661978e-01 5.899779999999999802e+01
7.849416355359496444e-01 -8.959881193891600093e-03 -6.195049227658645519e-01 -2.830489999999999995e+01 -1.866098885567653645e-02 9.990998909840179687e-01 -3.809429525075613138e-02 -4.109589999999999854e+00 6.192886211590494794e-01 4.146237287848842518e-02 7.840679022496765960e-01 5.980030000000000001e+01
7.801223932333970490e-01 -8.992663721981330321e-03 -6.255622939204220634e-01 -2.898250000000000171e+01 -1.857146851255621692e-02 9.991231887104526921e-01 -3.752271763004758065e-02 -4.169270000000000032e+00 6.253512230203793765e-01 4.088992272235925096e-02 7.792713661406245329e-01 6.063989999999999725e+01
7.743372913917710987e-01 -9.817368968328231763e-03 -6.326969088170061317e-01 -2.972520000000000095e+01 -1.860981781700797588e-02 9.990938013445962440e-01 -3.827859448336670689e-02 -4.233039999999999914e+00 6.324993548145904088e-01 4.141491737700275788e-02 7.734528885315400393e-01 6.153670000000000329e+01
7.693546005781264352e-01 -1.101489719038370452e-02 -6.387269922346768825e-01 -3.035200000000000031e+01 -1.839102433991218408e-02 9.990550070443758868e-01 -3.938099952122550707e-02 -4.289279999999999760e+00 6.385571773874288981e-01 4.204479681776668309e-02 7.684249906578731748e-01 6.233080000000000354e+01
7.636961800156990554e-01 -1.217279199316619390e-02 -6.454610505402476051e-01 -3.117099999999999937e+01 -1.786713908225859987e-02 9.990406822195431191e-01 -3.998100313055265309e-02 -4.356040000000000134e+00 6.453285287126582226e-01 4.206588172618211385e-02 7.627460597237816220e-01 6.318319999999999936e+01
7.583459236269387560e-01 -1.380271409508827818e-02 -6.517061801164805157e-01 -3.181700000000000017e+01 -1.713640891726269516e-02 9.990081236878494142e-01 -4.109881135875872310e-02 -4.413429999999999964e+00 6.516270433367736814e-01 4.233501965621046942e-02 7.573572093159757213e-01 6.397529999999999717e+01
7.514328554814239114e-01 -1.551288417965998763e-02 -6.596271781297841086e-01 -3.258290000000000219e+01 -1.662548752431442303e-02 9.989609935574904620e-01 -4.243261145876363327e-02 -4.479589999999999961e+00 6.596000734290531353e-01 4.285188181468800594e-02 7.503942026410703736e-01 6.481610000000000582e+01
7.453355023176638783e-01 -1.630107410021755521e-02 -6.664902579693533502e-01 -3.329070000000000107e+01 -1.577855327001235347e-02 9.989897075164539952e-01 -4.207851628676112510e-02 -4.539930000000000021e+00 6.665028328833878524e-01 4.187886411268881837e-02 7.443252880959034812e-01 6.562350000000000705e+01
7.399722105019975738e-01 -1.654121814550497949e-02 -6.724340233711038062e-01 -3.392399999999999949e+01 -1.477082261413197907e-02 9.990569140201063236e-01 -4.083020141909368683e-02 -4.593060000000000365e+00 6.724752415398570493e-01 4.014561807825020590e-02 7.390300256857131878e-01 6.629380000000000450e+01
7.323598139703612064e-01 -1.750076103045118334e-02 -6.806929015676987937e-01 -3.459199999999999875e+01 -1.301466002504685082e-02 9.991272687530572405e-01 -3.969029426054393461e-02 -4.649289999999999701e+00 6.807934499580106102e-01 3.792656321644713446e-02 7.314928942217131524e-01 6.705180000000000007e+01
7.261308455507449189e-01 -1.893399593506707793e-02 -6.872957870798359625e-01 -3.532139999999999702e+01 -1.207692281752243899e-02 9.991153029397819019e-01 -4.028348752041415598e-02 -4.713779999999999859e+00 6.874504659064679668e-01 3.755150102830272923e-02 7.252597753188174678e-01 6.786719999999999686e+01
7.200789589915866928e-01 -2.050860705088005179e-02 -6.935889920222387817e-01 -3.629820000000000135e+01 -1.219139632134579390e-02 9.990349131884268541e-01 -4.219729951464054607e-02 -4.792329999999999757e+00 6.937850262677399682e-01 3.884120579262441419e-02 7.191339917284166328e-01 6.878900000000000148e+01
7.141741359596488481e-01 -1.956408356942793136e-02 -6.996946120704214955e-01 -3.710379999999999967e+01 -1.399484673325890327e-02 9.990104163861202036e-01 -4.221767659338060419e-02 -4.852999999999999758e+00 6.998281559005765651e-01 3.994289155931407542e-02 7.131936045862156126e-01 6.959310000000000684e+01
7.081818273568568634e-01 -1.960556390283842848e-02 -7.057578347177981826e-01 -3.778900000000000148e+01 -1.323441791866929000e-02 9.990701190851127844e-01 -4.103349039032186396e-02 -4.905420000000000336e+00 7.059060486947659196e-01 3.839946634147863025e-02 7.072638343651063142e-01 7.024410000000000309e+01
7.035015320337970612e-01 -1.915188790882172212e-02 -7.104356407273135776e-01 -3.861070000000000135e+01 -1.403626946619992641e-02 9.990674273718233023e-01 -4.083207935090810148e-02 -4.969870000000000232e+00 7.105551193015027245e-01 3.869729647113039073e-02 7.025766447016672522e-01 7.103600000000000136e+01
6.989486069173360683e-01 -1.998063459011842000e-02 -7.148927326037741725e-01 -3.942329999999999757e+01 -1.408997929187804851e-02 9.990309140659233700e-01 -4.169778440349207471e-02 -5.038230000000000430e+00 7.150330883056179587e-01 3.921743211866149381e-02 6.979897389261165985e-01 7.185880000000000223e+01
6.931593789443452058e-01 -2.142289915873408709e-02 -7.204659150668575318e-01 -4.028430000000000177e+01 -1.496173383107639136e-02 9.989152035740586077e-01 -4.409719480153987542e-02 -5.106410000000000338e+00 7.206290459745969823e-01 4.134580341741640047e-02 6.920869184123557005e-01 7.266169999999999618e+01
6.888214737254229059e-01 -2.375860371127579140e-02 -7.245415834059678595e-01 -4.114289999999999736e+01 -1.486572295805618782e-02 9.987897005102404080e-01 -4.688437304261003358e-02 -5.178110000000000213e+00 7.247785783366329504e-01 4.306579738440760585e-02 6.876346046265955358e-01 7.345529999999999404e+01
6.827780284158537771e-01 -2.315820602509732415e-02 -7.302587633204128403e-01 -4.195790000000000219e+01 -1.725922547159114764e-02 9.987074033505163317e-01 -4.780838450512438914e-02 -5.250040000000000262e+00 7.304219897077856016e-01 4.524621516290820017e-02 6.814957791246776253e-01 7.427819999999999823e+01
6.787744064270897493e-01 -2.387099640695065569e-02 -7.339587731678743898e-01 -4.282009999999999650e+01 -1.499003500040139644e-02 9.988128769066116908e-01 -4.634798567601821490e-02 -5.316819999999999879e+00 7.341938463581935137e-01 4.246189416496862906e-02 6.776107905823847144e-01 7.500539999999999452e+01
6.744281879919961087e-01 -2.416983096754843699e-02 -7.379447394709395258e-01 -4.364509999999999934e+01 -1.378987766800679818e-02 9.988773798115965219e-01 -4.531908400024047684e-02 -5.385959999999999859e+00 7.382116624083732148e-01 4.074063538679264379e-02 6.733377622802290130e-01 7.575209999999999866e+01
6.679207155695248144e-01 -2.438217337145357627e-02 -7.438329297192873835e-01 -4.455870000000000175e+01 -1.402997139902855718e-02 9.988730737620893363e-01 -4.534029571604299147e-02 -5.463829999999999742e+00 7.441001798250261867e-01 4.071967748841051615e-02 6.668259369952577176e-01 7.657389999999999475e+01
6.630720027361971525e-01 -2.606302569203070713e-02 -7.481017563668629355e-01 -4.542980000000000018e+01 -1.279879195039332340e-02 9.988528499545972217e-01 -4.614298497268575633e-02 -5.535730000000000040e+00 7.484461972059307522e-01 4.017092019552830767e-02 6.619777844147229917e-01 7.736950000000000216e+01
6.597378768216873857e-01 -2.623602215933920623e-02 -7.510376854912587108e-01 -4.630510000000000304e+01 -1.220524790604577553e-02 9.988845031848834211e-01 -4.561558089776424074e-02 -5.608679999999999666e+00 7.513966767363055022e-01 3.926092762968255712e-02 6.586817241667577427e-01 7.811539999999999395e+01
6.545658458116023759e-01 -2.751429694348604682e-02 -7.555041475469522760e-01 -4.721329999999999671e+01 -1.029189777018375655e-02 9.989205916502569282e-01 -4.529600884613020628e-02 -5.676610000000000156e+00 7.559349378995717794e-01 3.742479179376009824e-02 6.535761276408160736e-01 7.890210000000000434e+01
6.510460218129379140e-01 -3.057146229861985171e-02 -7.584223514470493921e-01 -4.808529999999999660e+01 -6.874210096486291569e-03 9.989101140766254439e-01 -4.616632139311611233e-02 -5.749839999999999840e+00 7.590071295561702236e-01 3.526995447044396076e-02 6.501263012634974636e-01 7.965189999999999770e+01
6.459235523004116519e-01 -3.501346954524459792e-02 -7.625987290403922758e-01 -4.904659999999999798e+01 -3.718178708516581277e-03 9.987915053713436464e-01 -4.900718258721596665e-02 -5.827849999999999753e+00 7.633930440675426032e-01 3.449037182242921384e-02 6.450127708199595578e-01 8.046490000000000009e+01
6.399578526111653343e-01 -3.910320870150822692e-02 -7.674144160429566819e-01 -4.998109999999999786e+01 -4.414374314231812868e-04 9.986854688805186786e-01 -5.125562778751933946e-02 -5.906109999999999971e+00 7.684098854220317021e-01 3.314020694179317661e-02 6.390993464787420031e-01 8.128969999999999629e+01
6.321155795286158563e-01 -4.333859403631519502e-02 -7.736612051693930736e-01 -5.089459999999999695e+01 6.150210217622090192e-03 9.986838585587006767e-01 -5.091881350330350331e-02 -5.985070000000000334e+00 7.748497073829746506e-01 2.742839625753959107e-02 6.315501674825667600e-01 8.202979999999999450e+01
6.265901356061530647e-01 -4.687087617481300317e-02 -7.779382513591091008e-01 -5.184000000000000341e+01 1.078342413108984710e-02 9.986157429651736361e-01 -5.148121663406153570e-02 -6.067719999999999558e+00 7.792743545921885229e-01 2.386878439970270896e-02 6.262282023401761766e-01 8.274639999999999418e+01
6.158158329850426105e-01 -4.812612958868998231e-02 -7.864189312928260289e-01 -5.276599999999999824e+01 1.386943530961454868e-02 9.986402281843871354e-01 -5.025269560956563408e-02 -6.146359999999999602e+00 7.877680487358766914e-01 2.003921911272639467e-02 6.156459462127737980e-01 8.350029999999999575e+01
6.064029127024936905e-01 -4.715334631755281614e-02 -7.937581932786513805e-01 -5.372200000000000131e+01 1.524059930678136471e-02 9.987460312344360602e-01 -4.768741161179649440e-02 -6.220299999999999940e+00 7.950114663315882568e-01 1.682043473040147757e-02 6.063611476478174556e-01 8.426359999999999673e+01
6.000353536065882176e-01 -4.708941597163469883e-02 -7.985863518278203399e-01 -5.470870000000000033e+01 1.562335242195421470e-02 9.987654330833927174e-01 -4.715422077441804027e-02 -6.300399999999999778e+00 7.998209082546644533e-01 1.581760352245230317e-02 6.000302643512995804e-01 8.490460000000000207e+01
5.894311379299844722e-01 -4.735989064759858758e-02 -8.064291502645545284e-01 -5.570230000000000103e+01 1.264834651205721389e-02 9.986986564010523759e-01 -4.940660920609345197e-02 -6.376170000000000115e+00 8.077196004611221225e-01 1.892179855563977733e-02 5.892631097993028533e-01 8.566320000000000334e+01
5.800840154117280489e-01 -5.033148555575583938e-02 -8.130001701264010228e-01 -5.668079999999999785e+01 1.466406306852373331e-02 9.985726927477395209e-01 -5.135701074684081990e-02 -6.458840000000000359e+00 8.144246437320820098e-01 1.786949524411662535e-02 5.799941213681325536e-01 8.633729999999999905e+01
5.714080520579802869e-01 -5.080359825709221400e-02 -8.190920781251863625e-01 -5.772050000000000125e+01 1.282755111360449340e-02 9.985130007773345140e-01 -5.298340505356907704e-02 -6.539329999999999643e+00 8.205658364663571680e-01 1.976819877415950458e-02 5.712100544821432369e-01 8.707920000000000016e+01
5.601548634740803889e-01 -5.249671584783087430e-02 -8.267228215983435380e-01 -5.871670000000000300e+01 1.721042319601966131e-02 9.985120631496311461e-01 -5.174418883392503665e-02 -6.619390000000000107e+00 8.282091102250375148e-01 1.475650940632935657e-02 5.602248791069461831e-01 8.772530000000000427e+01
5.491952195564340222e-01 -5.217834991164563285e-02 -8.340635650937271439e-01 -5.977740000000000009e+01 1.841969372439748731e-02 9.985622321364912013e-01 -5.034067375083181584e-02 -6.706080000000000041e+00 8.354910685934706649e-01 1.228366195750136766e-02 5.493667135433799587e-01 8.844029999999999347e+01
5.382164691247317556e-01 -5.272299747892816163e-02 -8.411559414875126039e-01 -6.082909999999999684e+01 1.909846721376764339e-02 9.985481027366850393e-01 -5.036799649630155362e-02 -6.788459999999999717e+00 8.425902212303389982e-01 1.104409606096116991e-02 5.384419625449013980e-01 8.909069999999999823e+01
5.301827308872207878e-01 -5.306659654904442858e-02 -8.462211343376326855e-01 -6.187319999999999709e+01 1.708610675610956406e-02 9.985055185878350947e-01 -5.191140824093774114e-02 -6.872860000000000191e+00 8.477112343391985938e-01 1.306390754481282640e-02 5.302970841846793570e-01 8.976829999999999643e+01
5.180455887835943019e-01 -5.417257126449314536e-02 -8.536358125479815984e-01 -6.294550000000000267e+01 1.707572895470773483e-02 9.984485174080265368e-01 -5.299978836164420670e-02 -6.952880000000000393e+00 8.551825462569525582e-01 1.287985280611284034e-02 5.181668862144399590e-01 9.038309999999999889e+01
5.091695506101593383e-01 -5.448130559142125295e-02 -8.589401353252172910e-01 -6.406799999999999784e+01 1.497836832006217700e-02 9.984042418657048668e-01 -5.444830857828023701e-02 -7.045630000000000059e+00 8.605358895559889199e-01 1.485789909850108309e-02 5.091730802197438344e-01 9.105280000000000484e+01
