1.000000000000000000e+00 2.372440000000000466e-31 -9.080180000000001948e-21 0.000000000000000000e+00 -2.372440000000000466e-31 1.000000000000000000e+00 9.506020000000000807e-35 0.000000000000000000e+00 9.080180000000001948e-21 -9.506020000000000807e-35 1.000000000000000000e+00 0.000000000000000000e+00
9.999481681145195866e-01 -2.015399494286001635e-03 9.979942349276885519e-03 1.248250000000000054e-02 2.003427151853657152e-03 9.999972617000632003e-01 1.209492464815165470e-03 -1.777979999999999838e-02 -9.982352631703312815e-03 -1.189435687063764360e-03 9.999494676625827472e-01 2.514129999999999976e-01
9.998509766112186892e-01 -3.712382453846667894e-03 1.685950136002376323e-02 2.452580000000000038e-02 3.685102590918971736e-03 9.999918506243523630e-01 1.648849228160022967e-03 -2.363809999999999870e-02 -1.686548512455761026e-02 -1.586474518917027447e-03 9.998565089602178269e-01 5.439939999999999776e-01
9.997988487099960242e-01 -6.381965519842032995e-03 1.901401152492478847e-02 3.229710000000000220e-02 6.384308704186279597e-03 9.999796181381367388e-01 -6.253539663099875264e-05 -2.469789999999999833e-02 -1.901322488522335513e-02 1.839141368353711060e-04 9.998192153859887243e-01 8.408600000000000518e-01
9.998266766256017624e-01 -7.545221651963267620e-03 1.702017444173770794e-02 3.145730000000000054e-02 7.568766268575714828e-03 9.999704861190469307e-01 -1.319343779537323312e-03 -2.705679999999999891e-02 -1.700971736908368781e-02 1.447936828621361558e-03 9.998542758792223761e-01 1.148989999999999956e+00
9.998881653505176104e-01 -1.068944533975868701e-02 1.045908936304980330e-02 3.813819999999999710e-02 1.072244481596881273e-02 9.999376948450419134e-01 -3.104127116032292209e-03 -3.152220000000000022e-02 -1.042525631073182649e-02 3.215926975584909760e-03 9.999404841512035125e-01 1.452250000000000041e+00
9.999320416501121800e-01 -1.156784235502606589e-02 -1.448138352356426878e-03 2.790890000000000037e-02 1.156115536219060394e-02 9.999228435406333215e-01 -4.543858746188838595e-03 -3.927830000000000210e-02 1.500589260787904815e-03 4.526807800568784755e-03 9.999886280568429653e-01 1.786559999999999926e+00
9.997840944343354685e-01 -1.119658740138585080e-02 -1.750431223095921807e-02 1.162810000000000059e-02 1.111186554263518013e-02 9.999261087790225488e-01 -4.929850525617830888e-03 -4.733300000000000007e-02 1.755821631824194817e-02 4.734280579524733322e-03 9.998346341406243454e-01 2.103169999999999984e+00
9.993268748190838879e-01 -7.352006756448794568e-03 -3.594085782192961431e-02 -2.131080000000000127e-02 7.156137319604062748e-03 9.999588515794621824e-01 -5.575378601135512653e-03 -4.841379999999999989e-02 3.598036913354277222e-02 5.314427959447853671e-03 9.993383660665079438e-01 2.453520000000000145e+00
9.983746900516177192e-01 -3.844696353864823172e-03 -5.686120447442897380e-02 -6.262769999999999448e-02 3.472211210990227680e-03 9.999718726929920365e-01 -6.648125463364124368e-03 -5.558110000000000134e-02 5.688516514560291309e-02 6.439886087263905004e-03 9.983599580579844979e-01 2.782360000000000166e+00
9.971469831021181340e-01 -3.095903359596810338e-03 -7.542088220600498549e-02 -1.149550000000000016e-01 2.575810665265482885e-03 9.999722369988365278e-01 -6.992169259915023867e-03 -6.398810000000000608e-02 7.544043537626718421e-02 6.777950570093677594e-03 9.971272737701584177e-01 3.145529999999999937e+00
9.953102221285933249e-01 -4.132605131514432290e-03 -9.664617582272562457e-02 -1.607870000000000132e-01 3.516610347359002547e-03 9.999724097726662153e-01 -6.543175460865745773e-03 -6.799429999999999363e-02 9.667054969324971603e-02 6.172622479449771556e-03 9.952972940552642367e-01 3.524610000000000021e+00
9.932310956644774258e-01 -5.265656324650922968e-03 -1.160356129324634639e-01 -2.160090000000000066e-01 4.612909106001502821e-03 9.999719950861165607e-01 -5.893226032618984443e-03 -7.544220000000000093e-02 1.160633950680471232e-01 5.318073613859947667e-03 9.932275703071860029e-01 3.905429999999999957e+00
9.910324094925677674e-01 -4.678037685999175341e-03 -1.335398041737513863e-01 -2.826719999999999788e-01 3.978261883298334078e-03 9.999769254169771360e-01 -5.506547556980440593e-03 -8.190899999999999570e-02 1.335624826354444017e-01 4.925910780532180046e-03 9.910281522919713870e-01 4.294190000000000396e+00
9.887727358994548021e-01 -3.913991222924935801e-03 -1.493758930169585275e-01 -3.589049999999999740e-01 3.171934964371601190e-03 9.999814199478126442e-01 -5.205630388155237272e-03 -8.989999999999999380e-02 1.493934923967197848e-01 4.673374783082872956e-03 9.887667793760306356e-01 4.727199999999999847e+00
9.865557401220125255e-01 -3.059449341700006073e-03 -1.633964852805392665e-01 -4.350640000000000063e-01 2.262956795918597951e-03 9.999846350216546886e-01 -5.060508585884456421e-03 -9.945329999999999449e-02 1.634094570667430080e-01 4.622714606546230766e-03 9.865475051161087805e-01 5.107999999999999652e+00
9.844882076476518806e-01 -4.448746171517629043e-03 -1.753943489973813774e-01 -5.267410000000000148e-01 3.465468751564949358e-03 9.999765192098618583e-01 -5.911984037585815872e-03 -1.066580000000000028e-01 1.754165315158344174e-01 5.212454933152885737e-03 9.844805080774956529e-01 5.553650000000000198e+00
9.827488025424987450e-01 -7.394699222578504476e-03 -1.847974824630804758e-01 -6.121459999999999679e-01 5.990694778588725143e-03 9.999488047130007384e-01 -8.154724343038230114e-03 -1.182320000000000038e-01 1.848483234366888328e-01 6.906980269897066566e-03 9.827427898215262969e-01 5.998660000000000103e+00
9.811942432031550698e-01 -6.611007397380895892e-03 -1.929096982688525141e-01 -7.114070000000000116e-01 4.802061828341509797e-03 9.999400236660039853e-01 -9.843234886368939368e-03 -1.254389999999999949e-01 1.929632019510060248e-01 8.731761106627929786e-03 9.811671412357795274e-01 6.456690000000000040e+00
9.795966417626158496e-01 -6.910255373099298548e-03 -2.008548426552966559e-01 -8.160990000000000189e-01 4.597197632198695219e-03 9.999176665508311412e-01 -1.198022927457382050e-02 -1.270860000000000045e-01 2.009210920270341483e-01 1.081242295784812235e-02 9.795477560019443253e-01 6.924380000000000202e+00
9.781104698825442423e-01 -6.995512099374173558e-03 -2.079686791721676309e-01 -9.256849999999999801e-01 4.111490469913625136e-03 9.998893452381459879e-01 -1.429660537845960956e-02 -1.422090000000000021e-01 2.080456785234057471e-01 1.312859816199354705e-02 9.780309992827612708e-01 7.399639999999999773e+00
9.762297034804671148e-01 -1.122595758399324954e-02 -2.164475546610808987e-01 -1.037690000000000001e+00 7.885717229899282324e-03 9.998362185221683074e-01 -1.628961617291331543e-02 -1.542109999999999870e-01 2.165949711009221290e-01 1.419556295513333538e-02 9.761583398640701903e-01 7.899689999999999657e+00
9.744177892519135797e-01 -1.675871320464576361e-02 -2.241185345328176870e-01 -1.155450000000000088e+00 1.315740554758834668e-02 9.997593649197524801e-01 -1.755263326425588605e-02 -1.686960000000000126e-01 2.243587632981373925e-01 1.415477965132635324e-02 9.744038113350915742e-01 8.427020000000000621e+00
9.725431875526222569e-01 -1.784679579675586825e-02 -2.320371526820088626e-01 -1.276580000000000048e+00 1.357246966233339146e-02 9.997077630315244212e-01 -2.000441455704927984e-02 -1.925989999999999924e-01 2.323263575495687072e-01 1.630583988312599847e-02 9.725011995743017001e-01 8.937580000000000524e+00
9.703110077441704506e-01 -1.421766263552667366e-02 -2.414423457467118617e-01 -1.428279999999999994e+00 8.624038488780174858e-03 9.996697316537923594e-01 -2.420854343777803855e-02 -1.937609999999999888e-01 2.417067938859734366e-01 2.140760809658792327e-02 9.701131584021250864e-01 9.463060000000000471e+00
9.682464220169039182e-01 -1.107024086504312076e-02 -2.497525095342456314e-01 -1.631070000000000020e+00 4.747090206231563761e-03 9.996531162214083999e-01 -2.590583647368546738e-02 -1.933380000000000098e-01 2.499526582895997551e-01 2.389763578300919261e-02 9.679631044714179788e-01 1.009190000000000076e+01
9.659056575850887283e-01 -1.344198997201896499e-02 -2.585451093150080704e-01 -1.717489999999999961e+00 6.073241108289486809e-03 9.995528439322520775e-01 -2.927845503757825138e-02 -2.384590000000000043e-01 2.588230599996026449e-01 2.671001857990836989e-02 9.655553834555027359e-01 1.051650000000000063e+01
9.636811284487153406e-01 -1.548849408612722189e-02 -2.666060562379533039e-01 -1.876319999999999988e+00 7.410350305094351268e-03 9.994832096718564429e-01 -3.127939085723305951e-02 -2.696819999999999773e-01 2.669527474669749489e-01 2.816771440830386636e-02 9.632978825289950642e-01 1.109520000000000017e+01
9.615383385842624087e-01 -1.527754666275657307e-02 -2.742455469111281241e-01 -2.040020000000000167e+00 6.220398058122805426e-03 9.994070570268582809e-01 -3.386504116212877419e-02 -2.920730000000000270e-01 2.746003096877623895e-01 3.085661894766614927e-02 9.610632336045863422e-01 1.165259999999999962e+01
9.590475947666385892e-01 -1.496716925061476917e-02 -2.828492439745046161e-01 -2.249340000000000117e+00 4.564167359112027492e-03 9.992898561748736475e-01 -3.740256304477387883e-02 -3.038029999999999897e-01 2.832081908219523658e-01 3.457986683930000527e-02 9.584348457045647196e-01 1.227570000000000050e+01
9.571005052458247953e-01 -1.541664716907783540e-02 -2.893457271988842394e-01 -2.402089999999999836e+00 3.167290439247042941e-03 9.990805545297104517e-01 -4.275527840956919873e-02 -3.493850000000000011e-01 2.897388326225195931e-01 4.000465661233056774e-02 9.562693325208484474e-01 1.279560000000000031e+01
9.551222435873141237e-01 -1.629926317412865727e-02 -2.957631380424475265e-01 -2.602360000000000007e+00 1.564477903130275308e-03 9.987485946797104441e-01 -4.998796889446489866e-02 -3.864890000000000270e-01 2.962077855385067404e-01 4.728190610882630762e-02 9.539524983672352798e-01 1.342479999999999940e+01
9.539148632645063630e-01 -1.635133003077748545e-02 -2.996315531603483961e-01 -2.809120000000000061e+00 -1.134998900847072195e-03 9.983105494873725227e-01 -5.809267216883091250e-02 -4.189080000000000026e-01 3.000752329342646352e-01 5.575554491209622904e-02 9.522847125681489500e-01 1.406879999999999953e+01
9.528314404661107906e-01 -1.629857089286289307e-02 -3.030620442188806662e-01 -3.009809999999999874e+00 -4.170115312076044974e-03 9.977596744465965228e-01 -6.677006954096890989e-02 -4.641000000000000125e-01 3.034713432888853091e-01 6.488442521185001921e-02 9.506288209219029284e-01 1.469870000000000054e+01
9.512836244448361622e-01 -1.612117826936619244e-02 -3.078953937205025082e-01 -3.234599999999999920e+00 -7.545770298233485905e-03 9.971155918852985245e-01 -7.552190258353591590e-02 -5.055279999999999774e-01 3.082247998031668046e-01 7.416605713153495705e-02 9.484180875309473624e-01 1.534149999999999991e+01
9.500910411618870288e-01 -1.427664222117784772e-02 -3.116459385116543968e-01 -3.415350000000000108e+00 -1.219371321081056357e-02 9.964896143184529542e-01 -8.282367966706954965e-02 -5.789969999999999839e-01 3.117343851134390387e-01 8.249015724526972959e-02 9.465817698939678060e-01 1.588790000000000013e+01
9.484110131653283871e-01 -1.311845885850602619e-02 -3.167719308017885038e-01 -3.647380000000000067e+00 -1.595850817482406120e-02 9.959017366158134932e-01 -8.902278934318412495e-02 -6.384910000000000307e-01 3.166415577961135264e-01 8.948540128302799601e-02 9.443148240039791474e-01 1.656660000000000110e+01
9.467619850843058682e-01 -1.156992270975787038e-02 -3.217264062642586353e-01 -3.902000000000000135e+00 -2.009085555779342377e-02 9.952826412096574815e-01 -9.491481248827278450e-02 -7.047139999999999516e-01 3.213068644180830935e-01 9.632549504268499152e-02 9.420633194656297116e-01 1.724109999999999943e+01
9.454954339913380634e-01 -9.208875834480630476e-03 -3.255051165610095554e-01 -4.141269999999999563e+00 -2.482433893694219185e-02 9.946528427037762965e-01 -1.002470682745426472e-01 -7.744769999999999710e-01 3.246877523065431204e-01 1.028635946638173787e-01 9.402111169279816494e-01 1.793290000000000006e+01
9.433702282028437747e-01 -7.164933926614576801e-03 -3.316644030678328470e-01 -4.422559999999999825e+00 -2.886164997570414559e-02 9.942032854785066709e-01 -1.035704219573475304e-01 -8.461560000000000192e-01 3.304839144363831416e-01 1.072776345077124105e-01 9.376949884867866736e-01 1.864130000000000109e+01
9.414477211959116909e-01 -5.865532113809159703e-03 -3.371079705199016008e-01 -4.648100000000000342e+00 -3.125390872445939217e-02 9.940253665868572508e-01 -1.045789834111387623e-01 -9.351279999999999593e-01 3.357072853610242325e-01 1.089915873583183897e-01 9.356395953788220199e-01 1.927179999999999893e+01
9.393226684376895230e-01 -4.693541054213153790e-03 -3.430027627169653370e-01 -4.939409999999999634e+00 -3.291891090356000027e-02 9.940583092553085809e-01 -1.037517378427980225e-01 -1.018340000000000023e+00 3.414517094173375455e-01 1.087476366310993620e-01 9.335869973725686721e-01 2.002199999999999847e+01
9.370620468673623860e-01 -5.730157890335537546e-03 -3.491158627322752395e-01 -5.246699999999999697e+00 -3.199880589161234468e-02 9.942483675079759609e-01 -1.022069475585475479e-01 -1.089569999999999927e+00 3.476935385397029732e-01 1.069455422085306001e-01 9.314890521414964653e-01 2.079350000000000165e+01
9.345721041217756042e-01 -5.219483580772578055e-03 -3.557354904821096175e-01 -5.556919999999999860e+00 -3.266337253619071984e-02 9.944106417223269601e-01 -1.004020902369667234e-01 -1.158689999999999998e+00 3.542712044351884471e-01 1.054525135809480374e-01 9.291779598588748579e-01 2.156400000000000006e+01
9.315579218153329233e-01 -5.477945678897226320e-03 -3.635516887792397678e-01 -5.928960000000000008e+00 -3.209954532802480193e-02 9.947431921547452705e-01 -9.723991388067816655e-02 -1.214439999999999964e+00 3.621732423755684160e-01 1.022544560052356805e-01 9.264850612580005640e-01 2.235259999999999891e+01
9.274869388445865503e-01 -2.101714052682977091e-03 -3.738496503552448114e-01 -6.427660000000000373e+00 -3.451643669516257784e-02 9.952317435521228495e-01 -9.122714631111999983e-02 -1.260049999999999892e+00 3.722587727247900768e-01 9.751594446162337171e-02 9.229918995880682653e-01 2.329159999999999897e+01
9.244870409506866782e-01 -1.756433473965764158e-04 -3.812134313788769768e-01 -6.734340000000000437e+00 -3.517150667575905110e-02 9.956953629656848381e-01 -8.575377126861569166e-02 -1.333180000000000032e+00 3.795875080036226201e-01 9.268610099711571682e-02 9.205012821553004709e-01 2.402060000000000173e+01
9.203286623067479244e-01 2.247477982487450232e-03 -3.911394919710745044e-01 -7.073310000000000208e+00 -3.707242543093856868e-02 9.959831046004977706e-01 -8.150638394028711375e-02 -1.399080000000000101e+00 3.893851417418742744e-01 8.951315095041748049e-02 9.167151177970113141e-01 2.477280000000000015e+01
9.172152749003619210e-01 3.393575770784654222e-03 -3.983774882356450053e-01 -7.398369999999999891e+00 -3.836045951829165218e-02 9.960696812771546726e-01 -7.983523774607959034e-02 -1.471470000000000056e+00 3.965408108064024661e-01 8.850804304646830989e-02 9.137405056585187202e-01 2.553000000000000114e+01
9.130903369937691805e-01 5.608778802238340022e-03 -4.077187487582003000e-01 -7.757080000000000197e+00 -4.139803318253026942e-02 9.960138931821845842e-01 -7.900966672936886315e-02 -1.549500000000000099e+00 4.056503905301004909e-01 8.902171750991651200e-02 9.096828537871655129e-01 2.631240000000000023e+01
9.100398202756752042e-01 6.569193502056289852e-03 -4.144687819478679591e-01 -8.031549999999999301e+00 -4.121048633379009729e-02 9.963546779621951233e-01 -7.469304866574190405e-02 -1.630069999999999908e+00 4.124672366731074735e-01 8.505410865785927033e-02 9.069931517225847672e-01 2.698730000000000118e+01
9.054002587274045943e-01 5.356905252561730557e-03 -4.245252348947748944e-01 -8.457420000000000826e+00 -4.138240124208214521e-02 9.962726017802242540e-01 -7.568619299120510346e-02 -1.697680000000000078e+00 4.225374165251972736e-01 8.609417232413413279e-02 9.022471530174168697e-01 2.779949999999999832e+01
9.009715727438710742e-01 4.951334199174064338e-03 -4.338498696520300957e-01 -8.830679999999999197e+00 -4.086522469840819793e-02 9.964581882074898811e-01 -7.349226193685581832e-02 -1.765540000000000109e+00 4.319493703176149335e-01 8.394381123045882576e-02 8.979828383874165487e-01 2.857469999999999999e+01
8.972951314235636522e-01 6.980272835837176421e-03 -4.413759428363839277e-01 -9.214000000000000412e+00 -4.187004221811051197e-02 9.967128588833674696e-01 -6.935687782187154038e-02 -1.836479999999999890e+00 4.394409478965555227e-01 8.071401816092201031e-02 8.946378600216375876e-01 2.935970000000000013e+01
8.940059862220666176e-01 7.351396907887008253e-03 -4.479947026055248749e-01 -9.638320000000000221e+00 -4.027570149180495496e-02 9.971361597114777320e-01 -6.401052151942948631e-02 -1.894519999999999982e+00 4.462411505771884945e-01 7.526909033161643947e-02 8.917417785279536657e-01 3.017960000000000065e+01
8.899994392531966891e-01 6.974367707784263903e-03 -4.559082762180042825e-01 -1.005020000000000024e+01 -3.868053528204775521e-02 9.974334891091448663e-01 -6.025156424402237920e-02 -1.974909999999999943e+00 4.543179660978528545e-01 7.125863455493595955e-02 8.879850182756893195e-01 3.091890000000000072e+01
8.857770193338979636e-01 5.062922816873023299e-03 -4.640834395154666558e-01 -1.047639999999999993e+01 -3.624440358237783488e-02 9.976412695848561052e-01 -5.829442880819827449e-02 -2.032649999999999846e+00 4.626936515978073428e-01 6.845629287119459061e-02 8.838712127552408315e-01 3.176539999999999964e+01
8.825303481420684326e-01 6.065044692103983837e-03 -4.702163330224952698e-01 -1.091830000000000034e+01 -3.742909306667261543e-02 9.976504778352716096e-01 -5.738106889262786087e-02 -2.088429999999999787e+00 4.687635305785270989e-01 6.824030559674337804e-02 8.806838326502974823e-01 3.259380000000000166e+01
8.798845900937718456e-01 5.175870019371723793e-03 -4.751592559185368603e-01 -1.136790000000000056e+01 -3.594023735426797594e-02 9.978013784489767612e-01 -5.568400582070807264e-02 -2.129570000000000185e+00 4.738263473620202837e-01 6.607283507512250187e-02 8.781360788685895757e-01 3.344460000000000122e+01
8.773584184819889220e-01 4.094865066467744119e-03 -4.798181297104878729e-01 -1.184609999999999985e+01 -3.448332316507447121e-02 9.979161298778305156e-01 -5.453712637411346764e-02 -2.171889999999999876e+00 4.785949288722940453e-01 6.439433057141293049e-02 8.756713220426848299e-01 3.433570000000000277e+01
8.737378572738929705e-01 3.052519417267000532e-03 -4.863875398194669741e-01 -1.230269999999999975e+01 -3.394784025073586953e-02 9.979244560644733308e-01 -5.472041785965735261e-02 -2.243599999999999817e+00 4.852109859728413466e-01 6.432310715156877579e-02 8.720280024045277134e-01 3.514470000000000027e+01
8.711464657506255982e-01 3.779989472665879618e-03 -4.910087034766091874e-01 -1.279269999999999996e+01 -3.538841839787183752e-02 9.978532916847721035e-01 -5.510415698622329189e-02 -2.304139999999999855e+00 4.897463578766986236e-01 6.537981304234290192e-02 8.694101362378154896e-01 3.600719999999999743e+01
8.703629720150040106e-01 2.409392888306948616e-03 -4.924048047806999229e-01 -1.329320000000000057e+01 -3.426751255520904538e-02 9.978600138303266309e-01 -5.568779383149376899e-02 -2.355109999999999815e+00 4.912168915341653674e-01 6.534208157420562380e-02 8.685829711933464869e-01 3.688490000000000180e+01
8.703979028355280922e-01 2.698742101884189087e-03 -4.923415557624423178e-01 -1.378689999999999927e+01 -3.406027163684620385e-02 9.979193186650198166e-01 -5.474423559761305846e-02 -2.412760000000000016e+00 4.911694093034895126e-01 6.441855498387272227e-02 8.686788020541602595e-01 3.775900000000000034e+01
8.697370705014146886e-01 2.653872148640719353e-03 -4.935082422394138635e-01 -1.429800000000000004e+01 -3.320634214129793843e-02 9.980340420775773991e-01 -5.315439488779448440e-02 -2.473790000000000155e+00 4.923969608326319025e-01 6.261795123533826779e-02 8.681153294038047585e-01 3.865899999999999892e+01
8.694228524880983633e-01 2.488628967318813265e-03 -4.940624558669899913e-01 -1.481630000000000003e+01 -3.271262359521487362e-02 9.980829635776951037e-01 -5.253838666616363756e-02 -2.556259999999999977e+00 4.929845715932458794e-01 6.184015315172296939e-02 8.678375467961704226e-01 3.950679999999999836e+01
8.688646317139927522e-01 6.557925391978587648e-05 -4.950497424056183871e-01 -1.532060000000000066e+01 -3.033245722345061235e-02 9.981281780187677422e-01 -5.310444692982575765e-02 -2.618780000000000108e+00 4.941196148659706688e-01 6.115665085905699905e-02 8.672402609775495819e-01 4.042240000000000322e+01
8.675261869367989487e-01 -1.800808404249598302e-03 -4.973882508342847841e-01 -1.583140000000000036e+01 -2.872130194477470061e-02 9.981435219123943048e-01 -5.370843955021026295e-02 -2.677480000000000082e+00 4.965615790548995601e-01 6.087911590531430717e-02 8.658639220184035645e-01 4.134230000000000160e+01
8.662135037163312123e-01 -1.905848336267106091e-03 -4.996704251019831178e-01 -1.634489999999999910e+01 -2.771653213312771230e-02 9.982698700120672397e-01 -5.185615173346002499e-02 -2.737560000000000215e+00 4.989047602759375533e-01 5.876763027559881586e-02 8.646620182509462404e-01 4.224560000000000315e+01
8.638548764828160031e-01 -1.894305844471901035e-03 -5.037371973382811507e-01 -1.689859999999999829e+01 -2.590788568308501766e-02 9.985024157131771050e-01 -4.818409773340074503e-02 -2.794509999999999827e+00 5.030740838448060082e-01 5.467483351888065973e-02 8.625121035344326392e-01 4.322259999999999991e+01
8.610287035964022673e-01 -1.121238570319286684e-03 -5.085551242561294760e-01 -1.743629999999999924e+01 -2.426826726765116821e-02 9.987677389715935439e-01 -4.329035450763503434e-02 -2.875809999999999977e+00 5.079769904109090461e-01 4.961598949571896511e-02 8.599404809633257596e-01 4.408209999999999695e+01
8.574180526679260339e-01 -3.639604939514514206e-03 -5.146076527171217219e-01 -1.797560000000000002e+01 -2.048318196399396413e-02 9.989412140154675379e-01 -4.119332710444265078e-02 -2.920160000000000089e+00 5.142127207836961755e-01 4.586070449947272920e-02 8.564356797606230698e-01 4.502349999999999852e+01
8.526973444113503664e-01 -6.343353188074601391e-03 -5.223667300892759213e-01 -1.853770000000000095e+01 -1.925220955814153576e-02 9.988654484462673455e-01 -4.355649581137902709e-02 -2.975179999999999936e+00 5.220503723406012542e-01 4.719722206410689042e-02 8.516077917495066263e-01 4.595810000000000173e+01
8.477452308232815703e-01 -8.776030723026292252e-03 -5.303310333189351633e-01 -1.911100000000000065e+01 -1.900204964538702510e-02 9.987187328405514597e-01 -4.690218313295631963e-02 -3.034030000000000005e+00 5.300631525824589518e-01 4.983847868977969026e-02 8.464922801279602949e-01 4.686500000000000199e+01
8.402550800862760294e-01 -8.294246410053628116e-03 -5.421278501107420489e-01 -1.968329999999999913e+01 -2.028382270834272125e-02 9.987021606569665977e-01 -4.671788560543892882e-02 -3.092459999999999987e+00 5.418117449128825314e-01 5.025136590776085183e-02 8.389963249614755814e-01 4.777150000000000318e+01
8.367420739936317631e-01 -4.495403744525088528e-03 -5.475787550243429447e-01 -2.027199999999999847e+01 -2.005378961509574412e-02 9.990439804007200664e-01 -3.884547267262077053e-02 -3.185119999999999951e+00 5.472298850857006958e-01 4.348467052030587088e-02 8.358519822904240115e-01 4.854650000000000176e+01
8.305057523690942967e-01 -2.888426760275586772e-03 -5.570025603825309313e-01 -2.089029999999999987e+01 -2.032479760993381734e-02 9.991634682791252775e-01 -3.548614178161102473e-02 -3.222960000000000047e+00 5.566391091937034075e-01 4.079240918700309526e-02 8.297523012735549264e-01 4.947930000000000206e+01
8.264953555377684280e-01 -2.266652238386769602e-03 -5.629389749894103678e-01 -2.148900000000000077e+01 -2.249876014206845382e-02 9.990599285666785789e-01 -3.705489069492554771e-02 -3.274059999999999970e+00 5.624937626912563937e-01 4.329112403222425826e-02 8.256673939992175137e-01 5.039470000000000027e+01
8.230170256416934338e-01 -4.350386488709208008e-03 -5.680000436983249079e-01 -2.210389999999999944e+01 -2.347791971661607191e-02 9.988555756184580581e-01 -4.166924935367928573e-02 -3.321369999999999933e+00 5.675312879389825538e-01 4.762996108877087797e-02 8.219730068664067302e-01 5.125359999999999872e+01
8.194594646318427156e-01 -6.909917258460318915e-03 -5.730954884386849635e-01 -2.268530000000000157e+01 -2.563193563601681019e-02 9.984850165402057165e-01 -4.868958430975117713e-02 -3.382719999999999949e+00 5.725636992517468826e-01 5.458868736456766457e-02 8.180408825425344865e-01 5.212310000000000088e+01
8.154614155592421199e-01 -6.663772192737437219e-03 -5.787730763211781371e-01 -2.333559999999999945e+01 -2.758208304229500113e-02 9.983503723424460574e-01 -5.035635748093047342e-02 -3.452170000000000183e+00 5.781538795417401344e-01 5.702743360754206764e-02 8.139324071364724134e-01 5.294859999999999900e+01
8.136605759406149163e-01 -3.949529310159733200e-03 -5.813268171848043897e-01 -2.395139999999999958e+01 -2.852750679543874374e-02 9.985009312268249282e-01 -4.671265026948845378e-02 -3.514790000000000081e+00 5.806398612875479648e-01 5.459204664959478592e-02 8.123281725550243193e-01 5.384089999999999776e+01
8.100762061065991393e-01 -2.519530577256302514e-03 -5.863191897470260150e-01 -2.458449999999999847e+01 -2.655618144158773675e-02 9.988068741807659690e-01 -4.098289053360115730e-02 -3.572099999999999831e+00 5.857228948292702020e-01 4.876966326434840904e-02 8.090427741583888777e-01 5.474009999999999820e+01
8.076109266238344908e-01 -4.036828505626069777e-03 -5.897018697726907899e-01 -2.522469999999999857e+01 -2.282046055353076364e-02 9.990136281202405266e-01 -3.809195991490243322e-02 -3.618349999999999955e+00 5.892739751405251525e-01 4.422075130128334114e-02 8.067221996303522991e-01 5.563139999999999930e+01
8.048284710082286297e-01 2.724598669289444997e-04 -5.935074203581433006e-01 -2.585910000000000153e+01 -2.886214155558545005e-02 9.988347341082298714e-01 -3.868010759766531831e-02 -3.674529999999999852e+00 5.928052876277186689e-01 4.826074703692983386e-02 8.038984956174848318e-01 5.647290000000000276e+01
8.005101028992227530e-01 -1.743024674137918367e-03 -5.993167251305947518e-01 -2.652830000000000155e+01 -2.808617644445709008e-02 9.987879742633788416e-01 -4.041966303158445878e-02 -3.736740000000000173e+00 5.986607903053334789e-01 4.918886390069766162e-02 7.994909091535389312e-01 5.733449999999999847e+01
7.977009993083782335e-01 -4.222140621226673496e-03 -6.030383812254319631e-01 -2.719209999999999994e+01 -2.726507369592284097e-02 9.987004389482864175e-01 -4.305866928802978139e-02 -3.797270000000000145e+00 6.024364957891999994e-01 5.078982942553175034e-02 7.965492211835718539e-01 5.820029999999999859e+01
7.941380427946667098e-01 -4.972706098259553620e-03 -6.077170732999990221e-01 -2.784039999999999893e+01 -2.714139783404616313e-02 9.986786190503517124e-01 -4.363897770682227673e-02 -3.849190000000000111e+00 6.071310513471288584e-01 5.114966320263340804e-02 7.929537177190022490e-01 5.903659999999999997e+01
7.883245693482604510e-01 -6.224490459325231553e-03 -6.152281114191722189e-01 -2.850150000000000006e+01 -2.532464708280597609e-02 9.987731239760071489e-01 -4.255477732686216430e-02 -3.906489999999999796e+00 6.147381846054553733e-01 4.912741130702150127e-02 7.871997598108499972e-01 5.990690000000000026e+01
7.833219175724398520e-01 -7.366203270486719815e-03 -6.215726124114652196e-01 -2.916720000000000113e+01 -2.387293293572184671e-02 9.988356196914226492e-01 -4.192240342225353467e-02 -3.958489999999999842e+00 6.211576744464181177e-01 4.767749872874539607e-02 7.822339800796742626e-01 6.072209999999999752e+01
7.788115236947499298e-01 -6.448172208702206837e-03 -6.272248652879037767e-01 -2.987160000000000082e+01 -2.591824222586010598e-02 9.987623605210217415e-01 -4.244987545798219880e-02 -4.036120000000000374e+00 6.267223111396176272e-01 4.931701817469785060e-02 7.776805105171228361e-01 6.151420000000000243e+01
7.728886262350992409e-01 -9.134804422252968542e-03 -6.344759465768486928e-01 -3.056250000000000000e+01 -2.403659032470877380e-02 9.987572621945673967e-01 -4.365974735582358462e-02 -4.087670000000000137e+00 6.340862825846204087e-01 4.899476055436351868e-02 7.717085587682939174e-01 6.235609999999999786e+01
7.678385746981567506e-01 -9.733409607573059730e-03 -6.405694216421154996e-01 -3.125319999999999965e+01 -2.435434088029076599e-02 9.987183275459643461e-01 -4.436855084492233314e-02 -4.145550000000000068e+00 6.401802787385674209e-01 4.966853089435065149e-02 7.666174063723096843e-01 6.318919999999999959e+01
7.620618518235489081e-01 -9.346245091073155514e-03 -6.474367781474580363e-01 -3.198400000000000176e+01 -2.637530753272581199e-02 9.986178778402328149e-01 -4.546072162234077174e-02 -4.213280000000000136e+00 6.469668284756316945e-01 5.172022583639224180e-02 7.607620791624771783e-01 6.404970000000000141e+01
7.565614275862925231e-01 -1.254972395506135166e-02 -6.538021954056463247e-01 -3.268449999999999989e+01 -2.374687438179081886e-02 9.986290907676610429e-01 -4.664788344233922190e-02 -4.268419999999999881e+00 6.534913100001304986e-01 5.081774789585206953e-02 7.552262338220958604e-01 6.488540000000000418e+01
7.507318636028592618e-01 -1.472878343661831839e-02 -6.604428301600789863e-01 -3.343970000000000198e+01 -2.127603516917103699e-02 9.986936891702825614e-01 -4.645692132429005139e-02 -4.335359999999999658e+00 6.602643404719491516e-01 4.892829600474837837e-02 7.494378043248243193e-01 6.567260000000000275e+01
7.444991197168554509e-01 -1.364075919460565334e-02 -6.674840750380658383e-01 -3.420850000000000080e+01 -2.196020383455980080e-02 9.987498848938937135e-01 -4.490453063977725701e-02 -4.402040000000000397e+00 6.672621750019792630e-01 4.808946987677126250e-02 7.432688562684428568e-01 6.653629999999999711e+01
7.383536994152259947e-01 -1.365845929389085736e-02 -6.742753599602816506e-01 -3.497659999999999769e+01 -2.185166453580045590e-02 9.987854536396202354e-01 -4.416018970648698944e-02 -4.469990000000000130e+00 6.740595814294646493e-01 4.733987840727101742e-02 7.371584745463621857e-01 6.735939999999999372e+01
7.325992351855794560e-01 -1.524264751533251951e-02 -6.804895460638814564e-01 -3.572220000000000084e+01 -2.053627488070712201e-02 9.987991073051096791e-01 -4.448150919809411991e-02 -4.529740000000000322e+00 6.803503671047207435e-01 4.656183998983954436e-02 7.314064349164781653e-01 6.816100000000000136e+01
7.253048000651445282e-01 -1.784069937081932816e-02 -6.881966698905340740e-01 -3.649280000000000257e+01 -1.972535754563740917e-02 9.987151420709513561e-01 -4.667949515468419741e-02 -4.592380000000000351e+00 6.881452297823166253e-01 4.743178727561789265e-02 7.240209722678502269e-01 6.899859999999999616e+01
7.228168657980367229e-01 -1.377706250483346981e-02 -6.909022876403296820e-01 -3.726030000000000086e+01 -2.328213271310921803e-02 9.987481244106803935e-01 -4.427331343458870694e-02 -4.678650000000000198e+00 6.906473201383120930e-01 4.808717640791643211e-02 7.215912296105613244e-01 6.969050000000000011e+01
7.160417386630788528e-01 -1.524871912433209409e-02 -6.978908976748603443e-01 -3.805760000000000076e+01 -2.258671834464017619e-02 9.987317884895495768e-01 -4.499616444637802304e-02 -4.727619999999999933e+00 6.976919582787055596e-01 4.798219696442450333e-02 7.147892277641654246e-01 7.054590000000000316e+01
7.114861968724993657e-01 -1.400648904727961122e-02 -7.025604670948083497e-01 -3.882860000000000156e+01 -2.502707189445865441e-02 9.986619336593319796e-01 -4.525470066405968411e-02 -4.787899999999999601e+00 7.022542540506938602e-01 4.978112618626142488e-02 7.101836397322391914e-01 7.137699999999999534e+01
7.060058676966426416e-01 -1.671819307214841149e-02 -7.080086276298565018e-01 -3.964489999999999981e+01 -2.237238321296112359e-02 9.986958829387525549e-01 -4.589128316530142332e-02 -4.844850000000000101e+00 7.078525208313402040e-01 4.823935552624881301e-02 7.047111275772002248e-01 7.216630000000000678e+01
7.017171523999680138e-01 -1.798058630617615020e-02 -7.122287108392684196e-01 -4.047939999999999827e+01 -2.374442141155492722e-02 9.985359256969205122e-01 -4.860254668661356803e-02 -4.916739999999999888e+00 7.120598573712118018e-01 5.101669931189306562e-02 7.002628477306285237e-01 7.296989999999999554e+01
6.975041757132790510e-01 -2.054526675736374416e-02 -7.162861277983876285e-01 -4.133489999999999753e+01 -2.391870102671116508e-02 9.983643697523885141e-01 -5.192765111297526631e-02 -4.982730000000000103e+00 7.161814159860153683e-01 5.335238722667279970e-02 6.958719006925635497e-01 7.375589999999999691e+01
6.916564969531513452e-01 -1.929500382659002367e-02 -7.219688310791727570e-01 -4.217219999999999658e+01 -2.738245981192221484e-02 9.982237436852888779e-01 -5.291085368405071265e-02 -5.058119999999999727e+00 7.217073445082458072e-01 5.636541821239716976e-02 6.898995930659749254e-01 7.457909999999999684e+01
6.870688052298847825e-01 -2.010065622316003706e-02 -7.263142711659857920e-01 -4.301299999999999812e+01 -2.509577130363401312e-02 9.983643578189317358e-01 -5.136936148588764489e-02 -5.122410000000000352e+00 7.261588387829858160e-01 5.352170266527808001e-02 6.854405650391253157e-01 7.537420000000000186e+01
6.830198686697341870e-01 -1.927685463874768620e-02 -7.301453703733357115e-01 -4.388110000000000355e+01 -2.569987844411303693e-02 9.983983830115658042e-01 -5.040024848994756335e-02 -5.199519999999999698e+00 7.299475154080167227e-01 5.318901836965257701e-02 6.814305196236341011e-01 7.615550000000000352e+01
6.769299390925126447e-01 -2.140659763367594448e-02 -7.357361042778565174e-01 -4.474309999999999832e+01 -2.347959751082547702e-02 9.984402739276712069e-01 -5.065301471745144168e-02 -5.267470000000000319e+00 7.356728661986500217e-01 5.156332977016334085e-02 6.753714955208552917e-01 7.691970000000000596e+01
6.739077857209724298e-01 -1.989867116341214812e-02 -7.385474522538048037e-01 -4.561849999999999739e+01 -2.705311256505906967e-02 9.983022415078791623e-01 -5.158259106410105488e-02 -5.343239999999999768e+00 7.383200020622481263e-01 5.474191708621853336e-02 6.722253320639794971e-01 7.769570000000000221e+01
6.685394549313147250e-01 -2.080097152141332020e-02 -7.433857119853097828e-01 -4.653309999999999746e+01 -2.615201279801726217e-02 9.983329047986795324e-01 -5.145370174091569437e-02 -5.420630000000000059e+00 7.432167042167128201e-01 5.383986236977321427e-02 6.668809487406660574e-01 7.849309999999999832e+01
6.641554524619748268e-01 -2.233585492091920421e-02 -7.472607607455251655e-01 -4.738389999999999702e+01 -2.421563034904995054e-02 9.983863382427325961e-01 -5.136460704674099959e-02 -5.486609999999999765e+00 7.472022070442695396e-01 5.220947419022330810e-02 6.625428534011614801e-01 7.927670000000000528e+01
6.611425470184406628e-01 -2.518251278507543239e-02 -7.498375647910675568e-01 -4.827340000000000231e+01 -2.124245558095660263e-02 9.984075439850071954e-01 -5.226025444558354827e-02 -5.561130000000000351e+00 7.499595259764755273e-01 5.047986889499181395e-02 6.595547681834196263e-01 8.008079999999999643e+01
6.567075689756254331e-01 -2.921232951012697407e-02 -7.535793313611487410e-01 -4.916890000000000072e+01 -1.926742451637418821e-02 9.982734081179351904e-01 -5.548845823329575516e-02 -5.642089999999999606e+00 7.538991545310487208e-01 5.095922339669384932e-02 6.550108566643577657e-01 8.085620000000000118e+01
6.526135729009402420e-01 -3.386592174524877957e-02 -7.569336984239859456e-01 -5.013199999999999790e+01 -1.529415140493580426e-02 9.982082962204926746e-01 -5.784709404442189146e-02 -5.719359999999999999e+00 7.575365426157815163e-01 4.932845731346132551e-02 6.509263321611762354e-01 8.165770000000000550e+01
6.453733186863657156e-01 -3.719053330056685397e-02 -7.629614300608948962e-01 -5.103269999999999840e+01 -1.097744231093487031e-02 9.982593799433325810e-01 -5.794571697255166548e-02 -5.801470000000000127e+00 7.637884362099602864e-01 4.577198475019838425e-02 6.438417120100023983e-01 8.240819999999999368e+01
6.382501726370245487e-01 -4.239693735198726832e-02 -7.686606642934059597e-01 -5.196949999999999648e+01 -3.776794451680533238e-03 9.982978552417075546e-01 -5.819903816624816262e-02 -5.875619999999999621e+00 7.698197535478537024e-01 4.004861948904507585e-02 6.370036539334320569e-01 8.316960000000000264e+01
6.301039225198112881e-01 -4.344607213533721590e-02 -7.752944509289090291e-01 -5.289200000000000301e+01 -1.410722849937331991e-03 9.983678545676740734e-01 -5.709322925689514633e-02 -5.958190000000000097e+00 7.765095341888521574e-01 3.706839330144750394e-02 6.290142109140784976e-01 8.391410000000000480e+01
6.215071606571029861e-01 -4.116748255630614528e-02 -7.823260750044844780e-01 -5.384069999999999823e+01 -2.383067519049486549e-03 9.985143682035471091e-01 -5.443691284662226931e-02 -6.038359999999999950e+00 7.834048571722960208e-01 3.569726699689104027e-02 6.204857249669866182e-01 8.468670000000000186e+01
6.118923179523527711e-01 -4.019272131455307873e-02 -7.899191961107334681e-01 -5.484859999999999758e+01 -4.188998829035919108e-03 9.985293274981584810e-01 -5.405214533102026264e-02 -6.131170000000000009e+00 7.909299864840799721e-01 3.638306308443628456e-02 6.108240574837298098e-01 8.540980000000000416e+01
6.049513115837905630e-01 -4.033481585973722888e-02 -7.952402236070635899e-01 -5.575939999999999941e+01 -7.626026599643884185e-03 9.983769128839166118e-01 -5.643920214426949300e-02 -6.204760000000000275e+00 7.962259442716953517e-01 4.020749246025273616e-02 6.036618285254631289e-01 8.612390000000000612e+01
5.950950963226410151e-01 -4.311923198423248116e-02 -8.024976997885019392e-01 -5.678520000000000323e+01 -6.024773891520385921e-03 9.982921685876680051e-01 -5.810721328791373930e-02 -6.292930000000000135e+00 8.036327074181978114e-01 3.941418487830221362e-02 5.938189906007356189e-01 8.685660000000000025e+01
5.842999646895091770e-01 -4.563955329023893642e-02 -8.102534063114487095e-01 -5.778609999999999758e+01 -5.071951741524430290e-03 9.981925027685947249e-01 -5.988324241472341158e-02 -6.357499999999999929e+00 8.115219199561832797e-01 3.909934260363365222e-02 5.830123625092298312e-01 8.755329999999999302e+01
5.744880863432788587e-01 -4.630204251157915563e-02 -8.172022757609607169e-01 -5.878459999999999752e+01 -2.857591262792304881e-03 9.982791796324298472e-01 -5.857058719679659325e-02 -6.448489999999999611e+00 8.185079552587208873e-01 3.598333463783833647e-02 5.733671832312424721e-01 8.826439999999999486e+01
5.644257093976293715e-01 -4.454127129688274789e-02 -8.242813195276478266e-01 -5.984329999999999927e+01 -3.584210925008411014e-03 9.984015708692168811e-01 -5.640440335581187875e-02 -6.539670000000000094e+00 8.254760880867645367e-01 3.479049348798549796e-02 5.633638695903693261e-01 8.892189999999999372e+01
5.553043303246915086e-01 -4.660855205735829621e-02 -8.303401372917980083e-01 -6.086820000000000164e+01 -2.000231101796274419e-03 9.983505801531764590e-01 -5.737698304507984903e-02 -6.624749999999999694e+00 8.316448158908855692e-01 3.352255931358008589e-02 5.542951724657922963e-01 8.961690000000000111e+01
5.456314794396738277e-01 -4.868076050423281176e-02 -8.366101076374838907e-01 -6.192229999999999990e+01 -1.313488918587256415e-03 9.982604540755706246e-01 -5.894353718344497867e-02 -6.699950000000000294e+00 8.380242021513064632e-01 3.326032750237043617e-02 5.446183867839033965e-01 9.025039999999999907e+01
5.352633875014083387e-01 -4.866090494516601972e-02 -8.432824095938646902e-01 -6.299600000000000222e+01 -3.814795206470777272e-03 9.981898189071231053e-01 -6.002110268645157592e-02 -6.788429999999999964e+00 8.446765968925915580e-01 3.534404843933975499e-02 5.341088324507167195e-01 9.090470000000000539e+01
5.259157308040135481e-01 -4.906075394810339996e-02 -8.491205370940713149e-01 -6.402129999999999654e+01 -5.919702117857767593e-03 9.980996833442379312e-01 -6.133497562539457632e-02 -6.878000000000000114e+00 8.505160793422521515e-01 3.728356917162805456e-02 5.246258993321892827e-01 9.154380000000000450e+01
