1.000000000000000000e+00 6.096846912000000331e-38 2.811680000000000646e-19 -8.673619999999999689e-19 6.096846912000000331e-38 1.000000000000000000e+00 -4.336800000000000393e-19 0.000000000000000000e+00 -2.811680000000000646e-19 4.336800000000000393e-19 1.000000000000000000e+00 0.000000000000000000e+00
9.999457785610570415e-01 -2.253535900268462296e-03 1.016668647434248139e-02 2.184140000000000040e-02 2.242163750352427903e-03 9.999968480887615474e-01 1.129829305229635133e-03 -6.520930000000000303e-03 -1.016920054074963407e-02 -1.106972668384976610e-03 9.999476796172255266e-01 2.915809999999999791e-01
9.998468244944230809e-01 -3.952662011345092416e-03 1.705004432376844292e-02 3.417629999999999973e-02 3.926477162429784298e-03 9.999910605201045577e-01 1.568966847782552257e-03 -1.225679999999999999e-02 -1.705609350089628412e-02 -1.501779910836717209e-03 9.998534064209553263e-01 5.848710000000000298e-01
9.997936955584365570e-01 -6.622297174822543674e-03 1.920186193400537714e-02 4.198450000000000099e-02 6.626264920454376546e-03 9.999780358386205492e-01 -1.430158679953266818e-04 -1.330450000000000035e-02 -1.920049308763249404e-02 2.702229873272532956e-04 9.998156170238234886e-01 8.817920000000000202e-01
9.998215299512224208e-01 -7.791361235621907522e-03 1.721054723397598060e-02 4.114129999999999870e-02 7.816659844325899234e-03 9.999684649785703927e-01 -1.403166875260953520e-03 -1.554660000000000070e-02 -1.719907191900112500e-02 1.537445445462976967e-03 9.998509029783526625e-01 1.190369999999999928e+00
9.998825374852072789e-01 -1.098736299787935432e-02 1.068592936978413413e-02 4.998799999999999771e-02 1.102228763572184016e-02 9.999340846320484699e-01 -3.214897563330975164e-03 -1.740770000000000164e-02 -1.064990175628850733e-02 3.332303320547153926e-03 9.999377357351613149e-01 1.503200000000000092e+00
9.999288414258453717e-01 -1.186683549310953677e-02 -1.220778499976754279e-03 3.980790000000000023e-02 1.186102638180327497e-02 9.999187944689034158e-01 -4.660527977070463845e-03 -2.511429999999999912e-02 1.275985084825241979e-03 4.645716654550244989e-03 9.999883945220708892e-01 1.837199999999999944e+00
9.997846588433634274e-01 -1.149520284448552268e-02 -1.727704410550670241e-02 2.357909999999999867e-02 1.140945584657659592e-02 9.999221403810734099e-01 -5.053463467558088826e-03 -3.316750000000000254e-02 1.733378950906324864e-02 4.855253577008828217e-03 9.998379700001187587e-01 2.153960000000000097e+00
9.993327921638124334e-01 -7.654461266811558515e-03 -3.571245901353393981e-02 -9.136460000000000761e-03 7.455323668988662889e-03 9.999559290104126363e-01 -5.705978085579287151e-03 -3.419529999999999792e-02 3.575456131836995954e-02 5.435923071326087888e-03 9.993458170649905936e-01 2.504799999999999915e+00
9.983866713390067149e-01 -4.145734038637822853e-03 -5.662920961746850668e-02 -5.032989999999999686e-02 3.767348353346737077e-03 9.999698718473967185e-01 -6.786934793085288090e-03 -4.141559999999999686e-02 5.665564031058906158e-02 6.562643277059613048e-03 9.983722102173193669e-01 2.834519999999999929e+00
9.971675151371143242e-01 -3.495341736579919787e-03 -7.513141381218375880e-02 -9.904359999999999553e-02 2.961442524556753397e-03 9.999695759851424670e-01 -7.216436951029802337e-03 -4.436609999999999859e-02 7.515435192619800142e-02 6.973499138808568996e-03 9.971475285514748155e-01 3.213610000000000078e+00
9.953364729439937442e-01 -4.533191050024428827e-03 -9.635743773219865305e-02 -1.446880000000000110e-01 3.898315954756831174e-03 9.999694441181719018e-01 -6.775984261433520318e-03 -4.840789999999999677e-02 9.638521027692709131e-02 6.368752538628333869e-03 9.953237313713434453e-01 3.593399999999999928e+00
9.932628299731430799e-01 -5.668156906703749991e-03 -1.157446438977812186e-01 -1.995659999999999934e-01 4.990759320867441985e-03 9.999686867675001700e-01 -6.141482384764363790e-03 -5.574939999999999757e-02 1.157758304446328268e-01 5.522452513347924676e-03 9.932600161101289293e-01 3.974299999999999944e+00
9.910694173711634969e-01 -5.081910353122469012e-03 -1.332500811960178055e-01 -2.660899999999999932e-01 4.352720421780432655e-03 9.999739200767095992e-01 -5.763071346779358520e-03 -6.233829999999999927e-02 1.332758934560647479e-01 5.131603412295257169e-03 9.910656904917587440e-01 4.363920000000000243e+00
9.888148236874002572e-01 -4.319087125476072341e-03 -1.490858475592441723e-01 -3.421040000000000192e-01 3.542812545382510638e-03 9.999787521802028234e-01 -5.472080718775374983e-03 -7.036399999999999599e-02 1.491063142034029509e-01 4.882691320067219024e-03 9.888091152442665122e-01 4.797270000000000145e+00
9.866068790396186339e-01 -3.554758421818820201e-03 -1.630773740414834527e-01 -4.145449999999999968e-01 2.699929743331820793e-03 9.999814317787497631e-01 -5.463192940281671496e-03 -7.424169999999999381e-02 1.630937663158358031e-01 4.949726283763527211e-03 9.865981571027950814e-01 5.191819999999999879e+00
9.845423686832397436e-01 -4.944991963554599100e-03 -1.750767583720806986e-01 -5.061039999999999983e-01 3.897514701428467752e-03 9.999723933089424976e-01 -6.326294265816562006e-03 -8.149549999999999850e-02 1.751032085564045437e-01 5.546140501820611725e-03 9.845344619051109580e-01 5.637979999999999769e+00
9.828045260996076671e-01 -7.893735802104994217e-03 -1.844802222819894866e-01 -5.913129999999999775e-01 6.421370245988723344e-03 9.999425968411151944e-01 -8.577238880365141080e-03 -9.317899999999999794e-02 1.845373389921118601e-01 7.245133382725438102e-03 9.827987986154526068e-01 6.083809999999999718e+00
9.812528766975893157e-01 -7.110439298486233642e-03 -1.925934412841931731e-01 -6.900699999999999612e-01 5.229014698098038288e-03 9.999335342331538978e-01 -1.027543289993329383e-02 -1.004509999999999986e-01 1.926537032553293505e-01 9.075724157140271572e-03 9.812248375642714793e-01 6.541719999999999757e+00
9.796575901449605661e-01 -7.412143796977851279e-03 -2.005394380058481141e-01 -7.948009999999999797e-01 5.022626499909881373e-03 9.999102342872799865e-01 -1.242161787366012453e-02 -1.021699999999999969e-01 2.006135072581377021e-01 1.116169753620623907e-02 9.796068789130154553e-01 7.009890000000000398e+00
9.781742645131838998e-01 -7.575559141782029632e-03 -2.076480656008650727e-01 -9.005880000000000551e-01 4.579926352849665941e-03 9.998784483629817865e-01 -1.490344838748574978e-02 -1.123460000000000014e-01 2.077357275932434910e-01 1.362715681737541006e-02 9.780900613329942539e-01 7.500040000000000262e+00
9.762933314622304071e-01 -1.180530898928047051e-02 -2.161295112242824501e-01 -1.012100000000000000e+00 8.346613785565917126e-03 9.998221993362967908e-01 -1.690868867313499377e-02 -1.245519999999999960e-01 2.162906955481308235e-01 1.470389043750042375e-02 9.762182802146801563e-01 8.000410000000000466e+00
9.744801132437693747e-01 -1.734355389591957577e-02 -2.238028374053148972e-01 -1.129569999999999963e+00 1.361466649206588379e-02 9.997417775038497378e-01 -1.819393222348504938e-02 -1.392029999999999934e-01 2.240605939220912945e-01 1.468262414223976513e-02 9.744646072585588792e-01 8.528200000000000003e+00
9.726087077847266338e-01 -1.842710781873970610e-02 -2.317169463780341943e-01 -1.250140000000000029e+00 1.402106113664840399e-02 9.996884980307961799e-01 -2.064743929723527813e-02 -1.633130000000000137e-01 2.320252386830505831e-01 1.683296178238368954e-02 9.725641058622851443e-01 9.037900000000000489e+00
9.703813082020319447e-01 -1.480399276852321921e-02 -2.411243631204087190e-01 -1.401489999999999903e+00 9.071642608529804225e-03 9.996496266186842838e-01 -2.486622813190959846e-02 -1.646799999999999931e-01 2.414079990234298811e-01 2.194232893825489444e-02 9.701756089534868677e-01 9.563900000000000290e+00
9.684039929684893355e-01 -1.165116029961553792e-02 -2.491143449630285334e-01 -1.545339999999999936e+00 4.883251951616579718e-03 9.996024490935297990e-01 -2.776864448607718749e-02 -1.795609999999999984e-01 2.493388462575840681e-01 2.567477808842317383e-02 9.680758986345270323e-01 1.010730000000000040e+01
9.659523720882836617e-01 -1.415313087945000575e-02 -2.583325448783547196e-01 -1.700420000000000043e+00 6.636000354673009249e-03 9.995294450220154614e-01 -2.994748792928316611e-02 -2.002099999999999991e-01 2.586348359295606580e-01 2.721355214393997302e-02 9.655917585726373487e-01 1.065649999999999942e+01
9.637282826768560628e-01 -1.621190081414084980e-02 -2.663925138601127562e-01 -1.860170000000000101e+00 7.977143863112236971e-03 9.994571469184465595e-01 -3.196524126963345286e-02 -2.314910000000000023e-01 2.667661191840243751e-01 2.868075566701697166e-02 9.633344444739135870e-01 1.123869999999999969e+01
9.615823018742920558e-01 -1.602343700508481600e-02 -2.740487660776488310e-01 -2.025490000000000013e+00 6.810401209020735397e-03 9.993802247305939579e-01 -3.453671745837681023e-02 -2.534230000000000094e-01 2.744323143463793802e-01 3.134351422498216772e-02 9.610954629788439618e-01 1.179979999999999940e+01
9.590916051732003567e-01 -1.571757147132016308e-02 -2.826592486251562342e-01 -2.236419999999999852e+00 5.153718347508220825e-03 9.992614829590539260e-01 -3.807791829482055912e-02 -2.654059999999999753e-01 2.830489923555434828e-01 3.506346562330106553e-02 9.584643036154215645e-01 1.242600000000000016e+01
9.570722177923580709e-01 -1.646418780295497847e-02 -2.893815827761092585e-01 -2.427150000000000141e+00 4.139435174138965737e-03 9.990600059542261713e-01 -4.315054552587692382e-02 -2.918410000000000171e-01 2.898200044966811051e-01 4.010031200290971320e-02 9.562407280443628865e-01 1.302890000000000015e+01
9.550930260435334107e-01 -1.737232683991925264e-02 -2.957964061025309399e-01 -2.630110000000000170e+00 2.559916580922972675e-03 9.987263258866045934e-01 -5.039020547827247065e-02 -3.288800000000000057e-01 2.962950529963420121e-01 4.737011970863939936e-02 9.539210204879039479e-01 1.366430000000000078e+01
9.538835277599678752e-01 -1.744841246890031436e-02 -2.996694318253257938e-01 -2.838080000000000158e+00 -1.154816033137259779e-04 9.982877867925848969e-01 -5.849343044104746148e-02 -3.602679999999999771e-01 3.001769513673522294e-01 5.583052608633995439e-02 9.522482608147544436e-01 1.430889999999999951e+01
9.528026847839150548e-01 -1.741654516287005627e-02 -3.030902634911802895e-01 -3.039480000000000182e+00 -3.132225577142766504e-03 9.977359770385414439e-01 -6.717967911415612114e-02 -4.047529999999999739e-01 3.035740980905605735e-01 6.495832569837986514e-02 9.505909650796002808e-01 1.494079999999999941e+01
9.512520083186672970e-01 -1.724909989526847431e-02 -3.079319490122859881e-01 -3.267860000000000209e+00 -6.503023053441270643e-03 9.970910383801696586e-01 -7.594189800842035543e-02 -4.465749999999999997e-01 3.083461161760732705e-01 7.424237155935925481e-02 9.483726814414117356e-01 1.559130000000000038e+01
9.499754577276124934e-01 -1.589726176181717465e-02 -3.119197120793895661e-01 -3.498530000000000140e+00 -1.061134175538896302e-02 9.964843528208633394e-01 -8.310435613934646915e-02 -5.007540000000000324e-01 3.121442441265950829e-01 8.225698542775111699e-02 9.464669879118738915e-01 1.623679999999999879e+01
9.482983131851463465e-01 -1.478402132189085387e-02 -3.170358685129492371e-01 -3.732499999999999929e+00 -1.433884902937053625e-02 9.958988414212801565e-01 -8.933025839134790813e-02 -5.593559999999999643e-01 3.170563145857831500e-01 8.925766280441103928e-02 9.441972055730598612e-01 1.691829999999999856e+01
9.466523133613977681e-01 -1.327853865504003555e-02 -3.219830399550582256e-01 -3.989609999999999879e+00 -1.844305922536622344e-02 9.952806891362858677e-01 -9.526911041260689716e-02 -6.253609999999999447e-01 3.217285364619117405e-01 9.612507603943133694e-02 9.419398699399499364e-01 1.759740000000000038e+01
9.453934646211552550e-01 -1.095298530031252673e-02 -3.257471859657726787e-01 -4.230990000000000251e+00 -2.314648053686606602e-02 9.946555546547681814e-01 -1.006209125041706703e-01 -6.949950000000000294e-01 3.251083473095777165e-01 1.026662539855556638e-01 9.400873378586738216e-01 1.829299999999999926e+01
9.432705442613278368e-01 -8.968695074698163072e-03 -3.319039662878337515e-01 -4.513899999999999579e+00 -2.713567798356695399e-02 9.942086155187506158e-01 -1.039850172316242882e-01 -7.660700000000000287e-01 3.309143927200969837e-01 1.070924429497531194e-01 9.375643302481933006e-01 1.900290000000000035e+01
9.413062587829721384e-01 -8.256848819670328798e-03 -3.374527398371119369e-01 -4.780680000000000263e+00 -2.901634705567834871e-02 9.940211702527029791e-01 -1.052614112245853634e-01 -8.377809999999999979e-01 3.363042949168934537e-01 1.088748710080335719e-01 9.354387653307058015e-01 1.971249999999999858e+01
9.391820802700566739e-01 -7.131910907996351703e-03 -3.433455343329940290e-01 -5.073959999999999582e+00 -3.065034677771131394e-02 9.940536452252775046e-01 -1.044887872297505793e-01 -9.211240000000000538e-01 3.420490846969405641e-01 1.086576562472173491e-01 9.333787748801912754e-01 2.046620000000000061e+01
9.369164234578880590e-01 -8.216786134852249388e-03 -3.494568641198702030e-01 -5.382710000000000328e+00 -2.970436219709058495e-02 9.942359825463397138e-01 -1.030168038553826437e-01 -9.919740000000000224e-01 3.482890557013575972e-01 1.068985286883239738e-01 9.312719464490102350e-01 2.123920000000000030e+01
9.344247010027317835e-01 -7.725342319225298598e-03 -3.560769541012251405e-01 -5.694799999999999862e+00 -3.035815788213847358e-02 9.943986632335203302e-01 -1.012407072742535358e-01 -1.061369999999999925e+00 3.548645662868559758e-01 1.054116580148454357e-01 9.289561464076778741e-01 2.201259999999999906e+01
9.314039072979395373e-01 -8.000498498020451252e-03 -3.638993727583413884e-01 -6.067820000000000213e+00 -2.980850665581077918e-02 9.947236599842999016e-01 -9.816462294731934102e-02 -1.117650000000000032e+00 3.627646818546171881e-01 1.022782102464745990e-01 9.262510206783559630e-01 2.280209999999999937e+01
9.273189858866228708e-01 -5.357755370454887756e-03 -3.742336073518728878e-01 -6.614930000000000199e+00 -3.174514236370012954e-02 9.951683917848284100e-01 -9.290919184185603141e-02 -1.147650000000000059e+00 3.729232419017535771e-01 9.803655670100189234e-02 9.226684611493434218e-01 2.383559999999999945e+01
9.243129778205245728e-01 -3.474023712392004457e-03 -3.816195097106541700e-01 -6.922539999999999694e+00 -3.240193773956211165e-02 9.956335741380667459e-01 -8.754370611174870642e-02 -1.221270000000000078e+00 3.802573253249381668e-01 9.328299527944215741e-02 9.201644686296138742e-01 2.456449999999999889e+01
9.201554802937609301e-01 -1.066968536681332791e-03 -3.915517253997227720e-01 -7.262769999999999726e+00 -3.432229209877274423e-02 9.959272475027567406e-01 -8.337204535495883195e-02 -1.288149999999999906e+00 3.900459874815336847e-01 9.015419712761309212e-02 9.163712939577662864e-01 2.531820000000000093e+01
9.170406194960804003e-01 2.170943256357693585e-05 -3.987938085313581515e-01 -7.588499999999999801e+00 -3.559891710185297820e-02 9.960122342685268082e-01 -8.180676187573061864e-02 -1.360950000000000104e+00 3.972017362693929243e-01 8.921675132012839293e-02 9.133844491715752412e-01 2.607590000000000074e+01
9.129195883317963167e-01 2.200607863267506348e-03 -4.081335352126012062e-01 -7.948889999999999567e+00 -3.863804617983904177e-02 9.959603459353536525e-01 -8.105609608003173927e-02 -1.440099999999999936e+00 4.063064442357616768e-01 8.976718024625056358e-02 9.093167361943411686e-01 2.685989999999999966e+01
9.092385627608771115e-01 1.074413044217910340e-03 -4.162740463026067261e-01 -8.296310000000000073e+00 -3.785196637231247330e-02 9.960673513887360331e-01 -8.010655490768220366e-02 -1.503880000000000106e+00 4.145509192249893782e-01 8.859276005429897460e-02 9.057035156361477046e-01 2.760679999999999978e+01
9.053477524232784734e-01 1.403235125241843878e-03 -4.246686686268500432e-01 -8.679800000000000182e+00 -3.834165743685877259e-02 9.961805740936597875e-01 -7.844858891924673394e-02 -1.573949999999999960e+00 4.229365962967884807e-01 8.730575427547530853e-02 9.019436461239014324e-01 2.841629999999999967e+01
9.009491541655619828e-01 1.048029406248606604e-03 -4.339234071154979278e-01 -9.051510000000000389e+00 -3.785364631154149173e-02 9.963746340597714468e-01 -7.618851660964025274e-02 -1.643960000000000088e+00 4.322704281688480865e-01 8.506756277583334136e-02 8.977225555226405751e-01 2.919229999999999947e+01
8.973132982471393460e-01 3.098482181922216500e-03 -4.413833302210321552e-01 -9.434870000000000090e+00 -3.887744870023382426e-02 9.966437731573422054e-01 -7.203980433938433903e-02 -1.716630000000000100e+00 4.396787335901078952e-01 8.180213221465806872e-02 8.944221723513647859e-01 2.997929999999999851e+01
8.940356126093553790e-01 3.463423394874900335e-03 -4.479825086815359958e-01 -9.859379999999999811e+00 -3.729247850375018436e-02 9.970748583085563554e-01 -6.671580004781094142e-02 -1.776569999999999983e+00 4.464410313056607071e-01 7.635267924153016361e-02 8.915495914077792294e-01 3.080049999999999955e+01
8.904768756211925984e-01 3.168786908082546483e-03 -4.550174642510441680e-01 -1.027580000000000027e+01 -3.553406736106945463e-02 9.974062508614258693e-01 -6.259473459751579982e-02 -1.840850000000000097e+00 4.536389137195993015e-01 7.190778491989324728e-02 8.882798018795746708e-01 3.159929999999999950e+01
8.862742102059913973e-01 1.255358582427062997e-03 -4.631592041604870591e-01 -1.070110000000000028e+01 -3.311359878771197307e-02 9.976090510925617050e-01 -6.066028975800370759e-02 -1.900539999999999896e+00 4.619756637519693010e-01 6.909851845754767796e-02 8.841967432918419467e-01 3.244850000000000279e+01
8.830541495423870346e-01 2.263322818510580398e-03 -4.692656458188588786e-01 -1.114189999999999969e+01 -3.430645752058046616e-02 9.976239477820126877e-01 -5.974550848574784051e-02 -1.957619999999999916e+00 4.680154227676264211e-01 6.885736112901197359e-02 8.810336133598926089e-01 3.327850000000000108e+01
8.804169538735016065e-01 1.358979512119651983e-03 -4.741984189205930567e-01 -1.159220000000000006e+01 -3.282436188576808023e-02 9.977719435521301694e-01 -5.808364595130904862e-02 -2.001009999999999955e+00 4.730629435909103342e-01 6.670308714662705196e-02 8.784999428379109965e-01 3.413259999999999650e+01
8.778978187850644543e-01 2.774996052236425315e-04 -4.788479328204260921e-01 -1.206900000000000084e+01 -3.137927703006339331e-02 9.978837208384898627e-01 -5.695103737950159978e-02 -2.045739999999999892e+00 4.778187530282760886e-01 6.502309343225645688e-02 8.760486496622225117e-01 3.502450000000000330e+01
8.748201229152235969e-01 -7.062024666526969113e-04 -4.844473695053666540e-01 -1.251929999999999943e+01 -3.068111188117916832e-02 9.979106805188119322e-01 -5.685897537079145914e-02 -2.100049999999999972e+00 4.834753581273069645e-01 6.460475976704654899e-02 8.729706771129912557e-01 3.589820000000000277e+01
8.722646264756775958e-01 8.476146407580820163e-06 -4.890341719424130540e-01 -1.300789999999999935e+01 -3.212453139622013093e-02 9.978410889059153854e-01 -5.728154828241274060e-02 -2.162310000000000176e+00 4.879779051164303549e-01 6.567466192689580540e-02 8.703817569888330219e-01 3.676500000000000057e+01
8.714735617092667086e-01 -1.371951597511132312e-03 -4.904405662163143775e-01 -1.350590000000000046e+01 -3.100603296460011787e-02 9.978415553013325612e-01 -5.788658250074678324e-02 -2.215059999999999807e+00 4.894613949654896823e-01 6.565324259038329835e-02 8.695499954435081946e-01 3.764379999999999882e+01
8.715095913882530132e-01 -1.098063403707934954e-03 -4.903772286465201691e-01 -1.399750000000000050e+01 -3.079566796369581985e-02 9.979010888461822271e-01 -5.696528516801750708e-02 -2.274680000000000035e+00 4.894105219066605117e-01 6.474728671044983896e-02 8.696465545902454242e-01 3.852129999999999654e+01
8.708531702381089312e-01 -1.162428757422340198e-03 -4.915418645910226703e-01 -1.450740000000000052e+01 -2.993924246771891701e-02 9.980151147363515163e-01 -5.540282048999149028e-02 -2.337050000000000072e+00 4.906306122193094810e-01 6.296411293086723315e-02 8.690898243772817722e-01 3.942399999999999949e+01
8.708555947608236369e-01 -1.507946541102310120e-03 -4.915366305485291964e-01 -1.501619999999999955e+01 -2.928283856136403018e-02 9.980600487099405838e-01 -5.494228367023015758e-02 -2.400049999999999795e+00 4.906659234546059678e-01 6.224038292250558269e-02 8.691220203711896852e-01 4.033729999999999905e+01
8.702943512232913514e-01 -3.959844179983147000e-03 -4.925160523910875332e-01 -1.551570000000000071e+01 -2.690030016557046905e-02 9.980929929930321132e-01 -5.555853840062071475e-02 -2.463970000000000216e+00 4.917968239830676769e-01 6.160111177796461640e-02 8.685281728003335644e-01 4.125610000000000355e+01
8.689491156161486263e-01 -5.864095286199598467e-03 -4.948666960469126352e-01 -1.602489999999999881e+01 -2.529057624021781650e-02 9.980971576272587020e-01 -5.623567097336677062e-02 -2.524230000000000196e+00 4.942548140618872599e-01 6.138140046350692297e-02 8.671473360702827149e-01 4.217849999999999966e+01
8.676319549586297697e-01 -6.000289380271431328e-03 -4.971707827920093248e-01 -1.653430000000000177e+01 -2.428920311551258787e-02 9.982218279802057559e-01 -5.443543658197279311e-02 -2.585999999999999854e+00 4.966133559890225646e-01 5.930580638697706408e-02 8.659434138453336871e-01 4.308599999999999852e+01
8.652623458779370447e-01 -6.035183166715701528e-03 -5.012830032725560381e-01 -1.708539999999999992e+01 -2.249241053464015594e-02 9.984532475883910463e-01 -5.084489992650393503e-02 -2.644579999999999931e+00 5.008145008624954597e-01 5.526924048997943623e-02 8.637882534403384938e-01 4.406550000000000011e+01
8.624593512923983685e-01 -5.720224783570846544e-03 -5.060940094455977922e-01 -1.761199999999999832e+01 -2.076968246251291797e-02 9.986938267583861384e-01 -4.668255225560058452e-02 -2.705900000000000194e+00 5.056999976850916623e-01 5.077321560740384598e-02 8.612140227133916470e-01 4.499349999999999739e+01
8.588010716077690843e-01 -8.303262227495297396e-03 -5.122419108602194182e-01 -1.814819999999999922e+01 -1.700736452494121254e-02 9.988554576417381092e-01 -4.470485757979399816e-02 -2.752380000000000049e+00 5.120268244508907607e-01 4.710446449855198309e-02 8.576769207965440067e-01 4.593910000000000338e+01
8.540695444856798435e-01 -1.103744680790596198e-02 -5.200417175092647559e-01 -1.870840000000000103e+01 -1.581259016351179575e-02 9.987618492961390926e-01 -4.716704763791223359e-02 -2.810459999999999958e+00 5.199184312700829702e-01 4.850714543774884563e-02 8.528375470552037596e-01 4.687709999999999866e+01
8.491012645462361341e-01 -1.349746323027958134e-02 -5.280576304082064132e-01 -1.927850000000000108e+01 -1.560003538634651896e-02 9.985966933053883610e-01 -5.060911988455150945e-02 -2.872799999999999798e+00 5.279996983350724316e-01 5.120998541194306253e-02 8.476991541532769014e-01 4.778750000000000142e+01
8.416270794579088221e-01 -1.305597732153021724e-02 -5.399012878104020308e-01 -1.984799999999999898e+01 -1.693801933026221201e-02 9.985778053997796944e-01 -5.055165738259476127e-02 -2.934060000000000112e+00 5.397934444065789483e-01 5.169050221403610756e-02 8.402089795738570954e-01 4.869579999999999842e+01
8.368217180230138608e-01 -1.087537125941989702e-02 -5.473674620809874103e-01 -2.043789999999999907e+01 -1.683213559113934735e-02 9.988189560214204565e-01 -4.557819987363704445e-02 -2.990369999999999973e+00 5.472166768807882331e-01 4.735419086257827009e-02 8.356503390481556659e-01 4.959369999999999834e+01
8.317543941294130994e-01 -8.202263487081522253e-03 -5.550831926117936188e-01 -2.104550000000000054e+01 -1.703698108561799152e-02 9.990427200449994993e-01 -4.029124967752986675e-02 -3.052309999999999857e+00 5.548823020442275045e-01 4.296936581772234365e-02 8.308184305125407842e-01 5.047529999999999717e+01
8.277896841749999846e-01 -7.562347831058308621e-03 -5.609875664118908478e-01 -2.164150000000000063e+01 -1.923988241861221415e-02 9.989383726421210419e-01 -4.185635659763971284e-02 -3.108870000000000022e+00 5.607085389914903129e-01 4.544159502474455492e-02 8.267653813166316867e-01 5.139269999999999783e+01
8.243578756135251373e-01 -9.614288025421441342e-03 -5.659873305823375222e-01 -2.225359999999999872e+01 -2.024258944221045409e-02 9.987155775446445727e-01 -4.644817264803118018e-02 -3.161230000000000206e+00 5.657069298555834624e-01 4.974696609273213110e-02 8.231044337615600615e-01 5.225240000000000151e+01
8.208256478532455214e-01 -1.215738552414475510e-02 -5.710494320140044877e-01 -2.283330000000000126e+01 -2.242435530256278037e-02 9.983167572527205103e-01 -5.348645134683150532e-02 -3.227240000000000109e+00 5.707384726085706905e-01 5.670846643694276573e-02 8.191713775021719490e-01 5.312639999999999674e+01
8.172313478106181250e-01 -1.192431356483532323e-02 -5.761863716729578311e-01 -2.346760000000000090e+01 -2.433148119885274185e-02 9.981805785636548300e-01 -5.516803060647740287e-02 -3.290249999999999897e+00 5.757958867327122032e-01 5.910451187798471118e-02 8.154543233666462498e-01 5.399020000000000152e+01
8.154657183076119420e-01 -9.230655791807729563e-03 -5.787317662429665166e-01 -2.408040000000000092e+01 -2.528618472804064488e-02 9.983500799261093572e-01 -5.155314513616416489e-02 -3.357619999999999827e+00 5.782527744221810373e-01 5.667374087868356364e-02 8.138868569818940024e-01 5.488519999999999754e+01
8.118711813108661079e-01 -7.822872600399589232e-03 -5.837841961043281902e-01 -2.471000000000000085e+01 -2.334446830398865386e-02 9.986756311516112872e-01 -4.584778668087279713e-02 -3.419770000000000199e+00 5.833697118950407212e-01 5.085062839541577145e-02 8.106133436079673293e-01 5.578719999999999857e+01
8.094226437784299844e-01 -9.355008808322261282e-03 -5.871519969726179955e-01 -2.534740000000000038e+01 -1.962664267974973190e-02 9.988834984572241282e-01 -4.297151855564469020e-02 -3.471229999999999816e+00 5.868984397967491606e-01 4.630594259976685695e-02 8.083353147327467791e-01 5.668169999999999931e+01
8.066793995828556163e-01 -5.033024293630788612e-03 -5.909678628784337251e-01 -2.597810000000000130e+01 -2.568738647393415536e-02 9.987201172019879447e-01 -4.356932030897578412e-02 -3.532210000000000072e+00 5.904307787241297456e-01 5.032689303451096108e-02 8.055176592556556603e-01 5.752530000000000143e+01
8.027060787182723756e-01 -7.020873099419355085e-03 -5.963335128346020086e-01 -2.662740000000000151e+01 -2.485190937206339587e-02 9.986683277073106213e-01 -4.521010766240622647e-02 -3.589550000000000018e+00 5.958568064470669556e-01 5.111045465661075149e-02 8.014626551720904768e-01 5.841770000000000351e+01
7.999109024810573398e-01 -9.510175752423362383e-03 -6.000434189699096477e-01 -2.728750000000000142e+01 -2.404520664944570507e-02 9.985635985383998214e-01 -4.788076556642460735e-02 -3.654619999999999980e+00 5.996368702215749691e-01 5.272851440349404784e-02 7.985332351503440229e-01 5.928679999999999950e+01
7.963576415603087488e-01 -1.027010550740221732e-02 -6.047388127624764298e-01 -2.793240000000000123e+01 -2.394622019958878717e-02 9.985364944566013090e-01 -4.849172894911760873e-02 -3.711419999999999941e+00 6.043517893302339239e-01 5.309796767474920381e-02 7.949462375294040761e-01 6.012619999999999720e+01
7.905463114190713902e-01 -1.153873835403829325e-02 -6.122935464455733223e-01 -2.858960000000000079e+01 -2.217721081880358325e-02 9.986272618446734306e-01 -4.745274724300294067e-02 -3.773870000000000058e+00 6.120005725667246876e-01 5.109255736217387101e-02 7.892052013007733180e-01 6.099920000000000186e+01
7.855502557890328141e-01 -1.269809431703766006e-02 -6.186675634219890307e-01 -2.925130000000000052e+01 -2.076091866269613034e-02 9.986857449944558374e-01 -4.685901195234132288e-02 -3.830670000000000019e+00 6.184494966333679011e-01 4.965421578863538077e-02 7.842542183299682224e-01 6.181790000000000163e+01
7.811207764232948048e-01 -1.191216362224850958e-02 -6.242663157641182847e-01 -2.993669999999999831e+01 -2.275730692944409259e-02 9.986105032670733461e-01 -4.753070319279493333e-02 -3.902600000000000069e+00 6.239650932714010390e-01 5.133383993545845986e-02 7.797643228926882664e-01 6.263960000000000150e+01
7.752066218422932753e-01 -1.462834386328118810e-02 -6.315383638447290560e-01 -3.062359999999999971e+01 -2.092110614331404647e-02 9.985889118081151539e-01 -4.881078294418597641e-02 -3.959249999999999936e+00 6.313612284339290559e-01 5.105092329921029348e-02 7.738066957972761228e-01 6.348490000000000322e+01
7.701595591242383909e-01 -1.524451241019367936e-02 -6.376690821507141615e-01 -3.130979999999999919e+01 -2.127760059897373934e-02 9.985439632985391167e-01 -4.957032451776429566e-02 -4.022269999999999790e+00 6.374962879910041069e-01 5.174512732056384817e-02 7.687138118937822950e-01 6.432189999999999941e+01
7.643953242696772676e-01 -1.487677734264026413e-02 -6.445761938906465760e-01 -3.203649999999999665e+01 -2.334170824519476994e-02 9.984398735379549361e-01 -5.072458561396826771e-02 -4.095049999999999635e+00 6.443251918797302524e-01 5.381914552842785582e-02 7.628555215004599876e-01 6.518600000000000705e+01
7.588783572349738771e-01 -1.809177034637768008e-02 -6.509810494677101822e-01 -3.273259999999999792e+01 -2.075844395040936027e-02 9.984340671480914642e-01 -5.194709388289404928e-02 -4.155599999999999739e+00 6.509014717490697599e-01 5.293487889713571759e-02 7.573144476840782957e-01 6.602580000000000382e+01
7.528171523508930818e-01 -2.063221478450805862e-02 -6.579062599180662829e-01 -3.346399999999999864e+01 -1.825711301980009749e-02 9.984695732690118675e-01 -5.220334357279698967e-02 -4.214620000000000033e+00 6.579764531884666479e-01 5.131104139542644327e-02 7.512883361802193960e-01 6.684879999999999711e+01
7.465393510562519097e-01 -1.959145363285303559e-02 -6.650527590116908083e-01 -3.422780000000000200e+01 -1.899708089825515034e-02 9.985312053247992203e-01 -5.073995378347265217e-02 -4.287020000000000053e+00 6.650700025124087755e-01 5.051343323469076330e-02 7.450706576030148298e-01 6.771779999999999688e+01
7.404078539021625716e-01 -1.966518217190093773e-02 -6.718701440681376091e-01 -3.499210000000000065e+01 -1.894232203342383417e-02 9.985644617556805880e-01 -5.010193763289001734e-02 -4.360509999999999664e+00 6.718909125118273096e-01 4.982264875268961613e-02 7.389724658979455185e-01 6.854439999999999600e+01
7.346190051293117751e-01 -2.125137332240294857e-02 -6.781469578452241631e-01 -3.573449999999999704e+01 -1.771062689360127645e-02 9.985681271012910587e-01 -5.047800741368044242e-02 -4.426210000000000200e+00 6.782486645750627208e-01 4.909251133657546728e-02 7.331907489411008116e-01 6.934890000000000043e+01
7.273048017494493367e-01 -2.390101585152553526e-02 -6.858982918723877109e-01 -3.650070000000000192e+01 -1.696233892810027760e-02 9.984621437508865993e-01 -5.277903517943487166e-02 -4.495190000000000019e+00 6.861049514544275141e-01 5.002088501465058734e-02 7.257808943834693771e-01 7.019079999999999586e+01
7.229497818360213213e-01 -2.015610113217046473e-02 -6.906065048422284081e-01 -3.722870000000000346e+01 -2.235565673797753478e-02 9.983684971923318940e-01 -5.254111176724729493e-02 -4.564460000000000406e+00 6.905388023529618335e-01 5.342354725282072447e-02 7.213196843590661267e-01 7.096989999999999554e+01
7.172984773978078321e-01 -2.188131601749270655e-02 -6.964223591557994197e-01 -3.803529999999999944e+01 -1.954365006029849805e-02 9.984816733359419549e-01 -5.150139565660107055e-02 -4.631099999999999994e+00 6.964918808321509669e-01 5.055250756985048277e-02 7.157817432103819044e-01 7.177870000000000061e+01
7.128024030255414312e-01 -2.071077424998184202e-02 -7.010590546244873655e-01 -3.880360000000000298e+01 -2.184619693709209665e-02 9.984232864679265518e-01 -5.170768528923364721e-02 -4.699089999999999989e+00 7.010245915232927727e-01 5.217283650091233266e-02 7.112260661780117621e-01 7.260980000000000700e+01
7.073293845781192246e-01 -2.350594504294693798e-02 -7.064931792027273616e-01 -3.961740000000000350e+01 -1.909114737551684260e-02 9.984471672366490580e-01 -5.233337681630442079e-02 -4.763219999999999565e+00 7.066262589263332394e-01 5.050470062032811486e-02 7.057822648742497762e-01 7.340009999999999479e+01
7.030482830675072181e-01 -2.480086074684113157e-02 -7.107095250396227026e-01 -4.044890000000000185e+01 -2.044400053686519503e-02 9.982737682837741211e-01 -5.505929892908486417e-02 -4.842640000000000278e+00 7.108481937220343383e-01 5.323909149045901595e-02 7.013276300128148399e-01 7.420529999999999404e+01
6.985841772741588906e-01 -2.798112826356589575e-02 -7.149805617800280011e-01 -4.128399999999999892e+01 -1.931020198451936440e-02 9.981338833297630497e-01 -5.792984592042301623e-02 -4.909849999999999604e+00 7.152672670837829649e-01 5.427529281491496466e-02 6.967402164568595735e-01 7.500300000000000011e+01
6.927529603158847360e-01 -2.675326366733196681e-02 -7.206785683345413585e-01 -4.211869999999999692e+01 -2.277328312880783773e-02 9.980017903076606745e-01 -5.893898640322278032e-02 -4.992340000000000444e+00 7.208153116777646918e-01 5.724237439039665115e-02 6.907594349880690210e-01 7.582769999999999300e+01
6.881493248826329179e-01 -2.761647995479887124e-02 -7.250433343590455548e-01 -4.295680000000000121e+01 -2.041695487598114978e-02 9.981426580826939787e-01 -5.739670782550489875e-02 -5.063559999999999839e+00 7.252817760134117053e-01 5.430068278134648346e-02 6.863073518710920418e-01 7.662399999999999523e+01
6.840811054826041460e-01 -2.678032491910482121e-02 -7.289141618317793725e-01 -4.382249999999999801e+01 -2.105803058640669939e-02 9.981841124641998020e-01 -5.643613179408751152e-02 -5.147929999999999673e+00 7.291019136372638432e-01 5.395638814157994317e-02 6.822749502284215506e-01 7.740630000000000166e+01
6.779916545319177867e-01 -2.892343034290814283e-02 -7.345003414310109502e-01 -4.468289999999999651e+01 -1.884125138475666386e-02 9.982134782440533760e-01 -5.669972749639427823e-02 -5.222979999999999734e+00 7.348280912099980355e-01 5.228084763188049766e-02 6.762354540687458559e-01 7.817130000000000223e+01
6.747498481015318239e-01 -2.812599205580784689e-02 -7.375103870847082854e-01 -4.553659999999999997e+01 -2.071752341478339671e-02 9.981580177342411764e-01 -5.702066166231374578e-02 -5.298930000000000362e+00 7.377556687078165032e-01 5.375407150836844505e-02 6.729242699485251666e-01 7.895459999999999923e+01
6.693563786626863799e-01 -2.903287022488568181e-02 -7.423739831042568404e-01 -4.644919999999999760e+01 -1.983015026278884402e-02 9.981819709130361762e-01 -5.691676453139132147e-02 -5.383149999999999658e+00 7.426767826478284373e-01 5.281898702807141105e-02 6.675637431176133507e-01 7.975239999999999441e+01
6.649504420037661845e-01 -3.058497681851873873e-02 -7.462609924630971836e-01 -4.729780000000000229e+01 -1.784875879876647586e-02 9.982251321728081717e-01 -5.681555515810130658e-02 -5.455230000000000246e+00 7.466741802743279699e-01 5.109936097047072107e-02 6.632243389834771019e-01 8.053749999999999432e+01
6.619035133841116858e-01 -3.346259534590013268e-02 -7.488417681209332821e-01 -4.818520000000000181e+01 -1.484683234969426911e-02 9.982218570173019279e-01 -5.772950495291959139e-02 -5.536200000000000010e+00 7.494419994495565840e-01 4.932929034200307650e-02 6.602297407534782892e-01 8.134220000000000539e+01
6.574254057283991370e-01 -3.751394740980470294e-02 -7.525852374665502609e-01 -4.907800000000000296e+01 -1.283371907371332922e-02 9.980576440450933395e-01 -6.096092861739212804e-02 -5.623569999999999958e+00 7.534103341191880077e-01 4.973573074653853815e-02 6.556670081142721429e-01 8.211920000000000641e+01
6.529530419454979695e-01 -4.278966138136147679e-02 -7.561887131483709945e-01 -5.001780000000000115e+01 -7.454295079126437712e-03 9.979914330589949589e-01 -6.290892643915353688e-02 -5.701139999999999652e+00 7.573617091581764660e-01 4.671342868728371733e-02 6.513225752891450560e-01 8.293009999999999593e+01
6.456439645292028073e-01 -4.613719012093982913e-02 -7.622435508121783165e-01 -5.091680000000000206e+01 -3.149113496555167035e-03 9.980038390243374247e-01 -6.307472058495486311e-02 -5.789250000000000007e+00 7.636320803575498140e-01 4.312420411356673866e-02 6.442098639949345174e-01 8.368019999999999925e+01
6.384342176755591902e-01 -5.140222740641571531e-02 -7.679580461969625071e-01 -5.185240000000000293e+01 4.121122222187547507e-03 9.979814354842154733e-01 -6.337247652170727164e-02 -5.869489999999999874e+00 7.696653597847747941e-01 3.729430850040890005e-02 6.373573318797312037e-01 8.444249999999999545e+01
6.302363629142603285e-01 -5.248698113252404235e-02 -7.746271643004775109e-01 -5.277219999999999800e+01 6.503181053403354894e-03 9.980341864382430428e-01 -6.233354904656863982e-02 -5.958129999999999704e+00 7.763760915283207664e-01 3.424732854031664608e-02 6.293387680661823858e-01 8.518779999999999575e+01
6.216146453424504781e-01 -5.020311204539260747e-02 -7.817127862819802653e-01 -5.371900000000000119e+01 5.469391380117621937e-03 9.981979712416790829e-01 -5.975697421161078882e-02 -6.044789999999999885e+00 7.833041034321920337e-01 3.287031715627000694e-02 6.207690583432261544e-01 8.596229999999999905e+01
6.114161991662394602e-01 -4.995406422386223372e-02 -7.897308546996422152e-01 -5.470219999999999771e+01 5.175269256307568622e-03 9.982365048731484114e-01 -5.913625729419624139e-02 -6.136919999999999931e+00 7.912922645806881317e-01 3.206979585464970334e-02 6.105964954113370924e-01 8.669480000000000075e+01
6.044506556297997157e-01 -5.010888393457064993e-02 -7.950650946051757151e-01 -5.561209999999999809e+01 1.703570869051176245e-03 9.980988507675917498e-01 -6.160991756776454387e-02 -6.216389999999999638e+00 7.966407614194740416e-01 3.588570533296439602e-02 6.033868687647719886e-01 8.740919999999999845e+01
5.945380381749857390e-01 -5.289505040565620209e-02 -8.023257660113016776e-01 -5.663689999999999714e+01 3.236489322477924951e-03 9.979832094002377696e-01 -6.339589018277559662e-02 -6.311410000000000409e+00 8.040609717551925328e-01 3.509454940277973584e-02 5.935101737142431944e-01 8.814149999999999352e+01
5.836922943270903552e-01 -5.548129900825907873e-02 -8.100772376777004569e-01 -5.763600000000000279e+01 4.242458352811132039e-03 9.978576197734884135e-01 -6.528531387006407394e-02 -6.382380000000000386e+00 8.119638582414258066e-01 3.466981569527399776e-02 5.826771805977591923e-01 8.883889999999999532e+01
5.737740428752448052e-01 -5.620213551419286913e-02 -8.170830237413093666e-01 -5.863289999999999935e+01 6.484901873720170379e-03 9.979232330980926102e-01 -6.408718195347742896e-02 -6.479750000000000121e+00 8.189879692463650773e-01 3.147285825428320499e-02 5.729469132677309506e-01 8.954959999999999809e+01
5.626182120393451447e-01 -5.672285575427762905e-02 -8.247686130768616675e-01 -5.965279999999999916e+01 8.845044499209597094e-03 9.979993135302176466e-01 -6.260299817917187870e-02 -6.568139999999999645e+00 8.266695305074800437e-01 2.792647181965183037e-02 5.619943055781335683e-01 9.025159999999999627e+01
5.536193394733529560e-01 -5.708285466146468395e-02 -8.308111546343046605e-01 -6.068699999999999761e+01 8.542681908225012444e-03 9.979847590574358884e-01 -6.287641270688473782e-02 -6.661789999999999878e+00 8.327260351081280376e-01 2.771224265139345458e-02 5.529913037836373668e-01 9.090879999999999939e+01
5.438595295260257867e-01 -5.914086069219809394e-02 -8.370897029233581588e-01 -6.174150000000000205e+01 9.161011774685656056e-03 9.978725318458022686e-01 -6.454832337801172382e-02 -6.744510000000000005e+00 8.391262646389958668e-01 2.743663215911023093e-02 5.432442758177684627e-01 9.153969999999999629e+01
5.334904259085309075e-01 -5.912893850757078990e-02 -8.437367682487839637e-01 -6.281519999999999726e+01 6.626173884617177212e-03 9.978149818920777347e-01 -6.573701948950363971e-02 -6.840390000000000192e+00 8.457801483149063326e-01 2.947932398615130470e-02 5.327165382956816631e-01 9.219159999999999400e+01
5.240901807000821755e-01 -5.948523276876541144e-02 -8.495828326750728410e-01 -6.384000000000000341e+01 4.440783470126597604e-03 9.977350960671055313e-01 -6.711898031209215243e-02 -6.936630000000000074e+00 8.516511973430945792e-01 3.140358512032283278e-02 5.231673278270192462e-01 9.282739999999999725e+01
