1.000000e+00 0.000000e+00 0.000000e+00 0.000000e+00 0.000000e+00 1.000000e+00 0.000000e+00 0.000000e+00 0.000000e+00 0.000000e+00 1.000000e+00 0.000000e+00
9.999889e-01 -3.447884e-03 -3.214459e-03 -1.788217e-03 3.442443e-03 9.999926e-01 -1.696617e-03 -1.037133e-02 3.220285e-03 1.685532e-03 9.999934e-01 6.760939e-01
9.999715e-01 -1.922171e-03 -7.303443e-03 -1.160198e-02 1.900721e-03 9.999939e-01 -2.942847e-03 -1.699629e-02 7.309055e-03 2.928881e-03 9.999690e-01 1.371227e+00
9.999357e-01 -8.324306e-04 -1.130609e-02 -2.545157e-02 7.856483e-04 9.999911e-01 -4.141602e-03 -2.283967e-02 1.130943e-02 4.132453e-03 9.999275e-01 2.087516e+00
9.998671e-01 1.414256e-03 -1.623986e-02 -4.175969e-02 -1.491369e-03 9.999877e-01 -4.737213e-03 -2.994361e-02 1.623296e-02 4.760803e-03 9.998569e-01 2.817089e+00
9.997849e-01 5.428516e-04 -2.073095e-02 -5.800430e-02 -6.335184e-04 9.999903e-01 -4.367183e-03 -4.360236e-02 2.072838e-02 4.379377e-03 9.997756e-01 3.559774e+00
9.996784e-01 2.256811e-03 -2.525790e-02 -8.456633e-02 -2.383821e-03 9.999847e-01 -4.999526e-03 -5.670706e-02 2.524623e-02 5.058129e-03 9.996685e-01 4.319141e+00
9.995290e-01 5.749547e-03 -3.014532e-02 -1.152960e-01 -5.917299e-03 9.999675e-01 -5.478547e-03 -6.858240e-02 3.011285e-02 5.654346e-03 9.995305e-01 5.093237e+00
9.993768e-01 7.230101e-03 -3.454960e-02 -1.485990e-01 -7.385404e-03 9.999632e-01 -4.369558e-03 -7.518407e-02 3.451674e-02 4.621998e-03 9.993934e-01 5.881438e+00
9.992186e-01 7.003181e-03 -3.889971e-02 -1.861166e-01 -7.078161e-03 9.999733e-01 -1.790140e-03 -8.446500e-02 3.888613e-02 2.064080e-03 9.992415e-01 6.681970e+00
9.990808e-01 5.844402e-03 -4.246584e-02 -2.209342e-01 -5.824926e-03 9.999829e-01 5.823461e-04 -9.687100e-02 4.246852e-02 -3.344504e-04 9.990977e-01 7.490001e+00
9.989589e-01 6.870175e-03 -4.509999e-02 -2.666149e-01 -6.837044e-03 9.999762e-01 8.888268e-04 -1.090168e-01 4.510502e-02 -5.795508e-04 9.989821e-01 8.304796e+00
9.988607e-01 6.560224e-03 -4.726862e-02 -3.108821e-01 -6.545266e-03 9.999785e-01 4.712099e-04 -1.136279e-01 4.727069e-02 -1.612874e-04 9.988821e-01 9.129001e+00
9.987812e-01 4.812981e-03 -4.912170e-02 -3.489854e-01 -4.786591e-03 9.999883e-01 6.548709e-04 -1.287556e-01 4.912428e-02 -4.189473e-04 9.987926e-01 9.961742e+00
9.986817e-01 4.696464e-03 -5.111646e-02 -3.960245e-01 -4.618521e-03 9.999880e-01 1.642825e-03 -1.372563e-01 5.112356e-02 -1.404577e-03 9.986913e-01 1.080376e+01
9.986199e-01 2.204978e-03 -5.247326e-02 -4.450440e-01 -2.104829e-03 9.999959e-01 1.963766e-03 -1.501802e-01 5.247737e-02 -1.850609e-03 9.986204e-01 1.165992e+01
9.985136e-01 4.586806e-03 -5.430942e-02 -4.964561e-01 -4.606772e-03 9.999894e-01 -2.424409e-04 -1.584337e-01 5.430773e-02 4.922717e-04 9.985241e-01 1.251496e+01
9.984338e-01 5.539402e-03 -5.567169e-02 -5.498526e-01 -5.708656e-03 9.999796e-01 -2.881640e-03 -1.693762e-01 5.565459e-02 3.194937e-03 9.984450e-01 1.337989e+01
9.983206e-01 9.560598e-03 -5.713704e-02 -6.108488e-01 -9.819784e-03 9.999427e-01 -4.257163e-03 -1.802675e-01 5.709306e-02 4.811086e-03 9.983573e-01 1.425523e+01
9.982352e-01 1.087177e-02 -5.838098e-02 -6.703275e-01 -1.111651e-02 9.999307e-01 -3.869053e-03 -1.931685e-01 5.833487e-02 4.511218e-03 9.982869e-01 1.514341e+01
9.981690e-01 9.993343e-03 -5.965597e-02 -7.258241e-01 -1.014145e-02 9.999462e-01 -2.180469e-03 -2.076875e-01 5.963097e-02 2.781475e-03 9.982166e-01 1.603889e+01
9.981073e-01 9.946951e-03 -6.068677e-02 -7.869602e-01 -9.998126e-03 9.999499e-01 -5.396592e-04 -2.201651e-01 6.067836e-02 1.145392e-03 9.981567e-01 1.694081e+01
9.980266e-01 9.809195e-03 -6.202200e-02 -8.470823e-01 -9.806919e-03 9.999519e-01 3.411074e-04 -2.368428e-01 6.202236e-02 2.678105e-04 9.980747e-01 1.784855e+01
9.979653e-01 9.374160e-03 -6.306585e-02 -9.109671e-01 -9.424251e-03 9.999555e-01 -4.968376e-04 -2.429549e-01 6.305839e-02 1.090175e-03 9.980092e-01 1.875095e+01
9.978801e-01 8.606487e-03 -6.450787e-02 -9.719542e-01 -8.667912e-03 9.999622e-01 -6.723929e-04 -2.578824e-01 6.449965e-02 1.230116e-03 9.979170e-01 1.967065e+01
9.978427e-01 8.513699e-03 -6.509529e-02 -1.034039e+00 -8.461067e-03 9.999636e-01 1.084176e-03 -2.691876e-01 6.510216e-02 -5.310613e-04 9.978785e-01 2.059077e+01
9.978831e-01 9.419744e-03 -6.434667e-02 -1.101142e+00 -9.165118e-03 9.999490e-01 4.251132e-03 -2.747172e-01 6.438343e-02 -3.652388e-03 9.979186e-01 2.151428e+01
9.978933e-01 1.008909e-02 -6.408767e-02 -1.165013e+00 -9.616811e-03 9.999243e-01 7.673499e-03 -2.849867e-01 6.416024e-02 -7.041014e-03 9.979148e-01 2.245359e+01
9.979975e-01 9.442561e-03 -6.254387e-02 -1.223619e+00 -8.809256e-03 9.999072e-01 1.039381e-02 -2.904715e-01 6.263621e-02 -9.822033e-03 9.979881e-01 2.339281e+01
9.981378e-01 8.982629e-03 -6.033396e-02 -1.284964e+00 -8.296959e-03 9.998982e-01 1.160551e-02 -2.937638e-01 6.043207e-02 -1.108331e-02 9.981108e-01 2.433536e+01
9.981910e-01 9.409614e-03 -5.938170e-02 -1.344889e+00 -8.892296e-03 9.999202e-01 8.969982e-03 -2.977951e-01 5.946137e-02 -8.425716e-03 9.981950e-01 2.528076e+01
9.982548e-01 1.109444e-02 -5.800206e-02 -1.407327e+00 -1.085787e-02 9.999314e-01 4.392257e-03 -3.014738e-01 5.804682e-02 -3.754812e-03 9.983068e-01 2.623040e+01
9.983250e-01 1.047696e-02 -5.689901e-02 -1.463841e+00 -1.040174e-02 9.999446e-01 1.618029e-03 -3.070128e-01 5.691280e-02 -1.023470e-03 9.983786e-01 2.718017e+01
9.983893e-01 8.512366e-03 -5.609274e-02 -1.518925e+00 -8.371391e-03 9.999612e-01 2.747735e-03 -3.160106e-01 5.611395e-02 -2.273735e-03 9.984218e-01 2.814912e+01
9.984166e-01 6.185030e-03 -5.591010e-02 -1.573949e+00 -5.765882e-03 9.999541e-01 7.655019e-03 -3.246467e-01 5.595488e-02 -7.320527e-03 9.984065e-01 2.912260e+01
9.983813e-01 2.495022e-03 -5.681992e-02 -1.629039e+00 -1.855378e-03 9.999343e-01 1.130737e-02 -3.288064e-01 5.684441e-02 -1.118364e-02 9.983204e-01 3.009731e+01
9.983167e-01 -5.052422e-03 -5.777799e-02 -1.678351e+00 5.704932e-03 9.999217e-01 1.113403e-02 -3.383844e-01 5.771721e-02 -1.144491e-02 9.982674e-01 3.107522e+01
9.982380e-01 -5.969705e-03 -5.903607e-02 -1.734007e+00 6.434173e-03 9.999498e-01 7.680568e-03 -3.439625e-01 5.898725e-02 -8.046883e-03 9.982263e-01 3.206057e+01
9.981503e-01 -5.149525e-03 -6.057574e-02 -1.795358e+00 5.394524e-03 9.999779e-01 3.881667e-03 -3.496175e-01 6.055442e-02 -4.201265e-03 9.981561e-01 3.303003e+01
9.980460e-01 -4.825016e-03 -6.229687e-02 -1.863246e+00 5.035164e-03 9.999821e-01 3.216778e-03 -3.521791e-01 6.228024e-02 -3.524167e-03 9.980525e-01 3.401931e+01
9.979863e-01 -6.599141e-03 -6.308625e-02 -1.929699e+00 6.936500e-03 9.999628e-01 5.130069e-03 -3.651654e-01 6.305005e-02 -5.557336e-03 9.979949e-01 3.503664e+01
9.979196e-01 -3.736552e-03 -6.436204e-02 -2.002533e+00 4.243640e-03 9.999610e-01 7.743783e-03 -3.680558e-01 6.433060e-02 -8.000802e-03 9.978966e-01 3.602493e+01
9.978561e-01 -2.682180e-03 -6.539187e-02 -2.074679e+00 3.298369e-03 9.999512e-01 9.316877e-03 -3.773224e-01 6.536368e-02 -9.512588e-03 9.978162e-01 3.703940e+01
9.977923e-01 -2.147538e-03 -6.637742e-02 -2.144702e+00 2.933632e-03 9.999267e-01 1.174759e-02 -3.810010e-01 6.634733e-02 -1.191638e-02 9.977254e-01 3.802874e+01
9.978021e-01 -1.967965e-03 -6.623543e-02 -2.215869e+00 2.973479e-03 9.998818e-01 1.508575e-02 -3.939461e-01 6.619792e-02 -1.524954e-02 9.976900e-01 3.903274e+01
9.977823e-01 3.336419e-03 -6.647796e-02 -2.294822e+00 -2.207339e-03 9.998522e-01 1.705049e-02 -3.850914e-01 6.652502e-02 -1.686593e-02 9.976422e-01 4.004209e+01
9.977791e-01 3.691616e-03 -6.650770e-02 -2.366590e+00 -2.557603e-03 9.998500e-01 1.712794e-02 -3.864371e-01 6.656096e-02 -1.691980e-02 9.976389e-01 4.103017e+01
9.977836e-01 3.174357e-03 -6.646707e-02 -2.434514e+00 -2.124273e-03 9.998719e-01 1.586328e-02 -3.895802e-01 6.650891e-02 -1.568693e-02 9.976625e-01 4.201847e+01
9.977845e-01 6.198587e-03 -6.623879e-02 -2.509408e+00 -5.310017e-03 9.998937e-01 1.358229e-02 -3.911160e-01 6.631594e-02 -1.320047e-02 9.977114e-01 4.302320e+01
9.977226e-01 5.840793e-03 -6.719682e-02 -2.577639e+00 -4.903447e-03 9.998885e-01 1.410575e-02 -3.931464e-01 6.727171e-02 -1.374413e-02 9.976400e-01 4.399929e+01
9.976592e-01 3.424788e-03 -6.829577e-02 -2.645638e+00 -2.356361e-03 9.998737e-01 1.571855e-02 -3.956469e-01 6.834097e-02 -1.552082e-02 9.975413e-01 4.498724e+01
9.976121e-01 3.600508e-03 -6.897191e-02 -2.717973e+00 -2.428455e-03 9.998514e-01 1.706952e-02 -3.945329e-01 6.902311e-02 -1.686126e-02 9.974726e-01 4.598797e+01
9.975836e-01 5.352982e-03 -6.927030e-02 -2.793011e+00 -4.366167e-03 9.998869e-01 1.438942e-02 -4.058361e-01 6.933950e-02 -1.405220e-02 9.974941e-01 4.695058e+01
9.975355e-01 7.077998e-03 -6.980582e-02 -2.870638e+00 -6.408672e-03 9.999314e-01 9.807689e-03 -4.032599e-01 6.987045e-02 -9.336155e-03 9.975124e-01 4.793593e+01
9.974959e-01 7.359683e-03 -7.034001e-02 -2.945352e+00 -6.747206e-03 9.999373e-01 8.941012e-03 -4.097187e-01 7.040140e-02 -8.444025e-03 9.974830e-01 4.889553e+01
9.974779e-01 6.505610e-03 -7.067834e-02 -3.014253e+00 -5.657341e-03 9.999096e-01 1.219538e-02 -4.123896e-01 7.075129e-02 -1.176477e-02 9.974246e-01 4.986929e+01
9.975063e-01 3.145092e-03 -7.050763e-02 -3.084831e+00 -2.044705e-03 9.998751e-01 1.567339e-02 -4.238204e-01 7.054811e-02 -1.549014e-02 9.973881e-01 5.085494e+01
9.974765e-01 2.547224e-03 -7.095154e-02 -3.154957e+00 -1.386660e-03 9.998645e-01 1.640158e-02 -4.222231e-01 7.098371e-02 -1.626181e-02 9.973449e-01 5.180485e+01
9.974745e-01 -1.060945e-03 -7.101824e-02 -3.222959e+00 2.188974e-03 9.998727e-01 1.580771e-02 -4.266713e-01 7.099243e-02 -1.592325e-02 9.973498e-01 5.276585e+01
9.974570e-01 -4.173503e-03 -7.114853e-02 -3.289765e+00 5.242037e-03 9.998762e-01 1.483825e-02 -4.338461e-01 7.107780e-02 -1.517348e-02 9.973554e-01 5.373588e+01
9.973635e-01 -4.239623e-03 -7.244377e-02 -3.360821e+00 5.424450e-03 9.998546e-01 1.616622e-02 -4.320374e-01 7.236469e-02 -1.651657e-02 9.972415e-01 5.467823e+01
9.973021e-01 -7.016161e-03 -7.307014e-02 -3.428335e+00 8.505168e-03 9.997621e-01 2.008660e-02 -4.320555e-01 7.291182e-02 -2.065388e-02 9.971245e-01 5.564098e+01
9.972071e-01 -9.495210e-03 -7.408010e-02 -3.497555e+00 1.140688e-02 9.996116e-01 2.542515e-02 -4.354154e-01 7.380992e-02 -2.619916e-02 9.969281e-01 5.659301e+01
9.971771e-01 -7.799979e-03 -7.467983e-02 -3.574206e+00 9.874568e-03 9.995744e-01 2.745097e-02 -4.224212e-01 7.443392e-02 -2.811091e-02 9.968297e-01 5.753943e+01
9.971258e-01 -6.427179e-03 -7.549006e-02 -3.650552e+00 8.274502e-03 9.996733e-01 2.418384e-02 -4.237252e-01 7.530996e-02 -2.473898e-02 9.968532e-01 5.848602e+01
9.970114e-01 -3.906987e-03 -7.715598e-02 -3.725518e+00 5.209730e-03 9.998471e-01 1.669048e-02 -4.242611e-01 7.707897e-02 -1.704256e-02 9.968793e-01 5.940329e+01
9.969518e-01 -2.320248e-03 -7.798605e-02 -3.803382e+00 3.270855e-03 9.999219e-01 1.206392e-02 -4.309702e-01 7.795197e-02 -1.228223e-02 9.968815e-01 6.032346e+01
9.968907e-01 2.287217e-03 -7.876401e-02 -3.887067e+00 -1.293387e-03 9.999189e-01 1.266652e-02 -4.246487e-01 7.878660e-02 -1.252526e-02 9.968128e-01 6.123561e+01
9.968101e-01 4.694996e-03 -7.967134e-02 -3.963358e+00 -3.489658e-03 9.998774e-01 1.526137e-02 -4.325845e-01 7.973323e-02 -1.493466e-02 9.967044e-01 6.212303e+01
9.967035e-01 6.481352e-03 -8.087086e-02 -4.042479e+00 -5.115809e-03 9.998410e-01 1.708127e-02 -4.373672e-01 8.096871e-02 -1.661124e-02 9.965782e-01 6.300410e+01
9.966234e-01 7.790422e-03 -8.173764e-02 -4.119052e+00 -6.404802e-03 9.998315e-01 1.720057e-02 -4.400477e-01 8.185787e-02 -1.661898e-02 9.965054e-01 6.388169e+01
9.964780e-01 9.477350e-03 -8.331731e-02 -4.193737e+00 -7.979812e-03 9.998009e-01 1.828858e-02 -4.411095e-01 8.347405e-02 -1.755932e-02 9.963552e-01 6.472431e+01
9.963639e-01 1.064779e-02 -8.453137e-02 -4.271176e+00 -9.050551e-03 9.997736e-01 1.925603e-02 -4.424239e-01 8.471727e-02 -1.842096e-02 9.962347e-01 6.557308e+01
9.962285e-01 1.084265e-02 -8.608815e-02 -4.345564e+00 -9.142982e-03 9.997559e-01 2.011313e-02 -4.455154e-01 8.628522e-02 -1.925017e-02 9.960845e-01 6.639022e+01
9.961115e-01 1.118400e-02 -8.738829e-02 -4.419432e+00 -9.344564e-03 9.997267e-01 2.142978e-02 -4.442252e-01 8.760408e-02 -2.052985e-02 9.959438e-01 6.720284e+01
9.959943e-01 1.310458e-02 -8.845097e-02 -4.498898e+00 -1.102579e-02 9.996524e-01 2.394996e-02 -4.404358e-01 8.873407e-02 -2.287878e-02 9.957926e-01 6.801527e+01
9.958656e-01 1.397673e-02 -8.975761e-02 -4.577573e+00 -1.153078e-02 9.995495e-01 2.771160e-02 -4.343706e-01 9.010449e-02 -2.656205e-02 9.955780e-01 6.879503e+01
9.957031e-01 1.545200e-02 -9.130484e-02 -4.655420e+00 -1.277922e-02 9.994746e-01 2.978563e-02 -4.300321e-01 9.171712e-02 -2.849084e-02 9.953774e-01 6.956706e+01
9.955338e-01 1.862285e-02 -9.255117e-02 -4.735246e+00 -1.626368e-02 9.995249e-01 2.617967e-02 -4.316412e-01 9.299474e-02 -2.455752e-02 9.953637e-01 7.032139e+01
9.953842e-01 1.925049e-02 -9.401946e-02 -4.812634e+00 -1.759273e-02 9.996754e-01 1.842936e-02 -4.295050e-01 9.434372e-02 -1.669024e-02 9.953998e-01 7.104365e+01
9.952890e-01 1.820817e-02 -9.522718e-02 -4.884012e+00 -1.706337e-02 9.997722e-01 1.282230e-02 -4.337907e-01 9.543896e-02 -1.113700e-02 9.953730e-01 7.175808e+01
9.952060e-01 1.948391e-02 -9.584031e-02 -4.956671e+00 -1.847780e-02 9.997646e-01 1.137421e-02 -4.312594e-01 9.603936e-02 -9.548769e-03 9.953317e-01 7.244651e+01
9.951052e-01 2.128077e-02 -9.650257e-02 -5.031263e+00 -1.993147e-02 9.996899e-01 1.492469e-02 -4.352709e-01 9.679026e-02 -1.292820e-02 9.952208e-01 7.312347e+01
9.950113e-01 2.079048e-02 -9.757143e-02 -5.100380e+00 -1.918602e-02 9.996653e-01 1.735356e-02 -4.423133e-01 9.789957e-02 -1.539498e-02 9.950772e-01 7.377935e+01
9.949493e-01 1.852603e-02 -9.865417e-02 -5.161766e+00 -1.719466e-02 9.997495e-01 1.432856e-02 -4.496853e-01 9.889490e-02 -1.255987e-02 9.950186e-01 7.439793e+01
9.950559e-01 1.129269e-02 -9.867253e-02 -5.217106e+00 -1.040038e-02 9.999003e-01 9.552910e-03 -4.602999e-01 9.877057e-02 -8.479448e-03 9.950741e-01 7.500826e+01
9.951962e-01 7.446587e-03 -9.761718e-02 -5.272792e+00 -6.997949e-03 9.999633e-01 4.937471e-03 -4.675821e-01 9.765037e-02 -4.230633e-03 9.952118e-01 7.560328e+01
9.954699e-01 9.612323e-03 -9.458990e-02 -5.329295e+00 -9.221276e-03 9.999470e-01 4.570379e-03 -4.749803e-01 9.462882e-02 -3.677435e-03 9.955058e-01 7.617896e+01
9.957939e-01 1.452451e-02 -9.046297e-02 -5.389901e+00 -1.392939e-02 9.998770e-01 7.206477e-03 -4.732111e-01 9.055651e-02 -5.916071e-03 9.958737e-01 7.674357e+01
9.962414e-01 1.347884e-02 -8.556524e-02 -5.437047e+00 -1.263215e-02 9.998658e-01 1.042898e-02 -4.806145e-01 8.569433e-02 -9.308905e-03 9.962780e-01 7.730361e+01
9.967372e-01 9.848380e-03 -8.011190e-02 -5.472019e+00 -8.683262e-03 9.998516e-01 1.487904e-02 -4.884660e-01 8.024654e-02 -1.413487e-02 9.966748e-01 7.783814e+01
9.974048e-01 4.811572e-03 -7.183633e-02 -5.499202e+00 -3.494333e-03 9.998237e-01 1.845109e-02 -5.006106e-01 7.191244e-02 -1.815219e-02 9.972458e-01 7.837019e+01
9.980911e-01 7.964089e-03 -6.124374e-02 -5.527821e+00 -6.823832e-03 9.997999e-01 1.880501e-02 -5.044896e-01 6.138125e-02 -1.835120e-02 9.979457e-01 7.887572e+01
9.988406e-01 1.339680e-02 -4.623744e-02 -5.553943e+00 -1.254230e-02 9.997461e-01 1.872167e-02 -5.037445e-01 4.647651e-02 -1.812005e-02 9.987550e-01 7.937754e+01
9.994335e-01 1.878745e-02 -2.792360e-02 -5.566718e+00 -1.825378e-02 9.996481e-01 1.924523e-02 -4.999601e-01 2.827535e-02 -1.872462e-02 9.994248e-01 7.987363e+01
9.998269e-01 1.755270e-02 -6.165524e-03 -5.556124e+00 -1.742628e-02 9.996483e-01 1.999216e-02 -5.003394e-01 6.514272e-03 -1.988125e-02 9.997811e-01 8.034175e+01
9.997126e-01 1.304430e-02 2.011603e-02 -5.524718e+00 -1.346867e-02 9.996865e-01 2.110710e-02 -5.057498e-01 -1.983439e-02 -2.137197e-02 9.995748e-01 8.081173e+01
9.987089e-01 1.219617e-02 4.931327e-02 -5.482721e+00 -1.331525e-02 9.996598e-01 2.242876e-02 -5.052530e-01 -4.902294e-02 -2.305642e-02 9.985315e-01 8.125659e+01
9.965357e-01 1.191543e-02 8.230766e-02 -5.423281e+00 -1.391356e-02 9.996212e-01 2.374552e-02 -5.035250e-01 -8.199355e-02 -2.480846e-02 9.963240e-01 8.170031e+01
9.927126e-01 1.172319e-02 1.199342e-01 -5.346965e+00 -1.473435e-02 9.995973e-01 2.425079e-02 -5.033513e-01 -1.196016e-01 -2.584122e-02 9.924856e-01 8.214573e+01
9.868676e-01 1.171426e-02 1.611060e-01 -5.249544e+00 -1.587361e-02 9.995725e-01 2.455466e-02 -5.024507e-01 -1.607495e-01 -2.678953e-02 9.866316e-01 8.256277e+01
9.784762e-01 1.132979e-02 2.060482e-01 -5.133101e+00 -1.672121e-02 9.995614e-01 2.444321e-02 -5.027720e-01 -2.056809e-01 -2.736247e-02 9.782365e-01 8.297745e+01
9.668490e-01 1.280979e-02 2.550274e-01 -4.993456e+00 -1.921715e-02 9.995588e-01 2.264832e-02 -5.052773e-01 -2.546248e-01 -2.679841e-02 9.666685e-01 8.339233e+01
9.514706e-01 1.313858e-02 3.074589e-01 -4.835370e+00 -2.032332e-02 9.995898e-01 2.017785e-02 -5.112979e-01 -3.070677e-01 -2.544722e-02 9.513474e-01 8.376577e+01
9.316320e-01 1.297619e-02 3.631713e-01 -4.645021e+00 -2.098026e-02 9.996160e-01 1.810350e-02 -5.130261e-01 -3.627969e-01 -2.448523e-02 9.315465e-01 8.414696e+01
9.075435e-01 1.299663e-02 4.197569e-01 -4.443795e+00 -2.192623e-02 9.996242e-01 1.645539e-02 -5.142333e-01 -4.193853e-01 -2.413767e-02 9.074874e-01 8.448070e+01
8.787503e-01 1.280534e-02 4.771100e-01 -4.216715e+00 -2.219341e-02 9.996550e-01 1.404611e-02 -5.072673e-01 -4.767655e-01 -2.293172e-02 8.787314e-01 8.480522e+01
8.454208e-01 1.103660e-02 5.339867e-01 -3.957084e+00 -2.033009e-02 9.997269e-01 1.152443e-02 -5.177628e-01 -5.337137e-01 -2.059899e-02 8.454143e-01 8.512571e+01
8.088865e-01 1.033633e-02 5.878740e-01 -3.704675e+00 -2.019247e-02 9.997440e-01 1.020581e-02 -5.209281e-01 -5.876180e-01 -2.012597e-02 8.088881e-01 8.538934e+01
7.689018e-01 8.626454e-03 6.393087e-01 -3.411688e+00 -1.976940e-02 9.997516e-01 1.028676e-02 -5.283394e-01 -6.390611e-01 -2.054825e-02 7.688814e-01 8.566673e+01
7.264197e-01 7.671541e-03 6.872086e-01 -3.133631e+00 -2.073437e-02 9.997271e-01 1.075715e-02 -5.284158e-01 -6.869385e-01 -2.206305e-02 7.263805e-01 8.589559e+01
6.813124e-01 6.331704e-03 7.319654e-01 -2.827406e+00 -2.068613e-02 9.997298e-01 1.060668e-02 -5.316995e-01 -7.317004e-01 -2.236799e-02 6.812592e-01 8.611991e+01
6.343682e-01 4.892997e-03 7.730156e-01 -2.490757e+00 -1.771944e-02 9.998093e-01 8.212753e-03 -5.363758e-01 -7.728280e-01 -1.890731e-02 6.343339e-01 8.633519e+01
5.879681e-01 2.156266e-03 8.088812e-01 -2.177218e+00 -1.228759e-02 9.999049e-01 6.266245e-03 -5.486849e-01 -8.087908e-01 -1.362355e-02 5.879387e-01 8.649695e+01
5.406855e-01 3.348232e-03 8.412182e-01 -1.832017e+00 -1.344262e-02 9.998988e-01 4.660307e-03 -5.512745e-01 -8.411174e-01 -1.382793e-02 5.406757e-01 8.667418e+01
4.937193e-01 6.715383e-03 8.695954e-01 -1.510517e+00 -1.741819e-02 9.998459e-01 2.168076e-03 -5.522272e-01 -8.694469e-01 -1.621720e-02 4.937602e-01 8.681962e+01
4.480617e-01 8.501178e-03 8.939622e-01 -1.164184e+00 -1.837461e-02 9.998311e-01 -2.984294e-04 -5.609576e-01 -8.938138e-01 -1.629249e-02 4.481422e-01 8.695535e+01
4.051738e-01 6.441891e-03 9.142170e-01 -7.971426e-01 -1.110081e-02 9.999361e-01 -2.126106e-03 -5.620866e-01 -9.141723e-01 -9.287107e-03 4.052194e-01 8.707124e+01
3.660325e-01 -1.909333e-03 9.306001e-01 -4.453891e-01 2.896247e-03 9.999954e-01 9.125332e-04 -5.772580e-01 -9.305976e-01 2.361231e-03 3.660363e-01 8.714803e+01
3.304549e-01 -6.270321e-03 9.438010e-01 -8.708040e-02 8.197149e-03 9.999593e-01 3.773336e-03 -5.799122e-01 -9.437862e-01 6.489560e-03 3.304928e-01 8.723498e+01
2.967225e-01 -2.970712e-03 9.549591e-01 2.881395e-01 5.548010e-03 9.999836e-01 1.386912e-03 -5.904979e-01 -9.549476e-01 4.886595e-03 2.967342e-01 8.732909e+01
2.656626e-01 4.815732e-03 9.640540e-01 6.470909e-01 -5.197149e-03 9.999801e-01 -3.563025e-03 -5.933917e-01 -9.640521e-01 -4.063770e-03 2.656823e-01 8.742679e+01
2.370884e-01 9.527737e-03 9.714414e-01 1.032706e+00 -1.052103e-02 9.999184e-01 -7.239292e-03 -6.044388e-01 -9.714311e-01 -8.504209e-03 2.371693e-01 8.750978e+01
2.108829e-01 1.124514e-02 9.774466e-01 1.432476e+00 -8.497783e-03 9.999171e-01 -9.670272e-03 -6.187035e-01 -9.774744e-01 -6.266835e-03 2.109610e-01 8.757509e+01
1.877525e-01 1.185686e-02 9.821448e-01 1.828671e+00 -5.972711e-04 9.999283e-01 -1.195738e-02 -6.252712e-01 -9.822162e-01 1.658421e-03 1.877462e-01 8.762630e+01
1.670518e-01 1.716054e-02 9.857988e-01 2.230792e+00 6.077816e-03 9.998116e-01 -1.843441e-02 -6.327168e-01 -9.859294e-01 9.071003e-03 1.669160e-01 8.767040e+01
1.470945e-01 2.395194e-02 9.888324e-01 2.661570e+00 6.386627e-03 9.996629e-01 -2.516433e-02 -6.281270e-01 -9.891018e-01 1.001684e-02 1.468920e-01 8.771679e+01
1.295118e-01 2.474162e-02 9.912692e-01 3.096377e+00 4.372739e-03 9.996647e-01 -2.552248e-02 -6.358230e-01 -9.915682e-01 7.640023e-03 1.293602e-01 8.776949e+01
1.139142e-01 2.038770e-02 9.932814e-01 3.546623e+00 4.810270e-03 9.997664e-01 -2.107247e-02 -6.498714e-01 -9.934789e-01 7.178405e-03 1.137895e-01 8.781749e+01
9.887459e-02 1.684967e-02 9.949572e-01 4.020100e+00 5.269267e-03 9.998337e-01 -1.745589e-02 -6.713247e-01 -9.950860e-01 6.968639e-03 9.876937e-02 8.785454e+01
8.594427e-02 1.456974e-02 9.961934e-01 4.501609e+00 7.155693e-03 9.998582e-01 -1.524068e-02 -6.860242e-01 -9.962742e-01 8.438303e-03 8.582783e-02 8.788832e+01
7.403059e-02 1.342845e-02 9.971656e-01 5.001580e+00 1.166035e-02 9.998293e-01 -1.433000e-02 -6.981633e-01 -9.971878e-01 1.268816e-02 7.386138e-02 8.791200e+01
6.415780e-02 1.372672e-02 9.978454e-01 5.509506e+00 1.511790e-02 9.997773e-01 -1.472532e-02 -7.108009e-01 -9.978252e-01 1.603007e-02 6.393599e-02 8.793588e+01
5.626583e-02 1.409631e-02 9.983163e-01 6.043511e+00 1.760207e-02 9.997309e-01 -1.510835e-02 -7.226225e-01 -9.982606e-01 1.842252e-02 5.600256e-02 8.795920e+01
5.009009e-02 1.426880e-02 9.986428e-01 6.593593e+00 1.978834e-02 9.996875e-01 -1.527627e-02 -7.333909e-01 -9.985486e-01 2.052667e-02 4.979208e-02 8.798413e+01
4.468648e-02 1.528703e-02 9.988841e-01 7.148597e+00 2.081889e-02 9.996515e-01 -1.623013e-02 -7.466332e-01 -9.987841e-01 2.152093e-02 4.435265e-02 8.800754e+01
3.884075e-02 1.603762e-02 9.991167e-01 7.738112e+00 2.069815e-02 9.996438e-01 -1.685072e-02 -7.572013e-01 -9.990310e-01 2.133436e-02 3.849497e-02 8.802743e+01
3.417012e-02 1.580294e-02 9.992911e-01 8.347151e+00 2.310871e-02 9.995952e-01 -1.659794e-02 -7.718263e-01 -9.991488e-01 2.365948e-02 3.379110e-02 8.804452e+01
3.131904e-02 1.536072e-02 9.993914e-01 8.960136e+00 2.410570e-02 9.995795e-01 -1.611904e-02 -7.876058e-01 -9.992187e-01 2.459587e-02 3.093559e-02 8.805956e+01
2.831236e-02 1.459669e-02 9.994925e-01 9.596395e+00 2.488019e-02 9.995733e-01 -1.530265e-02 -8.035543e-01 -9.992894e-01 2.530082e-02 2.793711e-02 8.807504e+01
2.562017e-02 1.389953e-02 9.995751e-01 1.025945e+01 2.671924e-02 9.995366e-01 -1.458384e-02 -8.167794e-01 -9.993146e-01 2.708153e-02 2.523691e-02 8.809003e+01
2.499064e-02 1.310247e-02 9.996018e-01 1.092981e+01 3.075625e-02 9.994307e-01 -1.386915e-02 -8.354040e-01 -9.992145e-01 3.109060e-02 2.457343e-02 8.810146e+01
2.565970e-02 1.244403e-02 9.995933e-01 1.162643e+01 3.414209e-02 9.993283e-01 -1.331716e-02 -8.530923e-01 -9.990875e-01 3.446992e-02 2.521759e-02 8.811650e+01
2.827205e-02 1.214245e-02 9.995265e-01 1.233260e+01 3.617567e-02 9.992588e-01 -1.316244e-02 -8.712680e-01 -9.989454e-01 3.653067e-02 2.781183e-02 8.813428e+01
3.197428e-02 1.197130e-02 9.994170e-01 1.305755e+01 3.825310e-02 9.991810e-01 -1.319230e-02 -8.867969e-01 -9.987564e-01 3.865261e-02 3.149015e-02 8.815839e+01
3.583964e-02 1.140995e-02 9.992924e-01 1.380230e+01 3.905006e-02 9.991552e-01 -1.280891e-02 -9.032233e-01 -9.985943e-01 3.948149e-02 3.536380e-02 8.818921e+01
4.024769e-02 9.710655e-03 9.991425e-01 1.455489e+01 4.057946e-02 9.991119e-01 -1.134499e-02 -9.195407e-01 -9.983654e-01 4.100127e-02 3.981789e-02 8.821630e+01
4.422406e-02 8.084854e-03 9.989889e-01 1.532987e+01 4.047162e-02 9.991319e-01 -9.877642e-03 -9.353200e-01 -9.982015e-01 4.086753e-02 4.385846e-02 8.825488e+01
4.809868e-02 6.056740e-03 9.988242e-01 1.612751e+01 3.798069e-02 9.992473e-01 -7.888277e-03 -9.502827e-01 -9.981202e-01 3.831544e-02 4.783244e-02 8.830223e+01
5.248103e-02 4.677522e-03 9.986110e-01 1.692587e+01 3.681034e-02 9.993004e-01 -6.615283e-03 -9.664007e-01 -9.979433e-01 3.710639e-02 5.227213e-02 8.834976e+01
5.615219e-02 5.202783e-03 9.984087e-01 1.773383e+01 3.500445e-02 9.993614e-01 -7.176457e-03 -9.820701e-01 -9.978084e-01 3.535172e-02 5.593421e-02 8.840239e+01
5.954938e-02 8.656023e-03 9.981878e-01 1.853860e+01 3.263520e-02 9.994110e-01 -1.061356e-02 -1.003709e+00 -9.976917e-01 3.320809e-02 5.923181e-02 8.845817e+01
6.101910e-02 1.367271e-02 9.980429e-01 1.934945e+01 2.784650e-02 9.994937e-01 -1.539508e-02 -1.019318e+00 -9.977481e-01 2.873139e-02 6.060746e-02 8.852193e+01
6.059103e-02 1.660846e-02 9.980245e-01 2.016754e+01 2.463995e-02 9.995320e-01 -1.812946e-02 -1.044314e+00 -9.978585e-01 2.568976e-02 6.015344e-02 8.857939e+01
6.102693e-02 1.614801e-02 9.980055e-01 2.099161e+01 2.260473e-02 9.995903e-01 -1.755590e-02 -1.065385e+00 -9.978801e-01 2.363103e-02 6.063691e-02 8.863541e+01
6.100428e-02 1.427432e-02 9.980354e-01 2.181501e+01 2.109558e-02 9.996560e-01 -1.558695e-02 -1.092705e+00 -9.979146e-01 2.200501e-02 6.068217e-02 8.869117e+01
6.037191e-02 1.270353e-02 9.980951e-01 2.263311e+01 2.120100e-02 9.996771e-01 -1.400605e-02 -1.120842e+00 -9.979508e-01 2.200619e-02 6.008309e-02 8.874745e+01
6.096718e-02 1.174074e-02 9.980707e-01 2.345770e+01 1.954474e-02 9.997251e-01 -1.295409e-02 -1.144817e+00 -9.979484e-01 2.029680e-02 6.072095e-02 8.880252e+01
6.105750e-02 1.152426e-02 9.980677e-01 2.427614e+01 1.793102e-02 9.997593e-01 -1.264073e-02 -1.170370e+00 -9.979732e-01 1.866818e-02 6.083616e-02 8.885729e+01
6.082292e-02 1.184751e-02 9.980783e-01 2.508681e+01 1.568912e-02 9.997947e-01 -1.282398e-02 -1.194264e+00 -9.980253e-01 1.643897e-02 6.062455e-02 8.891477e+01
5.988375e-02 1.279962e-02 9.981233e-01 2.590509e+01 1.220854e-02 9.998336e-01 -1.355402e-02 -1.218507e+00 -9.981307e-01 1.299730e-02 5.971752e-02 8.897278e+01
5.682800e-02 1.217222e-02 9.983098e-01 2.671741e+01 9.424171e-03 9.998746e-01 -1.272776e-02 -1.242443e+00 -9.983395e-01 1.013154e-02 5.670616e-02 8.902954e+01
5.310894e-02 1.075450e-02 9.985308e-01 2.753400e+01 7.203438e-03 9.999119e-01 -1.115250e-02 -1.264245e+00 -9.985627e-01 7.785152e-03 5.302679e-02 8.907984e+01
4.815936e-02 8.473294e-03 9.988037e-01 2.835012e+01 5.453592e-03 9.999469e-01 -8.745948e-03 -1.286255e+00 -9.988248e-01 5.868267e-03 4.811059e-02 8.912504e+01
4.178923e-02 6.633413e-03 9.991044e-01 2.916073e+01 4.122603e-03 9.999683e-01 -6.811584e-03 -1.306171e+00 -9.991179e-01 4.403562e-03 4.176056e-02 8.916232e+01
3.433848e-02 6.183266e-03 9.993911e-01 2.996969e+01 3.151517e-03 9.999752e-01 -6.295164e-03 -1.330038e+00 -9.994053e-01 3.365765e-03 3.431814e-02 8.919444e+01
2.546961e-02 6.775403e-03 9.996526e-01 3.076896e+01 2.883104e-03 9.999724e-01 -6.851028e-03 -1.348764e+00 -9.996714e-01 3.056595e-03 2.544938e-02 8.921635e+01
1.543282e-02 6.677560e-03 9.998586e-01 3.156757e+01 3.023227e-03 9.999728e-01 -6.724987e-03 -1.369047e+00 -9.998763e-01 3.126585e-03 1.541221e-02 8.922788e+01
5.108045e-03 5.669781e-03 9.999709e-01 3.236472e+01 3.999639e-03 9.999758e-01 -5.690240e-03 -1.385805e+00 -9.999790e-01 4.028589e-03 5.085244e-03 8.923213e+01
-5.820897e-03 4.508270e-03 9.999729e-01 3.316235e+01 3.678431e-03 9.999832e-01 -4.486904e-03 -1.402256e+00 -9.999763e-01 3.652213e-03 -5.837383e-03 8.922978e+01
-1.683108e-02 3.356798e-03 9.998527e-01 3.394784e+01 4.813725e-03 9.999830e-01 -3.276203e-03 -1.420029e+00 -9.998468e-01 4.757874e-03 -1.684696e-02 8.921386e+01
-2.797409e-02 3.342881e-03 9.996031e-01 3.473227e+01 5.004557e-03 9.999823e-01 -3.204096e-03 -1.439133e+00 -9.995961e-01 4.912939e-03 -2.799033e-02 8.919251e+01
-3.925340e-02 3.666110e-03 9.992226e-01 3.551887e+01 4.968627e-03 9.999816e-01 -3.473708e-03 -1.457899e+00 -9.992169e-01 4.828409e-03 -3.927089e-02 8.916099e+01
-4.974144e-02 4.702309e-03 9.987511e-01 3.628377e+01 5.116735e-03 9.999770e-01 -4.453249e-03 -1.478177e+00 -9.987490e-01 4.888834e-03 -4.976435e-02 8.912361e+01
-6.023584e-02 5.445185e-03 9.981693e-01 3.704934e+01 5.388128e-03 9.999723e-01 -5.129867e-03 -1.497657e+00 -9.981696e-01 5.069263e-03 -6.026351e-02 8.907856e+01
-7.017054e-02 5.984560e-03 9.975171e-01 3.781693e+01 6.177861e-03 9.999654e-01 -5.564666e-03 -1.516750e+00 -9.975159e-01 5.772046e-03 -7.020509e-02 8.902367e+01
-7.965971e-02 6.393693e-03 9.968016e-01 3.856003e+01 7.092726e-03 9.999578e-01 -5.847120e-03 -1.536431e+00 -9.967969e-01 6.604260e-03 -7.970170e-02 8.896377e+01
-8.926347e-02 6.718183e-03 9.959854e-01 3.931378e+01 7.596651e-03 9.999528e-01 -6.064107e-03 -1.554279e+00 -9.959791e-01 7.024850e-03 -8.931029e-02 8.889587e+01
-9.766834e-02 6.311416e-03 9.951990e-01 4.004506e+01 8.708287e-03 9.999470e-01 -5.486900e-03 -1.572876e+00 -9.951809e-01 8.130582e-03 -9.771813e-02 8.882183e+01
-1.051228e-01 5.108232e-03 9.944461e-01 4.077685e+01 9.719493e-03 9.999443e-01 -4.109028e-03 -1.590050e+00 -9.944118e-01 9.233560e-03 -1.051666e-01 8.874219e+01
-1.107307e-01 3.391755e-03 9.938447e-01 4.150474e+01 1.222765e-02 9.999231e-01 -2.050138e-03 -1.609678e+00 -9.937752e-01 1.192537e-02 -1.107636e-01 8.865853e+01
-1.145761e-01 1.599761e-03 9.934132e-01 4.221425e+01 1.497465e-02 9.998879e-01 1.169259e-04 -1.628976e+00 -9.933016e-01 1.488941e-02 -1.145872e-01 8.857438e+01
-1.173464e-01 1.974555e-04 9.930910e-01 4.291360e+01 1.650808e-02 9.998622e-01 1.751840e-03 -1.646121e+00 -9.929538e-01 1.659960e-02 -1.173335e-01 8.849125e+01
-1.193520e-01 -6.569651e-04 9.928518e-01 4.360183e+01 1.721003e-02 9.998482e-01 2.730435e-03 -1.662409e+00 -9.927028e-01 1.741289e-02 -1.193226e-01 8.840858e+01
-1.200464e-01 -3.298836e-04 9.927682e-01 4.427118e+01 1.754058e-02 9.998431e-01 2.453256e-03 -1.673416e+00 -9.926133e-01 1.770824e-02 -1.200218e-01 8.832955e+01
-1.192626e-01 7.060226e-04 9.928625e-01 4.492638e+01 1.833784e-02 9.998307e-01 1.491763e-03 -1.687251e+00 -9.926934e-01 1.838486e-02 -1.192554e-01 8.825201e+01
-1.166366e-01 2.131030e-03 9.931724e-01 4.556801e+01 1.877381e-02 9.998238e-01 5.946480e-05 -1.699861e+00 -9.929972e-01 1.865257e-02 -1.166560e-01 8.817966e+01
-1.114439e-01 2.890665e-03 9.937665e-01 4.618564e+01 1.914053e-02 9.998165e-01 -7.617875e-04 -1.712025e+00 -9.935864e-01 1.893632e-02 -1.114788e-01 8.811321e+01
-1.037333e-01 3.485241e-03 9.945990e-01 4.679124e+01 1.846701e-02 9.998282e-01 -1.577519e-03 -1.724398e+00 -9.944337e-01 1.820363e-02 -1.037798e-01 8.805842e+01
-9.258807e-02 3.600518e-03 9.956980e-01 4.737364e+01 1.771443e-02 9.998411e-01 -1.968268e-03 -1.736353e+00 -9.955469e-01 1.745599e-02 -9.263715e-02 8.801297e+01
-7.908977e-02 3.457376e-03 9.968615e-01 4.793971e+01 1.768142e-02 9.998415e-01 -2.064890e-03 -1.753677e+00 -9.967107e-01 1.746261e-02 -7.913837e-02 8.798003e+01
-6.210070e-02 5.021804e-03 9.980573e-01 4.848135e+01 1.690076e-02 9.998493e-01 -3.979228e-03 -1.764560e+00 -9.979268e-01 1.662082e-02 -6.217621e-02 8.795847e+01
-4.096765e-02 7.800141e-03 9.991300e-01 4.901917e+01 1.566168e-02 9.998517e-01 -7.163594e-03 -1.779072e+00 -9.990377e-01 1.535458e-02 -4.108374e-02 8.795339e+01
-1.649334e-02 1.095490e-02 9.998040e-01 4.954518e+01 1.364511e-02 9.998493e-01 -1.073029e-02 -1.792327e+00 -9.997709e-01 1.346546e-02 -1.664034e-02 8.796402e+01
1.160423e-02 1.306052e-02 9.998474e-01 5.006248e+01 1.191164e-02 9.998419e-01 -1.319870e-02 -1.804804e+00 -9.998617e-01 1.206298e-02 1.144683e-02 8.799230e+01
4.459740e-02 1.255632e-02 9.989261e-01 5.059043e+01 1.075940e-02 9.998570e-01 -1.304837e-02 -1.820293e+00 -9.989471e-01 1.132977e-02 4.445592e-02 8.803956e+01
8.236654e-02 1.005714e-02 9.965514e-01 5.110549e+01 9.767759e-03 9.998929e-01 -1.089818e-02 -1.832697e+00 -9.965542e-01 1.063172e-02 8.225948e-02 8.810794e+01
1.240762e-01 6.630042e-03 9.922505e-01 5.160156e+01 8.030409e-03 9.999382e-01 -7.685574e-03 -1.845761e+00 -9.922402e-01 8.921775e-03 1.240153e-01 8.820118e+01
1.690082e-01 2.614109e-03 9.856112e-01 5.210730e+01 5.664856e-03 9.999774e-01 -3.623597e-03 -1.857369e+00 -9.855984e-01 6.195763e-03 1.689896e-01 8.832111e+01
2.169399e-01 -5.987257e-04 9.761848e-01 5.259576e+01 1.877523e-03 9.999982e-01 1.960848e-04 -1.867191e+00 -9.761831e-01 1.790271e-03 2.169407e-01 8.846848e+01
2.677891e-01 -2.152285e-03 9.634751e-01 5.305970e+01 -5.992884e-04 9.999969e-01 2.400437e-03 -1.875963e+00 -9.634774e-01 -1.220210e-03 2.677870e-01 8.863962e+01
3.220722e-01 -2.654065e-03 9.467114e-01 5.352111e+01 -9.038571e-04 9.999948e-01 3.110936e-03 -1.879863e+00 -9.467147e-01 -1.857638e-03 3.220682e-01 8.884204e+01
3.795554e-01 -2.634459e-03 9.251653e-01 5.395682e+01 2.308504e-03 9.999955e-01 1.900462e-03 -1.895022e+00 -9.251661e-01 1.414417e-03 3.795598e-01 8.906380e+01
4.393033e-01 8.841872e-04 8.983384e-01 5.435780e+01 3.784900e-03 9.999888e-01 -2.835119e-03 -1.902415e+00 -8.983308e-01 4.645598e-03 4.392951e-01 8.929826e+01
4.985862e-01 4.143256e-03 8.668302e-01 5.475327e+01 5.759490e-03 9.999507e-01 -8.092305e-03 -1.913700e+00 -8.668210e-01 9.027212e-03 4.985378e-01 8.958299e+01
5.567492e-01 9.018111e-03 8.306317e-01 5.510601e+01 2.654234e-03 9.999167e-01 -1.263508e-02 -1.922719e+00 -8.306764e-01 9.239263e-03 5.566788e-01 8.987512e+01
6.125241e-01 1.196640e-02 7.903613e-01 5.545374e+01 -1.521765e-04 9.998872e-01 -1.502077e-02 -1.928076e+00 -7.904519e-01 9.080309e-03 6.124568e-01 9.021590e+01
6.656389e-01 1.357151e-02 7.461506e-01 5.576794e+01 -9.546677e-04 9.998493e-01 -1.733430e-02 -1.938809e+00 -7.462734e-01 1.082606e-02 6.655515e-01 9.055974e+01
7.152023e-01 1.202489e-02 6.988141e-01 5.605249e+01 -8.692640e-04 9.998665e-01 -1.631563e-02 -1.951278e+00 -6.989170e-01 1.106152e-02 7.151173e-01 9.090727e+01
7.609474e-01 8.360425e-03 6.487598e-01 5.633006e+01 -1.811647e-03 9.999405e-01 -1.076109e-02 -1.967189e+00 -6.488111e-01 7.013296e-03 7.609172e-01 9.130586e+01
8.029452e-01 4.109161e-03 5.960386e-01 5.657044e+01 -2.300783e-03 9.999902e-01 -3.794583e-03 -1.975309e+00 -5.960484e-01 1.675487e-03 8.029468e-01 9.170287e+01
8.401518e-01 8.578072e-04 5.423507e-01 5.677288e+01 -2.839856e-03 9.999920e-01 2.817568e-03 -1.983424e+00 -5.423439e-01 -3.907383e-03 8.401475e-01 9.210176e+01
8.721899e-01 -1.453393e-03 4.891653e-01 5.697031e+01 -3.619665e-03 9.999490e-01 9.424942e-03 -1.983603e+00 -4.891540e-01 -9.990954e-03 8.721402e-01 9.254886e+01
8.985990e-01 -1.639941e-03 4.387679e-01 5.713431e+01 -5.641634e-03 9.998672e-01 1.529121e-02 -1.990504e+00 -4.387347e-01 -1.621603e-02 8.984703e-01 9.298797e+01
9.195906e-01 3.027933e-04 3.928779e-01 5.727609e+01 -8.411205e-03 9.997857e-01 1.891717e-02 -2.000170e+00 -3.927880e-01 -2.070062e-02 9.193960e-01 9.342015e+01
9.357126e-01 5.801714e-03 3.527156e-01 5.740945e+01 -1.392987e-02 9.996926e-01 2.051064e-02 -1.992035e+00 -3.524882e-01 -2.410534e-02 9.355057e-01 9.389413e+01
9.481135e-01 1.162547e-02 3.177194e-01 5.752380e+01 -1.891199e-02 9.996239e-01 1.985909e-02 -1.993675e+00 -3.173690e-01 -2.483738e-02 9.479768e-01 9.435236e+01
9.579563e-01 1.315381e-02 2.866124e-01 5.763755e+01 -1.934200e-02 9.996367e-01 1.877015e-02 -1.977494e+00 -2.862614e-01 -2.352464e-02 9.578627e-01 9.482630e+01
9.644676e-01 8.581922e-03 2.640617e-01 5.775909e+01 -1.431544e-02 9.997015e-01 1.979618e-02 -1.985577e+00 -2.638130e-01 -2.287293e-02 9.643026e-01 9.530023e+01
9.686337e-01 5.141221e-03 2.484398e-01 5.787356e+01 -1.053280e-02 9.997369e-01 2.037738e-02 -1.983723e+00 -2.482697e-01 -2.235498e-02 9.684330e-01 9.578328e+01
9.718568e-01 9.060804e-03 2.353980e-01 5.797832e+01 -1.408625e-02 9.997072e-01 1.967590e-02 -1.980215e+00 -2.351508e-01 -2.243804e-02 9.716999e-01 9.628494e+01
9.740184e-01 1.461654e-02 2.259965e-01 5.807309e+01 -1.959721e-02 9.996117e-01 1.981085e-02 -1.968575e+00 -2.256192e-01 -2.372504e-02 9.739266e-01 9.678513e+01
9.753785e-01 2.080966e-02 2.195533e-01 5.817231e+01 -2.554370e-02 9.994979e-01 1.874516e-02 -1.965051e+00 -2.190530e-01 -2.389183e-02 9.754204e-01 9.730429e+01
9.758107e-01 2.774773e-02 2.168490e-01 5.826985e+01 -3.178177e-02 9.993802e-01 1.513706e-02 -1.961260e+00 -2.162946e-01 -2.166275e-02 9.760878e-01 9.782113e+01
9.760201e-01 2.849359e-02 2.158075e-01 5.838218e+01 -3.193520e-02 9.994121e-01 1.247665e-02 -1.965674e+00 -2.153251e-01 -1.906932e-02 9.763562e-01 9.835304e+01
9.755676e-01 2.690110e-02 2.180463e-01 5.850414e+01 -2.955786e-02 9.995232e-01 8.931211e-03 -1.965917e+00 -2.177021e-01 -1.515798e-02 9.758975e-01 9.889013e+01
9.746678e-01 2.599270e-02 2.221420e-01 5.863453e+01 -2.738820e-02 9.996197e-01 3.203272e-03 -1.968081e+00 -2.219743e-01 -9.206197e-03 9.750091e-01 9.944692e+01
9.737299e-01 2.729726e-02 2.260641e-01 5.876623e+01 -2.776275e-02 9.996139e-01 -1.120504e-03 -1.969522e+00 -2.260074e-01 -5.185091e-03 9.741118e-01 1.000070e+02
9.725882e-01 3.094611e-02 2.304660e-01 5.889357e+01 -3.159887e-02 9.995003e-01 -8.589721e-04 -1.971219e+00 -2.303774e-01 -6.447038e-03 9.730800e-01 1.005853e+02
9.711553e-01 3.236442e-02 2.362411e-01 5.902856e+01 -3.403041e-02 9.994164e-01 2.976952e-03 -1.970599e+00 -2.360069e-01 -1.093046e-02 9.716899e-01 1.011843e+02
9.700924e-01 3.023484e-02 2.408457e-01 5.918011e+01 -3.313892e-02 9.994186e-01 8.015685e-03 -1.977657e+00 -2.404633e-01 -1.575732e-02 9.705303e-01 1.017849e+02
9.692262e-01 2.574741e-02 2.448215e-01 5.933805e+01 -3.005166e-02 9.994522e-01 1.386133e-02 -1.977333e+00 -2.443305e-01 -2.079206e-02 9.694691e-01 1.023916e+02
9.684292e-01 2.315185e-02 2.482115e-01 5.949873e+01 -2.869746e-02 9.994123e-01 1.874697e-02 -1.977064e+00 -2.476317e-01 -2.527815e-02 9.685244e-01 1.030182e+02
9.677501e-01 1.900431e-02 2.511941e-01 5.966493e+01 -2.477148e-02 9.994967e-01 1.981679e-02 -1.974920e+00 -2.506911e-01 -2.540015e-02 9.677339e-01 1.036508e+02
9.675818e-01 1.613083e-02 2.520420e-01 5.983523e+01 -2.103122e-02 9.996383e-01 1.676081e-02 -1.972602e+00 -2.516805e-01 -2.151820e-02 9.675711e-01 1.042882e+02
9.677919e-01 1.455879e-02 2.513303e-01 6.000380e+01 -1.775063e-02 9.997880e-01 1.043733e-02 -1.977792e+00 -2.511251e-01 -1.456243e-02 9.678451e-01 1.049347e+02
9.679796e-01 1.840657e-02 2.503532e-01 6.017090e+01 -2.019129e-02 9.997857e-01 4.562079e-03 -1.977396e+00 -2.502156e-01 -9.470954e-03 9.681438e-01 1.055952e+02
9.685318e-01 2.118977e-02 2.479860e-01 6.033208e+01 -2.212699e-02 9.997547e-01 9.924707e-04 -1.974908e+00 -2.479041e-01 -6.448423e-03 9.687631e-01 1.062600e+02
9.692472e-01 1.983021e-02 2.452888e-01 6.050378e+01 -2.164900e-02 9.997545e-01 4.720519e-03 -1.973035e+00 -2.451349e-01 -9.885606e-03 9.694386e-01 1.069505e+02
9.696619e-01 1.558657e-02 2.439526e-01 6.067909e+01 -1.920287e-02 9.997381e-01 1.245245e-02 -1.977074e+00 -2.436946e-01 -1.675926e-02 9.697072e-01 1.076470e+02
9.703732e-01 1.441648e-02 2.411804e-01 6.085566e+01 -1.942501e-02 9.996420e-01 1.840192e-02 -1.978261e+00 -2.408287e-01 -2.254167e-02 9.703058e-01 1.083699e+02
9.707444e-01 1.752597e-02 2.394748e-01 6.102303e+01 -2.255875e-02 9.995782e-01 1.829086e-02 -1.978982e+00 -2.390532e-01 -2.315800e-02 9.707303e-01 1.090948e+02
9.710871e-01 2.266082e-02 2.376475e-01 6.118569e+01 -2.679443e-02 9.995404e-01 1.417779e-02 -1.972717e+00 -2.372170e-01 -2.013550e-02 9.712480e-01 1.098238e+02
9.720178e-01 2.471764e-02 2.336030e-01 6.136010e+01 -2.768077e-02 9.995725e-01 9.413967e-03 -1.971743e+00 -2.332704e-01 -1.561685e-02 9.722865e-01 1.105725e+02
9.730072e-01 2.410968e-02 2.295121e-01 6.153465e+01 -2.628207e-02 9.996340e-01 6.412664e-03 -1.965880e+00 -2.292735e-01 -1.227162e-02 9.732847e-01 1.113229e+02
9.738762e-01 2.182020e-02 2.260288e-01 6.170813e+01 -2.420846e-02 9.996765e-01 7.799456e-03 -1.965553e+00 -2.257855e-01 -1.306751e-02 9.740894e-01 1.120869e+02
9.748033e-01 1.932869e-02 2.222270e-01 6.188870e+01 -2.215440e-02 9.997022e-01 1.022937e-02 -1.969602e+00 -2.219631e-01 -1.489493e-02 9.749413e-01 1.128727e+02
9.752760e-01 1.716179e-02 2.203231e-01 6.206418e+01 -2.047142e-02 9.997092e-01 1.274710e-02 -1.968506e+00 -2.200402e-01 -1.694226e-02 9.753437e-01 1.136656e+02
9.755438e-01 1.434827e-02 2.193362e-01 6.224211e+01 -1.812253e-02 9.997201e-01 1.520526e-02 -1.963591e+00 -2.190566e-01 -1.880833e-02 9.755308e-01 1.144509e+02
