1.000000e+00 0.000000e+00 0.000000e+00 0.000000e+00 0.000000e+00 1.000000e+00 0.000000e+00 0.000000e+00 0.000000e+00 0.000000e+00 1.000000e+00 0.000000e+00
9.999981e-01 1.309400e-03 1.448489e-03 -5.266149e-03 -1.302669e-03 9.999884e-01 -4.637930e-03 -1.909530e-02 -1.454545e-03 4.636034e-03 9.999882e-01 9.524639e-01
9.999975e-01 -4.965721e-04 2.158152e-03 -4.335783e-03 5.080231e-04 9.999858e-01 -5.308645e-03 -3.759996e-02 -2.155485e-03 5.309728e-03 9.999836e-01 1.903972e+00
9.999930e-01 -2.248824e-03 2.976083e-03 -3.848378e-03 2.254039e-03 9.999959e-01 -1.750127e-03 -5.235958e-02 -2.972135e-03 1.756823e-03 9.999940e-01 2.862932e+00
9.999809e-01 -5.985405e-03 1.533431e-03 1.312886e-04 5.979054e-03 9.999737e-01 4.113006e-03 -6.809667e-02 -1.558008e-03 -4.103759e-03 9.999904e-01 3.809159e+00
9.999634e-01 -8.552046e-03 5.804680e-05 2.924214e-03 8.551651e-03 9.999510e-01 4.977815e-03 -8.465470e-02 -1.006145e-04 -4.977137e-03 9.999876e-01 4.744281e+00
9.999359e-01 -1.132500e-02 -5.366192e-05 4.318446e-03 1.132510e-02 9.999333e-01 2.256658e-03 -1.020310e-01 2.810169e-05 -2.257121e-03 9.999975e-01 5.683580e+00
9.999428e-01 -1.057658e-02 -1.599594e-03 1.635672e-03 1.057513e-02 9.999437e-01 -9.106029e-04 -1.170147e-01 1.609135e-03 8.936349e-04 9.999983e-01 6.605661e+00
9.999399e-01 -1.071284e-02 -2.331493e-03 -4.698002e-03 1.070919e-02 9.999414e-01 -1.571258e-03 -1.311127e-01 2.348189e-03 1.546196e-03 9.999960e-01 7.531689e+00
9.999436e-01 -1.028239e-02 -2.651908e-03 -1.128062e-02 1.028303e-02 9.999471e-01 2.284882e-04 -1.463090e-01 2.649418e-03 -2.557450e-04 9.999965e-01 8.464165e+00
9.999382e-01 -1.041672e-02 -3.873844e-03 -1.788816e-02 1.042787e-02 9.999415e-01 2.870384e-03 -1.620648e-01 3.843718e-03 -2.910603e-03 9.999884e-01 9.376265e+00
9.999349e-01 -1.035183e-02 -4.796176e-03 -2.447682e-02 1.037360e-02 9.999359e-01 4.536010e-03 -1.782716e-01 4.748912e-03 -4.585468e-03 9.999782e-01 1.029235e+01
9.999193e-01 -1.166721e-02 -5.027145e-03 -3.167557e-02 1.169568e-02 9.999155e-01 5.671117e-03 -1.930690e-01 4.960554e-03 -5.729455e-03 9.999713e-01 1.122022e+01
9.999086e-01 -1.203621e-02 -6.150050e-03 -3.844494e-02 1.207428e-02 9.999079e-01 6.190108e-03 -2.072859e-01 6.074978e-03 -6.263800e-03 9.999619e-01 1.211460e+01
9.998997e-01 -1.246827e-02 -6.716981e-03 -4.861631e-02 1.250327e-02 9.999083e-01 5.194221e-03 -2.187091e-01 6.651603e-03 -5.277685e-03 9.999640e-01 1.301369e+01
9.998821e-01 -1.334659e-02 -7.589229e-03 -5.737783e-02 1.337169e-02 9.999053e-01 3.265973e-03 -2.302990e-01 7.544921e-03 -3.367069e-03 9.999659e-01 1.392668e+01
9.998611e-01 -1.366177e-02 -9.551268e-03 -6.742149e-02 1.368318e-02 9.999040e-01 2.179067e-03 -2.420174e-01 9.520582e-03 -2.309456e-03 9.999520e-01 1.481208e+01
9.998520e-01 -1.311330e-02 -1.113637e-02 -8.052964e-02 1.313342e-02 9.999122e-01 1.735421e-03 -2.541106e-01 1.111264e-02 -1.881422e-03 9.999365e-01 1.570684e+01
9.998514e-01 -1.201057e-02 -1.236351e-02 -9.595713e-02 1.202779e-02 9.999268e-01 1.319558e-03 -2.695156e-01 1.234675e-02 -1.468067e-03 9.999227e-01 1.661215e+01
9.998450e-01 -1.048466e-02 -1.414312e-02 -1.138823e-01 1.050774e-02 9.999436e-01 1.558368e-03 -2.822220e-01 1.412598e-02 -1.706739e-03 9.998988e-01 1.748714e+01
9.998193e-01 -1.075657e-02 -1.567481e-02 -1.311388e-01 1.079865e-02 9.999383e-01 2.602767e-03 -2.967745e-01 1.564584e-02 -2.771563e-03 9.998738e-01 1.837197e+01
9.998047e-01 -1.059152e-02 -1.668319e-02 -1.488388e-01 1.066002e-02 9.999351e-01 4.022572e-03 -3.120821e-01 1.663951e-02 -4.199630e-03 9.998527e-01 1.926571e+01
9.997813e-01 -1.005417e-02 -1.833702e-02 -1.699343e-01 1.014838e-02 9.999357e-01 5.052231e-03 -3.258937e-01 1.828504e-02 -5.237217e-03 9.998191e-01 2.013397e+01
9.997483e-01 -1.060162e-02 -1.977358e-02 -1.889736e-01 1.070920e-02 9.999284e-01 5.342317e-03 -3.410640e-01 1.971552e-02 -5.552731e-03 9.997902e-01 2.100587e+01
9.997197e-01 -1.073266e-02 -2.110221e-02 -2.078426e-01 1.084570e-02 9.999274e-01 5.249736e-03 -3.529815e-01 2.104434e-02 -5.477133e-03 9.997635e-01 2.188009e+01
9.996924e-01 -1.079141e-02 -2.233194e-02 -2.309372e-01 1.092169e-02 9.999240e-01 5.720222e-03 -3.637556e-01 2.226851e-02 -5.962364e-03 9.997342e-01 2.272705e+01
9.996752e-01 -1.071987e-02 -2.312124e-02 -2.529976e-01 1.090015e-02 9.999111e-01 7.685331e-03 -3.712428e-01 2.303680e-02 -7.934860e-03 9.997031e-01 2.358784e+01
9.996438e-01 -1.159492e-02 -2.403792e-02 -2.750190e-01 1.184423e-02 9.998773e-01 1.025521e-02 -3.806164e-01 2.391606e-02 -1.053627e-02 9.996584e-01 2.442914e+01
9.996320e-01 -1.137647e-02 -2.462622e-02 -2.974354e-01 1.166887e-02 9.998627e-01 1.176241e-02 -3.894708e-01 2.448903e-02 -1.204544e-02 9.996275e-01 2.526488e+01
9.996290e-01 -1.074897e-02 -2.502808e-02 -3.218126e-01 1.102906e-02 9.998778e-01 1.108005e-02 -3.988282e-01 2.490592e-02 -1.135197e-02 9.996253e-01 2.610105e+01
9.996217e-01 -9.419757e-03 -2.583882e-02 -3.493203e-01 9.641611e-03 9.999176e-01 8.474992e-03 -4.070021e-01 2.575685e-02 -8.720914e-03 9.996302e-01 2.689595e+01
9.996052e-01 -9.101798e-03 -2.658359e-02 -3.742111e-01 9.288912e-03 9.999329e-01 6.923703e-03 -4.153133e-01 2.651878e-02 -7.167902e-03 9.996226e-01 2.769402e+01
9.995934e-01 -8.401102e-03 -2.724637e-02 -4.001176e-01 8.591981e-03 9.999393e-01 6.896150e-03 -4.239746e-01 2.718678e-02 -7.127447e-03 9.996050e-01 2.849403e+01
9.995534e-01 -8.777326e-03 -2.856402e-02 -4.275423e-01 8.974878e-03 9.999366e-01 6.795284e-03 -4.389284e-01 2.850257e-02 -7.048608e-03 9.995689e-01 2.926743e+01
9.995036e-01 -8.155240e-03 -3.043082e-02 -4.549635e-01 8.355263e-03 9.999443e-01 6.451681e-03 -4.515734e-01 3.037651e-02 -6.702736e-03 9.995161e-01 3.004018e+01
9.994551e-01 -7.864921e-03 -3.205538e-02 -4.828335e-01 8.077468e-03 9.999462e-01 6.506512e-03 -4.643268e-01 3.200249e-02 -6.761893e-03 9.994649e-01 3.081490e+01
9.993846e-01 -7.538457e-03 -3.425774e-02 -5.140038e-01 7.805870e-03 9.999400e-01 7.678883e-03 -4.715206e-01 3.419780e-02 -7.941569e-03 9.993835e-01 3.156193e+01
9.993179e-01 -7.321900e-03 -3.619593e-02 -5.432715e-01 7.677309e-03 9.999236e-01 9.689787e-03 -4.820970e-01 3.612221e-02 -9.961065e-03 9.992977e-01 3.231001e+01
9.992662e-01 -6.255137e-03 -3.778794e-02 -5.742550e-01 6.684054e-03 9.999145e-01 1.123496e-02 -4.907735e-01 3.771443e-02 -1.147929e-02 9.992226e-01 3.305822e+01
9.991949e-01 -5.309395e-03 -3.976669e-02 -6.106145e-01 5.784094e-03 9.999133e-01 1.183156e-02 -5.000494e-01 3.970042e-02 -1.205205e-02 9.991389e-01 3.377007e+01
9.991419e-01 -3.308670e-03 -4.128687e-02 -6.464349e-01 3.792615e-03 9.999250e-01 1.164870e-02 -5.061061e-01 4.124523e-02 -1.179528e-02 9.990794e-01 3.449504e+01
9.990641e-01 -2.323751e-03 -4.319185e-02 -6.864076e-01 2.813522e-03 9.999324e-01 1.128209e-02 -5.109371e-01 4.316272e-02 -1.139305e-02 9.990031e-01 3.518864e+01
9.989985e-01 -1.276135e-03 -4.472548e-02 -7.216275e-01 1.837891e-03 9.999199e-01 1.252123e-02 -5.161137e-01 4.470592e-02 -1.259089e-02 9.989208e-01 3.588700e+01
9.989634e-01 1.132983e-04 -4.552081e-02 -7.558456e-01 5.371534e-04 9.998979e-01 1.427662e-02 -5.214197e-01 4.551778e-02 -1.428627e-02 9.988614e-01 3.658466e+01
9.989512e-01 2.480830e-03 -4.572006e-02 -7.951858e-01 -1.786109e-03 9.998824e-01 1.522969e-02 -5.244219e-01 4.575246e-02 -1.513206e-02 9.988382e-01 3.724865e+01
9.989922e-01 6.056751e-03 -4.447407e-02 -8.340928e-01 -5.475423e-03 9.998981e-01 1.318135e-02 -5.343149e-01 4.454938e-02 -1.292455e-02 9.989236e-01 3.790655e+01
9.990638e-01 8.298163e-03 -4.245731e-02 -8.658690e-01 -7.892044e-03 9.999216e-01 9.724050e-03 -5.394008e-01 4.253467e-02 -9.379872e-03 9.990510e-01 3.855900e+01
9.991468e-01 8.555784e-03 -4.040261e-02 -8.955197e-01 -8.233653e-03 9.999330e-01 8.132705e-03 -5.430241e-01 4.046949e-02 -7.793106e-03 9.991504e-01 3.919593e+01
9.992589e-01 9.560892e-03 -3.728622e-02 -9.226397e-01 -9.227540e-03 9.999160e-01 9.102221e-03 -5.466964e-01 3.737011e-02 -8.751416e-03 9.992632e-01 3.983204e+01
9.993466e-01 1.351023e-02 -3.352530e-02 -9.492965e-01 -1.312490e-02 9.998456e-01 1.168738e-02 -5.528781e-01 3.367802e-02 -1.123973e-02 9.993695e-01 4.047165e+01
9.993837e-01 1.839374e-02 -2.989785e-02 -9.789375e-01 -1.795116e-02 9.997263e-01 1.500471e-02 -5.548688e-01 3.016566e-02 -1.445876e-02 9.994403e-01 4.107985e+01
9.994000e-01 2.356504e-02 -2.538244e-02 -1.004238e+00 -2.315329e-02 9.995975e-01 1.639547e-02 -5.622876e-01 2.575858e-02 -1.579795e-02 9.995434e-01 4.167968e+01
9.994150e-01 2.798586e-02 -1.965775e-02 -1.019002e+00 -2.765060e-02 9.994710e-01 1.712467e-02 -5.652827e-01 2.012660e-02 -1.657111e-02 9.996601e-01 4.227155e+01
9.994119e-01 3.130602e-02 -1.399013e-02 -1.038706e+00 -3.103832e-02 9.993384e-01 1.895924e-02 -5.650343e-01 1.457441e-02 -1.851386e-02 9.997224e-01 4.283252e+01
9.992952e-01 3.683371e-02 -7.232163e-03 -1.050310e+00 -3.667849e-02 9.991161e-01 2.053488e-02 -5.677276e-01 7.982146e-03 -2.025514e-02 9.997630e-01 4.338032e+01
9.991884e-01 4.027954e-02 3.162648e-04 -1.053923e+00 -4.027748e-02 9.989751e-01 2.065284e-02 -5.720180e-01 5.159462e-04 -2.064881e-02 9.997867e-01 4.391389e+01
9.990624e-01 4.263975e-02 7.500011e-03 -1.056858e+00 -4.278878e-02 9.988638e-01 2.097981e-02 -5.762825e-01 -6.596916e-03 -2.128106e-02 9.997518e-01 4.441422e+01
9.987528e-01 4.756727e-02 1.517290e-02 -1.058479e+00 -4.787753e-02 9.986369e-01 2.078603e-02 -5.780243e-01 -1.416348e-02 -2.148655e-02 9.996688e-01 4.490191e+01
9.983678e-01 5.226475e-02 2.302464e-02 -1.049124e+00 -5.267703e-02 9.984551e-01 1.767844e-02 -5.759565e-01 -2.206511e-02 -1.886246e-02 9.995786e-01 4.537104e+01
9.980703e-01 5.386395e-02 3.089114e-02 -1.041000e+00 -5.432220e-02 9.984226e-01 1.419149e-02 -5.845285e-01 -3.007800e-02 -1.584218e-02 9.994220e-01 4.580359e+01
9.977709e-01 5.413628e-02 3.901915e-02 -1.022997e+00 -5.471679e-02 9.984042e-01 1.396572e-02 -5.812943e-01 -3.820083e-02 -1.606960e-02 9.991409e-01 4.622683e+01
9.974652e-01 5.365654e-02 4.673443e-02 -1.004303e+00 -5.441462e-02 9.984042e-01 1.510179e-02 -5.866834e-01 -4.584954e-02 -1.760655e-02 9.987932e-01 4.661863e+01
9.970114e-01 5.451800e-02 5.473553e-02 -9.843166e-01 -5.546486e-02 9.983335e-01 1.593028e-02 -5.874010e-01 -5.377583e-02 -1.891857e-02 9.983738e-01 4.699160e+01
9.963524e-01 5.655978e-02 6.389697e-02 -9.629240e-01 -5.771230e-02 9.981996e-01 1.633631e-02 -5.927773e-01 -6.285795e-02 -1.996436e-02 9.978228e-01 4.734876e+01
9.954302e-01 6.205604e-02 7.258002e-02 -9.422810e-01 -6.337499e-02 9.978613e-01 1.601066e-02 -5.955897e-01 -7.143124e-02 -2.053725e-02 9.972341e-01 4.766599e+01
9.944337e-01 6.644033e-02 8.177530e-02 -9.182732e-01 -6.798069e-02 9.975552e-01 1.619562e-02 -5.962187e-01 -8.049933e-02 -2.166462e-02 9.965192e-01 4.796923e+01
9.936561e-01 6.577874e-02 9.121773e-02 -8.845953e-01 -6.755939e-02 9.975777e-01 1.656917e-02 -6.021973e-01 -8.990687e-02 -2.262668e-02 9.956931e-01 4.825229e+01
9.927107e-01 6.485679e-02 1.015829e-01 -8.527769e-01 -6.674963e-02 9.976518e-01 1.534294e-02 -6.040957e-01 -1.003492e-01 -2.201172e-02 9.947088e-01 4.851182e+01
9.915325e-01 6.328504e-02 1.133948e-01 -8.136573e-01 -6.492444e-02 9.978315e-01 1.081956e-02 -6.078376e-01 -1.124642e-01 -1.809004e-02 9.934911e-01 4.877372e+01
9.898934e-01 6.368123e-02 1.267115e-01 -7.679838e-01 -6.497494e-02 9.978683e-01 6.098789e-03 -6.111165e-01 -1.260530e-01 -1.427022e-02 9.919209e-01 4.903533e+01
9.877778e-01 6.434079e-02 1.419695e-01 -7.253519e-01 -6.563522e-02 9.978338e-01 4.448786e-03 -6.081564e-01 -1.413757e-01 -1.371261e-02 9.898610e-01 4.928840e+01
9.852414e-01 6.479888e-02 1.584313e-01 -6.755683e-01 -6.620807e-02 9.977992e-01 3.627197e-03 -6.107110e-01 -1.578476e-01 -1.406310e-02 9.873633e-01 4.954514e+01
9.824069e-01 6.474626e-02 1.751702e-01 -6.238643e-01 -6.625900e-02 9.977985e-01 2.794853e-03 -6.145253e-01 -1.746036e-01 -1.435229e-02 9.845342e-01 4.978204e+01
9.790704e-01 6.419122e-02 1.931335e-01 -5.607194e-01 -6.581283e-02 9.978300e-01 1.985545e-03 -6.191009e-01 -1.925870e-01 -1.465465e-02 9.811705e-01 5.002444e+01
9.751226e-01 6.356701e-02 2.123560e-01 -4.876469e-01 -6.537416e-02 9.978597e-01 1.492149e-03 -6.251134e-01 -2.118067e-01 -1.533763e-02 9.771912e-01 5.026957e+01
9.705412e-01 6.346288e-02 2.324270e-01 -4.197993e-01 -6.538909e-02 9.978597e-01 5.840403e-04 -6.286564e-01 -2.318925e-01 -1.576503e-02 9.726137e-01 5.049892e+01
9.651811e-01 6.400358e-02 2.536317e-01 -3.460174e-01 -6.595150e-02 9.978225e-01 -8.243189e-04 -6.311332e-01 -2.531322e-01 -1.593178e-02 9.673005e-01 5.073430e+01
9.589000e-01 6.417787e-02 2.763910e-01 -2.583503e-01 -6.611414e-02 9.978094e-01 -2.317150e-03 -6.361521e-01 -2.759342e-01 -1.605144e-02 9.610425e-01 5.097472e+01
9.516142e-01 6.431162e-02 3.004902e-01 -1.728600e-01 -6.641218e-02 9.977870e-01 -3.229806e-03 -6.431683e-01 -3.000330e-01 -1.688268e-02 9.537794e-01 5.120108e+01
9.430733e-01 6.531306e-02 3.261089e-01 -7.784144e-02 -6.768453e-02 9.976984e-01 -4.082277e-03 -6.507520e-01 -3.256250e-01 -1.822264e-02 9.453234e-01 5.143947e+01
9.331731e-01 6.587622e-02 3.533387e-01 3.035403e-02 -6.853512e-02 9.976362e-01 -4.996261e-03 -6.604277e-01 -3.528326e-01 -1.955373e-02 9.354821e-01 5.168553e+01
9.219909e-01 6.566743e-02 3.816027e-01 1.362730e-01 -6.850175e-02 9.976319e-01 -6.168560e-03 -6.690658e-01 -3.811042e-01 -2.045310e-02 9.243058e-01 5.190767e+01
9.091228e-01 6.431057e-02 4.115335e-01 2.671439e-01 -6.701841e-02 9.977208e-01 -7.863317e-03 -6.798837e-01 -4.111012e-01 -2.043160e-02 9.113607e-01 5.213192e+01
8.940600e-01 6.183531e-02 4.436588e-01 4.214891e-01 -6.390033e-02 9.979030e-01 -1.031178e-02 -6.894254e-01 -4.433661e-01 -1.913059e-02 8.961364e-01 5.236197e+01
8.766548e-01 6.064996e-02 4.772818e-01 5.723896e-01 -6.139624e-02 9.980146e-01 -1.405089e-02 -6.947615e-01 -4.771864e-01 -1.698553e-02 8.786380e-01 5.257239e+01
8.569708e-01 6.145374e-02 5.116879e-01 7.479954e-01 -6.049398e-02 9.979963e-01 -1.854456e-02 -7.021348e-01 -5.118022e-01 -1.506189e-02 8.589712e-01 5.280812e+01
8.349531e-01 6.199933e-02 5.468176e-01 9.193232e-01 -5.973257e-02 9.979732e-01 -2.194475e-02 -7.091645e-01 -5.470698e-01 -1.433998e-02 8.369641e-01 5.302075e+01
8.103150e-01 6.354764e-02 5.825387e-01 1.116522e+00 -6.030832e-02 9.978675e-01 -2.496553e-02 -7.210790e-01 -5.828830e-01 -1.490199e-02 8.124195e-01 5.324367e+01
7.828910e-01 6.711976e-02 6.185277e-01 1.340033e+00 -6.340820e-02 9.975949e-01 -2.799650e-02 -7.355782e-01 -6.189192e-01 -1.730152e-02 7.852641e-01 5.348231e+01
7.527518e-01 7.131855e-02 6.544298e-01 1.561977e+00 -6.756956e-02 9.972342e-01 -3.095547e-02 -7.464362e-01 -6.548275e-01 -2.091775e-02 7.554889e-01 5.370632e+01
7.197424e-01 7.161177e-02 6.905379e-01 1.816834e+00 -6.720408e-02 9.971812e-01 -3.336571e-02 -7.629574e-01 -6.909808e-01 -2.239225e-02 7.225262e-01 5.392901e+01
6.833048e-01 6.928576e-02 7.268383e-01 2.115132e+00 -6.422762e-02 9.973322e-01 -3.468980e-02 -7.836620e-01 -7.273028e-01 -2.297939e-02 6.859320e-01 5.416135e+01
6.441872e-01 6.784744e-02 7.618527e-01 2.405764e+00 -6.197786e-02 9.974128e-01 -3.641986e-02 -8.043877e-01 -7.623527e-01 -2.375679e-02 6.467256e-01 5.436244e+01
6.020815e-01 6.694413e-02 7.956233e-01 2.746683e+00 -5.989273e-02 9.974581e-01 -3.860328e-02 -8.210225e-01 -7.961851e-01 -2.440973e-02 6.045605e-01 5.457988e+01
5.561211e-01 6.603325e-02 8.284738e-01 3.083446e+00 -5.696739e-02 9.975228e-01 -4.126733e-02 -8.440689e-01 -8.291466e-01 -2.424636e-02 5.585052e-01 5.476514e+01
5.081905e-01 6.452265e-02 8.588243e-01 3.465638e+00 -5.383578e-02 9.976195e-01 -4.309405e-02 -8.685252e-01 -8.595604e-01 -2.433549e-02 5.104544e-01 5.494818e+01
4.593255e-01 6.224060e-02 8.860848e-01 3.880441e+00 -5.164379e-02 9.977259e-01 -4.331161e-02 -8.942614e-01 -8.867655e-01 -2.586665e-02 4.614953e-01 5.513314e+01
4.097558e-01 5.908663e-02 9.102796e-01 4.279478e+00 -5.140408e-02 9.978099e-01 -4.162908e-02 -9.194498e-01 -9.107457e-01 -2.973432e-02 4.118957e-01 5.528298e+01
3.596425e-01 5.831631e-02 9.312660e-01 4.722519e+00 -5.426920e-02 9.976629e-01 -4.151607e-02 -9.334981e-01 -9.315107e-01 -3.560812e-02 3.619668e-01 5.542832e+01
3.100608e-01 5.882844e-02 9.488949e-01 5.196262e+00 -5.279853e-02 9.976089e-01 -4.459611e-02 -9.467669e-01 -9.492495e-01 -3.627275e-02 3.124255e-01 5.555950e+01
2.632057e-01 5.494635e-02 9.631738e-01 5.656828e+00 -4.223907e-02 9.980757e-01 -4.539478e-02 -9.842196e-01 -9.638146e-01 -2.873540e-02 2.650201e-01 5.564023e+01
2.190354e-01 4.893018e-02 9.744893e-01 6.150332e+00 -2.885325e-02 9.986298e-01 -4.365697e-02 -1.010356e+00 -9.752902e-01 -1.855476e-02 2.201471e-01 5.570263e+01
1.766813e-01 4.675722e-02 9.831569e-01 6.673228e+00 -1.958186e-02 9.988403e-01 -4.398408e-02 -1.045319e+00 -9.840733e-01 -1.148087e-02 1.773920e-01 5.576345e+01
1.383175e-01 4.879686e-02 9.891851e-01 7.185054e+00 -1.666482e-02 9.987587e-01 -4.693889e-02 -1.055286e+00 -9.902477e-01 -9.992125e-03 1.389590e-01 5.580509e+01
1.052222e-01 4.887763e-02 9.932468e-01 7.715694e+00 -8.499924e-03 9.987991e-01 -4.825040e-02 -1.092308e+00 -9.944124e-01 -3.365511e-03 1.055113e-01 5.583512e+01
7.593649e-02 4.732855e-02 9.959888e-01 8.271702e+00 -2.279467e-04 9.988737e-01 -4.744826e-02 -1.126463e+00 -9.971126e-01 3.376022e-03 7.586175e-02 5.585485e+01
5.088328e-02 4.547035e-02 9.976690e-01 8.826837e+00 6.478532e-03 9.989270e-01 -4.585810e-02 -1.153574e+00 -9.986836e-01 8.796841e-03 5.053410e-02 5.586127e+01
3.069277e-02 4.441000e-02 9.985418e-01 9.399579e+00 1.296071e-02 9.989108e-01 -4.482479e-02 -1.181256e+00 -9.994448e-01 1.431760e-02 3.008376e-02 5.586449e+01
1.418226e-02 4.541336e-02 9.988676e-01 9.987587e+00 1.433385e-02 9.988562e-01 -4.561636e-02 -1.210875e+00 -9.997967e-01 1.496456e-02 1.351509e-02 5.586273e+01
9.648124e-04 4.524562e-02 9.989754e-01 1.057185e+01 1.498067e-02 9.988631e-01 -4.525500e-02 -1.239864e+00 -9.998873e-01 1.500898e-02 2.859061e-04 5.585284e+01
-1.099980e-02 4.576540e-02 9.988917e-01 1.117930e+01 1.582972e-02 9.988349e-01 -4.558848e-02 -1.263296e+00 -9.998142e-01 1.531071e-02 -1.171144e-02 5.584275e+01
-2.014232e-02 4.857779e-02 9.986163e-01 1.178903e+01 2.061857e-02 9.986267e-01 -4.816241e-02 -1.303807e+00 -9.995845e-01 1.961994e-02 -2.111626e-02 5.582015e+01
-2.702398e-02 5.039518e-02 9.983637e-01 1.241858e+01 2.535604e-02 9.984416e-01 -4.971278e-02 -1.343115e+00 -9.993132e-01 2.397111e-02 -2.825969e-02 5.579629e+01
-3.144930e-02 4.973231e-02 9.982673e-01 1.304858e+01 2.519815e-02 9.984834e-01 -4.894923e-02 -1.372475e+00 -9.991877e-01 2.361507e-02 -3.265476e-02 5.577048e+01
-3.541725e-02 4.716273e-02 9.982591e-01 1.370784e+01 2.404129e-02 9.986370e-01 -4.632762e-02 -1.408667e+00 -9.990834e-01 2.235864e-02 -3.650283e-02 5.575326e+01
-3.778253e-02 3.998100e-02 9.984859e-01 1.436858e+01 2.252483e-02 9.989795e-01 -3.914843e-02 -1.438690e+00 -9.990321e-01 2.101160e-02 -3.864454e-02 5.573361e+01
-3.904821e-02 3.402000e-02 9.986580e-01 1.504390e+01 2.342066e-02 9.991769e-01 -3.312192e-02 -1.471785e+00 -9.989628e-01 2.209588e-02 -3.981284e-02 5.570691e+01
-3.952650e-02 3.182253e-02 9.987117e-01 1.572527e+01 2.524303e-02 9.992056e-01 -3.083921e-02 -1.501148e+00 -9.988996e-01 2.399155e-02 -4.029840e-02 5.567457e+01
-3.961583e-02 3.373011e-02 9.986455e-01 1.642166e+01 2.982413e-02 9.990247e-01 -3.255981e-02 -1.541146e+00 -9.987698e-01 2.849385e-02 -4.058317e-02 5.564362e+01
-3.844644e-02 4.095814e-02 9.984209e-01 1.710842e+01 3.048938e-02 9.987425e-01 -3.979727e-02 -1.571705e+00 -9.987954e-01 2.891117e-02 -3.964688e-02 5.561440e+01
-3.641551e-02 4.857584e-02 9.981554e-01 1.780771e+01 2.998170e-02 9.984214e-01 -4.749497e-02 -1.610868e+00 -9.988869e-01 2.819684e-02 -3.781441e-02 5.558973e+01
-3.459001e-02 4.986488e-02 9.981568e-01 1.852630e+01 3.057811e-02 9.983397e-01 -4.881437e-02 -1.644746e+00 -9.989337e-01 2.883326e-02 -3.605735e-02 5.556778e+01
-3.233272e-02 4.534500e-02 9.984480e-01 1.925590e+01 3.037345e-02 9.985535e-01 -4.436621e-02 -1.684049e+00 -9.990155e-01 2.889183e-02 -3.366323e-02 5.554596e+01
-2.969492e-02 3.894854e-02 9.987999e-01 1.999141e+01 3.036606e-02 9.988145e-01 -3.804631e-02 -1.724249e+00 -9.990976e-01 2.919984e-02 -3.084243e-02 5.552708e+01
-2.730864e-02 3.710140e-02 9.989383e-01 2.072607e+01 2.892583e-02 9.989219e-01 -3.631003e-02 -1.762190e+00 -9.992085e-01 2.790354e-02 -2.835239e-02 5.551526e+01
-2.396269e-02 4.216281e-02 9.988234e-01 2.143634e+01 3.601825e-02 9.984980e-01 -4.128497e-02 -1.805943e+00 -9.990638e-01 3.498657e-02 -2.544533e-02 5.548920e+01
-2.070209e-02 4.723382e-02 9.986693e-01 2.215757e+01 3.835952e-02 9.981854e-01 -4.641576e-02 -1.848509e+00 -9.990495e-01 3.734757e-02 -2.247639e-02 5.547292e+01
-1.841872e-02 4.816714e-02 9.986695e-01 2.289561e+01 3.204420e-02 9.983542e-01 -4.756093e-02 -1.885255e+00 -9.993167e-01 3.112555e-02 -1.993188e-02 5.547005e+01
-1.508563e-02 4.491744e-02 9.988768e-01 2.362425e+01 2.654641e-02 9.986563e-01 -4.450660e-02 -1.921327e+00 -9.995337e-01 2.584518e-02 -1.625776e-02 5.547057e+01
-1.055964e-02 4.076289e-02 9.991130e-01 2.436157e+01 3.015326e-02 9.987274e-01 -4.042846e-02 -1.968188e+00 -9.994895e-01 2.969961e-02 -1.177534e-02 5.545984e+01
-7.335057e-03 4.165625e-02 9.991051e-01 2.510092e+01 3.562766e-02 9.985085e-01 -4.136981e-02 -2.015286e+00 -9.993382e-01 3.529233e-02 -8.808231e-03 5.545237e+01
-4.154588e-03 4.586399e-02 9.989391e-01 2.582584e+01 3.573723e-02 9.983164e-01 -4.568677e-02 -2.060669e+00 -9.993526e-01 3.550951e-02 -5.786645e-03 5.544809e+01
-7.160849e-04 4.714662e-02 9.988877e-01 2.656155e+01 3.145858e-02 9.983946e-01 -4.710080e-02 -2.094281e+00 -9.995048e-01 3.138986e-02 -2.198101e-03 5.545709e+01
2.637117e-03 4.597171e-02 9.989393e-01 2.730650e+01 3.064381e-02 9.984699e-01 -4.603101e-02 -2.139688e+00 -9.995269e-01 3.073270e-02 1.224333e-03 5.546395e+01
6.628621e-03 4.386659e-02 9.990154e-01 2.804154e+01 3.517677e-02 9.984088e-01 -4.407336e-02 -2.178971e+00 -9.993591e-01 3.543428e-02 5.074989e-03 5.546567e+01
1.017114e-02 4.355029e-02 9.989995e-01 2.878005e+01 4.030082e-02 9.982216e-01 -4.392669e-02 -2.228107e+00 -9.991358e-01 4.070728e-02 8.397935e-03 5.546637e+01
1.344803e-02 4.475554e-02 9.989074e-01 2.952545e+01 4.348402e-02 9.980265e-01 -4.530148e-02 -2.274803e+00 -9.989636e-01 4.404573e-02 1.147534e-02 5.547596e+01
1.634405e-02 4.429029e-02 9.988850e-01 3.026055e+01 4.319580e-02 9.980545e-01 -4.496024e-02 -2.319172e+00 -9.989329e-01 4.388247e-02 1.439910e-02 5.548890e+01
1.960790e-02 4.284652e-02 9.988892e-01 3.100086e+01 4.387559e-02 9.980820e-01 -4.367316e-02 -2.359483e+00 -9.988446e-01 4.468320e-02 1.769038e-02 5.550281e+01
2.307315e-02 4.172101e-02 9.988628e-01 3.174793e+01 4.728080e-02 9.979653e-01 -4.277568e-02 -2.408646e+00 -9.986151e-01 4.821400e-02 2.105361e-02 5.551854e+01
2.613684e-02 4.190273e-02 9.987798e-01 3.248097e+01 4.592653e-02 9.980158e-01 -4.307252e-02 -2.448593e+00 -9.986028e-01 4.699627e-02 2.416053e-02 5.553985e+01
2.902609e-02 4.347961e-02 9.986326e-01 3.322689e+01 4.183315e-02 9.981254e-01 -4.467344e-02 -2.489589e+00 -9.987029e-01 4.307264e-02 2.715278e-02 5.556714e+01
3.162069e-02 4.339679e-02 9.985574e-01 3.397346e+01 4.348225e-02 9.980514e-01 -4.475173e-02 -2.537210e+00 -9.985537e-01 4.483461e-02 2.967208e-02 5.559092e+01
3.447001e-02 4.250564e-02 9.985014e-01 3.471714e+01 4.198446e-02 9.981516e-01 -4.394012e-02 -2.579627e+00 -9.985235e-01 4.343616e-02 3.262172e-02 5.562189e+01
3.627822e-02 4.252253e-02 9.984366e-01 3.547652e+01 4.113642e-02 9.981840e-01 -4.400646e-02 -2.621933e+00 -9.984947e-01 4.266858e-02 3.446311e-02 5.565502e+01
4.008906e-02 4.247633e-02 9.982929e-01 3.622514e+01 3.965591e-02 9.982412e-01 -4.406662e-02 -2.666456e+00 -9.984089e-01 4.135480e-02 3.833412e-02 5.569330e+01
4.282058e-02 4.450171e-02 9.980912e-01 3.697462e+01 3.672445e-02 9.982622e-01 -4.608491e-02 -2.707380e+00 -9.984076e-01 3.862774e-02 4.111187e-02 5.573020e+01
4.571350e-02 4.795182e-02 9.978030e-01 3.772765e+01 3.692587e-02 9.980835e-01 -4.965702e-02 -2.754422e+00 -9.982719e-01 3.911474e-02 4.385523e-02 5.577046e+01
4.920236e-02 5.029355e-02 9.975218e-01 3.849047e+01 3.694944e-02 9.979561e-01 -5.213796e-02 -2.801243e+00 -9.981051e-01 3.942319e-02 4.724348e-02 5.581139e+01
5.205722e-02 5.259595e-02 9.972581e-01 3.925709e+01 3.081674e-02 9.980519e-01 -5.424646e-02 -2.849838e+00 -9.981685e-01 3.355616e-02 5.033497e-02 5.586263e+01
5.453621e-02 5.246020e-02 9.971328e-01 4.002179e+01 2.632007e-02 9.981964e-01 -5.395569e-02 -2.888940e+00 -9.981648e-01 2.918715e-02 5.305709e-02 5.591378e+01
5.810757e-02 5.236467e-02 9.969360e-01 4.079975e+01 2.859486e-02 9.981263e-01 -5.409388e-02 -2.949774e+00 -9.979007e-01 3.165051e-02 5.650134e-02 5.596157e+01
6.191199e-02 5.324582e-02 9.966603e-01 4.157948e+01 2.881656e-02 9.980643e-01 -5.511090e-02 -3.008437e+00 -9.976655e-01 3.213235e-02 6.025779e-02 5.601329e+01
6.531804e-02 5.440546e-02 9.963802e-01 4.236130e+01 2.406689e-02 9.981362e-01 -5.607906e-02 -3.056790e+00 -9.975742e-01 2.764275e-02 6.388694e-02 5.607636e+01
6.969589e-02 5.294054e-02 9.961625e-01 4.315089e+01 2.320464e-02 9.982346e-01 -5.467415e-02 -3.099361e+00 -9.972984e-01 2.692616e-02 6.834438e-02 5.613769e+01
7.426480e-02 5.190954e-02 9.958866e-01 4.394391e+01 2.398173e-02 9.982625e-01 -5.382174e-02 -3.168157e+00 -9.969502e-01 2.788014e-02 7.289089e-02 5.620061e+01
7.890826e-02 5.654800e-02 9.952768e-01 4.472216e+01 1.994752e-02 9.981004e-01 -5.828992e-02 -3.211398e+00 -9.966823e-01 2.445286e-02 7.763038e-02 5.627230e+01
8.512120e-02 6.432963e-02 9.942917e-01 4.551423e+01 1.764656e-02 9.976597e-01 -6.605825e-02 -3.278588e+00 -9.962143e-01 2.316879e-02 8.378680e-02 5.634858e+01
9.228632e-02 6.889022e-02 9.933466e-01 4.630518e+01 1.630803e-02 9.973654e-01 -7.068403e-02 -3.336552e+00 -9.955990e-01 2.272269e-02 9.091972e-02 5.643097e+01
9.908158e-02 7.203244e-02 9.924687e-01 4.710038e+01 1.159526e-02 9.972252e-01 -7.353525e-02 -3.399587e+00 -9.950118e-01 1.879393e-02 9.797142e-02 5.652345e+01
1.068390e-01 7.013471e-02 9.917997e-01 4.790960e+01 9.712832e-03 9.973878e-01 -7.157616e-02 -3.465067e+00 -9.942289e-01 1.728031e-02 1.058787e-01 5.662194e+01
1.142572e-01 6.842982e-02 9.910917e-01 4.871640e+01 9.412824e-03 9.975055e-01 -6.995782e-02 -3.535150e+00 -9.934066e-01 1.732215e-02 1.133280e-01 5.672120e+01
1.212478e-01 6.572727e-02 9.904438e-01 4.952420e+01 8.841368e-03 9.976942e-01 -6.729076e-02 -3.602169e+00 -9.925829e-01 1.691574e-02 1.203871e-01 5.682256e+01
1.291345e-01 5.922823e-02 9.898567e-01 5.034178e+01 7.420521e-03 9.981290e-01 -6.069127e-02 -3.668146e+00 -9.915993e-01 1.518259e-02 1.284534e-01 5.693901e+01
1.365546e-01 5.231576e-02 9.892502e-01 5.115467e+01 5.504862e-03 9.985491e-01 -5.356740e-02 -3.721075e+00 -9.906172e-01 1.276056e-02 1.360685e-01 5.706088e+01
1.436088e-01 4.841722e-02 9.884494e-01 5.195924e+01 6.035061e-03 9.987411e-01 -4.979815e-02 -3.785275e+00 -9.896161e-01 1.311680e-02 1.431358e-01 5.718209e+01
1.509934e-01 5.045361e-02 9.872464e-01 5.275239e+01 6.013433e-03 9.986313e-01 -5.195516e-02 -3.840184e+00 -9.885165e-01 1.378163e-02 1.504834e-01 5.731159e+01
1.567508e-01 5.687589e-02 9.859991e-01 5.353506e+01 5.370664e-03 9.982766e-01 -5.843790e-02 -3.898799e+00 -9.876236e-01 1.445566e-02 1.561752e-01 5.744081e+01
1.616434e-01 6.127224e-02 9.849452e-01 5.429405e+01 3.958539e-03 9.980223e-01 -6.273540e-02 -3.952825e+00 -9.868413e-01 1.403971e-02 1.610812e-01 5.757197e+01
1.668893e-01 6.393951e-02 9.839002e-01 5.507871e+01 2.627199e-03 9.978627e-01 -6.529250e-02 -4.018439e+00 -9.859721e-01 1.348152e-02 1.663647e-01 5.771441e+01
1.720775e-01 6.389711e-02 9.830089e-01 5.584274e+01 6.537309e-04 9.978864e-01 -6.497861e-02 -4.076054e+00 -9.850832e-01 1.182398e-02 1.716720e-01 5.785780e+01
1.768223e-01 6.106536e-02 9.823466e-01 5.659115e+01 3.113434e-03 9.980338e-01 -6.260093e-02 -4.140782e+00 -9.842379e-01 1.412771e-02 1.762845e-01 5.799202e+01
1.816886e-01 5.481740e-02 9.818270e-01 5.735614e+01 4.030904e-03 9.983951e-01 -5.648835e-02 -4.193951e+00 -9.833479e-01 1.422094e-02 1.811760e-01 5.813466e+01
1.853368e-01 4.744808e-02 9.815289e-01 5.810434e+01 2.873942e-03 9.988032e-01 -4.882581e-02 -4.255452e+00 -9.826708e-01 1.187008e-02 1.849787e-01 5.827905e+01
1.881376e-01 4.406577e-02 9.811536e-01 5.883051e+01 -7.890316e-04 9.989994e-01 -4.471596e-02 -4.300498e+00 -9.821424e-01 7.638594e-03 1.879841e-01 5.842999e+01
1.915244e-01 4.395680e-02 9.805030e-01 5.956491e+01 -1.726655e-03 9.990102e-01 -4.444922e-02 -4.354685e+00 -9.814863e-01 6.820118e-03 1.914107e-01 5.858212e+01
1.933998e-01 4.566830e-02 9.800566e-01 6.026974e+01 -3.580972e-03 9.989423e-01 -4.584168e-02 -4.400006e+00 -9.811135e-01 5.356214e-03 1.933587e-01 5.872784e+01
1.953417e-01 4.979819e-02 9.794701e-01 6.097872e+01 -6.861955e-03 9.987550e-01 -4.941015e-02 -4.449312e+00 -9.807112e-01 2.930784e-03 1.954402e-01 5.888003e+01
1.971480e-01 5.438762e-02 9.788640e-01 6.166470e+01 -8.336618e-03 9.985169e-01 -5.380055e-02 -4.496925e+00 -9.803383e-01 2.446254e-03 1.973090e-01 5.902671e+01
1.985100e-01 5.975370e-02 9.782757e-01 6.233269e+01 -1.011376e-02 9.982115e-01 -5.891913e-02 -4.546037e+00 -9.800467e-01 1.801995e-03 1.987593e-01 5.916750e+01
2.002997e-01 6.180629e-02 9.777832e-01 6.301430e+01 -9.091100e-03 9.980825e-01 -6.122710e-02 -4.601181e+00 -9.796925e-01 3.374641e-03 2.004775e-01 5.931309e+01
2.014976e-01 6.141925e-02 9.775615e-01 6.368412e+01 -1.074248e-02 9.981106e-01 -6.049606e-02 -4.646123e+00 -9.794301e-01 1.688381e-03 2.017767e-01 5.945946e+01
2.019712e-01 5.869769e-02 9.776309e-01 6.434096e+01 -1.015883e-02 9.982743e-01 -5.783840e-02 -4.701130e+00 -9.793388e-01 1.750106e-03 2.022189e-01 5.959658e+01
2.026327e-01 5.659093e-02 9.776183e-01 6.499163e+01 -1.029804e-02 9.983967e-01 -5.565923e-02 -4.747001e+00 -9.792007e-01 1.210832e-03 2.028906e-01 5.973823e+01
2.023535e-01 5.558853e-02 9.777336e-01 6.563379e+01 -9.950509e-03 9.984529e-01 -5.470714e-02 -4.795381e+00 -9.792620e-01 1.341235e-03 2.025936e-01 5.987353e+01
2.010156e-01 5.458896e-02 9.780658e-01 6.626444e+01 -9.758401e-03 9.985081e-01 -5.372432e-02 -4.843718e+00 -9.795394e-01 1.255071e-03 2.012484e-01 6.000410e+01
1.993506e-01 5.490721e-02 9.783888e-01 6.689213e+01 -1.074035e-02 9.984914e-01 -5.384698e-02 -4.891661e+00 -9.798694e-01 2.261920e-04 1.996395e-01 6.014105e+01
1.968095e-01 5.790671e-02 9.787302e-01 6.749645e+01 -1.159764e-02 9.983220e-01 -5.673373e-02 -4.935062e+00 -9.803732e-01 -1.852301e-04 1.971508e-01 6.026470e+01
1.946248e-01 6.170175e-02 9.789352e-01 6.809452e+01 -1.059743e-02 9.980936e-01 -6.080239e-02 -4.986296e+00 -9.808205e-01 1.459455e-03 1.949077e-01 6.038525e+01
1.924606e-01 6.249250e-02 9.793128e-01 6.868758e+01 -8.452276e-03 9.980387e-01 -6.202636e-02 -5.031468e+00 -9.812683e-01 3.660208e-03 1.926113e-01 6.050078e+01
1.901354e-01 6.117980e-02 9.798498e-01 6.927439e+01 -8.545332e-03 9.981218e-01 -6.066248e-02 -5.072849e+00 -9.817207e-01 3.160945e-03 1.903011e-01 6.061372e+01
1.879120e-01 5.847648e-02 9.804436e-01 6.985782e+01 -8.855097e-03 9.982864e-01 -5.784351e-02 -5.113938e+00 -9.821460e-01 2.187564e-03 1.881078e-01 6.073208e+01
1.858944e-01 5.473281e-02 9.810441e-01 7.043070e+01 -8.068111e-03 9.984987e-01 -5.417781e-02 -5.158531e+00 -9.825366e-01 2.156176e-03 1.860569e-01 6.084164e+01
1.839690e-01 5.338962e-02 9.814810e-01 7.098904e+01 -4.527375e-03 9.985592e-01 -5.347001e-02 -5.204635e+00 -9.829216e-01 5.393291e-03 1.839456e-01 6.093986e+01
1.818790e-01 5.504305e-02 9.817792e-01 7.154046e+01 -6.748916e-04 9.984388e-01 -5.585204e-02 -5.245700e+00 -9.833207e-01 9.495717e-03 1.816322e-01 6.104292e+01
1.796349e-01 5.693446e-02 9.820844e-01 7.208632e+01 3.913669e-03 9.982745e-01 -5.858891e-02 -5.287775e+00 -9.837256e-01 1.436817e-02 1.791022e-01 6.113580e+01
1.776510e-01 5.913609e-02 9.823151e-01 7.262058e+01 3.459502e-03 9.981491e-01 -6.071496e-02 -5.321249e+00 -9.840875e-01 1.418440e-02 1.771177e-01 6.122894e+01
1.761375e-01 6.117277e-02 9.824630e-01 7.316505e+01 2.969239e-03 9.980296e-01 -6.267436e-02 -5.366335e+00 -9.843611e-01 1.395647e-02 1.756088e-01 6.133557e+01
1.751523e-01 5.995074e-02 9.827144e-01 7.371294e+01 4.535230e-03 9.980846e-01 -6.169674e-02 -5.404050e+00 -9.845309e-01 1.526316e-02 1.745449e-01 6.143054e+01
1.756380e-01 5.786770e-02 9.827526e-01 7.425385e+01 1.067843e-02 9.981002e-01 -6.067987e-02 -5.446678e+00 -9.843969e-01 2.115194e-02 1.746864e-01 6.151874e+01
1.776547e-01 5.609848e-02 9.824926e-01 7.480660e+01 1.594015e-02 9.980789e-01 -5.987073e-02 -5.483312e+00 -9.839638e-01 2.629739e-02 1.764191e-01 6.161674e+01
1.798549e-01 5.497694e-02 9.821557e-01 7.535692e+01 1.877172e-02 9.980634e-01 -5.930492e-02 -5.524839e+00 -9.835140e-01 2.910303e-02 1.784746e-01 6.171310e+01
1.830131e-01 5.470724e-02 9.815871e-01 7.590275e+01 1.693604e-02 9.981269e-01 -5.878672e-02 -5.567526e+00 -9.829646e-01 2.738294e-02 1.817438e-01 6.182162e+01
1.884458e-01 5.487752e-02 9.805492e-01 7.646421e+01 1.529118e-02 9.981526e-01 -5.880143e-02 -5.608816e+00 -9.819645e-01 2.607463e-02 1.872585e-01 6.193932e+01
1.948935e-01 5.366201e-02 9.793554e-01 7.702720e+01 1.695787e-02 9.981686e-01 -5.806750e-02 -5.648597e+00 -9.806778e-01 2.792475e-02 1.936266e-01 6.205369e+01
2.022641e-01 5.335391e-02 9.778766e-01 7.758825e+01 1.531938e-02 9.982203e-01 -5.763255e-02 -5.689175e+00 -9.792112e-01 2.663746e-02 2.010868e-01 6.217699e+01
2.105493e-01 5.198926e-02 9.761998e-01 7.816182e+01 1.561645e-02 9.982786e-01 -5.653330e-02 -5.722941e+00 -9.774585e-01 2.714782e-02 2.093750e-01 6.231123e+01
2.196226e-01 5.122850e-02 9.742390e-01 7.874269e+01 1.311269e-02 9.983752e-01 -5.545365e-02 -5.769276e+00 -9.754968e-01 2.495376e-02 2.185940e-01 6.245301e+01
2.288302e-01 5.110507e-02 9.721240e-01 7.931613e+01 1.136941e-02 9.984126e-01 -5.516334e-02 -5.807934e+00 -9.734000e-01 2.367552e-02 2.278859e-01 6.259724e+01
2.388320e-01 5.403171e-02 9.695565e-01 7.990765e+01 6.944232e-03 9.983302e-01 -5.734580e-02 -5.850414e+00 -9.710361e-01 2.042884e-02 2.380580e-01 6.276043e+01
2.480792e-01 5.696389e-02 9.670635e-01 8.049077e+01 3.026452e-03 9.982192e-01 -5.957546e-02 -5.887318e+00 -9.687350e-01 1.770620e-02 2.474650e-01 6.291980e+01
2.590394e-01 5.929954e-02 9.640447e-01 8.110073e+01 -1.442924e-04 9.981159e-01 -6.135653e-02 -5.928213e+00 -9.658668e-01 1.575465e-02 2.585599e-01 6.310048e+01
2.694166e-01 6.077387e-02 9.611042e-01 8.171108e+01 -1.674727e-03 9.980348e-01 -6.263966e-02 -5.977064e+00 -9.630223e-01 1.526658e-02 2.689889e-01 6.328235e+01
2.794190e-01 6.143795e-02 9.582017e-01 8.233049e+01 -4.534556e-03 9.980241e-01 -6.266897e-02 -6.021259e+00 -9.601586e-01 1.316588e-02 2.791455e-01 6.347245e+01
2.894071e-01 6.138875e-02 9.552355e-01 8.294732e+01 -5.384162e-03 9.980300e-01 -6.250772e-02 -6.065733e+00 -9.571909e-01 1.294704e-02 2.891675e-01 6.366946e+01
2.994419e-01 6.150011e-02 9.521304e-01 8.357349e+01 -7.935165e-03 9.980464e-01 -6.197034e-02 -6.109445e+00 -9.540815e-01 1.100121e-02 2.993450e-01 6.387963e+01
3.114244e-01 5.758716e-02 9.485244e-01 8.427452e+01 -8.546168e-03 9.982914e-01 -5.780271e-02 -6.152750e+00 -9.502325e-01 9.894924e-03 3.113844e-01 6.411087e+01
3.210633e-01 4.973021e-02 9.457512e-01 8.490537e+01 -4.502239e-03 9.986892e-01 -5.098542e-02 -6.198808e+00 -9.470471e-01 1.211155e-02 3.208663e-01 6.432785e+01
3.323468e-01 4.511227e-02 9.420778e-01 8.558853e+01 -2.832974e-03 9.988987e-01 -4.683377e-02 -6.246146e+00 -9.431530e-01 1.289617e-02 3.321086e-01 6.457111e+01
3.426942e-01 4.230272e-02 9.384941e-01 8.626595e+01 -2.236006e-03 9.990196e-01 -4.421442e-02 -6.280739e+00 -9.394443e-01 1.305355e-02 3.424528e-01 6.482253e+01
3.518006e-01 4.011690e-02 9.352149e-01 8.694259e+01 1.413080e-03 9.990573e-01 -4.338704e-02 -6.324471e+00 -9.360739e-01 1.658512e-02 3.514123e-01 6.507191e+01
3.603728e-01 3.597508e-02 9.321144e-01 8.763816e+01 7.923002e-03 9.991019e-01 -4.162365e-02 -6.354342e+00 -9.327747e-01 2.238518e-02 3.597642e-01 6.533311e+01
3.683043e-01 2.603368e-02 9.293407e-01 8.838152e+01 1.755621e-02 9.992349e-01 -3.494927e-02 -6.390861e+00 -9.295395e-01 2.918767e-02 3.675654e-01 6.560931e+01
3.748617e-01 2.060694e-02 9.268517e-01 8.907407e+01 2.403422e-02 9.992009e-01 -3.193605e-02 -6.432089e+00 -9.267691e-01 3.424776e-02 3.740669e-01 6.588338e+01
3.823020e-01 2.013540e-02 9.238180e-01 8.979853e+01 2.797658e-02 9.990520e-01 -3.335269e-02 -6.463370e+00 -9.236138e-01 3.859607e-02 3.813763e-01 6.618373e+01
3.894811e-01 2.625866e-02 9.206601e-01 9.050268e+01 2.983858e-02 9.987091e-01 -4.110781e-02 -6.507639e+00 -9.205510e-01 4.348191e-02 3.881947e-01 6.648061e+01
3.967346e-01 3.106657e-02 9.174075e-01 9.121919e+01 3.295581e-02 9.983007e-01 -4.805769e-02 -6.548616e+00 -9.173416e-01 4.930006e-02 3.950366e-01 6.678444e+01
4.021653e-01 3.304437e-02 9.149706e-01 9.192778e+01 3.174313e-02 9.982444e-01 -5.000417e-02 -6.595869e+00 -9.150166e-01 4.915397e-02 4.004103e-01 6.709887e+01
4.064912e-01 3.476730e-02 9.129930e-01 9.261901e+01 2.486977e-02 9.984844e-01 -4.909561e-02 -6.641210e+00 -9.133162e-01 4.266286e-02 4.050105e-01 6.742277e+01
4.106661e-01 3.778054e-02 9.110028e-01 9.331536e+01 1.944162e-02 9.985512e-01 -5.017528e-02 -6.687410e+00 -9.115785e-01 3.831666e-02 4.093366e-01 6.775584e+01
4.146315e-01 4.072396e-02 9.090777e-01 9.400174e+01 1.812084e-02 9.984305e-01 -5.299164e-02 -6.747828e+00 -9.098090e-01 3.844525e-02 4.132428e-01 6.807560e+01
4.183022e-01 4.495687e-02 9.071947e-01 9.466321e+01 1.554079e-02 9.982739e-01 -5.663615e-02 -6.796015e+00 -9.081750e-01 3.778955e-02 4.168815e-01 6.838985e+01
4.220079e-01 4.813386e-02 9.053135e-01 9.533894e+01 1.180323e-02 9.982132e-01 -5.857519e-02 -6.854194e+00 -9.065153e-01 3.540482e-02 4.206857e-01 6.871306e+01
4.259999e-01 4.687716e-02 9.035079e-01 9.599956e+01 1.104950e-02 9.983127e-01 -5.700575e-02 -6.902572e+00 -9.046557e-01 3.426776e-02 4.247632e-01 6.902922e+01
4.296881e-01 4.365909e-02 9.019213e-01 9.664629e+01 1.180652e-02 9.984734e-01 -5.395766e-02 -6.960820e+00 -9.029002e-01 3.383352e-02 4.285167e-01 6.933907e+01
4.333732e-01 4.140304e-02 9.002630e-01 9.729428e+01 1.150340e-02 9.986086e-01 -5.146351e-02 -7.010429e+00 -9.011411e-01 3.265899e-02 4.322940e-01 6.965528e+01
4.364817e-01 4.036544e-02 8.988072e-01 9.791334e+01 1.043495e-02 9.986988e-01 -4.991903e-02 -7.062564e+00 -8.996526e-01 3.116775e-02 4.354925e-01 6.996297e+01
4.400837e-01 4.184391e-02 8.969813e-01 9.853682e+01 8.363020e-03 9.986794e-01 -5.069123e-02 -7.107817e+00 -8.979178e-01 2.980986e-02 4.391526e-01 7.027668e+01
4.429402e-01 4.204983e-02 8.955645e-01 9.914561e+01 9.248035e-03 9.986321e-01 -5.146322e-02 -7.158296e+00 -8.965035e-01 3.107734e-02 4.419454e-01 7.057950e+01
4.451676e-01 4.005155e-02 8.945511e-01 9.974899e+01 1.161813e-02 9.986568e-01 -5.049434e-02 -7.201132e+00 -8.953719e-01 3.287146e-02 4.441044e-01 7.087768e+01
4.466097e-01 3.861754e-02 8.938951e-01 1.003341e+02 1.351994e-02 9.986628e-01 -4.989851e-02 -7.248599e+00 -8.946267e-01 3.437056e-02 4.454904e-01 7.116802e+01
4.486315e-01 3.852010e-02 8.928863e-01 1.009256e+02 1.216305e-02 9.987150e-01 -4.919700e-02 -7.291425e+00 -8.936341e-01 3.293154e-02 4.475865e-01 7.147219e+01
4.505655e-01 3.754108e-02 8.919537e-01 1.015020e+02 1.373900e-02 9.987055e-01 -4.897430e-02 -7.335166e+00 -8.926377e-01 3.432068e-02 4.494665e-01 7.176133e+01
4.527827e-01 3.939833e-02 8.907500e-01 1.020559e+02 1.326691e-02 9.986150e-01 -5.091304e-02 -7.375864e+00 -8.915222e-01 3.487005e-02 4.516329e-01 7.204321e+01
4.557517e-01 3.946216e-02 8.892318e-01 1.026188e+02 1.559828e-02 9.985093e-01 -5.230613e-02 -7.421030e+00 -8.899703e-01 3.770909e-02 4.544567e-01 7.233007e+01
4.588062e-01 3.824220e-02 8.877130e-01 1.031679e+02 1.846611e-02 9.984472e-01 -5.255660e-02 -7.467271e+00 -8.883445e-01 4.050590e-02 4.573875e-01 7.261219e+01
4.617374e-01 3.638409e-02 8.862702e-01 1.036996e+02 2.112136e-02 9.984241e-01 -5.199236e-02 -7.505534e+00 -8.867652e-01 4.272604e-02 4.602413e-01 7.288434e+01
4.651679e-01 3.508597e-02 8.845269e-01 1.042358e+02 2.289191e-02 9.984033e-01 -5.164176e-02 -7.547164e+00 -8.849264e-01 4.427060e-02 4.636220e-01 7.316945e+01
4.683773e-01 3.453747e-02 8.828533e-01 1.047574e+02 2.334373e-02 9.984031e-01 -5.144229e-02 -7.588407e+00 -8.832201e-01 4.470349e-02 4.668231e-01 7.344620e+01
