1.000000e+00 0.000000e+00 0.000000e+00 0.000000e+00 0.000000e+00 1.000000e+00 0.000000e+00 0.000000e+00 0.000000e+00 0.000000e+00 1.000000e+00 0.000000e+00
9.999999e-01 -4.253590e-04 -1.073443e-04 -4.661074e-03 4.255588e-04 9.999982e-01 1.868320e-03 -2.399448e-02 1.065494e-04 -1.868365e-03 9.999982e-01 1.303421e+00
9.999986e-01 -1.695419e-03 -2.859751e-05 -7.368149e-03 1.695483e-03 9.999956e-01 2.414389e-03 -4.506796e-02 2.450398e-05 -2.414434e-03 9.999971e-01 2.594299e+00
9.999961e-01 -2.739963e-03 -4.941918e-04 -1.041947e-02 2.740916e-03 9.999944e-01 1.938679e-03 -7.275009e-02 4.888772e-04 -1.940026e-03 9.999980e-01 3.913563e+00
9.999954e-01 -3.030520e-03 2.200994e-04 -1.149775e-02 3.029992e-03 9.999926e-01 2.360622e-03 -9.510642e-02 -2.272517e-04 -2.359945e-03 9.999972e-01 5.211089e+00
9.999947e-01 -3.267586e-03 -9.276402e-05 -1.595563e-02 3.267897e-03 9.999883e-01 3.574938e-03 -1.141078e-01 8.108151e-05 -3.575223e-03 9.999936e-01 6.539568e+00
9.999904e-01 -4.379638e-03 1.248443e-04 -1.607893e-02 4.378908e-03 9.999761e-01 5.347247e-03 -1.400524e-01 -1.482603e-04 -5.346649e-03 9.999857e-01 7.863151e+00
9.999898e-01 -4.498784e-03 4.278280e-04 -1.808778e-02 4.496028e-03 9.999704e-01 6.238488e-03 -1.560746e-01 -4.558810e-04 -6.236501e-03 9.999804e-01 9.171632e+00
9.999944e-01 -3.329684e-03 -2.650228e-04 -2.327469e-02 3.330956e-03 9.999822e-01 4.953261e-03 -1.782615e-01 2.485253e-04 -4.954116e-03 9.999877e-01 1.050400e+01
9.999999e-01 -3.235987e-04 3.008297e-04 -3.170257e-02 3.227572e-04 9.999960e-01 2.793054e-03 -1.945456e-01 -3.017323e-04 -2.792956e-03 9.999961e-01 1.181005e+01
9.999955e-01 2.996223e-03 2.403012e-05 -4.463030e-02 -2.996266e-03 9.999934e-01 2.046993e-03 -2.177591e-01 -1.789671e-05 -2.047056e-03 9.999979e-01 1.315494e+01
9.999851e-01 5.450035e-03 1.691197e-04 -5.576587e-02 -5.450389e-03 9.999828e-01 2.167050e-03 -2.378744e-01 -1.573063e-04 -2.167940e-03 9.999976e-01 1.448707e+01
9.999807e-01 6.143682e-03 9.311729e-04 -6.006070e-02 -6.146956e-03 9.999748e-01 3.555312e-03 -2.594839e-01 -9.093067e-04 -3.560968e-03 9.999932e-01 1.581461e+01
9.999909e-01 4.179811e-03 8.039549e-04 -6.094676e-02 -4.184832e-03 9.999711e-01 6.348878e-03 -2.797323e-01 -7.773945e-04 -6.352185e-03 9.999795e-01 1.717261e+01
9.999988e-01 -3.125534e-04 1.546765e-03 -5.541228e-02 2.996139e-04 9.999650e-01 8.358669e-03 -2.981037e-01 -1.549324e-03 -8.358195e-03 9.999639e-01 1.850318e+01
9.999958e-01 -2.755540e-03 9.343107e-04 -5.480304e-02 2.749068e-03 9.999727e-01 6.858859e-03 -3.205870e-01 -9.531851e-04 -6.856261e-03 9.999760e-01 1.984936e+01
9.999922e-01 -3.613853e-03 1.564733e-03 -5.254042e-02 3.606707e-03 9.999832e-01 4.545840e-03 -3.332805e-01 -1.581135e-03 -4.540162e-03 9.999884e-01 2.118061e+01
9.999974e-01 -1.547969e-03 1.699874e-03 -5.742306e-02 1.541476e-03 9.999915e-01 3.814744e-03 -3.632435e-01 -1.705765e-03 -3.812113e-03 9.999913e-01 2.254110e+01
9.999966e-01 8.142457e-04 2.492602e-03 -6.891121e-02 -8.272572e-04 9.999860e-01 5.223480e-03 -3.686413e-01 -2.488314e-03 -5.225524e-03 9.999833e-01 2.389793e+01
9.999932e-01 6.752000e-04 3.634187e-03 -7.191339e-02 -7.100940e-04 9.999536e-01 9.608903e-03 -3.801966e-01 -3.627531e-03 -9.611418e-03 9.999472e-01 2.526439e+01
9.999919e-01 -1.544878e-03 3.721045e-03 -6.811758e-02 1.504574e-03 9.999404e-01 1.080995e-02 -3.907221e-01 -3.737524e-03 -1.080426e-02 9.999346e-01 2.663307e+01
9.999795e-01 -5.021258e-03 3.972762e-03 -6.111419e-02 4.980804e-03 9.999363e-01 1.012786e-02 -4.137497e-01 -4.023364e-03 -1.010787e-02 9.999408e-01 2.799178e+01
9.999778e-01 -5.640246e-03 3.544954e-03 -6.504275e-02 5.614107e-03 9.999573e-01 7.340903e-03 -4.191342e-01 -3.586207e-03 -7.320838e-03 9.999668e-01 2.936084e+01
9.999744e-01 -5.530058e-03 4.549033e-03 -5.950696e-02 5.504895e-03 9.999696e-01 5.525687e-03 -4.461735e-01 -4.579452e-03 -5.500503e-03 9.999744e-01 3.073203e+01
9.999849e-01 -2.610836e-03 4.840938e-03 -6.830257e-02 2.588749e-03 9.999862e-01 4.563155e-03 -4.552275e-01 -4.852785e-03 -4.550554e-03 9.999779e-01 3.210870e+01
9.999846e-01 -1.556242e-03 5.322244e-03 -6.912167e-02 1.540808e-03 9.999946e-01 2.902794e-03 -4.786405e-01 -5.326732e-03 -2.894548e-03 9.999816e-01 3.348870e+01
9.999832e-01 -8.749275e-04 5.738682e-03 -7.202252e-02 8.550872e-04 9.999937e-01 3.458826e-03 -4.957618e-01 -5.741672e-03 -3.453861e-03 9.999776e-01 3.487513e+01
9.999843e-01 -1.400243e-03 5.430404e-03 -6.734436e-02 1.370571e-03 9.999841e-01 5.464060e-03 -5.188074e-01 -5.437969e-03 -5.456532e-03 9.999703e-01 3.625563e+01
9.999850e-01 4.547597e-05 5.475707e-03 -6.591669e-02 -8.599233e-05 9.999726e-01 7.399286e-03 -5.360477e-01 -5.475220e-03 -7.399646e-03 9.999576e-01 3.765013e+01
9.999830e-01 2.391546e-03 5.319797e-03 -6.859129e-02 -2.434857e-03 9.999638e-01 8.150129e-03 -5.521832e-01 -5.300113e-03 -8.162943e-03 9.999526e-01 3.903581e+01
9.999720e-01 4.862348e-03 5.694156e-03 -7.258118e-02 -4.909496e-03 9.999535e-01 8.295588e-03 -5.673368e-01 -5.653555e-03 -8.323311e-03 9.999494e-01 4.042936e+01
9.999591e-01 6.819971e-03 5.932692e-03 -7.817495e-02 -6.873634e-03 9.999352e-01 9.072422e-03 -5.800493e-01 -5.870434e-03 -9.112830e-03 9.999412e-01 4.183586e+01
9.999518e-01 8.046862e-03 5.627118e-03 -7.946099e-02 -8.100709e-03 9.999210e-01 9.612797e-03 -5.937650e-01 -5.549321e-03 -9.657917e-03 9.999380e-01 4.322579e+01
9.999626e-01 6.660792e-03 5.518885e-03 -8.166257e-02 -6.715469e-03 9.999280e-01 9.948708e-03 -6.074080e-01 -5.452221e-03 -9.985398e-03 9.999353e-01 4.464011e+01
9.999715e-01 5.852249e-03 4.770194e-03 -8.230579e-02 -5.898329e-03 9.999355e-01 9.703698e-03 -6.209938e-01 -4.713098e-03 -9.731558e-03 9.999415e-01 4.603524e+01
9.999771e-01 5.373284e-03 4.106198e-03 -8.447862e-02 -5.416524e-03 9.999292e-01 1.059294e-02 -6.355385e-01 -4.048988e-03 -1.061494e-02 9.999355e-01 4.745585e+01
9.999802e-01 5.467230e-03 3.114479e-03 -8.680261e-02 -5.504065e-03 9.999135e-01 1.194377e-02 -6.473468e-01 -3.048910e-03 -1.196067e-02 9.999238e-01 4.885659e+01
9.999786e-01 6.174293e-03 2.178211e-03 -9.015409e-02 -6.201268e-03 9.999014e-01 1.260258e-02 -6.588724e-01 -2.100184e-03 -1.261582e-02 9.999182e-01 5.027324e+01
9.999787e-01 6.415721e-03 1.169905e-03 -9.489723e-02 -6.430645e-03 9.998918e-01 1.323377e-02 -6.687863e-01 -1.084874e-03 -1.324101e-02 9.999117e-01 5.171042e+01
9.999784e-01 6.578834e-03 -5.971011e-06 -9.913611e-02 -6.578029e-03 9.998694e-01 1.476014e-02 -6.774767e-01 1.030747e-04 -1.475978e-02 9.998911e-01 5.311386e+01
9.999852e-01 5.425929e-03 -4.329094e-04 -1.059726e-01 -5.418197e-03 9.998539e-01 1.621485e-02 -6.850751e-01 5.208267e-04 -1.621227e-02 9.998684e-01 5.455502e+01
9.999917e-01 3.970497e-03 -9.357363e-04 -1.097462e-01 -3.954176e-03 9.998504e-01 1.684166e-02 -6.925879e-01 1.002466e-03 -1.683782e-02 9.998577e-01 5.595693e+01
9.999972e-01 1.952467e-03 -1.318511e-03 -1.160143e-01 -1.930091e-03 9.998576e-01 1.676390e-02 -7.003582e-01 1.351054e-03 -1.676131e-02 9.998586e-01 5.737692e+01
9.999988e-01 1.117600e-03 -1.111301e-03 -1.234305e-01 -1.097844e-03 9.998441e-01 1.762104e-02 -7.071171e-01 1.130821e-03 -1.761980e-02 9.998441e-01 5.882049e+01
9.999997e-01 3.872802e-04 -6.980685e-04 -1.266990e-01 -3.740899e-04 9.998232e-01 1.879753e-02 -7.154160e-01 7.052250e-04 -1.879726e-02 9.998231e-01 6.021696e+01
9.999995e-01 -1.017776e-03 -8.981591e-05 -1.316594e-01 1.019375e-03 9.997978e-01 2.008241e-02 -7.196453e-01 6.935835e-05 -2.008249e-02 9.997983e-01 6.165623e+01
9.999966e-01 -2.609999e-03 2.835362e-04 -1.321137e-01 2.603736e-03 9.997923e-01 2.021177e-02 -7.258104e-01 -3.362300e-04 -2.021096e-02 9.997957e-01 6.304975e+01
9.999938e-01 -3.412181e-03 8.173390e-04 -1.351569e-01 3.395404e-03 9.997998e-01 1.971702e-02 -7.289778e-01 -8.844535e-04 -1.971412e-02 9.998053e-01 6.445793e+01
9.999926e-01 -3.502010e-03 1.578582e-03 -1.382062e-01 3.469727e-03 9.997938e-01 2.000924e-02 -7.343387e-01 -1.648329e-03 -2.000362e-02 9.997985e-01 6.588549e+01
9.999961e-01 -1.689350e-03 2.221392e-03 -1.434587e-01 1.643946e-03 9.997929e-01 2.028478e-02 -7.380603e-01 -2.255200e-03 -2.028105e-02 9.997918e-01 6.726128e+01
9.999949e-01 1.334866e-03 2.884571e-03 -1.490782e-01 -1.397716e-03 9.997593e-01 2.189708e-02 -7.414292e-01 -2.854647e-03 -2.190100e-02 9.997561e-01 6.868322e+01
9.999802e-01 5.155152e-03 3.621017e-03 -1.569680e-01 -5.239299e-03 9.997071e-01 2.362654e-02 -7.433218e-01 -3.498158e-03 -2.364505e-02 9.997143e-01 7.005727e+01
9.999491e-01 9.026210e-03 4.498206e-03 -1.653710e-01 -9.135200e-03 9.996500e-01 2.482874e-02 -7.433106e-01 -4.272522e-03 -2.486857e-02 9.996816e-01 7.146915e+01
9.998921e-01 1.379472e-02 5.042486e-03 -1.742455e-01 -1.391515e-02 9.995984e-01 2.468445e-02 -7.391353e-01 -4.699946e-03 -2.475195e-02 9.996826e-01 7.284288e+01
9.998327e-01 1.732796e-02 5.863873e-03 -1.812445e-01 -1.746507e-02 9.995546e-01 2.419933e-02 -7.361716e-01 -5.441936e-03 -2.429770e-02 9.996900e-01 7.423239e+01
9.997881e-01 1.945572e-02 6.722512e-03 -1.864631e-01 -1.961561e-02 9.995049e-01 2.459937e-02 -7.337623e-01 -6.240585e-03 -2.472602e-02 9.996748e-01 7.562768e+01
9.997814e-01 1.967754e-02 7.065131e-03 -1.852647e-01 -1.985187e-02 9.994773e-01 2.551534e-02 -7.320067e-01 -6.559359e-03 -2.565002e-02 9.996495e-01 7.699116e+01
9.998011e-01 1.862619e-02 7.127647e-03 -1.804488e-01 -1.880609e-02 9.994833e-01 2.606578e-02 -7.308500e-01 -6.638458e-03 -2.619464e-02 9.996348e-01 7.838219e+01
9.998162e-01 1.787344e-02 6.939941e-03 -1.757174e-01 -1.804404e-02 9.995158e-01 2.535029e-02 -7.269787e-01 -6.483483e-03 -2.547086e-02 9.996545e-01 7.974052e+01
9.998254e-01 1.747178e-02 6.633673e-03 -1.714085e-01 -1.763790e-02 9.995097e-01 2.586917e-02 -7.249459e-01 -6.178441e-03 -2.598166e-02 9.996433e-01 8.111122e+01
9.998260e-01 1.757209e-02 6.254919e-03 -1.692092e-01 -1.773230e-02 9.994901e-01 2.655292e-02 -7.198950e-01 -5.785140e-03 -2.665921e-02 9.996278e-01 8.248140e+01
9.998250e-01 1.777870e-02 5.822407e-03 -1.688382e-01 -1.792803e-02 9.994831e-01 2.668600e-02 -7.184129e-01 -5.344954e-03 -2.678571e-02 9.996269e-01 8.383233e+01
9.998163e-01 1.848544e-02 5.061059e-03 -1.692755e-01 -1.861776e-02 9.994489e-01 2.748147e-02 -7.117301e-01 -4.550263e-03 -2.757064e-02 9.996095e-01 8.519220e+01
9.998341e-01 1.775384e-02 4.059080e-03 -1.705430e-01 -1.786299e-02 9.994297e-01 2.865504e-02 -7.072475e-01 -3.548029e-03 -2.872279e-02 9.995811e-01 8.653572e+01
9.998642e-01 1.623359e-02 2.844332e-03 -1.684800e-01 -1.631203e-02 9.994122e-01 3.015386e-02 -7.004150e-01 -2.353155e-03 -3.019616e-02 9.995412e-01 8.788880e+01
9.998952e-01 1.438249e-02 1.660705e-03 -1.692973e-01 -1.442724e-02 9.994110e-01 3.113649e-02 -6.911806e-01 -1.211907e-03 -3.115719e-02 9.995138e-01 8.923953e+01
9.999171e-01 1.284302e-02 8.746740e-04 -1.700891e-01 -1.286426e-02 9.994174e-01 3.161252e-02 -6.822534e-01 -4.681641e-04 -3.162115e-02 9.994998e-01 9.057785e+01
9.999300e-01 1.182635e-02 3.594089e-04 -1.743378e-01 -1.183180e-02 9.994257e-01 3.175252e-02 -6.711277e-01 1.631397e-05 -3.175455e-02 9.994957e-01 9.192869e+01
9.999395e-01 1.100139e-02 1.144255e-04 -1.792762e-01 -1.099945e-02 9.994320e-01 3.185468e-02 -6.609536e-01 2.360854e-04 -3.185401e-02 9.994925e-01 9.326871e+01
9.999304e-01 1.179445e-02 3.170906e-05 -1.867127e-01 -1.178948e-02 9.994231e-01 3.185030e-02 -6.484766e-01 3.439660e-04 -3.184846e-02 9.994926e-01 9.460915e+01
9.999301e-01 1.182380e-02 6.403562e-05 -1.923043e-01 -1.181989e-02 9.994275e-01 3.170103e-02 -6.376107e-01 3.108277e-04 -3.169957e-02 9.994974e-01 9.594111e+01
9.999164e-01 1.292832e-02 2.374967e-04 -2.004466e-01 -1.292941e-02 9.994232e-01 3.140323e-02 -6.280393e-01 1.686315e-04 -3.140368e-02 9.995068e-01 9.726869e+01
9.998935e-01 1.458110e-02 6.003346e-04 -2.107255e-01 -1.459285e-02 9.993792e-01 3.206786e-02 -6.147690e-01 -1.323772e-04 -3.207321e-02 9.994855e-01 9.859636e+01
9.998827e-01 1.529160e-02 8.127801e-04 -2.165913e-01 -1.531037e-02 9.993080e-01 3.389862e-02 -6.052448e-01 -2.938535e-04 -3.390709e-02 9.994249e-01 9.991902e+01
9.998685e-01 1.619490e-02 8.248756e-04 -2.253884e-01 -1.621399e-02 9.992370e-01 3.553268e-02 -5.882025e-01 -2.487979e-04 -3.554138e-02 9.993682e-01 1.012298e+02
9.998749e-01 1.579065e-02 9.281405e-04 -2.312830e-01 -1.581339e-02 9.992682e-01 3.482707e-02 -5.757433e-01 -3.775194e-04 -3.483739e-02 9.993929e-01 1.025605e+02
9.998706e-01 1.604989e-02 1.074237e-03 -2.377458e-01 -1.607623e-02 9.993482e-01 3.232161e-02 -5.596132e-01 -5.547782e-04 -3.233470e-02 9.994769e-01 1.038787e+02
9.998750e-01 1.578034e-02 9.510892e-04 -2.420707e-01 -1.580235e-02 9.993871e-01 3.123741e-02 -5.444578e-01 -4.575692e-04 -3.124854e-02 9.995115e-01 1.051716e+02
9.999043e-01 1.378747e-02 1.094085e-03 -2.475262e-01 -1.381604e-02 9.993615e-01 3.295012e-02 -5.338090e-01 -6.390875e-04 -3.296209e-02 9.994564e-01 1.064939e+02
9.999381e-01 1.100362e-02 1.619581e-03 -2.476541e-01 -1.105352e-02 9.993278e-01 3.495508e-02 -5.156427e-01 -1.233859e-03 -3.497082e-02 9.993876e-01 1.077809e+02
9.999525e-01 9.424485e-03 2.505049e-03 -2.508634e-01 -9.508647e-03 9.993055e-01 3.602935e-02 -5.023043e-01 -2.163751e-03 -3.605145e-02 9.993476e-01 1.091080e+02
9.999549e-01 8.933277e-03 3.222263e-03 -2.507856e-01 -9.041077e-03 9.993410e-01 3.515538e-02 -4.871405e-01 -2.906086e-03 -3.518293e-02 9.993767e-01 1.104289e+02
9.999313e-01 1.105701e-02 3.897088e-03 -2.550951e-01 -1.117904e-02 9.993987e-01 3.282197e-02 -4.691933e-01 -3.531832e-03 -3.286328e-02 9.994536e-01 1.117199e+02
9.998912e-01 1.390590e-02 4.929346e-03 -2.563936e-01 -1.405226e-02 9.994201e-01 3.101587e-02 -4.570866e-01 -4.495184e-03 -3.108176e-02 9.995067e-01 1.130537e+02
9.998399e-01 1.670483e-02 6.409578e-03 -2.623922e-01 -1.689576e-02 9.993769e-01 3.099055e-02 -4.387133e-01 -5.887892e-03 -3.109388e-02 9.994991e-01 1.143463e+02
9.998071e-01 1.798696e-02 7.887007e-03 -2.636202e-01 -1.823987e-02 9.992802e-01 3.326314e-02 -4.239244e-01 -7.283027e-03 -3.340058e-02 9.994155e-01 1.156642e+02
9.998017e-01 1.785499e-02 8.819180e-03 -2.591190e-01 -1.815883e-02 9.991988e-01 3.566605e-02 -4.062961e-01 -8.175296e-03 -3.581912e-02 9.993248e-01 1.169515e+02
9.997994e-01 1.754361e-02 9.658919e-03 -2.532062e-01 -1.788707e-02 9.991662e-01 3.670159e-02 -3.898494e-01 -9.006986e-03 -3.686700e-02 9.992796e-01 1.182915e+02
9.997791e-01 1.808386e-02 1.071159e-02 -2.462977e-01 -1.846347e-02 9.991642e-01 3.646977e-02 -3.698275e-01 -1.004312e-02 -3.665949e-02 9.992773e-01 1.196090e+02
9.997350e-01 1.962755e-02 1.202496e-02 -2.420839e-01 -2.005413e-02 9.991344e-01 3.644502e-02 -3.500668e-01 -1.129922e-02 -3.667652e-02 9.992633e-01 1.209025e+02
9.996809e-01 2.156697e-02 1.315535e-02 -2.353251e-01 -2.203452e-02 9.990908e-01 3.649720e-02 -3.275469e-01 -1.235626e-02 -3.677542e-02 9.992472e-01 1.222427e+02
9.996429e-01 2.250846e-02 1.440570e-02 -2.280780e-01 -2.301069e-02 9.990975e-01 3.570340e-02 -3.081477e-01 -1.358907e-02 -3.602214e-02 9.992586e-01 1.235435e+02
9.995955e-01 2.390501e-02 1.540874e-02 -2.169000e-01 -2.443525e-02 9.990817e-01 3.519520e-02 -2.873812e-01 -1.455325e-02 -3.555748e-02 9.992617e-01 1.248752e+02
9.996037e-01 2.290919e-02 1.636029e-02 -2.039184e-01 -2.347656e-02 9.990984e-01 3.537372e-02 -2.692725e-01 -1.553516e-02 -3.574378e-02 9.992402e-01 1.262000e+02
9.995901e-01 2.278251e-02 1.733808e-02 -1.894381e-01 -2.340802e-02 9.990494e-01 3.677318e-02 -2.503121e-01 -1.648381e-02 -3.716396e-02 9.991732e-01 1.275107e+02
9.996018e-01 2.161909e-02 1.813309e-02 -1.713333e-01 -2.230247e-02 9.990146e-01 3.837163e-02 -2.269265e-01 -1.728567e-02 -3.876077e-02 9.990990e-01 1.288396e+02
9.996121e-01 2.084840e-02 1.846416e-02 -1.512376e-01 -2.155552e-02 9.990081e-01 3.896386e-02 -2.060709e-01 -1.763351e-02 -3.934676e-02 9.990700e-01 1.301498e+02
9.996451e-01 1.919393e-02 1.847346e-02 -1.308846e-01 -1.991512e-02 9.990139e-01 3.968096e-02 -1.832861e-01 -1.769361e-02 -4.003478e-02 9.990416e-01 1.314782e+02
9.996827e-01 1.734426e-02 1.826893e-02 -1.108012e-01 -1.808036e-02 9.989985e-01 4.092897e-02 -1.573605e-01 -1.754075e-02 -4.124629e-02 9.989950e-01 1.327975e+02
9.997168e-01 1.592494e-02 1.768224e-02 -9.074118e-02 -1.664173e-02 9.990140e-01 4.115920e-02 -1.334478e-01 -1.700935e-02 -4.144180e-02 9.989961e-01 1.341127e+02
9.997474e-01 1.527310e-02 1.648872e-02 -7.394357e-02 -1.594689e-02 9.990097e-01 4.153684e-02 -1.075376e-01 -1.583800e-02 -4.178930e-02 9.990009e-01 1.354497e+02
9.997866e-01 1.374707e-02 1.541997e-02 -5.433120e-02 -1.439792e-02 9.989746e-01 4.292285e-02 -7.956286e-02 -1.481410e-02 -4.313571e-02 9.989594e-01 1.367707e+02
9.998160e-01 1.271735e-02 1.436199e-02 -3.869647e-02 -1.333454e-02 9.989544e-01 4.372929e-02 -5.275049e-02 -1.379085e-02 -4.391276e-02 9.989402e-01 1.381012e+02
9.998420e-01 1.202671e-02 1.308903e-02 -2.404494e-02 -1.259412e-02 9.989447e-01 4.416816e-02 -2.438384e-02 -1.254402e-02 -4.432603e-02 9.989384e-01 1.394302e+02
9.998522e-01 1.241988e-02 1.188978e-02 -1.432442e-02 -1.293433e-02 9.989382e-01 4.421710e-02 3.609598e-03 -1.132799e-02 -4.436436e-02 9.989512e-01 1.407658e+02
9.998652e-01 1.230047e-02 1.087982e-02 -4.638791e-03 -1.276916e-02 9.989449e-01 4.411336e-02 3.686458e-02 -1.032572e-02 -4.424634e-02 9.989673e-01 1.421008e+02
9.998899e-01 1.107757e-02 9.872482e-03 5.772331e-03 -1.148201e-02 9.990559e-01 4.189807e-02 6.315128e-02 -9.399033e-03 -4.200681e-02 9.990731e-01 1.434260e+02
9.999420e-01 6.153352e-03 8.835668e-03 1.517111e-02 -6.514463e-03 9.991198e-01 4.143990e-02 8.740020e-02 -8.572896e-03 -4.149506e-02 9.991019e-01 1.447540e+02
9.999682e-01 -1.435035e-03 7.839924e-03 3.371114e-02 1.085750e-03 9.990143e-01 4.437600e-02 1.180883e-01 -7.895877e-03 -4.436608e-02 9.989841e-01 1.460805e+02
9.999429e-01 -8.695130e-03 6.207416e-03 5.438755e-02 8.400631e-03 9.989066e-01 4.598875e-02 1.500127e-01 -6.600507e-03 -4.593398e-02 9.989227e-01 1.474079e+02
9.999239e-01 -1.132595e-02 4.897837e-03 6.660539e-02 1.110240e-02 9.989924e-01 4.348499e-02 1.792322e-01 -5.385410e-03 -4.342730e-02 9.990421e-01 1.487351e+02
9.999325e-01 -1.028313e-02 5.404548e-03 6.851536e-02 1.005717e-02 9.991372e-01 4.029406e-02 2.063423e-01 -5.814234e-03 -4.023698e-02 9.991732e-01 1.500686e+02
9.999550e-01 -7.127040e-03 6.267327e-03 6.654202e-02 6.883028e-03 9.992491e-01 3.812942e-02 2.365404e-01 -6.534371e-03 -3.808456e-02 9.992532e-01 1.513977e+02
9.999521e-01 -6.592490e-03 7.233431e-03 6.998852e-02 6.308378e-03 9.992340e-01 3.862135e-02 2.583850e-01 -7.482501e-03 -3.857387e-02 9.992277e-01 1.527314e+02
9.999198e-01 -9.911214e-03 7.885340e-03 8.059653e-02 9.573344e-03 9.990806e-01 4.178956e-02 2.891746e-01 -8.292275e-03 -4.171072e-02 9.990953e-01 1.540660e+02
9.998425e-01 -1.566800e-02 8.340735e-03 9.895045e-02 1.527563e-02 9.988615e-01 4.519210e-02 3.149004e-01 -9.039309e-03 -4.505757e-02 9.989435e-01 1.553896e+02
9.997825e-01 -1.913913e-02 8.286204e-03 1.163078e-01 1.873244e-02 9.987356e-01 4.665149e-02 3.481070e-01 -9.168596e-03 -4.648612e-02 9.988769e-01 1.567151e+02
9.997554e-01 -2.051595e-02 8.263749e-03 1.299744e-01 2.010453e-02 9.986869e-01 4.712078e-02 3.786042e-01 -9.219625e-03 -4.694312e-02 9.988550e-01 1.580493e+02
9.997803e-01 -1.878289e-02 9.303964e-03 1.372485e-01 1.831563e-02 9.986799e-01 4.798908e-02 4.170025e-01 -1.019306e-02 -4.780813e-02 9.988045e-01 1.593820e+02
9.998276e-01 -1.537552e-02 1.041319e-02 1.410967e-01 1.486275e-02 9.987536e-01 4.764832e-02 4.539998e-01 -1.113283e-02 -4.748533e-02 9.988099e-01 1.607174e+02
9.998684e-01 -1.151798e-02 1.142359e-02 1.455358e-01 1.098569e-02 9.988988e-01 4.561225e-02 4.904616e-01 -1.193637e-02 -4.548076e-02 9.988939e-01 1.620470e+02
9.998888e-01 -8.640407e-03 1.215490e-02 1.540474e-01 8.084659e-03 9.989520e-01 4.505114e-02 5.264790e-01 -1.253142e-02 -4.494786e-02 9.989107e-01 1.633900e+02
9.998957e-01 -7.226368e-03 1.250644e-02 1.640675e-01 6.635791e-03 9.988899e-01 4.663572e-02 5.621910e-01 -1.282956e-02 -4.654787e-02 9.988337e-01 1.647287e+02
9.999042e-01 -6.222497e-03 1.236085e-02 1.764538e-01 5.635284e-03 9.988797e-01 4.698555e-02 5.975793e-01 -1.263937e-02 -4.691140e-02 9.988191e-01 1.660601e+02
9.999214e-01 -3.935463e-03 1.190610e-02 1.852412e-01 3.398968e-03 9.989924e-01 4.474986e-02 6.328100e-01 -1.207021e-02 -4.470588e-02 9.989273e-01 1.673915e+02
9.999346e-01 -3.615476e-04 1.142709e-02 1.920671e-01 -1.201461e-04 9.991123e-01 4.212491e-02 6.658721e-01 -1.143217e-02 -4.212353e-02 9.990470e-01 1.687309e+02
9.999232e-01 5.241248e-03 1.123422e-02 1.954981e-01 -5.700081e-03 9.991344e-01 4.120730e-02 6.972116e-01 -1.100852e-02 -4.126817e-02 9.990875e-01 1.700645e+02
9.998928e-01 9.005617e-03 1.154306e-02 1.964985e-01 -9.487037e-03 9.990576e-01 4.235354e-02 7.315925e-01 -1.115076e-02 -4.245851e-02 9.990360e-01 1.714008e+02
9.998539e-01 1.188198e-02 1.228549e-02 1.985528e-01 -1.242094e-02 9.989203e-01 4.476658e-02 7.632103e-01 -1.174031e-02 -4.491264e-02 9.989219e-01 1.727376e+02
9.998495e-01 1.214386e-02 1.239300e-02 2.070539e-01 -1.271525e-02 9.988084e-01 4.711855e-02 7.987026e-01 -1.180603e-02 -4.726904e-02 9.988124e-01 1.740841e+02
9.998786e-01 1.041366e-02 1.158717e-02 2.193040e-01 -1.096447e-02 9.987613e-01 4.853486e-02 8.349263e-01 -1.106739e-02 -4.865601e-02 9.987543e-01 1.754400e+02
9.999217e-01 7.572445e-03 9.964733e-03 2.293553e-01 -8.054070e-03 9.987557e-01 4.921526e-02 8.775418e-01 -9.579654e-03 -4.929166e-02 9.987385e-01 1.768175e+02
9.999426e-01 7.315182e-03 7.827056e-03 2.362208e-01 -7.662563e-03 9.989434e-01 4.531332e-02 9.123665e-01 -7.487312e-03 -4.537070e-02 9.989422e-01 1.781514e+02
9.999336e-01 9.662192e-03 6.274764e-03 2.352354e-01 -9.913305e-03 9.990974e-01 4.130451e-02 9.461008e-01 -5.870009e-03 -4.136397e-02 9.991269e-01 1.795624e+02
9.998983e-01 1.312662e-02 5.573766e-03 2.282069e-01 -1.334127e-02 9.990944e-01 4.040179e-02 9.845801e-01 -5.038380e-03 -4.047205e-02 9.991680e-01 1.809408e+02
9.998387e-01 1.714204e-02 5.363976e-03 2.235517e-01 -1.735176e-02 9.989729e-01 4.185853e-02 1.014516e+00 -4.640926e-03 -4.194485e-02 9.991091e-01 1.822879e+02
9.998063e-01 1.888169e-02 5.561889e-03 2.206039e-01 -1.911395e-02 9.987959e-01 4.518097e-02 1.051250e+00 -4.702099e-03 -4.527853e-02 9.989633e-01 1.837017e+02
9.997921e-01 1.949627e-02 5.977579e-03 2.196523e-01 -1.975897e-02 9.986713e-01 4.759529e-02 1.085759e+00 -5.041705e-03 -4.770350e-02 9.988488e-01 1.850477e+02
9.997997e-01 1.904309e-02 6.158057e-03 2.192548e-01 -1.932197e-02 9.986147e-01 4.894218e-02 1.127510e+00 -5.217516e-03 -4.905137e-02 9.987826e-01 1.864734e+02
9.998229e-01 1.781832e-02 6.058806e-03 2.234520e-01 -1.809933e-02 9.985844e-01 5.001517e-02 1.167045e+00 -5.159043e-03 -5.011597e-02 9.987301e-01 1.878717e+02
9.998645e-01 1.530520e-02 6.068027e-03 2.303649e-01 -1.559494e-02 9.985775e-01 5.098824e-02 1.206881e+00 -5.279010e-03 -5.107596e-02 9.986808e-01 1.892401e+02
9.998913e-01 1.329388e-02 6.378572e-03 2.362357e-01 -1.360518e-02 9.985785e-01 5.153539e-02 1.249435e+00 -5.684399e-03 -5.161657e-02 9.986508e-01 1.906712e+02
9.999223e-01 1.050521e-02 6.706109e-03 2.442469e-01 -1.084590e-02 9.985373e-01 5.296881e-02 1.293473e+00 -6.139851e-03 -5.303743e-02 9.985736e-01 1.920448e+02
9.999513e-01 6.853717e-03 7.102252e-03 2.543230e-01 -7.233278e-03 9.984672e-01 5.487188e-02 1.340554e+00 -6.715289e-03 -5.492058e-02 9.984681e-01 1.934745e+02
9.999662e-01 3.672916e-03 7.359151e-03 2.646353e-01 -4.075756e-03 9.984507e-01 5.549456e-02 1.388064e+00 -7.143922e-03 -5.552268e-02 9.984319e-01 1.948673e+02
9.999533e-01 6.041337e-03 7.544997e-03 2.678232e-01 -6.421701e-03 9.986549e-01 5.144997e-02 1.435398e+00 -7.224022e-03 -5.149602e-02 9.986471e-01 1.962829e+02
9.998828e-01 1.307872e-02 7.957745e-03 2.640724e-01 -1.343405e-02 9.988340e-01 4.637079e-02 1.479149e+00 -7.341995e-03 -4.647226e-02 9.988926e-01 1.976949e+02
9.996984e-01 2.279861e-02 9.133649e-03 2.567090e-01 -2.319786e-02 9.986584e-01 4.629542e-02 1.523811e+00 -8.065924e-03 -4.649334e-02 9.988860e-01 1.991040e+02
9.994933e-01 3.005687e-02 1.047635e-02 2.457940e-01 -3.054513e-02 9.982787e-01 5.006612e-02 1.570220e+00 -8.953489e-03 -5.036076e-02 9.986910e-01 2.005298e+02
9.994379e-01 3.153670e-02 1.137304e-02 2.497204e-01 -3.209237e-02 9.981034e-01 5.253179e-02 1.614237e+00 -9.694792e-03 -5.286725e-02 9.985545e-01 2.019262e+02
9.994904e-01 2.999441e-02 1.092188e-02 2.602781e-01 -3.053609e-02 9.981080e-01 5.336723e-02 1.663709e+00 -9.300493e-03 -5.367354e-02 9.985152e-01 2.033651e+02
9.995941e-01 2.679772e-02 9.673064e-03 2.741436e-01 -2.728146e-02 9.981721e-01 5.392825e-02 1.711346e+00 -8.210228e-03 -5.417025e-02 9.984980e-01 2.047940e+02
9.996540e-01 2.488465e-02 8.528112e-03 2.863407e-01 -2.530953e-02 9.982209e-01 5.398550e-02 1.757227e+00 -7.169529e-03 -5.418266e-02 9.985053e-01 2.062106e+02
9.996448e-01 2.540934e-02 8.045270e-03 2.906546e-01 -2.580427e-02 9.982327e-01 5.353065e-02 1.810127e+00 -6.670873e-03 -5.371923e-02 9.985338e-01 2.076533e+02
9.996169e-01 2.653292e-02 7.879249e-03 2.930208e-01 -2.692195e-02 9.981646e-01 5.424651e-02 1.859363e+00 -6.425469e-03 -5.443785e-02 9.984965e-01 2.090695e+02
9.995865e-01 2.767925e-02 7.791162e-03 2.948349e-01 -2.807027e-02 9.980588e-01 5.559440e-02 1.911989e+00 -6.237227e-03 -5.579011e-02 9.984230e-01 2.105312e+02
9.996089e-01 2.695642e-02 7.443958e-03 2.984423e-01 -2.733025e-02 9.980693e-01 5.577478e-02 1.962738e+00 -5.926097e-03 -5.595642e-02 9.984156e-01 2.119747e+02
9.996144e-01 2.688183e-02 6.962790e-03 3.028331e-01 -2.722422e-02 9.981191e-01 5.492861e-02 2.015436e+00 -5.473113e-03 -5.509698e-02 9.984660e-01 2.133938e+02
9.996305e-01 2.633413e-02 6.728831e-03 3.061167e-01 -2.666427e-02 9.981361e-01 5.489350e-02 2.067820e+00 -5.270716e-03 -5.505263e-02 9.984695e-01 2.148435e+02
9.996301e-01 2.649582e-02 6.136827e-03 3.082278e-01 -2.679515e-02 9.981088e-01 5.532555e-02 2.121951e+00 -4.659325e-03 -5.546952e-02 9.984495e-01 2.162741e+02
9.996308e-01 2.652703e-02 5.883011e-03 3.081051e-01 -2.681256e-02 9.981042e-01 5.540003e-02 2.175163e+00 -4.402260e-03 -5.553731e-02 9.984469e-01 2.177264e+02
9.996348e-01 2.643141e-02 5.625660e-03 3.090935e-01 -2.670324e-02 9.981012e-01 5.550665e-02 2.228353e+00 -4.147858e-03 -5.563660e-02 9.984425e-01 2.191633e+02
9.996042e-01 2.765965e-02 5.142885e-03 3.074098e-01 -2.790295e-02 9.980649e-01 5.556932e-02 2.283550e+00 -3.595905e-03 -5.569083e-02 9.984416e-01 2.206166e+02
9.996132e-01 2.740333e-02 4.748478e-03 3.084427e-01 -2.762556e-02 9.980641e-01 5.572220e-02 2.337185e+00 -3.212311e-03 -5.583183e-02 9.984350e-01 2.220755e+02
9.995996e-01 2.795610e-02 4.369016e-03 3.061099e-01 -2.815730e-02 9.980289e-01 5.608503e-02 2.392948e+00 -2.792485e-03 -5.618559e-02 9.984164e-01 2.235241e+02
9.996227e-01 2.712043e-02 4.356639e-03 3.052840e-01 -2.732356e-02 9.980259e-01 5.654807e-02 2.445447e+00 -2.814430e-03 -5.664577e-02 9.983904e-01 2.249852e+02
9.996428e-01 2.636773e-02 4.360967e-03 3.053064e-01 -2.657248e-02 9.980428e-01 5.660825e-02 2.500915e+00 -2.859801e-03 -5.670391e-02 9.983869e-01 2.264453e+02
9.996615e-01 2.562562e-02 4.488573e-03 3.038512e-01 -2.584099e-02 9.980205e-01 5.733573e-02 2.554874e+00 -3.010425e-03 -5.743231e-02 9.983449e-01 2.279126e+02
9.996961e-01 2.421879e-02 4.607902e-03 3.063841e-01 -2.444715e-02 9.979863e-01 5.852985e-02 2.608950e+00 -3.181101e-03 -5.862471e-02 9.982750e-01 2.293859e+02
9.997029e-01 2.396077e-02 4.478345e-03 3.074632e-01 -2.418420e-02 9.979499e-01 5.925477e-02 2.667757e+00 -3.049374e-03 -5.934547e-02 9.982328e-01 2.308545e+02
9.997003e-01 2.407260e-02 4.451227e-03 3.053617e-01 -2.429462e-02 9.979394e-01 5.938657e-02 2.727425e+00 -3.012466e-03 -5.947691e-02 9.982251e-01 2.323253e+02
9.996780e-01 2.491812e-02 4.801749e-03 3.053103e-01 -2.515807e-02 9.979434e-01 5.895778e-02 2.788127e+00 -3.322757e-03 -5.905959e-02 9.982489e-01 2.338104e+02
9.996383e-01 2.637644e-02 5.253069e-03 3.032292e-01 -2.664425e-02 9.978446e-01 5.996860e-02 2.846890e+00 -3.659988e-03 -6.008688e-02 9.981864e-01 2.352887e+02
9.996333e-01 2.643646e-02 5.864969e-03 3.037625e-01 -2.675135e-02 9.976911e-01 6.242519e-02 2.909580e+00 -4.201126e-03 -6.255920e-02 9.980324e-01 2.367707e+02
9.996430e-01 2.590745e-02 6.526043e-03 3.068771e-01 -2.626891e-02 9.976500e-01 6.328053e-02 2.973244e+00 -4.871270e-03 -6.342937e-02 9.979744e-01 2.382569e+02
9.996204e-01 2.663543e-02 7.037804e-03 3.093612e-01 -2.702021e-02 9.977199e-01 6.184558e-02 3.037068e+00 -5.374473e-03 -6.201227e-02 9.980609e-01 2.397381e+02
9.996135e-01 2.671647e-02 7.686601e-03 3.131621e-01 -2.713417e-02 9.977896e-01 6.066014e-02 3.101296e+00 -6.048986e-03 -6.084527e-02 9.981289e-01 2.412312e+02
9.995877e-01 2.762103e-02 7.839483e-03 3.156029e-01 -2.805010e-02 9.977274e-01 6.126279e-02 3.167452e+00 -6.129526e-03 -6.145743e-02 9.980909e-01 2.427183e+02
9.995939e-01 2.737870e-02 7.902498e-03 3.202730e-01 -2.782220e-02 9.976322e-01 6.289549e-02 3.229197e+00 -6.161790e-03 -6.308981e-02 9.979888e-01 2.442184e+02
9.995921e-01 2.751739e-02 7.647483e-03 3.256267e-01 -2.795085e-02 9.975606e-01 6.396604e-02 3.293451e+00 -5.868649e-03 -6.415370e-02 9.979228e-01 2.457221e+02
9.995802e-01 2.800839e-02 7.411649e-03 3.297384e-01 -2.842853e-02 9.975147e-01 6.446835e-02 3.361580e+00 -5.587574e-03 -6.465199e-02 9.978922e-01 2.472262e+02
9.995392e-01 2.939673e-02 7.563444e-03 3.338454e-01 -2.982735e-02 9.974334e-01 6.509191e-02 3.432127e+00 -5.630542e-03 -6.528751e-02 9.978506e-01 2.487421e+02
9.994967e-01 3.074405e-02 7.815368e-03 3.352601e-01 -3.119199e-02 9.973496e-01 6.573376e-02 3.500553e+00 -5.773732e-03 -6.594445e-02 9.978066e-01 2.502561e+02
9.994829e-01 3.118291e-02 7.849344e-03 3.391622e-01 -3.163475e-02 9.973060e-01 6.618163e-02 3.576283e+00 -5.764461e-03 -6.639572e-02 9.977767e-01 2.517701e+02
9.995288e-01 2.967197e-02 7.859112e-03 3.424051e-01 -3.013224e-02 9.973014e-01 6.694679e-02 3.644649e+00 -5.851460e-03 -6.715206e-02 9.977256e-01 2.533028e+02
9.995765e-01 2.805512e-02 7.722149e-03 3.492671e-01 -2.851655e-02 9.972703e-01 6.810873e-02 3.721162e+00 -5.790271e-03 -6.830010e-02 9.976480e-01 2.548229e+02
9.996509e-01 2.523673e-02 7.827837e-03 3.602124e-01 -2.572036e-02 9.972503e-01 6.950048e-02 3.790023e+00 -6.052348e-03 -6.967755e-02 9.975512e-01 2.563338e+02
9.996833e-01 2.407901e-02 7.311504e-03 3.659192e-01 -2.452616e-02 9.973208e-01 6.891830e-02 3.866546e+00 -5.632430e-03 -6.907580e-02 9.975955e-01 2.578722e+02
9.996930e-01 2.371448e-02 7.185088e-03 3.728982e-01 -2.414894e-02 9.973896e-01 6.805016e-02 3.937044e+00 -5.552557e-03 -6.820278e-02 9.976560e-01 2.593903e+02
9.997304e-01 2.189387e-02 7.735718e-03 3.781741e-01 -2.238407e-02 9.972746e-01 7.030226e-02 4.009430e+00 -6.175446e-03 -7.045646e-02 9.974957e-01 2.609116e+02
9.997747e-01 1.959466e-02 8.158472e-03 3.867963e-01 -2.013504e-02 9.971662e-01 7.248528e-02 4.090968e+00 -6.715028e-03 -7.263322e-02 9.973361e-01 2.624383e+02
9.997967e-01 1.835669e-02 8.346541e-03 3.981656e-01 -1.891314e-02 9.971987e-01 7.236758e-02 4.167298e+00 -6.994730e-03 -7.251073e-02 9.973431e-01 2.639750e+02
9.998022e-01 1.800745e-02 8.440567e-03 4.018358e-01 -1.856379e-02 9.972842e-01 7.127159e-02 4.245575e+00 -7.134225e-03 -7.141418e-02 9.974212e-01 2.654880e+02
9.997777e-01 1.889788e-02 9.349853e-03 4.082240e-01 -1.951662e-02 9.972688e-01 7.123241e-02 4.326962e+00 -7.978175e-03 -7.139905e-02 9.974159e-01 2.670276e+02
9.997328e-01 2.061651e-02 1.045399e-02 4.101856e-01 -2.131523e-02 9.971886e-01 7.183656e-02 4.405902e+00 -8.943584e-03 -7.204020e-02 9.973616e-01 2.685432e+02
9.996912e-01 2.210725e-02 1.134858e-02 4.161808e-01 -2.286550e-02 9.971627e-01 7.171915e-02 4.485412e+00 -9.730865e-03 -7.195650e-02 9.973603e-01 2.700759e+02
9.996452e-01 2.356877e-02 1.241205e-02 4.256426e-01 -2.440283e-02 9.971064e-01 7.199506e-02 4.565213e+00 -1.067930e-02 -7.227240e-02 9.973278e-01 2.716158e+02
9.996330e-01 2.361633e-02 1.327231e-02 4.346059e-01 -2.451318e-02 9.970993e-01 7.205683e-02 4.644736e+00 -1.153209e-02 -7.235573e-02 9.973122e-01 2.731311e+02
9.996024e-01 2.433300e-02 1.424696e-02 4.484691e-01 -2.529258e-02 9.971144e-01 7.157575e-02 4.723702e+00 -1.246420e-02 -7.190764e-02 9.973334e-01 2.746716e+02
9.996059e-01 2.369134e-02 1.506163e-02 4.602223e-01 -2.470722e-02 9.971500e-01 7.128454e-02 4.802527e+00 -1.332988e-02 -7.162858e-02 9.973423e-01 2.761925e+02
9.995951e-01 2.352841e-02 1.600106e-02 4.795400e-01 -2.461874e-02 9.971184e-01 7.175477e-02 4.881816e+00 -1.426667e-02 -7.211964e-02 9.972939e-01 2.777322e+02
9.996106e-01 2.226308e-02 1.682310e-02 5.020163e-01 -2.344180e-02 9.970223e-01 7.346383e-02 4.960705e+00 -1.513747e-02 -7.382958e-02 9.971560e-01 2.792679e+02
9.996347e-01 2.099021e-02 1.702830e-02 5.194702e-01 -2.219841e-02 9.969980e-01 7.417704e-02 5.042714e+00 -1.542019e-02 -7.452794e-02 9.970997e-01 2.807945e+02
9.996515e-01 1.997203e-02 1.726414e-02 5.422602e-01 -2.116545e-02 9.971830e-01 7.195867e-02 5.120478e+00 -1.577835e-02 -7.229899e-02 9.972582e-01 2.823322e+02
9.996549e-01 2.011151e-02 1.689928e-02 5.594462e-01 -2.124514e-02 9.973332e-01 6.982177e-02 5.201705e+00 -1.544999e-02 -7.015671e-02 9.974163e-01 2.838606e+02
9.996770e-01 1.973322e-02 1.601364e-02 5.774889e-01 -2.081346e-02 9.973045e-01 7.035962e-02 5.283711e+00 -1.458206e-02 -7.067019e-02 9.973931e-01 2.853976e+02
9.997128e-01 1.830551e-02 1.546839e-02 5.966726e-01 -1.936004e-02 9.972867e-01 7.102472e-02 5.363130e+00 -1.412627e-02 -7.130379e-02 9.973546e-01 2.869422e+02
9.997229e-01 1.865023e-02 1.436464e-02 6.121057e-01 -1.961982e-02 9.973110e-01 7.061099e-02 5.442162e+00 -1.300910e-02 -7.087325e-02 9.974005e-01 2.884826e+02
9.997190e-01 1.911478e-02 1.402046e-02 6.268365e-01 -2.005969e-02 9.972975e-01 7.067701e-02 5.522776e+00 -1.263160e-02 -7.093840e-02 9.974007e-01 2.900381e+02
9.997231e-01 1.936323e-02 1.336939e-02 6.360400e-01 -2.027033e-02 9.972398e-01 7.142689e-02 5.606556e+00 -1.194943e-02 -7.167811e-02 9.973562e-01 2.915815e+02
9.997394e-01 1.903952e-02 1.259716e-02 6.480477e-01 -1.989937e-02 9.972005e-01 7.207692e-02 5.687150e+00 -1.118958e-02 -7.230881e-02 9.973195e-01 2.931431e+02
9.997505e-01 1.906441e-02 1.163849e-02 6.655728e-01 -1.987212e-02 9.970780e-01 7.376050e-02 5.772263e+00 -1.019828e-02 -7.397338e-02 9.972081e-01 2.947150e+02
9.997367e-01 2.019846e-02 1.088992e-02 6.744773e-01 -2.096573e-02 9.969119e-01 7.567798e-02 5.856851e+00 -9.327710e-03 -7.588637e-02 9.970728e-01 2.962638e+02
9.997165e-01 2.070253e-02 1.176023e-02 6.872434e-01 -2.153884e-02 9.968668e-01 7.610982e-02 5.946102e+00 -1.014771e-02 -7.634155e-02 9.970301e-01 2.978431e+02
9.996836e-01 2.168860e-02 1.273723e-02 6.952129e-01 -2.259761e-02 9.968371e-01 7.619098e-02 6.037015e+00 -1.104446e-02 -7.645471e-02 9.970119e-01 2.994130e+02
9.997000e-01 2.067552e-02 1.313502e-02 7.107164e-01 -2.162234e-02 9.968288e-01 7.658161e-02 6.129005e+00 -1.151000e-02 -7.684264e-02 9.969768e-01 3.009949e+02
9.997446e-01 1.825338e-02 1.332571e-02 7.295564e-01 -1.921122e-02 9.969460e-01 7.569472e-02 6.223056e+00 -1.190333e-02 -7.593139e-02 9.970420e-01 3.025837e+02
9.997654e-01 1.679578e-02 1.367965e-02 7.466819e-01 -1.776143e-02 9.971126e-01 7.383118e-02 6.308466e+00 -1.240010e-02 -7.405682e-02 9.971769e-01 3.041515e+02
9.997728e-01 1.624256e-02 1.380133e-02 7.615341e-01 -1.720707e-02 9.971902e-01 7.290849e-02 6.398684e+00 -1.257833e-02 -7.312941e-02 9.972431e-01 3.057441e+02
9.997812e-01 1.733791e-02 1.170009e-02 7.737404e-01 -1.814045e-02 9.972118e-01 7.238470e-02 6.482079e+00 -1.041247e-02 -7.258111e-02 9.973082e-01 3.073331e+02
9.997845e-01 1.843144e-02 9.547525e-03 7.841185e-01 -1.908303e-02 9.971220e-01 7.337285e-02 6.571120e+00 -8.167680e-03 -7.353923e-02 9.972589e-01 3.089349e+02
9.997646e-01 1.958190e-02 9.341767e-03 7.941026e-01 -2.024146e-02 9.968489e-01 7.669794e-02 6.662473e+00 -7.810438e-03 -7.686898e-02 9.970106e-01 3.105330e+02
9.997852e-01 1.830774e-02 9.714356e-03 8.034718e-01 -1.902778e-02 9.966054e-01 8.009795e-02 6.755518e+00 -8.214966e-03 -8.026559e-02 9.967397e-01 3.121491e+02
9.997976e-01 1.739141e-02 1.011373e-02 8.131472e-01 -1.815867e-02 9.965074e-01 8.150562e-02 6.852892e+00 -8.660914e-03 -8.167278e-02 9.966216e-01 3.137553e+02
9.998119e-01 1.644779e-02 1.027458e-02 8.213135e-01 -1.722201e-02 9.966085e-01 8.046698e-02 6.950067e+00 -8.916225e-03 -8.062880e-02 9.967043e-01 3.153749e+02
9.998174e-01 1.576039e-02 1.080773e-02 8.324292e-01 -1.657941e-02 9.966228e-01 8.042484e-02 7.051583e+00 -9.503698e-03 -8.058934e-02 9.967021e-01 3.169908e+02
9.998194e-01 1.549957e-02 1.099805e-02 8.437319e-01 -1.634218e-02 9.965649e-01 8.118723e-02 7.150333e+00 -9.701899e-03 -8.135230e-02 9.966382e-01 3.186084e+02
9.998145e-01 1.545580e-02 1.149179e-02 8.567303e-01 -1.634367e-02 9.965254e-01 8.167026e-02 7.243587e+00 -1.018958e-02 -8.184292e-02 9.965932e-01 3.202260e+02
9.997830e-01 1.690145e-02 1.217793e-02 8.679431e-01 -1.783329e-02 9.965561e-01 8.098088e-02 7.343048e+00 -1.076730e-02 -8.118048e-02 9.966413e-01 3.218369e+02
9.997675e-01 1.744963e-02 1.266840e-02 8.784814e-01 -1.841305e-02 9.965922e-01 8.040546e-02 7.439858e+00 -1.122218e-02 -8.062003e-02 9.966817e-01 3.234507e+02
9.997666e-01 1.670632e-02 1.370128e-02 8.947359e-01 -1.778233e-02 9.964250e-01 8.258968e-02 7.536374e+00 -1.227253e-02 -8.281404e-02 9.964894e-01 3.250586e+02
9.997891e-01 1.541118e-02 1.357575e-02 9.117616e-01 -1.649998e-02 9.963186e-01 8.412457e-02 7.635306e+00 -1.222932e-02 -8.433082e-02 9.963628e-01 3.266757e+02
9.997941e-01 1.513992e-02 1.351151e-02 9.298476e-01 -1.621091e-02 9.964148e-01 8.303471e-02 7.734894e+00 -1.220593e-02 -8.323665e-02 9.964551e-01 3.282869e+02
9.997819e-01 1.571338e-02 1.375730e-02 9.469016e-01 -1.680837e-02 9.963681e-01 8.347534e-02 7.829221e+00 -1.239565e-02 -8.368837e-02 9.964149e-01 3.298935e+02
9.997574e-01 1.759041e-02 1.325678e-02 9.582406e-01 -1.861297e-02 9.965051e-01 8.143215e-02 7.938072e+00 -1.177803e-02 -8.165914e-02 9.965907e-01 3.314952e+02
9.997165e-01 1.989908e-02 1.307728e-02 9.647931e-01 -2.087102e-02 9.966599e-01 7.895255e-02 8.027448e+00 -1.146251e-02 -7.920310e-02 9.967926e-01 3.330912e+02
9.997070e-01 2.103681e-02 1.197000e-02 9.760615e-01 -2.192661e-02 9.965671e-01 7.983251e-02 8.123764e+00 -1.024949e-02 -8.007158e-02 9.967364e-01 3.346907e+02
9.997106e-01 2.131021e-02 1.115971e-02 9.816437e-01 -2.216766e-02 9.962713e-01 8.337932e-02 8.219223e+00 -9.341268e-03 -8.360257e-02 9.964554e-01 3.362924e+02
9.996999e-01 2.215259e-02 1.045640e-02 9.885111e-01 -2.297414e-02 9.959963e-01 8.639169e-02 8.325114e+00 -8.500735e-03 -8.660600e-02 9.962064e-01 3.378789e+02
9.997000e-01 2.277170e-02 9.019183e-03 9.950747e-01 -2.346246e-02 9.960344e-01 8.581922e-02 8.427192e+00 -7.029167e-03 -8.600508e-02 9.962699e-01 3.394722e+02
9.997093e-01 2.286913e-02 7.633769e-03 9.981574e-01 -2.343244e-02 9.961547e-01 8.441977e-02 8.529067e+00 -5.673809e-03 -8.457411e-02 9.964010e-01 3.410624e+02
9.997480e-01 2.170759e-02 5.719839e-03 1.004383e+00 -2.211939e-02 9.960479e-01 8.601967e-02 8.632574e+00 -3.829954e-03 -8.612451e-02 9.962770e-01 3.426519e+02
9.997830e-01 2.029328e-02 4.707993e-03 1.008005e+00 -2.062692e-02 9.959694e-01 8.728963e-02 8.729681e+00 -2.917625e-03 -8.736779e-02 9.961719e-01 3.442436e+02
9.997821e-01 2.036284e-02 4.593030e-03 1.008604e+00 -2.068440e-02 9.960231e-01 8.666106e-02 8.833359e+00 -2.810100e-03 -8.673718e-02 9.962273e-01 3.458237e+02
9.997905e-01 2.005717e-02 4.087966e-03 1.011101e+00 -2.033461e-02 9.960844e-01 8.603744e-02 8.935038e+00 -2.346291e-03 -8.610254e-02 9.962835e-01 3.474106e+02
9.997917e-01 1.993024e-02 4.387299e-03 1.008931e+00 -2.023375e-02 9.960919e-01 8.597374e-02 9.042166e+00 -2.656676e-03 -8.604461e-02 9.962877e-01 3.489873e+02
9.998003e-01 1.952036e-02 4.277020e-03 1.010493e+00 -1.981671e-02 9.960735e-01 8.628398e-02 9.142690e+00 -2.575932e-03 -8.635151e-02 9.962614e-01 3.505741e+02
9.998096e-01 1.902450e-02 4.339878e-03 1.010831e+00 -1.932735e-02 9.961082e-01 8.599412e-02 9.242395e+00 -2.686993e-03 -8.606162e-02 9.962862e-01 3.521587e+02
9.998096e-01 1.896128e-02 4.608482e-03 1.009929e+00 -1.928617e-02 9.961469e-01 8.555398e-02 9.344498e+00 -2.968511e-03 -8.562657e-02 9.963229e-01 3.537397e+02
9.998137e-01 1.873842e-02 4.637538e-03 1.011432e+00 -1.906804e-02 9.961103e-01 8.602695e-02 9.446555e+00 -3.007490e-03 -8.609935e-02 9.962820e-01 3.553201e+02
