1.000000e+00 0.000000e+00 0.000000e+00 0.000000e+00 0.000000e+00 1.000000e+00 0.000000e+00 0.000000e+00 0.000000e+00 0.000000e+00 1.000000e+00 0.000000e+00
9.999962e-01 2.745910e-03 5.090750e-05 -4.098258e-03 -2.745990e-03 9.999949e-01 1.632677e-03 -2.156051e-02 -4.642406e-05 -1.632811e-03 9.999987e-01 7.770384e-01
9.999869e-01 5.102835e-03 3.386332e-04 -8.237577e-03 -5.103609e-03 9.999843e-01 2.325637e-03 -4.045512e-02 -3.267606e-04 -2.327334e-03 9.999972e-01 1.540432e+00
9.999822e-01 5.901078e-03 8.380961e-04 -1.235840e-02 -5.903085e-03 9.999797e-01 2.412696e-03 -6.191051e-02 -8.238416e-04 -2.417601e-03 9.999967e-01 2.289502e+00
9.999703e-01 7.647683e-03 9.515245e-04 -1.563521e-02 -7.649871e-03 9.999681e-01 2.317706e-03 -7.685650e-02 -9.337690e-04 -2.324917e-03 9.999969e-01 3.024576e+00
9.999704e-01 7.598707e-03 1.208250e-03 -1.988514e-02 -7.601841e-03 9.999677e-01 2.610811e-03 -9.514566e-02 -1.188372e-03 -2.619918e-03 9.999959e-01 3.743745e+00
9.999706e-01 7.411820e-03 1.948822e-03 -2.772039e-02 -7.419403e-03 9.999648e-01 3.912996e-03 -1.104801e-01 -1.919751e-03 -3.927340e-03 9.999904e-01 4.433922e+00
9.999659e-01 7.933309e-03 2.304353e-03 -3.302060e-02 -7.948110e-03 9.999474e-01 6.486524e-03 -1.218937e-01 -2.252772e-03 -6.504618e-03 9.999763e-01 5.110572e+00
9.999656e-01 7.365030e-03 3.819625e-03 -3.239817e-02 -7.403871e-03 9.999200e-01 1.025633e-02 -1.323504e-01 -3.743781e-03 -1.028426e-02 9.999401e-01 5.759604e+00
9.999638e-01 7.039007e-03 4.788055e-03 -2.653124e-02 -7.103788e-03 9.998816e-01 1.364992e-02 -1.463036e-01 -4.691406e-03 -1.368344e-02 9.998954e-01 6.393581e+00
9.999615e-01 6.516015e-03 5.884715e-03 -2.186930e-02 -6.608409e-03 9.998530e-01 1.582024e-02 -1.574628e-01 -5.780765e-03 -1.585852e-02 9.998575e-01 6.994511e+00
9.999526e-01 6.521499e-03 7.232907e-03 -2.085254e-02 -6.638382e-03 9.998458e-01 1.625547e-02 -1.678482e-01 -7.125782e-03 -1.630271e-02 9.998417e-01 7.569203e+00
9.999375e-01 7.765686e-03 8.046687e-03 -1.817027e-02 -7.878215e-03 9.998703e-01 1.404856e-02 -1.785263e-01 -7.936546e-03 -1.411107e-02 9.998689e-01 8.124180e+00
9.999326e-01 7.320688e-03 9.010054e-03 -1.220555e-02 -7.419088e-03 9.999127e-01 1.093664e-02 -1.840850e-01 -8.929203e-03 -1.100275e-02 9.998996e-01 8.646717e+00
9.999276e-01 5.992507e-03 1.043107e-02 -3.684160e-03 -6.091102e-03 9.999368e-01 9.446130e-03 -1.898540e-01 -1.037381e-02 -9.508983e-03 9.999010e-01 9.150469e+00
9.999211e-01 1.956837e-03 1.241216e-02 6.687902e-03 -2.043047e-03 9.999739e-01 6.936759e-03 -2.012482e-01 -1.239826e-02 -6.961570e-03 9.998989e-01 9.614483e+00
9.998950e-01 -9.258704e-05 1.449044e-02 1.588828e-02 7.133035e-06 9.999826e-01 5.897207e-03 -2.207308e-01 -1.449074e-02 -5.896485e-03 9.998776e-01 1.005421e+01
9.998559e-01 3.832370e-03 1.653616e-02 1.719684e-02 -3.898745e-03 9.999845e-01 3.983592e-03 -2.268063e-01 -1.652063e-02 -4.047488e-03 9.998553e-01 1.046198e+01
9.997774e-01 8.299042e-03 1.939542e-02 1.965430e-02 -8.357723e-03 9.999607e-01 2.946427e-03 -2.368115e-01 -1.937020e-02 -3.107873e-03 9.998075e-01 1.084243e+01
9.997055e-01 8.740971e-03 2.263796e-02 2.955883e-02 -8.837887e-03 9.999522e-01 4.184606e-03 -2.432304e-01 -2.260030e-02 -4.383445e-03 9.997350e-01 1.118457e+01
9.996554e-01 4.295783e-03 2.589770e-02 4.153034e-02 -4.424450e-03 9.999781e-01 4.913041e-03 -2.516909e-01 -2.587603e-02 -5.025931e-03 9.996525e-01 1.150235e+01
9.995919e-01 -1.635441e-03 2.852067e-02 5.773523e-02 1.494625e-03 9.999866e-01 4.957952e-03 -2.608017e-01 -2.852839e-02 -4.913301e-03 9.995809e-01 1.178794e+01
9.995162e-01 -4.528217e-03 3.077085e-02 7.752588e-02 4.329858e-03 9.999694e-01 6.509897e-03 -2.721771e-01 -3.079939e-02 -6.373514e-03 9.995053e-01 1.204392e+01
9.994430e-01 -5.444250e-03 3.292479e-02 8.783842e-02 5.196704e-03 9.999576e-01 7.599443e-03 -2.726101e-01 -3.296477e-02 -7.424110e-03 9.994289e-01 1.226183e+01
9.993722e-01 -4.671377e-03 3.512096e-02 9.284245e-02 4.405352e-03 9.999610e-01 7.648092e-03 -2.750540e-01 -3.515532e-02 -7.488570e-03 9.993538e-01 1.245567e+01
9.992921e-01 -4.257850e-03 3.737870e-02 9.739565e-02 3.976297e-03 9.999632e-01 7.603555e-03 -2.802745e-01 -3.740970e-02 -7.449543e-03 9.992722e-01 1.263278e+01
9.991997e-01 -3.616080e-03 3.983694e-02 1.014946e-01 3.315034e-03 9.999655e-01 7.620417e-03 -2.827179e-01 -3.986312e-02 -7.482257e-03 9.991771e-01 1.279434e+01
9.991373e-01 -1.853150e-03 4.148654e-02 1.030456e-01 1.535906e-03 9.999693e-01 7.677497e-03 -2.907016e-01 -4.149949e-02 -7.607155e-03 9.991096e-01 1.294473e+01
9.990876e-01 -1.884962e-03 4.266598e-02 1.062565e-01 1.554609e-03 9.999686e-01 7.774631e-03 -2.957529e-01 -4.267929e-02 -7.701209e-03 9.990591e-01 1.308754e+01
9.989997e-01 -1.814206e-03 4.468049e-02 1.174264e-01 1.474063e-03 9.999697e-01 7.644560e-03 -3.026186e-01 -4.469300e-02 -7.571051e-03 9.989721e-01 1.323271e+01
9.989328e-01 -2.294676e-03 4.613102e-02 1.301141e-01 1.941286e-03 9.999684e-01 7.703909e-03 -3.067727e-01 -4.614724e-02 -7.606133e-03 9.989057e-01 1.336521e+01
9.988715e-01 -2.682380e-03 4.741833e-02 1.396931e-01 2.307932e-03 9.999657e-01 7.949683e-03 -3.085053e-01 -4.743803e-02 -7.831273e-03 9.988435e-01 1.348402e+01
9.988046e-01 -2.408315e-03 4.882203e-02 1.446242e-01 2.020343e-03 9.999660e-01 7.994438e-03 -3.079960e-01 -4.883963e-02 -7.886244e-03 9.987755e-01 1.360079e+01
9.987332e-01 -2.300209e-03 5.026571e-02 1.473729e-01 1.917495e-03 9.999688e-01 7.660706e-03 -3.083725e-01 -5.028176e-02 -7.554618e-03 9.987065e-01 1.371842e+01
9.986938e-01 -2.074249e-03 5.105305e-02 1.546510e-01 1.709448e-03 9.999727e-01 7.188157e-03 -3.104377e-01 -5.106656e-02 -7.091495e-03 9.986701e-01 1.383227e+01
9.986515e-01 -2.387750e-03 5.186067e-02 1.628693e-01 2.058775e-03 9.999774e-01 6.395942e-03 -3.136012e-01 -5.187477e-02 -6.280548e-03 9.986338e-01 1.395021e+01
9.986765e-01 -2.986002e-03 5.134605e-02 1.711992e-01 2.674794e-03 9.999776e-01 6.128625e-03 -3.164056e-01 -5.136320e-02 -5.983173e-03 9.986621e-01 1.406631e+01
9.987817e-01 -2.908582e-03 4.926024e-02 1.780594e-01 2.601599e-03 9.999768e-01 6.294824e-03 -3.169468e-01 -4.927741e-02 -6.159000e-03 9.987661e-01 1.417377e+01
9.989240e-01 -3.221365e-03 4.626431e-02 1.788354e-01 2.922469e-03 9.999744e-01 6.526808e-03 -3.159018e-01 -4.628415e-02 -6.384580e-03 9.989079e-01 1.427837e+01
9.990977e-01 -2.764997e-03 4.238106e-02 1.776075e-01 2.484616e-03 9.999747e-01 6.666973e-03 -3.162745e-01 -4.239843e-02 -6.555657e-03 9.990793e-01 1.439443e+01
9.993190e-01 -2.670054e-03 3.680145e-02 1.740421e-01 2.417662e-03 9.999733e-01 6.901011e-03 -3.169758e-01 -3.681889e-02 -6.807338e-03 9.992988e-01 1.450627e+01
9.995410e-01 -2.968609e-03 3.015043e-02 1.709650e-01 2.750650e-03 9.999698e-01 7.267957e-03 -3.177001e-01 -3.017110e-02 -7.181688e-03 9.995189e-01 1.460972e+01
9.997335e-01 -2.738649e-03 2.292328e-02 1.663624e-01 2.566224e-03 9.999682e-01 7.547880e-03 -3.171589e-01 -2.294322e-02 -7.487042e-03 9.997087e-01 1.472663e+01
9.998847e-01 -2.974701e-03 1.489397e-02 1.563693e-01 2.858709e-03 9.999655e-01 7.803047e-03 -3.152488e-01 -1.491667e-02 -7.759569e-03 9.998586e-01 1.484317e+01
9.999830e-01 -3.001057e-03 4.995109e-03 1.491017e-01 2.961724e-03 9.999647e-01 7.863321e-03 -3.148963e-01 -5.018530e-03 -7.848393e-03 9.999566e-01 1.497864e+01
9.999634e-01 -3.610422e-03 -7.757052e-03 1.372325e-01 3.668235e-03 9.999655e-01 7.451681e-03 -3.132651e-01 7.729880e-03 -7.479863e-03 9.999421e-01 1.512207e+01
9.997135e-01 -3.917041e-03 -2.361210e-02 1.166990e-01 4.083419e-03 9.999671e-01 7.002200e-03 -3.141821e-01 2.358390e-02 -7.096612e-03 9.996967e-01 1.527309e+01
9.990702e-01 -3.561913e-03 -4.296655e-02 9.341596e-02 3.871143e-03 9.999672e-01 7.115934e-03 -3.114949e-01 4.293980e-02 -7.275647e-03 9.990512e-01 1.544890e+01
9.979090e-01 -3.137175e-03 -6.455802e-02 5.676426e-02 3.654725e-03 9.999621e-01 7.900285e-03 -3.096582e-01 6.453079e-02 -8.119708e-03 9.978827e-01 1.563021e+01
9.961057e-01 -2.989465e-03 -8.811588e-02 1.624300e-02 3.804821e-03 9.999515e-01 9.086714e-03 -3.071423e-01 8.808444e-02 -9.386593e-03 9.960688e-01 1.582513e+01
9.933925e-01 -2.167797e-03 -1.147457e-01 -3.304063e-02 3.366117e-03 9.999418e-01 1.025053e-02 -3.055192e-01 1.147168e-01 -1.056905e-02 9.933420e-01 1.604867e+01
9.894859e-01 -1.786868e-03 -1.446183e-01 -9.704161e-02 3.505573e-03 9.999262e-01 1.163047e-02 -3.018715e-01 1.445869e-01 -1.201515e-02 9.894192e-01 1.626927e+01
9.840698e-01 -1.100193e-03 -1.777790e-01 -1.639732e-01 3.597499e-03 9.998993e-01 1.372551e-02 -3.014601e-01 1.777460e-01 -1.414642e-02 9.839747e-01 1.652027e+01
9.767468e-01 -2.958301e-04 -2.143957e-01 -2.503544e-01 3.837018e-03 9.998630e-01 1.610109e-02 -2.956661e-01 2.143616e-01 -1.654933e-02 9.766142e-01 1.677557e+01
9.672737e-01 1.192872e-03 -2.537323e-01 -3.514985e-01 4.465060e-03 9.997541e-01 2.172177e-02 -2.959139e-01 2.536958e-01 -2.214383e-02 9.670305e-01 1.702484e+01
9.554933e-01 5.340806e-03 -2.949644e-01 -4.891961e-01 2.399567e-03 9.996623e-01 2.587354e-02 -2.832404e-01 2.950030e-01 -2.542978e-02 9.551579e-01 1.730698e+01
9.414917e-01 8.378758e-03 -3.369321e-01 -6.343114e-01 1.598870e-03 9.995687e-01 2.932480e-02 -2.788373e-01 3.370324e-01 -2.814777e-02 9.410722e-01 1.758500e+01
9.251036e-01 1.059107e-02 -3.795672e-01 -7.906362e-01 2.563870e-03 9.994139e-01 3.413549e-02 -2.718628e-01 3.797063e-01 -3.255202e-02 9.245342e-01 1.785259e+01
9.059451e-01 1.419894e-02 -4.231571e-01 -9.671400e-01 3.631846e-03 9.991401e-01 4.130141e-02 -2.659506e-01 4.233797e-01 -3.895365e-02 9.051145e-01 1.815182e+01
8.842776e-01 1.897580e-02 -4.665759e-01 -1.166103e+00 3.717408e-03 9.988563e-01 4.766923e-02 -2.580624e-01 4.669468e-01 -4.388728e-02 8.831956e-01 1.843954e+01
8.599078e-01 2.377385e-02 -5.098955e-01 -1.389035e+00 2.674578e-03 9.986913e-01 5.107443e-02 -2.489433e-01 5.104425e-01 -4.528306e-02 8.587188e-01 1.870780e+01
8.321946e-01 2.680614e-02 -5.538354e-01 -1.631807e+00 3.207501e-03 9.985813e-01 5.315184e-02 -2.392792e-01 5.544745e-01 -4.600910e-02 8.309279e-01 1.899683e+01
8.020244e-01 3.021839e-02 -5.965263e-01 -1.891058e+00 2.249425e-03 9.985595e-01 5.360863e-02 -2.198883e-01 5.972870e-01 -4.433727e-02 8.008011e-01 1.926228e+01
7.684490e-01 3.259543e-02 -6.390804e-01 -2.181338e+00 3.505369e-03 9.984724e-01 5.514070e-02 -2.058809e-01 6.399015e-01 -4.461302e-02 7.671608e-01 1.954700e+01
7.320095e-01 3.567254e-02 -6.803599e-01 -2.489757e+00 4.419192e-03 9.983587e-01 5.710048e-02 -1.809305e-01 6.812801e-01 -4.480474e-02 7.306504e-01 1.980949e+01
6.938480e-01 3.701170e-02 -7.191697e-01 -2.811322e+00 7.559758e-03 9.982489e-01 5.866795e-02 -1.620272e-01 7.200818e-01 -4.614339e-02 6.923532e-01 2.005540e+01
6.532520e-01 3.794810e-02 -7.561889e-01 -3.178484e+00 1.052748e-02 9.981914e-01 5.918702e-02 -1.438862e-01 7.570673e-01 -4.662480e-02 6.516711e-01 2.031840e+01
6.109402e-01 3.741887e-02 -7.907919e-01 -3.560440e+00 1.574067e-02 9.981108e-01 5.938956e-02 -1.230604e-01 7.915202e-01 -4.873106e-02 6.091970e-01 2.056513e+01
5.672007e-01 3.794176e-02 -8.227052e-01 -3.959764e+00 2.051405e-02 9.979774e-01 6.016809e-02 -1.109487e-01 8.233241e-01 -5.100439e-02 5.652751e-01 2.078682e+01
5.203417e-01 3.951991e-02 -8.530432e-01 -4.404060e+00 2.306479e-02 9.979137e-01 6.030062e-02 -7.974090e-02 8.536466e-01 -5.105219e-02 5.183446e-01 2.101102e+01
4.717104e-01 3.935341e-02 -8.808749e-01 -4.852809e+00 2.559579e-02 9.979714e-01 5.829133e-02 -4.710839e-02 8.813820e-01 -5.004331e-02 4.697462e-01 2.120545e+01
4.195952e-01 3.905628e-02 -9.068707e-01 -5.347458e+00 3.019416e-02 9.979205e-01 5.694791e-02 -2.708106e-02 9.072090e-01 -5.127728e-02 4.175434e-01 2.139389e+01
3.663585e-01 3.802808e-02 -9.296963e-01 -5.854659e+00 3.570337e-02 9.978541e-01 5.488535e-02 -8.243360e-03 9.297885e-01 -5.330101e-02 3.642146e-01 2.155432e+01
3.132601e-01 3.820556e-02 -9.488985e-01 -6.365898e+00 3.866526e-02 9.978488e-01 5.294102e-02 8.250556e-03 9.488799e-01 -5.327372e-02 3.111090e-01 2.168925e+01
2.594741e-01 4.284311e-02 -9.647993e-01 -6.938956e+00 3.983381e-02 9.976906e-01 5.501663e-02 5.029660e-02 9.649282e-01 -5.270702e-02 2.571683e-01 2.180063e+01
2.080975e-01 4.811948e-02 -9.769237e-01 -7.515673e+00 4.266776e-02 9.973918e-01 5.821645e-02 7.777765e-02 9.771770e-01 -5.379785e-02 2.055016e-01 2.189044e+01
1.610472e-01 4.999440e-02 -9.856796e-01 -8.095481e+00 4.706917e-02 9.971907e-01 5.826873e-02 8.865150e-02 9.858237e-01 -5.577914e-02 1.582415e-01 2.196010e+01
1.155639e-01 5.134936e-02 -9.919719e-01 -8.738945e+00 4.958035e-02 9.971198e-01 5.739191e-02 1.145053e-01 9.920619e-01 -5.581474e-02 1.126851e-01 2.200885e+01
7.607665e-02 5.015416e-02 -9.958398e-01 -9.354387e+00 5.016824e-02 9.972767e-01 5.405910e-02 1.358590e-01 9.958391e-01 -5.407216e-02 7.335332e-02 2.203145e+01
3.969947e-02 4.645716e-02 -9.981311e-01 -1.003287e+01 4.694351e-02 9.977289e-01 4.830556e-02 1.661298e-01 9.981083e-01 -4.877348e-02 3.742844e-02 2.203425e+01
1.163212e-02 4.605184e-02 -9.988713e-01 -1.069314e+01 4.475839e-02 9.979137e-01 4.652891e-02 2.032216e-01 9.989301e-01 -4.524910e-02 9.546649e-03 2.201294e+01
-1.018586e-02 4.979837e-02 -9.987074e-01 -1.141198e+01 4.423682e-02 9.978038e-01 4.930214e-02 2.315594e-01 9.989691e-01 -4.367745e-02 -1.236641e-02 2.198573e+01
-2.336003e-02 5.580932e-02 -9.981681e-01 -1.213985e+01 4.521767e-02 9.974778e-01 5.471250e-02 2.630842e-01 9.987040e-01 -4.385676e-02 -2.582468e-02 2.196041e+01
-3.134283e-02 5.845801e-02 -9.977977e-01 -1.288277e+01 4.595264e-02 9.973169e-01 5.698638e-02 2.899306e-01 9.984518e-01 -4.406532e-02 -3.394503e-02 2.193283e+01
-3.579970e-02 5.605624e-02 -9.977856e-01 -1.364879e+01 4.680505e-02 9.974240e-01 5.435660e-02 3.198040e-01 9.982623e-01 -4.475545e-02 -3.833119e-02 2.189746e+01
-3.503347e-02 5.180478e-02 -9.980425e-01 -1.442132e+01 5.368514e-02 9.973112e-01 4.988235e-02 3.644438e-01 9.979432e-01 -5.183250e-02 -3.772042e-02 2.187569e+01
-3.129035e-02 5.115195e-02 -9.982006e-01 -1.523220e+01 6.530262e-02 9.966604e-01 4.902600e-02 3.781767e-01 9.973748e-01 -6.365107e-02 -3.452621e-02 2.187031e+01
-2.555993e-02 5.079700e-02 -9.983819e-01 -1.605576e+01 6.744865e-02 9.965200e-01 4.897550e-02 4.175619e-01 9.973953e-01 -6.608770e-02 -2.889717e-02 2.185273e+01
-2.078521e-02 4.878858e-02 -9.985928e-01 -1.691844e+01 6.551474e-02 9.967283e-01 4.733382e-02 4.652708e-01 9.976351e-01 -6.443871e-02 -2.391358e-02 2.182396e+01
-1.708397e-02 4.377251e-02 -9.988954e-01 -1.777652e+01 7.003941e-02 9.966395e-01 4.247578e-02 4.782664e-01 9.973979e-01 -6.923639e-02 -2.009236e-02 2.181808e+01
-1.547555e-02 3.325270e-02 -9.993272e-01 -1.864933e+01 6.751719e-02 9.972004e-01 3.213637e-02 4.994774e-01 9.975981e-01 -6.697443e-02 -1.767735e-02 2.180268e+01
-1.486538e-02 2.454623e-02 -9.995882e-01 -1.955792e+01 6.106200e-02 9.978550e-01 2.359558e-02 5.310557e-01 9.980233e-01 -6.068609e-02 -1.633233e-02 2.177087e+01
-1.582610e-02 2.194624e-02 -9.996339e-01 -2.046080e+01 5.497081e-02 9.982661e-01 2.104592e-02 5.433871e-01 9.983625e-01 -5.461761e-02 -1.700506e-02 2.174500e+01
-1.964201e-02 2.767848e-02 -9.994239e-01 -2.141600e+01 4.566428e-02 9.985984e-01 2.675816e-02 5.585094e-01 9.987637e-01 -4.511239e-02 -2.087840e-02 2.170711e+01
-2.391168e-02 3.576228e-02 -9.990742e-01 -2.238278e+01 4.079597e-02 9.985624e-01 3.476756e-02 5.855167e-01 9.988813e-01 -3.992685e-02 -2.533626e-02 2.166851e+01
-2.853058e-02 4.552610e-02 -9.985556e-01 -2.337142e+01 3.915323e-02 9.982466e-01 4.439333e-02 6.034837e-01 9.988258e-01 -3.783011e-02 -3.026304e-02 2.163188e+01
-3.060012e-02 5.538453e-02 -9.979961e-01 -2.438365e+01 3.859150e-02 9.977846e-01 5.418952e-02 6.493556e-01 9.987864e-01 -3.685596e-02 -3.266970e-02 2.159044e+01
-3.137396e-02 6.353179e-02 -9.974865e-01 -2.538756e+01 4.089443e-02 9.972238e-01 6.222880e-02 6.844187e-01 9.986708e-01 -3.883928e-02 -3.388495e-02 2.156338e+01
-3.337178e-02 6.568984e-02 -9.972819e-01 -2.641743e+01 4.169200e-02 9.970606e-01 6.428013e-02 7.214885e-01 9.985730e-01 -3.943354e-02 -3.601243e-02 2.152751e+01
-3.458586e-02 6.225423e-02 -9.974609e-01 -2.742083e+01 4.046780e-02 9.973267e-01 6.084268e-02 7.741923e-01 9.985821e-01 -3.826075e-02 -3.701269e-02 2.148828e+01
-3.794909e-02 5.735728e-02 -9.976322e-01 -2.845427e+01 3.518055e-02 9.978091e-01 5.602921e-02 8.117108e-01 9.986602e-01 -3.297099e-02 -3.988381e-02 2.142911e+01
-4.219675e-02 5.221687e-02 -9.977439e-01 -2.947773e+01 3.400662e-02 9.981298e-01 5.079885e-02 8.377247e-01 9.985304e-01 -3.178635e-02 -4.389355e-02 2.137502e+01
-4.757027e-02 4.798498e-02 -9.977146e-01 -3.050400e+01 3.535182e-02 9.983006e-01 4.632761e-02 8.707896e-01 9.982421e-01 -3.306721e-02 -4.918579e-02 2.132050e+01
-5.464869e-02 4.576151e-02 -9.974565e-01 -3.155458e+01 3.296477e-02 9.984874e-01 4.400273e-02 9.040969e-01 9.979613e-01 -3.047623e-02 -5.607455e-02 2.125179e+01
-6.058549e-02 4.850162e-02 -9.969839e-01 -3.259844e+01 3.469634e-02 9.983175e-01 4.645804e-02 9.363021e-01 9.975598e-01 -3.177701e-02 -6.216639e-02 2.118087e+01
-6.738739e-02 5.332536e-02 -9.963008e-01 -3.367153e+01 3.245014e-02 9.981595e-01 5.122999e-02 9.640167e-01 9.971990e-01 -2.887784e-02 -6.899378e-02 2.110109e+01
-7.359155e-02 5.672568e-02 -9.956739e-01 -3.473667e+01 3.137467e-02 9.980185e-01 5.454031e-02 1.002956e+00 9.967948e-01 -2.722523e-02 -7.522548e-02 2.101033e+01
-7.752058e-02 5.889707e-02 -9.952496e-01 -3.577223e+01 2.806065e-02 9.979870e-01 5.687340e-02 1.040283e+00 9.965958e-01 -2.351849e-02 -7.901722e-02 2.091314e+01
-8.123943e-02 6.074463e-02 -9.948418e-01 -3.686013e+01 2.381213e-02 9.979744e-01 5.899140e-02 1.080190e+00 9.964101e-01 -1.889687e-02 -8.252134e-02 2.081991e+01
-8.248337e-02 6.158942e-02 -9.946875e-01 -3.790739e+01 1.927793e-02 9.980004e-01 6.019595e-02 1.129341e+00 9.964060e-01 -1.421035e-02 -8.350576e-02 2.072035e+01
-8.474886e-02 6.205018e-02 -9.944684e-01 -3.900514e+01 1.887972e-02 9.979799e-01 6.066034e-02 1.168951e+00 9.962235e-01 -1.363439e-02 -8.574915e-02 2.062039e+01
-8.613586e-02 6.202016e-02 -9.943511e-01 -4.008208e+01 1.851760e-02 9.979877e-01 6.064290e-02 1.211162e+00 9.961113e-01 -1.318946e-02 -8.711100e-02 2.052156e+01
-8.654032e-02 6.196068e-02 -9.943197e-01 -4.114372e+01 1.750076e-02 9.980046e-01 6.066713e-02 1.254074e+00 9.960946e-01 -1.215120e-02 -8.745200e-02 2.041891e+01
-8.790625e-02 6.161241e-02 -9.942215e-01 -4.224988e+01 1.637621e-02 9.980398e-01 6.040109e-02 1.300940e+00 9.959941e-01 -1.097195e-02 -8.874292e-02 2.031454e+01
-8.861870e-02 5.918611e-02 -9.943057e-01 -4.333646e+01 1.176070e-02 9.982257e-01 5.837126e-02 1.340556e+00 9.959962e-01 -6.520940e-03 -8.915753e-02 2.020472e+01
-8.847424e-02 5.452073e-02 -9.945852e-01 -4.439810e+01 6.685406e-03 9.985109e-01 5.414122e-02 1.380457e+00 9.960560e-01 -1.859102e-03 -8.870699e-02 2.009359e+01
-8.812145e-02 5.344201e-02 -9.946751e-01 -4.551290e+01 4.317083e-03 9.985709e-01 5.326886e-02 1.425321e+00 9.961004e-01 4.000345e-04 -8.822623e-02 1.998862e+01
-8.582485e-02 5.736924e-02 -9.946572e-01 -4.660849e+01 4.613353e-03 9.983530e-01 5.718434e-02 1.467009e+00 9.962996e-01 3.191330e-04 -8.594815e-02 1.988321e+01
-8.480321e-02 6.053905e-02 -9.945569e-01 -4.774226e+01 4.910109e-03 9.981658e-01 6.034005e-02 1.516465e+00 9.963856e-01 2.336474e-04 -8.494492e-02 1.978679e+01
-8.250910e-02 6.059434e-02 -9.947465e-01 -4.882607e+01 6.072937e-03 9.981619e-01 6.029867e-02 1.557472e+00 9.965718e-01 -1.065843e-03 -8.272543e-02 1.969043e+01
-8.054049e-02 6.020521e-02 -9.949314e-01 -4.994135e+01 5.934823e-03 9.981854e-01 5.992169e-02 1.602943e+00 9.967337e-01 -1.078620e-03 -8.075165e-02 1.959821e+01
-7.658480e-02 6.101597e-02 -9.951944e-01 -5.105779e+01 3.437925e-03 9.981360e-01 6.093176e-02 1.649778e+00 9.970571e-01 1.245043e-03 -7.665181e-02 1.949989e+01
-7.084213e-02 6.193058e-02 -9.955632e-01 -5.216308e+01 -2.606275e-03 9.980559e-01 6.227110e-02 1.700395e+00 9.974841e-01 7.006129e-03 -7.054300e-02 1.941616e+01
-6.551470e-02 6.225979e-02 -9.959074e-01 -5.330782e+01 -4.805921e-03 9.980203e-01 6.270804e-02 1.747766e+00 9.978400e-01 8.894550e-03 -6.508579e-02 1.932529e+01
-5.907164e-02 6.179586e-02 -9.963392e-01 -5.441512e+01 -5.978170e-03 9.980423e-01 6.225593e-02 1.796422e+00 9.982358e-01 9.633845e-03 -5.858657e-02 1.925349e+01
-5.380620e-02 6.158045e-02 -9.966508e-01 -5.555748e+01 -5.544238e-03 9.980628e-01 6.196701e-02 1.842597e+00 9.985360e-01 8.859879e-03 -5.336055e-02 1.917812e+01
-4.814214e-02 6.188313e-02 -9.969217e-01 -5.669221e+01 -4.414069e-03 9.980560e-01 6.216671e-02 1.888705e+00 9.988307e-01 7.393319e-03 -4.777539e-02 1.911737e+01
-4.219487e-02 6.272504e-02 -9.971385e-01 -5.781200e+01 -4.509158e-03 9.980052e-01 6.297037e-02 1.937612e+00 9.990992e-01 7.153282e-03 -4.182786e-02 1.907024e+01
-3.698129e-02 6.433787e-02 -9.972427e-01 -5.897367e+01 -3.706746e-03 9.979096e-01 6.451836e-02 1.982804e+00 9.993091e-01 6.082498e-03 -3.666551e-02 1.901928e+01
-3.146472e-02 6.516830e-02 -9.973781e-01 -6.011213e+01 -5.131305e-03 9.978485e-01 6.536091e-02 2.041006e+00 9.994917e-01 7.174414e-03 -3.106262e-02 1.897577e+01
-2.548115e-02 6.523354e-02 -9.975446e-01 -6.125781e+01 -4.861518e-03 9.978488e-01 6.537761e-02 2.089856e+00 9.996635e-01 6.515477e-03 -2.510920e-02 1.894224e+01
-2.089510e-02 6.151981e-02 -9.978871e-01 -6.240083e+01 -5.064382e-03 9.980857e-01 6.163810e-02 2.137092e+00 9.997688e-01 6.341615e-03 -2.054354e-02 1.891159e+01
-1.587033e-02 5.646387e-02 -9.982785e-01 -6.353353e+01 -5.140398e-03 9.983864e-01 5.655170e-02 2.178293e+00 9.998608e-01 6.029042e-03 -1.555447e-02 1.888859e+01
-1.222850e-02 5.565755e-02 -9.983750e-01 -6.469559e+01 -5.760758e-03 9.984292e-01 5.573113e-02 2.226402e+00 9.999086e-01 6.432905e-03 -1.188866e-02 1.886552e+01
-8.995763e-03 5.782349e-02 -9.982863e-01 -6.585955e+01 -5.338077e-03 9.983097e-01 5.787294e-02 2.275906e+00 9.999453e-01 5.849540e-03 -8.671891e-03 1.885637e+01
-6.243687e-03 5.807477e-02 -9.982927e-01 -6.700980e+01 -5.634443e-03 9.982943e-01 5.811010e-02 2.316484e+00 9.999646e-01 5.987645e-03 -5.905818e-03 1.884920e+01
-5.366181e-03 5.826875e-02 -9.982865e-01 -6.818585e+01 -6.915894e-03 9.982748e-01 5.830524e-02 2.366148e+00 9.999617e-01 7.216920e-03 -4.953943e-03 1.882615e+01
-4.124844e-03 5.938612e-02 -9.982266e-01 -6.934572e+01 -7.419247e-03 9.982058e-01 5.941554e-02 2.411694e+00 9.999640e-01 7.651169e-03 -3.676842e-03 1.881518e+01
-3.284567e-03 5.955296e-02 -9.982197e-01 -7.052435e+01 -7.706422e-03 9.981940e-01 5.957678e-02 2.454296e+00 9.999649e-01 7.888387e-03 -2.819695e-03 1.879930e+01
-1.916908e-03 5.815147e-02 -9.983059e-01 -7.169424e+01 -8.080146e-03 9.982743e-01 5.816514e-02 2.499344e+00 9.999655e-01 8.177955e-03 -1.443728e-03 1.878453e+01
-6.242054e-04 5.714826e-02 -9.983655e-01 -7.285754e+01 -6.740117e-03 9.983428e-01 5.715117e-02 2.544603e+00 9.999771e-01 6.764774e-03 -2.379850e-04 1.877855e+01
-4.868217e-04 5.720312e-02 -9.983624e-01 -7.405042e+01 -2.937310e-03 9.983582e-01 5.720431e-02 2.588303e+00 9.999956e-01 2.960348e-03 -3.179992e-04 1.877148e+01
-2.967568e-04 5.790782e-02 -9.983219e-01 -7.522850e+01 -7.866512e-04 9.983216e-01 5.790804e-02 2.632208e+00 9.999996e-01 8.025157e-04 -2.507055e-04 1.876839e+01
2.429087e-04 6.044590e-02 -9.981714e-01 -7.639401e+01 -7.997511e-04 9.981712e-01 6.044569e-02 2.678141e+00 9.999997e-01 7.836059e-04 2.908061e-04 1.876482e+01
3.028366e-05 6.363460e-02 -9.979733e-01 -7.758975e+01 -2.403455e-03 9.979704e-01 6.363435e-02 2.731903e+00 9.999971e-01 2.396656e-03 1.831651e-04 1.875595e+01
9.588894e-04 6.413659e-02 -9.979407e-01 -7.875296e+01 -3.840722e-03 9.979340e-01 6.413247e-02 2.778610e+00 9.999922e-01 3.771316e-03 1.203239e-03 1.875027e+01
1.068630e-03 6.244912e-02 -9.980476e-01 -7.994367e+01 -4.355853e-03 9.980390e-01 6.244392e-02 2.828298e+00 9.999899e-01 4.280620e-03 1.338553e-03 1.873940e+01
1.444000e-03 6.040860e-02 -9.981727e-01 -8.111597e+01 -4.131966e-03 9.981656e-01 6.040219e-02 2.876004e+00 9.999904e-01 4.037195e-03 1.690957e-03 1.873297e+01
1.829354e-03 6.014512e-02 -9.981880e-01 -8.227702e+01 -2.585508e-03 9.981866e-01 6.014030e-02 2.917803e+00 9.999950e-01 2.470805e-03 1.981542e-03 1.873105e+01
1.549272e-03 6.146728e-02 -9.981079e-01 -8.346497e+01 -1.599236e-03 9.981080e-01 6.146480e-02 2.963587e+00 9.999975e-01 1.500985e-03 1.644641e-03 1.873022e+01
1.832690e-03 6.381007e-02 -9.979604e-01 -8.463657e+01 -1.908761e-03 9.979605e-01 6.380657e-02 3.011925e+00 9.999965e-01 1.787930e-03 1.950750e-03 1.872988e+01
2.488365e-03 6.606171e-02 -9.978124e-01 -8.580143e+01 -2.544252e-03 9.978127e-01 6.605539e-02 3.059450e+00 9.999937e-01 2.374317e-03 2.651000e-03 1.873027e+01
2.509820e-03 6.658409e-02 -9.977777e-01 -8.697872e+01 -3.515347e-03 9.977752e-01 6.657509e-02 3.113369e+00 9.999907e-01 3.340443e-03 2.738303e-03 1.872374e+01
3.192242e-03 6.496544e-02 -9.978824e-01 -8.813609e+01 -2.907322e-03 9.978839e-01 6.495624e-02 3.159759e+00 9.999907e-01 2.693809e-03 3.374362e-03 1.872000e+01
3.422379e-03 6.388523e-02 -9.979514e-01 -8.930873e+01 -1.839640e-03 9.979559e-01 6.387921e-02 3.207027e+00 9.999925e-01 1.617252e-03 3.532910e-03 1.871784e+01
3.546228e-03 6.485364e-02 -9.978885e-01 -9.047638e+01 -8.923822e-04 9.978946e-01 6.485086e-02 3.253919e+00 9.999933e-01 6.605219e-04 3.596636e-03 1.872007e+01
4.005559e-03 6.772821e-02 -9.976958e-01 -9.162228e+01 9.843127e-04 9.977030e-01 6.773266e-02 3.306475e+00 9.999915e-01 -1.253352e-03 3.929693e-03 1.872351e+01
4.057591e-03 7.002597e-02 -9.975369e-01 -9.279579e+01 2.071871e-03 9.975424e-01 7.003478e-02 3.357965e+00 9.999896e-01 -2.350940e-03 3.902534e-03 1.872311e+01
4.455219e-03 7.162380e-02 -9.974218e-01 -9.395641e+01 1.113531e-03 9.974307e-01 7.162941e-02 3.414164e+00 9.999895e-01 -1.429785e-03 4.364017e-03 1.872357e+01
4.986779e-03 7.331763e-02 -9.972962e-01 -9.510445e+01 -5.157923e-04 9.973086e-01 7.331597e-02 3.474938e+00 9.999874e-01 1.487871e-04 5.011174e-03 1.872259e+01
5.196406e-03 7.301636e-02 -9.973172e-01 -9.626932e+01 -1.961442e-03 9.973295e-01 7.300704e-02 3.533440e+00 9.999846e-01 1.576805e-03 5.325747e-03 1.871343e+01
5.366986e-03 6.961407e-02 -9.975596e-01 -9.740171e+01 -4.776203e-03 9.975643e-01 6.958870e-02 3.584506e+00 9.999742e-01 4.391065e-03 5.686405e-03 1.870761e+01
5.640173e-03 6.764124e-02 -9.976938e-01 -9.855811e+01 -6.395138e-03 9.976917e-01 6.760494e-02 3.641019e+00 9.999636e-01 5.999086e-03 6.059729e-03 1.870290e+01
5.800911e-03 6.669823e-02 -9.977563e-01 -9.970743e+01 -6.106164e-03 9.977569e-01 6.666277e-02 3.690223e+00 9.999645e-01 5.705759e-03 6.195169e-03 1.870111e+01
6.124214e-03 6.703884e-02 -9.977316e-01 -1.008452e+02 -4.811154e-03 9.977407e-01 6.700993e-02 3.740834e+00 9.999697e-01 4.389857e-03 6.432911e-03 1.870652e+01
5.788250e-03 6.931782e-02 -9.975778e-01 -1.020155e+02 -4.983952e-03 9.975842e-01 6.928934e-02 3.799582e+00 9.999708e-01 4.570816e-03 6.119743e-03 1.870621e+01
6.018360e-03 7.141729e-02 -9.974284e-01 -1.031526e+02 -3.384184e-03 9.974422e-01 7.139786e-02 3.852209e+00 9.999762e-01 2.945783e-03 6.244655e-03 1.871038e+01
5.510317e-03 7.088607e-02 -9.974692e-01 -1.043277e+02 -7.114398e-03 9.974619e-01 7.084624e-02 3.911933e+00 9.999595e-01 6.706008e-03 6.000643e-03 1.870123e+01
5.138440e-03 7.175305e-02 -9.974092e-01 -1.054925e+02 -1.109709e-02 9.973650e-01 7.169270e-02 3.977507e+00 9.999252e-01 1.069996e-02 5.921151e-03 1.869649e+01
5.155304e-03 7.138783e-02 -9.974353e-01 -1.066461e+02 -1.397743e-02 9.973563e-01 7.130993e-02 4.039077e+00 9.998890e-01 1.357396e-02 6.139493e-03 1.869035e+01
4.665687e-03 6.801066e-02 -9.976737e-01 -1.078352e+02 -1.462610e-02 9.975825e-01 6.793604e-02 4.095807e+00 9.998821e-01 1.427511e-02 5.649139e-03 1.868895e+01
3.964994e-03 6.366217e-02 -9.979636e-01 -1.090110e+02 -1.574089e-02 9.978518e-01 6.359250e-02 4.156313e+00 9.998682e-01 1.545669e-02 4.958575e-03 1.868793e+01
3.452747e-03 6.274958e-02 -9.980233e-01 -1.101813e+02 -1.168004e-02 9.979637e-01 6.270543e-02 4.209755e+00 9.999258e-01 1.144044e-02 4.178634e-03 1.868887e+01
3.005404e-03 6.237166e-02 -9.980485e-01 -1.113946e+02 -6.886375e-03 9.980306e-01 6.234981e-02 4.256761e+00 9.999718e-01 6.685549e-03 3.429000e-03 1.869221e+01
2.682979e-03 6.408256e-02 -9.979410e-01 -1.125762e+02 -6.626741e-03 9.979238e-01 6.406364e-02 4.313097e+00 9.999744e-01 6.441215e-03 3.102067e-03 1.869077e+01
1.673673e-03 6.796393e-02 -9.976864e-01 -1.138068e+02 -5.757106e-03 9.976719e-01 6.795329e-02 4.374733e+00 9.999820e-01 5.630055e-03 2.061052e-03 1.868921e+01
1.166694e-03 6.877377e-02 -9.976316e-01 -1.150224e+02 -4.203962e-03 9.976238e-01 6.876832e-02 4.434985e+00 9.999905e-01 4.113774e-03 1.453044e-03 1.868716e+01
8.942490e-04 6.461890e-02 -9.979096e-01 -1.162226e+02 -4.087630e-03 9.979019e-01 6.461474e-02 4.492401e+00 9.999912e-01 4.021304e-03 1.156511e-03 1.867929e+01
-1.933615e-04 6.078368e-02 -9.981509e-01 -1.174622e+02 -4.705360e-03 9.981399e-01 6.078392e-02 4.553526e+00 9.999889e-01 4.708413e-03 9.300730e-05 1.867346e+01
-6.204105e-04 5.944620e-02 -9.982313e-01 -1.186812e+02 -3.537114e-03 9.982251e-01 5.944803e-02 4.604112e+00 9.999936e-01 3.567740e-03 -4.090414e-04 1.866584e+01
-1.416482e-03 6.081269e-02 -9.981482e-01 -1.199379e+02 -4.625276e-03 9.981381e-01 6.081864e-02 4.657453e+00 9.999883e-01 4.702859e-03 -1.132569e-03 1.865433e+01
-2.069679e-03 6.545297e-02 -9.978535e-01 -1.211852e+02 -9.396956e-03 9.978103e-01 6.546963e-02 4.718735e+00 9.999537e-01 9.512287e-03 -1.450089e-03 1.864113e+01
-2.320213e-03 6.927803e-02 -9.975947e-01 -1.224296e+02 -1.498446e-02 9.974830e-01 6.930512e-02 4.779503e+00 9.998850e-01 1.510922e-02 -1.276279e-03 1.862749e+01
-2.745087e-03 6.948038e-02 -9.975795e-01 -1.237018e+02 -2.204726e-02 9.973366e-01 6.952413e-02 4.843860e+00 9.997532e-01 2.218475e-02 -1.205924e-03 1.860657e+01
-2.706426e-03 6.744405e-02 -9.977194e-01 -1.249549e+02 -2.571106e-02 9.973885e-01 6.749143e-02 4.906374e+00 9.996658e-01 2.583508e-02 -9.653004e-04 1.858960e+01
-2.850169e-03 6.646259e-02 -9.977848e-01 -1.261952e+02 -2.756905e-02 9.974044e-01 6.651600e-02 4.964325e+00 9.996158e-01 2.769756e-02 -1.010461e-03 1.857336e+01
-3.612588e-03 6.622312e-02 -9.977983e-01 -1.274660e+02 -2.763850e-02 9.974170e-01 6.629788e-02 5.022629e+00 9.996115e-01 2.781715e-02 -1.772949e-03 1.856124e+01
-3.656363e-03 6.586296e-02 -9.978220e-01 -1.287032e+02 -2.571171e-02 9.974926e-01 6.593543e-02 5.072376e+00 9.996627e-01 2.589679e-02 -1.953746e-03 1.855043e+01
-4.345444e-03 6.662937e-02 -9.977683e-01 -1.299729e+02 -2.600429e-02 9.974328e-01 6.672022e-02 5.129341e+00 9.996524e-01 2.623618e-02 -2.601639e-03 1.854280e+01
-5.163263e-03 7.162737e-02 -9.974181e-01 -1.312254e+02 -2.617324e-02 9.970800e-01 7.173858e-02 5.192677e+00 9.996441e-01 2.647607e-02 -3.273465e-03 1.853413e+01
-5.366348e-03 7.606470e-02 -9.970884e-01 -1.324592e+02 -2.423553e-02 9.968000e-01 7.617313e-02 5.257405e+00 9.996919e-01 2.457374e-02 -3.505707e-03 1.852650e+01
-5.581508e-03 7.529835e-02 -9.971454e-01 -1.337276e+02 -2.509876e-02 9.968363e-01 7.541550e-02 5.322698e+00 9.996694e-01 2.544804e-02 -3.673955e-03 1.851041e+01
-4.845090e-03 7.402588e-02 -9.972446e-01 -1.349736e+02 -2.557972e-02 9.969208e-01 7.412612e-02 5.392325e+00 9.996610e-01 2.586838e-02 -2.936610e-03 1.849911e+01
-3.444253e-03 7.407571e-02 -9.972467e-01 -1.362069e+02 -2.449875e-02 9.969470e-01 7.413806e-02 5.453542e+00 9.996939e-01 2.468665e-02 -1.618975e-03 1.848920e+01
-2.663584e-03 7.371658e-02 -9.972757e-01 -1.374687e+02 -2.500049e-02 9.969626e-01 7.376021e-02 5.518651e+00 9.996839e-01 2.512884e-02 -8.125438e-04 1.847770e+01
-1.599043e-03 7.574341e-02 -9.971261e-01 -1.386981e+02 -2.486298e-02 9.968161e-01 7.575974e-02 5.583047e+00 9.996896e-01 2.491267e-02 2.892552e-04 1.846911e+01
-8.062814e-04 7.926349e-02 -9.968534e-01 -1.399602e+02 -2.557450e-02 9.965260e-01 7.925815e-02 5.655657e+00 9.996726e-01 2.555793e-02 1.223644e-03 1.845903e+01
4.105119e-04 8.063150e-02 -9.967439e-01 -1.412060e+02 -2.657366e-02 9.963929e-01 8.059216e-02 5.725902e+00 9.996468e-01 2.645405e-02 2.551705e-03 1.845095e+01
1.459180e-03 7.815703e-02 -9.969400e-01 -1.424235e+02 -2.880151e-02 9.965308e-01 7.808279e-02 5.797789e+00 9.995841e-01 2.859944e-02 3.705158e-03 1.844283e+01
1.496123e-03 7.497272e-02 -9.971845e-01 -1.436724e+02 -2.760299e-02 9.968087e-01 7.490306e-02 5.868632e+00 9.996178e-01 2.741321e-02 3.560820e-03 1.843744e+01
1.726166e-03 7.367305e-02 -9.972810e-01 -1.449087e+02 -2.476165e-02 9.969798e-01 7.360795e-02 5.931155e+00 9.996919e-01 2.456726e-02 3.545219e-03 1.843546e+01
1.848214e-03 7.350635e-02 -9.972930e-01 -1.461244e+02 -2.355550e-02 9.970212e-01 7.344266e-02 5.993288e+00 9.997208e-01 2.335600e-02 3.574187e-03 1.843094e+01
1.516372e-03 7.396391e-02 -9.972598e-01 -1.473748e+02 -2.156432e-02 9.970314e-01 7.391418e-02 6.061719e+00 9.997663e-01 2.139315e-02 3.106852e-03 1.843130e+01
1.771384e-03 7.329244e-02 -9.973089e-01 -1.485871e+02 -1.927475e-02 9.971277e-01 7.324488e-02 6.115132e+00 9.998127e-01 1.909313e-02 3.178990e-03 1.842725e+01
1.377202e-03 7.347260e-02 -9.972963e-01 -1.498342e+02 -1.906651e-02 9.971179e-01 7.343312e-02 6.185520e+00 9.998173e-01 1.891382e-02 2.774099e-03 1.842595e+01
1.319346e-03 7.586227e-02 -9.971174e-01 -1.510652e+02 -1.731164e-02 9.969706e-01 7.582819e-02 6.251866e+00 9.998493e-01 1.716170e-02 2.628649e-03 1.842454e+01
1.457164e-03 7.762025e-02 -9.969819e-01 -1.522731e+02 -1.460096e-02 9.968784e-01 7.759084e-02 6.318721e+00 9.998923e-01 1.444383e-02 2.585945e-03 1.842658e+01
9.919176e-04 7.655507e-02 -9.970649e-01 -1.535105e+02 -1.306284e-02 9.969813e-01 7.653566e-02 6.383871e+00 9.999142e-01 1.294858e-02 1.988950e-03 1.842301e+01
6.041402e-04 7.692767e-02 -9.970365e-01 -1.547348e+02 -1.408764e-02 9.969384e-01 7.691156e-02 6.455452e+00 9.999006e-01 1.399943e-02 1.686020e-03 1.841619e+01
8.892745e-04 8.189474e-02 -9.966406e-01 -1.559409e+02 -1.465387e-02 9.965350e-01 8.187299e-02 6.520858e+00 9.998922e-01 1.453184e-02 2.086268e-03 1.841204e+01
7.569532e-04 8.837293e-02 -9.960872e-01 -1.571808e+02 -1.862965e-02 9.959158e-01 8.834357e-02 6.605123e+00 9.998262e-01 1.848989e-02 2.400219e-03 1.840290e+01
1.998322e-03 8.923159e-02 -9.960089e-01 -1.583784e+02 -2.432240e-02 9.957206e-01 8.915696e-02 6.682157e+00 9.997022e-01 2.404717e-02 4.160097e-03 1.839659e+01
3.083169e-03 8.548044e-02 -9.963351e-01 -1.596147e+02 -2.775576e-02 9.959633e-01 8.536265e-02 6.764904e+00 9.996100e-01 2.739085e-02 5.443298e-03 1.838361e+01
4.442710e-03 8.069234e-02 -9.967292e-01 -1.608298e+02 -3.060147e-02 9.962831e-01 8.051984e-02 6.836111e+00 9.995218e-01 3.014365e-02 6.895501e-03 1.837803e+01
5.487053e-03 7.879176e-02 -9.968760e-01 -1.620187e+02 -3.267580e-02 9.963728e-01 7.857213e-02 6.914349e+00 9.994509e-01 3.214259e-02 8.041733e-03 1.838129e+01
6.555807e-03 7.587602e-02 -9.970957e-01 -1.632453e+02 -2.749379e-02 9.967539e-01 7.566924e-02 6.977735e+00 9.996005e-01 2.691787e-02 8.620645e-03 1.838661e+01
7.055845e-03 7.173772e-02 -9.973986e-01 -1.644561e+02 -2.347211e-02 9.971605e-01 7.155455e-02 7.043850e+00 9.996996e-01 2.290617e-02 8.719645e-03 1.839241e+01
7.253226e-03 6.905374e-02 -9.975866e-01 -1.656535e+02 -1.791933e-02 9.974616e-01 6.891480e-02 7.099251e+00 9.998131e-01 1.737623e-02 8.472211e-03 1.840340e+01
6.451286e-03 7.136134e-02 -9.974297e-01 -1.668863e+02 -1.461094e-02 9.973507e-01 7.126118e-02 7.163986e+00 9.998724e-01 1.411366e-02 7.476851e-03 1.840456e+01
6.842554e-03 7.829105e-02 -9.969071e-01 -1.680937e+02 -1.462184e-02 9.968317e-01 7.818476e-02 7.232390e+00 9.998697e-01 1.404163e-02 7.965633e-03 1.841212e+01
8.017775e-03 8.122053e-02 -9.966639e-01 -1.693306e+02 -1.523858e-02 9.965901e-01 8.109193e-02 7.306276e+00 9.998517e-01 1.453757e-02 9.228121e-03 1.841001e+01
9.643848e-03 7.906077e-02 -9.968231e-01 -1.705293e+02 -1.704809e-02 9.967376e-01 7.888905e-02 7.369564e+00 9.998082e-01 1.623314e-02 1.096022e-02 1.840994e+01
1.074357e-02 7.885005e-02 -9.968286e-01 -1.717111e+02 -1.843024e-02 9.967324e-01 7.864380e-02 7.443277e+00 9.997724e-01 1.752687e-02 1.216169e-02 1.841384e+01
1.121934e-02 8.015273e-02 -9.967195e-01 -1.729420e+02 -1.737778e-02 9.966473e-01 7.995132e-02 7.516883e+00 9.997860e-01 1.642378e-02 1.257460e-02 1.842268e+01
1.229977e-02 7.897497e-02 -9.968007e-01 -1.741384e+02 -1.728781e-02 9.967439e-01 7.875715e-02 7.579779e+00 9.997749e-01 1.626381e-02 1.362502e-02 1.843042e+01
1.407412e-02 7.791837e-02 -9.968604e-01 -1.752923e+02 -1.818382e-02 9.968142e-01 7.765803e-02 7.639303e+00 9.997356e-01 1.703376e-02 1.544613e-02 1.844119e+01
1.528655e-02 7.947878e-02 -9.967193e-01 -1.764610e+02 -1.903164e-02 9.966784e-01 7.918362e-02 7.705382e+00 9.997020e-01 1.775876e-02 1.674839e-02 1.844775e+01
1.676519e-02 8.154289e-02 -9.965288e-01 -1.775625e+02 -1.913041e-02 9.965126e-01 8.121972e-02 7.761425e+00 9.996764e-01 1.770234e-02 1.826667e-02 1.846194e+01
1.709510e-02 8.313518e-02 -9.963916e-01 -1.786765e+02 -1.984044e-02 9.963693e-01 8.279291e-02 7.817168e+00 9.996570e-01 1.835349e-02 1.868247e-02 1.846815e+01
1.727993e-02 8.445731e-02 -9.962773e-01 -1.797438e+02 -2.033690e-02 9.962496e-01 8.410223e-02 7.877850e+00 9.996438e-01 1.880791e-02 1.893272e-02 1.847972e+01
1.748887e-02 8.560386e-02 -9.961757e-01 -1.807601e+02 -1.962800e-02 9.961655e-01 8.525839e-02 7.930754e+00 9.996544e-01 1.806186e-02 1.910204e-02 1.849526e+01
1.774045e-02 8.526508e-02 -9.962004e-01 -1.817783e+02 -2.026960e-02 9.961831e-01 8.490263e-02 7.985417e+00 9.996371e-01 1.868637e-02 1.940103e-02 1.850003e+01
1.926226e-02 8.562786e-02 -9.961410e-01 -1.827377e+02 -2.114365e-02 9.961379e-01 8.521875e-02 8.037009e+00 9.995909e-01 1.942055e-02 2.099835e-02 1.851760e+01
2.005218e-02 8.635350e-02 -9.960627e-01 -1.837004e+02 -2.161478e-02 9.960677e-01 8.591879e-02 8.096096e+00 9.995653e-01 1.980681e-02 2.183984e-02 1.852899e+01
1.941821e-02 8.517568e-02 -9.961767e-01 -1.846376e+02 -2.072061e-02 9.961849e-01 8.477248e-02 8.146478e+00 9.995967e-01 1.899526e-02 2.110902e-02 1.854637e+01
1.681585e-02 8.241836e-02 -9.964559e-01 -1.855558e+02 -1.792480e-02 9.964615e-01 8.211633e-02 8.191643e+00 9.996979e-01 1.648042e-02 1.823368e-02 1.855938e+01
1.208369e-02 7.893173e-02 -9.968068e-01 -1.864875e+02 -1.754512e-02 9.967428e-01 7.871398e-02 8.242842e+00 9.997731e-01 1.653794e-02 1.342920e-02 1.856118e+01
7.293305e-03 7.586340e-02 -9.970915e-01 -1.874042e+02 -1.921846e-02 9.969445e-01 7.571164e-02 8.296415e+00 9.997887e-01 1.861037e-02 8.728998e-03 1.855707e+01
3.731488e-03 7.534914e-02 -9.971502e-01 -1.883041e+02 -2.048185e-02 9.969537e-01 7.525765e-02 8.346962e+00 9.997833e-01 2.014266e-02 5.263411e-03 1.855294e+01
5.793658e-04 7.614498e-02 -9.970966e-01 -1.892382e+02 -2.150359e-02 9.968671e-01 7.611497e-02 8.400475e+00 9.997686e-01 2.139706e-02 2.214941e-03 1.854081e+01
-1.257197e-03 7.778811e-02 -9.969691e-01 -1.901392e+02 -2.055596e-02 9.967572e-01 7.779750e-02 8.451360e+00 9.997879e-01 2.059146e-02 3.458886e-04 1.854068e+01
-3.053000e-03 7.951155e-02 -9.968293e-01 -1.910667e+02 -1.800215e-02 9.966680e-01 7.955382e-02 8.500957e+00 9.998333e-01 1.818795e-02 -1.611448e-03 1.853630e+01
-4.474721e-03 8.039492e-02 -9.967530e-01 -1.919708e+02 -1.685886e-02 9.966153e-01 8.045950e-02 8.553246e+00 9.998479e-01 1.716415e-02 -3.104209e-03 1.852952e+01
-5.147352e-03 7.988738e-02 -9.967906e-01 -1.928604e+02 -1.725513e-02 9.966483e-01 7.996508e-02 8.600405e+00 9.998379e-01 1.761136e-02 -3.751632e-03 1.852656e+01
-5.815839e-03 7.906617e-02 -9.968524e-01 -1.937720e+02 -1.877585e-02 9.966849e-01 7.916243e-02 8.653837e+00 9.998068e-01 1.917715e-02 -4.312024e-03 1.850759e+01
-5.648749e-03 7.840513e-02 -9.969056e-01 -1.946596e+02 -2.215159e-02 9.966670e-01 7.851189e-02 8.710023e+00 9.997387e-01 2.252654e-02 -3.893123e-03 1.849952e+01
-5.121739e-03 7.694044e-02 -9.970225e-01 -1.955776e+02 -2.442959e-02 9.967284e-01 7.704324e-02 8.759784e+00 9.996884e-01 2.475144e-02 -3.225360e-03 1.848412e+01
-4.229241e-03 7.456075e-02 -9.972075e-01 -1.964831e+02 -2.451135e-02 9.969091e-01 7.464239e-02 8.812844e+00 9.996906e-01 2.475858e-02 -2.388585e-03 1.847599e+01
-3.280263e-03 7.207393e-02 -9.973939e-01 -1.973737e+02 -2.416868e-02 9.971022e-01 7.213234e-02 8.864177e+00 9.997025e-01 2.434231e-02 -1.528826e-03 1.847056e+01
