1.000000e+00 0.000000e+00 0.000000e+00 0.000000e+00 0.000000e+00 1.000000e+00 0.000000e+00 0.000000e+00 0.000000e+00 0.000000e+00 1.000000e+00 0.000000e+00
9.999470e-01 -2.162642e-03 1.006473e-02 1.691320e-02 2.151086e-03 9.999970e-01 1.158884e-03 -7.804041e-03 -1.006721e-02 -1.137172e-03 9.999487e-01 2.768029e-01
9.998572e-01 -3.807299e-03 1.646245e-02 3.071908e-02 3.782033e-03 9.999916e-01 1.565611e-03 -1.192820e-02 -1.646827e-02 -1.503126e-03 9.998633e-01 5.558336e-01
9.998093e-01 -6.168006e-03 1.853125e-02 3.902867e-02 6.159407e-03 9.999809e-01 5.210555e-04 -1.525361e-02 -1.853411e-02 -4.068146e-04 9.998281e-01 8.507373e-01
9.998319e-01 -7.515787e-03 1.672304e-02 4.067800e-02 7.524820e-03 9.999716e-01 -4.772775e-04 -1.738626e-02 -1.671898e-02 6.030352e-04 9.998600e-01 1.152031e+00
9.999015e-01 -1.007942e-02 9.765913e-03 4.019629e-02 1.009924e-02 9.999470e-01 -1.982255e-03 -1.804914e-02 -9.745416e-03 2.080689e-03 9.999503e-01 1.464884e+00
9.999338e-01 -1.131774e-02 -2.082306e-03 2.968429e-02 1.131129e-02 9.999313e-01 -3.081866e-03 -2.618813e-02 2.117043e-03 3.058109e-03 9.999931e-01 1.785183e+00
9.997796e-01 -1.105808e-02 -1.784552e-02 5.717246e-03 1.100279e-02 9.999344e-01 -3.193622e-03 -3.246961e-02 1.787966e-02 2.996567e-03 9.998357e-01 2.109798e+00
9.992891e-01 -6.916822e-03 -3.706126e-02 -2.725047e-02 6.785554e-03 9.999703e-01 -3.666543e-03 -3.919382e-02 3.708551e-02 3.412455e-03 9.993063e-01 2.444345e+00
9.983886e-01 -2.515354e-03 -5.669038e-02 -6.791822e-02 2.256743e-03 9.999868e-01 -4.625378e-03 -4.511414e-02 5.670126e-02 4.489989e-03 9.983811e-01 2.787429e+00
9.970723e-01 -1.942492e-03 -7.644003e-02 -1.120242e-01 1.611452e-03 9.999891e-01 -4.392162e-03 -4.949912e-02 7.644772e-02 4.256123e-03 9.970645e-01 3.137860e+00
9.952016e-01 -2.568795e-03 -9.781226e-02 -1.616302e-01 2.221564e-03 9.999908e-01 -3.658722e-03 -5.425950e-02 9.782076e-02 3.423870e-03 9.951982e-01 3.509258e+00
9.930582e-01 -3.302268e-03 -1.175780e-01 -2.176475e-01 3.003833e-03 9.999918e-01 -2.715311e-03 -6.152586e-02 1.175860e-01 2.343277e-03 9.930599e-01 3.885205e+00
9.908394e-01 -2.810636e-03 -1.350159e-01 -2.903158e-01 2.568139e-03 9.999948e-01 -1.970197e-03 -6.727230e-02 1.350207e-01 1.605409e-03 9.908415e-01 4.273642e+00
9.884992e-01 -2.136781e-03 -1.512112e-01 -3.690016e-01 1.973096e-03 9.999973e-01 -1.232521e-03 -7.367788e-02 1.512134e-01 9.199918e-04 9.885007e-01 4.682120e+00
9.863216e-01 -1.637466e-03 -1.648241e-01 -4.512139e-01 1.503760e-03 9.999984e-01 -9.359845e-04 -7.754230e-02 1.648254e-01 6.753259e-04 9.863225e-01 5.085455e+00
9.841203e-01 -2.677502e-03 -1.774826e-01 -5.399861e-01 2.451956e-03 9.999959e-01 -1.490128e-03 -8.156594e-02 1.774858e-01 1.031286e-03 9.841228e-01 5.512209e+00
9.822810e-01 -5.557748e-03 -1.873316e-01 -6.256156e-01 4.982236e-03 9.999813e-01 -3.542851e-03 -9.135464e-02 1.873478e-01 2.546745e-03 9.822903e-01 5.953638e+00
9.807911e-01 -4.917498e-03 -1.949991e-01 -7.213682e-01 4.019609e-03 9.999794e-01 -5.000021e-03 -9.677588e-02 1.950197e-01 4.120156e-03 9.807907e-01 6.409526e+00
9.791585e-01 -4.989927e-03 -2.030364e-01 -8.334704e-01 3.790007e-03 9.999730e-01 -6.298257e-03 -9.719763e-02 2.030623e-01 5.397483e-03 9.791509e-01 6.880960e+00
9.775794e-01 -6.276382e-03 -2.104735e-01 -9.423555e-01 4.521073e-03 9.999509e-01 -8.819952e-03 -1.057195e-01 2.105185e-01 7.670638e-03 9.775598e-01 7.359135e+00
9.757542e-01 -9.725646e-03 -2.186529e-01 -1.056953e+00 7.599455e-03 9.999153e-01 -1.056296e-02 -1.146172e-01 2.187371e-01 8.645215e-03 9.757455e-01 7.863493e+00
9.739032e-01 -1.558943e-02 -2.264277e-01 -1.176398e+00 1.328679e-02 9.998434e-01 -1.168999e-02 -1.275621e-01 2.265745e-01 8.376417e-03 9.739578e-01 8.377906e+00
9.719980e-01 -1.660363e-02 -2.344017e-01 -1.304056e+00 1.380629e-02 9.998126e-01 -1.357001e-02 -1.468286e-01 2.345831e-01 9.953804e-03 9.720451e-01 8.898789e+00
9.698836e-01 -1.325925e-02 -2.432079e-01 -1.458038e+00 9.114099e-03 9.997935e-01 -1.816100e-02 -1.511626e-01 2.433985e-01 1.539744e-02 9.698042e-01 9.426546e+00
9.678087e-01 -9.957187e-03 -2.514899e-01 -1.610681e+00 4.790043e-03 9.997648e-01 -2.114995e-02 -1.653713e-01 2.516414e-01 1.926446e-02 9.676288e-01 9.958875e+00
9.654211e-01 -1.197800e-02 -2.604200e-01 -1.763583e+00 6.224839e-03 9.997183e-01 -2.290545e-02 -1.849641e-01 2.606210e-01 2.049233e-02 9.652237e-01 1.051836e+01
9.631457e-01 -1.357234e-02 -2.686377e-01 -1.923000e+00 7.235993e-03 9.996721e-01 -2.456311e-02 -2.097899e-01 2.688830e-01 2.171399e-02 9.629280e-01 1.109030e+01
9.610044e-01 -1.389295e-02 -2.761840e-01 -2.096398e+00 6.672702e-03 9.996114e-01 -2.706549e-02 -2.299799e-01 2.764527e-01 2.416716e-02 9.607236e-01 1.166073e+01
9.585082e-01 -1.332390e-02 -2.847534e-01 -2.284467e+00 4.763421e-03 9.995162e-01 -3.073424e-02 -2.495967e-01 2.850251e-01 2.810262e-02 9.581080e-01 1.224710e+01
9.564032e-01 -1.403594e-02 -2.917121e-01 -2.471648e+00 3.803171e-03 9.993583e-01 -3.561583e-02 -2.751672e-01 2.920248e-01 3.295366e-02 9.558429e-01 1.283036e+01
9.544466e-01 -1.465183e-02 -2.980219e-01 -2.669557e+00 2.042911e-03 9.990911e-01 -4.257629e-02 -3.107244e-01 2.983748e-01 4.002796e-02 9.536090e-01 1.343913e+01
9.530467e-01 -1.491920e-02 -3.024557e-01 -2.875892e+00 -4.127887e-04 9.987207e-01 -5.056448e-02 -3.438128e-01 3.028232e-01 4.831516e-02 9.518213e-01 1.404862e+01
9.518796e-01 -1.495168e-02 -3.061074e-01 -3.081502e+00 -3.365198e-03 9.982391e-01 -5.922306e-02 -3.840897e-01 3.064538e-01 5.740334e-02 9.501531e-01 1.466503e+01
9.504342e-01 -1.425310e-02 -3.105989e-01 -3.305052e+00 -7.315740e-03 9.976471e-01 -6.816730e-02 -4.277609e-01 3.108397e-01 6.706080e-02 9.480936e-01 1.530617e+01
9.491725e-01 -1.314641e-02 -3.144818e-01 -3.530835e+00 -1.106841e-02 9.971154e-01 -7.508962e-02 -4.805371e-01 3.145618e-01 7.475382e-02 9.462889e-01 1.594471e+01
9.473604e-01 -1.178823e-02 -3.199520e-01 -3.769906e+00 -1.497905e-02 9.965958e-01 -8.107047e-02 -5.365608e-01 3.198185e-01 8.159553e-02 9.439588e-01 1.659518e+01
9.457072e-01 -1.032742e-02 -3.248558e-01 -4.013226e+00 -1.886086e-02 9.960670e-01 -8.657273e-02 -6.008977e-01 3.244722e-01 8.799951e-02 9.417929e-01 1.725387e+01
9.440802e-01 -8.269994e-03 -3.296123e-01 -4.260476e+00 -2.323012e-02 9.955328e-01 -9.151402e-02 -6.699649e-01 3.288967e-01 9.405351e-02 9.396706e-01 1.791563e+01
9.422295e-01 -5.522699e-03 -3.349225e-01 -4.530597e+00 -2.782510e-02 9.951180e-01 -9.468868e-02 -7.408655e-01 3.338103e-01 9.853772e-02 9.374759e-01 1.861582e+01
9.405061e-01 -4.440704e-03 -3.397479e-01 -4.789563e+00 -2.999023e-02 9.949271e-01 -9.602464e-02 -8.123259e-01 3.384508e-01 1.005009e-01 9.356017e-01 1.930289e+01
9.382097e-01 -3.568701e-03 -3.460488e-01 -5.070041e+00 -3.121185e-02 9.949990e-01 -9.488291e-02 -8.947414e-01 3.446568e-01 9.982089e-02 9.334064e-01 2.002032e+01
9.358950e-01 -3.497288e-03 -3.522617e-01 -5.350534e+00 -3.147273e-02 9.951220e-01 -9.349697e-02 -9.717974e-01 3.508704e-01 9.858998e-02 9.312196e-01 2.073788e+01
9.333778e-01 -3.018810e-03 -3.588826e-01 -5.628312e+00 -3.203357e-02 9.952727e-01 -9.168448e-02 -1.049278e+00 3.574629e-01 9.707256e-02 9.288688e-01 2.145379e+01
9.305236e-01 -2.596616e-03 -3.662227e-01 -5.917035e+00 -3.211018e-02 9.955455e-01 -8.864641e-02 -1.125491e+00 3.648216e-01 9.424705e-02 9.262952e-01 2.215650e+01
9.264915e-01 5.263904e-04 -3.763154e-01 -6.245921e+00 -3.432354e-02 9.959490e-01 -8.311169e-02 -1.201596e+00 3.747471e-01 8.991875e-02 9.227563e-01 2.295834e+01
9.232096e-01 2.626572e-03 -3.842879e-01 -6.568343e+00 -3.505979e-02 9.963822e-01 -7.741714e-02 -1.278361e+00 3.826942e-01 8.494530e-02 9.199616e-01 2.368641e+01
9.195998e-01 5.752737e-03 -3.928143e-01 -6.903372e+00 -3.754242e-02 9.966035e-01 -7.329369e-02 -1.346769e+00 3.910585e-01 8.214807e-02 9.166924e-01 2.443385e+01
9.158680e-01 7.003364e-03 -4.014184e-01 -7.236355e+00 -3.897051e-02 9.966772e-01 -7.152574e-02 -1.415156e+00 3.995836e-01 8.115161e-02 9.130977e-01 2.516837e+01
9.117480e-01 8.190827e-03 -4.106683e-01 -7.590273e+00 -4.067854e-02 9.966867e-01 -7.043370e-02 -1.484727e+00 4.087307e-01 8.092318e-02 9.090603e-01 2.592812e+01
9.080146e-01 8.368581e-03 -4.188550e-01 -7.945825e+00 -4.110277e-02 9.967564e-01 -6.918977e-02 -1.547925e+00 4.169174e-01 8.004142e-02 9.054133e-01 2.667289e+01
9.039955e-01 9.089964e-03 -4.274453e-01 -8.326125e+00 -4.186657e-02 9.968510e-01 -6.734393e-02 -1.614026e+00 4.254871e-01 7.877428e-02 9.015294e-01 2.744369e+01
9.000657e-01 9.088541e-03 -4.356595e-01 -8.708679e+00 -4.152884e-02 9.970208e-01 -6.499851e-02 -1.681185e+00 4.337708e-01 7.659536e-02 8.977617e-01 2.821762e+01
8.963996e-01 9.588727e-03 -4.431430e-01 -9.098788e+00 -4.085802e-02 9.972969e-01 -6.106902e-02 -1.744263e+00 4.413596e-01 7.284819e-02 8.943684e-01 2.899456e+01
8.924619e-01 1.145102e-02 -4.509775e-01 -9.515708e+00 -4.068058e-02 9.976477e-01 -5.517300e-02 -1.801714e+00 4.492849e-01 6.758582e-02 8.908284e-01 2.979850e+01
8.888257e-01 1.102329e-02 -4.581129e-01 -9.934163e+00 -3.851488e-02 9.979704e-01 -5.071259e-02 -1.863168e+00 4.566241e-01 6.271881e-02 8.874462e-01 3.058929e+01
8.849847e-01 1.065665e-02 -4.654982e-01 -1.036946e+01 -3.767580e-02 9.980988e-01 -4.877811e-02 -1.920495e+00 4.640934e-01 6.070590e-02 8.837036e-01 3.140470e+01
8.816578e-01 1.072175e-02 -4.717675e-01 -1.081081e+01 -3.756883e-02 9.981633e-01 -4.752508e-02 -1.974100e+00 4.703914e-01 5.962461e-02 8.804412e-01 3.221676e+01
8.786605e-01 1.065428e-02 -4.773283e-01 -1.125902e+01 -3.691488e-02 9.982743e-01 -4.567036e-02 -2.021703e+00 4.760180e-01 5.774926e-02 8.775374e-01 3.302420e+01
8.753920e-01 9.470667e-03 -4.833210e-01 -1.173198e+01 -3.519687e-02 9.984032e-01 -4.418494e-02 -2.075783e+00 4.821308e-01 5.569053e-02 8.743274e-01 3.386439e+01
8.727058e-01 8.475692e-03 -4.881728e-01 -1.220582e+01 -3.413184e-02 9.984623e-01 -4.368208e-02 -2.127703e+00 4.870519e-01 5.478384e-02 8.716531e-01 3.470078e+01
8.707382e-01 7.761425e-03 -4.916856e-01 -1.268577e+01 -3.354554e-02 9.984837e-01 -4.364521e-02 -2.179307e+00 4.906014e-01 5.449741e-02 8.696783e-01 3.553595e+01
8.690224e-01 8.068613e-03 -4.947070e-01 -1.318873e+01 -3.406182e-02 9.984704e-01 -4.354944e-02 -2.227982e+00 4.935989e-01 5.469606e-02 8.679680e-01 3.639976e+01
8.686102e-01 8.210732e-03 -4.954280e-01 -1.369068e+01 -3.363186e-02 9.985338e-01 -4.241643e-02 -2.278605e+00 4.943533e-01 5.350551e-02 8.676128e-01 3.726202e+01
8.681506e-01 8.506885e-03 -4.962279e-01 -1.420828e+01 -3.309736e-02 9.986196e-01 -4.078440e-02 -2.328346e+00 4.951959e-01 5.183084e-02 8.672338e-01 3.815493e+01
8.677503e-01 7.725464e-03 -4.969404e-01 -1.472021e+01 -3.177127e-02 9.986963e-01 -3.995275e-02 -2.379743e+00 4.959839e-01 5.045744e-02 8.668645e-01 3.904770e+01
8.673246e-01 6.277720e-03 -4.977034e-01 -1.523290e+01 -3.022657e-02 9.987393e-01 -4.007696e-02 -2.430390e+00 4.968243e-01 4.980360e-02 8.664209e-01 3.993944e+01
8.659994e-01 4.797470e-03 -5.000220e-01 -1.575790e+01 -2.863584e-02 9.987888e-01 -4.001217e-02 -2.482796e+00 4.992244e-01 4.896907e-02 8.650879e-01 4.085416e+01
8.646467e-01 4.323360e-03 -5.023617e-01 -1.629195e+01 -2.710215e-02 9.989082e-01 -3.805056e-02 -2.533234e+00 5.016488e-01 4.651537e-02 8.638199e-01 4.175845e+01
8.623599e-01 5.193132e-03 -5.062691e-01 -1.682896e+01 -2.634909e-02 9.990527e-01 -3.463412e-02 -2.583669e+00 5.056096e-01 4.320681e-02 8.616798e-01 4.267269e+01
8.595274e-01 4.798503e-03 -5.110671e-01 -1.737686e+01 -2.354696e-02 9.992659e-01 -3.021967e-02 -2.635767e+00 5.105469e-01 3.800871e-02 8.590094e-01 4.358404e+01
8.558409e-01 4.069420e-03 -5.172231e-01 -1.791723e+01 -2.174582e-02 9.993680e-01 -2.811962e-02 -2.681816e+00 5.167818e-01 3.531337e-02 8.553886e-01 4.446567e+01
8.503868e-01 9.022276e-04 -5.261572e-01 -1.847657e+01 -1.951052e-02 9.993649e-01 -2.981967e-02 -2.734137e+00 5.257961e-01 3.562385e-02 8.498643e-01 4.536879e+01
8.449785e-01 -1.880506e-03 -5.347970e-01 -1.904164e+01 -1.891426e-02 9.992631e-01 -3.339821e-02 -2.784549e+00 5.344657e-01 3.833606e-02 8.443203e-01 4.625503e+01
8.386198e-01 -1.903731e-03 -5.447139e-01 -1.962305e+01 -1.902774e-02 9.992812e-01 -3.278676e-02 -2.828514e+00 5.443848e-01 3.786030e-02 8.379808e-01 4.714294e+01
8.326200e-01 1.373530e-03 -5.538429e-01 -2.021409e+01 -2.010988e-02 9.994125e-01 -2.775365e-02 -2.871890e+00 5.534794e-01 3.424596e-02 8.321585e-01 4.802296e+01
8.274341e-01 5.276867e-03 -5.615380e-01 -2.082570e+01 -2.163738e-02 9.995129e-01 -2.249039e-02 -2.920925e+00 5.611458e-01 3.075952e-02 8.271452e-01 4.889361e+01
8.231654e-01 6.335222e-03 -5.677663e-01 -2.143107e+01 -2.394970e-02 9.994352e-01 -2.357117e-02 -2.960841e+00 5.672963e-01 3.300080e-02 8.228522e-01 4.976557e+01
8.200731e-01 4.251185e-03 -5.722431e-01 -2.204310e+01 -2.485529e-02 9.992933e-01 -2.819602e-02 -3.003020e+00 5.717188e-01 3.734606e-02 8.195992e-01 5.062484e+01
8.171958e-01 1.765565e-03 -5.763575e-01 -2.265689e+01 -2.662746e-02 9.990432e-01 -3.469369e-02 -3.054067e+00 5.757448e-01 4.369848e-02 8.164609e-01 5.147236e+01
8.138388e-01 1.221090e-03 -5.810894e-01 -2.328165e+01 -2.730555e-02 9.989735e-01 -3.614329e-02 -3.101012e+00 5.804488e-01 4.528178e-02 8.130368e-01 5.233674e+01
8.110335e-01 2.254070e-03 -5.849954e-01 -2.390252e+01 -2.641764e-02 9.991135e-01 -3.277550e-02 -3.151085e+00 5.844030e-01 4.203622e-02 8.103741e-01 5.318615e+01
8.073393e-01 4.897130e-03 -5.900672e-01 -2.454119e+01 -2.552255e-02 9.993196e-01 -2.662673e-02 -3.199228e+00 5.895353e-01 3.655682e-02 8.069149e-01 5.404869e+01
8.043147e-01 6.192439e-03 -5.941713e-01 -2.518627e+01 -2.491540e-02 9.994177e-01 -2.331144e-02 -3.243515e+00 5.936809e-01 3.355374e-02 8.040007e-01 5.490006e+01
8.013985e-01 7.660098e-03 -5.980818e-01 -2.582389e+01 -2.714643e-02 9.993534e-01 -2.357531e-02 -3.282574e+00 5.975145e-01 3.512900e-02 8.010883e-01 5.574742e+01
7.975459e-01 6.442768e-03 -6.032239e-01 -2.647385e+01 -2.677539e-02 9.993356e-01 -2.472733e-02 -3.325567e+00 6.026638e-01 3.587274e-02 7.971885e-01 5.659464e+01
7.938623e-01 4.367463e-03 -6.080818e-01 -2.712544e+01 -2.638369e-02 9.992799e-01 -2.726721e-02 -3.373543e+00 6.075249e-01 3.768986e-02 7.934059e-01 5.744205e+01
7.898927e-01 3.583985e-03 -6.132346e-01 -2.778042e+01 -2.576594e-02 9.992938e-01 -2.734821e-02 -3.415801e+00 6.127036e-01 3.740272e-02 7.894272e-01 5.827350e+01
7.851021e-01 3.404329e-03 -6.193570e-01 -2.845165e+01 -2.480905e-02 9.993552e-01 -2.595515e-02 -3.458903e+00 6.188693e-01 3.574310e-02 7.846804e-01 5.911375e+01
7.803932e-01 3.772440e-03 -6.252777e-01 -2.912408e+01 -2.485520e-02 9.993786e-01 -2.499167e-02 -3.500678e+00 6.247949e-01 3.504473e-02 7.800020e-01 5.994258e+01
7.747307e-01 3.150101e-03 -6.322835e-01 -2.981075e+01 -2.473097e-02 9.993733e-01 -2.532363e-02 -3.547931e+00 6.318075e-01 3.525598e-02 7.743231e-01 6.077201e+01
7.692720e-01 2.104830e-03 -6.389179e-01 -3.050580e+01 -2.432568e-02 9.993660e-01 -2.599641e-02 -3.591557e+00 6.384581e-01 3.554043e-02 7.688355e-01 6.159775e+01
7.638448e-01 1.181269e-03 -6.453989e-01 -3.120265e+01 -2.389585e-02 9.993644e-01 -2.645217e-02 -3.635152e+00 6.449575e-01 3.562770e-02 7.633875e-01 6.241199e+01
7.578992e-01 2.412754e-04 -6.523716e-01 -3.191993e+01 -2.357005e-02 9.993572e-01 -2.701314e-02 -3.679425e+00 6.519458e-01 3.584967e-02 7.574177e-01 6.323557e+01
7.521933e-01 -1.719619e-03 -6.589403e-01 -3.263749e+01 -2.232013e-02 9.993563e-01 -2.808687e-02 -3.725129e+00 6.585644e-01 3.583439e-02 7.516707e-01 6.404584e+01
7.458313e-01 -1.967491e-03 -6.661320e-01 -3.337366e+01 -2.209526e-02 9.993723e-01 -2.769060e-02 -3.769770e+00 6.657684e-01 3.537087e-02 7.453197e-01 6.486149e+01
7.395797e-01 -1.774687e-03 -6.730666e-01 -3.411453e+01 -2.117600e-02 9.994401e-01 -2.590387e-02 -3.812164e+00 6.727358e-01 3.341084e-02 7.391281e-01 6.566890e+01
7.332545e-01 -2.212009e-03 -6.799506e-01 -3.486191e+01 -1.988329e-02 9.994973e-01 -2.469357e-02 -3.856002e+00 6.796635e-01 3.162633e-02 7.328420e-01 6.646511e+01
7.266371e-01 -3.094416e-03 -6.870145e-01 -3.562399e+01 -1.929315e-02 9.995036e-01 -2.490777e-02 -3.901794e+00 6.867505e-01 3.135358e-02 7.262167e-01 6.726508e+01
7.204234e-01 -4.762437e-03 -6.935182e-01 -3.639883e+01 -1.889279e-02 9.994706e-01 -2.648917e-02 -3.950279e+00 6.932771e-01 3.218591e-02 7.199520e-01 6.805854e+01
7.145872e-01 -3.603172e-03 -6.995371e-01 -3.717675e+01 -2.060768e-02 9.994443e-01 -2.619897e-02 -3.991431e+00 6.992428e-01 3.313729e-02 7.141159e-01 6.884318e+01
7.088714e-01 -3.036284e-03 -7.053312e-01 -3.797230e+01 -2.036651e-02 9.994857e-01 -2.477129e-02 -4.034522e+00 7.050436e-01 3.192480e-02 7.084450e-01 6.962939e+01
7.039990e-01 -2.395061e-03 -7.101969e-01 -3.877225e+01 -2.108953e-02 9.994828e-01 -2.427612e-02 -4.077685e+00 7.098877e-01 3.206808e-02 7.035844e-01 7.041259e+01
6.988685e-01 -2.599494e-03 -7.152454e-01 -3.958760e+01 -2.144781e-02 9.994675e-01 -2.458920e-02 -4.123258e+00 7.149285e-01 3.252506e-02 6.984407e-01 7.119654e+01
6.938575e-01 -4.401729e-03 -7.200989e-01 -4.041443e+01 -2.180608e-02 9.993943e-01 -2.712040e-02 -4.169697e+00 7.197821e-01 3.452023e-02 6.933412e-01 7.198063e+01
6.894726e-01 -6.606299e-03 -7.242817e-01 -4.124231e+01 -2.174313e-02 9.993190e-01 -2.981312e-02 -4.216922e+00 7.239854e-01 3.630348e-02 6.888594e-01 7.275777e+01
6.843798e-01 -6.680637e-03 -7.290951e-01 -4.208502e+01 -2.269567e-02 9.992783e-01 -3.046005e-02 -4.264579e+00 7.287724e-01 3.739354e-02 6.837343e-01 7.354026e+01
6.793408e-01 -6.202622e-03 -7.337967e-01 -4.292746e+01 -2.177641e-02 9.993535e-01 -2.860767e-02 -4.311603e+00 7.334998e-01 3.541381e-02 6.787665e-01 7.431140e+01
6.743450e-01 -6.074646e-03 -7.383914e-01 -4.378028e+01 -2.081114e-02 9.994126e-01 -2.722806e-02 -4.359701e+00 7.381231e-01 3.372788e-02 6.738225e-01 7.508176e+01
6.690129e-01 -6.538621e-03 -7.432221e-01 -4.464624e+01 -2.024707e-02 9.994299e-01 -2.701810e-02 -4.411851e+00 7.429750e-01 3.312353e-02 6.684991e-01 7.585658e+01
6.643990e-01 -7.276874e-03 -7.473427e-01 -4.551454e+01 -1.936288e-02 9.994494e-01 -2.694553e-02 -4.456506e+00 7.471272e-01 3.237329e-02 6.638922e-01 7.662137e+01
6.598485e-01 -7.631743e-03 -7.513599e-01 -4.639502e+01 -1.838804e-02 9.994849e-01 -2.630049e-02 -4.506376e+00 7.511737e-01 3.117037e-02 6.593683e-01 7.739078e+01
6.558266e-01 -8.277319e-03 -7.548662e-01 -4.728365e+01 -1.694049e-02 9.995267e-01 -2.567797e-02 -4.551658e+00 7.547215e-01 2.962810e-02 6.553760e-01 7.815438e+01
6.523055e-01 -1.100456e-02 -7.578763e-01 -4.818495e+01 -1.375891e-02 9.995579e-01 -2.635616e-02 -4.602019e+00 7.578313e-01 2.761982e-02 6.518657e-01 7.891737e+01
6.481660e-01 -1.546990e-02 -7.613419e-01 -4.908247e+01 -1.051598e-02 9.995165e-01 -2.926217e-02 -4.650996e+00 7.614265e-01 2.697300e-02 6.476899e-01 7.968162e+01
6.435638e-01 -1.995167e-02 -7.651324e-01 -4.998868e+01 -6.062481e-03 9.994960e-01 -3.116220e-02 -4.697596e+00 7.653684e-01 2.469346e-02 6.431185e-01 8.045042e+01
6.373111e-01 -2.373760e-02 -7.702409e-01 -5.090498e+01 -1.589320e-04 9.995214e-01 -3.093516e-02 -4.750713e+00 7.706066e-01 1.983774e-02 6.370023e-01 8.120467e+01
6.288681e-01 -2.720704e-02 -7.770358e-01 -5.183841e+01 4.924806e-03 9.995069e-01 -3.101088e-02 -4.806740e+00 7.774964e-01 1.567501e-02 6.286920e-01 8.196371e+01
6.203294e-01 -2.815063e-02 -7.838361e-01 -5.277498e+01 7.959403e-03 9.995302e-01 -2.959797e-02 -4.860888e+00 7.843010e-01 1.212162e-02 6.202620e-01 8.270883e+01
6.107937e-01 -2.649055e-02 -7.913465e-01 -5.372492e+01 8.710057e-03 9.996045e-01 -2.673927e-02 -4.904844e+00 7.917419e-01 9.439502e-03 6.107829e-01 8.343886e+01
6.018585e-01 -2.610286e-02 -7.981760e-01 -5.469885e+01 8.745244e-03 9.996212e-01 -2.609647e-02 -4.958389e+00 7.985549e-01 8.726136e-03 6.018588e-01 8.416499e+01
5.929743e-01 -2.692854e-02 -8.047710e-01 -5.566898e+01 7.138588e-03 9.995772e-01 -2.818709e-02 -5.003347e+00 8.051897e-01 1.096929e-02 5.929158e-01 8.487729e+01
5.826863e-01 -2.942390e-02 -8.121644e-01 -5.666440e+01 8.714098e-03 9.995131e-01 -2.995944e-02 -5.056510e+00 8.126505e-01 1.037967e-02 5.826590e-01 8.558207e+01
5.732037e-01 -3.032735e-02 -8.188515e-01 -5.766789e+01 8.085373e-03 9.994755e-01 -3.135718e-02 -5.104703e+00 8.193730e-01 1.135333e-02 5.731483e-01 8.628282e+01
5.634818e-01 -3.121901e-02 -8.255384e-01 -5.867764e+01 1.176903e-02 9.994877e-01 -2.976407e-02 -5.160450e+00 8.260446e-01 7.055731e-03 5.635606e-01 8.696942e+01
5.529189e-01 -3.054951e-02 -8.326748e-01 -5.969821e+01 1.289347e-02 9.995217e-01 -2.810924e-02 -5.214024e+00 8.331353e-01 4.806062e-03 5.530484e-01 8.764873e+01
5.426310e-01 -3.095415e-02 -8.394007e-01 -6.073522e+01 1.361009e-02 9.995136e-01 -2.806030e-02 -5.267593e+00 8.398610e-01 3.802072e-03 5.427883e-01 8.831571e+01
5.330990e-01 -3.176166e-02 -8.454565e-01 -6.177989e+01 1.297012e-02 9.994845e-01 -2.936985e-02 -5.319104e+00 8.459534e-01 4.691366e-03 5.332361e-01 8.896900e+01
5.227614e-01 -3.219968e-02 -8.518707e-01 -6.284140e+01 1.195286e-02 9.994650e-01 -3.044354e-02 -5.370837e+00 8.523952e-01 5.732417e-03 5.228666e-01 8.961039e+01
5.134905e-01 -3.294934e-02 -8.574625e-01 -6.390832e+01 1.088233e-02 9.994322e-01 -3.188788e-02 -5.426295e+00 8.580263e-01 7.042933e-03 5.135575e-01 9.023944e+01
5.039537e-01 -3.273757e-02 -8.631100e-01 -6.498521e+01 1.030374e-02 9.994382e-01 -3.189231e-02 -5.482631e+00 8.636692e-01 7.178989e-03 5.040079e-01 9.085920e+01
4.950169e-01 -3.057510e-02 -8.683452e-01 -6.606795e+01 9.636787e-03 9.995124e-01 -2.969996e-02 -5.536297e+00 8.688299e-01 6.333926e-03 4.950702e-01 9.147755e+01
4.872293e-01 -2.888939e-02 -8.727961e-01 -6.716028e+01 1.062251e-02 9.995748e-01 -2.715584e-02 -5.590981e+00 8.732095e-01 3.959835e-03 4.873290e-01 9.208670e+01
4.791597e-01 -2.863972e-02 -8.772604e-01 -6.826436e+01 1.064413e-02 9.995836e-01 -2.681935e-02 -5.645198e+00 8.776632e-01 3.513077e-03 4.792650e-01 9.269291e+01
4.721899e-01 -3.145625e-02 -8.809354e-01 -6.936817e+01 1.249214e-02 9.995015e-01 -2.899407e-02 -5.699678e+00 8.814083e-01 2.685937e-03 4.723475e-01 9.328674e+01
4.660084e-01 -3.487883e-02 -8.840925e-01 -7.046883e+01 1.532556e-02 9.993910e-01 -3.134937e-02 -5.754713e+00 8.846475e-01 1.059857e-03 4.662592e-01 9.386970e+01
4.597077e-01 -3.760077e-02 -8.872739e-01 -7.157799e+01 1.655389e-02 9.992925e-01 -3.377110e-02 -5.811843e+00 8.879160e-01 8.369937e-04 4.600049e-01 9.444932e+01
4.553166e-01 -4.067423e-02 -8.894000e-01 -7.268838e+01 1.815522e-02 9.991724e-01 -3.640004e-02 -5.875673e+00 8.901445e-01 4.262886e-04 4.556782e-01 9.501983e+01
4.507625e-01 -4.112259e-02 -8.916962e-01 -7.380137e+01 2.011459e-02 9.991526e-01 -3.591002e-02 -5.940672e+00 8.924173e-01 -1.749216e-03 4.512077e-01 9.558262e+01
4.464917e-01 -3.897945e-02 -8.939383e-01 -7.492133e+01 2.250262e-02 9.992239e-01 -3.233104e-02 -6.001110e+00 8.945048e-01 -5.680413e-03 4.470223e-01 9.614078e+01
4.423437e-01 -3.725143e-02 -8.960717e-01 -7.602793e+01 2.678125e-02 9.992401e-01 -2.831984e-02 -6.062230e+00 8.964457e-01 -1.147082e-02 4.430052e-01 9.669160e+01
4.388879e-01 -3.633903e-02 -8.978067e-01 -7.714538e+01 2.801198e-02 9.992496e-01 -2.675146e-02 -6.120853e+00 8.981051e-01 -1.340845e-02 4.395765e-01 9.724016e+01
4.361270e-01 -3.574603e-02 -8.991749e-01 -7.826390e+01 2.882849e-02 9.992529e-01 -2.574187e-02 -6.177160e+00 8.994232e-01 -1.469513e-02 4.368316e-01 9.778488e+01
4.337415e-01 -3.489914e-02 -9.003612e-01 -7.937868e+01 3.112421e-02 9.992336e-01 -2.373773e-02 -6.232605e+00 9.004996e-01 -1.772699e-02 4.344953e-01 9.832486e+01
4.308010e-01 -3.395218e-02 -9.018080e-01 -8.048588e+01 3.282708e-02 9.992203e-01 -2.193789e-02 -6.284013e+00 9.018497e-01 -2.015286e-02 4.315797e-01 9.885705e+01
4.289327e-01 -3.422999e-02 -9.026877e-01 -8.159518e+01 3.458607e-02 9.991714e-01 -2.145430e-02 -6.338268e+00 9.026741e-01 -2.201797e-02 4.297611e-01 9.938827e+01
4.263925e-01 -3.417885e-02 -9.038923e-01 -8.268384e+01 3.672579e-02 9.991160e-01 -2.045490e-02 -6.387081e+00 9.037924e-01 -2.447434e-02 4.272709e-01 9.990262e+01
4.239948e-01 -3.340621e-02 -9.050483e-01 -8.377490e+01 4.010122e-02 9.990319e-01 -1.808872e-02 -6.434640e+00 9.047764e-01 -2.862402e-02 4.249239e-01 1.004151e+02
4.219290e-01 -3.281969e-02 -9.060347e-01 -8.485834e+01 4.238131e-02 9.989661e-01 -1.644954e-02 -6.482345e+00 9.056378e-01 -3.145840e-02 4.228837e-01 1.009267e+02
4.201225e-01 -3.325554e-02 -9.068578e-01 -8.592736e+01 4.384589e-02 9.989050e-01 -1.631841e-02 -6.530890e+00 9.064075e-01 -3.290626e-02 4.211206e-01 1.014244e+02
4.190104e-01 -3.426585e-02 -9.073346e-01 -8.698965e+01 4.506517e-02 9.988409e-01 -1.691036e-02 -6.577266e+00 9.068624e-01 -3.380357e-02 4.200689e-01 1.019179e+02
4.189761e-01 -3.537594e-02 -9.073078e-01 -8.803898e+01 4.528295e-02 9.988114e-01 -1.803292e-02 -6.626956e+00 9.068674e-01 -3.353022e-02 4.200801e-01 1.024025e+02
4.195019e-01 -3.592173e-02 -9.070434e-01 -8.907221e+01 4.419458e-02 9.988400e-01 -1.911744e-02 -6.675848e+00 9.066780e-01 -3.206660e-02 4.206028e-01 1.028749e+02
4.216538e-01 -3.559685e-02 -9.060579e-01 -9.010328e+01 4.208115e-02 9.989207e-01 -1.966183e-02 -6.724827e+00 9.057799e-01 -2.983748e-02 4.226966e-01 1.033470e+02
4.253379e-01 -3.550201e-02 -9.043381e-01 -9.112227e+01 3.993636e-02 9.989932e-01 -2.043464e-02 -6.775440e+00 9.041531e-01 -2.742434e-02 4.263275e-01 1.038207e+02
4.305593e-01 -3.587134e-02 -9.018492e-01 -9.213408e+01 3.820083e-02 9.990388e-01 -2.149931e-02 -6.825243e+00 9.017535e-01 -2.519465e-02 4.315158e-01 1.042999e+02
4.367437e-01 -3.550938e-02 -8.988849e-01 -9.313265e+01 3.681412e-02 9.990891e-01 -2.158084e-02 -6.871253e+00 8.988324e-01 -2.366635e-02 4.376531e-01 1.047797e+02
4.431121e-01 -3.407167e-02 -8.958185e-01 -9.412481e+01 3.556375e-02 9.991590e-01 -2.041070e-02 -6.915416e+00 8.957605e-01 -2.281443e-02 4.439511e-01 1.052596e+02
4.505592e-01 -3.294155e-02 -8.921386e-01 -9.511046e+01 3.454071e-02 9.992140e-01 -1.945104e-02 -6.957206e+00 8.920781e-01 -2.205125e-02 4.513429e-01 1.057486e+02
4.594084e-01 -3.213563e-02 -8.876436e-01 -9.608833e+01 3.376089e-02 9.992549e-01 -1.870306e-02 -6.999459e+00 8.875833e-01 -2.137530e-02 4.601510e-01 1.062530e+02
4.683760e-01 -3.174694e-02 -8.829587e-01 -9.705651e+01 3.309614e-02 9.992833e-01 -1.837317e-02 -7.040366e+00 8.829091e-01 -2.061697e-02 4.690910e-01 1.067577e+02
4.783126e-01 -3.250746e-02 -8.775878e-01 -9.801888e+01 3.206562e-02 9.992948e-01 -1.953895e-02 -7.084305e+00 8.776040e-01 -1.879467e-02 4.790177e-01 1.072786e+02
4.888178e-01 -3.360809e-02 -8.717383e-01 -9.896373e+01 2.975280e-02 9.993186e-01 -2.184313e-02 -7.129400e+00 8.718784e-01 -1.525935e-02 4.894846e-01 1.077983e+02
5.006032e-01 -3.392670e-02 -8.650118e-01 -9.990263e+01 2.713861e-02 9.993556e-01 -2.349004e-02 -7.175184e+00 8.652514e-01 -1.171603e-02 5.012013e-01 1.083321e+02
5.127426e-01 -3.207368e-02 -8.579431e-01 -1.008282e+02 2.431947e-02 9.994435e-01 -2.282925e-02 -7.215948e+00 8.581979e-01 -9.159196e-03 5.132373e-01 1.088759e+02
5.248504e-01 -2.952770e-02 -8.506822e-01 -1.017363e+02 2.268014e-02 9.995284e-01 -2.070114e-02 -7.257286e+00 8.508922e-01 -8.428587e-03 5.252726e-01 1.094255e+02
5.369930e-01 -2.765480e-02 -8.431333e-01 -1.026429e+02 2.215932e-02 9.995801e-01 -1.867295e-02 -7.293126e+00 8.432956e-01 -8.656019e-03 5.373803e-01 1.099933e+02
5.488954e-01 -2.671510e-02 -8.354640e-01 -1.035365e+02 2.152447e-02 9.996095e-01 -1.782241e-02 -7.334147e+00 8.356139e-01 -8.200281e-03 5.492560e-01 1.105751e+02
5.603598e-01 -2.706425e-02 -8.278070e-01 -1.044157e+02 2.135436e-02 9.996058e-01 -1.822582e-02 -7.373418e+00 8.279740e-01 -7.464273e-03 5.607169e-01 1.111643e+02
5.717051e-01 -2.789696e-02 -8.199847e-01 -1.052751e+02 2.116396e-02 9.995906e-01 -1.925157e-02 -7.413765e+00 8.201861e-01 -6.347902e-03 5.720615e-01 1.117608e+02
5.825023e-01 -2.978911e-02 -8.122830e-01 -1.061218e+02 2.330996e-02 9.995294e-01 -1.994007e-02 -7.453640e+00 8.124948e-01 -7.319147e-03 5.829225e-01 1.123631e+02
5.934472e-01 -2.886600e-02 -8.043551e-01 -1.069539e+02 2.266236e-02 9.995597e-01 -1.915121e-02 -7.495881e+00 8.045538e-01 -6.863352e-03 5.938401e-01 1.129728e+02
6.038222e-01 -2.709522e-02 -7.966584e-01 -1.077751e+02 2.206123e-02 9.996073e-01 -1.727656e-02 -7.531546e+00 7.968137e-01 -7.143293e-03 6.041829e-01 1.135907e+02
6.134945e-01 -2.489984e-02 -7.893063e-01 -1.085829e+02 2.221524e-02 9.996514e-01 -1.426852e-02 -7.566684e+00 7.893865e-01 -8.780970e-03 6.138338e-01 1.142098e+02
6.231271e-01 -2.337745e-02 -7.817711e-01 -1.093738e+02 2.122743e-02 9.996905e-01 -1.297417e-02 -7.601537e+00 7.818324e-01 -8.510432e-03 6.234305e-01 1.148345e+02
6.330070e-01 -2.208975e-02 -7.738308e-01 -1.101488e+02 1.797899e-02 9.997427e-01 -1.383150e-02 -7.635804e+00 7.739373e-01 -5.157259e-03 6.332413e-01 1.154627e+02
6.427099e-01 -2.140503e-02 -7.658105e-01 -1.109143e+02 1.552407e-02 9.997682e-01 -1.491570e-02 -7.668805e+00 7.659523e-01 -2.302031e-03 6.428933e-01 1.160974e+02
6.521164e-01 -2.069138e-02 -7.578365e-01 -1.116626e+02 1.494843e-02 9.997841e-01 -1.443424e-02 -7.701417e+00 7.579715e-01 -1.915661e-03 6.522848e-01 1.167359e+02
6.608069e-01 -1.878187e-02 -7.503209e-01 -1.123953e+02 1.428252e-02 9.998205e-01 -1.244870e-02 -7.732685e+00 7.504200e-01 -2.490287e-03 6.609566e-01 1.173756e+02
6.693450e-01 -1.732411e-02 -7.427497e-01 -1.131126e+02 1.441425e-02 9.998427e-01 -1.033091e-02 -7.762734e+00 7.428119e-01 -3.791238e-03 6.694895e-01 1.180192e+02
6.774605e-01 -1.624094e-02 -7.353798e-01 -1.138150e+02 1.421473e-02 9.998586e-01 -8.986823e-03 -7.795167e+00 7.354218e-01 -4.365005e-03 6.775956e-01 1.186654e+02
6.849901e-01 -1.511036e-02 -7.283956e-01 -1.145048e+02 1.266368e-02 9.998808e-01 -8.833193e-03 -7.823408e+00 7.284423e-01 -3.173518e-03 6.850998e-01 1.193088e+02
6.926908e-01 -1.387523e-02 -7.211012e-01 -1.151862e+02 1.182583e-02 9.998990e-01 -7.879870e-03 -7.853739e+00 7.211377e-01 -3.069309e-03 6.927849e-01 1.199562e+02
6.995106e-01 -1.126904e-02 -7.145333e-01 -1.158519e+02 1.066400e-02 9.999289e-01 -5.330278e-03 -7.875107e+00 7.145426e-01 -3.891194e-03 6.995811e-01 1.206011e+02
7.067786e-01 -8.660049e-03 -7.073818e-01 -1.165098e+02 9.449353e-03 9.999514e-01 -2.800508e-03 -7.899603e+00 7.073717e-01 -4.704961e-03 7.068261e-01 1.212485e+02
7.143741e-01 -7.036118e-03 -6.997286e-01 -1.171531e+02 8.500621e-03 9.999629e-01 -1.376582e-03 -7.923203e+00 6.997124e-01 -4.964733e-03 7.144074e-01 1.219007e+02
7.215448e-01 -6.254005e-03 -6.923395e-01 -1.177797e+02 8.009538e-03 9.999677e-01 -6.854480e-04 -7.952219e+00 6.923214e-01 -5.050738e-03 7.215716e-01 1.225465e+02
7.293801e-01 -3.600661e-03 -6.840992e-01 -1.183936e+02 5.629113e-03 9.999839e-01 7.384307e-04 -7.968534e+00 6.840855e-01 -4.389468e-03 7.293886e-01 1.231870e+02
7.383523e-01 -8.943604e-04 -6.744146e-01 -1.189949e+02 4.398782e-03 9.999842e-01 3.489700e-03 -7.985172e+00 6.744008e-01 -5.543231e-03 7.383446e-01 1.238416e+02
7.473896e-01 2.548963e-03 -6.643811e-01 -1.195797e+02 2.233549e-03 9.999773e-01 6.349121e-03 -7.996144e+00 6.643823e-01 -6.229195e-03 7.473670e-01 1.244825e+02
7.574621e-01 4.573721e-03 -6.528632e-01 -1.201451e+02 6.531010e-04 9.999697e-01 7.763160e-03 -8.014014e+00 6.528789e-01 -6.306685e-03 7.574361e-01 1.251388e+02
7.666911e-01 4.990529e-03 -6.419967e-01 -1.206946e+02 -6.925664e-04 9.999756e-01 6.946177e-03 -8.025470e+00 6.420157e-01 -4.880947e-03 7.666759e-01 1.257808e+02
7.763598e-01 4.249448e-03 -6.302757e-01 -1.212293e+02 -9.253513e-04 9.999839e-01 5.602269e-03 -8.040722e+00 6.302894e-01 -3.766150e-03 7.763512e-01 1.264343e+02
7.865903e-01 4.733434e-03 -6.174571e-01 -1.217526e+02 -1.166101e-03 9.999802e-01 6.180342e-03 -8.054720e+00 6.174741e-01 -4.141379e-03 7.865803e-01 1.271022e+02
7.960516e-01 6.064145e-03 -6.051983e-01 -1.222642e+02 -1.913669e-03 9.999700e-01 7.502637e-03 -8.059541e+00 6.052257e-01 -4.814337e-03 7.960394e-01 1.277622e+02
8.061529e-01 7.791761e-03 -5.916560e-01 -1.227636e+02 -2.469199e-03 9.999489e-01 9.804364e-03 -8.066449e+00 5.917022e-01 -6.442899e-03 8.061309e-01 1.284441e+02
8.157565e-01 8.905991e-03 -5.783270e-01 -1.232469e+02 -2.610211e-03 9.999280e-01 1.171665e-02 -8.073746e+00 5.783897e-01 -8.048374e-03 8.157209e-01 1.291261e+02
8.249217e-01 1.007757e-02 -5.651571e-01 -1.237175e+02 -2.658156e-03 9.998992e-01 1.394972e-02 -8.077132e+00 5.652407e-01 -1.000515e-02 8.248653e-01 1.298228e+02
8.332555e-01 1.069699e-02 -5.527847e-01 -1.241734e+02 -2.496735e-03 9.998754e-01 1.558516e-02 -8.077754e+00 5.528825e-01 -1.160626e-02 8.331784e-01 1.305202e+02
8.406216e-01 1.072609e-02 -5.415167e-01 -1.246203e+02 -1.855178e-03 9.998550e-01 1.692475e-02 -8.081361e+00 5.416197e-01 -1.322270e-02 8.405196e-01 1.312294e+02
8.472879e-01 1.076093e-02 -5.310249e-01 -1.250681e+02 -1.773382e-03 9.998465e-01 1.743178e-02 -8.085233e+00 5.311309e-01 -1.382803e-02 8.471769e-01 1.319384e+02
8.538561e-01 1.162301e-02 -5.203794e-01 -1.255097e+02 -2.681379e-03 9.998356e-01 1.793229e-02 -8.082260e+00 5.205023e-01 -1.391626e-02 8.537469e-01 1.326474e+02
8.602532e-01 1.278668e-02 -5.097067e-01 -1.259383e+02 -3.752268e-03 9.998172e-01 1.874890e-02 -8.079503e+00 5.098532e-01 -1.421625e-02 8.601439e-01 1.333624e+02
8.663782e-01 1.372428e-02 -4.991998e-01 -1.263590e+02 -4.594565e-03 9.997990e-01 1.951301e-02 -8.073278e+00 4.993673e-01 -1.461204e-02 8.662671e-01 1.340807e+02
8.723219e-01 1.335691e-02 -4.887496e-01 -1.267715e+02 -4.346990e-03 9.997991e-01 1.956473e-02 -8.074653e+00 4.889127e-01 -1.494215e-02 8.722047e-01 1.348271e+02
8.774932e-01 1.252155e-02 -4.794257e-01 -1.271811e+02 -3.930882e-03 9.998133e-01 1.891823e-02 -8.073299e+00 4.795730e-01 -1.471605e-02 8.773786e-01 1.355762e+02
8.820563e-01 1.202434e-02 -4.709906e-01 -1.275849e+02 -3.727148e-03 9.998211e-01 1.854525e-02 -8.071236e+00 4.711293e-01 -1.460250e-02 8.819433e-01 1.363322e+02
8.852760e-01 1.260488e-02 -4.648951e-01 -1.279948e+02 -4.098775e-03 9.998053e-01 1.930302e-02 -8.063281e+00 4.650479e-01 -1.518300e-02 8.851553e-01 1.370813e+02
8.883119e-01 1.408321e-02 -4.590247e-01 -1.283887e+02 -4.409657e-03 9.997452e-01 2.213927e-02 -8.057159e+00 4.592195e-01 -1.764243e-02 8.881476e-01 1.378478e+02
8.911934e-01 1.768693e-02 -4.532787e-01 -1.287903e+02 -6.652062e-03 9.996417e-01 2.592735e-02 -8.049593e+00 4.535748e-01 -2.009105e-02 8.909917e-01 1.386272e+02
8.938295e-01 2.006549e-02 -4.479578e-01 -1.292007e+02 -8.189739e-03 9.995622e-01 2.843232e-02 -8.036630e+00 4.483321e-01 -2.174499e-02 8.936025e-01 1.393952e+02
8.968973e-01 2.197155e-02 -4.416928e-01 -1.296013e+02 -9.528259e-03 9.994933e-01 3.037075e-02 -8.023246e+00 4.421363e-01 -2.303088e-02 8.966522e-01 1.401750e+02
8.996056e-01 2.358883e-02 -4.360658e-01 -1.300022e+02 -1.053469e-02 9.994217e-01 3.233027e-02 -8.004070e+00 4.365763e-01 -2.449067e-02 8.993338e-01 1.409713e+02
9.028969e-01 2.468160e-02 -4.291479e-01 -1.304002e+02 -1.081444e-02 9.993385e-01 3.472216e-02 -7.988937e+00 4.297211e-01 -2.670954e-02 9.025666e-01 1.418046e+02
9.065757e-01 2.509357e-02 -4.212965e-01 -1.307864e+02 -1.066603e-02 9.992743e-01 3.656759e-02 -7.972978e+00 4.219083e-01 -2.865773e-02 9.061855e-01 1.426615e+02
9.100713e-01 2.506105e-02 -4.136934e-01 -1.311847e+02 -1.049642e-02 9.992437e-01 3.744222e-02 -7.953871e+00 4.143188e-01 -2.973279e-02 9.096460e-01 1.435359e+02
9.135128e-01 2.469131e-02 -4.060600e-01 -1.315840e+02 -1.035638e-02 9.992444e-01 3.746234e-02 -7.922611e+00 4.066782e-01 -3.001701e-02 9.130782e-01 1.444029e+02
9.179181e-01 2.236435e-02 -3.961391e-01 -1.319673e+02 -8.358984e-03 9.992786e-01 3.704596e-02 -7.910623e+00 3.966819e-01 -3.069383e-02 9.174429e-01 1.453179e+02
9.217816e-01 2.121303e-02 -3.871288e-01 -1.323547e+02 -7.886606e-03 9.993214e-01 3.598003e-02 -7.882507e+00 3.876293e-01 -3.011260e-02 9.213234e-01 1.462213e+02
9.266720e-01 2.032595e-02 -3.753210e-01 -1.327329e+02 -8.065221e-03 9.993821e-01 3.420958e-02 -7.866727e+00 3.757845e-01 -2.867401e-02 9.262634e-01 1.471616e+02
9.316996e-01 2.169686e-02 -3.625810e-01 -1.331097e+02 -1.024247e-02 9.993868e-01 3.348395e-02 -7.840475e+00 3.630852e-01 -2.748326e-02 9.313505e-01 1.480905e+02
9.376141e-01 2.500597e-02 -3.467774e-01 -1.334764e+02 -1.383812e-02 9.993039e-01 3.464397e-02 -7.819744e+00 3.474024e-01 -2.768393e-02 9.373074e-01 1.490544e+02
9.440138e-01 2.900095e-02 -3.286289e-01 -1.338319e+02 -1.768412e-02 9.991449e-01 3.737375e-02 -7.792782e+00 3.294317e-01 -2.946982e-02 9.437194e-01 1.500366e+02
9.504543e-01 3.163299e-02 -3.092506e-01 -1.341783e+02 -2.064934e-02 9.990365e-01 3.872670e-02 -7.768693e+00 3.101776e-01 -3.042214e-02 9.501917e-01 1.510370e+02
9.569897e-01 3.278564e-02 -2.882634e-01 -1.344995e+02 -2.239705e-02 9.989778e-01 3.926404e-02 -7.744679e+00 2.892561e-01 -3.111903e-02 9.567458e-01 1.520597e+02
9.629060e-01 3.385073e-02 -2.677055e-01 -1.348036e+02 -2.399337e-02 9.989112e-01 4.000856e-02 -7.711044e+00 2.687684e-01 -3.210132e-02 9.626698e-01 1.530893e+02
9.687019e-01 3.432344e-02 -2.458424e-01 -1.350839e+02 -2.474926e-02 9.988140e-01 4.192961e-02 -7.688852e+00 2.469900e-01 -3.453288e-02 9.684025e-01 1.541605e+02
9.737056e-01 3.600803e-02 -2.249465e-01 -1.353453e+02 -2.661299e-02 9.986477e-01 4.466005e-02 -7.653736e+00 2.262504e-01 -3.749924e-02 9.733471e-01 1.551906e+02
9.785539e-01 3.759561e-02 -2.025313e-01 -1.355925e+02 -2.835501e-02 9.984286e-01 4.833639e-02 -7.624963e+00 2.040302e-01 -4.155698e-02 9.780821e-01 1.562823e+02
9.827372e-01 3.913978e-02 -1.808192e-01 -1.358156e+02 -3.039505e-02 9.982420e-01 5.088299e-02 -7.585121e+00 1.824929e-01 -4.450860e-02 9.821992e-01 1.573710e+02
9.864562e-01 4.011634e-02 -1.590437e-01 -1.360248e+02 -3.243987e-02 9.981934e-01 5.057325e-02 -7.545664e+00 1.607852e-01 -4.472893e-02 9.859754e-01 1.584773e+02
9.898051e-01 3.978569e-02 -1.367585e-01 -1.361889e+02 -3.338714e-02 9.982520e-01 4.876761e-02 -7.506490e+00 1.384597e-01 -4.370446e-02 9.894033e-01 1.596146e+02
9.925042e-01 3.983272e-02 -1.155367e-01 -1.363293e+02 -3.451065e-02 9.982651e-01 4.770481e-02 -7.463784e+00 1.172364e-01 -4.335998e-02 9.921570e-01 1.607558e+02
9.947363e-01 3.902959e-02 -9.474380e-02 -1.364445e+02 -3.450121e-02 9.982040e-01 4.897306e-02 -7.427307e+00 9.648504e-02 -4.544650e-02 9.942964e-01 1.619456e+02
9.963735e-01 3.951766e-02 -7.535344e-02 -1.365448e+02 -3.578670e-02 9.980960e-01 5.023657e-02 -7.385342e+00 7.719520e-02 -4.735774e-02 9.958906e-01 1.631123e+02
9.976992e-01 3.982632e-02 -5.486462e-02 -1.366186e+02 -3.706506e-02 9.980381e-01 5.045887e-02 -7.346140e+00 5.676657e-02 -4.830921e-02 9.972180e-01 1.643111e+02
9.985478e-01 4.090850e-02 -3.505416e-02 -1.366840e+02 -3.910987e-02 9.979557e-01 5.054473e-02 -7.302625e+00 3.705021e-02 -4.910036e-02 9.981064e-01 1.655139e+02
9.990461e-01 4.112228e-02 -1.469164e-02 -1.367138e+02 -4.033229e-02 9.979076e-01 5.053346e-02 -7.261926e+00 1.673895e-02 -4.989271e-02 9.986143e-01 1.667266e+02
9.990729e-01 4.267859e-02 5.654446e-03 -1.367368e+02 -4.290751e-02 9.978392e-01 4.975891e-02 -7.216920e+00 -3.518587e-03 -4.995540e-02 9.987453e-01 1.679481e+02
9.987522e-01 4.317902e-02 2.509197e-02 -1.367310e+02 -4.435978e-02 9.978338e-01 4.857900e-02 -7.174492e+00 -2.294003e-02 -4.963146e-02 9.985041e-01 1.691762e+02
9.980721e-01 4.288073e-02 4.487023e-02 -1.366917e+02 -4.496356e-02 9.979064e-01 4.648780e-02 -7.135512e+00 -4.278285e-02 -4.841570e-02 9.979106e-01 1.704191e+02
9.970292e-01 4.418851e-02 6.308912e-02 -1.366439e+02 -4.702303e-02 9.979166e-01 4.417372e-02 -7.096273e+00 -6.100571e-02 -4.700912e-02 9.970298e-01 1.716599e+02
9.956223e-01 4.417065e-02 8.237259e-02 -1.365587e+02 -4.779461e-02 9.979503e-01 4.255370e-02 -7.056755e+00 -8.032413e-02 -4.630438e-02 9.956927e-01 1.729288e+02
9.939111e-01 4.385688e-02 1.010810e-01 -1.364436e+02 -4.809731e-02 9.980453e-01 3.990163e-02 -7.026448e+00 -9.913347e-02 -4.452039e-02 9.940777e-01 1.742138e+02
9.918486e-01 4.498532e-02 1.192168e-01 -1.363010e+02 -4.936060e-02 9.982020e-01 3.400363e-02 -6.991862e+00 -1.174727e-01 -3.961107e-02 9.922858e-01 1.755079e+02
9.894403e-01 4.609683e-02 1.374154e-01 -1.361371e+02 -5.027210e-02 9.983687e-01 2.706839e-02 -6.976720e+00 -1.359435e-01 -3.369072e-02 9.901436e-01 1.768223e+02
9.868535e-01 4.876570e-02 1.540846e-01 -1.359451e+02 -5.264068e-02 9.983892e-01 2.116695e-02 -6.954148e+00 -1.528041e-01 -2.899980e-02 9.878309e-01 1.781319e+02
