1 0 0 0 0 1 0 0 0 0 1 0
0.999125 -0.0417591 0.00226523 0.556852 0.0417494 0.99912 0.00411393 0.00513382 -0.00243478 -0.0040158 0.999989 0.022522
0.99989 0.002439 0.0146282 1.12562 -0.00255326 0.999967 0.00779218 0.0205459 -0.0146089 -0.00782856 0.999863 0.0329613
0.999873 0.0154843 -0.00371156 1.79483 -0.0154575 0.999855 0.00721031 0.069511 0.00382294 -0.00715184 0.999968 0.0408739
0.999741 -0.0225911 0.00270071 2.42606 0.022561 0.999689 0.0106433 0.0662921 -0.00294048 -0.0105795 0.99994 0.069869
0.984357 0.176157 0.00327944 3.0297 -0.176173 0.984344 0.0056625 0.0272052 -0.00223043 -0.00615162 0.999979 0.0914075
0.762927 0.646466 0.00490788 3.41389 -0.646457 0.762943 -0.00342537 -0.117013 -0.005959 -0.000559175 0.999983 0.113233
0.388448 0.921445 -0.00688688 3.64413 -0.921469 0.38842 -0.00510306 -0.329383 -0.00202715 0.00832835 0.999965 0.133347
0.157288 0.987485 -0.0115434 3.7962 -0.987478 0.15741 0.0104986 -0.614251 0.0121839 0.00974767 0.99988 0.153367
0.00916221 0.999886 -0.0119986 3.82582 -0.999828 0.00935518 0.016106 -1.30585 0.0162166 0.011849 0.9998 0.16634
-0.0487988 0.998793 -0.00555016 3.84178 -0.998786 -0.0487599 0.00692994 -1.974 0.00665059 0.00588166 0.999962 0.177097
-0.0188974 0.999814 -0.00386282 3.81634 -0.999549 -0.0188018 0.0234455 -2.3557 0.0233687 0.00430417 0.999719 0.175823
-0.408968 0.912547 -0.00123168 3.78253 -0.912154 -0.408752 0.0299408 -2.50536 0.0268186 0.0133685 0.999552 0.189761
-0.762094 0.647305 -0.0144694 3.59725 -0.647349 -0.76134 0.0360813 -2.79759 0.0123398 0.036864 0.999245 0.253044
-0.941919 0.335659 -0.0109501 3.3809 -0.335816 -0.940988 0.0420681 -3.04221 0.00381637 0.0433022 0.999056 0.267131
-0.994237 0.0582554 -0.0899977 2.9456 -0.0634435 -0.996419 0.0559124 -3.16642 -0.0864183 0.0612999 0.994372 0.243281
-0.999684 0.0224576 -0.011245 2.3678 -0.0232077 -0.997146 0.0718523 -3.20028 -0.00959969 0.0720908 0.997354 0.240493
-0.998377 0.0370268 -0.0432681 1.87418 -0.0384207 -0.998754 0.0318642 -3.27515 -0.0420347 0.0334747 0.998557 0.248332
-0.996064 -0.0812308 -0.0354563 1.25344 0.0800654 -0.996238 0.033165 -3.25223 -0.0380174 0.0301958 0.998823 0.234148
-0.992279 -0.122574 -0.0189356 0.586396 0.121573 -0.991459 0.0472276 -3.13344 -0.0245628 0.0445607 0.998706 0.217587
-0.776911 -0.624706 -0.0784299 0.237114 0.619643 -0.780734 0.0805975 -3.02619 -0.111583 0.0140186 0.993659 0.201766
-0.460231 -0.88395 -0.0825799 0.157095 0.879095 -0.466737 0.0967024 -2.88875 -0.124023 -0.0280904 0.991883 0.201699
-0.115309 -0.990402 -0.0762133 0.129806 0.990274 -0.120628 0.0693226 -2.71344 -0.0778509 -0.0674785 0.994681 0.186875
-0.00536574 -0.999207 -0.03945 0.143259 0.997601 -0.00807245 0.0687708 -2.08258 -0.0690345 -0.0389864 0.996854 0.152065
0.0152183 -0.99914 -0.038589 0.150991 0.996477 0.0119727 0.0830051 -1.59182 -0.0824718 -0.0397161 0.995805 0.12832
-0.0233909 -0.99957 -0.0176528 0.176964 0.996057 -0.0248132 0.0851842 -0.999423 -0.0855854 -0.0155907 0.996211 0.113333
-0.037501 -0.998879 -0.0289034 0.219487 0.994126 -0.0402291 0.100475 -0.411881 -0.101525 -0.0249655 0.994522 0.0696768
-0.103727 -0.99413 -0.0307265 0.131985 0.992064 -0.10562 0.0682288 0.263122 -0.0710735 -0.0234056 0.997198 0.0832933
-0.0813669 -0.996307 -0.0274242 0.10876 0.993547 -0.0832606 0.0770212 0.857628 -0.07902 -0.0209801 0.996656 0.0472992
-0.0811311 -0.996287 -0.0288101 0.0993628 0.993169 -0.0832421 0.0817829 1.57283 -0.0838772 -0.0219783 0.996236 -0.00867445
0.0674297 -0.997725 0.000480449 0.151633 0.991975 0.0670946 0.107164 2.13591 -0.106952 -0.00674931 0.994245 -0.0586071
