1 0 0 0 0 1 0 0 0 0 1 0
0.99935 -0.0349707 -0.00879126 0.743849 0.0349888 0.999387 0.00191409 0.0789908 0.00871902 -0.00222052 0.999959 0.0211999
0.999738 0.0216959 -0.00723385 1.23781 -0.0216858 0.999764 0.00146973 0.129565 0.00726409 -0.00131258 0.999973 0.00871918
0.999846 0.0174783 -0.00150079 1.79939 -0.0174684 0.999828 0.00637632 0.113102 0.00161197 -0.00634916 0.999978 -0.00220225
0.999877 0.000830315 -0.0156005 2.29237 -0.000703587 0.999967 0.00812696 0.123402 0.0156068 -0.00811506 0.999845 0.0059195
0.999398 -0.0246768 -0.0243949 2.75226 0.0247565 0.99969 0.00297073 0.0884958 0.024314 -0.00357289 0.999698 0.0162951
0.999662 -0.0130195 -0.022489 3.26477 0.0131598 0.999894 0.00610575 0.181372 0.0224073 -0.00639966 0.999728 0.0552429
0.902864 0.42939 -0.0214734 3.86138 -0.429419 0.903099 0.00349108 0.183176 0.0208919 0.00606916 0.999763 0.0581982
0.574564 0.818355 -0.0130789 4.20551 -0.818459 0.574499 -0.00867524 -0.0792761 0.000414505 0.0156893 0.999876 0.0834608
0.338987 0.940361 -0.0284433 4.28703 -0.940736 0.339141 0.000606325 -0.333156 0.0102166 0.0265523 0.999595 0.0975988
0.180073 0.983353 -0.0243006 4.35581 -0.983618 0.180222 0.00408269 -0.765206 0.00839437 0.0231677 0.999696 0.097311
0.107386 0.993983 -0.021638 4.35922 -0.994159 0.107589 0.00847214 -1.11251 0.0107493 0.0206021 0.99973 0.118466
0.108152 0.994102 -0.00808368 4.4215 -0.994116 0.108195 0.00506945 -1.66399 0.00591434 0.00748815 0.999954 0.115347
0.114495 0.993416 -0.00405467 4.45065 -0.993351 0.114535 0.0117082 -2.06349 0.0120959 0.0026877 0.999923 0.123928
-0.162708 0.986639 -0.00838447 4.43519 -0.986671 -0.162684 0.00348346 -2.46167 0.0020729 0.00883992 0.999958 0.118724
-0.621717 0.782879 -0.0238752 4.28609 -0.783233 -0.621572 0.0139985 -2.81748 -0.00388094 0.0274035 0.999617 0.141155
-0.879144 0.475882 -0.0253466 4.10982 -0.476341 -0.879101 0.0167611 -2.92177 -0.0143061 0.0268093 0.999538 0.121971
-0.988073 0.147462 -0.0443666 3.80095 -0.148028 -0.988936 0.00973136 -2.99721 -0.0424409 0.0161833 0.998968 0.10472
-0.982193 0.15571 -0.105115 3.49845 -0.158293 -0.987251 0.0166472 -3.11052 -0.101183 0.0329899 0.994321 0.0726494
-0.987993 0.151123 -0.0321482 3.09807 -0.151805 -0.988211 0.0199337 -3.16052 -0.0287568 0.0245753 0.999285 0.056782
-0.993996 0.107895 -0.0181683 2.54196 -0.107611 -0.994067 -0.0158528 -3.20319 -0.0197709 -0.0138021 0.999709 0.0589673
-0.993555 0.107154 -0.0369973 1.99823 -0.106524 -0.994137 -0.0185995 -3.24875 -0.0387733 -0.014538 0.999143 0.0406604
-0.789872 -0.611487 -0.0467169 1.72979 0.611492 -0.791092 0.0158879 -3.13821 -0.0466728 -0.0160172 0.998783 0.0192578
-0.535615 -0.841681 -0.0684832 1.53037 0.843343 -0.53732 0.00795963 -2.88435 -0.0434971 -0.0534914 0.997621 0.00512104
-0.382222 -0.922747 -0.0494047 1.34446 0.91875 -0.385207 0.0866809 -2.55537 -0.0990158 -0.012259 0.995011 -0.0074941
-0.166588 -0.982535 -0.0829165 1.29763 0.981891 -0.172996 0.0772475 -2.11135 -0.0902427 -0.0685468 0.993559 -0.0316904
-0.0895257 -0.993083 -0.0759509 1.25839 0.994114 -0.0937692 0.0542716 -1.68976 -0.0610183 -0.0706448 0.995634 -0.0525576
-0.155736 -0.986869 -0.0428647 1.23734 0.984321 -0.158679 0.0770646 -1.25247 -0.0828545 -0.0301911 0.996105 -0.0677494
-0.197833 -0.979035 -0.048472 1.1179 0.977593 -0.200687 0.0635395 -0.798079 -0.0719355 -0.0348152 0.996802 -0.125355
-0.191465 -0.981305 -0.0195755 0.982286 0.979948 -0.19 -0.0600597 -0.433037 0.0552175 -0.0306823 0.998004 -0.105245
-0.167772 -0.985158 -0.0362467 0.841591 0.984799 -0.169162 0.0394551 -0.070815 -0.045001 -0.0290756 0.998564 -0.0982067
-0.17481 -0.983686 -0.0425029 0.749483 0.982935 -0.176863 0.0506415 0.478678 -0.0573321 -0.0329249 0.997813 -0.121991
