1.0 -3.3881317890172014e-21 8.973255284975244e-20 -8.673617379884035e-19 -3.3881317890172014e-21 1.0 -4.336808689942018e-19 0.0 -4.72604679898497e-19 4.336808689942018e-19 1.0 0.0
0.9999966914583159 -0.0020747021904406137 -0.0015196649970716507 0.002066602513045057 0.00207350269594969 0.9999975370752402 -0.0007905859253379151 -0.012529089434080432 0.0015213016273731763 0.0007874322769253995 0.9999985314664437 0.5588863027776189
0.9999950219839691 -0.0021493964144402382 -0.0023088426913572178 0.0020119815592611646 0.002144527486866097 0.9999954710641376 -0.002109303307210399 -0.02515273695470152 0.002313366145497371 0.0021043414103558413 0.9999951069518934 1.1253354798956858
0.9999873775335363 -0.002480466508472738 -0.004369136996546851 0.0014831836734107064 0.0024636927053823606 0.9999895939794559 -0.003840423140108429 -0.03502921552289667 0.004378618008498745 0.0038296104697412713 0.9999830784870081 1.6776622023872345
0.9999680241155664 -0.004536907409436133 -0.006585596024176641 0.0009189038986839241 0.004501088383590687 0.9999750563652587 -0.0054437276074855295 -0.04713478297016992 0.006610129936230698 0.005413911083067114 0.999963499519175 2.233176658340235
0.9999421475307733 -0.007307609106289066 -0.00789274056476703 0.006544832455525575 0.007249532581165344 0.9999466185082299 -0.0073620230063662475 -0.05921168052154388 0.007946118693673211 0.007304378214516013 0.9999417539609968 2.798199214243941
0.9999212535836671 -0.008299844721067753 -0.009412990829132557 0.0009552824567432084 0.008223294650091185 0.9999330340656675 -0.008142223611677199 -0.0719075397073586 0.009479940334817579 0.008064176536589819 0.9999225423506655 3.3573703936698633
0.9999057883282635 -0.008491725032807929 -0.010784406336126486 -0.002694469692775605 0.008410620427207511 0.9999361741538887 -0.007543836632163688 -0.08290246610424745 0.010847779890897585 0.0074524223147450636 0.9999133875178478 3.9407270235098606
0.9998906053943687 -0.008670777744728431 -0.011983443172143208 -0.010200648521334536 0.008577215492525816 0.999932501466858 -0.007837160232931245 -0.09525019062568132 0.012050589691989539 0.007733518131852371 0.9998974831387735 4.518362008812239
0.9998823156858477 -0.008259594913309886 -0.0129281803891177 -0.0152225315222254 0.008122383081769808 0.9999105063139093 -0.01063021023708689 -0.11396743231960141 0.013014825251886223 0.010523950679480646 0.9998599180002429 5.116651767760322
0.9998696999971481 -0.006860239579363726 -0.014612299206145618 -0.029557660357056863 0.006651057294951545 0.999875398363647 -0.014316341332416008 -0.128834043940711 0.014708692586206537 0.014217288507226086 0.9997907416392049 5.709600210199752
0.9998610623560208 -0.005237618794522814 -0.015824730214559445 -0.038464212623401106 0.004952551359920163 0.9998257255370473 -0.01799987880229179 -0.14106833062231133 0.015916250353261965 0.01791900552078987 0.9997127521069319 6.32003735874711
0.999853911896678 -0.0034072533546835146 -0.016749477545520128 -0.0495586980858699 0.0031054856383403205 0.9998329860730202 -0.01800967513136432 -0.1583175323673515 0.016808045565876745 0.01795502826380116 0.999697512030302 6.947516750072662
0.9998301916663495 -0.0010691196691730669 -0.018397134383123577 -0.06584601701963583 0.0008531681519787705 0.9999306951341628 -0.011742173880021866 -0.16352377998637407 0.01840841507516971 0.011724483499156845 0.9997618031994878 7.587745575138129
0.999826033820707 -0.00033809181097442867 -0.018649123795082014 -0.07683141695465541 0.0003150946137132716 0.9999991840221687 -0.0012360778973138234 -0.17895640242988892 0.018649527932501967 0.0012299866449431507 0.9998253221571244 8.254312109483054
0.9998012808193706 0.00041917363723276325 -0.01993068459157962 -0.09028281015430988 -0.00030227792257661275 0.999982737835619 0.0058677654309172295 -0.18810038111880867 0.01993280174659405 -0.005860574660736358 0.9997841413450103 8.92320649700275
0.9997713628209416 0.002314160255549776 -0.021257241276733983 -0.10800008966779082 -0.002197347693951203 0.9999823659986083 0.005516918616790609 -0.20642188567202052 0.021269634671677945 -0.005468947636430457 0.99975882118045 9.597815968647252
0.999757851380633 0.005112107735159827 -0.021403198215067726 -0.12510921252325113 -0.005153526382446604 0.9999849523077309 -0.0018804288310683161 -0.2116878428572635 0.021393264217603427 0.001990275463662042 0.9997691563116361 10.290386121257166
0.9997203095357472 0.0050012189252334124 -0.023114887219163823 -0.1435466139079023 -0.005194394980198901 0.9999520207397734 -0.00830471649469463 -0.21213448223753986 0.023072246516619908 0.008422461418415534 0.9996983197244793 10.998270391102173
0.999712759818839 0.003330698111999539 -0.023734141846717863 -0.15561134179743746 -0.0035070934367285958 0.9999665138940965 -0.007394375771849607 -0.21614841038486998 0.023708720507702695 0.007475489645732384 0.9996909562870644 11.729099241108168
0.9996895024537191 0.0017513191481923758 -0.02485615227123449 -0.1674501002101913 -0.0017010761444381242 0.9999964660917848 0.002042355618783975 -0.2241650068406954 0.024859643817802507 -0.001999439259728237 0.9996889514544961 12.486126001127957
0.9997077977294996 0.00091881900801554 -0.024155244937380502 -0.20196613074561082 -0.0006811901047254512 0.9999513140720516 0.009843960975215142 -0.22161921558741365 0.024163116104709045 -0.009824630058580785 0.9996597481984488 13.288078273415557
0.999690902212123 0.0001693927511536288 -0.024860950241934236 -0.2362333362950532 0.00013901110303423073 0.9999230687422305 0.012402899148641074 -0.2237917399248251 0.024861140535175533 -0.012402521373526485 0.9996139790456465 14.081741673870074
0.9996905974455026 -0.0020124685472051357 -0.024792326708014983 -0.2581341569369838 0.0022968526859690314 0.9999318393712743 0.011447509607723188 -0.22282502251602246 0.024767600736727406 -0.011500911673540597 0.9996270731832233 14.891142695965382
0.9997106027016259 -0.0022694939470709156 -0.02394927379190108 -0.2742419893722051 0.0024846471711652118 0.9999567953811607 0.008957767010532669 -0.22240482367542969 0.023927912119777323 -0.009014679943317587 0.9996730419172135 15.722178588039995
0.9997241058231114 7.619514944483885e-05 -0.02348842885286823 -0.30612234904772806 5.2148202349915594e-05 0.9999850741046167 0.005463448944037004 -0.21173086826288517 0.02348849643286615 -0.005463166405398384 0.999709180072272 16.55612107820478
0.9997594551119151 -0.0022366750651723393 -0.021817873110479134 -0.325271847228325 0.002242897703001363 0.9999974515706461 0.00026073480508451586 -0.2203297092030073 0.02181723645428456 -0.0003096073176455836 0.9997619233174386 17.417944625864394
0.9997525567798877 -0.0050463050719971305 -0.021664723173137536 -0.34282478206463546 0.0049155765725234545 0.9999694112806428 -0.006083203113795926 -0.2326443186698709 0.021694759411284625 0.005975203162621302 0.9997467819394694 18.278214621249983
0.9997990457086636 -0.003973850590990457 -0.019648683572430884 -0.370858458933917 0.003753761699778883 0.9999299466368399 -0.011225441529330119 -0.24814920701401527 0.019691917158818326 0.011149428757997827 0.9997439276544963 19.186441535457305
0.9998000129122734 -0.0023639724351564285 -0.019858353160605312 -0.3944450635862322 0.002113055415350582 0.9999177947952653 -0.01264684577065391 -0.25242589089620876 0.01988661856476502 0.0126023550022938 0.9997228122924613 20.08672871302635
0.999795938452283 -0.002798951598219947 -0.02000624587098021 -0.4165515790193878 0.00255956870907839 0.9999249457656836 -0.011981023205003357 -0.269908669022781 0.0200382803038399 0.01192737066195534 0.9997280657820333 21.016930259858892
0.999823894749896 -0.0020154737593032924 -0.01865793293598415 -0.44304897160470363 0.0017761318828345544 0.999916044481648 -0.012835595035293985 -0.2905305817757878 0.018682236945363143 0.012800194869646578 0.999743530768456 21.980208263772624
0.9998248054094184 0.0009145408511284974 -0.018695606129203558 -0.4818161872279361 -0.0011966872835714598 0.999885489053036 -0.015085970310381835 -0.31174263814965414 0.01867967007089754 0.015105699527267355 0.9997114055375456 22.932775821427857
0.9998437151453402 0.005577426233400769 -0.016775956564198006 -0.514938225128666 -0.005836440881599457 0.9998639085268053 -0.01543047477780956 -0.33046555263734934 0.016687612654473296 0.015525974169835473 0.9997401963278543 23.935225834605085
0.9998540627940989 0.006576407755958541 -0.015767373196352123 -0.5623788423892296 -0.006810784534660155 0.9998664271321983 -0.014857299937307415 -0.3495696308674474 0.0156675604145048 0.014962519557460124 0.999765300073703 24.926148582542098
0.999851266394 0.007710654586269716 -0.0154270260383187 -0.5781037059780949 -0.007939043109724788 0.9998589832679523 -0.014798329811543911 -0.37882014919195245 0.015310747353980938 0.014918604262682083 0.9997714803380475 25.93007711195925
0.9998465849966645 0.007664217505845844 -0.015749889168583175 -0.5918673664053167 -0.007893423839521019 0.9998630991833343 -0.014542571471132614 -0.3985224676238446 0.01563627671699859 0.01466466007133259 0.9997702058200011 26.901865835079093
0.9998364371357351 0.008089429134045166 -0.016175766195063716 -0.6125745198763068 -0.00830905215274362 0.9998735866753078 -0.013556439346051349 -0.4248746100097311 0.01606405871300771 0.013688627477835832 0.9997772561889575 27.90234208247152
0.9998289427407689 0.008454062456769605 -0.0164504531901347 -0.6228278055606403 -0.008647025809722642 0.9998942292058697 -0.011694364251527947 -0.44975686920118985 0.016349849316322138 0.011834610704035544 0.9997962880533613 28.93154291236931
0.9998189944817983 0.008573212623287392 -0.01698440437304038 -0.6447012584049825 -0.00875239592212628 0.9999065249330099 -0.010503727764041699 -0.46935641129227357 0.016892768297013805 0.010650480797338865 0.9998005805851915 29.925417159424693
0.9998173722104653 0.008651780703178675 -0.017040256429992878 -0.6583297743491398 -0.008844467854580795 0.9998974302938944 -0.011264995427716425 -0.4977515677326383 0.01694104806900965 0.011413649966116244 0.99979134749564 30.96662015735315
0.99978985369051 0.010812915425640866 -0.01741634329614276 -0.6734630730375424 -0.01102454931122711 0.9998659976929787 -0.012101561822740147 -0.5242648664472856 0.01728315770340788 0.012291026142311428 0.9997750886165112 31.972794753976938
0.9997909908572957 0.010744360895275612 -0.017393276559633124 -0.6955019446013683 -0.01094630465895338 0.9998733013033619 -0.011557129342016316 -0.5460294017658076 0.017266900728370796 0.01174510568066128 0.9997819278393425 33.01464189417885
0.9997987915140025 0.009623841385525932 -0.017599999393014053 -0.712459222961271 -0.009776963643222381 0.9999149224340514 -0.008634821831545302 -0.568909383703038 0.017515403257930086 0.008805158823266065 0.9998078260519461 34.08086268534277
0.9997849190254451 0.009687723536529514 -0.01833771970262368 -0.7329768491580408 -0.009787695598292291 0.9999376858633549 -0.005369785712821918 -0.5876032310901906 0.018284557070271615 0.005548114689523147 0.9998174251112001 35.131026191021796
0.9997843185745211 0.009283141466205836 -0.01857775593726641 -0.7499426878533637 -0.009337568603066383 0.9999523594328716 -0.002845049514873937 -0.6066268998181307 0.018550460965578833 0.0030179069809889107 0.9998233719926072 36.2143229430517
0.9997796961877533 0.009310576064308665 -0.01881174245978583 -0.7764581879080223 -0.00935463467240734 0.9999537038102551 -0.002255391175320748 -0.6214166059431198 0.01878987388433029 0.0024308712443588984 0.9998205000019914 37.285946006693685
0.9997822430885548 0.009488074891372919 -0.01858630129534536 -0.7967436952287806 -0.009556875558746453 0.9999477900691921 -0.0036163143171917588 -0.6396127440863117 0.018551020733044175 0.0037931537088307073 0.9998207168422529 38.372302111272106
0.9997475929564886 0.010356602220196668 -0.019937021911491264 -0.8160445538304036 -0.010440647508627568 0.9999370214826722 -0.004116030456980311 -0.6575494072832614 0.019893139629539158 0.004323146927397983 0.9997927655608392 39.44084303641373
0.9997347220591419 0.009873704900277381 -0.020808558196033423 -0.8336754526457869 -0.009942002521536642 0.9999455144484709 -0.0031812469254994193 -0.6757030057731498 0.020776015888276395 0.003387281742940395 0.9997784134923872 40.52360301073798
0.9997411006677676 0.00936675766409734 -0.02073627606294724 -0.8487620226071377 -0.009388193217932007 0.9999554918497785 -0.0009365708727123853 -0.6954098284411339 0.020726581805936815 0.0011310046006153172 0.9997845374824542 41.611339330444004
0.999714996517805 0.0098399924186699 -0.02175090058517243 -0.8727538168360989 -0.009811639686010258 0.999950869531753 0.001409903371704099 -0.7135174514452781 0.02176370791362472 -0.001196089520314315 0.9997624239504421 42.69133756987382
0.9997136318953002 0.009874607054144129 -0.021797752224000096 -0.89421650894979 -0.00984137880887746 0.9999502470165619 0.0016311840855593486 -0.7324613002429045 0.021812776870655408 -0.0014161969371142562 0.999761071088138 43.77597643649981
0.9996590925751399 0.013354735811174023 -0.022435282490209017 -0.9085426812536419 -0.013418107399570074 0.9999063923652282 -0.00267642144662089 -0.7534445975961439 0.02239744179135536 0.0029765481018997203 0.999744715059632 44.829960583752836
0.9996542524407801 0.01458383886428555 -0.021878973069974418 -0.9397751974066372 -0.01472146674598311 0.9998727655336681 -0.006142542329380574 -0.7748157439176883 0.02178660862093176 0.006462509030779695 0.9997417520255518 45.9197076741904
0.9996040691061052 0.017059495983608886 -0.022375730435706013 -0.9672748558367251 -0.017211705272508315 0.9998299039890176 -0.00662748838245354 -0.7984435484630401 0.022258864411692683 0.007009988692790474 0.9997276669048774 46.98768196130429
0.9996573978160268 0.014030891033828173 -0.022095878436974845 -0.9885548127956651 -0.014120473645397733 0.9998926778256284 -0.0039033745879750756 -0.8163621898052963 0.022038741332912063 0.004214041476244556 0.9997482343583449 48.0724117278616
0.999641848184408 0.015277091150153717 -0.021972587143321797 -1.0085266649086535 -0.015325748565635684 0.9998804616304443 -0.002047663232063935 -0.8347518780506408 0.02193868062307172 0.0023836761740938287 0.9997564801851476 49.174774328209615
0.9996715388237659 0.013022900033638273 -0.02207288092844279 -1.0403236028168954 -0.013041664196141693 0.9999147016808132 -0.0007063241343879382 -0.8537920748071484 0.022061802556051387 0.0009939592141489646 0.9997561194954206 50.24514734408154
0.9996690969293383 0.014124047898142884 -0.021499128622953632 -1.0591624517391678 -0.014154226904177883 0.9998990445886771 -0.0012521238483356985 -0.8751827691339836 0.02147927503720742 0.0015560130711922385 0.9997680784819845 51.33366443085287
0.9996848325878858 0.013622376754539204 -0.021087340652947154 -1.0816010204287023 -0.013687325506836759 0.9999020101720794 -0.0029386826686477 -0.8973209546403895 0.021045243791841074 0.0032263857779151173 0.9997733172400349 52.413937259793336
0.9996783298022605 0.01417623125334724 -0.02103022722479621 -1.0997467497049596 -0.014293944123274435 0.9998829436125669 -0.005457539702804119 -0.914424949933078 0.02095040062699457 0.0057563889614161284 0.9997639465851726 53.48681030788419
0.9997180238961425 0.01261611522653979 -0.020117473693700573 -1.1165871562852243 -0.012775909844926325 0.9998876918374359 -0.007834340558281593 -0.940883128264834 0.02001637749037604 0.008089150364438611 0.9997669242664217 54.566181391047216
0.9997173186767259 0.011905367689995873 -0.020580315271250014 -1.1367572775294759 -0.012136204026572043 0.9998644285413787 -0.011128001182059005 -0.9715500974458595 0.020445043520075906 0.011374622490825588 0.9997262727818952 55.638357572262805
0.9997433328990787 0.011256523701726383 -0.019660944763998236 -1.1456656756273091 -0.011508409238422973 0.999852541217037 -0.012745570405387884 -1.005104066755633 0.01951457675203323 0.012968564721240744 0.9997254658838843 56.71487025596051
0.9997525025091805 0.009586501663192889 -0.02007551510211976 -1.1636920643808553 -0.00980020267345733 0.9998960674460751 -0.010573614695158577 -1.0338577440948749 0.01997206646803275 0.010767741369748703 0.9997425500447444 57.80722966389636
0.9997851178099476 0.007584205293078084 -0.019292425065432592 -1.1749743544718176 -0.00767957686917771 0.9999586365696438 -0.0048741577680710205 -1.0559236048087686 0.019254661741015373 0.00502126791455151 0.9998020056204087 58.88532578787822
0.9997986225488757 0.005261986958533785 -0.019365692115378048 -1.191254192385596 -0.005249548710719202 0.9999859816398341 0.0006930924593846225 -1.0739518618576298 0.01936906847487424 -0.0005912917272872424 0.99981222581129 59.98128307810503
0.9998131581710964 0.0028910508385743437 -0.019112724595030734 -1.2047697180962484 -0.00285331118359759 0.9999939280681069 0.00200157347405481 -1.0924470953175598 0.019118396299103696 -0.0019466649960857892 0.9998153337607967 61.06316501546841
0.9998282715548652 0.001119303749545662 -0.018498182571234652 -1.2186844763484908 -0.0011410953914963175 0.9999986631515528 -0.0011675243780036098 -1.112370813597206 0.018496851892302425 0.0011884320804044606 0.9998282152935819 62.15341091925836
0.9998209244140206 -0.0007185794356142923 -0.018910287790341263 -1.235051774341167 0.0006369576944862081 0.9999904576930118 -0.004321933298625319 -1.1311206124821294 0.018913214859773438 0.004309114197215622 0.9998118478929677 63.23815967395991
0.9998225055657639 0.002070242014667964 -0.018726419337776926 -1.2518363925706344 -0.002222027272744956 0.9999648163321759 -0.008088221783582674 -1.152861067699746 0.01870901690131223 0.008128396652366589 0.9997919281020604 64.3278057781109
0.9998239468203799 0.0015683887589769676 -0.018697898834102892 -1.2704432058699646 -0.001799857085762029 0.9999218838780793 -0.012368968362119023 -1.1858876371782436 0.018677040653468993 0.012400443899480047 0.9997486693015405 65.40386643220825
0.9998221838566176 0.005678657173142866 -0.017981795322092976 -1.2939897751142915 -0.005911863528227019 0.9998987701253781 -0.012942503667532326 -1.212070082064629 0.01790648083040963 0.013046507642570605 0.9997545460180044 66.49909488241221
0.9998214396603989 0.008387413621754693 -0.016933119150803703 -1.316223826006054 -0.008554262658351963 0.9999153434971194 -0.009805098363070492 -1.2338577639218478 0.01684944749342179 0.009948198121523328 0.9998085468424818 67.59992323147131
0.9998116442321984 0.009297289049792004 -0.01703659348614798 -1.3333593780560318 -0.009429226008321755 0.9999260480791474 -0.007680376914452759 -1.2650724555578994 0.016963927818097677 0.007839571935605912 0.999825367688654 68.68407913633891
0.9998109735468202 0.009621663685028885 -0.016894759274218702 -1.3454338136247153 -0.009735728419365791 0.9999302794418307 -0.006682204939898474 -1.2900841046392177 0.016829289444787152 0.0068454244685221075 0.9998349470113492 69.77821403637523
0.9998224874279203 0.008459346713374491 -0.016835753529474293 -1.3605437040100345 -0.008559392592094277 0.9999460853179976 -0.005879253528953741 -1.3181249280273473 0.0167851120368148 0.006022313640884169 0.9998409872540821 70.87409489392503
0.9998278504293948 0.007640206656663658 -0.016908642400055535 -1.3785013322619109 -0.007715907874018982 0.9999604761099176 -0.004416323388100588 -1.339991071723265 0.0168742333309394 0.004546028540228892 0.9998472834606875 71.96969322267927
0.9998318255120043 0.005357632536806651 -0.017539226348381703 -1.3957432460037278 -0.005402067380442873 0.9999823168310931 -0.002487025382969464 -1.3636288288724083 0.017525593131925164 0.0025813551343109695 0.9998430876569024 73.04977162000678
0.9998266057679266 0.003952567943148115 -0.018197256120310302 -1.4074207768573954 -0.003968618110795241 0.9999917678586433 -0.0008459642447634489 -1.3844745560775573 0.018193763696110653 0.0009180355125150128 0.9998340563734299 74.1348130293787
0.9998235594914112 0.0034549236292361436 -0.018463675680369173 -1.4237099059030034 -0.0034864203839583023 0.9999925255188175 -0.0016739432892658207 -1.4081680899255433 0.01845775526146339 0.0017380200258139975 0.9998281349897711 75.23000893698027
0.9998082007184668 0.0038849606852304794 -0.019195462019487717 -1.4442915937463823 -0.003991818354577803 0.9999767377137094 -0.005531622883903409 -1.4351686573757692 0.019173527258301293 0.005607186657828386 0.9998004515678238 76.3002966865246
0.999786369635331 0.005597254055403837 -0.01989692523364262 -1.4609914714535575 -0.005750524829669155 0.9999541726003875 -0.007654358149633147 -1.4599608230616976 0.01985317185664093 0.007767140660727806 0.9997727377642813 77.38885093634653
0.999766087543399 0.0062260157857026745 -0.020712596694240415 -1.485902223735821 -0.006356107189029014 0.9999604540001794 -0.006220865547149342 -1.4816075597457796 0.02067304809474731 0.006351061805688612 0.9997661184564212 78.4515712038265
0.9997493699103832 0.00793048372036253 -0.020935786122226553 -1.5056307336216608 -0.007975633197886472 0.9999660444068497 -0.0020739179578019287 -1.5070330884475827 0.020918629670611213 0.002240374299817589 0.9997786756827672 79.52474142324452
0.9997418948839991 0.008566107443578426 -0.021041968851719973 -1.5255709381528457 -0.00852108519054674 0.999961216481768 0.0022284099262722657 -1.5222144978122452 0.02106024349745182 -0.0020485342832498943 0.9997761086342329 80.60903598968922
0.9997166054507323 0.009347522015410347 -0.021893524000388014 -1.5458033974010128 -0.009283943615217193 0.9999523923741535 0.003003869015899877 -1.543344299373393 0.02192056193882834 -0.0027997594089988745 0.9997557921751145 81.67184351051725
0.9996887024795408 0.010457330915885186 -0.022652510560587473 -1.5693394361978323 -0.01043698163011664 0.999945017692318 0.0010164146166187472 -1.563798225331146 0.02266189612288769 -0.0007796743469801308 0.9997428798281413 82.72925808135884
0.9996701097502243 0.009787200713996727 -0.023746303574332876 -1.5918208548633348 -0.009789983958964665 0.9999520768693692 -9.139567077980082e-07 -1.5808013603619153 0.023745158084866387 0.00023338958982428758 0.9997180133804066 83.77823441241141
0.9996727990278123 0.009639310522027763 -0.023693408511721296 -1.6081722590355616 -0.009642411989119434 0.9999535059262055 -1.6611479867088916e-05 -1.59999050144121 0.023692148455859617 0.0002450676043553113 0.9997192750459822 84.83686489688259
0.9996692536726983 0.008129936885806708 -0.024398608237004668 -1.6290696785019552 -0.008123303993648835 0.9999669342935861 0.0003709922452079552 -1.6247999422975745 0.024400819715576096 -0.00017267224466520435 0.9997022420337155 85.86052708306573
0.9996563383795762 0.007493738222189467 -0.025120660026633383 -1.648317686212824 -0.007445078906120964 0.9999702294022451 0.0020300209564417635 -1.6459279980579584 0.0251351272865048 -0.001842297927403364 0.9996823622181784 86.8779278474868
0.9996515092742685 0.0070259794726330715 -0.025445764912159465 -1.6680433881838337 -0.006919751787304649 0.9999669838727039 0.004260349869952126 -1.6604389842717209 0.025474859799574253 -0.0040827867072038655 0.9996671268530275 87.87176185872961
0.9996326631922061 0.006030971580493543 -0.026422710675570966 -1.6893887742380396 -0.005886159550544731 0.999967250127419 0.005554965344216399 -1.6800463187779515 0.02645534948957143 -0.00539739641549254 0.9996354266803748 88.85710877723197
0.9995838922803808 0.00464245901642774 -0.028469008227079234 -1.7112381823573737 -0.004483790480565874 0.9999740729938422 0.005634701326913055 -1.6986731419969547 0.028494430837149524 -0.005504707545460995 0.999578794725777 89.82843883112253
0.9994833971486985 0.004550980375034245 -0.03181549914640105 -1.7421384544994294 -0.0043955462811742655 0.9999780654349302 0.004953731577556726 -1.7199480499439261 0.03183734848964459 -0.004811325952705333 0.9994814874163714 90.75506517261012
0.9993711383673524 0.00431259840953755 -0.03519546597653552 -1.7704172674589485 -0.004165466376352765 0.9999822802979331 0.004252695181106318 -1.734868688832694 0.03521318562898897 -0.00410341526714575 0.9993714013347141 91.66587990352777
0.9992737652400551 0.0038994710474899033 -0.037904335300007565 -1.8010680439882654 -0.0037416810150185595 0.9999840409640635 0.00423290680129304 -1.7507352656539206 0.03792023946431024 -0.004088006672415542 0.9992724037958814 92.55094554530972
0.9991351754989852 0.0053264447987426316 -0.041237579623016 -1.8390416356681643 -0.005107497971068481 0.9999723044342098 0.0054129497048942985 -1.7680506491885513 0.0412652726949989 -0.005197647547764273 0.9991347100668048 93.40963675494767
0.999002613446152 0.006234339122284856 -0.04421439714493667 -1.8769897106765068 -0.0059500320402937614 0.9999607842702453 0.00655889770474884 -1.7837079644979998 0.04425355816392214 -0.006289278802613506 0.9990005322836027 94.25055059360001
0.9988623830844352 0.006655832184674313 -0.04721911733745935 -1.91293668543923 -0.006283745731093604 0.9999480655581693 0.00802407844081706 -1.7992124638405997 0.047270076472570165 -0.0077182369864464 0.9988523213573957 95.07333592927648
0.9987035287148056 0.008313502235301503 -0.050220961600419174 -1.9540510622450138 -0.00787462954425525 0.9999291197521076 0.008930401814651469 -1.8127139215959598 0.05029164828601379 -0.008523352279956624 0.9986982015330867 95.86638212567752
0.9985735893030888 0.010192181689656346 -0.052410925508472296 -1.9987211931499311 -0.009712442041428206 0.9999086510779019 0.009400024932319126 -1.8225424001050972 0.05250194901724262 -0.008877578454297128 0.9985813596190092 96.6118680330852
0.9983841075676 0.011778255480242906 -0.0555918068534919 -2.037928662894378 -0.01132735052004011 0.9999003985551973 0.008419158961311096 -1.8394483944894837 0.05568543726212759 -0.007775846428239974 0.9984180838772028 97.34482725257696
0.9982434234383278 0.013402183347161103 -0.05770995479020713 -2.0770971001318834 -0.013143478728509923 0.9999018050241575 0.004860120007045707 -1.853253566608803 0.0577694291660843 -0.004093073244707686 0.9983215615375145 98.04806338215118
0.9980313835963378 0.01621057185635425 -0.0605853027648317 -2.1249312880381894 -0.01616711113568843 0.9998685756319992 0.00120753843714582 -1.8677722523780989 0.06059692055615908 -0.00022567190625567357 0.998162290771663 98.71172984949638
0.9979088139724737 0.0180732116814536 -0.062059284953460005 -2.1665347309257 -0.01820651825674783 0.999832994992394 -0.0015831635000749713 -1.8808036025968056 0.06202031346778576 0.002709736249165343 0.9980712110351324 99.3459032006724
0.9977974597534737 0.019444730849527112 -0.06342033687317823 -2.209106325513936 -0.01964774049154774 0.9998036368177556 -0.0025788387241012455 -1.8918107938592792 0.06335774374013176 0.003819224941794228 0.9979835734287708 99.95294973724526
0.9978074037591521 0.022306899974691742 -0.06231193462799429 -2.248034725880192 -0.022477716400656645 0.9997452557301937 -0.002041539680149507 -1.9109360907463313 0.062250526022541275 0.00343769335897626 0.9980546305106541 100.5313709698606
0.9978988958496886 0.0252508769010728 -0.05966725369898093 -2.2775837525440137 -0.025318574838595308 0.9996793607536024 -0.0003786831066509631 -1.92506884999771 0.05963856484592742 0.0018885772042127398 0.9982182533967091 101.10297894172447
0.9981127082010969 0.02816058665427032 -0.05457099115252945 -2.3062837995868004 -0.028141794098961496 0.9996033181494005 0.0011129805742126652 -1.9380496382399488 0.05458069121524753 0.0004248455277460891 0.9985092736495026 101.64121993498405
0.9984715195655652 0.02916439132160203 -0.04694754764354381 -2.324447439265733 -0.029050760045853906 0.9995731301285562 0.003101074626444082 -1.9496155547763554 0.04701795143135939 -0.0017324726670182801 0.9988925403058785 102.14900476076484
0.9988734433633002 0.029015720490514398 -0.0375490776146118 -2.3388218437573025 -0.028821105407291776 0.9995682515783472 0.005714092808660136 -1.9572971931336547 0.037698668150980094 -0.004625449582184827 0.9992784450583526 102.6495978823472
0.9992755591174116 0.02827456191108112 -0.025473806467930453 -2.3399448583788507 -0.028102295071961568 0.9995798682001998 0.007095513567516421 -1.967374688888311 0.025663728706325425 -0.006374500770090727 0.9996503126823885 103.12267013408129
0.9995554885403374 0.027210104831318752 -0.012183774093965828 -2.3394762664938344 -0.027122681579357173 0.99960556828897 0.007284280653403141 -1.9766468897773422 0.012377174911456476 -0.006950586053363841 0.9998992431706927 103.5685736567024
0.9996388960769955 0.026673453767443605 0.0032548793249921335 -2.325137895740162 -0.026694098228173212 0.9996226983545056 0.006472089036031667 -1.984973830823647 -0.0030810185206738825 -0.0065566379394577995 0.999973755568499 104.00301648840129
0.9994509242675057 0.02582205207617006 0.020762203046991504 -2.297524473252069 -0.025904905354720932 0.9996574454963443 0.003731426606784033 -2.000612927953431 -0.020658739522488864 -0.004267220677507778 0.9997774802361501 104.41690145191825
0.9987907146586809 0.025571763925411172 0.04199041706192594 -2.261973728111366 -0.025574342051058928 0.999672805721354 -0.00047593295287381423 -2.0082893530525343 -0.041988852622323616 -0.0005985198946823363 0.9991178996199652 104.82160032186442
0.9975086669186424 0.023633234736461464 0.06646747230626181 -2.2158901769267674 -0.023336152404049917 0.9997139248582886 -0.00524259178838702 -2.0196669678989614 -0.066572362429297 0.003678435650411412 0.9977748182230691 105.23237833548862
0.9953949735378721 0.021275504977940205 0.09346763690262481 -2.154734647668285 -0.020628045471836283 0.9997560978144868 -0.0078879158494716 -2.0271095773480234 -0.09361266755099543 0.005923536992504783 0.9955910686476409 105.61683260033158
0.9922094237173399 0.018455777782116885 0.12320648358966388 -2.0792162084023045 -0.017461722669262658 0.9998057259886569 -0.009143255754733287 -2.0363172985917966 -0.12335130767891564 0.0069206269242221286 0.9923389302940029 106.01417828997074
0.9877212400985088 0.015985231361356683 0.15540665359471417 -1.9905805809120163 -0.014485073518001254 0.9998369650980613 -0.01078082203617062 -2.0454629966407443 -0.15555365857620065 0.008397369994951005 0.98779175480343 106.37738343985637
0.9814614463421638 0.014023458829455878 0.19114591985316126 -1.883518786715434 -0.011897022462625561 0.9998539697360694 -0.012267816379231966 -2.0588489093445372 -0.1912900581318402 0.009766321598172789 0.9814849639217668 106.75497796355668
0.9732961741807272 0.01054391671587288 0.22931067848828357 -1.7565166395115308 -0.007869126808943654 0.9998899614221478 -0.012575804848008352 -2.069764638414281 -0.22941805907640891 0.010435507485633594 0.9732720343971247 107.10245562160212
0.96304673088626 0.007849513811932461 0.2692199458530627 -1.6247720689797978 -0.0045541629012276616 0.9999069001641745 -0.012862761052912876 -2.0834779201385647 -0.26929586936674876 0.011161367440956534 0.9629928189495653 107.46274078078022
0.9506026086361518 0.008711953739696897 0.3102882255467881 -1.4769350188764852 -0.0047240704520504564 0.9998963353115099 -0.013601345522385296 -2.1014992358876468 -0.310374583655008 0.01146365058685304 0.9505452160523382 107.78342324339788
0.93519864730409 0.011181876292574337 0.3539469430381277 -1.313317954486756 -0.006580606640869543 0.9998775064315522 -0.014200808127540024 -2.1068313761939987 -0.3540624070456423 0.010951391189418142 0.9351576762643582 108.11053989101322
0.9169298885449785 0.010202372179347153 0.3989178731624359 -1.13920158559233 -0.005679754514050961 0.9999055240568794 -0.012517543799640665 -2.1164881369235866 -0.3990079262582301 0.009211954670205306 0.9169012073981422 108.43786441666211
0.8967259465972005 0.009648992710781172 0.4424810131970647 -0.9443079943693842 -0.005179563587692317 0.9999226429750597 -0.011308051089233957 -2.120646580082609 -0.44255593497795365 0.007848363976527335 0.8967065604277397 108.722722835806
0.8733789458450334 0.008063809075273114 0.4869745124648299 -0.7346586071807077 -0.0028944069026320845 0.9999312024063043 -0.01136679689460708 -2.132394785911659 -0.4870327129906901 0.008518018585391264 0.8733422017486621 109.01997120767872
0.8484099030934755 0.0081492000849502 0.5292770692238828 -0.5141316833557132 -0.0015850960672978212 0.9999161177326532 -0.012854713998751108 -2.148526601678196 -0.5293374703099626 0.010067111603629239 0.8483516491738713 109.2759376522273
0.8203155570058193 0.009861498055395917 0.5718261265708011 -0.28635872127151474 -0.000918609263365592 0.9998727538251593 -0.01592563516648044 -2.1630965468480783 -0.5719104619003457 0.01253876120939845 0.8202202291690212 109.54527879278622
0.7899698617677804 0.014087041791371206 0.6129838010338673 -0.04667298456854993 -0.002557987848195928 0.9998030545799327 -0.019680020940932755 -2.175374084838222 -0.6131403578252003 0.01397861873676572 0.789850313652287 109.77955449929185
0.7556313671250832 0.01995254752870072 0.654693134035757 0.2061485684503808 -0.006208119780224781 0.9997091957111099 -0.023302054327818077 -2.19090341444563 -0.6549677385858592 0.013543349682665448 0.7555354871638066 110.03122224331398
0.7183989246051157 0.024666438599616695 0.6951938709822831 0.478259813951891 -0.009128581881647006 0.9996193581554816 -0.02603459008121591 -2.18827263694731 -0.6955714941316411 0.012357087208430893 0.7183506372394027 110.24890521746954
0.6794124440516551 0.024823237862575072 0.733336544586088 0.7709149244666149 -0.0076051862850529785 0.9996121315991183 -0.02679063564640756 -2.1970299218780225 -0.7337172093661996 0.01262473049355824 0.6793377143492266 110.45848477829249
0.6377025431068126 0.021507172887969876 0.7699823685766943 1.0900179258159388 -0.003888787112865563 0.9996872841514699 -0.02470258795032473 -2.2221952866814014 -0.7702729319893965 0.012758605413045458 0.6375867627417174 110.66575162269798
0.5941597110198268 0.018989309332349744 0.804122870406019 1.4058580842068658 -0.0023057104826759768 0.9997573860546637 -0.021905535251326755 -2.219274272430774 -0.8043438114557677 0.011161311667399485 0.5940593429255094 110.83731323958946
0.5476705403043839 0.016811065019930876 0.836525143163273 1.7635619560443563 -0.0020103159958356808 0.9998216797846244 -0.018776574007814795 -2.2359513966760827 -0.836691697234422 0.008601696413203673 0.5476066799109919 111.01883682874833
0.49996441883975057 0.014300523515423366 0.8659278337594445 2.0954832687852925 -0.001039601259147345 0.9998728505781562 -0.01591234415691128 -2.2328228539395596 -0.8660453609031311 0.007055385729605201 0.499915710582093 111.15998214907191
0.4490207716443992 0.00909190051792384 0.8934750279818842 2.473875687791001 0.0014608942396329217 0.9999394279980893 -0.010909450084003128 -2.2645817556459646 -0.8935201597650162 0.006203841960424308 0.4489802903575116 111.30076761979153
0.3977681472106893 0.008905870353687001 0.9174427059837962 2.8315770696121394 -0.0010062755103769213 0.9999565201587693 -0.009270571712153477 -2.2643106241905167 -0.9174854557795131 0.002764337798276383 0.3977598126305414 111.41221307682282
0.3465331146072327 0.012775774860951229 0.9379506935625908 3.209539075379938 -0.004663992056480179 0.9999183499787057 -0.011896685220467045 -2.277275384498059 -0.9380261777964171 -0.00025199952591818155 0.3465644154140616 111.51473779593108
0.29584371135488574 0.017762884488198964 0.9550711535215362 3.616629001901329 -0.007025155401682169 0.9998405124576226 -0.016419408693433404 -2.284945291682837 -0.9552105619673179 -0.0018519444520067201 0.2959213161874917 111.60283764400778
0.24904249234628326 0.019707625826400257 0.9682919857199228 4.007938900726853 -0.005575493100138946 0.9998055517692667 -0.018915017401347173 -2.288688996663749 -0.9684765487015057 -0.000688062649807586 0.2491039358844502 111.66626554448521
0.2069216719913692 0.019004114413034588 0.9781728775454392 4.448229513476966 0.0011453936754180685 0.9998059330292487 -0.019666700301700164 -2.305337850884008 -0.9783568868997915 0.005189859234113469 0.20685974497938203 111.71524195931892
0.17189542557014492 0.01834250086761184 0.9849443783740625 4.870731630408027 0.009173757980293965 0.999753479124738 -0.020219320295118606 -2.3194060709553597 -0.9850725285104976 0.012511249905701374 0.17168477530511708 111.74672070316369
0.14048652598984618 0.019207973426350236 0.9898962126177603 5.327722022976709 0.01263804792861142 0.9996955526737111 -0.021191716761564568 -2.335560327004372 -0.9900019715168612 0.015487505589527937 0.1402010013364427 111.78727882624088
0.11305869032527167 0.017397726255921245 0.9934359413696294 5.77624726786116 0.01053137793427305 0.9997695403375007 -0.018707175742093775 -2.348284908931133 -0.9935325389553102 0.012577257437276605 0.11284940933722772 111.82314511454994
0.08739369547546542 0.013972507373964282 0.9960758095218243 6.2591932718343015 0.0047424018556335695 0.9998844669245296 -0.014442021834085902 -2.346871371439201 -0.9961626024248116 0.005985933104548884 0.08731733460000503 111.85605517578428
0.06281195608260026 0.010283295433554811 0.9979723552326786 6.7733186514921595 0.00035592067102532983 0.9999466252158912 -0.010326039923515277 -2.347335852956353 -0.998025362148576 0.001003797392303874 0.06280494270150859 111.88243605419612
0.040778846849235495 0.007177622185733564 0.9991423754705868 7.288362664882257 0.004052860350616994 0.9999647854895765 -0.0073489428247678935 -2.364597888087586 -0.9991600169382261 0.004349065521023812 0.04074831966118811 111.87947885897967
0.020812588177508484 0.007238358508425125 0.9997571462557759 7.823180692398737 0.010990348697960213 0.9999117169987937 -0.007468270408159691 -2.3809844023825435 -0.9997230312770102 0.011143113243158751 0.020731197823697825 111.85871950410045
0.0023759105940211423 0.009314644074998461 0.9999537538198074 8.38683305598121 0.01687094821284779 0.9998139236455051 -0.009353426158273316 -2.3988662495285977 -0.9998548940002047 0.016892391069793407 0.002218321160473799 111.84262253308164
-0.011609489861254613 0.014636314080252604 0.9998254393527048 8.9491790665933 0.017123941767437208 0.9997491447180882 -0.014436362014445852 -2.407005816646758 -0.9997860119375982 0.016953353501234295 -0.011857208856833692 111.82812662172977
-0.023303688817175768 0.019526311050238436 0.999537685231556 9.560191191763085 0.013301816151644026 0.9997267874002522 -0.019219880550192373 -2.4053798883386714 -0.9996399790763026 0.012847771661637138 -0.023557058583076454 111.81419146204306
-0.029558209562450255 0.019514465494194527 0.999372513838094 10.166865272843957 0.015127579710629035 0.999703637977055 -0.019073506177180614 -2.4089675880747023 -0.9994486261741966 0.014554307221577923 -0.029844657414604597 111.79310988599296
-0.03208640990086854 0.016226558861937024 0.999353333892791 10.808407871035142 0.02185295083647635 0.9996405749841493 -0.015529586274615299 -2.434227149175673 -0.999246209143427 0.02134053048003804 -0.032429476083280735 111.75853571139837
-0.03201192558175055 0.014582488595844528 0.9993810557461783 11.465335045675445 0.023519043647308373 0.9996276872326811 -0.013832731363850324 -2.448361103005663 -0.9992107732328531 0.023061673388977875 -0.03234297365093051 111.73020227579751
-0.029679874487966627 0.014103008795082424 0.9994599185999906 12.137536545146007 0.02315479417457338 0.9996418444014491 -0.013417973062485216 -2.4680532573128975 -0.9992912718918038 0.022744043715813594 -0.02999579691348257 111.71744206502815
-0.02911140372076086 0.014572570440670372 0.9994699041869176 12.823903038290124 0.019281607989670164 0.9997158696035459 -0.014014544136563317 -2.4711018857834315 -0.9993902244339388 0.018863403453374165 -0.02938411588278504 111.70951529142958
-0.02678048140294733 0.015571398035857387 0.9995200093948847 13.540669933564295 0.017341750174554308 0.9997354366445004 -0.015110111071835304 -2.493465613775934 -0.999490944755149 0.016928769961465796 -0.027043432241553204 111.69139429312932
-0.026099815115582035 0.0164486933432043 0.9995239650913876 14.266463770764753 0.01705805172311968 0.9997263691396985 -0.016006600745415683 -2.5084449036578045 -0.9995138328505897 0.016632161127826492 -0.026373256024116443 111.6791420415078
-0.025416689449076733 0.015901413937876335 0.9995504292774963 15.013289152759022 0.016915943434656376 0.9997371613723147 -0.015474243880038936 -2.528253245903375 -0.9995338582068307 0.01651503333853758 -0.025678996923237874 111.66305070400463
