1.000000000000000000e+00 -3.306050084167601550e-19 -2.270457535318767223e-19 -8.673617379884035472e-19 7.546676715296109287e-19 1.000000000000000000e+00 6.237773588823049983e-19 1.387778780781445676e-17 -3.447385680526250622e-20 4.770700176052009879e-20 1.000000000000000222e+00 5.551115123125782702e-17
9.999966676756399941e-01 -2.075104958925730846e-03 -1.534691107055715558e-03 -2.990387704373245227e-03 2.073940783689541458e-03 9.999975599851226304e-01 -7.598597197840616622e-04 -1.487577056792498131e-02 1.536264290871188756e-03 7.566743572362236072e-04 9.999985323392376335e-01 5.588245880931823617e-01
9.999949429032857218e-01 -2.158082958357389076e-03 -2.334844443120627847e-03 -8.169669214268582974e-03 2.153247728875888091e-03 9.999955314207588097e-01 -2.071465396675118732e-03 -2.986039944152762970e-02 2.339304595840012695e-03 2.066427457723640695e-03 9.999951256759557205e-01 1.125192550289046300e+00
9.999871584333702712e-01 -2.495621812392591083e-03 -4.410457667551867522e-03 -1.367565901023455252e-02 2.478943848691294704e-03 9.999897753779890541e-01 -3.782944964083711191e-03 -4.203523497804530218e-02 4.419853830614132659e-03 3.771963299118100219e-03 9.999831161886409969e-01 1.677446199522336867e+00
9.999675192257666545e-01 -4.556514731851668901e-03 -6.648422770715041452e-03 -1.926341750511354617e-02 4.520980214154201281e-03 9.999754718085820393e-01 -5.350124728225853256e-03 -5.645207026557855223e-02 6.672638103885747060e-03 5.319893650012414571e-03 9.999635889656516285e-01 2.232877661175391104e+00
9.999412090955047683e-01 -7.338253273704077942e-03 -7.982688176877899416e-03 -1.874548793119414428e-02 7.280553532341626014e-03 9.999473320413386768e-01 -7.233370412747660086e-03 -7.093016758378666020e-02 8.035348629230894268e-03 7.174826765763374185e-03 9.999419788631567219e-01 2.797871564314280413e+00
9.999200475295976220e-01 -8.330642202425075915e-03 -9.513366449768844227e-03 -2.939535134553582924e-02 8.254716500826573405e-03 9.999339826055753111e-01 -7.992563471322537694e-03 -8.591169631718670319e-02 9.579322391653493848e-03 7.913394465857856441e-03 9.999227998648274607e-01 3.356912683449112311e+00
9.999045798251203765e-01 -8.511141868763326748e-03 -1.088071891305920219e-02 -3.830625033821691283e-02 8.431097405621113330e-03 9.999372138625952644e-01 -7.381416239599883355e-03 -9.930896784801040988e-02 1.094286176820313990e-02 7.288975712595319179e-03 9.999135563122846238e-01 3.940162440237502395e+00
9.998892642871850533e-01 -8.687488595762252186e-03 -1.208282903057540658e-02 -5.103350439193927307e-02 8.595268167227674075e-03 9.999336925077449978e-01 -7.663493823544038908e-03 -1.140037967199053620e-01 1.214860555244277537e-02 7.558790101227504804e-03 9.998976332050701910e-01 4.517651026562732319e+00
9.998804457689176584e-01 -8.297073039042375531e-03 -1.304824630122319862e-02 -6.151128699260445531e-02 8.160930478541283256e-03 9.999120641232880358e-01 -1.045267167580145838e-02 -1.351741828421181846e-01 1.313382618508859845e-02 1.034493562266411253e-02 9.998602301077943455e-01 5.115788322011030509e+00
9.998671553043766425e-01 -6.923442660536987224e-03 -1.475590860606164866e-02 -8.122314836730629151e-02 6.714870608924210053e-03 9.998775119537565148e-01 -1.413782304942586519e-02 -1.523961741031582273e-01 1.485198412816819517e-02 1.403686122105276581e-02 9.997911727418670180e-01 5.708518628483830071e+00
9.998579378694932851e-01 -5.328783779585694741e-03 -1.599083750766285700e-02 -9.564060789790930495e-02 5.043529692004094372e-03 9.998283817828035325e-01 -1.782623423820266229e-02 -1.671029711652566307e-01 1.608308678677807316e-02 1.774305251033627892e-02 9.997132203477033796e-01 6.318795915600325053e+00
9.998509429663658965e-01 -3.494787996647783033e-03 -1.690792107760144200e-02 -1.124375037285650220e-01 3.192970730982573786e-03 9.998356661616416563e-01 -1.784483374869790667e-02 -1.868777630307825455e-01 1.696750826155725075e-02 1.778818727329917540e-02 9.996978008719926700e-01 6.946074031438855378e+00
9.998283480609924112e-01 -1.093770613982329373e-03 -1.849561533108482966e-02 -1.344425266409263187e-01 8.795892477272074109e-04 9.999325138587433770e-01 -1.158428562299958046e-02 -1.946210824619968582e-01 1.850703972674687739e-02 1.156602840237166627e-02 9.997618280802647028e-01 7.586106182160094136e+00
9.998258560010210294e-01 -2.684381222641824688e-04 -1.865978622161917552e-02 -1.514622337277701236e-01 2.482976158683779136e-04 9.999993817888702674e-01 -1.081660227193595013e-03 -2.127432405160615825e-01 1.866006659045137475e-02 1.076838739659050038e-03 9.998253022101089016e-01 8.252478233335395430e+00
9.998022172018222742e-01 5.569126208841699340e-04 -1.988027471086378437e-02 -1.709175472502103832e-01 -4.371773975460993577e-04 9.999817429677773095e-01 6.026658647570914268e-03 -2.245666918489340469e-01 1.988326983296759276e-02 -6.016775540333910675e-03 9.997841998304005662e-01 8.921182917680528845e+00
9.997722067899909026e-01 2.454214174721177765e-03 -2.120176657193882305e-02 -1.947633237699110953e-01 -2.334488941738163160e-03 9.999811997348182491e-01 5.669865466883844581e-03 -2.455564641462653352e-01 2.121528423083254150e-02 -5.619078810647798461e-03 9.997591434751909034e-01 9.595525806220592813e+00
9.997576124358887872e-01 5.186899039530902880e-03 -2.139636361450454952e-02 -2.180546741707883873e-01 -5.225573670406570385e-03 9.999848116585777769e-01 -1.752006818817822753e-03 -2.535710652226137451e-01 2.138695213495965183e-02 1.863390513606136062e-03 9.997695359055336350e-01 1.028788926008926730e+01
9.997191306718942183e-01 5.026505393406122471e-03 -2.316034265942728751e-02 -2.427710257020790352e-01 -5.216774402448004153e-03 9.999530777944383164e-01 -8.162188807805295654e-03 -2.568196156210993952e-01 2.311823078345488433e-02 8.280718650678565995e-03 9.996984415336676033e-01 1.099557480484065586e+01
9.997115680466734933e-01 3.367235238067583548e-03 -2.377914190947041234e-02 -2.613474525487438638e-01 -3.540114640388730780e-03 9.999675861254355702e-01 -7.231853256220564623e-03 -2.637827457270224274e-01 2.375402175405361485e-02 7.313948508363725051e-03 9.996910758278912956e-01 1.172624498582320918e+01
9.996898946862102786e-01 1.876799858374893909e-03 -2.483120591960390894e-02 -2.799625832542487758e-01 -1.821998105670749732e-03 9.999958535468921328e-01 2.229413502475574571e-03 -2.748594515618360545e-01 2.483528968692240435e-02 -2.183479839916268803e-03 9.996891717668979771e-01 1.248309683801738856e+01
9.997096600302014524e-01 1.109958467871326182e-03 -2.406999219118309205e-02 -3.215662914076472534e-01 -8.686420264821501135e-04 9.999492823673338249e-01 1.003375532133538722e-02 -2.753773261635955594e-01 2.407991094135784535e-02 -1.000993407507959516e-02 9.996599176024649758e-01 1.328471654438840055e+01
9.996934032035249551e-01 3.862337749666378320e-04 -2.475774423260014220e-02 -3.628858489756560668e-01 -7.414062208923534090e-05 9.999205413517660013e-01 1.260555850819506003e-02 -2.805807783353322371e-01 2.476064755191904540e-02 -1.259985860921559835e-02 9.996140054447093526e-01 1.407802996196430811e+01
9.996931306420429042e-01 -1.803702071263763897e-03 -2.470609843087579610e-02 -3.919540704505464768e-01 2.092508237040679488e-03 9.999297299615662604e-01 1.166880135017336027e-02 -2.828111962947849056e-01 2.468331704425437076e-02 -1.171691825345680046e-02 9.996266493963913424e-01 1.488720278950083475e+01
9.997125489264572229e-01 -2.086205194761913892e-03 -2.388461218937283637e-02 -4.154259719550508767e-01 2.305892298090560840e-03 9.999552631172577977e-01 9.174001355085765683e-03 -2.857253796624851239e-01 2.386440754987577406e-02 -9.226439717252919726e-03 9.996726279562854200e-01 1.571805829828762846e+01
9.997251588048263748e-01 2.261728056243569277e-04 -2.344260080038587657e-02 -4.546121255712879394e-01 -9.363616236581315960e-05 9.999840083936256674e-01 5.654609574724628676e-03 -2.782702303551279899e-01 2.344350672703047686e-02 -5.650860504099922133e-03 9.997091928015482409e-01 1.655172444254569442e+01
9.997595303319003479e-01 -2.139367411739095167e-03 -2.182418333207479869e-02 -4.814713895337937588e-01 2.149875344109118680e-03 9.999975849812725581e-01 4.580221319201589736e-04 -2.903067461620684742e-01 2.182315288724543875e-02 -5.048312267362740349e-04 9.997617146868273963e-01 1.741330100890574073e+01
9.997512549528979608e-01 -5.005182139364673828e-03 -2.173422594196843319e-02 -5.067504757205020249e-01 4.878821467824472069e-03 9.999709063239494711e-01 -5.863049820807043379e-03 -3.060653668349494483e-01 2.176294055941685804e-02 5.755554090989819377e-03 9.997465887231525850e-01 1.827332243919815014e+01
9.997968925641252946e-01 -3.987723620941258790e-03 -1.975514404741953584e-02 -5.429605701378406035e-01 3.770286227253298508e-03 9.999320409268728227e-01 -1.103167791639259390e-02 -3.251289644966528503e-01 1.979779454596834742e-02 1.095495460907092156e-02 9.997439865090023137e-01 1.918119238152025474e+01
9.997977383662690620e-01 -2.389973696991013613e-03 -1.996944533628971022e-02 -5.745627214015509576e-01 2.141280754431853540e-03 9.999200082680403945e-01 -1.246579472195685594e-02 -3.329678436749523573e-01 1.999764204486046207e-02 1.242051386050056425e-02 9.997228733656909894e-01 2.008120987218610765e+01
9.997937258717823905e-01 -2.818251828695835827e-03 -2.011381846936067391e-02 -6.050569189321364227e-01 2.581339250636368200e-03 9.999271031026749634e-01 -1.179485676597849704e-02 -3.541490249128826373e-01 2.014559482742835084e-02 1.174050324659690198e-02 9.997281210255428707e-01 2.101109735608106988e+01
9.998217463393511695e-01 -2.048539483693520829e-03 -1.876912728776720246e-02 -6.402603426976480883e-01 1.810940203861037242e-03 9.999181279750505302e-01 -1.266732034237287065e-02 -3.785714624370108972e-01 1.879354080295812454e-02 1.263107222733358785e-02 9.997435956855987849e-01 2.197400761147103410e+01
9.998226590743544140e-01 8.608728645882488071e-04 -1.881257189150011000e-02 -6.876425106135306553e-01 -1.142105993177016136e-03 9.998876910628553549e-01 -1.494358203159504121e-02 -4.034396888018726424e-01 1.879759605911212814e-02 1.496241778914818299e-02 9.997113498627906436e-01 2.292609705582241020e+01
9.998423905161609726e-01 5.511343856690221511e-03 -1.687644229098323248e-02 -7.298020777027269812e-01 -5.770480925068614299e-03 9.998656078059341423e-01 -1.534493609814576755e-02 -4.260727313825940499e-01 1.678960452403353495e-02 1.543990238222689264e-02 9.997398216779052049e-01 2.392812698119934822e+01
9.998530390079990449e-01 6.510910859294869596e-03 -1.585920825803733072e-02 -7.861800653774971837e-01 -6.745579478257456019e-03 9.998678862726083638e-01 -1.478869256543547880e-02 -4.489225432415063222e-01 1.576082617064163832e-02 1.489349889518682551e-02 9.997648647193928539e-01 2.491850210607414340e+01
9.998504363370821491e-01 7.644008243139798105e-03 -1.551374533491434345e-02 -8.110419465014495621e-01 -7.872830657489296446e-03 9.998603309801176175e-01 -1.474253977434049345e-02 -4.822302365144049974e-01 1.539888809626394593e-02 1.486247207746925481e-02 9.997709626828005236e-01 2.592211948834559720e+01
9.998457254012110829e-01 7.601257265852302131e-03 -1.583474129964237281e-02 -8.335805819312198661e-01 -7.830781900080211952e-03 9.998644453902213458e-01 -1.448376168603047673e-02 -5.058720443526467658e-01 1.572250102873020902e-02 1.460552519785504252e-02 9.997697192085678308e-01 2.689365642824142100e+01
9.998356401127734827e-01 8.037042503710345454e-03 -1.625096861521673972e-02 -8.633703473041619558e-01 -8.256748248208897398e-03 9.998748115702040806e-01 -1.349792700723803987e-02 -5.362266152341490510e-01 1.614045198972154788e-02 1.362988932546727386e-02 9.997768283170228587e-01 2.789378998046592528e+01
9.998282661730526488e-01 8.419426664223125106e-03 -1.650923120669679084e-02 -8.829498071574503060e-01 -8.612137757269870686e-03 9.998952024388578774e-01 -1.163675438611332796e-02 -5.653160574543284467e-01 1.640952735965124296e-02 1.177693551274697735e-02 9.997959913880897220e-01 2.892274530688458256e+01
9.998183519290334553e-01 8.551474836808983099e-03 -1.703311698358617524e-02 -9.137926479087122855e-01 -8.730142230605886580e-03 9.999073577991530737e-01 -1.044278637846670667e-02 -5.888813068446538956e-01 1.694223994633838049e-02 1.058959133931467247e-02 9.998003902718136660e-01 2.991629551508159679e+01
9.998166863874405896e-01 8.623474766080944237e-03 -1.709475625516845496e-02 -9.368819210271950304e-01 -8.815750884895013836e-03 9.998983651560120478e-01 -1.120436322721787836e-02 -6.215061281787469527e-01 1.699639994953894631e-02 1.135301257912580374e-02 9.997910984565477888e-01 3.095720772112052543e+01
9.997893136264580649e-01 1.077831752356859032e-02 -1.746871184520022366e-02 -9.611500621486201990e-01 -1.098982336244060630e-02 9.998669156689556914e-01 -1.205722104424567474e-02 -6.520908869255379603e-01 1.733643184010313573e-02 1.224665927962010487e-02 9.997747107045864556e-01 3.196308789776321291e+01
9.997904697235144855e-01 1.071454037826841989e-02 -1.744155951918549552e-02 -9.926011817170130591e-01 -1.091627235398269329e-02 9.998741465875099488e-01 -1.151231869173835291e-02 -6.780197305041123501e-01 1.731601704921553742e-02 1.170030353211657347e-02 9.997816036889757285e-01 3.300459805254315881e+01
9.997982995952008345e-01 9.621193677565869837e-03 -1.762936593925183010e-02 -1.019196209656049623e+00 -9.773578879598610741e-03 9.999154436052544170e-01 -8.578116707603309493e-03 -7.052068850416922663e-01 1.754534486672215676e-02 8.748688581127553321e-03 9.998077967995451232e-01 3.407052084145288973e+01
9.997845818207927726e-01 9.717265912505882591e-03 -1.834047238145707776e-02 -1.049175103374963669e+00 -9.816116190609574729e-03 9.999377403966045463e-01 -5.307391316093006649e-03 -7.281122032895044338e-01 1.828775841084436665e-02 5.486280364231762435e-03 9.998177077826030379e-01 3.512037342349732683e+01
9.997841221778969167e-01 9.336192757195686462e-03 -1.856173276010335618e-02 -1.075898918020888662e+00 -9.389316102443047082e-03 9.999520665403267561e-01 -2.776869781899087529e-03 -7.515143383765161555e-01 1.853491864793778074e-02 2.950552413021612953e-03 9.998238612817765825e-01 3.620338763447971075e+01
9.997795358533195786e-01 9.369851535450265945e-03 -1.879082031526765548e-02 -1.112033962467257719e+00 -9.412557166880573811e-03 9.999533154769489895e-01 -2.185495815222690541e-03 -7.705564371977594584e-01 1.876946671520528589e-02 2.361883708119736410e-03 9.998210486697317601e-01 3.727466232626730402e+01
9.997820007835378497e-01 9.534285111357154383e-03 -1.857568387989301517e-02 -1.142097641980581724e+00 -9.601822493364673208e-03 9.999475972556105541e-01 -3.549961930718558128e-03 -7.931168665945613760e-01 1.854086592805408162e-02 3.727548468528376919e-03 9.998211519608517506e-01 3.836070993122764605e+01
9.997473035743462688e-01 1.040401124135498755e-02 -1.992684607139199454e-02 -1.171016681979369700e+00 -1.048663801466340022e-02 9.999368240907451355e-01 -4.046482736038371428e-03 -8.153515455241681087e-01 1.988348888141971971e-02 4.254425900949340353e-03 9.997932523349088996e-01 3.942895300955441229e+01
9.997344608193132753e-01 9.933272427258296386e-03 -2.079275200358701378e-02 -1.198393713987182974e+00 -9.999845839928012819e-03 9.999451922272144522e-01 -3.100202070685519756e-03 -8.378760060065263415e-01 2.076081947847873213e-02 3.307303255080449537e-03 9.997789969534723875e-01 4.051142828469554047e+01
9.997410167992215602e-01 9.446000027077924507e-03 -2.070434838827260246e-02 -1.223283283924349041e+00 -9.465651984034555502e-03 9.999548378144584859e-01 -8.513475657999296058e-04 -8.619950441185565415e-01 2.069537287626639979e-02 1.047107334792271409e-03 9.997852753863204489e-01 4.159889555171071862e+01
9.997151160339470266e-01 9.944241667487221242e-03 -2.169793003145628618e-02 -1.256995893861505786e+00 -9.914031253106126568e-03 9.999497293056371916e-01 1.499478892040118690e-03 -8.844103444308444306e-01 2.171175303948461727e-02 -1.283937790066889267e-03 9.997634446604161118e-01 4.267855323557376579e+01
9.997137711381618441e-01 9.981003307972630481e-03 -2.174283782251898445e-02 -1.288227492987268796e+00 -9.945925780490484300e-03 9.999490623085152130e-01 1.720861647915272827e-03 -9.077017303361983869e-01 2.175890802017473036e-02 -1.504116383801387376e-03 9.997621165533232546e-01 4.376287011587848497e+01
9.996589170783879430e-01 1.342495675471733901e-02 -2.240116594936155531e-02 -1.312067767909274929e+00 -1.348682714963258915e-02 9.999056353130828523e-01 -2.613102831164576360e-03 -9.329626286494571152e-01 2.236397352958461801e-02 2.914332317837809837e-03 9.997456476085294641e-01 4.481658813277967823e+01
9.996539568110429652e-01 1.462061835854460215e-02 -2.186793008863942636e-02 -1.353133408321948172e+00 -1.475715023738707193e-02 9.998725295180126427e-01 -6.095154715358959766e-03 -9.586231485931749896e-01 2.177602890569695082e-02 6.415753993975379169e-03 9.997422836709447536e-01 4.590591640234234205e+01
9.996038716480274422e-01 1.709348555228169461e-02 -2.235860447380849311e-02 -1.390291652054826077e+00 -1.724493123237891626e-02 9.998295248650259648e-01 -6.598248669057086777e-03 -9.864797682799129053e-01 2.224200734258902426e-02 6.981207580457681611e-03 9.997282434869466661e-01 4.697349631336543041e+01
9.996571803458568217e-01 1.408861251580936433e-02 -2.206897083810281657e-02 -1.421333045361901304e+00 -1.417689794357300873e-02 9.998920901734495992e-01 -3.849011052956919504e-03 -1.008747852906158871e+00 2.201236434570685505e-02 4.160561094048173016e-03 9.997490394806939351e-01 4.805791005167894525e+01
9.996417559163739419e-01 1.535042294331356340e-02 -2.192562473194891934e-02 -1.451226583642523105e+00 -1.539805557826139960e-02 9.998794367880849965e-01 -2.005204999313577648e-03 -1.031571115305361275e+00 2.189220296402889440e-02 2.342098655667964723e-03 9.997575972955415891e-01 4.915996533358459430e+01
9.996714872601412116e-01 1.310907734840356317e-02 -2.202414900810098844e-02 -1.492665971162621563e+00 -1.312641378691227836e-02 9.999136356056562702e-01 -6.427554397962051587e-04 -1.054815412923595153e+00 2.201382363908481118e-02 9.316423004841396273e-04 9.997572371342028363e-01 5.022992535983191686e+01
9.996690299772056365e-01 1.420266760333545493e-02 -2.145039162889323531e-02 -1.521328088560671699e+00 -1.423173815168877338e-02 9.998980045170422493e-01 -1.203135730224128052e-03 -1.080591027549282046e+00 2.143111809799433040e-02 1.508013994822759865e-03 9.997691855057524446e-01 5.131813307153700521e+01
9.996846812209726485e-01 1.368441761039752499e-02 -2.105432043303679182e-02 -1.553522610588024877e+00 -1.374822377085927437e-02 9.999013201490366543e-01 -2.888770964714901853e-03 -1.107050484428455217e+00 2.101271308746687633e-02 3.177319719176742961e-03 9.997741586299911942e-01 5.239806195538456990e+01
9.996780844879450401e-01 1.421555517892545382e-02 -2.101533737938326291e-02 -1.581318283545344761e+00 -1.433226396572891657e-02 9.998826354312408959e-01 -5.413325488396853423e-03 -1.128479977398031409e+00 2.093591992686633096e-02 5.712780272439376382e-03 9.997645000808141891e-01 5.347065068338392990e+01
9.997176248994730230e-01 1.263075678798944793e-02 -2.012810977446563912e-02 -1.607941982331531072e+00 -1.278962855402254045e-02 9.998879106619449342e-01 -7.783867686104184620e-03 -1.159300961922834938e+00 2.002753970972067157e-02 8.039100898466560244e-03 9.997671044385822992e-01 5.454970898853567007e+01
9.997166442566627342e-01 1.189280547234435569e-02 -2.062029946212356676e-02 -1.637865392526921537e+00 -1.212286107300675035e-02 9.998652586006214760e-01 -1.106780169105350646e-02 -1.194273512893127664e+00 2.048589516251900569e-02 1.131464300533471107e-02 9.997261171427159754e-01 5.562152547519836077e+01
9.997425837759940093e-01 1.122570823064277142e-02 -1.971657588496341512e-02 -1.656589685546894675e+00 -1.147716842843831894e-02 9.998536430890313520e-01 -1.268716927010357133e-02 -1.232242507021259037e+00 1.957126961056821282e-02 1.291019369671085777e-02 9.997251131349749187e-01 5.669776548259232385e+01
9.997516865317552792e-01 9.577243604713441688e-03 -2.012051781681250748e-02 -1.684533007325318854e+00 -9.789888937703194668e-03 9.998969782422291175e-01 -1.049676112619114289e-02 -1.265403418922141698e+00 2.001791676713422785e-02 1.069113210505204768e-02 9.997424552260159025e-01 5.778979127733328625e+01
9.997846836367638712e-01 7.622720533500558331e-03 -1.929974351668541088e-02 -1.705552168787974221e+00 -7.716422035783534680e-03 9.999587824227373911e-01 -4.785234110861750524e-03 -1.291872102447338744e+00 1.926247277101337738e-02 4.933128756455642215e-03 9.998022939404991316e-01 5.886764240765271694e+01
9.997986992058450761e-01 5.350607710831433057e-03 -1.933743088816095024e-02 -1.731694241582608207e+00 -5.336060539185299816e-03 9.999854408696126074e-01 8.038221258199490125e-04 -1.314337231168063891e+00 1.934145115198578069e-02 -7.004746160538299947e-04 9.998126899245427524e-01 5.996332683038858846e+01
9.998134210819855650e-01 2.990630415539119805e-03 -1.908362657800800541e-02 -1.754951173872306702e+00 -2.950485912723707898e-03 9.999933777266792889e-01 2.131429936259051847e-03 -1.337233081199049156e+00 1.908987565019935537e-02 -2.074726419356891054e-03 9.998156211913356017e-01 6.104495901157903859e+01
9.998281167991152074e-01 1.188590931297562507e-03 -1.850222413975097929e-02 -1.778693022258096113e+00 -1.207803798079122668e-03 9.999987387341157108e-01 -1.027258782482248561e-03 -1.361588989083162726e+00 1.850098071068653066e-02 1.049429245751266936e-03 9.998282944667693517e-01 6.213494517253452898e+01
9.998202498108591518e-01 -6.750221057858531160e-04 -1.894752299387340855e-02 -1.804828999401796086e+00 5.962579916406383039e-04 9.999911599540001195e-01 -4.162306135333214419e-03 -1.384728182304499011e+00 1.895016690903396361e-02 4.150260342400189165e-03 9.998118202351410355e-01 6.321941776484213449e+01
9.998214366370740125e-01 2.078931474070190230e-03 -1.878244356219098757e-02 -1.831449872940882129e+00 -2.228676594499053466e-03 9.999658687682312364e-01 -7.955183744206386839e-03 -1.410874937893191960e+00 1.876526531370171016e-02 7.995623333887013837e-03 9.997919445946951145e-01 6.430877110065728175e+01
9.998222584692703085e-01 1.538892409222672930e-03 -1.879040052041877629e-02 -1.859863610274629098e+00 -1.768935622103278956e-03 9.999236226484429224e-01 -1.223210813337871801e-02 -1.448235887117337750e+00 1.877014317137141661e-02 1.226317298049320326e-02 9.997486188822869435e-01 6.538447567380393366e+01
9.998209582755562819e-01 5.640041143269653237e-03 -1.806191406966045632e-02 -1.893331363359169517e+00 -5.872589023771746831e-03 9.999002206693178296e-01 -1.284797448609586133e-02 -1.478792795416990602e+00 1.798765048307276321e-02 1.295174424103520856e-02 9.997543210551261827e-01 6.647933252076335009e+01
9.998208273340141172e-01 8.371721909899588338e-03 -1.697698186358269357e-02 -1.925500809770903210e+00 -8.537953905003815847e-03 9.999160912404462254e-01 -9.742861820502077969e-03 -1.504989135982991000e+00 1.689399398991918433e-02 9.886065425430032652e-03 9.998084114255400001e-01 6.757981923116435041e+01
9.998112188821327573e-01 9.300782141331277036e-03 -1.705963264457029810e-02 -1.952500519914295740e+00 -9.431963157008539655e-03 9.999264442515690687e-01 -7.625240751528104648e-03 -1.540583989448632840e+00 1.698745809993236836e-02 7.784707104119887276e-03 9.998253968662986768e-01 6.866363934677282543e+01
9.998106297392331809e-01 9.633359865042248962e-03 -1.690843357929226048e-02 -1.974477801992153392e+00 -9.746657124415655446e-03 9.999305136729711441e-01 -6.631028129355879923e-03 -1.570058781428227412e+00 1.684338148625183496e-02 6.794573152015458313e-03 9.998350565877960339e-01 6.975750899199979926e+01
9.998221267936976409e-01 8.478154027151019179e-03 -1.684770505002809726e-02 -1.999530295242749611e+00 -8.577247318389800285e-03 9.999462897810214024e-01 -5.818140983178479893e-03 -1.602545243982662404e+00 1.679747392521965810e-02 5.961613120291807920e-03 9.998411434252811869e-01 7.085308485146599367e+01
9.998275443334859736e-01 7.672475085710680522e-03 -1.691212980455026119e-02 -2.027377887829928671e+00 -7.747029699881140784e-03 9.999605383218663768e-01 -4.347214620474043091e-03 -1.628832973496107339e+00 1.687810946338489174e-02 4.477483708949120747e-03 9.998475273446479905e-01 7.194837923221429321e+01
9.998315910774682180e-01 5.410183290034570845e-03 -1.753645815007992895e-02 -2.054386530596887361e+00 -5.452959190024608306e-03 9.999822716423013569e-01 -2.392331694527080957e-03 -1.656833342248116736e+00 1.752320579857380087e-02 2.487554352207857391e-03 9.998433672802307104e-01 7.302815323393433289e+01
9.998265131806028938e-01 4.022786860304741058e-03 -1.818695221421879130e-02 -2.075852620819323757e+00 -4.036789706499836761e-03 9.999915839668201967e-01 -7.332806678003809652e-04 -1.682107692626151563e+00 1.818385051573474798e-02 8.065703855899628971e-04 9.998343328525771678e-01 7.411295100039092176e+01
9.998233641351034207e-01 3.519085513825971276e-03 -1.846213655398161457e-02 -2.102043042394867278e+00 -3.548389789748950581e-03 9.999924999822765725e-01 -1.554741381826873397e-03 -1.710234611654989134e+00 1.845652763242947025e-02 1.619977612011464169e-03 9.998283558826204231e-01 7.520784996584076509e+01
9.998075362040352854e-01 3.918030042358333284e-03 -1.922333126198797967e-02 -2.132331598746913581e+00 -4.022726167786457377e-03 9.999772757081657470e-01 -5.410654637454749560e-03 -1.741529696255616821e+00 1.920169714158965688e-02 5.486943595336090523e-03 9.998005780877990967e-01 7.627779002718672530e+01
9.997855201207040965e-01 5.614132303533314779e-03 -1.993481968482142125e-02 -2.158882732699406670e+00 -5.765487307792631355e-03 9.999549316365989871e-01 -7.543135933545537172e-03 -1.770724170661340802e+00 1.989157491723535232e-02 7.656452231014389265e-03 9.997728282426973090e-01 7.736603936581060736e+01
9.997653897256909561e-01 6.259044809245412934e-03 -2.073631036509177364e-02 -2.193389651475164293e+00 -6.386966216356025107e-03 9.999609503102948604e-01 -6.108466207167765477e-03 -1.796598927364334797e+00 2.069726919379046362e-02 6.239475345767951132e-03 9.997663199640143272e-01 7.842839677910629348e+01
9.997491615104628915e-01 8.000862385646401176e-03 -2.091895262509213538e-02 -2.222837913834018408e+00 -8.043908602521011170e-03 9.999656989619726266e-01 -1.974404428675255799e-03 -1.826337988613862429e+00 2.090243970765882572e-02 2.142179318595228022e-03 9.997792295275648167e-01 7.950123338833233788e+01
9.997421010179350365e-01 8.674806429646891165e-03 -2.098757210870678611e-02 -2.252513659127747925e+00 -8.627918509942749531e-03 9.999600836943913773e-01 2.323621890062015083e-03 -1.845878023813038338e+00 2.100689328368546965e-02 -2.141943544895997566e-03 9.997770352876738098e-01 8.058523539097528499e+01
9.997168836520163859e-01 9.466562620990985610e-03 -2.182957804108891231e-02 -2.282339215434582513e+00 -9.401106815587874366e-03 9.999510068225686554e-01 3.099194390087202117e-03 -1.871274233507306928e+00 2.185784877590885023e-02 -2.893094760983276094e-03 9.997568995254152435e-01 8.164772356800966691e+01
9.996887878461625521e-01 1.056186166731311500e-02 -2.260018497529890993e-02 -2.315414830119589595e+00 -1.053951219510012791e-02 9.999438451809565809e-01 1.107822654831866092e-03 -1.895945272875079857e+00 2.261061859988763162e-02 -8.692829607366671721e-04 9.997439669728812595e-01 8.270479274106659773e+01
9.996701029409124084e-01 9.887662905659342846e-03 -2.370493479732684386e-02 -2.347333177403009064e+00 -9.887946369710963121e-03 9.999511074380736941e-01 1.052847577389380053e-04 -1.917139046759013699e+00 2.370481838664332402e-02 1.291431160984214514e-04 9.997189896210142424e-01 8.375344803097517854e+01
9.996727907548528247e-01 9.739442214599960262e-03 -2.365277336720644080e-02 -2.373225228984884527e+00 -9.740028089993161761e-03 9.999525559158034538e-01 9.046984093210096265e-05 -1.940608786305620281e+00 2.365253392057309334e-02 1.399383064785952836e-04 9.997202333293440102e-01 8.481180188365512151e+01
9.996692955369760325e-01 8.236959245445367450e-03 -2.436096709498758797e-02 -2.403398357405162500e+00 -8.227285076619867549e-03 9.999660293349112994e-01 4.973458043174345438e-04 -1.969515853986842036e+00 2.436423827798460048e-02 -2.967567881098833599e-04 9.997031051281131120e-01 8.583512512451378029e+01
9.996566126549504272e-01 7.618730292466077171e-03 -2.507210019643094437e-02 -2.431836906447202296e+00 -7.566731533861252232e-03 9.999690261953376735e-01 2.168203294112087606e-03 -1.994728980032268728e+00 2.508784530147935288e-02 -1.977744843828175333e-03 9.996832911497122165e-01 8.685221742744617757e+01
9.996521193361145308e-01 7.172172538630831873e-03 -2.538092887869232775e-02 -2.460490648213915499e+00 -7.062560425443530944e-03 9.999653555896576007e-01 4.405706101700496667e-03 -2.013223164585406622e+00 2.541164985331743897e-02 -4.224919168046375149e-03 9.996681450742280761e-01 8.784576795521741133e+01
9.996335554757377340e-01 6.193120110810306986e-03 -2.635134856769491551e-02 -2.490729913113970628e+00 -6.044459055877091438e-03 9.999653900989862176e-01 5.717426107629372707e-03 -2.036764938832491101e+00 2.638584750164895895e-02 -5.556051449050123693e-03 9.996363944252764089e-01 8.883079587538315991e+01
9.995849655736274153e-01 4.814750071747545858e-03 -2.840262865448715118e-02 -2.521340950696914440e+00 -4.651061609210890672e-03 9.999722103713458710e-01 5.826406043097614139e-03 -2.059263701583894157e+00 2.842989386195344387e-02 -5.691885651867805221e-03 9.995795840550270039e-01 8.980180731068145406e+01
9.994844821643658062e-01 4.732189949669396434e-03 -3.175491826444458432e-02 -2.560627234270735908e+00 -4.570141241231513718e-03 9.999761685564007019e-01 5.173757351082487917e-03 -2.084150513309455999e+00 3.177864749623757895e-02 -5.025965983650002890e-03 9.994822992792338212e-01 9.072802600389829308e+01
9.993722001659565146e-01 4.502844566216797177e-03 -3.514144864387245409e-02 -2.597100668541624469e+00 -4.347257006186855052e-03 9.999804123804051370e-01 4.502627133444539638e-03 -2.102638685136999364e+00 3.516103798877962677e-02 -4.347031654846841148e-03 9.993722074536386391e-01 9.163848395157988591e+01
9.992749359777334250e-01 4.101891354435272669e-03 -3.785206955248605204e-02 -2.635725232494566583e+00 -3.933998298196285555e-03 9.999820963800247764e-01 4.508928680030907174e-03 -2.121946120240636002e+00 3.786989009188532207e-02 -4.356749476538186554e-03 9.992731776422421053e-01 9.252316908303939158e+01
9.991367395091153014e-01 5.553755826525520398e-03 -4.116964186196325065e-02 -2.681449942648940432e+00 -5.323340341776863945e-03 9.999695593733793908e-01 5.704259237040032286e-03 -2.142532842125359327e+00 4.120007212470572916e-02 -5.480175173776113615e-03 9.991358911175055590e-01 9.338141022293736171e+01
9.990046081368548769e-01 6.484848092517968635e-03 -4.413322061937864638e-02 -2.726978102514438174e+00 -6.187657177619796528e-03 9.999572720872723641e-01 6.867241103943871362e-03 -2.161387645010831804e+00 4.417587252344471610e-02 -6.587324485198548310e-03 9.990020497758731466e-01 9.422188210320314283e+01
9.988649880158868566e-01 6.932711536684752450e-03 -4.712407695217492309e-02 -2.770343328790116910e+00 -6.546066270469933467e-03 9.999436789516663593e-01 8.354223457082912349e-03 -2.180030302324118541e+00 4.717934497381947451e-02 -8.036264040006421347e-03 9.988541030324471492e-01 9.504424467396677301e+01
9.987065009963833617e-01 8.611270691592466317e-03 -5.011155951530200936e-02 -2.818595697580770665e+00 -8.156569857432172804e-03 9.999237577406927535e-01 9.271217215553694685e-03 -2.196504020934893386e+00 5.018757936036098016e-02 -8.850486700264021539e-03 9.987005912629242088e-01 9.583683238661957660e+01
9.985767116150030542e-01 1.050315796692363225e-02 -5.228989904636410779e-02 -2.869952157373407697e+00 -1.000693656858931378e-02 9.999024677427871266e-01 9.742624504854002429e-03 -2.209077714828172390e+00 5.238713189257786229e-02 -9.205496474151029715e-03 9.985844206422100910e-01 9.658184626508156612e+01
9.983869788707318005e-01 1.209438033095192044e-02 -5.547223497699785982e-02 -2.915792506405549211e+00 -1.162514215142385933e-02 9.998939309148032750e-01 8.773888810068559627e-03 -2.228720770623803471e+00 5.557247031126742037e-02 -8.114863862211694340e-03 9.984216802144652014e-01 9.731435228789516145e+01
9.982450474484262370e-01 1.369584199366695974e-02 -5.761283642987945208e-02 -2.961305203934254671e+00 -1.341742986821532757e-02 9.998963704478107672e-01 5.216554460507437721e-03 -2.245139512673527182e+00 5.767831607300760721e-02 -4.434383673334444699e-03 9.983253721037633754e-01 9.801715014432872408e+01
9.980316920153710081e-01 1.648358301606417733e-02 -6.050650637002929350e-02 -3.015137941496041307e+00 -1.641919642082940653e-02 9.998639781355191936e-01 1.561219785007217191e-03 -2.262036349351467912e+00 6.052401605335038653e-02 -5.646786347312585368e-04 9.981665798491099473e-01 9.868030066945406986e+01
9.979081394778893666e-01 1.832716532148671862e-02 -6.199562013582067543e-02 -3.062466846605750970e+00 -1.843918581679960741e-02 9.998292215718733722e-01 -1.235202531095393923e-03 -2.277373547198656034e+00 6.196240040901604407e-02 2.375767367081559143e-03 9.980756589502374210e-01 9.931402083694935357e+01
9.977964301807107361e-01 1.969525465841567152e-02 -6.335919937481375441e-02 -3.110506938431964574e+00 -1.987655410245556947e-02 9.997999478083493541e-01 -2.232329483968498868e-03 -2.290565693967111294e+00 6.330256311823383164e-02 3.486772872902182789e-03 9.979882920109400812e-01 9.992061552594810792e+01
9.978066131484505386e-01 2.255539765522727308e-02 -6.223509206258230619e-02 -3.154715926467234421e+00 -2.270700115584448758e-02 9.997406625343150388e-01 -1.729672991015570845e-03 -2.311785841887484150e+00 6.217994415865191193e-02 3.139051465848435255e-03 9.980600143172347893e-01 1.004985840315273009e+02
9.978986361201382937e-01 2.550042068701137768e-02 -5.956538242334174366e-02 -3.189445434730552531e+00 -2.555261029220555827e-02 9.996734711743999746e-01 -1.144853912329574881e-04 -2.328061441342340387e+00 5.954301799672474804e-02 1.636295704922551822e-03 9.982244027054620883e-01 1.010698436244223615e+02
9.981127925347207386e-01 2.839895917912239540e-02 -5.444577485165412456e-02 -3.223020851453279434e+00 -2.836976122769144237e-02 9.995966363632355911e-01 1.309273473165730676e-03 -2.343052882301715378e+00 5.446100052719076573e-02 2.378109236761433859e-04 9.985158711020438727e-01 1.016077502251783073e+02
9.984718211197736171e-01 2.938629542391529501e-02 -4.680253562518452842e-02 -3.245779130147658620e+00 -2.926730716048902420e-02 9.995664184859123225e-01 3.225767334432364224e-03 -2.356588105348043971e+00 4.687703972530814917e-02 -1.851053579456547055e-03 9.988989503943143111e-01 1.021153011865385025e+02
9.988736898350416560e-01 2.922004113173354983e-02 -3.738371304640190212e-02 -3.264653270883306924e+00 -2.902449609195894772e-02 9.995620857435365547e-01 5.762978404850020893e-03 -2.366240005315303208e+00 3.753574048652838502e-02 -4.671444219970759780e-03 9.992843644214220999e-01 1.026157107331979574e+02
9.992752657530307170e-01 2.844000820829575144e-02 -2.530055030476726502e-02 -3.270052326749770977e+00 -2.827001784009897101e-02 9.995754501571988415e-01 7.051508441686021693e-03 -2.378280551382065955e+00 2.549035597144932649e-02 -6.331151177052670408e-03 9.996550240897708051e-01 1.030887076147338917e+02
9.995544870475147059e-01 2.732228336450990766e-02 -1.201370272736259834e-02 -3.273612479497341798e+00 -2.723780198099196026e-02 9.996034751465866508e-01 7.140545600117290809e-03 -2.389415478301712970e+00 1.220403550272943123e-02 -6.810137804820091609e-03 9.999023378058989886e-01 1.035345545450958298e+02
9.996372190093725241e-01 2.671617929689374185e-02 3.415557922595475332e-03 -3.263194589023538317e+00 -2.673701622476969478e-02 9.996232316394744188e-01 6.207143748407642318e-03 -2.399670063637050710e+00 -3.248440179021378025e-03 -6.296213878321626524e-03 9.999748993511533568e-01 1.039690678516949305e+02
9.994494146290822112e-01 2.577215454005052711e-02 2.089643800722080710e-02 -3.239379446159527554e+00 -2.584728352917863362e-02 9.996603444997093080e-01 3.333104320907806766e-03 -2.417258614934731931e+00 -2.080344097155051308e-02 -3.871385484258622542e-03 9.997760908712087780e-01 1.043831105172434519e+02
9.987908403674707891e-01 2.540490283659554635e-02 4.208859774347619570e-02 -3.207481714856620147e+00 -2.538363454233215355e-02 9.996772388757201311e-01 -1.039799012399125668e-03 -2.426910999030547966e+00 -4.210143334038234098e-02 -2.981989245530111766e-05 9.991133407568093538e-01 1.047880714117210346e+02
9.975122761663117732e-01 2.333555625916699724e-02 6.651846354453577748e-02 -3.165135766169557829e+00 -2.298849391134547004e-02 9.997178507839574735e-01 -5.978321383938150352e-03 -2.440375327186145249e+00 -6.663920836903397538e-02 4.434289803549530846e-03 9.977672830497311685e-01 1.051991884927983563e+02
9.954019357579922955e-01 2.086100530843435982e-02 9.348692120969413766e-02 -3.107453698859692803e+00 -2.012504424902970823e-02 9.997586641139454278e-01 -8.808333349583311739e-03 -2.449917483350272374e+00 -9.364811840702523538e-02 6.886403783745849612e-03 9.955815401280624366e-01 1.055841329052958031e+02
9.922194112727467097e-01 1.793261178748799603e-02 1.232033090098984124e-01 -3.035538333986052884e+00 -1.679550769420601677e-02 9.998062828535564384e-01 -1.026198394362652817e-02 -2.461395104584880311e+00 -1.233634806705673354e-01 8.112877812933167940e-03 9.923283858736969831e-01 1.059820875005532201e+02
9.877356414156709397e-01 1.534907629907063600e-02 1.553792532194209763e-01 -2.950203506571569267e+00 -1.363143951836010871e-02 9.998337036246883747e-01 -1.211400934478336008e-02 -2.472774901304362061e+00 -1.555393609640265407e-01 9.847396157975002451e-03 9.877806149596410901e-01 1.063460193182056628e+02
9.814813011159467804e-01 1.327443237191452789e-02 1.910974512323971586e-01 -2.846605713103460999e+00 -1.082809015971732819e-02 9.998455892373843135e-01 -1.384013788972212125e-02 -2.488604415482721155e+00 -1.912516780599503030e-01 1.151461671688012306e-02 9.814734896466691394e-01 1.067244845872152865e+02
9.733206432887229198e-01 9.693536782728126230e-03 2.292443347083135130e-01 -2.722781988331597791e+00 -6.569683316219881650e-03 9.998749373310521493e-01 -1.438603321039969539e-02 -2.502000248808375016e+00 -2.293551317804720380e-01 1.249616058166633584e-02 9.732625893802252515e-01 1.070730210407819669e+02
9.630765760094690542e-01 6.906533581991107507e-03 2.691390137719468778e-01 -2.594352364167805458e+00 -3.000247244558386719e-03 9.998841499023700674e-01 -1.492264472900363230e-02 -2.518285445885359852e+00 -2.692109193753063345e-01 1.356416558306004078e-02 9.629857240881611880e-01 1.074343944034207539e+02
9.506389896232374515e-01 7.692573688268549217e-03 3.102037018767255239e-01 -2.449515104718413383e+00 -2.888886822543746888e-03 9.998687418532971050e-01 -1.594202683007002116e-02 -2.538844086508659892e+00 -3.102856501988859872e-01 1.425896912285273474e-02 9.505364285234656485e-01 1.077562908382225970e+02
9.352413327434356827e-01 1.010611937577242728e-02 3.538664986849512917e-01 -2.288853413273574056e+00 -4.430343633890841508e-03 9.998482825185316392e-01 -1.684574742935277328e-02 -2.546869094061690486e+00 -3.539830848956540543e-01 1.418709008860037472e-02 9.351442147380331082e-01 1.080848143503328203e+02
9.169729140410367574e-01 9.099233677271504478e-03 3.988456563335519567e-01 -2.117729985302159612e+00 -3.205816555011420290e-03 9.998756488493550920e-01 -1.544069728076692162e-02 -2.559304696503565957e+00 -3.989365908763418678e-01 1.288007616696442911e-02 9.168880571096085230e-01 1.084136201250427689e+02
8.967697417742330757e-01 8.536663411468426929e-03 4.424151097263378518e-01 -1.925409833303070695e+00 -2.368114392118796790e-03 9.998921571119340213e-01 -1.449337865229952463e-02 -2.566233915243423702e+00 -4.424911633499987729e-01 1.194953431547699299e-02 8.966932511138331341e-01 1.087001686718085551e+02
8.734297342204994097e-01 6.945701650634936858e-03 4.869006477539640221e-01 -1.718506177658349898e+00 2.948774725832436182e-04 9.998905365598185213e-01 -1.479253719772026174e-02 -2.580924107521164856e+00 -4.869501383551161910e-01 1.306381856055795036e-02 8.733320792196823668e-01 1.089992047184629769e+02
