0.9999999999999999 2.6801336378956836e-22 9.467889521019812e-20 -8.673617379884035e-19 1.1323179080273111e-21 1.0 -4.956378993858831e-19 1.3877787807814457e-17 -7.288425687518649e-19 4.589744003470271e-19 1.0 0.0
0.9999964012372863 -0.0022088592431844037 -0.0015198122210650993 0.0034895187107840545 0.0022077522990956657 0.9999972975370462 -0.0007297959990497267 -0.012243094979400307 0.0015214203471426947 0.0007264379890590037 0.9999985812256674 0.5582783562687514
0.9999952384004471 -0.0021023721232322737 -0.0022586692600232152 0.004141008054778715 0.0020980466336524804 0.9999959605958317 -0.0019158006086143443 -0.02580457335459195 0.0022626880143127364 0.0019110526322068783 0.9999956110037211 1.127189940011629
0.9999880304644675 -0.0023281320164683394 -0.004304292185184159 0.0019008340242778685 0.002312380085928515 0.9999906221672588 -0.003661007172765151 -0.035761890841094796 0.004312775447489965 0.003651010054294058 0.9999840373682737 1.6721296501056158
0.9999692145911977 -0.00446034172579349 -0.006456179543081881 0.008339713781646434 0.004426579333710512 0.9999765039884069 -0.005234415544521334 -0.048650022979943794 0.006479375725412957 0.005205675574324047 0.9999654614203953 2.2289092025853257
0.9999473074414158 -0.006750238222377823 -0.007734128836996574 0.008116313621212328 0.006693591023571078 0.9999507561793213 -0.00732701957651865 -0.061502850680310486 0.007783207677662177 0.007274864318208498 0.999943246379263 2.7933119449842425
0.999921894993002 -0.008027083144843813 -0.00958014634623218 0.0013848834908849494 0.007949729829387344 0.9999357112318594 -0.008085367323044828 -0.07024868321185514 0.009644433177384858 0.008008576128326577 0.9999214237751386 3.360529954586867
0.999906331045003 -0.008442223843156712 -0.01077314404888836 -0.00500247603774499 0.00836023894799318 0.9999359227044633 -0.007632668726833023 -0.08466414325203257 0.010836891243852629 0.007541887672745153 0.9999128362505336 3.9437674064862485
0.9998857848652261 -0.00882656686177573 -0.01226824101429347 -0.01243303041119137 0.008730587221952581 0.9999310312563762 -0.007855151653550108 -0.09702839046032333 0.012336729660766033 0.007747145403120447 0.9998938838783977 4.521239688532985
0.999882647756021 -0.008179716049081655 -0.012952868950758227 -0.0147875571349217 0.008044971152849216 0.9999133345090079 -0.0104209289301067 -0.11469615477247316 0.013036987966153086 0.010315500273737213 0.999861807734971 5.113842310095905
0.9998723016472758 -0.006439648935829734 -0.014625797714181982 -0.02627378381321898 0.006229115150636214 0.9998769845672192 -0.014394954960237261 -0.1319012193959119 0.01471669791180506 0.014302010931373272 0.999789413785505 5.711265170764602
0.9998615146525823 -0.004940503514638961 -0.015891908465210946 -0.03462841743198724 0.00465439304287014 0.9998273255668594 -0.01799044032859553 -0.14536177457812777 0.015978047419669832 0.017913981761559658 0.9997118497805583 6.319674871908163
0.9998534554262907 -0.002987447321456209 -0.016856348280351166 -0.05220041794935744 0.002678400575384522 0.9998284605371195 -0.018327042108650743 -0.160238967072192 0.01690820987650614 0.018279207282638606 0.9996899440365897 6.9488741825597184
0.999832263025026 -0.0008599083180772314 -0.018294971573732215 -0.06342329295277678 0.0006495105333345878 0.9999336265238701 -0.011503145332829428 -0.16675731748194722 0.018303650634525707 0.011489333250639808 0.9997664604511036 7.583956838504836
0.9998205323309381 -0.0002341748971771248 -0.018943183111480123 -0.07667187527299263 0.0002157231653358285 0.9999995000428404 -0.0009760948516583696 -0.1788059350708241 0.01894340415026512 0.0009718331721955271 0.9998200876262212 8.2546445425019
0.9997955483225008 0.0006068748732252906 -0.020211241443565217 -0.09250614298037452 -0.0004892186392747796 0.9999829091156616 0.0058257648929821845 -0.19301428393060222 0.020214433193790945 -0.005814685992987756 0.9997787625618376 8.926731162134374
0.9997657243075426 0.002560881171246043 -0.02149259259439381 -0.11271117325293109 -0.0024400875064320903 0.9999810930563736 0.0056446033663779096 -0.20807408719022458 0.021506643272581574 -0.005590837159659532 0.9997530726360837 9.603167035734918
0.9997502891201204 0.0051884879458947795 -0.02173572875488894 -0.12649442482218443 -0.00523130051890008 0.9999844846800486 -0.0019132652070086784 -0.2118387072910702 0.021725466943421968 0.0020264934910462183 0.9997619161998307 10.295570608929019
0.9997197477126517 0.005269079792584031 -0.023079313000699094 -0.14498095911212983 -0.005459463431328414 0.9999515273623042 -0.00819385097408924 -0.21392760440354724 0.02303502236348833 0.008317555215211003 0.999700054925044 10.995747967893111
0.9997069791858691 0.0034587402092553735 -0.02395810226286419 -0.15581478525414547 -0.0036308053804988754 0.9999679055064282 -0.007142128577979242 -0.2196304517992458 0.023932632522873885 0.007227022919217694 0.9996874553077026 11.732623108190754
0.9996828793784329 0.002021222438624394 -0.02510072084470794 -0.1647393529881408 -0.001964369148804611 0.9999954502435705 0.0022894667785622515 -0.226283816845463 0.025105236756048914 -0.002239433644239547 0.9996823103779966 12.486367146744747
0.9996882913024775 0.0011182594744347928 -0.02494122757210157 -0.186588933112093 -0.0008711490589190236 0.9999504520408428 0.009916377983353961 -0.2293000198622081 0.024951082970189456 -0.009891559328659594 0.9996397366566798 13.26771848478747
0.9996581113919936 0.00017588313909059275 -0.026146152457501744 -0.20889437507686506 0.0001488486936613555 0.9999228893873079 0.01241740553289786 -0.23116948282543895 0.026146322159182205 -0.012417051631050172 0.9995810092206985 14.055022247271877
0.9996643037857496 -0.0016472161363076266 -0.025856533851069282 -0.21903760042454967 0.0019477571907247533 0.9999307942943444 0.011602523592322325 -0.23262647478273732 0.025835634987255236 -0.011648991018602294 0.999598331919906 14.85068727799613
0.9996797089264914 -0.0021933599492207053 -0.025212283012891187 -0.23916323004852258 0.0024166526504530664 0.9999580984313328 0.008829439101911151 -0.23399566462632107 0.025191862663134446 -0.008887540367669493 0.9996431226421758 15.679058486243521
0.9996802447612062 0.0005690370900353931 -0.02527997332757233 -0.2612151557050924 -0.00042390299033149626 0.9999833970909653 0.005746060439695541 -0.22678284234744683 0.025282825525080547 -0.0057335067960784135 0.9996638981478284 16.513293706445104
0.9997219860559404 -0.0021549911102238775 -0.023480042893438625 -0.27756786414354123 0.002160535134549779 0.9999976458008111 0.00021074168878067756 -0.23496669236686787 0.023479535635793983 -0.00026141255660529493 0.9997242881432483 17.367225094029145
0.9997113710264574 -0.005033829834528609 -0.023491294529039475 -0.2889402428591567 0.004895686887005169 0.9999704109602142 -0.005934431979167795 -0.24690144982946188 0.023520474319482537 0.00581771301374809 0.9997064280133283 18.22159164708999
0.999753121212573 -0.0038594415979421675 -0.021881420222676154 -0.3062195623682025 0.0036107772531629094 0.9999285892318127 -0.011392334495009072 -0.2620818292256261 0.021923827894566105 0.011310512879252376 0.9996956595556142 19.121263919840512
0.9997528722340084 -0.0019967454068826637 -0.022140443504903094 -0.32397719741360204 0.0017138976336772682 0.9999167765811905 -0.012786793735856788 -0.2732694200150436 0.022164135195976205 0.012745687067630402 0.9996730911848011 20.01396985771678
0.999742568303619 -0.0028047643505394815 -0.022515289345420703 -0.34883855074559217 0.002536119548824715 0.9999253599925606 -0.011951372249558266 -0.2900866726386749 0.022547131529861937 0.011891194016774203 0.9996750617038204 20.93554229141228
0.9997539328276225 -0.0018601510992961921 -0.02210438472124133 -0.36452998652211466 0.0015727993969069747 0.9999141293797442 -0.01301004743193358 -0.3137308768881467 0.02212668888600398 0.01297208092097911 0.9996710177926332 21.890308089287828
0.9997489027935357 0.0013778659715175665 -0.02236580163602857 -0.3925559128727133 -0.0017214154433049446 0.999880724195896 -0.01534849141904518 -0.33722497213059427 0.02234198803928545 0.015383138044094614 0.9996320330105684 22.816424168354956
0.9997458672231555 0.005483484490576695 -0.021866363877917246 -0.4119060996887104 -0.005836374693065864 0.9998532333827506 -0.01610744392845495 -0.360103663428489 0.021774831291727453 0.01623097064744744 0.9996311393940938 23.793394272666156
0.9997360472079148 0.0068150457378275 -0.021940762901379345 -0.43776944016698593 -0.007168187367615 0.9998453867901351 -0.016056990861097565 -0.38623270606093163 0.021827943339432998 0.016210028483650652 0.9996303160019498 24.74465610187101
0.9997442780738574 0.007183204654198263 -0.02144229814813496 -0.4525466402336001 -0.007522997981314273 0.9998467375303386 -0.01580846163481069 -0.41168281792402983 0.021325458008137302 0.015965729004229386 0.9996450943958038 25.747232150981958
0.9997289418554505 0.007857999825386618 -0.021915578613913963 -0.47657499375125834 -0.0082015342067235 0.9998442063318851 -0.01562973728788448 -0.4393763489741208 0.021789347879482213 0.015805241681191316 0.9996376418126645 26.716954950636225
0.9997184108623374 0.008520824810022318 -0.02214712895034516 -0.4924544295933686 -0.008848820176681252 0.9998519899391863 -0.014754235395838181 -0.46882831990796603 0.022018134410202273 0.014946056222066907 0.9996458491984762 27.71517659654269
0.999708221763248 0.009135453329391535 -0.022361104395676127 -0.5096604437136462 -0.009423527342350914 0.999873526784702 -0.012811482789261919 -0.49551751491949847 0.022241239649532507 0.013018465512294509 0.9996678714520502 28.74473748434387
0.9996911691029243 0.009323796366536505 -0.02303540616852698 -0.5355460803070314 -0.009591176600844136 0.9998875939523071 -0.011524229245771244 -0.5172349828255657 0.022925369199323146 0.011741606850486573 0.9996682269447688 29.745712736326464
0.999703351610456 0.00907801129682808 -0.022601010004068597 -0.5524625954589991 -0.00936057215013426 0.9998789549533723 -0.01242784933477893 -0.5493416400489988 0.02248545570011005 0.012635721387994662 0.9996673134361718 30.78415156706309
0.9996794341347184 0.011094761099146696 -0.022757987845039428 -0.5757372194314586 -0.011398970080028128 0.9998468276608484 -0.013281176052332361 -0.5755589894449715 0.022607152307930683 0.01353633617827628 0.9996527782044335 31.78609011818045
0.9996634247413253 0.011173856342593385 -0.023413246899837186 -0.60158356080669 -0.011466784439409926 0.9998571874259712 -0.012414488236639539 -0.600071482471152 0.02327118713992056 0.01267878421494414 0.9996487878327034 32.83508918514427
0.9996746369610534 0.009776857960354124 -0.02355908842936952 -0.6193218212182383 -0.010007758419949279 0.999902840577711 -0.009702973095489563 -0.6253618062151504 0.023461936819219268 0.009935589992732169 0.9996753624612355 33.898303633926446
0.9996671763734515 0.010015989966423748 -0.023774135539736847 -0.6408664701029256 -0.01016951477791929 0.9999281567285353 -0.006345479694378007 -0.6478638465619624 0.023708873232431395 0.006585139144806877 0.999697216898013 34.94111319226282
0.9996699519447465 0.009916208883339444 -0.023699090454346202 -0.6632027678296183 -0.010000647027852224 0.9999440470756841 -0.0034470220595891263 -0.6704643877688402 0.02366358563242188 0.003682890626331295 0.9997131909795693 36.01535428202298
0.9996805596762509 0.009706625855065692 -0.023335609563312494 -0.682876944138319 -0.009775148310264799 0.9999482369906196 -0.0028240690602132613 -0.6886465584027922 0.023306991448525046 0.003051275943080937 0.9997237033331293 37.08539169841851
0.9996719068735418 0.009849006392536955 -0.023644758289843977 -0.7031196412444279 -0.00994932897276824 0.9999419811094198 -0.0041289804023027215 -0.7103400807361302 0.023602722371158145 0.0043628750958007055 0.9997118920170385 38.172441330455
0.9996388082539969 0.011442474934901196 -0.024317233907916524 -0.7279757227133705 -0.011557874633100911 0.9999225781148379 -0.004610287929445176 -0.7299469797909203 0.024262600151271956 0.004889678225895595 0.9996936636311652 39.24217866809361
0.9996323037060928 0.010398921545557585 -0.02504234318044848 -0.7477053989280094 -0.010493677801857596 0.9999382592778522 -0.0036553552042531755 -0.7482371472808741 0.025002786856432643 0.003916797328173307 0.9996797070160547 40.32905056302727
0.999625955765219 0.009710054792237889 -0.025566764608129965 -0.7700645361863239 -0.009752591785422727 0.9999512593279408 -0.001539556050632688 -0.7706467063871827 0.025550571142069253 0.0017883224011305445 0.9996719349068404 41.40697441671158
0.999592574406466 0.00988613498212324 -0.02677579382956584 -0.7971342001963363 -0.009867811062766582 0.9999509754718546 0.0008164324683825695 -0.7859069934231674 0.026782555309922552 -0.000551881358527363 0.9996411301216794 42.479694392833075
0.9996041476090957 0.010130622080213082 -0.02624725855054047 -0.8197363862919729 -0.010108110055857633 0.9999484229016147 0.000990277322670945 -0.8086390883777622 0.026255939685385372 -0.0007245751063445521 0.9996549894892895 43.57075791400436
0.9995412880068958 0.013294964008501367 -0.027211229867508412 -0.8441773241558268 -0.013376594329627511 0.9999065513890556 -0.00282000816347062 -0.8306207272070618 0.02717119701200252 0.0031827081877783435 0.9996257306040486 44.63096948127558
0.9995206712513451 0.015540542048085451 -0.02677535097520146 -0.8699560675926398 -0.015723382978515128 0.9998543842191808 -0.0066317051497286825 -0.8527241187601052 0.026668393770803663 0.007049525377458946 0.9996194745294741 45.711075032061544
0.9995029569506676 0.016246848314360785 -0.027016237004017774 -0.9007585088469948 -0.01643835636748197 0.9998412024130529 -0.006881618897155287 -0.8739039447501372 0.026900144263265167 0.007322300801261029 0.9996113106362796 46.774275084231576
0.9995487597782869 0.013706924685824264 -0.026728200283688875 -0.9235052583768432 -0.013831466096388604 0.999894298969667 -0.00448017209194415 -0.8917511429949909 0.02666396885938052 0.004847840491890035 0.999632701252046 47.87048537604476
0.9995333053032168 0.01569026241242656 -0.026210255182825742 -0.9421046748418572 -0.015764191420082566 0.9998723101859225 -0.002616305699916111 -0.9153987640782867 0.02616586011621358 0.0030282681607480388 0.9996530245108607 48.96494657622786
0.9995617166453735 0.013437003064364328 -0.026378494398635963 -0.972064897105742 -0.013476233416973443 0.9999083299429291 -0.001309920325933507 -0.9361711689014938 0.026358478010428774 0.0016648289140836399 0.9996511734116976 50.04314882421381
0.9995674373561737 0.014474279996412254 -0.025601592247136797 -0.9919203430774152 -0.014524443937788682 0.999892943010199 -0.0017744864135934666 -0.9558141728649139 0.02557316968372561 0.002145567683287055 0.9996706496336272 51.136320480014106
0.999590150407228 0.01363653954334037 -0.02517085689601414 -1.0188061229668486 -0.013727872179696508 0.9998997827289852 -0.0034592239859367 -0.9790940887641937 0.025121165393265713 0.003803348508596334 0.9996771768637869 52.20300683716027
0.9995833299365899 0.014420419958577867 -0.02500454031370514 -1.0397771135942353 -0.014577817556645568 0.9998749807058981 -0.006123885056368549 -0.9980748750468897 0.024913107616384076 0.006485844839420628 0.999668579357512 53.28572212813247
0.9996281208123019 0.012429158671115959 -0.02427217008799304 -1.059556814479727 -0.012631486491840059 0.9998865913108604 -0.008200283864339263 -1.0214520344519566 0.024167497211263166 0.008503827841057097 0.9996717578768377 54.35885361961578
0.9996419655729262 0.011078386821695005 -0.02435578470876372 -1.077971788648323 -0.011360762096531217 0.9998694891224292 -0.011486112463681135 -1.0548137821270802 0.024225360586989 0.011758700686226253 0.9996373653046444 55.44039833379708
0.9996685400826005 0.010395870060772628 -0.023553000596699306 -1.0940334565125895 -0.0107108771850134 0.9998543439545741 -0.013287930557323219 -1.0867323972152303 0.02341143221498226 0.013535799746253479 0.9996342759628255 56.51774862050951
0.9996662029169354 0.009716939018071524 -0.023938947427403875 -1.1182623834247334 -0.009982261782857322 0.9998897936867387 -0.010988806163793843 -1.1179175475173329 0.023829533416923523 0.01122410242710477 0.9996530233963259 57.60225740728857
0.9997111174694313 0.006829109325994699 -0.023044534023800495 -1.1348099189150522 -0.006951429891620213 0.9999621502072337 -0.0052320509669664264 -1.1386860353832917 0.023007933784794536 0.0053907318835070064 0.999720752323335 58.683816803906076
0.9997173766823807 0.004566869692573233 -0.023330355651109035 -1.1519309591953115 -0.004561494399049173 0.9999895513032377 0.0002836287443386548 -1.1598543248833664 0.02333140984221586 -0.0001771273244736805 0.9997277720143812 59.77880524046596
0.9997277930043185 0.0030031026433014496 -0.02313684175636553 -1.1679511701619787 -0.002964758567263066 0.9999941766119621 0.0016914112969027113 -1.1806554160020326 0.023141788101465343 -0.001622355808711272 0.9997308803837195 60.86440161769755
0.9997492140627997 0.0006949817074057687 -0.02238345174574787 -1.1814220327339047 -0.0007279291729264678 0.9999986645005965 -0.0014638383223741767 -1.1994482712499042 0.02238240680155518 0.0014797647337098342 0.9997483914366039 61.94768688030568
0.9997474198779505 -0.0007617598957870759 -0.022461472084691243 -1.1966300557514027 0.0006502667341093739 0.9999874341506616 -0.004970639707589753 -1.2218949326394224 0.02246497836781804 0.004954778239553375 0.9997353559713879 63.036655765289794
0.9997530036464827 0.002134003938514012 -0.02212210821511798 -1.2148437538038919 -0.0023261039487159846 0.9999597850152848 -0.008661519242101111 -1.2431772566543458 0.022102736756102796 0.00871083804132925 0.9997177513382324 64.12420016832613
0.99974475445189 0.002024307017752484 -0.022501916297688336 -1.2358742848371236 -0.0023067855923142224 0.9999187740860538 -0.012534663622315985 -1.2764445666926023 0.02247471616630738 0.012583370941438904 0.9996682214620561 65.2153695699304
0.9997550203665401 0.005918490086939756 -0.02132778543548061 -1.260811507777218 -0.006211000827349738 0.9998872022766402 -0.013674936082011565 -1.3034060902215299 0.0212444465621457 0.013804053097169422 0.9996790073568198 66.30687267220583
0.9997543522169996 0.00836108172077934 -0.020526309684079123 -1.288003860300592 -0.00857021070399504 0.9999120443465251 -0.010121559388139615 -1.3241954900106614 0.02043987940256583 0.010294987631951262 0.9997380734364752 67.41300198036186
0.9997371924423463 0.00969782508256821 -0.020772340347409667 -1.304591246246409 -0.00986184003607948 0.9999208892473943 -0.00780795411801851 -1.3577592519022887 0.02069497836229663 0.00801075559909977 0.9997537383102595 68.491328810398
0.9997454008659602 0.009922209803987073 -0.020265455018300918 -1.3268240129089375 -0.010067393419164322 0.9999242909877709 -0.007074631780728315 -1.3838528594972441 0.020193726727481796 0.007276850740372778 0.9997696081462689 69.58529861052395
0.9997511247374717 0.008764887517124887 -0.020515171171805926 -1.3434326726652683 -0.008893583384582997 0.9999412895472738 -0.006190354079468362 -1.4087707715220465 0.020459711294069538 0.006371266804242784 0.9997703757152544 70.67876347738421
0.9997635592187879 0.007080683033837833 -0.02055942192109299 -1.3575190381725464 -0.007180850892256726 0.9999626879716406 -0.004802352158238611 -1.433213943903494 0.02052465323138009 0.004948850696537441 0.9997771028095715 71.76605321895647
0.9997657814208255 0.00570613597443255 -0.02087653176968583 -1.379382561631142 -0.0057685730382253135 0.9999790593742308 -0.0029317494551964695 -1.4559838565786054 0.0208593674931497 0.003051490480956815 0.9997777592049437 72.85647100109207
0.9997521737696523 0.004343489090813709 -0.02183398473778735 -1.3938156057154263 -0.004369816434145719 0.9999897859687187 -0.0011582069459783032 -1.4762365791536247 0.02182873244827142 0.0012533304191565263 0.9997609402616292 73.93590364195933
0.9997455596137036 0.004058321136802259 -0.02218869027202653 -1.4108225508883174 -0.0041063621214135594 0.9999893257052528 -0.002119957903193564 -1.5007588959640568 0.022179852007797648 0.002210533313640354 0.9997515546810435 75.03229750031169
0.9997313052709336 0.004291315882438257 -0.02277939601306628 -1.4264132793862696 -0.004425685841779413 0.9999730839753606 -0.005851596553665235 -1.5250215418414266 0.022753674466025085 0.005950838595899716 0.9997233907537058 76.10424170836862
0.9997174008292774 0.005574473649441131 -0.023109285277521686 -1.4506091718482048 -0.005758660842043373 0.9999521214207473 -0.007911372527176103 -1.5518472242756682 0.023064079339164982 0.008042215205094317 0.9997016377499753 77.19903303507033
0.9996914694463697 0.006730808648265526 -0.02390926701659186 -1.4726868872262482 -0.00688404557090932 0.9999562505834455 -0.006332552601373681 -1.5749974665326525 0.023865599483409963 0.006495191216500432 0.9996940799701847 78.27038520978049
0.9996763158964755 0.007576460859847549 -0.02428715285266296 -1.4928958556967133 -0.00763797764658623 0.9999678532065757 -0.0024410954211225785 -1.5989838683714506 0.02426787920162271 0.00262580995124433 0.9997020408969487 79.34284403489895
0.9996577409066624 0.009044124894157337 -0.024548083049933028 -1.5189526275005822 -0.009003665754559197 0.9999579226011528 0.0017582247047147218 -1.6170085742976668 0.024562953370705434 -0.0015366001637662657 0.999697106492185 80.42041992787335
0.999624206930499 0.009437836439230397 -0.02573650349521103 -1.5407222825116444 -0.00937094970879986 0.9999523970315914 0.0027183132106028953 -1.6353067919755726 0.025760936274922402 -0.002476116191780054 0.9996650660379095 81.48186186894573
0.9996202086096424 0.010329835026663048 -0.025548789142775637 -1.569661273511359 -0.010318696383884305 0.9999465966887735 0.0005678368383342141 -1.656645665230124 0.025553292486365505 -0.00030399098582169107 0.9996734147015838 82.53493821711702
0.9995990598167594 0.009518011219484951 -0.026667146220904995 -1.5937577482486662 -0.009529365585384692 0.999954548491927 -0.0002986915283483309 -1.6744135246344698 0.02666309400112311 0.000552692753314933 0.9996443216913137 83.59129620520369
0.9995904004115035 0.009502377616064345 -0.026995230602797356 -1.6189423744396991 -0.009513650111206437 0.9999547024429796 -0.00028913159809797916 -1.6943273014105034 0.02699126240938595 0.0005458363527947683 0.999635517145517 84.64291707512197
0.9995765417089872 0.008182409908736844 -0.027924651657412737 -1.6409403075826337 -0.008190686873768673 0.9999664359870665 -0.00018200046597163108 -1.7192657449116748 0.027922228393040923 0.0004106454664156925 0.9996100123039463 85.67612165421907
0.999576553363815 0.0072733969865655095 -0.028174793447964804 -1.6632849591041443 -0.007236863660309665 0.9999728316992518 0.0013984479917326714 -1.7395003636466002 0.028184201539810397 -0.00119395873746926 0.9996020349369332 86.6933786737283
0.9995627763040427 0.0070105974926089 -0.028724687761316696 -1.6816402225790787 -0.0069038704636709605 0.9999688937893038 0.003813032940070813 -1.7571179000401513 0.028750528280094084 -0.0036130543250186883 0.9995800899066538 87.68685649920344
0.9995493010659401 0.005910524000514218 -0.029432457124416334 -1.7074030098364263 -0.005761561822345859 0.9999701783595758 0.005143411497060182 -1.7776459751086797 0.029461982165889817 -0.004971516288540938 0.999553540574484 88.67934164405891
0.9994929956142313 0.004689572664984353 -0.03149206295384546 -1.730482410176254 -0.004521736734399833 0.9999751995455737 0.005398589611487364 -1.7936844187350527 0.03151660199738959 -0.005253453631626279 0.999489424840195 89.6437974659786
0.9993900634794387 0.004104021962046293 -0.03467949677701231 -1.7614675044486099 -0.0039445678950100465 0.9999813422674305 0.004665114909818862 -1.8170101965463696 0.034697998397733285 -0.004525473765796802 0.9993875942531307 90.56824879099445
0.9992575587537167 0.003473704453733201 -0.03837001805307597 -1.7940960395730752 -0.0033384477279028383 0.9999879923608092 0.003588581062370315 -1.8290001159648455 0.03838202639423026 -0.0034578203513615474 0.999257158885474 91.4767653045241
0.9991428518112218 0.003790145063630295 -0.04122123298006989 -1.8293287148979755 -0.0036348656405987404 0.9999860130179953 0.003841282875720243 -1.8485923500491481 0.0412352194888966 -0.0036881566262942237 0.9991426551707833 92.3729473866389
0.9989931475020816 0.004576912651344362 -0.04462904914620724 -1.8725958698743776 -0.004354062518836513 0.9999775710604678 0.005089327735892167 -1.8649716755330494 0.04465134529827958 -0.004889885759167371 0.9989906614374505 93.22092188746383
0.9988597092438523 0.005478282044692763 -0.04742649462620641 -1.906777705985981 -0.005199181863847402 0.9999684414165773 0.0060062706599884556 -1.8786219437029545 0.04745790587706096 -0.005752842711460396 0.9988566693395704 94.06128023340061
0.9987005129574694 0.006054568834755399 -0.05060265905123542 -1.947209016885112 -0.0056760372211065845 0.9999548562405864 0.007620840402854336 -1.8957242674290877 0.05064651953291791 -0.007323714541817393 0.9986897908019443 94.88358841746265
0.9985768764397958 0.007752191158732121 -0.052764723154914484 -1.9930586271834954 -0.007308665016094427 0.9999363612633276 0.008593519940488719 -1.909999635970033 0.05282798846454526 -0.008195650570400845 0.9985699922968765 95.67732356142632
0.9983902188757192 0.009632616549995003 -0.05589436677502642 -2.03734851557541 -0.009150134873323567 0.9999186947125235 0.008881558467750832 -1.9189818924907664 0.05597537930620362 -0.008355820000859994 0.9983971864117571 96.43061638657701
0.9982478132158705 0.011346402890614046 -0.05807370143377242 -2.082046776463338 -0.010905531417698601 0.9999093003327729 0.007902927037448427 -1.93684195329392 0.05815810943438979 -0.0072557550872009 0.9982810164513566 97.15314962372949
0.9980842793671507 0.013033684791971556 -0.06048058351729273 -2.1248657594973244 -0.012798544010495677 0.999908960982014 0.004273672105844649 -1.953904929006358 0.060530784466159095 -0.0034914214946946283 0.9981602296508354 97.85665054669425
0.9978750704990632 0.015316246445072226 -0.06333049909755695 -2.172582492554866 -0.015300541996320078 0.9998826713687422 0.0007330042507397241 -1.9707333163265992 0.06333430073697281 0.00023754428103974783 0.9979923381321945 98.5212702905439
0.997723825481854 0.016907902105142206 -0.06527860789033973 -2.2184953777233716 -0.017085629676859834 0.9998516814581792 -0.0021652420341091586 -1.9800545985389295 0.06523232159103973 0.0032756396790209327 0.9978647230599669 99.15904009286258
0.99762100100624 0.019323722544323588 -0.06617344155367488 -2.262164248915268 -0.019561048309298588 0.9998043407629796 -0.0029402831952780773 -1.9976941974053675 0.0661036824085213 0.004227710090653087 0.9978038082307803 99.76002252660875
0.9976307841436289 0.02135785338828233 -0.06539611963639662 -2.3004774554591267 -0.02158073115006452 0.999763455776972 -0.002703503041660916 -2.013229373462339 0.06532291496624493 0.004108393965595962 0.997855720079399 100.34925238712022
0.9977469297640933 0.024678582283626554 -0.0623862043511381 -2.3369713125257827 -0.024789914167913367 0.9996921730091962 -0.0010110077328074694 -2.028950628904343 0.06234205494969165 0.002555278537395521 0.9980515672267105 100.91158418810129
0.9979603118595692 0.027833785949332508 -0.05744991351617085 -2.364501453624271 -0.027845513756837716 0.9996120558942327 0.0005965801181916843 -2.042501163838136 0.057444236059194666 0.0010043590051011643 0.9983482122461981 101.44711176747786
0.9983688759137188 0.028256314461823303 -0.04961014454612768 -2.389140980616256 -0.028166470031313673 0.999600096249649 0.0025093787907208833 -2.052992076461645 0.04966121532560815 -0.0011079430759669106 0.9987655078366321 101.96930831692869
0.9987947123756233 0.028271439522060685 -0.0401228746492778 -2.401280987843798 -0.028091100797490533 0.9995926013768611 0.005051507654839423 -2.062556751092344 0.040249345164461214 -0.003918323378444997 0.9991819862475155 102.46301737376241
0.9992157081687957 0.027758945239839048 -0.028238280751456957 -2.40233332125817 -0.02758221298526883 0.9995975565604096 0.006629181856726254 -2.0740711899071447 0.02841093713188419 -0.005845108416158692 0.9995792352707945 102.93197187912885
0.9995218676817528 0.026959185951917347 -0.015140512825772704 -2.40128916796513 -0.026858632079215582 0.9996160670049854 0.00680612122201081 -2.0827512861620736 0.015318189627610864 -0.006396213478400708 0.9998622153132618 103.3794870521231
0.9996599281802084 0.02607690024469748 0.00013553509678308252 -2.39020318788396 -0.026077247795835097 0.9996421116660338 0.005968553761138789 -2.0898054414382234 2.0154852509288596e-05 -0.005970058339533978 0.9999821801537578 103.81929392504662
0.9995250435787918 0.025096750608954596 0.017884080336545392 -2.3663598693685732 -0.025158026465674783 0.9996783387991326 0.0032094161252351166 -2.1055778663393623 -0.017797783174138604 -0.00365781996374182 0.9998349176220757 104.22539172709683
0.9989273752132032 0.02501357230898126 0.03896689748939822 -2.3354039778980256 -0.024987402000533065 0.9996870914761079 -0.001158630258105888 -2.1134877471483855 -0.038983689589022874 0.00018370593128095013 0.9992398333106889 104.64018798958992
0.9976972458711948 0.023173534531092995 0.0637431385959759 -2.2835397459174507 -0.02285874470799118 0.9997226624336757 -0.005663403648932774 -2.1248804842553186 -0.06385670638055561 0.0041932740259957085 0.9979502716951294 105.04730158862391
0.9956827739227182 0.020957026336066834 0.09042461722377382 -2.224570697010705 -0.02027742083815947 0.9997588643436943 -0.00842796907784917 -2.136923129143968 -0.09057944543316666 0.006558005524939351 0.9958676417335872 105.42884514593663
0.992562843393754 0.017835521566486257 0.12041962666696905 -2.150507971714122 -0.016828290921383552 0.9998144295155744 -0.009376192818692054 -2.142800063770653 -0.12056451866509775 0.007280004070129933 0.9926787970906717 105.82153743152034
0.9881924392085536 0.015514057699218257 0.1524303496684769 -2.063382152033544 -0.013949742102142178 0.9998385462884672 -0.01132664652722417 -2.1528340236580337 -0.15258146921619015 0.009066542302605804 0.9882493045029792 106.18826492845899
0.9820203102594298 0.013512650959477523 0.18829103079757778 -1.9592273301313659 -0.011382554681780805 0.9998584614908708 -0.012389540016901412 -2.1661433189056405 -0.18843181043627036 0.010023546675636543 0.9820351282496994 106.56823932913737
0.9740358112901928 0.009840170884141507 0.2261800323480186 -1.83478749528309 -0.007121700108272858 0.9998923061016172 -0.01283190417438941 -2.1767768157581266 -0.22628195519621802 0.01088794695900724 0.9740009926081902 106.91955133354091
0.9638748204767511 0.007452444373731285 0.26625135840681236 -1.702217637053025 -0.00409491364940606 0.9999049718307579 -0.013163321822004033 -2.1920444641098333 -0.2663241797953443 0.011597518184454614 0.9638137476924908 107.2762159650591
0.9515541999168814 0.008032354128982793 0.30737611231284573 -1.5520313257766998 -0.003927408883963422 0.9998946915311308 -0.013971046820746033 -2.2077451684990903 -0.30745598879721964 0.012087017178585393 0.9514855385519878 107.59758066780027
0.9362774119833261 0.01031051011656488 0.3511100873530289 -1.3950684300104963 -0.005646979490684446 0.9998817515505741 -0.01430363863478038 -2.2128241777483413 -0.35121607246368225 0.011409462885285234 0.9362249164660996 107.9227539325818
0.9181397174428991 0.009826551219907772 0.39613492627385294 -1.2172490587206606 -0.005175789280895161 0.9999045848131852 -0.012807546907363253 -2.22564244738073 -0.3962230154588478 0.009708806347083853 0.9181029777439154 108.2501231955285
0.8980784426723065 0.009167535248956485 0.4397397473279635 -1.0280163523691055 -0.004564605840219922 0.9999231828612489 -0.011523765317317927 -2.228326991590554 -0.43981165283901086 0.008342006530546045 0.8980513044664444 108.54059203391616
0.8749107693534046 0.0077193421142337055 0.484222619908259 -0.8121538475869686 -0.002416470646900086 0.9999300975697153 -0.01157444121266422 -2.2410701803956123 -0.4842781537597614 0.008956493549513871 0.8748682530768802 108.83423088712955
0.8498093925863999 0.007790502894588261 0.5270325175223174 -0.6004061020784595 -0.0010418084434030887 0.999913644460246 -0.013100692998084739 -2.2553893929652657 -0.5270891063746206 0.010584025218170909 0.849744122953354 109.09066202260968
0.822018541699246 0.00936089679173979 0.5693837560488569 -0.36879065505142905 -0.00023136989640425458 0.9998702931001997 -0.01610423939119301 -2.2693478185062257 -0.5694607007068202 0.013106244632925515 0.8219140852005542 109.35855269249019
0.7916860218884155 0.013673557272706185 0.6107751262354597 -0.1295968936326129 -0.0019713320442225034 0.9998014727699588 -0.01982753712341627 -2.2823967386085804 -0.6109250331920354 0.014493143479226952 0.7915558053416256 109.59423897400485
0.7573724598372351 0.019281524813426293 0.6526983481527796 0.12433387988524477 -0.005422308585733009 0.9997151904753455 -0.02324094472523855 -2.2972606698245492 -0.6529606309397941 0.014062919923687021 0.7572613096874194 109.84534628808956
0.7206555004980847 0.024091110504418586 0.6928746114833819 0.39630830687166385 -0.008421134315867117 0.999626521613681 -0.0259980324995662 -2.296759444414842 -0.6932422222383783 0.012900834498728028 0.7205892278882343 110.06465998126548
0.6816803660595647 0.024135893285805593 0.7312518648701741 0.6913176332855346 -0.006775508454574623 0.9996211318205599 -0.026677563572184516 -2.3043848335635846 -0.7316187602647334 0.01323096761921095 0.6815856321198752 110.27562215948717
0.6402396152564834 0.02106582835957976 0.7678863354172571 1.0077935261095083 -0.003105053278553343 0.9996867116533669 -0.024836033823763502 -2.329443731266394 -0.7681690250005795 0.01351668450169461 0.6401044430901495 110.48226939279738
0.596510379321949 0.01850866806481774 0.802391887967619 1.321254848258456 -0.0016623045427183044 0.9997604163072706 -0.02182556028059317 -2.325610580517459 -0.8026036717998459 0.011685353060578989 0.5963982343707804 110.6603908733855
0.5501043182986651 0.016522090038190475 0.8349324545719885 1.6769355574292235 -0.001422609173973569 0.999821350559757 -0.018847697914199237 -2.342375145378193 -0.83509476762451 0.009180417277311021 0.5500295511415777 110.83330987975174
0.5025551209926091 0.013812075209797872 0.8644347987322336 2.0024516543453825 -0.00033600845334977374 0.999875417497627 -0.015780822271955253 -2.3380377147081783 -0.8645451419617844 0.007640275296157974 0.5024971515097638 110.98009574842038
0.45167019667861763 0.00840476272161563 0.8921453494730651 2.387750335036446 0.002232643857728419 0.9999418496208384 -0.010550626091239548 -2.3702453002026416 -0.8921822166473485 0.006757246074196024 0.45162516370054395 111.12101943486604
0.40055815240145853 0.008582316403522012 0.9162311122018216 2.744269278336274 -0.00036580114930490114 0.9999575534423988 -0.009206658674910356 -2.3711063945052224 -0.9162713030687011 0.0033526434701258634 0.4005442841561426 111.23315966796113
0.34916493968908713 0.012548473168814446 0.9369772213976394 3.117292759967761 -0.004045695262080061 0.9999212006583714 -0.011883821295929247 -2.3825858020047423 -0.937052583663103 0.00035868918413345087 0.3491881896525413 111.33503940933798
0.2985924069704149 0.01744943537116553 0.9542211516355457 3.528475567153888 -0.006274602483999963 0.9998471229472616 -0.016320345991062447 -2.3927244928873384 -0.9543601367272685 -0.0011142271812805782 0.29865625008232344 111.4258308947929
0.25160672808442025 0.019359834745485173 0.9676358656146119 3.9188949489118197 -0.004975726083181783 0.9998125726777409 -0.01870980712446221 -2.3953405696441425 -0.9678168084118959 -0.00010717809694626964 0.2516558992378388 111.48879379394334
0.20997076997680816 0.018540115594780048 0.9775318189920913 4.361648094870676 0.001932806034170724 0.9998103620106293 -0.019377816580064194 -2.4104937799908877 -0.9777057926035084 0.005958154120603369 0.20989511801256244 111.53980150192581
0.17464091032601595 0.017940972132468123 0.9844686851012957 4.7824671903957885 0.009783543303362997 0.9997530096988089 -0.01995507632573398 -2.427211450456233 -0.9845836276071698 0.013116564641627202 0.17442224997517514 111.57003375437512
0.14335477129904053 0.018578676091392268 0.9894969246852745 5.233076091399461 0.013318351431927021 0.9996970252748281 -0.02069970665794692 -2.4420340772309097 -0.9895817884408704 0.01614586927488995 0.14306390342613148 111.61389503353999
0.11596513736580563 0.01716179727182197 0.9931049643560647 5.687375912440529 0.011313280288485232 0.9997630361132044 -0.018597909569987196 -2.4535120607107808 -0.9931888973060663 0.013391983040186847 0.11574349652099 111.64343559309489
0.09021606936859143 0.013530593262414483 0.9958302580696092 6.172980079017259 0.005397287438526265 0.9998863845288025 -0.014074666225286605 -2.451169439056294 -0.9959076368096781 0.006644542778663585 0.09013279010260605 111.68505065290859
0.06560585605048236 0.009791922738585665 0.9977975296925335 6.678220254516064 0.0008290992954496666 0.9999509749031887 -0.0098675687401291 -2.4538401019164207 -0.9978453119720725 0.001474643188453411 0.06559452004632893 111.71310589841562
0.04367131219660309 0.006817489381859533 0.9990226516139529 7.193184617970365 0.004794277814075654 0.9999637732455368 -0.007033488714532844 -2.4679397274434614 -0.9990344873288841 0.0050967533811221944 0.043637044557860175 111.71286017829674
0.023300918258410207 0.007009991143336163 0.9997038790418187 7.730710293485615 0.011594659974852373 0.9999062701301356 -0.007281656248391901 -2.484574523690838 -0.9996613016541224 0.011760895288252792 0.023217454611454247 111.6956171877897
0.005305551805327892 0.009030205906189987 0.9999451103971815 8.295637641269646 0.01752317616020174 0.9998048467626159 -0.00912191444922983 -2.5040338170663254 -0.9998324267034954 0.017570610507000924 0.005146278232056124 111.68260945092584
-0.008752002258947041 0.014376384794976197 0.9998583137157426 8.855630217866585 0.017608833530267966 0.9997438176125081 -0.014220604266229307 -2.511497761924732 -0.9998066862136519 0.01748187894181395 -0.009002912053561086 111.66898566269903
-0.020236339606632316 0.01912296292372325 0.999612283416304 9.46466252966647 0.01375315065466092 0.9997277920314246 -0.018846750435869513 -2.5090364526937403 -0.999700667644658 0.013366428967324645 -0.02049383242479217 111.65228481822118
-0.02646085379612717 0.01935483102509591 0.9994624195466139 10.074276302063252 0.015386374234548255 0.9997019942439588 -0.01895211485191011 -2.514247543483257 -0.9995314725389192 0.014876612778386885 -0.026750769447831592 111.62849458687045
-0.028970162819424376 0.015983368324378782 0.9994524395259071 10.712445820863255 0.022552208470553003 0.9996280835661642 -0.015332478618837417 -2.5380736251818607 -0.9993258831796964 0.022095675463665497 -0.02931984874673986 111.59441493955217
-0.029017727678580477 0.014285345733617274 0.9994767667284703 11.376295464372415 0.024409220887044544 0.9996098327550685 -0.013578575555240033 -2.5497937769283396 -0.9992808630242619 0.024002429073630194 -0.029355100076488075 111.57407176576555
-0.02663169243810571 0.013640262510368342 0.9995522016939555 12.044367594141255 0.023648225713407897 0.9996356689365373 -0.013011327127640129 -2.571611609888121 -0.9993655966186766 0.023291121660498862 -0.026944557498431655 111.55344701746755
-0.025584758824715847 0.014554250296138166 0.9995666596380477 12.737377983386828 0.019802571686815703 0.9997051953803063 -0.01404940359114234 -2.5762564538352035 -0.9994765390760542 0.01943453910580075 -0.025865428555590445 111.54560822340082
-0.023817820921247516 0.015264001150768829 0.9995997367464806 13.44326884176295 0.018497794542226702 0.9997189855344017 -0.014825068369788792 -2.595191063383239 -0.9995452115804028 0.018137289153053442 -0.024093478613154178 111.5356993208254
-0.023402488040893572 0.016242923881479875 0.9995941166855007 14.167387819252445 0.017967893181465466 0.9997133317711587 -0.015824196769806977 -2.614241376454719 -0.9995646859426698 0.01759027511985288 -0.023687630730265127 111.52725296377965
