1.000000000000000000e+00 -3.306050084167601550e-19 -2.270457535318767223e-19 -8.673617379884035472e-19 7.546676715296109287e-19 1.000000000000000000e+00 6.237773588823049983e-19 1.387778780781445676e-17 -3.447385680526250622e-20 4.770700176052009879e-20 1.000000000000000222e+00 5.551115123125782702e-17
9.999968091767048595e-01 -1.952153312002010256e-03 -1.600447502109657522e-03 4.836241689351978082e-03 1.951109454099213226e-03 9.999978786658398899e-01 -6.536407998946402531e-04 -1.533705533391452325e-02 1.601720241920211348e-03 6.505160711619211540e-04 9.999985021574555599e-01 5.547881079080907440e-01
9.999951956539568920e-01 -1.929746513703160500e-03 -2.423897625021357530e-03 4.762337675892817576e-03 1.925086564175330049e-03 9.999962977580434398e-01 -1.923456571605456364e-03 -3.207328171043291598e-02 2.427600627208966431e-03 1.918781145245200027e-03 9.999952165879998356e-01 1.118401307213356954e+00
9.999861803017737749e-01 -2.568951087915835076e-03 -4.586851895178672804e-03 -7.014641676394006188e-03 2.552472796530030810e-03 9.999902789441040829e-01 -3.594780954953465373e-03 -4.388927509279071104e-02 4.596042554243891937e-03 3.583023463627211126e-03 9.999830207541222649e-01 1.671197372348471877e+00
9.999684579317708044e-01 -4.244090919249352695e-03 -6.713682713611173955e-03 -8.514709013018893768e-03 4.208043867997031742e-03 9.999767043471046168e-01 -5.374274358253682861e-03 -5.810881398842129841e-02 6.736335762272048847e-03 5.345853483339852753e-03 9.999630177211250581e-01 2.226593526213069829e+00
9.999450806359884147e-01 -7.008865860755465575e-03 -7.791705971777201575e-03 -1.446943137790342518e-02 6.953171427180160347e-03 9.999502502314410179e-01 -7.152229581903404333e-03 -7.386154090422798746e-02 7.841447974256631620e-03 7.097659846174460448e-03 9.999440691325707231e-01 2.789580197972183040e+00
9.999201012397124222e-01 -8.089426972427571014e-03 -9.713000267242522662e-03 -1.906441905728218852e-02 8.011189368281870435e-03 9.999353668877891677e-01 -8.067058520606426239e-03 -8.686409180119841755e-02 9.777631148031838693e-03 7.988601351796048577e-03 9.999202918724986455e-01 3.353873021811044186e+00
9.999060656833976823e-01 -8.393318139832741179e-03 -1.083603593305313903e-02 -3.040745130636038351e-02 8.313772578977163610e-03 9.999383191129942450e-01 -7.365175387315079161e-03 -1.014197172215677706e-01 1.089718754708674658e-02 7.274395426619501351e-03 9.999141652036083183e-01 3.936095580009185468e+00
9.998860724916439624e-01 -8.830225471758728142e-03 -1.224215578691318848e-02 -4.176429565216688983e-02 8.737878614447506034e-03 9.999331240378536156e-01 -7.576476251039631314e-03 -1.178727436186579880e-01 1.230824010892482556e-02 7.468642807023706705e-03 9.998963534705028744e-01 4.514105336880760433e+00
9.998802085985452059e-01 -8.125473312177959942e-03 -1.317402857089874924e-02 -5.696638192193400480e-02 7.988047167585254557e-03 9.999134766546241559e-01 -1.045089930641102290e-02 -1.372202657691412586e-01 1.325780897337666686e-02 1.034441281465996350e-02 9.998586047468310811e-01 5.106542260519021603e+00
9.998688045463027807e-01 -6.692139054231857447e-03 -1.475086387046979121e-02 -7.085328847564539845e-02 6.481671480422480924e-03 9.998771646449593486e-01 -1.427010272111679627e-02 -1.564870337887488971e-01 1.484455072186178538e-02 1.417262082065442325e-02 9.997893708087383091e-01 5.707847245649913859e+00
9.998583827894560461e-01 -4.967313584788539751e-03 -1.607887702469788446e-02 -8.631910549366292318e-02 4.677660840442640980e-03 9.998270022369125654e-01 -1.800226128068648998e-02 -1.706010344739888884e-01 1.616551953055679267e-02 1.792450125166976729e-02 9.997086549736314831e-01 6.315773672468457889e+00
9.998542463160348115e-01 -3.141489709890323521e-03 -1.678124046531606975e-02 -1.011907165580722134e-01 2.841159864950917966e-03 9.998359129606075868e-01 -1.789073411909298736e-02 -1.913323892725471431e-01 1.683469269723229800e-02 1.784044876700674465e-02 9.996991107233579310e-01 6.941511668660024448e+00
9.998275288508419179e-01 -8.391334946755155469e-04 -1.855275324092488243e-02 -1.249268210137094437e-01 6.256270331470296280e-04 9.999335484587057454e-01 -1.151088537164927407e-02 -1.992674513916345425e-01 1.856118103066634398e-02 1.149729310064115384e-02 9.997616226904526560e-01 7.585234121073852087e+00
9.998209585933240939e-01 -4.490652031706833115e-06 -1.892217719146845403e-02 -1.445948872370102500e-01 -1.287501899871888625e-05 9.999995781989350352e-01 -9.176198010896132080e-04 -2.144347122788535231e-01 1.892217499394957189e-02 9.176990864291018415e-04 9.998205432077413857e-01 8.252175288677371157e+00
9.997991528995716637e-01 1.050317614297670505e-03 -2.001353055685275648e-02 -1.646318376962501717e-01 -9.266969859209309070e-04 9.999804474358380268e-01 6.185120388249430549e-03 -2.327639689867447292e-01 2.001963669679521565e-02 -6.165331718149215032e-03 9.997805796645907739e-01 8.920061770515074429e+00
9.997668432548958428e-01 2.521633884761574455e-03 -2.144526809636472867e-02 -1.881933220396990181e-01 -2.395909210695833062e-03 9.999798091509272124e-01 5.886261462869962248e-03 -2.480367449117055201e-01 2.145967997480914546e-02 -5.833508239201409817e-03 9.997526975941772864e-01 9.594837479163317084e+00
9.997484655135547849e-01 5.527709434375639198e-03 -2.173588542694544073e-02 -2.151879411772988915e-01 -5.567359842942663610e-03 9.999829505841544286e-01 -1.764089329928794940e-03 -2.556583111799530794e-01 2.172576540082473903e-02 1.884657126576317005e-03 9.997621939022911519e-01 1.028651195697848131e+01
9.997174951099470075e-01 5.254814171275195428e-03 -2.317990294687465383e-02 -2.299375068272941636e-01 -5.439681247973599150e-03 9.999538399335250460e-01 -7.919472967094335486e-03 -2.592640077918619834e-01 2.313721931512490240e-02 8.043327038488685618e-03 9.996999449565282525e-01 1.099075733029482116e+01
9.997091948731582356e-01 3.432155574609353256e-03 -2.386952331087329598e-02 -2.538281739118715685e-01 -3.602937161243632228e-03 9.999681976105031511e-01 -7.115465106808175656e-03 -2.665797005915775397e-01 2.384434440914124168e-02 7.199396434628935540e-03 9.996897575163390393e-01 1.172036107609027233e+01
9.996820271768870336e-01 2.057398933701008650e-03 -2.513202794454650474e-02 -2.712660653109130737e-01 -1.995833092623671996e-03 9.999949473140155032e-01 2.474540435595830572e-03 -2.765205503783766949e-01 2.513699404574326959e-02 -2.423594344974603840e-03 9.996810755090979050e-01 1.247755285999347130e+01
9.996934955043861315e-01 1.317281601641564050e-03 -2.472202141398936043e-02 -3.111207916281810149e-01 -1.067242844996817673e-03 9.999481769621844096e-01 1.012448055525352192e-02 -2.790243808813255288e-01 2.473407923296301950e-02 -1.009499313847969301e-02 9.996430975334297253e-01 1.325019198247859364e+01
9.996709200599103173e-01 6.131139647131989565e-04 -2.564516464513015223e-02 -3.447930974383031089e-01 -2.832390155240039199e-04 9.999172027663871809e-01 1.286470321971756002e-02 -2.828512961968109862e-01 2.565093047956848796e-02 -1.285320599336668354e-02 9.995883271737027176e-01 1.403162686163491202e+01
9.996621021569616072e-01 -1.323811680678921906e-03 -2.596020240443037974e-02 -3.639507803581211731e-01 1.631594932718974855e-03 9.999285970281596159e-01 1.183836281877438321e-02 -2.892752745248553525e-01 2.594267862681970752e-02 -1.187671942376093866e-02 9.995928808148788480e-01 1.482813795271854929e+01
9.996916826466196726e-01 -1.776272623670774060e-03 -2.476649312041157708e-02 -3.938020246611635411e-01 2.008303353334814009e-03 9.999542997142921719e-01 9.347005273652725724e-03 -2.895155177851533312e-01 2.474876037189012445e-02 -9.393862258837664195e-03 9.996495676390884100e-01 1.564898971636526070e+01
9.996889124632920565e-01 4.982919232922157840e-04 -2.493643378886968229e-02 -4.278831201593625844e-01 -3.534997505595630801e-04 9.999830589383529311e-01 5.810519317824675532e-03 -2.840388417734279747e-01 2.493890780484736558e-02 -5.799896728332961347e-03 9.996721485983552924e-01 1.647945347077423150e+01
9.997249028372764412e-01 -2.209847114855101585e-03 -2.335015116153532633e-02 -4.541932575438517028e-01 2.217300377418648591e-03 9.999974949327457008e-01 2.933050085332992822e-04 -2.933850297614037372e-01 2.334944634535375194e-02 -3.449986548140852307e-04 9.997273022299780765e-01 1.733202672895331986e+01
9.997143914985293645e-01 -4.842813749376225635e-03 -2.340282668721826304e-02 -4.757970174251655027e-01 4.707396267879337612e-03 9.999718814426830082e-01 -5.838018397793529393e-03 -3.132539024932619598e-01 2.343044326522181545e-02 5.726184796807990730e-03 9.997090670587880368e-01 1.818759665298930628e+01
9.997607105941710426e-01 -3.686823852489471039e-03 -2.156238211443546951e-02 -5.008621974068812044e-01 3.451234948410457880e-03 9.999340631836192150e-01 -1.095295912470750817e-02 -3.310752188585240341e-01 2.160134372876815548e-02 1.087592181483211518e-02 9.997075062222101627e-01 1.907499519499284446e+01
9.997611543153535063e-01 -2.185649372151877903e-03 -2.174532436046594519e-02 -5.366894359876610565e-01 1.913809456499136492e-03 9.999198640424562523e-01 -1.251404504305526910e-02 -3.406164129832075504e-01 2.177093489011245470e-02 1.246944003134037998e-02 9.996852216421903137e-01 1.996436067995508878e+01
9.997485966538094404e-01 -2.678250726607746702e-03 -2.226119943990197136e-02 -5.630738247151462206e-01 2.416554246204199834e-03 9.999277629479393914e-01 -1.177433691214953455e-02 -3.627433419832011285e-01 2.229112797635272522e-02 1.171758197669602042e-02 9.996828503982514436e-01 2.088468350382801830e+01
9.997651358203891725e-01 -1.848167578094592981e-03 -2.159282132302882060e-02 -5.964313342210179059e-01 1.571877448971039769e-03 9.999167697086414064e-01 -1.280544569768234803e-02 -3.855930083188501833e-01 2.161469208901881101e-02 1.276849715961638800e-02 9.996848344709697853e-01 2.182943721848679530e+01
9.997619662684903430e-01 1.570147477025079195e-03 -2.176132155294482548e-02 -6.382072242958787278e-01 -1.895976611018934405e-03 9.998862939467632049e-01 -1.496031309155784576e-02 -4.119207511033229352e-01 2.173535867270182109e-02 1.499801188738171358e-02 9.996512597847467818e-01 2.275364238696885266e+01
9.997573421768543023e-01 6.292282978504223565e-03 -2.111093180793246343e-02 -6.778640747430272340e-01 -6.628924213070520009e-03 9.998513824358271629e-01 -1.591437641601912631e-02 -4.369451854000302449e-01 2.100765793334570877e-02 1.605045749728335053e-02 9.996504653873188317e-01 2.371593008772208222e+01
9.997462010476888539e-01 7.196626797619272951e-03 -2.134831352376289487e-02 -7.233200519720230925e-01 -7.537983150395041743e-03 9.998443362538117496e-01 -1.595268335080469307e-02 -4.596896183207170306e-01 2.123018670601764177e-02 1.610955789525365597e-02 9.996448126984996962e-01 2.464975114067781803e+01
9.997549495313936552e-01 7.720083121351425416e-03 -2.074713629043387075e-02 -7.463992467304593204e-01 -8.049756573040973973e-03 9.998419206954036742e-01 -1.585378783040548856e-02 -4.896806871012187035e-01 2.062146526017221565e-02 1.601691296679673068e-02 9.996590497732030789e-01 2.565501017401296124e+01
9.997424916506089110e-01 8.217812795556641084e-03 -2.115238067498300192e-02 -7.755699230287967927e-01 -8.551189880861571890e-03 9.998398826564509623e-01 -1.571880636988539498e-02 -5.237667370674509160e-01 2.101982173843100488e-02 1.589563723850668034e-02 9.996526856929403015e-01 2.662622796037802431e+01
9.997242631565964599e-01 8.905815766275124168e-03 -2.172727312016935197e-02 -8.004530654107041565e-01 -9.225410489085466431e-03 9.998500668844083616e-01 -1.465373226625101520e-02 -5.569000465162359248e-01 2.159351438961117087e-02 1.485013477134493852e-02 9.996565399589953937e-01 2.763193417648902184e+01
9.997205457269733309e-01 9.624738452232996580e-03 -2.159173707837013650e-02 -8.275973559855197559e-01 -9.900940243452385423e-03 9.998700589411920747e-01 -1.272176094166277416e-02 -5.862865092517488552e-01 2.146648987271589440e-02 1.293198383698654190e-02 9.996859253318350902e-01 2.865813176365132264e+01
9.997153823505433579e-01 9.503527697453667197e-03 -2.188237730642196913e-02 -8.595424149037522721e-01 -9.755715401195514183e-03 9.998868869130701498e-01 -1.144689382408871879e-02 -6.115331770734647732e-01 2.177111844534060370e-02 1.165711406582450177e-02 9.996950207363867191e-01 2.965285181250843394e+01
9.997180244091339318e-01 9.244931197961351807e-03 -2.187254713272513557e-02 -8.835644257230719223e-01 -9.515466804029539330e-03 9.998791102209921844e-01 -1.229712153627286753e-02 -6.474581162424357661e-01 2.175621881112889747e-02 1.250178150100565190e-02 9.996851353698740228e-01 3.069491753697053227e+01
9.996861087785083866e-01 1.151429241091634498e-02 -2.225080903006283056e-02 -9.143214846041639587e-01 -1.180499597307661623e-02 9.998460931581685252e-01 -1.297794433877482931e-02 -6.802245819861105769e-01 2.209795414203366559e-02 1.323654078644877045e-02 9.996681780633234204e-01 3.170108230366771096e+01
9.996867469120823690e-01 1.143149649613773092e-02 -2.226487333516770015e-02 -9.432885856548645087e-01 -1.170514657578922840e-02 9.998570679763141289e-01 -1.219932493085597487e-02 -7.087488627624934923e-01 2.212223671560969301e-02 1.245611657883097419e-02 9.996776751116036586e-01 3.274335869728401605e+01
9.996932029689231669e-01 1.023601728633450822e-02 -2.255471355104530715e-02 -9.688505027093312627e-01 -1.045160505258661658e-02 9.999006178132598954e-01 -9.461326863838846746e-03 -7.374826682675843514e-01 2.245562761347686190e-02 9.694157242111006711e-03 9.997008392178170499e-01 3.381098131876573376e+01
9.996814732117632607e-01 1.087769832881898234e-02 -2.277336351642109125e-02 -9.982005290493410898e-01 -1.101478996787377471e-02 9.999219123000946396e-01 -5.903056268956458075e-03 -7.641582869597497440e-01 2.270737562440052967e-02 6.152019932696706217e-03 9.997232244881424368e-01 3.485966791417074262e+01
9.996973641875327443e-01 1.013941050651187906e-02 -2.241353121247358429e-02 -1.025869054764849020e+00 -1.022005309128492211e-02 9.999416933033763444e-01 -3.486278384462001938e-03 -7.910425033961819841e-01 2.237687677606705478e-02 3.714290766210208428e-03 9.997427025090910302e-01 3.594379062379636025e+01
9.997005101878474465e-01 9.648988222431183551e-03 -2.248961008402677528e-02 -1.048636752449033871e+00 -9.711772342886055079e-03 9.999492373686396096e-01 -2.684115640989089870e-03 -8.142252765073978438e-01 2.246257095475203552e-02 2.901725772075730136e-03 9.997434724435132480e-01 3.701047676370765060e+01
9.996880624423736261e-01 1.074408219497794380e-02 -2.254651148465369043e-02 -1.075990949780147199e+00 -1.083382596739308930e-02 9.999338590024721141e-01 -3.861969000676198499e-03 -8.415641521840260264e-01 2.250352818179494202e-02 4.105029363507116391e-03 9.997383385551544821e-01 3.809923179161942386e+01
9.996626395463187320e-01 1.144685366388947974e-02 -2.331473607541684548e-02 -1.109034164242168385e+00 -1.155541142426057093e-02 9.999229909044121678e-01 -4.526728936246951322e-03 -8.639094202814157075e-01 2.326112608172352034e-02 4.794613247317535028e-03 9.997179295492693019e-01 3.917429730831413792e+01
9.996545707898080169e-01 1.106484718350818700e-02 -2.383941370890513278e-02 -1.142077535372284514e+00 -1.115152196171908389e-02 9.999316771932323933e-01 -3.505857113303491833e-03 -8.874060917798005654e-01 2.379899485880030210e-02 3.770491911661596422e-03 9.997096520169600486e-01 4.025810712598028829e+01
9.996470802944917855e-01 1.031749737710160181e-02 -2.447970188135506139e-02 -1.168626545616843648e+00 -1.035232165295901265e-02 9.999455772024874456e-01 -1.296267256846096077e-03 -9.128705060999546816e-01 2.446499725347685630e-02 1.549231701674902515e-03 9.996994825030208753e-01 4.134481199786490890e+01
9.996160952075419104e-01 1.039590946417431362e-02 -2.568226379325349099e-02 -1.202321067759667628e+00 -1.037229588927877227e-02 9.999456495974455850e-01 1.052515085891949113e-03 -9.363853827804825558e-01 2.569181182709939781e-02 -7.857271125003530620e-04 9.996696051950129114e-01 4.242038070304404584e+01
9.996262183794848433e-01 1.043847975062046213e-02 -2.526786539854107214e-02 -1.234362968604992616e+00 -1.041036703790618710e-02 9.999450334389250461e-01 1.243889548594043866e-03 -9.590215673197221014e-01 2.527946356695772931e-02 -9.803768736893168911e-04 9.996799381815902885e-01 4.350199461195102657e+01
9.995670037098497440e-01 1.486405716855540224e-02 -2.539414315061524000e-02 -1.255538979962335988e+00 -1.492995761385792174e-02 9.998856453123140531e-01 -2.407457341009003153e-03 -9.892233881763302650e-01 2.535545767087419092e-02 2.785548426995465999e-03 9.996746209778364367e-01 4.456489017541309750e+01
9.995406734931221449e-01 1.630761268081214535e-02 -2.554413538942327047e-02 -1.298827576041422960e+00 -1.647778588322661164e-02 9.998433265568498207e-01 -6.465599460718346111e-03 -1.015236223961040851e+00 2.543469615154994590e-02 6.883540494024223064e-03 9.996527899500283754e-01 4.564584428739994593e+01
9.995154617531930574e-01 1.737119253191816981e-02 -2.582809686046158570e-02 -1.340166330610656820e+00 -1.755639029425418857e-02 9.998216392088455917e-01 -6.960946954478051257e-03 -1.041611850781435811e+00 2.570257261839978269e-02 7.411022378311802640e-03 9.996421590379616084e-01 4.671816353693819224e+01
9.995630920501141770e-01 1.486316966661946869e-02 -2.554832540303158747e-02 -1.369416534407928543e+00 -1.497934030640941244e-02 9.998782933611090051e-01 -4.361704721822077906e-03 -1.063888680548873200e+00 2.548038920393059029e-02 4.742496184063306822e-03 9.996640745887772628e-01 4.780694249779114813e+01
9.995526082245301813e-01 1.652616247742073538e-02 -2.492935554533738662e-02 -1.398871591288988414e+00 -1.659000481990292528e-02 9.998596029408788333e-01 -2.356240622822889947e-03 -1.090342217206160758e+00 2.488691831479077771e-02 2.768764591138536939e-03 9.996864388345914065e-01 4.891375044257379301e+01
9.995866638106607471e-01 1.447161606176015566e-02 -2.484091159435119697e-02 -1.432715408706330296e+00 -1.450035229193243416e-02 9.998943831862321385e-01 -9.770423051901771811e-04 -1.114115851705520077e+00 2.482415039292304448e-02 1.336840364347029490e-03 9.996909430031073462e-01 4.999293635358559129e+01
9.995907803746636455e-01 1.520235453946946341e-02 -2.423123932152239368e-02 -1.458338859288215605e+00 -1.524655035550239769e-02 9.998824176199275771e-01 -1.640157626474098452e-03 -1.141326918816218505e+00 2.420345746480072335e-02 2.008929282948563027e-03 9.997050320054091666e-01 5.108898437791605573e+01
9.996104207085854121e-01 1.438540541175684258e-02 -2.391801829842871152e-02 -1.491490599146233942e+00 -1.446668461524529097e-02 9.998901422631898406e-01 -3.228629950660803338e-03 -1.167717201534568927e+00 2.386894659373403269e-02 3.573386756906940347e-03 9.997087070282251187e-01 5.215766182091096681e+01
9.996074828091755515e-01 1.501635722349598835e-02 -2.365128432109022197e-02 -1.526706483547455750e+00 -1.516063789894441308e-02 9.998674744506401701e-01 -5.932820163603361001e-03 -1.193373505068646701e+00 2.355906247928082203e-02 6.289060175791286872e-03 9.997026627401847110e-01 5.323996814339803763e+01
9.996496064740530985e-01 1.323561493652805794e-02 -2.292326830604687546e-02 -1.553460601838974497e+00 -1.342607594552501157e-02 9.998764483522206703e-01 -8.174684076703983213e-03 -1.224030495535267216e+00 2.281224116402392338e-02 8.479589371524471828e-03 9.997038051737264786e-01 5.430619013733814171e+01
9.996507554668996320e-01 1.278043328816217197e-02 -2.313046150731555908e-02 -1.584081619732165214e+00 -1.304974110914067752e-02 9.998483788729145560e-01 -1.152967818082190586e-02 -1.260716379980906465e+00 2.297960184304429290e-02 1.182749839699582042e-02 9.996659656601861732e-01 5.538517630537116077e+01
9.996823578077445038e-01 1.139886301538375023e-02 -2.247780055349995337e-02 -1.609997212837650959e+00 -1.169310562625057795e-02 9.998470914194365067e-01 -1.300261314349700388e-02 -1.296308670982085465e+00 2.232615019684069252e-02 1.326131812604199565e-02 9.996627807728192261e-01 5.646036289732794700e+01
9.996962738458954334e-01 9.466485042175615608e-03 -2.275412834975644449e-02 -1.638418907357957810e+00 -9.717089658477468667e-03 9.998930672371599826e-01 -1.092833523264905016e-02 -1.329665984098829634e+00 2.264824381338908024e-02 1.114612027435154390e-02 9.996813589169448733e-01 5.754530000738717632e+01
9.997281708257330646e-01 7.678861186743307816e-03 -2.201421957987607578e-02 -1.663272762848061470e+00 -7.795738434578891943e-03 9.999559498906810395e-01 -5.228257083057273776e-03 -1.357967806952645740e+00 2.197310366246250923e-02 5.398453079036025226e-03 9.997439892835862096e-01 5.862784537067304313e+01
9.997430325609646395e-01 5.604873037623243730e-03 -2.196473475515979198e-02 -1.691218538803291649e+00 -5.598749794724431315e-03 9.999842664092229993e-01 3.402791467041227803e-04 -1.379485775385651092e+00 2.196629888007183701e-02 -2.172167519789440949e-04 9.997586910298125185e-01 5.971809576959444854e+01
9.997531792415319529e-01 4.026669292044804220e-03 -2.184884613400085371e-02 -1.715799012034334048e+00 -3.992550076330926914e-03 9.999907412408485241e-01 1.605013925368186777e-03 -1.405305539685737015e+00 2.185510914520531062e-02 -1.517385191755017682e-03 9.997599995176198462e-01 6.080501136636443960e+01
9.997727005494349006e-01 1.473211057826825888e-03 -2.126927175893292624e-02 -1.741427731373413668e+00 -1.500374665036399062e-03 9.999980771179727279e-01 -1.261218204380757041e-03 -1.430371790909482854e+00 2.126737422177668591e-02 1.292843316994059591e-03 9.997729923325927581e-01 6.189450393154603347e+01
9.997685981648443132e-01 3.314974882980896670e-04 -2.150885627931260757e-02 -1.764994269451036102e+00 -4.384627171289806331e-04 9.999875601719537821e-01 -4.968554582438202728e-03 -1.454860317592194141e+00 2.150694359606521860e-02 4.976835799769888970e-03 9.997563116632022240e-01 6.297483321075443286e+01
9.997706099854463124e-01 2.033148659362118537e-03 -2.132103780309557717e-02 -1.790045801893836774e+00 -2.219713209166023372e-03 9.999594281439819765e-01 -8.730240805635738899e-03 -1.481064252041887297e+00 2.130242502456407977e-02 8.775565007564599049e-03 9.997345618705721915e-01 6.406336196196944854e+01
9.997637374107817276e-01 2.840621672599409533e-03 -2.154980826804776470e-02 -1.823414990047346862e+00 -3.112847702005745818e-03 9.999156535621547270e-01 -1.260939652072473605e-02 -1.519665817671574271e+00 2.151217409389562241e-02 1.267349837551544518e-02 9.996882590270638191e-01 6.513929429438924501e+01
9.997675287612384221e-01 6.356510181220585524e-03 -2.060305219575414570e-02 -1.854662122114887346e+00 -6.636645895915465124e-03 9.998860747475770694e-01 -1.355704808592142485e-02 -1.552217144295230833e+00 2.051453087020391197e-02 1.369063109515076919e-02 9.996958164911848854e-01 6.623774776713017332e+01
9.997652759377106957e-01 9.330212352889976843e-03 -1.955356734639804653e-02 -1.889591043936200476e+00 -9.529101607870888932e-03 9.999035541383446413e-01 -1.010310211584019083e-02 -1.578539214143206859e+00 1.945741915452858101e-02 1.028705912842355942e-02 9.997577599239449997e-01 6.734344490059078225e+01
9.997495644816335458e-01 1.035060666085882777e-02 -1.984114838623863772e-02 -1.918629342147393668e+00 -1.051085752965584888e-02 9.999128375908072908e-01 -7.989430685001181268e-03 -1.614212442811944204e+00 1.975672498382785927e-02 8.195977410278882172e-03 9.997712179275595190e-01 6.841731318160154274e+01
9.997489293002710387e-01 1.095779350046871374e-02 -1.954520247126453544e-02 -1.947608447986354685e+00 -1.110046802095493619e-02 9.999124196911681750e-01 -7.206183237824962534e-03 -1.643697045729401784e+00 1.946452844516423711e-02 7.421335009503333274e-03 9.997830010085608787e-01 6.951927309177901293e+01
9.997680319112426384e-01 9.064959669551248683e-03 -1.953758888206866620e-02 -1.973566589875034527e+00 -9.189782350956176085e-03 9.999378770224535140e-01 -6.308529379317665171e-03 -1.675573058792579673e+00 1.947918958663006836e-02 6.486612370699645566e-03 9.997892210663043011e-01 7.060772285313073837e+01
9.997734313916077920e-01 8.383279242579533275e-03 -1.956532610588693905e-02 -1.998197022629200514e+00 -8.480813803043272744e-03 9.999519938027937593e-01 -4.907404266425325137e-03 -1.703720245036128400e+00 1.952324846683795023e-02 5.072222375077578733e-03 9.997965348055989354e-01 7.169616637031113271e+01
9.997700846244969020e-01 6.636487612989074372e-03 -2.038949131646870458e-02 -2.023833596922380629e+00 -6.698693888362155895e-03 9.999731093584593999e-01 -2.984092405025860328e-03 -1.729356243054853026e+00 2.036914071903430865e-02 3.119989365064129629e-03 9.997876560170440019e-01 7.277719756296427533e+01
9.997709849743537935e-01 5.193932259393187548e-03 -2.076045154688269806e-02 -2.050189966452979906e+00 -5.221914964970551624e-03 9.999855254384145686e-01 -1.293885639131379158e-03 -1.758345780411130876e+00 2.075343260273885063e-02 1.401998565501340853e-03 9.997836395872319315e-01 7.386772669705089811e+01
9.997659606305459024e-01 4.444899189439648415e-03 -2.117213742622606892e-02 -2.073373886537251742e+00 -4.491354371962595626e-03 9.999876129165319316e-01 -2.147114575704372943e-03 -1.786791233291204151e+00 2.116233244996940793e-02 2.241703776929474153e-03 9.997735364529225510e-01 7.495654142668114162e+01
9.997498976834794382e-01 4.797932792481015250e-03 -2.184300511164948347e-02 -2.103466963693609859e+00 -4.929919081710971811e-03 9.999698866581759882e-01 -5.992648499228006749e-03 -1.817528378161159974e+00 2.181359723762322025e-02 6.098834032091311405e-03 9.997434556583447707e-01 7.603112656095896682e+01
9.997368070657510764e-01 6.171393219407990752e-03 -2.209615279650253145e-02 -2.134013268580488898e+00 -6.349294154490071895e-03 9.999479183047793596e-01 -7.990108899546677704e-03 -1.847125153049452129e+00 2.204569404204488950e-02 8.128300960457907412e-03 9.997239246294699067e-01 7.711353347385730217e+01
9.997056934893925328e-01 7.538585135505856960e-03 -2.305869103532500602e-02 -2.162387842431142460e+00 -7.690599942134778398e-03 9.999492309764316245e-01 -6.510934419027052979e-03 -1.874341947851772439e+00 2.300843895754531299e-02 6.686353446517791406e-03 9.997129155341759610e-01 7.818520613890834170e+01
9.996855583707834336e-01 8.421536733804607655e-03 -2.361924811132246754e-02 -2.192879107453108212e+00 -8.479133327100341413e-03 9.999613160589190253e-01 -2.339432193402283134e-03 -1.903770529523099109e+00 2.359863540077833735e-02 2.538967448954882866e-03 9.997182855702975157e-01 7.926162479314569964e+01
9.996731146784291200e-01 9.487546002037555368e-03 -2.374127357409799854e-02 -2.228403440200449115e+00 -9.448023997236024499e-03 9.999537887502838451e-01 1.776335893985873373e-03 -1.928186611796167904e+00 2.375703129417627499e-02 -1.551447200356352888e-03 9.997165565712872182e-01 8.033187102693710813e+01
9.996434646341230135e-01 1.035569455759685793e-02 -2.461114832915011971e-02 -2.263896340836180077e+00 -1.029529473974813078e-02 9.999436711572219361e-01 2.579617494145165953e-03 -1.950630831429878365e+00 2.463647800676650387e-02 -2.325318949813358002e-03 9.996937742086553502e-01 8.140107249664140454e+01
9.996262084556739591e-01 1.119808540350184824e-02 -2.494100022877996162e-02 -2.296387457814314637e+00 -1.119051891928955593e-02 9.999372855014899697e-01 4.429375391879147124e-04 -1.975360833366688551e+00 2.494439873929746657e-02 -1.636692551809271104e-04 9.996888260428361539e-01 8.246398422607363443e+01
9.996049096218171393e-01 1.068025946198522189e-02 -2.599932776195787443e-02 -2.326137605286216381e+00 -1.069836202166648403e-02 9.999426142150121821e-01 -5.572407189803057093e-04 -1.998597323217568666e+00 2.599188681303882947e-02 8.351706834169755596e-04 9.996618061631710184e-01 8.350670824445410290e+01
9.996018651047513526e-01 1.052017053000789230e-02 -2.618103540554607075e-02 -2.358362726201493675e+00 -1.053607305371740202e-02 9.999443818128942452e-01 -4.695117372661646612e-04 -2.021372834726356871e+00 2.617464193131011432e-02 7.451701281162207259e-04 9.996571030823546700e-01 8.456630552667101597e+01
9.995995060775230145e-01 8.781517869033604595e-03 -2.690199927668663477e-02 -2.391280302317336126e+00 -8.786040354844744035e-03 9.999613982321767791e-01 -4.988534870785909776e-05 -2.049460591326028869e+00 2.690052488954240012e-02 2.862273529040729441e-04 9.996380756903008313e-01 8.559140882454379096e+01
9.995802729710369094e-01 8.736708502513190061e-03 -2.762134449988206883e-02 -2.415691987810774322e+00 -8.697374150151974959e-03 9.999609875097821288e-01 1.543896258318726766e-03 -2.077276428485254733e+00 2.763375791748414259e-02 -1.303015192920129557e-03 9.996172695191811730e-01 8.661512444924731824e+01
9.995832489562624934e-01 7.824382904737020930e-03 -2.778696595879031478e-02 -2.448504711238048692e+00 -7.720958353067193525e-03 9.999628725865173928e-01 3.827413558920854039e-03 -2.095479932189133532e+00 2.781588390021028090e-02 -3.611276518901434477e-03 9.996065384572203616e-01 8.761843352930972628e+01
9.995531392223682143e-01 6.940620450941633636e-03 -2.907473163238146960e-02 -2.479323456879441778e+00 -6.795968508921230999e-03 9.999640504679094821e-01 5.071053866123291856e-03 -2.120895553513477250e+00 2.910888555449161683e-02 -4.871196982676281872e-03 9.995643803097227220e-01 8.859604666671552309e+01
9.995054092673960611e-01 5.460838197745101520e-03 -3.096968988253855082e-02 -2.510580150466028115e+00 -5.294512647477439202e-03 9.999711284360239816e-01 5.450067491151606644e-03 -2.140952463594162136e+00 3.099856083367891896e-02 -5.283402648639704859e-03 9.995054622965802160e-01 8.956290324298154815e+01
9.993943048654139183e-01 5.526596246039632183e-03 -3.435807297787470821e-02 -2.547891539678261541e+00 -5.368227424704514333e-03 9.999745506924371252e-01 4.699912089252456654e-03 -2.168042261840644080e+00 3.438317579949581870e-02 -4.512623479470611980e-03 9.993985344421493222e-01 9.048690013895622997e+01
9.992882420651354458e-01 4.532214545038295433e-03 -3.744954140516226077e-02 -2.587449703654563393e+00 -4.391244848799428190e-03 9.999829638715722613e-01 3.845661388664024793e-03 -2.184236117706437774e+00 3.746633531060394873e-02 -3.678474292562486977e-03 9.992911240632927905e-01 9.138319204876943047e+01
9.990186301064464258e-01 5.292521115992723790e-03 -4.397458485087796243e-02 -2.680775135882141225e+00 -5.065614847221326482e-03 9.999732857748295789e-01 5.269780538469554486e-03 -2.225715577365909859e+00 4.400130421644529721e-02 -5.041850792473229897e-03 9.990187541187242060e-01 9.314467408706713059e+01
9.989014273330499849e-01 6.977044754499628527e-03 -4.633842526742205231e-02 -2.720319882247336896e+00 -6.690452739298375501e-03 9.999575372825084685e-01 6.336989348123343857e-03 -2.248117715059584132e+00 4.638067525907155902e-02 -6.020002847987073781e-03 9.989056953844417386e-01 9.398099030675591337e+01
9.987413909661528866e-01 7.206317017655895253e-03 -4.963565294868373806e-02 -2.770752744984060989e+00 -6.828703448797736157e-03 9.999464750027620141e-01 7.773098176205212734e-03 -2.264393438784293888e+00 4.968901562111277537e-02 -7.424367866389309546e-03 9.987371440310853776e-01 9.479367003788165391e+01
9.985965031441684792e-01 9.240559695434925544e-03 -5.215018430319335457e-02 -2.822415850868182030e+00 -8.793210013292612759e-03 9.999226119663610080e-01 8.801049700157458078e-03 -2.278836231047659755e+00 5.222747951247716514e-02 -8.330130132373001275e-03 9.986004748894709016e-01 9.558747969748118578e+01
9.984503720548403294e-01 1.074010443502421662e-02 -5.460309259349795802e-02 -2.872084542106463800e+00 -1.024975351629428370e-02 9.999046589757539794e-01 9.252430858599204611e-03 -2.296644693411404869e+00 5.469726347848081344e-02 -8.678425126859583630e-03 9.984652689694061278e-01 9.633847560002692489e+01
9.982776593401058163e-01 1.262515389224703154e-02 -5.729148130725742610e-02 -2.920269149532627395e+00 -1.217041805018769136e-02 9.998916575832038633e-01 8.279239717147281533e-03 -2.313208679413834901e+00 5.738980601687496824e-02 -7.567718997009066639e-03 9.983231630766905562e-01 9.707353996448388500e+01
9.981102624555848735e-01 1.383406135709339818e-02 -5.987088161872951980e-02 -2.971098533438088385e+00 -1.358444128671194503e-02 9.998972681983033794e-01 4.574363088183585127e-03 -2.332837855701497709e+00 5.992801713955846904e-02 -3.752406401739029427e-03 9.981956493461119351e-01 9.776789811463569890e+01
9.978823465727133524e-01 1.687573551410067110e-02 -6.281749561633402645e-02 -3.024407822042526117e+00 -1.684669709857309142e-02 9.998575931829634111e-01 9.919419690856739937e-04 -2.350657778670137699e+00 6.282529469492113827e-02 6.842588800911034630e-05 9.980245402443234104e-01 9.844058624561243676e+01
9.977456831535422843e-01 1.830630550823710012e-02 -6.456344086895877965e-02 -3.072938229672507404e+00 -1.845469796375823895e-02 9.998282458298033415e-01 -1.702702632509902909e-03 -2.365189773745924207e+00 6.452118731477046731e-02 2.890362919392824945e-03 9.979121510166546472e-01 9.906975464276942489e+01
9.976331053605953514e-01 2.103827581265946267e-02 -6.546431561814004818e-02 -3.115986532009348053e+00 -2.125592717037219637e-02 9.997706040791662918e-01 -2.629923989386664333e-03 -2.385160772540248164e+00 6.539397505928781773e-02 4.015203999789744224e-03 9.978514405602386672e-01 9.967413173150953298e+01
9.976411979447613598e-01 2.257988730531394067e-02 -6.482423400197946661e-02 -3.161668467148246009e+00 -2.276811267534891228e-02 9.997384258743486907e-01 -2.166240508225850559e-03 -2.401633985786312042e+00 6.475837013789748076e-02 3.637056288794100669e-03 9.978943461808903459e-01 1.002583193930408783e+02
9.977579091515099696e-01 2.597074667457452760e-02 -6.168205857868878927e-02 -3.202354373373100138e+00 -2.605987162999718471e-02 9.996601752046599954e-01 -6.406965722605134509e-04 -2.418204288098596333e+00 6.164446382806414854e-02 2.246686505564376296e-03 9.980956456438301316e-01 1.008201339464524153e+02
9.980066489748752323e-01 2.862852063504311637e-02 -5.624169850899145978e-02 -3.231202083254836932e+00 -2.862297164523498402e-02 9.995898683267562257e-01 9.043929034328109396e-04 -2.431185116058868001e+00 5.624452812902065724e-02 7.072143381975127012e-04 9.984167726983687041e-01 1.013493597641166275e+02
9.983729280963991037e-01 2.984674587430122261e-02 -4.858664881982771577e-02 -3.260101485429123702e+00 -2.975098352270424962e-02 9.995537163157823812e-01 2.693150073090818178e-03 -2.447776419172121187e+00 4.864535188291272544e-02 -1.243267557415976164e-03 9.988153355878187645e-01 1.018674952497024719e+02
9.987885033547827529e-01 2.943643713121407365e-02 -3.943381399941136428e-02 -3.275267079888252830e+00 -2.925197540467918550e-02 9.995583000173737798e-01 5.246773377468663679e-03 -2.458032273970960357e+00 3.957084626657068199e-02 -4.086899953947018341e-03 9.992084066278438259e-01 1.023626899314539571e+02
9.992142528894815134e-01 2.880533439578268629e-02 -2.722383215899256553e-02 -3.283252536336583205e+00 -2.864185594543264615e-02 9.995694003900517099e-01 6.376104022442320197e-03 -2.469431103429127194e+00 2.739577807793746461e-02 -5.591353130583155695e-03 9.996090267204671420e-01 1.028389272696067849e+02
9.995122944493468609e-01 2.775710990271656325e-02 -1.430758002472676434e-02 -3.281635001065807966e+00 -2.766635255274713101e-02 9.995960629031818145e-01 6.502869763325882201e-03 -2.480992954152882124e+00 1.448230314044778207e-02 -6.103859903634229617e-03 9.998764926474716930e-01 1.032839872296088402e+02
9.996173415871321133e-01 2.764105166577920242e-02 1.071055356263896433e-03 -3.272570695011757902e+00 -2.764683479845049183e-02 9.996007987757296043e-01 5.822144830530787823e-03 -2.493791898700471688e+00 -9.096976587022343602e-04 -5.849528327080749310e-03 9.999824796371384883e-01 1.037207934281989026e+02
9.994978917731345280e-01 2.577342628697992452e-02 1.843092551440209115e-02 -3.254792588380019946e+00 -2.582913040988037839e-02 9.996624807718192951e-01 2.790571119274219344e-03 -2.505841658536327010e+00 -1.835278369667854223e-02 -3.265224767998430207e-03 9.998262374550463960e-01 1.041362177635889168e+02
9.988859071945317414e-01 2.562222669368896533e-02 3.962887022897893657e-02 -3.227602234220212640e+00 -2.557840438228976138e-02 9.996715154509517864e-01 -1.612550161077237840e-03 -2.518871585545390701e+00 -3.965717350965521082e-02 5.971103006852321185e-04 9.992131673545168180e-01 1.045450862387377668e+02
9.976548106939501226e-01 2.376171459497295954e-02 6.418924489886425333e-02 -3.181839214859401022e+00 -2.340063222288338643e-02 9.997058663324783767e-01 -6.371377152013823521e-03 -2.534719467065788656e+00 -6.432176496194177973e-02 4.854366315344943450e-03 9.979174029735717877e-01 1.049532246752935407e+02
9.956157435119925569e-01 2.140190521290710746e-02 9.105631565966201824e-02 -3.125126784944713076e+00 -2.064144200512912225e-02 9.997438221809398229e-01 -9.285238750253553205e-03 -2.544325051126910875e+00 -9.123171925983170061e-02 7.364996391461815610e-03 9.958024543070678192e-01 1.053425856200567097e+02
9.924610424718165458e-01 1.807112887508952742e-02 1.212209319020049608e-01 -3.055006240792878192e+00 -1.689455134822210117e-02 9.997997379550837005e-01 -1.072691986448146527e-02 -2.551473115412943304e+00 -1.213905106541511847e-01 8.598077161552529143e-03 9.925675895730998732e-01 1.057320589553674779e+02
9.880502655574671111e-01 1.579747040811255165e-02 1.533203098826154687e-01 -2.970722041024032478e+00 -1.402500408099657467e-02 9.998218039110927657e-01 -1.263529473408207988e-02 -2.565794169649529000e+00 -1.534926111902674140e-01 1.033398829660948752e-02 9.880957605314403258e-01 1.060996657984507294e+02
9.819072388066303336e-01 1.381689574405926650e-02 1.888578028014079035e-01 -2.867778599767699443e+00 -1.133324501463206339e-02 9.998345921824103311e-01 -1.422454170377031139e-02 -2.583350575754720158e+00 -1.890231227154989257e-01 1.182680897130746617e-02 9.819014190109598417e-01 1.064808942691332447e+02
9.739040764017814489e-01 9.438390195898132412e-03 2.267636921177627607e-01 -2.752474880082371289e+00 -6.251841576607697522e-03 9.998714267988261239e-01 -1.476640057363185106e-02 -2.593294130501315298e+00 -2.268739225736314535e-01 1.296336739183049855e-02 9.738378567993927204e-01 1.068348694052827028e+02
9.637169214874948819e-01 7.626702338217471351e-03 2.668174040638937594e-01 -2.616137344308302470e+00 -3.610776347740859114e-03 9.998727456751111964e-01 -1.553858776948581315e-02 -2.613455101987138818e+00 -2.669019884108342899e-01 1.401138288484552775e-02 9.636218228373940597e-01 1.071919805775455927e+02
9.513665821544615708e-01 8.030618462308083960e-03 3.079563724502449862e-01 -2.475602555232384372e+00 -3.097420662940688057e-03 9.998589898918098795e-01 -1.650462195177554089e-02 -2.631068734709479440e+00 -3.080455249209494428e-01 1.474807631247220668e-02 9.512573079537288701e-01 1.075074088968910928e+02
9.360106061831032775e-01 1.011638769970975120e-02 3.518263622936258495e-01 -2.313576060939020795e+00 -4.290632618462253585e-03 9.998405451744618588e-01 -1.733439564595380331e-02 -2.638526657309160584e+00 -3.519456544749968718e-01 1.471562079304488714e-02 9.359047586424350529e-01 1.078404036361547327e+02
9.179325736281256365e-01 9.616638415534266987e-03 3.966198366196951319e-01 -2.143638012100796519e+00 -3.492194237732911596e-03 9.998633076235063921e-01 -1.616087923391783254e-02 -2.656433161770858309e+00 -3.967210762600646978e-01 1.344952486874883418e-02 9.178406787483680551e-01 1.081691303145825174e+02
8.978976651647786467e-01 9.085135225929959896e-03 4.401104775917734080e-01 -1.952383246507725101e+00 -2.661405306116861828e-03 9.998807672140057612e-01 -1.521068499246520413e-02 -2.662839067013438310e+00 -4.401962351021459496e-01 1.248632708067310380e-02 8.978147876212154710e-01 1.084595647987705149e+02
8.743073437651465163e-01 7.449632872230697693e-03 4.853155285584784262e-01 -1.740615698783676502e+00 1.399841888644015554e-04 9.998782928116730639e-01 -1.560039763312100897e-02 -2.677577828428358231e+00 -4.853727182628574388e-01 1.370747954512317041e-02 8.741998934231808294e-01 1.087562289346438575e+02
8.494829883156566064e-01 7.435657360290412118e-03 5.275635982567276061e-01 -1.529250414037417460e+00 1.912900671649984691e-03 9.998507105260456829e-01 -1.717238242399097073e-02 -2.695564000568145158e+00 -5.276125750956934812e-01 1.559682390283616445e-02 8.493419411582977530e-01 1.090147225415495029e+02
