1.000000000000000000e+00 6.052227578932375726e-19 -4.756376575484536442e-19 -5.551115123125782702e-17 7.855130909573354167e-20 1.000000000000000000e+00 -9.059422532615956870e-22 0.000000000000000000e+00 6.998588456719787483e-19 4.059807377574831132e-21 1.000000000000000000e+00 0.000000000000000000e+00
9.999982205446755756e-01 -1.627631762598393764e-03 -9.574543244114258351e-04 5.653027739745977165e-01 1.625742774050687595e-03 9.999967866137069450e-01 -1.969436353527573725e-03 -2.172897667316589163e-04 9.606567865155017606e-04 1.967875971112553225e-03 9.999975928416174886e-01 8.203357245230954997e-03
9.999935556456814867e-01 -2.756038492173172160e-03 -2.292441248141860888e-03 1.127450711578878551e+00 2.750312328430526681e-03 9.999930595705195380e-01 -2.497424347100535638e-03 5.645219621395133197e-03 2.299308843823382603e-03 2.491103180018857180e-03 9.999941847837988673e-01 1.911655167135776351e-02
9.999833888521432179e-01 -4.584205976309639954e-03 -3.496996892581392957e-03 1.688936524889626423e+00 4.575255765151564798e-03 9.999862368258268797e-01 -2.563126482448891807e-03 1.798458387785293808e-02 3.508699706086273323e-03 2.547084356301291663e-03 9.999905743220299792e-01 3.644260664473070177e-02
9.999636464853746132e-01 -6.610208245061901557e-03 -5.380268913033586786e-03 2.250835954652296245e+00 6.584935012642943210e-03 9.999673216470699177e-01 -4.701474401899437966e-03 2.835272534370914671e-02 5.411171979389375365e-03 4.665875386423857206e-03 9.999744318675554133e-01 5.236560814520121315e-02
9.999386086101870186e-01 -8.190570826724958772e-03 -7.460327366685809425e-03 2.815436566916272199e+00 8.136831667432203874e-03 9.999409208700152929e-01 -7.205548967365311974e-03 3.693467714207573915e-02 7.518905988782288892e-03 7.144404629274625496e-03 9.999461705197978389e-01 6.540391076553489502e-02
9.999190717826655916e-01 -9.590694396151445283e-03 -8.362579222141730551e-03 3.389533529189884486e+00 9.520516128260795782e-03 9.999195047518870672e-01 -8.391804043489065751e-03 4.971195904632776802e-02 8.442389481465912074e-03 8.311509662055256015e-03 9.999298234654472317e-01 8.035528786831576398e-02
9.999111692847074684e-01 -1.095710541208408557e-02 -7.588770399082701672e-03 3.968740138913140036e+00 1.089172837407802012e-02 9.999036380151913317e-01 -8.603473425945650649e-03 6.514336701990855460e-02 7.682310170569076578e-03 8.520055904588114820e-03 9.999341927001011987e-01 9.837534280151014054e-02
9.998962272492770698e-01 -1.211586277932863095e-02 -7.788831352810968341e-03 4.555378432399129984e+00 1.204649106392658049e-02 9.998879096074324568e-01 -8.893667030511268057e-03 8.326965542286718369e-02 7.895714216838975452e-03 8.798917577181502095e-03 9.999300631432904707e-01 1.219293713312852856e-01
9.998590464578480663e-01 -1.331481685339459820e-02 -1.023280730123977793e-02 5.149395062164041192e+00 1.322929455481242252e-02 9.998773963410102494e-01 -8.380863948357972562e-03 1.012345762880165895e-01 1.034314642780550728e-02 8.244309898219092866e-03 9.999124572011418577e-01 1.425179252466445556e-01
9.997950672800290928e-01 -1.446942764846013973e-02 -1.415690657075979221e-02 5.749845500921082042e+00 1.437552691815180070e-02 9.998741386880112270e-01 -6.712126576498427671e-03 1.231021829919163729e-01 1.425224528497143379e-02 6.507238720294629755e-03 9.998771940319597373e-01 1.626443028260519119e-01
9.997161123227159552e-01 -1.569211794836846557e-02 -1.793152300863561088e-02 6.362141614665872247e+00 1.560039022893662704e-02 9.998645554032361549e-01 -5.244166912625609391e-03 1.445997145677881401e-01 1.801138006959248153e-02 4.962940039781562479e-03 9.998254322740478539e-01 1.793074026558902356e-01
9.996818040716869413e-01 -1.686478478231363473e-02 -1.876011917397928802e-02 6.987666660830433862e+00 1.679645842665795571e-02 9.998517200056241672e-01 -3.793654726181911949e-03 1.670940203457729756e-01 1.882132645254729411e-02 3.477343758888390857e-03 9.998167759226891382e-01 1.967443082234883733e-01
9.997632357126372549e-01 -1.789663215009044267e-02 -1.237536743094872285e-02 7.635969756580596624e+00 1.788265361941664827e-02 9.998392997632391532e-01 -1.239863217496281521e-03 1.920952888054256180e-01 1.239557501418456567e-02 1.018265220872054556e-03 9.999226645241238165e-01 2.152538212696174791e-01
9.998242052710324401e-01 -1.866531822588557779e-02 -1.772526559553710837e-03 8.301136933595431699e+00 1.866510272140884871e-02 9.998257977066015156e-01 -1.412683594997151564e-04 2.166254700546673129e-01 1.774854726044628470e-03 1.081591474173255584e-04 9.999983970223658147e-01 2.349451563057636250e-01
9.997974948776208182e-01 -1.937387739989255078e-02 5.440740574580216204e-03 8.977844938312676604e+00 1.936872299954383106e-02 9.998119672444771844e-01 9.991922863337124750e-04 2.411928489962467670e-01 -5.459076975264360795e-03 -8.936093525256779899e-04 9.999846378779019274e-01 2.553671486240416399e-01
9.997718742698052941e-01 -2.064316006448577850e-02 5.475343453870288278e-03 9.661244037041631927e+00 2.062483929575269909e-02 9.997815747041209899e-01 3.382034555553067433e-03 2.690012004099192056e-01 -5.543964625448815318e-03 -3.268335092638368581e-03 9.999792510260736567e-01 2.724740894873727282e-01
9.997678592397127861e-01 -2.146152621293272861e-02 -1.935874821480457197e-03 1.035227290638642472e+01 2.147187653957499318e-02 9.997543710477997392e-01 5.493894046784319508e-03 2.990194815515285209e-01 1.817492198638655200e-03 -5.534185555617770168e-03 9.999829697124874572e-01 2.795825589638855080e-01
9.997083485861112395e-01 -2.239537230290164840e-02 -9.032798387048143404e-03 1.106214902679848677e+01 2.243847794503065277e-02 9.997371991352728138e-01 4.698985004059992934e-03 3.244248508950919319e-01 8.925191044810171920e-03 -4.900297343456259599e-03 9.999481522786162202e-01 2.812161176850675459e-01
9.996829006711935861e-01 -2.373448635187018138e-02 -8.407810047840457227e-03 1.179623714903492804e+01 2.375633501130976905e-02 9.997146499509620421e-01 2.508159335636127221e-03 3.453127949336627922e-01 8.345882632268026777e-03 -2.707103110079173841e-03 9.999614493778442581e-01 2.858104172977817270e-01
9.997069181050156628e-01 -2.416779568451166149e-02 1.439490696707691406e-03 1.255718867432978669e+01 2.416511556541192998e-02 9.997062820653250803e-01 1.849427877049680336e-03 3.624578338512659537e-01 -1.483765317672545124e-03 -1.814099678388304739e-03 9.999971998296594000e-01 2.928584543604629831e-01
9.996532163727411824e-01 -2.459619827808353157e-02 9.405303226518181223e-03 1.333419652928360399e+01 2.458187271327443024e-02 9.996965075031206682e-01 1.635858247227607760e-03 3.818553332424816649e-01 -9.442686232537501889e-03 -1.404091159840785896e-03 9.999543761241382889e-01 2.982801780862969210e-01
9.996117182293886572e-01 -2.504388125785738176e-02 1.221757316473337691e-02 1.412308146559393940e+01 2.503612526821532777e-02 9.996862571439981693e-01 7.877910015837914001e-04 4.038000541560862744e-01 -1.223347176774790095e-02 -4.816045170727324557e-04 9.999250246266130349e-01 3.014198112340730762e-01
9.996168664035897100e-01 -2.527125899287753150e-02 1.129454415715823445e-02 1.492652862033694738e+01 2.528820823259700021e-02 9.996793296026714737e-01 -1.360385084288325865e-03 4.234580387424865533e-01 -1.125654097238585651e-02 1.645482895084984408e-03 9.999353039937390886e-01 3.001053374581065247e-01
9.996506902430730701e-01 -2.497243915966965155e-02 8.656468470963664397e-03 1.574735990271781461e+01 2.499230430604887365e-02 9.996852469048470580e-01 -2.194278636955323148e-03 4.472976710057232075e-01 -8.598949348015125227e-03 2.409857918162464085e-03 9.999600628520798340e-01 2.972117417295623842e-01
9.996911002702728588e-01 -2.432627570485948812e-02 5.101032695307144461e-03 1.657989641431796812e+01 2.432639482735027975e-02 9.997041047098750299e-01 3.847253285063239231e-05 4.669785102665018894e-01 -5.100460397457194997e-03 8.562912195767154438e-05 9.999869950198519986e-01 2.953755950813629627e-01
9.997275431850038974e-01 -2.334054182345184428e-02 -1.229806400921570583e-04 1.742578230918442017e+01 2.334012605822464309e-02 9.997239968023311496e-01 -2.690188235444631280e-03 4.806015879617268061e-01 1.857371936242833553e-04 2.686585125074407877e-03 9.999963600126648977e-01 2.980595097538503713e-01
9.997217284922402802e-01 -2.275054968237360045e-02 -6.242366527711985282e-03 1.828527315596229741e+01 2.271543523067233103e-02 9.997260497049982320e-01 -5.639359839431972755e-03 4.891654824034627480e-01 6.368955643987783168e-03 5.495993455438916847e-03 9.999646218027616884e-01 3.073013780123287075e-01
9.996918794631465266e-01 -2.158141145999387459e-02 -1.226652672822936552e-02 1.916636135144173991e+01 2.151871398563208124e-02 9.997548555915700685e-01 -5.220798457425060088e-03 5.084352220406659351e-01 1.237619875069452709e-02 4.955230954630979873e-03 9.999110649452831456e-01 3.169728317862007261e-01
9.996850330503217474e-01 -2.132048270378670424e-02 -1.323982755040374083e-02 2.006715696412836181e+01 2.126949653854985633e-02 9.997658383275433991e-01 -3.979949186074746743e-03 5.268002525944963654e-01 1.332158034615035964e-02 3.697092246655097302e-03 9.999044286221347999e-01 3.339237837712299983e-01
9.996869630447603461e-01 -2.157143375060086021e-02 -1.267270001433148247e-02 2.098715330856980898e+01 2.152791101946793795e-02 9.997618907192092896e-01 -3.560372576236112661e-03 5.466257664427650598e-01 1.274649089997305883e-02 3.286441996232203691e-03 9.999133462360306757e-01 3.562920575738334206e-01
9.996756078712856208e-01 -2.150852257400279882e-02 -1.364319550907910038e-02 2.192129780267684680e+01 2.147843055448771590e-02 9.997665853829991178e-01 -2.348812686926542593e-03 5.664007350969380017e-01 1.369052382092720947e-02 2.055016205856074162e-03 9.999041067457151710e-01 3.810482537928855384e-01
9.996464108047508068e-01 -2.131087603726350421e-02 -1.590094794219957738e-02 2.287389936259778267e+01 2.131847997661320132e-02 9.997726508670458090e-01 3.089436107216954916e-04 5.912544433855223547e-01 1.589075261782266907e-02 -6.478184446241604978e-04 9.998735383282031375e-01 4.062271072457781518e-01
9.996313169558082024e-01 -2.127662540475408481e-02 -1.686661721524932572e-02 2.384524619326555239e+01 2.134437878660071231e-02 9.997647734178443102e-01 3.847136136212460714e-03 6.115119203766298250e-01 1.678079762269222772e-02 -4.205726117561488231e-03 9.998503096263474665e-01 4.319569999999707810e-01
9.996359292963366006e-01 -2.115570977393628482e-02 -1.674630218561791450e-02 2.482092824574709411e+01 2.125254252244372297e-02 9.997582773509524623e-01 5.625746458772785431e-03 6.364433637776036878e-01 1.662323660073844120e-02 -5.979600089463038386e-03 9.998438933527110661e-01 4.592390008658919776e-01
9.996328881560182511e-01 -2.136785902751757796e-02 -1.665647066523701092e-02 2.580339558837119895e+01 2.147846741423355132e-02 9.997482737778948803e-01 6.490099129709901715e-03 6.617725303978581053e-01 1.651360106590504459e-02 -6.845473402895463008e-03 9.998401380660867366e-01 4.867223481366538262e-01
9.996268746537243510e-01 -2.155511098287357999e-02 -1.677551225692634068e-02 2.679066886309746209e+01 2.166700249929951264e-02 9.997439827329819284e-01 6.517466183547007859e-03 6.871541294257715871e-01 1.663074003312655855e-02 -6.878510812111071106e-03 9.998380426132936760e-01 5.146671121846931873e-01
9.996377000072169672e-01 -2.190522046699184405e-02 -1.564308478511367353e-02 2.779166049410404327e+01 2.202166281545563445e-02 9.997308140313260205e-01 7.310628205358917810e-03 7.144298291239637999e-01 1.547873578156942070e-02 -7.652466959279487571e-03 9.998508859614568811e-01 5.444038075040746882e-01
9.996586953086133986e-01 -2.220528063882244371e-02 -1.376103936642510649e-02 2.879889141071081227e+01 2.231704106738549229e-02 9.997187804758039809e-01 8.022350969690160774e-03 7.420735078786859784e-01 1.357903235893867175e-02 -8.326720345823225219e-03 9.998731242155824983e-01 5.735503874203360386e-01
9.996675724651653550e-01 -2.254516488028596860e-02 -1.250659653275812758e-02 2.981307268940125965e+01 2.265473939882857446e-02 9.997055646486635583e-01 8.689918192629894275e-03 7.705708102251933589e-01 1.230699979348297279e-02 -8.970363588250101702e-03 9.998839628861710960e-01 6.024320145840420526e-01
9.996571444463658862e-01 -2.259070297878075853e-02 -1.324225311711449415e-02 3.083381783749210925e+01 2.270500057647950598e-02 9.997056979111633712e-01 8.545421714130004356e-03 7.982777682453547907e-01 1.304530771803391956e-02 -8.843158377211862708e-03 9.998757576424707194e-01 6.308444545368594447e-01
9.996368034381677425e-01 -2.274721515471436403e-02 -1.445433266161966213e-02 3.186204013150719305e+01 2.288735670682879100e-02 9.996918790839888214e-01 9.605445122041287448e-03 8.284344459922627912e-01 1.423138532868174592e-02 -9.932779343419179466e-03 9.998493174778433357e-01 6.577970084969287923e-01
9.996395776666330280e-01 -2.309184529727666482e-02 -1.369517220812929183e-02 3.289784718889370652e+01 2.322190601131173676e-02 9.996860081450820168e-01 9.414707081809999337e-03 8.583890321264692203e-01 1.347347057618848189e-02 -9.729342261567916830e-03 9.998619141882850725e-01 6.870873658130607353e-01
9.996566416849297365e-01 -2.380205380590454112e-02 -1.095502476798331133e-02 3.394487971662574211e+01 2.389817383899258893e-02 9.996762697567267431e-01 8.728974371286423936e-03 8.875412591140547924e-01 1.074370652794262755e-02 -8.987783179362269018e-03 9.999018885583437211e-01 7.158840299098271354e-01
9.996801302092772623e-01 -2.415867556750773970e-02 -7.480704846273248873e-03 3.499994269796574997e+01 2.422564758616541775e-02 9.996660653517557282e-01 8.996467459637889560e-03 9.185761078596759166e-01 7.260865065855552809e-03 -9.174815090653997557e-03 9.999315044389669449e-01 7.436415550303694388e-01
9.996832712679932786e-01 -2.468389931928971492e-02 -4.903030933453350268e-03 3.606286265658392409e+01 2.472821747890289329e-02 9.996519068618855419e-01 9.194362078398484947e-03 9.505558063059628138e-01 4.674372410179747361e-03 -9.312694938377014814e-03 9.999457218701213179e-01 7.691654129574929666e-01
9.996728069911579029e-01 -2.521958851060438628e-02 -4.279382302473805529e-03 3.712541182202905787e+01 2.525783652094377996e-02 9.996392644417206874e-01 9.131760166688557973e-03 9.850289674232184378e-01 4.047539598639278945e-03 -9.236860461885793017e-03 9.999491285671212593e-01 7.940947307823805756e-01
9.996553526687339541e-01 -2.559699790499833302e-02 -5.836112324788729835e-03 3.819682119237997853e+01 2.564633294978803726e-02 9.996346419040992304e-01 8.541753946119574198e-03 1.011516008790115384e+00 5.615337782022796972e-03 -8.688484945281880339e-03 9.999465054271666764e-01 8.118577148511044728e-01
9.996445041784768337e-01 -2.593961936339242089e-02 -6.167843825023734336e-03 3.927214817357344145e+01 2.599308004693153332e-02 9.996238706295339504e-01 8.751473670383945469e-03 1.031770540645534640e+00 5.938513818117707559e-03 -8.908685003115372064e-03 9.999426251919890651e-01 8.267674314574301464e-01
9.996352695654576737e-01 -2.648277134960735565e-02 -5.290450549303737406e-03 4.034867524394719851e+01 2.652733880390050619e-02 9.996116085032693555e-01 8.540026513234055122e-03 1.061512038656837298e+00 5.062232432109446158e-03 -8.677254368230620171e-03 9.999495219312729555e-01 8.498438685420945937e-01
9.996231869041155571e-01 -2.726392699348071866e-02 -3.193031668153132035e-03 4.142611628082240571e+01 2.729025867767280455e-02 9.995912813329702606e-01 8.517300907537489821e-03 1.094697240289879581e+00 2.959512496257304427e-03 -8.601231666674782200e-03 9.999586317629139964e-01 8.762397578285171518e-01
9.996117091249332454e-01 -2.785002272768135126e-02 -8.737309966638971085e-04 4.250157471564279632e+01 2.785655967370662817e-02 9.995744436011207990e-01 8.659257172435321295e-03 1.130655276279938670e+00 6.321988772853254874e-04 -8.680235664450208083e-03 9.999621472739459449e-01 9.022156897560751343e-01
9.995988365473522652e-01 -2.832212741198371353e-02 -3.573663218945395269e-04 4.357546772827731729e+01 2.832429894684098531e-02 9.995472126111005773e-01 1.015390348094317996e-02 1.168512786689822835e+00 6.962383945776322433e-05 -1.015995717301637624e-02 9.999483508415468735e-01 9.286005700835180399e-01
9.995784630840806040e-01 -2.868876640861511493e-02 -4.448106836925183084e-03 4.463983532097052631e+01 2.873559848969250291e-02 9.995282234844105052e-01 1.084819736131820145e-02 1.210996472795399459e+00 4.134787034340061188e-03 -1.097144454900461988e-02 9.999312134315090361e-01 9.458282357518653649e-01
9.995466276133018191e-01 -2.873108095613892410e-02 -9.007558184362055714e-03 4.570113836881724012e+01 2.884016262241078862e-02 9.995092581741458204e-01 1.222371674325536776e-02 1.257336812351990352e+00 8.651938641926801288e-03 -1.247795679910377806e-02 9.998847142125524279e-01 9.591772866585084323e-01
9.995368726580202701e-01 -2.888441503369885630e-02 -9.583583689383532583e-03 4.677338187670375902e+01 2.900772318701154776e-02 9.994948574628901294e-01 1.298799178774694661e-02 1.301579588362256512e+00 9.203593306287753337e-03 -1.325997547843985741e-02 9.998696698790896509e-01 9.795027928217581170e-01
9.995650247320904125e-01 -2.869294273173057797e-02 -6.821992594798631168e-03 4.785175426178203395e+01 2.878068102860157490e-02 9.994995084540863051e-01 1.313016546698153771e-02 1.343339335397458756e+00 6.441836442806332663e-03 -1.332079632330278492e-02 9.998904668138233198e-01 1.000677336387727712e+00
9.995828565469856430e-01 -2.852016805423959744e-02 -4.563240869988350115e-03 4.892812427153933896e+01 2.858186403713083509e-02 9.994923259313850394e-01 1.408107366096108919e-02 1.385552071150463416e+00 4.159330461373409241e-03 -1.420562968912702888e-02 9.998904175216293266e-01 1.019535934658209131e+00
9.995896751378903211e-01 -2.846500463712670764e-02 -3.185514088669271111e-03 5.000405128263631838e+01 2.850119112997946333e-02 9.995222488012398543e-01 1.195539924211879747e-02 1.422362201589404629e+00 2.843682961414784310e-03 -1.204129121935715134e-02 9.999234760608699535e-01 1.035620271718488805e+00
9.996000310298756020e-01 -2.813059197037514128e-02 -2.895675336495326293e-03 5.108242368631563579e+01 2.816577031583473653e-02 9.995197413324513613e-01 1.292328886038999342e-02 1.463135829628184892e+00 2.530745273739975609e-03 -1.299968058864014661e-02 9.999122276376730678e-01 1.052682026521375214e+00
9.996005026182220865e-01 -2.768625283676168919e-02 -5.691312077998330471e-03 5.215232788404435382e+01 2.774609586087094237e-02 9.995575144828264813e-01 1.071863763108790030e-02 1.501022923480325399e+00 5.392035869248041485e-03 -1.087226830642882766e-02 9.999262828989515794e-01 1.065416554345379740e+00
9.995857761607142011e-01 -2.757513303169224425e-02 -8.236194694829822652e-03 5.322499313912922503e+01 2.767148137352838655e-02 9.995471694377564553e-01 1.182249132888846775e-02 1.543277090302999088e+00 7.906459437623428177e-03 -1.204551130232063734e-02 9.998961544015292358e-01 1.077495240171868485e+00
9.995703367565830222e-01 -2.747850316161014328e-02 -1.019851216257364537e-02 5.429847661050850149e+01 2.758887679586592354e-02 9.995605680222706679e-01 1.084449980022578024e-02 1.583761238223908130e+00 9.896038172556062551e-03 -1.112121333894128782e-02 9.998891952211461653e-01 1.095368111703571401e+00
9.995369154723239280e-01 -2.744055666470300928e-02 -1.315335171345961146e-02 5.536400840311635108e+01 2.756567777418856766e-02 9.995755719242979120e-01 9.427985720191385532e-03 1.629457230785008370e+00 1.288906018953697372e-02 -9.786201892560290883e-03 9.998690126033782377e-01 1.115049859107334562e+00
9.995043300085147964e-01 -2.730742704117524594e-02 -1.566873321477210701e-02 5.643494846553480215e+01 2.743086919414321895e-02 9.995939608728392489e-01 7.717706424956847014e-03 1.670340037070720651e+00 1.545161911527092972e-02 -8.143688971357584266e-03 9.998474091186458912e-01 1.139666629944320775e+00
9.995385724119058013e-01 -2.717649049299094427e-02 -1.357042145554240853e-02 5.750554862976376569e+01 2.726427327153012337e-02 9.996082108175941006e-01 6.326265977397753197e-03 1.714998932254162778e+00 1.339318509862106286e-02 -6.693335423569080761e-03 9.998879167704999293e-01 1.165834642339685479e+00
9.996027991074140084e-01 -2.718253475105255473e-02 -7.444025702599312011e-03 5.859194127731619517e+01 2.722131920509976086e-02 9.996161680302143582e-01 5.159206630299512618e-03 1.755327194022265225e+00 7.300928976336103909e-03 -5.359794222598750386e-03 9.999589328623714746e-01 1.188036918927027008e+00
9.996366107553498193e-01 -2.692405617011513555e-02 -1.323663239978214914e-03 5.967733511992309303e+01 2.692928863549895468e-02 9.996289355289043055e-01 4.107774025061718993e-03 1.797966081591083176e+00 1.212574646041494507e-03 -4.141927965961448091e-03 9.999906537157458031e-01 1.203963537910153869e+00
9.996412519825547127e-01 -2.678378022189783700e-02 5.005361694581683159e-05 6.075993636631229577e+01 2.678356825131400845e-02 9.996382984391477544e-01 2.448998987760854420e-03 1.836330957287441112e+00 -1.156292873264757904e-04 -2.446780292202332171e-03 9.999969495782973228e-01 1.217275672582641466e+00
9.996427540512820009e-01 -2.654892584838136269e-02 -3.085419978568594481e-03 6.183842778783516536e+01 2.654674903173102549e-02 9.996472827917042281e-01 -7.438274649770437036e-04 1.870296543744929041e+00 3.104079482075315036e-03 6.616540180211020984e-04 9.999949631570139719e-01 1.224314879640337583e+00
9.996282630499919719e-01 -2.652101994668188203e-02 -6.322582148171418046e-03 6.291571187468562698e+01 2.650469323267572175e-02 9.996451817120823868e-01 -2.652899915651159724e-03 1.902679699932522395e+00 6.390698116476494460e-03 2.484336280307358237e-03 9.999764552379255544e-01 1.233407144226581487e+00
9.995955659244318836e-01 -2.655631191237610433e-02 -1.017415996134179469e-02 6.399408962782629118e+01 2.655053735630156023e-02 9.996472549453870871e-01 -7.023988127680007082e-04 1.940815517814529656e+00 1.018923036993781700e-02 4.319852105110062691e-04 9.999479791301809639e-01 1.248023571550718858e+00
9.995385948282879962e-01 -2.650648011361175435e-02 -1.483214627270508512e-02 6.507485309316457744e+01 2.648763467172685765e-02 9.996480627405667230e-01 -1.465740651688817592e-03 1.976552595974736315e+00 1.486577395178120126e-02 1.072195979320687441e-03 9.998889424311453444e-01 1.263430380371308726e+00
9.995398425203178006e-01 -2.591547566211497081e-02 -1.576121590302723488e-02 6.615902756364916115e+01 2.594742856403310302e-02 9.996616199645457224e-01 1.826139433016578601e-03 2.015278619058436416e+00 1.570855766938018469e-02 -2.234262229393318023e-03 9.998741375151365407e-01 1.281716985349162341e+00
9.996168234256196383e-01 -2.485899399239027002e-02 -1.217863961641590421e-02 6.725073017000998732e+01 2.494192700819218220e-02 9.996663774555351045e-01 6.706290332480762707e-03 2.058203671313940220e+00 1.200786729004028018e-02 -7.007480180319051316e-03 9.999032991188454567e-01 1.304865735080160016e+00
9.996469681367640137e-01 -2.472427654479238124e-02 -9.728888853442958437e-03 6.833901615771891613e+01 2.480426121951926841e-02 9.996587565091836769e-01 8.188759002057585321e-03 2.096203816117465202e+00 9.523109479840568409e-03 -8.427186955160384518e-03 9.999190753540524446e-01 1.326346753830984992e+00
9.996455714982316332e-01 -2.489584636372969492e-02 -9.435390967942170956e-03 6.942410855601082176e+01 2.496656867194257598e-02 9.996604917135594182e-01 7.453156591879619812e-03 2.129450724333636913e+00 9.246635987341376636e-03 -7.686084689763713305e-03 9.999276367882088401e-01 1.342173146822400076e+00
9.996578954846917497e-01 -2.474625375501860250e-02 -8.468994000727505383e-03 7.051143762092306133e+01 2.479733490099711099e-02 9.996746544204024865e-01 5.980767469381139539e-03 2.160958986643284785e+00 8.318238425064329589e-03 -6.188731535750382692e-03 9.999462500949058974e-01 1.360962492761277343e+00
9.996613715215758589e-01 -2.504730371393931038e-02 -7.062389914023696653e-03 7.159502407075012798e+01 2.508197124427154895e-02 9.996735396882718838e-01 4.864197546042761146e-03 2.192803132265355170e+00 6.938250755572658232e-03 -5.039688702416225512e-03 9.999631887901521132e-01 1.378421141864385913e+00
9.996649818215507244e-01 -2.535910836403703489e-02 -5.178015539486246696e-03 7.267862264961738106e+01 2.537640157345086994e-02 9.996725185314615514e-01 3.301207900231205999e-03 2.226673277716479493e+00 5.092604641217062661e-03 -3.431501514898092908e-03 9.999810996469876700e-01 1.400744345145870540e+00
9.996550203152743119e-01 -2.607339399083564296e-02 -3.176478658381221443e-03 7.375791055914581307e+01 2.608026558997206604e-02 9.996575462949649493e-01 2.139483460620099104e-03 2.264496936809822003e+00 3.119606694409846059e-03 -2.221588288163154398e-03 9.999926333897606323e-01 1.426002211767438466e+00
9.996356665107706263e-01 -2.666349066809870980e-02 -4.206936822046252779e-03 7.483167490304929004e+01 2.666955334668220934e-02 9.996433400922275503e-01 1.389477811639993569e-03 2.301616636800690507e+00 4.168388726702703523e-03 -1.501169470966600252e-03 9.999901933970016810e-01 1.448727871654254873e+00
9.995979044291941618e-01 -2.717703757280746923e-02 -8.090949159406038774e-03 7.589998293093877635e+01 2.718993623746294996e-02 9.996291864984838682e-01 1.489148586077661696e-03 2.342550742400042907e+00 8.047478979263300927e-03 -1.708542426764107303e-03 9.999661090723219736e-01 1.470140199308042295e+00
9.995577986946833082e-01 -2.782131582519159832e-02 -1.049393449245726063e-02 7.696794177303704032e+01 2.784374560276219740e-02 9.996102526565269208e-01 1.997332692144585236e-03 2.384134015446886856e+00 1.043428513581091607e-02 -2.288639514863161518e-03 9.999429486487896312e-01 1.493554509113101059e+00
9.995589578904591210e-01 -2.832101152301744890e-02 -8.937094313506777424e-03 7.803238392416666613e+01 2.835859168026510016e-02 9.995893590773470283e-01 4.106457001413980901e-03 2.432086173154501818e+00 8.817126729841483906e-03 -4.358090353731942403e-03 9.999515830321941134e-01 1.523081747367937666e+00
9.995702770770510392e-01 -2.890814643572631529e-02 -4.858486628453896096e-03 7.910277939432715755e+01 2.893325020109680998e-02 9.995679727366187928e-01 5.179390376020219164e-03 2.478437506295187109e+00 4.706661060563125699e-03 -5.317736950334453483e-03 9.999747501863300858e-01 1.551592992161727524e+00
9.995640188956379513e-01 -2.951797927595107424e-02 -6.811555937969398069e-04 8.016824722393587876e+01 2.952192312973279248e-02 9.995411261805270398e-01 6.782081773933205417e-03 2.525756430549016773e+00 4.806496401084117361e-04 -6.799235147891038653e-03 9.999767549238347542e-01 1.578289766922265080e+00
9.995520933929281648e-01 -2.992385278389150804e-02 3.912580474503743726e-04 8.122871345866192883e+01 2.991980566029378910e-02 9.995208704627682739e-01 7.930358651023792366e-03 2.570808913043542532e+00 -6.283777902978724501e-04 -7.915101438446286997e-03 9.999684361443036407e-01 1.596940819780467313e+00
9.995343686175012232e-01 -3.045191028592066779e-02 -1.916372345939902546e-03 8.228291626589943064e+01 3.046583560980529320e-02 9.995060950865559679e-01 7.713845925461474372e-03 2.614866555055288089e+00 1.680524863184431348e-03 -7.768638539352134588e-03 9.999684362959427864e-01 1.612209239404023497e+00
9.995125203695151006e-01 -3.107989792761595843e-02 -2.968436198492165490e-03 8.332958542851034167e+01 3.110132002527528361e-02 9.994883470903958012e-01 7.464223074249176984e-03 2.658098270936321228e+00 2.734930880770920173e-03 -7.552907318203660667e-03 9.999677325400889716e-01 1.630200560718142677e+00
9.994977542908539681e-01 -3.157367617230392998e-02 -2.727029679760594773e-03 8.436822403925583558e+01 3.159243733357362804e-02 9.994753286350608334e-01 7.135319463472854055e-03 2.701158958632587925e+00 2.500310300780449971e-03 -7.217890103712299409e-03 9.999708170740850832e-01 1.645132961273128247e+00
9.994754678048026753e-01 -3.229126800034826106e-02 -2.479432190140773082e-03 8.539292052389382093e+01 3.230535263764638260e-02 9.994607962920496469e-01 5.865874622930585675e-03 2.742139575151287811e+00 2.288679091127325798e-03 -5.942897963650646195e-03 9.999797359031475930e-01 1.661283169463097620e+00
9.994569392369709870e-01 -3.294094959883332729e-02 -8.754122233927154589e-04 8.640360880706329283e+01 3.294453813250677182e-02 9.994472240845144739e-01 4.466739783104762412e-03 2.783879796704748610e+00 7.277896525391927725e-04 -4.493155055722761020e-03 9.999896366785145929e-01 1.676034053492825748e+00
9.994406062249172606e-01 -3.340072237623125523e-02 1.719599094259587155e-03 8.739709642710229787e+01 3.339233830040620049e-02 9.994313422199118113e-01 4.693608880821411623e-03 2.828437421971688348e+00 -1.875391837661572391e-03 -4.633561509124010762e-03 9.999874515551707699e-01 1.692550854366639435e+00
9.994044834370876540e-01 -3.436757281568710021e-02 3.105392664700893941e-03 8.836890053801982958e+01 3.435518641798392808e-02 9.994018156897170879e-01 3.957234787795053596e-03 2.872394653230938566e+00 -3.239536478188527729e-03 -3.848191675569433666e-03 9.999873008731953172e-01 1.709457737448712766e+00
9.993326275103264766e-01 -3.638892716030192598e-02 3.183978156854616170e-03 8.932132371913336044e+01 3.637960816884676374e-02 9.993337376545993189e-01 2.939619856817773502e-03 2.919605020215630287e+00 -3.288827504640234791e-03 -2.821826058136767037e-03 9.999906348350739993e-01 1.729045879320910473e+00
9.992096555009918335e-01 -3.966079003706859951e-02 2.650124972749345713e-03 9.025129307039800608e+01 3.965536997620287135e-02 9.992112647867892328e-01 2.067573606834584386e-03 2.966062239072765561e+00 -2.730036842874395634e-03 -1.960848190623056680e-03 9.999942797122187699e-01 1.748245017657869660e+00
9.990688222413354191e-01 -4.310788253402835640e-02 1.771300614571421272e-03 9.115612269773319554e+01 4.310413762701489210e-02 9.990683757206750837e-01 2.102025195803498402e-03 3.016637760473543040e+00 -1.860264353234542239e-03 -2.023718341378115751e-03 9.999962020379894456e-01 1.767682348737082965e+00
9.989307383938318408e-01 -4.620341564453362554e-02 1.630096327999002673e-03 9.204031273931416024e+01 4.620057313192101750e-02 9.989306820505216011e-01 1.740149917918949046e-03 3.066402370851541548e+00 -1.708754596279655254e-03 -1.662978542291109873e-03 9.999971795556464871e-01 1.786538885993557146e+00
9.987756533078947507e-01 -4.936925108848816413e-02 3.144136863921123508e-03 9.290072884339660675e+01 4.936045106820643319e-02 9.987770423849772206e-01 2.815631196272989478e-03 3.123450762445254547e+00 -3.279297217702923858e-03 -2.656987515709282113e-03 9.999911043071280092e-01 1.813435323345433892e+00
9.986178621000216804e-01 -5.240531911472162685e-02 4.018216570522183985e-03 9.373869836689537749e+01 5.238989637398153154e-02 9.986192973453112964e-01 3.851754338404081001e-03 3.179967078462201613e+00 -4.214521976584041651e-03 -3.635916918373909793e-03 9.999844405546669535e-01 1.834287424159116275e+00
9.984520999537563890e-01 -5.534217329050614836e-02 5.533069958953547481e-03 9.455157662557671472e+01 5.531571752885932475e-02 9.984572225456627148e-01 4.825236403459507231e-03 3.240875596539262826e+00 -5.791574513784837445e-03 -4.511702754133796456e-03 9.999729775005810062e-01 1.854694218336201406e+00
9.982922721940600264e-01 -5.807444021520492827e-02 6.314910091028717518e-03 9.533630532520133727e+01 5.803445780392682551e-02 9.982944290187086844e-01 6.341248098749402602e-03 3.300810608813871561e+00 -6.672405632999775169e-03 -5.963936860634514586e-03 9.999598987872313494e-01 1.870426312292198689e+00
9.981447806274021950e-01 -6.050531894255611887e-02 6.785876563267068985e-03 9.609452293564515912e+01 6.044725228414375012e-02 9.981356026627814515e-01 8.457973337193424798e-03 3.365731183693625894e+00 -7.284978332571941453e-03 -8.032095304771389929e-03 9.999412167098163939e-01 1.890409090865960762e+00
9.979835795180165281e-01 -6.321611725525340397e-02 5.708751605098717416e-03 9.681996498679026786e+01 6.315479059484230273e-02 9.979500774228143856e-01 1.035133373479887701e-02 3.429556919344711297e+00 -6.351422584004689023e-03 -9.969926478803193756e-03 9.999301430591690520e-01 1.910861118820739613e+00
9.978323795607023650e-01 -6.577038241212472547e-02 2.186118727967353414e-03 9.751596943212297219e+01 6.574049178121704751e-02 9.977680913190941636e-01 1.170949980845901496e-02 3.491974271996706403e+00 -2.951377954120640822e-03 -1.154040018007164957e-02 9.999290291202035386e-01 1.930805089805217811e+00
9.976692937891302737e-01 -6.820883965466413568e-02 -1.877550899163623298e-03 9.817907578653445455e+01 6.822848175655446545e-02 9.975718309226843106e-01 1.397706861654651918e-02 3.553687842515554252e+00 9.196325206676335537e-04 -1.407259178084276433e-02 9.999005752881853226e-01 1.947710436954162239e+00
9.975091528499498983e-01 -7.037748712370195392e-02 -4.747292991376913900e-03 9.881445836774864233e+01 7.044492828778428639e-02 9.973878605048122070e-01 1.597082185267692869e-02 3.612841898543677654e+00 3.610906848087330930e-03 -1.626546392058352344e-02 9.998611866452378205e-01 1.968538868281545451e+00
9.974323414332136872e-01 -7.135486152345466015e-02 -6.097282216844406022e-03 9.941868155691879849e+01 7.145203428669369417e-02 9.972892658957823731e-01 1.756998938669547192e-02 3.668853195051774652e+00 4.827050863688483844e-03 -1.796053750425294360e-02 9.998269926710039446e-01 1.991618662763619430e+00
9.974925423954679182e-01 -7.053970875149480346e-02 -5.729540545924109718e-03 1.000010033768816413e+02 7.064155129879814976e-02 9.972989971911928597e-01 2.011290011579907472e-02 3.724509913471173217e+00 4.295306888561440176e-03 -2.046722135354933636e-02 9.997812604133389236e-01 2.014942257031171025e+00
9.976899560099198316e-01 -6.779952425391444493e-02 -4.232467178914117202e-03 1.005625659729203250e+02 6.788149985738618775e-02 9.974087564573950182e-01 2.382860286176729028e-02 3.778271691270554289e+00 2.605932382604624672e-03 -2.406086382888143055e-02 9.997070875326848904e-01 2.040420597319855478e+00
9.980430908217599040e-01 -6.247408893993701418e-02 -2.652549367856538772e-03 1.011001486109604173e+02 6.252271858267671734e-02 9.976864214878985448e-01 2.669851067843444919e-02 3.824185460034500661e+00 9.784467782940602792e-04 -2.681211278444895624e-02 9.996399876903415693e-01 2.062853222452476931e+00
9.984667734497723046e-01 -5.534995583822245602e-02 -7.412909473579691166e-04 1.016167051397846421e+02 5.534934248084445729e-02 9.980864772289625986e-01 2.756551160114954074e-02 3.860279436969969336e+00 -7.858783572468256004e-04 -2.756427800849284987e-02 9.996196493212650136e-01 2.081850460687304061e+00
9.989438865642024101e-01 -4.590339545289041923e-02 1.993861857167102472e-03 1.021109797381762263e+02 4.583149903971177330e-02 9.985718797512747047e-01 2.745478053661843873e-02 3.887014503555677347e+00 -3.251282334626431035e-03 -2.733441275891170322e-02 9.996210336845229305e-01 2.097691643956920871e+00
9.994049283359571767e-01 -3.429275711969363011e-02 3.724907946760595660e-03 1.025846489433807420e+02 3.417967229552378722e-02 9.990491916445038978e-01 2.706605804814764260e-02 3.908432834489477870e+00 -4.649537289889741146e-03 -2.692264314833463928e-02 9.996266800195388047e-01 2.118986714579135899e+00
9.997711088948533220e-01 -2.097573102750482921e-02 4.219302246822845444e-03 1.030352239324118813e+02 2.085756196319018749e-02 9.994356555627149641e-01 2.633333486787567401e-02 3.921234584568392467e+00 -4.769282078905404468e-03 -2.623930686105540103e-02 9.996443355424315946e-01 2.137982936896031028e+00
9.999742963871508517e-01 -6.021518613041443140e-03 3.900908408329341933e-03 1.034668700878826826e+02 5.917787339720981254e-03 9.996423552944306845e-01 2.607885553201566911e-02 3.925449936126527817e+00 -4.056548211868162869e-03 -2.605510120318324865e-02 9.996522483184184793e-01 2.159589467164487964e+00
9.999294143959192027e-01 1.178413593123226258e-02 1.533093980580531182e-03 1.038878300644638557e+02 -1.181841793106635022e-02 9.996251435790541873e-01 2.469476560952033745e-02 3.918707364645861890e+00 -1.241513207577049811e-03 -2.471114402231146950e-02 9.996938420250267576e-01 2.175909424043171558e+00
9.994595985678607075e-01 3.277513195506746857e-02 -2.496068372664852694e-03 1.042995038029795865e+02 -3.270583294944306996e-02 9.991761753026283666e-01 2.402905705045008805e-02 3.902718337508550572e+00 3.281568678951162117e-03 -2.393444154952832637e-02 9.997081261295107657e-01 2.196023408364230711e+00
9.983556410709532036e-01 5.690196604365355126e-02 -6.949186810977689942e-03 1.047000644600591670e+02 -5.673729941702471830e-02 9.981477578585825627e-01 2.195517531277369622e-02 3.872667678392854196e+00 8.185608988068367176e-03 -2.152479454213390361e-02 9.997348010704640853e-01 2.210396219860178757e+00
9.964262756671011800e-01 8.395110527935747968e-02 -9.318356550985885250e-03 1.050982803918201540e+02 -8.375597620477194527e-02 9.962923864353735448e-01 1.965903034476465527e-02 3.829962696607794648e+00 1.093420421396875883e-02 -1.880830500909601993e-02 9.997633378975250285e-01 2.231153373774637849e+00
9.934781008130689761e-01 1.135555049779743697e-01 -1.031470863848620544e-02 1.054820324737612225e+02 -1.133704866684698137e-01 9.934067295891861882e-01 1.703702493136773077e-02 3.774391502233144458e+00 1.218135460612690749e-02 -1.575653283758502235e-02 9.998016695977448576e-01 2.245528812483600145e+00
9.892608583962935187e-01 1.456850778838447713e-01 -1.178520520828696405e-02 1.058634959365506347e+02 -1.455090619224880255e-01 9.892487845947774971e-01 1.462443783874476690e-02 3.705086678499981634e+00 1.378906938983921054e-02 -1.275252987007153248e-02 9.998235570089286650e-01 2.263969211377890645e+00
9.833926420539310653e-01 1.809782428589043757e-01 -1.363277765900948631e-02 1.062289012367509287e+02 -1.808210199262849371e-01 9.834427762040923726e-01 1.200594396200660614e-02 3.621659709365462554e+00 1.557987919794815226e-02 -9.341465667002554069e-03 9.998349817419763808e-01 2.281680761335694196e+00
9.755899406990428124e-01 2.191240504271063927e-01 -1.445498387099695276e-02 1.065946683039938989e+02 -2.190172381653463229e-01 9.756829426314784781e-01 8.618034431142139462e-03 3.522203157296992071e+00 1.599189856589259412e-02 -5.241777809839806741e-03 9.998583166694785529e-01 2.302741907270861699e+00
9.657799950386414256e-01 2.588910109673811522e-01 -1.563423029373288767e-02 1.069406743210707731e+02 -2.588254754840284555e-01 9.659047770714203063e-01 6.114385213221490770e-03 3.408996443789604758e+00 1.668413710400055636e-02 -1.858612965673825564e-03 9.998590278899380790e-01 2.318596063939556640e+00
9.537355811770783509e-01 3.001950093536105424e-01 -1.647291185949022185e-02 1.072868386836593544e+02 -3.001263740515536238e-01 9.538769253972013695e-01 6.551566945048556759e-03 3.286109481450106617e+00 1.767988655637072262e-02 -1.304506519188780925e-03 9.998427934257204663e-01 2.337452989540866888e+00
9.387747435794298045e-01 3.441559792622825298e-01 -1.608565991684453994e-02 1.076244655627826035e+02 -3.440551778526163562e-01 9.389086722967235898e-01 8.747576025205603192e-03 3.150803750332028752e+00 1.811349685217498312e-02 -2.677649345434086978e-03 9.998322841238463932e-01 2.352263812776063556e+00
9.212443535161709551e-01 3.886942357379733481e-01 -1.502343463506902385e-02 1.079420255065054874e+02 -3.886044373800243146e-01 9.213644058551512250e-01 8.614719847436792463e-03 2.997773696364656182e+00 1.719055249754682796e-02 -2.098087917920429119e-03 9.998500406286778830e-01 2.366743596756863521e+00
9.014054214558060441e-01 4.327516819326671649e-01 -1.393854624864758994e-02 1.082579763946044409e+02 -4.326826769779090753e-01 9.015126664446508897e-01 7.788176891547027129e-03 2.826584852722211050e+00 1.593613391557175893e-02 -9.893347584603708143e-04 9.998725120995431981e-01 2.379399931964878867e+00
8.786517055463468617e-01 4.772308710848374158e-01 -1.489419244316856489e-02 1.085478421179659847e+02 -4.771906930355799270e-01 8.787766929784950332e-01 6.371693980224507788e-03 2.641927514990753512e+00 1.612944872876623248e-02 1.508873024903652476e-03 9.998687014751579394e-01 2.391766352949352026e+00
8.538221607188107853e-01 5.202863918284194034e-01 -1.702340419457962217e-02 1.088366927599163176e+02 -5.202555062593395840e-01 8.539855798453886981e-01 6.544145004756341498e-03 2.444675491954470203e+00 1.794257574969284827e-02 3.268987076670632191e-03 9.998336594358007146e-01 2.404600806962276405e+00
