1.000000000000000000e+00 0.000000000000000000e+00 0.000000000000000000e+00 0.000000000000000000e+00 0.000000000000000000e+00 1.000000000000000000e+00 0.000000000000000000e+00 0.000000000000000000e+00 0.000000000000000000e+00 0.000000000000000000e+00 1.000000000000000000e+00 0.000000000000000000e+00 0.000000000000000000e+00 0.000000000000000000e+00 0.000000000000000000e+00 1.000000000000000000e+00
9.999985500000000416e-01 -1.516629200000000092e-03 -7.727715400000000154e-04 5.588486400000000076e-01 1.515016199999999957e-03 9.999966799999999711e-01 -2.083606100000000034e-03 1.198777199999999897e-03 7.759290299999999519e-04 2.082432300000000049e-03 9.999975300000000233e-01 1.101980500000000057e-02 0.000000000000000000e+00 0.000000000000000000e+00 0.000000000000000000e+00 1.000000000000000000e+00
9.999951500000000548e-01 -2.308577899999999898e-03 -2.089087099999999923e-03 1.125208299999999939e+00 2.304045599999999996e-03 9.999949900000000280e-01 -2.169332400000000081e-03 4.965002100000000078e-03 2.094084700000000202e-03 2.164508500000000054e-03 9.999954599999999472e-01 2.192665900000000112e-02 0.000000000000000000e+00 0.000000000000000000e+00 0.000000000000000000e+00 1.000000000000000000e+00
9.999831700000000323e-01 -4.373179999999999949e-03 -3.811886799999999846e-03 1.677402400000000071e+00 4.363602700000000084e-03 9.999873099999999626e-01 -2.517163399999999916e-03 8.662466799999999148e-03 3.822846400000000106e-03 2.500487500000000193e-03 9.999895699999999943e-01 2.998217599999999927e-02 0.000000000000000000e+00 0.000000000000000000e+00 0.000000000000000000e+00 1.000000000000000000e+00
9.999637399999999898e-01 -6.600133400000000351e-03 -5.381592299999999815e-03 2.232802200000000070e+00 6.575459900000000385e-03 9.999678499999999914e-01 -4.589679699999999959e-03 1.223670900000000013e-02 5.411711799999999878e-03 4.554126799999999760e-03 9.999749900000000080e-01 4.031382399999999810e-02 0.000000000000000000e+00 0.000000000000000000e+00 0.000000000000000000e+00 1.000000000000000000e+00
9.999422599999999717e-01 -7.929939000000000432e-03 -7.252501500000000344e-03 2.797735499999999931e+00 7.876433800000000665e-03 9.999417699999999520e-01 -7.376538999999999666e-03 9.937475600000000506e-03 7.310574799999999644e-03 7.318989199999999772e-03 9.999464900000000211e-01 5.049449500000000035e-02 0.000000000000000000e+00 0.000000000000000000e+00 0.000000000000000000e+00 1.000000000000000000e+00
9.999231899999999618e-01 -9.461567699999999526e-03 -8.005231599999999142e-03 3.356822900000000054e+00 9.394475799999999627e-03 9.999207799999999535e-01 -8.377514799999999373e-03 1.887495499999999882e-02 8.083861799999999750e-03 8.301666399999999349e-03 9.999328600000000344e-01 6.167499099999999845e-02 0.000000000000000000e+00 0.000000000000000000e+00 0.000000000000000000e+00 1.000000000000000000e+00
9.999140399999999484e-01 -1.082892100000000003e-02 -7.392059099999999904e-03 3.940205600000000086e+00 1.076548400000000051e-02 9.999053399999999758e-01 -8.568182400000000712e-03 2.615288099999999935e-02 7.484143500000000129e-03 8.487866800000000433e-03 9.999359700000000073e-01 7.155541799999999564e-02 0.000000000000000000e+00 0.000000000000000000e+00 0.000000000000000000e+00 1.000000000000000000e+00
9.998981900000000200e-01 -1.203136399999999925e-02 -7.671811899999999608e-03 4.517778299999999803e+00 1.196411699999999981e-02 9.998901300000000436e-01 -8.751908799999999489e-03 3.730499999999999788e-02 7.776266399999999697e-03 8.659231300000000409e-03 9.999322699999999564e-01 8.250342300000000628e-02 0.000000000000000000e+00 0.000000000000000000e+00 0.000000000000000000e+00 1.000000000000000000e+00
9.998607699999999543e-01 -1.299690000000000047e-02 -1.046499000000000040e-02 5.115855400000000053e+00 1.290964699999999979e-02 9.998816999999999844e-01 -8.362477400000000241e-03 4.624606400000000339e-02 1.057243899999999945e-02 8.226213700000000253e-03 9.999102699999999899e-01 9.893502099999999799e-02 0.000000000000000000e+00 0.000000000000000000e+00 0.000000000000000000e+00 1.000000000000000000e+00
9.997916500000000317e-01 -1.469457400000000018e-02 -1.416792300000000067e-02 5.708455500000000349e+00 1.459661599999999976e-02 9.998690099999999470e-01 -6.992912700000000238e-03 6.428923000000000276e-02 1.426882500000000061e-02 6.784651899999999923e-03 9.998751799999999745e-01 1.112217499999999942e-01 0.000000000000000000e+00 0.000000000000000000e+00 0.000000000000000000e+00 1.000000000000000000e+00
9.997135900000000408e-01 -1.590654299999999868e-02 -1.788083700000000012e-02 6.318580599999999770e+00 1.581231099999999903e-02 9.998603999999999825e-01 -5.399084499999999912e-03 7.720088599999999635e-02 1.796422099999999897e-02 5.114800800000000348e-03 9.998255499999999518e-01 1.208349999999999980e-01 0.000000000000000000e+00 0.000000000000000000e+00 0.000000000000000000e+00 1.000000000000000000e+00
9.996980600000000550e-01 -1.680256100000000058e-02 -1.792963300000000038e-02 6.946000999999999870e+00 1.674112499999999906e-02 9.998534799999999612e-01 -3.571106399999999809e-03 9.253377599999999814e-02 1.798701000000000119e-02 3.269865900000000145e-03 9.998328699999999847e-01 1.366529599999999900e-01 0.000000000000000000e+00 0.000000000000000000e+00 0.000000000000000000e+00 1.000000000000000000e+00
9.997619300000000209e-01 -1.840722800000000117e-02 -1.171553000000000004e-02 7.586550299999999858e+00 1.839450299999999955e-02 9.998301000000000549e-01 -1.192962299999999988e-03 1.129483200000000048e-01 1.173549899999999993e-02 9.771769100000000062e-04 9.999306599999999712e-01 1.424963099999999872e-01 0.000000000000000000e+00 0.000000000000000000e+00 0.000000000000000000e+00 1.000000000000000000e+00
9.998253400000000068e-01 -1.864880600000000041e-02 -1.226408000000000012e-03 8.253826699999999406e+00 1.864834199999999831e-02 9.998260300000000322e-01 -3.887698899999999852e-04 1.285944800000000110e-01 1.233444700000000012e-03 3.658315199999999834e-04 9.999991700000000483e-01 1.599301800000000051e-01 0.000000000000000000e+00 0.000000000000000000e+00 0.000000000000000000e+00 1.000000000000000000e+00
9.997841400000000434e-01 -1.993340000000000042e-02 5.858766100000000095e-03 8.923171999999999215e+00 1.993130699999999880e-02 9.998012699999999642e-01 4.154151800000000188e-04 1.463793499999999914e-01 -5.865882400000000350e-03 -2.985526399999999876e-04 9.999827500000000313e-01 1.699286100000000077e-01 0.000000000000000000e+00 0.000000000000000000e+00 0.000000000000000000e+00 1.000000000000000000e+00
9.997587999999999475e-01 -2.127448100000000134e-02 5.453943999999999633e-03 9.597651300000000774e+00 2.126217500000000121e-02 9.997712800000000399e-01 2.304608100000000125e-03 1.685365500000000072e-01 -5.501725899999999718e-03 -2.188089600000000037e-03 9.999824699999999567e-01 1.865977799999999909e-01 0.000000000000000000e+00 0.000000000000000000e+00 0.000000000000000000e+00 1.000000000000000000e+00
9.997688399999999920e-01 -2.140480499999999897e-02 -2.024769100000000082e-03 1.028952499999999937e+01 2.141479900000000172e-02 9.997579199999999666e-01 5.049730599999999875e-03 1.906690000000000051e-01 1.916190400000000044e-03 -5.091923299999999604e-03 9.999852000000000185e-01 1.878138500000000044e-01 0.000000000000000000e+00 0.000000000000000000e+00 0.000000000000000000e+00 1.000000000000000000e+00
9.996977599999999908e-01 -2.308427799999999974e-02 -8.455860699999999744e-03 1.099679099999999998e+01 2.312616500000000061e-02 9.997205999999999593e-01 4.889783400000000113e-03 2.134975899999999871e-01 8.340620999999999452e-03 -5.083857199999999854e-03 9.999522899999999659e-01 1.845186500000000063e-01 0.000000000000000000e+00 0.000000000000000000e+00 0.000000000000000000e+00 1.000000000000000000e+00
9.996905999999999848e-01 -2.371691800000000003e-02 -7.497097299999999978e-03 1.172759600000000013e+01 2.374162999999999968e-02 9.997129300000000551e-01 3.224567499999999969e-03 2.303669200000000028e-01 7.418468200000000179e-03 -3.401563099999999843e-03 9.999666999999999861e-01 1.872008799999999862e-01 0.000000000000000000e+00 0.000000000000000000e+00 0.000000000000000000e+00 1.000000000000000000e+00
9.996888800000000019e-01 -2.486336800000000027e-02 1.988816300000000124e-03 1.248524899999999960e+01 2.485998199999999922e-02 9.996894800000000192e-01 1.709288999999999904e-03 2.470381000000000105e-01 -2.030697399999999847e-03 -1.659315200000000034e-03 9.999965600000000343e-01 1.966719500000000120e-01 0.000000000000000000e+00 0.000000000000000000e+00 0.000000000000000000e+00 1.000000000000000000e+00
9.996597600000000083e-01 -2.416467200000000162e-02 9.819599000000000036e-03 1.328753599999999935e+01 2.415666299999999836e-02 9.997077500000000061e-01 9.333819800000000416e-04 2.873648799999999892e-01 -9.839284099999999825e-03 -6.958556599999999627e-04 9.999513500000000166e-01 1.949222100000000124e-01 0.000000000000000000e+00 0.000000000000000000e+00 0.000000000000000000e+00 1.000000000000000000e+00
9.996139800000000131e-01 -2.486098100000000075e-02 1.240276199999999947e-02 1.408114899999999992e+01 2.486040700000000103e-02 9.996909099999999881e-01 2.005010999999999903e-04 3.269186099999999984e-01 -1.240391300000000079e-02 1.079139999999999971e-04 9.999230599999999747e-01 1.961611000000000049e-01 0.000000000000000000e+00 0.000000000000000000e+00 0.000000000000000000e+00 1.000000000000000000e+00
9.996270200000000328e-01 -2.476250500000000063e-02 1.151649400000000038e-02 1.489030099999999912e+01 2.478698199999999907e-02 9.996907800000000011e-01 -1.987482100000000085e-03 3.543660200000000038e-01 -1.146371799999999948e-02 2.272199999999999828e-03 9.999317100000000291e-01 1.930660299999999996e-01 0.000000000000000000e+00 0.000000000000000000e+00 0.000000000000000000e+00 1.000000000000000000e+00
9.996730200000000233e-01 -2.392227699999999874e-02 9.032047300000000181e-03 1.572100099999999934e+01 2.394359899999999944e-02 9.997107600000000316e-01 -2.260071900000000088e-03 3.765742899999999782e-01 -8.975368799999999467e-03 2.475592600000000188e-03 9.999566600000000527e-01 1.899443500000000118e-01 0.000000000000000000e+00 0.000000000000000000e+00 0.000000000000000000e+00 1.000000000000000000e+00
9.997091799999999751e-01 -2.348828099999999974e-02 5.464100999999999854e-03 1.655439300000000102e+01 2.348829499999999931e-02 9.997241100000000547e-01 6.163436699999999698e-05 4.146413099999999852e-01 -5.464041200000000278e-03 6.672597299999999724e-05 9.999850700000000314e-01 1.762085399999999968e-01 0.000000000000000000e+00 0.000000000000000000e+00 0.000000000000000000e+00 1.000000000000000000e+00
9.997620299999999682e-01 -2.181209599999999957e-02 3.267615999999999988e-04 1.741567999999999827e+01 2.181278600000000067e-02 9.997594600000000442e-01 -2.283624299999999826e-03 4.402288500000000049e-01 -2.768723699999999866e-04 2.290208399999999877e-03 9.999973399999999568e-01 1.811450300000000124e-01 0.000000000000000000e+00 0.000000000000000000e+00 0.000000000000000000e+00 1.000000000000000000e+00
9.997472400000000370e-01 -2.168381100000000075e-02 -5.938184099999999598e-03 1.827536299999999869e+01 2.165341000000000141e-02 9.997523400000000171e-01 -5.137000200000000141e-03 4.636648600000000120e-01 6.048103200000000054e-03 5.007119800000000252e-03 9.999691699999999628e-01 1.894206700000000132e-01 0.000000000000000000e+00 0.000000000000000000e+00 0.000000000000000000e+00 1.000000000000000000e+00
9.997444100000000278e-01 -1.968407499999999880e-02 -1.111998500000000063e-02 1.918302200000000113e+01 1.963958099999999971e-02 9.997987299999999689e-01 -4.096393999999999730e-03 4.988315300000000230e-01 1.119838100000000031e-02 3.876955100000000105e-03 9.999297799999999903e-01 2.011506299999999969e-01 0.000000000000000000e+00 0.000000000000000000e+00 0.000000000000000000e+00 1.000000000000000000e+00
9.997231199999999651e-01 -1.988267000000000159e-02 -1.258416000000000048e-02 2.008302400000000176e+01 1.985276100000000002e-02 9.997998000000000163e-01 -2.497243100000000153e-03 5.287942500000000212e-01 1.263129200000000056e-02 2.246721399999999837e-03 9.999177000000000204e-01 2.029098599999999974e-01 0.000000000000000000e+00 0.000000000000000000e+00 0.000000000000000000e+00 1.000000000000000000e+00
9.997284199999999510e-01 -2.003324100000000024e-02 -1.190612500000000004e-02 2.101313299999999984e+01 1.999972100000000155e-02 9.997956999999999539e-01 -2.927800099999999968e-03 5.573563499999999449e-01 1.196234600000000044e-02 2.688885700000000038e-03 9.999248299999999867e-01 2.185200999999999949e-01 0.000000000000000000e+00 0.000000000000000000e+00 0.000000000000000000e+00 1.000000000000000000e+00
9.997437900000000210e-01 -1.867907900000000121e-02 -1.278454499999999959e-02 2.197617999999999938e+01 1.865311199999999947e-02 9.998237100000000321e-01 -2.147438499999999948e-03 5.911315799999999898e-01 1.282240400000000079e-02 1.908416800000000075e-03 9.999159699999999873e-01 2.366777599999999870e-01 0.000000000000000000e+00 0.000000000000000000e+00 0.000000000000000000e+00 1.000000000000000000e+00
9.997112599999999905e-01 -1.868351099999999987e-02 -1.511057900000000072e-02 2.292833200000000105e+01 1.869721599999999914e-02 9.998249000000000164e-01 7.662086499999999981e-04 6.367983799999999972e-01 1.509361799999999962e-02 -1.048513199999999900e-03 9.998855399999999616e-01 2.549666999999999906e-01 0.000000000000000000e+00 0.000000000000000000e+00 0.000000000000000000e+00 1.000000000000000000e+00
9.997393700000000161e-01 -1.670186800000000166e-02 -1.556380700000000068e-02 2.393053000000000097e+01 1.678815999999999989e-02 9.998443200000000086e-01 5.430340399999999783e-03 6.779543599999999781e-01 1.547068799999999980e-02 -5.690212800000000321e-03 9.998641299999999621e-01 2.712784699999999938e-01 0.000000000000000000e+00 0.000000000000000000e+00 0.000000000000000000e+00 1.000000000000000000e+00
9.997643699999999578e-01 -1.568389800000000167e-02 -1.500748000000000013e-02 2.492117400000000060e+01 1.578192000000000136e-02 9.998547500000000143e-01 6.435528099999999856e-03 7.327698999999999740e-01 1.490436600000000049e-02 -6.670858499999999733e-03 9.998666699999999574e-01 2.883310199999999934e-01 0.000000000000000000e+00 0.000000000000000000e+00 0.000000000000000000e+00 1.000000000000000000e+00
9.997703999999999480e-01 -1.532956700000000054e-02 -1.497158200000000064e-02 2.592503299999999911e+01 1.544419200000000068e-02 9.998520699999999817e-01 7.570819799999999739e-03 7.557491100000000017e-01 1.485330999999999978e-02 -7.800305599999999770e-03 9.998592600000000274e-01 3.153281700000000187e-01 0.000000000000000000e+00 0.000000000000000000e+00 0.000000000000000000e+00 1.000000000000000000e+00
9.997691399999999451e-01 -1.565496200000000143e-02 -1.471729199999999987e-02 2.689676100000000147e+01 1.576696699999999979e-02 9.998473700000000131e-01 7.525440900000000301e-03 7.762313800000000263e-01 1.459723599999999955e-02 -7.755750599999999828e-03 9.998633799999999683e-01 3.329245499999999858e-01 0.000000000000000000e+00 0.000000000000000000e+00 0.000000000000000000e+00 1.000000000000000000e+00
9.997761800000000143e-01 -1.608353400000000002e-02 -1.374424599999999989e-02 2.789719300000000146e+01 1.619389699999999876e-02 9.998372100000000318e-01 7.956540399999999930e-03 8.038600999999999663e-01 1.361403899999999965e-02 -8.177332500000000434e-03 9.998738900000000429e-01 3.573466100000000090e-01 0.000000000000000000e+00 0.000000000000000000e+00 0.000000000000000000e+00 1.000000000000000000e+00
9.997952700000000137e-01 -1.636985100000000123e-02 -1.189282200000000081e-02 2.892648200000000003e+01 1.646954399999999916e-02 9.998296399999999640e-01 8.333574399999999979e-03 8.212833899999999465e-01 1.175437699999999988e-02 -8.527737599999999848e-03 9.998945500000000486e-01 3.805277000000000243e-01 0.000000000000000000e+00 0.000000000000000000e+00 0.000000000000000000e+00 1.000000000000000000e+00
9.997996099999999497e-01 -1.691287500000000082e-02 -1.070951799999999947e-02 2.992030499999999904e+01 1.700383199999999997e-02 9.998196299999999592e-01 8.459839599999999585e-03 8.499728600000000522e-01 1.056450599999999955e-02 -8.640247199999999406e-03 9.999068599999999529e-01 3.982825799999999972e-01 0.000000000000000000e+00 0.000000000000000000e+00 0.000000000000000000e+00 1.000000000000000000e+00
9.997903200000000101e-01 -1.696143599999999987e-02 -1.147321800000000031e-02 3.096139300000000105e+01 1.705982699999999963e-02 9.998180599999999529e-01 8.532916200000000700e-03 8.709061000000000163e-01 1.132640000000000036e-02 -8.726858100000000132e-03 9.998977700000000191e-01 4.240741199999999989e-01 0.000000000000000000e+00 0.000000000000000000e+00 0.000000000000000000e+00 1.000000000000000000e+00
9.997737300000000271e-01 -1.730840700000000135e-02 -1.236577900000000035e-02 3.196743000000000023e+01 1.744088499999999972e-02 9.997907799999999900e-01 1.068697799999999976e-02 8.931465899999999625e-01 1.217821699999999986e-02 -1.090023000000000034e-02 9.998664299999999727e-01 4.480210800000000160e-01 0.000000000000000000e+00 0.000000000000000000e+00 0.000000000000000000e+00 1.000000000000000000e+00
9.997806200000000088e-01 -1.729191899999999935e-02 -1.181939000000000080e-02 3.300918200000000269e+01 1.741768999999999956e-02 9.997918700000000269e-01 1.062231400000000076e-02 9.225102400000000369e-01 1.163324999999999949e-02 -1.082584999999999971e-02 9.998737300000000161e-01 4.676181999999999839e-01 0.000000000000000000e+00 0.000000000000000000e+00 0.000000000000000000e+00 1.000000000000000000e+00
9.998068500000000247e-01 -1.753757800000000158e-02 -8.871596199999999890e-03 3.407551899999999989e+01 1.762193899999999966e-02 9.997993800000000153e-01 9.522020600000000168e-03 9.468096599999999974e-01 8.702823199999999357e-03 -9.676516099999999190e-03 9.999153100000000016e-01 4.890792400000000262e-01 0.000000000000000000e+00 0.000000000000000000e+00 0.000000000000000000e+00 1.000000000000000000e+00
9.998166499999999735e-01 -1.830650299999999828e-02 -5.615020000000000081e-03 3.512579099999999954e+01 1.835988300000000045e-02 9.997852900000000487e-01 9.607127800000000301e-03 9.744678199999999846e-01 5.437941499999999692e-03 -9.708457499999999935e-03 9.999380900000000016e-01 5.064947300000000041e-01 0.000000000000000000e+00 0.000000000000000000e+00 0.000000000000000000e+00 1.000000000000000000e+00
9.998227899999999613e-01 -1.857127800000000009e-02 -3.082001200000000080e-03 3.620917000000000030e+01 1.859898800000000033e-02 9.997845100000000151e-01 9.219797199999999263e-03 9.989378599999999553e-01 2.910113599999999967e-03 -9.275485400000000116e-03 9.999527499999999458e-01 5.239212199999999653e-01 0.000000000000000000e+00 0.000000000000000000e+00 0.000000000000000000e+00 1.000000000000000000e+00
9.998199500000000128e-01 -1.881070099999999912e-02 -2.495153300000000057e-03 3.728065500000000299e+01 1.883303299999999902e-02 9.997798500000000255e-01 9.250829099999999944e-03 1.032908399999999949e+00 2.320589400000000208e-03 -9.296154799999999455e-03 9.999540999999999569e-01 5.364902200000000176e-01 0.000000000000000000e+00 0.000000000000000000e+00 0.000000000000000000e+00 1.000000000000000000e+00
9.998200699999999497e-01 -1.857235700000000114e-02 -3.858673099999999998e-03 3.836677799999999650e+01 1.860801100000000069e-02 9.997824899999999682e-01 9.419257599999999661e-03 1.060916299999999923e+00 3.682896000000000173e-03 -9.489365099999999206e-03 9.999481900000000145e-01 5.517802600000000224e-01 0.000000000000000000e+00 0.000000000000000000e+00 0.000000000000000000e+00 1.000000000000000000e+00
9.997919899999999638e-01 -1.991643300000000075e-02 -4.394661600000000432e-03 3.943515699999999669e+01 1.996074600000000143e-02 9.997479000000000227e-01 1.028099199999999921e-02 1.087340399999999985e+00 4.188792999999999683e-03 -1.036657399999999993e-02 9.999374899999999844e-01 5.671329999999999982e-01 0.000000000000000000e+00 0.000000000000000000e+00 0.000000000000000000e+00 1.000000000000000000e+00
9.997777199999999809e-01 -2.079816799999999882e-02 -3.455337699999999970e-03 4.051787600000000111e+01 2.083115699999999945e-02 9.997349500000000111e-01 9.802720399999999279e-03 1.112254199999999971e+00 3.250543199999999903e-03 -9.872520200000000148e-03 9.999459800000000120e-01 5.831603100000000151e-01 0.000000000000000000e+00 0.000000000000000000e+00 0.000000000000000000e+00 1.000000000000000000e+00
9.997840300000000457e-01 -2.074742699999999884e-02 -1.195547500000000100e-03 4.160569000000000273e+01 2.075767300000000079e-02 9.997411699999999568e-01 9.311806199999999797e-03 1.134972700000000057e+00 1.002042000000000080e-03 -9.334611899999999476e-03 9.999559300000000484e-01 6.011669800000000174e-01 0.000000000000000000e+00 0.000000000000000000e+00 0.000000000000000000e+00 1.000000000000000000e+00
9.997620299999999682e-01 -2.178541599999999842e-02 1.128246100000000101e-03 4.268570900000000279e+01 2.177333000000000046e-02 9.997149100000000121e-01 9.799094899999999386e-03 1.166252300000000020e+00 -1.341401799999999934e-03 -9.772197399999999964e-03 9.999513500000000166e-01 6.176175600000000099e-01 0.000000000000000000e+00 0.000000000000000000e+00 0.000000000000000000e+00 1.000000000000000000e+00
9.997606900000000074e-01 -2.183454599999999982e-02 1.348108499999999942e-03 4.377022699999999844e+01 2.182025400000000073e-02 9.997135299999999614e-01 9.835149799999999901e-03 1.195324599999999959e+00 -1.562468399999999936e-03 -9.803380100000000028e-03 9.999507300000000098e-01 6.341883900000000462e-01 0.000000000000000000e+00 0.000000000000000000e+00 0.000000000000000000e+00 1.000000000000000000e+00
9.997437700000000316e-01 -2.242712499999999914e-02 -3.069020899999999868e-03 4.482379799999999648e+01 2.246600699999999964e-02 9.996593599999999968e-01 1.328287600000000075e-02 1.217103100000000104e+00 2.770078699999999842e-03 -1.334842099999999920e-02 9.999070700000000089e-01 6.513292200000000420e-01 0.000000000000000000e+00 0.000000000000000000e+00 0.000000000000000000e+00 1.000000000000000000e+00
9.997403799999999841e-01 -2.181931299999999990e-02 -6.563626999999999830e-03 4.591308399999999779e+01 2.191257099999999874e-02 9.996549000000000129e-01 1.448870099999999966e-02 1.256269599999999986e+00 6.245228400000000374e-03 -1.462876500000000017e-02 9.998734900000000314e-01 6.690743799999999686e-01 0.000000000000000000e+00 0.000000000000000000e+00 0.000000000000000000e+00 1.000000000000000000e+00
9.997259800000000141e-01 -2.229694600000000151e-02 -7.128535200000000148e-03 4.698084899999999919e+01 2.241517399999999952e-02 9.996048899999999682e-01 1.695932299999999837e-02 1.291293599999999930e+00 6.747577599999999599e-03 -1.711446299999999990e-02 9.998307699999999798e-01 6.901103600000000338e-01 0.000000000000000000e+00 0.000000000000000000e+00 0.000000000000000000e+00 1.000000000000000000e+00
9.997471300000000394e-01 -2.207000599999999965e-02 -4.311288899999999799e-03 4.806564699999999846e+01 2.212819599999999928e-02 9.996578000000000408e-01 1.395108100000000059e-02 1.320065299999999997e+00 4.001913099999999772e-03 -1.404295499999999933e-02 9.998933800000000538e-01 7.065174100000000124e-01 0.000000000000000000e+00 0.000000000000000000e+00 0.000000000000000000e+00 1.000000000000000000e+00
9.997554800000000297e-01 -2.197244799999999859e-02 -2.489776999999999876e-03 4.916801600000000150e+01 2.200783499999999990e-02 9.996420900000000387e-01 1.521038800000000003e-02 1.347919499999999937e+00 2.154676400000000037e-03 -1.526146400000000063e-02 9.998812200000000150e-01 7.230299199999999926e-01 0.000000000000000000e+00 0.000000000000000000e+00 0.000000000000000000e+00 1.000000000000000000e+00
9.997553900000000215e-01 -2.209059199999999917e-02 -1.084170499999999922e-03 5.023828499999999764e+01 2.210280099999999831e-02 9.996716199999999830e-01 1.296579900000000007e-02 1.387037300000000029e+00 7.973922999999999515e-04 -1.298658999999999925e-02 9.999153499999999806e-01 7.401216200000000356e-01 0.000000000000000000e+00 0.000000000000000000e+00 0.000000000000000000e+00 1.000000000000000000e+00
9.997672499999999962e-01 -2.151048900000000069e-02 -1.654035199999999949e-03 5.132664400000000171e+01 2.153164800000000045e-02 9.996692400000000145e-01 1.406426000000000030e-02 1.413799599999999934e+00 1.350959000000000101e-03 -1.409660100000000027e-02 9.998997299999999866e-01 7.588659599999999505e-01 0.000000000000000000e+00 0.000000000000000000e+00 0.000000000000000000e+00 1.000000000000000000e+00
9.997723699999999658e-01 -2.107552400000000173e-02 -3.320864199999999829e-03 5.240665400000000318e+01 2.111869900000000119e-02 9.996851300000000329e-01 1.355179200000000000e-02 1.443929199999999913e+00 3.034207399999999839e-03 -1.361883900000000064e-02 9.999026600000000542e-01 7.780085500000000209e-01 0.000000000000000000e+00 0.000000000000000000e+00 0.000000000000000000e+00 1.000000000000000000e+00
9.997627100000000544e-01 -2.098213700000000140e-02 -5.854722300000000240e-03 5.347922100000000256e+01 2.106287800000000016e-02 9.996788899999999867e-01 1.408797999999999995e-02 1.469673900000000089e+00 5.557246400000000197e-03 -1.420795400000000007e-02 9.998836199999999730e-01 7.918469099999999594e-01 0.000000000000000000e+00 0.000000000000000000e+00 0.000000000000000000e+00 1.000000000000000000e+00
9.997656400000000110e-01 -2.004501200000000094e-02 -8.176497399999999721e-03 5.455833200000000005e+01 2.014641199999999896e-02 9.997187299999999999e-01 1.251356999999999990e-02 1.494287099999999979e+00 7.923362899999999640e-03 -1.267536499999999920e-02 9.998882700000000234e-01 8.150891099999999501e-01 0.000000000000000000e+00 0.000000000000000000e+00 0.000000000000000000e+00 1.000000000000000000e+00
9.997247700000000403e-01 -2.047260199999999947e-02 -1.145683599999999976e-02 5.563016999999999967e+01 2.060745300000000127e-02 9.997182599999999697e-01 1.177870900000000005e-02 1.521783399999999897e+00 1.121246700000000027e-02 -1.201156400000000062e-02 9.998649899999999535e-01 8.422421300000000333e-01 0.000000000000000000e+00 0.000000000000000000e+00 0.000000000000000000e+00 1.000000000000000000e+00
9.997239399999999776e-01 -1.954095200000000032e-02 -1.304624300000000077e-02 5.670655099999999749e+01 1.968647499999999842e-02 9.997443499999999483e-01 1.112075300000000058e-02 1.538515700000000042e+00 1.282559800000000055e-02 -1.137451800000000013e-02 9.998530500000000210e-01 8.728323300000000451e-01 0.000000000000000000e+00 0.000000000000000000e+00 0.000000000000000000e+00 1.000000000000000000e+00
9.997413899999999520e-01 -1.999447299999999872e-02 -1.083366000000000016e-02 5.779897799999999819e+01 2.009727999999999862e-02 9.997532199999999980e-01 9.465309300000000411e-03 1.563957299999999995e+00 1.064173300000000044e-02 -9.680588699999999325e-03 9.998965100000000161e-01 8.998618499999999631e-01 0.000000000000000000e+00 0.000000000000000000e+00 0.000000000000000000e+00 1.000000000000000000e+00
9.998014100000000015e-01 -1.927194600000000160e-02 -5.073281600000000002e-03 5.887743400000000094e+01 1.930972099999999844e-02 9.997853799999999458e-01 7.505217599999999996e-03 1.582931199999999983e+00 4.927552699999999779e-03 -7.601690799999999762e-03 9.999589700000000025e-01 9.214165699999999903e-01 0.000000000000000000e+00 0.000000000000000000e+00 0.000000000000000000e+00 1.000000000000000000e+00
9.998120200000000235e-01 -1.938074700000000025e-02 5.555013399999999624e-04 5.997370899999999949e+01 1.937758599999999873e-02 9.997985999999999818e-01 5.222340399999999931e-03 1.606718099999999927e+00 -6.566023199999999676e-04 -5.210594500000000420e-03 9.999862099999999865e-01 9.388487599999999489e-01 0.000000000000000000e+00 0.000000000000000000e+00 0.000000000000000000e+00 1.000000000000000000e+00
9.998152500000000442e-01 -1.912471599999999994e-02 1.927502999999999899e-03 6.105561200000000355e+01 1.911915900000000015e-02 9.998131199999999996e-01 2.861564000000000035e-03 1.627744800000000103e+00 -1.981869299999999921e-03 -2.824183100000000109e-03 9.999940499999999677e-01 9.553578900000000429e-01 0.000000000000000000e+00 0.000000000000000000e+00 0.000000000000000000e+00 1.000000000000000000e+00
9.998281599999999658e-01 -1.849940900000000138e-02 -1.195110199999999947e-03 6.214553800000000194e+01 1.850069000000000019e-02 9.998282800000000137e-01 1.069218299999999920e-03 1.649392600000000098e+00 1.175124999999999954e-03 -1.091144899999999928e-03 9.999987099999999574e-01 9.717784000000000422e-01 0.000000000000000000e+00 0.000000000000000000e+00 0.000000000000000000e+00 1.000000000000000000e+00
9.998118999999999756e-01 -1.891190499999999969e-02 -4.302763999999999721e-03 6.322995300000000185e+01 1.890866899999999948e-02 9.998209000000000124e-01 -7.914748100000000347e-04 1.673106600000000110e+00 4.316961700000000041e-03 7.099663899999999854e-04 9.999904299999999857e-01 9.870417299999999505e-01 0.000000000000000000e+00 0.000000000000000000e+00 0.000000000000000000e+00 1.000000000000000000e+00
9.997917200000000504e-01 -1.871440699999999888e-02 -8.141571400000000361e-03 6.431921800000000644e+01 1.873103500000000005e-02 9.998226199999999952e-01 1.970844399999999944e-03 1.697817200000000026e+00 8.103244000000000766e-03 -2.122933999999999932e-03 9.999649099999999846e-01 1.005046200000000001e+00 0.000000000000000000e+00 0.000000000000000000e+00 0.000000000000000000e+00 1.000000000000000000e+00
9.997484599999999499e-01 -1.868190399999999918e-02 -1.240998700000000080e-02 6.539488500000000215e+01 1.870118000000000127e-02 9.998240800000000039e-01 1.439045899999999998e-03 1.723956700000000009e+00 1.238092000000000012e-02 -1.670765399999999973e-03 9.999219599999999986e-01 1.034217900000000023e+00 0.000000000000000000e+00 0.000000000000000000e+00 0.000000000000000000e+00 1.000000000000000000e+00
9.997537899999999755e-01 -1.792058599999999877e-02 -1.308501599999999966e-02 6.648992800000000614e+01 1.799441200000000129e-02 9.998226999999999531e-01 5.546276000000000157e-03 1.755746599999999935e+00 1.298330399999999933e-02 -5.780367600000000002e-03 9.998990100000000325e-01 1.057707500000000023e+00 0.000000000000000000e+00 0.000000000000000000e+00 0.000000000000000000e+00 1.000000000000000000e+00
9.998076399999999975e-01 -1.686905000000000002e-02 -1.000594699999999941e-02 6.759083900000000256e+01 1.695214899999999969e-02 9.998220199999999780e-01 8.279096799999999950e-03 1.786271200000000059e+00 9.864505399999999244e-03 -8.447126500000000718e-03 9.999156700000000342e-01 1.078040700000000074e+00 0.000000000000000000e+00 0.000000000000000000e+00 0.000000000000000000e+00 1.000000000000000000e+00
9.998245000000000049e-01 -1.698526100000000150e-02 -7.903776100000000845e-03 6.867506799999999600e+01 1.705780700000000122e-02 9.998121500000000106e-01 9.203533099999999453e-03 1.811061100000000090e+00 7.745967000000000303e-03 -9.336739000000000149e-03 9.999264100000000433e-01 1.107513100000000028e+00 0.000000000000000000e+00 0.000000000000000000e+00 0.000000000000000000e+00 1.000000000000000000e+00
9.998341200000000484e-01 -1.685121599999999872e-02 -6.911950499999999775e-03 6.976921699999999760e+01 1.691675100000000070e-02 9.998114299999999455e-01 9.535205200000000658e-03 1.830897400000000008e+00 6.749967400000000083e-03 -9.650551300000000804e-03 9.999306500000000320e-01 1.130387999999999948e+00 0.000000000000000000e+00 0.000000000000000000e+00 0.000000000000000000e+00 1.000000000000000000e+00
9.998403099999999544e-01 -1.680440199999999953e-02 -6.080671999999999640e-03 7.086508600000000513e+01 1.685506599999999841e-02 9.998228399999999905e-01 8.378837599999999428e-03 1.853642599999999918e+00 5.938793300000000039e-03 -8.479989699999999214e-03 9.999464099999999522e-01 1.156234399999999996e+00 0.000000000000000000e+00 0.000000000000000000e+00 0.000000000000000000e+00 1.000000000000000000e+00
9.998467500000000063e-01 -1.689157499999999895e-02 -4.598645200000000231e-03 7.196068699999999296e+01 1.692607700000000118e-02 9.998280899999999471e-01 7.569930499999999625e-03 1.879215199999999975e+00 4.469986599999999782e-03 -7.646607500000000314e-03 9.999607700000000543e-01 1.176124299999999900e+00 0.000000000000000000e+00 0.000000000000000000e+00 0.000000000000000000e+00 1.000000000000000000e+00
9.998427800000000421e-01 -1.753771999999999970e-02 -2.617894099999999984e-03 7.304081600000000662e+01 1.755140599999999856e-02 9.998319199999999851e-01 5.299804299999999642e-03 1.903667800000000021e+00 2.524507599999999824e-03 -5.344918799999999991e-03 9.999825300000000361e-01 1.197987399999999925e+00 0.000000000000000000e+00 0.000000000000000000e+00 0.000000000000000000e+00 1.000000000000000000e+00
9.998338700000000134e-01 -1.820263899999999962e-02 -9.446721199999999789e-04 7.412591899999999612e+01 1.820619700000000035e-02 9.998266300000000495e-01 3.904983900000000199e-03 1.922647199999999890e+00 8.734273299999999532e-04 -3.921533999999999957e-03 9.999919299999999733e-01 1.216944100000000084e+00 0.000000000000000000e+00 0.000000000000000000e+00 0.000000000000000000e+00 1.000000000000000000e+00
9.998279500000000208e-01 -1.846558400000000016e-02 -1.761113099999999949e-03 7.522096299999999758e+01 1.847149500000000097e-02 9.998236000000000345e-01 3.400990100000000037e-03 1.946506800000000093e+00 1.698001200000000049e-03 -3.432935299999999908e-03 9.999926700000000279e-01 1.237894800000000073e+00 0.000000000000000000e+00 0.000000000000000000e+00 0.000000000000000000e+00 1.000000000000000000e+00
9.998001300000000091e-01 -1.918268199999999951e-02 -5.633149199999999690e-03 7.629085100000000352e+01 1.920426199999999972e-02 9.998083500000000123e-01 3.802174800000000018e-03 1.974396400000000051e+00 5.559133699999999761e-03 -3.909595299999999753e-03 9.999769099999999966e-01 1.261190000000000033e+00 0.000000000000000000e+00 0.000000000000000000e+00 0.000000000000000000e+00 1.000000000000000000e+00
9.997721800000000103e-01 -1.986639000000000113e-02 -7.805042400000000019e-03 7.737915599999999472e+01 1.990959700000000110e-02 9.997866699999999884e-01 5.497660799999999973e-03 1.998639499999999902e+00 7.694158599999999758e-03 -5.651803599999999719e-03 9.999544299999999497e-01 1.282804800000000078e+00 0.000000000000000000e+00 0.000000000000000000e+00 0.000000000000000000e+00 1.000000000000000000e+00
9.997655500000000028e-01 -2.068749699999999914e-02 -6.393353699999999862e-03 7.844182600000000605e+01 2.072674299999999886e-02 9.997663599999999651e-01 6.134518700000000067e-03 2.030794300000000163e+00 6.264952100000000315e-03 -6.265593800000000130e-03 9.999607499999999538e-01 1.302528499999999978e+00 0.000000000000000000e+00 0.000000000000000000e+00 0.000000000000000000e+00 1.000000000000000000e+00
9.997781799999999608e-01 -2.093641699999999883e-02 -2.294751399999999959e-03 7.951519000000000403e+01 2.095387400000000080e-02 9.997494900000000184e-01 7.867325600000000738e-03 2.058120199999999844e+00 2.129462899999999808e-03 -7.913664299999999610e-03 9.999664200000000225e-01 1.326905100000000060e+00 0.000000000000000000e+00 0.000000000000000000e+00 0.000000000000000000e+00 1.000000000000000000e+00
9.997758300000000320e-01 -2.107911300000000002e-02 1.989584799999999810e-03 8.059967299999999568e+01 2.106141400000000052e-02 9.997417699999999741e-01 8.532833199999999285e-03 2.085694800000000182e+00 -2.168935600000000078e-03 -8.489016900000000143e-03 9.999616199999999955e-01 1.341071200000000019e+00 0.000000000000000000e+00 0.000000000000000000e+00 0.000000000000000000e+00 1.000000000000000000e+00
9.997555200000000086e-01 -2.194109500000000074e-02 2.735361899999999829e-03 8.166241599999999323e+01 2.191474399999999989e-02 9.997164200000000500e-01 9.317586299999999766e-03 2.113171100000000191e+00 -2.939024299999999819e-03 -9.255363600000000163e-03 9.999528500000000042e-01 1.360056200000000048e+00 0.000000000000000000e+00 0.000000000000000000e+00 0.000000000000000000e+00 1.000000000000000000e+00
9.997424099999999703e-01 -2.268497599999999906e-02 7.075714999999999999e-04 8.271953000000000600e+01 2.267638699999999924e-02 9.996886400000000172e-01 1.041145800000000017e-02 2.143966900000000120e+00 -9.435348699999999891e-04 -1.039273100000000054e-02 9.999455499999999608e-01 1.377453400000000050e+00 0.000000000000000000e+00 0.000000000000000000e+00 0.000000000000000000e+00 1.000000000000000000e+00
9.997174800000000472e-01 -2.376684700000000067e-02 -3.006406400000000124e-04 8.376828500000000588e+01 2.376864799999999986e-02 9.996701199999999954e-01 9.731761499999999968e-03 2.173404399999999903e+00 6.924817900000000139e-05 -9.736157900000000365e-03 9.999525999999999692e-01 1.391756299999999946e+00 0.000000000000000000e+00 0.000000000000000000e+00 0.000000000000000000e+00 1.000000000000000000e+00
9.997187499999999893e-01 -2.371351500000000098e-02 -3.112809300000000121e-04 8.482681399999999883e+01 2.371540999999999927e-02 9.996728099999999673e-01 9.583912499999999723e-03 2.197202299999999831e+00 8.391082799999999959e-05 -9.588599200000000669e-03 9.999540199999999990e-01 1.408553600000000072e+00 0.000000000000000000e+00 0.000000000000000000e+00 0.000000000000000000e+00 1.000000000000000000e+00
9.997018100000000240e-01 -2.441884199999999963e-02 1.171538299999999984e-04 8.585039199999999937e+01 2.441710000000000061e-02 9.996692400000000145e-01 8.075926400000000768e-03 2.224946000000000090e+00 -3.143198499999999888e-04 -8.070657700000000850e-03 9.999673799999999613e-01 1.431195100000000053e+00 0.000000000000000000e+00 0.000000000000000000e+00 0.000000000000000000e+00 1.000000000000000000e+00
9.996820400000000495e-01 -2.515162300000000142e-02 1.791291900000000067e-03 8.686780699999999911e+01 2.513762400000000077e-02 9.996562399999999737e-01 7.449851099999999990e-03 2.251056499999999794e+00 -1.978052000000000109e-03 -7.402453500000000415e-03 9.999706499999999609e-01 1.450586600000000059e+00 0.000000000000000000e+00 0.000000000000000000e+00 0.000000000000000000e+00 1.000000000000000000e+00
9.996669299999999536e-01 -2.549018399999999906e-02 4.035053499999999987e-03 8.786168100000000436e+01 2.546154299999999968e-02 9.996513099999999596e-01 6.997117399999999883e-03 2.277624199999999988e+00 -4.212004400000000232e-03 -6.892048199999999646e-03 9.999673799999999613e-01 1.463603100000000046e+00 0.000000000000000000e+00 0.000000000000000000e+00 0.000000000000000000e+00 1.000000000000000000e+00
9.996353000000000044e-01 -2.646839600000000167e-02 5.356736100000000431e-03 8.884700100000000589e+01 2.643611900000000098e-02 9.996324399999999555e-01 6.009173199999999666e-03 2.305494599999999839e+00 -5.513820400000000142e-03 -5.865370299999999627e-03 9.999675999999999565e-01 1.481426899999999991e+00 0.000000000000000000e+00 0.000000000000000000e+00 0.000000000000000000e+00 1.000000000000000000e+00
9.995786800000000527e-01 -2.850436199999999837e-02 5.474030700000000194e-03 8.981821100000000513e+01 2.847922300000000143e-02 9.995837199999999534e-01 4.616840900000000400e-03 2.333383400000000218e+00 -5.603352100000000280e-03 -4.458999600000000153e-03 9.999743599999999510e-01 1.497899799999999892e+00 0.000000000000000000e+00 0.000000000000000000e+00 0.000000000000000000e+00 1.000000000000000000e+00
9.994813200000000064e-01 -3.184706799999999921e-02 4.781677500000000407e-03 9.074460700000000202e+01 3.182553899999999991e-02 9.994832500000000453e-01 4.512950499999999684e-03 2.369671299999999814e+00 -4.922930800000000114e-03 -4.358430200000000011e-03 9.999783799999999445e-01 1.516858100000000098e+00 0.000000000000000000e+00 0.000000000000000000e+00 0.000000000000000000e+00 1.000000000000000000e+00
9.993711899999999648e-01 -3.522238099999999705e-02 4.075858600000000116e-03 9.165519899999999609e+01 3.520499299999999693e-02 9.993710199999999988e-01 4.261983700000000243e-03 2.403204199999999791e+00 -4.223412200000000241e-03 -4.115813200000000352e-03 9.999826099999999940e-01 1.529492199999999968e+00 0.000000000000000000e+00 0.000000000000000000e+00 0.000000000000000000e+00 1.000000000000000000e+00
9.992721900000000046e-01 -3.792848399999999842e-02 4.063694100000000108e-03 9.254008000000000322e+01 3.791291299999999947e-02 9.992736599999999525e-01 3.842655400000000079e-03 2.439139400000000180e+00 -4.206488599999999752e-03 -3.685792199999999869e-03 9.999843600000000166e-01 1.543358599999999914e+00 0.000000000000000000e+00 0.000000000000000000e+00 0.000000000000000000e+00 1.000000000000000000e+00
