1.000000000000000000e+00 0.000000000000000000e+00 0.000000000000000000e+00 0.000000000000000000e+00 0.000000000000000000e+00 1.000000000000000000e+00 0.000000000000000000e+00 0.000000000000000000e+00 0.000000000000000000e+00 0.000000000000000000e+00 1.000000000000000000e+00 0.000000000000000000e+00 0.000000000000000000e+00 0.000000000000000000e+00 0.000000000000000000e+00 1.000000000000000000e+00
9.999985200000000019e-01 -1.583732800000000078e-03 -6.669196499999999802e-04 5.548083900000000401e-01 1.582422100000000029e-03 9.999968200000000085e-01 -1.961282099999999990e-03 -6.637246400000000428e-03 6.700236800000000529e-04 1.960223899999999960e-03 9.999978499999999659e-01 1.147911899999999943e-02 0.000000000000000000e+00 0.000000000000000000e+00 0.000000000000000000e+00 1.000000000000000000e+00
9.999952399999999519e-01 -2.399538200000000173e-03 -1.941740099999999993e-03 1.118418200000000029e+00 2.395767599999999806e-03 9.999952399999999519e-01 -1.941856800000000107e-03 -7.985516800000000068e-03 1.946390400000000019e-03 1.937195600000000050e-03 9.999962300000000415e-01 2.412779199999999860e-02 0.000000000000000000e+00 0.000000000000000000e+00 0.000000000000000000e+00 1.000000000000000000e+00
9.999830800000000242e-01 -4.550402400000000402e-03 -3.624500599999999888e-03 1.671166699999999894e+00 4.541022300000000129e-03 9.999863300000000343e-01 -2.591997200000000032e-03 1.933199399999999948e-03 3.636245699999999994e-03 2.575494399999999923e-03 9.999900699999999532e-01 3.188578599999999930e-02 0.000000000000000000e+00 0.000000000000000000e+00 0.000000000000000000e+00 1.000000000000000000e+00
9.999631599999999620e-01 -6.665649099999999654e-03 -5.407488299999999894e-03 2.226506899999999955e+00 6.642554499999999904e-03 9.999687900000000518e-01 -4.277640200000000156e-03 1.487584400000000048e-03 5.435832800000000090e-03 4.241563099999999878e-03 9.999762300000000215e-01 4.191543300000000194e-02 0.000000000000000000e+00 0.000000000000000000e+00 0.000000000000000000e+00 1.000000000000000000e+00
9.999443300000000479e-01 -7.738792599999999751e-03 -7.173175599999999721e-03 2.789461600000000097e+00 7.688257199999999625e-03 9.999456199999999795e-01 -7.046057300000000204e-03 5.740685500000000316e-03 7.227313499999999703e-03 6.990515800000000370e-03 9.999494500000000174e-01 5.347161100000000222e-02 0.000000000000000000e+00 0.000000000000000000e+00 0.000000000000000000e+00 1.000000000000000000e+00
9.999206800000000062e-01 -9.660838600000000789e-03 -8.081572000000000408e-03 3.353764400000000201e+00 9.595071599999999493e-03 9.999208499999999722e-01 -8.137469899999999479e-03 8.493436999999999515e-03 8.159547200000000569e-03 8.059281099999999337e-03 9.999342300000000350e-01 6.253772100000000445e-02 0.000000000000000000e+00 0.000000000000000000e+00 0.000000000000000000e+00 1.000000000000000000e+00
9.999146399999999657e-01 -1.078412699999999926e-02 -7.376895500000000237e-03 3.936138999999999832e+00 1.072170100000000015e-02 9.999068199999999740e-01 -8.450095899999999355e-03 1.826823199999999883e-02 7.467334899999999824e-03 8.370281699999999186e-03 9.999370899999999729e-01 7.363409399999999716e-02 0.000000000000000000e+00 0.000000000000000000e+00 0.000000000000000000e+00 1.000000000000000000e+00
9.998969300000000171e-01 -1.219079200000000064e-02 -7.583206299999999990e-03 4.514246899999999840e+00 1.212320400000000027e-02 9.998869400000000018e-01 -8.895863500000000118e-03 2.794740500000000155e-02 7.690796599999999948e-03 8.803013900000000030e-03 9.999316799999999894e-01 8.634982200000000663e-02 0.000000000000000000e+00 0.000000000000000000e+00 0.000000000000000000e+00 1.000000000000000000e+00
9.998591399999999796e-01 -1.312200099999999946e-02 -1.046513599999999988e-02 5.106614300000000384e+00 1.303655400000000054e-02 9.998814700000000499e-01 -8.191711100000000426e-03 4.167211400000000315e-02 1.057138699999999980e-02 8.054127899999999340e-03 9.999116799999999694e-01 1.010041500000000009e-01 0.000000000000000000e+00 0.000000000000000000e+00 0.000000000000000000e+00 1.000000000000000000e+00
9.997898299999999905e-01 -1.468755799999999986e-02 -1.430319099999999982e-02 5.707781800000000239e+00 1.459201700000000053e-02 9.998706699999999614e-01 -6.761313500000000302e-03 5.390704200000000224e-02 1.440064800000000027e-02 6.551180099999999798e-03 9.998748400000000425e-01 1.151882699999999954e-01 0.000000000000000000e+00 0.000000000000000000e+00 0.000000000000000000e+00 1.000000000000000000e+00
9.997089999999999588e-01 -1.598988000000000145e-02 -1.806226999999999833e-02 6.315551199999999810e+00 1.590128799999999953e-02 9.998608700000000127e-01 -5.037841500000000104e-03 6.785462200000000332e-02 1.814031099999999924e-02 4.749162099999999949e-03 9.998241700000000121e-01 1.242169800000000046e-01 0.000000000000000000e+00 0.000000000000000000e+00 0.000000000000000000e+00 1.000000000000000000e+00
9.996993400000000474e-01 -1.667161400000000127e-02 -1.798019199999999901e-02 6.941443099999999866e+00 1.661638099999999951e-02 9.998567600000000111e-01 -3.216873900000000175e-03 8.132813199999999743e-02 1.803124700000000025e-02 2.917140999999999831e-03 9.998331700000000488e-01 1.410301399999999983e-01 0.000000000000000000e+00 0.000000000000000000e+00 0.000000000000000000e+00 1.000000000000000000e+00
9.997616999999999754e-01 -1.846356999999999859e-02 -1.164676499999999990e-02 7.585695699999999597e+00 1.845388099999999837e-02 9.998292699999999922e-01 -9.388442400000000018e-04 1.033965000000000023e-01 1.166211099999999931e-02 7.236925000000000172e-04 9.999317300000000186e-01 1.470949300000000126e-01 0.000000000000000000e+00 0.000000000000000000e+00 0.000000000000000000e+00 1.000000000000000000e+00
9.998205500000000301e-01 -1.891387699999999908e-02 -1.068875200000000015e-03 8.253534200000000709e+00 1.891375199999999895e-02 9.998211099999999574e-01 -1.268661799999999868e-04 1.216455500000000051e-01 1.071083499999999971e-03 1.066269700000000055e-04 9.999994199999999722e-01 1.616212399999999993e-01 0.000000000000000000e+00 0.000000000000000000e+00 0.000000000000000000e+00 1.000000000000000000e+00
9.997804500000000427e-01 -2.007413300000000095e-02 6.007125799999999717e-03 8.922104100000000315e+00 2.006903599999999843e-02 9.997981799999999808e-01 9.076543300000000170e-04 1.400211299999999937e-01 -6.024133899999999965e-03 -7.868978200000000282e-04 9.999815499999999968e-01 1.781325400000000059e-01 0.000000000000000000e+00 0.000000000000000000e+00 0.000000000000000000e+00 1.000000000000000000e+00
9.997523400000000171e-01 -2.152098499999999942e-02 5.666553199999999589e-03 9.596983899999999679e+00 2.150784299999999871e-02 9.997658699999999454e-01 2.370017199999999939e-03 1.618710299999999991e-01 -5.716231599999999774e-03 -2.247554900000000005e-03 9.999811400000000461e-01 1.891007299999999947e-01 0.000000000000000000e+00 0.000000000000000000e+00 0.000000000000000000e+00 1.000000000000000000e+00
9.997614400000000012e-01 -2.174565300000000020e-02 -2.048111899999999902e-03 1.028815499999999972e+01 2.175641600000000064e-02 9.997487800000000036e-01 5.388313100000000078e-03 1.876996599999999904e-01 1.930424999999999936e-03 -5.431587199999999942e-03 9.999833900000000275e-01 1.898803699999999928e-01 0.000000000000000000e+00 0.000000000000000000e+00 0.000000000000000000e+00 1.000000000000000000e+00
9.996992300000000498e-01 -2.310662800000000058e-02 -8.218222199999999922e-03 1.099198299999999939e+01 2.314915299999999870e-02 9.997189199999999554e-01 5.117499299999999848e-03 2.006630600000000042e-01 8.097664100000000545e-03 -5.306204900000000002e-03 9.999531299999999678e-01 1.869710499999999997e-01 0.000000000000000000e+00 0.000000000000000000e+00 0.000000000000000000e+00 1.000000000000000000e+00
9.996892699999999632e-01 -2.380856699999999923e-02 -7.383146499999999890e-03 1.172172499999999928e+01 2.383336200000000030e-02 9.997105400000000364e-01 3.288663500000000000e-03 2.228102399999999927e-01 7.302710999999999925e-03 -3.463606799999999989e-03 9.999673399999999823e-01 1.900138100000000052e-01 0.000000000000000000e+00 0.000000000000000000e+00 0.000000000000000000e+00 1.000000000000000000e+00
9.996807500000000068e-01 -2.516811600000000079e-02 2.226866599999999859e-03 1.247971899999999934e+01 2.516393199999999997e-02 9.996815599999999691e-01 1.887431400000000098e-03 2.382505699999999949e-01 -2.273660500000000001e-03 -1.830792099999999957e-03 9.999957400000000218e-01 1.983792000000000055e-01 0.000000000000000000e+00 0.000000000000000000e+00 0.000000000000000000e+00 1.000000000000000000e+00
9.996429000000000009e-01 -2.482077900000000115e-02 9.899864799999999812e-03 1.325302499999999917e+01 2.481073400000000095e-02 9.996915199999999446e-01 1.136194199999999944e-03 2.767498199999999797e-01 -9.925012199999999618e-03 -8.901655299999999956e-04 9.999503499999999878e-01 1.987369499999999956e-01 0.000000000000000000e+00 0.000000000000000000e+00 0.000000000000000000e+00 1.000000000000000000e+00
9.995882600000000062e-01 -2.575460699999999881e-02 1.264948800000000040e-02 1.403475099999999998e+01 2.575134199999999998e-02 9.996682900000000149e-01 4.209981100000000044e-04 3.086113999999999802e-01 -1.265613500000000065e-02 -9.508346400000000013e-05 9.999198999999999726e-01 1.986703800000000075e-01 0.000000000000000000e+00 0.000000000000000000e+00 0.000000000000000000e+00 1.000000000000000000e+00
9.995931799999999701e-01 -2.602607499999999921e-02 1.166722899999999945e-02 1.483124399999999987e+01 2.604550300000000110e-02 9.996596100000000318e-01 -1.516270300000000003e-03 3.260340199999999800e-01 -1.162379499999999927e-02 1.819532299999999892e-03 9.999307899999999583e-01 1.997394600000000076e-01 0.000000000000000000e+00 0.000000000000000000e+00 0.000000000000000000e+00 1.000000000000000000e+00
9.996499199999999696e-01 -2.480985900000000008e-02 9.193047200000000266e-03 1.565193400000000068e+01 2.482884000000000133e-02 9.996897999999999618e-01 -1.956334599999999882e-03 3.547728900000000074e-01 -9.141659200000000832e-03 2.183902399999999855e-03 9.999558299999999900e-01 1.940631100000000109e-01 0.000000000000000000e+00 0.000000000000000000e+00 0.000000000000000000e+00 1.000000000000000000e+00
9.996720900000000132e-01 -2.498648900000000062e-02 5.601817599999999592e-03 1.648212699999999842e+01 2.498506899999999864e-02 9.996877699999999756e-01 3.235028799999999875e-04 3.875176900000000257e-01 -5.608151799999999861e-03 -1.834349999999999945e-04 9.999842599999999582e-01 1.822782300000000133e-01 0.000000000000000000e+00 0.000000000000000000e+00 0.000000000000000000e+00 1.000000000000000000e+00
9.997276499999999677e-01 -2.333658699999999891e-02 1.547398000000000122e-04 1.733436800000000133e+01 2.333688800000000008e-02 9.997248600000000485e-01 -2.363973599999999887e-03 4.125590700000000277e-01 -9.953015200000000671e-05 2.366940899999999976e-03 9.999971899999999803e-01 1.844730199999999876e-01 0.000000000000000000e+00 0.000000000000000000e+00 0.000000000000000000e+00 1.000000000000000000e+00
9.997097499999999526e-01 -2.335257500000000042e-02 -5.921700299999999896e-03 1.818963400000000163e+01 2.332317700000000049e-02 9.997155500000000083e-01 -4.985808900000000300e-03 4.322637300000000127e-01 6.036447300000000009e-03 4.846249000000000390e-03 9.999700400000000045e-01 1.969200299999999959e-01 0.000000000000000000e+00 0.000000000000000000e+00 0.000000000000000000e+00 1.000000000000000000e+00
9.997079399999999616e-01 -2.149023699999999884e-02 -1.105468499999999986e-02 1.907679600000000164e+01 2.144930899999999974e-02 9.997626899999999539e-01 -3.807667900000000129e-03 4.562965500000000230e-01 1.113388899999999924e-02 3.569440499999999850e-03 9.999316499999999497e-01 2.074681499999999901e-01 0.000000000000000000e+00 0.000000000000000000e+00 0.000000000000000000e+00 1.000000000000000000e+00
9.996854699999999649e-01 -2.165695200000000015e-02 -1.264675200000000069e-02 1.996615600000000157e+01 2.162948500000000038e-02 9.997633999999999688e-01 -2.304634800000000122e-03 4.904934799999999817e-01 1.269367100000000012e-02 2.030367200000000004e-03 9.999173700000000276e-01 2.109907299999999875e-01 0.000000000000000000e+00 0.000000000000000000e+00 0.000000000000000000e+00 1.000000000000000000e+00
9.996831699999999543e-01 -2.217991600000000091e-02 -1.189993100000000074e-02 2.088670499999999919e+01 2.214806000000000066e-02 9.997507700000000108e-01 -2.802129899999999865e-03 5.148265300000000044e-01 1.195911600000000054e-02 2.537681799999999804e-03 9.999252699999999772e-01 2.275980099999999895e-01 0.000000000000000000e+00 0.000000000000000000e+00 0.000000000000000000e+00 1.000000000000000000e+00
9.996850400000000247e-01 -2.150052599999999897e-02 -1.294394899999999973e-02 2.183157100000000028e+01 2.147684799999999977e-02 9.997674100000000230e-01 -1.965559899999999843e-03 5.465803000000000189e-01 1.298319900000000082e-02 1.686945700000000046e-03 9.999142899999999834e-01 2.442308900000000060e-01 0.000000000000000000e+00 0.000000000000000000e+00 0.000000000000000000e+00 1.000000000000000000e+00
9.996510699999999749e-01 -2.162573099999999873e-02 -1.516816699999999976e-02 2.275584599999999824e+01 2.165027799999999850e-02 9.997645499999999741e-01 1.455945400000000075e-03 5.866748400000000307e-01 1.513310900000000049e-02 -1.783832400000000089e-03 9.998839000000000476e-01 2.641533300000000195e-01 0.000000000000000000e+00 0.000000000000000000e+00 0.000000000000000000e+00 1.000000000000000000e+00
9.996497800000000433e-01 -2.092035800000000001e-02 -1.620641000000000095e-02 2.371827299999999994e+01 2.102292399999999839e-02 9.997598699999999949e-01 6.184382700000000226e-03 6.249579800000000240e-01 1.607313900000000018e-02 -6.522922900000000315e-03 9.998495400000000366e-01 2.829052200000000128e-01 0.000000000000000000e+00 0.000000000000000000e+00 0.000000000000000000e+00 1.000000000000000000e+00
9.996440199999999665e-01 -2.114831500000000086e-02 -1.626567599999999975e-02 2.465230100000000135e+01 2.126584999999999934e-02 9.997487400000000246e-01 7.087243299999999684e-03 6.685303999999999691e-01 1.611170599999999994e-02 -7.430623899999999789e-03 9.998425899999999755e-01 2.999298699999999873e-01 0.000000000000000000e+00 0.000000000000000000e+00 0.000000000000000000e+00 1.000000000000000000e+00
9.996582299999999810e-01 -2.054370499999999891e-02 -1.616729500000000166e-02 2.565777999999999892e+01 2.066889100000000173e-02 9.997573800000000288e-01 7.614500899999999614e-03 6.897912800000000066e-01 1.600694199999999970e-02 -7.946058599999999972e-03 9.998403099999999544e-01 3.236068200000000172e-01 0.000000000000000000e+00 0.000000000000000000e+00 0.000000000000000000e+00 1.000000000000000000e+00
9.996517900000000401e-01 -2.094628399999999904e-02 -1.604830399999999935e-02 2.662925999999999860e+01 2.107842099999999996e-02 9.997449400000000264e-01 8.109283000000000116e-03 7.168337000000000181e-01 1.587435099999999835e-02 -8.444732199999999134e-03 9.998383299999999974e-01 3.516580300000000103e-01 0.000000000000000000e+00 0.000000000000000000e+00 0.000000000000000000e+00 1.000000000000000000e+00
9.996555200000000196e-01 -2.153277300000000158e-02 -1.500617199999999991e-02 2.763527900000000059e+01 2.166627399999999926e-02 9.997266000000000208e-01 8.791371500000000686e-03 7.394887900000000069e-01 1.481276699999999925e-02 -9.113470900000000124e-03 9.998487499999999528e-01 3.788079799999999886e-01 0.000000000000000000e+00 0.000000000000000000e+00 0.000000000000000000e+00 1.000000000000000000e+00
9.996848000000000400e-01 -2.142562699999999917e-02 -1.308582399999999937e-02 2.866182999999999836e+01 2.155088700000000121e-02 9.997225499999999876e-01 9.507398999999999711e-03 7.646352899999999675e-01 1.287849200000000006e-02 -9.786413399999999152e-03 9.998691800000000240e-01 4.023881300000000105e-01 0.000000000000000000e+00 0.000000000000000000e+00 0.000000000000000000e+00 1.000000000000000000e+00
9.996938699999999844e-01 -2.173957300000000162e-02 -1.181361799999999969e-02 2.965684200000000104e+01 2.185094699999999904e-02 9.997172199999999620e-01 9.381760600000000477e-03 7.944703899999999708e-01 1.160632200000000051e-02 -9.637027299999999935e-03 9.998861999999999473e-01 4.218546599999999924e-01 0.000000000000000000e+00 0.000000000000000000e+00 0.000000000000000000e+00 1.000000000000000000e+00
9.996840299999999457e-01 -2.171629900000000141e-02 -1.265859100000000029e-02 3.069910099999999886e+01 2.183262500000000134e-02 9.997200000000000530e-01 9.124887999999999402e-03 8.163075499999999929e-01 1.245688799999999929e-02 -9.398375100000000079e-03 9.998782400000000292e-01 4.509182199999999807e-01 0.000000000000000000e+00 0.000000000000000000e+00 0.000000000000000000e+00 1.000000000000000000e+00
9.996667900000000273e-01 -2.206700799999999907e-02 -1.339208300000000081e-02 3.170546099999999967e+01 2.222010899999999831e-02 9.996881800000000373e-01 1.139311800000000069e-02 8.450251199999999629e-01 1.313649599999999924e-02 -1.168689499999999923e-02 9.998454100000000455e-01 4.771538599999999852e-01 0.000000000000000000e+00 0.000000000000000000e+00 0.000000000000000000e+00 1.000000000000000000e+00
9.996762799999999727e-01 -2.209693199999999969e-02 -1.261201999999999983e-02 3.274800799999999867e+01 2.223987800000000112e-02 9.996886999999999857e-01 1.130869900000000018e-02 8.718667300000000342e-01 1.235820699999999953e-02 -1.158552799999999945e-02 9.998565099999999761e-01 4.993995600000000201e-01 0.000000000000000000e+00 0.000000000000000000e+00 0.000000000000000000e+00 1.000000000000000000e+00
9.996995199999999526e-01 -2.244440099999999924e-02 -9.854863199999999365e-03 3.381603900000000351e+01 2.254391700000000012e-02 9.996947699999999548e-01 1.010593700000000060e-02 8.950765200000000421e-01 9.625033599999999190e-03 -1.032506799999999975e-02 9.999003699999999828e-01 5.223227400000000076e-01 0.000000000000000000e+00 0.000000000000000000e+00 0.000000000000000000e+00 1.000000000000000000e+00
9.997217400000000254e-01 -2.272833700000000123e-02 -6.313717400000000077e-03 3.486518800000000340e+01 2.279526800000000047e-02 9.996824699999999897e-01 1.073933499999999916e-02 9.222813100000000208e-01 6.067625400000000238e-03 -1.088026899999999970e-02 9.999223999999999890e-01 5.436058400000000068e-01 0.000000000000000000e+00 0.000000000000000000e+00 0.000000000000000000e+00 1.000000000000000000e+00
9.997413000000000549e-01 -2.241229999999999958e-02 -3.874738799999999806e-03 3.594969100000000140e+01 2.245008199999999968e-02 9.996979599999999966e-01 9.998834099999999447e-03 9.478342400000000501e-01 3.649471699999999857e-03 -1.008323600000000063e-02 9.999424999999999564e-01 5.644801999999999875e-01 0.000000000000000000e+00 0.000000000000000000e+00 0.000000000000000000e+00 1.000000000000000000e+00
9.997421199999999564e-01 -2.250121700000000044e-02 -3.063732400000000137e-03 3.701660600000000301e+01 2.252942399999999928e-02 9.997009799999999613e-01 9.506384399999999804e-03 9.684249000000000329e-01 2.848911100000000012e-03 -9.572957099999999594e-03 9.999501200000000534e-01 5.811853900000000239e-01 0.000000000000000000e+00 0.000000000000000000e+00 0.000000000000000000e+00 1.000000000000000000e+00
9.997368500000000102e-01 -2.253979899999999925e-02 -4.265414599999999695e-03 3.810547499999999843e+01 2.258395399999999983e-02 9.996887199999999751e-01 1.060334400000000066e-02 9.936569200000000546e-01 4.025089600000000128e-03 -1.069688400000000025e-02 9.999346900000000149e-01 6.012711400000000372e-01 0.000000000000000000e+00 0.000000000000000000e+00 0.000000000000000000e+00 1.000000000000000000e+00
9.997163000000000022e-01 -2.329650899999999997e-02 -4.959744500000000042e-03 3.918067299999999875e+01 2.335134900000000041e-02 9.996634300000000195e-01 1.130228399999999925e-02 1.024374799999999919e+00 4.694771399999999630e-03 -1.141489499999999956e-02 9.999238299999999580e-01 6.166694299999999629e-01 0.000000000000000000e+00 0.000000000000000000e+00 0.000000000000000000e+00 1.000000000000000000e+00
9.997080200000000305e-01 -2.383996000000000032e-02 -3.940567499999999591e-03 4.026474900000000190e+01 2.388172400000000001e-02 9.996552100000000163e-01 1.091484700000000009e-02 1.055064800000000025e+00 3.678999300000000174e-03 -1.100576800000000084e-02 9.999326699999999679e-01 6.337312600000000185e-01 0.000000000000000000e+00 0.000000000000000000e+00 0.000000000000000000e+00 1.000000000000000000e+00
9.996978800000000387e-01 -2.451859099999999930e-02 -1.725936300000000066e-03 4.135181099999999788e+01 2.453489099999999964e-02 9.996473500000000456e-01 1.015906299999999943e-02 1.079170799999999986e+00 1.476241699999999903e-03 -1.019833900000000071e-02 9.999469100000000221e-01 6.530878900000000042e-01 0.000000000000000000e+00 0.000000000000000000e+00 0.000000000000000000e+00 1.000000000000000000e+00
9.996678700000000140e-01 -2.576424700000000054e-02 5.994044399999999724e-04 4.242775000000000318e+01 2.575677800000000101e-02 9.996159399999999806e-01 1.022508700000000076e-02 1.110330199999999934e+00 -8.626158899999999746e-04 -1.020625200000000073e-02 9.999475399999999681e-01 6.706653299999999485e-01 0.000000000000000000e+00 0.000000000000000000e+00 0.000000000000000000e+00 1.000000000000000000e+00
9.996782199999999508e-01 -2.535373299999999983e-02 7.973737599999999827e-04 4.350955900000000298e+01 2.534421699999999875e-02 9.996260300000000543e-01 1.027006700000000078e-02 1.140376899999999916e+00 -1.057460099999999901e-03 -1.024655300000000026e-02 9.999469399999999508e-01 6.865962799999999477e-01 0.000000000000000000e+00 0.000000000000000000e+00 0.000000000000000000e+00 1.000000000000000000e+00
9.996722500000000400e-01 -2.542890000000000081e-02 -2.961396600000000025e-03 4.457238300000000208e+01 2.546978600000000120e-02 9.995674799999999527e-01 1.470172299999999987e-02 1.159682700000000066e+00 2.586267100000000201e-03 -1.477233000000000018e-02 9.998875400000000191e-01 7.088205600000000439e-01 0.000000000000000000e+00 0.000000000000000000e+00 0.000000000000000000e+00 1.000000000000000000e+00
9.996502900000000524e-01 -2.548524699999999907e-02 -7.057418200000000266e-03 4.565325899999999848e+01 2.559651500000000024e-02 9.995418600000000042e-01 1.615201900000000010e-02 1.200875899999999996e+00 6.642546699999999846e-03 -1.632701599999999975e-02 9.998446399999999512e-01 7.267944600000000310e-01 0.000000000000000000e+00 0.000000000000000000e+00 0.000000000000000000e+00 1.000000000000000000e+00
9.996394800000000247e-01 -2.575590100000000118e-02 -7.585190200000000403e-03 4.672576399999999808e+01 2.588336200000000004e-02 9.995167400000000146e-01 1.721468500000000040e-02 1.240049299999999910e+00 7.138144800000000186e-03 -1.740480900000000025e-02 9.998230399999999962e-01 7.463629499999999695e-01 0.000000000000000000e+00 0.000000000000000000e+00 0.000000000000000000e+00 1.000000000000000000e+00
9.996617399999999654e-01 -2.553839899999999982e-02 -4.919267300000000273e-03 4.781491199999999964e+01 2.560825499999999991e-02 9.995639200000000502e-01 1.470350200000000024e-02 1.267055499999999890e+00 4.541618199999999939e-03 -1.482450199999999982e-02 9.998797999999999853e-01 7.626834500000000405e-01 0.000000000000000000e+00 0.000000000000000000e+00 0.000000000000000000e+00 1.000000000000000000e+00
9.996838500000000405e-01 -2.497135099999999927e-02 -2.938084000000000095e-03 4.892206600000000094e+01 2.501618599999999928e-02 9.995530599999999932e-01 1.636686399999999833e-02 1.294621299999999975e+00 2.528068200000000137e-03 -1.643518899999999935e-02 9.998617400000000544e-01 7.828447800000000178e-01 0.000000000000000000e+00 0.000000000000000000e+00 0.000000000000000000e+00 1.000000000000000000e+00
9.996886499999999565e-01 -2.490647199999999895e-02 -1.509216100000000107e-03 5.000155099999999919e+01 2.492554099999999898e-02 9.995868799999999554e-01 1.431027200000000062e-02 1.326198999999999906e+00 1.152174200000000018e-03 -1.434343400000000039e-02 9.998964599999999869e-01 8.003501600000000327e-01 0.000000000000000000e+00 0.000000000000000000e+00 0.000000000000000000e+00 1.000000000000000000e+00
9.997027000000000552e-01 -2.428527299999999958e-02 -2.175134600000000213e-03 5.109774600000000078e+01 2.431530000000000150e-02 9.995910999999999547e-01 1.504632399999999981e-02 1.349882699999999991e+00 1.808841100000000085e-03 -1.509474000000000059e-02 9.998844300000000462e-01 8.204221200000000325e-01 0.000000000000000000e+00 0.000000000000000000e+00 0.000000000000000000e+00 1.000000000000000000e+00
9.997065699999999611e-01 -2.393310599999999913e-02 -3.738297099999999835e-03 5.216651399999999938e+01 2.398404700000000139e-02 9.996110000000000273e-01 1.423442899999999983e-02 1.380940499999999904e+00 3.396168699999999995e-03 -1.431991200000000061e-02 9.998917000000000499e-01 8.396100699999999861e-01 0.000000000000000000e+00 0.000000000000000000e+00 0.000000000000000000e+00 1.000000000000000000e+00
9.997005300000000316e-01 -2.360590499999999994e-02 -6.450354699999999962e-03 5.324882600000000110e+01 2.369969200000000137e-02 9.996084899999999607e-01 1.487230200000000044e-02 1.414137500000000047e+00 6.096755199999999777e-03 -1.502071999999999956e-02 9.998685999999999963e-01 8.576114900000000318e-01 0.000000000000000000e+00 0.000000000000000000e+00 0.000000000000000000e+00 1.000000000000000000e+00
9.997020399999999585e-01 -2.283016800000000138e-02 -8.637964600000000784e-03 5.431510999999999711e+01 2.294219800000000045e-02 9.996509500000000381e-01 1.310066000000000008e-02 1.438837700000000108e+00 8.335859299999999819e-03 -1.329493099999999942e-02 9.998768700000000287e-01 8.808177000000000367e-01 0.000000000000000000e+00 0.000000000000000000e+00 0.000000000000000000e+00 1.000000000000000000e+00
9.996643200000000506e-01 -2.296808499999999920e-02 -1.198786999999999943e-02 5.539412500000000250e+01 2.311952199999999999e-02 9.996526599999999707e-01 1.265060500000000053e-02 1.467120999999999897e+00 1.169314599999999975e-02 -1.292351299999999932e-02 9.998481200000000069e-01 9.096184400000000281e-01 0.000000000000000000e+00 0.000000000000000000e+00 0.000000000000000000e+00 1.000000000000000000e+00
9.996613899999999830e-01 -2.229426300000000166e-02 -1.341886400000000083e-02 5.646946200000000005e+01 2.244614300000000173e-02 9.996844599999999970e-01 1.127622799999999925e-02 1.490928699999999996e+00 1.316323500000000056e-02 -1.157361200000000048e-02 9.998463800000000345e-01 9.379486200000000107e-01 0.000000000000000000e+00 0.000000000000000000e+00 0.000000000000000000e+00 1.000000000000000000e+00
9.996801499999999896e-01 -2.262052000000000160e-02 -1.130964199999999996e-02 5.755479499999999859e+01 2.272656899999999855e-02 9.996981099999999731e-01 9.337915299999999252e-03 1.516882000000000064e+00 1.109499899999999949e-02 -9.591957999999999387e-03 9.998924399999999935e-01 9.651874400000000076e-01 0.000000000000000000e+00 0.000000000000000000e+00 0.000000000000000000e+00 1.000000000000000000e+00
9.997429700000000086e-01 -2.197920500000000166e-02 -5.559955099999999706e-03 5.863796200000000169e+01 2.202085599999999838e-02 9.997290500000000080e-01 7.544195699999999873e-03 1.539652500000000090e+00 5.392633200000000043e-03 -7.664691500000000123e-03 9.999560899999999641e-01 9.885709599999999986e-01 0.000000000000000000e+00 0.000000000000000000e+00 0.000000000000000000e+00 1.000000000000000000e+00
9.997578999999999771e-01 -2.200328099999999953e-02 5.192680800000000084e-05 5.972879799999999761e+01 2.200266899999999901e-02 9.997430000000000483e-01 5.460029699999999729e-03 1.565304199999999923e+00 -1.720520300000000008e-04 -5.457565299999999828e-03 9.999850900000000209e-01 1.005098599999999953e+00 0.000000000000000000e+00 0.000000000000000000e+00 0.000000000000000000e+00 1.000000000000000000e+00
9.997594300000000045e-01 -2.189210100000000062e-02 1.350130400000000086e-03 6.081600000000000250e+01 2.188671799999999945e-02 9.997529299999999841e-01 3.880227100000000016e-03 1.587632799999999955e+00 -1.434743199999999894e-03 -3.849743699999999894e-03 9.999915600000000016e-01 1.024483100000000091e+00 0.000000000000000000e+00 0.000000000000000000e+00 0.000000000000000000e+00 1.000000000000000000e+00
9.997728000000000170e-01 -2.126560099999999856e-02 -1.459922599999999987e-03 6.190546400000000204e+01 2.126755500000000049e-02 9.997729300000000041e-01 1.335908800000000073e-03 1.611105999999999927e+00 1.431182200000000095e-03 -1.366654300000000018e-03 9.999980400000000325e-01 1.041733100000000078e+00 0.000000000000000000e+00 0.000000000000000000e+00 0.000000000000000000e+00 1.000000000000000000e+00
9.997562700000000024e-01 -2.146861599999999939e-02 -5.147744999999999578e-03 6.298569700000000182e+01 2.146992699999999976e-02 9.997694700000000489e-01 1.995700700000000067e-04 1.632370600000000005e+00 5.142273800000000429e-03 -3.100431400000000092e-04 9.999867300000000458e-01 1.058158300000000107e+00 0.000000000000000000e+00 0.000000000000000000e+00 0.000000000000000000e+00 1.000000000000000000e+00
9.997343100000000149e-01 -2.124509200000000014e-02 -8.941669500000000784e-03 6.407413900000000240e+01 2.126297499999999993e-02 9.997720900000000022e-01 1.909702400000000020e-03 1.655443199999999893e+00 8.899059799999999368e-03 -2.099321500000000083e-03 9.999582000000000193e-01 1.076227299999999998e+00 0.000000000000000000e+00 0.000000000000000000e+00 0.000000000000000000e+00 1.000000000000000000e+00
9.996879199999999521e-01 -2.142921799999999988e-02 -1.283968800000000014e-02 6.515007900000000518e+01 2.146586500000000064e-02 9.997658699999999454e-01 2.723216599999999862e-03 1.686551600000000040e+00 1.277832599999999957e-02 -2.997981700000000062e-03 9.999138600000000432e-01 1.106804200000000016e+00 0.000000000000000000e+00 0.000000000000000000e+00 0.000000000000000000e+00 1.000000000000000000e+00
9.996951200000000481e-01 -2.044634600000000066e-02 -1.384264399999999944e-02 6.624870300000000611e+01 2.053437600000000002e-02 9.997696299999999647e-01 6.247316099999999754e-03 1.716129299999999969e+00 1.371172099999999963e-02 -6.529661499999999709e-03 9.998846700000000309e-01 1.132138799999999890e+00 0.000000000000000000e+00 0.000000000000000000e+00 0.000000000000000000e+00 1.000000000000000000e+00
9.997567499999999718e-01 -1.943556299999999945e-02 -1.042559000000000020e-02 6.735485300000000564e+01 1.953191699999999933e-02 9.997667099999999474e-01 9.221263900000000249e-03 1.749407799999999957e+00 1.024393699999999983e-02 -9.422652599999999448e-03 9.999031299999999733e-01 1.152701500000000046e+00 0.000000000000000000e+00 0.000000000000000000e+00 0.000000000000000000e+00 1.000000000000000000e+00
9.997700400000000265e-01 -1.975809699999999877e-02 -8.335171500000000330e-03 6.842913400000000479e+01 1.984305100000000044e-02 9.997507100000000424e-01 1.023568199999999942e-02 1.776191800000000098e+00 8.130856100000000142e-03 -1.039872399999999981e-02 9.999128699999999537e-01 1.182331000000000021e+00 0.000000000000000000e+00 0.000000000000000000e+00 0.000000000000000000e+00 1.000000000000000000e+00
9.997817599999999638e-01 -1.947599699999999837e-02 -7.557184399999999913e-03 6.953136999999999546e+01 1.955733999999999945e-02 9.997499399999999481e-01 1.084333099999999946e-02 1.803084099999999967e+00 7.344109899999999580e-03 -1.098876300000000035e-02 9.999126499999999584e-01 1.205148000000000108e+00 0.000000000000000000e+00 0.000000000000000000e+00 0.000000000000000000e+00 1.000000000000000000e+00
9.997881800000000263e-01 -1.948573799999999898e-02 -6.625904699999999974e-03 7.062011800000000505e+01 1.954467000000000010e-02 9.997689400000000504e-01 8.948802800000000765e-03 1.826680599999999988e+00 6.449999599999999868e-03 -9.076408399999999488e-03 9.999380100000000438e-01 1.230469500000000105e+00 0.000000000000000000e+00 0.000000000000000000e+00 0.000000000000000000e+00 1.000000000000000000e+00
9.997955499999999773e-01 -1.953656499999999879e-02 -5.213103299999999850e-03 7.170886900000000708e+01 1.957923799999999881e-02 9.997741500000000281e-01 8.264259499999999231e-03 1.849055099999999952e+00 5.050470700000000285e-03 -8.364638500000000365e-03 9.999522600000000372e-01 1.252213699999999985e+00 0.000000000000000000e+00 0.000000000000000000e+00 0.000000000000000000e+00 1.000000000000000000e+00
9.997868199999999650e-01 -2.038652300000000014e-02 -3.270706300000000063e-03 7.279023499999999558e+01 2.040748300000000057e-02 9.997705599999999748e-01 6.508341499999999689e-03 1.872123600000000110e+00 3.137273400000000021e-03 -6.573701000000000370e-03 9.999734700000000309e-01 1.271680099999999980e+00 0.000000000000000000e+00 0.000000000000000000e+00 0.000000000000000000e+00 1.000000000000000000e+00
9.997829599999999983e-01 -2.077500599999999864e-02 -1.558365500000000094e-03 7.388110500000000513e+01 2.078264900000000026e-02 9.997712100000000213e-01 5.060129600000000220e-03 1.896042100000000064e+00 1.452884800000000046e-03 -5.091418300000000001e-03 9.999859800000000520e-01 1.294365500000000058e+00 0.000000000000000000e+00 0.000000000000000000e+00 0.000000000000000000e+00 1.000000000000000000e+00
9.997729499999999936e-01 -2.117237799999999864e-02 -2.402609400000000131e-03 7.497006000000000370e+01 2.118259600000000145e-02 9.997663300000000364e-01 4.309949700000000224e-03 1.916840199999999994e+00 2.310796099999999978e-03 -4.359864599999999958e-03 9.999878300000000220e-01 1.315640200000000037e+00 0.000000000000000000e+00 0.000000000000000000e+00 0.000000000000000000e+00 1.000000000000000000e+00
9.997428299999999712e-01 -2.179541899999999990e-02 -6.264138699999999629e-03 7.604459099999999694e+01 2.182482999999999992e-02 9.997509199999999874e-01 4.665810500000000006e-03 1.944557199999999986e+00 6.160885100000000093e-03 -4.801324299999999712e-03 9.999694900000000164e-01 1.338349400000000022e+00 0.000000000000000000e+00 0.000000000000000000e+00 0.000000000000000000e+00 1.000000000000000000e+00
9.997231300000000154e-01 -2.202039399999999869e-02 -8.292942500000000799e-03 7.712707399999999325e+01 2.207084000000000129e-02 9.997381600000000423e-01 6.041441600000000030e-03 1.972931699999999955e+00 8.157736100000000101e-03 -6.222801099999999627e-03 9.999473599999999518e-01 1.360484199999999921e+00 0.000000000000000000e+00 0.000000000000000000e+00 0.000000000000000000e+00 1.000000000000000000e+00
9.997118799999999972e-01 -2.300343200000000074e-02 -6.856245000000000395e-03 7.819905900000000543e+01 2.305406299999999964e-02 9.997068399999999855e-01 7.399420599999999640e-03 1.998925800000000086e+00 6.684022900000000274e-03 -7.555352900000000295e-03 9.999491200000000246e-01 1.381451100000000043e+00 0.000000000000000000e+00 0.000000000000000000e+00 0.000000000000000000e+00 1.000000000000000000e+00
9.997170399999999457e-01 -2.363211299999999973e-02 -2.712108799999999806e-03 7.927600900000000195e+01 2.365381600000000112e-02 9.996859999999999635e-01 8.270748099999999242e-03 2.027101299999999995e+00 2.515801900000000108e-03 -8.332559499999999536e-03 9.999621199999999543e-01 1.405518000000000045e+00 0.000000000000000000e+00 0.000000000000000000e+00 0.000000000000000000e+00 1.000000000000000000e+00
9.997150799999999782e-01 -2.382970200000000122e-02 1.378784700000000108e-03 8.034676399999999319e+01 2.381582999999999964e-02 9.996728400000000070e-01 9.328296800000000083e-03 2.060521300000000000e+00 -1.600624099999999961e-03 -9.292801999999999313e-03 9.999555399999999761e-01 1.424633599999999944e+00 0.000000000000000000e+00 0.000000000000000000e+00 0.000000000000000000e+00 1.000000000000000000e+00
9.996920900000000332e-01 -2.472084100000000034e-02 2.147200799999999989e-03 8.141621399999999653e+01 2.469774300000000117e-02 9.996430400000000382e-01 1.018919000000000075e-02 2.093672600000000106e+00 -2.398319600000000090e-03 -1.013302100000000074e-02 9.999457800000000063e-01 1.440677500000000055e+00 0.000000000000000000e+00 0.000000000000000000e+00 0.000000000000000000e+00 1.000000000000000000e+00
9.996870199999999818e-01 -2.501720299999999828e-02 -1.534511699999999967e-05 8.247915899999999567e+01 2.501584899999999972e-02 9.996261699999999806e-01 1.103335400000000042e-02 2.124001999999999946e+00 -2.606842700000000187e-04 -1.103028399999999958e-02 9.999391300000000093e-01 1.458044799999999919e+00 0.000000000000000000e+00 0.000000000000000000e+00 0.000000000000000000e+00 1.000000000000000000e+00
9.996600300000000328e-01 -2.605339799999999845e-02 -1.023311999999999963e-03 8.352199299999999482e+01 2.606272399999999892e-02 9.996050600000000452e-01 1.051032300000000023e-02 2.151292600000000110e+00 7.490782700000000321e-04 -1.053341999999999994e-02 9.999442400000000397e-01 1.474411499999999986e+00 0.000000000000000000e+00 0.000000000000000000e+00 0.000000000000000000e+00 1.000000000000000000e+00
9.996553400000000034e-01 -2.623580999999999830e-02 -9.350330800000000503e-04 8.458178100000000654e+01 2.624409000000000117e-02 9.996019999999999905e-01 1.034885399999999935e-02 2.181347399999999936e+00 6.631503699999999769e-04 -1.036982600000000039e-02 9.999460100000000518e-01 1.490591100000000058e+00 0.000000000000000000e+00 0.000000000000000000e+00 0.000000000000000000e+00 1.000000000000000000e+00
9.996365600000000073e-01 -2.695394699999999893e-02 -4.848569800000000220e-04 8.560714099999999860e+01 2.695712299999999950e-02 9.995995600000000536e-01 8.604560500000000417e-03 2.211817200000000039e+00 2.527359500000000243e-04 -8.614503600000000122e-03 9.999628600000000089e-01 1.512429299999999976e+00 0.000000000000000000e+00 0.000000000000000000e+00 0.000000000000000000e+00 1.000000000000000000e+00
9.996156999999999959e-01 -2.769934099999999885e-02 1.098481500000000064e-03 8.663118199999999547e+01 2.768895400000000173e-02 9.995800000000000241e-01 8.551982899999999513e-03 2.233907600000000215e+00 -1.334904399999999958e-03 -8.518280600000000674e-03 9.999628299999999692e-01 1.534319599999999895e+00 0.000000000000000000e+00 0.000000000000000000e+00 0.000000000000000000e+00 1.000000000000000000e+00
9.996051000000000242e-01 -2.789364899999999953e-02 3.403634999999999907e-03 8.763482399999999473e+01 2.786702300000000118e-02 9.995824899999999902e-01 7.634322399999999946e-03 2.264632399999999990e+00 -3.615162999999999797e-03 -7.536458400000000356e-03 9.999650700000000114e-01 1.547033600000000009e+00 0.000000000000000000e+00 0.000000000000000000e+00 0.000000000000000000e+00 1.000000000000000000e+00
9.995630399999999582e-01 -2.919068299999999852e-02 4.651788399999999719e-03 8.861273900000000481e+01 2.915899699999999900e-02 9.995520599999999645e-01 6.739639000000000393e-03 2.292981699999999901e+00 -4.846439400000000265e-03 -6.601052500000000219e-03 9.999664700000000517e-01 1.566760099999999989e+00 0.000000000000000000e+00 0.000000000000000000e+00 0.000000000000000000e+00 1.000000000000000000e+00
9.995043500000000414e-01 -3.107380100000000159e-02 5.046520399999999788e-03 8.957980200000000082e+01 3.104730500000000074e-02 9.995041500000000356e-01 5.246401300000000031e-03 2.321587300000000020e+00 -5.207043700000000414e-03 -5.087119999999999663e-03 9.999734999999999596e-01 1.580914399999999942e+00 0.000000000000000000e+00 0.000000000000000000e+00 0.000000000000000000e+00 1.000000000000000000e+00
9.993973000000000440e-01 -3.445253000000000204e-02 4.249349300000000024e-03 9.050398199999999349e+01 3.442988999999999772e-02 9.993931099999999734e-01 5.290705399999999850e-03 2.355885699999999972e+00 -4.429048599999999870e-03 -5.141212099999999639e-03 9.999769800000000153e-01 1.602040799999999932e+00 0.000000000000000000e+00 0.000000000000000000e+00 0.000000000000000000e+00 1.000000000000000000e+00
9.992900399999999905e-01 -3.752247499999999958e-02 3.389356799999999892e-03 9.140038800000000663e+01 3.750786200000000292e-02 9.992871800000000526e-01 4.276938999999999567e-03 2.392590199999999889e+00 -3.547422100000000196e-03 -4.146775000000000114e-03 9.999851100000000104e-01 1.612440700000000060e+00 0.000000000000000000e+00 0.000000000000000000e+00 0.000000000000000000e+00 1.000000000000000000e+00
9.990172699999999573e-01 -4.407244600000000123e-02 4.703150700000000364e-03 9.316243099999999799e+01 4.404893700000000328e-02 9.990169100000000357e-01 4.990302200000000347e-03 2.480269199999999952e+00 -4.918461899999999713e-03 -4.778229299999999825e-03 9.999764899999999956e-01 1.643678900000000054e+00 0.000000000000000000e+00 0.000000000000000000e+00 0.000000000000000000e+00 1.000000000000000000e+00
