9.999999999999998890e-01 2.680133637895683627e-22 9.467889521019811528e-20 -8.673617379884035472e-19 1.132317908027311147e-21 1.000000000000000000e+00 -4.956378993858831401e-19 1.387778780781445676e-17 -7.288425687518648529e-19 4.589744003470270786e-19 1.000000000000000000e+00 0.000000000000000000e+00
9.999966914583160449e-01 -2.074702190440613683e-03 -1.519664997071651369e-03 2.066602513045057675e-03 2.073502695949689442e-03 9.999975370752400838e-01 -7.905859253379151318e-04 -1.252908943408043152e-02 1.521301627373176056e-03 7.874322769253997312e-04 9.999985314664436853e-01 5.588863027776188597e-01
9.999950219839690568e-01 -2.149396414440238236e-03 -2.308842691357218622e-03 2.011981559261163781e-03 2.144527486866097156e-03 9.999954710641375533e-01 -2.109303307210399787e-03 -2.515273695470153503e-02 2.313366145497370956e-03 2.104341410355840911e-03 9.999951069518934199e-01 1.125335479895685831e+00
9.999873775335361703e-01 -2.480466508472738054e-03 -4.369136996546851143e-03 1.483183673410705568e-03 2.463692705382360560e-03 9.999895939794556377e-01 -3.840423140108429560e-03 -3.502921552289667284e-02 4.378618008498744163e-03 3.829610469741271273e-03 9.999830784870080702e-01 1.677662202387234514e+00
9.999680241155662896e-01 -4.536907409436133180e-03 -6.585596024176640709e-03 9.189038986839232794e-04 4.501088383590687303e-03 9.999750563652587410e-01 -5.443727607485529529e-03 -4.713478297016991669e-02 6.610129936230698180e-03 5.413911083067114369e-03 9.999634995191749587e-01 2.233176658340235043e+00
9.999421475307732621e-01 -7.307609106289065723e-03 -7.892740564767030537e-03 6.544832455525576020e-03 7.249532581165344519e-03 9.999466185082298564e-01 -7.362023006366247464e-03 -5.921168052154388017e-02 7.946118693673211164e-03 7.304378214516011984e-03 9.999417539609968264e-01 2.798199214243941135e+00
9.999212535836671245e-01 -8.299844721067754783e-03 -9.412990829132557302e-03 9.552824567432074976e-04 8.223294650091184793e-03 9.999330340656674698e-01 -8.142223611677198991e-03 -7.190753970735859479e-02 9.479940334817579112e-03 8.064176536589815272e-03 9.999225423506654664e-01 3.357370393669863340e+00
9.999057883282633785e-01 -8.491725032807928564e-03 -1.078440633612648414e-02 -2.694469692775607397e-03 8.410620427207513017e-03 9.999361741538888015e-01 -7.543836632163686794e-03 -8.290246610424745199e-02 1.084777989089758497e-02 7.452422314745064426e-03 9.999133875178477515e-01 3.940727023509860594e+00
9.998906053943686922e-01 -8.670777744728429270e-03 -1.198344317214320928e-02 -1.020064852133453770e-02 8.577215492525816151e-03 9.999325014668578593e-01 -7.837160232931244738e-03 -9.525019062568133854e-02 1.205058969198953903e-02 7.733518131852373627e-03 9.998974831387734685e-01 4.518362008812238706e+00
9.998823156858477335e-01 -8.259594913309886363e-03 -1.292818038911770079e-02 -1.522253152222540276e-02 8.122383081769806584e-03 9.999105063139093197e-01 -1.063021023708688763e-02 -1.139674323196013805e-01 1.301482525188622091e-02 1.052395067948064603e-02 9.998599180002428755e-01 5.116651767760322045e+00
9.998696999971481425e-01 -6.860239579363725144e-03 -1.461229920614561840e-02 -2.955766035705686967e-02 6.651057294951544241e-03 9.998753983636468057e-01 -1.431634133241600770e-02 -1.288340439407109905e-01 1.470869258620653534e-02 1.421728850722608559e-02 9.997907416392048940e-01 5.709600210199751835e+00
9.998610623560207911e-01 -5.237618794522814168e-03 -1.582473021455944526e-02 -3.846421262340110614e-02 4.952551359920162599e-03 9.998257255370472940e-01 -1.799987880229178550e-02 -1.410683306223113331e-01 1.591625035326196466e-02 1.791900552078987130e-02 9.997127521069318901e-01 6.320037358747110368e+00
9.998539118966779382e-01 -3.407253354683515041e-03 -1.674947754552012780e-02 -4.955869808586989278e-02 3.105485638340320983e-03 9.998329860730200691e-01 -1.800967513136432149e-02 -1.583175323673514934e-01 1.680804556587674539e-02 1.795502826380115935e-02 9.996975120303019935e-01 6.947516750072662006e+00
9.998301916663494548e-01 -1.069119669173066887e-03 -1.839713438312357702e-02 -6.584601701963582743e-02 8.531681519787704575e-04 9.999306951341627725e-01 -1.174217388002186425e-02 -1.635237799863740737e-01 1.840841507516971162e-02 1.172448349915684515e-02 9.997618031994878196e-01 7.587745575138129084e+00
9.998260338207068942e-01 -3.380918109744285608e-04 -1.864912379508201073e-02 -7.683141695465542376e-02 3.150946137132715837e-04 9.999991840221686967e-01 -1.236077897313823644e-03 -1.789564024298889167e-01 1.864952793250197055e-02 1.229986644943150721e-03 9.998253221571243854e-01 8.254312109483054272e+00
9.998012808193705858e-01 4.191736372327633077e-04 -1.993068459157961922e-02 -9.028281015430987544e-02 -3.022779225766128084e-04 9.999827378356190843e-01 5.867765430917229463e-03 -1.881003811188087238e-01 1.993280174659405046e-02 -5.860574660736358327e-03 9.997841413450102577e-01 8.923206497002750481e+00
9.997713628209415893e-01 2.314160255549776220e-03 -2.125724127673398259e-02 -1.080000896677908301e-01 -2.197347693951203027e-03 9.999823659986083468e-01 5.516918616790609034e-03 -2.064218856720205220e-01 2.126963467167794497e-02 -5.468947636430456991e-03 9.997588211804500080e-01 9.597815968647251950e+00
9.997578513806328893e-01 5.112107735159827394e-03 -2.140319821506772580e-02 -1.251092125232511343e-01 -5.153526382446604187e-03 9.999849523077308788e-01 -1.880428831068316339e-03 -2.116878428572634974e-01 2.139326421760342697e-02 1.990275463662042037e-03 9.997691563116360980e-01 1.029038612125716590e+01
9.997203095357471980e-01 5.001218925233412438e-03 -2.311488721916381966e-02 -1.435466139079022707e-01 -5.194394980198901828e-03 9.999520207397734062e-01 -8.304716494694629192e-03 -2.121344822375398620e-01 2.307224651661990769e-02 8.422461418415534001e-03 9.996983197244793118e-01 1.099827039110217264e+01
9.997127598188390030e-01 3.330698111999538975e-03 -2.373414184671785929e-02 -1.556113417974374635e-01 -3.507093436728595318e-03 9.999665138940965203e-01 -7.394375771849608439e-03 -2.161484103848699823e-01 2.370872050770269496e-02 7.475489645732382588e-03 9.996909562870643917e-01 1.172909924110816782e+01
9.996895024537190144e-01 1.751319148192375785e-03 -2.485615227123448914e-02 -1.674501002101913272e-01 -1.701076144438124155e-03 9.999964660917848303e-01 2.042355618783975053e-03 -2.241650068406954022e-01 2.485964381780250698e-02 -1.999439259728237172e-03 9.996889514544960997e-01 1.248612600112795690e+01
9.997077977294995810e-01 9.188190080155400272e-04 -2.415524493738050241e-02 -2.019661307456108168e-01 -6.811901047254513217e-04 9.999513140720516224e-01 9.843960975215141837e-03 -2.216192155874136538e-01 2.416311610470904536e-02 -9.824630058580785183e-03 9.996597481984488276e-01 1.328807827341555736e+01
9.996909022121230892e-01 1.693927511536288066e-04 -2.486095024193423625e-02 -2.362333362950531646e-01 1.390111030342307524e-04 9.999230687422304698e-01 1.240289914864107362e-02 -2.237917399248250949e-01 2.486114053517553268e-02 -1.240252137352648547e-02 9.996139790456465279e-01 1.408174167387007358e+01
9.996905974455027044e-01 -2.012468547205136134e-03 -2.479232670801498339e-02 -2.581341569369838274e-01 2.296852685969031412e-03 9.999318393712742781e-01 1.144750960772318756e-02 -2.228250225160224585e-01 2.476760073672740550e-02 -1.150091167354059737e-02 9.996270731832233025e-01 1.489114269596538165e+01
9.997106027016259278e-01 -2.269493947070915646e-03 -2.394927379190107952e-02 -2.742419893722051749e-01 2.484647171165211763e-03 9.999567953811606680e-01 8.957767010532668647e-03 -2.224048236754296859e-01 2.392791211977732604e-02 -9.014679943317586638e-03 9.996730419172135118e-01 1.572217858803999491e+01
9.997241058231114419e-01 7.619514944483885336e-05 -2.348842885286822613e-02 -3.061223490477280595e-01 5.214820234991560094e-05 9.999850741046165670e-01 5.463448944037003173e-03 -2.117308682628851746e-01 2.348849643286615024e-02 -5.463166405398384336e-03 9.997091800722720523e-01 1.655612107820477874e+01
9.997594551119151074e-01 -2.236675065172339348e-03 -2.181787311047913083e-02 -3.252718472283250284e-01 2.242897703001362625e-03 9.999974515706460121e-01 2.607348050845156970e-04 -2.203297092030072901e-01 2.181723645428456163e-02 -3.096073176455835479e-04 9.997619233174386277e-01 1.741794462586439352e+01
9.997525567798877244e-01 -5.046305071997129674e-03 -2.166472317313753587e-02 -3.428247820646354582e-01 4.915576572523454486e-03 9.999694112806427615e-01 -6.083203113795926376e-03 -2.326443186698708976e-01 2.169475941128462537e-02 5.975203162621301085e-03 9.997467819394694200e-01 1.827821462124998320e+01
9.997990457086636251e-01 -3.973850590990457218e-03 -1.964868357243088406e-02 -3.708584589339170012e-01 3.753761699778882834e-03 9.999299466368398726e-01 -1.122544152933011886e-02 -2.481492070140152717e-01 1.969191715881832630e-02 1.114942875799782539e-02 9.997439276544962672e-01 1.918644153545730546e+01
9.998000129122732726e-01 -2.363972435156428461e-03 -1.985835316060531250e-02 -3.944450635862322141e-01 2.113055415350582021e-03 9.999177947952653245e-01 -1.264684577065390905e-02 -2.524258908962087045e-01 1.988661856476502121e-02 1.260235500229379794e-02 9.997228122924612936e-01 2.008672871302634988e+01
9.997959384522829840e-01 -2.798951598219947146e-03 -2.000624587098021046e-02 -4.165515790193877188e-01 2.559568709078390535e-03 9.999249457656835816e-01 -1.198102320500335667e-02 -2.699086690227809893e-01 2.003828030383989628e-02 1.192737066195533741e-02 9.997280657820333261e-01 2.101693025985889207e+01
9.998238947498959694e-01 -2.015473759303292381e-03 -1.865793293598414990e-02 -4.430489716047036342e-01 1.776131882834554396e-03 9.999160444816479476e-01 -1.283559503529398647e-02 -2.905305817757877773e-01 1.868223694536314330e-02 1.280019486964657956e-02 9.997435307684560124e-01 2.198020826377262438e+01
9.998248054094183157e-01 9.145408511284972529e-04 -1.869560612920355414e-02 -4.818161872279361768e-01 -1.196687283571459814e-03 9.998854890530360917e-01 -1.508597031038183371e-02 -3.117426381496541388e-01 1.867967007089754022e-02 1.510569952726735672e-02 9.997114055375455610e-01 2.293277582142785676e+01
9.998437151453402061e-01 5.577426233400769109e-03 -1.677595656419800588e-02 -5.149382251286660495e-01 -5.836440881599455795e-03 9.998639085268054005e-01 -1.543047477780955939e-02 -3.304655526373492247e-01 1.668761265447329598e-02 1.552597416983547349e-02 9.997401963278542691e-01 2.393522583460508457e+01
9.998540627940988301e-01 6.576407755958541684e-03 -1.576737319635211979e-02 -5.623788423892295274e-01 -6.810784534660154106e-03 9.998664271321981989e-01 -1.485729993730741834e-02 -3.495696308674474118e-01 1.566756041450480252e-02 1.496251955746012371e-02 9.997653000737030116e-01 2.492614858254209764e+01
9.998512663940001266e-01 7.710654586269716747e-03 -1.542702603831870058e-02 -5.781037059780949061e-01 -7.939043109724788078e-03 9.998589832679523060e-01 -1.479832981154391089e-02 -3.788201491919524488e-01 1.531074735398093786e-02 1.491860426268208292e-02 9.997714803380475246e-01 2.593007711195924969e+01
9.998465849966644559e-01 7.664217505845843589e-03 -1.574988916858317475e-02 -5.918673664053166750e-01 -7.893423839521018781e-03 9.998630991833342696e-01 -1.454257147113261449e-02 -3.985224676238445229e-01 1.563627671699859348e-02 1.466466007133258864e-02 9.997702058200010899e-01 2.690186583507909290e+01
9.998364371357350011e-01 8.089429134045167738e-03 -1.617576619506371285e-02 -6.125745198763068444e-01 -8.309052152743618899e-03 9.998735866753075685e-01 -1.355643934605134902e-02 -4.248746100097310907e-01 1.606405871300771102e-02 1.368862747783583175e-02 9.997772561889575194e-01 2.790234208247152026e+01
9.998289427407689445e-01 8.454062456769606548e-03 -1.645045319013469995e-02 -6.228278055606403241e-01 -8.647025809722642259e-03 9.998942292058696779e-01 -1.169436425152794654e-02 -4.497568692011898461e-01 1.634984931632213825e-02 1.183461070403554402e-02 9.997962880533612928e-01 2.893154291236930931e+01
9.998189944817983399e-01 8.573212623287390644e-03 -1.698440437304037792e-02 -6.447012584049824913e-01 -8.752395922126279468e-03 9.999065249330099103e-01 -1.050372776404169713e-02 -4.693564112922735676e-01 1.689276829701380489e-02 1.065048079733886370e-02 9.998005805851915007e-01 2.992541715942469338e+01
9.998173722104654049e-01 8.651780703178674550e-03 -1.704025642999287479e-02 -6.583297743491397513e-01 -8.844467854580794972e-03 9.998974302938944403e-01 -1.126499542771642291e-02 -4.977515677326382892e-01 1.694104806900964891e-02 1.141364996611624570e-02 9.997913474956400259e-01 3.096662015735315165e+01
9.997898536905099887e-01 1.081291542564086564e-02 -1.741634329614276389e-02 -6.734630730375424923e-01 -1.102454931122710639e-02 9.998659976929786808e-01 -1.210156182274014711e-02 -5.242648664472856490e-01 1.728315770340788093e-02 1.229102614231142830e-02 9.997750886165112094e-01 3.197279475397693815e+01
9.997909908572957249e-01 1.074436089527561200e-02 -1.739327655963312375e-02 -6.955019446013682716e-01 -1.094630465895338016e-02 9.998733013033618278e-01 -1.155712934201631563e-02 -5.460294017658076093e-01 1.726690072837079593e-02 1.174510568066127955e-02 9.997819278393424991e-01 3.301464189417885109e+01
9.997987915140025272e-01 9.623841385525929923e-03 -1.759999939301405344e-02 -7.124592229612709549e-01 -9.776963643222382969e-03 9.999149224340514452e-01 -8.634821831545303958e-03 -5.689093837030380074e-01 1.751540325793008931e-02 8.805158823266065124e-03 9.998078260519460692e-01 3.408086268534277252e+01
9.997849190254450846e-01 9.687723536529514040e-03 -1.833771970262368031e-02 -7.329768491580408440e-01 -9.787695598292293214e-03 9.999376858633548526e-01 -5.369785712821917127e-03 -5.876032310901907474e-01 1.828455707027161481e-02 5.548114689523146736e-03 9.998174251112000865e-01 3.513102619102179602e+01
9.997843185745211025e-01 9.283141466205836051e-03 -1.857775593726641514e-02 -7.499426878533637097e-01 -9.337568603066380771e-03 9.999523594328716403e-01 -2.845049514873936990e-03 -6.066268998181306715e-01 1.855046096557883342e-02 3.017906980988911084e-03 9.998233719926071794e-01 3.621432294305169819e+01
9.997796961877534194e-01 9.310576064308666994e-03 -1.881174245978583029e-02 -7.764581879080223459e-01 -9.354634672407340437e-03 9.999537038102550568e-01 -2.255391175320748190e-03 -6.214166059431197597e-01 1.878987388433029510e-02 2.430871244358898380e-03 9.998205000019914079e-01 3.728594600669368475e+01
9.997822430885547895e-01 9.488074891372919040e-03 -1.858630129534535880e-02 -7.967436952287806351e-01 -9.556875558746454752e-03 9.999477900691922105e-01 -3.616314317191758783e-03 -6.396127440863117464e-01 1.855102073304417537e-02 3.793153708830707734e-03 9.998207168422529323e-01 3.837230211127210566e+01
9.997475929564886288e-01 1.035660222019666767e-02 -1.993702191149126363e-02 -8.160445538304035296e-01 -1.044064750862756623e-02 9.999370214826721615e-01 -4.116030456980310052e-03 -6.575494072832613890e-01 1.989313962953915757e-02 4.323146927397983862e-03 9.997927655608391806e-01 3.944084303641373168e+01
9.997347220591419337e-01 9.873704900277380930e-03 -2.080855819603342344e-02 -8.336754526457867964e-01 -9.942002521536643864e-03 9.999455144484710178e-01 -3.181246925499418843e-03 -6.757030057731497896e-01 2.077601588827639525e-02 3.387281742940395201e-03 9.997784134923871635e-01 4.052360301073797899e+01
9.997411006677673351e-01 9.366757664097339481e-03 -2.073627606294723563e-02 -8.487620226071376228e-01 -9.388193217932008783e-03 9.999554918497784994e-01 -9.365708727123853898e-04 -6.954098284411338593e-01 2.072658180593681815e-02 1.131004600615317371e-03 9.997845374824542164e-01 4.161133933044400379e+01
9.997149965178050435e-01 9.839992418669897892e-03 -2.175090058517243144e-02 -8.727538168360987614e-01 -9.811639686010257752e-03 9.999508695317529394e-01 1.409903371704099035e-03 -7.135174514452781169e-01 2.176370791362472468e-02 -1.196089520314314860e-03 9.997624239504421251e-01 4.269133756987381645e+01
9.997136318953001588e-01 9.874607054144128940e-03 -2.179775222400009635e-02 -8.942165089497901009e-01 -9.841378808877459389e-03 9.999502470165617662e-01 1.631184085559347951e-03 -7.324613002429045672e-01 2.181277687065540788e-02 -1.416196937114255761e-03 9.997610710881380536e-01 4.377597643649981052e+01
9.996590925751398515e-01 1.335473581117402504e-02 -2.243528249020901311e-02 -9.085426812536417929e-01 -1.341810739957007177e-02 9.999063923652280472e-01 -2.676421446620891320e-03 -7.534445975961441277e-01 2.239744179135536029e-02 2.976548101899720300e-03 9.997447150596320276e-01 4.482996058375283610e+01
9.996542524407801000e-01 1.458383886428555112e-02 -2.187897306997441810e-02 -9.397751974066371750e-01 -1.472146674598310938e-02 9.998727655336681064e-01 -6.142542329380573998e-03 -7.748157439176881489e-01 2.178660862093175984e-02 6.462509030779692992e-03 9.997417520255518220e-01 4.591970767419039845e+01
9.996040691061052197e-01 1.705949598360888275e-02 -2.237573043570600939e-02 -9.672748558367251226e-01 -1.721170527250831181e-02 9.998299039890174988e-01 -6.627488382453540147e-03 -7.984435484630401092e-01 2.225886441169268315e-02 7.009988692790474277e-03 9.997276669048773545e-01 4.698768196130428976e+01
9.996573978160268048e-01 1.403089103382817310e-02 -2.209587843697484802e-02 -9.885548127956652609e-01 -1.412047364539773323e-02 9.998926778256285175e-01 -3.903374587975075565e-03 -8.163621898052962900e-01 2.203874133291206655e-02 4.214041476244555912e-03 9.997482343583449227e-01 4.807241172786159922e+01
9.996418481844081549e-01 1.527709115015371891e-02 -2.197258714332179716e-02 -1.008526664908653725e+00 -1.532574856563568427e-02 9.998804616304443060e-01 -2.047663232063934823e-03 -8.347518780506407721e-01 2.193868062307172129e-02 2.383676174093828700e-03 9.997564801851476224e-01 4.917477432820961525e+01
9.996715388237659150e-01 1.302290003363827491e-02 -2.207288092844279098e-02 -1.040323602816895399e+00 -1.304166419614169112e-02 9.999147016808130894e-01 -7.063241343879383136e-04 -8.537920748071483601e-01 2.206180255605138738e-02 9.939592141489643918e-04 9.997561194954206476e-01 5.024514734408153771e+01
9.996690969293382523e-01 1.412404789814288367e-02 -2.149912862295362895e-02 -1.059162451739167787e+00 -1.415422690417788600e-02 9.998990445886770662e-01 -1.252123848335698515e-03 -8.751827691339837401e-01 2.147927503720742370e-02 1.556013071192238490e-03 9.997680784819844568e-01 5.133366443085287045e+01
9.996848325878856523e-01 1.362237675453920396e-02 -2.108734065294715077e-02 -1.081601020428702320e+00 -1.368732550683675851e-02 9.999020101720793585e-01 -2.938682668647699895e-03 -8.973209546403895231e-01 2.104524379184107355e-02 3.226385777915117322e-03 9.997733172400349311e-01 5.241393725979333595e+01
9.996783298022605679e-01 1.417623125334723996e-02 -2.103022722479621145e-02 -1.099746749704959559e+00 -1.429394412327443346e-02 9.998829436125666881e-01 -5.457539702804118688e-03 -9.144249499330779907e-01 2.095040062699456834e-02 5.756388961416128436e-03 9.997639465851726470e-01 5.348681030788419122e+01
9.997180238961425047e-01 1.261611522653978759e-02 -2.011747369370057298e-02 -1.116587156285224314e+00 -1.277590984492632357e-02 9.998876918374358658e-01 -7.834340558281591496e-03 -9.408831282648340011e-01 2.001637749037604025e-02 8.089150364438609311e-03 9.997669242664216638e-01 5.456618139104721621e+01
9.997173186767259745e-01 1.190536768999587124e-02 -2.058031527125001384e-02 -1.136757277529475862e+00 -1.213620402657204257e-02 9.998644285413785804e-01 -1.112800118205900524e-02 -9.715500974458595174e-01 2.044504352007590550e-02 1.137462249082558767e-02 9.997262727818951866e-01 5.563835757226280521e+01
9.997433328990786849e-01 1.125652370172638278e-02 -1.966094476399823238e-02 -1.145665675627309144e+00 -1.150840923842297477e-02 9.998525412170369275e-01 -1.274557040538788419e-02 -1.005104066755633019e+00 1.951457675203322958e-02 1.296856472124074434e-02 9.997254658838843344e-01 5.671487025596051268e+01
9.997525025091803519e-01 9.586501663192888503e-03 -2.007551510211975920e-02 -1.163692064380855040e+00 -9.800202673457330746e-03 9.998960674460750653e-01 -1.057361469515857855e-02 -1.033857744094874853e+00 1.997206646803275157e-02 1.076774136974870295e-02 9.997425500447444380e-01 5.780722966389635786e+01
9.997851178099476099e-01 7.584205293078082749e-03 -1.929242506543259184e-02 -1.174974354471817639e+00 -7.679576869177710298e-03 9.999586365696437884e-01 -4.874157768071021336e-03 -1.055923604808768568e+00 1.925466174101537684e-02 5.021267914551509441e-03 9.998020056204086625e-01 5.888532578787822303e+01
9.997986225488757484e-01 5.261986958533785945e-03 -1.936569211537804772e-02 -1.191254192385595934e+00 -5.249548710719201955e-03 9.999859816398340984e-01 6.930924593846226516e-04 -1.073951861857629808e+00 1.936906847487424033e-02 -5.912917272872424482e-04 9.998122258112900340e-01 5.998128307810502946e+01
9.998131581710963944e-01 2.891050838574343255e-03 -1.911272459503073756e-02 -1.204769718096248443e+00 -2.853311183597590124e-03 9.999939280681069409e-01 2.001573474054810578e-03 -1.092447095317559791e+00 1.911839629910369598e-02 -1.946664996085789232e-03 9.998153337607966762e-01 6.106316501546840669e+01
9.998282715548652000e-01 1.119303749545661744e-03 -1.849818257123465176e-02 -1.218684476348490753e+00 -1.141095391496317743e-03 9.999986631515528357e-01 -1.167524378003609829e-03 -1.112370813597205910e+00 1.849685189230242457e-02 1.188432080404460117e-03 9.998282152935819012e-01 6.215341091925836281e+01
9.998209244140203733e-01 -7.185794356142922567e-04 -1.891028779034126250e-02 -1.235051774341167086e+00 6.369576944862079693e-04 9.999904576930118694e-01 -4.321933298625318075e-03 -1.131120612482129362e+00 1.891321485977343758e-02 4.309114197215621611e-03 9.998118478929677311e-01 6.323815967395991322e+01
9.998225055657637972e-01 2.070242014667963808e-03 -1.872641933777692558e-02 -1.251836392570634393e+00 -2.222027272744956077e-03 9.999648163321757099e-01 -8.088221783582675781e-03 -1.152861067699746167e+00 1.870901690131223510e-02 8.128396652366589106e-03 9.997919281020604121e-01 6.432780577811089984e+01
9.998239468203800051e-01 1.568388758976967633e-03 -1.869789883410289191e-02 -1.270443205869964620e+00 -1.799857085762028965e-03 9.999218838780793428e-01 -1.236896836211902329e-02 -1.185887637178243859e+00 1.867704065346899311e-02 1.240044389948004484e-02 9.997486693015404935e-01 6.540386643220824681e+01
9.998221838566175856e-01 5.678657173142866513e-03 -1.798179532209297563e-02 -1.293989775114291474e+00 -5.911863528227020124e-03 9.998987701253780891e-01 -1.294250366753232559e-02 -1.212070082064629073e+00 1.790648083040962887e-02 1.304650764257060495e-02 9.997545460180043975e-01 6.649909488241220856e+01
9.998214396603988252e-01 8.387413621754692683e-03 -1.693311915080369934e-02 -1.316223826006053921e+00 -8.554262658351963200e-03 9.999153434971194132e-01 -9.805098363070492012e-03 -1.233857763921847761e+00 1.684944749342178957e-02 9.948198121523327969e-03 9.998085468424817712e-01 6.759992323147130833e+01
9.998116442321984820e-01 9.297289049792000631e-03 -1.703659348614798216e-02 -1.333359378056031774e+00 -9.429226008321755365e-03 9.999260480791475336e-01 -7.680376914452760086e-03 -1.265072455557899378e+00 1.696392781809767658e-02 7.839571935605910494e-03 9.998253676886540431e-01 6.868407913633890871e+01
9.998109735468202475e-01 9.621663685028885096e-03 -1.689475927421870208e-02 -1.345433813624715258e+00 -9.735728419365789407e-03 9.999302794418306606e-01 -6.682204939898473903e-03 -1.290084104639217744e+00 1.682928944478715230e-02 6.845424468522106655e-03 9.998349470113492288e-01 6.977821403637523190e+01
9.998224874279203478e-01 8.459346713374490956e-03 -1.683575352947428924e-02 -1.360543704010034327e+00 -8.559392592094277122e-03 9.999460853179974462e-01 -5.879253528953740267e-03 -1.318124928027347265e+00 1.678511203681479907e-02 6.022313640884170011e-03 9.998409872540821031e-01 7.087409489392503303e+01
9.998278504293949265e-01 7.640206656663657558e-03 -1.690864240005553881e-02 -1.378501332261910628e+00 -7.715907874018981469e-03 9.999604761099175620e-01 -4.416323388100587034e-03 -1.339991071723265037e+00 1.687423333093939978e-02 4.546028540228890837e-03 9.998472834606875193e-01 7.196969322267926827e+01
9.998318255120043352e-01 5.357632536806651406e-03 -1.753922634838170347e-02 -1.395743246003727567e+00 -5.402067380442872498e-03 9.999823168310931765e-01 -2.487025382969464214e-03 -1.363628828872408327e+00 1.752559313192516080e-02 2.581355134310969919e-03 9.998430876569024406e-01 7.304977162000677993e+01
9.998266057679267016e-01 3.952567943148114875e-03 -1.819725612031030185e-02 -1.407420776857395417e+00 -3.968618110795240315e-03 9.999917678586432990e-01 -8.459642447634487059e-04 -1.384474556077557317e+00 1.819376369611065344e-02 9.180355125150127310e-04 9.998340563734299247e-01 7.413481302937870510e+01
9.998235594914113289e-01 3.454923629236143160e-03 -1.846367568036917303e-02 -1.423709905903003392e+00 -3.486420383958303143e-03 9.999925255188175655e-01 -1.673943289265820717e-03 -1.408168089925543320e+00 1.845775526146339190e-02 1.738020025813997050e-03 9.998281349897710779e-01 7.523000893698026914e+01
9.998082007184668774e-01 3.884960685230479365e-03 -1.919546201948771694e-02 -1.444291593746382274e+00 -3.991818354577803159e-03 9.999767377137092073e-01 -5.531622883903408727e-03 -1.435168657375769152e+00 1.917352725830129279e-02 5.607186657828385629e-03 9.998004515678238224e-01 7.630029668652460373e+01
9.997863696353310736e-01 5.597254055403837192e-03 -1.989692523364262194e-02 -1.460991471453557455e+00 -5.750524829669156207e-03 9.999541726003876585e-01 -7.654358149633147014e-03 -1.459960823061697388e+00 1.985317185664093112e-02 7.767140660727805436e-03 9.997727377642813273e-01 7.738885093634652890e+01
9.997660875433991290e-01 6.226015785702674471e-03 -2.071259669424041494e-02 -1.485902223735820815e+00 -6.356107189029014393e-03 9.999604540001795216e-01 -6.220865547149342228e-03 -1.481607559745779401e+00 2.067304809474731012e-02 6.351061805688612040e-03 9.997661184564211601e-01 7.845157120382650362e+01
9.997493699103831011e-01 7.930483720362530367e-03 -2.093578612222655316e-02 -1.505630733621660999e+00 -7.975633197886473902e-03 9.999660444068496634e-01 -2.073917957801928690e-03 -1.507033088447582880e+00 2.091862967061121348e-02 2.240374299817589863e-03 9.997786756827672372e-01 7.952474142324452089e+01
9.997418948839991160e-01 8.566107443578425615e-03 -2.104196885171997350e-02 -1.525570938152845502e+00 -8.521085190546737534e-03 9.999612164817679449e-01 2.228409926272265692e-03 -1.522214497812245382e+00 2.106024349745181865e-02 -2.048534283249894318e-03 9.997761086342329406e-01 8.060903598968921813e+01
9.997166054507322652e-01 9.347522015410347079e-03 -2.189352400038801702e-02 -1.545803397401013024e+00 -9.283943615217192524e-03 9.999523923741534537e-01 3.003869015899877058e-03 -1.543344299373393014e+00 2.192056193882833959e-02 -2.799759408998874453e-03 9.997557921751144550e-01 8.167184351051724889e+01
9.996887024795405585e-01 1.045733091588518793e-02 -2.265251056058747298e-02 -1.569339436197832116e+00 -1.043698163011663911e-02 9.999450176923180278e-01 1.016414616618746937e-03 -1.563798225331146430e+00 2.266189612288769042e-02 -7.796743469801307742e-04 9.997428798281412510e-01 8.272925808135883585e+01
9.996701097502241895e-01 9.787200713996727433e-03 -2.374630357433287278e-02 -1.591820854863335022e+00 -9.789983958964666722e-03 9.999520768693691553e-01 -9.139567077980301114e-07 -1.580801360361915098e+00 2.374515808486639054e-02 2.333895898242875535e-04 9.997180133804065560e-01 8.377823441241140756e+01
9.996727990278122533e-01 9.639310522027762923e-03 -2.369340851172129642e-02 -1.608172259035561602e+00 -9.642411989119433965e-03 9.999535059262053549e-01 -1.661147986708907232e-05 -1.599990501441209911e+00 2.369214845585961710e-02 2.450676043553119058e-04 9.997192750459822363e-01 8.483686489688258803e+01
9.996692536726983214e-01 8.129936885806708299e-03 -2.439860823700466808e-02 -1.629069678501955387e+00 -8.123303993648835208e-03 9.999669342935860739e-01 3.709922452079553418e-04 -1.624799942297574518e+00 2.440081971557609211e-02 -1.726722446652041829e-04 9.997022420337154935e-01 8.586052708306573322e+01
9.996563383795762370e-01 7.493738222189467134e-03 -2.512066002663338252e-02 -1.648317686212823929e+00 -7.445078906120964658e-03 9.999702294022451143e-01 2.030020956441763030e-03 -1.645927998057958419e+00 2.513512728650479922e-02 -1.842297927403364075e-03 9.996823622181784108e-01 8.687792784748680219e+01
9.996515092742684905e-01 7.025979472633071474e-03 -2.544576491215946520e-02 -1.668043388183833464e+00 -6.919751787304648585e-03 9.999669838727037741e-01 4.260349869952126042e-03 -1.660438984271721097e+00 2.547485979957425303e-02 -4.082786707203865488e-03 9.996671268530274990e-01 8.787176185872961298e+01
9.996326631922061168e-01 6.030971580493543413e-03 -2.642271067557096578e-02 -1.689388774238039570e+00 -5.886159550544730647e-03 9.999672501274190495e-01 5.554965344216398690e-03 -1.680046318777951520e+00 2.645534948957143154e-02 -5.397396415492540164e-03 9.996354266803747501e-01 8.885710877723197143e+01
9.995838922803808035e-01 4.642459016427740066e-03 -2.846900822707923787e-02 -1.711238182357373905e+00 -4.483790480565874072e-03 9.999740729938421113e-01 5.634701326913055426e-03 -1.698673141996954739e+00 2.849443083714952446e-02 -5.504707545460995124e-03 9.995787947257770423e-01 8.982843883112252570e+01
9.994833971486984936e-01 4.550980375034245455e-03 -3.181549914640104115e-02 -1.742138454499429168e+00 -4.395546281174265470e-03 9.999780654349301745e-01 4.953731577556726683e-03 -1.719948049943926138e+00 3.183734848964459019e-02 -4.811325952705333003e-03 9.994814874163714391e-01 9.075506517261011652e+01
9.993711383673524740e-01 4.312598409537548791e-03 -3.519546597653552128e-02 -1.770417267458948452e+00 -4.165466376352765406e-03 9.999822802979332348e-01 4.252695181106318223e-03 -1.734868688832693850e+00 3.521318562898897303e-02 -4.103415267145749980e-03 9.993714013347141378e-01 9.166587990352776671e+01
9.992737652400550674e-01 3.899471047489903343e-03 -3.790433530000756474e-02 -1.801068043988265366e+00 -3.741681015018559920e-03 9.999840409640635697e-01 4.232906801293040422e-03 -1.750735265653920569e+00 3.792023946431023751e-02 -4.088006672415541581e-03 9.992724037958814476e-01 9.255094554530971607e+01
9.991351754989853395e-01 5.326444798742631555e-03 -4.123757962301599633e-02 -1.839041635668164476e+00 -5.107497971068480740e-03 9.999723044342098133e-01 5.412949704894298546e-03 -1.768050649188551038e+00 4.126527269499890432e-02 -5.197647547764271993e-03 9.991347100668047654e-01 9.340963675494766960e+01
9.990026134461520435e-01 6.234339122284855185e-03 -4.421439714493666934e-02 -1.876989710676506773e+00 -5.950032040293762314e-03 9.999607842702452620e-01 6.558897704748839312e-03 -1.783707964497999843e+00 4.425355816392213815e-02 -6.289278802613505748e-03 9.990005322836027490e-01 9.425055059360001053e+01
9.988623830844352014e-01 6.655832184674313583e-03 -4.721911733745935008e-02 -1.912936685439230011e+00 -6.283745731093606096e-03 9.999480655581691746e-01 8.024078440817062133e-03 -1.799212463840599519e+00 4.727007647257017164e-02 -7.718236986446400105e-03 9.988523213573956561e-01 9.507333592927648169e+01
9.987035287148057217e-01 8.313502235301502633e-03 -5.022096160041917418e-02 -1.954051062245013570e+00 -7.874629544255249552e-03 9.999291197521076313e-01 8.930401814651470552e-03 -1.812713921595960009e+00 5.029164828601379034e-02 -8.523352279956623520e-03 9.986982015330867490e-01 9.586638212567751793e+01
9.985735893030888155e-01 1.019218168965634573e-02 -5.241092550847230302e-02 -1.998721193149931130e+00 -9.712442041428208037e-03 9.999086510779020553e-01 9.400024932319126295e-03 -1.822542400105097160e+00 5.250194901724262314e-02 -8.877578454297126512e-03 9.985813596190091790e-01 9.661186803308520155e+01
9.983841075675999877e-01 1.177825548024290410e-02 -5.559180685349190271e-02 -2.037928662894378018e+00 -1.132735052004010812e-02 9.999003985551973006e-01 8.419158961311094466e-03 -1.839448394489483496e+00 5.568543726212758782e-02 -7.775846428239973317e-03 9.984180838772027666e-01 9.734482725257696245e+01
9.982434234383278371e-01 1.340218334716110349e-02 -5.770995479020712970e-02 -2.077097100131883423e+00 -1.314347872850992090e-02 9.999018050241575972e-01 4.860120007045705924e-03 -1.853253566608802805e+00 5.776942916608430317e-02 -4.093073244707686430e-03 9.983215615375145013e-01 9.804806338215118444e+01
9.980313835963379177e-01 1.621057185635425488e-02 -6.058530276483169857e-02 -2.124931288038189425e+00 -1.616711113568843061e-02 9.998685756319991569e-01 1.207538437145820164e-03 -1.867772252378098852e+00 6.059692055615908263e-02 -2.256719062556735204e-04 9.981622907716629634e-01 9.871172984949637907e+01
9.979088139724736628e-01 1.807321168145360063e-02 -6.205928495346000467e-02 -2.166534730925699925e+00 -1.820651825674783272e-02 9.998329949923939752e-01 -1.583163500074971294e-03 -1.880803602596805568e+00 6.202031346778576204e-02 2.709736249165342788e-03 9.980712110351324107e-01 9.934590320067239588e+01
9.977974597534736700e-01 1.944473084952710873e-02 -6.342033687317821800e-02 -2.209106325513936486e+00 -1.964774049154773689e-02 9.998036368177556366e-01 -2.578838724101245507e-03 -1.891810793859279194e+00 6.335774374013175558e-02 3.819224941794227644e-03 9.979835734287707538e-01 9.995294973724526244e+01
9.978074037591523338e-01 2.230689997469174207e-02 -6.231193462799428789e-02 -2.248034725880192042e+00 -2.247771640065664503e-02 9.997452557301936826e-01 -2.041539680149506795e-03 -1.910936090746331306e+00 6.225052602254128181e-02 3.437693358976259654e-03 9.980546305106541283e-01 1.005313709698606033e+02
9.978988958496886053e-01 2.525087690107280167e-02 -5.966725369898093212e-02 -2.277583752544013684e+00 -2.531857483859530078e-02 9.996793607536024195e-01 -3.786831066509629019e-04 -1.925068849997709997e+00 5.963856484592741647e-02 1.888577204212740258e-03 9.982182533967091098e-01 1.011029789417244729e+02
9.981127082010968765e-01 2.816058665427031982e-02 -5.457099115252944665e-02 -2.306283799586800409e+00 -2.814179409896149994e-02 9.996033181494006215e-01 1.112980574212665006e-03 -1.938049638239948802e+00 5.458069121524752876e-02 4.248455277460887755e-04 9.985092736495025934e-01 1.016412199349840506e+02
9.984715195655652353e-01 2.916439132160203104e-02 -4.694754764354380772e-02 -2.324447439265732385e+00 -2.905076004585390240e-02 9.995731301285563086e-01 3.101074626444081609e-03 -1.949615554776355397e+00 4.701795143135939492e-02 -1.732472667018280328e-03 9.988925403058784847e-01 1.021490047607648393e+02
9.988734433633003063e-01 2.901572049051439825e-02 -3.754907761461179216e-02 -2.338821843757302954e+00 -2.882110540729177633e-02 9.995682515783470556e-01 5.714092808660135858e-03 -1.957297193133654245e+00 3.769866815098009416e-02 -4.625449582184826616e-03 9.992784450583526157e-01 1.026495978823471944e+02
9.992755591174117269e-01 2.827456191108112041e-02 -2.547380646793045295e-02 -2.339944858378851134e+00 -2.810229507196157495e-02 9.995798682001999502e-01 7.095513567516421351e-03 -1.967374688888310574e+00 2.566372870632542894e-02 -6.374500770090727256e-03 9.996503126823884644e-01 1.031226701340812895e+02
9.995554885403373779e-01 2.721010483131875227e-02 -1.218377409396582609e-02 -2.339476266493834444e+00 -2.712268157935716906e-02 9.996055682889699590e-01 7.284280653403141237e-03 -1.976646889777342153e+00 1.237717491145647400e-02 -6.950586053363841041e-03 9.998992431706926753e-01 1.035685736567023980e+02
9.996388960769955201e-01 2.667345376744360147e-02 3.254879324992135219e-03 -2.325137895740161387e+00 -2.669409822817321587e-02 9.996226983545055678e-01 6.472089036031665812e-03 -1.984973830823647090e+00 -3.081018520673884254e-03 -6.556637939457798589e-03 9.999737555684989898e-01 1.040030164884012862e+02
9.994509242675055916e-01 2.582205207617006490e-02 2.076220304699150782e-02 -2.297524473252069210e+00 -2.590490535472092862e-02 9.996574454963442768e-01 3.731426606784032669e-03 -2.000612927953430820e+00 -2.065873952248886009e-02 -4.267220677507777699e-03 9.997774802361500956e-01 1.044169014519182497e+02
9.987907146586808560e-01 2.557176392541117213e-02 4.199041706192593870e-02 -2.261973728111366100e+00 -2.557434205105892783e-02 9.996728057213538632e-01 -4.759329528738144490e-04 -2.008289353052534754e+00 -4.198885262232361637e-02 -5.985198946823360767e-04 9.991178996199652218e-01 1.048216003218644232e+02
9.975086669186423727e-01 2.363323473646147116e-02 6.646747230626180725e-02 -2.215890176926767374e+00 -2.333615240404991742e-02 9.997139248582885829e-01 -5.242591788387019301e-03 -2.019666967898961385e+00 -6.657236242929698289e-02 3.678435650411411659e-03 9.977748182230691265e-01 1.052323783354886189e+02
9.953949735378722075e-01 2.127550497794020515e-02 9.346763690262481494e-02 -2.154734647668285152e+00 -2.062804547183627948e-02 9.997560978144869326e-01 -7.887915849471599516e-03 -2.027109577348023439e+00 -9.361266755099542647e-02 5.923536992504783300e-03 9.955910686476409088e-01 1.056168326003315769e+02
9.922094237173398890e-01 1.845577778211688474e-02 1.232064835896638649e-01 -2.079216208402304034e+00 -1.746172266926266162e-02 9.998057259886569126e-01 -9.143255754733287458e-03 -2.036317298591796554e+00 -1.233513076789156532e-01 6.920626924222128551e-03 9.923389302940028855e-01 1.060141782899707437e+02
9.877212400985088125e-01 1.598523136135667974e-02 1.554066535947141725e-01 -1.990580580912016284e+00 -1.448507351800125409e-02 9.998369650980613033e-01 -1.078082203617061925e-02 -2.045462996640744269e+00 -1.555536585762006541e-01 8.397369994951007013e-03 9.877917548034299555e-01 1.063773834398563736e+02
9.814614463421638124e-01 1.402345882945587978e-02 1.911459198531612613e-01 -1.883518786715433935e+00 -1.189702246262556128e-02 9.998539697360695477e-01 -1.226781637923196437e-02 -2.058848909344537237e+00 -1.912900581318401905e-01 9.766321598172788762e-03 9.814849639217667621e-01 1.067549779635566836e+02
9.732961741807272249e-01 1.054391671587287874e-02 2.293106784882835703e-01 -1.756516639511530808e+00 -7.869126808943655710e-03 9.998899614221479215e-01 -1.257580484800835049e-02 -2.069764638414281155e+00 -2.294180590764089145e-01 1.043550748563359422e-02 9.732720343971247301e-01 1.071024556216021182e+02
9.630467308862601383e-01 7.849513811932461171e-03 2.692199458530626921e-01 -1.624772068979797535e+00 -4.554162901227663297e-03 9.999069001641743837e-01 -1.286276105291287580e-02 -2.083477920138564699e+00 -2.692958693667487635e-01 1.116136744095653360e-02 9.629928189495653434e-01 1.074627407807802228e+02
9.506026086361518690e-01 8.711953739696897195e-03 3.102882255467880879e-01 -1.476935018876485373e+00 -4.724070452050456448e-03 9.998963353115098984e-01 -1.360134552238529554e-02 -2.101499235887646755e+00 -3.103745836550079740e-01 1.146365058685304070e-02 9.505452160523382155e-01 1.077834232433978769e+02
9.351986473040898584e-01 1.118187629257433487e-02 3.539469430381276815e-01 -1.313317954486755701e+00 -6.580606640869543326e-03 9.998775064315521544e-01 -1.420080812754002421e-02 -2.106831376193998739e+00 -3.540624070456422912e-01 1.095139118941814219e-02 9.351576762643581953e-01 1.081105398910132180e+02
9.169298885449784775e-01 1.020237217934715120e-02 3.989178731624358765e-01 -1.139201585592329868e+00 -5.679754514050961919e-03 9.999055240568793801e-01 -1.251754379964066521e-02 -2.116488136923586616e+00 -3.990079262582301167e-01 9.211954670205307547e-03 9.169012073981421818e-01 1.084378644166621086e+02
8.967259465972005072e-01 9.648992710781172100e-03 4.424810131970646765e-01 -9.443079943693841738e-01 -5.179563587692317429e-03 9.999226429750598388e-01 -1.130805108923395481e-02 -2.120646580082608867e+00 -4.425559349779536467e-01 7.848363976527335251e-03 8.967065604277396629e-01 1.087227228358059961e+02
8.733789458450333942e-01 8.063809075273114038e-03 4.869745124648299228e-01 -7.346586071807078566e-01 -2.894406902632084069e-03 9.999312024063043980e-01 -1.136679689460707958e-02 -2.132394785911658985e+00 -4.870327129906901198e-01 8.518018585391263706e-03 8.733422017486620614e-01 1.090199712076787222e+02
