1.000000000000000000e+00 0.000000000000000000e+00 0.000000000000000000e+00 0.000000000000000000e+00 0.000000000000000000e+00 1.000000000000000000e+00 0.000000000000000000e+00 0.000000000000000000e+00 0.000000000000000000e+00 0.000000000000000000e+00 1.000000000000000000e+00 0.000000000000000000e+00 0.000000000000000000e+00 0.000000000000000000e+00 0.000000000000000000e+00 1.000000000000000000e+00
9.999985999999999597e-01 -1.516441199999999951e-03 -7.108366199999999711e-04 5.582547300000000323e-01 1.514861699999999964e-03 9.999963899999999573e-01 -2.217331199999999971e-03 -2.384447800000000098e-04 7.141965099999999719e-04 2.216251299999999914e-03 9.999972900000000386e-01 1.075643100000000033e-02 0.000000000000000000e+00 0.000000000000000000e+00 0.000000000000000000e+00 1.000000000000000000e+00
9.999956500000000137e-01 -2.257997700000000108e-03 -1.896135699999999986e-03 1.127093799999999924e+00 2.253975300000000178e-03 9.999952100000000232e-01 -2.120837899999999856e-03 2.869452499999999937e-03 1.900915499999999937e-03 2.116554799999999931e-03 9.999959499999999668e-01 2.263859699999999989e-02 0.000000000000000000e+00 0.000000000000000000e+00 0.000000000000000000e+00 1.000000000000000000e+00
9.999841200000000319e-01 -4.307672099999999837e-03 -3.634363900000000137e-03 1.671888000000000041e+00 4.299098999999999803e-03 9.999879699999999483e-01 -2.363431699999999844e-03 8.239111800000000624e-03 3.644501100000000111e-03 2.347769699999999789e-03 9.999905999999999517e-01 3.078616099999999939e-02 0.000000000000000000e+00 0.000000000000000000e+00 0.000000000000000000e+00 1.000000000000000000e+00
9.999656900000000181e-01 -6.469536799999999963e-03 -5.173906600000000022e-03 2.228606099999999923e+00 6.446216299999999941e-03 9.999690500000000259e-01 -4.511360899999999723e-03 4.835184600000000388e-03 5.202932799999999795e-03 4.477853999999999862e-03 9.999764399999999664e-01 4.190824900000000158e-02 0.000000000000000000e+00 0.000000000000000000e+00 0.000000000000000000e+00 1.000000000000000000e+00
9.999437100000000411e-01 -7.768307399999999606e-03 -7.226905999999999955e-03 2.792866800000000094e+00 7.719052399999999821e-03 9.999469600000000513e-01 -6.818618200000000316e-03 8.426463099999999956e-03 7.279491800000000186e-03 6.762449499999999974e-03 9.999506400000000017e-01 5.280473200000000006e-02 0.000000000000000000e+00 0.000000000000000000e+00 0.000000000000000000e+00 1.000000000000000000e+00
9.999220500000000067e-01 -9.626688099999999165e-03 -7.951533900000000085e-03 3.359985299999999953e+00 9.562232000000000370e-03 9.999214400000000502e-01 -8.104746700000000151e-03 1.843217000000000119e-02 8.028930999999999568e-03 8.028080499999999675e-03 9.999355399999999561e-01 6.002623499999999723e-02 0.000000000000000000e+00 0.000000000000000000e+00 0.000000000000000000e+00 1.000000000000000000e+00
9.999134899999999604e-01 -1.081815600000000065e-02 -7.481869900000000240e-03 3.943227100000000096e+00 1.075432800000000050e-02 9.999058800000000247e-01 -8.519285899999999578e-03 2.848968899999999860e-02 7.573328600000000035e-03 8.438086399999999293e-03 9.999357199999999724e-01 7.328017300000000400e-02 0.000000000000000000e+00 0.000000000000000000e+00 0.000000000000000000e+00 1.000000000000000000e+00
9.998946100000000170e-01 -1.231714899999999946e-02 -7.684327300000000013e-03 4.520643100000000025e+00 1.224857199999999924e-02 9.998852999999999769e-01 -8.908431499999999378e-03 3.945090400000000191e-02 7.793172400000000256e-03 8.813370600000000263e-03 9.999307899999999583e-01 8.427005999999999386e-02 0.000000000000000000e+00 0.000000000000000000e+00 0.000000000000000000e+00 1.000000000000000000e+00
9.998626400000000247e-01 -1.301922099999999922e-02 -1.025710300000000005e-02 5.113065699999999936e+00 1.293452099999999917e-02 9.998820499999999667e-01 -8.281191400000000383e-03 4.578923700000000346e-02 1.036370799999999925e-02 8.147383200000000297e-03 9.999130999999999991e-01 9.973953700000000311e-02 0.000000000000000000e+00 0.000000000000000000e+00 0.000000000000000000e+00 1.000000000000000000e+00
9.997902699999999809e-01 -1.470356100000000041e-02 -1.425559199999999922e-02 5.710144200000000225e+00 1.461103700000000033e-02 9.998716500000000007e-01 -6.572959300000000282e-03 6.104420599999999669e-02 1.435040800000000026e-02 6.363291800000000359e-03 9.998767800000000205e-01 1.142561400000000060e-01 0.000000000000000000e+00 0.000000000000000000e+00 0.000000000000000000e+00 1.000000000000000000e+00
9.997126400000000412e-01 -1.596902199999999938e-02 -1.787789299999999887e-02 6.318254999999999733e+00 1.588014899999999965e-02 9.998608900000000022e-01 -5.102093400000000389e-03 7.336264200000000568e-02 1.795688100000000093e-02 4.816723699999999990e-03 9.998271600000000481e-01 1.251304900000000109e-01 0.000000000000000000e+00 0.000000000000000000e+00 0.000000000000000000e+00 1.000000000000000000e+00
9.996904300000000188e-01 -1.690374700000000022e-02 -1.825674299999999889e-02 6.947321500000000150e+00 1.684889999999999999e-02 9.998530700000000104e-01 -3.153831000000000169e-03 9.518064199999999586e-02 1.830737299999999831e-02 2.845248600000000079e-03 9.998283599999999716e-01 1.384620400000000084e-01 0.000000000000000000e+00 0.000000000000000000e+00 0.000000000000000000e+00 1.000000000000000000e+00
9.997665599999999708e-01 -1.830289900000000095e-02 -1.148186399999999961e-02 7.582802599999999948e+00 1.829282399999999920e-02 9.998321900000000095e-01 -9.818737499999998994e-04 1.105490400000000012e-01 1.149790799999999939e-02 7.716088299999999522e-04 9.999335999999999780e-01 1.458169199999999888e-01 0.000000000000000000e+00 0.000000000000000000e+00 0.000000000000000000e+00 1.000000000000000000e+00
9.998200999999999894e-01 -1.894289700000000021e-02 -9.689663500000000439e-04 8.254179699999999897e+00 1.894262999999999850e-02 9.998205300000000406e-01 -2.837044299999999823e-04 1.283470399999999956e-01 9.741666300000000273e-04 2.652986199999999824e-04 9.999994899999999909e-01 1.598649799999999899e-01 0.000000000000000000e+00 0.000000000000000000e+00 0.000000000000000000e+00 1.000000000000000000e+00
9.997787599999999886e-01 -2.021545099999999887e-02 5.811583799999999779e-03 8.926688900000000260e+00 2.021229000000000081e-02 9.997955299999999879e-01 6.021564599999999637e-04 1.485479799999999961e-01 -5.822568400000000324e-03 -4.845578200000000193e-04 9.999829300000000476e-01 1.748191699999999960e-01 0.000000000000000000e+00 0.000000000000000000e+00 0.000000000000000000e+00 1.000000000000000000e+00
9.997530500000000320e-01 -2.151203399999999932e-02 5.574116700000000292e-03 9.602982700000000094e+00 2.149807800000000033e-02 9.997656299999999607e-01 2.551648399999999813e-03 1.732251599999999891e-01 -5.627701399999999847e-03 -2.431185499999999940e-03 9.999812099999999537e-01 1.882785399999999942e-01 0.000000000000000000e+00 0.000000000000000000e+00 0.000000000000000000e+00 1.000000000000000000e+00
9.997615899999999778e-01 -2.173718100000000125e-02 -2.061493800000000019e-03 1.029469800000000035e+01 2.174750400000000083e-02 9.997503599999999491e-01 5.125104699999999923e-03 1.919853199999999871e-01 1.949573900000000108e-03 -5.168715200000000010e-03 9.999847400000000386e-01 1.879414500000000099e-01 0.000000000000000000e+00 0.000000000000000000e+00 0.000000000000000000e+00 1.000000000000000000e+00
9.996994700000000345e-01 -2.304763300000000140e-02 -8.352846000000000576e-03 1.099427000000000021e+01 2.309120799999999848e-02 9.997200499999999712e-01 5.158454399999999954e-03 2.149462099999999987e-01 8.231617499999999837e-03 -5.349781500000000238e-03 9.999518099999999965e-01 1.863524599999999976e-01 0.000000000000000000e+00 0.000000000000000000e+00 0.000000000000000000e+00 1.000000000000000000e+00
9.996870900000000004e-01 -2.394108600000000031e-02 -7.249516099999999720e-03 1.173114499999999971e+01 2.396588800000000116e-02 9.997071499999999888e-01 3.353847499999999815e-03 2.305302200000000079e-01 7.167098299999999887e-03 -3.526539200000000044e-03 9.999681000000000264e-01 1.907582999999999918e-01 0.000000000000000000e+00 0.000000000000000000e+00 0.000000000000000000e+00 1.000000000000000000e+00
9.996822300000000050e-01 -2.510954799999999890e-02 2.226931000000000136e-03 1.248553300000000021e+01 2.510515199999999864e-02 9.996828500000000117e-01 1.980320299999999926e-03 2.442678899999999875e-01 -2.275949700000000006e-03 -1.923783600000000078e-03 9.999955600000000056e-01 1.988707299999999956e-01 0.000000000000000000e+00 0.000000000000000000e+00 0.000000000000000000e+00 1.000000000000000000e+00
9.996397500000000491e-01 -2.495306699999999892e-02 9.885201200000000646e-03 1.326731000000000016e+01 2.494308799999999868e-02 9.996882299999999555e-01 1.131515899999999911e-03 2.715979099999999979e-01 -9.910354099999999292e-03 -8.845408200000000418e-04 9.999504999999999644e-01 2.026720399999999978e-01 0.000000000000000000e+00 0.000000000000000000e+00 0.000000000000000000e+00 1.000000000000000000e+00
9.995810099999999920e-01 -2.614613799999999932e-02 1.241737400000000012e-02 1.405464500000000072e+01 2.614561899999999842e-02 9.996581199999999834e-01 2.041968699999999876e-04 2.989643599999999846e-01 -1.241846800000000021e-02 1.205486200000000012e-04 9.999228799999999584e-01 2.036046900000000048e-01 0.000000000000000000e+00 0.000000000000000000e+00 0.000000000000000000e+00 1.000000000000000000e+00
9.995982900000000004e-01 -2.583133699999999935e-02 1.166210999999999984e-02 1.485015899999999966e+01 2.585198899999999883e-02 9.996644599999999770e-01 -1.623597500000000015e-03 3.146587299999999976e-01 -1.161625699999999962e-02 1.924434000000000040e-03 9.999306799999999606e-01 2.030088300000000012e-01 0.000000000000000000e+00 0.000000000000000000e+00 0.000000000000000000e+00 1.000000000000000000e+00
9.996431099999999459e-01 -2.518637400000000096e-02 8.904499099999999348e-03 1.567814899999999945e+01 2.520678700000000133e-02 9.996798599999999757e-01 -2.187680000000000007e-03 3.407779000000000225e-01 -8.846548699999999890e-03 2.411353099999999795e-03 9.999579600000000346e-01 2.015901400000000010e-01 0.000000000000000000e+00 0.000000000000000000e+00 0.000000000000000000e+00 1.000000000000000000e+00
9.996638899999999994e-01 -2.528368199999999830e-02 5.731144700000000321e-03 1.651194299999999870e+01 2.528092900000000059e-02 9.996802299999999475e-01 5.523248900000000006e-04 3.688739100000000271e-01 -5.743276900000000157e-03 -4.072505899999999792e-04 9.999834199999999562e-01 1.914489500000000066e-01 0.000000000000000000e+00 0.000000000000000000e+00 0.000000000000000000e+00 1.000000000000000000e+00
9.997243999999999575e-01 -2.347457899999999889e-02 2.781488399999999849e-04 1.736533100000000118e+01 2.347513600000000061e-02 9.997219899999999493e-01 -2.206027599999999932e-03 3.916215100000000060e-01 -2.262859500000000048e-04 2.211949200000000015e-03 9.999975300000000233e-01 1.958803600000000034e-01 0.000000000000000000e+00 0.000000000000000000e+00 0.000000000000000000e+00 1.000000000000000000e+00
9.997068999999999539e-01 -2.350955600000000090e-02 -5.780615900000000106e-03 1.821916900000000084e+01 2.348000700000000066e-02 9.997111600000000431e-01 -5.127535400000000042e-03 4.087756699999999799e-01 5.899492299999999773e-03 4.990303599999999958e-03 9.999701500000000021e-01 2.038564099999999879e-01 0.000000000000000000e+00 0.000000000000000000e+00 0.000000000000000000e+00 1.000000000000000000e+00
9.996961500000000056e-01 -2.191632300000000144e-02 -1.128167000000000059e-02 1.911832499999999868e+01 2.187255800000000028e-02 9.997528100000000473e-01 -3.988152699999999821e-03 4.330000299999999802e-01 1.136628699999999922e-02 3.740181899999999848e-03 9.999284099999999897e-01 2.151751199999999975e-01 0.000000000000000000e+00 0.000000000000000000e+00 0.000000000000000000e+00 1.000000000000000000e+00
9.996733599999999553e-01 -2.216110300000000144e-02 -1.272986400000000046e-02 2.001080400000000026e+01 2.213565899999999850e-02 9.997526899999999994e-01 -2.136177099999999988e-03 4.570833899999999783e-01 1.277405600000000065e-02 1.853695399999999958e-03 9.999166900000000524e-01 2.238696699999999928e-01 0.000000000000000000e+00 0.000000000000000000e+00 0.000000000000000000e+00 1.000000000000000000e+00
9.996754300000000315e-01 -2.254213500000000134e-02 -1.186968300000000066e-02 2.093227699999999913e+01 2.250874699999999909e-02 9.997423300000000124e-01 -2.939013700000000107e-03 4.882360099999999981e-01 1.193287600000000025e-02 2.670888100000000202e-03 9.999252299999999982e-01 2.388931199999999866e-01 0.000000000000000000e+00 0.000000000000000000e+00 0.000000000000000000e+00 1.000000000000000000e+00
9.996712700000000007e-01 -2.212400299999999972e-02 -1.295721499999999936e-02 2.188688099999999892e+01 2.209989199999999945e-02 9.997537600000000468e-01 -2.001096300000000053e-03 5.108449400000000251e-01 1.299829599999999946e-02 1.714085400000000094e-03 9.999140499999999987e-01 2.600230299999999883e-01 0.000000000000000000e+00 0.000000000000000000e+00 0.000000000000000000e+00 1.000000000000000000e+00
9.996317999999999593e-01 -2.234703500000000120e-02 -1.539094499999999963e-02 2.281265600000000049e+01 2.236842899999999870e-02 9.997490500000000280e-01 1.219298800000000009e-03 5.455332299999999801e-01 1.535983500000000050e-02 -1.563121200000000066e-03 9.998808099999999532e-01 2.806220600000000065e-01 0.000000000000000000e+00 0.000000000000000000e+00 0.000000000000000000e+00 1.000000000000000000e+00
9.996302299999999530e-01 -2.178917099999999954e-02 -1.626769100000000079e-02 2.378945200000000071e+01 2.187828099999999942e-02 9.997464900000000432e-01 5.319972600000000273e-03 5.722229100000000290e-01 1.614764900000000003e-02 -5.673914500000000125e-03 9.998535200000000511e-01 3.010125300000000004e-01 0.000000000000000000e+00 0.000000000000000000e+00 0.000000000000000000e+00 1.000000000000000000e+00
9.996291899999999453e-01 -2.184522399999999989e-02 -1.625611999999999890e-02 2.474056600000000117e+01 2.195574299999999979e-02 9.997368199999999705e-01 6.651477000000000257e-03 6.048464300000000460e-01 1.610653800000000010e-02 -7.005925700000000325e-03 9.998457400000000383e-01 3.250024000000000246e-01 0.000000000000000000e+00 0.000000000000000000e+00 0.000000000000000000e+00 1.000000000000000000e+00
9.996439299999999584e-01 -2.134348800000000074e-02 -1.601446499999999856e-02 2.574308399999999963e+01 2.145814899999999928e-02 9.997450799999999527e-01 7.022466300000000314e-03 6.268639400000000084e-01 1.586049900000000012e-02 -7.363606600000000175e-03 9.998470999999999886e-01 3.482716200000000040e-01 0.000000000000000000e+00 0.000000000000000000e+00 0.000000000000000000e+00 1.000000000000000000e+00
9.996363700000000518e-01 -2.180884799999999873e-02 -1.585869300000000010e-02 2.671268600000000148e+01 2.193300000000000111e-02 9.997298100000000520e-01 7.697304200000000367e-03 6.576001299999999494e-01 1.568653899999999934e-02 -8.042333900000000341e-03 9.998446100000000225e-01 3.738322299999999876e-01 0.000000000000000000e+00 0.000000000000000000e+00 0.000000000000000000e+00 1.000000000000000000e+00
9.996445200000000364e-01 -2.203893999999999992e-02 -1.500417799999999996e-02 2.771089600000000175e+01 2.216615300000000094e-02 9.997192999999999774e-01 8.365627500000000216e-03 6.804680899999999699e-01 1.481559699999999979e-02 -8.695238500000000703e-03 9.998524300000000142e-01 4.013205699999999876e-01 0.000000000000000000e+00 0.000000000000000000e+00 0.000000000000000000e+00 1.000000000000000000e+00
9.996665700000000321e-01 -2.226306399999999908e-02 -1.308094599999999955e-02 2.874050499999999886e+01 2.238168999999999922e-02 9.997090499999999880e-01 8.993303899999999240e-03 7.048855200000000432e-01 1.287692099999999951e-02 -9.283078900000000036e-03 9.998740000000000405e-01 4.263328800000000252e-01 0.000000000000000000e+00 0.000000000000000000e+00 0.000000000000000000e+00 1.000000000000000000e+00
9.996669700000000436e-01 -2.294741399999999931e-02 -1.180538299999999916e-02 2.974141300000000143e+01 2.305650399999999850e-02 9.996919300000000064e-01 9.189095600000000627e-03 7.375954200000000016e-01 1.159087999999999959e-02 -9.458226199999999334e-03 9.998880900000000072e-01 4.462214700000000089e-01 0.000000000000000000e+00 0.000000000000000000e+00 0.000000000000000000e+00 1.000000000000000000e+00
9.996660400000000335e-01 -2.250709700000000021e-02 -1.269778400000000015e-02 3.077971199999999996e+01 2.262148599999999968e-02 9.997041500000000136e-01 8.938012599999999724e-03 7.619366300000000036e-01 1.249285800000000078e-02 -9.222270399999999563e-03 9.998794300000000135e-01 4.756855099999999781e-01 0.000000000000000000e+00 0.000000000000000000e+00 0.000000000000000000e+00 1.000000000000000000e+00
9.996511500000000439e-01 -2.263335000000000000e-02 -1.361258299999999928e-02 3.178145400000000009e+01 2.278309699999999868e-02 9.996804799999999824e-01 1.094802400000000064e-02 7.923507800000000323e-01 1.336044299999999962e-02 -1.125434200000000051e-02 9.998474099999999920e-01 4.993412300000000248e-01 0.000000000000000000e+00 0.000000000000000000e+00 0.000000000000000000e+00 1.000000000000000000e+00
9.996471999999999580e-01 -2.329742900000000144e-02 -1.275554800000000023e-02 3.283036100000000346e+01 2.343859499999999957e-02 9.996644099999999478e-01 1.103166700000000021e-02 8.253569600000000284e-01 1.249425799999999941e-02 -1.132674699999999986e-02 9.998577899999999685e-01 5.217767300000000219e-01 0.000000000000000000e+00 0.000000000000000000e+00 0.000000000000000000e+00 1.000000000000000000e+00
9.996741599999999783e-01 -2.348470600000000102e-02 -1.000255400000000031e-02 3.389367699999999672e+01 2.358132599999999968e-02 9.996753099999999836e-01 9.653656899999999916e-03 8.504158600000000234e-01 9.772592599999999421e-03 -9.886384800000000070e-03 9.999033699999999580e-01 5.455869399999999647e-01 0.000000000000000000e+00 0.000000000000000000e+00 0.000000000000000000e+00 1.000000000000000000e+00
9.996962200000000243e-01 -2.373171199999999856e-02 -6.653848700000000206e-03 3.493660200000000060e+01 2.379703199999999921e-02 9.996676300000000293e-01 9.915843900000000447e-03 8.792370800000000042e-01 6.416317199999999575e-03 -1.007117400000000045e-02 9.999287000000000036e-01 5.668571100000000529e-01 0.000000000000000000e+00 0.000000000000000000e+00 0.000000000000000000e+00 1.000000000000000000e+00
9.997124099999999958e-01 -2.368587399999999912e-02 -3.750973199999999962e-03 3.601092200000000076e+01 2.372178100000000081e-02 9.996701999999999533e-01 9.836630799999999258e-03 9.091420999999999530e-01 3.516746900000000155e-03 -9.922781699999999247e-03 9.999445799999999718e-01 5.880034499999999831e-01 0.000000000000000000e+00 0.000000000000000000e+00 0.000000000000000000e+00 1.000000000000000000e+00
9.997229899999999780e-01 -2.332875599999999910e-02 -3.117930599999999865e-03 3.708087900000000303e+01 2.335781199999999863e-02 9.996807599999999461e-01 9.632311500000000776e-03 9.364422100000000526e-01 2.892225400000000141e-03 -9.702471299999999507e-03 9.999487500000000528e-01 6.039816999999999547e-01 0.000000000000000000e+00 0.000000000000000000e+00 0.000000000000000000e+00 1.000000000000000000e+00
9.997110700000000350e-01 -2.362493599999999916e-02 -4.430472799999999808e-03 3.816770900000000211e+01 2.366729199999999950e-02 9.996722000000000108e-01 9.764773900000000770e-03 9.642312899999999631e-01 4.198328399999999572e-03 -9.866809900000000563e-03 9.999425100000000066e-01 6.227864100000000125e-01 0.000000000000000000e+00 0.000000000000000000e+00 0.000000000000000000e+00 1.000000000000000000e+00
9.996926499999999605e-01 -2.428835000000000022e-02 -4.968435600000000417e-03 3.923724899999999849e+01 2.434347499999999984e-02 9.996391900000000108e-01 1.135298099999999984e-02 9.964994999999999825e-01 4.690897700000000101e-03 -1.147044099999999962e-02 9.999232099999999512e-01 6.398068500000000380e-01 0.000000000000000000e+00 0.000000000000000000e+00 0.000000000000000000e+00 1.000000000000000000e+00
9.996788399999999575e-01 -2.502616100000000163e-02 -3.988147699999999851e-03 4.032406900000000149e+01 2.506615300000000074e-02 9.996325799999999928e-01 1.031465900000000033e-02 1.023547900000000066e+00 3.728546100000000151e-03 -1.041131399999999964e-02 9.999388500000000457e-01 6.559726900000000249e-01 0.000000000000000000e+00 0.000000000000000000e+00 0.000000000000000000e+00 1.000000000000000000e+00
9.996712599999999505e-01 -2.557222599999999998e-02 -1.854814999999999893e-03 4.140201799999999821e+01 2.558895599999999951e-02 9.996260700000000332e-01 9.639587300000000344e-03 1.053257099999999946e+00 1.607615699999999977e-03 -9.683881099999999686e-03 9.999518200000000467e-01 6.766626199999999924e-01 0.000000000000000000e+00 0.000000000000000000e+00 0.000000000000000000e+00 1.000000000000000000e+00
9.996405800000000008e-01 -2.680438699999999896e-02 4.842136700000000270e-04 4.247473399999999799e+01 2.679833699999999846e-02 9.995925300000000346e-01 9.829383800000000837e-03 1.087476099999999946e+00 -7.474869799999999927e-04 -9.812874799999999481e-03 9.999515700000000118e-01 6.902878999999999543e-01 0.000000000000000000e+00 0.000000000000000000e+00 0.000000000000000000e+00 1.000000000000000000e+00
9.996544499999999722e-01 -2.627829400000000065e-02 6.551259599999999586e-04 4.356567100000000181e+01 2.627036599999999986e-02 9.996040899999999452e-01 1.007626900000000054e-02 1.117940900000000015e+00 -9.196537599999999842e-04 -1.005557699999999957e-02 9.999490199999999662e-01 7.106149800000000072e-01 0.000000000000000000e+00 0.000000000000000000e+00 0.000000000000000000e+00 1.000000000000000000e+00
9.996246300000000140e-01 -2.720078899999999952e-02 -3.274287099999999891e-03 4.462543999999999755e+01 2.724180199999999899e-02 9.995415699999999903e-01 1.321089299999999959e-02 1.149745400000000028e+00 2.913439299999999975e-03 -1.329513099999999996e-02 9.999073699999999620e-01 7.289080300000000401e-01 0.000000000000000000e+00 0.000000000000000000e+00 0.000000000000000000e+00 1.000000000000000000e+00
9.996177800000000113e-01 -2.670328300000000127e-02 -7.156912799999999922e-03 4.570509599999999750e+01 2.681118399999999832e-02 9.995214199999999938e-01 1.543021699999999954e-02 1.183426099999999925e+00 6.741450199999999594e-03 -1.561620399999999985e-02 9.998553300000000421e-01 7.472832499999999545e-01 0.000000000000000000e+00 0.000000000000000000e+00 0.000000000000000000e+00 1.000000000000000000e+00
9.996095000000000397e-01 -2.693658599999999848e-02 -7.434646399999999752e-03 4.676807900000000018e+01 2.705373499999999889e-02 9.995037700000000136e-01 1.613404400000000016e-02 1.221672499999999939e+00 6.996361100000000020e-03 -1.632887900000000100e-02 9.998422000000000143e-01 7.659751999999999672e-01 0.000000000000000000e+00 0.000000000000000000e+00 0.000000000000000000e+00 1.000000000000000000e+00
9.996314200000000483e-01 -2.669463600000000075e-02 -4.942337500000000376e-03 4.786432200000000137e+01 2.675974100000000008e-02 9.995492099999999658e-01 1.361222900000000000e-02 1.252030699999999941e+00 4.576736100000000119e-03 -1.373946799999999947e-02 9.998951299999999653e-01 7.821730999999999545e-01 0.000000000000000000e+00 0.000000000000000000e+00 0.000000000000000000e+00 1.000000000000000000e+00
9.996517799999999898e-01 -2.620058800000000035e-02 -3.136864300000000161e-03 4.895880799999999766e+01 2.624647299999999933e-02 9.995336200000000115e-01 1.560946700000000013e-02 1.278643999999999892e+00 2.726424099999999896e-03 -1.568636299999999831e-02 9.998732399999999965e-01 8.039581799999999667e-01 0.000000000000000000e+00 0.000000000000000000e+00 0.000000000000000000e+00 1.000000000000000000e+00
9.996502299999999730e-01 -2.638822099999999990e-02 -1.757531199999999962e-03 5.003692099999999954e+01 2.640938599999999997e-02 9.995618600000000242e-01 1.336547199999999977e-02 1.315957599999999950e+00 1.404070099999999918e-03 -1.340721299999999942e-02 9.999091300000000349e-01 8.227529799999999671e-01 0.000000000000000000e+00 0.000000000000000000e+00 0.000000000000000000e+00 1.000000000000000000e+00
9.996696099999999863e-01 -2.560519500000000073e-02 -2.245658800000000042e-03 5.112992799999999960e+01 2.563493299999999864e-02 9.995676399999999795e-01 1.440109300000000023e-02 1.343832200000000032e+00 1.875945099999999990e-03 -1.445390199999999938e-02 9.998937799999999543e-01 8.397666799999999876e-01 0.000000000000000000e+00 0.000000000000000000e+00 0.000000000000000000e+00 1.000000000000000000e+00
9.996760500000000382e-01 -2.515155300000000010e-02 -3.897529500000000008e-03 5.219632399999999706e+01 2.520223900000000128e-02 9.995905000000000484e-01 1.355269599999999949e-02 1.378294700000000095e+00 3.555062099999999926e-03 -1.364653199999999941e-02 9.999005600000000493e-01 8.600847700000000540e-01 0.000000000000000000e+00 0.000000000000000000e+00 0.000000000000000000e+00 1.000000000000000000e+00
9.996671200000000201e-01 -2.494549700000000050e-02 -6.585512800000000236e-03 5.327870599999999968e+01 2.503774500000000014e-02 9.995839699999999883e-01 1.431807799999999971e-02 1.406987399999999999e+00 6.225601499999999615e-03 -1.447819799999999942e-02 9.998757999999999813e-01 8.757268599999999958e-01 0.000000000000000000e+00 0.000000000000000000e+00 0.000000000000000000e+00 1.000000000000000000e+00
9.996703399999999906e-01 -2.419584400000000107e-02 -8.589464700000000452e-03 5.435157300000000191e+01 2.430064800000000108e-02 9.996288500000000132e-01 1.231434000000000001e-02 1.434403600000000001e+00 8.288320800000000335e-03 -1.251901000000000055e-02 9.998872800000000449e-01 8.960057900000000242e-01 0.000000000000000000e+00 0.000000000000000000e+00 0.000000000000000000e+00 1.000000000000000000e+00
9.996358400000000533e-01 -2.425126600000000049e-02 -1.183472300000000012e-02 5.543280000000000030e+01 2.438096199999999908e-02 9.996428699999999612e-01 1.094054199999999928e-02 1.460289500000000018e+00 1.156517399999999925e-02 -1.122509900000000053e-02 9.998701100000000341e-01 9.258400700000000150e-01 0.000000000000000000e+00 0.000000000000000000e+00 0.000000000000000000e+00 1.000000000000000000e+00
9.996327299999999694e-01 -2.343612899999999999e-02 -1.360704299999999922e-02 5.650995100000000093e+01 2.357647900000000088e-02 9.996695199999999781e-01 1.024736400000000013e-02 1.484139199999999992e+00 1.336238699999999988e-02 -1.056440600000000014e-02 9.998549100000000411e-01 9.547313200000000499e-01 0.000000000000000000e+00 0.000000000000000000e+00 0.000000000000000000e+00 1.000000000000000000e+00
9.996517299999999606e-01 -2.385237600000000152e-02 -1.129057699999999956e-02 5.759449699999999694e+01 2.396098400000000114e-02 9.996669599999999933e-01 9.583828000000000832e-03 1.515811800000000042e+00 1.105822000000000055e-02 -9.851023699999999356e-03 9.998903300000000494e-01 9.842446599999999934e-01 0.000000000000000000e+00 0.000000000000000000e+00 0.000000000000000000e+00 1.000000000000000000e+00
9.997201399999999794e-01 -2.302362700000000137e-02 -5.437081800000000131e-03 5.867638099999999923e+01 2.306007599999999880e-02 9.997113699999999881e-01 6.739088699999999654e-03 1.540046100000000084e+00 5.280354200000000192e-03 -6.862582199999999952e-03 9.999625100000000266e-01 1.004520400000000091e+00 0.000000000000000000e+00 0.000000000000000000e+00 0.000000000000000000e+00 1.000000000000000000e+00
9.997275399999999701e-01 -2.334156000000000078e-02 1.465964200000000061e-04 5.977168499999999796e+01 2.334065999999999919e-02 9.997173700000000496e-01 4.515395400000000309e-03 1.564600999999999908e+00 -2.519513600000000122e-04 -4.510743400000000354e-03 9.999897899999999895e-01 1.025077299999999969e+00 0.000000000000000000e+00 0.000000000000000000e+00 0.000000000000000000e+00 1.000000000000000000e+00
9.997307600000000516e-01 -2.314835100000000104e-02 1.602773800000000101e-03 6.085729599999999806e+01 2.314353300000000085e-02 9.997277599999999653e-01 2.962263499999999872e-03 1.588199099999999975e+00 -1.670908899999999902e-03 -2.924372100000000203e-03 9.999943300000000423e-01 1.043911000000000033e+00 0.000000000000000000e+00 0.000000000000000000e+00 0.000000000000000000e+00 1.000000000000000000e+00
9.997483499999999523e-01 -2.238403500000000004e-02 -1.483111199999999916e-03 6.194026399999999910e+01 2.238499500000000128e-02 9.997492199999999940e-01 6.341031100000000045e-04 1.609360300000000077e+00 1.468545500000000090e-03 -6.671429800000000044e-04 9.999987000000000181e-01 1.059224699999999908e+00 0.000000000000000000e+00 0.000000000000000000e+00 0.000000000000000000e+00 1.000000000000000000e+00
9.997354200000000413e-01 -2.246366699999999966e-02 -4.947794400000000287e-03 6.302888899999999950e+01 2.245974300000000076e-02 9.997473900000000135e-01 -8.471958799999999758e-04 1.632084700000000055e+00 4.965575600000000055e-03 7.358455299999999959e-04 9.999873999999999707e-01 1.078054800000000091e+00 0.000000000000000000e+00 0.000000000000000000e+00 0.000000000000000000e+00 1.000000000000000000e+00
9.997175099999999759e-01 -2.210840099999999975e-02 -8.724148500000000750e-03 6.411604599999999721e+01 2.212684100000000126e-02 9.997531299999999899e-01 2.022857500000000038e-03 1.658269500000000063e+00 8.677272600000000835e-03 -2.215323899999999818e-03 9.999599000000000126e-01 1.095630000000000104e+00 0.000000000000000000e+00 0.000000000000000000e+00 0.000000000000000000e+00 1.000000000000000000e+00
9.996679299999999824e-01 -2.248072699999999896e-02 -1.259578000000000086e-02 6.520683499999999810e+01 2.250621100000000166e-02 9.997449299999999761e-01 1.885092000000000104e-03 1.686832099999999945e+00 1.255018899999999979e-02 -2.167949299999999847e-03 9.999188900000000046e-01 1.125141500000000017e+00 0.000000000000000000e+00 0.000000000000000000e+00 0.000000000000000000e+00 1.000000000000000000e+00
9.996781399999999929e-01 -2.125929699999999992e-02 -1.384394400000000039e-02 6.629810200000000009e+01 2.134089399999999914e-02 9.997555900000000273e-01 5.773236499999999903e-03 1.720122900000000010e+00 1.371782499999999946e-02 -6.066820500000000282e-03 9.998875000000000401e-01 1.149230399999999985e+00 0.000000000000000000e+00 0.000000000000000000e+00 0.000000000000000000e+00 1.000000000000000000e+00
9.997370799999999447e-01 -2.045954200000000070e-02 -1.035224099999999987e-02 6.740430499999999370e+01 2.054525499999999838e-02 9.997549500000000311e-01 8.242229199999999423e-03 1.755540700000000065e+00 1.018107199999999934e-02 -8.452751600000000740e-03 9.999124400000000135e-01 1.168694600000000028e+00 0.000000000000000000e+00 0.000000000000000000e+00 0.000000000000000000e+00 1.000000000000000000e+00
9.997527400000000286e-01 -2.071726299999999965e-02 -8.077463999999999478e-03 6.848272699999999702e+01 2.079446999999999893e-02 9.997377299999999911e-01 9.594434599999999980e-03 1.779725999999999919e+00 7.876575099999999843e-03 -9.760028900000000326e-03 9.999213500000000421e-01 1.200589099999999965e+00 0.000000000000000000e+00 0.000000000000000000e+00 0.000000000000000000e+00 1.000000000000000000e+00
9.997686500000000365e-01 -2.021640300000000084e-02 -7.345203300000000338e-03 6.957662200000000041e+01 2.028812699999999955e-02 9.997458999999999651e-01 9.825113400000000038e-03 1.809833500000000095e+00 7.144708399999999751e-03 -9.971860699999999730e-03 9.999247500000000288e-01 1.224458400000000058e+00 0.000000000000000000e+00 0.000000000000000000e+00 0.000000000000000000e+00 1.000000000000000000e+00
9.997695800000000466e-01 -2.047975000000000143e-02 -6.431461299999999964e-03 7.067006399999999644e+01 2.053517599999999874e-02 9.997515099999999544e-01 8.673624099999999171e-03 1.833957700000000024e+00 6.252229399999999909e-03 -8.803696700000000416e-03 9.999417000000000444e-01 1.247214499999999893e+00 0.000000000000000000e+00 0.000000000000000000e+00 0.000000000000000000e+00 1.000000000000000000e+00
9.997765299999999966e-01 -2.054083099999999898e-02 -4.997209300000000388e-03 7.175738599999999678e+01 2.057555399999999937e-02 9.997637999999999803e-01 6.999362200000000360e-03 1.855545699999999965e+00 4.852256299999999772e-03 -7.100618300000000049e-03 9.999630200000000357e-01 1.269681999999999977e+00 0.000000000000000000e+00 0.000000000000000000e+00 0.000000000000000000e+00 1.000000000000000000e+00
9.997773699999999986e-01 -2.087231999999999976e-02 -3.090187299999999984e-03 7.284781399999999962e+01 2.088950499999999919e-02 9.997658999999999851e-01 5.637471899999999675e-03 1.884864899999999954e+00 2.971796799999999912e-03 -5.700769399999999765e-03 9.999793300000000551e-01 1.290627399999999980e+00 0.000000000000000000e+00 0.000000000000000000e+00 0.000000000000000000e+00 1.000000000000000000e+00
9.997606900000000074e-01 -2.183850299999999869e-02 -1.282393300000000047e-03 7.392729900000000498e+01 2.184381499999999907e-02 9.997522100000000300e-01 4.285340900000000203e-03 1.906463599999999925e+00 1.188490099999999980e-03 -4.312327799999999753e-03 9.999900000000000455e-01 1.309047700000000036e+00 0.000000000000000000e+00 0.000000000000000000e+00 0.000000000000000000e+00 1.000000000000000000e+00
9.997512899999999592e-01 -2.218907200000000066e-02 -2.237533700000000122e-03 7.502352799999999888e+01 2.219788199999999864e-02 9.997456200000000015e-01 3.992654400000000131e-03 1.931035800000000080e+00 2.148371200000000116e-03 -4.041329899999999628e-03 9.999895300000000153e-01 1.330778199999999911e+00 0.000000000000000000e+00 0.000000000000000000e+00 0.000000000000000000e+00 1.000000000000000000e+00
9.997229899999999780e-01 -2.276380899999999943e-02 -5.979332799999999802e-03 7.609511200000000031e+01 2.278911000000000131e-02 9.997314800000000057e-01 4.198025799999999599e-03 1.953978500000000063e+00 5.882164199999999690e-03 -4.333126599999999849e-03 9.999733100000000041e-01 1.351375200000000110e+00 0.000000000000000000e+00 0.000000000000000000e+00 0.000000000000000000e+00 1.000000000000000000e+00
9.997010299999999905e-01 -2.307733000000000007e-02 -8.079659899999999326e-03 7.718961099999999931e+01 2.312188899999999964e-02 9.997177099999999816e-01 5.465707400000000341e-03 1.985853300000000043e+00 7.951245200000000082e-03 -5.650890300000000095e-03 9.999524199999999530e-01 1.375033399999999961e+00 0.000000000000000000e+00 0.000000000000000000e+00 0.000000000000000000e+00 1.000000000000000000e+00
9.996934100000000045e-01 -2.388121699999999972e-02 -6.540740199999999817e-03 7.826094600000000412e+01 2.392456399999999886e-02 9.996917699999999796e-01 6.631079899999999666e-03 2.015280600000000089e+00 6.380365899999999695e-03 -6.785531299999999696e-03 9.999566199999999627e-01 1.396285800000000021e+00 0.000000000000000000e+00 0.000000000000000000e+00 0.000000000000000000e+00 1.000000000000000000e+00
9.997014899999999704e-01 -2.428493199999999866e-02 -2.677372500000000082e-03 7.933357499999999618e+01 2.430441800000000124e-02 9.996764500000000497e-01 7.503050100000000291e-03 2.042965900000000001e+00 2.494295200000000174e-03 -7.565882399999999605e-03 9.999682699999999924e-01 1.419146299999999972e+00 0.000000000000000000e+00 0.000000000000000000e+00 0.000000000000000000e+00 1.000000000000000000e+00
9.996967100000000439e-01 -2.458288000000000140e-02 1.474621599999999949e-03 8.041129300000000057e+01 2.456864500000000007e-02 9.996576400000000140e-01 8.999337600000000686e-03 2.076620300000000086e+00 -1.695346400000000055e-03 -8.960378700000000418e-03 9.999584200000000145e-01 1.436130099999999965e+00 0.000000000000000000e+00 0.000000000000000000e+00 0.000000000000000000e+00 1.000000000000000000e+00
9.996646900000000224e-01 -2.578165300000000160e-02 2.411457499999999834e-03 8.147266999999999371e+01 2.575793599999999864e-02 9.996240400000000470e-01 9.396962400000000160e-03 2.105482700000000040e+00 -2.652820100000000212e-03 -9.331697300000000445e-03 9.999529400000000123e-01 1.452351200000000064e+00 0.000000000000000000e+00 0.000000000000000000e+00 0.000000000000000000e+00 1.000000000000000000e+00
9.996728499999999462e-01 -2.557611799999999838e-02 2.330772499999999952e-04 8.252539600000000064e+01 2.557237500000000135e-02 9.996201799999999693e-01 1.027409500000000045e-02 2.141950500000000090e+00 -4.957601999999999972e-04 -1.026477400000000081e-02 9.999471899999999858e-01 1.470590199999999959e+00 0.000000000000000000e+00 0.000000000000000000e+00 0.000000000000000000e+00 1.000000000000000000e+00
9.996437200000000134e-01 -2.668421500000000071e-02 -6.177502099999999463e-04 8.358153599999999983e+01 2.668886499999999912e-02 9.995990900000000234e-01 9.453752500000000766e-03 2.173036199999999862e+00 3.652365800000000246e-04 -9.466871400000000103e-03 9.999551199999999751e-01 1.485692500000000082e+00 0.000000000000000000e+00 0.000000000000000000e+00 0.000000000000000000e+00 1.000000000000000000e+00
9.996349100000000432e-01 -2.701234799999999853e-02 -6.107501700000000444e-04 8.463299800000000062e+01 2.701691200000000057e-02 9.995904300000000298e-01 9.437428100000000777e-03 2.205500600000000144e+00 3.555729299999999871e-04 -9.450483200000000042e-03 9.999552800000000019e-01 1.503237399999999946e+00 0.000000000000000000e+00 0.000000000000000000e+00 0.000000000000000000e+00 1.000000000000000000e+00
9.996094800000000502e-01 -2.794040600000000096e-02 -4.661638199999999918e-04 8.566609099999999444e+01 2.794326999999999922e-02 9.995765599999999473e-01 8.116351900000000688e-03 2.234351000000000198e+00 2.391922599999999873e-04 -8.126208500000000820e-03 9.999669500000000211e-01 1.525891300000000061e+00 0.000000000000000000e+00 0.000000000000000000e+00 0.000000000000000000e+00 1.000000000000000000e+00
9.996016399999999580e-01 -2.820024100000000089e-02 1.144831900000000107e-03 8.668333199999999295e+01 2.819126500000000007e-02 9.995764900000000397e-01 7.218076500000000090e-03 2.263694099999999931e+00 -1.347898500000000105e-03 -7.182926899999999941e-03 9.999732900000000146e-01 1.544365599999999894e+00 0.000000000000000000e+00 0.000000000000000000e+00 0.000000000000000000e+00 1.000000000000000000e+00
9.995798200000000078e-01 -2.876580899999999982e-02 3.565778600000000121e-03 8.767688099999999451e+01 2.874044599999999935e-02 9.995625999999999678e-01 6.971045099999999967e-03 2.288829400000000014e+00 -3.764746600000000009e-03 -6.865633900000000199e-03 9.999693400000000398e-01 1.560549500000000034e+00 0.000000000000000000e+00 0.000000000000000000e+00 0.000000000000000000e+00 1.000000000000000000e+00
9.995533599999999463e-01 -2.947474099999999875e-02 4.932030100000000042e-03 8.866931300000000249e+01 2.944560699999999864e-02 9.995490999999999682e-01 5.878953099999999730e-03 2.321249299999999849e+00 -5.103086899999999607e-03 -5.731100700000000062e-03 9.999705599999999528e-01 1.579290599999999989e+00 0.000000000000000000e+00 0.000000000000000000e+00 0.000000000000000000e+00 1.000000000000000000e+00
9.994892699999999852e-01 -3.152660699999999816e-02 5.222782500000000203e-03 8.963365000000000293e+01 3.150239299999999659e-02 9.994928299999999988e-01 4.655374900000000191e-03 2.350327800000000078e+00 -5.366901900000000183e-03 -4.488467200000000393e-03 9.999755200000000066e-01 1.593247800000000103e+00 0.000000000000000000e+00 0.000000000000000000e+00 0.000000000000000000e+00 1.000000000000000000e+00
9.993874099999999761e-01 -3.470670499999999742e-02 4.499312200000000171e-03 9.055787499999999568e+01 3.468852499999999783e-02 9.993899400000000321e-01 4.057541599999999783e-03 2.386701400000000195e+00 -4.637391200000000324e-03 -3.898981499999999885e-03 9.999816500000000552e-01 1.614247999999999905e+00 0.000000000000000000e+00 0.000000000000000000e+00 0.000000000000000000e+00 1.000000000000000000e+00
9.992569500000000327e-01 -3.838936999999999905e-02 3.436578000000000029e-03 9.146611000000000047e+01 3.837765800000000199e-02 9.992574800000000312e-01 3.411422500000000062e-03 2.424434399999999989e+00 -3.564988700000000076e-03 -3.276999799999999897e-03 9.999882799999999516e-01 1.623834100000000058e+00 0.000000000000000000e+00 0.000000000000000000e+00 0.000000000000000000e+00 1.000000000000000000e+00
9.991424100000000363e-01 -4.124321699999999868e-02 3.665058000000000118e-03 9.236210599999999715e+01 4.122957399999999800e-02 9.991427600000000186e-01 3.723048899999999942e-03 2.465036800000000028e+00 -3.815466699999999801e-03 -3.568747299999999820e-03 9.999863500000000238e-01 1.641486400000000012e+00 0.000000000000000000e+00 0.000000000000000000e+00 0.000000000000000000e+00 1.000000000000000000e+00
