1.0 -3.3060500841676016e-19 -2.270457535318767e-19 -8.673617379884035e-19 7.546676715296109e-19 1.0 6.23777358882305e-19 1.3877787807814457e-17 -3.4473856805262506e-20 4.77070017605201e-20 1.0000000000000002 5.551115123125783e-17
0.99999666767564 -0.002075104958925731 -0.0015346911070557156 -0.0029903877043732452 0.0020739407836895415 0.9999975599851226 -0.0007598597197840617 -0.014875770567924981 0.0015362642908711888 0.0007566743572362236 0.9999985323392376 0.5588245880931824
0.9999949429032857 -0.002158082958357389 -0.002334844443120628 -0.008169669214268583 0.002153247728875888 0.9999955314207588 -0.0020714653966751187 -0.02986039944152763 0.0023393045958400127 0.0020664274577236407 0.9999951256759557 1.1251925502890463
0.9999871584333703 -0.002495621812392591 -0.0044104576675518675 -0.013675659010234553 0.0024789438486912947 0.999989775377989 -0.003782944964083711 -0.0420352349780453 0.004419853830614133 0.0037719632991181002 0.999983116188641 1.6774461995223369
0.9999675192257667 -0.004556514731851669 -0.0066484227707150415 -0.019263417505113546 0.004520980214154201 0.999975471808582 -0.005350124728225853 -0.05645207026557855 0.006672638103885747 0.005319893650012415 0.9999635889656516 2.232877661175391
0.9999412090955048 -0.007338253273704078 -0.0079826881768779 -0.018745487931194144 0.007280553532341626 0.9999473320413387 -0.00723337041274766 -0.07093016758378666 0.008035348629230894 0.007174826765763374 0.9999419788631567 2.7978715643142804
0.9999200475295976 -0.008330642202425076 -0.009513366449768844 -0.02939535134553583 0.008254716500826573 0.9999339826055753 -0.007992563471322538 -0.0859116963171867 0.009579322391653494 0.007913394465857856 0.9999227998648275 3.3569126834491123
0.9999045798251204 -0.008511141868763327 -0.010880718913059202 -0.03830625033821691 0.008431097405621113 0.9999372138625953 -0.007381416239599883 -0.09930896784801041 0.01094286176820314 0.007288975712595319 0.9999135563122846 3.9401624402375024
0.999889264287185 -0.008687488595762252 -0.012082829030575407 -0.05103350439193927 0.008595268167227674 0.999933692507745 -0.007663493823544039 -0.11400379671990536 0.012148605552442775 0.007558790101227505 0.9998976332050702 4.517651026562732
0.9998804457689177 -0.008297073039042376 -0.013048246301223199 -0.061511286992604455 0.008160930478541283 0.999912064123288 -0.010452671675801458 -0.13517418284211818 0.013133826185088598 0.010344935622664113 0.9998602301077943 5.1157883220110305
0.9998671553043766 -0.006923442660536987 -0.014755908606061649 -0.08122314836730629 0.00671487060892421 0.9998775119537565 -0.014137823049425865 -0.15239617410315823 0.014851984128168195 0.014036861221052766 0.999791172741867 5.70851862848383
0.9998579378694933 -0.005328783779585695 -0.015990837507662857 -0.0956406078979093 0.005043529692004094 0.9998283817828035 -0.017826234238202662 -0.16710297116525663 0.016083086786778073 0.01774305251033628 0.9997132203477034 6.318795915600325
0.9998509429663659 -0.003494787996647783 -0.016907921077601442 -0.11243750372856502 0.003192970730982574 0.9998356661616417 -0.017844833748697907 -0.18687776303078255 0.01696750826155725 0.017788187273299175 0.9996978008719927 6.946074031438855
0.9998283480609924 -0.0010937706139823294 -0.01849561533108483 -0.13444252664092632 0.0008795892477272074 0.9999325138587434 -0.01158428562299958 -0.19462108246199686 0.018507039726746877 0.011566028402371666 0.9997618280802647 7.586106182160094
0.999825856001021 -0.00026843812226418247 -0.018659786221619176 -0.15146223372777012 0.0002482976158683779 0.9999993817888703 -0.001081660227193595 -0.21274324051606158 0.018660066590451375 0.00107683873965905 0.9998253022101089 8.252478233335395
0.9998022172018223 0.0005569126208841699 -0.019880274710863784 -0.17091754725021038 -0.00043717739754609936 0.9999817429677773 0.006026658647570914 -0.22456669184893405 0.019883269832967593 -0.006016775540333911 0.9997841998304006 8.921182917680529
0.9997722067899909 0.0024542141747211778 -0.021201766571938823 -0.1947633237699111 -0.002334488941738163 0.9999811997348182 0.005669865466883845 -0.24555646414626534 0.02121528423083254 -0.0056190788106477985 0.9997591434751909 9.595525806220593
0.9997576124358888 0.005186899039530903 -0.02139636361450455 -0.2180546741707884 -0.00522557367040657 0.9999848116585778 -0.0017520068188178228 -0.25357106522261375 0.021386952134959652 0.001863390513606136 0.9997695359055336 10.287889260089267
0.9997191306718942 0.0050265053934061225 -0.023160342659427288 -0.24277102570207904 -0.005216774402448004 0.9999530777944383 -0.008162188807805296 -0.2568196156210994 0.023118230783454884 0.008280718650678566 0.9996984415336676 10.995574804840656
0.9997115680466735 0.0033672352380675835 -0.023779141909470412 -0.26134745254874386 -0.0035401146403887308 0.9999675861254356 -0.007231853256220565 -0.2637827457270224 0.023754021754053615 0.007313948508363725 0.9996910758278913 11.72624498582321
0.9996898946862103 0.001876799858374894 -0.02483120591960391 -0.2799625832542488 -0.0018219981056707497 0.9999958535468921 0.0022294135024755746 -0.27485945156183605 0.024835289686922404 -0.002183479839916269 0.999689171766898 12.483096838017389
0.9997096600302015 0.0011099584678713262 -0.024069992191183092 -0.32156629140764725 -0.0008686420264821501 0.9999492823673338 0.010033755321335387 -0.27537732616359556 0.024079910941357845 -0.010009934075079595 0.999659917602465 13.2847165443884
0.999693403203525 0.00038623377496663783 -0.024757744232600142 -0.36288584897565607 -7.414062208923534e-05 0.999920541351766 0.01260555850819506 -0.28058077833533224 0.024760647551919045 -0.012599858609215598 0.9996140054447094 14.078029961964308
0.9996931306420429 -0.001803702071263764 -0.024706098430875796 -0.3919540704505465 0.0020925082370406795 0.9999297299615663 0.01166880135017336 -0.2828111962947849 0.02468331704425437 -0.0117169182534568 0.9996266493963913 14.887202789500835
0.9997125489264572 -0.002086205194761914 -0.023884612189372836 -0.4154259719550509 0.002305892298090561 0.9999552631172578 0.009174001355085766 -0.2857253796624851 0.023864407549875774 -0.00922643971725292 0.9996726279562854 15.718058298287628
0.9997251588048264 0.00022617280562435693 -0.023442600800385877 -0.45461212557128794 -9.363616236581316e-05 0.9999840083936257 0.005654609574724629 -0.278270230355128 0.023443506727030477 -0.005650860504099922 0.9997091928015482 16.551724442545694
0.9997595303319003 -0.002139367411739095 -0.0218241833320748 -0.48147138953379376 0.0021498753441091187 0.9999975849812726 0.000458022131920159 -0.2903067461620685 0.02182315288724544 -0.000504831226736274 0.9997617146868274 17.41330100890574
0.999751254952898 -0.005005182139364674 -0.021734225941968433 -0.506750475720502 0.004878821467824472 0.9999709063239495 -0.005863049820807043 -0.30606536683494945 0.021762940559416858 0.005755554090989819 0.9997465887231526 18.27332243919815
0.9997968925641253 -0.003987723620941259 -0.019755144047419536 -0.5429605701378406 0.0037702862272532985 0.9999320409268728 -0.011031677916392594 -0.32512896449665285 0.019797794545968347 0.010954954609070922 0.9997439865090023 19.181192381520255
0.9997977383662691 -0.0023899736969910136 -0.01996944533628971 -0.574562721401551 0.0021412807544318535 0.9999200082680404 -0.012465794721956856 -0.33296784367495236 0.019997642044860462 0.012420513860500564 0.999722873365691 20.081209872186108
0.9997937258717824 -0.002818251828695836 -0.020113818469360674 -0.6050569189321364 0.002581339250636368 0.999927103102675 -0.011794856765978497 -0.35414902491288264 0.02014559482742835 0.011740503246596902 0.9997281210255429 21.01109735608107
0.9998217463393512 -0.002048539483693521 -0.018769127287767202 -0.6402603426976481 0.0018109402038610372 0.9999181279750505 -0.01266732034237287 -0.3785714624370109 0.018793540802958125 0.012631072227333588 0.9997435956855988 21.974007611471034
0.9998226590743544 0.0008608728645882488 -0.01881257189150011 -0.6876425106135307 -0.0011421059931770161 0.9998876910628554 -0.014943582031595041 -0.40343968880187264 0.018797596059112128 0.014962417789148183 0.9997113498627906 22.92609705582241
0.999842390516161 0.0055113438566902215 -0.016876442290983232 -0.729802077702727 -0.005770480925068614 0.9998656078059341 -0.015344936098145768 -0.42607273138259405 0.016789604524033535 0.015439902382226893 0.9997398216779052 23.928126981199348
0.999853039007999 0.00651091085929487 -0.01585920825803733 -0.7861800653774972 -0.006745579478257456 0.9998678862726084 -0.014788692565435479 -0.4489225432415063 0.01576082617064164 0.014893498895186826 0.9997648647193929 24.918502106074143
0.9998504363370821 0.007644008243139798 -0.015513745334914343 -0.8110419465014496 -0.007872830657489296 0.9998603309801176 -0.014742539774340493 -0.482230236514405 0.015398888096263946 0.014862472077469255 0.9997709626828005 25.922119488345597
0.9998457254012111 0.007601257265852302 -0.015834741299642373 -0.8335805819312199 -0.007830781900080212 0.9998644453902213 -0.014483761686030477 -0.5058720443526468 0.01572250102873021 0.014605525197855043 0.9997697192085678 26.89365642824142
0.9998356401127735 0.008037042503710345 -0.01625096861521674 -0.863370347304162 -0.008256748248208897 0.9998748115702041 -0.01349792700723804 -0.536226615234149 0.016140451989721548 0.013629889325467274 0.9997768283170229 27.893789980465925
0.9998282661730526 0.008419426664223125 -0.01650923120669679 -0.8829498071574503 -0.00861213775726987 0.9998952024388579 -0.011636754386113328 -0.5653160574543284 0.016409527359651243 0.011776935512746977 0.9997959913880897 28.922745306884583
0.9998183519290335 0.008551474836808983 -0.017033116983586175 -0.9137926479087123 -0.008730142230605887 0.9999073577991531 -0.010442786378466707 -0.5888813068446539 0.01694223994633838 0.010589591339314672 0.9998003902718137 29.916295515081597
0.9998166863874406 0.008623474766080944 -0.017094756255168455 -0.936881921027195 -0.008815750884895014 0.999898365156012 -0.011204363227217878 -0.621506128178747 0.016996399949538946 0.011353012579125804 0.9997910984565478 30.957207721120525
0.9997893136264581 0.01077831752356859 -0.017468711845200224 -0.9611500621486202 -0.010989823362440606 0.9998669156689557 -0.012057221044245675 -0.652090886925538 0.017336431840103136 0.012246659279620105 0.9997747107045865 31.963087897763213
0.9997904697235145 0.01071454037826842 -0.017441559519185496 -0.9926011817170131 -0.010916272353982693 0.99987414658751 -0.011512318691738353 -0.6780197305041124 0.017316017049215537 0.011700303532116573 0.9997816036889757 33.00459805254316
0.9997982995952008 0.00962119367756587 -0.01762936593925183 -1.0191962096560496 -0.00977357887959861 0.9999154436052544 -0.00857811670760331 -0.7052068850416923 0.017545344866722157 0.008748688581127553 0.9998077967995451 34.07052084145289
0.9997845818207928 0.009717265912505883 -0.018340472381457078 -1.0491751033749637 -0.009816116190609575 0.9999377403966045 -0.005307391316093007 -0.7281122032895044 0.018287758410844367 0.0054862803642317624 0.999817707782603 35.12037342349733
0.9997841221778969 0.009336192757195686 -0.018561732760103356 -1.0758989180208887 -0.009389316102443047 0.9999520665403268 -0.0027768697818990875 -0.7515143383765162 0.01853491864793778 0.002950552413021613 0.9998238612817766 36.20338763447971
0.9997795358533196 0.009369851535450266 -0.018790820315267655 -1.1120339624672577 -0.009412557166880574 0.999953315476949 -0.0021854958152226905 -0.7705564371977595 0.018769466715205286 0.0023618837081197364 0.9998210486697318 37.274662326267304
0.9997820007835378 0.009534285111357154 -0.018575683879893015 -1.1420976419805817 -0.009601822493364673 0.9999475972556106 -0.003549961930718558 -0.7931168665945614 0.01854086592805408 0.003727548468528377 0.9998211519608518 38.360709931227646
0.9997473035743463 0.010404011241354988 -0.019926846071391995 -1.1710166819793697 -0.0104866380146634 0.9999368240907451 -0.004046482736038371 -0.8153515455241681 0.01988348888141972 0.00425442590094934 0.9997932523349089 39.42895300955441
0.9997344608193133 0.009933272427258296 -0.020792752003587014 -1.198393713987183 -0.009999845839928013 0.9999451922272145 -0.0031002020706855198 -0.8378760060065263 0.020760819478478732 0.0033073032550804495 0.9997789969534724 40.51142828469554
0.9997410167992216 0.009446000027077925 -0.020704348388272602 -1.223283283924349 -0.009465651984034556 0.9999548378144585 -0.0008513475657999296 -0.8619950441185565 0.0206953728762664 0.0010471073347922714 0.9997852753863204 41.59889555171072
0.999715116033947 0.009944241667487221 -0.021697930031456286 -1.2569958938615058 -0.009914031253106127 0.9999497293056372 0.0014994788920401187 -0.8844103444308444 0.021711753039484617 -0.0012839377900668893 0.9997634446604161 42.678553235573766
0.9997137711381618 0.00998100330797263 -0.021742837822518984 -1.2882274929872688 -0.009945925780490484 0.9999490623085152 0.0017208616479152728 -0.9077017303361984 0.02175890802017473 -0.0015041163838013874 0.9997621165533233 43.762870115878485
0.9996589170783879 0.013424956754717339 -0.022401165949361555 -1.312067767909275 -0.01348682714963259 0.9999056353130829 -0.0026131028311645764 -0.9329626286494571 0.022363973529584618 0.00291433231783781 0.9997456476085295 44.81658813277968
0.999653956811043 0.014620618358544602 -0.021867930088639426 -1.3531334083219482 -0.014757150237387072 0.9998725295180126 -0.00609515471535896 -0.958623148593175 0.02177602890569695 0.006415753993975379 0.9997422836709448 45.90591640234234
0.9996038716480274 0.017093485552281695 -0.022358604473808493 -1.390291652054826 -0.017244931232378916 0.999829524865026 -0.006598248669057087 -0.9864797682799129 0.022242007342589024 0.006981207580457682 0.9997282434869467 46.97349631336543
0.9996571803458568 0.014088612515809364 -0.022068970838102817 -1.4213330453619013 -0.014176897943573009 0.9998920901734496 -0.0038490110529569195 -1.0087478529061589 0.022012364345706855 0.004160561094048173 0.9997490394806939 48.057910051678945
0.9996417559163739 0.015350422943313563 -0.02192562473194892 -1.451226583642523 -0.0153980555782614 0.999879436788085 -0.0020052049993135776 -1.0315711153053613 0.021892202964028894 0.0023420986556679647 0.9997575972955416 49.159965333584594
0.9996714872601412 0.013109077348403563 -0.02202414900810099 -1.4926659711626216 -0.013126413786912278 0.9999136356056563 -0.0006427554397962052 -1.0548154129235952 0.02201382363908481 0.0009316423004841396 0.9997572371342028 50.22992535983192
0.9996690299772056 0.014202667603335455 -0.021450391628893235 -1.5213280885606717 -0.014231738151688773 0.9998980045170422 -0.001203135730224128 -1.080591027549282 0.02143111809799433 0.0015080139948227599 0.9997691855057524 51.318133071537005
0.9996846812209726 0.013684417610397525 -0.021054320433036792 -1.5535226105880249 -0.013748223770859274 0.9999013201490367 -0.002888770964714902 -1.1070504844284552 0.021012713087466876 0.003177319719176743 0.9997741586299912 52.39806195538457
0.999678084487945 0.014215555178925454 -0.021015337379383263 -1.5813182835453448 -0.014332263965728917 0.9998826354312409 -0.005413325488396853 -1.1284799773980314 0.02093591992686633 0.005712780272439376 0.9997645000808142 53.47065068338393
0.999717624899473 0.012630756787989448 -0.02012810977446564 -1.607941982331531 -0.01278962855402254 0.9998879106619449 -0.007783867686104185 -1.159300961922835 0.02002753970972067 0.00803910089846656 0.9997671044385823 54.54970898853567
0.9997166442566627 0.011892805472344356 -0.020620299462123567 -1.6378653925269215 -0.01212286107300675 0.9998652586006215 -0.011067801691053506 -1.1942735128931277 0.020485895162519006 0.011314643005334711 0.999726117142716 55.62152547519836
0.999742583775994 0.011225708230642771 -0.019716575884963415 -1.6565896855468947 -0.011477168428438319 0.9998536430890314 -0.012687169270103571 -1.232242507021259 0.019571269610568213 0.012910193696710858 0.9997251131349749 56.697765482592324
0.9997516865317553 0.009577243604713442 -0.020120517816812507 -1.6845330073253189 -0.009789888937703195 0.9998969782422291 -0.010496761126191143 -1.2654034189221417 0.020017916767134228 0.010691132105052048 0.9997424552260159 57.789791277333286
0.9997846836367639 0.007622720533500558 -0.01929974351668541 -1.7055521687879742 -0.007716422035783535 0.9999587824227374 -0.0047852341108617505 -1.2918721024473387 0.019262472771013377 0.004933128756455642 0.9998022939404991 58.86764240765272
0.9997986992058451 0.005350607710831433 -0.01933743088816095 -1.7316942415826082 -0.0053360605391853 0.9999854408696126 0.000803822125819949 -1.314337231168064 0.01934145115198578 -0.00070047461605383 0.9998126899245428 59.96332683038859
0.9998134210819856 0.00299063041553912 -0.019083626578008005 -1.7549511738723067 -0.002950485912723708 0.9999933777266793 0.002131429936259052 -1.3372330811990492 0.019089875650199355 -0.002074726419356891 0.9998156211913356 61.04495901157904
0.9998281167991152 0.0011885909312975625 -0.01850222413975098 -1.7786930222580961 -0.0012078037980791227 0.9999987387341157 -0.0010272587824822486 -1.3615889890831627 0.01850098071068653 0.001049429245751267 0.9998282944667694 62.13494517253453
0.9998202498108592 -0.0006750221057858531 -0.01894752299387341 -1.804828999401796 0.0005962579916406383 0.9999911599540001 -0.004162306135333214 -1.384728182304499 0.018950166909033964 0.004150260342400189 0.999811820235141 63.219417764842134
0.999821436637074 0.0020789314740701902 -0.018782443562190988 -1.8314498729408821 -0.0022286765944990535 0.9999658687682312 -0.007955183744206387 -1.410874937893192 0.01876526531370171 0.007995623333887014 0.9997919445946951 64.30877110065728
0.9998222584692703 0.001538892409222673 -0.018790400520418776 -1.859863610274629 -0.001768935622103279 0.9999236226484429 -0.012232108133378718 -1.4482358871173378 0.018770143171371417 0.012263172980493203 0.9997486188822869 65.38447567380393
0.9998209582755563 0.005640041143269653 -0.018061914069660456 -1.8933313633591695 -0.005872589023771747 0.9999002206693178 -0.012847974486095861 -1.4787927954169906 0.017987650483072763 0.012951744241035209 0.9997543210551262 66.47933252076335
0.9998208273340141 0.008371721909899588 -0.016976981863582694 -1.9255008097709032 -0.008537953905003816 0.9999160912404462 -0.009742861820502078 -1.504989135982991 0.016893993989919184 0.009886065425430033 0.99980841142554 67.57981923116435
0.9998112188821328 0.009300782141331277 -0.017059632644570298 -1.9525005199142957 -0.00943196315700854 0.9999264442515691 -0.007625240751528105 -1.5405839894486328 0.01698745809993237 0.007784707104119887 0.9998253968662987 68.66363934677283
0.9998106297392332 0.009633359865042249 -0.01690843357929226 -1.9744778019921534 -0.009746657124415655 0.9999305136729711 -0.00663102812935588 -1.5700587814282274 0.016843381486251835 0.006794573152015458 0.999835056587796 69.7575089919998
0.9998221267936976 0.00847815402715102 -0.016847705050028097 -1.9995302952427496 -0.0085772473183898 0.9999462897810214 -0.00581814098317848 -1.6025452439826624 0.016797473925219658 0.005961613120291808 0.9998411434252812 70.853084851466
0.999827544333486 0.0076724750857106805 -0.01691212980455026 -2.0273778878299287 -0.007747029699881141 0.9999605383218664 -0.004347214620474043 -1.6288329734961073 0.016878109463384892 0.004477483708949121 0.999847527344648 71.9483792322143
0.9998315910774682 0.005410183290034571 -0.01753645815007993 -2.0543865305968874 -0.005452959190024608 0.9999822716423014 -0.002392331694527081 -1.6568333422481167 0.0175232057985738 0.0024875543522078574 0.9998433672802307 73.02815323393433
0.9998265131806029 0.004022786860304741 -0.01818695221421879 -2.0758526208193238 -0.004036789706499837 0.9999915839668202 -0.000733280667800381 -1.6821076926261516 0.018183850515734748 0.0008065703855899629 0.9998343328525772 74.11295100039092
0.9998233641351034 0.0035190855138259713 -0.018462136553981615 -2.1020430423948673 -0.0035483897897489506 0.9999924999822766 -0.0015547413818268734 -1.7102346116549891 0.01845652763242947 0.0016199776120114642 0.9998283558826204 75.20784996584077
0.9998075362040353 0.003918030042358333 -0.01922333126198798 -2.1323315987469136 -0.004022726167786457 0.9999772757081657 -0.0054106546374547496 -1.7415296962556168 0.019201697141589657 0.0054869435953360905 0.9998005780877991 76.27779002718673
0.9997855201207041 0.005614132303533315 -0.01993481968482142 -2.1588827326994067 -0.005765487307792631 0.999954931636599 -0.007543135933545537 -1.7707241706613408 0.019891574917235352 0.007656452231014389 0.9997728282426973 77.36603936581061
0.999765389725691 0.006259044809245413 -0.020736310365091774 -2.1933896514751643 -0.006386966216356025 0.9999609503102949 -0.0061084662071677655 -1.7965989273643348 0.020697269193790464 0.006239475345767951 0.9997663199640143 78.4283967791063
0.9997491615104629 0.008000862385646401 -0.020918952625092135 -2.2228379138340184 -0.008043908602521011 0.9999656989619726 -0.001974404428675256 -1.8263379886138624 0.020902439707658826 0.002142179318595228 0.9997792295275648 79.50123338833234
0.999742101017935 0.008674806429646891 -0.020987572108706786 -2.252513659127748 -0.00862791850994275 0.9999600836943914 0.002323621890062015 -1.8458780238130383 0.02100689328368547 -0.0021419435448959976 0.9997770352876738 80.58523539097528
0.9997168836520164 0.009466562620990986 -0.021829578041088912 -2.2823392154345825 -0.009401106815587874 0.9999510068225687 0.003099194390087202 -1.871274233507307 0.02185784877590885 -0.002893094760983276 0.9997568995254152 81.64772356800967
0.9996887878461626 0.010561861667313115 -0.02260018497529891 -2.3154148301195896 -0.010539512195100128 0.9999438451809566 0.001107822654831866 -1.8959452728750799 0.02261061859988763 -0.0008692829607366672 0.9997439669728813 82.7047927410666
0.9996701029409124 0.009887662905659343 -0.023704934797326844 -2.347333177403009 -0.009887946369710963 0.9999511074380737 0.000105284757738938 -1.9171390467590137 0.023704818386643324 0.00012914311609842145 0.9997189896210142 83.75344803097518
0.9996727907548528 0.00973944221459996 -0.02365277336720644 -2.3732252289848845 -0.009740028089993162 0.9999525559158035 9.046984093210096e-05 -1.9406087863056203 0.023652533920573093 0.00013993830647859528 0.999720233329344 84.81180188365512
0.999669295536976 0.008236959245445367 -0.024360967094987588 -2.4033983574051625 -0.008227285076619868 0.9999660293349113 0.0004973458043174345 -1.969515853986842 0.0243642382779846 -0.00029675678810988336 0.9997031051281131 85.83512512451378
0.9996566126549504 0.007618730292466077 -0.025072100196430944 -2.4318369064472023 -0.007566731533861252 0.9999690261953377 0.0021682032941120876 -1.9947289800322687 0.025087845301479353 -0.0019777448438281753 0.9996832911497122 86.85221742744618
0.9996521193361145 0.007172172538630832 -0.025380928878692328 -2.4604906482139155 -0.007062560425443531 0.9999653555896576 0.004405706101700497 -2.0132231645854066 0.02541164985331744 -0.004224919168046375 0.9996681450742281 87.84576795521741
0.9996335554757377 0.006193120110810307 -0.026351348567694916 -2.4907299131139706 -0.0060444590558770914 0.9999653900989862 0.005717426107629373 -2.036764938832491 0.02638584750164896 -0.005556051449050124 0.9996363944252764 88.83079587538316
0.9995849655736274 0.004814750071747546 -0.02840262865448715 -2.5213409506969144 -0.004651061609210891 0.9999722103713459 0.005826406043097614 -2.059263701583894 0.028429893861953444 -0.005691885651867805 0.999579584055027 89.80180731068145
0.9994844821643658 0.0047321899496693964 -0.031754918264444584 -2.560627234270736 -0.004570141241231514 0.9999761685564007 0.005173757351082488 -2.084150513309456 0.03177864749623758 -0.005025965983650003 0.9994822992792338 90.7280260038983
0.9993722001659565 0.004502844566216797 -0.035141448643872454 -2.5971006685416245 -0.004347257006186855 0.9999804123804051 0.00450262713344454 -2.1026386851369994 0.03516103798877963 -0.004347031654846841 0.9993722074536386 91.63848395157989
0.9992749359777334 0.004101891354435273 -0.03785206955248605 -2.6357252324945666 -0.0039339982981962856 0.9999820963800248 0.004508928680030907 -2.121946120240636 0.03786989009188532 -0.0043567494765381866 0.9992731776422421 92.52316908303939
0.9991367395091153 0.00555375582652552 -0.04116964186196325 -2.6814499426489404 -0.005323340341776864 0.9999695593733794 0.005704259237040032 -2.1425328421253593 0.04120007212470573 -0.005480175173776114 0.9991358911175056 93.38141022293736
0.9990046081368549 0.006484848092517969 -0.044133220619378646 -2.726978102514438 -0.0061876571776197965 0.9999572720872724 0.006867241103943871 -2.161387645010832 0.044175872523444716 -0.006587324485198548 0.9990020497758731 94.22188210320314
0.9988649880158869 0.0069327115366847524 -0.04712407695217492 -2.770343328790117 -0.0065460662704699335 0.9999436789516664 0.008354223457082912 -2.1800303023241185 0.047179344973819475 -0.008036264040006421 0.9988541030324471 95.04424467396677
0.9987065009963834 0.008611270691592466 -0.05011155951530201 -2.8185956975807707 -0.008156569857432173 0.9999237577406928 0.009271217215553695 -2.1965040209348934 0.05018757936036098 -0.008850486700264022 0.9987005912629242 95.83683238661958
0.998576711615003 0.010503157966923632 -0.05228989904636411 -2.8699521573734077 -0.010006936568589314 0.9999024677427871 0.009742624504854002 -2.2090777148281724 0.05238713189257786 -0.00920549647415103 0.9985844206422101 96.58184626508157
0.9983869788707318 0.01209438033095192 -0.05547223497699786 -2.915792506405549 -0.01162514215142386 0.9998939309148033 0.00877388881006856 -2.2287207706238035 0.05557247031126742 -0.008114863862211694 0.9984216802144652 97.31435228789516
0.9982450474484262 0.01369584199366696 -0.05761283642987945 -2.9613052039342547 -0.013417429868215328 0.9998963704478108 0.005216554460507438 -2.245139512673527 0.05767831607300761 -0.004434383673334445 0.9983253721037634 98.01715014432872
0.998031692015371 0.016483583016064177 -0.060506506370029293 -3.0151379414960413 -0.016419196420829407 0.9998639781355192 0.0015612197850072172 -2.262036349351468 0.06052401605335039 -0.0005646786347312585 0.99816657984911 98.68030066945407
0.9979081394778894 0.01832716532148672 -0.061995620135820675 -3.062466846605751 -0.018439185816799607 0.9998292215718734 -0.001235202531095394 -2.277373547198656 0.061962400409016044 0.002375767367081559 0.9980756589502374 99.31402083694935
0.9977964301807107 0.01969525465841567 -0.06335919937481375 -3.1105069384319646 -0.01987655410245557 0.9997999478083494 -0.002232329483968499 -2.2905656939671113 0.06330256311823383 0.003486772872902183 0.9979882920109401 99.92061552594811
0.9978066131484505 0.022555397655227273 -0.062235092062582306 -3.1547159264672344 -0.022707001155844488 0.999740662534315 -0.0017296729910155708 -2.311785841887484 0.06217994415865191 0.0031390514658484353 0.9980600143172348 100.4985840315273
0.9978986361201383 0.025500420687011378 -0.059565382423341744 -3.1894454347305525 -0.02555261029220556 0.9996734711744 -0.00011448539123295749 -2.3280614413423404 0.05954301799672475 0.0016362957049225518 0.9982244027054621 101.06984362442236
0.9981127925347207 0.028398959179122395 -0.054445774851654125 -3.2230208514532794 -0.028369761227691442 0.9995966363632356 0.0013092734731657307 -2.3430528823017154 0.054461000527190766 0.00023781092367614339 0.9985158711020439 101.60775022517831
0.9984718211197736 0.029386295423915295 -0.04680253562518453 -3.2457791301476586 -0.029267307160489024 0.9995664184859123 0.0032257673344323642 -2.356588105348044 0.04687703972530815 -0.001851053579456547 0.9988989503943143 102.1153011865385
0.9988736898350417 0.02922004113173355 -0.0373837130464019 -3.264653270883307 -0.029024496091958948 0.9995620857435366 0.005762978404850021 -2.366240005315303 0.037535740486528385 -0.00467144421997076 0.9992843644214221 102.61571073319796
0.9992752657530307 0.02844000820829575 -0.025300550304767265 -3.270052326749771 -0.02827001784009897 0.9995754501571988 0.007051508441686022 -2.378280551382066 0.025490355971449326 -0.00633115117705267 0.9996550240897708 103.08870761473389
0.9995544870475147 0.027322283364509908 -0.012013702727362598 -3.273612479497342 -0.02723780198099196 0.9996034751465867 0.007140545600117291 -2.389415478301713 0.012204035502729431 -0.006810137804820092 0.999902337805899 103.53455454509583
0.9996372190093725 0.026716179296893742 0.0034155579225954753 -3.2631945890235383 -0.026737016224769695 0.9996232316394744 0.006207143748407642 -2.3996700636370507 -0.003248440179021378 -0.0062962138783216265 0.9999748993511534 103.96906785169493
0.9994494146290822 0.025772154540050527 0.020896438007220807 -3.2393794461595276 -0.025847283529178634 0.9996603444997093 0.0033331043209078068 -2.417258614934732 -0.020803440971550513 -0.0038713854842586225 0.9997760908712088 104.38311051724345
0.9987908403674708 0.025404902836595546 0.042088597743476196 -3.20748171485662 -0.025383634542332154 0.9996772388757201 -0.0010397990123991257 -2.426910999030548 -0.04210143334038234 -2.9819892455301118e-05 0.9991133407568094 104.78807141172103
0.9975122761663118 0.023335556259166997 0.06651846354453578 -3.165135766169558 -0.02298849391134547 0.9997178507839575 -0.00597832138393815 -2.4403753271861452 -0.06663920836903398 0.004434289803549531 0.9977672830497312 105.19918849279836
0.9954019357579923 0.02086100530843436 0.09348692120969414 -3.107453698859693 -0.020125044249029708 0.9997586641139454 -0.008808333349583312 -2.4499174833502724 -0.09364811840702524 0.00688640378374585 0.9955815401280624 105.5841329052958
0.9922194112727467 0.017932611787487996 0.12320330900989841 -3.035538333986053 -0.016795507694206017 0.9998062828535564 -0.010261983943626528 -2.4613951045848803 -0.12336348067056734 0.008112877812933168 0.992328385873697 105.98208750055322
0.9877356414156709 0.015349076299070636 0.15537925321942098 -2.9502035065715693 -0.013631439518360109 0.9998337036246884 -0.01211400934478336 -2.472774901304362 -0.15553936096402654 0.009847396157975002 0.9877806149596411 106.34601931820566
0.9814813011159468 0.013274432371914528 0.19109745123239716 -2.846605713103461 -0.010828090159717328 0.9998455892373843 -0.013840137889722121 -2.488604415482721 -0.1912516780599503 0.011514616716880123 0.9814734896466691 106.72448458721529
0.9733206432887229 0.009693536782728126 0.2292443347083135 -2.722781988331598 -0.006569683316219882 0.9998749373310521 -0.014386033210399695 -2.502000248808375 -0.22935513178047204 0.012496160581666336 0.9732625893802253 107.07302104078197
0.963076576009469 0.0069065335819911075 0.2691390137719469 -2.5943523641678055 -0.0030002472445583867 0.9998841499023701 -0.014922644729003632 -2.51828544588536 -0.26921091937530633 0.01356416558306004 0.9629857240881612 107.43439440342075
0.9506389896232375 0.007692573688268549 0.3102037018767255 -2.4495151047184134 -0.002888886822543747 0.9998687418532971 -0.01594202683007002 -2.53884408650866 -0.310285650198886 0.014258969122852735 0.9505364285234656 107.7562908382226
0.9352413327434357 0.010106119375772427 0.3538664986849513 -2.288853413273574 -0.0044303436338908415 0.9998482825185316 -0.016845747429352773 -2.5468690940616905 -0.35398308489565405 0.014187090088600375 0.9351442147380331 108.08481435033282
0.9169729140410368 0.009099233677271504 0.39884565633355196 -2.1177299853021596 -0.0032058165550114203 0.9998756488493551 -0.015440697280766922 -2.559304696503566 -0.39893659087634187 0.012880076166964429 0.9168880571096085 108.41362012504277
0.8967697417742331 0.008536663411468427 0.44241510972633785 -1.9254098333030707 -0.002368114392118797 0.999892157111934 -0.014493378652299525 -2.5662339152434237 -0.4424911633499988 0.011949534315476993 0.8966932511138331 108.70016867180856
0.8734297342204994 0.006945701650634937 0.486900647753964 -1.71850617765835 0.0002948774725832436 0.9998905365598185 -0.014792537197720262 -2.580924107521165 -0.4869501383551162 0.01306381856055795 0.8733320792196824 108.99920471846298
0.8484736131896026 0.007039654843555945 0.529190854442303 -1.5003951758947962 0.0019983766992721355 0.9998617868905004 -0.016504917731066694 -2.5999139520833907 -0.529233944980573 0.015061510706403465 0.8483422699198974 109.25703830448252
0.8204005868451539 0.008776239658478105 0.5717218172100728 -1.2751446190390374 0.003099199624746785 0.9997992589839625 -0.019794702430194485 -2.617456621371872 -0.5717808199556218 0.018011466299554777 0.8202086941708839 109.52831657132708
0.7900785856938923 0.013058996559987077 0.6128664282273931 -1.037652690828747 0.00191263991465085 0.9997156761915693 -0.023767689125308477 -2.632657534890697 -0.6130026061506466 0.0199505366060652 0.7898289681145385 109.76464603254693
0.7557615816421909 0.019028029978164936 0.6545703423066319 -0.7872063976855808 -0.0012510407875889727 0.999617880695902 -0.027613944805639012 -2.6512893298042877 -0.6548457144881127 0.02005066558548646 0.7554965876619073 110.01846892893539
0.7185472662975924 0.023880720504797195 0.6950679850862621 -0.5170236225085388 -0.003674676381698556 0.9995267157226215 -0.030542321455232703 -2.6517767610208884 -0.6954684558071013 0.019391952795569226 0.7182949379797863 110.23855609268183
0.6795769792818286 0.02418844438897465 0.7332052908104532 -0.22631869385751582 -0.0016678044267915432 0.9995046272077062 -0.031427842197386265 -2.6637848726035696 -0.7336023446481532 0.02013479663787341 0.6792806835104653 110.45067338787707
0.6378720858474103 0.02105368664122814 0.7698544566163937 0.09072005227923069 0.0025227863819181585 0.9995637820036785 -0.029425972214616028 -2.6924055780317713 -0.7701382243930179 0.02071218578441097 0.6375407221489116 110.6606420897482
0.594323845086937 0.01875791155819105 0.804006999154559 0.4050398874262141 0.004578257623789343 0.99963284104183 -0.026706224036021596 -2.6927656889933136 -0.8042128158692752 0.019553097970914386 0.5940197538712332 110.83499758593811
0.5478219744255198 0.016841471292021067 0.8364253683725624 0.7609736207926738 0.005359728172991618 0.9997061761389604 -0.02363952545138728 -2.713104727668666 -0.8365778009323382 0.017433265246836107 0.54757074943552 111.0196012212493
0.5001059973788524 0.014606206994410391 0.8658409718119258 1.0916448256459372 0.0068158096967714825 0.9997603798163881 -0.020802126712563488 -2.7132611209590576 -0.8659374141083876 0.01630467647912613 0.4998866028047597 111.16368480126975
0.44914285022625805 0.009701008747516523 0.8934072598452055 1.4685048822052584 0.009801023854507878 0.9998273953266401 -0.015783835193845595 -2.7486794977258238 -0.8934062371307578 0.0158455036153125 0.4489702444471021 111.30767104051732
0.3978722362816997 0.009858494526671374 0.9173878273161361 1.8251945376477348 0.00783593029548174 0.9998692730372022 -0.014143313659062176 -2.75177875892433 -0.9174074099955846 0.01281581998410385 0.3977429706810983 111.42227177109443
0.3466429646025525 0.014082006825657148 0.9378913984092262 2.202115431421944 0.0047028432985255705 0.9998486370426642 -0.016750427872944784 -2.7682407439039323 -0.9379853954473022 0.010217175117944215 0.3465242783547835 111.52807500844946
0.2959791117025058 0.01941965131104121 0.9549969487117911 2.6083328652455697 0.002863886762233618 0.9997707772325803 -0.021217711431136016 -2.7795845605216662 -0.9551901573237928 0.009015003674403691 0.2958556510649141 111.61973380367048
0.24920889009474384 0.021675896834104195 0.9682071097697601 2.9990219158984055 0.004769743394368593 0.9997098961277562 -0.02360886462133779 -2.786771278404785 -0.9684380485920993 0.010501639281980904 0.24903319377750013 111.68659910801789
0.2071390945155486 0.021218596223803732 0.9780813255354975 3.4387119414108107 0.011878858636589171 0.9996365108982707 -0.024201932354978386 -2.8072002286805207 -0.9782394275270107 0.016631657460214364 0.20681174458618096 111.73939151598987
0.17217370568835633 0.02074569773778575 0.9848480815857383 3.8607907671415114 0.02022227497083387 0.9994930783823465 -0.024589502065889557 -2.8248311919080065 -0.9848590544284888 0.02414953614839919 0.17166689592929738 111.77454091791881
0.14080151572515404 0.02181697708525128 0.989797390440738 4.317258012685823 0.0239690353826394 0.9993890122284013 -0.025438056178048216 -2.844866118200109 -0.9897476987661105 0.02730620659084406 0.14019255204644474 111.81906504036797
0.11334376365359196 0.020240153661821154 0.9933496085407403 4.7653300538764904 0.022078141306865532 0.999494300223549 -0.022884527985442472 -2.8613831854793514 -0.9933105411021358 0.024525132694549655 0.11283957612285908 111.8588373299379
0.08760604419798995 0.01707125811912185 0.9960088653251156 5.247960908748102 0.016472062344475614 0.9996916249159007 -0.01858321246223484 -2.864030003053969 -0.9960190419273687 0.01803432320334472 0.08729782788610949 111.89601752945774
0.0629603888698749 0.013618011354063837 0.9979230673388881 5.761811601694508 0.012257163899543806 0.9998209401846206 -0.014417231141034048 -2.8687808127246632 -0.9979408019476741 0.013139422232274852 0.06278219494550452 111.92693629239604
0.04093273334749688 0.010656025216965953 0.9991050389398662 6.276705172208199 0.016110491291339145 0.9998060983976114 -0.01132353861510261 -2.890213605369068 -0.9990320533723286 0.016559577577009793 0.04075312025489186 111.92845525752251
0.02102341869203735 0.010814469402600191 0.9997204466971229 6.811536260703493 0.023211416657304453 0.9996666941486627 -0.011302006521462796 -2.9108573115015832 -0.9995095485348584 0.023442536098031493 0.02076539015929998 111.91235128914347
0.0026514177090719046 0.012986670400205359 0.9999121126154246 7.375146177542357 0.02925657478439147 0.9994866282246808 -0.013058720638880665 -2.93324995632782 -0.9995684601003655 0.029288629849247485 0.002270109466247332 111.90115782376787
-0.011287119261608367 0.01842044359856326 0.9997665720232548 7.937514415127372 0.02966651291634671 0.9993963423643853 -0.018078693360575455 -2.9458967916248064 -0.9994961625563363 0.029455533352528377 -0.011826777102776796 111.8915951242268
-0.02297002750693082 0.02344228338203661 0.9994612345381856 8.548619254888187 0.025980796435705507 0.9994013966351954 -0.02284377763832023 -2.949176201736066 -0.9993985514985648 0.02544207783862228 -0.02356532912826443 111.88306442328438
-0.02920984214557772 0.023466269348462826 0.9992977744801872 9.155407571404275 0.027854571534680066 0.9993552679308317 -0.022653418757315306 -2.9576039848920894 -0.9991851662428965 0.027173309046451457 -0.02984465478525394 111.86732721883337
-0.031712457719122344 0.020138030352908134 0.9992941027763775 9.797006292283818 0.03456682798606211 0.9992210102477341 -0.019039582927426652 -2.9879297090461856 -0.9988991594453792 0.033938637419885384 -0.03238386352861162 111.83831412631575
-0.031638605132851265 0.01847790088688543 0.9993285105402614 10.454023108050706 0.036216884503656205 0.9991937016397138 -0.017328785694947942 -3.007281284256878 -0.9988430380962372 0.03564430804012866 -0.03228230850686244 111.81572454976133
-0.029313518752591885 0.01798222604321654 0.999408462572157 11.126130120747558 0.03583064142811428 0.9992145007813368 -0.01692779121232092 -3.032379841093928 -0.9989279097899331 0.035313234154401095 -0.02993480902874484 111.80881878924112
-0.028771486794992994 0.018482371172492257 0.9994150918095293 11.812492829432479 0.031959702080385996 0.9993348802066527 -0.017560820348018046 -3.0409707855013837 -0.9990749994822763 0.031435759355290985 -0.029343043411659622 111.80694194231418
-0.026447657424526226 0.019479498263007555 0.9994603451715659 12.529187959934495 0.03001151333787847 0.9993749169230665 -0.018683669826411904 -3.0690804653212913 -0.9991996348559653 0.02950117998348983 -0.027015736498540176 111.79505795342425
-0.025761984190246338 0.02035377709400538 0.9994608345377528 13.254917055893335 0.02973026656467998 0.999366059107469 -0.019585522698448442 -3.0899038138678905 -0.9992259562614538 0.029209676091380487 -0.026350776917222513 111.78915348280687
-0.02508456244313317 0.019802042165768717 0.9994891529172354 14.001671175124956 0.02957814378910471 0.9993807762811051 -0.01905756002587485 -3.115710848928178 -0.9992477119211232 0.02908498422519103 -0.02565473883797188 111.77957539382646
