1.0 0.0 0.0 0.0 0.0 -1.0 0.0 0.0 0.0 0.0 -1.0 0.0
0.9999976524965479 0.0006253788638534128 -0.002074584939133758 -0.000285451 0.0006198387014890016 -0.9999962432804139 -0.0026700608687485923 -0.0128318 -0.002076246945132402 0.002668768692736685 -0.9999942834198039 0.66379
0.9999823525282688 0.0017750636420566207 -0.00566954857949252 -0.00477503 0.0017636272293635707 -0.9999964015161814 -0.0020215275618922757 -0.00540934 -0.00567311651779023 0.0020114929167887818 -0.9999818846585277 1.35405
0.9999500491137417 0.002718172709569116 -0.009618254235894774 -0.0156548 0.002692753049076559 -0.999992850480733 -0.002654819849779103 -0.00184126 -0.009625401728865291 0.0026287876557542517 -0.9999502193194513 2.06691
0.9998969937061082 0.003228415935168276 -0.013984967216142083 -0.0353105 0.0032003736427385896 -0.999992824231956 -0.002027089821209702 -0.00790878 -0.013991411152342046 0.0019821238977267286 -0.99990015081448 2.79142
0.999827232388282 0.0030664925260427377 -0.018333084802517913 -0.0510304 0.003029682930347109 -0.9999933393459934 -0.0020352604232165947 -0.014647 -0.018339203803059513 0.0019793653620472566 -0.9998298633850828 3.53235
0.9997395217399194 0.003544737415899367 -0.022546030867753895 -0.0732938 0.0035129585813143144 -0.9999927797928272 -0.001448959702803201 -0.0169993 -0.02255100426241276 0.0013693790076894344 -0.9997447559291772 4.28839
0.9996177480687278 0.004362235166106936 -0.027300707872885518 -0.105068 0.0043714048974643534 -0.999990407218925 0.00027620526892725255 -0.0251134 -0.027299241110834527 -0.000395442137029553 -0.999627228050681 5.06151
0.9994891225627491 0.004025241882679865 -0.03170632912419534 -0.135696 0.004068882514222505 -0.999990861383264 0.001312000397497604 -0.0283738 -0.03170075825325527 -0.0014403394542604805 -0.9994963668510382 5.85126
0.9993580872764434 0.00253785955506374 -0.03573475428833386 -0.172077 0.0025803145712587025 -0.9999960189082273 0.0011419914227872694 -0.0324298 -0.03573171381115344 -0.0012334652711533268 -0.9993606572161737 6.65116
0.9992325420710891 -5.434826699172551e-05 -0.03917044692640887 -0.203775 3.4164635384631567e-06 -0.999998912721736 0.001474633402957791 -0.0378101 -0.03917048448100325 -0.0014736355082641637 -0.9992314554415868 7.45753
0.9991195366358634 -0.00048642107469331746 -0.04195133975304591 -0.248635 -0.0004144797685398872 -0.9999984287796799 0.001723555828151566 -0.0390251 -0.04195211221212666 -0.001704650318798054 -0.9991181684106398 8.27263
0.9990421658096597 -0.00034237008590216585 -0.04375652770808415 -0.288488 -0.00029909978390982544 -0.9999994598280547 0.0009954310210252373 -0.0391533 -0.04375684487783965 -0.000981389995177042 -0.9990417285579284 9.0951
0.9989653466679967 -0.00046149059761236644 -0.04547552289877377 -0.322669 -0.0004461258854965115 -0.9999998399281566 0.0003480163144765683 -0.0408837 -0.04547567622567994 -0.00032736843031557134 -0.9989653926446739 9.92749
0.9988672713690921 -0.0011591753853376413 -0.04756921798905394 -0.368445 -0.0011349740177029706 -0.9999992123929206 0.0005357681564364582 -0.0391819 -0.04756980157246029 -0.000481171450046109 -0.9988678002881023 10.7691
0.998805529023108 -0.001561987761351805 -0.04883723361435088 -0.414105 -0.001565499820069452 -0.9999987740377915 -3.366344558318923e-05 -0.0453947 -0.048837121159858096 0.00011007791601041401 -0.998806749816835 11.6192
0.9987030616984637 -0.0003625957013823155 -0.050912307730766555 -0.458865 -0.00026094922468169996 -0.9999979596778651 0.002003133946945335 -0.0467919 -0.05091293018101659 -0.001987250478577334 -0.9987011186415676 12.4737
0.998610977535999 0.0010255319706186559 -0.05267887459668966 -0.509011 0.0011481331867802605 -0.999996702504335 0.00229712225227252 -0.0562077 -0.052676345116018916 -0.0023544138620282522 -0.9986088620679192 13.3351
0.9985493455062768 0.0020674143468007657 -0.05380455730609821 -0.567583 0.002353804501999439 -0.999983396064366 0.005259961971718866 -0.0634819 -0.053792789417847924 -0.005378976993462958 -0.9985376319464137 14.2012
0.9984765351991635 0.001534425806287395 -0.05515663327396936 -0.622673 0.0018174656779559792 -0.9999854361054631 0.005081770899700462 -0.0627239 -0.055148032378169176 -0.005174274288495896 -0.9984647822584453 15.0911
0.9984012794174754 0.00012076867130853843 -0.05652318703396254 -0.676292 0.0003687902842772529 -0.9999903504699169 0.00437755191622262 -0.0712968 -0.05652211294064035 -0.004391398636087596 -0.9983916898526072 15.9815
0.9983874566204427 -0.000649752231251719 -0.05676323004377174 -0.733671 -0.0004097575377589385 -0.9999909291908584 0.0042395323756852215 -0.0739818 -0.0567654698009663 -0.004209436784442411 -0.9983786666792485 16.8813
0.9982483700464057 -0.0018839142583711725 -0.05913241553295086 -0.78948 -0.0016209116087395289 -0.9999885822118736 0.004495341082010507 -0.0808516 -0.05914020920871954 -0.004391618489129463 -0.9982400259165102 17.7735
0.9982095628714273 -0.0017085416393933166 -0.059789208704416 -0.841722 -0.0014505007588179915 -0.9999894476208396 0.004358978609303727 -0.0699334 -0.05979602528247529 -0.004264449839564094 -0.9982015076265828 18.6708
0.9981213420819871 -0.002503047964177675 -0.061217001162596735 -0.900878 -0.0022731362597071757 -0.999990100917905 0.0038250382668091935 -0.0797133 -0.06122596942472326 -0.003678697743329316 -0.9981171513659685 19.59
0.9980797740290204 -0.0035962475054131865 -0.06183713833982664 -0.958688 -0.0033622704615864103 -0.9999867915313483 0.0038874027553650638 -0.0854963 -0.061850301628384896 -0.0036720248799655235 -0.9980786824803736 20.507
0.9981159891096779 -0.006299338407078835 -0.06103106274055788 -1.0221 -0.006026453673110267 -0.9999710093191042 0.00465428592349165 -0.0722224 -0.06105861233056862 -0.004277716325898461 -0.9981250157186224 21.434
0.998097360036846 -0.009210580930680105 -0.060965769792551354 -1.08217 -0.008906843169998676 -0.9999465409203544 0.005251994493831213 -0.068743 -0.061010884538941275 -0.004698989288940487 -0.9981260398704358 22.3672
0.9981848861364105 -0.010356422896544506 -0.0593268707554111 -1.13394 -0.010085410998555248 -0.9999373025954391 0.004865733567285025 -0.068402 -0.05937354270911872 -0.004258565832004024 -0.9982267513161641 23.3054
0.9983252033646043 -0.011141024023229045 -0.05676852922821731 -1.19008 -0.010877961474732962 -0.9999286263471886 0.004940866885343106 -0.0599791 -0.05681952376758675 -0.004315066064185796 -0.9983751408782603 24.2515
0.9984152703636401 -0.009909956539123885 -0.055396215268669335 -1.24845 -0.009631327424913107 -0.9999396012342666 0.005294470274776506 -0.0584235 -0.05544533737596151 -0.004752540883469715 -0.9984504133498154 25.1915
0.998564708836822 -0.005418704428789972 -0.053283767771683054 -1.30662 -0.005110580183382308 -0.999969433548565 0.005917257705364075 -0.0484537 -0.05331420294651753 -0.005636453749999409 -0.9985618789806178 26.1491
0.998610835841066 -0.004805456289269564 -0.052471955658807704 -1.35861 -0.0045718543661738146 -0.9999791015524077 0.0045710618126051285 -0.0479517 -0.05249282511412831 -0.004324817717786386 -0.9986119362711653 27.1029
0.9986586733538694 -0.006084252174092817 -0.05141824589162198 -1.41226 -0.006039781101453914 -0.9999812399152193 0.0010202263801654496 -0.0470615 -0.051423488595541376 -0.0007083029735305196 -0.9986766859837879 28.0668
0.9986568744774478 -0.011472880165645254 -0.05052543992525295 -1.4616 -0.011490985121129291 -0.9999339741483164 -6.785941454151155e-05 -0.0487921 -0.05052132539711905 0.0006483553492494888 -0.9987227720020506 29.0424
0.9985445164754168 -0.014552500646993063 -0.05193335480974743 -1.51049 -0.014759342563635848 -0.9998845887397791 -0.003601528532712131 -0.0415247 -0.051874949869518884 0.0043627887413853605 -0.9986440585365903 30.017
0.9985000621398558 -0.014984625096587248 -0.05266010745734581 -1.55392 -0.015411999617328231 -0.9998514325678848 -0.007719006396169624 -0.036542 -0.052536617463441196 0.00851902592221439 -0.998582660585911 30.9931
0.9985142902234506 -0.012832283988025007 -0.052957952256569345 -1.60397 -0.013238572374304402 -0.9998855119590325 -0.007328245077340963 -0.0319517 -0.05285785108239555 0.008018445115728159 -0.998569853398788 31.9708
0.9984362360295012 -0.011342289246189715 -0.054739702756755056 -1.66 -0.011673525311474102 -0.9999154148103129 -0.005735157497584891 -0.014858 -0.0546700227734039 0.006365194370598581 -0.9984841876116917 32.9573
0.9983759741625882 -0.00966058000306042 -0.05614345383841759 -1.71785 -0.009991522555217647 -0.999934307946168 -0.005616873618457259 -0.00836994 -0.056085503402667554 0.00616871025592978 -0.9984069126973465 33.9473
0.9983817679286867 -0.010735208905075932 -0.05584443353956532 -1.77306 -0.011127428207958796 -0.9999155260756148 -0.00671722073508087 -0.00503928 -0.05576760537325655 0.007327755638082909 -0.9984168859691035 34.9512
0.9982948816289524 -0.012527985235120602 -0.0570120943255444 -1.83645 -0.01290025455794536 -0.9998977748785488 -0.006166297533144647 0.0144837 -0.05692901497282719 0.00689125379562065 -0.9983544450120648 35.9413
0.998256047320119 -0.01383652364937642 -0.05738827930956686 -1.90042 -0.014224530791961135 -0.9998786113415719 -0.006358089760190839 0.0286343 -0.05729333916400023 0.007163322898651229 -0.9983316884144711 36.9446
0.9981615176409577 -0.01579708240551519 -0.058515270555413765 -1.96401 -0.01611563545564201 -0.9998577527550736 -0.004975997330665788 0.0380238 -0.058428340679508986 0.0059098598162140295 -0.9982741119363918 37.948
0.9981362287748659 -0.018303013973841924 -0.05821570652806966 -2.02465 -0.01877829428454003 -0.9997945771682306 -0.007627524419029443 0.0510567 -0.058064141006753875 0.008706500127664756 -0.9982748881869539 38.9474
0.9981432689270054 -0.019782381400693647 -0.05760791683292465 -2.09109 -0.020075394251136233 -0.9997882878295746 -0.00451199118673664 0.068243 -0.05750646260528567 0.005660115274906778 -0.9983290889549906 39.948
0.9981297929171963 -0.019403147218997458 -0.05796925365288466 -2.15384 -0.019702945310881913 -0.9997952751175233 -0.004604541101121364 0.065244 -0.05786804331538234 0.005738094690176414 -0.99830775006116 40.941
0.998153101778626 -0.018813064116049185 -0.0577620466073756 -2.2132 -0.019078432320012908 -0.9998098031986786 -0.004046090462337789 0.0654675 -0.05767494109158582 0.005140627041923627 -0.9983221800219091 41.9301
0.9982074318214654 -0.01812256016152996 -0.05703942381884721 -2.2793 -0.01827863889264053 -0.9998304765322971 -0.0022157521143328857 0.08033 -0.05698959919693063 0.0032543832582302 -0.998369467969139 42.9252
0.9981319527228896 -0.018193321291549176 -0.05832330592459383 -2.34439 -0.01840576849013679 -0.9998257706806783 -0.003107405521484624 0.0902912 -0.05825661026766651 0.004175086007488834 -0.9982929109319325 43.9091
0.998033771629508 -0.020284977266903984 -0.05930523066526176 -2.40274 -0.020583513315024813 -0.9997783345345204 -0.0044272762496535625 0.102357 -0.05920227754562245 0.005639281218536523 -0.9982300781086237 44.8937
0.9979982719348032 -0.021755836633191958 -0.059381249460893556 -2.46825 -0.022086373565039154 -0.9997439815975532 -0.004915624295756683 0.122086 -0.059259103249142644 0.006217301010997978 -0.9982232735466782 45.8886
0.9980058119814252 -0.01902589422286301 -0.060186498488583415 -2.53267 -0.01928187230789929 -0.9998073329189803 -0.0036751111189803347 0.131711 -0.060104980256195845 0.004828290634936373 -0.998180383977739 46.8648
0.9980644554395898 -0.015536054472384717 -0.060216059315649655 -2.60499 -0.015718978363273108 -0.9998731585411073 -0.00256525792940288 0.14977 -0.060168567435910376 0.003506827691875842 -0.998182070392095 47.8319
0.9980101684121191 -0.015245168357200606 -0.0611824205779293 -2.66649 -0.015484548575371578 -0.999874188591548 -0.0034403115863425072 0.16687 -0.06112227500208885 0.004380848109073609 -0.9981206718971484 48.8006
0.9979758554885019 -0.017388634964075632 -0.06117047683383886 -2.73109 -0.0177086549093416 -0.9998321740069891 -0.004693331626872941 0.186469 -0.06107860020739622 0.005767078510310091 -0.9981162985354768 49.7631
0.9979693213101001 -0.01995651348167141 -0.060489431254677276 -2.78991 -0.020405831894747716 -0.9997685222726039 -0.006819376623805686 0.185718 -0.06033933831706939 0.008039865826609165 -0.9981455428989044 50.7365
0.9979158680623385 -0.02045450714831383 -0.061200763121946965 -2.84691 -0.020911585764161106 -0.9997579492539838 -0.006837286325497224 0.199347 -0.06104609610955659 0.008102841525556024 -0.9981020579625083 51.6889
0.9979224066792557 -0.020090407707897627 -0.061214751209266394 -2.90723 -0.020629578555482815 -0.9997536537095454 -0.008188551949962472 0.211977 -0.06103515983517285 0.009434373987950561 -0.9980910288402306 52.655
0.9979635881863436 -0.019477930093482424 -0.06073950027380642 -2.95985 -0.020044656654434296 -0.9997609265311171 -0.008735074198214994 0.212224 -0.060554837906183524 0.009934788418274951 -0.9981154299905599 53.6154
0.9978443502869119 -0.02006244316797486 -0.062483205540550105 -3.02481 -0.020741667496352482 -0.9997324183489205 -0.010240846238953757 0.236567 -0.06226102978558584 0.011514776435125315 -0.9979934739734961 54.5761
0.9977815681505621 -0.023292155629524115 -0.0623651965853957 -3.08072 -0.024055398148355556 -0.9996443030580208 -0.011515432409074183 0.249758 -0.06207479423187093 0.012990105841520005 -0.9979869623754093 55.5349
0.9975671290688524 -0.02769814179711579 -0.06397371290080232 -3.14553 -0.02854146556044571 -0.9995168553468086 -0.012306121293427398 0.257783 -0.06360194765091164 0.014102085612189534 -0.997875705404434 56.4971
0.9975106553719246 -0.0279133382309559 -0.06475598789515316 -3.2153 -0.028730555578045377 -0.9995184464777611 -0.0117230681504131 0.280867 -0.06439757445470917 0.013554360902921241 -0.997832266317773 57.444
0.9975208769280185 -0.02697697347157911 -0.06499494591942985 -3.283 -0.02771370061801142 -0.9995611712845928 -0.010460193986115437 0.296415 -0.0646842398951331 0.012235512350761984 -0.9978307678893762 58.3825
0.9975242058039713 -0.02183462360447025 -0.06684839599576768 -3.35389 -0.02240710178843964 -0.9997182982994812 -0.007825971801095087 0.306275 -0.06665868754032263 0.009304475119002741 -0.9977324521725057 59.3131
0.997539034359543 -0.01877132467728487 -0.06755377338750639 -3.42466 -0.019291522258914794 -0.999789000340436 -0.007056342339024009 0.309643 -0.06740706267123946 0.008342192045959132 -0.9976906813907324 60.2253
0.997537926127736 -0.019186414939863877 -0.06745344630581566 -3.49688 -0.01942229179175597 -0.999807328067974 -0.002842766809836231 0.335332 -0.06738590741640331 0.004145868224459889 -0.9977183727176391 61.1284
0.9974082730718727 -0.020617568294985438 -0.06893223255768371 -3.56546 -0.020745081324977394 -0.9997841540585599 -0.0011344136064245479 0.339205 -0.06889396496504649 0.0025614782864545457 -0.9976206996751737 62.0285
0.9973013577923124 -0.02181641568828888 -0.07010025500756553 -3.63384 -0.021853206709124797 -0.9997611608462613 0.00024211539459041307 0.341896 -0.07008879441207558 0.0012904533512752498 -0.9975399218216834 62.9096
0.9973028529275536 -0.02153888317190628 -0.07016477787515307 -3.69368 -0.02145757284051399 -0.999767930639196 0.0019124416890411102 0.342571 -0.07018968663811395 -0.0004017177204437071 -0.9975335816465112 63.7758
0.9971449483261257 -0.02193209469185411 -0.07225603954075835 -3.76064 -0.021784178442443843 -0.9997586781276491 0.0028346213227642587 0.354939 -0.07230077176127414 -0.0012524898735117428 -0.9973820881045743 64.6321
0.9970558054183479 -0.022726089894702137 -0.07323418409232023 -3.82512 -0.022494415943383562 -0.9997390192410834 0.003986810535098284 0.363844 -0.07330567599399097 -0.0023277123908757988 -0.9973068031564257 65.4771
0.9969013785958418 -0.023319450882126926 -0.07512552538429605 -3.88775 -0.02310600543118637 -0.9997261396575394 0.0037092045573620643 0.371692 -0.07519144809567392 -0.0019618603391779463 -0.9971671862016345 66.3098
0.9967769175571987 -0.024387267394152503 -0.07642668260637601 -3.94714 -0.02403220467628064 -0.9996957112949504 0.005562189935681715 0.374168 -0.07653907344335302 -0.003707560859830926 -0.9970596894012432 67.1203
0.9966874839516202 -0.025886962889427313 -0.07709685134005023 -4.0133 -0.02556497823531739 -0.9996598423684435 0.005160566221457986 0.392777 -0.07720421764396126 -0.0031724924365107952 -0.997010252740524 67.9193
0.9965082235394049 -0.028659302665316532 -0.07842196624082663 -4.07965 -0.028259013757637386 -0.9995813472078212 0.006209545526307511 0.406747 -0.07856709591034426 -0.003971735758507262 -0.9969009162174944 68.711
0.9963412068300177 -0.030218060107803774 -0.0799441581094284 -4.14764 -0.029608165602341485 -0.9995228117806434 0.008803707161256395 0.410921 -0.08017204065114253 -0.006404496345380537 -0.9967604658715121 69.4795
0.9963374105761634 -0.028358289247791033 -0.08066952161333422 -4.22238 -0.027468296525875374 -0.9995491826794832 0.012121224803784861 0.425542 -0.08097689159477635 -0.009860975393738997 -0.9966671983124217 70.2273
0.9962650900317157 -0.02432779209643756 -0.08284943521720488 -4.29484 -0.02336992763266133 -0.9996485882613827 0.012511853158860615 0.445368 -0.08312470671552165 -0.010528937208342939 -0.9964835295250601 70.9604
0.9962727430178491 -0.02120715235296596 -0.08361147175339556 -4.35805 -0.020245770768573684 -0.9997190071979265 0.012329453077028735 0.446208 -0.08384945012149536 -0.010590719346218958 -0.9964221526933514 71.6662
0.9961735284596341 -0.021216375844862793 -0.0847830560447764 -4.42642 -0.0202807463446062 -0.9997237194436889 0.011881755315687869 0.470815 -0.08501171992136095 -0.01011682646315816 -0.9963285890198704 72.3535
0.9960513791163205 -0.024263093590865755 -0.08539878482669777 -4.49215 -0.023208500127935888 -0.9996419020387813 0.013320405778309686 0.477842 -0.08569139794802824 -0.011285830837298385 -0.9962578051588976 73.0326
0.9959561029784997 -0.026031326283524895 -0.0859872722663087 -4.55054 -0.02505800444606197 -0.9996093451528455 0.012379559615750938 0.481864 -0.08627593727720825 -0.010174828500739416 -0.9962193209890678 73.6884
0.9958747899372855 -0.02429297495337752 -0.08742570637565648 -4.60712 -0.023584987667801188 -0.9996802160906613 0.009122166060697118 0.494262 -0.08761935359312802 -0.007022601002751112 -0.9961292747184367 74.3094
0.9959868418284181 -0.020882942362117844 -0.0870293836755932 -4.65653 -0.020617228454701694 -0.9997796355031527 0.0039509902593348675 0.494726 -0.0870927137911076 -0.0021408296249781863 -0.9961979100826384 74.9155
0.9961658899990173 -0.017507589016838344 -0.08571466577711451 -4.70792 -0.017341262167929025 -0.9998460246126604 0.00268471463699306 0.494388 -0.08574847070874278 -0.0011880206548762246 -0.9963161086613199 75.5158
0.9963864474555498 -0.017650906553399397 -0.08308124231589144 -4.76172 -0.01735984684355038 -0.9998403821068472 0.004224455704827222 0.49663 -0.08314254653591734 -0.0027669127699903543 -0.996533823384458 76.0984
0.9967095749523176 -0.019194929734390614 -0.07875009759271451 -4.82239 -0.01863791326918429 -0.9997958560370837 0.007802207382873702 0.516611 -0.07888378405819929 -0.006308797315401071 -0.996863856145408 76.6622
0.9970731083840522 -0.020675866222498465 -0.07360519746127499 -4.86722 -0.020229876426576567 -0.9997722323450721 0.006799671427098911 0.519294 -0.07372902167484237 -0.005290745476812376 -0.9972642775990573 77.2348
0.997351592520801 -0.024276135700784456 -0.0685599747057904 -4.89847 -0.023979592982456978 -0.9996992082604774 0.005145106779251012 0.516793 -0.06866425574210516 -0.0034874401516431673 -0.997633729253663 77.7711
0.9978643414227086 -0.02634024019592446 -0.05977414042414127 -4.91931 -0.026307862685196564 -0.9996530052493238 0.0013287049831021563 0.512336 -0.05978839751959235 0.00024666255549566133 -0.9982110431565177 78.3068
0.9984369740522219 -0.026389428690042436 -0.04926669157611463 -4.94476 -0.026238121544882396 -0.9996488163476511 0.003715501653324435 0.523807 -0.049347439885355934 -0.0024170287861429466 -0.9987787483465034 78.8256
0.9990645449005681 -0.02626815660775808 -0.034351405663392356 -4.97096 -0.026015121437088944 -0.9996311772922942 0.00779248624223125 0.534157 -0.03454343033391681 -0.006891540731370846 -0.9993794364940244 79.3338
0.9995353157968834 -0.026231684721561184 -0.015525823375684334 -4.98508 -0.02607295564736311 -0.9996065736147959 0.010339195805199517 0.544019 -0.0157909296317528 -0.009929587239972903 -0.9998260097830065 79.834
0.9996264151589908 -0.02662344211987943 0.006182430434276364 -4.97141 -0.02668084010523499 -0.999599853669131 0.009394962263417702 0.546587 0.0059298303233836815 -0.009556404885812901 -0.9999367541189764 80.3109
0.9990646580527456 -0.028218700758764547 0.03276452284769969 -4.94182 -0.028458654304987282 -0.9995712907403138 0.006880386827189489 0.54623 0.03255632081638468 -0.007806385541967227 -0.999439416032643 80.7885
0.9976637179488406 -0.028784294363671498 0.06195619651400668 -4.89817 -0.029197722647728692 -0.9995569572084073 0.005777740774460764 0.556899 0.06176243907653758 -0.00757322218451728 -0.9980621460736108 81.2453
0.9950220281720571 -0.02981271491195635 0.09509135335005266 -4.84058 -0.030511818329138036 -0.9995169569071943 0.005906081377015333 0.562358 0.09486934380829158 -0.00877809116839569 -0.995451029795451 81.6975
0.9906353481243327 -0.030491320173735806 0.1330860114386372 -4.77123 -0.03149840380026895 -0.9994888458057937 0.005467875989608783 0.569758 0.1328512612082307 -0.009608668162928182 -0.9910894086264456 82.1477
0.9842368089667446 -0.031125186110715915 0.17409516554038315 -4.68326 -0.032739470521650944 -0.9994433800046818 0.006407591964195479 0.577722 0.173798823197748 -0.012006371408172027 -0.9847079851918981 82.5714
0.9752047934104783 -0.03111383612332607 0.21910623019649056 -4.57595 -0.03330967672878463 -0.999425007873863 0.006333961837043294 0.585661 0.21878317198873082 -0.013475267641871427 -0.9756804501559565 82.9908
0.9628154340198801 -0.030633161284178735 0.2684176772175166 -4.44696 -0.03393107888620173 -0.9993948581823257 0.007655019552374364 0.593039 0.26802074900784784 -0.016478072352868585 -0.9632722103501198 83.4073
0.9468226114672844 -0.029342694273244995 0.3204152753959438 -4.30139 -0.03379823926857615 -0.9993937798239834 0.008351758585806179 0.59426 0.31997597009246753 -0.01873710601769615 -0.9472403598989361 83.7826
0.9261335209988382 -0.028258947483657853 0.37613579086469556 -4.13005 -0.03392542417394922 -0.9993886569525605 0.00844854716353238 0.601566 0.37566709581344987 -0.020585048983975642 -0.9265260324898676 84.1632
0.9012499737252881 -0.026854430481169075 0.4324665587345445 -3.93705 -0.033781786192588314 -0.9993944170349658 0.008342069346323682 0.611254 0.43198064283229803 -0.02212778260180357 -0.9016113827228014 84.5065
0.8716916266218571 -0.025010669350271176 0.4894161567582258 -3.72198 -0.033506299266298084 -0.9994014612027551 0.0086050714857757 0.620183 0.48890800360274134 -0.02389949297473575 -0.8720079003361909 84.8372
0.8378082570689745 -0.0234700595441594 0.5454598800022238 -3.47769 -0.0329443754769807 -0.999428305511539 0.007598043614324153 0.618767 0.5449697170591027 -0.02433553877207307 -0.8381024931601112 85.1561
0.8006440261135452 -0.021730810428235475 0.5987461192582587 -3.23055 -0.03275963840322499 -0.9994348712654031 0.007532873979931623 0.627142 0.5982440551650997 -0.025645856913733195 -0.8009034526600431 85.4355
0.7601976494054936 -0.02112145151459189 0.6493484566273174 -2.95217 -0.032912777855161356 -0.9994400835406478 0.0060223306219387915 0.624378 0.6488576753743606 -0.025950023086307367 -0.760467167870909 85.7082
0.7166705019168145 -0.02125432210888413 0.6970879754191671 -2.67998 -0.03502793412484519 -0.9993709729751998 0.005540957096778924 0.633794 0.6965317189570387 -0.028388592185852372 -0.7169641917979297 85.9576
0.6710235467076685 -0.020813158895622727 0.7411438539046568 -2.3873 -0.03563489612033086 -0.9993560537570773 0.00419904722231639 0.640846 0.7405792016674212 -0.02922824380402584 -0.6713331183710346 86.189
0.6241204110767461 -0.019692801364389147 0.7810799613687553 -2.06309 -0.035397173803045176 -0.9993685537685743 0.0030876893084081976 0.641951 0.7805259461184815 -0.029575113067086642 -0.6244233821077799 86.4001
0.5767946770314879 -0.01804019612272536 0.8166899361887564 -1.74704 -0.0323391665379563 -0.9994766619031349 0.0007619833309232289 0.63752 0.8162487849030905 -0.026850579785544344 -0.5770762233097187 86.5802
0.5292637835476397 -0.016027099881474573 0.8483059468695395 -1.41457 -0.033080013102176176 -0.9994511637312138 0.0017561462017148914 0.648514 0.8478122198682894 -0.02899143642028078 -0.5295034810615429 86.7692
0.4818218144932972 -0.014000218329665217 0.8761573676943593 -1.08871 -0.03524221261492992 -0.9993729774175585 0.003411518366998878 0.656312 0.8755602352370686 -0.03252146820618655 -0.48201310000592645 86.9302
0.43609724230782176 -0.011746038946149347 0.8998228858061951 -0.747673 -0.0357669841984796 -0.9993509524205334 0.004289141816129157 0.657505 0.8991884775133959 -0.03405443385594158 -0.4362343148376714 87.0729
0.39291791755470196 -0.010039221254460282 0.9195187459215179 -0.386593 -0.0323594697099779 -0.9994720434358632 0.002915323349098534 0.664542 0.9190040123876315 -0.03090062178573061 -0.39303533783705735 87.1966
0.35313618482260184 -0.012068620422092249 0.935494085160374 -0.0335923 -0.02131195878140391 -0.9997610971066271 -0.004852744074608033 0.652306 0.9353291588429377 -0.018223531854757478 -0.3533090255072769 87.2758
0.3174261107883211 -0.013670184178811348 0.9481844705827644 0.333706 -0.016566652736763988 -0.9998234312609584 -0.0088686142470235 0.658039 0.9481382864365828 -0.012893113126022506 -0.31759653245433855 87.3581
0.2839666733482869 -0.011246324325485408 0.9587681933693217 0.704705 -0.018091954385410187 -0.9998160392754145 -0.006369363715393239 0.664059 0.9586634496078503 -0.0155373033950144 -0.28411790261999986 87.4562
0.25300218485824466 -0.0055858436162372176 0.9674495815328307 1.06848 -0.023832229119806588 -0.9997158661080445 0.00046033359991437886 0.666586 0.9671721249664588 -0.023172945495493428 -0.25306342146767735 87.5576
0.22452285344649758 -0.001606683548023423 0.9744674991236081 1.45196 -0.028033742504612894 -0.999595399834466 0.004811019742107828 0.668203 0.9740654996258863 -0.028398154830030803 -0.22447705281569874 87.6419
0.19833020483699887 -0.0007404119203728975 0.9801349813365008 1.84234 -0.027096975574633704 -0.9996216286783604 0.004727937513387532 0.660655 0.9797606257469333 -0.027496386464605897 -0.19827522529899505 87.7099
0.1747956709778123 0.0023464714937465776 0.9846019335137147 2.25298 -0.02070497787132841 -0.9997672730452752 0.006058352825789986 0.66608 0.9843870058563168 -0.021445135092672915 -0.1747064076732529 87.7587
0.15380108918894703 0.008329729139999662 0.9880667186869256 2.66026 -0.01473503422450698 -0.9998339388885256 0.010722565600595781 0.670799 0.9879919552965482 -0.016208339184219725 -0.15365280996517156 87.8017
0.13426742792701515 0.01458938090604545 0.990837730288185 3.07856 -0.013731196035614995 -0.9997682259248777 0.016581576717980284 0.681504 0.9908499947284126 -0.015831752770968575 -0.13403597856882923 87.845
0.11661755284163632 0.015175592252510205 0.993060948667811 3.5122 -0.013832906657328736 -0.9997614510165665 0.01690241860379974 0.684468 0.9930805592008318 -0.015708038102640234 -0.11637981129185694 87.8921
0.10091779725161447 0.012636069097043024 0.9948145193731629 3.96274 -0.013623651401061672 -0.9998080348668494 0.0140815318126862 0.682062 0.9948014848804684 -0.014974083393119507 -0.10072627515276984 87.9394
0.0862807343649424 0.009149539357757292 0.9962288496158841 4.43996 -0.012637379722789993 -0.9998673265711763 0.01027744565305173 0.673994 0.9961907104120119 -0.013476467821735259 -0.08615366100092008 87.9735
0.0729682852150745 0.007828412333150396 0.9973035372007432 4.92041 -0.011507511464129799 -0.9998960189125166 0.008690715897068445 0.670195 0.9972678710019064 -0.012110628523855221 -0.07287061234875634 87.9986
0.06116617721351851 0.007218620812111316 0.9981014929748654 5.4177 -0.010051954599924246 -0.9999186820314788 0.007847772496148155 0.655961 0.9980769794829482 -0.01051288913673073 -0.061088642055567924 88.0201
0.051209671674083496 0.007314209476832088 0.9986611396598756 5.91561 -0.009358593246649982 -0.9999257593610944 0.0078033645680794135 0.650351 0.9986440738618921 -0.009745671134797209 -0.051137419123925804 88.0426
0.043484783403558463 0.0077403396183152616 0.9990241041911547 6.44652 -0.008158094831847052 -0.9999338954026036 0.008102488117224459 0.64872 0.9990207801147384 -0.0085024683220999 -0.04341876243482187 88.0633
0.037143284262946934 0.007573986114975953 0.9992812472815108 6.99473 -0.007342100564735368 -0.9999422189294935 0.007851901786067383 0.644163 0.9992829779364097 -0.007628468830039686 -0.03708552911648794 88.0859
0.03146373128527549 0.0073007426597493 0.9994782302632832 7.55042 -0.007662468441667308 -0.9999421754840674 0.007545347279733158 0.637601 0.9994755225572005 -0.007895875176789505 -0.03140597020001343 88.1047
0.025326162493097354 0.00699948018401667 0.9996547367819189 8.14189 -0.008738464451145539 -0.9999357328751839 0.00722283589774563 0.632601 0.9996410479429154 -0.008918374096395327 -0.025263370144686742 88.1156
0.020182760300013633 0.006272426403951063 0.9997766314800919 8.75343 -0.008113231960443362 -0.9999463670387144 0.006437275295719658 0.629463 0.9997633878342557 -0.008241341704107395 -0.02013078818844173 88.1251
0.017445498298204392 0.005662185529244662 0.9998317829735959 9.36891 -0.008123987110840595 -0.9999501524447343 0.005804606720137279 0.622701 0.9998148105637115 -0.008223884774544166 -0.01739862916050507 88.1351
0.014268023444375005 0.0054256176010872 0.9998834863025977 10.0018 -0.008967595549057244 -0.9999443665942126 0.0055539127259419206 0.613155 0.999857992785505 -0.00904579405832477 -0.014218574921386501 88.1468
0.01108468353554337 0.004519009267788326 0.9999283516063309 10.6587 -0.008242622140054601 -0.999955400217776 0.0046105049141557854 0.608586 0.999904589934046 -0.00829313755733113 -0.011046940675229823 88.1576
0.010260246170487038 0.004270741084946928 0.9999382421525375 11.3329 -0.00673822816029241 -0.99996787979085 0.004340007817068316 0.599585 0.9999246589767558 -0.0067823415704104766 -0.010231139381390312 88.1658
0.010797835438714808 0.004209209412143963 0.9999328423979099 12.0316 -0.004953265120778748 -0.9999786462372329 0.0042628903568375735 0.58939 0.9999294334674231 -0.004998962459937136 -0.010776755534131278 88.1745
0.013449955084299086 0.0037262575210297126 0.9999026021133843 12.7344 -0.003642428785500638 -0.9999862388180188 0.0037755644788856238 0.584818 0.999902910997249 -0.00369285519329367 -0.013436197369362685 88.18
0.017217530260871312 0.003317679750332456 0.9998462630088641 13.4528 -0.003552965018245454 -0.9999879782028571 0.003379332677014781 0.580393 0.9998454546035079 -0.00361060255872199 -0.017205535675120447 88.1936
0.021054405149869754 0.002673313744229261 0.9997747573415776 14.1987 -0.0027600925961610667 -0.9999924589464604 0.002732021060084358 0.576841 0.9997745215360543 -0.002816991983844208 -0.021046867784000584 88.2094
0.024920202510524122 0.0016767439872061923 0.9996880373578729 14.9457 -0.0029970870169767506 -0.9999939740198299 0.0017519684472906384 0.567544 0.9996849508601433 -0.003039811446290781 -0.024915026994243143 88.2291
0.029012913560661092 0.00047502384318432725 0.9995789239470139 15.7172 -0.0030196867678395295 -0.9999952823242965 0.0005628685238078387 0.563782 0.9995744756337799 -0.0030347457058813266 -0.02901134226392994 88.2548
0.03260566749626891 -0.0021292570696904755 0.9994660257914995 16.5131 -0.004083135865764822 -0.9999896696071038 -0.001997168139523695 0.569118 0.999459953399147 -0.004015836576231247 -0.03261402471282172 88.2893
0.03721527733094504 -0.0031748602095019378 0.9993022282552116 17.3091 -0.0046152576542760355 -0.9999848341174973 -0.003005150875757318 0.571139 0.9992966138889722 -0.0045001997346273215 -0.03722936572630481 88.3294
0.04073292840349496 -0.003758182014764215 0.9991630020230033 18.116 -0.007874484216391444 -0.9999630781763018 -0.003440171870926203 0.57486 0.9991390398948496 -0.007727765014518275 -0.04076101821445133 88.3696
0.0447059083276561 -0.0018541346039328945 0.9989984704420074 18.9232 -0.009787619354525372 -0.9999510948382161 -0.001417899581912266 0.573509 0.998952243236868 -0.00971442827571264 -0.044721869541711964 88.4138
0.045947970879205574 0.0012205972317115904 0.9989430885263093 19.7305 -0.012502637785868877 -0.9999202244715425 0.001796869827157808 0.573188 0.9988655905678598 -0.012571986127033564 -0.04592904467047662 88.4659
0.045003621288907066 0.0024919639100731018 0.9989837156764646 20.5481 -0.014500319615149465 -0.9998899110687056 0.003147455174310399 0.567769 0.9988815819715283 -0.014627230048326813 -0.04496253261516963 88.5148
0.04578536452181675 0.0018623378076976296 0.9989495643392082 21.362 -0.016436796408131563 -0.999861480892583 0.0026173939573951787 0.559414 0.9988160652089261 -0.01653936894747183 -0.04574841150660219 88.5601
0.0458609013087877 -0.00013037055827409653 0.9989478268331452 22.1866 -0.01625103301658435 -0.99986775374818 0.0006155814023165399 0.550857 0.9988156394735918 -0.01626216523364979 -0.04585695503273149 88.6001
0.04474308557038522 -0.0018264163483746867 0.9989968571006433 23.0102 -0.016525836035253684 -0.9998628472680666 -0.001087840213721378 0.542938 0.99886182880165 -0.01646058493240955 -0.04476713199106939 88.6458
0.04533616966377079 -0.002978434498932362 0.99896734713811 23.8155 -0.01837653639822934 -0.9998288319582256 -0.0021470200405384384 0.543083 0.9988027506120627 -0.01826022215049672 -0.04538314287036722 88.6942
0.04526113232852812 -0.0043015768579730196 0.9989659285165209 24.6294 -0.019417579644501096 -0.9998055931485395 -0.003425421090438781 0.537271 0.998786457407733 -0.01924246204185725 -0.045335859465535214 88.7368
0.044731322631711055 -0.004753932217618951 0.9989877421190353 25.444 -0.020675363221679795 -0.9997788984153725 -0.0038319236678076452 0.532686 0.9987850810516091 -0.020483027408432053 -0.04481972174072527 88.7786
0.04427043829943071 -0.0048100905915295 0.9990080036322421 26.2524 -0.02302666513477329 -0.9997276552943601 -0.0037931428146271116 0.530068 0.9987541744521259 -0.02283589867166214 -0.044369141825262484 88.8227
0.04103468046293377 -0.004995049940875506 0.9991452369277416 27.0773 -0.024305659445910413 -0.9996965731132978 -0.003999578031224908 0.535288 0.9988620474911458 -0.024120762459271278 -0.041143637420372435 88.8681
0.03729889003769916 -0.006105974426795641 0.9992854996837768 27.8858 -0.02549023361473366 -0.9996617703149259 -0.0051568363455565935 0.531714 0.9989789991747686 -0.02527967656296 -0.037441917160452635 88.9056
0.032263387575383315 -0.00799298308227922 0.999447440360726 28.7022 -0.027782761903516813 -0.9995887890308697 -0.00709725191971255 0.527594 0.9990931848247054 -0.027538428881215556 -0.03247218766238476 88.941
0.025411316666028867 -0.009767566325871908 0.9996293611300981 29.5219 -0.02891527963561039 -0.9995410625869615 -0.009031655779634863 0.524138 0.999258811113964 -0.028675056244008484 -0.02568208637376828 88.966
0.01823354753780167 -0.010041037791688214 0.9997833341800875 30.3369 -0.029526535334814554 -0.9995188521357743 -0.009499891383901986 0.515886 0.999397679332561 -0.029346921222674734 -0.0185212515625011 88.9848
0.009314996009707074 -0.010011670132477574 0.9999064942835892 31.146 -0.03136614969542903 -0.9994607462765234 -0.009715004151250713 0.5213 0.9994645544003163 -0.031272721556227526 -0.009624000407501124 88.9968
-0.0016245150833671005 -0.009788445301252691 0.9999507724329876 31.9523 -0.031652770582877535 -0.9994505367704306 -0.009834971465444124 0.519956 0.9994976053323849 -0.03166718945348263 0.0013137910585793557 89.0025
-0.011924170537923422 -0.009954110791187201 0.99987935764038 32.7536 -0.03118564245448182 -0.9994603119595877 -0.01032184684756153 0.520413 0.9994424795162969 -0.0313049596070665 0.011607309865606059 88.994
-0.023525109010204152 -0.010633193877548804 0.9996666966714558 33.56 -0.03156358445515103 -0.9994370329491332 -0.011373535341997284 0.520579 0.9992248542657456 -0.03182062786614324 0.02317624343598141 88.9822
-0.034147028637848166 -0.01109224325559422 0.9993552634447693 34.3491 -0.03158726326465413 -0.9994268751704062 -0.012172345154742088 0.514241 0.9989175267431516 -0.03198254721993647 0.033777084519968935 88.9511
-0.04513288556074818 -0.011436762939967851 0.998915523502571 35.134 -0.03058740221382751 -0.9994498153312977 -0.012824876609321188 0.511434 0.9985126105697263 -0.03113305458334841 0.04475823327098932 88.9187
-0.05664005418175647 -0.010741086481949476 0.9983368836837969 35.9193 -0.030917754323733733 -0.9994436777737761 -0.012507095010660824 0.510661 0.9979158264752919 -0.03157473704111778 0.05627645378770171 88.8786
-0.06729991918962691 -0.01020190064468993 0.9976806313146033 36.6913 -0.030996673737718586 -0.9994436698177177 -0.012310852061903264 0.515665 0.9972511855567116 -0.031753300372221405 0.06694625322752851 88.8243
-0.07768488143017785 -0.00998663775651403 0.9969279443688495 37.4657 -0.029588318084322038 -0.9994862682585708 -0.012317913601651279 0.515722 0.996538805380965 -0.030454336782746276 0.07734948442622533 88.7658
-0.08838633090470094 -0.009321710226552347 0.9960426508075126 38.2278 -0.029475685300713286 -0.9994938281320322 -0.011969607430003507 0.519952 0.9956500592503661 -0.03041698940439816 0.08806682843338176 88.7015
-0.09789349366216249 -0.009592036848498797 0.9951506703649018 38.9756 -0.029497214344830082 -0.9994862560388396 -0.01253548305246632 0.525666 0.9947596585329099 -0.03058131485990361 0.09756026310403298 88.6301
-0.10793993249233715 -0.009476957545742909 0.9941122463028136 39.7217 -0.03008694468990533 -0.9994653914393701 -0.012794806531298728 0.530141 0.9937020412240161 -0.0312908707233112 0.10759709418288553 88.5462
-0.1166054802102877 -0.009669056953917282 0.9931312457689317 40.4563 -0.028875066047398874 -0.9994969043332301 -0.01312131049278723 0.529942 0.9927584764411165 -0.030206747026313166 0.11626762184031182 88.4572
-0.12428568211386984 -0.010504309285962476 0.9921908731226643 41.1886 -0.028115830155333723 -0.99950517123644 -0.014103643723912589 0.532325 0.9918480575754365 -0.029649151050906576 0.12392884460767803 88.3688
-0.13014065937100125 -0.012126309380967409 0.9914213843766325 41.9042 -0.02580336378319981 -0.999545110043728 -0.015612796198753878 0.534549 0.9911597223434542 -0.0276138662354447 0.12976856011984608 88.2693
-0.1341185129091174 -0.013847825297970741 0.9908685393277777 42.611 -0.023673485107452416 -0.9995722222672203 -0.017173775782802728 0.53134 0.9906824872772882 -0.025760632878243386 0.13373331370977923 88.1648
-0.1372480435705786 -0.014308253394822815 0.9904333639477412 43.3131 -0.02410679675350582 -0.9995512566291201 -0.017780543339071586 0.531191 0.9902433220609641 -0.026316520589488704 0.13684152826437337 88.0618
-0.1397015087601512 -0.014974978699347009 0.9900804201998398 43.986 -0.02391164074750849 -0.9995430341418214 -0.018492061413573513 0.533363 0.9899049054767327 -0.026257816198522417 0.13927959362945141 87.9641
-0.1404816646317914 -0.014734698237483926 0.9899736312499093 44.6604 -0.024814698783950158 -0.9995227556491526 -0.01839814294396755 0.534603 0.9897722630113167 -0.02715049921042205 0.14004898345251265 87.8674
-0.1397152827390228 -0.014083573129823786 0.9900915577546616 45.3139 -0.02441930021248713 -0.9995457381974978 -0.017663947133986696 0.533267 0.9898905684702164 -0.02664526635477222 0.1393079044225269 87.7769
-0.13753844700508563 -0.013612373276631062 0.9904028871571441 45.9579 -0.0243028316232445 -0.9995581582903226 -0.017113169500431444 0.5344 0.9901982367033993 -0.026423313362179436 0.13714685756677983 87.687
-0.13253264283751393 -0.013667952849943092 0.9910843988517807 46.5793 -0.024914911858656796 -0.9995430344780458 -0.01711634871972538 0.540695 0.9908654528994233 -0.026961255373435675 0.13213154414865907 87.5982
-0.12517760965393918 -0.013748280778303224 0.9920390873433197 47.1931 -0.025059524834019603 -0.9995411614105889 -0.01701431341735916 0.548852 0.9918178190859545 -0.026989839229086033 0.12477564795251075 87.5208
