1.0 0.0 0.0 0.0 0.0 -1.0 0.0 0.0 0.0 0.0 -1.0 0.0
0.9999935842087067 -0.00272778368735411 -0.0023217961967300737 7.66672e-05 -0.002731965281018407 -0.9999946486102278 -0.0017997545972572287 -0.0170956 -0.0023168744306620143 0.0018060861170064208 -0.9999956850635958 1.51101
0.9999876044745005 -0.004372651615747547 -0.0023813473491755173 -0.00816191 -0.004378316715849307 -0.9999875853856904 -0.0023789529698578543 -0.0285705 -0.002370915453119203 0.002389349774390793 -0.9999943348677381 3.01899
0.9999761458981586 -0.004640603562605361 -0.0051159000419487705 -0.0282118 -0.004647457213431104 -0.9999883179090772 -0.0013286033356970425 -0.0320991 -0.005109674756166404 0.0013523475696109134 -0.9999860310924034 4.54726
0.9999785334537483 -0.004126364892789145 -0.005089768605941829 -0.0454937 -0.004129467006689241 -0.9999912942397218 -0.000599121862950592 -0.0418216 -0.005087252100214693 0.0006201270334033303 -0.9999868675680352 6.04144
0.9999548031090121 -0.0052994009097762735 -0.0078935473149983 -0.065158 -0.005302435730734192 -0.999985875888988 -0.0003635902288847533 -0.0500989 -0.00789150901527001 0.0004054288230621021 -0.9999687793691018 7.5614
0.9999365707618793 -0.005786581545485848 -0.009662811546912625 -0.0906345 -0.005795473987531783 -0.999982807790301 -0.0008925273589220066 -0.0546765 -0.009657480739486244 0.000948471319558182 -0.9999529156254923 9.06765
0.9999300282188437 -0.0068846467795597955 -0.009619787158922281 -0.110293 -0.006903665512537798 -0.9999742773976696 -0.001945236617789683 -0.0657445 -0.009606147445946544 0.002011512298965772 -0.9999518367149078 10.5543
0.9998927868728723 -0.0075524546214628535 -0.012544926814912968 -0.131085 -0.007592638618468277 -0.9999661867356427 -0.003158674435114625 -0.0670921 -0.012520646884651054 0.0032535848795516246 -0.9999163202923641 12.064
0.9998736328927689 -0.008749266459477623 -0.013272851322804587 -0.15874 -0.00879403398080633 -0.9999558260922032 -0.0033182571636179016 -0.0770683 -0.01324323269298849 0.0034345597506140204 -0.9999064059136529 13.5529
0.9998730356554711 -0.009332417603269366 -0.012915825594642869 -0.184997 -0.009370571362066893 -0.9999518996822706 -0.0028966729478058194 -0.0806608 -0.012888171377719013 0.0030173338390582973 -0.9999123915298992 15.0308
0.9998363739771751 -0.01064293352512431 -0.014627140464013927 -0.217921 -0.010672534598293459 -0.9999411510934718 -0.0019471402390400705 -0.0881681 -0.014605556388663789 0.002102930298903161 -0.9998911217761338 16.5233
0.9998138975009253 -0.011858398877036153 -0.01521672566887699 -0.254718 -0.011866203186067575 -0.9999295047932829 -0.0004226887823373057 -0.087653 -0.015210640550473603 0.0006031748775121265 -0.9998841295840789 17.9975
0.9998100202073767 -0.0131167408675838 -0.014417857050819754 -0.280891 -0.0131176400020866 -0.9999139595402049 3.2208781624343524e-05 -0.0820242 -0.014417039006012065 0.00015692559578750964 -0.9998960567782318 19.4632
0.9997657131692889 -0.014021311660020176 -0.01649004519204217 -0.312578 -0.014017549466865356 -0.9999016902507994 0.0003437157809443366 -0.0779582 -0.01649324340592212 -0.00011248522867305749 -0.9998639708825529 20.9402
0.9997807679974012 -0.014137518466295186 -0.015444951089038665 -0.339012 -0.014130547765544241 -0.9999000018044516 0.0005603671160463045 -0.0733191 -0.015451328822250426 -0.0003419986465411076 -0.9998805626046311 22.4042
0.9997283832018384 -0.01595088914669868 -0.01699202624962562 -0.37666 -0.015922487047713523 -0.9998715990762863 0.0018054824412723413 -0.064055 -0.017018643508036446 -0.001534436724038434 -0.9998539949798102 23.8674
0.9997469514399399 -0.015049753422154605 -0.01671939019459894 -0.406719 -0.015002627794851398 -0.9998831305159849 0.0029404878512073154 -0.0604599 -0.016761689825195356 -0.0026889089769442363 -0.9998558973785762 25.3206
0.9997689161907475 -0.01515140219874653 -0.015249564918049466 -0.434115 -0.01510589964458548 -0.9998811104270229 0.0030946416838317334 -0.0576087 -0.015294640064601014 -0.0028635681649675153 -0.9998789296523147 26.7605
0.9997548679400633 -0.014854570931140771 -0.016417848598354746 -0.472515 -0.014799589917739464 -0.9998844752386461 0.0034653015747708716 -0.0380983 -0.016467427498353705 -0.0032214746916703623 -0.999859213055717 28.2029
0.9997514774637344 -0.015575247185354676 -0.015949764393104488 -0.502804 -0.015535759116408233 -0.9998759409651266 0.0025967032521834127 -0.0276539 -0.015988229975747188 -0.0023482662153305137 -0.999869422548777 29.6375
0.9997548712563135 -0.017171426467159766 -0.013976391249349433 -0.524061 -0.01716053444007016 -0.9998523431356207 0.0008988792689538247 -0.0188612 -0.01398976257851191 -0.000658816584425544 -0.9999019214421506 31.0534
0.9997050144766922 -0.018833711286841377 -0.015335427914483333 -0.550044 -0.018830999926878995 -0.999822629407117 0.0003211965013663167 -0.00599131 -0.015338757182715103 -3.2320311111982844e-05 -0.999882353821432 32.4739
0.9997272037981387 -0.018950080042138967 -0.013653294560336534 -0.568319 -0.01895212904423775 -0.9998203920587533 -2.0692305429559978e-05 0.00507675 -0.013650450199365168 0.00027944566103371834 -0.9999067892156134 33.8727
0.9997198393891589 -0.018949285586141777 -0.01418334613163961 -0.601511 -0.018953177111919843 -0.9998203626046362 -0.00013999463802714414 0.0204226 -0.014178145473906471 0.0004087748883164686 -0.9998994014869758 35.2634
0.9997413819238268 -0.018387390453003447 -0.01338182130229497 -0.626856 -0.018384967367732385 -0.9998309359642625 0.00030407846836589023 0.0351174 -0.013385150127106277 -5.797548021387657e-05 -0.9999104131845609 36.6346
0.9997695944613884 -0.0185014707423434 -0.010883637759593346 -0.647915 -0.018489685197171868 -0.9998283518830818 0.0011825024609688683 0.043936 -0.010903647638351057 -0.000980994969877505 -0.9999400722628574 37.9916
0.999743355334055 -0.019791424630563777 -0.01102374602836662 -0.673088 -0.019776251261811893 -0.9998033298501064 0.001483747508317915 0.0544404 -0.011050943463564498 -0.001265358341130917 -0.9999381358448299 39.3322
0.9997298771147987 -0.02126788368051047 -0.009372829230383531 -0.695995 -0.021255603522610404 -0.999773082863207 0.0014078711193291201 0.067174 -0.009400644814013964 -0.0012082656791142093 -0.9999550829767951 40.6565
0.9997206663935962 -0.022759320047124262 -0.006372011969208034 -0.711141 -0.022751847792793767 -0.9997403708308628 0.0012427199934810671 0.0761462 -0.006398641071095333 -0.0010973978135662573 -0.9999789263331911 41.9552
0.9997326535382347 -0.022546598663607496 -0.005125654894916937 -0.726853 -0.02253675384769161 -0.9997440733482481 0.001970413931375583 0.0906244 -0.005168769235333552 -0.0018543715255078582 -0.9999849224517523 43.2435
0.999750287927058 -0.022328943158572874 -0.0008832254447442892 -0.734862 -0.02232741764111991 -0.9997492652039449 0.0017009249399678834 0.105401 -0.0009209838456940723 -0.0016807800550991355 -0.9999981633818947 44.5068
0.999775104393203 -0.021130433727259305 0.0018015010569851521 -0.745682 -0.021133155756475744 -0.999775536297407 0.0015055726502909603 0.114878 0.0017692832822791282 -0.001543305456048919 -0.9999972439186704 45.7614
0.9997625379336871 -0.020521934486046133 0.007329252986708237 -0.74215 -0.020533586873218837 -0.9997880110545924 0.0015181441375511076 0.131956 0.007296544011565761 -0.0016682794888256162 -0.9999719882521881 46.9795
0.9997513384299072 -0.02063712277456271 0.008448104591950844 -0.748161 -0.02065545423837162 -0.9997844721471586 0.002088411749098818 0.150479 0.008403184980437569 -0.002262391879154305 -0.9999621333156418 48.2006
0.9996542074269652 -0.021630714308463635 0.014952517248655034 -0.733307 -0.021673035016296163 -0.9997615359467311 0.002674096971964071 0.162787 0.014891108983151666 -0.0029972387190034646 -0.9998846290614298 49.4041
0.9995498092048196 -0.021154146147807 0.02127630182540174 -0.715335 -0.02123658364280505 -0.9997677931210545 0.0036561390890710033 0.174834 0.021194018821132445 -0.0041063290922319145 -0.9997669486573337 50.6042
0.9993189042356111 -0.021744992024495806 0.0298141402557864 -0.694426 -0.02189377750519879 -0.9997493810781165 0.004673065426001302 0.186404 0.029705052497680264 -0.005322626774201919 -0.9995445360264507 51.7934
0.999035282417483 -0.023138960389771063 0.03732416103680293 -0.668709 -0.023342009957839346 -0.9997149668292865 0.0050135485085133925 0.199104 0.03719751411248769 -0.005879932788705479 -0.9992906340671127 52.9742
0.9985443334773966 -0.02342154334335952 0.048586473298616685 -0.617458 -0.02373777360127877 -0.9997005619508591 0.00594176233041289 0.21171 0.0484327594158798 -0.0070864478091503804 -0.9988013066034765 54.1422
0.9978852308405826 -0.023403436015756084 0.06064111849969705 -0.565836 -0.023875966883828183 -0.9996898627288378 0.007079305231462676 0.222862 0.06045663136166477 -0.00851219947218614 -0.9981345291014363 55.2897
0.9968920052587666 -0.02304408142660355 0.07533458808780406 -0.495968 -0.023767275962434258 -0.9996795116135404 0.00871726180853961 0.224076 0.07510956293629022 -0.010480666549279868 -0.9971202079910937 56.4206
0.9954141400837501 -0.023899627600459553 0.09262557703943293 -0.398407 -0.024881205181455496 -0.9996456842749225 0.009456825008450387 0.238512 0.0923667437449588 -0.011718093321077988 -0.9956561007390411 57.5351
0.9936722973999711 -0.024387055501420642 0.10963866518630176 -0.290813 -0.025613581435518135 -0.9996239563501544 0.009792361150943563 0.24615 0.1093586294076029 -0.012538636881059162 -0.9939232730745645 58.6412
0.991356120620799 -0.024880764180083566 0.12881766059626518 -0.161368 -0.026328147110386863 -0.9996077839302777 0.009544997419222687 0.257143 0.1285296494098281 -0.012854021931450497 -0.9916223592390263 59.7432
0.9884125120955044 -0.025114670199691443 0.14969956337216062 -0.00409827 -0.026779855152176922 -0.9995997727785434 0.009117763931642434 0.275704 0.14941065989775704 -0.013021044575819068 -0.9886894897322777 60.8216
0.985156175556399 -0.02413342283577121 0.1699555461446287 0.162344 -0.02552677643068859 -0.9996560263844031 0.006017690454234453 0.30265 0.1697518584527038 -0.01026678214316538 -0.9854333563140015 61.8862
0.9808789024817801 -0.025924949169256375 0.19288461752226546 0.368055 -0.026675203237374052 -0.9996433169480812 0.0012932181886367656 0.297243 0.1927822922324142 -0.006413726811309095 -0.9812205928892883 62.9426
0.9761841306739379 -0.02755908256785473 0.21518605900101045 0.585752 -0.027791925523547794 -0.9996118392928243 -0.001944124818582162 0.304018 0.2151561105245718 -0.004082611129512589 -0.9765711343216649 63.9683
0.9706099875800157 -0.02826778147986472 0.23899201773307904 0.827868 -0.02749176631431494 -0.9996003696403369 -0.006580562272383572 0.314129 0.23908252716340617 -0.00018315323703668339 -0.9709992336042551 64.9825
0.9639354210128874 -0.02863350868914323 0.2645914327729755 1.1038 -0.026658676227961496 -0.9995834942316761 -0.011052286702985107 0.318283 0.2647976946623214 0.003600033297209893 -0.9642972677871584 65.9746
0.9565204102196977 -0.030244278551515624 0.29009306859702727 1.39167 -0.02743354368959077 -0.999529033993584 -0.013751759323224321 0.336026 0.29037235666256617 0.005195557597689079 -0.9568996293590443 66.9402
0.9476744807151859 -0.031341784707738234 0.31769603575200095 1.71996 -0.02779409758489607 -0.9994904567096626 -0.01569442849394515 0.364222 0.31802604726758493 0.006043134753095341 -0.9480627161647651 67.8949
0.9379403238070142 -0.03478382010669332 0.34504787325178304 2.06207 -0.029840147739188635 -0.9993619075047259 -0.019630165853072798 0.374174 0.34551051295104857 0.008115644601690456 -0.9383797854562951 68.8226
0.9269632925280588 -0.03621757863192079 0.3733997071551889 2.43078 -0.030187007774563283 -0.9993024074569467 -0.021987337546165303 0.394541 0.37393555443038395 0.00910963494280586 -0.9274099501752447 69.736
0.9147061359137255 -0.03283876282584753 0.40278319301809185 2.80909 -0.026201571896490056 -0.9994150271702015 -0.02197910590854393 0.43399 0.4032693424399315 0.009550870245881384 -0.9150314848821389 70.6264
0.902015664406656 -0.02980552263380826 0.43067316144095186 3.2157 -0.022281137914784765 -0.9994983945143728 -0.022505782732739815 0.450914 0.43112793003729294 0.010704680458401943 -0.9022273093616943 71.4793
0.8877234811323975 -0.028627703486576304 0.45948609950602703 3.65512 -0.019627494970936465 -0.9995107244148635 -0.024353094687136832 0.467243 0.459958457349513 0.012600252884742244 -0.8878510298129394 72.3153
0.871331623600672 -0.030409750089319704 0.48975141532508304 4.12425 -0.02077556850121754 -0.9994691221185169 -0.025096806272758704 0.480161 0.4902546047380566 0.011692776879179865 -0.8715008327603512 73.1643
0.853778528405558 -0.03500880013724217 0.5194579947855175 4.6045 -0.025873454455267748 -0.9993569091929316 -0.024826042836140094 0.499718 0.5199930660962618 0.007755769549265238 -0.8541352698785524 73.9865
0.8336751611049985 -0.03809515392101169 0.5509396382583934 5.12044 -0.02810774158411697 -0.9992519339002787 -0.026561766876355968 0.521818 0.5515393735895883 0.006658216299265664 -0.8341222857208151 74.7862
0.8128313157509212 -0.03490132979640643 0.5814526200070544 5.63586 -0.02802121138622566 -0.9993905663681363 -0.020816041093914738 0.541292 0.5818247707403614 0.0006269232947995387 -0.8133139265499562 75.5526
0.7909234642433928 -0.029706601442428003 0.6111935794328754 6.17993 -0.02485470399631972 -0.9995562299172226 -0.016419102378734483 0.557462 0.6114101057379452 -0.002204782168099638 -0.7913108248577833 76.2924
0.7678323468916061 -0.02773619380068959 0.6400501469575478 6.76373 -0.024081380330727556 -0.999605878784484 -0.014428243859391978 0.577294 0.6401980741835255 -0.004334818675541428 -0.768197653705578 77.0034
0.744880405943703 -0.030304903727482287 0.6665094100245038 7.37002 -0.025618543296841528 -0.9995303484835395 -0.016815846684656386 0.598357 0.6667059854842253 -0.004549205473711134 -0.745306939219719 77.6908
0.7201453069826341 -0.031021630927595936 0.6931294217139243 7.99827 -0.02607568354693537 -0.9995042919451679 -0.017641686731959497 0.632469 0.6933331057712788 -0.005369245550404172 -0.7205972353844913 78.3542
0.6946040336381726 -0.029124419996029154 0.718802479554346 8.64797 -0.02432691995514645 -0.9995596365073228 -0.01699217557715225 0.640682 0.7189808324420595 -0.005683416687501369 -0.6950066628138752 78.9818
0.6686301719680172 -0.027364010770821092 0.7430914506630758 9.30499 -0.023413863586615565 -0.9996019076679798 -0.01574221008890248 0.658518 0.7432264016610063 -0.006872925219306006 -0.6690046926389701 79.5807
0.6408674611496156 -0.02650796034606024 0.7671937338625346 9.99992 -0.023400506665751497 -0.9996137666096098 -0.014991127120218885 0.689028 0.7672948022288643 -0.008345396505867199 -0.6412402364400783 80.182
0.6131607651161426 -0.02561515255044895 0.7895427411369216 10.704 -0.023243337169884973 -0.9996264106345012 -0.01438007090353628 0.700916 0.7896161240751063 -0.009534312864643993 -0.6135270764023422 80.7386
0.5844396497590929 -0.022465483695592064 0.8111261294224172 11.4297 -0.023524187798311003 -0.9996656029483852 -0.010737544890300809 0.714709 0.8110961153759144 -0.012805636421690117 -0.5847726971208016 81.2703
0.5535395877913748 -0.013054434254051383 0.8327205452575687 12.1843 -0.019802349504150517 -0.9998007626135447 -0.002510384729626367 0.725657 0.8325874078448888 -0.015100225948042011 -0.553687810480281 81.782
0.5232128566369302 -0.005630596585682856 0.8521834327372908 12.9546 -0.017775829914960364 -0.9998327181201537 0.004307626643486881 0.727481 0.8520166233828175 -0.01740207339814927 -0.523225421133939 82.2619
0.49180086152755975 -0.0025711040558322688 0.870703911800495 13.7435 -0.019081882073811687 -0.9997872969260616 0.007825770364671325 0.732871 0.8704985895320402 -0.02046338997364578 -0.4917453154769401 82.7273
0.4581607203187623 -0.002921825318996641 0.8888645663394386 14.5632 -0.023355778596652492 -0.9996889023147582 0.008752496492895051 0.751495 0.8885624693644996 -0.024770174111605696 -0.45808642908445096 83.1688
0.42544364704094206 -0.005936220653067604 0.9049654493276861 15.3893 -0.026588742337988684 -0.999628792281812 0.005942762159988421 0.744333 0.9045942416207317 -0.026590203563798376 -0.42544355571691217 83.5735
0.3902750420823708 -0.006075724395059351 0.9206782701360336 16.2442 -0.03055152256518645 -0.9995129918698743 0.006354805448011305 0.733318 0.9201912822867608 -0.03060824490898574 -0.390270597594847 83.9644
0.3557367882190267 -0.005664600181395864 0.9345690182177002 17.093 -0.035994707349123696 -0.9993227455532278 0.007644034458954351 0.733273 0.933892776795314 -0.03635880257576796 -0.3556997595231041 84.3167
0.31994074784903415 -0.004640264644548347 0.9474261901646105 17.9726 -0.04145050640095392 -0.9990990780820431 0.00910426793956241 0.741703 0.9465303869316107 -0.04218412165305116 -0.31984484753620046 84.6387
0.2833383983413756 -0.005512360020197889 0.9590041532299806 18.8671 -0.04494912852861915 -0.998960835626108 0.007538217939664235 0.736663 0.9579660369083353 -0.045242267540386655 -0.28329173895110743 84.9275
0.2473764729605345 -0.0054686961423628805 0.9689040065910081 19.7739 -0.04588586650574567 -0.9989282029126689 0.006077226397154151 0.732568 0.9678323035942863 -0.045962362734827775 -0.24736227143849027 85.1779
0.2115855566584765 -0.004340563539270863 0.9773498410096989 20.6962 -0.045811335969693244 -0.9989350717901864 0.005481226523933576 0.733094 0.9762852419811509 -0.045933450291659295 -0.2115590802449971 85.3937
0.17550239407091933 -0.0034756359602926 0.9844728689151607 21.638 -0.043943699472077026 -0.999024725574432 0.004306851244084371 0.736945 0.9834977686563826 -0.04401724259426543 -0.1754839633764695 85.5714
0.14051110740048142 -0.0029302213075922817 0.9900747661162659 22.5893 -0.039530850584114235 -0.9992148286496172 0.002652934000720846 0.724427 0.989289614091438 -0.03951126434074563 -0.14051661624522874 85.7118
0.10612765155848723 0.0010906479098416882 0.9943519156022264 23.5434 -0.03756421657855753 -0.999281174411215 0.005105301184297407 0.709113 0.9936427180870998 -0.037893864338173835 -0.10601039495257315 85.8203
0.0747268911028532 0.00682844316234891 0.9971806577095652 24.5009 -0.03769282745499719 -0.9992426112373584 0.009667194318591877 0.711744 0.9964914161720362 -0.038308957849622786 -0.07441291046536007 85.8939
0.04505857749947279 0.00911957267307045 0.9989427200735711 25.4712 -0.03476733418740678 -0.999338244171971 0.010691408175887877 0.685442 0.9983791649805326 -0.035212315026746724 -0.04471169649243883 85.9391
0.018422625297736243 0.010095131569335104 0.999779323248754 26.4443 -0.033169605079222966 -0.9993924330650937 0.010702431084560636 0.667405 0.9992799328396558 -0.03335945219617968 -0.01807658079237357 85.9647
-0.003557725741174248 0.007870275191905198 0.9999626999823316 27.4176 -0.034381712896986015 -0.9993787761831694 0.007743354111756889 0.651671 0.999402441664928 -0.03435288172824106 0.0038261091392784406 85.969
-0.02246415039880949 0.0059359508810154105 0.9997300267742277 28.4018 -0.03568129198951986 -0.9993500431347595 0.00513192834256123 0.620973 0.999110708254505 -0.03555637458589851 0.022661352066656936 85.9622
-0.04005948966214097 0.007980673729342556 0.9991654248095431 29.3825 -0.034033254272117675 -0.9993987888204175 0.006618044116822212 0.608355 0.998617531836718 -0.03373973549257023 0.04030701374740124 85.9251
-0.05365955353695272 0.012034542957406877 0.9984867661066026 30.3692 -0.03302013425089988 -0.9994019093585539 0.010271042037187624 0.602672 0.9980131878128002 -0.032419027534512125 0.054024842484259886 85.8798
-0.06597402795819092 0.01586508867735583 0.9976952072633362 31.3515 -0.03046271075842344 -0.9994395490774725 0.013878436261604107 0.575601 0.9973562306860174 -0.0294768841819893 0.06642034636089393 85.8204
-0.07627816205974723 0.01894455756386358 0.9969065882676752 32.3381 -0.02575155195956861 -0.9995234084660984 0.017023909656314035 0.552095 0.9967539814640624 -0.024373339266956492 0.07672966029194485 85.7433
-0.08172685382012282 0.02255155836912464 0.9963995928239774 33.3316 -0.023618745862258192 -0.9995070289857435 0.020684628398542414 0.53068 0.9963748673107719 -0.021843219158715826 0.08221920437602134 85.6556
-0.0861224931650127 0.0254879849796042 0.9959584724237865 34.322 -0.02236494534938687 -0.9994702469246756 0.023643915323980504 0.513225 0.996033496118761 -0.020238283870133163 0.08664690690053871 85.566
-0.0902483976416465 0.027641079814635403 0.9955356334304641 35.3079 -0.021435761242105774 -0.999437116026037 0.025806186264703115 0.481481 0.9956885732311513 -0.01901109718659265 0.09079010585231873 85.4738
-0.09214264799377475 0.029459260331057183 0.9953099438875526 36.3108 -0.020680501987997535 -0.9994032799312106 0.027665879712442915 0.450226 0.9955310388221055 -0.018034301857458496 0.09269689691836674 85.3836
-0.09554414928048005 0.031881137250283034 0.9949145232761949 37.3047 -0.020372274420562067 -0.9993402687177937 0.030066555405987773 0.413148 0.9952167030216097 -0.01739598823512581 0.09613060709327026 85.2908
-0.0969419146286394 0.035036752886691676 0.9946731579445031 38.309 -0.01897630784645698 -0.9992636009253646 0.033348997079219914 0.377734 0.9951091221211118 -0.015642308423957932 0.09753539490113154 85.192
-0.09905018536707691 0.035432741052685714 0.9944513973242942 39.3106 -0.017575449084517095 -0.9992722421762334 0.03385394519935241 0.338127 0.9949272156133963 -0.014124690353297288 0.09960084715602688 85.0943
-0.1024311948055568 0.03482485158804181 0.9941303134109616 40.316 -0.017218242775811576 -0.9992993434499867 0.0332318265543502 0.311512 0.9945910629230583 -0.013713201387570467 0.10295904846726515 84.9932
-0.10425980317559459 0.03444849745705031 0.9939533160389064 41.3416 -0.016898116967906093 -0.9993170419730855 0.03286188164274535 0.264661 0.9944065300895432 -0.01336976608301126 0.10477071284552907 84.8941
-0.10650633126879484 0.03401233986221537 0.9937301254046589 42.3537 -0.016996433968969694 -0.9993310271901557 0.0323823922434245 0.21601 0.9941667479009748 -0.013440938663862033 0.10701316991769803 84.793
-0.10997676262751363 0.03476046405836468 0.9933261407113069 43.3665 -0.017543766608404482 -0.9993004668069914 0.03302715992209168 0.183471 0.9937793155098177 -0.013794461851653509 0.11050965970023577 84.6835
-0.11140461935764025 0.03650619746715919 0.9931043793742266 44.4076 -0.017769225845085633 -0.9992384603233732 0.03473836529603445 0.137416 0.9936162566094847 -0.013776681641932858 0.11196846718737917 84.5825
-0.1148450902388332 0.03854375885623926 0.9926353730858407 45.425 -0.019683276807050346 -0.9991390951415687 0.036518997437280806 0.0955158 0.9931883879013946 -0.015344289260802065 0.11550488701743118 84.4808
-0.11604854686941195 0.04193641041974889 0.9923578347806823 46.463 -0.023912535696628802 -0.9989366389703076 0.0394180410378598 0.0528424 0.9929556512785729 -0.019155385765139858 0.11692795127826934 84.3708
-0.11847831947736066 0.04362585367387697 0.9919978189013551 47.5036 -0.02600406466523019 -0.9988280525493027 0.04082046130868461 -0.000922583 0.9926160770583493 -0.020959635774334573 0.11947391863289768 84.2619
-0.12171587166781232 0.043906122105599577 0.9915934141702396 48.5541 -0.028253613760020405 -0.9987695919394776 0.04075580359345725 -0.0516633 0.99216277892977 -0.023055469171046093 0.12280661809389067 84.1436
-0.12421393201205874 0.04210301210501056 0.9913618085571934 49.6214 -0.02912457794515175 -0.9988236034413325 0.03877071276090447 -0.0905817 0.9918279377259045 -0.02405713158622854 0.1252940396276793 84.0219
-0.12637340437887648 0.040158684123741815 0.9911695328021047 50.6798 -0.029162690627642315 -0.998898747977937 0.03675362245366495 -0.144949 0.9915539824644192 -0.024260490051926993 0.12740537069288313 83.8958
-0.12855632440218223 0.04004177196978763 0.9908934998039498 51.7243 -0.03000540850470558 -0.9988841177296869 0.03647183581684006 -0.192739 0.9912481762488476 -0.02504347908946209 0.12961434040425102 83.7655
-0.1290826002021604 0.041504376196374884 0.9907648909209485 52.7928 -0.03070489973940095 -0.9988119257445245 0.03784106397166358 -0.24288 0.9911583584155674 -0.025536713709167616 0.1302036281978864 83.6194
-0.12956987425211222 0.042838037583436774 0.9906445125383231 53.8589 -0.030588293193892162 -0.998763549366795 0.03918837551782261 -0.292632 0.9910983826067804 -0.025224491912453784 0.13072000995250208 83.4834
-0.13035433023211931 0.04315179081256972 0.9905279761518114 54.9263 -0.03128822132112887 -0.9987338682905007 0.039391719130454986 -0.344275 0.9909736604957246 -0.02585697737866552 0.13153942726248866 83.354
-0.12946019734166656 0.04228284234983608 0.9906827032643076 56.0056 -0.03276808940496875 -0.9987271801939573 0.038344124172748545 -0.394482 0.9910430412555274 -0.02749874151022357 0.13068094579681147 83.2225
-0.12972136789462113 0.04221239395212227 0.9906515434341073 57.0828 -0.035817421977559744 -0.998640840710381 0.03786269335566037 -0.438436 0.9909033651140909 -0.030570983989629437 0.13105699501925122 83.0869
-0.12876558862399376 0.04343560539387499 0.99072335763844 58.1619 -0.03932327322107476 -0.9984782026693202 0.03866469937067529 -0.491645 0.990895102101881 -0.03397980250548217 0.1302776636733685 82.9568
-0.12891194604639084 0.044751428420659246 0.9906457589980603 59.2481 -0.042132577547915474 -0.998326320065412 0.039615711199236084 -0.548119 0.9907605947330068 -0.036631520838794035 0.13058168173727774 82.8238
-0.1297723307435102 0.0460370485482003 0.9904744985785185 60.33 -0.044518270568880636 -0.9981847511820775 0.0405626194066659 -0.60729 0.9905439241946583 -0.038830306057829896 0.1315862514569905 82.6976
-0.12976845069569742 0.04118167712631303 0.9906887597389514 61.4242 -0.04322103610442908 -0.9984224124203329 0.0358417133354683 -0.661378 0.9906018833225069 -0.03816747104310626 0.1313436443535646 82.5628
-0.13073712941320906 0.03195568652158892 0.9909019311171656 62.5231 -0.03840900562384515 -0.9988933141862845 0.027145812953905796 -0.70844 0.9906727770963435 -0.03451059218377668 0.13181983063008315 82.4164
-0.1316278102758806 0.02801612106580453 0.9909032326733036 63.6191 -0.03303182429930312 -0.9991694065520051 0.023862011524055426 -0.743904 0.9907487159443797 -0.029590437153586793 0.13244390466768524 82.2635
-0.13047764571130885 0.027137938003011522 0.9910797729197074 64.7267 -0.028548916717822864 -0.999313649022649 0.023604877277306115 -0.783099 0.9910401320450515 -0.025214345083356255 0.1311628509835939 82.1023
-0.13042099322241293 0.030770407304739112 0.990981103029306 65.8252 -0.02454473467585949 -0.9993121545729986 0.027798807930615718 -0.826357 0.9911548418519537 -0.020697820101934897 0.13108653522180283 81.9521
-0.12928057975273485 0.03405503552092229 0.9910231007673163 66.9328 -0.022857210144443956 -0.9992468949827017 0.03135587364183895 -0.855399 0.9913445816885318 -0.018598317749166562 0.12996162100286204 81.8023
-0.1287182866548093 0.035028703177530596 0.9910623555732258 68.0449 -0.021661786110352348 -0.9992368303515391 0.03250421344255458 -0.91063 0.9914445873084182 -0.017284294105061333 0.12937883704118716 81.6531
-0.12908684335790585 0.03486059029448919 0.9910203459648098 69.17 -0.02218147019636191 -0.9992333366146269 0.0322602135443618 -0.936663 0.9913851770385814 -0.017817919135513074 0.1297611363462147 81.5153
-0.12793550129712775 0.03189046417266022 0.9912696433376265 70.3033 -0.023654647261102682 -0.9992966992215276 0.029095782991916293 -0.978898 0.9915003606508701 -0.019725750171087367 0.1285998818404683 81.3762
-0.12747191133647148 0.030567474548749064 0.9913710411949396 71.4363 -0.02303428114755239 -0.9993466414293433 0.027851609574804773 -1.02046 0.9915746737952934 -0.019285221378128443 0.1280927262734083 81.2376
-0.12772880889332677 0.030542580101829454 0.9913387423980842 72.5723 -0.024389203589007487 -0.9993201999103051 0.027646063002196762 -1.05249 0.9915092123258289 -0.020646763716157063 0.12838688804182158 81.096
-0.12736188527871362 0.032972302147667096 0.9913081142961226 73.7044 -0.02375224192192995 -0.9992620698720814 0.030185206950514153 -1.10395 0.9915718739364956 -0.019701345285188077 0.12805106720375237 80.9486
-0.12747418881653766 0.034862532146740836 0.9912290023187793 74.842 -0.023512775501195182 -0.9992074343545513 0.03211934804483129 -1.15445 0.9915631500685145 -0.019212157164464224 0.12819287204556978 80.8077
-0.12655741325042136 0.03343259958030685 0.991395724439371 75.9886 -0.0230250577499471 -0.9992616057256525 0.030758576660868172 -1.19714 0.9916920226899952 -0.018934217910802898 0.12723375151716843 80.665
-0.1264605353038711 0.027812898594553978 0.9915816535628454 77.1474 -0.01767211216112303 -0.9995113854199628 0.02578152182534473 -1.23888 0.9918142111617592 -0.014262997147692916 0.12689025750601127 80.5238
-0.12750531522366035 0.025045230304507688 0.991521624085279 78.3066 -0.019182609218867278 -0.9995564196131749 0.022781385244256002 -1.28098 0.9916523695798197 -0.01611522414008402 0.127929189232339 80.3784
-0.12661622532712374 0.026527687129701452 0.991597001457477 79.4557 -0.022487559443170768 -0.9994622009575979 0.02386668236861065 -1.31384 0.9916968494223427 -0.019276687281350006 0.12714467418360925 80.234
-0.12653038799833902 0.02796372286037425 0.9915685004661945 80.6109 -0.022660007937609045 -0.9994232106109021 0.025293677717238724 -1.35079 0.9917038796703666 -0.01926853123577991 0.12709106479512436 80.0895
-0.12726230247417178 0.0281859321262147 0.9914685368679882 81.7888 -0.022911747644798353 -0.9994129705317363 0.02547088833928813 -1.38771 0.9916044363499156 -0.019474793018356452 0.1278333847164296 79.9526
-0.12544358627129817 0.02430764925371327 0.9918029264179218 82.9614 -0.02345746437814947 -0.9994929916440833 0.02152921316044305 -1.4233 0.9918233986090179 -0.020564480108147595 0.125950181141348 79.8007
-0.12496016070295667 0.022761394057132563 0.9919006387626066 84.1459 -0.023036188518246705 -0.9995338688839843 0.020034444648292012 -1.45437 0.9918942949002392 -0.020346102683059673 0.12542624864822893 79.6468
-0.12460503035278393 0.023064114832456482 0.9919383211761594 85.3379 -0.02259052099039755 -0.9995365852609968 0.020403016594832398 -1.49305 0.9919492198556157 -0.01986608496362229 0.12506831691541206 79.4997
-0.12350169173228676 0.02110226171834809 0.9921199658759183 86.5131 -0.021495852272825116 -0.9995961737171557 0.018585419690892144 -1.52841 0.9921115161484257 -0.019031133450009303 0.12390542960370965 79.3525
-0.12324465168300744 0.02085355843707475 0.992157187612954 87.7113 -0.021634345752965533 -0.9995980386694836 0.018322559099735177 -1.55801 0.9921404693466425 -0.019206514223920352 0.12364626519224522 79.2029
-0.12133342015306602 0.02019220976899411 0.9924064065787792 88.8959 -0.021545275923975118 -0.9996110978386152 0.017704636772293596 -1.58221 0.9923779533218784 -0.019233505726310305 0.12172128005470796 79.064
-0.12028928126209106 0.018654319622073704 0.9925636025831729 90.1026 -0.020412691208060493 -0.9996585320635214 0.016313837998755822 -1.60883 0.9925289974862667 -0.018298514476393853 0.12062899119557989 78.9273
-0.12015869958519941 0.01787882847076604 0.9925936904929965 91.3147 -0.021406349016816744 -0.9996520184136368 0.015414613304005093 -1.63329 0.9925238813931702 -0.01939560708136529 0.12049960701255948 78.7887
-0.11841908998703671 0.01733213352159207 0.9928124275381689 92.5193 -0.020361299445943486 -0.9996798062201708 0.015023399098548933 -1.65917 0.9927549227334582 -0.018435893880996493 0.11873407769168004 78.6469
-0.11690263273303057 0.01765972664380066 0.9929863586751595 93.731 -0.021938336164951687 -0.9996438417572379 0.01519536255388026 -1.68041 0.9929010443475219 -0.020008090655945426 0.11724842191647501 78.5172
-0.11642307885191336 0.019032491132566772 0.9930173367026024 94.961 -0.021914934410059875 -0.9996221867696851 0.0165897368151266 -1.71257 0.9929579056336898 -0.019830481564529906 0.11679618846723941 78.3818
-0.11436357591793794 0.0180837800531271 0.993274357568065 96.1917 -0.02280025647746553 -0.9996187249814455 0.015574112206840768 -1.74222 0.9931772856886246 -0.020865798941320172 0.11473228676670127 78.2484
-0.11472014294846503 0.017147389415704494 0.9932498456270258 97.4203 -0.025504666220000496 -0.9995722656571842 0.014310755744217814 -1.75934 0.9930703906586333 -0.02369077384110707 0.11510841164710514 78.1178
-0.11398505716273184 0.017690485096472426 0.993324948584631 98.6559 -0.02710016650212397 -0.999524762942738 0.014691127928804018 -1.78943 0.9931127769388356 -0.025244702440607503 0.11441030233121179 77.9844
-0.11420730646778389 0.017306546362237364 0.9933061837129504 99.8975 -0.029053157822999116 -0.9994787873738782 0.014073649496629419 -1.81418 0.9930320262558936 -0.02725136772079157 0.11465059000049059 77.8561
-0.11614628028888134 0.015300927923379516 0.9931142548467122 101.155 -0.031129354329022557 -0.9994462047015122 0.011757857236803868 -1.83995 0.9927441789676306 -0.02954937414610404 0.11655826703181023 77.7166
-0.11645126837396541 0.013686750923922646 0.993102096938296 102.405 -0.03302422865076611 -0.9994055065845839 0.009901198434159908 -1.86395 0.9926472195176472 -0.03164342360676534 0.11683403325369796 77.5821
-0.11819555374465517 0.013022355085290404 0.9929049447671348 103.652 -0.035474589259699096 -0.9993310926553497 0.008883736214027606 -1.88898 0.9923564705245036 -0.034172876968399886 0.11857845456849504 77.4434
-0.12045481047897268 0.012716810289132892 0.9926373564240595 104.912 -0.03553403647230061 -0.9993323982370568 0.008490588069043476 -1.90508 0.9920826431726645 -0.034249679850228934 0.12082627423576729 77.2974
-0.12198936405187205 0.010657311285381037 0.9924741894751656 106.163 -0.03532033142713942 -0.9993556145283938 0.006389827732727102 -1.93961 0.991902751909731 -0.03427502628362801 0.12228717564470831 77.1499
-0.1254189578555633 0.008642736795453724 0.9920662216359897 107.431 -0.03555254794281533 -0.9993589336992024 0.0042116469898142855 -1.94674 0.9914666415695477 -0.03474226153084316 0.12564582730247845 77.009
-0.1289525388712651 0.00886102234459855 0.99161117631946 108.669 -0.03567028402865827 -0.9993543984080336 0.004291528845516798 -1.97239 0.9910090178984093 -0.03481764876503841 0.12918536209069778 76.8627
-0.1343592750229276 0.013178524613669968 0.9908450492909171 109.905 -0.039669747595927625 -0.9991815353285308 0.007910157027205406 -1.99298 0.9901383218222535 -0.03824377004855232 0.1347720954481481 76.7142
-0.14276283935776135 0.01566224659474788 0.9896329954736328 111.138 -0.04169162031456798 -0.9990824886450156 0.00979743223646136 -2.01217 0.9888784457627015 -0.039860693853562786 0.14328483726988217 76.539
-0.15119838502558314 0.014322388254673272 0.9883996750102347 112.364 -0.040258112836218295 -0.999154675083605 0.008319832296505215 -2.04244 0.9876833160059563 -0.038533160436928254 0.15164716558584312 76.3576
-0.16213516212810536 0.01373584145124286 0.9866729528376256 113.597 -0.03919555536424241 -0.9992036406268017 0.007469471054493042 -2.06769 0.9859898060534812 -0.037462130448916275 0.16254442820609621 76.164
-0.1758846023870651 0.015080809755617118 0.9842952686162106 114.833 -0.04007106084718601 -0.9991636080301289 0.008148280235440597 -2.10461 0.9835948946216245 -0.03800859857096863 0.17634179796334676 75.9566
-0.1894686332547071 0.014347970450119315 0.9817819374772364 116.037 -0.040151459119696975 -0.999170100717909 0.00685347808948469 -2.12955 0.9810654908532624 -0.03812145820041839 0.18988748532096877 75.7273
-0.20461314344798492 0.014271175924115847 0.9787388799194997 117.265 -0.03933517730586504 -0.9992059190076049 0.006346278159961699 -2.1486 0.9780522508305219 -0.03720033545427222 0.20501202327531692 75.4919
-0.21944334143028132 0.015490576363255964 0.9755022613740303 118.454 -0.03838736751421554 -0.9992367623195677 0.0072320705497034305 -2.1867 0.9748697502319175 -0.0358599340914268 0.21987049645124512 75.2259
-0.23431376535398368 0.020389318720430226 0.971947187375814 119.645 -0.038229862705810684 -0.9991999498296045 0.011744694887969807 -2.20702 0.9714090471902831 -0.03440546384854232 0.23490578344143326 74.9469
-0.250487559641072 0.02296764032407038 0.9678473381494646 120.832 -0.039950583428507075 -0.9991122028079702 0.01337000687833786 -2.24241 0.9672951635094542 -0.03531704543345949 0.2511827481199071 74.6615
-0.26585704700679663 0.022791649083577056 0.9637430006432613 122.001 -0.04222804086509764 -0.999036203708469 0.011977322090775955 -2.28073 0.9630871316353063 -0.037512723332512495 0.2665632616596983 74.3512
-0.282019915154463 0.01931753462608217 0.9592140534376254 123.17 -0.045735789323084794 -0.9989312995999465 0.006670551293269322 -2.31701 0.9583177996005625 -0.04198918355400413 0.28260202305221427 74.027
-0.2987043423386382 0.017272699834457693 0.9541893783251152 124.346 -0.048250077155661215 -0.9988308522556562 0.002976346201654649 -2.34665 0.9531251995003143 -0.04515066359056188 0.29918852193026646 73.6861
-0.31318528982333893 0.019367712076692307 0.9494945318258476 125.496 -0.05145417876621395 -0.9986695724074914 0.003398916729322493 -2.37885 0.9482971273423566 -0.04779097065715152 0.31376516919167685 73.3279
-0.3284271741171185 0.020962554077690796 0.9442966496964732 126.639 -0.05212037603674381 -0.9986326324864168 0.004041254141694255 -2.39877 0.9430901641429797 -0.04788983879477178 0.32907066966987264 72.9573
-0.3414950862671531 0.022472499463515545 0.939614864092332 127.77 -0.05117048557080262 -0.998675934955266 0.005287565382412398 -2.42961 0.9384895777054946 -0.04627487124873822 0.34219285327001614 72.5678
-0.3551201468428133 0.02284643136261302 0.9345414500600454 128.898 -0.05109409414206764 -0.9986813323849456 0.004998988860926205 -2.46674 0.9334233095708188 -0.04597430717067466 0.3558191791205699 72.1453
-0.3697616941313359 0.02209517916605708 0.9288638719482764 130.025 -0.051645288764547784 -0.9986603759129025 0.0031965184070821447 -2.50343 0.9276901711786919 -0.04678949282819998 0.37040746436772704 71.7106
-0.38343976086341897 0.021746150094331434 0.9233098368072763 131.131 -0.05197520065321665 -0.9986464995846154 0.0019358162239759627 -2.54124 0.9221022331097903 -0.04724694512315002 0.3840510355024031 71.2626
-0.39802794809027464 0.022937907476434538 0.9170864762603622 132.226 -0.05292277244329123 -0.998596590440619 0.0020074155737910167 -2.57383 0.9158454742454979 -0.04773575139214646 0.3986832895207246 70.8014
-0.4136687425946953 0.025683293336560754 0.9100651294514651 133.314 -0.05414860931113024 -0.9985265180682993 0.003566626426893784 -2.60538 0.9088157676392913 -0.04780335927303239 0.41444992379347734 70.3205
-0.4274583685182853 0.028172982908640728 0.9035959418997603 134.392 -0.05502257890195207 -0.9984720758315039 0.005101920785928388 -2.63856 0.90235905214868 -0.04753732027320079 0.4283553947209943 69.8219
-0.4419166414142283 0.029855854809415484 0.8965591502933687 135.458 -0.0541280561840958 -0.9985123807887373 0.0065710688125243215 -2.67357 0.8954215965537684 -0.04562513939931212 0.44287527711523206 69.3036
-0.457088983627701 0.03369976109951292 0.8887823058252404 136.524 -0.05584009240402425 -0.9983979052407039 0.009138210507793908 -2.72141 0.8876663478619122 -0.04545271073115967 0.4582384815362893 68.7718
-0.4713219305238489 0.035131051423952564 0.8812612819323902 137.583 -0.05612200328852361 -0.9983759760265619 0.009784234251740045 -2.76917 0.8801738229203111 -0.04484662438643046 0.4725281173930154 68.2205
-0.4873851779817637 0.03511737299598032 0.8724806349699377 138.644 -0.05736096396977644 -0.9983203240108602 0.008139439741704963 -2.81567 0.8713009859377772 -0.04607928797965556 0.4885808951679807 67.6443
-0.5020430161367628 0.034822000115677654 0.8641413300243461 139.704 -0.058888829589272176 -0.9982464363924699 0.006013150533634295 -2.85282 0.8628353931648305 -0.04786941129446058 0.5032132786050205 67.0526
-0.518230079989658 0.035737053025023155 0.8544942640152707 140.754 -0.05977849888991507 -0.9981965537663433 0.0054928243612843534 -2.90265 0.8531495269086077 -0.04823383760475812 0.5194317872883183 66.4365
-0.5349396123599786 0.03692521633624625 0.8440830169637803 141.798 -0.061227434165520137 -0.9981120069908012 0.004860329855228995 -2.94717 0.842668862859939 -0.04908105438268564 0.5361904863637744 65.7963
