1.0 0.0 0.0 0.0 0.0 -1.0 0.0 0.0 0.0 0.0 -1.0 0.0
0.9999959947493426 7.432701671890903e-05 -0.0028293039369846487 -0.0132862 7.027476414583412e-05 -0.9999989717654776 -0.0014323161122924868 -0.0150672 -0.002829407487580291 0.0014321115468405679 -0.9999949717422518 0.563446
0.9999936957259224 0.00021796265395856618 -0.00354415020741639 -0.0244205 0.00021127246917242731 -0.9999981955320328 -0.0018879344856944156 -0.0159979 -0.0035445553113218715 0.0018871738022725386 -0.9999919373188392 1.12355
0.999984451050506 0.0007663229597763964 -0.005523622573959287 -0.0310777 0.0007545495728050397 -0.9999974399889828 -0.002133230044515728 -0.0251053 -0.0055252431765862395 0.0021290290279759893 -0.9999824693079562 1.68306
0.9999726822853591 0.0005417864752463137 -0.007371645029422016 -0.0335025 0.0005185648943377352 -0.9999948990242599 -0.0031516687501893883 -0.0344247 -0.007373314958342863 0.00314775997747605 -0.9999678624004121 2.23471
0.9999685241964196 0.000773316368728334 -0.0078963661407218 -0.0343744 0.000735803970421048 -0.9999884366212208 -0.00475239059456972 -0.0441825 -0.00789994993348651 0.004746430831698588 -0.9999575301908616 2.78804
0.9999534841759318 0.0009790106137755907 -0.009595364643030858 -0.0437222 0.0009292848215446325 -0.9999861241318314 -0.005185361464522532 -0.0496443 -0.009600308022926074 0.005176203436440963 -0.9999405187329141 3.35598
0.9999433560501164 0.00010629789636258465 -0.010642997321596117 -0.0521508 5.3797317107600636e-05 -0.9999878310363642 -0.004933040141403419 -0.0549176 -0.010643392179138437 0.0049321881498229905 -0.9999311934943204 3.93323
0.9999249182533899 3.45336901696141e-05 -0.012253842800365464 -0.0570885 -2.7034694043152782e-05 -0.9999873781958605 -0.0050242131816322436 -0.0619026 -0.012253861639383043 0.005024167233822185 -0.9999122964633097 4.51785
0.9999198509836038 0.0009140697008857787 -0.01262759222929259 -0.0662319 0.0008599220813844579 -0.9999904161370865 -0.004292804210597412 -0.0665644 -0.01263139513044048 0.004281601401169665 -0.9999110539175473 5.10787
0.9998966682728696 0.002882672269891472 -0.014083429177544795 -0.0794735 0.0028370916711096305 -0.9999906766692903 -0.0032553779111159083 -0.0761245 -0.014092682060709441 0.0032150855476736164 -0.9998955243110434 5.70428
0.9998769207489648 0.005064388219774189 -0.014849085006411163 -0.0943214 0.005033172237091907 -0.9999850461710973 -0.002138834126338832 -0.0869311 -0.014859694842088099 0.002063832877835987 -0.9998874586987538 6.30555
0.9998651526390021 0.004993761782922181 -0.015644132492426806 -0.112286 0.004990224365400224 -0.9999875136011875 -0.00026514618239335266 -0.100134 -0.015645261230421953 0.00018704269699112064 -0.9998775879156716 6.92179
0.9998514352656525 -0.0002995551162029323 -0.017234200415061025 -0.134964 -0.0002837910116365757 -0.9999995391608205 0.0009171372895294595 -0.107257 -0.01723446720603359 -0.0009121101241011429 -0.9998510595059873 7.56569
0.9998225897168622 -0.008596085164133814 -0.016759964550034666 -0.14766 -0.00857570075384776 -0.9999623988243678 0.0012877476448389753 -0.104592 -0.016770403944088977 -0.0011437907445384999 -0.9998587126660872 8.21457
0.9997329070233061 -0.014151869595407051 -0.018271267106704882 -0.168073 -0.014121028577474187 -0.9998986444446638 0.0018158715919345818 -0.110398 -0.018295113190251643 -0.001557377500425354 -0.9998314174943082 8.8961
0.9997290493509137 -0.013343476162590165 -0.019073005211983518 -0.186152 -0.013275509790992195 -0.999905083821176 0.0036856733924155974 -0.114878 -0.0191203745702649 -0.0034314708893822704 -0.9998113003381326 9.57179
0.9997901153975939 -0.0074848924452199225 -0.0190709606037391 -0.2079 -0.007375899071421805 -0.99995609813306 0.0057790933021124305 -0.110015 -0.019113379244761454 -0.005637214878804207 -0.999801430556216 10.2511
0.9997878628678009 -0.0031807087562408564 -0.020349750712059432 -0.226182 -0.0030648541840469033 -0.99997893346547 0.005721826115114026 -0.114459 -0.02036752147575941 -0.005658243284716859 -0.9997765492108049 10.9617
0.9997713846501 -0.004501071500840571 -0.020902602473540616 -0.240346 -0.004388981804234915 -0.9999757597137031 0.005405258895285079 -0.115104 -0.020926425245240535 -0.005312282028213906 -0.9997669050264211 11.6843
0.9996664086463736 -0.013697824605596496 -0.021896141786524832 -0.257278 -0.013626640612175238 -0.9999013830238415 0.003396894557545977 -0.100283 -0.02194051252108528 -0.003097390527974193 -0.9997544799010549 12.4505
0.9995961178222069 -0.018787889501863678 -0.02132173639359993 -0.272896 -0.01872764818422725 -0.9998200565769849 0.003021532704117057 -0.0943445 -0.021374667909939866 -0.0026210063830520718 -0.9997681000598487 13.223
0.9995179123661381 -0.02150241428113798 -0.022396183588268486 -0.295889 -0.021438743114522013 -0.9997654218702653 0.003079208703499553 -0.0894533 -0.022457140354609894 -0.0025975782283669535 -0.9997444320597343 14.0124
0.9995079174689063 -0.02167760124031729 -0.02267166781328927 -0.312343 -0.021616993263240118 -0.9997620759121231 0.002914990589954871 -0.0829674 -0.022729463681032458 -0.0024234628836209593 -0.9997387150192918 14.8115
0.999569673680083 -0.020371157889052444 -0.021106477331665055 -0.327531 -0.02028836881686398 -0.9997856429005556 0.004129205816376266 -0.0758543 -0.02118606971204654 -0.0036992129139035244 -0.9997687063886198 15.6173
0.9996131126654376 -0.018162601001956227 -0.021065253669457162 -0.351097 -0.018036569652923724 -0.9998183668170094 0.006157558811972188 -0.0555582 -0.02117326480423061 -0.005775231615390343 -0.9997591407720753 16.4541
0.9997058454696635 -0.014727728119325748 -0.019269575974287554 -0.364914 -0.014630639236740734 -0.9998796016670377 0.00516977423983063 -0.0550116 -0.019343394978905876 -0.004886327312992398 -0.9998009586293068 17.3036
0.999762315268776 -0.010941457181700198 -0.018857292572317646 -0.386985 -0.010878397847661186 -0.9999348997061484 0.003443371882833644 -0.0627419 -0.01889374046304663 -0.0032374163149817502 -0.9998162559725257 18.1693
0.9998278245683812 -0.007791815814844118 -0.01684068956919222 -0.396874 -0.007718353212467019 -0.9999604320951396 0.004422812203738163 -0.0592599 -0.016874484956464736 -0.004292068313701481 -0.9998484034627673 19.054
0.9998250622528094 -0.006842404494128629 -0.017407653256676637 -0.41855 -0.006738886040695793 -0.9999593022020566 0.005998446007635861 -0.0513338 -0.017447988597442166 -0.005880088461471949 -0.9998304817585774 19.9624
0.9998270710378488 -0.007038197739831915 -0.01721312849107689 -0.441935 -0.0069431300792915365 -0.999960346934987 0.0055765134592633174 -0.0438181 -0.017251694542198895 -0.005456036128393282 -0.9998362919524314 20.8744
0.9998516413039534 -0.006184489989699537 -0.016076301358143263 -0.456072 -0.006085987953569984 -0.9999624521466205 0.006168877332776822 -0.0425419 -0.016113849087649224 -0.0060701219497760394 -0.9998517377527009 21.8021
0.9998518929273841 -0.005054841774089056 -0.01645116361131393 -0.483131 -0.0049313878188895054 -0.9999594427025398 0.007536203567182904 -0.0435425 -0.01648859071318721 -0.007453960334294538 -0.9998362690218974 22.7411
0.9998671308682294 -0.004507039530109976 -0.015665478097058507 -0.510027 -0.004341894505522683 -0.9999348145887768 0.01056004381675228 -0.0439202 -0.015712051471348538 -0.010490622859622883 -0.999821523208307 23.7025
0.9998564426549335 -0.004741972959713242 -0.016266769005289772 -0.534915 -0.004570196074274254 -0.999933576117767 0.010580957431955052 -0.0515897 -0.016315863117371262 -0.010505096133948755 -0.9998117000545412 24.6617
0.9998609176433888 -0.0054771936886225505 -0.015752641639341373 -0.557048 -0.005304341500333783 -0.99992549705811 0.010993829830375185 -0.0614369 -0.015811683356557426 -0.01090874339182675 -0.9998154779693316 25.642
0.9998488276060131 -0.005825597031441963 -0.01638244041979513 -0.578829 -0.005644864728868048 -0.999922938803693 0.011056760663899235 -0.0551174 -0.016445590201438928 -0.01096261252682145 -0.999804662766439 26.6152
0.9998420556790292 -0.006472962956919049 -0.016551871377316812 -0.601686 -0.006297696028665118 -0.9999237825005866 0.010619237941116699 -0.0493978 -0.01661934776889338 -0.01051332203815096 -0.9998066149708443 27.6022
0.9998443785645746 -0.007389771492927088 -0.016019048976185602 -0.626652 -0.00722794532027698 -0.9999225003240088 0.010136574975272985 -0.0498676 -0.01609271447786845 -0.010019212696842328 -0.9998203038134746 28.6071
0.9998260346119782 -0.008238689273778419 -0.01673393292496772 -0.647065 -0.008080151606280646 -0.9999220407434753 0.009519642084798288 -0.044185 -0.0168110577331324 -0.009382773281566108 -0.9998146587760351 29.607
0.9998403413602313 -0.00782993710659785 -0.01606187640231007 -0.671964 -0.007701706417048841 -0.999938100096432 0.008029924894021904 -0.0381673 -0.016123755980600542 -0.007904938990578361 -0.9998387552163766 30.6254
0.9998280128878505 -0.0076722560248439165 -0.01688434577417391 -0.698094 -0.00753386213333163 -0.9999376286696138 0.008244979802624902 -0.0273603 -0.016946550271030678 -0.008116357439084789 -0.9998234540036719 31.6334
0.999818407340379 -0.00839152322291521 -0.017109490972795016 -0.719405 -0.008275646249157826 -0.9999424152708695 0.006832263272118292 -0.0195452 -0.01716583882330483 -0.006689430488465463 -0.9998302783458967 32.6556
0.9998018156554075 -0.010550418230634902 -0.016882478707510806 -0.741782 -0.010452617003533268 -0.9999281353524408 0.005870854142994717 -0.0119341 -0.016943205420708214 -0.005693224547614272 -0.9998402447312883 33.6917
0.9997569770879051 -0.012500408400642756 -0.018158374207828173 -0.760353 -0.012402433734079673 -0.9999079704937124 0.005498197942724324 -0.0040699 -0.018225432821366464 -0.005271653721817798 -0.9998200054337336 34.7322
0.9997304268778131 -0.014259712602888998 -0.01832305026977391 -0.785058 -0.014150394889704923 -0.9998813807612135 0.006082000617781231 0.00151448 -0.018407604384358813 -0.005821082676984338 -0.9998136201799297 35.8001
0.9996879165786358 -0.015311285475063968 -0.019739148506655122 -0.809038 -0.015193112977674079 -0.9998658310521459 0.006122843493776 0.00283235 -0.019830248730520788 -0.005821033542485287 -0.999786415592742 36.8604
0.9997036220268419 -0.014533993309036776 -0.019530262284611223 -0.839141 -0.014436133880540011 -0.9998825702917039 0.005142340463138146 0.00792625 -0.01960270759349223 -0.004858874905631685 -0.999796041795353 37.9284
0.9996771319932746 -0.014329437646299067 -0.020983302562809274 -0.866648 -0.014195985925847688 -0.9998781363227917 0.006495112566713484 0.0181832 -0.021073816770929406 -0.006195136834806167 -0.9997587281571007 38.9951
0.9996517049123624 -0.01516296397506544 -0.021599846973949666 -0.892706 -0.015031255312460329 -0.9998675091756349 0.006247035988603621 0.0247364 -0.021691708774064063 -0.005920187362080984 -0.9997471786167035 40.0695
0.9996306693491441 -0.01700178428719435 -0.02120057139875653 -0.922964 -0.01687543199263928 -0.9998388415753721 0.006124595682945463 0.0268898 -0.02130128380271642 -0.005764564881190843 -0.9997564828997543 41.1467
0.9995375588188089 -0.01941212320196281 -0.02340593906101365 -0.949211 -0.019259728311577705 -0.999791937895699 0.006718912421443005 0.0278875 -0.023531497527787725 -0.006265013292454046 -0.9997034651498138 42.2277
0.999541045003547 -0.02045091450873613 -0.02234858941798409 -0.977442 -0.020277255844643682 -0.9997626305600306 0.007969656899669058 0.0285184 -0.02250627131774893 -0.00751283112041958 -0.9997184729312186 43.2953
0.9995585270692243 -0.01851057533058632 -0.023240257402482624 -1.00792 -0.01827658985089953 -0.9997805252855482 0.010240484518575451 0.0273363 -0.023424714013728226 -0.009811210969287963 -0.9996774594401393 44.3635
0.9996082459093444 -0.016930377906669958 -0.022287149077016406 -1.04045 -0.01667065947358197 -0.9997915448367131 0.011787959354145144 0.0281068 -0.022482077812330498 -0.01141179989994778 -0.9996821129740615 45.4366
0.9995707869619158 -0.017178536916496536 -0.023730565137497932 -1.07604 -0.016895943046015865 -0.9997845419392403 0.012058059874178111 0.0393331 -0.02393259202264257 -0.011651934120653178 -0.9996456689599199 46.5069
0.9995329242279597 -0.019574744540969583 -0.02346833527243832 -1.10608 -0.01929893788631883 -0.999742678284718 0.011921753753478325 0.0411508 -0.02369566164435589 -0.01146327144642175 -0.9996534944804533 47.5907
0.9995281180855653 -0.020780189787317282 -0.02262133658145603 -1.14002 -0.020488024968174572 -0.9997046445098381 0.01307151782931277 0.049192 -0.022886283866803313 -0.012601883107760553 -0.9996586470155233 48.6624
0.9994657816039618 -0.02279501008552772 -0.023420907710468914 -1.17378 -0.02249437766383213 -0.9996621795044986 0.013020362584524292 0.0576535 -0.023709794944252533 -0.012486568124039506 -0.9996409011440983 49.747
0.9995014419146198 -0.0224251837499145 -0.022225632597943586 -1.20127 -0.022117712402755813 -0.9996575587239038 0.013984708943489806 0.0728473 -0.022531631291701527 -0.013486156604003707 -0.99965516513015 50.8226
0.99949683149143 -0.022201875274995297 -0.022653047761071844 -1.22645 -0.021897141940372334 -0.9996675488609413 0.013612748774606507 0.0813478 -0.022947745279984184 -0.013109862265901827 -0.9996507052455542 51.9052
0.9995448447643369 -0.020167725467425773 -0.022435823018284496 -1.25332 -0.019849055798018562 -0.9997001908272667 0.014336786385157318 0.0943225 -0.022718236924646775 -0.013884931018807134 -0.9996454823594405 52.9825
0.9995955836436757 -0.01891913021068213 -0.02123053631282792 -1.27755 -0.018621065870910565 -0.9997264739364261 0.014150378668845049 0.0993945 -0.02149244206436905 -0.013749320809107261 -0.9996744625683892 54.0587
0.9996067153144459 -0.017245838226314217 -0.022113248565866512 -1.30435 -0.01694881972192818 -0.999764546462329 0.01354950726067867 0.105099 -0.02234171453352621 -0.013169384983567184 -0.9996636509800969 55.1356
0.9996407139312038 -0.016256309594522185 -0.021311392481032837 -1.3322 -0.01598476389766769 -0.999789649504341 0.012850839160269653 0.112112 -0.021515816839000015 -0.012505564455647185 -0.999690292282263 56.2108
0.9995979840147831 -0.018077445112523283 -0.021842077094126142 -1.3571 -0.017832712882095984 -0.9997765843979307 0.011347935533505474 0.122299 -0.02204233891506911 -0.010953869992453633 -0.9996970281176905 57.2906
0.9995279351159377 -0.022814573934403254 -0.0205767378138862 -1.37895 -0.022602976382788416 -0.9996898200085197 0.010457974467974942 0.12956 -0.020808949553230108 -0.009987942106628091 -0.9997335788253617 58.3699
0.9993935749696796 -0.0274772608984645 -0.021388839212110072 -1.40451 -0.02728898953165903 -0.999586663795063 0.009045032526040487 0.145513 -0.021628531149035235 -0.008455867582563021 -0.9997303161071798 59.4622
0.9993557951794458 -0.029019749955610945 -0.021115130920055413 -1.43137 -0.02885035013840358 -0.999549418013326 0.008283613107380015 0.166157 -0.02134600520352176 -0.007669097843622805 -0.9997427334070081 60.5443
0.999430814099882 -0.027305582440422645 -0.019810426427427624 -1.46018 -0.027177041538400698 -0.9996079872432717 0.006729060311463982 0.187572 -0.019986401398633096 -0.00618684144330202 -0.999781109419501 61.6187
0.9994792772715825 -0.024964088415221256 -0.020444280233654837 -1.48687 -0.024851540549588 -0.9996746690099195 0.005740825046989302 0.206448 -0.020580943539774296 -0.005229763809673652 -0.9997745117442772 62.704
0.9995516081587719 -0.02268295270957681 -0.019546515893835385 -1.52082 -0.02254277618255247 -0.9997187710584181 0.007362203164101711 0.227489 -0.019708015354068565 -0.006918269279326029 -0.9997818420440445 63.7792
0.9996012970543314 -0.01994084218720333 -0.019990241123197288 -1.54915 -0.01980152827737755 -0.9997784139880433 0.007142996670394897 0.24748 -0.020128248934736807 -0.006744311411708922 -0.999774658539815 64.8552
0.9996209787990668 -0.019299376650563964 -0.019632442682827208 -1.5785 -0.019118450681795573 -0.9997733932391012 0.009361998435192554 0.273131 -0.0198086745725851 -0.008983108152107707 -0.9997634321076182 65.9349
0.9995896245592285 -0.02227107016491208 -0.01801615683906102 -1.60758 -0.02206438047085986 -0.9996893571834081 0.011591041741821484 0.287291 -0.01826870515327291 -0.011188769723837961 -0.9997705065884316 67.0255
0.9995351781350348 -0.024037773852425195 -0.018751349252350637 -1.638 -0.02380845904350311 -0.999640152237925 0.012358127354569993 0.300315 -0.01904166349187492 -0.011905942296080553 -0.9997477999923303 68.1168
0.9995209220398132 -0.02497953017818918 -0.018274284575835624 -1.66881 -0.02475471784740061 -0.9996163179356911 0.012426619048930833 0.322471 -0.018577684166151423 -0.011968290971086938 -0.9997557850106468 69.2077
0.9994681781894901 -0.026466014546258312 -0.019050219437546045 -1.69583 -0.02624557883761683 -0.9995867051933238 0.01172980785150415 0.341935 -0.019352787346009193 -0.011223585647733618 -0.9997497190532978 70.2999
0.9994412333665403 -0.027792033725906568 -0.018569434782641656 -1.72031 -0.027585276949798596 -0.9995555916960883 0.01129918601873696 0.360616 -0.018875209730533332 -0.01078062940932404 -0.9997637243304878 71.3801
0.9993559942015742 -0.030102780702238808 -0.019529962810411187 -1.74173 -0.029904228105103802 -0.9994988683470305 0.0103802367238398 0.382865 -0.019832649717600653 -0.009789523328433884 -0.9997553857010126 72.4727
0.9992610303640802 -0.032619240995399944 -0.02033170707544353 -1.76588 -0.032426703348458756 -0.9994267661326607 0.009728722812562804 0.406788 -0.02063739580636749 -0.00906224334790487 -0.9997459545503725 73.5561
0.9992507513794855 -0.033039537933924334 -0.020157499860989407 -1.79113 -0.03285607623816594 -0.9994162097133723 0.009365789683086179 0.43222 -0.020455173471883352 -0.008696476025882612 -0.9997529480741558 74.6343
0.9993043228959599 -0.030193976573659846 -0.021890500682155655 -1.81883 -0.029977510046938036 -0.9994990347089152 0.010150295923358659 0.453165 -0.02218601209843504 -0.009487011890753726 -0.9997088463510524 75.7109
0.9993310427158053 -0.029766109435025508 -0.021247253790638302 -1.84536 -0.029530126403842845 -0.999499616665543 0.01133525121053107 0.472516 -0.02157402834694466 -0.01070023432149353 -0.9997099910905916 76.773
0.9992416410996208 -0.031597357026829614 -0.02275411438521279 -1.87514 -0.03132628185119411 -0.9994350836207131 0.012172826025104043 0.491685 -0.023125889343241113 -0.011450792853639655 -0.9996669808416736 77.8453
0.9990862618154902 -0.035753667654314154 -0.023416163238562642 -1.90514 -0.03544882306966259 -0.9992828966107418 0.01330689611523457 0.512776 -0.023875141769755425 -0.012464661668522628 -0.99963723910975 78.9172
0.9989768644335077 -0.038744409425315395 -0.02332584542691535 -1.93366 -0.0384263708314472 -0.9991643075736247 0.01393199539344303 0.536298 -0.023846139128188445 -0.013021413487112127 -0.9996308340779994 79.9867
0.9989068454709871 -0.039501213492801626 -0.0249953636460549 -1.96997 -0.039141486150944024 -0.999125233184001 0.014721157458282832 0.564583 -0.025555002115004274 -0.013726709278345123 -0.9995791711111686 81.0465
0.9989376548029733 -0.03881179002158392 -0.02484364651287945 -2.0024 -0.03844709663192009 -0.9991481555076295 0.014992801815480244 0.596353 -0.025404381065324687 -0.01402170820631165 -0.999578915904925 82.1024
0.998901632151164 -0.03875807577229133 -0.026331366241995748 -2.03581 -0.03838539577599284 -0.9991575880856979 0.014514667129885639 0.630972 -0.02687174495378333 -0.01348798477165199 -0.9995478895930593 83.1529
0.9988871325280338 -0.03941558044612063 -0.025901901243293925 -2.06913 -0.03905169432903259 -0.99913331730005 0.01440761711835591 0.665719 -0.026447337105156017 -0.013380070220022446 -0.9995606595304526 84.2006
0.9988117766532342 -0.04014328055554515 -0.02763244189441808 -2.09999 -0.03979804833498419 -0.9991240487459433 0.012932539048455122 0.693807 -0.028127391765605695 -0.011817455045497097 -0.9995344904447828 85.2262
0.9987049952069598 -0.04251630202936838 -0.027940948631245497 -2.12996 -0.04218217612361815 -0.9990324733654332 0.01244110842413392 0.725445 -0.0284428649425903 -0.011246387112869767 -0.99953215166435 86.2327
0.9986390860084119 -0.04447715836602929 -0.027235239671554032 -2.16588 -0.04415973049432101 -0.9989506222505874 0.012147942534977021 0.754193 -0.02774696558099238 -0.010928709386168097 -0.999555235698458 87.2314
0.9985212583174305 -0.046047575283468624 -0.028894938980531557 -2.19843 -0.0457425900120892 -0.9988912655939373 0.011129015191314236 0.779959 -0.029375366332375665 -0.0097908289054541 -0.9995204988003914 88.2107
0.9984744755586912 -0.046592831229698636 -0.029628191571497105 -2.22964 -0.04630596764538723 -0.9988742410962945 0.010296010621879487 0.806626 -0.03007455765627922 -0.008908341725726757 -0.9995079601631378 89.1568
0.9983409609283349 -0.0464877315074622 -0.03397376269976208 -2.26586 -0.046162975437228776 -0.9988810026857047 0.010282128786577326 0.829967 -0.03441373899290009 -0.008696740360161142 -0.9993698320820161 90.0957
0.998217166988005 -0.04630031682691862 -0.03766653942384138 -2.30359 -0.04592594687484667 -0.9988870592186311 0.01074478148699815 0.860165 -0.03812210558310758 -0.008995753847317803 -0.9992325962850833 91.0001
0.998107609832239 -0.047115155660731815 -0.03951406461045998 -2.34144 -0.046712630224393654 -0.9988472545277483 0.01104953844730862 0.884321 -0.039989115675314206 -0.00918282252058142 -0.9991579186485295 91.8809
0.9979182416096668 -0.04776835798326367 -0.04332859377193811 -2.38603 -0.04731412679382218 -0.9988144371704746 0.011449607223226011 0.910882 -0.04382415393831332 -0.009375717327799547 -0.9989952649818619 92.7473
0.997785565924918 -0.04890432061748644 -0.04508139146958127 -2.42763 -0.04838841090697764 -0.9987508036350352 0.012465710098878294 0.926081 -0.045634703042630086 -0.010256688710976828 -0.9989055381841154 93.5784
0.9975479087669188 -0.05019157967742565 -0.048774737766916404 -2.47762 -0.04962926944046963 -0.9986873044804636 0.012672943002749881 0.947057 -0.04934678641565321 -0.010221213187792956 -0.9987294035280114 94.3956
0.9974164380133423 -0.05075783231350727 -0.05083396147862287 -2.5244 -0.05014410356577182 -0.9986537328393488 0.013277453205320585 0.971595 -0.0514394601289845 -0.010694126652897172 -0.998618855017654 95.1784
0.9972206724529405 -0.0514846552305831 -0.05385406863267594 -2.57082 -0.05077173009621562 -0.9986046631498965 0.014524398724872736 0.99568 -0.05452670772696635 -0.011749766426190928 -0.9984431787204459 95.9327
0.9971170221701905 -0.05125725423513164 -0.055949423470909844 -2.62125 -0.050464143110238446 -0.9986056130101696 0.015498384584629196 1.01894 -0.056665812961621674 -0.012630263372502518 -0.9983133085802972 96.6531
0.997136323976639 -0.04914805488722263 -0.05747712681717891 -2.66694 -0.0482549468068424 -0.9986933297098445 0.01682537671890791 1.03944 -0.058228957701682474 -0.014003638593840849 -0.9982050323411064 97.3513
0.9971079906549266 -0.04631503430345269 -0.06025423279376186 -2.7138 -0.0452488929596172 -0.998796172669444 0.01894051601196298 1.05929 -0.06105892775036221 -0.01615930253260708 -0.9980033488338783 98.0186
0.9970629519433577 -0.044983399975873986 -0.06198357515187927 -2.76042 -0.04381797383761271 -0.9988386055184398 0.02003560068341101 1.07475 -0.06281285720904928 -0.017260760486993383 -0.9978760499764722 98.6549
0.9969951552857961 -0.04497334749436712 -0.06307185070855273 -2.80422 -0.043731813024911935 -0.9988240531075854 0.02092939232967774 1.08745 -0.06393894639580172 -0.01810825637344283 -0.9977895079549135 99.267
0.9970176752169398 -0.04551715095237604 -0.06232129872031705 -2.85344 -0.04421836869079134 -0.9987782162715299 0.02206378416741068 1.10794 -0.06324943616613213 -0.019242236632976202 -0.9978122294069295 99.8448
0.9971536227218573 -0.047041751575670705 -0.058921356920636325 -2.89646 -0.04568345801013566 -0.9986629885090111 0.024192086443446007 1.12524 -0.05998061650993851 -0.021431495303498412 -0.9979694467528272 100.409
0.9973660420060128 -0.048222969686137006 -0.0541804710934739 -2.93653 -0.04687563281202078 -0.9985656853987906 0.02586980851332971 1.14742 -0.05535027824440859 -0.02326192465583311 -0.9981959875493255 100.944
0.9977268334778443 -0.04923445655823231 -0.04601232493245591 -2.96083 -0.04807315589050614 -0.9985049992620426 0.026014190962540196 1.16127 -0.0472243310275695 -0.023743098705180602 -0.9986020868308231 101.466
0.9980229723211649 -0.051025832225907994 -0.036694838395627205 -2.97899 -0.05009435416523697 -0.9984093448091318 0.025871526405841654 1.17865 -0.037956585726267755 -0.023982173451416903 -0.9989915680107371 101.956
0.9983453082274072 -0.05212645169795355 -0.02427917984001379 -2.98095 -0.05150546466126161 -0.9983461704433176 0.025536465518725914 1.19154 -0.0255701515511807 -0.024243700100076742 -0.9993790123647317 102.43
0.9985556865329429 -0.0525261422645742 -0.011293594269530622 -2.9847 -0.052227047616065274 -0.9983141468309985 0.025321922012449278 1.20335 -0.012604617805880283 -0.02469551813380363 -0.999615553597517 102.883
0.9986097487596062 -0.05251840726289544 0.004515150146431532 -2.98022 -0.052616188976061 -0.998294419843438 0.025294030265834405 1.22096 0.0031790470131167854 -0.0254964352022427 -0.9996698582292387 103.321
0.9984375921740386 -0.05129296397844343 0.022167687746231207 -2.96409 -0.051853947770714566 -0.9983285753779713 0.02551908470894797 1.23257 0.020821686634379798 -0.026628695613877918 -0.9994285216740632 103.745
0.9979121290009606 -0.04790713254569718 0.04331615684728507 -2.93967 -0.04902911855014531 -0.9984788568929698 0.025221377280075112 1.2458 0.04204198290953219 -0.027292471287098448 -0.9987430063254897 104.157
0.9966886858399495 -0.04438044197952331 0.06813251711434504 -2.90434 -0.04608543164942936 -0.9986572806335485 0.02365943421326267 1.25764 0.06699101811676048 -0.02672100685431024 -0.997395704464568 104.568
0.9945774205465707 -0.0420577017548871 0.09511521572296501 -2.84971 -0.04428755073342719 -0.9987884240227869 0.021454530712908922 1.27512 0.09409764815851306 -0.025550611757333825 -0.9952350470365592 104.956
0.9912396881534975 -0.04124344238780855 0.12547055068565013 -2.78747 -0.04414405954457346 -0.9988163630096827 0.020424862081164067 1.29014 0.12447964747813972 -0.02578471338046903 -0.9918870731689191 105.345
0.986739877275221 -0.03968514218211439 0.15738330306886808 -2.70988 -0.04303070463631522 -0.9989132773123548 0.017905945034894552 1.3026 0.1565016710881517 -0.024440824435272845 -0.9873752442954706 105.714
0.9802650888103492 -0.03885295784272905 0.1938318945027103 -2.62011 -0.04295981974958746 -0.9989316806410222 0.017027956389022898 1.3141 0.1929632336656951 -0.02501889443150176 -0.9808869687047046 106.084
0.9720933708109515 -0.0382335882383553 0.23145770921665534 -2.50927 -0.042759626032400834 -0.9989791782191685 0.014567630765643838 1.32671 0.2306644593494436 -0.024058142384124397 -0.9727358906599747 106.441
0.9615713926058781 -0.03760559100801136 0.2719674179877634 -2.38908 -0.043040647934147094 -0.9989746026854015 0.014044422912788486 1.33695 0.2711603945036986 -0.025210369185766274 -0.9622039688850365 106.805
0.9492397940760052 -0.036452601586413405 0.3124340269242854 -2.2567 -0.043097019447750004 -0.9989673222383287 0.014385270755291092 1.34523 0.31158700270913603 -0.02712004678397488 -0.9498305337296603 107.138
0.9335358062628907 -0.03557444363118198 0.3567146722317803 -2.11543 -0.04421000771647457 -0.9988928145595759 0.01608167400980338 1.36235 0.3557476263347429 -0.03078317692474548 -0.9340749554375258 107.465
0.9149415280644089 -0.0350760926390006 0.4020592841215654 -1.96088 -0.04493772587229556 -0.998875375472704 0.015119029985146646 1.37369 0.40107680189284417 -0.031900658291727974 -0.9154888022165881 107.795
0.8944348241839206 -0.034707673796412895 0.4458494394599156 -1.78966 -0.045959133634480544 -0.9988388830258423 0.014444507304010097 1.38518 0.44483042086018254 -0.03341052431988213 -0.8949914153454341 108.09
0.8705793071775259 -0.03377980750711941 0.49086718623175585 -1.59599 -0.04627294572692871 -0.9988398792496644 0.013330795710258182 1.39542 0.4898474093103402 -0.034319385561193946 -0.8711324212578995 108.391
0.8455291575998349 -0.03142211739463704 0.5330038406868671 -1.39851 -0.04548925996300548 -0.9988766185308384 0.01327509624885182 1.40489 0.531987942416491 -0.03547043121863366 -0.8460086746793041 108.667
0.8172613085162928 -0.028256192550430846 0.5755740970411979 -1.18397 -0.044777178837062996 -0.998891157624882 0.014541646200377276 1.41438 0.5745249845373402 -0.03765690907889607 -0.8176203271329505 108.938
0.7867498979168189 -0.02366841657757735 0.6168179668140231 -0.966391 -0.04368534918277341 -0.9988939565173968 0.01739120179286825 1.42867 0.6157241171130575 -0.04062843449766884 -0.786913681362584 109.19
0.7523883826819978 -0.01981886299916573 0.6584215475473049 -0.725903 -0.04550487483775409 -0.9987232225522046 0.02193698021469955 1.44431 0.6571461237587634 -0.04646651917628524 -0.7523296050432099 109.445
0.7153939306246566 -0.015610890342212122 0.6985469376699946 -0.475677 -0.04662571629399319 -0.9985885790611342 0.02543407849199459 1.45636 0.6971639452850928 -0.05076563671804297 -0.7151120775956281 109.68
0.6759143595281041 -0.01308284315474443 0.7368640429541267 -0.206842 -0.04658225153608634 -0.9986015873371035 0.02499927218232781 1.46188 0.7355065413886823 -0.05122215324257351 -0.675578580619348 109.905
0.6338478831223009 -0.012252573250324899 0.7733606762113806 0.0921728 -0.04726589022053772 -0.9986194019540828 0.02291780230586287 1.46349 0.7720121739215248 -0.05107998130007448 -0.6335519227556223 110.119
0.5898129039717757 -0.011592135453790387 0.8074567237344689 0.397547 -0.04856851036760039 -0.9985960926866795 0.02114103761808722 1.46665 0.8060780595631255 -0.05168622704858676 -0.5895478740733686 110.312
0.5422145460222345 -0.011497702007767403 0.8401614064752334 0.723988 -0.05083791137627158 -0.9985234104666909 0.019144333805759257 1.46606 0.8387007170909062 -0.053092387387539484 -0.5419984368544719 110.506
0.49456216012694715 -0.010393696767722893 0.8690801118643027 1.05285 -0.05225522563780034 -0.998475195448249 0.017795377717934015 1.46718 0.8675699747940283 -0.05421489778725028 -0.49435117446386984 110.659
0.4429567254986757 -0.011388989013309321 0.8964706522049372 1.41639 -0.05379026295756934 -0.9984555927565448 0.013893772134738816 1.4569 0.894927900417931 -0.054375731925475915 -0.4428852366371251 110.801
0.3914201880844922 -0.009073516938857041 0.9201673258979917 1.77162 -0.05647608424584401 -0.9983032535876379 0.014179766732650551 1.4628 0.9184773749353639 -0.05751769437917628 -0.3912684839916787 110.931
0.34016002489953195 -0.003963873516550094 0.9403592107099789 2.13627 -0.0590282785014184 -0.9981090637532762 0.017145238135335545 1.46592 0.9385130898381272 -0.06133991001218678 -0.3397507846086422 111.046
0.2900766220495419 0.0022093413399781013 0.9570008736418012 2.5344 -0.06196357708427029 -0.9978556604747046 0.021085444588927534 1.47022 0.9549953237871109 -0.06541559194438665 -0.28931770059109163 111.139
0.24343082452366344 0.0059350499075356035 0.9699001025127921 2.92692 -0.06140964062471403 -0.9978806442761559 0.02151919648471579 1.47694 0.9679722566840813 -0.06479965248054494 -0.24255043873043752 111.218
0.20155323924152627 0.008850529479542856 0.9794375732425114 3.354 -0.057949850266606553 -0.9980997689157247 0.020944358296565234 1.46647 0.9777617841812627 -0.060979663973399885 -0.20065735465306342 111.275
0.16598946306012122 0.011627129349886686 0.986058977960291 3.78088 -0.05268446054348089 -0.9983978581777059 0.02064132755934015 1.45782 0.984719171017938 -0.055376228196317 -0.16511095536182427 111.316
0.13526668849603807 0.01356712694183337 0.9907163348052054 4.23226 -0.05171414402056364 -0.9984466732785822 0.02073373886091159 1.45176 0.9894587259161122 -0.05403863141749847 -0.13435496277766434 111.359
0.1071381659491533 0.013262616272371793 0.9941556801661716 4.68755 -0.054218309219780186 -0.9983452366965193 0.01916150596166522 1.44914 0.9927647195294561 -0.05595436868540697 -0.10624180101361964 111.394
0.08148176298285566 0.011647211916504373 0.9966067753912665 5.16011 -0.05976969761761573 -0.9980749694190709 0.01655109258688531 1.45019 0.9948810509542861 -0.06091549781207496 -0.08062875776298788 111.434
0.05661842075139327 0.009923233310755519 0.9983465750290722 5.66759 -0.06308827080847242 -0.9979166826691711 0.013496834330844386 1.45218 0.9964006345431619 -0.06374812853110062 -0.05587442698379304 111.471
0.034332410211338905 0.00958668518328673 0.9993644886007693 6.1839 -0.061199305808144644 -0.9980572638662036 0.01167660106831541 1.42913 0.9975349269963842 -0.061561298809430114 -0.03367901291924271 111.479
0.0133173778353607 0.010429031868399975 0.9998569311365895 6.71556 -0.05721724594604848 -0.9982992081018326 0.01117487671536518 1.41251 0.9982729257141756 -0.05735787999518557 -0.012698007265640065 111.471
-0.004933324767608999 0.012713105839826825 0.9999070153002438 7.27039 -0.05402365013100738 -0.9984623103350175 0.012428196449254504 1.4027 0.998527469593731 -0.053957314428760415 0.0056125472270691585 111.447
-0.01890628266055875 0.01781232999343474 0.9996625797618737 7.83479 -0.054268062304228676 -0.9983856828546719 0.016763224169454558 1.40084 0.9983473994004812 -0.053932820907273304 0.019842402558172566 111.445
-0.030489969653229258 0.0210942385364266 0.999312461070667 8.42715 -0.057419305865013454 -0.9981632310309634 0.019318062320208114 1.39849 0.9978844547664449 -0.056790820723033646 0.03164518315761599 111.436
-0.036959563424988164 0.02122813606743661 0.9990912655561238 9.04198 -0.05652371527271079 -0.9982181870707205 0.01911859338481666 1.38741 0.9977169239234164 -0.05576573536094392 0.03809360151586318 111.413
-0.03984374643587911 0.017392762788560886 0.9990545368860171 9.68541 -0.05125666190858247 -0.9985676922634316 0.015340097055554336 1.36999 0.9978903900128222 -0.05059699368801873 0.04067817289151461 111.375
-0.0400906571769804 0.015589891417892125 0.9990744188961582 10.3355 -0.04968650474765036 -0.9986724029229994 0.013589808165096962 1.36198 0.9979599142516093 -0.04909569151749216 0.040812040151647695 111.347
-0.0381489230463767 0.014691226509822089 0.9991640643728329 11.0098 -0.05155729092193366 -0.998589101204161 0.012714271864994922 1.34602 0.9979411332454396 -0.051029156566643405 0.03885253861595498 111.324
-0.036806899922666204 0.014868535635807478 0.9992117787366847 11.6866 -0.0537770808783241 -0.9984699392436877 0.012876567823462672 1.33884 0.9978743797143449 -0.05326074609647117 0.037550169572962054 111.308
-0.035288537842612135 0.014412267926071448 0.9992732387241027 12.3855 -0.05470491170598271 -0.9984247179345543 0.012468169574800066 1.32032 0.9978787961131207 -0.05422517082068498 0.03602137028621163 111.289
-0.03415412628500529 0.014295214010534279 0.9993143361896202 13.1115 -0.054591966519765764 -0.998431540532264 0.012416765354759014 1.30726 0.9979244524758439 -0.054130451012007974 0.03488096076692733 111.262
-0.03410286525729733 0.013489420385479178 0.9993272887892668 13.8413 -0.055436572181819146 -0.9983949989055291 0.011585017270548136 1.29419 0.9978796425651606 -0.05500419709524685 0.03479593734812525 111.243
-0.033174042948763104 0.012797879213478535 0.9993676486469186 14.5874 -0.055754696198106246 -0.9983846204289554 0.01093451154774567 1.2845 0.9978932291213779 -0.05535669768481607 0.033833996145022284 111.227
-0.03362938434353106 0.010828722697618233 0.9993757067656852 15.3482 -0.055968131304325076 -0.9983925776210091 0.008934720453325336 1.26501 0.99786603949978 -0.055632721630487665 0.03418139109234404 111.209
-0.03394123000764706 0.008841590455706715 0.9993847203073405 16.121 -0.05587242747554061 -0.9984138276881188 0.006935454502014438 1.24861 0.997860844383403 -0.05560265244907489 0.03438139448988262 111.188
-0.03499380080645582 0.007761864796916429 0.9993573872043935 16.8983 -0.05627829554807137 -0.9983983681822455 0.005783758400311256 1.23735 0.9978016773664602 -0.05603973470586411 0.03537457814270511 111.166
-0.03677800247898909 0.006913392039359381 0.999299546454498 17.6757 -0.05682155480024215 -0.9983727358231628 0.004815732037429788 1.22727 0.9977067151441541 -0.05660464093591065 0.03711098463767938 111.142
-0.03778850951827292 0.0048888491780666 0.9992738001679526 18.4727 -0.054617902931390516 -0.9985033471396115 0.002819650753072594 1.21372 0.9977920190238867 -0.05447168902013427 0.03799897192726645 111.112
-0.040391828593117574 0.0022611797705504345 0.9991813585375529 19.2748 -0.053558542939489404 -0.9985647067231421 9.468434084627247e-05 1.19689 0.9977474543495981 -0.05351087322190495 0.04045495996693277 111.085
-0.04219405113883025 0.00153299433127458 0.9991082583868847 20.079 -0.05403109300844463 -0.9985389721644492 -0.0007497046604436272 1.19113 0.9976473841176583 -0.05401454431118868 0.042215233814916306 111.057
-0.04330564643971365 0.003796166899047458 0.9990546582161123 20.8948 -0.05668891111227734 -0.9983909962865963 0.0013363722392461391 1.18297 0.9974522486532088 -0.056577448252215175 0.043451168061688285 111.031
-0.044581384204514275 0.006880656385058366 0.9989820602744173 21.7203 -0.05658170548838575 -0.9983884890118025 0.004351506952156178 1.17096 0.9974021309313683 -0.05633011251932523 0.04489886008714585 111.0
-0.04552029834040422 0.007516883081101856 0.9989351324824578 22.5464 -0.055727652098951676 -0.9984336189456002 0.004973665723573096 1.15868 0.9974078058800917 -0.055441906784820125 0.04586789445270528 110.968
-0.047542517519081735 0.006337697154768281 0.9988491090363563 23.3821 -0.05780463416916459 -0.9983214844644996 0.003583005047094478 1.15062 0.9971952332901102 -0.05756776225782011 0.0478290649303355 110.939
-0.04815572751782191 0.0028713912153083034 0.9988357127274324 24.2294 -0.05984569849321454 -0.9982076397853228 -1.5686765721435042e-05 1.13545 0.9970453942920997 -0.05977677631575669 0.04824125552063754 110.911
-0.04917736154727818 -0.0015918363356325453 0.9987887930730547 25.0752 -0.060792741586727 -0.998139884493851 -0.00458405420685094 1.11929 0.9969382276157425 -0.06094454068809177 0.04898911387951207 110.878
-0.04920617613137845 -0.005979032213570275 0.9987707461696684 25.9224 -0.06368852100526429 -0.9979282283592387 -0.009111714215923841 1.10871 0.9967560004949503 -0.06405858426143796 0.04872343645239408 110.848
-0.04882128453655508 -0.008358260282185621 0.9987725575231109 26.7681 -0.06478686537832837 -0.9978326587159653 -0.011517259842428164 1.10863 0.9967041407813307 -0.06526963064766714 0.04817396666734044 110.823
-0.04870158503198405 -0.0033097275865352146 0.9988078900963265 27.6004 -0.06335949455304288 -0.9979702707246182 -0.006396342690586566 1.08897 0.9968017506331716 -0.06359547509953375 0.04839303133209596 110.789
-0.04640828345300506 0.005051282739873431 0.9989097835989132 28.4266 -0.062154591444350774 -0.9980641982760355 0.0021593707417809083 1.0752 0.9969869999098943 -0.06198661679989059 0.046632406632857185 110.752
-0.04645619579363256 0.008677944066758026 0.9988826333254361 29.2608 -0.061146378309781826 -0.9981117980185092 0.005827441621811331 1.06956 0.9970471113703607 -0.06080733461542938 0.046899101963539656 110.711
-0.04521113247409106 0.00384776628361529 0.9989700436925206 30.093 -0.06016981359433261 -0.9981875252380035 0.0011216020921307156 1.05839 0.9971637513630514 -0.06005713241453074 0.04536070781756016 110.671
-0.044740099640383516 -0.003616790276631636 0.9989921132382695 30.9197 -0.05656418526930757 -0.9983800365181941 -0.006147814794633156 1.05094 0.997396017852983 -0.056782228822269076 0.044463041517506116 110.631
-0.04560214330942659 -0.007724965360237642 0.9989298120667788 31.7431 -0.05538530659954771 -0.9984124490673625 -0.01024935901340391 1.03807 0.9974231360553357 -0.05579342665130612 0.045101898009337824 110.595
-0.04572637947773318 -0.008116512726421474 0.9989210281303622 32.5514 -0.05603934590588269 -0.9983714675180749 -0.01067729161568012 1.03613 0.9973809151624564 -0.05646711491627035 0.04519706851924742 110.562
-0.047417155585500505 -0.008233668185182109 0.9988412386682867 33.3554 -0.0577210641589547 -0.9982724863873025 -0.010969123687467407 1.03622 0.9972060429562882 -0.05817430386630718 0.046859985714170736 110.531
