1.0 0.0 0.0 0.0 0.0 -1.0 0.0 0.0 0.0 0.0 -1.0 0.0
0.999997833498426 -0.00021783330361385813 0.0020701562999136413 0.00795828 -0.00021890663067469367 -0.9999998417411969 0.0005182638979280146 -0.0365857 0.002070043077156154 -0.0005187159460490482 -0.9999977229251203 1.20186
0.9999934460406987 -0.000933736589019629 0.003498001090751333 0.00416643 -0.0009349769659155304 -0.9999995006123834 0.0003529774174951853 -0.0473173 0.003497669755963092 -0.00035624565454215663 -0.9999938196785578 2.39618
0.9999895342476997 -0.0016913397093267371 0.004250972248335871 0.0013295 -0.0016921527047728865 -0.9999985507004414 0.00018765990610584876 -0.0571567 0.004250648690752623 -0.00019485123629169079 -0.999990946968373 3.59055
0.9999840082337768 -0.0022100267055948576 0.005205675620924945 0.000714811 -0.0022099156321879186 -0.9999975577665605 -2.7088983303606632e-05 -0.0661983 0.005205722774826397 1.5584446172136833e-05 -0.9999864500119573 4.78522
0.9999780805913929 -0.002417398450819152 0.0061639696205997505 0.00164228 -0.0024152574346309225 -0.9999970203325959 -0.00035476394175518254 -0.0711273 0.006164808859823597 0.0003398685920863914 -0.9999809396288821 5.97722
0.9999712699374095 -0.0023662319906026354 0.007201405830234855 0.00430677 -0.0023569712704841752 -0.9999963848917706 -0.0012941753437521683 -0.0819816 0.007204442115473208 0.0012771646553645778 -0.9999732320738632 7.16989
0.999965304610566 -0.002841121295415685 0.00783055584762727 0.0158766 -0.002833630034700977 -0.9999955171364224 -0.0009675990313503306 -0.0883457 0.007833269810527062 0.0009453765618868819 -0.9999688725891581 8.3631
0.999960085681622 -0.004008607568132048 0.007984867498474208 0.0200163 -0.0039994700723243815 -0.9999913292924154 -0.0011599910038835124 -0.0976195 0.007989448212740157 0.0011280094650416442 -0.9999674476261231 9.56083
0.9999634600995525 -0.005282541413012885 0.006721102733219092 0.0226981 -0.005273796265060767 -0.9999852245933415 -0.0013182063415377637 -0.10538 0.006727966905783085 0.001282712447917734 -0.9999765442799599 10.7602
0.9999758053713749 -0.005217164955102782 0.004601071799175675 0.0238865 -0.0052084421281296854 -0.9999846199597225 -0.0019057740178123137 -0.111456 0.004610943771924161 0.0018817634921243335 -0.9999875990049535 11.9508
0.9999849245219713 -0.004854700596768493 0.0025656599351172463 0.023146 -0.004847777207297115 -0.9999846102190745 -0.0026978475037827566 -0.118265 0.0025787176920595203 0.002685369084686852 -0.9999930694799556 13.1415
0.9999850851189239 -0.005338081343452029 0.0011551741295104255 0.0197182 -0.005335710618588058 -0.9999836725023971 -0.0020457079003026505 -0.125804 0.0011660754235843528 0.002039513713943454 -0.9999972403221508 14.329
0.9999859754112932 -0.005293216768622575 0.00017560456955033275 0.0129972 -0.005292986981062637 -0.9999851674761113 -0.00128417934560345 -0.132348 0.00018239940453742689 0.0012832318628158573 -0.999999160022869 15.5171
0.9999829594697296 -0.00583113622325436 0.00028039348609913516 0.00687949 -0.005830654409802122 -0.9999815743382672 -0.0016895126852939444 -0.138685 0.00029024009828247356 0.0016878490175856848 -0.9999985334621142 16.7172
0.999978010361197 -0.0066061134697213844 0.0005814283154753877 0.0050632 -0.0066046810402996805 -0.9999752314484702 -0.0024320110883240048 -0.143884 0.0005974800555472841 0.0024281174607070953 -0.9999968736267026 17.9172
0.9999754290224622 -0.006976010317405128 -0.0006903849607932067 -0.00121743 -0.006977421056418798 -0.9999735304041845 -0.0020625436705511762 -0.149806 -0.0006759783606564738 0.00206731009839945 -0.9999976346383089 19.1075
0.9999750470529267 -0.007030390434127568 -0.0006920128903449229 -0.0042492 -0.007031954176901721 -0.9999726675200624 -0.002283819884425766 -0.153821 -0.0006759378304477437 0.0022886290993237965 -0.9999971526383937 20.3095
0.9999728960889165 -0.007023019968206702 -0.0022100402871208656 -0.00734999 -0.007027870926667197 -0.9999728953400704 -0.00219490670282219 -0.15673 -0.0021945655111281826 0.002210379090146701 -0.9999951490414816 21.5017
0.9999657694267781 -0.00772457657388978 -0.0029649437542414786 -0.0124089 -0.0077298059329083645 -0.9999685821895279 -0.0017563411130260788 -0.154898 -0.0029512836107831062 0.0017791994322852822 -0.9999940621695855 22.6949
0.9999669019159501 -0.0076212794403168705 -0.0028480119924634752 -0.0203368 -0.007624545193275218 -0.999970285663748 -0.0011375852311126746 -0.158255 -0.0028392575107439944 0.001159262375368609 -0.9999952973527089 23.8937
0.9999645314398868 -0.007297827094331804 -0.004204471656331117 -0.0306205 -0.007303797988427053 -0.999972337722254 -0.0014065295001720293 -0.16842 -0.004194090741973051 0.001437188224221811 -0.9999901719981334 25.0818
0.9999548342587825 -0.008392266963743502 -0.004460862887341001 -0.0405558 -0.008401656628270563 -0.9999625206132066 -0.0020903432212766707 -0.1795 -0.00444315297857661 0.0021277274476209176 -0.9999878655101357 26.2818
0.9999324619075531 -0.010105555562682791 -0.005740154202587343 -0.0484661 -0.010118718588190745 -0.999946230700171 -0.0022687535463105733 -0.188593 -0.005716918543494682 0.0023266833240526245 -0.9999809515121161 27.4677
0.999920321071888 -0.010555938535186826 -0.006922692332742988 -0.0580147 -0.010575939042238764 -0.99993998628327 -0.0028589062923881055 -0.192197 -0.006892098437146014 0.0029318924699184186 -0.9999719510994683 28.6617
0.9999226369380322 -0.010168666621964036 -0.007163683272155547 -0.0659177 -0.010190425861266169 -0.9999435534532862 -0.003007511925322777 -0.192763 -0.007132696520842894 0.003080280238269823 -0.9999698178015152 29.8635
0.9999081823258756 -0.010242608705763956 -0.00887219728499932 -0.080454 -0.010266962663958745 -0.9999436379084402 -0.002703790689247612 -0.197923 -0.008844003359351356 0.00279463295174757 -0.9999569858905156 31.0508
0.9999093471392707 -0.010402668949249029 -0.008548800047347323 -0.0994346 -0.010429116726650185 -0.9999409484856171 -0.0030550067080099804 -0.196608 -0.00851651500433721 0.0031438861964789306 -0.9999587916268172 32.2588
0.9998917136177561 -0.010914912874982542 -0.009870446569408109 -0.113984 -0.010939140895426051 -0.9999372761369796 -0.0024039526260824424 -0.200468 -0.009843588523400261 0.0025116665164730072 -0.9999483963166762 33.4532
0.9998802940683353 -0.011300141102189961 -0.010569027622731078 -0.12998 -0.011335342756285696 -0.9999303842344169 -0.003276688787329805 -0.204816 -0.010531264806136862 0.00339610009895005 -0.99993877760876 34.6456
0.9998836356840218 -0.01111636804329254 -0.010447078674354016 -0.148071 -0.011159132699087014 -0.999929556959048 -0.004044116354178734 -0.203985 -0.010401386864560179 0.004160226100590362 -0.999937249866253 35.8498
0.9998715433910375 -0.010931215327275751 -0.011721998476927769 -0.166633 -0.010979190208481487 -0.9999315808589528 -0.004036209023471531 -0.202327 -0.011677075797919163 0.004164388596649032 -0.9999231489311693 37.0435
0.9998753590993402 -0.011186364206551747 -0.011141432663871118 -0.186653 -0.011249123813220826 -0.9999211218814127 -0.005586343066061722 -0.209935 -0.011078062980504514 0.005710978134723123 -0.999922327608172 38.2458
0.999856085511018 -0.012283489544330683 -0.011701459361886232 -0.203586 -0.012343615312584454 -0.9999109102982656 -0.00508002239252759 -0.213064 -0.011638016480418246 0.0052237296166599174 -0.9999186313002141 39.4439
0.9998454753879035 -0.013043932146350426 -0.011784785975919549 -0.220967 -0.013094413321885694 -0.9999053737145601 -0.00421662857044254 -0.215081 -0.011728669408438731 0.00437029185602699 -0.9999216663634208 40.6421
0.9998580122887751 -0.012743036580185003 -0.0110258913769395 -0.243191 -0.012784246048679188 -0.9999115242796429 -0.0036751415929706472 -0.220257 -0.010978083389500758 0.0038155774762962382 -0.9999324592459312 41.8447
0.9998544761832268 -0.01251314777880394 -0.011595153687238909 -0.260272 -0.012547540637635083 -0.9999170765291595 -0.0028981527436223826 -0.223663 -0.011557927163283743 0.003043221655463794 -0.9999285740099858 43.0423
0.9998437005271521 -0.014244227953141397 -0.010472654209411876 -0.283465 -0.014255048603293768 -0.9998979314515521 -0.0009593061167021374 -0.222882 -0.010457920705795173 0.0011084443724224521 -0.9999447000937527 44.2442
0.9998226116311608 -0.016206985335578728 -0.00959577497529285 -0.301913 -0.016215958319608797 -0.9998681445491677 -0.0008580277271869788 -0.226924 -0.00958060367726536 0.0010134802100917287 -0.9999535913686406 45.4443
0.9997921992143995 -0.018741998920132143 -0.008018470334951967 -0.318803 -0.018742295415299527 -0.9998243470257501 3.817195517112004e-05 -0.22696 -0.008017777285531295 0.00011212051678763793 -0.9999678508214099 46.6454
0.999747647115266 -0.021688905618873024 -0.005850936723730436 -0.336047 -0.021687109290478228 -0.9997647384124901 0.00037029397527926853 -0.218741 -0.00585759149414946 -0.00024331062634719267 -0.9999828145632437 47.8524
0.9997229759644984 -0.022981523467165126 -0.005081427733864735 -0.346619 -0.02298208092896453 -0.9997358757796958 -5.133399057687708e-05 -0.206643 -0.005078905872417391 0.00016810155324201327 -0.999987088145145 49.054
0.9997389902461737 -0.022574766443741498 -0.0035115953028981724 -0.355477 -0.022575874456905495 -0.9997450943127328 -0.00027620668134159076 -0.195228 -0.003504464875962596 0.0003554119234053768 -0.9999937961849052 50.2551
0.9997631607667588 -0.02169259087045994 -0.0017475339729021225 -0.368562 -0.02169041445428584 -0.9997639477192535 0.0012548950611946763 -0.188145 -0.001774343388669994 -0.001216693116665393 -0.9999976856790214 51.4606
0.9997530226589468 -0.022130994182142868 -0.0020279992134467294 -0.377039 -0.0221270429806884 -0.9997532643565157 0.001950481330811747 -0.168498 -0.002070664924740387 -0.0019051259803581507 -0.9999960414130493 52.6633
0.9997301028133145 -0.023203754680586833 -0.001143371157136042 -0.386726 -0.023201860895147374 -0.9997294510874124 0.0016426440464471655 -0.153594 -0.0011811773287940814 -0.0016156723629009093 -0.9999979972094613 53.8651
0.9997250212260973 -0.023300693012922917 -0.002638112885529884 -0.395066 -0.023296032765875933 -0.9997270194286194 0.0017836708608336175 -0.137428 -0.0026789534991314063 -0.001721722824985876 -0.9999949294264763 55.0673
0.9997089863258051 -0.023719250968356854 -0.0043977031427335014 -0.40584 -0.023711270823516633 -0.9997171217862995 0.001857967505528318 -0.121177 -0.004440528725878776 -0.001753151681359215 -0.9999886040169743 56.269
0.9996791465461423 -0.024881108334535905 -0.0047470421128211785 -0.416961 -0.024874062181417474 -0.9996894101076246 0.0015376440628763017 -0.103583 -0.004783826018030638 -0.0014190724837758032 -0.9999875505434628 57.4706
0.9996613195026612 -0.025127020727378695 -0.006773412696989322 -0.430146 -0.025123486742055053 -0.999684171509026 0.0006063400316865578 -0.0820112 -0.0067865089788225145 -0.0004359629320517913 -0.9999768763487494 58.6805
0.9996678341268814 -0.02480984709450903 -0.0069780297517954585 -0.449239 -0.02480637727281449 -0.9996921042602669 0.0005833749039826176 -0.0601176 -0.006990354688329732 -0.0004100814881043186 -0.9999754830867127 59.8848
0.9996673123215689 -0.02437798521624603 -0.00842487463216401 -0.461396 -0.024369539087922682 -0.9997024093756384 0.001103745072984164 -0.0458818 -0.008449274549533767 -0.000898067558938884 -0.999963900965553 61.0894
0.9996539107691087 -0.024830007385323788 -0.008690766207408242 -0.475527 -0.02482566651466854 -0.99969161135227 0.0006070205962387149 -0.0292638 -0.008703158399657455 -0.0003910564493253596 -0.9999620503342734 62.2963
0.9996361124098169 -0.02574652382357799 -0.008047314905603755 -0.490541 -0.025755575178522616 -0.9996677465618194 -0.0010231477104219219 -0.0138264 -0.008018298660656828 0.001230038623703698 -0.999967096404463 63.497
0.9995915585415251 -0.02700742775669552 -0.009344246277355105 -0.50727 -0.027021816034177408 -0.9996338397940794 -0.0014169674520581323 0.00527518 -0.009302556140118965 0.0016688872076901387 -0.9999553376350108 64.6963
0.9995488127628075 -0.028617250751638058 -0.00912271143242738 -0.523174 -0.028648982115417863 -0.9995838637896363 -0.0033667603318480485 0.0262154 -0.009022567717226485 0.0036265976892273636 -0.9999527194127672 65.8942
0.999567131168872 -0.027581863766985553 -0.010236751338703836 -0.540434 -0.02761525671809433 -0.9996137095974856 -0.0031351524919060376 0.0459422 -0.01014632363098829 0.0034164858982890602 -0.9999426882281214 67.0921
0.9995704045395456 -0.02733788383360239 -0.010566289611282505 -0.564044 -0.02735816813886595 -0.9996241105749865 -0.0017799419239819397 0.0700889 -0.010513658009207618 0.002068251596800944 -0.9999425910174032 68.2828
0.999562115866487 -0.027860062951203038 -0.009969624710409228 -0.588551 -0.027876171403766588 -0.9996102877603062 -0.0014804295409507032 0.0950848 -0.00992449456542872 0.0017576962516025313 -0.9999492061657472 69.4733
0.999535982040288 -0.028401597953725995 -0.011007717312519736 -0.611932 -0.028405351927174402 -0.9995964694959021 -0.00018480590334580258 0.116341 -0.010998026579837342 0.0004973982342645627 -0.9999393961667609 70.6656
0.9994949984316704 -0.030127999087327332 -0.01010206815799384 -0.636583 -0.030121110172748825 -0.9995459089669861 0.00083342025570287 0.137584 -0.010122590184131577 -0.0005287138692071124 -0.9999486254951343 71.8538
0.9994358708363441 -0.031944769576302455 -0.010366859809798403 -0.659504 -0.03193379904964829 -0.9994892390561251 0.00122208398456093 0.161482 -0.010400604013986616 -0.0008903413534028248 -0.9999455158799498 73.0427
0.99939334956837 -0.03387933162768342 -0.008069927321541001 -0.677872 -0.033866704610039516 -0.9994249191057274 0.0016962869352136528 0.198762 -0.008122755528134023 -0.0014219560371891208 -0.9999659988637906 74.2273
0.9994347268430991 -0.033298618839326846 -0.0046291212398213814 -0.68702 -0.033292719932369166 -0.9994447379272619 0.0013455961546311244 0.226047 -0.004671357357831529 -0.0011907194882745278 -0.9999883802362582 75.411
0.9995048290465968 -0.03131009139645858 -0.0031264819332236815 -0.695563 -0.03131050478058662 -0.9995097024757594 -8.33498882450867e-05 0.239196 -0.0031223393342534006 0.0001812003433180761 -0.9999951090697982 76.5808
0.9995039687154561 -0.03148066747772271 0.0008854926366389204 -0.696496 -0.03148144673178338 -0.9995039487618447 0.0008802960600924745 0.270616 0.0008573410793704176 -0.0009077359949787425 -0.9999992204905146 77.7524
0.9994014023062096 -0.03446858595464658 0.0029586569029069584 -0.699362 -0.034469049272761565 -0.9994057601707639 0.0001057342419659736 0.300235 0.0029532542413266524 -0.00020765304026007416 -0.9999956175751977 78.9341
0.9993095286829453 -0.036637752683829086 0.006175836926911481 -0.696375 -0.03662709686231326 -0.999327327551261 -0.001829804550515323 0.322737 0.006238722538144369 0.0016023381456295384 -0.9999792552116061 80.1029
0.9992388841711144 -0.037230696392766875 0.011641632470375122 -0.688754 -0.037228234147445395 -0.9993066972735383 -0.0004282131658146701 0.364136 0.011649503969210781 -5.5101734695968884e-06 -0.9999321422111147 81.2608
0.9991787501293615 -0.03787871128712677 0.014388485714393846 -0.675152 -0.037850035778133166 -0.9992808746596357 -0.0022601617347826762 0.406517 0.0144637506035212 0.001713700878167399 -0.9998939259480374 82.4187
0.9991590966593665 -0.03639966424496536 0.018872307905835828 -0.656713 -0.03635531790728109 -0.9993353126386745 -0.0026877078010414395 0.447905 0.018957595382838255 0.001999338945012141 -0.9998182896012074 83.5764
0.9990823212630116 -0.03693955485658823 0.02167912882728035 -0.634692 -0.03688462550571857 -0.9993152402990402 -0.0029282942772579485 0.474242 0.02177245372059852 0.0021259804957796005 -0.9997606915987025 84.732
0.998902261114514 -0.03922952033519265 0.02559916941194792 -0.610286 -0.03915997688324797 -0.9992277898583015 -0.0032125045365326965 0.501686 0.025705426485751772 0.0022065151629809153 -0.999667125767383 85.8869
0.9987109756237827 -0.04057790636185636 0.030492961218635133 -0.584254 -0.04052345607357283 -0.999175700723033 -0.0024017894349753583 0.530959 0.030565285479543344 0.0011630132953506134 -0.999532095894689 87.0456
0.9986148766992206 -0.04021677868528748 0.03392548816419783 -0.551045 -0.04018283802394316 -0.9991909280072323 -0.0016819382828909754 0.563199 0.03396568214156855 0.0003163861951997076 -0.9994229496746777 88.1789
0.9984758794794295 -0.039984109619751074 0.0380419383798455 -0.512805 -0.039929373990701386 -0.9992000874282694 -0.002197811650219581 0.601948 0.03809938569702839 0.0006754711354830647 -0.9992737265375562 89.3273
0.9983550819121725 -0.040922790476366266 0.04015539365723358 -0.474553 -0.040844578644192456 -0.9991616819372358 -0.0027665400291815596 0.641855 0.04023494520337197 0.0011218591632254757 -0.9991896169479044 90.4745
0.9982062935809809 -0.04163024102950519 0.04302462651953055 -0.43003 -0.04148105480138062 -0.9991298002008101 -0.004354818395002933 0.672756 0.04316847863759674 0.0025623002388285745 -0.9990645209742967 91.6217
0.9979750488921328 -0.043081640755818204 0.046795021300687425 -0.375697 -0.042881270378180264 -0.9990662347855586 -0.005277798988297563 0.709342 0.04697870197758304 0.003260481742641627 -0.9988905699921826 92.7787
0.9978184460572591 -0.04490295569168558 0.04839497161924569 -0.321699 -0.044674674147080096 -0.9989848153669466 -0.005788968484970192 0.747144 0.04860578358312195 0.0036143099505004115 -0.9988115010180113 93.9348
0.9976079969998992 -0.04559276773756457 0.051957519685580225 -0.266217 -0.04533280869581069 -0.998952876505885 -0.0061714646857269715 0.786263 0.052184487902038446 0.0038013222234684705 -0.9986302264460831 95.0888
0.9975470392510413 -0.04529476623680513 0.05336936043307422 -0.20878 -0.04503620209411936 -0.9989671072637305 -0.006038137632769947 0.831733 0.05358773164092551 0.0036197730160621227 -0.9985565844061581 96.2423
0.9974917198209349 -0.04350436952185699 0.055835819338297996 -0.150833 -0.04323082194678059 -0.99904649907048 -0.006098256211660618 0.868142 0.05604788062432946 0.003669131712411481 -0.9984213401916034 97.3903
0.997354400732296 -0.041805340765240194 0.05946858686252186 -0.0853629 -0.041588803526459044 -0.9991229192034629 -0.00487480703094098 0.908048 0.059620221076080795 0.002388682870008138 -0.9982182744435139 98.5448
0.99728421691027 -0.04231087342513948 0.06028250734393255 -0.023941 -0.042112706478343045 -0.9991024851270112 -0.004554576390766247 0.943763 0.060421111002185154 0.0020035476116697305 -0.9981709648863915 99.7098
0.9971845088984475 -0.04285249958363288 0.0615363184826384 0.0410257 -0.0426186432723796 -0.9990783528888467 -0.00510842779437078 0.978603 0.06169851261240917 0.0024714506556656993 -0.9980917720696192 100.875
0.9972221345966912 -0.04445123324558165 0.059767065624523046 0.099162 -0.04419876956550683 -0.9990073950386658 -0.005540164885170582 1.01514 0.059954007700189445 0.002883144291662621 -0.998196976773462 102.055
0.9972696558190415 -0.045686509355534775 0.058017035821184115 0.162078 -0.045452153808992486 -0.9989521728458937 -0.005353324256084006 1.05351 0.05820081869435874 0.002701708602666337 -0.9983012398439322 103.231
0.9973130442242581 -0.04623366637878926 0.05682552167219823 0.230098 -0.045980366260086974 -0.9989257507493143 -0.005757639143535441 1.0977 0.057030673665413714 0.0031293103223758965 -0.9983675223474446 104.409
0.9974602127824655 -0.04725826546651304 0.05328958867410135 0.287899 -0.04704470292977394 -0.9988789590436059 -0.005255578580077248 1.14321 0.0534782183903657 0.0027352376603558765 -0.9985652700914113 105.615
0.9975947790755485 -0.04732033191607074 0.05065020186099576 0.344918 -0.04710566393283923 -0.9988751842030338 -0.005424279565164858 1.18767 0.05084990842325216 0.0030253215874601162 -0.9987017243615025 106.817
0.9977937228551402 -0.04798436081534852 0.04588232500672003 0.396254 -0.0477824341417789 -0.9988426891889789 -0.00548828217345078 1.23216 0.04609257660802228 0.0032838043290216584 -0.9989317749530057 108.021
0.9979496916906814 -0.04827974400226339 0.04201760551899367 0.442843 -0.04807196888277921 -0.9988262005838633 -0.005941955480920963 1.27696 0.04225516136765972 0.003909903615186875 -0.9990992012765865 109.225
0.9979940290421067 -0.05003535393179062 0.03878635524541504 0.492826 -0.04981527370033935 -0.9987365048956302 -0.0066205962738862065 1.32006 0.039068612753249486 0.004675162647647911 -0.9992255933230269 110.43
0.998163414771294 -0.050666177713184414 0.033207466751407566 0.527194 -0.050455532023145615 -0.9987007040104817 -0.007151440220654283 1.36395 0.03352665656416029 0.005462805589097867 -0.9994228940016957 111.65
0.998283859273316 -0.05044266077551699 0.029746836609296345 0.566056 -0.0502555122637175 -0.9987118180453604 -0.007006281727296747 1.41483 0.030061932763636372 0.005499315449856618 -0.9995329097774107 112.858
0.9984653063746278 -0.05004565984080168 0.023716321327705764 0.58623 -0.04989895315278497 -0.9987315410417879 -0.006738204697945723 1.46499 0.024023456047712888 0.005544444011261749 -0.9996960201481895 114.083
0.998583713488562 -0.04984317946034011 0.018607111991876653 0.600143 -0.04973297021847475 -0.9987424290147362 -0.006339728621422616 1.51493 0.018899704459123534 0.0054053628027460904 -0.9998067729438167 115.308
0.9986408930171483 -0.049955101054752704 0.01486118005145823 0.618523 -0.049871605659623924 -0.9987379905146802 -0.0059371080190184725 1.56075 0.015139013932333295 0.005187887942888885 -0.9998719398382218 116.525
0.998719627717485 -0.049769332741060275 0.009061938554053843 0.621783 -0.04972110567459726 -0.9987481520625467 -0.0054717823552507625 1.60505 0.00932292134169076 0.005014206832324328 -0.9999439688640055 117.764
0.9987478769819067 -0.04962046212896524 0.006363015184803356 0.62741 -0.04959414618268323 -0.9987604998278758 -0.004229024471695389 1.65377 0.006564974375026792 0.003908160907572528 -0.9999708132689553 118.975
0.9987787931398228 -0.0492837285574002 0.003469362137287142 0.614499 -0.049270703052727384 -0.9987784408611508 -0.0037448486830123423 1.7077 0.003649684212244479 0.0035693375364616716 -0.9999869697324569 120.218
0.9987742365393292 -0.04944978151489699 0.0021779654288770997 0.605414 -0.04944238663939061 -0.9987714342939141 -0.0033275278930386142 1.74939 0.0023398351825376254 0.0032157653221111964 -0.9999920919810877 121.456
0.9987744646345648 -0.04947749334376097 0.0012435619636042177 0.604891 -0.04947439254878711 -0.9987724811585689 -0.0024115062275479908 1.79437 0.0013613507511853497 0.0023470263686360673 -0.9999963190889044 122.689
0.9987401245414458 -0.050181283963232584 -4.869023824565853e-05 0.591454 -0.05018127381358521 -0.9987378565785716 -0.00212922410439998 1.84883 5.8218415222485976e-05 0.0021289848853825377 -0.9999977320144153 123.944
0.9986986901634448 -0.0509985006347742 -0.0002814228574471259 0.590082 -0.05099896036673094 -0.998696730472883 -0.001986601189580379 1.89459 -0.0001797424055849227 0.0019983682790643037 -0.9999979871064185 125.182
0.9986529135274763 -0.05183572447232157 -0.002327223992877801 0.579176 -0.05183674918072595 -0.9986554988616866 -0.00038213569663454896 1.94691 -0.0023042867568884794 0.0005022566532131181 -0.9999972189965313 126.441
0.998551108400804 -0.053730402306155264 -0.0029542815615000075 0.568314 -0.05372930994873808 -0.9985554369188093 0.00044794231557760734 2.00788 -0.002974082036250758 -0.00028856178602596665 -0.999995535774104 127.699
0.9985227071314118 -0.05424733563719861 -0.0031032111145968253 0.562041 -0.054247221480135346 -0.9985275280726535 0.00012100744152150148 2.05787 -0.003105206054640768 4.7511902542056004e-05 -0.9999951777073612 128.933
0.9985379162399757 -0.053898794956272485 -0.0041170053909561095 0.548035 -0.05389880986210501 -0.9985463968981336 0.00010741137652458953 2.11303 -0.004116810242908685 0.00011464735867307354 -0.9999915193287428 130.196
0.9985101908022999 -0.05436384610337546 -0.004687334082697763 0.543651 -0.054373351701673726 -0.998518819877441 -0.0019248312363327933 2.17948 -0.004575750067519712 0.002176829669674652 -0.9999871618795456 131.433
0.9983884251436732 -0.05637425995547141 -0.006518846033522861 0.542133 -0.05639751007138263 -0.9984024696522829 -0.0034393967451291723 2.23671 -0.006314538532952299 0.0038015005846431887 -0.9999728372293022 132.694
0.9983113558762371 -0.057673422626966696 -0.006943561841057386 0.532646 -0.05770732209454265 -0.9983220773989148 -0.0047848463499227676 2.2985 -0.006655952615968047 0.005177460806896136 -0.9999644454651213 133.955
0.998289217428324 -0.05809015585364925 -0.006646213902930302 0.516241 -0.058133670885532424 -0.9982873013166942 -0.006552887852289517 2.35716 -0.006254172664498801 0.006928046097625472 -0.9999564428021612 135.209
0.9982807026660471 -0.05814062027493003 -0.007436864838704812 0.512984 -0.05820746371850431 -0.9982629258283494 -0.009111645519971517 2.40648 -0.006894189730619013 0.00952886093239944 -0.9999308330866133 136.48
0.9983401672264505 -0.0572255497591979 -0.006492068778137628 0.499973 -0.05728758197580219 -0.998309526377442 -0.00980930657146026 2.47474 -0.005919751145804029 0.010164939685247261 -0.9999308128803546 137.738
0.9983623413027186 -0.05679689939734201 -0.00683722804959118 0.494738 -0.05686551526983038 -0.9983287316172332 -0.010298388253629118 2.53605 -0.006240884684929992 0.010670325504594921 -0.9999235948371131 139.007
0.9983811880924505 -0.05652248840113474 -0.006341259184904596 0.484198 -0.05658705684175667 -0.9983423254759038 -0.010512191082345874 2.59541 -0.005736572242580684 0.010854007016191845 -0.9999246382956055 140.273
0.9982498293042665 -0.058959367993871165 -0.004590339831217499 0.467226 -0.05900278844791043 -0.9982079213870794 -0.00998081336652412 2.65266 -0.003993651133224893 0.010234188089415787 -0.9999396542515835 141.548
0.9981691734499758 -0.06029856253084722 -0.004731229322875009 0.455366 -0.06033755377131753 -0.9981411224320746 -0.008583665588276347 2.72701 -0.004204851850599443 0.008853421189094208 -0.9999519669234933 142.818
0.9981973959373047 -0.05986592034421219 -0.004246213056902902 0.437686 -0.059899502454686795 -0.9981700740559218 -0.008279665746681935 2.78479 -0.0037427729913984283 0.008519086836994283 -0.9999567074677778 144.087
0.9982093349708089 -0.05975077628153556 -0.0028228196699406757 0.422688 -0.0597709036402748 -0.9981825413813706 -0.007684605354397414 2.84746 -0.0023585281766602155 0.007839567282812057 -0.9999664887033254 145.356
0.9983113271026159 -0.057996477713039625 -0.0033019314794149462 0.419749 -0.05802128168808104 -0.9982833692850782 -0.007990336670287446 2.91221 -0.002832851899800806 0.008168425901793236 -0.999962625185762 146.616
0.998435906932701 -0.055888711136663605 -0.0014804441757880035 0.408617 -0.055899770861115874 -0.9983962002918866 -0.008957837931006692 2.95633 -0.000977427823315915 0.00902658352900004 -0.9999587818628549 147.878
0.998533095882498 -0.054107567457919004 -0.0020068809383379568 0.39782 -0.0541240228116536 -0.9984906025269734 -0.009333103449835872 3.01174 -0.0014988602328172328 0.009428033151643114 -0.9999544317662149 149.14
0.9985433718123621 -0.053916028833669305 -0.002048522493423203 0.39087 -0.05393315549829536 -0.9984992702873573 -0.009509046935002317 3.06344 -0.0015327581661220059 0.009605679071378768 -0.9999526896718575 150.408
0.9985126270999949 -0.05451519941519749 -0.0007915520123256549 0.382468 -0.05452029499172242 -0.9984664040913345 -0.009611312862241093 3.11337 -0.0002663754540711305 0.00964017290516961 -0.9999534969739723 151.674
0.9984764455778733 -0.05514808427632421 -0.001864517853998715 0.377539 -0.055162848494921875 -0.9984358314281724 -0.009107725636004113 3.1717 -0.001359327812829885 0.00919670163623207 -0.9999567855197101 152.939
0.9984209137831638 -0.056166548787751173 -0.0009988581807121963 0.370993 -0.056173289877880554 -0.9983802426737743 -0.009025106257044717 3.22425 -0.0004903312019551868 0.009066963986280773 -0.9999587740199011 154.204
0.9983993016244196 -0.05651215087645035 -0.0022828313972920807 0.365673 -0.05652997916395638 -0.9983630404295855 -0.008694881247972207 3.27827 -0.0017877280536504167 0.008810011777006459 -0.9999595930440864 155.468
0.9983795176447167 -0.05684185821965325 -0.002709594368104906 0.356285 -0.05686352835006367 -0.9983437481593219 -0.008734967359855442 3.33152 -0.0022085948212230396 0.008874889595542728 -0.9999581783472659 156.732
0.9983663728680234 -0.05707963186013937 -0.002549735879986487 0.342906 -0.05710025573794558 -0.9983285891061229 -0.008921264934923592 3.39162 -0.0020362517054479594 0.009052281485285793 -0.9999569540129731 157.993
0.9983240040184818 -0.05769252848243964 -0.004555782897513324 0.332733 -0.057731954960771464 -0.9982910342211062 -0.009057172304950664 3.45049 -0.004025466049271674 0.009305006773613941 -0.9999486049152873 159.26
0.9982755222854595 -0.05855676436883029 -0.004133636697437313 0.319796 -0.058590480813183125 -0.9982453115567919 -0.008570502491883595 3.51026 -0.0036245225579561984 0.008797914612943799 -0.9999547287426017 160.52
0.9983023335047644 -0.057950825133393086 -0.0058440384411302245 0.30571 -0.057999306700968464 -0.9982804465170937 -0.008498854266275118 3.56645 -0.005341473687055439 0.008823376224058732 -0.9999468069306784 161.78
0.9982659908383367 -0.05851146290476543 -0.006435856143359512 0.292343 -0.05856203553980986 -0.9982519391501834 -0.00797207478215694 3.62537 -0.005958148117310063 0.008335147967643739 -0.9999475115121641 163.037
0.9982448472633485 -0.05888846556761463 -0.006274833485072272 0.273957 -0.05894044120225448 -0.9982257553384022 -0.008447826345257071 3.68308 -0.00576622086440511 0.00880284057380928 -0.9999446288144032 164.298
0.9982373649433618 -0.05880108170670013 -0.008037164988724086 0.260889 -0.058869600631590586 -0.9982288739850407 -0.008572354637744795 3.7437 -0.0075188664312531945 0.009030389398038758 -0.9999309569739849 165.55
0.998255040823641 -0.058526731943720156 -0.007841882310969786 0.240612 -0.05859319205116029 -0.9982454861677561 -0.00853154094852825 3.80155 -0.007328800409822975 0.008976134674150881 -0.9999328565913137 166.804
0.9982438557370757 -0.05852337730468968 -0.009177079711365905 0.220394 -0.05860171246248695 -0.9982451465655985 -0.008512734853756612 3.86606 -0.008662781287775461 0.009035577849772183 -0.9999216542076087 168.072
0.9981418463040318 -0.060120668373271145 -0.009917655525864528 0.199379 -0.06020316812217221 -0.9981521274574668 -0.00824069172985795 3.92752 -0.009403893067874832 0.008822453541064191 -0.9999168620983866 169.337
0.9981271913595929 -0.06030874363418778 -0.010245257921424483 0.176342 -0.06040066138147033 -0.9981344248443288 -0.00891235352540722 3.98703 -0.009688651778841796 0.009514482747196263 -0.9999077980717831 170.605
0.9980553052353937 -0.06114620500701121 -0.012114012742518141 0.158715 -0.061258925118213174 -0.9980798486739443 -0.009162956092744723 4.05163 -0.011530472013169528 0.009887228339477845 -0.9998846388113564 171.866
0.9979921989596373 -0.062232881220197246 -0.011774519554559628 0.138976 -0.06233697561872815 -0.9980173263984641 -0.008690090860967326 4.11404 -0.011210365133124733 0.00940663082589065 -0.9998929157715278 173.125
0.9979550340281698 -0.06253490248055245 -0.01323389699151011 0.117397 -0.06265070205209657 -0.997999113362817 -0.008524040087328238 4.17684 -0.01267436744826055 0.009335721652810373 -0.9998760946792393 174.384
0.9979870643893323 -0.061780038938116226 -0.014319430867421636 0.100687 -0.06190458496182389 -0.9980465241965077 -0.008423651225780548 4.24252 -0.013771044704972518 0.009293133382993597 -0.9998619884762392 175.645
0.997948255892464 -0.06245827055011202 -0.014079879299127483 0.0788352 -0.06258317148886747 -0.9980025985444564 -0.00861161685791584 4.30341 -0.013513889432135915 0.009475111524491103 -0.9998637892503229 176.906
0.9979657689809434 -0.061940248503584025 -0.015090710970279149 0.0548135 -0.06207458992396571 -0.9980344413005877 -0.008602282464277656 4.36602 -0.014528221778515819 0.009521533129595304 -0.9998491242076557 178.165
0.9980132410891859 -0.061416627093641395 -0.014055907195891401 0.0283893 -0.06154855577444986 -0.9980621139104909 -0.00915380022733686 4.43009 -0.013466472913809013 0.010000734621174198 -0.9998593098102847 179.429
0.9979339503525823 -0.06241102161795191 -0.015254347389938654 0.00665122 -0.06258116137465171 -0.9979798892196609 -0.010942529603017937 4.48851 -0.01454059746672017 0.011874556569264515 -0.9998237674368388 180.68
0.9976612460622981 -0.06651920109255155 -0.01572367614240143 -0.0157387 -0.06669273518851435 -0.9977153040831878 -0.01078197900509702 4.55566 -0.014970543694105894 0.011805417578397773 -0.9998182409504751 181.939
0.9974467536822746 -0.06984054470256394 -0.014908785475048281 -0.0329913 -0.07001405109097437 -0.997480277951045 -0.01145110250309565 4.63011 -0.014071468243302567 0.012465689485750133 -0.9998232845693895 183.203
0.9974273620623708 -0.0699898703352779 -0.015494368646425094 -0.0576927 -0.07015850681852895 -0.9974793115066869 -0.010621065725246648 4.69982 -0.014711945156734423 0.011680803336952842 -0.9998235431830502 184.449
0.9975639023079298 -0.06827439526475115 -0.014313202416209122 -0.0835502 -0.06841229413319594 -0.9976130721284467 -0.00937637082645899 4.77522 -0.013638871786476147 0.010332728084814329 -0.9998535972364738 185.705
0.9976123872160859 -0.06726451879409662 -0.015652775613960224 -0.109185 -0.06741114187749345 -0.9976843673999479 -0.009035540744108039 4.84442 -0.015008758236270354 0.010069138849207073 -0.9998366614697826 186.947
0.9976261455470973 -0.06702780940337064 -0.015790708895639518 -0.134773 -0.06718083943409858 -0.9976968346602565 -0.009368079943845106 4.91543 -0.015126418405269515 0.010406674564423813 -0.9998314320877987 188.192
0.9974993581865038 -0.06912027981802665 -0.014745078344676841 -0.158171 -0.06925605979834928 -0.9975591699588128 -0.00890508912320648 4.98882 -0.014093565862492996 0.009904006712562365 -0.9998516300193331 189.438
0.9973462508623732 -0.07119344113112712 -0.015229899233974433 -0.182955 -0.07133659847846878 -0.9974110435233616 -0.009071933375015327 5.06562 -0.014544607533034425 0.010134307946166344 -0.9998428627510236 190.67
0.9973065819628072 -0.07206692864386088 -0.013635958693971831 -0.205453 -0.07219579839335355 -0.9973479874616581 -0.00920644342442059 5.1373 -0.012936315859211643 0.010166105548412945 -0.999864641854071 191.919
0.9972990613833107 -0.07229814111779474 -0.012944533783730764 -0.227754 -0.07241913866681172 -0.9973324459431957 -0.009135678612946771 5.21165 -0.01224951095855689 0.01004843569285263 -0.9998744813332331 193.13
0.9973235542973253 -0.072192162132479 -0.011576690821986004 -0.242736 -0.07230905827431963 -0.9973319596365169 -0.010018102568153234 5.27937 -0.01082257525873746 0.010828389271856514 -0.9998828020575943 194.36
0.9973828903224237 -0.07166069693079107 -0.00959763551513444 -0.261374 -0.07175204099864725 -0.9973769034270962 -0.009537144368474077 5.35293 -0.00888902157813229 0.0102008345526229 -0.9999084599451157 195.591
0.9974352087675731 -0.0710535818457147 -0.008625127111060428 -0.281658 -0.07113727680218693 -0.9974182067322017 -0.00981879464534176 5.41666 -0.007905198286992134 0.010407179541675941 -0.9999145955800577 196.799
0.997391186427779 -0.07191002135920828 -0.006306351108628571 -0.293395 -0.07196908182120602 -0.9973596961949854 -0.00969987977548938 5.49261 -0.005592181863963508 0.010128436896412315 -0.9999330688941314 198.019
0.997297872233661 -0.07321428123667005 -0.006051699035022447 -0.306702 -0.07327607347184552 -0.9972541663947956 -0.010711893612731973 5.55852 -0.005250818484903649 0.01112639345069074 -0.9999243132727693 199.226
0.997300563059642 -0.07324962572910512 -0.005106784846405346 -0.317848 -0.07329748685689941 -0.997260815255271 -0.009916893508303532 5.62584 -0.004366387681380832 0.01026443797479403 -0.9999377860505511 200.431
0.9973016868699813 -0.07334977375380894 -0.00302589764435377 -0.326117 -0.07337610928447494 -0.9972564107013153 -0.009777417931210905 5.69285 -0.0023004244308070525 0.009973063992265179 -0.999947621649276 201.632
0.9972356851698037 -0.0742458526456066 -0.0029225996714448465 -0.335482 -0.07427047544621349 -0.9971930211888778 -0.009485513649365129 5.76324 -0.0022101359474150538 0.009676355570449314 -0.9999507405077355 202.821
0.9972092378724727 -0.07464384208212581 -0.0014257422699428578 -0.342978 -0.07465414327108948 -0.9971630563597015 -0.009622781502153892 5.83404 -0.0007034161366398623 0.009702364175664176 -0.9999526835481473 204.009
0.9971767984832947 -0.07507867805398302 -0.0012746247578898726 -0.350046 -0.07508747686673073 -0.9971308148470204 -0.009592126995907209 5.91135 -0.000550803408880278 0.00966075484544575 -0.9999531821197536 205.186
0.9971783108684447 -0.07506837896210007 -0.00039346354129652316 -0.358969 -0.07506866109159048 -0.9971312508062462 -0.009693543598036307 5.98474 0.00033534381122337124 0.009695728212652955 -0.9999529390921129 206.355
0.9971197497769536 -0.07583428698565871 0.0011685555707391271 -0.36529 -0.07581931662969098 -0.9970736108065604 -0.009779870089848266 6.05373 0.0019067853974209959 0.009663102532023357 -0.9999514931329937 207.511
0.9971027469439616 -0.07606424162692607 0.0005858178265093273 -0.367575 -0.07605482347750675 -0.9970550763339027 -0.00984065966285373 6.12479 0.00133261495209167 0.009767594510186954 -0.9999514079368425 208.647
0.9970095038059149 -0.07727115445650973 0.0011036347407105747 -0.370861 -0.07725527449309533 -0.996955425511655 -0.010559455756377132 6.18891 0.0019162159792622546 0.01044261613929237 -0.9999436383539263 209.776
0.9969399388228742 -0.07817103141931103 -0.00021960575015369735 -0.372453 -0.07816869177353694 -0.996879109450619 -0.011031625780245437 6.26053 0.0006434331808301947 0.011015034624670187 -0.9999391256501368 210.882
0.9970003488274117 -0.07739024406588071 -0.0010269184208348248 -0.377394 -0.07739694008190112 -0.9969341462948047 -0.011490066031476119 6.32989 -0.00013455102468035282 0.011535080184918037 -0.9999334596967688 211.98
0.9970356296975662 -0.07693637217246647 -0.0008647256888297953 -0.381383 -0.07694123087064202 -0.9969711492572804 -0.011339071422647836 6.4067 1.0280455278078519e-05 0.011371991274929393 -0.9999353367637103 213.068
0.997031656374963 -0.07695556798815273 -0.0023909708943975552 -0.388528 -0.07697841659280033 -0.9969640719396646 -0.011703103876665469 6.47444 -0.0014830930727146657 0.01185241819645022 -0.9999286577640596 214.138
0.9969782190934763 -0.07761841486729212 -0.0031324633579608826 -0.3964 -0.07765171810181368 -0.9969024797202163 -0.012476241562259799 6.5429 -0.0021543743956198864 0.012681782255358426 -0.9999172621121163 215.203
0.9969060925956598 -0.07840190617543204 -0.005602111540537638 -0.406229 -0.0784664891182406 -0.9968392874105464 -0.01242759672225608 6.61633 -0.004610057603859509 0.012828724912973703 -0.9999070812760534 216.249
0.9967833650695502 -0.07978614889205113 -0.00755602842763004 -0.418304 -0.07987738995860874 -0.9967242965095836 -0.012660146953176039 6.68117 -0.006521172749134616 0.013222979711513965 -0.999891307649749 217.281
0.9966038308729289 -0.08184951826417969 -0.009025555347181594 -0.431027 -0.08195615407091184 -0.9965618007809157 -0.012155905322284681 6.74682 -0.007999568695141127 0.012854321616526691 -0.9998853800893738 218.308
0.9965634376955422 -0.08197468105362223 -0.01189396126614257 -0.444936 -0.08211759269664835 -0.9965495570116184 -0.012069854583010136 6.80966 -0.010863499351081865 0.013005079242532682 -0.9998564158396669 219.312
0.9964873318015808 -0.08258976291644188 -0.013853830530671372 -0.461895 -0.08275779568620134 -0.9964971004662004 -0.012028134336490874 6.8747 -0.012811901190986248 0.013132395968049325 -0.9998316835167862 220.296
0.9964035279472556 -0.08288091189655189 -0.017628497878678435 -0.479567 -0.08309621430329445 -0.9964710485902608 -0.011851940342712136 6.94098 -0.016583988142890374 0.013274176608070615 -0.9997743583292453 221.255
0.9962583696779522 -0.08391769446913659 -0.020665947875984123 -0.503485 -0.08416507155425092 -0.9963865552366921 -0.01140496706816434 7.00657 -0.019634194072996075 0.013101644879278767 -0.9997213838488005 222.197
