1.0 0.0 0.0 0.0 0.0 -1.0 0.0 0.0 0.0 0.0 -1.0 0.0
0.9999802679074399 -0.00016593428105017046 -0.0062798297412414335 -0.00600277 -0.00015990165823102117 -0.9999995253353071 0.0009611246640473918 -0.0125227 -0.006279986243958107 -0.0009601015438575262 -0.9999798197852798 0.0886146
0.999911242658823 -0.0003596096953325088 -0.013318313908125573 -0.0154906 -0.00035012633105069454 -0.9999996835368881 0.0007143792244622159 -0.0116667 -0.013318566591065766 -0.000709652725677227 -0.9999110521326227 0.170044
0.999785443974656 1.3318450571036707e-05 -0.02071390448512845 -0.0292211 3.882115147686373e-05 -0.9999992418291989 0.0012307859056621077 -0.0157755 -0.020713872388289645 -0.0012313259707538338 -0.9997846864835626 0.258082
0.9995518552281217 5.6932479345780045e-05 -0.029934686714795312 -0.0448421 0.00010142888125469837 -0.9999988923421728 0.001484933200446788 -0.01395 -0.0299345690164765 -0.0014873039771806109 -0.9995507538412831 0.355806
0.9991419990688222 0.001060065030376812 -0.04140219751280194 -0.0573938 0.0011117171624883326 -0.9999986322604704 0.0012245661025134839 -0.0107788 -0.041400842765677126 -0.0012695429571969524 -0.9991418109953019 0.458473
0.9985036582768952 0.0010166976500307517 -0.054675503962436235 -0.0753812 0.0010787610280722458 -0.9999988069375002 0.0011056211924685973 -0.0117835 -0.05467431464867457 -0.0011629486082132432 -0.9985035637734264 0.574782
0.9975008010413231 0.000501143429414815 -0.07065338475389281 -0.0964626 0.0006054159464984324 -0.999998759058236 0.0014544254946640984 -0.012227 -0.07065256820137668 -0.0014935652817864567 -0.9974998666011432 0.700277
0.9960348702247755 0.00023080443016034846 -0.08896338587098139 -0.120625 0.00029621641314615756 -0.9999996954375635 0.0007220669057453902 -0.00994041 -0.08896319211983512 -0.0007455562318217547 -0.9960346352380293 0.841597
0.9940752653000094 -0.0004618786290976314 -0.10869293255243145 -0.148996 -0.00042244832337476725 -0.999999836350035 0.00038579439704293733 -0.0141373 -0.1086930929550241 -0.0003375915204722539 -0.9940752977394797 1.00333
0.9913984994240664 -0.0008236744484553349 -0.13087527230196094 -0.185837 -0.0007519507666602612 -0.9999995388126898 0.0005974482841874518 -0.0155254 -0.13087570404683208 -0.000493897571082593 -0.9913986615662921 1.15898
0.9879634882477373 -0.00020194093170366814 -0.15468712004954696 -0.240628 0.00025955791686094746 -0.9999955759338977 0.0029632317357843126 -0.0222019 -0.1546870341012803 -0.002967715028817147 -0.987959065016591 1.33154
0.9836791714115453 0.002466345218746699 -0.17991443764289206 -0.299312 0.0036379230846753006 -0.9999742726159705 0.006182202017961107 -0.024108 -0.179894561470674 -0.006735818244494215 -0.9836628362939465 1.5061
0.9783828582064582 0.0028124044228345782 -0.20678267129796815 -0.361838 0.004515603494436885 -0.9999596550850633 0.007765148243409099 -0.0261267 -0.20675248993142056 -0.008531036485885553 -0.9783560851365081 1.68647
0.9717525984243639 0.002512208074741654 -0.2359885087585537 -0.431213 0.004512668819086011 -0.9999583172575243 0.007937226696374535 -0.0332375 -0.2359587321453182 -0.008777958651622517 -0.9717234298740997 1.87786
0.9637374626002368 0.0015309669078064287 -0.26684782052920003 -0.505567 0.004088993189778371 -0.9999508620336948 0.009030706105530514 -0.0358564 -0.2668208824577846 -0.009794368708483544 -0.9636963666145324 2.06683
0.954436850486126 0.0008849183272780067 -0.29841165418542037 -0.601804 0.0038601867518169687 -0.9999485455700183 0.009381107112000096 -0.0367627 -0.29838799807024075 -0.010105599040124712 -0.9543911564320338 2.26725
0.9433605519764734 6.553915953767266e-05 -0.331769294358688 -0.703863 0.0037167905264481275 -0.9999393133529006 0.010370876506447574 -0.0385178 -0.331748480694073 -0.011016592755840977 -0.9433035461828956 2.46388
0.9309690725371486 -0.000971782929583855 -0.3650967565142961 -0.808167 0.0037511835939988856 -0.9999182145065754 0.012226729719206294 -0.0425569 -0.36507877862314253 -0.012752252190110506 -0.9308892874360056 2.65579
0.917314756601307 -0.000706147480405585 -0.3981622014672177 -0.931878 0.004940889245186402 -0.9999012419410197 0.013156518470838692 -0.0394322 -0.3981321701834105 -0.01403594387786711 -0.9172206753799795 2.85462
0.9014971558937533 -0.0014421246331396333 -0.43278262233136905 -1.05483 0.004869601623478413 -0.9998973453404826 0.013475376101775424 -0.0398452 -0.4327576283504458 -0.014255492190667277 -0.9013975904377044 3.04987
0.8833781897544578 -0.001584188871514874 -0.46865815282757617 -1.17481 0.0038899268410198568 -0.9999350564506463 0.01071220566520508 -0.0409472 -0.46864468666070236 -0.011285974776753088 -0.8833146576605814 3.2457
0.8624359337963746 -0.001126281480101817 -0.5061649845522737 -1.31653 0.002965509906106324 -0.9999691186158407 0.007277881948480621 -0.0522595 -0.5061575504205905 -0.007777744190111583 -0.8624059605821036 3.44546
0.83772205416249 -0.0026325533979403948 -0.546090495826823 -1.46267 0.0017186042606850414 -0.9999707194533131 0.007456985679132895 -0.0544774 -0.5460941369115525 -0.007185394813831063 -0.8376930008852862 3.63253
0.8091993644166724 -0.00462009861988647 -0.5875159940941144 -1.64965 0.0022254539933238833 -0.9999378060834239 0.010928463734326927 -0.0482629 -0.5875299447536071 -0.010150795723066404 -0.8091387553219853 3.8179
0.7771198197231303 -0.005718873191655318 -0.6293266880427903 -1.8435 0.003133417038125598 -0.9999111610423174 0.012955760134795076 -0.0496545 -0.6293448716650951 -0.012040120947188497 -0.7770328615936538 3.99557
0.7417634195727997 -0.006272781500240907 -0.67063229984539 -2.03817 0.003466747486479969 -0.9999070365172674 0.013187114359138195 -0.0482839 -0.670652675418157 -0.012106631881173203 -0.7416727165124534 4.16476
0.7019987886289686 -0.00745587290024723 -0.7121391091091376 -2.26596 0.0005613655298273615 -0.9999390937027824 0.01102242049642896 -0.0563339 -0.7121779171191724 -0.008137496184548081 -0.7019518470120608 4.35043
0.6598529929376699 -0.007342118664914135 -0.7513588496881567 -2.49454 -0.002020521446992837 -0.9999659821096146 0.00799700672977637 -0.0634071 -0.751392005017542 -0.003758712155002836 -0.6598453810391144 4.5262
0.6158018526914973 -0.008111660863323789 -0.7878593016394222 -2.73407 -0.00334400927862777 -0.9999649036325441 0.007681738416622488 -0.0608677 -0.7878939622967447 -0.002095819933912154 -0.6158073657525872 4.67745
0.5676369885305251 -0.008631043374336332 -0.8232337179332899 -3.01219 -0.00440851093744539 -0.9999625740294596 0.007444163599264152 -0.0540021 -0.8232671585113253 -0.0005963477580321168 -0.5676537942144319 4.84838
0.51690340978472 -0.009411308119360614 -0.8559919930889611 -3.30024 -0.004853132129961612 -0.9999557125637222 0.008063499222266336 -0.0562067 -0.8560299714738139 -1.3807998135990755e-05 -0.5169261917797165 4.98776
0.4651134074992625 -0.010206187290005922 -0.8851922683267326 -3.58777 -0.005295367126569141 -0.9999477238570796 0.008746921746546957 -0.0522791 -0.8852352666107579 0.0006191074597246939 -0.46514313867296103 5.10628
0.40995154283014085 -0.0106925030938266 -0.9120446276958031 -3.92429 -0.005674160053024202 -0.9999418326715572 0.009172523161087128 -0.0514278 -0.9120896537286672 0.001414797171513988 -0.409988368018025 5.23533
0.35553877546536455 -0.011415141005900182 -0.9345918219717119 -4.25587 -0.005628163184806979 -0.9999334355509162 0.01007215202955982 -0.0488509 -0.9346445864176146 0.0016789946863521804 -0.3555793554990066 5.32086
0.29976366174104874 -0.012684308168525841 -0.953929166880793 -4.63095 -0.006374042417296506 -0.9999159185427721 0.011292804258762872 -0.051579 -0.9539922005356545 0.0026952126168628228 -0.2998193074938459 5.41702
0.24596358185744346 -0.014292450701507028 -0.9691736904460426 -5.01111 -0.008304247086319959 -0.9998856555457882 0.012637852432224709 -0.0526037 -0.9692434966922328 0.004939806343808718 -0.2460541453280143 5.49223
0.19545610647641903 -0.015423598870455805 -0.9805911599840998 -5.39501 -0.009019434644775677 -0.9998623080737561 0.013928915683221956 -0.0543915 -0.9806709745066221 0.006121886253840464 -0.1955683058906214 5.54731
0.14698955077622286 -0.015589824433416624 -0.989015181550182 -5.82936 -0.006209919031748213 -0.9998706268562425 0.014838007134515413 -0.0426689 -0.9891185514730898 0.003960672195479578 -0.14706734582339012 5.58211
0.10448521397005309 -0.015446243575957672 -0.994406483094828 -6.246 -0.0041170398435448905 -0.9998775330786162 0.015098636612219454 -0.0326109 -0.9945179184130164 0.0025164268344969286 -0.10453601078780336 5.59656
0.0654728786703266 -0.01414533973587152 -0.9977540836911554 -6.70484 -0.0033772235473558615 -0.9998969333456281 0.013954105027528044 -0.0242791 -0.9978486340721882 0.0024560231604919026 -0.0655139025742114 5.60291
0.030891964533809428 -0.012863127441362077 -0.9994399564154263 -7.17354 -0.004161215098139785 -0.9999101771860421 0.012740559198272584 -0.0168955 -0.9995140673428008 0.0037653037334261057 -0.030942715970744668 5.60215
-0.000324505613861924 -0.011664505277857744 -0.9999319146885599 -7.63559 -0.004232738370519807 -0.9999229938464921 0.011665774854451123 -0.0124006 -0.9999909892704 0.004236235792639926 0.0002751078258701034 5.58675
-0.02824844961616584 -0.01057423840674312 -0.9995450017765085 -8.127 -0.004114008895737592 -0.9999343478127047 0.01069462459306519 -0.00321937 -0.9995924669709596 0.004414243592979613 0.028203092532789808 5.55278
-0.04933791546150571 -0.009802329423137426 -0.9987340408916647 -8.62486 -0.0038558787610163633 -0.9999425177115733 0.010004672489414997 0.00183952 -0.9987747004689764 0.004344607061681027 0.04929728281138764 5.51044
-0.06707582859604211 -0.010018668191878861 -0.9976975791820961 -9.15178 -0.0028133146549764827 -0.9999437108695953 0.01023036426500094 0.00930466 -0.9977439142780105 0.0034930473806618284 0.06704386728993172 5.45912
-0.08072215226249024 -0.010330420573319222 -0.996683107384132 -9.67835 -0.002221209343719134 -0.9999419424569186 0.01054409524499142 0.0148301 -0.9967341673501326 0.003064983892685052 0.08069451970595565 5.40738
-0.09032657066479337 -0.010871501644318885 -0.995852861161696 -10.2379 -0.0015927626659481995 -0.9999375615959333 0.01106056131801982 0.0231493 -0.9959109266089156 0.0025852198315204425 0.09030361509593439 5.34925
-0.09801564351288253 -0.011541939107880164 -0.9951179413860378 -10.8202 -0.0002845864307917008 -0.9999323774848838 0.011625810422997339 0.0288323 -0.9951848334039859 0.0014227083531246987 0.09800573076929228 5.2837
-0.10242549141280878 -0.01234439275905138 -0.9946640813240692 -11.3918 -0.000455259902455739 -0.9999223107692716 0.012456530988241165 0.0329628 -0.9947405749476923 0.0017286969804093059 0.10241191414813054 5.22284
-0.10498025976645343 -0.013643859797398735 -0.9943807068468277 -11.9932 0.0009247097750664799 -0.9999067878783675 0.013622058089639932 0.0511402 -0.9944738759621591 0.0005105336370453406 0.1049830909442354 5.15522
-0.10461601935001168 -0.014857792442090956 -0.9944016967499127 -12.5936 -0.0014258014346365602 -0.9998851270589266 0.015089724206317635 0.051696 -0.9945116668926648 0.00299644624538552 0.1045828175384061 5.09802
-0.10410318031308065 -0.016405262584121436 -0.9944311917916937 -13.2324 -0.0013708361897473691 -0.9998606335073653 0.01663834037370096 0.0575209 -0.9945655577471217 0.00309530641395546 0.10406618289031565 5.02936
-0.10285880700826663 -0.017534324006372858 -0.9945414085408792 -13.8633 -0.0006670108163417884 -0.9998431772109807 0.017696781662847886 0.0652887 -0.994695742886943 0.0024836397265228663 0.10283098081950695 4.95939
-0.10118794605406121 -0.017079682890741455 -0.994720706533101 -14.5087 0.0017602630584062544 -0.9998541310681117 0.01698876275647719 0.0735362 -0.9948657703666988 -3.1912103814327186e-05 0.10120325061129222 4.88817
-0.1001358000893266 -0.017384256354121927 -0.9948218982167033 -15.1868 0.0007332959096625711 -0.9998483695470805 0.017398281270112052 0.0809686 -0.994973509103423 0.0010126919863567493 0.10013336425668257 4.81677
-0.09869817225592005 -0.019521823410514415 -0.9949259114145481 -15.8643 0.0016685196626284194 -0.9998093972833749 0.019452124459547387 0.0905937 -0.9951160167716506 0.0002598356845983311 0.09871193266237298 4.75253
-0.09793496767680505 -0.021040917384674545 -0.9949703623232978 -16.5802 -0.0003039021375574845 -0.9997757923198736 0.021172452259008687 0.0881304 -0.9951927701453794 0.0023758970475411083 0.09790661552512962 4.68294
-0.09617729381579448 -0.02274447596780754 -0.9951043246651177 -17.2963 -0.0011616271072200854 -0.9997356498010243 0.022962603062091122 0.0930118 -0.9953635410123951 0.0033644211795211387 0.09612544872921364 4.613
-0.0950816798723474 -0.023358826584748936 -0.9951953774878763 -18.0282 -0.0014209571667448267 -0.999720452566956 0.02360079659781692 0.102071 -0.9954684600897123 0.0036581333907987363 0.09502190814076715 4.53852
-0.09377204970526805 -0.022501138227867135 -0.9953393900939134 -18.777 -0.0015035993002324756 -0.9997402301681524 0.022742281602213796 0.109501 -0.9955925581698657 0.003629181971253023 0.09371385785999024 4.46295
-0.09247848452517862 -0.02190344623878013 -0.9954737409609511 -19.5263 -0.00021676500708109336 -0.9997575544687273 0.022017840394579317 0.125219 -0.9957146593843327 0.0022519603847164 0.0924513156291876 4.38441
-0.09167259124635149 -0.02291123776372582 -0.9955255954511233 -20.3068 -0.0015488550940497368 -0.9997307881580051 0.023150642688094743 0.13092 -0.9957879980508286 0.003664204294007413 0.09161242571188025 4.31284
-0.09000283302785601 -0.02438028498046465 -0.9956430543880826 -21.0831 -0.002623683315078132 -0.9996910557423652 0.024716580559957693 0.138386 -0.9959380534615702 0.004836814342728866 0.08991106102250117 4.24012
-0.08943751279285966 -0.025094615723546113 -0.9956762483694762 -21.8781 -0.0035262648329693735 -0.9996682971635346 0.025511979587780866 0.144163 -0.9959861930577928 0.005792746140401487 0.08931935585525702 4.16503
-0.08846446083749754 -0.021973340446021554 -0.9958369402057617 -22.6735 -0.004799091533117356 -0.999735646290745 0.022485690029062647 0.151017 -0.9960677727389776 0.006768297073087088 0.08833562285704916 4.09097
-0.08806977336833259 -0.01812928658908095 -0.9959493179809006 -23.4701 -0.005699206546747125 -0.9998088305946052 0.018703510627286805 0.160543 -0.9960980042463631 0.007323334815402435 0.08794961457330815 4.01891
-0.08892561804218886 -0.01573034214387338 -0.9959140478936179 -24.2773 -0.006480284403680727 -0.9998449851662523 0.016371058363592043 0.173303 -0.9960171887923732 0.00790961275495872 0.08880989616143269 3.94927
-0.08937975051777562 -0.016379160938082303 -0.9958629339845644 -25.0887 -0.0070592328005254935 -0.9998292405208452 0.017077969193612944 0.184047 -0.9959726037545653 0.008556452914286774 0.08924886376799097 3.87377
-0.09020813877502033 -0.022667977269919044 -0.9956649308403089 -25.9269 -0.005800340651538574 -0.9997120262251304 0.0232856322475928 0.203735 -0.9959060436341738 0.00787574931891933 0.09005067920672648 3.79444
-0.09016418674059369 -0.029111326603039285 -0.9955013561481565 -26.7675 -0.005782421163780379 -0.9995405507638574 0.029753167632535243 0.220807 -0.9959101279909208 0.00843907827290726 0.08995442692281318 3.71524
-0.09014498157696818 -0.033896615271830695 -0.995351647293358 -27.5929 -0.004641682656538996 -0.9993954812814144 0.034454706157586196 0.249323 -0.995917836509922 0.0077260253302145615 0.08993314991699572 3.63289
-0.09129203753858427 -0.03481250514230298 -0.9952154808722437 -28.4307 -0.0033903187902587194 -0.9993721080742038 0.0352689004906881 0.267647 -0.9958183918870721 0.006593867532698028 0.09111669051500439 3.55214
-0.09158764512956523 -0.0335316096460747 -0.9952323017337026 -29.2674 -0.003470740671611766 -0.999416079476461 0.03399197027372546 0.28506 -0.9957909706453512 0.0065674377380136525 0.09141778570248822 3.46843
-0.09271023997135615 -0.03280027489505978 -0.9951527286659382 -30.0986 -0.0033408136995799215 -0.9994413869245077 0.03325286553429108 0.305321 -0.9956875264701665 0.006407501012520871 0.09254887121135673 3.39013
-0.09302399309058926 -0.03371464735857564 -0.9950928897660605 -30.929 -0.0026782848191470206 -0.9994144468243246 0.03411143897957007 0.326299 -0.9956602651004556 0.005838324444247162 0.09287922516781769 3.30536
-0.09221635229715751 -0.034937471934129896 -0.9951258801899681 -31.7572 -0.0025383029497493236 -0.9993727672434829 0.03532179370075663 0.349367 -0.9957357588171383 0.005783177928734581 0.09206982929224307 3.22058
-0.0928577199164239 -0.034545191578640694 -0.9950799332670306 -32.587 -0.001365343163277303 -0.999392586487959 0.03482231914955777 0.364661 -0.9956784519562374 0.0045921467422305375 0.09275415084150339 3.14347
-0.09193245330424414 -0.03199456382092679 -0.9952511099794726 -33.405 -0.0006071132488088549 -0.9994816913263546 0.032186645008661294 0.380359 -0.9957650603646259 0.0035632273740392913 0.09186537959272147 3.06078
-0.09291427250660088 -0.03001731493149893 -0.9952215325086533 -34.2398 0.0009942405572852028 -0.9995477526495498 0.030054977274134437 0.400751 -0.9956736159255619 0.0018030467375249846 0.09290209670496642 2.97439
-0.09244705994824937 -0.030375571881261595 -0.9952541714254762 -35.0564 0.000571522411470465 -0.9995360313112107 0.030453168517705756 0.414393 -0.9957174370618694 0.0022464958314913543 0.09242152772715412 2.89257
-0.09166880120640393 -0.03288086051475724 -0.995246542268392 -35.8728 0.00038413352819313684 -0.9994557880681529 0.03298454393348726 0.427615 -0.9957894774131797 0.002641346035019162 0.0916315445919688 2.8105
-0.09217584045770601 -0.03700418224532051 -0.9950549255856532 -36.6962 0.003438803747144087 -0.9993151103819015 0.03684406046021481 0.453126 -0.9957368071256095 -2.5666367923293104e-05 0.09223996030210223 2.72598
-0.09186660943130168 -0.04029823023929029 -0.9949555661994047 -37.5238 0.0015102607712880398 -0.9991852692605453 0.04033009800551372 0.476025 -0.9957701768902298 0.0022023470009930046 0.09185262371695121 2.64645
-0.0924872779076389 -0.04222147039706723 -0.9948183004261353 -38.3558 0.00011767527839357667 -0.9991010356500528 0.04239229547359293 0.49636 -0.9957138592877794 0.0038036824921552637 0.09240910356525943 2.55924
-0.09253149831786998 -0.042951681783672035 -0.9947829285080259 -39.1792 -0.0007897789816422272 -0.9990656969643557 0.04321006130852599 0.519681 -0.9957094446012904 0.004783950363517073 0.09241112352259996 2.48221
-0.09169913762050215 -0.041317439817788695 -0.9949292122189194 -39.9891 -0.0008768746243844952 -0.9991350876719398 0.04157291995612111 0.548528 -0.9957863722960608 0.004684629087596096 0.09158359569138101 2.40111
-0.09174623477169938 -0.038462218005987175 -0.9950393390169441 -40.8177 -0.0011774066823564862 -0.9992488829607805 0.03873349474469537 0.565775 -0.9957817241337186 0.004725218269341334 0.09163203693897962 2.32721
-0.09143202897389295 -0.03698114896797711 -0.9951244036293782 -41.6359 0.0007411791579293309 -0.9993124451888286 0.037068686841868814 0.590737 -0.995811043688095 0.0026516997818329634 0.09139657409932807 2.24665
-0.09204751032298156 -0.036864233026732564 -0.9950719994888266 -42.4575 0.002760247367804995 -0.9993200797493121 0.036766278629972046 0.610705 -0.9957507905484229 0.0006375995443644762 0.09208667975886572 2.16222
-0.09315001058385909 -0.03580197846663975 -0.9950081878387241 -43.2762 0.0005914488559486501 -0.999355103813632 0.03590301755975204 0.62257 -0.9956519099145434 0.0027558700113266277 0.09311111353647815 2.08061
-0.0937558535966243 -0.03429029507505821 -0.9950045304319143 -44.088 -8.72504823231958e-05 -0.9994064113289246 0.034450215993429914 0.635616 -0.9955952150867952 0.0033167240322460514 0.09369720933929804 2.00765
-0.09508183758552356 -0.03330076534682288 -0.9949123092959881 -44.9092 -0.0008691666572310797 -0.9994371563314277 0.0335352813238743 0.649683 -0.9954690797361222 0.004053340778330311 0.09499937746034261 1.92887
-0.09630312090956256 -0.035549082349694505 -0.9947170309425556 -45.7254 -0.0023978936479650548 -0.9993508268488521 0.03594683550146065 0.668634 -0.9953491643685303 0.005847018095633131 0.09615536059033897 1.84579
-0.09878981529916982 -0.04135423477556205 -0.9942486608787985 -46.5575 -0.003508628677621882 -0.9991154271892452 0.04190528221185568 0.679933 -0.9951021364251807 0.007628264454015314 0.09855733186050201 1.768
-0.10058769337071327 -0.04459859940326176 -0.9939281064914234 -47.3736 -0.004771333712944959 -0.9989617010125769 0.04530733146697317 0.705874 -0.9949167554710086 0.009299722647791248 0.10027045846965632 1.68295
-0.1015439340332326 -0.044836897194212605 -0.9938201457562885 -48.1728 -0.004151437629694936 -0.9989560412785393 0.045492781391295534 0.732099 -0.994822393709883 0.008745298342827546 0.10125178877547635 1.59817
-0.10330190877999458 -0.04151615203588865 -0.993783238318368 -48.9775 -0.003497382180490609 -0.9991071917253416 0.042102111117910485 0.76119 -0.9946438980661838 0.0078248682311125 0.10306448213071494 1.50746
-0.10432883590696379 -0.03970849148067031 -0.9937498325547668 -49.7782 0.0011840513593458918 -0.9992068754269073 0.039802237650351596 0.794163 -0.9945421519577117 0.002975870280467287 0.10429310703683908 1.40738
-0.10560533658555206 -0.03802830073127528 -0.9936807139258281 -50.5672 0.0031958252854550513 -0.9992763202614909 0.03790280286995522 0.826528 -0.99440298651271 0.0008271083033842622 0.10565044394822652 1.31202
-0.10746066251315739 -0.03876048863937761 -0.9934534868491176 -51.3555 0.0029323307333464083 -0.999247757668823 0.03866937069955384 0.840435 -0.9942050127859463 0.0012423020027031162 0.10749348462595548 1.21951
-0.10798530225172091 -0.03977957474653909 -0.9933563106612796 -52.1293 0.0025154802133714113 -0.9992068714606042 0.03974041249417737 0.857926 -0.9941493081307758 0.0017926123104957392 0.10799972075984106 1.13168
-0.10972779252365639 -0.0401673170655782 -0.9931497360356285 -52.9104 0.0027698923774337886 -0.9991916056720396 0.0401056461205767 0.875917 -0.9939578156260469 0.0016497861330503558 0.1097503483439225 1.04039
-0.11082241504355304 -0.040423461644236484 -0.9930177924249955 -53.6823 0.002730263264018054 -0.9991810830724186 0.04036965311639097 0.89985 -0.9938364744697307 0.0017626624536546745 0.1108420273842501 0.948343
-0.1111728701197103 -0.04171557079553671 -0.992925175480282 -54.4492 0.002255951359612849 -0.999126647724075 0.041723524433050295 0.925639 -0.9937985226557792 0.002398533063113495 0.11116988533922337 0.862929
-0.11210263490605119 -0.04408175491923985 -0.9927183881294637 -55.2237 0.002488738609170194 -0.9990248712013254 0.044080754318751206 0.953055 -0.9936935168487593 0.0024709521272073126 0.11210302836377453 0.7769
-0.11163515771024304 -0.047156259006730455 -0.9926297793233382 -55.9949 0.0038694779982715623 -0.9988865325683782 0.04701831763837618 0.98387 -0.9937417263570197 0.0014079382133096105 0.11169332570461607 0.683339
-0.11331790349276707 -0.04831131964783459 -0.9923835292576596 -56.7484 0.0041129860749673786 -0.998831379734596 0.048155562534661675 1.00797 -0.9935502685287497 0.001375227751078966 0.11338418167928718 0.592591
-0.11395969867619782 -0.04874329489866823 -0.9922889086753169 -57.4964 0.004744130007806744 -0.9988110011927246 0.048518832702940065 1.03097 -0.9934740461170081 0.0008216439668875287 0.1140554452584025 0.504388
-0.11331434462158882 -0.0480699729162979 -0.9923956554755802 -58.2313 0.004090002193439867 -0.9988430303087746 0.047915265684771335 1.05661 -0.9935507693042354 0.00137058652078385 0.11337984965394679 0.421163
-0.11438662189527429 -0.04704253064784791 -0.9923218737091477 -58.9619 0.0033078525085109105 -0.9988906996054079 0.046972634092638535 1.07239 -0.9934308022419929 0.002090586536180661 0.11441534252348004 0.333038
-0.11353911300078433 -0.04588389330389164 -0.9924734445587312 -59.6748 0.0033850834586484878 -0.9989450849206799 0.04579583521232364 1.10072 -0.9935277605728859 0.0018400130688136646 0.11357465968662851 0.245084
-0.11373440374537923 -0.044526032614381414 -0.9925129308096222 -60.3676 0.0029855606872234847 -0.9990060273857825 0.04447520291421074 1.12453 -0.9935067044726301 0.0020951530971163347 0.11375429003529348 0.159326
-0.11187818069941743 -0.04444562986831656 -0.9927274845943358 -61.0526 0.0025165807506564337 -0.9990087414828802 0.04444323640462442 1.13856 -0.9937187426554427 0.0024739495549658125 0.11187913151649667 0.0768666
-0.10756051010576145 -0.04488277727578796 -0.9931849137848402 -61.7237 0.0009697201317944056 -0.9989847201284794 0.04503985560245535 1.15186 -0.994198066940715 0.003881398438198288 0.1074948298175758 -0.00106373
-0.10295950174717089 -0.046146989643294264 -0.9936145109381382 -62.3811 0.0007140784218799164 -0.9989264114670678 0.04631969954062409 1.16759 -0.9946852924880218 0.004059534503853629 0.10288191817627773 -0.068882
-0.09620957605147674 -0.047879018289624944 -0.9942088900646668 -63.0168 0.00015787594749002223 -0.9988431426071336 0.048086916535484844 1.18495 -0.9953610865164362 0.004469460182979782 0.09610583423753437 -0.131738
-0.08806722457090876 -0.04975664120197221 -0.9948710673311768 -63.6529 0.0010985115185718763 -0.9987559273898666 0.04985369370518684 1.20365 -0.9961139278359782 0.0032975991122667983 0.08801232079245547 -0.189865
-0.07689318523223643 -0.050584033365011744 -0.9957553382399553 -64.2642 0.0005084701152582825 -0.998714048817129 0.0506950703070692 1.21669 -0.9970392066127503 0.0033917935998787965 0.07682002481900763 -0.243733
-0.061819556239873515 -0.052806009348162 -0.9966894540643172 -64.8657 0.0020834492520618135 -0.9986040848939488 0.0527782234670031 1.24436 -0.9980851675611249 0.0011861744562508166 0.0618432800281497 -0.290561
-0.04397302852034088 -0.05354122492425627 -0.997596967716101 -65.4498 0.001782526498415319 -0.9985654743969162 0.05351463296841298 1.26277 -0.9990311283248543 0.000574957452082879 0.04400538673726842 -0.314919
-0.02199566121352198 -0.05492564363903826 -0.9982481477862192 -66.0128 0.0010565187253981714 -0.9984904357021128 0.05491569520262473 1.28116 -0.9997575079267785 0.00015323916625178263 0.022020487319654832 -0.325589
0.0031464924878029394 -0.05578961320973823 -0.9984375887570198 -66.5491 -0.00030104198799760576 -0.9984425388698482 0.05578894109814983 1.30394 -0.999995004466895 0.0001250321525431454 -0.003158386964127095 -0.320235
0.032193875070116 -0.056686698723420054 -0.997872823858737 -67.0638 -0.0012218952207132157 -0.9983918327695801 0.05667676094369144 1.32058 -0.9994808959555151 -0.0006053485268474428 -0.03221136714145618 -0.291927
0.06567825909330331 -0.057231546629388855 -0.9961982314544032 -67.5536 -0.0025194813317723774 -0.9983601539638981 0.0571896423402027 1.34257 -0.9978376714156926 -0.0012462133001791553 -0.06571475067379236 -0.249312
0.10233125420039431 -0.05767652914979361 -0.9930769015534534 -68.0192 -0.003876166891131627 -0.99833323271217 0.05758239134232209 1.36172 -0.9947428259324148 -0.002043146519768675 -0.10238425566605629 -0.183596
0.14238958979132912 -0.05800288848091126 -0.9881097457504038 -68.4725 -0.005455388355841428 -0.9983123704331466 0.057815653399736724 1.37872 -0.9897956574247755 -0.0028418247698459922 -0.14246571719200904 -0.0991912
0.18674311123965026 -0.05876986310592955 -0.980649332633764 -68.9195 -0.006825707415076963 -0.9982625719899898 0.058525610481352366 1.39905 -0.9823850671314278 -0.004235629167139075 -0.18681980441789114 0.00279575
0.23419749919388583 -0.05917231978519631 -0.9703866074624938 -69.3533 -0.009226892950498944 -0.9982363361989807 0.05864368285259107 1.41926 -0.9721452544850535 -0.004780550519941928 -0.23433043020255911 0.135032
0.28380340415517047 -0.05808057499760552 -0.9571218702954626 -69.7762 -0.014279305108105194 -0.9983091932415609 0.05634586173813673 1.4382 -0.9587761622170038 -0.0023241121597505805 -0.2841528976926019 0.289247
0.33438327041208626 -0.05709492618404862 -0.9407061166339654 -70.1821 -0.017802956234572002 -0.9983677748295362 0.05426638859580116 1.45664 -0.9422690078835383 -0.0013984226680884664 -0.33485394009360847 0.47015
0.3864428954827298 -0.055852670298687734 -0.9206206426924338 -70.5658 -0.02127190494414549 -0.9984389511073049 0.051644621905788696 1.47984 -0.922067998897571 -0.00037434242441222385 -0.38702773192211715 0.669298
0.4370956783726239 -0.056603629944188966 -0.8976321056118244 -70.9502 -0.02190927051843836 -0.9983916370205976 0.05228884195200349 1.5053 -0.8991481256240965 -0.0031887622164449916 -0.43763281410584537 0.889791
0.4855319480553876 -0.05668944449692022 -0.872378951087296 -71.3103 -0.02360699409578451 -0.9983815990274912 0.05173869493011249 1.52736 -0.873900130019044 -0.004526544591656436 -0.4860844300600028 1.1223
0.5310049349147623 -0.05770913411032334 -0.8454013336495309 -71.6531 -0.02856530022971966 -0.9983302822786584 0.05020628554474091 1.54941 -0.8468871133267731 -0.0025106424776928683 -0.5317667853066739 1.38353
0.574837379195342 -0.057751189645397355 -0.8162271666480919 -71.9816 -0.03473213257591444 -0.9983293734984905 0.04617511209342977 1.57025 -0.8175302235676426 0.0018061297442462307 -0.5758828626107807 1.67015
0.6180179064079518 -0.05497821426896382 -0.7842392895761653 -72.2903 -0.034343226800322174 -0.9984874743168026 0.04293374436727586 1.59329 -0.7854135281061018 0.0003994849795197625 -0.6189712677335495 1.95143
0.6606830148781943 -0.049720194158261705 -0.7490165927029417 -72.605 -0.030016842523157904 -0.9987558578431465 0.03982117011013632 1.61694 -0.7500646258932624 -0.0038260576139457873 -0.6613534745253365 2.25062
0.7022337885712995 -0.03981984118932787 -0.7108319677929913 -72.8934 -0.021061632438618135 -0.9991595729598117 0.03516468970127798 1.63747 -0.7116348177456047 -0.009722551641586967 -0.702482283165744 2.55762
0.7426302025028929 -0.03332674530427992 -0.6688719685993249 -73.1847 -0.014898665400714509 -0.9993359920928545 0.03325063423557177 1.65194 -0.6695359677416816 -0.014727625579633724 -0.7426336142035291 2.91193
0.7809604137045929 -0.03150448405387274 -0.6237854596821332 -73.4599 -0.013687454303925891 -0.9993504634547514 0.03333623835185314 1.66816 -0.624430529219247 -0.01749624751976555 -0.7808843675613555 3.2805
0.8165807109508546 -0.02922198062524201 -0.5764911259953054 -73.7191 -0.012489210241154566 -0.9993783944958937 0.032967320824748576 1.68206 -0.5770961463487252 -0.01972055940250281 -0.816438079346072 3.68529
0.8488899755769019 -0.027027338467106997 -0.5278781415634017 -73.9695 -0.010275253680549679 -0.9993469377421345 0.034642707561890716 1.70963 -0.5284697044550868 -0.023983765359150103 -0.8486133103318321 4.12578
0.876237745195511 -0.02746929656690698 -0.4810954704014643 -74.1964 -0.011494402099008042 -0.9992813120585415 0.03612115849396231 1.71901 -0.48174193570320734 -0.02612081768779336 -0.8759237468343051 4.57719
0.899244132029433 -0.026468107902678336 -0.43664565756993795 -74.4287 -0.010040377347318784 -0.9991537077686113 0.03988808186613739 1.73976 -0.4373318897969308 -0.03148503638696337 -0.8987488584973872 5.06475
0.9178908221260897 -0.023953098098445764 -0.3961094391051261 -74.6397 -0.0073129963040376115 -0.9990281418671185 0.043465984891522695 1.7569 -0.39676562192527276 -0.03700028174242976 -0.9171739313833733 5.56212
0.9327515051200089 -0.02375317473373942 -0.35973659306001365 -74.8461 -0.007388486572196573 -0.9988770578270064 0.04679779495911494 1.77706 -0.3604442258693152 -0.04099280469706038 -0.931879579130554 6.09313
0.9440975600534631 -0.023735469084512285 -0.3288106211916451 -75.0325 -0.008421830850805213 -0.9988157120595553 0.04791916222226606 1.78984 -0.32955859853176 -0.04247117670022326 -0.943179372804283 6.65098
0.9521014692720382 -0.023495206199344417 -0.3048782830830621 -75.2027 -0.009191474562341182 -0.9987921691817612 0.048267168723280934 1.79094 -0.3056440887787547 -0.04315296127546894 -0.9511674473654794 7.20817
0.958873771651599 -0.02376568718825315 -0.28283614010785024 -75.3733 -0.010412120681025198 -0.9987629244112229 0.04862312787620348 1.80146 -0.2836418124705192 -0.04367851799239494 -0.9579350235190417 7.80655
0.9638737292693562 -0.024477886245702237 -0.2652324774783929 -75.539 -0.011255904460106398 -0.9986220888230755 0.05125649548518043 1.81657 -0.26612166134903165 -0.046419358026364675 -0.9628211176336192 8.40989
0.9679242284918144 -0.025526029648386333 -0.24994221273909592 -75.7033 -0.01234713804075795 -0.9984562202784513 0.05415463386886989 1.82544 -0.25093870980924454 -0.04933151120388047 -0.9667451401075742 9.02273
0.9714793664582575 -0.025518324142492745 -0.23574701626705943 -75.8671 -0.012625983603679187 -0.9983489152260354 0.05603595278959733 1.84111 -0.23678772156491165 -0.05146123395291867 -0.9701975656102939 9.661
0.9743869061976554 -0.025840487377919608 -0.2233885096477273 -76.0173 -0.01338963401354862 -0.9982802390221249 0.05707260357572719 1.83781 -0.22447911869825307 -0.05261970723978293 -0.9730571882877465 10.2969
0.977448692307441 -0.0250845235495556 -0.20967789722516142 -76.159 -0.013199547970751402 -0.9982356671128927 0.05789062823157118 1.84984 -0.21076011444256096 -0.05381746539897567 -0.9760552518060588 10.966
0.9805605733652035 -0.025226839832008845 -0.19458820240136285 -76.2998 -0.014093460341240061 -0.9981944228565135 0.05838894205037422 1.86102 -0.19570982687978003 -0.05451147338168577 -0.9791456290728385 11.6575
0.9831797170222081 -0.024617545471195608 -0.18097408789963348 -76.4361 -0.014151726952030687 -0.9981638084013917 0.05889601193548296 1.87619 -0.18209166005176025 -0.05534426847111632 -0.9817227914676274 12.3539
0.9855854331982947 -0.02234947993953145 -0.1676957203203514 -76.5603 -0.012417173691054523 -0.9981184524994615 0.06004472147995811 1.88061 -0.16872216115512279 -0.05709689594463119 -0.9840085247642076 13.0669
0.9874038947891229 -0.0179906093134167 -0.15719378655596736 -76.6783 -0.008457065257289625 -0.9980953289583262 0.06110803841398502 1.89173 -0.15799375494779835 -0.05900891702194786 -0.9856753629412639 13.7771
0.9890329541047927 -0.012689164939199297 -0.14714890685252602 -76.7868 -0.0039009437817815393 -0.9981992336868252 0.05985877132590569 1.8979 -0.14764348388045767 -0.05862827782036143 -0.9873014365974863 14.5065
0.9902903951266215 -0.012580905436596342 -0.13844368580168553 -76.8943 -0.004340336905855328 -0.9982090479460555 0.059664546207722345 1.90982 -0.13894637381200015 -0.05848433480022822 -0.9885714378776433 15.2632
0.9911519384526536 -0.017146721898487975 -0.13162000163228618 -76.9987 -0.009360055213470905 -0.9981812907123627 0.05955249984847578 1.91578 -0.13240175326614026 -0.0577936051820428 -0.9895098154804299 16.0218
0.9916864557344932 -0.024444143939997283 -0.1263347036241397 -77.1077 -0.01646328600587836 -0.9978246724119967 0.06383481291411158 1.92893 -0.12762027161327924 -0.0612242350130377 -0.9899316437615381 16.7966
0.9922653338899915 -0.026541884841726118 -0.12126432084183915 -77.2073 -0.018869646098655418 -0.9977724637378652 0.06398474085734875 1.9332 -0.12269247579332425 -0.06120162543200242 -0.9905558628508467 17.5656
0.9926807522021687 -0.026085921132249324 -0.1179171273650214 -77.2977 -0.018677015078673215 -0.9978067010237043 0.06350556274802022 1.94558 -0.11931510095158794 -0.0608384098318964 -0.9909907136669033 18.3175
0.9931702136869593 -0.025987220244234173 -0.11374353181160535 -77.3906 -0.018759159046162863 -0.9977631415089736 0.06416235187417339 1.95164 -0.11515650479621539 -0.06159040371780446 -0.9914361308591682 19.0859
0.9934873405017318 -0.027708845658760334 -0.11052205270920014 -77.4769 -0.02078701999042174 -0.9977782677285555 0.0632963525688573 1.95796 -0.11203037116208274 -0.0605867008580454 -0.9918560619446878 19.8584
0.9937985218304376 -0.029386638878886564 -0.10724235852982206 -77.5592 -0.022705139372737815 -0.9977551784209872 0.06300063952189994 1.96806 -0.10885299561197909 -0.060174989734155686 -0.992234849194883 20.6274
0.9941323424652228 -0.03007240749289059 -0.10390638080594905 -77.6483 -0.023749194663036762 -0.9978204732706993 0.061565240799454884 1.97885 -0.10553132908035673 -0.05873630418590546 -0.9926797999118923 21.3946
0.9944997407803092 -0.027408744599140958 -0.10108919975643668 -77.7276 -0.02129144612805292 -0.9979042847552965 0.06110411433607674 1.99554 -0.10255213264322646 -0.05861569061709654 -0.9929991243217723 22.1537
0.9948130330136636 -0.022103734550170617 -0.0992897490433477 -77.8124 -0.01586499961274434 -0.9978754401938702 0.06318945833900787 2.0069 -0.100475525046864 -0.06128646487459676 -0.9930501689691874 22.9054
0.9950806480117859 -0.018452513675350453 -0.09733451952676253 -77.8913 -0.012305598686632236 -0.9979136687306894 0.06337887661847473 2.01514 -0.09830094706262127 -0.06186933408011834 -0.9932316493684014 23.6638
0.9952459725506684 -0.016042780445454922 -0.09606291332898942 -77.9678 -0.009948538633246257 -0.997926760854849 0.06358621351213951 2.02302 -0.0968838515994116 -0.062328237303228104 -0.9933421918623688 24.4149
0.9954320378350742 -0.01835613740761506 -0.09369156990350848 -78.0467 -0.012283160908631515 -0.9978103995333324 0.06498869548793776 2.03 -0.09467936422264318 -0.06354100095689388 -0.9934779107699335 25.178
0.9955857486815753 -0.020108821657548334 -0.09167689083783524 -78.128 -0.013984359519047529 -0.9976573616754107 0.06696436652206107 2.04501 -0.09280869954368216 -0.06538672637778882 -0.9935346603428625 25.9328
0.9957643699109293 -0.02262218022126947 -0.08911541156234286 -78.2056 -0.01643529095722863 -0.9974425453567874 0.06955752959474375 2.05891 -0.09046104590949956 -0.06779827191167055 -0.9935895498135787 26.6925
0.9959687936937826 -0.024042948532663835 -0.08641816136673537 -78.2703 -0.018178676390320555 -0.9975185419618339 0.06801686678341654 2.06373 -0.0878390443529951 -0.0661717089713777 -0.9939344079057529 27.4509
0.9960620729433187 -0.02445452682928068 -0.08521926402765456 -78.3376 -0.018802318154588434 -0.9976087122868442 0.06650811981554282 2.07918 -0.08664190484905523 -0.06464389597588434 -0.9941400037405128 28.2026
0.9962030327167383 -0.024766822554685732 -0.08346329796094797 -78.4 -0.01935899317849304 -0.9976980810524388 0.064990525827973 2.09545 -0.08488078103486284 -0.06312799351180169 -0.9943893148289987 28.9507
0.99626811122814 -0.024066328916272965 -0.08288945869294186 -78.4713 -0.018702198482383088 -0.9977169301779327 0.06489341267222828 2.11308 -0.08426196248510177 -0.0631010225655364 -0.9944436548288411 29.7037
0.9963417021376726 -0.02422719460086073 -0.08195276458532458 -78.5352 -0.01895583263368545 -0.9977376971057645 0.06449933475044174 2.12847 -0.08333000054343762 -0.06270989408265541 -0.9945469220673167 30.4575
0.99640824421454 -0.02444326628935064 -0.0810748888029226 -78.6008 -0.019299834824916276 -0.9977870276067923 0.06362832635967879 2.14412 -0.08245075643697466 -0.06183505698801239 -0.9946749712796942 31.2069
0.9964225796294568 -0.024542914914837344 -0.08086833825461046 -78.6694 -0.019283158460932932 -0.997686413547108 0.06519187083739725 2.16063 -0.08228124090185798 -0.06339925512963374 -0.9945905347652662 31.9725
0.9964027291522388 -0.025273669627234124 -0.08088784186479236 -78.7406 -0.020029421731289278 -0.9976841812550532 0.06500074413839078 2.17741 -0.08234332761724164 -0.06314678215877521 -0.9946014580222129 32.7393
0.9963125768989097 -0.02495713887634943 -0.082087699030736 -78.8105 -0.01969601364260685 -0.9977369834867463 0.06428824798793556 2.19168 -0.08350638394544656 -0.06243438957717665 -0.9945494612328142 33.5059
0.9960663511223845 -0.02616798427740784 -0.08465849491100351 -78.8845 -0.020809111123219103 -0.9977601275683935 0.06357443455481919 2.20389 -0.08613248548602663 -0.06156268702356003 -0.9943798220551535 34.2921
0.9958322488587468 -0.026397357473856183 -0.08730012400523099 -78.9585 -0.020891447163773485 -0.9977700248382635 0.0633918367745751 2.21709 -0.0887788238733456 -0.06130380944646557 -0.9941630466774638 35.063
0.9955194375517593 -0.026778208324337437 -0.09068614566496243 -79.0454 -0.02078857705979765 -0.9975791499403714 0.06636018887913396 2.23199 -0.09224361506606978 -0.06417762198137185 -0.9936661151092749 35.8494
0.9952852814351574 -0.024566163446329132 -0.0938280990538936 -79.1276 -0.018366990176017176 -0.9976259661677795 0.06637081662657049 2.24534 -0.09523582430164142 -0.06433455713170022 -0.9933736469870007 36.6359
