1.0 0.0 0.0 0.0 0.0 -1.0 0.0 0.0 0.0 0.0 -1.0 0.0
0.9999456479467619 -0.000895358384716061 0.010387467722843373 0.0237815 -0.0008627358741143299 -0.999994683510846 -0.003144620303648845 -0.0143701 0.01039022806013951 0.003135487746032986 -0.9999411042043689 0.281357
0.99985686502181 -0.0008286632666867634 0.01689860307684959 0.0370936 -0.000745187874104352 -0.9999874933866881 -0.004945479273133919 -0.0136197 0.0169024898695652 0.004932178767963848 -0.9998449777084497 0.570882
0.9998233186318108 -0.0004003140007704508 0.018792851533825372 0.0472152 -0.0002885561172654242 -0.9999822619312402 -0.005949164499922776 -0.013242 0.018794899718774884 0.005942690601128404 -0.9998056992100914 0.85302
0.9998622948810449 0.00015312731354548008 0.0165942106541931 0.0504413 0.00026787550529384723 -0.9999760693879163 -0.006912951193698311 -0.0120177 0.01659275498293014 0.006916444427495798 -0.9998384085833856 1.1399
0.999950684520842 0.0007761009786703805 0.009900817823304304 0.046727 0.0008590962940471544 -0.999964508293867 -0.008381175702873476 -0.0168626 0.009893961787722233 0.00838926813707782 -0.999915861310474 1.44608
0.9999948673739578 0.0015573330030707695 -0.0027999892246744927 0.0405418 0.001531747981547424 -0.9999572699044648 -0.009116584521103616 -0.0216807 -0.0028140671388174237 0.009112248851241237 -0.9999545229394242 1.75154
0.999811455373713 0.0015548649241817238 -0.019355518555854743 0.0215871 0.0013884920821860152 -0.9999620028328065 -0.008606101343824394 -0.026592 -0.019368164426093525 0.008577603725401322 -0.9997756242883171 2.07476
0.9992227373151705 0.0010570988997026223 -0.03940563125105052 -0.00827885 0.0008265076448026847 -0.9999824441278318 -0.005867565188456476 -0.0321304 -0.03941114204753022 0.005830435493507416 -0.9992060687888487 2.40087
0.9982489247767197 0.002307930113952356 -0.059108016721194784 -0.0449334 0.0021390333869923976 -0.9999934474753338 -0.002920538061206684 -0.0323564 -0.05911436981219763 0.002788989958163516 -0.9982473204655853 2.74799
0.9968217232726824 0.0021925721122500906 -0.07963444379922936 -0.0853577 0.001967954481114193 -0.999993861508353 -0.002898982713561454 -0.0371465 -0.07964031119251293 0.002733051983744315 -0.9968199191729739 3.09408
0.9948635408401931 0.001698286381544868 -0.10121092297909255 -0.134924 0.0013688705598371353 -0.9999935382302412 -0.0033241075725326057 -0.0398692 -0.10121591426403238 0.0031684887769434637 -0.9948594369952806 3.47356
0.9926127529477127 0.0011049101358583204 -0.12132065718233864 -0.189673 0.0006130278185927419 -0.9999914412693245 -0.0040916482000019905 -0.0427626 -0.121324139735077 0.003987049246074802 -0.9926049347831456 3.853
0.9902189949216389 0.0007176219633977917 -0.13951998822784195 -0.255063 0.0001592559768659928 -0.9999919345065462 -0.004013173231929086 -0.0429938 -0.13952174287154434 0.003951700972149687 -0.9902111226024042 4.23746
0.9877537643020055 0.00042605385470228434 -0.15602025376639686 -0.32313 -0.00012108186079834532 -0.9999938770820415 -0.0034973043347226213 -0.0460847 -0.15602078850717607 0.0034733667441802555 -0.98774766477935 4.65002
0.9854952724194076 0.0002297319654422215 -0.16970272614846904 -0.412085 -0.0003162299859373645 -0.9999948615179414 -0.0031901310803547816 -0.0473432 -0.16970258700913848 0.003197524188791316 -0.9854901358214948 5.06162
0.9831994782956706 0.00045940962311789764 -0.18253376351217712 -0.503023 -0.00023456076921628846 -0.9999928272557848 -0.0037802669519068684 -0.0516047 -0.1825341909351965 0.0037595717549105583 -0.9831923182978255 5.4871
0.9811964090548303 0.0018091940731630603 -0.1930034550849064 -0.59147 0.0007066501470283177 -0.9999830387658754 -0.005781247800904342 -0.0577552 -0.19301064090737474 0.005536153662190753 -0.9811810452200719 5.92894
0.9795012189901169 0.003111364548106015 -0.20141420358932888 -0.69015 0.002050079729923602 -0.9999828966804725 -0.0054775468626152846 -0.0611961 -0.20142780138296645 0.004952348652909973 -0.9794908448131834 6.37821
0.9776074500554609 0.004399515647231998 -0.2103908692365939 -0.796911 0.003277385166129126 -0.9999784870139269 -0.005681923601255501 -0.0591568 -0.2104113408125442 0.004865158929308306 -0.9776008377073232 6.84745
0.9759080514138979 0.00654533614055287 -0.21808400620021492 -0.910143 0.005412656076659458 -0.9999685845338667 -0.005790777109355237 -0.0596957 -0.21811505757219976 0.004470852283581243 -0.9759128204609947 7.31835
0.9739426494355572 0.008072423988783783 -0.2266507259670531 -1.02278 0.006181738232460629 -0.9999399363468933 -0.009050403913411638 -0.0632728 -0.22671017119413112 0.007413478907764578 -0.973934052494116 7.81386
0.9720086798138613 0.008690948911622611 -0.23478414293458968 -1.14326 0.005802034390294792 -0.9998987600876205 -0.012992535248094185 -0.0719279 -0.23487329086860456 0.01126663136233271 -0.9719606989247543 8.32359
0.9698093570020538 0.009871697650256766 -0.24366444274199134 -1.27158 0.006613891498602842 -0.9998775197433589 -0.014184567357303944 -0.0839698 -0.24377462441876097 0.012144755961776202 -0.9697558648402809 8.83431
0.9673096862718145 0.014356020847237227 -0.2531913811924832 -1.42138 0.011891027235715631 -0.999865860937647 -0.01126337439213209 -0.0735537 -0.25331911557559783 0.007884465540007005 -0.9673506400923841 9.35967
0.9650199806904473 0.01736639581789209 -0.2616005450386229 -1.57546 0.015619638833676662 -0.9998396743985684 -0.008755134566074102 -0.0795517 -0.26171064890621815 0.004362773757698842 -0.9651365201121679 9.891
0.9624120562412826 0.018641673927654197 -0.27095298853233235 -1.73277 0.01650484463662707 -0.9998121335541512 -0.010163055712600053 -0.0886608 -0.27109154192808743 0.005309010366502186 -0.9625389292407767 10.4475
0.9598671851567757 0.019475295543356905 -0.27977794717008503 -1.89929 0.017142306424222757 -0.9997949085296611 -0.010783422862170492 -0.102411 -0.27993057744674127 0.0055546144479372075 -0.9600041760683484 11.0023
0.9574146704180044 0.021436623349576474 -0.28791946799018586 -2.07628 0.01928365565299319 -0.9997608724445202 -0.010312058651322538 -0.109762 -0.28807167422889746 0.004320776358471362 -0.9575991026513233 11.5713
0.9546437280123168 0.024616714283610265 -0.29673114084070235 -2.26449 0.022786939156463876 -0.9996940191316726 -0.009624111192343583 -0.120606 -0.2968772607840237 0.0024260029352987443 -0.954912564866089 12.1572
0.9521942191080179 0.029282225022376162 -0.30408669881303685 -2.45779 0.027314240704913586 -0.9995693668285273 -0.010724418526469114 -0.135889 -0.30426978383005054 0.001905832037656971 -0.9525839944342223 12.7424
0.9500292798389092 0.03550063571271434 -0.3101355708601592 -2.66338 0.03347751209967081 -0.9993692744217788 -0.011845232176011983 -0.158381 -0.3103604736953146 0.0008707500676920455 -0.9506185450336742 13.3525
0.9482614270050399 0.042980594548907514 -0.3145678536446276 -2.8803 0.04110923665022233 -0.9990754081773382 -0.012584094616669803 -0.178701 -0.3148178786479596 -0.0009986328192597487 -0.9491515716765636 13.9722
0.946449731527988 0.050952198813989324 -0.3188052369811684 -3.09681 0.04955341017498986 -0.9986932219818011 -0.012502316090937774 -0.204264 -0.3190256498004956 -0.003965072966316587 -0.9477377870306444 14.5892
0.9445239786847687 0.05990270168468993 -0.32293361550072414 -3.31728 0.05909393169630815 -0.9981764269036221 -0.01231779243980723 -0.237043 -0.32308259149351665 -0.007448966692981742 -0.9463414563301348 15.2335
0.9426001851656253 0.0652283432951517 -0.32749069323676855 -3.55014 0.06497384742856821 -0.9978180158052711 -0.011730579046301063 -0.286604 -0.32754127995728805 -0.010221084355498447 -0.9447815828849225 15.8713
0.9402032743990697 0.07124793563207067 -0.3330788712563976 -3.79165 0.07212118173891748 -0.9973481350392989 -0.009758723185665459 -0.330094 -0.3328908799499464 -0.014846858314159366 -0.9428484675939975 16.5367
0.9378590237547483 0.07656160504306134 -0.33846531904320803 -4.04019 0.078375050151378 -0.9968891606083937 -0.008327843373956222 -0.382129 -0.33805000085129316 -0.018716893297832556 -0.9409420145947985 17.1942
0.9356380257027392 0.0815702426039674 -0.34340614493717303 -4.30539 0.08425697006191936 -0.9964186412691773 -0.00711718534757283 -0.435913 -0.34275683487724296 -0.022275252025887017 -0.9391600317795248 17.8704
0.9333615090425067 0.08430944538540518 -0.3488957019751032 -4.57155 0.08824609374930388 -0.9960879598484147 -0.004626357423737992 -0.496997 -0.3479208536088111 -0.02647061887883405 -0.9371501405646205 18.571
0.9313629138025941 0.08558467069711533 -0.35389036004786606 -4.84326 0.08988489903799303 -0.9959428742546137 -0.004300714636975745 -0.558195 -0.3528226576030396 -0.02780387316769424 -0.9352770268315176 19.2626
0.9288668896602013 0.08440224016636164 -0.3606696038591048 -5.12583 0.08919604307730533 -0.9960084008372914 -0.0033662086823463243 -0.625392 -0.35951407092398385 -0.02904354173377317 -0.9326875712108655 19.9709
0.9263769019018664 0.08288265542597849 -0.3673639898686838 -5.41449 0.08775341300895541 -0.9961362322635601 -0.003456194010566802 -0.692289 -0.3662310392743624 -0.029035705627683657 -0.9300708326093896 20.6898
0.9237601399422857 0.08117230108605682 -0.3742703052476965 -5.7014 0.08625132463489378 -0.996268304245798 -0.0031898203599350222 -0.757828 -0.37313256739734674 -0.02933468069703552 -0.9273141666424967 21.4009
0.9209896819962109 0.0787542977349325 -0.38154392439769746 -6.00115 0.08394329477592058 -0.9964658544808169 -0.0030535415468246375 -0.821222 -0.3804359721670405 -0.029215773857505237 -0.9243456656680042 22.1084
0.9171397383626243 0.07329058879522578 -0.39176930700373463 -6.33795 0.07913841320810201 -0.9968628854499866 -0.0012244048475719901 -0.889348 -0.39063001916268675 -0.02988105095836122 -0.9200626668453529 22.9069
0.9140901346049521 0.06918014844111396 -0.3995664311219927 -6.67144 0.07596342394215912 -0.9971099482628227 0.0011442457318646404 -0.953075 -0.3983325043740273 -0.03139837793543674 -0.9167035277679143 23.6236
0.9105353646421765 0.06545667894716414 -0.40821657599507943 -7.01902 0.07320570653822264 -0.997311168761031 0.0033700437305942948 -1.01685 -0.40689835864276747 -0.0329523268634306 -0.9128788911395134 24.3684
0.9068440188433466 0.06350235128743573 -0.41665498541241014 -7.36792 0.07173295205827315 -0.9974154064419214 0.004109815239463008 -1.07827 -0.41531711869010896 -0.033614853461887174 -0.9090554067545511 25.1066
0.9026045627932782 0.062293936583639076 -0.4259395129471657 -7.73965 0.07129133212892383 -0.9974420007367513 0.005196261112546599 -1.13703 -0.42452626442664143 -0.03505596427399828 -0.9047367187092505 25.872
0.8986681432765438 0.06118987952263511 -0.4343401511533273 -8.10733 0.07023110705520126 -0.9975192921430254 0.0047805234314727794 -1.18988 -0.4329701604749347 -0.03480029377007328 -0.9007362431321537 26.6221
0.8943920655786731 0.059705381948605425 -0.4432810625283755 -8.50649 0.0691452494837901 -0.9975933288342441 0.0051463326006272025 -1.24303 -0.4419069670233078 -0.03525361870479391 -0.8963679015139253 27.3996
0.8904425896288792 0.05699864403727078 -0.4515120697754691 -8.90663 0.06659420889979856 -0.9977656624087639 0.005375338036879724 -1.29581 -0.4501968524057288 -0.03485451901709781 -0.892248819886057 28.1737
0.8868781960560472 0.05298718359815889 -0.45895470771603053 -9.31222 0.06261287589459624 -0.9980212160246638 0.005768893902624944 -1.34622 -0.45774085805462017 -0.033852780373063246 -0.888440935644252 28.9439
0.8831730436987107 0.04825860536592449 -0.4665581227372339 -9.7511 0.05856975087845593 -0.9982542738243437 0.007615055710144859 -1.39179 -0.46537614804155086 -0.03405160494850372 -0.8844577598927154 29.7596
0.8796232884516221 0.04407403362605272 -0.4736246931627236 -10.1829 0.054426079241614245 -0.998484417714759 0.00816513803949547 -1.44375 -0.4725470053993994 -0.03295978065382206 -0.8806889238245884 30.5472
0.8757349976680093 0.04163950250053066 -0.4809931035793758 -10.629 0.051748260663450514 -0.9986299662490172 0.007765824347382051 -1.48688 -0.4800107617311506 -0.03169136066809238 -0.876689982993581 31.3554
0.8723002069278702 0.0395952087982322 -0.4873649232698426 -11.0836 0.04979957486297614 -0.9987272495349473 0.007992707915741585 -1.53071 -0.4864281563983134 -0.03124260675078056 -0.8731618109985997 32.1609
0.8691420425304385 0.03807824354582831 -0.4930944709429234 -11.5421 0.0482294450971327 -0.998805200837691 0.007879809972445948 -1.57044 -0.4922052727588761 -0.03063034684824482 -0.8699400849025846 32.9635
0.8659621499315846 0.036622837924175956 -0.49876680185057204 -12.0275 0.04650332321336902 -0.9988907693354541 0.007394042638366127 -1.61631 -0.49794276359435247 -0.029597274854360867 -0.866704681829523 33.8034
0.863360205121638 0.03617162691959396 -0.5032899458744553 -12.5201 0.04574204715181677 -0.9989309907356223 0.006673894688142121 -1.65464 -0.5025105186308874 -0.028783487522139245 -0.8640918293279822 34.6392
0.8614363237290388 0.03593561902355234 -0.5065926286925153 -13.0144 0.04533903564851195 -0.998952197870107 0.006235239926854061 -1.69274 -0.5058377526506515 -0.028339683411721016 -0.8621629952262284 35.4734
0.8598805027578496 0.036057586801472266 -0.509220356438116 -13.5283 0.04535439340917491 -0.9989538246280583 0.005851090450528366 -1.73096 -0.5084766464405158 -0.028126618976136573 -0.860616286930231 36.3376
0.8595438232531081 0.03480889145973988 -0.5098752366832241 -14.0418 0.04426582972687802 -0.9989991469077049 0.0064218997398830125 -1.76737 -0.5091413872648941 -0.02808995466393842 -0.8602243906219802 37.193
0.8591705141347482 0.033499686766613766 -0.5105916162922878 -14.5803 0.04279896823633703 -0.9990627571024849 0.006469597258402076 -1.80569 -0.5098963384447245 -0.027411281570179677 -0.8597990147024727 38.0886
0.8590525311695079 0.032430263538303694 -0.5108591065040322 -15.1149 0.041467958924893286 -0.9991199346742057 0.0063059114499314 -1.84524 -0.5102050147478612 -0.02660139363731124 -0.8596413256601196 38.9821
0.8587036107910304 0.032669948887136466 -0.5114301352620497 -15.6478 0.0408112055367906 -0.9991558339572582 0.0046973366719546324 -1.88422 -0.5108449415596482 -0.024905700329196694 -0.8593120223609303 39.8682
0.857148795368991 0.03201373483866141 -0.5140730136655376 -16.1974 0.0394185759780405 -0.999216658353309 0.003499362386317954 -1.92061 -0.5135582912049532 -0.02326350040142723 -0.8577392908592457 40.7862
0.8559448307793573 0.03061027452593159 -0.5161603023824526 -16.7478 0.037833913387633596 -0.9992779861547858 0.003478704387170014 -1.95838 -0.5156811434014965 -0.022505943212480117 -0.8564849332359805 41.6846
0.8538180025283548 0.026959829128216803 -0.5198730481298955 -17.3081 0.034289717393263454 -0.999401855223542 0.004488547296541866 -1.9965 -0.5194410783135864 -0.02165870238773598 -0.8542317406718736 42.6122
0.8509511164199017 0.023177493486773452 -0.5247332667740764 -17.8657 0.03027725396988676 -0.999529277660177 0.0049508577204700685 -2.03353 -0.5243715146303872 -0.02010042028903714 -0.8512523055759897 43.5273
0.8470508566402861 0.02230898118852999 -0.5310434592604335 -18.4252 0.028827913372697814 -0.9995764235897533 0.003990590694940602 -2.06326 -0.5307294957655303 -0.018689108107347745 -0.84733518725627 44.4105
0.8416695368999629 0.023656504862496538 -0.5394745225052732 -19.0014 0.028809480302065104 -0.9995842991604247 0.0011147720337397037 -2.09745 -0.5392238908833017 -0.016480250290968376 -0.8420011857776806 45.3145
0.835663706312769 0.025664356498198912 -0.5486415138841935 -19.5683 0.02987775801914614 -0.9995527800858564 -0.0012487587376374372 -2.13641 -0.5484281990628815 -0.015348636036105385 -0.8360567742949492 46.1829
0.8289277185283492 0.025405250377095533 -0.5587784987887986 -20.1687 0.029601058888956075 -0.9995606161440871 -0.0015336121759091563 -2.16913 -0.5585719423387098 -0.015269181606446022 -0.82931552338361 47.0852
0.8228012906389841 0.020784388052345552 -0.5679489812792267 -20.7728 0.026189822903655367 -0.9996560641503751 0.0013588905975566619 -2.19807 -0.5677253995543066 -0.01599258017552123 -0.8230626392202676 47.9694
0.8178924782388859 0.017994560353227718 -0.5750896363506713 -21.3899 0.025048750824270702 -0.9996767907436757 0.0043444367378054575 -2.22522 -0.5748255858279073 -0.017958559132604184 -0.8180788690777214 48.8206
0.8131042282768768 0.018465404237063797 -0.581825182339701 -22.0165 0.026436244147673475 -0.9996368759975482 0.005219304668889004 -2.25138 -0.5815175310802153 -0.01962511126653587 -0.813297126549791 49.696
0.8095509694002256 0.02182094978366475 -0.5866439074035408 -22.6492 0.02965953667363059 -0.9995530261056889 0.003749651619280642 -2.28204 -0.5862998719319841 -0.020435120589299027 -0.8098363205111514 50.5508
0.8066542345211231 0.026870714920965717 -0.590412491914574 -23.2761 0.034873670776973946 -0.9993893892110449 0.0021623641953670905 -2.32179 -0.5899938754052282 -0.022334131100411374 -0.8070987632082641 51.3995
0.8029806923561296 0.02829133646387174 -0.5953331907296606 -23.929 0.03648642581339164 -0.9993326642594609 0.0017224620318567925 -2.35392 -0.5948871728610681 -0.023104684052705014 -0.8034770843902084 52.2649
0.8002055033380843 0.024796549088355782 -0.5992130535800699 -24.562 0.03339959796634552 -0.9994368124689353 0.00324418520130524 -2.38505 -0.5987951396622466 -0.02260948993769302 -0.8005830323468187 53.116
0.7967579837756996 0.02027594203118005 -0.6039582779169685 -25.2242 0.029168064378645837 -0.9995624021122548 0.004922225511086049 -2.41837 -0.6035941842911388 -0.021538116406200444 -0.7970007341474584 53.9847
0.7935767415811916 0.017401070314006173 -0.6082213067406513 -25.884 0.027073679678302424 -0.999610814345282 0.0067257499685081925 -2.44701 -0.6078675604850575 -0.02180418757691345 -0.7937390039011916 54.8362
0.7907642736583557 0.016847662768089487 -0.6118888949513845 -26.5386 0.026557734641432677 -0.9996241668249198 0.006797928383020698 -2.48139 -0.6115443976002797 -0.021625941802339222 -0.7909145139677697 55.6692
0.7867107330749178 0.01778103649843045 -0.6170656830563234 -27.2136 0.027119372284978814 -0.9996155454332541 0.005770699701631456 -2.5102 -0.6167258403144741 -0.021274305375714873 -0.7868904890892928 56.5215
0.782802531987078 0.01926392438088323 -0.6219719423993874 -27.8841 0.027775271721950823 -0.9996062003569738 0.0039973101787234115 -2.54195 -0.6216500061894884 -0.02040454423261494 -0.7830293253635318 57.3637
0.7786525571449494 0.01943630795513146 -0.6271542275905536 -28.5498 0.027185089138715444 -0.9996265727858258 0.0027723471975243646 -2.57246 -0.6268661469405975 -0.019207938815417422 -0.7788901648540132 58.1858
0.7733326319214334 0.018792261552280434 -0.633721935324334 -29.2474 0.0266534574306527 -0.999640578619608 0.0028821492063788815 -2.59706 -0.6334400000098359 -0.01911974065739723 -0.7735555583826755 59.0322
0.7684727392119499 0.01812509155315568 -0.6396257735146954 -29.9339 0.025929176200000594 -0.9996597907402838 0.002824995341914804 -2.62295 -0.6393569636045829 -0.018755901292186475 -0.7686812663627534 59.8428
0.762401905018683 0.018123772648447948 -0.6468499548495549 -30.6506 0.02572715841164192 -0.9996663240549188 0.0023138432507432104 -2.65326 -0.6465921810105238 -0.018405689759259162 -0.7626137830124371 60.6814
0.7565836627754188 0.01780703234737202 -0.6536543970786942 -31.3572 0.02515510073958717 -0.9996817877251232 0.0018826039103251088 -2.6753 -0.653412872637288 -0.01786708956941776 -0.7567908462595236 61.499
0.7508622933445465 0.01810648199946075 -0.6602105510691049 -32.0699 0.02508731790839501 -0.9996846415400825 0.0011153246342184495 -2.69846 -0.6599821534810854 -0.017400367193820224 -0.7510797456382304 62.3076
0.7442689186382835 0.018267445595955757 -0.6676301949285992 -32.8049 0.025166281638773193 -0.9996830323408555 0.0007022238037027329 -2.72125 -0.6674057499134081 -0.017324412867146068 -0.7444927331420573 63.1297
0.7385553369532313 0.01906581755502244 -0.6739232217833557 -33.5362 0.024790215282364903 -0.9996920542864457 -0.0011143710335926506 -2.75142 -0.6737369364107577 -0.015883677077588393 -0.7388005477247169 63.9292
0.7315383842984532 0.018646879337861542 -0.6815452194748105 -34.2895 0.023941223901915505 -0.9997119988187754 -0.0016544533378433863 -2.77777 -0.6813797840383048 -0.015106730577063451 -0.7317741294929639 64.7523
0.7250926881892118 0.017337954713702957 -0.6884329951860879 -35.0553 0.02176503468118225 -0.9997605713755083 -0.0022545927002306796 -2.80403 -0.6883072546471303 -0.013348979334113335 -0.7252964414298942 65.5612
0.7187731410723188 0.01649306819197486 -0.6950490273172444 -35.817 0.02040295983460607 -0.9997883920083073 -0.0026249638913788224 -2.8286 -0.6949452430969077 -0.012294303846027982 -0.718957550339324 66.3449
0.7117266290383061 0.016637937958511363 -0.7022594851892409 -36.6097 0.019881388586528662 -0.9997960865001269 -0.0035377686331874592 -2.8568 -0.7021751461748275 -0.011443969570006905 -0.7119122836802579 67.1497
0.7051372442802397 0.01764140764235765 -0.7088513578073091 -37.4074 0.020273586622844113 -0.9997833538207248 -0.004714563439962153 -2.88386 -0.7087809594044662 -0.011046545133187867 -0.7053421335963879 67.9449
0.6991256421763419 0.018137489564299572 -0.7147687513621607 -38.2006 0.02113512394086426 -0.9997655957967602 -0.004696807123252624 -2.9099 -0.7146863948526806 -0.01182306785287365 -0.6993451022771406 68.7122
0.6932039399173276 0.017860517310172144 -0.720520159054906 -39.042 0.021254183021889236 -0.9997647098090686 -0.004334134799562965 -2.93509 -0.7204280376187242 -0.01230962801232387 -0.6934204465337263 69.5089
0.6882034295038076 0.01728579540166402 -0.7253118232157324 -39.8574 0.021188526761026567 -0.9997685688848871 -0.003722230992619438 -2.96091 -0.725208305215057 -0.012806636841769452 -0.6884104183551468 70.2746
0.6826489430297761 0.017481538190225604 -0.7305373477125134 -40.7052 0.021348493554734324 -0.9997641927779505 -0.0039750046536884244 -2.99051 -0.7304345709256055 -0.012882339133754455 -0.6828611739842659 71.0611
0.6772723708735529 0.018638801934162973 -0.7354962479263746 -41.5564 0.02242325898710531 -0.9997375804005324 -0.0046869810417597395 -3.02141 -0.7353905990068904 -0.013317860088905302 -0.6775125840122371 71.8345
0.671939201812034 0.020311835345284603 -0.74032772365562 -42.3951 0.02302053144047927 -0.9997136371625874 -0.006534432136608625 -3.0509 -0.7402484476176927 -0.01265199652450495 -0.6722143726398144 72.5977
0.6666359537211809 0.02076577334325941 -0.7450941469799017 -43.272 0.02354169449955225 -0.9996997369149928 -0.006798869919599239 -3.07832 -0.7450116065044496 -0.01300840764852704 -0.666924649045234 73.3651
0.6613746075992876 0.01999859629954649 -0.7497890933915595 -44.1487 0.022470813863466766 -0.9997240739766867 -0.006843861174079475 -3.10702 -0.7497190746854466 -0.012322015155988419 -0.6616415018688698 74.1302
0.6567127395723409 0.01878276723619455 -0.7539068810790507 -45.0229 0.02087690918387422 -0.9997594525942468 -0.0067224706306754055 -3.13778 -0.7538517973357358 -0.011324513384819754 -0.6569468951523236 74.8804
0.6512008109589356 0.01854122971717289 -0.7586789351280288 -45.9233 0.019983949761581035 -0.9997737933215882 -0.007280380435695907 -3.16892 -0.7586423040922192 -0.010420412080953583 -0.6514240319896956 75.6427
0.646786023731018 0.019133362810956362 -0.7624314749102132 -46.8083 0.020053820179496997 -0.9997662737380814 -0.008077263898109855 -3.18803 -0.7624078198722959 -0.010065402297753517 -0.6470185498686704 76.3932
0.6419835755949298 0.018919808763229958 -0.7664849179877659 -47.7244 0.01960497559609158 -0.9997737014912665 -0.008257768362497817 -3.21825 -0.7664676989920879 -0.009725566452131367 -0.6422092180582272 77.1525
0.6377235283111303 0.01873496207989441 -0.7700374683314234 -48.639 0.018274909649575365 -0.9997907632083237 -0.009190075114885853 -3.24298 -0.770048523870868 -0.00821163803283519 -0.6379324728253882 77.9076
0.6347264139185143 0.018882432421004052 -0.7725062027064954 -49.5476 0.017010236569337273 -0.9998005812084259 -0.010461819495135173 -3.27557 -0.7725496950526859 -0.00650012008810795 -0.6349210321865564 78.6501
0.6297201167438193 0.020404988947051464 -0.776554061861903 -50.4729 0.01620006724866937 -0.9997825079726592 -0.013133718933996681 -3.30921 -0.7766531609343311 -0.004309661003993283 -0.6299137198321225 79.4113
0.6248650105552549 0.021647684183126136 -0.7804326340904061 -51.4044 0.013147484392195794 -0.9997655413658204 -0.01720482349998644 -3.33881 -0.780622099506502 0.0004899663420564575 -0.625003118148258 80.1607
0.6187872931039041 0.02167500488068265 -0.7852594985459045 -52.3312 0.009086671640764632 -0.9997498879952386 -0.02043511321233373 -3.372 -0.7855060268970799 0.005509593172853686 -0.6188294806256677 80.8986
0.6095857472200527 0.021633723343892138 -0.7924248852733297 -53.2893 0.0052705759382414095 -0.9997160578176866 -0.023238433052654116 -3.40567 -0.7927026162536926 0.009989282043440007 -0.6095266822943909 81.648
0.6014869340254984 0.02056055110408331 -0.7986180137806195 -54.2392 0.002476412499376402 -0.9997119413783303 -0.023872612900610518 -3.44188 -0.7988787990538605 0.012381357109212301 -0.601364586934079 82.3663
0.592179905736129 0.019366799825275276 -0.8055730173652031 -55.235 0.00018966211431706813 -0.999714462008424 -0.023894737485286796 -3.46888 -0.8058057602615114 0.013997196709916414 -0.5920144890233954 83.0992
0.5826547714504269 0.01896370539067989 -0.8124984893425383 -56.2321 -0.0002589658595134343 -0.999723350881053 -0.023519239780301432 -3.51015 -0.8127197242855221 0.01391400664852527 -0.5824886695689886 83.8092
0.5736230467026144 0.019901409445527575 -0.8188776063574408 -57.2174 0.0005435185810557432 -0.9997138336708191 -0.02391558811206267 -3.53105 -0.8191192250699297 0.013273457321860496 -0.5734697118868288 84.4992
0.5628757816689972 0.02173530955031633 -0.8262556691056754 -58.2503 0.0013625880536715165 -0.9996772250906022 -0.025369055736259537 -3.57359 -0.8265403787863673 0.013153780973749685 -0.5627237157627029 85.1919
0.5524694860225492 0.022538859948559968 -0.8332283401362433 -59.2762 0.0011592330221503588 -0.9996541577415872 -0.02627205908866007 -3.60321 -0.8335323168256767 0.01354860517458861 -0.552304546518533 85.8689
0.5430213783531145 0.021650192471846734 -0.8394397249459998 -60.2961 -0.002534383830970195 -0.999620763210823 -0.02742091640351982 -3.64384 -0.8397150466378943 0.017017606287122067 -0.5427605747713954 86.5283
0.5319947739831177 0.020618776721218195 -0.846496560241784 -61.3543 -0.004456725284644247 -0.9996214505110907 -0.027149461833339647 -3.67267 -0.846735908093184 0.018215974435184745 -0.5317014954097721 87.1934
0.521731970005905 0.020953039263552693 -0.852852110051548 -62.4077 -0.005132544548936706 -0.9996031523873233 -0.027698280159234936 -3.70981 -0.8530940208794169 0.01882837972174735 -0.5214173795116951 87.8366
0.5120429975751619 0.02139858999716447 -0.8586932333379458 -63.4614 -0.00538261314060828 -0.9995900790931718 -0.028119410631887064 -3.73803 -0.8589429527681225 0.019020360791514573 -0.5117179201135518 88.4583
0.5006165183886688 0.022120951392350575 -0.865386483038593 -64.5641 -0.005128332612821732 -0.9995801270990052 -0.028517884096631998 -3.77084 -0.8656539734333922 0.018714513571929412 -0.5002928794823551 89.0901
0.49205582376146206 0.02260511469277316 -0.8702701161663287 -65.6359 -0.005016357003354567 -0.9995726066907746 -0.028800002010842502 -3.80325 -0.8705491958900677 0.01853679430581803 -0.4917321270692203 89.698
0.4814902942496047 0.022842189815996585 -0.8761537142007897 -66.77 -0.003985082849868725 -0.9995929348854875 -0.028250374186855734 -3.8389 -0.876442362998337 0.017093826120200953 -0.48120326832895005 90.2986
0.47261295306645795 0.021214722474294782 -0.8810147173255058 -67.8833 -0.004804611208498911 -0.9996333210381371 -0.02664843675340369 -3.87068 -0.881257006953668 0.016827329574345476 -0.47233772734607943 90.9016
0.4662073554903144 0.019308594615441835 -0.8844647420110675 -68.9986 -0.006690169962564677 -0.9996562567126892 -0.025349754260077472 -3.90215 -0.884650181321747 0.01773546134587001 -0.4659179220616541 91.4945
0.45739046754472645 0.019133325835102185 -0.8890601082276184 -70.1402 -0.00725919286050167 -0.999654861230652 -0.02524802045587362 -3.93888 -0.8892363377180617 0.018002062671093617 -0.45709371185934655 92.0819
0.4498451506355031 0.02134724886260942 -0.8928514072429519 -71.2799 -0.00737041262325935 -0.9995915233888886 -0.02761273957513606 -3.97205 -0.8930761543493839 0.019002140276274324 -0.4495040613803576 92.6495
0.44332574798047214 0.02291472875076301 -0.896067629358317 -72.4035 -0.008836380461911356 -0.999512882736472 -0.029931849661529557 -4.00487 -0.8963170195627703 0.021187554132249688 -0.44290731309384096 93.2156
0.4361255854867277 0.02438441692628077 -0.8995553756690159 -73.5616 -0.008493453659565438 -0.9994767357658725 -0.03121082997501406 -4.03261 -0.8998457284050371 0.02125217339383748 -0.4356902686510756 93.7749
0.4310615051457198 0.026163614855681708 -0.9019431490061836 -74.7004 -0.008143111382817243 -0.9994260276320732 -0.03288320283338898 -4.07679 -0.902285802015367 0.02151930643069893 -0.4306010345229421 94.3241
0.4255916037210011 0.0263646128198166 -0.9045312012490488 -75.8569 -0.010489362893425473 -0.9993646031517023 -0.034064104766315495 -4.11774 -0.9048545519078058 0.023985352995143754 -0.425044636165923 94.864
0.4211266969667678 0.02248961372476003 -0.9067229578963859 -77.0088 -0.014436729018484815 -0.9993996925570338 -0.03149341791792767 -4.153 -0.9068869201598989 0.02635283270196004 -0.42054921501707215 95.4146
0.4172067543384444 0.020029850057438747 -0.9085908480944859 -78.1559 -0.01935686102696425 -0.9993344554126671 -0.03091857299829047 -4.19007 -0.9086054347545823 0.030486904266329586 -0.41654136961734295 95.9585
0.4132660103820502 0.0182946474726215 -0.9104265541693936 -79.3179 -0.021013106852807162 -0.9993403431087478 -0.029619722748241702 -4.22616 -0.9103678674048726 0.0313717151131828 -0.4126089692282047 96.4856
0.41034029434403557 0.017456842466492577 -0.9117653763379863 -80.4662 -0.02180036981027326 -0.99934325297093 -0.0289448893177088 -4.25923 -0.911671863508897 0.03175407678675524 -0.4096902389533284 97.0051
0.40848518378578785 0.01635408230456252 -0.9126184299144229 -81.6119 -0.02420037281187873 -0.9992939475884786 -0.028739315732992005 -4.29219 -0.9124440786060573 0.03382529090798948 -0.40780099694793875 97.5195
0.40574013471993936 0.015095886343683225 -0.913863806752923 -82.7419 -0.025595396474490655 -0.9992837894330984 -0.02787084239022005 -4.32123 -0.9136300229068433 0.03469902580369446 -0.40506315415193656 98.0321
0.4041270504086386 0.014334358768792441 -0.9145905385945675 -83.8736 -0.027731964876593688 -0.9992255547271146 -0.027914671847852335 -4.3602 -0.9142823771965075 0.03664446668976708 -0.4034165561908999 98.5344
0.40102495796885546 0.014000289239119572 -0.9159601383178737 -85.0013 -0.030420621490910002 -0.9991282122180511 -0.028590231514755853 -4.38784 -0.9155618869711561 0.03932947306005442 -0.40024945181053523 99.0225
0.3986724042783405 0.011747043379546108 -0.9170181683253426 -86.1088 -0.034582070525851334 -0.9990142463191493 -0.02783192500577043 -4.4182 -0.916441157120888 0.04280820742825898 -0.3978731744057479 99.5192
0.3981746848850026 0.010374370282299648 -0.9172509431763886 -87.2029 -0.03667525215721363 -0.9989564800687315 -0.02721905229604232 -4.43968 -0.9165761540624616 0.04447834720328114 -0.3973786990191229 100.008
0.39600731737922734 0.009942289774603692 -0.9181935283240379 -88.2889 -0.0378599517690015 -0.9989142986171633 -0.027144945574262495 -4.46894 -0.9174665272554399 0.045512359774226206 -0.3952009570757953 100.478
0.3947403126212703 0.01041784210731384 -0.9187336687840982 -89.3789 -0.03857016728128124 -0.9988663671849016 -0.02789843548895718 -4.49176 -0.9179828036447938 0.04644834843850319 -0.39389100413665146 100.943
0.39556433565924964 0.010863134811548254 -0.9183740243803298 -90.4495 -0.038897156725815445 -0.9988347397436507 -0.028568757058734427 -4.5229 -0.9176142258885831 0.047022919765788325 -0.3946808552027782 101.396
0.39548228234468447 0.011820166622087014 -0.9183975435575084 -91.5183 -0.03816580907382351 -0.998842046553399 -0.029290562554483042 -4.54916 -0.9176803012864446 0.04663528383149108 -0.3945732060502544 101.849
0.3982680114910118 0.012288929844847992 -0.9171867711792749 -92.5621 -0.03643099095186729 -0.9989093821046241 -0.02920324025896358 -4.57042 -0.9165453474440095 0.045044739389036234 -0.3973859553785382 102.302
0.40163497970462075 0.012289320570514252 -0.9157173776212747 -93.5967 -0.03514380612506995 -0.9989666065325015 -0.028820685695906283 -4.59903 -0.9151252679107448 0.04375718949902812 -0.4007880392407361 102.746
0.4069345752055816 0.012492067602883896 -0.9133718846938841 -94.6271 -0.03422669798151811 -0.9989958060024073 -0.028912155486621793 -4.62938 -0.9128158547305885 0.04302705935345372 -0.4060983717227385 103.191
0.41387037593712006 0.012297575945929987 -0.9102527569568363 -95.6615 -0.03314921249923014 -0.9990420039066783 -0.028569286669598598 -4.65139 -0.9097320713442766 0.04199814348257437 -0.4130662347755736 103.656
0.41950660301223486 0.011090452621439133 -0.9076845332436743 -96.6702 -0.03291568806140115 -0.999081931851672 -0.027419900199956465 -4.67413 -0.9071553160890256 0.04137989014222551 -0.4187564174830489 104.111
0.4276758536762014 0.009354591101381768 -0.9038837623321143 -97.6724 -0.03165951483498365 -0.9991779323786009 -0.025320635221835686 -4.69233 -0.9033775729465203 0.03944554566677668 -0.42702811338869073 104.57
0.43690154048624036 0.0086874384350677 -0.8994673825849312 -98.6705 -0.03129851606799185 -0.9992010352922996 -0.024853449715043906 -4.70996 -0.8989646527048166 0.03901050479336903 -0.4362805676432023 105.04
0.4458924011022291 0.007898898478625403 -0.8950517158478125 -99.6641 -0.03120423181368387 -0.9992160548660847 -0.02436332519948116 -4.72799 -0.8945424878429235 0.03879282279858175 -0.4452963668649354 105.517
0.4563024783771508 0.00785288897165497 -0.8897900765695625 -100.638 -0.029498997420607537 -0.9992779176666835 -0.023946866494708133 -4.74871 -0.8893356269587136 0.03717492970450979 -0.45574133806734723 106.007
0.4652950300087707 0.00905437745112173 -0.8851093453907884 -101.592 -0.027410655895820653 -0.9993207224380819 -0.02463228875259699 -4.77019 -0.8847311405124713 0.03572270923100629 -0.46473077911055005 106.493
0.47669152828126915 0.009935188846907344 -0.879014492990556 -102.553 -0.0241659327682382 -0.9994101201633703 -0.024401217356489893 -4.788 -0.8787384107675668 0.032874058733505365 -0.4761702444547298 107.004
0.48989384103929706 0.007930670839856182 -0.8717460232038879 -103.506 -0.022756871376808756 -0.9995015366874018 -0.02188156677803268 -4.8086 -0.8714850252969945 0.03055785692014373 -0.4894691696762368 107.531
0.5016870163008939 0.006802452247977564 -0.8650224646322898 -104.462 -0.021093176249277687 -0.9995755650178283 -0.02009397260391004 -4.8274 -0.8647920071270455 0.02832695646736099 -0.5013305974568804 108.073
0.5151816462046546 0.004398834420086022 -0.8570697297592573 -105.406 -0.021641034456543657 -0.9996012468088993 -0.01813871565862496 -4.84522 -0.8568077596762955 0.027892608946429205 -0.5148810205519803 108.625
0.5262128557310362 0.0041147000108128304 -0.8503429306504576 -106.334 -0.02006393706999371 -0.9996498209578264 -0.017253228342465208 -4.86305 -0.8501161502363305 0.02614009760515307 -0.5259460299351579 109.182
0.5379749179396535 0.00400939922017687 -0.8429513108037237 -107.237 -0.01930555620066098 -0.9996678030376619 -0.017075686505595378 -4.8768 -0.8427397481830354 0.025459934951753055 -0.5377188006241237 109.749
0.5502626571675989 0.004493559125645954 -0.8349795303198984 -108.119 -0.01825130204295089 -0.9996818789920242 -0.01740777954573493 -4.89134 -0.8347921286767088 0.024818314635773612 -0.5500055937515992 110.321
0.5609458477566304 0.005087928310121913 -0.8278368612656161 -108.997 -0.019197895055095615 -0.9996322461794661 -0.01915236861720696 -4.90665 -0.8276298669756 0.02663616683584368 -0.5606418802642595 110.9
0.57189150439345 0.004360515865982486 -0.82031767816132 -109.861 -0.020324160744557056 -0.9996035979021936 -0.019482698761176497 -4.92863 -0.8200774571298894 0.02781425825672612 -0.5715761815760014 111.495
0.5833892546418904 0.00226503923635938 -0.812189538941273 -110.717 -0.020860366695169774 -0.9996244372588081 -0.017771593523208562 -4.93786 -0.8119247641682836 0.027310328307599108 -0.5831229058251857 112.099
0.5929948857690288 -0.001784729912340544 -0.805204247499302 -111.544 -0.022071204948674684 -0.999657830363101 -0.014038664674802886 -4.94918 -0.8049036758295309 0.026096684327284896 -0.5928313720639553 112.699
0.6032150457172075 -0.0030961705015227457 -0.7975725812417407 -112.357 -0.022288373111154048 -0.9996673667037325 -0.012976300385064324 -4.95911 -0.7972671052065585 0.02560409490395893 -0.603083404911546 113.303
0.6124271515912662 -0.002245475990668537 -0.7905238401410695 -113.157 -0.019960522040250627 -0.9997210680999798 -0.01262392795114252 -4.97118 -0.7902749910972056 0.02351050477149097 -0.6123011469952516 113.896
0.6225875200563898 -0.0020171580265097074 -0.782547577431258 -113.94 -0.018658827125138666 -0.9997506441536596 -0.012267749779701393 -4.97782 -0.7823276986278505 0.022239167876502514 -0.6224699120213059 114.502
0.6327548564873339 -0.002635606582599351 -0.7743476901041515 -114.707 -0.019264108389579135 -0.9997382895056747 -0.012338825885077162 -4.98488 -0.7741125148966705 0.022724569835520812 -0.6326400305119352 115.113
0.6413602047144031 -0.005471794518347931 -0.767220403321919 -115.466 -0.02058875987812525 -0.9997372022810589 -0.010081137927942716 -4.99084 -0.7669636176347481 0.022261757342812872 -0.6413043141790253 115.732
0.6503603493854112 -0.007837863741856615 -0.7595854025975289 -116.218 -0.021904454424399315 -0.9997244517432226 -0.008438925469687959 -4.9944 -0.7593099570160103 0.022126646349540282 -0.6503528278539789 116.361
0.6596126578534894 -0.008935736979461694 -0.7515525891140881 -116.944 -0.022597735432998298 -0.9997130526978247 -0.007946988039290531 -4.99954 -0.751265920931301 0.02222532047531136 -0.6596253112009983 116.988
0.6668319387574235 -0.009175527341792264 -0.7451516457413322 -117.662 -0.022050722942075184 -0.9997292974759959 -0.007422761338173369 -4.99885 -0.7448818235604543 0.021380866824141267 -0.6668537526797766 117.625
0.6748672340962018 -0.010201220769508999 -0.7378686545979265 -118.361 -0.02241034353065054 -0.9997265703264792 -0.00667540905815462 -4.99972 -0.7375988020910695 0.021040904877576 -0.6749113182305896 118.262
0.6814677370018696 -0.01255848945000738 -0.7317403964305133 -119.05 -0.023299940461851486 -0.9997182040209169 -0.004541511165503613 -4.99862 -0.7314771604090075 0.020144401006887032 -0.6815683141901836 118.896
0.6891833409045435 -0.015238306992540952 -0.7244267503479234 -119.732 -0.024025833769801754 -0.9997096665417363 -0.001828095915397128 -4.99982 -0.7241885679374656 0.018664849932724225 -0.6893493609525371 119.542
0.697592890554893 -0.016064267850052313 -0.7163142455275557 -120.4 -0.02377778745125883 -0.9997169972241436 -0.0007364000712792897 -4.99604 -0.716099696879696 0.017546075332791598 -0.6977774425769466 120.179
0.7047656882131993 -0.016424005806433054 -0.7092500100462784 -121.04 -0.023381824580091696 -0.9997266042844785 -8.345736681891584e-05 -5.00154 -0.7090547334280208 0.016642377206892947 -0.7049570315162635 120.82
0.713082071006694 -0.0177227198999789 -0.7008565225551885 -121.679 -0.022486156636068306 -0.9997442680040088 0.002402364016357421 -4.98965 -0.7007198675423315 0.014046486837489996 -0.713298228961058 121.459
0.7223481718811617 -0.0210359197096761 -0.6912095258761354 -122.308 -0.02411090833815346 -0.9996956242508985 0.00522713618684195 -4.9899 -0.6911090960760485 0.01288987725211886 -0.722635501747162 122.095
0.7312528009676665 -0.024455071369465235 -0.6816680207852325 -122.916 -0.025424964211603018 -0.9996398435861106 0.00858803295140413 -4.98146 -0.6816325346341535 0.011051361882141916 -0.7316112048955846 122.732
0.7421284855429172 -0.025690699123592634 -0.6697651072759144 -123.5 -0.025435497670529876 -0.9996248369815378 0.010159761212073804 -4.97563 -0.669774847545075 0.009495960624124706 -0.7425035220979067 123.384
