=================================
VERTEX_SE3:QUAT 0 0 0 0 0 0 0 1

=================================
VERTEX_SE3:QUAT 2 0.0267637 0.163604 0.169754 0.00368604 -0.00714304 -0.00202141 0.999966

=================================
VERTEX_SE3:QUAT 1056 8.66876 35.1816 -34.8673 -0.134155 0.0589447 0.0612868 0.987305

=================================
VERTEX_SE3:QUAT 1058 8.75022 35.3622 -34.2013 -0.133409 0.0624767 0.0633208 0.987061

=================================
VERTEX_SE3:QUAT 1059 8.7965 35.4585 -33.846 -0.132121 0.0632351 0.0638728 0.98715

=================================
EDGE_SE3:QUAT 0 1056 -0.195242 0.0666435 -1.52603 0.0014348 -0.0186948 -0.00535621 0.99981 0.015625 0 0 0 0 0 0.015625 0 0 0 0 0.015625 0 0 0 25 0 0 25 0 25 

pred is 
 [[ 0.9992  0.0107 -0.0374 -0.1952]
 [-0.0108  0.9999 -0.0027  0.0666]
 [ 0.0374  0.0031  0.9993 -1.526 ]
 [ 0.      0.      0.      1.    ]]
gt is 
 [[ 9.9929e-01  8.3491e-03 -3.6764e-02 -2.0866e-01]
 [-8.3099e-03  9.9996e-01  1.2215e-03 -6.4852e-03]
 [ 3.6773e-02 -9.1517e-04  9.9932e-01 -1.5628e+00]
 [ 0.0000e+00  0.0000e+00  0.0000e+00  1.0000e+00]]
error is 
 [[ 1.0000e+00 -2.4550e-03  5.9268e-04 -1.3995e-02]
 [ 2.4527e-03  9.9999e-01  3.8969e-03 -7.3380e-02]
 [-6.0224e-04 -3.8955e-03  9.9999e-01 -3.6087e-02]
 [ 0.0000e+00  0.0000e+00  0.0000e+00  1.0000e+00]]
=================================
EDGE_SE3:QUAT 2 1058 -0.228212 0.020852 -0.95677 0.000624274 -0.00831776 -0.00171607 0.999964 0.015625 0 0 0 0 0 0.015625 0 0 0 0 0.015625 0 0 0 25 0 0 25 0 25 

pred is 
 [[ 0.9999  0.0034 -0.0166 -0.2282]
 [-0.0034  1.     -0.0012  0.0209]
 [ 0.0166  0.0013  0.9999 -0.9568]
 [ 0.      0.      0.      1.    ]]
gt is 
 [[ 9.9986e-01  4.0492e-03 -1.5964e-02 -2.1851e-01]
 [-4.0612e-03  9.9999e-01 -7.1414e-04 -3.4710e-03]
 [ 1.5961e-02  7.7887e-04  9.9987e-01 -1.0324e+00]
 [ 0.0000e+00  0.0000e+00  0.0000e+00  1.0000e+00]]
error is 
 [[ 1.0000e+00  6.1924e-04  6.7179e-04  8.5273e-03]
 [-6.1958e-04  1.0000e+00  5.0813e-04 -2.4386e-02]
 [-6.7140e-04 -5.0855e-04  1.0000e+00 -7.5791e-02]
 [ 0.0000e+00  0.0000e+00  0.0000e+00  1.0000e+00]]
=================================
EDGE_SE3:QUAT 2 1059 -0.224765 0.0239176 -0.576005 0.00178484 -0.00830811 -0.00155391 0.999963 0.015625 0 0 0 0 0 0.015625 0 0 0 0 0.015625 0 0 0 25 0 0 25 0 25 

pred is 
 [[ 0.9999  0.0031 -0.0166 -0.2248]
 [-0.0031  1.     -0.0035  0.0239]
 [ 0.0166  0.0036  0.9999 -0.576 ]
 [ 0.      0.      0.      1.    ]]
gt is 
 [[ 0.9999  0.0032 -0.0157 -0.2232]
 [-0.0033  1.     -0.0031 -0.0103]
 [ 0.0157  0.0031  0.9999 -0.6701]
 [ 0.      0.      0.      1.    ]]
error is 
 [[ 1.0000e+00  1.4325e-04  9.5705e-04  1.4470e-04]
 [-1.4368e-04  1.0000e+00  4.5030e-04 -3.4597e-02]
 [-9.5695e-04 -4.5042e-04  1.0000e+00 -9.3977e-02]
 [ 0.0000e+00  0.0000e+00  0.0000e+00  1.0000e+00]]
