1 0 0 0 0 1 0 0 0 0 1 0
0.999986 -0.00317644 -0.00430627 0.0170282 0.00316045 0.999988 -0.00371499 0.0252797 0.00431802 0.00370133 0.999984 0.681958
0.99995 -0.00181269 -0.00981196 0.0254059 0.00174492 0.999975 -0.00691087 0.0467609 0.00982423 0.0068934 0.999928 1.36779
0.999892 -0.0013395 -0.0146434 0.0255085 0.00119711 0.999952 -0.00972774 0.0591228 0.0146558 0.00970915 0.999846 2.06249
0.999791 0.00079334 -0.0204517 0.0216344 -0.00103493 0.99993 -0.0118051 0.0673856 0.0204409 0.0118238 0.999721 2.80594
0.999684 0.000394037 -0.0251303 0.00844152 -0.000730899 0.99991 -0.0133969 0.0712801 0.0251228 0.013411 0.999595 3.53126
0.999536 0.00141659 -0.0304148 -0.0126042 -0.00188191 0.999881 -0.0152761 0.0720669 0.0303895 0.0153262 0.999421 4.30224
0.99936 0.00213813 -0.0357184 -0.0324067 -0.00271819 0.999865 -0.0161991 0.0705505 0.0356789 0.0162858 0.999231 5.08455
0.99917 0.00306394 -0.0406129 -0.0594847 -0.00370994 0.999868 -0.0158406 0.0698254 0.040559 0.0159782 0.999049 5.8672
0.998981 0.00268833 -0.0450538 -0.097775 -0.00332597 0.999895 -0.0140839 0.0662083 0.0450112 0.0142193 0.998885 6.68022
0.998814 0.00215488 -0.0486332 -0.139234 -0.00276133 0.999919 -0.0124061 0.0642515 0.0486026 0.0125257 0.99874 7.50716
0.998705 0.00399548 -0.0507188 -0.190794 -0.00469997 0.999894 -0.0137785 0.0574392 0.0506584 0.013999 0.998618 8.33386
0.998614 0.0023597 -0.0525827 -0.241388 -0.00310738 0.999895 -0.0141418 0.0496725 0.0525438 0.0142856 0.998517 9.16302
0.998567 -0.000644325 -0.0535132 -0.300248 -0.000174579 0.999883 -0.0152968 0.0426884 0.0535168 0.0152842 0.99845 9.99909
0.99846 0.000771784 -0.0554638 -0.345592 -0.00164115 0.999877 -0.0156306 0.0297576 0.0554449 0.0156975 0.998338 10.8636
0.99834 -0.0011967 -0.0575875 -0.386284 0.000250038 0.999865 -0.016443 0.0145743 0.0575994 0.0164013 0.998205 11.7227
0.998198 0.00289289 -0.0599349 -0.429996 -0.00409428 0.999793 -0.0199318 -0.00355227 0.0598649 0.0201413 0.998003 12.5798
0.998127 0.00445035 -0.0610038 -0.491805 -0.00589022 0.999708 -0.0234436 -0.0222809 0.0608817 0.023759 0.997862 13.4943
0.997986 0.00669005 -0.0630748 -0.552151 -0.00828079 0.999653 -0.0249922 -0.0426043 0.0628857 0.0254642 0.997696 14.3922
0.997893 0.00920661 -0.0642217 -0.613514 -0.0108924 0.999604 -0.0259489 -0.0638209 0.0639573 0.0265938 0.997598 15.2902
0.997804 0.00955532 -0.0655417 -0.677909 -0.0112669 0.999604 -0.0257939 -0.0856541 0.0652693 0.0264757 0.997516 16.1739
0.997685 0.0109303 -0.0671203 -0.737095 -0.0126578 0.999598 -0.0253655 -0.109565 0.0668161 0.0261564 0.997422 17.095
0.997614 0.0129089 -0.0678232 -0.80102 -0.0147195 0.999547 -0.026263 -0.141611 0.0674535 0.0271987 0.997352 18.0167
0.997502 0.0122467 -0.0695673 -0.863954 -0.0141318 0.999545 -0.0266698 -0.177109 0.069209 0.0275863 0.997221 18.9147
0.997439 0.0114923 -0.070591 -0.927326 -0.0134495 0.999537 -0.0273132 -0.216765 0.0702444 0.0281926 0.997131 19.8671
0.997403 0.0120014 -0.0710129 -1.00768 -0.0138614 0.999572 -0.0257584 -0.24858 0.0706734 0.0266759 0.997143 20.7917
0.997383 0.0150767 -0.0707065 -1.07839 -0.0167301 0.999599 -0.0228504 -0.2823 0.0703336 0.0239736 0.997235 21.7463
0.997445 0.0149553 -0.0698474 -1.14879 -0.0163139 0.999688 -0.0189216 -0.312231 0.0695426 0.0200127 0.997378 22.7019
0.997573 0.0149127 -0.0680086 -1.21743 -0.0160844 0.999731 -0.0167146 -0.340077 0.067741 0.0177679 0.997545 23.6575
0.997647 0.0155795 -0.0667592 -1.28449 -0.0167275 0.999721 -0.0166705 -0.36875 0.0664808 0.017748 0.99763 24.6097
0.997727 0.0165348 -0.0653256 -1.34903 -0.0178491 0.999649 -0.0195869 -0.400078 0.0649788 0.0207084 0.997672 25.5637
0.997793 0.0167279 -0.0642595 -1.41112 -0.0183078 0.999543 -0.0240764 -0.438174 0.0638273 0.0251997 0.997643 26.5242
0.99787 0.0165467 -0.0630915 -1.47521 -0.0182738 0.999471 -0.0268959 -0.476741 0.0626131 0.0279916 0.997645 27.4747
0.99795 0.0131289 -0.0626342 -1.53276 -0.0147266 0.999576 -0.0251152 -0.517322 0.0622779 0.0259861 0.99772 28.449
0.997895 0.0127024 -0.0635922 -1.58763 -0.0140108 0.999698 -0.0201713 -0.558145 0.0633167 0.0210198 0.997772 29.4354
0.997868 0.0116287 -0.0642052 -1.65437 -0.0127651 0.999769 -0.0173175 -0.593773 0.0639889 0.0181002 0.997786 30.4233
0.997919 0.0058045 -0.0642179 -1.71487 -0.00694539 0.999822 -0.017557 -0.638067 0.0641046 0.0179665 0.997782 31.4029
0.997819 0.00304639 -0.0659311 -1.76692 -0.00438112 0.999788 -0.0201093 -0.68406 0.0658558 0.0203543 0.997622 32.3908
0.997631 0.00321905 -0.0687041 -1.82382 -0.00481403 0.999723 -0.0230623 -0.730874 0.0686108 0.0233384 0.997371 33.3835
0.99749 0.00473371 -0.070639 -1.88631 -0.00636646 0.999717 -0.0229067 -0.777002 0.0705106 0.023299 0.997239 34.3762
0.997274 0.00420786 -0.073665 -1.92824 -0.0057879 0.999758 -0.0212487 -0.810396 0.0735577 0.0216171 0.997057 35.4551
0.997053 0.00693527 -0.0763892 -1.97516 -0.00837141 0.999794 -0.0184962 -0.839661 0.0762452 0.0190812 0.996907 36.5186
0.996795 0.00631342 -0.0797374 -2.02941 -0.00771912 0.99982 -0.0173331 -0.865324 0.0796136 0.0178931 0.996665 37.5659
0.996621 0.00851594 -0.0816847 -2.08993 -0.00979787 0.999835 -0.0153056 -0.891009 0.0815408 0.0160543 0.996541 38.6042
0.996627 0.00878324 -0.0815897 -2.18049 -0.00989295 0.999864 -0.0132068 -0.905522 0.0814626 0.0139694 0.996579 39.5976
0.996472 0.0146171 -0.0826409 -2.26449 -0.0156262 0.999811 -0.0115772 -0.924085 0.082456 0.0128277 0.996512 40.6147
0.996439 0.0141277 -0.0831196 -2.35106 -0.0152287 0.999804 -0.0126266 -0.941834 0.082925 0.0138475 0.99646 41.6256
0.996433 0.014153 -0.0831915 -2.43564 -0.015411 0.999776 -0.0144983 -0.963041 0.0829676 0.0157286 0.996428 42.6522
0.996418 0.0151468 -0.0831928 -2.52045 -0.0165581 0.99973 -0.0162995 -0.986035 0.0829234 0.0176186 0.9964 43.6786
0.996316 0.0143337 -0.084541 -2.60283 -0.0157793 0.99974 -0.0164559 -1.01009 0.0842831 0.0177293 0.996284 44.7077
0.996271 0.0129948 -0.0852897 -2.69605 -0.014391 0.999772 -0.0157754 -1.03384 0.0850653 0.016944 0.996231 45.7082
0.996167 0.0139441 -0.0863446 -2.78853 -0.0153115 0.999767 -0.0151935 -1.05919 0.0861127 0.0164573 0.996149 46.7013
0.996099 0.0165038 -0.086676 -2.88336 -0.0182255 0.999651 -0.0191098 -1.08812 0.0863304 0.020615 0.996053 47.7268
0.996088 0.0169718 -0.086719 -2.98786 -0.0190482 0.99955 -0.0231731 -1.11943 0.0862867 0.0247343 0.995963 48.7073
0.996009 0.0180544 -0.0874052 -3.08039 -0.0203065 0.999483 -0.0249449 -1.14743 0.0869096 0.0266203 0.995861 49.7144
0.996034 0.0163157 -0.0874581 -3.17141 -0.0183109 0.999589 -0.022059 -1.17468 0.0870622 0.0235729 0.995924 50.6938
0.996004 0.0151543 -0.0880048 -3.25348 -0.0169816 0.999655 -0.0200517 -1.19995 0.0876705 0.021466 0.995918 51.6779
0.995976 0.0132798 -0.0886293 -3.33007 -0.0150981 0.999689 -0.0198762 -1.22908 0.0883377 0.0211343 0.995866 52.6845
0.996031 0.00957764 -0.0884805 -3.40416 -0.0115278 0.999701 -0.0215558 -1.25689 0.0882476 0.0224902 0.995845 53.6955
0.995944 0.0064789 -0.0897397 -3.4822 -0.00861217 0.999689 -0.023405 -1.28601 0.0895601 0.0240829 0.99569 54.6877
0.9958 0.00515312 -0.0914036 -3.56663 -0.00728522 0.999709 -0.023008 -1.31222 0.0912584 0.0235773 0.995548 55.6534
0.995665 0.00296201 -0.0929615 -3.6504 -0.00486885 0.999782 -0.0202921 -1.3307 0.0928811 0.0206568 0.995463 56.5984
0.995557 0.00287593 -0.0941127 -3.73399 -0.00448889 0.999847 -0.0169315 -1.34477 0.0940496 0.0172788 0.995418 57.5603
0.995458 0.00550152 -0.09504 -3.81913 -0.00711034 0.999837 -0.0165974 -1.35826 0.0949332 0.0171978 0.995335 58.5282
0.995252 0.007096 -0.097063 -3.91555 -0.00928166 0.999713 -0.022085 -1.37283 0.0968784 0.022881 0.995033 59.4472
0.995088 0.00938544 -0.0985371 -4.00497 -0.0124935 0.999442 -0.0309721 -1.40012 0.0981915 0.032051 0.994651 60.4189
0.99497 0.0110322 -0.099554 -4.111 -0.0147652 0.999212 -0.0368386 -1.42726 0.0990691 0.0381233 0.99435 61.342
0.994801 0.0163232 -0.100516 -4.21362 -0.0201787 0.999095 -0.0374605 -1.45325 0.099814 0.0392941 0.99423 62.2617
0.994719 0.0191883 -0.100816 -4.31924 -0.0230157 0.999053 -0.0369396 -1.48094 0.100011 0.0390649 0.994219 63.1843
0.994624 0.0225841 -0.101053 -4.43434 -0.0264648 0.998957 -0.0372273 -1.50767 0.100107 0.0397016 0.994184 64.048
0.994611 0.0236121 -0.100947 -4.54908 -0.0276354 0.998871 -0.0386442 -1.5384 0.099921 0.0412257 0.994141 64.9305
0.994504 0.023999 -0.101901 -4.65123 -0.0280543 0.998863 -0.0385513 -1.56812 0.10086 0.0411982 0.994047 65.7896
0.994408 0.024155 -0.102797 -4.75384 -0.0282631 0.998852 -0.0386955 -1.59841 0.101744 0.0413845 0.99395 66.6426
0.994319 0.0238021 -0.103743 -4.85168 -0.0279757 0.998849 -0.0389621 -1.63306 0.102696 0.0416431 0.993841 67.4833
0.994195 0.0236087 -0.104966 -4.9506 -0.0277867 0.998872 -0.0385199 -1.66736 0.103938 0.041213 0.99373 68.3237
0.993949 0.0268663 -0.106499 -5.04498 -0.0309017 0.998859 -0.0364234 -1.70368 0.105399 0.039494 0.993646 69.1429
0.993734 0.0284329 -0.108083 -5.14088 -0.0321483 0.998945 -0.0327898 -1.73714 0.107036 0.036059 0.993601 69.9616
0.99345 0.0315728 -0.109815 -5.23828 -0.0352462 0.998877 -0.0316718 -1.76775 0.108692 0.0353349 0.993447 70.7708
0.993205 0.0340668 -0.111277 -5.33061 -0.0382574 0.998629 -0.0357424 -1.80665 0.109907 0.0397567 0.993147 71.5399
0.993017 0.0332603 -0.113177 -5.4249 -0.0383296 0.998344 -0.042913 -1.85044 0.111562 0.0469514 0.992648 72.3013
0.992867 0.032615 -0.114669 -5.51829 -0.038367 0.998095 -0.0483169 -1.89692 0.112875 0.0523718 0.992228 73.0288
0.99279 0.033839 -0.114987 -5.60996 -0.0397311 0.997992 -0.0493415 -1.94192 0.113087 0.0535544 0.992141 73.7512
0.992615 0.0361769 -0.115777 -5.69778 -0.0417189 0.998079 -0.0458071 -1.98385 0.113897 0.050299 0.992219 74.4472
0.992423 0.0359858 -0.117477 -5.78664 -0.0413493 0.998196 -0.043541 -2.02428 0.115698 0.0480687 0.992121 75.143
0.992401 0.0329642 -0.118543 -5.86323 -0.0387358 0.998157 -0.0467166 -2.06823 0.116785 0.0509535 0.99185 75.7878
0.99268 0.0250648 -0.118134 -5.93939 -0.031344 0.998176 -0.051598 -2.11538 0.116626 0.0549232 0.991656 76.4324
0.992932 0.0201153 -0.116964 -6.01439 -0.0268322 0.998063 -0.0561385 -2.16532 0.115608 0.0588802 0.991548 77.077
0.993245 0.0228383 -0.113761 -6.08815 -0.0293797 0.99799 -0.0561599 -2.215 0.11225 0.0591228 0.99192 77.719
0.993543 0.0278473 -0.10998 -6.149 -0.0338496 0.998016 -0.0530918 -2.26167 0.108283 0.0564718 0.992515 78.3877
0.994086 0.026716 -0.105247 -6.20659 -0.0321532 0.998217 -0.0503075 -2.30155 0.103715 0.0533941 0.993173 79.0147
0.994801 0.0228281 -0.0992431 -6.25499 -0.0275443 0.998543 -0.0464136 -2.33831 0.098039 0.0489059 0.99398 79.6312
0.995688 0.0187941 -0.09083 -6.30174 -0.0228505 0.998778 -0.0438279 -2.3719 0.0898953 0.0457145 0.994902 80.2099
0.996554 0.0223368 -0.0798668 -6.34133 -0.0259398 0.998679 -0.0443632 -2.40297 0.0787703 0.0462821 0.995818 80.7726
0.997472 0.0276764 -0.0654308 -6.35952 -0.0306513 0.998521 -0.0449081 -2.43881 0.0640911 0.0468001 0.996846 81.3249
0.998327 0.0328794 -0.0475459 -6.37549 -0.0349903 0.998407 -0.0442672 -2.47373 0.0460146 0.0458569 0.997888 81.8477
0.999175 0.0316335 -0.0254157 -6.37488 -0.0327303 0.998497 -0.0439643 -2.50687 0.0239867 0.0447599 0.99871 82.3531
0.999624 0.0273541 0.00113567 -6.36039 -0.0272794 0.998691 -0.0432704 -2.53952 -0.0023179 0.0432232 0.999063 82.8584
0.999129 0.0276181 0.0312528 -6.33316 -0.0262796 0.998753 -0.0424557 -2.56835 -0.0323864 0.0415975 0.99861 83.3304
0.99757 0.0270403 0.064193 -6.275 -0.0244081 0.998843 -0.0414412 -2.59957 -0.0652394 0.0397737 0.997077 83.8139
0.994424 0.0278351 0.10171 -6.20492 -0.0236628 0.998838 -0.0420007 -2.62568 -0.102761 0.0393598 0.993927 84.2679
0.989316 0.0272756 0.143206 -6.1041 -0.0214523 0.998886 -0.0420515 -2.65485 -0.144193 0.0385302 0.988799 84.7291
0.981762 0.0271911 0.188153 -5.98281 -0.0194393 0.99889 -0.042923 -2.68501 -0.189111 0.0384827 0.981202 85.1782
0.971155 0.0294087 0.236624 -5.83879 -0.0190984 0.998771 -0.0457477 -2.71818 -0.237679 0.039909 0.970524 85.6128
0.95679 0.0298366 0.28924 -5.66628 -0.0164047 0.998677 -0.0487526 -2.75583 -0.290312 0.0419012 0.956014 86.0398
0.938177 0.0293045 0.344909 -5.47375 -0.0127907 0.998665 -0.0500579 -2.79282 -0.345916 0.0425516 0.9373 86.4309
0.915241 0.0295851 0.401816 -5.25188 -0.0100411 0.998666 -0.0506589 -2.82844 -0.402779 0.0423305 0.914318 86.8024
0.887924 0.0297218 0.459027 -5.03132 -0.00679613 0.99865 -0.0515159 -2.85811 -0.459939 0.0426226 0.886927 87.1089
0.856416 0.0272793 0.515564 -4.77537 -0.000441889 0.998642 -0.0521056 -2.89203 -0.516285 0.0443963 0.855265 87.4159
0.821347 0.0265822 0.569808 -4.49936 0.00374607 0.998641 -0.0519875 -2.92822 -0.570416 0.0448343 0.820132 87.711
0.782813 0.0261217 0.621707 -4.22072 0.00505858 0.998819 -0.0483359 -2.96415 -0.622236 0.0409829 0.781757 87.9771
0.742299 0.0241441 0.669632 -3.90775 0.00844686 0.998935 -0.0453808 -2.99969 -0.670015 0.0393425 0.741305 88.2342
0.699551 0.0235169 0.714194 -3.5823 0.00974035 0.999052 -0.0424372 -3.02867 -0.714516 0.0366435 0.698659 88.4647
0.655631 0.0217638 0.754767 -3.25217 0.0156232 0.99898 -0.0423768 -3.05417 -0.754919 0.0395755 0.654623 88.6638
0.610538 0.0193652 0.791749 -2.91499 0.0215631 0.998924 -0.0410602 -3.08052 -0.791693 0.0421414 0.609464 88.8544
0.565974 0.0221854 0.824123 -2.57229 0.0202438 0.998963 -0.0407947 -3.10368 -0.824174 0.0397722 0.564938 89.0318
0.521355 0.0246702 0.852982 -2.21975 0.0186002 0.999017 -0.0402625 -3.12754 -0.853137 0.0368568 0.520384 89.1916
0.47797 0.0266795 0.877969 -1.88062 0.0193382 0.998977 -0.0408844 -3.14991 -0.878163 0.0365199 0.476966 89.3238
0.436933 0.0232789 0.899191 -1.5357 0.0279288 0.998833 -0.0394295 -3.17511 -0.89906 0.0423414 0.435774 89.4392
0.397791 0.0146936 0.917357 -1.18535 0.044021 0.998415 -0.0350807 -3.19842 -0.916419 0.0543378 0.396514 89.5352
0.36476 0.00973783 0.931049 -0.82512 0.0493265 0.99834 -0.0297664 -3.22259 -0.929794 0.056783 0.363674 89.6205
0.333296 0.0139436 0.942718 -0.448997 0.0464663 0.998433 -0.0311958 -3.24209 -0.941676 0.0542021 0.332126 89.7122
0.30401 0.0220805 0.952412 -0.0610946 0.0361355 0.998745 -0.0346891 -3.26385 -0.951983 0.0449618 0.302831 89.8165
0.276816 0.0270559 0.960541 0.313118 0.031235 0.998823 -0.0371357 -3.28647 -0.960415 0.0402823 0.275645 89.9032
0.251466 0.0288996 0.967433 0.709239 0.032967 0.998719 -0.0384033 -3.31378 -0.967305 0.0415505 0.250191 89.9835
0.228244 0.0298304 0.973146 1.08903 0.0405444 0.998373 -0.040113 -3.33308 -0.972759 0.0486112 0.226664 90.0463
0.207984 0.0350708 0.977502 1.48284 0.0476296 0.997809 -0.0459335 -3.3511 -0.976972 0.0561115 0.205858 90.1097
0.188807 0.0408921 0.981161 1.90008 0.0503152 0.997418 -0.0512519 -3.36859 -0.980725 0.059044 0.186262 90.1717
0.171517 0.0432925 0.984228 2.32754 0.0456442 0.997613 -0.0518355 -3.38585 -0.984123 0.0538151 0.169132 90.232
0.156756 0.0394197 0.986849 2.76198 0.0474764 0.997748 -0.0473964 -3.40248 -0.986496 0.0542817 0.154532 90.2864
0.142285 0.0367747 0.989141 3.21145 0.0489302 0.997827 -0.044136 -3.4221 -0.988616 0.0546788 0.140176 90.3474
0.128295 0.0348207 0.991123 3.68246 0.051924 0.997778 -0.0417757 -3.4412 -0.990376 0.0568228 0.126202 90.4031
0.116455 0.0349911 0.992578 4.15406 0.0548312 0.997629 -0.0416023 -3.46055 -0.991681 0.0592692 0.114261 90.4533
0.106645 0.0355148 0.993662 4.65882 0.0590478 0.997373 -0.0419847 -3.48162 -0.992542 0.063151 0.104268 90.4963
0.0992015 0.0358913 0.994419 5.1835 0.0619368 0.99719 -0.04217 -3.50397 -0.993138 0.0657745 0.0966999 90.5382
0.0939769 0.0362687 0.994912 5.72249 0.0636754 0.997072 -0.042362 -3.52633 -0.993536 0.0673326 0.0913924 90.5786
0.0885302 0.0371837 0.995378 6.27468 0.0657512 0.996906 -0.0430887 -3.5508 -0.993901 0.0692621 0.0858115 90.622
0.0827322 0.0373747 0.99587 6.8273 0.0692118 0.996669 -0.0431544 -3.57539 -0.994166 0.0724962 0.0798699 90.6625
0.0786029 0.0373739 0.996204 7.41623 0.0714711 0.996515 -0.0430248 -3.60374 -0.994341 0.0745817 0.0756579 90.7056
0.0756099 0.036758 0.996458 8.03032 0.0737924 0.996374 -0.0423541 -3.63383 -0.994403 0.0767335 0.0726234 90.7547
0.0732244 0.0363562 0.996651 8.65294 0.0743548 0.996356 -0.0418083 -3.65984 -0.99454 0.0771673 0.0702544 90.7989
0.0711309 0.0358725 0.99682 9.29455 0.0775807 0.996127 -0.0413835 -3.68612 -0.994445 0.0802778 0.0680725 90.8418
0.07016 0.0360574 0.996883 9.92905 0.0819911 0.995757 -0.0417872 -3.71281 -0.99416 0.0846674 0.0669061 90.8927
0.0715009 0.0353336 0.996813 10.5689 0.0877591 0.995274 -0.041574 -3.73869 -0.993572 0.0904521 0.0680623 90.9412
0.0740282 0.0353641 0.996628 11.2561 0.0891491 0.995136 -0.041933 -3.76574 -0.993263 0.0919528 0.0705156 90.996
0.0773286 0.0353257 0.996378 11.9477 0.0922798 0.994829 -0.0424325 -3.79335 -0.992726 0.0952269 0.0736691 91.0553
0.0823148 0.0348573 0.995995 12.6629 0.0927495 0.994784 -0.0424802 -3.81972 -0.992281 0.0958749 0.0786526 91.1054
0.086186 0.0332471 0.995723 13.4195 0.0944915 0.994666 -0.0413905 -3.84813 -0.991788 0.0976547 0.0825848 91.1796
0.0901023 0.0316538 0.995428 14.175 0.095589 0.994606 -0.0402799 -3.8759 -0.991335 0.0987814 0.0865907 91.2565
0.0931767 0.0303244 0.995186 14.9636 0.0928587 0.994915 -0.0390102 -3.90316 -0.99131 0.0960467 0.0898871 91.3464
0.0963041 0.0298185 0.994904 15.7497 0.0924034 0.994967 -0.0387647 -3.93163 -0.991054 0.0956658 0.0930643 91.4391
0.0999501 0.0305655 0.994522 16.5391 0.0908701 0.995071 -0.0397149 -3.96313 -0.990834 0.0943419 0.0966801 91.536
0.10267 0.0342623 0.994124 17.3246 0.0915413 0.994841 -0.0437411 -3.99793 -0.990494 0.0954945 0.099004 91.6319
0.103238 0.0398962 0.993855 18.1349 0.0848861 0.995197 -0.0487677 -4.04006 -0.991028 0.0893993 0.0993556 91.7351
0.102351 0.0433934 0.9938 18.9484 0.0811958 0.995351 -0.0518234 -4.08366 -0.991429 0.0859968 0.0983522 91.8388
0.101762 0.0437708 0.993844 19.7785 0.077796 0.995623 -0.0518148 -4.13141 -0.991762 0.08259 0.0979113 91.944
0.100563 0.0430788 0.993996 20.6255 0.0734085 0.996018 -0.0505931 -4.18588 -0.992219 0.0780556 0.0970003 92.0512
0.0993879 0.0418249 0.994168 21.4561 0.0754283 0.995925 -0.0494394 -4.23683 -0.992186 0.0799022 0.0958283 92.1582
0.0984126 0.0410445 0.994298 22.2685 0.0752702 0.995981 -0.0485639 -4.28438 -0.992295 0.0796204 0.0949278 92.2704
0.0970701 0.0407944 0.99444 23.1154 0.0745214 0.996058 -0.048135 -4.3382 -0.992484 0.0787796 0.0936475 92.3851
0.0959999 0.0417058 0.994506 23.9568 0.0720387 0.996211 -0.0487311 -4.39032 -0.992771 0.0763212 0.092632 92.4932
0.0927134 0.042987 0.994763 24.7564 0.0700283 0.996313 -0.0495806 -4.44306 -0.993227 0.0742585 0.0893614 92.6057
0.0896454 0.0423394 0.995072 25.5793 0.0686644 0.996457 -0.0485842 -4.49177 -0.993604 0.0726815 0.0864207 92.6891
0.0861342 0.0413918 0.995422 26.404 0.066413 0.996676 -0.0471906 -4.53439 -0.994067 0.0701738 0.0830991 92.7599
0.081335 0.0398514 0.995888 27.2134 0.0651189 0.996854 -0.0452083 -4.57488 -0.994557 0.0685283 0.0784841 92.8315
0.0756507 0.0380523 0.996407 28.0297 0.0639685 0.997029 -0.0429327 -4.61662 -0.99508 0.0669867 0.0729919 92.8927
0.0685153 0.0383966 0.99691 28.8385 0.0653403 0.996942 -0.0428884 -4.66219 -0.995508 0.068077 0.0657971 92.9544
0.0597644 0.0390663 0.997446 29.6457 0.0670877 0.996818 -0.0430614 -4.70725 -0.995956 0.06949 0.0569535 93.0072
0.0495643 0.0391069 0.998004 30.4479 0.0668189 0.996865 -0.0423807 -4.74987 -0.996533 0.0687862 0.0467959 93.0451
0.0398235 0.0384403 0.998466 31.2537 0.0676669 0.996863 -0.0410774 -4.7936 -0.996913 0.0691991 0.0370975 93.0663
0.0288194 0.0373439 0.998885 32.0453 0.066476 0.997019 -0.039192 -4.84003 -0.997372 0.0675315 0.0262511 93.0889
0.0182896 0.03649 0.999165 32.8381 0.0680145 0.996974 -0.0376549 -4.88304 -0.997517 0.0686465 0.0157525 93.0891
0.00792325 0.0362448 0.99931 33.6533 0.0672525 0.997061 -0.0366964 -4.93487 -0.997705 0.0674969 0.0054625 93.0802
-0.00216775 0.0371015 0.999308 34.4418 0.0692952 0.996915 -0.0368623 -4.98252 -0.997594 0.0691674 -0.00473194 93.0595
-0.0114818 0.0380086 0.99921 35.2215 0.0715593 0.996747 -0.0370926 -5.03052 -0.99737 0.071077 -0.0141643 93.0358
-0.0215288 0.0386121 0.999021 35.9976 0.0731834 0.996635 -0.0369427 -5.07885 -0.997086 0.0723165 -0.024282 93.0106
-0.0308153 0.0388795 0.998767 36.7585 0.0744472 0.996557 -0.0364965 -5.12643 -0.996749 0.0732309 -0.0336037 92.9745
-0.0406011 0.0387007 0.998424 37.5044 0.0750737 0.996544 -0.0355749 -5.17978 -0.996351 0.0735111 -0.0433661 92.9383
-0.0496038 0.0383925 0.998029 38.2554 0.0758542 0.99652 -0.0345643 -5.23279 -0.995884 0.0739903 -0.0523434 92.8916
-0.0578385 0.0374398 0.997622 39.0062 0.0780008 0.996412 -0.0328721 -5.28448 -0.995274 0.0759142 -0.0605513 92.8385
-0.0651996 0.0357036 0.997232 39.7364 0.0810182 0.99625 -0.0303714 -5.33297 -0.994578 0.0788139 -0.0678477 92.7798
-0.0703554 0.0333871 0.996962 40.4768 0.0834607 0.996133 -0.0274695 -5.37971 -0.994024 0.0812746 -0.0728698 92.7178
-0.0741031 0.0309958 0.996767 41.1995 0.0859583 0.995996 -0.0245814 -5.42261 -0.993539 0.083859 -0.0764707 92.6609
-0.0773057 0.0292536 0.996577 41.912 0.086778 0.995974 -0.0225044 -5.46377 -0.993224 0.0847414 -0.079533 92.6114
-0.0803218 0.0279199 0.996376 42.6238 0.0883047 0.995877 -0.0207873 -5.50348 -0.99285 0.0863152 -0.0824561 92.5597
-0.0823191 0.0277749 0.996217 43.335 0.0886128 0.995857 -0.0204426 -5.54298 -0.992659 0.086595 -0.0844393 92.505
-0.0820065 0.0283382 0.996227 44.046 0.0899882 0.995724 -0.0209163 -5.58264 -0.992561 0.0879336 -0.0842059 92.4509
-0.0788044 0.0294255 0.996454 44.7563 0.0917459 0.995537 -0.0221427 -5.6231 -0.992659 0.0896758 -0.0811523 92.399
-0.074204 0.0293381 0.99681 45.4421 0.0922203 0.995486 -0.0224341 -5.66262 -0.99297 0.0902616 -0.0765746 92.3538
-0.0668464 0.0297607 0.997318 46.1133 0.091436 0.995532 -0.0235788 -5.70155 -0.993565 0.0896147 -0.0692689 92.3175
-0.0559661 0.0293374 0.998 46.7467 0.0905088 0.995602 -0.0241913 -5.73836 -0.994322 0.0889741 -0.0583752 92.2932
-0.0427473 0.0291019 0.99866 47.3659 0.0907009 0.995561 -0.0251292 -5.7745 -0.99496 0.0895054 -0.0451971 92.2806
-0.0256356 0.030161 0.999215 47.9667 0.0895782 0.995593 -0.0277535 -5.81097 -0.99565 0.0887966 -0.0282243 92.2824
-0.00499147 0.0322218 0.999467 48.5421 0.0873443 0.995675 -0.0316633 -5.84614 -0.996166 0.0871399 -0.0077842 92.2999
0.0188564 0.0345542 0.999223 49.0922 0.0848097 0.995746 -0.0360343 -5.88737 -0.996219 0.0854235 0.0158458 92.3318
0.0472477 0.0353852 0.998255 49.6316 0.0822664 0.99584 -0.0391933 -5.93066 -0.99549 0.0839748 0.0441402 92.3765
0.0805808 0.0342914 0.996157 50.1543 0.0792492 0.996024 -0.0406974 -5.97186 -0.993593 0.0822242 0.077543 92.4402
0.118121 0.03121 0.992507 50.6743 0.0758938 0.996299 -0.0403615 -6.01266 -0.990095 0.0800928 0.115315 92.5242
0.160018 0.0270592 0.986742 51.1903 0.0722037 0.996626 -0.0390394 -6.05265 -0.98447 0.0774935 0.157524 92.6306
0.204643 0.0224335 0.978578 51.6969 0.0667676 0.997089 -0.0368204 -6.09189 -0.976557 0.0728725 0.20255 92.7617
0.252675 0.0192917 0.967357 52.1966 0.061111 0.997487 -0.0358548 -6.13059 -0.965619 0.0681759 0.250861 92.9183
0.303867 0.0171347 0.952559 52.6837 0.0567091 0.997741 -0.0360376 -6.16952 -0.951025 0.0649695 0.302209 93.1003
0.357752 0.0161372 0.933676 53.1514 0.0536267 0.997846 -0.0377941 -6.20868 -0.932275 0.0635909 0.356116 93.3096
0.414833 0.0156576 0.909761 53.5894 0.0535058 0.997702 -0.0415687 -6.24956 -0.908323 0.0659217 0.413043 93.54
0.473267 0.0182678 0.880728 53.9995 0.0523025 0.997439 -0.0487938 -6.2923 -0.879364 0.0691568 0.471101 93.7979
0.531104 0.0211637 0.847041 54.378 0.0506019 0.997112 -0.0566412 -6.33701 -0.845794 0.0729443 0.528499 94.0822
0.587513 0.0247744 0.808834 54.7316 0.0436604 0.997105 -0.0622546 -6.38387 -0.808036 0.0718895 0.584731 94.3918
0.641726 0.02607 0.766489 55.0705 0.038245 0.997091 -0.0659331 -6.4313 -0.765979 0.0716255 0.638863 94.7305
0.692918 0.0217936 0.720684 55.3804 0.0396994 0.996874 -0.0683154 -6.47924 -0.719921 0.0759479 0.689888 95.0893
0.7402 0.0179922 0.672144 55.6665 0.0386623 0.996849 -0.0692609 -6.52809 -0.671274 0.0772537 0.737173 95.4682
0.783487 0.0121315 0.621288 55.9356 0.036303 0.997209 -0.0652524 -6.57268 -0.620346 0.0736791 0.78086 95.8725
0.82368 0.00658459 0.567014 56.1724 0.0335735 0.997612 -0.0603558 -6.61505 -0.566059 0.0687507 0.821493 96.2852
0.859157 0.00390068 0.511694 56.3821 0.0288354 0.998013 -0.0560238 -6.65514 -0.510896 0.0628883 0.857339 96.7131
0.888993 0.000896269 0.457916 56.5549 0.0252161 0.998385 -0.0509083 -6.69146 -0.457222 0.0568041 0.887537 97.1434
0.913452 -0.000521272 0.406942 56.7041 0.0214188 0.998675 -0.0467988 -6.72543 -0.406379 0.0514648 0.912254 97.5957
0.93257 0.00158165 0.360982 56.8306 0.015581 0.998882 -0.0446289 -6.75869 -0.360649 0.0472441 0.931504 98.0544
0.946965 0.00711134 0.321253 56.9344 0.00712693 0.999045 -0.0431232 -6.78852 -0.321253 0.0431258 0.946011 98.5475
0.957814 0.013477 0.287067 57.0184 -0.000475168 0.998973 -0.0453134 -6.81772 -0.287383 0.0432655 0.956838 99.0252
0.965963 0.0196575 0.257928 57.0898 -0.00785945 0.998879 -0.0466934 -6.84159 -0.258556 0.043077 0.965035 99.5363
0.971087 0.0156209 0.238209 57.1682 -0.00436984 0.998853 -0.047687 -6.86454 -0.238681 0.0452673 0.970043 100.009
0.974343 0.0129626 0.224687 57.2452 -0.00235551 0.998873 -0.0474121 -6.88749 -0.225048 0.0456665 0.973277 100.48
0.976697 0.0158641 0.214029 57.3041 -0.00565856 0.998821 -0.0482116 -6.91808 -0.214542 0.0458771 0.975637 101.006
0.978522 0.0202518 0.205139 57.3807 -0.0106388 0.998798 -0.0478558 -6.94628 -0.205862 0.0446456 0.977562 101.515
0.979359 0.0286612 0.200078 57.458 -0.0191079 0.998591 -0.0495172 -6.97021 -0.201215 0.0446722 0.978528 102.038
0.979316 0.0345737 0.199351 57.5154 -0.0243639 0.998274 -0.0534435 -7.00135 -0.200855 0.0474812 0.97847 102.598
0.979032 0.0366526 0.200373 57.5963 -0.0259004 0.998094 -0.0560224 -7.03896 -0.202044 0.0496581 0.978117 103.121
0.978336 0.0348886 0.204053 57.6922 -0.0232531 0.997979 -0.0591449 -7.07872 -0.205704 0.0531189 0.977172 103.64
0.977475 0.0335149 0.208365 57.8093 -0.0202369 0.997645 -0.0655333 -7.11356 -0.210071 0.0598406 0.975853 104.178
0.976694 0.0337197 0.211963 57.9435 -0.0192121 0.997353 -0.0701353 -7.14671 -0.213766 0.0644286 0.974758 104.725
0.975745 0.0382043 0.215544 58.0719 -0.023526 0.997252 -0.0702589 -7.18419 -0.217636 0.063484 0.973963 105.293
0.974507 0.0410577 0.22056 58.2052 -0.0269765 0.997423 -0.0664814 -7.22204 -0.222721 0.0588368 0.973105 105.893
0.973611 0.0381999 0.224987 58.3448 -0.0246062 0.997716 -0.062918 -7.25685 -0.226876 0.0557217 0.972328 106.479
0.973135 0.0334529 0.227785 58.5113 -0.0206745 0.998088 -0.0582562 -7.28844 -0.229299 0.0519819 0.971967 107.099
0.972351 0.0309693 0.231453 58.6569 -0.0188198 0.998336 -0.0545175 -7.32221 -0.232757 0.0486543 0.971317 107.723
0.971878 0.0265972 0.233973 58.8126 -0.0144532 0.998465 -0.0534659 -7.36042 -0.235036 0.0485807 0.970772 108.339
0.972138 0.0225864 0.233311 58.9833 -0.00956859 0.998341 -0.0567778 -7.40475 -0.234206 0.0529635 0.970743 108.97
0.972565 0.0216104 0.23162 59.1488 -0.0069843 0.99794 -0.0637817 -7.45324 -0.232522 0.0604143 0.970713 109.597
0.973026 0.0246507 0.229368 59.3126 -0.0088634 0.997535 -0.0696067 -7.50524 -0.230519 0.0656963 0.970848 110.241
0.973914 0.025943 0.225424 59.4903 -0.0096821 0.997289 -0.0729429 -7.55968 -0.226705 0.0688577 0.971526 110.922
0.974852 0.0254564 0.221388 59.664 -0.0103505 0.997554 -0.0691272 -7.61228 -0.222606 0.0650974 0.972733 111.604
0.975496 0.0222235 0.218885 59.8372 -0.00884721 0.998043 -0.0619024 -7.65447 -0.219833 0.0584492 0.973785 112.296
0.976421 0.0225347 0.21469 60.0215 -0.0105577 0.998331 -0.0567719 -7.69809 -0.215611 0.0531668 0.975031 113.007
0.977151 0.0262383 0.210913 60.1957 -0.014289 0.998216 -0.0579812 -7.7448 -0.212058 0.0536428 0.975784 113.715
0.977663 0.0321085 0.207706 60.348 -0.0194322 0.997838 -0.0627859 -7.78902 -0.209273 0.0573474 0.976174 114.431
0.978565 0.0327565 0.203311 60.5091 -0.0192818 0.997506 -0.0679071 -7.8385 -0.205029 0.0625314 0.976757 115.171
0.979632 0.0305585 0.198455 60.6653 -0.0166727 0.997318 -0.0712674 -7.89047 -0.200101 0.0665072 0.977516 115.906
0.980775 0.0268999 0.193274 60.8212 -0.0135411 0.997448 -0.0701101 -7.94334 -0.194667 0.0661451 0.978637 116.65
0.981778 0.0229089 0.188637 60.9743 -0.0101005 0.997594 -0.0685829 -7.9978 -0.189755 0.065428 0.979649 117.41
0.982466 0.0209475 0.185256 61.1426 -0.00871891 0.997743 -0.066579 -8.057 -0.186232 0.0637965 0.980432 118.219
0.982867 0.017493 0.183475 61.305 -0.0056929 0.997892 -0.0646452 -8.11128 -0.184219 0.0624933 0.980897 119.018
0.983189 0.0121714 0.182178 61.4669 -0.000568192 0.997975 -0.0636088 -8.16671 -0.182583 0.0624361 0.981206 119.823
0.983516 0.0129236 0.180354 61.6279 -0.00160557 0.998028 -0.0627597 -8.22153 -0.18081 0.0614356 0.981597 120.63
0.983594 0.0188643 0.179398 61.7874 -0.00723886 0.997844 -0.0652378 -8.27871 -0.180242 0.062869 0.981611 121.436
0.983612 0.0247495 0.178583 61.9493 -0.0126366 0.997561 -0.0686493 -8.34131 -0.179846 0.0652677 0.981527 122.259
0.983387 0.0338209 0.178334 62.1013 -0.02154 0.997289 -0.0703572 -8.40429 -0.18023 0.0653472 0.981452 123.089
0.982598 0.0399473 0.181391 62.2527 -0.0276103 0.997162 -0.070037 -8.46843 -0.183674 0.0638101 0.980914 123.931
0.982022 0.0426675 0.183871 62.4167 -0.0305467 0.9972 -0.0682572 -8.53324 -0.186269 0.0614135 0.980578 124.789
0.981363 0.0445829 0.186915 62.5479 -0.032033 0.997058 -0.0696345 -8.59038 -0.18947 0.0623493 0.979905 125.583
0.980737 0.0428765 0.190562 62.6795 -0.0294363 0.996912 -0.0728097 -8.654 -0.193096 0.0657978 0.978971 126.447
0.980507 0.0369051 0.192981 62.8239 -0.0233719 0.997135 -0.0719403 -8.7193 -0.195083 0.0660277 0.978562 127.278
0.980326 0.0306673 0.194983 62.9764 -0.0164457 0.997112 -0.0741429 -8.78835 -0.196694 0.0694777 0.978 128.14
0.979842 0.0304065 0.197441 63.1374 -0.0159351 0.997096 -0.0744746 -8.85728 -0.199133 0.0698272 0.977482 129.004
0.979608 0.032866 0.198207 63.2988 -0.0189239 0.997238 -0.0718299 -8.92437 -0.200021 0.0666143 0.977525 129.851
0.979597 0.0319518 0.198408 63.4613 -0.0189304 0.997561 -0.0671833 -8.98893 -0.200071 0.0620567 0.977814 130.698
0.979317 0.0326523 0.199673 63.6295 -0.0200847 0.997706 -0.064646 -9.05252 -0.201326 0.0592986 0.977728 131.535
0.979877 0.0199864 0.198594 63.8 -0.00549402 0.997298 -0.0732597 -9.12619 -0.199522 0.0706945 0.97734 132.37
0.98184 0.00796475 0.189537 64.0423 0.00891308 0.996078 -0.088029 -9.20289 -0.189494 0.0881198 0.97792 133.013
0.982846 0.00265379 0.1844 64.2708 0.0153538 0.995248 -0.0961583 -9.29181 -0.183779 0.0973402 0.978136 133.801
0.98365 -0.000590462 0.180081 64.4581 0.0165942 0.996037 -0.0873756 -9.36188 -0.179316 0.0889355 0.979764 134.585
0.984176 -0.00578099 0.177089 64.624 0.0179383 0.997583 -0.0671267 -9.43701 -0.176273 0.0692412 0.981903 135.453
0.985702 -0.0100652 0.168188 64.8708 0.0194188 0.998349 -0.0540617 -9.49552 -0.167367 0.0565548 0.984271 136.259
0.986568 -0.00692371 0.163197 65.0518 0.0169128 0.998061 -0.059899 -9.56404 -0.162466 0.0618546 0.984774 137.082
0.987162 -7.13472e-05 0.159714 65.1973 0.0123614 0.997034 -0.0759578 -9.63234 -0.159236 0.0769571 0.984237 137.898
0.987427 -0.00158983 0.158062 65.3285 0.0149044 0.996431 -0.0830864 -9.70395 -0.157366 0.0843976 0.983928 138.728
0.98774 -0.00615998 0.15598 65.4586 0.0195817 0.996218 -0.0846578 -9.77769 -0.154869 0.0866743 0.984126 139.56
0.988176 -0.00758552 0.153127 65.5846 0.020706 0.996228 -0.084272 -9.85273 -0.15191 0.0864464 0.984607 140.399
0.988734 -0.00892944 0.149406 65.7081 0.0220056 0.996044 -0.0860979 -9.9296 -0.148047 0.0884158 0.985021 141.24
0.989394 -0.00709997 0.145074 65.8274 0.0201243 0.995872 -0.088508 -10.0061 -0.143847 0.0904889 0.985454 142.069
0.989957 -0.00269008 0.141333 65.9438 0.0154572 0.995884 -0.0893138 -10.083 -0.140511 0.0906016 0.985925 142.9
0.990397 0.00169978 0.13823 66.0502 0.0109532 0.995816 -0.0907235 -10.1589 -0.137806 0.0913664 0.986236 143.723
0.990646 0.00385771 0.136389 66.1611 0.00844266 0.995952 -0.0894921 -10.2339 -0.136182 0.0898067 0.986605 144.509
0.990871 0.000272646 0.134802 66.2686 0.0113314 0.99629 -0.085307 -10.3072 -0.134325 0.0860559 0.987194 145.295
0.991105 -0.00177989 0.133059 66.3736 0.0132826 0.99624 -0.0856103 -10.3863 -0.132406 0.0866163 0.987404 146.093
0.991433 -0.00727741 0.1304 66.4771 0.0190771 0.995807 -0.089469 -10.4674 -0.129202 0.0911903 0.987417 146.909
0.992028 -0.010807 0.12554 66.5824 0.0226664 0.995368 -0.093427 -10.5436 -0.123949 0.0955279 0.98768 147.71
0.99289 -0.0153178 0.118035 66.6847 0.0267117 0.995065 -0.0955609 -10.615 -0.115989 0.0980345 0.988401 148.502
0.993747 -0.0165945 0.1104 66.7812 0.0267369 0.995489 -0.0910341 -10.6828 -0.108391 0.0934167 0.98971 149.296
0.994516 -0.0191522 0.102805 66.8801 0.0278289 0.996108 -0.0836397 -10.7478 -0.100803 0.086042 0.991179 150.103
0.994987 -0.0206499 0.0978315 66.9712 0.0280755 0.996778 -0.0751434 -10.8044 -0.0959645 0.0775135 0.992362 150.911
0.995618 -0.0149401 0.0923034 67.0505 0.0218696 0.996979 -0.0745242 -10.8633 -0.0909111 0.0762163 0.992939 151.727
0.99612 -0.0113637 0.0872513 67.1276 0.0183546 0.996647 -0.0797437 -10.9273 -0.0860524 0.0810358 0.99299 152.561
0.996672 -0.0109036 0.0807705 67.1764 0.0182144 0.995745 -0.0903373 -10.9979 -0.0794417 0.0915079 0.992631 153.345
0.997083 -0.0144178 0.0749264 67.2186 0.0216161 0.995131 -0.0961667 -11.0731 -0.0731749 0.0975059 0.992541 154.131
0.997579 -0.0160798 0.067639 67.2758 0.0225381 0.995143 -0.0958295 -11.1497 -0.0657694 0.0971221 0.993097 154.944
0.998208 -0.0104767 0.0588893 67.3236 0.0160266 0.995389 -0.0945745 -11.2268 -0.0576268 0.095349 0.993775 155.758
0.998735 -0.00578298 0.0499237 67.3681 0.0106197 0.995211 -0.0971678 -11.3118 -0.0491226 0.0975752 0.994015 156.59
0.999229 -0.00367171 0.0390453 67.3998 0.00768918 0.994626 -0.103245 -11.4017 -0.0384563 0.103466 0.99389 157.419
0.999524 -0.00553558 0.0303181 67.4264 0.00872039 0.994334 -0.105943 -11.496 -0.0295597 0.106157 0.99391 158.264
0.999743 -0.0056032 0.0218964 67.4402 0.00784742 0.994568 -0.103789 -11.5853 -0.0211958 0.103934 0.994358 159.095
0.9999 -0.00269561 0.0137449 67.4347 0.00403367 0.995152 -0.0982697 -11.6672 -0.0134132 0.0983154 0.995065 159.9
0.999986 0.000979296 0.00489921 67.4318 -0.000515191 0.995587 -0.0938445 -11.7509 -0.00496929 0.0938407 0.995575 160.733
0.999994 -7.7188e-05 -0.00288882 67.4239 -0.000187931 0.995789 -0.0916706 -11.8322 0.00288394 0.0916707 0.995785 161.548
0.999953 0.00168512 -0.00940124 67.4166 -0.00252569 0.995927 -0.0901309 -11.9141 0.00921129 0.0901505 0.995886 162.379
0.9999 0.000855071 -0.0139806 67.4049 -0.0021428 0.995724 -0.0923564 -11.9963 0.0138421 0.0923773 0.995628 163.186
0.999806 0.00443348 -0.0191334 67.3882 -0.00629253 0.995144 -0.098225 -12.0783 0.0186053 0.0983264 0.994981 164.018
0.999704 0.00932764 -0.0224052 67.3616 -0.0116464 0.99433 -0.105699 -12.1661 0.0212925 0.105928 0.994146 164.824
0.999616 0.0101127 -0.0257323 67.3366 -0.012827 0.994111 -0.107606 -12.2591 0.0244928 0.107895 0.993861 165.643
0.99948 0.0112885 -0.0301618 67.3073 -0.0143134 0.994678 -0.102036 -12.3475 0.0288497 0.102414 0.994324 166.46
0.999363 0.0133373 -0.0330481 67.2763 -0.0163425 0.995588 -0.0924034 -12.4339 0.0316701 0.0928847 0.995173 167.301
0.999162 0.0136718 -0.038525 67.248 -0.01694 0.996166 -0.0858265 -12.5132 0.0372042 0.0864074 0.995565 168.11
0.998967 0.00862211 -0.0445779 67.2129 -0.0126052 0.995875 -0.0898576 -12.5962 0.0436195 0.0903268 0.994957 168.919
0.998513 -0.00827229 -0.0538611 67.2446 0.00269557 0.994699 -0.1028 -12.6491 0.0544263 0.102502 0.993243 169.642
0.997863 -0.0136121 -0.0638893 67.2316 0.00649976 0.993884 -0.110238 -12.7142 0.0649995 0.109587 0.99185 170.456
0.997234 -0.0104017 -0.0735675 67.2035 0.00219055 0.993838 -0.110825 -12.7818 0.0742673 0.110358 0.991114 171.263
0.996493 -0.0119558 -0.0828001 67.1598 0.00306288 0.994286 -0.106708 -12.8522 0.0836031 0.10608 0.990837 172.078
0.995595 -0.018477 -0.0919021 67.1083 0.00862829 0.994283 -0.10643 -12.9239 0.0933435 0.105168 0.990064 172.893
0.99474 -0.0267997 -0.098853 67.0452 0.0164786 0.994463 -0.103784 -12.9941 0.101087 0.101609 0.989675 173.694
0.993794 -0.0326056 -0.106336 66.9708 0.0213017 0.994164 -0.105757 -13.0778 0.109164 0.102836 0.98869 174.562
0.992799 -0.0373363 -0.113809 66.89 0.0242344 0.993139 -0.114405 -13.167 0.1173 0.110823 0.986894 175.411
0.99145 -0.0470327 -0.121706 66.8045 0.0316796 0.991633 -0.125142 -13.266 0.126574 0.120216 0.984646 176.251
0.989749 -0.059806 -0.129679 66.753 0.0427901 0.990558 -0.130244 -13.3597 0.136245 0.12336 0.982965 177.041
0.988951 -0.056654 -0.136981 66.6215 0.0396688 0.991528 -0.123692 -13.4674 0.142829 0.116892 0.982821 177.915
0.988491 -0.0468345 -0.143836 66.4633 0.0307742 0.993241 -0.111919 -13.5759 0.148106 0.106204 0.983253 178.82
0.987933 -0.0410176 -0.149345 66.3305 0.0252637 0.994056 -0.105896 -13.6677 0.152801 0.100845 0.983099 179.651
0.987463 -0.0423809 -0.152048 66.1947 0.0257639 0.993638 -0.109639 -13.763 0.155728 0.104348 0.982273 180.477
0.987143 -0.0440067 -0.15365 66.0585 0.0254435 0.992356 -0.120755 -13.8682 0.15779 0.115293 0.980719 181.303
0.986939 -0.0361138 -0.156986 65.9148 0.0156551 0.991436 -0.129655 -13.9845 0.160324 0.125504 0.979053 182.143
0.986518 -0.0399528 -0.15869 65.7719 0.0186689 0.990885 -0.133414 -14.1039 0.162574 0.128653 0.978273 182.98
0.98592 -0.0457788 -0.160819 65.637 0.0249671 0.991314 -0.129125 -14.2188 0.165333 0.123292 0.978501 183.796
0.985867 -0.0440424 -0.161628 65.5041 0.024566 0.9924 -0.120578 -14.3303 0.165711 0.114904 0.979458 184.628
0.985701 -0.0426658 -0.163005 65.3696 0.0238261 0.992983 -0.115832 -14.4388 0.166803 0.110292 0.979802 185.459
0.985286 -0.0428096 -0.165455 65.232 0.0234238 0.99281 -0.117389 -14.5495 0.169291 0.111787 0.979206 186.295
0.984843 -0.0455922 -0.16734 65.0924 0.0244248 0.991674 -0.126437 -14.6682 0.171712 0.120434 0.977758 187.122
0.984038 -0.0561011 -0.168872 64.953 0.0329407 0.990031 -0.136949 -14.794 0.174872 0.1292 0.976078 187.945
0.983117 -0.0668839 -0.170306 64.8153 0.0430007 0.989182 -0.140251 -14.922 0.177845 0.13056 0.975359 188.772
0.983002 -0.0637583 -0.172158 64.6583 0.0406096 0.990043 -0.134784 -15.0675 0.179037 0.125502 0.975805 189.668
0.982826 -0.0570744 -0.175476 64.5095 0.0353945 0.991615 -0.124287 -15.1956 0.181098 0.115941 0.976607 190.522
0.982383 -0.056014 -0.17828 64.3648 0.0346396 0.99207 -0.120824 -15.3191 0.183635 0.11252 0.976534 191.353
0.982142 -0.0562043 -0.179539 64.2198 0.0341057 0.991711 -0.123882 -15.4432 0.185014 0.115547 0.97592 192.179
0.981924 -0.0565563 -0.18062 64.0815 0.0333305 0.991068 -0.129128 -15.5689 0.186311 0.120774 0.97504 192.999
0.982065 -0.0506255 -0.181612 63.9186 0.0271722 0.991224 -0.129376 -15.6918 0.186568 0.122121 0.974823 193.838
0.981996 -0.0472472 -0.18289 63.7633 0.0241178 0.99165 -0.126683 -15.8068 0.187349 0.119992 0.974937 194.655
0.981996 -0.0445041 -0.183574 63.5888 0.0217988 0.992056 -0.123897 -15.9263 0.18763 0.117665 0.975167 195.48
0.982269 -0.0417124 -0.182767 63.4204 0.0193277 0.99227 -0.122588 -16.0322 0.186468 0.116882 0.975484 196.289
0.98206 -0.0385626 -0.184578 63.269 0.0157532 0.992222 -0.123483 -16.1344 0.187904 0.11836 0.97503 197.076
0.981782 -0.0414581 -0.185422 63.1244 0.0176041 0.991555 -0.128488 -16.2379 0.189183 0.122884 0.974223 197.841
0.981451 -0.040049 -0.187477 62.9787 0.0148293 0.990866 -0.134038 -16.3488 0.191133 0.128772 0.973081 198.624
0.981134 -0.0391698 -0.189313 62.8286 0.013564 0.990794 -0.134703 -16.4604 0.192847 0.129594 0.972633 199.404
0.98077 -0.0363173 -0.191751 62.672 0.0121131 0.991967 -0.125921 -16.5638 0.194784 0.121177 0.973332 200.182
0.980437 -0.0349247 -0.193704 62.5134 0.0121157 0.992975 -0.117708 -16.6698 0.196455 0.113059 0.973973 200.992
0.980271 -0.0383654 -0.193891 62.3653 0.0157457 0.993021 -0.116884 -16.7693 0.197022 0.111525 0.974035 201.755
0.980045 -0.0396758 -0.194768 62.2181 0.0156355 0.992228 -0.123449 -16.8725 0.198153 0.117941 0.97305 202.49
0.98021 -0.0364073 -0.194575 62.0726 0.0114975 0.991753 -0.127648 -16.9766 0.197618 0.122885 0.972547 203.216
0.980279 -0.0371231 -0.194093 61.9441 0.0110804 0.990977 -0.133577 -17.0852 0.197301 0.128792 0.971847 203.918
