1 0 0 0 0 1 0 0 0 0 1 0
0.999672 -0.00118314 0.0255641 -0.0887054 0.00131502 0.999986 -0.00514234 0.0296251 -0.0255577 0.00517428 0.99966 0.380274
0.998748 -0.00468508 0.0498039 -0.168155 0.00529269 0.999913 -0.012075 0.0558489 -0.049743 0.0123235 0.998686 0.762889
0.997578 -0.00616417 0.0692794 -0.239965 0.00737633 0.999824 -0.0172545 0.0800923 -0.0691608 0.0177237 0.997448 1.14816
0.995586 -0.00653638 0.0936284 -0.301649 0.00860237 0.999728 -0.0216793 0.102458 -0.0934612 0.022389 0.995371 1.5344
0.992842 -0.00875977 0.119118 -0.353697 0.0116869 0.999646 -0.0238966 0.12375 -0.118867 0.0251177 0.992592 1.92237
0.988956 -0.0106993 0.147823 -0.394317 0.0149148 0.999512 -0.0274376 0.143145 -0.147458 0.0293393 0.988633 2.31177
0.984966 -0.0142541 0.172161 -0.425844 0.0200086 0.999296 -0.0317361 0.160111 -0.171588 0.0347036 0.984557 2.70253
0.980116 -0.0173707 0.197663 -0.446965 0.024845 0.999065 -0.0353961 0.175145 -0.196863 0.0396032 0.979631 3.09404
0.973018 -0.0193664 0.229915 -0.455079 0.0289319 0.998847 -0.038306 0.188666 -0.228908 0.0439243 0.972457 3.48602
0.964565 -0.0198663 0.263096 -0.449768 0.0311263 0.998766 -0.0386989 0.201837 -0.262003 0.0455168 0.963993 3.87851
0.956454 -0.0185312 0.291294 -0.432503 0.0311593 0.998762 -0.0387725 0.214369 -0.290215 0.0461607 0.955847 4.26772
0.942976 -0.0180009 0.332374 -0.397493 0.0331223 0.998655 -0.0398854 0.22591 -0.331209 0.04862 0.942304 4.65579
0.932253 -0.0174993 0.361384 -0.352158 0.0344022 0.998592 -0.0403918 0.236767 -0.360168 0.0500878 0.931542 5.03941
0.918671 -0.018321 0.394598 -0.293596 0.0375612 0.998449 -0.0410894 0.247048 -0.393233 0.0525692 0.917934 5.42053
0.899909 -0.0175865 0.435723 -0.215911 0.0404962 0.998239 -0.043347 0.256173 -0.434194 0.0566535 0.899036 5.80129
0.8798 -0.0191552 0.474958 -0.121173 0.0452364 0.998027 -0.043544 0.264946 -0.473187 0.0597954 0.87893 6.18017
0.857056 -0.0175226 0.514925 -0.00728883 0.0471809 0.997892 -0.0445716 0.273663 -0.513058 0.062495 0.856076 6.55583
0.826332 -0.0154691 0.562971 0.132847 0.0516115 0.997496 -0.0483468 0.279982 -0.560813 0.0690063 0.825061 6.92737
0.793124 -0.0165088 0.608837 0.298893 0.0595328 0.996947 -0.05052 0.285798 -0.606144 0.0763143 0.791685 7.29936
0.7564 -0.0124973 0.65399 0.49284 0.0625654 0.996616 -0.053318 0.290883 -0.65111 0.0812469 0.754622 7.67117
0.732755 -0.0128084 0.680372 0.700629 0.069843 0.995958 -0.0564709 0.293924 -0.676899 0.0888986 0.730688 8.04115
0.700916 -0.0133172 0.713119 0.929825 0.0811434 0.994823 -0.061177 0.293212 -0.708613 0.100745 0.698368 8.40862
0.678815 -0.013902 0.734178 1.16934 0.0876192 0.994211 -0.0621861 0.291635 -0.729063 0.106541 0.676103 8.76956
0.659428 -0.0162743 0.751591 1.41691 0.0950455 0.993548 -0.0618773 0.289224 -0.745735 0.112239 0.65672 9.12297
0.632133 -0.0171354 0.77467 1.67739 0.103024 0.992738 -0.062109 0.285767 -0.76798 0.119071 0.629308 9.46748
0.612013 -0.0164762 0.790676 1.9463 0.109847 0.991863 -0.0643572 0.280439 -0.783182 0.126241 0.608843 9.80694
0.585414 -0.0181243 0.810532 2.22668 0.116502 0.991255 -0.0619794 0.275589 -0.80232 0.130712 0.582406 10.1375
0.559315 -0.0199842 0.828714 2.51876 0.123807 0.99051 -0.059674 0.270563 -0.819657 0.135977 0.556482 10.4629
0.527252 -0.019409 0.849487 2.8236 0.130198 0.989779 -0.0581959 0.265403 -0.839675 0.141286 0.52439 10.7762
0.509372 -0.01828 0.860352 3.13504 0.133636 0.989326 -0.0580988 0.25977 -0.850107 0.144568 0.506377 11.0862
0.477467 -0.0157692 0.878508 3.46024 0.137944 0.988786 -0.0572239 0.253261 -0.867754 0.148508 0.474288 11.3855
0.456445 -0.0157241 0.889613 3.79245 0.143705 0.98802 -0.0562691 0.246183 -0.87807 0.153526 0.453236 11.6788
0.437318 -0.016309 0.899159 4.131 0.148524 0.987415 -0.0543267 0.239229 -0.886958 0.157305 0.434237 11.9669
0.410177 -0.0153535 0.911877 4.48014 0.151095 0.987185 -0.0513437 0.232973 -0.899403 0.15884 0.40724 12.2452
0.38795 -0.0154684 0.921551 4.83639 0.155166 0.986684 -0.0487591 0.227175 -0.908526 0.161909 0.385184 12.5148
0.36765 -0.0157546 0.929831 5.19897 0.160645 0.985902 -0.0468133 0.221356 -0.915984 0.166583 0.364997 12.7762
0.349122 -0.0156956 0.936946 5.57098 0.166165 0.985052 -0.0454145 0.21504 -0.922227 0.171543 0.346512 13.0277
0.332768 -0.0155392 0.942881 5.96005 0.17147 0.984193 -0.0442966 0.207525 -0.927288 0.176417 0.330173 13.259
0.319126 -0.0168521 0.947563 6.36536 0.178083 0.983098 -0.0424918 0.198226 -0.93083 0.182305 0.316733 13.4729
0.307918 -0.0178258 0.951246 6.78706 0.182951 0.982275 -0.0408139 0.187295 -0.933657 0.186599 0.305721 13.6623
0.293039 -0.0176634 0.955937 7.22512 0.187529 0.98147 -0.0393513 0.175368 -0.937529 0.190798 0.290922 13.8278
0.287013 -0.0192046 0.957734 7.67715 0.190213 0.981033 -0.0373311 0.163163 -0.938852 0.192888 0.285222 13.9858
0.279582 -0.02011 0.959911 8.13747 0.190713 0.981022 -0.0349943 0.151666 -0.94099 0.192851 0.278111 14.1343
0.27706 -0.0203588 0.960637 8.6097 0.190615 0.981069 -0.0341841 0.139607 -0.941756 0.192583 0.275696 14.273
0.273864 -0.0180951 0.961598 9.09 0.19081 0.980971 -0.0358832 0.125308 -0.942651 0.193309 0.272106 14.406
0.268753 -0.0171195 0.963057 9.57514 0.194154 0.980282 -0.0367555 0.110426 -0.943438 0.196859 0.266778 14.5339
0.269818 -0.016397 0.962772 10.082 0.19531 0.980003 -0.0380455 0.0940825 -0.942896 0.198305 0.267625 14.647
0.270535 -0.0174219 0.962552 10.599 0.19633 0.979823 -0.037446 0.0778409 -0.942478 0.199108 0.268497 14.7541
0.270263 -0.0182106 0.962614 11.1285 0.197205 0.97967 -0.036834 0.0616406 -0.942374 0.199787 0.26836 14.8569
0.274666 -0.0196587 0.961339 11.6681 0.199492 0.979202 -0.0369734 0.045596 -0.940617 0.201935 0.272876 14.9606
0.2869 -0.019173 0.957769 12.4493 0.198942 0.979195 -0.0399913 0.0369424 -0.937075 0.202014 0.284746 15.0144
0.29792 -0.0175276 0.95443 13.582 0.200463 0.978685 -0.0446005 0.0521287 -0.933305 0.204615 0.295084 15.1295
0.309602 -0.0169549 0.950715 14.7213 0.201122 0.978387 -0.0480474 0.0609576 -0.929353 0.206086 0.306321 15.2735
0.322147 -0.0171856 0.946534 15.8848 0.20243 0.97796 -0.0511397 0.0634018 -0.924794 0.208082 0.318526 15.4435
0.336754 -0.0171765 0.941436 17.0737 0.201592 0.977965 -0.0542668 0.0607152 -0.91976 0.20806 0.332796 15.6394
0.352326 -0.0165491 0.935731 18.2844 0.203547 0.977264 -0.0593571 0.048976 -0.913474 0.211379 0.347684 15.8667
0.366001 -0.0151757 0.930491 19.4968 0.203026 0.977084 -0.0639233 0.0245489 -0.908198 0.21231 0.360695 16.1286
0.380372 -0.01409 0.924726 20.7167 0.203981 0.976538 -0.0690248 -0.0128223 -0.902058 0.214881 0.374322 16.426
0.394773 -0.0133078 0.918682 21.9392 0.202778 0.9765 -0.0729918 -0.0606211 -0.896122 0.215104 0.388195 16.7546
0.408571 -0.0115516 0.912654 23.1734 0.201477 0.976395 -0.0778376 -0.118964 -0.890212 0.215681 0.401254 17.1096
0.422434 -0.0116756 0.906319 24.4138 0.201342 0.976144 -0.0812699 -0.183294 -0.883748 0.216811 0.414707 17.494
0.437204 -0.0117422 0.899286 25.684 0.199532 0.976262 -0.084259 -0.255677 -0.876949 0.216275 0.429169 17.9089
0.450335 -0.0112295 0.892789 26.9461 0.199714 0.975852 -0.0884644 -0.338588 -0.870237 0.218141 0.441704 18.3536
0.46402 -0.010651 0.885761 28.227 0.198665 0.975707 -0.0923415 -0.429554 -0.86326 0.218818 0.454864 18.8264
0.477019 -0.0108673 0.878826 29.5153 0.198737 0.975358 -0.0958116 -0.527607 -0.856129 0.220359 0.467424 19.3264
0.489347 -0.0107857 0.872023 30.804 0.198399 0.975081 -0.0992737 -0.632316 -0.849222 0.221588 0.479293 19.8482
0.501576 -0.0131575 0.865013 32.1003 0.199772 0.974621 -0.101013 -0.741094 -0.841731 0.223472 0.491476 20.4032
0.511465 -0.015422 0.859166 33.5022 0.201354 0.974153 -0.102381 -0.861247 -0.83538 0.22536 0.501351 21.0354
0.521413 -0.014705 0.853178 34.9013 0.20246 0.973432 -0.106954 -0.990573 -0.828938 0.228502 0.510537 21.6956
0.531155 -0.0132807 0.847171 36.2875 0.203554 0.972593 -0.112377 -1.12988 -0.82246 0.232135 0.519301 22.379
0.540774 -0.0123235 0.841078 37.7022 0.202582 0.97237 -0.116003 -1.27898 -0.816409 0.233119 0.528329 23.0929
0.549373 -0.0113708 0.8355 39.1026 0.202672 0.971862 -0.120038 -1.43819 -0.810626 0.235278 0.536219 23.8296
0.557976 -0.0119212 0.829771 40.493 0.202051 0.971758 -0.121907 -1.60168 -0.804884 0.235678 0.544627 24.5933
0.565834 -0.0125156 0.824424 41.8796 0.203999 0.970923 -0.125273 -1.7718 -0.798884 0.239065 0.551935 25.376
0.573089 -0.0129595 0.819391 43.2711 0.205277 0.970267 -0.128227 -1.94983 -0.793366 0.241688 0.55871 26.1815
0.579618 -0.0116993 0.814804 44.6661 0.204574 0.969965 -0.131598 -2.13433 -0.788791 0.242965 0.564603 27.005
0.586421 -0.0106081 0.809937 46.0577 0.203614 0.969738 -0.134722 -2.3248 -0.783997 0.243918 0.570835 27.8426
0.593333 -0.0092891 0.804904 47.4414 0.202257 0.969574 -0.137904 -2.52079 -0.779133 0.24462 0.577159 28.6928
0.600174 -0.00759206 0.799833 48.8174 0.200408 0.969487 -0.141179 -2.72247 -0.774356 0.245026 0.583383 29.5542
0.608446 -0.00695567 0.793565 50.192 0.197906 0.969698 -0.14324 -2.92899 -0.768522 0.244205 0.591386 30.4364
0.614668 -0.00648081 0.78876 51.5672 0.197828 0.969272 -0.1462 -3.14203 -0.763575 0.245904 0.597063 31.3369
0.62241 -0.00468861 0.782677 52.9353 0.194268 0.969615 -0.14868 -3.36184 -0.758198 0.244589 0.60441 32.2595
0.628196 -0.00329275 0.778048 54.3945 0.19404 0.969057 -0.152567 -3.59979 -0.753471 0.246815 0.609397 33.2473
0.633576 -0.000422325 0.773681 55.844 0.190716 0.969227 -0.15565 -3.84427 -0.749806 0.246169 0.614159 34.2456
0.636839 0.000646823 0.770996 57.2952 0.190338 0.968915 -0.158032 -4.0948 -0.747132 0.247391 0.61692 35.2554
0.63993 0.00218912 0.76843 58.7449 0.187802 0.969226 -0.159158 -4.35079 -0.74513 0.246163 0.619826 36.2771
0.641466 0.00350018 0.767143 60.1994 0.186814 0.969174 -0.160631 -4.61159 -0.744057 0.246353 0.621039 37.3096
0.64501 0.00535816 0.764155 61.6513 0.185726 0.968893 -0.163562 -4.8806 -0.741261 0.247422 0.623951 38.3555
0.648548 0.00687873 0.761143 63.1062 0.18536 0.968429 -0.166692 -5.15701 -0.738259 0.249194 0.626798 39.4156
0.651093 0.00920437 0.758942 64.5412 0.185374 0.967716 -0.170768 -5.44428 -0.736012 0.251874 0.628367 40.4737
0.653139 0.0110266 0.757158 65.9949 0.183742 0.967704 -0.172593 -5.7396 -0.734607 0.251849 0.630019 41.5505
0.654711 0.0123946 0.755778 67.4468 0.182055 0.967845 -0.173582 -6.03764 -0.733628 0.251239 0.631402 42.6322
0.657703 0.0137989 0.753151 68.9025 0.17879 0.968401 -0.173874 -6.33846 -0.731752 0.249014 0.634453 43.7241
0.660815 0.014778 0.750403 70.3566 0.17552 0.96904 -0.173649 -6.63995 -0.729737 0.246461 0.637763 44.8243
0.663573 0.0152028 0.747957 71.8115 0.173864 0.969284 -0.173951 -6.94325 -0.727627 0.245472 0.640548 45.9329
0.667364 0.0164083 0.744551 73.2684 0.173288 0.968894 -0.176676 -7.25315 -0.72429 0.246929 0.643762 47.0514
0.671879 0.0174492 0.740455 74.7478 0.172053 0.968698 -0.178947 -7.57246 -0.720399 0.247628 0.647846 48.1918
0.67619 0.0187379 0.736489 76.2242 0.16945 0.968919 -0.180228 -7.89611 -0.716975 0.246666 0.651998 49.3469
0.678456 0.0188254 0.7344 77.6999 0.170358 0.96839 -0.182204 -8.22648 -0.714616 0.248729 0.653803 50.5172
0.680359 0.0193732 0.732623 79.1714 0.171033 0.967851 -0.184425 -8.56185 -0.712642 0.250778 0.655172 51.6955
0.681024 0.0195727 0.731999 80.641 0.171515 0.967571 -0.185443 -8.90053 -0.71189 0.25184 0.655582 52.8824
0.682052 0.0173601 0.731097 82.109 0.173173 0.96745 -0.184529 -9.23735 -0.710503 0.252465 0.656846 54.0722
0.683203 0.0165233 0.730041 83.5748 0.175044 0.96689 -0.185697 -9.57648 -0.708937 0.254658 0.65769 55.264
0.685969 0.0141084 0.727494 85.0409 0.181912 0.964737 -0.190238 -9.92943 -0.704524 0.262838 0.659213 56.4721
0.689337 0.0133701 0.724317 86.5014 0.183349 0.964058 -0.19229 -10.2861 -0.700854 0.265355 0.66211 57.6864
0.693043 0.013947 0.720761 87.9572 0.181334 0.964293 -0.19302 -10.6446 -0.697716 0.26447 0.665768 58.9096
0.696353 0.0156039 0.717529 89.4076 0.179272 0.96429 -0.194952 -11.0072 -0.694948 0.264389 0.668689 60.1389
0.698271 0.0185016 0.715594 90.8543 0.177101 0.964123 -0.197741 -11.3754 -0.693579 0.264809 0.669943 61.3707
0.700403 0.020471 0.713454 92.3004 0.174575 0.964315 -0.19905 -11.7471 -0.692068 0.263967 0.671835 62.6103
0.700784 0.0221054 0.71303 93.7469 0.173469 0.964238 -0.200383 -12.122 -0.69196 0.264115 0.671888 63.8532
0.703675 0.0233239 0.710138 95.1882 0.171197 0.96445 -0.201316 -12.4991 -0.689588 0.263235 0.674667 65.1021
0.705633 0.0269989 0.708062 96.6258 0.168187 0.964335 -0.204381 -12.8828 -0.688327 0.263305 0.675926 66.3538
0.70845 0.0269618 0.705245 98.0584 0.167406 0.964332 -0.205033 -13.2678 -0.685618 0.263318 0.678668 67.6115
0.710905 0.0272552 0.702759 99.4865 0.16651 0.964316 -0.205839 -13.6546 -0.683291 0.263349 0.680999 68.8742
0.71381 0.0274527 0.699801 100.914 0.166713 0.963847 -0.207861 -14.0465 -0.680207 0.265039 0.683427 70.1471
0.717624 0.0285335 0.695846 102.333 0.166313 0.96323 -0.211016 -14.4465 -0.67628 0.267158 0.686492 71.4319
0.721229 0.0299033 0.69205 103.745 0.165634 0.962641 -0.214213 -14.8529 -0.672602 0.269125 0.689332 72.7227
0.725059 0.0310105 0.687988 105.15 0.164096 0.962433 -0.216319 -15.2636 -0.668851 0.269741 0.692732 74.0213
0.727226 0.0344673 0.685531 106.551 0.160914 0.962345 -0.219086 -15.6801 -0.667269 0.269637 0.694297 75.3236
0.731707 0.0361585 0.680659 107.943 0.15858 0.96216 -0.221586 -16.1021 -0.662915 0.270075 0.698285 76.6348
0.733344 0.036497 0.678877 109.336 0.158863 0.961714 -0.223312 -16.5287 -0.661035 0.271613 0.69947 77.9524
0.736537 0.0353256 0.675474 110.73 0.160855 0.960838 -0.225646 -16.9639 -0.656991 0.27485 0.702011 79.2893
0.73923 0.0338637 0.672601 112.226 0.163593 0.95979 -0.228122 -17.4195 -0.65328 0.278668 0.703966 80.7096
0.74309 0.0334744 0.668354 113.73 0.165033 0.958733 -0.231506 -17.8913 -0.648522 0.28233 0.706901 82.1729
0.745151 0.0337176 0.666043 115.254 0.165359 0.958192 -0.233506 -18.3725 -0.646069 0.284134 0.708422 83.6605
0.747606 0.0351088 0.663213 116.783 0.165955 0.957048 -0.237736 -18.8674 -0.643073 0.287796 0.709669 85.1711
0.749689 0.0373452 0.660735 118.315 0.166324 0.955728 -0.242734 -19.3756 -0.640548 0.291871 0.710288 86.689
0.751533 0.0391705 0.658532 119.847 0.167331 0.954271 -0.247724 -19.8973 -0.638121 0.296366 0.710611 88.2171
0.754465 0.0410206 0.655057 121.37 0.16732 0.953049 -0.252393 -20.4303 -0.634654 0.300026 0.712178 89.7509
0.756313 0.0430068 0.652794 122.888 0.167151 0.952014 -0.256378 -20.9725 -0.632495 0.303017 0.712832 91.2865
0.757754 0.0430333 0.65112 124.403 0.167746 0.951444 -0.2581 -21.5185 -0.630611 0.304799 0.713742 92.8252
0.75865 0.0427809 0.650092 125.915 0.169598 0.95047 -0.260467 -22.0696 -0.629035 0.307857 0.713819 94.3639
0.760439 0.0427252 0.648002 127.422 0.169669 0.950104 -0.261753 -22.6236 -0.626853 0.308993 0.715247 95.9066
0.762274 0.0420684 0.645885 128.924 0.171617 0.949033 -0.264356 -23.1857 -0.624087 0.312357 0.716204 97.4576
0.76417 0.0434438 0.64355 130.419 0.171555 0.948103 -0.267712 -23.7571 -0.621782 0.314982 0.717059 99.0149
0.766459 0.0442519 0.640766 131.922 0.172926 0.94657 -0.272218 -24.3444 -0.618576 0.319449 0.717855 100.59
0.768344 0.0449211 0.638458 133.428 0.173493 0.945569 -0.275317 -24.9414 -0.616073 0.322307 0.718729 102.173
0.770053 0.044745 0.636409 134.936 0.175383 0.944257 -0.278603 -25.5483 -0.613399 0.326155 0.71928 103.765
0.772325 0.04315 0.63376 136.465 0.17852 0.942737 -0.281739 -26.1737 -0.609626 0.330733 0.720397 105.398
0.773922 0.0416561 0.631909 137.998 0.181313 0.941487 -0.284125 -26.8107 -0.606769 0.334464 0.721085 107.052
0.774792 0.0411667 0.630874 139.532 0.183791 0.940114 -0.287064 -27.4569 -0.604911 0.338365 0.720827 108.712
0.775673 0.0430007 0.629668 141.068 0.18317 0.939397 -0.289795 -28.1119 -0.60397 0.340123 0.720789 110.377
0.777144 0.0431539 0.627841 142.586 0.184999 0.937901 -0.293457 -28.7767 -0.601517 0.344209 0.720901 112.042
0.777368 0.0451137 0.627426 144.1 0.184807 0.93703 -0.296347 -29.4477 -0.601286 0.346324 0.720079 113.704
0.777593 0.046606 0.627038 145.614 0.185151 0.936061 -0.299181 -30.1254 -0.600889 0.348738 0.719245 115.364
0.778697 0.0498948 0.625413 147.121 0.182567 0.935676 -0.30196 -30.8094 -0.60025 0.349315 0.719499 117.024
0.779475 0.0505965 0.624387 148.625 0.183133 0.934784 -0.30437 -31.4993 -0.599066 0.351595 0.719375 118.684
0.779821 0.049873 0.624013 150.129 0.184145 0.934443 -0.304807 -32.19 -0.598306 0.352603 0.719514 120.344
0.781436 0.0509521 0.621902 151.628 0.183078 0.934075 -0.306571 -32.8852 -0.596523 0.353422 0.720592 122.007
0.782418 0.0529857 0.620495 153.123 0.181911 0.933472 -0.309093 -33.5864 -0.595592 0.354715 0.720727 123.67
0.782477 0.0556241 0.62019 154.618 0.180717 0.932846 -0.311672 -34.2939 -0.595878 0.355955 0.719878 125.332
0.780937 0.0571241 0.621991 156.117 0.181104 0.932323 -0.313009 -35.0045 -0.597777 0.357086 0.717741 126.988
0.781461 0.0592455 0.621134 157.614 0.179912 0.931806 -0.315229 -35.7207 -0.597452 0.358089 0.717511 128.644
0.781503 0.0615058 0.620862 159.11 0.178867 0.931269 -0.317404 -36.442 -0.597711 0.359104 0.716788 130.299
0.780652 0.0633652 0.621746 160.608 0.17825 0.930949 -0.318685 -37.1665 -0.599007 0.359608 0.715453 131.95
0.779732 0.0660042 0.622624 162.107 0.17696 0.930651 -0.320271 -37.8951 -0.600585 0.359906 0.713979 133.598
0.779369 0.0685041 0.622809 163.606 0.175882 0.93012 -0.322401 -38.629 -0.601372 0.36081 0.712858 135.244
0.777721 0.0695856 0.624747 165.109 0.177294 0.929225 -0.324204 -39.3678 -0.60309 0.362904 0.71034 136.885
0.776234 0.0704491 0.626496 166.616 0.178741 0.928369 -0.325856 -40.1105 -0.604576 0.364921 0.70804 138.521
0.774062 0.0685859 0.629384 168.129 0.184487 0.926536 -0.327864 -40.8584 -0.605633 0.3699 0.704544 140.149
0.776429 0.0707539 0.62622 169.635 0.182615 0.925785 -0.331019 -41.6138 -0.603166 0.37137 0.705886 141.781
0.777247 0.0723728 0.625019 171.137 0.181674 0.925239 -0.333058 -42.3739 -0.602396 0.372418 0.705991 143.414
0.779426 0.0737575 0.622138 172.632 0.180626 0.924421 -0.335886 -43.1409 -0.599891 0.374173 0.707195 145.049
0.78131 0.0752442 0.61959 174.122 0.179757 0.923516 -0.338829 -43.9149 -0.597696 0.376107 0.708027 146.687
0.780195 0.0762148 0.620875 175.623 0.181224 0.922444 -0.340961 -44.6967 -0.598709 0.378534 0.705875 148.326
0.784403 0.0760659 0.615569 177.11 0.181844 0.920638 -0.345482 -45.4896 -0.592995 0.382935 0.70832 149.972
0.784445 0.0776072 0.615323 178.596 0.182447 0.919363 -0.348546 -46.2891 -0.592755 0.385679 0.707031 151.613
0.786002 0.0789748 0.613159 180.089 0.181944 0.918333 -0.351513 -47.1004 -0.590844 0.387851 0.707442 153.262
0.784956 0.0794432 0.614437 181.586 0.182465 0.918115 -0.35181 -47.9124 -0.592073 0.388269 0.706185 154.908
0.786483 0.0813999 0.612223 183.077 0.1812 0.917242 -0.35473 -48.7316 -0.590432 0.389924 0.706646 156.555
0.784998 0.0830212 0.61391 184.572 0.181112 0.916929 -0.355584 -49.5527 -0.592433 0.390319 0.704751 158.198
0.782872 0.0829923 0.616623 186.074 0.183884 0.915928 -0.356738 -50.3761 -0.594388 0.392668 0.701793 159.833
0.782458 0.0852829 0.616836 187.574 0.182787 0.915483 -0.35844 -51.2042 -0.595271 0.393214 0.700739 161.466
0.780892 0.0872286 0.618545 189.078 0.182481 0.915155 -0.359433 -52.0351 -0.597418 0.393551 0.69872 163.095
0.782564 0.087171 0.616436 190.577 0.182317 0.914652 -0.360793 -52.8694 -0.595276 0.394731 0.699882 164.727
0.783581 0.0866958 0.615211 192.073 0.182785 0.914223 -0.361642 -53.7056 -0.593793 0.395827 0.700521 166.361
0.78472 0.0858777 0.613872 193.566 0.183283 0.913924 -0.362147 -54.543 -0.592133 0.396696 0.701435 167.997
0.787829 0.0859153 0.609872 195.05 0.182424 0.913237 -0.364306 -55.3858 -0.588257 0.398266 0.703802 169.639
0.788531 0.086809 0.608838 196.539 0.180711 0.913578 -0.364306 -56.2298 -0.587846 0.39729 0.704697 171.283
0.789902 0.0862045 0.607144 198.025 0.181018 0.913175 -0.365162 -57.0771 -0.585907 0.398346 0.705714 172.93
0.791686 0.0870331 0.604697 199.525 0.179079 0.913262 -0.3659 -57.9315 -0.584092 0.397966 0.707431 174.583
0.793525 0.0897731 0.601879 201.023 0.175726 0.91312 -0.367876 -58.793 -0.582613 0.397684 0.708808 176.239
0.795237 0.0938795 0.598986 202.527 0.17154 0.912734 -0.370797 -59.6663 -0.581525 0.397621 0.709736 177.9
0.795644 0.0966606 0.598003 204.036 0.167731 0.913435 -0.370813 -60.5418 -0.58208 0.395339 0.710556 179.564
0.797949 0.0963286 0.594977 205.532 0.167968 0.912499 -0.373005 -61.4245 -0.578847 0.397576 0.711948 181.232
0.796173 0.0984234 0.59701 207.047 0.165326 0.913749 -0.371121 -62.307 -0.582044 0.394178 0.71123 182.905
0.796791 0.100893 0.595773 208.559 0.161836 0.914309 -0.371278 -63.1904 -0.58218 0.392248 0.712185 184.582
0.799164 0.10023 0.592698 210.071 0.161728 0.913792 -0.372595 -64.0817 -0.578948 0.39362 0.71406 186.265
0.801722 0.0984664 0.58953 211.582 0.162361 0.913369 -0.373356 -64.9783 -0.575222 0.395044 0.716282 187.958
0.803668 0.0990032 0.586784 213.081 0.160929 0.913162 -0.374481 -65.8749 -0.572903 0.395389 0.717948 189.653
0.805748 0.0975946 0.584162 214.581 0.16047 0.913461 -0.37395 -66.7735 -0.570105 0.39505 0.720358 191.357
0.808837 0.0957499 0.580184 216.072 0.160537 0.913217 -0.374517 -67.6774 -0.565694 0.396064 0.723273 193.076
0.811054 0.096636 0.576934 217.56 0.15795 0.913449 -0.375049 -68.5877 -0.563243 0.395312 0.725593 194.807
0.813021 0.0968118 0.574129 219.047 0.156639 0.913354 -0.375829 -69.5041 -0.560768 0.395488 0.727412 196.549
0.815227 0.097353 0.570901 220.515 0.154714 0.913335 -0.376673 -70.421 -0.558093 0.3954 0.729513 198.294
0.818183 0.0969474 0.566726 221.978 0.153417 0.913132 -0.377694 -71.3438 -0.554112 0.395968 0.732236 200.05
0.819401 0.0961384 0.565101 223.437 0.152928 0.91344 -0.377147 -72.2653 -0.552444 0.395455 0.733771 201.81
0.823268 0.0966775 0.559359 224.878 0.150205 0.913166 -0.378902 -73.1928 -0.547418 0.395956 0.737259 203.581
0.825072 0.0961937 0.556779 226.319 0.149704 0.912969 -0.379573 -74.1245 -0.544834 0.396527 0.738865 205.359
0.828245 0.0964273 0.552008 227.749 0.147109 0.913116 -0.380234 -75.0605 -0.540712 0.396132 0.742098 207.15
0.83095 0.0994523 0.547386 229.185 0.142311 0.913163 -0.381942 -76.0124 -0.537838 0.395274 0.74464 208.97
0.833277 0.103848 0.543015 230.609 0.136516 0.913134 -0.384121 -76.9705 -0.535735 0.394209 0.746717 210.797
0.836109 0.108512 0.537724 232.035 0.129449 0.913527 -0.38563 -77.9395 -0.533071 0.392036 0.749762 212.639
0.839741 0.109915 0.531746 233.481 0.123904 0.914671 -0.38474 -78.9185 -0.528661 0.388967 0.754468 214.511
0.842083 0.112417 0.527502 234.907 0.119445 0.914881 -0.38565 -79.8991 -0.525955 0.387757 0.756978 216.39
0.845886 0.116962 0.520381 236.32 0.111601 0.915249 -0.387122 -80.8862 -0.521556 0.385536 0.761144 218.283
0.845797 0.115842 0.520777 237.734 0.113627 0.91463 -0.387994 -81.8753 -0.521264 0.387338 0.760429 220.174
0.847442 0.115266 0.518224 239.14 0.112936 0.91466 -0.388126 -82.8649 -0.518736 0.38744 0.762104 222.07
0.84963 0.11661 0.514327 240.537 0.109671 0.91486 -0.38859 -83.8564 -0.51585 0.386564 0.764504 223.974
0.850289 0.115876 0.513402 241.934 0.110855 0.91415 -0.389923 -84.8523 -0.514509 0.388461 0.764446 225.88
0.854761 0.118483 0.505318 243.304 0.10537 0.913706 -0.392476 -85.8551 -0.508214 0.388718 0.768516 227.798
0.856411 0.118775 0.502447 244.669 0.104004 0.913539 -0.393229 -86.8603 -0.50571 0.389022 0.770012 229.721
0.857266 0.118224 0.501117 246.033 0.1046 0.912994 -0.394335 -87.8717 -0.504137 0.390466 0.770313 231.652
0.857242 0.121818 0.500297 247.398 0.101053 0.912917 -0.395437 -88.8922 -0.504901 0.389542 0.77028 233.597
0.85743 0.130915 0.497671 248.753 0.0931396 0.911646 -0.400282 -89.9289 -0.506102 0.389566 0.769479 235.548
0.860548 0.145091 0.488269 250.081 0.0789566 0.908992 -0.409267 -90.99 -0.503213 0.390746 0.770775 237.502
0.859341 0.134518 0.493395 251.425 0.0958165 0.90535 -0.413714 -92.0614 -0.502347 0.402797 0.765116 239.444
0.862945 0.126983 0.489082 252.755 0.100012 0.905837 -0.411651 -93.1267 -0.495301 0.404147 0.768988 241.396
0.864093 0.12228 0.488253 254.084 0.0995744 0.90934 -0.403961 -94.1725 -0.493384 0.397678 0.773579 243.363
0.863895 0.122704 0.488497 255.414 0.0952103 0.9126 -0.397611 -95.2048 -0.494591 0.390004 0.776709 245.341
0.864238 0.125811 0.487097 256.738 0.0907034 0.913391 -0.396849 -96.2374 -0.494838 0.387153 0.777976 247.326
0.866647 0.129526 0.481816 258.044 0.0850748 0.913204 -0.398521 -97.2752 -0.491615 0.386368 0.780407 249.32
0.867601 0.125036 0.481284 259.348 0.0918198 0.910944 -0.402182 -98.3226 -0.48871 0.393125 0.778855 251.31
0.867191 0.121316 0.482971 260.659 0.0993838 0.908196 -0.406574 -99.3813 -0.487956 0.400577 0.775523 253.291
0.869913 0.123598 0.477467 261.944 0.096935 0.906361 -0.411233 -100.451 -0.483585 0.40402 0.776475 255.274
0.868641 0.120567 0.480548 263.251 0.10186 0.905757 -0.411373 -101.526 -0.484857 0.406284 0.774497 257.257
0.869831 0.120074 0.478514 264.551 0.101203 0.905875 -0.411276 -102.602 -0.482857 0.406167 0.775807 259.245
0.872632 0.121955 0.472905 265.828 0.0967137 0.90599 -0.412102 -103.679 -0.478705 0.40535 0.778802 261.241
0.872061 0.119479 0.474588 267.114 0.100576 0.905289 -0.412718 -104.76 -0.47895 0.407647 0.777451 263.236
0.873191 0.119185 0.47258 268.393 0.100441 0.904818 -0.413781 -105.844 -0.476915 0.408776 0.778109 265.234
0.874033 0.118192 0.471272 269.669 0.101532 0.904115 -0.415051 -106.93 -0.475139 0.410617 0.778226 267.232
0.875845 0.116991 0.468197 270.934 0.100922 0.904317 -0.41476 -108.017 -0.471921 0.410517 0.780235 269.237
0.878325 0.116674 0.463608 272.185 0.0984288 0.90485 -0.414196 -109.103 -0.467821 0.409431 0.783268 271.253
0.878278 0.113292 0.464534 273.441 0.101821 0.904927 -0.413205 -110.188 -0.467182 0.410208 0.783243 273.271
0.878026 0.112089 0.465302 274.696 0.105137 0.903272 -0.415988 -111.279 -0.466922 0.414168 0.781312 275.278
0.878058 0.11563 0.464373 275.947 0.103186 0.901797 -0.41966 -112.379 -0.467295 0.416403 0.7799 277.281
0.881516 0.122406 0.45601 277.165 0.0932357 0.901663 -0.422268 -113.483 -0.462856 0.414752 0.783419 279.291
0.880838 0.120013 0.457954 278.391 0.0967841 0.901254 -0.422342 -114.59 -0.463419 0.416338 0.782244 281.303
0.883393 0.12421 0.451871 279.587 0.0904173 0.900943 -0.424413 -115.7 -0.459826 0.41578 0.784657 283.317
0.883314 0.126008 0.451529 280.784 0.0889982 0.900602 -0.425435 -116.814 -0.460256 0.415977 0.7843 285.332
0.884726 0.127377 0.448369 281.968 0.0866992 0.900177 -0.426808 -117.93 -0.457976 0.416481 0.785367 287.35
0.884413 0.123343 0.450111 283.156 0.0912986 0.900086 -0.42604 -119.043 -0.457688 0.417889 0.784787 289.365
0.88687 0.120089 0.446139 284.333 0.0913171 0.901019 -0.424058 -120.151 -0.452904 0.416824 0.788121 291.389
0.887294 0.111134 0.447613 285.514 0.099081 0.90194 -0.420342 -121.248 -0.450434 0.417317 0.789275 293.415
0.891568 0.109844 0.439363 286.673 0.0943678 0.903787 -0.417448 -122.338 -0.442945 0.413645 0.795423 295.457
0.892443 0.115179 0.43621 287.823 0.0890032 0.902915 -0.420502 -123.437 -0.442293 0.414098 0.79555 297.497
0.89034 0.117813 0.439788 288.984 0.0909489 0.90045 -0.425343 -124.547 -0.446118 0.418698 0.790993 299.525
0.891719 0.122518 0.435691 290.13 0.0855414 0.899687 -0.428072 -125.665 -0.444432 0.418989 0.791788 301.555
0.896647 0.128059 0.423821 291.244 0.0748161 0.899666 -0.430121 -126.788 -0.436378 0.417375 0.797102 303.6
0.898154 0.126613 0.421055 292.351 0.0752268 0.899267 -0.430882 -127.913 -0.433196 0.418673 0.798157 305.647
0.901481 0.128433 0.413323 293.438 0.0693394 0.89977 -0.43082 -129.038 -0.427227 0.417036 0.80222 307.704
0.903321 0.131289 0.408379 294.512 0.0659861 0.898152 -0.434705 -130.173 -0.423859 0.419625 0.802657 309.763
0.903715 0.13653 0.405781 295.58 0.05977 0.898274 -0.435351 -131.31 -0.423941 0.417686 0.803624 311.824
0.904071 0.144018 0.402384 296.637 0.0507492 0.898675 -0.435669 -132.449 -0.424357 0.414297 0.805158 313.889
0.904584 0.14944 0.399242 297.687 0.0446203 0.898205 -0.437305 -133.592 -0.423952 0.413394 0.805835 315.956
0.907001 0.151729 0.392844 298.719 0.039585 0.897992 -0.438227 -134.738 -0.419262 0.413023 0.808474 318.032
0.906939 0.146753 0.394873 299.756 0.0456654 0.897585 -0.438469 -135.884 -0.418779 0.415696 0.807354 320.104
0.908703 0.14452 0.391629 300.785 0.0454113 0.898369 -0.436887 -137.027 -0.414965 0.414785 0.809788 322.182
0.909343 0.143642 0.390464 301.811 0.0450681 0.898977 -0.435671 -138.166 -0.413598 0.413771 0.811005 324.262
0.909642 0.146054 0.38887 302.832 0.0432335 0.897777 -0.438323 -139.311 -0.413137 0.415529 0.810341 326.34
0.91135 0.147786 0.384187 303.841 0.0400445 0.89707 -0.440071 -140.462 -0.409678 0.416443 0.811627 328.421
0.912821 0.147734 0.3807 304.84 0.03935 0.896105 -0.442093 -141.617 -0.406459 0.418532 0.812171 330.504
0.915337 0.146715 0.37501 305.825 0.0372789 0.896393 -0.441689 -142.772 -0.400959 0.418274 0.815033 332.593
0.915985 0.143595 0.374636 306.808 0.0401274 0.896288 -0.441653 -143.926 -0.399201 0.41958 0.815224 334.683
0.919578 0.144611 0.365327 307.766 0.0342776 0.896732 -0.441245 -145.078 -0.391408 0.418282 0.819658 336.784
0.922849 0.146821 0.356079 308.699 0.027394 0.897133 -0.440911 -146.23 -0.384185 0.416649 0.823897 338.895
0.921886 0.141217 0.360809 309.645 0.0351141 0.896934 -0.440768 -147.38 -0.385865 0.419008 0.821913 340.998
0.925637 0.14524 0.34943 310.56 0.0253097 0.897581 -0.440123 -148.529 -0.377565 0.416237 0.827158 343.115
0.927573 0.147382 0.343346 311.46 0.0208882 0.897026 -0.441483 -149.681 -0.373057 0.416679 0.828979 345.236
0.925237 0.141027 0.352202 312.382 0.0325149 0.895451 -0.443971 -150.839 -0.377991 0.42223 0.82392 347.342
0.929086 0.144159 0.340613 313.273 0.0233773 0.896186 -0.443062 -151.994 -0.369123 0.419606 0.829264 349.461
0.928612 0.141508 0.343009 314.17 0.0270321 0.896165 -0.442895 -153.148 -0.370066 0.42055 0.828365 351.575
0.931421 0.146026 0.333363 315.041 0.0179383 0.896443 -0.442796 -154.301 -0.3635 0.41841 0.832347 353.698
0.932009 0.145782 0.331822 315.909 0.0174838 0.896388 -0.442925 -155.455 -0.362012 0.418612 0.832893 355.823
0.933274 0.146798 0.327796 316.765 0.0150098 0.895921 -0.443959 -156.611 -0.358851 0.419255 0.833937 357.949
0.935001 0.146669 0.322893 317.609 0.0126399 0.896112 -0.443648 -157.766 -0.354417 0.418893 0.836013 360.081
0.937706 0.147165 0.314721 318.432 0.0075093 0.89706 -0.441844 -158.917 -0.347347 0.416683 0.840074 362.224
0.936577 0.143153 0.319891 319.269 0.0135714 0.897272 -0.441269 -160.065 -0.350198 0.417623 0.838422 364.36
0.935005 0.139065 0.32623 320.121 0.021183 0.896363 -0.442815 -161.217 -0.354 0.420944 0.835158 366.486
0.936967 0.141466 0.319498 320.955 0.0157939 0.896295 -0.443177 -162.37 -0.349059 0.420288 0.837565 368.619
0.940063 0.144802 0.308729 321.761 0.00770173 0.896115 -0.443755 -163.525 -0.340913 0.419535 0.84129 370.762
0.939642 0.141527 0.311515 322.574 0.0126121 0.895499 -0.444885 -164.681 -0.341924 0.421961 0.839664 372.898
0.940196 0.138687 0.311121 323.385 0.0149581 0.895671 -0.444464 -165.837 -0.340303 0.422537 0.840033 375.036
0.9446 0.146824 0.293554 324.149 -0.000929555 0.895563 -0.444933 -166.993 -0.328223 0.420011 0.846086 377.186
0.944422 0.145472 0.294795 324.917 0.00143704 0.894922 -0.44622 -168.151 -0.328731 0.421844 0.844976 379.332
0.944674 0.142996 0.2952 325.686 0.00365908 0.895321 -0.445406 -169.308 -0.32799 0.421844 0.845263 381.478
0.946022 0.143045 0.290827 326.443 0.00130084 0.895648 -0.444762 -170.462 -0.324099 0.421133 0.847117 383.629
0.947682 0.145174 0.284294 327.183 -0.00410058 0.896064 -0.443905 -171.615 -0.319189 0.419515 0.84978 385.787
0.947962 0.141972 0.284975 327.925 -0.00048132 0.895711 -0.444636 -172.769 -0.318381 0.421361 0.849169 387.943
0.948171 0.138809 0.285839 328.669 0.00341334 0.895039 -0.445974 -173.926 -0.317742 0.423835 0.848177 390.096
0.950254 0.138228 0.279122 329.396 0.000287877 0.895742 -0.444573 -175.08 -0.311473 0.422537 0.851144 392.257
0.951141 0.138105 0.276148 330.115 -0.00126075 0.896116 -0.443816 -176.232 -0.308754 0.421784 0.852508 394.422
0.952565 0.13926 0.270604 330.82 -0.00502083 0.896234 -0.443553 -177.384 -0.304294 0.421154 0.85442 396.592
0.954235 0.140666 0.263911 331.507 -0.00942324 0.896176 -0.443598 -178.535 -0.298909 0.420809 0.856488 398.767
0.953292 0.134586 0.270408 332.214 -0.000771389 0.896325 -0.443396 -179.685 -0.302048 0.422478 0.854564 400.932
0.953691 0.131997 0.270278 332.918 0.00109913 0.89703 -0.441967 -180.83 -0.300786 0.421797 0.855345 403.099
0.954558 0.131754 0.267318 333.615 -0.000445838 0.897599 -0.440812 -181.973 -0.298023 0.420662 0.85687 405.271
0.953511 0.126158 0.27368 334.329 0.00857584 0.896428 -0.443106 -183.121 -0.301236 0.424853 0.853672 407.433
0.955883 0.128894 0.263958 335.017 0.00184694 0.895933 -0.444184 -184.271 -0.293741 0.425075 0.85617 409.601
0.959021 0.13454 0.249352 335.667 -0.0103344 0.896092 -0.443748 -185.42 -0.283144 0.422987 0.860762 411.78
0.959309 0.131702 0.24976 336.319 -0.00806452 0.896972 -0.442013 -186.563 -0.282241 0.422013 0.861536 413.961
0.960597 0.130953 0.24516 336.958 -0.00993023 0.897659 -0.440578 -187.704 -0.277765 0.420783 0.86359 416.147
0.959337 0.121012 0.255007 337.623 0.00422041 0.897186 -0.441632 -188.845 -0.282231 0.42475 0.860193 418.323
0.960891 0.121793 0.248707 338.27 0.000762661 0.896927 -0.442178 -189.989 -0.276925 0.425074 0.861756 420.503
0.960967 0.11789 0.250286 338.922 0.00531536 0.896632 -0.442743 -191.133 -0.27661 0.426792 0.861009 422.681
0.96224 0.115954 0.246271 339.563 0.00494802 0.897129 -0.441739 -192.274 -0.272158 0.426277 0.86268 424.863
0.965383 0.121713 0.230695 340.165 -0.00826718 0.898285 -0.439334 -193.409 -0.260702 0.422218 0.868197 427.059
0.965237 0.120162 0.232116 340.771 -0.00609744 0.898168 -0.43961 -194.544 -0.261303 0.422912 0.867678 429.252
0.967489 0.12313 0.220916 341.347 -0.014083 0.898358 -0.439036 -195.677 -0.25252 0.421652 0.870887 431.453
0.96799 0.120853 0.219976 341.923 -0.0122843 0.898203 -0.439409 -196.811 -0.250687 0.422641 0.870936 433.653
0.969557 0.119709 0.213608 342.482 -0.0145409 0.898958 -0.437792 -197.94 -0.244432 0.421358 0.873333 435.858
0.967783 0.112464 0.225272 343.071 -0.00225601 0.898537 -0.43889 -199.072 -0.251774 0.424242 0.869844 438.053
0.967515 0.109393 0.227919 343.665 0.001849 0.898449 -0.439072 -200.203 -0.252805 0.42523 0.869062 440.244
0.969927 0.113488 0.215317 344.227 -0.00768858 0.898485 -0.438936 -201.334 -0.243273 0.42408 0.872338 442.444
0.971708 0.114779 0.206419 344.766 -0.0126368 0.897987 -0.439839 -202.467 -0.235845 0.424786 0.874033 444.649
0.971766 0.108087 0.209732 345.315 -0.00492773 0.898003 -0.43996 -203.6 -0.235894 0.426505 0.873183 446.851
0.973952 0.111058 0.197692 345.833 -0.0134374 0.898582 -0.4386 -204.73 -0.226352 0.424519 0.876669 449.061
0.974922 0.111285 0.192723 346.338 -0.016059 0.898915 -0.437828 -205.857 -0.221964 0.423753 0.87816 451.274
0.972626 0.100484 0.209526 346.885 0.00223311 0.897587 -0.44083 -206.99 -0.232364 0.429231 0.872793 453.471
0.975215 0.106845 0.193751 347.391 -0.0109149 0.897842 -0.440182 -208.12 -0.220988 0.427157 0.876756 455.677
0.975588 0.105836 0.19242 347.894 -0.0105137 0.89771 -0.440461 -209.251 -0.219353 0.427685 0.876909 457.883
0.976211 0.105752 0.189284 348.388 -0.0118714 0.897749 -0.440346 -210.382 -0.216497 0.427623 0.877649 460.09
0.977726 0.107904 0.180021 348.859 -0.0182414 0.898163 -0.439283 -211.51 -0.209088 0.426214 0.880127 462.304
0.978254 0.106983 0.17769 349.325 -0.0185436 0.898389 -0.438808 -212.636 -0.206579 0.42597 0.880837 464.519
0.978308 0.106749 0.177533 349.79 -0.0181685 0.897916 -0.439791 -213.764 -0.206357 0.427026 0.880378 466.731
0.977917 0.103164 0.181754 350.266 -0.0125193 0.897028 -0.441795 -214.897 -0.208615 0.429763 0.878512 468.937
0.979469 0.103571 0.172956 350.719 -0.0171492 0.897632 -0.440411 -216.025 -0.200864 0.428402 0.88098 471.15
0.980726 0.106007 0.164131 351.15 -0.0236978 0.898359 -0.438621 -217.15 -0.193945 0.426278 0.883557 473.369
0.980444 0.104179 0.16696 351.589 -0.0207522 0.898387 -0.438713 -218.275 -0.195699 0.426668 0.882981 475.586
0.980524 0.103808 0.16672 352.027 -0.0200925 0.89746 -0.440637 -219.404 -0.195365 0.428705 0.882068 477.798
0.980683 0.10185 0.166993 352.466 -0.017714 0.896475 -0.44274 -220.539 -0.194797 0.431229 0.880963 480.008
0.981179 0.101341 0.164371 352.896 -0.0180249 0.895568 -0.444559 -221.678 -0.192257 0.433229 0.880539 482.217
0.981907 0.100287 0.160628 353.318 -0.0187974 0.895678 -0.444306 -222.817 -0.188428 0.433247 0.881358 484.428
0.982502 0.099822 0.157239 353.73 -0.0200859 0.896107 -0.443383 -223.953 -0.185162 0.432466 0.882433 486.641
0.984743 0.104767 0.138942 354.096 -0.033216 0.896938 -0.440906 -225.083 -0.170814 0.429564 0.886734 488.864
0.984242 0.0971861 0.14772 354.489 -0.0223366 0.897054 -0.441354 -226.21 -0.175406 0.4311 0.885091 491.075
0.984541 0.0948975 0.147219 354.879 -0.0203683 0.896838 -0.441888 -227.339 -0.173966 0.432058 0.884908 493.285
0.985984 0.0987434 0.13448 355.237 -0.0295559 0.896676 -0.441699 -228.468 -0.164199 0.431533 0.887027 495.501
0.985881 0.0942104 0.138427 355.607 -0.0235424 0.896481 -0.442456 -229.599 -0.165781 0.432949 0.886042 497.712
0.986358 0.0916231 0.136761 355.97 -0.0220046 0.896718 -0.442055 -230.728 -0.163138 0.433014 0.886501 499.928
0.986136 0.088879 0.140125 356.341 -0.0178327 0.896329 -0.44303 -231.86 -0.164974 0.434389 0.885488 502.138
0.987053 0.0912261 0.131922 356.691 -0.023633 0.896238 -0.442942 -232.992 -0.158641 0.434089 0.886792 504.353
0.98782 0.0909597 0.126246 357.027 -0.0258762 0.896073 -0.443151 -234.124 -0.153434 0.434486 0.887513 506.569
0.988848 0.0919202 0.117177 357.339 -0.0308837 0.89626 -0.442452 -235.254 -0.145691 0.433898 0.889104 508.789
0.989923 0.0928671 0.106901 357.625 -0.0365336 0.896856 -0.440811 -236.38 -0.136811 0.432463 0.891212 511.014
0.989968 0.0895052 0.109324 357.916 -0.0323085 0.896658 -0.441543 -237.505 -0.137546 0.433581 0.890555 513.233
0.990303 0.0860742 0.109046 358.206 -0.0291897 0.89633 -0.442425 -238.633 -0.135822 0.434951 0.890151 515.452
0.991543 0.0858719 0.0973078 358.466 -0.0342831 0.896468 -0.441779 -239.76 -0.125169 0.434707 0.891831 517.675
0.992271 0.0848205 0.0905678 358.709 -0.0363806 0.896677 -0.441188 -240.885 -0.118631 0.434483 0.892833 519.901
0.992381 0.0798371 0.0938389 358.96 -0.0304471 0.896934 -0.441115 -242.009 -0.119384 0.434896 0.892531 522.125
0.993426 0.0822866 0.0795828 359.175 -0.0391966 0.897682 -0.438896 -243.127 -0.107555 0.432891 0.895007 524.355
0.993537 0.0822937 0.0781772 359.387 -0.0397031 0.897189 -0.439857 -244.249 -0.106337 0.43391 0.894659 526.584
0.993773 0.0806588 0.0768707 359.595 -0.0388041 0.89725 -0.439814 -245.37 -0.104447 0.434092 0.894793 528.813
0.993962 0.0787304 0.0764235 359.802 -0.0371272 0.89676 -0.440957 -246.493 -0.10325 0.435457 0.894269 531.04
0.994342 0.0772105 0.0729536 360 -0.0372 0.8964 -0.441682 -247.619 -0.0994975 0.436468 0.894201 533.268
0.994747 0.078558 0.0656312 360.178 -0.0416169 0.89612 -0.441854 -248.746 -0.0935241 0.436801 0.894683 535.498
0.994815 0.0740461 0.0697124 360.369 -0.0356817 0.896032 -0.442551 -249.873 -0.0952333 0.437769 0.894029 537.723
0.995341 0.0800359 0.0537623 360.518 -0.0482842 0.896415 -0.440576 -250.995 -0.0834548 0.435927 0.896104 539.953
0.995329 0.0751917 0.0605499 360.687 -0.0407856 0.895984 -0.442209 -252.117 -0.0875017 0.437673 0.894866 542.169
0.995426 0.0735553 0.0609635 360.856 -0.0391484 0.896148 -0.442024 -253.238 -0.087145 0.437616 0.894929 544.385
0.995948 0.0773497 0.0458895 360.987 -0.0493368 0.896483 -0.440321 -254.354 -0.0751974 0.436272 0.896667 546.603
0.996181 0.0819953 0.0299974 361.077 -0.0605786 0.896524 -0.438831 -255.466 -0.062875 0.435338 0.898068 548.824
0.996454 0.0739952 0.0400543 361.198 -0.0489438 0.896952 -0.439409 -256.576 -0.0684404 0.43589 0.897394 551.034
0.996633 0.0704855 0.0418893 361.325 -0.0449869 0.897191 -0.439345 -257.686 -0.0685496 0.43598 0.897341 553.241
0.996942 0.0705633 0.0335833 361.43 -0.0487913 0.897722 -0.43785 -258.791 -0.0610441 0.434872 0.89842 555.451
0.997082 0.0743268 0.0174118 361.495 -0.059411 0.898751 -0.434414 -259.889 -0.047937 0.432112 0.900545 557.666
0.997195 0.0733239 0.0150147 361.558 -0.0595043 0.898363 -0.435203 -260.995 -0.045399 0.433088 0.900207 559.892
