1 0 0 0 0 1 0 0 0 0 1 0
0.999961 -0.00211244 -0.00861714 0.176856 0.00217568 0.999971 0.0073358 -0.051598 0.0086014 -0.00735426 0.999936 -0.127404
0.999858 -0.00490978 -0.0160872 0.354566 0.00512523 0.999897 0.0133789 -0.1031 0.0160199 -0.0134595 0.999781 -0.255206
0.999749 -0.00640599 -0.0214535 0.533053 0.00678879 0.999818 0.017818 -0.154656 0.0213355 -0.0179592 0.999611 -0.38251
0.999492 -0.00339091 -0.0316799 0.712325 0.00407748 0.999758 0.0216327 -0.206627 0.0315989 -0.0217509 0.999264 -0.50973
0.999196 -0.00190455 -0.0400438 0.894378 0.00293397 0.999666 0.0256643 -0.259046 0.0399816 -0.0257611 0.998868 -0.640321
0.998885 -0.000972952 -0.0472008 1.08023 0.00235699 0.999569 0.0292756 -0.312184 0.0471519 -0.0293542 0.998456 -0.777099
0.998516 -0.000878888 -0.0544467 1.26791 0.00261866 0.999488 0.0318906 -0.36554 0.0543908 -0.0319858 0.998007 -0.914937
0.997718 0.00181707 -0.067498 1.45989 0.00060907 0.999355 0.035906 -0.419942 0.0675197 -0.0358652 0.997073 -1.06276
0.997399 0.00157248 -0.0720621 1.65395 0.00125379 0.999232 0.039158 -0.474424 0.0720683 -0.0391465 0.996631 -1.21144
0.996553 0.00685733 -0.082677 1.84848 -0.00342587 0.999129 0.041575 -0.531075 0.0828902 -0.0411485 0.995709 -1.35883
0.995444 0.0146126 -0.0942235 2.04605 -0.0104055 0.998933 0.044988 -0.589743 0.0947804 -0.0438026 0.994534 -1.50325
0.994679 0.0218812 -0.100667 2.24929 -0.0169315 0.998617 0.049763 -0.650863 0.101617 -0.0477938 0.993675 -1.65299
0.993607 0.0289065 -0.109127 2.45906 -0.0229906 0.998217 0.0550855 -0.714239 0.110525 -0.0522244 0.9925 -1.80773
0.992608 0.0342939 -0.116414 2.67534 -0.027637 0.997915 0.0583243 -0.779247 0.118171 -0.0546759 0.991487 -1.97666
0.991657 0.0368535 -0.123524 2.89776 -0.0292972 0.997618 0.0624409 -0.844233 0.125532 -0.0583011 0.990375 -2.15503
0.989648 0.0437311 -0.136694 3.13092 -0.0348755 0.997175 0.0665217 -0.911735 0.139217 -0.0610658 0.988377 -2.33965
0.988997 0.0481104 -0.13989 3.37236 -0.0385522 0.996784 0.0702529 -0.980282 0.14282 -0.0640869 0.987672 -2.53216
0.992119 0.0495895 -0.115063 3.62355 -0.0417762 0.996717 0.0693505 -1.04899 0.118125 -0.0639971 0.990934 -2.74539
0.990444 0.0545997 -0.126647 3.87631 -0.0457358 0.996365 0.0718733 -1.11664 0.130111 -0.0653941 0.989341 -2.95846
0.989038 0.0567982 -0.136302 4.14079 -0.0468032 0.996051 0.0754486 -1.18628 0.140049 -0.0682421 0.98779 -3.18353
0.988519 0.0546764 -0.140853 4.40837 -0.0432989 0.995641 0.0826128 -1.25531 0.144756 -0.0755656 0.986578 -3.41508
0.98756 0.05331 -0.147927 4.6886 -0.0406672 0.995359 0.0872137 -1.32626 0.15189 -0.080113 0.985145 -3.66617
0.987179 0.0500272 -0.151573 4.97989 -0.0363441 0.99512 0.0917373 -1.39678 0.155423 -0.0850525 0.98418 -3.93605
0.985732 0.0470346 -0.161614 5.28696 -0.0319581 0.994997 0.0946523 -1.46807 0.165258 -0.088137 0.982304 -4.22536
0.982803 0.0501568 -0.177715 5.61244 -0.0329881 0.994612 0.0982796 -1.54175 0.181687 -0.090727 0.979162 -4.53279
0.983865 0.0458716 -0.17293 5.95098 -0.0284478 0.994386 0.101921 -1.61572 0.176634 -0.0953574 0.979647 -4.86032
0.986624 0.0563483 -0.152964 6.30023 -0.040981 0.993958 0.101821 -1.69721 0.157778 -0.0941909 0.982972 -5.21878
0.986672 0.0577323 -0.152134 6.65608 -0.0418016 0.993497 0.10591 -1.78074 0.157259 -0.0981387 0.982669 -5.58652
0.98469 0.0608575 -0.163344 7.02301 -0.0430517 0.992952 0.110417 -1.86809 0.168913 -0.101695 0.980371 -5.96412
0.98846 0.0576051 -0.140101 7.40181 -0.0418671 0.992736 0.112795 -1.96091 0.145581 -0.105628 0.983691 -6.37747
0.989985 0.0616189 -0.127015 7.78061 -0.0471489 0.992368 0.113939 -2.05681 0.133066 -0.106809 0.985335 -6.81042
0.990501 0.0714701 -0.117469 8.16622 -0.0583 0.992 0.111964 -2.15863 0.124531 -0.104052 0.986745 -7.26469
0.98992 0.072927 -0.121405 8.56156 -0.0592231 0.991841 0.112892 -2.26371 0.128648 -0.104564 0.986162 -7.73095
0.991114 0.0781345 -0.107646 8.96161 -0.0657533 0.991288 0.114122 -2.37368 0.115626 -0.10603 0.987617 -8.21622
0.993849 0.0813785 -0.0751151 9.35107 -0.0727317 0.991107 0.111435 -2.48531 0.0835155 -0.105286 0.990929 -8.72018
0.994649 0.0800529 -0.0653061 9.73379 -0.0722767 0.990871 0.113804 -2.59636 0.0738204 -0.108475 0.991354 -9.22828
0.996207 0.0815806 -0.0302508 10.1116 -0.0777192 0.990646 0.112165 -2.71137 0.0391184 -0.109388 0.993229 -9.76443
0.996703 0.0810351 0.00394864 10.4736 -0.0809615 0.990292 0.112987 -2.82863 0.0052457 -0.112935 0.993588 -10.32
0.996262 0.0863439 0.00234652 10.8447 -0.0860276 0.989443 0.116622 -2.95207 0.00774792 -0.116388 0.993173 -10.8952
0.994566 0.0897746 0.0527133 11.203 -0.0952726 0.98899 0.113228 -3.08263 -0.0419678 -0.117635 0.99217 -11.5116
0.993848 0.0938824 0.0587478 11.5674 -0.100225 0.988129 0.116433 -3.21974 -0.0471193 -0.121604 0.991459 -12.156
0.989386 0.0964749 0.108657 11.9173 -0.108959 0.987311 0.115515 -3.36558 -0.0961344 -0.126128 0.987345 -12.8418
0.979856 0.0955624 0.175353 12.2232 -0.116206 0.986948 0.11149 -3.51238 -0.16241 -0.129622 0.978172 -13.5536
0.977399 0.102115 0.185106 12.529 -0.124265 0.985876 0.11228 -3.66555 -0.171026 -0.132744 0.976283 -14.2874
0.972511 0.103445 0.208617 12.8248 -0.128553 0.985516 0.110595 -3.82349 -0.194155 -0.134374 0.971724 -15.0437
0.966973 0.102543 0.233341 13.1031 -0.13084 0.985374 0.109175 -3.98272 -0.218732 -0.1361 0.966247 -15.8129
0.962541 0.105036 0.249965 13.3673 -0.136137 0.984504 0.110531 -4.14454 -0.234482 -0.14042 0.961925 -16.5856
0.954629 0.100526 0.280317 13.6088 -0.135766 0.984702 0.109224 -4.30618 -0.265049 -0.142326 0.953673 -17.3687
0.946076 0.0949756 0.309709 13.8261 -0.133814 0.985253 0.106626 -4.46519 -0.295015 -0.142319 0.944834 -18.1598
0.938489 0.091314 0.333017 14.0236 -0.133069 0.985554 0.104766 -4.62241 -0.31864 -0.142636 0.937082 -18.9573
0.923392 0.0848027 0.374373 14.1869 -0.131408 0.986197 0.100727 -4.77531 -0.360664 -0.142206 0.921791 -19.7646
0.907149 0.079038 0.41332 14.3162 -0.131873 0.986122 0.10086 -4.92746 -0.399613 -0.146001 0.904982 -20.5776
0.885857 0.074545 0.457931 14.4054 -0.13402 0.986046 0.0987432 -5.07859 -0.444181 -0.148844 0.883487 -21.3961
0.857567 0.0700064 0.509587 14.4476 -0.135052 0.986582 0.0917388 -5.2248 -0.496327 -0.147493 0.855515 -22.2187
0.830814 0.0708233 0.552025 14.4488 -0.13786 0.987147 0.0808354 -5.36419 -0.539205 -0.143262 0.8299 -23.0417
0.784193 0.0662899 0.616965 14.3888 -0.133967 0.988915 0.064024 -5.48821 -0.605882 -0.13286 0.784382 -23.861
0.752054 0.0614558 0.65623 14.2868 -0.12614 0.99066 0.0517839 -5.59921 -0.646918 -0.121721 0.752782 -24.6763
0.723477 0.0576571 0.687937 14.1507 -0.125002 0.990975 0.0484048 -5.70562 -0.678937 -0.121013 0.724155 -25.4854
0.700464 0.0513072 0.711841 13.9874 -0.12204 0.991333 0.0486373 -5.80976 -0.703176 -0.120942 0.700655 -26.2886
0.669917 0.0496825 0.740772 13.7929 -0.12448 0.99115 0.0460982 -5.91339 -0.731927 -0.123093 0.670173 -27.0818
0.632352 0.0563597 0.772628 13.5609 -0.131738 0.990646 0.0355564 -6.01284 -0.763398 -0.124268 0.633862 -27.8643
0.59003 0.0659959 0.804679 13.2891 -0.140741 0.989801 0.0220193 -6.10735 -0.79502 -0.126243 0.593301 -28.6335
0.551021 0.0700048 0.83155 12.9833 -0.144628 0.989406 0.0125424 -6.19619 -0.821863 -0.127176 0.555309 -29.3881
0.508143 0.0655739 0.858772 12.6404 -0.144246 0.989493 0.00979637 -6.28213 -0.849107 -0.128853 0.512263 -30.1243
0.46446 0.0677928 0.882995 12.2615 -0.148167 0.98896 0.00200832 -6.36509 -0.873111 -0.131764 0.469377 -30.8417
0.406357 0.0717551 0.910892 11.8395 -0.147762 0.98895 -0.0119865 -6.43835 -0.901688 -0.129724 0.412469 -31.5346
0.34718 0.0758947 0.934722 11.3743 -0.146767 0.988835 -0.0257756 -6.50187 -0.926243 -0.128237 0.354442 -32.2
0.292346 0.0798868 0.95297 10.8744 -0.157161 0.986969 -0.0345243 -6.56447 -0.94331 -0.139676 0.301092 -32.8374
0.238337 0.0827165 0.967653 10.3416 -0.163262 0.985599 -0.0440385 -6.62377 -0.957361 -0.147485 0.24841 -33.446
0.190348 0.090804 0.977508 9.78205 -0.17223 0.983359 -0.0578095 -6.67857 -0.966491 -0.157353 0.20282 -34.0278
0.146949 0.100115 0.984064 9.19846 -0.179327 0.981075 -0.0730321 -6.72681 -0.972753 -0.165737 0.162121 -34.5847
0.116131 0.108922 0.987243 8.60315 -0.18538 0.978879 -0.0861928 -6.76877 -0.975781 -0.173006 0.13387 -35.1232
0.0805523 0.11513 0.990079 7.99031 -0.1911 0.976664 -0.0980226 -6.80573 -0.97826 -0.181308 0.100674 -35.6415
0.0527917 0.113841 0.992095 7.36419 -0.195246 0.975483 -0.101545 -6.84199 -0.979333 -0.188342 0.0737244 -36.1422
0.0448206 0.109167 0.993012 6.73524 -0.203396 0.974188 -0.0979175 -6.88365 -0.97807 -0.197586 0.0658679 -36.6343
0.0379991 0.109405 0.99327 6.10269 -0.210388 0.972584 -0.0990777 -6.92846 -0.976879 -0.205207 0.0599748 -37.1217
0.0686578 0.108456 0.991727 5.48711 -0.212447 0.972862 -0.0916851 -6.97849 -0.974758 -0.204394 0.0898357 -37.6243
0.0884579 0.112383 0.98972 4.88433 -0.206531 0.974091 -0.0921497 -7.02701 -0.974433 -0.196257 0.109377 -38.1394
0.115814 0.109485 0.987218 4.29772 -0.212673 0.973589 -0.0830242 -7.0841 -0.970236 -0.200339 0.13604 -38.6688
0.143101 0.106764 0.983932 3.72578 -0.218495 0.973043 -0.0738053 -7.14981 -0.965289 -0.204423 0.162571 -39.2131
0.168849 0.10509 0.980023 3.16997 -0.22125 0.972966 -0.0662138 -7.22165 -0.960489 -0.20565 0.187536 -39.7706
0.201223 0.10236 0.974182 2.6343 -0.221097 0.973606 -0.0566302 -7.29955 -0.954267 -0.203993 0.218544 -40.3446
0.232677 0.0989224 0.96751 2.11789 -0.220349 0.974306 -0.0466253 -7.38362 -0.947263 -0.202342 0.248496 -40.9345
0.267089 0.098219 0.958653 1.62398 -0.219234 0.9749 -0.0388032 -7.47233 -0.938403 -0.199805 0.281918 -41.5414
0.308058 0.0985362 0.946251 1.1584 -0.218355 0.975393 -0.030484 -7.56571 -0.925971 -0.197228 0.321994 -42.1672
0.346306 0.0974344 0.933048 0.723917 -0.212685 0.976848 -0.0230692 -7.66062 -0.913695 -0.190456 0.359011 -42.8096
0.390789 0.0912802 0.915943 0.324291 -0.210274 0.977612 -0.00771233 -7.76314 -0.896142 -0.189585 0.401234 -43.4689
0.450286 0.0829859 0.889019 -0.0268547 -0.208729 0.977866 0.0144414 -7.87735 -0.868145 -0.192067 0.457641 -44.1474
0.488155 0.0762294 0.869421 -0.343597 -0.205304 0.978253 0.0295005 -7.9993 -0.848266 -0.192896 0.493189 -44.8394
0.529683 0.0745174 0.844916 -0.623605 -0.201078 0.978769 0.039734 -8.12555 -0.824017 -0.19094 0.533421 -45.5437
0.569244 0.0729511 0.818925 -0.868501 -0.196936 0.979157 0.0496672 -8.256 -0.798234 -0.189548 0.571746 -46.2596
0.605523 0.072579 0.792511 -1.0794 -0.193866 0.979285 0.0584406 -8.39033 -0.771853 -0.189028 0.607051 -46.9846
0.64058 0.0721794 0.764491 -1.257 -0.190405 0.979411 0.0670727 -8.52839 -0.743911 -0.188529 0.641135 -47.7178
0.673767 0.0746569 0.735162 -1.40118 -0.18798 0.979469 0.0728148 -8.66895 -0.714634 -0.187256 0.673969 -48.4574
0.713281 0.0773425 0.696598 -1.50317 -0.187806 0.978637 0.0836465 -8.81594 -0.675248 -0.190489 0.712569 -49.2012
0.742281 0.077042 0.665644 -1.57109 -0.182026 0.979198 0.0896502 -8.96371 -0.644891 -0.18771 0.740865 -49.9474
0.769314 0.0761478 0.634316 -1.60713 -0.176434 0.979581 0.0963873 -9.11295 -0.614025 -0.186067 0.767042 -50.6954
0.799364 0.0769531 0.595898 -1.60439 -0.170719 0.979978 0.102457 -9.26317 -0.576084 -0.183632 0.796497 -51.4423
0.829227 0.0782126 0.553412 -1.56108 -0.166904 0.979632 0.111638 -9.41686 -0.53341 -0.18494 0.825392 -52.1855
0.857926 0.0769469 0.507977 -1.47523 -0.16038 0.979423 0.122506 -9.57387 -0.488099 -0.186571 0.852614 -52.9232
0.873204 0.0745069 0.481625 -1.36374 -0.156268 0.978869 0.131891 -9.73517 -0.461621 -0.19043 0.866396 -53.6561
0.890836 0.0723809 0.448521 -1.22425 -0.151345 0.978119 0.142749 -9.90077 -0.428375 -0.195048 0.882299 -54.3826
0.911912 0.0669828 0.40488 -1.04803 -0.139027 0.978674 0.15122 -10.0654 -0.386118 -0.194188 0.901779 -55.0981
0.932555 0.0608536 0.355862 -0.832736 -0.124456 0.979459 0.158652 -10.2273 -0.338898 -0.19224 0.920974 -55.8015
0.960417 0.0627686 0.271399 -0.553039 -0.112854 0.978421 0.173076 -10.3888 -0.25468 -0.196854 0.946777 -56.4742
0.982859 0.0552501 0.175883 -0.206351 -0.0868686 0.980279 0.177499 -10.5408 -0.162608 -0.189735 0.968277 -57.1121
0.996237 0.0492863 0.0712838 0.207926 -0.0616261 0.981207 0.182848 -10.6838 -0.0609325 -0.186553 0.980554 -57.7078
0.998185 0.0431848 -0.0419512 0.689129 -0.0344394 0.981085 0.190485 -10.818 0.0493837 -0.188695 0.980793 -58.2518
0.987498 0.0382062 -0.15293 1.23015 -0.0074066 0.980356 0.197095 -10.9434 0.157456 -0.193498 0.968383 -58.7384
0.964478 0.0296283 -0.262496 1.82435 0.0253233 0.978744 0.203516 -11.0564 0.262947 -0.202934 0.943227 -59.1602
0.929276 0.0218124 -0.36874 2.46378 0.0581203 0.977186 0.204276 -11.1549 0.364784 -0.21126 0.906809 -59.5137
0.894888 0.0276874 -0.44543 3.13385 0.0689008 0.977536 0.199187 -11.2448 0.440939 -0.208941 0.872879 -59.8072
0.853582 0.0287646 -0.520163 3.82729 0.0861773 0.976922 0.195439 -11.324 0.513781 -0.211649 0.831405 -60.0433
0.807842 0.0250192 -0.588867 4.53887 0.104942 0.977028 0.185477 -11.3889 0.579981 -0.211633 0.78666 -60.2225
0.782561 0.0225721 -0.622164 5.25965 0.115596 0.976697 0.180832 -11.4457 0.611748 -0.213432 0.761716 -60.3689
0.764772 0.0238153 -0.64386 5.98389 0.118172 0.977179 0.176508 -11.4985 0.633371 -0.211075 0.744506 -60.4919
0.744112 0.023653 -0.667636 6.71104 0.12234 0.977647 0.17099 -11.5461 0.656758 -0.208915 0.724586 -60.5922
0.719819 0.0230401 -0.693779 7.441 0.126609 0.978326 0.163851 -11.5876 0.682518 -0.205782 0.701301 -60.6675
0.694028 0.0217144 -0.71962 8.17255 0.132209 0.978702 0.15704 -11.6226 0.707704 -0.20413 0.676377 -60.7166
0.66389 0.0178563 -0.747616 8.90404 0.141117 0.978763 0.14869 -11.6487 0.734395 -0.204215 0.647272 -60.7365
0.623166 0.0178343 -0.781886 9.63188 0.154943 0.977108 0.145777 -11.6653 0.766588 -0.211991 0.606138 -60.718
0.57647 0.0233543 -0.816784 10.355 0.168961 0.974581 0.147116 -11.6752 0.799459 -0.222813 0.557872 -60.656
0.516885 0.0253453 -0.855679 11.0689 0.188604 0.971629 0.142709 -11.6728 0.83502 -0.235148 0.497441 -60.5421
0.455189 0.0236985 -0.890079 11.7725 0.204636 0.970102 0.130481 -11.6573 0.86656 -0.241536 0.436731 -60.3794
0.406295 0.0166751 -0.913589 12.4593 0.218758 0.968982 0.114973 -11.6256 0.887169 -0.246568 0.390045 -60.1759
0.363493 0.0104194 -0.931538 13.1345 0.228971 0.968265 0.100176 -11.5817 0.90302 -0.249708 0.349572 -59.9427
0.28801 0.00726523 -0.957599 13.78 0.241645 0.96706 0.0800148 -11.521 0.926638 -0.254444 0.276768 -59.6577
0.221683 0.00902719 -0.975077 14.4017 0.25199 0.96546 0.0662281 -11.4479 0.941997 -0.260391 0.211752 -59.3292
0.164833 0.00850151 -0.986285 14.9997 0.262527 0.963512 0.0521801 -11.3628 0.950742 -0.267528 0.156586 -58.9667
0.0909684 0.0137569 -0.995758 15.5606 0.272378 0.961433 0.038166 -11.2642 0.957881 -0.274694 0.0837129 -58.561
0.0343948 0.0109614 -0.999348 16.0881 0.27231 0.962003 0.0199239 -11.1576 0.961595 -0.272818 0.0301029 -58.1222
-0.0232672 0.00502726 -0.999716 16.588 0.26966 0.962954 -0.0014336 -11.0419 0.962675 -0.269617 -0.023761 -57.6555
-0.0782183 0.00236126 -0.996933 17.0582 0.261641 0.964992 -0.0182424 -10.9224 0.961991 -0.262265 -0.0760981 -57.163
-0.146011 0.00379147 -0.989275 17.4915 0.262839 0.964201 -0.0350979 -10.7957 0.953728 -0.265145 -0.141781 -56.6432
-0.21733 0.0137294 -0.976001 17.8831 0.261494 0.964171 -0.044665 -10.6641 0.94042 -0.264926 -0.213134 -56.094
-0.268795 0.0135459 -0.963102 18.2401 0.262165 0.963179 -0.0596214 -10.5259 0.926833 -0.268518 -0.262449 -55.5246
-0.334309 0.0124646 -0.942381 18.5516 0.254398 0.963989 -0.0774971 -10.3829 0.90748 -0.265648 -0.325442 -54.9352
-0.384218 0.0109973 -0.923176 18.828 0.248124 0.96437 -0.0917791 -10.2352 0.889276 -0.264325 -0.373258 -54.3297
-0.428919 0.0134945 -0.903242 19.071 0.246482 0.963695 -0.102648 -10.0828 0.869066 -0.266661 -0.416674 -53.7131
-0.460309 0.0171142 -0.887593 19.2849 0.24475 0.963513 -0.10835 -9.92929 0.853354 -0.267113 -0.447703 -53.0886
-0.491362 0.0177693 -0.870774 19.475 0.240193 0.963785 -0.115869 -9.77487 0.83718 -0.266087 -0.477836 -52.4576
-0.523405 0.0178783 -0.851896 19.6394 0.234856 0.96408 -0.124063 -9.61938 0.819079 -0.265008 -0.508804 -51.8216
-0.5631 0.0234593 -0.826056 19.7711 0.235128 0.96283 -0.132937 -9.45957 0.792234 -0.269085 -0.547686 -51.1816
-0.600313 0.0274154 -0.799295 19.8715 0.233185 0.961988 -0.142139 -9.29632 0.765016 -0.271711 -0.583887 -50.5372
-0.633366 0.0275522 -0.773362 19.9428 0.227678 0.961768 -0.152199 -9.13118 0.739602 -0.272475 -0.615425 -49.8899
-0.666318 0.0276995 -0.745153 19.985 0.221304 0.96163 -0.162144 -8.96446 0.712071 -0.272945 -0.646882 -49.241
-0.699693 0.0218361 -0.714109 19.9955 0.205789 0.96333 -0.172177 -8.80148 0.684164 -0.267427 -0.67853 -48.591
-0.735815 0.0171355 -0.676965 19.9698 0.190436 0.964572 -0.182576 -8.64144 0.649854 -0.263261 -0.713011 -47.9421
-0.772607 0.022732 -0.634476 19.9049 0.183172 0.964843 -0.188481 -8.48197 0.607886 -0.26184 -0.74961 -47.2976
-0.807932 0.0301737 -0.588501 19.8013 0.179587 0.963787 -0.197133 -8.3205 0.561243 -0.264958 -0.784095 -46.6591
-0.839521 0.0431062 -0.541614 19.66 0.1795 0.962879 -0.201598 -8.15655 0.512819 -0.266465 -0.816097 -46.0295
-0.865798 0.0581058 -0.497008 19.4848 0.183414 0.960959 -0.207164 -7.98804 0.465567 -0.27052 -0.842655 -45.4099
-0.888976 0.0698277 -0.452597 19.2774 0.186303 0.957971 -0.218132 -7.81341 0.418344 -0.278234 -0.864624 -44.8025
-0.911076 0.0815534 -0.40409 19.0366 0.187577 0.954893 -0.230202 -7.6328 0.367089 -0.28553 -0.885279 -44.2102
-0.93471 0.0901595 -0.343785 18.7545 0.180358 0.953814 -0.240228 -7.45178 0.306248 -0.286548 -0.907801 -43.639
-0.954125 0.0999796 -0.28222 18.4343 0.173409 0.952939 -0.248669 -7.27002 0.244077 -0.2862 -0.926562 -43.0887
-0.973384 0.114804 -0.198352 18.066 0.164796 0.952078 -0.257659 -7.08844 0.159266 -0.283489 -0.945658 -42.5735
-0.986242 0.127097 -0.105695 17.6468 0.151282 0.951683 -0.267231 -6.90924 0.0666237 -0.279544 -0.957819 -42.0995
-0.990201 0.138658 -0.0165867 17.1842 0.137835 0.951365 -0.275508 -6.73261 -0.0224216 -0.275095 -0.961156 -41.6672
-0.984822 0.152155 0.0835036 16.6797 0.122816 0.950877 -0.284163 -6.55973 -0.122639 -0.269595 -0.955133 -41.2864
-0.97203 0.160326 0.17162 16.1395 0.105457 0.950887 -0.29102 -6.3924 -0.209849 -0.264781 -0.941199 -40.9547
-0.951182 0.16562 0.260428 15.569 0.0826607 0.9497 -0.302055 -6.23154 -0.297355 -0.265782 -0.917028 -40.6755
-0.922844 0.169 0.346117 14.9728 0.0581117 0.949405 -0.308629 -6.07912 -0.380765 -0.264702 -0.885975 -40.45
-0.888302 0.170362 0.426492 14.356 0.03693 0.952142 -0.303415 -5.93836 -0.457772 -0.253774 -0.852082 -40.2771
-0.852368 0.172001 0.493845 13.7249 0.0178045 0.953358 -0.301314 -5.80797 -0.522639 -0.248038 -0.815676 -40.1516
-0.816038 0.175322 0.550766 13.0843 0.00129953 0.95344 -0.301577 -5.68579 -0.577996 -0.245383 -0.778273 -40.0706
-0.779662 0.176806 0.600721 12.4384 -0.013765 0.954241 -0.29872 -5.572 -0.626049 -0.241169 -0.741553 -40.0306
-0.737032 0.181247 0.651101 11.7916 -0.0257616 0.955136 -0.295042 -5.46621 -0.675366 -0.234229 -0.699298 -40.0353
-0.690921 0.187767 0.698119 11.146 -0.0364269 0.955412 -0.29302 -5.36658 -0.722012 -0.227884 -0.653275 -40.0835
-0.639537 0.196298 0.743275 10.5056 -0.0468916 0.955089 -0.292584 -5.27225 -0.767329 -0.221972 -0.601611 -40.1764
-0.58514 0.204785 0.784649 9.87253 -0.0574409 0.954691 -0.292 -5.18335 -0.808896 -0.215932 -0.546866 -40.3138
-0.532669 0.207204 0.820566 9.24835 -0.0678965 0.955978 -0.285472 -5.10204 -0.843596 -0.207776 -0.495152 -40.4911
-0.490142 0.200452 0.84828 8.63178 -0.0832333 0.957986 -0.274469 -5.03272 -0.86766 -0.205133 -0.452866 -40.6995
-0.450054 0.195906 0.871247 8.02503 -0.0989188 0.958698 -0.266668 -4.97491 -0.887506 -0.206197 -0.412088 -40.9363
-0.390258 0.19546 0.899718 7.43787 -0.117122 0.958727 -0.259082 -4.9292 -0.913226 -0.206485 -0.351259 -41.2121
-0.330988 0.196705 0.922905 6.86892 -0.13197 0.95877 -0.251678 -4.89367 -0.934362 -0.205098 -0.291382 -41.5246
-0.277549 0.198082 0.940069 6.31808 -0.142661 0.959167 -0.244226 -4.86652 -0.950061 -0.201895 -0.237957 -41.869
-0.216956 0.197303 0.956034 5.78981 -0.153005 0.960383 -0.232922 -4.84938 -0.964116 -0.196812 -0.178173 -42.2468
-0.159649 0.193617 0.968 5.28426 -0.162271 0.962091 -0.219198 -4.84277 -0.973746 -0.192073 -0.122179 -42.6545
-0.10341 0.192163 0.975899 4.80257 -0.171491 0.963021 -0.207799 -4.846 -0.979744 -0.188847 -0.0666319 -43.0899
-0.0486714 0.191531 0.980278 4.34627 -0.183567 0.963009 -0.197271 -4.85987 -0.981802 -0.189548 -0.0117119 -43.5504
0.00622736 0.188811 0.981993 3.91561 -0.19467 0.963454 -0.184012 -4.88478 -0.98085 -0.190018 0.0427558 -44.0345
0.0621172 0.188434 0.980119 3.5126 -0.203741 0.963731 -0.17237 -4.91934 -0.977053 -0.188983 0.0982563 -44.5413
0.102708 0.187301 0.976918 3.13235 -0.21208 0.963653 -0.16246 -4.96207 -0.971841 -0.190499 0.138698 -45.0641
0.142747 0.189238 0.9715 2.77349 -0.219403 0.963182 -0.15538 -5.01161 -0.965135 -0.19097 0.179011 -45.6014
0.185667 0.189882 0.964091 2.43862 -0.226558 0.962987 -0.146033 -5.06841 -0.956138 -0.191309 0.221815 -46.1522
0.226919 0.186545 0.955881 2.12718 -0.233906 0.963196 -0.132445 -5.13444 -0.945408 -0.193532 0.262202 -46.7157
0.273025 0.181982 0.944637 1.84226 -0.243867 0.962962 -0.115029 -5.21262 -0.930584 -0.19896 0.307293 -47.2915
0.311419 0.182127 0.932656 1.58096 -0.253909 0.961726 -0.103022 -5.30145 -0.915723 -0.204727 0.345744 -47.8776
0.349397 0.181564 0.919215 1.34402 -0.263522 0.960487 -0.0895507 -5.40059 -0.899154 -0.210945 0.383438 -48.4719
0.391728 0.181582 0.901985 1.13515 -0.269979 0.959863 -0.0759828 -5.50862 -0.87958 -0.213752 0.42503 -49.0746
0.432523 0.182435 0.882972 0.954394 -0.275509 0.959216 -0.0632307 -5.62483 -0.858498 -0.215917 0.465147 -49.6844
0.484012 0.180558 0.85623 0.810021 -0.275975 0.960042 -0.0464446 -5.74811 -0.830404 -0.213818 0.514502 -50.3014
0.55992 0.176666 0.809493 0.721417 -0.275528 0.961101 -0.0191734 -5.88194 -0.781393 -0.212302 0.586817 -50.9232
0.625182 0.169891 0.761763 0.685631 -0.270625 0.962656 0.00740814 -6.025 -0.732058 -0.210784 0.647813 -51.5481
0.692434 0.164506 0.702476 0.706 -0.262887 0.964251 0.0333207 -6.1755 -0.671882 -0.207744 0.710927 -52.1711
0.740801 0.162037 0.651888 0.771807 -0.257521 0.964827 0.0528227 -6.3326 -0.620401 -0.207006 0.756474 -52.7908
0.783565 0.158359 0.60079 0.8793 -0.246087 0.966993 0.0660688 -6.49109 -0.570497 -0.199616 0.796673 -53.4044
0.805342 0.157269 0.571568 1.01099 -0.240914 0.967785 0.0731592 -6.65042 -0.541649 -0.196616 0.817288 -54.0136
0.827081 0.15465 0.540388 1.16682 -0.235986 0.968108 0.0841279 -6.81186 -0.510143 -0.197104 0.8372 -54.6161
0.849289 0.151472 0.50573 1.34792 -0.231833 0.967653 0.0995012 -6.97743 -0.4743 -0.20175 0.856935 -55.2092
0.872853 0.150187 0.464295 1.55752 -0.226055 0.967658 0.111962 -7.14562 -0.432464 -0.202682 0.878576 -55.7907
0.89778 0.149534 0.414281 1.79976 -0.219789 0.967221 0.127184 -7.31641 -0.381683 -0.205237 0.901219 -56.3558
0.921185 0.147483 0.360091 2.07587 -0.210605 0.967103 0.142673 -7.48906 -0.327204 -0.207264 0.921944 -56.9028
0.944781 0.142209 0.295238 2.38919 -0.196002 0.967242 0.161322 -7.66144 -0.262625 -0.210281 0.941706 -57.4254
0.957469 0.139243 0.252712 2.72772 -0.185221 0.968177 0.1683 -7.83192 -0.221235 -0.207949 0.952792 -57.9318
0.968195 0.136434 0.209722 3.08944 -0.175253 0.968059 0.179297 -8.00159 -0.178561 -0.210349 0.961182 -58.4211
0.976685 0.133374 0.168215 3.4726 -0.164911 0.967804 0.190155 -8.17075 -0.137437 -0.213461 0.967236 -58.8929
0.983307 0.131071 0.126202 3.87651 -0.154337 0.96818 0.196995 -8.33798 -0.0963656 -0.213184 0.972249 -59.3473
0.987506 0.12868 0.0909528 4.29778 -0.144678 0.969111 0.199726 -8.50177 -0.0624424 -0.21039 0.975622 -59.7857
0.990785 0.122789 0.0571546 4.73536 -0.132015 0.969822 0.204976 -8.66123 -0.0302608 -0.210632 0.977097 -60.209
0.993188 0.112373 0.0307923 5.18544 -0.116353 0.970482 0.211247 -8.81504 -0.00614469 -0.213391 0.976948 -60.6194
0.994387 0.10248 -0.026278 5.65881 -0.0947234 0.973041 0.21028 -8.95809 0.0471195 -0.206611 0.977288 -61.0035
0.992256 0.0921813 -0.0832451 6.15511 -0.0731568 0.975373 0.208071 -9.0902 0.100376 -0.200369 0.974565 -61.3618
0.98264 0.0868251 -0.163945 6.67746 -0.0537574 0.979067 0.196306 -9.2098 0.177558 -0.184085 0.96674 -61.6799
0.968093 0.0947023 -0.232004 7.22194 -0.0514178 0.981209 0.185969 -9.32481 0.245257 -0.168106 0.954773 -61.9601
0.948843 0.101434 -0.29901 7.78521 -0.0498134 0.983223 0.175469 -9.43474 0.311793 -0.151597 0.937979 -62.2027
0.925636 0.109369 -0.362263 8.36398 -0.0501711 0.984341 0.168982 -9.542 0.375072 -0.13824 0.91663 -62.4073
0.89835 0.118966 -0.422863 8.9551 -0.0525222 0.984813 0.165482 -9.64877 0.436129 -0.12645 0.890956 -62.573
0.866744 0.130572 -0.481356 9.55564 -0.0563044 0.984569 0.165689 -9.75719 0.495564 -0.116507 0.860723 -62.6986
0.832196 0.144565 -0.535303 10.1625 -0.0616208 0.983546 0.169821 -9.86961 0.551046 -0.108338 0.827413 -62.7845
0.795213 0.15257 -0.58682 10.7734 -0.0639346 0.983527 0.169072 -9.9831 0.60295 -0.0969298 0.791869 -62.8316
0.760506 0.162399 -0.628693 11.3854 -0.0683744 0.982864 0.171176 -10.0993 0.645721 -0.0871935 0.75858 -62.8446
0.75642 0.15964 -0.634304 11.995 -0.0633455 0.983079 0.171878 -10.2136 0.651011 -0.0898314 0.753735 -62.8487
0.743443 0.159666 -0.64946 12.6035 -0.0561138 0.982551 0.177321 -10.3261 0.666441 -0.0953838 0.739431 -62.84
0.734759 0.169285 -0.656864 13.2075 -0.063667 0.981294 0.181679 -10.4417 0.675333 -0.0916698 0.731794 -62.8215
0.719587 0.178483 -0.671071 13.8078 -0.0644251 0.979394 0.191404 -10.56 0.691407 -0.0944976 0.716259 -62.7893
0.703513 0.182802 -0.686769 14.4044 -0.0574464 0.977817 0.201425 -10.6774 0.708357 -0.102252 0.698409 -62.7417
0.68322 0.187091 -0.705837 14.9959 -0.0530734 0.976786 0.207537 -10.7941 0.728282 -0.104332 0.67729 -62.6751
0.662598 0.1878 -0.725047 15.583 -0.0453798 0.976341 0.211418 -10.9078 0.747599 -0.107183 0.655445 -62.5888
0.640156 0.187648 -0.744975 16.165 -0.0403966 0.976591 0.211275 -11.0192 0.767182 -0.105154 0.632752 -62.4795
0.606039 0.188617 -0.772748 16.7391 -0.0323287 0.976517 0.213 -11.1265 0.794778 -0.104104 0.597906 -62.3458
0.577239 0.187305 -0.794802 17.3063 -0.0242535 0.97684 0.212589 -11.2295 0.816215 -0.103438 0.568414 -62.1889
0.547768 0.191828 -0.814341 17.8677 -0.0424928 0.978481 0.20191 -11.3426 0.835551 -0.0759958 0.544133 -62.0303
0.516285 0.192264 -0.834556 18.4134 -0.0424251 0.979019 0.199299 -11.4514 0.855366 -0.0674888 0.51361 -61.8562
0.483617 0.192969 -0.853742 18.9059 -0.0270539 0.978224 0.20578 -11.5404 0.874862 -0.0764211 0.478307 -61.6259
0.474253 0.192217 -0.859148 19.3953 -0.0268763 0.97858 0.204101 -11.6292 0.879979 -0.0737045 0.469261 -61.3898
0.448298 0.193707 -0.872642 19.8746 -0.0207586 0.97823 0.206481 -11.7148 0.893644 -0.0744497 0.44256 -61.1416
0.4291 0.196575 -0.881606 20.3475 -0.0166146 0.977584 0.209888 -11.7992 0.903104 -0.0754153 0.422748 -60.8828
0.404294 0.198944 -0.89273 20.8089 -0.0110017 0.977044 0.212751 -11.8802 0.914563 -0.0761919 0.397202 -60.6137
0.37791 0.202345 -0.90346 21.2598 -0.00494559 0.976252 0.216579 -11.9589 0.92583 -0.0773788 0.369936 -60.3324
0.347979 0.20232 -0.91541 21.6988 0.00601202 0.975934 0.217983 -12.0326 0.937484 -0.0813565 0.338389 -60.0382
0.322028 0.202535 -0.924811 22.1285 0.0141822 0.975707 0.218619 -12.1026 0.946625 -0.083517 0.311333 -59.7316
0.284327 0.202417 -0.937115 22.5432 0.0276264 0.975321 0.219052 -12.1661 0.95833 -0.0881711 0.271719 -59.4103
0.258809 0.203485 -0.944251 22.9468 0.0397737 0.974484 0.220902 -12.2239 0.96511 -0.0947273 0.244112 -59.0781
0.232185 0.20283 -0.951288 23.3395 0.049161 0.974319 0.219739 -12.277 0.971429 -0.097786 0.216251 -58.7352
0.202677 0.201766 -0.958233 23.7211 0.0573402 0.974418 0.217302 -12.3255 0.977566 -0.098987 0.185923 -58.3814
0.181444 0.198959 -0.963064 24.0941 0.0637368 0.974881 0.213408 -12.3696 0.981334 -0.100104 0.164205 -58.0194
0.15497 0.200462 -0.967366 24.4562 0.0718583 0.974315 0.213413 -12.4098 0.985303 -0.102586 0.136584 -57.6486
0.127469 0.197235 -0.972033 24.8081 0.0821997 0.974556 0.208526 -12.4444 0.988431 -0.106481 0.108013 -57.268
0.100993 0.197972 -0.97499 25.1487 0.0924822 0.97389 0.207328 -12.4737 0.99058 -0.111107 0.0800468 -56.8785
0.0742307 0.197379 -0.977512 25.4787 0.103988 0.973341 0.204433 -12.4973 0.991805 -0.116825 0.0517265 -56.48
0.0441671 0.199132 -0.978976 25.7963 0.115314 0.972367 0.20299 -12.5155 0.992347 -0.121855 0.0199837 -56.0717
0.0132692 0.202224 -0.979249 26.1007 0.127927 0.970944 0.202243 -12.5281 0.991696 -0.127956 -0.0129866 -55.6537
-0.016369 0.203781 -0.978879 26.3923 0.139193 0.969942 0.199592 -12.5351 0.990131 -0.132986 -0.0442422 -55.2265
-0.0369969 0.210168 -0.976964 26.6737 0.150484 0.967657 0.202467 -12.5382 0.987921 -0.139526 -0.0674277 -54.7934
-0.0658751 0.215975 -0.974173 26.9416 0.164805 0.965241 0.20285 -12.5359 0.984125 -0.147186 -0.0991795 -54.3532
-0.0969425 0.225227 -0.969471 27.1943 0.177954 0.962285 0.205763 -12.5285 0.979253 -0.152574 -0.133367 -53.9052
-0.127772 0.234638 -0.963648 27.4324 0.191172 0.959218 0.208211 -12.5163 0.973205 -0.157619 -0.167418 -53.4494
-0.156039 0.241266 -0.957832 27.6569 0.20479 0.956541 0.207578 -12.4985 0.966289 -0.163764 -0.198667 -52.9868
-0.172066 0.246977 -0.953622 27.8726 0.215301 0.954084 0.208249 -12.4765 0.96127 -0.169483 -0.217341 -52.5201
-0.186006 0.279635 -0.941915 28.0819 0.260667 0.938338 0.227097 -12.4363 0.947341 -0.203284 -0.247429 -52.0556
-0.268012 0.250773 -0.930205 28.2585 0.236827 0.95305 0.188697 -12.4072 0.933854 -0.169724 -0.31482 -51.5845
-0.331415 0.239302 -0.912632 28.4044 0.230503 0.958523 0.16763 -12.3725 0.914895 -0.154809 -0.37283 -51.1048
-0.386586 0.227648 -0.893714 28.5323 0.230047 0.962227 0.14559 -12.3355 0.893101 -0.149313 -0.424355 -50.6266
-0.428329 0.241045 -0.870879 28.628 0.251652 0.957456 0.141236 -12.2841 0.867874 -0.158662 -0.470767 -50.1482
-0.484965 0.227894 -0.844317 28.6151 0.245857 0.962041 0.118452 -12.2282 0.839264 -0.150136 -0.522587 -49.6619
-0.546401 0.230651 -0.805136 28.5959 0.256005 0.961315 0.101656 -12.1688 0.797438 -0.150574 -0.584313 -49.1892
-0.602629 0.234969 -0.762644 28.5625 0.267855 0.959785 0.0840529 -12.1021 0.751726 -0.153625 -0.641334 -48.732
-0.651749 0.208674 -0.729161 28.4999 0.249652 0.966853 0.0535504 -12.0384 0.716168 -0.147135 -0.682244 -48.2825
-0.70452 0.164336 -0.690394 28.4152 0.197543 0.979783 0.0316343 -11.9902 0.681636 -0.114095 -0.722742 -47.849
-0.748606 0.135529 -0.649014 28.31 0.150909 0.988021 0.0322547 -11.9576 0.645612 -0.0737954 -0.760093 -47.4312
-0.793875 0.0816249 -0.602576 28.1263 0.0346365 0.99541 0.0892055 -11.9721 0.607093 0.0499475 -0.79306 -47.1057
-0.821489 0.0173601 -0.569959 27.8387 -0.0876319 0.983819 0.15627 -12.016 0.56345 0.178322 -0.806676 -46.8728
-0.824501 -0.061797 -0.562474 27.5464 -0.213999 0.954246 0.208851 -12.1103 0.523833 0.292568 -0.800003 -46.6544
-0.830039 -0.101586 -0.548373 27.2492 -0.312269 0.899341 0.30606 -12.2376 0.462083 0.425284 -0.778212 -46.4627
-0.843934 -0.200307 -0.497645 26.9514 -0.40923 0.840198 0.355806 -12.4053 0.34685 0.503929 -0.791045 -46.3231
-0.83776 -0.303096 -0.45419 26.6554 -0.497097 0.767536 0.404701 -12.6063 0.225944 0.56482 -0.793681 -46.2288
-0.820193 -0.401098 -0.407924 26.3655 -0.564428 0.683628 0.462679 -12.8296 0.0932886 0.609731 -0.7871 -46.187
-0.771047 -0.510362 -0.380809 26.0894 -0.636463 0.598912 0.486022 -13.0781 -0.0199771 0.617118 -0.786618 -46.1937
-0.741659 -0.560244 -0.368873 25.8083 -0.661708 0.520955 0.539209 -13.3068 -0.109924 0.643997 -0.757091 -46.2545
-0.730555 -0.592223 -0.33994 25.4974 -0.659765 0.483817 0.575004 -13.5048 -0.176062 0.644355 -0.744185 -46.3828
-0.746405 -0.589987 -0.307884 25.1503 -0.629913 0.477102 0.612848 -13.6896 -0.214681 0.651374 -0.727754 -46.557
-0.726901 -0.630577 -0.272002 24.7915 -0.615021 0.421522 0.666383 -13.8291 -0.305552 0.651683 -0.694225 -46.8408
-0.709453 -0.665689 -0.231372 24.4717 -0.58167 0.36773 0.725557 -13.934 -0.397914 0.649332 -0.6481 -47.1377
-0.685323 -0.701179 -0.196666 24.1768 -0.546493 0.316686 0.775277 -14.0086 -0.481328 0.638793 -0.600223 -47.4553
-0.665691 -0.729864 -0.15541 23.8982 -0.498545 0.280026 0.820388 -14.0459 -0.555255 0.623605 -0.550282 -47.8008
-0.638455 -0.760039 -0.121304 23.6504 -0.443008 0.234014 0.865437 -14.0464 -0.62938 0.606282 -0.486111 -48.1553
-0.627191 -0.772717 -0.0976619 23.4172 -0.367721 0.18324 0.911704 -14.0016 -0.686595 0.607726 -0.399071 -48.5117
-0.60914 -0.788488 -0.0850535 23.1925 -0.319566 0.145883 0.936266 -13.9261 -0.725828 0.597498 -0.340837 -48.8767
-0.611087 -0.789334 -0.0593516 22.9727 -0.277388 0.143315 0.950008 -13.7953 -0.741369 0.597002 -0.30653 -49.2561
-0.629636 -0.77561 -0.0445568 22.7411 -0.240482 0.140044 0.960497 -13.6232 -0.738733 0.61548 -0.274698 -49.6328
-0.651158 -0.758165 -0.0343253 22.4972 -0.202035 0.129569 0.970769 -13.4109 -0.731557 0.63906 -0.237545 -49.9999
-0.669146 -0.742898 -0.0185553 22.2521 -0.163262 0.122603 0.978934 -13.1766 -0.724976 0.65808 -0.203327 -50.3493
-0.680282 -0.732949 -0.000426121 22.0114 -0.12909 0.119241 0.984437 -12.9164 -0.721493 0.669751 -0.175734 -50.6895
-0.688953 -0.724432 0.0232298 21.7745 -0.0903112 0.1176 0.988945 -12.6086 -0.719158 0.67924 -0.146445 -51.0252
-0.656012 -0.751869 0.0658744 21.5823 -0.0530898 0.133032 0.989688 -12.2795 -0.752882 0.645751 -0.127187 -51.3645
-0.623553 -0.77464 0.105418 21.4257 -0.0141666 0.146018 0.98918 -11.9347 -0.781653 0.615314 -0.102024 -51.6951
-0.58287 -0.805105 0.109844 21.2848 -0.0218452 0.150659 0.988344 -11.5909 -0.812272 0.573678 -0.105402 -52.0445
-0.553432 -0.824227 0.11984 21.1642 0.0051475 0.140496 0.990067 -11.236 -0.832879 0.548552 -0.0735121 -52.3788
-0.583589 -0.800988 0.133569 21.0336 0.0495527 0.129051 0.990399 -10.841 -0.810536 0.584606 -0.035621 -52.6997
-0.594975 -0.78913 0.152569 20.9083 0.0915237 0.122069 0.988292 -10.3959 -0.798517 0.601974 -0.000403266 -53.0065
-0.59749 -0.782726 0.174194 20.7935 0.138725 0.11306 0.983855 -9.91897 -0.789786 0.61201 0.0410318 -53.2916
-0.605076 -0.77059 0.20018 20.687 0.191199 0.103431 0.976086 -9.41267 -0.772869 0.628882 0.0847533 -53.5527
-0.597523 -0.769247 0.226327 20.6013 0.230991 0.105159 0.967256 -8.88559 -0.767861 0.630238 0.114855 -53.8
-0.587914 -0.769258 0.250194 20.5327 0.271031 0.104092 0.956925 -8.344 -0.762167 0.630401 0.147297 -54.0289
-0.575697 -0.77108 0.27204 20.4812 0.30768 0.103962 0.945792 -7.79244 -0.757566 0.628193 0.177397 -54.2407
-0.563049 -0.77197 0.295017 20.4468 0.350149 0.100514 0.931285 -7.23147 -0.748579 0.627661 0.213712 -54.43
-0.554511 -0.771017 0.313128 20.4251 0.381688 0.0987207 0.919003 -6.66033 -0.739481 0.629116 0.239547 -54.6022
-0.540746 -0.771943 0.334208 20.419 0.417629 0.098513 0.903261 -6.08342 -0.730192 0.628011 0.269116 -54.7557
-0.526377 -0.773078 0.353944 20.428 0.45403 0.0963897 0.885756 -5.50002 -0.718877 0.626944 0.300264 -54.8895
-0.510865 -0.774366 0.373326 20.4524 0.492409 0.0923832 0.865446 -4.90933 -0.704663 0.625956 0.334111 -55.0007
-0.495662 -0.77512 0.391799 20.4921 0.529479 0.0879086 0.843755 -4.30964 -0.688456 0.625667 0.366838 -55.0888
-0.480469 -0.775661 0.409265 20.5475 0.562634 0.0853533 0.822288 -3.70293 -0.67275 0.625351 0.395405 -55.155
-0.465497 -0.775173 0.427103 20.618 0.595537 0.0826429 0.799065 -3.09423 -0.654712 0.626319 0.423175 -55.2005
-0.451095 -0.775226 0.442195 20.7023 0.620318 0.0838784 0.779852 -2.48288 -0.641653 0.62609 0.443051 -55.2304
-0.438003 -0.774083 0.457107 20.8009 0.645417 0.0831706 0.759288 -1.87212 -0.625771 0.627597 0.463179 -55.2417
-0.413149 -0.777407 0.474284 20.9222 0.680327 0.0827219 0.728225 -1.26118 -0.605362 0.623535 0.494715 -55.2257
-0.387387 -0.779962 0.491517 21.0622 0.714269 0.0831616 0.694912 -0.654076 -0.582882 0.620276 0.524889 -55.1855
-0.363138 -0.779666 0.510148 21.2224 0.751941 0.0780834 0.654589 -0.0504553 -0.550196 0.621308 0.557909 -55.1146
-0.336624 -0.777425 0.531312 21.405 0.787716 0.0766627 0.611249 0.547787 -0.515933 0.624285 0.586585 -55.0151
-0.308025 -0.775799 0.550685 21.6101 0.824096 0.0716524 0.5619 1.13795 -0.47538 0.626898 0.617264 -54.8821
-0.294606 -0.775434 0.558487 21.8293 0.839317 0.0694576 0.539185 1.72896 -0.456895 0.627596 0.630374 -54.7298
-0.282198 -0.776641 0.563197 22.057 0.854733 0.0630519 0.515224 2.31331 -0.435655 0.626779 0.646029 -54.5589
-0.271874 -0.776685 0.568193 22.2928 0.868461 0.0563277 0.492545 2.89215 -0.414558 0.627365 0.659209 -54.3716
-0.261522 -0.77629 0.573566 22.5357 0.881076 0.0506281 0.470256 3.46394 -0.394094 0.628339 0.670732 -54.1704
-0.250215 -0.77411 0.581502 22.7885 0.893204 0.0471963 0.447166 4.02802 -0.373601 0.631289 0.679631 -53.9559
-0.235908 -0.773937 0.58768 23.0554 0.90663 0.042407 0.419789 4.58471 -0.349812 0.631841 0.691672 -53.7205
-0.218694 -0.774611 0.593421 23.3384 0.919867 0.0392682 0.390257 5.1323 -0.325601 0.631217 0.703954 -53.4625
-0.204677 -0.77572 0.596963 23.6291 0.930191 0.0357118 0.365334 5.66992 -0.304715 0.630066 0.71426 -53.1902
-0.191795 -0.774674 0.602571 23.9288 0.938673 0.0344634 0.343082 6.19845 -0.286543 0.63142 0.720558 -52.9072
-0.178956 -0.776185 0.604575 24.2348 0.94646 0.031994 0.32123 6.71767 -0.268677 0.629693 0.728904 -52.6122
-0.160492 -0.776897 0.608828 24.5514 0.955454 0.0325051 0.293343 7.22367 -0.247688 0.628787 0.737075 -52.3041
-0.153401 -0.779146 0.60778 24.8706 0.958687 0.0317585 0.282681 7.72594 -0.239553 0.626036 0.742088 -51.9897
-0.142143 -0.781526 0.607463 25.1947 0.964988 0.0272594 0.260872 8.21679 -0.220437 0.623276 0.75029 -51.6623
-0.125753 -0.785122 0.606439 25.5253 0.974352 0.0172415 0.224365 8.68699 -0.18661 0.6191 0.762819 -51.3123
-0.109214 -0.788644 0.605071 25.861 0.983313 0.00337598 0.181886 9.13503 -0.145486 0.61484 0.775117 -50.9404
-0.112793 -0.78848 0.604628 26.196 0.985745 -0.0123453 0.167792 9.57831 -0.124836 0.614936 0.778634 -50.5588
-0.119744 -0.790407 0.600763 26.5279 0.986192 -0.0249743 0.16371 10.0203 -0.114394 0.612072 0.782486 -50.1692
-0.123843 -0.791263 0.598801 26.8589 0.986316 -0.0319772 0.161733 10.4612 -0.108826 0.610638 0.784398 -49.7753
-0.127775 -0.792744 0.59601 27.187 0.986489 -0.039463 0.158998 10.9009 -0.102524 0.608275 0.787078 -49.3772
-0.128926 -0.794367 0.593596 27.5141 0.986981 -0.0447498 0.154482 11.3391 -0.0961519 0.605786 0.789797 -48.9748
-0.12586 -0.794122 0.594581 27.8449 0.988343 -0.0486239 0.144268 11.7738 -0.0856555 0.605809 0.790987 -48.5666
-0.122408 -0.793013 0.596777 28.1778 0.987999 -0.0402988 0.149104 12.2114 -0.0941918 0.607869 0.788432 -48.1664
-0.111914 -0.792602 0.599379 28.5174 0.989338 -0.0323062 0.142005 12.6447 -0.0931899 0.608882 0.787769 -47.7639
-0.0990678 -0.791999 0.602429 28.8641 0.991422 -0.0266993 0.127936 13.0694 -0.0852402 0.609938 0.787853 -47.3574
-0.0924206 -0.790712 0.60517 29.2162 0.992396 -0.0235325 0.12081 13.4904 -0.0812843 0.611735 0.786877 -46.9483
-0.0847507 -0.791045 0.605857 29.5714 0.993446 -0.0202843 0.112484 13.9066 -0.0766907 0.611421 0.787582 -46.5368
-0.0793836 -0.791915 0.605447 29.9288 0.994069 -0.0176051 0.107311 14.3198 -0.074322 0.610377 0.788618 -46.1232
-0.0754601 -0.79315 0.604331 30.288 0.994759 -0.0179515 0.100651 14.7283 -0.0689822 0.60876 0.790351 -45.706
-0.0763987 -0.795911 0.600572 30.6461 0.995434 -0.0263195 0.091749 15.1303 -0.057217 0.604841 0.79429 -45.281
-0.0761338 -0.797232 0.598851 31.0039 0.996109 -0.0340792 0.0812697 15.5257 -0.0443822 0.602709 0.796727 -44.8496
-0.0783197 -0.799331 0.595763 31.3601 0.996419 -0.0436748 0.0723922 15.915 -0.0318452 0.599301 0.799891 -44.4112
-0.0717713 -0.79743 0.599125 31.7219 0.997402 -0.0536726 0.0480444 16.2888 -0.00615508 0.601018 0.799213 -43.9634
-0.0647416 -0.79539 0.602629 32.0888 0.997661 -0.0648585 0.021576 16.6471 0.0219246 0.602617 0.79773 -43.5061
-0.0481483 -0.793703 0.606395 32.4707 0.997504 -0.0695979 -0.0118932 16.9856 0.051644 0.604309 0.795075 -43.0316
-0.0238424 -0.792041 0.61 32.8711 0.996205 -0.0699115 -0.0518375 17.3003 0.083704 0.60645 0.790705 -42.5384
-0.020586 -0.791525 0.610788 33.2819 0.990551 -0.0989994 -0.0949087 17.5893 0.135591 0.603064 0.786086 -42.0135
0.0034711 -0.794245 0.607586 33.7239 0.985187 -0.101452 -0.138248 17.8584 0.171444 0.599067 0.78213 -41.449
