1 0 0 0 0 1 0 0 0 0 1 0
0.999997 0.00219509 0.00112473 0.00460326 -0.00219075 0.99999 -0.00384349 -0.0182107 -0.00113316 0.00384101 0.999992 0.962337
0.999998 0.000112865 0.00216108 0.0115843 -0.000105042 0.999993 -0.00361977 -0.0264737 -0.00216147 0.00361953 0.999991 1.89819
0.999997 -0.00172702 0.00191782 0.0189738 0.00172524 0.999998 0.00093317 -0.028836 -0.00191942 -0.000929859 0.999998 2.83837
0.999989 -0.00468749 -2.43009e-05 0.0447715 0.00468755 0.999967 0.00662688 -0.0233006 -6.76341e-06 -0.00662692 0.999978 3.76906
0.999965 -0.00810772 -0.00188818 0.0565163 0.00812046 0.999944 0.00684264 -0.018119 0.0018326 -0.00685773 0.999975 4.72097
0.999932 -0.0108816 -0.00415355 0.0701174 0.0108997 0.999931 0.00436743 -0.012898 0.00410574 -0.00441241 0.999982 5.67342
0.999926 -0.0108729 -0.00551397 0.073823 0.0108798 0.99994 0.00120776 -0.0097721 0.00550051 -0.00126766 0.999984 6.59156
0.999928 -0.0101671 -0.0064484 0.0676446 0.0101722 0.999948 0.000756659 -0.0057488 0.00644037 -0.000822198 0.999979 7.51815
0.999923 -0.00950969 -0.00792094 0.0601362 0.00953271 0.99995 0.00287374 0.000329368 0.00789322 -0.00294903 0.999964 8.44468
0.999917 -0.00931778 -0.00890276 0.0521736 0.00936831 0.99994 0.00565062 0.0088905 0.00884958 -0.00573355 0.999944 9.37118
0.9999 -0.0096152 -0.0104032 0.0424898 0.00969126 0.999926 0.00728581 0.0181528 0.0103324 -0.0073859 0.999919 10.3073
0.99988 -0.0108686 -0.0110567 0.0306182 0.0109561 0.999909 0.00788213 0.0297202 0.01097 -0.00800232 0.999908 11.2284
0.999859 -0.0116596 -0.0120511 0.0183039 0.0117536 0.999901 0.00775336 0.0449109 0.0119595 -0.00789391 0.999897 12.1491
0.999851 -0.0115536 -0.0128578 0.0061391 0.0116292 0.999915 0.00582636 0.0580614 0.0127893 -0.00597502 0.9999 13.0683
0.99982 -0.0121396 -0.0145514 -0.00588351 0.0121944 0.999919 0.0036828 0.0684045 0.0145055 -0.00385958 0.999887 13.9959
0.999777 -0.0125563 -0.0169528 -0.0194508 0.012594 0.999918 0.00212266 0.0768681 0.0169247 -0.00233569 0.999854 14.9196
0.999752 -0.0122345 -0.0186307 -0.0346979 0.0122577 0.999924 0.00112957 0.0844 0.0186155 -0.00135766 0.999826 15.8431
0.999727 -0.0104854 -0.0208842 -0.0529622 0.0104818 0.999945 -0.000279238 0.0915861 0.0208859 6.02559e-05 0.999782 16.751
0.999706 -0.00828287 -0.0227712 -0.0763675 0.00826498 0.999965 -0.000879688 0.0981311 0.0227777 0.000691225 0.99974 17.6528
0.999649 -0.00868086 -0.0250227 -0.0974364 0.00867432 0.999962 -0.000369996 0.103481 0.025025 0.00015281 0.999687 18.5468
0.999607 -0.00819544 -0.0267942 -0.12013 0.00821112 0.999966 0.000475202 0.109524 0.0267894 -0.000695026 0.999641 19.4406
0.99957 -0.00737888 -0.0283722 -0.146518 0.00739378 0.999972 0.000420161 0.114345 0.0283683 -0.000629759 0.999597 20.3289
0.999522 -0.00770954 -0.029932 -0.174988 0.00770247 0.99997 -0.000351647 0.118828 0.0299338 0.000120927 0.999552 21.2127
0.999476 -0.00737575 -0.0315008 -0.207128 0.00733774 0.999972 -0.00132192 0.121619 0.0315096 0.00109009 0.999503 22.0934
0.999459 -0.00607965 -0.0323212 -0.247368 0.00603973 0.999981 -0.00133238 0.121599 0.0323287 0.00113645 0.999477 22.954
0.999469 -0.00536925 -0.0321365 -0.287658 0.00537925 0.999985 0.000224589 0.121671 0.0321348 -0.000397342 0.999483 23.8106
0.999461 -0.0061564 -0.0322393 -0.326183 0.00623867 0.999977 0.00245184 0.121174 0.0322235 -0.00265166 0.999477 24.6637
0.999451 -0.00425635 -0.032863 -0.363243 0.00436824 0.999985 0.00333385 0.120328 0.0328483 -0.00347557 0.999454 25.5154
0.99943 -0.00361609 -0.0335728 -0.399038 0.00369202 0.999991 0.00220008 0.119692 0.0335645 -0.00232278 0.999434 26.3615
0.999387 -0.00268334 -0.0348961 -0.432431 0.00268644 0.999996 4.19779e-05 0.117288 0.0348959 -0.0001357 0.999391 27.1979
0.999344 -0.00258487 -0.0361125 -0.467507 0.00253532 0.999996 -0.00141802 0.114292 0.036116 0.00132553 0.999347 28.0295
0.999312 -0.00163523 -0.0370371 -0.502939 0.00157432 0.999997 -0.00167363 0.110214 0.0370398 0.00161417 0.999312 28.8541
0.999293 -0.00142015 -0.0375658 -0.546484 0.00134619 0.999997 -0.00199403 0.104191 0.0375685 0.00194205 0.999292 29.6559
0.999256 -0.000871939 -0.0385613 -0.590144 0.000769211 0.999996 -0.00267882 0.0963833 0.0385635 0.00264716 0.999252 30.4497
0.999215 -0.000854209 -0.0396018 -0.63397 0.000763355 0.999997 -0.00230929 0.0896025 0.0396037 0.00227724 0.999213 31.2372
0.999164 -0.00164036 -0.0408382 -0.675278 0.00161758 0.999999 -0.000591104 0.0850852 0.0408391 0.00052455 0.999165 32.0225
0.999112 -0.00201656 -0.0420934 -0.720988 0.00210463 0.999996 0.00204797 0.0806522 0.0420891 -0.00213475 0.999111 32.783
0.999044 -0.00168196 -0.0436811 -0.767762 0.00185092 0.999991 0.00382776 0.0774988 0.0436743 -0.00390495 0.999038 33.5434
0.998997 -0.000532191 -0.0447791 -0.81012 0.000730255 0.99999 0.00440685 0.0763838 0.0447763 -0.00443513 0.998987 34.2893
0.998932 0.00202494 -0.0461598 -0.857352 -0.00184131 0.99999 0.00402037 0.0758413 0.0461675 -0.00393108 0.998926 35.0233
0.998855 0.00376189 -0.0476974 -0.902182 -0.00359639 0.999987 0.0035551 0.0752794 0.0477102 -0.00337949 0.998855 35.7456
0.998803 0.00368213 -0.048767 -0.945376 -0.00344245 0.999982 0.00499786 0.0779424 0.0487845 -0.004824 0.998797 36.4601
0.998747 0.00470367 -0.0498176 -0.989538 -0.00435796 0.999966 0.00704575 0.0820338 0.049849 -0.00681982 0.998733 37.1743
0.998728 0.00817544 -0.0497535 -1.03399 -0.00780916 0.999941 0.00755192 0.0862745 0.0498123 -0.00715378 0.998733 37.8794
0.998757 0.0110323 -0.0485983 -1.07794 -0.0107702 0.999926 0.00565273 0.0893112 0.048657 -0.00512229 0.998802 38.5755
0.998837 0.0123186 -0.0466047 -1.11986 -0.0122013 0.999922 0.00280055 0.0903791 0.0466356 -0.00222866 0.998909 39.2649
0.998937 0.0130147 -0.0442181 -1.16081 -0.0129743 0.999915 0.0012005 0.0907262 0.0442299 -0.000625527 0.999021 39.9495
0.999067 0.0141264 -0.0407961 -1.19927 -0.0140416 0.999899 0.00236449 0.0920834 0.0408253 -0.00178945 0.999164 40.6341
0.999118 0.018981 -0.0374369 -1.23464 -0.0188065 0.999811 0.00500712 0.0940196 0.0375249 -0.00429865 0.999286 41.3097
0.999175 0.0229851 -0.0334557 -1.26591 -0.0227171 0.999707 0.00837007 0.0957271 0.0336383 -0.00760315 0.999405 41.9427
0.999193 0.0280178 -0.028756 -1.29685 -0.0277566 0.99957 0.00944468 0.099541 0.0290082 -0.00863889 0.999542 42.5816
0.999251 0.0313378 -0.0226925 -1.32668 -0.0311219 0.999468 0.00980625 0.106151 0.0229877 -0.00909267 0.999694 43.2079
0.999238 0.035408 -0.0163974 -1.35028 -0.0352185 0.999311 0.0117059 0.110618 0.0168006 -0.0111195 0.999797 43.7868
0.999153 0.0400586 -0.00934036 -1.36866 -0.039937 0.999119 0.012868 0.115718 0.0098476 -0.012484 0.999873 44.3603
0.999031 0.0439646 -0.0016017 -1.38754 -0.0439413 0.998956 0.0124718 0.120743 0.00214834 -0.0123893 0.999921 44.9208
0.998871 0.0471479 0.00574825 -1.38667 -0.0472172 0.998805 0.0125803 0.123049 -0.00514825 -0.0128376 0.999904 45.4489
0.998585 0.0515641 0.0129545 -1.38241 -0.0517242 0.998585 0.0123479 0.125332 -0.0122994 -0.0130005 0.999839 45.9769
0.998251 0.0555696 0.0201733 -1.37159 -0.055777 0.998395 0.00986785 0.12844 -0.0195926 -0.0109758 0.999747 46.488
0.997948 0.0576509 0.0278509 -1.35765 -0.0578645 0.9983 0.00692239 0.131266 -0.0274045 -0.00851976 0.999588 46.9953
0.99771 0.0579065 0.0349314 -1.33567 -0.0581775 0.998283 0.0067916 0.137072 -0.0344782 -0.00880828 0.999366 47.4885
0.997468 0.0571295 0.042345 -1.30104 -0.057525 0.998311 0.0081803 0.138868 -0.0418062 -0.0105955 0.999069 47.8998
0.997108 0.0578845 0.0492386 -1.26907 -0.0584064 0.99825 0.00922624 0.139101 -0.0486184 -0.0120754 0.998744 48.2886
0.996492 0.0608959 0.0573947 -1.2352 -0.061558 0.998055 0.00983767 0.138871 -0.056684 -0.0133363 0.998303 48.6645
0.995723 0.0655331 0.0651119 -1.20307 -0.0662842 0.997756 0.00944003 0.142571 -0.0643471 -0.0137156 0.997833 49.0205
0.994923 0.0690331 0.0732254 -1.16952 -0.0698962 0.997511 0.00928794 0.146834 -0.072402 -0.014359 0.997272 49.3753
0.994335 0.0679024 0.0817741 -1.1295 -0.0689207 0.997575 0.00969088 0.151456 -0.0809178 -0.0152719 0.996603 49.7128
0.99356 0.0668089 0.0915141 -1.08765 -0.067775 0.997673 0.00748579 0.155193 -0.0908009 -0.0136399 0.995775 50.0441
0.992651 0.0646625 0.102288 -1.0414 -0.0652836 0.997863 0.00273205 0.158003 -0.101893 -0.00938969 0.994751 50.3619
0.991297 0.0648356 0.114565 -0.995822 -0.0650973 0.997878 -0.00145986 0.159584 -0.114416 -0.00601072 0.993414 50.6721
0.98945 0.0650739 0.129437 -0.946099 -0.0651693 0.997868 -0.00350284 0.162436 -0.129389 -0.00496943 0.991581 50.9707
0.987067 0.0671931 0.145544 -0.891127 -0.0671785 0.997728 -0.00502171 0.164315 -0.145551 -0.00482066 0.989339 51.2645
0.984477 0.0674116 0.162051 -0.83262 -0.0672639 0.997715 -0.00640433 0.166165 -0.162113 -0.0045953 0.986761 51.5563
0.981455 0.0661588 0.179912 -0.769055 -0.065823 0.997801 -0.00784257 0.168112 -0.180035 -0.00414519 0.983651 51.8445
0.977819 0.0644817 0.199279 -0.701037 -0.0640964 0.997909 -0.00839124 0.170027 -0.199404 -0.00456799 0.979906 52.1233
0.973549 0.0638438 0.219376 -0.629369 -0.0632441 0.99795 -0.00976282 0.16966 -0.219549 -0.00436964 0.975591 52.3811
0.968428 0.0660283 0.240388 -0.5469 -0.0650149 0.99781 -0.0121531 0.171381 -0.240664 -0.00385937 0.9706 52.6489
0.962387 0.0672555 0.263226 -0.457972 -0.0657155 0.997731 -0.0146613 0.17237 -0.263615 -0.00318822 0.964622 52.9144
0.955375 0.0682184 0.287409 -0.362754 -0.0664472 0.997663 -0.0159249 0.170035 -0.287824 -0.0038833 0.957675 53.1681
0.947062 0.0707769 0.31315 -0.258381 -0.0689584 0.997477 -0.0168941 0.166058 -0.313555 -0.00559457 0.949553 53.419
0.937612 0.0724137 0.34006 -0.144931 -0.0705111 0.997349 -0.0179669 0.161772 -0.340459 -0.00713197 0.940232 53.6671
0.926931 0.0727578 0.36811 -0.0146742 -0.0705115 0.997319 -0.019569 0.157445 -0.368547 -0.0078169 0.929576 53.9179
0.9148 0.0706019 0.397688 0.131569 -0.0675444 0.99748 -0.0217115 0.150691 -0.398218 -0.00699986 0.917263 54.1699
0.900343 0.0676862 0.429885 0.296312 -0.0633119 0.997693 -0.0244895 0.141953 -0.430551 -0.00516794 0.902551 54.4223
0.883601 0.0665856 0.463482 0.475471 -0.0602205 0.997777 -0.0285376 0.130198 -0.464352 -0.00269527 0.885646 54.6676
0.864843 0.0679951 0.497416 0.674082 -0.0592412 0.997685 -0.0333793 0.116308 -0.498535 -0.000599729 0.866869 54.9128
0.844278 0.0692675 0.531409 0.889545 -0.0583005 0.997598 -0.0374087 0.100142 -0.532724 0.000601915 0.846288 55.1448
0.821109 0.0719675 0.566216 1.12062 -0.0595155 0.997407 -0.0404654 0.0804648 -0.56766 -0.000472158 0.823262 55.3587
0.795578 0.0756291 0.601112 1.38034 -0.0624622 0.99713 -0.0427849 0.0603654 -0.602622 -0.00350805 0.798018 55.5783
0.767931 0.0794184 0.635589 1.65909 -0.065847 0.996815 -0.0449967 0.0365345 -0.637138 -0.00729728 0.770714 55.7916
0.736885 0.0802392 0.671238 1.94872 -0.0657622 0.99673 -0.0469544 0.0120311 -0.672811 -0.00954211 0.739752 55.9908
0.702913 0.0774909 0.707042 2.24793 -0.0622618 0.996935 -0.0473646 -0.0123043 -0.708545 -0.0107286 0.705583 56.1749
0.666479 0.0756319 0.741677 2.56519 -0.05931 0.997067 -0.0483784 -0.0375867 -0.74316 -0.0117457 0.669009 56.3504
0.627583 0.0743017 0.774996 2.89096 -0.0568405 0.997152 -0.0495718 -0.0631211 -0.776471 -0.0129407 0.630019 56.5092
0.584675 0.0732302 0.807955 3.23834 -0.0530513 0.997237 -0.0519956 -0.0898862 -0.80953 -0.0124625 0.586945 56.6611
0.539962 0.0713918 0.838656 3.61033 -0.0496256 0.997363 -0.0529509 -0.117148 -0.840224 -0.0130273 0.542081 56.8087
0.494561 0.0687056 0.866423 4.01793 -0.0476054 0.997516 -0.0519275 -0.14563 -0.867838 -0.015565 0.496603 56.9578
0.44744 0.0661322 0.891865 4.44625 -0.0479221 0.997603 -0.0499307 -0.173959 -0.893028 -0.0203991 0.449537 57.0955
0.400694 0.0653684 0.913876 4.88978 -0.0507946 0.997503 -0.0490789 -0.200851 -0.914802 -0.0267543 0.403014 57.2171
0.353848 0.0647901 0.933056 5.37215 -0.0488027 0.997518 -0.0507585 -0.228636 -0.934028 -0.0275748 0.356132 57.3384
0.308833 0.0609178 0.949163 5.85072 -0.0376802 0.997947 -0.0517887 -0.25702 -0.950369 -0.0197706 0.310494 57.4312
0.266092 0.0546709 0.962395 6.33171 -0.0252684 0.998443 -0.0497321 -0.283943 -0.963616 -0.0110849 0.267059 57.5006
0.225249 0.0532694 0.972844 6.83312 -0.0171234 0.998567 -0.0507132 -0.310475 -0.97415 -0.00523525 0.225838 57.559
0.188155 0.054299 0.980637 7.3881 -0.0149405 0.998514 -0.0524222 -0.339415 -0.982025 -0.00478769 0.188687 57.6319
0.156584 0.0547996 0.986143 7.91571 -0.0072897 0.998497 -0.0543287 -0.369898 -0.987637 0.0013183 0.156748 57.6734
0.128725 0.05314 0.990255 8.44846 -0.00047668 0.998567 -0.053524 -0.399567 -0.99168 0.00641787 0.128566 57.6984
0.10443 0.0505577 0.993246 9.01307 0.00653016 0.998651 -0.0515194 -0.430932 -0.99451 0.0118662 0.103959 57.7193
0.0855785 0.0487654 0.995137 9.57827 0.0108156 0.998697 -0.04987 -0.461184 -0.996272 0.0150308 0.0849395 57.7371
0.0705602 0.0500037 0.996253 10.1519 0.0133752 0.998606 -0.0510691 -0.493494 -0.997417 0.0169285 0.0697931 57.749
0.0589491 0.0492281 0.997046 10.7225 0.0141002 0.998643 -0.0501406 -0.525711 -0.998161 0.0170143 0.0581749 57.7578
0.0481558 0.0494534 0.997614 11.3239 0.0146959 0.998631 -0.0502132 -0.557787 -0.998731 0.0170788 0.0473631 57.77
0.039717 0.0517999 0.997867 11.9374 0.0192741 0.99843 -0.0525963 -0.592367 -0.999024 0.021322 0.0386562 57.7755
0.0334594 0.0529326 0.998037 12.5509 0.0236983 0.998274 -0.0537397 -0.627498 -0.999158 0.0254498 0.0321472 57.7771
0.0309097 0.0514863 0.998195 13.1648 0.0242308 0.998341 -0.0522441 -0.661645 -0.999228 0.0258018 0.0296108 57.7775
0.0281415 0.0484332 0.998429 13.7947 0.0215284 0.998565 -0.0490465 -0.692536 -0.999371 0.0228748 0.0270584 57.7878
0.0263175 0.0415217 0.998791 14.4354 0.0194536 0.998927 -0.0420399 -0.720348 -0.999464 0.0205364 0.0254815 57.796
0.0249501 0.0357429 0.999049 15.0744 0.0212616 0.999116 -0.0362763 -0.744752 -0.999462 0.0221465 0.0241681 57.8039
0.0238637 0.0326436 0.999182 15.7222 0.0239784 0.999161 -0.0332156 -0.767743 -0.999427 0.0247514 0.0230609 57.8107
0.0244809 0.0343775 0.999109 16.3776 0.027556 0.999006 -0.0350492 -0.792526 -0.99932 0.0283895 0.0235093 57.8197
0.0252723 0.0408194 0.998846 17.0554 0.0290484 0.998714 -0.0415489 -0.821594 -0.999258 0.0300649 0.0240541 57.8328
0.0276109 0.0478628 0.998472 17.7497 0.0303712 0.998352 -0.0486969 -0.853575 -0.999157 0.0316694 0.0261117 57.8471
0.0299583 0.0478393 0.998405 18.4325 0.0316121 0.998309 -0.0487833 -0.884598 -0.99905 0.0330231 0.0283953 57.8613
0.0322573 0.0432202 0.998544 19.156 0.031257 0.998533 -0.0442294 -0.912783 -0.99899 0.0326382 0.0308591 57.8838
0.0344832 0.0370071 0.998719 19.8797 0.0312226 0.998787 -0.0380877 -0.936532 -0.998917 0.032496 0.0332859 57.9082
0.0371749 0.0355181 0.998677 20.6652 0.029335 0.998899 -0.0366179 -0.960551 -0.998877 0.0306574 0.0360921 57.9572
0.0396496 0.0407918 0.99838 21.3734 0.0370463 0.99842 -0.0422646 -0.986764 -0.998526 0.0386621 0.0380757 57.9905
0.0424266 0.0458249 0.998048 22.0812 0.039494 0.99809 -0.0475058 -1.01667 -0.998318 0.0414324 0.0405358 58.0253
0.044976 0.0462376 0.997917 22.8132 0.0333836 0.998301 -0.04776 -1.04751 -0.998429 0.0354621 0.043356 58.0745
0.0480488 0.0428307 0.997926 23.5626 0.0292793 0.998591 -0.044269 -1.0757 -0.998415 0.0313456 0.0467271 58.1241
0.0519435 0.0392255 0.997879 24.3083 0.0336969 0.998591 -0.0410076 -1.10248 -0.99808 0.0357555 0.0505485 58.1776
0.054856 0.0406412 0.997666 25.0017 0.0383673 0.998348 -0.0427786 -1.12837 -0.997756 0.0406244 0.0532061 58.2221
0.0571965 0.0448308 0.997355 25.7519 0.0381539 0.998164 -0.0470552 -1.16119 -0.997633 0.0407444 0.055381 58.2736
0.0611489 0.0452259 0.997103 26.5003 0.0354746 0.998244 -0.0474532 -1.19151 -0.997497 0.0382736 0.0594371 58.3393
0.064557 0.0442812 0.996931 27.2729 0.0356682 0.998275 -0.0466507 -1.22164 -0.997275 0.0385703 0.0628662 58.3994
0.0674668 0.0413232 0.996865 27.9987 0.0399205 0.99823 -0.0440816 -1.24824 -0.996922 0.0427693 0.0656977 58.4569
0.0706473 0.0416703 0.99663 28.7235 0.0444271 0.998004 -0.044877 -1.27576 -0.996511 0.0474478 0.068655 58.5162
0.0741568 0.0420617 0.996359 29.5083 0.047471 0.997829 -0.045657 -1.30857 -0.996115 0.0506839 0.071999 58.5767
0.0768489 0.0421042 0.996153 30.2628 0.0478304 0.997802 -0.0458639 -1.33788 -0.995894 0.0511709 0.0746662 58.6384
0.0802156 0.0407704 0.995943 31.009 0.0490763 0.99779 -0.0447987 -1.36633 -0.995568 0.0524707 0.0780375 58.7042
0.0838151 0.0398061 0.995686 31.7543 0.0510147 0.99772 -0.0441818 -1.39467 -0.995174 0.0544977 0.0815934 58.7723
0.0871568 0.0401825 0.995384 32.5334 0.0493683 0.997785 -0.0446022 -1.42068 -0.99497 0.0530277 0.0849799 58.8375
0.0905884 0.0420734 0.994999 33.2968 0.0464523 0.997842 -0.0464228 -1.4496 -0.994804 0.0504254 0.0884384 58.9106
0.0934547 0.0419134 0.994741 34.0629 0.048149 0.997755 -0.046564 -1.4797 -0.994458 0.0522474 0.0912268 58.989
0.0964189 0.0417268 0.994466 34.81 0.0462832 0.997852 -0.0463563 -1.50806 -0.994263 0.0504966 0.0942805 59.0642
0.0991603 0.0421263 0.994179 35.5641 0.0450072 0.997891 -0.0467726 -1.53672 -0.994052 0.0493832 0.0970552 59.1425
0.10242 0.0425321 0.993831 36.3179 0.0416938 0.998024 -0.0470083 -1.56573 -0.993866 0.0462511 0.100445 59.2235
0.105899 0.0448188 0.993366 37.0768 0.0404189 0.997964 -0.0493351 -1.5954 -0.993554 0.0453753 0.103872 59.3059
0.10932 0.0483828 0.992828 37.8808 0.0395737 0.997811 -0.0529831 -1.63104 -0.993218 0.045082 0.107166 59.4039
0.113331 0.0505815 0.992269 38.6216 0.0386634 0.997723 -0.0552754 -1.67154 -0.992804 0.0446288 0.111117 59.4828
0.117021 0.0527894 0.991725 39.407 0.032087 0.997864 -0.0569024 -1.71717 -0.99261 0.0384803 0.115077 59.5706
0.120906 0.0517814 0.991312 40.1914 0.0279964 0.998064 -0.0555486 -1.76131 -0.992268 0.0344693 0.119222 59.6611
0.124917 0.052054 0.9908 40.9569 0.0297006 0.997979 -0.0561757 -1.8052 -0.991722 0.0364446 0.123119 59.7555
0.129502 0.0527337 0.990176 41.7514 0.029267 0.997947 -0.0569753 -1.85006 -0.991146 0.0363579 0.127692 59.8532
0.133661 0.0533841 0.989588 42.5447 0.0250992 0.998046 -0.0572304 -1.89488 -0.990709 0.0324873 0.13206 59.9616
0.138665 0.0510698 0.989021 43.3345 0.024004 0.998203 -0.0549094 -1.93674 -0.990048 0.0313545 0.13719 60.0729
0.143546 0.0508935 0.988334 44.1076 0.0246293 0.998184 -0.0549779 -1.97727 -0.989336 0.0322338 0.142032 60.1848
0.149303 0.054272 0.987301 44.8893 0.0212573 0.998086 -0.0580795 -2.02211 -0.988562 0.0296588 0.147864 60.3044
0.155329 0.0624901 0.985884 45.6899 0.0195751 0.997607 -0.0663173 -2.07374 -0.987668 0.0295998 0.153734 60.4376
0.162232 0.0665974 0.984502 46.4363 0.0183007 0.997346 -0.0704819 -2.1196 -0.986582 0.0294514 0.160582 60.5967
0.167935 0.0692904 0.98336 47.2629 0.0137689 0.997265 -0.0726216 -2.17904 -0.985701 0.0257354 0.166521 60.7692
0.173199 0.067485 0.982572 48.0556 0.0103838 0.99747 -0.0703386 -2.233 -0.984831 0.0223853 0.172059 60.9686
0.178525 0.0659027 0.981726 48.8414 0.0105653 0.997569 -0.0688875 -2.28366 -0.983878 0.0226703 0.177394 61.1587
0.183446 0.0629099 0.981014 49.626 0.00994184 0.997781 -0.0658442 -2.3316 -0.982979 0.0218319 0.182413 61.3521
0.189415 0.0576039 0.980206 50.4303 0.00831703 0.998148 -0.0602655 -2.3781 -0.981861 0.0195675 0.188585 61.5459
0.195045 0.0507046 0.979482 51.2274 0.00669162 0.998571 -0.0530253 -2.41709 -0.980771 0.0168966 0.194427 61.7417
0.200601 0.0486276 0.978465 52.0387 0.00635466 0.998682 -0.0509352 -2.46086 -0.979652 0.0164354 0.200027 61.9436
0.206305 0.0506167 0.977177 52.7935 0.00624917 0.998573 -0.0530443 -2.50065 -0.978467 0.0170499 0.205694 62.1258
0.211048 0.0567302 0.975828 53.6024 0.00658487 0.99821 -0.0594555 -2.5524 -0.977453 0.0189737 0.210297 62.3317
0.215618 0.0601559 0.974623 54.4065 0.00498375 0.99802 -0.0627027 -2.60517 -0.976464 0.0183771 0.214892 62.5377
0.220535 0.0630894 0.973336 55.1871 0.0039572 0.99784 -0.0655743 -2.65599 -0.97537 0.0183131 0.219809 62.728
0.22678 0.0627207 0.971924 55.9437 0.00184543 0.997895 -0.0648273 -2.70133 -0.973943 0.0164952 0.226187 62.903
0.232404 0.0596142 0.97079 56.6824 0.00627805 0.998007 -0.0627885 -2.74204 -0.972598 0.0206869 0.231567 63.0717
0.237343 0.0532222 0.969966 57.426 0.0075461 0.998367 -0.056627 -2.7799 -0.971396 0.0207595 0.236554 63.2556
0.240618 0.0475368 0.969455 58.1923 0.00631208 0.998702 -0.0505376 -2.81827 -0.970599 0.0182795 0.240006 63.4608
0.244804 0.0447581 0.968539 58.947 0.00339966 0.998888 -0.0470199 -2.85539 -0.969566 0.0148033 0.244379 63.6618
0.249262 0.0450536 0.967387 59.6578 0.00263291 0.998882 -0.0471988 -2.88909 -0.968432 0.0143119 0.248864 63.8424
0.253249 0.0470639 0.966255 60.3679 0.00184707 0.998791 -0.0491328 -2.92394 -0.967399 0.0142276 0.252856 64.0244
0.256305 0.0511044 0.965244 61.0803 -0.001102 0.998616 -0.0525787 -2.96437 -0.966595 0.0124125 0.256007 64.2118
0.259826 0.0554443 0.964062 61.7667 -0.00223885 0.998382 -0.0568148 -3.00429 -0.965652 0.0126036 0.25953 64.3864
0.263744 0.0598204 0.962736 62.4457 -0.000941546 0.998091 -0.0617594 -3.04807 -0.964591 0.0153822 0.263297 64.5602
0.266823 0.0610192 0.961812 63.1249 0.00131875 0.99797 -0.063679 -3.08951 -0.963744 0.0182594 0.266201 64.7381
0.269562 0.0605237 0.961079 63.8126 -4.4937e-05 0.998024 -0.0628378 -3.13097 -0.962982 0.0168955 0.269032 64.9263
0.27013 0.0589865 0.961015 64.4392 -0.00113078 0.998141 -0.0609474 -3.16567 -0.962823 0.015377 0.269694 65.1022
0.2706 0.0577426 0.960958 65.0752 -0.00231037 0.998236 -0.059332 -3.2014 -0.962689 0.013835 0.270256 65.2842
0.270541 0.0566423 0.96104 65.7009 -0.00108543 0.998285 -0.0585319 -3.23548 -0.962707 0.0147922 0.270139 65.4583
0.269443 0.0560987 0.96138 66.33 -0.00136787 0.998323 -0.057871 -3.26986 -0.963015 0.0142779 0.269068 65.6341
0.268728 0.0575734 0.961493 66.9468 -0.00263957 0.998252 -0.0590367 -3.30449 -0.963212 0.0133269 0.26841 65.7992
0.267283 0.0607263 0.961702 67.5644 -0.00327448 0.998064 -0.0621123 -3.34075 -0.963612 0.0134524 0.266964 65.9671
0.265543 0.0643493 0.961949 68.1588 -0.00027865 0.997775 -0.066669 -3.37247 -0.964098 0.0174354 0.26497 66.1272
0.26384 0.065346 0.96235 68.7522 0.00175182 0.997669 -0.0682245 -3.40515 -0.964564 0.0196862 0.263111 66.2857
0.262059 0.0646724 0.962882 69.3411 0.000961989 0.997734 -0.0672751 -3.4375 -0.965051 0.0185563 0.261403 66.4436
0.259698 0.0624361 0.963669 69.9272 0.00077128 0.997894 -0.0648614 -3.46834 -0.965689 0.0175876 0.259103 66.5986
0.257961 0.0589904 0.964352 70.4979 0.00193088 0.998101 -0.0615714 -3.49852 -0.966153 0.0177451 0.257358 66.7537
0.256265 0.058303 0.964846 71.058 0.00627371 0.998058 -0.0619763 -3.52882 -0.966586 0.0219355 0.255401 66.8989
0.254782 0.059601 0.96516 71.6098 0.00992376 0.997885 -0.0642415 -3.56012 -0.966947 0.0259455 0.253651 67.0366
0.252444 0.0613899 0.965662 72.1508 0.0138998 0.997652 -0.0670574 -3.59337 -0.967511 0.0303506 0.250998 67.1717
0.251432 0.0633735 0.965798 72.6847 0.0133038 0.997534 -0.0689194 -3.6284 -0.967783 0.0301773 0.249969 67.3071
0.250275 0.0659921 0.965923 73.216 0.0129878 0.997356 -0.0715048 -3.66566 -0.968087 0.030441 0.248756 67.4424
0.248783 0.0643442 0.966419 73.7477 0.0144067 0.997435 -0.0701179 -3.70202 -0.968451 0.031367 0.247218 67.577
0.249014 0.0620613 0.966509 74.2881 0.0204141 0.997387 -0.0693036 -3.73975 -0.968284 0.0369879 0.247096 67.7134
0.250649 0.0599222 0.966221 74.827 0.0253084 0.997336 -0.0684172 -3.77673 -0.967746 0.0416022 0.248465 67.8494
0.252521 0.0589566 0.965793 75.3655 0.0276736 0.997294 -0.0681152 -3.81345 -0.967195 0.0439275 0.250206 67.9862
0.256264 0.0585038 0.964834 75.9094 0.0252483 0.997421 -0.0671857 -3.85059 -0.966276 0.0415776 0.254126 68.129
0.26161 0.0593728 0.963345 76.4573 0.0232821 0.997428 -0.067796 -3.88938 -0.964892 0.0401648 0.259555 68.2801
0.267994 0.0573142 0.961714 77.0045 0.0252704 0.997468 -0.0664869 -3.92713 -0.963088 0.042121 0.265867 68.4347
0.27569 0.0572791 0.959538 77.5522 0.0231701 0.997537 -0.0662045 -3.96497 -0.960967 0.0404845 0.273683 68.5949
0.283235 0.0553007 0.957454 78.0982 0.0224776 0.997679 -0.0642734 -4.00139 -0.958786 0.0397257 0.281335 68.7591
0.292018 0.0557183 0.954788 78.6449 0.018317 0.997793 -0.0638301 -4.03841 -0.956236 0.0361284 0.290353 68.9302
0.301404 0.0551531 0.951899 79.19 0.0170145 0.997856 -0.0632031 -4.07493 -0.953344 0.0352457 0.29982 69.1067
0.310843 0.0592476 0.948612 79.7446 0.0111901 0.997758 -0.0659839 -4.1144 -0.950395 0.0311257 0.309483 69.295
0.320175 0.0613259 0.945371 80.2969 0.00755964 0.997706 -0.0672812 -4.15448 -0.947327 0.0286884 0.318977 69.489
0.330441 0.0640548 0.94165 80.9138 0.00336076 0.997608 -0.0690406 -4.19811 -0.94382 0.0259785 0.329436 69.7292
0.339853 0.065569 0.93819 81.5182 0.00228919 0.997506 -0.0705438 -4.2399 -0.940475 0.0261222 0.338855 69.9617
0.349019 0.0664258 0.934758 82.1308 -0.000987825 0.99751 -0.0705163 -4.2803 -0.937114 0.0236881 0.348216 70.2039
0.358902 0.0669618 0.93097 82.7402 -0.00213305 0.99748 -0.0709233 -4.32111 -0.933372 0.0234687 0.35814 70.4517
0.368871 0.0686476 0.926942 83.3518 -0.00682024 0.997442 -0.0711546 -4.36286 -0.929455 0.0199249 0.368395 70.7087
0.378614 0.062725 0.923426 83.964 -0.00492869 0.997824 -0.0657578 -4.4005 -0.92554 0.0203456 0.3781 70.974
0.38779 0.0567312 0.92 84.5742 -0.00242164 0.998164 -0.0605304 -4.43465 -0.921744 0.0212451 0.387215 71.2449
0.397854 0.0520863 0.915968 85.1963 5.37864e-05 0.998386 -0.0567963 -4.4676 -0.917448 0.0226459 0.397209 71.5287
0.407765 0.049246 0.911757 85.8652 -0.000859912 0.998565 -0.0535501 -4.50146 -0.913086 0.0210518 0.407222 71.8361
0.416381 0.0470078 0.907974 86.5312 0.00443235 0.998546 -0.0537295 -4.5357 -0.909179 0.0263963 0.415567 72.1488
0.424488 0.0410101 0.904504 87.1996 0.0109041 0.99867 -0.050397 -4.5657 -0.905367 0.0312557 0.423477 72.4667
0.430625 0.0308044 0.902004 87.8892 0.0211247 0.9988 -0.0441951 -4.59416 -0.902283 0.0380861 0.429458 72.7921
0.437404 0.0257036 0.898897 88.5914 0.0274886 0.998742 -0.0419346 -4.62039 -0.898844 0.0430518 0.436148 73.1255
0.444274 0.0242554 0.895562 89.2848 0.031429 0.998596 -0.0426374 -4.64827 -0.895339 0.0470893 0.442888 73.4663
0.450976 0.0307366 0.892006 89.9862 0.0324711 0.998181 -0.0508117 -4.68351 -0.891944 0.0518792 0.449157 73.813
0.458007 0.0344312 0.888281 90.6818 0.0363792 0.997687 -0.0574294 -4.72371 -0.888203 0.058618 0.455695 74.1639
0.463192 0.0365243 0.885505 91.377 0.0344164 0.997656 -0.0591528 -4.76538 -0.885589 0.057875 0.460849 74.521
0.468228 0.0388753 0.882752 92.0696 0.0270257 0.997935 -0.0582828 -4.8061 -0.883194 0.0511466 0.46621 74.8819
0.472693 0.0420829 0.880221 92.7817 0.021068 0.998034 -0.0590293 -4.85338 -0.880974 0.0464472 0.470878 75.268
0.477088 0.0449865 0.877703 93.4916 0.0200777 0.997871 -0.0620591 -4.90339 -0.878625 0.0472299 0.475169 75.6577
0.481717 0.0481827 0.875001 94.2052 0.0179526 0.997736 -0.0648247 -4.95786 -0.876142 0.0469356 0.479761 76.0579
0.485943 0.0524035 0.872418 94.9149 0.0133502 0.99764 -0.0673614 -5.01365 -0.873887 0.0443807 0.484097 76.4599
0.490459 0.0509796 0.869971 95.6039 0.0122316 0.997787 -0.0653652 -5.06432 -0.871377 0.0427001 0.48875 76.8466
0.494873 0.0476906 0.867655 96.2878 0.0138665 0.997933 -0.0627601 -5.1128 -0.868854 0.0430896 0.493189 77.2347
0.499117 0.0452314 0.865353 96.9491 0.0136944 0.998101 -0.0600687 -5.15597 -0.866426 0.0418317 0.497549 77.6055
0.503824 0.0455268 0.862605 97.6086 0.0118021 0.998155 -0.0595741 -5.19874 -0.863725 0.0401954 0.502357 77.98
0.508061 0.0470036 0.860037 98.2661 0.010448 0.998101 -0.0607213 -5.24242 -0.861257 0.0398358 0.506605 78.3577
0.511821 0.0479773 0.857751 98.8874 0.0105334 0.998014 -0.062108 -5.28486 -0.859027 0.0408232 0.510299 78.7122
0.513692 0.0468303 0.856695 99.4856 0.0118922 0.998025 -0.0616867 -5.32284 -0.857891 0.041876 0.512121 79.0734
0.515318 0.0458155 0.855773 100.088 0.0138914 0.997993 -0.0617944 -5.35984 -0.856885 0.0437317 0.513647 79.4353
0.518038 0.0435667 0.854247 100.682 0.0156987 0.99805 -0.0604208 -5.39223 -0.855212 0.0447108 0.516344 79.7908
0.520494 0.0455511 0.852649 101.249 0.0145888 0.997956 -0.0622194 -5.42545 -0.85374 0.0448239 0.518765 80.1232
0.523957 0.048808 0.850345 101.814 0.0128755 0.997789 -0.0652045 -5.46097 -0.851647 0.0451129 0.52217 80.4567
0.527149 0.0498335 0.84831 102.365 0.0147108 0.997595 -0.0677445 -5.49896 -0.849645 0.0481908 0.525148 80.7832
0.530816 0.0491823 0.846058 102.917 0.016679 0.997516 -0.0684511 -5.53824 -0.847322 0.0504463 0.528677 81.1209
0.534593 0.0464183 0.843833 103.458 0.020923 0.997458 -0.0681243 -5.57686 -0.84485 0.0540742 0.532263 81.4517
0.538737 0.0453347 0.841253 103.985 0.0225842 0.997416 -0.068213 -5.61382 -0.842171 0.0557478 0.53632 81.7681
0.542964 0.0447009 0.838565 104.513 0.0240685 0.997344 -0.0687489 -5.65203 -0.839411 0.0575111 0.540445 82.099
0.547247 0.044218 0.835802 105.022 0.0245681 0.997325 -0.0688495 -5.68641 -0.83661 0.0582117 0.544696 82.4085
0.551961 0.0441292 0.832701 105.53 0.0256634 0.997227 -0.0698595 -5.72151 -0.833474 0.0599297 0.549298 82.721
0.557037 0.0453995 0.829245 106.034 0.0258144 0.997076 -0.0719285 -5.75803 -0.830085 0.0614733 0.554236 83.0369
0.562216 0.0458346 0.825719 106.535 0.0275428 0.996872 -0.0740884 -5.79582 -0.826531 0.0643963 0.559194 83.3604
0.568272 0.0492355 0.821366 107.027 0.0255624 0.996671 -0.0774295 -5.83549 -0.822443 0.0649971 0.565121 83.6783
0.574766 0.0551449 0.816458 107.514 0.0220435 0.996322 -0.0828113 -5.87875 -0.81802 0.0655946 0.571435 84.0018
0.581973 0.0621891 0.810826 107.99 0.0168488 0.995936 -0.0884799 -5.9261 -0.813033 0.0651543 0.57856 84.3266
0.589089 0.0683816 0.805169 108.462 0.0115524 0.995599 -0.0930066 -5.97573 -0.807985 0.0640907 0.585706 84.6569
0.596199 0.0725542 0.799551 108.933 0.00805483 0.995318 -0.0963249 -6.02931 -0.802795 0.063869 0.592823 85.0043
0.602416 0.0733508 0.794804 109.4 0.00352572 0.995515 -0.0945462 -6.08162 -0.798173 0.0597584 0.599455 85.356
0.608269 0.0731194 0.790356 109.866 -0.00297172 0.995951 -0.0898529 -6.1322 -0.793725 0.052306 0.606023 85.7223
0.614103 0.0715552 0.785975 110.333 -0.00903565 0.996454 -0.0836573 -6.18122 -0.789174 0.0442724 0.612571 86.1021
0.619743 0.0705842 0.781623 110.808 -0.0153733 0.996849 -0.0778306 -6.23008 -0.784653 0.0362189 0.618875 86.5039
0.625263 0.0686703 0.777386 111.275 -0.0176594 0.997112 -0.073876 -6.2745 -0.780213 0.0324637 0.624669 86.8917
0.631211 0.0725208 0.772213 111.745 -0.0227759 0.996923 -0.0750069 -6.32089 -0.775275 0.0297574 0.630921 87.2938
0.637061 0.076289 0.767029 112.223 -0.0266922 0.996677 -0.0769606 -6.37064 -0.77035 0.0285549 0.63698 87.7193
0.642465 0.079549 0.762174 112.694 -0.0292336 0.996418 -0.0793552 -6.42506 -0.765756 0.0287018 0.642489 88.1483
0.647844 0.0811975 0.757432 113.169 -0.0315644 0.996311 -0.0798079 -6.48064 -0.761117 0.0277952 0.648017 88.5896
0.653683 0.0820697 0.752305 113.663 -0.0352385 0.996325 -0.0780711 -6.53765 -0.755947 0.0245237 0.654173 89.0413
0.659762 0.0843697 0.746723 114.176 -0.0416521 0.996256 -0.0757621 -6.59583 -0.750318 0.0188824 0.660806 89.5269
0.665869 0.0822665 0.741518 114.659 -0.0427308 0.996476 -0.0721809 -6.65822 -0.744843 0.0163774 0.667038 89.9726
0.672764 0.0802114 0.735495 115.18 -0.0442439 0.996689 -0.0682262 -6.72245 -0.738532 0.013359 0.674085 90.478
0.680079 0.0800407 0.728756 115.719 -0.0455439 0.996716 -0.0669694 -6.78446 -0.731722 0.0123541 0.68149 90.9958
0.687615 0.0824794 0.721375 116.273 -0.0509789 0.99656 -0.0653498 -6.84533 -0.724283 0.00816063 0.689454 91.5337
0.695299 0.0828835 0.713925 116.802 -0.0526458 0.996534 -0.0644208 -6.90072 -0.716789 0.00720662 0.697252 92.045
0.701792 0.0835289 0.707467 117.333 -0.0552478 0.996493 -0.0628487 -6.95435 -0.710235 0.0050208 0.703946 92.593
0.706336 0.0818591 0.703127 117.863 -0.0552632 0.996637 -0.0605145 -7.00793 -0.705715 0.00388668 0.708484 93.1583
0.709696 0.0797326 0.699981 118.415 -0.0540603 0.996809 -0.0587327 -7.05865 -0.702429 0.00384119 0.711742 93.7382
0.713069 0.0768672 0.696866 118.959 -0.0511872 0.997027 -0.0575987 -7.10811 -0.699221 0.00540123 0.714884 94.3167
0.716045 0.0724607 0.694282 119.535 -0.0462035 0.997337 -0.0564379 -7.15598 -0.696522 0.00833386 0.717486 94.9323
0.718703 0.0654244 0.692231 120.086 -0.0384935 0.997781 -0.0543371 -7.20617 -0.694249 0.0124059 0.719626 95.5294
0.72198 0.0587806 0.689412 120.672 -0.0325167 0.998167 -0.0510528 -7.25291 -0.691149 0.0144417 0.722567 96.1486
0.724565 0.0529718 0.687168 121.247 -0.0271746 0.998463 -0.0483151 -7.29416 -0.68867 0.0163339 0.72489 96.7588
0.727605 0.0515537 0.684056 121.818 -0.0269805 0.998552 -0.0465574 -7.33352 -0.685464 0.0154193 0.727942 97.3721
0.73009 0.0525263 0.681328 122.396 -0.0274417 0.998491 -0.0475719 -7.37346 -0.682798 0.016035 0.73043 98.0044
0.733333 0.0571925 0.677459 122.984 -0.0331918 0.998279 -0.0483475 -7.41558 -0.679057 0.0129688 0.733969 98.6604
0.736117 0.0602519 0.674167 123.583 -0.0388261 0.998149 -0.0468131 -7.45582 -0.675739 0.00828469 0.737093 99.342
0.73841 0.0568952 0.671946 124.137 -0.0387953 0.998369 -0.0419014 -7.49524 -0.673233 0.00487214 0.739413 99.9818
0.74158 0.0542369 0.668668 124.724 -0.0414508 0.998527 -0.0350216 -7.52507 -0.669582 -0.00174547 0.742735 100.65
0.744494 0.0496251 0.665782 125.304 -0.0412863 0.998748 -0.0282758 -7.5488 -0.66635 -0.00643648 0.74561 101.318
0.748244 0.0456953 0.661847 125.893 -0.0392416 0.998927 -0.0246038 -7.57339 -0.662261 -0.00756229 0.749234 102.01
0.751924 0.0412274 0.657959 126.47 -0.0327035 0.999147 -0.0252321 -7.6008 -0.658437 -0.00254493 0.75263 102.688
0.755863 0.0371438 0.653674 127.038 -0.0226549 0.999276 -0.0305854 -7.63049 -0.654336 0.00830952 0.756157 103.355
0.760047 0.037568 0.648781 127.634 -0.0170673 0.999138 -0.0378612 -7.66556 -0.649643 0.0177033 0.760032 104.075
0.764615 0.0370785 0.643419 128.232 -0.0141404 0.999069 -0.0407697 -7.7021 -0.644331 0.0220749 0.764427 104.803
0.769655 0.0326189 0.637625 128.818 -0.0115912 0.999244 -0.0371269 -7.73251 -0.638353 0.0211841 0.769451 105.527
0.773912 0.0270873 0.632713 129.417 -0.00689567 0.999387 -0.0343504 -7.75917 -0.633255 0.0222212 0.773623 106.298
0.778239 0.023962 0.62751 129.95 -0.00219026 0.99937 -0.0354453 -7.78118 -0.627963 0.0262105 0.7778 106.974
0.780935 0.0249454 0.624114 130.506 0.00011829 0.999197 -0.0400851 -7.82163 -0.624611 0.0313777 0.780304 107.736
0.783277 0.0262005 0.62112 131.056 -0.000730745 0.99915 -0.0412252 -7.8579 -0.621671 0.0318369 0.78263 108.483
0.785104 0.0237637 0.618907 131.611 0.00125403 0.999201 -0.0399562 -7.89584 -0.619361 0.0321459 0.784446 109.236
0.786281 0.0185625 0.617589 132.184 0.00462824 0.999344 -0.035929 -7.92422 -0.61785 0.0311087 0.785679 109.986
0.78672 0.014508 0.617138 132.76 0.00775295 0.999413 -0.033378 -7.95003 -0.617259 0.0310438 0.786146 110.741
0.786686 0.00991366 0.617272 133.344 0.0116294 0.999456 -0.0308728 -7.97241 -0.617242 0.0314658 0.786143 111.499
0.78706 0.0088351 0.616812 133.926 0.0122075 0.999479 -0.0298933 -7.9944 -0.616754 0.0310575 0.786542 112.257
0.786971 0.00950614 0.616916 134.509 0.0110992 0.999502 -0.0295601 -8.01586 -0.616889 0.0301103 0.786473 113.015
0.786907 0.0105312 0.616981 135.099 0.0109638 0.999458 -0.031043 -8.03883 -0.616972 0.0311924 0.786365 113.777
0.786212 0.0142613 0.617791 135.681 0.00727072 0.999451 -0.0323245 -8.06301 -0.617912 0.0299057 0.785677 114.527
0.78482 0.0165577 0.619501 136.264 0.00530402 0.999427 -0.0334315 -8.09133 -0.619699 0.0295236 0.784283 115.27
0.783672 0.0181191 0.62091 136.858 0.00252111 0.999474 -0.0323481 -8.11774 -0.621169 0.0269157 0.783213 116.021
0.782044 0.0215399 0.62285 137.451 -0.00146882 0.999464 -0.03272 -8.14545 -0.62322 0.0246736 0.781656 116.766
0.780192 0.0219788 0.625153 138.033 -0.00314994 0.999508 -0.031209 -8.17191 -0.625531 0.0223799 0.779877 117.489
0.778132 0.0206697 0.62776 138.624 -0.00402096 0.999602 -0.0279289 -8.19646 -0.628086 0.0192082 0.777905 118.225
0.775789 0.016985 0.630763 139.21 -0.00031529 0.999648 -0.0265304 -8.21831 -0.630991 0.0203831 0.775521 118.94
0.773608 0.0209184 0.633319 139.797 -0.0010775 0.999497 -0.031697 -8.24494 -0.633663 0.0238387 0.773241 119.648
0.771291 0.0306782 0.635742 140.395 -0.00683751 0.99918 -0.0399208 -8.28011 -0.636444 0.0264437 0.770868 120.365
0.768832 0.0351012 0.638486 141.023 -0.00797609 0.998941 -0.0453131 -8.32314 -0.6394 0.0297455 0.768297 121.115
0.766668 0.0345142 0.641114 141.555 -0.0105048 0.999095 -0.041224 -8.35562 -0.641956 0.0248704 0.766337 121.749
0.762912 0.0333306 0.645642 142.192 -0.0137265 0.999281 -0.0353671 -8.39133 -0.646355 0.0181196 0.76282 122.516
0.759989 0.0320297 0.649145 142.81 -0.0158595 0.999402 -0.0307442 -8.42298 -0.649741 0.0130702 0.760042 123.252
0.756974 0.0309994 0.652709 143.434 -0.0147046 0.99943 -0.0304128 -8.45395 -0.653278 0.0134239 0.756997 123.982
0.754444 0.0285572 0.655742 144.036 -0.0122559 0.999492 -0.0294267 -8.47991 -0.656248 0.0141641 0.754411 124.654
0.752435 0.0273143 0.658099 144.646 -0.00857061 0.999462 -0.0316833 -8.50727 -0.658609 0.0181993 0.752263 125.325
0.749773 0.0262009 0.661176 145.263 -0.00513379 0.999417 -0.0337829 -8.53511 -0.661674 0.0219351 0.749469 125.987
0.747265 0.0257469 0.664027 145.895 -0.00201683 0.999333 -0.0364784 -8.5645 -0.664522 0.0259198 0.746818 126.655
0.744899 0.0243405 0.666732 146.529 -0.000753335 0.999365 -0.0356423 -8.59022 -0.667175 0.0260476 0.744444 127.325
0.741912 0.0260788 0.669989 147.173 -0.00312131 0.999367 -0.0354431 -8.61816 -0.670488 0.0242044 0.741524 128.01
0.73806 0.0256459 0.674247 147.787 -0.002488 0.999375 -0.035289 -8.64479 -0.674729 0.0243679 0.737662 128.654
0.733472 0.0291659 0.679093 148.404 -0.00596527 0.999317 -0.036476 -8.67305 -0.679692 0.0227032 0.733145 129.294
0.728326 0.0364991 0.684257 149.031 -0.0108859 0.999071 -0.0417045 -8.7089 -0.685143 0.0229257 0.728046 129.953
0.723718 0.0412172 0.688863 149.662 -0.013389 0.998866 -0.0456992 -8.74816 -0.689964 0.0238502 0.723449 130.609
0.718188 0.0446278 0.694416 150.298 -0.0151179 0.998707 -0.0485482 -8.78994 -0.695683 0.0243687 0.717934 131.259
0.712774 0.0395237 0.700279 150.94 -0.0157266 0.999061 -0.0403796 -8.82376 -0.701216 0.0177685 0.712726 131.905
0.707452 0.0354376 0.705872 151.592 -0.0202546 0.999349 -0.0298713 -8.84784 -0.70647 0.00683533 0.707708 132.555
0.7013 0.0309978 0.712191 152.245 -0.0195481 0.999515 -0.0242542 -8.86801 -0.712596 0.0030875 0.701566 133.199
0.694516 0.0330474 0.718718 152.908 -0.0252169 0.999449 -0.021588 -8.88542 -0.719034 -0.00313058 0.694966 133.847
0.687684 0.0343226 0.725198 153.577 -0.0246932 0.99941 -0.0238848 -8.90512 -0.725588 -0.00148215 0.688126 134.487
0.681802 0.033464 0.730771 154.242 -0.0191819 0.999428 -0.0278701 -8.92866 -0.731284 0.00498438 0.682053 135.112
0.674774 0.0415261 0.736855 154.919 -0.0192444 0.999067 -0.0386803 -8.96351 -0.737772 0.0119202 0.674943 135.735
0.667015 0.0426426 0.743823 155.631 -0.0168731 0.99897 -0.0421391 -8.99935 -0.744852 0.0155568 0.667047 136.376
0.660921 0.0380527 0.749489 156.347 -0.0137295 0.99916 -0.0386218 -9.03179 -0.750328 0.0152359 0.660888 137.003
0.653591 0.0327741 0.756137 157.066 -0.0105071 0.999359 -0.0342342 -9.06006 -0.756773 0.0144304 0.653516 137.621
0.648065 0.0311146 0.760948 157.789 -0.00918137 0.999412 -0.0330458 -9.08699 -0.761528 0.0144293 0.647969 138.234
0.641646 0.0333728 0.766274 158.502 -0.0114532 0.999359 -0.0339336 -9.11579 -0.766914 0.012997 0.641616 138.829
0.635438 0.0308796 0.771533 159.223 -0.00730333 0.999396 -0.0339844 -9.1467 -0.772116 0.0159602 0.63528 139.431
0.630283 0.0249308 0.775965 159.947 -0.00269926 0.999549 -0.0299218 -9.17355 -0.776359 0.0167647 0.630066 140.028
0.625398 0.0246956 0.779915 160.666 -0.00497139 0.999606 -0.0276654 -9.20377 -0.780289 0.0134247 0.625273 140.61
0.62112 0.0246616 0.783327 161.388 -0.00751867 0.999647 -0.0255103 -9.23208 -0.783678 0.00995539 0.621085 141.188
0.616613 0.0270352 0.786801 162.121 -0.00875289 0.999585 -0.027487 -9.26134 -0.787216 0.0100621 0.616594 141.774
0.61352 0.0293964 0.789131 162.821 -0.00749863 0.999479 -0.0314022 -9.28426 -0.789642 0.0133485 0.613421 142.303
0.610888 0.0357561 0.790909 163.523 -0.00931051 0.999236 -0.037983 -9.31365 -0.791661 0.0158396 0.610753 142.831
0.608377 0.0385029 0.792713 164.237 -0.0118488 0.999153 -0.0394363 -9.34525 -0.793558 0.0145995 0.608317 143.374
0.606411 0.0344266 0.794405 164.936 -0.0116434 0.99934 -0.0344196 -9.37225 -0.795065 0.0116229 0.606411 143.897
