1 0 0 0 0 1 0 0 0 0 1 0
0.999943 -0.000477477 -0.0106729 0.144007 0.000446605 0.999996 -0.00289481 0.0421576 0.0106742 0.00288988 0.999939 1.12036
0.999686 -0.00282874 -0.0248886 0.272786 0.00265569 0.999972 -0.0069832 0.0720109 0.0249076 0.00691492 0.999666 2.2659
0.999388 -0.00379854 -0.0347692 0.38448 0.00341494 0.999933 -0.0110854 0.0981512 0.0348089 0.0109599 0.999334 3.40988
0.998909 -0.00296084 -0.0465945 0.483426 0.00230862 0.999899 -0.0140455 0.118023 0.0466314 0.0139226 0.998815 4.56957
0.998379 -0.00320338 -0.0568184 0.573997 0.00226052 0.999859 -0.0166509 0.131817 0.0568637 0.0164954 0.998246 5.7493
0.997781 -0.0061071 -0.0662924 0.651876 0.00482979 0.9998 -0.019411 0.139896 0.0663977 0.0190478 0.997611 6.95185
0.996904 -0.00597012 -0.0783999 0.711958 0.00423757 0.999744 -0.0222467 0.142934 0.0785126 0.0218456 0.996674 8.1692
0.995985 -0.0056981 -0.0893345 0.752549 0.0033073 0.999633 -0.0268876 0.136232 0.0894549 0.0264842 0.995639 9.40388
0.995056 -0.00464739 -0.0992062 0.766313 0.00149454 0.999492 -0.0318315 0.117925 0.0993037 0.0315258 0.994558 10.6653
0.994107 -0.0022679 -0.108375 0.7553 -0.00154163 0.999384 -0.0350547 0.0912381 0.108388 0.0350153 0.993492 11.9347
0.993182 -0.000399501 -0.116574 0.718338 -0.0039578 0.999302 -0.0371441 0.0554844 0.116507 0.0373523 0.992487 13.223
0.992413 0.000157128 -0.122949 0.648639 -0.00486155 0.999267 -0.0379641 0.0133041 0.122853 0.0382738 0.991686 14.5249
0.991761 -0.00202057 -0.128087 0.549095 -0.00272158 0.999318 -0.036837 -0.0335349 0.128074 0.0368821 0.991078 15.8481
0.991344 -0.00567985 -0.131168 0.420266 0.000933743 0.999343 -0.0362165 -0.0838434 0.131288 0.0357806 0.990698 17.1688
0.991062 -0.00796227 -0.133167 0.267252 0.00272332 0.999217 -0.0394773 -0.145212 0.133377 0.0387618 0.990307 18.5171
0.990924 -0.00915961 -0.134113 0.0864378 0.00358522 0.999122 -0.0417476 -0.208844 0.134377 0.0408878 0.990086 19.82
0.990988 -0.00662546 -0.133785 -0.0965921 0.000757203 0.999037 -0.0438668 -0.279902 0.133946 0.0433702 0.990039 21.1551
0.991102 -0.00370781 -0.133056 -0.280839 -0.00190668 0.999114 -0.0420442 -0.350786 0.133094 0.0419237 0.990216 22.5104
0.991112 -0.00242571 -0.133009 -0.469624 -0.00279879 0.999232 -0.0390784 -0.420331 0.133001 0.0391034 0.990344 23.8806
0.991241 -0.00477338 -0.131976 -0.663155 -0.000210147 0.999288 -0.037721 -0.486295 0.132063 0.0374184 0.990535 25.2414
0.991134 -0.00782529 -0.132636 -0.855541 0.00257555 0.999208 -0.0397055 -0.556492 0.132842 0.0390118 0.990369 26.6073
0.991121 -0.00725217 -0.132769 -1.04831 0.00159456 0.999088 -0.0426693 -0.631304 0.132957 0.0420787 0.990228 27.9739
0.991371 -0.00722607 -0.130885 -1.24062 0.00122277 0.998946 -0.0458895 -0.711104 0.131078 0.0453335 0.990335 29.3299
0.991594 -0.00242503 -0.129368 -1.43076 -0.00379295 0.99885 -0.047796 -0.793944 0.129336 0.0478849 0.990444 30.6856
0.991671 -0.00147221 -0.128792 -1.62036 -0.00502719 0.99873 -0.0501247 -0.880047 0.128702 0.0503547 0.990404 32.0418
0.991836 -0.000560354 -0.127518 -1.80401 -0.00589574 0.998719 -0.0502457 -0.966838 0.127383 0.0505873 0.990562 33.4019
0.991847 -0.000284429 -0.127431 -1.99125 -0.00605423 0.998763 -0.0493518 -1.05241 0.127287 0.0497209 0.990619 34.7718
0.991953 0.000209282 -0.126604 -2.17711 -0.00640124 0.998803 -0.0485033 -1.13683 0.126442 0.0489234 0.990767 36.1421
0.992098 0.00239853 -0.125446 -2.36081 -0.0085007 0.998805 -0.0481313 -1.22142 0.12518 0.0488173 0.990932 37.5151
0.992129 0.00384934 -0.12516 -2.54489 -0.0100287 0.998759 -0.0487792 -1.30762 0.124817 0.0496505 0.990936 38.8935
0.992077 0.00618904 -0.125482 -2.72981 -0.0123687 0.998745 -0.0485282 -1.39413 0.125024 0.0496957 0.990908 40.2771
0.992097 0.00655333 -0.125299 -2.91637 -0.0127483 0.998732 -0.0487038 -1.48114 0.124821 0.0499163 0.990923 41.6712
0.992116 0.00495418 -0.125225 -3.10095 -0.0111608 0.998741 -0.0489106 -1.56925 0.124825 0.0499226 0.990922 43.0747
0.992048 0.00608702 -0.125713 -3.28629 -0.0124596 0.998673 -0.0499674 -1.65936 0.125242 0.0511364 0.990807 44.4785
0.99201 0.00685506 -0.125975 -3.47283 -0.0133262 0.99863 -0.0505973 -1.75069 0.125456 0.0518718 0.990742 45.8792
0.991857 0.00807086 -0.127097 -3.66098 -0.0145302 0.998645 -0.0499775 -1.84212 0.126522 0.0514174 0.99063 47.2836
0.991796 0.00801968 -0.127576 -3.84721 -0.0145564 0.998624 -0.0503887 -1.93589 0.126996 0.0518324 0.990548 48.6944
0.991578 0.00854477 -0.129231 -4.03734 -0.0151191 0.998636 -0.0499773 -2.0293 0.128628 0.0515102 0.990354 50.1078
0.991499 0.00816833 -0.129858 -4.22667 -0.0146809 0.998677 -0.0492732 -2.12186 0.129284 0.0507608 0.990307 51.5187
0.991362 0.00646709 -0.130993 -4.4233 -0.0128911 0.998752 -0.0482523 -2.21447 0.130518 0.0495241 0.990208 52.9471
0.991383 0.00533594 -0.130882 -4.6193 -0.0117716 0.998756 -0.048447 -2.30786 0.130461 0.0495703 0.990213 54.3766
0.991338 0.00276781 -0.131306 -4.81701 -0.00928531 0.998753 -0.0490497 -2.40217 0.131007 0.0498441 0.990127 55.8013
0.991404 0.00318961 -0.130793 -5.01626 -0.00972628 0.998733 -0.0493689 -2.49722 0.13047 0.0502167 0.990179 57.2219
0.991463 0.00221828 -0.130367 -5.21624 -0.00868404 0.998759 -0.0490492 -2.59213 0.130096 0.0497626 0.990252 58.6441
0.991571 0.00109519 -0.12956 -5.42166 -0.0074403 0.998795 -0.0485002 -2.68715 0.129351 0.0490554 0.990384 60.0771
0.991825 -0.00148164 -0.1276 -5.62115 -0.00481496 0.998786 -0.0490238 -2.78263 0.127518 0.0492374 0.990613 61.5055
0.992 -0.00476936 -0.126146 -5.81592 -0.001497 0.998771 -0.0495342 -2.87929 0.126227 0.0493267 0.990774 62.9301
0.992168 -0.00387026 -0.12485 -6.00874 -0.00241653 0.998738 -0.050164 -2.97713 0.124887 0.0500728 0.990906 64.3555
0.992211 -0.00385249 -0.124507 -6.20041 -0.00242959 0.998733 -0.0502643 -3.07533 0.124543 0.0501753 0.990944 65.7792
0.992352 0.000212724 -0.12344 -6.38991 -0.00637151 0.998754 -0.0495005 -3.17275 0.123275 0.0499085 0.991116 67.1954
0.992422 0.00312927 -0.122835 -6.57932 -0.0091181 0.998795 -0.0482231 -3.26794 0.122536 0.0489777 0.991255 68.6188
0.992601 0.00851003 -0.121125 -6.76464 -0.0145217 0.998701 -0.048836 -3.36426 0.120552 0.0502336 0.991435 70.0325
0.992479 0.011021 -0.121914 -6.95268 -0.0170401 0.998681 -0.0484395 -3.45964 0.12122 0.0501527 0.991358 71.4485
0.992527 0.0135649 -0.121268 -7.14006 -0.0196558 0.998597 -0.0491725 -3.55619 0.120431 0.0511886 0.991401 72.8652
0.992636 0.017162 -0.119911 -7.32336 -0.0233019 0.998478 -0.0499906 -3.65427 0.11887 0.0524166 0.991525 74.2792
0.992689 0.0174601 -0.119427 -7.50948 -0.0235518 0.998482 -0.0497872 -3.75108 0.118377 0.052236 0.991594 75.6989
0.992775 0.0178706 -0.118655 -7.6935 -0.0240427 0.99842 -0.0507911 -3.84977 0.117559 0.0532769 0.991636 77.1162
0.993056 0.015275 -0.116647 -7.8713 -0.0214764 0.998411 -0.0520934 -3.9482 0.115666 0.0542368 0.991806 78.5257
0.992899 0.014466 -0.118072 -8.05952 -0.0207284 0.998433 -0.0519845 -4.04465 0.117135 0.0540628 0.991643 79.9376
0.993067 0.0149448 -0.116593 -8.2289 -0.0211866 0.998397 -0.0524806 -4.1471 0.115622 0.054587 0.991792 81.3274
0.992953 0.0148366 -0.117578 -8.40013 -0.0211672 0.998382 -0.0527775 -4.24933 0.116605 0.0548944 0.99166 82.7244
0.992698 0.0137781 -0.119835 -8.58685 -0.0201168 0.998452 -0.0518477 -4.34777 0.118935 0.0538799 0.991439 84.1271
0.992516 0.0127345 -0.121445 -8.78756 -0.0190204 0.998531 -0.0507413 -4.44133 0.12062 0.0526715 0.9913 85.538
0.992755 0.0119705 -0.119553 -8.9794 -0.0181848 0.998532 -0.051024 -4.5366 0.118767 0.0528285 0.991516 86.9446
0.992594 0.0089421 -0.121151 -9.18438 -0.0151315 0.998621 -0.0502651 -4.62731 0.120535 0.051726 0.991361 88.3614
0.992617 0.007057 -0.121083 -9.38262 -0.0132519 0.99864 -0.050434 -4.71908 0.120562 0.0516663 0.99136 89.7656
0.992739 0.00584185 -0.120143 -9.5757 -0.0121159 0.998597 -0.0515574 -4.81356 0.119674 0.0526387 0.991417 91.1601
0.992783 0.00396787 -0.119854 -9.77598 -0.0102479 0.998604 -0.0518266 -4.90631 0.119481 0.0526809 0.991438 92.5649
0.992985 0.00503511 -0.118131 -9.96087 -0.0113742 0.998527 -0.053049 -5.00397 0.11769 0.0540205 0.99158 93.9629
0.993015 0.005047 -0.117881 -10.1489 -0.0114397 0.998496 -0.0536164 -5.10153 0.117433 0.0545904 0.991579 95.3579
0.99314 0.00619691 -0.116762 -10.3374 -0.0126593 0.998423 -0.0546871 -5.20093 0.116239 0.0557901 0.991653 96.7444
0.99329 0.00719888 -0.115421 -10.5239 -0.0135631 0.998425 -0.054449 -5.29741 0.114847 0.0556492 0.991823 98.1141
0.993444 0.00783162 -0.114049 -10.7018 -0.0139991 0.998476 -0.0533779 -5.39346 0.113457 0.0546245 0.99204 99.4746
0.993567 0.00921181 -0.112868 -10.8728 -0.015217 0.998507 -0.0524603 -5.49049 0.112216 0.0538403 0.992224 100.813
0.993602 0.00706684 -0.112716 -11.0512 -0.0131943 0.99847 -0.0537091 -5.5859 0.112164 0.0548527 0.992175 102.168
0.993831 0.00729931 -0.110664 -11.2211 -0.0135953 0.998325 -0.0562454 -5.68542 0.110068 0.0574029 0.992265 103.509
0.993704 0.00759256 -0.111773 -11.3928 -0.0140961 0.998246 -0.057511 -5.78658 0.11114 0.0587245 0.992068 104.851
0.994021 0.00561005 -0.109041 -11.5511 -0.0118937 0.9983 -0.0570624 -5.88952 0.108535 0.0580181 0.992398 106.186
0.993911 0.0032735 -0.110133 -11.7206 -0.00934092 0.998464 -0.0546209 -5.98789 0.109785 0.0553171 0.992415 107.535
0.994087 0.00125441 -0.108576 -11.8815 -0.00716176 0.998514 -0.0540346 -6.08521 0.108347 0.0544927 0.992619 108.88
0.994271 -2.58433e-05 -0.106884 -12.0378 -0.00595673 0.998433 -0.0556529 -6.18449 0.106718 0.0559708 0.992713 110.213
0.994559 0.0020835 -0.10415 -12.1794 -0.00822822 0.998248 -0.0586042 -6.29174 0.103845 0.0591424 0.992833 111.543
0.994391 0.00271816 -0.105726 -12.3359 -0.00905276 0.998189 -0.0594817 -6.39729 0.105373 0.0601052 0.992615 112.883
0.994561 0.0068168 -0.103927 -12.4865 -0.0130765 0.998133 -0.0596693 -6.50407 0.103327 0.0607038 0.992793 114.22
0.994856 0.00971077 -0.100826 -12.6324 -0.0156736 0.998164 -0.0585175 -6.60952 0.100073 0.0597968 0.993182 115.554
0.994891 0.0102409 -0.100426 -12.7779 -0.0159864 0.998271 -0.0565745 -6.71294 0.099673 0.057891 0.993335 116.889
0.994925 0.00771788 -0.100317 -12.9301 -0.0133031 0.998391 -0.0551267 -6.81286 0.0997301 0.0561815 0.993427 118.23
0.995053 0.00668056 -0.0991166 -13.0847 -0.0121737 0.998417 -0.0549201 -6.91024 0.0985927 0.0558551 0.993559 119.565
0.995173 0.0106939 -0.0975401 -13.2371 -0.0162269 0.998293 -0.056109 -7.00933 0.0967736 0.057421 0.993649 120.9
0.995296 0.0108933 -0.0962624 -13.3962 -0.0163157 0.998313 -0.0557234 -7.10716 0.095493 0.0570319 0.993795 122.242
0.995553 0.0128381 -0.0933219 -13.5389 -0.0182629 0.998178 -0.0575106 -7.20847 0.0924135 0.0589592 0.993974 123.575
0.995656 0.0148722 -0.0919059 -13.6797 -0.0203318 0.998065 -0.0587569 -7.31145 0.0908542 0.0603703 0.994033 124.908
0.995865 0.0153648 -0.0895269 -13.8063 -0.0207644 0.998001 -0.0596968 -7.41822 0.0884307 0.061309 0.994194 126.225
0.99597 0.0130863 -0.088725 -13.9352 -0.0182633 0.998162 -0.0577895 -7.52136 0.0878057 0.0591771 0.994378 127.547
0.996167 0.0109396 -0.0867814 -14.0613 -0.0159019 0.998265 -0.0566973 -7.62313 0.0860106 0.05786 0.994613 128.869
0.996301 0.011069 -0.0852083 -14.1799 -0.015953 0.998255 -0.0568518 -7.72733 0.0844303 0.0580009 0.99474 130.185
0.996363 0.00877314 -0.0847511 -14.3006 -0.0136001 0.998308 -0.0565456 -7.83023 0.0841116 0.0574926 0.994796 131.511
0.996363 0.00732439 -0.0848931 -14.4213 -0.0120939 0.998369 -0.0558053 -7.93165 0.0843458 0.056629 0.994826 132.858
0.996328 0.00543684 -0.0854415 -14.5453 -0.0102482 0.99838 -0.0559748 -8.03274 0.0849987 0.0566449 0.99477 134.217
0.996284 0.00418034 -0.0860147 -14.6725 -0.00904043 0.998379 -0.0561912 -8.13402 0.0856404 0.0567601 0.994708 135.565
0.996217 0.00262181 -0.0868551 -14.8027 -0.00743579 0.998451 -0.0551483 -8.23429 0.086576 0.0555856 0.994693 136.918
0.996184 0.00109232 -0.0872623 -14.9332 -0.00592178 0.998463 -0.0551044 -8.33431 0.087068 0.055411 0.99466 138.277
0.996128 0.00126388 -0.0879041 -15.0672 -0.00614769 0.998451 -0.0553099 -8.43395 0.087698 0.0556362 0.994592 139.63
0.996069 0.000436452 -0.0885783 -15.2042 -0.00539427 0.998431 -0.0557393 -8.53346 0.088415 0.0559981 0.994508 140.997
0.99609 0.000641362 -0.0883343 -15.3512 -0.00563626 0.998398 -0.0563075 -8.63322 0.0881566 0.0565853 0.994498 142.357
0.996141 -0.00132944 -0.0877465 -15.497 -0.00385586 0.998257 -0.058898 -8.73651 0.0876719 0.0590091 0.9944 143.718
0.996097 -0.00700909 -0.0879765 -15.6462 0.00181619 0.998258 -0.0589678 -8.83769 0.0882365 0.058578 0.994376 145.09
0.99612 -0.0136871 -0.0869225 -15.7804 0.00870261 0.99831 -0.0574664 -8.9349 0.0875621 0.0564871 0.994556 146.426
0.995989 -0.0197986 -0.0872529 -15.913 0.0149016 0.998296 -0.0564226 -9.02931 0.0882213 0.0548961 0.994587 147.769
0.995904 -0.0235345 -0.0872933 -16.0446 0.0183389 0.998039 -0.0598509 -9.12865 0.0885306 0.0580049 0.994383 149.114
0.995971 -0.0242612 -0.0863191 -16.175 0.0188696 0.997852 -0.0627378 -9.23146 0.0876558 0.0608563 0.99429 150.459
0.996116 -0.0210791 -0.085478 -16.3044 0.0155267 0.997757 -0.0651086 -9.33775 0.0866587 0.0635286 0.99421 151.805
0.99624 -0.0208607 -0.0840823 -16.4326 0.0153533 0.997727 -0.0656224 -9.4461 0.0852601 0.0640848 0.994296 153.16
0.996335 -0.0234734 -0.08225 -16.5673 0.0183092 0.997846 -0.0629884 -9.54847 0.0835514 0.0612516 0.994619 154.492
0.996331 -0.0294398 -0.0803498 -16.6964 0.0245957 0.997857 -0.0606262 -9.65069 0.0819625 0.0584276 0.994921 155.852
0.996426 -0.0320246 -0.0781598 -16.8215 0.0273538 0.997817 -0.0601153 -9.75332 0.0799143 0.0577625 0.995127 157.217
0.996314 -0.0352906 -0.0781698 -16.9469 0.030657 0.997745 -0.0597028 -9.85535 0.0801005 0.0570864 0.995151 158.582
0.996464 -0.0339999 -0.0768263 -17.0706 0.0294709 0.997803 -0.0593354 -9.95647 0.0786748 0.0568615 0.995277 159.947
0.996702 -0.030696 -0.0751055 -17.1889 0.0261973 0.997845 -0.0601675 -10.0631 0.0767905 0.0580015 0.995359 161.332
0.996922 -0.028386 -0.0730686 -17.3078 0.023835 0.997765 -0.0624193 -10.1705 0.0746771 0.0604856 0.995372 162.703
0.99701 -0.026613 -0.0725399 -17.4308 0.0220802 0.997795 -0.0625883 -10.277 0.0740455 0.0607995 0.9954 164.06
0.997081 -0.0252334 -0.0720489 -17.5549 0.0208084 0.997889 -0.0615195 -10.382 0.0734491 0.0598408 0.995502 165.418
0.996963 -0.0263646 -0.0732682 -17.6809 0.0219251 0.997912 -0.0607503 -10.4858 0.0747168 0.0589594 0.99546 166.776
0.996995 -0.0237443 -0.0737248 -17.7982 0.0190789 0.997809 -0.0633524 -10.5976 0.0750674 0.0617555 0.995264 168.149
0.997017 -0.0232463 -0.0735873 -17.9148 0.018452 0.997703 -0.0651735 -10.7099 0.0749333 0.0636213 0.995157 169.504
0.997187 -0.019178 -0.0724534 -18.0435 0.0143709 0.997697 -0.0662964 -10.8215 0.0735579 0.0650687 0.995166 170.835
0.997124 -0.0150271 -0.0742772 -18.1755 0.010246 0.997876 -0.0643357 -10.93 0.0750862 0.0633897 0.99516 172.166
0.997393 -0.0106976 -0.0713503 -18.3019 0.00617813 0.997978 -0.0632641 -11.0377 0.0718827 0.0626585 0.995443 173.5
0.997548 -0.00750651 -0.0695701 -18.4261 0.00319434 0.998078 -0.0618883 -11.1435 0.0699008 0.0615144 0.995655 174.835
0.997569 -0.0111113 -0.0687869 -18.5475 0.00690464 0.998108 -0.0610932 -11.2491 0.0693355 0.0604698 0.995759 176.181
0.997535 -0.0128088 -0.0689744 -18.6665 0.00859538 0.998098 -0.0610406 -11.3571 0.069625 0.0602974 0.995749 177.54
0.997453 -0.013922 -0.0699475 -18.7868 0.00937591 0.997848 -0.0649065 -11.4708 0.0707005 0.0640854 0.995437 178.9
0.997411 -0.0116297 -0.0709481 -18.9087 0.00672598 0.997596 -0.0689685 -11.5905 0.0715795 0.0683129 0.995093 180.26
0.997413 -0.00569314 -0.0716492 -19.0329 0.000711926 0.997592 -0.0693566 -11.7111 0.0718715 0.0691262 0.995016 181.631
0.997521 -0.00199098 -0.0703326 -19.1548 -0.00283256 0.997653 -0.0684155 -11.8304 0.0703037 0.0684452 0.995175 183.003
0.99763 0.000736247 -0.0687864 -19.2748 -0.00523845 0.997853 -0.0652943 -11.945 0.0685906 0.0655 0.995492 184.375
0.997695 0.00235016 -0.0678053 -19.3935 -0.00666953 0.997957 -0.0635466 -12.0572 0.0675173 0.0638525 0.995673 185.747
0.997785 0.00217919 -0.0664661 -19.5102 -0.00637426 0.997995 -0.0629691 -12.1687 0.0661956 0.0632534 0.9958 187.12
0.997848 0.00026705 -0.0655577 -19.6254 -0.00435579 0.998052 -0.0622334 -12.2793 0.0654133 0.0623852 0.995906 188.498
0.99797 -0.00219876 -0.0636401 -19.7376 -0.00176154 0.998068 -0.0621066 -12.3898 0.0636536 0.0620927 0.996038 189.877
0.998037 -0.00515413 -0.0623983 -19.846 0.00128522 0.998083 -0.0618854 -12.5009 0.0625976 0.0616838 0.996131 191.268
0.998053 -0.00782806 -0.0618689 -19.9488 0.00406392 0.998146 -0.0607337 -12.61 0.0622296 0.0603641 0.996235 192.686
0.998074 -0.0129266 -0.060665 -20.0546 0.00931101 0.998185 -0.0595077 -12.717 0.061324 0.0588283 0.996383 194.095
0.998091 -0.0159645 -0.0596428 -20.1591 0.0123966 0.998138 -0.0597202 -12.8245 0.0604851 0.0588669 0.996432 195.504
0.998178 -0.0139456 -0.0586868 -20.258 0.0101858 0.997906 -0.0638846 -12.9368 0.0594547 0.0631705 0.99623 196.93
0.998258 -0.00727397 -0.058533 -20.3577 0.00323698 0.997627 -0.0687709 -13.0561 0.0588943 0.0684617 0.995914 198.355
0.998331 0.00268095 -0.0576722 -20.4568 -0.00666787 0.997591 -0.0690496 -13.1757 0.057348 0.069319 0.995945 199.78
0.998324 0.0102372 -0.0569528 -20.5562 -0.0139681 0.997755 -0.0654994 -13.2891 0.0561544 0.0661852 0.996226 201.215
0.998374 0.0118131 -0.0557482 -20.6543 -0.0153583 0.997858 -0.0635986 -13.3999 0.0548774 0.0643515 0.996417 202.651
0.99839 0.0102242 -0.0557781 -20.7449 -0.0137519 0.997904 -0.0632324 -13.5126 0.0550146 0.0638977 0.996439 204.117
0.998401 0.00731411 -0.0560318 -20.8435 -0.0108836 0.997912 -0.0636659 -13.6234 0.0554491 0.0641741 0.996397 205.553
0.998373 0.00533098 -0.0567497 -20.9418 -0.00898485 0.997889 -0.0643264 -13.7359 0.0562869 0.0647317 0.996314 207.001
0.998386 0.00548209 -0.0565105 -21.0415 -0.00914333 0.997861 -0.0647349 -13.8498 0.0560347 0.0651472 0.996301 208.454
0.998418 0.00639041 -0.0558518 -21.1389 -0.0100031 0.997858 -0.0646447 -13.9635 0.055319 0.0651012 0.996344 209.902
0.998498 0.00778127 -0.0542045 -21.2308 -0.0112731 0.99786 -0.0644137 -14.078 0.0535872 0.0649281 0.99645 211.354
0.998513 0.00644434 -0.0541187 -21.3192 -0.0099794 0.997815 -0.0653063 -14.1954 0.0535795 0.0657493 0.996397 212.81
0.998495 0.005924 -0.0545031 -21.4029 -0.00953791 0.997755 -0.066287 -14.3153 0.053988 0.0667072 0.996311 214.281
0.998544 0.00349192 -0.0538188 -21.4852 -0.00707036 0.997765 -0.066444 -14.4352 0.0534664 0.0667278 0.996338 215.753
0.998545 0.00337992 -0.0537929 -21.5654 -0.00696878 0.997751 -0.0666689 -14.5583 0.0534465 0.0669469 0.996324 217.228
0.998408 0.00485264 -0.0561732 -21.6497 -0.00860869 0.997728 -0.0668177 -14.682 0.0557212 0.067195 0.996183 218.703
0.998356 0.00517246 -0.0570671 -21.7378 -0.00898971 0.997723 -0.0668377 -14.8065 0.0565914 0.0672409 0.996131 220.175
0.998387 0.00545206 -0.0564897 -21.8239 -0.00924805 0.9977 -0.0671557 -14.9319 0.0559936 0.0675699 0.996142 221.647
0.998311 0.00482156 -0.0578839 -21.907 -0.00870277 0.997716 -0.0669877 -15.062 0.0574287 0.0673784 0.996073 223.151
0.998298 0.00499661 -0.0580842 -21.9914 -0.00888883 0.997717 -0.0669456 -15.1913 0.057617 0.0673481 0.996065 224.651
0.998235 0.0039984 -0.0592387 -22.0781 -0.0079565 0.997739 -0.0667314 -15.3206 0.0588379 0.0670851 0.996011 226.157
0.998244 0.00249156 -0.0591629 -22.1648 -0.00645544 0.997739 -0.0669029 -15.4502 0.0588623 0.0671675 0.996004 227.662
0.998186 0.00144475 -0.0601647 -22.2555 -0.00544149 0.997784 -0.066319 -15.5782 0.0599354 0.0665262 0.995983 229.167
0.998209 -0.00133408 -0.0597907 -22.3474 -0.00255636 0.997886 -0.0649437 -15.7039 0.0597509 0.0649803 0.996096 230.669
0.998166 -0.00130286 -0.0605016 -22.4368 -0.00261219 0.997909 -0.0645856 -15.8323 0.0604591 0.0646253 0.996077 232.185
0.998188 -0.00276338 -0.0600816 -22.5251 -0.00109847 0.99794 -0.0641488 -15.9591 0.060135 0.0640987 0.99613 233.697
0.998204 -0.0046403 -0.0597105 -22.613 0.000829248 0.997969 -0.0636925 -16.0849 0.0598847 0.0635287 0.996182 235.209
0.998256 -0.00426285 -0.0588644 -22.6981 0.000564636 0.998032 -0.0627001 -16.2086 0.0590158 0.0625576 0.996295 236.714
0.998348 -0.00384996 -0.057313 -22.7772 0.000359149 0.99815 -0.0607937 -16.3292 0.057441 0.0606728 0.996504 238.214
0.998421 -0.00364335 -0.0560331 -22.8527 0.000251775 0.998173 -0.0604163 -16.4492 0.0561508 0.0603069 0.996599 239.713
0.998416 -0.00407999 -0.0560973 -22.9356 0.000637744 0.998123 -0.0612434 -16.5705 0.0562418 0.0611107 0.996545 241.218
0.998496 -0.00374745 -0.0546711 -23.0141 0.000318973 0.99804 -0.0625852 -16.694 0.0547984 0.0624737 0.996541 242.721
0.998544 -0.00285378 -0.0538468 -23.0914 -0.000501953 0.998063 -0.0622036 -16.8169 0.05392 0.0621402 0.99661 244.224
0.998533 -0.00319384 -0.054025 -23.1687 -0.000114159 0.998131 -0.0611171 -16.9381 0.0541192 0.0610338 0.996667 245.727
0.998521 -0.00324336 -0.0542439 -23.2494 -3.75386e-05 0.998176 -0.060374 -17.0593 0.0543407 0.0602868 0.996701 247.238
0.998538 -0.00266739 -0.0539593 -23.3286 -0.000602106 0.998169 -0.060485 -17.1809 0.0540217 0.0604292 0.99671 248.748
0.998561 -0.0011834 -0.0535959 -23.4119 -0.00203391 0.9982 -0.0599347 -17.3033 0.0535702 0.0599576 0.996762 250.268
0.998577 0.00132773 -0.053283 -23.4948 -0.00453377 0.998182 -0.0600942 -17.4259 0.0531063 0.0602504 0.996769 251.788
0.998595 0.00306747 -0.0528739 -23.5771 -0.00624836 0.998173 -0.0600999 -17.5486 0.0525928 0.060346 0.996791 253.309
0.998597 0.00172198 -0.0528996 -23.659 -0.0048836 0.998205 -0.0596952 -17.6703 0.0527018 0.0598698 0.996814 254.83
0.998587 0.000165766 -0.0531132 -23.7437 -0.00328709 0.998271 -0.0586853 -17.7928 0.0530115 0.0587771 0.996863 256.365
0.998621 -0.00140492 -0.0524588 -23.8269 -0.00165722 0.998299 -0.0582831 -17.914 0.0524513 0.0582898 0.996921 257.891
0.998601 -0.00312756 -0.0527521 -23.91 3.47081e-05 0.998286 -0.0585292 -18.0363 0.0528446 0.0584456 0.996891 259.424
0.998557 -0.00382553 -0.0535357 -23.9949 0.000622829 0.998215 -0.0597128 -18.1606 0.0536685 0.0595934 0.996779 260.957
0.998568 -0.00652096 -0.0530761 -24.0814 0.00344369 0.998319 -0.0578646 -18.2806 0.0533641 0.0575991 0.996912 262.486
0.998544 -0.00916803 -0.053134 -24.168 0.0062066 0.998432 -0.0556347 -18.3972 0.0535606 0.055224 0.997036 264.015
0.99854 -0.0109466 -0.0528773 -24.2546 0.00799129 0.998411 -0.0557826 -18.5153 0.0534038 0.0552787 0.997042 265.554
0.998519 -0.0122758 -0.052968 -24.3376 0.00930112 0.998385 -0.056046 -18.6386 0.0535704 0.0554705 0.997022 267.121
0.998575 -0.0109399 -0.0522 -24.4235 0.00800007 0.998388 -0.0561989 -18.7612 0.0527306 0.0557014 0.997054 268.663
0.998616 -0.00959346 -0.0516837 -24.5056 0.00672104 0.998438 -0.0554668 -18.8848 0.052135 0.0550427 0.997122 270.234
0.998695 -0.00573977 -0.0507278 -24.5863 0.00286962 0.9984 -0.0564723 -19.0106 0.0509706 0.0562531 0.997114 271.79
0.998766 -0.00138708 -0.0496129 -24.668 -0.00146656 0.998348 -0.0574354 -19.1402 0.0496105 0.0574374 0.997116 273.336
0.998838 0.00415059 -0.0479795 -24.7486 -0.00702013 0.998186 -0.0597943 -19.2743 0.0476442 0.0600618 0.997057 274.88
0.998908 0.00723114 -0.0461345 -24.8259 -0.0100677 0.998053 -0.0615512 -19.4109 0.0455995 0.0619486 0.997037 276.423
0.998969 0.00718417 -0.044805 -24.9016 -0.00994309 0.998048 -0.0616603 -19.5477 0.0442745 0.0620423 0.997091 277.967
0.999063 0.0069439 -0.0426789 -24.9727 -0.00954602 0.998088 -0.0610712 -19.6833 0.0421731 0.0614216 0.99722 279.509
0.999131 0.00577206 -0.0412432 -25.0423 -0.00822881 0.998186 -0.059648 -19.8166 0.040824 0.0599356 0.997367 281.053
0.999153 0.00426877 -0.0408982 -25.1113 -0.00667144 0.998248 -0.0587922 -19.9487 0.0405755 0.0590153 0.997432 282.597
0.999157 0.00198958 -0.0409655 -25.1803 -0.00444537 0.998192 -0.0599442 -20.0826 0.040772 0.0600759 0.997361 284.141
0.999181 0.0012087 -0.0404033 -25.248 -0.0037012 0.99809 -0.0616726 -20.2192 0.0402515 0.0617717 0.997278 285.686
0.999164 0.000442193 -0.0408377 -25.3163 -0.00291262 0.998167 -0.060454 -20.3536 0.040736 0.0605225 0.997335 287.232
0.999137 -0.00170092 -0.0414748 -25.3857 -0.000761749 0.998241 -0.0592895 -20.4861 0.0415025 0.05927 0.997379 288.777
0.999121 -0.00334698 -0.0417555 -25.4549 0.000924964 0.998323 -0.0578896 -20.6156 0.0418791 0.0578002 0.997449 290.322
0.999116 -0.00287946 -0.0419136 -25.5247 0.000468709 0.99835 -0.0574136 -20.7446 0.0420097 0.0573433 0.99747 291.868
0.999115 -0.00274937 -0.0419329 -25.5945 0.00037281 0.998398 -0.0565781 -20.8723 0.0420211 0.0565125 0.997517 293.415
0.999112 -0.00262862 -0.0420119 -25.6645 0.000282836 0.998445 -0.0557449 -20.9988 0.042093 0.0556836 0.997561 294.962
0.999101 -0.00313869 -0.0422529 -25.7346 0.000854801 0.998543 -0.0539628 -21.1222 0.0423606 0.0538782 0.997648 296.509
0.999132 -0.00104465 -0.041621 -25.8042 -0.00112534 0.998642 -0.0520791 -21.2428 0.0416188 0.0520808 0.997775 298.059
0.999193 -0.000115636 -0.0401338 -25.8715 -0.00197874 0.998638 -0.052141 -21.3634 0.040085 0.0521784 0.997833 299.608
0.999244 -0.000249046 -0.0388297 -25.9383 -0.00173779 0.998691 -0.0511256 -21.4817 0.0387915 0.0511545 0.997937 301.167
0.99928 -0.00256731 -0.0378251 -26.0031 0.000654606 0.998724 -0.0504929 -21.599 0.0379064 0.0504319 0.998008 302.726
0.999288 -0.0045605 -0.0374187 -26.0671 0.00264693 0.998693 -0.0510305 -21.7172 0.0376024 0.0508952 0.997996 304.285
0.999265 -0.0072718 -0.0375868 -26.1312 0.005315 0.998638 -0.0519011 -21.8367 0.0379129 0.0516633 0.997944 305.845
0.999179 -0.00917003 -0.0394205 -26.1983 0.00713111 0.998644 -0.0515555 -21.9554 0.0398397 0.0512321 0.997892 307.405
0.999067 -0.0095968 -0.0420831 -26.2693 0.00740709 0.998625 -0.051884 -22.0747 0.042523 0.051524 0.997766 308.964
0.998944 -0.00796389 -0.0452132 -26.3448 0.00568434 0.998717 -0.0503245 -22.1925 0.0455559 0.0500145 0.997709 310.535
0.998894 -0.00686811 -0.0464939 -26.4139 0.00470395 0.998907 -0.0464978 -22.307 0.0467623 0.0462277 0.997836 312.118
0.99884 -0.00795849 -0.0474576 -26.4842 0.0059317 0.99907 -0.0426965 -22.4156 0.0477532 0.0423656 0.99796 313.712
0.998757 -0.00857027 -0.0490834 -26.5616 0.00655175 0.999132 -0.0411386 -22.5209 0.0493933 0.0407659 0.997947 315.304
0.998706 -0.00891629 -0.0500452 -26.6405 0.00683367 0.999109 -0.0416327 -22.6271 0.0503718 0.0412369 0.997879 316.896
0.998703 -0.0100445 -0.0498799 -26.7187 0.00801916 0.999141 -0.0406408 -22.731 0.0502452 0.0401881 0.997928 318.487
0.998633 -0.0104107 -0.0511929 -26.7986 0.00839233 0.999185 -0.0394846 -22.833 0.0515621 0.0390011 0.997908 320.08
0.99857 -0.0105782 -0.0523824 -26.8772 0.00856998 0.999225 -0.0384142 -22.932 0.0527481 0.0379104 0.997888 321.686
0.998459 -0.00885072 -0.0547518 -26.9615 0.00675177 0.999239 -0.0384028 -23.0308 0.05505 0.037974 0.997761 323.295
0.998408 -0.00924152 -0.0556221 -27.0478 0.00714482 0.99926 -0.0377772 -23.1279 0.05593 0.0373197 0.997737 324.904
0.998344 -0.0111658 -0.0564128 -27.1324 0.00916511 0.999324 -0.0355999 -23.2203 0.056772 0.035024 0.997772 326.519
0.99824 -0.0132562 -0.0577728 -27.2206 0.0112909 0.999351 -0.0342128 -23.3099 0.0581888 0.0335004 0.997743 328.132
0.998141 -0.016118 -0.0587635 -27.3121 0.0140885 0.999295 -0.0347892 -23.3987 0.0592827 0.0338967 0.997665 329.741
0.998068 -0.0162 -0.0599548 -27.4024 0.0141721 0.999318 -0.034097 -23.4869 0.0604662 0.0331815 0.997618 331.361
0.997983 -0.014342 -0.061813 -27.5015 0.012158 0.999293 -0.0355661 -23.5777 0.0622793 0.0347429 0.997454 332.971
0.99788 -0.0158716 -0.0630878 -27.6036 0.0135449 0.999218 -0.0371384 -23.668 0.0636278 0.0362052 0.997316 334.591
0.997802 -0.0129097 -0.0649794 -27.714 0.0105239 0.999262 -0.036926 -23.7577 0.0654081 0.036161 0.997203 336.204
0.997795 -0.0111297 -0.0654086 -27.8253 0.0088942 0.999369 -0.0343696 -23.8438 0.0657498 0.0337121 0.997266 337.798
0.997597 -0.0100226 -0.0685328 -27.938 0.00789682 0.999481 -0.0312188 -23.9255 0.0688101 0.0306027 0.99716 339.407
0.997439 -0.01088 -0.0706717 -28.0559 0.00864627 0.999456 -0.0318366 -24.0012 0.0709795 0.0311441 0.996991 341.021
0.997233 -0.0131084 -0.0731581 -28.1778 0.0107272 0.999403 -0.0328475 -24.078 0.0735449 0.0319719 0.996779 342.634
0.997123 -0.0154217 -0.0741929 -28.2986 0.0130726 0.999401 -0.0320444 -24.1539 0.0746426 0.0309823 0.996729 344.241
0.997016 -0.0162472 -0.0754494 -28.422 0.0138239 0.999375 -0.0325306 -24.2306 0.0759307 0.0313906 0.996619 345.848
0.996928 -0.0166417 -0.0765177 -28.5472 0.0141091 0.999338 -0.0335211 -24.309 0.0770249 0.0323386 0.996504 347.455
0.996845 -0.0183211 -0.0772101 -28.6738 0.0157127 0.999289 -0.0342561 -24.3884 0.0777828 0.032935 0.996426 349.062
0.99677 -0.019357 -0.077923 -28.8021 0.0167407 0.999278 -0.0340901 -24.4675 0.0785266 0.0326756 0.996376 350.668
0.99674 -0.0208091 -0.0779276 -28.9302 0.018185 0.999248 -0.0342328 -24.5468 0.0785814 0.0327042 0.996371 352.275
0.996698 -0.021787 -0.0782077 -29.0612 0.0191322 0.99922 -0.0345363 -24.6265 0.0788991 0.032926 0.996339 353.88
0.996732 -0.0220786 -0.0776902 -29.1911 0.0193646 0.999181 -0.0355158 -24.7079 0.0784107 0.0338954 0.996345 355.486
0.996749 -0.0232721 -0.0771194 -29.3177 0.0205705 0.999153 -0.0356421 -24.7902 0.0778835 0.0339399 0.996384 357.096
0.996745 -0.0234197 -0.0771178 -29.4442 0.0206598 0.999124 -0.0363942 -24.8741 0.0779025 0.0346826 0.996357 358.711
0.996713 -0.0245978 -0.0771722 -29.577 0.0217154 0.999043 -0.0379701 -24.959 0.0780322 0.0361695 0.996294 360.309
0.996668 -0.0271779 -0.0768925 -29.7092 0.0244589 0.999049 -0.0360853 -25.0406 0.0778 0.0340844 0.996386 361.906
0.996585 -0.0293322 -0.0771752 -29.8427 0.0266715 0.999021 -0.0352847 -25.1199 0.0781346 0.0331059 0.996393 363.507
0.99658 -0.0313773 -0.0764225 -29.9849 0.0286952 0.998941 -0.035945 -25.1972 0.0774695 0.0336292 0.996427 365.087
0.996724 -0.0306561 -0.0748274 -30.125 0.0279595 0.99893 -0.0368238 -25.276 0.0758762 0.0346112 0.996516 366.657
0.996776 -0.0299435 -0.0744247 -30.2599 0.0273297 0.998982 -0.0358952 -25.3538 0.0754237 0.0337455 0.99658 368.267
0.996866 -0.0284433 -0.0737999 -30.3917 0.0258748 0.999033 -0.0355298 -25.4304 0.0747391 0.033509 0.99664 369.881
0.996968 -0.0270362 -0.0729451 -30.5222 0.0244211 0.999035 -0.0365069 -25.5088 0.0738617 0.0346148 0.996667 371.494
0.996982 -0.0276417 -0.0725265 -30.6559 0.0249673 0.998984 -0.0375253 -25.5912 0.07349 0.0356014 0.99666 373.092
0.997005 -0.028093 -0.072031 -30.7886 0.0254215 0.998964 -0.0377412 -25.6738 0.0730166 0.0357972 0.996688 374.688
0.997197 -0.0267119 -0.0698738 -30.9138 0.0240435 0.998959 -0.0387551 -25.7592 0.0708363 0.0369665 0.996803 376.287
0.997224 -0.025688 -0.0698629 -31.0398 0.0230166 0.998983 -0.0387781 -25.8447 0.0707879 0.0370626 0.996803 377.887
0.997371 -0.0223043 -0.0689262 -31.1645 0.0196353 0.99904 -0.0391601 -25.936 0.0697334 0.0377038 0.996853 379.484
0.997484 -0.021009 -0.0676904 -31.2867 0.0183315 0.999034 -0.0399359 -26.0283 0.068464 0.0385947 0.996907 381.08
0.997563 -0.0196348 -0.0669303 -31.4077 0.0169345 0.999029 -0.0406771 -26.1217 0.067664 0.0394447 0.996928 382.677
0.997606 -0.0205441 -0.0660023 -31.5268 0.0178989 0.999022 -0.0404222 -26.2145 0.0667682 0.0391442 0.997 384.273
0.99779 -0.0206111 -0.0631387 -31.6389 0.0180839 0.999022 -0.0403394 -26.3067 0.0639083 0.0391085 0.997189 385.87
0.997899 -0.0194157 -0.0617897 -31.748 0.0169229 0.999031 -0.0406133 -26.3989 0.0625184 0.0394824 0.997262 387.478
0.997964 -0.0173783 -0.0613368 -31.8569 0.014843 0.999026 -0.0415512 -26.4924 0.0619991 0.0405563 0.997252 389.088
0.997962 -0.0180602 -0.0611745 -31.9659 0.0155394 0.99902 -0.0414361 -26.5852 0.0618629 0.0404011 0.997267 390.703
