1 0 0 0 0 1 0 0 0 0 1 0
0.999998 -0.00110059 -0.00176708 0.00765718 0.00109658 0.999997 -0.00227058 0.0169552 0.00176957 0.00226863 0.999996 0.575776
0.999993 -0.00152875 -0.00345336 0.0069762 0.00151117 0.999986 -0.00508909 0.0275553 0.00346109 0.00508383 0.999981 1.13969
0.999983 -0.00188611 -0.00560128 0.00561836 0.00184307 0.999969 -0.00767882 0.0363908 0.00561559 0.00766836 0.999955 1.70116
0.999965 -0.00367178 -0.00752885 0.00210249 0.0035925 0.999938 -0.0105164 0.0439656 0.007567 0.010489 0.999916 2.26545
0.999938 -0.00626923 -0.00918252 -0.00248165 0.00614514 0.99989 -0.0134795 0.0488613 0.00926602 0.0134223 0.999867 2.82113
0.999917 -0.00721051 -0.0107166 -0.00904363 0.00704796 0.999861 -0.0151289 0.0536049 0.0108242 0.0150521 0.999828 3.39469
0.999899 -0.00696914 -0.0123921 -0.014804 0.00677572 0.999856 -0.0155824 0.0570479 0.0124989 0.0154968 0.999802 3.95967
0.999886 -0.00759601 -0.0130512 -0.0295239 0.00737329 0.999828 -0.017029 0.0569166 0.0131783 0.0169309 0.99977 4.5275
0.999881 -0.00700072 -0.0137299 -0.0447871 0.00671422 0.999761 -0.0208034 0.0543467 0.0138723 0.0207088 0.999689 5.09528
0.999879 -0.00528761 -0.0146152 -0.0644808 0.00491318 0.999662 -0.0255374 0.0497176 0.0147453 0.0254625 0.999567 5.67561
0.999882 -0.00386189 -0.0148947 -0.092511 0.00341667 0.99955 -0.0298016 0.0407819 0.0150031 0.0297472 0.999445 6.28079
0.999889 -0.00158733 -0.0148279 -0.125015 0.00113543 0.999536 -0.0304354 0.0296295 0.0148694 0.0304152 0.999427 6.89392
0.999892 0.000998567 -0.0146862 -0.159767 -0.0013559 0.999703 -0.0243412 0.0210108 0.0146575 0.0243585 0.999596 7.51604
0.999899 0.00144525 -0.014111 -0.186251 -0.00165722 0.999886 -0.0150215 0.0179644 0.0140877 0.0150434 0.999788 8.12745
0.999904 0.00247384 -0.0136481 -0.207369 -0.00260346 0.999952 -0.00948769 0.0137914 0.013624 0.0095223 0.999862 8.74979
0.9999 0.00499256 -0.0132656 -0.2287 -0.00514336 0.999922 -0.0113579 8.09673e-05 0.0132079 0.011425 0.999848 9.39883
0.999888 0.00759665 -0.0128684 -0.252449 -0.00783339 0.999799 -0.0184471 -0.022258 0.0127257 0.0185459 0.999747 10.0526
0.999889 0.00700011 -0.0131757 -0.277188 -0.00730623 0.999701 -0.0233302 -0.0444616 0.0130085 0.0234239 0.999641 10.734
0.999907 0.00599669 -0.0122233 -0.297788 -0.0062598 0.999747 -0.0216019 -0.0691729 0.0120906 0.0216764 0.999692 11.4281
0.999926 0.00523197 -0.0109824 -0.325298 -0.00536521 0.999912 -0.0121378 -0.089855 0.0109179 0.0121958 0.999866 12.1497
0.99994 0.00490884 -0.00975778 -0.354886 -0.00495517 0.999977 -0.0047293 -0.105203 0.00973434 0.00477737 0.999941 12.9092
0.999949 0.00436173 -0.00906385 -0.384099 -0.00438219 0.999988 -0.00223849 -0.119024 0.00905398 0.0022781 0.999956 13.6688
0.999966 0.00237009 -0.00793729 -0.412519 -0.00239411 0.999993 -0.00301851 -0.133762 0.00793008 0.00303741 0.999964 14.4287
0.999982 0.00135723 -0.00574403 -0.445376 -0.00138528 0.999987 -0.00488093 -0.1475 0.00573733 0.0048888 0.999972 15.2087
0.999987 0.003916 -0.00307858 -0.486254 -0.0039399 0.999962 -0.00779496 -0.16596 0.00304794 0.007807 0.999965 16.0143
0.999999 0.00115973 0.000222587 -0.51513 -0.00115676 0.999916 -0.0129042 -0.187796 -0.000237535 0.0129039 0.999917 16.8273
0.999994 -0.001609 0.00311617 -0.537908 0.00166669 0.999826 -0.0185976 -0.2119 -0.0030857 0.0186027 0.999822 17.6513
0.999976 -0.00136878 0.00669856 -0.575295 0.00152087 0.99974 -0.0227534 -0.240913 -0.00666567 0.022763 0.999719 18.5228
0.999952 -0.00073459 0.00975696 -0.606592 0.000959012 0.999735 -0.0230166 -0.271205 -0.00973746 0.0230249 0.999687 19.4173
0.99993 -0.000861128 0.0117828 -0.629085 0.00112553 0.999747 -0.0224516 -0.297857 -0.0117605 0.0224633 0.999678 20.316
0.999899 9.74401e-05 0.0142071 -0.653091 0.00024106 0.999716 -0.0238225 -0.324872 -0.0142054 0.0238235 0.999615 21.2338
0.999869 0.00275814 0.0159148 -0.670517 -0.00234713 0.999665 -0.0257869 -0.351944 -0.0159806 0.0257462 0.999541 22.1538
0.999832 0.00566296 0.0174319 -0.681137 -0.00519742 0.999632 -0.0266367 -0.382885 -0.0175764 0.0265417 0.999493 23.0969
0.999807 0.00615074 0.0186655 -0.686097 -0.0056452 0.999619 -0.0270173 -0.414386 -0.0188246 0.0269067 0.999461 24.0395
0.999793 0.00630542 0.0193126 -0.688935 -0.00577812 0.999612 -0.0272385 -0.449441 -0.0194768 0.0271213 0.999442 24.9896
0.999777 0.00670043 0.0200343 -0.688069 -0.00615286 0.999609 -0.0272693 -0.485992 -0.0202092 0.0271399 0.999427 25.9576
0.999764 0.00836208 0.020022 -0.685691 -0.00783566 0.999625 -0.0262276 -0.522809 -0.0202338 0.0260646 0.999456 26.9348
0.999755 0.00954943 0.0199495 -0.681537 -0.0090649 0.999665 -0.0242387 -0.557131 -0.0201743 0.024052 0.999507 27.9238
0.999763 0.00959941 0.019545 -0.672658 -0.0091423 0.999686 -0.0233441 -0.590121 -0.019763 0.0231599 0.999536 28.9229
0.999762 0.00958645 0.0195674 -0.663896 -0.00910491 0.999657 -0.0245515 -0.624355 -0.0197961 0.0243676 0.999507 29.9186
0.999755 0.0106517 0.0194044 -0.651445 -0.0101582 0.999627 -0.0253556 -0.659837 -0.0196673 0.0251523 0.99949 30.9255
0.99976 0.0102052 0.0193805 -0.647117 -0.00972205 0.999644 -0.0248636 -0.692986 -0.0196274 0.0246692 0.999503 31.9536
0.999766 0.0102536 0.0190065 -0.636008 -0.00982303 0.999696 -0.0226102 -0.724407 -0.0192325 0.0224183 0.999564 32.9854
0.99978 0.00988785 0.0184536 -0.61746 -0.00953799 0.999775 -0.0189513 -0.760817 -0.0186369 0.0187711 0.99965 34.0841
0.99978 0.010321 0.018217 -0.613742 -0.0100067 0.999801 -0.0172609 -0.788801 -0.0183915 0.0170749 0.999685 35.1506
0.999782 0.0104266 0.018056 -0.609381 -0.0101156 0.9998 -0.0172358 -0.817109 -0.0182321 0.0170494 0.999689 36.1936
0.999788 0.0102093 0.0178685 -0.610232 -0.00986605 0.999767 -0.0191932 -0.845062 -0.0180602 0.0190128 0.999656 37.2591
0.99977 0.0111924 0.018269 -0.612457 -0.0108259 0.999741 -0.0200367 -0.874305 -0.0184885 0.0198343 0.999632 38.3322
0.999771 0.0117202 0.0179005 -0.609728 -0.0113664 0.999741 -0.019738 -0.904066 -0.0181272 0.01953 0.999645 39.4225
0.999775 0.0119885 0.017502 -0.610654 -0.0116633 0.99976 -0.0185636 -0.928048 -0.0177204 0.0183553 0.999675 40.5028
0.999768 0.0125859 0.0174367 -0.605527 -0.0122856 0.999776 -0.017224 -0.952806 -0.0176496 0.0170057 0.9997 41.5948
0.999742 0.0148157 0.0172202 -0.601462 -0.0144974 0.999724 -0.018465 -0.979555 -0.017489 0.0182106 0.999681 42.6868
0.999704 0.0168571 0.0175309 -0.593907 -0.0164557 0.999605 -0.0227962 -1.01554 -0.0179083 0.022501 0.999587 43.7931
0.999651 0.0193057 0.018022 -0.585877 -0.0188085 0.999449 -0.0273627 -1.05664 -0.0185403 0.0270142 0.999463 44.899
0.999586 0.0217883 0.0188017 -0.585468 -0.0212445 0.999364 -0.0286557 -1.09728 -0.0194141 0.0282444 0.999413 45.9659
0.999478 0.0256643 0.0195942 -0.577892 -0.0251182 0.999303 -0.0276243 -1.13978 -0.0202895 0.0271177 0.999427 47.0356
0.999399 0.0285047 0.0197086 -0.560969 -0.0279742 0.999252 -0.0266875 -1.18728 -0.0204546 0.0261201 0.99945 48.1115
0.999346 0.0297733 0.0205161 -0.547362 -0.0292321 0.99923 -0.0261895 -1.23722 -0.02128 0.0255726 0.999447 49.178
0.99931 0.0302964 0.0214643 -0.53139 -0.0297179 0.9992 -0.0267747 -1.29449 -0.0222583 0.0261184 0.999411 50.2599
0.999309 0.0300283 0.0219065 -0.503535 -0.0294062 0.99917 -0.0281857 -1.35196 -0.0227347 0.027522 0.999363 51.3188
0.999286 0.0301346 0.0227625 -0.499717 -0.0294582 0.999131 -0.0294897 -1.41292 -0.0236313 0.0287981 0.999306 52.4184
0.999304 0.0291623 0.0232454 -0.472902 -0.0284191 0.999094 -0.0316889 -1.46866 -0.0241485 0.0310062 0.999228 53.4601
0.999346 0.0275183 0.0234522 -0.447372 -0.0266958 0.999041 -0.0346898 -1.5276 -0.0243843 0.034041 0.999123 54.5161
0.999381 0.0259059 0.0238021 -0.418422 -0.0250478 0.99905 -0.0356663 -1.58768 -0.0247035 0.035048 0.999081 55.5754
0.999412 0.0242174 0.0242682 -0.392252 -0.0234105 0.999181 -0.0329982 -1.6473 -0.0250475 0.0324107 0.999161 56.6561
0.999439 0.0222791 0.0250043 -0.365032 -0.0216042 0.999404 -0.0269445 -1.70032 -0.0255897 0.0263892 0.999324 57.7369
0.999476 0.0204007 0.0251218 -0.332068 -0.0198685 0.999577 -0.0212544 -1.74512 -0.0255448 0.0207441 0.999459 58.8057
0.999487 0.0188942 0.0258612 -0.315239 -0.0183882 0.999638 -0.0196655 -1.8007 -0.0262234 0.0191798 0.999472 59.892
0.999543 0.014666 0.0264166 -0.292768 -0.0141027 0.999672 -0.0213839 -1.85498 -0.0267215 0.0210016 0.999423 60.969
0.999546 0.0135835 0.0268752 -0.275461 -0.0129469 0.999635 -0.0237221 -1.90926 -0.0271877 0.0233633 0.999358 62.0296
0.999509 0.0145351 0.0277555 -0.260611 -0.0137992 0.999553 -0.0265245 -1.96259 -0.0281286 0.0261285 0.999263 63.0933
0.99952 0.0134585 0.0278885 -0.239783 -0.0126313 0.999481 -0.0296274 -2.01401 -0.0282727 0.029261 0.999172 64.1602
0.999474 0.0149809 0.0287536 -0.225255 -0.0141103 0.999443 -0.0302465 -2.05006 -0.0291907 0.0298248 0.999129 65.2202
0.999363 0.01921 0.0300577 -0.213701 -0.0183901 0.999458 -0.0273202 -2.08773 -0.0305662 0.0267501 0.999175 66.2812
0.999316 0.0204117 0.0308378 -0.201584 -0.0196195 0.999475 -0.0257765 -2.12371 -0.0313478 0.0251538 0.999192 67.3424
0.999317 0.0198863 0.0311226 -0.17966 -0.0190853 0.999484 -0.0258274 -2.15365 -0.0316202 0.0252158 0.999182 68.4171
0.999364 0.0163632 0.0316717 -0.16251 -0.0155635 0.999558 -0.025336 -2.18082 -0.0320722 0.0248269 0.999177 69.4792
0.999358 0.0136195 0.0331443 -0.150257 -0.0128028 0.999612 -0.0247305 -2.20679 -0.0334683 0.0242903 0.999145 70.5256
0.999371 0.0112809 0.0336285 -0.127298 -0.0104921 0.999668 -0.0235383 -2.23317 -0.0338829 0.0231707 0.999157 71.58
0.999414 0.00877598 0.0330797 -0.100404 -0.00800053 0.999692 -0.0235014 -2.24993 -0.0332757 0.023223 0.999177 72.6626
0.99942 0.00807215 0.0330713 -0.0825476 -0.00721221 0.999635 -0.0260396 -2.27764 -0.0332695 0.025786 0.999114 73.7297
0.999439 0.00824665 0.032449 -0.0531248 -0.00725854 0.99951 -0.030452 -2.31706 -0.0326842 0.0301994 0.99901 74.8424
0.999474 0.0083817 0.0313191 -0.0175361 -0.00734014 0.999421 -0.0332244 -2.35239 -0.0315794 0.032977 0.998957 75.9296
0.999492 0.0101764 0.0301958 0.00877571 -0.00919606 0.999432 -0.0324289 -2.39198 -0.0305086 0.0321347 0.999018 76.9924
0.999516 0.0114907 0.0288812 0.0405475 -0.0106636 0.999534 -0.0286296 -2.43602 -0.0291967 0.0283078 0.999173 78.0619
0.999556 0.0128661 0.0268473 0.069908 -0.0121912 0.99961 -0.0251493 -2.47486 -0.0271604 0.0248109 0.999323 79.1335
0.999572 0.0135007 0.025929 0.0927457 -0.0128525 0.999605 -0.0250046 -2.51172 -0.0262563 0.0246607 0.999351 80.1871
0.999589 0.0135142 0.0252621 0.10896 -0.0128261 0.999548 -0.0272057 -2.54956 -0.0256184 0.0268705 0.999311 81.2351
0.999602 0.0142025 0.0243816 0.123023 -0.0135049 0.999502 -0.0285386 -2.58904 -0.0247747 0.028198 0.999296 82.2806
0.999617 0.0138819 0.0239339 0.134278 -0.0131882 0.999496 -0.0289019 -2.63466 -0.024323 0.0285752 0.999296 83.3142
0.999645 0.011659 0.0239586 0.138134 -0.0109591 0.999516 -0.0291417 -2.67221 -0.0242867 0.0288688 0.999288 84.3411
0.999663 0.0102568 0.0238462 0.145566 -0.00957788 0.999551 -0.028412 -2.7056 -0.0241269 0.028174 0.999312 85.34
0.999673 0.00921092 0.0238449 0.15041 -0.00856779 0.999601 -0.0269343 -2.72978 -0.0240835 0.0267212 0.999353 86.3111
0.999695 0.00750069 0.0235092 0.154153 -0.00686247 0.999609 -0.0271111 -2.75444 -0.0237034 0.0269415 0.999356 87.282
0.999739 0.00633224 0.0219505 0.159566 -0.0057191 0.999595 -0.0278835 -2.78512 -0.0221182 0.0277507 0.99937 88.234
0.999799 0.0046192 0.0194935 0.155935 -0.0040438 0.999558 -0.0294542 -2.82007 -0.0196209 0.0293695 0.999376 89.171
0.999836 0.00513771 0.0173567 0.147452 -0.00459948 0.999512 -0.0309081 -2.85745 -0.017507 0.0308232 0.999372 90.0855
0.999864 0.00474668 0.0157912 0.129861 -0.00425277 0.999506 -0.0311649 -2.89654 -0.0159313 0.0310935 0.99939 90.9607
0.999878 0.00620662 0.0142792 0.110531 -0.00576855 0.999518 -0.0305182 -2.93628 -0.0144617 0.0304322 0.999433 91.8307
0.999887 0.00768579 0.01288 0.0880998 -0.00729914 0.999529 -0.0298015 -2.97924 -0.0131029 0.0297042 0.999473 92.6895
0.9999 0.00852919 0.0112782 0.064882 -0.00820469 0.99956 -0.0285118 -3.01936 -0.0115164 0.0284164 0.99953 93.5098
0.999891 0.0106582 0.0101698 0.045552 -0.0103699 0.999555 -0.0279897 -3.05911 -0.0104636 0.0278812 0.999557 94.3212
0.999881 0.0127651 0.00859409 0.0285804 -0.0125215 0.999535 -0.0278192 -3.09696 -0.00894519 0.0277083 0.999576 95.0997
0.999874 0.0145473 0.00629599 0.0169632 -0.0143586 0.999475 -0.0290411 -3.13862 -0.00671514 0.028947 0.999559 95.8387
0.999869 0.0156865 0.00379634 0.00498769 -0.0155541 0.999345 -0.0326967 -3.18103 -0.00430673 0.0326334 0.999458 96.5678
0.999825 0.0186531 0.0012361 -0.00425443 -0.0185959 0.999168 -0.0362944 -3.22545 -0.00191206 0.0362651 0.999341 97.2805
0.999792 0.0203863 -0.000718659 -0.0162211 -0.0203988 0.999044 -0.0386648 -3.27088 -7.02423e-05 0.0386714 0.999252 97.9792
0.999742 0.0226288 -0.00178252 -0.0256712 -0.0226815 0.998963 -0.0394792 -3.3148 0.00088732 0.0395095 0.999219 98.6348
0.999692 0.0247926 -0.00120024 -0.0314391 -0.0248206 0.998929 -0.0390502 -3.35549 0.000230812 0.039068 0.999237 99.2713
0.999602 0.0281743 0.00134378 -0.0341842 -0.028104 0.9989 -0.0375486 -3.39553 -0.00240019 0.0374959 0.999294 99.8902
0.999509 0.0305833 0.00678551 -0.0302278 -0.030318 0.998883 -0.0362546 -3.43157 -0.0078867 0.036031 0.99932 100.488
0.999422 0.0310387 0.0138665 -0.011069 -0.0305457 0.99894 -0.0344496 -3.46444 -0.0149211 0.0340061 0.99931 101.051
0.999265 0.0309073 0.0226757 0.0210398 -0.0301615 0.999016 -0.0325279 -3.49136 -0.0236587 0.03182 0.999214 101.564
0.998929 0.0309206 0.0343983 0.0466273 -0.0298326 0.999052 -0.0317032 -3.51498 -0.035346 0.030643 0.998905 102.071
0.998423 0.0296372 0.0476777 0.0843471 -0.0281214 0.999087 -0.0321551 -3.53632 -0.0485872 0.0307636 0.998345 102.548
0.997598 0.0297029 0.0625734 0.127972 -0.027636 0.999052 -0.0336426 -3.55699 -0.0635133 0.0318325 0.997473 103.005
0.996358 0.028407 0.0803931 0.179141 -0.0254635 0.998976 -0.0374056 -3.5766 -0.0813734 0.0352223 0.996061 103.445
0.99445 0.0284221 0.101291 0.244973 -0.024206 0.998798 -0.0426135 -3.59797 -0.102381 0.0399251 0.993944 103.874
0.991853 0.0258113 0.124742 0.327714 -0.0199465 0.998646 -0.0480379 -3.6179 -0.125813 0.0451584 0.991026 104.293
0.98833 0.023351 0.150523 0.441445 -0.0157336 0.998544 -0.0516001 -3.63877 -0.151509 0.0486297 0.987259 104.72
0.983665 0.0207238 0.178807 0.561813 -0.011302 0.998501 -0.0535509 -3.65774 -0.179649 0.0506553 0.982426 105.109
0.977601 0.017829 0.20971 0.701609 -0.00618301 0.998408 -0.0560589 -3.67667 -0.210376 0.0535066 0.976155 105.498
0.969876 0.015161 0.243125 0.854399 -0.00108397 0.99832 -0.0579299 -3.6962 -0.243595 0.0559213 0.968264 105.881
0.959904 0.0112833 0.280101 1.02743 0.00548907 0.998242 -0.0590232 -3.71709 -0.280274 0.0581941 0.958154 106.265
0.947908 0.00877893 0.318423 1.21456 0.011171 0.998089 -0.0607722 -3.7368 -0.318348 0.0611636 0.945999 106.634
0.933781 0.00990231 0.357707 1.41918 0.0132818 0.997969 -0.062298 -3.75823 -0.357598 0.0629236 0.931753 106.987
0.916647 0.0121335 0.399512 1.63957 0.0141135 0.997933 -0.0626904 -3.78028 -0.399447 0.0631035 0.914582 107.328
0.897281 0.0127422 0.441274 1.86478 0.0158757 0.998005 -0.0610997 -3.79947 -0.441173 0.0618292 0.89529 107.641
0.875679 0.0124226 0.482733 2.10485 0.018659 0.998052 -0.0595311 -3.81931 -0.482533 0.0611374 0.873742 107.937
0.851055 0.011135 0.524957 2.35033 0.0238816 0.99792 -0.0598838 -3.83896 -0.524532 0.0635012 0.849019 108.22
0.824931 0.0115185 0.565115 2.61456 0.0284382 0.99768 -0.0618481 -3.86006 -0.564517 0.0670913 0.822691 108.495
0.796292 0.0141466 0.604746 2.87383 0.0313963 0.997412 -0.0646726 -3.87951 -0.604097 0.0704851 0.793788 108.744
0.765212 0.0185204 0.643511 3.14701 0.0330606 0.997137 -0.0680109 -3.90137 -0.642929 0.0733177 0.762409 108.985
0.73086 0.024303 0.682093 3.42706 0.0326215 0.99698 -0.0704763 -3.92129 -0.681747 0.0737593 0.727861 109.217
0.693428 0.0285147 0.719961 3.72414 0.033344 0.996876 -0.0715972 -3.94346 -0.719754 0.0736539 0.690311 109.428
0.654035 0.0283624 0.755932 4.03329 0.0385408 0.99675 -0.0707435 -3.96491 -0.755482 0.075403 0.650816 109.624
0.61247 0.0248319 0.790103 4.36369 0.0462478 0.996669 -0.0671743 -3.98645 -0.78914 0.0776828 0.609282 109.813
0.568298 0.0226669 0.82251 4.70402 0.0496131 0.996858 -0.0617508 -4.00695 -0.821326 0.0759002 0.565388 109.987
0.522036 0.0216581 0.852648 5.06021 0.0513938 0.997062 -0.0567923 -4.02537 -0.851374 0.0734685 0.51939 110.149
0.474955 0.0202365 0.879777 5.4247 0.0535144 0.997221 -0.0518281 -4.04192 -0.878382 0.0716967 0.472552 110.292
0.424191 0.0166256 0.90542 5.79542 0.0585197 0.997238 -0.0457282 -4.05632 -0.90368 0.0723824 0.422046 110.41
0.372546 0.0172549 0.927853 6.19248 0.0574432 0.997481 -0.041614 -4.07303 -0.926234 0.068802 0.370616 110.526
0.321519 0.0209256 0.946671 6.59518 0.0565215 0.997549 -0.0412467 -4.08979 -0.945215 0.0667689 0.319549 110.621
0.272496 0.026211 0.961799 7.00189 0.0569604 0.997436 -0.0433201 -4.10765 -0.96047 0.0665891 0.270305 110.694
0.226114 0.0273827 0.973715 7.40141 0.0600067 0.997315 -0.041981 -4.12051 -0.972251 0.067922 0.223864 110.741
0.184826 0.0269927 0.9824 7.82302 0.0687104 0.996822 -0.040316 -4.13797 -0.980367 0.0749527 0.182384 110.782
0.150214 0.0267647 0.98829 8.2467 0.07868 0.996139 -0.0389361 -4.15529 -0.985518 0.0836075 0.147528 110.806
0.119735 0.0266946 0.992446 8.67266 0.084577 0.99573 -0.0369868 -4.1703 -0.989197 0.0883668 0.116966 110.817
0.0928461 0.025417 0.995355 9.14715 0.0819468 0.996088 -0.0330796 -4.18928 -0.992303 0.0846376 0.0904001 110.839
0.0686904 0.0224262 0.997385 9.638 0.0743452 0.996852 -0.0275344 -4.21138 -0.994864 0.0760423 0.0668069 110.86
0.0456329 0.0178111 0.998799 10.135 0.0700063 0.997326 -0.0209832 -4.22962 -0.996503 0.0708798 0.0442639 110.871
0.0224041 0.0157228 0.999625 10.6257 0.0725665 0.997213 -0.0173113 -4.24607 -0.997112 0.0729272 0.0212007 110.866
0.00172898 0.0161985 0.999867 11.1231 0.0810319 0.996579 -0.0162854 -4.26044 -0.99671 0.0810493 0.000410385 110.851
-0.0171137 0.0186878 0.999678 11.6323 0.0866315 0.996093 -0.0171377 -4.27646 -0.996094 0.0863105 -0.0186659 110.828
-0.0315137 0.0241624 0.99921 12.1559 0.0841869 0.996219 -0.0214349 -4.28989 -0.995952 0.0834451 -0.0334288 110.802
-0.0422017 0.0286951 0.998696 12.6902 0.080449 0.996439 -0.0252307 -4.30466 -0.995865 0.0792795 -0.04436 110.776
-0.0492944 0.0289205 0.998365 13.2279 0.0822196 0.996306 -0.0248012 -4.32015 -0.995395 0.0808627 -0.0514903 110.746
-0.0541645 0.0264596 0.998181 13.791 0.0862018 0.996041 -0.0217253 -4.335 -0.994805 0.0848684 -0.056231 110.717
-0.0555021 0.0253971 0.998135 14.3806 0.0877056 0.995936 -0.0204642 -4.35296 -0.994599 0.0864064 -0.0575041 110.691
-0.0551308 0.0252938 0.998158 15.0139 0.0855045 0.996127 -0.0205196 -4.36879 -0.994812 0.0842159 -0.0570802 110.672
-0.0543743 0.0253283 0.998199 15.7263 0.0824304 0.99638 -0.020792 -4.39157 -0.995113 0.0811515 -0.0562655 110.658
-0.0542048 0.0262743 0.998183 16.4235 0.0826952 0.996338 -0.0217351 -4.41235 -0.9951 0.081367 -0.0561792 110.648
-0.0541843 0.0272398 0.998159 17.136 0.0828564 0.996303 -0.0226914 -4.43301 -0.995088 0.0814744 -0.0562412 110.634
-0.0539117 0.0269311 0.998182 17.8584 0.0824444 0.996343 -0.0224286 -4.45403 -0.995137 0.0810854 -0.055935 110.617
-0.053859 0.0254988 0.998222 18.5897 0.0827408 0.99635 -0.0209867 -4.47487 -0.995115 0.0814635 -0.0557724 110.599
-0.0538977 0.0244274 0.998247 19.3408 0.0822555 0.996412 -0.0199413 -4.48945 -0.995153 0.0810366 -0.0557137 110.575
-0.0552587 0.0229467 0.998208 20.0918 0.0828881 0.996391 -0.0183164 -4.50285 -0.995026 0.0817275 -0.0569614 110.549
-0.0568163 0.0217652 0.998147 20.8533 0.0799566 0.99665 -0.0171813 -4.51433 -0.995178 0.0788324 -0.0583664 110.519
-0.0583884 0.021202 0.998068 21.6149 0.0782834 0.996793 -0.0165952 -4.52049 -0.99522 0.0771633 -0.059861 110.486
-0.0602965 0.0196498 0.997986 22.3792 0.080608 0.996637 -0.014753 -4.51838 -0.994921 0.0795563 -0.0616778 110.45
-0.0618637 0.0195811 0.997892 23.1388 0.0824084 0.996494 -0.0144448 -4.51812 -0.994677 0.0813412 -0.0632606 110.411
-0.0636588 0.019809 0.997774 23.9337 0.0796508 0.996715 -0.0147061 -4.52304 -0.994788 0.0785375 -0.0650276 110.37
-0.0647328 0.0253837 0.997579 24.7309 0.0766966 0.996846 -0.0203882 -4.53124 -0.994951 0.0751912 -0.0664757 110.326
-0.0652893 0.0309424 0.997386 25.5152 0.0782818 0.996598 -0.0257936 -4.53187 -0.994791 0.0763932 -0.0674895 110.28
-0.0666434 0.033742 0.997205 26.3168 0.0784146 0.996514 -0.0284782 -4.53851 -0.994691 0.0762977 -0.0690571 110.231
-0.0685412 0.0331461 0.997097 27.1424 0.0746688 0.996815 -0.028004 -4.55054 -0.99485 0.0725327 -0.0707981 110.186
-0.0696016 0.0299965 0.997123 27.9916 0.0705973 0.99719 -0.0250707 -4.56113 -0.995074 0.0686493 -0.0715238 110.135
-0.0696258 0.0262818 0.997226 28.832 0.070436 0.997288 -0.0213656 -4.5741 -0.995084 0.0687531 -0.0712883 110.082
-0.0695312 0.0216001 0.997345 29.6603 0.066327 0.997653 -0.0169827 -4.58285 -0.995373 0.0649702 -0.0708008 110.026
-0.0689953 0.0212136 0.997391 30.4847 0.0629728 0.997873 -0.0168677 -4.59065 -0.995628 0.0616448 -0.0701846 109.971
-0.0678649 0.0292157 0.997266 31.3022 0.0640911 0.997634 -0.024865 -4.60442 -0.995634 0.0622285 -0.069577 109.917
-0.0668161 0.0408602 0.996928 32.119 0.0658855 0.997161 -0.036454 -4.6278 -0.995588 0.0632474 -0.0693186 109.863
-0.0667534 0.0468091 0.99667 32.9362 0.0650057 0.996981 -0.0424698 -4.65629 -0.99565 0.0619543 -0.0695948 109.81
-0.0653207 0.0422737 0.996968 33.7591 0.0673815 0.997009 -0.0378606 -4.68158 -0.995587 0.0647042 -0.0679739 109.761
-0.0641967 0.036061 0.997285 34.5771 0.0704909 0.997015 -0.0315136 -4.69997 -0.995445 0.0682766 -0.0665471 109.714
-0.0634553 0.0350057 0.99737 35.4023 0.0714382 0.99698 -0.0304469 -4.72089 -0.995425 0.0693184 -0.0657645 109.666
-0.06301 0.0375322 0.997306 36.2272 0.0730079 0.996789 -0.0329001 -4.74408 -0.995339 0.0707383 -0.0655479 109.619
-0.0640159 0.0401169 0.997141 37.0551 0.0710668 0.996838 -0.0355422 -4.77185 -0.995415 0.0685885 -0.0666646 109.571
-0.0655097 0.0412617 0.996998 37.8855 0.0703417 0.99685 -0.0366337 -4.79938 -0.99537 0.0677308 -0.0682059 109.518
-0.0675872 0.0428646 0.996791 38.7009 0.0708343 0.996762 -0.0380605 -4.83346 -0.995196 0.0680347 -0.0704047 109.466
-0.0692338 0.0445449 0.996605 39.5155 0.0725042 0.996586 -0.0395072 -4.87263 -0.994962 0.0695229 -0.0722273 109.409
-0.0712185 0.0449408 0.996447 40.3269 0.0704059 0.99672 -0.039921 -4.91063 -0.994973 0.0673128 -0.0741491 109.354
-0.073111 0.0448496 0.996314 41.133 0.0688737 0.996831 -0.0398188 -4.95012 -0.994943 0.0657087 -0.0759684 109.297
-0.0754599 0.0440911 0.996173 41.9245 0.0684804 0.996893 -0.0389356 -4.98546 -0.994795 0.0652803 -0.0782449 109.246
-0.0771695 0.0445115 0.996023 42.701 0.0670868 0.996971 -0.0393561 -5.01242 -0.994758 0.0637831 -0.079922 109.188
-0.0783282 0.0467585 0.99583 43.4769 0.0678475 0.996834 -0.0414689 -5.04105 -0.994616 0.0643165 -0.0812528 109.13
-0.0789681 0.0485016 0.995696 44.2501 0.0687441 0.996703 -0.0430986 -5.07112 -0.994504 0.0650449 -0.0820421 109.073
-0.0800205 0.0491513 0.99558 45.0274 0.0701776 0.996583 -0.0435602 -5.10279 -0.99432 0.0663818 -0.0831965 109.014
-0.0811834 0.0499387 0.995447 45.8102 0.0702592 0.996547 -0.0442638 -5.135 -0.99422 0.0663459 -0.0844119 108.943
-0.0817351 0.050828 0.995356 46.5892 0.0685905 0.996618 -0.04526 -5.16885 -0.994291 0.0645727 -0.0849451 108.875
-0.0823685 0.0515004 0.99527 47.3366 0.0673154 0.996671 -0.0460018 -5.2027 -0.994326 0.0632079 -0.0855612 108.807
-0.0823452 0.0517224 0.99526 48.0871 0.0670338 0.996679 -0.0462498 -5.23931 -0.994347 0.0629077 -0.0855389 108.739
-0.0820773 0.0531984 0.995204 48.8102 0.0691187 0.996474 -0.0475658 -5.27609 -0.994226 0.0648832 -0.0854651 108.673
-0.0808711 0.0574577 0.995066 49.5182 0.0695363 0.99623 -0.0518735 -5.31409 -0.994296 0.0649983 -0.0845618 108.608
-0.0796705 0.0615523 0.994918 50.2044 0.0701193 0.995966 -0.0560021 -5.35397 -0.994352 0.0653013 -0.0836652 108.55
-0.0785088 0.0645719 0.994819 50.909 0.0689762 0.995861 -0.059196 -5.39616 -0.994524 0.0639715 -0.0826378 108.486
-0.0790268 0.0656006 0.994711 51.59 0.0658496 0.995997 -0.0604538 -5.42724 -0.994695 0.0607239 -0.0830303 108.437
-0.0787252 0.0659523 0.994711 52.2745 0.0646036 0.99605 -0.060928 -5.44818 -0.994801 0.0594655 -0.0826751 108.384
-0.0781367 0.0679749 0.994622 52.9588 0.0653791 0.995875 -0.0629244 -5.47061 -0.994796 0.0601108 -0.0822586 108.33
-0.0784486 0.0707262 0.994405 53.6362 0.0613985 0.99593 -0.0659909 -5.4958 -0.995026 0.0558782 -0.0824719 108.28
-0.077671 0.0736476 0.994254 54.328 0.0598923 0.995812 -0.0690841 -5.53032 -0.995178 0.0541825 -0.0817567 108.225
-0.0774277 0.0740879 0.99424 55.0062 0.060912 0.995724 -0.0694548 -5.5692 -0.995135 0.0551835 -0.0816096 108.173
-0.0776462 0.0755503 0.994113 55.6842 0.0617866 0.995573 -0.0708353 -5.6092 -0.995064 0.0559229 -0.0819706 108.12
-0.0804044 0.0760554 0.993856 56.36 0.0601923 0.995636 -0.071322 -5.64983 -0.994943 0.054088 -0.0846315 108.072
-0.086189 0.0766066 0.993328 57.0348 0.0551868 0.995876 -0.0720146 -5.68936 -0.994749 0.0486118 -0.0900613 108.022
-0.0915848 0.0812797 0.992474 57.6949 0.0588254 0.995365 -0.0760881 -5.72918 -0.994058 0.0514142 -0.0959417 107.966
-0.0979861 0.0858606 0.991476 58.3542 0.06198 0.994864 -0.0800286 -5.7718 -0.993256 0.0536101 -0.102805 107.904
-0.10566 0.0884183 0.990463 59.0207 0.058604 0.994862 -0.0825592 -5.81287 -0.992674 0.049322 -0.110298 107.834
-0.111339 0.0891414 0.989776 59.688 0.0557358 0.994962 -0.0833388 -5.85489 -0.992218 0.0458871 -0.115746 107.761
-0.115833 0.0896164 0.989217 60.3547 0.057288 0.994867 -0.0834201 -5.89725 -0.991615 0.0470076 -0.120372 107.685
-0.119718 0.0923016 0.988507 61.0246 0.0567783 0.994676 -0.0860011 -5.94169 -0.991183 0.04583 -0.124322 107.61
-0.123017 0.0933808 0.988 61.7208 0.0557524 0.994642 -0.0870667 -5.99067 -0.990837 0.0443728 -0.127564 107.517
-0.125254 0.0919375 0.987855 62.4072 0.0557635 0.994776 -0.0855111 -6.03907 -0.990556 0.0443757 -0.129726 107.431
-0.126393 0.0902839 0.987862 63.0997 0.0570598 0.994863 -0.0836232 -6.08653 -0.990338 0.0457979 -0.130895 107.345
-0.127192 0.0893856 0.987841 63.7897 0.0554639 0.995014 -0.0828931 -6.13288 -0.990326 0.0442463 -0.131516 107.258
-0.127998 0.090688 0.987618 64.5087 0.0547806 0.994937 -0.0842603 -6.1773 -0.99026 0.0433172 -0.132318 107.163
-0.127417 0.0967203 0.987121 65.2219 0.0576087 0.994276 -0.0899852 -6.22604 -0.990175 0.0454012 -0.132259 107.069
-0.126624 0.103361 0.98655 65.9446 0.0653228 0.993267 -0.0956808 -6.28026 -0.989797 0.0523288 -0.132524 106.973
-0.126361 0.110277 0.985835 66.6694 0.0742944 0.992063 -0.101451 -6.34365 -0.989198 0.0604226 -0.133552 106.875
-0.126295 0.11346 0.985482 67.4239 0.0768275 0.991573 -0.104315 -6.41198 -0.989013 0.0625376 -0.133948 106.775
-0.125689 0.113499 0.985555 68.1703 0.0763119 0.991597 -0.104463 -6.48411 -0.98913 0.0620797 -0.133295 106.675
-0.124241 0.10977 0.986161 68.8766 0.0780975 0.991861 -0.100565 -6.56907 -0.989174 0.0645224 -0.131802 106.592
-0.123122 0.107982 0.986498 69.6154 0.0806435 0.991864 -0.0985045 -6.66163 -0.989109 0.0674267 -0.130829 106.488
-0.123249 0.107119 0.986576 70.3601 0.0795152 0.992027 -0.0977772 -6.75197 -0.989185 0.066397 -0.130784 106.378
-0.123707 0.107454 0.986483 71.1047 0.0783946 0.992072 -0.0982322 -6.84288 -0.989217 0.065183 -0.13115 106.268
-0.124631 0.108203 0.986285 71.8512 0.0777563 0.992045 -0.0990088 -6.9326 -0.989151 0.0643504 -0.132053 106.156
-0.126239 0.107875 0.986116 72.5896 0.0772019 0.992124 -0.098649 -7.01922 -0.988991 0.0636768 -0.133573 106.049
-0.126061 0.108154 0.986108 73.3275 0.0808518 0.991853 -0.0984484 -7.10576 -0.988722 0.0673183 -0.133778 105.938
-0.127236 0.107442 0.986035 74.0416 0.0821586 0.991842 -0.0974732 -7.19186 -0.988464 0.0686092 -0.135026 105.844
-0.129083 0.10793 0.985742 74.7617 0.0760995 0.992206 -0.0986724 -7.28179 -0.988709 0.0622777 -0.13629 105.748
-0.129019 0.109002 0.985632 75.4967 0.0778711 0.991985 -0.099511 -7.36949 -0.98858 0.0639135 -0.136474 105.644
-0.128618 0.10862 0.985727 76.2456 0.0776282 0.992037 -0.0991867 -7.45808 -0.988651 0.0637631 -0.136026 105.534
-0.129729 0.108131 0.985635 76.9911 0.0732542 0.992365 -0.0992275 -7.5403 -0.98884 0.0593293 -0.13666 105.429
-0.129372 0.106701 0.985838 77.7395 0.0733778 0.992499 -0.0977923 -7.62255 -0.988877 0.0596871 -0.136231 105.323
-0.129606 0.104919 0.985998 78.4897 0.0710958 0.992811 -0.096299 -7.70019 -0.989013 0.0576194 -0.136134 105.227
-0.130325 0.103276 0.986077 79.259 0.0695202 0.993065 -0.09482 -7.77565 -0.989031 0.0561949 -0.136601 105.12
-0.131769 0.103721 0.985838 80.0392 0.0703247 0.992984 -0.0950734 -7.85554 -0.988782 0.0568011 -0.138139 105.013
-0.133679 0.104416 0.985507 80.8058 0.0679428 0.99306 -0.0960004 -7.92759 -0.988693 0.054125 -0.139846 104.911
-0.135751 0.106366 0.985016 81.5818 0.0649821 0.993036 -0.0982769 -8.00177 -0.988609 0.0506673 -0.141718 104.802
-0.136161 0.111287 0.984415 82.4033 0.0682231 0.992366 -0.102749 -8.0801 -0.988334 0.0531696 -0.142714 104.686
-0.136344 0.116427 0.983795 83.1928 0.0701605 0.991712 -0.10764 -8.15462 -0.988174 0.0543476 -0.143383 104.579
-0.137188 0.121726 0.983036 83.993 0.0715672 0.991046 -0.11273 -8.23435 -0.987956 0.0548882 -0.144671 104.461
-0.136619 0.124261 0.982798 84.8153 0.0742606 0.990595 -0.114923 -8.32302 -0.987836 0.0572825 -0.144562 104.35
-0.135645 0.125062 0.982831 85.6277 0.0789477 0.990212 -0.115106 -8.40992 -0.987607 0.0619789 -0.144191 104.233
-0.134641 0.124774 0.983006 86.4513 0.0803866 0.990147 -0.114669 -8.4989 -0.987628 0.0635814 -0.143345 104.116
-0.133093 0.12486 0.983206 87.2658 0.0793412 0.990192 -0.115007 -8.58605 -0.987922 0.0627023 -0.141694 104.002
-0.131301 0.124136 0.983539 88.0797 0.078291 0.990329 -0.114542 -8.67472 -0.988246 0.0619629 -0.13975 103.906
-0.129365 0.122572 0.983991 88.9172 0.0785012 0.990483 -0.11306 -8.76537 -0.988484 0.0626187 -0.137756 103.801
-0.127237 0.121279 0.984429 89.755 0.0787799 0.990597 -0.111856 -8.85497 -0.988738 0.063321 -0.135596 103.699
-0.125077 0.122831 0.984513 90.5952 0.0790137 0.990389 -0.113526 -8.94706 -0.988995 0.0635907 -0.13358 103.595
-0.123418 0.128447 0.984006 91.4291 0.0797602 0.989664 -0.119182 -9.04692 -0.989144 0.0637754 -0.132388 103.499
-0.121773 0.13563 0.983246 92.2427 0.0817973 0.988622 -0.126241 -9.15052 -0.989181 0.0650542 -0.131482 103.407
-0.120088 0.139399 0.982927 93.1027 0.0791313 0.988287 -0.130492 -9.2623 -0.989604 0.0621099 -0.129712 103.303
-0.119115 0.138179 0.983217 93.9443 0.0787136 0.988467 -0.129381 -9.37528 -0.989755 0.0619814 -0.128618 103.201
-0.117681 0.136191 0.983667 94.7892 0.0779363 0.988763 -0.127572 -9.48583 -0.989988 0.0616506 -0.126973 103.1
-0.116445 0.135816 0.983866 95.6449 0.079814 0.988683 -0.127035 -9.59691 -0.989984 0.0637338 -0.125967 102.989
-0.114576 0.136288 0.98402 96.5045 0.0807735 0.988544 -0.127509 -9.71284 -0.990124 0.0648734 -0.124272 102.88
-0.112923 0.137366 0.984061 97.3588 0.0831133 0.988233 -0.12841 -9.8314 -0.990121 0.0672882 -0.123011 102.779
-0.111531 0.136181 0.984385 98.1971 0.0863734 0.988147 -0.126915 -9.94778 -0.989999 0.0708699 -0.121971 102.675
-0.109649 0.136336 0.984575 99.0313 0.0891002 0.98791 -0.126875 -10.0635 -0.989968 0.0738142 -0.120471 102.574
-0.107985 0.137987 0.984529 99.861 0.0917263 0.98748 -0.128339 -10.179 -0.989911 0.0764486 -0.11929 102.476
-0.10624 0.141074 0.984281 100.69 0.0935595 0.986912 -0.131353 -10.2971 -0.989928 0.078134 -0.118048 102.38
-0.105214 0.142955 0.98412 101.528 0.0910296 0.986844 -0.133619 -10.4202 -0.990274 0.0755255 -0.116844 102.285
-0.104867 0.139136 0.984704 102.383 0.0857503 0.987743 -0.130433 -10.5401 -0.990782 0.0707606 -0.115513 102.191
-0.104846 0.138869 0.984744 103.237 0.0827596 0.987987 -0.130515 -10.6609 -0.991038 0.0678132 -0.115079 102.098
-0.105677 0.139822 0.98452 104.088 0.0790675 0.988113 -0.131845 -10.7823 -0.991251 0.0639106 -0.115477 102.002
-0.106319 0.144429 0.983786 104.938 0.0756985 0.9877 -0.136823 -10.9083 -0.991446 0.0599243 -0.115945 101.906
-0.106568 0.146841 0.983402 105.767 0.0749439 0.987408 -0.139318 -11.0328 -0.991476 0.0588532 -0.116231 101.804
-0.10576 0.147289 0.983422 106.608 0.0747177 0.987351 -0.139842 -11.1558 -0.99158 0.0586894 -0.115428 101.688
-0.105098 0.147613 0.983444 107.42 0.0752068 0.987271 -0.140151 -11.2703 -0.991613 0.0592322 -0.114862 101.578
-0.10418 0.14951 0.983255 108.24 0.0765656 0.986908 -0.141953 -11.383 -0.991606 0.060495 -0.114263 101.461
-0.104591 0.15357 0.982586 109.057 0.0780616 0.986226 -0.14583 -11.5083 -0.991446 0.0614498 -0.115139 101.368
-0.104915 0.155785 0.982202 109.877 0.0799381 0.98578 -0.147814 -11.6319 -0.991262 0.0630075 -0.115877 101.278
-0.105605 0.156824 0.981963 110.689 0.0797606 0.985641 -0.148834 -11.7556 -0.991203 0.0626045 -0.116597 101.19
-0.106659 0.157357 0.981764 111.467 0.0805553 0.98552 -0.149208 -11.8722 -0.991026 0.063172 -0.117791 101.089
-0.108032 0.159766 0.981225 112.259 0.0828772 0.985015 -0.151258 -11.9933 -0.990686 0.0649806 -0.119654 100.98
-0.110253 0.162906 0.980461 113.053 0.082359 0.984582 -0.154329 -12.1177 -0.990485 0.0637347 -0.12197 100.87
-0.112943 0.164447 0.979897 113.835 0.0793543 0.984552 -0.156081 -12.244 -0.990427 0.0601309 -0.124248 100.765
-0.115467 0.165368 0.979448 114.609 0.0810321 0.984327 -0.156639 -12.3731 -0.99 0.0612803 -0.127057 100.661
-0.117488 0.164776 0.979307 115.379 0.0829495 0.984321 -0.155668 -12.5004 -0.989603 0.062944 -0.129314 100.555
-0.119171 0.166525 0.978808 116.149 0.0847897 0.983941 -0.157075 -12.6291 -0.989246 0.0642741 -0.131377 100.449
-0.120708 0.171496 0.977761 116.929 0.0808498 0.983391 -0.162502 -12.7622 -0.989389 0.0594365 -0.132569 100.345
-0.122179 0.178711 0.976285 117.697 0.078354 0.982323 -0.170011 -12.9023 -0.98941 0.0557242 -0.134022 100.239
-0.124297 0.1815 0.975503 118.409 0.0830126 0.981584 -0.172054 -13.0316 -0.988766 0.0595933 -0.137075 100.147
-0.126462 0.180191 0.975467 119.186 0.0860434 0.98165 -0.170178 -13.1746 -0.988232 0.0624116 -0.139646 100.03
-0.129778 0.173227 0.976293 119.949 0.0845471 0.982969 -0.163172 -13.3125 -0.987931 0.0613666 -0.142214 99.9172
-0.131204 0.171453 0.976415 120.714 0.0835643 0.983339 -0.16144 -13.4502 -0.987826 0.0604121 -0.143345 99.7995
-0.132142 0.174589 0.975733 121.479 0.0831309 0.982851 -0.164604 -13.5901 -0.987738 0.0593626 -0.144389 99.6802
-0.134263 0.177656 0.974889 122.223 0.0814244 0.98245 -0.16782 -13.7315 -0.987594 0.0568478 -0.146372 99.5674
-0.135763 0.180489 0.974161 122.96 0.0822842 0.981924 -0.170459 -13.868 -0.987318 0.057016 -0.148161 99.4533
-0.136216 0.185015 0.973248 123.679 0.0870657 0.980841 -0.174273 -14.0036 -0.986845 0.060998 -0.149714 99.3322
-0.137055 0.189561 0.972255 124.399 0.0888294 0.979917 -0.178533 -14.1423 -0.986572 0.061896 -0.151142 99.211
-0.139755 0.191689 0.971453 125.131 0.087964 0.979608 -0.180643 -14.2831 -0.98627 0.0602071 -0.153767 99.0979
-0.142267 0.189937 0.971433 125.867 0.0865445 0.980045 -0.178947 -14.4247 -0.986037 0.058614 -0.155867 98.9832
-0.145466 0.187481 0.971436 126.589 0.0910308 0.980253 -0.175552 -14.5607 -0.985166 0.0628939 -0.15966 98.8592
-0.150008 0.187107 0.970817 127.311 0.0931608 0.980236 -0.174527 -14.6973 -0.984285 0.0642618 -0.164474 98.7318
-0.155971 0.186464 0.970001 128.033 0.0932167 0.980417 -0.173478 -14.8335 -0.983352 0.0633629 -0.170299 98.5999
-0.164741 0.187331 0.968383 128.758 0.0920532 0.980434 -0.174002 -14.9775 -0.982031 0.0604774 -0.178763 98.4685
-0.175821 0.187836 0.966334 129.474 0.0917498 0.980482 -0.173893 -15.1196 -0.980136 0.058087 -0.189624 98.3315
-0.188136 0.188971 0.96379 130.194 0.0903217 0.980486 -0.174613 -15.2626 -0.97798 0.0542001 -0.201533 98.1782
-0.200158 0.18969 0.961224 130.888 0.0934245 0.980304 -0.174002 -15.3995 -0.975299 0.0549742 -0.213937 98.0214
-0.210944 0.189974 0.958859 131.59 0.0995754 0.980007 -0.172257 -15.5318 -0.972412 0.0591422 -0.225643 97.8478
-0.220688 0.190268 0.956605 132.29 0.106171 0.979646 -0.170357 -15.6597 -0.969548 0.0639675 -0.236398 97.6663
-0.229858 0.191245 0.954247 132.97 0.112787 0.979131 -0.169064 -15.777 -0.966666 0.0687661 -0.246631 97.4853
-0.237514 0.192526 0.952113 133.653 0.119397 0.978516 -0.16808 -15.8965 -0.964018 0.073758 -0.255399 97.2932
-0.244969 0.19302 0.950121 134.335 0.12003 0.978481 -0.167834 -16.0213 -0.962071 0.0729292 -0.262866 97.0946
-0.2508 0.193767 0.948447 135.023 0.121321 0.978329 -0.167791 -16.1457 -0.960406 0.0729844 -0.268873 96.8886
-0.255071 0.192655 0.947534 135.709 0.122362 0.978503 -0.166012 -16.2689 -0.959148 0.0735972 -0.273161 96.6799
-0.255905 0.190712 0.947702 136.391 0.127314 0.978457 -0.162523 -16.3879 -0.958281 0.0790651 -0.274672 96.4694
-0.255801 0.190162 0.947841 137.072 0.132586 0.978099 -0.16045 -16.5055 -0.957594 0.0846267 -0.275411 96.2587
-0.255365 0.189639 0.948063 137.749 0.134636 0.977997 -0.159362 -16.6225 -0.957424 0.086948 -0.275278 96.0491
-0.253312 0.195543 0.947414 138.427 0.138035 0.976643 -0.164669 -16.7444 -0.957485 0.0890635 -0.274388 95.8395
-0.251177 0.198975 0.947268 139.091 0.136613 0.976135 -0.168814 -16.8663 -0.958252 0.0870074 -0.272365 95.635
-0.248735 0.199392 0.947824 139.755 0.139464 0.975757 -0.168669 -16.9878 -0.958478 0.0902339 -0.270513 95.432
-0.245287 0.198397 0.948931 140.414 0.142801 0.975553 -0.16705 -17.1079 -0.958875 0.0945334 -0.267622 95.2323
-0.242056 0.196685 0.950117 141.072 0.144348 0.975641 -0.165194 -17.2268 -0.959464 0.0971618 -0.264551 95.0343
-0.238661 0.197624 0.95078 141.73 0.144479 0.975404 -0.166476 -17.347 -0.960295 0.0976369 -0.261344 94.8395
-0.234674 0.200375 0.951197 142.387 0.147117 0.974574 -0.169004 -17.4683 -0.960877 0.100276 -0.258186 94.6481
-0.229086 0.202289 0.952154 143.033 0.148355 0.973997 -0.171235 -17.5895 -0.962034 0.102029 -0.25314 94.4675
-0.22275 0.201851 0.953748 143.674 0.148598 0.973928 -0.171417 -17.7104 -0.963483 0.103542 -0.246938 94.2924
-0.215402 0.200318 0.955757 144.321 0.148135 0.97411 -0.170779 -17.834 -0.965224 0.104796 -0.239499 94.1202
-0.209768 0.198976 0.95729 144.968 0.148054 0.974249 -0.170059 -17.9564 -0.966476 0.106058 -0.233825 93.9522
-0.2043 0.198357 0.9586 145.615 0.147696 0.974291 -0.170126 -18.0788 -0.967702 0.106824 -0.228344 93.7885
-0.199101 0.197275 0.959916 146.263 0.147523 0.9744 -0.169653 -18.2008 -0.968811 0.107832 -0.223107 93.6285
-0.193195 0.195966 0.96139 146.9 0.151211 0.974092 -0.168169 -18.3201 -0.969438 0.112883 -0.217823 93.475
-0.188562 0.194856 0.962535 147.526 0.152877 0.973994 -0.167226 -18.4367 -0.970089 0.115617 -0.213448 93.3285
-0.185144 0.19393 0.963385 148.142 0.149465 0.974487 -0.16744 -18.5521 -0.971278 0.112992 -0.209406 93.1888
-0.181 0.195567 0.963841 148.763 0.147006 0.9744 -0.170103 -18.6708 -0.972434 0.110902 -0.205116 93.0495
-0.175831 0.198619 0.964174 149.373 0.146418 0.973817 -0.173904 -18.7904 -0.97347 0.110595 -0.200309 92.9172
-0.170107 0.201645 0.964573 149.976 0.146908 0.973091 -0.177517 -18.9109 -0.974413 0.111506 -0.195154 92.7916
-0.163768 0.20277 0.965433 150.561 0.144232 0.973053 -0.179904 -19.0277 -0.975898 0.109784 -0.188601 92.6828
-0.154608 0.201991 0.967106 151.147 0.141743 0.973286 -0.180622 -19.1448 -0.977755 0.109155 -0.179109 92.5797
-0.144359 0.200517 0.968995 151.734 0.139517 0.973596 -0.180684 -19.2581 -0.97964 0.109108 -0.168523 92.4965
-0.133716 0.200186 0.970589 152.3 0.138027 0.973602 -0.181792 -19.3615 -0.98136 0.109659 -0.157818 92.4456
-0.122354 0.199996 0.972126 152.863 0.134499 0.973792 -0.183411 -19.4703 -0.983331 0.108309 -0.146047 92.4011
-0.10803 0.200341 0.973751 153.429 0.130737 0.973841 -0.185855 -19.5807 -0.985513 0.107228 -0.131396 92.3629
-0.0909321 0.20017 0.975531 154.002 0.126597 0.973967 -0.188048 -19.6908 -0.987777 0.1064 -0.113906 92.3255
-0.0724271 0.199419 0.977233 154.553 0.121384 0.974286 -0.189822 -19.814 -0.989959 0.104872 -0.0947712 92.3234
-0.0525968 0.199197 0.978546 155.1 0.115296 0.974562 -0.192188 -19.9333 -0.991938 0.102714 -0.0742255 92.327
-0.0319781 0.200675 0.979134 155.674 0.10598 0.974795 -0.196324 -20.0631 -0.993854 0.097491 -0.0524398 92.325
-0.0120924 0.202219 0.979264 156.245 0.0959043 0.975057 -0.200166 -20.1936 -0.995317 0.0914953 -0.0311846 92.3314
