1 0 0 0 0 1 0 0 0 0 1 0
1 -0.000813322 0.00028885 0.0300846 0.000813951 0.999997 -0.00218465 0.00151728 -0.000287072 0.00218488 0.999998 1.21998
0.999999 -0.00110316 0.000653736 0.0452532 0.00110536 0.999994 -0.00337557 -0.000321555 -0.000650008 0.00337629 0.999994 2.45037
0.999997 -0.00262213 -1.8412e-05 0.0586581 0.00262203 0.999987 -0.00436966 -0.00568902 2.98695e-05 0.0043696 0.99999 3.67353
0.99999 -0.00452068 -0.000144735 0.0715607 0.0045197 0.999971 -0.00613053 -0.0131003 0.000172445 0.00612981 0.999981 4.89743
0.999987 -0.00506397 -0.000195885 0.0719986 0.00506234 0.999959 -0.00754755 -0.0291383 0.000234097 0.00754646 0.999972 6.10785
0.999986 -0.00519507 0.000481414 0.0641494 0.00519938 0.999942 -0.0094435 -0.0474898 -0.000432327 0.00944588 0.999955 7.31461
0.999953 -0.00966593 0.000969426 0.0604685 0.00967643 0.999887 -0.0114938 -0.079433 -0.000858219 0.0115026 0.999933 8.51132
0.999945 -0.0103708 0.00130171 0.0570058 0.0103838 0.999892 -0.0104327 -0.109777 -0.00119338 0.0104457 0.999945 9.70772
0.99993 -0.0118302 0.000399671 0.0524448 0.0118337 0.99988 -0.0100214 -0.140042 -0.000281067 0.0100255 0.99995 10.905
0.999905 -0.0135322 -0.00250274 0.0448858 0.0135036 0.999847 -0.0111027 -0.17074 0.0026526 0.0110679 0.999935 12.1072
0.999888 -0.0141614 -0.00491144 0.0332613 0.0141026 0.999831 -0.0118045 -0.202144 0.00507778 0.011734 0.999918 13.3216
0.999898 -0.0126245 -0.00661034 0.019846 0.0125437 0.999848 -0.0121241 -0.232602 0.00676239 0.01204 0.999905 14.5255
0.99993 -0.00911133 -0.00755584 0.00332476 0.00901909 0.999885 -0.0121528 -0.258676 0.00766571 0.0120838 0.999898 15.7437
0.999914 -0.0102044 -0.00819972 -0.0139324 0.0100975 0.999865 -0.0129693 -0.286052 0.00833096 0.0128854 0.999882 16.9579
0.999911 -0.0103631 -0.00839659 -0.0333465 0.0102509 0.999859 -0.0132889 -0.314122 0.00853312 0.0132016 0.999876 18.1799
0.999898 -0.0112 -0.00886427 -0.0538968 0.0110768 0.999843 -0.0138238 -0.344105 0.00901771 0.0137242 0.999865 19.4152
0.999894 -0.0110838 -0.00943406 -0.0761557 0.010937 0.999821 -0.0154734 -0.376517 0.00960387 0.0153686 0.999836 20.6404
0.999882 -0.0116514 -0.0100362 -0.0952667 0.0114872 0.999802 -0.0162671 -0.412271 0.0102237 0.0161499 0.999817 21.8448
0.999824 -0.0151224 -0.0111054 -0.119352 0.0149265 0.999735 -0.0175201 -0.458059 0.0113674 0.0173512 0.999785 23.0494
0.999832 -0.0143556 -0.011357 -0.142721 0.0141588 0.999751 -0.0172239 -0.502588 0.0116014 0.0170602 0.999787 24.2503
0.999848 -0.0127754 -0.0118748 -0.174535 0.0125643 0.999765 -0.0176855 -0.548512 0.012098 0.0175336 0.999773 25.4545
0.999866 -0.0104855 -0.012526 -0.209505 0.0102802 0.999813 -0.0163434 -0.593029 0.012695 0.0162125 0.999788 26.6666
0.999858 -0.0111584 -0.0126108 -0.242395 0.0109872 0.999848 -0.0135626 -0.633565 0.0127603 0.0134221 0.999829 27.8834
0.999858 -0.0104724 -0.0131896 -0.275204 0.0103013 0.999863 -0.0129769 -0.67325 0.0133237 0.0128391 0.999829 29.0905
0.999858 -0.00989045 -0.0136206 -0.306174 0.00971091 0.999866 -0.0131846 -0.713772 0.0137492 0.0130505 0.99982 30.2975
0.99985 -0.0099151 -0.0142142 -0.336711 0.00971908 0.999858 -0.0137932 -0.752889 0.0143489 0.013653 0.999804 31.5109
0.999851 -0.00875605 -0.014884 -0.369543 0.00854914 0.999867 -0.0139081 -0.792333 0.0150038 0.0137788 0.999793 32.7151
0.999835 -0.00931754 -0.0155621 -0.403186 0.00910295 0.999863 -0.0138036 -0.831463 0.0156886 0.0136597 0.999784 33.9199
0.999839 -0.00829006 -0.015881 -0.436588 0.00808275 0.999882 -0.0130739 -0.867061 0.0159875 0.0129434 0.999789 35.1349
0.999832 -0.00768573 -0.0166287 -0.468313 0.007466 0.999885 -0.0132357 -0.904368 0.0167285 0.0131093 0.999774 36.3521
0.99981 -0.00816872 -0.0176994 -0.499287 0.0079277 0.999875 -0.0136451 -0.944504 0.0178087 0.0135022 0.99975 37.5505
0.999787 -0.00985978 -0.0181225 -0.528941 0.00962426 0.999869 -0.0130378 -0.985121 0.0182487 0.0128606 0.999751 38.7575
0.999783 -0.00973095 -0.01839 -0.559551 0.00951899 0.999888 -0.0115781 -1.02365 0.0185006 0.0114005 0.999764 39.9651
0.999763 -0.00980149 -0.0194129 -0.584864 0.00959279 0.999896 -0.0108145 -1.06401 0.0195169 0.0106258 0.999753 41.1861
0.999745 -0.00944597 -0.0205121 -0.611578 0.00921245 0.999892 -0.0114491 -1.10534 0.0206181 0.0112573 0.999724 42.4078
0.999738 -0.00852196 -0.0212399 -0.64204 0.00827622 0.999898 -0.0116304 -1.14673 0.0213369 0.0114515 0.999707 43.6182
0.999736 -0.00826107 -0.0214258 -0.67267 0.00804227 0.999915 -0.0102781 -1.18799 0.0215089 0.0101031 0.999718 44.8339
0.999759 -0.00706954 -0.0207934 -0.70485 0.00692256 0.999951 -0.00713184 -1.22475 0.0208427 0.00698618 0.999758 46.0479
0.999787 -0.00701019 -0.0193922 -0.736094 0.00693122 0.999968 -0.00413614 -1.25809 0.0194205 0.00400085 0.999803 47.2648
0.9998 -0.00740699 -0.0185673 -0.762583 0.00739133 0.999972 -0.000911573 -1.2906 0.0185735 0.000774155 0.999827 48.4986
0.999833 -0.00690372 -0.0169222 -0.804837 0.00692616 0.999975 0.001268 -1.31503 0.016913 -0.00138499 0.999856 49.7052
0.999849 -0.00853423 -0.01513 -0.844722 0.00853153 0.999964 -0.000242545 -1.34184 0.0151315 0.000113428 0.999886 50.9112
0.999878 -0.00766818 -0.0135651 -0.884858 0.00764866 0.99997 -0.00148988 -1.37266 0.0135761 0.00138594 0.999907 52.1133
0.999904 -0.00670406 -0.0120834 -0.927556 0.00669288 0.999977 -0.000964834 -1.40146 0.0120896 0.000883871 0.999927 53.3066
0.99991 -0.00763067 -0.0110211 -0.968775 0.00761697 0.99997 -0.00128365 -1.43148 0.0110305 0.00119958 0.999938 54.5102
0.999913 -0.00828167 -0.010282 -1.00903 0.00825593 0.999963 -0.00254276 -1.46305 0.0103027 0.00245765 0.999944 55.7137
0.999908 -0.00833286 -0.0106522 -1.04704 0.00831709 0.999964 -0.00152297 -1.49309 0.0106645 0.00143424 0.999942 56.9253
0.999897 -0.00888319 -0.0112608 -1.08495 0.00887925 0.999961 -0.00039956 -1.52159 0.0112639 0.000299533 0.999937 58.1368
0.999898 -0.00835025 -0.0115487 -1.12521 0.00835447 0.999965 0.00031814 -1.54846 0.0115457 -0.00041459 0.999933 59.3458
0.999912 -0.00653209 -0.0114848 -1.15787 0.00653692 0.999979 0.000383684 -1.57432 0.0114821 -0.000458724 0.999934 60.5957
0.999914 -0.0060354 -0.0116498 -1.18789 0.00604093 0.999982 0.000439921 -1.60232 0.011647 -0.000510258 0.999932 61.8091
0.999915 -0.00637301 -0.0113279 -1.21482 0.00637655 0.99998 0.000277094 -1.62849 0.0113259 -0.000349303 0.999936 63.0233
0.999881 -0.0099199 -0.0117804 -1.23879 0.00990808 0.99995 -0.00106078 -1.66005 0.0117903 0.000943933 0.99993 64.2379
0.999855 -0.0114675 -0.0125285 -1.26252 0.0114718 0.999934 0.000267734 -1.69164 0.0125246 -0.000411419 0.999921 65.4427
0.999834 -0.0125231 -0.0131915 -1.2886 0.0125485 0.99992 0.00184472 -1.72074 0.0131673 -0.00200994 0.999911 66.6505
0.999845 -0.012035 -0.0128069 -1.31433 0.0120347 0.999928 -0.000104942 -1.75267 0.0128073 -4.91994e-05 0.999918 67.858
0.999837 -0.0125582 -0.0129573 -1.34227 0.0125449 0.999921 -0.00111347 -1.78553 0.0129702 0.000950739 0.999915 69.0767
0.99988 -0.00829804 -0.0130374 -1.37003 0.00829665 0.999966 -0.000159989 -1.81511 0.0130383 5.1804e-05 0.999915 70.29
0.999895 -0.00577304 -0.0132758 -1.39524 0.00578082 0.999983 0.000547802 -1.84234 0.0132724 -0.000624488 0.999912 71.4972
0.999881 -0.00797127 -0.0131688 -1.41901 0.00797951 0.999968 0.000573775 -1.87805 0.0131638 -0.000678786 0.999913 72.7073
0.999905 -0.00579182 -0.0125042 -1.44261 0.00582326 0.99998 0.00248023 -1.90969 0.0124896 -0.00255281 0.999919 73.9199
0.999943 -0.00199898 -0.0104566 -1.4639 0.00203496 0.999992 0.00343293 -1.94199 0.0104497 -0.00345401 0.999939 75.1177
0.999969 -0.00281022 -0.00724241 -1.48559 0.00282387 0.999994 0.00187643 -1.97222 0.0072371 -0.00189682 0.999972 76.3169
0.999965 -0.00662905 -0.00494143 -1.49635 0.00661699 0.999975 -0.00245054 -2.00146 0.00495754 0.00241776 0.999985 77.53
0.999962 -0.00808502 -0.00313002 -1.50102 0.00807876 0.999966 -0.00200412 -2.03598 0.00314611 0.00197876 0.999993 78.7136
0.999887 -0.0149661 -0.0014417 -1.50463 0.014967 0.999888 0.000583326 -2.07533 0.0014328 -0.000604837 0.999999 79.8857
0.999836 -0.017914 0.00236041 -1.51543 0.0179054 0.999833 0.00360051 -2.10615 -0.00242452 -0.00355766 0.999991 81.0572
0.999784 -0.0194794 0.00719837 -1.51983 0.0194548 0.999805 0.00346335 -2.13842 -0.00726444 -0.00332256 0.999968 82.2371
0.99977 -0.0180155 0.0116336 -1.51932 0.0179988 0.999837 0.0015433 -2.17607 -0.0116595 -0.00133356 0.999931 83.3971
0.999663 -0.0203242 0.0161243 -1.51337 0.0203213 0.999794 0.000342866 -2.21453 -0.0161279 -1.50837e-05 0.99987 84.557
0.999575 -0.0203997 0.0208124 -1.50167 0.0204289 0.999791 -0.00119529 -2.25565 -0.0207837 0.00161995 0.999783 85.7165
0.999451 -0.0212195 0.0254327 -1.48511 0.0211815 0.999774 0.00176426 -2.29249 -0.0254644 -0.00122459 0.999675 86.8705
0.999438 -0.0166119 0.0291198 -1.46495 0.016536 0.999859 0.00284681 -2.32835 -0.029163 -0.00236368 0.999572 88.0236
0.999315 -0.0167834 0.0329766 -1.4331 0.0167299 0.999858 0.00189632 -2.36032 -0.0330038 -0.00134332 0.999454 89.2067
0.99921 -0.0159164 0.0364131 -1.40189 0.0158851 0.999873 0.00114639 -2.39689 -0.0364267 -0.00056706 0.999336 90.3614
0.999084 -0.0149582 0.0400932 -1.37203 0.0148291 0.999884 0.00351606 -2.42604 -0.0401411 -0.00291829 0.99919 91.5113
0.998911 -0.0187434 0.0427124 -1.33972 0.0186103 0.999821 0.00351182 -2.45501 -0.0427706 -0.00271311 0.999081 92.6625
0.998737 -0.0207244 0.0457686 -1.29497 0.020525 0.999778 0.00482146 -2.481 -0.0458584 -0.00387597 0.99894 93.8127
0.998581 -0.022635 0.0481957 -1.24692 0.0223567 0.99973 0.00630476 -2.50797 -0.0483254 -0.00521831 0.998818 94.9783
0.998391 -0.0256388 0.0505772 -1.19566 0.0253126 0.999655 0.00708103 -2.53432 -0.0507413 -0.00578939 0.998695 96.1449
0.998276 -0.0264469 0.0523969 -1.13842 0.0262013 0.999642 0.0053693 -2.56332 -0.0525202 -0.00398718 0.998612 97.3023
0.998209 -0.0257118 0.0540012 -1.07827 0.0255341 0.999666 0.00397932 -2.58902 -0.0540856 -0.00259332 0.998533 98.475
0.998184 -0.0247958 0.0548882 -1.01469 0.0247335 0.999692 0.00181512 -2.618 -0.0549164 -0.000454247 0.998491 99.6456
0.998091 -0.0282154 0.0549247 -0.949276 0.0282909 0.9996 -0.000598052 -2.65117 -0.0548858 0.00215078 0.99849 100.819
0.998115 -0.0301088 0.0534721 -0.886064 0.0301679 0.999545 -0.000299028 -2.68394 -0.0534388 0.00191161 0.998569 101.99
0.99819 -0.0315552 0.0511863 -0.825424 0.0315508 0.999502 0.000892758 -2.71529 -0.051189 0.00072383 0.998689 103.163
0.998246 -0.0332758 0.0489554 -0.76729 0.0331831 0.999446 0.00270591 -2.74447 -0.0490183 -0.00107668 0.998797 104.335
0.998403 -0.0327503 0.0460207 -0.712254 0.0326004 0.999461 0.00400333 -2.77205 -0.046127 -0.00249665 0.998932 105.509
0.998562 -0.0331493 0.0421213 -0.661473 0.0329602 0.999443 0.00517607 -2.79809 -0.0422695 -0.0037803 0.999099 106.684
0.998778 -0.032918 0.0368585 -0.616976 0.0327501 0.99945 0.00515124 -2.82422 -0.0370078 -0.00393782 0.999307 107.859
0.998976 -0.0322553 0.0317253 -0.578503 0.0321125 0.999472 0.00499816 -2.85047 -0.0318698 -0.00397426 0.999484 109.035
0.999136 -0.0323069 0.0261399 -0.546572 0.0321508 0.999463 0.00636644 -2.875 -0.0263315 -0.00552052 0.999638 110.211
0.999261 -0.0328288 0.0199911 -0.520798 0.0326765 0.999435 0.00789552 -2.8967 -0.020239 -0.00723645 0.999769 111.393
0.999334 -0.033691 0.0140256 -0.501562 0.0335717 0.999399 0.00865619 -2.91762 -0.0143089 -0.00817956 0.999864 112.578
0.999381 -0.0340778 0.0086386 -0.487999 0.0339933 0.999375 0.00974346 -2.93647 -0.00896526 -0.00944378 0.999915 113.766
0.999415 -0.0341245 0.00194567 -0.482435 0.0341032 0.999367 0.0101097 -2.95491 -0.00228945 -0.0100374 0.999947 114.953
0.999504 -0.0310387 -0.00516136 -0.485879 0.0310942 0.999455 0.0110568 -2.97224 0.00481534 -0.0112118 0.999926 116.141
0.999447 -0.0309842 -0.0119993 -0.497099 0.0311243 0.999447 0.0116668 -2.98902 0.0116312 -0.0120339 0.99986 117.33
0.99937 -0.030621 -0.0179209 -0.515395 0.030826 0.999461 0.0112774 -3.00632 0.0175659 -0.0118227 0.999776 118.519
0.999355 -0.0289087 -0.0212701 -0.538007 0.0291727 0.9995 0.0122098 -3.02244 0.0209065 -0.0128225 0.999699 119.709
0.999326 -0.0272342 -0.0246064 -0.564592 0.0275567 0.999537 0.0128651 -3.03778 0.0242446 -0.0135345 0.999615 120.899
0.999283 -0.0269647 -0.0265467 -0.593609 0.0273192 0.999541 0.0130848 -3.0527 0.0261817 -0.0138006 0.999562 122.092
0.999303 -0.0249338 -0.0277566 -0.624881 0.0253254 0.999583 0.0138475 -3.06661 0.0273997 -0.0145408 0.999519 123.292
0.999267 -0.0244306 -0.0294486 -0.658436 0.024882 0.999577 0.0150618 -3.07925 0.0290682 -0.0157835 0.999453 124.498
0.999204 -0.0252566 -0.0308502 -0.69759 0.0257514 0.999544 0.0157477 -3.09127 0.0304384 -0.0165296 0.9994 125.709
0.999251 -0.0209381 -0.032525 -0.741913 0.0215324 0.999606 0.0180317 -3.10071 0.0321347 -0.0187185 0.999308 126.925
0.999212 -0.0203859 -0.0340553 -0.786288 0.0211128 0.999554 0.0211246 -3.10698 0.0336094 -0.021827 0.999197 128.138
0.999138 -0.0211278 -0.0357196 -0.834859 0.0219094 0.999526 0.0216356 -3.11164 0.0352455 -0.0223996 0.999128 129.367
0.999076 -0.0217111 -0.0370758 -0.886588 0.0224849 0.999535 0.0205838 -3.11649 0.0366117 -0.0213984 0.999101 130.629
0.998945 -0.0245131 -0.0388208 -0.941251 0.0253798 0.999436 0.021991 -3.11906 0.0382598 -0.0229531 0.999004 131.897
0.998836 -0.0255482 -0.0408901 -0.993084 0.0265683 0.999344 0.0246018 -3.11796 0.0402348 -0.0256595 0.998861 133.163
0.998692 -0.0288751 -0.0421927 -1.04345 0.0300198 0.999191 0.0267526 -3.11386 0.0413861 -0.0279842 0.998752 134.439
0.998533 -0.0311929 -0.0442565 -1.09682 0.0324598 0.999075 0.0282026 -3.11148 0.0433359 -0.0295978 0.998622 135.699
0.998374 -0.0354802 -0.044601 -1.15183 0.0367075 0.998961 0.0270063 -3.10952 0.0435965 -0.0285996 0.99864 136.974
0.998259 -0.0374534 -0.0455483 -1.2073 0.0386962 0.998894 0.0267163 -3.10674 0.0444974 -0.0284323 0.998605 138.269
0.998173 -0.0387512 -0.0463425 -1.2634 0.0400486 0.998822 0.0274035 -3.10256 0.045226 -0.0292094 0.99855 139.565
0.998222 -0.0374039 -0.046393 -1.32602 0.0387552 0.99884 0.0285781 -3.09223 0.0452703 -0.0303253 0.998515 140.839
0.998014 -0.0412083 -0.0476239 -1.39111 0.0426163 0.998672 0.0289385 -3.08337 0.0463682 -0.0309106 0.998446 142.115
0.998122 -0.0380415 -0.0479924 -1.45636 0.0395629 0.998731 0.0311593 -3.07145 0.0467462 -0.0329995 0.998362 143.39
0.998157 -0.0371864 -0.0479524 -1.52196 0.0386327 0.998815 0.0295945 -3.06179 0.0467951 -0.0313925 0.998411 144.666
0.998217 -0.0360376 -0.0475775 -1.58706 0.0374067 0.998902 0.0282056 -3.05389 0.0465088 -0.0299351 0.99847 145.942
0.998234 -0.0360863 -0.0471835 -1.6537 0.0373451 0.998962 0.026073 -3.04806 0.0461936 -0.027789 0.998546 147.226
0.998257 -0.0365956 -0.0462826 -1.71896 0.037672 0.999035 0.0226033 -3.04689 0.0454107 -0.0243075 0.998673 148.508
0.998304 -0.0360469 -0.0457097 -1.78382 0.0369908 0.999116 0.0199745 -3.04873 0.0449493 -0.0216315 0.998755 149.791
0.99829 -0.0361419 -0.0459275 -1.85022 0.0370508 0.999131 0.0190956 -3.05192 0.0451975 -0.0207646 0.998763 151.074
0.998257 -0.0364806 -0.0463776 -1.91435 0.0374175 0.99911 0.0194964 -3.05386 0.0456251 -0.0211977 0.998734 152.357
0.998234 -0.0360867 -0.0471705 -1.97842 0.0370653 0.999112 0.0200382 -3.05343 0.0464055 -0.0217512 0.998686 153.654
0.99823 -0.0345598 -0.0483813 -2.03886 0.0356517 0.999125 0.0218899 -3.05387 0.0475824 -0.023576 0.998589 154.929
0.998182 -0.0339339 -0.0498001 -2.10242 0.0351089 0.999121 0.0229133 -3.05052 0.0489788 -0.02462 0.998497 156.215
0.99785 -0.0397971 -0.0520586 -2.16899 0.0408767 0.998967 0.0198398 -3.05909 0.0512153 -0.0219251 0.998447 157.499
0.997729 -0.0403152 -0.0539554 -2.23463 0.0414571 0.998936 0.0202156 -3.06783 0.053083 -0.0224065 0.998339 158.772
0.997531 -0.0416754 -0.0565124 -2.30322 0.0429395 0.99885 0.0213404 -3.07543 0.055558 -0.0237144 0.998174 160.045
0.997493 -0.0407581 -0.0578479 -2.3786 0.0420993 0.998868 0.0221585 -3.08142 0.0568793 -0.0245383 0.99808 161.34
0.997418 -0.0412095 -0.0588029 -2.45517 0.0425301 0.998866 0.0213849 -3.08594 0.057855 -0.0238305 0.998041 162.615
0.997342 -0.0421572 -0.0594265 -2.53472 0.0434422 0.998846 0.0204982 -3.09422 0.0584938 -0.0230254 0.998022 163.886
0.997356 -0.0414727 -0.059671 -2.61734 0.0428021 0.998859 0.0211755 -3.10554 0.0587248 -0.0236735 0.997994 165.148
0.99728 -0.0420148 -0.0605567 -2.70126 0.0433553 0.998839 0.0209937 -3.11459 0.0596044 -0.0235621 0.997944 166.434
0.997252 -0.0411645 -0.061595 -2.78709 0.0425175 0.998879 0.020819 -3.12322 0.060669 -0.0233807 0.997884 167.721
0.997211 -0.0402946 -0.0628126 -2.87372 0.041737 0.99889 0.0218221 -3.13026 0.0618636 -0.0243829 0.997787 169.005
0.997133 -0.040626 -0.0638349 -2.966 0.0421814 0.99884 0.023209 -3.13504 0.0628181 -0.0258351 0.997691 170.281
0.99702 -0.0413916 -0.0650903 -3.05764 0.0430368 0.998783 0.0240787 -3.1392 0.0640144 -0.0268082 0.997589 171.554
0.996846 -0.0431325 -0.0666113 -3.15095 0.0448214 0.998705 0.0240696 -3.14456 0.0654869 -0.0269793 0.997489 172.827
0.996815 -0.0424593 -0.067496 -3.24573 0.0442425 0.998704 0.025147 -3.14835 0.0663408 -0.0280531 0.997403 174.1
0.996729 -0.0428899 -0.0684959 -3.3423 0.0446994 0.998685 0.0251054 -3.15194 0.0673291 -0.028085 0.997336 175.376
0.996699 -0.0429992 -0.0688555 -3.43924 0.0448187 0.99868 0.0251013 -3.15545 0.0676853 -0.0281045 0.997311 176.652
0.99664 -0.0428738 -0.0697886 -3.53839 0.044794 0.998653 0.0261855 -3.15753 0.0685719 -0.0292236 0.997218 177.926
0.996618 -0.0426962 -0.0702053 -3.63779 0.0446091 0.998668 0.025908 -3.15976 0.0690057 -0.0289522 0.997196 179.204
0.996573 -0.043386 -0.0704192 -3.73855 0.0452771 0.998649 0.025484 -3.1625 0.0692184 -0.028585 0.997192 180.478
0.996351 -0.0469472 -0.0712757 -3.83253 0.0489146 0.998462 0.0261116 -3.16365 0.0699402 -0.0295027 0.997115 181.74
0.996289 -0.0463724 -0.0725012 -3.92448 0.0486836 0.99835 0.0304422 -3.15666 0.0709699 -0.0338589 0.996904 183.049
0.996214 -0.0466871 -0.0733311 -4.0178 0.0493418 0.998175 0.0348155 -3.14042 0.0715718 -0.038302 0.9967 184.352
0.996294 -0.0445047 -0.0735945 -4.1132 0.0471713 0.998277 0.0349015 -3.12377 0.0719144 -0.0382437 0.996677 185.607
0.996467 -0.040355 -0.0736547 -4.21104 0.0429505 0.998498 0.0340004 -3.1023 0.0721721 -0.0370438 0.996704 186.873
0.996523 -0.0430654 -0.0713229 -4.32602 0.0453272 0.998509 0.0304027 -3.09405 0.0699073 -0.0335299 0.99699 188.069
0.996511 -0.0445507 -0.0705735 -4.43376 0.0467809 0.998447 0.0302678 -3.08469 0.0691154 -0.0334637 0.997047 189.301
0.996566 -0.0454511 -0.0692098 -4.5375 0.0477172 0.998366 0.031448 -3.07372 0.0676673 -0.0346425 0.997106 190.55
0.996625 -0.04523 -0.0684927 -4.64019 0.0475455 0.998338 0.0325619 -3.06233 0.0669061 -0.0357086 0.99712 191.797
0.996719 -0.0445807 -0.0675447 -4.74138 0.0469262 0.998335 0.0335455 -3.05088 0.0659368 -0.0366051 0.997152 193.052
0.996755 -0.0453148 -0.0665178 -4.83143 0.0476338 0.998296 0.0337001 -3.03903 0.0648774 -0.0367592 0.997216 194.302
0.996839 -0.0456985 -0.0649849 -4.91945 0.0479296 0.998299 0.0331968 -3.02685 0.0633573 -0.0362066 0.997334 195.542
0.996911 -0.0461571 -0.0635376 -5.00569 0.0482422 0.998333 0.0316822 -3.01665 0.0619693 -0.0346496 0.997477 196.783
0.996967 -0.0464538 -0.0624402 -5.08525 0.0484881 0.998328 0.0314689 -3.00548 0.0608739 -0.0344011 0.997553 198.023
0.996958 -0.0478119 -0.0615376 -5.16147 0.0498588 0.998238 0.0321671 -2.98722 0.0598912 -0.0351374 0.997586 199.268
0.996997 -0.0487965 -0.0601288 -5.23999 0.0508971 0.998128 0.033913 -2.96862 0.0583614 -0.0368715 0.997614 200.487
0.997099 -0.0467873 -0.0600356 -5.31812 0.0489272 0.9982 0.0346825 -2.94897 0.0583048 -0.0375192 0.997594 201.706
0.997042 -0.0491845 -0.0590557 -5.40073 0.0512132 0.998131 0.0333422 -2.9365 0.0573054 -0.036268 0.997698 202.908
0.997131 -0.0477805 -0.0586942 -5.48128 0.0497927 0.998204 0.0333112 -2.92416 0.0569971 -0.0361382 0.99772 204.114
0.997163 -0.0476464 -0.0582649 -5.56433 0.0496633 0.998198 0.0336727 -2.91193 0.0565555 -0.0364708 0.997733 205.316
0.997226 -0.0478443 -0.0570054 -5.6457 0.049801 0.9982 0.0334116 -2.89989 0.0553043 -0.0361579 0.997815 206.52
0.997351 -0.0469557 -0.0555488 -5.72539 0.0488849 0.998229 0.0338958 -2.88721 0.0538588 -0.0365215 0.99788 207.724
0.997218 -0.0503717 -0.0549401 -5.80409 0.0522603 0.998072 0.0334963 -2.87499 0.0531469 -0.0362743 0.997928 208.927
0.997251 -0.0500634 -0.0546164 -5.87778 0.051993 0.998051 0.0345004 -2.8612 0.0527828 -0.0372452 0.997911 210.109
0.997238 -0.0500111 -0.0549022 -5.95161 0.0520095 0.998012 0.0355932 -2.84626 0.053013 -0.0383504 0.997857 211.278
0.997176 -0.0503332 -0.0557364 -6.02647 0.0523468 0.998006 0.0352754 -2.83177 0.0538497 -0.0380934 0.997822 212.446
0.997153 -0.0501357 -0.0563232 -6.0973 0.0521351 0.99804 0.0346068 -2.82175 0.0544778 -0.0374447 0.997813 213.581
0.997058 -0.0506587 -0.0575148 -6.16406 0.052666 0.998035 0.0339378 -2.8106 0.0556826 -0.036867 0.997768 214.708
0.997006 -0.0506919 -0.0583814 -6.23295 0.0527573 0.998015 0.0343948 -2.80451 0.056522 -0.0373718 0.997702 215.79
0.996904 -0.0509357 -0.0598917 -6.30128 0.0530803 0.997985 0.0347781 -2.79736 0.0579996 -0.0378495 0.997599 216.866
0.99678 -0.050416 -0.0623427 -6.37177 0.052722 0.997963 0.0359124 -2.78608 0.0604052 -0.0390836 0.997409 217.927
0.996429 -0.0538524 -0.0650229 -6.44559 0.0562974 0.997751 0.0363728 -2.78153 0.0629179 -0.0399036 0.997221 218.974
0.996367 -0.0521616 -0.0673081 -6.52199 0.0548784 0.997725 0.0391642 -2.77234 0.0651121 -0.0427157 0.996963 220.028
0.996187 -0.0515376 -0.070389 -6.5914 0.0544314 0.997723 0.0398292 -2.76807 0.068176 -0.0435087 0.996724 221.024
0.99599 -0.0506624 -0.0737342 -6.66702 0.0537029 0.997761 0.0398535 -2.75589 0.0715501 -0.0436534 0.996481 222.068
0.995706 -0.0506093 -0.07751 -6.73993 0.0538604 0.997729 0.0404433 -2.74669 0.0752872 -0.0444443 0.996171 223.073
0.99543 -0.050232 -0.0812108 -6.81548 0.0536907 0.997716 0.0409808 -2.73961 0.0789668 -0.0451537 0.995854 224.033
0.995162 -0.0492207 -0.085025 -6.89217 0.0528732 0.997749 0.041252 -2.73067 0.0828032 -0.045548 0.995525 224.975
0.994771 -0.0503898 -0.0888303 -6.96707 0.0541804 0.997698 0.040789 -2.7211 0.0865705 -0.0453885 0.995211 225.89
0.994478 -0.0506146 -0.0919247 -7.04825 0.0545226 0.997691 0.0405091 -2.71159 0.089662 -0.0452975 0.994942 226.784
0.994235 -0.0498632 -0.0949174 -7.132 0.0538979 0.997728 0.0404269 -2.70205 0.0926859 -0.0453097 0.994664 227.677
0.993936 -0.0496822 -0.0980938 -7.21851 0.0538137 0.997752 0.0399289 -2.69273 0.0958896 -0.0449655 0.994376 228.543
0.993777 -0.0479911 -0.100515 -7.31002 0.0522676 0.997818 0.0403527 -2.68476 0.0983591 -0.0453553 0.994117 229.38
0.993789 -0.046721 -0.100996 -7.39993 0.0511086 0.997839 0.0413001 -2.67173 0.0988478 -0.0462053 0.994029 230.192
0.993824 -0.0464098 -0.100793 -7.48628 0.0509115 0.997796 0.0425584 -2.65886 0.098596 -0.0474271 0.993997 230.991
0.993892 -0.0463293 -0.100157 -7.57097 0.050921 0.997743 0.0437831 -2.64746 0.0979023 -0.0486158 0.994008 231.757
0.993995 -0.0456691 -0.0994368 -7.6553 0.0502288 0.997775 0.0438438 -2.635 0.0972132 -0.0485751 0.994078 232.512
0.994058 -0.0452078 -0.0990115 -7.73638 0.0496166 0.997863 0.0425266 -2.62536 0.0968773 -0.0471865 0.994177 233.253
0.994126 -0.0459646 -0.0979806 -7.81396 0.0501618 0.997907 0.040812 -2.61879 0.0958996 -0.0454872 0.994351 233.992
0.994198 -0.0469799 -0.0967624 -7.89159 0.0510747 0.997882 0.0402827 -2.61788 0.094665 -0.0449911 0.994492 234.716
0.99424 -0.0483817 -0.0956276 -7.96841 0.0524396 0.997807 0.0403849 -2.61582 0.093464 -0.045167 0.994598 235.442
0.994363 -0.0485413 -0.0942559 -8.04453 0.0526272 0.997757 0.0413572 -2.61333 0.092037 -0.0460845 0.994689 236.164
0.994482 -0.0492376 -0.0926323 -8.1163 0.0532847 0.997707 0.0417347 -2.60458 0.0903649 -0.0464403 0.994825 236.889
0.994687 -0.048703 -0.0906938 -8.18543 0.052727 0.997704 0.042513 -2.59482 0.088415 -0.0470692 0.994971 237.607
0.994837 -0.0492462 -0.0887291 -8.2498 0.0532049 0.997665 0.0428153 -2.58383 0.0864134 -0.0473151 0.995135 238.325
0.995126 -0.0482706 -0.0859792 -8.31217 0.0521648 0.997685 0.0436352 -2.57206 0.0836738 -0.0479076 0.995341 239.044
0.995384 -0.04789 -0.0831649 -8.37224 0.0517333 0.997661 0.0446886 -2.55942 0.0808302 -0.0487848 0.995533 239.762
0.995552 -0.0486397 -0.0806818 -8.43087 0.052434 0.997583 0.0455949 -2.54654 0.078269 -0.0496226 0.995697 240.481
0.995849 -0.0478159 -0.0774416 -8.49069 0.0515068 0.997595 0.0463849 -2.53692 0.0750374 -0.0501811 0.995917 241.184
0.995968 -0.049595 -0.0747458 -8.54228 0.0532124 0.997467 0.0472065 -2.51971 0.0722153 -0.0509936 0.996085 241.894
0.996109 -0.0504334 -0.072266 -8.59171 0.0539365 0.99742 0.0473721 -2.50187 0.0696903 -0.0510856 0.99626 242.604
0.996298 -0.0501629 -0.0698064 -8.63928 0.0534752 0.99749 0.0464183 -2.48697 0.0673027 -0.0499794 0.99648 243.299
0.996467 -0.050788 -0.0668791 -8.68891 0.0539826 0.997442 0.0468567 -2.46837 0.0643282 -0.0503015 0.99666 244.012
0.996604 -0.0505858 -0.0649531 -8.73083 0.0537333 0.997417 0.0476607 -2.45121 0.0623744 -0.050989 0.99675 244.712
0.996718 -0.0507155 -0.0630888 -8.77067 0.0537969 0.997391 0.048141 -2.43118 0.0604826 -0.051377 0.996846 245.421
0.996823 -0.050679 -0.0614367 -8.81306 0.0536693 0.997402 0.0480403 -2.40943 0.0588424 -0.051185 0.996954 246.139
0.99694 -0.0513857 -0.0588938 -8.85992 0.0541542 0.997453 0.0464164 -2.3856 0.0563586 -0.0494637 0.997185 246.855
0.997037 -0.050868 -0.0576865 -8.89933 0.0534787 0.99757 0.0446519 -2.36079 0.0552749 -0.0476046 0.997336 247.581
0.996982 -0.0523235 -0.0573286 -8.93727 0.0548048 0.997588 0.0425991 -2.34364 0.0549613 -0.0456125 0.997446 248.305
0.996836 -0.0541397 -0.0581858 -8.9718 0.0566727 0.997475 0.0427992 -2.3257 0.0557217 -0.0459613 0.997388 249.043
0.996118 -0.0646022 -0.0597843 -8.99616 0.067125 0.996894 0.0411964 -2.31982 0.0569372 -0.0450495 0.997361 249.775
0.996021 -0.0647284 -0.0612368 -9.02923 0.0673778 0.996833 0.0422352 -2.31156 0.058309 -0.0461932 0.997229 250.518
0.995718 -0.0687228 -0.0618133 -9.06556 0.0713568 0.996589 0.0414608 -2.3037 0.058753 -0.0456942 0.997226 251.246
0.995661 -0.0699143 -0.0613857 -9.11342 0.0724339 0.996578 0.0398236 -2.29271 0.0583913 -0.0440973 0.997319 251.996
0.99537 -0.074873 -0.0602546 -9.15979 0.0772412 0.996289 0.03798 -2.28692 0.0571872 -0.0424583 0.99746 252.741
0.995372 -0.0760068 -0.0587878 -9.21005 0.0783045 0.996212 0.0378192 -2.27368 0.0556905 -0.0422475 0.997554 253.509
0.995704 -0.0721289 -0.0580381 -9.25983 0.0746415 0.996311 0.0423541 -2.25707 0.0547689 -0.0465043 0.997415 254.278
0.996162 -0.0657057 -0.0578159 -9.31458 0.0685373 0.996472 0.0484378 -2.23587 0.0544292 -0.0522144 0.997151 255.081
0.99608 -0.0676037 -0.0570344 -9.36564 0.0705931 0.996142 0.0521359 -2.21711 0.0532897 -0.0559578 0.99701 255.884
0.996026 -0.0703349 -0.0546221 -9.4138 0.0731203 0.996029 0.0507873 -2.20526 0.050833 -0.0545795 0.997215 256.667
0.996344 -0.0693643 -0.049855 -9.45956 0.071685 0.996349 0.0463728 -2.1924 0.0464563 -0.0497772 0.997679 257.465
0.996724 -0.0665385 -0.045953 -9.50197 0.0685387 0.996703 0.0434162 -2.17493 0.0429126 -0.0464235 0.998 258.289
0.996881 -0.066041 -0.0431762 -9.53643 0.0679422 0.996712 0.0441581 -2.15104 0.0401179 -0.0469539 0.998091 259.133
0.996935 -0.0674645 -0.03959 -9.57897 0.069284 0.996511 0.0465414 -2.12615 0.0363118 -0.0491417 0.998132 259.975
0.996893 -0.0697649 -0.0365373 -9.61493 0.0715292 0.996213 0.0494399 -2.09754 0.0329496 -0.0518998 0.998109 260.817
0.996947 -0.0706951 -0.0331073 -9.64877 0.0723101 0.996107 0.0504302 -2.06846 0.0294131 -0.0526703 0.998179 261.658
0.997159 -0.0690345 -0.0300881 -9.6777 0.0705099 0.996202 0.0510941 -2.0401 0.0264465 -0.0530705 0.99824 262.501
0.997239 -0.0688531 -0.0277568 -9.7116 0.0701519 0.996337 0.0489046 -2.02137 0.0242878 -0.0507169 0.998418 263.35
0.997235 -0.0700408 -0.0247729 -9.74255 0.0711443 0.996363 0.0468887 -2.00491 0.0213986 -0.0485216 0.998593 264.198
0.9972 -0.0714967 -0.0218639 -9.7712 0.0724707 0.996235 0.0475856 -1.98756 0.0183793 -0.0490369 0.998628 265.045
0.997417 -0.069406 -0.0184421 -9.79726 0.0702509 0.996276 0.0499932 -1.96843 0.0149035 -0.0511598 0.998579 265.892
0.997614 -0.0673368 -0.0151309 -9.82065 0.0680319 0.996357 0.0514261 -1.94805 0.0116128 -0.0523329 0.998562 266.739
0.997747 -0.0659711 -0.0121065 -9.84185 0.066511 0.996453 0.0515571 -1.92666 0.00866212 -0.0522462 0.998597 267.58
0.997788 -0.0660068 -0.00779245 -9.8603 0.066322 0.996463 0.0515992 -1.90406 0.00435888 -0.0520019 0.998637 268.428
0.997804 -0.0660656 -0.00458068 -9.8728 0.0662137 0.996488 0.0512545 -1.88046 0.00117831 -0.0514453 0.998675 269.28
0.997611 -0.0690264 -0.00231457 -9.88404 0.0690536 0.996272 0.0517112 -1.85472 -0.00126362 -0.0517476 0.998659 270.128
0.997496 -0.0706939 -0.00115654 -9.89357 0.0706584 0.996147 0.0519419 -1.82765 -0.00252001 -0.0518936 0.998649 270.984
0.997432 -0.0716024 -9.0217e-05 -9.90252 0.0715085 0.996059 0.052479 -1.79828 -0.00366788 -0.0523507 0.998622 271.85
0.997365 -0.0725174 0.00127463 -9.91169 0.0723507 0.995996 0.0525075 -1.76191 -0.00507735 -0.052277 0.99862 272.722
0.997459 -0.0712138 0.00161301 -9.92154 0.0710315 0.996095 0.0524315 -1.72992 -0.00534068 -0.0521837 0.998623 273.59
0.997535 -0.0701127 0.00241706 -9.93948 0.0698926 0.996198 0.0520072 -1.69306 -0.00605436 -0.0517101 0.998644 274.468
0.997572 -0.0695897 0.00225534 -9.95477 0.0693919 0.99635 0.049717 -1.6554 -0.00570703 -0.0494399 0.998761 275.345
0.997581 -0.0694729 0.00162374 -9.97312 0.0693166 0.996454 0.0476967 -1.6203 -0.00493173 -0.0474688 0.99886 276.221
0.997604 -0.0691664 0.000617033 -9.98595 0.0690633 0.996532 0.0464109 -1.58648 -0.00382508 -0.0462571 0.998922 277.087
0.997667 -0.0682438 0.000134362 -10.0013 0.068166 0.996622 0.0457949 -1.55627 -0.00325925 -0.045679 0.998951 277.947
0.997807 -0.0661764 -0.000260672 -10.0294 0.0661214 0.996802 0.0448783 -1.52477 -0.00271017 -0.0447971 0.998992 278.793
0.997889 -0.0649209 -0.000811464 -10.0521 0.0648923 0.996892 0.0446769 -1.49379 -0.00209164 -0.0446353 0.999001 279.639
0.997814 -0.0659937 -0.00296661 -10.0704 0.0660603 0.996791 0.0452025 -1.45247 -2.61067e-05 -0.0452997 0.998973 280.504
0.997629 -0.0684196 -0.00724375 -10.0914 0.0686833 0.996556 0.0464615 -1.4117 0.00403981 -0.046849 0.998894 281.361
0.997558 -0.0688773 -0.0114746 -10.1096 0.0693404 0.996505 0.0465898 -1.3765 0.0082254 -0.0472718 0.998848 282.199
0.997457 -0.0693664 -0.0162715 -10.1321 0.0700522 0.99647 0.0462542 -1.34214 0.0130055 -0.0472765 0.998797 283.028
0.997528 -0.06719 -0.020538 -10.157 0.068069 0.996637 0.045614 -1.30759 0.017404 -0.0468993 0.998748 283.864
0.997344 -0.0683406 -0.02514 -10.1842 0.0694156 0.996585 0.0447135 -1.27759 0.0219984 -0.0463399 0.998684 284.696
0.997175 -0.0692409 -0.0290739 -10.2243 0.070487 0.996529 0.0442811 -1.2537 0.0259068 -0.0462054 0.998596 285.488
0.997118 -0.0688773 -0.0317505 -10.2664 0.0702069 0.996611 0.0428618 -1.23113 0.0286906 -0.0449675 0.998576 286.28
0.997051 -0.0681987 -0.035151 -10.3089 0.069657 0.996683 0.0420815 -1.20781 0.0321644 -0.044406 0.998496 287.055
0.996907 -0.0687657 -0.0380128 -10.3611 0.0703378 0.996651 0.0416947 -1.18591 0.0350183 -0.0442395 0.998407 287.81
0.996881 -0.0677603 -0.0404293 -10.4118 0.0694139 0.996745 0.0410037 -1.16463 0.0375192 -0.0436822 0.998341 288.557
0.996768 -0.0672195 -0.0439566 -10.4653 0.0689508 0.996852 0.0391321 -1.14486 0.0411878 -0.0420365 0.998267 289.304
0.996713 -0.0654293 -0.0477351 -10.5202 0.0672255 0.99705 0.0370474 -1.12496 0.0451702 -0.0401347 0.998173 290.039
0.996571 -0.0633355 -0.0532233 -10.5795 0.0652169 0.997278 0.0343868 -1.10695 0.0509005 -0.03774 0.99799 290.767
0.996174 -0.0623298 -0.0612291 -10.6486 0.0643415 0.997432 0.0314516 -1.0935 0.0591115 -0.0352708 0.997628 291.476
0.995662 -0.061468 -0.069831 -10.7185 0.0636695 0.997528 0.029749 -1.0812 0.0678297 -0.0340661 0.997115 292.176
0.994674 -0.061864 -0.0824276 -10.7969 0.0643985 0.997519 0.0284505 -1.06752 0.080463 -0.0336072 0.996191 292.86
0.993292 -0.0602906 -0.0986595 -10.8861 0.0632784 0.997619 0.0274375 -1.05433 0.0967703 -0.0334965 0.994743 293.526
0.991201 -0.0580841 -0.118933 -10.9891 0.0616196 0.997754 0.0262654 -1.04187 0.11714 -0.0333628 0.992555 294.189
0.988333 -0.0567457 -0.141332 -11.1078 0.0607468 0.997861 0.0241553 -1.03091 0.139659 -0.032459 0.989668 294.849
0.984646 -0.0542127 -0.165922 -11.2411 0.0586689 0.998033 0.0220717 -1.02062 0.164399 -0.0314673 0.985892 295.502
0.979436 -0.0546298 -0.194213 -11.3933 0.0596295 0.99802 0.0199874 -1.0117 0.192736 -0.0311572 0.980756 296.151
0.972935 -0.0531644 -0.224872 -11.5659 0.0588595 0.998091 0.018694 -1.00361 0.223449 -0.031424 0.974209 296.794
0.964601 -0.0536703 -0.258191 -11.7611 0.0602129 0.998032 0.017494 -0.99635 0.256744 -0.0324212 0.965936 297.425
0.954551 -0.05259 -0.293367 -11.977 0.0599557 0.99807 0.0161655 -0.989666 0.291951 -0.0330198 0.955863 298.044
0.942385 -0.0516154 -0.33052 -12.216 0.0600157 0.998081 0.0152536 -0.983332 0.329099 -0.0342112 0.943676 298.648
0.928012 -0.0498202 -0.3692 -12.4798 0.0594445 0.998123 0.0147309 -0.977318 0.367774 -0.0356174 0.929233 299.241
0.911293 -0.0483064 -0.408913 -12.7689 0.058932 0.998172 0.0134169 -0.972178 0.407518 -0.0363248 0.912475 299.823
0.891992 -0.0483619 -0.449454 -13.0838 0.0599101 0.998138 0.0114975 -0.968351 0.448061 -0.0371825 0.89323 300.391
0.869498 -0.0488345 -0.491515 -13.4252 0.0611942 0.998085 0.00908893 -0.966149 0.49013 -0.0379807 0.870822 300.942
0.843949 -0.049314 -0.53415 -13.7936 0.0623038 0.998037 0.00629809 -0.965793 0.532792 -0.0385949 0.845366 301.476
0.815604 -0.0480851 -0.576607 -14.1897 0.0613845 0.998108 0.00359247 -0.967237 0.575344 -0.0383248 0.817013 301.99
0.783713 -0.0474376 -0.619307 -14.6113 0.0614034 0.998112 0.00125093 -0.970147 0.61808 -0.039008 0.785147 302.48
0.749208 -0.0461933 -0.66072 -15.0556 0.0597815 0.99821 -0.00200038 -0.974843 0.65963 -0.0380002 0.750629 302.942
0.711008 -0.0463662 -0.701651 -15.5067 0.0597353 0.9982 -0.00543051 -0.981894 0.700641 -0.0380522 0.712499 303.363
0.669012 -0.0474507 -0.741733 -15.9739 0.0627062 0.998005 -0.0072866 -0.98966 0.740601 -0.0416365 0.670655 303.747
0.62273 -0.0482271 -0.780947 -16.462 0.0668777 0.997727 -0.00828557 -0.997432 0.779573 -0.0470683 0.624541 304.093
0.572084 -0.0475621 -0.818813 -16.962 0.0690674 0.997565 -0.00968943 -1.00559 0.817282 -0.0510102 0.573977 304.401
0.517715 -0.0442638 -0.854406 -17.4527 0.0664288 0.997726 -0.0114369 -1.01514 0.85297 -0.0508362 0.519479 304.654
0.461459 -0.0387261 -0.886314 -17.9586 0.0609679 0.998069 -0.011866 -1.02462 0.885064 -0.0485611 0.46293 304.87
0.403373 -0.0355037 -0.914345 -18.4625 0.0561538 0.998324 -0.0139916 -1.03412 0.913311 -0.0457002 0.404692 305.042
0.343888 -0.0331887 -0.938423 -18.9636 0.0533582 0.998451 -0.0157582 -1.04455 0.937494 -0.0446536 0.345127 305.172
0.283517 -0.0317852 -0.958439 -19.4475 0.0535766 0.998415 -0.0172622 -1.05479 0.95747 -0.0464558 0.284771 305.261
0.223635 -0.0294802 -0.974226 -19.9175 0.0538535 0.998389 -0.017849 -1.06434 0.973184 -0.0484739 0.224863 305.314
0.163429 -0.0260881 -0.986209 -20.3924 0.0532601 0.998426 -0.0175852 -1.07394 0.985117 -0.0496517 0.164561 305.336
0.100486 -0.0237566 -0.994654 -20.8481 0.0520043 0.998474 -0.0185939 -1.08399 0.993579 -0.049858 0.101569 305.324
0.036131 -0.0204517 -0.999137 -21.3174 0.0479264 0.998676 -0.018709 -1.09461 0.998197 -0.0472091 0.0370635 305.278
-0.0286374 -0.014992 -0.999476 -21.7724 0.0466779 0.998777 -0.0163188 -1.10415 0.9985 -0.0471209 -0.0279025 305.202
-0.0942122 -0.00878147 -0.995512 -22.2199 0.0442613 0.998936 -0.0130003 -1.11275 0.994568 -0.0452875 -0.0937233 305.087
-0.159278 -0.00230738 -0.98723 -22.6572 0.0418738 0.999082 -0.00909078 -1.11869 0.986346 -0.0427871 -0.159035 304.938
-0.223991 0.00293773 -0.974585 -23.0805 0.0385218 0.999241 -0.00584135 -1.12279 0.97383 -0.0388513 -0.223934 304.758
-0.286874 0.0082831 -0.957931 -23.5184 0.038097 0.99927 -0.00276831 -1.13048 0.957211 -0.0372886 -0.286981 304.537
-0.348037 0.0111302 -0.937413 -23.9336 0.0367356 0.999324 -0.00177355 -1.13329 0.936761 -0.0350538 -0.348211 304.294
-0.407351 0.0129409 -0.913179 -24.3538 0.0351663 0.99938 -0.00152432 -1.13851 0.912594 -0.0327341 -0.407554 304.019
-0.463316 0.0130539 -0.886096 -24.7738 0.0337706 0.999425 -0.00293414 -1.1443 0.885549 -0.0312835 -0.463491 303.711
-0.516333 0.0127119 -0.856292 -25.2083 0.0314301 0.999498 -0.0041139 -1.14678 0.855811 -0.0290376 -0.516474 303.377
-0.564926 0.0132109 -0.825034 -25.625 0.0304117 0.999526 -0.00481867 -1.14878 0.824581 -0.027813 -0.565061 303.013
-0.609278 0.0126812 -0.792854 -26.0467 0.0283802 0.99958 -0.00582128 -1.14493 0.792448 -0.0260482 -0.609383 302.629
-0.648479 0.0124783 -0.761129 -26.4938 0.0258737 0.999649 -0.00565539 -1.14009 0.760792 -0.0233607 -0.648575 302.209
-0.683872 0.0151096 -0.729444 -26.8964 0.0258047 0.999661 -0.00348549 -1.14321 0.729145 -0.0212068 -0.684031 301.776
-0.718776 0.0217175 -0.694901 -27.2856 0.0304706 0.999536 -0.000279049 -1.14425 0.694573 -0.0213746 -0.719105 301.334
-0.753535 0.0263189 -0.656879 -27.7051 0.0331187 0.999449 0.00205291 -1.13755 0.656572 -0.020208 -0.753993 300.855
-0.785935 0.0264537 -0.617741 -28.1303 0.0313979 0.999503 0.00285551 -1.13529 0.61751 -0.0171516 -0.786376 300.334
-0.815892 0.0233364 -0.577731 -28.5426 0.0284567 0.999595 0.000189679 -1.13709 0.577502 -0.0162856 -0.816227 299.776
-0.842456 0.0223994 -0.538298 -28.9223 0.0291152 0.999568 -0.00397257 -1.14451 0.537977 -0.0190194 -0.842745 299.191
-0.866147 0.0183097 -0.499451 -29.2729 0.0256822 0.999639 -0.00789134 -1.15583 0.499127 -0.0196621 -0.866306 298.567
-0.887188 0.0170428 -0.461091 -29.6282 0.0247561 0.999636 -0.0106846 -1.17146 0.460742 -0.0208941 -0.887288 297.883
-0.905824 0.0168239 -0.423318 -29.9446 0.0234343 0.999671 -0.0104151 -1.18652 0.423004 -0.0193544 -0.905921 297.186
-0.92284 0.0137294 -0.384935 -30.2525 0.0192265 0.999761 -0.0104346 -1.20596 0.384701 -0.0170304 -0.922884 296.387
-0.937804 0.0152154 -0.346827 -30.5156 0.0200536 0.999745 -0.0103643 -1.22324 0.346581 -0.0166749 -0.937872 295.577
-0.951006 0.0182691 -0.308629 -30.7502 0.0220873 0.999717 -0.00888149 -1.24247 0.308379 -0.0152631 -0.951141 294.741
-0.962617 0.0222883 -0.269944 -30.9475 0.0252151 0.999655 -0.00737835 -1.26081 0.269687 -0.0139092 -0.962848 293.9
-0.972443 0.024491 -0.231847 -31.1239 0.026096 0.999652 -0.00385705 -1.27949 0.231672 -0.00980106 -0.972745 293.018
-0.980563 0.0284003 -0.194132 -31.2862 0.029202 0.999573 -0.00126747 -1.29962 0.194013 -0.00691189 -0.980975 292.093
-0.987159 0.0288908 -0.157101 -31.401 0.0293957 0.999568 -0.000889872 -1.31807 0.157007 -0.00549654 -0.987582 291.184
-0.992153 0.0276694 -0.121921 -31.5384 0.0282938 0.999594 -0.0033912 -1.34513 0.121778 -0.00681423 -0.992534 290.145
-0.995777 0.0271325 -0.0876897 -31.6347 0.027652 0.999607 -0.00471266 -1.37296 0.0875276 -0.00711757 -0.996137 289.103
-0.998087 0.0274418 -0.0553818 -31.6865 0.0276877 0.99961 -0.00367404 -1.39837 0.0552596 -0.00520042 -0.998459 288.064
-0.999402 0.0254291 -0.0233917 -31.6977 0.0254615 0.999675 -0.00107845 -1.41953 0.0233569 -0.0016734 -0.999726 287.028
-0.99968 0.0245587 0.00590203 -31.6831 0.0245526 0.999698 -0.0011408 -1.43611 -0.00592811 -0.000995537 -0.999982 285.917
-0.999179 0.0233759 0.03304 -31.645 0.0233787 0.999727 -0.000306021 -1.45162 -0.033038 0.000466657 -0.999454 284.79
-0.998077 0.0201547 0.0585942 -31.5718 0.0202923 0.999793 0.00175083 -1.46337 -0.0585467 0.00293647 -0.998281 283.665
-0.996409 0.0190381 0.0824926 -31.4726 0.0194012 0.999805 0.00360108 -1.47275 -0.0824079 0.00518861 -0.996585 282.517
-0.994518 0.0164053 0.10326 -31.3512 0.0168538 0.999852 0.00347064 -1.48297 -0.103188 0.00519193 -0.994649 281.356
-0.99267 0.0121047 0.120236 -31.2013 0.0124095 0.999922 0.00178522 -1.49432 -0.120205 0.0032642 -0.992744 280.185
-0.991157 0.00757791 0.132464 -31.0352 0.00782493 0.999969 0.00134318 -1.50541 -0.13245 0.00236783 -0.991187 278.997
-0.990016 0.00379159 0.140891 -30.8589 0.00427176 0.999986 0.00310478 -1.51433 -0.140877 0.00367564 -0.990021 277.811
-0.989421 -0.000671461 0.145061 -30.6691 2.68936e-05 0.999989 0.00481122 -1.51506 -0.145062 0.00476423 -0.989411 276.573
