1 0 0 0 0 1 0 0 0 0 1 0
0.999984 0.00106161 -0.00551316 -0.0292953 -0.00107268 0.999997 -0.00200592 0.0391518 0.00551102 0.0020118 0.999983 0.103135
0.999931 0.00203054 -0.0115762 -0.0598162 -0.00207637 0.99999 -0.00394762 0.0719493 0.0115681 0.00397138 0.999925 0.1884
0.999839 0.00342245 -0.0176227 -0.0919278 -0.00353454 0.999974 -0.00633337 0.103898 0.0176006 0.00639464 0.999825 0.265082
0.999653 0.00456744 -0.0259497 -0.120807 -0.00481069 0.999945 -0.00931924 0.129188 0.0259057 0.00944084 0.99962 0.36225
0.999307 0.0051976 -0.0368641 -0.145844 -0.00563917 0.999914 -0.0118845 0.151203 0.0367991 0.0120841 0.99925 0.476541
0.998738 0.00449094 -0.0500141 -0.172337 -0.00520963 0.999885 -0.0142485 0.166672 0.0499444 0.0144911 0.998647 0.586114
0.997818 0.00471111 -0.065855 -0.202881 -0.00571902 0.999869 -0.0151249 0.182247 0.0657751 0.0154685 0.997714 0.697671
0.996422 0.00345323 -0.0844455 -0.232075 -0.00483656 0.999857 -0.0161824 0.196486 0.0843776 0.0165329 0.996297 0.834435
0.994551 0.00310073 -0.104203 -0.265376 -0.00492406 0.999839 -0.0172451 0.209702 0.104133 0.0176643 0.994406 0.972123
0.991894 0.0035355 -0.12702 -0.306066 -0.00587228 0.99982 -0.0180272 0.219571 0.126934 0.0186269 0.991736 1.1442
0.988458 0.00758092 -0.151303 -0.35523 -0.0107528 0.999739 -0.0201563 0.225526 0.151111 0.0215506 0.988282 1.30947
0.98425 0.0119104 -0.176383 -0.425687 -0.0160867 0.999623 -0.0222666 0.231887 0.176051 0.0247533 0.98407 1.46083
0.97904 0.0151984 -0.203102 -0.503299 -0.0203728 0.999518 -0.0234105 0.23557 0.202649 0.0270576 0.978877 1.6264
0.972812 0.016297 -0.231023 -0.601837 -0.0223548 0.999471 -0.0236282 0.239264 0.230516 0.0281503 0.972661 1.7974
0.965305 0.0184174 -0.260474 -0.710244 -0.0252931 0.999414 -0.0230694 0.244167 0.259897 0.0288572 0.965205 1.96497
0.956608 0.0201115 -0.290682 -0.834386 -0.0276485 0.999379 -0.0218443 0.247323 0.290062 0.0289334 0.95657 2.1222
0.946298 0.0227422 -0.322495 -0.977553 -0.0310068 0.999309 -0.0205127 0.252116 0.321806 0.0294107 0.946349 2.26947
0.934804 0.0249387 -0.354287 -1.1264 -0.034217 0.999215 -0.0199472 0.257585 0.353512 0.0307693 0.934924 2.43242
0.922235 0.028391 -0.385586 -1.28022 -0.0386768 0.999072 -0.0189437 0.26409 0.38469 0.0323838 0.922477 2.58751
0.907417 0.0287135 -0.41925 -1.44233 -0.0400648 0.99903 -0.0182943 0.270378 0.418318 0.0333977 0.907686 2.73921
0.890714 0.0246604 -0.453894 -1.61048 -0.0370859 0.999141 -0.0184926 0.272004 0.453048 0.0333047 0.890864 2.89693
0.871687 0.0206328 -0.489629 -1.78438 -0.034071 0.999247 -0.0185487 0.273067 0.488878 0.0328507 0.871733 3.04792
0.848987 0.0217036 -0.527967 -1.9761 -0.0348618 0.99928 -0.0149805 0.275394 0.527262 0.0311241 0.849133 3.21191
0.821758 0.0273777 -0.569179 -2.18093 -0.0408803 0.999104 -0.0109641 0.274696 0.568369 0.032278 0.822141 3.37248
0.791197 0.030928 -0.610779 -2.39703 -0.0452096 0.998946 -0.00798045 0.272732 0.609888 0.0339272 0.791761 3.52668
0.757672 0.0307261 -0.651912 -2.62614 -0.0461656 0.998912 -0.00657398 0.273568 0.651001 0.0350768 0.758266 3.68836
0.720892 0.0262644 -0.69255 -2.86548 -0.0405779 0.999167 -0.00434586 0.278609 0.691859 0.0312352 0.721357 3.84418
0.680895 0.0224484 -0.732037 -3.11273 -0.0362006 0.99934 -0.00302613 0.283677 0.731486 0.0285607 0.681258 3.98955
0.638343 0.0212904 -0.769458 -3.38374 -0.033683 0.999433 -0.000289814 0.287704 0.769015 0.0261027 0.638698 4.13615
0.592476 0.0219689 -0.805289 -3.66276 -0.0327823 0.999458 0.00314699 0.292309 0.804921 0.0245347 0.592874 4.26684
0.543227 0.0217334 -0.839304 -3.95807 -0.0315751 0.999487 0.00544471 0.300895 0.838991 0.0235434 0.543634 4.39091
0.491939 0.0226522 -0.870335 -4.26486 -0.0316258 0.999467 0.00813727 0.311287 0.870055 0.023522 0.492393 4.49687
0.439543 0.0248672 -0.897877 -4.58613 -0.0325689 0.999401 0.0117353 0.324183 0.897631 0.0240848 0.440089 4.59906
0.385403 0.0262158 -0.922376 -4.91202 -0.0325707 0.99936 0.0147946 0.33678 0.922173 0.0243406 0.38601 4.68171
0.331458 0.0288274 -0.94303 -5.2414 -0.0310847 0.999324 0.0196226 0.350475 0.942958 0.0228098 0.33213 4.74529
0.279101 0.0299162 -0.959796 -5.58683 -0.0280566 0.999342 0.0229901 0.368016 0.959852 0.020512 0.279757 4.79652
0.229168 0.0298793 -0.972928 -5.9421 -0.0274093 0.999331 0.024234 0.382895 0.973001 0.0211136 0.229834 4.83311
0.181803 0.0305776 -0.982859 -6.32432 -0.0311774 0.999193 0.0253187 0.396177 0.98284 0.02604 0.18261 4.85912
0.139723 0.0311502 -0.989701 -6.70772 -0.0338029 0.999073 0.026673 0.409925 0.989613 0.0297279 0.140647 4.86964
0.101788 0.0298106 -0.994359 -7.10899 -0.0362661 0.998998 0.0262373 0.423546 0.994145 0.0333909 0.102767 4.87073
0.067312 0.0268585 -0.99737 -7.52645 -0.0349361 0.999088 0.024547 0.437777 0.99712 0.0331919 0.068189 4.86707
0.0354527 0.0240636 -0.999082 -7.94373 -0.0339488 0.999162 0.0228608 0.45131 0.998794 0.0331071 0.03624 4.85043
0.00864456 0.0222814 -0.999714 -8.36122 -0.0354119 0.999132 0.0219622 0.465114 0.999335 0.0352119 0.00942617 4.82214
-0.0122035 0.01949 -0.999736 -8.81458 -0.0360951 0.99915 0.0199192 0.479719 0.999274 0.0363286 -0.0114895 4.79148
-0.0281025 0.0184691 -0.999434 -9.2885 -0.035639 0.999175 0.0194665 0.494979 0.998969 0.0361659 -0.027421 4.75302
-0.0408453 0.0185588 -0.998993 -9.79009 -0.0349156 0.99919 0.0199901 0.510749 0.998555 0.0356969 -0.0401641 4.71225
-0.0504392 0.0196797 -0.998533 -10.292 -0.0369301 0.999085 0.0215561 0.527184 0.998044 0.0379632 -0.0496661 4.66697
-0.0567698 0.0203658 -0.99818 -10.8165 -0.0381289 0.999018 0.0225514 0.542667 0.997659 0.0393397 -0.0559374 4.62098
-0.0609491 0.0207793 -0.997925 -11.366 -0.0384701 0.998992 0.0231511 0.556629 0.997399 0.0398012 -0.0600881 4.57473
-0.0627304 0.0211837 -0.997806 -11.9156 -0.036172 0.99907 0.0234846 0.570388 0.997375 0.0375658 -0.0619056 4.5275
-0.0611432 0.0230464 -0.997863 -12.5076 -0.0346483 0.999082 0.0251976 0.586647 0.997527 0.0361149 -0.0602884 4.4811
-0.059135 0.0243428 -0.997953 -13.1365 -0.0349697 0.999039 0.0264415 0.605955 0.997637 0.0364617 -0.0582267 4.43394
-0.0580533 0.0237414 -0.998031 -13.7833 -0.0366792 0.998991 0.0258978 0.622598 0.997639 0.0381104 -0.0571238 4.39173
-0.0570145 0.0206672 -0.998159 -14.4731 -0.0371814 0.999048 0.0228094 0.638978 0.99768 0.0384134 -0.0561917 4.35349
-0.0565232 0.020378 -0.998193 -15.1503 -0.036814 0.999069 0.0224805 0.651675 0.997722 0.0380182 -0.0557202 4.31989
-0.0546846 0.0227962 -0.998243 -15.8489 -0.0355816 0.99906 0.0247641 0.663331 0.997869 0.0368733 -0.0538219 4.27982
-0.0529495 0.0261678 -0.998254 -16.56 -0.0347674 0.999002 0.0280316 0.67553 0.997992 0.036191 -0.0519867 4.23626
-0.0515616 0.0267947 -0.99831 -17.2907 -0.0344183 0.998998 0.0285909 0.692246 0.998076 0.0358343 -0.0505876 4.19386
-0.0500324 0.0260583 -0.998408 -18.03 -0.0367229 0.998936 0.0279123 0.696988 0.998072 0.0380609 -0.0490221 4.15695
-0.0489721 0.0232984 -0.998528 -18.7694 -0.0393332 0.998908 0.0252363 0.699612 0.998025 0.0405111 -0.0480021 4.12081
-0.0476753 0.0232576 -0.998592 -19.5361 -0.0406542 0.998855 0.0252047 0.704275 0.998035 0.0417986 -0.0466751 4.08352
-0.0462651 0.0250629 -0.998615 -20.2988 -0.0355665 0.99901 0.0267206 0.708246 0.998295 0.0367535 -0.0453277 4.04887
-0.0454769 0.0273333 -0.998591 -21.0865 -0.0341295 0.999 0.0288987 0.717591 0.998382 0.0353956 -0.0444984 4.01537
-0.0447367 0.0289501 -0.998579 -21.8943 -0.0327412 0.999001 0.0304291 0.728155 0.998462 0.034056 -0.043744 3.98627
-0.0444269 0.0240114 -0.998724 -22.706 -0.0331298 0.999126 0.0254948 0.735118 0.998463 0.0342201 -0.0435925 3.95553
-0.0441433 0.0168099 -0.998884 -23.5168 -0.0314394 0.99934 0.018207 0.735623 0.99853 0.032208 -0.0435855 3.9249
-0.0448638 0.0124037 -0.998916 -24.3269 -0.0249758 0.999596 0.0135338 0.735309 0.99868 0.0255559 -0.0445358 3.89822
-0.0453468 0.0136932 -0.998877 -25.1419 -0.0245217 0.99959 0.0148161 0.737168 0.99867 0.025166 -0.0449923 3.86616
-0.0449923 0.0205568 -0.998776 -25.9564 -0.023365 0.999493 0.0216241 0.745138 0.998714 0.0243093 -0.0444891 3.83468
-0.0461027 0.0268968 -0.998574 -26.7873 -0.023518 0.999331 0.028003 0.759026 0.998659 0.0247755 -0.0454392 3.80373
-0.0475667 0.0313387 -0.998376 -27.6062 -0.0243189 0.999175 0.0325224 0.773373 0.998572 0.0258264 -0.0467653 3.77865
-0.0487388 0.0311858 -0.998325 -28.4505 -0.0245434 0.999173 0.0324106 0.786477 0.99851 0.0260819 -0.047933 3.73733
-0.0493297 0.0279408 -0.998392 -29.3029 -0.022938 0.999313 0.0291 0.797984 0.998519 0.0243366 -0.0486548 3.69156
-0.0500495 0.0255074 -0.998421 -30.1432 -0.0241508 0.999351 0.0267418 0.807964 0.998454 0.0254511 -0.0494009 3.6483
-0.0508531 0.0262656 -0.998361 -30.978 -0.0227485 0.999364 0.0274508 0.820424 0.998447 0.0241071 -0.0502232 3.60284
-0.0511646 0.0282958 -0.998289 -31.8094 -0.0228818 0.999303 0.0294973 0.831061 0.998428 0.0243519 -0.0504814 3.55852
-0.0512678 0.0259471 -0.998348 -32.6417 -0.0250367 0.999315 0.0272579 0.840493 0.998371 0.0263927 -0.0505829 3.51331
-0.0512033 0.0210433 -0.998466 -33.473 -0.0269157 0.999386 0.0224429 0.845632 0.998325 0.0280236 -0.0506053 3.46791
-0.0512439 0.0175095 -0.998533 -34.3109 -0.0285897 0.999411 0.0189921 0.848141 0.998276 0.0295209 -0.050713 3.41606
-0.0506212 0.0183499 -0.998549 -35.1389 -0.0286648 0.999393 0.0198186 0.851136 0.998306 0.0296264 -0.0500643 3.36684
-0.0506351 0.0200344 -0.998516 -35.9719 -0.0234353 0.9995 0.0212425 0.851461 0.998442 0.0244761 -0.0501401 3.32116
-0.0503222 0.0245896 -0.99843 -36.7987 -0.0229544 0.999404 0.0257705 0.852558 0.998469 0.0242152 -0.0497277 3.2727
-0.0496652 0.0305249 -0.998299 -37.6359 -0.0209963 0.99928 0.0315994 0.855176 0.998545 0.02253 -0.0489884 3.22475
-0.0499146 0.0332444 -0.9982 -38.4703 -0.0177106 0.999259 0.0341653 0.85634 0.998596 0.0193841 -0.0492887 3.17627
-0.0498002 0.0334615 -0.998199 -39.3106 -0.015926 0.999285 0.0342925 0.856177 0.998632 0.0176051 -0.0492315 3.12663
-0.0495893 0.0298062 -0.998325 -40.1252 -0.015622 0.999409 0.0306146 0.851955 0.998647 0.0171139 -0.0490943 3.08805
-0.0497005 0.0260278 -0.998425 -40.962 -0.0161918 0.999508 0.0268621 0.84594 0.998632 0.0175013 -0.0492545 3.04422
-0.0501381 0.0240356 -0.998453 -41.7816 -0.0214862 0.999453 0.0251386 0.838681 0.99851 0.0227134 -0.0495941 3.00978
-0.0516815 0.0238637 -0.998378 -42.6208 -0.0250467 0.999369 0.0251839 0.831927 0.998349 0.0263076 -0.051051 2.97123
-0.0532216 0.0223632 -0.998332 -43.4392 -0.0226675 0.999465 0.0235969 0.823226 0.998325 0.0238855 -0.0526861 2.93842
-0.0553707 0.0196928 -0.998272 -44.2626 -0.0188687 0.999606 0.0207657 0.813497 0.998287 0.0199859 -0.0549771 2.90513
-0.0571564 0.0196583 -0.998172 -45.0953 -0.0151797 0.999674 0.0205571 0.804242 0.998249 0.0163269 -0.0568392 2.86861
-0.060395 0.0228301 -0.997913 -45.9281 -0.0122742 0.999646 0.0236126 0.797831 0.998098 0.0136746 -0.0600932 2.82907
-0.0622211 0.0280472 -0.997668 -46.7484 -0.0103317 0.999534 0.028744 0.800066 0.998008 0.012096 -0.0619021 2.78224
-0.0644921 0.0311524 -0.997432 -47.5544 -0.00793408 0.999465 0.0317289 0.803897 0.997886 0.00995996 -0.0642103 2.73152
-0.0661486 0.0304308 -0.997346 -48.381 -0.00723105 0.999494 0.030976 0.806608 0.997783 0.00926086 -0.065895 2.66898
-0.067391 0.0263596 -0.997378 -49.1873 -0.0097379 0.999586 0.0270759 0.81059 0.997678 0.011537 -0.0671063 2.59975
-0.0688066 0.0237637 -0.997347 -49.9899 -0.0141983 0.999592 0.0247967 0.813445 0.997528 0.0158668 -0.068441 2.52794
-0.0708898 0.0223855 -0.997233 -50.7874 -0.0184801 0.999547 0.0237511 0.818628 0.997312 0.0201127 -0.0704439 2.46276
-0.0725342 0.0231648 -0.997097 -51.5849 -0.018289 0.999532 0.0245518 0.824579 0.997197 0.0200167 -0.0720764 2.3959
-0.073044 0.0250672 -0.997013 -52.3867 -0.0191891 0.999464 0.0265347 0.831814 0.997143 0.02107 -0.0725237 2.32203
-0.0744803 0.0235157 -0.996945 -53.1814 -0.0166294 0.999554 0.0248196 0.837055 0.997083 0.0184272 -0.0740559 2.24819
-0.0742309 0.0230659 -0.996974 -53.9689 -0.0172773 0.999553 0.0244119 0.843378 0.997091 0.0190371 -0.073799 2.17388
-0.0746862 0.0244704 -0.996907 -54.7351 -0.0154193 0.999551 0.0256905 0.844687 0.997087 0.0172903 -0.0742752 2.12181
-0.0759783 0.0276214 -0.996727 -55.5005 -0.0149084 0.999473 0.0288339 0.848327 0.996997 0.0170503 -0.0755263 2.06775
-0.0772299 0.0315082 -0.996515 -56.2687 -0.0148082 0.999354 0.0327456 0.854279 0.996902 0.0172855 -0.0767133 2.012
-0.0784054 0.0339615 -0.996343 -57.0368 -0.0149118 0.999268 0.0352346 0.862047 0.996809 0.0176198 -0.0778414 1.95534
-0.0800479 0.0338377 -0.996216 -57.8006 -0.0141542 0.999285 0.0350792 0.869247 0.99669 0.0169086 -0.0795115 1.89831
-0.0812952 0.0319874 -0.996176 -58.5536 -0.0127265 0.99937 0.0331285 0.876174 0.996608 0.015371 -0.0808367 1.84142
-0.0823587 0.0287253 -0.996188 -59.3017 -0.0117996 0.999487 0.0297959 0.881578 0.996532 0.0142086 -0.0819772 1.78302
-0.0829814 0.0255799 -0.996222 -60.0506 -0.011497 0.99958 0.0266238 0.884502 0.996484 0.0136628 -0.0826523 1.72351
-0.0824834 0.023028 -0.996326 -60.8005 -0.0100714 0.999663 0.0239389 0.88544 0.996541 0.012009 -0.0822235 1.66401
-0.0810496 0.0219017 -0.996469 -61.5054 -0.0117367 0.999669 0.0229267 0.893138 0.99664 0.0135535 -0.0807655 1.60315
-0.0779036 0.0214371 -0.99673 -62.2074 -0.00946277 0.999708 0.0222407 0.900915 0.996915 0.0111644 -0.0776778 1.54301
-0.0727423 0.02165 -0.997115 -62.881 -0.00628321 0.999735 0.0221652 0.904454 0.99733 0.00787743 -0.0725868 1.49882
-0.0671922 0.0215625 -0.997507 -63.521 -0.000955184 0.999765 0.0216756 0.906704 0.997739 0.00240923 -0.0671557 1.46082
-0.0584871 0.0224353 -0.998036 -64.1123 -0.000920081 0.999746 0.0225276 0.907025 0.998287 0.00223585 -0.0584514 1.41492
-0.0488998 0.0227282 -0.998545 -64.697 -0.00136938 0.999739 0.0228224 0.915823 0.998802 0.0024834 -0.0488558 1.40601
-0.035563 0.0238115 -0.999083 -65.3187 -0.00339233 0.999708 0.0239471 0.924549 0.999361 0.00424085 -0.0354717 1.39944
-0.0176751 0.024364 -0.999547 -65.8991 -0.00392856 0.999694 0.0244371 0.932026 0.999835 0.0043587 -0.0175739 1.40181
0.0035199 0.0247218 -0.999688 -66.4713 -0.00386211 0.999687 0.0247081 0.93817 0.999985 0.00377393 0.00361438 1.41965
0.0284356 0.0245829 -0.999293 -66.9925 -0.00146704 0.999698 0.0245511 0.939892 0.999594 0.000767882 0.0284631 1.45097
0.0573058 0.0237459 -0.998074 -67.5242 0.00134896 0.999715 0.0238624 0.944959 0.998355 -0.00271381 0.0572575 1.50486
0.0909453 0.0236316 -0.995575 -68.0344 0.00384961 0.999703 0.0240813 0.946031 0.995847 -0.00602265 0.0908274 1.57606
0.128093 0.0242503 -0.991465 -68.5053 0.00444433 0.999677 0.0250253 0.947196 0.991751 -0.00761195 0.127943 1.67052
0.168197 0.0240583 -0.985459 -68.9803 0.00563628 0.999663 0.025367 0.948012 0.985736 -0.00982097 0.168005 1.79365
0.21278 0.0248676 -0.976783 -69.4491 0.00799482 0.999599 0.02719 0.950059 0.977066 -0.0135947 0.212496 1.93834
0.260562 0.0231902 -0.965178 -69.8975 0.0119233 0.999558 0.0272351 0.953215 0.965383 -0.0186045 0.26017 2.10784
0.310101 0.0179317 -0.950534 -70.3366 0.0202724 0.99947 0.0254685 0.955832 0.950486 -0.0271674 0.309574 2.30102
0.361018 0.0127101 -0.932472 -70.7614 0.0259254 0.999384 0.0236595 0.95679 0.932197 -0.0327162 0.360466 2.51754
0.412554 0.00823993 -0.910896 -71.169 0.0310886 0.99925 0.0231195 0.95915 0.910401 -0.0378565 0.411988 2.75682
0.46259 0.00776624 -0.886538 -71.5782 0.0319114 0.999168 0.0254041 0.964117 0.885997 -0.0400423 0.461957 3.02317
0.509905 0.00709123 -0.860201 -71.9724 0.0328539 0.999076 0.0277109 0.970076 0.859602 -0.0423908 0.5092 3.31111
0.554619 0.00317482 -0.832098 -72.3254 0.0400618 0.998731 0.030513 0.975261 0.831138 -0.0502584 0.553788 3.60631
0.598018 -0.00296716 -0.801477 -72.6363 0.0500622 0.998179 0.0336582 0.976597 0.799917 -0.0602518 0.597077 3.91287
0.639695 -0.00773535 -0.76859 -72.9438 0.0517438 0.998115 0.0330208 0.978151 0.766884 -0.0608929 0.638888 4.24321
0.679668 -0.0115308 -0.733429 -73.2448 0.0484585 0.998398 0.0292099 0.97384 0.731916 -0.0553939 0.679138 4.59068
0.719272 -0.0175886 -0.694506 -73.5261 0.0444985 0.998793 0.0207904 0.965462 0.693301 -0.0458584 0.719186 4.95477
0.758075 -0.0173105 -0.651938 -73.7991 0.0367135 0.999196 0.0161595 0.953041 0.651133 -0.036185 0.758099 5.33815
0.795092 -0.0152045 -0.606298 -74.039 0.0316399 0.999365 0.0164305 0.940909 0.605662 -0.0322469 0.795067 5.73314
0.829466 -0.0158095 -0.558334 -74.2528 0.030373 0.999397 0.0168239 0.930995 0.55773 -0.030913 0.829445 6.14523
0.860211 -0.0142625 -0.509738 -74.472 0.0264134 0.999514 0.0166076 0.925844 0.509252 -0.0277499 0.860168 6.60022
0.886157 -0.0131006 -0.4632 -74.6614 0.0248893 0.999503 0.0193474 0.923073 0.462716 -0.0286735 0.886042 7.06689
0.907137 -0.00736026 -0.42077 -74.8414 0.0181033 0.999604 0.0215433 0.923474 0.420444 -0.02716 0.90691 7.56591
0.924606 -0.000218751 -0.380925 -75.0075 0.00882148 0.999744 0.0208379 0.924503 0.380823 -0.0226271 0.92437 8.10248
0.937785 0.00383499 -0.347196 -75.16 0.00445461 0.999724 0.0230745 0.927068 0.347188 -0.0231855 0.937508 8.6513
0.947676 0.0040185 -0.319209 -75.3075 0.00443179 0.999659 0.0257418 0.930776 0.319203 -0.0258095 0.947334 9.2113
0.954849 0.00301142 -0.297075 -75.4399 0.00549944 0.999599 0.0278088 0.937272 0.297039 -0.028187 0.954448 9.80586
0.960573 0.00430962 -0.277993 -75.5837 0.00425315 0.999536 0.0301916 0.942084 0.277993 -0.0301836 0.960108 10.3765
0.965097 0.0061048 -0.261821 -75.7213 0.002789 0.999432 0.0335838 0.94872 0.261877 -0.0331418 0.964531 10.9896
0.968531 0.00991743 -0.248695 -75.8585 -0.00103592 0.999358 0.0358179 0.957551 0.24889 -0.0344331 0.967918 11.6205
0.971364 0.0134624 -0.237213 -75.9961 -0.00467418 0.999283 0.0375713 0.970085 0.237549 -0.0353866 0.97073 12.2724
0.974287 0.0123999 -0.224969 -76.1298 -0.00402443 0.999283 0.0376497 0.982808 0.225274 -0.0357762 0.973637 12.9108
0.97713 0.0121814 -0.212291 -76.2598 -0.00433146 0.999291 0.0374031 0.998867 0.212596 -0.0356281 0.976489 13.566
0.979824 0.0121606 -0.199493 -76.3811 -0.00458761 0.999253 0.0383794 1.0181 0.19981 -0.0366898 0.979146 14.2633
0.98234 0.0143105 -0.186556 -76.4975 -0.00715969 0.999216 0.0389483 1.03829 0.186967 -0.0369248 0.981671 14.9667
0.984486 0.0144856 -0.174866 -76.6058 -0.00832292 0.99932 0.035924 1.05586 0.175267 -0.0339112 0.983936 15.6712
0.98626 0.0145296 -0.16456 -76.7228 -0.00959693 0.999482 0.0307301 1.07145 0.164921 -0.0287285 0.985887 16.4109
0.987859 0.01209 -0.154881 -76.831 -0.00833479 0.999656 0.0248721 1.08674 0.155128 -0.0232792 0.987619 17.1421
0.989002 0.0123949 -0.147381 -76.9339 -0.0088252 0.999653 0.02485 1.10245 0.147638 -0.0232761 0.988767 17.8808
0.989903 0.0148816 -0.140965 -77.0374 -0.0106873 0.999479 0.0304645 1.12216 0.141344 -0.0286504 0.989545 18.6364
0.990442 0.0201158 -0.136457 -77.1376 -0.0150707 0.999168 0.0379045 1.14547 0.137105 -0.0354857 0.98992 19.3881
0.990868 0.0211386 -0.133167 -77.2348 -0.0157894 0.999031 0.0410979 1.16816 0.133906 -0.0386199 0.99024 20.1604
0.991242 0.0195066 -0.130609 -77.3243 -0.0144242 0.999106 0.0397464 1.18805 0.131268 -0.0375144 0.990636 20.9187
0.991556 0.0186531 -0.128328 -77.4121 -0.0137615 0.999149 0.0388989 1.20767 0.128944 -0.0368045 0.990968 21.6804
0.991899 0.0177976 -0.125777 -77.5014 -0.0127871 0.999097 0.0405318 1.22775 0.126385 -0.0385951 0.991229 22.4367
0.992139 0.0178832 -0.123857 -77.5889 -0.0127617 0.999036 0.0420202 1.24774 0.124489 -0.0401092 0.991409 23.1942
0.992512 0.0161038 -0.12108 -77.6741 -0.0109482 0.99901 0.043125 1.26855 0.121654 -0.0414764 0.991705 23.952
0.992739 0.0159449 -0.119229 -77.7563 -0.0113369 0.999166 0.0392266 1.28518 0.119754 -0.0375901 0.992091 24.7104
0.992781 0.0198941 -0.118278 -77.8426 -0.0162461 0.999365 0.0317269 1.29709 0.118834 -0.0295763 0.992472 25.4663
0.99285 0.0209853 -0.117505 -77.929 -0.0182941 0.999546 0.0239342 1.30361 0.117954 -0.0216134 0.992783 26.2222
0.992912 0.0219564 -0.116808 -78.0191 -0.0197122 0.999599 0.0203329 1.30727 0.117207 -0.0178863 0.992945 26.9951
0.993119 0.0222782 -0.114969 -78.1066 -0.019827 0.999552 0.0224203 1.31342 0.115417 -0.0199865 0.993115 27.7554
0.993182 0.0239351 -0.114091 -78.1883 -0.0210356 0.999426 0.0265509 1.32076 0.114661 -0.0239699 0.993114 28.5054
0.993205 0.0291787 -0.11266 -78.2707 -0.0258556 0.99919 0.0308458 1.33236 0.113469 -0.0277233 0.993154 29.2683
0.993465 0.026257 -0.111076 -78.3549 -0.0228615 0.999235 0.031733 1.34444 0.111824 -0.0289862 0.993304 30.0258
0.993571 0.0232274 -0.110802 -78.4313 -0.0198931 0.999318 0.0311034 1.35412 0.111449 -0.0286992 0.993354 30.7474
0.99364 0.0215358 -0.110525 -78.5075 -0.0182538 0.999365 0.0306206 1.36445 0.111114 -0.0284084 0.9934 31.507
0.993736 0.0210756 -0.109749 -78.6102 -0.0180466 0.99943 0.0285196 1.38079 0.110288 -0.0263603 0.993549 32.2748
0.993943 0.0173147 -0.108523 -78.7178 -0.0144827 0.999535 0.0268305 1.39702 0.108937 -0.0250963 0.993731 33.0155
0.994132 0.0175839 -0.106732 -78.8191 -0.01484 0.99954 0.0264475 1.41461 0.107147 -0.0247084 0.993935 33.7843
0.994209 0.0190087 -0.105765 -78.9146 -0.0161992 0.999495 0.0273599 1.4331 0.106232 -0.0254881 0.994013 34.5569
0.994228 0.0204604 -0.105315 -79.009 -0.0178637 0.999514 0.0255407 1.45263 0.105786 -0.023512 0.99411 35.3267
0.994099 0.0202186 -0.106572 -79.1054 -0.0177044 0.999544 0.024485 1.47468 0.107018 -0.0224537 0.994002 36.0815
0.993956 0.0195966 -0.108014 -79.2022 -0.0171067 0.999567 0.0239302 1.49624 0.108436 -0.0219378 0.99386 36.8364
0.993579 0.0209137 -0.111188 -79.2972 -0.0184565 0.999563 0.0230826 1.50887 0.111622 -0.0208822 0.99353 37.6218
0.993089 0.0261522 -0.114407 -79.3935 -0.0238305 0.999483 0.0216141 1.5202 0.114913 -0.0187383 0.993198 38.4009
0.99262 0.0251765 -0.118622 -79.4958 -0.0233577 0.999588 0.0166982 1.52657 0.118993 -0.0138042 0.992798 39.1797
0.99234 0.0225089 -0.121471 -79.6005 -0.0209831 0.999684 0.0138257 1.53231 0.121744 -0.011171 0.992497 39.9554
0.992099 0.0210799 -0.123669 -79.704 -0.0196856 0.999728 0.0124854 1.53637 0.123898 -0.00995232 0.992244 40.7483
0.991804 0.0202491 -0.126153 -79.818 -0.0186287 0.999728 0.014011 1.53862 0.126402 -0.0115461 0.991911 41.5788
0.991488 0.0194231 -0.128738 -79.9212 -0.0177281 0.999741 0.0142985 1.54115 0.128982 -0.0118945 0.991574 42.4207
0.991291 0.0181975 -0.130422 -80.0404 -0.0162837 0.999744 0.0157251 1.54808 0.130675 -0.0134644 0.991333 43.2541
0.991186 0.0164318 -0.131456 -80.1596 -0.014081 0.999724 0.0187924 1.55747 0.131728 -0.0167757 0.991143 44.0874
0.991 0.0162122 -0.132874 -80.2788 -0.0132284 0.999641 0.0233076 1.57065 0.133204 -0.0213401 0.990858 44.9309
0.991017 0.0171333 -0.13263 -80.3861 -0.0140212 0.999605 0.0243633 1.58376 0.132995 -0.0222848 0.990865 45.778
0.991113 0.0196522 -0.131558 -80.4955 -0.0165889 0.999566 0.0243402 1.59629 0.131979 -0.0219415 0.991008 46.6343
0.991348 0.017695 -0.13006 -80.6081 -0.0147729 0.999617 0.0233976 1.60961 0.130424 -0.0212738 0.991229 47.4825
0.991549 0.0155896 -0.128788 -80.715 -0.0130645 0.999706 0.0204283 1.62221 0.129068 -0.0185731 0.991461 48.34
0.99177 0.0134796 -0.127318 -80.8213 -0.0112544 0.999771 0.0181809 1.63262 0.127534 -0.0165984 0.991694 49.2003
0.991952 0.0113227 -0.126102 -80.9279 -0.00907308 0.99979 0.0183995 1.64205 0.126283 -0.0171073 0.991845 50.0652
0.99207 0.00833543 -0.125406 -81.0431 -0.00574589 0.999763 0.0209964 1.65211 0.125551 -0.0201094 0.991882 50.9316
0.992213 0.00634255 -0.124385 -81.1589 -0.00347575 0.999724 0.0232509 1.66146 0.124498 -0.0226375 0.99196 51.7885
0.992336 0.00520636 -0.123456 -81.2725 -0.00232506 0.999722 0.0234711 1.67076 0.123543 -0.0230041 0.992071 52.6493
0.992396 0.00586762 -0.122941 -81.3823 -0.00339444 0.999788 0.0203164 1.67593 0.123034 -0.0197446 0.992205 53.5341
0.992516 0.00867868 -0.1218 -81.5056 -0.0070079 0.999876 0.0141388 1.67549 0.121907 -0.0131794 0.992453 54.397
0.992665 0.0108211 -0.120407 -81.6307 -0.00991115 0.999918 0.0081529 1.67377 0.120485 -0.00689974 0.99269 55.2365
0.992725 0.0155734 -0.11939 -81.7486 -0.0154636 0.999879 0.00184602 1.6702 0.119404 1.35767e-05 0.992844 56.1066
0.992955 0.0151086 -0.117526 -81.8701 -0.0151455 0.999885 0.000579071 1.66716 0.117521 0.00120497 0.993068 56.939
0.993165 0.0130334 -0.115987 -81.9912 -0.0123742 0.999903 0.00640115 1.66393 0.116058 -0.00492218 0.993229 57.8113
0.993251 0.0132801 -0.115218 -82.1143 -0.0117209 0.999831 0.0141997 1.66701 0.115387 -0.0127534 0.993237 58.6974
0.993246 0.012992 -0.115293 -82.2347 -0.0107558 0.999742 0.0199965 1.67639 0.115523 -0.0186214 0.993129 59.5314
0.993036 0.012843 -0.117104 -82.3447 -0.0109893 0.999804 0.0164614 1.68126 0.117292 -0.0150598 0.992982 60.359
0.992987 0.0075797 -0.117981 -82.457 -0.00618944 0.999907 0.0121455 1.68081 0.118062 -0.0113301 0.99294 61.1956
0.992679 0.00537046 -0.120665 -82.5679 -0.00420107 0.999942 0.0099432 1.67671 0.120711 -0.00936349 0.992642 62.0278
0.992291 0.00617528 -0.123775 -82.6824 -0.00538464 0.999963 0.00672094 1.66775 0.123811 -0.00600267 0.992286 62.8509
0.991862 0.00683582 -0.127129 -82.7974 -0.00642221 0.999973 0.0036628 1.65528 0.12715 -0.00281656 0.991878 63.695
0.991458 0.00840063 -0.130155 -82.9227 -0.00841619 0.999965 0.000430247 1.64352 0.130154 0.000668813 0.991492 64.5199
0.990995 0.00972695 -0.13354 -83.0406 -0.0102448 0.999942 -0.00319175 1.63424 0.133501 0.00453107 0.991037 65.3171
0.990376 0.0167554 -0.137385 -83.1625 -0.0175193 0.999837 -0.00435298 1.62157 0.13729 0.00671795 0.990507 66.1038
0.989954 0.0193359 -0.140061 -83.3039 -0.0199926 0.999795 -0.00328322 1.61713 0.139969 0.00605039 0.990136 66.9073
0.989402 0.0219459 -0.143529 -83.4368 -0.0219742 0.999758 0.00138801 1.61488 0.143524 0.00178061 0.989644 67.722
0.988798 0.0236495 -0.147371 -83.576 -0.0229956 0.999717 0.00613934 1.60997 0.147475 -0.0026817 0.989061 68.5074
0.988165 0.0234563 -0.151588 -83.7131 -0.0223555 0.99971 0.0089619 1.60726 0.151754 -0.00546704 0.988402 69.3099
0.987277 0.0223162 -0.157435 -83.8548 -0.0211606 0.999735 0.00901287 1.61107 0.157594 -0.00556681 0.987487 70.0971
0.986469 0.0212177 -0.162565 -83.9971 -0.0196278 0.999743 0.0113798 1.62389 0.162765 -0.00803501 0.986631 70.8755
0.985477 0.0206445 -0.168546 -84.1442 -0.0192945 0.999767 0.00964342 1.6348 0.168705 -0.0062514 0.985645 71.6532
0.984216 0.0273917 -0.174835 -84.2963 -0.0265432 0.999622 0.00718944 1.64322 0.174966 -0.00243531 0.98457 72.428
0.983143 0.0291292 -0.1805 -84.4545 -0.0293653 0.999568 0.00136446 1.65327 0.180462 0.00395894 0.983573 73.1962
0.982157 0.0284555 -0.185897 -84.6184 -0.0295022 0.999561 -0.00286623 1.65605 0.185733 0.0082994 0.982564 73.9517
0.981198 0.0288414 -0.190834 -84.7857 -0.0305531 0.999515 -0.00603265 1.65477 0.190567 0.0117497 0.981603 74.7094
0.980342 0.0309008 -0.194871 -84.9554 -0.0319101 0.999489 -0.00204176 1.6565 0.194708 0.00821995 0.980825 75.4663
0.979192 0.0329498 -0.200244 -85.1292 -0.0335513 0.999437 0.000389688 1.66 0.200144 0.00633682 0.979745 76.2223
0.97802 0.0336129 -0.205782 -85.3095 -0.0341794 0.999415 0.000802217 1.6609 0.205689 0.00624889 0.978596 76.9698
0.97672 0.0325237 -0.212035 -85.494 -0.0341071 0.999411 -0.00381351 1.65705 0.211786 0.0109566 0.977253 77.7185
0.975069 0.0330115 -0.219432 -85.682 -0.0362321 0.999287 -0.0106679 1.6469 0.218923 0.0183524 0.975568 78.4656
0.973174 0.029892 -0.22812 -85.8739 -0.0336824 0.999351 -0.0127399 1.63595 0.227591 0.0200818 0.973548 79.2163
0.970988 0.0269251 -0.237607 -86.0871 -0.0305366 0.999467 -0.0115316 1.63297 0.237169 0.0184527 0.971292 79.9185
0.968523 0.0286828 -0.247264 -86.3054 -0.0310717 0.999501 -0.0057639 1.626 0.246975 0.0132653 0.96893 80.6361
0.965704 0.0298969 -0.257917 -86.5319 -0.0307206 0.999528 0.000836228 1.62389 0.25782 0.00711579 0.966165 81.3487
0.963044 0.0286606 -0.267814 -86.7661 -0.0288387 0.999579 0.0032693 1.61367 0.267795 0.00457488 0.963464 82.0728
0.959946 0.0326302 -0.278277 -87.0065 -0.0345128 0.999403 -0.00186806 1.59733 0.278049 0.0113973 0.960498 82.8001
0.956764 0.0327402 -0.289018 -87.2534 -0.0372411 0.999255 -0.0100865 1.5748 0.288472 0.0204136 0.957269 83.5244
0.953426 0.0302877 -0.300102 -87.506 -0.0361514 0.999248 -0.0140046 1.55373 0.299452 0.0242014 0.953803 84.2301
0.949878 0.0291144 -0.311262 -87.7629 -0.0337515 0.999385 -0.00952041 1.53742 0.310793 0.0195487 0.950275 84.9345
0.946318 0.0296273 -0.321876 -88.0291 -0.0322839 0.999475 -0.00291774 1.52443 0.32162 0.0131525 0.946776 85.6376
0.942437 0.0300899 -0.333026 -88.3006 -0.0313297 0.999508 0.0016478 1.51424 0.332912 0.00888063 0.942915 86.3417
0.938466 0.0280034 -0.344235 -88.5867 -0.0299025 0.999553 -0.000208199 1.49884 0.344075 0.0104888 0.938882 87.0418
0.934679 0.0257912 -0.354556 -88.8795 -0.0293794 0.999557 -0.00474016 1.48089 0.354276 0.0148471 0.935022 87.7352
0.931769 0.0227483 -0.362337 -89.1767 -0.0286842 0.999528 -0.0110105 1.45831 0.361915 0.0206525 0.931981 88.4225
0.929286 0.01776 -0.368934 -89.4764 -0.0256226 0.999537 -0.016423 1.43237 0.368471 0.0247147 0.929309 89.118
0.926691 0.0176958 -0.375407 -89.7829 -0.0262727 0.999498 -0.0177403 1.41177 0.374904 0.0263027 0.926689 89.7888
0.92344 0.0208683 -0.383173 -90.096 -0.0299621 0.999393 -0.0177793 1.38931 0.382569 0.0278988 0.923504 90.49
0.920421 0.0246001 -0.390154 -90.4148 -0.0335615 0.999306 -0.0161673 1.3664 0.389485 0.0279748 0.920607 91.1841
0.917224 0.0253748 -0.397562 -90.7342 -0.0318263 0.999447 -0.0096365 1.35268 0.397097 0.0214917 0.917524 91.8955
0.914389 0.0307426 -0.403668 -91.056 -0.034738 0.999393 -0.00257675 1.3441 0.403344 0.0163787 0.914901 92.5874
0.911174 0.0385858 -0.41021 -91.3838 -0.0404361 0.999174 0.00416752 1.34057 0.410032 0.0127899 0.91198 93.2763
0.907829 0.0478811 -0.416598 -91.7169 -0.0521456 0.998639 0.00114395 1.3332 0.416085 0.0206852 0.909089 93.9613
0.90571 0.0433853 -0.421671 -92.0546 -0.0511034 0.998669 -0.0070134 1.32011 0.420805 0.0279009 0.906721 94.6456
0.904204 0.0326198 -0.425853 -92.391 -0.0423104 0.999016 -0.0133134 1.30291 0.424999 0.030056 0.904693 95.3268
0.902304 0.0327842 -0.429852 -92.7329 -0.042814 0.99899 -0.0136796 1.2849 0.428968 0.0307467 0.902795 96.013
0.899681 0.0389096 -0.43481 -93.0788 -0.0478271 0.99881 -0.00958104 1.26848 0.433919 0.0294155 0.90047 96.7132
0.896848 0.0415558 -0.440383 -93.4236 -0.0488894 0.99879 -0.00531545 1.25551 0.439629 0.0262971 0.897793 97.3948
0.894542 0.0359345 -0.445537 -93.7718 -0.0440689 0.998997 -0.00790739 1.23981 0.444806 0.0267077 0.895227 98.0759
0.891689 0.0329809 -0.451445 -94.1219 -0.0440487 0.998931 -0.0140263 1.22219 0.450499 0.0323925 0.892188 98.7759
0.889064 0.0289668 -0.456864 -94.4761 -0.0430793 0.998862 -0.0205017 1.19971 0.45575 0.0379086 0.889299 99.473
0.886132 0.0296737 -0.462482 -94.8335 -0.0449837 0.998743 -0.0221092 1.17611 0.461244 0.0403957 0.886352 100.163
0.883573 0.028629 -0.467418 -95.1942 -0.0417899 0.998968 -0.0178105 1.15656 0.466425 0.0352702 0.883856 100.851
0.881371 0.0310251 -0.471405 -95.5704 -0.0439082 0.998902 -0.0163519 1.13932 0.47038 0.0351105 0.881764 101.505
0.879237 0.0286548 -0.475522 -95.9444 -0.0414466 0.999006 -0.0164348 1.12504 0.474577 0.0341588 0.87955 102.162
0.877105 0.0263621 -0.479575 -96.3212 -0.0395472 0.999066 -0.0174104 1.11021 0.478667 0.0342365 0.877327 102.817
0.875158 0.0254013 -0.48317 -96.7055 -0.0393153 0.999052 -0.0186888 1.09283 0.482236 0.0353516 0.875326 103.475
0.873083 0.0197994 -0.48717 -97.0925 -0.0330242 0.999282 -0.018572 1.07569 0.486451 0.0323032 0.873109 104.131
0.870972 0.0213854 -0.490867 -97.4862 -0.0349358 0.999219 -0.0184561 1.05803 0.490088 0.0332235 0.871038 104.792
0.868824 0.021218 -0.494667 -97.8727 -0.0352106 0.9992 -0.0189841 1.04141 0.493867 0.0339113 0.868874 105.43
0.866707 0.0180035 -0.498493 -98.2688 -0.0339053 0.999164 -0.0228639 1.01998 0.497664 0.0367178 0.866591 106.086
0.864629 0.0139672 -0.502216 -98.6597 -0.0327918 0.999051 -0.0286706 0.993008 0.501339 0.0412579 0.864265 106.73
0.862462 0.0116913 -0.505987 -99.0436 -0.0316897 0.999019 -0.0309323 0.964571 0.505128 0.0427124 0.861985 107.379
0.860327 0.0119505 -0.509602 -99.4239 -0.0305435 0.999138 -0.0281341 0.934768 0.508826 0.0397695 0.859949 108.01
0.858249 0.0117831 -0.513098 -99.8101 -0.0255657 0.999477 -0.0198106 0.905314 0.512596 0.03012 0.8581 108.653
0.856678 0.0126963 -0.515696 -100.193 -0.0212415 0.999718 -0.0106738 0.878482 0.515414 0.0200981 0.856704 109.285
0.854931 0.00896926 -0.518665 -100.573 -0.0134796 0.999897 -0.00492775 0.861651 0.518567 0.0112043 0.854962 109.89
0.853271 0.00533839 -0.521441 -100.948 -0.00943082 0.999942 -0.0051952 0.842892 0.521382 0.00935049 0.853271 110.5
0.851571 0.00377612 -0.524225 -101.325 -0.00993135 0.999911 -0.00893031 0.823418 0.524144 0.012811 0.851532 111.102
0.850018 0.00156327 -0.526751 -101.686 -0.00926301 0.999886 -0.0119804 0.805653 0.526671 0.0150628 0.849934 111.668
0.848822 0.00141319 -0.528678 -102.041 -0.0102809 0.999852 -0.013834 0.784137 0.528579 0.0171779 0.848709 112.218
0.847793 -0.00134795 -0.530326 -102.384 -0.00754862 0.999865 -0.0146089 0.769443 0.530273 0.0163885 0.847667 112.73
0.846739 -0.00216952 -0.532004 -102.728 -0.00624112 0.999883 -0.014011 0.754819 0.531971 0.0151839 0.846625 113.244
0.845796 -0.00115476 -0.533506 -103.058 -0.00656133 0.9999 -0.0125663 0.732525 0.533466 0.014129 0.845702 113.737
0.845042 -0.00194607 -0.534698 -103.381 -0.00512576 0.999918 -0.0117401 0.706294 0.534676 0.0126616 0.844961 114.214
0.844788 -0.000844738 -0.535101 -103.687 -0.00639042 0.999912 -0.0116674 0.686988 0.535063 0.013276 0.844706 114.63
0.844293 -0.000942768 -0.535881 -103.988 -0.00713811 0.999891 -0.0130054 0.662264 0.535833 0.0148055 0.844192 115.05
0.843727 -0.00173089 -0.536769 -104.282 -0.00839384 0.999831 -0.0164181 0.650648 0.536706 0.0183579 0.843568 115.45
0.842863 -0.00435885 -0.538111 -104.565 -0.00813609 0.99975 -0.0208421 0.638296 0.538067 0.0219451 0.842615 115.83
0.841383 -0.00767614 -0.540384 -104.849 -0.00593978 0.999708 -0.0234491 0.624399 0.540406 0.0229394 0.84109 116.208
0.839509 -0.0115576 -0.543224 -105.13 -0.00144351 0.999723 -0.023501 0.611186 0.543344 0.0205134 0.839258 116.577
0.8368 -0.0108295 -0.547402 -105.405 -0.00167939 0.999749 -0.0223459 0.599158 0.547506 0.0196182 0.83657 116.941
0.833611 -0.00790809 -0.552295 -105.682 -0.00451247 0.999767 -0.0211262 0.58787 0.552333 0.0201032 0.83338 117.304
0.830651 -0.00247339 -0.556789 -105.953 -0.0086496 0.999813 -0.0173454 0.579832 0.556726 0.0192239 0.830472 117.65
0.827475 0.00223363 -0.561498 -106.2 -0.0103333 0.999884 -0.0112506 0.578525 0.561407 0.0151116 0.8274 117.955
0.823397 0.00310942 -0.567457 -106.432 -0.00937139 0.999924 -0.00811908 0.577226 0.567387 0.012003 0.823362 118.236
0.819012 0.000263226 -0.573777 -106.658 -0.00579109 0.999953 -0.00780754 0.577427 0.573747 0.00971722 0.818973 118.497
0.813112 -0.00246406 -0.582102 -106.88 -0.00263044 0.999966 -0.00790731 0.576864 0.5821 0.00796068 0.813076 118.753
0.805474 -0.00444316 -0.592615 -107.093 -0.000231313 0.99997 -0.00781177 0.580218 0.592631 0.00642922 0.805447 118.978
0.796313 -0.00466649 -0.604867 -107.3 -0.000328206 0.999967 -0.00814679 0.582604 0.604884 0.00668589 0.796284 119.19
0.784931 -0.00373811 -0.619572 -107.489 -0.00276955 0.999951 -0.00954185 0.585601 0.619576 0.0092056 0.784881 119.373
0.77212 -0.00536403 -0.635454 -107.669 -0.00402226 0.999904 -0.0133278 0.587579 0.635463 0.0128466 0.772023 119.525
0.758509 -0.00808946 -0.651613 -107.853 -0.00561503 0.999805 -0.0189483 0.588107 0.651638 0.0180312 0.758314 119.674
0.744487 -0.0121282 -0.667526 -108.024 -0.00618094 0.999667 -0.0250565 0.588506 0.667607 0.0227801 0.744163 119.803
0.73 -0.011937 -0.683342 -108.202 -0.011137 0.999507 -0.0293574 0.588544 0.683355 0.0290412 0.729507 119.93
0.715402 -0.00869183 -0.698659 -108.386 -0.0188686 0.999318 -0.0317531 0.588149 0.698458 0.0358988 0.714748 120.056
0.699929 -0.00618572 -0.714186 -108.573 -0.0235158 0.999221 -0.0317009 0.58863 0.713824 0.038983 0.699237 120.177
0.682815 -0.00789457 -0.730548 -108.75 -0.0213626 0.999299 -0.0307657 0.589629 0.730278 0.0366136 0.682167 120.282
0.664714 -0.00912458 -0.747042 -108.93 -0.0195477 0.999371 -0.0296001 0.590774 0.746841 0.0342785 0.664117 120.382
0.644433 -0.00715271 -0.764627 -109.112 -0.021426 0.999395 -0.0274068 0.592484 0.76436 0.0340447 0.643889 120.478
0.622079 -0.00298982 -0.782948 -109.306 -0.0264021 0.999344 -0.0247935 0.595225 0.782508 0.0360949 0.621591 120.572
0.59925 0.000247783 -0.800562 -109.499 -0.0294339 0.999331 -0.0217231 0.598318 0.80002 0.0365811 0.598855 120.658
0.575769 0.00291711 -0.817607 -109.695 -0.032377 0.999291 -0.019235 0.602012 0.81697 0.0375465 0.575454 120.738
0.551754 0.00586931 -0.833986 -109.884 -0.0375 0.999139 -0.017778 0.604353 0.833162 0.0410835 0.551498 120.805
0.526823 0.00974382 -0.849919 -110.089 -0.0428035 0.99897 -0.0150792 0.608627 0.848895 0.0443235 0.526697 120.872
0.501164 0.0118055 -0.865272 -110.294 -0.0473569 0.998783 -0.013802 0.613045 0.864054 0.0478935 0.501112 120.932
0.47432 0.0110098 -0.880284 -110.5 -0.0486329 0.998723 -0.0137136 0.61786 0.879007 0.0493153 0.474248 120.985
0.444562 0.0070091 -0.895721 -110.714 -0.0495136 0.998633 -0.0167601 0.620609 0.894378 0.0518011 0.4443 121.033
0.412426 0.00240154 -0.910988 -110.933 -0.0513863 0.998466 -0.0206317 0.622113 0.909539 0.0553212 0.411916 121.075
0.375326 -0.00126609 -0.926892 -111.162 -0.0497822 0.998529 -0.0215222 0.62344 0.925554 0.0542204 0.37471 121.113
0.336414 -0.00181484 -0.941712 -111.397 -0.0515919 0.998461 -0.0203548 0.624839 0.940299 0.0554323 0.335802 121.144
0.294317 -0.00362243 -0.955701 -111.658 -0.0520154 0.99845 -0.0198031 0.625134 0.95429 0.0555394 0.293672 121.175
0.249098 -0.00448352 -0.968468 -111.931 -0.055822 0.998261 -0.0189793 0.623993 0.966867 0.0587894 0.248414 121.194
0.2013 -0.00563299 -0.979513 -112.227 -0.0579351 0.998165 -0.0176465 0.622842 0.977814 0.0603003 0.200603 121.207
0.152422 -0.00613714 -0.988296 -112.532 -0.0591706 0.998131 -0.0153239 0.622833 0.986541 0.0608137 0.151773 121.207
0.100854 -0.00500352 -0.994888 -112.849 -0.0592642 0.998182 -0.0110279 0.622756 0.993133 0.0600733 0.100374 121.195
0.048481 -0.0031143 -0.998819 -113.175 -0.0576612 0.998319 -0.00591154 0.624106 0.997157 0.0578796 0.0482196 121.168
-0.00460723 -0.0016698 -0.999988 -113.51 -0.0561335 0.998423 -0.00140858 0.626387 0.998411 0.0561262 -0.00469399 121.125
-0.0575539 -0.000782036 -0.998342 -113.844 -0.0543498 0.99852 0.00235104 0.629609 0.996861 0.0543948 -0.0575114 121.064
-0.110863 0.000958822 -0.993835 -114.198 -0.0516221 0.998645 0.00672194 0.632815 0.992493 0.052049 -0.110664 120.985
-0.162523 0.00274004 -0.986701 -114.567 -0.0504521 0.998666 0.0110834 0.635698 0.985413 0.0515823 -0.162168 120.884
-0.212378 0.0041235 -0.977179 -114.943 -0.0479301 0.998744 0.0146315 0.638755 0.97601 0.0499436 -0.211914 120.765
-0.261341 0.00631115 -0.965226 -115.348 -0.0428236 0.998919 0.0181262 0.641425 0.964295 0.0460714 -0.260788 120.62
-0.308735 0.00804658 -0.951114 -115.753 -0.0369534 0.999108 0.0204478 0.642724 0.950429 0.0414598 -0.308162 120.453
-0.353299 0.00993807 -0.935458 -116.169 -0.0326935 0.999202 0.0229628 0.646216 0.934938 0.038696 -0.352692 120.252
-0.395632 0.0110512 -0.918343 -116.612 -0.0298018 0.999247 0.0248637 0.648283 0.917924 0.0372051 -0.395004 120.02
-0.434535 0.0128208 -0.900563 -117.057 -0.0263433 0.999291 0.0269373 0.648881 0.900268 0.0354289 -0.433889 119.766
-0.468297 0.0141258 -0.883458 -117.515 -0.0247484 0.999271 0.0290961 0.64817 0.883223 0.0354897 -0.467606 119.466
-0.49646 0.0144201 -0.86794 -117.964 -0.0243906 0.999236 0.0305528 0.647805 0.867716 0.0363377 -0.495728 119.169
-0.51835 0.0133774 -0.855064 -118.409 -0.0271156 0.999118 0.0320689 0.647369 0.854737 0.0398084 -0.517529 118.842
-0.534472 0.0120081 -0.845101 -118.867 -0.0294839 0.999026 0.0328418 0.646932 0.84467 0.0424698 -0.533597 118.494
-0.547852 0.0112593 -0.8365 -119.362 -0.0318838 0.998903 0.034327 0.648489 0.835966 0.0454768 -0.546891 118.14
-0.558211 0.0141146 -0.829579 -119.863 -0.0284253 0.998944 0.0361231 0.656341 0.82921 0.0437452 -0.55722 117.766
-0.568648 0.0154011 -0.822437 -120.399 -0.0277398 0.998898 0.0378854 0.659139 0.822112 0.0443576 -0.567593 117.393
-0.576337 0.0204862 -0.816955 -120.94 -0.0213653 0.998967 0.0401229 0.691894 0.816932 0.0405788 -0.575303 116.995
