1 0 0 0 0 1 0 0 0 0 1 0
0.999997 0.000921532 -0.0021215 0.00892259 -0.000915001 0.999995 0.00307707 -0.042654 0.00212433 -0.00307512 0.999993 0.750614
0.999993 0.00241101 -0.00285773 0.0148968 -0.0023967 0.999985 0.00500176 -0.0777158 0.00286975 -0.00499488 0.999983 1.51544
0.999993 0.00219947 -0.00298483 0.0119249 -0.00218183 0.99998 0.00589785 -0.10581 0.00299775 -0.00589129 0.999978 2.25955
0.999989 0.00373736 -0.00275946 0.0116223 -0.00371988 0.999973 0.00631149 -0.130223 0.00278298 -0.00630116 0.999976 3.00245
0.999986 0.00429058 -0.00307055 0.0110408 -0.00427056 0.99997 0.00649598 -0.154543 0.00309832 -0.00648278 0.999974 3.74511
0.999986 0.00407661 -0.00337816 0.0101665 -0.00404974 0.999961 0.00792234 -0.177704 0.00341032 -0.00790855 0.999963 4.48615
0.999983 0.00487693 -0.00316229 0.0096928 -0.00484097 0.999925 0.0112825 -0.198249 0.00321708 -0.011267 0.999931 5.2274
0.999988 0.00440818 -0.00189123 0.0104594 -0.00437741 0.999863 0.0159766 -0.215231 0.00196139 -0.0159681 0.999871 5.96844
0.999995 0.00308679 -0.000438331 0.0117245 -0.00307737 0.999794 0.0200779 -0.228711 0.000500217 -0.0200765 0.999798 6.70373
0.999996 0.00271117 0.000954062 0.0135773 -0.00273216 0.999738 0.0227349 -0.240105 -0.000892173 -0.0227374 0.999741 7.43111
0.999989 0.00384107 0.00253932 0.0160436 -0.00389855 0.999727 0.0230349 -0.251134 -0.00245014 -0.0230445 0.999731 8.15385
0.999981 0.00473584 0.00392999 0.0165765 -0.00481824 0.999763 0.0212269 -0.261495 -0.00382853 -0.0212455 0.999767 8.85959
0.999972 0.00450541 0.0060238 0.0133328 -0.00461911 0.999809 0.0189959 -0.273281 -0.00593706 -0.0190232 0.999801 9.51181
0.999951 0.00326592 0.0093483 0.00558343 -0.00343677 0.999826 0.0183189 -0.282142 -0.00928685 -0.0183501 0.999788 10.1592
0.999913 -4.2739e-05 0.0131771 -0.00176976 -0.000168249 0.999872 0.0160102 -0.292343 -0.0131761 -0.016011 0.999785 10.7855
0.999848 -0.000509292 0.0174003 -0.0110958 0.000243691 0.999883 0.0152629 -0.302688 -0.017406 -0.0152564 0.999732 11.3839
0.999727 0.00423762 0.0229622 -0.0178557 -0.00455399 0.999895 0.0137429 -0.313472 -0.0229016 -0.0138438 0.999642 11.9724
0.999531 0.00936695 0.0291342 -0.037001 -0.00975916 0.999863 0.0133492 -0.321646 -0.0290052 -0.0136273 0.999486 12.5041
0.999288 0.0107895 0.0361591 -0.0588012 -0.0113091 0.999835 0.0141967 -0.331532 -0.0359999 -0.0145955 0.999245 12.9874
0.999071 0.00662962 0.0425695 -0.0817909 -0.00726582 0.999864 0.0148076 -0.340003 -0.0424656 -0.0151031 0.998984 13.4468
0.998764 0.00180719 0.0496635 -0.112675 -0.00256222 0.999882 0.0151434 -0.346342 -0.0496303 -0.0152519 0.998651 13.8373
0.998427 -0.00133526 0.0560469 -0.141608 0.00039575 0.999859 0.0167706 -0.352542 -0.0560614 -0.0167221 0.998287 14.205
0.998014 -0.00120305 0.0629789 -0.172019 3.86108e-05 0.999829 0.0184873 -0.360088 -0.0629904 -0.0184482 0.997844 14.5186
0.997652 0.000436339 0.0684889 -0.198673 -0.00168276 0.999834 0.0181423 -0.367028 -0.0684696 -0.018215 0.997487 14.8035
0.997221 0.00260442 0.0744541 -0.223341 -0.00389987 0.999843 0.0172593 -0.371877 -0.0743975 -0.0175017 0.997075 15.0638
0.996764 0.00500383 0.0802248 -0.246093 -0.00635125 0.999843 0.0165492 -0.375679 -0.0801294 -0.0170052 0.996639 15.2939
0.996368 0.00822049 0.0847532 -0.266811 -0.00961825 0.999824 0.0160971 -0.381357 -0.084606 -0.0168538 0.996272 15.5045
0.996024 0.00968632 0.0885586 -0.282719 -0.0110432 0.999829 0.0148443 -0.385739 -0.0883997 -0.0157633 0.99596 15.6994
0.995643 0.00933392 0.0927817 -0.295146 -0.0106357 0.999852 0.0135465 -0.389912 -0.0926415 -0.0144742 0.995594 15.8785
0.995321 0.00868103 0.0962302 -0.302883 -0.00991788 0.999874 0.0123822 -0.394486 -0.0961106 -0.0132786 0.995282 16.0447
0.995037 0.00801605 0.0991785 -0.310099 -0.0091812 0.999894 0.0112972 -0.399256 -0.0990774 -0.0121517 0.995006 16.211
0.994737 0.00862948 0.102096 -0.311844 -0.00970851 0.999902 0.0100766 -0.404848 -0.101999 -0.0110148 0.994724 16.3594
0.994455 0.00894645 0.104778 -0.313239 -0.0098645 0.999917 0.00824692 -0.4106 -0.104695 -0.00923477 0.994462 16.5078
0.994301 0.00876865 0.106242 -0.308542 -0.00948049 0.999936 0.00619699 -0.416034 -0.106181 -0.00716891 0.994321 16.6401
0.99416 0.00788931 0.107621 -0.304182 -0.00838189 0.999956 0.00412538 -0.420974 -0.107584 -0.00500336 0.994184 16.7741
0.994194 0.00705682 0.107371 -0.298582 -0.00738321 0.999969 0.00264259 -0.42747 -0.107349 -0.00341999 0.994216 16.8904
0.994417 0.00600249 0.10535 -0.292745 -0.00620387 0.999979 0.00158402 -0.43391 -0.105338 -0.00222875 0.994434 17.0097
0.994716 0.00747031 0.102393 -0.287724 -0.00763828 0.99997 0.00124842 -0.440375 -0.102381 -0.00202394 0.994743 17.1271
0.995096 0.00824512 0.0985672 -0.283254 -0.00828737 0.999966 1.93028e-05 -0.446343 -0.0985637 -0.00083607 0.995131 17.2489
0.995657 0.00854225 0.0927037 -0.283455 -0.00852207 0.999963 -0.000613589 -0.454787 -0.0927056 -0.000179102 0.995694 17.3506
0.996279 0.00664664 0.0859222 -0.284067 -0.00656662 0.999978 -0.00121393 -0.463541 -0.0859283 0.0006452 0.996301 17.4494
0.996868 0.00605794 0.0788435 -0.28454 -0.00594063 0.999981 -0.00172233 -0.470931 -0.0788524 0.00124856 0.996886 17.5655
0.997448 0.00729279 0.0710241 -0.282627 -0.00715128 0.999972 -0.00224646 -0.473993 -0.0710385 0.00173281 0.997472 17.6971
0.998111 0.00558819 0.0611701 -0.278632 -0.00535904 0.999978 -0.00390959 -0.471119 -0.0611906 0.0035744 0.99812 17.8555
0.998839 0.00371418 0.0480244 -0.271371 -0.00342543 0.999975 -0.00609343 -0.470803 -0.0480458 0.00592186 0.998828 18.0011
0.999506 0.00338561 0.0312396 -0.270295 -0.00312895 0.999961 -0.00826123 -0.471416 -0.0312664 0.00815941 0.999478 18.1451
0.999933 0.00340869 0.0110576 -0.276543 -0.00330382 0.999949 -0.00948848 -0.474711 -0.0110894 0.00945132 0.999894 18.2892
0.999924 0.00387339 -0.0116891 -0.290172 -0.00397914 0.999951 -0.00903742 -0.477215 0.0116535 0.00908326 0.999891 18.4422
0.999331 0.00342686 -0.0363981 -0.315284 -0.00372158 0.999961 -0.00803244 -0.481738 0.0363692 0.00816253 0.999305 18.595
0.997933 0.00423792 -0.0641128 -0.347814 -0.00466932 0.999967 -0.00658045 -0.48611 0.0640829 0.00686622 0.997921 18.7554
0.995387 0.00491771 -0.0958099 -0.390644 -0.00538861 0.999974 -0.00465683 -0.490182 0.0957847 0.00515164 0.995389 18.9178
0.991393 0.00467213 -0.130838 -0.441586 -0.00487051 0.999987 -0.00119628 -0.494138 0.130831 0.00182323 0.991403 19.0778
0.9856 0.00557468 -0.169001 -0.506425 -0.00517396 0.999982 0.00281139 -0.498017 0.169013 -0.0018965 0.985612 19.2607
0.977848 0.0068218 -0.209204 -0.584242 -0.00524629 0.999953 0.00808494 -0.50046 0.20925 -0.0068083 0.977839 19.448
0.96801 0.0109969 -0.250671 -0.678826 -0.00804936 0.999886 0.0127807 -0.502553 0.250783 -0.0103541 0.967988 19.6407
0.95622 0.015906 -0.292216 -0.788543 -0.0114038 0.999789 0.017104 -0.504011 0.292426 -0.0130228 0.9562 19.8353
0.942506 0.0190339 -0.333648 -0.917297 -0.0122258 0.999672 0.0224931 -0.504842 0.333967 -0.0171207 0.94243 20.0397
0.926284 0.0226934 -0.376142 -1.06649 -0.0121636 0.999465 0.0303456 -0.503153 0.37663 -0.0235334 0.926065 20.2554
0.907959 0.0284739 -0.418091 -1.23167 -0.0144551 0.999223 0.0366599 -0.501998 0.418811 -0.0272421 0.907665 20.4696
0.886569 0.0326806 -0.461441 -1.4292 -0.0153609 0.999031 0.0412413 -0.500241 0.462342 -0.0294751 0.886212 20.6993
0.862426 0.0373073 -0.504806 -1.6454 -0.0172117 0.998865 0.0444154 -0.497015 0.50589 -0.0296165 0.86209 20.9269
0.835594 0.0405554 -0.547848 -1.90009 -0.0182612 0.99877 0.0460831 -0.492819 0.549044 -0.0285024 0.835307 21.1667
0.806097 0.0427061 -0.590241 -2.18615 -0.0170351 0.998654 0.0489913 -0.485444 0.591539 -0.0294369 0.805739 21.4134
0.773578 0.0471756 -0.631943 -2.48662 -0.0175228 0.998436 0.0530848 -0.474978 0.633459 -0.0299919 0.773195 21.6506
0.739018 0.0489854 -0.671902 -2.80695 -0.0149211 0.998298 0.05637 -0.461495 0.67352 -0.031633 0.738492 21.8892
0.702471 0.0493471 -0.709999 -3.15575 -0.0118293 0.998265 0.0576785 -0.446914 0.711614 -0.0321187 0.701837 22.1339
0.66426 0.048951 -0.745897 -3.52091 -0.00633389 0.998186 0.0598674 -0.430584 0.747475 -0.0350431 0.663365 22.3647
0.623851 0.0489986 -0.780006 -3.91485 -0.00149464 0.998105 0.0615038 -0.41295 0.781542 -0.0372034 0.622743 22.595
0.580967 0.0496314 -0.812413 -4.33543 0.00277454 0.998012 0.0629541 -0.389641 0.813923 -0.0388283 0.579674 22.8285
0.534206 0.0511627 -0.843804 -4.77672 0.0028609 0.998051 0.0623265 -0.367143 0.845349 -0.0357093 0.533019 23.0515
0.484481 0.0499372 -0.873375 -5.23779 0.00922399 0.998022 0.062181 -0.341058 0.874754 -0.0381815 0.483062 23.2622
0.433232 0.0489686 -0.899951 -5.71572 0.0148164 0.998001 0.0614363 -0.316207 0.901161 -0.0399502 0.431641 23.4457
0.380889 0.0483219 -0.923357 -6.24053 0.0178232 0.998064 0.0595837 -0.288017 0.924449 -0.039152 0.379291 23.6279
0.328948 0.0541214 -0.942796 -6.77539 0.0187258 0.997786 0.0638116 -0.25717 0.944163 -0.0386453 0.327206 23.7809
0.27804 0.0586667 -0.958776 -7.34663 0.0216141 0.997498 0.0673041 -0.22063 0.960327 -0.0394364 0.276076 23.9175
0.23056 0.0592869 -0.97125 -7.94252 0.026195 0.997402 0.0671015 -0.182607 0.972706 -0.0409128 0.228408 24.0251
0.187405 0.0597331 -0.980465 -8.54246 0.0280543 0.997416 0.0661282 -0.145664 0.981882 -0.039899 0.185245 24.1062
0.147078 0.0578017 -0.987435 -9.16986 0.0273865 0.99767 0.06248 -0.111723 0.988746 -0.0362318 0.145152 24.174
0.111138 0.0542085 -0.992325 -9.82133 0.0261531 0.998006 0.0574479 -0.0732498 0.993461 -0.032337 0.109499 24.2235
0.0816985 0.0541674 -0.995184 -10.507 0.0249271 0.998098 0.0563724 -0.0272599 0.996346 -0.0294126 0.0801928 24.271
0.059727 0.0573367 -0.996567 -11.1932 0.0233961 0.997994 0.058821 0.0203214 0.997941 -0.026829 0.0582656 24.3035
0.0459144 0.0621756 -0.997009 -11.9052 0.0239066 0.997707 0.0633201 0.0676227 0.99866 -0.0267424 0.0443227 24.3293
0.0373587 0.0637995 -0.997263 -12.6278 0.0234121 0.99763 0.0647 0.116407 0.999028 -0.0257651 0.0357764 24.35
0.0329612 0.0604329 -0.997628 -13.3659 0.0244894 0.997821 0.0612538 0.162329 0.999157 -0.0264503 0.0314094 24.3658
0.0338613 0.0557388 -0.997871 -14.1175 0.0313153 0.997894 0.0568027 0.205191 0.998936 -0.033172 0.0320444 24.3847
0.0381875 0.0532079 -0.997853 -14.8806 0.0425798 0.997587 0.0548233 0.247105 0.998363 -0.0445819 0.0358297 24.4126
0.0427478 0.053119 -0.997673 -15.6707 0.04309 0.997558 0.0549592 0.291207 0.998156 -0.0453391 0.0403544 24.4515
0.0463865 0.0510661 -0.997617 -16.4878 0.0414905 0.997732 0.0530012 0.335555 0.998062 -0.0438502 0.0441625 24.5005
0.0487659 0.0444238 -0.997822 -17.3087 0.0452924 0.997884 0.0466401 0.375162 0.997783 -0.0474682 0.0466506 24.5526
0.0492628 0.0341627 -0.998201 -18.1373 0.0428326 0.998423 0.0362842 0.406597 0.997867 -0.0445431 0.0477217 24.6086
0.0478076 0.0264792 -0.998506 -18.9983 0.0358257 0.99896 0.0282065 0.431727 0.998214 -0.0371207 0.0468092 24.6733
0.0430173 0.0243567 -0.998777 -19.8942 0.0305629 0.999202 0.0256834 0.454682 0.998607 -0.0316304 0.0422385 24.7393
0.0370516 0.0307751 -0.998839 -20.801 0.0212728 0.999275 0.0315776 0.482607 0.999087 -0.0224181 0.03637 24.7971
0.0298423 0.038575 -0.99881 -21.6977 0.0166729 0.999096 0.0390843 0.517048 0.999416 -0.0178194 0.0291721 24.8399
0.023404 0.0477649 -0.998584 -22.6505 0.0154517 0.998721 0.0481336 0.557809 0.999607 -0.0165563 0.022636 24.8787
0.0201097 0.0571994 -0.99816 -23.642 0.0145631 0.998239 0.0574973 0.609186 0.999692 -0.0156925 0.0192412 24.915
0.0177069 0.0635637 -0.997821 -24.6241 0.0161884 0.997828 0.0638515 0.66791 0.999712 -0.0172837 0.0166394 24.9522
0.01443 0.0638266 -0.997857 -25.6673 0.0171844 0.997797 0.0640714 0.73097 0.999748 -0.0180721 0.0133013 24.9843
0.0113437 0.0607366 -0.998089 -26.6661 0.0172177 0.997993 0.0609264 0.787927 0.999788 -0.0178759 0.0102751 25.0111
0.00743803 0.0558765 -0.99841 -27.7786 0.017166 0.998283 0.0559973 0.842374 0.999825 -0.0175552 0.00646599 25.037
0.00185494 0.05032 -0.998732 -28.8335 0.0174018 0.99858 0.0503447 0.887699 0.999847 -0.0174731 0.000976557 25.048
-0.00439882 0.0455481 -0.998953 -29.8649 0.0185602 0.998794 0.0454591 0.927712 0.999818 -0.0183408 -0.00523899 25.0468
-0.0119332 0.0435179 -0.998982 -30.8933 0.0179898 0.9989 0.0432994 0.964334 0.999767 -0.0174548 -0.0127031 25.0214
-0.0177766 0.0454005 -0.998811 -31.9255 0.018119 0.998819 0.0450784 1.00204 0.999678 -0.0172961 -0.0185784 24.9904
-0.0240062 0.049509 -0.998485 -32.9645 0.0174884 0.998641 0.0490963 1.04436 0.999559 -0.0162833 -0.0248395 24.9503
-0.0306214 0.0517093 -0.998193 -34.0022 0.014507 0.998579 0.0512843 1.08874 0.999426 -0.0129104 -0.0313282 24.9028
-0.0355262 0.0536998 -0.997925 -35.0469 0.0121292 0.998505 0.0532992 1.13536 0.999295 -0.0102105 -0.0361245 24.8495
-0.0386629 0.0545207 -0.997764 -36.1009 0.00824575 0.998494 0.054241 1.18419 0.999219 -0.00613018 -0.0390544 24.7931
-0.0404207 0.0551773 -0.997658 -37.1601 0.00520164 0.998472 0.0550116 1.23268 0.999169 -0.00296584 -0.040646 24.7367
-0.0422838 0.0543518 -0.997626 -38.2319 0.00341478 0.998521 0.0542559 1.28053 0.9991 -0.00111252 -0.042407 24.6787
-0.0444958 0.0533499 -0.997584 -39.3017 0.00357557 0.998575 0.0532435 1.32705 0.999003 -0.00119781 -0.0446233 24.6173
-0.0457895 0.0523349 -0.997579 -40.3918 0.00268067 0.998629 0.052267 1.372 0.998948 -0.00028089 -0.0458671 24.5577
-0.0466966 0.0512854 -0.997592 -41.4748 0.00066599 0.998682 0.0513103 1.41637 0.998909 0.00173165 -0.0466693 24.4949
-0.0481582 0.0488995 -0.997642 -42.5537 -0.0044259 0.998781 0.049169 1.45866 0.99883 0.00678337 -0.0478832 24.431
-0.0490502 0.044031 -0.997825 -43.6455 -0.00951378 0.998962 0.0445488 1.49431 0.998751 0.0116782 -0.0485805 24.3654
-0.0482676 0.0432439 -0.997898 -44.7358 -0.0108362 0.998981 0.043815 1.52914 0.998776 0.0129283 -0.0477499 24.3008
-0.0473033 0.0471592 -0.997767 -45.823 -0.0107486 0.998803 0.0477178 1.56766 0.998823 0.0129818 -0.0467399 24.2347
-0.0455171 0.0502428 -0.997699 -46.9432 -0.0115207 0.998641 0.0508158 1.61016 0.998897 0.0138072 -0.0448765 24.1803
-0.0444879 0.0494873 -0.997784 -48.0304 -0.0091969 0.99871 0.0499433 1.64937 0.998968 0.0113984 -0.0439755 24.1154
-0.0422117 0.0486427 -0.997924 -49.1307 -0.00874127 0.998758 0.0490531 1.68808 0.999071 0.0107938 -0.0417342 24.0574
-0.0391543 0.049065 -0.998028 -50.2309 -0.0120048 0.998698 0.049569 1.72732 0.999161 0.013922 -0.0385144 24.0023
-0.0344638 0.0500741 -0.998151 -51.3519 -0.016223 0.998584 0.050656 1.76922 0.999274 0.0179388 -0.0336028 23.9588
-0.0295303 0.0495665 -0.998334 -52.502 -0.0191712 0.998558 0.0501447 1.81125 0.99938 0.0206201 -0.0285376 23.9287
-0.0249104 0.0483898 -0.998518 -53.6502 -0.0199279 0.998605 0.0488912 1.85168 0.999491 0.0211162 -0.0239114 23.9038
-0.0199329 0.0478782 -0.998655 -54.783 -0.0195432 0.998643 0.0482678 1.89148 0.99961 0.0204791 -0.0189703 23.8813
-0.0157264 0.0472151 -0.998761 -55.9229 -0.0168674 0.99873 0.0474792 1.93103 0.999734 0.0175932 -0.0149102 23.869
-0.0114859 0.04764 -0.998799 -57.0623 -0.0156345 0.998734 0.0478167 1.97095 0.999812 0.016165 -0.0107266 23.8614
-0.00676735 0.0487181 -0.99879 -58.1943 -0.0141003 0.998708 0.0488097 2.01492 0.999878 0.0144136 -0.00607177 23.8539
-0.00249279 0.0497302 -0.99876 -59.3359 -0.0145239 0.998655 0.0497613 2.06072 0.999892 0.01463 -0.00176726 23.8515
0.00200605 0.0483983 -0.998826 -60.4642 -0.0138173 0.998734 0.0483661 2.10491 0.999903 0.0137041 0.00267214 23.8496
0.00537131 0.0435818 -0.999036 -61.6446 -0.0134468 0.998962 0.0435063 2.14274 0.999895 0.0132002 0.00595168 23.8707
0.00875411 0.0381995 -0.999232 -62.815 -0.0132082 0.999187 0.0380821 2.17521 0.999875 0.0128647 0.00925144 23.8896
0.0119957 0.0373294 -0.999231 -63.9522 -0.0131521 0.999222 0.0371712 2.20838 0.999842 0.0126962 0.0124772 23.8914
0.0143876 0.0390828 -0.999133 -65.113 -0.0124453 0.999165 0.0389049 2.24292 0.999819 0.0118748 0.0148619 23.9012
0.0166472 0.0383599 -0.999126 -66.2672 -0.0128806 0.999189 0.0381478 2.27525 0.999779 0.0122343 0.0171277 23.9057
0.0182024 0.0378672 -0.999117 -67.4246 -0.0153276 0.999175 0.0375902 2.30635 0.999717 0.0146299 0.0187677 23.9103
0.0198308 0.0383483 -0.999068 -68.5824 -0.0169144 0.999134 0.0380151 2.33796 0.99966 0.0161448 0.0204622 23.917
0.0216743 0.0375606 -0.999059 -69.7351 -0.0181336 0.999144 0.0371704 2.36864 0.999601 0.0173109 0.0223368 23.9219
0.0235651 0.0352789 -0.9991 -70.9063 -0.0187241 0.999217 0.0348415 2.39552 0.999547 0.0178862 0.0242071 23.9266
0.0254286 0.0338753 -0.999103 -72.0909 -0.0173377 0.99929 0.0334404 2.4206 0.999526 0.0164718 0.0259978 23.9323
0.0272342 0.0334853 -0.999068 -73.2762 -0.0142288 0.99935 0.0331069 2.44524 0.999528 0.0133139 0.0276929 23.9403
0.0287341 0.0335506 -0.999024 -74.4642 -0.0131769 0.999362 0.033183 2.47034 0.9995 0.0122106 0.0291577 23.9523
0.029665 0.0354315 -0.998932 -75.6492 -0.0136489 0.999293 0.035039 2.49767 0.999467 0.0125949 0.0301275 23.965
0.0316905 0.0384538 -0.998758 -76.8323 -0.0168555 0.999138 0.0379337 2.52845 0.999356 0.0156324 0.0323112 23.9811
0.0329837 0.0380456 -0.998732 -78.015 -0.0193731 0.999112 0.0374203 2.55906 0.999268 0.0181143 0.0336914 24.0006
0.0344017 0.0358738 -0.998764 -79.1974 -0.0206743 0.999167 0.0351762 2.58689 0.999195 0.0194387 0.0351147 24.0224
0.0354374 0.0330824 -0.998824 -80.38 -0.0210787 0.999254 0.0323488 2.61154 0.99915 0.0199076 0.0361083 24.0452
0.0364885 0.0317244 -0.998831 -81.5629 -0.0194298 0.999329 0.0310305 2.63446 0.999146 0.0182748 0.0370804 24.0691
0.0376183 0.0320573 -0.998778 -82.7471 -0.0196201 0.999316 0.0313357 2.65743 0.9991 0.0184173 0.0382215 24.0952
0.0389146 0.0339325 -0.998666 -83.9344 -0.019086 0.999266 0.0332092 2.68296 0.999061 0.0177683 0.0395335 24.1261
0.0399709 0.0355547 -0.998568 -85.1214 -0.0202854 0.99919 0.0347649 2.71051 0.998995 0.0188668 0.0406596 24.1587
0.0400517 0.0351974 -0.998578 -86.3075 -0.0223067 0.999162 0.0343233 2.73738 0.998949 0.0209003 0.0408032 24.1912
0.0417072 0.0327966 -0.998592 -87.4921 -0.0219292 0.99925 0.0319024 2.76151 0.99889 0.0205678 0.0423951 24.2258
0.042353 0.030845 -0.998627 -88.6741 -0.0208826 0.999332 0.0299812 2.78331 0.998885 0.0195842 0.0429688 24.2614
0.0430019 0.0311266 -0.99859 -89.8553 -0.0184972 0.999368 0.0303544 2.80547 0.998904 0.0171659 0.0435504 24.2978
0.0435924 0.0330664 -0.998502 -91.038 -0.0157809 0.99935 0.0324056 2.83021 0.998925 0.0143447 0.0440858 24.3372
0.0444414 0.0349485 -0.998401 -92.2151 -0.0148948 0.9993 0.034317 2.85717 0.998901 0.0133459 0.0449307 24.3756
0.0448064 0.0362562 -0.998338 -93.3916 -0.0161131 0.999237 0.0355657 2.88561 0.998866 0.0144928 0.0453564 24.4141
0.0446755 0.0377203 -0.998289 -94.5562 -0.0186207 0.999145 0.0369193 2.91492 0.998828 0.0169395 0.0453396 24.4467
0.0450847 0.0369168 -0.998301 -95.735 -0.020679 0.999137 0.0360139 2.94242 0.998769 0.0190202 0.0458091 24.4871
0.0454643 0.03225 -0.998445 -96.9138 -0.0228756 0.99925 0.0312344 2.96394 0.998704 0.02142 0.0461678 24.5278
0.045987 0.030266 -0.998484 -98.0919 -0.0245616 0.999273 0.0291587 2.98334 0.99864 0.0231835 0.0466969 24.5689
0.0464499 0.0282317 -0.998522 -99.2487 -0.0245035 0.999332 0.0271148 3.00135 0.99862 0.0232078 0.0471105 24.6086
0.0465637 0.0281987 -0.998517 -100.413 -0.0232176 0.999362 0.0271399 3.01806 0.998646 0.0219195 0.0471886 24.656
0.0464522 0.0300275 -0.998469 -101.581 -0.0230532 0.999314 0.0289804 3.03762 0.998655 0.0216717 0.0471124 24.7063
0.0469134 0.0313343 -0.998408 -102.76 -0.0220846 0.999296 0.0303244 3.06007 0.998655 0.0206269 0.0475723 24.7627
0.0455722 0.0301659 -0.998506 -103.926 -0.0255729 0.999252 0.0290213 3.08246 0.998634 0.0242122 0.0463094 24.8149
0.0440308 0.0310639 -0.998547 -105.099 -0.0292275 0.999129 0.0297932 3.10638 0.998603 0.0278733 0.0449002 24.8652
0.043014 0.0292114 -0.998648 -106.268 -0.032272 0.999091 0.0278344 3.12707 0.998553 0.0310311 0.0439175 24.9129
0.0414903 0.0248415 -0.99883 -107.441 -0.0343463 0.999135 0.0234224 3.14262 0.998549 0.0333344 0.0423075 24.9593
0.0392765 0.0210652 -0.999007 -108.619 -0.0330885 0.999257 0.0197696 3.15445 0.998681 0.0322792 0.0399442 25.0031
0.0380844 0.0197768 -0.999079 -109.806 -0.0286402 0.999415 0.0186918 3.16456 0.998864 0.027902 0.0386284 25.0476
0.0371292 0.0183219 -0.999143 -111 -0.0227614 0.999588 0.0174843 3.17211 0.999051 0.0220928 0.0375308 25.0935
0.0354769 0.0201396 -0.999168 -112.194 -0.0221078 0.999568 0.0193627 3.18223 0.999126 0.0214025 0.0359067 25.1374
0.0330927 0.0240151 -0.999164 -113.389 -0.0203541 0.99952 0.0233496 3.19726 0.999245 0.0195644 0.0335655 25.1785
0.0314897 0.0237107 -0.999223 -114.583 -0.0189123 0.999554 0.0231226 3.21194 0.999325 0.0181696 0.0319239 25.2154
0.0297116 0.0192422 -0.999373 -115.776 -0.0185399 0.999653 0.0186964 3.22109 0.999387 0.0179728 0.030058 25.2501
0.0277026 0.0155299 -0.999496 -116.983 -0.0193269 0.999701 0.0149974 3.22571 0.999429 0.0189018 0.0279943 25.2834
0.0259797 0.0138269 -0.999567 -118.207 -0.018886 0.999733 0.0133383 3.22884 0.999484 0.0185313 0.0262338 25.3137
0.0245959 0.0144876 -0.999593 -119.435 -0.0211249 0.999679 0.0139691 3.23351 0.999474 0.0207728 0.0248939 25.3402
0.0225658 0.018824 -0.999568 -120.662 -0.026207 0.99949 0.0182309 3.24341 0.999402 0.0257843 0.0230475 25.3647
0.021695 0.0212771 -0.999538 -121.907 -0.0316504 0.999287 0.0205848 3.25637 0.999264 0.0311892 0.0223528 25.3837
0.0207158 0.0208453 -0.999568 -123.174 -0.0387756 0.999047 0.0200308 3.26797 0.999033 0.038344 0.0215042 25.4042
0.0199414 0.0184978 -0.99963 -124.452 -0.0425807 0.998937 0.0176356 3.27723 0.998894 0.0422133 0.0207077 25.4267
0.0182474 0.0167561 -0.999693 -125.712 -0.0443705 0.998888 0.0159328 3.28226 0.998849 0.0440662 0.0189705 25.4467
0.0166366 0.0156556 -0.999739 -126.971 -0.044439 0.998901 0.014903 3.28601 0.998874 0.0441795 0.0173139 25.4648
0.0152736 0.0141556 -0.999783 -128.233 -0.0403002 0.999096 0.0135303 3.28885 0.999071 0.0400848 0.0158301 25.4834
0.0133093 0.014446 -0.999807 -129.498 -0.0412791 0.999051 0.0138856 3.29278 0.999059 0.0410863 0.0138929 25.497
0.0117655 0.0184208 -0.999761 -130.76 -0.0402037 0.999031 0.0179342 3.30149 0.999122 0.0399831 0.0124946 25.5102
0.0103991 0.0216191 -0.999712 -132.03 -0.0379685 0.999054 0.02121 3.31408 0.999225 0.0377371 0.01121 25.5225
0.00902826 0.0197846 -0.999764 -133.298 -0.0384639 0.999071 0.0194236 3.32401 0.999219 0.0382795 0.00978077 25.533
0.00826136 0.0179118 -0.999806 -134.562 -0.0373351 0.999148 0.0175916 3.33118 0.999269 0.0371825 0.00892297 25.5418
0.00850842 0.0163752 -0.99983 -135.827 -0.0342255 0.999285 0.0160751 3.33642 0.999378 0.034083 0.0090627 25.5506
0.00846478 0.0147073 -0.999856 -137.09 -0.0327447 0.99936 0.0144228 3.33967 0.999428 0.032618 0.00894085 25.5591
0.00818215 0.0162927 -0.999834 -138.354 -0.0321031 0.999356 0.0160222 3.3452 0.999451 0.0319668 0.00869983 25.5672
0.00814925 0.019093 -0.999785 -139.606 -0.0327664 0.999286 0.0188164 3.35322 0.99943 0.032606 0.00876894 25.5704
0.00840049 0.0192488 -0.99978 -140.848 -0.0335236 0.999258 0.0189571 3.36082 0.999403 0.033357 0.00903945 25.57
0.00805448 0.0163795 -0.999834 -142.09 -0.0356604 0.999235 0.0160825 3.36469 0.999331 0.035525 0.00863232 25.5689
0.00766341 0.0133551 -0.999882 -143.333 -0.0350559 0.9993 0.0130787 3.36498 0.999356 0.0349516 0.00812612 25.5667
0.00757761 0.0113144 -0.999907 -144.574 -0.0323893 0.999414 0.0110634 3.36303 0.999447 0.0323025 0.00793954 25.5638
0.00675323 0.0103848 -0.999923 -145.813 -0.0308292 0.999473 0.010172 3.35996 0.999502 0.0307581 0.00706973 25.5596
0.00575799 0.0107993 -0.999925 -147.053 -0.0286098 0.999534 0.0106304 3.35748 0.999574 0.0285465 0.00606418 25.5543
0.0052241 0.00805265 -0.999954 -148.293 -0.0264651 0.999618 0.0079117 3.35145 0.999636 0.0264225 0.00543513 25.5484
0.00480893 0.00782787 -0.999958 -149.529 -0.0259845 0.999633 0.00770039 3.34525 0.999651 0.0259464 0.00501047 25.5393
0.00405361 0.00972496 -0.999945 -150.758 -0.0231964 0.999685 0.00962842 3.34163 0.999723 0.0231561 0.00427782 25.5253
0.00343802 0.0107516 -0.999936 -151.99 -0.02193 0.999703 0.0106737 3.33854 0.999754 0.021892 0.00367268 25.5144
0.00284749 0.009089 -0.999955 -153.223 -0.0177715 0.999801 0.00903702 3.33265 0.999838 0.017745 0.00300835 25.5043
0.00128664 0.00883581 -0.99996 -154.455 -0.0186434 0.999787 0.00881032 3.32654 0.999825 0.0186314 0.001451 25.4922
0.000354125 0.0126711 -0.99992 -155.687 -0.0188305 0.999743 0.0126622 3.32545 0.999823 0.0188245 0.000592541 25.4786
0.000187545 0.0182742 -0.999833 -156.926 -0.0234977 0.999557 0.0182648 3.33026 0.999724 0.0234904 0.000616769 25.4691
0.000383851 0.0179766 -0.999839 -158.158 -0.0276389 0.999457 0.0179592 3.33415 0.999618 0.0276276 0.000880403 25.4531
0.000968978 0.0140525 -0.999901 -159.389 -0.0309238 0.999424 0.0140158 3.33298 0.999521 0.0309072 0.00140288 25.4375
0.00171502 0.00900303 -0.999958 -160.62 -0.0337168 0.999392 0.00894013 3.32554 0.99943 0.0337001 0.00201743 25.4223
0.00186526 0.00735965 -0.999971 -161.851 -0.0360899 0.999322 0.00728758 3.31628 0.999347 0.0360753 0.00212951 25.4073
0.0026399 0.00372353 -0.99999 -163.077 -0.0301529 0.999539 0.00364227 3.30213 0.999542 0.0301431 0.00275086 25.3918
0.00287079 -0.000378124 -0.999996 -164.311 -0.0271865 0.99963 -0.000456008 3.28205 0.999626 0.0271878 0.00285935 25.3802
0.00254059 -0.00351383 -0.999991 -165.537 -0.022038 0.999751 -0.00356895 3.25802 0.999754 0.0220469 0.00246242 25.3646
0.00154604 -0.000750259 -0.999999 -166.77 -0.0194016 0.999812 -0.000780089 3.2379 0.999811 0.0194028 0.00153109 25.3499
0.00164038 0.00581812 -0.999982 -168.027 -0.020724 0.999769 0.00578291 3.22443 0.999784 0.0207142 0.00176048 25.352
0.00242625 0.00864079 -0.99996 -169.271 -0.022863 0.999702 0.00858311 3.21542 0.999736 0.0228413 0.00262298 25.3476
0.00405562 0.00543605 -0.999977 -170.504 -0.024052 0.999697 0.005337 3.20132 0.999703 0.0240299 0.00418504 25.3403
0.00513081 0.00581546 -0.99997 -171.739 -0.0264736 0.999634 0.00567769 3.18798 0.999636 0.0264437 0.00528279 25.3345
0.00624277 0.00645685 -0.99996 -172.967 -0.0237788 0.999698 0.00630673 3.17554 0.999698 0.0237385 0.00639432 25.3294
0.00765041 0.00464681 -0.99996 -174.195 -0.0214717 0.99976 0.00448163 3.16075 0.99974 0.0214366 0.00774824 25.3268
0.0103188 0.00351235 -0.999941 -175.393 -0.0211572 0.999771 0.00329345 3.14159 0.999723 0.021122 0.0103907 25.3249
0.0127076 0.00520007 -0.999906 -176.571 -0.023716 0.999707 0.00489766 3.12331 0.999638 0.0236516 0.0128271 25.3234
0.0152001 0.00670221 -0.999862 -177.73 -0.0237671 0.999698 0.00633982 3.11009 0.999602 0.0236675 0.0153547 25.3254
0.016582 0.00762816 -0.999834 -178.874 -0.0239878 0.999686 0.00722923 3.09864 0.999575 0.0238639 0.0167597 25.3236
0.0179559 0.00831173 -0.999804 -179.991 -0.0240908 0.999679 0.00787805 3.08634 0.999549 0.0239447 0.0181503 25.3196
0.0191257 0.00890845 -0.999778 -181.088 -0.0238092 0.999681 0.00845214 3.07366 0.999534 0.0236423 0.0193316 25.3143
0.0213932 0.00805716 -0.999739 -182.165 -0.0248226 0.999664 0.00752541 3.06038 0.999463 0.0246551 0.0215859 25.3082
0.0243673 0.00804158 -0.999671 -183.216 -0.0263227 0.999626 0.00739963 3.04726 0.999357 0.0261337 0.0245697 25.3065
0.0273384 0.00879285 -0.999588 -184.259 -0.0262251 0.999623 0.00807594 3.03412 0.999282 0.0259935 0.0275586 25.3142
0.0271753 0.00731423 -0.999604 -185.282 -0.0252445 0.999659 0.00662837 3.01873 0.999312 0.0250544 0.0273506 25.3211
0.0248256 0.00457508 -0.999681 -186.295 -0.0236929 0.999711 0.00398686 2.99913 0.999411 0.0235864 0.0249267 25.3299
0.0204871 0.00131215 -0.999789 -187.298 -0.0240981 0.999709 0.000818268 2.97673 0.9995 0.0240763 0.0205126 25.3344
0.016044 -0.00141127 -0.99987 -188.295 -0.0256412 0.99967 -0.0018224 2.95166 0.999543 0.0256672 0.0160025 25.3346
0.0123882 -0.00234156 -0.999921 -189.293 -0.0267937 0.999637 -0.00267282 2.92581 0.999564 0.0268247 0.0123209 25.3313
0.010131 -0.00146662 -0.999948 -190.269 -0.0287818 0.999584 -0.00175766 2.89975 0.999535 0.0287982 0.0100845 25.3219
0.00870924 0.000402508 -0.999962 -191.236 -0.0278467 0.999612 0.000159862 2.87572 0.999574 0.0278443 0.00871697 25.3122
0.00725711 0.00198979 -0.999972 -192.189 -0.0250241 0.999685 0.00180764 2.8537 0.999661 0.0250103 0.00730452 25.3015
0.00637553 0.00268195 -0.999976 -193.143 -0.0236791 0.999716 0.00253031 2.83229 0.999699 0.0236625 0.00643713 25.2902
0.00577364 0.00195741 -0.999982 -194.083 -0.0242248 0.999705 0.00181703 2.81138 0.99969 0.0242138 0.00581926 25.2777
0.00531611 0.00131606 -0.999985 -195.003 -0.0263459 0.999652 0.00117559 2.78962 0.999639 0.0263392 0.00534884 25.2629
0.0057762 0.00108895 -0.999983 -195.922 -0.0297357 0.999557 0.000916751 2.76777 0.999541 0.0297299 0.00580593 25.2484
0.00661696 -0.000241906 -0.999978 -196.846 -0.0322994 0.999478 -0.000455486 2.74406 0.999457 0.0323017 0.00660559 25.2354
0.00758385 -0.00211767 -0.999969 -197.747 -0.0321928 0.999479 -0.00236076 2.71783 0.999453 0.0322097 0.00751163 25.2229
0.00853828 -0.00429775 -0.999954 -198.644 -0.0326608 0.999456 -0.00457446 2.68944 0.99943 0.0326984 0.00839317 25.2114
0.00998054 -0.00391737 -0.999943 -199.567 -0.0325559 0.999461 -0.0042404 2.66102 0.99942 0.0325963 0.00984753 25.2031
0.0108742 -0.000820319 -0.999941 -200.495 -0.0294989 0.999564 -0.00114078 2.63602 0.999506 0.0295096 0.0108451 25.202
0.01104 0.000651131 -0.999939 -201.428 -0.0296937 0.999559 0.000323074 2.61258 0.999498 0.0296883 0.0110544 25.1938
0.0126237 -0.00240304 -0.999918 -202.377 -0.0244598 0.999697 -0.00271128 2.58656 0.999621 0.024492 0.012561 25.1897
0.01314 -0.00496476 -0.999901 -203.309 -0.0231224 0.999719 -0.00526768 2.55956 0.999646 0.0231893 0.0130214 25.1853
0.0139974 -0.00390117 -0.999895 -204.243 -0.0270522 0.999625 -0.00427879 2.53355 0.999536 0.0271092 0.0138865 25.1817
0.0159992 0.000444716 -0.999872 -205.194 -0.0282757 0.9996 -7.82096e-06 2.51219 0.999472 0.0282722 0.0160052 25.1824
0.0183797 0.000413618 -0.999831 -206.158 -0.0256216 0.999672 -5.74158e-05 2.4901 0.999503 0.0256183 0.0183842 25.1882
0.0207591 0.0024926 -0.999781 -207.133 -0.0241694 0.999706 0.0019906 2.47152 0.999492 0.0241228 0.0208132 25.1994
0.0222554 0.00745688 -0.999725 -208.109 -0.0241624 0.999684 0.00691872 2.45791 0.99946 0.0240018 0.0224284 25.2122
0.0240167 0.0109669 -0.999651 -209.085 -0.0202092 0.999741 0.0104824 2.44729 0.999507 0.0199504 0.024232 25.2265
0.0245831 0.0115231 -0.999631 -210.061 -0.01957 0.999748 0.0110432 2.43717 0.999506 0.0192914 0.0248023 25.2409
0.0257271 0.0127491 -0.999588 -211.063 -0.0225522 0.999672 0.0121697 2.42847 0.999415 0.0222298 0.0260061 25.2673
0.0273731 0.0144227 -0.999521 -212.066 -0.0255351 0.99958 0.0137243 2.42136 0.999299 0.0251472 0.0277298 25.2954
0.0298727 0.0146957 -0.999446 -213.067 -0.0257427 0.999572 0.0139282 2.41429 0.999222 0.0253124 0.0302382 25.3246
0.0317699 0.0127607 -0.999414 -214.085 -0.0285489 0.999522 0.0118546 2.40472 0.999088 0.0281555 0.0321189 25.3604
0.0341284 0.0100832 -0.999367 -215.109 -0.0286466 0.999548 0.00910675 2.3932 0.999007 0.0283177 0.0344017 25.3988
0.0348218 0.00907544 -0.999352 -216.133 -0.028311 0.999567 0.00809094 2.38081 0.998993 0.028011 0.0350636 25.4377
0.0352517 0.011459 -0.999313 -217.157 -0.027467 0.999568 0.010493 2.37115 0.999001 0.0270782 0.0355511 25.4772
0.0353782 0.0147119 -0.999266 -218.196 -0.0300059 0.999457 0.0136525 2.36513 0.998923 0.0295009 0.0358003 25.5201
0.0354315 0.0146276 -0.999265 -219.234 -0.0271588 0.999538 0.0136687 2.35998 0.999003 0.0266545 0.0358123 25.5547
0.0366042 0.012146 -0.999256 -220.257 -0.0215675 0.999703 0.0113614 2.35402 0.999097 0.0211357 0.0368552 25.5769
0.0357702 0.00920313 -0.999318 -221.291 -0.0192519 0.999779 0.00851829 2.34542 0.999175 0.0189341 0.0359394 25.5966
0.034688 0.00818444 -0.999365 -222.338 -0.0178079 0.999813 0.00757002 2.33752 0.99924 0.0175341 0.0348272 25.6208
0.0352182 0.00755526 -0.999351 -223.385 -0.0180182 0.999814 0.0069238 2.32893 0.999217 0.0177627 0.0353477 25.6446
0.0340242 0.00780219 -0.999391 -224.432 -0.0175374 0.99982 0.00720851 2.32074 0.999267 0.0172815 0.0341548 25.6666
0.0320339 0.00832497 -0.999452 -225.491 -0.0174671 0.999818 0.0077682 2.31387 0.999334 0.0172087 0.0321734 25.6896
0.030216 0.0100833 -0.999493 -226.567 -0.0154748 0.999834 0.009619 2.3118 0.999424 0.0151763 0.030367 25.7136
0.0284745 0.0115283 -0.999528 -227.648 -0.0171803 0.999792 0.011042 2.31115 0.999447 0.0168579 0.0286665 25.737
0.0259056 0.0132482 -0.999577 -228.729 -0.0188071 0.999742 0.012763 2.31244 0.999487 0.0184685 0.0261479 25.7577
0.0236648 0.0140524 -0.999621 -229.813 -0.0208129 0.999692 0.0135607 2.31452 0.999503 0.0204841 0.0239499 25.7762
0.0210075 0.0128377 -0.999697 -230.898 -0.0233393 0.999651 0.0123467 2.31541 0.999507 0.0230728 0.0212997 25.7911
0.0181185 0.00843145 -0.9998 -231.985 -0.0215936 0.999735 0.0080396 2.31155 0.999603 0.0214436 0.0182957 25.8018
0.0160515 0.00236957 -0.999868 -233.102 -0.0183626 0.999829 0.00207472 2.30181 0.999703 0.018327 0.0160922 25.8179
0.0127133 -0.00183203 -0.999918 -234.218 -0.0133223 0.999909 -0.00200137 2.28769 0.99983 0.0133467 0.0126876 25.8279
0.00910286 -0.00156405 -0.999957 -235.353 -0.00672825 0.999976 -0.0016253 2.27581 0.999936 0.00674279 0.00909202 25.8366
0.00571076 0.00188453 -0.999982 -236.488 -0.00246615 0.999995 0.0018705 2.26817 0.999981 0.00245546 0.00571528 25.8399
0.0028089 0.00394264 -0.999988 -237.642 -0.000824143 0.999992 0.00394037 2.2617 0.999996 0.000813105 0.00281203 25.8383
0.000981663 0.00306549 -0.999995 -238.797 0.00157263 0.999994 0.00306706 2.25395 0.999998 -0.0015756 0.000976741 25.8345
-0.00158599 0.00371729 -0.999992 -239.968 0.00125786 0.999992 0.00371533 2.2469 0.999998 -0.00125191 -0.00159075 25.8216
-0.00375576 0.00474135 -0.999982 -241.152 0.00216325 0.999987 0.00473327 2.24148 0.999991 -0.00214539 -0.00376606 25.806
-0.00578341 0.00386141 -0.999976 -242.336 0.00301678 0.999988 0.00384404 2.23489 0.999979 -0.00299444 -0.00579509 25.7881
-0.00770122 0.00201943 -0.999968 -243.544 0.00311706 0.999993 0.0019955 2.22711 0.999966 -0.00310155 -0.00770756 25.7671
-0.0095284 0.0014467 -0.999953 -244.763 0.00309306 0.999994 0.00141732 2.21839 0.99995 -0.00307937 -0.00953292 25.7462
-0.0122164 0.00201779 -0.999923 -245.994 0.00259569 0.999995 0.00198625 2.20944 0.999922 -0.00257119 -0.0122217 25.7257
-0.0145811 0.0018392 -0.999892 -247.234 0.00205041 0.999996 0.00180952 2.20009 0.999892 -0.00202377 -0.0145849 25.7052
-0.0174734 0.00256443 -0.999844 -248.486 0.000622749 0.999996 0.00255397 2.19022 0.999847 -0.000577985 -0.017475 25.6843
-0.0203343 0.00384087 -0.999786 -249.743 -0.0011213 0.999992 0.0038645 2.18162 0.999793 0.00119969 -0.0203299 25.6551
-0.0229334 0.00400551 -0.999729 -250.99 -0.00287726 0.999987 0.00407258 2.17216 0.999733 0.00296992 -0.0229217 25.6211
-0.0246547 0.00387508 -0.999688 -252.242 -0.00564133 0.999976 0.00401536 2.16199 0.99968 0.00573862 -0.0246324 25.5837
-0.0262029 0.00393013 -0.999649 -253.492 -0.00641458 0.999971 0.00409957 2.15222 0.999636 0.00651979 -0.026177 25.545
-0.0267167 0.0022681 -0.99964 -254.747 -0.00444079 0.999987 0.0023876 2.14594 0.999633 0.00450303 -0.0267064 25.5052
-0.0277259 0.000750962 -0.999615 -255.986 -0.00184142 0.999998 0.000802354 2.13681 0.999614 0.001863 -0.0277245 25.4584
-0.0284761 -0.000376753 -0.999594 -257.229 -0.00120179 0.999999 -0.00034264 2.12579 0.999594 0.00119159 -0.0284766 25.4115
-0.0298458 -0.00100613 -0.999554 -258.467 -0.00348849 0.999994 -0.000902377 2.11449 0.999549 0.00346005 -0.0298492 25.3604
-0.0304226 -0.00177142 -0.999535 -259.731 -0.00328461 0.999993 -0.00167223 2.09983 0.999532 0.00323226 -0.0304283 25.3165
-0.0308532 -0.0018126 -0.999522 -260.987 -0.00352639 0.999992 -0.00170457 2.08496 0.999518 0.00347216 -0.0308594 25.2685
-0.0311369 -0.00181615 -0.999513 -262.242 -0.000683949 0.999998 -0.00179569 2.06973 0.999515 0.000627746 -0.0311382 25.2193
-0.0320858 -0.000415639 -0.999485 -263.497 0.00334738 0.999994 -0.00052328 2.05618 0.99948 -0.0033624 -0.0320844 25.1688
-0.0324651 0.00207637 -0.99947 -264.752 0.00664383 0.999976 0.00186165 2.0456 0.999451 -0.00657983 -0.0324782 25.1178
-0.0330137 0.00343491 -0.999449 -266.014 0.0078126 0.999964 0.00317864 2.03568 0.999425 -0.00770332 -0.0330395 25.0717
-0.0339909 0.00103707 -0.999421 -267.267 0.00707878 0.999975 0.000796925 2.01948 0.999397 -0.00704756 -0.0339975 25.029
-0.0348633 -0.00074307 -0.999392 -268.507 0.00492454 0.999988 -0.000915273 2.00121 0.99938 -0.00495342 -0.0348593 24.9803
-0.0352811 0.00193091 -0.999375 -269.749 -0.000999662 0.999998 0.00196743 1.98572 0.999377 0.00106849 -0.0352792 24.937
-0.0366735 0.00745076 -0.999299 -270.99 -0.00561031 0.999955 0.00766158 1.97736 0.999312 0.0058874 -0.0366302 24.892
-0.0373429 0.00665744 -0.99928 -272.232 -0.00889495 0.999936 0.00699425 1.96776 0.999263 0.00914977 -0.0372813 24.8458
-0.0372132 -0.000226575 -0.999307 -273.473 -0.00917264 0.999958 0.000114889 1.94966 0.999265 0.0091706 -0.0372139 24.7996
-0.0383444 -0.00569772 -0.999248 -274.713 -0.00658674 0.999964 -0.00544902 1.925 0.999243 0.00637288 -0.0383806 24.7523
-0.0391971 -0.00648583 -0.99921 -275.954 -0.00134754 0.999978 -0.00643792 1.90004 0.999231 0.00109416 -0.0392051 24.7043
-0.0380265 -0.00556237 -0.999261 -277.194 0.00185848 0.999982 -0.00563708 1.87634 0.999275 -0.00207143 -0.0380156 24.6579
-0.037367 -0.00368069 -0.999295 -278.432 0.00278412 0.999989 -0.00378732 1.85606 0.999298 -0.00292364 -0.0373564 24.6106
-0.0369748 -0.00170284 -0.999315 -279.666 0.000446364 0.999998 -0.00172049 1.83823 0.999316 -0.000509634 -0.0369741 24.5619
-0.0363743 -0.00064465 -0.999338 -280.896 -0.00121487 0.999999 -0.000600826 1.82145 0.999338 0.00119225 -0.0363751 24.5113
-0.0359359 0.000105892 -0.999354 -282.136 -0.0017406 0.999998 0.000168582 1.80482 0.999353 0.00174557 -0.0359357 24.4641
-0.0352903 -0.000998912 -0.999376 -283.375 -0.00183825 0.999998 -0.00093459 1.7867 0.999375 0.00180416 -0.0352922 24.4175
-0.0351053 -0.00286354 -0.999379 -284.612 -0.00240473 0.999993 -0.0027808 1.76602 0.999381 0.00230566 -0.0351121 24.3674
-0.0350778 -0.00438194 -0.999375 -285.848 -0.00178355 0.999989 -0.004322 1.74336 0.999383 0.00163086 -0.0350853 24.3172
-0.0352703 -0.00494164 -0.999365 -287.083 -0.00272806 0.999985 -0.00484839 1.71976 0.999374 0.00255537 -0.0352833 24.2662
-0.0346394 -0.00535339 -0.999385 -288.308 -0.0036866 0.999979 -0.00522876 1.69533 0.999393 0.00350325 -0.0346585 24.2112
-0.0342554 -0.00526004 -0.999399 -289.533 -0.00490879 0.999975 -0.00509479 1.6714 0.999401 0.00473136 -0.0342805 24.1536
-0.0332308 -0.00541364 -0.999433 -290.737 -0.00435304 0.999977 -0.00527182 1.64579 0.999438 0.00417542 -0.0332537 24.094
-0.0327103 -0.00724193 -0.999439 -291.967 -0.00427761 0.999965 -0.00710571 1.6185 0.999456 0.00404281 -0.0327402 24.0301
-0.0321397 -0.00966371 -0.999437 -293.197 -0.00472224 0.999943 -0.00951672 1.58802 0.999472 0.00441375 -0.0321836 23.9673
-0.0318782 -0.0126016 -0.999412 -294.421 -0.0056325 0.999907 -0.0124281 1.55314 0.999476 0.00523304 -0.0319463 23.9066
-0.0315856 -0.0139176 -0.999404 -295.64 -0.00679348 0.999883 -0.0137095 1.51525 0.999478 0.00635645 -0.0316766 23.8464
-0.0308238 -0.0139917 -0.999427 -296.86 -0.00963881 0.99986 -0.0137004 1.47746 0.999478 0.00921102 -0.0309544 23.7872
-0.0308538 -0.0129984 -0.999439 -298.079 -0.0130781 0.999835 -0.0125998 1.44115 0.999438 0.0126821 -0.0310188 23.7279
-0.0310529 -0.0117149 -0.999449 -299.299 -0.0163988 0.999803 -0.0112096 1.40659 0.999383 0.0160417 -0.031239 23.6682
-0.0316929 -0.0114958 -0.999431 -300.519 -0.0183087 0.999773 -0.0109191 1.37231 0.99933 0.0179522 -0.0318963 23.6073
-0.0325859 -0.0136175 -0.999376 -301.733 -0.0194172 0.999727 -0.0129891 1.33494 0.99928 0.0189819 -0.0328415 23.5438
-0.0331498 -0.0153689 -0.999332 -302.97 -0.0176091 0.999735 -0.0147909 1.29289 0.999295 0.0171071 -0.0334118 23.4883
-0.0345778 -0.0152896 -0.999285 -304.207 -0.0155488 0.99977 -0.014759 1.25099 0.999281 0.0150274 -0.0348077 23.4309
-0.0358019 -0.0132347 -0.999271 -305.435 -0.0143093 0.999817 -0.0127292 1.21302 0.999257 0.0138432 -0.0359848 23.3679
-0.0367502 -0.0118123 -0.999255 -306.672 -0.0132015 0.999849 -0.0113338 1.17514 0.999237 0.0127752 -0.0369006 23.3049
-0.0375404 -0.0120865 -0.999222 -307.933 -0.0143468 0.99983 -0.0115548 1.134 0.999192 0.013902 -0.0377075 23.2461
