1 0 0 0 0 1 0 0 0 0 1 0
0.999904 -0.00300755 0.013526 -0.0551191 0.00301381 0.999995 -0.000442498 0.0211088 -0.0135246 0.000483221 0.999908 0.344101
0.999718 -0.0056807 0.0230462 -0.0990163 0.00572627 0.999982 -0.00191188 0.0393666 -0.0230349 0.00204331 0.999733 0.676052
0.999595 -0.00843881 0.0271772 -0.125315 0.00856445 0.999953 -0.00450976 0.0519479 -0.0271379 0.00474069 0.99962 0.986428
0.99959 -0.0106399 0.0265639 -0.151921 0.0108364 0.999915 -0.00726131 0.0635339 -0.0264844 0.00754619 0.999621 1.29696
0.999693 -0.0125964 0.021322 -0.180294 0.0127993 0.999874 -0.00940826 0.0743958 -0.0212008 0.00967828 0.999728 1.60749
0.999846 -0.0145107 0.00986479 -0.213099 0.0146318 0.999817 -0.0123074 0.0849556 -0.0096844 0.0124498 0.999876 1.92102
0.999891 -0.0137725 -0.00534382 -0.249929 0.0136953 0.999805 -0.0142255 0.0944593 0.0055387 0.0141507 0.999884 2.23004
0.999668 -0.00879092 -0.0241943 -0.29177 0.0084307 0.999853 -0.0149505 0.103811 0.0243222 0.0147415 0.999595 2.54375
0.999018 -0.00482443 -0.044035 -0.33979 0.00406753 0.999843 -0.0172619 0.112568 0.0441113 0.0170658 0.998881 2.85832
0.997988 -0.00398421 -0.0632715 -0.394362 0.00275339 0.999806 -0.0195282 0.120695 0.063337 0.0193147 0.997805 3.17207
0.996492 -0.00491762 -0.0835462 -0.45566 0.00323901 0.99979 -0.0202156 0.129171 0.0836281 0.0198741 0.996299 3.49845
0.994764 -0.00451367 -0.102098 -0.522974 0.00227129 0.999754 -0.0220686 0.137066 0.102173 0.0217211 0.994529 3.82312
0.99287 -0.00305628 -0.11916 -0.596178 0.000288268 0.99973 -0.0232397 0.144081 0.119198 0.0230397 0.992603 4.15264
0.990795 -0.00153988 -0.135362 -0.661941 -0.0016899 0.999717 -0.0237422 0.146912 0.13536 0.0237524 0.990512 4.56047
0.988801 -0.000147293 -0.149237 -0.733129 -0.00372821 0.999663 -0.0256886 0.148876 0.149191 0.0259573 0.988468 4.96645
0.986816 -0.00172358 -0.161836 -0.806874 -0.00283483 0.999606 -0.0279317 0.148867 0.161821 0.0280222 0.986422 5.38922
0.985106 -0.00565023 -0.171853 -0.887115 0.000289311 0.999513 -0.0312039 0.146944 0.171945 0.0306894 0.984628 5.81502
0.983634 -0.00422732 -0.180124 -0.966939 -0.00200723 0.999406 -0.0344162 0.143789 0.180162 0.0342145 0.983042 6.25714
0.981853 -0.00385997 -0.189605 -1.04485 -0.00328542 0.999297 -0.0373569 0.140066 0.189616 0.0373019 0.98115 6.73536
0.980037 -0.00357436 -0.198779 -1.13157 -0.0048487 0.999111 -0.041871 0.132554 0.198752 0.041999 0.979149 7.21201
0.978433 -0.00504024 -0.206502 -1.22195 -0.00423243 0.999003 -0.0444371 0.124112 0.20652 0.0443528 0.977436 7.68677
0.976579 -0.0104922 -0.2149 -1.31503 0.000256261 0.998866 -0.0476039 0.11322 0.215156 0.0464339 0.975475 8.17399
0.974304 -0.0103071 -0.224999 -1.41488 -0.00121757 0.998697 -0.0510224 0.0974285 0.225232 0.0499853 0.973022 8.67446
0.971887 -0.00322163 -0.235423 -1.52391 -0.0103876 0.998346 -0.0565444 0.0763909 0.235216 0.0574003 0.970247 9.18583
0.969188 -0.00279384 -0.246306 -1.63983 -0.0121575 0.998175 -0.0591605 0.0533335 0.246022 0.0603321 0.967385 9.70009
0.966595 -0.00957167 -0.256129 -1.76162 -0.00562827 0.998269 -0.0585461 0.0307633 0.256246 0.058032 0.964868 10.2146
0.963928 -0.0122775 -0.26588 -1.88934 -0.00409918 0.998132 -0.0609519 0.0068381 0.266132 0.0598431 0.962077 10.7281
0.961495 -0.0125789 -0.274532 -2.02755 -0.00525808 0.997927 -0.0641396 -0.0203963 0.27477 0.0631135 0.959436 11.2594
0.958885 -0.0109696 -0.283581 -2.17308 -0.00884381 0.997612 -0.0684942 -0.0499632 0.283655 0.068186 0.956499 11.7885
0.956279 -0.0109642 -0.29225 -2.32596 -0.0111102 0.997214 -0.073766 -0.0842343 0.292245 0.0737878 0.953493 12.3273
0.953983 -0.0117745 -0.299629 -2.48604 -0.0133836 0.996561 -0.0817735 -0.124527 0.299561 0.0820207 0.950545 12.876
0.952103 -0.0114529 -0.305562 -2.659 -0.0170605 0.995752 -0.0904813 -0.171209 0.3053 0.0913606 0.947863 13.447
0.950251 -0.0123538 -0.31124 -2.83952 -0.0196084 0.994859 -0.099355 -0.226039 0.310867 0.100515 0.945123 14.0405
0.948188 -0.0148046 -0.317363 -3.02746 -0.0203481 0.994033 -0.107165 -0.285371 0.317056 0.10807 0.942229 14.6455
0.9461 -0.0171046 -0.323421 -3.22133 -0.0209984 0.993264 -0.113957 -0.350011 0.323192 0.114606 0.939368 15.2601
0.943381 -0.0161051 -0.33132 -3.42461 -0.0254614 0.992358 -0.120735 -0.420409 0.330733 0.122335 0.935762 15.8934
0.940688 -0.0146171 -0.338956 -3.63619 -0.0305111 0.991378 -0.127428 -0.497086 0.337896 0.130212 0.932132 16.5319
0.937788 -0.0151834 -0.346875 -3.85953 -0.0331775 0.990553 -0.133055 -0.576605 0.345619 0.136286 0.928425 17.1841
0.934987 -0.0151707 -0.354356 -4.10066 -0.0358167 0.989939 -0.136885 -0.65579 0.352868 0.140678 0.925037 17.8457
0.932797 -0.0139991 -0.360129 -4.34576 -0.0390285 0.989445 -0.139553 -0.737099 0.358281 0.14423 0.922406 18.506
0.930073 -0.0141248 -0.367102 -4.59842 -0.0402843 0.989314 -0.140128 -0.819556 0.365158 0.145118 0.919565 19.1668
0.927358 -0.0144134 -0.373897 -4.86016 -0.041039 0.989312 -0.139924 -0.902608 0.371917 0.145104 0.916855 19.8316
0.924538 -0.0154232 -0.380776 -5.13246 -0.0411702 0.98929 -0.140034 -0.987756 0.378858 0.145143 0.914002 20.5031
0.921082 -0.0142232 -0.389107 -5.41586 -0.0431923 0.989433 -0.138411 -1.07279 0.386964 0.144294 0.910735 21.1779
0.916954 -0.0128192 -0.398786 -5.70687 -0.0448151 0.98985 -0.134865 -1.15563 0.396468 0.141537 0.907073 21.8519
0.913034 -0.0106009 -0.407746 -6.00881 -0.0473345 0.990154 -0.131735 -1.23844 0.405128 0.139579 0.903543 22.5315
0.908985 -0.00750316 -0.41676 -6.31875 -0.0511307 0.99028 -0.129348 -1.3211 0.41368 0.138885 0.899767 23.2111
0.904873 -0.00740774 -0.425617 -6.64166 -0.052522 0.990266 -0.128898 -1.40548 0.422429 0.138991 0.895676 23.9013
0.899757 -0.00701894 -0.436334 -6.97902 -0.0554394 0.989931 -0.130245 -1.49252 0.432854 0.141379 0.890309 24.5978
0.895855 -0.00665877 -0.444296 -7.32395 -0.0573517 0.989791 -0.130475 -1.58016 0.440629 0.142368 0.886328 25.2934
0.891626 -0.00629223 -0.452728 -7.67565 -0.0592686 0.989678 -0.130482 -1.66794 0.448876 0.143174 0.88205 25.986
0.887917 -0.00674898 -0.459954 -8.03553 -0.0595935 0.989778 -0.129565 -1.75562 0.456127 0.142454 0.878439 26.6817
0.883769 -0.0064765 -0.467877 -8.40432 -0.059754 0.990156 -0.126575 -1.84192 0.464091 0.139821 0.874683 27.3799
0.879283 -0.00731906 -0.476244 -8.78074 -0.0559351 0.991376 -0.118508 -1.92196 0.473004 0.130841 0.871291 28.0769
0.874891 -0.00827038 -0.484249 -9.17145 -0.054846 0.99173 -0.116028 -2.00205 0.481204 0.128071 0.867203 28.7831
0.87101 -0.00735636 -0.49121 -9.56833 -0.0572676 0.99155 -0.116396 -2.08291 0.487916 0.129513 0.863229 29.4875
0.867852 -0.0108575 -0.496703 -9.97525 -0.0537326 0.991846 -0.115564 -2.16439 0.493908 0.126981 0.860192 30.1961
0.865142 -0.0107059 -0.501412 -10.3926 -0.0543703 0.991878 -0.114989 -2.2463 0.498571 0.126744 0.857534 30.9117
0.862628 -0.0137291 -0.505652 -10.8224 -0.0512895 0.992106 -0.114435 -2.33028 0.503231 0.12465 0.855115 31.6404
0.85922 -0.0171293 -0.511319 -11.2755 -0.0486108 0.992184 -0.114924 -2.41928 0.509291 0.123601 0.851672 32.4035
0.857138 -0.0199662 -0.514699 -11.7395 -0.0463762 0.992198 -0.115721 -2.51183 0.512994 0.123058 0.849526 33.1781
0.854487 -0.0268729 -0.518776 -12.2416 -0.0381177 0.992725 -0.114208 -2.60544 0.518071 0.117364 0.847247 34.0174
0.852557 -0.0267327 -0.52195 -12.7506 -0.0397805 0.992474 -0.115809 -2.70455 0.521118 0.119498 0.845078 34.87
0.851486 -0.0286794 -0.523591 -13.2686 -0.037304 0.99266 -0.115038 -2.80218 0.523048 0.117485 0.844167 35.7371
0.850125 -0.026959 -0.52589 -13.7945 -0.0409005 0.992291 -0.116986 -2.90986 0.52499 0.120962 0.842469 36.6156
0.848501 -0.028446 -0.528428 -14.3266 -0.0408651 0.99205 -0.119021 -3.02233 0.527613 0.122583 0.840594 37.4959
0.846865 -0.0317519 -0.530858 -14.8645 -0.0378198 0.992093 -0.119673 -3.13549 0.53046 0.121424 0.838969 38.3769
0.844645 -0.0372717 -0.534027 -15.4127 -0.0304659 0.99261 -0.117464 -3.24079 0.534458 0.115486 0.837268 39.2591
0.841695 -0.0392729 -0.538522 -15.9655 -0.0277097 0.992895 -0.115719 -3.34461 0.539241 0.112322 0.834628 40.138
0.838365 -0.0423916 -0.543458 -16.5259 -0.0233532 0.993263 -0.113504 -3.44681 0.544608 0.107849 0.831727 41.0159
0.833513 -0.0446687 -0.55069 -17.0937 -0.0215978 0.99333 -0.113263 -3.54945 0.552077 0.1063 0.82699 41.8883
0.827347 -0.0499429 -0.559466 -17.671 -0.0190672 0.992968 -0.116838 -3.65616 0.561367 0.107333 0.820577 42.7543
0.820493 -0.0542034 -0.569081 -18.2595 -0.018452 0.992465 -0.121133 -3.76777 0.571359 0.10989 0.81331 43.6138
0.813061 -0.0556531 -0.579512 -18.8585 -0.0193667 0.992284 -0.122465 -3.88137 0.581856 0.110795 0.80571 44.4638
0.807109 -0.0537767 -0.587948 -19.4663 -0.0204662 0.992696 -0.118892 -3.99125 0.590047 0.107992 0.800114 45.3088
0.801326 -0.0511236 -0.596039 -20.0938 -0.0231103 0.992953 -0.116238 -4.10044 0.597781 0.106919 0.794497 46.1592
0.796208 -0.0516419 -0.602815 -20.7233 -0.0265553 0.992408 -0.120092 -4.21492 0.60444 0.111626 0.788792 46.9961
0.792217 -0.0558561 -0.607678 -21.3584 -0.0266184 0.991691 -0.125856 -4.33594 0.609659 0.11588 0.784148 47.8286
0.787992 -0.0587418 -0.612876 -22.0129 -0.0300914 0.990574 -0.133632 -4.46914 0.614949 0.123743 0.778797 48.6814
0.784418 -0.0610139 -0.617224 -22.6642 -0.0306531 0.99012 -0.136832 -4.60517 0.619475 0.126253 0.774797 49.5163
0.77988 -0.0615929 -0.622891 -23.321 -0.0292391 0.990475 -0.134549 -4.73859 0.625245 0.123145 0.770652 50.3461
0.775643 -0.0594436 -0.628367 -23.9831 -0.0302785 0.990905 -0.131115 -4.86868 0.630445 0.120724 0.766788 51.1637
0.771738 -0.0577366 -0.633314 -24.6687 -0.0322209 0.991041 -0.129613 -5.00458 0.635123 0.120433 0.762964 52.0033
0.76758 -0.0577886 -0.638342 -25.3575 -0.0346455 0.99073 -0.13135 -5.14232 0.640016 0.122937 0.758463 52.8357
0.763939 -0.058506 -0.64263 -26.051 -0.0370446 0.990263 -0.134193 -5.28336 0.644224 0.126321 0.754334 53.6636
0.758999 -0.0619226 -0.64814 -26.749 -0.0361469 0.989924 -0.136906 -5.4272 0.650087 0.12734 0.749114 54.4834
0.753869 -0.063048 -0.653992 -27.4538 -0.0377602 0.989582 -0.138927 -5.57366 0.655938 0.129428 0.743635 55.2974
0.748286 -0.0628771 -0.66039 -28.1656 -0.0399732 0.989415 -0.139498 -5.72072 0.662171 0.130782 0.737852 56.1052
0.742305 -0.0634971 -0.667046 -28.8854 -0.0408931 0.989351 -0.139685 -5.86881 0.668813 0.130966 0.731804 56.9092
0.736128 -0.064816 -0.673732 -29.6215 -0.0427714 0.98896 -0.141875 -6.0215 0.67549 0.133255 0.725229 57.7086
0.729873 -0.067357 -0.680256 -30.3675 -0.0422817 0.98878 -0.143272 -6.17499 0.682274 0.133333 0.718836 58.5066
0.723571 -0.0675005 -0.686941 -31.1212 -0.0457766 0.988323 -0.145333 -6.33314 0.68873 0.136604 0.712033 59.2935
0.717118 -0.0655286 -0.693864 -31.8812 -0.053072 0.987545 -0.148114 -6.49516 0.694928 0.14304 0.704709 60.0602
0.711791 -0.067489 -0.699141 -32.6474 -0.0528974 0.987396 -0.149169 -6.65868 0.700397 0.14316 0.69925 60.8217
0.70515 -0.0696678 -0.705627 -33.4224 -0.0521962 0.987361 -0.149645 -6.82262 0.707134 0.142353 0.692602 61.5767
0.698308 -0.0700412 -0.712363 -34.205 -0.0517188 0.987663 -0.147808 -6.9844 0.713927 0.140058 0.68607 62.3246
0.690835 -0.0717996 -0.719438 -34.9954 -0.0510007 0.987739 -0.147549 -7.14601 0.721212 0.138624 0.678703 63.0644
0.684272 -0.0746856 -0.725392 -35.7945 -0.0495882 0.987673 -0.148467 -7.30932 0.727539 0.137563 0.672134 63.7986
0.678097 -0.0769584 -0.730932 -36.5995 -0.049827 0.987401 -0.150187 -7.47446 0.733281 0.138262 0.66572 64.5256
0.671299 -0.0772087 -0.737155 -37.4116 -0.0508446 0.98742 -0.149723 -7.63895 0.739441 0.137989 0.658928 65.2453
0.665199 -0.0776154 -0.742621 -38.2297 -0.0516491 0.987417 -0.149465 -7.80318 0.744878 0.13778 0.65282 65.9584
0.659996 -0.078434 -0.747163 -39.0527 -0.0524181 0.987304 -0.149946 -7.96799 0.749438 0.138129 0.647506 66.6657
0.654962 -0.0805856 -0.751353 -39.8818 -0.0518908 0.987154 -0.15111 -8.13432 0.753879 0.13796 0.642367 67.3683
0.649473 -0.0838737 -0.755744 -40.7163 -0.0521492 0.986644 -0.154316 -8.30441 0.758594 0.139635 0.636426 68.0642
0.644318 -0.0871393 -0.759777 -41.5557 -0.0514501 0.986297 -0.156751 -8.47725 0.763025 0.140088 0.631006 68.7544
0.639157 -0.0888203 -0.76393 -42.3995 -0.0517188 0.986096 -0.157923 -8.65112 0.767336 0.140447 0.625676 69.4385
0.634699 -0.0894604 -0.767564 -43.2547 -0.0507485 0.986307 -0.156919 -8.82537 0.771092 0.138549 0.621468 70.1225
0.629832 -0.0903421 -0.771459 -44.119 -0.0503882 0.986368 -0.156647 -8.99984 0.775095 0.137534 0.616695 70.8051
0.624731 -0.0923944 -0.775354 -44.9877 -0.0498057 0.986237 -0.157655 -9.17564 0.77925 0.137109 0.611532 71.4821
0.620031 -0.0940387 -0.778921 -45.8605 -0.0491449 0.986186 -0.158182 -9.35203 0.783037 0.136358 0.606845 72.154
0.615311 -0.0958281 -0.782438 -46.7505 -0.0480851 0.986172 -0.158595 -9.53176 0.786816 0.135209 0.602195 72.8322
0.610653 -0.0972961 -0.785898 -47.6643 -0.0472256 0.986183 -0.158787 -9.71784 0.790489 0.134078 0.597621 73.5272
0.606197 -0.101309 -0.788836 -48.5964 -0.0436457 0.986121 -0.160187 -9.90799 0.794116 0.131534 0.593362 74.2336
0.600965 -0.106925 -0.792091 -49.5324 -0.0400007 0.985746 -0.163416 -10.102 0.798274 0.129892 0.588122 74.9336
0.595244 -0.111266 -0.795804 -50.4774 -0.036706 0.985568 -0.165254 -10.299 0.802706 0.127577 0.58257 75.6327
0.58755 -0.115156 -0.800952 -51.4285 -0.0333144 0.98554 -0.166133 -10.497 0.808502 0.124295 0.575218 76.3227
0.578604 -0.119201 -0.80685 -52.3875 -0.0284793 0.985706 -0.166048 -10.6944 0.815111 0.119054 0.56694 77.0037
0.568569 -0.120593 -0.813748 -53.3545 -0.0276066 0.985843 -0.165385 -10.8912 0.822172 0.116498 0.557191 77.6722
0.558983 -0.119642 -0.820502 -54.3383 -0.0283585 0.986198 -0.163123 -11.0864 0.828694 0.114451 0.547876 78.3331
0.549648 -0.120199 -0.826704 -55.3296 -0.0304537 0.986054 -0.163616 -11.2825 0.834842 0.115107 0.538322 78.9825
0.539571 -0.122151 -0.833032 -56.3292 -0.0319193 0.98574 -0.165218 -11.4808 0.841335 0.115737 0.527978 79.6197
0.528884 -0.124907 -0.839452 -57.3365 -0.0322789 0.985434 -0.166965 -11.6812 0.84808 0.115402 0.517149 80.2441
0.51826 -0.127107 -0.845724 -58.3542 -0.0331476 0.985165 -0.168377 -11.8841 0.854581 0.115297 0.506359 80.8572
0.507412 -0.128611 -0.852051 -59.3815 -0.031443 0.985377 -0.167461 -12.086 0.86113 0.111763 0.495949 81.4579
0.495512 -0.129387 -0.85891 -60.4175 -0.0311816 0.985556 -0.166454 -12.2868 0.868042 0.109262 0.48432 82.0448
0.484909 -0.130372 -0.864792 -61.4605 -0.0342871 0.985232 -0.167755 -12.4894 0.873892 0.110997 0.473279 82.618
0.474328 -0.131868 -0.870416 -62.5187 -0.0372559 0.984825 -0.169503 -12.6949 0.87956 0.112828 0.462218 83.1816
0.464332 -0.133187 -0.87559 -63.5837 -0.0393136 0.984554 -0.17061 -12.9017 0.884789 0.113642 0.451924 83.7328
0.454374 -0.13497 -0.880527 -64.6549 -0.0412648 0.984205 -0.172156 -13.1105 0.889855 0.114558 0.441628 84.2715
0.445064 -0.135511 -0.885186 -65.732 -0.0446166 0.983901 -0.173056 -13.3204 0.894387 0.116515 0.431853 84.7985
0.435904 -0.134393 -0.889902 -66.8275 -0.0457824 0.984197 -0.171059 -13.5299 0.898828 0.115307 0.422863 85.3185
0.427795 -0.133218 -0.894005 -67.9296 -0.0481566 0.984315 -0.169719 -13.7383 0.902592 0.115657 0.41467 85.8291
0.419771 -0.134648 -0.897587 -69.0468 -0.047902 0.98427 -0.170054 -13.9489 0.906366 0.11438 0.406718 86.3353
0.411822 -0.138525 -0.900674 -70.1679 -0.0480219 0.983706 -0.173253 -14.1637 0.909999 0.114602 0.39846 86.8315
0.403803 -0.1427 -0.903648 -71.296 -0.0466495 0.983263 -0.176118 -14.3837 0.913656 0.113272 0.390388 87.3203
0.397653 -0.145749 -0.905886 -72.4276 -0.0473726 0.982725 -0.178907 -14.6075 0.916313 0.114057 0.383879 87.8016
0.390862 -0.149586 -0.908213 -73.5647 -0.0471158 0.982161 -0.182042 -14.8359 0.919243 0.113945 0.376842 88.2755
0.385234 -0.151022 -0.910377 -74.7058 -0.0448858 0.982284 -0.181945 -15.064 0.921727 0.110954 0.371631 88.7429
0.380491 -0.149498 -0.912621 -75.8524 -0.0425099 0.982977 -0.178747 -15.288 0.923808 0.106807 0.367659 89.2061
0.376623 -0.148816 -0.914335 -76.9998 -0.0407064 0.983401 -0.176824 -15.5097 0.925472 0.103815 0.364313 89.6637
0.373385 -0.149598 -0.915534 -78.1491 -0.0378568 0.983633 -0.176165 -15.7306 0.926904 0.100437 0.361611 90.1179
0.370533 -0.150831 -0.916491 -79.2986 -0.0356599 0.983689 -0.176307 -15.9519 0.928135 0.0980096 0.359111 90.5689
0.36771 -0.151111 -0.917581 -80.4492 -0.0342624 0.983838 -0.175753 -16.1725 0.929309 0.0960648 0.35659 91.0166
0.3633 -0.152049 -0.919181 -81.6016 -0.031719 0.984003 -0.175308 -16.3925 0.931132 0.0928451 0.352666 91.4594
0.360359 -0.154114 -0.919995 -82.7508 -0.0290568 0.983925 -0.176205 -16.6136 0.932361 0.0902292 0.350088 91.8985
0.357244 -0.155631 -0.920954 -83.9011 -0.0264774 0.983936 -0.176546 -16.8352 0.933636 0.0874544 0.347385 92.3341
0.354408 -0.156098 -0.921969 -85.05 -0.0232464 0.984193 -0.175569 -17.0554 0.934802 0.0836558 0.345178 92.7671
0.351161 -0.155489 -0.923314 -86.2013 -0.020976 0.984561 -0.173781 -17.2732 0.936081 0.0803928 0.342478 93.1965
0.348636 -0.158441 -0.923769 -87.3521 -0.0184377 0.984258 -0.175775 -17.4937 0.937077 0.0783137 0.340227 93.6228
0.347061 -0.160236 -0.924052 -88.5017 -0.0176138 0.984009 -0.177248 -17.7158 0.937678 0.0777922 0.338689 94.0472
0.345154 -0.163066 -0.924271 -89.6498 -0.0161804 0.983611 -0.179578 -17.9409 0.938407 0.0769371 0.336859 94.4691
0.344388 -0.165004 -0.924213 -90.7943 -0.0156295 0.98329 -0.181375 -18.1679 0.938698 0.0769086 0.336055 94.8902
0.344175 -0.166398 -0.924043 -91.936 -0.0145251 0.983109 -0.182444 -18.396 0.938794 0.0762146 0.335945 95.3111
0.346004 -0.168438 -0.922989 -93.0665 -0.0124078 0.982846 -0.184013 -18.625 0.938151 0.0751215 0.337979 95.7345
0.348864 -0.169748 -0.921672 -94.1888 -0.0127466 0.982509 -0.185778 -18.8549 0.937087 0.0765596 0.340599 96.1608
0.352703 -0.170989 -0.91998 -95.3032 -0.0114345 0.982302 -0.186956 -19.0858 0.935666 0.0764595 0.344506 96.5916
0.357181 -0.170695 -0.918305 -96.4148 -0.0106542 0.982351 -0.186744 -19.3162 0.933975 0.0764854 0.349059 97.0278
0.362817 -0.170106 -0.916203 -97.5167 -0.0121933 0.982247 -0.187197 -19.5465 0.931781 0.0790898 0.354302 97.4699
0.368874 -0.169812 -0.913836 -98.6021 -0.0113872 0.98227 -0.187125 -19.775 0.92941 0.0794317 0.3604 97.9178
0.375967 -0.170438 -0.910823 -99.6736 -0.0101834 0.98212 -0.187983 -20.0034 0.926578 0.0799509 0.367509 98.3729
0.384965 -0.17247 -0.906673 -100.739 -0.00926646 0.981612 -0.19066 -20.235 0.922885 0.0817993 0.376289 98.8381
0.39453 -0.174757 -0.902112 -101.787 -0.00948206 0.980922 -0.194171 -20.4672 0.918835 0.0851602 0.385347 99.3019
0.405286 -0.176582 -0.896974 -102.828 -0.00952402 0.980299 -0.197289 -20.7029 0.914141 0.0885014 0.39562 99.7776
0.415721 -0.175914 -0.892317 -103.862 -0.00919251 0.980253 -0.197533 -20.9386 0.909446 0.0903212 0.405895 100.265
0.425792 -0.174178 -0.887898 -104.888 -0.00824553 0.980509 -0.1963 -21.1721 0.904784 0.0909042 0.416057 100.763
0.436647 -0.172635 -0.882913 -105.907 -0.00699279 0.980735 -0.19522 -21.4043 0.899606 0.0914163 0.427028 101.273
0.447129 -0.173044 -0.877571 -106.918 -0.00409669 0.980702 -0.195467 -21.6365 0.894461 0.0909941 0.437791 101.795
0.456415 -0.174191 -0.872549 -107.922 -0.00180532 0.980466 -0.196679 -21.8701 0.889766 0.0913426 0.447186 102.328
0.466151 -0.175771 -0.867068 -108.919 0.000492924 0.980116 -0.198423 -22.1056 0.884706 0.0920679 0.456969 102.872
0.475285 -0.177134 -0.861817 -109.909 0.00301619 0.979846 -0.19973 -22.3424 0.879828 0.0923291 0.466241 103.426
0.483163 -0.178181 -0.857207 -110.893 0.00559656 0.979681 -0.200484 -22.5798 0.875513 0.0920692 0.474344 103.989
0.491576 -0.176926 -0.852672 -111.864 0.0075679 0.979975 -0.198978 -22.814 0.870802 0.0913602 0.483072 104.56
0.500309 -0.175733 -0.847826 -112.829 0.00979255 0.980273 -0.197407 -23.0463 0.865792 0.0904624 0.49216 105.141
0.509282 -0.176316 -0.842344 -113.787 0.0115143 0.980096 -0.198188 -23.2794 0.860523 0.0912347 0.501176 105.731
0.518211 -0.178063 -0.836511 -114.737 0.0144466 0.979769 -0.199608 -23.5138 0.855131 0.0913544 0.5103 106.331
0.525328 -0.179798 -0.831686 -115.678 0.0164589 0.979385 -0.201332 -23.7497 0.850741 0.0920768 0.517458 106.938
0.533761 -0.178097 -0.826668 -116.603 0.0138315 0.979279 -0.202045 -23.984 0.845523 0.0964096 0.525165 107.548
0.540776 -0.177742 -0.822173 -117.522 0.0131221 0.979084 -0.203033 -24.219 0.841065 0.0990069 0.531798 108.165
0.547214 -0.178028 -0.81784 -118.423 0.018227 0.97942 -0.201005 -24.4492 0.836795 0.0950863 0.539198 108.788
0.553026 -0.178349 -0.81385 -119.232 0.0212193 0.979518 -0.200235 -24.6684 0.832894 0.0934658 0.545485 109.378
0.558811 -0.177302 -0.810119 -120.029 0.0197055 0.979441 -0.200767 -24.8862 0.829061 0.096227 0.550817 109.967
0.564576 -0.176579 -0.806271 -120.817 0.0200281 0.979491 -0.200491 -25.1024 0.825138 0.0970443 0.556535 110.558
0.569804 -0.175476 -0.802827 -121.596 0.023659 0.980034 -0.197417 -25.3151 0.82144 0.0934948 0.56258 111.15
0.575714 -0.172658 -0.799213 -122.362 0.0239934 0.980597 -0.19456 -25.5236 0.817299 0.0928354 0.568687 111.74
0.581536 -0.171774 -0.795179 -123.109 0.0254957 0.980822 -0.193231 -25.7286 0.813122 0.0920972 0.574763 112.327
0.587569 -0.171275 -0.790839 -123.842 0.0272887 0.98098 -0.19218 -25.9304 0.808714 0.0913383 0.581069 112.908
0.59531 -0.168755 -0.785575 -124.566 0.0258043 0.981207 -0.191226 -26.1303 0.803082 0.0935674 0.588477 113.488
0.604854 -0.165659 -0.778914 -125.278 0.0266997 0.981792 -0.188073 -26.3252 0.795889 0.0929601 0.598265 114.067
0.61503 -0.161819 -0.77172 -125.973 0.0273044 0.982499 -0.184256 -26.5113 0.788031 0.0922516 0.608685 114.633
0.626655 -0.160282 -0.762635 -126.65 0.0287567 0.98271 -0.182906 -26.6925 0.778767 0.0926878 0.62043 115.198
0.637802 -0.159517 -0.753499 -127.319 0.0296866 0.982682 -0.182907 -26.8737 0.769628 0.09429 0.631493 115.772
0.648546 -0.160749 -0.744007 -127.979 0.0321406 0.982358 -0.18423 -27.0559 0.760497 0.0955688 0.642271 116.356
0.660268 -0.159335 -0.733932 -128.622 0.0337847 0.982548 -0.182916 -27.2356 0.75027 0.0959779 0.654129 116.946
0.672273 -0.157099 -0.723442 -129.252 0.0357877 0.982978 -0.180203 -27.4116 0.739438 0.0952553 0.666453 117.545
0.684147 -0.15412 -0.712874 -129.871 0.0365673 0.983438 -0.177521 -27.5851 0.728427 0.0953824 0.678452 118.154
0.695669 -0.153115 -0.701855 -130.481 0.040481 0.983824 -0.174505 -27.756 0.717221 0.0929858 0.690615 118.775
0.707061 -0.15114 -0.690812 -131.081 0.0437617 0.984372 -0.170576 -27.9233 0.705797 0.0903769 0.702626 119.406
0.716728 -0.149488 -0.681141 -131.672 0.0463667 0.984808 -0.167344 -28.0876 0.69581 0.0883577 0.712771 120.046
0.725243 -0.15007 -0.671938 -132.251 0.0502643 0.984892 -0.165713 -28.2496 0.686656 0.0864079 0.72183 120.691
0.733516 -0.14823 -0.66331 -132.823 0.0509766 0.985178 -0.163786 -28.4099 0.677757 0.0863268 0.730201 121.344
0.74174 -0.146566 -0.654477 -133.387 0.0516635 0.985417 -0.162126 -28.5687 0.668695 0.0864425 0.738496 122.004
0.749721 -0.145203 -0.645627 -133.94 0.0529722 0.985668 -0.160166 -28.7248 0.65963 0.0858794 0.746668 122.666
0.757997 -0.141399 -0.636746 -134.484 0.0513273 0.986123 -0.157882 -28.8783 0.650235 0.0869918 0.754737 123.336
0.764526 -0.143612 -0.62839 -135.022 0.0563197 0.98602 -0.156824 -29.0313 0.642127 0.0845055 0.761927 124.011
0.770563 -0.144456 -0.620778 -135.553 0.057979 0.985826 -0.157435 -29.1847 0.634721 0.0853217 0.768017 124.693
0.776331 -0.143231 -0.613835 -136.081 0.0580122 0.985943 -0.156688 -29.3373 0.627649 0.0860322 0.773728 125.381
0.780376 -0.141005 -0.609205 -136.604 0.0576761 0.986322 -0.15441 -29.4872 0.622645 0.0853612 0.777835 126.073
0.784327 -0.139068 -0.604559 -137.124 0.0589118 0.986842 -0.150575 -29.6336 0.617544 0.0824847 0.7822 126.768
0.788265 -0.135746 -0.600175 -137.654 0.0589843 0.987541 -0.145889 -29.7815 0.612502 0.0795986 0.786452 127.469
0.793895 -0.130643 -0.593854 -138.176 0.0556717 0.988161 -0.142962 -29.925 0.6055 0.0804363 0.791771 128.174
0.798118 -0.128553 -0.588626 -138.695 0.0560626 0.988579 -0.139886 -30.0667 0.599886 0.078646 0.796211 128.884
0.802818 -0.126932 -0.582555 -139.209 0.0571846 0.988964 -0.136678 -30.206 0.593475 0.0764146 0.801217 129.599
0.807114 -0.125727 -0.576853 -139.725 0.059229 0.989376 -0.132766 -30.3431 0.587416 0.072991 0.805987 130.325
0.811767 -0.126143 -0.570194 -140.236 0.0625746 0.98956 -0.129832 -30.4776 0.580619 0.0697141 0.811186 131.056
0.8169 -0.126114 -0.562823 -140.753 0.0648676 0.9897 -0.127616 -30.6134 0.57312 0.0677407 0.816667 131.805
0.822397 -0.126614 -0.554645 -141.266 0.067406 0.989739 -0.125991 -30.7495 0.564906 0.0662283 0.822494 132.562
0.828655 -0.127908 -0.54495 -141.771 0.0699216 0.98957 -0.125944 -30.8857 0.555375 0.0662602 0.828956 133.326
0.834479 -0.130547 -0.535352 -142.277 0.0749531 0.989393 -0.124432 -31.0203 0.545918 0.06371 0.835413 134.098
0.841958 -0.131274 -0.52333 -142.788 0.0767922 0.989232 -0.124595 -31.1598 0.53405 0.0647166 0.842973 134.888
0.851469 -0.127938 -0.508558 -143.29 0.0746874 0.989483 -0.123877 -31.3007 0.519058 0.0674942 0.85207 135.693
0.861724 -0.123758 -0.492051 -143.784 0.0734086 0.990003 -0.120441 -31.4401 0.502037 0.0676665 0.862195 136.515
0.872406 -0.121575 -0.47342 -144.264 0.076616 0.990613 -0.113206 -31.5739 0.48274 0.0624902 0.873532 137.353
0.883916 -0.118343 -0.452424 -144.73 0.0774922 0.991142 -0.107859 -31.7042 0.461181 0.060279 0.885257 138.208
0.895622 -0.116161 -0.429381 -145.174 0.078237 0.991389 -0.105012 -31.8321 0.437881 0.0604575 0.896998 139.081
0.905118 -0.116926 -0.408766 -145.599 0.0825295 0.991471 -0.100865 -31.9565 0.417073 0.0575597 0.907049 139.965
0.915181 -0.116051 -0.385973 -146.002 0.0847338 0.991647 -0.097247 -32.0772 0.394035 0.0562937 0.91737 140.86
0.924037 -0.112656 -0.365326 -146.389 0.0848912 0.992204 -0.0912464 -32.1919 0.372757 0.0533022 0.926397 141.772
0.93219 -0.109318 -0.345065 -146.763 0.0851675 0.992782 -0.0844393 -32.2991 0.351805 0.0493253 0.934773 142.702
0.940552 -0.107043 -0.322341 -147.12 0.0859986 0.993168 -0.0788767 -32.4005 0.328582 0.0464669 0.943332 143.651
0.948846 -0.103421 -0.29832 -147.454 0.0841372 0.99349 -0.0768125 -32.5 0.304322 0.0477835 0.95137 144.617
0.956155 -0.103026 -0.274139 -147.769 0.0849976 0.993411 -0.0768824 -32.5999 0.280254 0.0502104 0.958612 145.601
0.961389 -0.103572 -0.254959 -148.073 0.0872701 0.993398 -0.0744715 -32.6958 0.260989 0.0493458 0.96408 146.617
0.966576 -0.105992 -0.233444 -148.355 0.0919595 0.993284 -0.0702283 -32.7867 0.239319 0.0464137 0.969831 147.66
0.971517 -0.111568 -0.20906 -148.614 0.0996838 0.992789 -0.0665805 -32.8757 0.21498 0.0438444 0.975634 148.718
0.976523 -0.110992 -0.184615 -148.85 0.100889 0.992884 -0.0632758 -32.9624 0.190324 0.0431646 0.980772 149.795
0.980781 -0.109761 -0.16131 -149.06 0.101227 0.993039 -0.0602278 -33.0455 0.166797 0.0427415 0.985065 150.879
0.984162 -0.108685 -0.140042 -149.261 0.101557 0.99319 -0.057102 -33.125 0.145294 0.0419755 0.988498 151.989
0.987077 -0.106484 -0.119752 -149.439 0.100485 0.993413 -0.0550811 -33.2022 0.124829 0.042336 0.991275 153.111
0.989688 -0.104908 -0.0975306 -149.591 0.0999946 0.993523 -0.0539847 -33.2781 0.102562 0.0436756 0.993768 154.237
0.991392 -0.107156 -0.0752208 -149.722 0.103279 0.993204 -0.0536681 -33.3533 0.0804603 0.0454375 0.995722 155.376
0.992977 -0.10497 -0.0545646 -149.83 0.102045 0.99332 -0.053887 -33.4281 0.0598564 0.0479406 0.997055 156.52
0.993978 -0.10441 -0.0332696 -149.913 0.102546 0.993287 -0.0535349 -33.5024 0.0386357 0.0498009 0.998012 157.671
0.994484 -0.104044 -0.0132974 -149.975 0.103184 0.993187 -0.0541612 -33.5769 0.0188418 0.0524904 0.998444 158.834
0.99462 -0.103205 0.00896194 -150.012 0.103551 0.992973 -0.0572904 -33.6553 -0.00298647 0.0579102 0.998318 160.012
0.99431 -0.101611 0.0319786 -150.024 0.103445 0.992691 -0.0621695 -33.7393 -0.0254279 0.0651239 0.997553 161.199
0.994011 -0.0989669 0.0463478 -150.023 0.101843 0.992711 -0.0644514 -33.824 -0.0396316 0.0687857 0.996844 162.395
0.993696 -0.0947906 0.0598533 -150.008 0.0986052 0.993043 -0.0643643 -33.9074 -0.0533359 0.0698604 0.99613 163.596
0.992637 -0.0915759 0.0792824 -149.968 0.0969792 0.993014 -0.0672152 -33.9949 -0.0725735 0.0744091 0.994584 164.798
0.990421 -0.0952156 0.0999959 -149.902 0.102104 0.99257 -0.0661845 -34.0822 -0.0929513 0.0757606 0.992784 166.008
0.988013 -0.0992274 0.118253 -149.813 0.107386 0.992108 -0.0647299 -34.1685 -0.110897 0.0766528 0.990872 167.223
0.984761 -0.103896 0.139465 -149.7 0.11416 0.991153 -0.0677078 -34.2592 -0.131196 0.0825974 0.98791 168.454
0.981195 -0.104191 0.162482 -149.557 0.116829 0.990665 -0.0702436 -34.3552 -0.153647 0.0879053 0.984208 169.695
0.977145 -0.104149 0.185311 -149.384 0.118456 0.990638 -0.0678542 -34.4483 -0.176509 0.0882546 0.980335 170.957
0.972707 -0.104054 0.207399 -149.183 0.119954 0.990611 -0.0655866 -34.539 -0.198627 0.0886749 0.976056 172.247
0.968331 -0.102866 0.227496 -148.956 0.120796 0.99046 -0.0663147 -34.6309 -0.218505 0.0916953 0.971519 173.532
0.962403 -0.102495 0.251545 -148.697 0.123411 0.989968 -0.0687921 -34.7265 -0.241971 0.0972493 0.965398 174.808
0.958791 -0.100384 0.265787 -148.42 0.122591 0.990106 -0.0682787 -34.8209 -0.256303 0.0980481 0.961611 176.082
0.953794 -0.0988319 0.283743 -148.118 0.123701 0.989772 -0.0710632 -34.9192 -0.273818 0.102879 0.956264 177.351
0.946317 -0.0966954 0.308439 -147.783 0.125447 0.989281 -0.0747416 -35.0225 -0.297906 0.109422 0.948303 178.61
0.940768 -0.0930195 0.32604 -147.424 0.123736 0.989498 -0.0747271 -35.1255 -0.315665 0.110644 0.942398 179.865
0.931958 -0.089191 0.351425 -147.031 0.122312 0.989792 -0.0731562 -35.2263 -0.341313 0.111162 0.933354 181.109
0.91988 -0.0845187 0.382985 -146.594 0.121403 0.989905 -0.0731379 -35.3273 -0.372937 0.113774 0.920855 182.339
0.910541 -0.078656 0.405867 -146.119 0.118031 0.990333 -0.0728712 -35.4274 -0.396212 0.114257 0.911022 183.567
0.899784 -0.075038 0.429835 -145.61 0.117297 0.990437 -0.0726362 -35.5264 -0.420274 0.115775 0.899981 184.785
0.886677 -0.0748855 0.456286 -145.063 0.120399 0.99015 -0.0714619 -35.6245 -0.44644 0.1183 0.886959 185.99
0.875954 -0.0754032 0.476465 -144.49 0.12289 0.990001 -0.0692526 -35.7198 -0.466479 0.119215 0.876462 187.183
0.861272 -0.0744379 0.502662 -143.879 0.126557 0.989464 -0.0703181 -35.8171 -0.492132 0.124178 0.861618 188.36
0.847326 -0.0725162 0.526099 -143.236 0.12906 0.989054 -0.0715333 -35.9159 -0.515153 0.128511 0.84741 189.524
0.833911 -0.0705223 0.547375 -142.56 0.130328 0.988916 -0.0711416 -36.0143 -0.536291 0.130664 0.833858 190.68
0.820488 -0.0684778 0.567547 -141.855 0.131433 0.988801 -0.0707047 -36.1123 -0.55635 0.132607 0.820299 191.823
0.805142 -0.070537 0.588873 -141.112 0.13666 0.988249 -0.0684732 -36.2073 -0.577124 0.135606 0.80532 192.961
0.789483 -0.0696402 0.609809 -140.34 0.139137 0.987984 -0.067305 -36.3007 -0.597794 0.137983 0.789686 194.077
0.775809 -0.0688684 0.627198 -139.543 0.141909 0.987604 -0.0670917 -36.3941 -0.614803 0.141056 0.775965 195.177
0.762226 -0.0678052 0.643751 -138.723 0.145148 0.987078 -0.0678932 -36.4889 -0.630829 0.145189 0.762218 196.259
0.75117 -0.066227 0.656779 -137.884 0.147358 0.986671 -0.0690437 -36.5853 -0.643452 0.148645 0.750916 197.327
0.734284 -0.0626909 0.675941 -137.016 0.148154 0.986523 -0.0694457 -36.6821 -0.662478 0.151137 0.733676 198.372
0.723059 -0.0622146 0.68798 -136.131 0.149546 0.986416 -0.0679687 -36.7769 -0.674406 0.15203 0.722541 199.403
0.70748 -0.060634 0.704128 -135.223 0.150139 0.986466 -0.065907 -36.8689 -0.690602 0.152345 0.707008 200.415
0.694005 -0.0602985 0.717441 -134.295 0.149864 0.986759 -0.0620342 -36.9555 -0.704201 0.15057 0.693852 201.41
0.678302 -0.0595838 0.732364 -133.345 0.149467 0.987057 -0.0581286 -37.037 -0.719421 0.148893 0.678428 202.386
0.66135 -0.0562645 0.747965 -132.364 0.147026 0.987563 -0.0557123 -37.1171 -0.735527 0.146815 0.661397 203.353
0.64401 -0.0530363 0.763177 -131.346 0.147563 0.987472 -0.0558979 -37.1994 -0.750651 0.148615 0.643768 204.312
0.626657 -0.0491358 0.777745 -130.304 0.146967 0.987554 -0.0560255 -37.2824 -0.765312 0.149411 0.626079 205.247
0.607131 -0.0478376 0.793161 -129.238 0.147629 0.987599 -0.0534392 -37.3617 -0.780768 0.149538 0.606664 206.155
0.586675 -0.0477682 0.808412 -128.128 0.14755 0.987855 -0.0487075 -37.4359 -0.796268 0.147857 0.586598 207.035
0.56606 -0.0482028 0.822954 -126.983 0.148257 0.987965 -0.0441086 -37.5043 -0.810923 0.146976 0.566394 207.888
0.545509 -0.0477985 0.836741 -125.808 0.14765 0.988239 -0.0398071 -37.5691 -0.824997 0.14526 0.546151 208.711
0.525415 -0.0476057 0.849514 -124.598 0.148745 0.988198 -0.03662 -37.6283 -0.837744 0.145602 0.526295 209.5
0.505566 -0.0455804 0.861583 -123.387 0.147561 0.988459 -0.0342944 -37.6888 -0.850076 0.144474 0.506457 210.248
0.487016 -0.0452666 0.872219 -122.176 0.148311 0.988439 -0.0315136 -37.7505 -0.860709 0.144708 0.488099 210.922
0.469014 -0.0465517 0.881963 -120.948 0.152239 0.987924 -0.0288139 -37.808 -0.869971 0.147784 0.470437 211.551
0.452509 -0.048609 0.890435 -119.708 0.15699 0.987261 -0.0258856 -37.8612 -0.877833 0.151502 0.454375 212.158
0.434674 -0.0500768 0.899195 -118.46 0.157057 0.987368 -0.0209348 -37.9072 -0.886788 0.150325 0.437048 212.739
0.418504 -0.0505793 0.906806 -117.205 0.157574 0.98735 -0.0176509 -37.9487 -0.894442 0.150276 0.42118 213.296
0.401866 -0.0460255 0.914541 -115.954 0.156606 0.987477 -0.0191193 -37.9941 -0.902208 0.150906 0.404041 213.828
0.38763 -0.0375279 0.921051 -114.695 0.153348 0.987874 -0.0242868 -38.0476 -0.908971 0.150656 0.388684 214.341
0.371856 -0.0301894 0.9278 -113.435 0.14898 0.988457 -0.027547 -38.1059 -0.916258 0.148467 0.372061 214.827
0.355775 -0.0263862 0.934199 -112.179 0.145341 0.989002 -0.0274165 -38.1617 -0.923202 0.145531 0.355697 215.283
0.340699 -0.025755 0.93982 -110.932 0.142839 0.989439 -0.0246664 -38.212 -0.929259 0.142647 0.340779 215.71
0.324849 -0.0247736 0.945442 -109.678 0.137647 0.990252 -0.0213471 -38.2578 -0.935696 0.137072 0.325092 216.117
0.309568 -0.0247676 0.950555 -108.425 0.135911 0.99055 -0.0184526 -38.3004 -0.941115 0.134904 0.310008 216.507
0.294066 -0.0269614 0.955405 -107.167 0.135834 0.990635 -0.0138529 -38.3368 -0.946084 0.13385 0.294974 216.877
0.277687 -0.0270341 0.960291 -105.905 0.135325 0.990738 -0.0112408 -38.3698 -0.951093 0.133073 0.278774 217.225
0.261578 -0.0268656 0.964809 -104.636 0.134953 0.990812 -0.00899869 -38.3999 -0.955702 0.132558 0.2628 217.552
0.245622 -0.023057 0.969092 -103.363 0.130059 0.991462 -0.00937495 -38.4305 -0.960602 0.128342 0.246524 217.858
0.228322 -0.0210403 0.973359 -102.087 0.127674 0.99178 -0.0085101 -38.4595 -0.965178 0.126216 0.229131 218.142
0.213092 -0.0232912 0.976755 -100.827 0.126352 0.991978 -0.00391123 -38.4808 -0.968828 0.124249 0.214326 218.409
0.19839 -0.0281017 0.979721 -99.5887 0.127645 0.991817 0.0026011 -38.4955 -0.971776 0.12454 0.200353 218.652
0.185122 -0.0317287 0.982204 -98.3678 0.127516 0.991805 0.00800509 -38.5015 -0.974408 0.123765 0.187651 218.88
0.173078 -0.0344336 0.984306 -97.1458 0.128465 0.991641 0.0121012 -38.5028 -0.976494 0.124355 0.176055 219.094
0.161866 -0.0333517 0.986249 -95.923 0.126641 0.991867 0.0127569 -38.5033 -0.978653 0.122835 0.164773 219.295
0.154279 -0.0311486 0.987537 -94.7291 0.125596 0.992013 0.0116685 -38.5049 -0.980013 0.12223 0.156958 219.492
0.14691 -0.0288169 0.98873 -93.5452 0.122725 0.992384 0.0106884 -38.5077 -0.981507 0.119771 0.149328 219.683
0.139595 -0.023927 0.98992 -92.3829 0.12015 0.992731 0.00705183 -38.5183 -0.982893 0.117955 0.141455 219.87
0.132719 -0.015612 0.991031 -91.2432 0.119652 0.992816 -0.00038361 -38.5376 -0.983905 0.11863 0.133633 220.054
0.126355 -0.0131258 0.991899 -90.106 0.11697 0.993134 -0.0017583 -38.559 -0.985065 0.116245 0.127023 220.228
0.121071 -0.0213986 0.992414 -89.0054 0.117888 0.993002 0.00702942 -38.5701 -0.985619 0.116143 0.122746 220.404
0.116032 -0.0301175 0.992789 -87.9208 0.118091 0.992869 0.0163181 -38.5729 -0.986201 0.115346 0.118761 220.585
0.112462 -0.0331505 0.993103 -86.8589 0.117657 0.992857 0.0198185 -38.5726 -0.986666 0.114616 0.115559 220.765
0.109718 -0.030211 0.993504 -85.7988 0.114986 0.993213 0.0175038 -38.5747 -0.98729 0.112318 0.112447 220.944
0.107465 -0.0267884 0.993848 -84.7665 0.114677 0.993299 0.0143735 -38.5799 -0.987574 0.112427 0.109817 221.121
0.10708 -0.0236893 0.993968 -83.7261 0.111982 0.993643 0.0116178 -38.5898 -0.987925 0.110062 0.109052 221.289
0.107209 -0.0224305 0.993984 -82.702 0.10819 0.994073 0.0107634 -38.5995 -0.988333 0.106385 0.109 221.457
0.108065 -0.0204363 0.993934 -81.6776 0.107283 0.99419 0.00877728 -38.6113 -0.988339 0.105684 0.10963 221.626
0.10951 -0.018767 0.993809 -80.6538 0.105586 0.994385 0.00714325 -38.6244 -0.988363 0.10415 0.110876 221.793
0.11249 -0.0175183 0.993499 -79.6559 0.10464 0.994494 0.00568792 -38.6354 -0.988128 0.10332 0.113704 221.958
0.116464 -0.0180286 0.993032 -78.6363 0.104566 0.994502 0.0057918 -38.6441 -0.987676 0.103162 0.117708 222.115
0.12168 -0.0195342 0.992378 -77.6452 0.105151 0.994434 0.00668164 -38.6539 -0.986985 0.103537 0.123057 222.276
0.127012 -0.0200355 0.991699 -76.6633 0.106658 0.994276 0.00642734 -38.6667 -0.986151 0.104957 0.128421 222.443
0.13197 -0.0191431 0.991069 -75.6814 0.110964 0.993815 0.00442033 -38.6822 -0.985024 0.10939 0.133277 222.611
0.137835 -0.0190996 0.990271 -74.6999 0.111897 0.993714 0.00359125 -38.6991 -0.984115 0.110313 0.139105 222.786
0.143336 -0.0206407 0.989459 -73.7221 0.111701 0.993732 0.00454864 -38.7139 -0.983351 0.109871 0.144742 222.963
0.148924 -0.0226447 0.98859 -72.7378 0.111716 0.993723 0.00593304 -38.7268 -0.982518 0.109558 0.150519 223.144
0.15317 -0.0244201 0.987898 -71.7545 0.112072 0.993675 0.00718653 -38.7384 -0.981825 0.109615 0.154938 223.328
0.157906 -0.0241302 0.98716 -70.7739 0.11292 0.993585 0.00622466 -38.7506 -0.980977 0.110487 0.159617 223.516
0.163984 -0.0218855 0.986221 -69.8003 0.113526 0.993531 0.00317131 -38.7665 -0.97991 0.111441 0.165407 223.709
0.169003 -0.0214022 0.985383 -68.8305 0.116018 0.993246 0.00167479 -38.7828 -0.978764 0.114039 0.170345 223.904
0.173996 -0.0199672 0.984544 -67.8557 0.114955 0.993371 -0.00016955 -38.7996 -0.978014 0.113208 0.175138 224.1
0.180093 -0.0192576 0.983461 -66.886 0.113461 0.993542 -0.00132201 -38.8181 -0.977085 0.111822 0.181114 224.303
0.18566 -0.0195986 0.982419 -65.9199 0.113527 0.993534 -0.00163425 -38.8365 -0.976035 0.111834 0.186684 224.51
0.190333 -0.0219006 0.981476 -64.9542 0.112982 0.993598 0.000261011 -38.8527 -0.975197 0.11084 0.191588 224.722
0.196062 -0.0233676 0.980313 -63.9935 0.11294 0.993602 0.00109651 -38.8683 -0.974067 0.110501 0.197447 224.936
0.201559 -0.0241586 0.979179 -63.0541 0.11388 0.993495 0.0010702 -38.8834 -0.972834 0.111293 0.202999 225.15
0.207159 -0.0231319 0.978034 -62.1196 0.113709 0.993515 -0.000586787 -38.8994 -0.971677 0.111332 0.208446 225.369
0.213108 -0.0228092 0.976763 -61.1864 0.116222 0.993221 -0.00216367 -38.9174 -0.970092 0.113983 0.214315 225.592
0.219911 -0.0218005 0.975277 -60.263 0.119457 0.992829 -0.00474295 -38.9357 -0.968179 0.117546 0.220938 225.821
0.22829 -0.019529 0.973398 -59.3421 0.120258 0.992709 -0.00828759 -38.9575 -0.966138 0.118951 0.228974 226.057
0.237182 -0.0190455 0.971279 -58.4236 0.121089 0.992591 -0.0101061 -38.9809 -0.96389 0.120008 0.237731 226.303
0.243585 -0.0204055 0.969665 -57.5068 0.120306 0.992694 -0.00933129 -39.0034 -0.96239 0.118929 0.24426 226.553
0.248478 -0.0215554 0.968398 -56.5917 0.119077 0.99285 -0.00845393 -39.025 -0.961291 0.117415 0.249268 226.809
0.251924 -0.0203588 0.967533 -55.6783 0.116864 0.993103 -0.00953181 -39.0474 -0.960666 0.115471 0.252565 227.067
0.253753 -0.0191436 0.96708 -54.7664 0.117657 0.992992 -0.0112156 -39.071 -0.960087 0.11663 0.254227 227.325
0.255176 -0.0175806 0.966735 -53.8575 0.117198 0.993026 -0.0128765 -39.0959 -0.959766 0.116585 0.255456 227.584
0.257828 -0.0180703 0.966022 -52.9438 0.118362 0.992886 -0.0130174 -39.116 -0.958914 0.117696 0.258133 227.843
0.259558 -0.0177487 0.965565 -52.0316 0.119093 0.992788 -0.0137649 -39.137 -0.958357 0.118565 0.2598 228.103
0.261361 -0.0166152 0.965099 -51.1007 0.119399 0.99273 -0.0152438 -39.1604 -0.957829 0.119216 0.261444 228.377
0.26405 -0.0159688 0.964377 -50.1722 0.120155 0.992619 -0.0164624 -39.1847 -0.956996 0.120222 0.264019 228.653
