1 0 0 0 0 1 0 0 0 0 1 0
0.9999 0.000625121 0.0140979 0.0467397 -0.00060659 0.999999 -0.00131871 0.0222491 -0.0140987 0.00131002 0.9999 0.10693
0.999381 0.00409772 0.0349341 0.0953998 -0.00402172 0.999989 -0.0022456 0.0412012 -0.0349429 0.00210371 0.999387 0.220319
0.998093 0.00584127 0.0614591 0.145715 -0.00572769 0.999982 -0.00202409 0.0545347 -0.0614698 0.00166821 0.998108 0.345541
0.99539 0.00583762 0.095732 0.199165 -0.00579728 0.999983 -0.000699579 0.0613675 -0.0957344 0.000141369 0.995407 0.485978
0.990915 0.00331067 0.134448 0.25856 -0.00351565 0.999993 0.00128718 0.0688818 -0.134442 -0.00174816 0.99092 0.624808
0.984594 1.31601e-06 0.174856 0.325049 -0.000230884 0.999999 0.00129254 0.071133 -0.174856 -0.00131299 0.984593 0.778857
0.975954 0.000144887 0.217979 0.400353 -0.000887007 0.999994 0.00330669 0.0746621 -0.217977 -0.00342052 0.975948 0.932309
0.963696 0.00112399 0.266998 0.490929 -0.00277449 0.999979 0.00580449 0.0748937 -0.266986 -0.00633455 0.96368 1.14188
0.949121 -0.00186527 0.314907 0.602425 -0.00236085 0.999912 0.0130382 0.0755294 -0.314903 -0.0131183 0.949033 1.34812
0.93185 -0.0125833 0.362625 0.731129 0.00576495 0.999786 0.0198786 0.0748275 -0.362798 -0.0164334 0.931723 1.5608
0.910769 -0.0178668 0.41253 0.877235 0.00862977 0.999669 0.0242434 0.0752196 -0.412826 -0.0185201 0.910621 1.77176
0.885758 -0.0189234 0.463761 1.04111 0.0065635 0.999579 0.028251 0.0767205 -0.464101 -0.0219797 0.88551 1.98023
0.857725 -0.0208103 0.513687 1.21764 0.00445325 0.999444 0.0330533 0.0796863 -0.514089 -0.026063 0.857341 2.18043
0.825967 -0.0262301 0.563107 1.41837 0.00643117 0.99929 0.0371147 0.0842356 -0.563681 -0.0270341 0.82555 2.38092
0.790694 -0.032808 0.611332 1.6333 0.0102689 0.999133 0.0403381 0.0899427 -0.612126 -0.0256174 0.790346 2.57141
0.75343 -0.0375589 0.656454 1.8621 0.0121732 0.998993 0.0431856 0.0962934 -0.657415 -0.0245462 0.753129 2.75101
0.714258 -0.0413713 0.698659 2.10315 0.0146226 0.998916 0.0442019 0.103431 -0.69973 -0.0213553 0.714088 2.91901
0.67359 -0.0437162 0.737812 2.35679 0.0143066 0.998834 0.0461207 0.111692 -0.738967 -0.0205108 0.673429 3.07643
0.632021 -0.044479 0.773674 2.62821 0.0105323 0.998752 0.048815 0.122462 -0.77488 -0.0227036 0.631701 3.23303
0.591228 -0.0453953 0.805226 2.91344 0.00777226 0.998689 0.0505952 0.133093 -0.806467 -0.0236549 0.590806 3.38077
0.551878 -0.0466952 0.832617 3.21635 0.00592848 0.998626 0.0520759 0.145376 -0.833904 -0.0238034 0.551396 3.52318
0.514424 -0.0491854 0.856124 3.53864 0.00510283 0.998512 0.0542995 0.159036 -0.857521 -0.0235643 0.513909 3.66297
0.478385 -0.0493009 0.876765 3.88365 0.00326886 0.998516 0.0543634 0.172964 -0.878144 -0.0231406 0.477836 3.79864
0.443221 -0.048967 0.895074 4.27743 0.00256985 0.998572 0.0533565 0.189458 -0.896409 -0.0213485 0.442714 3.94428
0.410746 -0.047835 0.910494 4.70269 0.00382192 0.998704 0.0507452 0.205781 -0.911742 -0.0173635 0.410397 4.08759
0.3822 -0.0463944 0.922915 5.18424 0.00618999 0.998845 0.047648 0.226843 -0.924059 -0.0124982 0.382045 4.24354
0.358299 -0.0447337 0.932535 5.68671 0.00720021 0.998954 0.0451533 0.246975 -0.933579 -0.00946393 0.358246 4.39596
0.339343 -0.0445205 0.939609 6.2588 0.00855139 0.998984 0.0442454 0.269429 -0.940624 -0.00697942 0.339379 4.56915
0.325814 -0.0450985 0.944358 6.86506 0.00892354 0.998964 0.0446275 0.294778 -0.945392 -0.00611325 0.325879 4.75305
0.315579 -0.0466636 0.947751 7.47333 0.0101039 0.998899 0.0458175 0.320967 -0.948846 -0.00488304 0.315703 4.9309
0.305636 -0.0484891 0.950913 8.08972 0.00947658 0.998808 0.0478855 0.345445 -0.952101 -0.00562412 0.305731 5.10775
0.296045 -0.0502241 0.953853 8.7356 0.00808919 0.998713 0.0500755 0.374642 -0.95514 -0.00710871 0.29607 5.28737
0.287121 -0.0518577 0.95649 9.41826 0.0073601 0.998624 0.0519326 0.406074 -0.957866 -0.00787106 0.287107 5.46665
0.27808 -0.0535063 0.959067 10.1113 0.00664291 0.998531 0.0537819 0.438731 -0.960535 -0.00858466 0.278027 5.64191
0.268606 -0.0551981 0.961668 10.8086 0.00712028 0.998443 0.0553202 0.472622 -0.963224 -0.00801197 0.26858 5.81089
0.25942 -0.0562373 0.964126 11.5286 0.00680296 0.998385 0.0564051 0.50885 -0.965741 -0.0080737 0.259384 5.98033
0.250038 -0.0588203 0.966448 12.2615 0.00584616 0.998227 0.0592419 0.547559 -0.968218 -0.00916272 0.249939 6.14644
0.240011 -0.0621759 0.968777 13.0258 0.00451673 0.998008 0.0629329 0.589736 -0.97076 -0.0107289 0.239814 6.31425
0.229148 -0.0653569 0.971195 13.7977 0.00375986 0.997796 0.0662599 0.634547 -0.973384 -0.0115318 0.228889 6.47598
0.217599 -0.0670545 0.973732 14.5869 0.00309388 0.99768 0.0680122 0.680432 -0.976033 -0.0117868 0.217302 6.63225
0.204837 -0.0672377 0.976484 15.3824 0.00295674 0.997676 0.0680766 0.725981 -0.978792 -0.0110574 0.204559 6.78121
0.191741 -0.065846 0.979234 16.1797 0.00270859 0.997779 0.0665626 0.770003 -0.981442 -0.0101104 0.191494 6.91974
0.176835 -0.0644671 0.982127 16.9846 0.00205834 0.997875 0.0651301 0.81302 -0.984238 -0.00949574 0.176592 7.04689
0.157703 -0.0625498 0.985504 17.7945 -0.000856896 0.997983 0.063479 0.854379 -0.987486 -0.0108553 0.157331 7.15798
0.133702 -0.0610013 0.989142 18.6284 -0.0051758 0.998047 0.0622501 0.895855 -0.991008 -0.0134425 0.133125 7.24932
0.104372 -0.0599131 0.992732 19.4647 -0.00889484 0.998088 0.0611715 0.936392 -0.994499 -0.0152148 0.103639 7.31562
0.0723261 -0.0595242 0.995603 20.3096 -0.0118553 0.998096 0.0605345 0.976709 -0.997311 -0.0161814 0.0714827 7.35366
0.0392539 -0.0580972 0.997539 21.1553 -0.0134966 0.998187 0.058666 1.0153 -0.999138 -0.0157663 0.0383986 7.36361
0.00688996 -0.0567735 0.998363 22.008 -0.0142605 0.99828 0.0568672 1.05145 -0.999875 -0.0146289 0.00606854 7.34165
-0.0242823 -0.0543379 0.998227 22.8604 -0.0177699 0.998388 0.0539143 1.08483 -0.999547 -0.0164292 -0.0252086 7.2929
-0.0552178 -0.0514754 0.997147 23.7105 -0.0193663 0.998538 0.0504748 1.1153 -0.998287 -0.0165239 -0.0561339 7.21777
-0.0869702 -0.0468566 0.995108 24.5581 -0.0189473 0.998791 0.045374 1.14064 -0.996031 -0.0149085 -0.0877528 7.1158
-0.117237 -0.0411535 0.992251 25.4038 -0.0137201 0.999113 0.0398171 1.1592 -0.993009 -0.00894572 -0.117697 6.98552
-0.146531 -0.0352473 0.988578 26.2451 -0.00669357 0.999378 0.0346402 1.17375 -0.989183 -0.00154125 -0.146676 6.83123
-0.17447 -0.030152 0.984201 27.0883 -0.000733807 0.999535 0.0304917 1.18577 -0.984662 0.00459768 -0.174411 6.65114
-0.202101 -0.0242687 0.979064 27.9092 0.00751395 0.999625 0.0263294 1.19531 -0.979336 0.0126778 -0.201843 6.45431
-0.22789 -0.0134743 0.973594 28.7233 0.0137182 0.999761 0.0170474 1.19499 -0.97359 0.0172409 -0.227651 6.23289
-0.25363 0.00153586 0.9673 29.5302 0.0194415 0.999805 0.00351017 1.18536 -0.967106 0.0196961 -0.253611 5.98778
-0.277258 0.0178478 0.96063 30.3309 0.019851 0.999721 -0.0128447 1.1661 -0.96059 0.0155081 -0.277535 5.72473
-0.301083 0.0321847 0.953055 31.1248 0.018904 0.999435 -0.027779 1.13455 -0.95341 0.00965272 -0.301522 5.4416
-0.324812 0.0419304 0.944849 31.9116 0.0217737 0.999084 -0.036852 1.09612 -0.945528 0.00860285 -0.325427 5.13918
-0.347482 0.0459488 0.93656 32.6899 0.0250484 0.998897 -0.0397137 1.05622 -0.937352 0.00965951 -0.348249 4.81789
-0.368867 0.0458875 0.928349 33.4602 0.0279976 0.998876 -0.0382491 1.01801 -0.92906 0.0118827 -0.369737 4.47953
-0.388285 0.0411782 0.920619 34.2228 0.0290172 0.999052 -0.032448 0.984731 -0.921082 0.0141147 -0.389112 4.12824
-0.405833 0.0400644 0.913069 34.9679 0.0354964 0.998976 -0.0280568 0.954872 -0.913258 0.0210243 -0.406839 3.77422
-0.419363 0.0408093 0.906901 35.7076 0.0365243 0.998939 -0.0280615 0.923219 -0.907084 0.021356 -0.420408 3.41096
-0.431287 0.0448255 0.901101 36.4213 0.0396502 0.998742 -0.0307053 0.89172 -0.901343 0.022486 -0.432521 3.0589
-0.442268 0.0455349 0.895726 37.1015 0.0364766 0.998798 -0.0327641 0.857723 -0.896141 0.0181825 -0.443397 2.71664
-0.451366 0.0459042 0.891158 37.7787 0.0311542 0.998878 -0.0356736 0.821929 -0.891795 0.0116615 -0.452289 2.35691
-0.461411 0.0449117 0.886049 38.452 0.0310025 0.998924 -0.0344886 0.788129 -0.886645 0.0115563 -0.462307 1.99125
-0.469599 0.046481 0.881655 39.1337 0.0332911 0.998835 -0.0349268 0.757489 -0.882252 0.0129497 -0.4706 1.6072
-0.476557 0.049399 0.877754 39.8112 0.0351861 0.998692 -0.0371017 0.724906 -0.878439 0.0132037 -0.477672 1.21802
-0.478523 0.0528251 0.876485 40.4859 0.0371829 0.998513 -0.0398794 0.691299 -0.877287 0.013507 -0.479775 0.830813
-0.476212 0.0554171 0.877583 41.1976 0.0368552 0.998393 -0.0430469 0.657901 -0.878558 0.0118441 -0.477489 0.407461
-0.47059 0.055972 0.880575 41.9134 0.0387446 0.998334 -0.0427516 0.62518 -0.881501 0.013999 -0.471975 -0.00293013
-0.461985 0.0555286 0.885148 42.6425 0.0368277 0.998379 -0.0434105 0.591841 -0.886123 0.012543 -0.46328 -0.401736
-0.452529 0.0546751 0.890072 43.4026 0.0342703 0.998448 -0.0439087 0.55535 -0.891091 0.010633 -0.453701 -0.80298
-0.443171 0.0545323 0.894777 44.1741 0.0315733 0.998478 -0.0452146 0.518745 -0.895881 0.00821323 -0.444219 -1.19625
-0.434372 0.0536191 0.899136 44.9766 0.0283805 0.998546 -0.0458367 0.478796 -0.900286 0.00560772 -0.435262 -1.602
-0.427374 0.0520091 0.902578 45.8024 0.0236866 0.998646 -0.0463291 0.434564 -0.903764 0.00157908 -0.428027 -2.01162
-0.423725 0.0491528 0.904456 46.6305 0.017807 0.998786 -0.0459368 0.394849 -0.905616 -0.00335888 -0.424086 -2.41615
-0.421493 0.0473995 0.905592 47.4806 0.0135745 0.998851 -0.0459628 0.362344 -0.90673 -0.00708007 -0.421652 -2.83377
-0.419945 0.0472186 0.90632 48.3434 0.0108665 0.998836 -0.0470035 0.334859 -0.907485 -0.00989035 -0.419969 -3.25324
-0.418282 0.0484364 0.907025 49.2139 0.0107858 0.998772 -0.0483619 0.305291 -0.908253 -0.0104459 -0.418291 -3.67882
-0.415429 0.0492731 0.90829 50.0851 0.00871671 0.998702 -0.050191 0.270345 -0.909584 -0.0129335 -0.41532 -4.11162
-0.412817 0.0490478 0.909492 50.968 0.00770251 0.998701 -0.0503626 0.219 -0.910782 -0.0137852 -0.412659 -4.54245
-0.409406 0.0493446 0.911017 51.8716 0.00608759 0.998662 -0.0513561 0.165866 -0.912332 -0.0154796 -0.409159 -4.9846
-0.407636 0.0478562 0.91189 52.7941 0.00199519 0.99867 -0.0515186 0.103204 -0.913143 -0.0191814 -0.407189 -5.41688
-0.405995 0.0469984 0.912666 53.7353 0.000406534 0.998686 -0.0512472 0.0410905 -0.913875 -0.0204351 -0.405481 -5.84577
-0.405024 0.0456295 0.913167 54.6492 -0.00458426 0.99864 -0.0519338 -0.0280844 -0.914295 -0.0252206 -0.404264 -6.27137
-0.403494 0.0426492 0.913988 55.5224 -0.00315634 0.998842 -0.0480022 -0.123823 -0.914977 -0.0222535 -0.402892 -6.66041
-0.401708 0.0390402 0.914935 56.3946 -0.00304045 0.999029 -0.0439634 -0.215461 -0.915763 -0.0204423 -0.401199 -7.04277
-0.399342 0.0371247 0.91605 57.2647 0.00295743 0.999227 -0.0392064 -0.298698 -0.916798 -0.0129476 -0.399143 -7.42399
-0.396715 0.0357152 0.917247 58.1464 0.0039799 0.9993 -0.0371889 -0.375764 -0.917933 -0.0111029 -0.39658 -7.8069
-0.394408 0.0353851 0.918254 59.0712 0.00599029 0.999336 -0.0359367 -0.444125 -0.918916 -0.00867311 -0.394358 -8.20822
-0.39401 0.0349043 0.918443 59.9635 0.00486223 0.999344 -0.035893 -0.515156 -0.919093 -0.00967652 -0.393921 -8.59221
-0.394727 0.0355444 0.918111 60.8667 0.00481394 0.999318 -0.0366187 -0.586907 -0.918786 -0.0100347 -0.394629 -8.9843
-0.397408 0.0367347 0.916906 61.7743 0.00424373 0.999261 -0.0381949 -0.657336 -0.917632 -0.0112879 -0.397271 -9.38254
-0.401817 0.0370174 0.914971 62.6932 0.00457052 0.999251 -0.03842 -0.724121 -0.915709 -0.0112559 -0.401685 -9.78767
-0.407839 0.0348423 0.912389 63.6013 0.00617856 0.999354 -0.0354015 -0.785889 -0.913033 -0.0088009 -0.407791 -10.1953
-0.414203 0.031452 0.909641 64.5088 0.00664939 0.999481 -0.0315306 -0.843657 -0.910161 -0.00701148 -0.414197 -10.608
-0.419642 0.030021 0.907193 65.4035 0.00685951 0.999529 -0.0299036 -0.888465 -0.907664 -0.00632591 -0.41965 -11.02
-0.425261 0.0331264 0.904464 66.2977 0.00995722 0.999441 -0.0319233 -0.935355 -0.905016 -0.0045698 -0.425353 -11.437
-0.430807 0.0354383 0.901748 67.192 0.0113441 0.999363 -0.0338549 -0.980449 -0.902373 -0.00435539 -0.430934 -11.8612
-0.43583 0.0370529 0.899266 68.0614 0.0105621 0.999294 -0.0360556 -1.02854 -0.899967 -0.00621602 -0.435914 -12.2808
-0.440145 0.0374368 0.897146 68.9597 0.00924697 0.999267 -0.0371616 -1.07556 -0.89788 -0.0080606 -0.440168 -12.7069
-0.443712 0.0371863 0.895398 69.8466 0.0111319 0.999291 -0.0359847 -1.12011 -0.896101 -0.00599941 -0.443811 -13.1385
-0.445997 0.0314901 0.89448 70.7343 0.0155238 0.999503 -0.0274471 -1.15556 -0.8949 0.00164435 -0.446264 -13.5725
-0.448865 0.0224884 0.893317 71.6025 0.0131425 0.999741 -0.0185639 -1.18362 -0.893503 0.00340766 -0.449045 -14.0003
-0.451169 0.0210026 0.892192 72.4735 0.0123343 0.999775 -0.0172979 -1.21115 -0.892354 0.00320024 -0.451326 -14.4381
-0.45306 0.0236947 0.891165 73.3431 0.00596383 0.999705 -0.0235487 -1.24602 -0.891461 -0.00535423 -0.453067 -14.8771
-0.454278 0.0307559 0.890329 74.2134 0.00934287 0.999514 -0.0297606 -1.28538 -0.890811 -0.00520135 -0.454344 -15.315
-0.455119 0.0341771 0.889775 75.0706 0.0142419 0.999415 -0.0311038 -1.32766 -0.890317 -0.00148383 -0.45534 -15.751
-0.454733 0.0357823 0.889909 75.9056 0.0183273 0.999357 -0.0308181 -1.36775 -0.89044 0.0022956 -0.455096 -16.1807
-0.454603 0.0323234 0.890107 76.7863 0.0163651 0.999476 -0.027937 -1.41057 -0.890544 0.00186649 -0.454894 -16.6209
-0.453663 0.0277382 0.890742 77.6232 0.0157435 0.999609 -0.0231101 -1.44938 -0.891035 0.00353919 -0.453922 -17.0428
-0.452554 0.0212605 0.891483 78.4963 0.0124287 0.999769 -0.0175337 -1.48479 -0.891651 0.00314499 -0.452714 -17.4908
-0.451473 0.0163458 0.892135 79.3583 0.0041049 0.99986 -0.0162423 -1.51656 -0.892276 -0.00367084 -0.451477 -17.9199
-0.449806 0.0123824 0.893041 80.2218 -0.00131534 0.999894 -0.0145266 -1.54644 -0.893126 -0.0077088 -0.449742 -18.347
-0.448108 0.013027 0.893885 81.0703 0.00169217 0.999904 -0.0137239 -1.5709 -0.893978 -0.00463718 -0.448087 -18.7521
-0.445662 0.016526 0.895049 81.9156 0.00605032 0.999862 -0.0154488 -1.59712 -0.895181 -0.0014696 -0.445701 -19.158
-0.440388 0.0190047 0.897607 82.774 0.00596124 0.999816 -0.0182441 -1.62429 -0.897788 -0.00268363 -0.44042 -19.5797
-0.432625 0.0202237 0.901347 83.6205 0.00826701 0.999795 -0.0184646 -1.64893 -0.901536 -0.000536824 -0.432704 -19.9892
-0.424463 0.0228536 0.905157 84.4726 0.0136725 0.999729 -0.0188299 -1.67494 -0.905343 0.00438316 -0.42466 -20.3945
-0.413932 0.0210313 0.910065 85.3336 0.00772983 0.999778 -0.0195887 -1.69981 -0.910276 -0.00107375 -0.414002 -20.7903
-0.402158 0.0191412 0.91537 86.1908 0.00471014 0.999811 -0.0188377 -1.72259 -0.915558 -0.00326421 -0.402173 -21.1652
-0.389762 0.0154481 0.920786 87.0363 0.00142246 0.999868 -0.0161728 -1.7424 -0.920915 -0.00499377 -0.389732 -21.5318
-0.377264 0.014929 0.925986 87.885 -0.00135023 0.99986 -0.0166702 -1.76381 -0.926105 -0.00753935 -0.37719 -21.8846
-0.364888 0.0136679 0.930951 88.7318 -0.00434035 0.999856 -0.0163808 -1.78768 -0.931042 -0.0100178 -0.364776 -22.2177
-0.351861 0.0152795 0.935928 89.5888 -0.0032587 0.999841 -0.0175481 -1.81526 -0.936047 -0.0092244 -0.351755 -22.5415
-0.338156 0.0210533 0.940855 90.4406 0.000426687 0.999753 -0.022218 -1.83741 -0.94109 -0.0071117 -0.338082 -22.8506
-0.325376 0.0309767 0.945077 91.2985 0.0050334 0.999506 -0.0310278 -1.86235 -0.945572 -0.00533873 -0.32537 -23.1511
-0.311042 0.0364994 0.949695 92.1608 0.00691406 0.999323 -0.0361422 -1.89154 -0.950371 -0.00467552 -0.311084 -23.4375
-0.300669 0.0345509 0.953103 93.0189 0.00676198 0.999396 -0.0340959 -1.91813 -0.953705 -0.00380672 -0.300721 -23.7166
-0.287886 0.0309341 0.957165 93.8832 -0.00058114 0.999472 -0.0324763 -1.94583 -0.957665 -0.00990571 -0.287716 -23.9844
-0.277355 0.03214 0.96023 94.7431 -0.00825852 0.999324 -0.0358339 -1.97728 -0.960732 -0.0178688 -0.276902 -24.2353
-0.268808 0.0378868 0.962448 95.6052 -0.010094 0.99906 -0.0421473 -2.01263 -0.963141 -0.0210445 -0.268173 -24.4786
-0.262058 0.0453688 0.963985 96.4686 -0.0125249 0.99865 -0.0504052 -2.05566 -0.964971 -0.0252829 -0.261136 -24.716
-0.258438 0.0473633 0.964866 97.3391 -0.0190392 0.998354 -0.0541068 -2.10137 -0.965841 -0.0323535 -0.25711 -24.9534
-0.254163 0.0479831 0.965971 98.2103 -0.0255956 0.998085 -0.056313 -2.14997 -0.966823 -0.0390373 -0.252448 -25.1867
-0.249124 0.0478961 0.967287 99.0837 -0.0315983 0.997842 -0.0575473 -2.20434 -0.967956 -0.0449011 -0.247073 -25.4048
-0.242456 0.0441078 0.969159 99.9583 -0.0354936 0.997894 -0.0542951 -2.25544 -0.969513 -0.0475632 -0.24038 -25.616
-0.238263 0.040568 0.970353 100.833 -0.0399543 0.997872 -0.0515291 -2.30377 -0.970379 -0.0510473 -0.236135 -25.8248
-0.232312 0.0387 0.971871 101.712 -0.0440167 0.997766 -0.0502528 -2.35133 -0.971645 -0.0544529 -0.23009 -26.0291
-0.22566 0.0387852 0.973434 102.587 -0.0537555 0.997189 -0.0521933 -2.40045 -0.972722 -0.0641054 -0.22294 -26.2248
-0.218544 0.0406617 0.97498 103.464 -0.0619686 0.996536 -0.0554512 -2.45332 -0.973858 -0.0725367 -0.215267 -26.4095
-0.212648 0.0452904 0.976079 104.337 -0.0640405 0.996131 -0.0601728 -2.51188 -0.975028 -0.0753042 -0.208925 -26.5802
-0.207393 0.0500592 0.976976 105.17 -0.060758 0.996103 -0.063937 -2.56769 -0.976369 -0.0726193 -0.203543 -26.7218
-0.202277 0.0487602 0.978114 106.043 -0.0625085 0.99608 -0.0625828 -2.62787 -0.977332 -0.0737995 -0.198436 -26.8757
-0.196304 0.0445473 0.979531 106.921 -0.0619642 0.996407 -0.0577329 -2.6795 -0.978583 -0.0720291 -0.192839 -27.0322
-0.189739 0.0433936 0.980875 107.8 -0.0637115 0.996373 -0.0564035 -2.7314 -0.979766 -0.073195 -0.186286 -27.1834
-0.184143 0.047337 0.981759 108.683 -0.0662661 0.995969 -0.0604514 -2.78758 -0.980663 -0.076189 -0.180264 -27.3261
-0.178507 0.0498982 0.982673 109.556 -0.0690442 0.995616 -0.0630977 -2.85216 -0.981514 -0.0791112 -0.174279 -27.4692
-0.171539 0.0513717 0.983837 110.434 -0.069026 0.995558 -0.0640189 -2.91268 -0.982757 -0.0788921 -0.167231 -27.6178
-0.163913 0.0484868 0.985283 111.302 -0.0804737 0.994805 -0.0623432 -2.98517 -0.983187 -0.0895082 -0.15916 -27.7559
-0.155663 0.0483617 0.986626 112.165 -0.0687972 0.995844 -0.059668 -3.04932 -0.985412 -0.0771652 -0.151689 -27.8865
-0.147617 0.0498875 0.987786 113.031 -0.0612115 0.996351 -0.0594678 -3.10609 -0.987149 -0.0692423 -0.144024 -28.0158
-0.140968 0.0508182 0.988709 113.907 -0.0598028 0.996421 -0.0597412 -3.15865 -0.988207 -0.0675492 -0.137425 -28.1322
-0.13363 0.0505095 0.989744 114.778 -0.0675487 0.995913 -0.0599445 -3.22029 -0.988727 -0.0748663 -0.129672 -28.2351
-0.128714 0.0493861 0.990452 115.649 -0.0723937 0.995626 -0.0590521 -3.28032 -0.989036 -0.0793033 -0.124576 -28.3339
-0.123843 0.0491043 0.991086 116.517 -0.0715996 0.995729 -0.0582812 -3.33853 -0.989716 -0.0781792 -0.119798 -28.4268
-0.120506 0.0500236 0.991452 117.385 -0.072524 0.995617 -0.0590488 -3.39781 -0.99006 -0.0790198 -0.11635 -28.5169
-0.115605 0.0512516 0.991972 118.255 -0.0717455 0.995628 -0.0598019 -3.45772 -0.990701 -0.0780829 -0.111423 -28.6024
-0.111105 0.0502614 0.992537 119.126 -0.0657434 0.996161 -0.0578043 -3.51621 -0.991632 -0.0716751 -0.107374 -28.6855
-0.107361 0.0490486 0.99301 119.997 -0.058252 0.996756 -0.0555317 -3.57166 -0.992513 -0.0638067 -0.104155 -28.7643
-0.104586 0.0487016 0.993323 120.827 -0.0570463 0.996862 -0.0548815 -3.62408 -0.992879 -0.0624052 -0.101479 -28.818
-0.101281 0.0509603 0.993552 121.694 -0.0584149 0.996659 -0.0570745 -3.68031 -0.993142 -0.0638188 -0.0979651 -28.8826
-0.0986905 0.0531108 0.9937 122.576 -0.0599043 0.996447 -0.0592071 -3.74137 -0.993314 -0.0653701 -0.0951581 -28.95
-0.0977072 0.0531406 0.993796 123.441 -0.0620837 0.996303 -0.0593786 -3.80115 -0.993277 -0.0675003 -0.0940466 -29.0015
-0.0982875 0.0521066 0.993793 124.341 -0.0632597 0.996281 -0.0584936 -3.86653 -0.993146 -0.0686162 -0.0946255 -29.065
-0.098448 0.0486382 0.993953 125.237 -0.0570061 0.996889 -0.0544282 -3.92746 -0.993508 -0.0620198 -0.0953688 -29.1318
-0.098602 0.0453771 0.994092 126.131 -0.0553535 0.997163 -0.0510077 -3.98564 -0.993587 -0.0600559 -0.0958103 -29.1968
-0.0985703 0.0447374 0.994124 127.007 -0.052952 0.997338 -0.0501324 -4.04317 -0.993721 -0.0575825 -0.0959387 -29.263
-0.0983111 0.0487567 0.993961 127.883 -0.0549416 0.99701 -0.0543405 -4.10422 -0.993638 -0.0599521 -0.0953382 -29.33
-0.0989265 0.0518619 0.993743 128.746 -0.0563494 0.996747 -0.0576282 -4.16715 -0.993498 -0.0616978 -0.095682 -29.3978
-0.0989338 0.0508371 0.993795 129.613 -0.0616477 0.996463 -0.0571107 -4.22897 -0.993183 -0.0669154 -0.0954497 -29.467
-0.0982072 0.0504584 0.993886 130.477 -0.0617328 0.996481 -0.0566901 -4.28832 -0.99325 -0.0669227 -0.0947465 -29.5336
-0.0990638 0.046604 0.993989 131.34 -0.0632651 0.996587 -0.053031 -4.3404 -0.993068 -0.0681383 -0.095777 -29.6047
-0.0990478 0.0473338 0.993957 132.206 -0.0682988 0.996189 -0.0542461 -4.39245 -0.992736 -0.073259 -0.0954373 -29.6785
-0.0995647 0.0498902 0.99378 133.069 -0.0784893 0.995236 -0.0578271 -4.44647 -0.991931 -0.0837586 -0.0951743 -29.7496
-0.100233 0.0506637 0.993674 133.931 -0.0877539 0.994361 -0.0595506 -4.50139 -0.991087 -0.0931677 -0.095222 -29.8209
-0.101701 0.0529394 0.993406 134.784 -0.0898293 0.994015 -0.0621682 -4.55654 -0.990751 -0.0955594 -0.0963361 -29.8956
-0.102266 0.0552433 0.993222 135.638 -0.089735 0.993874 -0.064519 -4.61745 -0.990702 -0.0957249 -0.0966817 -29.9816
-0.102089 0.0570135 0.99314 136.469 -0.0872528 0.993995 -0.0660317 -4.67736 -0.990941 -0.0933954 -0.0965012 -30.0664
-0.100812 0.0555232 0.993355 137.3 -0.0847262 0.994335 -0.0641765 -4.73544 -0.991291 -0.090633 -0.0955361 -30.1507
-0.0980874 0.0529253 0.99377 138.132 -0.0822759 0.994735 -0.0610975 -4.79089 -0.991771 -0.0877562 -0.0932163 -30.2329
-0.0966223 0.0486512 0.994132 138.963 -0.0792767 0.995255 -0.0564113 -4.84208 -0.992159 -0.084262 -0.0923067 -30.3145
-0.0922619 0.0491384 0.994522 139.794 -0.0767967 0.995455 -0.056309 -4.89354 -0.992769 -0.0815712 -0.0880687 -30.3921
-0.0877139 0.0544576 0.994656 140.625 -0.0746926 0.995334 -0.0610815 -4.94926 -0.993342 -0.0796512 -0.0832368 -30.4658
-0.0805637 0.057985 0.995062 141.456 -0.0726257 0.995311 -0.0638797 -5.00703 -0.9941 -0.0774135 -0.0759746 -30.5331
-0.0713144 0.0584247 0.995742 142.287 -0.070701 0.995476 -0.0634727 -5.06394 -0.994945 -0.0749265 -0.0668609 -30.5925
-0.0610675 0.0548516 0.996626 143.11 -0.0667502 0.996029 -0.0589089 -5.11579 -0.995899 -0.0701224 -0.0571634 -30.6423
-0.0493363 0.0542504 0.997308 143.923 -0.0622876 0.996413 -0.0572831 -5.16557 -0.996838 -0.0649461 -0.04578 -30.6818
-0.0351543 0.0570128 0.997755 144.727 -0.0540864 0.9968 -0.0588639 -5.21397 -0.997917 -0.0560344 -0.031958 -30.7101
-0.0218777 0.0593843 0.997996 145.513 -0.0517467 0.996829 -0.0604493 -5.26188 -0.998421 -0.0529655 -0.0187352 -30.7249
-0.00781103 0.0606487 0.998129 146.286 -0.0459114 0.997085 -0.0609446 -5.30747 -0.998915 -0.0463015 -0.0050036 -30.7288
0.00625125 0.0637155 0.997949 147.058 -0.0439614 0.997021 -0.0633809 -5.35696 -0.999014 -0.0434751 0.00903384 -30.7215
0.0204432 0.0715239 0.99723 147.818 -0.042499 0.996598 -0.0706075 -5.41039 -0.998887 -0.0409379 0.0234136 -30.7038
0.034078 0.0811585 0.996119 148.575 -0.041526 0.995952 -0.0797243 -5.46917 -0.998556 -0.038648 0.0373104 -30.6754
0.048786 0.0894981 0.994792 149.326 -0.0395498 0.995369 -0.0876105 -5.5315 -0.998026 -0.0350697 0.0520999 -30.6358
0.0619955 0.0905171 0.993964 150.062 -0.0333019 0.995512 -0.0885811 -5.5873 -0.997521 -0.0276093 0.0647318 -30.5857
0.074659 0.0910832 0.993041 150.722 -0.029296 0.99559 -0.0891145 -5.6185 -0.996779 -0.022439 0.0769984 -30.5306
0.0864227 0.0916882 0.992031 151.379 -0.0247799 0.995646 -0.0898636 -5.64846 -0.995951 -0.0168162 0.0883186 -30.4688
0.0957889 0.100869 0.990278 152.036 -0.0291475 0.99471 -0.0985014 -5.68708 -0.994975 -0.0194288 0.0982225 -30.3988
0.103535 0.111896 0.988312 152.707 -0.0314122 0.993524 -0.109195 -5.72997 -0.99413 -0.0197395 0.10638 -30.3249
0.107778 0.117529 0.987204 153.388 -0.0345806 0.99283 -0.114423 -5.77401 -0.993574 -0.0218058 0.11107 -30.2503
0.108451 0.117643 0.987117 154.065 -0.037575 0.992748 -0.114186 -5.81803 -0.993392 -0.0247073 0.112085 -30.1733
0.107556 0.117059 0.987284 154.762 -0.0414964 0.992707 -0.113182 -5.86241 -0.993333 -0.0287955 0.111629 -30.0975
0.10465 0.116677 0.987641 155.465 -0.0401953 0.992779 -0.113024 -5.90769 -0.993697 -0.0278705 0.108585 -30.023
0.10245 0.120484 0.987415 156.196 -0.0433928 0.992234 -0.11657 -5.96112 -0.993792 -0.0309041 0.106882 -29.9643
0.099493 0.123062 0.987399 156.928 -0.0451453 0.991859 -0.119069 -6.01749 -0.994014 -0.0327299 0.104239 -29.9072
0.0957342 0.124851 0.987546 157.66 -0.0499265 0.991456 -0.120505 -6.07664 -0.994154 -0.0377683 0.10115 -29.851
0.0909021 0.127789 0.987627 158.389 -0.0533767 0.990932 -0.123304 -6.13899 -0.994429 -0.0415077 0.096899 -29.7956
0.0853569 0.128772 0.987994 159.107 -0.0546088 0.990727 -0.124411 -6.20156 -0.994853 -0.0433339 0.0915976 -29.7348
0.0782573 0.129838 0.988442 159.78 -0.0538177 0.990587 -0.125859 -6.26128 -0.99548 -0.0433463 0.0845085 -29.676
0.0690412 0.133724 0.988611 160.331 -0.0593913 0.989769 -0.129733 -6.30383 -0.995845 -0.049758 0.076277 -29.6254
0.0599317 0.138173 0.988593 160.853 -0.0582571 0.989169 -0.134722 -6.33516 -0.996502 -0.0495184 0.0673324 -29.5805
0.0493608 0.144199 0.988317 161.34 -0.0557495 0.988378 -0.141424 -6.36015 -0.997224 -0.0481174 0.0568264 -29.5359
0.0398611 0.149711 0.987926 161.823 -0.0552858 0.987527 -0.14742 -6.38757 -0.997675 -0.048742 0.0476411 -29.4964
0.0333257 0.155921 0.987208 162.303 -0.0530989 0.986637 -0.154038 -6.41656 -0.998033 -0.0472862 0.0411597 -29.4706
0.0243974 0.162123 0.986469 162.666 -0.0319923 0.986384 -0.161318 -6.40436 -0.999191 -0.0276237 0.0292521 -29.4519
0.0139368 0.167349 0.9858 162.981 -0.0404331 0.985183 -0.166673 -6.39795 -0.999085 -0.0375361 0.0204969 -29.4178
0.0077047 0.174381 0.984649 163.279 -0.0239643 0.984427 -0.174154 -6.37888 -0.999684 -0.0222547 0.0117638 -29.3875
0.00143214 0.18734 0.982295 163.55 -0.0204817 0.982094 -0.187272 -6.36152 -0.99979 -0.0198509 0.00524371 -29.3549
-0.00306635 0.197913 0.980215 163.822 -0.0394921 0.979431 -0.197878 -6.35745 -0.999216 -0.0393175 0.0048129 -29.3336
-0.00667895 0.201686 0.979428 164.082 -0.0523701 0.978034 -0.201757 -6.35125 -0.998606 -0.0526402 0.00403026 -29.3161
0.000224345 0.203239 0.979129 164.389 -0.0761735 0.976288 -0.202632 -6.36344 -0.997095 -0.0745382 0.0157006 -29.3188
0.00228553 0.200438 0.979704 164.661 -0.0845135 0.97624 -0.199532 -6.36239 -0.99642 -0.0823422 0.0191711 -29.3074
-0.00485816 0.198148 0.98016 164.856 -0.0984664 0.975313 -0.197657 -6.33914 -0.995129 -0.0974732 0.0147729 -29.2824
-0.0125341 0.209881 0.977647 165.042 -0.154203 0.965621 -0.209276 -6.33343 -0.98796 -0.153379 0.0202612 -29.2551
-0.00730665 0.206773 0.978362 165.245 -0.157371 0.965958 -0.205326 -6.31484 -0.987513 -0.155466 0.0254823 -29.2433
-0.00140155 0.210153 0.977668 165.438 -0.168781 0.963593 -0.207369 -6.29777 -0.985653 -0.165303 0.0341195 -29.2303
0.00328813 0.214854 0.976641 165.632 -0.192167 0.958579 -0.210233 -6.28785 -0.981357 -0.186987 0.0444398 -29.2215
0.016508 0.217311 0.975963 165.83 -0.207618 0.955566 -0.209258 -6.27677 -0.978071 -0.199173 0.0608923 -29.2111
0.027921 0.218167 0.975512 166.125 -0.222329 0.952803 -0.206725 -6.28536 -0.974572 -0.211113 0.0751082 -29.1857
0.0389135 0.218054 0.975161 166.538 -0.233643 0.950833 -0.203291 -6.33816 -0.971544 -0.219929 0.0879473 -29.1379
0.0504366 0.216751 0.974923 166.995 -0.239701 0.95026 -0.198867 -6.41274 -0.969536 -0.22366 0.0998835 -29.0811
0.0613037 0.216954 0.974255 167.478 -0.237647 0.951193 -0.196864 -6.48594 -0.969415 -0.21946 0.10987 -29.0147
0.069567 0.222277 0.972499 167.98 -0.242882 0.949299 -0.1996 -6.57043 -0.967558 -0.222317 0.120027 -28.9456
0.0782015 0.230778 0.969859 168.549 -0.246437 0.947122 -0.205497 -6.6725 -0.965999 -0.222939 0.130939 -28.8601
0.0870646 0.241819 0.966408 169.128 -0.247798 0.944858 -0.214102 -6.78242 -0.964892 -0.220834 0.142186 -28.7617
0.093643 0.249489 0.96384 169.706 -0.243745 0.944377 -0.22077 -6.89758 -0.965308 -0.214258 0.149246 -28.6609
0.100423 0.248273 0.963471 170.287 -0.243928 0.944956 -0.218077 -7.01013 -0.96458 -0.213118 0.155456 -28.5566
0.105702 0.241842 0.964541 170.875 -0.248588 0.945603 -0.209852 -7.12016 -0.962825 -0.217592 0.160071 -28.4493
0.109097 0.232765 0.966395 171.491 -0.255439 0.946114 -0.199044 -7.2308 -0.96065 -0.22514 0.162676 -28.348
0.111061 0.227504 0.967423 172.098 -0.257299 0.946837 -0.193124 -7.33622 -0.959929 -0.227469 0.163693 -28.2438
0.111632 0.229273 0.96694 172.717 -0.256717 0.946647 -0.194823 -7.44517 -0.960018 -0.226481 0.164535 -28.1395
0.112971 0.233119 0.965864 173.336 -0.254105 0.946539 -0.198733 -7.55671 -0.960556 -0.22298 0.166169 -28.0343
0.114044 0.234733 0.965347 173.946 -0.25335 0.946431 -0.200203 -7.66709 -0.960629 -0.221739 0.167405 -27.927
0.114873 0.233618 0.965519 174.563 -0.256312 0.946012 -0.198403 -7.77687 -0.959744 -0.224684 0.168551 -27.822
0.116637 0.231685 0.965774 175.18 -0.258588 0.945956 -0.195701 -7.8848 -0.95892 -0.226912 0.170245 -27.7159
0.119072 0.229124 0.966087 175.799 -0.260299 0.94618 -0.19232 -7.99089 -0.958158 -0.228572 0.172304 -27.6072
0.123402 0.228935 0.965589 176.423 -0.261438 0.946151 -0.190914 -8.09944 -0.9573 -0.228883 0.176609 -27.4966
0.12885 0.229156 0.964824 177.038 -0.26369 0.945825 -0.189428 -8.20688 -0.955963 -0.230007 0.182295 -27.3797
0.135796 0.229135 0.963876 177.653 -0.266833 0.945397 -0.187149 -8.31331 -0.954128 -0.23178 0.189522 -27.2581
0.143845 0.230996 0.962263 178.266 -0.270451 0.944534 -0.186311 -8.42021 -0.951927 -0.233445 0.19834 -27.13
0.155567 0.23375 0.959771 178.877 -0.27386 0.94372 -0.185452 -8.52654 -0.949105 -0.233993 0.210827 -26.9933
0.167364 0.238682 0.956567 179.485 -0.277456 0.94244 -0.186613 -8.63401 -0.946049 -0.234173 0.223955 -26.8475
0.179098 0.242176 0.953559 180.104 -0.280747 0.94151 -0.186386 -8.74515 -0.942924 -0.234328 0.236614 -26.6866
0.191223 0.243783 0.950791 180.722 -0.282536 0.941339 -0.184536 -8.8555 -0.940004 -0.233345 0.248884 -26.5173
0.202858 0.241377 0.948992 181.339 -0.284339 0.941904 -0.178794 -8.96204 -0.937017 -0.233566 0.259706 -26.3409
0.213758 0.241112 0.946664 181.954 -0.287632 0.941638 -0.174885 -9.06673 -0.933582 -0.234908 0.270635 -26.1574
0.224837 0.241011 0.94412 182.578 -0.29098 0.941323 -0.171002 -9.17101 -0.929935 -0.236272 0.281773 -25.9549
0.233516 0.240213 0.942215 183.201 -0.297226 0.940257 -0.166051 -9.27226 -0.925812 -0.241275 0.290963 -25.7461
0.239313 0.2417 0.940378 183.823 -0.301541 0.93913 -0.164642 -9.37317 -0.922932 -0.244161 0.297628 -25.533
0.242909 0.23983 0.939935 184.448 -0.303334 0.939144 -0.161237 -9.47333 -0.921403 -0.245948 0.300875 -25.3171
0.245438 0.237337 0.939911 185.084 -0.300583 0.940413 -0.158974 -9.57629 -0.921635 -0.243503 0.302153 -25.0983
0.245344 0.239373 0.939419 185.719 -0.296804 0.941049 -0.162273 -9.68207 -0.922884 -0.239011 0.301928 -24.8798
0.244166 0.24049 0.93944 186.363 -0.294509 0.941393 -0.164446 -9.79592 -0.923931 -0.236522 0.300683 -24.6629
0.243434 0.242463 0.939123 187.027 -0.291259 0.941837 -0.167665 -9.90952 -0.925153 -0.232713 0.299895 -24.4382
0.242805 0.242062 0.93939 187.704 -0.289597 0.942297 -0.167959 -10.0255 -0.92584 -0.231263 0.298895 -24.2191
0.243438 0.237912 0.940286 188.379 -0.284543 0.944311 -0.165263 -10.1406 -0.92724 -0.227321 0.297578 -24.0016
0.241263 0.237724 0.940893 189.058 -0.286616 0.943739 -0.164949 -10.2572 -0.92717 -0.229879 0.295825 -23.781
0.238448 0.237492 0.941669 189.737 -0.286858 0.943597 -0.16534 -10.3746 -0.927823 -0.2307 0.293125 -23.5624
0.236562 0.237663 0.942102 190.425 -0.287104 0.943423 -0.165905 -10.4931 -0.92823 -0.231235 0.291412 -23.3415
0.233869 0.238533 0.942554 191.122 -0.289041 0.942665 -0.166843 -10.6175 -0.928311 -0.233417 0.289407 -23.1173
0.232542 0.239962 0.94252 191.833 -0.287705 0.942686 -0.169021 -10.7471 -0.929059 -0.231864 0.288253 -22.8951
0.230769 0.245232 0.941599 192.535 -0.287908 0.941594 -0.17467 -10.8877 -0.929438 -0.230785 0.287895 -22.6725
0.229041 0.251412 0.94039 193.233 -0.288202 0.940272 -0.181186 -11.0357 -0.929774 -0.229523 0.287818 -22.4536
0.225554 0.251756 0.94114 193.89 -0.287145 0.940299 -0.182714 -11.1684 -0.930953 -0.229032 0.284379 -22.1994
0.220376 0.24815 0.943322 194.553 -0.286409 0.94093 -0.180611 -11.3003 -0.932419 -0.230374 0.278431 -21.9505
0.216921 0.244166 0.945161 195.219 -0.286039 0.941615 -0.177602 -11.4301 -0.933342 -0.231828 0.274097 -21.7045
0.211028 0.243907 0.946561 195.9 -0.287837 0.940937 -0.178287 -11.5643 -0.93414 -0.234831 0.26877 -21.4589
0.203255 0.242499 0.948621 196.589 -0.287364 0.940953 -0.178968 -11.7021 -0.936007 -0.236224 0.260939 -21.2215
0.192525 0.241672 0.951068 197.281 -0.287418 0.940581 -0.180826 -11.8414 -0.938257 -0.238541 0.250546 -20.9925
0.180993 0.240538 0.953616 197.981 -0.282844 0.941396 -0.183773 -11.9841 -0.941935 -0.236463 0.238421 -20.7753
0.168085 0.241654 0.955694 198.687 -0.276414 0.942147 -0.189613 -12.1329 -0.946226 -0.232296 0.225158 -20.5709
0.155221 0.244258 0.957207 199.392 -0.271024 0.942301 -0.196505 -12.2873 -0.949975 -0.228924 0.212465 -20.3794
0.140652 0.24306 0.95976 200.088 -0.271531 0.941696 -0.198692 -12.4462 -0.952097 -0.232658 0.19845 -20.2146
0.129883 0.235903 0.963058 200.788 -0.265033 0.944203 -0.195541 -12.6032 -0.955452 -0.229845 0.185159 -20.0576
0.121554 0.228704 0.965878 201.491 -0.257303 0.94709 -0.191874 -12.7577 -0.958656 -0.2252 0.173969 -19.9085
0.114283 0.222668 0.968173 202.215 -0.253965 0.948723 -0.188217 -12.9166 -0.960438 -0.224372 0.164973 -19.771
0.106335 0.220979 0.969465 202.939 -0.26024 0.947191 -0.187358 -13.0749 -0.959671 -0.232371 0.158227 -19.6384
0.103609 0.218979 0.970214 203.668 -0.25638 0.948379 -0.186673 -13.2367 -0.961008 -0.229402 0.154403 -19.5138
0.100577 0.217989 0.970756 204.381 -0.256458 0.948411 -0.186401 -13.3955 -0.961309 -0.23021 0.151293 -19.3952
0.0971313 0.220335 0.970577 205.093 -0.255637 0.947993 -0.189626 -13.5592 -0.961881 -0.229697 0.148406 -19.2833
0.0965784 0.221123 0.970453 205.828 -0.262725 0.946093 -0.189426 -13.7321 -0.960025 -0.236668 0.149467 -19.1672
0.0967517 0.219422 0.970821 206.551 -0.264872 0.9459 -0.187393 -13.9027 -0.959418 -0.239013 0.149636 -19.063
0.0991615 0.217933 0.970914 207.275 -0.267559 0.945628 -0.184931 -14.0715 -0.958426 -0.241439 0.15208 -18.9568
0.102158 0.215686 0.971105 208.009 -0.267296 0.946261 -0.18205 -14.239 -0.958185 -0.240974 0.15432 -18.8438
0.105409 0.213811 0.971172 208.743 -0.264938 0.947351 -0.179812 -14.4045 -0.958487 -0.238346 0.156506 -18.7297
0.109134 0.212364 0.971078 209.476 -0.264379 0.947927 -0.17759 -14.5678 -0.958225 -0.237351 0.159596 -18.614
0.113272 0.209645 0.971195 210.222 -0.267587 0.947804 -0.173387 -14.7268 -0.956853 -0.240239 0.163459 -18.4851
0.117519 0.20457 0.971772 210.963 -0.270821 0.948063 -0.166828 -14.8778 -0.95543 -0.243571 0.166817 -18.3543
0.124756 0.200825 0.971651 211.704 -0.269752 0.949278 -0.161566 -15.026 -0.954815 -0.241948 0.172601 -18.2176
0.128594 0.199794 0.971363 212.46 -0.272264 0.94897 -0.159145 -15.1719 -0.953592 -0.244002 0.176429 -18.0677
0.131721 0.203275 0.970222 213.212 -0.281172 0.946212 -0.160072 -15.3178 -0.950575 -0.251715 0.181792 -17.915
0.135615 0.207376 0.968816 213.961 -0.289002 0.943603 -0.161525 -15.4628 -0.947675 -0.258084 0.187899 -17.7559
0.140019 0.208708 0.967903 214.715 -0.293733 0.942283 -0.160691 -15.6083 -0.945577 -0.261806 0.193242 -17.593
0.144895 0.207518 0.967441 215.466 -0.296545 0.94192 -0.15763 -15.7497 -0.943964 -0.264051 0.198018 -17.4237
0.149329 0.208996 0.966448 216.215 -0.296145 0.941992 -0.157949 -15.89 -0.943398 -0.262622 0.20256 -17.2515
0.151573 0.211916 0.965463 216.963 -0.301504 0.940111 -0.159017 -16.0332 -0.94134 -0.266988 0.206389 -17.0786
0.155927 0.211722 0.964812 217.715 -0.302939 0.939937 -0.157304 -16.1763 -0.940168 -0.267751 0.210701 -16.903
0.161199 0.209879 0.964348 218.475 -0.304934 0.939907 -0.153588 -16.3187 -0.938632 -0.269304 0.215512 -16.7266
0.165583 0.209437 0.963701 219.235 -0.305309 0.940069 -0.151844 -16.4599 -0.937747 -0.269084 0.219603 -16.5468
0.170808 0.209514 0.962772 219.993 -0.303002 0.940949 -0.151008 -16.6008 -0.937558 -0.265929 0.224205 -16.3639
0.175206 0.209932 0.96189 220.748 -0.303665 0.940891 -0.150038 -16.7403 -0.936531 -0.265805 0.228599 -16.1768
0.179868 0.208441 0.961354 221.501 -0.307294 0.940289 -0.14638 -16.878 -0.934462 -0.269089 0.233181 -15.9873
0.185602 0.20726 0.960519 222.238 -0.310615 0.939754 -0.142759 -17.0048 -0.93224 -0.271855 0.238799 -15.7923
0.191421 0.209325 0.958928 222.992 -0.307586 0.940573 -0.143918 -17.1455 -0.932067 -0.267404 0.244432 -15.5988
0.196784 0.215312 0.956513 223.739 -0.3104 0.939088 -0.147531 -17.2858 -0.930015 -0.26787 0.251631 -15.4
0.200522 0.218511 0.95501 224.475 -0.3157 0.937221 -0.148154 -17.4205 -0.927429 -0.271789 0.256918 -15.1921
0.203287 0.215725 0.955059 225.196 -0.323479 0.935452 -0.142443 -17.5372 -0.924141 -0.279985 0.259948 -14.9732
0.206148 0.206016 0.956588 225.938 -0.322282 0.937336 -0.132417 -17.6442 -0.923925 -0.280994 0.259626 -14.7522
0.209614 0.193552 0.958437 226.702 -0.31536 0.941213 -0.121103 -17.7545 -0.925533 -0.276868 0.25833 -14.5338
0.211385 0.18519 0.959699 227.458 -0.318558 0.941325 -0.111479 -17.8533 -0.924033 -0.282155 0.257977 -14.3123
0.213833 0.182465 0.959679 228.235 -0.317174 0.942145 -0.108459 -17.9617 -0.923946 -0.281193 0.259335 -14.089
0.215844 0.187215 0.958312 228.978 -0.320794 0.940563 -0.111494 -18.0575 -0.922227 -0.283356 0.263073 -13.8554
0.219105 0.192374 0.956549 229.718 -0.319771 0.940382 -0.115877 -18.1534 -0.921814 -0.280487 0.267558 -13.6188
0.222858 0.196049 0.954934 230.475 -0.319199 0.940244 -0.118541 -18.2565 -0.921112 -0.278396 0.27212 -13.3838
0.226339 0.199159 0.953471 231.222 -0.321906 0.939167 -0.119756 -18.3565 -0.919319 -0.279823 0.276681 -13.1444
0.230218 0.20124 0.952105 231.985 -0.321321 0.93923 -0.120824 -18.4605 -0.91856 -0.278115 0.280891 -12.9042
0.233366 0.199533 0.951697 232.762 -0.319332 0.940165 -0.118812 -18.5671 -0.91846 -0.276181 0.28312 -12.6617
0.238071 0.195331 0.951404 233.517 -0.318678 0.941047 -0.113462 -18.6599 -0.917479 -0.27618 0.286284 -12.4242
0.240528 0.189738 0.951917 234.266 -0.315636 0.942697 -0.108147 -18.7586 -0.917889 -0.274447 0.286634 -12.1987
0.244538 0.184369 0.951951 235.039 -0.314576 0.943739 -0.101971 -18.8667 -0.917193 -0.274525 0.288779 -11.9725
0.24766 0.17866 0.952232 235.826 -0.312578 0.945027 -0.0960116 -18.975 -0.917039 -0.273868 0.289891 -11.7447
0.250981 0.171597 0.952661 236.601 -0.310542 0.946415 -0.0886594 -19.0743 -0.916828 -0.273589 0.290821 -11.5163
0.254108 0.169763 0.952161 237.366 -0.309532 0.94697 -0.0862312 -19.1699 -0.916308 -0.272813 0.293181 -11.2864
0.255483 0.180408 0.949833 238.116 -0.319794 0.942904 -0.0930749 -19.2668 -0.912393 -0.279972 0.29859 -11.0444
0.256179 0.192613 0.947245 238.84 -0.320646 0.941394 -0.104706 -19.3657 -0.911899 -0.276907 0.302926 -10.7966
0.257573 0.198659 0.945617 239.587 -0.319947 0.940965 -0.110533 -19.4745 -0.911751 -0.274077 0.305928 -10.5465
0.258011 0.194707 0.946319 240.331 -0.319185 0.941663 -0.106724 -19.5802 -0.911895 -0.274515 0.305108 -10.2952
0.257372 0.188645 0.94772 241.077 -0.319929 0.942081 -0.10064 -19.6735 -0.911815 -0.277302 0.302818 -10.0315
0.25866 0.186421 0.94781 241.817 -0.317704 0.94303 -0.0987789 -19.7725 -0.912228 -0.275573 0.303151 -9.77801
0.258157 0.18581 0.948067 242.573 -0.314135 0.944149 -0.0995033 -19.8752 -0.913605 -0.272134 0.302109 -9.52017
0.25938 0.183839 0.948117 243.325 -0.309975 0.945622 -0.0985545 -19.9773 -0.914679 -0.268329 0.302262 -9.26682
0.260915 0.178397 0.948735 244.084 -0.308793 0.946565 -0.0930669 -20.0801 -0.914643 -0.26868 0.302061 -9.02423
0.262162 0.175165 0.948994 244.842 -0.308829 0.9469 -0.0894636 -20.1799 -0.914274 -0.269623 0.302337 -8.78138
0.263947 0.175382 0.948459 245.654 -0.30996 0.946595 -0.0887786 -20.2821 -0.913377 -0.270552 0.304213 -8.51888
0.266288 0.1784 0.947241 246.437 -0.309227 0.94659 -0.0913484 -20.3803 -0.912946 -0.268588 0.307232 -8.26218
0.267993 0.179428 0.946566 247.173 -0.309874 0.946349 -0.0916549 -20.4728 -0.912228 -0.268754 0.309215 -8.01106
