1.0 0.0 0.0 8.673617379884035e-19 0.0 1.0000000000000002 1.734723475976807e-18 1.3877787807814457e-17 2.0328790734103208e-20 0.0 1.0 0.0
0.9999974570768165 0.0022418744164838245 -0.00026162123592978056 0.00033376354186092413 -0.002241464374137343 0.9999962725055709 0.001558121451175734 -0.019876575695887577 0.00026511341540474303 -0.0015575311226483472 0.9999987504176128 0.7744426213128135
0.9999899634306534 0.0044792256592499306 -5.1432015765838076e-05 -0.014774801025410312 -0.004479102686555242 0.9999875762840184 0.002187784627394763 -0.03759807820556145 6.123093130722465e-05 -0.002187532363283164 0.9999976102853282 1.5350930370769849
0.9999797874851383 0.006327473514168066 0.0006195313117841064 -0.02483468088847008 -0.006328692315480456 0.9999780033995467 0.0019849364399704503 -0.05909635048767374 -0.0006069581139799071 -0.001988817158383085 0.9999978391153151 2.284678769892191
0.9999651632420813 0.008291976177167665 0.0009516567705849828 -0.03341526907028509 -0.008293507745660412 0.9999643010289349 0.0016163041943757107 -0.07022217853013615 -0.0009382205589570581 -0.0016241405329588954 0.999998245728984 3.0181681200460377
0.9999647190458688 0.008350061886821596 0.0009149400139312908 -0.034915540639186705 -0.008351311233062361 0.9999641872801367 0.0013695823413216535 -0.09172900978107555 -0.0009034712240070313 -0.001377175071237799 0.9999986436739948 3.7314334493352788
0.999963674527447 0.008384100773179635 0.001535369244473371 -0.04024295372011787 -0.008387732845649547 0.9999619997119461 0.002374233268778657 -0.11115858968697133 -0.0015154052739020795 -0.0023870253956432127 0.9999960057606071 4.423011001983443
0.9999559564700131 0.009176662999755492 0.001966104405219538 -0.04475304111199527 -0.009185939855690132 0.9999464659404017 0.004762199902967226 -0.12684381108898202 -0.0019222982768247938 -0.00478005089400673 0.999986727589585 5.107934016091324
0.999955178374423 0.008720768124161516 0.0036872838761783347 -0.045778501106736494 -0.008753359027722543 0.9999219315273168 0.008916772810764691 -0.13459478431746943 -0.0036092351442743487 -0.008948649455390024 0.9999534500982601 5.76494398728886
0.9999560282437204 0.008177527015583693 0.0045895551950358255 -0.04619663729923077 -0.008235491486944791 0.9998847268201385 0.012756046174916946 -0.15279733131744547 -0.004484713534644325 -0.012793282773563406 0.9999081049361416 6.40000177295485
0.9999583372080965 0.007171456475523622 0.005647850747379726 -0.045156898300803015 -0.007255151341807155 0.9998620627048002 0.014940425765955615 -0.1639011014469946 -0.005539927541766402 -0.01498077986907813 0.9998724300871036 7.00715742796942
0.9999467082398191 0.007485652164678435 0.0071095888706999505 -0.044012967005991804 -0.00759053186810936 0.999861047061432 0.014841186752019335 -0.17243827256098018 -0.006997505675900486 -0.014894361806742496 0.9998645846987492 7.573190232330141
0.9999298580360011 0.00884454653898455 0.007877027957055333 -0.045421716996588715 -0.008942939885531775 0.9998813235601951 0.012544752299522096 -0.18324296090928588 -0.007765141189441338 -0.012614316903869499 0.999890288403804 8.12444378524155
0.999925850253647 0.008411809082979548 0.008805802453638443 -0.03909639442013355 -0.008495458902388479 0.9999187293205768 0.009505409347441204 -0.18932834228490475 -0.0087251298399773 -0.009579514153769638 0.9999160504257765 8.651048398904935
0.9999220025236625 0.00704279554079505 0.01031460701817008 -0.034841258212052945 -0.007126188680508329 0.9999420432943698 0.00807059991126169 -0.19571689660231995 -0.010257170321969161 -0.008143474337807786 0.9999142341819681 9.15492630363414
0.9999205224931124 0.003304939880835845 0.012166516297781297 -0.024649597902074924 -0.003376689955508593 0.9999770061730145 0.0058815117093091234 -0.21282479446826247 -0.012146799759000817 -0.005922126966247445 0.9999086913338733 9.61659002681124
0.9999004328334119 0.001425276335527085 0.01403901882116221 -0.01608311217287295 -0.00149340008721819 0.9999871600908874 0.0048431626240849875 -0.23510291970886887 -0.014031937609484678 -0.0048636462868679765 0.9998897170757008 10.054569106482921
0.999851248953563 0.005420841122488288 0.016373393264559128 -0.016199773190944268 -0.005469537055066356 0.9999807429489159 0.0029307500883353505 -0.23502147248433258 -0.016357192218159095 -0.0030198691167202894 0.9998616480975213 10.472675996221394
0.9997735156948669 0.009262208725540207 0.01916073328818575 -0.015964516039244897 -0.009301399824355143 0.999954826553511 0.001957242299398733 -0.24320952431579962 -0.019141740584104488 -0.0021350206290235083 0.9998144977516222 10.851418828079469
0.999701387882067 0.010129817190685127 0.022237671862589372 -0.008285861234896818 -0.010190978132385663 0.9999445912100459 0.0026387104585490245 -0.24386369840645478 -0.02220971268131348 -0.0028645461961941225 0.9997492309078871 11.201018341571732
0.9996540333077585 0.006211953428983775 0.025558215785486022 0.0010396098352052248 -0.006304209028027275 0.9999738928435801 0.0035306177291073294 -0.25604505084099116 -0.025535619072690356 -0.003690520714287852 0.9996671038486618 11.519517429919121
0.9995966435033411 0.0011826554659060892 0.028375223827330476 0.019462437297848363 -0.0012786341487394277 0.9999935208842026 0.003364573331110472 -0.2670238606785481 -0.02837106369140191 -0.0033994977540141923 0.9995916756124565 11.809825835340817
0.9995357697382413 -0.002191441849801636 0.030388211003415683 0.037039590841629604 0.002051137809510356 0.9999870981627604 0.004647464697118534 -0.2762395097482857 -0.030398006198298085 -0.00458297693945969 0.9995273720989983 12.065665909586782
0.9994640893042409 -0.0034641584804696486 0.03255055456714549 0.04886502648973018 0.00328627627189231 0.9999793824312886 0.005516714936510153 -0.2795948359759491 -0.03256899677007326 -0.005406788546694763 0.9994548682644707 12.298888310913494
0.9993833452228713 -0.0023722185817464493 0.03503277071989965 0.04541439987250342 0.002208749065690738 0.9999864980845558 0.0047041584233947905 -0.28203169594522975 -0.03504346020767057 -0.004623879112321124 0.9993750966925734 12.499750744345047
0.9993126757435808 -0.0011510151172243839 0.03705206263533013 0.060326594795541685 0.0010233992103766782 0.9999934773539263 0.003463013556572303 -0.29177849021419655 -0.03705581002296042 -0.0034227143090745965 0.999307336902493 12.690478792993837
0.9992106808410357 0.0006413226751197185 0.039718953030278524 0.06119971686052914 -0.0007425038158589362 0.9999965160316119 0.0025327275908593695 -0.2931904522958164 -0.039717193424070416 -0.0025602200139958793 0.9992076831273524 12.865801693074198
0.9991393628823718 0.003249077559854662 0.04135183533295116 0.06544636746314683 -0.0033283718815207784 0.9999927519045796 0.0018488452829708048 -0.2998714334135277 -0.041345532124628104 -0.0019848883182879383 0.999142935213049 13.026063922095537
0.9990982327749991 0.004585391224486639 0.04221008081177034 0.07226110007564271 -0.004610442880621336 0.9999892472548403 0.000496165689396459 -0.30628647642647144 -0.04220735533139117 -0.0006903253403155347 0.9991086299701609 13.188440361054294
0.998999929923092 0.004135703663385381 0.04452014906314187 0.07797739351599924 -0.004097150964032632 0.9999911469027668 -0.0009571823872205907 -0.3126956803722773 -0.04452371695553929 0.0007738194441696536 0.9990080231741414 13.337318332955189
0.9989398731479076 0.0028846251255821506 0.04594363019376912 0.08643302702289661 -0.00276906568883087 0.9999928379599732 -0.002578696863795001 -0.3181619033382831 -0.04595074306155758 0.0024487421623428634 0.9989407088921195 13.478338163861865
0.9988662991666916 0.0020091098239304 0.04756128446848191 0.10119179004564187 -0.00184252703505163 0.9999920169226648 -0.003546071425933755 -0.3246414137931619 -0.047568032817423604 0.0034544184334743665 0.9988620239106437 13.617843716018964
0.9988036218693684 0.0025001496087186086 0.04883721512406448 0.10407759801404369 -0.0022691647770005756 0.9999859773060915 -0.004784563427133762 -0.326817155655513 -0.04884849638271603 0.004668019640375982 0.9987952908245402 13.74757439963792
0.9987462290509315 0.0035196457308323565 0.04993573573726818 0.11026094289579988 -0.0031720500104714198 0.9999701945194682 -0.0070384084239702984 -0.32760309525614345 -0.04995902470871197 0.006871185358492381 0.9987276364296005 13.877437587809187
0.998689341193457 0.003687920630251848 0.051049065878469684 0.11524683107188183 -0.0032309044292682648 0.9999539922600126 -0.009032123418234075 -0.3326070271329561 -0.051080031349840016 0.008855350954323995 0.9986553065465305 14.008083067895805
0.9986636559791093 0.0027757828747920193 0.05160611741935916 0.12752880250631418 -0.002177410507629934 0.9999297898710117 -0.011647599509652787 -0.3365690509672574 -0.05163482966724688 0.011519667078108958 0.9985995941498791 14.122684460583853
0.9986682723002371 0.0017383338028992192 0.05156226691318604 0.12938238946023733 -0.001055212002802338 0.9999113537038176 -0.013272751051552298 -0.3431964574772354 -0.051580773062866174 0.013200666459932384 0.9985815739959453 14.249091067218357
0.9987794738400818 0.0015114816507583832 0.04936885320035038 0.1352145008648032 -0.0008002428002054258 0.9998956574162314 -0.014423224187160261 -0.3485834907798242 -0.049385507367122605 0.014366114198138456 0.998676468743687 14.373140399353435
0.9989250840766098 0.0013869507880378655 0.04633305250121088 0.13697671653022964 -0.0006693916433733581 0.9998796586980632 -0.015498911670967723 -0.34650090903734176 -0.046348976797299365 0.015451236620245263 0.9988058072253271 14.496170546758188
0.9990953044955418 0.0020457304947916633 0.042478083263484775 0.14147991209477906 -0.0013361063450343987 0.9998591908363578 -0.016727331801381112 -0.35587151833788494 -0.042506325232807465 0.016655443363758377 0.9989573646681007 14.6262204861876
0.9993152441389244 0.0024988737116192605 0.036916102374033546 0.1364066111359486 -0.0018407527666463967 0.9998389643964416 -0.0178507261870109 -0.3573889927039039 -0.03695476791685264 0.017770549851487162 0.9991589214646341 14.7490315612257
0.999539322750337 0.0023299881388760615 0.030260687693990217 0.13388894596569656 -0.0017718922759077348 0.9998280865988829 -0.018456675314034096 -0.36087846245873556 -0.03029849121115197 0.01839455446366141 0.9993716206507802 14.871496188368695
0.9997244807572877 0.002314195602546478 0.02335814854513045 0.12531391861477562 -0.001861681251807891 0.9998105382613295 -0.01937605816435973 -0.3645151582031043 -0.02339856515488555 0.019327234751180915 0.9995393809813833 15.00390245893005
0.9998839742692056 0.002103329202161162 0.015087057536838764 0.1213255556602813 -0.001796968513580537 0.9997924992911825 -0.020291101385807205 -0.3638040612949337 -0.015126606684569594 0.0202616366079501 0.999680276439612 15.134716973594779
0.9999862342789885 0.001274308428385433 0.005090536028626561 0.11743705935196268 -0.0011647339757229792 0.9997688073422635 -0.02147043288918145 -0.37127971708235763 -0.005116719451571664 0.02146420805368822 0.9997565283787483 15.280355061941552
0.9999691390585783 -0.0005945343755494352 -0.00783398286534729 0.10462945509961716 0.0004124415672731238 0.999730174826158 -0.023225104809570213 -0.3740208096506233 0.007845677874722252 0.023221156973610695 0.9996995661152639 15.419901620569547
0.9997246528226725 -0.0009536642702851509 -0.02344604620727733 0.07736451405852984 0.0003698733039395139 0.9996901027790374 -0.0248910725866095 -0.3813099680231416 0.023462520095639885 0.024875546897589584 0.9994151843982905 15.572653684483729
0.9990753742453017 -0.0005218369457865952 -0.04298975510243325 0.055029034780340255 -0.0005972755101606182 0.9996613735704191 -0.026015116994781054 -0.38534480114607805 0.04298877682529001 0.02601673960010714 0.9987367521842795 15.75453528665478
0.9979277975986425 0.00019053269942501724 -0.06434347577769682 0.020612114771931426 -0.0018522323582799635 0.9996662631406114 -0.02576678931843051 -0.3899863981525358 0.06431709794258574 0.025832574778927322 0.9975950992607464 15.9417314095259
0.9961488141398295 0.0005994694152026189 -0.08767658430827754 -0.02827040710369077 -0.0027384376834572854 0.9997014982360114 -0.024277870491034075 -0.3953866091898249 0.08763586615365275 0.02442446899465591 0.9958530976241591 16.149541983621244
0.9933888723132891 0.0015714221578537737 -0.11478713775967235 -0.0766237749988449 -0.004233497034156871 0.9997276227498885 -0.02295130268087541 -0.4044610530161685 0.11471981599049248 0.023285519555663277 0.9931249449368224 16.37130309170179
0.9894901527413743 0.0027201074906549475 -0.14457469554658353 -0.14359477478790605 -0.005782002508381288 0.9997677154547561 -0.020762683611794792 -0.4093534765496991 0.14448464458902827 0.021380401609001627 0.9892760318038697 16.59714087488092
0.9840582689764316 0.00316128274827713 -0.1778182431367251 -0.21629745909491027 -0.006372693534945238 0.9998266942500982 -0.017491829223237415 -0.4173205363489139 0.17773215307916 0.018346159700971074 0.9839078767734704 16.856731127147597
0.9767268852109858 0.004297447701939041 -0.21444374854601517 -0.3057382378831415 -0.007411858666170158 0.9998783897828152 -0.013721248737467896 -0.4185817700549471 0.2143587215414938 0.014991339749410037 0.9766399550061993 17.118394893283494
0.9672866815990099 0.005859517323231607 -0.25361809584030065 -0.42055298566815774 -0.008098689808403996 0.9999368962903794 -0.007785749413176419 -0.4362407446466686 0.2535564838633037 0.00958502610350952 0.9672730921106109 17.370201610046507
0.9554479289582979 0.00994188813154034 -0.29499221472778003 -0.5426428868212109 -0.011387304663519912 0.999930094159591 -0.0031823983384579877 -0.4316509152630843 0.2949399825526262 0.006399782067592846 0.9554943468821112 17.65494768407204
0.9413628727571752 0.013824882773851478 -0.33711245236235454 -0.6884659809818314 -0.0142677697109554 0.9998975339529461 0.001163760765338839 -0.43868096900760783 0.3370940261956773 0.003714321565810799 0.9414636632898788 17.943560742224296
0.9249772977128337 0.016471016146380496 -0.37966522830769484 -0.8512710866621216 -0.015111651732676572 0.9998642878750497 0.0065606391110031494 -0.43782330475225345 0.3797218033056645 -0.000331073844416465 0.9251006744121169 18.20615942338536
0.9059064000928196 0.019885536462659666 -0.4230108118604274 -1.0350732063372865 -0.015364281961733204 0.9997826028950973 0.014095649917487513 -0.4452215361359302 0.42319918471586826 -0.006270082008215543 0.9060149870120833 18.527106476271126
0.8842594419160658 0.024522590585156417 -0.4663516603704367 -1.2467085319722195 -0.016778342077968404 0.9996438665384925 0.02075140136829947 -0.44167927174897464 0.4666944943044486 -0.01052501526020033 0.884355971545442 18.799370631071678
0.8598059750399187 0.02922366507736878 -0.5097839114369638 -1.4659329540830108 -0.019059355406405108 0.999501948808222 0.025151367546152124 -0.4403837291018766 0.5102650700976767 -0.011909144128641917 0.8599347361518594 19.07009452170637
0.8322579102208402 0.03317203592316791 -0.5533953014525924 -1.7166834652932503 -0.020714455449081133 0.999371909648831 0.02875238070320317 -0.4415362443448479 0.5540015350408631 -0.012466115004348346 0.8324223201303291 19.362644484273478
0.8018251504731871 0.03667555356095807 -0.5964321435844021 -1.974281384825414 -0.023268258384514823 0.9992740386500604 0.03016580388898697 -0.42333702025328124 0.5971055582962403 -0.010309763635095068 0.8020964308767524 19.630935467740834
0.7682873086563716 0.039438260518462546 -0.638889034454685 -2.275524958278269 -0.023883944138358558 0.9991713579040542 0.0329569734907757 -0.421822585783924 0.6396594394116561 -0.01006123464582703 0.7685926134395745 19.90507508120674
0.7318350139740402 0.04342845089612084 -0.6800966452964347 -2.5884845485421133 -0.025318220901545674 0.9990110961934625 0.03654884157884269 -0.40206112096150637 0.6810114122024115 -0.009528885784784497 0.7322108298324974 20.17495336784689
0.6935367292713979 0.044579604725927466 -0.7190406277532118 -2.9104926233555783 -0.023269985033926292 0.9989490142966309 0.03948895538917622 -0.3859000227721003 0.7200453909510605 -0.010654977554913722 0.6938451964319715 20.433585150471508
0.6529877062226385 0.0449390107379369 -0.7560340603161156 -3.280613596834851 -0.021015827441188392 0.9989288262117073 0.041225388078309985 -0.376735007887696 0.7570769076537732 -0.0110309909524368 0.6532326675656543 20.702826962469487
0.6107358427769706 0.04436318885347776 -0.7905906515321733 -3.670753944262592 -0.016307896616215012 0.9989222516942835 0.04345555877414624 -0.3660117763295593 0.791666491577159 -0.01364699766741483 0.610801095528746 20.947421024211856
0.5672605118375892 0.04442196140894473 -0.8223394388235292 -4.069378423355381 -0.011519544190718909 0.9988744658132601 0.046011875684 -0.35896750547308376 0.8234578752014274 -0.01662774575338448 0.5671337623491507 21.17219864233929
0.5204190414326375 0.04591417149632388 -0.8526756977083507 -4.522187846772786 -0.009833109106103466 0.9988094047746425 0.04778155145014077 -0.33488295105140853 0.8538544363606226 -0.01648197711732946 0.5202509137927203 21.405144777011913
0.4718805379856526 0.04553610566441939 -0.8804857513760578 -4.970151527288641 -0.008447197012244346 0.99885302258331 0.04713058415098453 -0.30684791140312506 0.8816220687023205 -0.014802369732332482 0.47172394943103746 21.586831100148235
0.41999166934525795 0.04477296020538896 -0.9064228117919417 -5.472081494658262 -0.004063716885104917 0.9988650536372831 0.04745623759962749 -0.28808239748317255 0.907518901589539 -0.016247780241213115 0.4196969470174592 21.770466644883317
0.3668556947075265 0.043792264822762786 -0.9292465057062487 -5.980404850122617 0.0011277728203910268 0.9988697169503814 0.047518603252703594 -0.27337995307317753 0.9302772165147806 -0.01848044977261574 0.36639165834209225 21.93678052918242
0.3140761188342557 0.04380456925468123 -0.9483866727731426 -6.500395741271869 0.0034228186548854933 0.9988762740828191 0.04727013882203324 -0.26775115272162 0.9493916783778402 -0.018092578018074887 0.31357324708292544 22.070550980297885
0.25973760519549094 0.048571633797007525 -0.9644568869302236 -7.070337572900631 0.004169098223123049 0.9986685488026259 0.05141736553650649 -0.21653427781864296 0.965670270696862 -0.017375939481755608 0.2591892760018834 22.179495318751737
0.20806975805395037 0.05362317565602477 -0.9766429456934534 -7.651760561369942 0.007248786223928655 0.9983841311771022 0.05636121042099789 -0.18309685940965925 0.978087166344919 -0.0188065399041826 0.2073448407689474 22.26552949159962
0.1610174776774779 0.05549853220634118 -0.985389868549018 -8.23043344945456 0.012427115364038076 0.9982245580822674 0.058252047832722455 -0.17705920716123524 0.9868733530631559 -0.02162515360411081 0.16004191424025488 22.337281203899703
0.11574520412061272 0.056837589311596576 -0.9916513793565412 -8.880403176681261 0.015317978881400698 0.998140597672677 0.058997433354576155 -0.14966096608380108 0.9931608559923362 -0.02201876559340986 0.1146593582067105 22.37997963966619
0.0762001550454339 0.05533547484777879 -0.9955558454452372 -9.500233200521585 0.015406655722966477 0.9982743195143492 0.05666580331249336 -0.12449251690736715 0.9969735480460524 -0.01965613050662894 0.07521612444021705 22.40251973739731
0.03993515359404057 0.05202207457676054 -0.9978470871721812 -10.18427347439254 0.012286872577976945 0.9985427036755526 0.052550075122343574 -0.0939778780924547 0.9991267705424477 -0.01435901599013267 0.039237769730406845 22.392883186004802
0.011918076040867101 0.05122628509648583 -0.9986159144585707 -10.844662659754242 0.010104058719682596 0.9986297330520401 0.0513475796795365 -0.05263511733296908 0.9998779641005715 -0.010702039139449141 0.011384153907092884 22.375466493295832
-0.009663465067935808 0.05498521563347252 -0.9984403605167779 -11.575178804899076 0.008947777993360426 0.9984518089970957 0.05489924167581547 -0.01928857148233712 0.9999133168239452 -0.008403306806395104 -0.010140497929159895 22.34438864630088
-0.022748468141438976 0.06064763818416206 -0.9978999347521775 -12.306159570557094 0.010133361807839834 0.9981209969730553 0.060430067753314304 0.02324619598300151 0.9996899056103403 -0.008737390589813864 -0.023320285831616314 22.32057548888104
-0.031152451541815132 0.06305222652823302 -0.9975238643146914 -13.047737561359725 0.0108644395471658 0.9979706974088833 0.06274117446924571 0.051432059444498746 0.9994556400676665 -0.00888299728431166 -0.0317742588670681 22.28914202011421
-0.03571216494043223 0.06123877017283001 -0.9974840186129801 -13.818857430056083 0.011510201156560183 0.9980797482679057 0.06086325033268653 0.08583378531174175 0.9992958746722226 -0.009307684213349881 -0.036348458327473326 22.247712109649044
-0.03444712781853582 0.056560111994509235 -0.9978047271930214 -14.595425173603244 0.018239757832503898 0.9982665818139411 0.05595660088402204 0.14242700940811837 0.9992401053381351 -0.01627217335830893 -0.035419057995405304 22.24112539667823
-0.030621457291876483 0.05604844665314406 -0.9979583186148637 -15.406066127097205 0.029424664661745273 0.9980443960755128 0.05515041031364642 0.14468106091756433 0.9990978946661732 -0.02767580499706136 -0.03221077878363625 22.222437392722437
-0.0247774968736301 0.05541989413744533 -0.9981556135547441 -16.230935130591636 0.03157012746526184 0.9980075722470753 0.054627997624342964 0.1884441337696754 0.9991944165258368 -0.030158355789975444 -0.026477741373444934 22.210647703230514
-0.020111554936420927 0.05312580087794698 -0.99838523971601 -17.0880171669591 0.02986938093899377 0.9981734445671909 0.052512837514265456 0.25245000777070725 0.9993515036166494 -0.028765035519516036 -0.021661653630769936 22.180893113952052
-0.016367799874232904 0.048246801737607425 -0.9987012849487267 -17.94308423415187 0.03371383009582749 0.9982937981218902 0.04767457582710712 0.25687809545296564 0.9992975288204256 -0.032889718592687585 -0.01796645624765724 22.179485675532526
-0.014629000059295948 0.03747537239148844 -0.9991904242280448 -18.821120647405223 0.030638509359143543 0.9988449606588198 0.03701384042718171 0.28299983285452807 0.9994235124559537 -0.03007223060603982 -0.015760290599523826 22.156030118879244
-0.014407811004246268 0.028967193382559063 -0.999476476050329 -19.71989597180633 0.02394596021716599 0.9993035889404646 0.028616990962193938 0.31932833497057245 0.9996094717973791 -0.023521116894585324 -0.015091422936218252 22.131294786615854
-0.015197168543351607 0.026046433074206392 -0.9995451708292505 -20.63959456530654 0.017403100361425606 0.9995161197411156 0.02578107714738115 0.33615463145773244 0.9997331004604928 -0.01700338696455588 -0.015643102197763888 22.09531071487526
-0.018873281468312703 0.03155252001931015 -0.9993238474980773 -21.596116699414647 0.008755335328346476 0.9994688120889006 0.03139174186997086 0.3596995609375465 0.9997835938888705 -0.008156951242900638 -0.019139507620587783 22.051451209342854
-0.023597155893167632 0.03950081466058222 -0.9989408284002284 -22.55581763218909 0.004026706804980853 0.9992147564262773 0.03941652587764427 0.3966552097042733 0.9997134773250587 -0.0030923246541931827 -0.023737682533109723 22.014883175050098
-0.027590987128877652 0.048985164703230756 -0.9984182998795714 -23.56220592758547 0.002036172698795237 0.9987992698311886 0.04894758593355167 0.4166756422765606 0.9996172655454882 -0.0006824407600907259 -0.027657597702310768 21.96679443030924
-0.02969438981016437 0.05885712334678592 -0.997824634929526 -24.575773697511185 0.0008930461821922211 0.9982660461980519 0.05885658226540521 0.468313267413056 0.9995586652497304 0.0008566059856545908 -0.029695461387887572 21.932601557130642
-0.03040870460256874 0.06675732230343255 -0.9973057133452301 -25.58092081059633 0.0034673259235039515 0.9977682191624 0.0666825571733525 0.5088650027665729 0.9995315724848157 -0.0014302545521227656 -0.030572306559830998 21.900629406609024
-0.03254629783193244 0.06853105015767105 -0.9971179251856542 -26.61403921394368 0.004704980764168556 0.9976459363955039 0.06841376588641944 0.5497573243873934 0.9994591976622177 -0.0024648067869465357 -0.0327921175635713 21.859653537591015
-0.0340798671871744 0.06502744995542258 -0.9973013147937491 -27.61701018571027 0.003307403154962772 0.9978828876892025 0.06495234703669672 0.6120045959553115 0.9994136806115608 -0.0010849108596198984 -0.03422278750202802 21.817518003167244
-0.03746144052065702 0.06042633691528999 -0.9974694043997155 -28.644264970905137 -0.0012177739957281563 0.9981665885252841 0.06051430594458104 0.6580727724444722 0.9992973737869496 0.003481644698032373 -0.03731917100462703 21.774049951219673
-0.04148226224861232 0.05541204163094144 -0.9976014418358109 -29.6792409143859 -0.0021265021215376 0.9984537603566938 0.055547806440446414 0.6857915683267979 0.9991370157338774 0.004425649603439495 -0.041300285108081355 21.712903794549096
-0.047022046431474604 0.05133267649087821 -0.9975739581162877 -30.69575258841471 -0.0009394381974788778 0.9986759683539037 0.05143366337223747 0.7247831143085202 0.9988934517944285 0.003355674477406214 -0.046911562922429005 21.659040451135073
-0.053995685138075636 0.04848382119569031 -0.9973633763582265 -31.752336481605454 -0.0033112506593820142 0.9988063458255684 0.048733230626104046 0.765754616924984 0.9985357224625311 0.005933903600511579 -0.053770688687492595 21.594927453101665
-0.05993522323576871 0.05123069207136241 -0.9968867049246738 -32.789048010247505 -0.0017136654497979468 0.9986753516498675 0.05142563939013498 0.8008974565897105 0.9982008350130379 0.004790536810278849 -0.05976803641409873 21.520452618884974
-0.06696841685449756 0.055335375037805334 -0.9962194246213829 -33.863169861141664 -0.003604004170329937 0.9984409914817743 0.05570104090749547 0.837013333275299 0.997748628071522 0.007320588910932567 -0.06666458162727656 21.438123495641758
-0.07310805823975677 0.0587084501721259 -0.9955945215753076 -34.931909913485725 -0.005285097657300104 0.9982290755528247 0.05925189588553112 0.8858840812469929 0.9973100676086349 0.009593604747189934 -0.07266830731306785 21.353556057008905
-0.07710747181117761 0.06074295651603468 -0.9951706593319151 -35.96887448345056 -0.008817366807691159 0.9980618044642738 0.06160260817071032 0.9293856461131731 0.9969838439643841 0.013524805466542389 -0.07642242865309629 21.25685804126633
-0.08033803233025624 0.06230634508903476 -0.9948183984024362 -37.06791280784667 -0.012592859289916377 0.9979013416123338 0.0635163856354167 0.974392238567036 0.996688169890494 0.017630389201762728 -0.07938481428207755 21.155528782290776
-0.08179942875901258 0.06315968418347563 -0.9946454724543952 -38.12575957694727 -0.016891107625611614 0.9977587816223827 0.06474649626633718 1.0302405465731455 0.996505711586567 0.022096889923168817 -0.08054925986337003 21.059513633299172
-0.0839409382504623 0.0631964124221318 -0.994464699889261 -39.22179618299965 -0.017641200276296155 0.9977362608347367 0.06489337191279537 1.0730436842685465 0.9963146087599418 0.022990760929623766 -0.0826360555842742 20.953321814818143
-0.08501915795081288 0.06264732068526194 -0.9944078512840463 -40.30947750207919 -0.018319627998446403 0.9977544225400463 0.06442442943256066 1.1208874238924866 0.9962109268641108 0.023694492466975286 -0.08368056358923344 20.852963360461626
-0.08566387294423822 0.06196840636830495 -0.9943950576885994 -41.36548249728475 -0.01987639622253693 0.9977589685178433 0.06389032076088706 1.1685400660943281 0.9961258571563784 0.02523808251723253 -0.084240187573605 20.75463843379801
-0.08725213186772472 0.06106226961405962 -0.9943130223005076 -42.471134091307604 -0.02114524347574521 0.9977812286237829 0.06313077480416229 1.2183905999796207 0.9959618632855308 0.026533285401695358 -0.08576736075605805 20.652167141571628
-0.08805275290723473 0.05914023691154117 -0.994358618286657 -43.5556008567203 -0.025418489801057806 0.9977775453813326 0.06159444414963115 1.2632639714900646 0.99579148818739 0.03069865478783497 -0.08635380247409784 20.545036592828886
-0.08826052400634846 0.054158548623778544 -0.994623970380842 -44.61667462015257 -0.03142583877554969 0.9978723621051304 0.057124078108857695 1.307346132375625 0.995601613010007 0.03629869375705515 -0.08637075809878193 20.431151501188594
-0.08745061704909296 0.05258706679159981 -0.9947798291744477 -45.74519814108537 -0.03409727666470944 0.9978625109266169 0.0557474996657089 1.3535551208124545 0.9955851794847994 0.038794436536011175 -0.0854706158775239 20.316154932443332
-0.08563188156132687 0.056845649961596044 -0.994703813660139 -46.83776761836854 -0.03402002289705594 0.9976220244461029 0.05994112836969747 1.3992902260572952 0.9957459034755315 0.038972718022299874 -0.08349435888477584 20.217103687145684
-0.08478991806451727 0.06050571884103476 -0.9945600271279299 -47.97017674006396 -0.03344371256246825 0.9974193448283888 0.06353086801869125 1.45258827660689 0.9958374768383781 0.038648556674734574 -0.08254756676387139 20.116460708467546
-0.08202431281620992 0.06029454243977275 -0.9948047510386864 -49.061482557440165 -0.03140238910536715 0.9975163321542162 0.06304809803048134 1.496453314565118 0.9961355239529753 0.03641072263453371 -0.07992719733800623 20.018599925747104
-0.08015754574276843 0.05943982137385118 -0.9950083344114654 -50.18194674981637 -0.031090687567790702 0.997585661265664 0.06209843950588677 1.5442275604096116 0.9962972521888559 0.035913152040072595 -0.0781159925228955 19.924705333094984
-0.07573663964873396 0.060114004893495235 -0.9953141139050015 -51.30421169390538 -0.03464675825621701 0.9974196800575258 0.06287755525625092 1.5976654923909759 0.9965257869476103 0.0392465424190503 -0.07345845740879176 19.827721406305482
-0.07008254303846377 0.0606540904340961 -0.9956954543394664 -52.40509247360364 -0.04055686215691082 0.9971511976751767 0.06359738344401324 1.6497784677000307 0.9967164439501943 0.044839349939797594 -0.06742295063671279 19.74965717896283
-0.06480720206986387 0.060605194805182866 -0.9960556991391301 -53.55353280153729 -0.04380272039510329 0.9970192188439503 0.06351379080761571 1.6984579045916905 0.9969360242860951 0.04774610068097448 -0.061959351774086416 19.655851692142395
-0.058740666185187605 0.05979866735832537 -0.996480587661494 -54.655200070483254 -0.045570191365363256 0.9970030485797359 0.06251629480898259 1.7511371004924774 0.9972326627378848 0.0490820595096546 -0.05583958439454815 19.58467981968569
-0.05333471557799661 0.059051250846216555 -0.9968291073174499 -55.801020709692025 -0.04497655715023685 0.9970948435715892 0.06147343275790256 1.7949912260049339 0.9975633313382131 0.04811260990305147 -0.05052384599359233 19.508340000753833
-0.048204668400252955 0.059037807497260876 -0.9970911493953175 -56.93287452810216 -0.043224126762860374 0.9971932433262698 0.061133533294065553 1.8398139682633363 0.9979018346118453 0.046045315758976066 -0.04551750992601677 19.445070140812216
-0.04176979213020524 0.059655148572237256 -0.9973447058281592 -58.066466629334094 -0.0424545648477034 0.9972083925716605 0.06142503306830804 1.8891683565221509 0.9982249165620278 0.044907547011180035 -0.0391205524414551 19.401418050874334
-0.036624530971648576 0.06137916373557586 -0.997442308069868 -59.22634601805678 -0.04044850019749632 0.9972030079109896 0.0628496423633928 1.9374987172042928 0.9985102175337146 0.042646883493121415 -0.034039395939340966 19.34682048811936
-0.031071796981770802 0.06212511071102974 -0.9975845434620658 -60.36583623200573 -0.042090416529857295 0.9970998368677381 0.06340591357698573 1.993463781883265 0.9986305701710256 0.043958884489360875 -0.02836680988596718 19.30365162196871
-0.025477120390048093 0.06205746305694302 -0.9977473129981019 -61.50156387682588 -0.041516997063718954 0.9971445457339598 0.06308009165541005 2.045284586981977 0.9988129695638965 0.04303057132478149 -0.022827930343911656 19.269156238678647
-0.020752894064592926 0.05769258987940198 -0.9981186258713642 -62.66106045892574 -0.041516317101364865 0.9974228448105403 0.05851557860209814 2.088635986339421 0.9989223213894942 0.042652577383861696 -0.018304224745947315 19.232759538666883
-0.015913143135119687 0.0523661227024317 -0.9985011185410397 -63.810421120311425 -0.04149028136861929 0.9977328985871996 0.05298706357362879 2.1221246654008 0.9990122184169724 0.04227128283012762 -0.013704379452079822 19.21070437278472
-0.012812192712980683 0.05143233269186583 -0.9985942467380606 -64.98342092548407 -0.04218641275511782 0.997759245689061 0.05193058526050902 2.167019688655664 0.9990276441577567 0.04279245406527619 -0.010613736976080274 19.18431963880798
-0.009135769214641876 0.053535917364102695 -0.9985240868430625 -66.13920268032469 -0.04103548177238071 0.9977045614328458 0.05386742185434324 2.2172852128774507 0.9991159679627932 0.04146703738515837 -0.006917924918203781 19.175643064171975
-0.00734060223978395 0.05405951277477794 -0.9985106874765178 -67.30266722894198 -0.04035413940459576 0.997708207920194 0.05431272949737324 2.2560769782722434 0.9991585179547631 0.0406927279669492 -0.0051422524804100285 19.16041609526511
-0.0062452522495941385 0.05340449067094517 -0.9985533912244398 -68.48784246048379 -0.042716924082826034 0.9976471453175436 0.0536231856150777 2.2988986519422503 0.9990677417398461 0.04299001928103696 -0.003949280967949379 19.137485639213153
-0.005263217970383333 0.05434366488031049 -0.9985083788589257 -69.63056917615273 -0.043730676232505664 0.997554483999599 0.05452225512052812 2.3413930599865984 0.9990295321462219 0.043952409117270816 -0.0028738599292156045 19.122012399177933
-0.003942508389102596 0.05412990496367173 -0.998526077146992 -70.81567379808077 -0.04400436074137144 0.9975572288431691 0.05425112626395056 2.3831903616657093 0.9990236009361516 0.044153387782529696 -0.001550924354066457 19.110440615472022
-0.002815159050190166 0.052241820713843076 -0.9986304509984625 -71.99124309312599 -0.0448302104328097 0.997623842191826 0.05231553702752878 2.4193514329540973 0.9989906955852526 0.04491609005387829 -0.0004664564416357098 19.095149244327093
-0.0014090818663823643 0.050864407611122625 -0.9987045331030547 -73.15928880011843 -0.04353623266703406 0.9977555183921121 0.050877498422883145 2.4570002036342267 0.9990508952659093 0.043551523431362926 0.0008085270242703007 19.084810332883862
-0.0010500456125195107 0.05073287298967263 -0.9987116675056951 -74.34754458292721 -0.04001075803887874 0.9979104010306049 0.05073423607075301 2.4991844958751264 0.9991987438604906 0.040012483689107495 0.0009820108219147383 19.081747337214498
-0.0007959955243753596 0.05135792403329279 -0.998679947952592 -75.54159570802712 -0.03744805854188926 0.9979782836018277 0.051351685822523016 2.5364978002629397 0.9992983034059525 0.03743950107813823 0.0011288698625477652 19.076505011444784
-0.0010286891168206605 0.05424090082593386 -0.9985273031309896 -76.71090447048454 -0.03661726384517106 0.9978561789592933 0.054242166329727635 2.5718976043318373 0.9993288752188538 0.03661913645119267 0.0009596711475274738 19.067887720590573
-0.0007180444419506511 0.05756663498108871 -0.9983413704761932 -77.89472072271617 -0.03888356376365859 0.9975850610330889 0.057550989092425044 2.6177812327891807 0.9992435331938656 0.03886039376617431 0.0015220870088618454 19.05624697183329
6.262045696951712e-05 0.05787687577354947 -0.9983236843750182 -79.07130413324036 -0.04151406305557706 0.9974632479413025 0.057824385611014745 2.657050166904055 0.9991379577778462 0.041440851937414355 0.0024651673916281963 19.04865583080992
0.0002962599396976965 0.05559587777952368 -0.9984532692276226 -80.26579416734272 -0.04230154526544318 0.9975603247465062 0.055533603007657015 2.700670002431645 0.9991048897224805 0.04221966410422361 0.002647330213796142 19.036699381015634
0.0003690035992225448 0.053444503874252966 -0.998570708959842 -81.44367212815418 -0.04252987897783898 0.9976681443249112 0.05338047967544511 2.742948837490707 0.9990951662761839 0.04244939346109241 0.0026411329458661324 19.032445845437124
0.0005578283595604845 0.05266942247934468 -0.9986118053299016 -82.6224680362223 -0.04082244782930755 0.9977807730675522 0.052602785943350244 2.775149810154587 0.9991663033046964 0.04073643492552542 0.0027066867128874047 19.027535805250064
0.00046172571359431495 0.05377090428181292 -0.9985531469117198 -83.79188144590452 -0.03873518610419442 0.9978048604357566 0.0537126974593614 2.813059062283033 0.9992494432262226 0.03865434177764426 0.002543539720649168 19.019966351119002
0.00037135394931820244 0.05659593766717703 -0.998397057529801 -84.98209718911681 -0.03833309034211694 0.9976641635036315 0.056540133040336706 2.8565415627499364 0.9992649870091886 0.03825064770941428 0.002539985207050408 19.016489712138164
0.0012763175251232699 0.059327642277173485 -0.9982377038052196 -86.14249905216192 -0.038427826956053346 0.9975041522316163 0.05923491087776582 2.8984022695308806 0.9992606071091539 0.038284503558668394 0.003552965943260512 19.009766708316576
0.001635638519247952 0.0594508069286353 -0.9982298517670543 -87.30664278530365 -0.039773836572860585 0.9974452052974034 0.059338902737802186 2.9445896388346884 0.9992074135427821 0.039606374065294415 0.003996048083348691 19.006233854015942
0.0018965875015377457 0.057450548656257844 -0.9983465047844285 -88.48120566649577 -0.03938788543502078 0.9975779180319498 0.05733149057023372 2.980919587549818 0.9992222339051227 0.03921402388683221 0.004154850966512487 18.99974908167719
0.00219496288709488 0.055861539844923494 -0.9984360714355732 -89.66609964391291 -0.03816618252960435 0.9977157361283582 0.0557373307895846 3.025668719156802 0.999269042355731 0.03798415158668413 0.004321972184547102 18.99308816541799
0.0021007134396758657 0.056758896310331944 -0.9983856660607919 -90.8288279231687 -0.03657168292771931 0.9977243801481875 0.05664434889802392 3.062967808076801 0.9993288670270895 0.03639365010013262 0.004171702912136596 18.994439132511456
0.0024441417362135627 0.05950870709467834 -0.998224754481761 -91.98247518622145 -0.0340740271236057 0.9976530683835794 0.05939119459745589 3.1089995251373472 0.9994163689387269 0.03386837665885731 0.004466108380207143 18.9889971798192
0.002861994310701068 0.06188346022807838 -0.9980792379053677 -93.1461359088491 -0.032399419423310385 0.9975651056199879 0.06175867455559535 3.151241060769128 0.9994709460839577 0.0321604342315881 0.004860015369311081 18.989385150905296
0.0027145027099165627 0.06351092047732473 -0.9979774134328293 -94.3127609739516 -0.03309478366544999 0.9974401537985392 0.06338670948675966 3.1984823841397247 0.9994485756054258 0.03285578235758744 0.004809435691544305 18.98507825375718
0.0032251188106260454 0.06536294171456823 -0.997856302298504 -95.46214504650824 -0.035586871362025006 0.9972369664725996 0.06520735258871346 3.2526251070191154 0.9993614211903294 0.035300282081511654 0.005542271816774408 18.98771158496098
0.003966695389042502 0.06476522346511765 -0.9978926028235119 -96.63587498114794 -0.037541114697313284 0.9972066942038953 0.06457147556820549 3.3082853812368427 0.9992872496549072 0.037205865780211955 0.006386975407062322 18.97623373397867
0.003924473508965827 0.061206285302091844 -0.9981173827206313 -97.77547704523869 -0.040511640940855076 0.9973154305427953 0.060997819195916396 3.345045299707953 0.9991714006253142 0.040195988388943234 0.006393506548239099 18.973415267008797
0.004180824125837111 0.05923369911777982 -0.9982353407116963 -98.93339210964473 -0.041543637494021464 0.9973925953380907 0.05900969611774913 3.3983632667057497 0.9991279834518542 0.04122361852490713 0.006630707836072406 18.961047514259803
0.004563737806267509 0.057758767758593885 -0.9983200962468805 -100.09986990714556 -0.041814675297943506 0.9974683860656676 0.05751833743176509 3.4363627503304235 0.9991149998036424 0.041481931836157164 0.006967349828064904 18.962471605047835
0.004609770415559599 0.05801455180878083 -0.9983050484339119 -101.24138877737981 -0.04050722787251927 0.9975071474285431 0.057781134781931295 3.4799119142028805 0.999168658510387 0.04017221293821595 0.006948289155897487 18.963971378550944
0.004330910163268772 0.060186162306903414 -0.9981777300732367 -102.40247751555688 -0.04026903427983119 0.9973879567122366 0.05996382055895067 3.529895106704661 0.999179532537611 0.039935954810069056 0.006743237824494619 18.961881479830915
