9.999999999999997780e-01 -1.179437378800895267e-19 4.513296021473010816e-20 0.000000000000000000e+00 2.410750703817041256e-18 1.000000000000000000e+00 3.393380551570677611e-19 0.000000000000000000e+00 1.704598014230834765e-20 -9.899396815885539085e-19 1.000000000000000000e+00 5.551115123125782702e-17
9.999977901291912108e-01 -1.805863636745207342e-03 -1.077415843858686457e-03 -4.508805396429496279e-03 1.808609204894372387e-03 9.999951018451200824e-01 2.552984473319110364e-03 -2.635000863972566942e-02 1.072800165747604499e-03 -2.554927393572364175e-03 9.999961580256885307e-01 1.526903750988034991e+00
9.999952764104595992e-01 -2.093797978493052749e-03 -2.249262029662863448e-03 -6.893956932628257303e-03 2.102460368556065013e-03 9.999903540882870701e-01 3.855878897549877820e-03 -5.517608118566934977e-02 2.241166571274289324e-03 -3.860589660092995663e-03 9.999900395012532028e-01 3.035057727904126423e+00
9.999907047873390908e-01 -9.393645944779023841e-04 -4.208718987015555406e-03 -3.956346634460070066e-02 9.537858479367247039e-04 9.999936729367618904e-01 3.425871617169135280e-03 -7.442234690218295368e-02 4.205473670399000573e-03 -3.429853841997477885e-03 9.999852722758989509e-01 4.567432637338337820e+00
9.999882346570655445e-01 -3.824083153774872432e-04 -4.836255499239040974e-03 -5.023578033703880730e-02 3.979609368136770796e-04 9.999947489724182459e-01 3.215312392077289590e-03 -9.151278086347308660e-02 4.834999815083121204e-03 -3.217199125582651063e-03 9.999831363705160570e-01 6.076479604044441096e+00
9.999800166309319449e-01 -5.090384644812681863e-04 -6.301220387691243430e-03 -7.047917145979333553e-02 5.335898628147443508e-04 9.999922671393541851e-01 3.895242983813369461e-03 -1.213113348941976533e-01 6.299188023077810332e-03 -3.898527367503449702e-03 9.999725562297139270e-01 7.598434037752452852e+00
9.999659109140427438e-01 -8.812165786540514202e-04 -8.209327236317901649e-03 -8.852491995248217005e-02 9.126817204209998046e-04 9.999922523400109897e-01 3.829894084917440621e-03 -1.404851789490371983e-01 8.205887532372443255e-03 -3.837255845478737288e-03 9.999589667459461984e-01 9.099128228727071388e+00
9.999539056500973411e-01 -2.157326368152191667e-03 -9.355768404958905368e-03 -9.370361958114452328e-02 2.189709072708664363e-03 9.999916397603342277e-01 3.452429816070435534e-03 -1.716530432092989444e-01 9.348240889519897692e-03 -3.472757107437907022e-03 9.999502745895684219e-01 1.059534342695792652e+01
9.999317040935211676e-01 -3.644730466141818826e-03 -1.110384775788320066e-02 -1.300986641099823038e-01 3.681040577744055294e-03 9.999879366482025134e-01 3.251401118726778526e-03 -1.910137487485625285e-01 1.109186189863216321e-02 -3.292052704799688402e-03 9.999330592582761357e-01 1.209980924190188389e+01
9.999181513835390112e-01 -3.389112279308708654e-03 -1.233725088729421132e-02 -1.546686763217179350e-01 3.432623844721757050e-03 9.999879602829042646e-01 3.507408683285739241e-03 -2.176717957844311324e-01 1.232521411664023320e-02 -3.549470640920563899e-03 9.999177383335567937e-01 1.358841102146320168e+01
9.999133604976395695e-01 -2.947966680049160428e-03 -1.282892272161475881e-02 -1.721031579104828346e-01 2.991304535506116198e-03 9.999898837371475890e-01 3.360283444336108205e-03 -2.325828922622936723e-01 1.281888523296472772e-02 -3.398367391492393853e-03 9.999120557652126928e-01 1.506740319177835374e+01
9.999038299288937059e-01 -1.720679974276528509e-03 -1.376110999720566233e-02 -2.060960265850765027e-01 1.776230431003510395e-03 9.999903151874999230e-01 4.025589213918747723e-03 -2.600063422366576948e-01 1.375404863966314152e-02 -4.049644862918827352e-03 9.998972048836061166e-01 1.655139992368753354e+01
9.999010471299558667e-01 1.660216441597348047e-04 -1.406671068818634088e-02 -2.374851917198412266e-01 -9.888406897043443625e-05 9.999886046567495468e-01 4.773359350876537482e-03 -2.780578051526247374e-01 1.406734094543900769e-02 -4.771495935989134018e-03 9.998896682132942804e-01 1.802556371235280253e+01
9.998960829174530218e-01 5.773951865028139219e-04 -1.440485547470604470e-02 -2.566453394149458278e-01 -4.972994467694545314e-04 9.999843976970103077e-01 5.563298744033141029e-03 -2.990077213869513639e-01 1.440784187296504162e-02 -5.555557012134015177e-03 9.998807693855366052e-01 1.950324277547172969e+01
9.998887567199087334e-01 9.448348165984907319e-04 -1.488560209902455717e-02 -2.990454736159202098e-01 -8.569399169262518611e-04 9.999821643245643266e-01 5.909963530155906003e-03 -3.215691890224800509e-01 1.489091839642664103e-02 -5.896549931727739294e-03 9.998717389555267232e-01 2.097346848736768621e+01
9.998838209932243704e-01 1.176809614645203889e-03 -1.519740393935986936e-02 -3.179048591009041025e-01 -1.090874963637197088e-03 9.999833731929111957e-01 5.661611659551865801e-03 -3.429074242620834823e-01 1.520381191515336218e-02 -5.644375395038612152e-03 9.998684858138645604e-01 2.244409292385237720e+01
9.998764135905912065e-01 2.150616726905317782e-03 -1.557324604162258104e-02 -3.579465272400261244e-01 -2.052374005737133897e-03 9.999779118925828936e-01 6.321648347878339874e-03 -3.584968522369691435e-01 1.558649492295147154e-02 -6.288904811623008927e-03 9.998587445168257704e-01 2.389830908959689282e+01
9.998715745231322449e-01 2.746003582386980987e-03 -1.578924899956613004e-02 -3.884603613407458522e-01 -2.629504929703694194e-03 9.999692037039072945e-01 7.394371935968399416e-03 -3.769252237571917297e-01 1.580906619512219974e-02 -7.351904103773732047e-03 9.998480017729602931e-01 2.534494679746315526e+01
9.998853905518301222e-01 3.000814864950654588e-03 -1.483910648172277399e-02 -4.137462063607121321e-01 -2.908289025537278555e-03 9.999762162139643751e-01 6.252910881329587847e-03 -3.972113755314138350e-01 1.485751521585992538e-02 -6.209037735041655730e-03 9.998703432342053166e-01 2.680066267860513918e+01
9.998780373410743882e-01 3.293263390921040597e-03 -1.526632895856404673e-02 -4.539528823049472361e-01 -3.227952791171852936e-03 9.999855451176280496e-01 4.300726689669314221e-03 -4.159464204237782736e-01 1.528026991718169081e-02 -4.250923070148050764e-03 9.998742175412976829e-01 2.823224316532857969e+01
9.998940980841765080e-01 2.077443647511807625e-03 -1.440440275331719353e-02 -4.790871547510752171e-01 -2.015558104980937331e-03 9.999886781564243377e-01 4.309475053631127428e-03 -4.397926178953642240e-01 1.441319101323573423e-02 -4.279985723069572139e-03 9.998869637593992277e-01 2.965168565061864214e+01
9.999097653382894579e-01 8.735738883124745694e-04 -1.340479642879761207e-02 -4.832619631327941256e-01 -7.860575287009872320e-04 9.999783511538908876e-01 6.532606455312965979e-03 -4.597533954663581834e-01 1.341021079490179423e-02 -6.521479940230883766e-03 9.998888135078197736e-01 3.107524928246035145e+01
9.999037258853964438e-01 -1.301109643785415115e-03 -1.381440661628691342e-02 -5.069159529367111006e-01 1.403213514748148996e-03 9.999717490980255530e-01 7.384006070241000766e-03 -4.780546880548574018e-01 1.380440730089368614e-02 -7.402679666840731622e-03 9.998773150165779500e-01 3.248928592221344047e+01
9.999119147948284381e-01 -1.778364334981581696e-03 -1.315289733989170179e-02 -5.373734403567379525e-01 1.874276992776568443e-03 9.999717167607972135e-01 7.283417112460785839e-03 -5.016040248678071967e-01 1.313957052825124108e-02 -7.307427506513584567e-03 9.998869684443744132e-01 3.389104388962822867e+01
9.999066083737773170e-01 -1.277106610412009425e-03 -1.360691685332852431e-02 -5.793278001405774980e-01 1.355926938849037712e-03 9.999823520379872432e-01 5.785021786032061922e-03 -5.197969432449981442e-01 1.359928621184363327e-02 -5.802931276717988689e-03 9.998906895882353485e-01 3.527974986377947175e+01
9.999217590863702654e-01 -5.714206317935921616e-04 -1.249572876748803081e-02 -6.018245324109154915e-01 6.351245017638401527e-04 9.999868178150548292e-01 5.094683236976749879e-03 -5.375828541261946647e-01 1.249265153511500137e-02 -5.102220873723990052e-03 9.999089430985745874e-01 3.665146256564666061e+01
9.999336252565776961e-01 7.720190280359190275e-05 -1.152164749785870336e-02 -6.272105767132766241e-01 -2.907569231669107534e-05 9.999912737385325823e-01 4.177143166049123585e-03 -5.655878244439226377e-01 1.152186788725770815e-02 -4.176530864730687576e-03 9.999249010048896213e-01 3.801155708505015696e+01
9.999439390437423469e-01 7.554105804853859752e-04 -1.056204333134597509e-02 -6.585002722684230037e-01 -7.034151951470328512e-04 9.999876196687365049e-01 4.925703534913523224e-03 -5.831904687766888973e-01 1.056563184893365495e-02 -4.917997710756131374e-03 9.999320912875212519e-01 3.935050460045786025e+01
9.999587383810124575e-01 4.766500879080577441e-04 -9.071988788498496978e-03 -6.854406034186385499e-01 -4.150119238326059699e-04 9.999768257041355968e-01 6.795014260633651208e-03 -6.029962074831303198e-01 9.075016237406256098e-03 -6.790968825180481762e-03 9.999357659148517818e-01 4.067166593319002743e+01
9.999754044795204910e-01 4.163119224282383311e-04 -7.001411192515093196e-03 -6.873034225790288776e-01 -3.578738128619646762e-04 9.999651084598201178e-01 8.345802971733217585e-03 -6.333332099337758425e-01 7.004640441210231890e-03 -8.343091847127497018e-03 9.999406670606594272e-01 4.197944777289788476e+01
9.999861432006337258e-01 3.843986378248987878e-04 -5.250149600736354720e-03 -7.090411941570977650e-01 -3.386018304212910909e-04 9.999619150441836357e-01 8.721045947538533932e-03 -6.461354933537658551e-01 5.253301325031568651e-03 -8.719147207324555102e-03 9.999481917551825694e-01 4.324702008223776062e+01
9.999990036692523176e-01 4.152647418235970575e-04 -1.346733812549498087e-03 -7.141593786835819246e-01 -4.041447755536714125e-04 9.999659138106888889e-01 8.246714565823119736e-03 -6.663518288040152227e-01 1.350112306343743658e-03 -8.246161970560035234e-03 9.999650925200588292e-01 4.452892809403360275e+01
9.999975810163390655e-01 -2.542206987608548307e-04 2.187063695476399502e-03 -7.268892963743229796e-01 2.394315055900991026e-04 9.999771245488164872e-01 6.759680086289419736e-03 -6.886135267546420469e-01 -2.188731919008049098e-03 -6.759139882739182044e-03 9.999747644348445652e-01 4.577593176224807081e+01
9.999794351189680297e-01 -2.037965951793418312e-04 6.409682816689183174e-03 -7.145454554174143214e-01 1.723808685721870738e-04 9.999879769559153475e-01 4.901475426223576154e-03 -7.095485646582617711e-01 -6.410603748370497477e-03 -4.900269607511955304e-03 9.999674479251166037e-01 4.701200087910262937e+01
9.999568718902469566e-01 -2.460043325324084811e-04 9.283785080782263818e-03 -7.279495516979129777e-01 1.995296389151906039e-04 9.999874450984980179e-01 5.006599895754191773e-03 -7.239759622017135632e-01 -9.284898868682991621e-03 -5.004531455630348118e-03 9.999443730112549389e-01 4.822251141614925274e+01
9.998872518372812213e-01 1.698661336884257976e-04 1.501495842962291202e-02 -7.085738507453683832e-01 -2.468600525226700830e-04 9.999868272678338332e-01 5.126110636438118914e-03 -7.500406105433147230e-01 -1.501388740634345027e-02 -5.129239189256991002e-03 9.998741308948848605e-01 4.943938046761257255e+01
9.997618644901407059e-01 1.377687945073472441e-03 2.177899907351225212e-02 -6.903275146572035448e-01 -1.472200637068824458e-03 9.999895644716370047e-01 4.324194364497016725e-03 -7.662009114312789970e-01 -2.177281196635325738e-02 -4.355227641483519659e-03 9.997534610382222686e-01 5.065049991127579432e+01
9.995583566033541256e-01 2.885520566261506794e-03 2.957647554836948314e-02 -6.653383758634577871e-01 -3.016963042755254742e-03 9.999857712824032907e-01 4.400505728327648927e-03 -7.870642394509957951e-01 -2.956335326229719146e-02 -4.487793161146043895e-03 9.995528321142426176e-01 5.183483446098051672e+01
9.992798844328842911e-01 4.171393005591340561e-03 3.771354608014046428e-02 -6.316024414097738404e-01 -4.379562789968619203e-03 9.999756154677186260e-01 5.438846320025436491e-03 -8.058117313782510172e-01 -3.768993385715018601e-02 -5.600098477012011022e-03 9.992737900993969857e-01 5.301216345840698096e+01
9.987991212469162772e-01 6.386126495768602168e-03 4.857507462494106698e-02 -5.841109883507502598e-01 -6.677322405454177469e-03 9.999606847761675077e-01 5.834866055200914337e-03 -8.257693989721057726e-01 -4.853589688573461264e-02 -6.152210303682435072e-03 9.988024939769162280e-01 5.417998090349140483e+01
9.981129228707837919e-01 8.386962786007449641e-03 6.082967383549363338e-02 -5.358186017586356042e-01 -8.765070771797896232e-03 9.999438787931679284e-01 5.951691114773083671e-03 -8.456650596802398612e-01 -6.077633553378593984e-02 -6.473635982878862653e-03 9.981304183360483195e-01 5.534096410258862164e+01
9.970582003231961421e-01 1.044288441494529290e-02 7.593349363036332178e-02 -4.572498426887466327e-01 -1.097656552968956541e-02 9.999178799657021388e-01 6.614327214647439286e-03 -8.617183754790653794e-01 -7.585817567141804607e-02 -7.428357918020670782e-03 9.970909497111015707e-01 5.647840604271378595e+01
9.956131773043467303e-01 1.244927462679182827e-02 9.273304108082286445e-02 -3.658719637227109134e-01 -1.319403344303770979e-02 9.998854058501902564e-01 7.422459360097069525e-03 -8.739284700103002734e-01 -9.262999726058891714e-02 -8.613420968618234336e-03 9.956633468454630931e-01 5.760935584371402740e+01
9.938925315435567232e-01 1.236173174180403393e-02 1.096577366412159332e-01 -2.664417331876900996e-01 -1.337786025162824438e-02 9.998740831661980799e-01 8.535488503648550745e-03 -8.937268506760754905e-01 -1.095383915767946664e-01 -9.950343383445355711e-03 9.939327552902450513e-01 5.870418431038942941e+01
9.915766513130661597e-01 1.193538996016001684e-02 1.289701056921044864e-01 -1.215227792275528768e-01 -1.307463983833856772e-02 9.998825923584865327e-01 7.990385809389212793e-03 -9.156431446568830124e-01 -1.288595766259471032e-01 -9.609317884558096073e-03 9.916162863284472273e-01 5.979575726847780714e+01
9.886291395728499243e-01 1.115354124516882740e-02 1.499600833896287400e-01 3.699178006947406033e-02 -1.234979429718393272e-02 9.998988937668196186e-01 7.048236409401820862e-03 -9.217830951251063665e-01 -1.498662859520589474e-01 -8.820067900053189108e-03 9.886669266603304029e-01 6.089020733720022349e+01
9.854358117396350147e-01 8.079190374643838504e-03 1.698557887897498564e-01 2.099792255864598722e-01 -9.335034790339242702e-03 9.999346730382145942e-01 6.596279973725797940e-03 -9.373616246482013858e-01 -1.697913824096799473e-01 -8.085819964037692723e-03 9.854468552221503641e-01 6.195238577949881176e+01
9.812789206726176827e-01 2.920789225840299611e-03 1.925698421862084841e-01 4.200759114245684045e-01 -4.682909949844245648e-03 9.999512205309816215e-01 8.696037904440460237e-03 -9.559441649435682642e-01 -1.925350244591929327e-01 -9.435025395866101713e-03 9.812447387964006174e-01 6.300600694830064441e+01
9.766157309607824688e-01 -2.377347231889506435e-03 2.149792217019454721e-01 6.490188579571801730e-01 2.293789298718306292e-04 9.999498113136088273e-01 1.001591151791626950e-02 -9.629232534812700584e-01 -2.149922150575526714e-01 -9.732384390903238772e-03 9.765672677256088674e-01 6.403318699985123885e+01
9.708573485435391115e-01 -7.789411920686417287e-03 2.395315200518838838e-01 9.053609841412106896e-01 5.683606809563391919e-03 9.999389067224917493e-01 9.480857193123038915e-03 -9.768734262670543123e-01 -2.395907077089580450e-01 -7.843156225051014716e-03 9.708422947339692133e-01 6.503194488087672198e+01
9.643040635044669573e-01 -1.392072811924706562e-02 2.644312745967469791e-01 1.183811936623094807e+00 1.211829232566656242e-02 9.998909013638603849e-01 8.446391763982669804e-03 -1.000825012354113808e+00 -2.645199731834650403e-01 -4.940433915680080522e-03 9.643675451316726654e-01 6.603445501923634708e+01
9.566060352503703568e-01 -1.773692989267440165e-02 2.908441156665705907e-01 1.472664835564000851e+00 1.584991648286721011e-02 9.998352790239665167e-01 8.842818747192065718e-03 -1.009111048075483241e+00 -2.909530180512657216e-01 -3.849238532803732175e-03 9.567295957256631844e-01 6.700498850482307489e+01
9.478703900915087521e-01 -2.043087374234411890e-02 3.180005043794310038e-01 1.793430800699266081e+00 1.784706953663075038e-02 9.997798115464949786e-01 1.103666250966016567e-02 -1.018035851153522797e+00 -3.181559280782298438e-01 -4.785948164596588034e-03 9.480263083619963060e-01 6.796478884136223542e+01
9.382080665101660832e-01 -2.544686068451692401e-02 3.451348939375817326e-01 2.137934217851466201e+00 2.202616685736366250e-02 9.996617401314342732e-01 1.382973440574802003e-02 -1.022140872735895378e+00 -3.453700257012534691e-01 -5.373169323471854025e-03 9.384512033583995994e-01 6.890137770320443167e+01
9.271395720886828062e-01 -2.910560704407675475e-02 3.735841290412442173e-01 2.513123450294083128e+00 2.584497134941590030e-02 9.995715980134856071e-01 1.373516393864690141e-02 -1.034586479925193148e+00 -3.738237972175549872e-01 -3.079143045134188385e-03 9.274946198978316625e-01 6.981115308335714076e+01
9.148743784744215457e-01 -2.847195353317776359e-02 4.027334675523424057e-01 2.913224663702422390e+00 2.676719057367877089e-02 9.995930488721811447e-01 9.861976340109346664e-03 -1.035843768744827420e+00 -4.028503059707156386e-01 1.757573876624708925e-03 9.152641826533973735e-01 7.072052615492167149e+01
9.017645420025276470e-01 -2.924856055419649756e-02 4.312368852939787445e-01 3.325052810992415342e+00 2.989314772401326439e-02 9.995391317757770233e-01 5.283633019513577639e-03 -1.059059271004830327e+00 -4.311926242052532277e-01 8.126434509519041630e-03 9.022232862216956750e-01 7.158298605067699327e+01
8.872984381796661379e-01 -3.084734359411087784e-02 4.601629697469125091e-01 3.773571625055701428e+00 3.327915613225550934e-02 9.994420913935734285e-01 2.828536212480462896e-03 -1.073327924093758989e+00 -4.599934258600263393e-01 1.280407869986082206e-02 8.878299804267605344e-01 7.241340143539747487e+01
8.712912445078996315e-01 -3.216298584055773263e-02 4.897112803105468370e-01 4.246803051079509395e+00 3.356435122929159187e-02 9.994190103164292127e-01 5.921798572332230906e-03 -1.085656231740495858e+00 -4.896171699252795939e-01 1.127722957127994148e-02 8.718645651756712356e-01 7.326959204194130848e+01
8.535780118405232875e-01 -3.172338614877015517e-02 5.199983160482696265e-01 4.728591267248472896e+00 3.016956487930757408e-02 9.994791937060915066e-01 1.145154778765282433e-02 -1.083948645570707248e+00 -5.200907116094458660e-01 5.913333271099449964e-03 8.540905444533852808e-01 7.407331411903020069e+01
8.336701232055893085e-01 -3.206065885733547227e-02 5.513313678064089007e-01 5.261841453400259994e+00 2.892836688374867543e-02 9.994780729493385474e-01 1.437830154421587160e-02 -1.082745020112977574e+00 -5.515045085354837173e-01 3.962355117693193603e-03 8.341624738450719168e-01 7.487666173712550233e+01
8.124118446919237346e-01 -2.674003331875234382e-02 5.824706155774127536e-01 5.785959193382318233e+00 2.515002464425118711e-02 9.996252126757547707e-01 1.081227282634381233e-02 -1.101204680187531482e+00 -5.825413506248919848e-01 5.865131402827194335e-03 8.127798726323212097e-01 7.564031215369156769e+01
7.905163956352293519e-01 -1.960703284924043138e-02 6.121269839645822053e-01 6.356889376166622974e+00 2.149238286442847062e-02 9.997599053642508560e-01 4.267484020836792569e-03 -1.115758201554533535e+00 -6.120635989522776876e-01 9.782551073283560217e-03 7.907479990005196191e-01 7.638597867975759925e+01
7.676161903357521243e-01 -1.684595266611015746e-02 6.406884240829104904e-01 6.966133954235533388e+00 1.999436281013444033e-02 9.997973750202443499e-01 2.332711122721435344e-03 -1.122921968495359524e+00 -6.405978106209394562e-01 1.101952941572679340e-02 7.677974746440034970e-01 7.710241081246806516e+01
7.442870559174659117e-01 -1.967276225922190772e-02 6.675700931916391800e-01 7.567778199953656859e+00 2.174192270729367535e-02 9.997499830571250357e-01 5.221339721011767840e-03 -1.135408425566467594e+00 -6.675058169113983197e-01 1.062808123485560821e-02 7.445286910254090840e-01 7.777218334882448403e+01
7.195715255455745751e-01 -2.006290507381410654e-02 6.941284916636930591e-01 8.197800372217230347e+00 2.237269855897346463e-02 9.997334332944780577e-01 5.703265264650618158e-03 -1.135446105321914700e+00 -6.940577841648155610e-01 1.142561922127573702e-02 7.198285811599474115e-01 7.842682058158871428e+01
6.938381207878827617e-01 -1.902177602454105387e-02 7.198797759598352108e-01 8.860446133364952459e+00 2.360566391476698681e-02 9.997146351111110274e-01 3.664274367437254584e-03 -1.163431416182681311e+00 -7.197439527212712296e-01 1.445082625716194273e-02 6.940891441010061946e-01 7.907625946932128613e+01
6.674417210236458509e-01 -1.624794491462590307e-02 7.444848009940364664e-01 9.531987169685184114e+00 2.277539626362666547e-02 9.997396310174354594e-01 1.400247637428882544e-03 -1.178052468032778632e+00 -7.443136159369992955e-01 1.602135200640665211e-02 6.676379879589187105e-01 7.966597070593716978e+01
6.402302254623120081e-01 -1.401784768387072562e-02 7.680552243448388605e-01 1.023153489421080486e+01 2.130534977071308483e-02 9.997728952308880812e-01 4.873786506076104377e-04 -1.183346772020523519e+00 -7.678875293240285949e-01 1.605164989927181096e-02 6.403834893067997802e-01 8.025430321349921314e+01
6.121397222315951847e-01 -1.287098027030784964e-02 7.906449077243311585e-01 1.093353397498363400e+01 2.227487724501842070e-02 9.997514118763398683e-01 -9.707997565967156715e-04 -1.193854450356185426e+00 -7.904357677151767625e-01 1.820578278608134606e-02 6.122742558920648559e-01 8.079674800973118920e+01
5.825939801174493393e-01 -7.120893066499097562e-03 8.127322006091749484e-01 1.165698572846127767e+01 2.129011277497275950e-02 9.997521959575496053e-01 -6.501974874615533417e-03 -1.213883103989498391e+00 -8.124843974587333539e-01 2.109117018404502164e-02 5.826012139250009714e-01 8.133836131033596928e+01
5.529756626698658639e-01 2.418163028336263540e-03 8.331939493657088969e-01 1.243105100211618463e+01 1.943370154528390251e-02 9.996863049121413880e-01 -1.579916713493950686e-02 -1.236849419012461926e+00 -8.329706800203054984e-01 2.492859619582819819e-02 5.527552124179926363e-01 8.183817624716544969e+01
5.220719408856270283e-01 1.022041388848164700e-02 8.528402702867673435e-01 1.319072880241059664e+01 1.858734125145446170e-02 9.995543776628200705e-01 -2.335700064077226440e-02 -1.267955987538401441e+00 -8.526988340161973934e-01 2.804606676148548722e-02 5.216493314515529001e-01 8.231593124866414257e+01
4.900618784943812090e-01 1.520319838818371370e-02 8.715551120872514490e-01 1.398449726895920264e+01 1.611665766876167749e-02 9.995189509011559448e-01 -2.649751662546005748e-02 -1.293720209295678547e+00 -8.715385804103992218e-01 2.703197659512040704e-02 4.895811106044626881e-01 8.276124415416411750e+01
4.575656489638698643e-01 1.500502678379265868e-02 8.890492857685069472e-01 1.482497099902751714e+01 1.418499027913564144e-02 9.996071850224446109e-01 -2.417154822706255382e-02 -1.329005111674740336e+00 -8.890626280229660949e-01 2.367122444581009136e-02 4.571730560136853527e-01 8.319841099756564518e+01
4.240804099217613810e-01 1.339232215600817504e-02 9.055255751111922491e-01 1.564357336003210719e+01 1.066006840347736434e-02 9.997475629482667214e-01 -1.977820256548196848e-02 -1.358136606266465485e+00 -9.055617333655761048e-01 1.804051188318435764e-02 4.238305971299717867e-01 8.358801951813333631e+01
3.896845999402839822e-01 1.460619268491693962e-02 9.208326008152373232e-01 1.651857460208605488e+01 6.098069258259598835e-03 9.998113826419293693e-01 -1.843957536245943024e-02 -1.390008004930842755e+00 -9.209281245718766717e-01 1.280091873941369487e-02 3.895220274177865760e-01 8.396635076105842188e+01
3.546824490164816601e-01 1.708629817236442805e-02 9.348307529502015711e-01 1.736983617121088841e+01 -7.293321201829926432e-04 9.998377591518067264e-01 -1.799774400981376046e-02 -1.427106683682669797e+00 -9.349864722838557851e-01 5.701680829238268099e-03 3.546373618317115728e-01 8.430589127189726639e+01
3.185412560761953782e-01 1.927125823645682579e-02 9.477131446062124764e-01 1.825757491986781744e+01 -6.587206087982066041e-03 9.998141794639032742e-01 -1.811664238786696648e-02 -1.446172118818558339e+00 -9.478860458523736821e-01 -4.718845147342541862e-04 3.186090144599013074e-01 8.461555313756447561e+01
2.821254868834098817e-01 1.868807529949683896e-02 9.591955443927808744e-01 1.917480777823025306e+01 -8.785089846353929047e-03 9.998186648709285196e-01 -1.689560501777616006e-02 -1.473666275921673208e+00 -9.593372234554174982e-01 -3.659938488483263988e-03 2.822385082456615457e-01 8.488562490639813518e+01
2.456664635478869319e-01 1.816101107857448840e-02 9.691843439356738754e-01 2.006749905802960399e+01 -9.525826370125074077e-03 9.998214377947834963e-01 -1.632052011366983899e-02 -1.503858785535146625e+00 -9.693075493020171240e-01 -5.222877824447746953e-03 2.457955986573294727e-01 8.512397534854954984e+01
2.095805122807744281e-01 1.731710882117516725e-02 9.776380973796187090e-01 2.100370350453557933e+01 -8.940279829176243920e-03 9.998352991009714641e-01 -1.579372670913608417e-02 -1.535232918168063732e+00 -9.777504506970288167e-01 -5.430301633284423390e-03 2.097008186182540423e-01 8.532440673363480244e+01
1.738916871838745437e-01 1.659786843278726609e-02 9.846249607438546381e-01 2.195515751502858492e+01 -6.543415798507336983e-03 9.998553487550251306e-01 -1.569899477101593596e-02 -1.555258949094818988e+00 -9.847429811072478945e-01 -3.712886027604496257e-03 1.739751440611002342e-01 8.548314215652604275e+01
1.393077181193944081e-01 1.511189995359782032e-02 9.901338938534675060e-01 2.290524571138490018e+01 1.341372896795357990e-03 9.998797490554692802e-01 -1.544937251127821362e-02 -1.589015182474692756e+00 -9.902481639212546982e-01 3.480355637550590093e-03 1.392706928251361831e-01 8.561184949955973877e+01
1.050082421340400862e-01 1.800818115975202915e-02 9.943083594812609505e-01 2.387842065583577877e+01 3.795593656622640259e-03 9.998214928174750105e-01 -1.850888180401242394e-02 -1.629288373272899992e+00 -9.944640449367224688e-01 5.717574770695603263e-03 1.049211450484849595e-01 8.570743485915112103e+01
7.301151028500531270e-02 2.395979942653787484e-02 9.970433197528657532e-01 2.483008357963528212e+01 4.250968527285191138e-03 9.996948263248972566e-01 -2.433480771196305445e-02 -1.641247152885432214e+00 -9.973219686009868745e-01 6.015119725603636398e-03 7.288737839009738761e-02 8.577689493739239879e+01
4.338655419376650363e-02 2.655618429605471897e-02 9.987054170302992473e-01 2.579477784430555687e+01 9.571558644770277943e-03 9.995897309707063583e-01 -2.699551511677950391e-02 -1.699603209867401654e+00 -9.990124435998732899e-01 1.073040893617973300e-02 4.311457183552719341e-02 8.581265006135448914e+01
1.728595846965806648e-02 2.559112015570927379e-02 9.995230980831596446e-01 2.678522985668843859e+01 1.284711023258216026e-02 9.995841895397212795e-01 -2.581486557076716898e-02 -1.733104503996855561e+00 -9.997679774389959251e-01 1.328721710556467206e-02 1.695000099062059576e-02 8.583064365122331196e+01
-4.357586403344390971e-03 2.274825439748974498e-02 9.997317963753912240e-01 2.775928676197964151e+01 1.426890750331532252e-02 9.996408497792351744e-01 -2.268399139744298534e-02 -1.756494840286585424e+00 -9.998886284608664576e-01 1.416623196327697169e-02 -4.680612575890713382e-03 8.582553520489307175e+01
-2.417478175572754934e-02 2.081928975003380020e-02 9.994910099773645085e-01 2.874754254814229881e+01 1.666139723627216990e-02 9.996526539840320247e-01 -2.041966643089915615e-02 -1.785292035913448538e+00 -9.995688307264383177e-01 1.615927459712294956e-02 -2.451326122830458157e-02 8.580702090851990249e+01
-4.122920837562284863e-02 2.283761506684660672e-02 9.988887517814620809e-01 2.973303729277840191e+01 1.710062548025137463e-02 9.996084371004224645e-01 -2.214823966049674075e-02 -1.834307421296712093e+00 -9.990032919251925492e-01 1.616846683877311286e-02 -4.160360072479966226e-02 8.577067922060925298e+01
-5.533325528979074481e-02 2.805976102161147206e-02 9.980736522376749686e-01 3.071153733444970513e+01 2.025037140851931872e-02 9.994309722239617111e-01 -2.697524016683587947e-02 -1.860810012845803607e+00 -9.982625044059879604e-01 1.871873314701757302e-02 -5.586998793417102122e-02 8.571510930764473812e+01
-6.730097181351191171e-02 3.225852578415761007e-02 9.972111593561178156e-01 3.169585772358046682e+01 2.346662829330585162e-02 9.992518758278815527e-01 -3.074079713233508759e-02 -1.905399016302561144e+00 -9.974566483529427874e-01 2.133229684425952399e-02 -6.800762001436956583e-02 8.564447603835546374e+01
-7.656999406536538211e-02 3.654520035453488747e-02 9.963943105652098842e-01 3.268517856603315153e+01 3.027416632848797112e-02 9.989525172876866366e-01 -3.431254896172226260e-02 -1.944189373175447821e+00 -9.966044282731826298e-01 2.753769392456431597e-02 -7.759616122232131097e-02 8.556192795150225550e+01
-8.221425750811914290e-02 4.135671532507442100e-02 9.957562840721292385e-01 3.366634204164723343e+01 3.316460165550857292e-02 9.986987833321371300e-01 -3.874070385248564591e-02 -1.994907675378961853e+00 -9.960626478331570111e-01 2.983882079472671006e-02 -8.347885682401801066e-02 8.547790259231011589e+01
-8.589207873388204906e-02 4.662579857734219096e-02 9.952128988263760911e-01 3.466469460344640652e+01 3.546520779331581441e-02 9.984143526131690205e-01 -4.371495513181287984e-02 -2.042361686439835733e+00 -9.956729591426023429e-01 3.154066246707967758e-02 -8.740947687928700416e-02 8.539202178531502341e+01
-8.912141968183989738e-02 5.031940463993542223e-02 9.947489454555600297e-01 3.566510347976706896e+01 3.641217332911038385e-02 9.982200286060615158e-01 -4.723275589465670415e-02 -2.106922863986950833e+00 -9.953549052267570696e-01 3.201151918106417277e-02 -9.079502292422167442e-02 8.529675237581420788e+01
-9.083554613604076511e-02 5.342014318107354831e-02 9.944321570918325248e-01 3.667775142158038904e+01 3.762042746548668881e-02 9.980315421433009204e-01 -5.017709563002450274e-02 -2.164647597917382704e+00 -9.951550050655930679e-01 3.285309743471997307e-02 -9.266642800726011819e-02 8.521568720916548045e+01
-9.406412919501232206e-02 5.685872908131121145e-02 9.939412206576592190e-01 3.767240489611849341e+01 3.905038697906614703e-02 9.978101907108493096e-01 -5.338442384782557393e-02 -2.225472528352702373e+00 -9.947999158867755209e-01 3.379222914626597851e-02 -9.607850051583687045e-02 8.511429834578943598e+01
-9.558413487301242739e-02 6.063671763730930225e-02 9.935728427714123345e-01 3.867378829709669930e+01 3.996608766615691172e-02 9.975718590833194677e-01 -5.703593965283972750e-02 -2.293617739761923957e+00 -9.946186478238521200e-01 3.425748657851974271e-02 -9.777545421030704731e-02 8.501776541438732693e+01
-9.815120449181076456e-02 6.181450810095205639e-02 9.932499355731109203e-01 3.969216741324998310e+01 4.183193638906207434e-02 9.974431582995503254e-01 -5.794171419238048487e-02 -2.366898503638720008e+00 -9.942918595405764171e-01 3.586251735525822909e-02 -1.004860698077396641e-01 8.491905431173479712e+01
-1.002405193544775863e-01 6.117368051677553320e-02 9.930809392433496141e-01 4.069864989953652668e+01 4.260236886504998460e-02 9.974566204759934829e-01 -5.714298649007880371e-02 -2.428547479176711654e+00 -9.940506713700025809e-01 3.657955637580515007e-02 -1.025917111215159105e-01 8.481495721235519625e+01
-1.021114627065304731e-01 6.053668472995367422e-02 9.929293470585370818e-01 4.172059065899708941e+01 4.302493257286837264e-02 9.974813623430682785e-01 -5.638958870097068865e-02 -2.503933844302657530e+00 -9.938420296297604262e-01 3.696269278365706124e-02 -1.044588696365378461e-01 8.471654096758362584e+01
-1.043266804484468679e-01 6.162458331477221191e-02 9.926320977215152830e-01 4.273017636544363285e+01 4.251623770232208083e-02 9.974423887305461367e-01 -5.745471673332686741e-02 -2.577307373101562327e+00 -9.936338286990348267e-01 3.620892147439206538e-02 -1.066798982820992697e-01 8.459768810607168632e+01
-1.075290339299184023e-01 6.386837442177989432e-02 9.921484125282264976e-01 4.375803749766953388e+01 4.080799550233794870e-02 9.973769627242038416e-01 -5.978218657498090421e-02 -2.643214946590194181e+00 -9.933640241998344944e-01 3.405926493872911409e-02 -1.098533187942854900e-01 8.449335244092540620e+01
-1.097193267510054859e-01 6.606110947566526392e-02 9.917649590214677735e-01 4.479105256357089360e+01 3.950556824199081413e-02 9.972903433780390126e-01 -6.205864021087775795e-02 -2.716116100367107045e+00 -9.931771467908894202e-01 3.237120421544374682e-02 -1.120318066270335339e-01 8.438681162699532479e+01
-1.121942755959536298e-01 6.964944531932755478e-02 9.912424208502133016e-01 4.580950872337027846e+01 3.738196406651826675e-02 9.971302509985962015e-01 -6.583205789235252459e-02 -2.792226745270442123e+00 -9.929828314422324276e-01 2.966860597433855842e-02 -1.144759354026425868e-01 8.427498567421447717e+01
-1.137367773514030983e-01 7.379503084829300286e-02 9.907665574465303049e-01 4.685139575431414016e+01 3.372174971144192152e-02 9.969497867262171464e-01 -7.038442943806544339e-02 -2.874675549894770477e+00 -9.929383949998231707e-01 2.540508245698656214e-02 -1.158783493748139354e-01 8.414773963399613876e+01
-1.163648427297336169e-01 7.618557092017837207e-02 9.902803242054549759e-01 4.789731382612988853e+01 3.077071457344075084e-02 9.968516220834564567e-01 -7.307535184235257331e-02 -2.960155057645492249e+00 -9.927296943114080063e-01 2.196823006444702242e-02 -1.183427593537228345e-01 8.404241186137629427e+01
-1.199432269093756859e-01 7.458755990903828681e-02 9.899749786329928858e-01 4.893484213042651021e+01 2.873779578617749464e-02 9.970167413354596997e-01 -7.163629910312102611e-02 -3.048257607341994024e+00 -9.923646638471202985e-01 1.985740909160210038e-02 -1.217288844260840802e-01 8.391163935750202540e+01
-1.225940539569803645e-01 7.100697568268540816e-02 9.899135542060624182e-01 4.998889962228942352e+01 2.714415158304777503e-02 9.973040140533518949e-01 -6.817548108050150435e-02 -3.120471749318444399e+00 -9.920855608092015165e-01 1.851245336933558458e-02 -1.241909700963715335e-01 8.380559498868818480e+01
-1.250732506236677533e-01 6.883951424362200200e-02 9.897565066585711779e-01 5.104182467814894864e+01 2.648850244529691797e-02 9.974660908311456797e-01 -6.602844140070833479e-02 -3.211232917854165869e+00 -9.917937804482571673e-01 1.795877431354509293e-02 -1.265797802074779266e-01 8.366861964198618296e+01
-1.273351775343415648e-01 6.940248187249210832e-02 9.894287174948063202e-01 5.209308038424308052e+01 2.704415434959245648e-02 9.974210083462586862e-01 -6.648262973574045609e-02 -3.291798622784532835e+00 -9.914909139717972275e-01 1.829268419885348232e-02 -1.288837108119170738e-01 8.353775808129802272e+01
-1.281662835689183766e-01 7.217436373534301397e-02 9.891230461660185380e-01 5.315632330259875005e+01 2.782283587656691343e-02 9.972175281481007181e-01 -6.915984120126400514e-02 -3.378395357912168162e+00 -9.913622715666909890e-01 1.865624675013457731e-02 -1.298177645791823986e-01 8.339347812204650268e+01
-1.287516284526045163e-01 7.449197688985723098e-02 9.888751648009690420e-01 5.421685153584424199e+01 2.740475822791369961e-02 9.970611500477475353e-01 -7.154052686928760729e-02 -3.460768270093026011e+00 -9.912980673387086217e-01 1.788892416951793490e-02 -1.304146815951429950e-01 8.325662705619269843e+01
-1.294060532755077209e-01 7.541050179256841846e-02 9.887201113075513303e-01 5.528070183843389884e+01 2.632337223053909589e-02 9.970138587003778419e-01 -7.259780918354678814e-02 -3.554000372080776682e+00 -9.912421568915019687e-01 1.663185040538799758e-02 -1.310046854248702319e-01 8.313648736377029991e+01
-1.290964648538216464e-01 7.420486349556529304e-02 9.888517964443001018e-01 5.635704933507662417e+01 2.354425259286523422e-02 9.971444846922595806e-01 -7.175341355011057021e-02 -3.639610898832104091e+00 -9.913524287214485753e-01 1.401866366364558879e-02 -1.304749198384380360e-01 8.298788851493897312e+01
-1.295095331793027216e-01 7.370912977103476205e-02 9.888348595210721959e-01 5.743188937916399084e+01 2.062036306499594185e-02 9.972178610825974676e-01 -7.163332580225519053e-02 -3.727206074764314536e+00 -9.913636770661482522e-01 1.111293395989444016e-02 -1.306691279032948239e-01 8.286089695877963379e+01
-1.291896627018504495e-01 7.434635857032911854e-02 9.888289954134554804e-01 5.851148717270481825e+01 1.630896225191634866e-02 9.972098609934851865e-01 -7.284573470514874027e-02 -3.819452883744182348e+00 -9.914857088455812928e-01 6.715857764046294538e-03 -1.300417182916348002e-01 8.271888857614555945e+01
-1.294350832949640595e-01 7.451772096740551243e-02 9.887840016801816567e-01 5.959882782054911843e+01 1.172258051672156812e-02 9.972175559554702362e-01 -7.361877649879511321e-02 -3.908500988053641656e+00 -9.915185330376099504e-01 2.062247210677958711e-03 -1.299484726605062146e-01 8.258525336754317436e+01
-1.304675708105613452e-01 7.394179344734641557e-02 9.886915335342635336e-01 6.069070833666732057e+01 8.325677645672071442e-03 9.972616361342149238e-01 -7.348407711872283199e-02 -4.003786342633779860e+00 -9.914175522665945595e-01 -1.355761939783529241e-03 -1.307259153236535465e-01 8.245572126071715502e+01
-1.304313411808059597e-01 6.909419474271746853e-02 9.890469114584827803e-01 6.177962959047146541e+01 8.063870678340006454e-03 9.976096597199592964e-01 -6.862895567633219007e-02 -4.088575114178470749e+00 -9.914244856748785084e-01 -9.758208641624003480e-04 -1.306767385391534031e-01 8.231791499012638269e+01
-1.308963293731688071e-01 6.101422564596153258e-02 9.895168229478467081e-01 6.288054357363015612e+01 1.164594220636117755e-02 9.981301483232695171e-01 -6.000476944145582275e-02 -4.170755509533805139e+00 -9.913275860448034216e-01 3.669450318549431940e-03 -1.313621489501007045e-01 8.217769202978287524e+01
-1.311356884653941957e-01 5.523746945569758121e-02 9.898244230633044261e-01 6.399184888158763584e+01 1.906886693443921379e-02 9.984023303365878732e-01 -5.318984819127636071e-02 -4.238501007250214059e+00 -9.911809536150798516e-01 1.189974181570330712e-02 -1.319794918711938159e-01 8.203888557126427372e+01
-1.298207330144553473e-01 5.759756290028544834e-02 9.898632401234150890e-01 6.509374176903757814e+01 2.590996472439880891e-02 9.981675606914557353e-01 -5.468267538433728425e-02 -4.320771226015585498e+00 -9.911988260006372453e-01 1.854837551723649558e-02 -1.310751876770004654e-01 8.187693288432498662e+01
-1.289647972700265488e-01 6.286855305289412721e-02 9.896543600694638343e-01 6.619835130032342363e+01 3.002756952469677609e-02 9.977782647208466305e-01 -5.947165049334732223e-02 -4.402744916445857193e+00 -9.911943735348583973e-01 2.204716496491899644e-02 -1.305660574508200888e-01 8.172420127737235873e+01
-1.279775868902054969e-01 6.834242029765212612e-02 9.894196160271294671e-01 6.729943168649913332e+01 3.382328386038303825e-02 9.973433838773902993e-01 -6.451483185424830569e-02 -4.470209754134248925e+00 -9.912000753459769831e-01 2.520896659294081382e-02 -1.299491569871847885e-01 8.157990175788590648e+01
-1.273540100304785538e-01 7.153168461222357555e-02 9.892746339671897315e-01 6.841612625235875100e+01 3.390793233779862415e-02 9.971270246868279008e-01 -6.773434147392949634e-02 -4.583586243719890874e+00 -9.912774922782933151e-01 2.491801610748359957e-02 -1.294136146563493739e-01 8.142781244289524523e+01
-1.272624171718708952e-01 7.096058733431266641e-02 9.893275514096724343e-01 6.955150838614694919e+01 3.270426194057590719e-02 9.971954260391059366e-01 -6.731799879100884565e-02 -4.648957008396493507e+00 -9.913297000278553650e-01 2.378817466866248176e-02 -1.292262088672351261e-01 8.128658709289841511e+01
-1.268777343088994258e-01 6.640977812657376800e-02 9.896928414259971163e-01 7.067177916613601951e+01 3.148343707351360793e-02 9.975231804348838605e-01 -6.289905884301422168e-02 -4.729650426484449000e+00 -9.914185319615000935e-01 2.317844051334526714e-02 -1.286542861259845349e-01 8.114303709365970008e+01
-1.268226196849623344e-01 6.376151222380473105e-02 9.898740451937516616e-01 7.179857584471801601e+01 3.032189454445454249e-02 9.977147079116720496e-01 -6.038172061092982046e-02 -4.809558717242500947e+00 -9.914617882727574383e-01 2.235708748319515868e-02 -1.284661582267098423e-01 8.102348863339256013e+01
