4.276802385583999746e-04 -9.999672484945999473e-01 -8.084491683470999487e-03 -1.198459927712999980e-02 -7.210626507496999647e-03 8.081198471645000339e-03 -9.999413164503999640e-01 -5.403984729748000093e-02 9.999738645903000211e-01 4.859485810389999982e-04 -7.206933692422000381e-03 -2.921968648686000258e-01
-4.521115042182744415e-04 -9.999795625234466634e-01 -6.381136151336551723e-03 -2.258908357956078417e-02 -4.635132654458524841e-03 6.383163866943664284e-03 -9.999688535179258597e-01 -7.832563343201097428e-02 9.999891121810168260e-01 -4.225207939530044288e-04 -4.637923341643005078e-03 1.233208178269061817e+00
-1.279883697652337698e-03 -9.999815094478206046e-01 -5.948072395059648618e-03 -1.775923876881959143e-02 -3.481523470353988219e-03 5.952497162194413452e-03 -9.999761947071226231e-01 -1.080644358205953282e-01 9.999930745505595242e-01 -1.259145634959470995e-03 -3.489077271212606343e-03 2.748403734928443143e+00
-3.261238161254201035e-03 -9.999711608414080244e-01 -6.862114393748789537e-03 -4.316008746837832200e-02 -3.380408964446142851e-03 6.873135852766978394e-03 -9.999706371440900687e-01 -1.254769486057842887e-01 9.999889209258959744e-01 -3.237946309470322425e-03 -3.402726032041120206e-03 4.285266165140750871e+00
-4.045759764186592812e-03 -9.999652635210674045e-01 -7.289601811774185786e-03 -5.210320439800750214e-02 -3.975434653826122496e-03 7.305687183596921465e-03 -9.999653813257486368e-01 -1.500785986514276971e-01 9.999838658098630928e-01 -4.016641043681149457e-03 -4.004853286909419025e-03 5.789357165123246496e+00
-5.739594217888199443e-03 -9.999539732335773756e-01 -7.690516099094383412e-03 -8.042640865172792641e-02 -3.322627913608416222e-03 7.709670568086392228e-03 -9.999647290480815354e-01 -1.767803137438635486e-01 9.999779572198762567e-01 -5.713839696202459469e-03 -3.366725003084628139e-03 7.305491024397155364e+00
-7.440602993900341522e-03 -9.999486764491402058e-01 -6.878521207813454233e-03 -9.352514695176461501e-02 -3.167538984422191024e-03 6.902245587042986699e-03 -9.999711305581436838e-01 -1.945554445302013491e-01 9.999672527159551016e-01 -7.418600695901144890e-03 -3.218732981587449100e-03 8.809237216156407868e+00
-8.795671956375044828e-03 -9.999449924675034573e-01 -5.717924949343096419e-03 -1.001904585290892824e-01 -3.821102018999407348e-03 5.751714350625852790e-03 -9.999761293647927429e-01 -2.239178193783168402e-01 9.999539693060689460e-01 -8.773613609072734507e-03 -3.871481687696033333e-03 1.029355459922786764e+01
-1.048376340429220573e-02 -9.999350906736179656e-01 -4.467034420469700659e-03 -1.335276429585305347e-01 -3.710708066892303390e-03 4.506153274180158333e-03 -9.999829325346670794e-01 -2.429831485278077241e-01 9.999381068645564197e-01 -1.046700871809748759e-02 -3.757708360152812316e-03 1.180371271039019909e+01
-1.181524691970968488e-02 -9.999192555069150723e-01 -4.682287018796212237e-03 -1.553916922739999595e-01 -3.518160088199942786e-03 4.724155403493583011e-03 -9.999826184976339238e-01 -2.721769174333680819e-01 9.999239643359760787e-01 -1.179856923408136547e-02 -3.573692644629304638e-03 1.330209557568731782e+01
-1.228414522589120310e-02 -9.999104787452928189e-01 -5.307157239548614298e-03 -1.715658047176170098e-01 -3.711305124862223238e-03 5.353114200108897297e-03 -9.999787532293671344e-01 -2.894152138834592547e-01 9.999176120119483979e-01 -1.226418792593464598e-02 -3.776730916868248703e-03 1.477797762801394299e+01
-1.334623853585725078e-02 -9.998922484282795065e-01 -6.115565300272860286e-03 -2.055630964994391019e-01 -3.155297676867888611e-03 6.158193912047518412e-03 -9.999760262539849620e-01 -3.143875068238466408e-01 9.999059051047108904e-01 -1.332662326059077910e-02 -3.237146062669549445e-03 1.625570158395148113e+01
-1.353315245100927475e-02 -9.998779577493230875e-01 -7.807367016269617550e-03 -2.416196943017064891e-01 -2.274948887209270621e-03 7.838850861426325742e-03 -9.999666602996284404e-01 -3.332701504808801007e-01 9.999057829072797166e-01 -1.351493968650425807e-02 -2.380755377937532422e-03 1.774219155907842804e+01
-1.372488706572082620e-02 -9.998720081882999100e-01 -8.224255713892224609e-03 -2.628720655117526284e-01 -1.657299155112192720e-03 8.247766739577073319e-03 -9.999645794545559685e-01 -3.539920080577463324e-01 9.999043885135864285e-01 -1.371077179097360786e-02 -1.770286381604043975e-03 1.922796992232585112e+01
-1.432549350019165189e-02 -9.998622037927511474e-01 -8.390399614370325221e-03 -2.979238202611693143e-01 -1.360048921706234325e-03 8.410737537621774951e-03 -9.999636757704764012e-01 -3.759070228559964755e-01 9.998964085332719964e-01 -1.431356155995880744e-02 -1.480349258802610797e-03 2.068821291889979364e+01
-1.445139745900216911e-02 -9.998539464519172748e-01 -9.125969095513221732e-03 -3.126129824720745298e-01 -1.453461748150231296e-03 9.147918292233237283e-03 -9.999570712281951046e-01 -3.960950743789807826e-01 9.998944687642675744e-01 -1.443751278405247009e-02 -1.585449384924463674e-03 2.215230175945021074e+01
-1.508758407719433363e-02 -9.998352293141306024e-01 -1.009538342603441725e-02 -3.528479915917545617e-01 -8.367875146664991663e-04 1.010915478957987584e-02 -9.999485208361991173e-01 -4.157913928590930008e-01 9.998857772295692836e-01 -1.507835935989425974e-02 -9.891721048274951765e-04 2.361206295843974701e+01
-1.488493742601077786e-02 -9.998313444624002955e-01 -1.075884109815168285e-02 -3.839166609760321092e-01 2.355002929734417358e-04 1.075652699889731619e-02 -9.999420886862012692e-01 -4.296711997630067725e-01 9.998891425165303826e-01 -1.488660906857829785e-02 7.535054377468176521e-05 2.506037187963580948e+01
-1.435349384998748160e-02 -9.998376894707136087e-01 -1.089133984921426303e-02 -4.102601021822871452e-01 -7.191247536225615130e-04 1.090278131937628438e-02 -9.999402746715634338e-01 -4.517829111460939795e-01 9.998966819805050754e-01 -1.434480466033566035e-02 -8.755007704735152593e-04 2.650457931595043348e+01
-1.495134633855137347e-02 -9.998264450728792108e-01 -1.111643300230504006e-02 -4.514007433342605569e-01 -2.947586017317135442e-03 1.116169967069477464e-02 -9.999333320965446692e-01 -4.692108093508309818e-01 9.998838287326441421e-01 -1.491758342166169676e-02 -3.113956534782154079e-03 2.793369146085029797e+01
-1.403049696302930381e-02 -9.998486024689405838e-01 -1.029356514097635490e-02 -4.701360679313433821e-01 -2.952943783755609432e-03 1.033596651847096606e-02 -9.999421935758515678e-01 -4.935661738858705405e-01 9.998971566185319571e-01 -1.399929008537073756e-02 -3.097515227104436289e-03 2.936349108998629731e+01
-1.346566677362455791e-02 -9.998703603033968212e-01 -8.830682494316750147e-03 -4.984163208756137164e-01 -6.307797266647159617e-04 8.839975722790634552e-03 -9.999606916299692561e-01 -5.141359239209691845e-01 9.999090896212532442e-01 -1.345956775613183810e-02 -7.497338151606656792e-04 3.079185506055845778e+01
-1.336436540104640573e-02 -9.998916785052919254e-01 -6.169591590665465634e-03 -5.347470270267412618e-01 -5.546316644843534826e-04 6.177554525822047393e-03 -9.999807278977074221e-01 -5.363676192229787087e-01 9.999104954086013297e-01 -1.336068578920902687e-02 -6.371303507006709438e-04 3.220561111006736610e+01
-1.315425365294318506e-02 -9.998934437753249638e-01 -6.333096186444510736e-03 -5.445297794347875309e-01 4.300586392630249290e-04 6.327986096816757590e-03 -9.999798569220574862e-01 -5.547437554678977811e-01 9.999133358563234708e-01 -1.315671301661278624e-02 3.467729792702726392e-04 3.360569425049924774e+01
-1.270166405947015936e-02 -9.998967443405647471e-01 -6.723375941435553831e-03 -5.810121280905026220e-01 -1.404032987851852772e-03 6.741746323300970047e-03 -9.999762574601559484e-01 -5.735278792468515574e-01 9.999182974721598782e-01 -1.269192303073645584e-02 -1.489519171197577728e-03 3.499348454783152107e+01
-1.194103837191178887e-02 -9.999046134978698541e-01 -6.943764784746298165e-03 -6.017401249290978971e-01 -2.299321673208702330e-03 6.971699059332162052e-03 -9.999730209556771943e-01 -5.867181137101777910e-01 9.999260167766959029e-01 -1.192475058373360444e-02 -2.382351328722885284e-03 3.636773409018036318e+01
-1.107895302609473651e-02 -9.999080210218386222e-01 -7.825801459363792081e-03 -6.221582043941216167e-01 -3.274847849967768912e-03 7.862522812244648537e-03 -9.999636918142853492e-01 -6.174703585260121752e-01 9.999332141128304263e-01 -1.105292302530297074e-02 -3.361654833179529654e-03 3.771992229237626049e+01
-1.053572039867514860e-02 -9.999097074176893640e-01 -8.343822881550286633e-03 -6.584876715940938263e-01 -2.231863620816478249e-03 8.367780001667463052e-03 -9.999624622213157954e-01 -6.367899135246282150e-01 9.999419625811948320e-01 -1.051670311919776848e-02 -2.319822289246480530e-03 3.905785836525996046e+01
-8.598229612686299900e-03 -9.999279689385986991e-01 -8.376557177019228889e-03 -6.776960346149982772e-01 -3.157050177462002887e-04 8.379580839245375640e-03 -9.999648121700366321e-01 -6.597614209819765430e-01 9.999629412069981349e-01 -8.595282981374834791e-03 -3.877316198788521243e-04 4.038170841611502482e+01
-6.484433688705356150e-03 -9.999449415046103296e-01 -8.252774378575319578e-03 -6.906891369838541461e-01 1.143281110870677120e-03 8.245529015407756374e-03 -9.999653210396808323e-01 -6.836865885487001249e-01 9.999782777837297187e-01 -6.493644590789806638e-03 1.089750747082631442e-03 4.168085128893643798e+01
-4.615420396425993013e-03 -9.999522081044375232e-01 -8.621113776710574023e-03 -7.151943834084324436e-01 1.566775824207741405e-03 8.613963795185504771e-03 -9.999616438110547900e-01 -7.003719444933957927e-01 9.999880723625585999e-01 -4.628751273064716197e-03 1.526944078478871536e-03 4.296545991035318934e+01
-7.093460702407004305e-04 -9.999662025773096152e-01 -8.193663628257394360e-03 -7.162807489583975507e-01 1.245012644702762515e-03 8.192776165761606402e-03 -9.999656357153660080e-01 -7.214593853758516362e-01 9.999989219832813303e-01 -7.195236132583635947e-04 1.239159188414464680e-03 4.423425836248740239e+01
2.547219920929531291e-03 -9.999676635307528372e-01 -7.630002645722559068e-03 -7.249124020742034880e-01 -6.307148347460541727e-04 7.628419349940874887e-03 -9.999706670522674479e-01 -7.414921025445196934e-01 9.999965139835923500e-01 2.551956738877261648e-03 -6.112628443113971672e-04 4.548457016538819886e+01
6.856820774981826558e-03 -9.999457289540706340e-01 -7.846660279371883359e-03 -7.111441067174955055e-01 -2.189338647096380694e-03 7.831814164206474249e-03 -9.999669000565353238e-01 -7.620732580712835658e-01 9.999740516164918880e-01 6.873771807751602458e-03 -2.135518115513481904e-03 4.671441890082234494e+01
9.875735493228805090e-03 -9.999204484405942450e-01 -7.849292044195861281e-03 -7.339051810022617639e-01 -1.884136661034859026e-03 7.831053338871206415e-03 -9.999675289546935408e-01 -7.771156889572531368e-01 9.999494105446856684e-01 9.890202761603780757e-03 -1.806649060528308509e-03 4.793586897808020808e+01
1.531905289187498326e-02 -9.998497340546933509e-01 -8.117000808359997946e-03 -7.182118809975182039e-01 -1.870510370463260904e-03 8.089282322270061054e-03 -9.999654994143010178e-01 -8.027292594070778442e-01 9.998808590187386880e-01 1.533370626732727740e-02 -1.746308861400782970e-03 4.915168223786162827e+01
2.176639546332569466e-02 -9.997127924238153884e-01 -1.002939226886876214e-02 -6.956479550675870316e-01 -2.780116970737313026e-03 9.971205689093728605e-03 -9.999463869230884594e-01 -8.217528924937101964e-01 9.997591696203390610e-01 2.179311075854332633e-02 -2.562281006864784369e-03 5.035312370253571146e+01
2.987381327424070560e-02 -9.994864730130327279e-01 -1.159284428556301219e-02 -6.777839097327081896e-01 -2.840652347039265748e-03 1.151308042589715627e-02 -9.999296592891202540e-01 -8.392213740769569608e-01 9.995495902888050788e-01 2.990464108451325667e-02 -2.495253688396714426e-03 5.154976226579515242e+01
3.754591213799405441e-02 -9.992188191926658636e-01 -1.233280335273191121e-02 -6.556573391898641301e-01 -1.852444104570907671e-03 1.227188833869904266e-02 -9.999229504825012382e-01 -8.589166432961021780e-01 9.992931380123667440e-01 3.756586260339929428e-02 -1.390237472348219679e-03 5.272588541527741057e+01
4.875477831569749454e-02 -9.987060684780386666e-01 -1.446397067907801044e-02 -6.030077058104938992e-01 -1.147676463243923724e-03 1.442516663249339588e-02 -9.998952568871604107e-01 -8.766641780130508543e-01 9.988100734476499376e-01 4.876626946983789179e-02 -4.428953577103847579e-04 5.389474836599493557e+01
6.067879892753303556e-02 -9.980199919740725401e-01 -1.655944552518330212e-02 -5.517497044618354662e-01 -1.170055191844730129e-03 1.651888452899641715e-02 -9.998628340849536889e-01 -8.944365502022689762e-01 9.981566154077716746e-01 6.068984857296688684e-02 -1.653921509540901751e-04 5.504390621964444819e+01
7.603741633763128061e-02 -9.969243079551706188e-01 -1.898109461355508912e-02 -4.790234270567648722e-01 -7.188877058041300699e-04 1.898138888529828788e-02 -9.998195424143124788e-01 -9.149453897217588727e-01 9.971046626491663067e-01 7.603733683999765181e-02 7.266194277761620036e-04 5.617208661382877466e+01
9.271230244275067978e-02 -9.954714673222707644e-01 -2.100060350456213129e-02 -3.966819242624915476e-01 2.803923345863347343e-04 2.111754675925865340e-02 -9.997769282763091514e-01 -9.281817947282955394e-01 9.956928498133239547e-01 9.268572807304993610e-02 2.236979036579164228e-03 5.731088561111211988e+01
1.101229830211780392e-01 -9.936937799551037731e-01 -2.111038293868635132e-02 -2.890227162017585116e-01 1.380804343155955707e-03 2.139249551833115673e-02 -9.997701653538079158e-01 -9.488710236733677306e-01 9.939169620372042546e-01 1.100685220164562134e-01 3.727902077494286981e-03 5.841452212532487209e+01
1.293084996006889920e-01 -9.913877541563997919e-01 -2.072859452002387762e-02 -1.563917891770361668e-01 9.404586130358525775e-04 2.102669879485111193e-02 -9.997784402669096515e-01 -9.687309916350712591e-01 9.916039213831352450e-01 1.292603479334560324e-01 3.651290132056304871e-03 5.951167377026403216e+01
1.499625716384725138e-01 -9.884895368051940245e-01 -1.999267771708697697e-02 1.970717714018604960e-03 -3.823620615745481092e-04 2.016336082219337411e-02 -9.997965942613880053e-01 -9.797278017515539394e-01 9.886915538534236658e-01 1.499397017352662453e-01 2.645788709319847696e-03 6.059428594063165008e+01
1.702828897824074095e-01 -9.852492104279495511e-01 -1.696393165935127303e-02 1.602724628147878805e-01 -7.061003804152862729e-04 1.709335278211164891e-02 -9.998536189602634794e-01 -9.901588344586464974e-01 9.853949230666050330e-01 1.702699386584474728e-01 2.215020775356736984e-03 6.165772171721699380e+01
1.928048895989351308e-01 -9.811599717214636307e-01 -1.230528743325074587e-02 3.630659941263132962e-01 1.500546284304926561e-03 1.283539164141678408e-02 -9.999164676912495331e-01 -1.009947206876532722e+00 9.812359238702199615e-01 1.927703131461485087e-01 3.947002093395352885e-03 6.271617586356860841e+01
2.158535925742428585e-01 -9.764026276922634917e-01 -6.720650844671605117e-03 5.857947946533685890e-01 3.049452379263094693e-03 7.556987880342146656e-03 -9.999667683742818891e-01 -1.019314490351914904e+00 9.764209296090198276e-01 2.158259183270507808e-01 4.608696191151315062e-03 6.373567661220039327e+01
2.395662228455880116e-01 -9.708787416071368304e-01 -1.589253551045965692e-03 8.267781886290860305e-01 2.302860984600838250e-03 2.205150262898657176e-03 -9.999948807196615830e-01 -1.033072179884284125e+00 9.708772504483010879e-01 2.395613338727148878e-01 2.764078154180902094e-03 6.475030976938035110e+01
2.646167438292261198e-01 -9.643463119494496416e-01 3.768594323404428782e-03 1.110955914488484408e+00 1.163182877010639042e-03 -3.588720224568917819e-03 -9.999928556864849938e-01 -1.055914969934583558e+00 9.643529191602154826e-01 2.646192251900238435e-01 1.720758154714172213e-04 6.574994955351732528e+01
2.909062711900487486e-01 -9.567185218755517306e-01 7.952863074539457192e-03 1.396293566655320673e+00 1.720022988416993305e-03 -7.789379778673083399e-03 -9.999681505900487322e-01 -1.063154149418732874e+00 9.567499728456537733e-01 2.909106682168712821e-01 -6.204018081259512736e-04 6.672843980262737773e+01
3.183643773639451835e-01 -9.479154112322056847e-01 1.002646491747266611e-02 1.712471885094326574e+00 3.664862592133700213e-03 -9.345978806862042035e-03 -9.999495777561530074e-01 -1.071521310371508218e+00 9.479612942221838923e-01 3.183850547222012994e-01 4.985535158675689265e-04 6.769431639988948746e+01
3.460043642663494512e-01 -9.381113849458051490e-01 1.510150355386974917e-02 2.048987151117192429e+00 6.543044693738957369e-03 -1.368264426826069739e-02 -9.998849474882930410e-01 -1.080765848205908153e+00 9.382100427297667133e-01 3.460633524452831900e-01 1.403850026098427128e-03 6.862803113548305589e+01
3.742733470688319741e-01 -9.271286599549295460e-01 1.876057455482311315e-02 2.412348681011675655e+00 6.554165339202947665e-03 -1.758571427080142871e-02 -9.998238464464365149e-01 -1.094270158771897705e+00 9.272952286180663473e-01 3.743303578889079497e-01 -5.053097235222062415e-04 6.954776830985662173e+01
4.033120353498479416e-01 -9.148833208408650997e-01 1.810950027595471107e-02 2.796024287028367805e+00 2.813712870432177188e-03 -1.855046060040722866e-02 -9.998239372367578870e-01 -1.095834989951335103e+00 9.150581496922718383e-01 4.032919685821010902e-01 -4.907404663452905220e-03 7.044574332073155176e+01
4.320747986770116511e-01 -9.016436237966467537e-01 1.871315622608847595e-02 3.208749410830924464e+00 -1.889108183518018076e-03 -2.165486402677910607e-02 -9.997636838819422556e-01 -1.112763216187907522e+00 9.018357538343082513e-01 4.319373275045952920e-01 -1.105982268730254688e-02 7.131885948066104675e+01
4.608318792579692014e-01 -8.872442097599267941e-01 2.077807639851716320e-02 3.652478012132283958e+00 -4.096113506813756078e-03 -2.553834009647099057e-02 -9.996654199950986142e-01 -1.129398413737820128e+00 8.874779672352892668e-01 4.605925730954249508e-01 -1.540313347250485930e-02 7.216088768439020384e+01
4.901450302490013566e-01 -8.713776781176924002e-01 2.142032953068404716e-02 4.108159361523274988e+00 -1.205922623785687930e-03 -2.525260835148196090e-02 -9.996803459892161792e-01 -1.142889688989307428e+00 8.716400282504926933e-01 4.899625024428559406e-01 -1.342825374825975387e-02 7.302359598436197530e+01
5.204791466251202925e-01 -8.536145378162881547e-01 2.106483464574381362e-02 4.579712852853053739e+00 4.308132897722447702e-03 -2.204417314845159154e-02 -9.997476868841176367e-01 -1.143667124449091244e+00 8.538634818444129637e-01 5.204385539783390469e-01 -7.796047390395448133e-03 7.383234476572128813e+01
5.518964019305852009e-01 -8.336342246187153915e-01 2.154937298435139273e-02 5.115018361102947608e+00 7.144971590831389850e-03 -2.111325712288971909e-02 -9.997515289912598524e-01 -1.140912062020886575e+00 8.338820403724981345e-01 5.519132209391877097e-01 -5.696037254445251476e-03 7.463899369849535503e+01
5.829169166690043591e-01 -8.123782319591470458e-01 1.579583449006961848e-02 5.628201019478749068e+00 3.471791934170646767e-03 -1.694986671483697180e-02 -9.998502806766857987e-01 -1.152515136096275317e+00 8.125243114256957000e-01 5.828844673746280680e-01 -7.059955394162069874e-03 7.541005563486206142e+01
6.125340564590127101e-01 -7.903958146800064144e-01 8.748199539547212369e-03 6.183236531455639451e+00 -2.788316828980580246e-03 -1.322797832912420840e-02 -9.999085901979744007e-01 -1.171684568629478340e+00 7.904392603528970218e-01 6.124536431151514915e-01 -1.030646052714230196e-02 7.615791850930361306e+01
6.410805349761166116e-01 -7.674480031286474713e-01 6.272678395670921656e-03 6.778911085222518729e+00 -4.779380062570898723e-03 -1.216513655953503810e-02 -9.999145450320187090e-01 -1.174939865147149654e+00 7.674587063536316700e-01 6.409957558377237241e-01 -1.146675755142451819e-02 7.688047809522662135e+01
6.679849831008118910e-01 -7.441216438986407722e-01 8.892784902615705200e-03 7.380753818617604267e+00 -1.944162233084394164e-03 -1.369481007120919996e-02 -9.999043020968026996e-01 -1.191127584615216728e+00 7.441721871604896066e-01 6.679037404484072793e-01 -1.059462034749198561e-02 7.756494080017853321e+01
6.945608288495934701e-01 -7.193753196206078560e-01 9.189348108167997090e-03 8.004660893181380743e+00 -1.556022662066738026e-03 -1.427509689588455505e-02 -9.998968605769186224e-01 -1.190124449694121900e+00 7.194322756876726510e-01 6.944748646699859806e-01 -1.103428667294206397e-02 7.822449337680723147e+01
7.201909626729626757e-01 -6.937262849525499542e-01 8.298030186986720888e-03 8.662265945924746191e+00 -3.515457254183841987e-03 -1.560956774799265520e-02 -9.998719512102581808e-01 -1.216742840629234435e+00 6.937669570965581123e-01 7.200695492536194342e-01 -1.368063427683584472e-02 7.887599616336412112e+01
7.448987983070827212e-01 -6.671534039249603643e-01 5.671392094332277159e-03 9.321910405132930677e+00 -5.733129643474636425e-03 -1.490102518698143037e-02 -9.998725007984388125e-01 -1.229880301933332643e+00 6.671528261887200717e-01 7.447712768805224703e-01 -1.492463197597340176e-02 7.947440190094326340e+01
7.683887269963546318e-01 -6.399740275683601931e-01 3.470247723305633358e-03 1.001528520446083625e+01 -6.592174761828476295e-03 -1.333681627469017993e-02 -9.998892970853994200e-01 -1.233570312007350678e+00 6.399494473639516512e-01 7.682807639650007792e-01 -1.446667917787011065e-02 8.006928324301432554e+01
7.908323750158904319e-01 -6.120285717204922982e-01 2.285096178530149347e-03 1.071423252763358214e+01 -8.081549447198556335e-03 -1.417571389710190269e-02 -9.998668241752945995e-01 -1.243956335815578962e+00 6.119794409766847743e-01 7.907085573400967071e-01 -1.615675208089387832e-02 8.062229382900629560e+01
8.125708937517914787e-01 -5.828513756970592485e-01 -3.586782479902489006e-03 1.143897959744726833e+01 -1.374604330273025525e-02 -1.301102568205551174e-02 -9.998208352841814195e-01 -1.266579017773790783e+00 5.827002568401029592e-01 8.124745738013129381e-01 -1.858428080650748049e-02 8.116375484623709724e+01
8.331829448685280637e-01 -5.528481507615867763e-01 -1.285124349514592777e-02 1.220926333797299357e+01 -2.306235072077570530e-02 -1.151886781824148186e-02 -9.996676380054054789e-01 -1.285333255491543536e+00 5.525163490458639970e-01 8.332023712117678782e-01 -2.234730093272954687e-02 8.167211742035100031e+01
8.526011458571585155e-01 -5.221530924400001883e-01 -2.067534747462500613e-02 1.295853553459627960e+01 -3.068022278478869241e-02 -1.052090644670084646e-02 -9.994738476367338587e-01 -1.312567893286673115e+00 5.216608211302554698e-01 8.527868394990827383e-01 -2.498990919140452183e-02 8.215512117129333092e+01
8.714595529527461304e-01 -4.898089992844241736e-01 -2.540555720694710751e-02 1.373938800300272334e+01 -3.369336654649262436e-02 -8.109508134785546954e-03 -9.993992820788999421e-01 -1.339198139774943508e+00 4.893087166311358982e-01 8.717920192088697284e-01 -2.357042154828073097e-02 8.261621320343319042e+01
8.890151542669921803e-01 -4.571784785404051088e-01 -2.529692701222549869e-02 1.457511086298801573e+01 -3.143571939308024282e-02 -5.824500100067121072e-03 -9.994887718825667955e-01 -1.375169134897228362e+00 4.567974008750388948e-01 8.893558575319302495e-01 -1.954980258253692302e-02 8.305688488421074567e+01
9.054786267723696769e-01 -4.237477777182364069e-01 -2.337351042531762152e-02 1.539370996558266569e+01 -2.698496770671205205e-02 -2.523641225313097685e-03 -9.996326257226442191e-01 -1.403028785545263002e+00 4.235331062495720778e-01 9.057766687897235158e-01 -1.371992284683931466e-02 8.346515553257879105e+01
9.208312832501779344e-01 -3.892016086796156182e-01 -2.432878873912138959e-02 1.625712403023991115e+01 -2.554036198816535611e-02 2.061747446491355665e-03 -9.996716367276645698e-01 -1.437366158211626832e+00 3.891239606873710954e-01 9.211502479782964770e-01 -8.041828052684822647e-03 8.385663486880609696e+01
9.347538933238884740e-01 -3.542948962814370106e-01 -2.665194745380324373e-02 1.711012960771233438e+01 -2.512403037076863660e-02 8.912605253619455825e-03 -9.996445809518667014e-01 -1.471669641475657375e+00 3.544065041970552166e-01 9.350912311155074041e-01 -5.702231959631238935e-04 8.419786259227488756e+01
9.475105084865674820e-01 -3.184278932621277813e-01 -2.876723881314428855e-02 1.799680598997127845e+01 -2.536777040648970777e-02 1.481839970370836014e-02 -9.995683183844593644e-01 -1.493213838287876127e+00 3.187167115275549856e-01 9.478312177815408912e-01 5.962784399664914498e-03 8.452384252081242266e+01
9.591430068347434057e-01 -2.815490724977915971e-01 -2.783607607595532663e-02 1.891363034108601582e+01 -2.411033517015545927e-02 1.668926259580350707e-02 -9.995699548513227173e-01 -1.521532212847075405e+00 2.818925444936316027e-01 9.594016368715130305e-01 9.219147160542144268e-03 8.480603956945290633e+01
9.690578742788683586e-01 -2.453435613716274388e-01 -2.708151966367638649e-02 1.980876416906803428e+01 -2.348501806017245022e-02 1.757341821699817674e-02 -9.995696892719753146e-01 -1.550804043782822994e+00 2.457139008975322836e-01 9.692768549990772309e-01 1.126776171590249814e-02 8.505920726370324303e+01
9.775418833574517352e-01 -2.091390465754732197e-01 -2.593769293151626867e-02 2.073800321306540795e+01 -2.287116501085088849e-02 1.706810252034372116e-02 -9.995926754130010083e-01 -1.586026987669922894e+00 2.094965655794742976e-01 9.777368977406948325e-01 1.190153128445171210e-02 8.526749329182250392e+01
9.844781289470438956e-01 -1.737046178930606588e-01 -2.509109503532286345e-02 2.168942507545150278e+01 -2.294207537977304562e-02 1.436880734230944201e-02 -9.996334955688945811e-01 -1.602359217163749072e+00 1.740014734427757503e-01 9.846929206985503003e-01 1.016063153771824823e-02 8.543962610521948875e+01
9.899876700996754764e-01 -1.392293976599616179e-01 -2.322972815729410639e-02 2.263601257560879176e+01 -2.248563034220865675e-02 6.915222426156496759e-03 -9.997232181283441932e-01 -1.636644516089096113e+00 1.393514960491058496e-01 9.902359656856495329e-01 3.715324669231108781e-03 8.558064172295868843e+01
9.941408680836866241e-01 -1.049029106305098963e-01 -2.606445472749483599e-02 2.360409145877229165e+01 -2.576288189303994544e-02 4.229014663194008948e-03 -9.996591031275008365e-01 -1.675122458128869729e+00 1.049773736267096552e-01 9.944734260608717458e-01 1.501634685404317458e-03 8.568165287592201196e+01
9.968571151938117048e-01 -7.254763319742535410e-02 -3.182422569172901200e-02 2.455647310842152820e+01 -3.163731351780661727e-02 3.724352571135793391e-03 -9.994924417160389041e-01 -1.682356521097818636e+00 7.262933422444686760e-02 9.973579445610255556e-01 1.417435061513447857e-03 8.575960242966435487e+01
9.984911241591365449e-01 -4.306338661356527014e-02 -3.407431740200506792e-02 2.552484559715911061e+01 -3.417390223197985105e-02 -1.578292506951428989e-03 -9.994146274168184130e-01 -1.743757243710204463e+00 4.298439900488065790e-02 9.990710439723431424e-01 -3.047554804902904806e-03 8.580677976754081726e+01
9.993145577390829537e-01 -1.701970264640187760e-02 -3.287515248827790199e-02 2.650989283763744453e+01 -3.296282809383040829e-02 -4.896764662901707116e-03 -9.994445476513883486e-01 -1.774694932221719812e+00 1.684926684956542658e-02 9.998431174662673060e-01 -5.454425284787701826e-03 8.582931898992801223e+01
9.995451334369827023e-01 4.902369877087191241e-03 -2.975781180245109375e-02 2.748239372289504345e+01 -2.972735648261650571e-02 -6.172225464944542869e-03 -9.995389526968286864e-01 -1.803129267774469469e+00 -5.083780650278690687e-03 9.999688882503198206e-01 -6.023683051034432051e-03 8.583092208367261833e+01
9.993253412003721969e-01 2.415236552371450435e-02 -2.766898792521796380e-02 2.847327667499661885e+01 -2.746083391865070111e-02 -8.907938551893129081e-03 -9.995831589995646249e-01 -1.832629607696132812e+00 -2.438876982882241112e-02 9.996685513961194314e-01 -8.238684134728802358e-03 8.581828225832141754e+01
9.986776272743621563e-01 4.205728841800471934e-02 -2.956733998920717255e-02 2.945908577447028520e+01 -2.920100665121055233e-02 -9.298262389193203553e-03 -9.995302819413830475e-01 -1.876078620229280514e+00 -4.231245630732656526e-02 9.990718838114379663e-01 -8.057850942740791764e-03 8.578719554389972757e+01
9.978765651843084505e-01 5.512742892751598678e-02 -3.468953406863103939e-02 3.044686594937973823e+01 -3.407950703780102120e-02 -1.196782316216329911e-02 -9.993474349076427732e-01 -1.906999881130853502e+00 -5.550661034799200810e-02 9.984075574750238546e-01 -1.006369399879436348e-02 8.574123393206851063e+01
9.969530719653414419e-01 6.765085908475090837e-02 -3.883259210848145210e-02 3.142948287830761700e+01 -3.788479956258530151e-02 -1.523757296542156171e-02 -9.991658974817884120e-01 -1.950513413604632484e+00 -6.818614312467122240e-02 9.975926432948094558e-01 -1.262820538274176188e-02 8.566992807028370294e+01
9.960606660811518465e-01 7.745808856040967139e-02 -4.316748068314668618e-02 3.241995675643457275e+01 -4.158378389637842898e-02 -2.194432472163472536e-02 -9.988939720671026201e-01 -1.986895099234900153e+00 -7.831969534739323391e-02 9.967540272223656128e-01 -1.863687706113808032e-02 8.558639395488904711e+01
9.953665028988447627e-01 8.336982072557906631e-02 -4.790656227761459079e-02 3.341070959524245154e+01 -4.595260386599156477e-02 -2.520144250318393647e-02 -9.986256446446513113e-01 -2.038572954574870977e+00 -8.446255236622154938e-02 9.961999086056181341e-01 -2.125361058773671957e-02 8.550196040179589829e+01
9.948473224122825753e-01 8.636666121491722026e-02 -5.310039817881474083e-02 3.440156344597424010e+01 -5.090363341266332387e-02 -2.744330165628931090e-02 -9.983264124015547303e-01 -2.082802914424336294e+00 -8.767936611946726411e-02 9.958853235168475537e-01 -2.290551665677001414e-02 8.542950482141854707e+01
9.943826485119954262e-01 8.948171890229168757e-02 -5.653502397989623035e-02 3.539985935989848542e+01 -5.417146844963410118e-02 -2.862748104644748104e-02 -9.981211588800470436e-01 -2.145120610918128889e+00 -9.093204823079391319e-02 9.955769145638189155e-01 -2.361931331964956318e-02 8.533439204428324842e+01
9.939513824920224172e-01 9.205970557342225968e-02 -5.988074418685081918e-02 3.640651753982141514e+01 -5.734759153189494113e-02 -2.992210711160971440e-02 -9.979057366564081377e-01 -2.203356751604983010e+00 -9.365866262981543955e-02 9.953037698335950312e-01 -2.446171703200429245e-02 8.524341122895596357e+01
9.934816915842453744e-01 9.497886142683914512e-02 -6.303325077965740708e-02 3.740680419105812149e+01 -6.040163374277065372e-02 -3.033497701837937696e-02 -9.977130711096418025e-01 -2.265369618682952613e+00 -9.667375882815447408e-02 9.950169368503956058e-01 -2.440036493275776416e-02 8.514872780961546539e+01
9.931192286845084150e-01 9.619161415339756716e-02 -6.679375034213970441e-02 3.841495600159745294e+01 -6.401959649737194724e-02 -3.164636330591896751e-02 -9.974467030306627402e-01 -2.332544408580794926e+00 -9.805978468311550567e-02 9.948595781661572213e-01 -2.527046262215641367e-02 8.505531183881551271e+01
9.928319627560024951e-01 9.823257311518149293e-02 -6.808160645327650251e-02 3.943593459525369838e+01 -6.507286686814578447e-02 -3.351789888752081809e-02 -9.973174052893546415e-01 -2.406021952357220162e+00 -1.002510036271048732e-01 9.945988235551115331e-01 -2.688536556904201277e-02 8.496867911210328828e+01
9.925596945821067996e-01 1.013355859796998965e-01 -6.750104718905385048e-02 4.044366048768400645e+01 -6.430340274693750746e-02 -3.450033358195539468e-02 -9.973338111746039569e-01 -2.466009289143209937e+00 -1.033942077182223584e-01 9.942538535070024608e-01 -2.772741608711523295e-02 8.485676866788084283e+01
9.924320796188778049e-01 1.029397921880989414e-01 -6.694783226264459930e-02 4.146276531013884892e+01 -6.360960160317938317e-02 -3.538031169778609736e-02 -9.973474709360650170e-01 -2.536834934179575285e+00 -1.050353731369644134e-01 9.940581171300522101e-01 -2.856459598246667911e-02 8.475544248175690143e+01
9.921503036836651912e-01 1.050410380291023626e-01 -6.785419382873555949e-02 4.247783278595557022e+01 -6.461320707792007900e-02 -3.395976866237623848e-02 -9.973323448446265171e-01 -2.612756650848190976e+00 -1.070651321092537384e-01 9.938878270414377436e-01 -2.690615609371236130e-02 8.463964589962461105e+01
9.917395788296765602e-01 1.074326080996623745e-01 -7.007772142857490727e-02 4.349904220780885566e+01 -6.691894309747843661e-02 -3.273520812698363369e-02 -9.972212341034430994e-01 -2.679962228889172682e+00 -1.094280837868330525e-01 9.936732584774000676e-01 -2.527552349479980989e-02 8.453477182396694900e+01
9.912546141340629058e-01 1.102865848827940393e-01 -7.246520927071788132e-02 4.453599680538897587e+01 -6.940283935031342499e-02 -3.136243713007693529e-02 -9.970955671510408624e-01 -2.751404556538029844e+00 -1.122389400245244473e-01 9.934048394395024184e-01 -2.343395832109686563e-02 8.443174451289378624e+01
9.907058030737994070e-01 1.128488201873260183e-01 -7.594210434560419443e-02 4.555882553918826972e+01 -7.307614750795531078e-02 -2.932549947173718544e-02 -9.968950932237262696e-01 -2.828881564086104472e+00 -1.147254769160103299e-01 9.931792753473146496e-01 -2.080638435645491488e-02 8.431506737387823591e+01
9.901790531074724511e-01 1.148696666882392109e-01 -7.968971333122486234e-02 4.659473099930619355e+01 -7.727433298476979462e-02 -2.533605759924160289e-02 -9.966878639593023115e-01 -2.906736714278437717e+00 -1.165082196092720596e-01 9.930573742745799626e-01 -1.621075545208530005e-02 8.420323304168350376e+01
9.896218986076409374e-01 1.177892254315905107e-01 -8.230576137355144484e-02 4.763636069205345791e+01 -8.017282186392604704e-02 -2.274130621010458583e-02 -9.965214891113962636e-01 -2.992919331883726386e+00 -1.192512326788173760e-01 9.927781381514161341e-01 -1.306179895225508501e-02 8.408181096541561317e+01
9.893828770365004077e-01 1.209425311075223025e-01 -8.058822614780651594e-02 4.867374193940924698e+01 -7.865917243542935866e-02 -2.064826127483526327e-02 -9.966876703543632310e-01 -3.079890108882437971e+00 -1.222059330374683506e-01 9.924446930298569391e-01 -1.091579609290902961e-02 8.396875024073781901e+01
9.892804575685617552e-01 1.239492256118258778e-01 -7.720630332784347849e-02 4.972559598266800407e+01 -7.543711201365170538e-02 -1.891097163756279981e-02 -9.969711858784033875e-01 -3.156681056964278032e+00 -1.250338398021819397e-01 9.921082953153291806e-01 -9.357883026233099893e-03 8.385786278588427933e+01
9.892110380983877294e-01 1.259218228574139342e-01 -7.486819433609956387e-02 5.078527497831885995e+01 -7.308969029789925964e-02 -1.869178772868176214e-02 -9.971501629891349472e-01 -3.244594872086164372e+00 -1.269623839529616105e-01 9.918640157680592706e-01 -9.286535566505589243e-03 8.372965233050341283e+01
9.889163959477631494e-01 1.279585682775315758e-01 -7.530605966699996379e-02 5.184141680713079836e+01 -7.352490408741343964e-02 -1.859348243798353978e-02 -9.971200058324208859e-01 -3.325637794132482838e+00 -1.289902489130339835e-01 9.916051567956717383e-01 -8.979257946597171344e-03 8.358996763253693985e+01
9.885644281038985515e-01 1.289338276327409161e-01 -7.820788810071985231e-02 5.290099869622689255e+01 -7.629673555008448238e-02 -1.970356697870748880e-02 -9.968904233296851380e-01 -3.414019452310820046e+00 -1.300738632444091436e-01 9.914573814437817045e-01 -9.641014593556963830e-03 8.344668845283547398e+01
9.882581612552570061e-01 1.298296375497530464e-01 -8.056121684140599148e-02 5.396378073819970922e+01 -7.872848931414046236e-02 -1.919590563995585142e-02 -9.967112344742350416e-01 -3.497733915388919090e+00 -1.309490995213767328e-01 9.913504360957305916e-01 -8.749218635775607086e-03 8.331026473642151586e+01
9.881403744148213875e-01 1.301894177245465634e-01 -8.142082258557668817e-02 5.503380297451628422e+01 -7.972129748983050601e-02 -1.822174661372978621e-02 -9.966506008250219928e-01 -3.587333235345536053e+00 -1.312369854124657287e-01 9.913216357722670624e-01 -7.626774623550557769e-03 8.317901362472049698e+01
9.882667423456491518e-01 1.299468648602509213e-01 -8.026646595024858333e-02 5.610475121318043534e+01 -7.890832663551518300e-02 -1.557514655369804206e-02 -9.967601623997781601e-01 -3.671389905041163360e+00 -1.307760154237912753e-01 9.913985751558773707e-01 -5.138509268047960002e-03 8.304196093188862449e+01
9.882518669868036731e-01 1.304100813235307132e-01 -7.969631083654929449e-02 5.717797740647456806e+01 -7.875172295629218056e-02 -1.239257225701768765e-02 -9.968172002114782382e-01 -3.758760502342277210e+00 -1.309826552324036275e-01 9.913826449881777414e-01 -1.976963459213209543e-03 8.291449861907361196e+01
9.882698727439215292e-01 1.298483396778142840e-01 -8.038721523292637061e-02 5.825999635236664886e+01 -8.001444070778984674e-02 -8.093783660794703905e-03 -9.967608101983682634e-01 -3.850905433161467606e+00 -1.300783643705421821e-01 9.915007852700118418e-01 2.390899578626259469e-03 8.277890090798580047e+01
9.881538525830664277e-01 1.305385408987613516e-01 -8.069510753590690422e-02 5.933806046048188421e+01 -8.092159649474388317e-02 -3.577162469690745115e-03 -9.967140219058810979e-01 -3.941623451003434919e+00 -1.303982542432258196e-01 9.914367360867148982e-01 7.028599902567786092e-03 8.264898432518167226e+01
9.881118283276727476e-01 1.313853237589754086e-01 -7.983072146777900335e-02 6.042990756601075475e+01 -8.052942210278225821e-02 4.770950615654272644e-06 -9.967522037190763573e-01 -4.036894986739195446e+00 -1.309582230294874805e-01 9.913313291750377454e-01 1.058509852353461955e-02 8.252183208594239261e+01
9.884927042638531614e-01 1.314150170791760219e-01 -7.491528645362548200e-02 6.151396603371677685e+01 -7.563859336090103525e-02 5.138940839351063524e-04 -9.971351370982840523e-01 -4.122429085529183190e+00 -1.310000210703062828e-01 9.913272574666570636e-01 1.044802753393155904e-02 8.238629917252264079e+01
9.890255538485461795e-01 1.316836740723289767e-01 -6.699186601270035180e-02 6.262382345473290712e+01 -6.715163839898795339e-02 -3.232084408157422442e-03 -9.977375124927562178e-01 -4.206060333830562215e+00 -1.316022583778570232e-01 9.912864706527991787e-01 5.646160298942938874e-03 8.222963239581224570e+01
9.893698737379963415e-01 1.317666090885803165e-01 -6.152118667546552927e-02 6.373763249340857584e+01 -6.059993993672011664e-02 -1.099396307539246553e-02 -9.981015571918904206e-01 -4.275708551153123871e+00 -1.321928091630495405e-01 9.912197554360514529e-01 -2.892047134671821892e-03 8.210072247831838865e+01
9.893608015309399706e-01 1.308697214856245628e-01 -6.354813860454999741e-02 6.482874062656370029e+01 -6.176070487660956232e-02 -1.767601295573422229e-02 -9.979344195892823066e-01 -4.360083509769906662e+00 -1.317226728827884663e-01 9.912419378266063008e-01 -9.405347397083752697e-03 8.193446010779329924e+01
9.890663013122659164e-01 1.303468525787278842e-01 -6.897526909625616154e-02 6.592672450976608900e+01 -6.666948019593874064e-02 -2.197654376191538958e-02 -9.975330317885932052e-01 -4.434590149482652066e+00 -1.315411175496941365e-01 9.912248214787632294e-01 -1.304610197746076082e-02 8.178008526298226855e+01
9.888262841751145338e-01 1.290647562237158819e-01 -7.459831129412393402e-02 6.703965980079290432e+01 -7.187747178574635520e-02 -2.561874401156451209e-02 -9.970843765214082444e-01 -4.503174609457176736e+00 -1.305995632633572545e-01 9.913051393501044473e-01 -1.605563800461144719e-02 8.164023710468327977e+01
9.887134317419340457e-01 1.280965058830871861e-01 -7.769857366935423171e-02 6.815729205874718843e+01 -7.500955833291798880e-02 -2.569159191040352661e-02 -9.968517705111081817e-01 -4.617428288709293227e+00 -1.296894256044884841e-01 9.914288313929532359e-01 -1.579315881575368494e-02 8.148161114489620616e+01
9.887746240248387330e-01 1.281378663332243817e-01 -7.684711751729852991e-02 6.929166100152626484e+01 -7.433870588010915714e-02 -2.425194576458588117e-02 -9.969380796387306010e-01 -4.681032292267354400e+00 -1.296092024194232806e-01 9.914597552602190111e-01 -1.445410433819386935e-02 8.134732087681226176e+01
9.891926936244134216e-01 1.274375783537535223e-01 -7.250879421194190988e-02 7.041520113691389327e+01 -7.010149857364765535e-02 -2.328057860283223868e-02 -9.972681371914745574e-01 -4.763982495535430850e+00 -1.287774766396896642e-01 9.915732918816460018e-01 -1.409541283083546107e-02 8.121074268218106340e+01
