-1.857739385241000086e-03 -9.999659513509999709e-01 -8.039975204515999174e-03 -4.784029760482999896e-03 -6.481465826010999673e-03 8.051860151134000373e-03 -9.999466081773999981e-01 -7.337429464231000342e-02 9.999773098287000339e-01 -1.805528627661000035e-03 -6.496203536139000256e-03 -3.339968064432999872e-01
-3.582762111455568051e-03 -9.999749469884218200e-01 -6.104216459020498677e-03 -2.616061748777244022e-03 -7.250642043278415425e-03 6.130071548307165254e-03 -9.999549595944245972e-01 -8.905021781036667750e-02 9.999673395712139756e-01 -3.538340503474006471e-03 -7.272423157025068377e-03 2.231272343557345605e-01
-4.330300922639286620e-03 -9.999733547247410259e-01 -5.877258169739969264e-03 -3.116545387150532198e-03 -8.644732220629071026e-03 5.914527059006129996e-03 -9.999451741282538997e-01 -1.039262260713396391e-01 9.999532947722969967e-01 -4.279255460962189464e-03 -8.670113780408999701e-03 7.857743682559529264e-01
-6.445142655160805874e-03 -9.999643492705492243e-01 -5.454377291022854957e-03 -1.319359235002160943e-02 -1.027021466341894798e-02 5.520395579504169467e-03 -9.999320500421858826e-01 -1.137472028470518648e-01 9.999265298313020356e-01 -6.388686414486244129e-03 -1.030542845260424938e-02 1.337864265018600118e+00
-8.777855627591096485e-03 -9.999548873015429162e-01 -3.629906519416499413e-03 -1.580152569666419538e-02 -1.204097108035481409e-02 3.735479856737505041e-03 -9.999205542095735977e-01 -1.277589485084674736e-01 9.998890183095293649e-01 -8.733449998755056856e-03 -1.207321750715858663e-02 1.892596535287462522e+00
-1.002968539220202258e-02 -9.999494189901059205e-01 -7.463618319710714271e-04 -1.955415949321836350e-02 -1.369617401798470246e-02 8.837038191297259685e-04 -9.999058409146297510e-01 -1.446808516685837986e-01 9.998559438431621205e-01 -1.001851809025681127e-02 -1.370434481340952748e-02 2.456404923588383138e+00
-1.155601536612299758e-02 -9.999331658801953182e-01 3.316131028419056436e-04 -2.898128315899431429e-02 -1.456705258446269052e-02 -1.632526107700307035e-04 -9.998939114209958179e-01 -1.549300097592954950e-01 9.998271530960484155e-01 -1.155961950052600100e-02 -1.456419277668247192e-02 3.018716185246273387e+00
-1.272632796635611400e-02 -9.999187940161780030e-01 6.631526608774969021e-04 -3.518007268124162534e-02 -1.390986563536203077e-02 -4.861072286075624588e-04 -9.999031656511322419e-01 -1.712554796465445284e-01 9.998222983851208223e-01 -1.273431942144252933e-02 -1.390254997758804019e-02 3.600707909042488275e+00
-1.431504249107651457e-02 -9.998971436547315905e-01 8.763641554791562699e-04 -4.540358214365290690e-02 -1.420977541675789470e-02 -6.729319956551089088e-04 -9.998988359070057896e-01 -1.898662323486707271e-01 9.997966025287712277e-01 -1.432604734414714455e-02 -1.419868106645512384e-02 4.181457415692868551e+00
-1.500533742999610350e-02 -9.998873319341826660e-01 3.897620117621678859e-04 -5.758700959015212312e-02 -1.693839462675893193e-02 -1.355559542038060157e-04 -9.998565592465727958e-01 -2.078900275784066887e-01 9.997439734915283260e-01 -1.500978570162658787e-02 -1.693445332743180598e-02 4.774009754434063169e+00
-1.680012312948278574e-02 -9.998583606997721862e-01 -1.000678889183453067e-03 -7.850369376074407823e-02 -2.064673148744214023e-02 1.347522305906966077e-03 -9.997859525829768668e-01 -2.229793401954455745e-01 9.996457115538898153e-01 -1.677586557536729639e-02 -2.066644574950345439e-02 5.370937788453435502e+00
-1.816734605494955967e-02 -9.998307595290042427e-01 -2.896509023457970178e-03 -9.173089555343803825e-02 -2.451794447199267743e-02 3.341612847082020728e-03 -9.996938376960672334e-01 -2.397357592093596335e-01 9.995343379415876361e-01 -1.809076661209551087e-02 -2.457450365704138412e-02 5.981890021572757732e+00
-1.887026077320824030e-02 -9.998102275658886651e-01 -4.838597584905002073e-03 -1.136906080289584592e-01 -2.447664583890753545e-02 5.299965790682539639e-03 -9.996863791403489685e-01 -2.574682766874940576e-01 9.995223295119900486e-01 -1.874590939025585351e-02 -2.457201215086254539e-02 6.602907434614782467e+00
-2.035416434048649761e-02 -9.997693255267096069e-01 -6.855260066256475306e-03 -1.266633983953642795e-01 -1.813719612288861721e-02 7.224786907142606227e-03 -9.998094355566258251e-01 -2.685158346660632689e-01 9.996283441456753627e-01 -2.022594944520348867e-02 -1.828006689506940161e-02 7.241846579438055542e+00
-2.102162348428465721e-02 -9.997493266292986069e-01 -7.704790061189963242e-03 -1.464348625973550810e-01 -7.445550039547505460e-03 7.862826268154101197e-03 -9.999413940011394608e-01 -2.879899698171306532e-01 9.997513345168395071e-01 -2.096302564629122164e-02 -7.608973193056841992e-03 7.915681172135211163e+00
-2.205756239432766705e-02 -9.997199658958449975e-01 -8.569945833633903914e-03 -1.684385479522595430e-01 -3.365069901638505765e-04 8.579454365684937439e-03 -9.999631740095568100e-01 -3.046075281576177685e-01 9.997566871522378662e-01 -2.205386614089475950e-02 -5.256546989247997282e-04 8.582064163073003016e+00
-2.330423244761544235e-02 -9.996737014828379619e-01 -1.045962182037905516e-02 -1.892729938374141385e-01 -8.643657323898181399e-04 1.048260663596404726e-02 -9.999447146208827464e-01 -3.242055543737885626e-01 9.997280892157054399e-01 -2.329390221471683634e-02 -1.108372848134478710e-03 9.258545038290696638e+00
-2.357286288647167730e-02 -9.996346703123886179e-01 -1.322301274928850898e-02 -2.147665948796956548e-01 -8.376835627808377344e-03 1.342372708641995788e-02 -9.998748401330669333e-01 -3.262014358868707276e-01 9.996870674220404984e-01 -2.345914469701005853e-02 -8.690211162667391478e-03 9.952287638775121792e+00
-2.510631093822500784e-02 -9.995979762064521879e-01 -1.317419027526929923e-02 -2.388641173461630296e-01 -1.454397192478353550e-02 1.354217801060926193e-02 -9.998025508938154227e-01 -3.308460072900329396e-01 9.995790241350042127e-01 -2.490974782496614692e-02 -1.487811922752468874e-02 1.065240071047810133e+01
-2.597273911769314159e-02 -9.995982431732494122e-01 -1.134760989250824595e-02 -2.571717236598302647e-01 -1.377682326141523722e-02 1.170828037742697482e-02 -9.998365730993231670e-01 -3.392980035157397989e-01 9.995677565289308175e-01 -2.581215921390651521e-02 -1.407538455333333903e-02 1.138607962496499582e+01
-2.699792442846405544e-02 -9.995880319445907825e-01 -9.740737740628009622e-03 -2.768283798544166063e-01 -4.239061059314540823e-03 9.858683654401607585e-03 -9.999424490122598153e-01 -3.514903458656644109e-01 9.996265420178104266e-01 -2.695507936681748248e-02 -4.503478774693287813e-03 1.214445335266950110e+01
-2.685916191888505430e-02 -9.995982023237843794e-01 -9.055846968139592140e-03 -3.005235733950867294e-01 3.431108940099278793e-03 8.966875173175445357e-03 -9.999539373036099299e-01 -3.611307109389138015e-01 9.996333839002817800e-01 -2.688899598184350467e-02 3.188887574769353264e-03 1.292389459810698860e+01
-2.781736610729775364e-02 -9.995772008724627122e-01 -8.462349087305084255e-03 -3.290504151138080591e-01 6.157125877193474379e-03 8.294128798822615264e-03 -9.999466751835680567e-01 -3.702328854155887972e-01 9.995941014975768812e-01 -2.786798664158375224e-02 5.923802184452183275e-03 1.370904448585996249e+01
-2.802859608182025133e-02 -9.995878994368457837e-01 -6.199091162161703659e-03 -3.470792031417037071e-01 5.203600327580459352e-03 6.055538830322054235e-03 -9.999681577673974475e-01 -3.729051269150964187e-01 9.995936188335546868e-01 -2.805996023177967369e-02 5.031727174100287733e-03 1.450803886689354272e+01
-2.711017473244791906e-02 -9.996146636812419661e-01 -5.963735320809740274e-03 -3.734173005641956422e-01 2.965648182862273916e-03 5.885473898054836665e-03 -9.999783149627488044e-01 -3.765484097565088839e-01 9.996280905957121155e-01 -2.712727298457851335e-02 2.804949064401937933e-03 1.533298010846550952e+01
-2.707186374063689019e-02 -9.996000100046537051e-01 -8.181669272866154072e-03 -4.051613187212256828e-01 -7.974655515439850939e-04 8.206262003190842313e-03 -9.999660390412242750e-01 -3.700842764308455712e-01 9.996332113922983265e-01 -2.706441922261086999e-02 -1.019305393054711472e-03 1.616092888660331184e+01
-2.558900921104818524e-02 -9.996558387104271803e-01 -5.780063656662356650e-03 -4.267373651432972981e-01 -6.234464874294199863e-03 5.941427304159004399e-03 -9.999629452752812897e-01 -3.799801847712210856e-01 9.996531468788635300e-01 -2.555202494707605951e-02 -6.384354572606336549e-03 1.702329730089669013e+01
-2.574230242442196795e-02 -9.996644645676925345e-01 -2.877432630070750862e-03 -4.460462296046029396e-01 -1.236548083889823027e-02 3.196585637835197037e-03 -9.999184677622344752e-01 -3.964693004505939200e-01 9.995921727432707238e-01 -2.570462204299614473e-02 -1.244361951851712632e-02 1.788368714832185802e+01
-2.381564565638459932e-02 -9.997081566072691938e-01 -4.052471761747248810e-03 -4.713414624675250075e-01 -1.773287361250798153e-02 4.475419300210105485e-03 -9.998327770455532892e-01 -4.134267799877200389e-01 9.995591226443097943e-01 -2.373980075430613679e-02 -1.783428418315392144e-02 1.877680058410182085e+01
-2.425928317729782874e-02 -9.996895301424689739e-01 -5.685554861644979106e-03 -5.002116718397791040e-01 -1.932866461770751595e-02 6.155194878297325610e-03 -9.997942662121820367e-01 -4.251345183245771597e-01 9.995188745009259135e-01 -2.414439795680947687e-02 -1.947198371001496175e-02 1.966878137873499810e+01
-2.420762075330279428e-02 -9.996947882373194982e-01 -4.932105152541111683e-03 -5.268248645045874312e-01 -1.843029331705298146e-02 5.378990681277668988e-03 -9.998157127660067811e-01 -4.488232698693736533e-01 9.995370936536615014e-01 -2.411225893386076749e-02 -1.855488011918194832e-02 2.058832233936236733e+01
-2.422624389738865444e-02 -9.996894081629948969e-01 -5.845568970938110932e-03 -5.535380775058846847e-01 -1.945931496236559533e-02 6.317733185017079638e-03 -9.997907167981460175e-01 -4.738771555696097981e-01 9.995171390340530371e-01 -2.410742240180864526e-02 -1.960632602810156305e-02 2.154429309564873662e+01
-2.423873488264433398e-02 -9.996657848209680175e-01 -8.988737061925516914e-03 -5.934171736849231937e-01 -2.188680011595493802e-02 9.519865966009925448e-03 -9.997151558641368396e-01 -5.009887332940955451e-01 9.994666210174589782e-01 -2.403509535572461928e-02 -2.211023548363456534e-02 2.246804432263672524e+01
-2.361383502974542803e-02 -9.996314077236045925e-01 -1.339544670273931995e-02 -6.235315587599599141e-01 -2.255162701305367737e-02 1.392840410766686167e-02 -9.996486824882772071e-01 -5.260456706097830226e-01 9.994668028695964379e-01 -2.330345004395979400e-02 -2.287221750447956947e-02 2.344005010578801418e+01
-2.405990956018460789e-02 -9.996041795868964019e-01 -1.458110328017788587e-02 -6.584234811444126256e-01 -2.256330537078231682e-02 1.512458033965772240e-02 -9.996310297247182897e-01 -5.550758869129335249e-01 9.994558982385319812e-01 -2.372203401777266477e-02 -2.291827077739334168e-02 2.439548588353852310e+01
-2.384161331127494440e-02 -9.996007890072905466e-01 -1.516058767176147772e-02 -6.854998199842530227e-01 -2.245592243417698919e-02 1.569654792324189085e-02 -9.996246310083697351e-01 -5.871781548372185799e-01 9.994635499489396002e-01 -2.349221829768476447e-02 -2.282118862421723959e-02 2.538932414366434287e+01
-2.435041051883123434e-02 -9.995834563811183404e-01 -1.549088915595615845e-02 -7.189683411656084822e-01 -2.248126666259541925e-02 1.603908960340446818e-02 -9.996186269630099597e-01 -6.215478032420248544e-01 9.994507101766009205e-01 -2.399286832638480166e-02 -2.286246026282214364e-02 2.636124533376558432e+01
-2.489941412273080981e-02 -9.995586975856297629e-01 -1.619932781536938954e-02 -7.421725401862919735e-01 -2.135054245356103955e-02 1.673236648105909732e-02 -9.996320582986393255e-01 -6.512353842281530802e-01 9.994619792779575462e-01 -2.454438743945911577e-02 -2.175774625604631057e-02 2.735583945523683624e+01
-2.489887425739024940e-02 -9.995467235291378705e-01 -1.692330246943764618e-02 -7.706108379655151053e-01 -1.950625521943493562e-02 1.741109234542793927e-02 -9.996581563201204501e-01 -6.845599099995334225e-01 9.994996948237777623e-01 -2.456025141775820472e-02 -1.993093076684792145e-02 2.838679210830635924e+01
-2.537436087589272846e-02 -9.995348476025711637e-01 -1.691838990835019957e-02 -8.049588381505398127e-01 -1.827536196344214242e-02 1.738481907486272293e-02 -9.996818715527860943e-01 -7.113558699225136506e-01 9.995109997435146498e-01 -2.505709795834852940e-02 -1.870799050256037599e-02 2.937532413141028798e+01
-2.533260436972088747e-02 -9.995364667919236501e-01 -1.688506247492041826e-02 -8.340533312862813409e-01 -1.909712865627819639e-02 1.737126672832691940e-02 -9.996667395635657760e-01 -7.453245865939976955e-01 9.994966907378937115e-01 -2.500170554410842752e-02 -1.952833619147387526e-02 3.041482058468960048e+01
-2.606636234916858211e-02 -9.994818880860721899e-01 -1.888102161746813348e-02 -8.688921596936219904e-01 -1.999278281010088976e-02 1.940488450115680427e-02 -9.996118234436851546e-01 -7.759575943159733313e-01 9.994603116274755061e-01 -2.567875974486974813e-02 -2.048823908281134643e-02 3.141608911629229794e+01
-2.631747174671402248e-02 -9.994756830637903100e-01 -1.886136710832148414e-02 -8.986855037529826173e-01 -1.923218644179492190e-02 1.937063781499136564e-02 -9.996274157063738119e-01 -8.060422592976446143e-01 9.994686551009560604e-01 -2.594492024699890029e-02 -1.973188840776990416e-02 3.245203036468092250e+01
-2.662775685667165271e-02 -9.994905596314899165e-01 -1.759472257698542833e-02 -9.305810172723569806e-01 -1.649842865703524813e-02 1.803796978817954685e-02 -9.997012030536303051e-01 -8.368036209078917320e-01 9.995092983545658116e-01 -2.632951428317352807e-02 -1.697033468028474532e-02 3.351805100673827553e+01
-2.732083510486882708e-02 -9.994643111215220088e-01 -1.801826403702707496e-02 -9.615895938979055479e-01 -1.305169961027930793e-02 1.838011385769625430e-02 -9.997459097137499917e-01 -8.637209909763715610e-01 9.995415513861599655e-01 -2.707872398552817542e-02 -1.354686821874973544e-02 3.455315250713327657e+01
-2.730131936407381027e-02 -9.994767951870807687e-01 -1.734282780412334246e-02 -9.970722397065343579e-01 -1.062145460651457186e-02 1.763835936689738676e-02 -9.997880443865113653e-01 -8.927778486998197982e-01 9.995708598578261217e-01 -2.711132557616651242e-02 -1.109744805360980344e-02 3.561994555050785749e+01
-2.851958340757349344e-02 -9.994370654604304294e-01 -1.766848127838204635e-02 -1.028408695407051932e+00 -9.976385094387862917e-03 1.795938415962393050e-02 -9.997889780078862421e-01 -9.165811163413025708e-01 9.995434870141417516e-01 -2.833729697411847825e-02 -1.048296339148948632e-02 3.667931817841298425e+01
-2.838601633919640016e-02 -9.994373003979973857e-01 -1.786958124166673073e-02 -1.064877627483306499e+00 -1.116795552773598016e-02 1.819275986800074005e-02 -9.997721564762740432e-01 -9.417507022876321354e-01 9.995346918239185197e-01 -2.817998121174228668e-02 -1.167809136866480163e-02 3.776478300991748682e+01
-2.942557942922172445e-02 -9.993938082452599181e-01 -1.860507832618298399e-02 -1.104082873701209389e+00 -1.180223631753192330e-02 1.895921850471125880e-02 -9.997506278117999079e-01 -9.657534673910966871e-01 9.994973386677964422e-01 -2.919865983574870122e-02 -1.235296806028303267e-02 3.882604776971625427e+01
-3.049289385799505356e-02 -9.993678634699005858e-01 -1.827735589976653419e-02 -1.140063229092655117e+00 -1.086751088751802125e-02 1.861625882708150756e-02 -9.997676704019717864e-01 -9.908108759574864033e-01 9.994759437800024848e-01 -3.028718030508537398e-02 -1.142830494318926478e-02 3.990854016825727513e+01
-3.041754306392133872e-02 -9.993764950257600921e-01 -1.792723420252271757e-02 -1.175623946501088701e+00 -8.516435917246505463e-03 1.819400943183590788e-02 -9.997982324812952903e-01 -1.017696046910509189e+00 9.995010327446810505e-01 -3.025872948729440431e-02 -9.064543170583069798e-03 4.099726864179839936e+01
-3.163643507159470680e-02 -9.993425917871725517e-01 -1.770623780653641025e-02 -1.214995882827107465e+00 -6.163889775481582248e-03 1.790983866116519982e-02 -9.998206392692604583e-01 -1.041226667389914651e+00 9.994804758404695066e-01 -3.152162110420891894e-02 -6.726441205094303190e-03 4.207719057696096598e+01
-3.158374860748519586e-02 -9.993305609824655322e-01 -1.846327113454871924e-02 -1.252278539859310813e+00 -5.886973920731960498e-03 1.865816057001883424e-02 -9.998086228708455980e-01 -1.067335173810658455e+00 9.994838086145970690e-01 -3.146901133351225760e-02 -6.472327762872558468e-03 4.315868272073471701e+01
-3.288742327032114637e-02 -9.992530178823056941e-01 -2.029333408686228440e-02 -1.289935388922904158e+00 -1.007128809833819291e-02 2.063461604931882479e-02 -9.997363861949684072e-01 -1.093381316212522103e+00 9.994083545216980724e-01 -3.267437339792946677e-02 -1.074238451716830710e-02 4.422271817606255695e+01
-3.225760223848347930e-02 -9.992179661871026797e-01 -2.286692412812964259e-02 -1.339119709538245218e+00 -1.373654862605026318e-02 2.331989204330487536e-02 -9.996337114657961598e-01 -1.122413933469940561e+00 9.993852277782904192e-01 -3.193167384537397985e-02 -1.447805025667702958e-02 4.530050717280858663e+01
-3.274925786395603555e-02 -9.991493003287128527e-01 -2.506291191369562632e-02 -1.380724631932527258e+00 -1.404835036031371574e-02 2.553406088488796577e-02 -9.995752694425422691e-01 -1.148701778332758883e+00 9.993649030156503965e-01 -3.238325450612181133e-02 -1.487262132279374566e-02 4.635157843185506721e+01
-3.213064372780175676e-02 -9.992291927879525248e-01 -2.255311363190845228e-02 -1.422942252540088548e+00 -1.167729185912218769e-02 2.293852148336011920e-02 -9.996687112379601947e-01 -1.174390013671653854e+00 9.994155013250589636e-01 -3.185663983299480417e-02 -1.240532053061669734e-02 4.744601942658636773e+01
-3.191714698324880917e-02 -9.992206331329784863e-01 -2.322527660165408375e-02 -1.460457465474483074e+00 -9.684551008350418891e-03 2.354520178997129148e-02 -9.996758992822479817e-01 -1.200683907096971259e+00 9.994436344678921946e-01 -3.168187577437726887e-02 -1.042849910871099413e-02 4.853889619599114269e+01
-3.207943762924467257e-02 -9.992628702874736257e-01 -2.108583528629504045e-02 -1.501147235888004694e+00 -8.501852223573637748e-03 2.136874400522623119e-02 -9.997355469936486383e-01 -1.224717750925559345e+00 9.994491987223607099e-01 -3.189168565357389240e-02 -9.181082785696646764e-03 4.960061700688101638e+01
-3.154740549909301750e-02 -9.992642607238800823e-01 -2.181054020001674601e-02 -1.538543599303220155e+00 -8.800176348390151629e-03 2.209824983128541587e-02 -9.997171071251268470e-01 -1.250753160589679114e+00 9.994635538483545023e-01 -3.134654455642693627e-02 -9.490844334192961515e-03 5.069467669936697973e+01
-3.097806713042444010e-02 -9.992920010689839705e-01 -2.135083190937058645e-02 -1.576237947169604858e+00 -1.041494311546461993e-02 2.168264017704741448e-02 -9.997106841817385847e-01 -1.282402320540678042e+00 9.994658455273289777e-01 -3.074673719219576246e-02 -1.107925575587686250e-02 5.176102882201962530e+01
-3.095477649228859165e-02 -9.992674402786516641e-01 -2.250305984620904962e-02 -1.618732770798863685e+00 -1.326071066187348851e-02 2.292244241693142462e-02 -9.996493295095790765e-01 -1.304523459696772747e+00 9.994328532998203451e-01 -3.064551452429197659e-02 -1.396055573592451006e-02 5.284251812686887462e+01
-3.017733971524190484e-02 -9.993357443070425283e-01 -2.043004770148481794e-02 -1.654560708740058672e+00 -1.545008446049786315e-02 2.090327155347046495e-02 -9.996621497072532003e-01 -1.333489721051533294e+00 9.994251870488447542e-01 -2.985149752109526183e-02 -1.607062716317255932e-02 5.391493824411191582e+01
-3.049118900181561551e-02 -9.993476268186899381e-01 -1.935468443802297947e-02 -1.694352962764540171e+00 -1.878919833390394964e-02 1.993333007754942085e-02 -9.996247745060089507e-01 -1.370468644383948220e+00 9.993584601281105817e-01 -3.011608826288470972e-02 -1.938473183849656264e-02 5.499404021505178264e+01
-2.939981572718912417e-02 -9.993877186660691248e-01 -1.896909168955133659e-02 -1.719102796001237943e+00 -2.035956355047524244e-02 1.957207702626513612e-02 -9.996011636580648396e-01 -1.407522845385038135e+00 9.993604093908118324e-01 -2.900188682083481781e-02 -2.092251349178801678e-02 5.606875854314843366e+01
-2.995477135675416944e-02 -9.994000261680625607e-01 -1.738685389117600871e-02 -1.755946914627708466e+00 -1.813188426394013453e-02 1.793509534657738991e-02 -9.996747578744363816e-01 -1.443034283863502187e+00 9.993868276563069308e-01 -2.962977202276576710e-02 -1.865824754643949021e-02 5.714807150721026829e+01
-2.912942644807338388e-02 -9.994561306352763852e-01 -1.545686359859227595e-02 -1.788774970922193841e+00 -1.244588052610723881e-02 1.582487842860116206e-02 -9.997973477159013411e-01 -1.473063749762601127e+00 9.994982071046726313e-01 -2.893114864003609385e-02 -1.290008137192437572e-02 5.823027252904608986e+01
-2.914787106692022858e-02 -9.994884905431195010e-01 -1.315849184748153419e-02 -1.820847757852419813e+00 -6.789012477728287136e-03 1.336173332021318473e-02 -9.998877126473344479e-01 -1.495734142163943625e+00 9.995520988616303226e-01 -2.905526437255057104e-02 -7.175006069814044568e-03 5.932073183960491036e+01
-2.909334527623785166e-02 -9.995089389840319249e-01 -1.163887156960965140e-02 -1.853157504024242286e+00 -5.399508326554011174e-03 1.180077581059563695e-02 -9.999158227729565418e-01 -1.525936362529955348e+00 9.995621564085300781e-01 -2.902805203299832146e-02 -5.740180995032461049e-03 6.040332971366004244e+01
-2.849185208328464808e-02 -9.995448641871627071e-01 -9.913531299122486928e-03 -1.883351362349909852e+00 -8.292850931113003587e-03 1.015357877385636431e-02 -9.999140969140333235e-01 -1.553020166558241266e+00 9.995596606685743790e-01 -2.840719288585055388e-02 -8.578371005927063961e-03 6.149052083498218479e+01
-2.870622547787270509e-02 -9.995623498367411930e-01 -7.144900243039806198e-03 -1.917970963316350641e+00 -1.189024723036873586e-02 7.488795701548084729e-03 -9.999012986136824876e-01 -1.573071749190022794e+00 9.995172150523231602e-01 -2.861843687937900074e-02 -1.210001885256403384e-02 6.257085215732759309e+01
-2.862594542957617658e-02 -9.995393113832282683e-01 -1.008549048106779922e-02 -1.954500907877215532e+00 -1.573675197025802344e-02 1.053901550449122190e-02 -9.998206543358979514e-01 -1.600290589011299502e+00 9.994663520457182093e-01 -2.846209762555396497e-02 -1.603119172400337480e-02 6.365509856557393675e+01
-2.853714864312479824e-02 -9.995407597723749982e-01 -1.019306344414317583e-02 -1.987254004388848916e+00 -1.980316566142067622e-02 1.076054136057064646e-02 -9.997460162064208955e-01 -1.636705197218264241e+00 9.993965890983371736e-01 -2.832804545159613510e-02 -2.010114707868631764e-02 6.473499028900100427e+01
-2.794733710960365172e-02 -9.995167613400365303e-01 -1.360795404017780576e-02 -2.030954957394434324e+00 -2.076963423764615832e-02 1.419096114219071079e-02 -9.996836034152273287e-01 -1.671104589659186068e+00 9.993936406141326056e-01 -2.765586241509174897e-02 -2.115619755096903587e-02 6.582125688088540016e+01
-2.684036877160255602e-02 -9.994938618437845257e-01 -1.707682792442711400e-02 -2.075952727047064350e+00 -1.732247581292171643e-02 1.754545836595013120e-02 -9.996960267794250399e-01 -1.696536252049413607e+00 9.994896718970790461e-01 -2.653639732453119682e-02 -1.778463455991526054e-02 6.692108149638525560e+01
-2.679605978601099642e-02 -9.994783562137836697e-01 -1.802739708742852678e-02 -2.112569064632022098e+00 -1.519338326188284655e-02 1.843899270200932347e-02 -9.997145702739458351e-01 -1.733073944308998415e+00 9.995254946672189611e-01 -2.651451360884186231e-02 -1.567955022323935105e-02 6.800873742195328475e+01
-2.673260781666130306e-02 -9.994679262686736454e-01 -1.868769456197190426e-02 -2.142482834191275387e+00 -1.437011273748161136e-02 1.907666466557709356e-02 -9.997147846884328892e-01 -1.767020130763507835e+00 9.995393688598193105e-01 -2.645643886148379281e-02 -1.487243599433245994e-02 6.909950966685775597e+01
-2.681265366677088730e-02 -9.994980369512517226e-01 -1.687447804928746825e-02 -2.170710926770068827e+00 -1.350088681035986268e-02 1.724108034675857562e-02 -9.997602361579317476e-01 -1.798353146035603478e+00 9.995493442405560813e-01 -2.657840385294680738e-02 -1.395638924487679206e-02 7.018514286346740505e+01
-2.680681402754358719e-02 -9.995097068157831055e-01 -1.617851184766578437e-02 -2.203818934582491007e+00 -1.197953358829018621e-02 1.650437194716129416e-02 -9.997920595058809035e-01 -1.829499867005376368e+00 9.995688861324830699e-01 -2.660742914351073643e-02 -1.241609000946022889e-02 7.127800336650265933e+01
-2.749946692756180880e-02 -9.995169240205798999e-01 -1.448106613496900549e-02 -2.235406458392402040e+00 -1.000036245606486691e-02 1.476089919429414941e-02 -9.998410770660566271e-01 -1.857867351260551914e+00 9.995718373610466001e-01 -2.735028072510861663e-02 -1.040144852935353213e-02 7.235942444724027212e+01
-2.821222603830596601e-02 -9.995233796137198423e-01 -1.253355846032975195e-02 -2.271260658719361114e+00 -8.268481678295915363e-03 1.277146679230291640e-02 -9.998842884168255285e-01 -1.884528810623874451e+00 9.995677982744499701e-01 -2.810532734850292036e-02 -8.624852387251798896e-03 7.344470474702765728e+01
-2.822592054484633628e-02 -9.995269936974806591e-01 -1.220985973044363786e-02 -2.303806349163059597e+00 -9.311009444220993622e-03 1.247709306506285774e-02 -9.998788340327855462e-01 -1.914002128433824002e+00 9.995582455083668050e-01 -2.810881411507896652e-02 -9.658782830782336459e-03 7.452880094123493393e+01
-2.898711688440442844e-02 -9.995035820892763656e-01 -1.234207038049062698e-02 -2.339601679191018135e+00 -1.305703143845114017e-02 1.272482104490707706e-02 -9.998338088854805683e-01 -1.945287514941790752e+00 9.994945402415958968e-01 -2.882114820259080307e-02 -1.341940584758301476e-02 7.560195210437187541e+01
-2.942513426449890057e-02 -9.994748580843183516e-01 -1.357042745277647726e-02 -2.377760960034667637e+00 -1.496377436067798140e-02 1.401524557181883443e-02 -9.997898400533298258e-01 -1.976866713366579154e+00 9.994550171313532072e-01 -2.921588498737701448e-02 -1.536831701002118813e-02 7.668435518224906389e+01
-3.008026165709796682e-02 -9.994327895743972956e-01 -1.514168453580624213e-02 -2.414505921883319139e+00 -1.346322288934526969e-02 1.555227903442145745e-02 -9.997884435650041812e-01 -2.004405881540202827e+00 9.994568558903511590e-01 -2.987004150148343806e-02 -1.392340324165750910e-02 7.774447056536627088e+01
-3.063543605222499022e-02 -9.994096031697941029e-01 -1.555368994134846868e-02 -2.455171292199293198e+00 -9.367210207723771290e-03 1.584737886049492755e-02 -9.998305733334630352e-01 -2.035814769693114368e+00 9.994867733675530941e-01 -3.048454974079167074e-02 -9.847171383034595410e-03 7.882253999276312584e+01
-3.095159343919134595e-02 -9.993757815487125384e-01 -1.703079046176481787e-02 -2.493721529447491925e+00 -5.417124363422626786e-03 1.720642815138878970e-02 -9.998373186349085451e-01 -2.059633152051626670e+00 9.995062488183464877e-01 -3.085429969752611148e-02 -5.946309372875630862e-03 7.989238835992455279e+01
-3.159195044499364668e-02 -9.993338061288847829e-01 -1.827242936469147469e-02 -2.535445975732247170e+00 -4.411699137256084799e-03 1.842079611956537813e-02 -9.998206227706886162e-01 -2.086470066657335032e+00 9.994911554876285686e-01 -3.150567066640909408e-02 -4.990709109838366124e-03 8.096622235647915033e+01
-3.225705573741389359e-02 -9.992976980981166379e-01 -1.906785166590859934e-02 -2.575795087528936378e+00 -6.278973646139947296e-03 1.928001304937426719e-02 -9.997944359182809881e-01 -2.113392767133853933e+00 9.994599265094250562e-01 -3.213069883471825899e-02 -6.896480493586802478e-03 8.201686182386640667e+01
-3.290526194369822188e-02 -9.992913397201704795e-01 -1.827715225068674704e-02 -2.614205231060275914e+00 -7.328568893662222063e-03 1.852780187203834777e-02 -9.998015198135876691e-01 -2.133501007322731180e+00 9.994316487524281811e-01 -3.276478489203928091e-02 -7.933037768148378660e-03 8.306908909719498979e+01
-3.339217048971803575e-02 -9.992827629975629122e-01 -1.785845613286795447e-02 -2.652890982455769375e+00 -7.427982359161030418e-03 1.811606241612290225e-02 -9.998083322556119423e-01 -2.158750714814074545e+00 9.994147594740859786e-01 -3.325311775360410838e-02 -8.027589647842501772e-03 8.410835623915893677e+01
-3.415424430035207681e-02 -9.992764981395926283e-01 -1.673212005770191926e-02 -2.690568393886298093e+00 -7.088670880772424653e-03 1.698368183649434995e-02 -9.998306736667422756e-01 -2.188265788512986809e+00 9.993914724455078558e-01 -3.402985128774119183e-02 -7.663607226679783682e-03 8.514482654484449142e+01
-3.465738265904883680e-02 -9.992694637473467090e-01 -1.610562961247246835e-02 -2.725894425286911726e+00 -5.374558825396538210e-03 1.630143340697928073e-02 -9.998527073122266406e-01 -2.215929958693797275e+00 9.993848375530079986e-01 -3.456571739150796768e-02 -5.935597703101281111e-03 8.614923048516565984e+01
-3.507103080901181891e-02 -9.992598205329442651e-01 -1.580630202307151469e-02 -2.764970442634617775e+00 -3.180925224020064897e-03 1.592756434332244508e-02 -9.998681161748866897e-01 -2.238634706821363896e+00 9.993797969485838095e-01 -3.501612695261997060e-02 -3.737166872360410570e-03 8.715207856788767060e+01
-3.612213307749898711e-02 -9.992368212698788943e-01 -1.486484563539014481e-02 -2.805415745123104099e+00 -1.733018009740892353e-03 1.493716465050969402e-02 -9.998869593105942366e-01 -2.261645903814925695e+00 9.993459180645020146e-01 -3.609228797263169114e-02 -2.271257743478675810e-03 8.812095934713074996e+01
-3.779285549928424609e-02 -9.991971432402783071e-01 -1.329507608217862617e-02 -2.842901377784853079e+00 -1.561204933641587500e-03 1.336360370133572208e-02 -9.999095113133693591e-01 -2.285280777303873023e+00 9.992844164990097866e-01 -3.776867841520274022e-02 -2.065000295305660129e-03 8.909134061649663749e+01
-4.126941376357165514e-02 -9.990683988755082456e-01 -1.261580945001840141e-02 -2.888456987374229623e+00 -2.163708191979220145e-03 1.271590054094797785e-02 -9.999168357958253539e-01 -2.310143794390177696e+00 9.991457497007998345e-01 -4.123868432279478857e-02 -2.686470320283834007e-03 9.000977775096774280e+01
-4.451115568323704696e-02 -9.989292751324714281e-01 -1.261203074315168579e-02 -2.930692898688912251e+00 -3.255154607314797097e-03 1.276949859809222397e-02 -9.999132019896566081e-01 -2.328434351407652869e+00 9.990036199829261943e-01 -4.446623796770588638e-02 -3.820054460817552330e-03 9.091904044283306519e+01
-5.119953176472440831e-02 -9.986035065283542789e-01 -1.302483001028583755e-02 -3.025637108823245214e+00 -1.682712805300109419e-03 1.312817623581527711e-02 -9.999124364584198732e-01 -2.369280696186054858e+00 9.986870692474937306e-01 -5.117313074028596864e-02 -2.352519455047946337e-03 9.266627810337085691e+01
-5.304319304927337941e-02 -9.984874999972104259e-01 -1.446121549688441851e-02 -3.074970315200876048e+00 -8.186028355247872493e-04 1.452507516278765329e-02 -9.998942046169950748e-01 -2.391457593924244396e+00 9.985919227390996911e-01 -5.302574346400280858e-02 -1.587821101892588445e-03 9.351210297659520165e+01
-5.673699178272277599e-02 -9.982778951539853507e-01 -1.490479391857041196e-02 -3.129841886760479142e+00 9.351795229247805838e-04 1.487569602351374205e-02 -9.998889446284718874e-01 -2.408946076427060046e+00 9.983887630802419366e-01 -5.674462921849134783e-02 8.956673346820040362e-05 9.431845304990807222e+01
-5.910440188337345857e-02 -9.981081578250555753e-01 -1.693442298042441285e-02 -3.182189663494175313e+00 1.902908478492763671e-03 1.685139744319138350e-02 -9.998562209987419402e-01 -2.426690844120511503e+00 9.982500341939138933e-01 -5.912812872483365345e-02 9.033167400999298369e-04 9.511368589751876357e+01
-6.159810051987570784e-02 -9.979218950124486565e-01 -1.890945163352741529e-02 -3.236113679859121017e+00 2.233986665150155745e-03 1.880753424644123276e-02 -9.998206581555408867e-01 -2.442216775464327139e+00 9.980985739765992903e-01 -6.162929601793874085e-02 1.070835766999155177e-03 9.585788203604580815e+01
-6.448062228520232142e-02 -9.977132281401211999e-01 -2.026246667169532070e-02 -3.292147435353418583e+00 1.219041293169201073e-03 2.022595366074272233e-02 -9.997947209952521286e-01 -2.459079552071319341e+00 9.979182565651835146e-01 -6.449208712137294297e-02 -8.792845662978204379e-05 9.659006131687742425e+01
-6.679838515777544727e-02 -9.975301300969574569e-01 -2.171669379287114593e-02 -3.338845320601804278e+00 -2.367083665795316743e-03 2.192368005022465871e-02 -9.997568756765593534e-01 -2.477932138376216731e+00 9.977637239035397343e-01 -6.673074019427847892e-02 -3.825703750034258836e-03 9.729256836876842840e+01
-6.967966927113186659e-02 -9.972630087139804367e-01 -2.472309967900695321e-02 -3.400408511788160837e+00 -6.063129370609212157e-03 2.520625579703107688e-02 -9.996639126180483226e-01 -2.494347754066629008e+00 9.975510305948289691e-01 -6.950635125439057205e-02 -7.802898293949331841e-03 9.795803475649678660e+01
-7.149506909589492532e-02 -9.970945944721775200e-01 -2.628328768609394794e-02 -3.454420696532368495e+00 -8.768626813439725151e-03 2.697800550889666374e-02 -9.995975972924324715e-01 -2.509446735753041224e+00 9.974024490847952507e-01 -7.123583123200272205e-02 -1.067194492585100442e-02 9.858586784879395282e+01
-7.250845380427181630e-02 -9.969683368168238413e-01 -2.822511848985892816e-02 -3.502838159256138617e+00 -9.482759396556747836e-03 2.898744819251700133e-02 -9.995348296656388909e-01 -2.528931254454677813e+00 9.973227560405016900e-01 -7.220707266093655263e-02 -1.155584614098250501e-02 9.919290743642784491e+01
-7.165791936170150256e-02 -9.969632305060078803e-01 -3.048688118619045581e-02 -3.555827135915748283e+00 -9.137957421787284290e-03 3.122036296618069598e-02 -9.994707858757467811e-01 -2.544874611546605880e+00 9.973874524064837432e-01 -7.134140890270940227e-02 -1.134739396062990797e-02 9.977129683090879553e+01
-6.851452517490540239e-02 -9.970748352599255737e-01 -3.387525169171127365e-02 -3.599039882995712425e+00 -7.566310107849567521e-03 3.447338880983369380e-02 -9.993770013535695496e-01 -2.563347168357531736e+00 9.976214639177656274e-01 -6.821553068123177577e-02 -9.906105386745911456e-03 1.003320395923179404e+02
-6.334080372548116233e-02 -9.973237162375605536e-01 -3.651508221844541879e-02 -3.635853522668619053e+00 -6.056331244171331459e-03 3.697200767039736380e-02 -9.992979841199903790e-01 -2.578673773009481973e+00 9.979736202347523344e-01 -6.307519027473688922e-02 -8.381959648169986024e-03 1.008660540233473029e+02
-5.563024805161426167e-02 -9.977418256799878149e-01 -3.763673486107412675e-02 -3.672773247981925060e+00 -4.287009120081126078e-03 3.793344822726978094e-02 -9.992711005483730924e-01 -2.594891473704806995e+00 9.984422729037789601e-01 -5.542835034329188920e-02 -6.387575536667699366e-03 1.013849521374763327e+02
-4.644151822726474282e-02 -9.982268354710497338e-01 -3.723405181556106724e-02 -3.690613715137934125e+00 -1.627245514865766811e-03 3.734982171497047698e-02 -9.993009543198904110e-01 -2.606116356417916169e+00 9.989197232000806004e-01 -4.634846436230576072e-02 -3.358942578202544181e-03 1.018774274549857637e+02
-3.425638591979578151e-02 -9.987430153820313627e-01 -3.659088584193210397e-02 -3.706186178727544522e+00 -3.795614130001047034e-04 3.662537293210534756e-02 -9.993290241419463538e-01 -2.619508609719640280e+00 9.994130480458994770e-01 -3.421951259185895822e-02 -1.633737292976215026e-03 1.023537425701323400e+02
-2.110203308054523288e-02 -9.991173999365914327e-01 -3.631981343603742085e-02 -3.714402706605901106e+00 -4.081700810064653874e-04 3.633650988040214302e-02 -9.993395568729859235e-01 -2.632085878230635334e+00 9.997772882632038893e-01 -2.107327100417295471e-02 -1.174584023481389794e-03 1.028029060147116525e+02
-5.658033023707670188e-03 -9.993442700878659712e-01 -3.576331508916027330e-02 -3.713553693654777721e+00 -1.173420930750063065e-03 3.577049797395139008e-02 -9.993593699476780445e-01 -2.642981339099421678e+00 9.999833439236788246e-01 -5.612442198703136882e-03 -1.375042177389619634e-03 1.032300867007064653e+02
1.168229948795364119e-02 -9.993458003897977004e-01 -3.422709373233980695e-02 -3.698939495934409738e+00 -4.144462527012616505e-03 3.418074463141376751e-02 -9.994071045726833358e-01 -2.656134778042127387e+00 9.999232096561845307e-01 1.181722711685521607e-02 -3.742441577870988471e-03 1.036477981081853414e+02
3.260400513683937157e-02 -9.988885480557420093e-01 -3.403887295950340508e-02 -3.681790320748769663e+00 -8.462037141103580587e-03 3.377987607637266548e-02 -9.993935034354807234e-01 -2.666135869600428254e+00 9.994325613333817637e-01 3.287226979951192452e-02 -7.351272854039007758e-03 1.040568644599645722e+02
5.729591946501973870e-02 -9.978241855649675474e-01 -3.262001549644796133e-02 -3.647120872959450644e+00 -1.343728893840954140e-02 3.189997374089400400e-02 -9.994007686935602042e-01 -2.679799112466970001e+00 9.982668489890418329e-01 5.769991193336167223e-02 -1.158031375647398074e-02 1.044657296191421381e+02
8.430181157883254173e-02 -9.959815807792414821e-01 -3.023067235149690807e-02 -3.602317188777672374e+00 -1.631230909187780798e-02 2.895517049738452822e-02 -9.994476343356898385e-01 -2.691787250760460992e+00 9.963067799012900183e-01 8.474838028978044779e-02 -1.380578621556892253e-02 1.048532139753536541e+02
1.143696136442959865e-01 -9.930591711224945328e-01 -2.744224537602837563e-02 -3.541461407217710633e+00 -1.784526120953909556e-02 2.556539448203968418e-02 -9.995138944123793667e-01 -2.699868008577175793e+00 9.932780132743340706e-01 1.148037410355004367e-01 -1.479749579164067914e-02 1.052485136556804264e+02
1.464197150244101464e-01 -9.889125887842509233e-01 -2.476212155329281586e-02 -3.471297247376278872e+00 -1.958174302808992143e-02 2.212951405313083250e-02 -9.995633551121407834e-01 -2.710495809516884513e+00 9.890287622790678856e-01 1.468406642719582988e-01 -1.612443571558918806e-02 1.056170235099394432e+02
1.820565145969314791e-01 -9.830198961692172555e-01 -2.296331402760673490e-02 -3.381385406082777045e+00 -2.137488298544458834e-02 1.939158329000239059e-02 -9.995834823298329619e-01 -2.727108604341237363e+00 9.830557579523071521e-01 1.824715268989577088e-01 -1.748157075847955530e-02 1.059960014970668567e+02
2.201227424879276251e-01 -9.752781614317328485e-01 -1.945460147054212802e-02 -3.279302435929916548e+00 -2.198189957032339187e-02 1.497931741731073005e-02 -9.996461806922114501e-01 -2.740381639621937371e+00 9.752245123721804410e-01 2.204725063874595770e-01 -1.814117888481849364e-02 1.063514832064743700e+02
2.602079317963441607e-01 -9.654035303332825224e-01 -1.696647402829700238e-02 -3.158816166978086759e+00 -2.250124139850024838e-02 1.150405332600454474e-02 -9.996806562576738830e-01 -2.758569495118197601e+00 9.652904278719524056e-01 2.605066076807104336e-01 -1.872933143934685588e-02 1.067123673721821859e+02
3.014824442486984668e-01 -9.533060442252263567e-01 -1.777374674240846456e-02 -3.031443739413801630e+00 -2.366894466647689876e-02 1.115265123319288294e-02 -9.996576677944991607e-01 -2.778023965169151843e+00 9.531779408866957182e-01 3.017999343350616925e-01 -1.920141989201119490e-02 1.070396753564931771e+02
3.454294186267833355e-01 -9.382341617024692049e-01 -1.987907505974005617e-02 -2.898340883816325153e+00 -2.423878115634344604e-02 1.225595200267725476e-02 -9.996311036194025501e-01 -2.784685593760682032e+00 9.381316868854431279e-01 3.457838365138419245e-01 -1.850808707911495016e-02 1.073761071105589338e+02
3.903382220563527683e-01 -9.204629967069025698e-01 -1.959463409169085596e-02 -2.734166576200600662e+00 -2.320277430336832244e-02 1.144114041006739912e-02 -9.996653448000227815e-01 -2.799460684104292607e+00 9.203791463047054089e-01 3.906622414434944290e-01 -1.689138078125709125e-02 1.077136340250765585e+02
4.340346171713470036e-01 -9.006935496205930036e-01 -1.910692303489854374e-02 -2.562839948878714580e+00 -2.221094429704096804e-02 1.050394554990339430e-02 -9.996981560675878287e-01 -2.804107329846116325e+00 9.006223914176725298e-01 4.343279978228938298e-01 -1.544617819807291882e-02 1.080088889113252719e+02
