-1.857739385241000086e-03 -9.999659513509999709e-01 -8.039975204515999174e-03 -4.784029760482999896e-03 -6.481465826010999673e-03 8.051860151134000373e-03 -9.999466081773999981e-01 -7.337429464231000342e-02 9.999773098287000339e-01 -1.805528627661000035e-03 -6.496203536139000256e-03 -3.339968064432999872e-01
-2.764555110575908810e-04 -9.999604601408629279e-01 -8.887603522596914524e-03 -1.164557034910101117e-02 -6.926307089222650572e-03 8.889304832564686246e-03 -9.999365345023584206e-01 -9.993122297656907571e-02 9.999760141880225106e-01 -2.148789370366814544e-04 -6.928490919413463588e-03 8.672272717905052941e-01
1.378056605000614393e-03 -9.999569036560992386e-01 -9.181387247926752967e-03 -1.851172366984613071e-02 -6.433864712285848435e-03 9.172339599552362457e-03 -9.999372696324935195e-01 -1.191813074908246034e-01 9.999783896414462525e-01 1.437042665861153895e-03 -6.420947589269888726e-03 2.066859164255605119e+00
2.388197939748027548e-03 -9.999618596013563065e-01 -8.400316461126799625e-03 -2.150040102012975435e-02 -6.144863224370258024e-03 8.385506535521950605e-03 -9.999459950039993883e-01 -1.441297101649693380e-01 9.999783093713613402e-01 2.439688558840539569e-03 -6.124602790048957503e-03 3.266790733428947657e+00
3.494350119017011324e-03 -9.999584211951739743e-01 -8.422781511353533146e-03 -1.939290074088548949e-02 -6.162143824647993255e-03 8.401140428588653800e-03 -9.999457528681620078e-01 -1.705039469671919550e-01 9.999749522329260953e-01 3.546063770238887334e-03 -6.132531185382306821e-03 4.455251567274202351e+00
4.343723587833255885e-03 -9.999545745561737586e-01 -8.483599790907047841e-03 -2.071340440284160506e-02 -6.499832977794168208e-03 8.455267330217166796e-03 -9.999431581904085764e-01 -1.944133732261817959e-01 9.999694813016503092e-01 4.398619451425495389e-03 -6.462810529304815511e-03 5.655297672176104129e+00
5.094213663896553397e-03 -9.999551104195130158e-01 -7.989366925007880538e-03 -2.005080510664183219e-02 -7.004264771411611301e-03 7.953593531492556684e-03 -9.999438697019034095e-01 -2.222762483812905643e-01 9.999625359006307779e-01 5.149888181607339445e-03 -6.963433149105096101e-03 6.853004483754450149e+00
5.930421489445263789e-03 -9.999466624032148365e-01 -8.456104605944588654e-03 -1.718246639853325888e-02 -7.444325334790130415e-03 8.411871298579603334e-03 -9.999369394471433470e-01 -2.482876822365477354e-01 9.999547469414841183e-01 5.992998285755397891e-03 -7.394042432890633905e-03 8.050713693127592663e+00
6.294739355680573252e-03 -9.999466852387917104e-01 -8.185097499836696891e-03 -1.322003414931641370e-02 -6.000054809086969622e-03 8.147343492460866823e-03 -9.999488398374463127e-01 -2.732285144193027926e-01 9.999622249087145587e-01 6.343529197401893971e-03 -5.948449666990741902e-03 9.260945459258710599e+00
5.209885424967974042e-03 -9.999594274923604420e-01 -7.348803211515076393e-03 -1.597776523812721033e-02 -5.058648759644451300e-03 7.322453764892663565e-03 -9.999604237259462902e-01 -2.935145044365508604e-01 9.999736714851457098e-01 5.246855059020443836e-03 -5.020294456402614285e-03 1.046361843916109713e+01
3.010918306441805973e-03 -9.999770171045564426e-01 -6.073491788726949510e-03 -1.463430822019273075e-02 -5.375931277800234664e-03 6.057244615225950736e-03 -9.999672365509655325e-01 -3.216510419613855531e-01 9.999810600915540748e-01 3.043471099552699701e-03 -5.357569998288593677e-03 1.165753775561710981e+01
1.024307303543494719e-03 -9.999804299004241281e-01 -6.171582601224735905e-03 -1.796576055804897237e-02 -6.092655118323857429e-03 6.165230002949179805e-03 -9.999624641839418571e-01 -3.466134960088523842e-01 9.999809540643114225e-01 1.061870940142853673e-03 -6.086220925511307174e-03 1.285226097833170122e+01
-4.120410078922459736e-04 -9.999788689237966155e-01 -6.487021277962348384e-03 -2.220392742043879319e-02 -5.993712521126859545e-03 6.489374220367268714e-03 -9.999610123925904981e-01 -3.741270242272926039e-01 9.999819970213585929e-01 -3.731429070190310894e-04 -5.996259889891141989e-03 1.404076484028781380e+01
-1.665465326328923173e-03 -9.999631862865104859e-01 -8.417083200764473305e-03 -3.538865486832708240e-02 -6.381007375161154051e-03 8.427549975453821340e-03 -9.999441547912962802e-01 -3.956447547913342633e-01 9.999782981641334167e-01 -1.611662095737740035e-03 -6.394808353827383281e-03 1.523491707204708945e+01
-1.427806533207440871e-03 -9.999679075854328580e-01 -7.883508296681392136e-03 -4.361113346096131410e-02 -6.317226695578770368e-03 7.892378033283384969e-03 -9.999489270731325430e-01 -4.214706907054587282e-01 9.999790630817441128e-01 -1.377930972878255471e-03 -6.328292857880611286e-03 1.643871781858910097e+01
-1.459477199657932154e-03 -9.999745208443003852e-01 -6.987713169376357121e-03 -4.752428287537723700e-02 -5.810546028395629364e-03 6.996082236677464775e-03 -9.999586777835542950e-01 -4.495632329883598177e-01 9.999820983483017622e-01 -1.418813709803064304e-03 -5.820608703125235671e-03 1.763107161914971144e+01
-2.580041382064975942e-03 -9.999733619710456933e-01 -6.827905356611352859e-03 -5.446294244332626489e-02 -5.589038135334786078e-03 6.842240503964977689e-03 -9.999610033751775706e-01 -4.709061832081368193e-01 9.999810923057999013e-01 -2.541778607764534625e-03 -5.606542640736581797e-03 1.883098271843809712e+01
-2.761441604459392591e-03 -9.999721251849986725e-01 -6.936513591162696106e-03 -6.316372446852085154e-02 -6.408212825223530071e-03 6.954092547624179770e-03 -9.999553184623984903e-01 -4.967610762273975689e-01 9.999756957362279097e-01 -2.716866821900300929e-03 -6.427237670877054138e-03 2.002338312913654761e+01
-3.692735091637185628e-03 -9.999683707449600334e-01 -7.044373323254074157e-03 -6.934372327538594616e-02 -7.463027082476978921e-03 7.071783108565418696e-03 -9.999471740285311716e-01 -5.210820428750805311e-01 9.999653686589783375e-01 -3.639966929676178176e-03 -7.488905400368609487e-03 2.122070927704584165e+01
-4.314946326514423197e-03 -9.999628768974756499e-01 -7.458034530650907434e-03 -8.321088657566083624e-02 -6.870775013958860949e-03 7.487573803354029105e-03 -9.999483955424185444e-01 -5.454519265684421025e-01 9.999671314546244583e-01 -4.263480388487070685e-03 -6.902828556451135779e-03 2.241928985572318211e+01
-4.687191174388347786e-03 -9.999612531805178728e-01 -7.451342590310027977e-03 -9.351970273696982860e-02 -7.068232771989163381e-03 7.484367370455020409e-03 -9.999470386606387207e-01 -5.711817799942224827e-01 9.999640700356369205e-01 -4.634274397756482991e-03 -7.103039708988154871e-03 2.361996827805240784e+01
-6.155008039482576937e-03 -9.999510285167724222e-01 -7.749857169868835764e-03 -1.048403484787768375e-01 -7.653741292268276784e-03 7.796884759320477608e-03 -9.999403414657813682e-01 -5.977936747434658971e-01 9.999518079830671535e-01 -6.095324801817089341e-03 -7.701356497647959647e-03 2.481485397184047770e+01
-6.469125858311369943e-03 -9.999448905881842542e-01 -8.267949455459534802e-03 -1.195715059696787763e-01 -7.018533747532992514e-03 8.313321415294980948e-03 -9.999408449452833469e-01 -6.256707405160055746e-01 9.999544815709278112e-01 -6.410713614482059161e-03 -7.071927068283640448e-03 2.602198740851940073e+01
-7.565812171549499317e-03 -9.999480672512972568e-01 -6.828309141426243400e-03 -1.315040861044237119e-01 -5.448920373862347656e-03 6.869628345024730159e-03 -9.999615883083948775e-01 -6.500076216137516960e-01 9.999565776570621400e-01 -7.528314011521914859e-03 -5.500611779942767357e-03 2.720921753659140307e+01
-8.302411590637924846e-03 -9.999462654301112252e-01 -6.207430826482749318e-03 -1.440690779764753071e-01 -5.130143974280625997e-03 6.250155603293265465e-03 -9.999673417888765847e-01 -6.760107113908963017e-01 9.999524152913267239e-01 -8.270294751006990186e-03 -5.181759800744946236e-03 2.841315807084523115e+01
-8.680275200157324192e-03 -9.999437012265668390e-01 -6.102165516571252460e-03 -1.606987131580907002e-01 -6.031504664219632453e-03 6.154639807136053249e-03 -9.999629029185883589e-01 -6.989424301129097961e-01 9.999441709935638078e-01 -8.643147259925057502e-03 -6.084589263201160142e-03 2.961026580545047437e+01
-1.015798470043226091e-02 -9.999339682627568227e-01 -5.372706134315168025e-03 -1.731350129986894970e-01 -7.118236731143083584e-03 5.445156227934971720e-03 -9.999598665431360667e-01 -7.245344064916063864e-01 9.999231116996186719e-01 -1.011933228607685489e-02 -7.173078644094116850e-03 3.080680107477294172e+01
-1.036575702565906143e-02 -9.999279917068977230e-01 -6.046886077441671579e-03 -1.880611492707533472e-01 -7.110039162788586720e-03 6.120761053862553043e-03 -9.999560166303717024e-01 -7.484209375147611309e-01 9.999210387980000947e-01 -1.032230689575181805e-02 -7.172973578743002329e-03 3.200970991754758899e+01
-1.104794389824246929e-02 -9.999253749298492311e-01 -5.213717983902846874e-03 -2.049130794295301594e-01 -6.650199488371109913e-03 5.287394824139069437e-03 -9.999639354986347151e-01 -7.739156761902546977e-01 9.999168918136528417e-01 -1.101287259375556375e-02 -6.708118210876841923e-03 3.320027847815834576e+01
-1.181666037169046800e-02 -9.999169561753029623e-01 -5.141675951592891355e-03 -2.285783133329848116e-01 -6.512905409219654079e-03 5.218890329054190480e-03 -9.999652058171456526e-01 -7.996424640088751756e-01 9.999090134268099339e-01 -1.178276129451820246e-02 -6.574034574926672543e-03 3.440288415150942569e+01
-1.185480046234470633e-02 -9.999223374945881426e-01 -3.844670574230881713e-03 -2.437682026054000528e-01 -6.472309965321477142e-03 3.921592273753582089e-03 -9.999713961199055978e-01 -8.257127582512516772e-01 9.999088256861844437e-01 -1.182957685022078057e-02 -6.518297121984819968e-03 3.560723338311296970e+01
-1.275459645982200511e-02 -9.999087257238450377e-01 -4.456580852513689767e-03 -2.634974477218772759e-01 -6.678088347649401881e-03 4.542025774475754243e-03 -9.999674157508309236e-01 -8.518275267930011108e-01 9.998964000719807732e-01 -1.272441882117075762e-02 -6.735410616594393433e-03 3.679680755707931183e+01
-1.242573154522455016e-02 -9.999176198053717490e-01 -3.218054178645919378e-03 -2.840218221430650392e-01 -5.781367144920205106e-03 3.290091087770694554e-03 -9.999779092110934187e-01 -8.767629226131752329e-01 9.999061233059763909e-01 -1.240685248424206084e-02 -5.821772816370923351e-03 3.800664635941140546e+01
-1.279808872794582428e-02 -9.999107078612206045e-01 -3.845952004906881896e-03 -3.087129279703376139e-01 -4.763874417478906019e-03 3.907195747758595954e-03 -9.999810513418020408e-01 -8.979295591958366130e-01 9.999067964229901850e-01 -1.277952338716068295e-02 -4.813453761655420680e-03 3.920342255068072745e+01
-1.269354484947275187e-02 -9.999108810744483655e-01 -4.136037805648016576e-03 -3.271993611980801298e-01 -3.877416483478564324e-03 4.185560963521748994e-03 -9.999837569952216842e-01 -9.233187623063920935e-01 9.999119563021993118e-01 -1.267730116670853432e-02 -3.930200689350443061e-03 4.040598603197271643e+01
-1.223563181155798603e-02 -9.999139688088708455e-01 -4.725603436926011959e-03 -3.467310421738777904e-01 -4.327446048776387860e-03 4.778864732021393877e-03 -9.999792486441654304e-01 -9.477228372751418384e-01 9.999158202218202396e-01 -1.221492789633519573e-02 -4.385546296117644009e-03 4.160885096340595624e+01
-1.243325875699597023e-02 -9.999048885729151515e-01 -5.969016628059951868e-03 -3.684934220785083814e-01 -4.254799036935333345e-03 6.022327536892996269e-03 -9.999728468631814415e-01 -9.713188779549694063e-01 9.999136938932933205e-01 -1.240752395195704981e-02 -4.329271658476302118e-03 4.280018972556833745e+01
-1.142617425047383513e-02 -9.998954608555875589e-01 -8.859913231672294706e-03 -3.909373479958034303e-01 -2.603462418292100140e-03 8.890209417138748502e-03 -9.999571263708009194e-01 -9.886303164241284636e-01 9.999313682768546929e-01 -1.140261727760190358e-02 -2.704771505527989173e-03 4.399980614351873953e+01
-1.012126532784377378e-02 -9.999109353581182580e-01 -8.699071903150350574e-03 -4.112865283124588212e-01 2.178817208678187896e-04 8.697311480835998726e-03 -9.999621839776077215e-01 -1.013754486950532163e+00 9.999487992981695994e-01 -1.012277734334723032e-02 1.298345615512143056e-04 4.520172586745410115e+01
-8.458043953594597542e-03 -9.999195820188525596e-01 -9.449154866542233341e-03 -4.285155567763294648e-01 3.056150342780836800e-03 9.423599354061314506e-03 -9.999509532925228150e-01 -1.029838714485700635e+00 9.999595955147344561e-01 -8.486506437370908151e-03 2.976199309150287086e-03 4.640946811247892612e+01
-6.103712671711779801e-03 -9.999351457734996229e-01 -9.614491133004171228e-03 -4.366781876968052201e-01 6.206669393996980602e-03 9.576601821645850873e-03 -9.999349065893351485e-01 -1.039326426322510599e+00 9.999621492855618188e-01 -6.162988661868327826e-03 6.147814184377170359e-03 4.761449389373309060e+01
-5.287952657403444459e-03 -9.999460565404427737e-01 -8.939341362968851110e-03 -4.530372949955298600e-01 7.847943173395554445e-03 8.897692015146264899e-03 -9.999296504772376970e-01 -1.052133914819982419e+00 9.999552624569977288e-01 -5.357735325334643528e-03 7.800469135990631929e-03 4.881691487174482802e+01
-3.675164991928777259e-03 -9.999636389776352940e-01 -7.694827511993790684e-03 -4.569028657699867879e-01 6.211349253519612111e-03 7.671903267624386076e-03 -9.999513096183765271e-01 -1.057701059799770027e+00 9.999739914943865937e-01 -3.722780566928786655e-03 6.182927901531332614e-03 5.001922898508517079e+01
-2.017837048082725925e-03 -9.999637882290433044e-01 -8.267518748266136294e-03 -4.704845639293963599e-01 4.555374280064262635e-03 8.258257581104749140e-03 -9.999555531840285116e-01 -1.074681245740305435e+00 9.999876275423683625e-01 -2.055408271318465412e-03 4.538546042264038696e-03 5.122237409409177644e+01
-1.712033138625828005e-03 -9.999598674264824627e-01 -8.793910851284645475e-03 -4.782420301902699511e-01 3.931571394967461539e-03 8.787124572088120256e-03 -9.999536891173796960e-01 -1.071024013741468384e+00 9.999908425624342012e-01 -1.746527014822389949e-03 3.916369057655237629e-03 5.242202770420653479e+01
-9.635211640792842912e-04 -9.999658593588983679e-01 -8.206705842994687847e-03 -4.800819431851091057e-01 3.676469897936558793e-03 8.203111378850628729e-03 -9.999596299557764745e-01 -1.091316557520600750e+00 9.999928197155085741e-01 -9.936532099862590076e-04 3.668440780179572664e-03 5.363356034843991438e+01
-2.132230837296098924e-03 -9.999667663041956756e-01 -7.868491516084905740e-03 -4.938318574664317118e-01 2.736915681809453434e-03 7.862643756952376536e-03 -9.999653786212289175e-01 -1.105643177337488625e+00 9.999940188974841826e-01 -2.153691669159827921e-03 2.720059638693240155e-03 5.484193746307987993e+01
-3.785856225660310954e-03 -9.999609609299521251e-01 -7.983615219299836432e-03 -5.043533624312664942e-01 2.846636739098423567e-03 7.972862803525347652e-03 -9.999641984324461053e-01 -1.113434646244461979e+00 9.999888179285510992e-01 -3.808446483661617320e-03 2.816341410722558811e-03 5.604612783727964853e+01
-4.744112519242161402e-03 -9.999590281189064678e-01 -7.709686097907849679e-03 -5.086113997015001553e-01 4.013339302900369165e-03 7.690670889339238682e-03 -9.999623985805151660e-01 -1.130029242256249677e+00 9.999807294970559646e-01 -4.774875116644247686e-03 3.976690187337601767e-03 5.725246383905862047e+01
-6.156507141414575661e-03 -9.999494848270823466e-01 -7.944558697411554724e-03 -5.235511054344319515e-01 4.428524456463803910e-03 7.917366916203259428e-03 -9.999588771262136744e-01 -1.143581408293825374e+00 9.999712864302376936e-01 -6.191436021644878412e-03 4.379556853274312912e-03 5.847022697670102787e+01
-6.245804404428753273e-03 -9.999424506470929730e-01 -8.722765098481846321e-03 -5.323733913376800242e-01 4.037355357128131171e-03 8.697647585182525024e-03 -9.999540526917291006e-01 -1.156885452953950733e+00 9.999723852152632153e-01 -6.280733625133697560e-03 3.982799384054117910e-03 5.966492556189921004e+01
-7.388378396943053213e-03 -9.999291377986336826e-01 -9.334323902029473957e-03 -5.497536725564822202e-01 3.863580451112361147e-03 9.305963370474698224e-03 -9.999492626190178424e-01 -1.170850583299929859e+00 9.999652861337194887e-01 -7.424066750333945149e-03 3.794551027745153571e-03 6.088316349978801867e+01
-7.250249368728888845e-03 -9.999468527523560635e-01 -7.329214386137165339e-03 -5.771382240420798171e-01 2.767337648096432345e-03 7.309314505709459467e-03 -9.999694865251568254e-01 -1.200837135321300098e+00 9.999699275871368753e-01 -7.270309869624662184e-03 2.714196215891939191e-03 6.328318092029157071e+01
-8.200826660022354081e-03 -9.999370939361640342e-01 -7.651318866385396419e-03 -5.903896504413379542e-01 3.381271721840553839e-03 7.623802479941464878e-03 -9.999652525109063994e-01 -1.218282851970482916e+00 9.999607006454002134e-01 -8.226412168685866277e-03 3.318537533994054579e-03 6.449699386845226456e+01
-7.879263203220444878e-03 -9.999488672590577387e-01 -6.338288995034873155e-03 -5.988093731320630608e-01 5.111654623243657401e-03 6.298125850444617410e-03 -9.999671337163097418e-01 -1.223745754367757677e+00 9.999559333347677326e-01 -7.911402694715055986e-03 5.061767902317467274e-03 6.568961897638565972e+01
-8.575404967181350646e-03 -9.999378652200665574e-01 -7.122389608361201496e-03 -6.173311414493894977e-01 3.830776087516268684e-03 7.089747835234062878e-03 -9.999675563151252389e-01 -1.245359408439150828e+00 9.999559381154013993e-01 -8.602410420114952813e-03 3.769740088581887208e-03 6.689321488663449600e+01
-8.567916860443940130e-03 -9.999223381561823665e-01 -9.050380186560741044e-03 -6.352956453288078897e-01 2.463505461732184553e-03 9.029577427058425518e-03 -9.999562253294677072e-01 -1.257391523164930192e+00 9.999603002082902981e-01 -8.589836850008612107e-03 2.385949417206014583e-03 6.808954076900633368e+01
-8.490737481776191795e-03 -9.999009579729554176e-01 -1.122359110336883063e-02 -6.505261148253085324e-01 2.690619091501196374e-03 1.120110982872645801e-02 -9.999336712026754004e-01 -1.270502055784254125e+00 9.999603756182751102e-01 -8.520372137104402499e-03 2.595246909048121772e-03 6.928501672141733536e+01
-8.737470579789187800e-03 -9.998823377983258043e-01 -1.260836825170839372e-02 -6.735936204635710745e-01 3.058924037479025283e-03 1.258206403942962667e-02 -9.999161923352929415e-01 -1.285277076203147351e+00 9.999571843358007195e-01 -8.775305743695227534e-03 2.948628690567755336e-03 7.047757225984284446e+01
-7.906791837179896407e-03 -9.998636446716485660e-01 -1.449722006456785096e-02 -6.979218225432741729e-01 3.239047473712754893e-03 1.447198821809775673e-02 -9.998900550277174393e-01 -1.296031508281719535e+00 9.999635351282333273e-01 -7.952879010970109741e-03 3.124178903105043030e-03 7.166248834157089220e+01
-7.167459993755392368e-03 -9.998678165372016924e-01 -1.459335390118307249e-02 -7.114945661349647565e-01 4.188513715561526310e-03 1.456358174189665081e-02 -9.998852042989275768e-01 -1.312292502755291856e+00 9.999655825928619457e-01 -7.227760989325114627e-03 4.083576897786234464e-03 7.285122580055173103e+01
-5.231974081762996893e-03 -9.998528754657625139e-01 -1.633535897769112372e-02 -7.236606442587342203e-01 4.829280535622927119e-03 1.631012808881732515e-02 -9.998553523077797767e-01 -1.318276057066469553e+00 9.999746915352462073e-01 -5.310104586001829045e-03 4.743236213388201707e-03 7.403621640030365825e+01
-2.042421548423576077e-03 -9.998810200520789060e-01 -1.528942625403367610e-02 -7.299857596103752622e-01 3.193143879729022552e-03 1.528285885963663084e-02 -9.998781378426752076e-01 -1.335793809121845310e+00 9.999928527404374767e-01 -2.090993269171141297e-03 3.161549882866699062e-03 7.522109308993915988e+01
-1.751361904242046419e-04 -9.999221978494861052e-01 -1.247278861484068212e-02 -7.350439429019935966e-01 -1.460502067440070263e-03 1.247303090500137719e-02 -9.999211765971558474e-01 -1.365329108998387664e+00 9.999989593619789119e-01 -1.569050386935794442e-04 -1.462572990420097589e-03 7.639340695581445573e+01
2.978868822440485474e-03 -9.999037697997299468e-01 -1.354857956886708521e-02 -7.349082940451905355e-01 -2.716507280533330456e-03 1.354049782761719556e-02 -9.999046642958393516e-01 -1.375229324846490631e+00 9.999919177641075629e-01 3.015390481974034639e-03 -2.675910533745007921e-03 7.756837579504821178e+01
5.270101537178481510e-03 -9.999002925276888609e-01 -1.310061618129970337e-02 -7.383894517176243788e-01 5.705473835718443418e-04 1.310380226169268088e-02 -9.999140043061321981e-01 -1.388696626889066144e+00 9.999859890720000921e-01 5.262174675974329134e-03 6.395488243017324317e-04 7.875512606352887701e+01
8.749458851358651867e-03 -9.998897518619858094e-01 -1.199703758701197755e-02 -7.308736087004749082e-01 2.319008540699401492e-03 1.201775353893808421e-02 -9.999251291622991422e-01 -1.411016203532738489e+00 9.999590747862581175e-01 8.720983430767464961e-03 2.423901610890957618e-03 7.992818307404175471e+01
1.319744846815884554e-02 -9.998263368383829564e-01 -1.315736719336665916e-02 -7.243762117677263745e-01 5.227356184744507729e-04 1.316540972285410414e-02 -9.999132272691301226e-01 -1.420761665171533128e+00 9.999128144539980445e-01 1.318942548387478514e-02 6.963945265232217513e-04 8.109577156671727494e+01
1.657446537320536248e-02 -9.997916839522833499e-01 -1.191101601169066923e-02 -7.109093414260071464e-01 -2.332071313463835848e-03 1.187396410067324132e-02 -9.999268167361700099e-01 -1.443114404861209010e+00 9.998599535324067533e-01 1.660103108509429493e-02 -2.134781026931887368e-03 8.226411431039002764e+01
2.019113253947744588e-02 -9.997291740489797629e-01 -1.157083203814068817e-02 -6.951996249081009438e-01 -5.993654462038694800e-03 1.145194766051845642e-02 -9.999164958760919930e-01 -1.466588093544516580e+00 9.997782080684219919e-01 2.025879921796674976e-02 -5.760803647658939604e-03 8.341716760713748613e+01
2.322324815359264397e-02 -9.996722343982753500e-01 -1.077513453257454047e-02 -6.752851242581290325e-01 -6.852764371097780013e-03 1.061861052051711087e-02 -9.999201664067803863e-01 -1.498371543993194610e+00 9.997068610308306180e-01 2.329523489351979781e-02 -6.603919718632649677e-03 8.458391216760355746e+01
3.088342142682029556e-02 -9.994627850187777218e-01 -1.097023802728740692e-02 -6.168296331470590754e-01 -4.815517231863242209e-03 1.082656396238179490e-02 -9.999298250050697723e-01 -1.537375201696955518e+00 9.995114315274938876e-01 3.093408278250130497e-02 -4.478569075576534567e-03 8.691026993511084697e+01
3.419927966539158815e-02 -9.993559444806277003e-01 -1.086730205763654020e-02 -5.853264502599911934e-01 -6.606662090347625339e-03 1.064736272792618857e-02 -9.999215207567744290e-01 -1.567372224142649095e+00 9.993932395904662203e-01 3.426839370306022925e-02 -6.238275023904147482e-03 8.806246827175981196e+01
3.817647001646311961e-02 -9.992094529963202465e-01 -1.109114543717865976e-02 -5.452069867366236000e-01 -9.306026429687162815e-03 1.074324634222711093e-02 -9.998990132605214409e-01 -1.597028984235220550e+00 9.992277185646896154e-01 3.827583056537718631e-02 -8.888530603637116376e-03 8.921349379389869227e+01
4.103659116733712059e-02 -9.990950919999338486e-01 -1.118037641189646540e-02 -5.050509682205213124e-01 -9.398114252014271378e-03 1.080333926495039010e-02 -9.998975106282825820e-01 -1.619132272226595060e+00 9.991134824569068984e-01 4.113746067042012983e-02 -8.946277747162608568e-03 9.035613715064623364e+01
4.393652611562384735e-02 -9.989857704010537409e-01 -9.849648935939659886e-03 -4.550031222888687443e-01 -8.200427542099368583e-03 9.498208108057530977e-03 -9.999212911217708610e-01 -1.645595940213166131e+00 9.990007099752103992e-01 4.401384109669156941e-02 -7.774792259962225345e-03 9.150627979293686565e+01
4.704200951851098683e-02 -9.988533343586150082e-01 -8.891862158973895189e-03 -4.054415872825707923e-01 -6.911291194996965585e-03 8.576035063615308415e-03 -9.999393744174148724e-01 -1.671453355313119227e+00 9.988690416462083776e-01 4.710061338416964699e-02 -6.499932482481146981e-03 9.267196681515619616e+01
4.911940979684634168e-02 -9.987570216041519178e-01 -8.466604093018937141e-03 -3.563154984921877988e-01 -5.130785001755380249e-03 8.224407331191618820e-03 -9.999530442240843753e-01 -1.695473257630803809e+00 9.987797791698046490e-01 4.916054515165396710e-02 -4.720429580080319661e-03 9.382415463081638052e+01
5.227982238984615199e-02 -9.986103253272115010e-01 -6.651113608644393729e-03 -2.990175498924149133e-01 -4.185379670326211561e-03 6.441056895287772428e-03 -9.999705327460131077e-01 -1.714947742189464108e+00 9.986237444493170079e-01 5.230612057837403378e-02 -3.842826140689949415e-03 9.498045618229811282e+01
5.404915582687029596e-02 -9.985213555492391535e-01 -5.812447854595424908e-03 -2.381856418346914861e-01 -6.084382933604623456e-03 5.491516246563151946e-03 -9.999664403636057131e-01 -1.740094264073761554e+00 9.985197807168970652e-01 5.408270890059488356e-02 -5.778574603098599570e-03 9.613552950787075702e+01
5.638551875434166805e-02 -9.984007754460275663e-01 -4.070253943106051826e-03 -1.799458018228138889e-01 -9.822112067876795360e-03 3.521839092454008991e-03 -9.999455908637525647e-01 -1.763592294931911830e+00 9.983607914857888233e-01 5.642243079005540562e-02 -9.607823792460367870e-03 9.728756063342244431e+01
5.916057153647732297e-02 -9.982350289936410270e-01 -5.180810964546893847e-03 -1.137983066629510154e-01 -1.252226134693758090e-02 4.447378120750689924e-03 -9.999117302120262840e-01 -1.791508349799593169e+00 9.981699715389823480e-01 5.922022626134230971e-02 -1.223705072044437361e-02 9.844818300969113523e+01
6.018447320367466269e-02 -9.981759629326238947e-01 -4.751848777624143386e-03 -4.993434853501996923e-02 -1.366943597723928143e-02 3.935858715665570620e-03 -9.998988540805563430e-01 -1.815767143851331644e+00 9.980937065712446321e-01 6.024334289259435093e-02 -1.340762501969406176e-02 9.963038633957322077e+01
6.145109473534977190e-02 -9.980965010997618903e-01 -5.209517867547816018e-03 1.683636760463873283e-02 -1.299040784644595915e-02 4.419163819649126607e-03 -9.999058898932910999e-01 -1.845685519055908497e+00 9.980255991695141660e-01 6.151298594822748184e-02 -1.269411830439942830e-02 1.007878688241551686e+02
6.004470936831309696e-02 -9.981825486934259306e-01 -5.120656402984157668e-03 8.241372482790004783e-02 -1.125203001288431134e-02 4.452748496365983334e-03 -9.999268132504653961e-01 -1.873516683221558621e+00 9.981323061388667206e-01 6.009793455016700092e-02 -1.096421624555207926e-02 1.019767073339805563e+02
5.876792383722057034e-02 -9.982613682410482747e-01 -4.534369900923247362e-03 1.517628591748662881e-01 -9.732135846422410724e-03 3.969082058992793802e-03 -9.999447969725127061e-01 -1.906224666663272505e+00 9.982242674407173499e-01 5.880881090217073698e-02 -9.481960787002767857e-03 1.031591010950931349e+02
5.751816704985245055e-02 -9.983330041449789416e-01 -4.782887156034693402e-03 2.117978297152177114e-01 -8.811648772784456268e-03 4.282966701699170153e-03 -9.999520395212466717e-01 -1.928718333232533055e+00 9.983056136768037048e-01 5.755755476159248735e-02 -8.550611501739760478e-03 1.043341235888156007e+02
5.448547073645371164e-02 -9.985026947315616130e-01 -4.868297697080420892e-03 2.736604624509172412e-01 -8.179896987360683533e-03 4.429032502761881020e-03 -9.999567685256489646e-01 -1.956652783810484797e+00 9.984810983930866302e-01 5.452293814022290269e-02 -7.926331407636891258e-03 1.055445050187590113e+02
5.193126593185640877e-02 -9.986336429625841671e-01 -5.830382111623781671e-03 3.303455741115257638e-01 -8.510765793268017243e-03 5.395482874237425563e-03 -9.999492521264412570e-01 -1.979443879825722119e+00 9.986144318695530098e-01 5.197825294250778966e-02 -8.218942854765379918e-03 1.067361597402719582e+02
4.769801221357569676e-02 -9.988354086226380879e-01 -7.261649735163971595e-03 3.793101979167163296e-01 -8.809706787783389351e-03 6.848967859545678633e-03 -9.999377652771511693e-01 -2.003066762660190570e+00 9.988229947640578921e-01 4.775901875151564169e-02 -8.472765004057839291e-03 1.079570953946931695e+02
4.376590947103041473e-02 -9.990174648028744553e-01 -6.974243212232956665e-03 4.300651312587475683e-01 -8.745229401935429581e-03 6.597563526197245364e-03 -9.999400277402100690e-01 -2.029004596893103418e+00 9.990035719647936130e-01 4.382427747246157163e-02 -8.447888775481396731e-03 1.091630890305201831e+02
4.035938330775808852e-02 -9.991560213867183293e-01 -7.639121217248320481e-03 4.727685051147439976e-01 -7.659658190663456989e-03 7.335743068080134884e-03 -9.999437881445020215e-01 -2.050241074737244595e+00 9.991559130908753694e-01 4.041562893765530268e-02 -7.357127680308603486e-03 1.103558178782817265e+02
3.562462850938413750e-02 -9.993344883800217016e-01 -7.839792205384662344e-03 5.127735565768234416e-01 -6.546785772397877706e-03 7.611235121879212501e-03 -9.999496289441545116e-01 -2.079073529304884538e+00 9.993438344773507565e-01 3.567416101720453925e-02 -6.271281515760585359e-03 1.115902734303606820e+02
3.164015108425401873e-02 -9.994680547660569347e-01 -7.905855739594697812e-03 5.549826755688124225e-01 -6.022772352111949862e-03 7.719020905525997116e-03 -9.999520996788056060e-01 -2.101567017566034146e+00 9.994812218630948486e-01 3.168625268720026700e-02 -5.775337695415602018e-03 1.127882233315445006e+02
2.615725394107844270e-02 -9.996229933389745304e-01 -8.346813426303934663e-03 5.755296328155443675e-01 -5.737401940749676556e-03 8.199411449700825388e-03 -9.999499580322083192e-01 -2.127646689768934340e+00 9.996414193396366832e-01 2.620383564679486244e-02 -5.520764921671529081e-03 1.140305307564287318e+02
2.131633210572146317e-02 -9.997289581162293048e-01 -9.360146314012824167e-03 5.967250938315701303e-01 -5.938923534181735769e-03 9.235488624199131649e-03 -9.999397432148697806e-01 -2.152085441763357920e+00 9.997551826074219106e-01 2.137063703393401320e-02 -5.740447224698968717e-03 1.152504795125033041e+02
1.700364860193050512e-02 -9.998062800009706041e-01 -9.913482739563956453e-03 6.144665347770392749e-01 -6.427247171061363507e-03 9.805413761761978819e-03 -9.999313035462008559e-01 -2.174176859576526066e+00 9.998348075290460768e-01 1.706619832409566120e-02 -6.259274431907514528e-03 1.164555367269825723e+02
1.171175466486084650e-02 -9.998723889323979375e-01 -1.086448335269985487e-02 6.214531414490118699e-01 -6.737144782157708858e-03 1.078607699913451852e-02 -9.999191587435983797e-01 -2.202461650763445355e+00 9.999087596665849897e-01 1.178400436541280315e-02 -6.609961261824017463e-03 1.177094549322655581e+02
8.843755843276597875e-03 -9.998830347204541447e-01 -1.247808944237917619e-02 6.240006133327621329e-01 -7.052086829570763590e-03 1.241590216487912894e-02 -9.998980807894690681e-01 -2.226815182410248450e+00 9.999360710102993544e-01 8.930852274952317399e-03 -6.941458872655108074e-03 1.189142892534334379e+02
6.113730058687935100e-03 -9.998692914018307842e-01 -1.496705073831823378e-02 6.249151642271097984e-01 -7.157258995333502793e-03 1.492319322895227160e-02 -9.998630546170467204e-01 -2.246760485783089845e+00 9.999557381140369294e-01 6.220016698701784884e-03 -7.065087246387402944e-03 1.201643401424640132e+02
5.063997112979385165e-03 -9.998631946615156307e-01 -1.574597769843572026e-02 6.296722346016886407e-01 -7.015827036913197846e-03 1.571026754169056391e-02 -9.998520045285063107e-01 -2.275438786041550809e+00 9.999626048273216883e-01 5.173719494685373628e-03 -6.935310673182665080e-03 1.214067613935393979e+02
4.819612702494665765e-03 -9.998311939576466356e-01 -1.772980180670039041e-02 6.268926396219591801e-01 -6.927324127660907348e-03 1.769619984370602445e-02 -9.998194464243631563e-01 -2.299371667325825541e+00 9.999644344951797992e-01 4.941563408910835259e-03 -6.840866075025906629e-03 1.226244188368347352e+02
2.989286874811974883e-03 -9.998110597028451174e-01 -1.920716378570322402e-02 6.245947543110416111e-01 -6.233406987886826525e-03 1.918824618534418006e-02 -9.997964836890383955e-01 -2.319874817660948718e+00 9.999761420947919088e-01 3.108405417251219969e-03 -6.174870159904442823e-03 1.238889004709342316e+02
3.219103487044014562e-03 -9.998031521444427083e-01 -1.957805726438144669e-02 6.278415949601570123e-01 -5.568094847362529964e-03 1.955993451150652915e-02 -9.997932094320944874e-01 -2.353499437689314799e+00 9.999793613049756669e-01 3.327451080364193965e-03 -5.504033335477909530e-03 1.251137264563359537e+02
1.562796705279150163e-03 -9.997356937701559199e-01 -2.293690799917042639e-02 6.080148889304277660e-01 -3.533822984771379724e-03 2.293127108621909396e-02 -9.997308287811919048e-01 -2.375283467044496000e+00 9.999925796837807468e-01 1.643431855381694180e-03 -3.497052083331680591e-03 1.263857573963997822e+02
6.729166389487131316e-04 -9.997060903053097691e-01 -2.423390482631060383e-02 6.064995856960446741e-01 -9.916146952837652778e-04 2.423323050477153157e-02 -9.997058732816577198e-01 -2.382734199851187284e+00 9.999993239080982033e-01 6.967501991025307900e-04 -9.750163871048320120e-04 1.276423249029139981e+02
1.327982841474507816e-03 -9.997513069305893341e-01 -2.226093647152506752e-02 6.077098070771410621e-01 -6.965823716636427394e-04 2.226002535695759121e-02 -9.997520002849552556e-01 -2.407404606193357388e+00 9.999989130823532246e-01 1.343160856724903837e-03 -6.668482808973790832e-04 1.288708052244491284e+02
-5.931337310567895416e-05 -9.997400075432312239e-01 -2.280156789228571929e-02 5.950601736160486821e-01 -2.045019840926067846e-03 2.280164119636851269e-02 -9.997379446566611039e-01 -2.428123830351519352e+00 9.999979459756432876e-01 -1.266736106993039133e-05 -2.045840632645357701e-03 1.301437364196356725e+02
-4.048601421576162956e-05 -9.997945434380434149e-01 -2.026986907305865226e-02 5.953496690825857973e-01 -1.340465992493172385e-03 2.026990448206670431e-02 -9.997936811434219306e-01 -2.438351439389007780e+00 9.999991375205465882e-01 -1.330575320423045714e-05 -1.341011402465361844e-03 1.313927791094195072e+02
-1.842545818359409438e-03 -9.998496063404599399e-01 -1.724425830296529363e-02 5.963983667288355051e-01 5.269005091085673291e-04 1.724331415996152583e-02 -9.998512174775433525e-01 -2.466595901038772354e+00 9.999982030147199774e-01 -1.851356940576057326e-03 4.950496805816363049e-04 1.326608768678957802e+02
-1.978035453475357041e-03 -9.998922722935127405e-01 -1.454377581186368749e-02 5.942014911957340662e-01 2.278905337052983086e-03 1.453925879627835337e-02 -9.998917313212817293e-01 -2.477945511940516710e+00 9.999954868073831493e-01 -2.010964438716902718e-03 2.249900641721403003e-03 1.339292281061095764e+02
-1.410960764501062448e-03 -9.999254653872896581e-01 -1.212682855120725614e-02 5.877893744329214520e-01 3.475221445713683535e-03 1.212186384428916471e-02 -9.999205221963846091e-01 -2.489445861338375643e+00 9.999930041089815091e-01 -1.452991279209935602e-03 3.457858897270609660e-03 1.351720599554001581e+02
-2.069997789769378437e-03 -9.999622213277636895e-01 -8.442448174074621003e-03 5.812590230889578269e-01 1.734897565659347706e-03 8.438861908643404200e-03 -9.999629201752169294e-01 -2.510130187025778170e+00 9.999963900183662657e-01 -2.084567083681487798e-03 1.717363479244952930e-03 1.364561829996555673e+02
-1.599023728431077807e-03 -9.999786506034257227e-01 -6.334855186187495456e-03 5.777186164759688936e-01 6.094274579897867791e-04 6.333886988984726955e-03 -9.999797828152076073e-01 -2.521703361121699238e+00 9.999985803192747991e-01 -1.602851278173644031e-03 5.992864818567759239e-04 1.377152600817413770e+02
-1.870369051654551277e-03 -9.999891455778372462e-01 -4.266843268089900304e-03 5.753580526173739385e-01 5.570845497102680901e-04 4.265807497763410283e-03 -9.999907741429497898e-01 -2.542375399937604641e+00 9.999981369617385596e-01 -1.872728047305728281e-03 5.490998247576736645e-04 1.390068011209236829e+02
-1.763604275538583482e-03 -9.999892396595031485e-01 -4.290356413249532194e-03 5.721053379513355575e-01 7.320949814311922569e-04 4.289070198737430020e-03 -9.999905646698885597e-01 -2.554762097589350578e+00 9.999982196287436897e-01 -1.766727833967010738e-03 7.245227957175877538e-04 1.402788037589681096e+02
-1.419611067030938890e-04 -9.999894643454050325e-01 -4.588600624768310841e-03 5.605952467347828927e-01 2.411923847285973432e-03 4.588244261570837042e-03 -9.999865938850815983e-01 -2.573371155195294691e+00 9.999971199456813009e-01 -1.530258865041501102e-04 2.411247080723903299e-03 1.415457906127397507e+02
-1.557234027279253623e-04 -9.999737323733605132e-01 -7.245592101439229764e-03 5.515670869200366422e-01 4.271090451304614295e-03 7.244860398517617012e-03 -9.999646644333569645e-01 -2.585440455335610732e+00 9.999909043615935467e-01 -1.866636607471774565e-04 4.269850342163080369e-03 1.428245747331384337e+02
1.585126893937539947e-03 -9.999691984747188789e-01 -7.686680503759151135e-03 5.477031150941921167e-01 5.684257197075824912e-04 7.687589324538082920e-03 -9.999703222379627832e-01 -2.612303220127726533e+00 9.999986198884112110e-01 1.580711339093893207e-03 5.805939365132613793e-04 1.453859317693045625e+02
1.472771045591358919e-03 -9.999704257660028128e-01 -7.548271392462873458e-03 5.373479264042210213e-01 -1.586417113846007613e-03 7.545933160736420162e-03 -9.999703001980434491e-01 -2.630748249651927217e+00 9.999976946000670441e-01 1.484702833365850140e-03 -1.575256883426714516e-03 1.466571819288050449e+02
2.624475422079117128e-03 -9.999763474229613758e-01 -6.356676507239039306e-03 5.391751500741434056e-01 -5.440625005354921516e-03 6.342325173522092747e-03 -9.999651190633159770e-01 -2.657156356997959712e+00 9.999817928882063223e-01 2.658968927973716801e-03 -5.423851266340562818e-03 1.479217829562223869e+02
2.203370893759983191e-03 -9.999713604365165764e-01 -7.239533749577572140e-03 5.465569354874234564e-01 -9.022620816793398835e-03 7.219376307597477442e-03 -9.999332658854767075e-01 -2.683337712894450444e+00 9.999569034370446863e-01 2.268544178817795149e-03 -9.006455708322617590e-03 1.491985760498700699e+02
2.440224371704970141e-03 -9.999762562014369305e-01 -6.443598818336512303e-03 5.402463664601290239e-01 -1.013273235374473509e-02 6.418560813201012842e-03 -9.999280916937293151e-01 -2.714705412707747456e+00 9.999457280448003083e-01 2.505341017856218145e-03 -1.011682921716038942e-02 1.504694199561243693e+02
3.092261684190971034e-03 -9.999784310705014390e-01 -5.794355520706765197e-03 5.431910966690063347e-01 -9.824803289193899739e-03 5.763722419587116556e-03 -9.999351561874173511e-01 -2.746067986162096020e+00 9.999469952201600620e-01 3.148990321561646617e-03 -9.806768620713619822e-03 1.517349009674136937e+02
2.431048558002256704e-03 -9.999758497876040098e-01 -6.510128656369074986e-03 5.443572845124590165e-01 -9.357858472819667248e-03 6.487113192764291589e-03 -9.999352015189373333e-01 -2.776143054767258533e+00 9.999533034893598460e-01 2.491812684696901974e-03 -9.341862147570658206e-03 1.530056871403579066e+02
2.750428400629056479e-03 -9.999720235647179267e-01 -6.955908754902570372e-03 5.395863878114671719e-01 -8.361567334674586960e-03 6.932693841692595151e-03 -9.999410413513772911e-01 -2.807796609344477279e+00 9.999612944222256994e-01 2.808429318078096721e-03 -8.342265779403163287e-03 1.542726919667437357e+02
1.965208291827756377e-03 -9.999672186439839683e-01 -7.854177274229533559e-03 5.373105855389738172e-01 -7.856979577965926900e-03 7.838509243350827785e-03 -9.999384434157958523e-01 -2.835835699645656849e+00 9.999672462921679328e-01 2.026798157163099169e-03 -7.841317882041143675e-03 1.555366747865743946e+02
1.561251326477195367e-03 -9.999643971859543123e-01 -8.292466532411826505e-03 5.312950626804481269e-01 -8.077700044525452927e-03 8.279594634398540140e-03 -9.999331295509730211e-01 -2.868131050672249049e+00 9.999661952296899914e-01 1.628131700428998331e-03 -8.064486149042359234e-03 1.568061531973144156e+02
1.480802645525767201e-03 -9.999634383262677728e-01 -8.421781784847754207e-03 5.258523752918190519e-01 -7.750402461742409918e-03 8.410061080751807944e-03 -9.999346330327234522e-01 -2.895856556499165624e+00 9.999689072068124185e-01 1.545978824812204800e-03 -7.737665585735868136e-03 1.580717822038724307e+02
1.299161466837521072e-04 -9.999696422423045572e-01 -7.790951295831119970e-03 5.212234211897884828e-01 -6.880523909352277007e-03 7.789872496544302839e-03 -9.999460215987594491e-01 -2.925923466658164163e+00 9.999763558702268185e-01 1.835156440851959381e-04 -6.879303196455097656e-03 1.593399876050697515e+02
