-1.857739385241000086e-03 -9.999659513509999709e-01 -8.039975204515999174e-03 -4.784029760482999896e-03 -6.481465826010999673e-03 8.051860151134000373e-03 -9.999466081773999981e-01 -7.337429464231000342e-02 9.999773098287000339e-01 -1.805528627661000035e-03 -6.496203536139000256e-03 -3.339968064432999872e-01
-8.669833886815699053e-03 -9.999270382388576461e-01 -8.411121912608073015e-03 -1.652823258702231651e-02 -6.316924216197422615e-03 8.466036435818410574e-03 -9.999442448530726502e-01 -7.323480717774465132e-02 9.999425004157761476e-01 -8.616217353732977605e-03 -6.389862640425910713e-03 -2.359545675056622382e-01
-1.517791661154605301e-02 -9.998446357239889615e-01 -8.962592597284132004e-03 -1.876529419166817619e-02 -6.213894484674299147e-03 9.057772575179909302e-03 -9.999396971094570707e-01 -7.373166783955142911e-02 9.998655361302487554e-01 -1.512130868105124835e-02 -6.350407334337753416e-03 -1.488184595958421119e-01
-2.279586964760350193e-02 -9.996957168992877119e-01 -9.424539153568889382e-03 -3.088557106735801555e-02 -6.233904207951133057e-03 9.568942960104187545e-03 -9.999348149272733188e-01 -7.703564998395912022e-02 9.997207409752258966e-01 -2.273563128084445453e-02 -6.450139858603977545e-03 -4.796158394303362549e-02
-3.234211859475836365e-02 -9.994242988797584770e-01 -1.024915081246885983e-02 -4.387834141708259889e-02 -7.856132048234655899e-03 1.050840172257109031e-02 -9.999139518990263209e-01 -7.809774378520298321e-02 9.994460258705736289e-01 -3.225881583938566832e-02 -8.191473449329543521e-03 6.082933223242859011e-02
-4.360724967281984915e-02 -9.989976869721153285e-01 -1.010118749267978865e-02 -5.190949349560320530e-02 -9.786658057093878399e-03 1.053747357877388852e-02 -9.998966166010087031e-01 -7.888897392934346442e-02 9.990008554268317020e-01 -4.350388493849224880e-02 -1.023635917798334204e-02 1.733026052419396335e-01
-5.744325310529772854e-02 -9.983020472594714700e-01 -9.659198962153161747e-03 -7.358010829991666613e-02 -1.058000087662915728e-02 1.028335745719052147e-02 -9.998911868514839263e-01 -7.996162520750960123e-02 9.982927536006369618e-01 -5.733480860969302623e-02 -1.115274615307560412e-02 3.058566429312220558e-01
-7.324216792353779870e-02 -9.972669403967638901e-01 -9.707268027287082116e-03 -9.047256511964651970e-02 -1.057502452279730429e-02 1.050944931059422105e-02 -9.998888806502664872e-01 -8.020197528426466216e-02 9.972581620418508042e-01 -7.313137494776227043e-02 -1.131585741946709682e-02 4.425481159339282877e-01
-9.168539440239227567e-02 -9.957492053421400646e-01 -8.792720811062713915e-03 -1.155504406325047473e-01 -1.052862274818653320e-02 9.798784367420498159e-03 -9.998965925481575479e-01 -8.033288642755304076e-02 9.957324053563114674e-01 -9.158333771151901115e-02 -1.138227322653272318e-02 5.893890830063548414e-01
-1.118487901785426702e-01 -9.937001350225603824e-01 -7.062416338629235943e-03 -1.427148954378801848e-01 -1.063916557636428867e-02 8.304064781455568547e-03 -9.999089539285546113e-01 -8.699500691477793368e-02 9.936683235566384775e-01 -1.117634775685588250e-01 -1.150094009510391722e-02 7.527470180586636195e-01
-1.339363897826266470e-01 -9.909645613711224321e-01 -7.090868954192378927e-03 -1.801572821954654513e-01 -1.096617365864161441e-02 8.636986127718513859e-03 -9.999025976004419780e-01 -9.224095130094350781e-02 9.909292987080378090e-01 -1.338455805996865422e-01 -1.202389636250944180e-02 9.152159580531228356e-01
-1.580212680020764704e-01 -9.873821199600255616e-01 -1.028736628636467421e-02 -2.298739175307039639e-01 -1.230554103557990331e-02 1.238662778167507611e-02 -9.998475885990804057e-01 -1.006840049460854536e-01 9.873590729387541343e-01 -1.578705892588662951e-01 -1.410762192849502293e-02 1.092615713737260741e+00
-1.833352112055002814e-01 -9.829474039737549074e-01 -1.423395512145423161e-02 -2.872003951198405791e-01 -1.414915353074909336e-02 1.711636100798979987e-02 -9.997534154062823752e-01 -1.019112808275910026e-01 9.829486665089456343e-01 -1.830885993507023191e-01 -1.704590538616326811e-02 1.270050701940423021e+00
-2.101057056991514627e-01 -9.775232016344687080e-01 -1.743500539417443609e-02 -3.530192947063699460e-01 -1.450340514200974470e-02 2.094742483664194937e-02 -9.996754082543251041e-01 -1.102657148191144298e-01 9.775711354063971736e-01 -2.097846395863494640e-01 -1.857858840084773006e-02 1.448989953267355357e+00
-2.396089165559485146e-01 -9.707018816257614313e-01 -1.803968988094749315e-02 -4.217359423337187496e-01 -1.489370587191861904e-02 2.225388146119325339e-02 -9.996414379620556234e-01 -1.153360962234833420e-01 9.707552812280372256e-01 -2.392543206554285373e-01 -1.978957714464330692e-02 1.645177399566925214e+00
-2.702457431503280660e-01 -9.625853365897769631e-01 -1.991748762226878966e-02 -4.938630218046178855e-01 -1.420339618184434521e-02 2.467087523845135771e-02 -9.995947576857122652e-01 -1.216931578966626015e-01 9.626866465001053808e-01 -2.698533333426523240e-01 -2.033918056041450831e-02 1.825904318551088146e+00
-3.019438245961820200e-01 -9.530915411424816241e-01 -2.112927960103619385e-02 -5.851739518048689748e-01 -1.318851971811749527e-02 2.633776750568509253e-02 -9.995661331913658909e-01 -1.236681369652348206e-01 9.532345324032723832e-01 -3.015341538494291651e-01 -2.052239339642990962e-02 2.036479180938050693e+00
-3.355116804966251642e-01 -9.417383821281829492e-01 -2.367967714856029915e-02 -6.819501596540288313e-01 -1.168988181182595287e-02 2.929686883062931554e-02 -9.995024227691565732e-01 -1.328010526603916885e-01 9.419635488199585849e-01 -3.350679369299682797e-01 -2.083825262396084635e-02 2.230785725903180250e+00
-3.686963388896797866e-01 -9.291935748391116912e-01 -2.573528585253048728e-02 -7.843656603479512990e-01 -1.145007409195201650e-02 3.222346217318679956e-02 -9.994151360380647553e-01 -1.301304057178132023e-01 9.294794104283634617e-01 -3.681860274731421079e-01 -2.252000795684891074e-02 2.413833242541543633e+00
-4.017422687684239491e-01 -9.153189955227530872e-01 -2.818285258579514285e-02 -9.023008572788800974e-01 -1.069389541557061798e-02 3.546272157253631263e-02 -9.993138092486562041e-01 -1.317252207651884721e-01 9.156903668847123923e-01 -4.011652179503197302e-01 -2.403520065236510947e-02 2.618144865399719912e+00
-4.364043430917519117e-01 -8.992926778278744759e-01 -2.870410394777605026e-02 -1.026332533312680928e+00 -9.967789953508575385e-03 3.673252704789319034e-02 -9.992754465272828401e-01 -1.291929090325059926e-01 8.996954758193939083e-01 -4.358020337533448640e-01 -2.499419519170070769e-02 2.811109454040438660e+00
-4.727017999092997802e-01 -8.808913554283533953e-01 -2.415406002782915021e-02 -1.148708059961744299e+00 -1.084399332994792804e-02 3.322234947856868292e-02 -9.993891899193309003e-01 -1.287624045534942474e-01 8.811557633834377068e-01 -4.721511477042140692e-01 -2.525664459947174478e-02 2.997385444276986277e+00
-5.100026456478079506e-01 -8.599502987786815655e-01 -1.956480170672355787e-02 -1.291839614806179037e+00 -1.090558129227706986e-02 2.920769484132464122e-02 -9.995139058754856087e-01 -1.367314710293207891e-01 8.601037296069199423e-01 -5.095413769505587886e-01 -2.427425992939291621e-02 3.202265057330920150e+00
-5.498168020200945305e-01 -8.350225555294733537e-01 -2.094800620751943038e-02 -1.439642536354024172e+00 -7.597486671080662911e-03 3.007721145364940576e-02 -9.995187359148017814e-01 -1.447052248405590325e-01 8.352507506864877973e-01 -5.493930494371725981e-01 -2.288102914237834934e-02 3.376887572843259466e+00
-5.909102836000218462e-01 -8.063336126694798933e-01 -2.551751809129184853e-02 -1.630018664775285897e+00 -3.787244988325802215e-03 3.440282222097456460e-02 -9.994009014809573932e-01 -1.459140056967271337e-01 8.067284162083985244e-01 -5.904596417078507020e-01 -2.338276478625877716e-02 3.570412075819708431e+00
-6.324983494453912947e-01 -7.740340203443930589e-01 -2.858633610484751300e-02 -1.825132448629043225e+00 -1.494663367065744795e-03 3.812609292294393687e-02 -9.992718510333998827e-01 -1.532283457435000551e-01 7.745603032429032586e-01 -6.319950710577796338e-01 -2.527161142278844252e-02 3.750551599710944206e+00
-6.736846576608905846e-01 -7.385078951487493715e-01 -2.747854503252222455e-02 -2.008099651472404545e+00 -9.268458095009216241e-04 3.802675798147187036e-02 -9.992763208481650894e-01 -1.476111024585813891e-01 7.390183808145033284e-01 -6.731716642685308116e-01 -2.630252688238986919e-02 3.912666393946039545e+00
-7.144507261846434476e-01 -6.992862468569129852e-01 -2.364110608250058476e-02 -2.239484845660196566e+00 7.947935033708684437e-04 3.297705261566147988e-02 -9.994558267635940130e-01 -1.571652776686901509e-01 6.996853412102156389e-01 -7.140807317265874810e-01 -2.300469129043717503e-02 4.094600758493323056e+00
-7.535938903655662324e-01 -6.570453675357333934e-01 -1.968820979201590937e-02 -2.462032427093888032e+00 1.669053090962654712e-03 2.803863170025384932e-02 -9.996054800202088808e-01 -1.587193412523173197e-01 6.573381856413089697e-01 -7.533294511485487677e-01 -2.003309814879209241e-02 4.261472450471449847e+00
-7.901530095345626892e-01 -6.126295951363429637e-01 -1.852563956703803805e-02 -2.700964799912305203e+00 3.596487131591298396e-03 2.559079329856164126e-02 -9.996660651443756151e-01 -1.588186200497043454e-01 6.128991090314973578e-01 -7.899557878489020801e-01 -1.801732817660659305e-02 4.411588551386711465e+00
-8.248648962963572862e-01 -5.650167965742712850e-01 -1.881251976632599549e-02 -2.990140732229471965e+00 6.702069963770917842e-03 2.350124650526823691e-02 -9.997013732584634216e-01 -1.542510238475524875e-01 5.652901980473155064e-01 -8.247446612148208178e-01 -1.559857119599361054e-02 4.573903838877209971e+00
-8.572924770728395094e-01 -5.144691757965498269e-01 -1.926339453159465337e-02 -3.270995874552783178e+00 9.228937170208471874e-03 2.205378017101462459e-02 -9.997142136851847605e-01 -1.579159756305330842e-01 5.147469929645998032e-01 -8.572252682644355692e-01 -1.415853583728718737e-02 4.708252788425218327e+00
-8.866520389896126453e-01 -4.620096347919159241e-01 -1.988114843201945620e-02 -3.559417454625364297e+00 1.138097512452017172e-02 2.117799243634690964e-02 -9.997109688067489230e-01 -1.508229433199576308e-01 4.622971546003201704e-01 -8.866220479292475920e-01 -1.351939007705121182e-02 4.821279423483230353e+00
-9.128280069583030176e-01 -4.077822507052781265e-01 -2.141649092767821880e-02 -3.907779128209235342e+00 1.444587920138216963e-02 2.016590404225808084e-02 -9.996923139381649337e-01 -1.501405304672942531e-01 4.080886671856626124e-01 -9.128565248231145235e-01 -1.251722881106454195e-02 4.942135033578831660e+00
-9.353361691966410874e-01 -3.529995891046446288e-01 -2.318497874449947094e-02 -4.227767410870762355e+00 1.731071025932271953e-02 1.978934199907185845e-02 -9.996543312576610107e-01 -1.441565673860897567e-01 3.533363944464955608e-01 -9.354142072903298688e-01 -1.239901412389089047e-02 5.030790882614728510e+00
-9.543269737306908640e-01 -2.976843190785359305e-01 -2.537849799631360440e-02 -4.609150451019203842e+00 2.105017832458455987e-02 1.773734041023991917e-02 -9.996210946908755668e-01 -1.413435095063420299e-01 2.980216821608902000e-01 -9.544996105468590564e-01 -1.066091440950219828e-02 5.119244919530387961e+00
-9.694234202192797412e-01 -2.439364313240831583e-01 -2.670676648626140251e-02 -4.985762049269734320e+00 2.418968390073102798e-02 1.330895921462854625e-02 -9.996188191060384476e-01 -1.393957185682764277e-01 2.441988999111033842e-01 -9.696999295453885281e-01 -7.001271742559349830e-03 5.190226814483074769e+00
-9.808092825934207060e-01 -1.930427456302984124e-01 -2.734301019771268049e-02 -5.363743376188429224e+00 2.571903131131413403e-02 1.091401768023539214e-02 -9.996096586752303281e-01 -1.441768805897027383e-01 1.932658205733820134e-01 -9.811296853770611337e-01 -5.739697546832323548e-03 5.256169436612520229e+00
-9.889829788316903958e-01 -1.454519314714141087e-01 -2.750275890790547864e-02 -5.791057950869515025e+00 2.594493485655556889e-02 1.259673193740309602e-02 -9.995840347618784039e-01 -1.343897359400453295e-01 1.457378779124614832e-01 -9.892851633370522979e-01 -8.684212717039230256e-03 5.278784147822191741e+00
-9.943664331960774261e-01 -1.023851970754393603e-01 -2.743456999726546705e-02 -6.212231960680786536e+00 2.603944999550822370e-02 1.493818748526808127e-02 -9.995493299723293701e-01 -1.176998445711101016e-01 1.027488805582471854e-01 -9.946326923061696856e-01 -1.218797818599206585e-02 5.307781551850963453e+00
-9.975940352787013854e-01 -6.443214493685596456e-02 -2.558592835691573392e-02 -6.669764647992373341e+00 2.459396602231740669e-02 1.614195814103577126e-02 -9.995672245512108312e-01 -1.044141658079876522e-01 6.481726792435622830e-02 -9.977915651879383230e-01 -1.451847944381200878e-02 5.303951699166391975e+00
-9.992939769502322545e-01 -2.977943322074027427e-02 -2.290682167341586209e-02 -7.134755645768984245e+00 2.245444662478030332e-02 1.543758968191465651e-02 -9.996287017475846692e-01 -9.771688910292775088e-02 3.012200361223786246e-02 -9.994373123221179656e-01 -1.475800998051721678e-02 5.302563043978158142e+00
-9.997946652414144708e-01 1.754238188219854394e-03 -2.018774949372086069e-02 -7.592956828364297195e+00 2.021179592970907130e-02 1.498557224525438707e-02 -9.996834373103640203e-01 -9.736488049515523713e-02 -1.451157139283096136e-03 -9.998862109601313053e-01 -1.501795164089150120e-02 5.291495655461757153e+00
-9.994350276670563860e-01 2.845839210303002798e-02 -1.788107711543097250e-02 -8.089991456994676255e+00 1.831592925620833742e-02 1.509365051226743693e-02 -9.997183423086437593e-01 -8.803856488749513265e-02 -2.818048568294965334e-02 -9.994810518906438457e-01 -1.560636528079935650e-02 5.262640586171877466e+00
-9.986657078162756163e-01 4.933800896304482708e-02 -1.524971285185606693e-02 -8.592033059151731322e+00 1.606307978887560120e-02 1.613130834441477146e-02 -9.997408809280905473e-01 -7.754914613536172119e-02 -4.907922713776031315e-02 -9.986518985959714767e-01 -1.690230488682314958e-02 5.225570866791524161e+00
-9.977105851778651502e-01 6.610037311359183432e-02 -1.429437261219475112e-02 -9.124282757718427561e+00 1.537066864305923486e-02 1.580294331929972887e-02 -9.997570092181485846e-01 -6.408791880862603485e-02 -6.585841768638353577e-02 -9.976878748395607843e-01 -1.678277092741873103e-02 5.173655952299531791e+00
-9.967385190413329266e-01 7.932067909637244285e-02 -1.485112714075326537e-02 -9.664179841944273264e+00 1.605245999924966721e-02 1.452912055596267647e-02 -9.997656098235566668e-01 -5.773761280952143665e-02 -7.908631404601902670e-02 -9.967432996959790792e-01 -1.575502627362777852e-02 5.126320946061419193e+00
-9.959583478179721006e-01 8.855749942552770815e-02 -1.498425517165347456e-02 -1.022440444874795773e+01 1.649324015623267539e-02 1.633246912082701383e-02 -9.997306068822546798e-01 -5.917509384059031763e-02 -8.828891334223322451e-02 -9.959371934008188765e-01 -1.772705892538672598e-02 5.069306979927626244e+00
-9.952377364918670866e-01 9.599891533924863329e-02 -1.691286884881949837e-02 -1.079709399237099809e+01 1.858145323290453718e-02 1.651395400261786509e-02 -9.996909923014627442e-01 -5.115734008818451084e-02 -9.568995248233014284e-02 -9.952444771332810136e-01 -1.821910922940818064e-02 5.005394583893589378e+00
-9.947931870602900739e-01 1.003487710438030478e-01 -1.779414364100118107e-02 -1.138635244850637029e+01 1.942077053273209147e-02 1.525613712324703532e-02 -9.996950210621978750e-01 -4.319582463678613843e-02 -1.000466978267351703e-01 -9.948353894197353720e-01 -1.712555161856817859e-02 4.946409054833632801e+00
-9.945921739808206707e-01 1.021833055565906784e-01 -1.857335838637084319e-02 -1.198939768298775910e+01 2.031729675001905933e-02 1.605246082441351071e-02 -9.996647328260653831e-01 -3.369038872113671451e-02 -1.018508956765052098e-01 -9.946360954514154029e-01 -1.804174074622215060e-02 4.882848916242154225e+00
-9.946935863195124350e-01 1.007637454153702122e-01 -2.076861684589939236e-02 -1.260971646640786226e+01 2.227665766307395170e-02 1.386393531327545503e-02 -9.996557384121362855e-01 -2.330229488548487410e-02 -1.004411224421136173e-01 -9.948138215226923764e-01 -1.603504717137030008e-02 4.820987947520228190e+00
-9.947672270497425195e-01 9.945440870042454584e-02 -2.338763986921019861e-02 -1.324903414799879009e+01 2.480059923268370173e-02 1.299441991817431273e-02 -9.996079901607667351e-01 -1.406506060761413685e-02 -9.911151313069470337e-02 -9.949573129295417040e-01 -1.539295223184385802e-02 4.754687723468889793e+00
-9.949358348861514489e-01 9.772403783658402399e-02 -2.350930728273447484e-02 -1.389751714088977330e+01 2.499298446283095693e-02 1.398583906505248067e-02 -9.995898155559149734e-01 -3.335585179019939783e-03 -9.735515542784299592e-02 -9.951153152551927006e-01 -1.635742802203982854e-02 4.683964743864016178e+00
-9.951691209932471693e-01 9.588669150753025006e-02 -2.107496903262914487e-02 -1.455866019239563869e+01 2.280063438653748970e-02 1.693687203477827960e-02 -9.995965827685937555e-01 4.572453019583005984e-03 -9.549106600676707246e-02 -9.952481945718437695e-01 -1.904132913425305579e-02 4.612637944381705601e+00
-9.952837954096236395e-01 9.474669967872702270e-02 -2.081421366386261226e-02 -1.524578244974496499e+01 2.254740645472887509e-02 1.725914197669479663e-02 -9.995968176790728243e-01 1.588247769501105466e-02 -9.434926433006825264e-02 -9.953518259569668070e-01 -1.931403745132177080e-02 4.544475704243297720e+00
-9.954066688331781876e-01 9.283980474061243049e-02 -2.337381419084931522e-02 -1.594144721088982131e+01 2.526914091108833915e-02 1.929208182478989175e-02 -9.994945414053395538e-01 3.087654494372069069e-02 -9.234194906035479711e-02 -9.954941852815138992e-01 -2.154944852234061056e-02 4.477352696024775369e+00
-9.954777127848485341e-01 9.114476723564286786e-02 -2.677207579851280037e-02 -1.667050333644370141e+01 2.853264134268313976e-02 1.806801108515941959e-02 -9.994295888835456054e-01 4.824502944455962006e-02 -9.060905931648041700e-02 -9.956737720797749214e-01 -2.058690369859837374e-02 4.404882823329353769e+00
-9.955766787061494094e-01 8.938224942075126411e-02 -2.894643690877092557e-02 -1.739406161049926425e+01 3.057900058676608565e-02 1.694966449807581987e-02 -9.993886646264775742e-01 6.021769602545885836e-02 -8.883697441042782972e-02 -9.958531989877262847e-01 -1.960791055145847533e-02 4.335674765671904574e+00
-9.957643999202167029e-01 8.747150090848068715e-02 -2.831954585873873789e-02 -1.814758948933217297e+01 3.016391171164948051e-02 1.983576201083713658e-02 -9.993481581520000656e-01 7.863631958000007194e-02 -8.685274434882207795e-02 -9.959695551671244873e-01 -2.239022776639593842e-02 4.262859129421967097e+00
-9.959887553714756869e-01 8.571887921008228273e-02 -2.566441947128597287e-02 -1.889969729757994088e+01 2.776254242997645491e-02 2.337487639166135889e-02 -9.993412380521136118e-01 8.927089427372551789e-02 -8.506250876941078010e-02 -9.960451641540827294e-01 -2.566088885918953177e-02 4.190210583052679461e+00
-9.961769551241363985e-01 8.373831966217432088e-02 -2.488715735568238288e-02 -1.965797062905247827e+01 2.705947493883497854e-02 2.490741403491032041e-02 -9.993234997399431663e-01 1.071485172257696378e-01 -8.306179674495836607e-02 -9.961764834164529292e-01 -2.707810621044678262e-02 4.119574374142962014e+00
-9.962129354838106243e-01 8.262344571786427172e-02 -2.707663239625640594e-02 -2.044646581814600239e+01 2.890432379531719317e-02 2.100515886091781220e-02 -9.993614922340934292e-01 1.257029652283118137e-01 -8.200194112894781950e-02 -9.963594910603604804e-01 -2.331378621273765342e-02 4.056292475203871817e+00
-9.962563133025379436e-01 8.136693664432158302e-02 -2.920244375750674290e-02 -2.122682319506531812e+01 3.095674526962653023e-02 2.038265453615921083e-02 -9.993129120948583966e-01 1.397068144051958893e-01 -8.071580672814236690e-02 -9.964758127148498623e-01 -2.282520441864373251e-02 3.996236273095611136e+00
-9.962814508411441672e-01 8.042292546597079594e-02 -3.090983334005784761e-02 -2.203971122340321998e+01 3.232542900703333499e-02 1.635957189605999340e-02 -9.993435353933952658e-01 1.587549132006687569e-01 -7.986445896471326689e-02 -9.966266053458848750e-01 -1.889844437006124242e-02 3.928514457116484504e+00
-9.964761235732413347e-01 7.954574474623396507e-02 -2.660464929407522355e-02 -2.284133086431828730e+01 2.810719353368198656e-02 1.782923756046575492e-02 -9.994459240970144931e-01 1.711155364313813876e-01 -7.902732990122911250e-02 -9.966718003602237363e-01 -2.000221822620143822e-02 3.868075596053448084e+00
-9.966465489061466787e-01 7.936579879372303303e-02 -1.991769815402924179e-02 -2.363807049617587097e+01 2.152737426693140943e-02 1.947792318313265256e-02 -9.995785353417184771e-01 1.822741333588381862e-01 -7.894439348996168393e-02 -9.966552883777984873e-01 -2.112114261297302203e-02 3.795163125843936225e+00
-9.967251244127053322e-01 7.944884034799863659e-02 -1.506348600053452301e-02 -2.444876672625444058e+01 1.640259123658500268e-02 1.622930890999758902e-02 -9.997337793546203777e-01 1.950970868775772082e-01 -7.918321900538283220e-02 -9.967068610639764348e-01 -1.747932703674055788e-02 3.734725799463416873e+00
-9.966944236402800472e-01 7.959846811309934100e-02 -1.625757062793020333e-02 -2.527821788760516242e+01 1.755752891328444393e-02 1.565885015554029092e-02 -9.997232620370846146e-01 2.058066356785387407e-01 -7.932186543977946813e-02 -9.967040504394319989e-01 -1.700464135720171702e-02 3.661702646771921366e+00
-9.965082606329377368e-01 8.026743149448160863e-02 -2.298745562521647620e-02 -2.611957804682705842e+01 2.426664478202014696e-02 1.499752551936353248e-02 -9.995930523535598855e-01 2.147480323800060598e-01 -7.989001163177793241e-02 -9.966605730431122856e-01 -1.689297923225601544e-02 3.594414940659804714e+00
-9.963080133406797545e-01 8.033961680645768100e-02 -3.026342926046611190e-02 -2.696218990508009483e+01 3.159913501871664671e-02 1.540645209905219457e-02 -9.993819070468875632e-01 2.240673107874056602e-01 -7.982370783237853484e-02 -9.966485182236540785e-01 -1.788823422135440641e-02 3.517545040249754340e+00
-9.961050604400844000e-01 8.073481311884506129e-02 -3.544837314156099040e-02 -2.781053777639601776e+01 3.677513228638683990e-02 1.500586043189902283e-02 -9.992109278158162189e-01 2.426792222232839191e-01 -8.013917393469607853e-02 -9.966226898851349159e-01 -1.791644693829492693e-02 3.444907010070697773e+00
-9.960555062403456672e-01 8.109156991321682384e-02 -3.602188620420371246e-02 -2.864867639827236800e+01 3.753069019365359166e-02 1.715898743655546940e-02 -9.991481730326124966e-01 2.607659001104634666e-01 -8.040439579278910176e-02 -9.965589802551416687e-01 -2.013472714501733651e-02 3.365550188732328252e+00
-9.961493207895365520e-01 8.124705940919881020e-02 -3.294604007987728816e-02 -2.948278145193331312e+01 3.448751283470360279e-02 1.764251605957594879e-02 -9.992494269801588391e-01 2.755109517855489631e-01 -8.060482688875533763e-02 -9.965378769416710636e-01 -2.037658980828570623e-02 3.296529837445524524e+00
-9.961679478691415346e-01 8.208123860468692634e-02 -3.020074359923097945e-02 -3.031004577713699533e+01 3.184517951290408849e-02 1.879919364130687096e-02 -9.993160373480288738e-01 2.911915142694425085e-01 -8.145734909798475754e-02 -9.964483682507293549e-01 -2.134104645936902092e-02 3.220329894439173390e+00
-9.961247248241530405e-01 8.230312446168983054e-02 -3.101171269966486455e-02 -3.115530061020769281e+01 3.289739621318747004e-02 2.165480884382499013e-02 -9.992241403001189681e-01 3.094555343214834275e-01 -8.156771640779426902e-02 -9.963720957366009046e-01 -2.427844928785621512e-02 3.145623708376874994e+00
-9.961045082298670694e-01 8.164024740336613128e-02 -3.332673414678616330e-02 -3.199438419855822957e+01 3.502678809524466946e-02 1.948040789860270433e-02 -9.991965316148125886e-01 3.284145199996709730e-01 -8.092543364525446592e-02 -9.964715027572059736e-01 -2.226411817966036238e-02 3.072336023570563679e+00
-9.961053647711570758e-01 8.210138016084070345e-02 -3.214753837979188872e-02 -3.282655270507930823e+01 3.389469006668201223e-02 1.997571708728734796e-02 -9.992257875547364554e-01 3.400654400437114200e-01 -8.139564659798423363e-02 -9.964238146777539828e-01 -2.268071964991280609e-02 2.995896946443429520e+00
-9.963144940116528403e-01 8.137219034049006372e-02 -2.712899269964218901e-02 -3.366532231720639601e+01 2.909880301714609305e-02 2.311980571644653426e-02 -9.993091602017979413e-01 3.532904106685469392e-01 -8.068875838538015766e-02 -9.964156408337523363e-01 -2.540243085662877154e-02 2.922534478399266611e+00
-9.964083485221062464e-01 8.150915980642665926e-02 -2.294901458664225929e-02 -3.447873878740436737e+01 2.509257923437587315e-02 2.537207710062026889e-02 -9.993631426521805139e-01 3.642247890868222648e-01 -8.087498618432892306e-02 -9.963496368580483376e-01 -2.732622424181891871e-02 2.848771954362034897e+00
-9.964178915344917842e-01 8.116297724346634157e-02 -2.374785045620107435e-02 -3.531220156383235320e+01 2.576877691675315274e-02 2.394338428510059055e-02 -9.993811771605183303e-01 3.785852234414393003e-01 -8.054414862732353630e-02 -9.964132514465178225e-01 -2.594908680139995302e-02 2.776787235873142468e+00
-9.964248501547818826e-01 8.031633480543315384e-02 -2.620673278040614243e-02 -3.615878565101333919e+01 2.805719450427197198e-02 2.199818924201578027e-02 -9.993642647667335677e-01 3.837883084562767610e-01 -7.968877477732276560e-02 -9.965266945846352753e-01 -2.417299370165859954e-02 2.705982415242098149e+00
-9.963136545922945952e-01 8.001647523893407055e-02 -3.092670615041132401e-02 -3.698785329771433794e+01 3.282257360731879320e-02 2.248736998216912392e-02 -9.992082153381913745e-01 4.000366418317882755e-01 -7.925765974790556501e-02 -9.965398913377465639e-01 -2.503082128303041679e-02 2.634120100895066319e+00
-9.961872766621230335e-01 7.930119201486390823e-02 -3.636238013912807682e-02 -3.782763852222034018e+01 3.803067798298626762e-02 1.962913079938807120e-02 -9.990837909050164223e-01 4.199001329491396373e-01 -7.851477390572528248e-02 -9.966574584027728667e-01 -2.257016886050110943e-02 2.571297613455312714e+00
-9.960488102774860408e-01 7.955723651410280539e-02 -3.946402940123924091e-02 -3.866051392590022573e+01 4.127577413346398411e-02 2.125781568489495260e-02 -9.989216538633292064e-01 4.407885412520188839e-01 -7.863252837402281981e-02 -9.966036452487521125e-01 -2.445760900726386827e-02 2.494444286126582533e+00
-9.960568842477482976e-01 7.942555548409471755e-02 -3.952544378362323613e-02 -3.948931150494585296e+01 4.125903248124297013e-02 2.030469382368879985e-02 -9.989421812787846466e-01 4.612216928872996946e-01 -7.853898575373734203e-02 -9.966340281959924496e-01 -2.350165237884106056e-02 2.425150255732054116e+00
-9.962523306488493269e-01 7.887311847161852796e-02 -3.550096967478070381e-02 -4.031983340312771702e+01 3.727379153439824150e-02 2.111905699697276192e-02 -9.990819292111637884e-01 4.767701563357756300e-01 -7.805096093097414756e-02 -9.966609768264029778e-01 -2.397980961734865260e-02 2.357478799012851844e+00
-9.963975996522953515e-01 7.869099563870068925e-02 -3.161569311414485356e-02 -4.114105674318519590e+01 3.349739482313245781e-02 2.270818969339221532e-02 -9.991808305155907011e-01 4.907162598873084369e-01 -7.790859914608555536e-02 -9.966404247862934440e-01 -2.526232901858771474e-02 2.284189303015797812e+00
-9.965159573788862080e-01 7.839349291371781880e-02 -2.846749759871155736e-02 -4.196522734576390690e+01 3.053846369032516342e-02 2.534645075563833963e-02 -9.992121987817084161e-01 5.109441875673569333e-01 -7.761018443866621319e-02 -9.966002667561143502e-01 -2.765215922519808842e-02 2.212418781790152167e+00
-9.965007486320626162e-01 7.922302106533600508e-02 -2.664530565754199068e-02 -4.278870652347700343e+01 2.908867437436205364e-02 2.984907482794084063e-02 -9.991310912830966284e-01 5.303930771450441339e-01 -7.835884599194301026e-02 -9.964099677737759952e-01 -3.204911849628098997e-02 2.134182548512282285e+00
-9.965242211777293191e-01 7.968793055696037075e-02 -2.427572192416466851e-02 -4.360567063512250741e+01 2.646741987774893154e-02 2.656333175881133574e-02 -9.992967167306410214e-01 5.421325486107417824e-01 -7.898704347301953310e-02 -9.964659117976881753e-01 -2.858013793274978911e-02 2.065406465613262466e+00
-9.964923673184489239e-01 8.095964164718918998e-02 -2.117757039209433589e-02 -4.443203082912687307e+01 2.320454605099941253e-02 2.417844924051281569e-02 -9.994383445803409760e-01 5.477010658344564353e-01 -8.040212972384122581e-02 -9.964241158729034709e-01 -2.597227294948664320e-02 2.002210357483409808e+00
-9.964361501749998684e-01 8.201121752008429244e-02 -1.972699048874765326e-02 -4.525063886718481143e+01 2.152792665667258021e-02 2.113360397257577072e-02 -9.995448858964302019e-01 5.536254370463510321e-01 -8.155699053509984919e-02 -9.964073569977215383e-01 -2.282381900179550685e-02 1.937891731727624300e+00
-9.962763126403710867e-01 8.315494914523108294e-02 -2.277643999349486872e-02 -4.607524439852800668e+01 2.446454117903936951e-02 1.933836944846017286e-02 -9.995136711760282955e-01 5.644765768900494862e-01 -8.267404946951424638e-02 -9.963490166654708213e-01 -2.130070708209588423e-02 1.864688594569181124e+00
-9.959515990748533110e-01 8.521131334003469171e-02 -2.862589550007803643e-02 -4.689979117851793688e+01 3.015335815707447312e-02 1.669258694203345009e-02 -9.994059188348596301e-01 5.765703728512915349e-01 -8.468285110791974601e-02 -9.962231021591214652e-01 -1.919441648621292296e-02 1.795504412303513320e+00
-9.956818215626915825e-01 8.695113595960697606e-02 -3.251461624312226850e-02 -4.770652384427268800e+01 3.384058517096149438e-02 1.381888677184888066e-02 -9.993317328974806735e-01 5.868592108157020260e-01 -8.644371439365508558e-02 -9.961167733907410060e-01 -1.670169211766258863e-02 1.725189799491923193e+00
-9.955792263542765363e-01 8.826353485968345403e-02 -3.211779160138532319e-02 -4.851729752160796494e+01 3.351204636507910950e-02 1.435993663629659550e-02 -9.993351733843450768e-01 5.955935726139911512e-01 -8.774364581216462233e-02 -9.959936856977675834e-01 -1.725434680506154200e-02 1.653411670927790844e+00
-9.955539333113505585e-01 8.983063404359074855e-02 -2.833394221431880661e-02 -4.932324206170958547e+01 3.005402888009339746e-02 1.785339416087668857e-02 -9.993888541584837748e-01 6.077963658604006447e-01 -8.926987759904388142e-02 -9.957970672354952146e-01 -2.047378864170957408e-02 1.564992715229940767e+00
-9.955521421680812999e-01 9.094559530602332187e-02 -2.459332720392833418e-02 -5.011885941259459543e+01 2.680480702456434008e-02 2.317539851977915011e-02 -9.993720308257454388e-01 6.197819015507463059e-01 -9.031852486959492110e-02 -9.955861967395545076e-01 -2.551009719834992917e-02 1.482341067930009970e+00
-9.954791971210757984e-01 9.215272725170912949e-02 -2.300104005585721159e-02 -5.090792199424638653e+01 2.558593154141193884e-02 2.696740634016598151e-02 -9.993088475642559754e-01 6.311640091913053308e-01 -9.146875764803000242e-02 -9.953796817335284208e-01 -2.920330572270694869e-02 1.398911368862985061e+00
-9.953627654192300778e-01 9.314487475921481852e-02 -2.402068226706085413e-02 -5.170761710489060903e+01 2.679342907439550767e-02 2.863254245073141094e-02 -9.992308834482103164e-01 6.398474057701728501e-01 -9.238546186897760026e-02 -9.952408228985927252e-01 -3.099543743821238373e-02 1.310739217743502660e+00
-9.952402193185309054e-01 9.409307842755575135e-02 -2.536517795883449361e-02 -5.249884156748179720e+01 2.816755351301064927e-02 2.857522209806447056e-02 -9.991947302227036642e-01 6.466662182362337141e-01 -9.329249252415457161e-02 -9.951532709102643981e-01 -3.108958197766083925e-02 1.235099103002670784e+00
-9.951651075598434426e-01 9.498313492150781134e-02 -2.499215771518224077e-02 -5.328893885129917152e+01 2.793979046073548009e-02 2.983088345026471688e-02 -9.991644216920776422e-01 6.573144042626412054e-01 -9.415823193820159476e-02 -9.950318561274826834e-01 -3.234046404360851196e-02 1.153196659618894948e+00
-9.950861976896027139e-01 9.573997913451019748e-02 -2.524487728747114301e-02 -5.406550664536232631e+01 2.830404417264793804e-02 3.073040649821698334e-02 -9.991269144388978951e-01 6.669796986156846241e-01 -9.488060389550849461e-02 -9.949319476061488920e-01 -3.328923203288679938e-02 1.069110230180886578e+00
-9.950296159817566544e-01 9.588749174799209019e-02 -2.686353828143536043e-02 -5.484526228867537867e+01 2.979469266579058348e-02 2.926871441405747010e-02 -9.991274543699001365e-01 6.791544719339731584e-01 -9.501756531344890400e-02 -9.949618181532597916e-01 -3.198017577303705061e-02 9.938559447697271620e-01
-9.948586138922440592e-01 9.685328084880522048e-02 -2.959340084472946233e-02 -5.561708616528486715e+01 3.255369813391499612e-02 2.912833699400512941e-02 -9.990454688631670299e-01 6.868582489108061573e-01 -9.589882530463260391e-02 -9.948723817844017381e-01 -3.213151020394544588e-02 9.122342709079876988e-01
-9.947414257134276072e-01 9.670530517613175336e-02 -3.372783770100892808e-02 -5.638012629470585324e+01 3.661681091380133285e-02 2.825611101063726233e-02 -9.989298592296309565e-01 7.002512635555202536e-01 -9.564879998102562841e-02 -9.949119308877102386e-01 -3.164856458999597971e-02 8.396740958891014683e-01
-9.946169168164467056e-01 9.718439453049387833e-02 -3.594954469686123533e-02 -5.715490942597209312e+01 3.883877155768812595e-02 2.800230293953132402e-02 -9.988530786784857174e-01 7.157495579348572834e-01 -9.606626262080686374e-02 -9.948724250135833058e-01 -3.162608677855357348e-02 7.580049433201659914e-01
-9.945408818500556247e-01 9.788717710242443582e-02 -3.614586586963773607e-02 -5.790703901831911793e+01 3.905812268283791189e-02 2.799955837436177847e-02 -9.988446045679095775e-01 7.306404494862550614e-01 -9.676201049379476449e-02 -9.948036056489800716e-01 -3.166999556716736108e-02 6.826173812826191734e-01
-9.946066717216103248e-01 9.791766717103710105e-02 -3.420085931447300331e-02 -5.864796263293555256e+01 3.696531726884137031e-02 2.655841340996952654e-02 -9.989636017272226498e-01 7.446869031864959965e-01 -9.690786548151603119e-02 -9.948401205692428695e-01 -3.003473329289961524e-02 6.070107588396852494e-01
-9.946982457102154784e-01 9.816183544877303546e-02 -3.065379110150435321e-02 -5.939287470608055486e+01 3.351138663818396812e-02 2.759548900886512127e-02 -9.990573218129710220e-01 7.580998673814586253e-01 -9.722339431914778229e-02 -9.947878240078501522e-01 -3.073872324130055844e-02 5.304193685188456353e-01
-9.947928006206148144e-01 9.805739286860350179e-02 -2.778553739854927596e-02 -6.010360408501959739e+01 3.069808680377225651e-02 2.831956014630047924e-02 -9.991274648821891757e-01 7.701947802495041628e-01 -9.718496040808800862e-02 -9.947777747639402479e-01 -3.118226950546766976e-02 4.515332355515759843e-01
-9.949846567331872560e-01 9.672892835073648721e-02 -2.547650584699581722e-02 -6.081681747233599111e+01 2.836992576677387426e-02 2.865591328784953748e-02 -9.991866911171624066e-01 7.808264692274280439e-01 -9.592020492236212614e-02 -9.948982053848187679e-01 -3.125638748891085283e-02 3.766028041858816566e-01
-9.952156203465016837e-01 9.452378962443068466e-02 -2.472073019842289249e-02 -6.151286700353791304e+01 2.779549159884791773e-02 3.135174728872189287e-02 -9.991218813112718866e-01 7.880128322575110644e-01 -9.366574883154905884e-02 -9.950288419758530623e-01 -3.382908397548758245e-02 3.038805582997793353e-01
-9.955869737309576140e-01 9.024619530037143733e-02 -2.573330881065510889e-02 -6.218611383922309699e+01 2.862156549811413139e-02 3.085726149134963847e-02 -9.991139603414666004e-01 7.949633871988560641e-01 -8.937217477089490214e-02 -9.954413730143872874e-01 -3.330407578746194530e-02 2.401208395649562233e-01
-9.960343066740995344e-01 8.470104209323497946e-02 -2.722847469529147621e-02 -6.285002035364612283e+01 2.994425235749319583e-02 3.095943894160951490e-02 -9.990720294330242002e-01 8.041798835837348225e-01 -8.377946349806413007e-02 -9.959253632209533746e-01 -3.337297320999366851e-02 1.781565902114798927e-01
-9.965889615620596720e-01 7.740542770941970241e-02 -2.861527801659114953e-02 -6.349326624239220962e+01 3.099723690666431747e-02 2.974787346178004582e-02 -9.990767216817907359e-01 8.123618889300090462e-01 -7.648271686509172662e-02 -9.965558436420443034e-01 -3.204575771879238089e-02 1.265760743296290847e-01
-9.971862964752783443e-01 6.857635946266754656e-02 -3.027807191313321503e-02 -6.413723451268870690e+01 3.248338396631515052e-02 3.127478658965657243e-02 -9.989828769926716312e-01 8.163118234790777139e-01 -6.755966796015856757e-02 -9.971555827649840609e-01 -3.341438066894530934e-02 7.736656042075851225e-02
-9.978633713231711555e-01 5.701679554176959652e-02 -3.190249606452216086e-02 -6.475156609674309038e+01 3.383530393012959547e-02 3.326112243411184777e-02 -9.988738357459990835e-01 8.249873818706860984e-01 -5.589147266991745244e-02 -9.978190581540418158e-01 -3.511923649851494966e-02 3.667133657477200659e-02
-9.985408589219348929e-01 4.216818750855622772e-02 -3.373402833093266245e-02 -6.534800146720910163e+01 3.526002430880147837e-02 3.598409636018462532e-02 -9.987301664871860440e-01 8.320818880379936555e-01 -4.090075263608196343e-02 -9.984623487734386460e-01 -3.741844217446547993e-02 7.421662306389187336e-03
-9.991009069709251289e-01 2.390163283776224057e-02 -3.501559698488172084e-02 -6.593684582378868697e+01 3.591509737957039594e-02 3.830331569804662495e-02 -9.986205557132099564e-01 8.434497836501829715e-01 -2.252744784810636544e-02 -9.989803031117179266e-01 -3.912730746806367815e-02 -9.835248929634554660e-03
-9.993454154104723930e-01 2.033711146351775863e-03 -3.611915454969964745e-02 -6.649622292288761116e+01 3.617111841027358110e-02 3.916779755134856822e-02 -9.985777864976562723e-01 8.517302089139763277e-01 -6.161102477194637652e-04 -9.992306205850710610e-01 -3.921572139564572651e-02 -5.555068616157787798e-03
-9.990503807863628793e-01 -2.345612175318406017e-02 -3.671715542221022643e-02 -6.704244232098541545e+01 3.578523110002852087e-02 3.898592938027002630e-02 -9.985988057833506959e-01 8.584552787246181316e-01 2.485470922862748414e-02 -9.989644567435754796e-01 -3.810952537161751974e-02 1.214136978469620987e-02
-9.979362253606430810e-01 -5.257566085682802148e-02 -3.686585876224214575e-02 -6.755765724234112213e+01 3.488791610039194274e-02 3.805525062356848037e-02 -9.986664522952436451e-01 8.618203113216854616e-01 5.390848970377856708e-02 -9.978916209687775929e-01 -3.614245828012797868e-02 5.006691906996524333e-02
-9.955220270067188792e-01 -8.687701198019757987e-02 -3.725944704590902767e-02 -6.805464946255968073e+01 3.419501865789441319e-02 3.649897438500458030e-02 -9.987485066550575441e-01 8.684987417478747806e-01 8.812821987774377419e-02 -9.955502475490001224e-01 -3.336477204626800419e-02 1.027240324961409823e-01
-9.915519840273112617e-01 -1.241081164350733845e-01 -3.770717884300228001e-02 -6.852714762225284062e+01 3.349595170109184034e-02 3.584612478478915731e-02 -9.987958427843987019e-01 8.765332926376820932e-01 1.253103318730733329e-01 -9.916210551604273116e-01 -3.138617756795889641e-02 1.751496792805634639e-01
-9.856601474338726465e-01 -1.643793472896958596e-01 -3.812476421054144388e-02 -6.898459927647856205e+01 3.272946499321766067e-02 3.540768039514136101e-02 -9.988368913734130272e-01 8.769939779906272825e-01 1.655380654314873579e-01 -9.857615369167789243e-01 -2.951989189036421934e-02 2.680807157180876699e-01
-9.769354189859313919e-01 -2.099159249229552160e-01 -3.914709585582784590e-02 -6.943849886045593678e+01 3.267252144871778813e-02 3.422468573943832082e-02 -9.988799929138583167e-01 8.897907199282967250e-01 2.110206202992445379e-01 -9.771202827453224771e-01 -2.657682546011332081e-02 3.717448311010733697e-01
-9.657306213108954873e-01 -2.567668069798377806e-01 -3.788354936314897864e-02 -6.986318076468509730e+01 3.082987802315262024e-02 3.144270926787239712e-02 -9.990299943728295773e-01 8.978547483797638673e-01 2.577089159910704863e-01 -9.659618166341492618e-01 -2.244909735803943263e-02 5.259247806698506000e-01
-9.510275981856678440e-01 -3.072458431898744124e-01 -3.385986202249830629e-02 -7.028399747511325302e+01 2.798330160028423760e-02 2.351324124112846164e-02 -9.993318410796011575e-01 8.917226526226801342e-01 3.078367118349789044e-01 -9.513396851030717638e-01 -1.376398863962085238e-02 6.876551910002556278e-01
