-1.857739385241000086e-03 -9.999659513509999709e-01 -8.039975204515999174e-03 -4.784029760482999896e-03 -6.481465826010999673e-03 8.051860151134000373e-03 -9.999466081773999981e-01 -7.337429464231000342e-02 9.999773098287000339e-01 -1.805528627661000035e-03 -6.496203536139000256e-03 -3.339968064432999872e-01
8.411178777585303495e-03 -9.999476296154399257e-01 -5.828952145028275938e-03 9.735934786030884386e-03 -5.433996249827550973e-03 5.783364431402101581e-03 -9.999685440878297582e-01 -8.171534679983731564e-02 9.999499053084602851e-01 8.442589591850051950e-03 -5.385066908433521100e-03 -5.695460587573186739e-02
1.760471139967762638e-02 -9.998444971267269610e-01 -1.027472116674531992e-03 3.031593170708969665e-02 -6.938882652458290036e-03 9.054299857649000674e-04 -9.999755448933753676e-01 -8.984060077129196742e-02 9.998209876842090171e-01 1.761141080390223393e-02 -6.921863923332467229e-03 5.340002694221670509e-01
1.566228274926733180e-02 -9.998773214299647716e-01 1.960553847264862840e-04 3.173342754985852138e-02 -7.585522051713279416e-03 -3.148957175122977722e-04 -9.999712145388010009e-01 -9.796882081222760275e-02 9.998486086174857013e-01 1.566034489838811355e-02 -7.589523625231908710e-03 8.417798984116465766e-01
9.410158623784740939e-03 -9.999501096932927879e-01 3.350036872049216071e-03 2.714923731851565797e-02 -9.942373394164406852e-03 -3.443583310154047904e-03 -9.999446791754317276e-01 -9.554782600368558199e-02 9.999063392689575558e-01 9.376331103259395727e-03 -9.974282167155656617e-03 1.168994024750881877e+00
-2.505230048902684203e-03 -9.999885948490673249e-01 4.064916710437066830e-03 1.762797565812630751e-02 -1.108493521343394475e-02 -4.036910995090076636e-03 -9.999304375210770202e-01 -1.079098220338280123e-01 9.999354587793016780e-01 -2.550114401354361664e-03 -1.107469555792263069e-02 1.498636119143900824e+00
-1.831774246452550284e-02 -9.998247305018217457e-01 3.869325783689767009e-03 1.919318013317971444e-04 -1.143070536248211484e-02 -3.660304866983351505e-03 -9.999280007067370413e-01 -1.138729914638365037e-01 9.997669083289447700e-01 -1.836065224535921026e-02 -1.136165365491782417e-02 1.825174413037735643e+00
-3.801460753869249226e-02 -9.992770925777291202e-01 4.136002361155486869e-04 -3.067504494319639452e-02 -1.204543598806888556e-02 4.436349484038840064e-05 -9.999274803546718271e-01 -1.160385055158481837e-01 9.992046195427958244e-01 -3.801683178669476582e-02 -1.203841502757866701e-02 2.155394853987060877e+00
-5.730916285849573660e-02 -9.983501467137881891e-01 -3.554603271835304629e-03 -6.498963591820657026e-02 -1.297203924873032571e-02 4.304789491299718628e-03 -9.999066263634299734e-01 -1.235870081186590946e-01 9.982722383239405195e-01 -5.725770009206201938e-02 -1.319734153791017085e-02 2.509372641492754408e+00
-7.689713445849757911e-02 -9.970305935853541746e-01 -4.100781702254631574e-03 -1.071027588986095125e-01 -1.323369619055620935e-02 5.133243800007626124e-03 -9.998992895598800557e-01 -1.245262237673052108e-01 9.969512429918444552e-01 -7.683512090544532269e-02 -1.358913206287267611e-02 2.868885405266294875e+00
-9.760183800730500014e-02 -9.952215777733638413e-01 -2.808172824543029612e-03 -1.494613716325294550e-01 -1.254069483622166636e-02 4.051281813660810929e-03 -9.999131843069971604e-01 -1.347759723473968552e-01 9.951465696346829537e-01 -9.755814780892142768e-02 -1.287618295724335220e-02 3.258118143837755998e+00
-1.172019636212534299e-01 -9.931070794637627541e-01 -1.425927620389100996e-03 -2.028818952183627788e-01 -1.200327143268681805e-02 2.852285870935849892e-03 -9.999239245478813709e-01 -1.439968544514871884e-01 9.930356029469052936e-01 -1.171759245897331519e-01 -1.225482757059999199e-02 3.642149382389739287e+00
-1.350671141942571818e-01 -9.908336385016691672e-01 -2.358955875330696200e-03 -2.649404087234366600e-01 -1.123673618930393601e-02 3.912363790827941626e-03 -9.999292433446154149e-01 -1.500648351541316039e-01 9.907727709116366244e-01 -1.350310568502798292e-01 -1.166216817141183491e-02 4.028037451517656464e+00
-1.509323112117467169e-01 -9.885393049815972555e-01 -3.078489836636797393e-03 -3.388832958509830351e-01 -1.067348602874160744e-02 4.743618183998032749e-03 -9.999318147225206843e-01 -1.596532677501613096e-01 9.884865161487212948e-01 -1.508891579354373902e-01 -1.126712584825454583e-02 4.448072202450157775e+00
-1.639101622570785233e-01 -9.864681892827082965e-01 -3.738435264271441124e-03 -4.207047586912620596e-01 -1.072761339650211282e-02 5.571924537483334550e-03 -9.999269633655749612e-01 -1.666646515581791110e-01 9.864169787436408710e-01 -1.638580870194270567e-01 -1.149574451632199255e-02 4.860700551450368501e+00
-1.763666114636595339e-01 -9.843219108753507030e-01 -2.280045555571992132e-03 -5.089238613668378708e-01 -1.172727458772261470e-02 4.417422168181224865e-03 -9.999215077232147530e-01 -1.724415094732281994e-01 9.842547294109036393e-01 -1.763260265690718420e-01 -1.232249927485775352e-02 5.308488817469195986e+00
-1.864334441008542176e-01 -9.824672540809458177e-01 8.082684342015035352e-04 -5.894962429295208528e-01 -1.351374195989466127e-02 1.741757002821952768e-03 -9.999071980743357013e-01 -1.849854999454235149e-01 9.823746861301395628e-01 -1.864270733432611959e-01 -1.360153097193851114e-02 5.741683695855876124e+00
-1.939551878370774085e-01 -9.810103870688645644e-01 8.038033461794503282e-05 -6.865358854622204410e-01 -1.539641418758131743e-02 2.962092172534564697e-03 -9.998771114922738734e-01 -1.929695615518039753e-01 9.808896064045601326e-01 -1.939325982126819947e-01 -1.567855538842108029e-02 6.198454074233693767e+00
-2.010367178300355440e-01 -9.795836987935089279e-01 1.452702572479185202e-04 -7.945590085161987615e-01 -1.736173423655702763e-02 3.414815616352539617e-03 -9.998434701318891227e-01 -1.962680246900452841e-01 9.794298793793558833e-01 -2.010077745957853379e-01 -1.769377498302691573e-02 6.689488297940202166e+00
-2.093014604863683015e-01 -9.778509914674651249e-01 5.771855651897227386e-04 -9.070085578159381434e-01 -1.982507955509688058e-02 3.653265290290070352e-03 -9.997968201392717358e-01 -2.070782822728661765e-01 9.776502190355071953e-01 -2.092703783223584801e-01 -2.015060818135389412e-02 7.160424053406265088e+00
-2.176088875318218374e-01 -9.760258238111183537e-01 4.467262108127934180e-03 -1.013498775590973011e+00 -2.150623385043974253e-02 2.189672023251141067e-04 -9.997687182015085883e-01 -2.148068610318843441e-01 9.757991275127939623e-01 -2.176546278396890577e-01 -2.103828850749269591e-02 7.660412015093574389e+00
-2.248997379357411119e-01 -9.743278575529323859e-01 1.026335767579346359e-02 -1.125784649801012671e+00 -2.294800072860298315e-02 -5.233881050768807684e-03 -9.997229940755923971e-01 -2.362102942510941883e-01 9.741116898316050099e-01 -2.250729648324845678e-01 -2.118177878496730823e-02 8.185124639872476848e+00
-2.332364780875612886e-01 -9.723551467800660708e-01 1.123468390315913654e-02 -1.251929631436919488e+00 -2.508725230464436268e-02 -5.532664790832308999e-03 -9.996699880916741776e-01 -2.579528418064489514e-01 9.720964209726115079e-01 -2.334413571641272278e-01 -2.310329951309182672e-02 8.687757917326965895e+00
-2.416479350264509884e-01 -9.703333538198651853e-01 7.711159764976914695e-03 -1.397997643195558082e+00 -2.946216608284360841e-02 -6.063281328535431074e-04 -9.995657447583998767e-01 -2.592806804935144371e-01 9.699166591962744555e-01 -2.417701909755363976e-01 -2.844160520861972394e-02 9.225133491344724490e+00
-2.504818227309973389e-01 -9.681090431290255705e-01 4.871245632044444301e-03 -1.556235783690551155e+00 -3.256050069310773704e-02 3.395462797563430796e-03 -9.994640298322425842e-01 -2.739499885092385734e-01 9.675736330401365493e-01 -2.505061902447076605e-01 -3.237261727782835691e-02 9.760620841174548090e+00
-2.588254488440321910e-01 -9.658978427099575992e-01 7.122880327194520446e-03 -1.709243101593526548e+00 -3.464103048073328278e-02 1.912611271848282425e-03 -9.993980216670297345e-01 -2.983838453649470535e-01 9.653027861723215697e-01 -2.589163849713014276e-01 -3.395472952562660074e-02 1.033838538261038131e+01
-2.677906593909200050e-01 -9.634323030770479690e-01 9.293377912527526000e-03 -1.874081516758574484e+00 -3.620591663938240584e-02 4.238196163694029207e-04 -9.993442888426932180e-01 -3.265111838488035101e-01 9.627966413315318661e-01 -2.679515399337908388e-01 -3.499544473904812880e-02 1.089247546669659528e+01
-2.748580349315787319e-01 -9.614406078077838425e-01 9.220546260017855808e-03 -2.031324553509625819e+00 -3.893789952531311743e-02 1.548562707494608977e-03 -9.992404652670592302e-01 -3.512446806143777467e-01 9.606960869106351275e-01 -2.750083005900800792e-01 -3.786211338902904094e-02 1.146866816137577594e+01
-2.831451223427874919e-01 -9.590366937198764319e-01 8.801353428053567893e-03 -2.220329518141981318e+00 -4.250600516482416769e-02 3.380494403292023421e-03 -9.990905224095149029e-01 -3.715470704550713488e-01 9.581347267901342279e-01 -2.832617190820287401e-01 -4.172199018329530301e-02 1.206531203645402073e+01
-2.905808145956129684e-01 -9.567974763324701426e-01 1.006902176883236674e-02 -2.410807316512438625e+00 -4.756240912892625849e-02 3.933093378812330815e-03 -9.988605557012689706e-01 -4.001485018459987608e-01 9.556676641323035293e-01 -2.907286175784865034e-01 -4.665047489178813372e-02 1.263485076823118547e+01
-2.966946578231436371e-01 -9.549092194268219425e-01 1.098428813143193135e-02 -2.611737142853223226e+00 -5.468368115067321483e-02 5.504889072459515607e-03 -9.984885870114114104e-01 -4.376309548053643472e-01 9.534054984190841742e-01 -2.968469014702055375e-01 -5.385122363168225179e-02 1.325227761129460369e+01
-3.011229236273897936e-01 -9.535202942453180341e-01 1.113663390432470361e-02 -2.815735212080396899e+00 -6.273149089865362460e-02 8.154582364352402912e-03 -9.979971571901354865e-01 -4.699622328141736527e-01 9.515197373169250739e-01 -3.012184368585621441e-01 -6.227128216024544610e-02 1.386832811018677347e+01
-3.046018538415513621e-01 -9.524087455024149440e-01 1.163129941598580082e-02 -3.025695752529947935e+00 -7.152372239191860659e-02 1.069437207100310330e-02 -9.973815965535968164e-01 -5.160599032415604803e-01 9.497905784542792773e-01 -3.046361981578075695e-01 -7.137734481956954646e-02 1.450023166695737942e+01
-3.089837435581806457e-01 -9.510063272688864533e-01 1.077054099866883718e-02 -3.249739129872697863e+00 -8.027993036957573048e-02 1.479548299636635270e-02 -9.966625777550752741e-01 -5.581691306207084979e-01 9.476730667709081235e-01 -3.088171968275886803e-01 -8.091828584435532823e-02 1.514369517568492896e+01
-3.127134687079409781e-01 -9.497975307355635000e-01 9.743031980824334165e-03 -3.469358727365427608e+00 -8.732743554353740445e-02 1.853482822724910814e-02 -9.960072535522191961e-01 -6.136475114783658258e-01 9.458246576648237092e-01 -3.123157244272412036e-01 -8.873947432211956587e-02 1.578589822223027106e+01
-3.184212886870161907e-01 -9.479108893732089980e-01 8.534067965349466378e-03 -3.704439966822943742e+00 -9.388421564655419216e-02 2.257653431929841290e-02 -9.953271443199235291e-01 -6.724919815655154842e-01 9.432887687386340980e-01 -3.177345667542515462e-01 -9.618272064643093588e-02 1.644261905847865179e+01
-3.227488546456311891e-01 -9.464570381206349747e-01 7.228027230058043512e-03 -3.939860220646556055e+00 -9.980022358083162626e-02 2.643649274324820844e-02 -9.946562631311280933e-01 -7.436223658407229431e-01 9.412083574780015782e-01 -3.217455290246558630e-01 -1.029889726202014577e-01 1.712336518127633411e+01
-3.277259020909326082e-01 -9.447581958784214695e-01 5.261832303803144241e-03 -4.192281963252423083e+00 -1.049148769728531355e-01 3.085768461914976599e-02 -9.940023836964463344e-01 -8.152710075849711746e-01 9.389295390844270006e-01 -3.263123812087168618e-01 -1.092320543602774835e-01 1.777494369651003581e+01
-3.330780646777200538e-01 -9.428960976732968513e-01 2.437086786897599364e-03 -4.461091877991999688e+00 -1.084126185073711196e-01 3.572897160804313493e-02 -9.934637455258454874e-01 -8.895784128743337016e-01 9.366460236764261316e-01 -3.311651893414102044e-01 -1.141223721915196609e-01 1.849686513589352188e+01
-3.376725210010465550e-01 -9.412603423532889257e-01 2.496379519223183071e-03 -4.714132824275393929e+00 -1.096538389528605856e-01 3.670339684472315178e-02 -9.932919816496897925e-01 -9.700995601846117422e-01 9.348547326606052588e-01 -3.356811476646279768e-01 -1.156065325552057682e-01 1.917627062761626178e+01
-3.430195000174594000e-01 -9.393272562776112666e-01 1.385919176437559654e-03 -4.986153537821581772e+00 -1.089440926725598058e-01 3.831816997521775292e-02 -9.933090992477205949e-01 -1.055850169789812387e+00 9.329892170876689095e-01 -3.408753786771428484e-01 -1.154780335213496517e-01 1.990470008163445215e+01
-3.495938646298321628e-01 -9.368998268650233774e-01 1.682409234979200538e-03 -5.271094398140093062e+00 -1.074932400839494345e-01 3.832593084094017277e-02 -9.934668555957403280e-01 -1.142346502302057587e+00 9.307144554891586541e-01 -3.474907694846344208e-01 -1.141089040362827378e-01 2.061911838097257998e+01
-3.561231361078882052e-01 -9.344374776943934480e-01 1.705332884740398507e-03 -5.539440646998599505e+00 -1.056250258732889663e-01 3.844129666245421628e-02 -9.936627578783827630e-01 -1.227957205584823352e+00 9.284501830157058100e-01 -3.540464266223430356e-01 -1.123898220389114577e-01 2.134061741017146829e+01
-3.634974306121943610e-01 -9.315944258495066910e-01 1.201719743951435359e-03 -5.823145296173075636e+00 -1.023432702160848584e-01 3.865094754186595288e-02 -9.939980015970345528e-01 -1.313515255846879892e+00 9.259565573078665235e-01 -3.614387044592777820e-01 -1.093919422265571817e-01 2.203891072032970655e+01
-3.733543573436300389e-01 -9.276875703007213536e-01 -1.513185848181722564e-03 -6.156368214668497707e+00 -9.721599221653355605e-02 4.074730633565307181e-02 -9.944288641790339778e-01 -1.399265971990976354e+00 9.225809711245747113e-01 -3.711272496828970646e-01 -1.053992525152031290e-01 2.286538370850063018e+01
-3.812073293473491886e-01 -9.244833013662678844e-01 -3.405110958144766907e-03 -6.474162892129584179e+00 -9.158111433313481653e-02 4.142774327288503700e-02 -9.949355310949838938e-01 -1.481482123538871987e+00 9.199423545379969980e-01 -3.789648752302886003e-01 -1.004577716395342046e-01 2.356676541902369593e+01
-3.901065476172178581e-01 -9.207511292778920442e-01 -5.851283679682447135e-03 -6.790382687670791562e+00 -8.751085314600635934e-02 4.340136701545865144e-02 -9.952176786305122480e-01 -1.556166042569763874e+00 9.166017673056625625e-01 -3.877288894206807335e-01 -9.750687552392117707e-02 2.433960550234497688e+01
-3.981142085127872821e-01 -9.173164912014579730e-01 -5.960771542139368245e-03 -7.131406125168406440e+00 -8.572628503982487880e-02 4.367300854202967736e-02 -9.953611027063498096e-01 -1.632039254132531036e+00 9.133214930864397285e-01 -3.957564109198780100e-01 -9.602498077781926322e-02 2.506593373950583370e+01
-4.077750577545779520e-01 -9.130421780453962244e-01 -8.572459232004907628e-03 -7.489509630746573166e+00 -8.483113148327214859e-02 4.723108820672339975e-02 -9.952753238118765555e-01 -1.715011120845272963e+00 9.091332422901853283e-01 -4.051212420386450797e-01 -9.671406132897232555e-02 2.584794050452837055e+01
-4.154000409254587911e-01 -9.095971202582406878e-01 -8.710526117772267318e-03 -7.849300661402036638e+00 -8.369440723277285499e-02 4.775372602424910601e-02 -9.953466130196646500e-01 -1.781936825468167118e+00 9.057803883558457336e-01 -4.127380080036553989e-01 -9.596509282498449922e-02 2.659359730949369194e+01
-4.216215018586582652e-01 -9.067264014308362707e-01 -9.085080223032599919e-03 -8.231238787299764326e+00 -8.220791586576652044e-02 4.820016063455263150e-02 -9.954489809674462730e-01 -1.859819363188546681e+00 9.030377826983948530e-01 -4.189558329935950676e-01 -9.486231303160422290e-02 2.739775128664456716e+01
-4.306672365863475904e-01 -9.024647152369265068e-01 -9.119345304555803375e-03 -8.609650989595948545e+00 -7.978083218778120322e-02 4.813336466015719767e-02 -9.956496656141399226e-01 -1.931878794908728381e+00 8.989776466936485466e-01 -4.280661462807311413e-01 -9.272884983682735949e-02 2.818107108188666743e+01
-4.387638045520012575e-01 -8.985556448065584734e-01 -9.168789812903917896e-03 -9.001744029951295190e+00 -7.567661778415020468e-02 4.711610921202698254e-02 -9.960186686970646797e-01 -2.007797230254625642e+00 8.954102054767072438e-01 -4.363230855739491099e-01 -8.867249700559659553e-02 2.895076613946065791e+01
-4.460545049827480679e-01 -8.949542113451917080e-01 -9.609331023496236676e-03 -9.414514061341902718e+00 -7.010236658166621448e-02 4.563935051618695643e-02 -9.964952379800129378e-01 -2.069581711911669952e+00 8.922561787576341885e-01 -4.438175672688174922e-01 -8.309604730239864012e-02 2.976526341351141625e+01
-4.532612794174870063e-01 -8.913198621845782599e-01 -1.015444472934385473e-02 -9.815282098008056622e+00 -6.583386194559970317e-02 4.483477092930372720e-02 -9.968228557247139632e-01 -2.142143453359268701e+00 8.889432911823980099e-01 -4.511526974806355783e-01 -7.900089617386413243e-02 3.055945466930677767e+01
-4.600636231989362335e-01 -8.878339762923885825e-01 -9.606582069808838192e-03 -1.025857544560406431e+01 -6.394536983772509953e-02 4.392326763600377243e-02 -9.969863550134747676e-01 -2.208926622533312845e+00 8.855803278242511123e-01 -4.580628668439586382e-01 -7.698037009396964392e-02 3.139418330088046716e+01
-4.656641918641679090e-01 -8.849005964489511378e-01 -1.038259303219181591e-02 -1.070482798201943631e+01 -6.272627703123066778e-02 4.470685978090577217e-02 -9.970289762239110676e-01 -2.275678690184729458e+00 8.827357101648938276e-01 -4.636294353214605035e-01 -7.632490404183391031e-02 3.221990543155177278e+01
-4.710552834245294584e-01 -8.820623182788692729e-01 -8.543190532939146792e-03 -1.114075107121407093e+01 -6.102164049892497277e-02 4.224666821709893022e-02 -9.972420132239294688e-01 -2.327599455242134407e+00 8.799905409586846750e-01 -4.692348058287579837e-01 -7.372540651174223914e-02 3.302531441766283393e+01
-4.791785801023423774e-01 -8.776832657328544895e-01 -7.744207613137100467e-03 -1.161029343895366672e+01 -5.937410426547395231e-02 4.121618010043479052e-02 -9.973845825147776845e-01 -2.388629429073368282e+00 8.757069509046068179e-01 -4.774655271881259599e-01 -7.186156882692387726e-02 3.386217562311584572e+01
-4.814095494548126242e-01 -8.764694298294215535e-01 -6.796090746364161737e-03 -1.207877305299498794e+01 -5.925482617225849569e-02 4.028031252860088396e-02 -9.974299045261756369e-01 -2.451750596900186263e+00 8.744905817456583019e-01 -4.797695904573430203e-01 -7.132637103970111692e-02 3.471589863284479094e+01
-4.866447467788305170e-01 -8.735832445529874146e-01 -5.403795910456284449e-03 -1.254921736448461012e+01 -5.975675645291047416e-02 3.945844168927784695e-02 -9.974328195624272420e-01 -2.511451004245805585e+00 8.715538360011521046e-01 -4.850725263597919779e-01 -7.140474519817206767e-02 3.554479459888540305e+01
-4.889870761248356623e-01 -8.722721565148372491e-01 -5.737255894352756048e-03 -1.305084615264894232e+01 -6.031791656861988649e-02 4.037364168110798429e-02 -9.973624063492863012e-01 -2.573838353068835350e+00 8.702031066681621407e-01 -4.873512707528826482e-01 -7.235582995594215527e-02 3.642452337451152289e+01
-4.883133941879715945e-01 -8.726492336770306224e-01 -5.773803717970205952e-03 -1.354887729923927253e+01 -5.941956222613259397e-02 3.984920188898133375e-02 -9.974374217649176755e-01 -2.634309938802978035e+00 8.706431008648691794e-01 -4.867189860043915628e-01 -7.131133527795154026e-02 3.729035393409229471e+01
-4.900656640018453691e-01 -8.716693995382677196e-01 -5.301409220230508292e-03 -1.405909168084524019e+01 -5.779649930952750897e-02 3.856126808945897072e-02 -9.975834031045111017e-01 -2.697483969818522898e+00 8.697673654905383467e-01 -4.885749756897762586e-01 -6.927699354159737311e-02 3.820052635430670307e+01
-4.896218851003690253e-01 -8.719224351630237013e-01 -4.655543485568995436e-03 -1.457072249392774310e+01 -5.719833148990795951e-02 3.744622735046248402e-02 -9.976603608435032911e-01 -2.760163751437456625e+00 8.700567935103740158e-01 -4.882100645525372928e-01 -6.820700212610106283e-02 3.909483798545704047e+01
-4.910494431327339648e-01 -8.711260516334922155e-01 -3.136209667033914260e-03 -1.507454909291056389e+01 -5.778865506068485425e-02 3.616698166430754730e-02 -9.976735356902686203e-01 -2.823498133415739630e+00 8.692128461013545193e-01 -4.897258109818392047e-01 -6.810098057909247382e-02 3.998681281881660965e+01
-4.920879909401955077e-01 -8.705443486160706623e-01 -1.393320542952148494e-03 -1.560207327615396089e+01 -5.864899786338884091e-02 3.474899996202755748e-02 -9.976737302925710038e-01 -2.891574108833411927e+00 8.685676557772037398e-01 -4.908615467909235308e-01 -6.815611926352158068e-02 4.092952005100862323e+01
-4.961473558508324722e-01 -8.682373766970230555e-01 -1.285368140067576518e-03 -1.611657853016806285e+01 -5.656773360642099874e-02 3.380239711307297251e-02 -9.978264087953171435e-01 -2.953688990449142349e+00 8.663936446764320953e-01 -4.949962305644179383e-01 -6.588519158547065380e-02 4.181546381303469673e+01
-4.979903260936519027e-01 -8.671809680255815334e-01 -1.674962937392059700e-03 -1.667708135609474240e+01 -5.305627029093971242e-02 3.239604256654954328e-02 -9.980659238198096306e-01 -3.021351335583231101e+00 8.655580513205116677e-01 -4.969383074946087109e-01 -6.214230453009520622e-02 4.276418059730205812e+01
-5.026840179732160463e-01 -8.644692054909758339e-01 -1.328477744609203289e-03 -1.720299937216763908e+01 -4.859194124107889950e-02 2.979019932394473200e-02 -9.983743930014965517e-01 -3.087235210723758616e+00 8.631035011701251314e-01 -5.018023101895796589e-01 -5.698129566252241318e-02 4.368890861195154685e+01
-5.095875886752914141e-01 -8.604144182896921178e-01 2.740407506524476268e-03 -1.774609977465879496e+01 -4.660149481295308704e-02 2.441954662740991600e-02 -9.986150679319715229e-01 -3.143467271034855237e+00 8.591558872591864571e-01 -5.090095612707978834e-01 -5.254049654234769356e-02 4.456296811035339545e+01
-5.179897069147972877e-01 -8.553812294611721212e-01 3.099646704825624252e-03 -1.829408018851352224e+01 -4.871704037881124938e-02 2.588319290242423881e-02 -9.984772290451866539e-01 -3.210346564903429289e+00 8.539984590445696133e-01 -5.173519343123409442e-01 -5.507887057298033878e-02 4.546810724100507173e+01
-5.266403526624655607e-01 -8.500654435153204291e-01 6.219002203102294915e-03 -1.886785200552058228e+01 -5.207575474547762595e-02 2.495874787318488539e-02 -9.983312237484923690e-01 -3.273055555263839178e+00 8.484916736199229481e-01 -5.260853695985487910e-01 -5.741208442696971864e-02 4.637108843851115125e+01
-5.369948138688862560e-01 -8.435546695074848111e-01 7.216887024887483522e-03 -1.944318527785357986e+01 -5.212256712304685208e-02 2.463937975337200312e-02 -9.983367182985205535e-01 -3.329633698484202764e+00 8.419737859062181862e-01 -5.364778109012919849e-01 -5.719945438874794036e-02 4.728114063312879267e+01
-5.451747849851408256e-01 -8.383154341478600280e-01 3.417699106125770669e-03 -2.003596366698471698e+01 -4.673236812437414622e-02 2.632007767080021821e-02 -9.985606615893978244e-01 -3.388269203291272902e+00 8.370188732187793246e-01 -5.445498181930237269e-01 -5.352550910841183396e-02 4.817399969305728291e+01
-5.528335451146639823e-01 -8.332914776026276726e-01 6.094548787227431659e-04 -2.062829355517873253e+01 -4.146057731912694555e-02 2.677584685728868000e-02 -9.987813214726106725e-01 -3.456129211338363039e+00 8.322596658028923455e-01 -5.521850948050617269e-01 -4.935133224167344984e-02 4.905591454867403911e+01
-5.593256768982426408e-01 -8.289479894115170389e-01 1.308084700075418908e-04 -2.123116889811167596e+01 -4.301882375100034295e-02 2.886900007493954992e-02 -9.986571104957430167e-01 -3.507179602314206335e+00 8.278310345543785642e-01 -5.585801946613530022e-01 -5.180754130261309293e-02 4.991979835396139009e+01
-5.632230611966700939e-01 -8.263015474509551872e-01 2.350621770784107334e-03 -2.184555188547581039e+01 -4.765001795091192843e-02 2.963890139320637593e-02 -9.984242976000631264e-01 -3.561321813815698345e+00 8.249298812456534735e-01 -5.624476062396681630e-01 -5.606659748366036450e-02 5.081378842707309929e+01
-5.689279315680426663e-01 -8.223727946741987704e-01 4.897665898262909198e-03 -2.243975086586938161e+01 -5.450954190064721122e-02 3.176672614423538266e-02 -9.980078414097253159e-01 -3.623456653369893754e+00 8.205789242444671006e-01 -5.680615140551347197e-01 -6.290014310122080121e-02 5.166641925106230815e+01
-5.726542731744610482e-01 -8.197889828584936645e-01 3.619594601329557178e-03 -2.308129294347411786e+01 -5.619335999838617063e-02 3.484761791060624059e-02 -9.978116128636238535e-01 -3.690797687386912607e+00 8.178688463558341226e-01 -5.716044859912425835e-01 -6.602233567032832207e-02 5.256865650976656923e+01
-5.753775837990079411e-01 -8.178771567990085201e-01 4.194437163056647690e-03 -2.368066822515790548e+01 -5.249965516580077513e-02 3.181479890334525801e-02 -9.981140531440610975e-01 -3.752160849835724843e+00 8.162012498041993913e-01 -5.745126676519072273e-01 -6.124379120740910259e-02 5.340430533244340694e+01
-5.819123336209710562e-01 -8.132428198184276091e-01 3.762159846922547880e-03 -2.429863656618422141e+01 -4.670428514352829852e-02 2.879989426367014771e-02 -9.984935317789268572e-01 -3.816491226713091489e+00 8.119093547074405226e-01 -5.812114218024175827e-01 -5.474093876731161296e-02 5.428898949875858193e+01
-5.836422485755571321e-01 -8.120071605528631498e-01 2.467611873422992982e-03 -2.495506323403008508e+01 -4.370595683563342770e-02 2.837953247382546049e-02 -9.986413026468049514e-01 -3.874655025512944828e+00 8.108338700492989659e-01 -5.829571105818825982e-01 -5.205304526500784817e-02 5.516185991900768215e+01
-5.874502547024890164e-01 -8.092600867220370864e-01 -5.493800050610158714e-04 -2.558255611378055150e+01 -4.425414631396271115e-02 3.280237669796496475e-02 -9.984816651525272313e-01 -3.935495880929120727e+00 8.080493892928225508e-01 -5.865340021736691334e-01 -5.508288035461268717e-02 5.601403926826724700e+01
-5.932761872626564070e-01 -8.049987959415026983e-01 5.477813788093391541e-04 -2.625701047620906436e+01 -4.584516980445046269e-02 3.310805185409795848e-02 -9.983997872849679212e-01 -3.991424239697362264e+00 8.036925048587031384e-01 -5.923519370660591532e-01 -5.654752677833355112e-02 5.687809248592333233e+01
-5.986694990408369943e-01 -8.009882266290569985e-01 3.560459011878808894e-03 -2.688682388929594680e+01 -4.851683071261041896e-02 3.182454469396640839e-02 -9.983152690606175161e-01 -4.051008744885687740e+00 7.995254843301612402e-01 -5.978336503076717712e-01 -5.791379532000053010e-02 5.775163415366914421e+01
-6.028369815692463662e-01 -7.978511190936075081e-01 4.600728032545766538e-03 -2.753621151026407432e+01 -4.882100162215227690e-02 3.113124001115829056e-02 -9.983222989021186544e-01 -4.104258208209907721e+00 7.963693488954991517e-01 -6.020502120272839264e-01 -5.771895389901775253e-02 5.857341833944190057e+01
-6.088952649580798848e-01 -7.932343722260861707e-01 5.077223182384933177e-03 -2.819522175096147620e+01 -4.789589024409042495e-02 3.037504493421122262e-02 -9.983904008046949885e-01 -4.168070597912030273e+00 7.918033762944729492e-01 -6.081583756592303658e-01 -5.648788806318457562e-02 5.943299804629891270e+01
-6.145145813044079475e-01 -7.888857618054074816e-01 5.574405318687276380e-03 -2.885117760167172563e+01 -4.715117033249970752e-02 2.967391961715051818e-02 -9.984469407865207424e-01 -4.226309801296259216e+00 7.874951758481225639e-01 -6.138230503872035282e-01 -5.543194384583057660e-02 6.028293433023922177e+01
-6.221756037475607570e-01 -7.828543730584851534e-01 6.044744264024845722e-03 -2.956237074258714514e+01 -4.788203013196547925e-02 3.034537014391892190e-02 -9.983919692991857220e-01 -4.292001187152252761e+00 7.814121081111279343e-01 -6.214645676644726668e-01 -5.636480602535389600e-02 6.112478751260880472e+01
-6.274182541620413334e-01 -7.786500604448267637e-01 7.100379929009796587e-03 -3.022399479877422834e+01 -4.905479814928581650e-02 3.042359397156103179e-02 -9.983326566821770776e-01 -4.356604770374460145e+00 7.771357800055388454e-01 -6.267204398266466026e-01 -5.728484044757396060e-02 6.198844132835760945e+01
-6.339988221988613892e-01 -7.732879352815172913e-01 8.441737668551021340e-03 -3.091877104887107208e+01 -4.975539152569295742e-02 2.989488572017169957e-02 -9.983139564901107876e-01 -4.413987727511155867e+00 7.717317811042335718e-01 -6.333499061630855076e-01 -5.742856662362620657e-02 6.280734633726198268e+01
-6.413547190236112971e-01 -7.671829024251036744e-01 9.721997370471731001e-03 -3.163630441795921300e+01 -5.084374848081888582e-02 2.985441117648343981e-02 -9.982603261147424689e-01 -4.480507939604071233e+00 7.655580210402558317e-01 -6.407332850685758530e-01 -5.815372314479836519e-02 6.366600275176151058e+01
-6.478738970588272528e-01 -7.616458597249688989e-01 1.244956871206909579e-02 -3.233184072211593474e+01 -5.194629383958666857e-02 2.786955233308544347e-02 -9.982609487946135784e-01 -4.539091458695758696e+00 7.599743668567036092e-01 -6.473939351538539055e-01 -5.762063592715747223e-02 6.448289252139434780e+01
-6.544816620218455450e-01 -7.559657863448785431e-01 1.301830893603256670e-02 -3.305777575118765554e+01 -5.206624993872012441e-02 2.788594780290811273e-02 -9.982542427436132959e-01 -4.606298107817725196e+00 7.542830342682395051e-01 -6.540169176070060875e-01 -5.761114567533781594e-02 6.531432525877910678e+01
-6.619451773703178832e-01 -7.494412488294190933e-01 1.289928361647483569e-02 -3.377982389318539447e+01 -5.052762035380664596e-02 2.744521033919352856e-02 -9.983455215179231068e-01 -4.669473686455051897e+00 7.478472950342812675e-01 -6.615017837837551262e-01 -5.603470851654636375e-02 6.612842394951586300e+01
-6.680072905363577673e-01 -7.440259303878020702e-01 1.384429944596625439e-02 -3.453027841057719627e+01 -4.956730535295702372e-02 2.592476369782920065e-02 -9.984343003938473959e-01 -4.737988802099747154e+00 7.425021057461026475e-01 -6.676476282066186041e-01 -5.419729250167949763e-02 6.695770660636020466e+01
-6.759993253473310926e-01 -7.367045702213901315e-01 1.706733330388263137e-02 -3.529546834437709890e+01 -5.031097473046139412e-02 2.303365433971631474e-02 -9.984679838790084805e-01 -4.795201444021660819e+00 7.351828118997835171e-01 -6.758223618049687964e-01 -5.263506069206903143e-02 6.776312960193901347e+01
-6.824657618443127349e-01 -7.307113153762267999e-01 1.736275186093291442e-02 -3.605607017439287887e+01 -5.202290845527525465e-02 2.486616442396235790e-02 -9.983362925912268038e-01 -4.870721621614765517e+00 7.290638837778663506e-01 -6.822336065431409136e-01 -5.498403381738656281e-02 6.860767835228473643e+01
-6.885470088564756841e-01 -7.249767818360820515e-01 1.765428708489094611e-02 -3.683367306278662312e+01 -5.194271188022896862e-02 2.502159713007115482e-02 -9.983365846382239450e-01 -4.925507852409426235e+00 7.233291156157173329e-01 -6.883186844099093982e-01 -5.488580787733741279e-02 6.939430858660962542e+01
-6.916321514888754685e-01 -7.220750157068195341e-01 1.589448140300367407e-02 -3.761196604304819857e+01 -5.111632745260339533e-02 2.698582203038865993e-02 -9.983280741985491868e-01 -4.997576927860330365e+00 7.204388445950727915e-01 -6.912882702512339606e-01 -5.557408564892713648e-02 7.020913516281997602e+01
-6.967824096463129946e-01 -7.170982823421530039e-01 1.625767561635504954e-02 -3.840969772263073168e+01 -5.091113880803803393e-02 2.683489116715651740e-02 -9.983426337984739884e-01 -5.056614506083367822e+00 7.154735236196942960e-01 -6.964552906925320919e-01 -5.520637092334577251e-02 7.099403440873417992e+01
-7.015741819947223235e-01 -7.124063988489706123e-01 1.645543855100673608e-02 -3.923662525456983730e+01 -5.186826512762329755e-02 2.802138729707112988e-02 -9.982607587885934386e-01 -5.131637939246837199e+00 7.107062596228554963e-01 -7.012075023779438254e-01 -5.661036683175460493e-02 7.182719790364079415e+01
-7.070154608851308975e-01 -7.069698152752954545e-01 1.796703586311506826e-02 -4.005764994277404156e+01 -5.424655942917443879e-02 2.888395092457212918e-02 -9.981097609921917302e-01 -5.200797071706557695e+00 7.051145189872837227e-01 -7.066536859649827917e-01 -5.877208021627925577e-02 7.261138725856382337e+01
-7.120053371541855691e-01 -7.019002725767038431e-01 1.960620872058842223e-02 -4.089273380634929111e+01 -5.705049643819486149e-02 2.999687921431990617e-02 -9.979205872585460435e-01 -5.270457250027408058e+00 6.998526156619776506e-01 -7.116433382924666207e-01 -6.140169781738339522e-02 7.340369743262098723e+01
-7.170068873266767229e-01 -6.967380330266197408e-01 2.138299884799312045e-02 -4.169047238497678620e+01 -5.808100311438531282e-02 2.914535319396493324e-02 -9.978863713534309454e-01 -5.338267043924057376e+00 6.946421762490042617e-01 -7.167333532416102493e-01 -6.136466439324753802e-02 7.420369815278004921e+01
-7.228946542056177149e-01 -6.906330948400527525e-01 2.119514631925284789e-02 -4.254654959226047595e+01 -5.632864532004511204e-02 2.833154606234298059e-02 -9.980102499576311015e-01 -5.413131350979905498e+00 6.886584299081519589e-01 -7.226501812567206473e-01 -5.938315116813194100e-02 7.501690307210388653e+01
-7.257100884460723211e-01 -6.876765317957632684e-01 2.111523371793197143e-02 -4.339576583001875321e+01 -5.527821065586782656e-02 2.768905481543447109e-02 -9.980870167971801488e-01 -5.486644713418694863e+00 6.857763622958804595e-01 -7.254890376636350391e-01 -5.810775514451741591e-02 7.578809353670824578e+01
-7.318100954294739502e-01 -6.811176453705365397e-01 2.308093786470087269e-02 -4.424768560076885393e+01 -5.545775075987691843e-02 2.576176837801348943e-02 -9.981286691752920825e-01 -5.561368338957623614e+00 6.792484577478266061e-01 -7.317206565073537394e-01 -5.662597560694939552e-02 7.657850057215571837e+01
-7.342398347944069092e-01 -6.784888636099296599e-01 2.333944452358245256e-02 -4.511659510033842935e+01 -5.601324041637523871e-02 2.628256003891874665e-02 -9.980840631727458945e-01 -5.632909970744385930e+00 6.765755126746633152e-01 -7.341404025246524023e-01 -5.730206365203696639e-02 7.736988869145073977e+01
-7.392846323209095738e-01 -6.729898157109249768e-01 2.330076586822164841e-02 -4.601455631917529132e+01 -5.548364436183472748e-02 2.639186994703282899e-02 -9.981107636157973140e-01 -5.709754691835654761e+00 6.711034387137663204e-01 -7.391807730165496082e-01 -5.685103229446273471e-02 7.816904764540367978e+01
-7.426991181620681282e-01 -6.691484932765927596e-01 2.526501728812367148e-02 -4.688344242184219723e+01 -5.535529213072021976e-02 2.375135619735773210e-02 -9.981842169011920785e-01 -5.782020074457226322e+00 6.673333915545994754e-01 -7.427490924962444341e-01 -5.468102190050354999e-02 7.895255793781245757e+01
-7.450281762403530017e-01 -6.664417401331224067e-01 2.807882075687433490e-02 -4.777086049686701585e+01 -5.638127706852556764e-02 2.097357933771638872e-02 -9.981890162449009729e-01 -5.854180682286465931e+00 6.646459236913212498e-01 -7.452620753442368295e-01 -5.320074498861564194e-02 7.971955510573532422e+01
-7.493445841631908300e-01 -6.613693920103799195e-01 3.275996806216759788e-02 -4.867141013214438061e+01 -5.933743937906548610e-02 1.779208074909371246e-02 -9.980794427836604532e-01 -5.931836853981496738e+00 6.595163278638985771e-01 -7.498493274765850591e-01 -5.257636622617687522e-02 8.053023125395529291e+01
-7.527290450374795050e-01 -6.573502353403806175e-01 3.591172632641724538e-02 -4.957314089694914117e+01 -6.138608479283877428e-02 1.577174830261222904e-02 -9.979895070022989367e-01 -6.012934729982196913e+00 6.554622498805033892e-01 -7.534201769606446719e-01 -5.222401114400525290e-02 8.132505453967308995e+01
-7.577090693107838559e-01 -6.513320419104863257e-01 4.054045562279244563e-02 -5.044335886276534353e+01 -6.138234217151997130e-02 9.285120216612140556e-03 -9.980711704341653778e-01 -6.089308754774884314e+00 6.496993213274654400e-01 -7.587360506338289845e-01 -4.701570687557287548e-02 8.208626421999997547e+01
-7.654995936698244519e-01 -6.418615109706046207e-01 4.499080626578678271e-02 -5.138488939365272756e+01 -6.148964976156723328e-02 3.372822434684877215e-03 -9.981020527555100053e-01 -6.174363732820030037e+00 6.404915533895400026e-01 -7.668131911408700985e-01 -4.204973437015963739e-02 8.288028390203599827e+01
-7.724093085355757671e-01 -6.335255411286391247e-01 4.504719113089663413e-02 -5.229796038875115727e+01 -6.036698823632100780e-02 2.625215056997431268e-03 -9.981728298898210339e-01 -6.260239722595357215e+00 6.322497257631763956e-01 -7.737173578935158114e-01 -4.027176987545506154e-02 8.362214294534501846e+01
-7.790893908313675231e-01 -6.253412200108303676e-01 4.436307982807721068e-02 -5.326228670312667646e+01 -5.755788025938626817e-02 8.846620511790417255e-04 -9.983418050097412344e-01 -6.336404489687871511e+00 6.242650412339838528e-01 -7.803509659518067521e-01 -3.668254625186916779e-02 8.441150479430601195e+01
-7.857986781598660375e-01 -6.169003511581365728e-01 4.420845662904098611e-02 -5.421557654626047196e+01 -5.703603663844176996e-02 1.106138232843531348e-03 -9.983715417054308539e-01 -6.417630547982081879e+00 6.158468577532925092e-01 -7.870405218609660691e-01 -3.605475294328316233e-02 8.513559585528456353e+01
-7.929068010201347771e-01 -6.077037593450957953e-01 4.466479376016122688e-02 -5.517482232712337975e+01 -5.969581649631360010e-02 4.522819545344143079e-03 -9.982063991141736370e-01 -6.494656517876602919e+00 6.064117786019633805e-01 -7.941509438060996295e-01 -3.986354755198406874e-02 8.587882451019657992e+01
-7.998905724775234871e-01 -5.982582605844212198e-01 4.756189322544587122e-02 -5.616622617123408645e+01 -6.117765483808044330e-02 2.445038636279015225e-03 -9.981239326973181392e-01 -6.581094237916221168e+00 5.970195962271307444e-01 -8.012996463861791208e-01 -3.855580121657311427e-02 8.661495626029551431e+01
-8.068361205330025765e-01 -5.887743334087498503e-01 4.858245491183278697e-02 -5.717547427862453446e+01 -6.288736658861160400e-02 3.828055141127249122e-03 -9.980133226776614075e-01 -6.658483510675801575e+00 5.874186631543029113e-01 -8.082884228956136452e-01 -4.011508087094522307e-02 8.733531014833953066e+01
-8.138845479736068755e-01 -5.788008677419731463e-01 5.080840465107554216e-02 -5.818155733222836545e+01 -6.150031984450734374e-02 -1.136896939431078588e-03 -9.981064492034911195e-01 -6.738617148042201244e+00 5.777626492375589340e-01 -8.154681584581607856e-01 -3.467113627079158877e-02 8.804843996422279417e+01
-8.207698305942292549e-01 -5.690469447937549496e-01 5.022408610715636823e-02 -5.919018983148134794e+01 -5.994605168780232918e-02 -1.637454622237208800e-03 -9.982003085397285203e-01 -6.826281314142240042e+00 5.681050722054703517e-01 -8.223034382118632468e-01 -3.276814379504591063e-02 8.875698613066626308e+01
-8.280306336408382872e-01 -5.583632509536828881e-01 5.094843744027133942e-02 -6.020831376588641604e+01 -6.019034438410109100e-02 -1.820557080420772246e-03 -9.981852880057048294e-01 -6.912388473839559566e+00 5.574427373651950068e-01 -8.295946135003540167e-01 -3.210059958391899004e-02 8.945149143646381162e+01
-8.345476518686998357e-01 -5.484672365589654541e-01 5.209517871712272818e-02 -6.127948152446319341e+01 -6.185506385937108303e-02 -6.826592609880611975e-04 -9.980849386068431084e-01 -6.999874034671336176e+00 5.474524631389953155e-01 -8.361717938153174767e-01 -3.335576440847278640e-02 9.014927534129797948e+01
-8.406149146477103207e-01 -5.390049448444504954e-01 5.329370103932101754e-02 -6.232115128570073637e+01 -6.285612768159173913e-02 -6.502906136113997381e-04 -9.980224184556123479e-01 -7.076383758963890713e+00 5.379736875493827952e-01 -8.423023751533614822e-01 -3.333312012943184799e-02 9.076363928565621109e+01
-8.455833037506390593e-01 -5.311855788512052090e-01 5.320479722869733002e-02 -6.339235370654923685e+01 -6.440321914771453271e-02 2.568063455084519751e-03 -9.979206848626666071e-01 -7.170718127376225048e+00 5.299444573280100990e-01 -8.472516418637494606e-01 -3.638157332283662587e-02 9.144398533871066093e+01
