1 0 0 0 0 1 0 0 0 0 1 0
0.999994 -0.00163493 -0.00303988 -0.00449847 0.00163268 0.999998 -0.000739231 -0.0091268 0.00304108 0.000734263 0.999995 0.682246
0.999975 -0.00154126 -0.00683406 -0.0128599 0.00153193 0.999998 -0.00136957 -0.00315716 0.00683616 0.00135907 0.999976 1.37642
0.999943 -0.00191556 -0.0104683 -0.0221801 0.00189316 0.999996 -0.0021492 0.00450184 0.0104724 0.00212926 0.999943 2.10258
0.999888 -0.000208289 -0.0149819 -0.0429257 0.000169671 0.999997 -0.00257887 0.00377443 0.0149824 0.00257604 0.999884 2.84156
0.999813 -0.000540979 -0.0193434 -0.0602007 0.000489978 0.999996 -0.00264122 -0.00323261 0.0193448 0.00263125 0.999809 3.5837
0.999721 0.000624587 -0.0236186 -0.0876525 -0.00069619 0.999995 -0.00302355 -0.0062237 0.0236166 0.00303915 0.999716 4.34212
0.999587 0.00317795 -0.0285736 -0.121146 -0.00328553 0.999988 -0.00371866 -0.02825 0.0285614 0.003811 0.999585 5.12498
0.999466 0.00387246 -0.0324544 -0.145484 -0.00396197 0.999989 -0.00269396 -0.0626225 0.0324436 0.0028211 0.99947 5.9467
0.999309 0.00403601 -0.0369446 -0.179241 -0.00412268 0.999989 -0.0022701 -0.0623742 0.036935 0.00242084 0.999315 6.7475
0.999165 0.00402932 -0.0406539 -0.209611 -0.00411129 0.99999 -0.00193286 -0.0625646 0.0406457 0.00209839 0.999171 7.55493
0.999056 0.00441337 -0.0432216 -0.254254 -0.00449392 0.999988 -0.00176662 -0.0634608 0.0432133 0.00195919 0.999064 8.36919
0.999001 -0.00527848 -0.0443654 -0.285924 0.00507417 0.999976 -0.00471658 0.0243355 0.0443892 0.00448675 0.999004 9.21188
0.998918 -0.00669588 -0.0460258 -0.317637 0.00647443 0.999967 -0.00495885 0.0250914 0.0460575 0.00465549 0.998928 10.0416
0.998805 -0.00803794 -0.0482035 -0.359916 0.00782248 0.999959 -0.00465671 0.0330597 0.0482389 0.00427407 0.998827 10.8862
0.998735 -0.0091998 -0.0494304 -0.405309 0.00899318 0.99995 -0.00440076 -0.00481423 0.0494684 0.00395065 0.998768 11.7416
0.998666 -0.00813834 -0.050979 -0.456853 0.00783417 0.99995 -0.00616344 -0.011778 0.0510267 0.00575584 0.998681 12.605
0.998606 -0.0080984 -0.0521501 -0.509825 0.00768627 0.999938 -0.00809834 -0.0180243 0.0522124 0.00768622 0.998607 13.4708
0.998597 -0.00646668 -0.052548 -0.572867 0.00595436 0.999933 -0.0099003 -0.0161998 0.0526085 0.00957352 0.998569 14.3759
0.998514 -0.00635142 -0.0541264 -0.626961 0.00585212 0.999939 -0.00937812 -0.0254414 0.0541827 0.00904743 0.99849 15.268
0.998447 -0.00731676 -0.0552161 -0.670919 0.0068976 0.999946 -0.00777813 -0.0470167 0.05527 0.0073852 0.998444 16.1693
0.998423 -0.00798219 -0.0555752 -0.724668 0.00761222 0.999948 -0.00686551 -0.0501452 0.0556271 0.00643163 0.998431 17.0687
0.998356 -0.00785472 -0.0567741 -0.780491 0.00752832 0.999954 -0.00596083 -0.0689891 0.0568183 0.00552362 0.998369 17.9723
0.998319 -0.00732754 -0.0574869 -0.831077 0.00694867 0.999953 -0.00678768 -0.0698609 0.0575339 0.00637682 0.998323 18.8719
0.998236 -0.00869416 -0.0587286 -0.889351 0.0082671 0.999938 -0.00751082 -0.0796201 0.0587902 0.00701206 0.998246 19.7908
0.99824 -0.00716659 -0.0588657 -0.942011 0.00685473 0.999962 -0.00549801 -0.0964996 0.0589028 0.00508483 0.998251 20.7221
0.998308 -0.00686471 -0.0577357 -1.01553 0.00673651 0.999975 -0.00241478 -0.109843 0.0577508 0.00202175 0.998329 21.6755
0.998314 -0.00665238 -0.0576603 -1.07459 0.00672685 0.999977 0.00109752 -0.124102 0.0576516 -0.00148354 0.998336 22.6117
0.998396 -0.00706649 -0.0561751 -1.12659 0.00726214 0.999968 0.00327939 -0.133547 0.0561502 -0.00368208 0.998416 23.5469
0.998536 -0.00798619 -0.0535009 -1.17877 0.00823674 0.999956 0.00446425 -0.150739 0.0534629 -0.00489839 0.998558 24.5116
0.998597 -0.00712253 -0.0524594 -1.22617 0.00727592 0.99997 0.00273364 -0.170225 0.0524384 -0.00311149 0.998619 25.4498
0.998754 -0.00741106 -0.0493454 -1.28054 0.00732396 0.999972 -0.00194578 -0.177395 0.0493584 0.00158195 0.99878 26.4105
0.998768 -0.00835161 -0.0489087 -1.32577 0.00821528 0.999962 -0.00298789 -0.189437 0.0489318 0.00258241 0.998799 27.3693
0.998845 -0.0106603 -0.0468398 -1.38324 0.0105436 0.999941 -0.002737 -0.194934 0.0468662 0.00223998 0.998899 28.3703
0.998872 -0.011626 -0.0460412 -1.43059 0.0117195 0.99993 0.00176217 -0.20139 0.0460175 -0.00229976 0.998938 29.346
0.99875 -0.0166252 -0.0471289 -1.47399 0.0168643 0.999847 0.00467902 -0.199946 0.0470439 -0.00546797 0.998878 30.3248
0.998576 -0.0233232 -0.0479677 -1.51235 0.0236131 0.999706 0.00548417 -0.201832 0.0478257 -0.00660902 0.998834 31.302
0.998567 -0.0235461 -0.0480604 -1.5498 0.0236542 0.999719 0.00168112 -0.203537 0.0480073 -0.00281553 0.998843 32.3176
0.998533 -0.0232311 -0.0489006 -1.59388 0.0231736 0.99973 -0.00174223 -0.197937 0.0489278 0.000606473 0.998802 33.3114
0.998458 -0.0225499 -0.0507113 -1.65099 0.0224754 0.999745 -0.00203808 -0.208943 0.0507444 0.000895183 0.998711 34.2995
0.998492 -0.0218924 -0.0503345 -1.69184 0.0218915 0.99976 -0.000569488 -0.215031 0.0503349 -0.000533263 0.998732 35.3437
0.998436 -0.0206132 -0.0519642 -1.75384 0.0206762 0.999786 0.000675601 -0.210686 0.0519391 -0.00174896 0.998649 36.3409
0.99845 -0.0200224 -0.0519323 -1.81536 0.0200947 0.999798 0.000871018 -0.221892 0.0519044 -0.00191323 0.99865 37.3501
0.998369 -0.0194625 -0.0536633 -1.86847 0.0196433 0.999803 0.00284368 -0.222761 0.0535974 -0.00389316 0.998555 38.344
0.998347 -0.0197051 -0.0539908 -1.92902 0.0200345 0.999784 0.00556605 -0.22012 0.0538695 -0.00663852 0.998526 39.3502
0.998366 -0.0191425 -0.0538311 -1.99073 0.0195111 0.99979 0.00633002 -0.195885 0.0536986 -0.00736998 0.99853 40.3672
0.998335 -0.0191002 -0.0544201 -2.05265 0.0194324 0.999796 0.0055822 -0.20753 0.0543024 -0.00663042 0.998503 41.3477
0.998413 -0.0162708 -0.053911 -2.11707 0.0165568 0.999851 0.00486377 -0.236654 0.0538239 -0.00574864 0.998534 42.379
0.998484 -0.0143429 -0.0531324 -2.17984 0.0145733 0.999886 0.00395228 -0.241969 0.0530697 -0.0047206 0.99858 43.3756
0.998393 -0.0140299 -0.0548992 -2.23452 0.0142928 0.999888 0.00439824 -0.248389 0.0548314 -0.00517583 0.998482 44.3568
0.998228 -0.019731 -0.0561324 -2.28964 0.0200865 0.999782 0.00577643 -0.236598 0.0560062 -0.00689369 0.998407 45.3863
0.998181 -0.0215837 -0.0562834 -2.36189 0.021938 0.999743 0.0056855 -0.231789 0.0561462 -0.0069099 0.998399 46.4501
0.998148 -0.0208195 -0.0571575 -2.42335 0.0211474 0.999763 0.00513677 -0.227121 0.057037 -0.00633598 0.998352 47.4192
0.998162 -0.0208603 -0.0568886 -2.48815 0.0211193 0.999769 0.00395668 -0.21762 0.056793 -0.00515086 0.998373 48.3966
0.998109 -0.0207408 -0.057849 -2.54607 0.0210088 0.999771 0.00402748 -0.214924 0.0577522 -0.00523519 0.998317 49.3651
0.99818 -0.02218 -0.0560691 -2.6145 0.0225784 0.999724 0.00648086 -0.205134 0.0559099 -0.00773501 0.998406 50.3876
0.998202 -0.0228755 -0.0554025 -2.66899 0.023292 0.999705 0.00688409 -0.205481 0.0552287 -0.00816214 0.99844 51.3732
0.998174 -0.0226529 -0.0559917 -2.72207 0.0230723 0.99971 0.00685551 -0.206039 0.0558202 -0.00813485 0.998408 52.3375
0.998202 -0.024634 -0.0546392 -2.77352 0.0250097 0.999668 0.00620285 -0.219217 0.0544683 -0.0075582 0.998487 53.3075
0.99827 -0.024728 -0.0533364 -2.81799 0.025078 0.999668 0.00590211 -0.214231 0.0531728 -0.00722946 0.998559 54.2594
0.998388 -0.0240969 -0.0513749 -2.86974 0.0244694 0.999679 0.00663439 -0.22081 0.0511985 -0.00788081 0.998657 55.1501
0.9984 -0.0244104 -0.0510039 -2.91482 0.0248962 0.99965 0.00891128 -0.215937 0.0507685 -0.0101668 0.998659 56.0933
0.998406 -0.0261622 -0.0499973 -2.9578 0.0268365 0.999557 0.0128623 -0.218946 0.0496386 -0.0141835 0.998667 57.0478
0.9984 -0.028292 -0.0489457 -3.00051 0.0289601 0.999496 0.0129952 -0.209374 0.0485534 -0.0143919 0.998717 58.0156
0.998415 -0.0273994 -0.0491456 -3.05197 0.0279703 0.999549 0.0109669 -0.210275 0.0488229 -0.0123241 0.998731 58.9527
0.998395 -0.0261886 -0.0502032 -3.11166 0.0264449 0.999641 0.00444869 -0.206515 0.0500687 -0.00576917 0.998729 59.8783
0.998346 -0.0264256 -0.0510452 -3.16297 0.0266511 0.999638 0.00374263 -0.221622 0.0509278 -0.00509684 0.998689 60.7973
0.998436 -0.0232645 -0.0508217 -3.22035 0.0235105 0.999715 0.00424756 -0.21423 0.0507083 -0.00543575 0.998699 61.697
0.998383 -0.0219507 -0.0524296 -3.27446 0.0222561 0.999739 0.00524746 -0.22426 0.0523007 -0.00640585 0.998611 62.6019
0.998344 -0.0206422 -0.0536934 -3.33054 0.0209737 0.999764 0.00561763 -0.231642 0.0535647 -0.00673447 0.998542 63.4824
0.998344 -0.019406 -0.0541461 -3.38204 0.019744 0.999789 0.00571454 -0.245069 0.0540237 -0.00677413 0.998517 64.3474
0.998222 -0.0178259 -0.0568684 -3.4376 0.0182197 0.999814 0.00641507 -0.25284 0.0567435 -0.00743979 0.998361 65.2064
0.998202 -0.0171283 -0.0574329 -3.49406 0.0175499 0.999823 0.00684459 -0.256575 0.0573054 -0.00784022 0.998326 66.0496
0.998112 -0.0177834 -0.0587829 -3.54935 0.0182151 0.999811 0.00681684 -0.28198 0.0586506 -0.00787471 0.998248 66.9026
0.998044 -0.0166178 -0.0602593 -3.59937 0.0170816 0.999828 0.00719042 -0.290929 0.0601295 -0.00820568 0.998157 67.7172
0.998025 -0.0156782 -0.0608272 -3.65687 0.0162659 0.999826 0.00917805 -0.298783 0.0606727 -0.0101493 0.998106 68.5649
0.997921 -0.0155663 -0.0625398 -3.71272 0.016224 0.999818 0.0100226 -0.301313 0.0623724 -0.0110165 0.997992 69.3576
0.997867 -0.0145594 -0.0636284 -3.76439 0.0152539 0.999829 0.0104422 -0.300538 0.0634655 -0.0113905 0.997919 70.1281
0.99782 -0.0138354 -0.0645218 -3.82168 0.0144059 0.999861 0.00838567 -0.293484 0.0643969 -0.00929688 0.997881 70.8849
0.997669 -0.0129406 -0.0669982 -3.87376 0.012958 0.999916 -0.000175378 -0.293595 0.0669949 -0.000693184 0.997753 71.6128
0.997677 -0.0109309 -0.0672297 -3.92433 0.0106661 0.999934 -0.00429499 -0.315108 0.0672722 0.00356794 0.997728 72.3224
0.997635 -0.0122026 -0.0676432 -3.9846 0.011771 0.999908 -0.00677609 -0.364608 0.0677196 0.00596384 0.997687 73.1088
0.997599 -0.0101024 -0.0685019 -4.03961 0.00982057 0.999942 -0.00444926 -0.389563 0.0685428 0.00376586 0.997641 73.7902
0.997569 -0.0115528 -0.0687101 -4.07934 0.0113689 0.999931 -0.0030666 -0.441145 0.0687407 0.00227799 0.997632 74.5166
0.997439 -0.0128527 -0.0703561 -4.12422 0.0125868 0.999912 -0.00422115 -0.438408 0.0704041 0.00332478 0.997513 75.1374
0.997459 -0.0130244 -0.0700354 -4.16196 0.0127813 0.999911 -0.00391782 -0.454475 0.0700802 0.00301273 0.997537 75.7537
0.997519 -0.0161021 -0.0685316 -4.20649 0.0155536 0.999843 -0.00852954 -0.450202 0.0686582 0.00744247 0.997612 76.3614
0.997721 -0.013709 -0.0660651 -4.25774 0.0131658 0.999876 -0.00865114 -0.463934 0.0661755 0.00776163 0.997778 76.9496
0.997984 -0.0131167 -0.0620804 -4.30754 0.0126789 0.999892 -0.00744101 -0.468714 0.0621713 0.00663891 0.998043 77.5169
0.998276 -0.0136294 -0.0570725 -4.33968 0.013269 0.99989 -0.00668819 -0.489099 0.0571573 0.00591937 0.998348 78.0779
0.998534 -0.0141615 -0.0522305 -4.36018 0.0138588 0.999885 -0.00615402 -0.5035 0.0523116 0.00542116 0.998616 78.6169
0.998947 -0.0139056 -0.0437075 -4.3758 0.0136605 0.999889 -0.00590021 -0.510283 0.0437847 0.00529694 0.999027 79.1436
0.999338 -0.0134887 -0.0337728 -4.3899 0.0132968 0.999894 -0.00589781 -0.500219 0.0338488 0.00544484 0.999412 79.6562
0.999763 -0.00981682 -0.0193829 -4.41858 0.00969297 0.999932 -0.00647254 -0.505527 0.0194451 0.00628314 0.999791 80.2031
0.999957 -0.00921544 -0.000817563 -4.42665 0.00921046 0.99994 -0.00588388 -0.514088 0.00087171 0.00587611 0.999982 80.7013
0.999735 -0.00982158 0.020797 -4.4067 0.00992285 0.999939 -0.00477256 -0.527929 -0.0207489 0.00497766 0.999772 81.1802
0.998784 -0.0123179 0.0477154 -4.37527 0.0125084 0.999915 -0.00369784 -0.530738 -0.0476658 0.0042902 0.998854 81.6616
0.996964 -0.012323 0.0768724 -4.3304 0.0125411 0.999919 -0.00235572 -0.528941 -0.0768372 0.00331264 0.997038 82.1228
0.993848 -0.0120167 0.110098 -4.26827 0.0121209 0.999927 -0.000277414 -0.536402 -0.110086 0.0016102 0.993921 82.5848
0.988971 -0.0122407 0.147599 -4.19319 0.0122179 0.999925 0.00106067 -0.546984 -0.147601 0.00075439 0.989047 83.0481
0.982048 -0.0107525 0.188321 -4.08484 0.0104805 0.999942 0.00244044 -0.559541 -0.188337 -0.000422932 0.982104 83.4864
0.972321 -0.00954969 0.233451 -3.96981 0.00914731 0.999954 0.0028062 -0.599104 -0.233467 -0.000593066 0.972364 83.9244
0.959379 -0.00708503 0.282029 -3.83043 0.00668534 0.999975 0.00237939 -0.595665 -0.282039 -0.000397273 0.959403 84.3653
0.942529 -0.00638413 0.334062 -3.6748 0.00600866 0.99998 0.00215722 -0.605209 -0.33407 -2.59691e-05 0.942548 84.7402
0.92119 -0.00669555 0.389053 -3.49255 0.00660119 0.999977 0.00157929 -0.612822 -0.389055 0.00111339 0.921214 85.1307
0.895302 -0.00546623 0.445425 -3.30186 0.00539014 0.999984 0.00143755 -0.613005 -0.445426 0.00111387 0.895318 85.4805
0.864937 -0.00524563 0.501852 -3.08253 0.0051491 0.999986 0.00157792 -0.611876 -0.501853 0.00121929 0.864952 85.8128
0.829955 -0.00645779 0.557792 -2.82811 0.00657381 0.999977 0.00179575 -0.623092 -0.557791 0.00217644 0.829978 86.1356
0.791669 -0.00666986 0.610913 -2.57656 0.00661456 0.999975 0.00234589 -0.6233 -0.610914 0.00218376 0.791694 86.414
0.750379 -0.00796235 0.660958 -2.2895 0.0073295 0.999966 0.00372512 -0.629033 -0.660966 0.00204924 0.750413 86.6899
0.706128 -0.00836114 0.708034 -2.00478 0.00482296 0.999964 0.00699852 -0.627719 -0.708068 -0.00152702 0.706143 86.952
0.659532 -0.00943362 0.751617 -1.69317 0.00508483 0.999954 0.00808864 -0.63778 -0.751659 -0.00151287 0.65955 87.1865
0.611639 -0.0100562 0.791072 -1.36948 0.00488862 0.999948 0.00893165 -0.638407 -0.791121 -0.00159569 0.611657 87.3987
0.563946 -0.0108072 0.82574 -1.05187 0.0049589 0.999941 0.00970043 -0.646242 -0.825796 -0.00137575 0.563967 87.5746
0.515882 -0.00929881 0.856608 -0.710867 0.00309306 0.999955 0.00899211 -0.636684 -0.856654 -0.00198932 0.515888 87.7571
0.467756 -0.00698724 0.883829 -0.367947 -0.000277134 0.999968 0.00805204 -0.617653 -0.883857 -0.00401133 0.46774 87.9048
0.42125 -0.00636501 0.906922 -0.0331102 -0.000886995 0.999972 0.00743004 -0.630993 -0.906944 -0.00393433 0.421232 88.0536
0.377496 -0.00787426 0.925977 0.328704 0.00293901 0.999969 0.00730529 -0.622184 -0.926006 -3.62567e-05 0.377508 88.173
0.337422 -0.0147118 0.941238 0.691146 0.0140184 0.999846 0.0106025 -0.639602 -0.941249 0.00961713 0.337576 88.2578
0.301139 -0.0175707 0.953418 1.06261 0.0184758 0.99975 0.0125889 -0.623908 -0.953401 0.0138242 0.301389 88.341
0.267326 -0.0142014 0.9635 1.43465 0.01503 0.999831 0.0105667 -0.609163 -0.963488 0.0116567 0.267495 88.4463
0.235891 -0.00774887 0.971748 1.79644 0.00532732 0.999964 0.00668064 -0.603383 -0.971765 0.00360092 0.235924 88.5426
0.207303 -0.00391785 0.978268 2.18716 0.000655931 0.999992 0.00386584 -0.600469 -0.978276 -0.000159716 0.207305 88.6326
0.180937 -0.00292764 0.983489 2.58928 0.00072855 0.999996 0.00284272 -0.615889 -0.983494 0.000202177 0.180939 88.6983
0.157222 -0.00169865 0.987561 2.99969 0.0064878 0.999979 0.000687117 -0.609847 -0.987542 0.00629908 0.15723 88.7424
0.135946 0.00207449 0.990713 3.41313 0.00994237 0.999945 -0.00345815 -0.60399 -0.990666 0.0103202 0.135918 88.7795
0.115824 0.00810049 0.993236 3.84963 0.0100451 0.999906 -0.0093263 -0.583126 -0.993219 0.0110574 0.115732 88.8211
0.0978916 0.00927666 0.995153 4.28904 0.00856219 0.999912 -0.0101633 -0.574315 -0.99516 0.00951561 0.0978038 88.8537
0.0816997 0.00584632 0.996639 4.7557 0.00793798 0.999947 -0.00651646 -0.585075 -0.996625 0.00844371 0.0816492 88.8762
0.0665342 0.00319072 0.997778 5.23823 0.00973219 0.999945 -0.00384664 -0.603839 -0.997737 0.00996652 0.0664998 88.9108
0.0531837 0.001289 0.998583 5.7347 0.0117867 0.999929 -0.00191851 -0.619388 -0.998515 0.011872 0.053165 88.9157
0.0404415 0.00024414 0.999181 6.23642 0.0170202 0.999855 -0.000933215 -0.632387 -0.999037 0.017044 0.0404317 88.9191
0.030429 0.00123333 0.999535 6.74953 0.0208916 0.99978 -0.00186966 -0.614387 -0.999318 0.0209388 0.0303967 88.9334
0.0225294 0.00179195 0.999744 7.28306 0.0235778 0.999719 -0.00232326 -0.610012 -0.999468 0.0236241 0.0224811 88.9476
0.0157191 0.00226309 0.999873 7.831 0.0233449 0.999724 -0.00262978 -0.619919 -0.999604 0.0233833 0.0156622 88.9553
0.0101715 0.00236997 0.999944 8.38836 0.0233349 0.999724 -0.00260683 -0.618342 -0.999676 0.0233602 0.0101136 88.9606
0.00418032 0.00294314 0.999986 8.97573 0.0230575 0.99973 -0.0030388 -0.61679 -0.999725 0.0230699 0.00411154 88.9706
-0.00141693 0.0024853 0.999995 9.59243 0.0242741 0.999702 -0.0024502 -0.618954 -0.999704 0.0242705 -0.00147663 88.9705
-0.00468952 0.00365404 0.999981 10.1919 0.0222829 0.999745 -0.00354871 -0.622904 -0.99974 0.0222659 -0.00476955 88.9719
-0.00970967 0.00227928 0.999949 10.8351 0.0220357 0.999755 -0.00206489 -0.626468 -0.99971 0.0220145 -0.00975732 88.9567
-0.0128507 0.0018788 0.999915 11.4976 0.0219658 0.999758 -0.00159623 -0.635017 -0.999676 0.0219435 -0.0128887 88.9529
-0.0169172 0.00219126 0.999853 12.1462 0.0266627 0.999643 -0.0017397 -0.649435 -0.999501 0.0266294 -0.0169694 88.9399
-0.0161783 0.00218639 0.999866 12.8501 0.0287215 0.999586 -0.00172107 -0.655375 -0.999456 0.0286898 -0.0162342 88.93
-0.0163842 0.00202295 0.999863 13.558 0.0296525 0.999559 -0.00153647 -0.659179 -0.999426 0.0296232 -0.0164367 88.8695
-0.0128812 0.00200123 0.999914 14.2833 0.0305411 0.999532 -0.00160706 -0.656788 -0.99945 0.0305178 -0.0129361 88.8731
-0.00820413 0.00264473 0.999962 15.0068 0.0320526 0.999483 -0.00238051 -0.674283 -0.999452 0.0320318 -0.00828446 88.8423
-0.00411469 0.00185028 0.999989 15.7448 0.0342611 0.999411 -0.00170826 -0.672205 -0.999404 0.0342537 -0.00417545 88.8378
-0.000119954 0.00062264 0.999999 16.5158 0.0347919 0.999394 -0.000618116 -0.660483 -0.999394 0.0347918 -0.000141337 88.8427
0.00288457 -0.00116253 0.999994 17.3232 0.0330902 0.999452 0.00106642 -0.657046 -0.999448 0.033087 0.00292166 88.8478
0.00744709 -0.00220866 0.999969 18.1059 0.0298312 0.999553 0.00198555 -0.655602 -0.999527 0.0298155 0.00750986 88.867
0.0110388 -0.00172234 0.999937 18.9101 0.0272724 0.999627 0.00142071 -0.659968 -0.999567 0.027255 0.0110818 88.8776
0.0150037 -0.000494844 0.999886 19.7075 0.025777 0.999668 0.000107915 -0.662292 -0.999555 0.0257725 0.0150117 88.9047
0.0164504 0.00339596 0.999858 20.5164 0.0212829 0.999766 -0.00374584 -0.666379 -0.999638 0.0213415 0.0163745 88.9354
0.0149718 0.00552558 0.999872 21.3652 0.0184699 0.999813 -0.00580184 -0.686402 -0.999717 0.0185544 0.0148671 88.9433
0.0141129 0.00501351 0.999887 22.1886 0.0169912 0.999842 -0.00525313 -0.70146 -0.999756 0.0170634 0.0140257 88.9687
0.0120199 0.00312186 0.999922 23.036 0.015029 0.999882 -0.00330242 -0.709228 -0.999814 0.0150676 0.0119718 89.0007
0.010229 0.00266609 0.999943 23.8573 0.0136576 0.999903 -0.00280572 -0.729113 -0.999854 0.0136855 0.0101918 89.016
0.0107701 0.0022155 0.999939 24.6763 0.0113873 0.999932 -0.00233816 -0.735905 -0.999877 0.0114118 0.0107444 89.0391
0.0105645 0.0021004 0.999941 25.4891 0.0107955 0.999939 -0.00221448 -0.746869 -0.999885 0.0108183 0.0105414 89.0535
0.010398 0.00219142 0.999943 26.3153 0.00862397 0.99996 -0.00228116 -0.753727 -0.999908 0.00864722 0.0103789 89.0689
0.00915201 0.00258325 0.999954 27.1297 0.00573063 0.99998 -0.00263579 -0.76368 -0.999941 0.00575452 0.00913724 89.1012
0.00576308 0.00229283 0.99998 27.9542 0.002644 0.999994 -0.00230813 -0.766902 -0.999979 0.00265728 0.00575719 89.1202
0.00193651 0.000881684 0.999997 28.768 0.000292377 0.999999 -0.000882278 -0.774458 -0.999998 0.000294112 0.00193647 89.1341
-0.00467272 -0.000750921 0.999988 29.6037 -0.00161394 0.999998 0.000743362 -0.78313 -0.999987 -0.00161042 -0.00467372 89.1536
-0.0121046 -0.0025039 0.999923 30.4235 -0.0049017 0.999985 0.00244469 -0.808406 -0.999914 -0.0048717 -0.0121165 89.1553
-0.0191819 -0.00281105 0.999811 31.2301 -0.00515583 0.999983 0.0027126 -0.821526 -0.999802 -0.0051028 -0.0191959 89.1443
-0.0280489 -0.00279242 0.999602 32.0336 -0.00597798 0.999979 0.00262571 -0.822406 -0.999588 -0.00590193 -0.0280648 89.1278
-0.0393072 -0.00298186 0.999222 32.8552 -0.00641488 0.999976 0.00273174 -0.854142 -0.999206 -0.00630249 -0.0393252 89.0969
-0.0493118 -0.00381436 0.998775 33.6543 -0.00568469 0.999977 0.00353826 -0.863037 -0.998767 -0.00550323 -0.0493321 89.0646
-0.0608946 -0.00455603 0.998133 34.4561 -0.00632897 0.999971 0.00417828 -0.868126 -0.998124 -0.0060627 -0.0609215 89.0281
-0.0716844 -0.00512691 0.997413 35.2476 -0.00584017 0.999972 0.0047203 -0.870547 -0.99741 -0.00548667 -0.0717121 88.9721
-0.0829433 -0.00577253 0.996537 36.0316 -0.00610278 0.999967 0.00528443 -0.876137 -0.996535 -0.00564331 -0.0829757 88.9109
-0.094672 -0.005851 0.99549 36.8152 -0.00659657 0.999964 0.00524994 -0.881753 -0.995486 -0.00606978 -0.094707 88.839
-0.105333 -0.00587881 0.994419 37.5896 -0.00757007 0.999958 0.00510968 -0.880447 -0.994408 -0.00698958 -0.105373 88.7616
-0.115924 -0.00608609 0.993238 38.3538 -0.00777184 0.999956 0.00522015 -0.883483 -0.993227 -0.00711413 -0.115966 88.6783
-0.126304 -0.00581547 0.991973 39.1124 -0.00735419 0.999961 0.00492588 -0.8952 -0.991964 -0.00667298 -0.126342 88.5831
-0.135251 -0.00584613 0.990793 39.8901 -0.00818494 0.999955 0.00478286 -0.879688 -0.990777 -0.00746267 -0.135293 88.4574
-0.14517 -0.0061176 0.989387 40.6338 -0.00921503 0.999946 0.00483076 -0.886397 -0.989363 -0.00841593 -0.145219 88.3458
-0.152798 -0.00653835 0.988235 41.3765 -0.008431 0.99995 0.00531226 -0.897835 -0.988221 -0.00752009 -0.152845 88.2126
-0.1609 -0.00617466 0.98695 42.1314 -0.00681681 0.999963 0.00514473 -0.898014 -0.986947 -0.00590004 -0.160936 88.1039
-0.16663 -0.00679578 0.985995 42.847 -0.00624558 0.999963 0.00583655 -0.899361 -0.985999 -0.00518554 -0.166667 87.983
-0.171122 -0.00773454 0.985218 43.56 -0.00352618 0.999967 0.00723784 -0.892108 -0.985243 -0.00223548 -0.171144 87.8452
-0.174087 -0.007595 0.9847 44.2649 -0.00177286 0.999971 0.00739933 -0.887744 -0.984728 -0.000457586 -0.174095 87.7173
-0.176469 -0.00816854 0.984271 44.9616 -0.0012504 0.999966 0.00807459 -0.883909 -0.984305 0.000194203 -0.176473 87.5886
-0.177108 -0.00797423 0.984158 45.6294 -0.00159715 0.999968 0.00781489 -0.884444 -0.98419 -0.000187749 -0.177115 87.4672
-0.176475 -0.00747402 0.984276 46.2763 -0.000549968 0.999972 0.00749457 -0.887872 -0.984305 0.000781309 -0.176474 87.3494
-0.175846 -0.00610711 0.984398 46.871 -0.000149489 0.999981 0.00617706 -0.891538 -0.984417 0.000939083 -0.175844 87.2498
-0.171036 -0.00530713 0.985249 47.4985 0.000647708 0.999984 0.00549892 -0.881328 -0.985264 0.0015787 -0.17103 87.1555
-0.163802 -0.00485657 0.98648 48.1054 0.00159433 0.999985 0.00518777 -0.88065 -0.986491 0.00242257 -0.163792 87.0571
-0.153504 -0.00429821 0.988138 48.6695 0.00107436 0.999989 0.00451663 -0.870503 -0.988147 0.00175497 -0.153498 86.983
-0.140274 -0.00441954 0.990102 49.2348 0.000963554 0.999989 0.00460016 -0.876079 -0.990112 0.00159933 -0.140268 86.9133
-0.12385 -0.00315183 0.992295 49.7777 0.00144241 0.999993 0.00335628 -0.874895 -0.992299 0.001847 -0.123845 86.8537
-0.102916 -0.00140047 0.994688 50.3155 0.00113792 0.999998 0.00152566 -0.881565 -0.994689 0.00128892 -0.102914 86.8081
-0.0788993 0.00152973 0.99688 50.8293 0.00117117 0.999998 -0.00144184 -0.883141 -0.996881 0.00105379 -0.0789008 86.7793
-0.0511186 0.00313258 0.998687 51.354 0.000501273 0.999995 -0.00311105 -0.891949 -0.998692 0.000341612 -0.0511198 86.7649
-0.0181565 0.00261924 0.999831 51.8848 -0.000545484 0.999996 -0.0026296 -0.907264 -0.999835 -0.000593107 -0.0181549 86.7688
0.020019 0.000948903 0.999798 52.4095 6.75385e-05 0.999999 -0.000950473 -0.918398 -0.999799 8.65819e-05 0.0200191 86.8006
0.0614092 -0.00186451 0.99811 52.9253 -0.000688771 0.999998 0.00191039 -0.91906 -0.998112 -0.000804756 0.061408 86.8561
0.107729 -0.00597337 0.994161 53.4562 -0.0037553 0.999972 0.00641519 -0.917483 -0.994173 -0.00442445 0.107704 86.9225
0.156117 -0.0078877 0.987706 53.9704 -0.00532694 0.999946 0.0088274 -0.912571 -0.987724 -0.00663953 0.156067 87.0202
0.20712 -0.0089968 0.978273 54.4541 -0.00759532 0.999912 0.0108039 -0.899754 -0.978286 -0.00966798 0.207034 87.152
0.263119 -0.00762943 0.964732 54.9563 -0.00684556 0.999928 0.0097748 -0.887667 -0.964739 -0.00917605 0.263049 87.2983
0.32213 -0.00529351 0.946679 55.4205 -0.00629424 0.99995 0.00773311 -0.867122 -0.946674 -0.00844968 0.322081 87.4653
0.383788 -0.00100819 0.92342 55.856 -0.00524677 0.999981 0.00327239 -0.859985 -0.923406 -0.00610085 0.383775 87.6648
0.445157 0.00250567 0.895448 56.2795 -0.00366038 0.999992 -0.000978537 -0.860891 -0.895445 -0.00284205 0.445163 87.9048
0.505285 0.00732166 0.86292 56.6743 -0.00457699 0.999972 -0.00580448 -0.858659 -0.86294 -0.00101663 0.505305 88.1602
0.5639 0.0109635 0.825769 57.0449 -0.00814392 0.999937 -0.00771456 -0.850372 -0.825802 -0.00237473 0.563954 88.4603
0.620214 0.0121266 0.784337 57.3948 -0.00788101 0.999926 -0.00922798 -0.843354 -0.784392 -0.000458016 0.620265 88.7649
0.672865 0.0115698 0.739673 57.725 -0.00756565 0.999933 -0.00875839 -0.850188 -0.739725 0.000297139 0.672908 89.0877
0.72155 0.00797635 0.692315 58.0374 -0.00668275 0.999967 -0.00455597 -0.862369 -0.692329 -0.00133918 0.72158 89.4633
0.766686 0.00445104 0.642005 58.3199 -0.00645056 0.999979 0.000770383 -0.861357 -0.641988 -0.00473191 0.766699 89.8418
0.807116 0.00106844 0.59039 58.5782 -0.00680037 0.999949 0.00748706 -0.869732 -0.590352 -0.0100578 0.807083 90.2321
0.842181 -0.00226678 0.539188 58.8141 -0.0047035 0.999922 0.0115503 -0.877413 -0.539172 -0.0122635 0.842106 90.6545
0.871379 -0.00331896 0.490597 59.0222 -0.00551808 0.999847 0.0165651 -0.887229 -0.490577 -0.0171416 0.871229 91.0796
0.894604 -0.00149034 0.446854 59.2089 -0.00822536 0.99977 0.0198016 -0.879001 -0.446781 -0.0213901 0.894387 91.5217
0.913107 0.00286303 0.407708 59.3805 -0.0126507 0.999692 0.0213124 -0.868019 -0.407522 -0.0246183 0.912863 91.9799
0.927479 0.00834117 0.373779 59.5273 -0.0177085 0.999609 0.021634 -0.842912 -0.373452 -0.0266841 0.927265 92.4315
0.93928 0.011572 0.342953 59.6902 -0.0202254 0.99956 0.0216659 -0.806395 -0.342552 -0.0272868 0.939102 92.9005
0.947702 0.00912937 0.319022 59.8464 -0.0169801 0.999617 0.021836 -0.826131 -0.318701 -0.026111 0.947496 93.355
0.952727 0.00673151 0.303749 59.9908 -0.0141885 0.999649 0.0223495 -0.819459 -0.303492 -0.0256028 0.95249 93.8215
0.957304 0.0103535 0.288895 60.1528 -0.0175753 0.999594 0.022415 -0.785179 -0.288546 -0.0265354 0.957098 94.4015
0.959939 0.0165986 0.279713 60.2719 -0.0240765 0.999438 0.0233191 -0.758565 -0.279168 -0.0291194 0.9598 94.8859
0.962036 0.021981 0.272031 60.399 -0.0292856 0.99931 0.0228209 -0.756572 -0.271342 -0.0299211 0.962018 95.4107
0.962612 0.0273626 0.269494 60.5259 -0.0339102 0.999231 0.0196694 -0.741653 -0.268749 -0.0280726 0.962801 95.9139
0.962836 0.0285844 0.268567 60.6685 -0.0346167 0.999243 0.0177511 -0.749258 -0.267856 -0.0263883 0.963097 96.4469
0.962668 0.028847 0.26914 60.8244 -0.0343424 0.999286 0.0157311 -0.740347 -0.268494 -0.0243867 0.962973 96.9774
0.962257 0.0314726 0.270312 60.9894 -0.0352389 0.999337 0.00908963 -0.737534 -0.269847 -0.018272 0.96273 97.4934
0.96111 0.0322442 0.274271 61.1433 -0.035171 0.999364 0.00575909 -0.738039 -0.273911 -0.0151815 0.961635 98.0558
0.959881 0.031831 0.27859 61.2977 -0.0346506 0.999386 0.00520102 -0.730895 -0.278253 -0.0146457 0.960396 98.6219
0.958863 0.0328318 0.281959 61.4661 -0.036321 0.999314 0.00715554 -0.731472 -0.28153 -0.0171022 0.9594 99.2107
0.95812 0.031076 0.284673 61.6486 -0.0363222 0.999253 0.0131668 -0.722114 -0.284051 -0.0229553 0.958534 99.8183
0.957035 0.0285859 0.288557 61.8301 -0.0353446 0.999208 0.0182379 -0.71242 -0.287807 -0.0276532 0.957289 100.418
0.956153 0.0259458 0.291711 62.0168 -0.0340283 0.999164 0.0226669 -0.701905 -0.290879 -0.0315995 0.956238 101.043
0.956174 0.0194674 0.292147 62.2162 -0.0273137 0.999367 0.0228021 -0.687714 -0.291518 -0.0297824 0.956101 101.67
0.95604 0.0174919 0.29271 62.4058 -0.0247302 0.999472 0.0210461 -0.66732 -0.292187 -0.0273597 0.95597 102.299
0.956386 0.0180548 0.291545 62.5984 -0.0233498 0.999619 0.0146924 -0.658664 -0.291168 -0.0208591 0.956444 102.935
0.956889 0.019677 0.289782 62.7864 -0.0232875 0.999688 0.00901587 -0.65221 -0.289514 -0.0153755 0.95705 103.586
0.957897 0.0220771 0.286259 62.963 -0.0250703 0.999662 0.00679474 -0.657693 -0.286012 -0.0136852 0.958128 104.243
0.959159 0.0179913 0.282292 63.1533 -0.0219177 0.999702 0.0107568 -0.657294 -0.282014 -0.0165046 0.959268 104.925
0.959545 0.0152695 0.281138 63.359 -0.0209399 0.999633 0.0171762 -0.65034 -0.280772 -0.0223684 0.959514 105.623
0.960359 0.0141531 0.278402 63.5553 -0.0209483 0.99955 0.0214479 -0.641388 -0.277973 -0.0264298 0.960225 106.336
0.960852 0.0164973 0.276566 63.7522 -0.0233812 0.999493 0.0216111 -0.631006 -0.276069 -0.0272315 0.960752 107.052
0.961508 0.0232714 0.273785 63.9377 -0.029219 0.999417 0.0176651 -0.617169 -0.273214 -0.0249849 0.961628 107.772
0.962635 0.0244549 0.269692 64.141 -0.0292529 0.999477 0.013785 -0.607412 -0.269213 -0.0211592 0.962848 108.517
0.964861 0.0246946 0.261595 64.3538 -0.0285921 0.999529 0.0111026 -0.599624 -0.261198 -0.018192 0.965114 109.237
0.966383 0.024065 0.255973 64.568 -0.0282897 0.999517 0.0128348 -0.610181 -0.255541 -0.0196447 0.966599 110.001
0.967541 0.0221132 0.251742 64.7706 -0.0267586 0.999528 0.0150442 -0.611059 -0.251291 -0.0212921 0.967677 110.795
0.968182 0.0210932 0.249352 64.9712 -0.0258316 0.999542 0.0157455 -0.596868 -0.248905 -0.0216857 0.968285 111.576
0.968555 0.0182989 0.248121 65.1866 -0.0231595 0.999592 0.0166847 -0.584184 -0.247714 -0.0219064 0.968585 112.367
0.96895 0.0141458 0.246848 65.4093 -0.0198113 0.999594 0.0204828 -0.588428 -0.246458 -0.0247372 0.968838 113.183
0.968946 0.0143437 0.246851 65.602 -0.0201173 0.999579 0.0208829 -0.564728 -0.246448 -0.0252004 0.968828 113.977
0.96909 0.0191707 0.245958 65.8021 -0.0252133 0.999452 0.0214418 -0.541112 -0.245412 -0.0269805 0.969043 114.822
0.969089 0.0238441 0.245553 66.0084 -0.0292696 0.9994 0.0184685 -0.528717 -0.244966 -0.0250848 0.969207 115.636
0.968668 0.0254952 0.247042 66.1959 -0.0311235 0.999336 0.018904 -0.505205 -0.246396 -0.0260006 0.96882 116.449
0.968446 0.027522 0.247697 66.3973 -0.0337941 0.999205 0.021105 -0.503807 -0.246919 -0.0288097 0.968608 117.298
0.967878 0.0293213 0.249702 66.6063 -0.0358459 0.999123 0.0216211 -0.485792 -0.248849 -0.0298773 0.968081 118.136
0.967389 0.0290167 0.251625 66.8185 -0.0356102 0.99913 0.0216887 -0.502583 -0.250777 -0.0299418 0.967582 118.971
0.967052 0.0283536 0.252992 67.0353 -0.0351215 0.999134 0.0222744 -0.485928 -0.252141 -0.0304259 0.967212 119.805
0.966929 0.0222809 0.254066 67.2609 -0.0288434 0.999338 0.0221334 -0.491278 -0.253405 -0.0287296 0.966933 120.633
0.967117 0.0177908 0.253704 67.4894 -0.0242823 0.999452 0.0224782 -0.473178 -0.253165 -0.0278996 0.967021 121.457
0.966882 0.0169415 0.254657 67.7092 -0.0233693 0.999479 0.0222365 -0.455689 -0.254147 -0.0274512 0.966776 122.297
0.966322 0.0199239 0.256558 67.916 -0.0272647 0.999313 0.025087 -0.442701 -0.255882 -0.0312371 0.966203 123.12
0.966298 0.0244468 0.256258 68.1261 -0.0330378 0.999025 0.0292725 -0.407577 -0.255293 -0.0367522 0.966165 123.965
0.965969 0.0265944 0.257283 68.3407 -0.0358039 0.998872 0.0311759 -0.372249 -0.256164 -0.0393267 0.965833 124.793
0.965508 0.0273434 0.258931 68.5542 -0.0353265 0.999031 0.0262274 -0.379309 -0.257963 -0.0344699 0.96554 125.568
0.965736 0.0234518 0.25846 68.7786 -0.0277595 0.999529 0.0130294 -0.375372 -0.258033 -0.0197577 0.965934 126.373
0.966153 0.0200906 0.25718 69.0083 -0.0228375 0.999709 0.00769778 -0.37843 -0.256951 -0.0133106 0.966333 127.186
0.966144 0.0179845 0.257372 69.2266 -0.0226559 0.999627 0.0151962 -0.358439 -0.257003 -0.0205127 0.966193 128.006
0.967134 0.0110056 0.254026 69.4585 -0.0194585 0.999336 0.0307868 -0.346008 -0.253518 -0.034718 0.966707 128.87
0.967299 0.00553624 0.253575 69.6784 -0.0169736 0.998933 0.0429388 -0.326242 -0.253066 -0.0458387 0.966362 129.69
0.968253 0.0090956 0.249801 69.8737 -0.0198382 0.998981 0.0405205 -0.294867 -0.249177 -0.0441897 0.967449 130.558
0.968518 0.0181504 0.248275 70.067 -0.025844 0.99928 0.0277638 -0.269792 -0.247592 -0.0333062 0.968292 131.358
0.968633 0.0179395 0.247842 70.2655 -0.0236786 0.999515 0.0201944 -0.247942 -0.24736 -0.0254295 0.96859 132.154
0.969619 0.0161686 0.244081 70.4801 -0.0213196 0.999602 0.0184766 -0.25805 -0.243685 -0.023119 0.969579 132.973
0.970429 0.0125282 0.241056 70.6781 -0.017342 0.99969 0.0178582 -0.256952 -0.240757 -0.0215105 0.970347 133.79
0.971536 0.0131114 0.236525 70.8666 -0.0179589 0.99967 0.0183518 -0.265592 -0.236206 -0.0220771 0.971452 134.58
0.973044 0.0166494 0.230014 71.0531 -0.0209527 0.999648 0.016279 -0.24364 -0.229661 -0.0206595 0.973051 135.401
0.973714 0.0217125 0.226731 71.2211 -0.0256451 0.999567 0.0144132 -0.225603 -0.226319 -0.0198488 0.973851 136.189
0.97428 0.0251717 0.223924 71.3898 -0.0292824 0.999457 0.0150548 -0.224323 -0.223424 -0.0212246 0.97449 136.999
0.974967 0.0254986 0.220877 71.5732 -0.0298411 0.999421 0.0163449 -0.226294 -0.220332 -0.0225269 0.975164 137.786
0.975129 0.0241833 0.220309 71.7521 -0.0291108 0.999393 0.0191465 -0.233375 -0.219712 -0.0250837 0.975242 138.572
0.975688 0.0222229 0.21803 71.9314 -0.0271451 0.999439 0.0196057 -0.232818 -0.217472 -0.0250474 0.975745 139.367
0.976273 0.0220607 0.215413 72.1022 -0.0265854 0.999482 0.0181294 -0.220327 -0.214901 -0.023426 0.976354 140.154
0.977284 0.018819 0.21109 72.2695 -0.0226341 0.999621 0.0156712 -0.211902 -0.210715 -0.0200931 0.977341 140.926
0.978725 0.0183233 0.204351 72.4385 -0.0220493 0.999629 0.0159711 -0.193966 -0.203982 -0.0201371 0.978767 141.716
0.980207 0.0165438 0.197278 72.601 -0.0207794 0.999595 0.0194194 -0.192159 -0.196876 -0.0231343 0.980155 142.494
0.981327 0.0141232 0.191822 72.7498 -0.0195655 0.999457 0.0265072 -0.168436 -0.191343 -0.0297654 0.981071 143.272
0.982356 0.0119409 0.186631 72.9018 -0.0187021 0.999229 0.034509 -0.163116 -0.186075 -0.0373905 0.981823 144.076
0.983057 0.0121771 0.182886 73.0322 -0.0189585 0.999194 0.035377 -0.13489 -0.182307 -0.0382448 0.982497 144.864
0.984072 0.0129365 0.177292 73.1708 -0.0189749 0.999294 0.0324059 -0.151121 -0.176748 -0.0352539 0.983624 145.658
0.98521 0.0132836 0.170829 73.2949 -0.0176415 0.999555 0.0240181 -0.142887 -0.170433 -0.0266765 0.985008 146.444
0.986261 0.0101325 0.164874 73.4243 -0.0135684 0.999713 0.0197267 -0.13737 -0.164626 -0.0216927 0.986117 147.226
0.987482 0.00847921 0.157495 73.5562 -0.0117335 0.999736 0.0197446 -0.121869 -0.157286 -0.0213454 0.987322 148.04
0.988653 0.0136317 0.149589 73.6586 -0.0170526 0.999621 0.0216099 -0.0958428 -0.149237 -0.0239156 0.988512 148.852
0.98969 0.0191609 0.141932 73.7565 -0.0222589 0.999546 0.0202715 -0.0801288 -0.141479 -0.0232217 0.989668 149.66
0.991081 0.0221338 0.131404 73.8618 -0.0246793 0.999537 0.017775 -0.0674436 -0.130949 -0.0208594 0.991169 150.49
0.992259 0.0208315 0.122414 73.9703 -0.022996 0.999602 0.0162952 -0.0657762 -0.122025 -0.018984 0.992345 151.308
0.993114 0.0207359 0.115288 74.0501 -0.0231489 0.999539 0.0196308 -0.0533066 -0.114827 -0.0221644 0.993138 152.145
0.994061 0.0225084 0.106463 74.1384 -0.0253656 0.999351 0.0255603 -0.0360423 -0.105818 -0.0281089 0.993988 152.985
0.994836 0.0258581 0.0981347 74.2088 -0.0289262 0.999132 0.0299708 -0.0307872 -0.0972741 -0.0326547 0.994721 153.822
0.995649 0.0252903 0.0896746 74.2809 -0.0284002 0.999032 0.0335746 -0.0214673 -0.0887383 -0.0359753 0.995405 154.646
0.9962 0.0255549 0.0832499 74.3497 -0.0285532 0.998978 0.035025 -0.0128089 -0.0822693 -0.037269 0.995913 155.475
0.99649 0.0250051 0.0798737 74.4095 -0.0278248 0.999021 0.0343865 0.0100545 -0.0789353 -0.0364882 0.996211 156.282
0.996758 0.0286268 0.0751796 74.4551 -0.0310263 0.999039 0.0309454 0.0538884 -0.074221 -0.0331776 0.996689 157.112
0.996808 0.0346967 0.0718865 74.4846 -0.0367104 0.998964 0.0268819 0.0860663 -0.0708788 -0.029435 0.99705 157.907
0.997003 0.0354995 0.068717 74.5343 -0.0373415 0.998971 0.0257089 0.101326 -0.0677332 -0.0281978 0.997305 158.73
0.99732 0.0345929 0.0644471 74.575 -0.0367623 0.998786 0.0327849 0.127191 -0.0632343 -0.0350663 0.997382 159.558
0.997312 0.0355362 0.0640496 74.6129 -0.0381682 0.998456 0.0403483 0.135276 -0.0625165 -0.0426846 0.997131 160.395
0.997673 0.0346344 0.0587048 74.6506 -0.0374525 0.998163 0.047602 0.156792 -0.0569479 -0.0496899 0.99714 161.23
0.998043 0.0329832 0.0530978 74.6881 -0.0354236 0.998327 0.0456958 0.168238 -0.0515013 -0.0474873 0.997543 162.059
0.998677 0.0181152 0.048088 74.7304 -0.0200265 0.999016 0.0395662 0.175111 -0.0473235 -0.040477 0.998059 162.894
0.999019 0.0181543 0.0403651 74.7638 -0.0195778 0.99919 0.0351556 0.204123 -0.0396937 -0.0359114 0.998566 163.721
0.999367 0.0159791 0.0317583 74.771 -0.01712 0.999205 0.0359826 0.232928 -0.0311576 -0.0365035 0.998847 164.582
0.999632 0.0139645 0.0232125 74.7821 -0.0148758 0.999106 0.0395628 0.235085 -0.0226387 -0.0398935 0.998947 165.412
0.999864 0.00880051 0.0138625 74.7821 -0.00938903 0.999031 0.0429765 0.252006 -0.0134704 -0.0431008 0.99898 166.257
0.999966 0.0034767 0.0073096 74.7937 -0.00380458 0.998964 0.0453313 0.267992 -0.0071439 -0.0453576 0.998945 167.098
0.999998 -0.000614155 0.00114799 74.791 0.000562791 0.999021 0.0442241 0.311841 -0.0011735 -0.0442234 0.999021 167.929
0.999975 -0.00279291 -0.00621438 74.7839 0.00303176 0.999243 0.0387632 0.338165 0.00610195 -0.0387811 0.999229 168.767
0.999865 -0.00963546 -0.0131743 74.787 0.0100418 0.999464 0.0311325 0.377465 0.0128678 -0.0312606 0.999428 169.594
0.9997 -0.0124232 -0.0210356 74.7879 0.0130409 0.999479 0.0294846 0.405556 0.0206589 -0.0297501 0.999344 170.434
0.999542 -0.0103746 -0.0283824 74.7674 0.011349 0.999343 0.0343884 0.456799 0.0280076 -0.0346948 0.999005 171.319
0.999455 -0.00112083 -0.0329461 74.7204 0.00259681 0.998992 0.0447908 0.51226 0.0328633 -0.044852 0.998453 172.17
0.999251 0.00278475 -0.0385601 74.6727 -0.000758944 0.998622 0.0524513 0.537098 0.0386537 -0.0523828 0.997878 173.025
0.999128 0.00244801 -0.0416564 74.6358 -0.000348675 0.998732 0.0503289 0.564779 0.0417274 -0.0502705 0.997863 173.886
0.999075 0.00337601 -0.0428524 74.5965 -0.00153966 0.999081 0.0428137 0.574704 0.0429582 -0.0427081 0.998163 174.724
0.998895 0.0128385 -0.0451846 74.5406 -0.0112654 0.999327 0.0348987 0.606802 0.0456028 -0.0343511 0.998369 175.563
0.998865 0.0115943 -0.0461722 74.4947 -0.0101041 0.999424 0.0323789 0.641911 0.0465217 -0.0318756 0.998408 176.416
0.998769 0.00694667 -0.0490891 74.4594 -0.00513667 0.999305 0.0369019 0.653664 0.0493119 -0.0366044 0.998112 177.268
0.998737 0.00589499 -0.049868 74.419 -0.00377648 0.99909 0.0424704 0.709117 0.0500735 -0.0422285 0.997852 178.132
0.998816 0.00738452 -0.0480581 74.3635 -0.00516618 0.998922 0.0461211 0.742306 0.0483475 -0.0458182 0.997779 178.999
0.998703 0.00888483 -0.0501199 74.2914 -0.00664308 0.998977 0.0447183 0.762243 0.0504665 -0.0443273 0.997741 179.87
0.998615 0.00556773 -0.0522949 74.2537 -0.00366322 0.999328 0.0364441 0.819447 0.0524633 -0.0362021 0.997966 180.708
0.998558 -0.0017339 -0.0536315 74.2157 0.0032704 0.999586 0.0285747 0.821832 0.0535603 -0.0287089 0.998152 181.549
0.998377 -0.00828724 -0.0563198 74.1831 0.00972703 0.999631 0.0253385 0.830428 0.0560897 -0.0258452 0.998091 182.39
0.998334 -0.00781069 -0.0571544 74.1332 0.00948827 0.99953 0.0291391 0.844228 0.0569006 -0.0296329 0.99794 183.25
0.998212 -0.00259032 -0.0596923 74.0772 0.00487555 0.999259 0.0381695 0.86942 0.0595498 -0.0383923 0.997486 184.106
0.998121 -0.00260221 -0.0612064 74.0189 0.00511535 0.999148 0.0409392 0.884889 0.0610483 -0.0411753 0.997285 184.949
0.998118 -0.00345811 -0.0612059 73.9411 0.00590532 0.999188 0.0398474 0.91272 0.061019 -0.0401339 0.997329 185.828
0.998094 -0.00310651 -0.0616141 73.8812 0.00536174 0.99932 0.0364708 0.923056 0.0614595 -0.0367316 0.997433 186.663
0.99808 0.00274783 -0.0618639 73.8151 -0.000476784 0.999326 0.0366951 0.964765 0.0619237 -0.0365951 0.997409 187.513
0.998098 0.0046625 -0.0614576 73.7546 -0.00229423 0.999253 0.0385492 0.992926 0.0615921 -0.0383349 0.997365 188.336
0.997985 0.00875077 -0.0628212 73.6911 -0.0060822 0.999075 0.0425448 1.03245 0.0631361 -0.042077 0.997117 189.151
0.997828 0.0147104 -0.0641926 73.6323 -0.0118022 0.998896 0.0454514 1.05325 0.064791 -0.0445951 0.996902 189.95
