1 0 0 0 0 1 0 0 0 0 1 0
0.999909 -0.00255718 0.0132361 -0.0119928 0.00260111 0.999991 -0.00330287 -0.00417964 -0.0132276 0.003337 0.999907 0.329966
0.999719 -0.00225323 0.0236129 -0.0240082 0.00236155 0.999987 -0.00456032 -0.00605595 -0.0236023 0.0046148 0.999711 0.725716
0.999497 -0.00224103 0.03163 -0.0307832 0.00243443 0.999979 -0.00607706 -0.00793838 -0.0316157 0.006151 0.999481 1.18185
0.999423 -0.00132563 0.0339358 -0.033022 0.00154484 0.999978 -0.00643428 -0.00915806 -0.0339265 0.006483 0.999403 1.69686
0.999375 -0.0024519 0.0352685 -0.0333182 0.00270631 0.999971 -0.00716773 -0.0124385 -0.0352499 0.0072587 0.999352 2.26538
0.999404 -0.00202862 0.0344732 -0.0295993 0.0022763 0.999972 -0.00714699 -0.0140351 -0.0344577 0.0072212 0.99938 2.88679
0.999457 -0.000851644 0.0329373 -0.0260122 0.00107374 0.999977 -0.00672599 -0.0205376 -0.0329308 0.0067577 0.999435 3.55088
0.999525 -0.000173633 0.0308308 -0.0170614 0.00037669 0.999978 -0.00658052 -0.0336285 -0.0308289 0.006589 0.999503 4.26172
0.999609 0.000939646 0.027945 -0.00654708 -0.000764115 0.99998 -0.00629134 -0.0628769 -0.0279504 0.00626753 0.99959 5.00634
0.999682 0.00127353 0.0251971 0.00860402 -0.00113952 0.999985 -0.00533207 -0.101197 -0.0252035 0.00530166 0.999668 5.7772
0.999737 0.00186217 0.022847 0.0207614 -0.00174116 0.999984 -0.00531511 -0.121868 -0.0228566 0.00527393 0.999725 6.57098
0.999785 0.00139598 0.0206963 0.0364817 -0.00128298 0.999984 -0.0054719 -0.114368 -0.0207036 0.00544417 0.999771 7.38294
0.999821 0.000665324 0.0189322 0.0537934 -0.000559077 0.999984 -0.00561673 -0.10905 -0.0189356 0.00560514 0.999805 8.20311
0.999853 0.000340405 0.0171373 0.0681943 -0.000246007 0.999985 -0.00551013 -0.104784 -0.017139 0.00550511 0.999838 9.03637
0.999875 -0.000569899 0.0157684 0.0803103 0.00065102 0.999987 -0.0051399 -0.10832 -0.0157653 0.00514952 0.999862 9.87746
0.999895 0.0010826 0.0144309 0.0885809 -0.00099867 0.999983 -0.00582215 -0.112207 -0.0144369 0.00580712 0.999879 10.7264
0.99991 0.00129 0.0133781 0.0940845 -0.00121077 0.999982 -0.0059282 -0.115095 -0.0133855 0.00591147 0.999893 11.5862
0.999915 0.00280333 0.0127504 0.0943962 -0.00271877 0.999974 -0.00664434 -0.117004 -0.0127687 0.00660911 0.999897 12.46
0.999938 0.00259566 0.0108239 0.0988979 -0.00252854 0.999978 -0.00620995 -0.124457 -0.0108398 0.0061822 0.999922 13.344
0.999952 0.00215725 0.00952303 0.110198 -0.00210438 0.999982 -0.00555802 -0.134237 -0.00953485 0.00553772 0.999939 14.2374
0.999957 0.0019987 0.0090158 0.118856 -0.00195054 0.999984 -0.00534749 -0.142286 -0.00902633 0.00532968 0.999945 15.137
0.999972 0.00188946 0.00729949 0.126621 -0.00185166 0.999985 -0.00518189 -0.165651 -0.00730916 0.00516823 0.99996 16.041
0.999976 0.00179899 0.00675218 0.137174 -0.00176234 0.999984 -0.0054293 -0.182122 -0.00676183 0.00541727 0.999963 16.9493
0.999986 0.00142084 0.00501334 0.142361 -0.00139272 0.999983 -0.00560862 -0.195969 -0.00502122 0.00560157 0.999972 17.8651
0.99999 0.000815651 0.00430535 0.147138 -0.000795644 0.999989 -0.00464683 -0.209976 -0.00430908 0.00464336 0.99998 18.7853
0.999984 0.00116274 0.00557715 0.147518 -0.0011451 0.999995 -0.00316568 -0.222588 -0.0055808 0.00315925 0.999979 19.7132
0.999986 0.00121103 0.0051975 0.141995 -0.00121058 0.999999 -9.03824e-05 -0.234115 -0.0051976 8.40914e-05 0.999987 20.6466
0.999977 0.00130354 0.00666653 0.138437 -0.00130687 0.999999 0.000494964 -0.247024 -0.00666588 -0.000503662 0.999978 21.5851
0.999958 0.00183175 0.00902384 0.140266 -0.00183929 0.999998 0.000826839 -0.260817 -0.0090223 -0.000843399 0.999959 22.5292
0.999949 0.00286109 0.00965847 0.144828 -0.00285952 0.999996 -0.00017638 -0.277164 -0.00965893 0.000148755 0.999953 23.4734
0.999924 0.00390342 0.011724 0.148719 -0.00386049 0.999986 -0.00368294 -0.295145 -0.0117382 0.0036374 0.999925 24.4229
0.99992 0.00332204 0.012187 0.153683 -0.00327086 0.999986 -0.00421729 -0.313857 -0.0122008 0.00417709 0.999917 25.3805
0.999914 0.00143827 0.0130499 0.159276 -0.0013999 0.999995 -0.00294859 -0.329876 -0.013054 0.00293007 0.999911 26.3465
0.999903 2.90529e-05 0.0139003 0.16743 -4.57277e-05 1 0.00119936 -0.341715 -0.0139003 -0.00119988 0.999903 27.3206
0.999918 -0.00407557 0.0121733 0.175383 0.00402402 0.999983 0.00425646 -0.348042 -0.0121904 -0.00420712 0.999917 28.3022
0.999877 -0.0108757 0.0113173 0.187549 0.0108192 0.999929 0.0050424 -0.352852 -0.0113713 -0.00491933 0.999923 29.2915
0.999886 -0.0107675 0.0105555 0.20095 0.0107434 0.99994 0.00234211 -0.359642 -0.0105801 -0.00222844 0.999942 30.2838
0.99993 -0.00858699 0.00814271 0.211985 0.00857507 0.999962 0.00149841 -0.365117 -0.00815527 -0.00142848 0.999966 31.2762
0.999951 -0.00777406 0.00607067 0.221213 0.0077646 0.999969 0.00158042 -0.368768 -0.00608276 -0.0015332 0.99998 32.2751
0.999948 -0.00833724 0.00594224 0.232227 0.00831985 0.999961 0.00294561 -0.371069 -0.00596657 -0.00289602 0.999978 33.2823
0.99997 -0.00690549 0.00362176 0.236757 0.00689054 0.999968 0.00412372 -0.371312 -0.00365012 -0.00409864 0.999985 34.2942
0.999977 -0.00606787 0.00321795 0.239928 0.00605253 0.999971 0.0047558 -0.379295 -0.00324671 -0.00473621 0.999984 35.3115
0.999998 -0.00167659 0.000814806 0.237375 0.00167155 0.99998 0.00615295 -0.421113 -0.000825105 -0.00615157 0.999981 36.3317
0.999992 -0.00388842 0.000491109 0.23883 0.00388432 0.99996 0.00809191 -0.402703 -0.000522553 -0.00808994 0.999967 37.3491
0.999996 -0.00294852 0.0003536 0.23716 0.00294558 0.999964 0.00803871 -0.374432 -0.000377289 -0.00803762 0.999968 38.3719
0.99999 -0.00442085 -0.000845809 0.236875 0.0044279 0.999954 0.0085075 -0.350628 0.00080816 -0.00851115 0.999963 39.3987
0.999985 -0.00515114 -0.00191383 0.23306 0.00516597 0.999956 0.00782872 -0.332124 0.00187342 -0.00783848 0.999968 40.4245
0.99999 -0.00425777 -0.00167415 0.227311 0.00426971 0.999965 0.00719064 -0.316335 0.00164348 -0.00719771 0.999973 41.4528
0.99998 -0.00513483 -0.00371202 0.22117 0.0051624 0.999959 0.0074554 -0.304643 0.00367359 -0.00747441 0.999965 42.4829
0.999963 -0.00684008 -0.00532252 0.21489 0.00688378 0.999943 0.0082351 -0.291731 0.00526588 -0.00827143 0.999952 43.512
0.999959 -0.00653237 -0.00627242 0.204505 0.00658449 0.999944 0.00832465 -0.280145 0.00621769 -0.0083656 0.999946 44.5462
0.999953 -0.00553806 -0.00794078 0.189469 0.00559137 0.999962 0.00670722 -0.271752 0.00790333 -0.0067513 0.999946 45.577
0.999952 -0.00293101 -0.00931339 0.17066 0.00295673 0.999992 0.00274862 -0.265722 0.00930526 -0.00277602 0.999953 46.6066
0.999936 -0.0026535 -0.0109971 0.149769 0.00267622 0.999995 0.00205096 -0.262989 0.0109916 -0.00208025 0.999938 47.6366
0.999908 -0.00349711 -0.0131398 0.126625 0.00354662 0.999987 0.00374625 -0.258111 0.0131265 -0.0037925 0.999907 48.6624
0.999882 -0.0063048 -0.0139963 0.102889 0.0063887 0.999962 0.00595786 -0.258516 0.0139582 -0.00604657 0.999884 49.6922
0.999876 -0.00566041 -0.0146928 0.0798058 0.00574758 0.999966 0.00589699 -0.257116 0.0146589 -0.0059807 0.999875 50.7055
0.999866 -0.00633211 -0.0151213 0.0599532 0.00641811 0.999964 0.00564575 -0.25888 0.015085 -0.00574203 0.99987 51.7065
0.99986 -0.00645952 -0.0154207 0.0432511 0.00653966 0.999966 0.00515141 -0.262955 0.0153869 -0.00525153 0.999868 52.7057
0.999826 -0.00683339 -0.0173749 0.0218584 0.00693025 0.999961 0.00552051 -0.265893 0.0173365 -0.00563995 0.999834 53.6762
0.999815 -0.00824991 -0.017384 0.00745856 0.00838327 0.999936 0.0076125 -0.256543 0.0173201 -0.00775682 0.99982 54.6439
0.999775 -0.0088789 -0.0192359 -0.00842927 0.0091386 0.999868 0.0134553 -0.246188 0.0191139 -0.0136281 0.999725 55.6091
0.999767 -0.00825157 -0.0199255 -0.0240516 0.00852176 0.999873 0.0135136 -0.236509 0.0198114 -0.0136802 0.99971 56.5749
0.999759 -0.00754663 -0.0206227 -0.0415101 0.0077901 0.999901 0.0117509 -0.233421 0.020532 -0.0119087 0.999718 57.536
0.999712 -0.00559479 -0.0233139 -0.0629983 0.00571201 0.999972 0.00496417 -0.234828 0.0232855 -0.00509591 0.999716 58.4902
0.999691 -0.00477996 -0.0243925 -0.0835531 0.00481064 0.999988 0.00119898 -0.240767 0.0243864 -0.00131595 0.999702 59.445
0.999678 -0.00263037 -0.0252218 -0.105715 0.00268113 0.999995 0.00197881 -0.243143 0.0252164 -0.00204579 0.99968 60.3925
0.999644 -0.00126473 -0.0266401 -0.132902 0.00134744 0.999995 0.00308719 -0.245173 0.026636 -0.00312199 0.99964 61.335
0.999597 -0.000567627 -0.0283586 -0.163779 0.00066644 0.999994 0.00347511 -0.247726 0.0283564 -0.00349261 0.999592 62.2667
0.999556 0.000696191 -0.0297747 -0.192588 -0.000600265 0.999995 0.0032306 -0.253164 0.0297768 -0.00321128 0.999552 63.1825
0.999496 0.00151824 -0.0316967 -0.22615 -0.00140334 0.999993 0.00364721 -0.257481 0.031702 -0.00360089 0.999491 64.0914
0.999429 0.00208638 -0.0337063 -0.262468 -0.00195243 0.999991 0.00400647 -0.263626 0.0337143 -0.00393837 0.999424 64.9847
0.999369 0.00190513 -0.0354522 -0.300029 -0.00176045 0.999991 0.00411175 -0.272897 0.0354596 -0.00404674 0.999363 65.8668
0.999285 0.00298542 -0.0376791 -0.337884 -0.00282182 0.999987 0.00439449 -0.281566 0.0376917 -0.00428502 0.99928 66.7387
0.999219 0.00433184 -0.0392661 -0.377331 -0.00412358 0.999978 0.00538323 -0.28953 0.0392885 -0.00521711 0.999215 67.6031
0.999155 0.00506652 -0.0407876 -0.417274 -0.00479015 0.999965 0.00687096 -0.294294 0.040821 -0.00666977 0.999144 68.4661
0.999037 0.00641595 -0.0433887 -0.460526 -0.00611793 0.999957 0.00699809 -0.296817 0.0434317 -0.0067259 0.999034 69.3211
0.998916 0.00861918 -0.0457418 -0.510247 -0.00840001 0.999953 0.00498172 -0.302862 0.0457825 -0.00459209 0.998941 70.1627
0.998707 0.0104733 -0.0497493 -0.566319 -0.0105774 0.999943 -0.00183019 -0.311815 0.0497272 0.00235405 0.99876 70.987
0.998558 0.010276 -0.0526952 -0.621251 -0.010705 0.999912 -0.00786391 -0.329129 0.0526098 0.00841667 0.99858 71.7951
0.99846 0.0110088 -0.0543638 -0.676256 -0.0114355 0.999907 -0.00754244 -0.349595 0.0542756 0.00815251 0.998493 72.5956
0.998191 0.0124919 -0.0588028 -0.732035 -0.0127975 0.999907 -0.00482274 -0.368087 0.0587371 0.00556654 0.998258 73.3814
0.997911 0.0125798 -0.0633613 -0.783913 -0.0128462 0.999911 -0.00379872 -0.389577 0.0633078 0.00460474 0.997984 74.1501
0.997665 0.0118473 -0.0672537 -0.83505 -0.0122659 0.999908 -0.00581519 -0.412161 0.0671786 0.00662654 0.997719 74.8953
0.997571 0.00703798 -0.0693027 -0.884578 -0.00773812 0.999922 -0.00983931 -0.440728 0.069228 0.0103517 0.997547 75.6138
0.997509 0.00364039 -0.0704442 -0.936051 -0.00460715 0.999898 -0.0135661 -0.466723 0.0703876 0.0138569 0.997424 76.3021
0.997656 0.00509787 -0.0682403 -0.987496 -0.00596561 0.999904 -0.0125181 -0.490613 0.06817 0.0128958 0.997591 76.966
0.997864 0.00964068 -0.0646083 -1.03961 -0.0103201 0.999895 -0.0101907 -0.51112 0.0645032 0.0108357 0.997859 77.619
0.998111 0.0090946 -0.0607585 -1.08812 -0.00969688 0.999907 -0.00962508 -0.531207 0.0606653 0.0101961 0.998106 78.2596
0.998435 0.00663954 -0.0555202 -1.12666 -0.00694049 0.999963 -0.00522918 -0.550539 0.0554834 0.00560634 0.998444 78.8861
0.998862 0.00203099 -0.0476483 -1.15782 -0.00214026 0.999996 -0.00224223 -0.569887 0.0476436 0.00234167 0.998862 79.4993
0.999298 0.0043698 -0.037199 -1.18239 -0.00446845 0.999987 -0.00256916 -0.582941 0.0371873 0.00273359 0.999305 80.0952
0.999719 0.00763785 -0.0224151 -1.20178 -0.0076923 0.999968 -0.0023435 -0.593751 0.0223965 0.00251527 0.999746 80.6763
0.999943 0.00962444 -0.0044522 -1.21185 -0.00963004 0.999953 -0.00123441 -0.599945 0.0044401 0.00127722 0.999989 81.244
0.999816 0.00884917 0.0170006 -1.20658 -0.00884078 0.999961 -0.000569365 -0.606203 -0.017005 0.000418967 0.999855 81.79
0.99903 0.00821003 0.0432465 -1.18381 -0.008211 0.999967 -0.000155485 -0.611906 -0.0432463 -0.000199757 0.999065 82.318
0.997331 0.00812824 0.0725611 -1.14426 -0.00814669 0.999967 -4.19353e-05 -0.615652 -0.0725591 -0.000549304 0.997364 82.8264
0.994405 0.00819029 0.105317 -1.08734 -0.00825332 0.999966 0.000162523 -0.620405 -0.105312 -0.00103082 0.994439 83.3187
0.989718 0.00823303 0.142794 -1.01298 -0.00835202 0.999966 0.000233876 -0.626093 -0.142787 -0.00142408 0.989753 83.7996
0.98293 0.0082777 0.183795 -0.915839 -0.00849701 0.999964 0.000405603 -0.63298 -0.183785 -0.00196038 0.982965 84.2635
0.97342 0.00808734 0.228884 -0.798837 -0.00841271 0.999965 0.000445796 -0.646677 -0.228873 -0.00235948 0.973454 84.7149
0.960735 0.00888553 0.277325 -0.6611 -0.00923239 0.999958 -5.51041e-05 -0.656327 -0.277313 -0.00250742 0.960776 85.1566
0.944055 0.00882705 0.329668 -0.501675 -0.00924859 0.999958 -0.000289691 -0.666387 -0.329657 -0.00277548 0.944097 85.5787
0.922872 0.00880441 0.385005 -0.318524 -0.00931254 0.999957 -0.000544806 -0.675433 -0.384993 -0.00308258 0.922914 85.9825
0.896906 0.00864379 0.442137 -0.116288 -0.00909343 0.999958 -0.00110258 -0.682253 -0.442128 -0.00303162 0.896947 86.3597
0.866627 0.00855007 0.498883 0.105628 -0.00902037 0.999959 -0.00146814 -0.691311 -0.498875 -0.00322777 0.866668 86.7137
0.831299 0.00810078 0.555766 0.352664 -0.00855931 0.999962 -0.00177257 -0.70154 -0.555759 -0.00328343 0.831337 87.048
0.792698 0.00777893 0.609565 0.61613 -0.00795181 0.999966 -0.00242023 -0.708885 -0.609563 -0.00292862 0.792732 87.3524
0.751453 0.00739795 0.659744 0.902548 -0.00776998 0.999968 -0.00236294 -0.71843 -0.65974 -0.00335056 0.751486 87.637
0.707683 0.00741037 0.706491 1.19946 -0.00802981 0.999965 -0.00244527 -0.72592 -0.706484 -0.0039425 0.707718 87.9003
0.661456 0.0068859 0.749952 1.51074 -0.00794626 0.999967 -0.0021729 -0.735006 -0.749942 -0.00452203 0.661489 88.1414
0.613271 0.00644966 0.789846 1.83738 -0.00731532 0.999971 -0.00248555 -0.74194 -0.789839 -0.00425365 0.6133 88.3626
0.565049 0.00593037 0.825036 2.17275 -0.00684047 0.999974 -0.00250296 -0.74893 -0.825029 -0.00422934 0.565074 88.559
0.516589 0.00707219 0.856204 2.51811 -0.00848544 0.999959 -0.00313994 -0.753001 -0.856191 -0.00564321 0.516628 88.7374
0.469445 0.00724352 0.882932 2.86697 -0.00857435 0.999957 -0.00364472 -0.75267 -0.88292 -0.00585956 0.469487 88.8938
0.422923 0.0069857 0.906138 3.21746 -0.00887 0.999955 -0.00356906 -0.756963 -0.906122 -0.00652801 0.422966 89.0342
0.378825 0.00533764 0.925452 3.57826 -0.00522375 0.99998 -0.0036292 -0.760534 -0.925453 -0.00345949 0.378846 89.1573
0.338653 -0.00210936 0.940909 3.94221 0.00781831 0.99997 -0.000572221 -0.767282 -0.940879 0.0075501 0.338659 89.2587
0.302684 -0.00352272 0.953084 4.31085 0.0113751 0.999936 8.33332e-05 -0.76772 -0.953023 0.0108162 0.302704 89.3415
0.268659 -0.000787026 0.963235 4.68275 0.00935498 0.999955 -0.00179221 -0.7669 -0.96319 0.00949254 0.268654 89.4209
0.237455 0.0064456 0.971377 5.05384 -1.69919e-05 0.999979 -0.00663125 -0.767693 -0.971398 0.00155812 0.23745 89.4956
0.208797 0.00827392 0.977924 5.43237 -0.00307042 0.999965 -0.00780485 -0.769313 -0.977954 -0.001373 0.208815 89.5662
0.182376 0.00763047 0.983199 5.81879 -0.00117136 0.999971 -0.00754337 -0.775181 -0.983228 0.000224053 0.182379 89.628
0.159218 0.00771095 0.987213 6.21255 0.00406847 0.999956 -0.00846666 -0.778889 -0.987235 0.00536449 0.15918 89.6799
0.138479 0.0128461 0.990282 6.61345 0.0109742 0.999835 -0.0145047 -0.783368 -0.990304 0.0128762 0.138316 89.7223
0.118079 0.0187393 0.992827 7.02668 0.0115659 0.999729 -0.0202451 -0.783891 -0.992937 0.0138734 0.11783 89.7567
0.100538 0.0187972 0.994755 7.45063 0.0118393 0.999729 -0.0200878 -0.78355 -0.994862 0.0137968 0.100288 89.788
0.0847635 0.0160338 0.996272 7.89107 0.0123983 0.999777 -0.0171451 -0.786556 -0.996324 0.0138054 0.0845458 89.8158
0.0698861 0.0149096 0.997443 8.34884 0.0122995 0.9998 -0.0158066 -0.795611 -0.997479 0.0133727 0.0696887 89.8444
0.0567811 0.0140251 0.998288 8.82083 0.0120456 0.999819 -0.0147318 -0.807219 -0.998314 0.0128614 0.0566019 89.864
0.0449634 0.0133941 0.998899 9.30713 0.0123223 0.999827 -0.0139613 -0.820845 -0.998912 0.0129365 0.0447906 89.8777
0.0350009 0.013506 0.999296 9.80634 0.0121993 0.999829 -0.0139405 -0.82638 -0.999313 0.0126787 0.0348301 89.8913
0.0268058 0.0135676 0.999548 10.3216 0.0124422 0.999826 -0.0139051 -0.830255 -0.999563 0.0128093 0.0266323 89.9072
0.0202875 0.0134524 0.999703 10.8533 0.012866 0.999824 -0.0137151 -0.837882 -0.999711 0.0131405 0.0201108 89.923
0.0148018 0.0136139 0.999798 11.3953 0.0128992 0.999822 -0.0138052 -0.839409 -0.999807 0.0131009 0.0146235 89.9397
0.00756486 0.0136638 0.999878 11.9541 0.0129999 0.999821 -0.0137614 -0.8424 -0.999887 0.0131024 0.00738589 89.9606
0.00161407 0.0133373 0.99991 12.5419 0.0142006 0.999811 -0.0133589 -0.847444 -0.999898 0.0142209 0.00142438 89.9776
-0.00173799 0.0132243 0.999911 13.1356 0.0149297 0.999802 -0.0131969 -0.853455 -0.999887 0.0149055 -0.00193506 89.9878
-0.00530768 0.0130965 0.9999 13.7546 0.0151412 0.999801 -0.0130149 -0.86169 -0.999871 0.0150707 -0.0055049 89.9921
-0.00937976 0.0127276 0.999875 14.3905 0.0151697 0.999806 -0.0125844 -0.873488 -0.999841 0.0150497 -0.009571 90.0041
-0.0105478 0.0124897 0.999866 15.0338 0.01775 0.999767 -0.0123012 -0.886914 -0.999787 0.0176179 -0.010767 90.0034
-0.0119021 0.012309 0.999853 15.7065 0.0200403 0.999727 -0.0120689 -0.895588 -0.999728 0.0198937 -0.0121455 90.0276
-0.00988495 0.0121408 0.999877 16.3815 0.0212476 0.999704 -0.0119286 -0.901261 -0.999725 0.0211271 -0.01014 90.008
-0.00663581 0.0119008 0.999907 17.0758 0.0219904 0.99969 -0.0117523 -0.907443 -0.999736 0.0219104 -0.00689543 90.0311
-0.00326861 0.0116809 0.999926 17.7873 0.0218977 0.999694 -0.0116066 -0.92115 -0.999755 0.0218581 -0.00352337 90.0252
5.68562e-05 0.0107456 0.999942 18.5095 0.0222364 0.999696 -0.0107442 -0.93442 -0.999753 0.0222358 -0.000182087 90.0329
0.0036169 0.0100511 0.999943 19.2551 0.0216719 0.999714 -0.0101272 -0.943482 -0.999758 0.0217072 0.00339805 90.0381
0.00654116 0.00941482 0.999934 20.03 0.0208796 0.999737 -0.00954956 -0.948722 -0.99976 0.0209407 0.00634287 90.0538
0.0110558 0.00910631 0.999897 20.8136 0.0196889 0.999763 -0.00932279 -0.954633 -0.999745 0.01979 0.0108739 90.072
0.0145835 0.00929991 0.99985 21.609 0.0181336 0.99979 -0.00956385 -0.966268 -0.999729 0.0182704 0.0144119 90.0951
0.0184272 0.010089 0.999779 22.4023 0.0168505 0.999804 -0.0103999 -0.981382 -0.999688 0.0170384 0.0182536 90.1166
0.0197503 0.014463 0.9997 23.2031 0.0123299 0.999816 -0.0147083 -0.996 -0.999729 0.0126167 0.0195684 90.1467
0.0186866 0.0154182 0.999706 24.0232 0.010516 0.999823 -0.0156166 -1.01595 -0.99977 0.0108047 0.0185211 90.1675
0.0195727 0.0149366 0.999696 24.8437 0.00893338 0.999846 -0.0151138 -1.0364 -0.999768 0.00922648 0.0194363 90.1911
0.0198331 0.014251 0.999701 25.6744 0.00906315 0.999855 -0.014433 -1.05614 -0.999762 0.00934669 0.0197011 90.218
0.0188153 0.0137237 0.999728 26.5016 0.00884511 0.999865 -0.0138921 -1.08078 -0.999784 0.00910409 0.0186914 90.2423
0.019812 0.013593 0.999711 27.3316 0.00772296 0.999876 -0.0137483 -1.10084 -0.999774 0.00799311 0.0197046 90.2712
0.0199647 0.0135399 0.999709 28.155 0.00680778 0.999884 -0.0136782 -1.11848 -0.999777 0.00707888 0.0198702 90.2974
0.0196459 0.0135051 0.999715 28.9797 0.00454516 0.999898 -0.0135968 -1.14947 -0.999796 0.00481099 0.0195825 90.3224
0.0190076 0.0136999 0.999725 29.7993 0.00275051 0.999902 -0.0137546 -1.17691 -0.999815 0.0030112 0.0189681 90.351
0.0159866 0.0132596 0.999784 30.6256 0.000816563 0.999912 -0.0132744 -1.20267 -0.999872 0.0010286 0.0159744 90.3803
0.013082 0.0125791 0.999835 31.4503 -4.34726e-05 0.999921 -0.0125796 -1.22383 -0.999914 0.000121106 0.0130815 90.407
0.00828901 0.0116177 0.999898 32.2776 -0.00103548 0.999933 -0.0116096 -1.2442 -0.999965 -0.000939137 0.0083005 90.4308
0.00141322 0.0108017 0.99994 33.1033 -0.00184228 0.999941 -0.0107991 -1.26758 -0.999997 -0.0018269 0.00143305 90.4466
-0.00590019 0.0103782 0.999928 33.9311 -0.00185915 0.999945 -0.0103893 -1.29117 -0.999981 -0.00192031 -0.00588054 90.4534
-0.0144714 0.0103235 0.999842 34.756 -0.0023314 0.999944 -0.0103583 -1.30402 -0.999892 -0.00248092 -0.0144465 90.4488
-0.0249945 0.0101624 0.999636 35.5787 -0.00269783 0.999945 -0.010233 -1.32477 -0.999684 -0.00295261 -0.0249657 90.4333
-0.0349035 0.00960716 0.999344 36.3996 -0.00268841 0.99995 -0.00970689 -1.34171 -0.999387 -0.00302545 -0.0348759 90.4081
-0.0459049 0.00921475 0.998903 37.2226 -0.00309534 0.999952 -0.00936668 -1.35263 -0.998941 -0.00352191 -0.0458741 90.377
-0.0563103 0.00888111 0.998374 38.0371 -0.00266741 0.999956 -0.00904563 -1.3603 -0.99841 -0.00317243 -0.0562841 90.3359
-0.067146 0.0086269 0.997706 38.8459 -0.00268613 0.999958 -0.00882716 -1.36926 -0.997739 -0.00327267 -0.0671199 90.2835
-0.0784959 0.00867093 0.996876 39.6521 -0.00260201 0.999957 -0.00890262 -1.37901 -0.996911 -0.0032927 -0.0784699 90.2171
-0.0887025 0.00857793 0.996021 40.4518 -0.00261348 0.999958 -0.00884459 -1.38799 -0.996055 -0.00338761 -0.0886763 90.1428
-0.0988813 0.00846405 0.995063 41.2486 -0.00255126 0.999959 -0.00875922 -1.39933 -0.995096 -0.00340478 -0.0988556 90.0593
-0.10909 0.00829157 0.993997 42.038 -0.00213457 0.999961 -0.00857559 -1.41336 -0.994029 -0.00305726 -0.109068 89.967
-0.118788 0.0078851 0.992888 42.8216 -0.00196627 0.999965 -0.00817655 -1.42366 -0.992917 -0.00292355 -0.118768 89.8657
-0.128719 0.00766444 0.991651 43.5964 -0.00224946 0.999966 -0.0080207 -1.43399 -0.991678 -0.00326309 -0.128697 89.7557
-0.137314 0.00718353 0.990501 44.3627 -0.0013138 0.999972 -0.00743436 -1.44588 -0.990526 -0.00232215 -0.1373 89.6384
-0.144558 0.00667543 0.989474 45.1249 -0.000781612 0.999977 -0.00686049 -1.45713 -0.989496 -0.00176511 -0.144549 89.5207
-0.150098 0.00600762 0.988653 45.8804 0.000706769 0.999982 -0.00596916 -1.46935 -0.988671 -0.000197203 -0.150099 89.4011
-0.154055 0.00527706 0.988048 46.6267 0.00282596 0.999985 -0.0049002 -1.47941 -0.988058 0.00203729 -0.154067 89.2777
-0.156812 0.00488592 0.987616 47.3635 0.00323717 0.999986 -0.00443312 -1.48688 -0.987623 0.00250192 -0.156825 89.1553
-0.158296 0.00481291 0.98738 48.0922 0.00316207 0.999986 -0.00436742 -1.49486 -0.987386 0.00243082 -0.158309 89.0324
-0.159148 0.00469269 0.987243 48.8041 0.00277966 0.999987 -0.00430518 -1.5022 -0.98725 0.00205904 -0.159159 88.9128
-0.158229 0.00476107 0.987391 49.4968 0.00344505 0.999986 -0.00426973 -1.51265 -0.987396 0.00272602 -0.158243 88.7968
-0.155244 0.0046178 0.987865 50.1697 0.00366049 0.999985 -0.00409921 -1.52316 -0.987869 0.0029797 -0.155259 88.689
-0.149794 0.00446455 0.988707 50.8324 0.00339891 0.999987 -0.00400053 -1.53097 -0.988711 0.00276128 -0.149807 88.5904
-0.141329 0.00425717 0.989953 51.4816 0.0031557 0.999988 -0.00384981 -1.53802 -0.989957 0.00257991 -0.14134 88.4986
-0.129822 0.00401418 0.991529 52.1109 0.00282168 0.99999 -0.00367899 -1.54305 -0.991533 0.00232016 -0.129832 88.4186
-0.115658 0.00370792 0.993282 52.7255 0.00297927 0.99999 -0.00338606 -1.54655 -0.993284 0.00256763 -0.115668 88.3531
-0.0985234 0.00390679 0.995127 53.3199 0.00241879 0.999991 -0.00368642 -1.54976 -0.995132 0.00204381 -0.0985318 88.2995
-0.0774577 0.00394898 0.996988 53.9026 0.00197604 0.999991 -0.00380735 -1.55599 -0.996993 0.00167519 -0.0774647 88.2606
-0.0527273 0.0038541 0.998601 54.4673 0.00124261 0.999993 -0.00379386 -1.56095 -0.998608 0.00104084 -0.0527317 88.2372
-0.0243904 0.00349575 0.999696 55.0216 0.000837101 0.999994 -0.00347637 -1.56702 -0.999702 0.00075206 -0.0243931 88.2328
0.00876591 0.00272798 0.999958 55.5684 0.000560886 0.999997 -0.00273301 -1.57509 -0.999961 0.000584823 0.00876435 88.2462
0.0469153 0.00135681 0.998898 56.107 0.000514414 0.999999 -0.00138247 -1.58177 -0.998898 0.00057871 0.0469145 88.2828
0.0890669 0.00024648 0.996025 56.6382 0.000401676 1 -0.000283387 -1.58587 -0.996025 0.000425324 0.0890668 88.3449
0.134576 -0.00142164 0.990902 57.1651 -0.000730892 0.999999 0.00153395 -1.58867 -0.990903 -0.000930671 0.134574 88.4298
0.182802 -0.00313048 0.983145 57.6825 -0.00281116 0.99999 0.00370681 -1.5889 -0.983145 -0.00344139 0.182791 88.541
0.23439 -0.00381525 0.972135 58.1807 -0.00311562 0.999985 0.00467574 -1.58683 -0.972137 -0.00412474 0.234374 88.6805
0.28955 -0.00391516 0.957155 58.6713 -0.0026996 0.999985 0.00490701 -1.58327 -0.957159 -0.00400475 0.289535 88.8458
0.347781 -0.00401781 0.937567 59.1412 -0.00177518 0.999987 0.00494378 -1.57705 -0.937574 -0.0033837 0.347769 89.0346
0.40861 -0.000749512 0.912708 59.5859 0.00115567 1 0.000303808 -1.57345 -0.912708 0.000930654 0.408611 89.2486
0.469481 0.00289461 0.882938 60.0131 0.00288907 0.999985 -0.00481454 -1.56877 -0.882938 0.00481121 0.469465 89.4917
0.529174 0.00658486 0.848488 60.4119 0.000718321 0.999967 -0.00820844 -1.56607 -0.848513 0.00495318 0.529151 89.76
0.587343 0.00741266 0.809304 60.7834 -0.000498045 0.999962 -0.00879751 -1.56177 -0.809337 0.00476409 0.587324 90.0613
0.641431 0.00787297 0.76714 61.1294 -0.00156784 0.999959 -0.00895141 -1.55822 -0.767179 0.00453895 0.641417 90.3828
0.692142 0.00690467 0.721728 61.4498 -0.00154763 0.999967 -0.00808236 -1.5612 -0.721759 0.00447718 0.692129 90.7228
0.740068 0.00519057 0.672512 61.7535 -0.00150502 0.999981 -0.00606184 -1.56667 -0.67253 0.00347404 0.740061 91.0948
0.783288 0.00132364 0.621657 62.0279 -0.00108405 1 -0.000763313 -1.57058 -0.621657 -7.60051e-05 0.783289 91.4853
0.821816 -0.00138741 0.56975 62.2783 -0.00157476 0.999988 0.00470653 -1.5743 -0.56975 -0.00476511 0.821804 91.888
0.85577 -0.00429585 0.517339 62.5027 -0.000901214 0.999952 0.00979412 -1.57854 -0.517355 -0.00884773 0.855724 92.3108
0.883684 -0.00438636 0.468062 62.704 -0.00298535 0.999884 0.0150064 -1.58245 -0.468073 -0.0146583 0.883568 92.7415
0.906086 -0.00360432 0.423078 62.88 -0.00360625 0.999862 0.0162415 -1.58153 -0.423077 -0.0162419 0.905948 93.1833
0.923559 0.000294027 0.383455 63.0455 -0.00751651 0.999822 0.017337 -1.57307 -0.383381 -0.018894 0.923397 93.644
0.936968 0.00390312 0.349394 63.1874 -0.0107705 0.999786 0.0177144 -1.56111 -0.349249 -0.0203609 0.936808 94.1034
0.947879 0.00506731 0.31859 63.3273 -0.011391 0.999774 0.017989 -1.543 -0.318427 -0.0206804 0.947721 94.5703
0.955147 0.00243874 0.296121 63.4628 -0.00832072 0.999793 0.0186048 -1.53489 -0.296014 -0.0202342 0.954969 95.0361
0.959725 0.001196 0.280938 63.5984 -0.00675747 0.999801 0.0188282 -1.52605 -0.280859 -0.0199683 0.959541 95.5132
0.96335 0.00318587 0.268226 63.7307 -0.00848796 0.999791 0.0186099 -1.51451 -0.26811 -0.0202046 0.963176 96.0116
0.965632 0.00794756 0.259791 63.8561 -0.0135297 0.999715 0.0197059 -1.49675 -0.25956 -0.0225436 0.965463 96.516
0.967196 0.013788 0.253654 63.9792 -0.0193172 0.999627 0.0193205 -1.4807 -0.253293 -0.0235866 0.967102 97.0306
0.967518 0.0193949 0.252057 64.105 -0.0241175 0.999587 0.0156599 -1.46368 -0.251648 -0.0212302 0.967585 97.5486
0.967843 0.0215188 0.250631 64.2368 -0.0262082 0.999539 0.0153876 -1.4501 -0.250184 -0.0214614 0.96796 98.0775
0.967245 0.020734 0.252997 64.3774 -0.0253066 0.99957 0.0148323 -1.43733 -0.25258 -0.0207489 0.967353 98.6031
0.966163 0.0216386 0.257023 64.5241 -0.0248772 0.999647 0.00935504 -1.42785 -0.25673 -0.0154325 0.966359 99.1292
0.965393 0.0233028 0.259756 64.6717 -0.0255841 0.999659 0.00540417 -1.42404 -0.259541 -0.0118627 0.965659 99.6656
0.964221 0.0260175 0.263819 64.8188 -0.0286465 0.999572 0.0061222 -1.41603 -0.263546 -0.0134606 0.964552 100.22
0.962812 0.0279 0.268726 64.9703 -0.0312516 0.999479 0.00820139 -1.40863 -0.268357 -0.0162945 0.963181 100.784
0.961959 0.0275938 0.271797 65.1272 -0.0322417 0.999401 0.0126487 -1.39917 -0.271285 -0.0209307 0.962271 101.362
0.961052 0.0247773 0.275252 65.2886 -0.0310594 0.999347 0.0184869 -1.38553 -0.274614 -0.026316 0.961194 101.946
0.960652 0.0229294 0.276805 65.4466 -0.0305221 0.999267 0.0231518 -1.37099 -0.276071 -0.0306895 0.960647 102.546
0.960017 0.0210938 0.279145 65.6178 -0.0289258 0.999295 0.023967 -1.35564 -0.278442 -0.0310832 0.959949 103.156
0.959836 0.0186231 0.279942 65.7885 -0.0258658 0.99942 0.0221996 -1.34179 -0.279366 -0.0285489 0.95976 103.771
0.960274 0.0195045 0.278374 65.9612 -0.0251113 0.999548 0.0165893 -1.33418 -0.277924 -0.0229206 0.960329 104.4
0.960664 0.0216406 0.276866 66.1344 -0.0257162 0.999608 0.0110972 -1.32964 -0.276517 -0.0177807 0.960844 105.037
0.961444 0.0211237 0.274186 66.3051 -0.0248189 0.999643 0.0100146 -1.32729 -0.273876 -0.0164335 0.961624 105.681
0.962743 0.0199757 0.269677 66.4774 -0.0244812 0.999612 0.0133537 -1.32259 -0.269306 -0.0194582 0.962858 106.337
0.963424 0.017774 0.267392 66.6582 -0.0239219 0.999519 0.0197517 -1.31548 -0.266912 -0.0254258 0.963385 107.011
0.964495 0.0162547 0.263599 66.838 -0.0235358 0.999424 0.0244872 -1.30702 -0.263048 -0.0298218 0.964321 107.696
0.965157 0.01772 0.261071 67.0167 -0.025251 0.999356 0.0255204 -1.29563 -0.26045 -0.0312234 0.964982 108.384
0.965706 0.022076 0.258698 67.1967 -0.0286377 0.999357 0.0216229 -1.28569 -0.258054 -0.0282898 0.965716 109.086
0.967029 0.0231607 0.25361 67.3818 -0.0283275 0.999459 0.0167397 -1.28049 -0.253084 -0.0233719 0.967161 109.807
0.968355 0.0228809 0.248523 67.5726 -0.0278352 0.999478 0.0164389 -1.27353 -0.248017 -0.0228363 0.968486 110.53
0.969503 0.0214422 0.24414 67.766 -0.0263243 0.999514 0.0167513 -1.26718 -0.243662 -0.0226673 0.969595 111.266
0.970836 0.0208426 0.238836 67.9558 -0.0257935 0.999513 0.017622 -1.26103 -0.238352 -0.0232684 0.970899 112.016
0.971544 0.0199754 0.236015 68.1469 -0.024945 0.999526 0.0180889 -1.25014 -0.235541 -0.0234615 0.971581 112.786
0.971821 0.0187511 0.23497 68.3473 -0.023849 0.999538 0.0188726 -1.23788 -0.234507 -0.0239446 0.971819 113.562
0.972288 0.0175712 0.233124 68.5507 -0.0229847 0.999526 0.0205247 -1.22727 -0.232653 -0.0253142 0.97223 114.352
0.972395 0.0164373 0.232759 68.7472 -0.0219276 0.999539 0.0210201 -1.21929 -0.232306 -0.0255437 0.972307 115.14
0.972503 0.0181544 0.232182 68.9394 -0.0238026 0.999485 0.0215479 -1.20929 -0.231671 -0.0264819 0.972433 115.947
0.972386 0.0210217 0.23243 69.1311 -0.0267401 0.999412 0.0214791 -1.19879 -0.231841 -0.0271012 0.972376 116.757
0.971827 0.0271531 0.234124 69.3183 -0.0327903 0.999259 0.0202183 -1.19133 -0.233401 -0.0273257 0.971996 117.572
0.971264 0.0307761 0.236007 69.5073 -0.0369514 0.99908 0.0217864 -1.18282 -0.235119 -0.0298811 0.971507 118.399
0.97059 0.032107 0.238584 69.7014 -0.0385037 0.999013 0.0221975 -1.17148 -0.237636 -0.0307311 0.970868 119.228
0.96974 0.0325356 0.241961 69.9007 -0.0392232 0.998969 0.0228721 -1.16303 -0.240967 -0.0316705 0.970016 120.058
0.969345 0.0312983 0.2437 70.1112 -0.0380352 0.999013 0.0229863 -1.15285 -0.242739 -0.0315508 0.969578 120.894
0.96894 0.0276631 0.245741 70.3263 -0.0344887 0.999129 0.0235143 -1.14497 -0.244876 -0.0312592 0.96905 121.726
0.969005 0.0239679 0.245872 70.5457 -0.0307902 0.99924 0.0239397 -1.13567 -0.245111 -0.0307682 0.969006 122.562
0.968842 0.0228673 0.246621 70.7631 -0.0296856 0.999273 0.0239636 -1.11659 -0.245893 -0.030538 0.968815 123.403
0.968258 0.0255064 0.248647 70.9783 -0.032949 0.999124 0.0258161 -1.10157 -0.247771 -0.0331893 0.968249 124.245
0.96816 0.0265603 0.248917 71.1892 -0.0354438 0.998883 0.0312741 -1.07689 -0.247808 -0.0391008 0.968019 125.088
0.967845 0.0282903 0.249951 71.4041 -0.0373789 0.998799 0.0316888 -1.05102 -0.248754 -0.0400127 0.967739 125.926
0.967416 0.0283776 0.251595 71.6183 -0.0362437 0.998987 0.0266851 -1.0363 -0.250583 -0.0349343 0.967464 126.747
0.96755 0.0249972 0.251436 71.8341 -0.0294368 0.999471 0.0139103 -1.03308 -0.250955 -0.0208604 0.967773 127.576
0.967671 0.0226543 0.251194 72.0516 -0.0257014 0.999631 0.00885582 -1.03623 -0.2509 -0.0150255 0.967896 128.4
0.967591 0.0218583 0.251574 72.2701 -0.0267379 0.999515 0.0159936 -1.02652 -0.251102 -0.0222018 0.967705 129.222
0.968307 0.0154833 0.249279 72.4896 -0.0248779 0.999093 0.0345807 -1.00382 -0.248517 -0.0396862 0.967814 130.055
0.968363 0.0108593 0.249308 72.7125 -0.0233787 0.998607 0.0473104 -0.971492 -0.248446 -0.051642 0.967268 130.885
0.968619 0.0144272 0.248131 72.9214 -0.0264366 0.998632 0.0451353 -0.94063 -0.24714 -0.0502786 0.967674 131.725
0.96869 0.0233972 0.247165 73.1264 -0.0324296 0.998945 0.032536 -0.914911 -0.246143 -0.0395328 0.968426 132.555
0.968704 0.0226153 0.247185 73.3344 -0.0297192 0.999245 0.0250455 -0.896959 -0.246432 -0.0316078 0.968644 133.372
0.969386 0.0199997 0.244724 73.5429 -0.026843 0.999336 0.0246598 -0.886703 -0.244067 -0.030474 0.969279 134.19
0.970074 0.0171062 0.242204 73.7487 -0.0238087 0.99941 0.024773 -0.876731 -0.241637 -0.0297982 0.969909 135.005
0.970769 0.0167867 0.239426 73.948 -0.0236368 0.999389 0.0257672 -0.867636 -0.238847 -0.0306733 0.970572 135.814
0.971915 0.0168837 0.234724 74.1415 -0.0235892 0.99939 0.0257893 -0.855322 -0.234145 -0.030602 0.971719 136.625
0.972501 0.0183959 0.232168 74.3279 -0.0249258 0.999372 0.0252236 -0.841406 -0.231558 -0.0303169 0.972348 137.43
0.973057 0.0214503 0.229563 74.5046 -0.0281666 0.999265 0.02602 -0.826427 -0.228835 -0.031785 0.972946 138.238
0.973432 0.021609 0.227951 74.6845 -0.0284738 0.999234 0.0268689 -0.81186 -0.227195 -0.0326457 0.973301 139.039
0.973554 0.0202484 0.227554 74.8654 -0.0275917 0.999196 0.0291358 -0.797144 -0.22678 -0.0346439 0.973329 139.836
0.974143 0.0195414 0.225082 75.0474 -0.0270866 0.999169 0.0304827 -0.781307 -0.224298 -0.0357912 0.973863 140.63
0.97468 0.0194602 0.222753 75.2237 -0.0267075 0.999207 0.0295684 -0.763577 -0.222 -0.0347689 0.974426 141.419
0.975566 0.0161872 0.219107 75.396 -0.0224692 0.999405 0.0262092 -0.746945 -0.218552 -0.030492 0.975348 142.203
0.977106 0.0151999 0.212207 75.5671 -0.0213185 0.99942 0.026575 -0.731329 -0.21168 -0.0304905 0.976863 142.986
0.978524 0.013392 0.205695 75.7348 -0.0199752 0.999352 0.0299614 -0.714231 -0.20516 -0.0334268 0.978157 143.77
0.979601 0.0111023 0.200641 75.8948 -0.0188677 0.999144 0.0368318 -0.689748 -0.20006 -0.0398661 0.978972 144.547
0.980796 0.00999099 0.19478 76.0488 -0.0190791 0.998813 0.0448383 -0.663307 -0.1941 -0.0476934 0.979821 145.335
0.981424 0.0107299 0.191549 76.1957 -0.0198277 0.998762 0.0456428 -0.635873 -0.190821 -0.0485929 0.980421 146.122
0.982484 0.0141028 0.18581 76.339 -0.0224833 0.99882 0.043073 -0.616126 -0.184983 -0.0464961 0.981641 146.916
0.983623 0.0146339 0.179642 76.4771 -0.0210594 0.999204 0.0339135 -0.602871 -0.179002 -0.0371413 0.983147 147.713
0.984654 0.0115928 0.174128 76.6134 -0.0169956 0.999419 0.0295688 -0.592079 -0.173683 -0.0320744 0.984279 148.509
0.985949 0.0100847 0.166741 76.7501 -0.0154386 0.999406 0.0308437 -0.574677 -0.16633 -0.0329845 0.985518 149.316
0.987157 0.0149589 0.159045 76.8725 -0.0206991 0.999191 0.0344966 -0.54779 -0.1584 -0.0373457 0.986668 150.124
0.988222 0.0197548 0.151743 76.9876 -0.0252559 0.99909 0.0344109 -0.521995 -0.150925 -0.0378381 0.98782 150.934
0.989747 0.0213297 0.141223 77.0963 -0.0260259 0.999166 0.03149 -0.498048 -0.140433 -0.0348425 0.989477 151.75
0.990961 0.0210855 0.132477 77.2096 -0.0254108 0.999196 0.0310438 -0.478548 -0.131715 -0.0341295 0.990699 152.567
0.991894 0.0209387 0.125324 77.3075 -0.0253291 0.999117 0.033542 -0.455999 -0.12451 -0.0364444 0.991548 153.39
0.992965 0.0217272 0.11639 77.3993 -0.0264959 0.998866 0.039582 -0.427325 -0.115398 -0.0423874 0.992414 154.219
0.993752 0.0213777 0.109537 77.4795 -0.0264884 0.998618 0.045416 -0.401133 -0.108414 -0.0480337 0.992944 155.049
0.994693 0.0205971 0.100797 77.5565 -0.0255688 0.998507 0.048283 -0.378646 -0.0996521 -0.050604 0.993734 155.871
0.99529 0.0212031 0.0945873 77.6338 -0.025987 0.99843 0.0496345 -0.356468 -0.093386 -0.0518587 0.994278 156.698
0.995609 0.0207944 0.091262 77.7032 -0.0254343 0.998427 0.0499757 -0.32566 -0.0900789 -0.0520774 0.994572 157.509
0.996052 0.0232456 0.0856731 77.7618 -0.0272583 0.998572 0.0459683 -0.285789 -0.0844817 -0.0481221 0.995262 158.328
0.996194 0.0290856 0.08216 77.8074 -0.0324703 0.998666 0.0401646 -0.246764 -0.0808818 -0.0426795 0.995809 159.138
0.996325 0.0305462 0.0800178 77.8609 -0.0338432 0.99862 0.0401748 -0.213787 -0.0786798 -0.0427352 0.995983 159.953
0.996648 0.0304634 0.0759122 77.9113 -0.034007 0.998371 0.045832 -0.178455 -0.0743919 -0.0482599 0.99606 160.773
0.996715 0.0307538 0.0749075 77.9608 -0.0348648 0.997922 0.0542066 -0.143802 -0.0730844 -0.0566401 0.995716 161.599
0.997089 0.0302516 0.0699769 78.0045 -0.0345269 0.997559 0.0607149 -0.121328 -0.0679689 -0.0629543 0.995699 162.445
0.997513 0.0273939 0.0649279 78.0505 -0.0310435 0.997955 0.0558832 -0.101332 -0.0632639 -0.0577598 0.996323 163.284
0.997982 0.019438 0.0604389 78.0982 -0.022389 0.998571 0.0485378 -0.0899139 -0.0594087 -0.049793 0.996991 164.118
0.998411 0.0181758 0.053319 78.1417 -0.0206133 0.998751 0.0455258 -0.0754119 -0.0524246 -0.0465526 0.997539 164.952
0.998764 0.0172119 0.0466064 78.171 -0.0193822 0.99873 0.0465218 -0.055095 -0.0457461 -0.0473676 0.997829 165.793
0.999118 0.0143378 0.0394546 78.1959 -0.0163777 0.99852 0.0518741 -0.032777 -0.0386521 -0.0524745 0.997873 166.629
0.999478 0.00971138 0.0307889 78.2121 -0.0114037 0.998407 0.0552753 -0.00740778 -0.0302026 -0.0555975 0.997996 167.468
0.999692 0.0035733 0.0245069 78.2257 -0.00498279 0.998323 0.0576961 0.0194882 -0.0242592 -0.0578004 0.998033 168.307
0.999811 -0.00117742 0.0193739 78.2371 4.58298e-05 0.9983 0.0583049 0.0521644 -0.0194093 -0.058293 0.99811 169.143
0.999922 -0.00319766 0.0120377 78.2442 0.0025547 0.998589 0.0530541 0.081859 -0.01219 -0.0530192 0.998519 169.983
0.999908 -0.0121395 0.00584391 78.2505 0.0118682 0.998943 0.0444224 0.110419 -0.00637664 -0.0443489 0.998995 170.819
0.999853 -0.0170014 -0.0020806 78.255 0.0170763 0.998894 0.0438327 0.140239 0.00133344 -0.0438618 0.999036 171.656
0.999852 -0.0147604 -0.00880414 78.2523 0.0151788 0.998659 0.0495133 0.180175 0.00806185 -0.0496395 0.998734 172.504
0.999895 -0.00650269 -0.0129005 78.2439 0.00725866 0.998206 0.0594443 0.230074 0.0124911 -0.0595316 0.998148 173.357
0.999825 -0.00261195 -0.0185005 78.2253 0.00385396 0.997718 0.067419 0.283841 0.0182825 -0.0674785 0.997553 174.221
0.999736 -0.00292175 -0.0227616 78.2032 0.00437901 0.997926 0.064238 0.332382 0.022527 -0.0643207 0.997674 175.084
0.999704 -0.00231052 -0.0241879 78.1828 0.00371447 0.998301 0.0581604 0.373806 0.0240128 -0.058233 0.998014 175.942
0.999565 0.00847296 -0.0282075 78.151 -0.00707402 0.998758 0.0493303 0.410796 0.0285908 -0.0491093 0.998384 176.793
0.999534 0.007841 -0.0294768 78.1199 -0.00642854 0.998841 0.0477112 0.450435 0.0298171 -0.0474995 0.998425 177.644
0.999474 0.0026761 -0.0322966 78.0911 -0.000982325 0.998629 0.0523466 0.489424 0.0323927 -0.0522873 0.998106 178.496
0.999467 0.00205792 -0.0325506 78.0634 -0.000151375 0.99829 0.0584658 0.538673 0.0326156 -0.0584297 0.997758 179.35
0.999506 0.00362862 -0.031183 78.037 -0.0016175 0.997931 0.064279 0.593977 0.0313521 -0.0641968 0.997444 180.213
0.999432 0.00372278 -0.0334805 78.0043 -0.00158453 0.997971 0.0636668 0.646374 0.0336499 -0.0635775 0.997409 181.076
0.999369 0.000783554 -0.0354891 77.9719 0.00115199 0.998515 0.0544856 0.69581 0.0354794 -0.0544921 0.997883 181.936
0.999322 -0.00251703 -0.0367052 77.9426 0.00424231 0.998887 0.0470015 0.736787 0.0365464 -0.0471254 0.99822 182.796
0.999209 -0.00803892 -0.0389185 77.9121 0.00975885 0.998976 0.0442063 0.775569 0.0385236 -0.0445512 0.998263 183.656
0.999195 -0.00737016 -0.0394101 77.8755 0.00926474 0.9988 0.0481086 0.817932 0.0390086 -0.048435 0.998064 184.52
0.999132 -0.00401557 -0.0414438 77.8322 0.00633306 0.998415 0.0559396 0.86552 0.0411538 -0.0561535 0.997573 185.386
0.999099 -0.00376425 -0.0422623 77.7827 0.00624611 0.998254 0.0587473 0.911547 0.0419678 -0.0589583 0.997377 186.248
0.999116 -0.00318379 -0.0418848 77.7311 0.00559201 0.99833 0.057505 0.956118 0.0416321 -0.0576885 0.997466 187.112
0.999125 -0.00187935 -0.0417715 77.6756 0.00420122 0.998447 0.0555668 0.997899 0.0416025 -0.0556936 0.99758 187.968
0.999131 0.00182948 -0.0416209 77.6238 0.000490268 0.998451 0.0556566 1.04253 0.0416586 -0.0556286 0.997581 188.822
0.999176 0.00260626 -0.0404775 77.5707 -0.000247271 0.998307 0.0581749 1.09059 0.0405609 -0.058117 0.997485 189.66
0.999085 0.00620992 -0.0423014 77.5207 -0.00357831 0.99807 0.0620051 1.14271 0.0426051 -0.061797 0.997178 190.493
0.999052 0.00977322 -0.0424091 77.4748 -0.00708527 0.997984 0.0630753 1.19229 0.0429404 -0.062715 0.997107 191.317
