1 0 0 0 0 1 0 0 0 0 1 0
0.997671 -0.000420001 0.0682046 0.1338 0.000730153 0.99999 -0.00452251 -0.0216843 -0.068202 0.00456177 0.997661 0.238465
0.989806 -0.00106644 0.14242 0.295632 0.00260733 0.99994 -0.0106331 -0.0460437 -0.1424 0.0108961 0.989749 0.488492
0.978173 -0.000247012 0.207791 0.485099 0.00352162 0.999875 -0.0153894 -0.0728587 -0.207762 0.0157852 0.978052 0.748844
0.960569 0.00478252 0.278 0.703559 0.00049722 0.999821 -0.0189183 -0.102396 -0.278041 0.0183105 0.960395 1.01063
0.940475 0.00346841 0.339847 0.949919 0.00326855 0.999809 -0.0192491 -0.132784 -0.339849 0.0192141 0.940284 1.27474
0.916592 0.00437705 0.399799 1.2225 0.00388504 0.999795 -0.0198529 -0.164223 -0.399804 0.0197502 0.916388 1.53539
0.888124 0.00461131 0.459581 1.52235 0.00699405 0.999698 -0.0235464 -0.197074 -0.459551 0.0241265 0.887824 1.79221
0.859574 0.000680019 0.511011 1.84675 0.0140169 0.999591 -0.024908 -0.23094 -0.510819 0.0285731 0.859213 2.04706
0.847213 0.000833742 0.531253 2.18361 0.0164816 0.999476 -0.0278526 -0.265294 -0.530998 0.032353 0.846756 2.31129
0.834832 -0.000205818 0.550505 2.52919 0.0182914 0.999458 -0.0273649 -0.299553 -0.550201 0.0329146 0.834384 2.58225
0.820781 -6.41495e-05 0.571243 2.88493 0.0188604 0.999458 -0.026987 -0.334059 -0.570932 0.0329243 0.820337 2.86034
0.806166 -0.00182386 0.591686 3.25061 0.0209794 0.999455 -0.0255035 -0.367432 -0.591317 0.0329733 0.805765 3.1437
0.78979 -0.00172049 0.613374 3.6274 0.0216917 0.999449 -0.0251272 -0.400677 -0.612993 0.0331503 0.789392 3.43046
0.772928 -0.00189925 0.63449 4.01528 0.0231747 0.999413 -0.0252396 -0.434128 -0.63407 0.0342125 0.772519 3.71822
0.755494 -0.00363899 0.655145 4.41312 0.0258318 0.999372 -0.0242375 -0.466454 -0.654646 0.0352348 0.755114 4.00511
0.737605 -0.00608217 0.675205 4.82195 0.0293993 0.999301 -0.0231147 -0.49795 -0.674592 0.0369001 0.737268 4.29306
0.718656 -0.00635611 0.695336 5.24121 0.0296571 0.999329 -0.0215168 -0.527972 -0.694733 0.0360848 0.718362 4.58029
0.698517 -0.00629411 0.715565 5.6713 0.0310436 0.999287 -0.0215143 -0.556886 -0.714919 0.0372418 0.698215 4.86366
0.676655 -0.00603471 0.736275 6.11356 0.0345628 0.999125 -0.023575 -0.587008 -0.735489 0.0413999 0.676271 5.14421
0.655549 -0.00612538 0.755127 6.56661 0.035181 0.999129 -0.0224371 -0.615229 -0.754332 0.0412747 0.655194 5.41987
0.632891 -0.00474812 0.774226 7.03201 0.0375868 0.998991 -0.0245988 -0.643991 -0.773328 0.044669 0.632431 5.69194
0.610111 -0.00239155 0.792312 7.50903 0.0398977 0.99882 -0.0277079 -0.674415 -0.79131 0.0485163 0.609487 5.96102
0.586866 -0.00232862 0.80968 7.99736 0.0422793 0.99872 -0.0277723 -0.702906 -0.808579 0.0505314 0.586214 6.22425
0.564906 -0.00628581 0.825131 8.49584 0.0487899 0.998476 -0.0257964 -0.729205 -0.823711 0.0548306 0.564352 6.48274
0.543503 -0.0053925 0.83939 9.00614 0.0508769 0.998353 -0.0265289 -0.755498 -0.837864 0.057124 0.542882 6.73803
0.524272 -0.00362297 0.851543 9.52856 0.0527385 0.99821 -0.0282227 -0.781657 -0.849916 0.0597055 0.523525 6.99189
0.506855 -0.00519489 0.862015 10.0636 0.0536714 0.998232 -0.0255424 -0.805371 -0.860358 0.0592118 0.506238 7.24648
0.489042 -0.00607338 0.872239 10.6131 0.0545757 0.99823 -0.0236485 -0.827028 -0.870551 0.0591681 0.488508 7.50099
0.473124 -0.00683697 0.880969 11.1754 0.0556049 0.998208 -0.0221158 -0.847625 -0.879239 0.0594497 0.472657 7.75624
0.455858 -0.00225657 0.890049 11.7523 0.051558 0.998385 -0.0238753 -0.868552 -0.888557 0.0567729 0.455239 8.01215
0.439543 -0.001126 0.898221 12.3423 0.0514688 0.998388 -0.0239346 -0.888517 -0.896745 0.0567506 0.438893 8.26747
0.42417 -3.40139e-05 0.905582 12.9477 0.0521348 0.998343 -0.0243821 -0.907991 -0.904081 0.0575545 0.423469 8.52156
0.409072 -0.000724064 0.912502 13.5688 0.0530097 0.99833 -0.0229719 -0.926801 -0.910961 0.0577686 0.408427 8.77563
0.393817 -0.000962126 0.919188 14.2062 0.0528073 0.998372 -0.0215797 -0.945355 -0.91767 0.0570383 0.393226 9.02987
0.379262 -0.00111778 0.925288 14.8606 0.0535476 0.99835 -0.0207423 -0.962883 -0.923738 0.0574137 0.378696 9.28271
0.366351 -2.08478e-05 0.930477 15.5316 0.0540952 0.998309 -0.0212762 -0.980851 -0.928903 0.0581289 0.365733 9.53318
0.355055 -0.000219694 0.934845 16.2193 0.0578173 0.998091 -0.0217245 -0.999338 -0.933055 0.0617636 0.35439 9.78231
0.346074 -0.000300816 0.938207 16.9241 0.061702 0.997842 -0.02244 -1.01711 -0.936176 0.0656552 0.345347 10.0319
0.338903 -0.00217555 0.940819 17.6459 0.0674903 0.997477 -0.0220049 -1.03514 -0.938397 0.0709537 0.338195 10.284
0.312441 -0.00494769 0.949924 18.3889 0.0728781 0.997164 -0.0187767 -1.05071 -0.947137 0.0750953 0.311916 10.5221
0.287496 -0.00546486 0.957766 19.153 0.076643 0.996908 -0.017318 -1.06652 -0.95471 0.0783849 0.287026 10.7471
0.284831 -0.00604294 0.958558 19.9325 0.0772018 0.996876 -0.0166557 -1.08251 -0.955463 0.0787465 0.284408 10.9761
0.263831 -0.00693038 0.964544 20.7295 0.0774697 0.996896 -0.0140274 -1.09722 -0.961452 0.0784238 0.263549 11.1937
0.242564 -0.00713299 0.970109 21.5434 0.0779245 0.996885 -0.0121542 -1.11075 -0.967 0.0785434 0.242364 11.399
0.221214 -0.00515761 0.975212 22.374 0.0778207 0.996891 -0.0123804 -1.12475 -0.972115 0.0786303 0.220928 11.5909
0.202771 -0.00274137 0.979222 23.2215 0.0778662 0.996875 -0.0133332 -1.13991 -0.976125 0.0789519 0.202351 11.7702
0.181612 -0.00141276 0.983369 24.0896 0.0781065 0.99686 -0.0129928 -1.15348 -0.980263 0.0791672 0.181152 11.9345
0.16389 -0.00137455 0.986478 24.9762 0.0779657 0.996889 -0.0115639 -1.1656 -0.983392 0.0788066 0.163488 12.0866
0.146866 -0.00136115 0.989155 25.8836 0.0779082 0.996908 -0.0101957 -1.17657 -0.986083 0.0785607 0.146518 12.2251
0.15174 -0.00016218 0.98842 26.8074 0.0775014 0.996923 -0.0117343 -1.18921 -0.985377 0.0783845 0.151286 12.371
0.136105 0.00118793 0.990694 27.7529 0.0771099 0.996953 -0.0117891 -1.20204 -0.987688 0.0779969 0.135599 12.5047
0.142348 0.00114352 0.989816 28.7145 0.0768344 0.996969 -0.0122015 -1.21556 -0.98683 0.0777888 0.141829 12.6471
0.151205 0.000512514 0.988502 29.6923 0.0768176 0.99697 -0.0122672 -1.22866 -0.985513 0.0777892 0.150708 12.8007
0.158287 -0.00133466 0.987392 30.6892 0.0767475 0.99699 -0.0109556 -1.23953 -0.984405 0.077514 0.157913 12.9633
0.168901 -0.00220663 0.98563 31.7056 0.0767368 0.996992 -0.0109179 -1.24898 -0.982641 0.0774782 0.168563 13.1386
0.178357 -0.0036994 0.983959 32.7454 0.077114 0.99697 -0.0102297 -1.25721 -0.980939 0.0777015 0.178102 13.3289
0.183448 -0.00374555 0.983022 33.8135 0.0772001 0.996959 -0.0106082 -1.26082 -0.979993 0.0778354 0.18318 13.5264
0.194851 -0.00536134 0.980818 34.9063 0.0771185 0.996973 -0.00987081 -1.262 -0.977796 0.0775625 0.194675 13.7393
0.199422 -0.00606189 0.979895 36.0288 0.0778008 0.996922 -0.00966635 -1.25827 -0.97682 0.0781643 0.199281 13.9633
0.212477 -0.00528893 0.977152 37.1807 0.0771523 0.996955 -0.0113803 -1.25856 -0.974115 0.0778075 0.212238 14.2072
0.227359 -0.00577918 0.973794 38.3614 0.0767761 0.996976 -0.0120087 -1.25919 -0.970779 0.0774944 0.227115 14.4754
0.246878 -0.00720184 0.96902 39.5701 0.0764161 0.997003 -0.0120588 -1.25693 -0.966028 0.0770258 0.246689 14.7721
0.259918 -0.00828266 0.965595 40.8079 0.0762415 0.997018 -0.0119704 -1.25755 -0.962616 0.0767298 0.259775 15.0865
0.275794 -0.00950366 0.96117 42.0746 0.0755817 0.99707 -0.0118285 -1.25595 -0.95824 0.0759091 0.275705 15.4306
0.296784 -0.0102069 0.95489 43.3665 0.0762525 0.997003 -0.0130426 -1.25623 -0.951895 0.0766836 0.296674 15.816
0.307628 -0.0104226 0.95145 44.6858 0.0753613 0.997066 -0.0134439 -1.25572 -0.948517 0.0758382 0.307511 16.2257
0.321076 -0.0125765 0.94697 46.0243 0.0758232 0.997044 -0.0124668 -1.25598 -0.944013 0.075805 0.321081 16.6648
0.329839 -0.0146167 0.943924 47.3775 0.0776279 0.996914 -0.0116885 -1.25631 -0.94084 0.0771301 0.329956 17.1223
0.334601 -0.0133409 0.942266 48.7448 0.078599 0.996811 -0.0137975 -1.26674 -0.939076 0.0786777 0.334582 17.5946
0.340513 -0.0133591 0.940145 50.1224 0.080639 0.99663 -0.0150451 -1.2809 -0.936775 0.0809353 0.340443 18.0786
0.350648 -0.0130631 0.936416 51.5108 0.0807511 0.996601 -0.0163352 -1.29466 -0.933019 0.0813444 0.350511 18.5844
0.358677 -0.0138684 0.933359 52.9076 0.080814 0.996597 -0.0162477 -1.31281 -0.929957 0.0812561 0.358577 19.1144
0.368538 -0.014283 0.929503 54.3154 0.0808081 0.99659 -0.0167256 -1.3324 -0.926094 0.0812753 0.368435 19.6703
0.377221 -0.0161193 0.925983 55.7323 0.0812164 0.996573 -0.0157373 -1.35626 -0.922555 0.0811414 0.377237 20.2467
0.386183 -0.0170623 0.922264 57.1613 0.0819779 0.996508 -0.0158911 -1.37949 -0.918772 0.0817421 0.386233 20.8495
0.393997 -0.016591 0.918962 58.6038 0.0819635 0.996488 -0.0171505 -1.4132 -0.915449 0.0820785 0.393973 21.4788
0.397389 -0.0158595 0.917513 60.0567 0.0812616 0.996531 -0.0179703 -1.44665 -0.914045 0.0816997 0.397299 22.1228
0.393355 -0.0149898 0.919264 61.5302 0.0805062 0.996588 -0.0181981 -1.48376 -0.915855 0.0811648 0.39322 22.7675
0.391151 -0.0145564 0.920211 63.0242 0.0800024 0.996628 -0.0182411 -1.52171 -0.916842 0.0807541 0.390997 23.4187
0.392111 -0.0147971 0.919799 64.5328 0.0792472 0.996697 -0.017749 -1.55997 -0.916498 0.079851 0.391989 24.0769
0.387212 -0.0148317 0.921871 66.0627 0.0790039 0.996727 -0.0171479 -1.60185 -0.918599 0.0794713 0.387117 24.7377
0.387286 -0.0153882 0.921831 67.608 0.0778496 0.996836 -0.0160665 -1.6398 -0.918666 0.0779865 0.387259 25.4057
0.388125 -0.0151026 0.921483 69.1675 0.0776145 0.99685 -0.0163531 -1.68168 -0.918332 0.0778675 0.388075 26.0851
0.385277 -0.0140055 0.922695 70.7495 0.0770721 0.99688 -0.0170504 -1.72177 -0.919576 0.0776831 0.385155 26.7659
0.385179 -0.0137155 0.92274 72.3486 0.0775 0.996838 -0.0175339 -1.76452 -0.919582 0.078266 0.385024 27.4521
0.376954 -0.0132056 0.926138 73.9688 0.0761892 0.996952 -0.016795 -1.80725 -0.923093 0.0768926 0.376811 28.1346
0.371061 -0.0131896 0.928515 75.6075 0.0755119 0.997017 -0.016014 -1.8467 -0.925533 0.0760561 0.37095 28.8141
0.366927 -0.0124972 0.930166 77.264 0.0750969 0.997044 -0.0162282 -1.8851 -0.927213 0.075807 0.366782 29.4912
0.360465 -0.0117318 0.932699 78.9436 0.0751015 0.99704 -0.0164837 -1.92603 -0.929744 0.0759888 0.360279 30.1618
0.357663 -0.0105218 0.933791 80.6384 0.0751767 0.997016 -0.0175602 -1.97024 -0.930819 0.0764799 0.357387 30.8315
0.354562 -0.00993906 0.93498 82.3531 0.0750515 0.99702 -0.0178624 -2.01073 -0.932015 0.076505 0.354252 31.5017
0.348021 -0.0100591 0.937433 84.0891 0.0747456 0.997057 -0.0170503 -2.04965 -0.934502 0.0760028 0.347749 32.1689
0.344074 -0.00981703 0.938891 85.8459 0.0738554 0.99713 -0.0166397 -2.08511 -0.936033 0.0750675 0.343812 32.8331
0.337514 -0.0105485 0.941261 87.6236 0.0741185 0.997131 -0.0154025 -2.11763 -0.938398 0.0749634 0.337327 33.4916
0.331047 -0.0106911 0.943554 89.4243 0.0742767 0.997129 -0.0147619 -2.15162 -0.940686 0.0749709 0.330891 34.1445
0.326097 -0.0101282 0.945282 91.245 0.0743576 0.99712 -0.0149677 -2.18358 -0.942407 0.0751699 0.325911 34.7937
0.321382 -0.00940436 0.946903 93.0852 0.0741475 0.997131 -0.0152627 -2.21377 -0.944042 0.0751156 0.321158 35.4402
0.316755 -0.00968616 0.948458 94.9481 0.0744448 0.997117 -0.0146791 -2.24524 -0.945581 0.0752574 0.316563 36.081
0.31098 -0.00920694 0.950372 96.832 0.0736486 0.99718 -0.0144388 -2.27576 -0.947558 0.0744837 0.310782 36.717
0.307034 -0.00866928 0.951659 98.7328 0.0733051 0.997203 -0.0145662 -2.30646 -0.948871 0.0742337 0.306811 37.3508
0.300989 -0.00854872 0.953589 100.648 0.0727972 0.997248 -0.0140374 -2.33344 -0.950845 0.0736437 0.300783 37.9743
0.298795 -0.00952767 0.95427 102.58 0.0736783 0.997196 -0.0131134 -2.3623 -0.951469 0.0742272 0.298659 38.5967
0.295516 -0.010283 0.955282 104.525 0.0747581 0.997125 -0.012393 -2.39921 -0.952408 0.0750774 0.295435 39.2142
0.289322 -0.0092259 0.957187 106.485 0.0747593 0.997117 -0.0129861 -2.44164 -0.954308 0.0753158 0.289177 39.8185
0.288009 -0.00873495 0.957588 108.462 0.0739641 0.997174 -0.0131498 -2.48827 -0.954767 0.0746144 0.287842 40.4276
0.283939 -0.00825414 0.958807 110.452 0.0723547 0.997297 -0.0128415 -2.54048 -0.956108 0.0730204 0.283769 41.0252
0.277245 -0.00723086 0.960772 112.449 0.0714168 0.997361 -0.0131022 -2.59452 -0.958141 0.0722478 0.27703 41.6052
0.27414 -0.00574942 0.961673 114.458 0.0696459 0.997475 -0.0138902 -2.64938 -0.959164 0.0707844 0.273848 42.182
0.267024 -0.00529676 0.963675 116.474 0.0684287 0.997565 -0.0134778 -2.69962 -0.961257 0.0695419 0.266737 42.7462
0.262744 -0.005923 0.964847 118.5 0.0680955 0.997602 -0.0124195 -2.75006 -0.962459 0.0689649 0.262517 43.3034
0.257751 -0.00587576 0.966193 120.533 0.0679456 0.997616 -0.012059 -2.79873 -0.963819 0.0687568 0.257536 43.8518
0.251758 -0.00648365 0.967768 122.574 0.0678099 0.997638 -0.0109565 -2.84406 -0.965411 0.0683827 0.251603 44.3892
0.247782 -0.00746852 0.968787 124.62 0.06723 0.997693 -0.00950375 -2.88557 -0.96648 0.0674864 0.247713 44.9215
0.242743 -0.00811736 0.970056 126.674 0.0672485 0.997701 -0.00847935 -2.92344 -0.967756 0.0672932 0.242731 45.4439
0.236936 -0.00769404 0.971495 128.737 0.0684599 0.997615 -0.00879562 -2.96064 -0.96911 0.0685924 0.236898 45.9604
0.234218 -0.0073029 0.972156 130.807 0.0683692 0.99762 -0.00897777 -2.99702 -0.969776 0.0685683 0.234161 46.4719
0.229719 -0.00620598 0.973237 132.885 0.0686663 0.997591 -0.00984642 -3.03406 -0.970831 0.0690905 0.229592 46.9765
0.224886 -0.00553382 0.974369 134.972 0.0687363 0.997583 -0.0101988 -3.07139 -0.971957 0.0692681 0.224723 47.4688
0.221774 -0.00494219 0.975085 137.067 0.0684927 0.997597 -0.0105217 -3.10775 -0.972689 0.0691196 0.22158 47.9564
0.217009 -0.00484869 0.976157 139.171 0.0681219 0.997625 -0.0101888 -3.14558 -0.973789 0.0687087 0.216824 48.4352
0.213513 -0.00497373 0.976927 141.287 0.0681568 0.997627 -0.00981695 -3.18096 -0.974559 0.0686802 0.213346 48.9101
0.209012 -0.00497487 0.9779 143.413 0.069174 0.997558 -0.00971006 -3.21634 -0.975463 0.0696748 0.208846 49.3773
0.203787 -0.00507088 0.979002 145.547 0.0708218 0.997443 -0.00957571 -3.25312 -0.97645 0.071286 0.203625 49.837
0.200785 -0.00557621 0.979619 147.693 0.0711043 0.99743 -0.00889613 -3.28843 -0.977051 0.0714413 0.200666 50.2917
0.197341 -0.00637267 0.980314 149.851 0.0708186 0.997459 -0.00777194 -3.32112 -0.977773 0.0709581 0.197291 50.7415
0.19328 -0.00576634 0.981127 152.018 0.0705257 0.997478 -0.00803094 -3.35383 -0.978605 0.0707468 0.193199 51.1874
0.19131 -0.00420419 0.98152 154.199 0.069466 0.997542 -0.00926692 -3.38673 -0.979068 0.0699551 0.191132 51.633
0.187547 -0.00296918 0.982251 156.393 0.068884 0.997574 -0.010137 -3.42364 -0.979836 0.0695625 0.187297 52.0727
0.182718 -0.00177755 0.983164 158.596 0.0682325 0.997611 -0.0108771 -3.4571 -0.980794 0.0690712 0.182403 52.4989
0.178957 -0.000857722 0.983856 160.802 0.0670532 0.997686 -0.0113268 -3.49301 -0.981568 0.0679978 0.178601 52.9192
0.173331 -0.000725956 0.984863 163.019 0.0674 0.997664 -0.0111267 -3.5306 -0.982554 0.0683083 0.172975 53.3287
0.169577 -0.00145558 0.985516 165.245 0.0666605 0.997726 -0.00999659 -3.5628 -0.983259 0.0673902 0.169288 53.7294
0.163628 -0.00236855 0.986519 167.483 0.066815 0.997728 -0.00868676 -3.59074 -0.984256 0.0673357 0.163415 54.1207
0.15643 -0.00311315 0.987684 169.737 0.0673441 0.997702 -0.00752128 -3.61869 -0.98539 0.0676912 0.156281 54.4998
0.152396 -0.00302251 0.988315 171.999 0.0662779 0.997776 -0.00716847 -3.64525 -0.986094 0.0665959 0.152258 54.8727
0.147191 -0.00268905 0.989104 174.275 0.0660437 0.997792 -0.00711545 -3.67081 -0.9869 0.0663714 0.147044 55.2323
0.142009 -0.00279251 0.989861 176.563 0.0660635 0.997794 -0.00666283 -3.69957 -0.987658 0.0663398 0.141881 55.5861
0.139607 -0.00271324 0.990203 178.862 0.0664273 0.99777 -0.00663148 -3.72732 -0.987976 0.0667023 0.139476 55.9344
0.134508 -0.00297437 0.990908 181.171 0.0666347 0.99776 -0.0060502 -3.7551 -0.988669 0.0668426 0.134405 56.2717
0.132744 -0.00377241 0.991143 183.49 0.066956 0.997743 -0.00516988 -3.78055 -0.988886 0.0670492 0.132697 56.6034
0.129712 -0.00391205 0.991544 185.817 0.0671242 0.997733 -0.00484457 -3.80529 -0.989277 0.0671849 0.12968 56.9272
0.123582 -0.00364425 0.992328 188.152 0.0666924 0.997763 -0.0046415 -3.83141 -0.99009 0.0667543 0.123549 57.2344
0.121703 -0.00314706 0.992562 190.491 0.0658782 0.997816 -0.0049139 -3.85673 -0.990377 0.0659861 0.121644 57.5348
0.117831 -0.00244891 0.993031 192.835 0.0652405 0.997856 -0.0052805 -3.88464 -0.990888 0.065408 0.117738 57.8253
0.111004 -0.00141442 0.993819 195.188 0.0649045 0.997875 -0.00582928 -3.91632 -0.991698 0.0651504 0.11086 58.0997
0.109332 -0.000874588 0.994005 197.541 0.0632365 0.99798 -0.00607736 -3.94529 -0.991991 0.0635218 0.109166 58.3744
0.105651 -0.000514987 0.994403 199.903 0.0633605 0.997972 -0.00621492 -3.97559 -0.992382 0.0636624 0.105469 58.6381
0.0991474 -0.00207862 0.995071 202.272 0.0642098 0.997927 -0.00431318 -4.00466 -0.992998 0.0643209 0.0990757 58.8862
0.0981028 -0.00352465 0.99517 204.643 0.0634328 0.997983 -0.00271851 -4.02891 -0.993152 0.0633931 0.0981288 59.1345
0.091668 -0.00399132 0.995782 207.021 0.0629621 0.998015 -0.00179579 -4.04812 -0.993797 0.0628611 0.0917376 59.3693
0.0902731 -0.00365591 0.99591 209.402 0.0623094 0.998055 -0.00198417 -4.06932 -0.993965 0.0622336 0.0903257 59.6043
0.0866311 -0.00336934 0.996235 211.787 0.0615162 0.998105 -0.00197369 -4.09088 -0.994339 0.0614556 0.0866745 59.832
0.0799095 -0.00418451 0.996793 214.177 0.0615185 0.998106 -0.000741711 -4.10806 -0.994901 0.0613805 0.080016 60.0445
0.0782516 -0.00390202 0.996926 216.569 0.0612064 0.998125 -0.000897557 -4.12595 -0.995052 0.0610885 0.0783441 60.2533
0.0741222 -0.00415101 0.99724 218.964 0.0609209 0.998143 -0.000373318 -4.14216 -0.995386 0.0607804 0.0742378 60.4532
0.0675769 -0.00528321 0.9977 221.363 0.0604583 0.99817 0.0011907 -4.15575 -0.99588 0.0602387 0.067773 60.6374
0.064873 -0.0048322 0.997882 223.762 0.0595724 0.998224 0.000961021 -4.16793 -0.996113 0.0593839 0.065046 60.8143
0.0606469 -0.00485396 0.998147 226.165 0.0596823 0.998217 0.00122804 -4.18021 -0.996373 0.0594972 0.0608288 60.9837
0.0549191 -0.0055459 0.998475 228.57 0.0602091 0.998184 0.00223261 -4.18979 -0.996673 0.0599947 0.0551536 61.1375
0.0522612 -0.0060111 0.998615 230.976 0.0597862 0.998208 0.00287983 -4.1976 -0.996842 0.0595529 0.0525272 61.2842
0.0469218 -0.00585328 0.998881 233.385 0.0591031 0.998248 0.00307325 -4.20653 -0.997148 0.0588928 0.0471858 61.4182
0.0445488 -0.00563741 0.998991 235.798 0.0591761 0.998244 0.00299431 -4.21491 -0.997252 0.058983 0.0448045 61.5452
0.040526 -0.005453 0.999164 238.212 0.0592875 0.998237 0.00304325 -4.22224 -0.997417 0.0591145 0.0407782 61.6619
0.0352339 -0.00543983 0.999364 240.63 0.059985 0.998194 0.00331862 -4.22993 -0.997577 0.05983 0.0354969 61.767
0.0331756 -0.00500385 0.999437 243.052 0.0607456 0.998149 0.002981 -4.23941 -0.997601 0.0606125 0.0334186 61.8679
0.029894 -0.00485692 0.999541 245.477 0.0613036 0.998115 0.00301655 -4.24754 -0.997671 0.0611852 0.0301357 61.9614
0.0248296 -0.00423986 0.999683 247.907 0.0618141 0.998085 0.00269778 -4.25705 -0.997778 0.0617275 0.0250445 62.0424
0.0237434 -0.00334755 0.999712 250.339 0.0621687 0.998065 0.00186551 -4.26769 -0.997783 0.0621065 0.0239059 62.12
0.0176349 -0.00341579 0.999839 252.778 0.0619687 0.998076 0.00231679 -4.27716 -0.997922 0.0619178 0.017813 62.1833
0.0160789 -0.00326069 0.999865 255.22 0.0619425 0.998078 0.00225876 -4.2851 -0.99795 0.0618979 0.0162504 62.2439
0.0120925 -0.00284302 0.999923 257.664 0.0616684 0.998095 0.00209204 -4.29356 -0.998023 0.0616383 0.0122451 62.2945
0.00556162 -0.00295074 0.99998 260.115 0.0621837 0.998062 0.00259923 -4.30108 -0.998049 0.062168 0.00573472 62.329
0.00324215 -0.00260507 0.999991 262.571 0.0620084 0.998074 0.00239904 -4.30878 -0.99807 0.0620001 0.00339783 62.3591
-6.71652e-05 -0.00262511 0.999996 265.03 0.0607463 0.998151 0.00262435 -4.31387 -0.998153 0.0607463 9.28221e-05 62.3792
-0.00532746 -0.00317308 0.999981 267.494 0.0615806 0.998097 0.00349518 -4.31738 -0.998087 0.061598 -0.00512152 62.3891
-0.00599101 -0.00352301 0.999976 269.964 0.0625057 0.998038 0.00389067 -4.32077 -0.998026 0.0625275 -0.00575865 62.395
-0.00733614 -0.0043805 0.999963 272.439 0.0628582 0.998012 0.00483311 -4.32134 -0.997995 0.0628914 -0.0070458 62.3978
-0.0112521 -0.0049983 0.999924 274.918 0.0629242 0.998003 0.00569679 -4.31916 -0.997954 0.0629835 -0.0109147 62.3906
-0.0131481 -0.00549483 0.999898 277.403 0.0623842 0.998033 0.00630491 -4.31432 -0.997965 0.0624607 -0.0127791 62.38
-0.0166684 -0.00640486 0.99984 279.894 0.0623213 0.998029 0.00743222 -4.3068 -0.997916 0.0624352 -0.016236 62.3577
-0.0178079 -0.00650382 0.99982 282.39 0.0625031 0.998017 0.00760534 -4.3001 -0.997885 0.0626273 -0.0173656 62.3301
-0.0205368 -0.00596898 0.999771 284.891 0.0622772 0.998034 0.00723788 -4.29276 -0.997847 0.0624116 -0.0201243 62.2991
-0.0243191 -0.00360176 0.999698 287.397 0.0611079 0.998119 0.00508262 -4.29037 -0.997834 0.061213 -0.0240529 62.2604
-0.0279315 -0.00360126 0.999603 289.907 0.0605534 0.998152 0.00528805 -4.28588 -0.997773 0.0606771 -0.0276614 62.2138
-0.0334773 -0.00476485 0.999428 292.422 0.0596853 0.998195 0.00675822 -4.27755 -0.997655 0.0598774 -0.033132 62.1578
-0.0383543 -0.006432 0.999243 294.945 0.0586447 0.998242 0.00867654 -4.26333 -0.997541 0.0589331 -0.0379092 62.0927
-0.0432235 -0.00728308 0.999039 297.475 0.0583866 0.998247 0.00980341 -4.24623 -0.997357 0.0587543 -0.0427221 62.0141
-0.0462134 -0.0073137 0.998905 300.012 0.0584161 0.998243 0.0100114 -4.22847 -0.997221 0.0588148 -0.0457045 61.9294
-0.0499843 -0.00665211 0.998728 302.559 0.0591677 0.998203 0.00960984 -4.21337 -0.996995 0.0595727 -0.0495004 61.8355
-0.048982 -0.00621978 0.99878 305.116 0.059796 0.99817 0.00914848 -4.19994 -0.997007 0.0601711 -0.0485199 61.7379
-0.0517357 -0.007082 0.998636 307.68 0.0606909 0.998105 0.0102224 -4.18394 -0.996814 0.0611369 -0.0512074 61.6371
-0.0499004 -0.00780561 0.998724 310.252 0.0612376 0.998065 0.0108602 -4.16733 -0.996874 0.0617013 -0.0493254 61.5384
-0.0530009 -0.00815612 0.998561 312.835 0.0611935 0.998062 0.0114 -4.15252 -0.996717 0.0617096 -0.0523986 61.4305
-0.0581282 -0.00841025 0.998274 315.432 0.0604835 0.998099 0.0119307 -4.13614 -0.996475 0.0610725 -0.0575086 61.3056
-0.0617579 -0.00914819 0.998049 318.037 0.0605175 0.998085 0.0128933 -4.11402 -0.996254 0.0611957 -0.0610856 61.1725
-0.0650037 -0.00997752 0.997835 320.651 0.0618647 0.997987 0.0140092 -4.09136 -0.995965 0.0626414 -0.0642551 61.0293
-0.0712884 -0.0114805 0.99739 323.275 0.0615531 0.997978 0.0158868 -4.06665 -0.995554 0.0625249 -0.0704371 60.8674
-0.0729843 -0.0128696 0.99725 325.91 0.0604248 0.998024 0.0173018 -4.03826 -0.9955 0.0615214 -0.0720619 60.7012
-0.0770044 -0.0139188 0.996933 328.551 0.0604598 0.997998 0.0186037 -4.00214 -0.995195 0.0617069 -0.0760082 60.525
-0.0829647 -0.015733 0.996428 331.195 0.0608127 0.997933 0.0208201 -3.96054 -0.994694 0.0623228 -0.081836 60.3323
-0.085033 -0.0159712 0.99625 333.844 0.0593999 0.998013 0.0210695 -3.91705 -0.994605 0.0609687 -0.0839148 60.1302
-0.0908667 -0.0152286 0.995746 336.495 0.0560252 0.998222 0.0203791 -3.87343 -0.994285 0.0576386 -0.0898515 59.9116
-0.0928884 -0.0143087 0.995574 339.149 0.054003 0.998353 0.0193872 -3.83094 -0.99421 0.0555648 -0.0919622 59.6895
-0.0974345 -0.0157055 0.995118 341.804 0.0531459 0.998368 0.0209605 -3.78095 -0.993821 0.0549287 -0.0964402 59.4573
-0.103263 -0.0166474 0.994515 344.457 0.053513 0.99832 0.0222675 -3.73131 -0.993213 0.0555189 -0.102198 59.2074
-0.105694 -0.0167522 0.994258 347.112 0.0521198 0.998391 0.0223624 -3.68363 -0.993031 0.0541841 -0.10465 58.9499
-0.109826 -0.0177305 0.993793 349.768 0.0505724 0.998447 0.0234024 -3.63088 -0.992662 0.0528286 -0.108758 58.682
-0.114357 -0.0196281 0.993246 352.423 0.0494166 0.998456 0.0254206 -3.57485 -0.992209 0.0519898 -0.11321 58.4015
-0.117219 -0.0212949 0.992878 355.08 0.0469594 0.998534 0.0269602 -3.51252 -0.991994 0.0497852 -0.116047 58.1133
-0.120792 -0.0212936 0.992449 357.736 0.0458164 0.998586 0.0270016 -3.45264 -0.991619 0.0487321 -0.119646 57.8163
-0.125328 -0.0210945 0.991891 360.385 0.0456811 0.998592 0.027009 -3.39398 -0.991062 0.0486957 -0.124187 57.5122
-0.127413 -0.0223619 0.991597 363.038 0.0450535 0.998584 0.0283085 -3.33083 -0.990825 0.0482819 -0.126225 57.2012
-0.133488 -0.023518 0.990771 365.69 0.0450515 0.998542 0.0297723 -3.26131 -0.990025 0.04861 -0.132233 56.8722
-0.13512 -0.0232552 0.990556 368.346 0.0415313 0.998714 0.0291119 -3.19847 -0.989957 0.0450728 -0.13398 56.5383
-0.138321 -0.0219494 0.990144 371.004 0.0318666 0.999139 0.0266004 -3.14567 -0.989874 0.035232 -0.137502 56.1965
-0.145334 -0.014353 0.989278 373.649 0.0278688 0.99944 0.0185946 -3.10217 -0.988989 0.0302725 -0.144852 55.8419
-0.146534 -0.00912745 0.989163 376.275 0.0358909 0.999251 0.0145374 -3.08655 -0.988553 0.0376322 -0.146096 55.4771
-0.148816 -0.0138783 0.988767 378.903 0.0430935 0.998862 0.0205058 -3.06929 -0.987924 0.045661 -0.148048 55.0993
-0.15449 -0.0236621 0.987711 381.524 0.0442116 0.998547 0.030837 -3.01957 -0.987004 0.0484324 -0.153219 54.7056
-0.157652 -0.0333743 0.98693 384.143 0.0392375 0.998429 0.040031 -2.94368 -0.986714 0.0450357 -0.156094 54.3077
-0.16407 -0.0376643 0.985729 386.763 0.032741 0.998513 0.0436024 -2.85786 -0.985904 0.0394276 -0.162592 53.8913
-0.166857 -0.0375668 0.985265 389.382 0.0307643 0.99859 0.0432849 -2.77498 -0.9855 0.0375334 -0.165465 53.4689
-0.170729 -0.0353452 0.984684 392 0.0354568 0.99849 0.0419885 -2.69446 -0.984679 0.0420825 -0.169217 53.0355
-0.175125 -0.0307909 0.984065 394.616 0.0406496 0.998433 0.0384745 -2.62319 -0.983706 0.0467397 -0.173598 52.5909
-0.177493 -0.0276444 0.983734 397.23 0.0404839 0.998555 0.0353653 -2.55857 -0.983288 0.0461025 -0.176117 52.1408
-0.182037 -0.028201 0.982887 399.843 0.0399286 0.998553 0.0360455 -2.4912 -0.98248 0.045807 -0.180647 51.6811
-0.188038 -0.0295717 0.981716 402.453 0.0409 0.998445 0.0379096 -2.41697 -0.981309 0.0472807 -0.186535 51.2066
-0.190253 -0.0312788 0.981237 405.06 0.0411724 0.99836 0.0398076 -2.33745 -0.980871 0.0479735 -0.188652 50.7281
-0.192979 -0.0317334 0.98069 407.665 0.0411787 0.998335 0.0404075 -2.2558 -0.980338 0.0481813 -0.19135 50.241
-0.197546 -0.0322005 0.979765 410.269 0.0412579 0.998303 0.0411285 -2.17108 -0.979424 0.0485478 -0.195881 49.7411
-0.198374 -0.0326454 0.979582 412.871 0.041234 0.998283 0.0416189 -2.08522 -0.979258 0.0486483 -0.196687 49.2372
-0.202698 -0.0346619 0.978628 415.47 0.0416685 0.998164 0.0439844 -1.99351 -0.978354 0.0496935 -0.200881 48.7225
-0.203165 -0.0379685 0.978408 418.065 0.0419651 0.997993 0.0474425 -1.89298 -0.978244 0.0506977 -0.201163 48.205
-0.205068 -0.0403081 0.977917 420.658 0.0422562 0.997856 0.0499911 -1.78708 -0.977834 0.0515746 -0.202924 47.681
-0.210412 -0.040137 0.976789 423.246 0.0407143 0.997931 0.0497761 -1.68107 -0.976764 0.0502428 -0.208341 47.1466
-0.211326 -0.0382432 0.976667 425.827 0.0371791 0.998197 0.0471309 -1.57786 -0.976707 0.0462716 -0.209523 46.6096
-0.214517 -0.0378122 0.975988 428.403 0.0343428 0.998341 0.0462266 -1.47482 -0.976116 0.0434346 -0.212861 46.0682
-0.218423 -0.0386673 0.975088 430.973 0.0343082 0.998294 0.0472727 -1.3681 -0.97525 0.0437791 -0.216723 45.5172
-0.219066 -0.0392981 0.974918 433.541 0.0334408 0.9983 0.0477548 -1.26176 -0.975136 0.0430635 -0.217378 44.9661
-0.221448 -0.0385853 0.974408 436.106 0.0325055 0.99837 0.0469215 -1.15401 -0.974629 0.0420643 -0.219832 44.4131
-0.224731 -0.0396059 0.973615 438.672 0.0324334 0.998317 0.048097 -1.04522 -0.97388 0.0423866 -0.223067 43.8494
-0.224694 -0.0422987 0.973511 441.233 0.0330153 0.998154 0.0509897 -0.932655 -0.973869 0.0435979 -0.222882 43.2831
-0.225076 -0.0464291 0.973234 443.789 0.033613 0.9979 0.0553794 -0.813155 -0.97376 0.045178 -0.223042 42.7115
-0.222957 -0.0507124 0.973508 446.344 0.0390362 0.997381 0.0608962 -0.682471 -0.974045 0.0515793 -0.220392 42.1451
-0.221451 -0.0552894 0.973603 448.897 0.0428487 0.996876 0.0663572 -0.54075 -0.974229 0.0564125 -0.218389 41.5825
-0.220316 -0.056156 0.97381 451.45 0.0381793 0.997081 0.0661357 -0.399007 -0.97468 0.0517502 -0.217528 41.0214
-0.218221 -0.0526873 0.974476 454.01 0.029111 0.997747 0.0604645 -0.269354 -0.975464 0.0415627 -0.216195 40.4647
-0.215285 -0.0529611 0.975114 456.574 0.0238122 0.997948 0.0594585 -0.141923 -0.97626 0.0360203 -0.213582 39.912
-0.213247 -0.0541097 0.975499 459.137 0.0212005 0.997975 0.0599909 -0.0139802 -0.976767 0.033474 -0.211667 39.3651
-0.208778 -0.0552938 0.976399 461.706 0.0228455 0.997853 0.0613937 0.117168 -0.977695 0.035124 -0.207066 38.8291
-0.20522 -0.0560169 0.977111 464.279 0.0232964 0.997799 0.0620958 0.250712 -0.978437 0.0355066 -0.203463 38.2996
-0.205234 -0.0556727 0.977128 466.851 0.0216461 0.997879 0.0614016 0.381367 -0.978472 0.0337528 -0.203593 37.7717
-0.200355 -0.0565899 0.978088 469.429 0.0152783 0.998029 0.0608733 0.511435 -0.979603 0.0271399 -0.199095 37.2571
-0.201642 -0.0584692 0.977713 472.007 0.00766478 0.998093 0.0612688 0.646014 -0.979428 0.0198484 -0.200808 36.7397
-0.198785 -0.0587951 0.978278 474.59 0.000870798 0.998189 0.0601687 0.778262 -0.980042 0.0128126 -0.198373 36.23
-0.197728 -0.0589441 0.978483 477.175 -0.00189941 0.998212 0.0597487 0.908809 -0.980254 0.00995558 -0.197486 35.7213
-0.198116 -0.0606813 0.978298 479.759 -0.000686143 0.998091 0.06177 1.04437 -0.980177 0.0115665 -0.197778 35.2111
-0.19503 -0.0628241 0.978783 482.346 -0.000572946 0.997954 0.0639405 1.18493 -0.980796 0.0119096 -0.194666 34.7097
-0.193599 -0.0650368 0.978923 484.935 -0.00173862 0.997822 0.0659486 1.33189 -0.981078 0.0110657 -0.19329 34.213
-0.194891 -0.0651192 0.978661 487.522 -0.00337276 0.997833 0.0657233 1.47807 -0.980818 0.00950819 -0.194688 33.7126
-0.191002 -0.0643732 0.979477 490.112 -0.00546 0.997902 0.0645195 1.62323 -0.981573 0.0069755 -0.190952 33.2205
-0.189408 -0.0641081 0.979803 492.705 -0.00591837 0.997923 0.0641496 1.76498 -0.98188 0.00635171 -0.189393 32.7325
-0.192017 -0.0656544 0.979193 495.298 -0.00389031 0.997804 0.0661393 1.91211 -0.981383 0.00889063 -0.19185 32.235
-0.187969 -0.0671769 0.979875 497.89 -0.00204726 0.997684 0.0680051 2.06421 -0.982172 0.0107769 -0.18767 31.7485
-0.189156 -0.0678707 0.979599 500.486 -0.00206537 0.997635 0.0687215 2.21692 -0.981944 0.0109759 -0.188847 31.2586
-0.185738 -0.068588 0.980203 503.084 -0.00277672 0.997594 0.0692788 2.3707 -0.982594 0.010146 -0.185481 30.7771
-0.184676 -0.0694383 0.980343 505.686 -0.00254136 0.997532 0.0701771 2.52797 -0.982795 0.0104687 -0.184396 30.2984
-0.185707 -0.0706575 0.980061 508.286 -0.00360964 0.997454 0.0712275 2.68766 -0.982597 0.00968984 -0.185488 29.8173
-0.1833 -0.0696392 0.980587 510.889 -0.00387108 0.997532 0.0701189 2.84535 -0.983048 0.00905696 -0.183116 29.3428
-0.182575 -0.0686313 0.980794 513.492 -0.00480653 0.997612 0.0689134 2.99991 -0.983179 0.00786773 -0.182468 28.8697
-0.183643 -0.0695678 0.980528 516.095 -0.00426607 0.99754 0.0699758 3.15719 -0.982983 0.00866763 -0.183487 28.3936
-0.181203 -0.0716143 0.980835 518.699 -0.0051184 0.997401 0.0718782 3.32017 -0.983431 0.00800437 -0.181098 27.9238
-0.181522 -0.0722718 0.980728 521.303 -0.0062371 0.997361 0.0723431 3.48456 -0.983366 0.00701507 -0.181493 27.4531
-0.183954 -0.0734872 0.980184 523.905 -0.00667444 0.997273 0.0735157 3.6539 -0.982911 0.00698143 -0.183942 26.9768
-0.18256 -0.073118 0.980472 526.508 -0.00623844 0.997298 0.0732112 3.82067 -0.983174 0.00724894 -0.182522 26.5042
-0.184815 -0.073128 0.980049 529.11 -0.00583208 0.997293 0.0733149 3.98772 -0.982755 0.00783405 -0.18474 26.0258
-0.183786 -0.0743525 0.98015 531.713 -0.00594825 0.997202 0.0745307 4.15776 -0.982947 0.00786764 -0.183714 25.5502
-0.184437 -0.0755448 0.979937 534.317 -0.00709305 0.997119 0.0755344 4.33056 -0.982818 0.00698069 -0.18444 25.073
-0.18625 -0.0762745 0.979537 536.919 -0.00742887 0.997064 0.0762268 4.50499 -0.982473 0.00692047 -0.186269 24.5908
-0.185165 -0.0759042 0.979772 539.523 -0.00792816 0.997096 0.0757481 4.67784 -0.982674 0.00625824 -0.185229 24.1115
-0.18498 -0.0755548 0.979834 542.127 -0.00776778 0.997122 0.0754214 4.84994 -0.98271 0.00634042 -0.185034 23.6325
-0.186462 -0.0758518 0.97953 544.731 -0.00770696 0.997098 0.0757452 5.02303 -0.982431 0.00657451 -0.186505 23.1492
-0.184586 -0.0764707 0.979837 547.335 -0.0079235 0.997053 0.0763216 5.19784 -0.982783 0.00632431 -0.184648 22.6705
-0.185874 -0.0764129 0.979598 549.939 -0.007858 0.997056 0.0762837 5.37269 -0.982541 0.00648159 -0.185927 22.1885
-0.184381 -0.0765741 0.979868 552.543 -0.00883191 0.99705 0.076255 5.54767 -0.982814 0.00540595 -0.184512 21.7103
-0.184693 -0.0769242 0.979781 555.148 -0.00979514 0.997027 0.0764319 5.72331 -0.982746 0.00451946 -0.184897 21.2313
-0.185721 -0.0779271 0.979508 557.75 -0.0104483 0.996951 0.0773339 5.90078 -0.982546 0.00412845 -0.185968 20.7506
-0.183972 -0.0787518 0.979772 560.353 -0.0107232 0.996888 0.0781141 6.08101 -0.982872 0.00386459 -0.184243 20.2743
-0.183416 -0.078568 0.979891 562.955 -0.0109542 0.996903 0.0778817 6.26037 -0.982973 0.00355095 -0.183708 19.7992
-0.185232 -0.0791076 0.979506 565.556 -0.0105548 0.996858 0.0785131 6.44171 -0.982637 0.00420472 -0.185484 19.318
-0.183084 -0.0789291 0.979924 568.158 -0.0105863 0.996873 0.0783164 6.6229 -0.983039 0.00396484 -0.183346 18.8424
-0.183323 -0.0807881 0.979728 570.76 -0.0109463 0.996724 0.0801415 6.80942 -0.982991 0.00396753 -0.183606 18.3661
-0.185738 -0.0813357 0.979227 573.359 -0.0119718 0.996682 0.0805148 6.99691 -0.982525 0.00323163 -0.186095 17.8834
-0.184087 -0.0813788 0.979535 575.96 -0.012412 0.996681 0.0804706 7.18419 -0.98283 0.00265574 -0.184486 17.4051
-0.184259 -0.0832929 0.979342 578.561 -0.0126764 0.996522 0.0823691 7.37604 -0.982795 0.00276274 -0.184673 16.9263
-0.186397 -0.0844432 0.978839 581.161 -0.0122273 0.996423 0.0836317 7.57107 -0.982397 0.00362027 -0.186762 16.4422
-0.185149 -0.085442 0.978989 583.761 -0.0128549 0.996339 0.0845251 7.76833 -0.982625 0.00306509 -0.185569 15.9618
-0.187194 -0.0843415 0.978696 586.361 -0.0136568 0.996435 0.0832581 7.96213 -0.982227 0.00221969 -0.187678 15.4764
-0.186182 -0.081996 0.979088 588.962 -0.0139698 0.996633 0.0808088 8.15035 -0.982415 0.00136765 -0.1867 14.994
-0.185975 -0.0826552 0.979072 591.564 -0.0135177 0.996577 0.0815654 8.33999 -0.98246 0.0019344 -0.186454 14.5131
-0.188297 -0.0856339 0.978372 594.163 -0.0134187 0.996324 0.0846226 8.53809 -0.982019 0.00280584 -0.188753 14.0253
-0.186354 -0.0882905 0.978508 596.762 -0.0132453 0.99609 0.0873545 8.74314 -0.982392 0.00331836 -0.186794 13.5428
-0.186305 -0.088445 0.978503 599.363 -0.0125046 0.996074 0.0876523 8.94802 -0.982411 0.00409432 -0.186678 13.0611
-0.188414 -0.0876756 0.978168 601.961 -0.0114854 0.996137 0.0870738 9.15276 -0.982021 0.00517135 -0.188693 12.5746
-0.18638 -0.0874762 0.978576 604.561 -0.0103988 0.996149 0.0870665 9.35767 -0.982422 0.00605151 -0.186571 12.0931
-0.188375 -0.0883673 0.978114 607.16 -0.00939571 0.996061 0.0881792 9.56566 -0.982051 0.00742077 -0.188462 11.6063
-0.186595 -0.089608 0.978342 609.761 -0.00914768 0.995948 0.0894759 9.77719 -0.982393 0.00774625 -0.186657 11.1231
-0.186134 -0.0907389 0.978325 612.363 -0.00992895 0.99585 0.0904752 9.99155 -0.982473 0.00712684 -0.186262 10.6415
-0.187987 -0.0913512 0.977914 614.964 -0.0103799 0.995795 0.0910262 10.2082 -0.982116 0.00696117 -0.188144 10.1559
-0.185508 -0.0921596 0.978312 617.566 -0.01019 0.99572 0.0918673 10.4272 -0.982589 0.00707318 -0.185652 9.67535
-0.184497 -0.0933476 0.97839 620.17 -0.00980555 0.995606 0.0931411 10.6483 -0.982783 0.00759072 -0.184601 9.19678
-0.185585 -0.0949025 0.978035 622.771 -0.0124415 0.995473 0.0942338 10.8713 -0.982548 0.00532023 -0.185925 8.71586
-0.183848 -0.0955406 0.9783 625.373 -0.0131631 0.995416 0.0947384 11.0948 -0.982865 0.00454013 -0.184262 8.23927
-0.184948 -0.0956695 0.978081 627.975 -0.0137287 0.995406 0.0947681 11.3182 -0.982651 0.00409942 -0.18541 7.75934
-0.182778 -0.0947421 0.978579 630.578 -0.0120532 0.995488 0.0941279 11.54 -0.983079 0.00540958 -0.183094 7.28563
-0.1815 -0.0947243 0.978818 633.181 -0.0108913 0.995483 0.0943175 11.7621 -0.983329 0.00645817 -0.181711 6.81593
-0.182335 -0.0963148 0.978508 635.783 -0.0108551 0.995328 0.0959477 11.9884 -0.983175 0.00687295 -0.182528 6.34392
-0.180157 -0.0971938 0.978824 638.387 -0.010095 0.995237 0.0969655 12.2169 -0.983585 0.00758792 -0.180279 5.87796
-0.181755 -0.0977957 0.978469 640.987 -0.0107237 0.995181 0.0974741 12.4465 -0.983284 0.00722367 -0.181927 5.40774
-0.179791 -0.0974219 0.978869 643.59 -0.0108599 0.995221 0.0970546 12.675 -0.983644 0.00681919 -0.179989 4.94337
-0.179465 -0.0977697 0.978894 646.193 -0.0107571 0.995186 0.0974247 12.9045 -0.983704 0.00695432 -0.179652 4.48049
-0.17852 -0.0986258 0.978981 648.796 -0.0111563 0.995103 0.0982156 13.136 -0.983872 0.00661176 -0.178745 4.0192
-0.179738 -0.0996876 0.97865 651.396 -0.0109897 0.994994 0.0993341 13.3706 -0.983652 0.00709911 -0.179933 3.55523
-0.177913 -0.100475 0.978903 653.998 -0.0119349 0.994922 0.09995 13.6071 -0.983973 0.00609933 -0.178208 3.0959
-0.178783 -0.101107 0.97868 656.599 -0.0128115 0.994862 0.100438 13.8444 -0.983804 0.00541846 -0.179159 2.63473
-0.177868 -0.100554 0.978903 659.201 -0.0127116 0.994918 0.0998892 14.0808 -0.983971 0.00532379 -0.178242 2.17572
-0.178312 -0.101376 0.978738 661.801 -0.0118973 0.994829 0.100875 14.3199 -0.983901 0.00634287 -0.178595 1.7164
-0.180449 -0.103396 0.978135 664.399 -0.0116394 0.994615 0.102991 14.5644 -0.983514 0.00719985 -0.18068 1.25192
-0.178144 -0.104345 0.978456 666.999 -0.0111716 0.994513 0.104023 14.8121 -0.98394 0.00760024 -0.178332 0.793409
-0.17807 -0.103777 0.97853 669.598 -0.0115274 0.994576 0.103381 15.0576 -0.983949 0.00712922 -0.1783 0.335282
-0.180476 -0.103301 0.97814 672.195 -0.0113951 0.994623 0.102939 15.3019 -0.983512 0.0074322 -0.180682 -0.128916
-0.178569 -0.102312 0.978593 674.794 -0.0109758 0.994725 0.101996 15.5435 -0.983865 0.00747255 -0.178749 -0.587232
-0.180044 -0.103414 0.978207 677.391 -0.0105564 0.994605 0.103204 15.7887 -0.983601 0.00825504 -0.180164 -1.04967
-0.178564 -0.104831 0.978328 679.989 -0.00998601 0.994451 0.104736 16.0377 -0.983877 0.00893262 -0.178619 -1.50814
-0.178654 -0.107321 0.978041 682.586 -0.0100162 0.994181 0.107262 16.2932 -0.98386 0.0093666 -0.178688 -1.9668
-0.179805 -0.108679 0.97768 685.182 -0.00988199 0.994029 0.108679 16.5527 -0.983651 0.00987974 -0.179805 -2.42859
-0.178258 -0.108675 0.977964 687.779 -0.00974351 0.994029 0.108684 16.8123 -0.983934 0.00984509 -0.178252 -2.88618
-0.177902 -0.109108 0.977981 690.376 -0.00993698 0.993983 0.109086 17.0726 -0.983997 0.00968854 -0.177915 -3.34205
-0.178004 -0.10987 0.977877 692.971 -0.0101155 0.9939 0.109829 17.3352 -0.983977 0.00965843 -0.178029 -3.79867
-0.17611 -0.11119 0.97807 695.567 -0.0100301 0.993752 0.111167 17.6012 -0.984318 0.00976758 -0.176124 -4.25048
-0.175759 -0.111711 0.978074 698.164 -0.0100533 0.993693 0.111688 17.8686 -0.984381 0.00979748 -0.175773 -4.70085
-0.176869 -0.112987 0.977728 700.759 -0.00929772 0.993537 0.113132 18.1392 -0.984189 0.0109189 -0.176776 -5.15337
-0.174538 -0.11299 0.978146 703.357 -0.00904025 0.993537 0.113154 18.4095 -0.984608 0.0109071 -0.174431 -5.60023
-0.175642 -0.113628 0.977875 705.952 -0.00846376 0.993455 0.113919 18.6818 -0.984417 0.0117324 -0.175453 -6.04932
-0.173498 -0.115171 0.978077 708.549 -0.00803307 0.993272 0.115536 18.958 -0.9848 0.0121883 -0.173255 -6.49255
-0.172778 -0.1161 0.978094 711.146 -0.00777851 0.993159 0.116514 19.2367 -0.984929 0.012523 -0.172499 -6.93388
-0.173798 -0.115746 0.977955 713.741 -0.00849883 0.993209 0.116041 19.5137 -0.984743 0.0118564 -0.173601 -7.378
-0.171627 -0.114435 0.978493 716.338 -0.00640339 0.99334 0.115048 19.7882 -0.98514 0.0134798 -0.171216 -7.81621
-0.171559 -0.115537 0.978375 718.935 -0.00543568 0.993196 0.116334 20.066 -0.985158 0.0146401 -0.171019 -8.25331
-0.171691 -0.11765 0.978101 721.531 -0.00468012 0.99293 0.118612 20.3498 -0.985138 0.0157871 -0.171027 -8.69034
-0.169564 -0.11854 0.978364 724.128 -0.00391845 0.992814 0.119612 20.6361 -0.98551 0.0164483 -0.16881 -9.12105
