1 0 0 0 0 1 0 0 0 0 1 0
0.999042 -0.00092961 0.0437976 0.0408452 0.00115193 0.999993 -0.0050286 0.00983056 -0.0437897 0.00507433 0.999039 1.03958
0.996269 -0.00509605 0.0861505 0.144165 0.00598753 0.999931 -0.0100907 -0.00727715 -0.0860935 0.010569 0.996234 2.07042
0.991342 -0.00551444 0.131254 0.255238 0.0075289 0.999869 -0.0148482 -0.0128014 -0.131151 0.0157077 0.991255 3.13272
0.985042 -0.00507951 0.172238 0.423241 0.00831036 0.999806 -0.0180407 -0.0265199 -0.172112 0.0192024 0.984897 4.11067
0.975557 -0.00769162 0.219646 0.616402 0.012264 0.999748 -0.0194526 -0.0373347 -0.219433 0.0216706 0.975413 5.12435
0.963758 -0.00858419 0.266647 0.855068 0.0149059 0.999662 -0.021689 -0.0615005 -0.266369 0.0248778 0.963566 6.10842
0.952219 -0.0116444 0.305219 1.22547 0.0195542 0.999561 -0.0228645 -0.101253 -0.304809 0.02774 0.952043 7.14213
0.937334 -0.0137735 0.348177 1.57312 0.0239248 0.999416 -0.0248692 -0.127444 -0.347629 0.0316409 0.937121 8.12712
0.92019 -0.0140417 0.391242 1.96674 0.0263822 0.999333 -0.0261788 -0.15713 -0.390597 0.0344108 0.919958 9.06275
0.89992 -0.0151272 0.435804 2.3677 0.0290117 0.999274 -0.0252193 -0.185042 -0.435105 0.035339 0.89971 9.98889
0.878189 -0.015533 0.47808 2.87721 0.0307587 0.999262 -0.0240298 -0.215461 -0.477336 0.0358072 0.878031 10.9737
0.854548 -0.0146794 0.519174 3.36231 0.0311014 0.999266 -0.0229356 -0.255311 -0.518457 0.0357468 0.854386 11.7582
0.826992 -0.0147621 0.562036 3.90114 0.0330424 0.999223 -0.0223691 -0.285963 -0.561255 0.0370691 0.826855 12.7368
0.795401 -0.0156784 0.605887 4.45008 0.0366046 0.999099 -0.0221981 -0.307212 -0.604995 0.039835 0.795266 13.6743
0.767262 -0.0148192 0.641182 5.11445 0.0385121 0.999013 -0.0229903 -0.335427 -0.640196 0.0423314 0.767093 14.4368
0.737212 -0.0173319 0.675445 5.78694 0.0434946 0.998832 -0.0218394 -0.358113 -0.67428 0.0454787 0.737114 15.1826
0.705721 -0.016415 0.708319 6.48375 0.0445634 0.998798 -0.0212483 -0.380914 -0.707107 0.0465588 0.705624 15.8983
0.676069 -0.0161938 0.736668 7.24659 0.0474047 0.998664 -0.0215489 -0.417925 -0.735336 0.0494901 0.675944 16.4705
0.64406 -0.017637 0.764792 8.03611 0.05357 0.998341 -0.0220853 -0.43556 -0.76312 0.055192 0.643956 17.0716
0.612446 -0.0154235 0.79037 8.85038 0.0541823 0.998298 -0.022501 -0.457829 -0.788679 0.0566048 0.612253 17.6248
0.575455 -0.0130363 0.817751 9.7092 0.057951 0.998033 -0.0248653 -0.460536 -0.815802 0.0616959 0.5751 18.2496
0.544958 -0.0113373 0.838394 10.4328 0.0629058 0.997666 -0.0273945 -0.488466 -0.83613 0.0676688 0.544412 18.6309
0.508225 -0.00943858 0.861195 11.1518 0.0677375 0.997311 -0.0290398 -0.475225 -0.858578 0.0730911 0.50752 19.1331
0.475014 -0.0102218 0.879929 11.9787 0.0743862 0.996844 -0.0285725 -0.488557 -0.876861 0.0790262 0.474291 19.5225
0.442853 -0.0116906 0.896543 12.9016 0.0803588 0.996435 -0.026696 -0.518232 -0.893012 0.0838636 0.442238 19.918
0.407453 -0.00911865 0.913195 13.7229 0.0824665 0.996263 -0.0268433 -0.547665 -0.909531 0.086244 0.406701 20.3606
0.374207 -0.00853336 0.927334 14.6445 0.0834235 0.996243 -0.024492 -0.56494 -0.923613 0.0865221 0.37354 20.7374
0.338019 -0.00960061 0.941107 15.6126 0.0856 0.996149 -0.0205789 -0.596861 -0.937276 0.0875119 0.337563 21.1311
0.313333 -0.0122322 0.949591 16.5602 0.0879645 0.996022 -0.0161903 -0.634822 -0.945591 0.0885985 0.313189 21.344
0.278555 -0.00841645 0.960408 17.4774 0.0857119 0.996231 -0.0161247 -0.646484 -0.956629 0.0868054 0.278254 21.7348
0.249407 -0.00705436 0.968402 18.4511 0.0863861 0.996184 -0.0149864 -0.676597 -0.964573 0.0873887 0.249093 21.9465
0.221503 -0.00688641 0.97516 19.4949 0.0889938 0.995989 -0.0131764 -0.695102 -0.971134 0.0896971 0.221257 22.1591
0.188414 -0.00712031 0.982096 20.5559 0.090167 0.995915 -0.0100727 -0.713625 -0.977981 0.0904443 0.188317 22.4356
0.159984 -0.00814422 0.987113 21.5868 0.0901856 0.995946 -0.00639492 -0.732176 -0.983039 0.090041 0.160103 22.577
0.133917 -0.00697766 0.991001 22.6241 0.0922882 0.995758 -0.0054549 -0.715168 -0.986727 0.092182 0.134025 22.7145
0.107723 -0.00626124 0.994187 23.7226 0.0951517 0.995497 -0.00403592 -0.712592 -0.989667 0.095028 0.107869 22.8456
0.0837588 -0.00568978 0.996503 24.8516 0.100416 0.994982 -0.00275401 -0.703404 -0.991457 0.100289 0.0839422 22.9456
0.0622191 -0.00496122 0.998076 25.9351 0.105715 0.994437 -0.00164255 -0.702224 -0.9925 0.105609 0.0624331 23.012
0.0431019 -0.00459134 0.999093 27.0012 0.111412 0.993815 -0.000234167 -0.699779 -0.992884 0.111315 0.0433797 23.0597
0.0279405 -0.00535352 0.999621 28.0983 0.115753 0.993318 0.00208875 -0.701765 -0.992938 0.115645 0.02841 23.0466
0.0151026 -0.00455762 0.999908 29.1938 0.119707 0.992846 0.00272262 -0.702177 -0.99274 0.119648 0.0155734 23.0192
0.00294361 -0.00560548 1.00001 30.2876 0.121926 0.992567 0.00520923 -0.704938 -0.99259 0.121905 0.00364238 23.0254
-0.00871454 -0.00623375 0.999976 31.488 0.122562 0.992473 0.00726038 -0.694888 -0.992469 0.122615 -0.00785154 22.991
-0.0212163 -0.00547453 0.999785 32.7388 0.122165 0.992519 0.0080315 -0.685354 -0.992339 0.122303 -0.020351 22.9813
-0.0328552 -0.0025402 0.99949 34.0336 0.12239 0.992499 0.00655091 -0.685079 -0.991987 0.122536 -0.0322644 22.9309
-0.0448727 0.00184645 0.999018 35.3376 0.12325 0.992411 0.00370609 -0.667259 -0.991417 0.123289 -0.0447218 22.9087
-0.0516839 0.00424294 0.99869 36.4912 0.124605 0.992243 0.00223817 -0.671884 -0.990911 0.12455 -0.0517785 22.8283
-0.0585619 0.00525216 0.998297 37.7723 0.123901 0.992335 0.0020517 -0.670791 -0.990624 0.123804 -0.0587257 22.7526
-0.0640403 0.00581862 0.997967 39.0542 0.124543 0.992251 0.00221197 -0.669359 -0.990198 0.124424 -0.0642353 22.6691
-0.0683715 0.00667352 0.997665 40.349 0.124926 0.992207 0.00192861 -0.671796 -0.989866 0.12476 -0.0686341 22.591
-0.0719849 0.00837332 0.997407 41.6242 0.123652 0.992364 0.000598398 -0.676419 -0.989764 0.123367 -0.0724373 22.5212
-0.0754993 0.00945994 0.997129 42.98 0.123869 0.992341 -3.1308e-05 -0.667717 -0.989481 0.123505 -0.0760548 22.4172
-0.0775244 0.00862664 0.996991 44.2965 0.122908 0.992456 0.000974864 -0.664611 -0.989439 0.122605 -0.0779667 22.335
-0.078435 0.00675384 0.996925 45.6286 0.123364 0.9924 0.00298696 -0.665027 -0.989315 0.123212 -0.078634 22.2351
-0.0817453 0.00469651 0.996682 47.0745 0.121937 0.992563 0.00532904 -0.669118 -0.98922 0.121959 -0.0816778 22.1443
-0.0844799 0.00498878 0.996441 48.507 0.124063 0.992301 0.00555448 -0.670266 -0.98873 0.124084 -0.0844103 22.0504
-0.0851593 0.00458008 0.996395 49.9011 0.122965 0.992433 0.00595271 -0.668476 -0.988805 0.12302 -0.0850459 21.9666
-0.0859885 0.00457888 0.996315 51.3509 0.124162 0.992287 0.00615996 -0.679868 -0.98859 0.124227 -0.0858557 21.8709
-0.0875201 0.00350248 0.996196 52.8187 0.122975 0.992423 0.00731978 -0.694909 -0.988598 0.12314 -0.0872557 21.7991
-0.0850513 0.00373455 0.996399 54.3152 0.122797 0.992452 0.00676633 -0.698537 -0.988843 0.122923 -0.0848302 21.6353
-0.0847437 0.00327526 0.996437 55.8174 0.122509 0.992482 0.00716178 -0.698864 -0.988898 0.12267 -0.0844762 21.559
-0.0834344 0.000832048 0.996544 57.3977 0.121569 0.992581 0.00935365 -0.707176 -0.989133 0.121922 -0.0828794 21.4275
-0.0808478 -0.000531643 0.996769 58.8546 0.122277 0.992481 0.0104526 -0.735684 -0.989254 0.122718 -0.0801437 21.3479
-0.0803848 -0.000951247 0.996796 60.4731 0.121108 0.992623 0.010718 -0.737894 -0.989445 0.121573 -0.0796399 21.2435
-0.0792522 -0.00167507 0.996898 62.0928 0.121714 0.99254 0.0113493 -0.741508 -0.989452 0.122226 -0.0784261 21.1314
-0.0767487 -0.00310602 0.99708 63.6779 0.121234 0.992587 0.0124279 -0.747782 -0.98972 0.121825 -0.0757669 21.0207
-0.0747374 -0.00497517 0.997237 65.3144 0.123053 0.99234 0.0141784 -0.736467 -0.989638 0.123763 -0.073522 20.9083
-0.0731626 -0.0073362 0.997328 67.0183 0.125021 0.99206 0.0164727 -0.71762 -0.989522 0.125883 -0.0716284 20.7759
-0.0757009 -0.00662692 0.997157 68.7424 0.126027 0.991938 0.0161653 -0.709708 -0.989192 0.126882 -0.0742251 20.7258
-0.074819 -0.00635543 0.997213 70.3724 0.128271 0.991655 0.0159479 -0.729032 -0.988982 0.129098 -0.0733436 20.6629
-0.0754176 -0.00662353 0.997182 72.1457 0.127365 0.991766 0.0162257 -0.712408 -0.989043 0.128219 -0.0739233 20.5477
-0.0762431 -0.00800416 0.997094 73.7678 0.126718 0.991826 0.0176555 -0.725599 -0.989073 0.127686 -0.0745703 20.522
-0.0787879 -0.00917749 0.996902 75.4572 0.124839 0.992038 0.0190045 -0.702202 -0.989103 0.125938 -0.0769851 20.522
-0.0762117 -0.0100981 0.997079 77.1767 0.125981 0.991882 0.019679 -0.699087 -0.989171 0.127103 -0.0742864 20.3621
-0.0753246 -0.0119416 0.99714 78.9577 0.126345 0.991798 0.0214272 -0.698712 -0.989182 0.127587 -0.0731685 20.2351
-0.074497 -0.0143725 0.997156 80.7824 0.121466 0.992364 0.0233823 -0.683473 -0.989867 0.122853 -0.0721482 20.0718
-0.0768129 -0.0134548 0.99701 82.681 0.12011 0.992546 0.0226538 -0.643274 -0.989844 0.12148 -0.0745955 19.9822
-0.0780658 -0.0125623 0.99691 84.5305 0.118883 0.992712 0.0218231 -0.610236 -0.989907 0.12021 -0.0759699 19.8607
-0.0775648 -0.0121994 0.996969 86.3369 0.118392 0.992781 0.0213647 -0.589304 -0.989991 0.119679 -0.0755321 19.721
-0.0784258 -0.0130678 0.996876 88.2476 0.116804 0.992951 0.0222097 -0.551455 -0.990128 0.118171 -0.0763132 19.5755
-0.077536 -0.0120127 0.996973 90.0611 0.117713 0.992867 0.0211233 -0.508574 -0.990076 0.118983 -0.0755407 19.4414
-0.0794831 -0.012801 0.996798 91.9773 0.115014 0.993167 0.0219297 -0.477907 -0.990255 0.116378 -0.0774348 19.3538
-0.0813811 -0.0124626 0.996661 93.9784 0.114489 0.993231 0.0217735 -0.442445 -0.990146 0.115868 -0.0793754 19.1719
-0.0812383 -0.0112539 0.996676 95.6065 0.111798 0.993569 0.0203358 -0.415852 -0.990482 0.113068 -0.079425 19.1688
-0.0864186 -0.00931062 0.996273 97.6553 0.112252 0.993544 0.0190277 -0.358418 -0.989976 0.113468 -0.084788 19.0145
-0.0921435 -0.0130911 0.995704 99.6039 0.10983 0.993725 0.0232331 -0.371791 -0.989748 0.111489 -0.0900945 18.8441
-0.0967213 -0.0138352 0.995274 101.323 0.105803 0.994142 0.024107 -0.353743 -0.989735 0.107624 -0.0946639 18.8188
-0.101962 -0.0141074 0.994732 103.318 0.10443 0.994268 0.0248094 -0.340511 -0.989371 0.1064 -0.0998714 18.6707
-0.107616 -0.0119301 0.994181 105.34 0.104161 0.994338 0.0232126 -0.29267 -0.988785 0.106042 -0.105737 18.4984
-0.108359 -0.0114423 0.994091 107.126 0.104782 0.994278 0.0228705 -0.308853 -0.988652 0.106632 -0.106508 18.3349
-0.113455 -0.0106908 0.993546 109.199 0.102328 0.994548 0.0223922 -0.258458 -0.988324 0.104198 -0.111716 18.1033
-0.119415 -0.00823379 0.992856 111.062 0.100033 0.994824 0.0202863 -0.20573 -0.987871 0.101732 -0.11794 17.9952
-0.127185 -0.00779044 0.991909 113.178 0.0975351 0.995073 0.020327 -0.155177 -0.987139 0.0993209 -0.125772 17.7779
-0.134452 -0.0072334 0.990939 115.24 0.096417 0.99518 0.0203512 -0.111549 -0.986297 0.0982708 -0.133073 17.5767
-0.143253 -0.0058165 0.989731 117.24 0.0978238 0.995051 0.0200123 -0.0661961 -0.984908 0.0996756 -0.141948 17.3969
-0.150792 -0.00182135 0.98861 119.248 0.0970834 0.995185 0.0166465 -0.0281539 -0.983867 0.0984792 -0.149855 17.1974
-0.154681 -0.000970326 0.988027 121.299 0.0966849 0.995233 0.0161196 -0.00911116 -0.983292 0.0980102 -0.153823 16.8662
-0.156513 0.00028119 0.987724 123.28 0.0918792 0.995717 0.0142806 0.0586465 -0.983475 0.092978 -0.155834 16.4414
-0.164011 0.000753826 0.986526 125.349 0.0909867 0.995799 0.0143718 0.0727696 -0.982326 0.0921079 -0.163364 16.1411
-0.166063 0.00726943 0.986137 127.383 0.0934872 0.995636 0.00840913 0.148528 -0.981756 0.0935797 -0.165983 15.7635
-0.15026 0.00716278 0.988691 129.494 0.0905983 0.995916 0.00655976 0.169523 -0.98456 0.0905492 -0.150269 15.2392
-0.151175 0.00688842 0.988534 131.75 0.0937229 0.995625 0.00740056 0.169456 -0.984137 0.093759 -0.151124 14.77
-0.149243 0.00921044 0.988831 133.483 0.0955621 0.995465 0.00515665 0.189306 -0.98425 0.0952541 -0.149421 14.5095
-0.149692 0.00688262 0.98876 135.529 0.0953623 0.995468 0.00751312 0.149315 -0.984206 0.0954067 -0.149636 14.1484
-0.15118 0.00419249 0.988572 137.572 0.0940803 0.995567 0.0101712 0.11093 -0.984097 0.0945324 -0.150878 13.7988
-0.1534 0.00351036 0.98821 139.758 0.0924293 0.995713 0.0108159 0.120147 -0.983916 0.0929898 -0.153034 13.4505
-0.158086 0.00406965 0.987489 141.952 0.0905182 0.995895 0.0103925 0.130458 -0.983346 0.0910186 -0.157779 13.1215
-0.167618 0.000290837 0.985905 144.049 0.0863081 0.996219 0.0143846 0.0761042 -0.982152 0.0874938 -0.166975 12.9442
-0.173334 -0.00190521 0.984936 146.199 0.085018 0.99629 0.0168951 0.0588297 -0.981267 0.0866555 -0.172503 12.6308
-0.178089 6.43629e-05 0.984068 148.308 0.0832984 0.996466 0.0150145 0.133141 -0.980571 0.0846359 -0.17743 12.2957
-0.17306 -0.0205399 0.984777 149.837 0.0757634 0.9966 0.0341073 -0.0752187 -0.982076 0.0805013 -0.17089 11.8108
-0.156212 -0.0225899 0.987522 151.212 0.0763158 0.996529 0.034873 -0.0436948 -0.98486 0.0808007 -0.153914 11.3754
-0.136358 -0.0296004 0.990301 152.508 0.0711807 0.996736 0.0396006 -0.0248674 -0.988181 0.0758785 -0.133782 10.9125
-0.132775 -0.0303808 0.990741 154.392 0.071026 0.996727 0.040088 0.0496253 -0.98869 0.0756804 -0.130154 10.5995
-0.134763 -0.0296813 0.990521 156.548 0.0714887 0.996715 0.0396003 0.124996 -0.98838 0.076136 -0.132176 10.3133
-0.12579 -0.0275159 0.991738 158.379 0.0733028 0.996686 0.0369559 0.206895 -0.989439 0.0773349 -0.123329 9.96959
-0.126955 -0.0252207 0.991683 160.64 0.0741804 0.996699 0.0348521 0.288765 -0.989219 0.0779756 -0.124644 9.65581
-0.131017 -0.0226969 0.991186 162.76 0.0738642 0.996798 0.0325943 0.377226 -0.988721 0.0774724 -0.128893 9.40895
-0.133436 -0.0223888 0.990899 164.832 0.0663143 0.997365 0.0314718 0.426943 -0.988925 0.0698983 -0.131579 9.14726
-0.132591 -0.0213509 0.991012 166.995 0.0656464 0.997449 0.0302785 0.497927 -0.989094 0.0690601 -0.130825 8.85064
-0.136603 -0.0204129 0.990514 169.291 0.0658456 0.997454 0.0296442 0.558973 -0.988524 0.0692598 -0.134891 8.5607
-0.140057 -0.0200093 0.990013 171.533 0.067782 0.997324 0.029752 0.60496 -0.987919 0.0712612 -0.1383 8.2662
-0.142155 -0.0197943 0.989745 173.846 0.0670487 0.997376 0.0295844 0.686389 -0.98766 0.070556 -0.140435 7.92725
-0.142988 -0.0187555 0.98962 176.091 0.065673 0.997504 0.0284 0.758674 -0.987642 0.0690415 -0.141374 7.61219
-0.144645 -0.0168247 0.989451 178.466 0.0668674 0.997472 0.026745 0.840964 -0.987311 0.0700207 -0.14314 7.2593
-0.144041 -0.0168123 0.989503 180.686 0.0624809 0.997774 0.0260543 0.897563 -0.987697 0.0655676 -0.142645 6.99348
-0.146593 -0.0134022 0.989217 183.066 0.0619078 0.997893 0.0227025 0.957289 -0.987347 0.0645592 -0.145441 6.63653
-0.150094 -0.0101957 0.988695 185.332 0.0597581 0.998094 0.0193711 1.01662 -0.986964 0.0619799 -0.149173 6.36801
-0.151047 -0.0111772 0.988574 187.597 0.0571776 0.998236 0.0200313 1.01904 -0.986963 0.0595416 -0.150128 6.02472
-0.155129 -0.0093366 0.987925 189.958 0.058549 0.998179 0.0186338 1.02116 -0.986258 0.0607226 -0.154274 5.59798
-0.170932 -0.00850676 0.985356 192.992 0.0591807 0.998139 0.018892 1.06998 -0.983598 0.0615348 -0.170099 5.14135
-0.151207 -0.00985111 0.988538 194.279 0.0600878 0.998081 0.0191446 1.07934 -0.986783 0.0622842 -0.150305 4.77001
-0.131534 -0.00753256 0.991396 195.748 0.0622174 0.998009 0.0158463 1.15159 -0.989451 0.0637579 -0.130795 4.34706
-0.111815 -0.00478039 0.993802 197.256 0.0663977 0.997791 0.0122777 1.22225 -0.991617 0.0673492 -0.111234 3.88246
-0.0918783 -0.00341508 0.995878 198.718 0.0675812 0.997739 0.00966497 1.25239 -0.993568 0.0681814 -0.0914328 3.51616
-0.0970706 -0.00298972 0.995362 201.307 0.0659716 0.997853 0.00943779 1.2604 -0.993196 0.0665712 -0.0966521 3.28873
-0.103007 -0.00316167 0.994789 203.914 0.0653701 0.997884 0.00994897 1.26686 -0.992624 0.0660453 -0.102575 3.04383
-0.107695 -0.00231739 0.99427 206.497 0.0650694 0.997913 0.00938072 1.28946 -0.992159 0.0656964 -0.107307 2.78439
-0.111603 -0.00280318 0.993862 208.96 0.0652012 0.997893 0.0101447 1.29656 -0.991707 0.0659241 -0.111178 2.57901
-0.117677 -0.00320285 0.993136 211.394 0.0632415 0.998016 0.0107189 1.31952 -0.991144 0.0640584 -0.117227 2.40087
-0.118859 -0.000698003 0.993025 213.774 0.0631722 0.998041 0.00827124 1.35512 -0.990996 0.0637055 -0.118574 2.1153
-0.122746 0.000647818 0.99253 216.427 0.0630971 0.998058 0.0071588 1.37129 -0.99054 0.063494 -0.122534 1.77813
-0.124307 -0.000231254 0.992362 218.726 0.0613478 0.998158 0.00792579 1.35264 -0.990443 0.0618556 -0.124056 1.52729
-0.123233 0.00204984 0.99247 221.045 0.0606277 0.998221 0.00547362 1.37487 -0.990632 0.0608353 -0.123126 1.17604
-0.122357 0.00441934 0.992594 223.363 0.0610561 0.998202 0.00309044 1.39218 -0.990704 0.0609732 -0.1224 0.829239
-0.11841 0.00274769 0.993058 225.509 0.0578285 0.998396 0.00414002 1.35398 -0.99139 0.0579067 -0.118368 0.557035
-0.116881 0.00443182 0.993254 227.913 0.0591536 0.99832 0.00251464 1.35664 -0.99148 0.0590398 -0.116941 0.200419
-0.11785 0.00365006 0.993122 230.276 0.0589345 0.998334 0.00333136 1.36727 -0.991391 0.0589111 -0.117857 -0.112223
-0.103152 -0.0157922 0.994667 231.984 0.0501515 0.9986 0.0210643 1.23245 -0.993501 0.0520483 -0.102212 -0.387424
-0.101015 -0.0174297 0.994833 233.636 0.0495088 0.998599 0.0225307 1.22895 -0.993761 0.0515203 -0.100003 -0.567504
-0.104307 -0.015965 0.994551 235.848 0.0478738 0.998713 0.0210621 1.26086 -0.993496 0.0498012 -0.103407 -0.768155
-0.10559 -0.0170758 0.994366 238.268 0.0501827 0.998571 0.022485 1.27991 -0.993249 0.0522661 -0.104576 -1.1
-0.110689 -0.0175933 0.993837 240.74 0.04759 0.99869 0.022989 1.31109 -0.99282 0.0498318 -0.109705 -1.3154
-0.112628 -0.0180495 0.993581 243.016 0.0470882 0.998701 0.0234888 1.33659 -0.992628 0.049423 -0.111626 -1.58303
-0.117977 -0.0193174 0.992969 245.432 0.0442688 0.998803 0.0247005 1.37422 -0.992135 0.0468626 -0.116979 -1.83293
-0.126112 -0.0190407 0.991934 247.592 0.0430535 0.998858 0.0246555 1.40928 -0.991179 0.0458082 -0.12514 -2.02992
-0.138093 -0.0167062 0.99042 249.761 0.040167 0.999032 0.0224617 1.46663 -0.989712 0.0428754 -0.137284 -2.17521
-0.14203 -0.0165598 0.98983 252.324 0.0415153 0.998974 0.0226785 1.48274 -0.989092 0.0443058 -0.141186 -2.56592
-0.146887 -0.0155806 0.989172 254.39 0.0452247 0.998819 0.022458 1.49803 -0.988229 0.0480236 -0.146003 -2.83474
-0.15198 -0.0136706 0.988399 256.562 0.0477653 0.998731 0.0211668 1.53804 -0.987332 0.0504188 -0.151122 -3.13748
-0.146742 -0.0113179 0.989257 258.891 0.0429638 0.999014 0.0178125 1.63439 -0.988351 0.0451062 -0.146107 -3.53111
-0.145711 -0.0106943 0.989384 261.177 0.0446313 0.99895 0.0173799 1.65278 -0.98842 0.0466811 -0.145071 -3.92134
-0.150931 -0.00901097 0.988659 263.674 0.0451756 0.998945 0.0160115 1.69201 -0.987626 0.047069 -0.150362 -4.20307
-0.144332 -0.011012 0.989592 265.842 0.044 0.998983 0.0175433 1.66679 -0.988656 0.0460652 -0.143694 -4.62797
-0.144672 -0.00920906 0.989592 268.299 0.0446547 0.998979 0.0158348 1.70572 -0.988582 0.0464706 -0.144114 -5.04807
-0.145168 -0.00903886 0.989488 270.66 0.0447255 0.998978 0.0156967 1.71967 -0.988501 0.046525 -0.144609 -5.36756
-0.14561 -0.00749565 0.989468 272.975 0.044054 0.999034 0.0140612 1.74157 -0.988471 0.0456275 -0.14514 -5.69859
-0.143752 -0.00732919 0.989708 275.41 0.0427309 0.999097 0.0136148 1.75578 -0.988796 0.0442397 -0.143303 -6.12374
-0.150299 -0.0108723 0.988728 277.528 0.0409478 0.999117 0.0172214 1.74016 -0.987906 0.0430657 -0.149721 -6.41785
-0.143893 -0.00892917 0.98968 279.569 0.0414302 0.999134 0.0150484 1.76202 -0.988833 0.0431598 -0.143395 -6.83439
-0.144523 -0.00719501 0.989628 281.821 0.0407046 0.999192 0.0132196 1.82008 -0.988778 0.0421846 -0.144115 -7.26156
-0.151463 -0.00452956 0.988585 284.348 0.0423512 0.999151 0.0110775 1.85909 -0.987665 0.043538 -0.151139 -7.60666
-0.156204 -0.00483997 0.987868 286.715 0.0422956 0.999147 0.011594 1.86061 -0.986933 0.0435848 -0.155867 -7.97339
-0.161153 -0.00440598 0.987053 289.094 0.0409164 0.99921 0.0111514 1.88675 -0.986192 0.0421763 -0.16084 -8.34927
-0.162943 -0.00237335 0.986791 291.524 0.0471786 0.998945 0.0102038 1.91615 -0.985621 0.0482084 -0.16266 -8.76034
-0.149851 -0.00481827 0.988833 293.248 0.0452256 0.999021 0.0117323 1.9308 -0.987784 0.0464708 -0.149485 -9.08817
-0.136436 -0.0131595 0.990725 294.88 0.0409892 0.999095 0.0189267 1.88755 -0.989915 0.0431827 -0.135778 -9.45123
-0.149221 -0.00578401 0.988929 298.162 0.0460251 0.99898 0.012798 1.98798 -0.987846 0.0474167 -0.148805 -9.91047
-0.146822 -0.00589484 0.989314 300.554 0.0451649 0.999016 0.0126667 2.03428 -0.988251 0.0465325 -0.146416 -10.3427
-0.144863 -0.00517895 0.989581 302.903 0.0458474 0.998999 0.0119502 2.07762 -0.988504 0.0470923 -0.144484 -10.7319
-0.140053 -0.00374977 0.990304 305.378 0.0475336 0.998934 0.010516 2.12349 -0.989121 0.0485358 -0.139731 -11.2216
-0.134964 -0.00211655 0.990993 307.809 0.0474784 0.998957 0.0086102 2.14378 -0.989828 0.0482038 -0.134729 -11.6638
-0.135134 -0.00256232 0.990993 310.376 0.0445958 0.999089 0.00867564 2.13058 -0.989942 0.0453574 -0.134903 -12.0514
-0.118011 -0.00533146 0.993152 312.324 0.0392625 0.999303 0.0100404 2.15619 -0.992355 0.0401709 -0.11773 -12.7306
-0.123911 -0.010641 0.992409 314.913 0.0370807 0.999318 0.0153562 2.08979 -0.991721 0.0386944 -0.123442 -12.9478
-0.13498 -0.00969841 0.990953 317.87 0.0373613 0.999315 0.0148797 2.1399 -0.990264 0.0390241 -0.134533 -13.2677
-0.129568 -0.0150848 0.99163 319.94 0.0350222 0.999316 0.019789 2.11862 -0.991075 0.0372859 -0.12896 -13.5409
-0.132337 -0.0167002 0.99122 322.536 0.0337799 0.999326 0.0213566 2.14748 -0.990753 0.0363022 -0.131693 -13.8722
-0.138813 -0.0163505 0.990357 325.318 0.0356093 0.999261 0.0215 2.19414 -0.989803 0.0382433 -0.138136 -14.2181
-0.136728 -0.0196274 0.99057 327.611 0.0331609 0.999277 0.0243868 2.2334 -0.990178 0.036175 -0.135987 -14.4594
-0.141668 -0.0182847 0.989918 330.492 0.0341927 0.999269 0.023362 2.31198 -0.98945 0.0371507 -0.140947 -14.9128
-0.145171 -0.0186215 0.989388 333.052 0.0354953 0.999208 0.0240241 2.37702 -0.988897 0.0385983 -0.144402 -15.206
-0.150177 -0.0236445 0.988549 335.628 0.0268052 0.999376 0.027987 2.43199 -0.988423 0.0306956 -0.149456 -15.5203
-0.156052 -0.0248326 0.987593 338.404 0.0257853 0.999367 0.0292125 2.45583 -0.987539 0.0300177 -0.155318 -15.9558
-0.162068 -0.0295748 0.98651 340.86 0.0199036 0.999377 0.0332419 2.49947 -0.986706 0.0250177 -0.161382 -16.1504
-0.171522 -0.0314127 0.984836 343.769 0.0300132 0.998988 0.0371003 2.44988 -0.984852 0.0359145 -0.170409 -16.6802
-0.177875 -0.0329507 0.983677 346.38 0.0288849 0.998962 0.0386974 2.53285 -0.983757 0.0352903 -0.176742 -17.0179
-0.185536 -0.0353564 0.98216 349.018 0.0262569 0.998946 0.0409298 2.60265 -0.982418 0.0333758 -0.184412 -17.3493
-0.1874 -0.037773 0.981738 351.642 0.026277 0.998837 0.0434591 2.66795 -0.98206 0.0339352 -0.186192 -17.8373
-0.196888 -0.0391401 0.979806 354.367 0.0243541 0.998827 0.0448031 2.76287 -0.980257 0.0326771 -0.195702 -18.197
-0.207707 -0.0408832 0.977518 357.18 0.0173663 0.998942 0.0454817 2.86411 -0.978164 0.0264179 -0.206777 -18.6687
-0.207014 -0.051491 0.977144 359.626 0.0066818 0.998645 0.0540484 2.83596 -0.978448 0.0177143 -0.206387 -19.1884
-0.20869 -0.0572114 0.976489 362.315 -0.0026534 0.998444 0.0579433 2.89143 -0.978105 0.00949996 -0.208517 -19.7948
-0.20806 -0.0608193 0.976386 365.072 -0.00615229 0.998257 0.060879 3.02833 -0.978229 0.00665803 -0.208069 -20.4907
-0.20144 -0.0560961 0.978075 367.41 -0.00898631 0.998552 0.0554316 3.26073 -0.979588 0.00237672 -0.201653 -20.998
-0.18356 -0.0565166 0.981544 369.975 -0.0126425 0.998529 0.0551387 3.40304 -0.983061 -0.00228813 -0.184007 -21.7607
-0.185949 -0.0576 0.981055 372.596 -0.0129422 0.998467 0.0561813 3.50342 -0.982609 -0.00224907 -0.186414 -22.2585
-0.190089 -0.0603211 0.980078 374.398 -0.0119979 0.998312 0.0591245 3.56915 -0.98183 -0.000520369 -0.190494 -22.6035
-0.161933 -0.0663964 0.984759 376.645 -0.0139987 0.997926 0.0649953 3.64753 -0.986841 -0.00325813 -0.162535 -23.3273
-0.156787 -0.0651059 0.98565 378.683 -0.0129228 0.998017 0.0638746 3.78187 -0.987675 -0.00272237 -0.157328 -23.7576
-0.16063 -0.0634178 0.985187 381.313 -0.0170062 0.998109 0.0614922 3.94767 -0.98701 -0.00687207 -0.161425 -24.0835
-0.164703 -0.0634302 0.984468 383.85 -0.018037 0.998103 0.0612986 4.09953 -0.98631 -0.00765888 -0.165547 -24.4844
-0.178142 -0.0652915 0.982044 386.361 -0.0263632 0.9979 0.0615787 4.29008 -0.983794 -0.0149131 -0.179507 -24.8103
-0.185171 -0.0645025 0.980755 389.048 -0.0288232 0.997919 0.0601976 4.43709 -0.982417 -0.0171169 -0.186656 -25.2778
-0.202336 -0.062401 0.97755 391.596 -0.0375891 0.997884 0.0559354 4.56537 -0.978743 -0.0254157 -0.204274 -25.6593
-0.202937 -0.0557206 0.977778 394.051 -0.0525364 0.997714 0.0459625 4.70206 -0.977916 -0.0420319 -0.20541 -26.0798
-0.21688 -0.0488225 0.975216 395.086 -0.035683 0.99866 0.0420802 4.68195 -0.975711 -0.0256535 -0.218364 -26.3492
-0.214835 -0.0519184 0.975444 395.257 -0.030349 0.998613 0.0464779 4.65566 -0.976315 -0.0196117 -0.216124 -26.4089
-0.217719 -0.0622097 0.974268 395.385 -0.0307418 0.998092 0.056882 4.64365 -0.975689 -0.0175484 -0.219251 -26.4483
-0.224096 -0.0723667 0.972056 395.483 -0.0358732 0.997333 0.065989 4.65063 -0.974046 -0.0200734 -0.226104 -26.4703
-0.22676 -0.0762419 0.971207 395.577 -0.0404458 0.996997 0.0688441 4.66837 -0.973271 -0.0236492 -0.229196 -26.5266
-0.233912 -0.0771716 0.969385 395.624 -0.0450525 0.996792 0.0684952 4.69554 -0.971323 -0.0276397 -0.236657 -26.4573
-0.237061 -0.0737693 0.968937 395.715 -0.0387611 0.99722 0.0664617 4.70268 -0.970884 -0.0217811 -0.239293 -26.533
-0.232041 -0.0674511 0.970567 395.768 -0.0306937 0.997766 0.062017 4.71358 -0.972332 -0.0153909 -0.233616 -26.7686
-0.238817 -0.0622347 0.96932 395.779 -0.0313052 0.998096 0.0563934 4.73597 -0.970729 -0.0168579 -0.240345 -26.7124
-0.236501 -0.0615319 0.969883 395.796 -0.0249074 0.998211 0.0572694 4.71449 -0.971422 -0.010605 -0.237633 -26.9598
-0.237143 -0.0632885 0.969664 395.866 -0.0248751 0.998113 0.059087 4.70385 -0.971326 -0.010091 -0.238307 -27.0636
-0.244362 -0.0634016 0.967811 395.898 -0.0273467 0.998075 0.0584937 4.7174 -0.969408 -0.0121643 -0.245647 -27.0297
-0.243303 -0.0627269 0.968173 395.93 -0.024278 0.998151 0.0585945 4.71283 -0.969824 -0.00923153 -0.244412 -27.2043
-0.241553 -0.0630497 0.968542 395.935 -0.0232592 0.99814 0.0591904 4.69789 -0.97022 -0.00822159 -0.242595 -27.3256
-0.24392 -0.0632297 0.967983 395.912 -0.0220114 0.998142 0.0596793 4.67544 -0.969724 -0.00673256 -0.244893 -27.3904
-0.24659 -0.0654282 0.967113 395.933 -0.0211671 0.998006 0.0621359 4.66209 -0.969001 -0.00514073 -0.247507 -27.4461
-0.250698 -0.0685017 0.965897 396.041 -0.0222471 0.997806 0.0650177 4.66767 -0.967993 -0.00517089 -0.251706 -27.4797
-0.250434 -0.0700487 0.965802 396.116 -0.0182777 0.997705 0.0676382 4.67882 -0.968074 -0.000705426 -0.251163 -27.655
-0.259068 -0.066885 0.963819 396.182 -0.01492 0.997928 0.0652718 4.68684 -0.965947 0.0025455 -0.259561 -27.7354
-0.255358 -0.0625055 0.965029 396.178 -0.0159041 0.998208 0.0604618 4.70321 -0.966826 9.88762e-05 -0.255918 -27.922
-0.25834 -0.0615892 0.964366 396.283 -0.0242817 0.998244 0.0572774 4.72428 -0.965949 -0.00859933 -0.259414 -27.9348
-0.258325 -0.0611399 0.964326 396.279 -0.02093 0.998279 0.0577016 4.71775 -0.965943 -0.0052688 -0.259182 -28.1252
-0.259214 -0.0600878 0.964227 396.277 -0.0271083 0.998303 0.054953 4.72118 -0.965637 -0.0118719 -0.260436 -28.1696
-0.252068 -0.0605724 0.966019 396.249 -0.0294406 0.99822 0.0549258 4.693 -0.967377 -0.0145844 -0.253426 -28.3696
-0.250659 -0.060627 0.966453 396.227 -0.0313009 0.998204 0.0545299 4.66861 -0.967765 -0.016559 -0.252143 -28.4739
-0.245559 -0.0618886 0.967612 396.129 -0.0280808 0.998159 0.0567327 4.61652 -0.969092 -0.0132295 -0.24687 -28.6983
-0.217481 -0.0667609 0.974059 396.528 -0.0262834 0.997873 0.0625555 4.59864 -0.975908 -0.0119736 -0.218819 -29.1421
-0.226131 -0.0695659 0.971818 396.665 -0.0179586 0.997738 0.0672589 4.60838 -0.97405 -0.00223283 -0.226899 -29.2189
-0.224414 -0.075489 0.971851 397.382 -0.0220297 0.997311 0.0724118 4.67518 -0.974445 -0.00513616 -0.225518 -29.3245
-0.24974 -0.0740943 0.965686 397.604 -0.0276553 0.997374 0.06939 4.70616 -0.968038 -0.00936452 -0.251157 -29.0333
-0.282188 -0.0676496 0.95726 397.953 -0.0324903 0.99779 0.0609683 4.7645 -0.959011 -0.0138722 -0.283791 -28.7654
-0.301823 -0.0665293 0.951264 397.874 -0.035729 0.997823 0.0584665 4.75583 -0.952816 -0.0163277 -0.303553 -28.5039
-0.308948 -0.0677833 0.948951 397.889 -0.0417943 0.997637 0.0576869 4.7597 -0.950365 -0.0218109 -0.311072 -28.3617
-0.308412 -0.066299 0.949165 397.634 -0.0368694 0.997825 0.0577353 4.74935 -0.950661 -0.0171742 -0.310194 -28.3884
-0.293773 -0.0665402 0.95385 398.018 -0.0357059 0.997815 0.0586442 4.78527 -0.955415 -0.0168027 -0.295534 -28.6932
-0.29343 -0.0639639 0.954066 398.598 -0.0352605 0.99798 0.0560814 4.80351 -0.955455 -0.0171716 -0.295104 -28.9019
-0.296216 -0.0659725 0.953134 398.64 -0.0407586 0.997748 0.056428 4.79769 -0.954459 -0.0221034 -0.298265 -28.9297
-0.294376 -0.0684843 0.953475 399.289 -0.0473514 0.997434 0.0570411 4.83179 -0.954647 -0.0283466 -0.296869 -29.1676
-0.293127 -0.069241 0.95386 399.5 -0.0529922 0.997189 0.0561365 4.83604 -0.954813 -0.0340573 -0.296 -29.2777
-0.288467 -0.071863 0.955033 399.602 -0.0588642 0.99681 0.0572454 4.82041 -0.955811 -0.0396916 -0.291784 -29.299
-0.290445 -0.0706703 0.954578 399.808 -0.0522761 0.997123 0.0579497 4.81981 -0.955674 -0.0330371 -0.293332 -29.4467
-0.284036 -0.0737862 0.956217 400.294 -0.0513988 0.996951 0.061682 4.83374 -0.957569 -0.0316189 -0.286972 -29.6734
-0.280783 -0.0750173 0.957132 400.72 -0.050318 0.996892 0.0634076 4.85828 -0.95866 -0.0303243 -0.283716 -29.9085
-0.289102 -0.0732496 0.954743 401.266 -0.0517934 0.996983 0.0608279 4.88844 -0.956032 -0.0318544 -0.292032 -30.0215
-0.286673 -0.0705279 0.955733 401.595 -0.0536669 0.997078 0.0575172 4.92373 -0.956736 -0.0347685 -0.289651 -30.1666
-0.286508 -0.0685174 0.955876 402.041 -0.0524692 0.997243 0.0557771 4.94135 -0.956777 -0.0341641 -0.289321 -30.3142
-0.279618 -0.069749 0.957882 402.411 -0.0503251 0.997233 0.0579595 4.95043 -0.959007 -0.031967 -0.282384 -30.4919
-0.286391 -0.0694649 0.955844 402.692 -0.0470328 0.997365 0.0584114 4.94897 -0.957096 -0.0282197 -0.288911 -30.5643
-0.284297 -0.0706754 0.956439 402.761 -0.0501219 0.997194 0.0588243 4.96126 -0.957644 -0.0311827 -0.287069 -30.5568
-0.280054 -0.0718806 0.95754 402.862 -0.0553954 0.996922 0.0586563 4.98 -0.958523 -0.0366068 -0.283184 -30.5237
-0.290235 -0.0704681 0.954672 403.145 -0.0502508 0.997216 0.0583679 4.99223 -0.955858 -0.0310014 -0.292992 -30.6234
-0.282426 -0.0727496 0.95678 403.315 -0.053452 0.996946 0.0600466 5.01415 -0.957939 -0.0341752 -0.285459 -30.6667
-0.282242 -0.0716872 0.956978 403.256 -0.0551777 0.996952 0.0584446 5.02545 -0.957978 -0.0362757 -0.285363 -30.606
-0.288742 -0.0654945 0.95542 403.191 -0.0481627 0.99757 0.0538504 5.0283 -0.956337 -0.0304594 -0.2912 -30.728
-0.279459 -0.0667488 0.958153 403.275 -0.0509102 0.997394 0.0546705 5.04309 -0.95903 -0.0334705 -0.282154 -30.76
-0.286123 -0.0666095 0.956131 403.351 -0.049041 0.997474 0.0548359 5.04135 -0.957078 -0.0311916 -0.288673 -30.7597
-0.280792 -0.0690376 0.957603 403.247 -0.0535124 0.997172 0.0562362 5.02423 -0.958499 -0.0354208 -0.283717 -30.7245
-0.281091 -0.0696568 0.957406 403.43 -0.0536913 0.997124 0.0568047 5.03431 -0.958321 -0.0354277 -0.284031 -30.787
-0.283278 -0.0685045 0.956909 403.711 -0.0541491 0.997186 0.0553948 5.05202 -0.957731 -0.0360915 -0.286213 -30.8361
-0.276885 -0.0699348 0.958611 403.743 -0.0536882 0.9971 0.0572572 5.04144 -0.959545 -0.0356038 -0.279844 -30.8881
-0.273454 -0.0723028 0.959487 403.972 -0.0575896 0.996806 0.0587388 5.07478 -0.960387 -0.0391611 -0.276767 -30.9068
-0.280138 -0.0724135 0.957484 404.149 -0.0548151 0.996915 0.0593799 5.07475 -0.958537 -0.0358405 -0.283249 -30.9916
-0.301338 -0.0691204 0.951339 404.315 -0.0515189 0.997293 0.0561775 5.08564 -0.952354 -0.0320566 -0.304091 -30.9521
-0.29808 -0.0695549 0.952268 404.408 -0.0530353 0.997196 0.0562575 5.09596 -0.953212 -0.033727 -0.300932 -30.9819
-0.295688 -0.0695851 0.953078 404.437 -0.0556291 0.997105 0.055578 5.11176 -0.953892 -0.0365568 -0.298712 -30.9403
-0.305075 -0.0677227 0.950188 404.631 -0.0521329 0.997352 0.0543685 5.11361 -0.951047 -0.0329428 -0.307794 -30.9717
-0.311819 -0.0668741 0.948119 404.843 -0.0500682 0.997491 0.0539274 5.12708 -0.94905 -0.030629 -0.314389 -31.0216
-0.297016 -0.0698975 0.952586 404.666 -0.0566178 0.997049 0.0555292 5.11183 -0.953343 -0.0374336 -0.300092 -30.9454
-0.298935 -0.0691271 0.952099 404.562 -0.0546957 0.997176 0.0552642 5.08756 -0.952935 -0.0355286 -0.301878 -30.9586
-0.295776 -0.0695424 0.952998 404.614 -0.0519456 0.997238 0.0566715 5.08497 -0.953995 -0.0327367 -0.298567 -31.059
-0.295529 -0.070901 0.953031 404.693 -0.0521845 0.99715 0.058039 5.08753 -0.954138 -0.0325557 -0.298395 -31.0719
-0.29385 -0.0718433 0.953425 404.748 -0.054801 0.996995 0.0582593 5.10797 -0.954431 -0.0351237 -0.296899 -31.0412
-0.29137 -0.070331 0.954355 404.716 -0.0523211 0.997174 0.0575502 5.10445 -0.955406 -0.0331401 -0.294235 -31.1004
-0.292957 -0.0692169 0.953895 404.746 -0.0485056 0.997367 0.0574975 5.08211 -0.955049 -0.0294215 -0.295536 -31.1657
-0.287992 -0.0704042 0.955379 404.889 -0.0499481 0.997243 0.0584709 5.10006 -0.956558 -0.0308566 -0.290725 -31.2001
-0.291854 -0.0708187 0.954117 405.102 -0.0494797 0.997239 0.0589071 5.11906 -0.955337 -0.0300136 -0.294546 -31.205
-0.289622 -0.0714737 0.954806 405.275 -0.0526555 0.997091 0.0587049 5.13333 -0.955921 -0.0332488 -0.292551 -31.2374
-0.287592 -0.0726335 0.955276 405.46 -0.0562698 0.996881 0.0588795 5.14366 -0.956253 -0.0368147 -0.290777 -31.2539
-0.296473 -0.0717199 0.952686 405.888 -0.0513218 0.997134 0.0591338 5.15984 -0.95389 -0.031339 -0.299311 -31.4097
-0.300187 -0.0721647 0.95143 406.047 -0.0492235 0.997181 0.0601273 5.17076 -0.952765 -0.0287803 -0.302883 -31.4602
-0.294882 -0.0741151 0.953001 406.035 -0.0510122 0.996993 0.0617912 5.16704 -0.954403 -0.0303706 -0.297781 -31.5004
-0.308586 -0.0702015 0.948888 406.223 -0.0462733 0.997405 0.0587659 5.17355 -0.950227 -0.025771 -0.311021 -31.5481
-0.301473 -0.0682866 0.951375 406.207 -0.0476675 0.997475 0.0565295 5.17535 -0.952516 -0.0282862 -0.303967 -31.5924
-0.28747 -0.0705794 0.955473 405.931 -0.0566332 0.997001 0.0566308 5.17159 -0.956272 -0.0378281 -0.290596 -31.477
-0.292649 -0.0723863 0.953828 406.248 -0.0536496 0.997014 0.0592431 5.1723 -0.954949 -0.0338124 -0.295661 -31.5898
-0.291453 -0.0740888 0.954004 406.395 -0.0552122 0.996852 0.0605718 5.18996 -0.95515 -0.0350163 -0.294614 -31.6087
-0.307638 -0.0700646 0.949276 406.611 -0.0459164 0.997429 0.0587781 5.18463 -0.950632 -0.0254882 -0.31006 -31.6963
-0.311507 -0.0688768 0.948044 406.582 -0.048187 0.997447 0.0566568 5.19445 -0.949184 -0.0280351 -0.314012 -31.604
-0.313942 -0.067379 0.947406 406.872 -0.0448977 0.997633 0.056113 5.20158 -0.948619 -0.0249045 -0.316217 -31.7424
-0.310752 -0.0680274 0.948362 406.878 -0.0428319 0.997646 0.0575524 5.18816 -0.94969 -0.0227392 -0.312915 -31.8029
-0.299084 -0.0705595 0.951972 406.756 -0.048829 0.997305 0.0586184 5.20661 -0.953216 -0.0289342 -0.30172 -31.7531
-0.309722 -0.0700623 0.948553 406.683 -0.0466622 0.997423 0.0584602 5.19195 -0.949847 -0.0261571 -0.312173 -31.69
-0.295971 -0.0698269 0.953 406.797 -0.0501508 0.997304 0.0575372 5.22201 -0.95412 -0.0307452 -0.298673 -31.7767
-0.294991 -0.0693785 0.953291 406.761 -0.048772 0.997373 0.0575201 5.21531 -0.954421 -0.0295267 -0.297587 -31.7889
-0.286942 -0.0714043 0.955646 406.97 -0.0496871 0.997208 0.0596301 5.22458 -0.956901 -0.0303546 -0.289689 -31.901
-0.297562 -0.0715881 0.952329 407.181 -0.0450618 0.997346 0.0609178 5.20496 -0.953805 -0.024788 -0.299985 -32.0223
-0.305058 -0.0713093 0.950026 407.173 -0.0430737 0.997429 0.0610758 5.19202 -0.951601 -0.0222748 -0.307339 -32.0039
-0.295486 -0.071366 0.952993 407.241 -0.0495815 0.997229 0.0593313 5.23017 -0.954227 -0.0297201 -0.298192 -32.0176
-0.292836 -0.0705788 0.95392 407.198 -0.0523938 0.997182 0.0577353 5.23532 -0.95497 -0.033054 -0.295706 -31.9692
-0.292861 -0.07038 0.953879 407.295 -0.0461777 0.997389 0.0594387 5.21476 -0.955208 -0.0266411 -0.295333 -32.0823
-0.283253 -0.072865 0.956673 407.56 -0.0490724 0.997135 0.0614609 5.22965 -0.958052 -0.0295186 -0.286018 -32.1523
-0.281917 -0.0736752 0.956928 407.729 -0.0514852 0.997002 0.0616186 5.25177 -0.958226 -0.0318955 -0.284853 -32.1672
-0.30921 -0.0670414 0.949037 407.721 -0.042763 0.997719 0.0565913 5.24787 -0.9503 -0.0230716 -0.311358 -32.1156
-0.291109 -0.0709985 0.954383 407.706 -0.0475911 0.997315 0.0597022 5.2376 -0.955678 -0.0280428 -0.29369 -32.1572
-0.291467 -0.0706672 0.954377 407.784 -0.0472343 0.997351 0.0594675 5.23975 -0.955681 -0.0277318 -0.294025 -32.1811
-0.292591 -0.0711975 0.95392 407.738 -0.047979 0.997297 0.0597454 5.23329 -0.955208 -0.0282899 -0.295197 -32.1588
-0.277613 -0.0735523 0.958287 407.972 -0.0491723 0.997086 0.0623292 5.24084 -0.959702 -0.0298026 -0.280417 -32.311
-0.277037 -0.0744116 0.958312 408.012 -0.0493126 0.997024 0.0631883 5.23871 -0.959768 -0.0297543 -0.279866 -32.3378
-0.282252 -0.0741758 0.956884 407.913 -0.0501245 0.997026 0.0625467 5.22621 -0.958299 -0.0302943 -0.285122 -32.2819
-0.296607 -0.071145 0.952689 407.967 -0.048234 0.997305 0.0594872 5.22518 -0.953958 -0.0283114 -0.299215 -32.2326
-0.291013 -0.072313 0.954403 408.041 -0.0488603 0.997204 0.0607026 5.23687 -0.95574 -0.0289526 -0.29372 -32.2575
-0.288931 -0.0752226 0.954734 408.137 -0.0534968 0.996862 0.062379 5.26025 -0.956032 -0.0330542 -0.292026 -32.2402
-0.297599 -0.0752337 0.952144 408.354 -0.0527399 0.996907 0.0623318 5.27878 -0.953503 -0.0316503 -0.300629 -32.279
-0.300814 -0.0736648 0.951179 408.566 -0.0542735 0.996961 0.0600734 5.29572 -0.952316 -0.0335553 -0.303871 -32.3189
-0.302012 -0.0715628 0.951037 408.753 -0.0514205 0.997193 0.058752 5.3013 -0.952188 -0.0311443 -0.304825 -32.4326
-0.309422 -0.0697565 0.948714 409.02 -0.0520598 0.997298 0.0563772 5.31249 -0.949679 -0.0319498 -0.312185 -32.4309
-0.306136 -0.0701161 0.949832 409.028 -0.050486 0.997325 0.0573957 5.30603 -0.95092 -0.0303687 -0.308835 -32.4809
-0.307297 -0.0706468 0.949342 409.061 -0.0497214 0.997317 0.0581502 5.30891 -0.950496 -0.0293382 -0.309953 -32.5078
-0.284709 -0.0759923 0.956031 409.194 -0.0547847 0.996769 0.0629613 5.30702 -0.957321 -0.0344341 -0.287937 -32.6232
-0.29301 -0.0754624 0.95348 409.361 -0.0495329 0.996987 0.0637115 5.29365 -0.955007 -0.0285642 -0.295839 -32.7027
-0.296468 -0.0747771 0.952548 409.382 -0.0485107 0.997077 0.0632209 5.28875 -0.954084 -0.0274532 -0.299208 -32.7092
-0.280322 -0.0760004 0.957247 409.332 -0.0533635 0.996801 0.0635415 5.29429 -0.958605 -0.0332728 -0.28346 -32.7513
-0.288599 -0.0747104 0.954972 409.522 -0.049522 0.997037 0.0630825 5.30203 -0.956444 -0.0290742 -0.291426 -32.8243
-0.287604 -0.0747063 0.955187 409.514 -0.0492684 0.997035 0.0631729 5.30398 -0.956666 -0.0288961 -0.290407 -32.8482
-0.295646 -0.0739464 0.952875 409.457 -0.046873 0.99718 0.0628885 5.28836 -0.954422 -0.0260608 -0.298256 -32.8242
-0.29646 -0.0745723 0.952492 409.46 -0.0493581 0.997063 0.0627278 5.29292 -0.953958 -0.0284227 -0.29924 -32.7748
-0.291206 -0.0739942 0.954238 409.451 -0.0489915 0.997103 0.0624151 5.29162 -0.955681 -0.0285622 -0.293968 -32.8366
-0.292341 -0.074789 0.953748 409.568 -0.0511888 0.996984 0.0625176 5.30078 -0.955133 -0.0305505 -0.295258 -32.8083
-0.288026 -0.0776121 0.954917 409.658 -0.0529994 0.996729 0.0650728 5.3033 -0.956431 -0.0318538 -0.291179 -32.8139
-0.299479 -0.0754533 0.95148 409.737 -0.0516867 0.99694 0.0628188 5.32059 -0.952893 -0.0303714 -0.30243 -32.7765
-0.302235 -0.073374 0.950853 409.946 -0.0501823 0.997131 0.0610427 5.34189 -0.95219 -0.0292547 -0.305025 -32.8528
-0.292704 -0.0734791 0.953741 410.234 -0.0513153 0.997068 0.0610974 5.36267 -0.955017 -0.0310639 -0.295584 -32.9771
-0.288671 -0.074385 0.954982 410.34 -0.0524468 0.996966 0.0618499 5.36033 -0.956269 -0.0322182 -0.291676 -32.9975
-0.306035 -0.0740079 0.949511 410.559 -0.0499759 0.997106 0.061639 5.36681 -0.950901 -0.0285948 -0.30881 -32.952
