1 0 0 0 0 1 0 0 0 0 1 0
<<<<<<< HEAD
0.999034 -0.000659901 0.0439384 0.0318612 0.000719052 0.999999 -0.00133044 -0.020839 -0.0439375 0.00136074 0.999033 0.997249
0.995934 -0.000514084 0.090083 0.111582 0.000406471 0.999999 0.00121293 -0.0314354 -0.0900835 -0.00117139 0.995933 2.01931
0.990944 -0.00121084 0.134272 0.23142 0.00143565 0.999998 -0.00157744 -0.0447209 -0.13427 0.00175592 0.990943 2.9797
0.983318 0.00466314 0.181833 0.387563 -0.00408262 0.999985 -0.0035668 -0.0737882 -0.181846 0.00276495 0.983323 3.98652
0.974001 0.00273932 0.226529 0.596144 -0.00231761 0.999995 -0.00212758 -0.0835712 -0.226534 0.00154726 0.974002 4.94236
0.962249 0.00260574 0.272157 0.852467 -0.00227183 0.999996 -0.00154199 -0.0772356 -0.27216 0.000865483 0.962251 5.89815
0.948176 0.000410201 0.317746 1.15701 0.00101342 0.99999 -0.00431505 -0.0839646 -0.317745 0.00441344 0.948166 6.88745
0.93331 -0.000369154 0.359073 1.48931 0.00248083 0.999982 -0.00542017 -0.124208 -0.359064 0.00594949 0.933294 7.78295
0.91561 0.000400841 0.402066 1.8756 0.00202898 0.999982 -0.00561746 -0.106881 -0.402062 0.00595919 0.915593 8.68902
0.895599 -7.05395e-05 0.444862 2.31205 0.00246371 0.999985 -0.00480141 -0.124453 -0.444855 0.00539615 0.895586 9.59386
0.8741 -0.000875745 0.485744 2.75721 0.0032195 0.999987 -0.00399064 -0.143214 -0.485734 0.00505208 0.874092 10.4442
0.849288 -0.00151725 0.527928 3.27983 0.00392572 0.999986 -0.00344146 -0.14901 -0.527916 0.00499529 0.849282 11.298
0.82417 -0.00200479 0.566338 3.80915 0.00397692 0.99999 -0.00224758 -0.162266 -0.566328 0.00410467 0.82417 12.0954
0.796746 -0.00260529 0.604309 4.38189 0.00483738 0.999986 -0.00206667 -0.19393 -0.604295 0.00456988 0.796748 12.8732
0.766894 -0.00262335 0.641769 5.00952 0.00531556 0.999983 -0.00226431 -0.185357 -0.641752 0.00514785 0.766895 13.6435
0.736553 -0.00381309 0.676369 5.64016 0.00559165 0.999984 -0.000451702 -0.220842 -0.676357 0.00411472 0.736563 14.3529
0.704664 -0.0032093 0.709534 6.30317 0.00497792 0.999987 -0.000420697 -0.233903 -0.709524 0.00382845 0.704671 15.0396
0.669716 -0.00325886 0.74261 7.05012 0.00661168 0.999977 -0.0015744 -0.233437 -0.742588 0.00596429 0.669722 15.7115
0.633404 -0.00415525 0.77381 7.78238 0.0072865 0.999973 -0.000594661 -0.286846 -0.773787 0.00601503 0.633417 16.3349
0.596563 -0.00656804 0.802539 8.54686 0.00790488 0.999966 0.00230774 -0.277344 -0.802527 0.00496726 0.596595 16.9098
0.558944 -0.00813628 0.829166 9.31903 0.0130972 0.999914 0.000982918 -0.266652 -0.829102 0.0103103 0.559002 17.452
0.519779 -0.00612135 0.854279 10.1229 0.0138059 0.999904 -0.00123527 -0.296629 -0.854189 0.0124362 0.519814 17.9562
0.480361 -0.00643375 0.877047 10.9624 0.0148699 0.999889 -0.00080937 -0.298433 -0.876945 0.0134304 0.480403 18.438
0.442211 -0.00678906 0.896885 11.8244 0.0147694 0.999891 0.000286698 -0.311577 -0.89679 0.0131197 0.442263 18.873
0.404837 -0.00772787 0.914356 12.7058 0.0163763 0.999865 0.00119985 -0.34486 -0.914242 0.014488 0.404909 19.2715
0.368751 -0.00856476 0.929489 13.6172 0.0170402 0.999852 0.00245287 -0.350733 -0.929372 0.0149342 0.368842 19.6412
0.335158 -0.00892835 0.942119 14.5287 0.01681 0.999852 0.00349534 -0.342492 -0.942012 0.0146655 0.335259 19.9683
0.30096 -0.00980034 0.953586 15.509 0.0180787 0.999826 0.00456977 -0.337844 -0.953465 0.0158643 0.301085 20.2693
0.268074 -0.0103378 0.963343 16.4554 0.0184342 0.999814 0.00559938 -0.340062 -0.963222 0.0162574 0.268215 20.546
0.235845 -0.0145209 0.971682 17.4255 0.0184484 0.999775 0.010463 -0.323193 -0.971615 0.0154584 0.23606 20.7984
0.203982 -0.0139969 0.978875 18.4207 0.0178683 0.999784 0.0105724 -0.318601 -0.978812 0.0153342 0.204188 21.0122
0.174635 -0.0141429 0.984532 19.4022 0.0178624 0.999778 0.0111935 -0.326522 -0.984471 0.0156314 0.174849 21.1986
0.143778 -0.0152252 0.989493 20.4134 0.0177398 0.999761 0.0128055 -0.32241 -0.989451 0.0157123 0.144014 21.3541
0.11316 -0.0176822 0.993419 21.4614 0.0176889 0.999719 0.0157794 -0.298713 -0.993419 0.0157869 0.113441 21.4867
0.0845256 -0.0182684 0.996254 22.5062 0.017205 0.99971 0.016872 -0.290368 -0.996273 0.0157145 0.0848154 21.585
0.0567518 -0.0189056 0.998209 23.5805 0.0168849 0.999696 0.0179738 -0.291686 -0.998246 0.0158346 0.0570539 21.6542
0.0326622 -0.0194926 0.999276 24.6508 0.0166802 0.999681 0.0189553 -0.294664 -0.999327 0.016049 0.0329771 21.6957
0.00940796 -0.0183399 0.999788 25.7436 0.0221115 0.999591 0.0181282 -0.271794 -0.999711 0.0219362 0.00980973 21.7055
-0.01258 -0.0183256 0.999753 26.8872 0.0271945 0.999456 0.0186624 -0.255953 -0.999551 0.0274226 -0.0120748 21.6896
-0.0300867 -0.0192112 0.999363 28.001 0.0331699 0.999245 0.0202075 -0.223717 -0.998997 0.0337567 -0.0294267 21.6449
-0.0458709 -0.0198806 0.99875 29.127 0.0332194 0.999219 0.0214156 -0.209006 -0.998395 0.0341602 -0.0451745 21.6045
-0.0612139 -0.0202735 0.997919 30.2631 0.0333968 0.999192 0.022348 -0.195124 -0.997566 0.0346953 -0.0604873 21.5397
-0.0729517 -0.0217088 0.997099 31.3987 0.0334853 0.999146 0.0242033 -0.161604 -0.996773 0.0351538 -0.0721624 21.4632
-0.084967 -0.0215331 0.996151 32.5458 0.0331676 0.999151 0.024427 -0.139408 -0.995832 0.0351154 -0.0841806 21.3749
-0.0974438 -0.0207714 0.995024 33.7064 0.0327953 0.999172 0.0240696 -0.115331 -0.994701 0.0349775 -0.0966818 21.2748
-0.107014 -0.0212723 0.99403 34.8736 0.0324546 0.999164 0.0248761 -0.0915167 -0.993728 0.0349229 -0.106234 21.1582
-0.117266 -0.0204951 0.992889 36.082 0.0320764 0.999187 0.0244135 -0.0667199 -0.992582 0.0347111 -0.116513 21.031
-0.123842 -0.0199986 0.9921 37.2997 0.0316364 0.999209 0.024091 -0.0345845 -0.991798 0.0343699 -0.123111 20.8784
-0.129872 -0.0198559 0.991332 38.5416 0.0312731 0.99922 0.0241109 -0.00420018 -0.991038 0.0341333 -0.129149 20.7217
-0.136084 -0.0197971 0.9905 39.8096 0.0308336 0.999231 0.0242078 0.0144814 -0.990217 0.033835 -0.135369 20.566
-0.13959 -0.0191584 0.990024 41.0887 0.0305129 0.999255 0.0236393 0.0508768 -0.989739 0.0335083 -0.138902 20.385
-0.143458 -0.0194573 0.989465 42.4026 0.030452 0.999246 0.0240647 0.0747674 -0.989188 0.0335834 -0.142757 20.2046
-0.147676 -0.01953 0.988843 43.737 0.0303855 0.999243 0.0242732 0.107407 -0.988569 0.0336311 -0.146971 20.0179
-0.148826 -0.0220277 0.988618 45.0835 0.0304906 0.999174 0.0268529 0.143448 -0.988393 0.03414 -0.148031 19.821
-0.150867 -0.0226079 0.988295 46.4588 0.0303591 0.999161 0.0274909 0.180018 -0.988088 0.0341512 -0.150054 19.6198
-0.154141 -0.0248841 0.987735 47.8594 0.0304665 0.999087 0.0299245 0.206448 -0.987579 0.0347055 -0.153242 19.4142
-0.153729 -0.0251587 0.987793 49.2703 0.0303312 0.999084 0.0301668 0.259824 -0.987647 0.0345984 -0.152825 19.1934
-0.155313 -0.0262453 0.987517 50.7071 0.0305071 0.999043 0.0313497 0.285698 -0.987394 0.0349953 -0.154364 18.9716
-0.153706 -0.0263256 0.987766 52.1573 0.030262 0.99905 0.0313354 0.342728 -0.987653 0.0347082 -0.152763 18.7489
-0.153249 -0.0254405 0.98786 53.6301 0.0302653 0.999078 0.0304246 0.383501 -0.987724 0.0345604 -0.152338 18.5318
-0.153419 -0.0256863 0.987827 55.1064 0.0303678 0.999067 0.0306949 0.43284 -0.987694 0.0347074 -0.152496 18.3093
-0.15113 -0.0264576 0.98816 56.6292 0.0303196 0.999047 0.0313862 0.485379 -0.988049 0.034704 -0.150184 18.0789
-0.150087 -0.0266335 0.988314 58.1669 0.0307362 0.999028 0.0315899 0.526586 -0.988195 0.0351183 -0.149122 17.8454
-0.151427 -0.0259216 0.988128 59.7059 0.0304385 0.999059 0.0308729 0.575807 -0.988 0.0347521 -0.150495 17.6055
-0.148713 -0.0257744 0.988544 61.2938 0.0318874 0.999015 0.0308445 0.621286 -0.988366 0.0361091 -0.147745 17.3768
-0.15041 -0.0251658 0.988303 62.874 0.0318137 0.999035 0.0302808 0.673086 -0.988112 0.0359961 -0.149464 17.1403
-0.149819 -0.0268174 0.98835 64.5137 0.0331148 0.998935 0.0321244 0.719775 -0.988159 0.0375418 -0.148772 16.896
-0.149037 -0.0282613 0.988428 66.1571 0.0354005 0.998798 0.0338956 0.765911 -0.988198 0.0400425 -0.147857 16.655
-0.149267 -0.027382 0.988418 67.794 0.0359957 0.998803 0.0331057 0.804329 -0.988142 0.0405203 -0.148102 16.4107
-0.147381 -0.0271742 0.988706 69.4567 0.0368712 0.998776 0.0329471 0.856196 -0.988392 0.0413105 -0.146198 16.165
-0.146635 -0.02688 0.988825 71.1308 0.0367056 0.998794 0.0325942 0.912467 -0.988509 0.0410748 -0.145472 15.9332
-0.147686 -0.0273327 0.988656 72.8082 0.0374284 0.998747 0.0332028 0.959019 -0.988326 0.0419074 -0.146478 15.7036
-0.146672 -0.0270915 0.988814 74.5396 0.0379293 0.998735 0.0329894 1.02858 -0.988458 0.0423437 -0.145459 15.4514
-0.14737 -0.0283187 0.988676 76.2355 0.0396996 0.998615 0.034521 1.06504 -0.988284 0.0443374 -0.146042 15.211
-0.146381 -0.0283246 0.988822 77.994 0.0405027 0.99858 0.0345999 1.13267 -0.988399 0.0451148 -0.145026 14.9565
-0.146634 -0.0280276 0.988794 79.7481 0.0407835 0.998577 0.0343529 1.18637 -0.98835 0.0453637 -0.145282 14.7069
-0.148286 -0.0273548 0.988566 81.4963 0.0400441 0.998631 0.03364 1.24652 -0.988133 0.0445746 -0.146987 14.4669
-0.147959 -0.0270205 0.988624 83.2897 0.0393544 0.998674 0.033185 1.3065 -0.98821 0.0438167 -0.146699 14.1958
-0.149547 -0.0268973 0.988389 85.0823 0.0389578 0.998693 0.0330722 1.36058 -0.987987 0.0434513 -0.148303 13.9271
-0.152516 -0.0266482 0.987941 86.8847 0.0383417 0.998724 0.0328582 1.41315 -0.987557 0.0428908 -0.1513 13.6713
-0.151969 -0.0270492 0.988015 88.7093 0.0382768 0.998714 0.0332296 1.46135 -0.987644 0.0428679 -0.150738 13.3895
-0.152608 -0.0275299 0.987903 90.5517 0.0364284 0.998776 0.0334602 1.52838 -0.987615 0.041094 -0.151418 13.1187
-0.156578 -0.0274502 0.987284 92.396 0.0362831 0.998779 0.0335241 1.58 -0.986999 0.0410709 -0.155391 12.8472
-0.157805 -0.0267441 0.987108 94.2619 0.0356939 0.998825 0.0327678 1.64891 -0.986825 0.0404047 -0.156665 12.5629
-0.163766 -0.0261981 0.986151 96.1297 0.0358511 0.998829 0.0324885 1.69582 -0.985847 0.0406751 -0.162635 12.2598
-0.167123 -0.0266121 0.985577 98.0307 0.0344857 0.998866 0.0328187 1.75039 -0.985333 0.0394731 -0.166015 11.9679
-0.171604 -0.0272509 0.984789 99.9477 0.0330646 0.998895 0.0334029 1.81937 -0.984611 0.0382937 -0.170513 11.6585
-0.177785 -0.026836 0.983703 101.856 0.0326476 0.998917 0.0331515 1.87786 -0.983527 0.0380094 -0.176717 11.3359
-0.180383 -0.02626 0.983246 103.772 0.0326373 0.998933 0.0326665 1.93329 -0.983055 0.037983 -0.179333 10.9958
-0.18514 -0.0246683 0.982402 105.682 0.0326936 0.998977 0.0312458 1.97545 -0.982168 0.0379031 -0.184144 10.6565
-0.191885 -0.0238398 0.981128 107.615 0.0322037 0.999013 0.0305727 2.03267 -0.980889 0.0374623 -0.190928 10.3037
-0.195443 -0.0244356 0.98041 109.561 0.0312029 0.999028 0.0311199 2.09128 -0.980218 0.0366738 -0.194491 9.93755
-0.20252 -0.0247848 0.978964 111.519 0.0295445 0.99907 0.0314057 2.15233 -0.978832 0.0352832 -0.201599 9.55465
-0.205396 -0.0266334 0.978316 113.49 0.0300885 0.998985 0.0335132 2.22148 -0.978216 0.0363195 -0.204386 9.16475
-0.210186 -0.0264719 0.977303 115.487 0.0303476 0.998975 0.0335857 2.27283 -0.97719 0.036718 -0.209167 8.76719
-0.217213 -0.0252594 0.975797 117.469 0.0309995 0.998982 0.0327601 2.33229 -0.975632 0.0373652 -0.216209 8.34742
-0.220502 -0.0251056 0.975063 119.472 0.029905 0.999025 0.0324853 2.40412 -0.974928 0.0363224 -0.219536 7.9226
-0.224734 -0.0259641 0.974074 121.494 0.0303793 0.998972 0.0336368 2.45706 -0.973946 0.037151 -0.223714 7.47558
-0.231683 -0.0263892 0.972433 123.482 0.0295372 0.99898 0.0341469 2.51836 -0.972343 0.0366342 -0.230667 7.02262
-0.235141 -0.0255988 0.971624 125.492 0.0288047 0.99903 0.0332918 2.58553 -0.971534 0.0358156 -0.234175 6.55424
-0.24224 -0.0254896 0.969881 127.491 0.0282432 0.999046 0.0333101 2.65933 -0.969805 0.0354616 -0.241289 6.07962
-0.245527 -0.0262314 0.969034 129.515 0.0290733 0.998985 0.0344085 2.72073 -0.968954 0.0366213 -0.244515 5.58131
-0.250071 -0.0302578 0.967754 131.528 0.0294051 0.998813 0.0388273 2.78424 -0.967781 0.0381664 -0.248884 5.07613
-0.255618 -0.0292296 0.966335 133.553 0.0293638 0.998847 0.0379805 2.83141 -0.966332 0.0380838 -0.254465 4.54535
-0.256192 -0.0292612 0.966183 135.606 0.0287646 0.998868 0.0378782 2.89454 -0.966198 0.0374959 -0.25506 4.02542
-0.259998 -0.0300179 0.965142 137.648 0.026859 0.998905 0.0383035 2.94927 -0.965236 0.0358816 -0.258906 3.496
-0.267302 -0.0288024 0.963182 139.669 0.0259928 0.998974 0.0370862 2.9996 -0.963262 0.034949 -0.266279 2.93507
-0.27053 -0.0292594 0.962266 141.781 0.0255418 0.998968 0.0375562 3.06907 -0.962372 0.0347381 -0.269504 2.36583
-0.277894 -0.0310518 0.960109 143.809 0.0251069 0.998901 0.0395733 3.15877 -0.960283 0.0351025 -0.276809 1.79752
-0.27986 -0.0342072 0.959431 145.89 0.0243346 0.998791 0.0427088 3.21774 -0.959732 0.0352999 -0.278689 1.21707
-0.28375 -0.0328252 0.958336 147.991 0.0233195 0.998882 0.0411185 3.29993 -0.958615 0.0340153 -0.282667 0.607293
-0.290306 -0.0307248 0.95644 150.066 0.0252304 0.998891 0.0397467 3.36869 -0.956601 0.0356701 -0.289209 -0.00362933
-0.293208 -0.0312893 0.955536 152.153 0.024831 0.998878 0.040328 3.45186 -0.955726 0.0355514 -0.292102 -0.629447
-0.297668 -0.0317242 0.954142 154.247 0.0250258 0.998845 0.0410179 3.53218 -0.954341 0.0360879 -0.29653 -1.26046
-0.302542 -0.0311503 0.952627 156.365 0.0254007 0.998847 0.0407286 3.60799 -0.952798 0.0365195 -0.301402 -1.90664
-0.304228 -0.0307629 0.952102 158.462 0.0255794 0.998854 0.0404469 3.68921 -0.952256 0.0366593 -0.303092 -2.5555
-0.307615 -0.029477 0.951054 160.57 0.0261087 0.998882 0.0394042 3.76261 -0.951153 0.036952 -0.306501 -3.21942
-0.312802 -0.0286208 0.949387 162.678 0.0262318 0.998904 0.0387564 3.84129 -0.949456 0.0370272 -0.311709 -3.90444
-0.31468 -0.0278568 0.948789 164.789 0.0262786 0.99893 0.0380446 3.91802 -0.948834 0.0369047 -0.313611 -4.5858
-0.319578 -0.0278682 0.94715 166.917 0.0259654 0.998934 0.0381528 3.99486 -0.947204 0.0367859 -0.318513 -5.29225
-0.321742 -0.0281689 0.946408 169.048 0.0258907 0.998921 0.0385338 4.06647 -0.946473 0.0369011 -0.320666 -6.0006
-0.325864 -0.0283442 0.944991 171.178 0.0259886 0.998904 0.038923 4.14226 -0.945059 0.0372426 -0.32477 -6.72125
-0.330637 -0.027248 0.943364 173.322 0.0277443 0.99887 0.0385753 4.20813 -0.94335 0.0389274 -0.329508 -7.43712
-0.331142 -0.0270995 0.943191 175.462 0.0283937 0.998848 0.0386673 4.28535 -0.943154 0.039585 -0.329991 -8.18348
-0.333935 -0.0280118 0.94218 177.612 0.0278477 0.998828 0.039566 4.36101 -0.942185 0.03945 -0.332763 -8.92009
-0.33971 -0.0281536 0.940108 179.778 0.0270097 0.998847 0.0396727 4.44791 -0.940142 0.0388693 -0.338558 -9.67877
-0.340564 -0.0271203 0.93983 181.921 0.0262558 0.998919 0.0383397 4.53316 -0.939855 0.0377331 -0.339484 -10.4274
-0.343911 -0.0260511 0.93864 184.126 0.0256289 0.998982 0.0371161 4.60537 -0.938652 0.0368209 -0.342893 -11.2082
-0.349629 -0.0259998 0.936527 186.301 0.0247857 0.999008 0.0369875 4.70043 -0.93656 0.0361444 -0.348638 -11.994
-0.350961 -0.0251292 0.936052 188.432 0.0233691 0.999093 0.0355836 4.76964 -0.936098 0.0343632 -0.350056 -12.7667
-0.356233 -0.0250781 0.93406 190.625 0.0237298 0.999074 0.0358737 4.83392 -0.934096 0.0349445 -0.355308 -13.572
-0.358617 -0.0261367 0.933119 192.789 0.0232981 0.999045 0.0369373 4.91464 -0.933194 0.0349862 -0.357665 -14.3882
-0.362428 -0.0265629 0.931633 194.98 0.0229891 0.999034 0.037428 4.99346 -0.931728 0.0349823 -0.361467 -15.2193
-0.367184 -0.0278126 0.929732 197.208 0.0230712 0.998972 0.0389956 5.07102 -0.929862 0.0357686 -0.366165 -16.0692
-0.369731 -0.0279161 0.928719 199.372 0.0218975 0.999009 0.0387465 5.16185 -0.92888 0.0346624 -0.368753 -16.9132
-0.373573 -0.0270758 0.927205 201.581 0.0216601 0.999046 0.0379006 5.24568 -0.927348 0.034242 -0.37263 -17.7913
-0.378136 -0.0261785 0.925379 203.813 0.0216043 0.999078 0.0370915 5.30994 -0.925498 0.0340178 -0.377222 -18.6652
-0.379534 -0.0259827 0.924812 206.003 0.022046 0.999067 0.0371164 5.38097 -0.924915 0.0344754 -0.378608 -19.5492
-0.383791 -0.0263214 0.923044 208.218 0.0226605 0.999024 0.03791 5.45336 -0.923142 0.0354662 -0.38282 -20.4492
-0.384268 -0.0253494 0.922873 210.413 0.0227765 0.999058 0.0369258 5.53934 -0.922941 0.0352092 -0.383328 -21.3561
-0.386798 -0.0251331 0.921822 212.627 0.0236347 0.99903 0.0371553 5.61473 -0.921861 0.0361586 -0.385828 -22.2676
-0.392015 -0.0258395 0.919595 214.824 0.0230374 0.999016 0.0378918 5.69188 -0.91967 0.0360393 -0.391034 -23.1999
-0.393323 -0.0254113 0.919049 217.011 0.022671 0.999046 0.0373256 5.76881 -0.919121 0.0355167 -0.392371 -24.124
-0.396161 -0.0250129 0.91784 219.203 0.0221475 0.999077 0.0367862 5.83964 -0.917914 0.0349011 -0.395241 -25.059
-0.401091 -0.0245996 0.915708 221.426 0.0213649 0.999116 0.0361984 5.90075 -0.915789 0.0340829 -0.40021 -26.0198
-0.403773 -0.0254788 0.914504 223.585 0.0197649 0.999135 0.0365634 5.9769 -0.914645 0.0328383 -0.40292 -26.9448
-0.406979 -0.024966 0.913096 225.793 0.0197499 0.999152 0.0361217 6.04638 -0.913224 0.0327343 -0.406141 -27.9216
-0.411304 -0.0252941 0.911147 228.014 0.0213017 0.999075 0.0373509 6.10629 -0.911249 0.0347715 -0.410385 -28.9111
-0.412778 -0.029612 0.91035 230.182 0.0204713 0.998917 0.0417752 6.18936 -0.910601 0.03588 -0.411725 -29.873
-0.416808 -0.0306549 0.908477 232.415 0.0199792 0.99888 0.0428718 6.2857 -0.908775 0.03602 -0.415729 -30.8863
-0.41809 -0.0305329 0.907892 234.591 0.0193648 0.998908 0.0425115 6.37544 -0.908199 0.0353547 -0.417042 -31.8591
-0.421227 -0.0303617 0.906446 236.784 0.018746 0.998934 0.0421709 6.47198 -0.906761 0.0347558 -0.420209 -32.8566
-0.426815 -0.0309534 0.903809 238.989 0.018017 0.998924 0.0427193 6.56601 -0.904159 0.0345172 -0.425798 -33.8787
-0.428193 -0.0308906 0.903159 241.153 0.0177003 0.998937 0.0425583 6.65516 -0.903514 0.0342094 -0.427191 -34.8824
-0.431819 -0.0312534 0.901418 243.336 0.017305 0.998928 0.042924 6.74446 -0.901794 0.0341345 -0.430815 -35.9073
-0.437447 -0.0324695 0.898657 245.519 0.0163445 0.998895 0.0440475 6.82541 -0.899095 0.0339566 -0.436433 -36.9384
-0.439761 -0.0320968 0.89754 247.697 0.0157057 0.998933 0.0434179 6.93061 -0.897977 0.0331901 -0.438788 -37.9876
-0.443627 -0.0321168 0.895635 249.859 0.0158503 0.99892 0.0436715 7.01537 -0.896071 0.03357 -0.442639 -39.032
-0.449111 -0.0323014 0.892892 252.015 0.0159362 0.998897 0.044152 7.10788 -0.893334 0.0340585 -0.448101 -40.0853
-0.451672 -0.0324459 0.891593 254.16 0.0155792 0.998899 0.0442431 7.19706 -0.892048 0.0338736 -0.450669 -41.1524
-0.456598 -0.0328095 0.889068 256.32 0.0143749 0.998917 0.0442458 7.28358 -0.889557 0.0329828 -0.455632 -42.2349
-0.458 -0.0325456 0.888356 258.465 0.0143891 0.998927 0.0440149 7.38081 -0.888836 0.0329415 -0.45704 -43.3351
-0.461399 -0.0322091 0.886607 260.619 0.0144911 0.998933 0.0438311 7.47481 -0.887074 0.0330716 -0.460441 -44.4335
-0.466065 -0.0316216 0.884185 262.784 0.0146866 0.998947 0.0434674 7.55474 -0.884629 0.0332443 -0.465109 -45.5348
-0.468213 -0.0307039 0.883081 264.914 0.0150867 0.998972 0.0427324 7.64517 -0.883487 0.0333307 -0.467269 -46.6579
-0.471115 -0.0304962 0.881544 267.055 0.015266 0.99897 0.0427169 7.74763 -0.881939 0.0335822 -0.470165 -47.7845
-0.475324 -0.030923 0.879267 269.217 0.0135626 0.999005 0.0424659 7.83497 -0.879706 0.0321103 -0.474432 -48.9227
-0.47565 -0.033149 0.879009 271.34 0.012146 0.998946 0.0442445 7.92772 -0.87955 0.0317214 -0.474747 -50.0624
-0.480181 -0.0328692 0.876553 273.509 0.0126392 0.998934 0.0443822 8.028 -0.877078 0.0323904 -0.479254 -51.2301
-0.481846 -0.0323768 0.875657 275.659 0.0131515 0.998937 0.0441718 8.13709 -0.876157 0.0328002 -0.480908 -52.3817
-0.485428 -0.0322716 0.87368 277.827 0.0128681 0.998946 0.0440483 8.23876 -0.874181 0.0326249 -0.484501 -53.5645
-0.492162 -0.0316724 0.869927 279.984 0.0127281 0.998969 0.0435716 8.3315 -0.87041 0.0325168 -0.491252 -54.759
-0.493821 -0.0314259 0.868995 282.157 0.0124249 0.998989 0.0431877 8.43879 -0.869474 0.0321242 -0.492932 -55.9726
-0.498442 -0.031909 0.866335 284.33 0.0114616 0.998992 0.0433894 8.54568 -0.866847 0.0315567 -0.497574 -57.2108
-0.504117 -0.0316941 0.863053 286.515 0.01187 0.998977 0.043619 8.64188 -0.863553 0.0322335 -0.503225 -58.4508
-0.504524 -0.0323994 0.862789 288.709 0.0129339 0.9989 0.0450739 8.73946 -0.8633 0.0339001 -0.50355 -59.7188
-0.506468 -0.0330519 0.861624 290.891 0.0131356 0.998853 0.0460372 8.84174 -0.862158 0.0346343 -0.505454 -60.9785
-0.509896 -0.0337064 0.859575 293.074 0.0129471 0.998818 0.0468467 8.95084 -0.860138 0.0350159 -0.508857 -62.2462
-0.510568 -0.0340539 0.859162 295.297 0.0125957 0.998812 0.0470742 9.0654 -0.859745 0.0348564 -0.509533 -63.5362
-0.514609 -0.034895 0.856714 297.504 0.0123076 0.998768 0.0480739 9.17514 -0.857336 0.0352833 -0.513545 -64.8335
-0.515172 -0.03536 0.856357 299.714 0.0123558 0.998738 0.0486722 9.28486 -0.856998 0.0356555 -0.514085 -66.1559
-0.516836 -0.0350008 0.855368 301.931 0.0119792 0.99877 0.0481069 9.40675 -0.856 0.0351101 -0.515781 -67.4776
-0.521848 -0.0346442 0.852334 304.168 0.0118331 0.998784 0.0478418 9.53008 -0.852956 0.0350519 -0.520804 -68.8311
-0.52174 -0.0350517 0.852384 306.37 0.0113043 0.998783 0.0479913 9.65692 -0.853029 0.0346745 -0.520709 -70.1385
-0.526037 -0.0351445 0.849734 308.62 0.010727 0.998792 0.0479501 9.77762 -0.850394 0.0343386 -0.525025 -71.4897
-0.533366 -0.0360463 0.845116 310.88 0.00941691 0.998776 0.0485435 9.91321 -0.845832 0.0338498 -0.532373 -72.863
-0.536231 -0.0374086 0.843241 313.146 0.00886141 0.998712 0.0499409 10.0336 -0.844024 0.0342522 -0.535209 -74.2715
-0.540474 -0.0373075 0.840533 315.394 0.00879281 0.998711 0.0499822 10.1566 -0.841315 0.0344047 -0.539449 -75.6736
-0.54718 -0.0387295 0.836118 317.644 0.00931908 0.998585 0.0523538 10.273 -0.836963 0.0364388 -0.546045 -77.0961
-0.548712 -0.037895 0.835151 319.867 0.0101714 0.998595 0.0519941 10.4033 -0.835949 0.0370245 -0.547556 -78.5291
-0.555094 -0.0380182 0.830917 322.1 0.0106946 0.998546 0.0528325 10.5357 -0.831718 0.0382134 -0.553881 -79.9811
-0.555918 -0.0387365 0.830334 324.335 0.011381 0.998465 0.0541998 10.6674 -0.831159 0.0395806 -0.554624 -81.4601
-0.56077 -0.039812 0.827013 326.573 0.0100579 0.998441 0.0548844 10.7878 -0.82791 0.0390955 -0.559496 -82.946
-0.565722 -0.0406688 0.823592 328.8 0.00834784 0.998449 0.0550373 10.9225 -0.824553 0.038011 -0.564505 -84.4511
-0.567417 -0.0413389 0.822392 331.026 0.00807808 0.998411 0.0557604 11.0628 -0.82339 0.0382827 -0.566182 -85.9545
-0.570516 -0.040895 0.820267 333.244 0.0100746 0.998335 0.0567799 11.1949 -0.821225 0.0406577 -0.569154 -87.4701
-0.577922 -0.0424036 0.814989 335.433 0.00851191 0.998281 0.0579762 11.3312 -0.816048 0.0404428 -0.576567 -89.0029
-0.578313 -0.0450404 0.81457 337.672 0.00656958 0.998185 0.0598574 11.4747 -0.815788 0.0399677 -0.576968 -90.5357
-0.582209 -0.0462614 0.811721 339.902 0.0061944 0.998098 0.0613263 11.6282 -0.813015 0.0407328 -0.580815 -92.1048
-0.587684 -0.0476181 0.807687 342.101 0.00578333 0.997993 0.0630459 11.7852 -0.809069 0.0417222 -0.58623 -93.6715
-0.587237 -0.0487262 0.807946 344.306 0.00415644 0.997991 0.0632087 11.9388 -0.809404 0.0404767 -0.585855 -95.2508
-0.591319 -0.0500611 0.804882 346.499 0.000597584 0.998043 0.0625143 12.106 -0.806437 0.0374468 -0.590132 -96.8501
-0.592288 -0.0477123 0.804312 348.698 -3.90247e-06 0.998245 0.0592137 12.2515 -0.805726 0.0350684 -0.591249 -98.4333
-0.595127 -0.0491192 0.802128 350.897 -0.000472195 0.998151 0.0607726 12.405 -0.803631 0.0357887 -0.59405 -100.033
-0.601309 -0.0501719 0.797439 353.081 -0.000719712 0.99806 0.0622516 12.5531 -0.799016 0.0368585 -0.600179 -101.63
-0.60335 -0.0507443 0.79586 355.267 -0.00110402 0.998025 0.0627975 12.7008 -0.797475 0.0370103 -0.602215 -103.266
-0.606625 -0.053432 0.79319 357.438 -0.00341118 0.997904 0.0646134 12.8528 -0.794981 0.0364904 -0.605536 -104.895
-0.611797 -0.0559173 0.789035 359.612 -0.00522647 0.997762 0.0666569 13.0238 -0.790997 0.0366566 -0.61072 -106.522
-0.613763 -0.059068 0.787277 361.772 -0.00756182 0.997591 0.0689523 13.1899 -0.789454 0.0363671 -0.612731 -108.185
-0.616701 -0.0596478 0.784934 363.916 -0.00871951 0.997581 0.0689565 13.3562 -0.787149 0.0356813 -0.61573 -109.826
-0.620412 -0.059704 0.781999 366.043 -0.0088942 0.997569 0.069106 13.5253 -0.784225 0.0359189 -0.619436 -111.472
-0.621917 -0.0601619 0.780768 368.192 -0.00929742 0.997541 0.0694595 13.6954 -0.783028 0.0359389 -0.620947 -113.16
-0.627778 -0.0605815 0.776031 370.292 -0.00957792 0.997492 0.0701219 13.8703 -0.778333 0.0365882 -0.626784 -114.815
-0.628527 -0.0620987 0.775304 372.444 -0.012721 0.997494 0.0695826 14.0236 -0.777683 0.0338719 -0.627743 -116.514
-0.630801 -0.0658114 0.773148 374.567 -0.0214338 0.997494 0.0674206 14.1684 -0.775648 0.0259575 -0.630631 -118.192
-0.633694 -0.061234 0.771156 376.69 -0.0279197 0.998022 0.0563056 14.357 -0.77308 0.01415 -0.634151 -119.878
-0.634563 -0.0538217 0.770994 378.765 -0.0211535 0.998407 0.0522868 14.46 -0.772581 0.01687 -0.634691 -121.562
-0.636305 -0.0546095 0.769502 380.858 -0.0159369 0.998208 0.0576621 14.569 -0.771273 0.0244272 -0.636036 -123.268
-0.639549 -0.0665275 0.765865 383.007 -0.0177015 0.997258 0.0718458 14.733 -0.768546 0.0323919 -0.638974 -125.023
-0.641794 -0.0762654 0.763074 385.064 -0.0214201 0.996436 0.0815732 14.9223 -0.766577 0.0360081 -0.641142 -126.716
-0.646029 -0.082945 0.758792 387.166 -0.0268856 0.995933 0.0859773 15.1539 -0.762839 0.0351432 -0.645632 -128.465
-0.647194 -0.0853156 0.757535 389.227 -0.0285848 0.995734 0.0877211 15.3618 -0.761789 0.0351186 -0.646872 -130.18
-0.650091 -0.0811412 0.755511 391.285 -0.023948 0.995975 0.0863605 15.5603 -0.759479 0.0380492 -0.649418 -131.922
-0.653425 -0.0751517 0.75325 393.337 -0.0180143 0.996321 0.0837759 15.7521 -0.756776 0.041172 -0.652376 -133.665
-0.655338 -0.0722351 0.751873 395.342 -0.0178978 0.996621 0.0801491 15.9459 -0.755123 0.0390679 -0.654418 -135.387
-0.658262 -0.0726101 0.749278 397.378 -0.0180341 0.996572 0.0807311 16.1485 -0.752572 0.0396297 -0.657316 -137.145
-0.662597 -0.0727278 0.745435 399.418 -0.0175454 0.996508 0.0816279 16.3476 -0.74877 0.0410075 -0.66156 -138.91
-0.664691 -0.073882 0.743455 401.397 -0.0176838 0.996375 0.0832059 16.5407 -0.746909 0.0421591 -0.663589 -140.647
-0.666722 -0.0736056 0.741661 403.405 -0.0174547 0.99638 0.0831939 16.7469 -0.745101 0.0425218 -0.665594 -142.426
-0.66952 -0.0728735 0.739209 405.427 -0.0164553 0.996386 0.0833229 16.97 -0.742611 0.0436225 -0.668301 -144.229
-0.670315 -0.0728325 0.738493 407.394 -0.0161119 0.996365 0.0836403 17.163 -0.741902 0.0441668 -0.669052 -145.999
-0.674798 -0.0807426 0.733571 409.372 -0.0169218 0.995427 0.0939988 17.391 -0.737808 0.0510169 -0.67308 -147.789
-0.675934 -0.0887166 0.731602 411.304 -0.0173145 0.994364 0.104583 17.645 -0.736758 0.058024 -0.673662 -149.552
-0.677057 -0.0955519 0.7297 413.274 -0.0178018 0.99337 0.113561 17.94 -0.735715 0.0638977 -0.674271 -151.356
-0.681879 -0.103813 0.72406 415.222 -0.0202885 0.99218 0.123148 18.2423 -0.731183 0.0692819 -0.678654 -153.156
-0.684363 -0.112017 0.720485 417.106 -0.0228143 0.990933 0.132394 18.5621 -0.728784 0.0741684 -0.680715 -154.917
-0.686562 -0.111493 0.71847 419.03 -0.0242414 0.991132 0.13064 18.896 -0.726666 0.0722758 -0.683178 -156.718
-0.687851 -0.112978 0.717004 420.997 -0.0247413 0.990887 0.132398 19.225 -0.72543 0.0733306 -0.684379 -158.571
-0.688482 -0.113822 0.716264 422.893 -0.0261356 0.990859 0.132337 19.5505 -0.724782 0.0723915 -0.685165 -160.358
-0.689967 -0.112591 0.71503 424.824 -0.0269359 0.991137 0.130076 19.879 -0.723339 0.0704881 -0.686886 -162.185
-0.692203 -0.114799 0.712513 426.755 -0.0274012 0.990735 0.133006 20.2131 -0.721182 0.0725433 -0.688937 -164.029
-0.692718 -0.115972 0.711822 428.628 -0.0264752 0.990409 0.135596 20.533 -0.720722 0.0750842 -0.689146 -165.827
-0.695579 -0.120048 0.708348 430.527 -0.0273792 0.989653 0.140837 20.8664 -0.717927 0.0785691 -0.69167 -167.675
-0.693413 -0.122884 0.709983 432.424 -0.0214923 0.988438 0.150089 21.2097 -0.720219 0.0888146 -0.688038 -169.506
-0.692791 -0.124315 0.710342 434.326 -0.0177044 0.987663 0.155582 21.5737 -0.720921 0.0952094 -0.686446 -171.35
-0.69255 -0.125218 0.710418 436.225 -0.0218952 0.988013 0.152802 21.9577 -0.721037 0.0902686 -0.686991 -173.189
-0.689834 -0.12853 0.712466 438.165 -0.0308225 0.988435 0.148472 22.3532 -0.723311 0.0804608 -0.685818 -175.034
-0.687587 -0.130702 0.714241 440.089 -0.0346651 0.988452 0.147509 22.7276 -0.725274 0.0766663 -0.684178 -176.845
-0.685169 -0.133433 0.716057 441.974 -0.0338172 0.987844 0.15172 23.0936 -0.727598 0.0797388 -0.681353 -178.633
-0.681631 -0.134945 0.719143 443.908 -0.0323248 0.987439 0.154652 23.4797 -0.730981 0.0821694 -0.677432 -180.455
-0.678966 -0.134826 0.721682 445.829 -0.0311436 0.987396 0.155166 23.8697 -0.733508 0.082877 -0.674609 -182.255
-0.678838 -0.135692 0.721641 447.747 -0.0328436 0.987404 0.154769 24.2548 -0.733553 0.0813617 -0.674744 -184.033
-0.674381 -0.140749 0.724844 449.69 -0.0389855 0.987081 0.155398 24.6466 -0.737353 0.0765393 -0.671157 -185.812
-0.674292 -0.146824 0.72372 451.623 -0.0468803 0.986568 0.15647 25.0512 -0.736975 0.0715785 -0.67212 -187.565
-0.672164 -0.149865 0.725075 453.588 -0.0528194 0.98651 0.154936 25.4346 -0.738515 0.0658444 -0.671014 -189.345
-0.671543 -0.150521 0.725515 455.541 -0.053629 0.986454 0.155018 25.8212 -0.739022 0.0651923 -0.67052 -191.118
-0.671679 -0.151289 0.72523 457.481 -0.0525252 0.986187 0.15708 26.2053 -0.738978 0.0674144 -0.670348 -192.886
-0.670426 -0.15276 0.72608 459.447 -0.0506669 0.985717 0.160603 26.6067 -0.740244 0.0708839 -0.668591 -194.685
-0.669296 -0.155061 0.726634 461.396 -0.0508665 0.985247 0.163396 27.028 -0.741252 0.0723992 -0.667311 -196.452
-0.669783 -0.155679 0.726053 463.361 -0.0541833 0.985415 0.161306 27.4394 -0.740577 0.0687003 -0.66845 -198.22
-0.667153 -0.156014 0.728399 465.285 -0.0547168 0.985443 0.160953 27.8462 -0.742908 0.0675247 -0.665979 -199.969
-0.6653 -0.157181 0.729842 467.243 -0.0553205 0.985277 0.161764 28.2452 -0.744523 0.0672463 -0.664201 -201.731
-0.668626 -0.156391 0.726966 469.203 -0.0529312 0.985162 0.163252 28.6651 -0.741712 0.0706757 -0.666984 -203.525
-0.666684 -0.155214 0.728999 471.137 -0.047413 0.984926 0.166344 29.0705 -0.743831 0.0763349 -0.663994 -205.254
-0.66674 -0.157341 0.728491 473.099 -0.0492661 0.984627 0.167572 29.4925 -0.743659 0.075837 -0.664243 -207.03
-0.664138 -0.158398 0.730637 475.054 -0.0496509 0.984484 0.168299 29.9137 -0.745959 0.0754968 -0.661698 -208.79
-0.66265 -0.161617 0.731282 477.028 -0.0501961 0.983826 0.171945 30.3542 -0.747245 0.0772319 -0.660046 -210.55
-0.663342 -0.16281 0.73039 478.975 -0.05141 0.983653 0.172574 30.7889 -0.746548 0.0769261 -0.660869 -212.269
-0.662073 -0.163466 0.731394 480.955 -0.0531399 0.983704 0.171754 31.2362 -0.747553 0.0748476 -0.659972 -214.035
-0.661503 -0.163443 0.731915 482.913 -0.0542354 0.983831 0.17068 31.6765 -0.747978 0.0732097 -0.659673 -215.787
-0.661593 -0.16556 0.731357 484.875 -0.055439 0.983451 0.172477 32.1059 -0.747811 0.0735637 -0.659824 -217.531
-0.659257 -0.167966 0.732917 486.846 -0.0561019 0.983 0.174816 32.5587 -0.749822 0.0741307 -0.657474 -219.282
-0.659074 -0.16897 0.73285 488.818 -0.0568731 0.982841 0.175461 33.001 -0.749924 0.0739626 -0.657376 -221.028
-0.661192 -0.170059 0.730687 490.771 -0.0581063 0.982651 0.176121 33.4456 -0.747962 0.073992 -0.659604 -222.748
-0.660547 -0.171147 0.731017 492.725 -0.0583195 0.982424 0.17731 33.9066 -0.748516 0.0744889 -0.658919 -224.489
-0.662353 -0.171124 0.729386 494.679 -0.0582599 0.98238 0.177575 34.356 -0.746923 0.0751231 -0.660653 -226.234
-0.661312 -0.172251 0.730065 496.632 -0.0582023 0.982125 0.179001 34.8171 -0.747849 0.0758843 -0.659517 -227.984
-0.661641 -0.172938 0.729604 498.588 -0.0592096 0.98205 0.179081 35.2765 -0.747479 0.0752875 -0.660005 -229.725
-0.662532 -0.17518 0.728259 500.545 -0.0611654 0.981672 0.180492 35.7293 -0.746532 0.0750374 -0.661105 -231.462
-0.661909 -0.174568 0.728973 502.506 -0.0606485 0.981787 0.18004 36.1847 -0.747127 0.0749591 -0.660441 -233.22
-0.66165 -0.174513 0.729221 504.464 -0.0607542 0.981817 0.179838 36.6457 -0.747347 0.0746865 -0.660223 -234.963
-0.663198 -0.177604 0.727065 506.416 -0.0628913 0.981224 0.182323 37.1083 -0.745797 0.07519 -0.661916 -236.714
-0.661295 -0.178866 0.728488 508.361 -0.0631605 0.980982 0.183527 37.5821 -0.747462 0.0753539 -0.660017 -238.465
-0.662739 -0.177591 0.727487 510.318 -0.0620309 0.981152 0.183004 38.0516 -0.746277 0.0761575 -0.661264 -240.214
-0.661723 -0.178549 0.728177 512.269 -0.0632103 0.981056 0.183113 38.5154 -0.747079 0.0751421 -0.660475 -241.966
-0.66169 -0.17937 0.728005 514.229 -0.0641877 0.980949 0.183351 38.9852 -0.747025 0.0745926 -0.660598 -243.716
-0.661866 -0.18042 0.727586 516.139 -0.0647658 0.980737 0.184278 39.4356 -0.746819 0.0748447 -0.660802 -245.412
-0.660423 -0.181733 0.72857 518.105 -0.0654907 0.980513 0.185212 39.9215 -0.748033 0.0746039 -0.659455 -247.181
-0.659191 -0.18135 0.72978 520.053 -0.0657344 0.980665 0.184319 40.3955 -0.749097 0.0735296 -0.658366 -248.925
-0.660313 -0.180917 0.728872 521.996 -0.0663042 0.980802 0.183382 40.8688 -0.748057 0.0727625 -0.659633 -250.651
-0.658469 -0.181374 0.730425 523.949 -0.0667626 0.980776 0.183354 41.3376 -0.749641 0.0719679 -0.657921 -252.399
-0.658752 -0.18251 0.729887 525.894 -0.0658775 0.980396 0.185693 41.816 -0.749471 0.0742427 -0.657861 -254.13
-0.659861 -0.184089 0.728487 527.816 -0.0677622 0.980151 0.186305 42.2786 -0.748326 0.0735716 -0.659238 -255.823
-0.657364 -0.183815 0.73081 529.811 -0.0680519 0.980311 0.185357 42.7519 -0.750494 0.0721141 -0.656931 -257.584
-0.657453 -0.183281 0.730864 531.757 -0.0670138 0.980344 0.185561 43.2314 -0.750509 0.0730201 -0.656814 -259.318
-0.658669 -0.184113 0.729559 533.692 -0.0671801 0.980117 0.186693 43.6949 -0.749428 0.0739568 -0.657942 -261.04
-0.657701 -0.185048 0.730195 535.685 -0.0669895 0.979883 0.187986 44.1674 -0.750295 0.0747233 -0.656867 -262.805
-0.660917 -0.184787 0.727352 537.613 -0.068797 0.980047 0.186472 44.6321 -0.747299 0.0732025 -0.660443 -264.522
-0.660121 -0.183993 0.728276 539.578 -0.0698744 0.980373 0.184349 45.1045 -0.747903 0.0708046 -0.660022 -266.271
-0.660087 -0.184131 0.728271 541.521 -0.0692207 0.980276 0.185106 45.5677 -0.747993 0.0717748 -0.659815 -268.002
-0.662751 -0.18755 0.724972 543.466 -0.0693063 0.979335 0.189995 46.0572 -0.745626 0.0756743 -0.662054 -269.754
-0.661619 -0.190638 0.7252 545.388 -0.0703915 0.97866 0.193046 46.5367 -0.746529 0.0766752 -0.660921 -271.492
-0.662083 -0.189491 0.725078 547.348 -0.0689771 0.978806 0.192816 47.0188 -0.74625 0.0776463 -0.661122 -273.252
-0.663732 -0.188704 0.723774 549.277 -0.0687805 0.978949 0.192159 47.5182 -0.744802 0.0777604 -0.66274 -274.991
-0.662257 -0.187903 0.725332 551.233 -0.0672719 0.979045 0.192207 48.0111 -0.746251 0.0784959 -0.661021 -276.753
-0.665073 -0.189237 0.722402 553.181 -0.0681839 0.978706 0.193604 48.511 -0.743659 0.0795045 -0.663815 -278.529
-0.664033 -0.189875 0.723192 555.146 -0.0667383 0.978408 0.195603 49.0104 -0.744719 0.0816226 -0.662368 -280.324
-0.66333 -0.191997 0.723277 557.09 -0.0692376 0.978125 0.196149 49.5093 -0.745118 0.0800335 -0.662114 -282.077
-0.664145 -0.192023 0.722521 559.028 -0.0700711 0.978184 0.195561 50.0186 -0.744313 0.0792526 -0.663112 -283.839
-0.661674 -0.194841 0.724033 560.964 -0.0721801 0.977712 0.197145 50.5152 -0.74631 0.0781849 -0.660991 -285.596
-0.661389 -0.195608 0.724086 562.905 -0.0732155 0.97762 0.197223 51.0264 -0.746461 0.0774271 -0.66091 -287.343
-0.661181 -0.198202 0.72357 564.822 -0.0764834 0.977252 0.197803 51.5194 -0.746318 0.0754423 -0.661301 -289.066
-0.66004 -0.199458 0.724266 566.783 -0.0770497 0.976997 0.198842 52.0236 -0.747269 0.075439 -0.660226 -290.834
-0.660771 -0.199811 0.723502 568.704 -0.0779691 0.976972 0.198603 52.5214 -0.746527 0.0748206 -0.661135 -292.565
-0.660351 -0.197792 0.72444 570.657 -0.0758054 0.977319 0.197736 53.03 -0.747121 0.0756588 -0.660368 -294.337
-0.659599 -0.197171 0.725294 572.607 -0.0743573 0.977361 0.198073 53.5317 -0.747931 0.0767178 -0.659328 -296.087
-0.659459 -0.198365 0.725096 574.512 -0.0743602 0.977038 0.19966 54.0343 -0.748054 0.0777493 -0.659068 -297.79
-0.657505 -0.198659 0.726787 576.475 -0.0745693 0.977035 0.1996 54.5365 -0.74975 0.0770421 -0.65722 -299.537
-0.65656 -0.19866 0.72764 578.359 -0.0748212 0.977086 0.199252 55.0214 -0.750553 0.0763781 -0.656381 -301.233
-0.655232 -0.198768 0.728808 580.336 -0.0750584 0.977118 0.199009 55.5324 -0.75169 0.0756941 -0.655159 -302.982
-0.655099 -0.19894 0.72888 582.283 -0.075016 0.97707 0.199259 56.0365 -0.751809 0.0758569 -0.655003 -304.698
-0.654428 -0.199382 0.729362 584.229 -0.0753082 0.976997 0.199506 56.5357 -0.752364 0.0756356 -0.654391 -306.431
-0.654568 -0.200348 0.728972 586.125 -0.0755814 0.976756 0.200581 57.0356 -0.752215 0.0761974 -0.654497 -308.115
-0.65332 -0.202015 0.729631 588.125 -0.0764932 0.976423 0.201852 57.561 -0.753208 0.076062 -0.65337 -309.864
-0.652895 -0.202899 0.729766 590.055 -0.0779443 0.976336 0.20172 58.0697 -0.753428 0.0748206 -0.65326 -311.568
-0.652142 -0.202614 0.730518 592.021 -0.0780571 0.976446 0.201141 58.5901 -0.754067 0.0741507 -0.652598 -313.309
-0.65294 -0.202761 0.729764 593.979 -0.0775453 0.976333 0.201888 59.1068 -0.753429 0.0752309 -0.653211 -315.039
-0.654499 -0.203767 0.728085 595.901 -0.0768898 0.975942 0.204015 59.6041 -0.752143 0.0775456 -0.654422 -316.728
-0.652472 -0.205161 0.729511 597.869 -0.0766609 0.975585 0.2058 60.1418 -0.753925 0.0783536 -0.652271 -318.475
-0.651839 -0.204894 0.730153 599.815 -0.076738 0.975687 0.205289 60.6568 -0.754465 0.0777847 -0.651715 -320.189
-0.652849 -0.203396 0.729669 601.722 -0.0768826 0.976092 0.203298 61.165 -0.753576 0.0766244 -0.65288 -321.865
-0.651943 -0.202521 0.730721 603.699 -0.0767817 0.97635 0.202094 61.6928 -0.75437 0.0756481 -0.652076 -323.604
-0.651752 -0.203375 0.730655 605.593 -0.0769422 0.976135 0.20307 62.2035 -0.754519 0.0761331 -0.651847 -325.272
-0.651631 -0.204576 0.730428 607.601 -0.0760929 0.975716 0.205391 62.7302 -0.75471 0.078259 -0.651374 -327.033
-0.651823 -0.205908 0.729881 609.565 -0.0759591 0.97532 0.207313 63.2488 -0.754557 0.0796906 -0.651378 -328.762
-0.652109 -0.206493 0.72946 611.495 -0.0760605 0.975155 0.208048 63.7733 -0.7543 0.0801873 -0.651615 -330.457
-0.651661 -0.207007 0.729715 613.458 -0.0768465 0.975106 0.207993 64.3109 -0.754607 0.0794649 -0.651347 -332.195
-0.651392 -0.207526 0.729808 615.401 -0.0769699 0.974979 0.208542 64.8388 -0.754827 0.0796693 -0.651067 -333.901
-0.650457 -0.208134 0.730468 617.317 -0.0771944 0.974856 0.209029 65.3644 -0.755609 0.0795768 -0.650171 -335.591
-0.649684 -0.209388 0.730798 619.302 -0.077401 0.974542 0.210415 65.911 -0.756253 0.0801392 -0.649352 -337.338
-0.649455 -0.21009 0.7308 621.258 -0.0776451 0.974372 0.21111 66.4476 -0.756425 0.0803634 -0.649124 -339.054
-0.649722 -0.210725 0.730379 623.178 -0.0767794 0.974087 0.212738 66.9729 -0.756284 0.0821426 -0.649067 -340.735
-0.648532 -0.211411 0.731239 625.185 -0.0761953 0.97386 0.213979 67.5251 -0.757364 0.0830556 -0.647689 -342.49
-0.648244 -0.211442 0.731485 627.099 -0.0755876 0.973794 0.214497 68.0588 -0.757671 0.0837555 -0.647239 -344.149
-0.647079 -0.213823 0.731824 629.086 -0.0748477 0.973046 0.218122 68.6134 -0.75874 0.0863669 -0.645643 -345.887
-0.646991 -0.213835 0.731898 631.037 -0.0745829 0.973015 0.21835 69.1611 -0.758841 0.0866837 -0.645481 -347.582
-0.647053 -0.213908 0.731822 632.963 -0.0748953 0.973026 0.218192 69.6956 -0.758757 0.0863717 -0.645622 -349.254
-0.645868 -0.21202 0.733416 634.93 -0.0722674 0.973327 0.217734 70.2592 -0.76002 0.0876257 -0.643965 -350.976
-0.645398 -0.213113 0.733513 636.897 -0.0722392 0.973015 0.219136 70.8105 -0.760422 0.0884414 -0.643379 -352.657
-0.644959 -0.213374 0.733824 638.816 -0.0713369 0.972847 0.220176 71.3648 -0.76088 0.0896558 -0.642669 -354.32
-0.643893 -0.213969 0.734586 640.809 -0.0707807 0.97264 0.221266 71.9291 -0.761834 0.0904775 -0.641422 -356.031
-0.6432 -0.214294 0.735098 642.715 -0.0705341 0.972537 0.221796 72.4702 -0.762442 0.0908097 -0.640652 -357.675
-0.64271 -0.214929 0.735342 644.727 -0.0700048 0.9723 0.223002 73.049 -0.762904 0.0918479 -0.639954 -359.406
-0.642572 -0.21461 0.735555 646.617 -0.068092 0.972169 0.224161 73.579 -0.763193 0.0939545 -0.639303 -361.039
