1 0 0 0 0 1 0 0 0 0 1 0
0.999048 -7.6858e-05 0.0436779 0.0326972 5.54179e-05 1 0.000492465 -0.00975838 -0.043677 -0.000489454 0.999047 0.996273
0.995921 -0.000174197 0.0902314 0.109854 8.56792e-05 1 0.000984306 -0.0227594 -0.0902316 -0.000972574 0.995922 2.0187
0.990891 -0.000632932 0.134682 0.233691 0.00104581 0.999994 -0.00299448 -0.0364461 -0.134678 0.00310813 0.990885 2.9801
0.983198 0.00463921 0.182488 0.392629 -0.00343971 0.999974 -0.00688997 -0.0707204 -0.182514 0.00614656 0.983188 3.98627
0.97385 0.00387323 0.227172 0.600273 -0.00266564 0.999981 -0.00562249 -0.113561 -0.227188 0.00487004 0.973839 4.93345
0.96207 0.00380561 0.272786 0.856002 -0.0024943 0.999987 -0.00515431 -0.115847 -0.2728 0.00427828 0.962066 5.88988
0.947878 0.0035911 0.318623 1.17332 -0.0013787 0.999975 -0.00716888 -0.15136 -0.31864 0.00635602 0.947857 6.86322
0.933103 0.00285571 0.359608 1.5058 0.000488594 0.999958 -0.00920943 -0.203303 -0.359617 0.00876909 0.933062 7.74902
0.915445 0.0029198 0.40244 1.8851 0.000769373 0.999961 -0.00900527 -0.188337 -0.402449 0.00855369 0.915405 8.65866
0.895113 0.00230565 0.445845 2.32302 0.0013646 0.999969 -0.00791133 -0.207029 -0.445847 0.00768989 0.89508 9.56678
0.873531 0.00188908 0.486774 2.77081 0.00179448 0.999975 -0.00710083 -0.223923 -0.486774 0.00707635 0.873504 10.4166
0.848212 0.00140092 0.529667 3.30211 0.00273093 0.999973 -0.00701846 -0.23646 -0.52966 0.00739952 0.848183 11.2766
0.822929 0.001166 0.568151 3.83086 0.00291646 0.999978 -0.00627648 -0.252214 -0.568144 0.00682224 0.822906 12.065
0.795418 0.00060159 0.606073 4.41232 0.00343977 0.999981 -0.00550726 -0.281374 -0.606062 0.00646518 0.795399 12.8425
0.765519 0.00077049 0.643422 5.03065 0.00374885 0.999979 -0.00565756 -0.267298 -0.643411 0.00674317 0.765498 13.6108
0.735261 -0.000731117 0.677798 5.66139 0.00389756 0.999989 -0.00314962 -0.299075 -0.677788 0.00495735 0.735252 14.3183
0.702949 3.44999e-06 0.711248 6.33235 0.00304363 0.999993 -0.00301266 -0.309277 -0.711241 0.00428259 0.702942 15.002
0.667709 -0.000219712 0.744437 7.06321 0.0032884 0.999993 -0.0026546 -0.312164 -0.74443 0.00422022 0.667701 15.6694
0.631208 -0.0010644 0.775622 7.8076 0.00399573 0.999993 -0.00187925 -0.358064 -0.775613 0.00428545 0.631205 16.301
0.594328 -0.00174132 0.804237 8.57544 0.00457298 0.999992 -0.00121469 -0.348743 -0.804226 0.00439929 0.594328 16.8662
0.556699 -0.00523218 0.830709 9.34561 0.0103754 0.999949 -0.000654534 -0.353733 -0.830662 0.00898325 0.556721 17.4141
0.517581 -0.00226575 0.855649 10.1524 0.0115363 0.999928 -0.00433112 -0.382744 -0.855573 0.012112 0.517566 17.9161
0.478681 -0.00207656 0.877995 10.9833 0.0129307 0.999909 -0.00468427 -0.392066 -0.877903 0.0135952 0.478661 18.3906
0.439576 -0.00634969 0.898201 11.8397 0.0184926 0.999832 -0.00198259 -0.402081 -0.898033 0.0174807 0.439616 18.8266
0.401898 -0.00739967 0.915664 12.7298 0.0206561 0.999791 -0.000985999 -0.447797 -0.915464 0.01931 0.401963 19.2267
0.365455 -0.00791152 0.930815 13.6512 0.0209667 0.999785 0.0002653 -0.448721 -0.930612 0.0194182 0.365539 19.6006
0.331982 -0.00845678 0.943258 14.5635 0.0208485 0.999787 0.0016265 -0.447247 -0.943068 0.0191253 0.332084 19.9245
0.298079 -0.00946019 0.954516 15.5037 0.0208705 0.999783 0.00339069 -0.449668 -0.954333 0.0189094 0.298209 20.2261
0.265361 -0.00985237 0.96411 16.4514 0.0209908 0.999776 0.00443991 -0.451437 -0.963933 0.0190589 0.265504 20.5018
0.232687 -0.0101676 0.972521 17.4265 0.0205759 0.99978 0.00552887 -0.440797 -0.972356 0.0187227 0.232843 20.7515
0.201037 -0.0101963 0.979542 18.4259 0.0200426 0.999785 0.00629406 -0.440837 -0.979392 0.0183668 0.201195 20.9624
0.171182 -0.0111961 0.9852 19.411 0.0200218 0.999777 0.00788218 -0.450736 -0.985061 0.018375 0.171366 21.1467
0.14017 -0.012035 0.990067 20.4254 0.0200551 0.999762 0.00931407 -0.452966 -0.989939 0.0185497 0.140375 21.2997
0.108745 -0.0127906 0.994013 21.4788 0.0197549 0.999756 0.0107026 -0.433062 -0.993901 0.0184716 0.108968 21.4285
0.0797192 -0.013414 0.99674 22.5255 0.0192904 0.99975 0.0119123 -0.431683 -0.996646 0.0182772 0.079955 21.521
0.0516053 -0.0142685 0.998592 23.6041 0.019046 0.999739 0.0132999 -0.435844 -0.998514 0.0183317 0.0518615 21.5845
0.027317 -0.0148332 0.999531 24.6771 0.0189293 0.999726 0.0143193 -0.439563 -0.999463 0.0185286 0.027588 21.6202
0.00379499 -0.0146331 0.999914 25.7791 0.0246281 0.999601 0.0145344 -0.419942 -0.999718 0.0245695 0.00415212 21.6205
-0.0178997 -0.0146629 0.999747 26.9206 0.0295882 0.999455 0.0151888 -0.406282 -0.999418 0.0298519 -0.017458 21.5991
-0.0357801 -0.0154874 0.999268 28.0614 0.0335294 0.999308 0.0166879 -0.392488 -0.998825 0.0341004 -0.0352375 21.5481
-0.0515508 -0.0161438 0.998556 29.1883 0.0335553 0.999286 0.0178885 -0.382469 -0.998124 0.0344282 -0.0509737 21.4972
-0.0669263 -0.0169283 0.997643 30.3186 0.0336414 0.99926 0.0192119 -0.371922 -0.99722 0.0348463 -0.0663083 21.427
-0.0793893 -0.017528 0.996707 31.4564 0.0334486 0.999246 0.0202375 -0.343967 -0.996301 0.0349441 -0.078744 21.3379
-0.0915449 -0.0178111 0.995671 32.6044 0.0331149 0.999243 0.0209191 -0.325605 -0.995279 0.034885 -0.0908865 21.2445
-0.10373 -0.0175419 0.994468 33.7609 0.0327036 0.999255 0.0210381 -0.305776 -0.994087 0.0347041 -0.10308 21.1381
-0.113149 -0.0175406 0.993454 34.9296 0.0323416 0.999261 0.0213261 -0.285091 -0.993081 0.0345413 -0.112499 21.0058
-0.123514 -0.0172293 0.992212 36.1442 0.0318993 0.999276 0.0213234 -0.262911 -0.991852 0.0342835 -0.122875 20.8696
-0.130189 -0.017094 0.991373 37.3595 0.031512 0.999287 0.0213682 -0.234269 -0.991018 0.0340204 -0.129557 20.7099
-0.136144 -0.0172121 0.990559 38.6009 0.0311727 0.999291 0.021649 -0.207366 -0.990221 0.0338246 -0.13551 20.5479
-0.142407 -0.0174714 0.989686 39.8695 0.0309467 0.999288 0.0220935 -0.188948 -0.989356 0.0337721 -0.141765 20.38
-0.145974 -0.016882 0.989166 41.1455 0.0306679 0.999309 0.0215819 -0.153479 -0.988837 0.0334847 -0.145355 20.1913
-0.149947 -0.0169365 0.988581 42.4588 0.0306506 0.999305 0.0217688 -0.132799 -0.988251 0.0335631 -0.149323 20.0014
-0.153999 -0.0174522 0.987939 43.7874 0.0305001 0.999296 0.0224083 -0.101789 -0.987626 0.0335817 -0.153358 19.8076
-0.155452 -0.0195538 0.987684 45.1316 0.0306362 0.999239 0.024604 -0.0695279 -0.987401 0.0340818 -0.154735 19.5987
-0.157672 -0.0203427 0.987305 46.5046 0.0305329 0.999222 0.0254655 -0.0345073 -0.987046 0.034159 -0.156927 19.3864
-0.160944 -0.0217811 0.986758 47.8989 0.0305715 0.999178 0.0270416 -0.013405 -0.986522 0.034517 -0.160146 19.1687
-0.160561 -0.0218794 0.986808 49.3076 0.0303804 0.999183 0.0270981 0.0352008 -0.986586 0.0343289 -0.159764 18.9365
-0.162217 -0.0225589 0.986532 50.7427 0.0305443 0.999157 0.0278698 0.0555034 -0.986315 0.034652 -0.161392 18.704
-0.160883 -0.0221907 0.986749 52.1938 0.030339 0.999176 0.027418 0.106861 -0.986536 0.0343465 -0.160077 18.4683
-0.160333 -0.0225563 0.986841 53.6656 0.0302895 0.999168 0.0277596 0.139591 -0.986632 0.0343399 -0.159517 18.237
-0.160534 -0.023013 0.986788 55.1507 0.0303821 0.999152 0.0282457 0.179215 -0.986592 0.0345135 -0.159699 18.0048
-0.157559 -0.0232633 0.987271 56.6789 0.0310385 0.999125 0.0284966 0.238488 -0.987056 0.0351315 -0.156699 17.7618
-0.156505 -0.0234409 0.987426 58.2161 0.0314853 0.999105 0.0287105 0.273547 -0.987206 0.0355811 -0.155626 17.5186
-0.155912 -0.023224 0.987533 59.8016 0.0321924 0.999086 0.0285789 0.322324 -0.98728 0.036245 -0.155023 17.2628
-0.152817 -0.0232032 0.988009 61.3902 0.033286 0.999049 0.0286129 0.384913 -0.987725 0.0372577 -0.151899 17.0209
-0.152194 -0.0230294 0.988117 62.9832 0.0317748 0.99911 0.0281804 0.433984 -0.987874 0.0356843 -0.151327 16.7692
-0.149567 -0.0250276 0.988462 64.6141 0.032891 0.999013 0.0302733 0.476588 -0.988236 0.0370376 -0.148596 16.5283
-0.148574 -0.0270099 0.988567 66.245 0.035584 0.998847 0.0326395 0.543309 -0.988294 0.0400247 -0.147442 16.2827
-0.146866 -0.0232394 0.988911 67.9044 0.0360247 0.998948 0.0288272 0.559513 -0.988532 0.0398572 -0.145874 16.0568
-0.144909 -0.0229613 0.989213 69.5675 0.0367259 0.99893 0.0285674 0.601379 -0.988798 0.0404674 -0.143911 15.8111
-0.144155 -0.0233819 0.989307 71.2433 0.0365217 0.998928 0.0289328 0.653496 -0.988914 0.0403001 -0.143146 15.5789
-0.145492 -0.0241537 0.989099 72.9194 0.0370102 0.998884 0.0298374 0.691627 -0.988702 0.040946 -0.144436 15.3442
-0.144119 -0.0251187 0.989269 74.6347 0.0367062 0.998868 0.0307117 0.750384 -0.988913 0.0407366 -0.143033 15.0977
-0.145073 -0.0262441 0.989108 76.3534 0.0386504 0.99875 0.0321696 0.780643 -0.988701 0.0428946 -0.143878 14.8428
-0.143432 -0.026176 0.989343 78.1091 0.0390822 0.998736 0.0320923 0.840237 -0.988923 0.0432669 -0.142227 14.5931
-0.143554 -0.0261588 0.989331 79.8632 0.0392929 0.998727 0.0321097 0.891314 -0.988898 0.0434813 -0.142343 14.3463
-0.145795 -0.0257502 0.989009 81.6187 0.038821 0.998758 0.0317286 0.950024 -0.988589 0.0430183 -0.144614 14.1017
-0.145627 -0.0256383 0.989041 83.409 0.0382228 0.998788 0.0315198 1.00324 -0.988637 0.0423923 -0.14447 13.8387
-0.146806 -0.025786 0.988859 85.2054 0.0378757 0.998797 0.0316698 1.05362 -0.988477 0.042101 -0.145652 13.5759
-0.149214 -0.0263518 0.988488 87.0082 0.0371526 0.998806 0.032236 1.10707 -0.988144 0.0415332 -0.148056 13.3232
-0.148394 -0.0271385 0.988588 88.836 0.0369648 0.998791 0.0329685 1.15245 -0.988275 0.041433 -0.14721 13.0472
-0.1488 -0.0278386 0.98851 90.6689 0.0360338 0.998805 0.0335535 1.22467 -0.988248 0.0406108 -0.147618 12.7829
-0.152257 -0.0273945 0.987993 92.5211 0.0359545 0.998818 0.0332368 1.27566 -0.987725 0.040581 -0.151091 12.5204
-0.152198 -0.0263224 0.988035 94.4085 0.0348425 0.9989 0.0319801 1.35158 -0.987774 0.0392911 -0.151112 12.2292
-0.157795 -0.0261802 0.987157 96.2843 0.0348331 0.998897 0.0320609 1.40041 -0.986896 0.0394425 -0.156708 11.9486
-0.160586 -0.0266239 0.986698 98.1747 0.0341307 0.998908 0.0325092 1.46894 -0.986471 0.0388954 -0.1595 11.6505
-0.164501 -0.0278081 0.986017 100.11 0.0324684 0.998926 0.0335902 1.5372 -0.985882 0.0375377 -0.16342 11.353
-0.171347 -0.0267261 0.984884 102.049 0.0319656 0.998975 0.0326709 1.59967 -0.984731 0.0370787 -0.170316 11.0266
-0.174184 -0.0259261 0.984406 103.966 0.0319217 0.998998 0.03196 1.65211 -0.984237 0.0369886 -0.17318 10.7002
-0.178551 -0.0237455 0.98368 105.895 0.0319471 0.999061 0.0299167 1.69665 -0.983451 0.0367655 -0.177623 10.3799
-0.185636 -0.0229867 0.982384 107.834 0.0313663 0.999097 0.0293061 1.75021 -0.98216 0.0362517 -0.184745 10.0377
-0.189175 -0.0225075 0.981723 109.784 0.0309406 0.999124 0.0288697 1.80547 -0.981497 0.0358346 -0.188311 9.68067
-0.196222 -0.0229929 0.980325 111.75 0.0300651 0.999133 0.0294533 1.8549 -0.980142 0.0352505 -0.195358 9.31405
-0.200031 -0.0237871 0.979538 113.719 0.0296407 0.99912 0.0303169 1.90532 -0.979382 0.0350967 -0.199148 8.92735
-0.205679 -0.0239364 0.978363 115.691 0.0295257 0.999114 0.0306528 1.96142 -0.978219 0.0351888 -0.204787 8.53143
-0.213297 -0.0235416 0.976742 117.663 0.0293985 0.999122 0.0305025 2.01466 -0.976587 0.0352189 -0.212416 8.12014
-0.215153 -0.0224774 0.976358 119.674 0.0297079 0.999142 0.0295501 2.07706 -0.976174 0.0353607 -0.214298 7.72098
-0.219046 -0.0235776 0.975468 121.706 0.0302909 0.999082 0.0309519 2.13124 -0.975287 0.0363257 -0.218128 7.28481
-0.224323 -0.0248168 0.974235 123.734 0.0301863 0.99904 0.0324008 2.20267 -0.974093 0.0366742 -0.223355 6.85823
-0.225325 -0.0247641 0.974008 125.777 0.0302607 0.999037 0.0324025 2.26539 -0.973856 0.0367733 -0.224357 6.43418
-0.23196 -0.0248908 0.972443 127.81 0.0296361 0.999048 0.0326426 2.33449 -0.97232 0.0363885 -0.230998 5.97847
-0.233075 -0.0247906 0.972182 129.885 0.0325785 0.998935 0.033285 2.42097 -0.971956 0.0394281 -0.232017 5.51875
-0.237246 -0.0259899 0.971139 131.905 0.0349316 0.998788 0.0352651 2.47181 -0.970868 0.0422872 -0.236047 5.04297
-0.244385 -0.0257286 0.969379 133.911 0.0337179 0.998839 0.0350126 2.52128 -0.969136 0.0412397 -0.243231 4.5607
-0.244097 -0.026143 0.969436 135.972 0.033124 0.99885 0.035278 2.58658 -0.969231 0.0407201 -0.242947 4.0705
-0.247424 -0.026432 0.96859 138.021 0.0315512 0.9989 0.0353202 2.63624 -0.968441 0.0392969 -0.246314 3.57027
-0.255037 -0.0253041 0.966639 140.055 0.030487 0.998972 0.0341954 2.67951 -0.966498 0.0381882 -0.253999 3.0316
-0.255519 -0.025092 0.966521 142.152 0.0289772 0.999037 0.0335983 2.74377 -0.966418 0.0365895 -0.254542 2.52316
-0.262181 -0.0255508 0.964719 144.201 0.0282965 0.999038 0.0341512 2.81653 -0.964652 0.036249 -0.261202 1.9957
-0.265008 -0.0283839 0.963871 146.285 0.0273253 0.998967 0.0369317 2.85737 -0.963909 0.0361226 -0.263954 1.43722
-0.269729 -0.0263908 0.962614 148.376 0.0284308 0.998994 0.0353559 2.93369 -0.962566 0.0369015 -0.268702 0.868407
-0.275654 -0.0257308 0.960957 150.468 0.0290156 0.998987 0.0350739 2.99694 -0.96087 0.0375483 -0.274623 0.290753
-0.278599 -0.0264613 0.960084 152.56 0.0286156 0.998972 0.0358382 3.07218 -0.960032 0.0374549 -0.27755 -0.303905
-0.282921 -0.0272114 0.958802 154.659 0.0280221 0.99896 0.0366214 3.13276 -0.958785 0.0372258 -0.281858 -0.913869
-0.289177 -0.0265222 0.95695 156.786 0.0282725 0.998967 0.0362318 3.20064 -0.95691 0.0375298 -0.288123 -1.52192
-0.290545 -0.0263952 0.956543 158.876 0.0280358 0.998979 0.0360835 3.26659 -0.956503 0.0372985 -0.289502 -2.14882
-0.294262 -0.0248672 0.955444 160.999 0.0284167 0.999016 0.0347545 3.33296 -0.955355 0.0373743 -0.29326 -2.77926
-0.299697 -0.0247155 0.953761 163.123 0.0286519 0.999004 0.0348928 3.39882 -0.953658 0.0377814 -0.298684 -3.42816
-0.301645 -0.0237943 0.953168 165.245 0.0286024 0.999037 0.0339924 3.46792 -0.953046 0.0375134 -0.300668 -4.08403
-0.307186 -0.0240979 0.951391 167.377 0.0278159 0.999049 0.034288 3.5413 -0.951297 0.0369937 -0.306217 -4.74222
-0.308851 -0.0236334 0.950863 169.509 0.0279465 0.999059 0.0339102 3.61069 -0.950756 0.0370431 -0.307894 -5.42696
-0.312842 -0.0234245 0.949565 171.651 0.0284156 0.999043 0.0340087 3.67509 -0.949436 0.0376191 -0.311871 -6.11702
-0.318475 -0.0224334 0.947712 173.796 0.0294399 0.99903 0.0335428 3.73192 -0.947532 0.0385798 -0.317498 -6.81779
-0.319068 -0.0224278 0.947515 175.944 0.0299904 0.999007 0.0337469 3.79901 -0.947315 0.0391815 -0.318071 -7.53694
-0.321743 -0.023279 0.946588 178.108 0.0294906 0.998993 0.0345929 3.86183 -0.946426 0.039042 -0.320725 -8.25298
-0.326771 -0.0231066 0.944871 180.281 0.0287488 0.999023 0.0343744 3.93872 -0.944727 0.0383941 -0.325779 -8.97344
-0.327511 -0.0217763 0.944645 182.448 0.0281995 0.999092 0.0328097 4.01492 -0.944486 0.0373804 -0.326591 -9.70395
-0.330755 -0.0206599 0.943542 184.632 0.0277878 0.999142 0.0316192 4.07491 -0.94337 0.0366748 -0.329887 -10.4477
-0.335555 -0.0193813 0.941872 186.816 0.0269484 0.999212 0.0301635 4.15287 -0.941696 0.0354998 -0.33476 -11.2057
-0.336954 -0.0191199 0.94138 188.992 0.0260586 0.999251 0.0296237 4.21792 -0.941224 0.0345104 -0.336194 -11.9736
-0.342818 -0.0187653 0.939267 191.192 0.025868 0.999263 0.029407 4.27244 -0.939108 0.0343745 -0.342071 -12.7469
-0.344823 -0.0187456 0.938533 193.388 0.0257012 0.999267 0.0294026 4.3432 -0.93838 0.0342577 -0.344079 -13.5417
-0.348678 -0.0195965 0.93709 195.595 0.0255042 0.999244 0.0303878 4.40404 -0.936958 0.0344915 -0.347906 -14.3442
-0.354722 -0.0198811 0.934814 197.815 0.0255313 0.999226 0.0309403 4.46269 -0.934689 0.0348396 -0.353929 -15.1543
-0.356643 -0.0201923 0.934075 200.035 0.0242225 0.999261 0.0308517 4.52806 -0.933989 0.0336249 -0.355882 -15.968
-0.360453 -0.0197265 0.932624 202.248 0.0238495 0.999287 0.0303552 4.59636 -0.932539 0.0331819 -0.359714 -16.8007
-0.365341 -0.0197295 0.930718 204.476 0.0236021 0.999289 0.0304495 4.6552 -0.930638 0.0330875 -0.364606 -17.6413
-0.366718 -0.0190563 0.930192 206.731 0.0242215 0.999288 0.0300219 4.71594 -0.930085 0.0335377 -0.365984 -18.5056
-0.37016 -0.0193665 0.92882 208.98 0.024962 0.999246 0.0307848 4.76463 -0.928696 0.0345766 -0.369388 -19.386
-0.370881 -0.019815 0.928524 211.193 0.025291 0.999219 0.0314263 4.83292 -0.928404 0.0351364 -0.370078 -20.2648
-0.373066 -0.0195357 0.927653 213.444 0.0258651 0.999202 0.0314462 4.88945 -0.927508 0.0357214 -0.372253 -21.1619
-0.377501 -0.019052 0.925868 215.702 0.0255288 0.999227 0.030971 4.94113 -0.925726 0.0353256 -0.37671 -22.0748
-0.377884 -0.0196186 0.925699 217.915 0.0250764 0.999223 0.0314152 5.01117 -0.925577 0.0350806 -0.377089 -22.9664
-0.380569 -0.0191501 0.924609 220.132 0.0245615 0.999256 0.0308063 5.07303 -0.924495 0.0344314 -0.379803 -23.8657
-0.385211 -0.0183323 0.922701 222.368 0.0243073 0.999286 0.0300036 5.13063 -0.922572 0.0339822 -0.38448 -24.7998
-0.387562 -0.0185832 0.921712 224.535 0.0226162 0.999337 0.0296585 5.18519 -0.921637 0.0323379 -0.386871 -25.6881
-0.390338 -0.0181098 0.920549 226.753 0.0226067 0.999349 0.0292479 5.23885 -0.920459 0.0322233 -0.389664 -26.6183
-0.39597 -0.0207862 0.918084 228.976 0.0232241 0.999231 0.0326406 5.29975 -0.918041 0.0342441 -0.395168 -27.5693
-0.397303 -0.0236255 0.91744 231.157 0.0223487 0.999157 0.03541 5.36323 -0.917483 0.0345682 -0.396429 -28.4965
-0.402146 -0.0251468 0.915287 233.387 0.0218465 0.99911 0.0370487 5.44215 -0.915387 0.0348924 -0.401224 -29.4663
-0.403322 -0.0247448 0.914782 235.585 0.021723 0.999129 0.036606 5.52858 -0.914869 0.0346318 -0.402422 -30.4107
-0.406908 -0.0247555 0.913191 237.79 0.0213918 0.999135 0.0366177 5.62006 -0.913293 0.0344324 -0.406011 -31.3692
-0.412982 -0.0256392 0.910438 240.003 0.0210423 0.999103 0.0376833 5.70586 -0.910567 0.0347162 -0.41206 -32.3473
-0.414099 -0.0256189 0.909929 242.19 0.0206583 0.999117 0.0375318 5.78409 -0.910072 0.0343369 -0.413189 -33.3205
-0.417858 -0.0264757 0.908189 244.388 0.0201204 0.999096 0.0383857 5.86703 -0.908361 0.0343087 -0.416936 -34.3109
-0.424295 -0.028209 0.905143 246.578 0.0194104 0.999038 0.0402345 5.94486 -0.905393 0.034638 -0.423322 -35.323
-0.426436 -0.0284758 0.904132 248.773 0.0184034 0.99906 0.040148 6.04218 -0.904403 0.0337555 -0.4255 -36.3393
-0.430283 -0.0283348 0.902309 250.962 0.0182564 0.999065 0.0400797 6.12674 -0.902587 0.0337159 -0.429347 -37.349
-0.43633 -0.0285886 0.899396 253.133 0.0184459 0.999037 0.0407072 6.21266 -0.899671 0.0343478 -0.435371 -38.3816
-0.438744 -0.0296934 0.898182 255.274 0.0183319 0.998985 0.0419813 6.31136 -0.898505 0.0348817 -0.437737 -39.4276
-0.443153 -0.0298622 0.896014 257.474 0.0176491 0.998996 0.0420258 6.40284 -0.896348 0.0344334 -0.442169 -40.4827
-0.44459 -0.0299814 0.895295 259.64 0.0177286 0.998985 0.0422582 6.49874 -0.89564 0.0346572 -0.44359 -41.5509
-0.448393 -0.0297782 0.893407 261.811 0.0179758 0.998978 0.0423214 6.58704 -0.893733 0.0350321 -0.447387 -42.6168
-0.453282 -0.029625 0.89094 263.996 0.0182049 0.998968 0.0424799 6.6629 -0.891265 0.0354721 -0.452257 -43.6925
-0.455209 -0.0291937 0.889976 266.14 0.018418 0.998976 0.0421921 6.74871 -0.890275 0.0355935 -0.454192 -44.7837
-0.457935 -0.0291458 0.888575 268.299 0.0189074 0.998954 0.0425113 6.85305 -0.88887 0.0362652 -0.456886 -45.8819
-0.462528 -0.0289592 0.886204 270.478 0.0189171 0.998953 0.0425194 6.95511 -0.886487 0.0364264 -0.461482 -46.9866
-0.463153 -0.0311895 0.885799 272.619 0.0178383 0.998887 0.0444993 7.04985 -0.886187 0.0364082 -0.462062 -48.0971
-0.467547 -0.0318328 0.88347 274.808 0.0175257 0.998858 0.0452681 7.15371 -0.88388 0.036644 -0.466442 -49.2337
-0.468876 -0.0313561 0.882778 276.973 0.0174426 0.998883 0.0447458 7.25036 -0.883181 0.0363752 -0.467787 -50.3569
-0.472496 -0.031027 0.880862 279.158 0.0181407 0.998863 0.0449169 7.35125 -0.881232 0.0371982 -0.471383 -51.4846
-0.478291 -0.0306766 0.877739 281.334 0.0186648 0.998846 0.0450812 7.45138 -0.878096 0.0379415 -0.477147 -52.6433
-0.479622 -0.0303893 0.877026 283.529 0.0182246 0.998877 0.0445806 7.56336 -0.877373 0.037361 -0.478516 -53.8238
-0.482417 -0.0307453 0.875478 285.732 0.0172974 0.998892 0.0446121 7.67679 -0.875866 0.0366619 -0.481331 -55.0131
-0.487569 -0.0307912 0.87262 287.945 0.0174176 0.998874 0.0449808 7.77716 -0.873 0.0371258 -0.486469 -56.2165
-0.487293 -0.0319245 0.872731 290.161 0.0177317 0.998802 0.0464378 7.8727 -0.873153 0.0381005 -0.486123 -57.4394
-0.48928 -0.0312104 0.871646 292.367 0.019007 0.998778 0.0464345 7.9908 -0.872009 0.0392825 -0.488074 -58.6519
-0.493371 -0.0320539 0.869305 294.573 0.0182039 0.998759 0.04716 8.09822 -0.869724 0.0390888 -0.492155 -59.877
-0.494032 -0.0329424 0.868898 296.803 0.0176828 0.998733 0.0479216 8.21698 -0.869355 0.0390349 -0.492807 -61.1273
-0.498586 -0.0337135 0.866263 299.047 0.0174685 0.998688 0.0489229 8.32891 -0.866762 0.039521 -0.497323 -62.3842
-0.499575 -0.0343816 0.865667 301.283 0.0172331 0.998659 0.0496116 8.4388 -0.866191 0.0396984 -0.498297 -63.6751
-0.501496 -0.0340348 0.86457 303.526 0.0169868 0.998685 0.0491691 8.56578 -0.86509 0.0393407 -0.500239 -64.9562
-0.505416 -0.0335738 0.862302 305.792 0.0166601 0.998716 0.0486526 8.69672 -0.862808 0.0389515 -0.504191 -66.2591
-0.507795 -0.0331471 0.860921 308.042 0.0163151 0.99875 0.0480783 8.82826 -0.861422 0.0384561 -0.5066 -67.5749
-0.512322 -0.0334756 0.858221 310.32 0.0157322 0.998746 0.0483509 8.95238 -0.858743 0.0382685 -0.511136 -68.8902
-0.519096 -0.0339309 0.854126 312.609 0.0150696 0.998734 0.0488358 9.08644 -0.854684 0.0382178 -0.517908 -70.2137
-0.52249 -0.0345337 0.852027 314.88 0.0148201 0.998701 0.0495693 9.20633 -0.852612 0.0385221 -0.521282 -71.5764
-0.52681 -0.0351176 0.849342 317.146 0.0147817 0.998658 0.050462 9.33147 -0.849958 0.0391343 -0.525564 -72.9505
-0.533062 -0.0353227 0.845423 319.42 0.0151614 0.998611 0.0512854 9.44566 -0.846039 0.0401514 -0.531768 -74.3337
-0.535287 -0.0348517 0.844038 321.698 0.0155792 0.998613 0.051117 9.5773 -0.844631 0.0405073 -0.533981 -75.7544
-0.541723 -0.0347929 0.839922 323.959 0.015772 0.998589 0.0515406 9.70667 -0.840509 0.0411633 -0.540391 -77.1672
-0.543398 -0.035594 0.838808 326.231 0.0161816 0.998514 0.052856 9.83608 -0.839425 0.0422908 -0.541993 -78.6183
-0.547086 -0.03678 0.836354 328.508 0.0158851 0.998441 0.0543019 9.95176 -0.837025 0.0429886 -0.54563 -80.078
-0.554059 -0.0374101 0.831726 330.737 0.0150294 0.99842 0.054922 10.0865 -0.83245 0.0429258 -0.5526 -81.5384
-0.554555 -0.0375478 0.831387 332.995 0.0154477 0.998388 0.055397 10.2347 -0.832104 0.0435588 -0.553062 -83.0059
-0.557311 -0.0384633 0.829503 335.248 0.0166727 0.99825 0.057492 10.3753 -0.830245 0.0458663 -0.555672 -84.4834
-0.562664 -0.039326 0.825838 337.502 0.0169712 0.998151 0.0590975 10.5026 -0.826613 0.0472624 -0.560938 -86.0025
-0.562811 -0.0419768 0.82561 339.774 0.0151981 0.998059 0.0611073 10.6525 -0.826553 0.0469349 -0.561059 -87.4875
-0.566337 -0.0427286 0.823155 342.02 0.014799 0.998011 0.0619899 10.8096 -0.824144 0.0472839 -0.564558 -89.0019
-0.571164 -0.0440098 0.819748 344.26 0.0146684 0.9979 0.0637968 10.9671 -0.820815 0.0484577 -0.569297 -90.529
-0.571343 -0.044932 0.819571 346.487 0.012854 0.997932 0.0636744 11.1203 -0.820716 0.0469095 -0.569564 -92.0542
-0.574663 -0.0459959 0.81719 348.715 0.00999174 0.997995 0.0632013 11.298 -0.81844 0.0444795 -0.573028 -93.5996
-0.575932 -0.045041 0.81635 350.93 0.00857721 0.998139 0.061125 11.4393 -0.817561 0.0422007 -0.574452 -95.1374
-0.578971 -0.0466101 0.81411 353.164 0.00784577 0.998046 0.062723 11.5984 -0.815424 0.0426969 -0.57745 -96.6907
-0.584691 -0.0476803 0.80995 355.371 0.00804509 0.997928 0.0645565 11.7568 -0.811327 0.0442566 -0.583074 -98.2339
-0.58616 -0.0487373 0.808825 357.592 0.00651961 0.99792 0.0648588 11.906 -0.810282 0.0432855 -0.584599 -99.8126
-0.588817 -0.0497101 0.806835 359.801 0.00466166 0.997928 0.0648885 12.0653 -0.808366 0.0419636 -0.587343 -101.391
-0.593751 -0.0515647 0.803094 362.015 0.00311965 0.997838 0.0663777 12.2341 -0.804757 0.0419118 -0.592282 -102.976
-0.595507 -0.052818 0.801713 364.2 0.00189507 0.997789 0.0671466 12.4007 -0.803463 0.0415005 -0.594067 -104.575
-0.598812 -0.0532943 0.799215 366.39 0.000801781 0.997791 0.0671395 12.5644 -0.801005 0.0408394 -0.597422 -106.171
-0.603898 -0.0533292 0.795379 368.555 1.89361e-05 0.997806 0.0669191 12.7338 -0.79718 0.040422 -0.602549 -107.761
-0.60451 -0.0537486 0.794884 370.735 -0.000341998 0.997787 0.0672114 12.9013 -0.796715 0.0403527 -0.603165 -109.399
-0.610933 -0.0543308 0.789921 372.876 -0.00108285 0.997747 0.0677912 13.0686 -0.791801 0.0405553 -0.609592 -111.007
-0.610216 -0.0550906 0.79042 375.06 -0.00355576 0.997808 0.0668029 13.2113 -0.792346 0.0379482 -0.609049 -112.649
-0.612803 -0.059076 0.788132 377.223 -0.0138932 0.997903 0.0640008 13.3483 -0.790234 0.0282655 -0.612315 -114.273
-0.618782 -0.0551375 0.783731 379.347 -0.0222778 0.998415 0.052655 13.5234 -0.785367 0.0151169 -0.619002 -115.893
-0.617959 -0.0479756 0.784855 381.5 -0.0149282 0.998724 0.0492979 13.6115 -0.786191 0.0187439 -0.61786 -117.543
-0.623204 -0.0461507 0.780803 383.618 -0.00795542 0.99863 0.0526792 13.692 -0.782139 0.0266127 -0.62269 -119.233
-0.629015 -0.0547775 0.775575 385.703 -0.00796249 0.997968 0.0640301 13.8495 -0.777479 0.0340963 -0.628145 -120.913
-0.630627 -0.0650019 0.773468 387.797 -0.0132566 0.997294 0.0730069 14.0164 -0.776095 0.0357806 -0.629754 -122.576
-0.633545 -0.0720683 0.77046 389.962 -0.019972 0.9969 0.0768294 14.1908 -0.773576 0.0332833 -0.632991 -124.303
-0.634403 -0.0741116 0.769553 392.044 -0.0221263 0.99678 0.0777572 14.3692 -0.77281 0.0322965 -0.633971 -125.978
-0.637038 -0.0702633 0.767744 394.134 -0.0172787 0.996944 0.0769059 14.5411 -0.770771 0.0357222 -0.636275 -127.684
-0.640883 -0.0641528 0.765067 396.206 -0.0121673 0.997279 0.0734351 14.7007 -0.767668 0.0377491 -0.63989 -129.378
-0.642862 -0.0611961 0.763655 398.245 -0.0114451 0.997515 0.0703056 14.8756 -0.76603 0.0364525 -0.641934 -131.067
-0.6459 -0.0615116 0.761055 400.313 -0.0113928 0.997468 0.0709537 15.0496 -0.763465 0.0371531 -0.644936 -132.786
-0.64908 -0.0616481 0.75835 402.426 -0.00981032 0.997365 0.0726858 15.2276 -0.760798 0.0397347 -0.647942 -134.555
-0.65162 -0.0639507 0.755966 404.414 -0.0109121 0.997183 0.0749542 15.3768 -0.7586 0.040587 -0.650451 -136.24
-0.653378 -0.0644102 0.754419 406.455 -0.0112336 0.997149 0.0754088 15.5545 -0.757091 0.0407913 -0.652205 -137.979
-0.654456 -0.0645721 0.75346 408.547 -0.0108815 0.997105 0.0760043 15.7572 -0.756157 0.0415374 -0.653231 -139.771
-0.656155 -0.06555 0.751907 410.515 -0.0113721 0.997025 0.0769996 15.9325 -0.754683 0.0419684 -0.654915 -141.468
-0.661798 -0.0733768 0.746209 412.518 -0.0131548 0.996241 0.0862997 16.1245 -0.749706 0.0472909 -0.660241 -143.217
-0.663061 -0.075755 0.744861 414.467 -0.013779 0.995994 0.0890358 16.3101 -0.748589 0.0487677 -0.661412 -144.935
-0.667947 -0.0769372 0.740353 416.371 -0.0159752 0.995956 0.0890899 16.493 -0.744183 0.0476738 -0.666437 -146.643
-0.672589 -0.0787981 0.73595 418.333 -0.0173612 0.995784 0.0907571 16.7222 -0.739968 0.0482604 -0.671081 -148.41
-0.675059 -0.0798251 0.733568 420.239 -0.0212976 0.995886 0.0887748 16.9196 -0.737606 0.0442988 -0.673943 -150.141
-0.677133 -0.0786142 0.731795 422.2 -0.0219806 0.996059 0.0866698 17.1371 -0.735692 0.042597 -0.676151 -151.925
-0.680459 -0.0802609 0.728515 424.139 -0.0223432 0.995858 0.0888486 17.35 -0.732598 0.0441742 -0.679394 -153.705
-0.681194 -0.0818669 0.727659 426.059 -0.0236815 0.995738 0.0898637 17.5546 -0.731883 0.0439777 -0.680187 -155.478
-0.68255 -0.0807482 0.726503 428.01 -0.0242082 0.995896 0.0879505 17.7798 -0.730593 0.042437 -0.681664 -157.281
-0.683376 -0.0813819 0.725665 429.922 -0.0234 0.995766 0.0896423 17.9954 -0.729857 0.0442741 -0.682344 -159.058
-0.683506 -0.0838351 0.725255 431.834 -0.0234432 0.995459 0.092979 18.2028 -0.729724 0.0465428 -0.682327 -160.835
-0.683442 -0.0869029 0.724963 433.737 -0.0231117 0.995035 0.0974944 18.4202 -0.729806 0.0498715 -0.682013 -162.615
-0.68132 -0.0901343 0.726557 435.675 -0.0175037 0.994182 0.106925 18.648 -0.731934 0.060125 -0.678892 -164.416
-0.680202 -0.0912978 0.727466 437.625 -0.0136161 0.993686 0.111982 18.8883 -0.733063 0.0662591 -0.677108 -166.236
-0.678624 -0.09303 0.728713 439.557 -0.0160932 0.993662 0.11187 19.1477 -0.734468 0.0641831 -0.67578 -168.016
-0.67569 -0.0995625 0.730579 441.49 -0.0271259 0.993595 0.110323 19.4228 -0.73685 0.0547211 -0.674021 -169.784
-0.67322 -0.102085 0.732505 443.442 -0.0321969 0.993604 0.108884 19.7027 -0.738899 0.0497117 -0.67216 -171.556
-0.671391 -0.103893 0.733933 445.372 -0.0310457 0.99327 0.112209 19.9616 -0.740616 0.0525451 -0.670056 -173.314
-0.669125 -0.103011 0.736122 447.384 -0.0279977 0.993211 0.113542 20.2346 -0.742784 0.0553565 -0.667425 -175.138
-0.666711 -0.102188 0.738425 449.354 -0.0258652 0.993202 0.114096 20.5153 -0.74503 0.0569643 -0.664781 -176.914
-0.667195 -0.103118 0.737858 451.311 -0.0287736 0.993274 0.112799 20.792 -0.74449 0.0540202 -0.665633 -178.661
-0.663157 -0.10728 0.7409 453.303 -0.0347187 0.99309 0.112725 21.0695 -0.747838 0.049026 -0.662257 -180.429
-0.662255 -0.113512 0.740777 455.272 -0.047627 0.99291 0.109573 21.3577 -0.747927 0.0372768 -0.662924 -182.141
-0.659219 -0.119596 0.742526 457.254 -0.0563652 0.992423 0.109809 21.6233 -0.749999 0.0305314 -0.660923 -183.89
-0.654921 -0.122297 0.745882 459.221 -0.0594884 0.992173 0.11045 21.8803 -0.753516 0.0279578 -0.657028 -185.61
-0.655767 -0.123115 0.745005 461.202 -0.0582089 0.991994 0.112699 22.1478 -0.75288 0.0305348 -0.657641 -187.334
-0.65452 -0.124765 0.745827 463.222 -0.0562295 0.991667 0.116548 22.427 -0.754116 0.0343375 -0.656038 -189.097
-0.653602 -0.126982 0.746259 465.222 -0.056883 0.991351 0.118871 22.7304 -0.754863 0.0352408 -0.655129 -190.832
-0.653744 -0.128911 0.745803 467.19 -0.059916 0.991183 0.118808 23.0121 -0.754506 0.0329767 -0.65566 -192.546
-0.650213 -0.128992 0.748872 469.177 -0.0607535 0.991228 0.117993 23.3049 -0.757485 0.0312197 -0.652302 -194.277
-0.649105 -0.129712 0.749705 471.188 -0.0611586 0.991139 0.118535 23.5756 -0.758401 0.0310832 -0.651244 -195.985
-0.654067 -0.129471 0.745425 473.159 -0.0602551 0.991105 0.119276 23.8529 -0.754199 0.0330951 -0.656007 -197.744
-0.652129 -0.129493 0.747116 475.132 -0.0562016 0.990928 0.122699 24.1577 -0.756188 0.0380182 -0.653446 -199.454
-0.652242 -0.131345 0.746696 477.151 -0.0577018 0.990694 0.123867 24.4585 -0.755979 0.0377008 -0.653707 -201.205
-0.651244 -0.132876 0.747294 479.165 -0.0587315 0.990501 0.124941 24.7709 -0.756759 0.0374695 -0.652818 -202.94
-0.649971 -0.135094 0.748007 481.187 -0.0592424 0.99016 0.127356 25.0908 -0.757814 0.0384591 -0.651535 -204.68
-0.650204 -0.136956 0.747465 483.209 -0.0611378 0.989938 0.128205 25.3976 -0.757463 0.0376527 -0.651991 -206.402
-0.6478 -0.136387 0.749654 485.247 -0.0616831 0.990079 0.12683 25.7322 -0.759477 0.0359153 -0.649742 -208.135
-0.647458 -0.135575 0.750096 487.254 -0.0623821 0.990252 0.125139 26.0519 -0.759712 0.0342214 -0.649561 -209.865
-0.647598 -0.136534 0.749804 489.278 -0.0630357 0.990118 0.125855 26.3635 -0.759539 0.0342346 -0.649762 -211.602
-0.645296 -0.138775 0.751375 491.289 -0.0638559 0.989796 0.127973 26.6856 -0.761428 0.0345924 -0.64753 -213.318
-0.645255 -0.139914 0.7512 493.304 -0.065185 0.98966 0.128342 27.0025 -0.761351 0.0338419 -0.647659 -215.033
-0.647587 -0.141049 0.748978 495.31 -0.0661635 0.989493 0.129141 27.3254 -0.759284 0.0340661 -0.650073 -216.732
-0.646222 -0.142074 0.749963 497.313 -0.0660985 0.989322 0.130468 27.6512 -0.760452 0.0347354 -0.648668 -218.449
-0.648596 -0.142167 0.747895 499.32 -0.0660285 0.989284 0.130796 27.9694 -0.758436 0.0354424 -0.650991 -220.159
-0.647813 -0.142902 0.748435 501.321 -0.0654314 0.989133 0.132231 28.3024 -0.759158 0.0366849 -0.650079 -221.882
-0.647652 -0.145623 0.748049 503.339 -0.0668541 0.988719 0.134598 28.6403 -0.759171 0.0371534 -0.650039 -223.606
-0.649141 -0.146266 0.746635 505.354 -0.0671462 0.988604 0.135296 28.9742 -0.757875 0.0376871 -0.65152 -225.341
-0.648397 -0.146046 0.747323 507.364 -0.0668272 0.988635 0.135229 29.3037 -0.758539 0.037731 -0.650746 -227.073
-0.648053 -0.146373 0.747559 509.365 -0.0668176 0.988579 0.135647 29.6447 -0.758835 0.0379512 -0.650387 -228.795
-0.649281 -0.146906 0.746387 511.365 -0.0671181 0.988486 0.136176 29.982 -0.757758 0.0383109 -0.651623 -230.521
-0.647823 -0.147774 0.747483 513.359 -0.0670815 0.988339 0.137259 30.3238 -0.759009 0.0387715 -0.650137 -232.249
-0.648865 -0.148603 0.746415 515.385 -0.0684549 0.988247 0.137245 30.6601 -0.757998 0.0379482 -0.651368 -233.992
-0.64823 -0.1494 0.746808 517.392 -0.0693095 0.988148 0.137527 31.0027 -0.758462 0.0373823 -0.650858 -235.733
-0.647846 -0.150442 0.746932 519.405 -0.0700291 0.987996 0.138261 31.3523 -0.758726 0.0372554 -0.65056 -237.452
-0.647992 -0.150582 0.746779 521.35 -0.069142 0.987924 0.139219 31.6792 -0.758683 0.0385726 -0.650533 -239.116
-0.64657 -0.151956 0.747733 523.359 -0.0695926 0.987704 0.140551 32.0426 -0.759856 0.0388292 -0.649151 -240.849
-0.645882 -0.151344 0.748453 525.358 -0.0698882 0.98784 0.139446 32.3925 -0.760414 0.0377514 -0.64856 -242.568
-0.647835 -0.150929 0.746848 527.366 -0.0691975 0.987864 0.139617 32.7389 -0.758815 0.0387582 -0.650374 -244.278
-0.646174 -0.151561 0.74816 529.366 -0.0696743 0.987786 0.139935 33.088 -0.760187 0.0382877 -0.648797 -246.002
-0.645422 -0.154066 0.748295 531.362 -0.0708843 0.987382 0.142158 33.4578 -0.760714 0.0386989 -0.648156 -247.738
-0.646493 -0.155148 0.747149 533.336 -0.0719396 0.98722 0.142758 33.8077 -0.759706 0.0385355 -0.649346 -249.413
-0.644818 -0.155211 0.74858 535.368 -0.0722746 0.98724 0.142444 34.1576 -0.761096 0.0377358 -0.647765 -251.143
-0.645824 -0.155384 0.74768 537.363 -0.0715001 0.987159 0.143401 34.5166 -0.760318 0.039145 -0.648595 -252.854
-0.648347 -0.155566 0.745455 539.357 -0.0706457 0.987054 0.144547 34.8738 -0.758248 0.0410415 -0.650899 -254.56
-0.646711 -0.156799 0.746619 541.363 -0.0705945 0.986828 0.146106 35.2299 -0.759651 0.0417728 -0.649215 -256.286
-0.649355 -0.157151 0.744245 543.347 -0.0717885 0.986797 0.145737 35.5954 -0.757278 0.0411945 -0.652019 -257.99
-0.648601 -0.156666 0.745007 545.352 -0.0727505 0.986951 0.144214 35.9578 -0.757834 0.0393297 -0.651487 -259.705
-0.648684 -0.156692 0.744928 547.337 -0.072317 0.986922 0.144625 36.3132 -0.757805 0.0399327 -0.651486 -261.412
-0.651039 -0.158045 0.742585 549.292 -0.0713865 0.986581 0.147396 36.6763 -0.75587 0.0429415 -0.653537 -263.148
-0.649593 -0.161144 0.743184 551.258 -0.0717701 0.985997 0.151066 37.0439 -0.757079 0.0447801 -0.652016 -264.855
-0.649601 -0.160034 0.743419 553.27 -0.0707574 0.986162 0.150468 37.4154 -0.757167 0.0451329 -0.651887 -266.595
-0.651102 -0.159473 0.742225 555.248 -0.0704771 0.986242 0.150082 37.7996 -0.755904 0.0453957 -0.653337 -268.307
-0.650467 -0.160151 0.742638 557.216 -0.07119 0.986154 0.150318 38.1598 -0.756385 0.0448995 -0.652814 -270.015
-0.651712 -0.160893 0.741385 559.206 -0.0706654 0.985958 0.151855 38.5434 -0.755363 0.0465621 -0.653884 -271.709
-0.650615 -0.161421 0.742235 561.215 -0.0691376 0.985767 0.153787 38.9265 -0.75645 0.0487304 -0.652466 -273.466
-0.649984 -0.163278 0.742381 563.213 -0.0711273 0.985518 0.154482 39.3106 -0.756809 0.047593 -0.652136 -275.193
-0.650855 -0.164443 0.741363 565.201 -0.072591 0.985354 0.154842 39.7057 -0.755922 0.0469534 -0.653209 -276.922
-0.648776 -0.16584 0.742871 567.188 -0.0741044 0.985183 0.15522 40.0931 -0.757562 0.0456391 -0.651403 -278.652
-0.648825 -0.166141 0.742763 569.183 -0.0743859 0.985137 0.155383 40.486 -0.757492 0.0455557 -0.651488 -280.382
-0.649254 -0.168427 0.741874 571.16 -0.0776859 0.984847 0.155607 40.8637 -0.756796 0.0433808 -0.65245 -282.088
-0.648367 -0.170022 0.742286 573.157 -0.0787805 0.984585 0.156716 41.2532 -0.757442 0.0431215 -0.651714 -283.824
-0.64833 -0.169962 0.742333 575.123 -0.0795965 0.984645 0.155928 41.6471 -0.757391 0.0419914 -0.651853 -285.526
-0.647175 -0.168851 0.743592 577.092 -0.078369 0.984822 0.155428 42.044 -0.758503 0.0423047 -0.650532 -287.227
-0.646391 -0.168239 0.744412 579.091 -0.0770487 0.984887 0.155686 42.433 -0.759308 0.0432635 -0.649534 -288.952
-0.646483 -0.169227 0.74411 581.056 -0.0765872 0.98465 0.157398 42.8188 -0.759276 0.0447552 -0.649468 -290.639
-0.645532 -0.169247 0.744931 583.069 -0.075264 0.98458 0.158477 43.2082 -0.76022 0.04622 -0.648264 -292.368
-0.645231 -0.169237 0.745196 585.008 -0.0754137 0.984595 0.158315 43.5911 -0.76046 0.045941 -0.648001 -294.046
-0.643823 -0.169702 0.746305 587.017 -0.0760606 0.984553 0.158264 43.9925 -0.76159 0.0451142 -0.646734 -295.759
-0.643401 -0.170097 0.746582 589.014 -0.0759704 0.984469 0.158832 44.3905 -0.761955 0.0454632 -0.646277 -297.463
-0.642332 -0.170969 0.747301 591.007 -0.0759493 0.984295 0.159912 44.7806 -0.76286 0.0459434 -0.645178 -299.172
-0.642664 -0.171546 0.746887 592.953 -0.0756332 0.984149 0.160967 45.1776 -0.762611 0.046947 -0.645399 -300.833
-0.641649 -0.1737 0.747259 594.978 -0.0772282 0.983795 0.162372 45.5894 -0.763308 0.0464603 -0.644614 -302.56
-0.641438 -0.174745 0.747201 596.967 -0.0787851 0.983665 0.162419 45.998 -0.763327 0.0453013 -0.644673 -304.249
-0.64017 -0.174999 0.748225 598.969 -0.0802233 0.983708 0.16144 46.41 -0.764241 0.0433079 -0.643727 -305.953
-0.641693 -0.174945 0.746936 600.987 -0.0792859 0.983648 0.162278 46.822 -0.763061 0.0448994 -0.645017 -307.668
-0.642552 -0.17555 0.746051 602.943 -0.0786679 0.983468 0.163663 47.2187 -0.762402 0.0464548 -0.645687 -309.337
-0.641236 -0.176211 0.747032 604.956 -0.0782811 0.983318 0.164758 47.6423 -0.763552 0.0471574 -0.644277 -311.066
-0.641496 -0.17616 0.746818 606.951 -0.0789438 0.983365 0.164149 48.0584 -0.763265 0.0463274 -0.644678 -312.76
-0.641938 -0.175402 0.746622 608.91 -0.0791857 0.983541 0.162984 48.4656 -0.762872 0.0454904 -0.645204 -314.425
-0.640555 -0.175033 0.747893 610.928 -0.0789268 0.983624 0.162605 48.8769 -0.764061 0.0451113 -0.643825 -316.137
-0.641136 -0.175519 0.747285 612.892 -0.0790782 0.98352 0.163167 49.2806 -0.763558 0.0455042 -0.644392 -317.807
-0.641074 -0.176805 0.747033 614.932 -0.0784064 0.983197 0.165417 49.6994 -0.763682 0.0474544 -0.644109 -319.54
-0.641119 -0.178185 0.746669 616.944 -0.0783471 0.982885 0.167292 50.1114 -0.763649 0.0487401 -0.64405 -321.258
-0.64196 -0.179137 0.745717 618.927 -0.0783966 0.982663 0.16857 50.5343 -0.76294 0.0497348 -0.644817 -322.954
-0.641259 -0.179868 0.746146 620.931 -0.0793295 0.982569 0.168689 50.9646 -0.763431 0.0489676 -0.644292 -324.666
-0.640615 -0.180345 0.746583 622.921 -0.0794873 0.982481 0.169125 51.3917 -0.763956 0.0489813 -0.643672 -326.357
-0.640379 -0.180891 0.746656 624.89 -0.0791636 0.98234 0.170101 51.8174 -0.764189 0.049806 -0.64333 -328.037
-0.639615 -0.181707 0.747111 626.908 -0.0788436 0.982143 0.171373 52.2486 -0.764863 0.0506886 -0.642464 -329.75
-0.6393 -0.182158 0.747274 628.915 -0.0787667 0.98204 0.172006 52.6814 -0.765134 0.0510879 -0.642106 -331.448
-0.639458 -0.182468 0.747063 630.877 -0.0776668 0.981892 0.173347 53.0981 -0.765118 0.0528058 -0.641991 -333.106
-0.638583 -0.1828 0.747733 632.91 -0.0769413 0.981778 0.174315 53.531 -0.765923 0.0537665 -0.64095 -334.824
-0.638515 -0.182955 0.747751 634.873 -0.0763914 0.981705 0.174968 53.9671 -0.766035 0.0545773 -0.64075 -336.473
-0.637351 -0.183703 0.748565 636.895 -0.0756887 0.981498 0.176431 54.403 -0.767077 0.0557731 -0.6394 -338.178
-0.636617 -0.184182 0.749067 638.891 -0.0755365 0.981386 0.17711 54.8412 -0.767699 0.0561487 -0.63862 -339.86
-0.636868 -0.184306 0.748829 640.863 -0.0761689 0.9814 0.176775 55.2727 -0.767432 0.0555268 -0.638996 -341.518
-0.635055 -0.184244 0.750377 642.871 -0.0761137 0.981441 0.176564 55.7234 -0.768936 0.0549928 -0.637231 -343.209
-0.635063 -0.184383 0.750342 644.87 -0.0758769 0.981391 0.176948 56.164 -0.768955 0.0554214 -0.637172 -344.886
-0.634466 -0.184762 0.750749 646.85 -0.0746453 0.981222 0.178401 56.6052 -0.769567 0.0571279 -0.636283 -346.541
-0.633328 -0.185451 0.751545 648.88 -0.0746875 0.981081 0.17916 57.064 -0.770503 0.0573179 -0.635132 -348.224
-0.632188 -0.186271 0.752299 650.824 -0.0762277 0.981019 0.178848 57.4961 -0.771286 0.0556973 -0.634326 -349.846
-0.6315 -0.187183 0.752654 652.885 -0.0766659 0.980846 0.179616 57.9608 -0.771807 0.0557067 -0.63369 -351.559
-0.632179 -0.186355 0.752287 654.854 -0.0755342 0.980949 0.179527 58.4065 -0.771362 0.056647 -0.634151 -353.218
