1 0 0 0 0 1 0 0 0 0 1 0
0.999758 -0.00193113 -0.0219353 -0.0460833 0.00200749 0.999992 0.00345977 -0.0115763 0.0219285 -0.00350297 0.999753 0.864417
0.999103 -0.00242367 -0.0422689 -0.121487 0.00265606 0.999982 0.00544251 -0.0218243 0.0422549 -0.00554989 0.999091 1.85374
0.999596 -0.00147908 -0.0283802 -0.180139 0.00164383 0.999982 0.00578267 -0.0321345 0.0283711 -0.00582699 0.999581 2.97116
0.999 -0.00103396 -0.0447056 -0.254585 0.0013078 0.999981 0.00609643 -0.0384342 0.0446984 -0.0061488 0.998982 4.20972
0.999128 -3.21258e-05 -0.0417545 -0.327384 0.000325202 0.999975 0.00701226 -0.046325 0.0417533 -0.00701972 0.999103 5.55092
0.998917 -0.000281631 -0.0465165 -0.40737 0.000623464 0.999973 0.0073343 -0.057345 0.0465132 -0.00735536 0.998891 6.95502
0.998841 -0.000300381 -0.0481393 -0.486512 0.00071413 0.999963 0.00857786 -0.0684372 0.048135 -0.00860229 0.998804 8.39455
0.99869 9.29232e-05 -0.0511647 -0.571777 0.000359519 0.999961 0.00883358 -0.0746567 0.0511636 -0.0088404 0.998651 9.86776
0.998643 0.000773443 -0.0520822 -0.654661 -0.000258836 0.999951 0.0098867 -0.0755836 0.0520873 -0.0098598 0.998594 11.3485
0.998673 0.0015198 -0.051471 -0.737579 -0.000942637 0.999937 0.0112358 -0.0741383 0.0514848 -0.0111724 0.998611 12.833
0.998552 0.00220815 -0.0537437 -0.830486 -0.00153644 0.99992 0.0125365 -0.0696467 0.0537671 -0.0124357 0.998476 14.3254
0.998546 0.00300421 -0.0538285 -0.918688 -0.00224453 0.999897 0.0141679 -0.0658533 0.0538655 -0.0140264 0.99845 15.8167
0.998591 0.0035449 -0.0529453 -1.00525 -0.00273485 0.999878 0.0153642 -0.0629822 0.0529933 -0.0151978 0.998479 17.3042
0.998472 0.00359977 -0.055147 -1.09658 -0.00268145 0.999857 0.0167171 -0.0558985 0.0551993 -0.0165436 0.998338 18.7897
0.998507 0.00388532 -0.0544946 -1.18412 -0.00295106 0.999848 0.0172142 -0.0464623 0.0545531 -0.0170277 0.998366 20.2703
0.998408 0.00438094 -0.0562357 -1.27629 -0.00333999 0.999822 0.0185911 -0.0349093 0.0563071 -0.0183737 0.998245 21.7472
0.998403 0.00485056 -0.056277 -1.36577 -0.0037447 0.999798 0.0197391 -0.0199883 0.0563614 -0.0194969 0.99822 23.2206
0.99846 0.00514375 -0.0552334 -1.44995 -0.00403706 0.999789 0.0201296 -0.00734702 0.0553253 -0.0198756 0.998271 24.6861
0.998398 0.00523446 -0.0563419 -1.5396 -0.00407717 0.999779 0.0206359 0.00676461 0.0564374 -0.0203731 0.998198 26.1504
0.998429 0.00495241 -0.0558131 -1.62855 -0.00375371 0.999761 0.0215614 0.0223472 0.0559065 -0.021318 0.998209 27.6076
0.998504 0.0045661 -0.054488 -1.71033 -0.00330758 0.999726 0.023165 0.0390211 0.0545788 -0.0229502 0.998246 29.0573
0.998487 0.004303 -0.0548167 -1.79423 -0.00296821 0.999698 0.0244082 0.0583641 0.0549051 -0.0242085 0.998198 30.5043
0.998528 0.00433319 -0.0540682 -1.87485 -0.00299491 0.999688 0.0248082 0.0762033 0.0541589 -0.0246098 0.998229 31.9412
0.998542 0.00418954 -0.0538243 -1.95684 -0.00283497 0.999678 0.0252182 0.0964556 0.0539126 -0.0250289 0.998232 33.3688
0.998588 0.00440419 -0.0529316 -2.03738 -0.00305204 0.999668 0.025599 0.118983 0.0530268 -0.0254013 0.99827 34.7872
0.998631 0.004767 -0.052082 -2.11433 -0.00340119 0.999649 0.0262814 0.141107 0.0521889 -0.0260683 0.998297 36.195
0.998698 0.00484266 -0.0507852 -2.19139 -0.00346157 0.999623 0.0272476 0.165147 0.050898 -0.0270363 0.998338 37.5901
0.998759 0.00501948 -0.0495467 -2.26862 -0.00359348 0.999578 0.0288282 0.190488 0.0496704 -0.0286143 0.998356 38.971
0.998856 0.00522559 -0.047532 -2.34179 -0.0037904 0.999536 0.0302344 0.21554 0.0476679 -0.0300196 0.998412 40.3373
0.998993 0.00530691 -0.0445439 -2.41121 -0.00393393 0.999516 0.0308544 0.241645 0.0446861 -0.0306481 0.998531 41.6882
0.999123 0.00587375 -0.0414543 -2.47494 -0.00456604 0.999491 0.0315704 0.268588 0.0416186 -0.0313534 0.998642 43.0225
0.999327 0.00556569 -0.0362705 -2.5335 -0.00441047 0.999483 0.0318527 0.29173 0.036429 -0.0316713 0.998834 44.3414
0.999437 0.00660469 -0.0329052 -2.5849 -0.00554372 0.999465 0.0322309 0.31476 0.0331005 -0.0320303 0.998939 45.647
0.999544 0.00616482 -0.0295642 -2.63537 -0.00522474 0.999482 0.0317704 0.338051 0.0297448 -0.0316014 0.999058 46.9434
0.999675 0.00676404 -0.024577 -2.67755 -0.00597332 0.999467 0.0321053 0.360307 0.024781 -0.0319481 0.999182 48.2272
0.999795 0.00766576 -0.0187455 -2.71327 -0.00706512 0.999466 0.0319006 0.384603 0.0189801 -0.0317616 0.999315 49.4987
0.999891 0.00823139 -0.0122859 -2.74228 -0.00783357 0.999454 0.0320842 0.411256 0.0125433 -0.0319845 0.99941 50.7565
0.999957 0.0082924 -0.0041026 -2.7639 -0.0081557 0.999445 0.0322846 0.435659 0.00436804 -0.0322497 0.99947 52.0027
0.99994 0.00931218 0.00578238 -2.77063 -0.00949435 0.999433 0.0323201 0.460345 -0.00547813 -0.032373 0.999461 53.2368
0.999762 0.00922521 0.0197794 -2.76318 -0.009866 0.999422 0.0325475 0.485548 -0.0194678 -0.0327349 0.999275 54.459
0.999347 0.0093581 0.0349022 -2.73984 -0.0105014 0.999409 0.0327192 0.511182 -0.0345754 -0.0330644 0.998855 55.6699
0.99861 0.00961506 0.0518286 -2.69429 -0.0113316 0.999394 0.0329275 0.536404 -0.0514806 -0.033469 0.998113 56.8664
0.997378 0.0096693 0.0717206 -2.62862 -0.0120896 0.999369 0.0333894 0.56168 -0.0713525 -0.0341689 0.996866 58.05
0.995641 0.00946525 0.0927902 -2.53749 -0.0126189 0.999361 0.0334593 0.587154 -0.0924142 -0.0344843 0.995124 59.2203
0.993431 0.00941733 0.11404 -2.42036 -0.0132617 0.999368 0.0329985 0.613006 -0.113657 -0.0342941 0.992928 60.377
0.99055 0.00876522 0.136874 -2.27967 -0.0133724 0.999373 0.032777 0.637831 -0.136501 -0.0342976 0.990046 61.5239
0.987156 0.00247959 0.15974 -2.10949 -0.00831927 0.999321 0.0358991 0.662919 -0.159542 -0.0367669 0.986506 62.6596
0.982739 -0.00334244 0.184965 -1.91262 -0.00380304 0.999261 0.0382632 0.690317 -0.184957 -0.0383061 0.982 63.7806
0.97735 -0.00795444 0.21148 -1.68873 5.40349e-05 0.999303 0.0373372 0.716707 -0.21163 -0.0364801 0.976669 64.885
0.97107 -0.0132726 0.238424 -1.43375 0.00491801 0.999354 0.0356018 0.738738 -0.238742 -0.0333993 0.970509 65.9738
0.963574 -0.0153295 0.267001 -1.15027 0.00608569 0.999354 0.035414 0.761745 -0.267371 -0.0324991 0.963046 67.0441
0.955114 -0.0169993 0.29575 -0.836197 0.00667244 0.999334 0.0358919 0.784664 -0.296163 -0.0323075 0.954591 68.0968
0.945307 -0.0200799 0.325562 -0.490397 0.00822436 0.999253 0.0377513 0.808806 -0.326077 -0.033009 0.944767 69.1309
0.934398 -0.0209924 0.35561 -0.115009 0.007836 0.999232 0.0383969 0.832822 -0.356143 -0.0330914 0.933846 70.1437
0.922385 -0.0209202 0.385704 0.289346 0.00835842 0.99938 0.0342168 0.854366 -0.38618 -0.0283372 0.921988 71.1352
0.908747 -0.0216772 0.416784 0.723378 0.0102562 0.999509 0.0296228 0.871176 -0.417221 -0.022645 0.908523 72.1035
0.894196 -0.022703 0.4471 1.18541 0.0109232 0.999523 0.0289078 0.889214 -0.447543 -0.0209654 0.894017 73.0472
0.878123 -0.0238119 0.477842 1.67653 0.00991164 0.999452 0.0315903 0.908829 -0.478332 -0.023004 0.877878 73.9683
0.859928 -0.0229737 0.509898 2.19582 0.00529816 0.999335 0.0360902 0.934036 -0.510388 -0.0283334 0.859478 74.8634
0.839041 -0.023704 0.543551 2.74657 0.00417138 0.999302 0.0371401 0.958751 -0.544052 -0.0288947 0.838554 75.7319
0.81655 -0.0186592 0.576973 3.32632 -0.00136435 0.999412 0.0342517 0.980354 -0.577273 -0.0287554 0.816045 76.5726
0.793347 -0.0126151 0.608638 3.93403 -0.00534465 0.999603 0.0276852 0.995496 -0.608746 -0.0252169 0.792965 77.3849
0.769679 -0.0115775 0.638326 4.56836 -0.00661102 0.999638 0.0261022 1.00968 -0.638397 -0.0243103 0.769324 78.1686
0.74454 -0.0133707 0.667444 5.22966 -0.00669366 0.9996 0.0274915 1.02463 -0.667545 -0.0249362 0.744153 78.9228
0.718577 -0.0143784 0.695298 5.9145 -0.0067854 0.999594 0.0276836 1.04009 -0.695414 -0.0246107 0.718188 79.6469
0.691493 -0.0130311 0.722265 6.62344 -0.00826937 0.999629 0.0259524 1.05301 -0.722336 -0.0239185 0.691129 80.3403
0.662814 -0.0124836 0.74868 7.35359 -0.00874866 0.999664 0.0244139 1.0644 -0.748733 -0.0227318 0.662483 81.0006
0.634285 -0.0129995 0.77299 8.10387 -0.00940433 0.999655 0.0245283 1.07691 -0.773042 -0.0228273 0.633944 81.63
0.603916 -0.0127421 0.796946 8.87168 -0.0105625 0.999657 0.0239873 1.08846 -0.796978 -0.022904 0.603575 82.2262
0.574392 -0.00790085 0.818542 9.65581 -0.0135439 0.999725 0.0191538 1.09563 -0.818468 -0.0220881 0.574128 82.7905
0.542593 1.26027e-05 0.839995 10.4573 -0.0152582 0.999835 0.00984103 1.09517 -0.839857 -0.0181565 0.542505 83.323
0.510863 0.00691099 0.859634 11.2732 -0.0176057 0.999842 0.0024245 1.08786 -0.859482 -0.016373 0.510905 83.8228
0.478716 0.0108232 0.877903 12.1042 -0.0197848 0.999803 -0.0015375 1.07729 -0.877747 -0.0166331 0.478837 84.2911
0.444837 0.00974821 0.895558 12.9513 -0.0202211 0.999795 -0.000838741 1.06818 -0.895383 -0.017736 0.444944 84.728
0.411461 0.00826388 0.911389 13.8115 -0.0251182 0.999682 0.00227554 1.06201 -0.911081 -0.0238287 0.411539 85.1321
0.37602 0.00963033 0.926561 14.6866 -0.0309278 0.99952 0.00216258 1.05558 -0.926095 -0.0294696 0.376138 85.5029
0.340527 0.0111615 0.940168 15.5729 -0.0375109 0.999295 0.00172295 1.04755 -0.939486 -0.0358532 0.340706 85.8416
0.304071 0.0126319 0.952565 16.4702 -0.0435195 0.999053 0.000643586 1.03968 -0.951655 -0.0416508 0.304333 86.1481
0.266962 0.0121762 0.96363 17.3789 -0.0437142 0.999044 -0.000513222 1.03126 -0.962715 -0.0419873 0.267239 86.4199
0.230206 0.0111911 0.973077 18.2977 -0.0438725 0.999037 -0.00111049 1.02246 -0.972152 -0.0424357 0.230476 86.6582
0.194202 0.0105698 0.980904 19.2243 -0.0436406 0.999045 -0.00212519 1.01201 -0.97999 -0.0423945 0.194479 86.8635
0.158075 0.00993193 0.987377 20.1616 -0.0433424 0.999056 -0.00311045 1.00077 -0.986475 -0.0423036 0.158357 87.0314
0.123181 0.0090994 0.992342 21.105 -0.0381513 0.999262 -0.00442708 0.987554 -0.991651 -0.0373138 0.123437 87.166
0.0887379 0.0102164 0.996002 22.055 -0.0371036 0.999288 -0.00694436 0.974495 -0.995364 -0.0363391 0.0890543 87.2668
0.0566241 0.0143861 0.998292 23.0091 -0.0369778 0.999241 -0.0123024 0.959083 -0.997711 -0.036218 0.0571136 87.3362
0.0267146 0.0161865 0.999512 23.9665 -0.0329224 0.999341 -0.0153037 0.93945 -0.999101 -0.0324975 0.0272305 87.3758
0.000529389 0.0162074 0.999868 24.9279 -0.0315166 0.999373 -0.0161827 0.920555 -0.999503 -0.0315038 0.0010404 87.3898
-0.0214111 0.0144227 0.999666 25.8937 -0.0319024 0.999377 -0.0151018 0.904608 -0.999262 -0.0322151 -0.0209371 87.3812
-0.0407192 0.0130749 0.999085 26.8634 -0.0319759 0.999386 -0.0143821 0.888369 -0.998659 -0.0325323 -0.0402755 87.3524
-0.0585075 0.0136252 0.998194 27.8341 -0.031751 0.999376 -0.0155024 0.870214 -0.997782 -0.0326006 -0.0580379 87.3063
-0.0722957 0.0169219 0.997239 28.8052 -0.0300442 0.999366 -0.0191361 0.849726 -0.996931 -0.0313446 -0.0717409 87.2444
-0.0845348 0.0196729 0.996226 29.7787 -0.0272373 0.999386 -0.0220465 0.82842 -0.996048 -0.0289981 -0.0839466 87.1711
-0.0945425 0.0225616 0.995265 30.7534 -0.0222988 0.999445 -0.0247745 0.804775 -0.995271 -0.0245355 -0.0939864 87.0843
-0.0995606 0.0259329 0.994693 31.7306 -0.0202326 0.999401 -0.0280808 0.779063 -0.994826 -0.022921 -0.0989757 86.9909
-0.103594 0.0276195 0.994236 32.7092 -0.0195951 0.999364 -0.0298037 0.753418 -0.994427 -0.0225696 -0.102986 86.8935
-0.107051 0.0280615 0.993857 33.6911 -0.0194354 0.999352 -0.03031 0.725571 -0.994064 -0.0225607 -0.106436 86.7928
-0.109013 0.0286847 0.993626 34.6765 -0.0190812 0.999339 -0.0309431 0.696591 -0.993857 -0.0223328 -0.108393 86.6902
-0.112327 0.029247 0.99324 35.6641 -0.0190216 0.999321 -0.0315772 0.667293 -0.993489 -0.02244 -0.111693 86.5835
-0.113545 0.0314166 0.993036 36.653 -0.017487 0.999282 -0.0336137 0.637925 -0.993379 -0.0211818 -0.112913 86.4715
-0.115631 0.0313507 0.992797 37.6469 -0.0168581 0.999296 -0.0335194 0.607218 -0.993149 -0.0206125 -0.11502 86.3594
-0.118533 0.0311555 0.992461 38.6438 -0.0161835 0.999315 -0.0333035 0.575547 -0.992818 -0.020009 -0.117947 86.2436
-0.120087 0.0310316 0.992278 39.6451 -0.0160326 0.999321 -0.0331921 0.542209 -0.992634 -0.0198947 -0.119507 86.1258
-0.122245 0.0311769 0.99201 40.649 -0.0167021 0.999301 -0.0334642 0.509019 -0.99236 -0.0206594 -0.121638 86.0039
-0.125521 0.0316196 0.991587 41.6544 -0.0166117 0.999285 -0.0339678 0.474355 -0.991952 -0.0207356 -0.124905 85.8786
-0.127222 0.0319488 0.991359 42.6657 -0.0169176 0.999266 -0.0343747 0.436152 -0.99173 -0.0211446 -0.126588 85.7541
-0.130677 0.0323698 0.990896 43.6773 -0.0179121 0.999227 -0.0350042 0.398902 -0.991264 -0.0223233 -0.129995 85.6251
-0.131775 0.0358675 0.99063 44.6965 -0.0209721 0.999021 -0.038961 0.356777 -0.991058 -0.0259096 -0.130893 85.4954
-0.134228 0.0358776 0.9903 45.718 -0.021833 0.998995 -0.039152 0.312805 -0.99071 -0.0268765 -0.13331 85.3628
-0.137711 0.0348918 0.989857 46.7432 -0.0232638 0.99899 -0.0384503 0.266862 -0.9902 -0.0283228 -0.13676 85.2266
-0.139868 0.0335072 0.989603 47.7722 -0.0244916 0.999005 -0.0372871 0.225575 -0.989868 -0.0294522 -0.138907 85.0883
-0.142288 0.0327199 0.989284 48.8074 -0.0250741 0.999014 -0.0366481 0.182185 -0.989508 -0.0300199 -0.141327 84.9451
-0.144955 0.0327307 0.988896 49.8455 -0.0254707 0.998998 -0.0367986 0.138774 -0.989111 -0.030522 -0.143976 84.7985
-0.145934 0.0325571 0.988758 50.8885 -0.0260225 0.998986 -0.0367346 0.0941932 -0.988952 -0.0310908 -0.144939 84.6499
-0.146873 0.0324877 0.988621 51.9352 -0.0264002 0.998976 -0.0367501 0.0529063 -0.988803 -0.0314974 -0.145864 84.4983
-0.147958 0.0321622 0.98847 52.9857 -0.0266308 0.998979 -0.0364903 0.0113675 -0.988635 -0.0317227 -0.14695 84.3475
-0.147117 0.0314435 0.988619 54.0417 -0.0279302 0.998964 -0.0359288 -0.0279267 -0.988725 -0.032898 -0.146086 84.1979
-0.147416 0.0309588 0.98859 55.1002 -0.0300106 0.99891 -0.0357571 -0.0701638 -0.988619 -0.0349393 -0.146326 84.0481
-0.146701 0.0307709 0.988702 56.1628 -0.0324933 0.998827 -0.0359073 -0.111035 -0.988647 -0.0373938 -0.145528 83.8994
-0.146701 0.0303971 0.988713 57.2277 -0.0349372 0.998745 -0.0358893 -0.154817 -0.988564 -0.0398078 -0.145455 83.751
-0.147363 0.0297114 0.988636 58.2947 -0.0365201 0.998704 -0.0354576 -0.202626 -0.988409 -0.0413302 -0.146086 83.6007
-0.146681 0.024785 0.988873 59.3722 -0.0366014 0.998866 -0.0304646 -0.248551 -0.988507 -0.0406627 -0.145606 83.453
-0.147063 0.0174883 0.988972 60.4577 -0.0348404 0.999132 -0.0228489 -0.287178 -0.988514 -0.0378164 -0.146325 83.2985
-0.148344 0.0129674 0.98885 61.5459 -0.0300594 0.999393 -0.0176151 -0.322784 -0.988479 -0.0323374 -0.147863 83.1395
-0.147143 0.0135289 0.989022 62.6428 -0.024156 0.999559 -0.0172668 -0.353015 -0.988821 -0.0264315 -0.146751 82.9806
-0.147415 0.0185304 0.988901 63.7387 -0.0198566 0.999568 -0.0216903 -0.386068 -0.988876 -0.0228336 -0.146982 82.816
-0.145647 0.023806 0.98905 64.8359 -0.0173937 0.999495 -0.0266188 -0.421592 -0.989184 -0.0210802 -0.145159 82.6544
-0.145201 0.0237618 0.989116 65.9387 -0.0174467 0.999495 -0.0265722 -0.457768 -0.989249 -0.0211151 -0.144712 82.4922
-0.145482 0.0231024 0.989091 67.0467 -0.0187408 0.999484 -0.0261016 -0.490149 -0.989184 -0.0223337 -0.144973 82.3264
-0.144387 0.0188697 0.989341 68.1641 -0.0191081 0.999579 -0.0218536 -0.517381 -0.989337 -0.0220598 -0.143965 82.1631
-0.144283 0.0176896 0.989378 69.2854 -0.0199424 0.999585 -0.0207804 -0.54042 -0.989336 -0.0227288 -0.14387 81.9999
-0.144805 0.0175357 0.989304 70.4114 -0.021309 0.999556 -0.0208364 -0.565008 -0.989231 -0.0240983 -0.144367 81.8341
-0.143773 0.0202942 0.989402 71.5431 -0.0206542 0.999511 -0.0235029 -0.592169 -0.989396 -0.0238144 -0.143283 81.6681
-0.143654 0.020427 0.989417 72.6773 -0.0204035 0.999514 -0.0235979 -0.62032 -0.989418 -0.0235775 -0.143167 81.5014
-0.142552 0.0193339 0.989598 73.8158 -0.0208048 0.99953 -0.0225249 -0.647118 -0.989569 -0.0237993 -0.142082 81.3368
-0.142288 0.0142444 0.989722 74.9605 -0.0179772 0.999695 -0.0169724 -0.664207 -0.989662 -0.0202074 -0.141988 81.1713
-0.142916 0.0126847 0.989653 76.1075 -0.0184582 0.99971 -0.0154791 -0.682015 -0.989563 -0.0204795 -0.142639 81.0039
-0.141843 0.0133603 0.989798 77.2596 -0.0200951 0.999664 -0.0163732 -0.70018 -0.989685 -0.0222125 -0.141527 80.8408
-0.141873 0.013682 0.98979 78.415 -0.0202234 0.999656 -0.0167171 -0.719551 -0.989679 -0.0223886 -0.141547 80.675
-0.142489 0.0133864 0.989705 79.5754 -0.0204975 0.999655 -0.016472 -0.738223 -0.989584 -0.0226336 -0.142165 80.5085
-0.141223 0.0124915 0.989898 80.7419 -0.0204448 0.999671 -0.0155315 -0.753065 -0.989767 -0.0224317 -0.140921 80.344
-0.140742 0.0123027 0.989969 81.9122 -0.0199847 0.999684 -0.0152646 -0.768036 -0.989845 -0.0219326 -0.140451 80.1815
-0.140532 0.0124969 0.989997 83.0868 -0.0193795 0.999694 -0.0153702 -0.783733 -0.989887 -0.0213456 -0.140246 80.0163
-0.139126 0.0125433 0.990195 84.2631 -0.0186074 0.999711 -0.0152782 -0.799633 -0.9901 -0.0205505 -0.138852 79.8529
-0.139201 0.0125351 0.990184 85.4455 -0.0191553 0.999699 -0.0153484 -0.816331 -0.990079 -0.0211037 -0.138918 79.688
-0.137112 0.0126123 0.990475 86.632 -0.0185912 0.99971 -0.0153035 -0.831618 -0.990381 -0.0205124 -0.136837 79.5254
-0.136068 0.0124559 0.990621 87.8238 -0.0179437 0.999726 -0.0150351 -0.847481 -0.990537 -0.0198212 -0.135807 79.3657
-0.135982 0.012184 0.990636 89.0221 -0.0187628 0.999714 -0.0148712 -0.863626 -0.990534 -0.0206093 -0.135714 79.2055
-0.134011 0.0119071 0.990908 90.2229 -0.0180309 0.999733 -0.0144517 -0.881622 -0.990816 -0.0198037 -0.13376 79.047
-0.132632 0.0121205 0.991091 91.4291 -0.0192885 0.999705 -0.0148071 -0.900467 -0.990978 -0.0210806 -0.132359 78.8915
-0.132229 0.0128526 0.991135 92.6409 -0.0193764 0.999692 -0.0155486 -0.92038 -0.99103 -0.0212607 -0.131938 78.736
-0.130251 0.0121124 0.991407 93.8562 -0.0205921 0.999677 -0.0149188 -0.93949 -0.991267 -0.0223583 -0.129959 78.5847
-0.130518 0.011177 0.991382 95.0773 -0.0226761 0.999642 -0.0142555 -0.956834 -0.991187 -0.0243413 -0.130217 78.4336
-0.129682 0.011426 0.991489 96.3024 -0.0241469 0.999601 -0.0146778 -0.976015 -0.991261 -0.0258448 -0.129354 78.2836
-0.13008 0.0108669 0.991443 97.5302 -0.0256192 0.99957 -0.0143173 -0.996856 -0.991172 -0.0272624 -0.129745 78.1317
-0.132221 0.00941304 0.991175 98.766 -0.0266849 0.999559 -0.0130524 -1.01765 -0.990861 -0.0281753 -0.131911 77.9782
-0.13258 0.00851324 0.991135 100.007 -0.0281141 0.999529 -0.012346 -1.03851 -0.990773 -0.0295017 -0.132278 77.8241
-0.134258 0.00787957 0.990915 101.251 -0.0292973 0.9995 -0.0119173 -1.05971 -0.990513 -0.0306311 -0.13396 77.6666
-0.136707 0.00758464 0.990582 102.5 -0.0295973 0.999493 -0.0117375 -1.07923 -0.990169 -0.0309231 -0.136413 77.5045
-0.138109 0.00689762 0.990393 103.75 -0.0295464 0.999503 -0.0110812 -1.09922 -0.989976 -0.0307929 -0.137835 77.3388
-0.1419 0.0056084 0.989865 105.004 -0.0307531 0.999477 -0.0100714 -1.11463 -0.989403 -0.0318705 -0.141652 77.1671
-0.144721 0.00519954 0.989458 106.254 -0.0308265 0.999478 -0.00976093 -1.13175 -0.988992 -0.0319141 -0.144484 76.9934
-0.149868 0.00845644 0.988669 107.505 -0.0348952 0.999296 -0.0138369 -1.15242 -0.98809 -0.0365736 -0.149467 76.8191
-0.157895 0.00915445 0.987413 108.755 -0.0351712 0.999271 -0.0148885 -1.17616 -0.986829 -0.0370793 -0.157458 76.6343
-0.165698 0.00651173 0.986155 110.003 -0.0342239 0.999339 -0.0123492 -1.19928 -0.985582 -0.0357964 -0.165365 76.4398
-0.176352 0.00558003 0.984311 111.247 -0.0341498 0.999348 -0.0117836 -1.22113 -0.983734 -0.0356921 -0.176046 76.2295
-0.190066 0.00641082 0.98175 112.49 -0.0338549 0.999342 -0.01308 -1.24785 -0.981187 -0.0357231 -0.189723 75.9987
-0.203526 0.00609287 0.97905 113.725 -0.0341269 0.99933 -0.0133134 -1.27251 -0.978474 -0.0361216 -0.20318 75.7545
-0.218587 0.00562743 0.975801 114.956 -0.0341748 0.999326 -0.0134185 -1.29674 -0.975219 -0.0362809 -0.218246 75.4916
-0.233398 0.00578075 0.972364 116.179 -0.0328264 0.999366 -0.0138206 -1.32152 -0.971827 -0.0351449 -0.233059 75.2121
-0.247762 0.00886798 0.96878 117.393 -0.0327875 0.999309 -0.0175327 -1.34777 -0.968266 -0.0361078 -0.2473 74.9143
-0.263631 0.00963739 0.964575 118.603 -0.0334016 0.99926 -0.019113 -1.37472 -0.964045 -0.0372571 -0.263113 74.6004
-0.278665 0.00832589 0.960352 119.803 -0.0353718 0.999196 -0.0189264 -1.40102 -0.959737 -0.0392435 -0.278145 74.2694
-0.294361 0.00406296 0.955685 120.996 -0.0397933 0.999072 -0.0165041 -1.42644 -0.954865 -0.042888 -0.293925 73.9214
-0.310486 0.00226946 0.950575 122.181 -0.0428623 0.998947 -0.016385 -1.45107 -0.949611 -0.0458311 -0.310061 73.5565
-0.324887 0.00168708 0.945751 123.354 -0.0453396 0.998821 -0.0173569 -1.48041 -0.944665 -0.048519 -0.324427 73.174
-0.340066 0.00194319 0.940399 124.517 -0.0454324 0.998797 -0.018493 -1.50878 -0.939303 -0.0490134 -0.339568 72.7746
-0.353739 0.00242497 0.935341 125.668 -0.0448872 0.998801 -0.0195655 -1.53762 -0.934266 -0.0489058 -0.353206 72.3578
-0.367738 0.00245348 0.929926 126.811 -0.0438538 0.998839 -0.0199772 -1.56964 -0.928895 -0.0481271 -0.367203 71.9222
-0.382498 0.00148346 0.923955 127.945 -0.0439646 0.998837 -0.0198041 -1.59806 -0.92291 -0.0481964 -0.381988 71.4705
-0.396493 0.000550895 0.918037 129.069 -0.0441188 0.998834 -0.0196539 -1.62993 -0.916977 -0.0482953 -0.396006 70.9998
-0.41102 0.000609513 0.911626 130.183 -0.0448394 0.998777 -0.0208843 -1.65921 -0.910523 -0.0494605 -0.410489 70.515
-0.426347 0.000865378 0.904559 131.291 -0.0448596 0.99875 -0.0220992 -1.69172 -0.903447 -0.0500001 -0.425774 70.0088
-0.440278 0.00136859 0.89786 132.389 -0.0441346 0.998758 -0.0231644 -1.71685 -0.896776 -0.0498255 -0.43967 69.4873
-0.454709 0.00181908 0.890638 133.476 -0.0431298 0.99878 -0.0240596 -1.74604 -0.889595 -0.0493531 -0.454075 68.9491
-0.470441 0.00384807 0.882423 134.553 -0.0430319 0.998701 -0.0272965 -1.77716 -0.881381 -0.0508137 -0.469664 68.3903
-0.484423 0.00447331 0.874822 135.62 -0.0425199 0.998685 -0.0286516 -1.81112 -0.8738 -0.0510768 -0.483595 67.8169
-0.500504 0.00299903 0.865729 136.68 -0.0427729 0.998688 -0.0281879 -1.84699 -0.864677 -0.0511379 -0.499719 67.2252
-0.515224 0.00142553 0.857054 137.735 -0.0442232 0.998623 -0.0282461 -1.88146 -0.855914 -0.0524548 -0.514451 66.6129
-0.530912 0.0005246 0.847426 138.781 -0.0447171 0.99859 -0.0286334 -1.91694 -0.846246 -0.0530963 -0.530139 65.982
-0.547332 -0.000254753 0.836915 139.821 -0.0454319 0.998535 -0.0294079 -1.9535 -0.835682 -0.0541185 -0.546541 65.3285
-0.562431 -0.00058052 0.826844 140.85 -0.0452083 0.998526 -0.0300503 -1.98978 -0.825607 -0.0542814 -0.561628 64.6527
-0.577635 -0.000944007 0.816294 141.871 -0.045239 0.9985 -0.0308577 -2.02731 -0.815041 -0.0547528 -0.57681 63.9547
-0.59343 -0.00127622 0.804884 142.884 -0.0453164 0.998466 -0.031828 -2.06573 -0.803609 -0.0553621 -0.592577 63.2352
-0.60752 -0.00289504 0.794299 143.883 -0.0461859 0.998431 -0.0316862 -2.10278 -0.79296 -0.0559354 -0.6067 62.4944
-0.623378 -0.0040538 0.78191 144.874 -0.0461176 0.998437 -0.0315909 -2.13714 -0.780559 -0.0557528 -0.62259 61.7284
-0.63746 -0.00482699 0.770468 145.854 -0.0459135 0.998442 -0.0317321 -2.1741 -0.769114 -0.0556028 -0.636688 60.9452
-0.651782 -0.00567484 0.758385 146.821 -0.0465048 0.99839 -0.032497 -2.21073 -0.756979 -0.0564495 -0.650996 60.1386
-0.667119 -0.00623931 0.744925 147.771 -0.0473538 0.998299 -0.0340463 -2.25326 -0.743444 -0.0579879 -0.666279 59.3134
-0.681501 -0.00736713 0.73178 148.71 -0.048808 0.998181 -0.0354053 -2.29726 -0.730188 -0.0598454 -0.68062 58.4688
-0.696797 -0.0109235 0.717185 149.635 -0.0511314 0.998097 -0.0344757 -2.3407 -0.715443 -0.0606932 -0.696029 57.6007
-0.713146 -0.0160647 0.70083 150.541 -0.0540915 0.998019 -0.0321651 -2.37971 -0.698925 -0.0608474 -0.712602 56.7095
-0.728857 -0.0176804 0.684437 151.434 -0.0550395 0.997945 -0.0328327 -2.42087 -0.682449 -0.0616014 -0.728332 55.7994
-0.745715 -0.0199761 0.665965 152.301 -0.0567321 0.997825 -0.0335953 -2.46453 -0.663845 -0.0628341 -0.745225 54.867
-0.762537 -0.022499 0.646553 153.146 -0.0594203 0.997607 -0.0353646 -2.50792 -0.64421 -0.0653852 -0.762048 53.9149
-0.778122 -0.0234725 0.627674 153.966 -0.059546 0.997558 -0.0365138 -2.55153 -0.625284 -0.0657877 -0.777619 52.9371
-0.794027 -0.0245927 0.607384 154.763 -0.0598647 0.997489 -0.0378727 -2.59914 -0.604927 -0.0664328 -0.793504 51.9396
-0.808422 -0.0239514 0.588115 155.538 -0.0575328 0.997603 -0.0384564 -2.64731 -0.585785 -0.0649249 -0.807862 50.9217
-0.822647 -0.0238785 0.56805 156.283 -0.0561377 0.997648 -0.0393613 -2.69815 -0.565774 -0.0642695 -0.822052 49.8795
-0.837087 -0.0235509 0.546561 156.997 -0.0552031 0.997611 -0.04156 -2.75057 -0.544276 -0.0649612 -0.836387 48.818
-0.849948 -0.0239175 0.526323 157.691 -0.0553492 0.997496 -0.0440536 -2.80273 -0.523951 -0.0665748 -0.849142 47.7438
-0.862292 -0.0238113 0.505851 158.357 -0.0542054 0.997496 -0.0454465 -2.8589 -0.503502 -0.066608 -0.861422 46.6529
-0.874098 -0.0245199 0.48513 158.995 -0.0531656 0.997555 -0.0453734 -2.91598 -0.482832 -0.0654531 -0.873263 45.5463
-0.883796 -0.0242622 0.467242 159.608 -0.0521411 0.997542 -0.0468269 -2.97621 -0.464957 -0.065748 -0.882888 44.4275
-0.893423 -0.024738 0.448535 160.197 -0.0518566 0.997488 -0.0482772 -3.04272 -0.446213 -0.0663914 -0.89246 43.2999
-0.901453 -0.0256485 0.432116 160.767 -0.0520906 0.997417 -0.0494658 -3.10687 -0.429731 -0.0671003 -0.90046 42.1603
-0.909034 -0.0264969 0.415879 161.318 -0.0520128 0.997388 -0.0501436 -3.1726 -0.413464 -0.0672132 -0.908036 41.0089
-0.916369 -0.026848 0.399432 161.846 -0.0513961 0.997383 -0.0508723 -3.23977 -0.397021 -0.0671471 -0.91535 39.8485
-0.922221 -0.0274288 0.385688 162.357 -0.051094 0.997379 -0.0512409 -3.30791 -0.383272 -0.0669617 -0.921205 38.6763
-0.927811 -0.028224 0.37198 162.852 -0.0510851 0.997354 -0.0517447 -3.37536 -0.369535 -0.067012 -0.926797 37.4954
-0.933493 -0.0319738 0.357166 163.324 -0.0528181 0.997414 -0.0487567 -3.43682 -0.354684 -0.0643789 -0.932767 36.3072
-0.937491 -0.0363557 0.346104 163.785 -0.0550808 0.997494 -0.0444175 -3.49421 -0.343622 -0.0607047 -0.937143 35.1098
-0.941543 -0.0365506 0.334903 164.228 -0.054267 0.997571 -0.0436928 -3.55104 -0.332493 -0.0593129 -0.941238 33.9039
-0.94505 -0.036717 0.324858 164.656 -0.0536462 0.997621 -0.0433071 -3.61068 -0.322495 -0.0583547 -0.94477 32.6872
-0.94679 -0.0329498 0.320161 165.074 -0.0501058 0.997708 -0.0454938 -3.6725 -0.317928 -0.059115 -0.94627 31.468
-0.948549 -0.0325846 0.314949 165.483 -0.0494478 0.997732 -0.0456992 -3.73546 -0.312745 -0.0589215 -0.948007 30.2457
-0.950459 -0.034269 0.308955 165.886 -0.0507833 0.997671 -0.0455672 -3.79717 -0.306674 -0.0589995 -0.949984 29.0184
-0.951462 -0.0401267 0.305138 166.286 -0.0555924 0.997564 -0.0421617 -3.85521 -0.302703 -0.0570786 -0.951374 27.7876
-0.953176 -0.0457114 0.298941 166.676 -0.060971 0.99726 -0.0419141 -3.91327 -0.296206 -0.0581783 -0.95335 26.5503
-0.95394 -0.0511955 0.295595 167.067 -0.0668583 0.996831 -0.0431179 -3.97262 -0.292451 -0.0608949 -0.954339 25.31
-0.954929 -0.0541892 0.291844 167.453 -0.0702825 0.996515 -0.0449365 -4.03248 -0.288392 -0.0634228 -0.955409 24.0669
-0.956096 -0.0545785 0.287927 167.832 -0.0706292 0.996459 -0.0456471 -4.09523 -0.284416 -0.063979 -0.956563 22.8234
-0.955942 -0.0542112 0.288505 168.213 -0.0703897 0.99646 -0.045993 -4.1576 -0.284991 -0.0642744 -0.956372 21.5821
-0.955749 -0.0540894 0.289166 168.591 -0.0702875 0.99647 -0.0459208 -4.22164 -0.285662 -0.0642135 -0.956176 20.3388
-0.955747 -0.0537506 0.289236 168.97 -0.0702209 0.996431 -0.0468638 -4.2843 -0.285685 -0.0651003 -0.956109 19.0957
-0.954802 -0.0534002 0.292407 169.351 -0.0701856 0.996417 -0.0472098 -4.3464 -0.288839 -0.0655987 -0.955127 17.8533
-0.954691 -0.0527558 0.292885 169.73 -0.0693076 0.996516 -0.0464185 -4.40658 -0.289416 -0.0646145 -0.95502 16.6103
-0.953538 -0.0525624 0.296651 170.116 -0.0693276 0.996521 -0.0462731 -4.46729 -0.293187 -0.0646893 -0.953864 15.3697
-0.952361 -0.0531841 0.300299 170.505 -0.0702247 0.99646 -0.0462319 -4.52748 -0.296778 -0.0651179 -0.952724 14.1323
-0.951248 -0.0530039 0.303836 170.9 -0.0697808 0.996565 -0.0446197 -4.58484 -0.300427 -0.0636464 -0.951678 12.8978
-0.948699 -0.05437 0.311469 171.305 -0.0705001 0.99668 -0.040755 -4.64064 -0.308219 -0.0606228 -0.949382 11.6664
-0.946246 -0.0544444 0.318832 171.718 -0.0707332 0.996705 -0.0397262 -4.69342 -0.315619 -0.0601428 -0.946978 10.4399
-0.943893 -0.0527942 0.326002 172.139 -0.0692605 0.996833 -0.0391027 -4.74561 -0.322905 -0.0594878 -0.94456 9.21692
-0.940298 -0.0521011 0.33634 172.575 -0.0693036 0.996821 -0.0393369 -4.79749 -0.333221 -0.060298 -0.940918 8.00212
-0.936804 -0.0500128 0.346262 173.023 -0.0674843 0.996975 -0.0385777 -4.8495 -0.343285 -0.059507 -0.937344 6.79459
-0.933002 -0.0481616 0.356632 173.482 -0.0660254 0.997092 -0.0380795 -4.89993 -0.353761 -0.059075 -0.933468 5.59192
-0.92809 -0.0466207 0.369426 173.955 -0.0650516 0.997175 -0.0375847 -4.95017 -0.36663 -0.0589137 -0.928499 4.39635
-0.923031 -0.0453179 0.382047 174.442 -0.0643738 0.997232 -0.0372378 -5.00169 -0.379302 -0.0589655 -0.923392 3.20611
-0.916908 -0.0431899 0.396753 174.945 -0.0623513 0.997423 -0.0355178 -5.05141 -0.394197 -0.0573047 -0.917237 2.02565
-0.911009 -0.0427769 0.410162 175.465 -0.0620812 0.997498 -0.0338563 -5.09812 -0.407687 -0.0563067 -0.911384 0.852948
-0.905206 -0.0420361 0.422887 176.002 -0.0617757 0.997543 -0.0330749 -5.14603 -0.420458 -0.0560638 -0.905578 -0.31089
-0.898293 -0.0418606 0.437398 176.555 -0.062051 0.997562 -0.0319651 -5.19634 -0.434993 -0.055855 -0.898699 -1.46604
-0.89125 -0.0406709 0.451684 177.127 -0.0605571 0.997725 -0.0296517 -5.24121 -0.449451 -0.0537798 -0.891684 -2.61103
-0.884137 -0.0396166 0.465545 177.716 -0.0588042 0.997912 -0.026758 -5.28418 -0.463513 -0.0510337 -0.884619 -3.74646
-0.875937 -0.0391753 0.480831 178.323 -0.0571497 0.998106 -0.0227907 -5.3237 -0.479028 -0.0474426 -0.876516 -4.87018
-0.867279 -0.0381882 0.496356 178.948 -0.0560162 0.998208 -0.0210773 -5.35972 -0.494662 -0.0460839 -0.867863 -5.98007
-0.857728 -0.0355822 0.51287 179.592 -0.0527693 0.998427 -0.0189823 -5.39495 -0.511388 -0.0433454 -0.858256 -7.07547
-0.846671 -0.033026 0.531091 180.258 -0.0498236 0.998609 -0.0173305 -5.42931 -0.52978 -0.0411341 -0.847137 -8.15479
-0.835564 -0.0326793 0.54842 180.946 -0.0494003 0.998656 -0.0157575 -5.46136 -0.547167 -0.0402585 -0.836054 -9.2182
-0.823959 -0.0305341 0.565826 181.653 -0.0472748 0.998771 -0.0149444 -5.49112 -0.564674 -0.0390628 -0.824389 -10.2649
-0.811385 -0.0298133 0.583751 182.383 -0.0462161 0.998845 -0.0132253 -5.51884 -0.582682 -0.0377095 -0.811824 -11.2935
-0.797968 -0.0283606 0.602033 183.135 -0.0429135 0.999032 -0.00981752 -5.54287 -0.601171 -0.0336694 -0.798411 -12.3064
-0.782527 -0.0270112 0.622031 183.912 -0.0395313 0.999199 -0.00634167 -5.55904 -0.621361 -0.0295522 -0.782966 -13.2959
-0.765714 -0.0238998 0.642737 184.711 -0.0360543 0.999334 -0.00579298 -5.57453 -0.64217 -0.0276092 -0.766064 -14.2639
-0.748148 -0.0218895 0.663171 185.536 -0.0342105 0.9994 -0.0056066 -5.58787 -0.66265 -0.026882 -0.748446 -15.2068
-0.729981 -0.0213366 0.683135 186.382 -0.0334013 0.999433 -0.00447616 -5.5999 -0.682651 -0.0260851 -0.730278 -16.1209
-0.710613 -0.0211323 0.703265 187.254 -0.0322172 0.999479 -0.00252068 -5.60964 -0.702845 -0.0244485 -0.710923 -17.0091
-0.68987 -0.0209187 0.72363 188.146 -0.0317321 0.999497 -0.00135829 -5.61967 -0.723237 -0.0238994 -0.690186 -17.8677
-0.668858 -0.0203729 0.74311 189.062 -0.0311978 0.999514 -0.000678106 -5.62706 -0.742735 -0.023637 -0.669168 -18.6982
-0.647534 -0.0206317 0.761757 190 -0.0321866 0.999483 -0.000289968 -5.63518 -0.761356 -0.0247062 -0.647862 -19.5003
-0.62554 -0.020516 0.779922 190.955 -0.0314401 0.999506 0.00107551 -5.64283 -0.779558 -0.0238481 -0.625875 -20.2716
-0.602725 -0.0204765 0.797686 191.93 -0.0296991 0.999555 0.003218 -5.64828 -0.797396 -0.021751 -0.603064 -21.0125
-0.578338 -0.0201025 0.81555 192.922 -0.028634 0.999582 0.00433326 -5.65072 -0.815295 -0.0208464 -0.57867 -21.7231
-0.552558 -0.0179813 0.833281 193.931 -0.0262369 0.999648 0.00417336 -5.65258 -0.833062 -0.0195567 -0.552834 -22.3998
-0.525368 -0.0175498 0.850694 194.96 -0.0245911 0.999684 0.00543663 -5.65215 -0.85052 -0.0180632 -0.525633 -23.043
-0.497201 -0.0186172 0.867435 196.006 -0.0244256 0.999675 0.00745491 -5.64962 -0.867291 -0.0174811 -0.497493 -23.6507
-0.468305 -0.0199839 0.883341 197.068 -0.0233743 0.999676 0.0102238 -5.64421 -0.883258 -0.0158596 -0.468619 -24.2229
-0.438229 -0.0195791 0.89865 198.147 -0.0217796 0.999702 0.0111599 -5.63909 -0.8986 -0.0146817 -0.438524 -24.7602
-0.406168 -0.0186871 0.913607 199.239 -0.0209531 0.99972 0.0111332 -5.63412 -0.913558 -0.014621 -0.406444 -25.2585
-0.373794 -0.0181351 0.927334 200.342 -0.0187848 0.999753 0.0119795 -5.62622 -0.927321 -0.012942 -0.374042 -25.7163
-0.342219 -0.0174201 0.939459 201.458 -0.0138347 0.999814 0.0134996 -5.61812 -0.939518 -0.00837734 -0.342395 -26.1365
-0.30888 -0.0176563 0.950937 202.582 -0.0129783 0.999814 0.0143482 -5.60618 -0.951012 -0.00790968 -0.309051 -26.5182
-0.275428 -0.0181001 0.961151 203.72 -0.00922854 0.999828 0.0161839 -5.59093 -0.961277 -0.00441255 -0.275547 -26.861
-0.239979 -0.0193111 0.970586 204.866 -0.00793388 0.999809 0.0179308 -5.57575 -0.970746 -0.00339753 -0.240085 -27.1606
-0.204815 -0.0198422 0.978599 206.014 -0.00496724 0.999804 0.0192325 -5.55422 -0.978788 -0.00092188 -0.204873 -27.4199
-0.169516 -0.0200487 0.985323 207.172 -0.00198326 0.999799 0.0200021 -5.53471 -0.985525 0.00143647 -0.169521 -27.6406
-0.133629 -0.0203996 0.990821 208.334 0.000213933 0.999789 0.0206131 -5.51413 -0.991031 0.00296642 -0.133595 -27.8167
-0.0980037 -0.020382 0.994977 209.5 0.00259864 0.999783 0.0207364 -5.49051 -0.995182 0.00461778 -0.0979287 -27.9479
-0.0625705 -0.0199132 0.997842 210.67 0.00356546 0.999791 0.0201757 -5.46304 -0.998034 0.00482011 -0.0624857 -28.0328
-0.0276279 -0.0199609 0.999419 211.84 0.00521586 0.999785 0.0201124 -5.43632 -0.999604 0.00576843 -0.0275172 -28.0763
0.00517203 -0.0202649 0.999781 213.011 0.00689292 0.999773 0.0202291 -5.4063 -0.999963 0.00678673 0.00531117 -28.0708
0.0386934 -0.0197745 0.999055 214.174 0.00777769 0.999781 0.0194877 -5.38265 -0.99922 0.00701624 0.0388393 -28.029
0.0708702 -0.0201395 0.997282 215.333 0.0107146 0.999755 0.019428 -5.35988 -0.997428 0.00930852 0.0710691 -27.9501
0.101985 -0.0210091 0.994564 216.49 0.0133399 0.999717 0.0197501 -5.33452 -0.994696 0.0112531 0.102237 -27.8368
0.132861 -0.0217394 0.990896 217.639 0.0172474 0.99966 0.0196192 -5.3095 -0.990984 0.0144837 0.133192 -27.6916
0.162621 -0.0215913 0.986452 218.782 0.0194649 0.999637 0.0186711 -5.2807 -0.986496 0.0161649 0.162983 -27.5066
0.191319 -0.0218422 0.981285 219.916 0.0225565 0.999587 0.0178518 -5.25627 -0.981268 0.0187189 0.191733 -27.2859
0.221023 -0.022385 0.975011 221.047 0.0257537 0.999523 0.0171097 -5.23741 -0.974928 0.0213285 0.221495 -27.0377
0.249626 -0.0240348 0.968044 222.163 0.0314318 0.999367 0.0167073 -5.22225 -0.967832 0.0262567 0.250223 -26.7552
0.279503 -0.0247672 0.959825 223.273 0.0337943 0.999303 0.0159449 -5.21113 -0.95955 0.0279799 0.280145 -26.4424
0.30823 -0.0260168 0.950956 224.376 0.0388209 0.999138 0.0147521 -5.20285 -0.950519 0.0323699 0.308975 -26.0918
0.336125 -0.0261632 0.941454 225.471 0.0395088 0.999127 0.0136602 -5.1983 -0.940988 0.0326041 0.336865 -25.7121
0.363888 -0.0273864 0.93104 226.561 0.0406825 0.999082 0.0134875 -5.19792 -0.930553 0.032969 0.364669 -25.2961
0.391701 -0.0280384 0.919665 227.642 0.0407245 0.999085 0.0131145 -5.19839 -0.91919 0.0323159 0.392485 -24.8415
0.419188 -0.0280906 0.907465 228.719 0.0441062 0.998972 0.0105491 -5.20191 -0.906827 0.0356027 0.419996 -24.3517
0.447722 -0.0274735 0.89375 229.784 0.0474736 0.99885 0.00692247 -5.20359 -0.892911 0.0393301 0.448512 -23.8312
0.474355 -0.0291683 0.87985 230.835 0.0513529 0.998667 0.00542129 -5.20978 -0.878834 0.0426112 0.47522 -23.2679
0.501277 -0.0310123 0.864731 231.872 0.0531243 0.998576 0.00501674 -5.21522 -0.863654 0.0434234 0.502211 -22.6708
0.526735 -0.0319954 0.849427 232.891 0.0529002 0.998589 0.00481022 -5.22034 -0.848381 0.042401 0.527684 -22.0411
0.54963 -0.031478 0.834814 233.895 0.0522568 0.998629 0.00324978 -5.22388 -0.833772 0.0418385 0.550522 -21.3881
0.571028 -0.0312772 0.820334 234.883 0.0519075 0.998651 0.00194355 -5.23092 -0.819287 0.0414716 0.571881 -20.7029
0.590554 -0.0318838 0.806368 235.855 0.0516797 0.998663 0.00163883 -5.23574 -0.805341 0.0407049 0.591412 -19.9918
0.608303 -0.0337639 0.792986 236.814 0.0519868 0.998645 0.00264116 -5.23819 -0.792 0.0396181 0.609234 -19.2564
0.62601 -0.0357858 0.778993 237.759 0.0525755 0.998611 0.00362426 -5.23872 -0.77804 0.0386871 0.627022 -18.4985
0.641574 -0.0374694 0.766145 238.694 0.05309 0.998581 0.00437924 -5.23901 -0.765221 0.037865 0.642652 -17.7211
0.65759 -0.0387565 0.752378 239.612 0.0537061 0.998548 0.00449726 -5.23919 -0.751459 0.0374498 0.658716 -16.9248
0.672929 -0.0385964 0.738699 240.513 0.0534155 0.998567 0.00351458 -5.24172 -0.737775 0.0370929 0.674026 -16.107
0.687464 -0.0393601 0.72515 241.399 0.053752 0.99855 0.00324128 -5.24458 -0.724225 0.0367499 0.688583 -15.2668
0.702703 -0.0410422 0.710299 242.272 0.0539334 0.998536 0.00434042 -5.24635 -0.709436 0.0352587 0.703887 -14.4048
0.717067 -0.0435221 0.695643 243.123 0.0544209 0.998499 0.00637298 -5.24443 -0.694875 0.0332876 0.718359 -13.5237
0.730677 -0.0449087 0.681245 243.966 0.0545701 0.998484 0.00729187 -5.24072 -0.680539 0.0318475 0.73202 -12.624
0.744975 -0.0451357 0.665563 244.789 0.0551186 0.998463 0.00601645 -5.23712 -0.66481 0.0322027 0.746317 -11.7093
0.757607 -0.0455253 0.651121 245.597 0.0551142 0.998465 0.00568339 -5.23367 -0.650379 0.0315801 0.758953 -10.7756
0.768746 -0.0461635 0.637885 246.391 0.0549417 0.998472 0.00604624 -5.23136 -0.637189 0.0303984 0.770108 -9.82501
0.780266 -0.0479075 0.62361 247.169 0.0554707 0.998435 0.00729725 -5.23029 -0.622983 0.0288982 0.781702 -8.85614
0.790275 -0.0492848 0.610767 247.941 0.0561617 0.998392 0.00789557 -5.22926 -0.610172 0.0280619 0.791771 -7.8702
0.801089 -0.0497451 0.596474 248.7 0.0563295 0.998384 0.00761103 -5.23107 -0.595888 0.0275019 0.802597 -6.86615
0.810101 -0.0505626 0.584106 249.444 0.0589452 0.998251 0.00466123 -5.23111 -0.583319 0.0306541 0.811664 -5.84902
0.818057 -0.0519293 0.572788 250.178 0.0598938 0.998194 0.00495642 -5.2333 -0.57201 0.0302517 0.819689 -4.81543
0.826341 -0.0535704 0.560616 250.899 0.060696 0.99814 0.00591353 -5.23494 -0.559889 0.0291405 0.828055 -3.76878
0.833288 -0.0542561 0.55017 251.611 0.0612358 0.998108 0.00568268 -5.2336 -0.549437 0.0289547 0.835033 -2.71018
0.838165 -0.0555195 0.542584 252.321 0.0617543 0.99807 0.00673088 -5.23301 -0.541909 0.0278652 0.839975 -1.63749
0.842632 -0.056463 0.535521 253.019 0.0617114 0.998062 0.00812969 -5.22926 -0.534941 0.0261973 0.844483 -0.555299
0.84455 -0.0579043 0.532336 253.715 0.0621325 0.998019 0.00998549 -5.2228 -0.531859 0.024642 0.846474 0.537454
0.847745 -0.0590351 0.527108 254.404 0.062725 0.997973 0.0108909 -5.21295 -0.526681 0.02383 0.849729 1.63704
0.85 -0.0606263 0.523282 255.093 0.063791 0.997892 0.0119939 -5.19893 -0.522905 0.0231858 0.852075 2.74507
0.85137 -0.0626495 0.520811 255.781 0.0648807 0.997797 0.0139667 -5.17966 -0.520537 0.0218996 0.853558 3.85682
0.853943 -0.0650862 0.51628 256.465 0.0667112 0.997654 0.0154296 -5.15823 -0.516072 0.0212656 0.856281 4.97505
0.856027 -0.066119 0.512684 257.147 0.0677144 0.997584 0.0155922 -5.13872 -0.512475 0.0213686 0.858436 6.09952
0.857297 -0.0675063 0.510377 257.832 0.0687567 0.997499 0.0164439 -5.1191 -0.51021 0.0209945 0.859794 7.22949
0.859848 -0.0675229 0.506064 258.507 0.0683236 0.997519 0.0170087 -5.09986 -0.505956 0.0199511 0.862328 8.36602
0.861895 -0.068769 0.502401 259.176 0.0689207 0.997456 0.0182953 -5.0791 -0.50238 0.0188571 0.864441 9.50897
0.863321 -0.0690703 0.499907 259.845 0.0687232 0.997454 0.0191322 -5.05766 -0.499954 0.0178378 0.865868 10.6557
0.865191 -0.0691895 0.496646 260.507 0.068166 0.997471 0.0202114 -5.035 -0.496786 0.0163675 0.867718 11.8035
0.865418 -0.0692708 0.496239 261.168 0.0676527 0.997484 0.0212571 -5.0122 -0.496461 0.0151755 0.867926 12.9575
0.866416 -0.0695309 0.494457 261.827 0.0676564 0.997474 0.0217141 -4.98798 -0.494716 0.0146396 0.868931 14.111
0.866859 -0.0696113 0.493669 262.482 0.0674231 0.997477 0.0222607 -4.96326 -0.493972 0.0139877 0.869365 15.265
