1 0 0 0 0 1 0 0 0 0 1 0
0.999996 -0.00240919 -0.00164378 -0.0059842 0.00241411 0.999993 0.00299892 -0.031494 0.00163654 -0.00300287 0.999994 1.52221
0.999995 -0.00290179 -0.00139599 -0.0136836 0.00290851 0.999984 0.00483887 -0.0444064 0.00138192 -0.00484291 0.999987 3.04647
0.999992 -0.0022034 -0.00322967 -0.0309782 0.00222051 0.999983 0.00530196 -0.0557948 0.00321793 -0.00530909 0.999981 4.59006
0.999993 -0.00170498 -0.00320136 -0.0426072 0.00172245 0.999984 0.00546087 -0.0608745 0.00319199 -0.00546635 0.99998 6.07869
0.999982 -0.00256338 -0.00551133 -0.0599987 0.00260011 0.999974 0.00666693 -0.0745845 0.0054941 -0.00668114 0.999963 7.62013
0.999971 -0.00269841 -0.00716775 -0.0787518 0.00274932 0.999971 0.00710127 -0.0775246 0.00714838 -0.00712077 0.999949 9.12132
0.999972 -0.00362648 -0.00653763 -0.0910454 0.00367256 0.999968 0.00705021 -0.0938353 0.00651186 -0.00707403 0.999954 10.6249
0.999946 -0.00484793 -0.00918985 -0.105883 0.00491517 0.999961 0.00730849 -0.0956707 0.00915406 -0.00735327 0.999931 12.1383
0.999934 -0.00570445 -0.00992551 -0.123593 0.00578218 0.999953 0.00782061 -0.0962606 0.00988043 -0.00787749 0.99992 13.6322
0.999944 -0.00501396 -0.00936195 -0.146299 0.00508986 0.999954 0.00810183 -0.0981431 0.0093209 -0.00814903 0.999923 15.1012
0.99993 -0.00384855 -0.0111519 -0.176046 0.00395097 0.99995 0.00917666 -0.0995988 0.011116 -0.00922008 0.999896 16.6038
0.999932 -0.00232026 -0.0114471 -0.202653 0.00243954 0.999943 0.010417 -0.101072 0.0114223 -0.0104442 0.99988 18.0834
0.999954 -0.00130926 -0.00953371 -0.224829 0.00141068 0.999942 0.0106396 -0.104537 0.00951923 -0.0106526 0.999898 19.5783
0.999937 -0.00119339 -0.0111325 -0.253972 0.001328 0.999926 0.012092 -0.0980457 0.0111172 -0.012106 0.999865 21.0647
0.999956 -0.000562596 -0.00937337 -0.273002 0.000680166 0.999921 0.0125445 -0.0894402 0.00936557 -0.0125504 0.999877 22.5546
0.999951 0.0010105 -0.00983998 -0.299296 -0.000878412 0.99991 0.0134188 -0.0832972 0.00985265 -0.0134095 0.999862 24.0316
0.999954 0.00124312 -0.00952879 -0.321817 -0.00111006 0.999902 0.0139575 -0.0750787 0.00954521 -0.0139462 0.999857 25.482
0.999976 0.00190611 -0.00664686 -0.324822 -0.00182061 0.999916 0.0128462 -0.0841744 0.00667079 -0.0128338 0.999895 26.9407
0.999966 0.00230245 -0.00797574 -0.352951 -0.00220609 0.999925 0.0120699 -0.0780761 0.00800293 -0.0120519 0.999895 28.3892
0.999974 0.00201003 -0.00694576 -0.371243 -0.00192048 0.999915 0.0128751 -0.0724439 0.00697105 -0.0128614 0.999893 29.8367
0.999985 0.00186593 -0.00511256 -0.382941 -0.00179455 0.999901 0.0139304 -0.059325 0.00513805 -0.013921 0.99989 31.2462
0.999979 0.00138258 -0.00632289 -0.400284 -0.00128818 0.999888 0.0149092 -0.0556077 0.0063428 -0.0149008 0.999869 32.6733
0.999991 0.00134225 -0.00401076 -0.403935 -0.00127878 0.999875 0.0157859 -0.0356262 0.00403144 -0.0157806 0.999867 34.0644
0.999989 0.00166505 -0.00435543 -0.420019 -0.00160279 0.999897 0.0142582 -0.0194454 0.00437872 -0.0142511 0.999889 35.4646
0.999992 0.00192872 -0.00352685 -0.434173 -0.00187835 0.999897 0.0142295 -0.00486851 0.00355393 -0.0142228 0.999892 36.8358
0.999997 0.00228193 -0.00080583 -0.437936 -0.00226938 0.999881 0.0152398 0.00799437 0.000840512 -0.0152379 0.999883 38.1891
0.999996 0.00284798 -0.000699606 -0.456626 -0.00283613 0.999861 0.0163986 0.0221868 0.000746214 -0.0163965 0.999865 39.5298
0.999997 0.00221119 0.000993406 -0.469194 -0.00222879 0.999834 0.0180796 0.0291579 -0.000953263 -0.0180818 0.999836 40.8536
0.999993 0.002181 0.00312142 -0.472686 -0.00223952 0.999819 0.018868 0.0436585 -0.0030797 -0.0188748 0.999817 42.1464
0.999987 0.00229781 0.00467918 -0.478699 -0.00238679 0.999815 0.0190997 0.0547716 -0.00463443 -0.0191106 0.999807 43.4344
0.999956 0.00176345 0.00925762 -0.470427 -0.00193687 0.999822 0.0187565 0.0651272 -0.00922289 -0.0187736 0.999781 44.6948
0.999927 0.0020511 0.0119617 -0.46652 -0.00228194 0.999811 0.0193173 0.0879682 -0.0119198 -0.0193432 0.999742 45.9431
0.999851 0.00227202 0.0171202 -0.453099 -0.00259834 0.999815 0.0190621 0.115322 -0.0170737 -0.0191037 0.999672 47.1612
0.999825 0.00247817 0.0185611 -0.453549 -0.00282988 0.999816 0.0189464 0.128169 -0.0185108 -0.0189956 0.999648 48.4071
0.999683 0.00262464 0.0250364 -0.429227 -0.00311249 0.999806 0.0194664 0.147524 -0.0249805 -0.0195382 0.999497 49.6029
0.999489 0.00441803 0.031665 -0.405993 -0.00501471 0.999811 0.0187888 0.169974 -0.031576 -0.018938 0.999322 50.8078
0.999179 0.00593665 0.0400751 -0.374749 -0.0067069 0.999795 0.0191132 0.191448 -0.0399534 -0.0193663 0.999014 51.9837
0.998841 0.00597796 0.0477675 -0.34385 -0.006927 0.999781 0.0197271 0.187859 -0.0476391 -0.0200352 0.998663 53.1684
0.99823 0.00739262 0.0590037 -0.277185 -0.0085894 0.999762 0.0200553 0.200734 -0.0588414 -0.0205267 0.998056 54.326
0.997421 0.00937509 0.0711535 -0.220176 -0.0108495 0.999734 0.0203628 0.212959 -0.0709436 -0.0210823 0.997257 55.4842
0.996179 0.0116026 0.0865656 -0.149097 -0.0134183 0.999701 0.0204227 0.22705 -0.0863027 -0.0215062 0.996036 56.6425
0.994538 0.0129231 0.103572 -0.0373738 -0.0152556 0.999647 0.0217605 0.233106 -0.103254 -0.0232217 0.994384 57.7633
0.992618 0.0134469 0.120538 0.0680655 -0.0163128 0.999606 0.0228209 0.24252 -0.120184 -0.0246187 0.992446 58.8811
0.990094 0.0129719 0.139807 0.211718 -0.0164263 0.999587 0.0235826 0.258232 -0.139443 -0.0256455 0.989898 59.9854
0.986932 0.0122635 0.160669 0.381782 -0.0161528 0.999607 0.0229233 0.271407 -0.160325 -0.025219 0.986742 61.0661
0.983413 0.0113398 0.181026 0.555983 -0.0157269 0.999616 0.0228178 0.287547 -0.180698 -0.0252863 0.983213 62.1375
0.978999 0.00537815 0.203792 0.771552 -0.0107522 0.999623 0.0252723 0.276434 -0.203579 -0.0269327 0.978688 63.1825
0.974099 -3.96699e-05 0.22612 0.999013 -0.00637968 0.999597 0.0276583 0.292758 -0.22603 -0.0283845 0.973706 64.2143
0.968218 -0.00483867 0.250063 1.25165 -0.00292353 0.999525 0.0306603 0.290663 -0.250092 -0.0304169 0.967744 65.2204
0.961215 -0.0103477 0.275605 1.53204 0.00233122 0.999565 0.0293987 0.291167 -0.275789 -0.0276159 0.960821 66.2076
0.953503 -0.0131488 0.301098 1.8253 0.00432758 0.999542 0.0299453 0.313929 -0.301354 -0.0272499 0.953123 67.1774
0.944497 -0.0134423 0.328244 2.14992 0.00413771 0.99957 0.0290287 0.340919 -0.328493 -0.0260594 0.944147 68.1154
0.934288 -0.0176387 0.356082 2.51707 0.0070428 0.999493 0.0310314 0.351563 -0.356448 -0.0264845 0.933939 69.0637
0.922895 -0.0201916 0.384521 2.89147 0.00877027 0.999467 0.0314334 0.358848 -0.384951 -0.0256373 0.922581 69.9814
0.910497 -0.020052 0.413029 3.28243 0.00797687 0.999489 0.0309393 0.401493 -0.413438 -0.0248754 0.910192 70.8698
0.897112 -0.0200682 0.441348 3.70075 0.00928313 0.999603 0.0265827 0.419542 -0.441706 -0.0197505 0.896942 71.7396
0.882265 -0.0215529 0.470259 4.13916 0.0111763 0.999628 0.0248468 0.453448 -0.47062 -0.0166657 0.882178 72.5793
0.86556 -0.0221008 0.500317 4.61508 0.00944296 0.999568 0.027818 0.459403 -0.500716 -0.0193537 0.865395 73.422
0.848096 -0.021 0.529426 5.10135 0.00500602 0.999487 0.031626 0.486805 -0.529819 -0.0241716 0.847766 74.2267
0.828259 -0.0216259 0.559929 5.62385 0.0043385 0.999472 0.0321847 0.499349 -0.560329 -0.024228 0.827915 75.0087
0.80685 -0.0164732 0.590527 6.14281 -0.000343645 0.999598 0.028354 0.51513 -0.590756 -0.0230803 0.80652 75.7698
0.784397 -0.00973088 0.620182 6.71202 -0.00441752 0.999764 0.0212738 0.526027 -0.620243 -0.0194268 0.784169 76.5111
0.760527 -0.0081456 0.649255 7.31263 -0.00575127 0.999797 0.0192805 0.541179 -0.649281 -0.0183973 0.760326 77.2239
0.737017 -0.00938695 0.675809 7.92878 -0.00565911 0.999782 0.0200586 0.549305 -0.67585 -0.018608 0.736804 77.9055
0.71202 -0.00982847 0.702091 8.56411 -0.00605359 0.999779 0.020135 0.568951 -0.702133 -0.0185866 0.711803 78.5586
0.685901 -0.00814839 0.727649 9.23891 -0.0064356 0.99983 0.0172627 0.563822 -0.727666 -0.0165233 0.685732 79.1931
0.659196 -0.00844623 0.751924 9.90736 -0.00707282 0.999823 0.0174314 0.587839 -0.751938 -0.0168089 0.659019 79.7925
0.631113 -0.00797835 0.77565 10.6137 -0.00808983 0.999825 0.0168666 0.602546 -0.775649 -0.0169196 0.630938 80.3787
0.603236 -0.00761038 0.797527 11.3166 -0.00856767 0.999835 0.0160213 0.598576 -0.797517 -0.0164976 0.603071 80.9288
0.573981 -0.00260369 0.818864 12.056 -0.0104976 0.999889 0.0105376 0.60443 -0.818801 -0.0146445 0.573891 81.4594
0.542794 0.00539248 0.839849 12.8204 -0.0124068 0.999921 0.00159826 0.613728 -0.839774 -0.0112874 0.542819 81.9789
0.511634 0.0132918 0.8591 13.587 -0.0142338 0.999874 -0.00699289 0.604655 -0.859085 -0.00865046 0.51176 82.4556
0.480014 0.0172579 0.877091 14.3909 -0.0170878 0.9998 -0.0103206 0.59275 -0.877094 -0.0100335 0.480214 82.9167
0.446533 0.0163646 0.894617 15.2239 -0.0193625 0.999775 -0.00862371 0.585564 -0.894557 -0.0134713 0.44675 83.3512
0.413678 0.0147752 0.910303 16.0593 -0.0247432 0.999681 -0.00498159 0.587177 -0.910087 -0.020463 0.413912 83.7391
0.378308 0.0161294 0.925539 16.9329 -0.0289203 0.999566 -0.00559848 0.569851 -0.925228 -0.0246489 0.37861 84.1117
0.343514 0.0180083 0.938975 17.7912 -0.0360707 0.999331 -0.00596982 0.555117 -0.938455 -0.0318188 0.343934 84.4446
0.307102 0.0198739 0.951469 18.6798 -0.0421456 0.999085 -0.00726532 0.55118 -0.950743 -0.037869 0.307659 84.7578
0.271361 0.0190354 0.962289 19.5869 -0.0456395 0.998934 -0.00689012 0.544883 -0.961395 -0.0420487 0.271941 85.0383
0.234828 0.0182272 0.971866 20.508 -0.0465791 0.998886 -0.00747926 0.533604 -0.97092 -0.0435123 0.235416 85.289
0.198839 0.0175359 0.979875 21.435 -0.046284 0.998892 -0.0084841 0.515328 -0.978939 -0.0436656 0.199431 85.4937
0.163114 0.0166495 0.986467 22.4031 -0.0447099 0.998955 -0.00946741 0.498468 -0.985594 -0.0425606 0.163688 85.6465
0.129062 0.0168297 0.991494 23.3513 -0.039238 0.999159 -0.0118522 0.467028 -0.99086 -0.0373746 0.129614 85.7713
0.0954082 0.019233 0.995252 24.3196 -0.0384261 0.999139 -0.0156244 0.46712 -0.994696 -0.036753 0.0960655 85.8735
0.0635083 0.0234172 0.997706 25.2841 -0.0384258 0.99904 -0.0210026 0.46614 -0.997241 -0.0370039 0.0643475 85.9463
0.0340809 0.0251913 0.999101 26.2515 -0.0332456 0.999157 -0.0240587 0.426477 -0.998866 -0.0323958 0.0348901 85.9869
0.00735794 0.0245726 0.999671 27.2314 -0.0309958 0.999223 -0.0243334 0.408995 -0.999492 -0.0308065 0.00811421 86.0057
-0.0141765 0.0208221 0.999682 28.2266 -0.0319846 0.999262 -0.0212669 0.400398 -0.999388 -0.0322759 -0.0134997 85.9954
-0.0334315 0.0190057 0.99926 29.2109 -0.0315804 0.999299 -0.020063 0.385513 -0.998942 -0.0322278 -0.0328075 85.9716
-0.0503374 0.0203662 0.998524 30.1939 -0.0294232 0.999327 -0.0218658 0.353801 -0.998299 -0.0304805 -0.049704 85.9338
-0.0632687 0.023601 0.997717 31.1723 -0.0275377 0.999298 -0.0253847 0.337629 -0.997617 -0.0290808 -0.062574 85.8694
-0.0756605 0.0267234 0.996775 32.1614 -0.0243966 0.999292 -0.0286427 0.302247 -0.996835 -0.026485 -0.0749547 85.8002
-0.085811 0.0304015 0.995847 33.146 -0.018908 0.999304 -0.0321363 0.267543 -0.996132 -0.0215871 -0.0851762 85.7145
-0.0912691 0.03456 0.995226 34.1464 -0.0162652 0.999212 -0.03619 0.2335 -0.995694 -0.0194905 -0.0906348 85.6179
-0.0940277 0.03869 0.994817 35.1363 -0.0147344 0.999081 -0.0402485 0.205001 -0.995461 -0.0184425 -0.0933709 85.533
-0.0978126 0.0410153 0.994359 36.1324 -0.013953 0.998995 -0.042579 0.151281 -0.995107 -0.018039 -0.0971417 85.4359
-0.0998001 0.0423246 0.994107 37.1329 -0.0136179 0.998943 -0.0438976 0.111427 -0.994914 -0.0179186 -0.0991179 85.3378
-0.103024 0.0447005 0.993674 38.1303 -0.0137556 0.99883 -0.0463587 0.0672856 -0.994584 -0.0184447 -0.102289 85.2363
-0.104295 0.0475447 0.993409 39.133 -0.0122999 0.998718 -0.0490902 0.0203192 -0.99447 -0.0173387 -0.103576 85.1338
-0.106713 0.0480368 0.993129 40.1454 -0.0105807 0.99872 -0.0494441 -0.0360894 -0.994234 -0.0157843 -0.106068 85.0235
-0.109803 0.0478477 0.992801 41.1476 -0.00988848 0.998738 -0.0492275 -0.07675 -0.993904 -0.0152226 -0.109191 84.9191
-0.110727 0.0472621 0.992726 42.1638 -0.00994764 0.998765 -0.0486591 -0.12881 -0.993801 -0.0152632 -0.11012 84.8082
-0.114071 0.0471081 0.992355 43.1884 -0.0107405 0.998758 -0.0486466 -0.171137 -0.993415 -0.0162075 -0.113423 84.6817
-0.117292 0.0473965 0.991966 44.1903 -0.0105147 0.998745 -0.0489636 -0.218067 -0.993042 -0.0161733 -0.116646 84.567
-0.120137 0.0489398 0.99155 45.2315 -0.0117742 0.998643 -0.0507165 -0.28786 -0.992688 -0.0177676 -0.119398 84.4549
-0.123443 0.0506419 0.991058 46.2443 -0.0133827 0.998521 -0.0526901 -0.341869 -0.992262 -0.0197672 -0.122582 84.3361
-0.124851 0.0509741 0.990865 47.2917 -0.0139879 0.998489 -0.0531289 -0.3991 -0.992077 -0.0204932 -0.123949 84.2176
-0.12729 0.0524127 0.990479 48.3336 -0.0158098 0.998368 -0.0548619 -0.471141 -0.99174 -0.0226427 -0.126254 84.0969
-0.131169 0.0509351 0.99005 49.378 -0.0174457 0.998406 -0.0536763 -0.538416 -0.991207 -0.0243128 -0.130071 83.9736
-0.13343 0.0510476 0.989742 50.4422 -0.0176948 0.99839 -0.0538791 -0.585386 -0.9909 -0.0247023 -0.132312 83.8416
-0.135896 0.0502811 0.989446 51.4989 -0.0181864 0.998416 -0.0532347 -0.66134 -0.990556 -0.0252288 -0.134766 83.7029
-0.138938 0.049992 0.989038 52.5576 -0.0185383 0.998418 -0.0530703 -0.723648 -0.990128 -0.0257085 -0.137791 83.5536
-0.139638 0.0517891 0.988847 53.6217 -0.0178044 0.998338 -0.0548004 -0.789931 -0.990043 -0.025258 -0.138484 83.4055
-0.140419 0.0541756 0.988609 54.6905 -0.0192167 0.998164 -0.0574287 -0.828763 -0.989906 -0.0270618 -0.13912 83.2467
-0.14146 0.0540039 0.98847 55.7538 -0.0195527 0.998163 -0.0573317 -0.896575 -0.989751 -0.0274374 -0.140144 83.1064
-0.141009 0.0526255 0.988608 56.8345 -0.021416 0.99819 -0.0561902 -0.94597 -0.989777 -0.0290954 -0.139627 82.9641
-0.141856 0.051922 0.988524 57.9044 -0.0231997 0.998174 -0.0557581 -1.03068 -0.989615 -0.0308431 -0.140392 82.8202
-0.141011 0.0510876 0.988689 58.9799 -0.0239424 0.998199 -0.0549938 -1.09822 -0.989718 -0.0314263 -0.139534 82.6788
-0.142694 0.0507915 0.988463 60.0535 -0.0289621 0.99804 -0.0554646 -1.17926 -0.989343 -0.0365424 -0.140943 82.5377
-0.144367 0.0498787 0.988266 61.1336 -0.0292131 0.998078 -0.0546414 -1.23986 -0.989093 -0.0367587 -0.142632 82.4006
-0.143825 0.0443188 0.98861 62.2341 -0.0288573 0.998384 -0.0489552 -1.31098 -0.989182 -0.0355696 -0.142313 82.2481
-0.144089 0.0366774 0.988885 63.3362 -0.0272174 0.998787 -0.0410105 -1.37249 -0.98919 -0.0328241 -0.142916 82.0864
-0.14539 0.0323486 0.988845 64.4322 -0.0229221 0.999086 -0.0360539 -1.43825 -0.989109 -0.0279083 -0.144516 81.9262
-0.144256 0.0323412 0.989011 65.5269 -0.0212371 0.999134 -0.0357698 -1.48045 -0.989312 -0.0261637 -0.143444 81.754
-0.14461 0.037054 0.988794 66.6164 -0.0180688 0.999032 -0.0400802 -1.53756 -0.989324 -0.0236623 -0.143801 81.5935
-0.143569 0.041594 0.988766 67.7231 -0.016221 0.998883 -0.0443749 -1.58451 -0.989507 -0.0224096 -0.142734 81.4267
-0.143625 0.0440587 0.988651 68.8389 -0.0165913 0.99876 -0.0469195 -1.65452 -0.989493 -0.0231418 -0.142716 81.2611
-0.144676 0.0433104 0.988531 69.9541 -0.0175769 0.998771 -0.0463315 -1.68838 -0.989323 -0.0240783 -0.143737 81.101
-0.143439 0.0385631 0.988907 71.0865 -0.0175499 0.998984 -0.0415016 -1.74425 -0.989504 -0.0233082 -0.142617 80.9429
-0.143526 0.0367336 0.988964 72.2225 -0.0183458 0.99904 -0.0397703 -1.7837 -0.989477 -0.0238514 -0.142714 80.7882
-0.143945 0.0368873 0.988898 73.3606 -0.0198773 0.998995 -0.0401573 -1.83204 -0.989386 -0.025437 -0.143067 80.6275
-0.142705 0.0407813 0.988925 74.5235 -0.0192505 0.998847 -0.0439684 -1.87806 -0.989578 -0.0253118 -0.141755 80.4492
-0.142987 0.0427006 0.988803 75.66 -0.018265 0.998784 -0.0457729 -1.94259 -0.989556 -0.0246054 -0.142034 80.2887
-0.14204 0.0417021 0.988982 76.8269 -0.0184485 0.998827 -0.0447668 -1.99393 -0.989689 -0.0246039 -0.141103 80.1299
-0.14203 0.0422863 0.988959 77.9813 -0.0173932 0.998826 -0.0452061 -2.02063 -0.98971 -0.0236218 -0.141128 79.9709
-0.142752 0.040313 0.988937 79.1391 -0.0187679 0.99888 -0.0434275 -2.09257 -0.989581 -0.0247596 -0.141835 79.8085
-0.142021 0.0408476 0.98902 80.2917 -0.0197159 0.998833 -0.044084 -2.13265 -0.989667 -0.0257603 -0.141049 79.6501
-0.141742 0.0422863 0.989 81.4495 -0.020773 0.99874 -0.0456799 -2.19577 -0.989686 -0.0270193 -0.140685 79.4878
-0.142782 0.0418751 0.988868 82.6252 -0.0212428 0.998744 -0.0453606 -2.24323 -0.989526 -0.027483 -0.141714 79.327
-0.141142 0.0403769 0.989165 83.7953 -0.0202525 0.998841 -0.0436617 -2.27635 -0.989782 -0.0261955 -0.140161 79.1592
-0.140827 0.0393443 0.989252 84.9738 -0.0190189 0.998918 -0.0424362 -2.32505 -0.989851 -0.0247907 -0.139927 78.9992
-0.140741 0.0395628 0.989256 86.1744 -0.018517 0.998921 -0.0425837 -2.37718 -0.989873 -0.0243113 -0.139856 78.8175
-0.139391 0.0392687 0.989458 87.3488 -0.0172666 0.998965 -0.0420784 -2.42473 -0.990087 -0.0229499 -0.138569 78.6552
-0.139262 0.0393361 0.989474 88.5459 -0.0176144 0.998954 -0.0421921 -2.47968 -0.990099 -0.0233047 -0.138423 78.4857
-0.137394 0.039382 0.989733 89.7259 -0.0170051 0.998968 -0.04211 -2.52473 -0.99037 -0.0226161 -0.136582 78.3251
-0.136573 0.0381276 0.989896 90.9391 -0.0159572 0.999044 -0.0406816 -2.57752 -0.990501 -0.0213519 -0.135834 78.1662
-0.13609 0.0379174 0.989971 92.1552 -0.0171435 0.999027 -0.040621 -2.63224 -0.990548 -0.0224997 -0.135307 78.0072
-0.134991 0.0372037 0.990148 93.3625 -0.0161725 0.999078 -0.0397442 -2.69631 -0.990715 -0.0213783 -0.134265 77.8439
-0.133372 0.0373206 0.990363 94.5746 -0.0175088 0.999045 -0.0400057 -2.74747 -0.990911 -0.0226757 -0.132591 77.6895
-0.132927 0.0385693 0.990375 95.8148 -0.0183447 0.998975 -0.0413665 -2.80218 -0.990956 -0.0236668 -0.132083 77.5284
-0.131668 0.037997 0.990565 97.044 -0.019158 0.99898 -0.0408663 -2.85253 -0.991109 -0.024358 -0.130806 77.3783
-0.131932 0.0359869 0.990605 98.2836 -0.0216465 0.998997 -0.0391748 -2.89746 -0.991022 -0.0266115 -0.131021 77.2233
-0.131156 0.0361947 0.990701 99.5151 -0.0235633 0.998937 -0.0396151 -2.95905 -0.991082 -0.0285399 -0.130163 77.0702
-0.131331 0.0358355 0.990691 100.758 -0.0245702 0.998921 -0.0393903 -3.00885 -0.991034 -0.0295146 -0.130308 76.9193
-0.133373 0.0343361 0.990471 102.018 -0.0252505 0.998957 -0.0380304 -3.06325 -0.990744 -0.0300821 -0.132367 76.7709
-0.133993 0.0324808 0.99045 103.276 -0.0274874 0.998956 -0.0364784 -3.12125 -0.990601 -0.0321127 -0.13296 76.6187
-0.135694 0.0314058 0.990253 104.53 -0.0287797 0.99895 -0.0356253 -3.16805 -0.990332 -0.0333333 -0.134647 76.4594
-0.138281 0.0312522 0.9899 105.784 -0.0290789 0.998942 -0.0355998 -3.21624 -0.989966 -0.0337079 -0.137226 76.2946
-0.140154 0.029824 0.98968 107.029 -0.0290988 0.99899 -0.0342253 -3.27014 -0.989702 -0.0335953 -0.139145 76.1229
-0.143941 0.0290946 0.989158 108.284 -0.0297939 0.998987 -0.0337193 -3.30754 -0.989137 -0.0343245 -0.142928 75.9567
-0.14767 0.0277193 0.988648 109.525 -0.0310464 0.998984 -0.0326464 -3.36667 -0.988549 -0.0355148 -0.146659 75.7878
-0.153292 0.0312456 0.987687 110.764 -0.0348345 0.998707 -0.0370006 -3.41223 -0.987567 -0.0400774 -0.152005 75.619
-0.161606 0.033088 0.9863 111.995 -0.0356157 0.99859 -0.0393359 -3.46609 -0.986212 -0.0414847 -0.160199 75.4291
-0.169981 0.0304397 0.984977 113.222 -0.0340866 0.998742 -0.0367476 -3.53271 -0.984857 -0.0398209 -0.16873 75.2252
-0.180525 0.0278043 0.983177 114.451 -0.0343745 0.998811 -0.0345581 -3.57863 -0.982969 -0.0400349 -0.179355 75.0029
-0.195097 0.0282211 0.980378 115.684 -0.0339936 0.99879 -0.0355159 -3.63637 -0.980195 -0.0402556 -0.193901 74.7657
-0.208724 0.027949 0.977575 116.88 -0.0337836 0.998788 -0.0357687 -3.68307 -0.977391 -0.0404918 -0.207527 74.5204
-0.223921 0.0257868 0.974266 118.111 -0.0327383 0.998886 -0.0339628 -3.73234 -0.974057 -0.0395008 -0.222827 74.2526
-0.238592 0.0264541 0.970759 119.288 -0.0306076 0.998927 -0.0347444 -3.78378 -0.970637 -0.0380023 -0.237527 73.9675
-0.253548 0.0289493 0.966889 120.471 -0.0296588 0.998849 -0.0376836 -3.82153 -0.966868 -0.0382314 -0.252398 73.6716
-0.270665 0.02906 0.962235 121.648 -0.0292736 0.998833 -0.0383996 -3.86851 -0.962228 -0.0385615 -0.269498 73.3598
-0.285551 0.0270512 0.957981 122.806 -0.031177 0.99881 -0.0374973 -3.93209 -0.957856 -0.0405744 -0.284368 73.0292
-0.301921 0.0231896 0.95305 123.995 -0.0330865 0.998846 -0.0347856 -3.99134 -0.952758 -0.0420356 -0.300806 72.6836
-0.318092 0.0202977 0.947842 125.165 -0.0349063 0.998842 -0.0331042 -4.03402 -0.947417 -0.0436158 -0.317015 72.3211
-0.33284 0.0203466 0.942764 126.304 -0.0386505 0.998632 -0.0351978 -4.0966 -0.942191 -0.0481535 -0.331598 71.9355
-0.348175 0.0217642 0.937177 127.452 -0.0384413 0.998557 -0.0374711 -4.13824 -0.936641 -0.0490727 -0.346836 71.528
-0.361381 0.0224021 0.932149 128.578 -0.037797 0.998537 -0.0386509 -4.19754 -0.931652 -0.0492001 -0.360005 71.1094
-0.375763 0.0221884 0.92645 129.719 -0.0374201 0.998534 -0.0390922 -4.26268 -0.92596 -0.0493573 -0.374382 70.6595
-0.39015 0.0210556 0.92051 130.837 -0.037007 0.998571 -0.0385262 -4.31245 -0.920007 -0.0490963 -0.388813 70.208
-0.403182 0.0196935 0.914908 131.927 -0.0366688 0.998617 -0.0376546 -4.36342 -0.914385 -0.0487302 -0.401902 69.7396
-0.417851 0.0201746 0.908291 133.015 -0.0369004 0.998551 -0.0391551 -4.40254 -0.907766 -0.0498773 -0.416501 69.2623
-0.433323 0.0198192 0.90102 134.093 -0.0365549 0.998548 -0.0395445 -4.4555 -0.900497 -0.0500723 -0.431969 68.7659
-0.446215 0.020411 0.894693 135.153 -0.0357511 0.998535 -0.0406103 -4.50286 -0.894211 -0.0501072 -0.444831 68.2505
-0.460128 0.0234389 0.887543 136.226 -0.0311601 0.998609 -0.0425263 -4.56551 -0.887305 -0.0472235 -0.458757 67.7089
-0.476018 0.0240797 0.879105 137.288 -0.0300177 0.998597 -0.0436067 -4.61218 -0.878923 -0.0471462 -0.474627 67.1563
-0.490274 0.0260946 0.871177 138.349 -0.0294295 0.998485 -0.04647 -4.67173 -0.871071 -0.0484214 -0.488763 66.5829
-0.506734 0.0237447 0.861775 139.425 -0.0302844 0.998513 -0.0453198 -4.73954 -0.86157 -0.0490634 -0.505261 65.9865
-0.521251 0.0214902 0.853133 140.471 -0.0318949 0.998493 -0.044639 -4.78268 -0.852807 -0.0504786 -0.51978 65.3715
-0.537387 0.0206831 0.843082 141.525 -0.0312665 0.998523 -0.044426 -4.83779 -0.842756 -0.0502341 -0.535946 64.7332
-0.553861 0.0197379 0.832375 142.564 -0.0331089 0.998405 -0.0457055 -4.89288 -0.83195 -0.0528735 -0.552324 64.0656
-0.568948 0.0186016 0.822162 143.586 -0.0334361 0.998394 -0.0457272 -4.95245 -0.821693 -0.0535063 -0.567412 63.3814
-0.584123 0.0180196 0.811464 144.594 -0.0337444 0.998349 -0.0464601 -5.00787 -0.810963 -0.0545208 -0.582551 62.6822
-0.599805 0.0175388 0.799954 145.619 -0.0341384 0.998288 -0.0474842 -5.06457 -0.799417 -0.0557904 -0.598179 61.9462
-0.613603 0.0168392 0.789434 146.594 -0.0330878 0.998345 -0.0470135 -5.12285 -0.78892 -0.0549683 -0.612031 61.2035
-0.629286 0.0133777 0.777058 147.602 -0.0329669 0.998492 -0.0438875 -5.16453 -0.776474 -0.053235 -0.627896 60.4086
-0.642768 0.012206 0.765963 148.591 -0.0326192 0.998529 -0.0432848 -5.22521 -0.765366 -0.0528072 -0.641425 59.6183
-0.656895 0.0112189 0.753897 149.554 -0.033085 0.998497 -0.0436869 -5.28587 -0.753255 -0.0536404 -0.655537 58.8109
-0.672039 0.0120492 0.740417 150.505 -0.0345723 0.998266 -0.0476247 -5.36162 -0.739708 -0.0576036 -0.670457 57.9771
-0.686308 0.0110304 0.727226 151.435 -0.0360908 0.998136 -0.0491996 -5.42627 -0.726414 -0.0600123 -0.684631 57.1328
-0.701629 0.00669999 0.712511 152.37 -0.0382774 0.998157 -0.0470788 -5.48933 -0.711513 -0.0603049 -0.700079 56.2394
-0.717814 0.00125792 0.696234 153.271 -0.0412687 0.998163 -0.0443513 -5.54044 -0.695011 -0.0605686 -0.716443 55.3531
-0.733859 -0.000950542 0.679301 154.174 -0.0422602 0.998125 -0.0442576 -5.60806 -0.677986 -0.0611863 -0.732523 54.4322
-0.750936 -0.00292713 0.660367 155.028 -0.0435998 0.998027 -0.0451556 -5.67517 -0.658933 -0.0627009 -0.749583 53.4976
-0.767781 -0.00590658 0.640684 155.872 -0.0466397 0.997819 -0.0466929 -5.73208 -0.639012 -0.0657312 -0.766383 52.5357
-0.783893 -0.00712329 0.620855 156.688 -0.0470641 0.997738 -0.0479758 -5.78418 -0.61911 -0.0668279 -0.782455 51.5338
-0.799904 -0.00807443 0.600073 157.469 -0.0473461 0.997641 -0.0496889 -5.86165 -0.598257 -0.0681575 -0.7984 50.5227
-0.813617 -0.00798033 0.581346 158.217 -0.045711 0.997688 -0.0502787 -5.92298 -0.579602 -0.0674815 -0.812101 49.4985
-0.827721 -0.00801127 0.561082 158.947 -0.0429694 0.997866 -0.0491417 -5.99282 -0.559491 -0.064785 -0.8263 48.4424
-0.841884 -0.00829415 0.539594 159.646 -0.0427632 0.997762 -0.0513832 -6.0517 -0.537961 -0.0663335 -0.840355 47.3756
-0.854787 -0.0077814 0.518919 160.335 -0.0428152 0.997536 -0.0555686 -6.10898 -0.517209 -0.069717 -0.853015 46.2996
-0.867056 -0.00653422 0.498166 160.983 -0.0398784 0.997615 -0.0563229 -6.19218 -0.496611 -0.0687012 -0.86525 45.2049
-0.878719 -0.00772592 0.477276 161.605 -0.0389873 0.997689 -0.0556299 -6.26863 -0.475744 -0.0674908 -0.87699 44.0975
-0.888372 -0.00563148 0.459088 162.205 -0.0365257 0.997622 -0.0584427 -6.35277 -0.457668 -0.0686875 -0.886466 42.9761
-0.89785 -0.00449447 0.440278 162.78 -0.0348849 0.99753 -0.0609569 -6.45202 -0.438917 -0.0700892 -0.895789 41.8482
-0.90598 -0.00570053 0.42328 163.34 -0.0352207 0.997457 -0.0619523 -6.5165 -0.421851 -0.0710359 -0.903878 40.7066
-0.913168 -0.00773874 0.407509 163.885 -0.0366214 0.997333 -0.0631234 -6.60479 -0.405934 -0.0725658 -0.911016 39.5412
-0.920532 -0.00916629 0.390557 164.394 -0.0366962 0.997333 -0.0630846 -6.6878 -0.388938 -0.0724034 -0.918414 38.3845
-0.926327 -0.0098629 0.37659 164.892 -0.0362865 0.997344 -0.0631361 -6.78386 -0.374968 -0.0721498 -0.924225 37.2091
-0.932149 -0.0110867 0.361903 165.379 -0.036551 0.997306 -0.0635918 -6.85389 -0.360224 -0.0725049 -0.930044 36.0143
-0.937711 -0.0152224 0.347082 165.831 -0.0387182 0.997394 -0.0608607 -6.91975 -0.345252 -0.0705081 -0.935857 34.8195
-0.941805 -0.0189118 0.335626 166.281 -0.0405332 0.99752 -0.0575327 -7.00077 -0.333706 -0.0677886 -0.940236 33.6166
-0.946001 -0.0192721 0.323588 166.699 -0.0396861 0.997607 -0.0566061 -7.07974 -0.321723 -0.0663914 -0.944503 32.3952
-0.949493 -0.0176675 0.313289 167.1 -0.037154 0.99772 -0.0563382 -7.17626 -0.31158 -0.0651327 -0.947985 31.163
-0.951308 -0.0137387 0.307933 167.488 -0.0336163 0.997671 -0.0593399 -7.2534 -0.306401 -0.0668021 -0.949555 29.9331
-0.953106 -0.0125882 0.302372 167.877 -0.0321141 0.997699 -0.0596909 -7.32673 -0.300925 -0.0666022 -0.951319 28.7152
-0.954844 -0.0145231 0.29675 168.272 -0.0335896 0.997677 -0.0592532 -7.41002 -0.2952 -0.0665453 -0.953115 27.4789
-0.956364 -0.0196831 0.291514 168.66 -0.0377067 0.997699 -0.0563383 -7.49425 -0.289735 -0.0648719 -0.954905 26.2305
-0.958629 -0.0245324 0.283599 169.028 -0.0414888 0.997681 -0.053938 -7.57493 -0.281619 -0.0634727 -0.957424 24.9609
-0.959519 -0.0299042 0.280052 169.419 -0.0470857 0.997384 -0.0548241 -7.64361 -0.27768 -0.0657911 -0.958417 23.7254
-0.960727 -0.0301099 0.275855 169.785 -0.0469591 0.997398 -0.0546782 -7.72908 -0.273491 -0.0654847 -0.959642 22.4956
-0.96173 -0.0298878 0.27236 170.133 -0.0469237 0.997313 -0.0562509 -7.81549 -0.269948 -0.0668783 -0.960549 21.25
-0.961642 -0.0286563 0.272806 170.499 -0.0459101 0.997313 -0.0570724 -7.89566 -0.270438 -0.0674077 -0.960374 20.0197
-0.96151 -0.0286113 0.273275 170.853 -0.0459251 0.997307 -0.05717 -7.98091 -0.270904 -0.0675197 -0.960235 18.7879
-0.961527 -0.0284238 0.273233 171.203 -0.0459115 0.99727 -0.0578221 -8.0568 -0.270844 -0.0681421 -0.960208 17.5545
-0.960731 -0.0281204 0.276052 171.569 -0.0459667 0.997234 -0.058391 -8.13198 -0.273647 -0.0687873 -0.959367 16.3308
-0.960645 -0.0275856 0.276404 171.922 -0.0452822 0.997297 -0.0578463 -8.21309 -0.274062 -0.068086 -0.959298 15.0938
-0.959525 -0.0274195 0.280282 172.294 -0.0454421 0.997281 -0.0580053 -8.29432 -0.27793 -0.0683941 -0.958163 13.8738
-0.95835 -0.0278431 0.284233 172.666 -0.0462339 0.997233 -0.0581994 -8.36694 -0.281827 -0.0689167 -0.956986 12.6554
-0.957473 -0.0272933 0.287229 173.028 -0.0456334 0.99731 -0.0573507 -8.44195 -0.284891 -0.0680189 -0.956143 11.4405
-0.954691 -0.0273423 0.296338 173.42 -0.0460716 0.997344 -0.0564032 -8.51385 -0.29401 -0.0675004 -0.953415 10.2281
-0.952635 -0.0277484 0.302847 173.809 -0.0466469 0.997376 -0.0553477 -8.58297 -0.300517 -0.066853 -0.95143 9.02421
-0.950718 -0.0276182 0.308822 174.184 -0.0464267 0.997476 -0.0537211 -8.67092 -0.306559 -0.0654112 -0.949601 7.81069
-0.947527 -0.0258659 0.318625 174.596 -0.0456869 0.997446 -0.0548913 -8.73304 -0.316392 -0.0665681 -0.946289 6.60937
-0.944408 -0.0216257 0.328063 175.011 -0.0412109 0.997751 -0.0528644 -8.81245 -0.326182 -0.0634453 -0.943175 5.4173
-0.940761 -0.0205731 0.338444 175.437 -0.0410844 0.997719 -0.0535523 -8.88851 -0.336571 -0.0642848 -0.939461 4.18759
-0.93644 -0.019918 0.350261 175.875 -0.0411719 0.997727 -0.0533379 -8.96479 -0.348403 -0.0643686 -0.935131 3.02163
-0.931556 -0.020457 0.363021 176.331 -0.0425994 0.99768 -0.0530938 -9.06 -0.361093 -0.0649243 -0.930266 1.80842
-0.925983 -0.0197391 0.377048 176.802 -0.0423608 0.997758 -0.0517983 -9.15458 -0.375181 -0.0639364 -0.924743 0.640113
-0.920393 -0.0186393 0.390548 177.295 -0.0410923 0.997942 -0.0492133 -9.20953 -0.388828 -0.0613441 -0.919265 -0.545028
-0.914731 -0.0190449 0.403612 177.812 -0.0423655 0.997903 -0.0489284 -9.2983 -0.401834 -0.0618555 -0.91362 -1.72613
-0.90809 -0.0208825 0.418253 178.336 -0.0452386 0.997802 -0.0484015 -9.40388 -0.416323 -0.0628741 -0.907039 -2.86478
-0.901315 -0.019972 0.432702 178.878 -0.0443613 0.99794 -0.0463427 -9.46517 -0.430885 -0.0609646 -0.900344 -4.0098
-0.894291 -0.0210873 0.446987 179.44 -0.0456639 0.997975 -0.0442789 -9.54956 -0.445149 -0.0600094 -0.893443 -5.14688
-0.886588 -0.0241005 0.461931 180.004 -0.0484957 0.997981 -0.0410102 -9.62939 -0.46001 -0.0587608 -0.885966 -6.23395
-0.878415 -0.0232999 0.477329 180.592 -0.0481549 0.998042 -0.0399005 -9.67993 -0.475465 -0.0580349 -0.877817 -7.33162
-0.869278 -0.0218039 0.493842 181.198 -0.0469057 0.998157 -0.0384947 -9.75182 -0.492092 -0.0566265 -0.868698 -8.43149
-0.859093 -0.022225 0.511335 181.812 -0.0480082 0.998151 -0.0372743 -9.82583 -0.509561 -0.0565704 -0.858572 -9.4963
-0.848606 -0.020852 0.528614 182.461 -0.0468143 0.998262 -0.035775 -9.88322 -0.526949 -0.0551055 -0.848107 -10.5653
-0.838005 -0.0202725 0.545284 183.118 -0.0466568 0.998311 -0.0345881 -9.93235 -0.543663 -0.0544262 -0.837536 -11.571
-0.82599 -0.019791 0.563336 183.798 -0.0462563 0.998392 -0.0327478 -9.9886 -0.561783 -0.0531072 -0.825577 -12.5924
-0.813109 -0.0187896 0.581807 184.509 -0.044003 0.998603 -0.0292465 -10.0326 -0.580445 -0.0493818 -0.8128 -13.6135
-0.798944 -0.0168931 0.601166 185.227 -0.0405308 0.998845 -0.0257969 -10.0717 -0.600037 -0.044976 -0.798706 -14.5745
-0.783309 -0.0167248 0.621407 185.966 -0.0410476 0.998847 -0.0248586 -10.1099 -0.620275 -0.0449792 -0.783092 -15.5345
-0.766983 -0.0151861 0.641486 186.733 -0.0403294 0.998884 -0.0245723 -10.145 -0.640398 -0.0447173 -0.766739 -16.4852
-0.750472 -0.0147516 0.660737 187.507 -0.0400262 0.99893 -0.0231601 -10.1779 -0.659688 -0.0438278 -0.750259 -17.3596
-0.731974 -0.016552 0.681131 188.358 -0.041019 0.998962 -0.0198053 -10.208 -0.680096 -0.0424363 -0.731893 -18.2583
-0.713251 -0.0169077 0.700704 189.166 -0.041461 0.998976 -0.0180985 -10.2325 -0.699681 -0.0419607 -0.713221 -19.0901
-0.69352 -0.0166663 0.720243 190.013 -0.0417398 0.998982 -0.0170749 -10.2613 -0.719226 -0.0419046 -0.69351 -19.9168
-0.673448 -0.016935 0.73904 190.89 -0.042949 0.998945 -0.0162464 -10.2874 -0.737985 -0.0426821 -0.673464 -20.7329
-0.653077 -0.016669 0.757108 191.764 -0.0425483 0.998986 -0.0147075 -10.3112 -0.756095 -0.0418187 -0.653123 -21.4911
-0.631718 -0.0166837 0.775018 192.682 -0.0408038 0.999097 -0.0117517 -10.3262 -0.774123 -0.0390474 -0.631829 -22.2463
-0.608323 -0.0159538 0.793529 193.613 -0.0394315 0.99917 -0.0101401 -10.3427 -0.792709 -0.0374585 -0.608447 -22.9833
-0.584291 -0.0148956 0.811407 194.549 -0.0387813 0.999201 -0.00958314 -10.3668 -0.810616 -0.0370667 -0.584402 -23.6628
-0.557997 -0.0150431 0.829706 195.513 -0.0387835 0.999215 -0.00796638 -10.3844 -0.828936 -0.0366241 -0.558142 -24.3329
-0.532667 -0.0165536 0.846162 196.495 -0.040855 0.999145 -0.00617211 -10.4212 -0.845337 -0.0378577 -0.532889 -24.9592
-0.505199 -0.0175455 0.862824 197.499 -0.0398365 0.999201 -0.00300613 -10.4242 -0.862082 -0.0358906 -0.505494 -25.564
-0.476498 -0.0187016 0.878976 198.539 -0.0408851 0.999163 -0.000905279 -10.452 -0.878223 -0.0363684 -0.476864 -26.1497
-0.448174 -0.0181883 0.893761 199.534 -0.0403689 0.999184 9.08889e-05 -10.4655 -0.893034 -0.0360394 -0.448542 -26.6717
-0.417008 -0.0180482 0.908723 200.596 -0.039356 0.999223 0.00178538 -10.4784 -0.908049 -0.0350191 -0.417394 -27.1737
-0.387138 -0.0175732 0.921854 201.666 -0.0354276 0.999363 0.00417275 -10.4906 -0.92134 -0.0310436 -0.387514 -27.6368
-0.354952 -0.0172236 0.934725 202.75 -0.035872 0.999344 0.00479231 -10.4877 -0.934195 -0.0318294 -0.355337 -28.0626
-0.321887 -0.0170889 0.946623 203.863 -0.0347406 0.999376 0.00622819 -10.4793 -0.94614 -0.0308814 -0.32228 -28.4659
-0.287837 -0.0175849 0.957518 204.972 -0.0331769 0.999414 0.00838119 -10.4671 -0.957104 -0.029355 -0.288251 -28.8154
-0.252782 -0.0183817 0.967348 206.093 -0.0328107 0.999407 0.0104171 -10.4627 -0.966966 -0.0291061 -0.253235 -29.1297
-0.21821 -0.018711 0.975722 207.236 -0.0319894 0.999415 0.0120114 -10.4631 -0.975377 -0.0285918 -0.218681 -29.4036
-0.183295 -0.0190757 0.982872 208.365 -0.0286453 0.99949 0.0140562 -10.4442 -0.98264 -0.0255782 -0.183748 -29.6302
-0.148136 -0.019132 0.988782 209.512 -0.0284413 0.999481 0.0150781 -10.4338 -0.988557 -0.0258886 -0.148603 -29.8163
-0.11275 -0.0185879 0.993449 210.675 -0.0282473 0.99948 0.0154949 -10.4165 -0.993221 -0.0263152 -0.113216 -29.9615
-0.0787014 -0.0186531 0.996723 211.818 -0.0277318 0.999478 0.016515 -10.3984 -0.996512 -0.0263411 -0.0791776 -30.0603
-0.0457828 -0.0189439 0.998771 212.988 -0.0272521 0.999471 0.017708 -10.3765 -0.998579 -0.0264078 -0.0462748 -30.119
-0.0131126 -0.0193256 0.999727 214.126 -0.0277949 0.999433 0.0189554 -10.3732 -0.999527 -0.0275388 -0.0136423 -30.1419
0.0183993 -0.0196112 0.999638 215.293 -0.023593 0.99952 0.0200431 -10.3563 -0.999551 -0.0239532 0.0179279 -30.1273
0.0496909 -0.0209475 0.998545 216.466 -0.0196683 0.999565 0.0219478 -10.3283 -0.99857 -0.0207303 0.0492574 -30.0803
0.0818448 -0.0220166 0.996402 217.625 -0.0188229 0.999543 0.0236322 -10.3054 -0.996466 -0.0206893 0.0813931 -30.0045
0.112469 -0.0216448 0.993419 218.79 -0.0184182 0.999545 0.0238635 -10.2835 -0.993484 -0.0209809 0.112019 -29.8878
0.142098 -0.0213894 0.989621 219.957 -0.0182111 0.99954 0.0242187 -10.2688 -0.989684 -0.0214635 0.141643 -29.7343
0.168922 -0.0213683 0.985398 221.113 -0.0163872 0.999565 0.0244848 -10.2518 -0.985492 -0.0202839 0.168499 -29.56
0.199279 -0.0227498 0.979679 222.28 -0.0102661 0.999626 0.0253013 -10.2337 -0.979888 -0.0150995 0.198971 -29.3335
0.229166 -0.0238904 0.973094 223.418 -0.00717067 0.999629 0.0262306 -10.219 -0.97336 -0.0129889 0.22891 -29.0951
0.255975 -0.0249832 0.96636 224.552 -0.00192639 0.99965 0.0263542 -10.2011 -0.966681 -0.00860758 0.255838 -28.793
0.284736 -0.0255161 0.958266 225.687 0.000306019 0.999647 0.0265271 -10.1737 -0.958605 -0.00725995 0.284643 -28.468
0.313519 -0.026486 0.949212 226.813 0.00210449 0.999627 0.0271977 -10.1543 -0.949579 -0.00652935 0.313458 -28.1107
0.341348 -0.0276576 0.93953 227.93 0.00496703 0.999605 0.0276215 -10.137 -0.939923 -0.00476184 0.341351 -27.7016
0.37015 -0.0276693 0.92856 229.05 0.0097181 0.999616 0.0259128 -10.1058 -0.928921 -0.000567754 0.370277 -27.268
0.39947 -0.0258231 0.916383 230.158 0.0118305 0.999664 0.0230129 -10.0822 -0.916669 0.00164836 0.399641 -26.8096
0.426891 -0.0274194 0.903887 231.248 0.0171677 0.999605 0.0222151 -10.0573 -0.904139 0.00603431 0.427194 -26.3055
0.454812 -0.0291148 0.890111 232.335 0.0189358 0.999555 0.0230192 -10.0367 -0.890385 0.0063856 0.455162 -25.7549
0.48119 -0.0307643 0.876076 233.399 0.0210467 0.9995 0.0235385 -10.016 -0.876363 0.00711203 0.481597 -25.1851
0.504749 -0.0309228 0.862712 234.441 0.0223168 0.999491 0.0227686 -9.98498 -0.862977 0.00776064 0.505182 -24.5804
0.527066 -0.0306964 0.849269 235.47 0.022327 0.999502 0.0222701 -9.96911 -0.84953 0.00722385 0.527489 -23.9559
0.546926 -0.0316839 0.836581 236.481 0.0247662 0.999457 0.0216614 -9.93983 -0.836814 0.00887183 0.547414 -23.2924
0.56445 -0.0344462 0.824748 237.488 0.0272315 0.999361 0.0231021 -9.90732 -0.825017 0.00941916 0.565028 -22.6004
0.581691 -0.0363104 0.812599 238.488 0.0292643 0.99929 0.0237041 -9.87995 -0.812883 0.00999175 0.582341 -21.8929
0.598173 -0.0369576 0.800514 239.467 0.0294031 0.999274 0.0241628 -9.86199 -0.800827 0.0090841 0.598826 -21.1638
0.614597 -0.0386073 0.787895 240.432 0.03216 0.999196 0.0238748 -9.8397 -0.788184 0.0106654 0.615346 -20.4198
0.629417 -0.0387656 0.7761 241.373 0.0352885 0.999149 0.0212879 -9.82825 -0.776266 0.0139885 0.63025 -19.6475
0.644515 -0.0398112 0.763555 242.318 0.0375372 0.999086 0.0204066 -9.81189 -0.763669 0.0155094 0.64542 -18.8437
0.659015 -0.0420465 0.750953 243.268 0.0390971 0.999 0.0216245 -9.79449 -0.751112 0.0151093 0.66 -18.0179
0.673066 -0.0452869 0.738194 244.154 0.041322 0.998866 0.0236025 -9.76321 -0.738426 0.0146177 0.674174 -17.1912
0.6874 -0.0471422 0.724747 245.082 0.04455 0.998748 0.0227107 -9.73527 -0.72491 0.0166761 0.68864 -16.3296
0.701401 -0.047026 0.711213 245.959 0.0466757 0.998709 0.0200038 -9.70619 -0.711236 0.0191658 0.702691 -15.4777
0.714393 -0.0475517 0.698127 246.834 0.048924 0.99864 0.0179568 -9.68197 -0.698032 0.021327 0.715748 -14.5857
0.726559 -0.0483354 0.685401 247.701 0.0490207 0.998626 0.0184601 -9.67286 -0.685352 0.0201865 0.727931 -13.679
0.738561 -0.0491599 0.672391 248.543 0.0496698 0.998594 0.0184516 -9.67251 -0.672354 0.0197699 0.739965 -12.748
0.74936 -0.0513356 0.660169 249.381 0.0515586 0.998486 0.0191193 -9.66525 -0.660151 0.0197102 0.750873 -11.8088
0.761536 -0.0512875 0.64609 250.226 0.0531206 0.998448 0.0166459 -9.66712 -0.645941 0.0216443 0.763079 -10.8347
0.771297 -0.0530353 0.634261 251.036 0.0575723 0.998249 0.0134601 -9.63801 -0.633865 0.0261342 0.773001 -9.85934
0.780235 -0.0548005 0.623081 251.851 0.0596672 0.998132 0.0130701 -9.63791 -0.622633 0.0269797 0.782048 -8.85225
0.789684 -0.0563667 0.610918 252.648 0.0618728 0.99801 0.0121041 -9.63584 -0.610385 0.0282408 0.7916 -7.8425
0.797151 -0.0579284 0.600995 253.436 0.0641788 0.997876 0.0110571 -9.61571 -0.600359 0.029757 0.799176 -6.81967
0.803054 -0.0599604 0.592881 254.233 0.0660003 0.997752 0.0115096 -9.61951 -0.592239 0.0298875 0.805207 -5.75743
0.808089 -0.0609768 0.585896 254.992 0.0661297 0.99773 0.0126299 -9.60504 -0.585336 0.0285391 0.810287 -4.70589
0.81094 -0.0620969 0.581824 255.769 0.0670092 0.997665 0.0130822 -9.59636 -0.581279 0.0283788 0.813209 -3.61728
0.814221 -0.0633609 0.577086 256.516 0.0682213 0.997581 0.0132743 -9.57812 -0.576531 0.0285614 0.816575 -2.55484
0.816647 -0.0649385 0.573473 257.285 0.0696569 0.997475 0.0137574 -9.54679 -0.572918 0.0287115 0.819108 -1.46867
0.817794 -0.0676443 0.571522 258.049 0.0718471 0.997298 0.015232 -9.50833 -0.571008 0.0286056 0.820445 -0.394143
0.820677 -0.0699701 0.567092 258.795 0.0741015 0.997124 0.0157922 -9.48229 -0.566567 0.0290622 0.823502 0.693822
0.823476 -0.0705816 0.562943 259.562 0.0749175 0.997069 0.0154225 -9.4772 -0.562382 0.0294743 0.826351 1.79433
0.824876 -0.071479 0.560777 260.331 0.0753561 0.997023 0.0162397 -9.4715 -0.560268 0.0288622 0.827807 2.8993
0.827504 -0.0717626 0.556854 261.06 0.0750625 0.997034 0.0169439 -9.44886 -0.556419 0.0277777 0.830437 3.98921
0.829563 -0.0729772 0.553624 261.79 0.0762712 0.996939 0.0171273 -9.42952 -0.553179 0.0280174 0.83259 5.10397
0.830822 -0.0727864 0.551758 262.541 0.0767932 0.996919 0.0158779 -9.41798 -0.551214 0.0291796 0.833853 6.21863
0.832551 -0.0710092 0.549378 263.263 0.0745494 0.997089 0.0159023 -9.40455 -0.548909 0.0277164 0.835422 7.31686
0.833308 -0.0688239 0.548507 264.001 0.0721344 0.997272 0.0155441 -9.4074 -0.548081 0.0266132 0.836001 8.46015
0.833936 -0.0691155 0.547516 264.721 0.0724378 0.99725 0.0155558 -9.38291 -0.547086 0.0266884 0.83665 9.56025
