1 0 0 0 0 1 0 0 0 0 1 0
0.999869 0.00104376 0.0161434 -0.0142629 -0.000974801 0.99999 -0.00427876 -0.000406096 -0.0161477 0.00426246 0.999861 0.668202
0.99971 0.000585689 0.0240811 -0.0200369 -0.000473533 0.999989 -0.00466286 -0.00803602 -0.0240836 0.00465011 0.999699 1.42185
0.99962 0.000134702 0.0275621 -0.0193964 -9.43995e-05 0.999999 -0.00146353 -0.0125615 -0.0275623 0.00146037 0.999619 2.24642
0.999596 -0.00236104 0.0283233 -0.00866619 0.00224807 0.999989 0.00402001 -0.0138485 -0.0283324 -0.00395472 0.999591 3.11919
0.999618 -0.00354525 0.0273963 0.00262527 0.00341473 0.999983 0.00480943 -0.020089 -0.0274129 -0.00471404 0.999613 4.02188
0.999597 -0.00631726 0.0276607 0.0194895 0.00626528 0.999979 0.00196557 -0.0291134 -0.0276726 -0.00179148 0.999615 4.94031
0.999645 -0.00559811 0.0260531 0.0376602 0.00557035 0.999984 0.00113813 -0.0361513 -0.026059 -0.000992598 0.99966 5.86693
0.999659 -0.00595148 0.0254044 0.0520636 0.00592467 0.999982 0.00113057 -0.039973 -0.0254107 -0.000979667 0.999677 6.80423
0.999664 -0.00585514 0.0252562 0.0685298 0.00579557 0.99998 0.00243115 -0.0466175 -0.0252699 -0.00228396 0.999678 7.74348
0.999701 -0.00598188 0.0237084 0.0812731 0.00587571 0.999972 0.00454548 -0.0551517 -0.0237349 -0.00440482 0.999709 8.67834
0.999722 -0.00578211 0.0228619 0.0900977 0.00564521 0.999966 0.00604802 -0.0646938 -0.0228961 -0.00591728 0.99972 9.60523
0.999704 -0.00633793 0.0234775 0.101991 0.00617022 0.999955 0.0072092 -0.0752733 -0.0235221 -0.00706221 0.999699 10.5373
0.999731 -0.0069222 0.0221462 0.118429 0.00674821 0.999946 0.00792124 -0.0854787 -0.0221999 -0.00776966 0.999723 11.4646
0.999746 -0.00683583 0.0214867 0.126409 0.00666387 0.999945 0.00806456 -0.0910537 -0.0215406 -0.00791932 0.999737 12.3898
0.999761 -0.00667477 0.0208047 0.134315 0.00650774 0.999946 0.00808575 -0.100161 -0.0208576 -0.00794843 0.999751 13.3173
0.999805 -0.00675555 0.0185428 0.14239 0.00660769 0.999946 0.00802412 -0.10817 -0.018596 -0.00790003 0.999796 14.2422
0.999835 -0.00650847 0.016964 0.150095 0.0063739 0.999948 0.00797476 -0.102717 -0.017015 -0.00786531 0.999824 15.1671
0.999851 -0.00588678 0.0162275 0.148899 0.00575622 0.999951 0.00808059 -0.105451 -0.0162742 -0.00798598 0.999836 16.0738
0.999886 -0.00516962 0.0141577 0.147687 0.0050517 0.999952 0.00835235 -0.106827 -0.0142002 -0.00827988 0.999865 16.9777
0.999905 -0.00533504 0.0127311 0.147816 0.00521909 0.999945 0.00912406 -0.106554 -0.012779 -0.00905675 0.999877 17.8805
0.999912 -0.0053468 0.0121701 0.143594 0.00522517 0.999936 0.0100047 -0.108068 -0.0122228 -0.00994025 0.999876 18.7721
0.999933 -0.00533796 0.0102425 0.140467 0.00522833 0.999929 0.0107004 -0.107239 -0.0102989 -0.0106462 0.99989 19.664
0.999947 -0.00556852 0.00867557 0.144079 0.00547078 0.999922 0.0112496 -0.113836 -0.00873754 -0.0112016 0.999899 20.5485
0.999958 -0.00519172 0.00760568 0.146986 0.00510332 0.99992 0.0115961 -0.116281 -0.00766529 -0.0115568 0.999904 21.4329
0.999973 -0.00493061 0.00543131 0.154389 0.00486485 0.999916 0.012055 -0.11905 -0.0054903 -0.0120283 0.999913 22.3159
0.999977 -0.00473165 0.00484949 0.157684 0.00466596 0.999899 0.0134679 -0.120555 -0.00491273 -0.013445 0.999898 23.1922
0.999981 -0.00519848 0.00331044 0.159147 0.00514744 0.999871 0.0152433 -0.121684 -0.00338926 -0.015226 0.999878 24.0681
0.999985 -0.00477513 0.00254995 0.162072 0.00473345 0.999859 0.0161066 -0.120801 -0.00262651 -0.0160943 0.999867 24.9335
0.99999 -0.00415368 0.00174975 0.16472 0.0041248 0.999861 0.0161981 -0.1217 -0.0018168 -0.0161907 0.999867 25.7902
0.999993 -0.00367469 0.000510614 0.166577 0.00366588 0.999861 0.0163077 -0.118002 -0.000570477 -0.0163057 0.999867 26.6362
0.999993 -0.00357606 -0.000989498 0.162562 0.00359206 0.999855 0.0166694 -0.113809 0.000929736 -0.0166728 0.999861 27.4698
0.999992 -0.00335024 -0.00212634 0.158649 0.00338609 0.999849 0.0170862 -0.106766 0.00206877 -0.0170933 0.999852 28.2922
0.999987 -0.00323856 -0.0039326 0.154966 0.00330704 0.999841 0.0175333 -0.104222 0.00387519 -0.0175461 0.999839 29.1126
0.999974 -0.00255194 -0.00672998 0.149154 0.00267151 0.999838 0.0178186 -0.103257 0.00668341 -0.0178361 0.999819 29.9267
0.99996 -0.00221164 -0.00861525 0.144637 0.0023685 0.999831 0.0182406 -0.0988599 0.00857345 -0.0182603 0.999797 30.7285
0.999929 -0.00208676 -0.0117253 0.137174 0.00230949 0.999817 0.0190146 -0.093175 0.0116835 -0.0190403 0.999751 31.5147
0.9999 -0.00198176 -0.0140219 0.121735 0.00226555 0.999793 0.0202523 -0.0836741 0.0139788 -0.020282 0.999697 32.2858
0.999867 -0.00138653 -0.0162249 0.102199 0.00172394 0.999782 0.0208003 -0.077613 0.0161925 -0.0208255 0.999652 33.0557
0.999814 -0.000859061 -0.0192414 0.0833278 0.00126726 0.999774 0.0212125 -0.0705567 0.0192188 -0.0212329 0.99959 33.8152
0.999775 -3.13662e-05 -0.0212184 0.0574642 0.000480844 0.999776 0.0211788 -0.060532 0.0212129 -0.0211842 0.999551 34.564
0.999732 0.000215839 -0.0231306 0.0273094 0.000278324 0.999772 0.0213588 -0.053555 0.02313 -0.0213595 0.999504 35.3015
0.999687 0.000358598 -0.0250236 -0.00344981 0.000196789 0.999754 0.0221886 -0.0475918 0.0250254 -0.0221866 0.999441 36.0281
0.999641 0.00101558 -0.0267734 -0.0289425 -0.000408329 0.999743 0.0226769 -0.0411197 0.0267895 -0.0226578 0.999384 36.7514
0.999633 0.00157768 -0.0270525 -0.0513938 -0.000957699 0.999737 0.0229157 -0.0313573 0.0270815 -0.0228813 0.999372 37.4633
0.999653 0.00231693 -0.0262397 -0.0788693 -0.00172357 0.999743 0.0226134 -0.0234983 0.0262854 -0.0225603 0.9994 38.1593
0.999694 0.00276512 -0.0245601 -0.10154 -0.00221384 0.999746 0.0224456 -0.0150079 0.0246159 -0.0223843 0.999447 38.8424
0.999744 0.00271135 -0.0224355 -0.125285 -0.00220842 0.999747 0.0224113 -0.00758187 0.0224906 -0.022356 0.999497 39.509
0.999812 0.00293987 -0.0191568 -0.141362 -0.00249567 0.999729 0.0231709 0.0043665 0.0192197 -0.0231187 0.999548 40.169
0.999866 0.00435649 -0.0157921 -0.156742 -0.00397352 0.999699 0.0242018 0.00975337 0.0158928 -0.0241358 0.999583 40.8218
0.999878 0.00904828 -0.012703 -0.176774 -0.00868285 0.999555 0.0285343 0.017438 0.0129556 -0.0284205 0.999512 41.4655
0.999894 0.0121523 -0.00804975 -0.195014 -0.0119114 0.999499 0.0293172 0.0301333 0.00840199 -0.0292182 0.999538 42.0922
0.999919 0.0125178 -0.00232027 -0.208685 -0.0124441 0.999489 0.0294371 0.0471094 0.00268757 -0.0294058 0.999564 42.7054
0.999917 0.0125471 0.00292255 -0.218856 -0.0126288 0.999475 0.0298456 0.0565278 -0.00254654 -0.02988 0.99955 43.3013
0.999869 0.0129617 0.00968387 -0.220692 -0.0132468 0.999463 0.0299792 0.0729595 -0.00929009 -0.0301036 0.999504 43.8785
0.999762 0.0133155 0.0172651 -0.217553 -0.0138246 0.999463 0.0297111 0.0884603 -0.0168602 -0.0299427 0.99941 44.436
0.99961 0.0136473 0.0243714 -0.216615 -0.0143721 0.999453 0.0298123 0.0955048 -0.0239512 -0.0301509 0.999259 44.9766
0.999387 0.0144312 0.0319062 -0.209231 -0.0153767 0.999444 0.0295884 0.102825 -0.0314615 -0.0300609 0.999053 45.4946
0.999058 0.0158258 0.0404092 -0.197186 -0.0169961 0.999442 0.028783 0.110282 -0.0399311 -0.0294427 0.998769 45.9917
0.998684 0.0158429 0.0487751 -0.18389 -0.0172712 0.99943 0.029002 0.118599 -0.0482878 -0.0298062 0.998389 46.4694
0.998227 0.0157909 0.0573816 -0.160759 -0.0174781 0.999426 0.0290208 0.129224 -0.0568904 -0.0299723 0.997931 46.923
0.997728 0.0157436 0.0655061 -0.133273 -0.017684 0.999419 0.0291477 0.131249 -0.0650091 -0.0302399 0.997427 47.3584
0.997185 0.0162511 0.0731954 -0.106493 -0.0184218 0.999408 0.0290786 0.137661 -0.0726795 -0.0303451 0.996894 47.7732
0.99648 0.0170567 0.0820737 -0.0820102 -0.0194585 0.999403 0.0285535 0.139024 -0.0815377 -0.03005 0.996217 48.1657
0.99568 0.0174588 0.0911948 -0.0585948 -0.0201293 0.999393 0.0284458 0.143322 -0.0906428 -0.0301586 0.995427 48.5371
0.99477 0.0175313 0.100622 -0.0293159 -0.020493 0.999385 0.0284756 0.146904 -0.100061 -0.0303887 0.994517 48.8871
0.993834 0.0167733 0.109602 0.0040547 -0.020081 0.999374 0.0291449 0.150189 -0.109044 -0.0311661 0.993549 49.2141
0.9925 0.0168386 0.121075 0.0378833 -0.0205155 0.999364 0.0291868 0.15506 -0.120507 -0.0314518 0.992214 49.5238
0.990924 0.0169048 0.133356 0.0802225 -0.0208936 0.999374 0.0285685 0.160764 -0.132789 -0.0310955 0.990657 49.8196
0.988988 0.0172034 0.146992 0.126688 -0.0215525 0.999375 0.0280458 0.167233 -0.146418 -0.030905 0.98874 50.1033
0.986565 0.016967 0.162483 0.173351 -0.021692 0.999391 0.0273502 0.171108 -0.16192 -0.0305074 0.986333 50.3776
0.983667 0.0170127 0.179192 0.223824 -0.0222098 0.999388 0.0270364 0.176995 -0.178622 -0.0305746 0.983443 50.6484
0.980477 0.017102 0.195889 0.281642 -0.0227924 0.999381 0.026832 0.182738 -0.195309 -0.0307729 0.980259 50.9078
0.976726 0.0169774 0.213819 0.348138 -0.0231937 0.999378 0.0265978 0.186239 -0.213234 -0.0309381 0.976512 51.1646
0.972223 0.0168198 0.233451 0.422299 -0.0236124 0.999375 0.0263321 0.190295 -0.232862 -0.0311131 0.972012 51.4187
0.967281 0.016892 0.253145 0.500394 -0.0242552 0.999368 0.0259942 0.194543 -0.252546 -0.0312838 0.967079 51.6638
0.961405 0.0172939 0.274592 0.579431 -0.0252287 0.99936 0.0253912 0.200725 -0.273977 -0.0313389 0.961226 51.9096
0.954557 0.017249 0.29753 0.669404 -0.0258249 0.999357 0.0249165 0.205959 -0.296908 -0.0314679 0.954388 52.1517
0.946854 0.0172461 0.321201 0.757024 -0.0265 0.99935 0.0244605 0.206848 -0.32057 -0.0316724 0.946695 52.3952
0.937856 0.0173761 0.346589 0.856325 -0.0272864 0.999346 0.023734 0.211026 -0.34595 -0.0317162 0.937717 52.6431
0.927249 0.0174164 0.374039 0.962015 -0.0280965 0.999338 0.0231194 0.214369 -0.373389 -0.0319467 0.927125 52.8931
0.915502 0.0174314 0.401935 1.07578 -0.0289746 0.999324 0.022657 0.2171 -0.401268 -0.0323884 0.915388 53.1387
0.902013 0.0170575 0.43137 1.20564 -0.0294593 0.999323 0.0220848 0.219666 -0.430701 -0.0326287 0.901905 53.3803
0.885727 0.016978 0.463896 1.34874 -0.0301372 0.999326 0.0209675 0.222864 -0.463228 -0.032552 0.885641 53.6156
0.867522 0.0167265 0.497118 1.50016 -0.0306926 0.999331 0.0199372 0.223671 -0.496452 -0.0325538 0.867454 53.8442
0.846775 0.0170781 0.531677 1.66508 -0.0317613 0.999325 0.0184851 0.225573 -0.531003 -0.0325395 0.846745 54.0785
0.824056 0.0169654 0.566254 1.8415 -0.0323236 0.999332 0.017099 0.224098 -0.565586 -0.0323939 0.824053 54.3048
0.798796 0.0170536 0.601359 2.03444 -0.0330801 0.999331 0.0156013 0.225284 -0.600691 -0.0323553 0.798826 54.5321
0.770632 0.0171623 0.63705 2.24125 -0.0340426 0.999319 0.0142589 0.226269 -0.636371 -0.0326752 0.770691 54.7601
0.740825 0.0172775 0.671476 2.46264 -0.0349716 0.999306 0.0128706 0.226761 -0.670787 -0.0330175 0.740915 54.987
0.707226 0.0171278 0.70678 2.70242 -0.0358394 0.99929 0.0116456 0.225235 -0.706079 -0.0335666 0.707337 55.2096
0.670279 0.0168041 0.741919 2.9654 -0.0363233 0.999289 0.0101826 0.221165 -0.74122 -0.0337741 0.670412 55.4261
0.631144 0.0165908 0.775488 3.25029 -0.0368553 0.999284 0.0086166 0.215909 -0.77479 -0.0340191 0.631304 55.6357
0.58952 0.0161183 0.807593 3.55655 -0.0367545 0.999301 0.00688523 0.214434 -0.806918 -0.0337417 0.5897 55.8401
0.543521 0.0160099 0.839243 3.88291 -0.0372553 0.999293 0.00506464 0.212421 -0.838569 -0.034019 0.543733 56.0322
0.495452 0.0153332 0.8685 4.2346 -0.0366068 0.999325 0.00324012 0.208383 -0.867864 -0.0333984 0.495678 56.2131
0.447479 0.0146987 0.894173 4.60881 -0.0361839 0.999344 0.00168036 0.205235 -0.893562 -0.0331066 0.447718 56.3842
0.398408 0.0110113 0.917142 5.00066 -0.0392408 0.999218 0.0050496 0.203683 -0.916369 -0.0380012 0.398529 56.5411
0.348619 0.0117553 0.937191 5.41368 -0.0435937 0.999043 0.00368497 0.199906 -0.93625 -0.0421402 0.348798 56.6831
0.300506 0.0105547 0.953721 5.84588 -0.0449347 0.998986 0.00310275 0.200368 -0.952721 -0.0437876 0.300675 56.805
0.253397 0.00808159 0.967328 6.29583 -0.0407533 0.999167 0.00232797 0.198309 -0.966504 -0.0400117 0.253515 56.9018
0.209085 0.00341766 0.977891 6.76582 -0.0315311 0.999498 0.00324855 0.204297 -0.977389 -0.0315132 0.209088 56.9745
0.166984 0.000847919 0.985959 7.25414 -0.0270237 0.999628 0.0037171 0.2082 -0.98559 -0.027265 0.166944 57.0274
0.128785 0.00160154 0.991671 7.75545 -0.0274058 0.999623 0.0019447 0.214704 -0.991294 -0.027428 0.12878 57.0676
0.0952692 0.000916444 0.995451 8.268 -0.023368 0.999727 0.00131604 0.217632 -0.995178 -0.0233871 0.0952644 57.0944
0.0660702 -0.000293647 0.997815 8.7931 -0.018454 0.999829 0.00151616 0.218934 -0.997645 -0.0185138 0.0660534 57.1102
0.0411975 -0.00113854 0.99915 9.33477 -0.0167844 0.999858 0.0018314 0.221501 -0.99901 -0.0168456 0.0411725 57.1147
0.0212391 -0.00281295 0.99977 9.88466 -0.0139763 0.999898 0.00311021 0.223016 -0.999677 -0.0140392 0.0211975 57.1121
0.00486153 -0.00288587 0.999984 10.4433 -0.0141973 0.999895 0.00295463 0.224755 -0.999888 -0.0142114 0.00481993 57.1038
-0.00819291 -0.00318261 0.999961 11.0145 -0.0143254 0.999893 0.00306502 0.22788 -0.999864 -0.0142998 -0.00823775 57.0898
-0.0203981 -0.00304744 0.999787 11.5961 -0.0144702 0.999892 0.00275253 0.233103 -0.999688 -0.014411 -0.0204401 57.0696
-0.0299038 -0.00187286 0.999551 12.1887 -0.0122428 0.999924 0.00150728 0.236893 -0.999478 -0.0121923 -0.0299246 57.0438
-0.0370041 -0.00202162 0.999313 12.7873 -0.0110973 0.999938 0.00161196 0.23681 -0.999254 -0.01103 -0.0370243 57.0141
-0.0416666 -0.00241026 0.999129 13.4013 -0.0120163 0.999926 0.00191107 0.235503 -0.99906 -0.0119262 -0.0416926 56.9835
-0.0457805 -0.0029496 0.998947 14.0259 -0.0124317 0.99992 0.00238274 0.237752 -0.998874 -0.0123095 -0.0458136 56.9563
-0.0476303 -0.00882629 0.998826 14.6669 -0.0139951 0.999869 0.00816813 0.242802 -0.998767 -0.0135896 -0.0477477 56.93
-0.0485794 -0.0153368 0.998701 15.3217 -0.0132386 0.999805 0.0147098 0.251161 -0.998732 -0.0125069 -0.0487731 56.8992
-0.0490028 -0.0177187 0.998641 15.9837 -0.0111449 0.999791 0.0171922 0.263966 -0.998737 -0.0102873 -0.0491902 56.8634
-0.0491882 -0.0163243 0.998656 16.6535 -0.010377 0.999821 0.0158323 0.27357 -0.998736 -0.00958432 -0.049349 56.8289
-0.0476569 -0.0100278 0.998813 17.3293 -0.00846101 0.999918 0.00963517 0.282973 -0.998828 -0.00799179 -0.047738 56.7934
-0.0451497 -0.00375972 0.998973 18.0161 -0.00841543 0.999959 0.00338308 0.286162 -0.998945 -0.00825405 -0.0451796 56.7598
-0.0432731 -0.00312755 0.999058 18.7145 -0.0080937 0.999964 0.0027798 0.297264 -0.999031 -0.00796579 -0.043297 56.7309
-0.0405393 -0.0056934 0.999162 19.428 -0.00816822 0.999953 0.00536648 0.301618 -0.999145 -0.00794382 -0.040584 56.7037
-0.0378113 -0.0125813 0.999206 20.1501 -0.00760185 0.999896 0.0123023 0.297941 -0.999256 -0.00713065 -0.0379032 56.6803
-0.0354986 -0.0152332 0.999254 20.8668 -0.00722457 0.999862 0.0149858 0.303885 -0.999344 -0.0066872 -0.0356039 56.6573
-0.031896 -0.0112282 0.999428 21.579 -0.00175294 0.999936 0.011178 0.301512 -0.99949 -0.0013954 -0.0319138 56.6338
-0.0286739 -0.00633242 0.999569 22.2904 0.00102597 0.99998 0.00636445 0.298237 -0.999589 0.00120802 -0.028667 56.6149
-0.0269577 -0.00687517 0.999613 23.0021 -0.00120906 0.999976 0.00684506 0.290625 -0.999636 -0.00102407 -0.0269655 56.6005
-0.022678 -0.0109321 0.999683 23.725 -0.00571644 0.999926 0.0108051 0.289071 -0.999727 -0.00546959 -0.0227389 56.5935
-0.0184993 -0.0132095 0.999742 24.4504 -0.00401992 0.999906 0.0131373 0.276563 -0.999821 -0.00377585 -0.0185508 56.5807
-0.0162942 -0.0128869 0.999784 25.173 0.00159713 0.999916 0.0129146 0.268102 -0.999866 0.00180722 -0.0162724 56.5659
-0.012922 -0.0117584 0.999847 25.9018 -0.000311592 0.999931 0.0117554 0.260327 -0.999917 -0.000159641 -0.0129249 56.5589
-0.00938789 -0.0119483 0.999884 26.632 -0.00115447 0.999928 0.011938 0.259814 -0.999956 -0.00104226 -0.00940115 56.5564
-0.006584 -0.0129603 0.999894 27.3669 -0.000834864 0.999916 0.0129551 0.258591 -0.999978 -0.000749478 -0.00659441 56.5563
-0.00210412 -0.0138281 0.999902 28.1065 0.000199629 0.999905 0.0138286 0.248034 -0.999998 0.000228708 -0.0021013 56.5564
0.00103359 -0.0150923 0.999885 28.85 0.00493022 0.999874 0.0150871 0.239117 -0.999988 0.00491406 0.00110773 56.5593
0.00370486 -0.0146713 0.999885 29.5894 0.00441976 0.999883 0.0146549 0.233678 -0.999984 0.00436497 0.00376914 56.5608
0.0071856 -0.0148682 0.999864 30.3351 0.00346038 0.999884 0.0148436 0.23018 -0.999969 0.00335324 0.00723608 56.5628
0.0103823 -0.015476 0.999826 31.0811 0.003806 0.999874 0.0154372 0.232137 -0.999939 0.00364507 0.0104397 56.5663
0.0132318 -0.0158554 0.999787 31.8276 0.00399412 0.999867 0.0158038 0.231013 -0.999905 0.00378415 0.0132932 56.5675
0.0166581 -0.0158326 0.999736 32.5755 0.00278127 0.999872 0.0157884 0.234385 -0.999858 0.00251753 0.0166999 56.5705
0.0196902 -0.0158845 0.99968 33.3274 0.00197752 0.999873 0.0158486 0.239428 -0.999804 0.00166483 0.0197189 56.5785
0.0219852 -0.016538 0.999621 34.0781 0.00284844 0.999861 0.0164793 0.241114 -0.999754 0.00248507 0.0220291 56.5893
0.0256484 -0.0167439 0.999531 34.8362 0.00161168 0.999859 0.0167081 0.247479 -0.99967 0.00118239 0.0256717 56.6054
0.0264943 -0.016896 0.999506 35.599 0.00124163 0.999857 0.016869 0.253035 -0.999648 0.000794089 0.0265113 56.6216
0.0326992 -0.017345 0.999315 36.367 0.000816116 0.99985 0.0173275 0.259989 -0.999465 0.000248963 0.0327083 56.647
0.0348978 -0.0174308 0.999239 37.1355 0.000348976 0.999848 0.0174292 0.268199 -0.999391 -0.000259528 0.0348984 56.6737
0.0372173 -0.0167099 0.999167 37.9011 0.000174949 0.999861 0.0167149 0.27414 -0.999307 -0.000447279 0.0372149 56.7027
0.0414928 -0.0164017 0.999004 38.6706 0.000277096 0.999866 0.0164043 0.281238 -0.999139 -0.000403839 0.0414917 56.7337
0.0445496 -0.0158334 0.998882 39.4415 -0.00275412 0.999869 0.0159719 0.288741 -0.999004 -0.00346258 0.0445 56.7679
0.0468987 -0.0156013 0.998778 40.216 -0.00762729 0.999844 0.0159761 0.298116 -0.998871 -0.00836722 0.0467722 56.808
0.0508126 -0.0165093 0.998572 40.9946 -0.00628702 0.999839 0.0168502 0.306802 -0.998689 -0.00713424 0.0507005 56.851
0.0545538 -0.016366 0.998377 41.7746 -0.00692792 0.999836 0.0167684 0.314975 -0.998487 -0.00783146 0.0544313 56.8958
0.0575295 -0.0164281 0.998209 42.5605 -0.00846572 0.999821 0.0169425 0.324304 -0.998308 -0.00942524 0.0573799 56.9451
0.0622738 -0.0171066 0.997913 43.3474 -0.00757012 0.999817 0.0176116 0.334897 -0.998031 -0.00865105 0.0621328 56.9975
0.0670588 -0.0171609 0.997602 44.1376 -0.0070787 0.999819 0.0176749 0.345587 -0.997724 -0.00824698 0.0669251 57.0513
0.0710757 -0.0145254 0.997365 44.93 -0.00890597 0.999845 0.0151962 0.354962 -0.997431 -0.00996258 0.0709352 57.1127
0.0776473 -0.00778936 0.996951 45.7238 -0.00991974 0.999914 0.00858511 0.357611 -0.996932 -0.0105561 0.0775632 57.1814
0.0848373 -0.00350009 0.996389 46.5175 -0.0103086 0.999938 0.00439027 0.359085 -0.996342 -0.0106439 0.0847958 57.2545
0.0914743 -0.00146727 0.995806 47.3136 -0.0133708 0.999907 0.00270154 0.358811 -0.995718 -0.0135619 0.0914461 57.3356
0.0995973 -0.00292381 0.995024 48.112 -0.0138457 0.999895 0.004324 0.359121 -0.994932 -0.0142074 0.0995462 57.4228
0.107168 -0.00381722 0.994234 48.9161 -0.01369 0.999893 0.00531458 0.359508 -0.994147 -0.0141806 0.107104 57.5147
0.113867 -0.00530575 0.993482 49.7296 -0.0136368 0.999884 0.00690289 0.356231 -0.993403 -0.0143339 0.113781 57.6126
0.122616 -0.0110505 0.992393 50.5541 -0.0144712 0.999812 0.0129212 0.359468 -0.992349 -0.0159455 0.122433 57.7188
0.129991 -0.0176595 0.991358 51.3832 -0.0154683 0.999684 0.0198361 0.365919 -0.991395 -0.0179132 0.129677 57.8266
0.136921 -0.0196842 0.990386 52.2115 -0.0153004 0.999642 0.0219835 0.376999 -0.990464 -0.0181633 0.13657 57.9385
0.144721 -0.0187128 0.989296 53.0346 -0.0155638 0.999655 0.0211855 0.387389 -0.98935 -0.0184631 0.144379 58.0582
0.150701 -0.0135772 0.988486 53.8519 -0.0154001 0.999753 0.0160798 0.395387 -0.98846 -0.017646 0.150455 58.1796
0.155032 -0.0111682 0.987846 54.6636 -0.0153672 0.999788 0.0137149 0.405951 -0.98779 -0.0173067 0.154828 58.3054
0.160607 -0.0104979 0.986962 55.4706 -0.0149381 0.999803 0.0130654 0.414632 -0.986906 -0.0168418 0.160419 58.439
0.16585 -0.0112576 0.986087 56.2715 -0.0150751 0.999789 0.0139495 0.420187 -0.986036 -0.0171788 0.165645 58.5714
0.170489 -0.0135951 0.985266 57.0643 -0.0129725 0.999788 0.0160402 0.426778 -0.985274 -0.0155161 0.170276 58.7052
0.175592 -0.0192645 0.984275 57.8529 -0.0110261 0.999708 0.0215336 0.440385 -0.984402 -0.0146338 0.175328 58.8409
0.179092 -0.0263348 0.98348 58.6392 -0.0105844 0.999533 0.028692 0.459691 -0.983776 -0.0155481 0.178729 58.9812
0.181795 -0.029446 0.982895 59.4188 -0.0117763 0.999415 0.032119 0.485691 -0.983266 -0.0174139 0.181342 59.1264
0.18509 -0.0308464 0.982237 60.1889 -0.0126021 0.999351 0.0337586 0.506432 -0.982641 -0.0186266 0.184581 59.2716
0.187259 -0.030642 0.981833 60.9458 -0.0133737 0.999342 0.0337391 0.532768 -0.98222 -0.0194487 0.186726 59.4169
0.189588 -0.0295476 0.981419 61.6896 -0.0146082 0.999352 0.0329095 0.556991 -0.981755 -0.020576 0.189033 59.5682
0.191654 -0.0249317 0.981146 62.4217 -0.0151558 0.999483 0.0283581 0.581155 -0.981346 -0.020305 0.191177 59.7197
0.193596 -0.0196066 0.980885 63.1386 -0.0167286 0.999589 0.0232821 0.598205 -0.980939 -0.0209161 0.193189 59.8733
0.195715 -0.0191861 0.980473 63.8447 -0.0158432 0.999617 0.0227232 0.609799 -0.980533 -0.0199811 0.195336 60.0205
0.197629 -0.0195145 0.980083 64.5419 -0.0167993 0.999588 0.0232904 0.626547 -0.980133 -0.0210675 0.19722 60.1673
0.198302 -0.0212906 0.97991 65.2299 -0.0166692 0.999547 0.0250905 0.639477 -0.98 -0.0213098 0.197857 60.3115
0.199824 -0.0218475 0.979588 65.9034 -0.0177088 0.999508 0.0259041 0.653922 -0.979672 -0.0225236 0.199339 60.4547
0.19981 -0.0224951 0.979576 66.5698 -0.0181068 0.999481 0.0266456 0.6702 -0.979668 -0.023061 0.199299 60.5938
0.19862 -0.0229516 0.979808 67.2259 -0.0182483 0.999466 0.0271113 0.68693 -0.979907 -0.0232647 0.198095 60.7336
0.197612 -0.0230554 0.980009 67.8731 -0.0189795 0.999447 0.0273397 0.699935 -0.980097 -0.0240027 0.197065 60.8663
0.194891 -0.0224011 0.980569 68.5102 -0.0198201 0.999446 0.0267716 0.711884 -0.980625 -0.0246524 0.194339 60.9972
0.193728 -0.0179222 0.980892 69.1392 -0.0196989 0.999561 0.0221538 0.717567 -0.980858 -0.0236143 0.193289 61.121
0.191599 -0.0178257 0.981311 69.7656 -0.0189198 0.999583 0.0218516 0.721055 -0.981291 -0.022753 0.191182 61.2425
0.18997 -0.0186629 0.981612 70.3839 -0.019904 0.999541 0.0228557 0.728203 -0.981589 -0.0238799 0.189511 61.3693
0.188988 -0.0208323 0.981758 70.984 -0.0203678 0.999477 0.0251291 0.743259 -0.981769 -0.0247453 0.188465 61.5011
0.187777 -0.0227983 0.981947 71.5788 -0.019214 0.999455 0.0268791 0.760606 -0.982024 -0.0239144 0.187236 61.6332
0.185533 -0.024299 0.982337 72.1682 -0.0167693 0.999471 0.02789 0.775062 -0.982495 -0.0216476 0.185027 61.752
0.184529 -0.0228755 0.982561 72.7434 -0.0126868 0.999591 0.0256546 0.788811 -0.982746 -0.0171995 0.184163 61.8651
0.18274 -0.0232834 0.982885 73.3113 -0.0102192 0.999621 0.0255798 0.795862 -0.983109 -0.0147187 0.182433 61.983
0.181258 -0.0230286 0.983166 73.8802 -0.0112773 0.999612 0.0254929 0.806889 -0.983371 -0.0157083 0.180928 62.0933
0.180685 -0.0230356 0.983271 74.4366 -0.0114339 0.999609 0.0255194 0.81567 -0.983475 -0.0158536 0.180351 62.2058
0.179567 -0.023751 0.983459 74.9929 -0.0102565 0.999609 0.0260137 0.825925 -0.983693 -0.014758 0.179253 62.3188
0.179782 -0.0263075 0.983355 75.5533 -0.00605116 0.999594 0.0278482 0.839642 -0.983688 -0.010957 0.179549 62.431
0.182538 -0.0283465 0.98279 76.1078 -0.00142073 0.999576 0.0290945 0.85293 -0.983198 -0.00670713 0.18242 62.5421
0.184673 -0.0292206 0.982365 76.6713 0.000873623 0.999563 0.0295679 0.864778 -0.9828 -0.00460218 0.184618 62.6511
0.188023 -0.0296184 0.981718 77.2367 -4.72217e-05 0.999545 0.0301653 0.876951 -0.982165 -0.00571812 0.187936 62.7661
0.193903 -0.0299437 0.980563 77.8014 -0.000726514 0.99953 0.0306665 0.890695 -0.981021 -0.00665872 0.19379 62.8882
0.20084 -0.0307824 0.97914 78.3708 0.00108974 0.999513 0.0311993 0.902524 -0.979624 -0.00519905 0.200775 63.007
0.208633 -0.0312738 0.977494 78.9418 0.000839292 0.999494 0.0317985 0.915245 -0.977994 -0.0058138 0.208553 63.1379
0.217358 -0.0319366 0.975569 79.5199 0.00145903 0.999475 0.0323941 0.929163 -0.976091 -0.00561774 0.217291 63.2776
0.226901 -0.0326061 0.973372 80.0998 0.00150245 0.99945 0.0331294 0.946132 -0.973917 -0.00605466 0.226825 63.4295
0.236479 -0.0331298 0.971072 80.6865 0.00150458 0.99943 0.0337308 0.961245 -0.971636 -0.00651557 0.236394 63.5876
0.246965 -0.0305255 0.968543 81.2734 -0.002741 0.999478 0.0321993 0.975968 -0.969021 -0.0106069 0.246752 63.7554
0.256293 -0.029175 0.966159 81.8624 -0.00478981 0.999494 0.0314522 0.991222 -0.966588 -0.0126887 0.256023 63.9279
0.267875 -0.0276121 0.963058 82.4555 -0.00695874 0.999508 0.0305928 1.00502 -0.963429 -0.0148967 0.267551 64.1062
0.278253 -0.0274117 0.960116 83.0548 -0.00722745 0.999505 0.0306308 1.01618 -0.960481 -0.0154623 0.277917 64.2935
0.288547 -0.0266423 0.957095 83.6604 -0.00874966 0.999498 0.0304605 1.03142 -0.957426 -0.0171635 0.288168 64.4873
0.298207 -0.0267472 0.954126 84.2722 -0.00841033 0.999495 0.0306476 1.0492 -0.954464 -0.0171639 0.297832 64.6915
0.30794 -0.0257704 0.951057 84.8911 -0.0104015 0.999483 0.0304504 1.06997 -0.951349 -0.0192693 0.307512 64.9092
0.320377 -0.0298215 0.946821 85.512 -0.0093504 0.999357 0.0346401 1.09262 -0.947244 -0.019951 0.319892 65.1351
0.328442 -0.0374478 0.943781 86.1478 -0.00440137 0.999143 0.0411762 1.11892 -0.944514 -0.0176779 0.327995 65.3683
0.33901 -0.0415878 0.939863 86.7953 -0.00134019 0.999001 0.0446879 1.15051 -0.940782 -0.0164092 0.338615 65.6077
0.349265 -0.0433155 0.936022 87.4525 0.000341215 0.998937 0.0460996 1.18427 -0.937024 -0.0157816 0.348908 65.8583
0.357004 -0.0463625 0.932951 88.1159 0.00484639 0.998846 0.0477826 1.21649 -0.934091 -0.0125371 0.356817 66.1169
0.364813 -0.0496664 0.929755 88.782 0.0107935 0.998735 0.0491161 1.25649 -0.931019 -0.00788293 0.364888 66.3872
0.370897 -0.0598877 0.926741 89.4621 0.0220753 0.998206 0.055671 1.30192 -0.928412 -0.000190118 0.371553 66.661
0.376043 -0.0654167 0.92429 90.1605 0.0294933 0.997845 0.0586233 1.34875 -0.926133 0.00521553 0.377162 66.9461
0.3832 -0.0666219 0.92126 90.8571 0.0328096 0.997748 0.058506 1.40101 -0.923083 0.00780671 0.384522 67.2442
0.389093 -0.0618999 0.919116 91.5588 0.0355703 0.998006 0.0521548 1.44662 -0.920512 0.0124002 0.390519 67.5458
0.396712 -0.0579757 0.916111 92.2593 0.039826 0.998151 0.0459214 1.49046 -0.917079 0.0182675 0.398287 67.8549
0.402058 -0.057441 0.913811 92.9617 0.0397835 0.998184 0.0452407 1.53408 -0.91475 0.0181653 0.403612 68.1719
0.406746 -0.0561772 0.911813 93.6649 0.0345898 0.998339 0.0460782 1.58061 -0.912887 0.0127973 0.408013 68.4945
0.41213 -0.0535542 0.90955 94.3642 0.0306792 0.998521 0.0448917 1.62343 -0.910609 0.00940308 0.413163 68.8242
0.416631 -0.0540963 0.907465 95.0592 0.0327255 0.998474 0.0444968 1.66495 -0.908487 0.0111585 0.417765 69.1489
0.421177 -0.0523845 0.905464 95.7501 0.031492 0.998574 0.0431227 1.70371 -0.906432 0.0103526 0.422226 69.4768
0.425805 -0.0511562 0.903368 96.4319 0.0305711 0.998644 0.0421418 1.74068 -0.904299 0.00967273 0.426792 69.8071
0.430638 -0.0524838 0.900997 97.1068 0.0312155 0.998577 0.0432482 1.77691 -0.901985 0.00950082 0.431663 70.1392
0.43467 -0.0554241 0.898883 97.7787 0.0332458 0.998412 0.0454844 1.8118 -0.899976 0.0101133 0.435823 70.47
0.439559 -0.0565929 0.896429 98.4431 0.0337941 0.998349 0.0464564 1.84831 -0.897578 0.00987372 0.440746 70.7994
0.443575 -0.0577103 0.894378 99.0979 0.0344359 0.998286 0.0473362 1.88483 -0.895576 0.00980159 0.444801 71.1254
0.448488 -0.0573171 0.891949 99.7355 0.0343084 0.998311 0.0469011 1.92078 -0.893131 0.00956684 0.449696 71.4516
0.451885 -0.0580182 0.890187 100.364 0.0352019 0.998266 0.0471927 1.95334 -0.891382 0.0100106 0.453144 71.7768
0.454322 -0.0595144 0.888847 100.983 0.0363932 0.998173 0.0482326 1.98406 -0.890094 0.0104349 0.455658 72.0961
0.456071 -0.0603775 0.887893 101.594 0.0372624 0.998117 0.0487328 2.01343 -0.889164 0.0108594 0.457461 72.4142
0.45921 -0.0601314 0.88629 102.195 0.0364619 0.998142 0.0488283 2.04221 -0.88758 0.00989346 0.460549 72.7332
0.462179 -0.061367 0.884661 102.787 0.0376218 0.998062 0.0495783 2.07076 -0.885989 0.0103685 0.463592 73.0507
0.465714 -0.0610823 0.882825 103.372 0.0374172 0.998082 0.0493184 2.09735 -0.884145 0.0100646 0.467106 73.3643
0.469984 -0.0622732 0.880476 103.944 0.0385907 0.998004 0.0499865 2.12403 -0.881832 0.0104854 0.471449 73.6797
0.473923 -0.0631849 0.878297 104.513 0.0401949 0.997935 0.0501028 2.15067 -0.879649 0.0115582 0.475484 73.9922
0.477465 -0.0644283 0.876285 105.072 0.0414577 0.99785 0.050777 2.17821 -0.877673 0.0120845 0.479109 74.306
0.482667 -0.06508 0.873383 105.62 0.0416139 0.997814 0.0513544 2.20427 -0.874815 0.0115578 0.48432 74.6185
0.487007 -0.0657706 0.870918 106.161 0.0418736 0.997773 0.0519352 2.23085 -0.872394 0.0111757 0.488677 74.9298
0.491179 -0.0667503 0.868497 106.697 0.0423727 0.99771 0.0527173 2.25819 -0.870028 0.010907 0.492883 75.2398
0.496101 -0.0675098 0.865636 107.221 0.0430703 0.997659 0.0531223 2.28425 -0.867196 0.0109292 0.497848 75.5511
0.500799 -0.0674934 0.862928 107.743 0.0426765 0.997668 0.0532648 2.30984 -0.864512 0.0101518 0.502512 75.8598
0.506211 -0.0684267 0.859691 108.257 0.0442305 0.997596 0.0533589 2.33648 -0.861276 0.0110138 0.50802 76.1694
0.512151 -0.0675926 0.856232 108.762 0.0434022 0.997662 0.0527965 2.36273 -0.857799 0.0101226 0.513887 76.4811
0.518868 -0.0616858 0.852626 109.261 0.0412011 0.998039 0.0471331 2.38557 -0.853862 0.0106733 0.520392 76.7958
0.525404 -0.0547789 0.849088 109.751 0.0372935 0.998449 0.0413383 2.40564 -0.850036 0.0099462 0.526632 77.114
0.533058 -0.0486795 0.844677 110.233 0.0335563 0.998775 0.0363836 2.42167 -0.845414 0.0089497 0.534038 77.4364
0.539374 -0.0437889 0.840927 110.716 0.0315756 0.998997 0.0317672 2.43684 -0.841475 0.00941845 0.540215 77.7609
0.545635 -0.0437572 0.83688 111.194 0.0304516 0.999012 0.0323804 2.45134 -0.83747 0.00781646 0.546429 78.0918
0.551369 -0.0450458 0.833045 111.672 0.0253922 0.998985 0.0372124 2.46826 -0.833876 0.00063512 0.551953 78.4286
0.55689 -0.0475555 0.829224 112.155 0.0210885 0.998847 0.0431208 2.48743 -0.830319 -0.00652647 0.557251 78.7719
0.563611 -0.0495581 0.824552 112.638 0.0161626 0.998669 0.0489754 2.51116 -0.825883 -0.0142762 0.563662 79.1215
0.569447 -0.0506535 0.820466 113.125 0.0162588 0.998599 0.0503665 2.53498 -0.821868 -0.0153412 0.569473 79.4793
0.575553 -0.0490729 0.816291 113.616 0.0135956 0.998634 0.0504488 2.5603 -0.817652 -0.017938 0.575434 79.8444
0.582201 -0.0444666 0.811828 114.108 0.00951825 0.998808 0.0478821 2.58688 -0.81299 -0.0201498 0.58193 80.219
0.588335 -0.0438145 0.807429 114.604 0.00908578 0.998826 0.0475802 2.61498 -0.808567 -0.020657 0.588043 80.6008
0.593969 -0.0428285 0.803347 115.105 0.008679 0.998865 0.0468351 2.64341 -0.804442 -0.0208463 0.593666 80.9904
0.60034 -0.0432507 0.798574 115.61 0.00922877 0.998845 0.0471595 2.67344 -0.799692 -0.0209419 0.600046 81.3903
0.60688 -0.0428578 0.793638 116.123 0.00800361 0.998824 0.0478181 2.70509 -0.794754 -0.0226678 0.606509 81.8012
0.61306 -0.0444974 0.788783 116.645 0.00906215 0.998743 0.0492986 2.73477 -0.789985 -0.0230749 0.612693 82.2232
0.620878 -0.045427 0.78259 117.174 0.00988577 0.998694 0.0501282 2.76679 -0.783845 -0.023387 0.620516 82.6572
0.628331 -0.0456541 0.776605 117.709 0.0102607 0.998676 0.0504072 2.80016 -0.777879 -0.0237039 0.627968 83.1026
0.635556 -0.0448704 0.77075 118.25 0.00978951 0.998698 0.0500684 2.83874 -0.771993 -0.024276 0.635168 83.5604
0.643752 -0.0447974 0.763922 118.793 0.0095353 0.998677 0.0505285 2.87747 -0.765175 -0.0252436 0.643328 84.0325
0.650582 -0.0450931 0.758096 119.341 0.0103261 0.998669 0.0505411 2.91744 -0.759366 -0.0250529 0.650182 84.5159
0.65565 -0.0456457 0.753684 119.893 0.011155 0.998648 0.0507775 2.95664 -0.754983 -0.0248849 0.655273 85.0068
0.659557 -0.0465379 0.750212 120.453 0.0122414 0.998614 0.0511849 2.99643 -0.751555 -0.0245757 0.659213 85.5079
0.662987 -0.0478735 0.747099 121.018 0.0137485 0.998564 0.0517866 3.03623 -0.748505 -0.0240623 0.662693 86.0158
0.666164 -0.050481 0.744095 121.589 0.0176598 0.998495 0.0519298 3.07706 -0.745597 -0.0214532 0.666053 86.5305
0.669132 -0.0555963 0.741062 122.168 0.024453 0.998305 0.0528158 3.11827 -0.742742 -0.0172195 0.669357 87.0531
0.672237 -0.0616098 0.737768 122.752 0.0312185 0.998004 0.0548961 3.1628 -0.739678 -0.0138712 0.672819 87.5845
0.675204 -0.0662836 0.734647 123.336 0.0366281 0.997739 0.0563567 3.20615 -0.736722 -0.0111435 0.676105 88.123
0.679233 -0.0670453 0.730854 123.924 0.0381446 0.997698 0.0560739 3.25249 -0.732932 -0.0102091 0.680226 88.6712
0.681784 -0.0663523 0.728538 124.514 0.0375464 0.99774 0.0557332 3.29723 -0.73059 -0.010644 0.682735 89.2272
0.686745 -0.0636016 0.724111 125.107 0.0350918 0.997904 0.054369 3.34353 -0.726052 -0.0119272 0.687537 89.7947
0.69046 -0.0606994 0.720819 125.699 0.0307434 0.998035 0.0545948 3.39091 -0.722717 -0.0155351 0.69097 90.3716
0.694455 -0.0625925 0.716808 126.295 0.0299353 0.99786 0.0581325 3.43928 -0.718913 -0.0189125 0.694843 90.9535
0.698758 -0.0650462 0.712395 126.892 0.0279227 0.997579 0.0636971 3.49567 -0.714813 -0.0246168 0.698883 91.5461
0.702632 -0.0700905 0.708093 127.492 0.0291217 0.997136 0.0698042 3.55442 -0.710958 -0.0284257 0.702661 92.148
0.707633 -0.0737797 0.702717 128.096 0.0318569 0.996854 0.0725819 3.61885 -0.705862 -0.0289749 0.707757 92.7605
0.711567 -0.0754669 0.698553 128.704 0.035721 0.996815 0.0713025 3.68062 -0.70171 -0.0257835 0.711997 93.3819
0.716122 -0.078549 0.693541 129.312 0.0467142 0.996814 0.0646619 3.7393 -0.69641 -0.0139076 0.717509 94.0107
0.720354 -0.076291 0.689398 129.922 0.0500842 0.99706 0.0580047 3.79395 -0.691796 -0.00725594 0.722057 94.6509
0.726152 -0.0763074 0.683287 130.532 0.0534685 0.99708 0.0545282 3.84478 -0.685453 -0.00306142 0.728111 95.2997
0.731418 -0.0802105 0.677195 131.14 0.0569077 0.996774 0.0565988 3.90429 -0.679551 -0.00285973 0.733623 95.9592
0.736276 -0.0858019 0.67122 131.743 0.0624256 0.996311 0.0588823 3.95693 -0.673796 -0.00145233 0.738917 96.6243
0.740083 -0.0880308 0.666728 132.35 0.0672056 0.996114 0.0569212 4.01397 -0.669149 0.00268148 0.743124 97.3008
0.74479 -0.0871565 0.661582 132.948 0.0707705 0.996159 0.0515622 4.06203 -0.663535 0.00841749 0.748098 97.9804
0.747775 -0.0863968 0.658306 133.553 0.0713944 0.996212 0.0496465 4.10981 -0.660102 0.00987495 0.751112 98.6681
0.750976 -0.0893497 0.654256 134.148 0.0745027 0.995942 0.0504961 4.15836 -0.656113 0.0108225 0.754586 99.3617
0.752727 -0.0957644 0.65133 134.748 0.0795144 0.995346 0.0544517 4.21013 -0.653514 0.0108029 0.756838 100.059
0.753381 -0.0986016 0.650149 135.345 0.0820246 0.995064 0.0558627 4.25938 -0.652448 0.0112423 0.75775 100.758
0.753998 -0.102876 0.648771 135.949 0.0860438 0.994618 0.0577182 4.31104 -0.651217 0.0123032 0.758792 101.459
0.754014 -0.104714 0.648458 136.551 0.0873774 0.994428 0.0589804 4.36508 -0.651021 0.0121885 0.758963 102.164
0.753203 -0.105357 0.649295 137.16 0.0878246 0.994359 0.0594687 4.42292 -0.651898 0.0122321 0.758208 102.873
0.753371 -0.104821 0.649187 137.767 0.0868629 0.994426 0.0597628 4.47797 -0.651834 0.0113668 0.758277 103.585
0.752108 -0.10261 0.651002 138.379 0.0843221 0.994669 0.05936 4.53386 -0.653623 0.0102487 0.756752 104.3
0.751113 -0.100203 0.652524 138.988 0.0818295 0.994923 0.0585899 4.58714 -0.655082 0.00938807 0.755499 105.013
0.74951 -0.0986834 0.654595 139.6 0.0799168 0.995083 0.058509 4.64467 -0.657151 0.00846009 0.753712 105.724
0.747492 -0.097853 0.657023 140.213 0.078357 0.995174 0.0590687 4.70145 -0.659633 0.00732891 0.751553 106.434
0.744528 -0.0992834 0.660167 140.827 0.0787929 0.995036 0.0607833 4.75797 -0.662925 0.00676154 0.748656 107.147
0.742849 -0.100374 0.661891 141.44 0.0776409 0.994942 0.0637425 4.81571 -0.664941 0.00403874 0.746885 107.854
0.739655 -0.104192 0.664871 142.053 0.0811912 0.994542 0.065532 4.87599 -0.668071 0.00551058 0.744078 108.559
0.737558 -0.103141 0.66736 142.669 0.0823202 0.994629 0.0627416 4.92861 -0.670247 0.00866154 0.742088 109.259
0.734041 -0.0926506 0.672755 143.291 0.0759627 0.995635 0.0542345 4.98001 -0.674843 0.011294 0.737875 109.955
0.73221 -0.0869519 0.675506 143.914 0.0728122 0.996127 0.0492983 5.02638 -0.677176 0.0130884 0.735705 110.652
0.728847 -0.0892737 0.678831 144.538 0.0724624 0.995953 0.0531772 5.07229 -0.680831 0.0104317 0.732366 111.348
0.725708 -0.0906353 0.682007 145.162 0.0680765 0.99588 0.0599088 5.12131 -0.684627 0.00295239 0.728888 112.039
0.722335 -0.09334 0.685215 145.787 0.0670577 0.995634 0.064935 5.17778 -0.688284 -0.000955944 0.725441 112.728
0.7195 -0.0928894 0.688252 146.416 0.0657634 0.995675 0.0656312 5.23307 -0.691372 -0.00195983 0.722497 113.411
0.716196 -0.0948349 0.691425 147.046 0.0675521 0.995493 0.0665682 5.28763 -0.694622 -0.000968681 0.719375 114.09
0.712323 -0.0958152 0.69528 147.683 0.0692136 0.995399 0.0662637 5.33841 -0.69843 0.000921644 0.715678 114.762
0.709142 -0.0961175 0.698484 148.317 0.0712197 0.995363 0.0646643 5.38569 -0.70146 0.00388969 0.712699 115.428
0.705129 -0.095964 0.702555 148.958 0.0717715 0.995371 0.0639261 5.436 -0.705438 0.00534733 0.708752 116.088
0.700369 -0.0962255 0.707265 149.604 0.0714617 0.995346 0.0646549 5.48994 -0.710195 0.00526017 0.703985 116.745
0.697073 -0.0954321 0.710621 150.253 0.0693094 0.99543 0.0656922 5.5461 -0.713643 0.00346049 0.700502 117.393
0.692121 -0.0953397 0.715457 150.907 0.0683465 0.995441 0.0665323 5.60127 -0.718538 0.00285059 0.695482 118.037
0.68643 -0.0938734 0.721112 151.569 0.0659429 0.995583 0.0668324 5.65765 -0.7242 0.00167645 0.689588 118.678
0.681558 -0.0898149 0.726232 152.239 0.0632362 0.995956 0.0638261 5.70957 -0.729027 0.00242296 0.684481 119.316
0.675889 -0.0837052 0.732234 152.909 0.0588979 0.996486 0.0595474 5.75892 -0.734646 0.00287958 0.678445 119.951
0.668807 -0.0816099 0.738943 153.589 0.0566185 0.996661 0.058828 5.81332 -0.741277 0.00249326 0.671195 120.577
0.663029 -0.086734 0.743552 154.276 0.0559051 0.996229 0.0663576 5.87425 -0.746504 -0.00242862 0.665377 121.2
0.656908 -0.0907297 0.748491 154.969 0.0497245 0.995785 0.0770655 5.9479 -0.752329 -0.0134067 0.658652 121.822
0.649005 -0.0950694 0.75482 155.668 0.0493543 0.995333 0.0829264 6.02262 -0.759182 -0.016566 0.650668 122.439
0.643204 -0.0944218 0.759851 156.372 0.0446222 0.995303 0.085908 6.10167 -0.764394 -0.0213501 0.644397 123.054
0.635314 -0.0936638 0.766552 157.083 0.0436636 0.995386 0.0854365 6.17808 -0.771019 -0.0208086 0.636473 123.656
0.627353 -0.0944091 0.772991 157.8 0.0478567 0.995422 0.0827356 6.24906 -0.777263 -0.0149116 0.628999 124.251
0.621294 -0.0873239 0.778696 158.523 0.0467722 0.996132 0.0743896 6.3184 -0.782181 -0.00979645 0.622975 124.835
0.61371 -0.0858568 0.784849 159.253 0.0493664 0.996298 0.0703859 6.38486 -0.787987 -0.00445138 0.615677 125.408
0.6056 -0.0892449 0.790749 159.995 0.0503096 0.995997 0.0738796 6.45486 -0.794177 -0.00495926 0.607666 125.972
0.598559 -0.0950591 0.795418 160.741 0.0537208 0.995463 0.0785407 6.5253 -0.799276 -0.00428071 0.60095 126.531
0.591839 -0.0953702 0.800394 161.492 0.0524908 0.995428 0.0797958 6.59647 -0.804345 -0.0052129 0.59414 127.081
0.585418 -0.0950651 0.805138 162.244 0.0512276 0.995455 0.0802886 6.66533 -0.809112 -0.00575712 0.587627 127.628
0.578942 -0.0962672 0.809666 162.999 0.0524142 0.995346 0.080866 6.73586 -0.813683 -0.00437869 0.581293 128.171
0.573271 -0.102617 0.812914 163.757 0.0572864 0.994719 0.0851687 6.80881 -0.817361 -0.00225584 0.576122 128.702
0.568439 -0.104419 0.816071 164.517 0.0566411 0.994527 0.0877995 6.88212 -0.820773 -0.00368548 0.571243 129.227
0.565359 -0.104599 0.818186 165.272 0.0556088 0.994504 0.0887152 6.95683 -0.822969 -0.0046576 0.568068 129.748
0.561668 -0.10423 0.820771 166.025 0.0548675 0.994542 0.08875 7.03035 -0.825542 -0.00481441 0.564321 130.267
0.557548 -0.102128 0.823839 166.772 0.0549918 0.994768 0.0861003 7.10006 -0.828322 -0.00270062 0.560247 130.784
0.555361 -0.0971723 0.825912 167.51 0.0539851 0.995268 0.0807971 7.16309 -0.829856 -0.000284526 0.557979 131.296
