1 0 0 0 0 1 0 0 0 0 1 0
<<<<<<< HEAD
<<<<<<< HEAD
0.999999 0.000440399 0.00140985 -0.0070596 -0.000435633 0.999994 -0.00337942 -0.00629522 -0.00141133 0.0033788 0.999993 0.963292
0.999997 -0.000111241 0.00238649 -0.00933266 0.000119227 0.999994 -0.00334618 -0.017053 -0.00238611 0.00334645 0.999992 1.91557
0.999993 -0.00112552 0.00358028 -0.0116094 0.0011266 0.999999 -0.000298715 -0.0197503 -0.00357994 0.000302746 0.999994 2.86312
0.999991 -0.00396193 0.0017094 -0.00392493 0.00395507 0.999984 0.00400165 -0.0211062 -0.00172523 -0.00399485 0.999991 3.83728
0.999982 -0.00588692 0.000575997 -0.00212008 0.00588366 0.999968 0.00550511 -0.0407995 -0.000608387 -0.00550162 0.999985 4.77595
0.999964 -0.00846159 0.000667818 -0.00400432 0.00845937 0.999959 0.00326095 -0.0509703 -0.000695384 -0.00325518 0.999995 5.72722
0.999972 -0.00747223 0.000219313 -0.00785334 0.00747221 0.999972 0.000103896 -0.0557423 -0.000220083 -0.000102255 1 6.67806
0.999971 -0.00762236 -0.00043624 -0.0138393 0.00762209 0.999971 -0.000613786 -0.0628927 0.000440906 0.000610443 1 7.60103
0.99998 -0.00623782 -0.000509509 -0.0186653 0.00623815 0.99998 0.000645907 -0.0756051 0.00050547 -0.000649072 1 8.54608
0.999975 -0.00661942 -0.00236553 -0.0226087 0.0066281 0.999971 0.00367789 -0.0827595 0.00234112 -0.00369347 0.99999 9.46711
0.999972 -0.00675933 -0.00321546 -0.0321163 0.00677627 0.999963 0.00528578 -0.0972237 0.00317962 -0.00530742 0.999981 10.3813
0.999974 -0.00683117 -0.00213043 -0.0445976 0.00684505 0.999955 0.00657489 -0.110841 0.00208542 -0.0065893 0.999976 11.3273
0.999972 -0.0064532 -0.00387296 -0.0433026 0.00647827 0.999958 0.00649768 -0.122542 0.00383086 -0.00652258 0.999971 12.2375
0.999968 -0.00654304 -0.00451908 -0.05438 0.00656919 0.999962 0.00579668 -0.124004 0.00448098 -0.00582618 0.999973 13.1415
0.999967 -0.00652266 -0.00486987 -0.0597268 0.0065491 0.999964 0.00543231 -0.123026 0.00483426 -0.00546402 0.999973 14.0456
0.999936 -0.00837064 -0.00765924 -0.0740026 0.00838983 0.999962 0.00247627 -0.135869 0.00763822 -0.00254037 0.999968 14.9732
0.99992 -0.00786334 -0.00986172 -0.0901431 0.0078784 0.999968 0.00148887 -0.112671 0.00984969 -0.00156645 0.99995 15.9101
0.999919 -0.0078174 -0.010014 -0.106759 0.00783674 0.999968 0.00189377 -0.113468 0.00999887 -0.0019721 0.999948 16.7913
0.999899 -0.00654656 -0.0126264 -0.128292 0.00656618 0.999977 0.00151314 -0.11344 0.0126162 -0.0015959 0.999919 17.6911
0.999849 -0.00898032 -0.0148835 -0.151706 0.0090142 0.999957 0.00221105 -0.118767 0.014863 -0.00234488 0.999887 18.6031
0.999839 -0.00882033 -0.0155999 -0.168189 0.00886654 0.999957 0.00289609 -0.130727 0.0155737 -0.00303394 0.999874 19.4857
0.999793 -0.00853768 -0.0184715 -0.193832 0.00859966 0.999958 0.00327839 -0.132368 0.0184427 -0.00343656 0.999824 20.382
0.999763 -0.00886583 -0.019879 -0.207322 0.00894319 0.999953 0.00380612 -0.144385 0.0198443 -0.00398301 0.999795 21.2548
0.999736 -0.00885287 -0.0211873 -0.232215 0.00893238 0.999954 0.00366121 -0.150011 0.0211539 -0.0038495 0.999769 22.1383
0.999691 -0.00842971 -0.0233629 -0.250178 0.00852131 0.999957 0.00382396 -0.164062 0.0233296 -0.00402186 0.99972 23.0049
0.999674 -0.00823041 -0.0241504 -0.278422 0.00836354 0.99995 0.00541701 -0.169921 0.0241046 -0.00561723 0.999694 23.863
0.999637 -0.00870295 -0.0255061 -0.297853 0.00889985 0.999932 0.00761663 -0.172143 0.025438 -0.00784087 0.999646 24.713
0.999571 -0.00979059 -0.0275908 -0.3162 0.0100588 0.999903 0.00960011 -0.176347 0.0274942 -0.00987352 0.999573 25.5605
0.999587 -0.00888615 -0.0273141 -0.341151 0.00913644 0.999917 0.00905212 -0.189382 0.0272314 -0.00929794 0.999586 26.3836
0.999552 -0.00788809 -0.0288725 -0.364856 0.0080977 0.999942 0.00715035 -0.185655 0.0288144 -0.00738094 0.999557 27.2135
0.999523 -0.00656854 -0.0301864 -0.398586 0.0067307 0.999964 0.00527354 -0.193037 0.0301507 -0.0054742 0.99953 28.0249
0.999481 -0.00581218 -0.0316731 -0.4252 0.00598658 0.999968 0.0054141 -0.19324 0.0316406 -0.0056009 0.999483 28.8301
0.999429 -0.00560362 -0.0333231 -0.452445 0.00580023 0.999966 0.00580653 -0.199574 0.0332894 -0.0059965 0.999428 29.6153
0.999373 -0.00514812 -0.03501 -0.480185 0.00536241 0.999968 0.00602968 -0.201136 0.0349778 -0.00621364 0.999369 30.3857
0.999314 -0.00450817 -0.0367481 -0.498495 0.00471705 0.999973 0.00559942 -0.201049 0.0367219 -0.00576892 0.999309 31.1714
0.999249 -0.00488941 -0.0384272 -0.527491 0.00517642 0.99996 0.00737289 -0.203194 0.0383895 -0.00756627 0.999234 31.9321
0.99917 -0.00511643 -0.0404005 -0.563231 0.00549019 0.999943 0.00914581 -0.210013 0.0403514 -0.00936003 0.999142 32.6756
0.999055 -0.00451507 -0.0432151 -0.60974 0.00500356 0.999925 0.0112021 -0.219171 0.0431613 -0.0114078 0.999003 33.4535
0.998954 -0.00363859 -0.0455863 -0.64756 0.00416919 0.999925 0.0115498 -0.223997 0.0455408 -0.0117277 0.998894 34.1787
0.998878 -0.00280727 -0.0472767 -0.703346 0.00331834 0.999937 0.0107351 -0.215772 0.0472436 -0.01088 0.998824 34.9137
0.998779 -0.00222286 -0.0493485 -0.742293 0.00276436 0.999937 0.0109075 -0.217691 0.0493211 -0.0110306 0.998722 35.6138
0.998718 -0.000981626 -0.0506125 -0.794394 0.00158935 0.999927 0.0119686 -0.222419 0.0505971 -0.0120337 0.998647 36.3203
0.998641 -0.00179484 -0.0520878 -0.824341 0.00251781 0.999902 0.0138176 -0.219325 0.0520578 -0.01393 0.998547 37.0531
0.998623 -0.000105843 -0.0524485 -0.863904 0.000840893 0.999902 0.0139929 -0.219239 0.0524418 -0.0140177 0.998526 37.727
0.998677 0.00193781 -0.0513749 -0.91609 -0.00128578 0.999918 0.0127217 -0.218672 0.0513953 -0.0126389 0.998598 38.4014
0.998735 0.0045305 -0.0500784 -0.951107 -0.00402604 0.99994 0.0101697 -0.215108 0.0501215 -0.00995524 0.998694 39.0672
0.99882 0.00425939 -0.0483798 -0.987176 -0.00381846 0.999951 0.00920273 -0.214205 0.0484166 -0.00900714 0.998787 39.7079
0.998956 0.00489647 -0.0454094 -1.01636 -0.00445509 0.999942 0.00981637 -0.207014 0.0454548 -0.00960383 0.99892 40.3524
0.999064 0.00839323 -0.0424355 -1.04967 -0.0079075 0.999902 0.0116014 -0.21926 0.0425286 -0.011255 0.999032 40.9982
0.999163 0.012796 -0.0388462 -1.08363 -0.0122206 0.999813 0.0150134 -0.221618 0.039031 -0.0145261 0.999132 41.6162
0.999231 0.0171963 -0.0352387 -1.12164 -0.0166572 0.999741 0.0155357 -0.205951 0.0354967 -0.0149368 0.999258 42.2237
0.99936 0.0205032 -0.0293033 -1.14419 -0.0200347 0.999668 0.0161942 -0.197398 0.0296256 -0.0155968 0.999439 42.8105
0.999423 0.0243033 -0.0237187 -1.16948 -0.0238973 0.999566 0.0172516 -0.207402 0.0241276 -0.0166748 0.99957 43.3891
0.999472 0.0277664 -0.0168331 -1.18124 -0.0274544 0.999452 0.0184923 -0.193438 0.0173373 -0.0180204 0.999687 43.9322
0.999492 0.0306201 -0.00878282 -1.18913 -0.0304529 0.999364 0.0185819 -0.182892 0.00934618 -0.018305 0.999789 44.4645
0.999483 0.0320991 -0.00173215 -1.19429 -0.0320614 0.999313 0.0186069 -0.187636 0.0023282 -0.0185418 0.999825 44.9707
0.999374 0.0348934 0.00574257 -1.19801 -0.0349881 0.999238 0.0172974 -0.181315 -0.00513466 -0.0174875 0.999834 45.4612
0.999158 0.0385272 0.0140665 -1.19599 -0.0387491 0.999123 0.0158579 -0.179996 -0.0134432 -0.0163896 0.999775 45.9316
0.999007 0.0392718 0.0210114 -1.20366 -0.0395751 0.999116 0.0142142 -0.172813 -0.0204347 -0.0150316 0.999678 46.3871
0.998753 0.0401215 0.0296857 -1.18171 -0.0405454 0.999082 0.0138151 -0.164656 -0.0291043 -0.0150015 0.999464 46.8042
0.998518 0.0400403 0.0368539 -1.16656 -0.0405574 0.999088 0.0133918 -0.185995 -0.0362841 -0.0148667 0.999231 47.2141
0.998137 0.0411958 0.0449984 -1.15475 -0.041863 0.999026 0.0139847 -0.181425 -0.0443785 -0.0158424 0.998889 47.5896
0.997571 0.043411 0.0544733 -1.14309 -0.0442125 0.99893 0.0135964 -0.19557 -0.0538248 -0.0159718 0.998423 47.9525
0.99688 0.0477105 0.0628725 -1.1311 -0.0486232 0.998732 0.0130659 -0.191574 -0.0621695 -0.0160822 0.997936 48.2845
0.996171 0.0501867 0.0715795 -1.10314 -0.0512431 0.998602 0.0129978 -0.195848 -0.0708272 -0.016616 0.99735 48.5981
0.995468 0.0496326 0.081115 -1.07059 -0.0508848 0.998614 0.013442 -0.201313 -0.0803355 -0.0175086 0.996614 48.8875
0.994609 0.0488616 0.0914599 -1.04392 -0.0501904 0.998664 0.0122848 -0.199093 -0.0907376 -0.016809 0.995733 49.1596
0.993487 0.0482864 0.103205 -1.00455 -0.0494839 0.998734 0.00907291 -0.196597 -0.102636 -0.0141208 0.994619 49.4368
0.99203 0.0489724 0.116091 -0.967451 -0.0499942 0.998732 0.00590433 -0.194447 -0.115655 -0.0116612 0.993221 49.7053
0.990089 0.0498535 0.131289 -0.936902 -0.0508792 0.998695 0.00446764 -0.191267 -0.130895 -0.0111033 0.991334 49.9635
0.987701 0.0506731 0.147909 -0.890597 -0.0517864 0.998652 0.0036829 -0.190027 -0.147523 -0.0112973 0.988994 50.2301
0.985017 0.0506434 0.164852 -0.842154 -0.0518411 0.998651 0.00296789 -0.1915 -0.164479 -0.0114695 0.986314 50.4753
0.981825 0.0504954 0.182947 -0.778501 -0.0517564 0.998658 0.00212137 -0.198095 -0.182594 -0.0115515 0.98312 50.7367
0.978008 0.0497629 0.202542 -0.706021 -0.0510915 0.998693 0.0013336 -0.199869 -0.202211 -0.0116525 0.979272 50.9894
0.973667 0.0498316 0.222459 -0.636919 -0.0511929 0.998689 0.000353445 -0.203077 -0.22215 -0.0117325 0.974942 51.224
0.96854 0.0514627 0.243475 -0.570865 -0.0529145 0.998599 -0.000578163 -0.198841 -0.243164 -0.0123234 0.969907 51.4792
0.962394 0.052304 0.266574 -0.481682 -0.0535938 0.99856 -0.00243981 -0.20067 -0.266318 -0.0119387 0.963811 51.7216
0.955447 0.0522982 0.29049 -0.402811 -0.0535579 0.998558 -0.00361831 -0.208692 -0.290261 -0.0121009 0.956871 51.958
0.947382 0.0534798 0.315604 -0.302198 -0.0548678 0.998484 -0.00449272 -0.20501 -0.315366 -0.0130602 0.94888 52.2241
0.937834 0.0553515 0.342642 -0.205807 -0.056985 0.998361 -0.00530664 -0.210782 -0.342374 -0.0145487 0.939451 52.49
0.927204 0.0554093 0.370433 -0.0999236 -0.0568828 0.998357 -0.00695473 -0.21684 -0.37021 -0.0146228 0.928833 52.7428
0.914643 0.0552998 0.40046 0.0229615 -0.0566242 0.998359 -0.00853546 -0.232383 -0.400275 -0.0148688 0.916274 52.9731
0.899858 0.0528878 0.432963 0.170284 -0.0533932 0.998513 -0.0110005 -0.236826 -0.432902 -0.0132184 0.901344 53.211
0.882933 0.0518916 0.466621 0.316465 -0.0512791 0.998586 -0.0140204 -0.243388 -0.466689 -0.0115489 0.884346 53.4357
0.864049 0.0526194 0.50065 0.484001 -0.0505898 0.998564 -0.0176407 -0.251215 -0.500859 -0.0100854 0.86547 53.7076
0.842706 0.0527234 0.535785 0.646416 -0.0498957 0.998559 -0.0197841 -0.256219 -0.536056 -0.0100613 0.844122 53.9321
0.818878 0.0538889 0.571431 0.848904 -0.0499151 0.998497 -0.0226336 -0.260089 -0.571792 -0.00998886 0.820338 54.1938
0.792067 0.0565262 0.607811 1.05927 -0.0522391 0.998328 -0.0247688 -0.274527 -0.608194 -0.012133 0.793695 54.4535
0.762818 0.0597678 0.643844 1.2864 -0.0551675 0.998104 -0.027292 -0.292146 -0.644255 -0.0147005 0.764669 54.7159
0.730665 0.0597699 0.680114 1.53523 -0.0545195 0.998088 -0.0291423 -0.316217 -0.680555 -0.0157863 0.732526 54.9669
0.694801 0.0577353 0.71688 1.82365 -0.0519843 0.998197 -0.0300084 -0.347448 -0.717321 -0.0164167 0.69655 55.218
0.65669 0.0556957 0.7521 2.13409 -0.0497964 0.998295 -0.0304479 -0.377689 -0.752514 -0.0174571 0.658344 55.4621
0.615123 0.0547741 0.786525 2.46086 -0.0482531 0.998329 -0.0317866 -0.382339 -0.786953 -0.0183996 0.616738 55.7023
0.569983 0.0539715 0.819881 2.80691 -0.0459247 0.998373 -0.0337944 -0.402972 -0.820372 -0.0183906 0.571534 55.92
0.52255 0.052882 0.850966 3.18389 -0.0435708 0.998427 -0.0352904 -0.424123 -0.851494 -0.0186362 0.524033 56.1288
0.474305 0.0502793 0.878923 3.59866 -0.0425975 0.998509 -0.0341328 -0.440886 -0.879329 -0.0212505 0.47574 56.3436
0.425614 0.0482669 0.903616 4.01548 -0.0428593 0.998531 -0.0331496 -0.459719 -0.903889 -0.0246195 0.427057 56.5311
0.376314 0.0474962 0.925273 4.45896 -0.0442432 0.998467 -0.0332594 -0.490465 -0.925435 -0.0284211 0.377838 56.7019
0.327037 0.0472542 0.943829 4.91536 -0.0428438 0.998464 -0.0351442 -0.492037 -0.944039 -0.0289437 0.328559 56.85
0.280257 0.0426567 0.958976 5.39159 -0.0348336 0.998806 -0.0342484 -0.520126 -0.959292 -0.0238062 0.281409 56.9599
0.236447 0.0387478 0.970871 5.90096 -0.0265173 0.99909 -0.0334159 -0.50605 -0.971282 -0.0178438 0.237259 57.0482
0.193721 0.0343121 0.980456 6.40444 -0.0168684 0.999357 -0.0316406 -0.550734 -0.980911 -0.0104093 0.194175 57.1205
0.155411 0.0362104 0.987185 6.91863 -0.01483 0.999301 -0.0343202 -0.543511 -0.987738 -0.00930622 0.15584 57.1871
0.122439 0.0364786 0.991805 7.45395 -0.00810793 0.999328 -0.0357544 -0.566652 -0.992443 -0.00366377 0.122653 57.2359
0.0930644 0.0349819 0.995045 7.9997 -0.0016186 0.999387 -0.0349831 -0.588046 -0.995658 0.00164508 0.0930641 57.275
0.0681472 0.0331898 0.997122 8.57903 0.00308923 0.999435 -0.0334779 -0.606227 -0.99767 0.00536175 0.0680062 57.3005
0.0481542 0.0325151 0.99831 9.14445 0.00731676 0.999432 -0.0329045 -0.630522 -0.998813 0.00888887 0.047889 57.3194
0.0321679 0.0340415 0.998902 9.7225 0.00860922 0.999374 -0.0343347 -0.654594 -0.999445 0.00970422 0.0318548 57.3285
0.0188205 0.0340311 0.999243 10.3125 0.00939392 0.999371 -0.0342124 -0.672807 -0.999779 0.0100307 0.0184891 57.3339
0.00732968 0.0355842 0.999339 10.9171 0.00924119 0.999322 -0.0356513 -0.685362 -0.99993 0.00949638 0.00699594 57.3291
-0.00139021 0.0370734 0.999311 11.5337 0.0139747 0.999216 -0.0370504 -0.71022 -0.999901 0.0139135 -0.00190714 57.3216
-0.00860196 0.0381082 0.999236 12.1405 0.017742 0.999122 -0.0379511 -0.72764 -0.999805 0.017402 -0.00927046 57.3087
-0.0127751 0.0379478 0.999197 12.7811 0.0175408 0.999135 -0.0377211 -0.738907 -0.999764 0.0170449 -0.0134296 57.2986
-0.0170384 0.0358985 0.999209 13.4212 0.0153952 0.999246 -0.0356372 -0.755154 -0.999736 0.0147758 -0.0175781 57.2967
-0.0190092 0.0303131 0.999359 14.0986 0.0132015 0.999461 -0.030065 -0.779499 -0.999732 0.0126215 -0.0193991 57.2929
-0.0200123 0.0253416 0.999478 14.787 0.013533 0.999594 -0.0250736 -0.801588 -0.999708 0.0130241 -0.0203471 57.2753
-0.02061 0.0234105 0.999513 15.4659 0.0164171 0.999599 -0.023074 -0.812164 -0.999653 0.0159335 -0.020986 57.2575
-0.0208576 0.0245588 0.99948 16.1477 0.0193159 0.999522 -0.0241567 -0.834191 -0.999596 0.018802 -0.0213219 57.2437
-0.0197505 0.0315139 0.999307 16.8371 0.0193899 0.999327 -0.0311313 -0.845708 -0.999617 0.0187616 -0.0203482 57.2268
-0.0173239 0.0386237 0.999103 17.544 0.0191178 0.999084 -0.0382914 -0.876307 -0.999667 0.0184372 -0.0180464 57.2114
-0.0156915 0.0399212 0.999079 18.2546 0.0199916 0.999016 -0.0396047 -0.883178 -0.999677 0.0193518 -0.0164741 57.2032
-0.0130628 0.0369598 0.99923 18.9947 0.0197033 0.999132 -0.0366986 -0.925202 -0.99972 0.0192087 -0.0137796 57.1957
-0.0105368 0.0308376 0.999468 19.7287 0.0220694 0.999288 -0.0305994 -0.971848 -0.999701 0.0217352 -0.0112098 57.1903
-0.00812467 0.0292285 0.999539 20.4351 0.021507 0.999347 -0.029048 -0.985209 -0.999735 0.021261 -0.00874791 57.1865
-0.00473421 0.0332358 0.999435 21.1569 0.0272904 0.99908 -0.0330946 -1.02784 -0.999616 0.0271183 -0.0056368 57.1785
-0.00209533 0.0374218 0.999296 21.869 0.0294894 0.998867 -0.0373438 -1.05752 -0.999563 0.0293904 -0.00319643 57.1793
-0.00130501 0.0389979 0.999237 22.5778 0.0233668 0.998968 -0.0389568 -1.11041 -0.999726 0.0232981 -0.00221484 57.1838
0.00249711 0.0374301 0.999295 23.3226 0.0181622 0.999133 -0.0374694 -1.14624 -0.999832 0.0182429 0.00181521 57.1991
0.0065394 0.0352128 0.999357 24.0535 0.0209848 0.999155 -0.035343 -1.2157 -0.999758 0.0212024 0.00579502 57.1956
0.00850919 0.0363194 0.999303 24.7626 0.0250546 0.999019 -0.0365224 -1.26081 -0.99965 0.0253479 0.00759096 57.1969
0.0123515 0.0405202 0.999101 25.5071 0.0251372 0.99885 -0.0408207 -1.30328 -0.999607 0.0256188 0.0113188 57.2161
0.0157175 0.0420315 0.998992 26.2369 0.021594 0.998869 -0.0423661 -1.32272 -0.999643 0.0222381 0.0147922 57.2322
0.0180609 0.0411208 0.99899 26.9705 0.0206637 0.998925 -0.0414917 -1.36315 -0.999623 0.0213921 0.0171918 57.2492
0.0222282 0.0407172 0.998922 27.7287 0.0239109 0.998863 -0.0412468 -1.41463 -0.999467 0.0248019 0.0212294 57.2607
0.0263681 0.0407648 0.99882 28.498 0.0272336 0.998768 -0.0414816 -1.46055 -0.999281 0.0282953 0.0252255 57.2867
0.0281484 0.0418485 0.998726 29.2242 0.0293353 0.998658 -0.0426724 -1.49819 -0.999173 0.030499 0.0268831 57.2982
0.0314012 0.0414476 0.998646 29.9718 0.0293411 0.998671 -0.0423712 -1.54095 -0.999076 0.0306319 0.0301435 57.318
0.0345184 0.0409792 0.998562 30.7138 0.0296868 0.998676 -0.0420101 -1.57892 -0.998963 0.0310942 0.0332562 57.3435
0.0373876 0.040628 0.998474 31.4534 0.0296027 0.99869 -0.0417452 -1.6123 -0.998862 0.0311182 0.036136 57.3706
0.0398576 0.0411004 0.998359 32.2029 0.0287761 0.998692 -0.0422629 -1.63604 -0.998791 0.0304133 0.0386228 57.383
0.0427346 0.0427847 0.998169 32.967 0.0263166 0.998688 -0.0439336 -1.67224 -0.998739 0.0281459 0.0415527 57.4131
0.0449298 0.0423489 0.998091 33.7127 0.0273217 0.998675 -0.0436035 -1.71742 -0.998616 0.0292286 0.0437133 57.4477
0.0482785 0.0421657 0.997942 34.4612 0.0263294 0.998708 -0.0434718 -1.74474 -0.998487 0.0283739 0.047106 57.4907
0.0494923 0.0422237 0.997881 35.2325 0.0261371 0.998709 -0.0435551 -1.78049 -0.998432 0.0282373 0.0483249 57.5431
0.0530568 0.0420534 0.997705 35.9318 0.0261394 0.998712 -0.0434859 -1.80452 -0.998249 0.0283866 0.0518894 57.5788
0.0550049 0.0424255 0.997583 36.6877 0.0250851 0.998723 -0.0438571 -1.8377 -0.998171 0.0274368 0.0538705 57.6233
0.0580036 0.045509 0.997277 37.4409 0.0244899 0.998595 -0.0469934 -1.88388 -0.998016 0.027149 0.0568077 57.6715
0.0620326 0.0455609 0.997033 38.2032 0.0246885 0.998582 -0.0471677 -1.9183 -0.997768 0.0275412 0.0608199 57.7179
0.0647713 0.0484443 0.996722 38.9784 0.0201286 0.998554 -0.0498413 -1.95958 -0.997697 0.0232909 0.0637027 57.7677
0.0668575 0.0484501 0.996584 39.7654 0.0155569 0.998648 -0.049594 -1.99442 -0.997641 0.0188195 0.0660135 57.8372
0.070256 0.047964 0.996374 40.5513 0.0170921 0.998639 -0.0492781 -2.04952 -0.997382 0.0204922 0.0693407 57.8943
0.0732004 0.0488333 0.99612 41.3371 0.0177518 0.998578 -0.0502583 -2.09433 -0.997159 0.0213618 0.0722296 57.9511
0.0758024 0.0497066 0.995882 42.1437 0.0141277 0.998603 -0.0509177 -2.13609 -0.997022 0.0179292 0.0749944 58.0213
0.0797061 0.048353 0.995644 42.9331 0.0132333 0.998684 -0.0495599 -2.17508 -0.99673 0.0171259 0.0789615 58.0868
0.084509 0.0486599 0.995233 43.7282 0.0130669 0.998667 -0.0499373 -2.21974 -0.996336 0.0172248 0.0837606 58.1538
0.0876383 0.0528703 0.994747 44.5283 0.00917376 0.998505 -0.0538782 -2.26579 -0.99611 0.0138474 0.0870224 58.2474
0.0932389 0.0596974 0.993851 45.3279 0.0068473 0.998139 -0.0605972 -2.32822 -0.99562 0.0124552 0.0926567 58.3376
0.100438 0.0637058 0.992901 46.1248 0.00692185 0.997879 -0.0647253 -2.37912 -0.994919 0.0133735 0.0997837 58.4164
0.106361 0.066608 0.992093 46.9309 0.00364455 0.997721 -0.0673765 -2.43956 -0.99432 0.0107819 0.105876 58.5171
0.114279 0.0660347 0.99125 47.7438 0.00102453 0.99778 -0.0665878 -2.49203 -0.993447 0.00862513 0.113958 58.6175
0.122003 0.0651024 0.990391 48.5545 0.000521207 0.997842 -0.0656564 -2.55163 -0.992529 0.00852645 0.121706 58.7219
0.128875 0.0625945 0.989682 49.4074 0.000484783 0.998002 -0.0631838 -2.63811 -0.99166 0.00862259 0.128587 58.8342
0.137245 0.0570996 0.988889 50.2248 -0.00110313 0.998345 -0.0574925 -2.69219 -0.990536 0.00679964 0.137081 58.9595
0.144648 0.0506162 0.988187 51.0326 -0.00196101 0.998704 -0.0508678 -2.72825 -0.98948 0.00542005 0.14456 59.0906
0.151862 0.0472552 0.98727 51.8447 -0.00144884 0.998866 -0.0475873 -2.77725 -0.9884 0.00579631 0.151759 59.2248
0.160549 0.0495163 0.985784 52.6496 -0.0013866 0.998751 -0.0499418 -2.82269 -0.987026 0.00665118 0.160417 59.3631
0.167533 0.054618 0.984351 53.4484 -0.00104091 0.998473 -0.0552243 -2.86544 -0.985865 0.00822727 0.167334 59.491
0.171554 0.0593315 0.983385 54.2474 -0.000561038 0.998191 -0.0601268 -2.89724 -0.985174 0.00976325 0.171277 59.6345
0.177076 0.0613289 0.982283 55.044 -0.000219507 0.998059 -0.0622743 -2.95112 -0.984196 0.0108117 0.176746 59.7885
0.182455 0.0609307 0.981323 55.8107 -0.00153478 0.998094 -0.0616866 -3.0002 -0.983212 0.00974892 0.182201 59.9409
0.187343 0.0575475 0.980606 56.5726 0.00106225 0.99827 -0.058787 -3.06109 -0.982293 0.012055 0.186958 60.0819
0.192276 0.0521507 0.979953 57.332 0.00239756 0.998559 -0.0536113 -3.10141 -0.981337 0.0126576 0.191874 60.2288
0.195871 0.0455955 0.979568 58.0978 0.00162854 0.998902 -0.046821 -3.14858 -0.980628 0.0107661 0.195581 60.3845
0.198785 0.0432102 0.979089 58.8732 -0.000945883 0.999035 -0.0438984 -3.17077 -0.980042 0.00780024 0.198635 60.5501
0.202659 0.0422984 0.978334 59.6056 -0.0026797 0.999087 -0.0426405 -3.21791 -0.979245 0.00601981 0.202587 60.707
0.20406 0.0449702 0.977924 60.3317 -0.00575393 0.998982 -0.0447379 -3.23259 -0.978941 0.00350228 0.204111 60.8611
0.206483 0.0479771 0.977272 61.0463 -0.00790296 0.998846 -0.0473664 -3.27087 -0.978418 0.002057 0.206624 61.0252
0.208483 0.0518927 0.976647 61.7374 -0.00888849 0.99865 -0.0511643 -3.31157 -0.977985 0.00198597 0.208663 61.1805
0.20996 0.0561303 0.976096 62.4238 -0.00864113 0.998418 -0.0555552 -3.3538 -0.977671 0.0032298 0.210114 61.3558
0.21216 0.0566437 0.975591 63.1132 -0.00840566 0.998387 -0.0561393 -3.40538 -0.977198 0.00371001 0.212294 61.5043
0.213868 0.0566235 0.975219 63.7855 -0.00894179 0.99839 -0.0560079 -3.42601 -0.976821 0.0032581 0.214031 61.6639
0.214382 0.0542613 0.97524 64.454 -0.0101417 0.998525 -0.0533274 -3.4821 -0.976696 0.00154184 0.214616 61.8186
0.216105 0.053577 0.974898 65.1033 -0.0114948 0.998563 -0.0523295 -3.5235 -0.976302 0.000102324 0.21641 61.9642
0.215716 0.0522875 0.975054 65.7562 -0.0102174 0.998631 -0.0512914 -3.55418 -0.976402 0.00110181 0.215956 62.1079
0.214472 0.0515219 0.975369 66.3889 -0.0100065 0.998671 -0.0505525 -3.59011 -0.976678 0.0010821 0.214703 62.2508
0.212472 0.0527825 0.975739 67.0196 -0.013023 0.998604 -0.0511835 -3.63513 -0.97708 -0.00183202 0.212863 62.3818
0.209705 0.0553763 0.976194 67.6273 -0.0136029 0.998463 -0.0537173 -3.67668 -0.977669 -0.00201429 0.210137 62.516
0.208216 0.0597182 0.976257 68.2284 -0.0137951 0.998214 -0.0581191 -3.72034 -0.977985 -0.00136629 0.208668 62.6467
0.206112 0.0601149 0.976679 68.8222 -0.0125894 0.998191 -0.0587822 -3.76107 -0.978447 -0.000180147 0.206496 62.7683
0.202827 0.0600642 0.977369 69.4222 -0.0135794 0.998193 -0.0585258 -3.79744 -0.97912 -0.00140152 0.203276 62.9236
0.200868 0.0571082 0.977951 69.9958 -0.0136703 0.998365 -0.0554924 -3.82199 -0.979522 -0.0022223 0.20132 63.0445
0.198819 0.0543192 0.978528 70.568 -0.0124824 0.998522 -0.0528928 -3.8509 -0.979956 -0.0016983 0.199204 63.1637
0.195181 0.0522171 0.979375 71.1559 -0.0094921 0.998635 -0.0513523 -3.88262 -0.980721 0.000726654 0.195411 63.2735
0.193673 0.0534472 0.979608 71.6951 -0.00623264 0.998561 -0.053249 -3.92277 -0.981046 0.00420734 0.193728 63.3787
0.191396 0.0545701 0.979993 72.2348 -0.00365371 0.998485 -0.0548862 -3.96296 -0.981505 0.00692439 0.191306 63.4769
0.188927 0.0560055 0.980391 72.7852 -0.00435759 0.99841 -0.056195 -3.99273 -0.981981 0.0063446 0.188871 63.5791
0.188423 0.0580776 0.980368 73.3168 -0.00505627 0.998294 -0.0581677 -4.02887 -0.982074 0.00600314 0.188396 63.6866
0.187286 0.0573417 0.980629 73.8643 -0.003813 0.998329 -0.0576484 -4.06252 -0.982297 0.00705762 0.187193 63.7965
0.186855 0.0557908 0.980801 74.412 -0.00201525 0.998405 -0.0564082 -4.11577 -0.982385 0.00856357 0.186669 63.8923
0.189267 0.0543137 0.980421 74.9521 0.00218333 0.998443 -0.0557335 -4.15307 -0.981922 0.0126891 0.188854 63.9887
0.190419 0.0541362 0.980208 75.529 0.0034311 0.998435 -0.0558093 -4.1933 -0.981696 0.0139904 0.189936 64.0976
0.193147 0.0539311 0.979685 76.0836 0.00239009 0.998459 -0.0554357 -4.23079 -0.981166 0.0130488 0.192721 64.2124
0.198802 0.0540722 0.978545 76.6288 0.000810337 0.998467 -0.0553376 -4.26434 -0.980038 0.0117942 0.198454 64.3306
0.204691 0.0533156 0.977372 77.1853 0.00195883 0.998491 -0.0548778 -4.31017 -0.978824 0.0131475 0.204278 64.4365
0.211939 0.0531661 0.975834 77.7569 0.000701479 0.99851 -0.0545539 -4.34526 -0.977282 0.0122466 0.211586 64.571
0.220234 0.0521674 0.97405 78.3303 0.00101174 0.998556 -0.0537086 -4.37703 -0.975446 0.0128139 0.219864 64.7078
0.229667 0.050862 0.971938 78.9027 0.000696086 0.998624 -0.052423 -4.40969 -0.973268 0.0127164 0.229316 64.8538
0.236984 0.0510156 0.970172 79.5174 -0.00117503 0.998634 -0.0522251 -4.45254 -0.971512 0.0112365 0.236721 65.0182
0.246682 0.0537187 0.967605 80.0984 -0.00584159 0.998526 -0.0539461 -4.48293 -0.969078 0.00765515 0.246632 65.1823
0.254645 0.0561842 0.9654 80.6998 -0.00823083 0.9984 -0.0559336 -4.51389 -0.966999 0.00629719 0.254701 65.3537
0.265269 0.0586203 0.962389 81.3005 -0.0115633 0.998271 -0.0576186 -4.55541 -0.964104 0.00415603 0.265488 65.522
0.27565 0.0594357 0.959417 81.9156 -0.0131759 0.998226 -0.0580543 -4.60077 -0.961167 0.00336148 0.275945 65.7069
0.285603 0.0607106 0.956422 82.5328 -0.0156038 0.998153 -0.0587 -4.63642 -0.95822 0.00184107 0.286023 65.9026
0.29549 0.0608795 0.953403 83.1666 -0.0163552 0.998143 -0.0586673 -4.67906 -0.955205 0.00174247 0.295937 66.1079
0.304568 0.0618606 0.950478 83.8136 -0.0197071 0.998084 -0.0586441 -4.70746 -0.952286 -0.000870016 0.305204 66.348
0.316496 0.0584501 0.94679 84.4494 -0.0207038 0.998287 -0.0547083 -4.74071 -0.948367 -0.00228722 0.317164 66.5762
0.326449 0.0512176 0.943825 85.1282 -0.016306 0.998687 -0.0485548 -4.78595 -0.945073 0.000460681 0.326856 66.8167
0.336833 0.0484557 0.940315 85.8106 -0.0162082 0.998825 -0.0456647 -4.80787 -0.941424 0.000140527 0.337223 67.0637
0.34777 0.0453808 0.936479 86.4931 -0.0148157 0.998969 -0.042907 -4.83816 -0.937462 0.00104717 0.348084 67.3267
0.356533 0.0430361 0.93329 87.1882 -0.0116217 0.999065 -0.0416294 -4.88009 -0.93421 0.00399583 0.3567 67.5949
0.36526 0.0395971 0.930062 87.8847 -0.00623391 0.999176 -0.0400914 -4.90318 -0.930884 0.00884584 0.365206 67.8633
0.373881 0.0301827 0.926984 88.6026 0.00357587 0.999415 -0.0339832 -4.92128 -0.927469 0.0160205 0.373555 68.1398
0.38014 0.0252218 0.924583 89.3228 0.00918982 0.999475 -0.0310431 -4.95982 -0.924882 0.0202975 0.37971 68.4299
0.387701 0.0240395 0.92147 90.0291 0.0125861 0.999428 -0.0313687 -4.97313 -0.921698 0.0237595 0.387178 68.7236
0.393579 0.0296321 0.918812 90.7428 0.0139089 0.999173 -0.0381817 -5.01154 -0.919185 0.0278072 0.392842 69.0312
0.39999 0.0328342 0.91593 91.4512 0.0196463 0.998821 -0.0443852 -5.01837 -0.916308 0.0357483 0.398873 69.343
0.40552 0.0338094 0.913459 92.1671 0.0191487 0.998782 -0.0454682 -5.04482 -0.913885 0.0359298 0.404379 69.6578
0.40907 0.0340924 0.911865 92.8746 0.0151358 0.99891 -0.0441368 -5.05228 -0.912377 0.0318568 0.408108 69.9818
0.414313 0.0367064 0.909392 93.5662 0.0108703 0.998915 -0.0452723 -5.07825 -0.910068 0.0286423 0.413466 70.3093
0.418586 0.036748 0.907432 94.2522 0.0104093 0.998921 -0.0452546 -5.12971 -0.908117 0.0283887 0.417752 70.6275
0.421046 0.041133 0.906104 94.9277 0.00736406 0.998783 -0.048762 -5.17469 -0.907008 0.0272037 0.420231 70.9464
0.423627 0.043137 0.904808 95.5859 0.00532982 0.998729 -0.0501101 -5.20926 -0.90582 0.0260504 0.422859 71.2562
0.425774 0.0424977 0.903829 96.2446 0.00510538 0.998767 -0.0493666 -5.25163 -0.904814 0.0256334 0.425033 71.5777
0.429591 0.0392778 0.902168 96.9118 0.00494431 0.998936 -0.0458451 -5.29366 -0.903009 0.0241552 0.42894 71.8923
0.43333 0.0378148 0.90044 97.553 0.00456005 0.999014 -0.0441489 -5.33169 -0.901223 0.0232371 0.432731 72.2057
0.434991 0.0349021 0.899757 98.1847 0.00645882 0.999101 -0.0418782 -5.36295 -0.900411 0.024028 0.434375 72.4991
0.438191 0.0365564 0.898137 98.7952 0.00418719 0.999078 -0.0427078 -5.39161 -0.898871 0.0224748 0.437635 72.8028
0.440587 0.0367875 0.896954 99.4075 0.00493038 0.999045 -0.0433964 -5.43492 -0.897696 0.0235422 0.439986 73.1013
0.442253 0.0357169 0.896177 100.013 0.00650602 0.999052 -0.0430276 -5.47532 -0.896866 0.0248596 0.441602 73.3918
0.442439 0.034651 0.896127 100.608 0.00883934 0.999036 -0.0429944 -5.51631 -0.896754 0.0269436 0.441707 73.6905
0.44453 0.0347133 0.895089 101.193 0.00808179 0.999052 -0.0427588 -5.54331 -0.895727 0.0262415 0.443829 73.9863
0.444397 0.033852 0.895189 101.765 0.0107917 0.999011 -0.0431353 -5.57375 -0.895764 0.0288298 0.443592 74.2762
0.446712 0.0332048 0.89406 102.334 0.0106303 0.999043 -0.0424151 -5.60311 -0.894614 0.0284515 0.445932 74.5654
0.449704 0.0328131 0.892573 102.888 0.0115878 0.999026 -0.0425647 -5.6435 -0.893102 0.0294845 0.448887 74.8418
0.451994 0.0312907 0.891471 103.454 0.0142984 0.999002 -0.0423146 -5.68072 -0.891906 0.0318725 0.451096 75.1233
0.453821 0.0301026 0.890583 104.002 0.0173423 0.998941 -0.0426025 -5.70464 -0.890924 0.0347787 0.452819 75.4013
0.456981 0.029276 0.888993 104.529 0.0181362 0.998943 -0.0422196 -5.74138 -0.889291 0.0354165 0.455968 75.6684
0.459599 0.0286578 0.887663 105.062 0.0193231 0.99892 -0.0422545 -5.77058 -0.887916 0.0365725 0.458549 75.9462
0.462439 0.0281301 0.886203 105.602 0.0196829 0.998924 -0.0419789 -5.79895 -0.886432 0.0368558 0.461389 76.2199
0.465854 0.027732 0.884425 106.109 0.0201106 0.998918 -0.0419148 -5.83818 -0.884633 0.0373126 0.464793 76.4871
0.469259 0.0282568 0.882607 106.621 0.0193055 0.99892 -0.0422448 -5.86547 -0.882849 0.0368629 0.468207 76.7615
0.472523 0.0270831 0.880901 107.128 0.0225162 0.99883 -0.0427866 -5.88587 -0.88103 0.0400522 0.471361 77.0401
0.47697 0.0299216 0.878408 107.625 0.0205019 0.998769 -0.0451538 -5.915 -0.87868 0.0395462 0.47577 77.3185
0.48208 0.0357678 0.875395 108.125 0.0166922 0.99861 -0.0499945 -5.94835 -0.875967 0.0387137 0.480814 77.6033
0.487025 0.0419743 0.872377 108.614 0.0122812 0.998416 -0.0548949 -5.97752 -0.873301 0.0374491 0.485739 77.8933
0.493131 0.0482832 0.868613 109.099 0.0068386 0.998212 -0.0593695 -6.01456 -0.869927 0.0352171 0.49192 78.1836
0.498981 0.0525048 0.86502 109.599 0.00374113 0.998023 -0.0627358 -6.05065 -0.866604 0.0345401 0.497798 78.4808
0.505043 0.0530877 0.861459 110.083 0.000678093 0.998081 -0.0619046 -6.08981 -0.863094 0.0318486 0.504038 78.7772
0.509537 0.0521671 0.858864 110.586 -0.00515979 0.998327 -0.0575769 -6.13262 -0.860433 0.024906 0.508954 79.0996
0.514157 0.0503386 0.856216 111.105 -0.00938645 0.998546 -0.0530698 -6.18163 -0.857644 0.0192493 0.513882 79.4352
0.520834 0.0482756 0.85229 111.615 -0.0146531 0.998758 -0.0476172 -6.21149 -0.853532 0.012312 0.520895 79.7655
0.526126 0.046846 0.849114 112.14 -0.0157967 0.998847 -0.0453189 -6.24886 -0.850259 0.0104302 0.52626 80.118
0.531815 0.0491517 0.845432 112.67 -0.0195336 0.99876 -0.0457783 -6.27792 -0.846635 0.00783128 0.532116 80.4791
0.538545 0.0538567 0.840872 113.201 -0.0245009 0.998534 -0.0482629 -6.30679 -0.84224 0.00538961 0.539076 80.8327
0.544916 0.0562815 0.836598 113.731 -0.0263889 0.998401 -0.0499782 -6.33659 -0.838074 0.00515702 0.545531 81.1984
0.550622 0.0584023 0.832708 114.28 -0.0284939 0.998283 -0.0511735 -6.36327 -0.834268 0.0044501 0.551341 81.5725
0.557694 0.0593642 0.82792 114.833 -0.0306427 0.998231 -0.0509348 -6.39166 -0.82948 0.00303631 0.558527 81.9711
0.564196 0.0610656 0.823378 115.405 -0.0337703 0.998133 -0.050886 -6.424 -0.82495 0.000903917 0.565205 82.3846
0.57022 0.0598097 0.81931 115.993 -0.0331763 0.998208 -0.0497793 -6.48023 -0.820821 0.00120339 0.571184 82.8066
0.578844 0.0574984 0.813407 116.581 -0.0328671 0.998345 -0.0471821 -6.51092 -0.814775 0.000576687 0.579777 83.2349
0.586505 0.0572654 0.807917 117.169 -0.0333238 0.998358 -0.0465726 -6.54953 -0.809259 0.000392141 0.587452 83.6739
0.594124 0.0589164 0.802211 117.763 -0.0363728 0.998261 -0.0463768 -6.56074 -0.80355 -0.00162509 0.595235 84.1326
0.602093 0.0595958 0.796197 118.36 -0.0374796 0.99822 -0.0463749 -6.59455 -0.797545 -0.00191915 0.603256 84.6073
0.608576 0.0600762 0.791217 118.971 -0.0386469 0.99819 -0.0460655 -6.62547 -0.792553 -0.00254379 0.609797 85.0863
0.61339 0.0585069 0.787609 119.587 -0.0373561 0.998285 -0.0450638 -6.66232 -0.788895 -0.00178036 0.614524 85.5649
0.617701 0.0578353 0.784282 120.211 -0.0370253 0.998324 -0.0444582 -6.69631 -0.78554 -0.00157645 0.618808 86.0656
0.62062 0.0561233 0.782099 120.846 -0.0336396 0.998422 -0.0449526 -6.73966 -0.783388 0.00158899 0.62153 86.5623
0.624295 0.0532303 0.779372 121.493 -0.0293117 0.998569 -0.0447219 -6.77231 -0.780638 0.00507493 0.624963 87.0662
0.627626 0.0474207 0.777068 122.161 -0.0223929 0.998829 -0.0428672 -6.81763 -0.778192 0.00950373 0.627954 87.5798
0.631467 0.0417472 0.774276 122.806 -0.0164976 0.999046 -0.0404115 -6.84223 -0.775226 0.0127448 0.631555 88.1081
0.634747 0.0408864 0.771636 123.467 -0.0153925 0.999069 -0.0402754 -6.87984 -0.772566 0.0136873 0.634786 88.6408
0.638562 0.0401411 0.768521 124.123 -0.0145234 0.999089 -0.0401166 -6.90464 -0.769433 0.0144554 0.638564 89.1905
0.641057 0.0416849 0.766359 124.773 -0.0169038 0.999048 -0.0402016 -6.95245 -0.767306 0.0128172 0.641153 89.7465
0.64568 0.0447101 0.762296 125.442 -0.0202114 0.998935 -0.0414699 -6.98362 -0.763339 0.0113692 0.645897 90.3202
0.648594 0.0475988 0.759643 126.092 -0.0250942 0.998837 -0.0411607 -7.01696 -0.76072 0.00763397 0.649035 90.9005
0.651691 0.045276 0.757131 126.758 -0.0259184 0.998962 -0.0374284 -7.05746 -0.758041 0.00476814 0.652189 91.4781
0.655676 0.0426617 0.753835 127.419 -0.028467 0.999089 -0.0317811 -7.07925 -0.754505 -0.000621361 0.656294 92.0684
0.65885 0.0375149 0.751337 128.09 -0.0277633 0.999287 -0.0255495 -7.12076 -0.751761 -0.00402632 0.659423 92.6764
0.663912 0.0336926 0.74705 128.765 -0.0255984 0.999422 -0.0223252 -7.14304 -0.747372 -0.00430134 0.664392 93.2766
0.667768 0.0319753 0.743681 129.433 -0.0250297 0.999476 -0.0204988 -7.19144 -0.743947 -0.00492572 0.66822 93.8725
0.673433 0.0288329 0.738684 130.1 -0.0139516 0.999556 -0.0262962 -7.22376 -0.739115 0.0074029 0.673538 94.4592
0.67755 0.0333232 0.73472 130.783 -0.0129526 0.999358 -0.0333812 -7.2469 -0.735362 0.0131009 0.677548 95.1091
0.683868 0.0341985 0.728802 131.45 -0.0103483 0.999254 -0.037179 -7.28317 -0.729531 0.0178837 0.683714 95.7254
0.6904 0.0317048 0.722732 132.114 -0.00911579 0.99934 -0.0351311 -7.27794 -0.72337 0.0176663 0.690234 96.3698
0.695966 0.0284876 0.717508 132.754 -0.00587096 0.999404 -0.0339852 -7.34157 -0.71805 0.0194401 0.695719 96.9956
0.701443 0.0255799 0.712265 133.436 -0.00188278 0.999418 -0.0340385 -7.37313 -0.712722 0.022535 0.701084 97.6561
0.706995 0.0280203 0.706661 134.074 -9.61816e-05 0.999218 -0.0395245 -7.41681 -0.707217 0.0278757 0.706446 98.2968
0.709933 0.0275577 0.703728 134.736 0.00217417 0.999143 -0.0413194 -7.42753 -0.704264 0.0308641 0.709266 98.9713
0.713671 0.0251894 0.700026 135.377 0.0039606 0.999191 -0.0399922 -7.47031 -0.700468 0.0313138 0.712996 99.6262
0.71619 0.0192585 0.697638 136.029 0.00780607 0.999335 -0.0356005 -7.5145 -0.69786 0.0309426 0.715565 100.29
0.71722 0.0163596 0.696653 136.692 0.0101872 0.999371 -0.0339563 -7.55547 -0.696771 0.0314511 0.716603 100.963
0.718663 0.0125522 0.695243 137.338 0.0132815 0.999406 -0.0317726 -7.59448 -0.69523 0.0320677 0.718071 101.633
0.717716 0.00891799 0.696277 137.989 0.0162958 0.999428 -0.0295984 -7.61893 -0.696144 0.0325897 0.717162 102.328
0.716448 0.00819261 0.697591 138.64 0.0170255 0.999427 -0.0292232 -7.64239 -0.697432 0.0328138 0.715899 103.008
0.716573 0.00932015 0.697448 139.28 0.0154425 0.999453 -0.0292219 -7.67643 -0.69734 0.03171 0.716039 103.684
0.71504 0.0116895 0.698984 139.924 0.01284 0.999471 -0.0298497 -7.69951 -0.698964 0.0303187 0.714513 104.355
0.713437 0.0139354 0.700579 140.575 0.0106818 0.999469 -0.0307586 -7.71916 -0.700636 0.0294277 0.712911 105.029
0.711545 0.0149122 0.702481 141.222 0.00972546 0.999469 -0.0310677 -7.73917 -0.702572 0.028938 0.711023 105.704
0.709285 0.0163286 0.704731 141.864 0.0069593 0.99952 -0.0301632 -7.76794 -0.704886 0.0262987 0.708833 106.376
0.706189 0.0156642 0.707848 142.529 0.00626091 0.999577 -0.0283662 -7.8042 -0.707994 0.0244637 0.705794 107.052
0.704697 0.0142542 0.709363 143.183 0.00504613 0.999671 -0.0251007 -7.83364 -0.709489 0.0212679 0.704395 107.71
0.701619 0.0115832 0.712456 143.842 0.00753041 0.999691 -0.023669 -7.86645 -0.712511 0.0219717 0.701316 108.361
0.699359 0.0138317 0.714635 144.492 0.00749108 0.999615 -0.0266785 -7.91525 -0.71473 0.0240113 0.698988 109
0.692953 0.0228379 0.72062 145.147 0.00439578 0.999345 -0.0358982 -7.92576 -0.720968 0.0280435 0.6924 109.658
0.690617 0.028683 0.72265 145.798 0.00180915 0.999141 -0.0413863 -7.95837 -0.723217 0.0298895 0.689973 110.285
0.687221 0.0263696 0.725968 146.459 0.00156465 0.999284 -0.0377785 -8.00264 -0.726445 0.0270981 0.686689 110.921
0.683484 0.0249963 0.729536 147.116 -0.00264785 0.999491 -0.0317651 -8.03706 -0.72996 0.0197792 0.683203 111.562
0.679669 0.0220099 0.733187 147.771 -0.00304659 0.999625 -0.027184 -8.06756 -0.733512 0.0162424 0.679482 112.193
0.676595 0.021801 0.736031 148.424 -0.00302282 0.999634 -0.0268301 -8.09685 -0.736348 0.0159282 0.676415 112.798
0.673972 0.0178885 0.738538 149.091 -8.18298e-05 0.999708 -0.0241398 -8.1254 -0.738755 0.0162091 0.673778 113.432
0.669903 0.0160528 0.742273 149.786 0.00304189 0.999698 -0.0243653 -8.16734 -0.742441 0.0185803 0.669653 114.052
0.666978 0.0163836 0.744895 150.446 0.00494646 0.999638 -0.0264156 -8.20817 -0.74506 0.0213032 0.666657 114.646
0.663202 0.0164268 0.748258 151.11 0.00615042 0.999605 -0.027396 -8.24624 -0.748414 0.0227712 0.66284 115.246
0.658592 0.0165015 0.752318 151.779 0.00629144 0.999603 -0.0274331 -8.27357 -0.752473 0.0228004 0.658227 115.841
0.655333 0.0161704 0.755165 152.454 0.00590306 0.99963 -0.0265279 -8.28804 -0.755316 0.0218424 0.654996 116.432
0.650277 0.0166933 0.759511 153.133 0.0050106 0.999642 -0.0262611 -8.33406 -0.759679 0.0208826 0.649962 117.024
0.643811 0.0167291 0.765 153.813 0.00453184 0.999659 -0.0256746 -8.34867 -0.76517 0.0199964 0.643517 117.609
0.638419 0.0201792 0.769423 154.497 0.0024156 0.999598 -0.0282202 -8.37622 -0.769684 0.0198749 0.638114 118.196
0.632552 0.0263309 0.774068 155.18 -0.0013678 0.999457 -0.03288 -8.40217 -0.774515 0.0197396 0.632246 118.765
0.625074 0.0270248 0.780096 155.878 -0.00191928 0.99945 -0.033086 -8.43386 -0.780562 0.019184 0.624783 119.332
0.618934 0.0216757 0.785142 156.602 -0.00254456 0.999668 -0.0255924 -8.46978 -0.785438 0.0138421 0.618785 119.904
0.611253 0.0190703 0.791204 157.355 -0.0068041 0.999798 -0.0188415 -8.47256 -0.791405 0.00613346 0.611261 120.508
0.603251 0.0145488 0.797417 158.091 -0.00664401 0.999889 -0.0132166 -8.51527 -0.797523 0.00267486 0.603282 121.08
0.597036 0.0145215 0.802081 158.841 -0.00888763 0.999893 -0.0114872 -8.52412 -0.802164 -0.000270358 0.597102 121.66
0.58878 0.0155823 0.808142 159.591 -0.00899928 0.999877 -0.0127228 -8.54583 -0.808242 0.000218218 0.588849 122.22
0.580305 0.0171292 0.814217 160.339 -0.00396023 0.999825 -0.0182114 -8.57768 -0.814388 0.00734368 0.580273 122.772
0.574056 0.0249627 0.818434 161.101 -0.00399863 0.999608 -0.027684 -8.58867 -0.818805 0.0126195 0.573932 123.308
0.566314 0.0265195 0.823761 161.867 0.00106578 0.999457 -0.0329084 -8.61088 -0.824188 0.0195145 0.565979 123.849
0.558206 0.0230061 0.829381 162.657 0.0034819 0.999541 -0.0300696 -8.63416 -0.829694 0.0196729 0.557871 124.377
0.551131 0.0183857 0.834215 163.446 0.00679573 0.999624 -0.0265209 -8.6774 -0.83439 0.0202856 0.5508 124.901
0.543726 0.0185481 0.839056 164.221 0.00562865 0.999651 -0.0257457 -8.71203 -0.839243 0.0187214 0.543433 125.405
0.536398 0.0195688 0.843737 164.999 0.00425638 0.999655 -0.025891 -8.74595 -0.843954 0.0174791 0.53613 125.904
0.530262 0.0182815 0.847635 165.77 0.00683138 0.999642 -0.0258335 -8.77087 -0.847805 0.019489 0.529948 126.385
0.524894 0.0128863 0.851068 166.556 0.0109309 0.9997 -0.0218784 -8.81199 -0.851096 0.0207868 0.524597 126.856
0.518968 0.0103317 0.85473 167.325 0.0113272 0.999755 -0.0189623 -8.84232 -0.854718 0.0195225 0.518724 127.326
0.515639 0.00933382 0.856754 168.077 0.0100085 0.999806 -0.0169159 -8.86447 -0.856747 0.0172973 0.515446 127.787
0.51088 0.0100822 0.859591 168.83 0.00906452 0.999811 -0.0171142 -8.89598 -0.859603 0.0165351 0.510693 128.246
0.506187 0.0126921 0.862329 169.59 0.00955488 0.999747 -0.0203234 -8.92367 -0.86237 0.0185269 0.505939 128.689
