1 0 0 0 0 1 0 0 0 0 1 0
<<<<<<< HEAD
1 -0.000494426 -0.000283329 -0.00731344 0.00049466 1 0.000823583 -0.0249694 0.000282922 -0.000823723 1 1.32706
1 -0.000530863 1.34773e-05 -0.01518 0.000530841 0.999999 0.00161257 -0.025815 -1.43334e-05 -0.00161257 0.999999 2.63636
0.999998 -0.00178236 -0.000915936 -0.0214334 0.00178337 0.999998 0.00110876 -0.042898 0.000913958 -0.0011104 0.999999 3.98156
0.999998 -0.00149562 0.000996211 -0.0253278 0.00149381 0.999997 0.00181589 -0.040604 -0.000998924 -0.0018144 0.999998 5.30139
0.999999 -0.00122387 9.08881e-05 -0.033205 0.00122355 0.999994 0.00342588 -0.0424302 -9.50803e-05 -0.00342577 0.999994 6.64127
0.999999 -0.00111982 0.000230824 -0.034162 0.00111879 0.99999 0.00438857 -0.048682 -0.000235736 -0.00438831 0.99999 7.96921
0.999999 -0.00137525 0.000668695 -0.0432857 0.00137257 0.999991 0.00398969 -0.0448143 -0.000674176 -0.00398877 0.999992 9.31305
1 -0.000721558 -0.000434974 -0.0478948 0.00072293 0.999995 0.00316164 -0.0635363 0.00043269 -0.00316196 0.999995 10.64
0.999998 0.00176102 0.000365763 -0.0571992 -0.00176133 0.999998 0.000852969 -0.0477182 -0.00036426 -0.000853612 1 11.9733
0.999989 0.00461461 -7.57604e-05 -0.0727933 -0.00461461 0.999989 3.6228e-05 -0.0766173 7.59268e-05 -3.58783e-05 1 13.3277
0.999985 0.00540508 1.97153e-05 -0.0827906 -0.00540508 0.999986 0.000118158 -0.0899241 -1.90763e-05 -0.000118263 1 14.667
0.999985 0.00528918 0.00126124 -0.0906779 -0.0052893 0.999986 8.81767e-05 -0.0824874 -0.00126076 -9.48467e-05 0.999999 16.0053
0.999991 0.00395761 0.00144993 -0.0833328 -0.00396216 0.999987 0.00315246 -0.0805185 -0.00143744 -0.00315818 0.999994 17.3589
0.999995 6.27911e-05 0.0033235 -0.0796179 -8.22351e-05 0.999983 0.00585025 -0.0737401 -0.00332307 -0.00585049 0.999977 18.7069
0.999994 -0.00252547 0.0025572 -0.0656211 0.00251413 0.999987 0.00442567 -0.102856 -0.00256834 -0.00441921 0.999987 20.0396
0.999984 -0.00333569 0.00461999 -0.0523895 0.00332982 0.999994 0.00127707 -0.0833105 -0.00462422 -0.00126167 0.999988 21.3284
0.999988 -0.00128723 0.0048242 -0.0382495 0.00128903 0.999999 -0.000370245 -0.0721016 -0.00482372 0.000376458 0.999988 22.601
0.999983 0.000628802 0.00581819 -0.0389193 -0.00062943 1 0.00010595 -0.0615142 -0.00581812 -0.00010961 0.999983 23.9576
0.999968 0.00142227 0.00785592 -0.0408861 -0.00147058 0.99998 0.00614805 -0.0492892 -0.00784702 -0.00615941 0.99995 25.2731
0.999974 -7.07129e-05 0.00720931 -0.0267509 1.96639e-05 0.999975 0.00708069 -0.0557941 -0.00720963 -0.00708036 0.999949 26.6513
0.99996 -0.00303753 0.00837461 -0.0166815 0.00297784 0.99997 0.00713036 -0.0930485 -0.00839602 -0.00710514 0.99994 27.9814
0.999971 -0.00316024 0.00700373 -0.01268 0.00312468 0.999982 0.00508186 -0.0973535 -0.00701967 -0.00505983 0.999963 29.3667
0.999955 -0.00379341 0.00876374 -0.0104897 0.0037496 0.999981 0.00500993 -0.125822 -0.00878257 -0.00497684 0.999949 30.7399
0.999964 -0.00215126 0.00828379 -0.014238 0.00210991 0.999985 0.00499655 -0.138034 -0.00829441 -0.00497889 0.999953 32.1329
0.99996 -0.00176896 0.00876552 -0.000696003 0.00172376 0.999985 0.00516085 -0.147797 -0.00877452 -0.00514554 0.999948 33.5315
0.999961 -0.00133431 0.00873467 0.0174679 0.0012873 0.999985 0.00538511 -0.159331 -0.00874172 -0.00537365 0.999947 34.9298
0.999976 -0.00167801 0.00680303 0.0207501 0.00162151 0.999964 0.00830112 -0.176956 -0.00681671 -0.00828989 0.999942 36.3674
0.999959 -0.00106124 0.00902987 0.0134496 0.000966238 0.999944 0.0105182 -0.170029 -0.00904053 -0.010509 0.999904 37.7428
0.999968 0.00136736 0.00786724 0.0208813 -0.00145133 0.999942 0.0106769 -0.173245 -0.00785218 -0.010688 0.999912 39.1515
0.99996 0.00320037 0.00839726 0.0112757 -0.00329199 0.999935 0.0109204 -0.18032 -0.00836177 -0.0109476 0.999905 40.5444
0.999943 0.00384493 0.00997934 0.0104508 -0.00396369 0.999921 0.0119079 -0.177197 -0.00993277 -0.0119468 0.999879 41.9337
0.999955 0.00426809 0.00853645 0.0133044 -0.0043754 0.999911 0.0125914 -0.171715 -0.00848195 -0.0126281 0.999884 43.361
0.999935 0.00420475 0.0105837 0.0227996 -0.00432592 0.999925 0.0114518 -0.166887 -0.0105348 -0.0114968 0.999878 44.773
0.999955 0.00309454 0.0089677 0.0299781 -0.00318641 0.999943 0.0102484 -0.184904 -0.00893546 -0.0102765 0.999907 46.1877
0.999948 0.00321638 0.00966907 0.0396256 -0.00332404 0.999933 0.0111385 -0.180444 -0.00963259 -0.0111701 0.999891 47.5891
0.99997 0.00304442 0.00718975 0.053628 -0.00312315 0.999935 0.0109645 -0.181113 -0.00715591 -0.0109866 0.999914 49.0433
0.999978 0.00302764 0.00591744 0.0463024 -0.00309787 0.999925 0.0118935 -0.173007 -0.00588098 -0.0119116 0.999912 50.461
0.999969 0.00344867 0.0070368 0.05104 -0.00353105 0.999925 0.0117281 -0.171421 -0.00699582 -0.0117526 0.999906 51.8616
0.999981 0.00388088 0.00484067 0.0514324 -0.00394364 0.999908 0.0130218 -0.165221 -0.00478969 -0.0130406 0.999904 53.2957
0.999979 0.00350095 0.00544349 0.0528742 -0.0035766 0.999897 0.0139503 -0.161398 -0.00539409 -0.0139695 0.999888 54.7185
0.999992 0.00232969 0.00322855 0.0571076 -0.00237361 0.999904 0.0136667 -0.163008 -0.0031964 -0.0136742 0.999901 56.1579
0.999997 -0.000441665 0.00260857 0.0679897 0.000404714 0.9999 0.0141482 -0.165991 -0.00261456 -0.0141471 0.999897 57.5906
0.999992 -0.00149265 0.00379334 0.0724258 0.00143739 0.999894 0.0145303 -0.167346 -0.00381462 -0.0145247 0.999887 59.0131
0.999992 -0.00243551 0.0032913 0.0782755 0.0023863 0.999887 0.014872 -0.163194 -0.00332715 -0.014864 0.999884 60.434
0.999975 -0.00226339 0.00667223 0.0980137 0.00216357 0.999887 0.0149296 -0.171834 -0.00670526 -0.0149147 0.999866 61.7847
0.999976 -0.00292174 0.00635304 0.116076 0.00282466 0.99988 0.0152361 -0.193145 -0.00639679 -0.0152178 0.999864 63.2257
0.999968 -0.00477511 0.00644506 0.124469 0.00467751 0.999876 0.0150756 -0.175018 -0.00651624 -0.0150449 0.999866 64.6538
0.999954 -0.00446608 0.00848336 0.125677 0.0043419 0.999884 0.0146001 -0.175269 -0.00854758 -0.0145626 0.999857 66.0571
0.999968 -0.00322396 0.00735865 0.133131 0.00311545 0.999887 0.0147099 -0.169201 -0.00740524 -0.0146865 0.999865 67.4712
0.99996 -0.000609023 0.00887515 0.137896 0.000463383 0.999866 0.0164024 -0.165739 -0.00888394 -0.0163977 0.999826 68.8853
0.999963 0.00306299 0.00800893 0.141378 -0.0032117 0.999822 0.0186211 -0.163076 -0.00795047 -0.0186461 0.999794 70.2937
0.999932 0.00714786 0.00926786 0.135454 -0.00732742 0.999784 0.0194875 -0.163105 -0.00912656 -0.019554 0.999767 71.6914
0.9999 0.0114968 0.00827887 0.143942 -0.0116631 0.999726 0.0203204 -0.148 -0.00804297 -0.0204149 0.999759 73.0981
0.999848 0.0150084 0.00885934 0.141246 -0.0151857 0.999679 0.0202954 -0.135092 -0.00855189 -0.0204269 0.999755 74.4986
0.99983 0.0152666 0.0103837 0.144996 -0.0154754 0.999674 0.0203328 -0.127877 -0.0100699 -0.02049 0.999739 75.8818
0.999837 0.0150995 0.00988548 0.151324 -0.0153067 0.999658 0.0212308 -0.122814 -0.00956151 -0.0213787 0.999726 77.2842
0.999848 0.0133661 0.0111582 0.162564 -0.0135925 0.999698 0.0204617 -0.118937 -0.0108814 -0.0206103 0.999728 78.6436
0.999867 0.0128613 0.010078 0.172854 -0.0130632 0.99971 0.0202275 -0.10487 -0.00981492 -0.0203564 0.999744 80.0407
0.999882 0.0118261 0.00980208 0.179675 -0.0120157 0.999738 0.0195086 -0.0961304 -0.00956879 -0.0196241 0.999762 81.4198
0.999893 0.0101037 0.0106217 0.19798 -0.0103071 0.999761 0.0192705 -0.103913 -0.0104245 -0.0193779 0.999758 82.7591
0.9999 0.00995889 0.0100439 0.210113 -0.0101429 0.999779 0.0184419 -0.088105 -0.00985806 -0.0185419 0.999779 84.1565
0.999899 0.010242 0.00986261 0.210827 -0.0104247 0.999772 0.0186476 -0.0721226 -0.00966937 -0.0187485 0.999777 85.5029
0.999934 0.00830185 0.0079834 0.207268 -0.00844678 0.999797 0.0182936 -0.0622413 -0.00782991 -0.0183598 0.999801 86.9162
0.999933 0.00919585 0.00706085 0.210514 -0.00933095 0.99977 0.0193429 -0.0390635 -0.00688134 -0.0194075 0.999788 88.2833
0.999962 0.00509218 0.00708643 0.218402 -0.00522362 0.999813 0.0186531 -0.0359754 -0.00699012 -0.0186894 0.999801 89.6706
0.999977 0.00334649 0.00589886 0.226404 -0.003456 0.99982 0.018651 -0.0322624 -0.00583538 -0.018671 0.999808 91.059
0.99998 0.002061 0.00589727 0.227267 -0.00216975 0.999827 0.0184918 -0.0165585 -0.00585814 -0.0185042 0.999811 92.4097
0.99998 0.00174176 0.00602413 0.230875 -0.00185483 0.999822 0.0188137 -0.00141144 -0.00599028 -0.0188245 0.999805 93.786
0.999977 0.00249324 0.00629304 0.226154 -0.00260908 0.999826 0.0184669 0.0102376 -0.00624591 -0.0184829 0.99981 95.1332
0.99998 0.00333893 0.00538709 0.224038 -0.00343741 0.999826 0.0183743 0.0125323 -0.00532479 -0.0183925 0.999816 96.4924
0.999991 0.00101003 0.0040986 0.229274 -0.00108437 0.999834 0.0181733 0.00826883 -0.00407956 -0.0181776 0.999826 97.8573
0.999987 0.00214866 0.00462949 0.224594 -0.00223318 0.99983 0.0183284 0.0226507 -0.00458932 -0.0183384 0.999821 99.1904
0.999987 0.00251835 0.00440906 0.224165 -0.00260519 0.999801 0.0197982 0.0264432 -0.00435832 -0.0198095 0.999794 100.551
0.999989 0.00185303 0.00428489 0.226151 -0.00193813 0.999799 0.0199412 0.0373925 -0.00424708 -0.0199492 0.999792 101.848
0.999996 0.00170041 0.00232304 0.221359 -0.00174523 0.99981 0.0194246 0.0433928 -0.00228958 -0.0194286 0.999808 103.201
0.999995 0.00194346 0.0024908 0.21559 -0.00198835 0.999834 0.0181484 0.0558644 -0.00245512 -0.0181532 0.999832 104.541
0.999996 0.00120099 0.00268644 0.209588 -0.001248 0.999845 0.0175633 0.055591 -0.00266493 -0.0175665 0.999842 105.841
0.999996 -0.00132557 0.00253683 0.211996 0.0012788 0.999831 0.0183471 0.0656816 -0.00256072 -0.0183438 0.999828 107.195
0.999993 -0.00310176 0.00194444 0.217392 0.00306521 0.999824 0.0185197 0.0841194 -0.00200154 -0.0185136 0.999826 108.487
0.999988 -0.00437916 0.00240787 0.216908 0.00433172 0.999803 0.0193646 0.0904099 -0.0024922 -0.0193539 0.999809 109.836
0.999985 -0.00497355 0.00213246 0.208255 0.00493317 0.999816 0.0185361 0.0816175 -0.00222426 -0.0185253 0.999826 111.136
0.999993 -0.00334482 0.00158921 0.200226 0.00331662 0.999843 0.0174208 0.083681 -0.00164723 -0.0174154 0.999847 112.423
0.999996 -0.00203654 0.0020213 0.189216 0.00200272 0.99986 0.0165928 0.083914 -0.00205481 -0.0165887 0.99986 113.78
0.999995 -0.0003727 0.00313264 0.182067 0.000322103 0.99987 0.0161343 0.0816094 -0.00313824 -0.0161332 0.999865 115.084
0.999991 0.00147337 0.00394048 0.180096 -0.00154561 0.99983 0.0183916 0.0927938 -0.00391271 -0.0183975 0.999823 116.44
0.999985 0.000855742 0.00538191 0.17571 -0.000964751 0.999794 0.0202834 0.0991312 -0.00536344 -0.0202882 0.99978 117.743
0.999983 0.00139249 0.00574304 0.175818 -0.00151316 0.999777 0.0210584 0.11259 -0.00571244 -0.0210667 0.999762 119.107
0.999977 0.00247212 0.00633548 0.178973 -0.00260028 0.999791 0.0203003 0.135298 -0.00628397 -0.0203163 0.999774 120.452
0.999959 0.0034866 0.00835436 0.181925 -0.00365498 0.999789 0.0202236 0.1407 -0.00828208 -0.0202533 0.99976 121.757
0.999945 0.00592006 0.00868449 0.182748 -0.0060834 0.999803 0.0189031 0.154023 -0.00857087 -0.0189549 0.999783 123.134
0.999926 0.00621847 0.0105027 0.193199 -0.0064066 0.999818 0.0179742 0.152 -0.010389 -0.0180401 0.999783 124.456
0.999912 0.00801311 0.0105935 0.197147 -0.00819987 0.99981 0.0177044 0.166444 -0.0104497 -0.0177897 0.999787 125.815
0.999922 0.00691583 0.0104341 0.211738 -0.0070948 0.999827 0.0172125 0.151588 -0.0103132 -0.0172851 0.999797 127.101
0.999909 0.00714084 0.0114938 0.219899 -0.0073467 0.999812 0.0179684 0.161116 -0.0113633 -0.0180511 0.999772 128.398
0.999906 0.00696905 0.011775 0.224201 -0.00717877 0.999815 0.0178621 0.179415 -0.0116484 -0.0179449 0.999771 129.767
0.999915 0.00829171 0.0100296 0.200671 -0.00846373 0.999816 0.0172312 0.141945 -0.00988483 -0.0173146 0.999801 131.019
0.999923 0.00756588 0.00983607 0.207368 -0.00773431 0.999822 0.0171999 0.140771 -0.00970418 -0.0172746 0.999803 132.393
0.999934 0.00609677 0.00972522 0.216447 -0.00626458 0.99983 0.0173183 0.140487 -0.00961798 -0.0173781 0.999803 133.726
0.99994 0.0056868 0.00941645 0.231037 -0.00584859 0.999834 0.0172433 0.134231 -0.00931682 -0.0172973 0.999807 135.021
0.999958 0.00535024 0.00744043 0.227058 -0.00548057 0.99983 0.0176077 0.147942 -0.00734496 -0.0176478 0.999817 136.385
0.999972 0.00296376 0.00689579 0.237018 -0.00308313 0.999844 0.017365 0.144765 -0.00684325 -0.0173858 0.999825 137.695
0.999984 0.00242702 0.00516426 0.23607 -0.00251958 0.999835 0.0179907 0.156535 -0.00511974 -0.0180034 0.999825 139.056
0.99999 0.00241052 0.00389036 0.233711 -0.00248081 0.999832 0.0181636 0.179192 -0.00384592 -0.018173 0.999827 140.362
0.999996 0.00225178 0.00140114 0.221428 -0.0022761 0.999843 0.0176002 0.170403 -0.00136129 -0.0176033 0.999844 141.761
0.999997 0.00230799 0.000281167 0.215692 -0.00231246 0.999852 0.017065 0.185055 -0.000241736 -0.0170656 0.999854 143.104
1 0.000795719 0.000136123 0.220637 -0.000797711 0.999883 0.0152646 0.187976 -0.000123957 -0.0152647 0.999883 144.418
0.999979 -0.00620893 -0.00179635 0.215556 0.00623571 0.999863 0.0153149 0.171239 0.00170102 -0.0153258 0.999881 145.783
0.999905 -0.0136097 -0.0023919 0.232108 0.0136515 0.999737 0.0184548 0.171187 0.00214011 -0.0184856 0.999827 147.114
0.999848 -0.0169715 -0.00406543 0.237045 0.0170477 0.999664 0.019521 0.188064 0.00373277 -0.0195873 0.999801 148.483
0.999792 -0.0198435 -0.00470336 0.229105 0.0199303 0.999617 0.0192043 0.204549 0.00432048 -0.019294 0.999804 149.816
0.999837 -0.0177612 -0.00318656 0.221912 0.017812 0.999702 0.01669 0.205101 0.00288918 -0.016744 0.999855 151.159
0.999857 -0.0165854 -0.00332069 0.20269 0.016634 0.999747 0.0151852 0.221371 0.00306799 -0.0152383 0.999879 152.505
0.999873 -0.0158041 -0.00202923 0.193816 0.0158314 0.999774 0.0142323 0.209098 0.00180384 -0.0142626 0.999896 153.881
0.999855 -0.0168311 -0.00241942 0.200544 0.0168638 0.999757 0.0142256 0.218941 0.0021794 -0.0142644 0.999896 155.22
0.999749 -0.0223326 -0.00175057 0.205261 0.0223586 0.999613 0.0165489 0.220098 0.00138032 -0.0165838 0.999861 156.57
0.999647 -0.0265624 -0.000589281 0.203995 0.0265687 0.999484 0.018048 0.222569 0.000109579 -0.0180573 0.999837 157.894
0.999606 -0.0280389 -0.00137607 0.203779 0.0280592 0.999443 0.0180904 0.237666 0.000868072 -0.0181219 0.999835 159.244
0.999629 -0.0271999 0.0013018 0.201195 0.0271719 0.999468 0.018072 0.255534 -0.00179266 -0.0180299 0.999836 160.57
0.99972 -0.0235873 0.00164518 0.195715 0.0235537 0.999559 0.0180724 0.265266 -0.00207073 -0.0180286 0.999835 161.928
0.999775 -0.0210477 0.00273754 0.184807 0.0209987 0.999638 0.0168426 0.254576 -0.00309104 -0.0167813 0.999854 163.24
0.999841 -0.0176222 0.00266685 0.162864 0.0175752 0.999706 0.0167292 0.279311 -0.00296086 -0.0166797 0.999856 164.51
0.999846 -0.0172495 0.00326397 0.15359 0.0171914 0.999707 0.0170626 0.282073 -0.00355733 -0.0170039 0.999849 165.87
0.999858 -0.0166933 0.00240075 0.143866 0.0166516 0.999726 0.0164418 0.279893 -0.00267456 -0.0163995 0.999862 167.19
0.999876 -0.0156405 0.00209123 0.135762 0.0156066 0.999761 0.0153384 0.28746 -0.00233062 -0.0153038 0.99988 168.575
0.999906 -0.013496 0.00259554 0.123712 0.0134591 0.999815 0.0137425 0.286873 -0.00278053 -0.0137063 0.999902 169.908
0.999964 -0.00839308 0.00161823 0.0986133 0.00837223 0.999887 0.0124831 0.294754 -0.00172282 -0.0124691 0.999921 171.294
0.999987 -0.00471824 0.00189942 0.0837264 0.00469257 0.999901 0.0132898 0.309473 -0.00196193 -0.0132807 0.99991 172.658
0.999994 -0.00232729 0.00272951 0.0826603 0.00228635 0.999886 0.0149035 0.318805 -0.00276388 -0.0148972 0.999885 174.004
0.999996 -0.00160983 0.0021796 0.0802125 0.00157232 0.999853 0.0170982 0.328794 -0.0022068 -0.0170947 0.999851 175.4
0.999989 -0.00450234 0.00164789 0.088431 0.00447103 0.999819 0.0185252 0.339649 -0.001731 -0.0185176 0.999827 176.762
0.999968 -0.0072176 -0.00346943 0.113537 0.00727504 0.999832 0.0168435 0.367897 0.00334728 -0.0168682 0.999852 178.183
0.999956 -0.00894881 -0.00296695 0.0976392 0.0089821 0.999895 0.0114093 0.378901 0.00286454 -0.0114354 0.99993 179.55
0.999948 -0.00794645 -0.0064563 0.0899193 0.00801054 0.999918 0.00996401 0.387331 0.0063766 -0.0100152 0.999929 180.94
0.999935 -0.00917178 -0.00672715 0.0696656 0.0092141 0.999938 0.00628922 0.365962 0.00666905 -0.0063508 0.999957 182.332
0.999968 -0.00463033 -0.00655673 0.0517194 0.00468074 0.99996 0.00769552 0.360718 0.00652083 -0.00772597 0.999949 183.7
0.999969 -0.00286658 -0.00737562 0.0367922 0.00294223 0.999943 0.0102687 0.367495 0.00734576 -0.0102901 0.99992 185.099
0.999981 -0.00227658 -0.00579452 0.014796 0.00234804 0.999921 0.0123578 0.368817 0.00576593 -0.0123712 0.999907 186.473
0.999984 -0.000211018 -0.00561929 0.00174543 0.000285067 0.999913 0.0131821 0.383917 0.00561602 -0.0131835 0.999897 187.909
0.999982 -0.00143203 -0.00577344 -0.00733167 0.00151152 0.999904 0.0137887 0.383885 0.00575313 -0.0137972 0.999888 189.313
0.999975 -0.00511531 -0.00493994 -0.0209295 0.00518932 0.999873 0.0150893 0.378811 0.00486213 -0.0151146 0.999874 190.682
0.999955 -0.00795684 -0.00528298 -0.0297414 0.00803669 0.999851 0.0152716 0.375169 0.00516068 -0.0153133 0.999869 192.111
0.999943 -0.00965108 -0.00459861 -0.03854 0.00972644 0.999814 0.0166607 0.385116 0.00443696 -0.0167044 0.99985 193.498
0.999901 -0.0130349 -0.00534233 -0.0449294 0.0131316 0.999743 0.0184812 0.38914 0.00510006 -0.0185495 0.999815 194.937
0.999869 -0.0154845 -0.00481478 -0.0473198 0.0155738 0.999696 0.0191104 0.384429 0.0045174 -0.0191828 0.999806 196.33
0.99984 -0.01583 -0.00835873 -0.0644111 0.0159518 0.999765 0.0147083 0.400526 0.00812393 -0.0148393 0.999857 197.756
0.999926 -0.00912846 -0.00808991 -0.0917437 0.00922028 0.999893 0.011387 0.40898 0.0079851 -0.0114607 0.999902 199.172
0.999983 -0.000314345 -0.00591712 -0.123301 0.000378541 0.999941 0.0108526 0.408132 0.00591336 -0.0108546 0.999923 200.574
0.999968 0.00512516 -0.00613774 -0.174844 -0.00504523 0.999903 0.0129691 0.413484 0.00620361 -0.0129378 0.999897 202.044
0.99995 0.00676265 -0.00744344 -0.194401 -0.00663192 0.999826 0.017451 0.423932 0.00756016 -0.0174008 0.99982 203.455
0.999948 0.00512 -0.00879753 -0.210919 -0.00495166 0.999806 0.0190515 0.433356 0.00889337 -0.019007 0.99978 204.912
0.999937 0.00490045 -0.0100533 -0.227691 -0.00471672 0.999823 0.0182199 0.456025 0.0101408 -0.0181713 0.999783 206.348
0.999938 0.00293925 -0.0107819 -0.243347 -0.00273835 0.999823 0.0186018 0.466482 0.0108347 -0.0185711 0.999769 207.77
0.999918 0.00410735 -0.0121498 -0.273205 -0.00388626 0.999828 0.0181663 0.492296 0.0122223 -0.0181175 0.999761 209.253
0.999919 0.00433245 -0.0119893 -0.299895 -0.00411336 0.999825 0.0182393 0.498044 0.0120662 -0.0181885 0.999761 210.674
0.99989 0.00616012 -0.0134836 -0.334578 -0.00590345 0.999802 0.0189942 0.50914 0.0135979 -0.0189125 0.999728 212.158
0.999887 0.00587945 -0.0138082 -0.361328 -0.00561289 0.999799 0.0192654 0.525444 0.0139187 -0.0191858 0.999719 213.621
0.999893 0.00632508 -0.0131811 -0.380979 -0.00607509 0.999803 0.0189209 0.53996 0.0132982 -0.0188388 0.999734 215.054
0.999863 0.00742271 -0.0147923 -0.416244 -0.00714313 0.999797 0.0188651 0.558665 0.0149294 -0.0187568 0.999712 216.547
0.999846 0.0102655 -0.0142679 -0.447662 -0.00997898 0.99975 0.0200106 0.596731 0.0144698 -0.0198651 0.999698 217.978
0.999795 0.0111722 -0.0168629 -0.488146 -0.01083 0.999736 0.0202517 0.594913 0.0170847 -0.0200649 0.999652 219.494
0.999792 0.0123845 -0.0161726 -0.517686 -0.012064 0.999732 0.019766 0.613345 0.0164131 -0.0195668 0.999673 220.945
0.99975 0.0120951 -0.0188157 -0.533327 -0.0117417 0.999755 0.0187789 0.622731 0.0190382 -0.0185533 0.999646 222.466
0.999732 0.0128986 -0.0192106 -0.571209 -0.0125361 0.999744 0.018872 0.637518 0.0194491 -0.0186261 0.999637 223.952
0.999736 0.0129641 -0.0189807 -0.612959 -0.0126062 0.999743 0.0188576 0.651781 0.0192203 -0.0186134 0.999642 225.421
0.999686 0.0136739 -0.0210134 -0.663208 -0.0132742 0.999731 0.0190454 0.655799 0.0212682 -0.0187605 0.999597 226.943
0.999677 0.0137 -0.0214039 -0.702874 -0.0132929 0.99973 0.0190479 0.665937 0.0216591 -0.0187572 0.999589 228.409
0.999679 0.0136235 -0.0213756 -0.733279 -0.0132231 0.999737 0.0187641 0.690939 0.0216256 -0.0184754 0.999595 229.916
0.999675 0.0137276 -0.0214635 -0.772986 -0.0133161 0.999727 0.0191979 0.708101 0.0217211 -0.0189059 0.999585 231.407
0.9997 0.013466 -0.020427 -0.812641 -0.0130702 0.999727 0.0193844 0.726672 0.0206825 -0.0191116 0.999603 232.884
0.999654 0.0137379 -0.0224346 -0.847481 -0.0132995 0.99972 0.0195752 0.743886 0.0226973 -0.0192701 0.999556 234.386
0.999677 0.0136779 -0.0214038 -0.888432 -0.0132579 0.999719 0.0196406 0.756364 0.0216664 -0.0193505 0.999578 235.876
0.999624 0.0156502 -0.0224855 -0.924198 -0.0152016 0.999685 0.0199886 0.772707 0.0227912 -0.0196393 0.999547 237.413
0.999655 0.0148038 -0.021695 -0.969825 -0.0143613 0.999689 0.0204129 0.786699 0.0219905 -0.0200942 0.999556 238.918
0.999681 0.0145297 -0.0206746 -1.00494 -0.0140914 0.999676 0.0211898 0.796335 0.0209758 -0.0208917 0.999561 240.414
0.999692 0.0148084 -0.0198947 -1.03735 -0.0144071 0.999693 0.0201705 0.818817 0.0201872 -0.0198777 0.999598 241.946
0.999731 0.0145372 -0.0180754 -1.07106 -0.0141956 0.999721 0.018886 0.835633 0.0183449 -0.0186243 0.999658 243.458
0.999711 0.0152444 -0.0185742 -1.10331 -0.0148902 0.999708 0.0190615 0.852241 0.0188594 -0.0187795 0.999645 244.976
0.999715 0.0149915 -0.018549 -1.13754 -0.0146203 0.999694 0.0199861 0.862691 0.018843 -0.0197093 0.999628 246.499
0.999678 0.0179159 -0.0179375 -1.16842 -0.0175295 0.999616 0.0214721 0.878541 0.0183153 -0.0211507 0.999608 248.006
0.999657 0.0176558 -0.0193495 -1.19844 -0.0172508 0.999633 0.0209044 0.898564 0.0197115 -0.0205634 0.999594 249.539
0.999676 0.0170539 -0.0188739 -1.22535 -0.0167 0.999685 0.0187504 0.914344 0.0191877 -0.0184291 0.999646 251.103
0.999671 0.0163634 -0.0197471 -1.257 -0.0159866 0.99969 0.0190916 0.930234 0.0200534 -0.0187696 0.999622 252.645
0.999702 0.0158726 -0.0185323 -1.29161 -0.015513 0.999692 0.019393 0.941599 0.0188344 -0.0190997 0.99964 254.154
0.99969 0.0150672 -0.0198026 -1.32743 -0.0146831 0.999704 0.0194009 0.950513 0.0200891 -0.0191041 0.999615 255.708
0.999709 0.0135472 -0.0199369 -1.31507 -0.0131553 0.99972 0.019657 0.96531 0.0201976 -0.019389 0.999608 257.287
0.999758 0.0110701 -0.0190025 -1.34658 -0.0106679 0.99972 0.0211377 0.975541 0.0192312 -0.0209298 0.999596 258.813
0.999708 0.0121952 -0.0208736 -1.37222 -0.011763 0.999717 0.0207025 1.00204 0.0211201 -0.0204509 0.999567 260.341
0.999713 0.0130646 -0.0200915 -1.40711 -0.01265 0.999707 0.0206297 1.01686 0.0203551 -0.0203696 0.999585 261.862
0.999687 0.0134978 -0.0210715 -1.42413 -0.0130592 0.999698 0.0208162 1.03453 0.0213461 -0.0205345 0.999561 263.399
0.999764 0.0108693 -0.0187785 -1.45994 -0.0104648 0.999714 0.0215031 1.07715 0.0190068 -0.0213015 0.999592 264.971
0.999826 0.00896013 -0.0163716 -1.49027 -0.00863606 0.999768 0.0197599 1.07225 0.0165448 -0.019615 0.99967 266.487
0.999808 0.00928075 -0.0172492 -1.51493 -0.00894297 0.999769 0.0195584 1.09118 0.0174267 -0.0194004 0.99966 268.009
0.999834 0.0101858 -0.0151191 -1.54664 -0.00989053 0.999762 0.0194811 1.10601 0.0153139 -0.0193283 0.999696 269.545
0.999832 0.0114413 -0.0143054 -1.5732 -0.0111727 0.999763 0.0187179 1.11697 0.0145161 -0.0185549 0.999722 271.078
0.999839 0.0121365 -0.0131755 -1.60308 -0.0118916 0.999758 0.0185116 1.13898 0.013397 -0.018352 0.999741 272.612
0.999853 0.0134944 -0.0105451 -1.63249 -0.0132975 0.99974 0.0185298 1.14889 0.0107924 -0.0183869 0.999772 274.142
0.999842 0.0137193 -0.0113015 -1.65382 -0.0135119 0.999743 0.018236 1.1628 0.0115487 -0.0180804 0.99977 275.688
0.999858 0.0145362 -0.00854876 -1.68374 -0.0143782 0.99973 0.0182746 1.17626 0.00881209 -0.0181491 0.999796 277.22
0.999868 0.0137421 -0.00860516 -1.70242 -0.0135808 0.999736 0.0185282 1.19597 0.0088575 -0.0184089 0.999791 278.764
0.999877 0.0135832 -0.00778557 -1.7189 -0.0134333 0.99973 0.0189982 1.20808 0.00804152 -0.0188913 0.999789 280.299
0.999917 0.0120456 -0.00455337 -1.72473 -0.0119514 0.999725 0.0201816 1.21671 0.00479521 -0.0201255 0.999786 281.821
0.999912 0.0124595 -0.00452582 -1.76235 -0.0123629 0.999708 0.0207754 1.22349 0.00478334 -0.0207176 0.999774 283.336
0.999937 0.0109259 -0.00253011 -1.77058 -0.0108778 0.999773 0.0183196 1.25703 0.00272969 -0.0182909 0.999829 284.883
0.999913 0.0125831 -0.00396614 -1.78171 -0.0125089 0.999756 0.0182328 1.25192 0.00419459 -0.0181816 0.999826 286.413
0.999919 0.0123217 -0.00298232 -1.78037 -0.0122643 0.999753 0.0185749 1.27826 0.00321045 -0.0185369 0.999823 287.898
0.999936 0.0110875 -0.00200214 -1.79516 -0.011047 0.999755 0.0192145 1.29059 0.00221469 -0.0191911 0.999813 289.439
0.999925 0.0112306 -0.00486814 -1.8116 -0.0111345 0.999751 0.019339 1.30977 0.00508411 -0.0192833 0.999801 291.011
0.999931 0.0112649 -0.0031802 -1.82074 -0.0112012 0.99975 0.019381 1.32663 0.00339772 -0.019344 0.999807 292.546
0.999915 0.0118066 -0.00539821 -1.83936 -0.0116968 0.999733 0.0199429 1.34708 0.00563222 -0.0198781 0.999786 294.131
0.999911 0.0115962 -0.00658484 -1.86099 -0.0114594 0.999726 0.0204439 1.36406 0.00682009 -0.0203667 0.999769 295.7
0.999918 0.0118825 -0.00475581 -1.8685 -0.0117758 0.999692 0.021873 1.38757 0.00501425 -0.0218152 0.999749 297.258
0.999889 0.0133465 -0.00658674 -1.88984 -0.0131938 0.999655 0.0227131 1.40163 0.0068876 -0.0226237 0.99972 298.86
0.999895 0.0137709 -0.00457261 -1.90513 -0.013661 0.999637 0.0232626 1.42307 0.00489129 -0.0231977 0.999719 300.426
0.99989 0.0140868 -0.00469192 -1.921 -0.0139722 0.999624 0.0236184 1.44071 0.00502285 -0.0235502 0.99971 302.031
0.999901 0.0133642 -0.00425715 -1.93306 -0.013258 0.999623 0.0240746 1.46716 0.00457728 -0.0240158 0.999701 303.62
0.99993 0.0116681 -0.00207703 -1.93231 -0.0116168 0.999664 0.0231851 1.4806 0.00234686 -0.0231593 0.999729 305.182
0.999932 0.0114273 -0.00244209 -1.93508 -0.0113712 0.999697 0.0218737 1.49066 0.0026913 -0.0218444 0.999757 306.782
0.99994 0.0108715 -0.00148621 -1.94494 -0.0108384 0.999727 0.0207052 1.51055 0.0017109 -0.0206879 0.999784 308.381
0.99993 0.0110614 -0.00421838 -1.95948 -0.0109738 0.999735 0.0202667 1.53416 0.00444144 -0.020219 0.999785 309.988
0.999914 0.0108576 -0.00734608 -1.98413 -0.0107094 0.999745 0.0199291 1.56695 0.00756058 -0.0198487 0.999774 311.586
0.999902 0.0123696 -0.00659826 -2.01148 -0.0122129 0.999655 0.0232815 1.59033 0.00688396 -0.0231986 0.999707 313.203
0.999911 0.0114126 -0.00695166 -2.02328 -0.011227 0.999595 0.0261709 1.61163 0.00724752 -0.0260905 0.999633 314.836
0.999926 0.0103982 -0.00621297 -2.04584 -0.0102282 0.999589 0.0267952 1.63014 0.00648903 -0.0267297 0.999621 316.466
0.999926 0.00997837 -0.00693488 -2.05504 -0.00978437 0.999575 0.0274686 1.65699 0.00720602 -0.0273987 0.999598 318.1
0.999938 0.0096984 -0.00540958 -2.07263 -0.00954384 0.999566 0.0279033 1.6895 0.00567784 -0.0278499 0.999596 319.706
0.999932 0.00986939 -0.00610286 -2.08866 -0.00968984 0.999539 0.0287827 1.72193 0.00638411 -0.0287216 0.999567 321.346
0.999934 0.010103 -0.00536858 -2.10027 -0.009947 0.999549 0.0283397 1.75426 0.00565247 -0.0282844 0.999584 322.973
0.999934 0.0109657 -0.00338659 -2.12129 -0.0108672 0.999554 0.0278506 1.78782 0.00369047 -0.027812 0.999606 324.577
0.99993 0.0111796 -0.00371733 -2.13194 -0.0110727 0.999558 0.0276242 1.8121 0.00402451 -0.0275811 0.999611 326.211
0.999946 0.0103038 -0.0014894 -2.14417 -0.0102552 0.999508 0.0296499 1.83961 0.00179417 -0.029633 0.999559 327.816
0.999954 0.0093103 -0.00223289 -2.14946 -0.00923796 0.999493 0.0304785 1.8828 0.00251552 -0.0304564 0.999533 329.448
0.99996 0.00866749 -0.00206056 -2.15292 -0.00860202 0.999516 0.0299073 1.91647 0.00231878 -0.0298884 0.99955 331.061
0.999953 0.00962995 -0.000648915 -2.16156 -0.00960543 0.999481 0.0307745 1.94103 0.000944932 -0.0307668 0.999526 332.671
0.999941 0.0105171 -0.00260592 -2.16456 -0.0104306 0.999457 0.0312748 1.99363 0.00293342 -0.0312457 0.999507 334.284
0.99992 0.0124792 -0.00186456 -2.18151 -0.0124168 0.999461 0.0303904 2.01265 0.0022428 -0.0303648 0.999536 335.868
0.999907 0.0132315 -0.00331112 -2.19365 -0.0131186 0.999399 0.0320853 2.04373 0.00373367 -0.0320389 0.999479 337.488
0.9999 0.013557 -0.00400826 -2.20061 -0.0134096 0.999306 0.0347712 2.07387 0.00447686 -0.034714 0.999387 339.11
0.999896 0.0141119 -0.00309517 -2.2174 -0.0139904 0.999245 0.0362682 2.12685 0.00360464 -0.0362211 0.999337 340.708
0.999868 0.0152339 -0.00555848 -2.22447 -0.015025 0.999245 0.0358557 2.16761 0.0061005 -0.0357675 0.999341 342.332
0.999853 0.0155489 -0.00726993 -2.24418 -0.0152859 0.999273 0.0349438 2.20609 0.00780797 -0.0348274 0.999363 343.951
0.999834 0.0148784 -0.0105058 -2.25565 -0.0144872 0.999233 0.0363818 2.24661 0.011039 -0.0362235 0.999282 345.577
0.99983 0.0141137 -0.0118296 -2.26788 -0.0136624 0.999208 0.0373981 2.28353 0.0123481 -0.0372301 0.99923 347.184
0.999843 0.0140045 -0.0108584 -2.29887 -0.0135944 0.999225 0.0369659 2.31274 0.0113677 -0.0368124 0.999257 348.753
0.999829 0.0139559 -0.0121308 -2.32226 -0.013499 0.999226 0.0369653 2.36649 0.0126372 -0.0367952 0.999243 350.379
0.999844 0.0138524 -0.0109834 -2.34788 -0.013435 0.999218 0.0372091 2.41062 0.0114903 -0.0370557 0.999247 351.937
0.999839 0.0135026 -0.0118217 -2.37179 -0.0130498 0.999209 0.0375807 2.45486 0.0123198 -0.0374203 0.999223 353.545
0.999844 0.0121356 -0.0128507 -2.39052 -0.0116491 0.999237 0.0372811 2.49724 0.0132933 -0.0371256 0.999222 355.16
0.999861 0.0120724 -0.0114889 -2.4155 -0.0116376 0.999241 0.0371884 2.5361 0.0119291 -0.0370495 0.999242 356.723
0.999857 0.0118662 -0.0120511 -2.43702 -0.0113972 0.999203 0.0382708 2.5654 0.0124956 -0.0381279 0.999194 358.339
0.999872 0.0116863 -0.0109612 -2.46229 -0.0112612 0.999212 0.0380744 2.61167 0.0113975 -0.037946 0.999215 359.902
0.999871 0.0106515 -0.0120056 -2.48972 -0.0101896 0.99923 0.0379025 2.64374 0.0124 -0.0377753 0.999209 361.519
0.99989 0.00895203 -0.0118243 -2.5126 -0.00847888 0.999185 0.0394775 2.68953 0.0121681 -0.0393729 0.99915 363.107
0.99992 0.00896203 -0.00895638 -2.53754 -0.00859419 0.999151 0.0402992 2.75228 0.00930993 -0.0402189 0.999147 364.692
0.999913 0.00865347 -0.0099367 -2.55502 -0.00825007 0.999168 0.0399458 2.803 0.0102741 -0.0398604 0.999152 366.295
0.999934 0.0086959 -0.00743796 -2.57527 -0.00838546 0.999133 0.0407982 2.87101 0.00778628 -0.0407331 0.99914 367.884
0.999917 0.00992628 -0.00816295 -2.59384 -0.00957531 0.999074 0.041967 2.92452 0.00857196 -0.0418853 0.999085 369.491
0.99992 0.0107332 -0.00667983 -2.61818 -0.0104305 0.998985 0.0438249 2.96229 0.00714343 -0.0437517 0.999017 371.076
0.999915 0.0105915 -0.00759282 -2.63091 -0.0102473 0.998978 0.04403 2.99852 0.0080514 -0.0439484 0.999001 372.706
0.999915 0.0105524 -0.00768389 -2.64732 -0.0102047 0.998981 0.0439672 3.04795 0.00814002 -0.043885 0.999003 374.308
0.999915 0.0114118 -0.00622555 -2.67339 -0.0111222 0.998938 0.0447211 3.09744 0.00672928 -0.0446481 0.99898 375.926
0.999885 0.0134195 -0.00709879 -2.6895 -0.0130874 0.998905 0.0449235 3.18142 0.00769386 -0.0448254 0.998965 377.548
0.999884 0.0142729 -0.00530376 -2.71087 -0.014014 0.998844 0.0460035 3.22295 0.00595422 -0.0459238 0.998927 379.133
0.999862 0.0155551 -0.00587083 -2.7259 -0.0152625 0.998781 0.0469649 3.28859 0.00659421 -0.0468688 0.998879 380.76
0.999847 0.0165778 -0.00549929 -2.7425 -0.0162999 0.998752 0.047227 3.34306 0.00627534 -0.0471301 0.998869 382.365
0.999842 0.0174386 -0.0035594 -2.75919 -0.0172508 0.998731 0.0473291 3.39833 0.00438023 -0.0472602 0.998873 383.95
0.999814 0.0186276 -0.00504267 -2.77751 -0.018363 0.998668 0.0482273 3.45393 0.00593431 -0.0481257 0.998824 385.585
0.999796 0.0199416 -0.00323545 -2.79368 -0.0197582 0.998591 0.0492664 3.50845 0.00421334 -0.0491923 0.99878 387.181
0.999786 0.0202669 -0.00416433 -2.81389 -0.0200352 0.998564 0.0496939 3.57158 0.00516549 -0.0495998 0.998756 388.82
0.999768 0.0212317 -0.0036772 -2.82624 -0.0210224 0.998538 0.0498072 3.63241 0.00472931 -0.0497183 0.998752 390.436
0.999779 0.0208698 -0.0025238 -2.84546 -0.0207156 0.998506 0.0505717 3.68173 0.00357545 -0.0505082 0.998717 392.036
=======
1 -0.000166768 -0.000109949 -0.00446861 0.000167064 0.999999 0.00144973 -0.0200606 0.00010981 -0.00145013 1 1.31533
1 -0.000424473 0.000514289 -0.00954844 0.00042342 0.999998 0.00213966 -0.021857 -0.000514872 -0.00213951 0.999998 2.62655
0.999999 -0.00164146 0.000217842 -0.0162091 0.0016413 0.999998 0.00121342 -0.0524952 -0.000219482 -0.00121337 1 3.98519
0.999999 -0.00156868 0.0014607 -0.0325087 0.0015667 0.999998 0.00136221 -0.0680432 -0.00146243 -0.00135999 0.999999 5.33258
1 -0.00150106 0.000813121 -0.0310187 0.00149931 0.999997 0.00226667 -0.0714923 -0.000816088 -0.00226585 0.999998 6.65001
0.999996 -0.00340272 0.00114852 -0.0412717 0.00339877 0.999989 0.00345368 -0.0955459 -0.00115976 -0.00344983 0.999994 7.98681
0.999996 -0.00326618 0.0011485 -0.0551646 0.00326235 0.999989 0.00343869 -0.0932717 -0.0011592 -0.00343534 0.999995 9.33627
0.999999 -0.0026132 6.01791e-05 -0.0580072 0.00261298 0.999997 0.00226718 -0.113108 -6.52494e-05 -0.00226716 0.999999 10.6661
1 -0.00017674 0.000756508 -0.0690312 0.000176711 1 0.000155933 -0.0976261 -0.000755539 -0.000156342 1 12.0001
1 0.00250064 0.000786573 -0.0835947 -0.00250019 1 -0.000581192 -0.13365 -0.000786859 0.000579141 1 13.3578
0.999986 0.00561933 0.00090097 -0.0948307 -0.00561871 0.999985 -0.000803039 -0.142218 -0.000904216 0.000797595 1 14.7113
0.999986 0.00571429 0.00181459 -0.105947 -0.00571334 0.999986 -0.000535982 -0.134448 -0.00181611 0.000525667 1 16.0537
0.999992 0.00450435 0.00149199 -0.0987968 -0.00450867 0.999987 0.0028129 -0.144997 -0.00147749 -0.00281984 0.999997 17.4252
1 0.000622216 0.00298186 -0.0972032 -0.000637637 0.999989 0.00517626 -0.158979 -0.00297618 -0.00517799 0.999986 18.7706
1 0.000479583 0.00133543 -0.085601 -0.000486848 0.999988 0.00525811 -0.138885 -0.00133041 -0.00525897 0.99999 20.1212
1 0.00035176 0.00282977 -0.0793108 -0.000367945 0.99999 0.005632 -0.112407 -0.0028241 -0.00563251 0.999986 21.4657
1 0.0018531 0.00245379 -0.0788225 -0.00186604 0.999987 0.0052183 -0.106074 -0.00244075 -0.00522299 0.99999 22.8238
0.999995 0.00351938 0.00343709 -0.0853397 -0.0035396 0.999984 0.00585238 -0.084723 -0.00341193 -0.00586364 0.999984 24.1814
0.999986 0.00381616 0.00557507 -0.0896417 -0.00387503 0.999942 0.0105631 -0.0825107 -0.00553059 -0.0105849 0.999937 25.5301
0.999991 0.00351347 0.004776 -0.0831582 -0.0035689 0.999932 0.0116338 -0.0892432 -0.00473033 -0.0116498 0.99993 26.9068
0.999992 0.000979834 0.0059197 -0.0789171 -0.00104728 0.999941 0.011381 -0.113715 -0.00590447 -0.0113877 0.999927 28.2504
0.999998 0.00105831 0.00480041 -0.0829173 -0.00110262 0.999964 0.00924732 -0.126845 -0.00478609 -0.00925154 0.999957 29.6341
0.999985 0.00123831 0.00708695 -0.0789495 -0.00129989 0.999968 0.00870544 -0.14358 -0.00707231 -0.00871513 0.999948 30.9903
0.999985 0.00287893 0.00664013 -0.0859687 -0.00293634 0.999965 0.00864031 -0.15137 -0.00661055 -0.00865868 0.999952 32.3848
0.999979 0.00369334 0.00720754 -0.0823044 -0.00374971 0.999971 0.00783008 -0.162648 -0.00717482 -0.00785751 0.999955 33.7685
0.99998 0.00435437 0.00658385 -0.0670194 -0.00440475 0.999968 0.0076551 -0.161468 -0.00654581 -0.00768275 0.999961 35.1539
0.999997 0.00363416 0.00435597 -0.0671278 -0.00368078 0.999944 0.0107624 -0.178701 -0.00431305 -0.0107789 0.999945 36.5924
0.999991 0.00402719 0.00509751 -0.0717503 -0.00409517 0.999908 0.0134081 -0.174625 -0.00503856 -0.0134275 0.999909 37.9921
0.999983 0.00731798 0.00260092 -0.0685627 -0.00734585 0.999921 0.0109555 -0.155829 -0.00251697 -0.0109748 0.999949 39.4119
0.999967 0.0090718 0.00311968 -0.0867501 -0.00910717 0.9999 0.011487 -0.157597 -0.0030109 -0.0115134 0.999942 40.7998
0.999955 0.0102227 0.00385915 -0.0938705 -0.0102672 0.999889 0.0116462 -0.149158 -0.00373583 -0.0116854 0.999939 42.2031
0.999955 0.0105183 0.00242815 -0.0992943 -0.0105464 0.999882 0.0118972 -0.140188 -0.00229781 -0.0119208 0.999941 43.6312
0.99996 0.00976357 0.00369837 -0.10657 -0.00980847 0.999887 0.012274 -0.14593 -0.00357402 -0.0123099 0.999934 45.0241
0.999969 0.00929731 0.00211296 -0.106157 -0.00932152 0.999896 0.0117772 -0.138692 -0.00199801 -0.0117948 0.999945 46.4306
0.999977 0.00846294 0.00190937 -0.118386 -0.0084841 0.999912 0.0111646 -0.125073 -0.00181047 -0.0111806 0.999952 47.8649
0.999979 0.00839941 -0.000455079 -0.128927 -0.00839383 0.999907 0.0115778 -0.12291 0.000557669 -0.0115717 0.999949 49.2929
0.999979 0.00828547 -0.00169177 -0.14727 -0.00826463 0.999902 0.0121955 -0.124858 0.00179693 -0.0121814 0.99994 50.7207
0.999977 0.0085866 -0.000988434 -0.15559 -0.00857358 0.999889 0.0129202 -0.121468 0.00110481 -0.0129093 0.999933 52.1276
0.999969 0.00902174 -0.00338184 -0.16922 -0.00897416 0.999874 0.0139477 -0.11409 0.00351151 -0.013917 0.999916 53.5688
0.999974 0.00877284 -0.00274164 -0.180298 -0.00873123 0.999857 0.0150906 -0.107279 0.00287929 -0.0150638 0.9999 54.9916
0.999969 0.00878095 -0.00442109 -0.186604 -0.00871281 0.999854 0.0153433 -0.0979104 0.00455942 -0.0153045 0.999892 56.4303
0.999975 0.00764398 -0.00508896 -0.200541 -0.00756637 0.999865 0.0152439 -0.0943164 0.00521027 -0.0152026 0.99989 57.8544
0.999986 0.00693369 -0.00411544 -0.204091 -0.0068703 0.999867 0.0154583 -0.0969466 0.00422625 -0.0154304 0.999893 59.2768
0.999994 0.0055026 -0.00447119 -0.212581 -0.0054322 0.99987 0.0158412 -0.0959963 0.0045633 -0.0158141 0.999885 60.7051
1 0.00562227 -0.00234218 -0.220343 -0.00558527 0.999867 0.015968 -0.0811329 0.00243596 -0.0159551 0.999892 62.1073
1.00001 0.00470053 -0.0020984 -0.217939 -0.00466826 0.999877 0.0157135 -0.100154 0.00217725 -0.0157012 0.999895 63.5513
1.00001 0.00445232 -0.00169901 -0.222055 -0.00442715 0.999885 0.0151572 -0.095085 0.00177037 -0.0151502 0.999906 64.9704
1.00001 0.00459536 0.000776679 -0.24008 -0.00460793 0.999887 0.0150665 -0.0946301 -0.000702479 -0.0150679 0.999908 66.3676
1.00001 0.00576981 0.000205146 -0.248448 -0.0057733 0.999875 0.0154592 -0.0907006 -0.000111692 -0.0154607 0.999904 67.7902
0.99999 0.00762685 0.00212435 -0.251509 -0.00766361 0.999835 0.0171308 -0.0916722 -0.00198882 -0.0171446 0.999873 69.1999
0.999963 0.0108299 0.00177058 -0.258543 -0.0108619 0.999779 0.0186342 -0.0881727 -0.00156386 -0.0186532 0.999848 70.6149
0.999904 0.0149062 0.00362141 -0.269693 -0.0149769 0.999699 0.0200194 -0.0844839 -0.003317 -0.0200697 0.999816 72.0203
0.999866 0.0172212 0.0038864 -0.286158 -0.0172931 0.999679 0.0191434 -0.0677435 -0.00355124 -0.0192085 0.999832 73.4404
0.999781 0.0214926 0.00455532 -0.293115 -0.021574 0.99961 0.0183922 -0.0635796 -0.00415345 -0.0184841 0.999843 74.8457
0.999761 0.0220698 0.00620367 -0.296198 -0.0221825 0.999592 0.018589 -0.0562968 -0.00578667 -0.0187224 0.99983 76.2283
0.999771 0.0217437 0.00565599 -0.296718 -0.0218496 0.999589 0.0192267 -0.0558298 -0.00523063 -0.0193436 0.999822 77.6312
0.999788 0.0199987 0.00854007 -0.285052 -0.0201463 0.999656 0.0174636 -0.0470493 -0.00818396 -0.0176322 0.999834 79.0159
0.999805 0.0196317 0.00739185 -0.281297 -0.0197586 0.999667 0.0173924 -0.0387176 -0.00704299 -0.0175325 0.999845 80.4131
0.999825 0.0185521 0.0073511 -0.285121 -0.0186659 0.999715 0.0155962 -0.0257629 -0.00705556 -0.0157311 0.999874 81.8512
0.999832 0.0175172 0.00889338 -0.265649 -0.0176551 0.999735 0.0155671 -0.0280824 -0.00861358 -0.0157188 0.999863 83.2239
0.999853 0.0173592 0.00652294 -0.249671 -0.0174539 0.999753 0.0145867 -0.0397308 -0.00626416 -0.0146984 0.999895 84.6822
0.99985 0.0173857 0.0068976 -0.251797 -0.0174887 0.999747 0.0150027 -0.0332254 -0.00663025 -0.0151186 0.999887 86.0344
0.999902 0.015325 0.00337959 -0.242719 -0.0153699 0.999803 0.0134677 -0.0267496 -0.00316829 -0.0135183 0.999927 87.48
0.999941 0.012736 0.00285278 -0.248741 -0.0127754 0.999836 0.01384 -0.0381854 -0.00267121 -0.0138729 0.999924 88.8631
0.999978 0.00930671 0.0030335 -0.244763 -0.00934681 0.999881 0.0131794 -0.0383279 -0.00290598 -0.0132075 0.999932 90.2575
0.999991 0.00843994 0.00123681 -0.243258 -0.0084571 0.999886 0.0134613 -0.0383252 -0.00111805 -0.0134691 0.999933 91.6387
0.999997 0.00745369 0.00145119 -0.249227 -0.00747377 0.99989 0.0136606 -0.0322997 -0.00134437 -0.0136712 0.99993 92.9773
