1 0 0 0 0 1 0 0 0 0 1 0
1 -0.000166768 -0.000109949 -0.00446861 0.000167064 0.999999 0.00144973 -0.0200606 0.00010981 -0.00145013 1 1.31533
1 -0.000424473 0.000514289 -0.00954844 0.00042342 0.999998 0.00213966 -0.021857 -0.000514872 -0.00213951 0.999998 2.62655
0.999999 -0.00164146 0.000217842 -0.0162091 0.0016413 0.999998 0.00121342 -0.0524952 -0.000219482 -0.00121337 1 3.98519
0.999999 -0.00156868 0.0014607 -0.0325087 0.0015667 0.999998 0.00136221 -0.0680432 -0.00146243 -0.00135999 0.999999 5.33258
1 -0.00150106 0.000813121 -0.0310187 0.00149931 0.999997 0.00226667 -0.0714923 -0.000816088 -0.00226585 0.999998 6.65001
0.999996 -0.00340272 0.00114852 -0.0412717 0.00339877 0.999989 0.00345368 -0.0955459 -0.00115976 -0.00344983 0.999994 7.98681
0.999996 -0.00326618 0.0011485 -0.0551646 0.00326235 0.999989 0.00343869 -0.0932717 -0.0011592 -0.00343534 0.999995 9.33627
0.999999 -0.0026132 6.01791e-05 -0.0580072 0.00261298 0.999997 0.00226718 -0.113108 -6.52494e-05 -0.00226716 0.999999 10.6661
1 -0.00017674 0.000756508 -0.0690312 0.000176711 1 0.000155933 -0.0976261 -0.000755539 -0.000156342 1 12.0001
1 0.00250064 0.000786573 -0.0835947 -0.00250019 1 -0.000581192 -0.13365 -0.000786859 0.000579141 1 13.3578
0.999986 0.00561933 0.00090097 -0.0948307 -0.00561871 0.999985 -0.000803039 -0.142218 -0.000904216 0.000797595 1 14.7113
0.999986 0.00571429 0.00181459 -0.105947 -0.00571334 0.999986 -0.000535982 -0.134448 -0.00181611 0.000525667 1 16.0537
0.999992 0.00450435 0.00149199 -0.0987968 -0.00450867 0.999987 0.0028129 -0.144997 -0.00147749 -0.00281984 0.999997 17.4252
1 0.000622216 0.00298186 -0.0972032 -0.000637637 0.999989 0.00517626 -0.158979 -0.00297618 -0.00517799 0.999986 18.7706
1 0.000479583 0.00133543 -0.085601 -0.000486848 0.999988 0.00525811 -0.138885 -0.00133041 -0.00525897 0.99999 20.1212
1 0.00035176 0.00282977 -0.0793108 -0.000367945 0.99999 0.005632 -0.112407 -0.0028241 -0.00563251 0.999986 21.4657
1 0.0018531 0.00245379 -0.0788225 -0.00186604 0.999987 0.0052183 -0.106074 -0.00244075 -0.00522299 0.99999 22.8238
0.999995 0.00351938 0.00343709 -0.0853397 -0.0035396 0.999984 0.00585238 -0.084723 -0.00341193 -0.00586364 0.999984 24.1814
0.999986 0.00381616 0.00557507 -0.0896417 -0.00387503 0.999942 0.0105631 -0.0825107 -0.00553059 -0.0105849 0.999937 25.5301
0.999991 0.00351347 0.004776 -0.0831582 -0.0035689 0.999932 0.0116338 -0.0892432 -0.00473033 -0.0116498 0.99993 26.9068
0.999992 0.000979834 0.0059197 -0.0789171 -0.00104728 0.999941 0.011381 -0.113715 -0.00590447 -0.0113877 0.999927 28.2504
0.999998 0.00105831 0.00480041 -0.0829173 -0.00110262 0.999964 0.00924732 -0.126845 -0.00478609 -0.00925154 0.999957 29.6341
0.999985 0.00123831 0.00708695 -0.0789495 -0.00129989 0.999968 0.00870544 -0.14358 -0.00707231 -0.00871513 0.999948 30.9903
0.999985 0.00287893 0.00664013 -0.0859687 -0.00293634 0.999965 0.00864031 -0.15137 -0.00661055 -0.00865868 0.999952 32.3848
0.999979 0.00369334 0.00720754 -0.0823044 -0.00374971 0.999971 0.00783008 -0.162648 -0.00717482 -0.00785751 0.999955 33.7685
0.99998 0.00435437 0.00658385 -0.0670194 -0.00440475 0.999968 0.0076551 -0.161468 -0.00654581 -0.00768275 0.999961 35.1539
0.999997 0.00363416 0.00435597 -0.0671278 -0.00368078 0.999944 0.0107624 -0.178701 -0.00431305 -0.0107789 0.999945 36.5924
0.999991 0.00402719 0.00509751 -0.0717503 -0.00409517 0.999908 0.0134081 -0.174625 -0.00503856 -0.0134275 0.999909 37.9921
0.999983 0.00731798 0.00260092 -0.0685627 -0.00734585 0.999921 0.0109555 -0.155829 -0.00251697 -0.0109748 0.999949 39.4119
0.999967 0.0090718 0.00311968 -0.0867501 -0.00910717 0.9999 0.011487 -0.157597 -0.0030109 -0.0115134 0.999942 40.7998
0.999955 0.0102227 0.00385915 -0.0938705 -0.0102672 0.999889 0.0116462 -0.149158 -0.00373583 -0.0116854 0.999939 42.2031
0.999955 0.0105183 0.00242815 -0.0992943 -0.0105464 0.999882 0.0118972 -0.140188 -0.00229781 -0.0119208 0.999941 43.6312
0.99996 0.00976357 0.00369837 -0.10657 -0.00980847 0.999887 0.012274 -0.14593 -0.00357402 -0.0123099 0.999934 45.0241
0.999969 0.00929731 0.00211296 -0.106157 -0.00932152 0.999896 0.0117772 -0.138692 -0.00199801 -0.0117948 0.999945 46.4306
0.999977 0.00846294 0.00190937 -0.118386 -0.0084841 0.999912 0.0111646 -0.125073 -0.00181047 -0.0111806 0.999952 47.8649
0.999979 0.00839941 -0.000455079 -0.128927 -0.00839383 0.999907 0.0115778 -0.12291 0.000557669 -0.0115717 0.999949 49.2929
0.999979 0.00828547 -0.00169177 -0.14727 -0.00826463 0.999902 0.0121955 -0.124858 0.00179693 -0.0121814 0.99994 50.7207
0.999977 0.0085866 -0.000988434 -0.15559 -0.00857358 0.999889 0.0129202 -0.121468 0.00110481 -0.0129093 0.999933 52.1276
0.999969 0.00902174 -0.00338184 -0.16922 -0.00897416 0.999874 0.0139477 -0.11409 0.00351151 -0.013917 0.999916 53.5688
0.999974 0.00877284 -0.00274164 -0.180298 -0.00873123 0.999857 0.0150906 -0.107279 0.00287929 -0.0150638 0.9999 54.9916
0.999969 0.00878095 -0.00442109 -0.186604 -0.00871281 0.999854 0.0153433 -0.0979104 0.00455942 -0.0153045 0.999892 56.4303
0.999975 0.00764398 -0.00508896 -0.200541 -0.00756637 0.999865 0.0152439 -0.0943164 0.00521027 -0.0152026 0.99989 57.8544
0.999986 0.00693369 -0.00411544 -0.204091 -0.0068703 0.999867 0.0154583 -0.0969466 0.00422625 -0.0154304 0.999893 59.2768
0.999994 0.0055026 -0.00447119 -0.212581 -0.0054322 0.99987 0.0158412 -0.0959963 0.0045633 -0.0158141 0.999885 60.7051
1 0.00562227 -0.00234218 -0.220343 -0.00558527 0.999867 0.015968 -0.0811329 0.00243596 -0.0159551 0.999892 62.1073
1.00001 0.00470053 -0.0020984 -0.217939 -0.00466826 0.999877 0.0157135 -0.100154 0.00217725 -0.0157012 0.999895 63.5513
1.00001 0.00445232 -0.00169901 -0.222055 -0.00442715 0.999885 0.0151572 -0.095085 0.00177037 -0.0151502 0.999906 64.9704
1.00001 0.00459536 0.000776679 -0.24008 -0.00460793 0.999887 0.0150665 -0.0946301 -0.000702479 -0.0150679 0.999908 66.3676
1.00001 0.00576981 0.000205146 -0.248448 -0.0057733 0.999875 0.0154592 -0.0907006 -0.000111692 -0.0154607 0.999904 67.7902
0.99999 0.00762685 0.00212435 -0.251509 -0.00766361 0.999835 0.0171308 -0.0916722 -0.00198882 -0.0171446 0.999873 69.1999
0.999963 0.0108299 0.00177058 -0.258543 -0.0108619 0.999779 0.0186342 -0.0881727 -0.00156386 -0.0186532 0.999848 70.6149
0.999904 0.0149062 0.00362141 -0.269693 -0.0149769 0.999699 0.0200194 -0.0844839 -0.003317 -0.0200697 0.999816 72.0203
0.999866 0.0172212 0.0038864 -0.286158 -0.0172931 0.999679 0.0191434 -0.0677435 -0.00355124 -0.0192085 0.999832 73.4404
0.999781 0.0214926 0.00455532 -0.293115 -0.021574 0.99961 0.0183922 -0.0635796 -0.00415345 -0.0184841 0.999843 74.8457
0.999761 0.0220698 0.00620367 -0.296198 -0.0221825 0.999592 0.018589 -0.0562968 -0.00578667 -0.0187224 0.99983 76.2283
0.999771 0.0217437 0.00565599 -0.296718 -0.0218496 0.999589 0.0192267 -0.0558298 -0.00523063 -0.0193436 0.999822 77.6312
0.999788 0.0199987 0.00854007 -0.285052 -0.0201463 0.999656 0.0174636 -0.0470493 -0.00818396 -0.0176322 0.999834 79.0159
0.999805 0.0196317 0.00739185 -0.281297 -0.0197586 0.999667 0.0173924 -0.0387176 -0.00704299 -0.0175325 0.999845 80.4131
0.999825 0.0185521 0.0073511 -0.285121 -0.0186659 0.999715 0.0155962 -0.0257629 -0.00705556 -0.0157311 0.999874 81.8512
0.999832 0.0175172 0.00889338 -0.265649 -0.0176551 0.999735 0.0155671 -0.0280824 -0.00861358 -0.0157188 0.999863 83.2239
0.999853 0.0173592 0.00652294 -0.249671 -0.0174539 0.999753 0.0145867 -0.0397308 -0.00626416 -0.0146984 0.999895 84.6822
0.99985 0.0173857 0.0068976 -0.251797 -0.0174887 0.999747 0.0150027 -0.0332254 -0.00663025 -0.0151186 0.999887 86.0344
0.999902 0.015325 0.00337959 -0.242719 -0.0153699 0.999803 0.0134677 -0.0267496 -0.00316829 -0.0135183 0.999927 87.48
0.999941 0.012736 0.00285278 -0.248741 -0.0127754 0.999836 0.01384 -0.0381854 -0.00267121 -0.0138729 0.999924 88.8631
0.999978 0.00930671 0.0030335 -0.244763 -0.00934681 0.999881 0.0131794 -0.0383279 -0.00290598 -0.0132075 0.999932 90.2575
0.999991 0.00843994 0.00123681 -0.243258 -0.0084571 0.999886 0.0134613 -0.0383252 -0.00111805 -0.0134691 0.999933 91.6387
0.999997 0.00745369 0.00145119 -0.249227 -0.00747377 0.99989 0.0136606 -0.0322997 -0.00134437 -0.0136712 0.99993 92.9773
1 0.00696197 0.000676572 -0.252936 -0.00697181 0.999895 0.013672 -0.0263532 -0.000576322 -0.0136742 0.999932 94.3543
0.999997 0.00770153 0.000952717 -0.263926 -0.00771397 0.9999 0.0127447 -0.0168881 -0.000849724 -0.0127519 0.999943 95.7313
0.999998 0.00766303 0.000310383 -0.267512 -0.00766772 0.999903 0.012666 -0.0259983 -0.000207864 -0.0126658 0.999945 97.1137
1.00001 0.00659614 0.000633179 -0.276877 -0.00660467 0.999914 0.0124111 -0.0289998 -0.000546161 -0.0124152 0.999948 98.5004
1.00001 0.00661328 0.00125881 -0.291545 -0.00662851 0.999926 0.0114372 -0.0319938 -0.00117719 -0.011443 0.99996 99.8754
1 0.00665407 0.00154807 -0.300413 -0.00667409 0.999909 0.0126527 -0.0407497 -0.00145874 -0.0126632 0.999943 101.246
0.999998 0.00666338 0.00376247 -0.307054 -0.00671375 0.999903 0.0132029 -0.0389111 -0.00366794 -0.0132253 0.999931 102.58
1.00001 0.00620929 0.0022357 -0.313306 -0.00623727 0.999916 0.0122683 -0.053553 -0.00215434 -0.0122825 0.999948 103.96
1.00001 0.00609887 0.00287148 -0.319625 -0.00613066 0.999936 0.0107715 -0.0517806 -0.00279897 -0.0107866 0.999964 105.304
1.00001 0.00564858 0.00332641 -0.327504 -0.0056816 0.99995 0.00960241 -0.0577227 -0.00326679 -0.00962121 0.999975 106.611
1.00002 0.0026189 0.00307326 -0.326921 -0.0026513 0.999958 0.0101452 -0.0603845 -0.00303961 -0.0101509 0.999971 107.968
1.00002 0.000833656 0.00412632 -0.324216 -0.000882344 0.999947 0.0115022 -0.0614456 -0.00411122 -0.0115058 0.999953 109.273
1.00002 -0.000742108 0.00464421 -0.322547 0.000684423 0.999939 0.0121509 -0.0673568 -0.00464584 -0.0121451 0.999943 110.622
1.00002 -0.00111997 0.00559725 -0.317768 0.00105484 0.999948 0.0114344 -0.0767989 -0.00560411 -0.0114285 0.999947 111.953
1 0.000544954 0.00757866 -0.321563 -0.000620774 0.999966 0.00984877 -0.0804248 -0.0075656 -0.00985053 0.999951 113.27
0.999993 0.00177207 0.00876036 -0.322708 -0.00185074 0.999974 0.00884318 -0.0907095 -0.00873886 -0.00885891 0.999952 114.637
0.999968 0.00395068 0.010499 -0.323624 -0.00403901 0.999973 0.00829606 -0.0937252 -0.0104584 -0.00833504 0.99994 115.962
0.999947 0.00547682 0.0118053 -0.316755 -0.00560373 0.999943 0.0106303 -0.0940804 -0.0117407 -0.0106953 0.999904 117.324
0.99992 0.00532136 0.0140355 -0.30735 -0.00549679 0.999924 0.0123979 -0.0955288 -0.0139604 -0.0124708 0.999855 118.636
0.999925 0.00602477 0.0133529 -0.300498 -0.00619921 0.999911 0.0129678 -0.0990968 -0.0132678 -0.0130489 0.999857 120.004
0.999898 0.00713735 0.0147383 -0.288579 -0.00731687 0.999916 0.0120767 -0.0931377 -0.0146428 -0.01218 0.999848 121.354
0.999867 0.00842678 0.0161335 -0.269976 -0.00861086 0.999914 0.0112913 -0.105555 -0.0160313 -0.0114281 0.999836 122.674
0.999845 0.0101994 0.0165094 -0.260385 -0.0103838 0.999902 0.0110488 -0.107384 -0.016387 -0.011215 0.999833 124.028
0.999796 0.0111448 0.0186934 -0.242203 -0.0113502 0.999892 0.0108506 -0.105747 -0.0185645 -0.01106 0.999798 125.345
0.999769 0.0126157 0.0192635 -0.224078 -0.01282 0.99988 0.0104577 -0.108417 -0.0191213 -0.0106985 0.999791 126.715
0.999737 0.0120783 0.0211573 -0.19797 -0.0123051 0.999885 0.010569 -0.107849 -0.0210209 -0.0108261 0.999753 128.057
0.999683 0.0120414 0.0236208 -0.170175 -0.0123114 0.999878 0.0112672 -0.112478 -0.0234745 -0.011551 0.99969 129.38
0.999698 0.0110676 0.0234102 -0.150125 -0.0113443 0.999885 0.0116677 -0.107645 -0.0232719 -0.0119294 0.999691 130.739
0.99965 0.0111538 0.0253835 -0.120466 -0.0114605 0.999881 0.0119183 -0.118109 -0.0252398 -0.0122016 0.99964 132.064
0.999649 0.0106089 0.0255928 -0.0945147 -0.0109183 0.999886 0.0119398 -0.127665 -0.0254566 -0.0122147 0.999634 133.444
0.999672 0.00897382 0.0253929 -0.0630928 -0.0092878 0.999902 0.0122241 -0.136043 -0.0252728 -0.0124525 0.999636 134.78
0.999697 0.00604836 0.0252906 -0.0312356 -0.00636548 0.99992 0.0124333 -0.151304 -0.0252068 -0.0125904 0.999636 136.089
0.999747 0.00507737 0.023477 -0.0105605 -0.00536848 0.999929 0.0123011 -0.155486 -0.0234052 -0.0124206 0.999683 137.457
0.999759 0.0029737 0.0233327 0.0210292 -0.00326102 0.999939 0.01224 -0.165025 -0.0232885 -0.0123129 0.999687 138.779
0.999805 0.00159505 0.0215311 0.0439692 -0.00187628 0.999934 0.0129933 -0.166624 -0.0215015 -0.0130276 0.99972 140.137
0.999809 0.00125002 0.0213289 0.0678609 -0.00152444 0.999937 0.0128058 -0.15709 -0.0213054 -0.0128357 0.999727 141.46
0.99986 0.000967308 0.0189408 0.0805067 -0.00121566 0.999936 0.0130544 -0.156713 -0.0189197 -0.0130724 0.999774 142.813
0.999873 0.000844919 0.0181386 0.103496 -0.00106673 0.999947 0.0121768 -0.151484 -0.0181215 -0.0121944 0.999799 144.156
0.999871 -0.000998452 0.0184231 0.131434 0.000799959 0.999965 0.0107413 -0.149845 -0.0184261 -0.0107218 0.999812 145.487
0.999884 -0.00721301 0.0161639 0.152094 0.0070431 0.999944 0.0104773 -0.167889 -0.016233 -0.0103622 0.999855 146.843
0.999816 -0.0139177 0.0160611 0.185189 0.0137142 0.999848 0.0126495 -0.164967 -0.0162277 -0.0124238 0.99983 148.178
0.999784 -0.018339 0.0134166 0.211581 0.0181602 0.999772 0.0132408 -0.163388 -0.0136511 -0.0129941 0.999864 149.533
0.999743 -0.0212026 0.012325 0.232376 0.0210413 0.999716 0.0129751 -0.161093 -0.0125897 -0.0127094 0.999881 150.875
0.999721 -0.0212421 0.0139266 0.246306 0.0210992 0.999749 0.0102343 -0.16147 -0.0141353 -0.00993751 0.999892 152.272
0.999755 -0.020053 0.0134053 0.249021 0.0199393 0.999788 0.0084875 -0.150938 -0.0135658 -0.00821525 0.999915 153.624
0.999748 -0.0188898 0.0153454 0.264925 0.0187576 0.999812 0.00862595 -0.170562 -0.0155003 -0.0083359 0.999888 154.96
0.999673 -0.022444 0.0156355 0.271529 0.0222878 0.999725 0.00999569 -0.173654 -0.0158486 -0.0096408 0.99987 156.314
0.999536 -0.0275113 0.0162569 0.301527 0.0273008 0.999571 0.0129057 -0.179965 -0.0166 -0.0124556 0.999829 157.659
0.999391 -0.0316892 0.0176092 0.327787 0.0314371 0.999427 0.0143219 -0.184546 -0.0180456 -0.0137565 0.999785 158.992
0.999321 -0.0343272 0.0165169 0.352231 0.0340856 0.99934 0.0145409 -0.182776 -0.0169994 -0.0139673 0.999803 160.337
0.99931 -0.033407 0.0189497 0.37072 0.0331331 0.99937 0.0145115 -0.169869 -0.0194149 -0.0138708 0.999758 161.668
0.999431 -0.0295339 0.0190762 0.389457 0.0292528 0.999491 0.0147217 -0.164797 -0.019495 -0.0141545 0.999755 163.023
0.999479 -0.0260724 0.0214905 0.404592 0.0257787 0.999598 0.0137739 -0.162347 -0.0218331 -0.0132098 0.999718 164.352
0.999558 -0.0233361 0.0210222 0.4267 0.0230504 0.999669 0.0136123 -0.15574 -0.0213266 -0.0131207 0.999732 165.714
0.999572 -0.0221906 0.0216382 0.445281 0.0218853 0.999686 0.014194 -0.155051 -0.0219391 -0.0137113 0.99971 167.071
0.999594 -0.0204178 0.0223148 0.464448 0.0201038 0.999726 0.0140958 -0.146824 -0.022591 -0.0136405 0.999697 168.409
0.999665 -0.0185988 0.0207443 0.48672 0.0183468 0.999784 0.0122373 -0.140976 -0.0209612 -0.0118495 0.999758 169.786
0.999699 -0.0159356 0.02129 0.493256 0.0157393 0.999861 0.00924588 -0.137545 -0.0214293 -0.0089072 0.999777 171.101
0.999791 -0.0110272 0.0201525 0.498423 0.0108642 0.999936 0.00814162 -0.133284 -0.020235 -0.00791779 0.999813 172.484
0.99982 -0.00704565 0.0204348 0.511938 0.00684749 0.999959 0.00965478 -0.128507 -0.0204971 -0.00951235 0.999793 173.853
0.999799 -0.00500695 0.022088 0.532275 0.00475324 0.999952 0.0114901 -0.126222 -0.0221383 -0.0113795 0.99974 175.22
0.999818 -0.00518747 0.0211558 0.554487 0.00490367 0.999928 0.0133465 -0.123964 -0.0212185 -0.0132393 0.999737 176.602
0.999898 -0.00699222 0.0162905 0.555176 0.00676108 0.999907 0.0141552 -0.121385 -0.0163819 -0.0140402 0.999818 178.035
0.999919 -0.00932266 0.0136958 0.57823 0.00911087 0.999871 0.0152922 -0.121212 -0.013832 -0.015165 0.999839 179.415
0.999911 -0.00999712 0.0137413 0.594049 0.00984432 0.99992 0.0110563 -0.107181 -0.0138443 -0.0109165 0.999896 180.785
0.99994 -0.00912795 0.0122622 0.610678 0.00904469 0.999967 0.00664383 -0.100516 -0.0123173 -0.00653158 0.999954 182.161
0.999968 -0.006234 0.0117214 0.634661 0.00617985 1 0.00453605 -0.100647 -0.0117431 -0.00445993 0.999972 183.526
0.999962 -0.00338737 0.0133113 0.646271 0.00331207 1.00001 0.00553137 -0.121391 -0.0133251 -0.00548632 0.999948 184.88
0.999981 -0.00171303 0.0120939 0.652723 0.00161064 0.999996 0.00836353 -0.123802 -0.0121015 -0.00834039 0.999944 186.29
1.00002 -0.00280895 0.0080141 0.645933 0.00274909 1 0.00723635 -0.113866 -0.00802943 -0.00721371 0.999994 187.718
1.00002 -0.0032833 0.00730725 0.653386 0.00322538 0.999997 0.00774057 -0.111752 -0.00732639 -0.00771372 0.999997 189.135
1.00001 -0.00571279 0.00736269 0.661283 0.00564802 0.99998 0.00851273 -0.116192 -0.00740605 -0.00847056 0.99999 190.538
0.999975 -0.00963405 0.00856276 0.668875 0.00955063 0.999941 0.00955703 -0.128661 -0.00864782 -0.00947158 0.999972 191.917
0.999979 -0.0102039 0.00737388 0.675624 0.0101309 0.999936 0.0095693 -0.150739 -0.00746566 -0.0094935 0.999982 193.359
0.999955 -0.011108 0.00918546 0.681614 0.0110129 0.99992 0.0101889 -0.138479 -0.00929124 -0.010084 0.999961 194.753
0.999912 -0.015155 0.00804502 0.693603 0.0150567 0.999851 0.0118554 -0.144395 -0.00821751 -0.0117324 0.999954 196.185
0.999884 -0.0168016 0.00824469 0.701555 0.0166891 0.999804 0.0133628 -0.165998 -0.00846081 -0.0132202 0.999933 197.582
0.999924 -0.0149929 0.00699412 0.699448 0.0149196 0.999873 0.0100869 -0.166896 -0.00713854 -0.00998087 0.999982 199.026
0.999999 -0.00794201 0.00759645 0.694691 0.0078939 0.999984 0.00619073 -0.163102 -0.00763845 -0.00612747 1.00001 200.445
1.00001 0.0010029 0.0100534 0.685386 -0.00106345 1.00002 0.0058133 -0.16767 -0.0100415 -0.00582311 0.999992 201.85
1 0.00528702 0.00932651 0.665669 -0.00535964 0.99999 0.00768116 -0.160627 -0.00927868 -0.00772777 0.999985 203.334
0.999973 0.00694957 0.0114522 0.673207 -0.00708181 0.999947 0.0113683 -0.160969 -0.0113665 -0.0114479 0.99993 204.775
1 0.00533707 0.00970121 0.680149 -0.0054462 0.999956 0.0111606 -0.171947 -0.00963409 -0.0112097 0.999949 206.227
1.00002 0.00293319 0.00876417 0.692954 -0.00303762 0.999963 0.0116884 -0.169138 -0.0087236 -0.0117142 0.999951 207.669
1.00002 0.00159553 0.00867022 0.707147 -0.00169936 0.999962 0.0118546 -0.167917 -0.00864375 -0.0118655 0.99995 209.114
1.00003 0.00271528 0.00732494 0.706416 -0.00279729 0.999973 0.0109019 -0.158914 -0.00728938 -0.0109219 0.999973 210.59
1.00003 0.00289564 0.00815225 0.708977 -0.00298485 0.999972 0.0108372 -0.164726 -0.00811342 -0.0108576 0.999967 212.02
1.00003 0.0045934 0.00687174 0.706025 -0.00467649 0.999957 0.0118129 -0.1639 -0.00681116 -0.0118445 0.999968 213.503
1.00004 0.00417704 0.00640982 0.705106 -0.00426052 0.999943 0.01292 -0.155993 -0.00634848 -0.0129434 0.999957 214.961
1.00003 0.00472644 0.00666426 0.724468 -0.00480708 0.999956 0.0118391 -0.158273 -0.00660225 -0.0118707 0.99997 216.421
1.00004 0.00502296 0.00521751 0.723784 -0.00508501 0.999954 0.0117755 -0.156344 -0.00515138 -0.0117983 0.999979 217.915
1.00006 0.00107742 0.00102537 0.782755 -0.0010897 0.999988 0.00999517 -0.155015 -0.00100911 -0.00999627 1.00001 219.351
1.00006 0.00337374 -0.00101987 0.773483 -0.00336406 0.999974 0.0107317 -0.148387 0.00106223 -0.0107252 1.00001 220.837
1.00006 0.0030464 -0.000514803 0.765598 -0.00304308 0.99998 0.0103503 -0.155794 0.000551711 -0.0103489 1.00001 222.301
1.00006 0.00262913 -0.00197236 0.768616 -0.00261094 0.999986 0.0099095 -0.146449 0.00200453 -0.00990132 1.00001 223.817
1.00004 0.00177877 -0.00756511 0.775094 -0.00171557 1 0.00865351 -0.138212 0.0075856 -0.00864033 0.999998 225.32
1.00004 0.0013777 -0.00687008 0.746015 -0.00132483 1.00001 0.00793926 -0.149803 0.00688703 -0.00792671 1.00001 226.822
1.00004 0.00119968 -0.00766737 0.731321 -0.00114359 1.00001 0.00758039 -0.148696 0.00768217 -0.00757151 1.00001 228.314
1.00004 -0.000623705 -0.0068836 0.713608 0.000672716 1.00001 0.00735507 -0.16751 0.00688536 -0.00735619 1.00002 229.807
1.00004 0.00116255 -0.00768311 0.705111 -0.00110444 1.00001 0.00780994 -0.152373 0.00769842 -0.00780138 1.00001 231.309
1.00004 -0.000113764 -0.00753438 0.686588 0.000176879 1 0.008583 -0.157128 0.00754079 -0.00858082 1 232.797
1.00005 -0.000158172 -0.00643054 0.666748 0.000212569 1 0.00873608 -0.154065 0.00643561 -0.00873773 1.00001 234.28
1.00004 -1.02651e-05 -0.00761056 0.65615 7.51049e-05 1 0.008729 -0.155812 0.00761815 -0.00872594 1 235.78
1.00005 -0.000770388 -0.00614914 0.638537 0.000823517 1 0.0089197 -0.163052 0.00614859 -0.00892483 1.00001 237.282
1.00004 -0.00080135 -0.00753378 0.621422 0.000867143 1 0.00896734 -0.159535 0.00753422 -0.00897032 1 238.784
1.00005 -0.00174997 -0.00672877 0.600011 0.00181941 0.999985 0.0105464 -0.170102 0.00671632 -0.0105586 0.999993 240.292
1.00006 -0.00135436 -0.00472555 0.586736 0.00140607 0.999978 0.0113096 -0.170432 0.00471768 -0.0113127 0.999997 241.798
1.00006 -0.000666704 -0.00537999 0.566158 0.000722111 0.999987 0.0105428 -0.16637 0.00537887 -0.0105466 1 243.326
1.00007 -0.000661021 -0.00336916 0.560781 0.000687742 1.00001 0.00839636 -0.164907 0.00337089 -0.00839523 1.00003 244.851
1.00007 -7.39156e-05 -0.00412392 0.548058 0.000107858 1.00001 0.00846084 -0.164372 0.004129 -0.00846109 1.00003 246.374
1.00007 -0.000384544 -0.00398122 0.536833 0.00042074 1 0.00942138 -0.171027 0.00398479 -0.00941975 1.00002 247.9
1.00007 -0.000209793 -0.00311049 0.523134 0.0002384 0.999999 0.0094744 -0.166914 0.00311439 -0.00947525 1.00003 249.409
1.00007 -0.000368012 -0.00417329 0.514118 0.000407497 0.999997 0.00978538 -0.170845 0.00417696 -0.00978387 1.00002 250.943
1.00007 0.00049276 -0.00301819 0.495376 -0.000463537 0.999995 0.00993643 -0.172748 0.00302889 -0.00993515 1.00002 252.456
1.00007 0.000659924 -0.00410663 0.488986 -0.000621795 0.999999 0.00960439 -0.164974 0.0041202 -0.00959878 1.00002 253.996
1.00007 0.000649915 -0.00284546 0.478106 -0.00062265 0.999996 0.00987429 -0.16382 0.00285752 -0.00987253 1.00002 255.509
1.00007 -0.000180836 -0.00409892 0.467966 0.000219497 0.999999 0.00975468 -0.169829 0.00410429 -0.00975251 1.00002 257.063
1.00007 -0.000670194 -0.00407579 0.455738 0.00071046 0.999994 0.0100989 -0.158758 0.0040742 -0.0101019 1.00002 258.592
1.00008 -0.000742954 -0.00273566 0.449628 0.000769469 0.999996 0.0101544 -0.15191 0.00273495 -0.0101535 1.00002 260.113
1.00007 -0.000946917 -0.00404432 0.444458 0.00098704 0.999994 0.0101288 -0.150664 0.00403965 -0.010133 1.00002 261.654
1.00008 -0.00098008 -0.00319601 0.43417 0.00101083 0.999998 0.00998533 -0.152807 0.00319299 -0.0099858 1.00002 263.178
1.00007 -0.000811561 -0.00392406 0.443805 0.000850511 0.999994 0.010149 -0.145764 0.00392044 -0.0101525 1.00002 264.718
1.00007 -0.00317793 -0.00330126 0.435804 0.0032133 0.99998 0.0112376 -0.133585 0.00327208 -0.0112456 1.00001 266.257
1.00007 -0.00524063 -0.000779333 0.42649 0.00524699 0.999983 0.00999394 -0.145302 0.00073138 -0.00999839 1.00003 267.775
1.00007 -0.00549573 -0.00096232 0.420762 0.00550323 0.999986 0.0096871 -0.152956 0.000915788 -0.00968967 1.00003 269.307
1.00007 -0.00447067 0.00139656 0.412053 0.00445583 0.999991 0.00972342 -0.153733 -0.00143566 -0.00971757 1.00003 270.845
1.00007 -0.00279435 0.0028259 0.401212 0.00276539 0.999997 0.00960222 -0.166361 -0.00284601 -0.00959145 1.00003 272.397
1.00008 -0.00196547 0.00386275 0.39727 0.00192863 1 0.00928054 -0.164583 -0.00387644 -0.00927305 1.00003 273.937
1.00006 -0.0004234 0.00645379 0.387338 0.000357258 0.999996 0.00999756 -0.169721 -0.00645085 -0.00999187 1.00001 275.472
1.00006 -0.00106565 0.00701558 0.383937 0.00099991 1 0.00923401 -0.171152 -0.0070205 -0.00922647 1.00002 277.019
1.00004 -0.000113948 0.00984924 0.382857 1.92121e-05 1 0.00944585 -0.173042 -0.00984285 -0.00944201 0.99999 278.55
1.00004 -0.000876138 0.0094425 0.393004 0.000787844 1.00001 0.0092415 -0.165259 -0.0094453 -0.00923362 0.999996 280.1
1.00003 -0.00124214 0.010555 0.400533 0.00113895 1 0.00961152 -0.167843 -0.0105594 -0.00959574 0.999982 281.632
0.999987 -0.00256375 0.013776 0.41688 0.0024119 0.999986 0.0109481 -0.173989 -0.0137982 -0.0109137 0.99993 283.155
0.999992 -0.00341862 0.0132532 0.420549 0.00326239 0.999976 0.011643 -0.175858 -0.013285 -0.0115954 0.999929 284.699
0.999951 -0.00427783 0.0158172 0.444677 0.00412519 0.999995 0.00958762 -0.17742 -0.0158521 -0.00952087 0.999916 286.221
0.999986 -0.00403697 0.013582 0.464347 0.00391529 1 0.00882413 -0.185856 -0.0136098 -0.00876663 0.999953 287.782
0.999981 -0.00441298 0.013838 0.471391 0.00427061 0.999988 0.0102195 -0.175701 -0.0138768 -0.0101592 0.999939 289.3
0.999957 -0.00565257 0.0151462 0.485554 0.00548334 0.999973 0.0110496 -0.175839 -0.0151999 -0.0109616 0.999909 290.837
1 -0.00530054 0.0121262 0.499496 0.00517358 0.999983 0.0103832 -0.172405 -0.0121743 -0.0103195 0.999961 292.401
0.999981 -0.00498359 0.013697 0.516841 0.00484402 0.999988 0.0100486 -0.171093 -0.0137385 -0.00997771 0.999942 293.941
1.00001 -0.00455389 0.0116803 0.528493 0.00442938 0.999985 0.0105732 -0.168058 -0.0117215 -0.0105208 0.999965 295.526
1.00002 -0.00496883 0.0101466 0.53122 0.00486038 0.999983 0.0104645 -0.166148 -0.0101897 -0.0104109 0.99998 297.096
1.00001 -0.00459784 0.0116667 0.546398 0.0044671 0.999979 0.0111041 -0.163119 -0.0117107 -0.0110511 0.99996 298.648
1.00004 -0.00341961 0.00983716 0.552577 0.00329542 0.999969 0.0124036 -0.157704 -0.00987014 -0.0123669 0.999963 300.239
1.00001 -0.0028553 0.012354 0.565503 0.00269652 0.999967 0.012751 -0.157011 -0.0123832 -0.0127165 0.999932 301.804
1.00001 -0.00131251 0.0125667 0.574566 0.00115281 0.999972 0.0125516 -0.17678 -0.0125735 -0.0125325 0.999932 303.384
1 -0.00248047 0.0129475 0.59498 0.00230065 0.999954 0.0138036 -0.163526 -0.0129745 -0.0137724 0.99991 304.938
0.999979 -0.00278739 0.014633 0.613632 0.00260003 0.999969 0.0126623 -0.153471 -0.0146586 -0.0126193 0.999904 306.509
0.999984 -0.00304665 0.014217 0.634379 0.00288285 0.999983 0.0114494 -0.162894 -0.014245 -0.011407 0.999924 308.106
0.999968 -0.00329189 0.0153889 0.650021 0.00313209 0.999995 0.0102527 -0.159216 -0.015413 -0.0101995 0.999921 309.707
1.00001 -0.00231082 0.0125792 0.669922 0.00217952 0.999998 0.010365 -0.167935 -0.0125962 -0.0103368 0.99996 311.315
1.00004 -0.00146899 0.010488 0.679996 0.00135079 0.999991 0.0110716 -0.166753 -0.0104949 -0.0110529 0.999976 312.925
1.00003 -0.000696752 0.0114587 0.682692 0.000540203 0.999962 0.013586 -0.152124 -0.011461 -0.013579 0.999935 314.532
1.00003 -0.00202133 0.011367 0.69907 0.00182999 0.999913 0.0166369 -0.143757 -0.0113904 -0.0166113 0.99989 316.17
1.00001 -0.00288648 0.012562 0.709508 0.0026766 0.999912 0.0166212 -0.128651 -0.012602 -0.0165864 0.999876 317.81
1.00002 -0.00336026 0.0117477 0.730605 0.00315575 0.9999 0.0171968 -0.118801 -0.0117951 -0.0171549 0.999877 319.444
1.00001 -0.00392229 0.011906 0.758998 0.00372582 0.999912 0.0164135 -0.121195 -0.0119625 -0.0163681 0.999888 321.08
1.00002 -0.00391221 0.0110794 0.772588 0.00371967 0.9999 0.0171412 -0.109405 -0.0111362 -0.0170953 0.999886 322.719
1.00002 -0.00380767 0.0117061 0.789563 0.00361405 0.999912 0.0164615 -0.0999756 -0.0117609 -0.0164181 0.99989 324.346
0.999993 -0.00324418 0.0139428 0.797321 0.00301511 0.999916 0.0162633 -0.0743054 -0.0139851 -0.016216 0.999865 325.956
0.999998 -0.00285432 0.0136334 0.817948 0.00263331 0.999921 0.0161641 -0.0678939 -0.0136714 -0.0161268 0.999871 327.583
0.999964 -0.00371791 0.0157805 0.83437 0.00342904 0.999883 0.0181512 -0.0585584 -0.0158367 -0.0180913 0.999806 329.189
0.999952 -0.00608857 0.015846 0.85895 0.00579975 0.999873 0.018167 -0.0418578 -0.0159475 -0.0180728 0.999804 330.86
0.999951 -0.00629313 0.0158795 0.881201 0.00601011 0.999881 0.0176519 -0.027003 -0.0159791 -0.0175506 0.999813 332.472
0.999921 -0.00580173 0.0178009 0.896383 0.00545818 0.999854 0.0192485 -0.00598758 -0.0179026 -0.0191482 0.999751 334.082
0.999948 -0.00497811 0.0165801 0.916591 0.00469196 0.999898 0.0171034 0.0199533 -0.0166538 -0.0170199 0.999812 335.698
0.999942 -0.0028068 0.0173541 0.931398 0.00252404 0.999919 0.0162588 0.0104776 -0.0173908 -0.0162126 0.999812 337.284
0.999981 -0.00214298 0.0152899 0.956875 0.00187522 0.999904 0.0173416 0.0315093 -0.0153159 -0.0173075 0.999829 338.897
0.999986 -0.00162775 0.0148428 0.976128 0.00131944 0.999839 0.0207246 0.0477177 -0.0148665 -0.020703 0.99977 340.514
0.999982 -0.0010677 0.0153495 0.994426 0.000709503 0.999788 0.0231547 0.0503196 -0.0153611 -0.023138 0.999711 342.102
1.00002 0.000432957 0.0124177 1.01787 -0.000723252 0.999782 0.0233536 0.0788689 -0.0123972 -0.0233615 0.999746 343.747
1.00003 0.000487711 0.0118167 1.02625 -0.000776454 0.999762 0.0242218 0.105393 -0.0117924 -0.024226 0.999735 345.326
1.00006 0.000368484 0.0086966 1.04575 -0.000591023 0.999729 0.02557 0.129162 -0.00867721 -0.025575 0.999733 346.962
1.00007 -0.000690794 0.00747182 1.06018 0.000487782 0.999697 0.0267996 0.14749 -0.00747822 -0.0267922 0.999712 348.564
1.00007 -0.0013376 0.00786903 1.06587 0.00111905 0.999671 0.02769 0.177322 -0.00789597 -0.0276812 0.999684 350.131
1.00009 -0.00098807 0.00534844 1.07787 0.000837144 0.999672 0.0277013 0.218029 -0.00536448 -0.0276934 0.999701 351.785
1.00008 -0.00110662 0.00628711 1.07887 0.000930756 0.999667 0.027868 0.247214 -0.00630856 -0.0278622 0.999691 353.347
1.00008 -0.00203295 0.0052568 1.08107 0.00188341 0.999668 0.0278057 0.277498 -0.0053019 -0.0277925 0.999699 354.966
1.00008 -0.0027285 0.00541023 1.084 0.00257672 0.999666 0.0278511 0.294505 -0.00547731 -0.0278372 0.999698 356.554
1.00009 -0.0015828 0.00532463 1.07197 0.00144322 0.999727 0.0256357 0.306733 -0.00535397 -0.0256247 0.999757 358.197
1.00009 -0.00193845 0.00441438 1.07554 0.00182255 0.999713 0.0261197 0.332958 -0.00445669 -0.0261118 0.999749 359.801
1.00009 -0.00256431 0.00483158 1.07475 0.00243728 0.999726 0.0256151 0.356477 -0.00488619 -0.0256001 0.999761 361.38
1.00009 -0.00374716 0.0033028 1.07325 0.00366239 0.99973 0.0252889 0.354319 -0.00338962 -0.025277 0.999776 363.013
1.00008 -0.00573937 0.00308837 1.07662 0.00565177 0.999681 0.0268824 0.391712 -0.00323196 -0.0268617 0.999735 364.609
1.00007 -0.00660638 0.00446141 1.07617 0.00647833 0.999642 0.0281124 0.406638 -0.00463842 -0.0280835 0.999697 366.183
1.00007 -0.00692586 0.00346909 1.08174 0.00682387 0.999646 0.0278976 0.430194 -0.00365164 -0.0278703 0.999707 367.788
1.00007 -0.00584258 0.00489689 1.07991 0.00570319 0.999651 0.0279848 0.449222 -0.00505155 -0.0279574 0.999699 369.363
1.00008 -0.00496363 0.00424395 1.08022 0.00483526 0.999619 0.0292293 0.483203 -0.0043779 -0.0292054 0.999667 370.974
1.00008 -0.00398278 0.0055075 1.07277 0.00381017 0.999572 0.0310052 0.496345 -0.00562143 -0.030985 0.999607 372.567
1.00009 -0.00393126 0.00428022 1.07538 0.00379199 0.999554 0.0315535 0.509656 -0.00439265 -0.0315342 0.999597 374.216
1.00009 -0.00402704 0.00422857 1.07775 0.00389246 0.999562 0.0313498 0.540602 -0.00434565 -0.0313344 0.999602 375.827
1.00008 -0.00366434 0.00608214 1.07372 0.00346897 0.999559 0.0314788 0.574011 -0.00618469 -0.0314545 0.99959 377.409
1.00009 -0.00323098 0.00528053 1.07928 0.00306189 0.999552 0.031755 0.619577 -0.00537319 -0.0317398 0.999585 379.029
1.00008 -0.00247853 0.00677965 1.07372 0.00225458 0.99953 0.0325488 0.632894 -0.00684675 -0.0325303 0.999552 380.626
1.00009 -0.00107264 0.00610354 1.07743 0.000868353 0.999504 0.0334041 0.672267 -0.00612859 -0.0333995 0.999529 382.257
1.00009 -0.000357984 0.00644135 1.08009 0.000137937 0.99949 0.033835 0.708562 -0.00643966 -0.0338313 0.999512 383.864
1.00007 0.000441833 0.00833618 1.08116 -0.000724469 0.999486 0.0339681 0.741101 -0.00830882 -0.0339743 0.999494 385.453
1.00008 0.00149538 0.00704424 1.0854 -0.00173844 0.99947 0.0343645 0.774022 -0.00697855 -0.0343737 0.99949 387.088
1.00007 0.00254023 0.00899254 1.08651 -0.00285725 0.99943 0.0354694 0.808769 -0.00888906 -0.0354947 0.999436 388.683
1.00007 0.00341135 0.00788998 1.0852 -0.0036937 0.999413 0.0358578 0.856075 -0.00775236 -0.0358834 0.999432 390.328
1.00007 0.00392827 0.0083475 1.09075 -0.00422764 0.999398 0.0362168 0.893557 -0.00819168 -0.0362512 0.999416 391.947
1.00006 0.00359953 0.00979866 1.09416 -0.00395968 0.999378 0.0368299 0.930748 -0.00964876 -0.0368645 0.999381 393.546
