1 0 0 0 0 1 0 0 0 0 1 0
0.999514 7.1665e-05 0.0311815 0.030186 -6.20937e-05 1 -0.000307923 -0.00226429 -0.0311815 0.000305838 0.999514 0.250348
0.998037 4.96914e-06 0.0626294 0.0702976 -9.71132e-05 0.999999 0.00146821 -0.00589128 -0.0626293 -0.00147141 0.998036 0.517385
0.995189 2.7942e-05 0.0979754 0.120867 -1.17863e-05 1 -0.000165475 -0.0113947 -0.0979754 0.000163524 0.995189 0.799338
0.991166 0.00086399 0.132627 0.183127 -0.000485193 0.999996 -0.00288841 -0.0185835 -0.132628 0.00279854 0.991162 1.09692
0.986412 0.00102309 0.164285 0.258481 -0.000716281 0.999998 -0.00192677 -0.0254274 -0.164287 0.00178292 0.986411 1.41192
0.980892 0.000724162 0.19455 0.346814 0.000203153 0.999989 -0.00474646 -0.0340568 -0.194552 0.00469528 0.980881 1.74517
0.974539 0.0014323 0.224213 0.450048 0.000228893 0.999973 -0.00738281 -0.0429617 -0.224217 0.00724616 0.974512 2.10128
0.967633 0.00171054 0.252356 0.572171 0.000730224 0.999954 -0.00957793 -0.0535671 -0.252361 0.0094522 0.967587 2.48872
0.964992 0.00495379 0.262234 0.728128 -0.00229277 0.999943 -0.0104525 -0.0601956 -0.26227 0.00948534 0.964948 2.92008
0.964444 0.0100102 0.264099 0.924151 -0.00657764 0.999882 -0.0138784 -0.0685717 -0.264206 0.0116478 0.964396 3.40434
0.963459 0.0129462 0.267542 1.17454 -0.00890603 0.999827 -0.016309 -0.0775891 -0.267707 0.0133303 0.963408 3.94968
0.963873 0.0138766 0.266001 1.4732 -0.0102561 0.999835 -0.0149954 -0.0822029 -0.266165 0.0117256 0.963856 4.56559
0.967061 0.0141509 0.254151 1.81421 -0.011244 0.999854 -0.0128867 -0.0844932 -0.254296 0.00960451 0.967079 5.26111
0.972233 0.0129825 0.233657 2.17736 -0.0108083 0.999885 -0.0105832 -0.0821672 -0.233768 0.00776385 0.972261 6.03228
0.978042 0.0113978 0.208096 2.53044 -0.00849024 0.999853 -0.0148598 -0.0905142 -0.208235 0.0127667 0.977995 6.8747
0.983314 0.00963857 0.181661 2.82635 -0.00616597 0.999787 -0.0196709 -0.0993754 -0.181812 0.0182225 0.983164 7.7872
0.987109 0.0130412 0.159516 3.06798 -0.00963913 0.99971 -0.0220828 -0.107193 -0.159758 0.0202605 0.986948 8.77422
0.989881 0.0134991 0.141261 3.25922 -0.0103486 0.999681 -0.0230134 -0.12428 -0.141526 0.0213187 0.989705 9.84509
0.991762 0.0146032 0.127265 3.41475 -0.0121949 0.999732 -0.0196819 -0.140665 -0.127518 0.0179678 0.991673 10.9848
0.993156 0.0137519 0.115988 3.56673 -0.0116448 0.999755 -0.018825 -0.1856 -0.116218 0.0173455 0.993072 12.1805
0.993635 0.0131904 0.11187 3.70816 -0.0111415 0.999759 -0.0189209 -0.23975 -0.112092 0.0175541 0.993543 13.4216
0.993599 0.0143309 0.112057 3.8497 -0.0120627 0.999709 -0.0208936 -0.289724 -0.112323 0.0194082 0.993482 14.7113
0.993411 0.0150614 0.113614 3.99263 -0.0128324 0.999711 -0.0203254 -0.34436 -0.113887 0.0187336 0.993317 16.0247
0.993402 0.0167529 0.113455 4.13455 -0.0145417 0.999688 -0.0202891 -0.390881 -0.113759 0.0185054 0.993336 17.3767
0.993359 0.016752 0.11383 4.28417 -0.0146042 0.9997 -0.0196758 -0.437234 -0.114125 0.0178827 0.993306 18.7393
0.993202 0.0170203 0.115157 4.44109 -0.0149874 0.999717 -0.0184961 -0.482911 -0.115439 0.0166444 0.993175 20.106
0.993383 0.0170141 0.113585 4.59601 -0.0152366 0.999748 -0.0164984 -0.530129 -0.113837 0.0146586 0.993391 21.4877
0.99324 0.0179986 0.114674 4.74823 -0.0163665 0.999751 -0.0151577 -0.571699 -0.114918 0.0131784 0.993288 22.8691
0.993374 0.0193488 0.113283 4.89958 -0.017766 0.99973 -0.0149646 -0.609198 -0.113542 0.0128529 0.99345 24.2524
0.993292 0.02027 0.113843 5.04771 -0.0187458 0.99972 -0.0144433 -0.646554 -0.114104 0.0122124 0.993394 25.634
0.993093 0.0208189 0.115472 5.19616 -0.0193828 0.99972 -0.0135459 -0.678076 -0.115721 0.0112142 0.993218 27.0143
0.993243 0.0210588 0.114129 5.34317 -0.0197207 0.999723 -0.0128409 -0.708144 -0.114368 0.0105034 0.993383 28.4004
0.993092 0.0209858 0.115447 5.4911 -0.0196449 0.999726 -0.0127407 -0.738204 -0.115683 0.0103848 0.993232 29.7737
0.993224 0.0215854 0.114196 5.6399 -0.0202547 0.999713 -0.0128004 -0.773715 -0.114439 0.0104007 0.993376 31.1534
0.993114 0.0217917 0.115104 5.78958 -0.020532 0.999716 -0.0121184 -0.8062 -0.115335 0.0096716 0.993279 32.538
0.993342 0.0224148 0.112998 5.94182 -0.0212392 0.999707 -0.0115969 -0.838182 -0.113224 0.00911969 0.993528 33.934
0.993416 0.0230711 0.112214 6.09478 -0.0219129 0.999693 -0.0115442 -0.868704 -0.112446 0.00900924 0.993617 35.3337
0.993323 0.0235302 0.112942 6.25576 -0.0224377 0.999688 -0.0109347 -0.903952 -0.113164 0.00832755 0.993541 36.7268
0.993467 0.0242059 0.111518 6.41279 -0.023267 0.999682 -0.00971361 -0.942374 -0.111718 0.00705548 0.993715 38.1188
0.993345 0.0240577 0.112636 6.57077 -0.023216 0.999692 -0.00877799 -0.970967 -0.112812 0.00610461 0.993597 39.5077
0.993503 0.0240859 0.111228 6.72387 -0.0232579 0.999691 -0.00873568 -1.00465 -0.111404 0.006092 0.993756 40.9061
0.993537 0.0232375 0.111102 6.87819 -0.0223909 0.99971 -0.00886171 -1.03701 -0.111275 0.00631678 0.993769 42.3093
0.993314 0.0235672 0.11301 7.0346 -0.0227312 0.999704 -0.00868107 -1.06124 -0.113181 0.00605419 0.993556 43.6968
0.993324 0.023559 0.112925 7.19585 -0.0227236 0.999704 -0.00867991 -1.08294 -0.113096 0.00605591 0.993565 45.0759
0.993062 0.0238403 0.115152 7.36107 -0.0230044 0.999699 -0.00858237 -1.12202 -0.115322 0.00587382 0.993311 46.4451
0.993068 0.023779 0.115111 7.5277 -0.0229074 0.999698 -0.00888836 -1.16622 -0.115287 0.00618986 0.993313 47.8268
0.993012 0.0235546 0.115637 7.69713 -0.0226033 0.999699 -0.00953135 -1.19973 -0.115827 0.00685096 0.993246 49.2176
0.992744 0.0237688 0.11787 7.86032 -0.0227328 0.99969 -0.010126 -1.22847 -0.118074 0.00737296 0.992977 50.6
0.992729 0.0247138 0.117807 8.01729 -0.0236903 0.999669 -0.0100804 -1.25796 -0.118017 0.00721628 0.992985 51.9848
0.99243 0.0265334 0.119908 8.17797 -0.0256918 0.999633 -0.00855929 -1.28633 -0.120091 0.00541385 0.992748 53.3728
0.992382 0.0294479 0.11963 8.33766 -0.0288026 0.99956 -0.00711941 -1.31319 -0.119787 0.00361952 0.992793 54.7712
0.992048 0.0329182 0.121477 8.49722 -0.032448 0.999456 -0.00584694 -1.34259 -0.121603 0.00185877 0.992577 56.1678
0.991962 0.0365006 0.12116 8.65241 -0.0361041 0.999333 -0.00546672 -1.36945 -0.121279 0.00104841 0.992618 57.5655
0.991777 0.0391948 0.121824 8.80747 -0.0388248 0.999232 -0.00541047 -1.39701 -0.121942 0.000636212 0.992537 58.9663
0.991585 0.0398112 0.123181 8.96751 -0.0394209 0.999207 -0.00560558 -1.42113 -0.123306 0.000702525 0.992368 60.3651
0.991599 0.0401144 0.122972 9.12817 -0.0397392 0.999195 -0.00550406 -1.44468 -0.123093 0.000571042 0.992395 61.759
0.991415 0.0397907 0.124549 9.29062 -0.0393925 0.999208 -0.00565988 -1.46904 -0.124675 0.000705021 0.992197 63.1441
0.991539 0.0396615 0.123602 9.45422 -0.0392059 0.999213 -0.00611719 -1.48853 -0.123748 0.00121949 0.992313 64.5244
0.991587 0.039442 0.123285 9.61618 -0.0389498 0.999221 -0.00640105 -1.51021 -0.123441 0.00154527 0.992351 65.9064
0.991549 0.0390075 0.123727 9.78277 -0.0385084 0.999238 -0.00642367 -1.53684 -0.123883 0.00160488 0.992295 67.2771
0.991705 0.0387942 0.122541 9.94866 -0.0382839 0.999246 -0.00651698 -1.56461 -0.122701 0.00177156 0.992442 68.6545
0.991624 0.0389639 0.123143 10.1165 -0.0384826 0.99924 -0.0062853 -1.59018 -0.123294 0.00149379 0.992369 70.0268
0.99187 0.0385883 0.121268 10.2792 -0.0381721 0.999255 -0.00575461 -1.6149 -0.121399 0.00107879 0.992603 71.4064
0.991958 0.0381384 0.120682 10.4419 -0.0378541 0.999273 -0.0046483 -1.6387 -0.120771 4.26112e-05 0.99268 72.7855
0.992052 0.036056 0.120552 10.6045 -0.0357861 0.99935 -0.00440438 -1.66307 -0.120632 5.53157e-05 0.992697 74.1614
0.992234 0.0350277 0.119351 10.767 -0.0347906 0.999387 -0.00407053 -1.68684 -0.119421 -0.000113383 0.992844 75.54
0.992211 0.0340962 0.119814 10.9327 -0.0338574 0.999419 -0.00402829 -1.70764 -0.119882 -5.96907e-05 0.992788 76.9146
0.992306 0.0335246 0.119188 11.0944 -0.0333098 0.999438 -0.00379444 -1.73027 -0.119248 -0.000204872 0.992864 78.2904
0.992172 0.0332152 0.120383 11.2527 -0.0329485 0.999448 -0.0042054 -1.75259 -0.120456 0.000206053 0.992718 79.6581
0.992183 0.03291 0.120372 11.4099 -0.0326337 0.999458 -0.00426694 -1.77589 -0.120447 0.000305415 0.992719 81.0212
0.992129 0.0331004 0.12077 11.5695 -0.0327867 0.999452 -0.00458435 -1.80152 -0.120855 0.000588634 0.99267 82.3809
0.991934 0.0333547 0.122292 11.7245 -0.0330505 0.999444 -0.00451591 -1.82653 -0.122375 0.000437668 0.992484 83.7326
0.991925 0.033278 0.122385 11.8813 -0.0331242 0.999446 -0.00329151 -1.85478 -0.122426 -0.000788972 0.992477 85.0801
0.991784 0.0326062 0.123697 12.0374 -0.0325295 0.999467 -0.00263978 -1.87896 -0.123717 -0.00140572 0.992316 86.4078
0.991889 0.0321668 0.122972 12.1936 -0.0320971 0.999482 -0.00254857 -1.90354 -0.12299 -0.00141914 0.992407 87.7418
0.991821 0.0321518 0.123523 12.3551 -0.0319974 0.999483 -0.00323405 -1.92587 -0.123563 -0.000744818 0.992336 89.0739
0.991635 0.0310563 0.125284 12.5064 -0.0308492 0.999518 -0.00359387 -1.95162 -0.125335 -0.000301109 0.992114 90.392
0.991769 0.0294737 0.124603 12.6716 -0.0294044 0.999565 -0.00239591 -1.97428 -0.12462 -0.00128769 0.992203 91.7195
0.991586 0.027548 0.126483 12.837 -0.0276222 0.999618 -0.00116733 -1.98912 -0.126466 -0.00233621 0.991968 93.0275
0.991746 0.0261952 0.12551 12.9983 -0.0264061 0.999651 1.64672e-05 -2.00353 -0.125465 -0.00333054 0.992092 94.3409
0.991721 0.0255486 0.125841 13.1548 -0.0257637 0.999668 8.19279e-05 -2.02465 -0.125797 -0.00332338 0.99205 95.6463
0.991467 0.0268879 0.127557 13.3109 -0.026877 0.999637 -0.00180697 -2.04727 -0.127559 -0.00163679 0.991829 96.9412
0.99145 0.0289795 0.127229 13.4685 -0.0288714 0.99958 -0.00269395 -2.07177 -0.127253 -0.00100235 0.991869 98.2562
0.99105 0.0306346 0.129926 13.6256 -0.0305366 0.99953 -0.0027475 -2.09863 -0.129949 -0.00124459 0.991519 99.5629
0.991089 0.0312277 0.129493 13.7906 -0.0314474 0.999505 -0.000348065 -2.11891 -0.129439 -0.00372724 0.99158 100.881
0.990738 0.030877 0.132228 13.9484 -0.0313805 0.999506 0.00172506 -2.13429 -0.13211 -0.00585846 0.991217 102.191
0.990778 0.030468 0.132028 14.1166 -0.0311702 0.999509 0.0032551 -2.14846 -0.131863 -0.00734039 0.99124 103.522
0.990572 0.0305015 0.133555 14.2888 -0.0311975 0.999509 0.00312151 -2.16049 -0.133394 -0.00725866 0.991036 104.852
0.990155 0.0313057 0.136432 14.463 -0.0320111 0.999483 0.00297852 -2.17788 -0.136268 -0.00731651 0.990645 106.167
0.990077 0.0329712 0.136602 14.6372 -0.0336595 0.99943 0.00273112 -2.19323 -0.136434 -0.00730196 0.990622 107.505
0.989692 0.0323782 0.139506 14.8159 -0.0330666 0.99945 0.00261856 -2.21413 -0.139344 -0.00720453 0.990217 108.828
0.989802 0.0320306 0.138801 14.9884 -0.0326713 0.999464 0.00233911 -2.23429 -0.138651 -0.00685004 0.990317 110.153
0.98975 0.0302456 0.139573 15.1663 -0.0308412 0.999522 0.00210607 -2.26267 -0.139442 -0.00638906 0.990209 111.462
0.989595 0.0292371 0.140877 15.3436 -0.0299392 0.999548 0.002866 -2.28733 -0.140729 -0.00705392 0.990023 112.748
0.989976 0.0260467 0.138818 15.5112 -0.0266985 0.99964 0.00283477 -2.32163 -0.138694 -0.00651258 0.990313 114.046
0.989968 0.0235767 0.139313 15.6717 -0.0242533 0.999701 0.003161 -2.3593 -0.139197 -0.00650809 0.990243 115.333
0.99025 0.0214409 0.13764 15.8421 -0.0221396 0.999749 0.003547 -2.3904 -0.137529 -0.0065597 0.990476 116.639
0.990391 0.0182306 0.137093 16.0125 -0.018919 0.999814 0.00371989 -2.42259 -0.136999 -0.00627779 0.990551 117.95
0.990431 0.0161224 0.137066 16.1859 -0.0167621 0.999854 0.00351359 -2.45402 -0.136989 -0.00577747 0.990555 119.255
0.990775 0.0139541 0.134801 16.3522 -0.0146183 0.999886 0.00393869 -2.48131 -0.13473 -0.00587291 0.990865 120.569
0.990863 0.0112592 0.134406 16.5213 -0.0119316 0.99992 0.0041979 -2.50354 -0.134347 -0.0057632 0.990917 121.88
0.991182 0.00951735 0.132166 16.6882 -0.0102467 0.999936 0.00483913 -2.52491 -0.132111 -0.00615071 0.991215 123.204
0.991244 0.00807508 0.1318 16.8547 -0.0087876 0.99995 0.00482521 -2.54274 -0.131754 -0.00594115 0.991264 124.53
0.991513 0.0078773 0.129773 17.018 -0.00855355 0.999953 0.00465433 -2.56197 -0.12973 -0.00572484 0.991533 125.866
0.991637 0.00762737 0.128836 17.1816 -0.00815709 0.999961 0.00358424 -2.57811 -0.128804 -0.00460518 0.991659 127.203
0.991653 0.00639837 0.128777 17.3484 -0.00681047 0.999973 0.00275991 -2.59393 -0.128756 -0.0036139 0.991669 128.534
0.991929 0.0022312 0.12678 17.5181 -0.00257989 0.999994 0.00258611 -2.61622 -0.126773 -0.00289231 0.991927 129.875
0.991935 -0.0052518 0.126638 17.6927 0.00465335 0.999977 0.0050209 -2.63497 -0.126661 -0.00439111 0.991936 131.213
0.992182 -0.0102924 0.124375 17.8639 0.00965315 0.999937 0.0057415 -2.65513 -0.124426 -0.00449601 0.992218 132.555
0.992316 -0.0124619 0.123101 18.0373 0.0120458 0.999919 0.00412409 -2.67369 -0.123142 -0.00260955 0.992385 133.902
0.992208 -0.011024 0.124103 18.2084 0.0108453 0.999939 0.0021154 -2.69501 -0.124119 -0.000752987 0.992267 135.252
0.992284 -0.0087456 0.123681 18.3728 0.00880548 0.999961 6.23499e-05 -2.71364 -0.123677 0.0010272 0.992322 136.607
0.992121 -0.00860324 0.124991 18.5385 0.00860641 0.999963 0.000514545 -2.73406 -0.12499 0.00056523 0.992157 137.962
0.992164 -0.0117975 0.124385 18.6992 0.0114832 0.999929 0.00324329 -2.75016 -0.124414 -0.00178954 0.992228 139.315
0.992022 -0.0165378 0.12498 18.8723 0.0159642 0.999857 0.00558925 -2.75654 -0.125055 -0.00354944 0.992143 140.661
0.99181 -0.0206835 0.126034 19.0398 0.019998 0.999778 0.0067019 -2.74987 -0.126144 -0.00412659 0.992003 141.991
0.992047 -0.0204083 0.124205 19.2181 0.0198361 0.999786 0.00584208 -2.72652 -0.124297 -0.00333188 0.992239 143.295
0.992014 -0.0164248 0.125056 19.3783 0.0158101 0.999858 0.0059061 -2.68428 -0.125135 -0.00388178 0.992132 144.572
0.99241 -0.0108677 0.122493 19.5143 0.0101907 0.999929 0.0061514 -2.66108 -0.122551 -0.00485641 0.99245 145.84
0.992352 -0.00477246 0.123348 19.6505 0.00417404 0.999978 0.00510933 -2.64184 -0.123369 -0.00455539 0.99235 147.127
0.992579 -0.000747526 0.121601 19.7853 7.51397e-05 0.999985 0.00553379 -2.62766 -0.121603 -0.00548358 0.992563 148.417
0.992722 0.00129207 0.120426 19.9263 -0.00204173 0.99998 0.0061018 -2.6157 -0.120415 -0.00630326 0.992703 149.709
0.992897 0.00516739 0.118863 20.0693 -0.0059403 0.999964 0.00614909 -2.60122 -0.118827 -0.00681149 0.992891 150.979
0.993335 0.00755795 0.115011 20.1858 -0.0082046 0.999953 0.00515002 -2.59148 -0.114967 -0.00605931 0.993351 152.253
0.993534 0.01198 0.112902 20.2993 -0.0125002 0.999914 0.00390061 -2.58909 -0.112845 -0.00528667 0.993598 153.533
0.993732 0.016895 0.110502 20.4105 -0.0173448 0.999845 0.00311032 -2.59117 -0.110432 -0.00500746 0.993871 154.841
0.993652 0.0203935 0.110635 20.5295 -0.0209799 0.999771 0.00413868 -2.5895 -0.110525 -0.00643351 0.993852 156.169
0.993468 0.0232241 0.111725 20.6573 -0.0239895 0.999697 0.00551121 -2.58457 -0.111563 -0.00815543 0.993724 157.503
0.993529 0.023855 0.111042 20.7871 -0.0248337 0.999664 0.00743906 -2.57649 -0.110827 -0.0101485 0.993788 158.849
0.993563 0.0216343 0.111195 20.9205 -0.0227636 0.999701 0.00889668 -2.56844 -0.110969 -0.0113706 0.993758 160.201
0.993816 0.021546 0.108928 21.067 -0.0226782 0.999701 0.0091652 -2.55879 -0.108697 -0.0115788 0.994007 161.566
0.993939 0.0215713 0.107796 21.216 -0.0222283 0.999741 0.00489667 -2.55242 -0.107662 -0.00726309 0.994161 162.912
0.994174 0.0240545 0.105071 21.3553 -0.0243882 0.999701 0.00189226 -2.54565 -0.104994 -0.00444372 0.994462 164.257
0.994278 0.0280567 0.103075 21.5067 -0.0281103 0.999604 -0.000933283 -2.54207 -0.10306 -0.00196951 0.994673 165.589
0.994235 0.0318605 0.102384 21.6484 -0.0320667 0.999486 0.000368483 -2.55038 -0.102319 -0.00364945 0.994745 166.903
0.994304 0.0339811 0.101021 21.8014 -0.0344701 0.999401 0.00309792 -2.55859 -0.100855 -0.00656245 0.994879 168.239
0.99419 0.0345499 0.10195 21.9378 -0.0352442 0.999366 0.00501592 -2.55952 -0.101711 -0.00857989 0.994777 169.592
0.994337 0.0352905 0.100242 22.0833 -0.0360664 0.999332 0.00593787 -2.55503 -0.0999648 -0.00951958 0.994945 170.969
0.994364 0.0342152 0.100345 22.2216 -0.0350486 0.999364 0.00655363 -2.55505 -0.100057 -0.0100336 0.994931 172.359
0.994317 0.0324305 0.101405 22.3586 -0.0333494 0.999417 0.00737836 -2.56104 -0.101106 -0.0107182 0.994818 173.734
0.994443 0.0297892 0.100973 22.4955 -0.0307514 0.999495 0.00798581 -2.57746 -0.100684 -0.0110465 0.994857 175.138
0.994383 0.0263014 0.102524 22.6338 -0.0274127 0.99958 0.00944561 -2.58782 -0.102232 -0.012203 0.994685 176.53
0.994592 0.0219986 0.101507 22.7746 -0.0232774 0.999664 0.0114308 -2.59794 -0.101221 -0.0137318 0.994769 177.938
0.994475 0.0193067 0.103179 22.9158 -0.0207007 0.999708 0.0124564 -2.60848 -0.102909 -0.0145234 0.994584 179.335
0.994607 0.0215024 0.101465 23.055 -0.0225162 0.999707 0.00885689 -2.616 -0.101245 -0.0110937 0.994799 180.744
0.99439 0.0284007 0.101895 23.1877 -0.029065 0.999565 0.00504005 -2.61959 -0.101708 -0.00797336 0.994782 182.157
0.993797 0.0377133 0.10462 23.3251 -0.0384524 0.999248 0.00505569 -2.61774 -0.104351 -0.00904722 0.994499 183.559
0.993667 0.0441287 0.103332 23.4466 -0.0452033 0.998945 0.00807993 -2.61544 -0.102866 -0.0126997 0.994614 184.986
0.99332 0.0462817 0.1057 23.5805 -0.0477193 0.998799 0.0111108 -2.60898 -0.105059 -0.0160805 0.994335 186.404
0.993604 0.0449212 0.103597 23.7201 -0.0464525 0.998843 0.0124153 -2.61052 -0.102919 -0.0171482 0.994541 187.823
0.993773 0.0438332 0.102433 23.8881 -0.0453644 0.99889 0.0126664 -2.59781 -0.101764 -0.0172344 0.994659 189.254
0.993584 0.0443901 0.104022 24.0367 -0.0459441 0.998865 0.0125893 -2.57111 -0.103345 -0.0172877 0.994495 190.692
0.993668 0.0478868 0.10164 24.1786 -0.0494845 0.998687 0.0132546 -2.52623 -0.100872 -0.0182003 0.994732 192.132
0.993509 0.0505724 0.101895 24.2903 -0.0522462 0.998539 0.0138235 -2.49859 -0.101047 -0.0190574 0.994699 193.558
0.993633 0.0536049 0.0990933 24.3914 -0.0553647 0.998352 0.0150931 -2.47985 -0.0981207 -0.0204833 0.994963 195.008
0.993703 0.0532941 0.0985618 24.5039 -0.0551148 0.998354 0.015841 -2.46908 -0.0975551 -0.0211734 0.995004 196.46
0.993563 0.0535385 0.0998243 24.6347 -0.0553777 0.998341 0.015743 -2.45818 -0.0988156 -0.0211697 0.99488 197.907
0.993777 0.0539449 0.097453 24.7673 -0.0557187 0.998325 0.0155703 -2.45144 -0.0964496 -0.0209033 0.995118 199.371
0.993638 0.0539615 0.0988503 24.9153 -0.0557504 0.998326 0.0154235 -2.4461 -0.0978522 -0.0208363 0.994982 200.83
0.993723 0.0557194 0.096998 25.0563 -0.0574712 0.998229 0.0153592 -2.44386 -0.0959701 -0.0208374 0.995166 202.299
0.993615 0.0563876 0.0977161 25.1999 -0.0581273 0.998196 0.0150469 -2.44167 -0.096691 -0.0206308 0.9951 203.768
0.993703 0.0576316 0.0960808 25.343 -0.0593397 0.998125 0.0150132 -2.43892 -0.0950351 -0.02062 0.99526 205.244
0.993691 0.0581754 0.0958866 25.4859 -0.0598994 0.998089 0.0151979 -2.43418 -0.094819 -0.0208455 0.995276 206.725
0.993636 0.0583532 0.0963453 25.6245 -0.0600749 0.99808 0.0150646 -2.42927 -0.095281 -0.0207566 0.995234 208.204
0.993714 0.0583534 0.0955378 25.7599 -0.0600557 0.998082 0.0150382 -2.42538 -0.0944767 -0.0206812 0.995312 209.689
0.99368 0.0577874 0.0962354 25.8954 -0.059513 0.998112 0.0151559 -2.42286 -0.0951777 -0.0207873 0.995243 211.171
0.99374 0.0571979 0.0959584 26.0328 -0.0589686 0.998136 0.0157171 -2.41822 -0.0948803 -0.0212772 0.995261 212.65
0.993772 0.0566491 0.0959619 26.167 -0.0584702 0.998157 0.0162708 -2.41296 -0.094863 -0.0217804 0.995252 214.133
0.993692 0.0560489 0.097131 26.3039 -0.0579399 0.998179 0.0167561 -2.40756 -0.0960148 -0.0222781 0.99513 215.615
0.993749 0.0564763 0.0962995 26.4375 -0.0583613 0.998153 0.0168694 -2.4057 -0.0951686 -0.0223841 0.995209 217.103
0.993678 0.0562125 0.0971759 26.5673 -0.0581139 0.998168 0.0168463 -2.40126 -0.0960506 -0.0223871 0.995124 218.593
0.993716 0.0569089 0.0963785 26.6986 -0.0588079 0.998125 0.0169762 -2.39606 -0.0952314 -0.0225373 0.9952 220.088
0.993726 0.0556837 0.0969975 26.8316 -0.0576976 0.99817 0.018081 -2.38867 -0.095813 -0.023564 0.99512 221.583
0.993608 0.0551872 0.0984714 26.9676 -0.0572517 0.998193 0.0182625 -2.37915 -0.0972854 -0.0237834 0.994972 223.075
0.993616 0.0560565 0.0979053 27.1023 -0.0580459 0.998159 0.0175891 -2.37039 -0.0967388 -0.0231598 0.99504 224.576
0.993435 0.056442 0.0995064 27.2417 -0.0583948 0.998152 0.0168201 -2.36182 -0.0983729 -0.0225203 0.994894 226.077
0.993479 0.056896 0.0987974 27.3765 -0.0588542 0.998122 0.0170176 -2.35235 -0.0976433 -0.0227213 0.994962 227.583
0.99347 0.056584 0.0990722 27.5145 -0.0586075 0.998125 0.0176327 -2.33869 -0.0978885 -0.023324 0.994923 229.094
0.993371 0.0566328 0.100031 27.6546 -0.0586926 0.998118 0.0177674 -2.32534 -0.0988363 -0.0235207 0.994825 230.604
0.993471 0.0566952 0.0990023 27.793 -0.058725 0.998117 0.017708 -2.31361 -0.0978117 -0.0234063 0.994929 232.121
0.993359 0.0565668 0.100185 27.9363 -0.0586747 0.998111 0.0182177 -2.30067 -0.0989652 -0.0239751 0.994801 233.642
0.993392 0.0573743 0.0994039 28.08 -0.0594592 0.998066 0.0181371 -2.29014 -0.0981708 -0.0239278 0.994881 235.179
0.993271 0.0568056 0.100923 28.2349 -0.0589732 0.998086 0.0186237 -2.27675 -0.0996714 -0.0244501 0.994719 236.715
0.993466 0.0563293 0.0992623 28.3887 -0.0584701 0.998112 0.0187888 -2.26351 -0.0980164 -0.0244698 0.994883 238.257
0.993512 0.0546025 0.0997591 28.5548 -0.0568483 0.998186 0.0198084 -2.24893 -0.0984964 -0.025351 0.994814 239.801
0.99356 0.0522783 0.100525 28.7256 -0.0546541 0.998284 0.0210242 -2.23153 -0.0992536 -0.0263829 0.994712 241.344
0.993731 0.0522579 0.0988282 28.8933 -0.0545969 0.998285 0.0211099 -2.21731 -0.0975553 -0.0263733 0.99488 242.888
0.993708 0.0524515 0.0989628 29.0577 -0.0547987 0.998274 0.0211486 -2.19911 -0.0976824 -0.0264386 0.994866 244.427
0.993831 0.0512676 0.0983455 29.2214 -0.0537398 0.998298 0.0226537 -2.17552 -0.0970165 -0.027799 0.994894 245.97
0.993877 0.050397 0.098323 29.3804 -0.0529236 0.998328 0.0232592 -2.14767 -0.0969862 -0.0283204 0.994882 247.517
0.99387 0.0492672 0.0989635 29.5367 -0.0518102 0.998385 0.0232908 -2.12398 -0.097656 -0.0282754 0.994818 249.058
0.993936 0.0490455 0.0984122 29.6893 -0.0515333 0.998409 0.0228973 -2.10362 -0.0971323 -0.0278299 0.994882 250.605
0.993726 0.0501895 0.0999477 29.8378 -0.0527439 0.998342 0.0230794 -2.08393 -0.0986233 -0.0282062 0.994725 252.149
0.993716 0.0515232 0.0993612 29.9854 -0.0540548 0.998274 0.0229553 -2.06389 -0.0980068 -0.028182 0.994786 253.687
0.993509 0.052876 0.100715 30.1266 -0.0554371 0.998202 0.0227994 -2.05093 -0.0993285 -0.0282347 0.994654 255.206
0.993062 0.0542903 0.104305 30.2668 -0.0570017 0.998105 0.0231895 -2.04433 -0.102848 -0.0289741 0.994274 256.712
0.992976 0.0549792 0.104767 30.4065 -0.0577065 0.998065 0.0231781 -2.03109 -0.10329 -0.029061 0.994226 258.213
0.992512 0.0560219 0.108537 30.5522 -0.0589246 0.997981 0.0237207 -2.02709 -0.106989 -0.0299386 0.993809 259.695
0.992478 0.0559777 0.10887 30.7028 -0.0589007 0.99798 0.0238176 -2.0062 -0.107317 -0.030051 0.99377 261.194
0.992238 0.0560769 0.110993 30.8527 -0.0590919 0.997963 0.024061 -1.97985 -0.109417 -0.030433 0.993529 262.679
0.991942 0.055382 0.113943 31.0175 -0.0585524 0.99798 0.0246657 -1.95837 -0.112347 -0.0311386 0.993181 264.16
0.992073 0.0555162 0.112734 31.1636 -0.0586835 0.997964 0.0249711 -1.93741 -0.111118 -0.0313888 0.993311 265.659
0.991755 0.0554668 0.115523 31.3333 -0.058569 0.998004 0.0236312 -1.9068 -0.113981 -0.0302024 0.993023 267.17
0.991967 0.0558842 0.113479 31.5019 -0.0588282 0.998009 0.0227592 -1.89245 -0.111981 -0.0292522 0.993279 268.69
0.992007 0.0555834 0.113274 31.673 -0.058553 0.998018 0.0230571 -1.87306 -0.111768 -0.0295053 0.993296 270.196
0.991876 0.0547098 0.114838 31.8384 -0.0577083 0.99807 0.022948 -1.84901 -0.113361 -0.0293886 0.993119 271.712
0.992151 0.0551399 0.112229 31.9993 -0.0580418 0.998055 0.0227536 -1.83069 -0.110756 -0.0290889 0.993421 273.237
0.991911 0.0550995 0.114348 32.1675 -0.0580295 0.998062 0.022453 -1.81218 -0.112889 -0.028907 0.993186 274.754
0.99215 0.0552888 0.112162 32.344 -0.0582596 0.998028 0.0233819 -1.78321 -0.110648 -0.0297329 0.993414 276.293
0.992253 0.0551461 0.111319 32.5024 -0.0581873 0.998011 0.0242559 -1.74885 -0.10976 -0.0305453 0.993488 277.832
0.992104 0.0553589 0.112541 32.6766 -0.0585154 0.997975 0.0249384 -1.73435 -0.110932 -0.0313268 0.993334 279.357
0.992226 0.0563066 0.110976 32.8435 -0.0595555 0.997882 0.0261782 -1.71541 -0.109267 -0.0325839 0.993478 280.897
0.991974 0.0565007 0.113113 33.0129 -0.0598511 0.997857 0.0264439 -1.6932 -0.111376 -0.0330016 0.99323 282.425
0.991882 0.0574428 0.113442 33.1774 -0.0607672 0.997812 0.0260647 -1.67522 -0.111696 -0.0327466 0.993202 283.967
0.991816 0.0572227 0.114131 33.3483 -0.0605566 0.997827 0.0259578 -1.65924 -0.112398 -0.0326567 0.993126 285.51
0.99173 0.0558797 0.115531 33.53 -0.0590852 0.997952 0.0245065 -1.65035 -0.113925 -0.0311301 0.993001 287.05
0.991755 0.0556872 0.115416 33.7144 -0.0587327 0.998005 0.0231542 -1.64294 -0.113896 -0.029742 0.993047 288.594
0.991692 0.0553653 0.116111 33.892 -0.0583599 0.998041 0.022549 -1.63544 -0.114634 -0.0291379 0.99298 290.143
0.991926 0.0564908 0.113535 34.0631 -0.059414 0.997979 0.0225276 -1.62677 -0.112033 -0.0290913 0.993278 291.7
0.992091 0.0571742 0.11174 34.2309 -0.0601313 0.997919 0.0232736 -1.6093 -0.110176 -0.0298086 0.993464 293.267
0.991955 0.0576356 0.112706 34.3995 -0.0608739 0.99782 0.0255024 -1.58272 -0.11099 -0.0321581 0.993301 294.845
0.992153 0.0564566 0.111558 34.5762 -0.0599379 0.997806 0.0281004 -1.5483 -0.109727 -0.0345664 0.99336 296.439
0.991995 0.0557569 0.113294 34.7509 -0.0593588 0.997825 0.0286695 -1.51582 -0.111449 -0.035165 0.993147 298.039
0.992129 0.0550794 0.112453 34.9256 -0.0586682 0.99786 0.0288555 -1.48982 -0.110623 -0.0352258 0.993238 299.651
0.991955 0.0544945 0.11426 35.1054 -0.0582081 0.997871 0.0294176 -1.46131 -0.112414 -0.0358318 0.993015 301.259
0.992069 0.0542508 0.113376 35.2834 -0.0580096 0.997862 0.0301193 -1.42713 -0.111499 -0.0364573 0.993095 302.879
0.991977 0.0541086 0.114249 35.4659 -0.0579244 0.99786 0.0303448 -1.39184 -0.112363 -0.0367192 0.992988 304.503
0.991685 0.0547379 0.116462 35.6471 -0.0586336 0.99782 0.0302883 -1.35509 -0.11455 -0.036865 0.992733 306.12
0.991713 0.0550507 0.116074 35.8298 -0.0589993 0.997781 0.0308585 -1.32223 -0.114117 -0.037451 0.992761 307.742
0.991412 0.054744 0.118761 36.0163 -0.0590066 0.997723 0.0326758 -1.28608 -0.116701 -0.0394028 0.992385 309.361
0.991517 0.0543418 0.118069 36.203 -0.0586855 0.99771 0.0336267 -1.24667 -0.115971 -0.0402704 0.992435 310.984
0.991504 0.054564 0.118071 36.3911 -0.0589988 0.997665 0.034394 -1.20297 -0.115919 -0.0410679 0.992409 312.602
0.991316 0.0551643 0.11937 36.5781 -0.0597858 0.99758 0.0354842 -1.16105 -0.117124 -0.0423127 0.992215 314.217
0.991425 0.0565301 0.117813 36.7621 -0.061071 0.997509 0.0352939 -1.11976 -0.115524 -0.0421862 0.992408 315.831
0.991223 0.0577456 0.118919 36.9465 -0.0623875 0.997414 0.0356852 -1.0765 -0.11655 -0.042791 0.992262 317.436
0.991372 0.0582802 0.117405 37.1281 -0.0630077 0.997328 0.036962 -1.03169 -0.114937 -0.0440405 0.992396 319.046
0.991453 0.0583057 0.116703 37.3102 -0.0632409 0.997234 0.0390389 -0.984573 -0.114104 -0.0460857 0.992399 320.654
0.991379 0.0585516 0.117206 37.4912 -0.0637557 0.997116 0.0411521 -0.936161 -0.114458 -0.0482699 0.992254 322.253
0.99164 0.0584261 0.115041 37.6745 -0.0636559 0.997074 0.0423206 -0.885426 -0.112232 -0.0492898 0.992458 323.857
0.991656 0.0583387 0.114948 37.8547 -0.0636287 0.997051 0.0428986 -0.835179 -0.112106 -0.0498546 0.992444 325.456
0.99197 0.0575202 0.112628 38.0346 -0.0627852 0.997067 0.0437683 -0.783562 -0.10978 -0.0504882 0.992672 327.058
0.992115 0.0565313 0.111851 38.2145 -0.0618337 0.997093 0.0445158 -0.731713 -0.109009 -0.0510809 0.992727 328.656
0.992064 0.0556529 0.112741 38.3874 -0.0610793 0.997106 0.0452604 -0.681146 -0.109895 -0.0517873 0.992593 330.243
0.992188 0.0552672 0.111831 38.5614 -0.0607156 0.997098 0.0459125 -0.625893 -0.108969 -0.0523438 0.992666 331.84
0.992077 0.0551572 0.112868 38.736 -0.060723 0.997072 0.0464808 -0.567675 -0.109973 -0.0529662 0.992522 333.424
0.992136 0.0548952 0.112475 38.9105 -0.0605117 0.997053 0.047143 -0.507143 -0.109556 -0.0535784 0.992535 335.017
0.99212 0.0545459 0.112788 39.0867 -0.0602126 0.997056 0.0474584 -0.447522 -0.109867 -0.0538757 0.992485 336.609
0.991996 0.0543426 0.113974 39.2621 -0.0601151 0.997044 0.0478349 -0.388345 -0.111037 -0.0543035 0.992331 338.19
0.99208 0.053993 0.113403 39.4387 -0.0598315 0.997018 0.0487258 -0.330236 -0.110433 -0.055125 0.992353 339.778
0.991956 0.0535438 0.114698 39.6148 -0.0595094 0.997013 0.0492322 -0.271313 -0.111719 -0.0556618 0.992179 341.358
0.9921 0.0530952 0.11365 39.7899 -0.0591014 0.996991 0.0501452 -0.212293 -0.110646 -0.0564659 0.992254 342.947
0.992128 0.0520912 0.11387 39.9661 -0.0582238 0.996989 0.0512082 -0.150867 -0.11086 -0.057435 0.992175 344.534
0.991998 0.0513412 0.115337 40.1449 -0.0576831 0.996962 0.0523362 -0.0934468 -0.112299 -0.0585704 0.991946 346.115
0.992093 0.05096 0.114689 40.3235 -0.0573167 0.996957 0.0528261 -0.0318116 -0.111647 -0.058982 0.991996 347.706
0.991838 0.0523426 0.116255 40.5029 -0.0588472 0.996846 0.0532403 0.0271269 -0.113101 -0.0596471 0.991791 349.29
0.991856 0.0537563 0.115458 40.6822 -0.0603661 0.996685 0.054534 0.0930314 -0.112144 -0.0610597 0.991814 350.879
0.991578 0.0543652 0.117537 40.8606 -0.0612371 0.99657 0.0556641 0.157616 -0.114107 -0.062393 0.991507 352.463
0.99163 0.0549686 0.116816 41.0434 -0.0618619 0.9965 0.0562247 0.219787 -0.113317 -0.0629806 0.99156 354.058
0.991574 0.0552385 0.117167 41.2256 -0.062248 0.99643 0.0570316 0.286382 -0.113598 -0.0638445 0.991473 355.652
0.991306 0.0554458 0.119316 41.4049 -0.0626544 0.996375 0.0575353 0.355749 -0.115693 -0.0645108 0.991187 357.246
0.991451 0.0553931 0.118128 41.5892 -0.0626189 0.99633 0.0583587 0.438706 -0.114461 -0.0652568 0.991282 358.847
0.99118 0.0557398 0.120222 41.7679 -0.0631437 0.996278 0.0586778 0.511824 -0.116504 -0.0657516 0.991011 360.439
0.991242 0.0560458 0.119565 41.9527 -0.0634961 0.99621 0.0594376 0.592228 -0.115781 -0.066509 0.991045 362.052
0.991155 0.057135 0.119775 42.1366 -0.0646088 0.996137 0.0594708 0.668578 -0.115914 -0.0666833 0.991018 363.67
0.990878 0.0580042 0.121628 42.3194 -0.0655943 0.996079 0.0593554 0.73809 -0.117708 -0.066792 0.990799 365.278
0.990988 0.0584019 0.120537 42.503 -0.0659742 0.996027 0.0598146 0.810201 -0.116564 -0.0672279 0.990905 366.892
0.990664 0.0587909 0.122991 42.6893 -0.0666125 0.995944 0.060477 0.882873 -0.118936 -0.0681051 0.990563 368.499
0.990772 0.0590699 0.121981 42.8753 -0.0668983 0.995886 0.0611084 0.961092 -0.117869 -0.0687048 0.990649 370.123
0.990651 0.0597364 0.122641 43.0652 -0.067638 0.995824 0.0613058 1.05032 -0.118467 -0.0690278 0.990555 371.749
0.99045 0.0595759 0.124331 43.2569 -0.0676825 0.995777 0.0620263 1.12424 -0.12011 -0.0698489 0.9903 373.368
