1 0 0 0 0 1 0 0 0 0 1 0
0.999998 -0.000853056 -0.00184502 -0.00566369 0.000851938 0.999999 -0.000606203 -0.0147456 0.00184554 0.00060463 0.999998 0.566066
0.999998 -0.000900203 -0.00197163 -0.0109311 0.00089819 0.999999 -0.00102146 -0.0175712 0.00197255 0.00101968 0.999997 1.11899
0.999989 -0.00212442 -0.00415264 -0.0222196 0.00211815 0.999997 -0.00151312 -0.0062977 0.00415584 0.00150431 0.99999 1.6899
0.999977 -0.00348905 -0.00585623 -0.0232771 0.00347513 0.999991 -0.0023852 -0.00893804 0.0058645 0.00236479 0.99998 2.24252
0.999961 -0.00588471 -0.00663028 -0.0250966 0.0058644 0.999978 -0.00307904 -0.020179 0.00664825 0.00304004 0.999973 2.80626
0.999949 -0.0061859 -0.00805646 -0.0281327 0.00615746 0.999975 -0.00355061 -0.0374643 0.00807822 0.00350081 0.999961 3.38595
0.999949 -0.00608818 -0.0081362 -0.0353639 0.00606279 0.999977 -0.00314132 -0.0454168 0.00815513 0.00309183 0.999962 3.9519
0.999943 -0.00567147 -0.00905268 -0.0419865 0.00563736 0.999977 -0.0037889 -0.0703044 0.00907396 0.00373765 0.999952 4.53191
0.99995 -0.00467754 -0.00888658 -0.0464313 0.00462478 0.999972 -0.00594833 -0.0899205 0.00891415 0.00590693 0.999943 5.12561
0.999949 -0.00448485 -0.00903297 -0.0610022 0.00440042 0.999947 -0.00934505 -0.0948361 0.0090744 0.00930483 0.999915 5.71138
0.999949 -0.00381853 -0.00934773 -0.079509 0.00370232 0.999916 -0.0124176 -0.110265 0.00939436 0.0123823 0.999879 6.32119
0.999955 -0.0023068 -0.00924828 -0.0896189 0.00219684 0.999927 -0.0118828 -0.1289 0.00927501 0.0118619 0.999887 6.93491
0.999944 -0.000259461 -0.0105767 -0.104073 0.000194621 0.999981 -0.00613099 -0.131157 0.0105781 0.00612858 0.999925 7.59439
0.999949 0.000410914 -0.0101458 -0.114534 -0.000373807 0.999993 0.00365904 -0.127064 0.0101473 -0.00365506 0.999942 8.25568
0.999934 0.00168879 -0.0113839 -0.137925 -0.00157296 0.999947 0.010176 -0.134223 0.0114005 -0.0101575 0.999883 8.94786
0.99993 0.0021792 -0.011657 -0.148605 -0.00207459 0.999958 0.00897919 -0.156724 0.0116761 -0.00895437 0.999892 9.62934
0.999916 0.00543695 -0.011767 -0.153653 -0.00540321 0.999981 0.00289734 -0.17303 0.0117826 -0.00283351 0.999927 10.3083
0.9999 0.00592922 -0.0128366 -0.167939 -0.00597392 0.999976 -0.00344685 -0.188351 0.0128159 0.00352319 0.999912 11.0382
0.999901 0.00434578 -0.0134008 -0.172454 -0.00437926 0.999987 -0.00247028 -0.200492 0.0133899 0.00252872 0.999907 11.7585
0.999903 0.00271154 -0.0136644 -0.194145 -0.00262165 0.999975 0.00659228 -0.200597 0.0136819 -0.00655582 0.999885 12.5393
0.999921 0.00139076 -0.0125124 -0.194449 -0.00123341 0.99992 0.0125746 -0.201299 0.0125289 -0.0125582 0.999843 13.3226
0.999915 0.000996172 -0.0130319 -0.20766 -0.000792193 0.999877 0.0156481 -0.197104 0.0130459 -0.0156364 0.999793 14.1247
0.999917 -0.000828865 -0.0128473 -0.222109 0.0010199 0.999889 0.0148704 -0.209958 0.0128335 -0.0148823 0.999807 14.9405
0.999936 -0.000162241 -0.011276 -0.219419 0.000302257 0.999923 0.0124166 -0.226573 0.0112731 -0.0124192 0.999859 15.7477
0.999933 0.00121206 -0.0115202 -0.233131 -0.00110496 0.999956 0.00929851 -0.19802 0.0115309 -0.00928516 0.99989 16.6125
0.999956 -0.000770192 -0.00931731 -0.235974 0.000816044 0.999988 0.00491844 -0.214792 0.00931341 -0.00492583 0.999944 17.4571
0.999955 -0.00308476 -0.00898217 -0.249762 0.00307756 0.999995 -0.00081509 -0.238746 0.00898464 0.000787409 0.999959 18.3439
0.99998 -0.00177769 -0.00610808 -0.238425 0.00174323 0.999983 -0.00564201 -0.248103 0.006118 0.00563125 0.999965 19.2296
0.999985 -0.000343761 -0.00547913 -0.241148 0.00030562 0.999976 -0.00696068 -0.262132 0.00548139 0.00695889 0.999961 20.1575
0.99999 -0.000631112 -0.00435983 -0.246033 0.000598978 0.999973 -0.00736794 -0.26118 0.00436436 0.00736525 0.999963 21.096
0.999997 0.00066494 -0.00212509 -0.245608 -0.000681409 0.99997 -0.00775884 -0.283503 0.00211987 0.00776027 0.999968 22.0206
0.999989 0.00389158 -0.0025883 -0.257203 -0.00391672 0.999945 -0.00977761 -0.308062 0.00255011 0.00978764 0.999949 22.9711
0.999968 0.00799171 -0.000329017 -0.256321 -0.00799484 0.999908 -0.0109769 -0.321943 0.000241264 0.0109792 0.99994 23.9319
0.999968 0.00792725 -0.000670967 -0.266523 -0.00793319 0.999925 -0.00937669 -0.34075 0.000596586 0.00938172 0.999956 24.8835
0.999963 0.00860652 0.00104183 -0.269372 -0.00859747 0.999928 -0.00840557 -0.345184 -0.0011141 0.00839629 0.999964 25.8723
0.999959 0.00902078 0.00112892 -0.274335 -0.00901205 0.999931 -0.00751435 -0.361632 -0.00119662 0.00750387 0.999971 26.8503
0.999948 0.0101675 0.000820183 -0.277667 -0.0101622 0.999929 -0.00630378 -0.38208 -0.000884217 0.00629512 0.99998 27.8586
0.999942 0.0106953 0.00135256 -0.286074 -0.0106885 0.999931 -0.00495352 -0.402487 -0.00140545 0.00493878 0.999987 28.8822
0.99995 0.00997404 0.00028577 -0.292456 -0.00997272 0.999941 -0.00431942 -0.403707 -0.000328834 0.00431636 0.99999 29.8744
0.999961 0.00863211 0.00180601 -0.299948 -0.00862411 0.999953 -0.0043909 -0.394108 -0.00184382 0.00437515 0.999989 30.8996
0.999939 0.0109709 0.00126278 -0.308909 -0.010964 0.999926 -0.00530703 -0.401202 -0.0013209 0.00529286 0.999985 31.917
0.999956 0.00928269 0.00101338 -0.313508 -0.00927781 0.999946 -0.00471835 -0.396324 -0.00105712 0.00470874 0.999988 32.948
0.999965 0.00820956 0.00140742 -0.312358 -0.00820441 0.99996 -0.00362075 -0.397261 -0.00143709 0.00360908 0.999992 33.9904
0.999965 0.00839099 0.000546608 -0.321923 -0.0083909 0.999965 -0.00015828 -0.413029 -0.000547916 0.000153691 1 35.0385
0.999974 0.00717269 0.00102971 -0.330873 -0.00717529 0.999971 0.0025431 -0.419856 -0.00101143 -0.00255042 0.999996 36.0912
0.999979 0.00638608 0.000748257 -0.339515 -0.00638907 0.999971 0.00407312 -0.412026 -0.000722223 -0.00407782 0.999991 37.1362
0.999974 0.00699509 0.00194875 -0.351454 -0.00700279 0.999968 0.00396889 -0.419452 -0.00192093 -0.00398243 0.99999 38.1841
0.999974 0.00712337 0.000720499 -0.3519 -0.00712624 0.999966 0.0040688 -0.411894 -0.00069149 -0.00407383 0.999991 39.253
0.999974 0.00717317 0.000297399 -0.354754 -0.00717454 0.999962 0.00492324 -0.415546 -0.000262072 -0.00492525 0.999988 40.3301
0.999967 0.00805955 0.00117334 -0.365435 -0.00806761 0.999943 0.0070378 -0.431338 -0.00111655 -0.00704703 0.999974 41.4299
0.999956 0.00942669 -0.000258759 -0.371631 -0.00942437 0.999925 0.0078331 -0.452404 0.00033258 -0.00783031 0.999969 42.5076
0.999938 0.0111577 0.000311475 -0.377996 -0.0111599 0.999906 0.00804165 -0.465485 -0.000221718 -0.00804462 0.999968 43.5861
0.9999 0.0141653 -0.000322488 -0.381507 -0.0141634 0.999885 0.00537925 -0.469574 0.000398651 -0.00537414 0.999985 44.6818
0.999846 0.0175342 0.00104028 -0.386133 -0.017538 0.999839 0.00377533 -0.48295 -0.000973918 -0.00379299 0.999992 45.7919
0.999814 0.0192354 0.00122889 -0.393181 -0.0192397 0.999809 0.00358277 -0.493939 -0.00115973 -0.00360574 0.999993 46.8717
0.999817 0.0190435 0.00208941 -0.392604 -0.0190577 0.999794 0.00702228 -0.512318 -0.00195525 -0.00706081 0.999973 47.9716
0.99977 0.0211039 0.00388249 -0.400857 -0.0211402 0.999731 0.00954708 -0.523778 -0.00367997 -0.00962695 0.999947 49.05
0.999781 0.0205413 0.00414291 -0.395053 -0.0205832 0.999735 0.010354 -0.548748 -0.00392912 -0.010437 0.999938 50.1494
0.999764 0.0210832 0.00529887 -0.397517 -0.0211404 0.999716 0.010975 -0.542214 -0.00506598 -0.0110844 0.999926 51.2252
0.999777 0.0205337 0.00498 -0.392839 -0.0205852 0.999733 0.0105195 -0.551535 -0.00476266 -0.0106196 0.999932 52.3097
0.999774 0.02056 0.00546829 -0.41758 -0.0206048 0.999754 0.00826035 -0.534988 -0.00529711 -0.00837115 0.999951 53.404
0.999787 0.0194029 0.00701078 -0.397601 -0.0194496 0.999789 0.00664235 -0.52317 -0.00688041 -0.00677729 0.999953 54.4435
0.999794 0.0194574 0.00581993 -0.394155 -0.0194963 0.999788 0.00670838 -0.524215 -0.00568816 -0.00682046 0.999961 55.5189
0.999824 0.0173286 0.00722214 -0.381074 -0.017356 0.999842 0.0037534 -0.509615 -0.00715596 -0.00387808 0.999967 56.5691
0.999847 0.0162562 0.00645486 -0.374178 -0.0162906 0.999853 0.00531421 -0.509389 -0.00636752 -0.00541855 0.999965 57.6552
0.999852 0.0151625 0.00810254 -0.370756 -0.0152516 0.999823 0.0110588 -0.510544 -0.00793342 -0.0111807 0.999906 58.7205
0.99988 0.0135903 0.00745903 -0.372545 -0.0137093 0.999776 0.0161391 -0.505066 -0.00723802 -0.0162394 0.999842 59.7816
0.999905 0.0105742 0.00888574 -0.38228 -0.0107276 0.999791 0.0173969 -0.491176 -0.00869993 -0.0174906 0.999809 60.8329
0.999914 0.00830061 0.010132 -0.380538 -0.00846365 0.999834 0.0161551 -0.476744 -0.00999626 -0.0162395 0.999818 61.8939
0.999931 0.00633557 0.00992781 -0.370602 -0.00645904 0.999902 0.0124538 -0.459129 -0.00984793 -0.0125171 0.999873 62.9652
0.999911 0.00778025 0.0108037 -0.372134 -0.00788985 0.999918 0.0101379 -0.444856 -0.0107239 -0.0102222 0.99989 63.9785
0.999915 0.00754307 0.010608 -0.364417 -0.00761755 0.999947 0.00699738 -0.429895 -0.0105547 -0.00707758 0.999919 65.0457
0.999886 0.009903 0.0113623 -0.364487 -0.0099901 0.999921 0.00763415 -0.409486 -0.0112858 -0.00774679 0.999906 66.1209
0.999836 0.0134626 0.01208 -0.363847 -0.0135861 0.999856 0.0102044 -0.390893 -0.0119409 -0.0103668 0.999875 67.1549
0.999849 0.0135971 0.0107827 -0.355511 -0.0137291 0.999831 0.0122589 -0.394565 -0.0106142 -0.0124051 0.999867 68.2495
0.999839 0.0141193 0.0110619 -0.352273 -0.0142798 0.999792 0.0145599 -0.377113 -0.0108541 -0.0147155 0.999833 69.2834
0.999861 0.0130256 0.0104484 -0.34405 -0.0132088 0.999757 0.0176545 -0.352942 -0.0102159 -0.0177901 0.99979 70.3694
0.999871 0.0120935 0.010551 -0.335906 -0.0123003 0.999729 0.0197606 -0.348071 -0.0103092 -0.0198879 0.999749 71.4288
0.999907 0.0100557 0.00919417 -0.329885 -0.0102743 0.999658 0.0240454 -0.346292 -0.00894923 -0.0241376 0.999669 72.4981
0.999936 0.00842317 0.0075019 -0.3247 -0.00861799 0.999616 0.0263254 -0.339461 -0.00727728 -0.0263884 0.999625 73.5506
0.999938 0.00766651 0.00807723 -0.317175 -0.00788252 0.999603 0.0270588 -0.324282 -0.00786657 -0.0271207 0.999601 74.6177
0.999955 0.00750911 0.00589324 -0.311749 -0.00765928 0.999636 0.0258865 -0.317474 -0.0056967 -0.0259305 0.999648 75.6827
0.999946 0.00816037 0.00642485 -0.311889 -0.008326 0.999623 0.026188 -0.305282 -0.00620872 -0.0262401 0.999636 76.7431
0.999935 0.00941188 0.0064576 -0.307214 -0.0095976 0.999523 0.0293562 -0.290092 -0.00617822 -0.0294163 0.999548 77.797
0.999929 0.0102752 0.0060253 -0.309012 -0.0104751 0.999362 0.034148 -0.283083 -0.00567058 -0.0342087 0.999399 78.8636
0.99991 0.0116439 0.00672039 -0.313345 -0.0118835 0.999253 0.0367844 -0.271161 -0.00628705 -0.036861 0.999301 79.9308
0.999906 0.0127058 0.00513951 -0.320982 -0.0128882 0.999227 0.0371501 -0.254512 -0.00466351 -0.0372128 0.999297 80.992
0.999895 0.0132801 0.00577911 -0.323868 -0.0134853 0.999222 0.0370569 -0.229476 -0.00528249 -0.037131 0.999297 82.0441
0.99991 0.0125517 0.00483499 -0.323634 -0.0127275 0.999189 0.0382079 -0.189029 -0.00435149 -0.038266 0.999258 83.0722
0.999913 0.0120794 0.00524183 -0.327374 -0.012274 0.999171 0.0388284 -0.151387 -0.00476845 -0.0388894 0.999232 84.1029
0.999944 0.00971439 0.00414597 -0.324423 -0.00987408 0.999135 0.0404079 -0.125555 -0.00374984 -0.0404466 0.999175 85.1075
0.999961 0.00797474 0.00375861 -0.324728 -0.00812818 0.999053 0.042746 -0.1065 -0.00341416 -0.0427749 0.999079 86.0996
0.999962 0.00754596 0.00437353 -0.330274 -0.00773811 0.998924 0.0457201 -0.0821244 -0.00402382 -0.0457522 0.998945 87.057
0.999975 0.00642124 0.00308683 -0.330545 -0.00656136 0.998838 0.0477544 -0.0610308 -0.00277659 -0.0477734 0.998854 87.9923
0.999978 0.0062932 0.00232448 -0.333682 -0.00639812 0.998813 0.04828 -0.0188823 -0.00201789 -0.0482938 0.998831 88.9327
0.999984 0.00573419 -0.000514318 -0.340628 -0.00570223 0.99879 0.048848 0.00710799 0.000793802 -0.0488443 0.998806 89.794
0.999978 0.00580696 -0.00320884 -0.3516 -0.00564411 0.998801 0.0486223 0.0285275 0.00348734 -0.0486031 0.998812 90.6264
0.999971 0.00533406 -0.00550108 -0.359683 -0.00505451 0.998755 0.0496397 0.0573471 0.00575901 -0.0496105 0.998752 91.4403
0.999942 0.00620042 -0.00885722 -0.372452 -0.00573627 0.998657 0.051502 0.0717738 0.00916465 -0.0514481 0.998634 92.2886
0.999912 0.00736668 -0.0110323 -0.390164 -0.00677856 0.998602 0.0524308 0.0906782 0.0114031 -0.0523514 0.998564 93.1168
0.999858 0.00834269 -0.0146676 -0.408344 -0.00754906 0.998547 0.0533552 0.107976 0.0150914 -0.0532369 0.998468 93.9279
0.999821 0.00958462 -0.016356 -0.428033 -0.00868983 0.998507 0.0539284 0.129411 0.0168485 -0.0537765 0.998411 94.708
0.999756 0.0115511 -0.0188371 -0.449109 -0.010504 0.998444 0.0547672 0.149555 0.0194404 -0.054556 0.998322 95.4097
0.999733 0.0129582 -0.0191367 -0.472851 -0.0119172 0.998494 0.0535482 0.172001 0.0198017 -0.0533058 0.998382 96.05
0.99966 0.0147082 -0.021528 -0.492701 -0.0135929 0.998603 0.051066 0.19294 0.022249 -0.050756 0.998463 96.7117
0.999564 0.0166696 -0.0243787 -0.517635 -0.0154911 0.998739 0.0477569 0.207338 0.025144 -0.0473584 0.998562 97.3412
0.999503 0.0181406 -0.0258078 -0.542355 -0.0169087 0.998743 0.0471778 0.224804 0.0266312 -0.046718 0.998553 97.967
0.999448 0.0204263 -0.0262243 -0.563288 -0.0191987 0.998746 0.0462417 0.236867 0.027136 -0.0457127 0.998586 98.5552
0.999451 0.0218379 -0.0249169 -0.587121 -0.0206346 0.998655 0.0475691 0.257461 0.0259222 -0.0470288 0.998557 99.1164
0.999455 0.0255392 -0.0209049 -0.60443 -0.024491 0.998501 0.0489475 0.268194 0.0221237 -0.0484088 0.998583 99.6688
0.999486 0.0279511 -0.0157222 -0.623249 -0.0271287 0.998366 0.050293 0.280104 0.0171022 -0.0498406 0.998611 100.205
0.999575 0.0283413 -0.00691572 -0.622299 -0.0279398 0.998229 0.0525185 0.29489 0.00839192 -0.0523029 0.998596 100.702
0.999595 0.0283686 0.00214414 -0.627288 -0.0284437 0.998071 0.0551831 0.309938 -0.000574535 -0.0552217 0.998474 101.21
0.999525 0.0271629 0.0145585 -0.614198 -0.0279378 0.998042 0.0559649 0.32352 -0.0130098 -0.056345 0.998327 101.687
0.999271 0.0264474 0.0275303 -0.595711 -0.0279769 0.997997 0.0567399 0.336859 -0.0259745 -0.0574687 0.998009 102.13
0.998755 0.0247384 0.0433339 -0.570567 -0.0271551 0.998056 0.0560989 0.357128 -0.0418618 -0.0572058 0.997484 102.588
0.997872 0.0237749 0.0607155 -0.535319 -0.0270521 0.998189 0.0537377 0.365388 -0.0593279 -0.0552658 0.996708 103.015
0.996361 0.0236432 0.0818897 -0.500765 -0.0277674 0.998383 0.049595 0.377762 -0.0805847 -0.0516883 0.995407 103.427
0.994088 0.0224578 0.106233 -0.439225 -0.0274673 0.998567 0.0459294 0.394209 -0.105049 -0.0485757 0.99328 103.846
0.990833 0.0201984 0.133576 -0.36972 -0.0262453 0.998701 0.0436648 0.400522 -0.132521 -0.0467702 0.990076 104.226
0.986283 0.0169312 0.164195 -0.288947 -0.0242811 0.998786 0.0428602 0.416366 -0.16327 -0.0462591 0.985496 104.606
0.980392 0.0153285 0.196462 -0.190729 -0.0238537 0.99887 0.0411007 0.418012 -0.19561 -0.0449811 0.97965 104.975
0.972485 0.0135332 0.232574 -0.0835153 -0.0233603 0.998944 0.0395513 0.428588 -0.231793 -0.043896 0.971774 105.345
0.962877 0.0106213 0.269731 0.0385138 -0.0219384 0.998999 0.0389771 0.434348 -0.269047 -0.0434476 0.962147 105.695
0.950622 0.00886815 0.310226 0.175902 -0.0217978 0.999031 0.0382363 0.426956 -0.309586 -0.0431104 0.949894 106.041
0.936444 0.00945286 0.35069 0.315214 -0.0240916 0.99901 0.037403 0.43842 -0.34999 -0.0434744 0.935744 106.376
0.918921 0.0130371 0.394227 0.468088 -0.0292706 0.998952 0.0351928 0.44294 -0.393355 -0.0438787 0.918339 106.692
0.898617 0.0114168 0.438586 0.644595 -0.0305351 0.998865 0.0365617 0.460136 -0.437671 -0.0462472 0.897945 107.021
0.876523 0.0109382 0.481236 0.825165 -0.0323703 0.998818 0.0362567 0.462038 -0.480271 -0.0473576 0.875841 107.313
0.850523 0.00899679 0.525862 1.02663 -0.0323875 0.998852 0.0352941 0.467847 -0.524941 -0.0470497 0.849838 107.605
0.823844 0.00921158 0.566741 1.22969 -0.0331831 0.998937 0.0320003 0.470736 -0.565844 -0.0451694 0.823274 107.883
0.793525 0.0102309 0.608451 1.44815 -0.0346783 0.998994 0.0284287 0.473959 -0.607548 -0.0436589 0.793082 108.15
0.761339 0.0151968 0.648176 1.66863 -0.0393696 0.998964 0.0228217 0.473815 -0.647158 -0.0428934 0.761149 108.398
0.725272 0.0208757 0.688146 1.9234 -0.0447545 0.998856 0.0168676 0.475004 -0.687007 -0.0430312 0.725376 108.66
0.687017 0.025833 0.726182 2.17477 -0.0509737 0.998619 0.0127 0.477999 -0.724851 -0.0457413 0.687385 108.892
0.64566 0.0252139 0.763208 2.45309 -0.051698 0.998605 0.0107449 0.475124 -0.761873 -0.0463939 0.646063 109.097
0.602532 0.0219156 0.797794 2.75615 -0.0505685 0.998663 0.0107582 0.476226 -0.796491 -0.0468254 0.602834 109.306
0.557264 0.0198711 0.830097 3.0628 -0.051734 0.998602 0.0108254 0.486881 -0.828722 -0.0489768 0.557514 109.48
0.508656 0.0180314 0.860781 3.39307 -0.0540505 0.998477 0.0110238 0.4908 -0.859271 -0.0521329 0.508856 109.668
0.460853 0.0152259 0.887346 3.74233 -0.054573 0.998447 0.0112108 0.495622 -0.885797 -0.0535916 0.460968 109.803
0.408751 0.0109103 0.912581 4.10254 -0.0546496 0.998427 0.0125413 0.489644 -0.911008 -0.0549984 0.408704 109.936
0.35691 0.00993617 0.934086 4.4603 -0.0575096 0.99828 0.0113551 0.503068 -0.932367 -0.0577716 0.356868 110.058
0.304949 0.0134353 0.952274 4.82583 -0.0614149 0.998097 0.00558519 0.510757 -0.950386 -0.0601869 0.305194 110.178
0.254368 0.0166462 0.966964 5.21415 -0.0630615 0.998009 -0.000591815 0.511254 -0.965049 -0.0608277 0.254911 110.252
0.206849 0.0187187 0.978194 5.59828 -0.0632477 0.997981 -0.00572303 0.508949 -0.976326 -0.0606847 0.207615 110.322
0.164575 0.018097 0.986199 6.02843 -0.0579503 0.998282 -0.00864816 0.506415 -0.984661 -0.0557272 0.165341 110.368
0.128729 0.0174435 0.991527 6.43012 -0.0505604 0.99866 -0.0110049 0.512714 -0.99039 -0.0487153 0.129439 110.388
0.0972321 0.0173484 0.995111 6.87966 -0.0504559 0.998648 -0.0124801 0.518438 -0.993982 -0.0489957 0.0979763 110.42
0.0688162 0.015785 0.997505 7.32269 -0.052239 0.99856 -0.0121978 0.529499 -0.996261 -0.0512692 0.0695421 110.45
0.0418871 0.0120425 0.99905 7.7657 -0.0578921 0.998277 -0.00960592 0.540238 -0.997444 -0.0574347 0.0425124 110.492
0.0173317 0.00778176 0.99982 8.26757 -0.0620863 0.998048 -0.00669174 0.541704 -0.99792 -0.0619591 0.0177813 110.505
-0.00506672 0.00528414 0.999973 8.78414 -0.0588566 0.998251 -0.00557328 0.536405 -0.998254 -0.0588832 -0.00474652 110.496
-0.0259224 0.00511014 0.999651 9.2952 -0.0536751 0.998537 -0.00649634 0.52016 -0.998222 -0.0538247 -0.0256099 110.471
-0.0443321 0.00440789 0.999007 9.85339 -0.0534519 0.998547 -0.00677787 0.512873 -0.997586 -0.0536993 -0.0440317 110.43
-0.0583129 0.00542974 0.998284 10.4116 -0.0541911 0.998493 -0.00859638 0.515425 -0.996826 -0.0545994 -0.0579304 110.398
-0.0694062 0.00964427 0.997542 10.9817 -0.0581845 0.998212 -0.0136991 0.517409 -0.99589 -0.0589922 -0.0687205 110.381
-0.075719 0.0105388 0.997074 11.5929 -0.0561976 0.998309 -0.0148196 0.501784 -0.995544 -0.0571552 -0.0749984 110.334
-0.0791248 0.00732637 0.996838 12.2118 -0.0507898 0.998644 -0.0113712 0.475827 -0.99557 -0.0515289 -0.0786451 110.278
-0.0800773 0.00702955 0.996764 12.856 -0.0495464 0.998711 -0.0110237 0.47381 -0.995557 -0.0502688 -0.0796255 110.216
-0.0778962 0.00660013 0.99694 13.5266 -0.050896 0.998648 -0.0105882 0.460024 -0.995661 -0.051565 -0.0774546 110.17
-0.0763474 0.00676145 0.997059 14.1963 -0.054013 0.99848 -0.010907 0.467714 -0.995617 -0.0546868 -0.0758658 110.125
-0.074708 0.00641631 0.997185 14.891 -0.0555194 0.998401 -0.0105836 0.45072 -0.995659 -0.0561537 -0.074232 110.078
-0.0732704 0.00644092 0.997292 15.6057 -0.0568737 0.998325 -0.0106261 0.419992 -0.995689 -0.0574981 -0.0727809 110.022
-0.0730757 0.0062527 0.997307 16.3097 -0.0559164 0.998381 -0.0103566 0.393855 -0.995758 -0.0565226 -0.0726075 109.973
-0.0718337 0.00550106 0.997402 17.0329 -0.0572075 0.998316 -0.00962625 0.364512 -0.995775 -0.0577503 -0.0713977 109.931
-0.0718542 0.00337311 0.99741 17.7953 -0.0544903 0.998487 -0.0073023 0.35717 -0.995925 -0.0548738 -0.0715613 109.88
-0.0733527 0.00129049 0.997305 18.5875 -0.0560316 0.998414 -0.00541313 0.315082 -0.995731 -0.0562776 -0.0731638 109.832
-0.0734676 -0.000127146 0.997298 19.3485 -0.0574836 0.998338 -0.00410737 0.299405 -0.995639 -0.0576299 -0.0733525 109.782
-0.0745452 -0.00116376 0.997217 20.1495 -0.0594957 0.998223 -0.00328259 0.295794 -0.995441 -0.0595748 -0.0744816 109.725
-0.0750555 -0.00338516 0.997174 20.9156 -0.0572639 0.998358 -0.000920996 0.291578 -0.995534 -0.0571711 -0.0751258 109.657
-0.0779404 -0.00590216 0.996941 21.707 -0.0564299 0.998405 0.00149914 0.280929 -0.99536 -0.0561404 -0.0781488 109.588
-0.0790927 -0.00585653 0.99685 22.5242 -0.0584876 0.998287 0.00122438 0.280032 -0.99515 -0.0582065 -0.0792994 109.53
-0.0804475 -0.00297711 0.996755 23.3144 -0.0604677 0.998168 -0.001899 0.277422 -0.994923 -0.0604242 -0.0804798 109.484
-0.0819834 0.00161917 0.996633 24.1428 -0.0599868 0.998177 -0.00655624 0.27819 -0.994826 -0.0603222 -0.0817365 109.42
-0.082564 0.00257481 0.996583 24.935 -0.0582308 0.998275 -0.00740347 0.270781 -0.994883 -0.0586431 -0.0822714 109.352
-0.0847255 6.7882e-05 0.996405 25.777 -0.0615295 0.998091 -0.00529996 0.269703 -0.994502 -0.0617573 -0.0845592 109.289
-0.0867254 -0.0038001 0.996225 26.5477 -0.0638436 0.997958 -0.00175116 0.270379 -0.994184 -0.0637544 -0.0867906 109.236
-0.0879781 -0.00959318 0.996076 27.3927 -0.0655465 0.997842 0.00382078 0.263375 -0.993963 -0.0649531 -0.0884167 109.167
-0.0884842 -0.0145588 0.995971 28.2001 -0.0693763 0.997555 0.00841841 0.260179 -0.993658 -0.0683519 -0.0892775 109.115
-0.0897446 -0.0168046 0.995823 29.054 -0.0711879 0.997408 0.0104158 0.266112 -0.993417 -0.0699558 -0.0907079 109.043
-0.0893803 -0.00899111 0.995957 29.8816 -0.068963 0.997615 0.00281709 0.257719 -0.993607 -0.0684324 -0.0897869 108.967
-0.0878878 0.00116212 0.99613 30.6885 -0.0657678 0.99781 -0.00696675 0.255261 -0.993957 -0.0661256 -0.0876185 108.891
-0.0879692 0.00676879 0.9961 31.5074 -0.0654022 0.99778 -0.0125561 0.249849 -0.993973 -0.0662517 -0.0873309 108.816
-0.08522 0.0030427 0.996358 32.3206 -0.0635146 0.997944 -0.00848007 0.246056 -0.994335 -0.0640059 -0.0848513 108.745
-0.0831299 -0.0041811 0.99653 33.1379 -0.062106 0.998069 -0.000993305 0.225474 -0.994601 -0.061973 -0.0832286 108.676
-0.0837446 -0.0078272 0.996457 33.9248 -0.0625925 0.998035 0.00257916 0.202205 -0.994519 -0.0621547 -0.0840696 108.617
-0.0823566 -0.00734164 0.996576 34.6959 -0.0655154 0.997849 0.00193683 0.181903 -0.994447 -0.0651315 -0.0826602 108.564
-0.0845166 -0.00667774 0.9964 35.4744 -0.068392 0.997658 0.000885011 0.170285 -0.994072 -0.0680709 -0.084775 108.506
-0.0860107 -0.0076336 0.996265 36.2659 -0.0702538 0.997527 0.00157802 0.159198 -0.993814 -0.0698556 -0.086334 108.448
-0.0894079 -0.00835013 0.99596 37.0521 -0.0713102 0.997452 0.00196105 0.140696 -0.993439 -0.0708468 -0.0897752 108.382
-0.0912627 -0.00894625 0.995787 37.8449 -0.0714088 0.997444 0.00241659 0.125349 -0.993263 -0.0708873 -0.0916679 108.319
-0.0934659 -0.00896503 0.995582 38.5612 -0.0721538 0.99739 0.00220745 0.123031 -0.993004 -0.0716287 -0.0938685 108.262
-0.0968916 -0.009156 0.995253 39.3548 -0.0720897 0.997395 0.00215749 0.125941 -0.992681 -0.0715384 -0.0972989 108.191
-0.099199 -0.0110645 0.995006 40.1227 -0.0715769 0.997427 0.00395543 0.114741 -0.99249 -0.070827 -0.0997353 108.116
-0.102852 -0.0106716 0.99464 40.8665 -0.0732175 0.99731 0.00312913 0.118761 -0.991998 -0.0725031 -0.103356 108.056
-0.104376 -0.0109908 0.994477 41.6335 -0.0743784 0.997224 0.00321468 0.0921864 -0.991753 -0.0736321 -0.104903 107.978
-0.105912 -0.011067 0.994314 42.3856 -0.0733782 0.997298 0.00328411 0.0794164 -0.991664 -0.0726131 -0.106437 107.897
-0.106734 -0.0125779 0.994208 43.12 -0.0700651 0.997529 0.00509802 0.0664993 -0.991816 -0.0691151 -0.107351 107.807
-0.10998 -0.0129924 0.993849 43.8637 -0.0710281 0.99746 0.00517963 0.0533679 -0.991393 -0.0700215 -0.110623 107.724
-0.112745 -0.0146572 0.993516 44.6048 -0.0708388 0.997465 0.00667656 0.0312447 -0.991095 -0.0696267 -0.113497 107.645
-0.114068 -0.0133761 0.993383 45.3066 -0.0712989 0.99744 0.00524356 0.0156244 -0.990911 -0.0702289 -0.11473 107.568
-0.116885 -0.0144423 0.993041 46.0141 -0.0714981 0.997421 0.00609035 0.0159109 -0.990568 -0.0702886 -0.117616 107.494
-0.115228 -0.0145825 0.993232 46.6683 -0.0710475 0.997452 0.00640193 0.00586324 -0.990795 -0.0698289 -0.11597 107.409
-0.11752 -0.0124699 0.992992 47.3393 -0.0712209 0.997451 0.00409691 -0.00180168 -0.990513 -0.0702403 -0.118108 107.299
-0.116156 -0.0118652 0.99316 47.9833 -0.0737519 0.99727 0.00328858 -0.00845882 -0.990489 -0.0728654 -0.116713 107.222
-0.117003 -0.00987345 0.993083 48.6237 -0.0746199 0.997211 0.0011229 -0.00624853 -0.990324 -0.0739723 -0.117413 107.145
-0.117693 -0.0104807 0.992995 49.3074 -0.0744231 0.997224 0.00170442 -0.0149417 -0.990257 -0.0737011 -0.118146 107.071
-0.118115 -0.0106631 0.992943 49.9925 -0.0724248 0.997371 0.00209542 -0.0279161 -0.990355 -0.0716662 -0.118576 106.982
-0.121003 -0.012808 0.99257 50.6598 -0.0707151 0.997487 0.00425065 -0.0513297 -0.99013 -0.0696753 -0.121604 106.906
-0.121917 -0.0126243 0.99246 51.3423 -0.0748375 0.997189 0.00349115 -0.0606093 -0.989715 -0.0738476 -0.122519 106.834
-0.123755 -0.0125708 0.992233 51.9905 -0.0766605 0.997052 0.0030704 -0.0807197 -0.989347 -0.075685 -0.124354 106.761
-0.124279 -0.0142683 0.992145 52.6327 -0.0765034 0.997057 0.00475589 -0.0953743 -0.989294 -0.0753114 -0.125004 106.695
-0.125632 -0.0165323 0.991939 53.3086 -0.0786573 0.996879 0.00665243 -0.0993321 -0.988954 -0.0771875 -0.12654 106.613
-0.129019 -0.0175596 0.991487 53.9645 -0.0831357 0.996514 0.00683041 -0.112192 -0.988151 -0.0815466 -0.130029 106.54
-0.133333 -0.0178371 0.990911 54.62 -0.0844087 0.996409 0.00657833 -0.117329 -0.98747 -0.0827644 -0.13436 106.465
-0.139088 -0.015397 0.99016 55.2561 -0.0834204 0.996506 0.00377765 -0.141346 -0.98676 -0.0820741 -0.139886 106.372
-0.147747 -0.01153 0.988958 55.8919 -0.0817464 0.996652 -0.000592975 -0.14301 -0.985641 -0.0809313 -0.148195 106.298
-0.155226 -0.00940328 0.987834 56.5466 -0.0809232 0.996714 -0.00322833 -0.153085 -0.984559 -0.0804398 -0.155477 106.203
-0.164164 -0.00949253 0.986387 57.1856 -0.0839071 0.996463 -0.00437512 -0.158456 -0.982858 -0.0834831 -0.164379 106.125
-0.172527 -0.0114396 0.984939 57.8645 -0.0846643 0.996403 -0.00325747 -0.169793 -0.98136 -0.083951 -0.172874 106.022
-0.177158 -0.0118218 0.984112 58.5085 -0.0865215 0.996242 -0.00360797 -0.181005 -0.980372 -0.0857859 -0.177515 105.913
-0.182463 -0.0115047 0.983146 59.1888 -0.0882794 0.996084 -0.0047278 -0.183306 -0.979241 -0.0876541 -0.182764 105.8
-0.186354 -0.0147399 0.982372 59.8076 -0.0877303 0.996142 -0.00169571 -0.194932 -0.978558 -0.0864998 -0.186928 105.683
-0.18797 -0.0179846 0.98201 60.4984 -0.0858586 0.996305 0.00181196 -0.20739 -0.978415 -0.0839733 -0.188819 105.552
-0.192019 -0.0195442 0.981197 61.2107 -0.0839624 0.996462 0.00341688 -0.22922 -0.977793 -0.0817275 -0.19298 105.416
-0.194205 -0.0200252 0.980757 61.8678 -0.0860691 0.996283 0.00329917 -0.212569 -0.977178 -0.083772 -0.195207 105.293
-0.196181 -0.0170905 0.980419 62.5172 -0.082626 0.996579 0.000838838 -0.230009 -0.97708 -0.0808435 -0.196922 105.17
-0.19807 -0.0103086 0.980134 63.2029 -0.0762446 0.997076 -0.00492108 -0.226768 -0.977218 -0.0757046 -0.198277 105.022
-0.198954 -0.00728364 0.979982 63.9389 -0.0708831 0.997459 -0.00697701 -0.246766 -0.977442 -0.0708522 -0.198964 104.867
-0.20045 -0.00590691 0.979686 64.6588 -0.0702168 0.997496 -0.00835257 -0.251711 -0.977184 -0.0704647 -0.200363 104.723
-0.19994 -0.00905894 0.979766 65.3739 -0.07377 0.997257 -0.00583357 -0.252982 -0.977027 -0.0734437 -0.20006 104.592
-0.20084 -0.0139794 0.979524 66.1015 -0.0739809 0.997258 -0.000936421 -0.258048 -0.976827 -0.0726541 -0.201323 104.444
-0.201847 -0.0166146 0.979276 66.824 -0.0730687 0.997324 0.00185998 -0.250936 -0.976688 -0.0711789 -0.202521 104.293
-0.202556 -0.0174083 0.979116 67.5253 -0.0715508 0.997432 0.00293169 -0.259243 -0.976653 -0.0694626 -0.203281 104.145
-0.204503 -0.0168321 0.978721 68.2441 -0.0755475 0.99714 0.00136329 -0.259675 -0.975946 -0.0736611 -0.205189 104.007
-0.206735 -0.0168474 0.978252 68.9786 -0.0757627 0.997124 0.00116141 -0.286592 -0.975459 -0.0738748 -0.207417 103.866
-0.21013 -0.0164489 0.977535 69.6887 -0.0761793 0.997093 0.000402549 -0.290538 -0.974701 -0.0743833 -0.210772 103.719
-0.211631 -0.017775 0.977188 70.4025 -0.0770973 0.997022 0.00143876 -0.296103 -0.974304 -0.075034 -0.21237 103.569
-0.213317 -0.0189166 0.9768 71.1209 -0.0782866 0.996927 0.00220981 -0.313702 -0.973841 -0.0759989 -0.214142 103.42
-0.215756 -0.0195072 0.976253 71.8291 -0.0805758 0.996745 0.00210906 -0.310252 -0.973117 -0.0782072 -0.216626 103.286
-0.216702 -0.0181307 0.97607 72.5525 -0.0823857 0.9966 0.000221193 -0.314922 -0.972755 -0.0803662 -0.217458 103.158
-0.216975 -0.0179612 0.976012 73.279 -0.083023 0.996547 -0.0001176 -0.312019 -0.97264 -0.0810569 -0.217717 103.001
-0.217233 -0.0190545 0.975934 73.9849 -0.085579 0.99633 0.000403677 -0.317172 -0.972361 -0.0834317 -0.218067 102.835
-0.21794 -0.0221416 0.975711 74.7046 -0.0855683 0.996325 0.0034964 -0.325048 -0.972204 -0.0827278 -0.219034 102.696
-0.216483 -0.0229586 0.976016 75.447 -0.0881247 0.996101 0.00388473 -0.336979 -0.972301 -0.0851702 -0.217662 102.493
-0.217221 -0.0244696 0.975816 76.149 -0.0929118 0.995664 0.00428468 -0.321322 -0.971691 -0.089734 -0.218553 102.392
-0.219625 -0.0243595 0.97528 76.8713 -0.095814 0.995393 0.00328537 -0.314089 -0.970868 -0.0927239 -0.220947 102.274
-0.220526 -0.0250125 0.97506 77.6143 -0.0971276 0.995265 0.00356369 -0.299981 -0.970533 -0.0939193 -0.221911 102.113
-0.222297 -0.0260652 0.974631 78.367 -0.100867 0.994892 0.00360104 -0.313247 -0.969748 -0.0975073 -0.22379 101.927
-0.220558 -0.0224905 0.975115 79.0648 -0.104532 0.99452 -0.00070579 -0.310732 -0.969756 -0.102087 -0.2217 101.759
-0.221967 -0.0201006 0.974847 79.842 -0.104124 0.994558 -0.00320135 -0.323214 -0.969479 -0.102215 -0.222852 101.578
-0.220333 -0.0170264 0.975276 80.6528 -0.105356 0.994413 -0.00644135 -0.322656 -0.969718 -0.10417 -0.220895 101.394
-0.220242 -0.0156112 0.975321 81.454 -0.103901 0.994558 -0.00754328 -0.333536 -0.969896 -0.102998 -0.220665 101.21
-0.218792 -0.0161624 0.975638 82.2579 -0.101065 0.99486 -0.0061835 -0.344138 -0.970524 -0.0999553 -0.219301 101.026
-0.216138 -0.0174254 0.976207 83.0417 -0.100476 0.994928 -0.00448648 -0.367004 -0.971179 -0.0990552 -0.216792 100.823
-0.215973 -0.0187035 0.97622 83.8716 -0.102221 0.994754 -0.00355626 -0.3798 -0.971034 -0.100558 -0.216752 100.637
-0.212544 -0.0202543 0.976942 84.6853 -0.101896 0.994793 -0.00154429 -0.392805 -0.971824 -0.0998751 -0.213501 100.454
-0.21218 -0.0222609 0.976977 85.5217 -0.102195 0.994763 0.000471577 -0.399479 -0.971873 -0.0997417 -0.213343 100.266
-0.209405 -0.0244894 0.977522 86.3434 -0.102867 0.99469 0.00288321 -0.432849 -0.972403 -0.0999509 -0.210812 100.072
-0.208789 -0.0243596 0.977657 87.162 -0.10475 0.994494 0.00240863 -0.449871 -0.972335 -0.101907 -0.210191 99.9002
-0.208177 -0.0211768 0.977862 88.0091 -0.103738 0.994603 -0.000545458 -0.458283 -0.972574 -0.101555 -0.20925 99.7217
-0.207211 -0.0177977 0.978134 88.8067 -0.103357 0.994636 -0.00379746 -0.452562 -0.972821 -0.101883 -0.207939 99.5486
-0.20769 -0.0143782 0.978089 89.6405 -0.10634 0.994297 -0.00796407 -0.475544 -0.972397 -0.105664 -0.208035 99.3763
-0.20578 -0.0146405 0.978489 90.4836 -0.10695 0.994234 -0.00761582 -0.485758 -0.972737 -0.106216 -0.206159 99.2132
-0.205829 -0.0169592 0.978441 91.3491 -0.106229 0.994327 -0.00511233 -0.518038 -0.972805 -0.104991 -0.206463 99.0282
-0.204772 -0.0164685 0.978671 92.1824 -0.103397 0.994627 -0.00489725 -0.540254 -0.973333 -0.102194 -0.205374 98.8594
-0.204054 -0.0171553 0.978809 93.0293 -0.104207 0.994545 -0.00429315 -0.56209 -0.973398 -0.102875 -0.204729 98.6922
-0.20389 -0.0176105 0.978835 93.8676 -0.106312 0.994323 -0.00425558 -0.571273 -0.973204 -0.104929 -0.204605 98.5126
-0.203125 -0.01785 0.97899 94.6967 -0.103495 0.994623 -0.00333858 -0.57992 -0.973668 -0.101999 -0.20388 98.3516
-0.20269 -0.018321 0.979071 95.5391 -0.099588 0.995026 -0.00199741 -0.590597 -0.974166 -0.0979086 -0.203506 98.1757
-0.201742 -0.0179266 0.979275 96.3766 -0.0997591 0.995008 -0.002337 -0.604831 -0.974345 -0.098163 -0.202523 98.0086
-0.201814 -0.0173961 0.979269 97.2228 -0.0991017 0.995072 -0.00274668 -0.610033 -0.974397 -0.0976015 -0.202544 97.8415
-0.200346 -0.0162751 0.97959 98.028 -0.10157 0.994818 -0.00424509 -0.625275 -0.974446 -0.100348 -0.200961 97.678
-0.19963 -0.019651 0.979674 98.8463 -0.103703 0.994606 -0.00118127 -0.632366 -0.974368 -0.101831 -0.200591 97.5199
-0.199946 -0.0219591 0.979561 99.6699 -0.107407 0.994214 0.00036372 -0.640665 -0.973902 -0.105139 -0.201148 97.3634
-0.200391 -0.0209182 0.979493 100.492 -0.110126 0.993916 -0.00130407 -0.648938 -0.973507 -0.108129 -0.201475 97.2062
-0.201582 -0.0184745 0.979297 101.302 -0.113722 0.9935 -0.00466654 -0.652858 -0.972847 -0.112308 -0.202373 97.0457
-0.201553 -0.0172014 0.979327 102.115 -0.115769 0.993254 -0.00638014 -0.66608 -0.972612 -0.114662 -0.202184 96.8885
-0.200922 -0.0169422 0.979461 102.917 -0.115553 0.993279 -0.00652278 -0.687754 -0.972768 -0.11449 -0.201529 96.7267
-0.201313 -0.016723 0.979384 103.698 -0.115739 0.993255 -0.0068304 -0.684278 -0.972665 -0.114728 -0.20189 96.5673
-0.201003 -0.0159827 0.97946 104.497 -0.115064 0.993329 -0.00740417 -0.701053 -0.972809 -0.114188 -0.201502 96.406
-0.201743 -0.0139652 0.979339 105.302 -0.115729 0.993232 -0.00967669 -0.706634 -0.972577 -0.11529 -0.201994 96.2476
-0.200721 -0.0131274 0.97956 106.107 -0.11597 0.993196 -0.0104533 -0.719676 -0.97276 -0.115698 -0.200878 96.085
-0.20128 -0.0130886 0.979446 106.832 -0.117365 0.993028 -0.0108488 -0.735407 -0.972477 -0.117136 -0.201413 95.9378
-0.20276 -0.0140595 0.979128 107.619 -0.118056 0.992953 -0.0101893 -0.750636 -0.972086 -0.117658 -0.202991 95.7858
-0.20544 -0.0133723 0.978578 108.395 -0.117869 0.992965 -0.0111762 -0.773817 -0.971546 -0.11764 -0.205571 95.6328
-0.208787 -0.0121513 0.977886 109.162 -0.11789 0.992942 -0.0128321 -0.810542 -0.97083 -0.117962 -0.208746 95.478
-0.211551 -0.0115568 0.977298 109.935 -0.118385 0.992869 -0.0138853 -0.833914 -0.970171 -0.118635 -0.211411 95.3191
-0.215082 -0.011756 0.976525 110.706 -0.117511 0.992972 -0.0139281 -0.855067 -0.9695 -0.117748 -0.214952 95.1546
-0.217467 -0.0122636 0.975991 111.476 -0.116604 0.993085 -0.0135028 -0.884975 -0.969078 -0.11674 -0.217393 94.9868
-0.220713 -0.0120345 0.975265 112.242 -0.115483 0.993211 -0.0138791 -0.908369 -0.968478 -0.11569 -0.220604 94.817
-0.222473 -0.00965094 0.974891 113.001 -0.118528 0.9928 -0.0172202 -0.925676 -0.967707 -0.119383 -0.222015 94.6631
-0.2243 -0.00425329 0.974511 113.751 -0.119611 0.992548 -0.0231985 -0.932587 -0.967152 -0.121766 -0.223137 94.4998
-0.227614 -0.00156494 0.97375 114.514 -0.116353 0.992876 -0.0256017 -0.951567 -0.966775 -0.119126 -0.226175 94.317
-0.229851 -0.00404097 0.973217 115.262 -0.115225 0.99307 -0.02309 -0.980055 -0.966381 -0.117446 -0.228724 94.1443
-0.233003 -0.0105031 0.972419 116.021 -0.115948 0.993107 -0.017056 -0.995433 -0.965539 -0.116724 -0.232615 93.9835
-0.234442 -0.01177 0.972059 116.783 -0.115934 0.993128 -0.0159361 -1.02333 -0.965192 -0.116431 -0.234195 93.8167
-0.236874 -0.0107494 0.971481 117.522 -0.116808 0.992999 -0.0174934 -1.04247 -0.964493 -0.11762 -0.236471 93.638
-0.238994 -0.00846716 0.970984 118.28 -0.119896 0.992566 -0.0208554 -1.06462 -0.96359 -0.121402 -0.238232 93.4608
-0.24134 -0.00538385 0.970425 119.021 -0.119316 0.992561 -0.0241667 -1.08507 -0.963078 -0.12162 -0.240187 93.2762
-0.24357 -0.00212453 0.969881 119.748 -0.116415 0.992831 -0.027061 -1.12922 -0.962871 -0.1195 -0.242071 93.0899
-0.24518 0.00216903 0.969475 120.489 -0.116586 0.992673 -0.0317056 -1.15128 -0.962442 -0.120801 -0.243131 92.9022
-0.247832 0.0031686 0.968798 121.221 -0.118184 0.992426 -0.0334791 -1.16911 -0.961567 -0.122794 -0.24558 92.7242
-0.249798 0.00170337 0.968296 121.955 -0.116812 0.992641 -0.0318811 -1.2009 -0.961226 -0.121073 -0.24776 92.5432
-0.253084 -9.92371e-06 0.967444 122.688 -0.114523 0.992968 -0.0299492 -1.23005 -0.960642 -0.118375 -0.251305 92.352
-0.258042 -0.001715 0.966132 123.433 -0.115056 0.992935 -0.0289676 -1.25876 -0.959258 -0.118634 -0.256416 92.148
-0.26376 -0.00252767 0.964585 124.169 -0.113838 0.993088 -0.0285259 -1.29417 -0.957847 -0.11733 -0.262225 91.957
-0.272354 -0.00238055 0.962194 124.904 -0.115368 0.992862 -0.0301992 -1.32266 -0.955256 -0.119231 -0.270685 91.7628
-0.28214 -0.00275017 0.959369 125.604 -0.116171 0.992734 -0.0313188 -1.34095 -0.952314 -0.120287 -0.280409 91.5633
-0.294532 -0.00220688 0.955639 126.319 -0.115705 0.992721 -0.0333681 -1.37513 -0.948611 -0.1204 -0.292644 91.3601
-0.306226 -0.00178988 0.951957 127.01 -0.115249 0.992711 -0.0352068 -1.40321 -0.944957 -0.120493 -0.3042 91.1434
-0.31878 -0.00188011 0.947827 127.714 -0.112466 0.993007 -0.0358555 -1.4328 -0.941133 -0.118028 -0.316762 90.9199
-0.329994 -0.0018722 0.943981 128.42 -0.112847 0.992904 -0.0374795 -1.4588 -0.937214 -0.118894 -0.327864 90.6868
-0.340675 -0.00127529 0.94018 129.108 -0.109722 0.993218 -0.0384105 -1.50922 -0.933757 -0.116244 -0.338504 90.4428
-0.349832 -0.00026896 0.936812 129.782 -0.104939 0.993716 -0.038902 -1.53745 -0.930916 -0.111918 -0.347662 90.1858
-0.35717 0.000498022 0.934039 130.427 -0.104425 0.993708 -0.0404612 -1.5835 -0.928184 -0.111988 -0.354871 89.9265
-0.363315 0.000110811 0.931666 131.072 -0.107371 0.99333 -0.0419887 -1.60477 -0.925459 -0.115289 -0.36088 89.6678
-0.367711 -0.00150858 0.929938 131.741 -0.10366 0.993831 -0.0393764 -1.64058 -0.924144 -0.110876 -0.3656 89.4114
-0.370583 -0.00304973 0.928794 132.41 -0.0995087 0.994368 -0.0364383 -1.67883 -0.923453 -0.105927 -0.3688 89.1418
-0.370996 -0.00408632 0.928625 133.054 -0.095322 0.994874 -0.0337043 -1.71418 -0.923729 -0.101023 -0.369484 88.8865
-0.372482 -0.00397262 0.92803 133.705 -0.0924139 0.995177 -0.032832 -1.74244 -0.923427 -0.0979923 -0.371053 88.6219
-0.373409 -0.00148819 0.927665 134.319 -0.0912183 0.99521 -0.0351212 -1.77181 -0.923171 -0.0977346 -0.371756 88.3666
-0.372441 0.00208736 0.928053 134.939 -0.0916401 0.995026 -0.0390144 -1.78997 -0.923521 -0.0995775 -0.370397 88.0861
-0.372228 0.00250192 0.928138 135.572 -0.0895947 0.995228 -0.0386146 -1.82131 -0.923807 -0.0975297 -0.370228 87.8328
-0.370938 0.000972903 0.928657 136.178 -0.088766 0.995382 -0.0364991 -1.85432 -0.924406 -0.0959721 -0.369139 87.5653
-0.369478 0.00052733 0.929239 136.804 -0.0857102 0.995716 -0.0346446 -1.89172 -0.925279 -0.0924457 -0.36785 87.3248
-0.367097 0.000447619 0.930182 137.421 -0.0864359 0.995655 -0.034591 -1.91847 -0.926158 -0.0930994 -0.365463 87.0991
-0.365103 0.0031145 0.930962 138.043 -0.0837705 0.995826 -0.0361845 -1.94571 -0.927191 -0.0911982 -0.363318 86.8595
-0.362486 0.00562448 0.931972 138.655 -0.0815458 0.995953 -0.0377275 -1.9462 -0.928415 -0.0896741 -0.360561 86.6034
-0.357701 0.00514779 0.933821 139.265 -0.0806391 0.996077 -0.0363798 -1.98871 -0.930348 -0.0883156 -0.355883 86.3723
-0.35456 0.00419922 0.935023 139.851 -0.0800086 0.996184 -0.0348131 -2.01426 -0.931604 -0.0871533 -0.352871 86.1579
-0.349664 0.00222633 0.936872 140.46 -0.0800043 0.996271 -0.0322271 -2.04072 -0.933453 -0.0862225 -0.348182 85.9431
-0.347605 0.00306878 0.937635 141.02 -0.0798934 0.996259 -0.0328792 -2.04678 -0.934231 -0.0863399 -0.34606 85.7445
-0.344619 0.0021795 0.93874 141.6 -0.0798695 0.996301 -0.0316339 -2.07432 -0.935339 -0.0858783 -0.343171 85.5305
-0.340705 0.00134941 0.940169 142.2 -0.0778288 0.996524 -0.0296345 -2.10035 -0.936943 -0.0832688 -0.339416 85.3145
-0.336891 -0.000188651 0.941543 142.837 -0.076736 0.996677 -0.027257 -2.13641 -0.938412 -0.0814329 -0.335786 85.101
-0.33338 -0.000764628 0.942792 143.427 -0.0775461 0.996632 -0.0266127 -2.15645 -0.939598 -0.081982 -0.332317 84.9003
-0.330042 4.06028e-05 0.943966 144.003 -0.0785938 0.996525 -0.0275218 -2.17766 -0.940689 -0.0832732 -0.328892 84.7051
-0.326681 0.00199429 0.945132 144.562 -0.0787278 0.996463 -0.0293145 -2.21422 -0.94185 -0.0839847 -0.325369 84.503
