1 0 0 0 0 1 0 0 0 0 1 0
1 0.000413582 0.000228361 -0.00644989 -0.000413611 1 0.000127602 -0.0142125 -0.000228309 -0.000127696 1 0.47741
0.999999 0.000802699 -0.00063088 -0.0126293 -0.000802614 1 0.000135232 -0.0204329 0.000630988 -0.000134726 1 0.999591
0.999996 0.00083371 -0.00258136 -0.0198033 -0.000833012 1 0.000271192 -0.024281 0.00258159 -0.000269041 0.999997 1.54498
0.999989 0.000566391 -0.00457036 -0.0223953 -0.0005637 1 0.000590051 -0.0285354 0.0045707 -0.000587468 0.999989 2.09796
0.999985 0.000560893 -0.00545425 -0.0241513 -0.000556105 1 0.000879369 -0.0357958 0.00545474 -0.000876323 0.999985 2.65705
0.999971 0.000997573 -0.00759481 -0.0277566 -0.000987734 0.999999 0.00129904 -0.0446912 0.0075961 -0.0012915 0.99997 3.2256
0.999963 0.00148642 -0.00843917 -0.0323922 -0.00146968 0.999997 0.00198866 -0.0579555 0.0084421 -0.00197619 0.999962 3.79933
0.999946 0.00202268 -0.0102151 -0.0419591 -0.00199736 0.999995 0.00248799 -0.0744988 0.01022 -0.00246746 0.999945 4.37152
0.999941 0.00289577 -0.0104632 -0.0490206 -0.0028696 0.999993 0.00251531 -0.0900139 0.0104704 -0.00248514 0.999942 4.95211
0.999921 0.00343852 -0.0120504 -0.0614559 -0.00340721 0.999991 0.00261748 -0.097971 0.0120593 -0.00257622 0.999924 5.53747
0.999905 0.00389178 -0.0132446 -0.0787397 -0.00385432 0.999989 0.0028528 -0.106671 0.0132556 -0.00280148 0.999908 6.13339
0.999898 0.00438195 -0.0136003 -0.0929566 -0.00432826 0.999983 0.00397524 -0.117906 0.0136175 -0.00391597 0.999899 6.7339
0.99987 0.00475407 -0.0153986 -0.109527 -0.00463399 0.999959 0.00782474 -0.122326 0.0154352 -0.00775237 0.999851 7.36652
0.999874 0.00539526 -0.0148808 -0.126366 -0.00515225 0.999854 0.016321 -0.117566 0.0149666 -0.0162423 0.999756 8.01577
0.999849 0.00458902 -0.016762 -0.152399 -0.00421705 0.999746 0.0221594 -0.115673 0.0168594 -0.0220853 0.999614 8.68601
0.999823 0.00625046 -0.0177483 -0.173171 -0.00585648 0.999737 0.0221642 -0.122727 0.0178822 -0.0220563 0.999597 9.36088
0.9998 0.00964839 -0.01752 -0.18827 -0.00937477 0.999834 0.0156333 -0.131683 0.0176679 -0.015466 0.999724 10.0377
0.999751 0.0114539 -0.0191547 -0.21039 -0.0112584 0.999884 0.0102845 -0.141564 0.0192703 -0.0100663 0.999764 10.7435
0.999748 0.0114905 -0.0192595 -0.226865 -0.011247 0.999856 0.0127047 -0.146168 0.0194027 -0.0124849 0.999734 11.4551
0.99974 0.0104779 -0.0202644 -0.255336 -0.0100665 0.999743 0.0202971 -0.142366 0.0204718 -0.0200878 0.999589 12.2075
0.999767 0.00948164 -0.0193752 -0.273815 -0.00895235 0.999589 0.0272244 -0.132801 0.0196254 -0.0270446 0.999442 12.9728
0.999733 0.00997681 -0.0208391 -0.297557 -0.00938016 0.999549 0.0285356 -0.121933 0.0211144 -0.0283325 0.999376 13.7597
0.999724 0.0105472 -0.0209744 -0.321993 -0.00993998 0.999534 0.0288488 -0.11703 0.0212689 -0.0286324 0.999364 14.5616
0.999742 0.0120019 -0.0192784 -0.336449 -0.0114493 0.999528 0.0285239 -0.118931 0.0196116 -0.0282958 0.999407 15.3664
0.999711 0.0137446 -0.0197337 -0.355867 -0.0131888 0.99952 0.0280241 -0.108015 0.0201094 -0.0277557 0.999412 16.203
0.999767 0.0126021 -0.017548 -0.370136 -0.0121777 0.999636 0.0240902 -0.0987816 0.0178452 -0.0238708 0.999556 17.0467
0.999796 0.00976977 -0.0176589 -0.389075 -0.00943021 0.999771 0.0192112 -0.104258 0.0178425 -0.0190407 0.99966 17.9101
0.999819 0.0114863 -0.0151636 -0.400627 -0.0112692 0.999834 0.0143216 -0.108639 0.0153256 -0.0141481 0.999783 18.7818
0.999796 0.0129849 -0.0154974 -0.415808 -0.0127915 0.99984 0.0125106 -0.111725 0.0156574 -0.0123098 0.999802 19.6747
0.999799 0.0130881 -0.0151596 -0.432061 -0.0128813 0.999824 0.01366 -0.108299 0.0153357 -0.013462 0.999792 20.5834
0.999814 0.013818 -0.0134806 -0.445809 -0.0136319 0.999812 0.0138031 -0.106105 0.0136688 -0.0136168 0.999814 21.497
0.999795 0.0148952 -0.0137175 -0.462747 -0.014703 0.999794 0.014012 -0.106453 0.0139234 -0.0138075 0.999808 22.4243
0.999795 0.0160488 -0.0123872 -0.477702 -0.01587 0.99977 0.014394 -0.103458 0.0126153 -0.0141945 0.99982 23.3624
0.999791 0.0161127 -0.0126074 -0.496881 -0.0159174 0.999754 0.0154396 -0.102845 0.0128531 -0.0152357 0.999801 24.3113
0.999804 0.0163842 -0.0111497 -0.513404 -0.0162029 0.999738 0.016163 -0.0978185 0.0114116 -0.0159792 0.999807 25.272
0.999795 0.0164908 -0.0117838 -0.528577 -0.0162934 0.999728 0.0166594 -0.0938471 0.0120553 -0.016464 0.999792 26.2379
0.99979 0.0168792 -0.0116041 -0.544284 -0.0166747 0.999708 0.0174972 -0.0888553 0.0118961 -0.0173 0.99978 27.2148
0.9998 0.0169747 -0.0105778 -0.561066 -0.0167781 0.99969 0.0183975 -0.0827499 0.0108869 -0.0182163 0.999775 28.2042
0.99979 0.0169194 -0.011619 -0.581321 -0.016696 0.999679 0.0190614 -0.0699341 0.0119378 -0.0188634 0.999751 29.2023
0.999814 0.0162757 -0.0103733 -0.601198 -0.0160786 0.999694 0.0188101 -0.0514103 0.0106763 -0.0186398 0.999769 30.2108
0.999804 0.0163676 -0.0111125 -0.622276 -0.0161541 0.999688 0.0190399 -0.0332152 0.0114206 -0.0188566 0.999757 31.2226
0.999824 0.0148517 -0.0114523 -0.644101 -0.014623 0.999697 0.0198 -0.00420558 0.0117429 -0.019629 0.999738 32.2466
0.999841 0.0141576 -0.0108626 -0.664678 -0.0139258 0.99968 0.02113 0.0182383 0.0111582 -0.0209754 0.999718 33.2891
0.999823 0.0140652 -0.0125113 -0.692344 -0.013784 0.999657 0.0222807 0.0316932 0.0128204 -0.0221043 0.999673 34.3407
0.99983 0.0142101 -0.0118157 -0.717514 -0.013935 0.999637 0.0230492 0.0501614 0.0121389 -0.0228806 0.999664 35.3996
0.999814 0.0141712 -0.0130754 -0.742481 -0.0138661 0.999636 0.0231378 0.0721702 0.0133985 -0.0229522 0.999647 36.4547
0.99982 0.0144661 -0.0122731 -0.770431 -0.0141831 0.999638 0.0228403 0.0905037 0.012599 -0.0226621 0.999664 37.5109
0.999802 0.0148249 -0.0132861 -0.794335 -0.0145166 0.99963 0.0230098 0.111023 0.0136222 -0.0228123 0.999647 38.5666
0.999793 0.0148327 -0.0139797 -0.817164 -0.0144949 0.999608 0.0239628 0.118491 0.0143297 -0.0237552 0.999615 39.6351
0.999789 0.0153443 -0.0137007 -0.842789 -0.0149955 0.99957 0.0252086 0.125532 0.0140816 -0.0249978 0.999588 40.7115
0.999754 0.0163829 -0.0149669 -0.864579 -0.0159914 0.999536 0.0259188 0.13403 0.0153846 -0.025673 0.999552 41.7925
0.999735 0.0178667 -0.0145396 -0.884966 -0.0174864 0.999512 0.0258758 0.141142 0.0149948 -0.0256147 0.999559 42.8791
0.99967 0.0198045 -0.0163556 -0.908222 -0.01941 0.999525 0.0239363 0.150101 0.0168219 -0.023611 0.999579 43.9646
0.999647 0.0213857 -0.0157528 -0.931459 -0.0210109 0.999501 0.0235913 0.158508 0.0162495 -0.023252 0.999597 45.0537
0.999626 0.0220031 -0.0162395 -0.956378 -0.0216085 0.999476 0.0240865 0.167352 0.016761 -0.0237265 0.999578 46.1427
0.999624 0.0220465 -0.0163117 -0.977916 -0.0216182 0.999429 0.0259812 0.174808 0.0168752 -0.0256188 0.999529 47.237
0.999617 0.0230623 -0.0153261 -1.00263 -0.0226422 0.999378 0.0270443 0.179653 0.0159402 -0.026687 0.999516 48.3262
0.999622 0.0223795 -0.0159666 -1.02361 -0.0219235 0.999362 0.0281836 0.18231 0.0165871 -0.0278229 0.999475 49.4174
0.999612 0.0235539 -0.0149062 -1.04604 -0.0231239 0.999329 0.0283888 0.193841 0.0155649 -0.0280331 0.999486 50.503
0.9996 0.0237196 -0.0153912 -1.06239 -0.0232746 0.999323 0.0284733 0.203104 0.0160562 -0.0281037 0.999476 51.5896
0.99958 0.0246035 -0.0153225 -1.0908 -0.0241618 0.999305 0.0283726 0.223834 0.0160099 -0.0279905 0.99948 52.6778
0.999612 0.0242325 -0.0137765 -1.10711 -0.0238347 0.999314 0.02834 0.25252 0.0144538 -0.0280006 0.999503 53.7516
0.9996 0.0239679 -0.0149981 -1.12109 -0.0235395 0.999327 0.0281144 0.286329 0.0156618 -0.0277501 0.999492 54.8318
0.999628 0.0236449 -0.0135972 -1.13279 -0.0232567 0.999336 0.028026 0.322654 0.0142508 -0.0276993 0.999514 55.8996
0.999643 0.0227268 -0.014056 -1.14977 -0.0223022 0.999311 0.0296609 0.357152 0.0147204 -0.0293368 0.999461 56.9472
0.999658 0.0217537 -0.014547 -1.16991 -0.0212276 0.999148 0.0353954 0.38549 0.0153045 -0.0350745 0.999267 57.9547
0.9997 0.0197031 -0.0145553 -1.19216 -0.0190811 0.998947 0.0417055 0.418144 0.0153617 -0.0414152 0.999024 58.9942
0.999715 0.0194859 -0.0138071 -1.21937 -0.0188865 0.998927 0.0422869 0.455677 0.0146163 -0.0420141 0.99901 60.0447
0.999732 0.0192515 -0.0128539 -1.23988 -0.0186938 0.998935 0.0421844 0.487383 0.0136523 -0.0419328 0.999027 61.0866
0.999733 0.0186011 -0.0137124 -1.2553 -0.0180178 0.998976 0.0415021 0.530464 0.0144704 -0.041244 0.999044 62.1462
0.999707 0.020515 -0.012904 -1.27977 -0.0199927 0.999024 0.0393758 0.574945 0.0136992 -0.0391062 0.999141 63.1909
0.999696 0.020742 -0.013359 -1.30097 -0.0202511 0.99915 0.0358825 0.614132 0.0140919 -0.035601 0.999266 64.2318
0.999668 0.0225197 -0.0125098 -1.32686 -0.0220649 0.99913 0.035372 0.656082 0.0132954 -0.0350843 0.999296 65.2776
0.999589 0.0262234 -0.0115817 -1.35212 -0.0257667 0.998947 0.037962 0.70164 0.012565 -0.037648 0.999212 66.324
0.99959 0.0263601 -0.0112208 -1.37463 -0.0258983 0.998884 0.0394818 0.741665 0.012249 -0.0391749 0.999157 67.37
0.999567 0.0271159 -0.0114588 -1.39614 -0.0266303 0.998821 0.0405923 0.785098 0.012546 -0.0402696 0.99911 68.4163
0.999561 0.027019 -0.01215 -1.41349 -0.0264918 0.998781 0.041639 0.831491 0.0132602 -0.0412988 0.999059 69.4721
0.999571 0.0267515 -0.0119711 -1.4297 -0.026213 0.998728 0.043077 0.8684 0.0131083 -0.0427447 0.999 70.5312
0.999563 0.0261921 -0.0137079 -1.44794 -0.025551 0.998659 0.0450207 0.896582 0.0148687 -0.0446508 0.998892 71.5984
0.999569 0.0254611 -0.0146486 -1.46592 -0.024748 0.99859 0.0469611 0.926956 0.0158236 -0.0465783 0.998789 72.6624
0.99958 0.0252483 -0.0142545 -1.48345 -0.0245436 0.998564 0.0476165 0.961662 0.0154363 -0.0472466 0.998764 73.7147
0.999538 0.0258508 -0.015998 -1.50256 -0.0250684 0.998565 0.0473097 0.99114 0.0171981 -0.0468867 0.998752 74.7755
0.999532 0.0266983 -0.0149437 -1.52419 -0.0259518 0.998505 0.0480973 1.02547 0.0162055 -0.047687 0.998731 75.8294
0.999485 0.0277981 -0.0160556 -1.54538 -0.0269635 0.998383 0.0500475 1.06215 0.0174209 -0.0495888 0.998618 76.8837
0.999448 0.0292867 -0.0156805 -1.56378 -0.0283888 0.998098 0.054709 1.0956 0.0172529 -0.0542336 0.998379 77.9326
0.99943 0.0304417 -0.0145887 -1.58292 -0.0295377 0.997843 0.058615 1.14108 0.0163416 -0.0581507 0.998174 78.9673
0.999407 0.0313655 -0.0142089 -1.6028 -0.0304757 0.997791 0.0590203 1.18583 0.0160288 -0.0585522 0.998155 79.9759
0.999386 0.0320128 -0.0142798 -1.62425 -0.0311141 0.997758 0.0592483 1.2411 0.0161445 -0.0587676 0.998141 80.9804
0.999391 0.0318403 -0.0143252 -1.64446 -0.0309284 0.997724 0.0599196 1.29912 0.0162004 -0.05944 0.9981 81.9858
0.999392 0.0317748 -0.0144082 -1.66581 -0.0308488 0.997692 0.0604857 1.35508 0.0162969 -0.0600044 0.998065 82.9862
0.999377 0.031459 -0.0160222 -1.68557 -0.0304213 0.997653 0.0613429 1.40569 0.0179144 -0.0608173 0.997988 83.9911
0.999377 0.031065 -0.0167474 -1.70619 -0.0299547 0.99757 0.0629063 1.45095 0.0186609 -0.0623654 0.997879 84.9905
0.999404 0.0305347 -0.0161325 -1.73049 -0.0294282 0.99746 0.0648662 1.49622 0.0180722 -0.0643527 0.997763 85.9756
0.99938 0.0302316 -0.018051 -1.75208 -0.0289745 0.997382 0.0662517 1.53814 0.0200066 -0.0656876 0.997639 86.9413
0.999375 0.0292786 -0.0198129 -1.77476 -0.0278809 0.997331 0.0674817 1.57559 0.0217358 -0.0668871 0.997523 87.8627
0.999293 0.0293485 -0.0234969 -1.80205 -0.0276808 0.997274 0.068401 1.61947 0.0254403 -0.0677022 0.997381 88.7644
0.999206 0.0293502 -0.0269519 -1.83309 -0.0274353 0.997249 0.0688615 1.66243 0.0288988 -0.0680674 0.997262 89.6399
0.999132 0.0297554 -0.0291579 -1.8631 -0.0276626 0.997182 0.0697243 1.70866 0.0311504 -0.0688572 0.99714 90.4968
0.998975 0.0314045 -0.032606 -1.89467 -0.0290196 0.997039 0.0712063 1.74014 0.0347457 -0.0701871 0.996928 91.3475
0.998878 0.0327191 -0.0342575 -1.93031 -0.0301822 0.996939 0.0721189 1.77564 0.0365122 -0.071004 0.996807 92.1683
0.998717 0.0337239 -0.0377794 -1.96664 -0.0308844 0.996826 0.0733767 1.81502 0.040134 -0.0721157 0.996588 92.9681
0.998624 0.0350324 -0.039032 -2.00355 -0.0320748 0.996743 0.0739812 1.85191 0.0414966 -0.0726274 0.996495 93.7358
0.998463 0.0362143 -0.0419556 -2.04236 -0.0330125 0.996663 0.0746431 1.88795 0.0445188 -0.0731433 0.996327 94.4803
0.998331 0.0371738 -0.0442 -2.08279 -0.033796 0.996621 0.074854 1.9249 0.0468333 -0.0732352 0.996214 95.187
0.998234 0.0381034 -0.0455899 -2.11947 -0.0346202 0.99659 0.0748941 1.9629 0.0482881 -0.0731835 0.996148 95.8736
0.998033 0.0391296 -0.0489834 -2.16024 -0.035376 0.996534 0.0752832 1.99663 0.0517594 -0.0734023 0.995958 96.5354
0.997959 0.0396247 -0.0500834 -2.19963 -0.0357603 0.996479 0.0758316 2.03031 0.0529119 -0.0738858 0.995862 97.1644
0.997869 0.0400518 -0.0515111 -2.23802 -0.0360561 0.996433 0.0762882 2.06229 0.0543828 -0.0742683 0.995754 97.7746
0.997875 0.0410315 -0.0506118 -2.27723 -0.0370568 0.996333 0.0771158 2.09346 0.0535903 -0.0750764 0.995736 98.3594
0.997972 0.0426301 -0.0472862 -2.31265 -0.0388456 0.996176 0.0782545 2.12317 0.0504413 -0.0762588 0.995811 98.9268
0.99818 0.0432739 -0.0420152 -2.34682 -0.0398591 0.99608 0.0789655 2.15137 0.0452677 -0.077147 0.995991 99.4819
0.998474 0.0434787 -0.0340491 -2.36525 -0.0406468 0.995977 0.0798559 2.17972 0.0373841 -0.07835 0.996224 100.008
0.998766 0.0432399 -0.0244259 -2.38249 -0.0411481 0.995907 0.0804689 2.20752 0.0278054 -0.0793645 0.996457 100.524
0.998993 0.0431672 -0.0122499 -2.38547 -0.04204 0.995841 0.0808209 2.23422 0.0156877 -0.0802245 0.996653 101.017
0.99908 0.0428824 0.001165 -2.38167 -0.0428357 0.995789 0.0810517 2.26045 0.0023156 -0.0810269 0.996709 101.484
0.998942 0.042967 0.0164218 -2.37077 -0.0441567 0.99576 0.0806902 2.2894 -0.0128851 -0.0813299 0.996603 101.941
0.998481 0.0429115 0.0345771 -2.3504 -0.0455869 0.995694 0.0807147 2.31218 -0.0309646 -0.0821683 0.996137 102.38
0.997527 0.0427028 0.055836 -2.3234 -0.0471309 0.995635 0.0805547 2.33612 -0.0521524 -0.082987 0.995185 102.802
0.995819 0.0424136 0.0809099 -2.28004 -0.048899 0.995599 0.0799362 2.36234 -0.0771635 -0.0835583 0.99351 103.222
0.99331 0.0421405 0.107522 -2.22404 -0.0508801 0.995505 0.0798777 2.38537 -0.103672 -0.0848139 0.990988 103.621
0.989546 0.0417445 0.138047 -2.15437 -0.0530297 0.995454 0.0791075 2.41184 -0.134117 -0.085601 0.987261 104.012
0.984541 0.0411803 0.170249 -2.06994 -0.0551633 0.995407 0.0782346 2.43246 -0.166245 -0.0864166 0.98229 104.391
0.977583 0.0407629 0.206569 -1.97254 -0.0577213 0.995378 0.0767433 2.45613 -0.202486 -0.0869463 0.975417 104.764
0.968837 0.0398593 0.244472 -1.86021 -0.06002 0.995332 0.0755761 2.47682 -0.240319 -0.0878941 0.966706 105.124
0.957801 0.0394345 0.284717 -1.73366 -0.0628998 0.995291 0.0737457 2.48857 -0.280468 -0.0885423 0.95577 105.478
0.945006 0.0397204 0.324634 -1.60036 -0.0663111 0.995251 0.0712571 2.51015 -0.320262 -0.0888652 0.943151 105.816
0.928849 0.0400031 0.368292 -1.45427 -0.0699609 0.995205 0.0683475 2.52694 -0.363792 -0.0892505 0.927194 106.142
0.909721 0.038901 0.413395 -1.2893 -0.0726372 0.995158 0.0662005 2.54953 -0.408818 -0.0902518 0.908142 106.468
0.889145 0.0384265 0.456011 -1.1149 -0.0756684 0.995097 0.0636872 2.56435 -0.451327 -0.0911327 0.887692 106.772
0.864672 0.0373659 0.500945 -0.921742 -0.0783361 0.995059 0.0609922 2.57879 -0.496191 -0.0919802 0.863327 107.069
0.839264 0.0377917 0.54241 -0.71894 -0.0816441 0.99503 0.0569993 2.58879 -0.53756 -0.092122 0.838178 107.352
0.810415 0.0381845 0.584611 -0.503895 -0.084925 0.99499 0.0527381 2.59857 -0.579668 -0.0923878 0.809597 107.623
0.779697 0.0389489 0.624945 -0.282086 -0.0882764 0.994932 0.0481278 2.60757 -0.619904 -0.0926929 0.779183 107.88
0.744553 0.0398574 0.666373 -0.0410929 -0.0917171 0.994857 0.0429726 2.61824 -0.661233 -0.0931131 0.744379 108.138
0.706592 0.0419375 0.706378 0.209444 -0.0957788 0.994723 0.0367513 2.62952 -0.701109 -0.0936242 0.70688 108.378
0.666747 0.0404491 0.744186 0.480488 -0.0969019 0.994754 0.0327499 2.63749 -0.738958 -0.0939489 0.667169 108.599
0.624165 0.0383751 0.78035 0.773051 -0.0979832 0.994752 0.0294533 2.64447 -0.775124 -0.0948449 0.624649 108.812
0.580476 0.0370229 0.813435 1.07736 -0.100151 0.994627 0.0261993 2.65553 -0.808094 -0.0966745 0.581065 109.002
0.532197 0.0354023 0.84588 1.39757 -0.101616 0.994573 0.0223074 2.66589 -0.8405 -0.0978267 0.532906 109.192
0.485301 0.0338368 0.873693 1.73389 -0.102865 0.99452 0.0186208 2.67249 -0.868275 -0.0989086 0.486122 109.35
0.433428 0.0302161 0.900682 2.08741 -0.104015 0.994435 0.0166932 2.66834 -0.895165 -0.10092 0.434159 109.494
0.382026 0.0300794 0.923662 2.44761 -0.106672 0.994224 0.0117422 2.67419 -0.917974 -0.103015 0.383028 109.625
0.330404 0.0315436 0.943313 2.81142 -0.109739 0.993946 0.00520033 2.67878 -0.937438 -0.105236 0.331865 109.742
0.279809 0.0357431 0.95939 3.18966 -0.113739 0.993503 -0.00384169 2.67708 -0.953294 -0.108045 0.282056 109.835
0.23287 0.035201 0.971871 3.57108 -0.112765 0.993581 -0.00896777 2.67165 -0.965948 -0.107505 0.235345 109.916
0.190731 0.0341849 0.981047 3.97493 -0.109945 0.993849 -0.0132559 2.66402 -0.975465 -0.105333 0.193316 109.974
0.155608 0.0331793 0.987262 4.37943 -0.10305 0.994527 -0.0171812 2.66285 -0.982429 -0.099064 0.158175 110.013
0.125345 0.0324545 0.991582 4.7899 -0.102045 0.994585 -0.0196534 2.65129 -0.986851 -0.0987224 0.127978 110.048
0.0977592 0.0305634 0.994741 5.21729 -0.103602 0.99441 -0.0203716 2.65168 -0.989802 -0.101066 0.100379 110.086
0.0716247 0.0268723 0.99707 5.65962 -0.107396 0.994033 -0.0190757 2.65658 -0.991632 -0.105715 0.0740834 110.129
0.0461034 0.0222473 0.998689 6.10899 -0.111377 0.993632 -0.0169931 2.65467 -0.992708 -0.110447 0.0482877 110.165
0.0233828 0.0209207 0.999508 6.5861 -0.109172 0.993855 -0.0182484 2.64686 -0.993747 -0.108692 0.0255231 110.186
0.00290979 0.021657 0.999761 7.08794 -0.104873 0.994258 -0.0212326 2.62302 -0.994481 -0.104786 0.00516436 110.189
-0.014926 0.024171 0.999597 7.58428 -0.100961 0.994562 -0.0255568 2.61224 -0.994778 -0.101301 -0.0124045 110.169
-0.0296708 0.0272669 0.999188 8.09265 -0.100004 0.994531 -0.0301094 2.60221 -0.994544 -0.100817 -0.0267817 110.159
-0.0426696 0.0319584 0.998578 8.63363 -0.102585 0.994065 -0.0361975 2.59087 -0.993808 -0.103983 -0.0391378 110.153
-0.049483 0.0307632 0.998301 9.20765 -0.100365 0.994313 -0.0356151 2.56892 -0.993719 -0.101957 -0.0461139 110.132
-0.0524565 0.0285296 0.998216 9.80503 -0.0944114 0.994972 -0.0333983 2.5367 -0.99415 -0.0959949 -0.0494992 110.101
-0.0526119 0.0270662 0.998248 10.4272 -0.0939451 0.995065 -0.0319312 2.51398 -0.994186 -0.0954605 -0.0498094 110.065
-0.0507921 0.0270181 0.998344 11.0633 -0.0952512 0.994946 -0.0317722 2.48565 -0.994156 -0.0967072 -0.0479618 110.037
-0.0492756 0.0270432 0.998419 11.7145 -0.0972501 0.994753 -0.0317436 2.46869 -0.994039 -0.0986606 -0.046387 110.011
-0.048342 0.0268621 0.99847 12.3647 -0.0983348 0.994654 -0.0315205 2.44293 -0.993978 -0.0997081 -0.045442 109.989
-0.0483944 0.0267412 0.99847 13.0436 -0.0984366 0.994647 -0.0314099 2.40816 -0.993965 -0.0998061 -0.0455029 109.959
-0.0485334 0.0263962 0.998473 13.7485 -0.0982614 0.994675 -0.0310721 2.37182 -0.993976 -0.0996193 -0.0456812 109.929
-0.0482268 0.0258984 0.998501 14.4619 -0.0991791 0.994599 -0.0305875 2.33024 -0.9939 -0.100506 -0.0453977 109.905
-0.0482807 0.0251068 0.998518 15.1935 -0.0991895 0.994622 -0.0298049 2.29648 -0.993896 -0.100482 -0.0455307 109.878
-0.0488125 0.0240272 0.998519 15.9449 -0.0996964 0.9946 -0.0288066 2.25179 -0.993819 -0.100955 -0.0461535 109.852
-0.0504135 0.0238335 0.998444 16.7018 -0.101085 0.994459 -0.0288424 2.21239 -0.993599 -0.102382 -0.0477249 109.823
-0.0525144 0.0232623 0.998349 17.474 -0.101967 0.994378 -0.0285333 2.17991 -0.9934 -0.103297 -0.0498472 109.79
-0.0540568 0.0218083 0.9983 18.2476 -0.0997906 0.994638 -0.0271319 2.15207 -0.993538 -0.101088 -0.0515906 109.749
-0.0560941 0.0207862 0.998209 19.0286 -0.0990742 0.994732 -0.0262812 2.12158 -0.993497 -0.100371 -0.0537392 109.703
-0.0577483 0.0204016 0.998123 19.8203 -0.0997161 0.994673 -0.0261003 2.0952 -0.993338 -0.101036 -0.0554063 109.662
-0.0590691 0.0228586 0.997992 20.6142 -0.101279 0.994441 -0.0287718 2.07017 -0.993102 -0.102775 -0.0564256 109.627
-0.0609677 0.0276966 0.997755 21.4179 -0.101594 0.994251 -0.0338073 2.04587 -0.992955 -0.103427 -0.0578033 109.586
-0.0618009 0.0271493 0.997719 22.2204 -0.100915 0.994337 -0.0333082 2.01895 -0.992973 -0.102744 -0.058711 109.54
-0.0640163 0.0244717 0.997649 23.0186 -0.104504 0.994038 -0.0310889 1.99388 -0.992461 -0.106249 -0.0610772 109.505
-0.0651104 0.0200976 0.997676 23.8115 -0.107285 0.993861 -0.0270224 1.97302 -0.992093 -0.108795 -0.0625544 109.469
-0.0657745 0.0144166 0.99773 24.6161 -0.108514 0.993862 -0.0215144 1.95002 -0.991916 -0.109682 -0.0638063 109.431
-0.0659323 0.00816743 0.997791 25.4249 -0.112718 0.993504 -0.0155806 1.92935 -0.991437 -0.113496 -0.0645834 109.395
-0.0658601 0.00635033 0.997809 26.2494 -0.113431 0.993449 -0.0138096 1.91233 -0.99136 -0.114092 -0.0647083 109.349
-0.0658807 0.0121918 0.997753 27.0741 -0.111308 0.993594 -0.0194906 1.88701 -0.991599 -0.112342 -0.0641016 109.299
-0.0640803 0.0217494 0.997708 27.8937 -0.109051 0.993622 -0.0286644 1.86228 -0.991968 -0.110638 -0.0612998 109.249
-0.0642091 0.025574 0.997609 28.7105 -0.108917 0.99352 -0.0324794 1.83935 -0.991974 -0.110742 -0.0610076 109.195
-0.0620541 0.0203249 0.997866 29.5273 -0.107613 0.993827 -0.0269348 1.81874 -0.992254 -0.109055 -0.0594838 109.145
-0.0608244 0.0130211 0.998063 30.3453 -0.104865 0.994298 -0.0193627 1.7901 -0.992624 -0.10584 -0.059112 109.095
-0.0607658 0.00918918 0.99811 31.1519 -0.103149 0.994546 -0.0154362 1.7553 -0.992808 -0.103892 -0.0594864 109.051
-0.0603284 0.00853717 0.998142 31.9474 -0.104258 0.99444 -0.014807 1.72244 -0.992718 -0.104958 -0.0591028 109.011
-0.0623175 0.00834611 0.998021 32.7297 -0.106011 0.994252 -0.014934 1.69719 -0.99241 -0.106731 -0.0610745 108.972
-0.0643137 0.00792763 0.997898 33.5064 -0.106792 0.994171 -0.0147807 1.67752 -0.992199 -0.107519 -0.0630922 108.933
-0.0666165 0.00757594 0.99775 34.2769 -0.106653 0.994188 -0.0146698 1.64885 -0.992061 -0.107391 -0.0654212 108.89
-0.0682831 0.00736593 0.997639 35.048 -0.107409 0.994106 -0.0146914 1.62111 -0.991867 -0.108158 -0.0670894 108.852
-0.0702637 0.00715465 0.997503 35.8033 -0.108225 0.994017 -0.014753 1.60256 -0.99164 -0.108992 -0.0690689 108.81
-0.0721169 0.00671838 0.997373 36.5524 -0.108074 0.994036 -0.0145104 1.58336 -0.991523 -0.108837 -0.0709607 108.767
-0.073496 0.00576004 0.997279 37.3078 -0.107944 0.994062 -0.0136966 1.5599 -0.991436 -0.108657 -0.0724378 108.717
-0.0757598 0.00541049 0.997111 38.064 -0.107608 0.9941 -0.0135702 1.54365 -0.991302 -0.108326 -0.0747305 108.671
-0.0765527 0.00553764 0.99705 38.8245 -0.107107 0.994152 -0.0137451 1.51357 -0.991295 -0.107843 -0.0755118 108.622
-0.0780035 0.0053588 0.996939 39.575 -0.106947 0.99417 -0.0137118 1.49099 -0.991199 -0.10769 -0.0769755 108.571
-0.0783978 0.00448092 0.996912 40.3211 -0.106183 0.994264 -0.0128193 1.46452 -0.991251 -0.10686 -0.0774722 108.513
-0.0793069 0.00410631 0.996842 41.0664 -0.105262 0.994366 -0.0124706 1.4393 -0.991277 -0.105918 -0.0784277 108.455
-0.0812771 0.00396542 0.996684 41.814 -0.10449 0.994447 -0.0124774 1.40825 -0.991199 -0.105157 -0.0804114 108.404
-0.0822589 0.00360653 0.996604 42.5393 -0.10434 0.994466 -0.0122109 1.38075 -0.991133 -0.10499 -0.0814273 108.351
-0.0838687 0.002894 0.996473 43.2547 -0.10462 0.994443 -0.0116935 1.36521 -0.990969 -0.105231 -0.0830999 108.3
-0.0832035 0.00237421 0.99653 43.9473 -0.104759 0.994435 -0.0111159 1.34792 -0.99101 -0.105321 -0.0824917 108.244
-0.0839271 0.00205377 0.99647 44.6302 -0.105036 0.994408 -0.0108961 1.32922 -0.99092 -0.105579 -0.0832421 108.178
-0.0828728 0.00219577 0.996558 45.3014 -0.105398 0.994369 -0.0109558 1.31037 -0.99097 -0.105943 -0.0821747 108.119
-0.0823758 0.00249808 0.996598 45.9641 -0.10547 0.994359 -0.0112103 1.30069 -0.991004 -0.106035 -0.0816476 108.065
-0.0826239 0.00233494 0.996578 46.6246 -0.105234 0.994386 -0.0110545 1.28177 -0.991008 -0.105788 -0.0819142 108.012
-0.0818785 0.00213098 0.99664 47.3024 -0.104604 0.994456 -0.01072 1.26216 -0.991137 -0.10513 -0.0812016 107.955
-0.083092 0.00132642 0.996541 47.9767 -0.104832 0.994439 -0.0100646 1.2345 -0.991012 -0.105306 -0.0824908 107.904
-0.0822645 0.000893888 0.99661 48.658 -0.107405 0.994167 -0.00975737 1.21082 -0.990805 -0.107843 -0.0816886 107.859
-0.0832156 0.000509979 0.996531 49.325 -0.108112 0.994093 -0.00953665 1.18721 -0.990649 -0.10853 -0.0826688 107.813
-0.082115 -0.000399955 0.996623 49.9837 -0.107229 0.994198 -0.00843599 1.16206 -0.990837 -0.10756 -0.0816814 107.769
-0.0830659 -0.00119844 0.996543 50.6502 -0.107751 0.994147 -0.00778592 1.14157 -0.990701 -0.108025 -0.0827088 107.721
-0.0873488 -0.00254603 0.996175 51.3276 -0.112367 0.99364 -0.00731326 1.12442 -0.989819 -0.112576 -0.0870793 107.678
-0.0918424 -0.00295819 0.995769 52.0176 -0.113848 0.993469 -0.00754915 1.10997 -0.989243 -0.11406 -0.0915793 107.633
-0.0985213 -0.00104235 0.995134 52.6873 -0.11193 0.993665 -0.0100406 1.08557 -0.988819 -0.112374 -0.0980138 107.574
-0.104485 -0.000415547 0.994526 53.3466 -0.109932 0.993876 -0.0111342 1.07229 -0.988431 -0.110494 -0.103891 107.516
-0.112157 -6.89107e-06 0.99369 54.0116 -0.10917 0.993946 -0.0123151 1.0564 -0.987675 -0.109863 -0.111479 107.45
-0.118355 -0.000930821 0.992971 54.6666 -0.1109 0.993755 -0.0122869 1.0445 -0.986758 -0.111574 -0.117719 107.39
-0.123608 -0.00189185 0.992329 55.3288 -0.110945 0.993755 -0.0119251 1.02875 -0.986109 -0.111568 -0.123046 107.321
-0.128581 -0.00230782 0.991696 55.9897 -0.112408 0.993586 -0.0122623 1.01302 -0.985307 -0.113051 -0.128015 107.245
-0.132344 -0.00320833 0.991199 56.6567 -0.114313 0.993371 -0.0120476 1.00048 -0.984589 -0.114901 -0.131834 107.169
-0.136223 -0.00693779 0.990654 57.3108 -0.114138 0.993426 -0.00873763 0.986064 -0.984081 -0.114261 -0.136119 107.084
-0.138512 -0.0116394 0.990292 57.9766 -0.112796 0.993609 -0.00409848 0.973559 -0.983916 -0.112269 -0.13894 106.995
-0.140652 -0.0144742 0.989953 58.6641 -0.113028 0.99359 -0.0015316 0.956212 -0.983585 -0.112108 -0.141386 106.901
-0.141581 -0.0155226 0.989805 59.3439 -0.114568 0.993415 -0.000808505 0.960027 -0.983274 -0.113514 -0.142427 106.809
-0.142181 -0.0144257 0.989735 60.0203 -0.113632 0.993521 -0.00184302 0.950731 -0.983296 -0.112728 -0.142899 106.719
-0.142941 -0.0106139 0.989674 60.704 -0.107598 0.994182 -0.00487849 0.947608 -0.983864 -0.107185 -0.143252 106.615
-0.143251 -0.00858625 0.989649 61.4052 -0.102618 0.994701 -0.00622384 0.934562 -0.984351 -0.102447 -0.143373 106.506
-0.144078 -0.00828304 0.989532 62.1144 -0.10137 0.994828 -0.00643228 0.928464 -0.98436 -0.101235 -0.144172 106.402
-0.144051 -0.0114243 0.989504 62.8295 -0.103927 0.994578 -0.00364665 0.926684 -0.984097 -0.103361 -0.144457 106.307
-0.143867 -0.0175853 0.989441 63.5507 -0.104437 0.994528 0.00249036 0.924977 -0.98407 -0.102975 -0.144916 106.205
-0.144649 -0.0198274 0.989284 64.2753 -0.103196 0.994649 0.0048461 0.928964 -0.984086 -0.101389 -0.145921 106.098
-0.14515 -0.0202849 0.989202 64.9971 -0.101875 0.994782 0.00545077 0.921075 -0.98415 -0.0999835 -0.146459 105.991
-0.14756 -0.0208372 0.988834 65.7211 -0.103825 0.99458 0.0054648 0.91776 -0.983588 -0.10186 -0.148924 105.89
-0.14923 -0.0212534 0.988574 66.4501 -0.10415 0.994545 0.00565981 0.906866 -0.983302 -0.102115 -0.15063 105.79
-0.151703 -0.0218358 0.988185 67.1769 -0.104372 0.99452 0.00595296 0.901349 -0.9829 -0.102235 -0.15315 105.685
-0.153128 -0.0222518 0.987956 67.9026 -0.1042 0.994536 0.00624959 0.897371 -0.982697 -0.101988 -0.15461 105.579
-0.155159 -0.0230989 0.987619 68.6247 -0.103946 0.994558 0.00693084 0.879902 -0.982405 -0.101584 -0.156716 105.48
-0.157239 -0.0237043 0.987276 69.3454 -0.105906 0.994351 0.00700694 0.881343 -0.981865 -0.103457 -0.158861 105.38
-0.157401 -0.0242121 0.987238 70.0703 -0.107076 0.994224 0.00731166 0.883684 -0.981712 -0.104558 -0.159085 105.289
-0.158825 -0.0243496 0.987006 70.8051 -0.106837 0.994249 0.00733651 0.890435 -0.981509 -0.104283 -0.160513 105.184
-0.158974 -0.0246454 0.986975 71.5282 -0.107177 0.994211 0.00756284 0.892196 -0.981447 -0.104579 -0.160695 105.063
-0.160103 -0.0254224 0.986773 72.2621 -0.106879 0.994237 0.00827374 0.892705 -0.981296 -0.10414 -0.161897 104.956
-0.159851 -0.0268462 0.986776 73.0093 -0.108246 0.994078 0.00950976 0.891729 -0.981188 -0.105295 -0.16181 104.826
-0.161094 -0.0279797 0.986542 73.7451 -0.111403 0.993725 0.0099922 0.906122 -0.980631 -0.108294 -0.1632 104.734
-0.164638 -0.0285287 0.985941 74.4837 -0.112181 0.993637 0.0100187 0.919822 -0.979953 -0.108955 -0.166791 104.648
-0.165922 -0.0287561 0.98572 75.2178 -0.112639 0.993585 0.0100255 0.939303 -0.979684 -0.109367 -0.168096 104.537
-0.16867 -0.0288603 0.98525 75.9784 -0.113115 0.993534 0.00973818 0.955953 -0.97916 -0.109804 -0.170843 104.41
-0.17148 -0.0256356 0.984854 76.7117 -0.111775 0.993713 0.00640431 0.978314 -0.978826 -0.108984 -0.173267 104.286
-0.173173 -0.0244964 0.984587 77.4721 -0.111773 0.993721 0.00506457 0.972752 -0.978528 -0.109173 -0.174824 104.153
-0.172721 -0.0239023 0.984681 78.2651 -0.111586 0.993744 0.00454919 0.976881 -0.978629 -0.109091 -0.174307 104.016
-0.172427 -0.0239992 0.98473 79.0641 -0.111362 0.993768 0.00471982 0.979869 -0.978706 -0.108848 -0.174025 103.872
-0.173011 -0.0246441 0.984611 79.8727 -0.110568 0.993853 0.00544706 0.978231 -0.978693 -0.107924 -0.174672 103.726
-0.171825 -0.0253724 0.984801 80.6783 -0.10941 0.993975 0.00651927 0.968344 -0.979032 -0.106627 -0.173566 103.569
-0.172044 -0.026279 0.984739 81.501 -0.109496 0.993959 0.007395 0.961366 -0.978984 -0.106553 -0.173882 103.418
-0.169102 -0.0274656 0.985216 82.3245 -0.109769 0.993917 0.00886744 0.957552 -0.979466 -0.106647 -0.171088 103.271
-0.168967 -0.0298754 0.985169 83.1574 -0.109518 0.993919 0.0113572 0.958069 -0.979518 -0.105975 -0.171211 103.121
-0.166026 -0.0322533 0.985594 83.9919 -0.110136 0.993818 0.0139696 0.95111 -0.979951 -0.10623 -0.168552 102.974
-0.164714 -0.0325371 0.985804 84.8168 -0.111219 0.993694 0.0142144 0.943755 -0.98005 -0.107299 -0.167294 102.833
-0.164437 -0.030799 0.985907 85.6585 -0.110844 0.993758 0.0125568 0.941012 -0.980139 -0.107217 -0.166824 102.694
-0.161679 -0.0258556 0.986505 86.4873 -0.110566 0.993837 0.00792695 0.943814 -0.980629 -0.107793 -0.163541 102.558
-0.161011 -0.0243739 0.986651 87.3227 -0.112554 0.993626 0.00617856 0.938901 -0.980513 -0.110056 -0.162728 102.423
-0.158165 -0.0251611 0.987092 88.1641 -0.112216 0.993656 0.0073477 0.937286 -0.981015 -0.109605 -0.159985 102.294
-0.158483 -0.0278846 0.986968 89.017 -0.112287 0.993625 0.0100422 0.930847 -0.980955 -0.109232 -0.160603 102.16
-0.156606 -0.0288529 0.98724 89.866 -0.111985 0.993646 0.0112759 0.924955 -0.981291 -0.10879 -0.158842 102.028
-0.155846 -0.0293258 0.987346 90.7176 -0.112772 0.993551 0.0117097 0.918612 -0.981322 -0.10952 -0.158148 101.899
-0.15614 -0.0295902 0.987292 91.5699 -0.11261 0.993567 0.011969 0.91669 -0.981294 -0.10931 -0.158467 101.766
-0.154484 -0.0303692 0.987528 92.4181 -0.111515 0.993676 0.0131133 0.918295 -0.981681 -0.108099 -0.156894 101.637
-0.154453 -0.0308238 0.987519 93.2669 -0.109791 0.993858 0.0138498 0.920637 -0.98188 -0.106282 -0.156888 101.505
-0.152793 -0.0309012 0.987775 94.1156 -0.109703 0.993864 0.0141223 0.92204 -0.98215 -0.106204 -0.155246 101.375
-0.152734 -0.0304769 0.987797 94.9525 -0.108606 0.993988 0.0138752 0.929207 -0.982281 -0.105161 -0.155125 101.25
-0.151158 -0.0299087 0.988057 95.7816 -0.11259 0.993558 0.0128506 0.932422 -0.982076 -0.109303 -0.153551 101.126
-0.150569 -0.0330366 0.988047 96.6091 -0.114615 0.993285 0.0157456 0.936732 -0.981932 -0.110874 -0.153344 101.008
-0.150996 -0.035006 0.987914 97.4381 -0.117367 0.992938 0.0172453 0.937181 -0.981542 -0.113344 -0.154038 100.889
-0.151542 -0.034798 0.987838 98.2674 -0.120181 0.992614 0.0165295 0.940242 -0.981117 -0.116214 -0.154605 100.769
-0.153314 -0.0327792 0.987634 99.094 -0.123913 0.992198 0.0136952 0.944467 -0.980377 -0.12028 -0.15618 100.65
-0.153711 -0.0326611 0.987576 99.9175 -0.124342 0.992148 0.0134591 0.949442 -0.980261 -0.120728 -0.156565 100.531
-0.154297 -0.0326802 0.987484 100.736 -0.123769 0.992219 0.0134976 0.95092 -0.980241 -0.120138 -0.157141 100.409
-0.155312 -0.0330055 0.987314 101.547 -0.123084 0.9923 0.0138101 0.959381 -0.980167 -0.119378 -0.158178 100.284
-0.155384 -0.0330111 0.987302 102.357 -0.122421 0.99238 0.013914 0.964304 -0.980238 -0.118705 -0.158241 100.159
-0.156696 -0.0327608 0.987103 103.168 -0.122143 0.992419 0.0135478 0.974189 -0.980064 -0.118445 -0.159509 100.035
-0.156713 -0.0325522 0.987108 103.978 -0.121562 0.992492 0.0134307 0.983172 -0.980134 -0.11789 -0.159493 99.9096
-0.158525 -0.0326233 0.986816 104.77 -0.121295 0.992527 0.0133269 0.989404 -0.979875 -0.117583 -0.161298 99.7834
-0.160118 -0.0329064 0.986549 105.552 -0.121297 0.992525 0.0134191 0.994911 -0.979616 -0.117517 -0.162912 99.662
-0.163165 -0.0331206 0.986043 106.331 -0.121278 0.992529 0.0132701 0.995855 -0.979116 -0.11742 -0.165963 99.5418
-0.167083 -0.0338505 0.985362 107.105 -0.120963 0.992563 0.0135868 0.988094 -0.978494 -0.116922 -0.169935 99.4192
-0.169667 -0.0339281 0.984917 107.878 -0.12064 0.992605 0.0134109 0.984584 -0.978089 -0.116545 -0.172505 99.2926
-0.173527 -0.0342813 0.984232 108.651 -0.120548 0.992618 0.0133197 0.982544 -0.977423 -0.116336 -0.176379 99.1611
-0.175981 -0.0347013 0.983782 109.427 -0.120416 0.992631 0.0134731 0.978756 -0.977 -0.116092 -0.178862 99.0253
-0.179527 -0.0353356 0.983118 110.201 -0.1202 0.992654 0.0137287 0.976361 -0.976381 -0.115706 -0.182456 98.8856
-0.180519 -0.0315645 0.983065 110.972 -0.123157 0.992343 0.00924719 0.97455 -0.97583 -0.119402 -0.183024 98.7509
-0.182398 -0.0265275 0.982867 111.74 -0.124425 0.992222 0.0036895 0.974682 -0.975319 -0.12162 -0.18428 98.6191
-0.185877 -0.0259209 0.982231 112.507 -0.121624 0.992571 0.00317768 0.975487 -0.975016 -0.118872 -0.187649 98.4781
-0.188287 -0.0277498 0.981722 113.27 -0.121445 0.992586 0.00476477 0.974531 -0.974576 -0.118328 -0.190261 98.3343
-0.192513 -0.0346316 0.980683 114.033 -0.121862 0.992484 0.0111262 0.979023 -0.973698 -0.117366 -0.195286 98.1923
-0.194179 -0.0364614 0.980288 114.797 -0.121843 0.992466 0.0127792 0.98147 -0.973369 -0.11696 -0.197159 98.0508
-0.19693 -0.0354813 0.979775 115.561 -0.122611 0.99239 0.0112939 0.983589 -0.97272 -0.117908 -0.199781 97.9033
-0.199061 -0.0345146 0.979379 116.326 -0.123857 0.992251 0.00979396 0.984778 -0.972128 -0.119353 -0.201794 97.755
-0.201641 -0.034492 0.978852 117.084 -0.124235 0.992208 0.00937048 0.987156 -0.971548 -0.119719 -0.204354 97.6023
-0.204586 -0.0320191 0.978325 117.837 -0.121209 0.992601 0.00713927 0.982782 -0.971314 -0.117121 -0.206953 97.4458
-0.206807 -0.0279551 0.977982 118.588 -0.121372 0.992603 0.00270729 0.978237 -0.970824 -0.11814 -0.20867 97.2876
-0.210157 -0.0279182 0.977269 119.334 -0.121397 0.992601 0.00225044 0.976964 -0.970101 -0.118164 -0.211991 97.1273
-0.212564 -0.0289679 0.976717 120.079 -0.120886 0.992661 0.00313221 0.975048 -0.96964 -0.117405 -0.214506 96.9668
-0.217624 -0.0330124 0.975474 120.821 -0.119209 0.992844 0.0070053 0.974743 -0.968725 -0.114761 -0.220002 96.801
-0.22315 -0.0342752 0.974181 121.565 -0.119078 0.992855 0.00765555 0.974324 -0.967483 -0.114295 -0.225637 96.6287
-0.229913 -0.0349312 0.972584 122.305 -0.118652 0.992906 0.00761255 0.972688 -0.96595 -0.113648 -0.232427 96.4546
-0.238599 -0.0351595 0.970481 123.043 -0.119529 0.992808 0.00658147 0.970548 -0.963733 -0.11443 -0.241085 96.2764
-0.248574 -0.0355236 0.967961 123.776 -0.120245 0.992728 0.0055533 0.970155 -0.961119 -0.115012 -0.251038 96.0953
-0.260754 -0.0357082 0.964744 124.504 -0.121092 0.992633 0.00401112 0.967423 -0.95778 -0.115777 -0.263157 95.9072
-0.27254 -0.0359721 0.961471 125.223 -0.121355 0.992605 0.00273754 0.96506 -0.95446 -0.115933 -0.27489 95.7155
-0.284885 -0.0363866 0.957871 125.938 -0.120481 0.992713 0.00187722 0.961986 -0.950959 -0.114871 -0.287193 95.5142
-0.295851 -0.0368166 0.954524 126.649 -0.120194 0.992749 0.00103725 0.959274 -0.947641 -0.114422 -0.29813 95.3039
-0.306291 -0.0370976 0.951215 127.354 -0.11815 0.992995 0.000682963 0.951505 -0.944577 -0.112176 -0.308528 95.0842
-0.316053 -0.0368173 0.948027 128.048 -0.115294 0.993331 0.000140041 0.948839 -0.941709 -0.109258 -0.318189 94.8559
-0.32346 -0.0373097 0.945506 128.729 -0.11393 0.993488 0.000227185 0.941885 -0.939357 -0.107648 -0.325604 94.6183
-0.330138 -0.0377902 0.943176 129.401 -0.115064 0.993357 -0.000474984 0.940057 -0.936892 -0.108683 -0.332293 94.378
-0.334678 -0.0388337 0.941532 130.074 -0.113261 0.993564 0.000719744 0.937646 -0.9355 -0.106398 -0.336923 94.1373
-0.337691 -0.0404075 0.940389 130.747 -0.109886 0.993938 0.00324871 0.930914 -0.93482 -0.102238 -0.340084 93.8918
-0.338939 -0.0420924 0.939866 131.413 -0.106383 0.994306 0.00616606 0.924942 -0.934774 -0.0978963 -0.341486 93.649
-0.339926 -0.04268 0.939483 132.074 -0.104052 0.994543 0.0075328 0.91836 -0.934677 -0.0951948 -0.342512 93.4062
-0.340454 -0.0384447 0.939474 132.721 -0.102708 0.994705 0.00348456 0.910221 -0.934634 -0.0953053 -0.3426 93.1688
-0.338674 -0.0378102 0.940144 133.362 -0.102873 0.99469 0.00294529 0.908713 -0.935263 -0.0957181 -0.340765 92.9213
-0.33793 -0.0378113 0.940411 133.999 -0.101411 0.994838 0.00355827 0.91816 -0.935691 -0.0941659 -0.34002 92.6778
-0.33554 -0.0385492 0.941236 134.627 -0.100524 0.994922 0.00491227 0.921265 -0.936646 -0.0929685 -0.337711 92.4357
-0.334382 -0.0393255 0.941617 135.259 -0.0987862 0.995087 0.00647822 0.918206 -0.937245 -0.0908526 -0.336623 92.2071
-0.332435 -0.0398877 0.942282 135.883 -0.0997841 0.994985 0.00691512 0.921105 -0.937832 -0.091726 -0.334747 91.9877
-0.330359 -0.0391963 0.943041 136.501 -0.0999403 0.994973 0.00634443 0.931794 -0.938549 -0.0921519 -0.332615 91.7664
-0.326578 -0.0384848 0.944386 137.116 -0.100119 0.994957 0.00592332 0.958225 -0.939852 -0.092617 -0.328785 91.5373
-0.320807 -0.0394292 0.946323 137.71 -0.0996181 0.994995 0.00768635 0.950525 -0.941891 -0.0918051 -0.323129 91.3252
-0.316186 -0.0404687 0.947833 138.305 -0.0993622 0.995007 0.0093368 0.953544 -0.943479 -0.0912267 -0.318628 91.1248
-0.311561 -0.0414753 0.94932 138.894 -0.0998835 0.994941 0.0106872 0.952601 -0.944961 -0.0914917 -0.314128 90.9356
-0.307537 -0.0420408 0.950607 139.48 -0.10003 0.994916 0.0116389 0.971555 -0.946263 -0.0915101 -0.310179 90.7516
-0.303878 -0.0432823 0.951727 140.058 -0.099979 0.9949 0.0133233 0.97024 -0.94745 -0.091104 -0.306656 90.5884
-0.29982 -0.0439392 0.952983 140.659 -0.0986173 0.995014 0.0148509 0.972163 -0.948884 -0.089528 -0.302658 90.4026
-0.297091 -0.0452842 0.953774 141.275 -0.0978899 0.995056 0.0167524 0.965415 -0.949818 -0.0883879 -0.300055 90.2204
-0.293494 -0.046177 0.954845 141.892 -0.0988768 0.994941 0.017724 0.965289 -0.950833 -0.0892101 -0.296575 90.0343
-0.29009 -0.0461417 0.955886 142.505 -0.100402 0.994792 0.01755 0.964019 -0.951717 -0.0908815 -0.293212 89.8444
-0.286531 -0.0450129 0.957013 143.095 -0.0998734 0.994856 0.0168906 0.955364 -0.952851 -0.0907404 -0.289552 89.6625
-0.281336 -0.0449198 0.958557 143.683 -0.0983696 0.994991 0.0177557 0.95369 -0.954554 -0.0892976 -0.284345 89.4691
-0.276064 -0.0458655 0.960044 144.247 -0.0994682 0.99486 0.0189264 0.957025 -0.955978 -0.090269 -0.279207 89.2983
-0.267549 -0.0475209 0.962371 144.798 -0.100249 0.994735 0.0212487 0.97216 -0.958314 -0.0907918 -0.270904 89.1395
-0.257695 -0.0488536 0.96499 145.345 -0.0999107 0.994714 0.0236778 0.985561 -0.961046 -0.0903113 -0.261214 88.9947
-0.245071 -0.0499848 0.968215 145.904 -0.0993127 0.99471 0.026215 0.993753 -0.964405 -0.0897316 -0.248739 88.8524
-0.232093 -0.0511433 0.971348 146.473 -0.0987701 0.994694 0.0287725 1.00706 -0.967665 -0.0892622 -0.235913 88.7267
-0.217113 -0.0520085 0.97476 147.043 -0.0994855 0.994558 0.030906 1.00761 -0.971063 -0.0902644 -0.221106 88.6051
-0.198347 -0.0527961 0.978709 147.617 -0.0991312 0.994508 0.0335582 1.01507 -0.975105 -0.0903644 -0.202491 88.4922
-0.177674 -0.0539449 0.982609 148.194 -0.0993507 0.994378 0.0366265 1.0176 -0.979061 -0.0911153 -0.182035 88.4006
-0.154982 -0.0547692 0.986398 148.77 -0.100189 0.994185 0.0394599 1.03143 -0.982823 -0.0927108 -0.159568 88.3223
