1 0 0 0 0 1 0 0 0 0 1 0
0.999999 0.000113463 0.00169008 -0.00564008 -0.000113628 1 9.75138e-05 -0.0101472 -0.00169007 -9.77057e-05 0.999999 1.1959
0.999995 0.000245313 0.00303766 -0.00657914 -0.000247289 1 0.000649843 -0.0192123 -0.0030375 -0.000650591 0.999995 2.39341
0.999992 0.000392362 0.0041024 -0.00395775 -0.000395778 1 0.000832018 -0.0415347 -0.00410207 -0.000833634 0.999991 3.59884
0.999984 -0.000353449 0.00556338 0.00439645 0.000344942 0.999999 0.00152995 -0.05277 -0.00556391 -0.00152801 0.999983 4.81664
0.999976 -0.00101677 0.00678188 0.0265993 0.00100665 0.999998 0.00149621 -0.0546593 -0.00678339 -0.00148935 0.999976 6.03753
0.99997 -0.000364288 0.00766868 0.0276275 0.000362667 1 0.000212835 -0.0871154 -0.00766876 -0.000210048 0.999971 7.2455
0.999965 -0.000177054 0.0083093 0.0355624 0.000173448 1 0.000434597 -0.0982678 -0.00830938 -0.00043314 0.999965 8.44364
0.999964 -0.000701987 0.00840234 0.0429598 0.000685746 0.999998 0.00193563 -0.113258 -0.00840368 -0.0019298 0.999963 9.67705
0.999974 -0.000916062 0.00720383 0.0508899 0.00089533 0.999995 0.00288053 -0.127787 -0.00720643 -0.002874 0.99997 10.8786
0.999989 -0.000995466 0.00468612 0.0490453 0.000982223 0.999995 0.00282743 -0.136895 -0.00468891 -0.00282279 0.999985 12.0791
0.999996 -0.000843497 0.00263881 0.049808 0.000835423 0.999995 0.00305919 -0.143282 -0.00264138 -0.00305698 0.999992 13.27
0.999999 -0.000615635 0.000871472 0.0447345 0.000612415 0.999993 0.00369107 -0.147033 -0.00087374 -0.00369053 0.999993 14.4629
1 0.000152782 -0.000217609 0.0376156 -0.000151917 0.999992 0.00396679 -0.152852 0.000218211 -0.00396676 0.999992 15.6488
1 -0.000868584 0.000229201 0.0344788 0.000867537 0.999989 0.00452628 -0.162993 -0.000233132 -0.00452608 0.99999 16.8707
1 -0.000681143 0.000733363 0.0354637 0.000677588 0.999988 0.00483625 -0.181624 -0.00073665 -0.00483575 0.999988 18.0989
0.999999 -0.00108526 -0.000395555 0.034317 0.00108732 0.999986 0.00523947 -0.179665 0.000389861 -0.0052399 0.999986 19.314
0.999999 -0.00174497 3.30423e-05 0.0334677 0.00174486 0.999994 0.00313375 -0.188805 -3.85125e-05 -0.00313368 0.999995 20.5443
0.999999 -0.00140137 -0.00102072 0.0300503 0.00140408 0.999995 0.00265706 -0.201606 0.00101699 -0.00265849 0.999996 21.7767
0.999997 -0.00191322 -0.00169409 0.0260256 0.00191842 0.999993 0.0030697 -0.212181 0.0016882 -0.00307294 0.999994 23.0105
0.999998 -0.00162911 -0.00140619 0.0155503 0.00163432 0.999992 0.00370722 -0.219943 0.00140013 -0.00370951 0.999992 24.2078
0.999995 -0.00135501 -0.00294693 0.00585272 0.00136575 0.999992 0.00364521 -0.238189 0.00294197 -0.00364922 0.999989 25.4001
0.999995 -0.000615008 -0.00323705 -0.00504623 0.000627257 0.999993 0.00378442 -0.262894 0.0032347 -0.00378642 0.999988 26.6057
0.999988 -0.00134248 -0.00469433 -0.00878557 0.00136319 0.999989 0.00441123 -0.276844 0.00468835 -0.00441757 0.999979 27.7979
0.999983 -0.00153066 -0.00567266 -0.0187793 0.00155793 0.999987 0.00480648 -0.289091 0.00566522 -0.00481524 0.999972 29.0033
0.999983 -0.00170845 -0.0056778 -0.0257058 0.00173596 0.999987 0.00484378 -0.300157 0.00566945 -0.00485355 0.999972 30.2038
0.999971 -0.0020396 -0.00736491 -0.0421418 0.00207246 0.999988 0.00445816 -0.310193 0.00735573 -0.0044733 0.999963 31.3991
0.999973 -0.00187811 -0.00709121 -0.0542164 0.00191003 0.999988 0.00449646 -0.317167 0.00708268 -0.00450989 0.999965 32.5954
0.999961 -0.00215196 -0.00863169 -0.0687415 0.00219269 0.999986 0.00471122 -0.327458 0.00862143 -0.00472996 0.999952 33.7944
0.999954 -0.00341045 -0.00898019 -0.0972579 0.00344285 0.999987 0.00359509 -0.330532 0.00896781 -0.00362584 0.999953 35.0472
0.999964 -0.00318828 -0.00786683 -0.113123 0.00323321 0.999978 0.00570667 -0.337169 0.00784846 -0.0057319 0.999953 36.2358
0.999952 -0.00324733 -0.00924944 -0.132522 0.00330235 0.999977 0.00593884 -0.337049 0.00922994 -0.0059691 0.99994 37.4374
0.999954 -0.00394237 -0.0087446 -0.149802 0.00399834 0.999971 0.00639262 -0.356662 0.00871914 -0.00642729 0.999941 38.6379
0.999942 -0.00300453 -0.0103489 -0.173827 0.00309051 0.999961 0.00830231 -0.345419 0.0103235 -0.00833381 0.999912 39.9075
0.999945 -0.00247956 -0.0102166 -0.192329 0.00257068 0.999957 0.00891552 -0.35037 0.0101941 -0.00894129 0.999908 41.1051
0.999953 -0.00154858 -0.00964132 -0.211977 0.00163461 0.999959 0.00892162 -0.35303 0.0096271 -0.00893696 0.999914 42.3172
0.999947 -0.000873555 -0.0102477 -0.230599 0.000963269 0.999961 0.00875285 -0.342182 0.0102397 -0.00876226 0.999909 43.511
0.999959 -9.21039e-05 -0.00905025 -0.252868 0.000181941 0.999951 0.00992615 -0.33631 0.00904888 -0.00992739 0.99991 44.7077
0.999967 0.000415715 -0.0081703 -0.269448 -0.000322677 0.999935 0.0113855 -0.352638 0.0081745 -0.0113824 0.999902 45.9134
0.999977 0.00153181 -0.00664151 -0.291376 -0.00144175 0.999907 0.0135437 -0.362564 0.00666164 -0.0135338 0.999886 47.1654
0.99999 0.00168877 -0.00423668 -0.305065 -0.00162155 0.999873 0.0158179 -0.354032 0.00426285 -0.0158109 0.999866 48.3665
0.999997 0.000635631 -0.00263659 -0.318166 -0.000590764 0.999856 0.016983 -0.356538 0.002647 -0.0169813 0.999853 49.6086
1 0.000462993 -0.000995699 -0.325192 -0.000446309 0.999861 0.0166913 -0.3529 0.00100328 -0.0166908 0.99986 50.8109
0.999999 0.00136801 0.000734585 -0.33175 -0.00137946 0.999874 0.0158259 -0.348733 -0.000712847 -0.0158269 0.999875 52.0203
0.999999 0.0014819 0.00082853 -0.338662 -0.00149398 0.99989 0.0147797 -0.344315 -0.00080654 -0.0147809 0.999891 53.2594
0.999999 0.000616515 0.00168119 -0.342121 -0.000642014 0.999884 0.015209 -0.344199 -0.00167163 -0.01521 0.999883 54.4585
1 -0.000413133 -0.00024642 -0.342951 0.000416656 0.999895 0.0144708 -0.35064 0.000240412 -0.0144709 0.999896 55.6757
0.999999 -0.000624023 -0.0017475 -0.349747 0.000649938 0.999889 0.0148687 -0.325963 0.00173803 -0.0148698 0.999888 56.8835
0.999999 -0.000971478 -0.00132034 -0.355442 0.000991315 0.999885 0.0151076 -0.309485 0.00130551 -0.0151089 0.999885 58.0769
0.999995 -0.00115498 -0.00322853 -0.364139 0.00120493 0.999879 0.0155113 -0.298512 0.00321022 -0.0155151 0.999875 59.2962
0.999994 -0.000947389 -0.00334502 -0.376314 0.000999355 0.999878 0.0155681 -0.283023 0.00332986 -0.0155714 0.999874 60.4938
0.999989 -5.92435e-05 -0.00479654 -0.388086 0.000132356 0.999884 0.0152439 -0.27464 0.00479508 -0.0152444 0.999873 61.7065
0.999987 -0.000473782 -0.00515779 -0.398853 0.000552363 0.999884 0.0152446 -0.267306 0.00514997 -0.0152472 0.999871 62.9115
0.99999 -0.00123455 -0.00452722 -0.415585 0.00130231 0.999887 0.0149958 -0.266728 0.00450819 -0.0150015 0.999878 64.1234
0.999984 -0.00093993 -0.00567059 -0.432541 0.00102693 0.999882 0.0153594 -0.257934 0.00565548 -0.015365 0.999866 65.3429
0.999985 -0.00125247 -0.00546309 -0.443975 0.00134148 0.999866 0.016319 -0.258109 0.00544192 -0.0163261 0.999852 66.5283
0.999981 0.000404081 -0.00616112 -0.459793 -0.000307688 0.999878 0.0156382 -0.247594 0.00616668 -0.015636 0.999859 67.7499
0.999982 0.00152193 -0.00587828 -0.481789 -0.0014351 0.99989 0.0147481 -0.254704 0.00590008 -0.0147394 0.999874 68.9407
0.999982 0.00281802 -0.00529764 -0.501171 -0.00273642 0.999878 0.0153465 -0.254555 0.00534024 -0.0153318 0.999868 70.1318
0.999968 0.00382199 -0.00705109 -0.51974 -0.00371004 0.999868 0.015822 -0.238374 0.00711063 -0.0157953 0.99985 71.3361
0.999977 0.00413774 -0.00541312 -0.541774 -0.0040514 0.999866 0.0158658 -0.22383 0.00547805 -0.0158435 0.99986 72.5185
0.999976 0.00458898 -0.00528665 -0.559885 -0.00449704 0.999841 0.0172732 -0.217099 0.00536507 -0.017249 0.999837 73.7171
0.99998 0.00609432 -0.0021456 -0.570038 -0.00605415 0.999815 0.0182538 -0.222971 0.00225645 -0.0182404 0.999831 74.9156
0.999983 0.00576613 0.0014481 -0.573179 -0.00579201 0.999811 0.0185546 -0.21026 -0.00134084 -0.0185626 0.999827 76.0971
0.999988 0.00403341 0.00287642 -0.57393 -0.00407735 0.999873 0.0154355 -0.214084 -0.0028138 -0.0154471 0.999877 77.2691
0.999966 0.00473537 0.00686334 -0.565901 -0.00483695 0.999878 0.0148602 -0.210203 -0.00679213 -0.0148928 0.999866 78.437
0.999953 0.00437603 0.00873767 -0.562219 -0.0045291 0.999835 0.0175762 -0.232351 -0.00865931 -0.0176149 0.999808 79.6198
0.999919 0.0034077 0.0122713 -0.553856 -0.00363841 0.999816 0.018828 -0.250612 -0.0122049 -0.0188711 0.999748 80.7883
0.99983 0.00486125 0.0178022 -0.534904 -0.00517705 0.999829 0.0177365 -0.234781 -0.017713 -0.0178257 0.999684 81.9559
0.999791 0.00426673 0.0200297 -0.520069 -0.00461621 0.999837 0.0174343 -0.220062 -0.019952 -0.0175231 0.999648 83.1076
0.99968 0.00485319 0.0248414 -0.490535 -0.00523168 0.999871 0.0151941 -0.226985 -0.0247644 -0.0153192 0.999576 84.2759
0.999617 0.0039506 0.0274049 -0.46504 -0.00436109 0.999879 0.0149352 -0.225483 -0.0273426 -0.015049 0.999513 85.4126
0.99952 0.00217367 0.0309129 -0.436537 -0.00269181 0.999856 0.0167296 -0.196174 -0.0308721 -0.0168048 0.999382 86.5804
0.999245 -0.0044063 0.0386053 -0.395687 0.00303124 0.999361 0.0356049 -0.020747 -0.0387375 -0.035461 0.99862 87.6949
0.99899 -0.00707269 0.0443832 -0.410468 0.00554253 0.999389 0.0345049 0.112186 -0.0446001 -0.034224 0.998419 88.6761
0.998711 -0.00821692 0.0500909 -0.37781 0.00658979 0.999448 0.0325625 0.159305 -0.0503308 -0.0321905 0.998214 89.823
0.998585 -0.0087491 0.052458 -0.317481 0.0070112 0.999423 0.0332222 0.192578 -0.0527184 -0.0328074 0.99807 90.9766
0.99841 -0.00951043 0.0555712 -0.256687 0.00758047 0.999364 0.0348376 0.213459 -0.0558671 -0.0343609 0.997847 92.1273
0.99819 -0.0097573 0.0593581 -0.19115 0.00763192 0.999325 0.0359279 0.248334 -0.0596686 -0.0354098 0.99759 93.2803
0.99803 -0.0100309 0.0619376 -0.127543 0.00773809 0.99928 0.0371472 0.269961 -0.0622656 -0.0365947 0.997388 94.456
0.997755 -0.0125309 0.0657981 -0.0509612 0.0100435 0.999227 0.0379994 0.318481 -0.0662234 -0.0372532 0.997109 95.6048
0.997656 -0.0127731 0.067227 0.0179492 0.0102992 0.999261 0.0370176 0.353682 -0.0676501 -0.0362384 0.997051 96.7576
0.997465 -0.0135334 0.0698679 0.093113 0.0111912 0.999366 0.0338062 0.368926 -0.0702811 -0.0329386 0.996983 97.9156
0.997207 -0.0133628 0.0734918 0.173759 0.0109027 0.99937 0.0337736 0.402135 -0.0738968 -0.032878 0.996724 99.064
0.997184 -0.012863 0.0738829 0.251009 0.0104022 0.999381 0.0335953 0.416941 -0.0742693 -0.0327321 0.996701 100.258
0.997081 -0.0128859 0.0752668 0.334303 0.0103595 0.999373 0.0338609 0.453466 -0.0756559 -0.0329823 0.996588 101.417
0.99722 -0.0127988 0.0734058 0.406265 0.0102481 0.999334 0.0350203 0.48693 -0.0738051 -0.0341706 0.996687 102.604
0.997325 -0.0130308 0.0719343 0.487596 0.0104781 0.999306 0.0357501 0.5151 -0.0723502 -0.0349007 0.996768 103.786
0.997314 -0.0129173 0.0721062 0.568538 0.0102527 0.999255 0.0372015 0.554798 -0.072533 -0.0363623 0.996703 104.96
0.99757 -0.012825 0.0684833 0.645198 0.0102548 0.999234 0.0377501 0.580562 -0.068915 -0.0369561 0.996938 106.171
0.997764 -0.012378 0.0656872 0.720505 0.00988904 0.999225 0.0380813 0.616264 -0.0661077 -0.0373465 0.997113 107.363
0.998085 -0.0122167 0.0606434 0.779291 0.00994215 0.999241 0.0376686 0.647 -0.0610576 -0.0369935 0.997448 108.588
0.998305 -0.0121173 0.0569309 0.847143 0.0099582 0.999226 0.0380574 0.667348 -0.057348 -0.037426 0.997652 109.796
0.998485 -0.0116356 0.0537804 0.923521 0.00953751 0.999189 0.0391054 0.716011 -0.0541919 -0.0385333 0.997787 111.002
0.998784 -0.0122239 0.0477736 0.959476 0.010331 0.999159 0.0396701 0.745168 -0.0482184 -0.0391283 0.99807 112.225
0.99898 -0.0114324 0.0436864 1.01848 0.00967892 0.999147 0.0401397 0.802857 -0.0441081 -0.039676 0.998238 113.434
0.999223 -0.0114552 0.0377145 1.05696 0.00993491 0.99914 0.0402526 0.829366 -0.0381432 -0.0398467 0.998477 114.66
0.9994 -0.0112423 0.0327494 1.09383 0.00992485 0.999146 0.0401159 0.869359 -0.0331724 -0.0397669 0.998658 115.883
0.999532 -0.0110961 0.028501 1.12071 0.00995093 0.999149 0.0400137 0.908187 -0.0289208 -0.0397114 0.998792 117.095
0.999672 -0.0108051 0.0232147 1.14517 0.00987335 0.999155 0.0398835 0.943968 -0.0236261 -0.0396413 0.998934 118.329
0.999743 -0.0101906 0.0202645 1.16671 0.00938348 0.999174 0.0395336 0.972367 -0.0206507 -0.0393333 0.999013 119.544
0.999815 -0.00846839 0.0172509 1.17772 0.00778853 0.999205 0.0391022 1.00779 -0.0175684 -0.0389606 0.999086 120.777
0.999835 -0.008331 0.0161231 1.19304 0.00769407 0.999203 0.0391706 1.03957 -0.0164366 -0.0390401 0.999102 122.016
0.999851 -0.00726761 0.015644 1.20507 0.00665139 0.999213 0.0390877 1.07771 -0.0159158 -0.0389779 0.999113 123.236
0.999884 -0.00572809 0.0141362 1.20941 0.00516207 0.999196 0.0397572 1.11491 -0.0143526 -0.0396796 0.999109 124.485
0.999884 -0.00563282 0.0141421 1.22362 0.00504961 0.999149 0.0409409 1.14615 -0.0143607 -0.0408648 0.999061 125.718
0.999918 -0.00291747 0.0125127 1.22654 0.002382 0.999089 0.0425966 1.18952 -0.0126256 -0.0425633 0.999014 126.981
0.999928 -0.00174464 0.0118539 1.23361 0.00121778 0.999017 0.0443089 1.23906 -0.0119195 -0.0442913 0.998947 128.241
0.999921 -0.00274272 0.0122804 1.2493 0.00219843 0.999024 0.0441171 1.27031 -0.0123895 -0.0440866 0.998951 129.464
0.999937 -0.00280664 0.0108912 1.25739 0.00231864 0.999004 0.0445636 1.31411 -0.0110054 -0.0445355 0.998947 130.73
0.999932 -0.0047207 0.0106335 1.26391 0.00423676 0.998974 0.0450818 1.36797 -0.0108354 -0.0450337 0.998927 131.961
0.999945 -0.00437536 0.00957062 1.27796 0.00393291 0.998944 0.0457689 1.42498 -0.0097608 -0.0457287 0.998906 133.24
0.999938 -0.0061274 0.00927226 1.29264 0.00568301 0.998868 0.0472173 1.47596 -0.00955111 -0.0471617 0.998842 134.48
0.999931 -0.00660891 0.00967558 1.29903 0.00614255 0.998854 0.0474599 1.53406 -0.00997818 -0.0473972 0.998826 135.724
0.999941 -0.00670893 0.00852344 1.32027 0.0063016 0.998877 0.0469486 1.58338 -0.00882887 -0.0468921 0.998861 136.996
0.999931 -0.00678863 0.00955339 1.32403 0.00633331 0.998879 0.0469089 1.64164 -0.00986115 -0.0468452 0.998854 138.252
0.999928 -0.0070271 0.00978496 1.341 0.00656813 0.998912 0.0461721 1.7005 -0.0100988 -0.0461045 0.998886 139.529
0.999924 -0.007104 0.01011 1.35032 0.00662301 0.99888 0.0468387 1.74437 -0.0104314 -0.0467682 0.998851 140.805
0.999906 -0.00672849 0.011983 1.35218 0.00614667 0.998831 0.0479461 1.79106 -0.0122916 -0.0478679 0.998778 142.081
0.999922 -0.00449521 0.0116414 1.36654 0.00392129 0.998798 0.0488616 1.84409 -0.011847 -0.0488122 0.998738 143.364
0.999916 -0.00454329 0.0121744 1.37584 0.00394 0.998785 0.0491276 1.88723 -0.0123828 -0.0490755 0.998718 144.637
0.999897 -0.00431446 0.0137336 1.38319 0.00363544 0.998788 0.0490886 1.93479 -0.0139288 -0.0490336 0.9987 145.905
0.999907 -0.00419732 0.0129814 1.40029 0.00356359 0.998819 0.0484619 1.99439 -0.0131695 -0.0484112 0.998741 147.182
0.999875 -0.00462989 0.0151621 1.41533 0.00393749 0.998962 0.0453823 2.02548 -0.0153565 -0.0453169 0.998855 148.44
0.999889 -0.00443446 0.0142127 1.42995 0.00381211 0.999045 0.0435205 2.08435 -0.0143921 -0.0434615 0.998951 149.71
0.999888 -0.0044932 0.0143094 1.44143 0.00387885 0.999081 0.0426752 2.12512 -0.014488 -0.0426149 0.998986 150.977
0.999859 -0.00465862 0.0161324 1.45964 0.00396308 0.999072 0.0428815 2.16342 -0.0163172 -0.0428115 0.99895 152.232
0.999882 -0.00450153 0.0147083 1.4787 0.00386323 0.999061 0.0431407 2.21982 -0.0148887 -0.0430788 0.998961 153.506
0.99987 -0.0040622 0.0155907 1.49284 0.00337174 0.999023 0.04406 2.25762 -0.0157545 -0.0440018 0.998907 154.762
0.99989 -0.00384677 0.0143378 1.50529 0.00320515 0.999004 0.0445076 2.2988 -0.0144947 -0.0444568 0.998906 156.034
0.999898 -0.00379403 0.0137929 1.51663 0.00316917 0.99898 0.0450458 2.33822 -0.0139498 -0.0449975 0.99889 157.298
0.999889 -0.00370077 0.0144419 1.5247 0.00304758 0.998983 0.0449918 2.39254 -0.0145937 -0.0449428 0.998883 158.544
0.999906 -0.00373028 0.0132147 1.53779 0.00312825 0.998969 0.0452885 2.44181 -0.01337 -0.045243 0.998886 159.821
0.999901 -0.00334881 0.013673 1.54893 0.00271831 0.998943 0.0458735 2.49354 -0.0138122 -0.0458319 0.998854 161.075
0.999923 -0.00319672 0.0120341 1.55849 0.00264069 0.998941 0.0459401 2.53787 -0.0121682 -0.0459048 0.998872 162.343
0.999929 -0.0030304 0.0115698 1.5658 0.00249182 0.998925 0.0462846 2.5904 -0.0116976 -0.0462525 0.998861 163.603
0.999924 -0.00179327 0.0122098 1.57632 0.00120994 0.998865 0.0476162 2.67756 -0.0122814 -0.0475979 0.998791 164.874
0.999941 -0.0019199 0.010735 1.58297 0.00140614 0.998862 0.047663 2.7232 -0.0108143 -0.0476451 0.998806 166.141
0.999936 -0.00201393 0.0111454 1.5865 0.00147654 0.998845 0.0480158 2.78077 -0.0112293 -0.0479963 0.998784 167.391
0.999954 -0.00207123 0.0094124 1.6054 0.00161587 0.99884 0.0481312 2.84203 -0.00950118 -0.0481138 0.998797 168.664
0.999959 -0.00166568 0.00886712 1.6095 0.00122617 0.998781 0.0493429 2.89314 -0.00893852 -0.04933 0.998742 169.924
0.999957 -0.00164515 0.00913832 1.61342 0.00118776 0.998757 0.0498329 2.94815 -0.00920897 -0.04982 0.998716 171.185
0.999971 -0.00145942 0.0074782 1.61933 0.00108099 0.99873 0.0503604 3.01241 -0.00754222 -0.0503508 0.998703 172.453
0.999968 -0.00134149 0.00793669 1.62023 0.000936115 0.998705 0.0508606 3.06824 -0.00799466 -0.0508515 0.998674 173.707
0.99998 -0.00074286 0.00628645 1.61614 0.000422833 0.998711 0.0507557 3.12465 -0.00631608 -0.0507521 0.998691 174.985
0.999988 0.000197434 0.00495406 1.62624 -0.000444675 0.998751 0.0499548 3.19202 -0.00493803 -0.0499564 0.998739 176.25
0.999985 7.09284e-05 0.00556718 1.62409 -0.000349398 0.998747 0.0500343 3.24251 -0.00555668 -0.0500355 0.998732 177.509
0.99999 -1.04762e-05 0.00445091 1.6236 -0.000211359 0.998757 0.0498363 3.29928 -0.00444592 -0.0498367 0.998747 178.769
0.999983 -0.000924319 0.00570657 1.62757 0.000642455 0.998789 0.0491981 3.33883 -0.00574515 -0.0491936 0.998773 180.048
0.999991 -0.00222262 0.00353572 1.6288 0.00204716 0.998803 0.0488755 3.37225 -0.00364014 -0.0488678 0.998798 181.337
0.999992 -0.00262571 0.00307545 1.61925 0.00245797 0.998574 0.0533293 3.43282 -0.00321111 -0.0533214 0.998572 182.632
0.999988 -0.00290906 0.00390736 1.62187 0.00268875 0.998469 0.055249 3.49415 -0.00406212 -0.0552379 0.998465 183.899
0.999993 -0.00208019 0.00324601 1.61688 0.0019008 0.998522 0.0543203 3.53361 -0.00335423 -0.0543138 0.998518 185.192
0.999985 -0.00201407 0.00505595 1.61718 0.00173425 0.998498 0.054751 3.6075 -0.00515865 -0.0547414 0.998487 186.443
0.999991 -0.00193478 0.00366642 1.61322 0.00173098 0.998496 0.0547959 3.66433 -0.00376694 -0.0547892 0.998491 187.684
0.999989 -0.00133393 0.00455518 1.61044 0.00108243 0.998498 0.0547734 3.7101 -0.00462142 -0.0547679 0.998488 188.969
0.999984 -0.00150448 0.00552027 1.6151 0.00119328 0.998433 0.0559499 3.76836 -0.00559581 -0.0559425 0.998418 190.216
0.99998 -0.00120315 0.00618356 1.61705 0.000844653 0.998336 0.0576534 3.84246 -0.00624266 -0.0576471 0.998317 191.491
0.999973 -0.00147688 0.00722658 1.62384 0.00104994 0.998273 0.0587305 3.91086 -0.00730086 -0.0587214 0.998248 192.729
0.999971 -0.00136577 0.00752534 1.62192 0.000924285 0.998295 0.0583597 3.97985 -0.00759223 -0.0583511 0.998267 193.958
0.999963 -0.00135911 0.00852167 1.62797 0.00086246 0.998315 0.0580149 4.03312 -0.00858618 -0.0580055 0.998279 195.187
0.999943 -0.000934187 0.0106253 1.6311 0.000326074 0.998369 0.0570903 4.08936 -0.0106614 -0.0570836 0.998312 196.427
0.999933 -0.000958412 0.0114965 1.64116 0.000301233 0.998372 0.0570288 4.14031 -0.0115325 -0.0570216 0.998306 197.641
0.999905 -0.000611872 0.0137596 1.65019 -0.000182691 0.998335 0.0576704 4.19814 -0.013772 -0.0576675 0.998241 198.857
0.999907 -0.000496072 0.0135926 1.6619 -0.000307749 0.998253 0.0590707 4.25823 -0.0135982 -0.0590694 0.998161 200.069
0.999889 0.000194454 0.0148772 1.67502 -0.00108161 0.998219 0.0596467 4.31531 -0.0148391 -0.0596563 0.998109 201.277
0.999856 0.000725626 0.0169557 1.68939 -0.00173779 0.998211 0.0597564 4.35664 -0.016882 -0.0597773 0.998069 202.48
0.999857 0.00115116 0.016891 1.70699 -0.00216351 0.998193 0.0600389 4.41913 -0.0167914 -0.0600668 0.998053 203.675
0.999815 0.000628657 0.0192103 1.74155 -0.00178862 0.998171 0.060425 4.46855 -0.0191372 -0.0604482 0.997988 204.894
0.999802 0.000106037 0.0199099 1.76625 -0.00132164 0.998133 0.0610516 4.54242 -0.0198663 -0.0610658 0.997936 206.078
0.999779 0.000378524 0.0210304 1.76003 -0.00166059 0.998137 0.0609783 4.59981 -0.0209681 -0.0609998 0.997917 207.253
0.999746 -0.000948231 0.0225142 1.78575 -0.000428816 0.998132 0.0610798 4.64664 -0.0225301 -0.0610739 0.997879 208.424
0.999756 -0.000611257 0.0220966 1.81225 -0.000748884 0.998107 0.0614933 4.7177 -0.0220924 -0.0614949 0.997863 209.569
0.999737 -0.000896761 0.0229036 1.83011 -0.000541245 0.998032 0.0627017 4.7648 -0.0229147 -0.0626977 0.997769 210.69
0.999762 -0.00091657 0.0218101 1.84494 -0.000450286 0.998039 0.0625832 4.82415 -0.0218247 -0.0625782 0.997801 211.801
0.999764 -0.000809517 0.0217025 1.8594 -0.000536985 0.998078 0.0619659 4.88065 -0.021711 -0.061963 0.997842 212.899
0.999713 -0.00079886 0.023924 1.90068 -0.00064887 0.998171 0.0604448 4.92968 -0.0239285 -0.060443 0.997885 213.99
0.999761 -0.000730018 0.0218345 1.91788 -0.000616227 0.998101 0.0615864 4.98893 -0.021838 -0.0615851 0.997863 215.062
0.99977 -0.00120845 0.0214273 1.93183 -0.000117604 0.99809 0.061777 5.03458 -0.0214611 -0.0617653 0.99786 216.124
0.999803 -0.00172234 0.0197861 1.93317 0.000476896 0.998027 0.0627782 5.0789 -0.0198552 -0.0627564 0.997831 217.188
0.999838 -0.00177039 0.0179139 1.94847 0.00061926 0.997945 0.0640612 5.13374 -0.0179906 -0.0640398 0.997785 218.224
0.999867 -0.00165028 0.0162072 1.96059 0.000580601 0.997833 0.065784 5.18385 -0.0162807 -0.0657659 0.997702 219.25
0.999909 -0.00118985 0.0134173 1.97255 0.000298612 0.997804 0.0662314 5.23769 -0.0134667 -0.0662214 0.997714 220.254
0.99993 -0.000749161 0.0118102 1.97288 -2.49083e-05 0.997858 0.065406 5.28051 -0.0118339 -0.0654017 0.997789 221.246
0.999964 -0.000693591 0.00847606 1.97615 0.000134996 0.997837 0.0657258 5.32568 -0.00850334 -0.0657223 0.997801 222.2
0.999985 -0.000842579 0.00551715 1.98539 0.00047521 0.997803 0.0662516 5.3843 -0.00556087 -0.066248 0.997787 223.167
0.999994 -0.000982391 0.0032733 1.98174 0.000763764 0.99781 0.0661338 5.43897 -0.00333112 -0.0661309 0.997805 224.085
0.999999 -0.00122734 -0.000587622 1.96929 0.00126336 0.997829 0.0658497 5.49822 0.000505503 -0.0658504 0.997829 225.021
0.999995 -0.0010557 -0.0030674 1.96442 0.00125449 0.997849 0.0655471 5.52705 0.00299157 -0.0655506 0.997844 225.898
0.999974 -0.00109745 -0.00708098 1.95597 0.00156183 0.997824 0.0659132 5.58606 0.00699321 -0.0659226 0.9978 226.747
0.999948 -0.00094076 -0.0101262 1.9364 0.00160448 0.997835 0.0657385 5.62568 0.0100424 -0.0657513 0.997785 227.581
0.999932 0.000559272 -0.0116942 1.91062 0.000204887 0.997869 0.0652423 5.67233 0.0117058 -0.0652402 0.997801 228.386
0.999911 0.000575611 -0.0133545 1.89813 0.000305135 0.997829 0.0658562 5.71189 0.0133633 -0.0658544 0.997739 229.182
0.999923 0.000343779 -0.0124113 1.88031 0.000480364 0.997797 0.0663388 5.7535 0.0124068 -0.0663396 0.99772 229.959
0.999923 0.000647996 -0.0123931 1.87067 0.000186454 0.997739 0.0672128 5.79119 0.0124086 -0.0672099 0.997661 230.735
0.999929 0.000738066 -0.0119383 1.863 6.81918e-05 0.997726 0.0673949 5.82264 0.0119609 -0.0673909 0.997655 231.484
0.999941 0.000767366 -0.0108328 1.8666 -4.59083e-05 0.99779 0.0664435 5.86167 0.0108598 -0.0664391 0.997731 232.244
0.999945 0.000864102 -0.0104317 1.85513 -0.000177134 0.997841 0.0656764 5.89784 0.0104659 -0.0656709 0.997786 232.977
0.999964 0.00126029 -0.00842027 1.83867 -0.000719793 0.997957 0.0638878 5.92642 0.00848356 -0.0638795 0.997921 233.717
0.999971 0.00189639 -0.0073525 1.83461 -0.00142405 0.997966 0.0637235 5.96852 0.00745836 -0.0637112 0.99794 234.468
0.999984 0.00154353 -0.00542846 1.81913 -0.00119545 0.997978 0.0635505 5.99121 0.00551555 -0.063543 0.997964 235.21
0.999995 0.0012652 -0.00306303 1.81986 -0.00106648 0.997947 0.0640339 6.02751 0.00313774 -0.0640303 0.997943 235.931
0.999998 0.00123341 -0.00167088 1.81334 -0.00112365 0.997938 0.0641734 6.06999 0.00174656 -0.0641714 0.997937 236.636
0.999999 0.00131404 0.000963117 1.81737 -0.00137297 0.997951 0.0639701 6.093 -0.000877107 -0.0639713 0.997951 237.348
0.999994 0.00121703 0.00345568 1.81532 -0.00143672 0.99793 0.0642974 6.13155 -0.00337029 -0.0643019 0.997924 238.047
0.999976 0.000804111 0.0069598 1.82609 -0.00125134 0.997917 0.064494 6.19209 -0.00689347 -0.0645012 0.997893 238.738
0.999943 0.000615589 0.0107157 1.83364 -0.00131145 0.997881 0.0650531 6.23152 -0.0106529 -0.0650634 0.997824 239.438
0.999902 0.0012453 0.0139216 1.83018 -0.00214788 0.997882 0.0650067 6.26727 -0.0138112 -0.0650303 0.997787 240.158
0.999849 0.00110146 0.0173607 1.8427 -0.00222821 0.997882 0.0650171 6.30096 -0.0172523 -0.065046 0.997733 240.858
0.999796 0.000714792 0.0201891 1.84391 -0.00204692 0.997815 0.0660391 6.33174 -0.0200978 -0.066067 0.997612 241.55
0.999724 0.00125402 0.0234783 1.85672 -0.00279278 0.997841 0.0656216 6.37634 -0.0233453 -0.065669 0.997568 242.237
0.999623 0.00144821 0.0274128 1.87056 -0.00325476 0.997816 0.0659723 6.40489 -0.0272574 -0.0660367 0.997444 242.955
0.999542 0.00139644 0.0302319 1.89139 -0.00340952 0.997771 0.0666389 6.44478 -0.0300715 -0.0667114 0.997319 243.65
0.999435 0.00135775 0.033604 1.90946 -0.00361503 0.997733 0.0672035 6.49493 -0.0334365 -0.067287 0.997173 244.355
0.999357 0.00124645 0.0358353 1.93469 -0.00365351 0.997734 0.0671833 6.5269 -0.0356703 -0.067271 0.997096 245.06
0.999237 0.00082149 0.0390593 1.96713 -0.00339347 0.997825 0.0658274 6.57259 -0.0389202 -0.0659097 0.997066 245.788
0.999172 0.00156901 0.0406707 1.99108 -0.00417639 0.997934 0.064104 6.61481 -0.0404861 -0.0642207 0.997114 246.501
0.999102 0.000762651 0.0423744 2.02521 -0.00339524 0.998065 0.0620896 6.64702 -0.042245 -0.0621777 0.99717 247.238
0.999059 0.0013342 0.0433564 2.06425 -0.00403841 0.998046 0.062344 6.68596 -0.0431885 -0.0624604 0.997112 247.99
0.999067 0.00103837 0.0431765 2.09487 -0.00375315 0.998016 0.0628429 6.72623 -0.0430256 -0.0629463 0.997089 248.72
0.999004 0.00196429 0.0445822 2.1225 -0.00473755 0.998053 0.0621854 6.76139 -0.0443732 -0.0623347 0.997068 249.449
0.998989 0.00175726 0.0449248 2.15381 -0.00455523 0.99805 0.0622549 6.82837 -0.0447278 -0.0623966 0.997048 250.206
0.998964 0.00170307 0.0454906 2.18791 -0.00454497 0.998038 0.0624421 6.87311 -0.045295 -0.0625841 0.997011 250.948
0.998912 -0.00180477 0.0466041 2.2241 -0.00107158 0.998099 0.0616201 6.91821 -0.0466267 -0.0616029 0.997011 251.69
0.998905 -0.00187174 0.0467508 2.26367 -0.00103926 0.998065 0.0621645 6.96432 -0.0467767 -0.062145 0.99697 252.451
0.998866 -0.000260305 0.0476118 2.29478 -0.00279049 0.997946 0.0639986 6.99434 -0.0475307 -0.0640588 0.996813 253.233
0.998829 0.00502621 0.0481238 2.32589 -0.00835819 0.997561 0.0692889 7.0499 -0.0476582 -0.06961 0.996435 253.993
0.998789 0.00490635 0.0489583 2.36701 -0.00836069 0.997469 0.0706035 7.07832 -0.048488 -0.0709273 0.996302 254.78
0.998663 0.00337604 0.051585 2.40549 -0.00693903 0.997589 0.0690482 7.12925 -0.0512275 -0.0693139 0.996278 255.586
0.998439 0.0050853 0.0556147 2.44337 -0.00861627 0.997949 0.0634357 7.17613 -0.055178 -0.0638159 0.996435 256.38
0.998119 0.00531731 0.0610717 2.4791 -0.00918856 0.997953 0.0632837 7.23191 -0.0606102 -0.0637259 0.996125 257.183
0.997986 0.00536885 0.0632117 2.53193 -0.00941776 0.99791 0.0639306 7.27835 -0.0627363 -0.0643971 0.99595 257.998
0.997772 0.00455239 0.0665658 2.58876 -0.00892266 0.997812 0.0655042 7.32295 -0.066122 -0.0659522 0.995629 258.824
0.997462 -0.000143799 0.0712005 2.65068 -0.00477126 0.997615 0.0688564 7.38075 -0.0710405 -0.0690214 0.995082 259.692
0.997297 0.000152296 0.0734747 2.71648 -0.00524011 0.997599 0.0690581 7.43284 -0.0732877 -0.0692564 0.994903 260.533
0.996996 0.000538847 0.0774586 2.77705 -0.00598768 0.99752 0.0701301 7.46659 -0.0772286 -0.0703832 0.994525 261.36
0.996841 0.00274608 0.0793763 2.83752 -0.00825098 0.997575 0.0691074 7.50335 -0.078994 -0.069544 0.994446 262.198
0.996633 0.00304142 0.081941 2.90075 -0.00869478 0.997598 0.0687249 7.55283 -0.0815351 -0.0692059 0.994264 263.03
0.996521 0.00281332 0.0832984 2.97684 -0.0085682 0.997593 0.0688109 7.60445 -0.0829043 -0.0692852 0.994145 263.939
0.996322 0.00318473 0.085629 3.04775 -0.00922198 0.99749 0.0702019 7.65126 -0.0851905 -0.0707333 0.99385 264.774
0.995998 0.00300274 0.08933 3.11436 -0.00938042 0.997428 0.0710607 7.71514 -0.0888869 -0.0716142 0.993463 265.618
0.995758 0.00386379 0.0919317 3.18466 -0.0105033 0.99736 0.0718484 7.7611 -0.0914114 -0.0725091 0.993169 266.455
0.995499 0.00380285 0.0946938 3.26051 -0.0106427 0.99736 0.0718314 7.81763 -0.0941706 -0.0725159 0.992911 267.285
0.995184 0.00274529 0.0979906 3.34364 -0.00978362 0.997398 0.0714185 7.8641 -0.0975395 -0.0720332 0.992621 268.133
0.995048 0.000966174 0.0993895 3.43589 -0.00821686 0.997329 0.0725687 7.91272 -0.0990539 -0.073026 0.992398 269.037
0.994868 0.00151949 0.101167 3.51846 -0.00893129 0.997303 0.0728507 7.96538 -0.100783 -0.0733804 0.992198 269.885
0.994857 0.000888648 0.101286 3.59895 -0.00825298 0.997348 0.0723126 8.00073 -0.100953 -0.0727766 0.992225 270.797
0.994789 0.000854899 0.10195 3.68232 -0.00830409 0.997321 0.0726653 8.0498 -0.101615 -0.0731332 0.992131 271.654
0.99473 0.00136439 0.102523 3.76379 -0.008935 0.997261 0.07342 8.09507 -0.102142 -0.073949 0.992017 272.507
0.994782 0.00170361 0.102008 3.84739 -0.00932286 0.997195 0.0742628 8.14261 -0.101595 -0.0748263 0.992007 273.363
0.994773 0.00176166 0.102096 3.92921 -0.00938463 0.997196 0.0742327 8.18846 -0.101679 -0.0748028 0.992 274.208
0.994964 0.0024098 0.100206 4.00956 -0.00986564 0.997211 0.0739763 8.23258 -0.0997481 -0.0745924 0.992212 275.075
0.995075 0.00304083 0.0990734 4.08895 -0.0104227 0.997198 0.0740774 8.28609 -0.0985704 -0.0747452 0.992318 275.926
0.995144 0.00327939 0.0983738 4.16572 -0.0106494 0.997165 0.0744873 8.3441 -0.0978506 -0.0751733 0.992357 276.771
0.995311 0.00441618 0.0966212 4.24408 -0.0116579 0.997152 0.0745137 8.38351 -0.0960169 -0.0752907 0.992527 277.625
0.995413 0.00453825 0.0955678 4.31969 -0.0117658 0.997099 0.075201 8.43596 -0.0949492 -0.0759804 0.992577 278.463
0.995695 0.00437663 0.0925833 4.39735 -0.011507 0.996994 0.0766222 8.49262 -0.0919696 -0.0773577 0.992752 279.314
0.996059 0.00366753 0.0886179 4.47156 -0.010628 0.996881 0.0782006 8.55819 -0.0880546 -0.0788342 0.99299 280.154
0.996394 0.00221713 0.0848232 4.54269 -0.00903861 0.996744 0.0801207 8.6103 -0.0843694 -0.0805984 0.993169 280.988
0.996813 0.00240889 0.0797404 4.60735 -0.00889304 0.996669 0.0810609 8.67221 -0.0792796 -0.0815116 0.993513 281.813
0.997117 0.00229857 0.0758395 4.66433 -0.00849503 0.996638 0.0814838 8.73737 -0.0753973 -0.0818932 0.993784 282.625
0.997457 0.00197388 0.0712412 4.72121 -0.00783891 0.99659 0.082141 8.79983 -0.0708361 -0.0824906 0.99407 283.446
0.997766 0.00153029 0.0667948 4.76968 -0.00705585 0.99656 0.0825669 8.84761 -0.0664387 -0.0828537 0.994344 284.238
0.997962 0.00157998 0.0637978 4.81698 -0.00684094 0.996581 0.082329 8.90963 -0.0634496 -0.0825976 0.99456 285.006
0.998217 0.0016996 0.0596707 4.85758 -0.0066532 0.996534 0.0829153 8.97051 -0.059323 -0.0831644 0.994768 285.774
0.998387 0.00136044 0.0567569 4.89615 -0.00608365 0.99652 0.0831286 9.03177 -0.0564463 -0.0833398 0.99492 286.517
0.998659 3.88036e-06 0.0517673 4.92832 -0.00431392 0.996528 0.0831462 9.0944 -0.0515873 -0.0832581 0.995191 287.313
0.998856 -0.000939059 0.047803 4.96117 -0.00306716 0.996489 0.0836645 9.1545 -0.0477137 -0.0837154 0.995346 288.019
0.999055 -0.000837475 0.0434532 4.98532 -0.00281048 0.996477 0.0838222 9.21919 -0.0433703 -0.0838652 0.995532 288.696
0.999329 -0.000936317 0.0365999 5.00694 -0.00215329 0.996439 0.0842851 9.28103 -0.0365485 -0.0843074 0.995768 289.369
0.999611 -0.000413601 0.0278881 5.01079 -0.00188475 0.996603 0.0823366 9.34722 -0.0278274 -0.0823571 0.996214 290.078
0.999852 -0.00104017 0.0171828 5.02142 -0.000376673 0.996612 0.0822482 9.38911 -0.0172102 -0.0822425 0.996463 290.725
0.99999 -0.00100952 0.00427782 5.0181 0.000654964 0.996625 0.0820846 9.4207 -0.00434627 -0.082081 0.996615 291.348
0.999931 -0.00086493 -0.0117173 5.00192 0.00183157 0.99657 0.0827395 9.46785 0.0116055 -0.0827552 0.996502 291.954
0.999502 0.000539677 -0.0315425 4.97338 0.00208539 0.996536 0.083131 9.50971 0.0314781 -0.0831554 0.996039 292.563
0.998547 0.00167843 -0.0538619 4.9194 0.00275843 0.996612 0.0821949 9.55752 0.0538173 -0.0822241 0.995159 293.171
0.996835 0.00313233 -0.0794399 4.86356 0.00343383 0.996595 0.0823847 9.58185 0.0794274 -0.0823967 0.993429 293.775
0.994259 0.00408898 -0.106916 4.79951 0.00475349 0.996595 0.0823195 9.61916 0.106888 -0.0823552 0.990854 294.335
0.990539 0.00483842 -0.137144 4.70444 0.00658656 0.99655 0.0827306 9.6493 0.137071 -0.0828513 0.98709 294.866
0.985224 0.00492672 -0.171198 4.5993 0.00947806 0.996486 0.0832221 9.68304 0.171006 -0.0836151 0.981715 295.413
0.978338 0.00498658 -0.206954 4.47535 0.0125962 0.996423 0.0835552 9.71528 0.20663 -0.0843521 0.974776 295.924
0.9698 0.00533146 -0.243842 4.34163 0.015782 0.996294 0.0845509 9.7556 0.243389 -0.0858458 0.966122 296.419
0.959075 0.00703911 -0.283065 4.17897 0.0179691 0.996163 0.0856547 9.77968 0.282582 -0.0872357 0.955268 296.925
0.946343 0.00742504 -0.323078 4.00178 0.0214106 0.996099 0.0856072 9.8102 0.322454 -0.0879311 0.942492 297.382
0.931328 0.00773866 -0.364097 3.80682 0.0252341 0.996 0.085716 9.8453 0.363304 -0.0890174 0.927407 297.868
0.91389 0.00753313 -0.405891 3.59859 0.0296753 0.995913 0.0852997 9.88248 0.404874 -0.0899995 0.909932 298.307
0.893423 0.00672908 -0.449166 3.36988 0.0347944 0.995847 0.0841278 9.90789 0.447866 -0.0907902 0.889478 298.722
0.869756 0.00738517 -0.493426 3.11656 0.0387157 0.995785 0.0831478 9.94007 0.49196 -0.0914217 0.865804 299.143
0.843711 0.00639528 -0.536759 2.85769 0.0441859 0.995708 0.0813176 9.97516 0.534975 -0.0923258 0.839807 299.548
0.81439 0.00755997 -0.580268 2.5809 0.0474589 0.995698 0.0795797 10.0056 0.578373 -0.0923478 0.810528 299.905
0.781766 0.00729838 -0.623528 2.26778 0.0522559 0.995647 0.0771713 10.0298 0.621377 -0.0929129 0.777982 300.258
0.745719 0.00640328 -0.66623 1.96255 0.0589603 0.995396 0.0755619 10.0413 0.663646 -0.0956291 0.741908 300.581
0.705004 0.00501626 -0.709185 1.61353 0.0683974 0.994833 0.0750309 10.0684 0.705897 -0.101404 0.701018 300.891
0.659772 0.00478194 -0.751451 1.25955 0.0761531 0.994406 0.0731902 10.0857 0.747597 -0.105514 0.655717 301.155
0.611524 0.00759106 -0.791189 0.913894 0.0784954 0.994439 0.0702116 10.1076 0.787322 -0.105041 0.607527 301.379
0.560701 0.013297 -0.827911 0.518947 0.0771897 0.994677 0.068252 10.1241 0.824412 -0.102175 0.55669 301.595
0.507778 0.0174971 -0.86131 0.131766 0.0766808 0.994907 0.0654176 10.1378 0.858068 -0.0992636 0.50385 301.772
0.452655 0.0196369 -0.89147 -0.24658 0.0780144 0.995051 0.0615313 10.1515 0.888266 -0.0973999 0.448882 301.919
0.396303 0.0207046 -0.917886 -0.650176 0.0816348 0.994991 0.0576902 10.1625 0.914483 -0.0977943 0.392628 302.053
0.339183 0.0228448 -0.940443 -1.02973 0.0854435 0.994825 0.0549822 10.1618 0.936831 -0.0990038 0.335476 302.166
0.281205 0.02572 -0.959303 -1.44464 0.088707 0.994664 0.0526712 10.1857 0.955538 -0.0999083 0.277422 302.24
0.220277 0.0285169 -0.97502 -1.85507 0.0920046 0.994509 0.0498726 10.1844 0.971088 -0.100692 0.216444 302.295
0.156812 0.0319013 -0.987113 -2.26683 0.0928485 0.994575 0.0468923 10.2028 0.983254 -0.0990053 0.153 302.326
0.0935011 0.0374569 -0.994914 -2.71088 0.0952263 0.994374 0.0463858 10.2116 0.991054 -0.0990792 0.0894082 302.319
0.0274768 0.0430514 -0.998695 -3.15816 0.0972755 0.994215 0.0455346 10.2103 0.994878 -0.0983997 0.0231301 302.289
-0.0403037 0.048379 -0.998016 -3.60633 0.0993443 0.994072 0.0441759 10.2111 0.994236 -0.0973667 -0.0448709 302.245
-0.106341 0.0545928 -0.99283 -4.0717 0.100751 0.993944 0.0438629 10.2291 0.989212 -0.0953638 -0.111197 302.147
-0.173082 0.060095 -0.983072 -4.53673 0.103062 0.993762 0.042603 10.2406 0.9795 -0.0939441 -0.178196 302.039
-0.237477 0.0637129 -0.969301 -5.00933 0.105846 0.993602 0.0393781 10.243 0.965609 -0.0932452 -0.242702 301.886
-0.299712 0.0660774 -0.951738 -5.47863 0.108109 0.993525 0.0349339 10.2503 0.947884 -0.0924212 -0.304915 301.706
-0.360204 0.0667801 -0.93048 -5.9406 0.109608 0.993555 0.0288761 10.2519 0.926411 -0.0915864 -0.365202 301.493
-0.416803 0.0666868 -0.906547 -6.42005 0.110344 0.993642 0.0223608 10.2603 0.902274 -0.090712 -0.421511 301.234
-0.469254 0.0670592 -0.880513 -6.88607 0.110389 0.993745 0.016853 10.2679 0.876136 -0.0892908 -0.473721 300.957
-0.517119 0.0676995 -0.853232 -7.36464 0.110268 0.993829 0.0120251 10.2724 0.848781 -0.0878656 -0.521392 300.629
-0.559392 0.0673158 -0.826166 -7.85045 0.108795 0.994037 0.00732989 10.2707 0.821732 -0.085782 -0.563379 300.272
-0.598698 0.0688564 -0.79801 -8.33088 0.109335 0.993998 0.00374006 10.2819 0.793477 -0.0850111 -0.602632 299.879
-0.637418 0.074902 -0.766869 -8.82764 0.114019 0.993476 0.00226289 10.259 0.762035 -0.0859956 -0.641799 299.467
-0.67496 0.0794397 -0.733566 -9.31625 0.11699 0.993133 -9.4271e-05 10.244 0.72852 -0.0858833 -0.679618 299.012
-0.710082 0.08108 -0.699435 -9.79005 0.117367 0.99308 -0.00403362 10.2134 0.694268 -0.0849548 -0.714684 298.514
-0.742149 0.078109 -0.665669 -10.2479 0.114406 0.993373 -0.0109889 10.1632 0.660399 -0.0843119 -0.746166 297.963
-0.771636 0.0776302 -0.63131 -10.7132 0.113332 0.993422 -0.0163656 10.1334 0.625886 -0.0841761 -0.775358 297.384
-0.7981 0.0722956 -0.598172 -11.149 0.108895 0.993734 -0.0251877 10.1042 0.592602 -0.0852403 -0.800971 296.741
-0.822086 0.0715171 -0.564854 -11.5785 0.107693 0.993703 -0.0309218 10.0665 0.559085 -0.0862512 -0.824611 296.066
-0.844981 0.0704219 -0.53014 -12.024 0.105009 0.993842 -0.0353532 10.0512 0.524386 -0.0855422 -0.847172 295.296
-0.866278 0.0676384 -0.494962 -12.4167 0.100234 0.994177 -0.03957 10.0088 0.489403 -0.0838905 -0.868012 294.569
-0.886002 0.0668704 -0.458834 -12.8101 0.0974619 0.994297 -0.0432887 9.96058 0.453323 -0.0830727 -0.887466 293.741
-0.904191 0.0681232 -0.421661 -13.1734 0.0961657 0.994321 -0.0455714 9.9178 0.416162 -0.0817546 -0.905607 292.952
-0.92117 0.0687669 -0.383036 -13.5336 0.09447 0.994337 -0.048678 9.86804 0.377519 -0.0810261 -0.922449 292.111
-0.935628 0.068062 -0.346363 -13.867 0.0909987 0.994576 -0.0503752 9.81555 0.341055 -0.078651 -0.936746 291.19
-0.947972 0.0705843 -0.310432 -14.1571 0.0909987 0.994505 -0.051759 9.75127 0.305073 -0.077315 -0.949185 290.296
-0.959192 0.0703204 -0.273873 -14.4292 0.0884 0.994608 -0.0542266 9.69468 0.268583 -0.0762241 -0.960235 289.346
-0.968314 0.0678085 -0.240356 -14.6678 0.0842969 0.994693 -0.058984 9.63421 0.235081 -0.0773763 -0.96889 288.384
-0.975863 0.066997 -0.207855 -14.8928 0.0818453 0.994609 -0.063669 9.55835 0.202469 -0.0791441 -0.976085 287.347
-0.982041 0.0670289 -0.176358 -15.0793 0.0795762 0.994703 -0.0650562 9.48629 0.171063 -0.0779218 -0.982173 286.316
-0.986727 0.067766 -0.147576 -15.2279 0.0783599 0.994658 -0.0671909 9.43529 0.142234 -0.077863 -0.986765 285.236
-0.990722 0.0676574 -0.117867 -15.3629 0.0761384 0.994707 -0.0689977 9.35862 0.112575 -0.0773318 -0.990629 284.148
-0.993369 0.0678138 -0.0928373 -15.4576 0.0745464 0.994681 -0.0710804 9.25935 0.0875236 -0.0775298 -0.99314 283.008
-0.995528 0.0657821 -0.0678008 -15.536 0.070585 0.994971 -0.0710595 9.18701 0.0627857 -0.0755274 -0.995164 281.837
-0.996778 0.0655292 -0.0462619 -15.5936 0.0686791 0.995169 -0.0701441 9.09904 0.0414422 -0.0730953 -0.996463 280.643
-0.997632 0.0641182 -0.0248776 -15.6251 0.0657402 0.995304 -0.0710382 9.00424 0.0202063 -0.0725054 -0.997163 279.469
-0.997934 0.0637602 -0.00787691 -15.6314 0.0641607 0.995384 -0.0713614 8.91633 0.00329086 -0.0717194 -0.997419 278.28
-0.99818 0.0601965 0.00357554 -15.6146 0.0597777 0.995556 -0.0727623 8.83388 -0.00793936 -0.0724161 -0.997342 277.08
-0.998102 0.0603226 0.0124325 -15.5966 0.059284 0.99567 -0.0715916 8.73849 -0.0166969 -0.0707187 -0.997356 275.847
-0.99819 0.0581415 0.0153588 -15.568 0.0569191 0.995873 -0.0706822 8.64733 -0.0194046 -0.0696801 -0.99738 274.61
