1 0 0 0 0 1 0 0 0 0 1 0
0.999834 0.000522129 0.0182404 0.0171612 -0.000512098 1 -0.000554603 -0.0125016 -0.0182406 0.00054517 0.999833 0.624147
0.999373 0.00112547 0.0353811 0.0465495 -0.00110286 0.999999 -0.000658673 -0.0301277 -0.0353818 0.00061924 0.999374 1.34717
0.998888 0.00150153 0.0471217 0.0874982 -0.00150322 0.999999 4.70827e-07 -0.0490694 -0.0471216 -7.13048e-05 0.998889 2.16747
0.998385 0.00187387 0.0567757 0.140199 -0.00190807 0.999998 0.000548181 -0.066683 -0.0567745 -0.000655628 0.998387 3.07194
0.997932 0.00214471 0.0642501 0.206026 -0.00220519 0.999997 0.000870367 -0.0814907 -0.0642481 -0.00101025 0.997933 4.04714
0.997559 0.00263978 0.0697851 0.277946 -0.00270315 0.999996 0.000813623 -0.100468 -0.0697827 -0.00100028 0.997562 5.08519
0.997306 0.00314784 0.073294 0.356734 -0.00322962 0.999994 0.000997257 -0.116534 -0.0732904 -0.00123128 0.99731 6.1711
0.997158 0.00357936 0.0752536 0.439561 -0.00372517 0.999991 0.00179735 -0.131964 -0.0752465 -0.00207257 0.997163 7.29542
0.99713 0.00394856 0.0756009 0.526242 -0.00415824 0.999988 0.00261634 -0.145848 -0.0755897 -0.0029232 0.997135 8.44523
0.997304 0.00394716 0.0732747 0.610195 -0.00415458 0.999988 0.00267855 -0.158216 -0.0732633 -0.00297575 0.997308 9.61309
0.997438 0.00423452 0.0714187 0.695375 -0.00444829 0.999986 0.00283437 -0.171811 -0.0714057 -0.00314479 0.997442 10.7933
0.997541 0.00449659 0.0699389 0.777244 -0.0047314 0.999984 0.00319208 -0.182511 -0.0699234 -0.00351513 0.997546 11.9859
0.99762 0.00524406 0.0687585 0.856416 -0.00549738 0.999979 0.00349559 -0.19009 -0.0687387 -0.00386526 0.997627 13.1824
0.997585 0.00522068 0.0692609 0.936721 -0.00551421 0.999977 0.00404759 -0.197896 -0.0692381 -0.00441973 0.99759 14.3846
0.997581 0.0053915 0.0693114 1.01828 -0.00573825 0.999972 0.00480458 -0.207312 -0.0692835 -0.00519068 0.997583 15.5904
0.997695 0.00551561 0.0676379 1.09809 -0.00589571 0.999968 0.0054213 -0.212746 -0.0676059 -0.00580758 0.997695 16.7966
0.997699 0.00595683 0.0675319 1.17791 -0.00634986 0.999964 0.00560664 -0.218839 -0.0674961 -0.00602256 0.997701 18.0067
0.997839 0.0061265 0.0654196 1.25583 -0.00651527 0.999962 0.00573104 -0.225918 -0.065382 -0.00614488 0.997841 19.2185
0.997908 0.00635685 0.0643409 1.33217 -0.00676912 0.999958 0.0061916 -0.232497 -0.0642989 -0.00661417 0.997909 20.4331
0.997924 0.0068036 0.0640393 1.40707 -0.00724749 0.999951 0.00670183 -0.243205 -0.0639905 -0.00715205 0.997925 21.653
0.998043 0.0073172 0.0620999 1.47509 -0.00776278 0.999946 0.00693694 -0.256752 -0.0620458 -0.00740543 0.998046 22.8696
0.998067 0.00806563 0.0616134 1.54309 -0.00857084 0.999932 0.00793971 -0.271957 -0.0615452 -0.00845244 0.998068 24.0876
0.998169 0.00765807 0.0600044 1.61363 -0.00816222 0.999933 0.00816129 -0.289044 -0.0599379 -0.00863612 0.998165 25.3074
0.998227 0.00813801 0.0589717 1.68375 -0.00865676 0.999926 0.00854639 -0.303814 -0.0588977 -0.00904173 0.998223 26.5288
0.998237 0.00861477 0.0587232 1.75224 -0.00914559 0.99992 0.00877666 -0.316405 -0.0586429 -0.00929825 0.998236 27.7592
0.998347 0.00883559 0.0567972 1.81651 -0.00936529 0.999915 0.00906688 -0.32847 -0.0567123 -0.00958381 0.998345 28.9894
0.998373 0.0095065 0.056217 1.8801 -0.0100592 0.999904 0.00955655 -0.336602 -0.0561207 -0.0101065 0.998373 30.2181
0.998447 0.00920511 0.0549478 1.94101 -0.00976761 0.999902 0.00997724 -0.339071 -0.0548506 -0.0104985 0.998439 31.4497
0.998514 0.00941322 0.053673 1.99694 -0.00999268 0.999894 0.010538 -0.338761 -0.0535681 -0.0110587 0.998503 32.6812
0.998534 0.0095864 0.0532752 2.05485 -0.010209 0.999883 0.0114272 -0.343164 -0.0531594 -0.0119544 0.998514 33.9179
0.99858 0.00958321 0.0523937 2.11244 -0.0102069 0.99988 0.0116497 -0.343725 -0.0522758 -0.0121679 0.998558 35.1515
0.998573 0.00964428 0.0525155 2.17142 -0.0102997 0.999872 0.0122233 -0.347264 -0.0523909 -0.0127467 0.998545 36.3864
0.998575 0.00997606 0.0524184 2.22846 -0.0106743 0.999858 0.0130575 -0.34594 -0.0522807 -0.0135984 0.99854 37.6247
0.998563 0.010361 0.0525764 2.28759 -0.0111067 0.999842 0.0139107 -0.342871 -0.052424 -0.0144747 0.99852 38.8557
0.998538 0.0109131 0.0529355 2.34879 -0.0117023 0.999825 0.0146229 -0.339389 -0.0527666 -0.015221 0.998491 40.0875
0.998549 0.0111655 0.0526723 2.40581 -0.0119905 0.99981 0.0153728 -0.33126 -0.0524907 -0.0159821 0.998493 41.3128
0.99849 0.0124149 0.0535163 2.46423 -0.0133321 0.99977 0.0168149 -0.327278 -0.0532952 -0.017503 0.998425 42.5379
0.99841 0.0126624 0.0549303 2.52316 -0.0136657 0.999746 0.0179282 -0.322529 -0.0546893 -0.0186504 0.998329 43.7645
0.998291 0.0131504 0.0569357 2.58275 -0.0142667 0.999713 0.0192444 -0.317796 -0.0566663 -0.0200238 0.998192 44.9957
0.998158 0.0136011 0.0591227 2.64444 -0.0148498 0.999675 0.0207325 -0.310013 -0.0588215 -0.0215722 0.998035 46.2242
0.99808 0.0133698 0.0604746 2.70845 -0.0147108 0.999654 0.0217836 -0.302276 -0.0601625 -0.0226314 0.997932 47.4557
0.997963 0.0130954 0.0624407 2.77387 -0.0144922 0.999654 0.021969 -0.293656 -0.0621313 -0.0228291 0.997807 48.6831
0.997835 0.0135013 0.0643583 2.83895 -0.0149437 0.999647 0.0219829 -0.285194 -0.0640388 -0.0228971 0.997685 49.9119
0.9978 0.0129461 0.0650257 2.90702 -0.0143853 0.999661 0.0217132 -0.274985 -0.0647225 -0.0226008 0.997647 51.142
0.997706 0.0125669 0.0665114 2.97771 -0.0140581 0.999659 0.0219997 -0.264742 -0.0662122 -0.0228842 0.997543 52.3694
0.997763 0.0120673 0.0657548 3.05237 -0.0135428 0.999665 0.0220412 -0.254723 -0.0654668 -0.0228824 0.997592 53.598
0.997849 0.0118885 0.0644651 3.12446 -0.0133396 0.999666 0.022126 -0.23638 -0.0641805 -0.0229383 0.997675 54.8284
0.997857 0.0114396 0.0644277 3.19196 -0.012936 0.999655 0.0228573 -0.23045 -0.064144 -0.0236417 0.997661 56.0492
0.997949 0.0111181 0.0630367 3.26245 -0.01261 0.999649 0.0233202 -0.21922 -0.0627552 -0.0240672 0.997739 57.2829
0.997968 0.0117669 0.0626126 3.32819 -0.0132528 0.999639 0.0233701 -0.211121 -0.062315 -0.0241524 0.997764 58.5115
0.998034 0.0118586 0.0615443 3.39703 -0.0133324 0.999633 0.023592 -0.201648 -0.0612419 -0.0243661 0.997826 59.7382
0.998056 0.0117287 0.0612042 3.46691 -0.0132036 0.999631 0.0237492 -0.193655 -0.060903 -0.0245112 0.997843 60.9643
0.99803 0.0112287 0.0617312 3.53556 -0.0127467 0.999625 0.0242512 -0.184869 -0.0614357 -0.0249903 0.997798 62.1825
0.998087 0.0108943 0.0608543 3.60225 -0.0124097 0.999621 0.0245809 -0.172596 -0.0605634 -0.025289 0.997844 63.4021
0.998052 0.0105533 0.0614938 3.66898 -0.012135 0.999604 0.0254058 -0.155604 -0.0612013 -0.0261025 0.997784 64.6088
0.998108 0.0110609 0.060483 3.7355 -0.0126447 0.999586 0.025865 -0.136824 -0.0601718 -0.0265808 0.997834 65.8192
0.998104 0.011842 0.0604054 3.79636 -0.0134292 0.999574 0.0259375 -0.123523 -0.0600725 -0.0266995 0.997837 67.0217
0.998046 0.0120895 0.0613058 3.85317 -0.0137459 0.99955 0.0266686 -0.109568 -0.0609558 -0.0274592 0.997763 68.2261
0.998081 0.0123745 0.0606792 3.91279 -0.0140307 0.999539 0.0269438 -0.0886566 -0.0603177 -0.0277435 0.997794 69.4319
0.997994 0.0134007 0.0618725 3.97388 -0.0151177 0.999511 0.027367 -0.0766852 -0.0614755 -0.0282475 0.997709 70.6366
0.997966 0.0131785 0.0623782 4.03709 -0.0149717 0.999486 0.0283667 -0.0669181 -0.0619722 -0.0292429 0.997649 71.8484
0.997837 0.0142098 0.0641859 4.10378 -0.0160883 0.999455 0.0288447 -0.0571251 -0.063741 -0.0298149 0.997521 73.0566
0.997608 0.0142025 0.0676468 4.17628 -0.0161932 0.999449 0.0289704 -0.0399895 -0.067198 -0.0299965 0.997289 74.263
0.997477 0.0132611 0.0697411 4.25133 -0.0151082 0.999547 0.0260249 -0.0285262 -0.0693644 -0.0270129 0.997226 75.4699
0.997174 0.0143003 0.0737568 4.33286 -0.0162691 0.999525 0.0261622 -0.0127004 -0.0733476 -0.0272882 0.996933 76.6653
0.997042 0.0140947 0.0755555 4.41773 -0.0163488 0.999437 0.0292985 -0.00303165 -0.0751 -0.0304471 0.996711 77.8591
0.996767 0.0136654 0.0791805 4.50607 -0.0161481 0.999395 0.0308001 0.00689911 -0.0787116 -0.0319791 0.996385 79.0489
0.996319 0.0149407 0.0844076 4.60363 -0.0174965 0.999408 0.0296212 0.0199422 -0.083915 -0.030989 0.995991 80.2345
0.996114 0.0147339 0.0868303 4.70466 -0.0173413 0.999419 0.0293518 0.0420648 -0.0863473 -0.0307435 0.995791 81.4142
0.995724 0.0152087 0.0911149 4.81791 -0.0178253 0.99945 0.0279725 0.0551958 -0.0906393 -0.029477 0.995448 82.5869
0.995528 0.0151739 0.0932443 4.93104 -0.0178717 0.999444 0.0281658 0.0689271 -0.092765 -0.0297063 0.995245 83.7561
0.995197 0.0148665 0.0967614 5.05032 -0.0178235 0.999398 0.0297671 0.0912312 -0.0962605 -0.0313487 0.994863 84.9212
0.994746 -0.00106513 0.102373 5.16934 -0.00335738 0.999069 0.0430181 0.183782 -0.102323 -0.0431357 0.993816 86.0353
0.994212 -0.0185088 0.105833 5.26318 0.0137717 0.998878 0.0453176 0.325787 -0.106553 -0.0435978 0.993351 87.0784
0.993596 -0.0206175 0.111091 5.36469 0.0157144 0.998871 0.044832 0.447856 -0.11189 -0.0427992 0.992799 88.1487
0.993231 -0.0225371 0.113953 5.47577 0.0175231 0.998842 0.0448125 0.555735 -0.114831 -0.0425123 0.992475 89.2464
0.992815 -0.0242194 0.117187 5.59409 0.0190137 0.998791 0.0453385 0.647298 -0.118143 -0.0427845 0.992075 90.3624
0.992264 -0.0253146 0.121534 5.71773 0.0198619 0.99875 0.0458698 0.735998 -0.122544 -0.043101 0.991527 91.4918
0.992007 -0.0260376 0.12347 5.84808 0.0203587 0.998686 0.0470354 0.813291 -0.124532 -0.0441458 0.991233 92.633
0.991521 -0.0266839 0.127181 5.99221 0.0207635 0.998648 0.0476523 0.885203 -0.12828 -0.0446075 0.990734 93.7768
0.991361 -0.0266681 0.128424 6.13682 0.0207206 0.99866 0.0474268 0.951548 -0.129517 -0.0443561 0.990585 94.9281
0.991041 -0.0267354 0.130857 6.28449 0.0207769 0.998693 0.0466903 1.00791 -0.131934 -0.0435532 0.990301 96.0808
0.990582 -0.0267119 0.134289 6.4337 0.0205724 0.998688 0.0469003 1.06402 -0.135365 -0.043696 0.989832 97.2362
0.990516 -0.026775 0.134761 6.58391 0.0205601 0.998669 0.0473001 1.11556 -0.135848 -0.0440808 0.989749 98.4025
0.990256 -0.0267868 0.136658 6.74012 0.0204163 0.998648 0.0478067 1.16639 -0.137754 -0.0445508 0.989464 99.5665
0.990512 -0.0268665 0.134774 6.89261 0.0204875 0.998613 0.0484972 1.2174 -0.13589 -0.0452759 0.989689 100.739
0.990669 -0.0269351 0.1336 7.04706 0.0205146 0.998578 0.0492034 1.26806 -0.134736 -0.0460036 0.989813 101.914
0.990742 -0.0268076 0.133082 7.20281 0.0203171 0.998548 0.0498917 1.31452 -0.134227 -0.046726 0.989849 103.092
0.991172 -0.0269509 0.129811 7.35374 0.0205607 0.998522 0.0503186 1.36122 -0.130975 -0.0472054 0.990261 104.283
0.991436 -0.0272247 0.12772 7.5029 0.02091 0.998504 0.0505246 1.40852 -0.128904 -0.0474213 0.990523 105.472
0.991952 -0.0270982 0.123683 7.64482 0.0209578 0.998495 0.0506806 1.45579 -0.12487 -0.0476806 0.991027 106.669
0.992443 -0.0273277 0.119623 7.78386 0.0213447 0.99847 0.0510144 1.50018 -0.120834 -0.0480756 0.991508 107.871
0.992801 -0.0277165 0.116522 7.92336 0.0218232 0.998432 0.0515525 1.54957 -0.117768 -0.0486385 0.991849 109.072
0.993387 -0.0280085 0.111343 8.05189 0.0223081 0.998392 0.0521173 1.59864 -0.112624 -0.0492888 0.992415 110.279
0.993781 -0.0281742 0.107727 8.17991 0.0226417 0.998378 0.0522397 1.6524 -0.109024 -0.0494758 0.992807 111.485
0.994367 -0.0281757 0.102179 8.29901 0.0229141 0.998368 0.0523073 1.70362 -0.103486 -0.0496713 0.99339 112.696
0.99489 -0.027828 0.097051 8.40691 0.0228464 0.998382 0.0520685 1.75444 -0.098343 -0.0495852 0.993917 113.918
0.995298 -0.0277353 0.0928054 8.50834 0.0229586 0.998376 0.0521485 1.79859 -0.094101 -0.0497726 0.994318 115.137
0.995766 -0.0273479 0.0877577 8.61618 0.0228256 0.99838 0.0521281 1.84138 -0.0890411 -0.0499043 0.994777 116.365
0.996018 -0.0268071 0.0850271 8.71571 0.0224047 0.99838 0.052314 1.87923 -0.0862917 -0.0502007 0.995005 117.581
0.996257 -0.0267573 0.0821927 8.81259 0.022508 0.998383 0.0521971 1.92196 -0.0834565 -0.0501517 0.995249 118.804
0.996342 -0.0266601 0.0811944 8.90495 0.02245 0.998378 0.0523311 1.9579 -0.0824578 -0.0503169 0.995324 120.041
0.996388 -0.0262171 0.0807685 8.98447 0.0219998 0.99837 0.0526701 1.99749 -0.0820177 -0.050703 0.99534 121.272
0.996523 -0.0261704 0.0791027 9.06647 0.0220013 0.998346 0.0531258 2.0398 -0.0803621 -0.0512007 0.99545 122.508
0.996536 -0.0263461 0.0788767 9.15494 0.0221132 0.998293 0.0540656 2.07974 -0.0801665 -0.0521341 0.995417 123.75
0.996722 -0.0244946 0.0771084 9.24158 0.0202162 0.998238 0.0557859 2.12675 -0.078339 -0.0540442 0.995461 125.002
0.996768 -0.0246746 0.0764447 9.33525 0.0203851 0.998201 0.0563943 2.18043 -0.0776987 -0.0546538 0.995478 126.26
0.996757 -0.024703 0.0765818 9.42862 0.0203533 0.998163 0.0570665 2.23673 -0.0778508 -0.0553228 0.995429 127.504
0.996852 -0.0246756 0.0753427 9.5149 0.0203595 0.998137 0.0575268 2.3 -0.0766218 -0.0558118 0.995497 128.768
0.996795 -0.0255874 0.0757902 9.59698 0.0212326 0.998107 0.0577182 2.37557 -0.0771236 -0.0559241 0.995452 130.016
0.996904 -0.0253046 0.0744436 9.67324 0.0210258 0.998112 0.0577108 2.4552 -0.0757634 -0.0559669 0.995554 131.282
0.996933 -0.0252752 0.0740681 9.75446 0.0209821 0.998086 0.0581767 2.53128 -0.0753967 -0.0564442 0.995555 132.538
0.996884 -0.0252208 0.074737 9.84125 0.0208803 0.998081 0.0582995 2.61481 -0.0760639 -0.0565573 0.995498 133.796
0.996928 -0.0252798 0.0741328 9.93426 0.020937 0.998051 0.0587848 2.68381 -0.0754743 -0.0570521 0.995514 135.07
0.996854 -0.0251934 0.075154 10.0291 0.0207865 0.998051 0.0588548 2.75053 -0.0764902 -0.0571074 0.995434 136.343
0.99684 -0.0254384 0.075248 10.1217 0.0210289 0.998047 0.0588226 2.81685 -0.0765974 -0.0570544 0.995429 137.622
0.996808 -0.0252769 0.0757224 10.2137 0.0208129 0.998031 0.059173 2.8803 -0.077069 -0.0574082 0.995372 138.904
0.996701 -0.0250482 0.0771947 10.3124 0.0204079 0.997971 0.0603243 2.94304 -0.078549 -0.05855 0.99519 140.185
0.996714 -0.0249334 0.0770702 10.4137 0.0202419 0.997929 0.0610662 3.00997 -0.0784332 -0.0593054 0.995154 141.469
0.996674 -0.0249469 0.0775784 10.5157 0.0202118 0.997919 0.0612345 3.07138 -0.0789445 -0.0594629 0.995104 142.754
0.996538 -0.0249328 0.0793103 10.6119 0.0200807 0.997912 0.0613986 3.13307 -0.0806755 -0.0595934 0.994957 144.042
0.996542 -0.0252138 0.0791729 10.712 0.0203867 0.997918 0.0611961 3.19628 -0.0805511 -0.0593704 0.994981 145.335
0.996398 -0.0251263 0.0809976 10.8138 0.0203125 0.998009 0.059717 3.25403 -0.0823368 -0.0578566 0.994924 146.618
0.996395 -0.0256692 0.0808557 10.919 0.0209895 0.998084 0.058204 3.31519 -0.0821948 -0.0562971 0.995025 147.903
0.996363 -0.0258345 0.0812018 11.0242 0.0211505 0.998092 0.0580232 3.37318 -0.0825458 -0.0560947 0.995007 149.192
0.996291 -0.0257725 0.082097 11.1288 0.020975 0.998051 0.058772 3.43104 -0.0834517 -0.0568321 0.99489 150.471
0.996366 -0.0255032 0.0812649 11.2289 0.0206938 0.998015 0.0594849 3.49373 -0.0826207 -0.0575871 0.994916 151.759
0.996351 -0.0250166 0.0816003 11.3326 0.0201038 0.997967 0.0604823 3.55469 -0.0829475 -0.0586212 0.994828 153.046
0.996425 -0.0251718 0.0806511 11.4267 0.0202746 0.997934 0.0609739 3.61849 -0.0820193 -0.0591207 0.994876 154.337
0.996462 -0.02521 0.0801717 11.5165 0.0203149 0.997913 0.0612979 3.68133 -0.0815497 -0.0594524 0.994895 155.619
0.996433 -0.0252873 0.0805064 11.6137 0.020341 0.997889 0.0616776 3.74155 -0.0818961 -0.0598201 0.994844 156.902
0.996492 -0.0258354 0.0796037 11.7098 0.0209076 0.99785 0.0621271 3.79968 -0.0810375 -0.0602448 0.994889 158.191
0.9965 -0.0253103 0.0796644 11.8081 0.0203253 0.997821 0.0627751 3.86385 -0.0810797 -0.0609362 0.994843 159.474
0.996604 -0.0251843 0.0784025 11.9044 0.020268 0.997816 0.0628826 3.93179 -0.0798148 -0.06108 0.994937 160.76
0.996659 -0.0249934 0.0777558 11.9974 0.0200855 0.997795 0.0632733 3.99704 -0.0791657 -0.0615001 0.994963 162.046
0.996645 -0.0250717 0.0779099 12.0901 0.0201514 0.997791 0.0633101 4.0735 -0.0793251 -0.0615278 0.994948 163.325
0.996727 -0.0250919 0.0768479 12.1833 0.0202255 0.99778 0.0634628 4.14605 -0.0782696 -0.0617008 0.995021 164.607
0.996693 -0.0251679 0.0772664 12.2803 0.0202663 0.997772 0.0635793 4.22424 -0.0786944 -0.0618031 0.994981 165.872
0.996812 -0.0250503 0.0757457 12.3813 0.0202392 0.997769 0.0636303 4.30634 -0.0771706 -0.0618945 0.995095 167.139
0.996874 -0.0250255 0.0749363 12.4783 0.0202256 0.997736 0.0641416 4.38822 -0.0763718 -0.0624256 0.995123 168.4
0.996875 -0.0248887 0.0749713 12.5767 0.0200496 0.997709 0.0646209 4.46474 -0.0764078 -0.0629159 0.99509 169.631
0.996992 -0.024809 0.0734223 12.664 0.0200591 0.997701 0.0647374 4.5465 -0.0748596 -0.0630699 0.995198 170.876
0.996959 -0.0247136 0.073904 12.7523 0.0198822 0.997661 0.06541 4.61411 -0.0753477 -0.0637418 0.995118 172.122
0.997071 -0.024569 0.0724318 12.8387 0.0198061 0.99764 0.0657574 4.68993 -0.0738765 -0.0641302 0.995203 173.385
0.99713 -0.0243813 0.0716706 12.9278 0.0196449 0.997623 0.0660632 4.77175 -0.0731109 -0.0644657 0.995238 174.648
0.99707 -0.0245806 0.0724351 13.0208 0.0197664 0.997595 0.0664449 4.84019 -0.0738941 -0.0648185 0.995157 175.912
0.997144 -0.0249721 0.0712716 13.1051 0.0202342 0.997586 0.0664405 4.90711 -0.0727587 -0.0648087 0.995242 177.183
0.997038 -0.0250757 0.07271 13.1939 0.0202427 0.997584 0.066462 4.97307 -0.0742009 -0.0647933 0.995136 178.458
0.997117 -0.0254522 0.0714883 13.2818 0.0206733 0.997552 0.0668106 5.03718 -0.0730138 -0.0651401 0.995201 179.733
0.997182 -0.0247937 0.0708014 13.3669 0.0198631 0.997384 0.0695132 5.10796 -0.0723397 -0.067911 0.995065 181.011
0.997145 -0.02505 0.0712374 13.4582 0.0199235 0.997222 0.0717846 5.18081 -0.0728376 -0.0701604 0.994873 182.29
0.997277 -0.0241142 0.0696899 13.5458 0.0190962 0.997237 0.0717959 5.25131 -0.0712287 -0.0702697 0.994982 183.57
0.997247 -0.0230026 0.0704871 13.6362 0.0180062 0.997335 0.0707177 5.3237 -0.0719259 -0.0692539 0.995003 184.849
0.997342 -0.0229815 0.0691344 13.7232 0.0181003 0.997354 0.0704206 5.3951 -0.0705698 -0.0689822 0.995119 186.124
0.997366 -0.0231215 0.0687528 13.8084 0.0182554 0.99734 0.0705824 5.4649 -0.0702018 -0.0691414 0.995134 187.4
0.997324 -0.0228906 0.0694261 13.8961 0.0178996 0.997268 0.0716785 5.53795 -0.0708772 -0.0702441 0.995009 188.672
0.997422 -0.0227687 0.0680533 13.98 0.0177965 0.997189 0.072797 5.61544 -0.0695194 -0.0713983 0.995022 189.94
0.997357 -0.022894 0.0689587 14.0662 0.0177938 0.997124 0.0736863 5.68924 -0.0704473 -0.0722645 0.994895 191.206
0.997309 -0.0228982 0.0696433 14.1502 0.0177702 0.997147 0.0733804 5.76261 -0.0711248 -0.0719455 0.994869 192.468
0.997218 -0.0227404 0.0709912 14.2374 0.0175267 0.997163 0.0732196 5.83292 -0.0724548 -0.0717717 0.994786 193.728
0.99716 -0.0217315 0.0721074 14.3236 0.0164288 0.997173 0.0733337 5.90454 -0.0734972 -0.0719409 0.994697 194.988
0.997157 -0.0213008 0.0722825 14.4089 0.0159634 0.997159 0.0736304 5.97438 -0.0736454 -0.0722673 0.994663 196.245
0.997091 -0.0203272 0.0734638 14.4937 0.0148208 0.997094 0.0747369 6.04485 -0.0747695 -0.0734308 0.994494 197.498
0.997097 -0.0199104 0.0734875 14.5793 0.0143136 0.997012 0.075915 6.11464 -0.0747794 -0.0746428 0.994403 198.748
0.997089 -0.0187378 0.073913 14.6594 0.0130458 0.996966 0.0767535 6.18385 -0.0751269 -0.0755659 0.994307 199.996
0.997038 -0.0180555 0.0747538 14.7434 0.012254 0.996929 0.0773522 6.25184 -0.0759209 -0.0762072 0.994197 201.233
0.99703 -0.0174534 0.0750141 14.823 0.0115772 0.996882 0.0780676 6.32738 -0.0761427 -0.0769673 0.994122 202.461
0.996965 -0.0168819 0.0759945 14.9145 0.0108594 0.996818 0.0789759 6.40381 -0.077086 -0.077911 0.993976 203.683
0.996952 -0.0167102 0.0761992 15.0054 0.010643 0.996791 0.0793443 6.48772 -0.0772806 -0.0782916 0.993931 204.886
0.996889 -0.0167479 0.0770114 15.082 0.0105795 0.996754 0.0798183 6.5697 -0.0780982 -0.0787553 0.99383 206.074
0.996824 -0.0167347 0.0778509 15.1731 0.0104337 0.996689 0.0806504 6.65525 -0.0789427 -0.0795821 0.993697 207.264
0.996858 -0.016297 0.0775162 15.2632 0.00995614 0.996625 0.0814943 6.72933 -0.0785827 -0.0804665 0.993655 208.445
0.996859 -0.0158036 0.0775953 15.3432 0.00932728 0.996496 0.0831267 6.80091 -0.0786371 -0.0821419 0.993513 209.607
0.996993 -0.0152202 0.0759722 15.4243 0.00883235 0.996451 0.0837197 6.87801 -0.0769768 -0.0827971 0.993589 210.751
0.997092 -0.0147859 0.0747532 15.501 0.00846184 0.996412 0.0842182 6.95806 -0.0757303 -0.0833409 0.993639 211.886
0.997098 -0.014356 0.074763 15.5861 0.00800537 0.996387 0.0845607 7.03648 -0.0757068 -0.0837169 0.993609 213.001
0.997184 -0.0143326 0.0736077 15.6612 0.00804292 0.996346 0.0850449 7.11473 -0.0745576 -0.0842135 0.993654 214.108
0.99727 -0.0140693 0.0724841 15.7346 0.00781323 0.996276 0.0858806 7.19304 -0.0734224 -0.0850799 0.993665 215.199
0.997462 -0.0137327 0.0698662 15.8006 0.00765803 0.996225 0.0864831 7.27001 -0.07079 -0.0857286 0.9938 216.28
0.997627 -0.0134771 0.0675196 15.8654 0.00751623 0.996113 0.0877716 7.34241 -0.06844 -0.0870559 0.99385 217.352
0.997798 -0.0127608 0.065083 15.9298 0.00691496 0.995985 0.0892675 7.41533 -0.0659607 -0.0886209 0.993879 218.411
0.99801 -0.0122875 0.0618486 15.9903 0.00669013 0.995929 0.0899078 7.48853 -0.0627015 -0.0893152 0.994028 219.453
0.998212 -0.0116848 0.0586147 16.0439 0.0063655 0.995911 0.0901293 7.55958 -0.0594281 -0.0895951 0.994204 220.476
0.998392 -0.0115998 0.0554826 16.0945 0.00651878 0.99584 0.090897 7.62907 -0.0563062 -0.0903892 0.994313 221.482
0.998566 -0.0112886 0.0523193 16.1426 0.00645266 0.995767 0.0916947 7.70207 -0.0531329 -0.0912257 0.994412 222.475
0.998745 -0.0110845 0.0488416 16.183 0.00655339 0.995741 0.0919734 7.77111 -0.049653 -0.091538 0.994563 223.449
0.998861 -0.0112285 0.0463651 16.2184 0.00690019 0.995692 0.092478 7.84369 -0.0472037 -0.0920528 0.994635 224.41
0.999025 -0.0110896 0.0427267 16.2497 0.00708466 0.995663 0.0927692 7.91173 -0.0435702 -0.0923761 0.99477 225.348
0.999152 -0.0110227 0.0396576 16.2809 0.00728862 0.995631 0.0930994 7.97914 -0.0405105 -0.0927315 0.994867 226.262
0.999251 -0.0110098 0.0370854 16.3058 0.00749986 0.995593 0.0934865 8.04369 -0.0379512 -0.0931385 0.994929 227.153
0.999365 -0.0103623 0.0340732 16.3243 0.00711939 0.995552 0.0939533 8.11006 -0.0348952 -0.0936512 0.994993 228.02
0.999373 -0.0104704 0.0338067 16.3395 0.00722884 0.995488 0.0946209 8.17266 -0.0346448 -0.0943173 0.994939 228.868
0.999369 -0.0105589 0.0339052 16.3558 0.00727982 0.995412 0.095418 8.23667 -0.0347571 -0.0951111 0.99486 229.701
0.999355 -0.0107694 0.0342529 16.3753 0.00743725 0.995358 0.0959622 8.29922 -0.0351274 -0.0956456 0.994795 230.517
0.99932 -0.0109285 0.0351937 16.3971 0.00749409 0.995327 0.09628 8.35893 -0.0360814 -0.095951 0.994732 231.314
0.999332 -0.010364 0.0350262 16.4217 0.00695993 0.995363 0.0959472 8.41881 -0.0358582 -0.0956395 0.99477 232.098
0.999319 -0.0104476 0.0353779 16.4451 0.00700367 0.995347 0.0961073 8.47677 -0.0362173 -0.0957942 0.994742 232.871
0.999264 -0.0102944 0.0369334 16.4685 0.00668747 0.995313 0.0964854 8.5333 -0.0377535 -0.0961675 0.994649 233.634
0.999224 -0.0102631 0.03801 16.4944 0.00654783 0.995302 0.0966091 8.59268 -0.0388229 -0.0962854 0.994596 234.389
0.999165 -0.0104342 0.0394962 16.5186 0.00655527 0.995255 0.0970938 8.64951 -0.0403218 -0.096754 0.994491 235.137
0.999097 -0.0102716 0.0412134 16.5469 0.00620869 0.995215 0.0975256 8.70823 -0.0420179 -0.0971818 0.994379 235.88
0.999026 -0.0104206 0.0428739 16.5751 0.00618103 0.995183 0.0978542 8.76392 -0.043687 -0.0974939 0.994277 236.613
0.998927 -0.0102913 0.0451532 16.6061 0.00581727 0.995159 0.0981192 8.81559 -0.0459443 -0.0977513 0.99415 237.341
0.998807 -0.0105244 0.047674 16.6336 0.00578402 0.995121 0.0985005 8.86921 -0.048478 -0.0981074 0.993994 238.066
0.998661 -0.0108332 0.050577 16.6662 0.0057744 0.99506 0.0991166 8.92984 -0.0514008 -0.0986919 0.99379 238.778
0.998483 -0.0105811 0.0540271 16.7036 0.00514265 0.994993 0.0998248 8.97993 -0.0548128 -0.0993957 0.993537 239.493
0.998312 -0.0105692 0.0570965 16.7403 0.00478761 0.99493 0.100463 9.03252 -0.0578688 -0.10002 0.993301 240.206
0.998114 -0.0104133 0.0604926 16.7793 0.00426356 0.994887 0.100914 9.08862 -0.0612341 -0.100465 0.993054 240.917
0.997969 -0.0101556 0.0628708 16.8164 0.00373187 0.994834 0.10146 9.14407 -0.0635763 -0.101019 0.992851 241.621
0.997782 -0.00974894 0.0658406 16.8551 0.00300959 0.994813 0.101691 9.20453 -0.0664904 -0.101268 0.992635 242.319
0.997553 -0.00981283 0.0692077 16.8974 0.00268722 0.99475 0.10231 9.26462 -0.0698482 -0.101874 0.992342 243.021
0.997386 -0.0098664 0.0715764 16.94 0.00242956 0.994653 0.103252 9.32696 -0.0722123 -0.102808 0.992076 243.722
0.997166 -0.00973133 0.0745857 16.9862 0.00194859 0.994606 0.103716 9.39318 -0.0751927 -0.103277 0.991806 244.425
0.997024 -0.0098683 0.0764442 17.0363 0.00185633 0.994558 0.104177 9.45788 -0.0770561 -0.103726 0.991616 245.131
0.996791 -0.0098179 0.0794339 17.091 0.00147632 0.994536 0.104397 9.52393 -0.0800248 -0.103945 0.991358 245.838
0.996688 -0.00964361 0.0807429 17.1465 0.00114247 0.994507 0.104677 9.59211 -0.0813088 -0.104238 0.991223 246.549
0.996599 -0.0097496 0.081813 17.2048 0.00107578 0.99443 0.105401 9.65973 -0.0823849 -0.104954 0.991059 247.264
0.996531 -0.00985954 0.082625 17.2653 0.0010742 0.994398 0.105704 9.72865 -0.0832043 -0.105249 0.990959 247.985
0.996554 -0.0100532 0.0823261 17.3268 0.00125431 0.994341 0.10624 9.80101 -0.0829281 -0.105771 0.990927 248.711
0.996467 -0.00951688 0.0834369 17.3877 0.00056856 0.994301 0.10662 9.87246 -0.083976 -0.106196 0.990793 249.439
0.996472 -0.00948514 0.0833721 17.4483 0.000500608 0.994246 0.107131 9.95162 -0.0839084 -0.106711 0.990743 250.173
0.996429 -0.00953467 0.083886 17.5132 0.00044952 0.994189 0.107662 10.0278 -0.084425 -0.10724 0.990642 250.921
0.996348 -0.0105166 0.0847267 17.5801 0.00126999 0.994102 0.108457 10.1052 -0.0853674 -0.107954 0.990484 251.673
0.99634 -0.0101976 0.0848541 17.6483 0.000887753 0.994038 0.109038 10.1767 -0.0854601 -0.108563 0.990409 252.431
0.996275 -0.00885189 0.0857616 17.7155 -0.000721434 0.993826 0.110958 10.2463 -0.0862142 -0.110607 0.990118 253.201
0.996304 -0.0035318 0.0858172 17.7798 -0.00650286 0.993186 0.11637 10.3249 -0.0856433 -0.116498 0.989491 253.977
0.996246 -0.00423173 0.0864597 17.844 -0.00600282 0.993024 0.117771 10.4058 -0.0863548 -0.117848 0.98927 254.766
0.996028 -0.00401124 0.0889432 17.9114 -0.00647072 0.993083 0.117249 10.4903 -0.0887982 -0.117359 0.989112 255.562
0.995719 -0.00308225 0.0923752 17.9796 -0.00733581 0.993657 0.112228 10.5743 -0.0921351 -0.112425 0.989379 256.364
0.995252 -0.00199849 0.0972967 18.0496 -0.00890968 0.99372 0.111548 10.6594 -0.0969086 -0.111886 0.988984 257.176
0.995005 -0.00210534 0.0997951 18.126 -0.00918347 0.993608 0.112525 10.7477 -0.099394 -0.11288 0.988625 258.001
0.994662 -0.00285045 0.103136 18.2114 -0.0089856 0.993428 0.114114 10.8367 -0.102784 -0.114432 0.9881 258.839
0.99425 -0.00355629 0.107013 18.301 -0.00888482 0.993262 0.115557 10.9286 -0.106703 -0.115843 0.98752 259.679
0.993957 -0.00360958 0.109704 18.3951 -0.00921086 0.993192 0.116132 11.0344 -0.109376 -0.116441 0.987157 260.525
0.993567 -0.00336927 0.113184 18.4929 -0.00993687 0.993108 0.116792 11.1343 -0.112797 -0.117166 0.986686 261.371
0.993394 -0.0025473 0.114713 18.5898 -0.010922 0.993116 0.116636 11.233 -0.11422 -0.117119 0.986528 262.228
0.993197 -0.00294497 0.116397 18.6891 -0.0107829 0.993059 0.117134 11.3343 -0.115934 -0.117593 0.986271 263.087
0.992885 -0.00299895 0.119027 18.7909 -0.0111433 0.992956 0.117972 11.4341 -0.118542 -0.118459 0.985858 263.948
0.992623 -0.00304365 0.121196 18.8961 -0.0115301 0.992784 0.119367 11.5357 -0.120685 -0.119884 0.985425 264.817
0.992257 -0.00298124 0.124156 19.0006 -0.0120912 0.992645 0.120468 11.6388 -0.123602 -0.121037 0.984923 265.687
0.992042 -0.00313137 0.125862 19.1069 -0.0122218 0.992575 0.121026 11.739 -0.125307 -0.121602 0.984638 266.555
0.991776 -0.00327504 0.127932 19.2146 -0.0123469 0.992561 0.121126 11.843 -0.127377 -0.12171 0.984358 267.42
0.991439 -0.0037023 0.130511 19.3251 -0.0123126 0.992493 0.121688 11.9433 -0.129982 -0.122254 0.983951 268.288
0.991213 -0.00409126 0.132202 19.441 -0.0122626 0.992375 0.122653 12.042 -0.131695 -0.123196 0.983605 269.157
0.991111 -0.00344535 0.132984 19.5604 -0.0131118 0.992268 0.123428 12.1327 -0.132381 -0.124074 0.983403 270.028
0.991112 -0.00287772 0.132988 19.6749 -0.0137612 0.992185 0.124027 12.2221 -0.132306 -0.124755 0.983327 270.901
0.991093 -0.00233141 0.133144 19.7887 -0.0144097 0.992099 0.124634 12.3137 -0.132383 -0.125442 0.983229 271.787
0.991155 -0.00178874 0.13269 19.8996 -0.0149973 0.991994 0.125398 12.4051 -0.131852 -0.126279 0.983193 272.674
0.991274 -0.0011744 0.131804 20.0095 -0.0155808 0.991907 0.126018 12.4965 -0.130885 -0.126972 0.983233 273.567
0.991482 -0.000738831 0.130233 20.1174 -0.0158531 0.991864 0.126318 12.591 -0.129267 -0.127307 0.983404 274.461
0.991843 5.31384e-05 0.127458 20.2239 -0.0163378 0.991805 0.126722 12.6863 -0.126407 -0.127771 0.983715 275.364
0.992202 0.000859974 0.124632 20.3281 -0.0168072 0.991767 0.12696 12.7853 -0.123497 -0.128064 0.984047 276.273
0.992443 0.00127117 0.122695 20.4308 -0.0170337 0.991693 0.127506 12.8904 -0.121513 -0.128633 0.984219 277.181
0.992695 0.00179197 0.12063 20.5323 -0.0173553 0.991612 0.128091 12.9939 -0.119389 -0.129249 0.984399 278.084
0.99303 0.00204643 0.117831 20.6304 -0.0173451 0.9915 0.128957 13.0982 -0.116566 -0.130102 0.984625 278.98
0.993376 0.00214638 0.114883 20.7295 -0.0172049 0.991333 0.130247 13.2017 -0.113607 -0.131361 0.984803 279.874
0.99391 0.0019388 0.110163 20.8267 -0.0165438 0.991137 0.131818 13.3103 -0.108931 -0.132838 0.985134 280.77
0.994531 0.00233697 0.104401 20.9198 -0.0162869 0.990988 0.132967 13.4146 -0.103149 -0.133941 0.985606 281.66
0.995006 0.00273258 0.0997653 21.0068 -0.0161247 0.990895 0.133678 13.5224 -0.0984915 -0.134619 0.98599 282.545
0.995532 0.0029783 0.0943656 21.0866 -0.015719 0.990782 0.134561 13.6276 -0.0930948 -0.135443 0.986402 283.42
0.995965 0.00304822 0.0896791 21.1609 -0.015216 0.990687 0.135313 13.7338 -0.0884313 -0.136132 0.986736 284.286
0.996411 0.00326124 0.084575 21.2308 -0.014792 0.990589 0.136073 13.8343 -0.0833352 -0.136836 0.987082 285.146
0.996827 0.00377366 0.079495 21.2929 -0.0146488 0.990509 0.136669 13.9364 -0.0782247 -0.1374 0.987422 285.994
0.997128 0.00425296 0.0755955 21.35 -0.0146352 0.990419 0.137322 14.0378 -0.0742872 -0.138034 0.987638 286.835
0.997571 0.00459537 0.0694933 21.4006 -0.0141789 0.990325 0.13805 14.1408 -0.0681864 -0.1387 0.987984 287.657
0.997845 0.00455295 0.0654366 21.4463 -0.0136253 0.990217 0.138875 14.2444 -0.064164 -0.139467 0.988145 288.465
0.998206 0.00456776 0.0596769 21.4857 -0.0128889 0.990096 0.139807 14.3467 -0.0584472 -0.140325 0.988379 289.254
0.998536 0.00556658 0.0537854 21.5166 -0.0130586 0.990071 0.139966 14.4432 -0.0524721 -0.140464 0.988694 290.022
0.998869 0.0057816 0.0471702 21.5437 -0.0123613 0.990017 0.140415 14.5468 -0.0458874 -0.140839 0.988968 290.786
0.99927 0.00558777 0.0377522 21.5619 -0.0108666 0.989936 0.141108 14.6508 -0.0365837 -0.141415 0.989274 291.524
0.999624 0.00530517 0.0268486 21.5718 -0.00906148 0.989857 0.141784 14.7499 -0.025824 -0.141974 0.989533 292.238
0.999896 0.00563633 0.0131847 21.5725 -0.00745665 0.989787 0.142369 14.8402 -0.0122475 -0.142453 0.989726 292.923
0.999972 0.00604181 -0.00413432 21.5588 -0.00538744 0.989676 0.14323 14.927 0.00495711 -0.143204 0.989681 293.581
0.999686 0.00645947 -0.0241702 21.5326 -0.00291576 0.989593 0.143872 15.0165 0.0248481 -0.143757 0.989301 294.225
0.998867 0.00642991 -0.0471384 21.4902 0.000435365 0.989549 0.144205 15.1037 0.047573 -0.144062 0.988424 294.851
0.997305 0.00662846 -0.0730533 21.433 0.00400944 0.989495 0.144517 15.1841 0.0732439 -0.144421 0.986802 295.472
0.99486 0.00712811 -0.100998 21.3635 0.00763466 0.989399 0.145032 15.2594 0.100962 -0.145057 0.984259 296.077
0.991193 0.00764217 -0.132198 21.2735 0.0117716 0.989296 0.145451 15.331 0.131895 -0.145726 0.980493 296.654
0.986094 0.00761297 -0.16601 21.1685 0.0168765 0.989199 0.14561 15.4069 0.165325 -0.146387 0.975314 297.224
0.979313 0.00777009 -0.202194 21.0445 0.0221807 0.989119 0.145442 15.4769 0.201124 -0.146918 0.968485 297.76
0.970711 0.00831468 -0.240103 20.9053 0.0274472 0.98902 0.145216 15.5459 0.238674 -0.147553 0.959824 298.274
0.96012 0.00874442 -0.279447 20.7445 0.03305 0.988954 0.144499 15.6114 0.277624 -0.147972 0.949225 298.781
0.947403 0.0089877 -0.319913 20.5658 0.0391349 0.988851 0.143677 15.6739 0.317638 -0.14864 0.936489 299.267
0.9324 0.00924267 -0.361308 20.3683 0.0454219 0.988752 0.14251 15.7351 0.358561 -0.149288 0.921492 299.745
0.914976 0.00972529 -0.403389 20.1538 0.0516055 0.988681 0.140889 15.7964 0.400193 -0.149727 0.904117 300.203
0.894145 0.0101238 -0.44766 19.9207 0.058319 0.988597 0.138842 15.8536 0.443961 -0.150252 0.883359 300.638
0.870666 0.0105244 -0.491761 19.6662 0.065073 0.98852 0.136368 15.9115 0.487551 -0.150731 0.859985 301.061
0.844184 0.0110071 -0.535939 19.395 0.0717472 0.988474 0.133314 15.9681 0.53123 -0.150994 0.833664 301.465
0.81417 0.0119824 -0.580501 19.109 0.0779134 0.988491 0.12968 16.0221 0.575374 -0.15081 0.803866 301.841
0.781443 0.0122605 -0.623855 18.8009 0.0849709 0.988403 0.12586 16.0719 0.618163 -0.151362 0.771339 302.197
0.744637 0.0126991 -0.667348 18.4808 0.0922461 0.988268 0.121736 16.116 0.661064 -0.152209 0.734729 302.528
0.703134 0.0102924 -0.710982 18.1379 0.105127 0.987403 0.118261 16.1594 0.703243 -0.157897 0.693194 302.839
0.657367 0.010772 -0.753492 17.7797 0.112152 0.987365 0.11196 16.198 0.745177 -0.158105 0.647853 303.119
0.607425 0.0124301 -0.794279 17.415 0.117617 0.987451 0.105401 16.2331 0.785621 -0.157444 0.59834 303.364
0.556634 0.0188351 -0.830543 17.0311 0.117474 0.987914 0.101136 16.2646 0.82241 -0.153863 0.547693 303.583
0.503177 0.02268 -0.863884 16.6381 0.11954 0.98822 0.0955712 16.2921 0.855875 -0.151358 0.494539 303.77
0.447638 0.0233273 -0.893909 16.243 0.125074 0.988201 0.0884207 16.3159 0.885424 -0.151385 0.439439 303.926
0.391127 0.0243077 -0.920014 15.8377 0.130356 0.988111 0.0815255 16.3387 0.911058 -0.151817 0.383309 304.055
0.332733 0.0255929 -0.942673 15.4344 0.135045 0.988036 0.0744909 16.3552 0.933302 -0.152089 0.325296 304.158
0.274592 0.0265935 -0.961192 15.0242 0.138936 0.988031 0.0670272 16.3714 0.951471 -0.15195 0.26761 304.235
0.213304 0.0274557 -0.976599 14.6115 0.142764 0.988 0.0589581 16.3836 0.966499 -0.151999 0.206825 304.285
0.148897 0.0283221 -0.988446 14.1973 0.145572 0.988072 0.0502401 16.3947 0.978079 -0.151371 0.142998 304.311
0.0859383 0.0295323 -0.995862 13.7737 0.148638 0.987995 0.0421258 16.4014 0.985151 -0.151643 0.080517 304.307
0.0197799 0.0355124 -0.999172 13.3439 0.148565 0.988171 0.0380624 16.404 0.988705 -0.149195 0.0142699 304.276
-0.0475086 0.0416654 -0.998 12.911 0.148396 0.988337 0.0341978 16.4031 0.987786 -0.146475 -0.0531377 304.22
-0.112835 0.0472726 -0.992487 12.4709 0.148407 0.988466 0.0302089 16.4029 0.982468 -0.143884 -0.118549 304.13
-0.179092 0.0528512 -0.982411 12.027 0.148748 0.988533 0.026064 16.402 0.972523 -0.141464 -0.1849 304.015
-0.242687 0.0533719 -0.968634 11.5777 0.149624 0.988598 0.0169845 16.3957 0.958497 -0.140809 -0.247905 303.868
-0.305049 0.0536292 -0.950824 11.1276 0.150089 0.988644 0.00761005 16.3863 0.940435 -0.140387 -0.309635 303.691
-0.365197 0.0540866 -0.929357 10.6809 0.149979 0.988689 -0.00139555 16.372 0.91877 -0.139894 -0.369178 303.484
-0.42049 0.0542979 -0.90567 10.2296 0.149212 0.988756 -0.00999775 16.3558 0.894943 -0.139341 -0.423864 303.24
-0.472541 0.054842 -0.8796 9.78132 0.148293 0.98878 -0.0180169 16.3378 0.868743 -0.138952 -0.475372 302.967
-0.518995 0.0554327 -0.852976 9.32999 0.147009 0.988815 -0.0251877 16.3161 0.84204 -0.138468 -0.52134 302.656
-0.561032 0.0562333 -0.82588 8.8731 0.145593 0.988841 -0.0315744 16.2907 0.81489 -0.137957 -0.562959 302.312
-0.599576 0.0578796 -0.798221 8.41449 0.144674 0.988789 -0.0369725 16.2657 0.787133 -0.13765 -0.601228 301.935
-0.637257 0.0650039 -0.767903 7.95026 0.149217 0.987988 -0.040196 16.2299 0.756066 -0.1402 -0.639303 301.531
-0.673796 0.0684338 -0.73574 7.48623 0.149843 0.987669 -0.0453608 16.1878 0.723564 -0.14081 -0.675743 301.093
-0.707918 0.0678113 -0.70303 7.03046 0.146203 0.987891 -0.051932 16.1354 0.690996 -0.139549 -0.709261 300.617
-0.739447 0.066586 -0.669912 6.58799 0.141936 0.988149 -0.0584514 16.0715 0.658081 -0.138307 -0.740136 300.103
-0.76803 0.0668573 -0.636913 6.15152 0.138982 0.988235 -0.0638571 16.0017 0.62515 -0.137564 -0.768286 299.549
-0.794892 0.0644039 -0.603321 5.73069 0.134304 0.988362 -0.0714428 15.9293 0.591699 -0.137818 -0.794292 298.961
-0.819193 0.0643681 -0.569893 5.32404 0.131051 0.988402 -0.0767409 15.8528 0.558344 -0.137551 -0.818128 298.341
-0.841652 0.0645961 -0.53614 4.92192 0.12733 0.988566 -0.0807807 15.778 0.524792 -0.136256 -0.840255 297.677
-0.862923 0.0642494 -0.501233 4.53847 0.123346 0.988664 -0.0856227 15.6996 0.49005 -0.135711 -0.861066 296.979
-0.882628 0.0648957 -0.465569 4.16825 0.12017 0.988665 -0.0900087 15.6155 0.454451 -0.135392 -0.880422 296.238
-0.900905 0.0657424 -0.429006 3.81961 0.116892 0.988691 -0.0939596 15.5319 0.417977 -0.134796 -0.898402 295.46
-0.91779 0.066139 -0.391516 3.48398 0.112927 0.98879 -0.0976858 15.4329 0.380667 -0.133868 -0.914971 294.646
-0.932759 0.0656687 -0.354466 3.16788 0.10806 0.988988 -0.101133 15.3308 0.343922 -0.132636 -0.929584 293.795
-0.945406 0.0666539 -0.319001 2.87502 0.104716 0.989084 -0.103676 15.2241 0.308609 -0.131421 -0.942067 292.907
-0.956752 0.0658416 -0.283351 2.60647 0.0996905 0.989278 -0.106735 15.1127 0.273285 -0.130366 -0.953058 291.989
-0.965991 0.0653833 -0.250167 2.36387 0.0955537 0.989283 -0.110412 15.0004 0.240267 -0.130561 -0.961887 291.046
-0.973947 0.0651947 -0.217197 2.1465 0.0914511 0.989366 -0.11311 14.8807 0.207513 -0.130026 -0.969553 290.075
-0.980386 0.0651699 -0.185995 1.95749 0.087545 0.989532 -0.114735 14.7563 0.176571 -0.128767 -0.975829 289.071
-0.985542 0.0650365 -0.156443 1.79888 0.0838176 0.989635 -0.116614 14.6351 0.147237 -0.12804 -0.980779 288.043
-0.989652 0.065305 -0.127762 1.6594 0.0805859 0.989698 -0.118343 14.5099 0.118717 -0.127414 -0.984719 286.989
-0.992586 0.0655744 -0.10233 1.54914 0.0777063 0.989793 -0.119466 14.3763 0.0934514 -0.126532 -0.987551 285.911
-0.994879 0.0650654 -0.0773285 1.46352 0.0740617 0.99003 -0.119823 14.2425 0.0687613 -0.124936 -0.989779 284.807
-0.99636 0.0654076 -0.0546543 1.40128 0.0715959 0.990161 -0.12023 14.1041 0.0462527 -0.123705 -0.991241 283.683
-0.997318 0.0648665 -0.0338823 1.36518 0.0685239 0.990267 -0.12115 13.9558 0.0256941 -0.123146 -0.992056 282.536
-0.997842 0.0632858 -0.0174232 1.35106 0.0649496 0.990335 -0.122549 13.8044 0.0094993 -0.123416 -0.99231 281.371
-0.998051 0.0621056 -0.00591496 1.34983 0.0623604 0.990372 -0.123595 13.6524 -0.00181787 -0.123723 -0.992315 280.184
-0.998055 0.0622671 0.00267046 1.36437 0.0614723 0.990567 -0.122475 13.5013 -0.0102714 -0.122073 -0.992468 278.976
-0.998056 0.0620724 0.00540822 1.38461 0.0609592 0.990732 -0.121388 13.349 -0.0128929 -0.120822 -0.992591 277.752
-0.998037 0.0622337 0.00686772 1.4029 0.0609468 0.990765 -0.121129 13.1955 -0.0143425 -0.120472 -0.992613 276.5
-0.998061 0.0620718 0.00441201 1.4174 0.0610897 0.990832 -0.120503 13.0418 -0.0118514 -0.12 -0.992703 275.219
-0.998041 0.0624887 0.00279946 1.42803 0.061709 0.990933 -0.119355 12.8882 -0.0102324 -0.118949 -0.992848 273.916
-0.998057 0.0622944 0.000187149 1.4367 0.0618366 0.991075 -0.118102 12.7317 -0.00754254 -0.117861 -0.993002 272.601
-0.998052 0.0621921 -0.00468934 1.43922 0.0623142 0.991213 -0.11668 12.5734 -0.00260835 -0.116745 -0.993159 271.281
-0.998059 0.0616592 -0.00867611 1.43366 0.0622486 0.99141 -0.115031 12.4136 0.00150893 -0.115348 -0.993324 269.944
-0.997971 0.0617411 -0.0154663 1.41753 0.0630953 0.991622 -0.112723 12.2595 0.0083771 -0.11347 -0.993506 268.605
-0.997927 0.0613198 -0.0194802 1.4005 0.0631093 0.991831 -0.110855 12.1026 0.0125235 -0.111855 -0.993646 267.261
-0.99783 0.0610369 -0.024667 1.37812 0.063396 0.991897 -0.110107 11.9428 0.0177466 -0.111432 -0.993614 265.918
-0.997722 0.0601005 -0.0306045 1.34666 0.0631157 0.991972 -0.109583 11.7816 0.0237729 -0.111265 -0.993507 264.571
-0.997633 0.0592348 -0.0349058 1.30792 0.0627248 0.992035 -0.109243 11.6168 0.0281568 -0.111173 -0.993402 263.222
