1 0 0 0 0 1 0 0 0 0 1 0
0.99998 0.000594868 -0.00628384 -0.00653445 -0.000594235 1 0.000102607 -0.00993833 0.0062839 -9.88704e-05 0.99998 0.0855963
0.999916 0.000817316 -0.0129745 -0.00362799 -0.000806592 0.999999 0.00083175 -0.00670857 0.0129751 -0.000821215 0.999915 0.178563
0.999794 0.00108348 -0.0202792 -0.0171957 -0.00109228 0.999999 -0.000422845 -0.00968479 0.0202787 0.000444909 0.999794 0.275323
0.999579 0.00173045 -0.0289574 -0.0285398 -0.00178673 0.999997 -0.00191767 -0.00861496 0.028954 0.0019686 0.999579 0.374072
0.999192 0.00111582 -0.0401844 -0.0351401 -0.0012194 0.999996 -0.00255325 -0.00684757 0.0401814 0.00260018 0.999189 0.477702
0.998566 -0.000198356 -0.053532 -0.055849 1.08379e-05 0.999994 -0.00350319 1.65459e-05 0.0535323 0.00349759 0.99856 0.599708
0.99757 0.000366986 -0.0696733 -0.0773609 -0.000667731 0.999991 -0.00429326 -0.00953072 0.0696711 0.00432935 0.997561 0.732153
0.996145 -0.000715541 -0.0877194 -0.10109 0.000388933 0.999993 -0.00374037 -0.00426674 0.0877214 0.00369183 0.996138 0.883267
0.994217 -0.0024878 -0.107365 -0.125729 0.0020647 0.99999 -0.00405167 -0.0112438 0.107374 0.00380656 0.994211 1.04839
0.991575 -0.00198315 -0.12952 -0.159283 0.00133635 0.999986 -0.00508051 -0.0156158 0.129529 0.00486462 0.991564 1.20707
0.988232 0.00119769 -0.152958 -0.210863 -0.00203826 0.999984 -0.00533875 -0.0229989 0.152949 0.00558769 0.988218 1.3721
0.983997 0.00473858 -0.17812 -0.265878 -0.00628571 0.999947 -0.00812257 -0.0246011 0.178072 0.0091122 0.983975 1.5562
0.978761 0.00823939 -0.204838 -0.331509 -0.0101716 0.999913 -0.00838186 -0.0316622 0.204752 0.0102874 0.97876 1.74434
0.972285 0.00849153 -0.233643 -0.402822 -0.0108811 0.999901 -0.00894015 -0.0314773 0.233544 0.0112347 0.972281 1.93806
0.964372 0.00940243 -0.264383 -0.479136 -0.0121419 0.999888 -0.00872932 -0.0358393 0.264271 0.0116284 0.964378 2.12525
0.955228 0.0110822 -0.295663 -0.574279 -0.0141355 0.999867 -0.00819131 -0.040207 0.295532 0.0120039 0.955257 2.32656
0.944146 0.0121923 -0.329302 -0.674424 -0.0153476 0.999858 -0.006984 -0.0450555 0.32917 0.0116479 0.944199 2.517
0.931849 0.0148549 -0.362541 -0.777843 -0.0189347 0.999791 -0.00770266 -0.0558649 0.362351 0.0140423 0.931936 2.70643
0.918316 0.0170563 -0.395479 -0.90661 -0.0216956 0.999738 -0.00726108 -0.0586625 0.395252 0.0152481 0.918446 2.90986
0.902678 0.0159288 -0.430022 -1.03192 -0.0213229 0.999743 -0.0077274 -0.047534 0.429788 0.0161447 0.902785 3.11006
0.884664 0.0129161 -0.466049 -1.15623 -0.0187136 0.999795 -0.00781427 -0.0561016 0.465852 0.0156345 0.884724 3.31059
0.864037 0.00903062 -0.503348 -1.30024 -0.0155402 0.999841 -0.00873777 -0.0680583 0.503189 0.0153719 0.86404 3.53568
0.839886 0.00960335 -0.542678 -1.45455 -0.0156207 0.999857 -0.00648203 -0.0775995 0.542538 0.0139212 0.839916 3.73325
0.811743 0.0135982 -0.583856 -1.64475 -0.0197003 0.999798 -0.0041041 -0.0842962 0.583682 0.0148336 0.811847 3.92936
0.780185 0.0163535 -0.625335 -1.84455 -0.0232319 0.999726 -0.00284034 -0.0833606 0.625117 0.0167437 0.780352 4.11626
0.745365 0.0145367 -0.666498 -2.03858 -0.0225885 0.999739 -0.00345645 -0.0786327 0.666274 0.0176315 0.745499 4.29665
0.706507 0.0116677 -0.70761 -2.26221 -0.0186771 0.999823 -0.00216202 -0.0923542 0.707459 0.0147436 0.7066 4.48719
0.665114 0.00791775 -0.7467 -2.48913 -0.0143551 0.999895 -0.00218408 -0.0956273 0.746604 0.0121716 0.665157 4.67808
0.621437 0.00730343 -0.78343 -2.73812 -0.0132919 0.999911 -0.00122192 -0.0984466 0.783351 0.0111726 0.621478 4.8483
0.574523 0.00757734 -0.818453 -3.02903 -0.0120321 0.999928 0.00081132 -0.104385 0.818399 0.00938163 0.574573 5.02896
0.524479 0.00848496 -0.851381 -3.31504 -0.011277 0.999932 0.00301844 -0.099797 0.851349 0.00801789 0.524539 5.17463
0.472824 0.00844985 -0.881116 -3.60514 -0.0109535 0.999933 0.00371144 -0.106233 0.881089 0.00789645 0.472885 5.30605
0.418498 0.0101027 -0.908161 -3.94941 -0.010977 0.999922 0.0060651 -0.104647 0.908151 0.00743066 0.418577 5.4406
0.365025 0.0120453 -0.93092 -4.28042 -0.0108801 0.999903 0.00867162 -0.106973 0.930934 0.00696313 0.365121 5.55248
0.309488 0.0135352 -0.950807 -4.6577 -0.0101504 0.999889 0.01093 -0.107832 0.950849 0.00626842 0.309591 5.65497
0.256426 0.0134162 -0.966471 -5.0475 -0.00755493 0.999901 0.0118758 -0.119037 0.966534 0.00425636 0.256502 5.75431
0.206016 0.0133484 -0.978457 -5.42507 -0.00591424 0.999906 0.0123957 -0.134703 0.978531 0.00323312 0.206076 5.81724
0.157706 0.0139042 -0.987388 -5.85822 -0.00801548 0.999886 0.0127999 -0.128855 0.987453 0.00589576 0.1578 5.85386
0.115577 0.0143664 -0.993194 -6.29078 -0.00975886 0.999864 0.0133272 -0.120175 0.99325 0.00815213 0.115701 5.89199
0.0769994 0.0130641 -0.996945 -6.75853 -0.0111258 0.999863 0.012243 -0.108011 0.996969 0.0101491 0.0771343 5.90152
0.0425199 0.0122901 -0.99902 -7.2566 -0.0111057 0.999869 0.0118279 -0.107309 0.999034 0.0105919 0.0426509 5.90399
0.0116259 0.00983424 -0.999884 -7.73188 -0.0113196 0.999889 0.00970267 -0.114441 0.999868 0.0112054 0.0117361 5.90384
-0.0159014 0.00904189 -0.999833 -8.23334 -0.0110734 0.999896 0.00921857 -0.10914 0.999812 0.0112181 -0.0157995 5.87693
-0.0361 0.00920284 -0.999306 -8.73266 -0.0111423 0.999892 0.00961076 -0.107624 0.999286 0.0114816 -0.0359935 5.8501
-0.0534286 0.00882108 -0.998533 -9.26927 -0.0107661 0.999898 0.0094092 -0.0963252 0.998514 0.0112531 -0.0533281 5.80866
-0.0668925 0.00928479 -0.997717 -9.8076 -0.00966673 0.999904 0.00995324 -0.0961756 0.997713 0.0103105 -0.0667962 5.76437
-0.0768471 0.0106978 -0.996985 -10.382 -0.00897692 0.999895 0.011421 -0.0877231 0.997002 0.00982753 -0.0767429 5.70644
-0.0841416 0.011252 -0.99639 -10.9662 -0.0108622 0.999867 0.0122085 -0.0835218 0.996394 0.0118502 -0.0840081 5.6511
-0.0882287 0.0118656 -0.996029 -11.5569 -0.0101562 0.999866 0.0128109 -0.0779528 0.996048 0.0112462 -0.0880963 5.6073
-0.0901475 0.0123169 -0.995852 -12.1662 -0.010797 0.999853 0.0133438 -0.0695648 0.99587 0.0119551 -0.0900012 5.5519
-0.0895118 0.014374 -0.995882 -12.7812 -0.00734506 0.999859 0.0150916 -0.0634248 0.995958 0.00866569 -0.0893935 5.4966
-0.0886003 0.0149741 -0.995955 -13.4245 -0.00683363 0.999854 0.0156406 -0.0513291 0.996044 0.00819175 -0.088485 5.43688
-0.0869783 0.0151678 -0.996095 -14.0746 -0.0083723 0.999838 0.0159558 -0.0346958 0.996175 0.00972742 -0.0868371 5.37383
-0.0863137 0.0133865 -0.996178 -14.7501 -0.0109542 0.999837 0.0143848 -0.0151141 0.996207 0.012154 -0.0861529 5.30776
-0.0865352 0.0121061 -0.996175 -15.448 -0.0102332 0.999863 0.0130399 -0.00023332 0.996196 0.0113225 -0.0863993 5.26195
-0.0858308 0.0138468 -0.996213 -16.1679 -0.0104131 0.999837 0.0147943 0.0145028 0.996255 0.0116434 -0.0856725 5.20364
-0.0840685 0.0141186 -0.99636 -16.8965 -0.0104321 0.999833 0.015048 0.0304792 0.996405 0.0116592 -0.083907 5.13503
-0.0826326 0.0161426 -0.996449 -17.609 -0.00969946 0.999809 0.0170013 0.0300787 0.996533 0.0110699 -0.08246 5.07908
-0.081232 0.016197 -0.996563 -18.3519 -0.0110781 0.999792 0.0171525 0.037487 0.996633 0.0124334 -0.0810355 5.01146
-0.0797613 0.0159611 -0.996686 -19.1091 -0.0124063 0.999779 0.0170034 0.0379154 0.996736 0.0137214 -0.0795455 4.9442
-0.0788702 0.0154312 -0.996765 -19.8872 -0.0140473 0.999764 0.0165891 0.0586368 0.996786 0.0153102 -0.0786347 4.86426
-0.0776845 0.0153516 -0.99686 -20.6781 -0.0152631 0.999746 0.0165855 0.0748749 0.996861 0.0165036 -0.0774303 4.80295
-0.0765365 0.0165658 -0.996929 -21.469 -0.0124535 0.999768 0.0175691 0.0577403 0.996989 0.01376 -0.0763123 4.73497
-0.0756224 0.0168779 -0.996993 -22.2769 -0.012641 0.99976 0.0178836 0.0748974 0.997056 0.0139554 -0.0753908 4.67407
-0.0756711 0.014065 -0.997033 -23.0834 -0.0107901 0.999831 0.0149234 0.0695987 0.997074 0.0118874 -0.0755064 4.61635
-0.0761584 0.00804948 -0.997063 -23.9042 -0.00997477 0.999911 0.00883437 0.0591612 0.997045 0.0106183 -0.0760712 4.55206
-0.0770443 0.00750275 -0.996999 -24.7183 -0.0115395 0.999898 0.00841628 0.0808449 0.996961 0.0121533 -0.0769497 4.49443
-0.0787977 0.00702812 -0.996866 -25.5171 -0.00881274 0.999931 0.00774633 0.0943623 0.996851 0.00939552 -0.0787302 4.43125
-0.0801005 0.0106937 -0.996729 -26.3163 -0.0104802 0.999878 0.0115697 0.111241 0.996731 0.0113726 -0.0799785 4.36709
-0.0805581 0.0179554 -0.996588 -27.1643 -0.01186 0.99975 0.0189711 0.104344 0.996679 0.0133478 -0.0803249 4.29617
-0.079719 0.0236177 -0.996537 -28.0017 -0.0124863 0.999617 0.0246895 0.117565 0.996739 0.0144113 -0.0793934 4.21882
-0.0796907 0.0219289 -0.996578 -28.8616 -0.0126015 0.999656 0.0230042 0.130366 0.99674 0.0143916 -0.0793868 4.15543
-0.0795596 0.0206534 -0.996616 -29.6776 -0.0130117 0.999679 0.0217556 0.131228 0.996745 0.0146985 -0.0792652 4.09408
-0.0812994 0.0193772 -0.996501 -30.5107 -0.0138652 0.999692 0.0205705 0.141679 0.996593 0.015489 -0.0810056 4.02431
-0.0817113 0.01965 -0.996462 -31.3487 -0.0144743 0.999677 0.0209003 0.156144 0.996551 0.0161309 -0.0814003 3.94991
-0.0811421 0.0205203 -0.996491 -32.1757 -0.0146063 0.999656 0.0217748 0.143023 0.996595 0.0163219 -0.0808144 3.88094
-0.0822549 0.0195329 -0.99642 -32.9974 -0.0146208 0.999677 0.0208037 0.139523 0.996504 0.0162797 -0.0819426 3.81393
-0.0815566 0.0139363 -0.996571 -33.7908 -0.0177632 0.999723 0.0154341 0.15413 0.99651 0.0189611 -0.0812863 3.7418
-0.0823455 0.0110761 -0.996542 -34.6141 -0.0217159 0.999681 0.0129053 0.176445 0.996367 0.0227035 -0.0820785 3.6647
-0.0826292 0.0110515 -0.996519 -35.4352 -0.0213951 0.999689 0.0128607 0.167141 0.99635 0.0223832 -0.0823668 3.58953
-0.0820091 0.0127754 -0.996549 -36.2437 -0.0198508 0.999699 0.0144493 0.154412 0.996433 0.0209673 -0.0817306 3.52419
-0.0832844 0.015883 -0.996399 -37.0698 -0.018981 0.999667 0.0175216 0.144149 0.996345 0.0203719 -0.082955 3.44591
-0.082246 0.0194707 -0.996421 -37.868 -0.014679 0.999677 0.0207459 0.150474 0.996504 0.0163327 -0.0819335 3.37323
-0.0848116 0.0211681 -0.996172 -38.6944 -0.0152687 0.999629 0.0225415 0.135159 0.99628 0.0171221 -0.0844569 3.2833
-0.0851393 0.0213218 -0.99614 -39.5183 -0.0128813 0.999664 0.0224981 0.132884 0.996285 0.0147471 -0.0848359 3.20574
-0.0841673 0.0208756 -0.996232 -40.3303 -0.0119963 0.999687 0.0219615 0.143783 0.996379 0.0137995 -0.0838904 3.12828
-0.0849911 0.0174089 -0.996229 -41.1624 -0.0151913 0.999709 0.0187657 0.162601 0.996265 0.016729 -0.0847018 3.04257
-0.0853541 0.0153468 -0.996232 -41.9807 -0.0170441 0.999713 0.0168606 0.157981 0.996204 0.018419 -0.0850678 2.96231
-0.0869595 0.0135546 -0.996119 -42.8137 -0.0183818 0.999716 0.0152083 0.170931 0.996042 0.019633 -0.0866854 2.86723
-0.088505 0.0121879 -0.996001 -43.6325 -0.0143105 0.999806 0.0135061 0.166356 0.995972 0.0154487 -0.0883133 2.79118
-0.0890737 0.011787 -0.995955 -44.4451 -0.0143828 0.999811 0.0131189 0.162943 0.995921 0.0154931 -0.0888871 2.71479
-0.092225 0.0103757 -0.995683 -45.2828 -0.0133387 0.999843 0.0116545 0.164723 0.995648 0.0143559 -0.092072 2.64242
-0.0937715 0.0124901 -0.995515 -46.0961 -0.0125851 0.999827 0.0137296 0.169587 0.995514 0.0138161 -0.0935979 2.5602
-0.0965188 0.0173107 -0.99518 -46.9315 -0.0103182 0.999778 0.0183914 0.166147 0.995277 0.0120436 -0.0963186 2.48012
-0.0991762 0.0196522 -0.994875 -47.7544 -0.00829161 0.999754 0.0205751 0.177191 0.995035 0.0102897 -0.0989887 2.39691
-0.100212 0.0192309 -0.99478 -48.569 -0.00881047 0.999757 0.0202147 0.186389 0.994927 0.0107902 -0.100018 2.30669
-0.102451 0.0156611 -0.994614 -49.3704 -0.010262 0.999806 0.0167998 0.188861 0.994685 0.0119278 -0.10227 2.21806
-0.103621 0.013545 -0.994524 -50.1655 -0.0148276 0.999775 0.0151614 0.189702 0.994506 0.0163175 -0.103397 2.12065
-0.104588 0.012303 -0.994439 -50.9619 -0.0179852 0.999737 0.0142601 0.207959 0.994352 0.0193767 -0.104339 2.02645
-0.106359 0.0127174 -0.994246 -51.7552 -0.0180753 0.999728 0.0147211 0.210751 0.994163 0.019537 -0.1061 1.93502
-0.106548 0.013294 -0.994218 -52.5375 -0.0182295 0.999717 0.0153212 0.216001 0.99414 0.0197565 -0.106276 1.84766
-0.108434 0.0129331 -0.994019 -53.3176 -0.0188755 0.999709 0.0150662 0.214954 0.993924 0.0203963 -0.108158 1.7537
-0.111036 0.0126574 -0.993735 -54.1129 -0.0187958 0.999713 0.0148337 0.211241 0.993638 0.0203251 -0.110766 1.65913
-0.111255 0.0136421 -0.993698 -54.8792 -0.0173961 0.999726 0.0156726 0.208926 0.993639 0.0190301 -0.110987 1.57362
-0.112669 0.0174584 -0.993478 -55.6514 -0.0154424 0.999694 0.0193189 0.206803 0.993512 0.0175183 -0.112365 1.49052
-0.112091 0.0200642 -0.993495 -56.4144 -0.0157771 0.999634 0.0219682 0.219633 0.993572 0.0181369 -0.111733 1.40153
-0.113421 0.0210116 -0.993324 -57.1781 -0.0156678 0.999614 0.0229337 0.220068 0.993423 0.0181644 -0.113048 1.31055
-0.114376 0.02075 -0.99322 -57.9232 -0.0160755 0.999612 0.0227347 0.226068 0.993307 0.0185669 -0.113998 1.2215
-0.114346 0.020092 -0.993237 -58.654 -0.0143647 0.999658 0.0218756 0.2361 0.993336 0.016769 -0.114018 1.13102
-0.117434 0.0174633 -0.992926 -59.4223 -0.0123806 0.999742 0.0190474 0.218566 0.993003 0.0145299 -0.117188 1.03839
-0.117406 0.0152357 -0.992966 -60.1214 -0.0118386 0.99979 0.0167401 0.220818 0.993012 0.0137208 -0.117201 0.957223
-0.117624 0.0136571 -0.992964 -60.8153 -0.0125774 0.999805 0.015241 0.22029 0.992978 0.0142817 -0.117429 0.865286
-0.116171 0.0137222 -0.993134 -61.5029 -0.0132207 0.999795 0.0153607 0.212159 0.99314 0.0149144 -0.115965 0.772998
-0.112231 0.0141749 -0.99358 -62.1667 -0.0142495 0.999773 0.0158728 0.216524 0.993579 0.0159395 -0.112003 0.692986
-0.108618 0.016396 -0.993948 -62.8637 -0.0107966 0.999786 0.0176721 0.190444 0.994024 0.0126507 -0.108418 0.624502
-0.101649 0.0178089 -0.99466 -63.4981 -0.0106876 0.999763 0.0189925 0.187506 0.994762 0.0125611 -0.101435 0.554927
-0.0948125 0.0193479 -0.995306 -64.1679 -0.0112051 0.999727 0.0205012 0.185946 0.995431 0.0130963 -0.0945697 0.486324
-0.083539 0.0209795 -0.996283 -64.7839 -0.0122311 0.999682 0.0220766 0.180135 0.996428 0.0140299 -0.0832557 0.430962
-0.0695351 0.022838 -0.997317 -65.3816 -0.0141427 0.999615 0.0238767 0.186408 0.997478 0.0157651 -0.0691852 0.385108
-0.0540279 0.0238633 -0.998253 -65.974 -0.0144071 0.999592 0.024675 0.178912 0.998434 0.0157151 -0.053662 0.334649
-0.0325323 0.0250552 -0.999156 -66.5327 -0.0154779 0.999553 0.0255691 0.193198 0.99935 0.0162967 -0.0321299 0.318886
-0.00691559 0.0258235 -0.999642 -67.0818 -0.0159509 0.999537 0.0259311 0.2037 0.999848 0.0161245 -0.00650042 0.320214
0.0213926 0.0259159 -0.999434 -67.6092 -0.0134817 0.999581 0.0256311 0.204839 0.999679 0.0129258 0.0217331 0.324064
0.0550717 0.0265748 -0.998128 -68.1076 -0.0123953 0.999587 0.0259297 0.203608 0.998404 0.0109442 0.0553784 0.36416
0.0909698 0.0266752 -0.995496 -68.5871 -0.0120179 0.999598 0.0256869 0.207834 0.99578 0.00962706 0.0912538 0.42103
0.130321 0.0268108 -0.991108 -69.0395 -0.0104953 0.999616 0.0256608 0.204412 0.991415 0.00705789 0.130552 0.509806
0.174569 0.0275491 -0.984259 -69.4873 -0.010605 0.999603 0.0260977 0.21303 0.984587 0.00588226 0.174792 0.602663
0.221339 0.0271661 -0.974818 -69.92 -0.00786751 0.999629 0.0260711 0.221553 0.975164 0.00189885 0.221471 0.741382
0.270317 0.0247242 -0.962453 -70.3431 -0.00383405 0.99969 0.0246039 0.220087 0.962763 -0.00296073 0.270328 0.89619
0.321455 0.0240419 -0.946619 -70.7533 -0.00383796 0.999703 0.0240867 0.231905 0.946916 -0.0041097 0.321452 1.0722
0.373326 0.0213138 -0.927455 -71.1345 0.000357884 0.999733 0.0231188 0.236794 0.927699 -0.00896275 0.373218 1.26325
0.423898 0.0214198 -0.905456 -71.511 -0.000700058 0.999728 0.0233222 0.240935 0.905709 -0.00925232 0.423797 1.50484
0.472598 0.0195955 -0.881059 -71.88 0.00211131 0.999725 0.0233672 0.256421 0.881274 -0.0129034 0.472426 1.74194
0.51746 0.0169768 -0.855538 -72.2206 0.00672186 0.999692 0.023903 0.263092 0.85568 -0.0181196 0.517187 2.00418
0.561884 0.0133955 -0.827107 -72.5587 0.0150715 0.999537 0.0264268 0.256777 0.827077 -0.0273144 0.561422 2.30593
0.60499 0.00952481 -0.796175 -72.8726 0.0164909 0.999564 0.0244889 0.262797 0.796061 -0.0279451 0.604569 2.5985
0.647302 0.00506384 -0.762216 -73.1707 0.0141557 0.999726 0.0186632 0.279405 0.762101 -0.0228704 0.647052 2.90028
0.688405 -0.00122571 -0.725325 -73.4465 0.0112854 0.999896 0.00902121 0.27944 0.725238 -0.0143958 0.688346 3.20967
0.729203 -0.00400227 -0.684285 -73.7327 0.0074395 0.99997 0.00207916 0.285088 0.684256 -0.00660683 0.72921 3.55859
0.768948 -0.00411092 -0.639297 -74.0327 0.00572619 0.999983 0.000457185 0.291304 0.639284 -0.00401225 0.768959 3.93346
0.805349 -0.00497531 -0.592779 -74.3013 0.0058368 0.999983 -0.00046319 0.282416 0.592771 -0.00308687 0.805364 4.33496
0.838367 -0.00504252 -0.545081 -74.5611 0.00427105 0.999987 -0.00268172 0.304689 0.545087 -7.97645e-05 0.838378 4.78594
0.866752 -0.00347184 -0.498725 -74.8016 0.00349059 0.999994 -0.000894994 0.286285 0.498725 -0.000965068 0.866759 5.24631
0.890546 0.00102579 -0.45489 -75.0489 -0.000736164 0.999999 0.000813807 0.298855 0.45489 -0.000389822 0.890546 5.74007
0.910094 0.00496615 -0.414371 -75.2704 -0.00609474 0.99998 -0.00140152 0.303349 0.414355 0.00380103 0.910106 6.23087
0.925417 0.00842673 -0.378856 -75.4867 -0.00897986 0.99996 0.000306911 0.297923 0.378842 0.00311808 0.925455 6.76913
0.937589 0.00914522 -0.347625 -75.6873 -0.00922608 0.999956 0.00142265 0.300306 0.347622 0.00187338 0.937632 7.3341
0.94607 0.00928959 -0.323827 -75.8746 -0.00904756 0.999957 0.0022529 0.295569 0.323834 0.000798482 0.946112 7.89461
0.953279 0.0101721 -0.301917 -76.0573 -0.00961987 0.999948 0.00331579 0.288691 0.301935 -0.000256437 0.953327 8.49106
0.958934 0.0114531 -0.283395 -76.2321 -0.0102599 0.999931 0.00569428 0.283008 0.28344 -0.0025528 0.958985 9.10917
0.963519 0.0141111 -0.267267 -76.4154 -0.0128167 0.999896 0.00658718 0.285197 0.267332 -0.00292135 0.963599 9.7513
0.967186 0.0168744 -0.253507 -76.587 -0.0154293 0.999851 0.00768762 0.2861 0.253598 -0.00352389 0.967302 10.4046
0.970322 0.0176869 -0.241165 -76.7475 -0.0161946 0.999835 0.0081686 0.266981 0.24127 -0.00402055 0.970449 11.0464
0.973703 0.0179396 -0.227113 -76.8997 -0.0165867 0.999831 0.0078643 0.279428 0.227215 -0.0038904 0.973836 11.7216
0.977147 0.0189917 -0.211713 -77.0538 -0.0175025 0.999807 0.0089058 0.280349 0.211841 -0.00499672 0.97729 12.4203
0.980105 0.0197753 -0.197489 -77.201 -0.0184088 0.999792 0.00875301 0.290839 0.197621 -0.00494328 0.980265 13.1232
0.982888 0.020984 -0.183 -77.3352 -0.0202288 0.999777 0.00599269 0.27956 0.183085 -0.00218823 0.983093 13.8468
0.9851 0.0209565 -0.170699 -77.4661 -0.0209976 0.999778 0.00156423 0.27965 0.170694 0.00204339 0.985321 14.5627
0.986773 0.020146 -0.160848 -77.5863 -0.0206672 0.999785 -0.0015681 0.251415 0.160781 0.00487167 0.986977 15.2963
0.988161 0.0208256 -0.151998 -77.7069 -0.0213033 0.999772 -0.00151501 0.249451 0.151931 0.00473516 0.988378 16.0613
0.989409 0.0206461 -0.143678 -77.8318 -0.0202981 0.999786 0.00388772 0.244422 0.143727 -0.000930125 0.989616 16.8609
0.990104 0.0252689 -0.138037 -77.9544 -0.0239396 0.99965 0.0112822 0.25003 0.138273 -0.00786597 0.990362 17.6304
0.990759 0.0249717 -0.133313 -78.0674 -0.0234992 0.999644 0.0126081 0.25253 0.13358 -0.00935878 0.990993 18.3994
0.991184 0.0239429 -0.130305 -78.1677 -0.0225762 0.999674 0.0119557 0.260826 0.130548 -0.00890849 0.991401 19.1494
0.991655 0.0238929 -0.126682 -78.2711 -0.0225572 0.999674 0.011968 0.263314 0.126926 -0.00901048 0.99187 19.9164
0.992028 0.0233435 -0.123835 -78.3643 -0.0217591 0.999663 0.0141323 0.257531 0.124123 -0.0113251 0.992201 20.6732
0.992413 0.0218194 -0.120997 -78.459 -0.0200298 0.999672 0.0159865 0.262818 0.121305 -0.0134416 0.992523 21.4429
0.9929 0.0201561 -0.117229 -78.552 -0.0182798 0.999687 0.0170583 0.265275 0.117536 -0.0147943 0.992957 22.2099
0.993177 0.0204668 -0.114806 -78.6422 -0.0189021 0.999713 0.0147014 0.266233 0.115074 -0.0124309 0.993278 22.9565
0.993404 0.0234391 -0.11224 -78.7517 -0.0228281 0.999717 0.00672595 0.253653 0.112366 -0.00411932 0.993657 23.7404
0.99363 0.0238451 -0.110132 -78.8428 -0.0238587 0.999714 0.00119401 0.255943 0.110129 0.00144124 0.993915 24.4972
0.993904 0.0250893 -0.107351 -78.9397 -0.0254444 0.999674 -0.00193975 0.244466 0.107267 0.00465943 0.994218 25.2311
0.994173 0.0266621 -0.104445 -79.031 -0.0267884 0.999641 0.000193669 0.23107 0.104412 0.00260541 0.99453 25.9968
0.994467 0.028471 -0.101111 -79.1155 -0.0283655 0.999594 0.00248102 0.237646 0.101141 0.000400816 0.994871 26.7466
0.994772 0.0326309 -0.0967616 -79.1993 -0.0321502 0.999462 0.00652339 0.223994 0.0969221 -0.00337835 0.995285 27.423
0.995094 0.0293964 -0.0944586 -79.2809 -0.0288216 0.999557 0.00744353 0.209809 0.0946352 -0.00468452 0.9955 28.2013
0.995293 0.0276625 -0.0928793 -79.356 -0.0270378 0.999602 0.00797808 0.205181 0.0930627 -0.00542924 0.995644 28.9468
0.995503 0.0252745 -0.0912968 -79.436 -0.0246838 0.999666 0.00759365 0.199065 0.091458 -0.00530591 0.995794 29.7102
0.995572 0.0254257 -0.090493 -79.5151 -0.0249617 0.999669 0.00625527 0.221424 0.0906218 -0.00396868 0.995876 30.4758
0.995658 0.0254044 -0.08955 -79.5901 -0.0249344 0.999669 0.00636361 0.215671 0.0896817 -0.00410307 0.995961 31.2298
0.995714 0.0263044 -0.0886623 -79.662 -0.0258249 0.999645 0.00655077 0.207155 0.0888028 -0.00423296 0.996039 31.9874
0.995694 0.0276334 -0.0884859 -79.7376 -0.027148 0.999609 0.00668418 0.210167 0.0886356 -0.00425314 0.996054 32.7598
0.995689 0.026365 -0.0889264 -79.8087 -0.0258769 0.999643 0.00663746 0.201622 0.0890693 -0.00430767 0.996015 33.5142
0.995632 0.0258107 -0.0897154 -79.882 -0.0253156 0.999657 0.00665248 0.203935 0.0898561 -0.0043522 0.995944 34.2831
0.995282 0.0258104 -0.0935205 -79.9591 -0.025256 0.999656 0.00710665 0.195501 0.0936714 -0.00471113 0.995591 35.0712
0.995029 0.0257332 -0.0961968 -80.0396 -0.0251944 0.999659 0.00681193 0.190562 0.096339 -0.00435442 0.995338 35.8513
0.994507 0.0305729 -0.100097 -80.1473 -0.029942 0.999521 0.00779925 0.207032 0.100287 -0.00475927 0.994946 36.636
0.994142 0.0295975 -0.103945 -80.2398 -0.029332 0.999561 0.00408214 0.197501 0.10402 -0.00100928 0.994574 37.4261
0.993804 0.0301532 -0.106978 -80.3279 -0.0301633 0.999544 0.00152403 0.194302 0.106975 0.00171226 0.994259 38.2128
0.993317 0.029883 -0.11148 -80.4318 -0.0303824 0.999534 -0.0027835 0.206293 0.111344 0.00615196 0.993762 39.0086
0.993001 0.0282098 -0.114682 -80.515 -0.0285064 0.999593 -0.000946528 0.20412 0.114609 0.00420912 0.993401 39.8173
0.992731 0.027632 -0.117133 -80.6067 -0.0278958 0.99961 -0.000612534 0.190173 0.11707 0.00387564 0.993115 40.6576
0.992363 0.0285586 -0.119998 -80.7068 -0.0288057 0.999585 -0.000324098 0.170807 0.119939 0.00377829 0.992773 41.4767
0.99228 0.0288636 -0.120609 -80.807 -0.0288548 0.999582 0.00181975 0.16817 0.120611 0.00167448 0.992697 42.2966
0.992045 0.0281864 -0.122684 -80.9136 -0.0275111 0.999595 0.00719486 0.152307 0.122836 -0.00376243 0.992419 43.1559
0.991969 0.0265662 -0.123657 -81.0173 -0.0255681 0.999626 0.00965176 0.14398 0.123867 -0.00641252 0.992277 44.0071
0.992185 0.0290174 -0.12135 -81.1238 -0.0281626 0.999565 0.0087537 0.144717 0.121551 -0.00526771 0.99257 44.8398
0.992289 0.0295257 -0.120376 -81.2381 -0.0286685 0.99955 0.00884724 0.135882 0.120583 -0.00532798 0.992688 45.7024
0.99261 0.0288132 -0.117873 -81.3402 -0.0283423 0.999582 0.0056695 0.127616 0.117987 -0.00228675 0.993011 46.5501
0.992978 0.0242025 -0.11579 -81.4443 -0.023735 0.999703 0.00541433 0.0977642 0.115887 -0.00262799 0.993258 47.4325
0.993187 0.0232979 -0.114172 -81.5487 -0.0228171 0.999724 0.00551566 0.096215 0.114268 -0.00287297 0.993445 48.2984
0.993448 0.0211257 -0.112316 -81.6521 -0.0203966 0.999762 0.00763688 0.0983709 0.11245 -0.00529594 0.993642 49.1658
0.993465 0.0189215 -0.112558 -81.7433 -0.0179073 0.999789 0.0100151 0.0950104 0.112724 -0.00793402 0.993594 50.038
0.99375 0.0201422 -0.109794 -81.8409 -0.019291 0.999775 0.0088089 0.0895718 0.109946 -0.00663575 0.993914 50.9129
0.99367 0.0209816 -0.110363 -81.9501 -0.0204338 0.999772 0.00609226 0.0903723 0.110465 -0.00379852 0.993872 51.7636
0.993671 0.0216354 -0.11022 -82.0534 -0.0217602 0.999763 7.02981e-05 0.100778 0.110195 0.0023286 0.993906 52.5917
0.993715 0.0198072 -0.110171 -82.1398 -0.0201309 0.999795 -0.0018269 0.0975196 0.110112 0.0040333 0.99391 53.4457
0.993636 0.0235033 -0.110158 -82.2443 -0.0243592 0.999682 -0.00642976 0.0817254 0.109971 0.00907223 0.993892 54.2946
0.993869 0.0228166 -0.108185 -82.3437 -0.0236903 0.999696 -0.00679746 0.0712612 0.107996 0.00931875 0.994107 55.1511
0.994084 0.0207702 -0.106606 -82.4406 -0.0212057 0.99977 -0.00295246 0.06039 0.106519 0.00519568 0.994296 55.9968
0.994153 0.0166271 -0.10669 -82.5347 -0.0161348 0.999854 0.00547608 0.0711971 0.106765 -0.00372259 0.994276 56.8851
0.994173 0.0125949 -0.107059 -82.6322 -0.011421 0.999867 0.0115708 0.0798879 0.107191 -0.0102806 0.994184 57.7362
0.993873 0.0123773 -0.109827 -82.733 -0.0115721 0.999901 0.00796644 0.0568784 0.109915 -0.00664666 0.993918 58.5687
0.993758 0.00866625 -0.111215 -82.8215 -0.0080236 0.999948 0.00622473 0.0472464 0.111263 -0.00529348 0.993776 59.4059
0.993691 0.00879488 -0.111801 -82.9354 -0.00834307 0.999955 0.00450849 0.0421289 0.111835 -0.00354724 0.993719 60.2353
0.993596 0.00888287 -0.112635 -83.0283 -0.00868947 0.999959 0.00220795 0.0390561 0.11265 -0.00121503 0.993633 61.0512
0.993271 0.0115822 -0.115228 -83.1374 -0.011648 0.999932 0.000101712 0.0360698 0.115221 0.0012412 0.993338 61.868
0.993024 0.0113945 -0.117359 -83.2347 -0.0119879 0.999918 -0.00435135 0.020223 0.117299 0.00572792 0.993079 62.6926
0.992804 0.0146906 -0.118843 -83.3363 -0.0157857 0.999841 -0.00827845 -0.00736121 0.118703 0.0100949 0.992877 63.5063
0.992347 0.0148825 -0.122581 -83.4459 -0.0159662 0.999841 -0.00786336 -0.0105746 0.122444 0.00976037 0.992426 64.2988
0.992175 0.018388 -0.123488 -83.5407 -0.0194375 0.999784 -0.00729889 -0.0408832 0.123327 0.00964212 0.992318 65.119
0.991699 0.0219754 -0.126683 -83.6475 -0.0225221 0.999742 -0.00288513 -0.0674717 0.126586 0.00571439 0.991938 65.9325
0.991051 0.022692 -0.131536 -83.7591 -0.0225125 0.999742 0.00285193 -0.0869721 0.131566 0.000134826 0.991306 66.723
0.990803 0.0243366 -0.133103 -83.8415 -0.0236571 0.999697 0.00668453 -0.109137 0.133225 -0.00347418 0.991079 67.5383
0.989921 0.0259977 -0.139209 -83.953 -0.0252293 0.999655 0.00728215 -0.116848 0.13935 -0.00369657 0.990235 68.3049
0.989116 0.0235063 -0.145246 -84.0691 -0.0223275 0.999703 0.0097407 -0.123967 0.145432 -0.00639165 0.989347 69.0923
0.988179 0.02657 -0.150984 -84.1869 -0.0252763 0.999625 0.0104819 -0.138358 0.151205 -0.00654161 0.98848 69.8753
0.9871 0.0299415 -0.157277 -84.3248 -0.0288392 0.99954 0.00928651 -0.137708 0.157482 -0.00463094 0.98751 70.6329
0.986207 0.0305522 -0.162667 -84.4626 -0.0299474 0.999532 0.00616929 -0.131041 0.162779 -0.00121271 0.986661 71.3965
0.985438 0.03051 -0.167274 -84.5946 -0.0302887 0.999533 0.00387463 -0.130477 0.167314 0.00124835 0.985902 72.1643
0.984407 0.0327901 -0.172821 -84.7361 -0.0326288 0.99946 0.00377488 -0.141313 0.172851 0.00192298 0.984945 72.9167
0.983912 0.0332061 -0.175539 -84.8724 -0.0323869 0.999447 0.0075305 -0.141465 0.175692 -0.00172413 0.984443 73.6789
0.982887 0.0352416 -0.180806 -85.0233 -0.0337635 0.999366 0.0112475 -0.133275 0.181088 -0.00495034 0.983453 74.4431
0.98172 0.0297414 -0.187992 -85.1782 -0.0278173 0.99953 0.0128655 -0.125765 0.188286 -0.00740085 0.982085 75.2155
0.980549 0.028799 -0.194148 -85.3267 -0.0274164 0.999575 0.00980508 -0.129481 0.194348 -0.00429147 0.980922 75.9571
0.97883 0.029617 -0.202519 -85.4891 -0.0294043 0.999559 0.00405953 -0.135321 0.20255 0.00198139 0.979269 76.7037
0.977786 0.0258806 -0.207998 -85.6777 -0.0264901 0.999648 -0.000145142 -0.140339 0.207921 0.00565186 0.978128 77.4551
0.975437 0.0236914 -0.219001 -85.8404 -0.0239348 0.999712 0.00154193 -0.174795 0.218974 0.00373772 0.975723 78.1725
0.972909 0.0236853 -0.22997 -86.0177 -0.0226467 0.999717 0.00715491 -0.178091 0.230074 -0.00175296 0.97317 78.9082
0.970705 0.0244958 -0.23902 -86.2035 -0.0218834 0.999668 0.0135774 -0.156926 0.239273 -0.00794906 0.970919 79.6429
0.968085 0.022402 -0.249616 -86.4127 -0.0185518 0.999669 0.0177668 -0.179386 0.249931 -0.0125689 0.968181 80.3922
0.965953 0.0258668 -0.257421 -86.6277 -0.0225113 0.999618 0.0159744 -0.178124 0.257736 -0.00963555 0.966166 81.1285
0.962522 0.0246388 -0.270082 -86.8304 -0.0233271 0.999695 0.00806608 -0.172398 0.270198 -0.00146351 0.962803 81.8302
0.95921 0.0213722 -0.281884 -87.0344 -0.0210164 0.999769 0.00428601 -0.175363 0.28191 0.00181306 0.959438 82.5147
0.955887 0.0197469 -0.293069 -87.2558 -0.0184674 0.999803 0.00713221 -0.171505 0.293152 -0.0014053 0.956064 83.2167
0.95225 0.0191826 -0.304715 -87.4847 -0.0156503 0.999778 0.0140307 -0.174031 0.304916 -0.00859177 0.952339 83.9188
0.948801 0.0161497 -0.315461 -87.7152 -0.010853 0.999768 0.0185398 -0.188712 0.315687 -0.0141668 0.948757 84.6019
0.945461 0.0156312 -0.325358 -87.94 -0.0103932 0.999786 0.0178314 -0.19681 0.325567 -0.0134774 0.945422 85.2376
0.940999 0.0143711 -0.338103 -88.1968 -0.0100315 0.999843 0.0145793 -0.206668 0.338259 -0.0103274 0.940995 85.9305
0.938287 0.0116962 -0.345657 -88.4486 -0.00862451 0.999908 0.0104234 -0.208677 0.345747 -0.00679894 0.938302 86.6122
0.934252 0.00720773 -0.35654 -88.7012 -0.00542399 0.999967 0.00600252 -0.229153 0.356571 -0.00367395 0.93426 87.2791
0.930813 0.00783101 -0.36541 -88.9792 -0.00685098 0.999968 0.00397854 -0.237207 0.365429 -0.00119981 0.930837 87.9537
0.927612 0.00854121 -0.373446 -89.265 -0.00815666 0.999963 0.00261003 -0.246995 0.373454 0.00062503 0.927647 88.5861
0.923531 0.00960576 -0.383402 -89.547 -0.00828372 0.999952 0.00509923 -0.257416 0.383433 -0.00153325 0.923566 89.2638
0.92035 0.010973 -0.390942 -89.8377 -0.00718913 0.999911 0.0111411 -0.247937 0.391029 -0.00744308 0.920347 89.947
0.916905 0.0142442 -0.398849 -90.15 -0.00733013 0.999794 0.0188548 -0.251506 0.399036 -0.0143644 0.916822 90.6515
0.913911 0.0201906 -0.405411 -90.4682 -0.0119723 0.999668 0.0227975 -0.247966 0.405736 -0.0159811 0.913849 91.3369
0.911374 0.0253338 -0.410798 -90.8036 -0.0186571 0.99962 0.0202548 -0.250968 0.411155 -0.0107954 0.9115 91.9988
0.908704 0.0253398 -0.416671 -91.1349 -0.0215319 0.999672 0.0138369 -0.250736 0.416885 -0.00360184 0.908951 92.7093
0.907044 0.0210533 -0.420509 -91.4303 -0.0197406 0.999776 0.00747431 -0.271062 0.420572 0.00152165 0.907257 93.3897
0.904815 0.0227186 -0.425198 -91.7592 -0.0218091 0.999737 0.00700724 -0.263129 0.425246 0.00293298 0.905072 94.0774
0.902308 0.0275583 -0.430208 -92.1148 -0.0259502 0.999616 0.00960613 -0.246532 0.430308 0.00249634 0.902677 94.7763
0.901229 0.0270154 -0.432499 -92.4614 -0.0237042 0.999633 0.0130464 -0.2593 0.432693 -0.00150567 0.901539 95.5241
0.898498 0.0258486 -0.438215 -92.7989 -0.0220363 0.999661 0.0137838 -0.248769 0.438423 -0.00272806 0.898763 96.2192
0.896605 0.0251426 -0.442117 -93.1425 -0.0232491 0.999682 0.009702 -0.237205 0.44222 0.00158001 0.896904 96.8949
0.89394 0.0207519 -0.447706 -93.495 -0.0209158 0.99977 0.00457824 -0.267704 0.447698 0.00527152 0.894168 97.5739
0.89154 0.0201728 -0.452493 -93.8518 -0.0205147 0.99978 0.00415194 -0.263136 0.452477 0.00558118 0.891757 98.2595
0.889461 0.0219079 -0.456486 -94.2184 -0.0211337 0.999753 0.00680184 -0.279468 0.456522 0.00359734 0.889704 98.9476
0.887061 0.0226185 -0.461097 -94.5842 -0.0209916 0.999741 0.00865736 -0.280452 0.461174 0.0019996 0.887306 99.6337
0.884105 0.0247195 -0.466633 -94.9591 -0.0229706 0.999691 0.00943682 -0.293536 0.466722 0.00237573 0.8844 100.338
0.88159 0.0240787 -0.471401 -95.2999 -0.0220964 0.999707 0.00974056 -0.290095 0.471498 0.00182917 0.881864 100.997
0.879227 0.0220007 -0.475894 -95.6451 -0.0199707 0.999756 0.00932266 -0.294375 0.475983 0.00130724 0.879452 101.63
0.877275 0.0211017 -0.479524 -96.0072 -0.018787 0.999776 0.00962547 -0.28683 0.47962 0.000564707 0.877475 102.284
0.874463 0.0213688 -0.484621 -96.3874 -0.0181746 0.99977 0.0112892 -0.294629 0.484751 -0.00106414 0.87465 102.95
0.87219 0.0220602 -0.488668 -96.7495 -0.0188417 0.999755 0.0115034 -0.291404 0.488803 -0.000825718 0.872393 103.594
0.869532 0.0188867 -0.493514 -97.1294 -0.0170119 0.99982 0.00828947 -0.315559 0.493582 0.00118768 0.869697 104.253
0.867029 0.0192526 -0.497885 -97.5035 -0.0172215 0.999813 0.00867176 -0.307812 0.497959 0.00105571 0.867199 104.892
0.865011 0.0178647 -0.501434 -97.8692 -0.0167718 0.999836 0.00668875 -0.312277 0.501471 0.00262419 0.865169 105.522
0.862765 0.0195818 -0.505226 -98.2487 -0.0173336 0.999807 0.00915083 -0.306355 0.505307 0.000862444 0.862938 106.163
0.860653 0.021044 -0.508757 -98.6247 -0.0149612 0.999758 0.0160441 -0.298645 0.508972 -0.00619678 0.86076 106.791
0.859534 0.0205166 -0.510666 -98.9904 -0.0104645 0.99969 0.0225504 -0.316063 0.51097 -0.0140389 0.859482 107.407
0.857547 0.0198478 -0.514023 -99.3637 -0.00832443 0.999659 0.0247119 -0.328918 0.514338 -0.0169126 0.85742 108.025
0.856071 0.018809 -0.516516 -99.7143 -0.00661343 0.999653 0.0254416 -0.3288 0.516816 -0.0183638 0.855898 108.612
0.854196 0.0177001 -0.519649 -100.078 -0.00688297 0.999717 0.0227379 -0.331956 0.519905 -0.0158459 0.854076 109.192
0.85235 0.0177845 -0.522669 -100.423 -0.0066849 0.999709 0.023115 -0.322781 0.522929 -0.0162081 0.852221 109.752
0.850927 0.0171929 -0.525002 -100.769 -0.00598015 0.999715 0.0230463 -0.315076 0.525249 -0.0164711 0.850788 110.299
0.849702 0.0152952 -0.527041 -101.1 -0.0037261 0.999727 0.0230058 -0.313634 0.527249 -0.0175842 0.849527 110.839
0.848501 0.0150516 -0.528979 -101.423 -0.00293378 0.999713 0.0237401 -0.318624 0.529184 -0.0185915 0.848302 111.351
0.846964 0.0152333 -0.531431 -101.735 -0.00261699 0.999696 0.0244852 -0.320567 0.531642 -0.0193473 0.846747 111.846
0.845463 0.0148246 -0.533828 -102.036 -0.00139763 0.999671 0.0255477 -0.324372 0.534032 -0.0208535 0.845206 112.323
0.844252 0.0140883 -0.53576 -102.325 -0.000266552 0.999664 0.0258671 -0.32163 0.535945 -0.0216955 0.843973 112.775
0.842795 0.0141014 -0.53805 -102.605 -0.000543639 0.999677 0.0253484 -0.323754 0.538234 -0.0210709 0.842531 113.207
0.841873 0.0149275 -0.539469 -102.875 -0.00152347 0.999678 0.0252845 -0.307001 0.539672 -0.0204644 0.841625 113.613
0.840313 0.0123502 -0.541961 -103.131 -0.000592808 0.99976 0.0218634 -0.310021 0.542101 -0.0180507 0.840118 114.006
0.838001 0.00840432 -0.545603 -103.377 0.00302577 0.999793 0.0200479 -0.315091 0.545659 -0.018451 0.837803 114.387
0.835385 0.00957395 -0.549582 -103.618 0.00175386 0.999795 0.0200829 -0.340137 0.549662 -0.0177408 0.835197 114.75
0.831977 0.00974597 -0.554725 -103.852 0.00210493 0.999782 0.0207222 -0.33145 0.554806 -0.018408 0.831775 115.094
0.827972 0.015953 -0.560542 -104.084 -0.00334353 0.999717 0.0235133 -0.34517 0.560758 -0.0175941 0.827792 115.421
0.824663 0.0202384 -0.565262 -104.293 -0.00649865 0.999631 0.0263095 -0.332943 0.565586 -0.018023 0.824491 115.698
0.820601 0.0248247 -0.570962 -104.51 -0.007871 0.999451 0.0321425 -0.334126 0.571446 -0.0218821 0.820346 115.998
0.81633 0.027114 -0.576948 -104.705 -0.00724202 0.999298 0.0367158 -0.342084 0.577539 -0.0257939 0.815954 116.263
0.810641 0.0272655 -0.584908 -104.889 -0.00621206 0.999258 0.037971 -0.348908 0.58551 -0.0271473 0.81021 116.526
0.804142 0.0245311 -0.593931 -105.064 -0.00228913 0.999267 0.0381734 -0.338277 0.594433 -0.0293372 0.803609 116.77
0.795822 0.0238282 -0.605061 -105.241 -0.000418529 0.999245 0.0388013 -0.33126 0.60553 -0.0306256 0.795232 116.995
0.785701 0.0241726 -0.618134 -105.415 0.000179657 0.999226 0.0393039 -0.340525 0.618606 -0.0309921 0.785089 117.205
0.773998 0.0258136 -0.632662 -105.579 -0.00130922 0.99923 0.0391686 -0.341394 0.633186 -0.0294881 0.773436 117.395
0.76019 0.0265362 -0.649159 -105.731 -0.00179084 0.999246 0.0387499 -0.356676 0.649698 -0.0282947 0.759664 117.579
0.745426 0.0233162 -0.66618 -105.898 -0.00163656 0.999448 0.0331494 -0.336909 0.666585 -0.0236201 0.745053 117.737
0.730787 0.0201443 -0.682307 -106.051 -0.000825585 0.999588 0.0286275 -0.338889 0.682604 -0.0203572 0.730504 117.882
0.715027 0.019646 -0.69882 -106.227 -0.00298129 0.99968 0.0250538 -0.332268 0.69909 -0.0158307 0.714857 118.022
0.699453 0.0223826 -0.714328 -106.394 -0.00853584 0.999698 0.0229663 -0.311051 0.714627 -0.00996636 0.699433 118.157
0.68258 0.0235953 -0.730429 -106.566 -0.00992322 0.999684 0.0230201 -0.306837 0.730742 -0.00846479 0.682599 118.284
0.664439 0.0221971 -0.747012 -106.742 -0.00663851 0.999693 0.0238008 -0.312998 0.747312 -0.0108551 0.664384 118.42
0.644995 0.0224649 -0.763856 -106.919 -0.0046088 0.999663 0.0255084 -0.314357 0.764172 -0.0129323 0.644881 118.548
0.623218 0.0231221 -0.781706 -107.097 -0.00365252 0.999637 0.0266563 -0.301123 0.782039 -0.0137574 0.623076 118.668
0.59988 0.0260046 -0.799667 -107.287 -0.004902 0.999571 0.028828 -0.283996 0.800074 -0.0133733 0.599751 118.772
0.575423 0.0294242 -0.817326 -107.479 -0.00683421 0.999489 0.0311707 -0.279219 0.817827 -0.0123505 0.57533 118.88
0.550883 0.031473 -0.833988 -107.673 -0.00743031 0.999433 0.0328086 -0.270279 0.834548 -0.0118769 0.550805 118.982
0.525452 0.0332004 -0.850175 -107.875 -0.00937958 0.999402 0.0332309 -0.25154 0.850771 -0.00948691 0.52545 119.082
0.498869 0.0372539 -0.865876 -108.068 -0.0132163 0.999285 0.0353794 -0.267144 0.866576 -0.00620598 0.499005 119.162
0.47164 0.0383103 -0.880958 -108.276 -0.0129754 0.999248 0.0365077 -0.261003 0.881695 -0.00578763 0.471783 119.246
0.442532 0.0377662 -0.895956 -108.483 -0.0116742 0.999269 0.036355 -0.266514 0.896675 -0.00562865 0.442651 119.32
0.410946 0.0353263 -0.910975 -108.687 -0.0113702 0.999368 0.0336249 -0.263452 0.911588 -0.00345995 0.411088 119.386
0.376894 0.0311426 -0.925732 -108.939 -0.0100022 0.999512 0.0295524 -0.265689 0.926201 -0.00187872 0.377022 119.464
0.338639 0.0289108 -0.940472 -109.177 -0.00916214 0.99958 0.0274289 -0.263194 0.940871 -0.000671683 0.338762 119.541
0.297493 0.0279778 -0.954314 -109.458 -0.00800631 0.999607 0.0268099 -0.262103 0.954689 -0.000335152 0.2976 119.604
0.254612 0.026725 -0.966673 -109.748 -0.00660778 0.999641 0.0258961 -0.262016 0.967019 -0.000205843 0.254698 119.654
0.208947 0.0272302 -0.977547 -110.048 -0.00532741 0.999628 0.0267067 -0.259363 0.977911 -0.000372405 0.209014 119.685
0.160024 0.0261606 -0.986766 -110.376 -0.00380447 0.999656 0.0258854 -0.253093 0.987105 -0.000388107 0.160069 119.71
0.110132 0.0260734 -0.993575 -110.715 -0.00213384 0.999658 0.0259966 -0.249916 0.993914 -0.000742854 0.11015 119.718
0.0584773 0.0269939 -0.997923 -111.059 -0.000486552 0.999634 0.0270117 -0.242063 0.998288 -0.00109396 0.0584693 119.71
0.00510407 0.0288765 -0.99957 -111.432 0.00411501 0.999573 0.0288976 -0.232239 0.999977 -0.00426067 0.00498337 119.688
-0.0479051 0.0307723 -0.998377 -111.805 0.00892543 0.999497 0.0303786 -0.239746 0.998811 -0.0074556 -0.0481554 119.649
-0.101575 0.0321635 -0.994307 -112.2 0.0132143 0.999431 0.0309794 -0.239342 0.994739 -0.00999232 -0.101942 119.587
-0.154554 0.0329433 -0.987435 -112.59 0.0165339 0.999389 0.0307543 -0.230485 0.987845 -0.0115729 -0.155004 119.499
-0.205645 0.0345295 -0.978017 -112.993 0.0196428 0.99932 0.0311514 -0.215549 0.978429 -0.0128048 -0.206183 119.369
-0.255506 0.0347534 -0.966182 -113.415 0.0229113 0.999289 0.0298854 -0.190435 0.966535 -0.0145006 -0.25612 119.243
-0.303502 0.0360003 -0.95215 -113.838 0.0282906 0.999184 0.0287609 -0.18705 0.95241 -0.0182079 -0.304273 119.088
-0.349732 0.0369914 -0.936119 -114.263 0.0324141 0.999098 0.0273703 -0.177473 0.936288 -0.0207711 -0.350616 118.907
-0.39456 0.037517 -0.918103 -114.712 0.0342807 0.99907 0.0260933 -0.168693 0.918229 -0.0211777 -0.39548 118.703
-0.435657 0.038252 -0.899299 -115.162 0.0372727 0.999005 0.0244366 -0.164539 0.89934 -0.0228733 -0.436649 118.47
-0.474928 0.037782 -0.879213 -115.631 0.0385934 0.999009 0.0220828 -0.153479 0.879177 -0.023444 -0.475916 118.201
-0.509465 0.0381571 -0.859645 -116.089 0.0394741 0.998999 0.0209486 -0.153454 0.859585 -0.0232611 -0.510461 117.905
-0.537508 0.0381065 -0.842396 -116.553 0.0398642 0.999008 0.0197549 -0.141986 0.842315 -0.022963 -0.538495 117.591
-0.560747 0.0374613 -0.827139 -117.033 0.0393578 0.999051 0.0185653 -0.134698 0.827051 -0.0221439 -0.561689 117.25
