1 0 0 0 0 1 0 0 0 0 1 0
0.999993 0.000213523 -0.00380648 5.45007e-05 -0.000213395 1 3.40133e-05 -0.0046841 0.00380648 -3.32008e-05 0.999993 0.0588499
0.999954 0.000289705 -0.00957103 0.000740201 -0.000289516 1 2.11495e-05 -0.0070595 0.00957104 -1.83776e-05 0.999954 0.129487
0.999874 0.000274402 -0.0158945 -0.00509826 -0.000272868 1 9.86765e-05 -0.00935985 0.0158945 -9.4327e-05 0.999874 0.207546
0.999709 0.000412955 -0.0241258 -0.0142606 -0.000410927 1 8.90266e-05 -0.0103781 0.0241258 -7.90868e-05 0.999709 0.291819
0.99941 0.000292668 -0.0343474 -0.0229447 -0.000286179 1 0.000193837 -0.0101507 0.0343475 -0.000183893 0.99941 0.38358
0.998932 -0.000284402 -0.0462086 -0.036941 0.000316826 1 0.000694348 -0.00762589 0.0462084 -0.000708246 0.998932 0.485348
0.998157 -0.000424667 -0.0606844 -0.0537742 0.000486133 0.999999 0.000998118 -0.00855963 0.0606839 -0.00102578 0.998156 0.598262
0.996984 -0.000989409 -0.0776087 -0.0726419 0.00109182 0.999999 0.00127718 -0.0074352 0.0776073 -0.00135806 0.996983 0.723964
0.995319 -0.00137335 -0.0966386 -0.0945513 0.00151138 0.999998 0.00135515 -0.00836404 0.0966365 -0.00149486 0.995319 0.862778
0.992983 -0.00145382 -0.11825 -0.122951 0.00162441 0.999998 0.00134618 -0.00968516 0.118248 -0.00152882 0.992983 1.0082
0.990015 -0.000524836 -0.14096 -0.162627 0.000710369 0.999999 0.0012659 -0.012178 0.140959 -0.00135339 0.990014 1.15975
0.98623 0.00356416 -0.16534 -0.21142 -0.00377879 0.999992 -0.000983587 -0.0128887 0.165335 0.00159483 0.986236 1.31743
0.981439 0.00347247 -0.191745 -0.2678 -0.00362639 0.999993 -0.000451824 -0.0149532 0.191742 0.00113878 0.981445 1.48499
0.975432 0.00295292 -0.220281 -0.331807 -0.00299383 0.999996 0.000148144 -0.0161382 0.22028 0.000514978 0.975436 1.66047
0.96817 0.00310636 -0.250275 -0.402434 -0.00306954 0.999995 0.000537448 -0.0175304 0.250276 0.000247888 0.968175 1.83908
0.959582 0.00308414 -0.281412 -0.486092 -0.00291077 0.999995 0.00103408 -0.0185622 0.281414 -0.000173164 0.959586 2.02406
0.949135 0.00322601 -0.314853 -0.578085 -0.00292686 0.999995 0.00142292 -0.0213842 0.314856 -0.00042901 0.949139 2.2106
0.937353 0.00391464 -0.348361 -0.676377 -0.00346799 0.999992 0.00190573 -0.0257714 0.348365 -0.00057823 0.937359 2.3974
0.924428 0.00425648 -0.381334 -0.792408 -0.0036073 0.999991 0.00241716 -0.0279592 0.381341 -0.000858898 0.924434 2.58629
0.909189 0.00431102 -0.416361 -0.913901 -0.00335457 0.99999 0.00302871 -0.0249657 0.41637 -0.00135696 0.909194 2.77659
0.891638 0.00229898 -0.452744 -1.03788 -0.00130055 0.999996 0.00251655 -0.025613 0.452748 -0.00165504 0.891637 2.96827
0.871195 -0.000555595 -0.490937 -1.17425 0.00115219 0.999999 0.000912921 -0.0300458 0.490936 -0.00136098 0.871195 3.16822
0.847223 0.000285762 -0.531238 -1.32228 0.000690765 0.999998 0.00163956 -0.0351747 0.531237 -0.00175603 0.847221 3.36369
0.819412 0.00342593 -0.573195 -1.49419 -0.00179626 0.999992 0.00340901 -0.0400085 0.573203 -0.00176377 0.819412 3.55387
0.788124 0.00433632 -0.615502 -1.6824 -0.00202104 0.999988 0.00445724 -0.0424103 0.615514 -0.0022689 0.788123 3.73741
0.753753 0.00473442 -0.657141 -1.87751 -0.00189677 0.999985 0.00502884 -0.0419808 0.657155 -0.00254406 0.753751 3.91302
0.715031 0.00250075 -0.699088 -2.0905 0.000626666 0.999991 0.00421809 -0.0472603 0.699092 -0.00345416 0.715023 4.09148
0.673718 0.00135603 -0.738988 -2.31385 0.00162907 0.999993 0.00332016 -0.0520291 0.738987 -0.00344071 0.673711 4.26774
0.63052 0.00107508 -0.776172 -2.55182 0.00218929 0.999992 0.00316356 -0.055365 0.77617 -0.00369395 0.630513 4.43278
0.582959 0.00132489 -0.812501 -2.81404 0.00240377 0.999991 0.00335529 -0.0586906 0.812498 -0.00390906 0.58295 4.59538
0.532883 0.0017271 -0.846187 -3.0914 0.00250726 0.99999 0.00361995 -0.0595131 0.846185 -0.00405062 0.532874 4.74458
0.481516 0.00193951 -0.876435 -3.37918 0.00270303 0.999989 0.00369798 -0.0617405 0.876433 -0.00414967 0.481506 4.87673
0.426323 0.00239846 -0.904568 -3.69484 0.00286051 0.999988 0.00399962 -0.0627597 0.904566 -0.00429265 0.426311 4.99799
0.372803 0.00274468 -0.927907 -4.02048 0.00312873 0.999986 0.00421491 -0.0637908 0.927905 -0.0044745 0.372789 5.10224
0.316514 0.00321347 -0.948582 -4.37205 0.00343607 0.999984 0.00453412 -0.0675762 0.948582 -0.00469451 0.316498 5.19881
0.263274 0.00368893 -0.964714 -4.7398 0.00369926 0.999981 0.00483333 -0.0739451 0.964714 -0.00484122 0.263256 5.28328
0.213477 0.00414926 -0.97694 -5.11651 0.0044897 0.999976 0.00522817 -0.0865435 0.976938 -0.00550225 0.213453 5.34762
0.166374 0.00478355 -0.986051 -5.51743 0.00233926 0.999983 0.00524584 -0.096248 0.98606 -0.00317941 0.16636 5.39453
0.124582 0.00485897 -0.992198 -5.92813 0.0020944 0.999984 0.00516008 -0.101137 0.992207 -0.00272091 0.12457 5.42647
0.0864087 0.00477817 -0.996248 -6.35679 0.00177916 0.999986 0.00495041 -0.10216 0.996258 -0.00220024 0.0863988 5.44208
0.0522067 0.00497049 -0.998624 -6.80255 0.00206107 0.999985 0.00508502 -0.103755 0.998634 -0.00232371 0.0521955 5.44529
0.0214111 0.00487072 -0.999759 -7.25614 0.00212974 0.999986 0.00491744 -0.107629 0.999769 -0.00223451 0.0214002 5.43904
-0.00603923 0.0046074 -0.999971 -7.7263 0.0022748 0.999987 0.00459373 -0.110241 0.999979 -0.002247 -0.00604977 5.42101
-0.0265816 0.00475356 -0.999636 -8.20473 0.00217542 0.999986 0.00469738 -0.112165 0.999644 -0.00204976 -0.0265917 5.39029
-0.0446349 0.0050067 -0.998991 -8.6976 0.00279578 0.999984 0.00488676 -0.113831 0.999 -0.00257484 -0.0446483 5.35057
-0.0588697 0.00540022 -0.998251 -9.20025 0.00374408 0.999979 0.00518877 -0.117849 0.998259 -0.00343207 -0.0588888 5.30349
-0.0693847 0.00537098 -0.997576 -9.71348 0.00469338 0.999976 0.00505746 -0.12133 0.997579 -0.00433109 -0.0694084 5.25083
-0.0773845 0.00550896 -0.996986 -10.2399 0.00434597 0.999977 0.00518816 -0.125484 0.996992 -0.00393139 -0.0774068 5.19481
-0.0826504 0.00611525 -0.99656 -10.7796 0.00396079 0.999975 0.00580772 -0.128786 0.996571 -0.00346715 -0.0826727 5.13832
-0.0855566 0.00668708 -0.996311 -11.3347 0.00400335 0.999972 0.00636787 -0.132427 0.996325 -0.00344377 -0.0855811 5.08051
-0.0860946 0.00722532 -0.996261 -11.9015 0.00577121 0.99996 0.00675342 -0.13542 0.99627 -0.0051682 -0.086133 5.02262
-0.0865678 0.00765061 -0.996217 -12.4837 0.0062793 0.999955 0.00713367 -0.137722 0.996226 -0.005638 -0.0866121 4.9624
-0.0861494 0.00800563 -0.99625 -13.0782 0.0061473 0.999953 0.0075038 -0.139534 0.996263 -0.0054778 -0.0861947 4.90111
-0.0856347 0.00737124 -0.996299 -13.6845 0.00339482 0.999969 0.00710659 -0.140539 0.996321 -0.00277369 -0.0856572 4.83882
-0.0855628 0.00744162 -0.996305 -14.3037 0.00371253 0.999967 0.00715014 -0.140404 0.996326 -0.00308703 -0.0855878 4.77804
-0.0853325 0.00763389 -0.996323 -14.9355 0.00423772 0.999964 0.00729883 -0.139777 0.996343 -0.00359931 -0.085362 4.71756
-0.0855147 0.00861168 -0.9963 -15.5875 0.00357328 0.999959 0.0083366 -0.139945 0.99633 -0.00284715 -0.0855421 4.65562
-0.0845797 0.00926075 -0.996374 -16.2549 0.00401564 0.999952 0.00895312 -0.13982 0.996409 -0.00324383 -0.0846129 4.59712
-0.0840112 0.00969188 -0.996418 -16.9345 0.00292372 0.999951 0.00947974 -0.13971 0.99646 -0.00211685 -0.0840355 4.53824
-0.084201 0.00925688 -0.996406 -17.6292 0.00152872 0.999957 0.00916069 -0.140341 0.996447 -0.000751888 -0.0842117 4.48093
-0.0836333 0.00929463 -0.996453 -18.3386 0.00184008 0.999956 0.00917286 -0.139615 0.996495 -0.00106639 -0.0836469 4.4178
-0.0840407 0.0100438 -0.996412 -19.065 0.00190208 0.999949 0.00991903 -0.139685 0.99646 -0.00106165 -0.0840557 4.35293
-0.0836928 0.0107774 -0.996434 -19.8037 0.00333492 0.999939 0.0105353 -0.141774 0.996486 -0.0024413 -0.0837238 4.28769
-0.0840068 0.011317 -0.996401 -20.5584 0.00429973 0.99993 0.0109946 -0.14424 0.996456 -0.00336064 -0.0840497 4.226
-0.0835862 0.00788281 -0.99647 -21.3254 0.00490699 0.99996 0.00749882 -0.15063 0.996488 -0.00426287 -0.0836217 4.16462
-0.0835156 0.00292092 -0.996502 -22.104 0.00686439 0.999973 0.00235581 -0.162074 0.996483 -0.00664363 -0.0835335 4.10193
-0.0845046 0.00218886 -0.996421 -22.8971 0.00961041 0.999953 0.00138158 -0.172511 0.996377 -0.00945926 -0.0845218 4.04202
-0.0852426 0.002599 -0.996357 -23.6931 0.0102276 0.999946 0.00173335 -0.177994 0.996307 -0.0100426 -0.0852648 3.97808
-0.0864094 0.00931677 -0.996216 -24.495 0.00931899 0.99992 0.0085431 -0.173405 0.996216 -0.00854553 -0.0864894 3.90882
-0.0871053 0.0159498 -0.996072 -25.3127 0.00857725 0.999847 0.0152601 -0.167979 0.996162 -0.00721432 -0.0872289 3.83755
-0.0865873 0.0217833 -0.996006 -26.1307 0.0077824 0.999745 0.0211885 -0.167816 0.996213 -0.00591666 -0.0867349 3.75916
-0.0877226 0.0224911 -0.995891 -26.9586 0.00683404 0.999735 0.021976 -0.163546 0.996121 -0.00487817 -0.0878532 3.68379
-0.0873344 0.0223697 -0.995928 -27.7818 0.00661205 0.999739 0.0218755 -0.162644 0.996157 -0.00467465 -0.0874596 3.61395
-0.0883623 0.0224685 -0.995835 -28.6031 0.00623997 0.999738 0.0220029 -0.161764 0.996068 -0.00426975 -0.0884796 3.54141
-0.0885462 0.0229424 -0.995808 -29.4312 0.00635211 0.999727 0.0224679 -0.149555 0.996051 -0.00433604 -0.0886679 3.46339
-0.0875567 0.0235306 -0.995882 -30.2525 0.00662904 0.999713 0.0230383 -0.148886 0.996137 -0.00458458 -0.0876876 3.38887
-0.0881875 0.0240653 -0.995813 -31.0721 0.00569895 0.999704 0.0236547 -0.148285 0.996087 -0.00358905 -0.0882986 3.31869
-0.086413 0.0206953 -0.996045 -31.8879 0.00528224 0.99978 0.0203147 -0.141192 0.996245 -0.0035059 -0.0865034 3.24497
-0.0872712 0.0199222 -0.995986 -32.7043 0.00481086 0.999797 0.0195769 -0.136776 0.996173 -0.00308305 -0.0873495 3.16434
-0.0870031 0.0203471 -0.996001 -33.5302 0.00634365 0.999782 0.0198703 -0.140657 0.996187 -0.0045895 -0.0871134 3.08209
-0.0855384 0.0214617 -0.996104 -34.3538 0.00823069 0.999749 0.0208334 -0.140766 0.9963 -0.00641656 -0.0856936 3.01094
-0.0864156 0.0257603 -0.995926 -35.1716 0.00776126 0.999653 0.0251832 -0.135066 0.996229 -0.00555341 -0.0865857 2.93209
-0.0856646 0.0314161 -0.995829 -35.9844 0.0107224 0.999474 0.0306087 -0.12311 0.996266 -0.00805558 -0.0859565 2.85578
-0.0866746 0.0327591 -0.995698 -36.8041 0.0124254 0.999417 0.0317999 -0.118987 0.996159 -0.00961567 -0.0870312 2.77273
-0.0867501 0.0334279 -0.995669 -37.6206 0.0144258 0.999374 0.0322954 -0.116399 0.996125 -0.0115617 -0.0871781 2.69166
-0.0857845 0.0305488 -0.995846 -38.4393 0.0144957 0.999462 0.029411 -0.110758 0.996208 -0.0119125 -0.0861813 2.60865
-0.0859785 0.029252 -0.995868 -39.2591 0.0132385 0.999514 0.0282161 -0.102136 0.996208 -0.0107578 -0.0863241 2.52643
-0.0853129 0.0281144 -0.995958 -40.0795 0.0117265 0.999561 0.0272116 -0.0944266 0.996285 -0.0093576 -0.0856053 2.44555
-0.0860811 0.0279187 -0.995897 -40.9025 0.0109819 0.999573 0.0270725 -0.08547 0.996227 -0.00860642 -0.0863511 2.36096
-0.08671 0.0279839 -0.995841 -41.7246 0.0126463 0.999556 0.0269872 -0.0768763 0.996153 -0.0102536 -0.0870255 2.28051
-0.0867619 0.0270739 -0.995861 -42.5448 0.0134226 0.999572 0.0260054 -0.0661548 0.996138 -0.0111108 -0.0870882 2.20143
-0.087866 0.0269696 -0.995767 -43.3681 0.0152845 0.999552 0.0257234 -0.0551483 0.996014 -0.0129596 -0.088239 2.12511
-0.0889955 0.0290093 -0.99561 -44.1889 0.0160821 0.999487 0.0276847 -0.0402797 0.995902 -0.0135477 -0.0894165 2.04877
-0.0908351 0.0348266 -0.995257 -45.0137 0.0182683 0.999278 0.0333 -0.0235047 0.995698 -0.0151568 -0.0914059 1.9723
-0.0925254 0.0370528 -0.995021 -45.837 0.0195614 0.999182 0.0353888 -0.00454683 0.995517 -0.0161897 -0.0931747 1.89411
-0.0931147 0.0375726 -0.994947 -46.6576 0.019528 0.999164 0.0359043 0.0149863 0.995463 -0.016086 -0.0937707 1.81477
-0.0947097 0.0346533 -0.994902 -47.4722 0.0181309 0.999288 0.0330801 0.0314099 0.995339 -0.0149054 -0.0952707 1.73542
-0.0955826 0.0329554 -0.994876 -48.2844 0.0136118 0.999402 0.0317975 0.0470499 0.995328 -0.0105028 -0.0959741 1.64943
-0.0961151 0.032559 -0.994838 -49.0946 0.012319 0.999427 0.031519 0.064581 0.995293 -0.00922599 -0.0964613 1.56172
-0.0973438 0.0327001 -0.994714 -49.9038 0.0122494 0.999424 0.0316561 0.0837313 0.995175 -0.00910312 -0.0976884 1.47576
-0.0969843 0.0332588 -0.99473 -50.7019 0.0121831 0.999406 0.0322273 0.101091 0.995211 -0.00899333 -0.097332 1.38918
-0.0982818 0.0336118 -0.994591 -51.4985 0.0121066 0.999396 0.0325779 0.115212 0.995084 -0.00883931 -0.0986294 1.30274
-0.0983865 0.034023 -0.994567 -52.2911 0.0124668 0.999379 0.0329543 0.129931 0.99507 -0.00915682 -0.0987497 1.21785
-0.0975734 0.0346776 -0.994624 -53.0842 0.0135238 0.999347 0.0335156 0.144563 0.995136 -0.0101809 -0.0979787 1.13413
-0.0980067 0.0355814 -0.99455 -53.8755 0.0144417 0.999306 0.0343285 0.160421 0.99508 -0.0109985 -0.0984527 1.05583
-0.0970205 0.0383552 -0.994543 -54.6567 0.0140566 0.99921 0.0371639 0.181334 0.995183 -0.0103743 -0.0974831 0.974423
-0.0976208 0.0395276 -0.994439 -55.4427 0.0142616 0.999164 0.0383153 0.198478 0.995121 -0.0104419 -0.098103 0.893307
-0.0973975 0.0399022 -0.994446 -56.2191 0.014471 0.999147 0.0386736 0.215291 0.99514 -0.0106239 -0.097892 0.809392
-0.0957304 0.0395497 -0.994622 -56.9893 0.0151009 0.999153 0.0382765 0.232056 0.995292 -0.0113555 -0.0962467 0.724755
-0.0949408 0.0390045 -0.994719 -57.7567 0.0160744 0.999162 0.0376445 0.245268 0.995352 -0.0124155 -0.0954883 0.643009
-0.0920514 0.0383977 -0.995014 -58.5121 0.0174753 0.999165 0.0369412 0.254929 0.9956 -0.0139876 -0.0926457 0.567566
-0.0897729 0.0382226 -0.995229 -59.2557 0.0184384 0.999156 0.0367102 0.264576 0.995791 -0.0150548 -0.090402 0.494271
-0.0862873 0.0381959 -0.995538 -59.9848 0.0191303 0.999144 0.0366761 0.273792 0.996086 -0.0158802 -0.0869443 0.423616
-0.0805456 0.0388148 -0.995995 -60.704 0.0196692 0.999109 0.0373455 0.285623 0.996556 -0.0165824 -0.0812374 0.36122
-0.0735602 0.0398483 -0.996495 -61.4161 0.0202226 0.999056 0.0384579 0.295541 0.997085 -0.0173228 -0.0742967 0.308048
-0.063691 0.040799 -0.997136 -62.1156 0.020768 0.999002 0.0395488 0.306207 0.997753 -0.0181896 -0.0644749 0.265414
-0.052992 0.0415251 -0.997732 -62.8072 0.0210483 0.998959 0.0404583 0.317396 0.998372 -0.0188566 -0.0538111 0.228858
-0.0395649 0.0424064 -0.998317 -63.483 0.0207168 0.998919 0.041611 0.327413 0.999001 -0.0190356 -0.0404009 0.201988
-0.0228228 0.0433827 -0.998798 -64.1422 0.0201696 0.998875 0.0429252 0.339453 0.999535 -0.0191657 -0.0236723 0.187598
-0.00238049 0.0442624 -0.999017 -64.7849 0.0196126 0.99883 0.0442073 0.350756 0.999804 -0.0194881 -0.00324602 0.182204
0.021987 0.0449322 -0.998748 -65.4117 0.0191222 0.998788 0.045355 0.364093 0.999575 -0.0200955 0.0211009 0.194907
0.0503566 0.0455576 -0.997692 -66.0246 0.019012 0.998734 0.0465648 0.377752 0.99855 -0.0213129 0.0494265 0.227625
0.0817938 0.0456678 -0.995603 -66.6175 0.0185865 0.998706 0.0473371 0.391709 0.996475 -0.0223766 0.0808389 0.276587
0.119097 0.0459601 -0.991819 -67.1899 0.0182772 0.998657 0.0484717 0.406155 0.992714 -0.0239005 0.118097 0.351588
0.158992 0.0465384 -0.986183 -67.7383 0.01772 0.998593 0.0499809 0.421875 0.98712 -0.0254217 0.157943 0.448811
0.201589 0.0468979 -0.978347 -68.2608 0.0167634 0.998542 0.0513201 0.437755 0.979326 -0.026746 0.200508 0.570497
0.248534 0.0472928 -0.967468 -68.7596 0.015291 0.998491 0.0527374 0.454537 0.968502 -0.0279005 0.247435 0.713087
0.296861 0.047351 -0.953746 -69.235 0.0154036 0.998402 0.0543626 0.473057 0.954796 -0.0308293 0.295657 0.883301
0.347191 0.0447922 -0.936724 -69.6865 0.0182132 0.998348 0.0544895 0.49104 0.937617 -0.035979 0.345801 1.07685
0.397971 0.0415061 -0.916459 -70.1141 0.0196408 0.998362 0.0537444 0.510079 0.917187 -0.0393887 0.396503 1.2954
0.44991 0.0396907 -0.892192 -70.516 0.0200147 0.998313 0.0545046 0.529441 0.892849 -0.0423791 0.448356 1.5319
0.499477 0.0394714 -0.865428 -70.8968 0.0183528 0.998255 0.0561218 0.549826 0.866132 -0.0439146 0.497881 1.79317
0.546435 0.0399093 -0.83655 -71.2572 0.0157885 0.998196 0.057934 0.57398 0.837352 -0.044865 0.544819 2.06898
0.590128 0.0377516 -0.806427 -71.5942 0.0183831 0.998019 0.0601731 0.598451 0.8071 -0.0503344 0.588264 2.36128
0.632809 0.0336354 -0.773577 -71.912 0.0232392 0.997781 0.0623942 0.619075 0.773959 -0.0574609 0.630622 2.67714
0.673351 0.0300518 -0.738713 -72.2085 0.0220638 0.997912 0.060708 0.639219 0.738994 -0.0571765 0.67128 3.00242
0.713184 0.0270349 -0.700456 -72.4859 0.0173406 0.99827 0.0561851 0.661298 0.700762 -0.0522166 0.71148 3.33747
0.751336 0.0218714 -0.659558 -72.743 0.0114565 0.998868 0.0461738 0.678465 0.65982 -0.0422482 0.750234 3.68045
0.788237 0.0202546 -0.615039 -72.9874 0.0060881 0.999152 0.0407069 0.696192 0.615342 -0.035831 0.787445 4.04322
0.823143 0.0202871 -0.567472 -73.2232 0.00342231 0.999166 0.0406844 0.71591 0.567824 -0.0354311 0.822386 4.42697
0.855239 0.020371 -0.517833 -73.4408 0.000935744 0.999165 0.0408515 0.731558 0.518233 -0.0354224 0.854505 4.83257
0.88354 0.021206 -0.467876 -73.6452 -0.00248496 0.999173 0.040594 0.756805 0.468349 -0.0347038 0.882861 5.26743
0.907553 0.0215577 -0.419384 -73.8343 -0.00447776 0.999121 0.0416682 0.774871 0.419914 -0.0359382 0.906851 5.72534
0.927352 0.0256502 -0.373312 -74.0169 -0.0107615 0.999063 0.0419127 0.799158 0.374037 -0.0348503 0.926758 6.21077
0.942984 0.0295664 -0.331524 -74.1836 -0.0170031 0.999025 0.040733 0.823336 0.332405 -0.0327736 0.942566 6.71066
0.955187 0.0334486 -0.294108 -74.3392 -0.0222674 0.998899 0.0412851 0.845414 0.295165 -0.0328859 0.954879 7.23394
0.96425 0.0340959 -0.262792 -74.4829 -0.0240637 0.998857 0.0413009 0.867427 0.2639 -0.0335006 0.963967 7.77978
0.970501 0.034804 -0.238574 -74.6126 -0.025786 0.998834 0.0408176 0.888478 0.239716 -0.0334617 0.970265 8.34163
0.975727 0.035385 -0.216117 -74.7354 -0.027248 0.998807 0.0405158 0.907733 0.217293 -0.0336436 0.975526 8.92306
0.979497 0.0372135 -0.197995 -74.8518 -0.0297818 0.99874 0.0403823 0.925345 0.199248 -0.0336577 0.97937 9.52133
0.982469 0.0401745 -0.182051 -74.9679 -0.0333458 0.998626 0.0404181 0.944932 0.183424 -0.0336388 0.982457 10.1378
0.98505 0.0412137 -0.16727 -75.0789 -0.0349798 0.998585 0.0400461 0.964233 0.168683 -0.0335963 0.985097 10.772
0.987124 0.0411345 -0.154584 -75.1822 -0.0354227 0.99859 0.0395249 0.980836 0.155991 -0.0335401 0.987188 11.418
0.989242 0.0414134 -0.140311 -75.2767 -0.0363048 0.998588 0.038776 1.00033 0.141719 -0.0332648 0.989347 12.0762
0.991322 0.041664 -0.124683 -75.3652 -0.0371303 0.998569 0.0384679 1.0213 0.126107 -0.0335046 0.99145 12.7529
0.992966 0.0421631 -0.11064 -75.4459 -0.0381752 0.998551 0.0379189 1.04443 0.112078 -0.0334285 0.993136 13.4401
0.994358 0.0430628 -0.0969459 -75.5175 -0.0396759 0.998542 0.0365968 1.06454 0.0983804 -0.0325439 0.994616 14.1394
0.995256 0.0445613 -0.0864931 -75.5845 -0.0417129 0.998535 0.0344657 1.08475 0.0879022 -0.0306943 0.995655 14.8444
0.996132 0.0434977 -0.0763561 -75.6449 -0.0413911 0.998723 0.02896 1.10021 0.0775183 -0.0256875 0.996659 15.5644
0.99675 0.0439914 -0.0674863 -75.7017 -0.0421139 0.998692 0.0289966 1.11668 0.0686736 -0.0260602 0.997298 16.2982
0.997179 0.0441875 -0.06068 -75.7547 -0.0422091 0.998546 0.0335085 1.13649 0.0620724 -0.0308527 0.997594 17.0455
0.997357 0.0476324 -0.0548788 -75.806 -0.045438 0.998143 0.0405636 1.16367 0.056709 -0.0379627 0.997668 17.7994
0.997613 0.0475736 -0.0500654 -75.8543 -0.0454956 0.998087 0.0418567 1.19091 0.0519609 -0.039479 0.997868 18.5656
0.997777 0.0472128 -0.0470445 -75.8987 -0.045268 0.998109 0.04158 1.21503 0.0489187 -0.0393579 0.998026 19.3347
0.997922 0.0474534 -0.0436035 -75.9397 -0.045646 0.998093 0.041551 1.23947 0.0454921 -0.0394743 0.998184 20.1128
0.998053 0.0468897 -0.0411384 -75.9773 -0.0451361 0.998073 0.0425674 1.26207 0.0430551 -0.0406276 0.998246 20.8929
0.998184 0.0460926 -0.0387988 -76.0136 -0.0444026 0.998072 0.043348 1.28675 0.0407221 -0.0415464 0.998306 21.6793
0.998361 0.0451189 -0.0352359 -76.0485 -0.0435583 0.998087 0.0438675 1.31132 0.0371477 -0.0422607 0.998415 22.4688
0.99842 0.0454256 -0.0330842 -76.0822 -0.0440447 0.998174 0.0413344 1.33423 0.0349014 -0.0398119 0.998597 23.2494
0.998256 0.0498246 -0.0316876 -76.1191 -0.0487169 0.998205 0.0348181 1.35039 0.0333656 -0.0332136 0.998891 24.0303
0.998262 0.0508497 -0.0297961 -76.1563 -0.0499786 0.99832 0.0292865 1.36617 0.0312353 -0.0277465 0.999126 24.8002
0.998223 0.0520909 -0.028962 -76.1933 -0.0513223 0.998325 0.0266772 1.37908 0.0303032 -0.0251433 0.999224 25.5615
0.998262 0.0528978 -0.0259928 -76.2271 -0.0521453 0.998223 0.0288213 1.39086 0.0274712 -0.0274158 0.999246 26.3239
0.998286 0.0533395 -0.0241031 -76.2564 -0.052612 0.998168 0.0298738 1.41065 0.0256524 -0.0285545 0.999262 27.0831
0.998184 0.0562277 -0.0216306 -76.288 -0.0554661 0.99787 0.0343324 1.42456 0.023515 -0.0330703 0.999176 27.8197
0.998319 0.0548962 -0.0186198 -76.311 -0.0541993 0.997878 0.0360669 1.43771 0.0205603 -0.034997 0.999175 28.5727
0.998464 0.0525932 -0.017474 -76.332 -0.0519233 0.997972 0.0368032 1.45148 0.0193743 -0.0358393 0.999169 29.3241
0.998577 0.0510534 -0.0154275 -76.3502 -0.0504611 0.998054 0.0366111 1.46763 0.0172667 -0.0357805 0.99921 30.0803
0.99859 0.0509514 -0.0149077 -76.3695 -0.0503751 0.998053 0.0367702 1.49645 0.0167522 -0.0359673 0.999212 30.8406
0.998628 0.050505 -0.013864 -76.3886 -0.0499662 0.998073 0.0367885 1.52366 0.0156953 -0.0360453 0.999226 31.5977
0.998688 0.049686 -0.0124536 -76.4041 -0.0491938 0.998098 0.0371241 1.54644 0.0142745 -0.0364627 0.999232 32.3557
0.998699 0.049409 -0.0126291 -76.4168 -0.0489138 0.998121 0.0368941 1.56001 0.0144283 -0.0362283 0.999239 33.1227
0.99869 0.0495144 -0.0129784 -76.4292 -0.0490003 0.998101 0.0373189 1.57739 0.0148017 -0.036634 0.999218 33.8843
0.998753 0.0479054 -0.0140987 -76.4452 -0.0473592 0.998199 0.0368137 1.58287 0.015837 -0.0361 0.999222 34.643
0.998739 0.0471556 -0.0172749 -76.4616 -0.046489 0.998227 0.037149 1.59426 0.0189961 -0.036299 0.99916 35.4146
0.998722 0.0465797 -0.0196393 -76.4834 -0.0458221 0.998249 0.0374034 1.61514 0.0213472 -0.0364557 0.999107 36.189
0.998516 0.0491595 -0.0234708 -76.5224 -0.0482432 0.998107 0.0381248 1.64327 0.0253006 -0.0369359 0.998997 36.9712
0.998432 0.0493557 -0.026419 -76.5564 -0.0483708 0.998154 0.0367028 1.6654 0.0281818 -0.0353673 0.998976 37.7586
0.998356 0.0497455 -0.028501 -76.5848 -0.0486884 0.998141 0.0366548 1.68853 0.0302714 -0.0352068 0.998921 38.5467
0.998219 0.0500794 -0.0324319 -76.6214 -0.0488729 0.99812 0.0369828 1.71688 0.034223 -0.0353319 0.998789 39.3433
0.998181 0.049546 -0.034372 -76.6481 -0.0482441 0.998122 0.0377263 1.74585 0.0361767 -0.0359994 0.998696 40.1466
0.998066 0.0495516 -0.0375525 -76.6753 -0.0481166 0.99811 0.038197 1.76873 0.0393743 -0.0363162 0.998564 40.9683
0.997982 0.0496878 -0.0395487 -76.7097 -0.0481519 0.998082 0.0388843 1.78796 0.041405 -0.0369015 0.99846 41.7927
0.997997 0.0489591 -0.0400729 -76.7351 -0.0473245 0.998047 0.0407707 1.81296 0.0419907 -0.0387926 0.998364 42.6068
0.997937 0.0478925 -0.0427631 -76.7718 -0.0459014 0.997868 0.0463864 1.83173 0.0448935 -0.0443278 0.998007 43.4363
0.997993 0.047413 -0.0419825 -76.809 -0.0453549 0.997783 0.0486878 1.85518 0.0441979 -0.046686 0.997931 44.2787
0.998005 0.0493879 -0.0393409 -76.8456 -0.0474489 0.997681 0.0487825 1.88476 0.0416589 -0.0468184 0.998034 45.1209
0.99801 0.0499713 -0.0384627 -76.8867 -0.048093 0.997674 0.0483002 1.93115 0.0407868 -0.0463542 0.998091 45.9726
0.998146 0.0494273 -0.0355193 -76.9208 -0.0477218 0.997737 0.0473599 1.96752 0.0377798 -0.0455771 0.998245 46.8263
0.998317 0.0466808 -0.034431 -76.9545 -0.0450111 0.997843 0.0477708 1.99258 0.0365867 -0.0461406 0.998264 47.695
0.998384 0.0463566 -0.0328786 -76.9776 -0.0447554 0.99785 0.0478696 2.02291 0.035027 -0.0463207 0.998312 48.568
0.99852 0.044742 -0.030931 -77.0067 -0.043178 0.997839 0.049507 2.05561 0.0330792 -0.0480982 0.998294 49.4461
0.998626 0.0422947 -0.0309677 -77.027 -0.0406505 0.997823 0.051926 2.09377 0.0330965 -0.0505957 0.99817 50.3286
0.998765 0.0401781 -0.0292528 -77.0474 -0.0385739 0.997823 0.0534787 2.13177 0.0313378 -0.0522842 0.99814 51.2109
0.998684 0.0420331 -0.029404 -77.0794 -0.0404587 0.997815 0.0522304 2.16734 0.0315352 -0.050972 0.998201 52.0745
0.998585 0.0448059 -0.0286781 -77.1121 -0.0433933 0.997898 0.0481155 2.2038 0.0307737 -0.0468029 0.998429 52.9278
0.998629 0.0452848 -0.0262833 -77.1366 -0.0440886 0.998038 0.0444345 2.23714 0.028244 -0.0432148 0.998666 53.7829
0.998421 0.0495063 -0.0265568 -77.1613 -0.0484263 0.99803 0.0398771 2.2624 0.0284787 -0.038528 0.998851 54.6372
0.998488 0.0489048 -0.0251316 -77.182 -0.047886 0.998065 0.0396553 2.29068 0.0270224 -0.0383918 0.998897 55.4951
0.998653 0.045271 -0.025366 -77.2064 -0.0440854 0.997991 0.0454961 2.32258 0.0273747 -0.0443165 0.998642 56.3503
0.998777 0.0422828 -0.0256368 -77.2307 -0.0408233 0.997651 0.0550022 2.3653 0.0279022 -0.0538884 0.998156 57.2167
0.998894 0.0388713 -0.026462 -77.2561 -0.03719 0.997425 0.0613109 2.40903 0.0287771 -0.060259 0.997767 58.0831
0.998814 0.0379992 -0.0304546 -77.2865 -0.0360919 0.99749 0.0609031 2.44771 0.0326925 -0.0597316 0.997678 58.9378
0.998858 0.034707 -0.0328379 -77.3202 -0.0327101 0.997691 0.0595068 2.48769 0.0348274 -0.0583647 0.997687 59.795
0.998706 0.035563 -0.0363536 -77.362 -0.0333532 0.997659 0.0596843 2.52939 0.0383911 -0.0583946 0.997554 60.6412
0.998533 0.0371967 -0.0393654 -77.3985 -0.0348216 0.997627 0.0593899 2.57107 0.0414811 -0.0579319 0.997458 61.4763
0.998317 0.0388634 -0.0430621 -77.4475 -0.0363164 0.99763 0.058428 2.61491 0.0452308 -0.0567657 0.997362 62.3141
0.997999 0.03993 -0.0490436 -77.4937 -0.0370839 0.997648 0.0576316 2.6556 0.0512295 -0.0556975 0.997132 63.1392
0.997784 0.0418443 -0.0517475 -77.5404 -0.0388772 0.997612 0.0570725 2.68955 0.0540121 -0.0549342 0.997027 63.96
0.997424 0.0451833 -0.0557304 -77.5952 -0.0419349 0.997427 0.0581398 2.71411 0.058214 -0.0556529 0.996751 64.7664
0.997126 0.0470346 -0.0593984 -77.6424 -0.0435019 0.997284 0.0594295 2.74058 0.0620323 -0.0566747 0.996463 65.5813
0.996836 0.0488388 -0.0627254 -77.6937 -0.044843 0.996967 0.0636042 2.77306 0.0656415 -0.0605901 0.996001 66.4068
0.996513 0.0482352 -0.0680832 -77.7571 -0.0434397 0.996583 0.07024 2.82655 0.0712386 -0.0670375 0.995203 67.2172
0.996303 0.0471279 -0.071837 -77.8039 -0.0418218 0.996406 0.0736585 2.87513 0.0750501 -0.0703818 0.994692 68.0305
0.995688 0.048318 -0.0791967 -77.8653 -0.0424286 0.996323 0.0744307 2.92368 0.0825019 -0.0707495 0.994076 68.8279
0.995379 0.044777 -0.0849513 -77.9249 -0.0383042 0.996344 0.0763521 2.97908 0.0880595 -0.0727452 0.993455 69.6182
0.994804 0.0462032 -0.090725 -77.9828 -0.0392517 0.99626 0.0769652 3.03257 0.0939417 -0.0730041 0.992897 70.4083
0.994044 0.0490989 -0.0972935 -78.0579 -0.0416637 0.996157 0.0770314 3.08513 0.100702 -0.0725189 0.99227 71.1929
0.993396 0.0500705 -0.10324 -78.1404 -0.0423255 0.996217 0.0758924 3.14258 0.10665 -0.0710214 0.991756 71.9749
0.992809 0.049871 -0.108826 -78.2269 -0.0417641 0.996267 0.0755436 3.19919 0.112187 -0.0704553 0.991186 72.7645
0.992003 0.0513786 -0.115289 -78.3191 -0.0427391 0.996176 0.0761978 3.25122 0.118763 -0.0706609 0.990405 73.5537
0.991508 0.0526192 -0.118926 -78.4128 -0.0433194 0.995895 0.0794751 3.30402 0.12262 -0.0736483 0.989717 74.3374
0.990642 0.0534676 -0.12558 -78.5156 -0.0431902 0.995597 0.0831832 3.36305 0.129475 -0.0769808 0.988589 75.1153
0.989919 0.0515726 -0.131912 -78.6246 -0.0406899 0.995642 0.0839051 3.42376 0.135665 -0.0776917 0.987703 75.8903
0.989035 0.0505865 -0.138749 -78.743 -0.0394929 0.995884 0.0815751 3.48281 0.142304 -0.075201 0.986962 76.6638
0.987659 0.0512695 -0.147994 -78.8702 -0.0403508 0.996301 0.0758622 3.53545 0.151336 -0.0689542 0.986074 77.4355
0.986469 0.0487931 -0.156521 -79.0088 -0.0375279 0.996541 0.0741391 3.58697 0.159597 -0.067262 0.984888 78.1988
0.9847 0.0481889 -0.167463 -79.1463 -0.0356997 0.996406 0.0768066 3.62782 0.170563 -0.069653 0.982881 78.9481
0.98284 0.0484449 -0.177988 -79.2986 -0.0339638 0.995926 0.0835263 3.67629 0.181309 -0.0760477 0.980481 79.7018
0.980848 0.0490039 -0.188511 -79.4538 -0.0321319 0.995282 0.0915397 3.74273 0.192107 -0.0837293 0.977795 80.4473
0.978602 0.0463476 -0.200476 -79.6191 -0.0276799 0.995098 0.094938 3.79647 0.203894 -0.0873572 0.975087 81.1925
0.976112 0.0486533 -0.211752 -79.7952 -0.0296882 0.995331 0.091839 3.85236 0.215231 -0.0833586 0.972998 81.9332
0.973361 0.0485018 -0.224093 -79.9812 -0.0301754 0.995966 0.0844945 3.90627 0.227288 -0.0754814 0.970898 82.6752
0.970735 0.0464115 -0.235626 -80.1764 -0.0279019 0.996299 0.0812917 3.96613 0.238527 -0.0723382 0.968437 83.4193
0.9683 0.0449855 -0.245709 -80.3812 -0.0248398 0.996115 0.0844834 4.03292 0.248555 -0.0757018 0.965654 84.1664
0.965183 0.0452544 -0.257633 -80.5892 -0.0220955 0.995505 0.0920878 4.09778 0.260642 -0.0831889 0.961844 84.9035
0.961989 0.0451172 -0.269337 -80.8001 -0.0194492 0.995072 0.0972198 4.15786 0.272396 -0.0882859 0.958126 85.6295
0.958762 0.0451349 -0.280604 -81.012 -0.0181436 0.995015 0.0980548 4.21344 0.283631 -0.0889199 0.954801 86.3322
0.954797 0.0434691 -0.294064 -81.2387 -0.015989 0.995328 0.0952167 4.26146 0.296829 -0.0862108 0.951031 87.0265
0.95223 0.0416156 -0.302533 -81.4644 -0.0142431 0.995645 0.0921279 4.31369 0.305049 -0.0834179 0.948676 87.7163
0.949149 0.0397515 -0.312308 -81.6934 -0.012685 0.996019 0.088225 4.36071 0.314571 -0.079777 0.945875 88.4043
0.946519 0.0397669 -0.320189 -81.9358 -0.0127467 0.996209 0.0860466 4.40077 0.322397 -0.0773633 0.943438 89.0892
0.943795 0.0420271 -0.32785 -82.1901 -0.0145318 0.9962 0.0858697 4.44655 0.330213 -0.076279 0.940819 89.7605
0.940639 0.0444185 -0.336492 -82.4425 -0.0153413 0.99595 0.0885848 4.49432 0.339063 -0.0781639 0.93751 90.441
0.93773 0.0459784 -0.344309 -82.6941 -0.0143009 0.99547 0.0939846 4.55364 0.347071 -0.0832082 0.93414 91.122
0.934804 0.0484883 -0.351839 -82.9503 -0.013218 0.9947 0.101965 4.61544 0.354918 -0.0906662 0.93049 91.8109
0.932329 0.054532 -0.357476 -83.2198 -0.0171198 0.994111 0.106999 4.68961 0.361205 -0.0936383 0.927772 92.5044
0.930144 0.0601957 -0.362228 -83.5021 -0.0231132 0.994113 0.105853 4.7583 0.366467 -0.0900858 0.926059 93.1924
0.927425 0.0603951 -0.369101 -83.793 -0.0255407 0.994799 0.0986014 4.82232 0.373136 -0.0820182 0.924144 93.8877
0.926022 0.0565739 -0.373208 -84.0765 -0.0230709 0.995339 0.0936372 4.87603 0.376765 -0.0780997 0.92301 94.5831
0.924015 0.0582146 -0.377899 -84.3676 -0.0245358 0.995332 0.0933358 4.93721 0.381568 -0.0769716 0.92113 95.2796
0.921892 0.0622836 -0.382408 -84.6696 -0.0272061 0.994964 0.0964646 5.00509 0.386491 -0.078526 0.918944 95.9861
0.920171 0.0627699 -0.386454 -84.9747 -0.0256393 0.994606 0.1005 5.07287 0.390677 -0.0825691 0.916817 96.7008
0.917871 0.0613638 -0.392106 -85.2854 -0.0233575 0.994614 0.100978 5.14606 0.39619 -0.083526 0.914361 97.4153
0.916118 0.0610872 -0.396228 -85.6015 -0.0248687 0.995079 0.0959145 5.21745 0.400137 -0.0780153 0.913128 98.1255
0.913783 0.058726 -0.401935 -85.9219 -0.0239432 0.99556 0.0910254 5.27813 0.405496 -0.0735538 0.911132 98.8315
0.911678 0.0588133 -0.406674 -86.248 -0.0234396 0.995535 0.0914276 5.33946 0.410236 -0.0738202 0.908987 99.5371
0.910257 0.0599129 -0.409687 -86.5765 -0.0229892 0.995262 0.0944695 5.40184 0.413406 -0.076573 0.907321 100.241
0.907997 0.061239 -0.414478 -86.9106 -0.0231751 0.995087 0.0962541 5.46512 0.418336 -0.0777927 0.904954 100.943
0.906128 0.0607405 -0.41862 -87.2471 -0.0218535 0.995037 0.0970737 5.5277 0.422438 -0.0788128 0.902958 101.649
0.903939 0.0597388 -0.423468 -87.5763 -0.0200993 0.995036 0.0974658 5.59193 0.427188 -0.0795916 0.900652 102.348
0.902008 0.0588098 -0.427696 -87.906 -0.0185108 0.995035 0.0977821 5.65501 0.431322 -0.0802831 0.898618 103.034
0.900335 0.0574554 -0.43139 -88.2312 -0.0164143 0.995024 0.0982665 5.7194 0.434889 -0.0813916 0.896798 103.702
0.898024 0.057705 -0.436146 -88.5644 -0.0158919 0.994968 0.0989193 5.78347 0.439659 -0.0819006 0.894422 104.372
0.896016 0.0578006 -0.440245 -88.8939 -0.0153686 0.994934 0.0993476 5.84845 0.443756 -0.082251 0.892364 105.036
0.893465 0.0563267 -0.445588 -89.229 -0.0143562 0.995179 0.0970143 5.90954 0.448904 -0.0802818 0.889966 105.7
0.891583 0.0528651 -0.449763 -89.568 -0.0119306 0.99556 0.0933676 5.96695 0.452701 -0.0778789 0.888254 106.362
0.890047 0.0526565 -0.452819 -89.9083 -0.0114132 0.995569 0.0933373 6.02519 0.455727 -0.0779063 0.886703 107.018
0.887927 0.0538788 -0.45682 -90.2515 -0.0111123 0.995339 0.0957944 6.08514 0.459851 -0.079982 0.884386 107.673
0.886377 0.0554663 -0.459631 -90.5961 -0.00878588 0.994633 0.103085 6.15028 0.462882 -0.0873337 0.882107 108.324
0.885671 0.0565665 -0.460856 -90.9383 -0.00626061 0.993915 0.109964 6.21908 0.464271 -0.0945065 0.880636 108.974
0.884207 0.0558083 -0.463751 -91.2772 -0.0030983 0.993515 0.113653 6.29229 0.467086 -0.0990562 0.878645 109.621
0.883122 0.0542704 -0.465994 -91.6127 -0.000780341 0.993455 0.114221 6.36448 0.469142 -0.100507 0.877384 110.258
0.881476 0.0536802 -0.469169 -91.9491 -0.000565592 0.993637 0.112625 6.43531 0.472229 -0.0990106 0.875897 110.888
0.880267 0.0526847 -0.471546 -92.2826 0.000131547 0.993789 0.111279 6.50527 0.474479 -0.0980173 0.874792 111.512
0.87886 0.0525327 -0.47418 -92.6159 0.000849769 0.993745 0.111668 6.57453 0.47708 -0.0985437 0.873317 112.128
0.877769 0.0522745 -0.476224 -92.945 0.00137334 0.99375 0.111614 6.64205 0.479082 -0.0986253 0.872212 112.734
0.876698 0.0518412 -0.47824 -93.2698 0.00264482 0.993641 0.112559 6.70965 0.481033 -0.0999453 0.870986 113.327
0.875613 0.0516738 -0.480242 -93.5886 0.00350601 0.993554 0.113298 6.77482 0.483001 -0.100889 0.869788 113.903
0.874354 0.0510981 -0.482591 -93.901 0.00499492 0.99344 0.114238 6.83796 0.485262 -0.102295 0.868364 114.463
0.873122 0.0509718 -0.48483 -94.2059 0.00576982 0.993368 0.114827 6.89915 0.487468 -0.103055 0.867037 115.008
0.872062 0.0509577 -0.486736 -94.501 0.00619758 0.993334 0.115099 6.959 0.489356 -0.10339 0.865933 115.534
0.870838 0.0523839 -0.488772 -94.7879 0.003414 0.993637 0.112575 7.012 0.491558 -0.0997035 0.865118 116.043
0.869686 0.0504849 -0.491018 -95.066 0.00405096 0.993992 0.109374 7.06175 0.493589 -0.0971101 0.864256 116.536
0.867764 0.0471592 -0.494734 -95.3334 0.00800418 0.994032 0.108793 7.11026 0.496911 -0.0983664 0.862208 117.012
0.865152 0.046878 -0.499314 -95.5955 0.00934033 0.993942 0.1095 7.15476 0.501422 -0.0993978 0.859474 117.47
0.862115 0.0469988 -0.504529 -95.8504 0.0103778 0.993842 0.110313 7.19896 0.506606 -0.100339 0.856319 117.908
0.858413 0.0506722 -0.510451 -96.1007 0.00767087 0.993729 0.111547 7.23964 0.512902 -0.0996689 0.852641 118.328
0.854314 0.0561582 -0.516715 -96.3457 0.00489253 0.993232 0.116037 7.28256 0.519734 -0.10166 0.848258 118.726
0.85062 0.0606555 -0.52227 -96.5854 0.00460552 0.992425 0.12276 7.32651 0.52576 -0.106827 0.843898 119.11
0.846454 0.0609483 -0.528962 -96.82 0.00694909 0.992078 0.12543 7.36876 0.532416 -0.109846 0.839325 119.479
0.84128 0.0606393 -0.537188 -97.0477 0.00937742 0.991902 0.126655 7.40873 0.540518 -0.111589 0.833899 119.832
0.835103 0.0588297 -0.546939 -97.2689 0.0135316 0.991767 0.127337 7.44807 0.549927 -0.113741 0.827431 120.17
0.826625 0.0585323 -0.559702 -97.4865 0.0164686 0.991634 0.128025 7.4868 0.562512 -0.115046 0.818745 120.491
0.816336 0.0592385 -0.574532 -97.7002 0.0184176 0.99155 0.128405 7.52316 0.577284 -0.115403 0.808347 120.795
0.804255 0.0599364 -0.591254 -97.9106 0.0201735 0.991574 0.127959 7.55783 0.593941 -0.114839 0.79627 121.08
0.790838 0.0598966 -0.609088 -98.1169 0.0226639 0.99165 0.126944 7.58915 0.611606 -0.114196 0.782877 121.349
0.776788 0.0584932 -0.627041 -98.3206 0.0234275 0.992303 0.121589 7.61886 0.629326 -0.109139 0.769439 121.6
0.761978 0.0551911 -0.645248 -98.5194 0.0258541 0.992974 0.115465 7.64477 0.647087 -0.104664 0.755198 121.833
0.747051 0.0555497 -0.662443 -98.7166 0.0242943 0.993555 0.110713 7.669 0.664323 -0.0988015 0.740887 122.049
0.731296 0.0586091 -0.679538 -98.9104 0.0202018 0.994002 0.107472 7.69267 0.681761 -0.0923214 0.725726 122.249
0.715224 0.0592858 -0.696377 -99.1031 0.0221517 0.993971 0.107373 7.71565 0.698544 -0.0922213 0.709599 122.434
0.697528 0.0590817 -0.714118 -99.2943 0.0257945 0.993878 0.107423 7.73706 0.716093 -0.0933504 0.691734 122.607
0.678734 0.059362 -0.731982 -99.4846 0.0287806 0.993811 0.107283 7.75791 0.73382 -0.0938832 0.672825 122.77
0.657655 0.0599145 -0.750933 -99.6751 0.0317775 0.993738 0.107117 7.77897 0.752648 -0.094309 0.651633 122.921
0.634729 0.0622109 -0.770227 -99.868 0.033083 0.993652 0.10752 7.80085 0.772026 -0.0937274 0.628642 123.061
0.611809 0.0649379 -0.788336 -100.063 0.0344095 0.993496 0.108542 7.82266 0.790256 -0.0935332 0.605596 123.191
0.587755 0.0654143 -0.80639 -100.26 0.0377242 0.993425 0.108083 7.84513 0.808159 -0.0939465 0.581424 123.313
0.563302 0.0657893 -0.823628 -100.459 0.0404582 0.993432 0.107023 7.86827 0.82526 -0.0936089 0.556941 123.427
0.536813 0.0699583 -0.840797 -100.659 0.0392346 0.993408 0.107706 7.88899 0.842789 -0.0908061 0.530529 123.531
0.510375 0.0703116 -0.857073 -100.861 0.0425487 0.993366 0.10683 7.91006 0.858898 -0.0909906 0.503998 123.628
0.481868 0.0701924 -0.873428 -101.066 0.046209 0.993363 0.105324 7.92915 0.875024 -0.0911126 0.475427 123.716
0.450335 0.069421 -0.890157 -101.272 0.0492562 0.993522 0.102401 7.9479 0.8915 -0.0899604 0.443998 123.797
0.416459 0.0649998 -0.906828 -101.491 0.0526802 0.994039 0.0954442 7.96503 0.907627 -0.0875204 0.410552 123.874
0.378802 0.0651339 -0.923183 -101.716 0.056658 0.994017 0.0933795 7.98238 0.923742 -0.087678 0.372845 123.946
0.337858 0.0653676 -0.938925 -101.958 0.060892 0.993977 0.0911114 8.00022 0.939225 -0.0879556 0.331843 124.012
0.294836 0.0654817 -0.953302 -102.212 0.0651701 0.993948 0.0884293 8.01747 0.953323 -0.0881988 0.288784 124.068
0.248627 0.0654859 -0.966384 -102.484 0.0692046 0.99396 0.0851593 8.03904 0.966124 -0.088051 0.242593 124.116
0.199529 0.065643 -0.977691 -102.777 0.0736609 0.993925 0.0817659 8.06011 0.977119 -0.0883323 0.193482 124.15
0.149246 0.0657157 -0.986614 -103.085 0.0780279 0.993894 0.0780039 8.07987 0.985716 -0.0886251 0.143207 124.173
0.0979948 0.0661685 -0.992985 -103.401 0.0823317 0.993827 0.0743497 8.09899 0.991775 -0.08904 0.0919423 124.178
0.0455683 0.0669476 -0.996716 -103.734 0.0872018 0.993676 0.0707302 8.11898 0.995148 -0.0901384 0.0394423 124.169
-0.00723543 0.0676821 -0.997681 -104.077 0.0916564 0.993551 0.0667372 8.13652 0.995764 -0.0909609 -0.0133921 124.145
-0.0614924 0.0685506 -0.995751 -104.435 0.0964914 0.993374 0.0624282 8.15148 0.993432 -0.0922425 -0.0676993 124.105
-0.114957 0.0692218 -0.990956 -104.801 0.100406 0.993269 0.0577356 8.16559 0.988283 -0.092861 -0.121134 124.042
-0.165992 0.0697362 -0.983659 -105.176 0.103891 0.993181 0.0528798 8.17971 0.980639 -0.0934154 -0.172105 123.954
-0.215946 0.0701899 -0.97388 -105.563 0.107032 0.993103 0.0478423 8.19578 0.970521 -0.0939053 -0.221969 123.848
-0.264469 0.0707862 -0.961793 -105.96 0.110331 0.992975 0.042743 8.20943 0.958062 -0.0948109 -0.270421 123.72
-0.311296 0.0713664 -0.94763 -106.364 0.113219 0.992859 0.0375803 8.22173 0.943544 -0.0955907 -0.317153 123.566
-0.356413 0.0723312 -0.931525 -106.786 0.116552 0.992653 0.0324833 8.22949 0.92703 -0.0969937 -0.362225 123.393
-0.398557 0.0731476 -0.914223 -107.212 0.119098 0.992501 0.0274901 8.23605 0.909378 -0.0979252 -0.404279 123.193
-0.439294 0.0737446 -0.895312 -107.649 0.120988 0.992401 0.0223776 8.23973 0.890159 -0.0984914 -0.444878 122.97
-0.474914 0.074412 -0.876881 -108.087 0.122484 0.992309 0.0178705 8.2404 0.871467 -0.0989169 -0.480376 122.719
-0.504023 0.0746134 -0.860462 -108.536 0.122969 0.992311 0.0140166 8.24327 0.854892 -0.0987449 -0.509323 122.443
-0.527757 0.0744195 -0.846129 -108.99 0.12284 0.992369 0.0106624 8.24143 0.840466 -0.0983114 -0.532871 122.143
-0.545902 0.0741235 -0.834564 -109.456 0.122238 0.992466 0.00819001 8.24401 0.828884 -0.0975444 -0.55085 121.824
-0.561163 0.0740718 -0.824385 -109.934 0.121895 0.992523 0.00620469 8.24717 0.818681 -0.0970064 -0.565996 121.486
-0.573096 0.074616 -0.816085 -110.422 0.121746 0.992547 0.00525436 8.24907 0.810395 -0.0963434 -0.577909 121.133
-0.584424 0.0752516 -0.807952 -110.92 0.122072 0.992512 0.00414198 8.25062 0.802214 -0.0962072 -0.589234 120.769
