1 0 0 0 0 1 0 0 0 0 1 0
0.999997 0.00253422 -0.000244836 -0.0106539 -0.00253396 0.999996 0.00108892 -0.0155784 0.000247595 -0.0010883 0.999999 0.778014
0.999991 0.00426954 0.000167742 -0.0141035 -0.00426987 0.999989 0.0020418 -0.0200833 -0.000159022 -0.0020425 0.999998 1.54294
0.999986 0.00513993 0.00110179 -0.0327046 -0.00514128 0.999986 0.00122813 -0.0387302 -0.00109546 -0.00123377 0.999999 2.31144
0.999976 0.0068149 0.00107829 -0.0353705 -0.00681625 0.999976 0.00124791 -0.0462227 -0.00106976 -0.00125523 0.999999 3.04948
0.999976 0.00681749 0.000910772 -0.0435126 -0.00681861 0.999976 0.0012303 -0.0622759 -0.000902363 -0.00123649 0.999999 3.76998
0.999974 0.00691077 0.00181005 -0.0396743 -0.00691465 0.999974 0.00214611 -0.0798382 -0.00179517 -0.00215857 0.999996 4.47214
0.999971 0.00738857 0.00176675 -0.043602 -0.00739591 0.999964 0.00418102 -0.0908724 -0.0017358 -0.00419396 0.99999 5.16939
0.999974 0.00648563 0.00319672 -0.0517266 -0.00650952 0.999951 0.00752166 -0.102733 -0.00314778 -0.00754228 0.999967 5.83861
0.999969 0.00670664 0.00409184 -0.0493723 -0.00673875 0.999946 0.00788565 -0.103987 -0.00403874 -0.00791298 0.99996 6.46831
0.999969 0.00587361 0.00517189 -0.0446063 -0.00592368 0.999935 0.00971958 -0.11997 -0.00511446 -0.00974992 0.999939 7.08126
0.999958 0.00599355 0.00694576 -0.0452522 -0.00605793 0.999938 0.00928458 -0.127828 -0.00688969 -0.00932627 0.999933 7.67149
0.999955 0.00646585 0.00687384 -0.0482563 -0.00652914 0.999936 0.00922504 -0.123837 -0.00681375 -0.00926951 0.999934 8.21726
0.99995 0.00571312 0.00824536 -0.0415395 -0.00576638 0.999963 0.0064496 -0.126341 -0.0082082 -0.00649682 0.999945 8.75202
0.999942 0.00479088 0.00962086 -0.0324626 -0.00484302 0.999974 0.00540324 -0.122491 -0.00959472 -0.00544952 0.999939 9.26733
0.99993 0.00161387 0.0116987 -0.0224161 -0.001655 0.999992 0.00350749 -0.132161 -0.011693 -0.0035266 0.999925 9.74474
0.999906 -3.59152e-05 0.0136791 -0.0179451 -7.51879e-06 0.999995 0.00317511 -0.150322 -0.0136791 -0.00317492 0.999901 10.1905
0.999871 0.00375851 0.0156389 -0.0214628 -0.00377484 0.999992 0.00101478 -0.138302 -0.0156349 -0.00107368 0.999877 10.6131
0.999823 0.00357276 0.0184729 -0.0221559 -0.00359456 0.999993 0.00114701 -0.137702 -0.0184687 -0.00121321 0.999829 10.9934
0.999753 0.00480655 0.021714 -0.020716 -0.00483898 0.999987 0.00144125 -0.134195 -0.0217068 -0.00154597 0.999763 11.3593
0.999688 0.00097424 0.0249714 -0.00745309 -0.00102807 0.999997 0.00214311 -0.147245 -0.0249692 -0.00216811 0.999686 11.6837
0.999612 -0.00320372 0.02767 0.00268048 0.00314008 0.999992 0.00234329 -0.15994 -0.0276773 -0.00225549 0.999614 11.9799
0.99953 -0.00629868 0.0300165 0.0176228 0.00620017 0.999975 0.00337398 -0.162791 -0.030037 -0.00318629 0.999544 12.2411
0.999464 -0.00721232 0.0319255 0.0294369 0.00708773 0.999967 0.00401394 -0.165252 -0.0319534 -0.00378551 0.999482 12.4836
0.999391 -0.00610513 0.0343545 0.0336869 0.00599361 0.999977 0.00334854 -0.170665 -0.0343741 -0.00314059 0.999404 12.6957
0.999312 -0.00478274 0.0367863 0.0339375 0.00466238 0.999984 0.0033572 -0.179701 -0.0368018 -0.00318338 0.999317 12.8761
0.999217 -0.00318898 0.0394308 0.0327937 0.00308833 0.999992 0.00261337 -0.182541 -0.0394388 -0.00248955 0.999219 13.058
0.99915 -0.000789774 0.0412228 0.0363448 0.000701619 0.999998 0.00215299 -0.18787 -0.0412244 -0.00212223 0.999148 13.2261
0.999123 -6.04774e-05 0.0418616 0.039561 1.11362e-05 0.999999 0.00117896 -0.194333 -0.0418616 -0.00117746 0.999123 13.3873
0.999028 -0.000219555 0.0440842 0.044705 0.000223844 1 -9.22928e-05 -0.199576 -0.0440841 0.000102072 0.999028 13.543
0.998967 -0.00142135 0.045422 0.063311 0.0014638 0.999999 -0.000901212 -0.204687 -0.0454206 0.000966771 0.998967 13.6905
0.998888 -0.00211753 0.0470979 0.0709966 0.00219529 0.999996 -0.00159939 -0.208296 -0.0470944 0.001701 0.998889 13.8302
0.998837 -0.00156823 0.0481944 0.0816757 0.00169039 0.999996 -0.00249418 -0.21339 -0.0481903 0.00257275 0.998835 13.9673
0.998761 -0.001011 0.0497551 0.0857837 0.00122503 0.99999 -0.00427129 -0.211118 -0.0497503 0.00432695 0.998752 14.0937
0.998706 -0.000426289 0.0508649 0.0898566 0.000735271 0.999982 -0.00605596 -0.209331 -0.0508613 0.00608552 0.998687 14.2234
0.998655 -0.00123019 0.0518379 0.0989731 0.00162506 0.99997 -0.00757608 -0.2152 -0.051827 0.00765013 0.998627 14.3513
0.998661 -0.0022092 0.0516924 0.10905 0.0026925 0.999953 -0.00928165 -0.22135 -0.0516695 0.0094084 0.99862 14.482
0.998744 -0.00217483 0.0500512 0.113925 0.00266855 0.999949 -0.00979957 -0.228689 -0.0500273 0.00992082 0.998699 14.612
0.998894 -0.00228503 0.0469565 0.111126 0.00278431 0.99994 -0.01057 -0.228863 -0.0469295 0.010689 0.998841 14.7386
0.999061 -0.00174276 0.043282 0.111965 0.00224306 0.999931 -0.0115132 -0.230139 -0.043259 0.0115995 0.998996 14.8731
0.99929 -0.00181579 0.037641 0.106356 0.00228405 0.999921 -0.0124009 -0.234128 -0.0376154 0.012478 0.999214 15.0069
0.999511 -0.00206272 0.0312027 0.104862 0.00246069 0.999916 -0.0127211 -0.230459 -0.0311738 0.0127917 0.999432 15.1338
0.999712 -0.00203226 0.0238982 0.0963443 0.00235241 0.999908 -0.0133761 -0.235606 -0.0238689 0.0134285 0.999625 15.273
0.999873 -0.00200115 0.0158088 0.0865142 0.00222303 0.999899 -0.0140303 -0.228594 -0.0157791 0.0140637 0.999776 15.4086
0.99998 -0.00223763 0.00592303 0.084516 0.00232394 0.999891 -0.0146054 -0.233499 -0.00588971 0.0146188 0.999876 15.5545
0.99997 -0.00350995 -0.00689366 0.0767797 0.00339934 0.999866 -0.0159933 -0.236803 0.00694887 0.0159694 0.999848 15.7062
0.999729 -0.00450757 -0.0228277 0.0635089 0.00410712 0.999838 -0.0175591 -0.245566 0.0229032 0.0174605 0.999585 15.8659
0.999103 -0.00409913 -0.0421569 0.0313545 0.00333741 0.99983 -0.0181233 -0.247522 0.042224 0.0179664 0.998946 16.0501
0.997977 -0.00324803 -0.0634866 0.00357658 0.0021192 0.999839 -0.0178399 -0.255297 0.0635342 0.0176693 0.997823 16.244
0.9962 -0.00333615 -0.0870285 -0.034544 0.00182529 0.999846 -0.0174343 -0.262603 0.0870733 0.0172092 0.996053 16.4524
0.993532 -0.00220918 -0.11353 -0.0775443 0.000331437 0.999863 -0.0165559 -0.277829 0.113551 0.0164112 0.993396 16.6999
0.989672 -0.00205298 -0.143334 -0.140577 -0.000203612 0.999876 -0.0157271 -0.276021 0.143349 0.0155938 0.989549 16.9339
0.984301 -0.00207183 -0.176485 -0.201549 -0.000296034 0.99991 -0.0133894 -0.287228 0.176497 0.0132314 0.984212 17.207
0.977007 -0.00169653 -0.213202 -0.275627 -0.000517022 0.999947 -0.0103262 -0.291046 0.213208 0.010199 0.976953 17.4752
0.967619 -0.00125315 -0.252413 -0.374559 -0.000483585 0.999977 -0.00681837 -0.301235 0.252416 0.00671964 0.967595 17.7369
0.955939 0.00231761 -0.293557 -0.500197 -0.00339396 0.999989 -0.00315727 -0.307443 0.293546 0.00401448 0.955936 18.0348
0.942156 0.00527274 -0.335133 -0.636837 -0.0057842 0.999983 -0.000528055 -0.313584 0.335125 0.00243599 0.94217 18.3292
0.925784 0.00640661 -0.378 -0.787216 -0.00564796 0.999979 0.00311557 -0.317998 0.378012 -0.000749411 0.9258 18.615
0.907007 0.00907808 -0.421017 -0.970428 -0.00604014 0.999945 0.00854865 -0.323633 0.421072 -0.00521068 0.907012 18.9281
0.885475 0.01239 -0.464521 -1.16312 -0.00693489 0.999886 0.0134501 -0.327512 0.464634 -0.00868836 0.88546 19.2363
0.861182 0.0164408 -0.508031 -1.37079 -0.00926354 0.999819 0.0166529 -0.331048 0.508213 -0.00963504 0.861178 19.5283
0.833846 0.019539 -0.55165 -1.61199 -0.0107435 0.999759 0.0191713 -0.332377 0.551892 -0.0100593 0.833855 19.8459
0.80302 0.019285 -0.59564 -1.85688 -0.00962801 0.999766 0.0193892 -0.316537 0.595874 -0.00983508 0.803017 20.1249
0.769917 0.0215157 -0.63778 -2.15293 -0.0105904 0.999725 0.0209415 -0.313999 0.638055 -0.00936891 0.769933 20.4276
0.733471 0.0244764 -0.679279 -2.46111 -0.012289 0.999666 0.0227513 -0.310561 0.679609 -0.00833977 0.733527 20.7207
0.69524 0.0246755 -0.718354 -2.77551 -0.0104993 0.999653 0.0241765 -0.308709 0.718701 -0.00926624 0.695257 20.9978
0.654817 0.0243895 -0.755394 -3.14756 -0.00895402 0.99966 0.0245143 -0.31151 0.755734 -0.00928857 0.654812 21.2817
0.612715 0.0231953 -0.789963 -3.52993 -0.00519285 0.999666 0.025325 -0.287274 0.790286 -0.0114149 0.612631 21.5616
0.56884 0.0233676 -0.822116 -3.92032 -0.00349657 0.999656 0.0259946 -0.273518 0.822441 -0.0119122 0.568726 21.7928
0.521985 0.0241678 -0.852612 -4.37532 -0.0030588 0.999645 0.0264629 -0.261317 0.852949 -0.0112052 0.521874 22.049
0.472779 0.0229851 -0.880881 -4.82484 -0.00222084 0.999688 0.0248932 -0.239357 0.881178 -0.00981269 0.472682 22.2475
0.420852 0.0223727 -0.906853 -5.32063 0.000568624 0.999689 0.024927 -0.241098 0.907129 -0.0110062 0.420708 22.4637
0.367002 0.0224061 -0.92995 -5.81774 0.00203824 0.999688 0.0248907 -0.227669 0.930218 -0.0110304 0.366842 22.6396
0.314026 0.0227266 -0.949142 -6.32684 0.00325123 0.999682 0.0250124 -0.210902 0.949409 -0.0109404 0.313852 22.7852
0.260156 0.0261567 -0.965212 -6.91173 0.00334539 0.999603 0.0279903 -0.173039 0.965561 -0.0105109 0.259965 22.9242
0.208818 0.0301175 -0.97749 -7.49716 0.00467757 0.999484 0.0317944 -0.155863 0.977943 -0.0112115 0.20857 23.0212
0.161545 0.031272 -0.98637 -8.07054 0.00635496 0.999444 0.0327273 -0.156199 0.986845 -0.0115553 0.161257 23.0928
0.116338 0.0322014 -0.992687 -8.7063 0.00781039 0.999414 0.0333349 -0.145159 0.993179 -0.0116314 0.116019 23.163
0.0766969 0.0304738 -0.996589 -9.35302 0.00774759 0.999485 0.0311586 -0.116825 0.997024 -0.0101109 0.0764214 23.1838
0.0405564 0.0276595 -0.998794 -10.0266 0.00350606 0.999607 0.0278244 -0.0950097 0.999171 -0.00463029 0.0404437 23.2011
0.012811 0.027439 -0.999541 -10.7151 0.00253386 0.99962 0.0274737 -0.0775363 0.999915 -0.00288466 0.0127367 23.1733
-0.00897974 0.0309285 -0.999481 -11.4476 0.00115644 0.999521 0.0309194 -0.0493236 0.999959 -0.000878195 -0.00901102 23.1534
-0.0222539 0.0322939 -0.999231 -12.1785 0.00212807 0.999478 0.0322545 -0.0297671 0.99975 -0.00140865 -0.0223108 23.1317
-0.030188 0.0350626 -0.998929 -12.9344 0.00300923 0.999383 0.0349876 -0.0111016 0.99954 -0.0019498 -0.0302747 23.1017
-0.0344959 0.0331516 -0.998855 -13.6994 0.00277853 0.999449 0.0330753 0.00876613 0.999401 -0.00163438 -0.0345689 23.0825
-0.0341598 0.0298757 -0.99897 -14.4975 0.00854314 0.999525 0.0296002 0.046971 0.99938 -0.0075232 -0.0343986 23.0468
-0.0306333 0.0289366 -0.999112 -15.3012 0.0203926 0.999391 0.0283194 0.0390138 0.999323 -0.019507 -0.0312045 23.0403
-0.0247336 0.0282402 -0.999295 -16.1322 0.0226872 0.99936 0.0276805 0.0724048 0.999436 -0.0219866 -0.0253583 23.0264
-0.0199991 0.0269682 -0.999436 -16.9778 0.021769 0.999411 0.0265319 0.113935 0.999563 -0.0212261 -0.0205742 23.0034
-0.015925 0.0223938 -0.999622 -17.8429 0.0257493 0.999427 0.0219792 0.105211 0.999541 -0.0253895 -0.0164923 22.9978
-0.0142734 0.0117156 -0.999829 -18.7111 0.0239997 0.999648 0.0113709 0.119209 0.99961 -0.0238333 -0.0145494 22.9842
-0.0140611 0.00447516 -0.999891 -19.6571 0.0180546 0.999828 0.004221 0.14285 0.999738 -0.0179933 -0.0141393 22.9431
-0.0146484 0.00233969 -0.99989 -20.5812 0.0128644 0.999915 0.00215129 0.156746 0.99981 -0.0128315 -0.014677 22.9181
-0.0190466 0.00830899 -0.999784 -21.521 0.0061935 0.999948 0.00819236 0.172818 0.999799 -0.00603612 -0.0190969 22.8869
-0.0226009 0.0152576 -0.999628 -22.4972 0.00165614 0.999883 0.0152241 0.174995 0.999743 -0.00131144 -0.0226234 22.8523
-0.0288261 0.023199 -0.999315 -23.5275 -0.0012729 0.999729 0.0232453 0.202864 0.999584 0.00194211 -0.0287886 22.8244
-0.0313072 0.031053 -0.999027 -24.6146 -0.00229725 0.999513 0.0311401 0.216556 0.999507 0.00326993 -0.0312204 22.7753
-0.0315093 0.0380774 -0.998778 -25.6253 5.09618e-05 0.999274 0.0380947 0.230577 0.999503 0.00114944 -0.0314882 22.7415
-0.0338322 0.0400556 -0.998625 -26.653 0.000541636 0.999197 0.0400603 0.24475 0.999427 0.000814435 -0.0338265 22.7013
-0.0343179 0.0387053 -0.998661 -27.6584 -4.24575e-05 0.99925 0.0387296 0.29922 0.999411 0.00137152 -0.0342903 22.663
-0.0373048 0.0339306 -0.998728 -28.6873 -0.00482443 0.999406 0.0341339 0.326943 0.999292 0.00609165 -0.0371188 22.6208
-0.0415735 0.0289166 -0.998717 -29.7447 -0.00588165 0.999557 0.0291858 0.345419 0.999118 0.00708746 -0.0413848 22.5815
-0.0473801 0.0254444 -0.998553 -30.8195 -0.00365541 0.999665 0.0256462 0.361684 0.99887 0.00486524 -0.047271 22.5377
-0.0544086 0.0227714 -0.998259 -31.8844 -0.00551009 0.999718 0.023105 0.363546 0.998504 0.00675761 -0.0542676 22.4768
-0.060418 0.025888 -0.997837 -32.9335 -0.00477564 0.999645 0.0262241 0.381861 0.998162 0.00634972 -0.0602727 22.409
-0.0674445 0.0286485 -0.997312 -33.9838 -0.00514413 0.999565 0.0290611 0.404391 0.99771 0.00709032 -0.0672676 22.3376
-0.0736332 0.0313454 -0.996793 -35.052 -0.00657008 0.999469 0.0319149 0.432377 0.997264 0.008899 -0.073388 22.2509
-0.0777146 0.0332275 -0.996422 -36.1196 -0.00957631 0.999373 0.0340729 0.442912 0.99693 0.01219 -0.0773475 22.1535
-0.0815807 0.0343948 -0.996073 -37.198 -0.0133891 0.999276 0.0356021 0.471742 0.996577 0.0162409 -0.081061 22.0589
-0.0825904 0.0351574 -0.995963 -38.2673 -0.0169104 0.999184 0.0366734 0.506957 0.99644 0.019871 -0.0819283 21.9599
-0.084974 0.0356586 -0.995745 -39.3494 -0.016832 0.999166 0.0372175 0.534218 0.996241 0.0199229 -0.0843026 21.857
-0.0862706 0.0353 -0.995646 -40.4203 -0.0173859 0.999167 0.0369313 0.555647 0.99612 0.0204963 -0.0855848 21.7597
-0.0868787 0.0357352 -0.995578 -41.4963 -0.0177024 0.999143 0.037408 0.570853 0.996062 0.0208741 -0.0861715 21.6594
-0.0878637 0.0361047 -0.995478 -42.5881 -0.0176353 0.99913 0.0377938 0.616616 0.995976 0.0208762 -0.0871504 21.5563
-0.0885422 0.0347592 -0.995466 -43.665 -0.0212018 0.999099 0.0367719 0.651255 0.995847 0.0243615 -0.0877252 21.4432
-0.0878954 0.0297978 -0.995684 -44.7501 -0.0259727 0.999144 0.0321941 0.702871 0.995791 0.0286903 -0.0870461 21.3355
-0.0869774 0.0299485 -0.99576 -45.8047 -0.0274397 0.999097 0.0324457 0.748668 0.995832 0.0301454 -0.0860769 21.2206
-0.0842508 0.0324552 -0.995916 -46.9103 -0.0270226 0.999028 0.0348427 0.77253 0.996078 0.0298478 -0.0832917 21.1225
-0.0841235 0.0346445 -0.995853 -48.0426 -0.0266612 0.99896 0.0370048 0.815163 0.996099 0.0296636 -0.0831122 21.027
-0.0816713 0.0356064 -0.996023 -49.1428 -0.0254651 0.998961 0.0377995 0.830062 0.996334 0.028451 -0.0806796 20.9209
-0.0806003 0.0355579 -0.996112 -50.2493 -0.0258623 0.998953 0.0377519 0.881105 0.996411 0.0288046 -0.0795961 20.8321
-0.0765046 0.0364757 -0.996402 -51.3609 -0.0291341 0.998822 0.0388012 0.915984 0.996644 0.0319977 -0.0753516 20.7417
-0.0703605 0.0368611 -0.99684 -52.4897 -0.0339954 0.998648 0.0393275 0.962938 0.996942 0.0366551 -0.069012 20.6456
-0.0654479 0.0368529 -0.997175 -53.613 -0.0370763 0.998538 0.0393367 0.996167 0.997167 0.039546 -0.0639856 20.5618
-0.0588095 0.0364781 -0.997602 -54.7422 -0.0380537 0.998524 0.0387551 1.04099 0.997544 0.0402417 -0.0573344 20.479
-0.0537932 0.0366569 -0.997879 -55.8703 -0.0378774 0.998532 0.0387228 1.07517 0.997833 0.0398801 -0.0523256 20.4119
-0.049113 0.0365444 -0.998124 -57.0261 -0.0354404 0.998638 0.038307 1.10664 0.998164 0.0372553 -0.0477507 20.3518
-0.0438156 0.0376752 -0.998329 -58.1819 -0.0342095 0.998646 0.0391886 1.14047 0.998454 0.0358694 -0.0424672 20.2929
-0.0389471 0.0390947 -0.998476 -59.3229 -0.0325061 0.998656 0.0403698 1.17189 0.998712 0.0340289 -0.0376238 20.2473
-0.0342763 0.0396313 -0.998626 -60.484 -0.0333465 0.998612 0.0407753 1.22112 0.998856 0.0346984 -0.032907 20.1937
-0.0285761 0.0399539 -0.998793 -61.6398 -0.032443 0.998638 0.0408759 1.25187 0.999065 0.0335719 -0.0272408 20.1554
-0.0255181 0.0355614 -0.999041 -62.8013 -0.0325689 0.998807 0.036385 1.29261 0.999144 0.0334661 -0.0243293 20.1152
-0.0213516 0.0309478 -0.999293 -63.9665 -0.0313798 0.999008 0.0316094 1.32956 0.999279 0.0320326 -0.0203591 20.0831
-0.0188287 0.0298068 -0.999378 -65.1248 -0.0308539 0.999062 0.0303787 1.37729 0.999346 0.0314067 -0.0178912 20.0525
-0.0160435 0.0316659 -0.99937 -66.305 -0.0298427 0.999038 0.0321345 1.41008 0.999426 0.0303394 -0.0150829 20.0323
-0.0137543 0.0322307 -0.999386 -67.4802 -0.0300073 0.999017 0.0326318 1.42432 0.999455 0.0304376 -0.0127734 20.0085
-0.0140021 0.0317826 -0.999396 -68.6497 -0.0314075 0.998988 0.0322097 1.45775 0.999409 0.0318396 -0.0129895 19.9891
-0.0130733 0.0327694 -0.999377 -69.8344 -0.0324014 0.998924 0.0331784 1.48085 0.999389 0.032815 -0.0119973 19.9591
-0.0138914 0.0333214 -0.999348 -71.0294 -0.0329781 0.998886 0.0337644 1.50206 0.999359 0.0334256 -0.0127769 19.9306
-0.012751 0.0323802 -0.999394 -72.198 -0.0336926 0.998894 0.0327939 1.52978 0.999351 0.0340903 -0.0116457 19.9072
-0.0114785 0.0317455 -0.99943 -73.3786 -0.0326425 0.998951 0.0321052 1.54891 0.999401 0.0329924 -0.01043 19.8858
-0.0131544 0.0319681 -0.999402 -74.5799 -0.0296697 0.999036 0.0323469 1.57565 0.999473 0.0300775 -0.012193 19.8747
-0.0134079 0.0324965 -0.999382 -75.7763 -0.0265413 0.999108 0.0328437 1.60474 0.999558 0.0269652 -0.0125332 19.846
-0.0130319 0.0342886 -0.999327 -76.9534 -0.0263754 0.999052 0.0346231 1.63236 0.999567 0.0268088 -0.012115 19.8188
-0.0132875 0.036809 -0.999234 -78.1343 -0.0279158 0.998919 0.0371686 1.66404 0.999522 0.0283883 -0.0122454 19.7953
-0.0128045 0.0365905 -0.999248 -79.3173 -0.0296009 0.998878 0.0369563 1.70109 0.99948 0.0300518 -0.0117069 19.7724
-0.0139466 0.035376 -0.999277 -80.4929 -0.0317111 0.998855 0.0358037 1.72672 0.9994 0.0321875 -0.0128086 19.7555
-0.0138212 0.0351405 -0.999287 -81.6606 -0.0317804 0.998862 0.0355652 1.75793 0.999399 0.0322493 -0.0126885 19.7357
-0.0125357 0.0351499 -0.999303 -82.8235 -0.0294636 0.998935 0.0355065 1.78103 0.999487 0.0298882 -0.0114866 19.7191
-0.0143154 0.0373434 -0.9992 -83.9997 -0.0261033 0.998948 0.037708 1.78283 0.999557 0.0266222 -0.0133254 19.7032
-0.0145935 0.0394133 -0.999116 -85.1702 -0.0246882 0.998904 0.0397656 1.82933 0.999589 0.0252467 -0.0136043 19.6668
-0.01438 0.0414174 -0.999038 -86.3495 -0.0251293 0.998811 0.0417697 1.86688 0.999581 0.0257058 -0.0133219 19.6477
-0.0147394 0.0399797 -0.999092 -87.5423 -0.0256565 0.998856 0.0403488 1.91162 0.999562 0.0262279 -0.0136967 19.6389
-0.0142247 0.0384996 -0.999157 -88.6931 -0.0244354 0.998946 0.0388394 1.94321 0.9996 0.0249672 -0.0132688 19.6133
-0.0152409 0.0373887 -0.999184 -89.8761 -0.0237078 0.999006 0.0377436 1.97161 0.999603 0.0242637 -0.0143392 19.5902
-0.0165875 0.0381202 -0.999135 -91.0354 -0.0213318 0.999032 0.0384704 2.00527 0.999635 0.0219515 -0.0157581 19.5815
-0.0156554 0.0404452 -0.999059 -92.195 -0.0193946 0.998981 0.040746 2.02811 0.999689 0.0200143 -0.0148548 19.567
-0.0168459 0.041215 -0.999008 -93.3689 -0.0187572 0.998961 0.0415294 2.06599 0.999682 0.0194382 -0.0160551 19.5462
-0.0174857 0.043392 -0.998905 -94.5381 -0.0196241 0.99885 0.0437331 2.0926 0.999654 0.0203673 -0.0166139 19.5199
-0.0167584 0.0432832 -0.998922 -95.6722 -0.0209974 0.998827 0.0436314 2.122 0.999639 0.0217059 -0.0158297 19.4914
-0.0177486 0.0434765 -0.998897 -96.8344 -0.0229507 0.998773 0.043879 2.16216 0.999579 0.0237041 -0.0167288 19.4625
-0.0169921 0.0404388 -0.999037 -97.9803 -0.0253195 0.998844 0.0408617 2.18988 0.999535 0.0259894 -0.0159484 19.4356
-0.0178816 0.0392042 -0.999071 -99.1321 -0.0264903 0.998861 0.0396701 2.22867 0.999489 0.027175 -0.0168225 19.4044
-0.0185897 0.037946 -0.999107 -100.277 -0.025266 0.998942 0.0384099 2.24947 0.999508 0.0259575 -0.0176111 19.3823
-0.0180686 0.0385983 -0.999091 -101.437 -0.0244395 0.998939 0.0390344 2.2735 0.999538 0.0251225 -0.0171059 19.364
-0.0194692 0.0403969 -0.998994 -102.6 -0.0242817 0.998869 0.0408651 2.3027 0.999516 0.0250528 -0.0184661 19.3374
-0.0180955 0.0424835 -0.998933 -103.772 -0.0234882 0.998803 0.0429035 2.33953 0.99956 0.0242394 -0.0170758 19.32
-0.0202329 0.0426642 -0.998885 -104.953 -0.0276126 0.998684 0.043215 2.3701 0.999414 0.0284561 -0.0190281 19.2906
-0.0212392 0.0428808 -0.998854 -106.123 -0.0313066 0.998561 0.0435339 2.41155 0.999284 0.0321954 -0.019866 19.2506
-0.0208735 0.0417739 -0.998909 -107.297 -0.0337731 0.998527 0.0424636 2.4557 0.999211 0.0346226 -0.0194318 19.2196
-0.022674 0.0387236 -0.998993 -108.483 -0.0345706 0.998621 0.0394938 2.48005 0.999145 0.0354312 -0.0213039 19.1803
-0.023598 0.0359132 -0.999076 -109.661 -0.0351354 0.998707 0.0367298 2.51617 0.999104 0.0359696 -0.0223055 19.1486
-0.0235543 0.0346685 -0.999121 -110.862 -0.0323026 0.99885 0.0354206 2.55159 0.9992 0.0331085 -0.0224071 19.1189
-0.0268419 0.0338789 -0.999065 -112.067 -0.0275912 0.999019 0.0346187 2.58024 0.999259 0.0284946 -0.0258807 19.0908
-0.0270662 0.0351783 -0.999014 -113.282 -0.0279607 0.998963 0.035934 2.60576 0.999242 0.0289057 -0.0260543 19.0535
-0.0309212 0.0386547 -0.998774 -114.487 -0.0272286 0.998848 0.0395006 2.64957 0.999151 0.0284167 -0.0298329 19.0135
-0.0320849 0.0393649 -0.99871 -115.709 -0.0252126 0.998874 0.0401814 2.69352 0.999167 0.0264693 -0.0310561 18.9815
-0.0322606 0.0365891 -0.99881 -116.947 -0.0260477 0.998959 0.0374359 2.72587 0.99914 0.0272244 -0.0312738 18.9315
-0.0341433 0.0340678 -0.998836 -118.17 -0.0268613 0.999026 0.0349925 2.77001 0.999056 0.0280248 -0.0331948 18.8843
-0.0345617 0.032653 -0.998869 -119.404 -0.0257008 0.999106 0.03355 2.78574 0.999072 0.0268313 -0.0336914 18.8415
-0.0357559 0.0330878 -0.998813 -120.658 -0.0283977 0.999014 0.0341111 2.81132 0.998957 0.0295836 -0.0347809 18.7764
-0.0363301 0.0357092 -0.998702 -121.927 -0.0331875 0.998767 0.0369188 2.85353 0.998789 0.0344857 -0.0351001 18.7121
-0.0357955 0.0387615 -0.998607 -123.193 -0.0379482 0.998474 0.0401166 2.89419 0.998638 0.0393313 -0.0342698 18.651
-0.0367996 0.0389284 -0.998564 -124.446 -0.0444752 0.998187 0.0405527 2.93561 0.998332 0.0459037 -0.0350013 18.5864
-0.036934 0.0373824 -0.998618 -125.709 -0.0486709 0.998047 0.0391611 2.97904 0.998132 0.0500501 -0.0350423 18.5259
-0.0364191 0.0374289 -0.998635 -126.968 -0.049241 0.998017 0.0392015 3.01757 0.998123 0.0506015 -0.0345037 18.4731
-0.039028 0.0363239 -0.998578 -128.221 -0.0484059 0.998097 0.0381983 3.06014 0.998065 0.0498279 -0.0371953 18.4128
-0.0387247 0.0360888 -0.998598 -129.483 -0.0473778 0.998157 0.0379101 3.08589 0.998126 0.0487795 -0.0369433 18.36
-0.0401492 0.0370006 -0.998508 -130.741 -0.0475171 0.998112 0.0388966 3.12057 0.998063 0.0490079 -0.0383151 18.3017
-0.0406349 0.0407781 -0.998342 -132.006 -0.0473897 0.997963 0.0426915 3.15402 0.99805 0.0490459 -0.0386195 18.2456
-0.041186 0.0448394 -0.998145 -133.275 -0.046208 0.997838 0.0467323 3.1839 0.998082 0.048047 -0.0390248 18.1843
-0.042407 0.0443127 -0.998117 -134.53 -0.0472956 0.997807 0.0463084 3.22645 0.99798 0.0491703 -0.040218 18.1195
-0.0423748 0.0427099 -0.998188 -135.796 -0.047591 0.997865 0.0447164 3.2789 0.997968 0.0493997 -0.0402516 18.061
-0.0404733 0.0432067 -0.998246 -137.049 -0.0472959 0.997862 0.0451076 3.31863 0.998061 0.0490386 -0.0383431 18.006
-0.0410528 0.0420353 -0.998272 -138.321 -0.0471927 0.997918 0.0439612 3.36314 0.998042 0.048916 -0.0389834 17.9442
-0.0394337 0.0432892 -0.998284 -139.572 -0.0474455 0.997853 0.0451447 3.39469 0.998095 0.0491443 -0.037295 17.8871
-0.0396667 0.0456456 -0.99817 -140.837 -0.0478055 0.997725 0.047525 3.43094 0.998069 0.0496032 -0.0373942 17.8235
-0.0391978 0.0460669 -0.998169 -142.107 -0.0492123 0.997635 0.0479748 3.46877 0.998019 0.0510027 -0.0368379 17.77
-0.0382283 0.0436612 -0.998315 -143.345 -0.0519471 0.997607 0.0456194 3.52611 0.997918 0.0536035 -0.0358686 17.7092
-0.0394678 0.0406585 -0.998393 -144.582 -0.0517187 0.997749 0.0426768 3.55004 0.997881 0.05332 -0.037276 17.6573
-0.0397801 0.0404956 -0.998387 -145.815 -0.0506161 0.997814 0.0424891 3.58641 0.997925 0.0522247 -0.0376432 17.6078
-0.0397282 0.0395733 -0.998426 -147.062 -0.0502614 0.997871 0.0415513 3.61282 0.997945 0.051833 -0.0376544 17.5549
-0.0423223 0.039008 -0.998342 -148.317 -0.0476286 0.998023 0.0410146 3.6438 0.997968 0.0492855 -0.0403806 17.5048
-0.0417694 0.038226 -0.998396 -149.557 -0.0454871 0.998159 0.0401199 3.66156 0.998091 0.0470899 -0.0399536 17.4516
-0.0432673 0.0381599 -0.998334 -150.787 -0.0450526 0.998179 0.0401065 3.70807 0.998047 0.0467129 -0.0414691 17.3847
-0.0442656 0.0398545 -0.998224 -152.024 -0.0434754 0.99818 0.0417806 3.72273 0.998073 0.0452477 -0.0424522 17.3233
-0.0441375 0.0411158 -0.998179 -153.255 -0.0409437 0.998239 0.0429287 3.7577 0.998186 0.0427639 -0.0423762 17.2663
-0.0450846 0.0398428 -0.998188 -154.449 -0.0393423 0.998358 0.0416266 3.79795 0.998208 0.0411478 -0.0434429 17.2107
-0.0465559 0.0396868 -0.998127 -155.682 -0.040301 0.998322 0.0415743 3.83322 0.998102 0.0421611 -0.0448783 17.1477
-0.0466952 0.0431505 -0.997977 -156.901 -0.0405469 0.998161 0.0450557 3.85865 0.998086 0.0425688 -0.0448596 17.0738
-0.0484786 0.0480197 -0.997669 -158.13 -0.0438499 0.997778 0.0501556 3.9121 0.997861 0.0461792 -0.046265 16.9797
-0.0464411 0.0487005 -0.997733 -159.349 -0.0485178 0.997522 0.0509486 3.96633 0.997742 0.050774 -0.0439631 16.9061
-0.0460562 0.0456726 -0.997894 -160.564 -0.0519106 0.997495 0.0480502 4.01926 0.997589 0.0540143 -0.0435698 16.8361
-0.0448977 0.0410502 -0.998147 -161.775 -0.0542525 0.997581 0.0434672 4.05778 0.997517 0.0561036 -0.0425618 16.7605
-0.0431122 0.0413296 -0.998215 -162.989 -0.0549588 0.997533 0.043675 4.10466 0.997557 0.0567436 -0.0407342 16.6955
-0.0429824 0.0395987 -0.99829 -164.2 -0.0507184 0.997839 0.0417645 4.13399 0.997787 0.0524269 -0.040881 16.6391
-0.0427873 0.0364228 -0.99842 -165.407 -0.046504 0.998179 0.038407 4.16531 0.998001 0.0480739 -0.0410154 16.5882
-0.042328 0.0353161 -0.998479 -166.627 -0.0416429 0.998444 0.0370802 4.1867 0.998235 0.0431491 -0.0407913 16.5398
-0.0442601 0.0361641 -0.998365 -167.841 -0.040242 0.998469 0.0379518 4.22045 0.998209 0.041856 -0.0427369 16.4903
-0.0425724 0.0408814 -0.998256 -169.058 -0.0410424 0.998247 0.0426314 4.26906 0.99825 0.0427858 -0.0408198 16.4289
-0.0426271 0.0430975 -0.998161 -170.29 -0.0418933 0.998113 0.0448845 4.31877 0.998212 0.0437295 -0.040741 16.3661
-0.0409658 0.044247 -0.99818 -171.498 -0.042358 0.998044 0.0459794 4.37049 0.998262 0.0441646 -0.0390113 16.3053
-0.0393198 0.0442566 -0.998246 -172.711 -0.043244 0.998007 0.0459493 4.41611 0.99829 0.0449749 -0.0373275 16.2476
-0.0393075 0.0458078 -0.998176 -173.913 -0.0422962 0.997977 0.0474642 4.44847 0.998331 0.0440848 -0.0372904 16.2037
-0.0384363 0.0463544 -0.998185 -175.111 -0.0424496 0.997946 0.0479778 4.49808 0.998359 0.0442166 -0.0363894 16.1574
-0.0357601 0.0470457 -0.998252 -176.29 -0.0429026 0.997898 0.0485659 4.55399 0.998439 0.0445644 -0.0336664 16.105
-0.035335 0.0472816 -0.998256 -177.438 -0.0431202 0.997878 0.0487899 4.61118 0.998444 0.0447691 -0.0332211 16.0596
-0.032994 0.0482704 -0.998289 -178.559 -0.0432165 0.99783 0.0496765 4.65137 0.99852 0.0447816 -0.0308362 16.0171
-0.0333245 0.0485973 -0.998262 -179.655 -0.0433438 0.997807 0.0500221 4.70662 0.998504 0.0449355 -0.0311449 15.9803
-0.0328869 0.0492667 -0.998244 -180.721 -0.0437901 0.997754 0.0506852 4.74833 0.998499 0.0453801 -0.0306555 15.9416
-0.0341341 0.0500558 -0.998163 -181.736 -0.0434822 0.997725 0.0515208 4.78333 0.99847 0.045161 -0.0318797 15.9064
-0.0344448 0.0498346 -0.998163 -182.742 -0.0439934 0.997712 0.0513302 4.82673 0.998437 0.0456807 -0.0321735 15.8725
-0.0323295 0.0501895 -0.998216 -183.713 -0.0447044 0.997666 0.0516097 4.85854 0.998477 0.0462932 -0.0300102 15.8318
-0.0315466 0.0506473 -0.998218 -184.664 -0.0450213 0.997629 0.0520402 4.89978 0.998487 0.0465828 -0.0291915 15.7976
-0.0320375 0.0505353 -0.998208 -185.595 -0.0446495 0.997651 0.0519401 4.93933 0.998488 0.0462335 -0.0297057 15.7683
-0.0346452 0.0503997 -0.998128 -186.516 -0.04443 0.997662 0.0519184 4.97554 0.998411 0.0461456 -0.0323248 15.7336
-0.0413771 0.0480653 -0.997987 -187.397 -0.0442484 0.997774 0.0498896 5.02513 0.998163 0.0462237 -0.039158 15.7003
-0.0463418 0.0461676 -0.997858 -188.309 -0.0453433 0.997804 0.0482709 5.06268 0.997896 0.0474831 -0.0441465 15.6501
-0.0509642 0.0456873 -0.997655 -189.183 -0.0475883 0.997707 0.0481206 5.07764 0.997566 0.0499292 -0.0486731 15.6036
-0.0555583 0.0473071 -0.997334 -190.088 -0.0494065 0.997523 0.0500683 5.12037 0.997232 0.0520565 -0.0530832 15.5431
-0.0584941 0.0497149 -0.997049 -190.996 -0.0481861 0.997454 0.052562 5.15381 0.997124 0.0511185 -0.0559495 15.4942
-0.0619105 0.0517339 -0.99674 -191.902 -0.0454837 0.997472 0.054597 5.17092 0.997045 0.0487156 -0.0594008 15.4367
-0.0640744 0.0522307 -0.996577 -192.788 -0.0443417 0.997494 0.0551297 5.21485 0.996959 0.0477224 -0.0615977 15.3749
-0.0656009 0.0522707 -0.996476 -193.677 -0.0443522 0.997487 0.0552436 5.24145 0.996859 0.0478199 -0.0631176 15.3193
-0.0668243 0.0514268 -0.996438 -194.565 -0.0460524 0.997447 0.0545672 5.28201 0.996701 0.0495349 -0.0642853 15.2464
-0.0661236 0.0511513 -0.996499 -195.46 -0.0491173 0.997307 0.054452 5.32433 0.996601 0.0525459 -0.063433 15.1816
-0.06736 0.0498414 -0.996483 -196.362 -0.0519453 0.997221 0.0533897 5.36209 0.996375 0.0553589 -0.0645837 15.1039
-0.0671059 0.0483688 -0.996572 -197.259 -0.0527722 0.997254 0.0519553 5.40068 0.996349 0.0560778 -0.064369 15.0459
-0.0657464 0.0476088 -0.9967 -198.166 -0.0531052 0.997278 0.0511394 5.43144 0.996422 0.0562922 -0.063039 14.9874
-0.0672343 0.0472602 -0.996617 -199.077 -0.0527065 0.997314 0.050849 5.47632 0.996344 0.055947 -0.0645627 14.9148
-0.067563 0.0503896 -0.996441 -199.999 -0.0504937 0.997271 0.0538552 5.50679 0.996436 0.0539527 -0.0648341 14.847
-0.0675548 0.0518376 -0.996368 -200.924 -0.0490797 0.997267 0.055212 5.53936 0.996507 0.0526313 -0.0648259 14.8037
-0.0680556 0.050086 -0.996423 -201.86 -0.0443601 0.997599 0.0531749 5.5554 0.996695 0.0478203 -0.0656702 14.7307
-0.0681164 0.0491788 -0.996464 -202.788 -0.0434466 0.99769 0.0522092 5.58799 0.996731 0.0468493 -0.0658222 14.6685
-0.0689823 0.049377 -0.996395 -203.742 -0.0465768 0.997525 0.0526577 5.63958 0.99653 0.0500413 -0.0665116 14.5802
-0.067874 0.0516702 -0.996355 -204.694 -0.04679 0.997394 0.0549115 5.69222 0.996596 0.0503465 -0.0652793 14.5111
-0.0655643 0.0528123 -0.996449 -205.654 -0.044348 0.997457 0.0557837 5.73434 0.996862 0.047848 -0.0630554 14.4645
-0.0642516 0.0534806 -0.996499 -206.623 -0.0444679 0.997417 0.0563971 5.77989 0.996942 0.0479358 -0.0617074 14.4001
-0.0622637 0.056908 -0.996436 -207.601 -0.0443666 0.997228 0.0597256 5.84324 0.997073 0.0479272 -0.0595661 14.3422
-0.0613627 0.0607184 -0.996267 -208.592 -0.0423498 0.99709 0.063377 5.88314 0.997216 0.0460807 -0.0586126 14.2808
-0.0612397 0.0615124 -0.996225 -209.575 -0.0421321 0.99705 0.0641532 5.92267 0.997233 0.0459018 -0.0584673 14.2129
-0.0585342 0.0621328 -0.99635 -210.578 -0.0446551 0.996899 0.0647905 5.98818 0.997286 0.0482846 -0.055578 14.1503
-0.0562632 0.0634919 -0.996395 -211.595 -0.0453334 0.996783 0.0660765 6.0569 0.997386 0.0488877 -0.0532038 14.0819
-0.0528102 0.0643964 -0.996526 -212.608 -0.0467116 0.996666 0.0668809 6.11252 0.997511 0.0500813 -0.0496259 14.0171
-0.050433 0.0634721 -0.996708 -213.62 -0.0483596 0.996652 0.0659154 6.17254 0.997555 0.0515247 -0.0471945 13.9573
-0.0478827 0.0614846 -0.996958 -214.651 -0.049279 0.996742 0.0638381 6.22385 0.997636 0.0521859 -0.0446967 13.909
-0.0449127 0.0605106 -0.997156 -215.692 -0.048816 0.996838 0.06269 6.26695 0.997797 0.0514928 -0.0418166 13.8696
-0.0440256 0.0632427 -0.997026 -216.742 -0.0484824 0.996682 0.0653617 6.31814 0.997853 0.0512158 -0.0408132 13.8162
-0.0420627 0.0655439 -0.996962 -217.795 -0.0491778 0.9965 0.0675884 6.38715 0.997903 0.0518714 -0.038692 13.769
-0.0414801 0.0663035 -0.996936 -218.856 -0.0491812 0.99645 0.0683174 6.44723 0.997928 0.0518644 -0.0380718 13.7154
-0.0408503 0.0644715 -0.997083 -219.929 -0.0491951 0.996575 0.0664542 6.50464 0.997953 0.0517663 -0.0375386 13.6767
-0.0395961 0.062264 -0.997273 -221.002 -0.0461117 0.996879 0.0640702 6.57813 0.998151 0.0485229 -0.0366013 13.6314
-0.0404736 0.0614612 -0.997288 -222.087 -0.0442601 0.997016 0.0632407 6.6252 0.998199 0.0466997 -0.0376324 13.5837
-0.0393348 0.0609855 -0.997363 -223.166 -0.0454151 0.996994 0.0627541 6.69631 0.998193 0.0477638 -0.0364468 13.5296
-0.0401702 0.0614263 -0.997302 -224.26 -0.045015 0.996983 0.0632198 6.74629 0.998178 0.0474332 -0.0372838 13.4865
-0.0410429 0.0614734 -0.997264 -225.338 -0.047078 0.996877 0.0633871 6.8029 0.998047 0.0495508 -0.0380205 13.4275
-0.0408179 0.0629463 -0.997181 -226.445 -0.047366 0.996769 0.0648591 6.8548 0.998043 0.0498799 -0.0377044 13.377
-0.0447852 0.0649197 -0.996884 -227.555 -0.047704 0.996608 0.0670448 6.91533 0.997856 0.050558 -0.0415362 13.3274
-0.0451644 0.0665142 -0.996762 -228.68 -0.0491867 0.996422 0.0687202 6.9664 0.997767 0.0521312 -0.0417311 13.2766
-0.0454123 0.0684383 -0.99662 -229.823 -0.0499016 0.996249 0.0706866 7.029 0.997721 0.052943 -0.0418266 13.2238
-0.0487695 0.067659 -0.996515 -230.96 -0.0497036 0.996302 0.070077 7.09881 0.997572 0.0529481 -0.0452261 13.1451
-0.0498656 0.0655747 -0.9966 -232.102 -0.0476572 0.996548 0.0679558 7.16196 0.997618 0.0508839 -0.0465682 13.0908
-0.053556 0.0611709 -0.996689 -233.253 -0.0455427 0.996933 0.063633 7.2344 0.997525 0.0487998 -0.0506057 13.0272
-0.0557331 0.0569981 -0.996817 -234.423 -0.0433472 0.997289 0.0594486 7.29886 0.997504 0.0465225 -0.0531111 12.9642
-0.0555337 0.058629 -0.996733 -235.649 -0.0379438 0.997428 0.060784 7.37252 0.997735 0.0411954 -0.0531662 12.91
-0.0594117 0.0618899 -0.996312 -236.82 -0.0329919 0.997408 0.0639253 7.43058 0.997688 0.0366682 -0.0572157 12.8411
-0.0616991 0.0641912 -0.996028 -238.003 -0.030813 0.99733 0.0661839 7.4969 0.997618 0.0347741 -0.0595564 12.7584
-0.0624853 0.0646439 -0.995949 -239.213 -0.0304411 0.997311 0.0666421 7.5584 0.997581 0.034482 -0.0603494 12.6833
-0.0668349 0.0654189 -0.995616 -240.421 -0.0297475 0.997273 0.0675246 7.64162 0.99732 0.0341302 -0.0647065 12.5921
-0.0689282 0.067252 -0.995351 -241.621 -0.0284681 0.997185 0.0693473 7.71045 0.997215 0.0331158 -0.0668196 12.499
-0.0698261 0.0671204 -0.995298 -242.845 -0.027834 0.997213 0.0692023 7.77877 0.99717 0.0325353 -0.0677632 12.4153
-0.0749073 0.0652794 -0.995051 -244.076 -0.0282401 0.997315 0.0675538 7.86084 0.99679 0.0331606 -0.0728626 12.3123
-0.0757295 0.0650441 -0.995004 -245.313 -0.029282 0.997294 0.0674223 7.93498 0.996698 0.0342416 -0.0736199 12.213
-0.0799474 0.0660814 -0.994605 -246.562 -0.0287419 0.997231 0.0685662 8.01039 0.996384 0.0340686 -0.0778267 12.108
-0.0831753 0.0660269 -0.994344 -247.82 -0.029909 0.997187 0.0687174 8.07724 0.996085 0.0354555 -0.0809664 12.0014
-0.085874 0.0669036 -0.994056 -249.081 -0.0330296 0.997002 0.0699552 8.15131 0.995758 0.0388406 -0.0834067 11.8952
-0.0904022 0.0683958 -0.993553 -250.344 -0.0340336 0.996843 0.0717189 8.22875 0.995323 0.0402978 -0.087789 11.7702
-0.0933965 0.068863 -0.993244 -251.606 -0.0363672 0.996702 0.0725225 8.27985 0.994964 0.0428948 -0.0905841 11.6485
-0.0931615 0.068907 -0.993263 -252.85 -0.0385375 0.996604 0.0727533 8.35952 0.994904 0.0450557 -0.0901896 11.5248
-0.096503 0.0690657 -0.992933 -254.112 -0.0392426 0.996549 0.0731312 8.43633 0.994558 0.0460227 -0.0934596 11.3768
-0.0953102 0.0690669 -0.993048 -255.354 -0.039174 0.996556 0.0730706 8.50937 0.994676 0.0458661 -0.0922763 11.2554
-0.0963162 0.0679426 -0.993028 -256.608 -0.0379236 0.996692 0.0718715 8.57802 0.994627 0.0445817 -0.0934209 11.1347
-0.096374 0.0684148 -0.99299 -257.859 -0.03528 0.996772 0.0720994 8.65413 0.994719 0.0419812 -0.0936493 11.003
-0.0975026 0.0682165 -0.992894 -259.114 -0.0341035 0.996832 0.071836 8.73879 0.99465 0.0408654 -0.0948673 10.8911
-0.0982088 0.0688866 -0.992778 -260.369 -0.033479 0.996807 0.072478 8.82454 0.994602 0.0403552 -0.0955889 10.7623
-0.0969064 0.0692274 -0.992882 -261.608 -0.0323191 0.996832 0.0726571 8.90079 0.994768 0.03913 -0.094362 10.6485
-0.0976399 0.0701543 -0.992745 -262.859 -0.0309824 0.996813 0.073489 8.98152 0.994739 0.0379331 -0.0951552 10.521
-0.0977032 0.0722772 -0.992586 -264.099 -0.027574 0.996779 0.0752966 9.0496 0.994833 0.0347263 -0.0953954 10.3969
-0.0968504 0.0743997 -0.992513 -265.334 -0.0248059 0.996711 0.0771349 9.11062 0.994989 0.0320908 -0.0946863 10.2689
-0.0972984 0.0766764 -0.992296 -266.577 -0.0223016 0.996608 0.0791963 9.19304 0.995004 0.0298355 -0.0952584 10.1404
-0.0972883 0.0756327 -0.992377 -267.801 -0.0231937 0.996664 0.0782332 9.27702 0.994985 0.0306281 -0.0952095 10.0315
-0.097071 0.0741779 -0.992508 -269.025 -0.0256515 0.9967 0.077 9.35828 0.994946 0.0329339 -0.0948479 9.89384
-0.0988167 0.0758666 -0.992208 -270.265 -0.0302746 0.996398 0.079202 9.4405 0.994644 0.0378653 -0.0961639 9.75073
-0.0980496 0.0809928 -0.991879 -271.489 -0.0343894 0.995811 0.0847132 9.54599 0.994586 0.0424162 -0.0948536 9.61908
-0.0997097 0.0806806 -0.991739 -272.735 -0.0376396 0.995687 0.084786 9.62071 0.994304 0.0457827 -0.0962429 9.46184
-0.0998058 0.0742217 -0.992234 -273.955 -0.0389068 0.996159 0.0784288 9.6979 0.994245 0.0464323 -0.0965348 9.33005
-0.0998212 0.0692747 -0.99259 -275.17 -0.0353577 0.996695 0.0731169 9.78052 0.994376 0.0423943 -0.097042 9.2092
-0.101636 0.0701267 -0.992346 -276.39 -0.0324207 0.996748 0.0737583 9.83333 0.994292 0.039669 -0.0990317 9.09282
-0.1009 0.0722403 -0.992269 -277.624 -0.0282638 0.996749 0.0754404 9.91292 0.994494 0.0356573 -0.0985306 8.96791
-0.0987033 0.0742582 -0.992341 -278.843 -0.0278926 0.996612 0.0773521 9.98859 0.994725 0.0353139 -0.0962977 8.84614
-0.0985517 0.076141 -0.992213 -280.07 -0.0282978 0.99645 0.0792767 10.0722 0.994729 0.0358904 -0.0960472 8.72195
-0.0974265 0.0769789 -0.99226 -281.299 -0.0298425 0.996329 0.0802246 10.1342 0.994794 0.0374276 -0.0947716 8.59246
-0.0978173 0.0778231 -0.992156 -282.52 -0.0296809 0.996265 0.0810717 10.2246 0.994761 0.0373784 -0.0951421 8.4653
-0.0972925 0.0779735 -0.992195 -283.738 -0.0295646 0.996259 0.0811918 10.3048 0.994816 0.0372332 -0.0946233 8.34329
-0.0960753 0.0768423 -0.992402 -284.942 -0.0301167 0.996334 0.0800623 10.4 0.994917 0.03758 -0.0934088 8.23027
-0.0968242 0.076348 -0.992368 -286.163 -0.0303292 0.996363 0.0796145 10.4741 0.994838 0.0378064 -0.0941565 8.10588
-0.09699 0.0759461 -0.992382 -287.384 -0.0320541 0.996328 0.0793808 10.5446 0.994768 0.0395091 -0.0941994 7.98424
-0.0958841 0.0759172 -0.992492 -288.598 -0.0323476 0.996322 0.0793352 10.6308 0.994866 0.0397118 -0.0930757 7.86277
-0.0961079 0.0762143 -0.992448 -289.811 -0.0331757 0.996264 0.07972 10.7161 0.994817 0.0405869 -0.0932204 7.74992
-0.0956402 0.0766797 -0.992457 -291.031 -0.0321944 0.996268 0.0800765 10.8099 0.994894 0.0396101 -0.0928146 7.624
-0.0963109 0.0763854 -0.992415 -292.251 -0.0325222 0.996276 0.0798388 10.8974 0.994819 0.0399648 -0.093468 7.50448
-0.0951526 0.0761015 -0.992548 -293.462 -0.0330721 0.99628 0.0795582 10.9906 0.994912 0.0403958 -0.0922818 7.38643
-0.0960922 0.0748255 -0.992555 -294.676 -0.0337279 0.996352 0.078377 11.0818 0.9948 0.0410082 -0.093218 7.26426
-0.0962076 0.0738788 -0.992615 -295.89 -0.0351702 0.996365 0.0775667 11.1575 0.994739 0.042373 -0.0932596 7.14005
-0.0965702 0.0740335 -0.992568 -297.103 -0.0360438 0.996315 0.0778197 11.2424 0.994672 0.043291 -0.0935459 7.01695
-0.0959786 0.0747839 -0.992569 -298.314 -0.0379055 0.996175 0.0787209 11.3257 0.99466 0.0451794 -0.0927768 6.89374
-0.0971025 0.0752665 -0.992423 -299.543 -0.0390498 0.996079 0.0793646 11.4084 0.994507 0.0464605 -0.0937827 6.76395
-0.0964743 0.0755308 -0.992464 -300.751 -0.0395582 0.996037 0.0796479 11.4954 0.994548 0.0469441 -0.0931041 6.63268
-0.0975695 0.0740967 -0.992465 -301.978 -0.0387857 0.996183 0.0781872 11.5681 0.994472 0.0461222 -0.0943232 6.50767
-0.0980209 0.0719129 -0.992581 -303.196 -0.0372357 0.996421 0.0758682 11.6439 0.994487 0.0443961 -0.0949924 6.39429
-0.0983306 0.0716512 -0.99257 -304.426 -0.0336032 0.996596 0.0752707 11.7205 0.994585 0.0407549 -0.0955881 6.27844
-0.0996969 0.0732672 -0.992315 -305.649 -0.0306581 0.996584 0.0766626 11.801 0.994544 0.0380655 -0.0971102 6.15971
-0.100544 0.0728119 -0.992263 -306.871 -0.0300101 0.996642 0.076174 11.8946 0.994479 0.0374368 -0.0980213 6.02646
-0.101124 0.0713506 -0.992311 -308.116 -0.0319026 0.996678 0.0749157 11.9625 0.994361 0.0392331 -0.0985116 5.89312
-0.102293 0.0703467 -0.992262 -309.354 -0.0332906 0.996694 0.0740928 12.0368 0.994196 0.0406122 -0.0996133 5.76319
