1 0 0 0 0 1 0 0 0 0 1 0
0.999909 0.00235441 0.0132668 -0.00784521 -0.00235582 0.999997 9.04923e-05 -0.0195369 -0.0132665 -0.000121738 0.999912 0.547496
0.999963 0.00243967 0.00819196 -0.0125001 -0.00244409 0.999997 0.000529576 -0.0349426 -0.00819064 -0.000549578 0.999966 1.16375
0.999966 0.0022914 0.00793302 -0.0203387 -0.00229888 0.999997 0.000933832 -0.0558606 -0.00793085 -0.000952037 0.999968 1.82438
0.999963 0.00296206 0.00802832 -0.0257231 -0.00297221 0.999995 0.00125358 -0.0728284 -0.00802457 -0.0012774 0.999967 2.50902
0.999967 0.00296734 0.00753883 -0.0316432 -0.00298033 0.999994 0.00171279 -0.0882698 -0.0075337 -0.0017352 0.99997 3.20635
0.999959 0.00286727 0.00863507 -0.033049 -0.00288857 0.999993 0.0024554 -0.103363 -0.00862797 -0.00248025 0.99996 3.90548
0.999961 0.00357051 0.00811347 -0.0344453 -0.00359944 0.999987 0.00355376 -0.116671 -0.00810068 -0.00358282 0.999961 4.60244
0.999951 0.00330322 0.00936807 -0.0354462 -0.00335134 0.999981 0.00512664 -0.12914 -0.00935096 -0.00515778 0.999943 5.29072
0.999931 0.00337744 0.0112164 -0.0333362 -0.00344567 0.999975 0.00606954 -0.140548 -0.0111957 -0.00610777 0.999919 5.96975
0.999911 0.00322646 0.0129382 -0.0282587 -0.00331237 0.999972 0.00662442 -0.153033 -0.0129165 -0.00666668 0.999894 6.63248
0.999904 0.00369642 0.0133211 -0.0236016 -0.00378803 0.999969 0.00685821 -0.164225 -0.0132953 -0.00690802 0.999888 7.27223
0.999892 0.0042041 0.0140575 -0.0210236 -0.00430627 0.999964 0.00724537 -0.175043 -0.0140265 -0.00730512 0.999875 7.88884
0.999899 0.00415666 0.0135936 -0.0166563 -0.00426009 0.999962 0.00758901 -0.183857 -0.0135615 -0.00764616 0.999879 8.47977
0.999855 0.00428096 0.016487 -0.00939359 -0.0044081 0.999961 0.00768361 -0.18961 -0.0164534 -0.00775517 0.999834 9.0458
0.999828 0.0040943 0.0180609 0.00171001 -0.0042382 0.999959 0.00793664 -0.19505 -0.0180276 -0.00801182 0.999805 9.58711
0.999789 0.00363045 0.0202164 0.0126431 -0.00379466 0.99996 0.00809009 -0.202956 -0.0201862 -0.00816509 0.999763 10.102
0.999721 0.00648414 0.0226909 0.0210801 -0.00663482 0.999956 0.00657169 -0.206381 -0.0226473 -0.00672041 0.999721 10.5899
0.999649 0.00654506 0.0256837 0.0280367 -0.00671441 0.999956 0.00651315 -0.211258 -0.0256399 -0.00668332 0.999649 11.0529
0.999509 0.00722589 0.0304906 0.036624 -0.00743893 0.999948 0.00687945 -0.21363 -0.0304393 -0.00710289 0.999511 11.4859
0.999426 0.00603023 0.0333319 0.0495845 -0.00628317 0.999952 0.00748892 -0.217085 -0.0332851 -0.00769405 0.999416 11.8884
0.999377 0.000720932 0.0352678 0.0617798 -0.000986781 0.999971 0.00752121 -0.222242 -0.0352614 -0.00755133 0.99935 12.2603
0.999259 0.000116134 0.0384868 0.0762589 -0.000409463 0.999971 0.00761378 -0.226139 -0.0384848 -0.0076239 0.99923 12.599
0.999137 -0.00103065 0.0415245 0.0909733 0.000732043 0.999973 0.0072056 -0.228877 -0.0415309 -0.00716898 0.999111 12.9072
0.999131 -0.00024079 0.0416843 0.103428 -3.29561e-05 0.999978 0.00656633 -0.231521 -0.041685 -0.006562 0.999109 13.1848
0.999055 -0.000216954 0.0434519 0.112996 -7.26608e-05 0.999977 0.00666352 -0.234653 -0.0434524 -0.00666038 0.999033 13.4318
0.998976 -0.000148032 0.0452435 0.12009 -0.000150041 0.999978 0.00658475 -0.236656 -0.0452435 -0.0065848 0.998954 13.6568
0.998875 2.94732e-05 0.0474144 0.127266 -0.000343007 0.999978 0.00660453 -0.238856 -0.0474132 -0.00661337 0.998853 13.8627
0.998831 -0.000225704 0.0483285 0.133187 -0.000102665 0.999977 0.00679195 -0.241546 -0.048329 -0.00678898 0.998808 14.0536
0.998747 0.000143805 0.0500281 0.140006 -0.000501215 0.999974 0.00713172 -0.244469 -0.0500258 -0.00714787 0.998722 14.2331
0.998685 9.67709e-05 0.0512626 0.150342 -0.000473846 0.999973 0.00734367 -0.247406 -0.0512605 -0.00735831 0.998658 14.4019
0.998608 -1.00187e-05 0.0527293 0.159138 -0.000385405 0.999972 0.00748898 -0.249859 -0.0527279 -0.00749889 0.998581 14.5618
0.998537 0.000280379 0.0540723 0.168417 -0.000688986 0.999971 0.00753819 -0.25185 -0.0540686 -0.00756442 0.998508 14.713
0.998446 0.00010803 0.0557209 0.176356 -0.000538835 0.99997 0.00771654 -0.252219 -0.0557184 -0.00773457 0.998416 14.8559
0.998401 0.000328052 0.0565258 0.183519 -0.000785222 0.999967 0.00806581 -0.251505 -0.0565213 -0.0080973 0.998369 14.9937
0.99833 0.000464592 0.0577635 0.1916 -0.000942183 0.999965 0.0082411 -0.251778 -0.0577577 -0.00828176 0.998296 15.1283
0.998346 0.000186734 0.0574796 0.200149 -0.000666404 0.999965 0.00832601 -0.252687 -0.0574761 -0.00835055 0.998312 15.261
0.998466 0.000332607 0.0553517 0.207509 -0.000796669 0.999964 0.00836204 -0.254084 -0.055347 -0.00839332 0.998432 15.3924
0.998638 9.2577e-05 0.0521659 0.211156 -0.000535015 0.999964 0.00846747 -0.25388 -0.0521633 -0.00848385 0.998603 15.522
0.998834 0.000340043 0.0482678 0.213944 -0.000751517 0.999963 0.00850697 -0.253472 -0.0482631 -0.00853333 0.998798 15.6531
0.999103 0.000315732 0.0423297 0.213938 -0.000681318 0.999962 0.0086225 -0.253167 -0.0423254 -0.00864361 0.999066 15.7845
0.999357 1.69639e-05 0.0358423 0.213092 -0.000331988 0.999961 0.00878325 -0.251795 -0.0358408 -0.00878951 0.999319 15.9139
0.999592 0.000148233 0.0285385 0.209697 -0.000401828 0.99996 0.00888056 -0.251762 -0.0285361 -0.00888841 0.999553 16.0462
0.999791 -9.52731e-05 0.0204349 0.203438 -8.81644e-05 0.999959 0.00897564 -0.249358 -0.0204349 -0.00897557 0.999751 16.1799
0.999941 0.000151406 0.0108454 0.197595 -0.000251181 0.999957 0.0091991 -0.246302 -0.0108435 -0.00920129 0.999899 16.3184
0.999998 0.00010408 -0.0018616 0.189779 -8.66118e-05 0.999956 0.00938034 -0.243647 0.00186251 -0.00938016 0.999954 16.4608
0.999845 -4.26791e-05 -0.0175587 0.178525 0.000208216 0.999955 0.00942587 -0.243173 0.0175575 -0.00942808 0.999801 16.6082
0.999319 0.000178217 -0.0368838 0.158756 0.000173328 0.999954 0.0095277 -0.241496 0.0368838 -0.00952761 0.999274 16.7678
0.998284 0.000133473 -0.0585559 0.134316 0.000430666 0.999953 0.00962144 -0.240862 0.0585545 -0.00963015 0.998238 16.9388
0.996617 -0.000163067 -0.0821804 0.102421 0.000964966 0.999952 0.00971815 -0.240158 0.0821749 -0.00976458 0.99657 17.1216
0.994087 0.000163314 -0.108586 0.0637986 0.000911095 0.999951 0.0098448 -0.241948 0.108583 -0.00988552 0.994038 17.3264
0.990372 -0.000106117 -0.138429 0.0143923 0.00150187 0.999949 0.00997832 -0.24143 0.138421 -0.0100902 0.990322 17.5427
0.985278 4.86352e-05 -0.170955 -0.0438895 0.00172777 0.999946 0.0102423 -0.242424 0.170947 -0.0103869 0.985225 17.7755
0.978162 0.000133198 -0.207844 -0.113681 0.00205599 0.999944 0.0103168 -0.241906 0.207834 -0.0105188 0.978108 18.0174
0.968863 -3.77934e-05 -0.247594 -0.198146 0.00269912 0.999942 0.0104093 -0.241339 0.24758 -0.0107535 0.968808 18.2646
0.95719 0.00478554 -0.289418 -0.301692 -0.000259168 0.999877 0.0156758 -0.239938 0.289458 -0.0149298 0.957074 18.5243
0.943428 0.00494406 -0.33154 -0.422468 0.000419133 0.99987 0.0161032 -0.239 0.331577 -0.0153311 0.943304 18.7908
0.927133 0.00489099 -0.3747 -0.559375 0.00147823 0.999859 0.0167089 -0.238248 0.374729 -0.0160453 0.926996 19.0583
0.908643 0.00842542 -0.417489 -0.717368 0.00152472 0.999723 0.0234941 -0.236538 0.417571 -0.0219843 0.908378 19.3343
0.887285 0.0127284 -0.461045 -0.894326 0.00102026 0.999562 0.0295591 -0.233862 0.46122 -0.0266978 0.886884 19.613
0.863013 0.0131828 -0.50501 -1.08937 0.00186074 0.999569 0.0292726 -0.231857 0.505179 -0.0262024 0.862617 19.8889
0.836092 0.0136582 -0.548419 -1.30817 0.00288497 0.999566 0.0292922 -0.230026 0.548581 -0.0260732 0.835691 20.17
0.805827 0.0141137 -0.591982 -1.54803 0.00381441 0.999571 0.0290235 -0.227566 0.592138 -0.025646 0.805428 20.4432
0.773573 0.0145425 -0.633539 -1.8142 0.00514239 0.99956 0.0292233 -0.224654 0.633686 -0.0258643 0.773158 20.7167
0.737418 0.0148096 -0.675273 -2.1022 0.00656086 0.999555 0.0290862 -0.221693 0.675404 -0.0258791 0.736993 20.9852
0.699557 0.0150304 -0.714418 -2.40677 0.00843907 0.999535 0.0292925 -0.218676 0.714526 -0.0265208 0.699106 21.245
0.659931 0.0155389 -0.751165 -2.73931 0.00941678 0.999536 0.0289499 -0.216765 0.751267 -0.0261785 0.659479 21.502
0.618135 0.0157738 -0.785913 -3.09464 0.0110996 0.999524 0.0287912 -0.210781 0.785993 -0.0265202 0.617666 21.7519
0.574678 0.0156817 -0.818229 -3.46912 0.013012 0.999515 0.0282951 -0.204181 0.818276 -0.0269074 0.574196 21.9902
0.530076 0.0164423 -0.84779 -3.875 0.0131036 0.999534 0.0275782 -0.196773 0.847849 -0.0257277 0.529613 22.2207
0.481502 0.0166699 -0.876286 -4.30095 0.0143871 0.999534 0.02692 -0.185923 0.876327 -0.0255692 0.481038 22.4262
0.430431 0.0169492 -0.902464 -4.75435 0.0162457 0.999516 0.0265204 -0.178332 0.902477 -0.0260764 0.429948 22.6213
0.377313 0.0170619 -0.925928 -5.23214 0.0178744 0.99951 0.0257015 -0.169829 0.925913 -0.0262479 0.376823 22.7972
0.324717 0.0174007 -0.945651 -5.73024 0.0187946 0.999514 0.0248455 -0.166523 0.945624 -0.0258409 0.324233 22.949
0.27403 0.0207382 -0.961497 -6.25488 0.0184775 0.999469 0.0268234 -0.155656 0.961544 -0.0251164 0.273501 23.0795
0.223915 0.0268426 -0.974238 -6.80037 0.0199804 0.999284 0.0321249 -0.141976 0.974404 -0.0266589 0.223219 23.1822
0.177026 0.0288841 -0.983782 -7.36265 0.0217322 0.999211 0.0332477 -0.129908 0.983966 -0.0272655 0.176259 23.2666
0.134106 0.0293337 -0.990532 -7.9475 0.0218709 0.999231 0.0325523 -0.118448 0.990726 -0.0260293 0.133362 23.3332
0.0952544 0.0292246 -0.995023 -8.55235 0.0220561 0.999261 0.0314605 -0.102916 0.995209 -0.0249431 0.0945396 23.3729
0.0606053 0.0243222 -0.997865 -9.17767 0.0176051 0.999521 0.0254318 -0.0922973 0.998006 -0.0191089 0.0601482 23.3932
0.0327937 0.0219439 -0.999221 -9.82196 0.0142692 0.999647 0.0224216 -0.0820219 0.99936 -0.0149933 0.0324691 23.3906
0.012716 0.0255485 -0.999592 -10.4936 0.0142416 0.999567 0.0257291 -0.0678819 0.999818 -0.014563 0.0123467 23.3798
0.000392846 0.0308344 -0.999524 -11.19 0.0149989 0.999412 0.0308368 -0.0522043 0.999887 -0.0150039 -6.98229e-05 23.3628
-0.00668173 0.0313523 -0.999486 -11.9084 0.0149899 0.999399 0.0312493 -0.0364419 0.999865 -0.0147734 -0.00714764 23.3443
-0.0105442 0.0294446 -0.99951 -12.6473 0.0147813 0.999462 0.0292872 -0.0215291 0.999835 -0.0144652 -0.0109737 23.3338
-0.0092976 0.0251405 -0.99964 -13.4043 0.0197193 0.999494 0.0249534 -0.00539808 0.999762 -0.0194802 -0.00978861 23.3224
-0.00505177 0.0229551 -0.999723 -14.1746 0.0330066 0.999195 0.0227762 0.0056958 0.999442 -0.0328824 -0.00580533 23.3283
0.000459692 0.0211017 -0.999777 -14.9727 0.0360446 0.999127 0.0211046 0.0178493 0.99935 -0.0360463 -0.000301271 23.3447
0.00620807 0.0210134 -0.99976 -15.7907 0.0349056 0.999165 0.0212177 0.0345537 0.999371 -0.0350289 0.00546945 23.3547
0.0114611 0.0167013 -0.999794 -16.6332 0.039306 0.99908 0.01714 0.0397441 0.999161 -0.0394944 0.0107942 23.3802
0.0128418 0.00528052 -0.999903 -17.4982 0.037202 0.999291 0.00575509 0.0383432 0.999225 -0.0372723 0.0126363 23.3961
0.0138582 -0.00310929 -0.999899 -18.385 0.0289199 0.999578 -0.00270746 0.0355838 0.999485 -0.0288795 0.0139424 23.4034
0.0132237 -0.00562846 -0.999896 -19.2975 0.0238729 0.9997 -0.00531162 0.0351397 0.999627 -0.0238002 0.0133542 23.4029
0.0090125 0.000634699 -0.999959 -20.2371 0.0170476 0.999854 0.000788298 0.0431391 0.999814 -0.017054 0.00900041 23.3926
0.00602159 0.00789854 -0.99995 -21.2119 0.013129 0.999882 0.00797708 0.0529175 0.999895 -0.0131764 0.00591722 23.3847
0.000384941 0.0165281 -0.999863 -22.205 0.012641 0.999783 0.0165317 0.0711653 0.99992 -0.0126456 0.000175968 23.3799
-0.00166103 0.0246417 -0.999695 -23.2216 0.0114635 0.999631 0.0246211 0.0880235 0.999933 -0.0114191 -0.00194285 23.3747
-0.00151081 0.0318325 -0.999492 -24.2571 0.013886 0.999397 0.0318085 0.111363 0.999902 -0.0138309 -0.00195188 23.3741
-0.0032085 0.033869 -0.999421 -25.3059 0.014122 0.999328 0.0338205 0.136199 0.999895 -0.0140053 -0.0036846 23.374
-0.00428381 0.030609 -0.999522 -26.3566 0.0125909 0.999453 0.030553 0.160987 0.999911 -0.012454 -0.00466682 23.3762
-0.00736724 0.0255631 -0.999646 -27.4092 0.00821169 0.999641 0.0255025 0.180015 0.999939 -0.0080209 -0.00757447 23.3723
-0.0117289 0.0209002 -0.999712 -28.4606 0.00657787 0.999761 0.0208241 0.192361 0.999909 -0.00633173 -0.0118635 23.3635
-0.0164532 0.0192281 -0.999679 -29.5152 0.0072874 0.99979 0.0191103 0.202806 0.999838 -0.00697064 -0.0165899 23.3504
-0.023312 0.0186973 -0.999553 -30.5718 0.00649461 0.999806 0.0185505 0.211325 0.999707 -0.00605926 -0.0234289 23.3277
-0.0296042 0.022047 -0.999318 -31.6362 0.00727704 0.999735 0.0218406 0.224168 0.999535 -0.00662551 -0.0297568 23.2991
-0.0368555 0.0258436 -0.998986 -32.7069 0.0068356 0.999648 0.0256085 0.245734 0.999297 -0.00588486 -0.0370192 23.2633
-0.0431596 0.0269666 -0.998704 -33.7815 0.00622837 0.999623 0.0267223 0.265795 0.999049 -0.00506697 -0.0433113 23.219
-0.0473295 0.02794 -0.998488 -34.8551 0.00463995 0.999604 0.0277513 0.283908 0.998868 -0.00331948 -0.0474404 23.1664
-0.0511139 0.0297562 -0.998249 -35.9293 9.54973e-05 0.999556 0.0297902 0.304657 0.998693 0.00142737 -0.0510941 23.1089
-0.0524273 0.0305391 -0.998157 -37.0073 -0.00275001 0.999524 0.0307254 0.326755 0.998621 0.0043558 -0.0523183 23.0473
-0.0549311 0.0312374 -0.998001 -38.0883 -0.00279657 0.999501 0.0314383 0.352261 0.998486 0.00451792 -0.0548164 22.9829
-0.0563454 0.0313979 -0.997917 -39.1679 -0.00283744 0.999496 0.0316078 0.377826 0.998407 0.00461249 -0.0562279 22.9201
-0.0570316 0.0313467 -0.99788 -40.247 -0.00347882 0.999494 0.0315962 0.401325 0.998366 0.00527343 -0.0568937 22.8555
-0.0585005 0.0312178 -0.997799 -41.3296 -0.00387339 0.999496 0.031498 0.422146 0.99828 0.00570752 -0.0583501 22.7867
-0.0592495 0.0305802 -0.997774 -42.414 -0.00598563 0.999501 0.0309886 0.446332 0.998225 0.00780837 -0.0590369 22.7136
-0.058746 0.0270803 -0.997905 -43.4995 -0.0115588 0.999546 0.0278053 0.472599 0.998206 0.013168 -0.0584063 22.6394
-0.0582028 0.0267918 -0.997945 -44.58 -0.0123239 0.999544 0.0275535 0.502071 0.998228 0.0139023 -0.057846 22.563
-0.0553442 0.0296154 -0.998028 -45.6695 -0.0120291 0.999467 0.0303252 0.530653 0.998395 0.0136837 -0.0549585 22.4909
-0.0549626 0.0304 -0.998025 -46.77 -0.0121077 0.999442 0.03111 0.561349 0.998415 0.0137937 -0.0545639 22.4226
-0.0524662 0.0319534 -0.998111 -47.8713 -0.0121935 0.999393 0.0326354 0.58921 0.998548 0.0138828 -0.0520446 22.3517
-0.0510759 0.0316295 -0.998194 -48.9693 -0.0125253 0.999399 0.0323087 0.612191 0.998616 0.0141529 -0.050649 22.2849
-0.046774 0.032121 -0.998389 -50.072 -0.014223 0.99936 0.0328186 0.637295 0.998804 0.0157352 -0.0462872 22.2238
-0.0403688 0.0324602 -0.998657 -51.1814 -0.0189463 0.999267 0.0332459 0.666801 0.999005 0.020263 -0.0397242 22.1671
-0.0351952 0.0324388 -0.998854 -52.3013 -0.0210444 0.999227 0.0331925 0.696203 0.999159 0.0221885 -0.0344853 22.1157
-0.0284834 0.0325646 -0.999064 -53.4254 -0.0215563 0.999216 0.0331842 0.728026 0.999361 0.0224813 -0.0277591 22.0706
-0.0234986 0.0327519 -0.999187 -54.5548 -0.0213782 0.999218 0.0332557 0.757406 0.999495 0.0221423 -0.02278 22.0335
-0.0177414 0.0326665 -0.999309 -55.6917 -0.0207312 0.999239 0.0330323 0.785431 0.999627 0.0213029 -0.0170507 22.0058
-0.0114686 0.0333296 -0.999379 -56.8332 -0.0208493 0.999219 0.0335635 0.814175 0.999716 0.0212213 -0.0107647 21.9853
-0.00675072 0.0339212 -0.999402 -57.9818 -0.0201407 0.999217 0.034051 0.840635 0.999774 0.0203586 -0.00606221 21.9739
-0.00152663 0.0342815 -0.999411 -59.1326 -0.0214009 0.999182 0.0343064 0.87083 0.999769 0.0214407 -0.000791705 21.9642
0.00474178 0.0344576 -0.999395 -60.2864 -0.0212555 0.999183 0.0343495 0.900657 0.999762 0.0210798 0.00547035 21.9603
0.00856612 0.0309736 -0.999483 -61.441 -0.0211836 0.999301 0.0307864 0.928292 0.999738 0.020909 0.00921629 21.9607
0.0136083 0.0259501 -0.99957 -62.5972 -0.020235 0.999465 0.0256719 0.951032 0.999702 0.019877 0.0141262 21.9665
0.0169573 0.0260388 -0.999517 -63.753 -0.0204546 0.99946 0.0256903 0.977787 0.999646 0.0200091 0.0174808 21.9772
0.020597 0.0272099 -0.999417 -64.9143 -0.0204486 0.999431 0.0267889 1.00569 0.999578 0.0198849 0.0211418 21.9949
0.0239002 0.0276222 -0.999333 -66.0794 -0.0206553 0.999418 0.0271305 1.02956 0.9995 0.0199931 0.0244569 22.0155
0.0237792 0.0279563 -0.999326 -67.2471 -0.021211 0.999398 0.0274536 1.05528 0.999492 0.0205439 0.0243579 22.0391
0.0253021 0.028861 -0.999263 -68.4191 -0.0214859 0.999368 0.02832 1.07915 0.999448 0.0207535 0.0259062 22.0609
0.0256922 0.0292492 -0.999242 -69.5966 -0.0215991 0.999354 0.0286972 1.09989 0.999436 0.0208454 0.0263074 22.0817
0.0271268 0.0293598 -0.999201 -70.7745 -0.021931 0.999345 0.0287687 1.12156 0.999391 0.021133 0.027753 22.105
0.028869 0.0297542 -0.99914 -71.9517 -0.0214178 0.999345 0.0291415 1.14198 0.999353 0.0205581 0.0294874 22.1294
0.0288615 0.0302663 -0.999125 -73.1364 -0.019478 0.999368 0.029711 1.16339 0.999393 0.0186034 0.0294328 22.1581
0.0291769 0.0308303 -0.999099 -74.3248 -0.0183434 0.999372 0.0303031 1.18742 0.999405 0.0174427 0.0297242 22.1845
0.0301303 0.0326702 -0.999012 -75.5114 -0.0186753 0.999309 0.0321167 1.21218 0.999371 0.0176892 0.0307196 22.2125
0.029561 0.034794 -0.998957 -76.7031 -0.0198264 0.999217 0.0342164 1.23983 0.999366 0.0187942 0.0302277 22.237
0.0307892 0.0353715 -0.9989 -77.8907 -0.0205456 0.999184 0.0347483 1.27013 0.999314 0.0194532 0.0314909 22.2646
0.0306459 0.035169 -0.998911 -79.0703 -0.0207008 0.999188 0.0345437 1.29844 0.999315 0.0196197 0.0313491 22.2945
0.0311297 0.0352094 -0.998895 -80.2569 -0.0205294 0.999191 0.0345801 1.33285 0.999304 0.0194303 0.0318273 22.3246
0.0325612 0.0353346 -0.998845 -81.4265 -0.01907 0.999214 0.0347261 1.36115 0.999287 0.0179172 0.0332095 22.3588
0.031657 0.0368108 -0.99882 -82.6015 -0.017258 0.999192 0.0362775 1.37625 0.999349 0.0160892 0.0322668 22.3944
0.0321395 0.0387165 -0.998733 -83.7728 -0.0165275 0.999133 0.0382001 1.40576 0.999346 0.0152789 0.0327516 22.42
0.0338176 0.040337 -0.998613 -84.9451 -0.0167598 0.999067 0.0397878 1.43898 0.999287 0.015391 0.0344621 22.4536
0.0332887 0.0405994 -0.998621 -86.1237 -0.0171902 0.99905 0.0400438 1.47748 0.999297 0.0158335 0.033955 22.4922
0.0347556 0.0404681 -0.998576 -87.2875 -0.0171171 0.999057 0.0398918 1.5132 0.999249 0.0157063 0.0354156 22.5296
0.0339188 0.0403382 -0.99861 -88.4605 -0.016399 0.999073 0.0397999 1.54762 0.999289 0.0150262 0.0345488 22.5699
0.0338672 0.0409722 -0.998586 -89.6249 -0.0148802 0.999069 0.0404873 1.58309 0.999315 0.013488 0.0344454 22.6144
0.0349455 0.0426573 -0.998478 -90.7909 -0.0135242 0.999017 0.042207 1.61826 0.999297 0.0120287 0.0354881 22.6592
0.0342861 0.0442707 -0.998431 -91.9599 -0.0125198 0.998959 0.0438642 1.6567 0.999333 0.0109963 0.0348047 22.7004
0.0346834 0.0454612 -0.998364 -93.1331 -0.0127516 0.998903 0.0450428 1.69187 0.999316 0.0111685 0.0352251 22.7364
0.0364279 0.0467076 -0.998244 -94.29 -0.0137071 0.998836 0.0462351 1.72748 0.999242 0.0119988 0.0370257 22.7716
0.0360591 0.0470797 -0.99824 -95.4484 -0.0145075 0.998809 0.0465824 1.76573 0.999244 0.0128023 0.0366992 22.8054
0.0376591 0.0452812 -0.998264 -96.61 -0.0165738 0.998863 0.0446831 1.8026 0.999153 0.0148623 0.0383668 22.8403
0.0373252 0.04527 -0.998277 -97.7757 -0.0170832 0.998856 0.0446575 1.84134 0.999157 0.0153869 0.0380559 22.8745
0.0372708 0.0455829 -0.998265 -98.9318 -0.016933 0.998844 0.0449771 1.87665 0.999161 0.0152273 0.0379996 22.9139
0.0384647 0.0466638 -0.998169 -100.087 -0.0164736 0.998802 0.0460586 1.9141 0.999124 0.0146718 0.0391874 22.9578
0.0372631 0.0488651 -0.99811 -101.249 -0.0168047 0.998693 0.0482663 1.95314 0.999164 0.0149744 0.0380356 22.9996
0.0384399 0.0503987 -0.997989 -102.414 -0.0163845 0.998624 0.0497997 1.99475 0.999126 0.0144373 0.0392128 23.0451
0.0371143 0.0506706 -0.998025 -103.583 -0.0193481 0.998562 0.0499784 2.03544 0.999123 0.017455 0.0380413 23.0846
0.0368754 0.0514648 -0.997993 -104.752 -0.0219355 0.998474 0.0506791 2.08061 0.999079 0.0200227 0.037948 23.1196
0.0374782 0.0517016 -0.997959 -105.927 -0.0234083 0.998432 0.050847 2.12751 0.999023 0.0214549 0.0386297 23.1558
0.0362924 0.0505204 -0.998063 -107.105 -0.0238062 0.998481 0.0496759 2.16972 0.999057 0.0219572 0.03744 23.189
0.0352141 0.0488863 -0.998183 -108.289 -0.0248047 0.998537 0.0480286 2.21149 0.999071 0.0230684 0.0363752 23.2196
0.0354483 0.0483638 -0.9982 -109.479 -0.021993 0.998624 0.0476033 2.25678 0.999129 0.0202659 0.0364632 23.2559
0.0342638 0.0482364 -0.998248 -110.675 -0.0168782 0.99872 0.0476799 2.30042 0.99927 0.0152149 0.0350341 23.2965
0.0347376 0.0492574 -0.998182 -111.876 -0.0173621 0.998663 0.0486769 2.34406 0.999245 0.0156396 0.0355464 23.3358
0.0330225 0.0511101 -0.998147 -113.08 -0.0172873 0.998571 0.0505599 2.39559 0.999305 0.0155857 0.0338589 23.3728
0.0324709 0.0516357 -0.998138 -114.291 -0.0167746 0.998552 0.0511114 2.44892 0.999331 0.0150838 0.0332901 23.4126
0.0331004 0.0490438 -0.998248 -115.512 -0.0170151 0.998678 0.0485007 2.49795 0.999307 0.0153799 0.0338911 23.4486
0.0313041 0.0490094 -0.998307 -116.737 -0.0175104 0.99867 0.0484781 2.54906 0.999356 0.0159633 0.0321207 23.475
0.0313091 0.0489623 -0.99831 -117.963 -0.0171053 0.998679 0.048444 2.5913 0.999363 0.0155597 0.0321053 23.5069
0.0299801 0.0505282 -0.998272 -119.198 -0.0183138 0.998581 0.0499938 2.63598 0.999382 0.0167833 0.030863 23.5337
0.0294487 0.0544753 -0.998081 -120.444 -0.021494 0.998317 0.053854 2.6902 0.999335 0.0198668 0.0305701 23.5584
0.0303004 0.0591633 -0.997788 -121.699 -0.0259241 0.997957 0.0583861 2.74794 0.999204 0.0240976 0.0317723 23.5833
0.0289935 0.0599136 -0.997782 -122.957 -0.0329111 0.997718 0.0589534 2.80924 0.999037 0.0311288 0.0308992 23.6031
0.0289416 0.0596707 -0.997798 -124.22 -0.0375808 0.997575 0.0585674 2.87328 0.998874 0.0358031 0.0311139 23.6209
0.0298183 0.059994 -0.997753 -125.487 -0.0377044 0.997554 0.0588553 2.93846 0.998843 0.0358647 0.0320074 23.6473
0.0280136 0.0602322 -0.997791 -126.749 -0.0376463 0.997538 0.05916 3.00485 0.998898 0.0359059 0.0302122 23.6719
0.0286116 0.060818 -0.997738 -128.015 -0.0376334 0.997505 0.0597246 3.06631 0.998881 0.0358395 0.030829 23.6988
0.0272142 0.0613305 -0.997746 -129.282 -0.0375752 0.997473 0.0602889 3.12738 0.998923 0.0358498 0.0294499 23.7244
0.0269184 0.0644655 -0.997557 -130.553 -0.0377162 0.997273 0.0634295 3.19113 0.998925 0.0359167 0.0292765 23.7512
0.0277604 0.0663501 -0.99741 -131.823 -0.0372836 0.997169 0.0652963 3.25462 0.998919 0.0353744 0.0301556 23.7792
0.0268507 0.0664971 -0.997425 -133.092 -0.0374995 0.997149 0.0654692 3.32017 0.998935 0.0356451 0.0292678 23.8035
0.0276688 0.0663324 -0.997414 -134.36 -0.0376011 0.997159 0.0652724 3.38834 0.998909 0.0356979 0.0300844 23.8316
0.0295424 0.0669449 -0.997319 -135.628 -0.0371383 0.997139 0.0658327 3.45141 0.998873 0.0350939 0.0319442 23.862
0.0297069 0.0670114 -0.99731 -136.896 -0.0377035 0.997115 0.0658753 3.5173 0.998847 0.0356451 0.0321478 23.8919
0.0311601 0.0683135 -0.997177 -138.165 -0.0377634 0.997029 0.0671233 3.58235 0.9988 0.0355653 0.0336473 23.9235
0.0315355 0.069903 -0.997055 -139.434 -0.0382792 0.996904 0.0686817 3.64713 0.998769 0.0360006 0.0341137 23.954
0.0328603 0.0708431 -0.996946 -140.7 -0.0389044 0.996819 0.0695518 3.71332 0.998702 0.0365001 0.0355119 23.9874
0.0349432 0.0697848 -0.99695 -141.959 -0.0398644 0.996862 0.0683815 3.78364 0.998594 0.0373534 0.0376155 24.0219
0.0342166 0.069949 -0.996963 -143.211 -0.0394978 0.996863 0.0685864 3.85013 0.998633 0.0370311 0.0368721 24.0584
0.0343826 0.0697878 -0.996969 -144.464 -0.0381796 0.996922 0.0684679 3.91577 0.998679 0.0357098 0.0369413 24.0987
0.0351093 0.070039 -0.996926 -145.716 -0.0372447 0.99694 0.0687283 3.98082 0.998689 0.0347173 0.0376104 24.1399
0.0345227 0.0705836 -0.996908 -146.966 -0.0364475 0.996928 0.0693229 4.04738 0.998739 0.0339416 0.0369892 24.1824
0.0357094 0.0709837 -0.996838 -148.216 -0.0349548 0.996952 0.0697397 4.11133 0.99875 0.032354 0.0380818 24.2256
0.0347973 0.071423 -0.996839 -149.461 -0.0346175 0.99693 0.0702211 4.18016 0.998794 0.0320646 0.037163 24.2643
0.035116 0.0724666 -0.996752 -150.704 -0.03395 0.996878 0.0712797 4.24522 0.998806 0.0313367 0.0374666 24.3028
0.0357902 0.0736086 -0.996645 -151.946 -0.0320431 0.996855 0.0724735 4.3114 0.998845 0.0293417 0.0380363 24.3425
0.0347453 0.0740069 -0.996652 -153.178 -0.0310698 0.996852 0.0729386 4.38081 0.998913 0.0284316 0.0369353 24.3817
0.0342452 0.0744015 -0.99664 -154.409 -0.0319948 0.996795 0.0733137 4.45208 0.998901 0.0293766 0.036516 24.4202
0.0358613 0.0779331 -0.996313 -155.638 -0.0323343 0.996523 0.0767857 4.52449 0.998833 0.0294615 0.0382566 24.4572
0.0352437 0.0833373 -0.995898 -156.867 -0.0348244 0.996014 0.0821147 4.60683 0.998771 0.0317876 0.0380054 24.4861
0.0373882 0.0844556 -0.995725 -158.091 -0.0405859 0.995728 0.0829319 4.69219 0.998476 0.0373118 0.0406562 24.5168
0.0372961 0.0815901 -0.995968 -159.307 -0.0438068 0.995836 0.0799389 4.77726 0.998343 0.0406488 0.040715 24.5457
0.0385763 0.0770678 -0.996279 -160.517 -0.046586 0.996076 0.0752483 4.85458 0.998169 0.0435099 0.0420152 24.5759
0.0404014 0.0772726 -0.996191 -161.723 -0.0473496 0.996033 0.0753401 4.93499 0.99806 0.0441254 0.0438999 24.6083
0.0406764 0.0754268 -0.996321 -162.926 -0.0434648 0.996336 0.0736535 5.0089 0.998226 0.0403089 0.0438058 24.6421
0.0409002 0.0718908 -0.996573 -164.121 -0.0392597 0.996753 0.0702925 5.08064 0.998391 0.0362502 0.0435899 24.6779
0.0412669 0.0716726 -0.996574 -165.31 -0.034133 0.996942 0.0702857 5.14682 0.998564 0.0311156 0.0435871 24.7179
0.0397803 0.0723259 -0.996587 -166.492 -0.0305713 0.996998 0.0711354 5.21859 0.99874 0.0276372 0.041872 24.7526
0.0404899 0.076762 -0.996227 -167.675 -0.0314065 0.996649 0.0755181 5.29524 0.998686 0.0282303 0.042765 24.7912
0.0414197 0.0784224 -0.996059 -168.867 -0.0322479 0.9965 0.0771161 5.37514 0.998621 0.0289268 0.0438037 24.832
0.0432611 0.0765057 -0.99613 -170.047 -0.0329893 0.996629 0.0751113 5.4491 0.998519 0.0296123 0.0456391 24.8727
0.0442233 0.0764616 -0.996091 -171.219 -0.0331861 0.996629 0.0750295 5.52089 0.99847 0.0297384 0.0466117 24.9165
0.0448601 0.0778863 -0.995952 -172.38 -0.0327969 0.996533 0.0764545 5.59143 0.998454 0.0292345 0.047259 24.9653
0.0452235 0.0780722 -0.995921 -173.537 -0.0331448 0.996509 0.0766133 5.66122 0.998426 0.0295449 0.0476533 25.0152
0.0471389 0.0785864 -0.995792 -174.69 -0.0337186 0.996457 0.0770427 5.73099 0.998319 0.0299451 0.0496218 25.0706
0.047462 0.0797659 -0.995683 -175.833 -0.0342612 0.996349 0.0781862 5.80359 0.998285 0.0304024 0.0500217 25.1249
0.0498517 0.0809182 -0.995473 -176.963 -0.0343131 0.996262 0.079264 5.87773 0.998167 0.0302063 0.052442 25.1818
0.0494852 0.0817821 -0.995421 -178.076 -0.0347391 0.996179 0.0801175 5.94735 0.99817 0.0306154 0.0521372 25.2357
0.0501388 0.0826002 -0.995321 -179.167 -0.0351243 0.996103 0.0808958 6.01833 0.998124 0.030904 0.0528448 25.2902
0.051195 0.0832636 -0.995211 -180.239 -0.0349617 0.996056 0.0815359 6.08802 0.998076 0.0306201 0.0539042 25.3437
0.0513009 0.0833503 -0.995199 -181.29 -0.0354905 0.996033 0.0815907 6.16033 0.998052 0.0311345 0.0540556 25.3971
0.0528266 0.0834533 -0.99511 -182.314 -0.0361586 0.996008 0.0816091 6.22781 0.997948 0.0316707 0.0556333 25.4477
0.0549604 0.0839231 -0.994955 -183.32 -0.0364315 0.995966 0.081996 6.29896 0.997823 0.0317412 0.0577961 25.501
0.055289 0.0839583 -0.994934 -184.298 -0.0362735 0.995969 0.0820299 6.36872 0.997811 0.0315544 0.0581117 25.5578
0.0532293 0.0822442 -0.99519 -185.253 -0.0344168 0.996161 0.0804837 6.43037 0.997989 0.0299672 0.0558555 25.6055
0.047697 0.0817349 -0.995512 -186.186 -0.0342729 0.996193 0.0801488 6.49692 0.998273 0.0302963 0.0503167 25.6502
0.0431111 0.0812395 -0.995762 -187.109 -0.0343257 0.99622 0.0797908 6.56035 0.99848 0.0307404 0.0457368 25.6875
0.0404255 0.0813975 -0.995861 -188.021 -0.0344467 0.996197 0.0800266 6.6182 0.998588 0.0310691 0.0430757 25.7222
0.0364045 0.0819436 -0.995972 -188.932 -0.0345494 0.996139 0.0806946 6.6804 0.998739 0.0314726 0.0390951 25.7498
0.0356792 0.0828936 -0.995919 -189.842 -0.0339578 0.996079 0.0816904 6.74243 0.998786 0.0309046 0.0383542 25.782
0.0327931 0.0837582 -0.995946 -190.751 -0.0328816 0.996033 0.0826828 6.79907 0.998921 0.030037 0.0354171 25.8112
0.0314062 0.0840592 -0.995966 -191.656 -0.0322673 0.996023 0.0830466 6.86045 0.998985 0.029529 0.0339937 25.8379
0.0313448 0.0841356 -0.995961 -192.556 -0.0328209 0.996 0.0831059 6.919 0.998969 0.0300834 0.0339808 25.8672
0.029868 0.0840858 -0.996011 -193.453 -0.0338496 0.995968 0.0830672 6.97941 0.99898 0.0312335 0.0325939 25.8882
0.0307337 0.084153 -0.995979 -194.346 -0.0352701 0.99592 0.0830597 7.04259 0.998905 0.0325756 0.0335764 25.9107
0.0306345 0.0840398 -0.995991 -195.243 -0.0361342 0.9959 0.0829208 7.10511 0.998877 0.0334492 0.0335456 25.9282
0.0312489 0.08404 -0.995972 -196.14 -0.0364568 0.995891 0.0828894 7.1691 0.998846 0.0337198 0.0341844 25.9512
0.0325141 0.0838425 -0.995948 -197.033 -0.0366639 0.995904 0.0826419 7.23407 0.998798 0.0338284 0.0354549 25.9757
0.0324857 0.0843386 -0.995907 -197.933 -0.0367365 0.99586 0.0831363 7.30242 0.998796 0.0338854 0.0354495 25.9987
0.0327125 0.0858483 -0.995771 -198.84 -0.0365613 0.99574 0.0846446 7.36902 0.998795 0.0336377 0.0357119 26.0217
0.0332506 0.0866846 -0.995681 -199.749 -0.0362929 0.995679 0.0854725 7.43438 0.998787 0.0332941 0.036253 26.0541
0.0331386 0.0832807 -0.995975 -200.667 -0.0315319 0.996113 0.0822432 7.49121 0.998953 0.0286795 0.0356358 26.0806
0.0338971 0.0823377 -0.996028 -201.589 -0.0309558 0.996208 0.0812991 7.54805 0.998945 0.028077 0.0363175 26.11
0.0334051 0.0837309 -0.995928 -202.521 -0.0338939 0.996006 0.0826006 7.61213 0.998866 0.0309966 0.0361097 26.1299
0.0346567 0.0851038 -0.995769 -203.459 -0.0339748 0.995892 0.0839318 7.6832 0.998821 0.0309223 0.0374058 26.1521
0.0371406 0.0856822 -0.99563 -204.403 -0.0339982 0.995848 0.0844328 7.75396 0.998731 0.0307138 0.0398995 26.1852
0.0381906 0.0861957 -0.995546 -205.357 -0.0339923 0.995808 0.0849144 7.82212 0.998692 0.030598 0.0409605 26.2139
0.0406896 0.0898414 -0.995125 -206.318 -0.0343726 0.995485 0.0884686 7.90066 0.99858 0.0306053 0.0435941 26.2471
0.0415402 0.0932088 -0.99478 -207.291 -0.032998 0.995223 0.0918725 7.97444 0.998591 0.0290093 0.0444175 26.2817
0.0428462 0.0941936 -0.994631 -208.268 -0.0332293 0.995129 0.0928094 8.04691 0.998528 0.0290744 0.0457675 26.3185
0.0456728 0.095058 -0.994423 -209.255 -0.0351683 0.994998 0.0934977 8.1275 0.998337 0.0307019 0.0487874 26.3618
0.0478673 0.0964637 -0.994185 -210.251 -0.036097 0.994842 0.0947895 8.21483 0.998201 0.0313498 0.0511025 26.4041
0.0521998 0.0970096 -0.993914 -211.253 -0.0369397 0.994776 0.0951538 8.30074 0.997953 0.0317479 0.0555107 26.4505
0.0544506 0.0964126 -0.993851 -212.265 -0.0383726 0.994794 0.0944018 8.38871 0.997778 0.0329965 0.0578668 26.497
0.0570421 0.0961512 -0.993731 -213.282 -0.038425 0.994825 0.0940514 8.4755 0.997631 0.0328192 0.0604415 26.5529
0.0594531 0.0962361 -0.993581 -214.309 -0.0383489 0.994827 0.0940621 8.55882 0.997494 0.0325105 0.0628362 26.6156
0.060535 0.0982238 -0.993322 -215.343 -0.0390691 0.994617 0.095971 8.64354 0.9974 0.0329985 0.0640467 26.6746
0.0625332 0.0995296 -0.993068 -216.385 -0.0401524 0.99446 0.0971408 8.73421 0.997234 0.0337996 0.0661832 26.7397
0.0631484 0.100086 -0.992973 -217.435 -0.0400747 0.99441 0.0976819 8.8262 0.997198 0.0336246 0.0668064 26.8044
0.0640832 0.0979204 -0.993129 -218.492 -0.0394203 0.994646 0.0955264 8.91566 0.997165 0.0330278 0.0676002 26.8739
0.0654791 0.0967913 -0.993149 -219.556 -0.0383662 0.994792 0.094422 9.01303 0.997115 0.0319207 0.0688517 26.9467
0.0645283 0.096444 -0.993245 -220.629 -0.0363503 0.994885 0.0942418 9.10067 0.997253 0.0300235 0.067704 27.0167
0.0656442 0.0965489 -0.993161 -221.706 -0.0372412 0.994851 0.0942518 9.19604 0.997147 0.0307994 0.0689019 27.0834
0.0651053 0.0969997 -0.993153 -222.795 -0.0368889 0.994817 0.0947441 9.28831 0.997196 0.0304679 0.0683462 27.1563
0.0653461 0.0981812 -0.993021 -223.879 -0.0386688 0.994649 0.0957977 9.38311 0.997112 0.0321389 0.0687931 27.2213
0.0662189 0.0995395 -0.992828 -224.976 -0.0386025 0.994522 0.0971347 9.47546 0.997057 0.0318935 0.0696987 27.2898
0.0645343 0.101111 -0.99278 -226.078 -0.0389628 0.99435 0.0987385 9.57546 0.997154 0.0323095 0.0681094 27.3609
0.063938 0.102545 -0.992671 -227.194 -0.0400226 0.994169 0.100122 9.67241 0.99715 0.0333277 0.0676694 27.435
0.0645065 0.10374 -0.992511 -228.323 -0.0413642 0.994005 0.101207 9.77237 0.997059 0.0345259 0.0684109 27.5089
0.0619281 0.104066 -0.992641 -229.458 -0.0428959 0.993908 0.101523 9.87909 0.997158 0.0362931 0.0660148 27.5666
0.0626506 0.10101 -0.992911 -230.597 -0.0419341 0.994253 0.0985005 9.97758 0.997153 0.0354657 0.0665263 27.6354
0.0600128 0.095889 -0.993581 -231.739 -0.0394472 0.994825 0.0936264 10.0793 0.997417 0.0335752 0.0634849 27.7036
0.0583872 0.0919865 -0.994047 -232.893 -0.0353291 0.995312 0.0900285 10.1751 0.997668 0.0298623 0.0613634 27.7733
0.0578075 0.0921755 -0.994063 -234.078 -0.0296075 0.995448 0.0905823 10.2788 0.997888 0.0241954 0.0602735 27.8522
0.054222 0.0954983 -0.993952 -235.257 -0.0245092 0.995243 0.0942854 10.3786 0.998227 0.0192486 0.0563047 27.9188
0.0521258 0.0971176 -0.993907 -236.439 -0.022242 0.995126 0.0960703 10.48 0.998392 0.0170987 0.0540319 27.9782
0.0520643 0.0977214 -0.993851 -237.636 -0.0219066 0.995073 0.096694 10.5814 0.998403 0.0167376 0.0539485 28.0467
0.0483674 0.098435 -0.993967 -238.834 -0.0218774 0.994997 0.0974725 10.6929 0.998589 0.0170309 0.050279 28.1039
0.0460416 0.0998154 -0.99394 -240.037 -0.0212749 0.994867 0.0989231 10.8013 0.998712 0.0165914 0.0479288 28.1565
0.0453338 0.100582 -0.993895 -241.253 -0.0210081 0.994794 0.099715 10.9075 0.99875 0.0163594 0.0472109 28.2088
0.0416245 0.100398 -0.994076 -242.474 -0.0210954 0.994805 0.0995887 11.0208 0.99891 0.0168251 0.0435263 28.253
0.0409416 0.100718 -0.994072 -243.705 -0.0213279 0.994767 0.0999096 11.1345 0.998933 0.0171111 0.0428755 28.2986
0.03736 0.101741 -0.994109 -244.944 -0.0215982 0.994653 0.100985 11.2486 0.999068 0.0176982 0.0393578 28.3419
0.0350592 0.102816 -0.994082 -246.192 -0.0217982 0.994535 0.102095 11.358 0.999147 0.0180899 0.0371089 28.3832
0.0340804 0.104272 -0.993965 -247.443 -0.0226735 0.994367 0.103536 11.4715 0.999161 0.0190081 0.0362527 28.4243
0.0303046 0.105732 -0.993933 -248.702 -0.02295 0.994201 0.105061 11.5878 0.999276 0.0196269 0.0325554 28.457
0.0287427 0.106451 -0.993902 -249.964 -0.0238411 0.994103 0.105783 11.6927 0.999302 0.0206553 0.0311112 28.49
0.0294576 0.107175 -0.993804 -251.225 -0.0246294 0.994011 0.106467 11.8096 0.999262 0.0213405 0.0319209 28.5192
0.0285691 0.107689 -0.993774 -252.487 -0.0243836 0.993959 0.107008 11.9273 0.999294 0.0211747 0.0310224 28.5382
0.0299647 0.107648 -0.993737 -253.752 -0.0241585 0.993971 0.106945 12.0434 0.999258 0.0208027 0.0323847 28.5677
0.0291213 0.107543 -0.993774 -255.017 -0.023229 0.993999 0.106887 12.1612 0.999305 0.0199717 0.0314447 28.6001
0.0293624 0.108114 -0.993705 -256.28 -0.021967 0.993963 0.107493 12.2828 0.999327 0.0186725 0.0315601 28.6293
0.0304817 0.108798 -0.993596 -257.538 -0.0219497 0.993891 0.108157 12.4079 0.999293 0.0185124 0.0326836 28.6666
0.0299096 0.109203 -0.993569 -258.8 -0.0217078 0.99385 0.10858 12.5368 0.999316 0.0183206 0.0320962 28.7025
0.0316198 0.109937 -0.993436 -260.055 -0.0212973 0.993781 0.109297 12.6642 0.999272 0.0177015 0.0337645 28.7426
0.0309545 0.11065 -0.993377 -261.315 -0.0204811 0.993715 0.110049 12.7952 0.99931 0.016939 0.0330262 28.7795
0.0312067 0.111653 -0.993257 -262.573 -0.0178018 0.993645 0.111138 12.9221 0.999354 0.0142135 0.032996 28.8187
0.0329565 0.11611 -0.99269 -263.824 -0.0141737 0.993183 0.115698 13.0473 0.999355 0.0102571 0.0343776 28.8579
0.0324948 0.117434 -0.992549 -265.074 -0.0132205 0.993037 0.117059 13.1783 0.999384 0.00931814 0.0338211 28.8955
0.0320979 0.117443 -0.992561 -266.317 -0.0138658 0.993029 0.11705 13.3099 0.999388 0.0100056 0.0335026 28.9363
0.0333087 0.117584 -0.992504 -267.555 -0.0151461 0.993 0.117134 13.4422 0.999329 0.011131 0.0348566 28.9715
0.0317014 0.120758 -0.992176 -268.795 -0.0197895 0.992555 0.120172 13.575 0.999301 0.015825 0.0338552 28.9995
0.0327078 0.126587 -0.991416 -270.032 -0.0245116 0.99175 0.125821 13.7156 0.999163 0.0201858 0.0355408 29.0299
0.0321216 0.126867 -0.9914 -271.273 -0.0252711 0.991697 0.126086 13.8522 0.999164 0.0210037 0.035061 29.0531
0.0320598 0.12096 -0.99214 -272.509 -0.0262629 0.992409 0.120144 13.979 0.99914 0.0222047 0.0349932 29.0834
0.0330515 0.115518 -0.992756 -273.738 -0.024317 0.993097 0.114748 14.1025 0.999157 0.0203483 0.0356324 29.1181
0.0321677 0.114648 -0.992885 -274.973 -0.0194102 0.993283 0.114065 14.2286 0.999293 0.0156029 0.034177 29.1511
0.0333809 0.114964 -0.992809 -276.207 -0.0159478 0.993297 0.114484 14.3553 0.999314 0.0120115 0.0349907 29.188
0.0360919 0.116377 -0.992549 -277.437 -0.0157536 0.993139 0.115873 14.4828 0.999223 0.0114542 0.0376777 29.2296
0.0360198 0.117712 -0.992395 -278.664 -0.0156462 0.992983 0.117214 14.6119 0.999228 0.0113052 0.0376089 29.2723
0.037608 0.118772 -0.992209 -279.891 -0.0164082 0.992851 0.118227 14.7367 0.999157 0.0118341 0.0392881 29.3145
0.0374255 0.119622 -0.992114 -281.116 -0.0166729 0.992746 0.11907 14.8667 0.999159 0.0120851 0.0391485 29.3541
0.0382457 0.119773 -0.992065 -282.342 -0.0164745 0.992731 0.119219 14.9973 0.999132 0.0117842 0.0399409 29.3976
0.0389564 0.119486 -0.992072 -283.561 -0.0170877 0.992759 0.118898 15.1316 0.999094 0.0123204 0.0407161 29.4417
0.0382117 0.119452 -0.992105 -284.782 -0.0170826 0.992762 0.118874 15.264 0.999123 0.0124054 0.0399757 29.4847
0.0382188 0.119782 -0.992065 -286.003 -0.0174947 0.992717 0.119187 15.394 0.999115 0.0128006 0.0400361 29.5278
0.0392648 0.119983 -0.991999 -287.224 -0.0179803 0.992688 0.119355 15.5271 0.999066 0.01315 0.0411351 29.5724
0.0386936 0.120403 -0.991971 -288.445 -0.0180895 0.992636 0.119778 15.6613 0.999086 0.0133096 0.0405867 29.6183
0.03985 0.120727 -0.991886 -289.666 -0.0181086 0.992598 0.120086 15.7984 0.999041 0.0131762 0.0417413 29.6621
0.0391602 0.120639 -0.991924 -290.897 -0.0182359 0.992606 0.120002 15.9378 0.999066 0.0133894 0.0410707 29.7149
0.0403166 0.120267 -0.991923 -292.112 -0.0188349 0.992644 0.119589 16.0729 0.999009 0.0138613 0.0422853 29.7537
0.0392894 0.119886 -0.99201 -293.317 -0.0189919 0.992686 0.119215 16.2168 0.999047 0.0141563 0.041279 29.7915
0.0393789 0.119819 -0.992015 -294.526 -0.0193445 0.992689 0.119133 16.355 0.999036 0.0144987 0.041409 29.8338
0.0389819 0.120054 -0.992002 -295.726 -0.0197712 0.992654 0.119356 16.4938 0.999043 0.0149604 0.0410692 29.8733
0.0395718 0.120449 -0.991931 -296.921 -0.0201109 0.992603 0.119728 16.6306 0.999013 0.0152108 0.0417014 29.9117
0.0385302 0.120869 -0.991921 -298.125 -0.0202336 0.992548 0.12016 16.7675 0.999052 0.0154404 0.0406887 29.9483
0.0391978 0.121436 -0.991825 -299.324 -0.0205351 0.992476 0.120704 16.9085 0.99902 0.0156359 0.0413966 29.9878
0.0385665 0.121184 -0.991881 -300.525 -0.0204312 0.992507 0.120466 17.0387 0.999046 0.0156193 0.0407535 30.0198
0.0378588 0.121494 -0.99187 -301.732 -0.0200747 0.992473 0.120802 17.1686 0.99908 0.0153381 0.0400128 30.0609
0.03765 0.121668 -0.991857 -302.943 -0.0184339 0.992476 0.121044 17.3001 0.99912 0.0137265 0.0396096 30.1058
0.036074 0.122992 -0.991752 -304.158 -0.0176261 0.992321 0.122422 17.4341 0.999193 0.0130645 0.0379649 30.1498
0.035568 0.123687 -0.991684 -305.376 -0.0176219 0.992235 0.123123 17.5706 0.999211 0.0130961 0.0374715 30.1913
0.0358038 0.123531 -0.991695 -306.604 -0.0187908 0.992238 0.122921 17.7047 0.999181 0.0142337 0.0378472 30.2322
0.0347837 0.123777 -0.9917 -307.834 -0.0191358 0.992201 0.123169 17.8401 0.999211 0.0146927 0.0368811 30.2719
0.0365218 0.124118 -0.991595 -309.066 -0.0195492 0.992156 0.123469 17.9788 0.999141 0.0148756 0.0386618 30.3143
0.0369069 0.124638 -0.991516 -310.303 -0.0188054 0.992102 0.124012 18.1198 0.999141 0.014069 0.0389593 30.3609
0.0375225 0.12536 -0.991402 -311.541 -0.0183772 0.992019 0.124743 18.2516 0.999126 0.0135385 0.0395269 30.413
0.0388391 0.125898 -0.991283 -312.779 -0.0171345 0.991969 0.125313 18.3869 0.999097 0.0121181 0.0406845 30.4667
