1 0 0 0 0 1 0 0 0 0 1 0
0.999939 -0.00189535 0.0108833 0.00766045 0.0018863 0.999998 0.000841595 -0.00505732 -0.0108849 -0.000821014 0.99994 0.304802
0.999859 -0.00436598 0.0161978 0.0176203 0.0043562 0.99999 0.00063886 -0.0076314 -0.0162004 -0.000568209 0.999869 0.615091
0.999822 -0.0060668 0.0178368 0.0299787 0.00607076 0.999982 -0.000168026 -0.00584355 -0.0178354 0.000276279 0.999841 0.92003
0.999855 -0.00769147 0.0152241 0.0371638 0.0077087 0.99997 -0.00107347 -0.0113727 -0.0152154 0.00119067 0.999883 1.23287
0.99992 -0.00972122 0.00814223 0.0401325 0.00973761 0.999951 -0.00197526 -0.016181 -0.00812263 0.00205439 0.999965 1.55178
0.999938 -0.0101722 -0.00460436 0.0371143 0.0101572 0.999943 -0.00326311 -0.0120482 0.00463729 0.00321614 0.999984 1.87037
0.999723 -0.00964092 -0.0214815 0.0283647 0.0095612 0.999947 -0.00381081 -0.0158697 0.0215171 0.00360437 0.999762 2.20184
0.999125 -0.00595126 -0.0413959 0.000786806 0.00580875 0.999977 -0.00356204 -0.00621309 0.0414162 0.00331846 0.999136 2.56563
0.998084 -0.0026389 -0.061806 -0.0318686 0.00233988 0.999985 -0.00490995 -0.0114552 0.0618181 0.00475593 0.998076 2.91534
0.996621 -0.00235619 -0.0821031 -0.0699336 0.00193902 0.999985 -0.00516041 -0.00996442 0.082114 0.00498377 0.99661 3.27955
0.994555 -0.00354681 -0.104146 -0.116897 0.00311253 0.999986 -0.00433215 -0.0263976 0.10416 0.00398441 0.994553 3.67408
0.992211 -0.00418735 -0.124496 -0.164856 0.00374689 0.999986 -0.0037719 -0.0327361 0.12451 0.00327605 0.992213 4.05513
0.989744 -0.00339646 -0.142807 -0.233628 0.00290198 0.999989 -0.00367072 -0.0289255 0.142818 0.00321865 0.989744 4.44989
0.987103 -0.00255407 -0.160065 -0.293549 0.00208166 0.999993 -0.00311894 -0.0341026 0.160072 0.00274551 0.987101 4.87193
0.984761 -0.00238747 -0.173892 -0.37483 0.00185525 0.999993 -0.00322313 -0.0371653 0.173899 0.0028514 0.984759 5.28474
0.982291 -0.00375865 -0.187321 -0.466357 0.00312176 0.999988 -0.0036949 -0.0439511 0.187333 0.0030447 0.982292 5.72584
0.98025 -0.00532057 -0.19769 -0.55683 0.00436734 0.999977 -0.00525753 -0.0447359 0.197714 0.00429031 0.98025 6.17269
0.978495 -0.00510179 -0.206207 -0.652739 0.0036196 0.999965 -0.00756449 -0.0589291 0.206238 0.00665543 0.978479 6.62292
0.97661 -0.0051326 -0.214957 -0.760397 0.00324206 0.999953 -0.00914663 -0.0587064 0.214994 0.00823579 0.976581 7.10097
0.974729 -0.00565532 -0.223317 -0.873376 0.00311617 0.999927 -0.0117209 -0.0566204 0.223367 0.0107288 0.974675 7.56919
0.972636 -0.00941939 -0.232141 -0.994242 0.00644253 0.999887 -0.0135783 -0.0628431 0.232243 0.0117112 0.972587 8.08283
0.970573 -0.0138724 -0.240405 -1.11485 0.0107094 0.999838 -0.0144589 -0.0750798 0.240566 0.0114589 0.970565 8.59457
0.96836 -0.0151407 -0.249096 -1.24756 0.0114919 0.999804 -0.016096 -0.0940856 0.249291 0.0127242 0.968345 9.10811
0.965934 -0.0117148 -0.258522 -1.40735 0.00672294 0.999774 -0.020185 -0.0901617 0.2587 0.0177593 0.965794 9.64033
0.963408 -0.00907651 -0.267883 -1.56807 0.00302162 0.999731 -0.0230063 -0.0859945 0.26802 0.021355 0.963176 10.1676
0.960625 -0.0117283 -0.277597 -1.74209 0.00493487 0.999671 -0.0251583 -0.108935 0.277801 0.0227978 0.960368 10.7318
0.958034 -0.0123837 -0.286386 -1.90588 0.00509829 0.999645 -0.026171 -0.127987 0.286608 0.0236126 0.957757 11.2849
0.955476 -0.0134399 -0.294759 -2.11254 0.00512766 0.999568 -0.028955 -0.155475 0.295021 0.0261544 0.955132 11.8568
0.952681 -0.0133487 -0.303676 -2.30451 0.00368402 0.999469 -0.0323764 -0.172331 0.303947 0.0297256 0.952225 12.4432
0.950151 -0.0149274 -0.31143 -2.51158 0.00368973 0.999322 -0.0366421 -0.201712 0.311766 0.0336664 0.949562 13.0307
0.94803 -0.0159655 -0.317779 -2.72211 0.00232148 0.999061 -0.0432681 -0.225297 0.318171 0.0402818 0.947177 13.6398
0.946442 -0.0167774 -0.322436 -2.93966 0.000475783 0.998721 -0.05057 -0.252516 0.322872 0.0477082 0.945239 14.2517
0.945059 -0.0175586 -0.326427 -3.16005 -0.00171479 0.998277 -0.0586621 -0.285176 0.326894 0.0559989 0.9434 14.8723
0.94338 -0.0174439 -0.331252 -3.38846 -0.00536917 0.997683 -0.0678295 -0.319221 0.331668 0.0657675 0.941101 15.5115
0.941841 -0.0166521 -0.335644 -3.62765 -0.00861077 0.997248 -0.0736383 -0.368575 0.335947 0.0722457 0.939106 16.1513
0.939417 -0.0158106 -0.342409 -3.88029 -0.0121612 0.99677 -0.0793902 -0.420643 0.342558 0.0787447 0.936191 16.8047
0.93731 -0.0144512 -0.348195 -4.14972 -0.0160999 0.996278 -0.084688 -0.473337 0.348123 0.0849849 0.933588 17.4682
0.935496 -0.0124908 -0.353115 -4.41952 -0.0204402 0.995788 -0.0893759 -0.530316 0.352744 0.0908286 0.931301 18.1307
0.933404 -0.0102209 -0.358679 -4.69554 -0.0245734 0.995427 -0.0923138 -0.596072 0.357983 0.09498 0.928885 18.8259
0.931383 -0.00961261 -0.363913 -4.97463 -0.0262741 0.995269 -0.0935345 -0.662402 0.363091 0.0966779 0.926724 19.5049
0.928505 -0.00895178 -0.37121 -5.25602 -0.0275244 0.9953 -0.0928485 -0.738278 0.370296 0.0964277 0.923895 20.2164
0.925723 -0.00892781 -0.378096 -5.55059 -0.0277747 0.995417 -0.0915073 -0.809792 0.37718 0.0952119 0.921233 20.9296
0.922501 -0.00943441 -0.385877 -5.84206 -0.0275118 0.995552 -0.0901119 -0.88749 0.385011 0.0937445 0.918138 21.6315
0.919203 -0.00904156 -0.393678 -6.15286 -0.0275553 0.995809 -0.0872099 -0.956821 0.392817 0.0910116 0.915102 22.3299
0.914797 -0.00724419 -0.403848 -6.50371 -0.0282443 0.996245 -0.0818495 -1.03256 0.402924 0.0862821 0.911157 23.1265
0.911186 -0.00368945 -0.411978 -6.84432 -0.0309247 0.996527 -0.0773217 -1.09793 0.410832 0.0831948 0.907907 23.8364
0.9072 -0.0013813 -0.420696 -7.19284 -0.0327869 0.996721 -0.0739751 -1.16905 0.419419 0.0809036 0.90418 24.5747
0.902687 0.000897864 -0.430294 -7.55776 -0.0354874 0.996747 -0.072367 -1.21762 0.42883 0.0805949 0.899783 25.3091
0.897703 -0.000466982 -0.440599 -7.9408 -0.0347174 0.996815 -0.0717917 -1.29946 0.43923 0.0797441 0.894828 26.0796
0.893331 -0.00091486 -0.449396 -8.3179 -0.0345175 0.996904 -0.070645 -1.36029 0.44807 0.0786215 0.890535 26.8207
0.88855 -0.00185209 -0.458775 -8.73616 -0.0335064 0.99706 -0.0689199 -1.42898 0.457554 0.0766107 0.885875 27.5917
0.883754 -0.00155488 -0.467947 -9.15341 -0.0333689 0.99724 -0.0663333 -1.49053 0.466758 0.0742372 0.881263 28.3782
0.879058 -0.00150153 -0.476711 -9.57887 -0.0321905 0.997526 -0.0625015 -1.54592 0.475625 0.0702881 0.876835 29.142
0.87431 -0.000195985 -0.485367 -10.0349 -0.0320918 0.997788 -0.0582111 -1.61413 0.484305 0.0664709 0.87237 29.9492
0.870065 -1.14002e-05 -0.492935 -10.4785 -0.0309458 0.998026 -0.0546445 -1.66901 0.491963 0.0627986 0.868348 30.7223
0.86588 -0.000699481 -0.50025 -10.9484 -0.0294489 0.998194 -0.0523688 -1.72858 0.499383 0.0600769 0.864296 31.5288
0.861312 -0.000670646 -0.508075 -11.4302 -0.0288752 0.998318 -0.0502683 -1.7866 0.507254 0.0579675 0.859844 32.3376
0.857594 -0.00132107 -0.514324 -11.917 -0.0276624 0.998431 -0.0486894 -1.8334 0.513581 0.0559833 0.856212 33.1206
0.853462 -0.00157936 -0.521152 -12.4329 -0.0270063 0.998518 -0.0472526 -1.8795 0.520455 0.0544027 0.852154 33.9617
0.850434 -0.00246594 -0.526075 -12.9473 -0.0261732 0.998552 -0.0469913 -1.9297 0.525429 0.0537321 0.849139 34.7877
0.84688 -0.00296434 -0.531774 -13.4682 -0.0259489 0.998563 -0.0468915 -1.98083 0.531149 0.0535105 0.845587 35.6051
0.844475 -0.00252122 -0.535588 -14.0165 -0.0265194 0.998566 -0.0465144 -2.02151 0.534937 0.0534837 0.843197 36.4633
0.843389 -0.00296996 -0.537294 -14.5609 -0.0256547 0.998622 -0.0457901 -2.08486 0.53669 0.052403 0.842151 37.2965
0.8426 -0.00297539 -0.538531 -15.1231 -0.0248637 0.998704 -0.0444203 -2.14222 0.537965 0.0508184 0.841434 38.1702
0.841519 -0.00410608 -0.540211 -15.6939 -0.0233808 0.998757 -0.0440131 -2.19263 0.539721 0.0496684 0.840377 39.062
0.840683 -0.00711452 -0.541479 -16.2494 -0.0203718 0.99879 -0.0447517 -2.25872 0.541143 0.048653 0.839522 39.9263
0.839103 -0.00882694 -0.543899 -16.8382 -0.0186493 0.998814 -0.044981 -2.31056 0.543651 0.0478871 0.837944 40.833
0.837262 -0.00969529 -0.546715 -17.4258 -0.0171729 0.998883 -0.0440132 -2.35796 0.546531 0.0462393 0.836161 41.7136
0.834682 -0.00817056 -0.550671 -18.021 -0.0167929 0.999047 -0.0402773 -2.40857 0.550475 0.0428662 0.83375 42.6196
0.831177 -0.00804646 -0.555949 -18.6138 -0.0144421 0.999245 -0.0360542 -2.46945 0.55582 0.0379965 0.830433 43.4988
0.82662 -0.00939395 -0.562682 -19.1996 -0.0129186 0.99928 -0.0356612 -2.52922 0.562612 0.0367473 0.825904 44.3797
0.820012 -0.0130145 -0.572197 -19.8106 -0.00987073 0.999271 -0.0368739 -2.59766 0.57226 0.0358851 0.819286 45.2523
0.813267 -0.0158719 -0.581674 -20.4015 -0.00902508 0.999164 -0.0398821 -2.65242 0.58182 0.0376845 0.812444 46.0748
0.806081 -0.0164338 -0.591577 -21.045 -0.00862993 0.999182 -0.0395161 -2.70666 0.591742 0.0369585 0.805279 46.9552
0.798433 -0.0145047 -0.601909 -21.7034 -0.00927872 0.999295 -0.036389 -2.75563 0.602012 0.0346392 0.797735 47.82
0.791856 -0.00928842 -0.610637 -22.3524 -0.0136127 0.999367 -0.032854 -2.78944 0.610556 0.0343281 0.791229 48.6545
0.78677 -0.00936528 -0.617175 -23.0194 -0.014417 0.999333 -0.0335431 -2.84575 0.617078 0.0352885 0.78611 49.5017
0.782295 -0.0103696 -0.622821 -23.6842 -0.0161978 0.999185 -0.0369811 -2.88509 0.622697 0.0390185 0.781489 50.3189
0.778427 -0.0135502 -0.627588 -24.3287 -0.0169052 0.998952 -0.0425365 -2.95709 0.627507 0.0437211 0.777383 51.1157
0.774581 -0.0150387 -0.632295 -25.0212 -0.0169639 0.998864 -0.0445386 -3.01597 0.632247 0.045225 0.773446 51.957
0.770597 -0.0131703 -0.637186 -25.6887 -0.0167438 0.999023 -0.0408988 -3.06483 0.637102 0.0421854 0.769624 52.7578
0.766733 -0.0109301 -0.641872 -26.3961 -0.0162593 0.999204 -0.036437 -3.11519 0.64176 0.0383738 0.765945 53.5907
0.762572 -0.00927945 -0.646836 -27.0925 -0.0169966 0.999264 -0.0343732 -3.16561 0.646679 0.0372061 0.761854 54.3924
0.757982 -0.0085464 -0.652219 -27.7925 -0.0178418 0.999268 -0.0338291 -3.20046 0.652031 0.0372787 0.757276 55.1783
0.752572 -0.0104875 -0.658426 -28.5085 -0.0177915 0.999184 -0.0362507 -3.24542 0.658269 0.0389957 0.751772 55.9846
0.747993 -0.0119325 -0.663599 -29.2251 -0.0173331 0.999146 -0.0375036 -3.29808 0.66348 0.0395547 0.747148 56.7872
0.743455 -0.0127778 -0.668663 -29.9338 -0.0167074 0.999151 -0.0376695 -3.34325 0.668576 0.0391772 0.742611 57.5649
0.736808 -0.0139105 -0.675958 -30.6928 -0.0155038 0.999178 -0.0374615 -3.39173 0.675923 0.0380819 0.735987 58.3773
0.731759 -0.0135707 -0.681428 -31.4256 -0.0157463 0.999198 -0.0368085 -3.43473 0.681381 0.037665 0.730959 59.1486
0.724489 -0.0148356 -0.689126 -32.1873 -0.0156696 0.999156 -0.0379836 -3.49437 0.689107 0.0383171 0.723645 59.9461
0.718296 -0.0152591 -0.695569 -32.9423 -0.0154227 0.999165 -0.0378458 -3.53929 0.695566 0.0379122 0.717461 60.7221
0.712095 -0.0158714 -0.701903 -33.6976 -0.0153544 0.999153 -0.0381703 -3.57797 0.701914 0.0379582 0.711249 61.4774
0.705236 -0.0167283 -0.708774 -34.487 -0.0152415 0.999133 -0.0387467 -3.62142 0.708808 0.0381284 0.70437 62.2611
0.69871 -0.0181735 -0.715173 -35.255 -0.014128 0.999132 -0.039192 -3.67452 0.715265 0.0374879 0.697847 63.0022
0.689338 -0.019204 -0.724184 -36.0647 -0.0132932 0.999145 -0.039149 -3.72318 0.724317 0.0366137 0.688494 63.773
0.680867 -0.0196449 -0.732143 -36.864 -0.0118944 0.999212 -0.0378723 -3.77577 0.73231 0.0344944 0.680097 64.5251
0.673308 -0.0202148 -0.739085 -37.6665 -0.0112145 0.999232 -0.0375465 -3.82221 0.739276 0.0335689 0.672565 65.2623
0.665794 -0.0215523 -0.745824 -38.5013 -0.00992351 0.999239 -0.037734 -3.88081 0.746069 0.0325243 0.665073 66.0105
0.658744 -0.0226377 -0.752026 -39.3462 -0.00962168 0.999212 -0.0385067 -3.93072 0.752306 0.0326019 0.658007 66.7449
0.65206 -0.0222256 -0.757841 -40.191 -0.0105362 0.999208 -0.0383698 -3.97729 0.758094 0.0330042 0.65131 67.4628
0.645778 -0.0218792 -0.763211 -41.0756 -0.0111911 0.999211 -0.0381139 -4.02602 0.763443 0.0331543 0.645024 68.2019
0.64066 -0.0214567 -0.767524 -41.9312 -0.0118534 0.999214 -0.0378279 -4.0768 0.767733 0.0333326 0.639903 68.9123
0.634404 -0.0220043 -0.772688 -42.8366 -0.0130185 0.999149 -0.039142 -4.1325 0.772891 0.0348911 0.633578 69.6348
0.627713 -0.0232172 -0.778098 -43.727 -0.0132664 0.999091 -0.0405137 -4.18963 0.778331 0.0357535 0.626835 70.356
0.621945 -0.0251481 -0.782656 -44.6049 -0.0135905 0.998987 -0.042899 -4.23628 0.782942 0.0373176 0.620974 71.0428
0.616142 -0.0257124 -0.787215 -45.5327 -0.0138897 0.998957 -0.0434997 -4.28887 0.787512 0.0377362 0.615142 71.7575
0.610717 -0.0248543 -0.791459 -46.4478 -0.0144995 0.998989 -0.0425597 -4.34131 0.791716 0.0374677 0.609739 72.4642
0.604083 -0.0250969 -0.796526 -47.3748 -0.0136125 0.999033 -0.0418011 -4.39099 0.796805 0.0360941 0.603157 73.1584
0.597007 -0.0262135 -0.801807 -48.3152 -0.0127582 0.999029 -0.0421608 -4.45713 0.802134 0.0353999 0.596094 73.8467
0.592215 -0.0266692 -0.805338 -49.2407 -0.012367 0.999034 -0.0421777 -4.50597 0.805685 0.0349379 0.591313 74.527
0.585694 -0.0269558 -0.810084 -50.1974 -0.0121717 0.999042 -0.0420436 -4.57372 0.810441 0.0344848 0.584805 75.2019
0.579816 -0.0299841 -0.814195 -51.1597 -0.0101434 0.99898 -0.0440125 -4.62688 0.814684 0.0337779 0.57892 75.8597
0.576198 -0.0319719 -0.816684 -52.1177 -0.00864423 0.99894 -0.0452057 -4.67574 0.817264 0.033107 0.575311 76.5233
0.570464 -0.0353185 -0.820562 -53.1028 -0.00612759 0.998864 -0.047253 -4.73833 0.821299 0.0319842 0.5696 77.2143
0.563481 -0.0384324 -0.825234 -54.0928 -0.00305803 0.998813 -0.0486043 -4.80201 0.826123 0.0299112 0.562695 77.9076
0.556028 -0.0411984 -0.830141 -55.081 0.000554525 0.998789 -0.0491967 -4.86901 0.831163 0.0268944 0.555378 78.5743
0.546368 -0.0441683 -0.83638 -56.0991 0.00502432 0.998763 -0.0494615 -4.94483 0.83753 0.0228219 0.545914 79.2468
0.537548 -0.044046 -0.842081 -57.0985 0.00642672 0.99882 -0.0481418 -5.00618 0.843208 0.0204668 0.537197 79.8942
0.527052 -0.0442375 -0.848681 -58.163 0.00754273 0.998848 -0.0473808 -5.06433 0.8498 0.0185708 0.526779 80.5393
0.515618 -0.0445539 -0.855659 -59.2035 0.00701973 0.998833 -0.0477789 -5.13876 0.85679 0.0186292 0.515329 81.1738
0.506016 -0.0446975 -0.861365 -60.2502 0.00591477 0.998813 -0.0483552 -5.19097 0.862504 0.0193737 0.505679 81.7849
0.494031 -0.0466143 -0.868193 -61.3146 0.00608243 0.998723 -0.0501615 -5.26477 0.869423 0.0195006 0.493684 82.3995
0.483226 -0.0476054 -0.8742 -62.3921 0.00575351 0.998672 -0.0512033 -5.3191 0.875476 0.0197131 0.482859 83.0011
0.471944 -0.0501501 -0.8802 -63.442 0.00988759 0.998619 -0.0515956 -5.41667 0.881573 0.0156472 0.471789 83.5667
0.459831 -0.0501586 -0.886588 -64.56 0.0105882 0.998642 -0.0510064 -5.4876 0.887943 0.014067 0.459738 84.1457
0.448686 -0.0507046 -0.89225 -65.6675 0.0110374 0.998627 -0.0511995 -5.56144 0.893621 0.0131244 0.44863 84.6993
0.438636 -0.0514626 -0.89719 -66.7715 0.0106294 0.998586 -0.052082 -5.62766 0.898602 0.0133085 0.438563 85.2347
0.42675 -0.0521807 -0.902862 -67.9235 0.00998698 0.998545 -0.0529902 -5.69858 0.904314 0.0135967 0.426651 85.7739
0.416966 -0.0524757 -0.907405 -69.035 0.00945166 0.998528 -0.0534022 -5.76815 0.908873 0.0136904 0.416849 86.284
0.405565 -0.0519068 -0.912591 -70.2097 0.008216 0.998553 -0.053145 -5.83155 0.914029 0.0140559 0.405405 86.793
0.396014 -0.0506985 -0.916843 -71.3724 0.00696285 0.998612 -0.0522126 -5.90267 0.918218 0.0142931 0.395817 87.2987
0.389139 -0.049238 -0.919862 -72.5191 0.00676316 0.998696 -0.0505967 -5.97072 0.921154 0.013468 0.388965 87.7824
0.380159 -0.0495684 -0.923592 -73.7088 0.00732227 0.998693 -0.0505851 -6.04541 0.924892 0.0124676 0.380025 88.2628
0.371099 -0.0516511 -0.927155 -74.8862 0.00865155 0.998601 -0.0521685 -6.11764 0.928553 0.0113384 0.371027 88.7276
0.36342 -0.0539598 -0.930061 -76.0513 0.0110496 0.9985 -0.0536129 -6.19865 0.93156 0.00920717 0.363471 89.1894
0.355811 -0.055481 -0.932909 -77.2518 0.0111573 0.998417 -0.0551214 -6.2686 0.934491 0.00920411 0.355867 89.6516
0.350537 -0.0591315 -0.93468 -78.4457 0.0142296 0.998226 -0.0578151 -6.36764 0.936441 0.0069662 0.350757 90.0922
0.344938 -0.0597981 -0.936718 -79.643 0.0160966 0.998198 -0.0577954 -6.44535 0.938487 0.00485788 0.34528 90.5318
0.34163 -0.057417 -0.938079 -80.8213 0.0155762 0.998341 -0.055433 -6.49861 0.939705 0.00432581 0.341957 90.9904
0.338257 -0.0563193 -0.939366 -82.0005 0.0191354 0.998413 -0.0529689 -6.57715 0.940859 -5.7996e-05 0.338798 91.4188
0.334006 -0.0556019 -0.940929 -83.1846 0.0206181 0.998451 -0.0516821 -6.65281 0.942345 -0.00213804 0.334636 91.8435
0.330763 -0.0553592 -0.942088 -84.3632 0.0218402 0.998459 -0.0510037 -6.72887 0.943461 -0.00370529 0.331463 92.255
0.329046 -0.0542819 -0.942752 -85.5469 0.0223985 0.998514 -0.0496749 -6.80967 0.944048 -0.00477089 0.329773 92.6684
0.325493 -0.0533805 -0.944036 -86.717 0.0247132 0.998544 -0.0479418 -6.8658 0.945221 -0.00772547 0.326339 93.0556
0.325116 -0.0535982 -0.944154 -87.8799 0.0259321 0.998522 -0.047755 -6.9463 0.945319 -0.00895802 0.326025 93.4526
0.322358 -0.0537693 -0.945089 -89.0241 0.0282064 0.998488 -0.0471865 -7.01004 0.946197 -0.0114466 0.323388 93.8434
0.319728 -0.0534362 -0.946001 -90.1804 0.0319465 0.998449 -0.0456015 -7.08545 0.94697 -0.0156413 0.32094 94.2427
0.319089 -0.0519216 -0.946301 -91.3125 0.0343058 0.998476 -0.0432166 -7.14425 0.947103 -0.0186737 0.320385 94.6188
0.317053 -0.0509733 -0.947037 -92.4557 0.0331641 0.99854 -0.0426426 -7.22074 0.947828 -0.0178876 0.318281 95
0.316472 -0.0524797 -0.947149 -93.5855 0.03424 0.99845 -0.0438816 -7.27388 0.947984 -0.0185431 0.317778 95.3883
0.316814 -0.0533672 -0.946985 -94.6885 0.0350463 0.998392 -0.0445396 -7.34206 0.94784 -0.0190775 0.318176 95.7539
0.317611 -0.0544307 -0.946657 -95.7928 0.0342831 0.998357 -0.0459011 -7.40434 0.947601 -0.0178757 0.318956 96.1006
0.320747 -0.0543942 -0.945601 -96.8723 0.0326868 0.99839 -0.0463434 -7.47192 0.946601 -0.0160442 0.322009 96.4613
0.324109 -0.0537021 -0.944494 -97.9656 0.031717 0.998443 -0.0458857 -7.53826 0.945488 -0.0150846 0.325308 96.8258
0.329403 -0.0542612 -0.942629 -99.0292 0.0315046 0.998423 -0.0464636 -7.59507 0.943664 -0.0143919 0.330593 97.1891
0.336892 -0.0539524 -0.939996 -100.084 0.0315937 0.998442 -0.0459839 -7.65986 0.941013 -0.0142063 0.338072 97.5594
0.342813 -0.052528 -0.937934 -101.133 0.0301498 0.998536 -0.0449023 -7.72057 0.93892 -0.0128854 0.343895 97.9398
0.350576 -0.053096 -0.935028 -102.173 0.0308152 0.998505 -0.0451469 -7.76347 0.936027 -0.0129856 0.351688 98.3272
0.360968 -0.0524683 -0.931101 -103.208 0.0302235 0.99855 -0.0445521 -7.82307 0.932088 -0.0120593 0.36203 98.7178
0.370254 -0.0525998 -0.92744 -104.235 0.0295091 0.998557 -0.0448526 -7.87914 0.928462 -0.010761 0.371273 99.1253
0.38122 -0.0513008 -0.92306 -105.256 0.0286245 0.998635 -0.0436792 -7.92731 0.924041 -0.00977068 0.382169 99.5486
0.390664 -0.0526899 -0.919024 -106.247 0.0280423 0.998578 -0.0453306 -7.96876 0.920106 -0.00806246 0.391586 99.9687
0.40267 -0.0527364 -0.913825 -107.246 0.0263597 0.998593 -0.0460131 -8.02726 0.914966 -0.00556009 0.403493 100.395
0.416427 -0.0508783 -0.907744 -108.239 0.0244801 0.998698 -0.044746 -8.07062 0.908839 -0.00358823 0.417131 100.829
0.429152 -0.0491722 -0.901893 -109.229 0.0240813 0.998785 -0.0429961 -8.12814 0.902911 -0.00326685 0.429815 101.284
0.443398 -0.047373 -0.895072 -110.205 0.0240918 0.998871 -0.0409322 -8.18256 0.896001 -0.00341456 0.444039 101.759
0.455272 -0.0464081 -0.889142 -111.167 0.0238524 0.998918 -0.0399246 -8.24108 0.890033 -0.0030316 0.455886 102.231
0.467025 -0.0471761 -0.882984 -112.098 0.0246497 0.998882 -0.0403307 -8.30314 0.883901 -0.00292981 0.467666 102.722
0.480646 -0.0491762 -0.875534 -113.037 0.026261 0.998785 -0.0416822 -8.33606 0.876521 -0.002958 0.481354 103.234
0.491337 -0.0501358 -0.869525 -113.954 0.0279682 0.998735 -0.0417821 -8.38697 0.87052 -0.00378996 0.492118 103.729
0.50263 -0.049333 -0.863093 -114.869 0.0277439 0.998776 -0.0409315 -8.44271 0.864057 -0.00337219 0.503384 104.28
0.514682 -0.0481648 -0.856027 -115.766 0.0280931 0.998832 -0.039309 -8.49215 0.856921 -0.0038168 0.515434 104.807
0.524529 -0.0449906 -0.850203 -116.636 0.0268568 0.99898 -0.0362943 -8.54646 0.850969 -0.00379633 0.525203 105.325
0.535603 -0.0440284 -0.843321 -117.494 0.0274941 0.999019 -0.0346953 -8.5923 0.844022 -0.0046034 0.536289 105.856
0.54565 -0.0433197 -0.836893 -118.342 0.0251196 0.999059 -0.035336 -8.63864 0.837637 -0.00174135 0.546225 106.392
0.556099 -0.0427765 -0.830014 -119.168 0.0238 0.999084 -0.0355442 -8.68565 0.830775 1.18228e-05 0.556608 106.938
0.566758 -0.0419582 -0.822815 -119.975 0.0236053 0.999119 -0.0346892 -8.72696 0.823546 0.000237595 0.56725 107.482
0.575267 -0.0403506 -0.816969 -120.786 0.0242248 0.999184 -0.0322925 -8.78535 0.817607 -0.00121415 0.575776 108.038
0.584974 -0.0387193 -0.810127 -121.58 0.0242828 0.999248 -0.0302242 -8.82012 0.810688 -0.00199172 0.585475 108.601
0.594617 -0.0377759 -0.803121 -122.355 0.0244469 0.999283 -0.0289026 -8.86057 0.803638 -0.00244781 0.595115 109.167
0.602235 -0.0372327 -0.797449 -123.125 0.0233402 0.999306 -0.0290308 -8.8932 0.797978 -0.00112927 0.602686 109.735
0.610896 -0.0359799 -0.790892 -123.878 0.0229509 0.999352 -0.0277357 -8.92618 0.791378 -0.00120803 0.611326 110.309
0.61771 -0.0340727 -0.785667 -124.616 0.0223022 0.999418 -0.0258081 -8.95886 0.78609 -0.00158017 0.618111 110.883
0.626014 -0.0313668 -0.77918 -125.347 0.0210532 0.999506 -0.0233215 -8.99801 0.779528 -0.00180464 0.626365 111.463
0.634521 -0.0301056 -0.772318 -126.065 0.0208816 0.999544 -0.0218071 -9.0341 0.772623 -0.00229011 0.634861 112.037
0.641674 -0.0287751 -0.766437 -126.757 0.019729 0.999584 -0.0210109 -9.07497 0.766724 -0.00163888 0.641976 112.614
0.65067 -0.0268349 -0.758886 -127.444 0.0182707 0.999639 -0.0196829 -9.09818 0.759141 -0.00105833 0.650926 113.19
0.661576 -0.0224065 -0.749543 -128.126 0.0162051 0.999747 -0.0155828 -9.11352 0.749703 -0.00183723 0.661772 113.772
0.671464 -0.0191889 -0.740788 -128.789 0.0146819 0.999813 -0.0125906 -9.13666 0.740891 -0.00242204 0.671621 114.363
0.683428 -0.0177238 -0.729802 -129.421 0.0130884 0.999842 -0.0120251 -9.15897 0.7299 -0.00133363 0.683553 114.972
0.693976 -0.0172386 -0.719792 -130.038 0.0119174 0.999851 -0.0124559 -9.18199 0.7199 6.60371e-05 0.694078 115.556
0.705022 -0.0170454 -0.70898 -130.642 0.0119014 0.999855 -0.0122037 -9.19919 0.709085 0.00016604 0.705123 116.15
0.716595 -0.0163439 -0.697297 -131.24 0.0115268 0.999866 -0.01159 -9.21163 0.697394 0.000267687 0.716688 116.768
0.727478 -0.0148376 -0.68597 -131.821 0.0109134 0.99989 -0.0100539 -9.22853 0.686044 -0.000172261 0.72756 117.37
0.739388 -0.0131719 -0.67315 -132.404 0.0107229 0.999912 -0.00778774 -9.24351 0.673194 -0.00145997 0.739465 117.996
0.749896 -0.0117458 -0.661451 -132.96 0.0106891 0.999927 -0.00563802 -9.25786 0.661469 -0.00284237 0.749967 118.618
0.759799 -0.0101003 -0.650079 -133.497 0.0108483 0.999937 -0.00285673 -9.27383 0.650067 -0.00488171 0.759861 119.255
0.769551 -0.00964112 -0.638512 -134.057 0.011526 0.999933 -0.00120687 -9.28699 0.638481 -0.00643076 0.769611 119.913
0.778073 -0.00964929 -0.628099 -134.608 0.0118785 0.999929 -0.000646807 -9.29916 0.628061 -0.00695761 0.778133 120.579
0.78598 -0.00894569 -0.618186 -135.129 0.0116139 0.999932 0.000296354 -9.30391 0.618142 -0.00741248 0.786031 121.234
0.794297 -0.00878366 -0.607465 -135.655 0.0110454 0.999939 -1.6168e-05 -9.30189 0.607429 -0.00669683 0.794346 121.934
0.80152 -0.00746278 -0.597921 -136.168 0.00993851 0.99995 0.000842075 -9.30823 0.597885 -0.00661737 0.801555 122.605
0.80924 -0.00673036 -0.587439 -136.678 0.00947309 0.999954 0.00159326 -9.30857 0.587401 -0.00685418 0.809267 123.296
0.815825 -0.00653582 -0.578262 -137.194 0.0093956 0.999954 0.0019535 -9.32055 0.578223 -0.00702682 0.815849 123.998
0.821743 -0.00734533 -0.56981 -137.686 0.00998534 0.999949 0.00151 -9.33081 0.569771 -0.00693058 0.821775 124.699
0.827754 -0.00773853 -0.561037 -138.195 0.0103856 0.999944 0.0015304 -9.33776 0.560995 -0.0070935 0.827789 125.435
0.831755 -0.00736602 -0.555094 -138.709 0.00990227 0.999949 0.00156838 -9.34041 0.555055 -0.00680119 0.831786 126.155
0.835531 -0.00490558 -0.549421 -139.2 0.00902621 0.999947 0.00479841 -9.33879 0.54937 -0.0089684 0.835532 126.894
0.839566 -0.00174206 -0.543255 -139.709 0.00709653 0.999944 0.00776068 -9.34664 0.543212 -0.0103708 0.839532 127.668
0.843195 0.00132714 -0.537605 -140.221 0.00575276 0.999917 0.0114912 -9.35071 0.537577 -0.012782 0.843118 128.441
0.847287 0.00361775 -0.531122 -140.714 0.00389323 0.999907 0.0130217 -9.34937 0.53112 -0.0131009 0.847196 129.224
0.850785 0.00589669 -0.525481 -141.229 0.00237069 0.999883 0.0150585 -9.33003 0.525509 -0.0140573 0.850672 130.015
0.854789 0.00723199 -0.518925 -141.723 0.00206102 0.999847 0.0173293 -9.31647 0.518972 -0.0158824 0.854644 130.817
0.859243 0.00752926 -0.511512 -142.224 0.00254846 0.999816 0.0189978 -9.30982 0.511561 -0.0176273 0.859066 131.647
0.863207 0.00799012 -0.504786 -142.723 0.00245468 0.999796 0.0200231 -9.29043 0.504844 -0.0185231 0.863012 132.49
0.867779 0.00774507 -0.49689 -143.209 0.00279675 0.999786 0.020468 -9.26432 0.496943 -0.0191514 0.867572 133.332
0.872689 0.00687295 -0.488227 -143.705 0.00374252 0.999777 0.0207638 -9.25734 0.488262 -0.0199476 0.87247 134.202
0.877517 0.00648407 -0.479502 -144.183 0.00387622 0.999779 0.0206132 -9.23384 0.47953 -0.0199471 0.877299 135.07
0.883254 0.00605373 -0.468856 -144.665 0.00345332 0.999805 0.0194147 -9.21444 0.468883 -0.0187672 0.883061 135.955
0.889397 0.00581678 -0.457098 -145.133 0.00334398 0.999809 0.0192295 -9.19146 0.457123 -0.0186312 0.889209 136.838
0.896887 0.00984558 -0.442151 -145.622 -0.00102006 0.999795 0.0201937 -9.15448 0.442259 -0.0176605 0.896714 137.77
0.905715 0.0129405 -0.423688 -146.088 -0.00361956 0.999733 0.0227968 -9.14184 0.423871 -0.0191138 0.905521 138.721
0.913612 0.0165354 -0.406249 -146.558 -0.00747731 0.999686 0.0238741 -9.11802 0.406517 -0.018774 0.913451 139.677
0.922348 0.0183081 -0.385927 -146.982 -0.00954199 0.999651 0.0246178 -9.09742 0.386243 -0.0190237 0.922201 140.681
0.93031 0.0197948 -0.366239 -147.393 -0.0109566 0.999596 0.0261953 -9.06432 0.36661 -0.0203571 0.930152 141.678
0.937862 0.0211464 -0.346362 -147.797 -0.0119192 0.999515 0.028749 -9.0508 0.346803 -0.0228343 0.93766 142.712
0.945789 0.0229309 -0.323971 -148.177 -0.0132959 0.999402 0.0319228 -9.01387 0.324509 -0.0258848 0.945529 143.764
0.952697 0.025372 -0.302859 -148.529 -0.0151511 0.999235 0.0360503 -8.98551 0.303542 -0.0297564 0.952354 144.822
0.959239 0.0280354 -0.2812 -148.887 -0.0177468 0.999079 0.0390688 -8.94486 0.282036 -0.0324859 0.958854 145.923
0.965083 0.029579 -0.26027 -149.2 -0.0198949 0.999011 0.0397645 -8.90759 0.261189 -0.033198 0.964717 147.018
0.970524 0.028967 -0.239258 -149.489 -0.020461 0.999069 0.0379595 -8.87861 0.240136 -0.0319451 0.970214 148.142
0.975587 0.0293976 -0.217636 -149.756 -0.0216537 0.999047 0.037882 -8.83666 0.218543 -0.0322446 0.975295 149.286
0.979315 0.0296156 -0.200163 -150.006 -0.0219688 0.998945 0.0403169 -8.80667 0.201147 -0.0350856 0.978933 150.445
0.982983 0.0297874 -0.181266 -150.225 -0.0224816 0.998855 0.0422265 -8.76164 0.182317 -0.0374328 0.982527 151.615
0.986641 0.0305487 -0.160021 -150.434 -0.0238702 0.998768 0.043493 -8.71292 0.161153 -0.0390922 0.986155 152.806
0.989431 0.0320603 -0.141416 -150.624 -0.026015 0.998675 0.0443923 -8.67055 0.142652 -0.0402442 0.988955 154.005
0.992166 0.0325643 -0.120608 -150.788 -0.0272599 0.998598 0.0453729 -8.605 0.121916 -0.0417297 0.991663 155.236
0.994054 0.0342712 -0.103347 -150.936 -0.029783 0.998558 0.0446631 -8.55809 0.104729 -0.0413196 0.993643 156.455
0.995768 0.0352054 -0.0848917 -151.062 -0.031578 0.998545 0.0437007 -8.4972 0.086307 -0.0408351 0.995432 157.682
0.997314 0.0354774 -0.0640694 -151.159 -0.0327345 0.998523 0.0433654 -8.45359 0.0655135 -0.0411516 0.997003 158.946
0.998177 0.037107 -0.0475953 -151.238 -0.0351719 0.998545 0.0408699 -8.40909 0.0490428 -0.0391214 0.998031 160.187
0.99889 0.0372502 -0.0288371 -151.291 -0.0360762 0.998539 0.0402152 -8.36466 0.0302932 -0.0391302 0.998775 161.464
0.99927 0.0371505 -0.00888724 -151.322 -0.0367764 0.998558 0.0390894 -8.30815 0.0103268 -0.0387341 0.999197 162.748
0.999261 0.0379154 0.00624312 -151.329 -0.0381043 0.998709 0.0335849 -8.25841 -0.0049615 -0.033798 0.999417 163.994
0.998889 0.0391812 0.0261748 -151.309 -0.0399042 0.998819 0.0276959 -8.23552 -0.0250585 -0.0287097 0.999274 165.331
0.998285 0.0410013 0.0417751 -151.277 -0.041968 0.998864 0.0225314 -8.21196 -0.0408037 -0.024246 0.998873 166.639
0.997313 0.0425864 0.0596103 -151.217 -0.0437665 0.998868 0.0186318 -8.19748 -0.0587492 -0.0211907 0.998048 167.981
0.995828 0.045153 0.0792887 -151.12 -0.0464641 0.99881 0.0147689 -8.1917 -0.0785275 -0.0183914 0.996743 169.366
0.994529 0.0441209 0.0946874 -151.023 -0.0457482 0.998839 0.0150832 -8.18772 -0.0939119 -0.0193324 0.995393 170.686
0.992756 0.0426956 0.112307 -150.885 -0.0447827 0.998866 0.016126 -8.19698 -0.111491 -0.0210386 0.993543 172.057
0.990473 0.0407242 0.131549 -150.701 -0.042877 0.998988 0.0135732 -8.22148 -0.130863 -0.0190843 0.991217 173.47
0.988334 0.0413069 0.146592 -150.528 -0.0428928 0.99905 0.00767316 -8.22195 -0.146136 -0.0138714 0.989168 174.814
0.985337 0.0427838 0.165169 -150.307 -0.0446359 0.998975 0.00751634 -8.20506 -0.164678 -0.0147786 0.986237 176.241
0.982414 0.0417226 0.181992 -150.085 -0.0439491 0.999 0.00821638 -8.22063 -0.181467 -0.0160703 0.983266 177.596
0.978716 0.0449665 0.200232 -149.829 -0.0469158 0.998886 0.00499865 -8.20105 -0.199785 -0.0142863 0.979736 179.001
0.974606 0.0451909 0.219318 -149.526 -0.0466971 0.998907 0.00168637 -8.21236 -0.219002 -0.011885 0.975653 180.426
0.970769 0.0464247 0.235484 -149.213 -0.0474728 0.998871 -0.00121939 -8.22671 -0.235275 -0.00999534 0.971878 181.812
0.965983 0.0457907 0.25452 -148.864 -0.047476 0.998872 0.000479382 -8.23747 -0.254211 -0.0125467 0.967068 183.217
0.960216 0.0483732 0.275037 -148.49 -0.0488955 0.998791 -0.00496098 -8.25497 -0.274945 -0.00868446 0.961421 184.629
0.954123 0.0510348 0.295033 -148.09 -0.0507977 0.998673 -0.00847271 -8.26617 -0.295074 -0.00690297 0.95545 186.037
0.94582 0.0538299 0.320198 -147.627 -0.053364 0.998522 -0.0102363 -8.28627 -0.320276 -0.00740534 0.947296 187.472
0.936595 0.0585562 0.345486 -147.149 -0.0578962 0.998247 -0.0122384 -8.32241 -0.345597 -0.00853985 0.938345 188.853
0.926173 0.062704 0.371849 -146.628 -0.060998 0.998003 -0.0163617 -8.35115 -0.372133 -0.00752832 0.92815 190.247
0.914761 0.0656466 0.398627 -146.067 -0.0630266 0.997817 -0.0196901 -8.38963 -0.399049 -0.00711239 0.916902 191.643
0.903753 0.0670758 0.422766 -145.462 -0.0638187 0.997721 -0.0218716 -8.43846 -0.42327 -0.00721384 0.905976 193.013
0.891477 0.0683442 0.447881 -144.802 -0.0641367 0.997638 -0.0245741 -8.49642 -0.448503 -0.00681839 0.893756 194.379
0.879249 0.0685268 0.471407 -144.128 -0.063434 0.997628 -0.0267072 -8.54481 -0.472119 -0.00642094 0.881512 195.691
0.866114 0.0708079 0.494807 -143.399 -0.0634141 0.997482 -0.0317413 -8.59336 -0.495808 -0.00388614 0.868424 197.019
0.852617 0.0718254 0.517576 -142.645 -0.0628016 0.997413 -0.0349589 -8.65593 -0.518748 -0.00269802 0.854924 198.33
0.839832 0.0720008 0.538049 -141.857 -0.0620568 0.9974 -0.0366069 -8.71823 -0.539287 -0.00264587 0.842119 199.62
0.826734 0.0720904 0.557955 -141.032 -0.061169 0.997394 -0.0382326 -8.7868 -0.559258 -0.00252129 0.828991 200.894
0.814032 0.0725699 0.576268 -140.182 -0.0607208 0.997359 -0.0398246 -8.85164 -0.577637 -0.00257292 0.816291 202.143
0.802498 0.0730111 0.59217 -139.292 -0.0592945 0.99733 -0.0426102 -8.91891 -0.593701 -0.000917806 0.804686 203.381
0.78927 0.0732784 0.609657 -138.382 -0.0582167 0.997311 -0.0445048 -8.99008 -0.61128 -0.000365861 0.791415 204.608
0.777005 0.0747989 0.625034 -137.442 -0.0571158 0.997196 -0.0483332 -9.08098 -0.626898 0.00185583 0.7791 205.817
0.764278 0.0749599 0.640515 -136.48 -0.0560972 0.997184 -0.0497646 -9.15199 -0.642442 0.00210297 0.766332 207.001
0.750495 0.0757264 0.656523 -135.491 -0.0562568 0.997127 -0.0507042 -9.2548 -0.658477 0.0011194 0.752601 208.18
0.736981 0.0766276 0.671556 -134.485 -0.0572689 0.997059 -0.0509208 -9.34367 -0.673483 -0.000931633 0.739203 209.336
0.721925 0.0779922 0.687562 -133.464 -0.0602721 0.996938 -0.0498012 -9.44217 -0.689341 -0.005488 0.724417 210.474
0.706171 0.079415 0.703574 -132.393 -0.062958 0.996796 -0.0493218 -9.54273 -0.705237 -0.00946595 0.708909 211.58
0.691346 0.0819705 0.717859 -131.344 -0.0666611 0.996542 -0.0495935 -9.64437 -0.719442 -0.0135669 0.694421 212.648
0.675598 0.083903 0.73248 -130.273 -0.0677525 0.996364 -0.0516389 -9.7513 -0.73415 -0.0147402 0.678828 213.685
0.660086 0.0867555 0.746163 -129.187 -0.0703022 0.996083 -0.0536212 -9.85182 -0.747893 -0.0170624 0.6636 214.688
0.64289 0.0877056 0.76092 -128.091 -0.0726578 0.995925 -0.0534054 -9.96563 -0.762504 -0.020953 0.646645 215.656
0.623621 0.0871074 0.776858 -126.974 -0.0736926 0.995897 -0.0525112 -10.0681 -0.778246 -0.0245016 0.627483 216.604
0.605226 0.0853101 0.791469 -125.846 -0.0743094 0.995954 -0.0505274 -10.1708 -0.792577 -0.028233 0.609118 217.514
0.585798 0.0839858 0.806094 -124.703 -0.0755368 0.995944 -0.0488726 -10.2694 -0.806929 -0.0322603 0.589767 218.385
0.565591 0.082051 0.820594 -123.56 -0.0744178 0.996056 -0.0483032 -10.3623 -0.821321 -0.0337469 0.569468 219.227
0.546676 0.0813797 0.83338 -122.401 -0.0746288 0.99604 -0.0483089 -10.4566 -0.834012 -0.0357848 0.550586 220.021
0.527532 0.08023 0.845738 -121.235 -0.0734816 0.996108 -0.0486603 -10.5406 -0.846352 -0.0364763 0.531375 220.783
0.50769 0.0789455 0.857915 -120.066 -0.0714699 0.996219 -0.0493784 -10.626 -0.85857 -0.0362461 0.511414 221.519
0.489405 0.0778347 0.868576 -118.895 -0.0698478 0.996307 -0.0499247 -10.7129 -0.869255 -0.0362348 0.493035 222.196
0.469369 0.0754022 0.879777 -117.716 -0.0681818 0.996467 -0.0490277 -10.7998 -0.880366 -0.0369727 0.472853 222.85
0.450434 0.0754022 0.88962 -116.531 -0.0681901 0.996422 -0.0499283 -10.8791 -0.890202 -0.0381739 0.453965 223.476
0.431958 0.0781614 0.8985 -115.355 -0.0687351 0.996193 -0.053615 -10.9761 -0.899271 -0.0385991 0.435687 224.092
0.413428 0.0853237 0.90653 -114.192 -0.0687005 0.995684 -0.0623837 -11.0541 -0.907942 -0.0364879 0.417507 224.657
0.396146 0.0922196 0.913544 -113.025 -0.0710749 0.995037 -0.0696254 -11.1404 -0.915433 -0.0373482 0.400736 225.193
0.377395 0.0953531 0.92113 -111.855 -0.0743736 0.994592 -0.0724862 -11.2397 -0.923061 -0.0411519 0.382447 225.705
0.356955 0.0965799 0.929115 -110.699 -0.0770853 0.994293 -0.0737398 -11.3402 -0.930936 -0.0452993 0.362364 226.191
0.338643 0.0967368 0.935929 -109.518 -0.0796577 0.994077 -0.0739247 -11.4552 -0.937537 -0.0495199 0.344344 226.653
0.319172 0.0969436 0.942725 -108.354 -0.0818904 0.993854 -0.0744763 -11.5651 -0.944152 -0.0534295 0.32515 227.084
0.302035 0.0975677 0.948291 -107.194 -0.0819087 0.993725 -0.0761541 -11.6706 -0.949772 -0.0546721 0.308132 227.48
0.284107 0.0971745 0.953855 -106.028 -0.0821898 0.993656 -0.0767489 -11.7798 -0.955264 -0.0565923 0.290292 227.857
0.264637 0.0973699 0.95942 -104.853 -0.0817538 0.993573 -0.0782858 -11.901 -0.960877 -0.0577189 0.270897 228.211
0.249 0.100585 0.963266 -103.705 -0.0860764 0.992954 -0.0814348 -12.0171 -0.964671 -0.0626372 0.255905 228.532
0.229175 0.101342 0.968095 -102.558 -0.087034 0.992715 -0.0833154 -12.1224 -0.969487 -0.0651635 0.236326 228.84
0.213776 0.098726 0.971881 -101.411 -0.0873298 0.992827 -0.0816446 -12.2358 -0.972972 -0.0674205 0.220865 229.116
0.201178 0.094523 0.974983 -100.277 -0.0858731 0.993203 -0.0785702 -12.331 -0.975784 -0.0679183 0.207928 229.383
0.186162 0.0896439 0.978421 -99.1065 -0.0852199 0.993549 -0.0748153 -12.4169 -0.978817 -0.0694532 0.192601 229.613
0.175509 0.0868713 0.980637 -97.9853 -0.08489 0.993724 -0.0728375 -12.5094 -0.980811 -0.0704627 0.181782 229.85
0.1646 0.0878955 0.982436 -96.8626 -0.0857771 0.993523 -0.0745161 -12.6036 -0.982624 -0.0720052 0.171074 230.058
0.153951 0.091397 0.983842 -95.7578 -0.0883904 0.992994 -0.0784158 -12.6973 -0.984117 -0.07489 0.160952 230.226
0.146127 0.095089 0.984685 -94.6546 -0.0910087 0.99244 -0.0823321 -12.8146 -0.985071 -0.077584 0.153677 230.453
0.140568 0.099454 0.985063 -93.587 -0.0920835 0.991942 -0.0870082 -12.9242 -0.98578 -0.0784776 0.148594 230.617
0.134616 0.106937 0.985111 -92.5306 -0.0937629 0.991073 -0.0947713 -13.0447 -0.986452 -0.0796092 0.143442 230.778
0.131083 0.110286 0.985218 -91.479 -0.0964949 0.990493 -0.0980378 -13.1744 -0.986665 -0.0822174 0.140479 230.946
0.124795 0.105959 0.986508 -90.4173 -0.0953609 0.990958 -0.0943738 -13.3056 -0.98759 -0.0822969 0.133772 231.106
0.123116 0.0976488 0.987576 -89.372 -0.0937667 0.991839 -0.0863808 -13.4279 -0.987953 -0.081967 0.131268 231.275
0.122008 0.0937679 0.98809 -88.3332 -0.0935712 0.992179 -0.0826019 -13.5252 -0.988109 -0.0823787 0.129828 231.421
0.120122 0.0951701 0.988187 -87.282 -0.0937234 0.992035 -0.0841479 -13.6299 -0.988326 -0.0825083 0.128085 231.572
0.119939 0.0981355 0.987919 -86.2778 -0.0961634 0.991571 -0.0868235 -13.7262 -0.988114 -0.0845882 0.128366 231.743
0.120317 0.100281 0.987657 -85.2634 -0.0963413 0.991368 -0.0889216 -13.8352 -0.98805 -0.0844534 0.128941 231.911
0.121019 0.10078 0.987521 -84.2469 -0.0965396 0.991311 -0.0893359 -13.9318 -0.987945 -0.0845236 0.129697 232.064
0.124719 0.100929 0.987045 -83.2447 -0.0979814 0.991202 -0.0889731 -14.0322 -0.987343 -0.0856155 0.133512 232.207
0.12731 0.102271 0.986576 -82.2484 -0.0986288 0.991045 -0.0900067 -14.1193 -0.986948 -0.0858461 0.136258 232.385
0.132973 0.102303 0.985826 -81.258 -0.100516 0.990921 -0.0892735 -14.217 -0.98601 -0.0872199 0.142049 232.532
0.138822 0.101222 0.985131 -80.2675 -0.0997981 0.991128 -0.0877744 -14.312 -0.985277 -0.0861291 0.147693 232.688
0.144571 0.100511 0.984376 -79.2745 -0.0977091 0.991415 -0.08688 -14.4302 -0.984659 -0.0836222 0.153151 232.862
0.152183 0.0997258 0.983308 -78.2914 -0.0970386 0.991596 -0.0855481 -14.5255 -0.983578 -0.0823999 0.160582 233.019
0.15935 0.0997416 0.982171 -77.3284 -0.0981829 0.991551 -0.0847648 -14.6049 -0.982328 -0.0829252 0.167797 233.187
0.165434 0.0994138 0.981197 -76.3728 -0.0989221 0.991561 -0.0837852 -14.6881 -0.981248 -0.0832012 0.173873 233.362
0.172718 0.0988536 0.979998 -75.4091 -0.100016 0.991568 -0.0823935 -14.7687 -0.979881 -0.0837846 0.181149 233.542
0.178631 0.0979065 0.979033 -74.4625 -0.100763 0.991625 -0.0807809 -14.8492 -0.978743 -0.0842201 0.187001 233.727
0.185869 0.0967089 0.977804 -73.5049 -0.0995104 0.99188 -0.0791854 -14.9353 -0.977523 -0.0825836 0.193984 233.927
0.192082 0.0971059 0.976563 -72.5453 -0.101575 0.991714 -0.0786337 -15.0211 -0.976109 -0.0840903 0.200354 234.138
0.19776 0.0981764 0.975322 -71.6098 -0.101853 0.991643 -0.0791672 -15.1102 -0.974945 -0.0836838 0.206108 234.343
0.202347 0.0995356 0.974242 -70.6299 -0.104729 0.991315 -0.0795279 -15.1845 -0.973698 -0.0859396 0.211015 234.559
0.20842 0.100645 0.972847 -69.6864 -0.105513 0.991199 -0.0799386 -15.2725 -0.972332 -0.0859873 0.217206 234.784
0.213919 0.101267 0.971588 -68.75 -0.107564 0.991005 -0.0796075 -15.3527 -0.970912 -0.0874787 0.222888 235.001
0.221169 0.10093 0.969999 -67.8164 -0.10835 0.991015 -0.0784124 -15.4317 -0.969199 -0.0877571 0.230118 235.233
0.227493 0.0999206 0.96864 -66.8837 -0.108748 0.991105 -0.0766978 -15.513 -0.967689 -0.0878891 0.236336 235.469
0.233012 0.0993173 0.967389 -65.9627 -0.109304 0.991141 -0.0754283 -15.5911 -0.966312 -0.0881634 0.241805 235.707
0.240058 0.0988819 0.965709 -65.0369 -0.109884 0.991172 -0.0741741 -15.6755 -0.96452 -0.0883096 0.248805 235.95
0.246089 0.100034 0.964071 -64.1218 -0.111607 0.990967 -0.0743359 -15.7662 -0.962801 -0.0893038 0.255032 236.206
0.25399 0.099823 0.962042 -63.2005 -0.110972 0.991098 -0.0735402 -15.8397 -0.96082 -0.0880809 0.262807 236.461
0.262594 0.1002 0.95969 -62.292 -0.110776 0.991147 -0.0731734 -15.9116 -0.958527 -0.0870954 0.27137 236.714
0.27002 0.101857 0.957452 -61.4325 -0.109246 0.991208 -0.0746383 -15.9614 -0.956638 -0.0844436 0.278775 236.993
0.278875 0.102443 0.954848 -60.5331 -0.10944 0.991206 -0.0743803 -16.0365 -0.954072 -0.0837562 0.287635 237.26
