1 0 0 0 0 1 0 0 0 0 1 0
0.999872 5.34143e-05 0.015973 -0.00850546 -5.62482e-05 1 0.000176969 0.00173923 -0.015973 -0.000177844 0.999872 0.117717
0.99932 0.00221682 0.0367998 0.00468091 -0.00224801 0.999997 0.000806112 0.00947887 -0.0367979 -0.00088829 0.999322 0.269333
0.997947 0.00384886 0.0639323 0.0201855 -0.00400646 0.999989 0.00233701 0.00589551 -0.0639226 -0.00258835 0.997951 0.423981
0.995273 0.00312727 0.0970656 0.0594062 -0.00355175 0.999985 0.00420066 -0.00233445 -0.097051 -0.00452556 0.995269 0.617062
0.990922 0.00038072 0.134441 0.113672 -0.00123305 0.99998 0.00625659 0.00638773 -0.134435 -0.00636556 0.990902 0.817987
0.984683 -0.00158627 0.174347 0.171919 0.000325454 0.999974 0.00725999 -0.000259294 -0.174354 -0.00709205 0.984658 1.01038
0.976022 -0.00168671 0.217667 0.244179 -0.000106302 0.999966 0.00822543 0.00237713 -0.217673 -0.00805133 0.975988 1.23286
0.964153 -0.00162828 0.265343 0.321512 -0.00140938 0.999936 0.0112572 0.0194134 -0.265344 -0.0112277 0.964088 1.44569
0.949804 -0.0053433 0.312801 0.43188 -0.000322303 0.999837 0.018058 0.0297678 -0.312846 -0.0172524 0.949647 1.69241
0.932992 -0.0144593 0.359606 0.560455 0.00535909 0.99964 0.0262901 0.0145665 -0.359856 -0.0226013 0.932734 1.90334
0.911915 -0.0196469 0.409908 0.705995 0.00744672 0.999481 0.0313386 0.01889 -0.410311 -0.0255257 0.911588 2.13913
0.886973 -0.0210808 0.46134 0.868425 0.00538785 0.999362 0.0353068 0.0294598 -0.46179 -0.0288305 0.88652 2.39548
0.858753 -0.023141 0.511866 1.03992 0.00343714 0.999217 0.0394072 0.0470524 -0.512377 -0.0320817 0.858161 2.62207
0.826969 -0.0278194 0.561559 1.24501 0.00388179 0.999034 0.0437752 0.052897 -0.562234 -0.0340209 0.826278 2.86194
0.791682 -0.0333115 0.610024 1.47252 0.00565513 0.998869 0.0472059 0.0599271 -0.610907 -0.0339223 0.790975 3.07336
0.754103 -0.0373148 0.655695 1.72364 0.00597702 0.998733 0.0499626 0.0778409 -0.656729 -0.0337579 0.75337 3.29779
0.714544 -0.0406086 0.698411 1.99751 0.00623119 0.998644 0.0516903 0.0829278 -0.699563 -0.032583 0.713827 3.53651
0.672964 -0.0419412 0.738485 2.2858 0.00425918 0.998594 0.0528324 0.102851 -0.739663 -0.032409 0.672197 3.75299
0.630707 -0.0422408 0.77487 2.61396 3.1614e-05 0.998519 0.0544069 0.137138 -0.776021 -0.0342903 0.629774 3.98926
0.589155 -0.0430098 0.806875 2.95251 -0.00309324 0.998455 0.0554804 0.157358 -0.808014 -0.0351824 0.588112 4.21496
0.549179 -0.044265 0.834532 3.32767 -0.00523913 0.998394 0.0564043 0.181442 -0.835688 -0.0353483 0.548065 4.43431
0.51096 -0.045889 0.858379 3.74575 -0.00702315 0.998318 0.0575508 0.19827 -0.859576 -0.0354347 0.509778 4.647
0.473756 -0.0463672 0.879435 4.15578 -0.00989676 0.99827 0.0579641 0.222184 -0.880601 -0.0361644 0.472477 4.86478
0.437683 -0.045938 0.897955 4.61065 -0.0112761 0.998335 0.0565695 0.254582 -0.899059 -0.0348849 0.436436 5.06326
0.404003 -0.0457793 0.913611 5.1011 -0.0102972 0.998456 0.0545841 0.268444 -0.9147 -0.0314598 0.402908 5.26233
0.374354 -0.0445559 0.926215 5.61607 -0.00859426 0.998635 0.0515133 0.29813 -0.927246 -0.0272443 0.37346 5.4598
0.349226 -0.0429003 0.936056 6.16147 -0.00826597 0.998772 0.0488585 0.327369 -0.937002 -0.0248001 0.348442 5.649
0.328786 -0.0425296 0.943446 6.73367 -0.00754901 0.998835 0.0476572 0.359306 -0.944374 -0.0227911 0.328082 5.83673
0.314313 -0.0434322 0.948325 7.31992 -0.0070678 0.998818 0.0480873 0.382904 -0.949293 -0.021817 0.313634 6.02099
0.302292 -0.0445834 0.952172 7.94033 -0.00650386 0.998786 0.0488308 0.407844 -0.953193 -0.020954 0.301635 6.21334
0.292011 -0.0457515 0.95532 8.58558 -0.00792818 0.998705 0.0502527 0.444534 -0.956382 -0.0222483 0.29127 6.40894
0.281435 -0.0472775 0.958415 9.25404 -0.00874674 0.998618 0.0518291 0.478108 -0.95954 -0.0229695 0.280632 6.61029
0.270764 -0.04876 0.96141 9.95134 -0.00961713 0.998529 0.0533511 0.516835 -0.962598 -0.0236916 0.269897 6.81106
0.261306 -0.0499624 0.963962 10.6603 -0.00998849 0.998466 0.0544583 0.555868 -0.965204 -0.0238588 0.260406 6.99886
0.25111 -0.0515359 0.966586 11.4035 -0.0103174 0.998382 0.0559116 0.597208 -0.967903 -0.0240126 0.250172 7.19287
0.240903 -0.0527077 0.969117 12.1613 -0.0109444 0.998313 0.0570162 0.622428 -0.970487 -0.0243418 0.23992 7.38103
0.231386 -0.0547977 0.971317 12.9191 -0.011714 0.998183 0.0591039 0.665375 -0.972791 -0.0250538 0.230324 7.56093
0.220118 -0.0564846 0.973836 13.6948 -0.0123752 0.99808 0.060688 0.710217 -0.975395 -0.0254099 0.218996 7.74055
0.207497 -0.0603693 0.976371 14.4928 -0.0127623 0.997842 0.064409 0.741779 -0.978152 -0.0258254 0.206278 7.91277
0.195109 -0.0623803 0.978796 15.2804 -0.0133468 0.997714 0.0662465 0.779037 -0.980691 -0.0259891 0.19383 8.07038
0.180941 -0.0635433 0.981439 16.0903 -0.0138064 0.997648 0.0671381 0.820392 -0.983397 -0.0256982 0.179638 8.2122
0.166913 -0.062906 0.983963 16.8895 -0.0153833 0.997675 0.0663921 0.864099 -0.985852 -0.0262183 0.165557 8.35318
0.150356 -0.0627617 0.986638 17.6945 -0.0163751 0.997688 0.06596 0.90091 -0.988496 -0.0260738 0.148981 8.47795
0.12929 -0.0617845 0.98968 18.5109 -0.0191555 0.997715 0.0647886 0.946809 -0.991422 -0.0273343 0.127811 8.59409
0.104341 -0.0606648 0.99269 19.3226 -0.0237559 0.997701 0.063468 0.992816 -0.994258 -0.0302045 0.10266 8.68899
0.0742517 -0.061329 0.995352 20.1485 -0.0270025 0.997618 0.0634829 1.0467 -0.996874 -0.0315907 0.0724186 8.75112
0.0396379 -0.0610432 0.997348 21 -0.0298059 0.997616 0.0622442 1.08733 -0.998769 -0.0321941 0.0377237 8.79757
0.00612976 -0.0614186 0.998093 21.8392 -0.0319571 0.99759 0.0615839 1.12209 -0.99947 -0.0322737 0.00415201 8.80235
-0.0288466 -0.061861 0.997668 22.6917 -0.0338394 0.997571 0.0608766 1.16396 -0.999011 -0.0320044 -0.0308701 8.78316
-0.0608082 -0.0614018 0.996259 23.5217 -0.0363 0.997582 0.0592677 1.20316 -0.997489 -0.0325602 -0.0628903 8.73796
-0.0931769 -0.0587043 0.993917 24.3617 -0.0390287 0.997708 0.0552694 1.25459 -0.994884 -0.0336414 -0.0952547 8.66429
-0.127184 -0.0555698 0.990321 25.1907 -0.0361588 0.998025 0.0513584 1.27872 -0.99122 -0.0292769 -0.128942 8.5932
-0.158138 -0.0524886 0.986021 26.0394 -0.0343864 0.998273 0.047626 1.31775 -0.986818 -0.0263743 -0.15967 8.45382
-0.189964 -0.0477849 0.980627 26.8771 -0.0299008 0.998633 0.04287 1.35227 -0.981335 -0.0211777 -0.191134 8.2785
-0.217972 -0.0428702 0.975013 27.7037 -0.0249614 0.998953 0.0383425 1.37635 -0.975635 -0.0159801 -0.218815 8.09993
-0.246182 -0.0374239 0.968501 28.5207 -0.0172231 0.999266 0.0342348 1.40495 -0.96907 -0.00825259 -0.246646 7.87716
-0.274282 -0.0309383 0.961151 29.3498 -0.0129346 0.999511 0.0284819 1.4233 -0.961562 -0.00462002 -0.274548 7.64565
-0.299233 -0.0181722 0.954007 30.1338 -0.0106626 0.99982 0.0157004 1.42993 -0.95412 -0.00547409 -0.299373 7.37491
-0.323581 -0.00229312 0.946198 30.9203 -0.0106087 0.999943 -0.00120461 1.43289 -0.946141 -0.0104278 -0.323587 7.10938
-0.350874 0.0116265 0.93635 31.6801 -0.0115552 0.999793 -0.0167443 1.43292 -0.936351 -0.0166948 -0.350668 6.81277
-0.373382 0.0191609 0.92748 32.4641 -0.00930628 0.999659 -0.0243986 1.40521 -0.927631 -0.0177414 -0.373076 6.491
-0.398505 0.0228347 0.916882 33.2181 -0.00599321 0.999604 -0.0274997 1.37425 -0.917147 -0.0164538 -0.39821 6.1605
-0.420812 0.0213373 0.906897 33.9501 -0.00422285 0.999667 -0.0254794 1.35299 -0.907138 -0.0145518 -0.420582 5.82013
-0.441117 0.0170905 0.897287 34.6899 -0.00148241 0.999804 -0.0197719 1.32438 -0.897448 -0.0100519 -0.441005 5.45537
-0.459757 0.0152871 0.887913 35.4282 0.00505701 0.999881 -0.0145964 1.29622 -0.888031 -0.00222062 -0.459779 5.06583
-0.472113 0.0157311 0.881397 36.137 0.00636242 0.999876 -0.0144378 1.2624 -0.881515 -0.00120846 -0.472155 4.69478
-0.483534 0.0166985 0.875166 36.8334 0.00745082 0.99986 -0.0149611 1.2412 -0.875294 -0.000713491 -0.483591 4.30508
-0.493876 0.0187372 0.86933 37.5288 0.00862048 0.999824 -0.0166524 1.22305 -0.869489 -0.000730197 -0.493951 3.91314
-0.503517 0.0181047 0.863795 38.2189 0.00292802 0.999811 -0.0192487 1.19934 -0.86398 -0.00716287 -0.503475 3.51944
-0.515615 0.0170421 0.856651 38.9058 0.00308292 0.999833 -0.0180349 1.19509 -0.856815 -0.00665809 -0.515581 3.10867
-0.523451 0.017673 0.851872 39.5946 0.00438822 0.999828 -0.0180461 1.17162 -0.852045 -0.00570804 -0.523438 2.69328
-0.530606 0.0197029 0.84739 40.2756 0.00627932 0.999794 -0.0193146 1.14081 -0.847595 -0.00492741 -0.53062 2.25817
-0.535211 0.0223662 0.844422 40.9806 0.00790323 0.999738 -0.0214709 1.13596 -0.844681 -0.00481782 -0.535248 1.80604
-0.53291 0.0231802 0.845854 41.6867 0.00734397 0.999714 -0.0227697 1.11331 -0.84614 -0.00592231 -0.532928 1.35605
-0.529942 0.0231865 0.847716 42.4136 0.00902295 0.999724 -0.0217035 1.0904 -0.847986 -0.00385272 -0.530005 0.89901
-0.524735 0.0222818 0.850974 43.1508 0.00794063 0.999742 -0.0212808 1.06682 -0.851229 -0.0044095 -0.524776 0.443431
-0.517136 0.0207092 0.855653 43.9224 0.00575954 0.999769 -0.0207164 1.04458 -0.855884 -0.00578502 -0.517136 -0.0110364
-0.510263 0.0199962 0.859785 44.6954 0.00464646 0.999779 -0.0204945 1.01671 -0.860006 -0.00646262 -0.510244 -0.463897
-0.504131 0.0189393 0.863419 45.4965 0.0035407 0.999797 -0.0198635 0.992368 -0.86362 -0.00695671 -0.504096 -0.924328
-0.498704 0.0179013 0.866587 46.3112 0.00196664 0.999808 -0.0195215 0.966905 -0.86677 -0.00803121 -0.498644 -1.37913
-0.494523 0.0158973 0.869019 47.2266 -0.00244155 0.999803 -0.0196792 0.944652 -0.869161 -0.0118536 -0.494387 -1.87223
-0.494162 0.0151592 0.869237 48.0757 -0.00277624 0.999815 -0.0190147 0.920823 -0.869365 -0.0118096 -0.494029 -2.34576
-0.495181 0.01372 0.868681 48.9389 -0.00385551 0.999831 -0.0179892 0.896956 -0.868781 -0.0122571 -0.495045 -2.82443
-0.496564 0.0130463 0.867902 49.7978 -0.00409672 0.999841 -0.0173736 0.873017 -0.867991 -0.0121827 -0.496432 -3.31381
-0.49625 0.0123377 0.868092 50.6809 -0.00448589 0.999849 -0.0167747 0.846072 -0.868168 -0.0122187 -0.496121 -3.81797
-0.495361 0.0117383 0.868608 51.6147 -0.00296386 0.99988 -0.0152026 0.829186 -0.868682 -0.0101052 -0.495267 -4.32083
-0.496447 0.0103986 0.868005 52.5037 -0.00298961 0.999902 -0.0136886 0.805488 -0.868062 -0.00939069 -0.496368 -4.81828
-0.495819 0.00942647 0.868375 53.4072 -0.00397815 0.999906 -0.0131257 0.784626 -0.868417 -0.00996251 -0.495735 -5.32817
-0.497521 0.00852914 0.86741 54.2789 -0.0043358 0.999915 -0.0123189 0.759699 -0.867442 -0.00988986 -0.497441 -5.82431
-0.496717 0.00877861 0.867868 55.1802 -0.00484521 0.999906 -0.0128873 0.738796 -0.867899 -0.0106064 -0.496628 -6.32837
-0.495818 0.00743403 0.868395 56.0723 -0.00539964 0.999918 -0.0116429 0.709797 -0.86841 -0.0104618 -0.495737 -6.83136
-0.495115 0.00589081 0.868807 56.9376 -0.00526106 0.999939 -0.0097781 0.689565 -0.868812 -0.00941215 -0.495054 -7.32064
-0.491229 0.00535013 0.871014 57.8446 -0.00594385 0.999938 -0.00949422 0.664526 -0.87101 -0.00984103 -0.491166 -7.82262
-0.48917 0.00525069 0.872172 58.7218 -0.0057957 0.999941 -0.0092705 0.659201 -0.872169 -0.00958972 -0.489111 -8.31331
-0.488062 0.00547066 0.872792 59.6089 -0.00586538 0.999937 -0.00954753 0.641781 -0.872789 -0.00977906 -0.488 -8.80753
-0.486827 0.00564783 0.87348 60.4959 -0.00648527 0.999928 -0.0100799 0.619801 -0.873475 -0.010572 -0.486755 -9.29144
-0.488866 0.00580796 0.872339 61.3529 -0.00717079 0.999918 -0.010676 0.596711 -0.872329 -0.0114745 -0.488785 -9.77732
-0.4909 0.00721084 0.871186 62.2384 -0.0077032 0.999891 -0.0126168 0.566982 -0.871182 -0.0129045 -0.490791 -10.2694
-0.495656 0.00675867 0.868493 63.1025 -0.00846159 0.999885 -0.0126103 0.539639 -0.868478 -0.0135992 -0.495541 -10.7537
-0.502113 0.00554526 0.864784 63.9572 -0.00813301 0.999905 -0.0111339 0.514593 -0.864764 -0.0126238 -0.50202 -11.2443
-0.507698 0.00244489 0.861531 64.8593 -0.0070063 0.999951 -0.00696651 0.492386 -0.861507 -0.00957305 -0.507657 -11.7209
-0.513771 0.000162357 0.857927 65.6931 -0.00931242 0.99994 -0.005766 0.481028 -0.857877 -0.0109518 -0.513739 -12.2191
-0.518554 0.00179532 0.855043 66.5727 -0.00725008 0.999953 -0.00649652 0.461155 -0.855015 -0.00956794 -0.518516 -12.7263
-0.523553 0.00230285 0.85199 67.4115 -0.00728771 0.999948 -0.00718111 0.444875 -0.851962 -0.00996876 -0.523509 -13.2345
-0.529599 0.00238063 0.848245 68.2265 -0.00803516 0.999937 -0.00782309 0.427465 -0.84821 -0.0109589 -0.529546 -13.7403
-0.532581 0.00203933 0.846377 69.0611 -0.00865429 0.999932 -0.00785502 0.401148 -0.846335 -0.0115082 -0.532527 -14.2556
-0.535982 0.000911257 0.844229 69.8835 -0.00872466 0.99994 -0.00661843 0.383999 -0.844184 -0.010913 -0.535942 -14.7685
-0.540075 -0.00358596 0.841609 70.6901 -0.00653776 0.999979 6.53486e-05 0.359824 -0.841592 -0.00546696 -0.540087 -15.2778
-0.541423 -0.0122362 0.840661 71.5123 -0.00644637 0.999925 0.0104026 0.343718 -0.840726 0.000213006 -0.541462 -15.8065
-0.543919 -0.0140492 0.83902 72.3116 -0.00580361 0.999899 0.0129807 0.34792 -0.839118 0.0021911 -0.543946 -16.327
-0.544578 -0.010829 0.83864 73.1133 -0.00607891 0.999942 0.00896436 0.32837 -0.838688 -0.000216237 -0.544612 -16.8541
-0.544956 -0.0061207 0.838442 73.9053 -0.00606936 0.999976 0.00335504 0.320648 -0.838443 -0.00326047 -0.544981 -17.3747
-0.546611 -0.00194768 0.837385 74.6918 -0.000885384 0.999998 0.00174795 0.310242 -0.837386 0.000214028 -0.546612 -17.8933
-0.545595 -0.00142387 0.838048 75.4955 0.00164978 0.999995 0.00277307 0.299697 -0.838048 0.00289555 -0.54559 -18.4302
-0.544529 -0.00479111 0.838728 76.2722 -0.000503189 0.999986 0.00538557 0.278165 -0.838742 0.00251055 -0.544524 -18.9874
-0.544614 -0.0107032 0.838619 77.0743 -0.00358057 0.999939 0.0104368 0.264766 -0.838679 0.00268129 -0.54462 -19.5038
-0.543057 -0.0157844 0.839548 77.8784 -0.00601063 0.999871 0.0149107 0.258403 -0.839675 0.00305115 -0.543082 -20.0141
-0.544066 -0.0214709 0.838768 78.6367 -0.0138739 0.999766 0.0165928 0.26459 -0.838928 -0.00260942 -0.544237 -20.527
-0.541184 -0.0243874 0.840551 79.4517 -0.0196101 0.999674 0.0163783 0.268355 -0.840676 -0.00761961 -0.541486 -21.0246
-0.537898 -0.0235603 0.842681 80.2436 -0.016784 0.999711 0.0172372 0.262114 -0.842843 -0.00487169 -0.538138 -21.5563
-0.536123 -0.020428 0.843893 81.0194 -0.0132698 0.999788 0.0157715 0.249467 -0.844036 -0.00274286 -0.53628 -22.0534
-0.529452 -0.0200429 0.848103 81.8178 -0.0135931 0.999793 0.0151419 0.264339 -0.848231 -0.00351141 -0.529615 -22.5527
-0.521816 -0.017691 0.852875 82.6104 -0.00865673 0.999844 0.0154431 0.263437 -0.853014 0.000675345 -0.521888 -23.0369
-0.51436 -0.0164783 0.857416 83.3849 -0.00334457 0.999847 0.0172092 0.270769 -0.857568 0.005984 -0.514337 -23.5464
-0.501862 -0.0174113 0.864772 84.2206 -0.00512003 0.99984 0.0171594 0.273411 -0.864932 0.00418399 -0.501871 -24.006
-0.491614 -0.0209119 0.870562 85.0246 -0.00853539 0.99978 0.0191958 0.279802 -0.870771 0.00200635 -0.491685 -24.463
-0.479125 -0.0226547 0.877454 85.8507 -0.00725305 0.999735 0.0218513 0.286818 -0.877716 0.00410529 -0.479163 -24.9095
-0.467819 -0.024425 0.883487 86.6825 -0.00852851 0.999697 0.0231217 0.281547 -0.883783 0.00328196 -0.467886 -25.3449
-0.456197 -0.0259988 0.889499 87.5014 -0.00854807 0.999655 0.0248345 0.300525 -0.889838 0.00372591 -0.456262 -25.7597
-0.443366 -0.0252563 0.895985 88.3363 -0.00554254 0.999662 0.0254361 0.323726 -0.896324 0.00631144 -0.443356 -26.1713
-0.431334 -0.0222546 0.901918 89.1582 -0.00519731 0.999741 0.0221827 0.336149 -0.902177 0.0048806 -0.431338 -26.5668
-0.421001 -0.0159065 0.906921 89.9854 -0.00392583 0.999869 0.0157143 0.347601 -0.907052 0.0030553 -0.421008 -26.9546
-0.407612 -0.0124317 0.913071 90.8093 -0.00417794 0.999923 0.0117491 0.349552 -0.913146 0.0009743 -0.407632 -27.318
-0.396129 -0.0139153 0.918089 91.658 -0.00405331 0.999902 0.0134064 0.353742 -0.918186 0.00158934 -0.396147 -27.6805
-0.383536 -0.0167114 0.923375 92.5162 -0.00363891 0.999856 0.0165841 0.344618 -0.923519 0.0030005 -0.383541 -28.0051
-0.374068 -0.0161945 0.92726 93.3492 -0.00579061 0.999869 0.0151266 0.346348 -0.927383 0.000288978 -0.374113 -28.3333
-0.367935 -0.0125949 0.929766 94.1936 -0.0102886 0.999903 0.00947344 0.353356 -0.929795 -0.00608043 -0.368029 -28.6585
-0.361766 -0.00858263 0.932229 95.0425 -0.0153022 0.999878 0.00326715 0.360612 -0.932143 -0.0130833 -0.361854 -28.9787
-0.359079 -0.00569876 0.93329 95.9274 -0.0180166 0.999838 -0.000826693 0.321134 -0.933133 -0.0171115 -0.359123 -29.3281
-0.355426 -0.00579778 0.934686 96.7624 -0.0178732 0.99984 -0.000594598 0.319384 -0.934533 -0.0169172 -0.355473 -29.6399
-0.350516 -0.00598344 0.936538 97.6157 -0.0174885 0.999847 -0.000157489 0.311312 -0.936393 -0.0164338 -0.350568 -29.9549
-0.345765 -0.00799013 0.938287 98.4475 -0.0170328 0.999853 0.0022377 0.309297 -0.938166 -0.0152079 -0.345851 -30.2596
-0.339339 -0.00920598 0.940619 99.3049 -0.0179123 0.999834 0.00332346 0.295179 -0.940493 -0.0157208 -0.339448 -30.5594
-0.333817 -0.0112933 0.94257 100.158 -0.0187016 0.999811 0.00535585 0.280622 -0.942452 -0.0158397 -0.333966 -30.8535
-0.328742 -0.0125678 0.944336 100.986 -0.0247837 0.999682 0.00467666 0.269652 -0.944095 -0.0218668 -0.328949 -31.1302
-0.320138 -0.0102171 0.947316 101.812 -0.0320423 0.999487 -4.87105e-05 0.253395 -0.946829 -0.0303698 -0.320301 -31.4099
-0.31341 -0.00699545 0.949592 102.65 -0.0298223 0.999553 -0.00247929 0.234572 -0.949149 -0.0290961 -0.313479 -31.6919
-0.307086 -0.00686014 0.951657 103.491 -0.0302721 0.999539 -0.00256308 0.238137 -0.9512 -0.0295958 -0.307152 -31.9574
-0.299618 -0.00796879 0.954026 104.348 -0.031148 0.999514 -0.00143349 0.237555 -0.953551 -0.0301455 -0.299721 -32.2206
-0.292403 -0.01213 0.956218 105.219 -0.0298444 0.999549 0.00355357 0.225858 -0.955829 -0.0274987 -0.292633 -32.4722
-0.28453 -0.0136002 0.958571 106.081 -0.0288544 0.999568 0.00561711 0.220201 -0.958233 -0.0260608 -0.2848 -32.7255
-0.277909 -0.0106061 0.960549 106.937 -0.0310303 0.999517 0.00205855 0.218307 -0.960106 -0.0292341 -0.278104 -32.9593
-0.271478 -0.010178 0.962391 107.804 -0.0307298 0.999526 0.00190227 0.223598 -0.961954 -0.0290576 -0.271662 -33.1999
-0.264355 -0.00979016 0.964376 108.669 -0.0305426 0.999532 0.00177469 0.217923 -0.963942 -0.0289854 -0.264531 -33.432
-0.257846 -0.0104887 0.966129 109.534 -0.0293373 0.999565 0.00302201 0.210261 -0.96574 -0.0275644 -0.258042 -33.6578
-0.249203 -0.0111121 0.968387 110.396 -0.0278843 0.999602 0.00429456 0.210713 -0.96805 -0.0259326 -0.249414 -33.885
-0.241774 -0.0113985 0.970266 111.258 -0.0275246 0.99961 0.00488456 0.201453 -0.969942 -0.0255252 -0.241994 -34.1016
-0.234964 -0.011274 0.971939 112.139 -0.02755 0.999609 0.00493478 0.196717 -0.971613 -0.0256174 -0.235183 -34.3141
-0.230142 -0.0113817 0.97309 113.007 -0.0309046 0.999513 0.00438165 0.206648 -0.972666 -0.0290645 -0.230382 -34.4919
-0.22564 -0.0114487 0.974143 113.856 -0.0346101 0.999394 0.00372874 0.19531 -0.973596 -0.0328738 -0.2259 -34.6676
-0.221717 -0.0112307 0.975046 114.73 -0.0312824 0.999501 0.00439904 0.171838 -0.974609 -0.0295265 -0.221958 -34.8708
-0.217364 -0.0115505 0.976022 115.577 -0.0305262 0.999522 0.00503023 0.153194 -0.975613 -0.0287009 -0.217613 -35.0489
-0.21311 -0.0118044 0.976957 116.461 -0.0314672 0.999492 0.00521256 0.138858 -0.976521 -0.0296312 -0.213374 -35.2316
-0.207781 -0.0140724 0.978074 117.305 -0.0301936 0.999513 0.0079665 0.110059 -0.977709 -0.0278763 -0.208105 -35.4211
-0.20433 -0.0170213 0.978754 118.193 -0.0283394 0.999533 0.0114664 0.0891729 -0.978491 -0.0253944 -0.204717 -35.6116
-0.203315 -0.0154522 0.978991 119.066 -0.0199504 0.999734 0.0116363 0.0892914 -0.97891 -0.0171654 -0.20357 -35.8024
-0.198955 -0.0146268 0.979899 119.918 -0.0234776 0.999673 0.0101552 0.0967645 -0.979727 -0.0209852 -0.199234 -35.9479
-0.194777 -0.0146009 0.980739 120.758 -0.0289403 0.99954 0.00913313 0.0894825 -0.98042 -0.026604 -0.195111 -36.1359
-0.193814 -0.0151396 0.980921 121.633 -0.0292097 0.999527 0.00965536 0.0900828 -0.980603 -0.0267811 -0.194165 -36.2996
-0.191801 -0.0159934 0.981303 122.496 -0.0293274 0.999514 0.010558 0.0876387 -0.980995 -0.026754 -0.192177 -36.4653
-0.190595 -0.0195908 0.981473 123.354 -0.0278517 0.999506 0.0145422 0.0955888 -0.981273 -0.0245641 -0.191047 -36.6478
-0.189251 -0.0250554 0.981609 124.213 -0.0306012 0.99934 0.0196081 0.107324 -0.981451 -0.0263275 -0.189893 -36.8057
-0.189467 -0.0281887 0.981482 125.079 -0.0295337 0.999299 0.0229992 0.132704 -0.981442 -0.0246292 -0.190168 -36.9731
-0.193368 -0.0257581 0.980788 125.953 -0.0329613 0.999262 0.0197448 0.135144 -0.980572 -0.0285101 -0.194075 -37.1245
-0.191826 -0.0247566 0.981117 126.791 -0.0330545 0.999278 0.0187521 0.15319 -0.980872 -0.0288332 -0.192506 -37.2908
-0.194652 -0.0224316 0.980616 127.659 -0.0333708 0.999311 0.0162352 0.153611 -0.980304 -0.0295637 -0.195267 -37.4542
-0.193998 -0.0227169 0.980739 128.514 -0.0341604 0.999282 0.0163892 0.165536 -0.980406 -0.0303229 -0.194635 -37.6096
-0.191687 -0.0226196 0.981195 129.366 -0.0321823 0.999342 0.0167508 0.163226 -0.980928 -0.0283663 -0.192289 -37.761
-0.191751 -0.0206929 0.981225 130.217 -0.0333501 0.999338 0.0145576 0.170513 -0.980876 -0.0299325 -0.192314 -37.9282
-0.191568 -0.0192525 0.98129 131.051 -0.039518 0.999148 0.0118881 0.183121 -0.980683 -0.0365012 -0.192166 -38.0522
-0.191464 -0.0182482 0.98133 131.888 -0.0432394 0.999013 0.0101408 0.179216 -0.980546 -0.0404906 -0.192064 -38.2007
-0.191748 -0.0179164 0.98128 132.717 -0.044883 0.998948 0.00946853 0.163007 -0.980417 -0.0422273 -0.192351 -38.3494
-0.190495 -0.0165626 0.981548 133.535 -0.0416675 0.999093 0.00877202 0.149388 -0.980803 -0.0392277 -0.191013 -38.5049
-0.189351 -0.0147126 0.981799 134.353 -0.0409573 0.999136 0.00707331 0.145765 -0.981054 -0.0388725 -0.18979 -38.6517
-0.186122 -0.0148028 0.982415 135.151 -0.0355665 0.999333 0.00831952 0.145471 -0.981882 -0.0333927 -0.186525 -38.8043
-0.183148 -0.0168828 0.98294 135.963 -0.0317721 0.999432 0.011246 0.136547 -0.982571 -0.0291704 -0.183581 -38.9627
-0.182732 -0.0229585 0.982894 136.787 -0.0292045 0.999413 0.0179149 0.137156 -0.982728 -0.0254313 -0.183296 -39.1281
-0.177934 -0.0240465 0.983748 137.59 -0.0271164 0.999442 0.0195254 0.1401 -0.983668 -0.0232015 -0.178487 -39.2728
-0.174227 -0.0220183 0.984459 138.382 -0.0312031 0.999371 0.0168295 0.132939 -0.98421 -0.027786 -0.174805 -39.4261
-0.169304 -0.0197045 0.985367 139.193 -0.0297799 0.999446 0.0148693 0.147547 -0.985113 -0.0268267 -0.169798 -39.5745
-0.160037 -0.0179399 0.986948 139.976 -0.0321364 0.9994 0.0129552 0.107349 -0.986587 -0.0296436 -0.160518 -39.6838
-0.150613 -0.0192756 0.988405 140.775 -0.0246551 0.999572 0.0157364 0.122638 -0.988285 -0.0219991 -0.151024 -39.8135
-0.1392 -0.0210016 0.990041 141.564 -0.0142559 0.999714 0.0192024 0.119989 -0.990161 -0.011441 -0.13946 -39.9285
-0.125564 -0.0198338 0.991887 142.329 -0.0172349 0.999693 0.0178081 0.123661 -0.991935 -0.0148591 -0.125868 -40.0334
-0.111726 -0.0191025 0.993555 143.126 -0.0124625 0.999764 0.0178204 0.145274 -0.993661 -0.0103912 -0.111938 -40.1306
-0.0977784 -0.0192762 0.995021 143.92 -0.00995182 0.999781 0.0183904 0.151018 -0.995158 -0.00810411 -0.0979494 -40.2087
-0.0846231 -0.0159955 0.996284 144.698 -0.00183885 0.999872 0.0158969 0.162867 -0.996411 -0.0004868 -0.0846422 -40.283
-0.0713261 -0.0107022 0.997396 145.474 -0.0159898 0.999826 0.00958477 0.149518 -0.997325 -0.0152645 -0.0714853 -40.326
-0.0583649 -0.000541627 0.998295 146.26 -0.0350694 0.999384 -0.0015081 0.128721 -0.997679 -0.0350976 -0.0583484 -40.3664
-0.045303 0.00480375 0.998962 147.017 -0.0205112 0.999773 -0.00573785 0.105369 -0.998762 -0.0207499 -0.0451947 -40.3911
-0.033101 0.00537644 0.999437 147.774 -0.0267436 0.999623 -0.00626318 0.109135 -0.999094 -0.0269359 -0.0329452 -40.4107
-0.021135 0.000506876 0.999776 148.531 -0.0412053 0.99915 -0.00137764 0.126365 -0.998927 -0.0412252 -0.0210967 -40.4212
-0.010167 0.000301032 0.999948 149.292 -0.0530407 0.998592 -0.000839922 0.131474 -0.99854 -0.0530465 -0.0101372 -40.4149
-0.00158153 0.00392973 0.999991 150.056 -0.0636594 0.997964 -0.00402245 0.0670566 -0.99797 -0.0636653 -0.00132865 -40.3887
0.00461323 0.00951211 0.999944 150.808 -0.0719239 0.997368 -0.00915579 0.0462858 -0.997399 -0.0718776 0.00528473 -40.3804
0.00776241 0.0113 0.999906 151.549 -0.0724547 0.997314 -0.0107082 0.0303454 -0.997341 -0.0723648 0.00855979 -40.369
0.00778573 0.00721241 0.999944 152.311 -0.0762285 0.997069 -0.00659815 0.0242095 -0.99706 -0.0761728 0.00831219 -40.3558
0.00601812 0.00209232 0.99998 153.059 -0.0799786 0.996795 -0.00160434 -0.000400353 -0.996778 -0.0799673 0.00616567 -40.345
0.00289866 -0.00085049 0.999995 153.818 -0.0823456 0.996603 0.00108629 -0.00822364 -0.996599 -0.0823483 0.00281827 -40.3386
-0.000266596 -0.000982908 0.999999 154.566 -0.0752592 0.997164 0.000960048 -0.00780061 -0.997164 -0.0752589 -0.000340318 -40.3498
-0.00410672 -0.00176139 0.99999 155.305 -0.07301 0.99733 0.00145686 -0.0150369 -0.997322 -0.0730033 -0.00422485 -40.352
-0.00823957 -0.00190446 0.999964 156.057 -0.0715683 0.997435 0.00130992 -0.0181761 -0.997401 -0.0715549 -0.00835524 -40.3601
-0.0137921 -0.00270307 0.999901 156.796 -0.0754993 0.997144 0.00165421 -0.0368825 -0.99705 -0.075469 -0.0139573 -40.3662
-0.0192499 -0.0030272 0.99981 157.539 -0.0743062 0.997234 0.00158874 -0.0335218 -0.997049 -0.0742615 -0.0194221 -40.3812
-0.024592 -0.00314131 0.999692 158.28 -0.0740615 0.997253 0.00131176 -0.0343477 -0.99695 -0.0740064 -0.0247576 -40.4049
-0.0293737 -0.00439396 0.999559 159.008 -0.0714374 0.997442 0.00228533 -0.0632438 -0.997012 -0.0713388 -0.029613 -40.4336
-0.0330862 -0.00644025 0.999432 159.754 -0.0388762 0.999231 0.00515195 0.0356077 -0.998696 -0.0386837 -0.0333117 -40.5038
-0.0378066 -0.0064064 0.999264 160.492 -0.0391174 0.999223 0.00492614 0.0311752 -0.998519 -0.0389025 -0.0380283 -40.5321
-0.0409046 -0.00660597 0.999141 161.194 -0.0392292 0.999218 0.00500044 0.0304041 -0.998392 -0.038991 -0.0411322 -40.5569
-0.040915 -0.006504 0.999141 161.909 -0.0372092 0.999295 0.00498126 0.032665 -0.998469 -0.0369735 -0.0411287 -40.5834
-0.0402049 -0.00824709 0.999157 162.621 -0.0419338 0.999099 0.00655924 0.000997748 -0.998311 -0.0416348 -0.040515 -40.6133
-0.0356548 -0.0112815 0.9993 163.326 -0.0379325 0.999231 0.00992725 0.00288915 -0.998644 -0.037552 -0.0360558 -40.652
-0.0288649 -0.0115736 0.999516 164.028 -0.0321286 0.999427 0.0106448 0.0126658 -0.999066 -0.0318058 -0.0292208 -40.6702
-0.0188213 -0.0119811 0.999751 164.72 -0.0305756 0.999467 0.0114021 0.00895819 -0.999355 -0.0303534 -0.0191781 -40.6756
-0.0044354 -0.0118727 0.999919 165.423 -0.0296381 0.999492 0.0117361 0.0112442 -0.99955 -0.0295837 -0.00478553 -40.6861
0.0105682 -0.012115 0.99987 166.11 -0.0332168 0.999371 0.0124601 0.022322 -0.999392 -0.0333442 0.0101586 -40.6767
0.0259845 -0.0171148 0.999515 166.8 -0.036124 0.999184 0.0180483 0.0285283 -0.999009 -0.0365755 0.0253445 -40.6427
0.0425799 -0.0235848 0.998814 167.491 -0.0378792 0.998965 0.0252032 0.0302219 -0.998374 -0.0389075 0.0416419 -40.6103
0.0599854 -0.0309281 0.99772 168.16 -0.033676 0.998888 0.032989 0.0452851 -0.99763 -0.0355781 0.0588766 -40.5658
0.0774314 -0.0378644 0.996278 168.839 -0.0337209 0.998607 0.0405737 0.058387 -0.996427 -0.0367371 0.0760462 -40.5051
0.0940548 -0.044317 0.99458 169.497 -0.0343582 0.998269 0.0477306 0.077509 -0.994973 -0.0386613 0.0923688 -40.4371
0.112145 -0.0448255 0.99268 170.173 -0.0363185 0.99813 0.0491746 0.09093 -0.993028 -0.0415674 0.110306 -40.3541
0.130093 -0.0454558 0.990459 170.812 -0.0346348 0.998131 0.050357 0.112809 -0.990896 -0.0408555 0.128275 -40.2621
0.14752 -0.0456139 0.988006 171.459 -0.0353882 0.998053 0.0513616 0.140371 -0.988425 -0.0425407 0.145618 -40.1564
0.162607 -0.0455698 0.985638 172.069 -0.0416657 0.997725 0.0530025 0.165798 -0.98581 -0.0496858 0.160338 -40.0373
0.177338 -0.0466303 0.983044 172.687 -0.0417797 0.99762 0.0548586 0.182683 -0.983262 -0.0507999 0.174967 -39.9062
0.189038 -0.0499529 0.980698 173.306 -0.0364213 0.997662 0.0578375 0.211258 -0.981294 -0.0466518 0.186776 -39.7837
0.198478 -0.0496899 0.978844 173.954 -0.038373 0.997554 0.0584205 0.243448 -0.979353 -0.0491564 0.196086 -39.6163
0.208259 -0.0484322 0.976874 174.552 -0.0418118 0.997419 0.0583647 0.284611 -0.977179 -0.0529999 0.205696 -39.482
0.217587 -0.041746 0.975147 175.154 -0.0457123 0.997553 0.0529051 0.311829 -0.97497 -0.0560877 0.215146 -39.3267
0.227063 -0.0305178 0.973401 175.739 -0.044263 0.998153 0.0416189 0.349252 -0.972873 -0.0525358 0.225292 -39.1846
0.234774 -0.0257973 0.971707 176.33 -0.0406475 0.998513 0.0363297 0.375824 -0.971199 -0.0480268 0.233376 -39.0425
0.241438 -0.0264629 0.970055 176.929 -0.0408218 0.998466 0.0373981 0.401716 -0.969557 -0.0486287 0.239987 -38.8928
0.247226 -0.0330628 0.968393 177.521 -0.0404974 0.998192 0.0444189 0.434409 -0.968111 -0.0501989 0.245439 -38.7292
0.251833 -0.0429817 0.966815 178.12 -0.0464421 0.997326 0.0564351 0.466362 -0.966656 -0.0591132 0.249163 -38.5599
0.25393 -0.0499604 0.965931 178.713 -0.0458504 0.996921 0.0636167 0.487939 -0.966135 -0.0604426 0.250857 -38.3962
0.253903 -0.0513897 0.965863 179.306 -0.0425994 0.997024 0.064246 0.504842 -0.966291 -0.0574575 0.250958 -38.215
0.254331 -0.0519112 0.965723 179.91 -0.0412862 0.997065 0.064469 0.543843 -0.966235 -0.0562675 0.251441 -38.0607
0.256097 -0.052423 0.965228 180.521 -0.0395519 0.997124 0.0646494 0.584789 -0.965841 -0.0547332 0.253286 -37.9082
0.256585 -0.0552044 0.964943 181.117 -0.0391018 0.996957 0.0674334 0.630218 -0.96573 -0.0550335 0.253646 -37.689
0.258579 -0.0564876 0.964337 181.728 -0.0389331 0.996868 0.0688327 0.669637 -0.965205 -0.0553434 0.255569 -37.5206
0.260862 -0.0615311 0.963413 182.359 -0.037182 0.996586 0.0737175 0.692666 -0.96466 -0.0550517 0.257683 -37.3383
0.265464 -0.063959 0.961997 182.956 -0.0351622 0.996491 0.0759554 0.719871 -0.963479 -0.0539894 0.262283 -37.164
0.271089 -0.0649318 0.960361 183.57 -0.0344464 0.996429 0.0770938 0.76723 -0.961938 -0.0539803 0.267884 -36.9877
0.279448 -0.0663837 0.957863 184.201 -0.0325263 0.99638 0.0785423 0.824479 -0.95961 -0.0531042 0.276277 -36.8159
0.289033 -0.066915 0.954977 184.821 -0.0315705 0.996345 0.0793687 0.874055 -0.956798 -0.0530893 0.285863 -36.6279
0.300348 -0.0660141 0.951542 185.438 -0.0316447 0.996363 0.079112 0.915675 -0.953304 -0.0538725 0.297167 -36.4317
0.311915 -0.0608602 0.948159 186.048 -0.0332604 0.996635 0.0749134 0.966852 -0.949528 -0.0549028 0.308841 -36.2197
0.323851 -0.0574242 0.944363 186.663 -0.0351804 0.996735 0.0726732 1.01735 -0.945454 -0.0567584 0.320773 -36.0418
0.335791 -0.0577328 0.940165 187.288 -0.0342125 0.996714 0.0734247 1.06598 -0.941315 -0.0568207 0.332712 -35.8152
0.346961 -0.0588024 0.936034 187.92 -0.0334746 0.99662 0.0750165 1.11384 -0.937282 -0.0573612 0.34382 -35.579
0.358026 -0.0596642 0.931803 188.535 -0.0324163 0.99656 0.0762659 1.16342 -0.933149 -0.0575108 0.35486 -35.3377
0.370068 -0.0602765 0.927047 189.173 -0.0323171 0.996454 0.0776899 1.19772 -0.928442 -0.05871 0.366807 -35.0831
0.379714 -0.0609477 0.923094 189.796 -0.0340498 0.99623 0.0797829 1.25106 -0.924477 -0.0617258 0.376207 -34.8218
0.387555 -0.0600809 0.919886 190.441 -0.0374622 0.996023 0.0808367 1.29728 -0.921085 -0.0657897 0.383763 -34.5444
0.392585 -0.062374 0.917598 191.069 -0.0374388 0.995787 0.0837067 1.35035 -0.918953 -0.0672157 0.388595 -34.2645
0.39466 -0.0625169 0.916698 191.706 -0.0381307 0.995709 0.0843214 1.42211 -0.918036 -0.0682326 0.390582 -33.99
0.395895 -0.0624633 0.916169 192.368 -0.0349971 0.995933 0.0830244 1.45867 -0.917629 -0.0649321 0.392098 -33.7252
0.395705 -0.0613773 0.916324 193.02 -0.0342222 0.996086 0.0814983 1.51449 -0.91774 -0.0636079 0.392055 -33.4498
0.395026 -0.061032 0.91664 193.672 -0.0328349 0.996215 0.0804805 1.57806 -0.918083 -0.0618897 0.391527 -33.1727
0.395267 -0.0626511 0.916427 194.353 -0.0308018 0.996206 0.0813904 1.63499 -0.918049 -0.0603986 0.391838 -32.9004
0.394295 -0.0671759 0.916525 195.021 -0.0291919 0.995906 0.0855526 1.70083 -0.91852 -0.0604881 0.390719 -32.6098
0.394247 -0.0699904 0.916335 195.701 -0.0285316 0.995683 0.0883265 1.75421 -0.918562 -0.0609669 0.390547 -32.3137
0.394433 -0.0718007 0.916115 196.339 -0.0272481 0.99559 0.0897612 1.80554 -0.918521 -0.0603671 0.390737 -32.0405
0.393114 -0.0728715 0.916597 197.009 -0.0275636 0.995472 0.0909639 1.86398 -0.919076 -0.0610239 0.389325 -31.7436
0.392854 -0.0726547 0.916726 197.68 -0.0290714 0.995394 0.0913478 1.92435 -0.919141 -0.0625369 0.388932 -31.4492
0.391315 -0.0715628 0.91747 198.349 -0.0315466 0.995342 0.091092 1.99122 -0.919716 -0.0645887 0.387234 -31.1652
0.391092 -0.069362 0.917734 199.031 -0.0302516 0.995648 0.0881425 2.04192 -0.919854 -0.0622347 0.387291 -30.8844
0.390447 -0.0643725 0.918372 199.711 -0.0313366 0.996045 0.0831396 2.09639 -0.920092 -0.0612403 0.386885 -30.6014
0.389019 -0.0622666 0.919123 200.393 -0.0328779 0.996139 0.0813997 2.15793 -0.920642 -0.0618848 0.38547 -30.3146
0.388849 -0.0640759 0.91907 201.084 -0.0337575 0.995917 0.0837159 2.21322 -0.920682 -0.0635784 0.385099 -30.0133
0.387696 -0.0669925 0.919349 201.774 -0.0343625 0.995612 0.0870406 2.26362 -0.921146 -0.0653365 0.383692 -29.7239
0.385078 -0.0678791 0.920384 202.455 -0.0359784 0.995429 0.0884667 2.3028 -0.922182 -0.0671805 0.380875 -29.4241
0.381378 -0.0679414 0.921919 203.157 -0.0379134 0.995306 0.0890336 2.35081 -0.923641 -0.0689085 0.377011 -29.1245
0.373834 -0.0700437 0.924847 203.85 -0.0382948 0.995128 0.0908457 2.39072 -0.926705 -0.0693781 0.36933 -28.8452
0.365726 -0.0687514 0.92818 204.54 -0.0395308 0.99522 0.0892932 2.44696 -0.929883 -0.0693486 0.36126 -28.5875
0.355563 -0.0681831 0.932162 205.241 -0.0374063 0.995498 0.087084 2.49018 -0.933904 -0.0658325 0.351411 -28.3207
0.344748 -0.0657211 0.936391 205.931 -0.0396943 0.995633 0.0844931 2.53779 -0.937855 -0.0662983 0.340634 -28.0806
0.334021 -0.0651641 0.94031 206.621 -0.0422678 0.995568 0.084008 2.6002 -0.941617 -0.0678053 0.329786 -27.838
0.322978 -0.0714511 0.943705 207.329 -0.040476 0.99519 0.0892019 2.65413 -0.94554 -0.0670077 0.318532 -27.6038
0.314573 -0.0762682 0.946164 208.05 -0.0406191 0.994772 0.0936911 2.68965 -0.948364 -0.067905 0.30983 -27.4022
0.307242 -0.0807564 0.948198 208.754 -0.0406266 0.994371 0.097853 2.74299 -0.950764 -0.0685866 0.302232 -27.1722
0.302368 -0.080922 0.94975 209.453 -0.0455861 0.994022 0.0992071 2.79895 -0.952101 -0.0732924 0.29687 -26.9463
0.300135 -0.082046 0.950361 210.152 -0.0459227 0.993896 0.100307 2.8584 -0.95279 -0.0737489 0.294535 -26.7277
0.298499 -0.0823649 0.950849 210.859 -0.0461878 0.993855 0.10059 2.92898 -0.953291 -0.0739436 0.29286 -26.5048
0.296286 -0.0807844 0.951676 211.572 -0.0474713 0.993939 0.0991511 2.97873 -0.953919 -0.0745544 0.290655 -26.2556
0.296276 -0.0784346 0.951876 212.275 -0.0505554 0.993937 0.0976361 3.05009 -0.953763 -0.0770497 0.290514 -26.0303
0.296312 -0.0791428 0.951806 213.002 -0.0515749 0.993781 0.0986891 3.11185 -0.953697 -0.0783321 0.290387 -25.7948
0.297039 -0.0798623 0.951519 213.714 -0.052197 0.993648 0.0996927 3.18077 -0.953437 -0.0792791 0.290983 -25.5673
0.298602 -0.080804 0.950951 214.445 -0.0518077 0.993567 0.100693 3.24977 -0.95297 -0.0793337 0.292495 -25.335
0.299464 -0.0826245 0.950523 215.17 -0.0477491 0.993697 0.101421 3.2977 -0.952912 -0.0757585 0.293631 -25.1157
0.303 -0.0830921 0.949361 215.905 -0.0469 0.993684 0.10194 3.3638 -0.951836 -0.0754129 0.297189 -24.8864
0.30701 -0.0841371 0.947979 216.639 -0.0479031 0.993455 0.103687 3.44098 -0.9505 -0.0772441 0.30097 -24.6747
0.311629 -0.0875065 0.946166 217.348 -0.0475293 0.993068 0.107499 3.51458 -0.949014 -0.0784702 0.305309 -24.4224
0.317126 -0.0915286 0.943956 218.09 -0.0467857 0.99261 0.111964 3.58881 -0.947228 -0.0796703 0.3105 -24.1763
0.320907 -0.092541 0.942578 218.832 -0.0469168 0.99244 0.113409 3.64727 -0.945948 -0.0806167 0.314139 -23.934
0.32451 -0.0885672 0.941726 219.562 -0.0517911 0.992449 0.111184 3.73141 -0.944463 -0.0848535 0.317472 -23.6768
0.329249 -0.0822653 0.940652 220.293 -0.0583982 0.992516 0.107242 3.7806 -0.942435 -0.0902417 0.321981 -23.4147
0.332968 -0.0798804 0.939548 221.019 -0.0616225 0.992431 0.106215 3.85891 -0.940922 -0.0932635 0.325525 -23.136
0.337655 -0.0805297 0.937818 221.745 -0.0614152 0.992325 0.107322 3.93584 -0.939264 -0.0938343 0.330118 -22.8765
0.340822 -0.0796375 0.936748 222.484 -0.0614207 0.99239 0.106715 4.0058 -0.938119 -0.0939065 0.333336 -22.6137
0.343959 -0.0794505 0.935617 223.218 -0.061334 0.992384 0.106819 4.0793 -0.936979 -0.0941266 0.336467 -22.3371
0.348659 -0.0800447 0.933825 223.951 -0.0601225 0.992384 0.107512 4.15838 -0.935319 -0.0936288 0.34119 -22.0625
0.353211 -0.0797961 0.932134 224.712 -0.0597141 0.992401 0.107583 4.23395 -0.933636 -0.0936609 0.345761 -21.7824
0.357157 -0.0806091 0.930559 225.447 -0.0575803 0.992474 0.108072 4.30483 -0.932268 -0.0921807 0.349827 -21.5066
0.361622 -0.081179 0.928784 226.177 -0.055724 0.992539 0.108448 4.37927 -0.930658 -0.0909725 0.3544 -21.2243
0.365737 -0.0802734 0.92725 226.912 -0.0532768 0.992834 0.106965 4.45475 -0.929192 -0.0885221 0.358839 -20.9452
0.370512 -0.0800927 0.925368 227.649 -0.0535154 0.992779 0.107355 4.54293 -0.927285 -0.0892975 0.363549 -20.647
0.376773 -0.0802683 0.922821 228.392 -0.0543055 0.99261 0.108511 4.61266 -0.924712 -0.0909982 0.36963 -20.3275
0.380491 -0.0786324 0.921435 229.113 -0.0518362 0.992998 0.106144 4.68517 -0.92333 -0.0881507 0.37375 -20.0338
0.384391 -0.0744531 0.920163 229.851 -0.0473229 0.993842 0.100184 4.7527 -0.921956 -0.0820545 0.378501 -19.7105
0.387479 -0.0707371 0.91916 230.573 -0.0464032 0.994291 0.0960807 4.83055 -0.920709 -0.0798812 0.381985 -19.3941
0.389925 -0.0725048 0.917987 231.299 -0.0459201 0.994124 0.0980233 4.91621 -0.919701 -0.0803758 0.384304 -19.0739
0.393458 -0.0815481 0.915718 232.018 -0.0475392 0.99292 0.108849 4.98402 -0.918112 -0.0863602 0.386795 -18.7568
0.396164 -0.0909496 0.913664 232.759 -0.0464404 0.991823 0.118866 5.06539 -0.917004 -0.0895214 0.3887 -18.4701
0.400273 -0.0966712 0.911282 233.466 -0.0456227 0.991085 0.125176 5.15223 -0.915259 -0.0916799 0.392294 -18.1641
0.402362 -0.100592 0.909937 234.19 -0.0440099 0.99067 0.128978 5.23324 -0.914422 -0.0919421 0.394181 -17.8554
0.405353 -0.0991981 0.908762 234.899 -0.0402443 0.991194 0.126147 5.30335 -0.913274 -0.0877066 0.397791 -17.5319
0.409483 -0.093398 0.907524 235.604 -0.0399194 0.991959 0.1201 5.38389 -0.911444 -0.0854066 0.402461 -17.2279
0.413899 -0.0889782 0.905964 236.315 -0.0420753 0.992278 0.116678 5.46312 -0.90935 -0.0864116 0.406958 -16.9086
0.41757 -0.086725 0.904496 237.011 -0.0396525 0.992747 0.113493 5.52191 -0.907779 -0.0832567 0.411102 -16.5757
0.423695 -0.0846681 0.901839 237.751 -0.0401677 0.992886 0.112087 5.58702 -0.904914 -0.0837155 0.417279 -16.2213
0.427289 -0.0846796 0.90014 238.476 -0.039562 0.992899 0.112186 5.66293 -0.903249 -0.0835471 0.420905 -15.8655
0.431979 -0.0877517 0.897604 239.198 -0.0374125 0.992655 0.115049 5.75427 -0.901107 -0.0832805 0.425523 -15.5388
0.434867 -0.0939445 0.895581 239.928 -0.0332965 0.992185 0.120246 5.8506 -0.899879 -0.0821107 0.42834 -15.1899
0.436546 -0.101149 0.893977 240.644 -0.0276619 0.991681 0.125711 5.93319 -0.899256 -0.0796079 0.430116 -14.8414
0.439027 -0.106647 0.892121 241.376 -0.0270038 0.990915 0.131746 6.01494 -0.898068 -0.0819307 0.432159 -14.4865
0.441639 -0.111166 0.890279 242.128 -0.0255316 0.990335 0.136325 6.10622 -0.896829 -0.0829365 0.434532 -14.1031
0.442616 -0.111553 0.889745 242.84 -0.0270934 0.990115 0.137615 6.19359 -0.896302 -0.0850167 0.435218 -13.7456
0.44569 -0.0992001 0.889673 243.539 -0.03544 0.991106 0.128264 6.28915 -0.894485 -0.0886961 0.43821 -13.3853
0.445891 -0.0883237 0.890718 244.256 -0.0368734 0.992462 0.116871 6.39056 -0.894327 -0.0849558 0.439273 -13.0389
0.44578 -0.0814185 0.891432 244.955 -0.037067 0.993321 0.109261 6.49251 -0.894375 -0.0817489 0.439784 -12.6732
0.446327 -0.0829481 0.891017 245.689 -0.0365125 0.993177 0.110748 6.58385 -0.894125 -0.0819633 0.440253 -12.3088
0.444399 -0.0866073 0.891632 246.407 -0.0354366 0.992837 0.1141 6.66646 -0.895127 -0.0823023 0.438147 -11.9513
0.446812 -0.088163 0.890273 247.138 -0.0326866 0.992859 0.114727 6.7567 -0.89403 -0.0803614 0.440739 -11.5865
0.44886 -0.0908085 0.888975 247.884 -0.0278239 0.99292 0.115475 6.84735 -0.893169 -0.076567 0.443155 -11.2487
