-0.007630258021585761 -0.9999569980465164 -0.005266012547457479 0.3311792324690022 0.0024227390342847076 0.00524766441253157 -0.9999833280566417 -0.08068119012084751 0.9999679473871559 -0.007642888245785228 0.0023825936090541926 -0.4087732193436905
-0.00838022310277051 -0.9999558685702065 -0.0042406401234805925 0.8305024141385219 0.0013509876366376602 0.004229463515767718 -0.9999901721153039 -0.0937886390663149 0.9999640136584186 -0.008385869241409208 0.0013154844870027934 -0.3972950183748672
-0.009457331207655545 -0.999948599398294 -0.003658916397224976 1.3905389748189354 0.0009187106141782913 0.0036503892140977846 -0.9999929682632972 -0.09314355383561751 0.999954830442384 -0.009460624198066795 0.0008841399935577607 -0.3839577735966527
-0.010777077996755691 -0.9999418520177795 3.6730663738143016e-05 2.0214702251074814 0.0002905680319912096 -3.9863724832173673e-05 -0.9999999703299792 -0.08328197362239981 0.9999418053552531 -0.010777065973621727 0.00029098072158786556 -0.36635659842910145
-0.0122626381532156 -0.9999231209861341 0.0018145542929095737 2.579527165239224 -0.0005318536212002932 -0.001808168299324786 -0.9999982732364141 -0.07925820864252447 0.9999246772007092 -0.012263581034006654 -0.0005096405474596182 -0.3547117790936445
-0.013717906459593577 -0.9999024152664221 0.0026182986245078697 3.1515224028148983 -0.002640283263973454 -0.0025823137167881732 -0.9999932340928991 -0.0749943793617876 0.9999023435394203 -0.013724725414585068 -0.0026046028236182475 -0.3426767903545044
-0.014048313783617587 -0.9998926394953774 0.004169509363181358 3.7040489999234105 -0.004470952775353899 -0.004107064443272233 -0.9999816408993196 -0.08166992569942838 0.9998912902470793 -0.014066696451444344 -0.004412775773110185 -0.3307707516497983
-0.013976439644649391 -0.9998870050571418 0.0055358622175152115 4.281695982557409 -0.0056027997933690565 -0.0054580038881514945 -0.9999694062824594 -0.08968799733252164 0.9998866419312049 -0.014007027208403099 -0.005525883467199113 -0.32034056509412184
-0.014689246118982813 -0.999865144574166 0.007333821552980174 4.873190359822831 -0.0060807356518774655 -0.007245141788535136 -0.9999552830452266 -0.08463372621762733 0.999873605986466 -0.014733183504675146 -0.005973491092482053 -0.30711985371833156
-0.016638958466208303 -0.9998300709660308 0.007935948979223539 5.4737946650177545 -0.0055974751162250055 -0.007843783065105107 -0.9999536063524326 -0.07630938024842271 0.9998459101763213 -0.01668260717000513 -0.00546601146868659 -0.2895883897856555
-0.020431546869767434 -0.9997509752751466 0.008972831849656047 6.066742313340235 -0.004881535012858888 -0.008874844915341032 -0.9999487667099927 -0.06597291781013753 0.9997793308400936 -0.02047430256456062 -0.004698993214891538 -0.2782395169191187
-0.024020535799996523 -0.9996559921561129 0.010525374670737771 6.671618884018857 -0.0033126057073105133 -0.01044876274405384 -0.9999399794548546 -0.053862049382819965 0.9997059809111581 -0.024053957377269806 -0.00306048145594964 -0.26291004521311817
-0.024511573861122855 -0.9996398237755256 0.010920325031404079 7.30184956173698 -0.0008231517860547541 -0.010903417867413726 -0.9999402972417578 -0.032202482684920264 0.9996991950811497 -0.024519100972647728 -0.0005555962714634178 -0.24337422304477585
-0.01874659406345492 -0.999743237913442 0.012729821073180905 7.9497474165440725 0.0012414624456584583 -0.01275532793234966 -0.9999179183032467 -0.01166056053263509 0.9998235017959218 -0.01872924889860597 0.0014802625958045706 -0.23177640244163228
-0.008680701903682716 -0.9998800360959049 0.012824313700626873 8.615136656623667 0.0021063972184983074 -0.012843053932436708 -0.9999153185140464 -0.0004374413301135305 0.9999601365655068 -0.008652953665466609 0.002217631136119423 -0.2207226157204977
-0.0023022852239881868 -0.9999041066605932 0.013657938710249885 9.283660571488083 0.003220864469840294 -0.013665314504565458 -0.9999015246960544 0.012218382323476384 0.9999921462567503 -0.0022580678846584913 0.0032520166285536353 -0.20425167938965727
-0.0023729154292416402 -0.9998747639897473 0.01564780194496583 9.96729046281112 0.00520448023164198 -0.0156599827586144 -0.9998638520191082 0.02671428760854261 0.9999836689501754 -0.002291152953118364 0.005240988187856034 -0.18877230694023364
-0.008501626881670384 -0.9998327930011773 0.016189385959426733 10.661784828076211 0.00827049207609949 -0.01625972302270436 -0.9998335853279151 0.03961830689837237 0.999929634075485 -0.008366317323860374 0.008407342904374745 -0.1823136256639618
-0.014035189246888034 -0.9997535832941046 0.017200314178139116 11.364524535961902 0.0080730821376256 -0.017314755455339486 -0.9998175449359723 0.05710470352539171 0.9998688707980848 -0.013893766811317713 0.008314107702227524 -0.1822961608599001
-0.013203869410907716 -0.9997560784955768 0.017702392543965075 12.082712989664236 0.005791470956182664 -0.017780102272990372 -0.9998251237037868 0.06539246965340195 0.9998959832641477 -0.013099036717018352 0.006024824683898084 -0.17701641084666053
-0.005161115171594674 -0.9997974646629233 0.019450303633902145 12.85349467319738 0.0047712022153039105 -0.019474964206508266 -0.999798942012348 0.08327150389477322 0.9999752569408229 -0.005067275759139468 0.004870748378102939 -0.1680015486304106
0.0015889565702094308 -0.9998040476385062 0.019728394148081026 13.635696013306736 0.003593694520756164 -0.019722581274516364 -0.999799116155731 0.09201391276066162 0.9999922533833767 0.0016595346828793822 0.003561651704306929 -0.16588602718159245
0.00462776389460917 -0.9997802974156971 0.02044127208258323 14.43344093838177 0.0023640847456851315 -0.02043049302466325 -0.9997884876588893 0.11089201330787551 0.9999864930602761 0.004675109596128572 0.002269017730054075 -0.16599490296728664
0.00520581110454715 -0.9997696293881441 0.020818543786913248 15.230745424856536 0.0010506453528325128 -0.020813342224095383 -0.9997828907840786 0.1287660134314993 0.9999859221727321 0.005226551456511415 0.0009420521195482273 -0.16886653279417838
0.003595620578757593 -0.9997962973588009 0.019860071383778623 16.04348404998813 0.00048585304563415386 -0.0198584483311175 -0.999802696458002 0.15063491177452398 0.9999934347289469 0.003604559786585979 0.0004143497523599051 -0.17201036803123576
-0.00015742644604300159 -0.9998027197822076 0.01985899021407446 16.87824467500144 0.0023817349384128023 -0.019859305237504087 -0.9997999818903139 0.1726272893873132 0.9999971115646896 -0.00011009688557723357 0.002384391313547088 -0.1771931971608447
-0.005376796128071429 -0.9998169651785921 0.018362686516572475 17.72424264311295 0.0006225492310296299 -0.018366291163079876 -0.9998312122072001 0.18622772871007515 0.999985363386398 -0.005364456288506212 0.0007211862911512974 -0.1685515461237134
-0.011439360573642572 -0.9997834491461732 0.017381432198249606 18.58420189553498 -0.0015052165003661751 -0.017365328469100147 -0.9998480434908467 0.20237513505366644 0.9999334354349046 -0.011463785206241469 -0.0013062419572572885 -0.16184024634331454
-0.016845953645645895 -0.9997253266904284 0.01629146226153547 19.49791776917246 -0.0006439117790618565 -0.016282921202574876 -0.9998672857633545 0.22009873257300888 0.9998579202808083 -0.01685420637051687 -0.00036943415177923065 -0.14674327954779612
-0.01814337048627277 -0.9996886566045622 0.01712582101837434 20.400626385606994 -4.6405871585985284e-05 -0.017127802605664114 -0.999853335502963 0.2392211943596872 0.9998353695167318 -0.018141503000762286 0.00026436509193687507 -0.1378074814440068
-0.01745205252363488 -0.9996955985853435 0.0174364985601028 21.321813267399726 -0.0008227952793958759 -0.017424787175426018 -0.9998479169720242 0.25356712463531667 0.9998473422495209 -0.01746374390993831 -0.0005184473009391023 -0.11692464427089322
-0.018419946160509244 -0.9996886546026201 0.016829927807959454 22.261739332318996 0.0015913083410722872 -0.01686207617166592 -0.9998565732535087 0.27322486319427264 0.9998289992969346 -0.018390517167710185 0.0019014111321751625 -0.09404332072257277
-0.019813323144050037 -0.9996606109701407 0.016912537849242647 23.183093265031996 0.003908348405345283 -0.016993171184601297 -0.9998479713418655 0.30068460726956986 0.9997960930686401 -0.0197442166490394 0.004243713328651331 -0.07385111759982177
-0.020736662614852214 -0.9996468567851449 0.016614319898579682 24.149043500411455 0.006955905870682274 -0.016761744513947956 -0.9998354248778116 0.3205011375777811 0.9997607180220204 -0.02061768118702526 0.007301031128800176 -0.05811770175345193
-0.021183093563153378 -0.9996071736515367 0.018350204129463494 25.120253970039577 0.008214251539775806 -0.01852771818104236 -0.9997946128618291 0.3367889427926421 0.9997419242650751 -0.021028005406523834 0.008603499744195735 -0.030438749642225503
-0.020946646231495454 -0.9996080481867533 0.01857144227562532 26.111489516549362 0.009136917372865587 -0.018766134780717918 -0.9997821679162651 0.3677563952175055 0.9997388339606783 -0.02077240053835827 0.00952642401221337 -0.008333183296094646
-0.02071173197771342 -0.9995817950021418 0.020181801666040135 27.090604715878403 0.00964592612492179 -0.020384977069783296 -0.9997456915661631 0.39165335430616355 0.9997389071182982 -0.020511786384548234 0.01006409904749672 0.013949903141459104
-0.01971662322686441 -0.999610447473228 0.019749532033369117 28.081403000153966 0.011257870795486406 -0.019974086095165156 -0.9997371799355194 0.4223452832396493 0.9997422666687186 -0.019489100204480365 0.011647307322029553 0.040163755461283555
-0.018350456594406022 -0.999635962038759 0.019780332136538962 29.105241929470427 0.012193799254578854 -0.020005944004080484 -0.9997255141013176 0.4482886877112131 0.999757223662697 -0.018104222144868024 0.012556480598486503 0.0663679654234944
-0.017489140504137093 -0.9996689059721521 0.01887053845103282 30.103834281258624 0.011499029242793736 -0.019073280973240524 -0.9997520094951104 0.4830923076740458 0.9997808833680029 -0.017267808029232688 0.01182879747737762 0.08580220644359281
-0.01778172721824431 -0.9996561821570514 0.01926722096815949 31.129809510582326 0.01049981097844576 -0.019455909358267805 -0.9997555736891033 0.48906832092215446 0.9997867302009456 -0.01757507592146404 0.010842161576512117 0.10712546625260588
-0.01854250830978294 -0.9996329935708635 0.019749900601442508 32.16017275383663 0.010776689045558618 -0.01995197372692665 -0.9997429383364602 0.519965526955684 0.9997699747580318 -0.01832489875881963 0.011142692036709586 0.12214764858589622
-0.017887896798349123 -0.9996423278506028 0.019880165592155722 33.20826535809005 0.010627531497844353 -0.020072320354042862 -0.999742081195783 0.543320785976035 0.9997835431780601 -0.01767200493790642 0.01098278115239198 0.1440934143408725
-0.015558352486048478 -0.9996788031422751 0.020006505357489556 34.27506710492743 0.008969217679343952 -0.02014766192914977 -0.9997568153449881 0.5567076874093062 0.9998387029896288 -0.015375124554281604 0.009279800415198242 0.16333808347242562
-0.012474892027942202 -0.9997183948955769 0.020187001971812647 35.31259405352574 0.010774744565387911 -0.020321797626616317 -0.9997354702475478 0.5655414736440012 0.9998641712348536 -0.012254080886230806 0.011025221654558515 0.18539450343435784
-0.01005393089997926 -0.9997598299048356 0.019473320117605906 36.380419644174594 0.011668391389993878 -0.01959027903665377 -0.9997400098511902 0.5822877305563239 0.9998813866047865 -0.009824093881142101 0.011862547936633026 0.20976788493554743
-0.008901318988420257 -0.9997498487001943 0.02051874276351622 37.41287127744354 0.01101355085414469 -0.020616326789842033 -0.9997268627268541 0.6205893508032283 0.9998996762440082 -0.008672902013638729 0.011194307778262278 0.228468429255752
-0.009501884235414457 -0.9997352159148861 0.020956374097288878 38.48195997087403 0.011144816859775693 -0.02106189795229576 -0.9997161422213712 0.6548736353209725 0.9998926887597329 -0.009265630503817656 0.011341993187710212 0.24893669414402586
-0.009370592792949498 -0.999727072774383 0.021398278880875025 39.55037075551143 0.011626876826685497 -0.02150670184097855 -0.9997011125924458 0.6792657093534498 0.9998885252736966 -0.0091189964943881 0.011825234633928046 0.2642311726389016
-0.00857375206062602 -0.9997193704249905 0.022082641923798135 40.63571369850568 0.010637957540745776 -0.022173398705806133 -0.9996975657910591 0.7101694988790056 0.9999066185211477 -0.008336244062767732 0.010825081666432156 0.27822249549436473
-0.0067814886369278815 -0.999721345619968 0.02260816616688588 41.748274420936134 0.010916840575240774 -0.02268135660909135 -0.9996831716038248 0.7389410150746416 0.9999174782224273 -0.006532529692984495 0.011067612546019224 0.2963838704086452
-0.004911721632737979 -0.9997181802111553 0.02322527134170009 42.82760860700193 0.011011910873983928 -0.0232782237840787 -0.9996683979031954 0.7772987168211554 0.9999273580808977 -0.004654338121111631 0.011123144416816676 0.31193711273109637
-0.004491401993709635 -0.9997055768184028 0.023842268911030057 43.909776391628505 0.012565812954550854 -0.023897053820557325 -0.9996354402988262 0.8047551131744919 0.9999109198340694 -0.00419016699126177 0.012669446814266964 0.33201653024439187
-0.007873343246980738 -0.9996974193455088 0.02330335475050896 44.95458565807687 0.014315693702728989 -0.023414374560245945 -0.9996234132391105 0.8334710509489835 0.9998665579464268 -0.007536773547450287 0.014495712807226679 0.3493721317130248
-0.011053254398896973 -0.9996896818435385 0.02232467489328588 46.04180922634247 0.0168709081677172 -0.022509309427692203 -0.9996042561280888 0.8655602224963201 0.9997965887998967 -0.01067224254055701 0.01711447482658917 0.3742079430053121
-0.01122979246408565 -0.9996908308570214 0.022186146123569478 47.10734080156813 0.01851398035822043 -0.022391612194469494 -0.9995778094926244 0.8861893526905584 0.999765504492025 -0.010814297393571379 0.018759713658555145 0.3936525178258657
-0.008032182225301169 -0.9997067342894328 0.022846750010128994 48.19536705800964 0.018730431324251243 -0.02299389064785062 -0.99956009612521 0.9057450148372836 0.9997923330053723 -0.007600719049412752 0.018909625973151788 0.4155208667193788
-0.006564541182000809 -0.9997116122568571 0.023098680012255672 49.28824708051291 0.020722929278508807 -0.02323021525449881 -0.9995153892033352 0.9560360731147342 0.9997637311904998 -0.00608268701883938 0.020869448436499616 0.4331608702860006
-0.0055569080862472526 -0.9997122858346013 0.02333189702244816 50.35956302767134 0.01700279856139397 -0.02342334059551734 -0.9995810857020233 0.9943907170362065 0.9998399901137996 -0.0051578725675165155 0.017128068681764592 0.43730405236981157
-0.006401881573199328 -0.9997013962442072 0.02357947933919076 51.42523502954335 0.01643192692235456 -0.023681942315886682 -0.9995845356566805 1.0157104355788027 0.9998445088967114 -0.006011765151661994 0.016578631889086003 0.4445168347888075
-0.007775241439938498 -0.9997053414919426 0.022993494438357867 52.49771448721293 0.01664708368117934 -0.023120406353305645 -0.9995941331784425 1.0520273215523637 0.9998312249634952 -0.007389310223309007 0.016821950593244143 0.4689476886740911
-0.009678564712743188 -0.9996936459099944 0.02278060315497511 53.59292667794013 0.018170844383787677 -0.022953730206120144 -0.9995714637894787 1.0777957705174988 0.9997880464085686 -0.009260472388295 0.018387431918863318 0.4870947509735962
-0.011300101189511408 -0.9997027252759925 0.021604506290289642 54.66653777446732 0.017115918736129433 -0.021796106352455314 -0.9996159914669724 1.1053449036386518 0.9997896809828779 -0.010925979571720316 0.017357121541966718 0.5097727163291678
-0.014298135887848997 -0.9996598741256381 0.02180797980789064 55.736377535393466 0.01580911704681188 -0.02203349120311708 -0.9996322464157072 1.1364925720195496 0.9997727351922683 -0.013948111582378072 0.016118779090966075 0.5294470088032275
-0.01654131705684752 -0.9996229999104443 0.021913525387570902 56.826974062088226 0.014856394121364948 -0.022159816844369906 -0.9996440528715078 1.160851420108887 0.9997527731596785 -0.016209873066782524 0.015217341901217422 0.558809630729147
-0.014799851260533365 -0.9996635283783502 0.02129871819669188 57.89960572775329 0.0128518678693762 -0.02148947540424958 -0.9996865288478912 1.1779364796422325 0.999807854581673 -0.014521482567248075 0.013165585664782936 0.5810002598421304
-0.008972027979745266 -0.9997224332970384 0.02178172638495578 59.02016462508954 0.011905528251121063 -0.02188785433999833 -0.9996895631708876 1.208110527684767 0.9998888744475468 -0.008709919760693647 0.012098602319743593 0.6066858140841148
-0.0033949262471571692 -0.9997312971875141 0.022929936869130245 60.11005313682357 0.010256922466131005 -0.02296367870788961 -0.9996837559276516 1.2388327075138805 0.9999415971423178 -0.003158661220832159 0.010332125955046779 0.6171945592181799
-0.0028378059361012604 -0.9997418385646794 0.022540528757705094 61.19771467586053 0.009005580747038828 -0.022565248724828575 -0.9997047934552274 1.2600264378744563 0.999955384362415 -0.002633977280448007 0.009067291660929825 0.6338991949496179
-0.0060981757079264015 -0.9997546066156431 0.021296593835575778 62.2620209092432 0.0060025989801661545 -0.021333197318904613 -0.9997543972362699 1.2724077069856596 0.9999634036407573 -0.005968841954807189 0.006131220026831005 0.6418664626696859
-0.007123905560930367 -0.9997595705225286 0.020738618571147522 63.33217243787186 0.003970665451158927 -0.02076726030940036 -0.9997765058270424 1.2925292738169285 0.9999667309686271 -0.007039966194398623 0.004117653670330727 0.653294077389345
-0.010612872087473735 -0.9997231732073317 0.020995511627543952 64.42617365410709 0.006045480766327877 -0.02106045844741973 -0.9997598983247462 1.330226032965436 0.9999254360493536 -0.010483395773798821 0.00626731953489347 0.6762419455239829
-0.01503483459957055 -0.9996636045781411 0.021132815321499524 65.4769045600743 0.0043765440861288415 -0.02120079145622987 -0.9997656849521989 1.3568212254953735 0.9998773728746402 -0.01493882191230957 0.004693822055800408 0.6955756716157603
-0.015749365607537046 -0.9996692606024383 0.020328350553330585 66.55709116036371 0.006920927300833749 -0.020439371850610878 -0.9997671913567233 1.3810888817403622 0.9998520020885877 -0.015605006852621235 0.007240545458147915 0.7167658252142067
-0.012416137620255886 -0.9997440874755682 0.018908227083866844 67.66572004603385 0.010785991627174371 -0.019042495841428215 -0.9997605365156472 1.422032185105542 0.9998647437085023 -0.012209219501687775 0.011019665461684093 0.7380524197998777
-0.010589171309606847 -0.9997593737477921 0.0192090442823248 68.75098870197384 0.01157968837289719 -0.019331433813207066 -0.9997461317414724 1.4594312432823238 0.9998768677344431 -0.010364046855480234 0.011781604122813896 0.7655424209957776
-0.010142527128147411 -0.9997682580035493 0.018987273101976197 69.85924010017857 0.011099085326757031 -0.019099635981939582 -0.9997560166154932 1.474759239491205 0.9998869810032031 -0.009929309887466672 0.011290231110086995 0.7776446736019724
-0.009048445713883439 -0.9997797466839657 0.01893753512458437 70.93739250944058 0.010319450871099237 -0.019030661121871368 -0.9997656197368276 1.501445617020738 0.9999057538435129 -0.008850898939680807 0.010489374835754801 0.8034376444217323
-0.007631357676243035 -0.9997865379383177 0.01919958399393842 72.02721638721798 0.009442742652336545 -0.01927133448177939 -0.9997696907097705 1.5354658460439796 0.999926340330519 -0.00744830313874729 0.009587792997022416 0.8246015654406336
-0.005912681565047359 -0.9997896619047938 0.019636283291628323 73.12328012233685 0.008776994295536626 -0.019687750361727385 -0.9997676761677456 1.553375145954047 0.9999440664958211 -0.005738959926673558 0.008891555926774753 0.8419438570719879
-0.00443810993652894 -0.9998006182406859 0.019465028550868037 74.2169760686833 0.007416121647223623 -0.01949759333186405 -0.9997824237136028 1.5747673112948577 0.9999626782524091 -0.004292788971309195 0.007501176268392983 0.8549952361265006
-0.004879895954927696 -0.9997891680110589 0.01994302064487955 75.31553058067507 0.006953608951823558 -0.019976704125936978 -0.9997763324405512 1.5991653522280385 0.9999639570252458 -0.004740128527358431 0.007049627080864679 0.8752644325844043
-0.008227364311908165 -0.9997525787483178 0.020667954666777257 76.38436013563548 0.005725630275604771 -0.020715415378580678 -0.9997690505196176 1.6268604340765043 0.9999497713683132 -0.008107126124005326 0.005894645990488839 0.891335539459116
-0.009919175297833042 -0.9997085034367234 0.02201255557064494 77.43984796272404 0.005890611455551658 -0.022071675904781027 -0.9997391058041316 1.6635744421763086 0.9999334313135431 -0.00978691826470337 0.006107827202614065 0.9133736111537357
-0.008456580131870048 -0.9996903874107189 0.023401880048349977 78.514143039654 0.00819676488673605 -0.02347123266086643 -0.9996909062351026 1.693306481616973 0.9999306883206729 -0.00826214613716352 0.00839271289273647 0.9384692677117178
-0.004283378875011863 -0.9997103493338841 0.023679670277916655 79.61226651940511 0.011233115990335463 -0.023726487930274372 -0.999655461359188 1.7297984504353232 0.9999277117182845 -0.004015906822442853 0.011331491805286227 0.9627548492505776
-0.000870472080251491 -0.9997147984769378 0.023864089765878754 80.68880144780273 0.012145724640847833 -0.023872905649768645 -0.9996412857256769 1.769321508360234 0.9999258845730002 -0.0005803133416201209 0.012163040730020122 0.9673984111254184
-0.000239831851341985 -0.9996851449036241 0.02509116587182777 81.73993363388195 0.011112554420178574 -0.025092274474743624 -0.9996233925419874 1.8093502092489504 0.9999382367185841 3.908592647411564e-05 0.011115073326085615 0.9773075600900618
-0.001430953089647558 -0.9996934149371555 0.02471525529198493 82.77973093557782 0.010130736936034817 -0.02472850566658894 -0.9996428443565333 1.8346259039619206 0.9999476680702205 -0.0011800585644772925 0.010163016756236511 0.9827695220749674
-0.001983827110128649 -0.9996682991680618 0.025675901645708064 83.82515689396345 0.010398366659287015 -0.025695186782369532 -0.9996157472188415 1.86074620755512 0.999943973244348 -0.0017160772177133507 0.010445891892498185 1.0006848262924657
-0.0019401477813824368 -0.99967093095541 0.02557655003402071 84.8872851576705 0.011530531229177519 -0.0255972609311053 -0.9996058320576013 1.8955708530363506 0.9999316631734695 -0.0016444725291874128 0.011576399712487733 1.0215067466086263
-0.0020257058241062945 -0.9996311097923205 0.027083211796265924 85.90438592100463 0.010323304834803992 -0.027102725295692347 -0.9995794146769277 1.9278342518171983 0.9999445997580712 -0.001745264034658603 0.01037439811979864 1.031245986016925
-0.00040144549751210297 -0.9996144914228907 0.02776152656764653 86.90426455270814 0.009348584722689103 -0.027764071675205403 -0.9995708101067122 1.9647284308008566 0.9999562014371683 -0.00014174184782531941 0.009356126172717498 1.0411783271155648
0.002562066374097482 -0.9996177402750687 0.02752616808861305 87.90579524712764 0.009045613180654085 -0.027501972498022668 -0.9995808204925545 1.9936048965842432 0.9999557497164987 0.0028099830581278067 0.008971693123925182 1.0571362176802497
0.003669551211917345 -0.9995588262577274 0.029473745810248607 88.86935699420278 0.008516144562823107 -0.02944163021886584 -0.9995302199962454 2.0243134880440694 0.9999570552525189 0.003918831999557089 0.008404350006948483 1.0701653354583651
0.003903305434860142 -0.9994971202508741 0.031467302645678694 89.82297807321282 0.007055484361435842 -0.03143923213385287 -0.9994807663392414 2.061188067966085 0.9999674923445088 0.004123295314206809 0.006929218698992711 1.0745382518376745
0.003700267940360073 -0.9994028867607493 0.03435224533902293 90.75349477740568 0.006610319539800808 -0.03432728631891503 -0.999388778226704 2.0845698712971865 0.999971342411372 0.00392508572621195 0.006479352378554956 1.0902399089671628
0.0030237009749320577 -0.9992863326580094 0.03765176086474771 91.66666523784303 0.0063231227633961246 -0.03763206954917207 -0.9992716860154733 2.1268321068611233 0.9999754006492029 0.0032595728034162854 0.006204821574240014 1.097388759847388
0.003013736201662634 -0.9991811448076625 0.040345966024087666 92.56752842111719 0.005609585391513555 -0.04032862260727983 -0.9991707343191412 2.1748820567228924 0.9999796755980461 0.0032375573947275374 0.005483452405617196 1.1100366427690582
0.004144186596643977 -0.9990357824110394 0.04370711934353018 93.41641888529225 0.00659608738249913 -0.04367923029439893 -0.9990238642783272 2.213987436961563 0.9999696145860238 0.004428436934448556 0.006408711697754941 1.1186734080560483
0.004725382406049652 -0.9989126089342899 0.04638145590560607 94.25663207787996 0.0069603535504589465 -0.04634799350649939 -0.9989011589989164 2.26567849332678 0.9999645485432554 0.005043018833318964 0.006733773100449722 1.1239424951149837
0.005690368494521505 -0.9987267616590426 0.05012307878566066 95.06658785008258 0.00648555326769058 -0.05008597387104295 -0.9987238633168746 2.3144746322887584 0.999962779756104 0.006008179366514935 0.006192288376521439 1.126357110089618
0.006602182198592162 -0.9986078856409941 0.052331181908452234 95.85596183611794 0.008806731566029664 -0.052272230497864045 -0.9985940734116071 2.3612140485486734 0.9999393856747558 0.0070537664646106845 0.008449361299271877 1.137691437134908
0.007324041623061803 -0.9984359367517502 0.055426039017768935 96.62781583806488 0.010824324826682746 -0.05534511586096891 -0.9984086644254333 2.413706611559528 0.99991458466281 0.007912335324107705 0.010402044237907101 1.1500154594465681
0.00604771775590332 -0.9983225581449827 0.05758045235165973 97.34666698854875 0.011542964303826075 -0.05750798211760905 -0.9982783477434406 2.4596180558755 0.9999150939655188 0.0067019561083488735 0.011175808361705718 1.155188556431989
0.002834743299971784 -0.9981707424590822 0.06039083299172106 98.04877076176615 0.013050000155500207 -0.06034901193645461 -0.9980920464848739 2.5052596504671936 0.9999108668779941 0.003617441387496246 0.012855048636482801 1.1654031990400555
-0.0005320041808727204 -0.9980999415380027 0.06161257297401139 98.71268284668449 0.015849396125080656 -0.06161324533143421 -0.9979743106100731 2.5480474245120557 0.9998742113641753 0.00044559601234711935 0.01585206651230692 1.1768692003817098
-0.0029411360870890786 -0.9979719206465082 0.06358753497696333 99.35816443176041 0.01712193143742443 -0.06362873538992603 -0.997826777993329 2.594159949547681 0.9998490644287309 -0.0018460016758805875 0.017274346477015107 1.181234269211057
-0.0036384866210053034 -0.9978666721966835 0.0651833292721505 99.96050680095364 0.019794641734917323 -0.06524286119571614 -0.9976730741646892 2.6492815240103877 0.9997974421719072 -0.002339738630298966 0.019989803816721465 1.198984499784534
-0.004041525402959894 -0.9978427401858948 0.0655253974523571 100.54438770035102 0.02165127061778922 -0.06559788597891644 -0.9976112385292187 2.7068416365798145 0.9997574287281142 -0.0026131617161680703 0.02186967638187632 1.212011806351069
-0.003012535253594008 -0.9979878551671648 0.06333392480123433 101.12196624346252 0.024889375608677704 -0.06338941870372457 -0.9976784676450368 2.752457573985448 0.9996856849861281 -0.00142919989197885 0.02503024595731857 1.2245580598056616
-0.0020091953672829975 -0.9982709153881338 0.05874588483029696 101.66224172651998 0.02717355614065512 -0.058778806380868596 -0.9979011807600301 2.7912778305332457 0.9996287157967481 -0.0004086434424224539 0.027244664748151595 1.2325791344374046
2.7756844115028184e-05 -0.9986805879929046 0.05135068688389565 102.16340905985324 0.028777824996133888 -0.051328623099277514 -0.9982671985690335 2.826695112278756 0.9995858345121991 0.0015054700525166526 0.028738438255162466 1.239326172300281
0.002175073515285132 -0.999090206639102 0.042590160434323066 102.6609412046909 0.028434647321383042 -0.042511250343927956 -0.9986912617795876 2.849827917224614 0.9995932474586368 0.0033832625290460307 0.028316309828642815 1.242509559047942
0.00366618493629944 -0.9995328089475279 0.03034144035867423 103.13612096116864 0.029005826953984237 -0.030222577373425215 -0.9991222894920543 2.8513741285602476 0.9995725655439213 0.004543046039696068 0.028881472437125744 1.249934115119801
0.0049614622070348596 -0.9998481455285841 0.016700429416660736 103.56088734106113 0.02866842866080905 -0.01655155276540292 -0.9994520377723966 2.849414056925336 0.9995766759227522 0.0054375196410523866 0.028581950558368055 1.2587935493077
0.0052855508042474394 -0.9999851107818557 0.0013011870215838151 103.99644436682348 0.028047328342453822 -0.0011524453185473528 -0.9996059956724346 2.8407879168581163 0.9995926282383352 0.005319963523325529 0.02804082851429991 1.2687174499286562
0.003602194137887503 -0.9998580315340471 -0.016460938653378124 104.40143502475631 0.027398651618480582 0.016553548100421017 -0.9994875061851857 2.8239423315889995 0.9996180741848948 0.003149337398493839 0.027454387761691477 1.278029663286935
0.00041269226201042127 -0.9993060637847623 -0.037243851528789014 104.79639994182091 0.026631711335128504 0.03724161939404294 -0.9989513867903344 2.804066923898925 0.9996452113606321 -0.0005796080675619358 0.02662859934394665 1.280788036583726
-0.0036160862643594624 -0.998096740030412 -0.06156201066292467 105.20318099440776 0.024319399906218606 0.06145643234413433 -0.9978134820955291 2.771742984590822 0.9996976531605266 -0.00510532920311179 0.02405087292022513 1.2874395332381914
-0.005767045908411433 -0.9961260522458897 -0.08774704055814252 105.5868394014398 0.02235460201863265 0.08759814617477231 -0.9959050772238603 2.729400410097842 0.9997334872249694 -0.007704980016306481 0.021762817733639122 1.2930597099292043
-0.006684966674654064 -0.9929968817873409 -0.11795111311076414 105.9726535226875 0.020771704023360378 0.11779041351718603 -0.9928212511162785 2.654007532751569 0.9997618570885048 -0.009087021278417129 0.019838812157468036 1.3008754722599574
-0.007918500243234688 -0.9885605626130253 -0.1506164202886478 106.32396508601772 0.019081915245681223 0.15044432186756027 -0.9884343089044888 2.5709242956324077 0.9997865910158986 -0.010700966272443563 0.01767232937567445 1.3130161970607785
-0.008682741073611796 -0.9822371216043808 -0.18744247946156228 106.68824353281562 0.016057475896070445 0.18728846010298839 -0.9821737841908335 2.466912324989572 0.9998334114769752 -0.011537813339353623 0.014146073970623469 1.313739458945263
-0.009663671401679985 -0.9742398449964462 -0.22530705753082023 107.02887129384426 0.013503042991132483 0.22516986686152274 -0.9742260217612251 2.353205282775325 0.9998621152365875 -0.0124569293440131 0.010979234540157293 1.3263684790714902
-0.010578495691430826 -0.9640590973044959 -0.2654772856301251 107.3803850185091 0.012307373862666216 0.2653465357573811 -0.9640746381065268 2.213063836420074 0.9998682522437696 -0.013465785241641149 0.009058067934049743 1.3436005481167548
-0.01114992967323174 -0.951708813623737 -0.30679961431039054 107.68534381549668 0.01245169671929302 0.30666277321845997 -0.951736796287039 2.0757020715957757 0.9998603223362088 -0.014431973485838252 0.008431121454771774 1.3555427458064244
-0.01016457565039823 -0.9363878080116657 -0.3508196874895607 108.00989310480657 0.015567062346064397 0.3506471310731128 -0.9363783121322149 1.9352015173795394 0.9998271088841943 -0.014979117646580529 0.011012625577285433 1.3642832790020314
-0.008704168796877508 -0.9186577378744751 -0.39495827812254947 108.33571251764094 0.015246661625486052 0.3948054151478042 -0.918638244469121 1.7736593677391639 0.9998458481572855 -0.014017776256644573 0.010570008649073329 1.3725583123220944
-0.006794728926372259 -0.8985978764258806 -0.4387205008582355 108.61167818389103 0.01521652879763782 0.43858688064333035 -0.8985599736141141 1.6043099588524314 0.9998610793132666 -0.01278127247390461 0.010693460983041974 1.3768317365919656
-0.007337628605381344 -0.8754579521249798 -0.48323853742450074 108.8982471223094 0.01368434041682519 0.483118428727494 -0.8754480530278693 1.3981999426889997 0.9998794244944795 -0.013036512938655691 0.00843512087788735 1.3811240404715739
-0.008493912880853188 -0.8501786782405575 -0.5264257713554498 109.14119530329795 0.01369687277835305 0.5262964334229563 -0.8501909013920756 1.2009322586069622 0.9998701192681447 -0.014431832380392893 0.007174472457896847 1.3890788859405099
-0.009802046250439213 -0.8224866502357114 -0.5686998459509381 109.40814539279405 0.015660950573547116 0.5685311946961151 -0.8225126498504844 0.9570470559915136 0.9998293479845978 -0.016968684381509343 0.0073081525543241274 1.406928682308255
-0.010788686218153827 -0.7920225805951518 -0.6103964523169607 109.62430483530058 0.019669833604547906 0.6101458310096854 -0.7920449600122288 0.7397513704100408 0.9997482859204498 -0.020551512344107473 0.00899627620846838 1.420559120009717
-0.010303907736923293 -0.7582479203763719 -0.6518848133624545 109.86802576365787 0.025177578645428616 0.6515159750758778 -0.7582169064703074 0.4968738881850766 0.9996299230803067 -0.02422548238673296 0.01237769166104555 1.4284166847925546
-0.008927913140134892 -0.7217450327013123 -0.6921013038111988 110.082884260701 0.029519854290279764 0.6916371104127852 -0.7216417765787252 0.24900460029018395 0.9995243152737575 -0.026873480470279654 0.015130932727349888 1.4265029247273602
-0.009193623870265556 -0.682103505886809 -0.7311978412463535 110.26334120053512 0.030697546794268102 0.730691583869082 -0.6820172212137663 -0.007432027385613299 0.9994865060218533 -0.02871618852318951 0.014221200001183713 1.4373047060986646
-0.008988162786540993 -0.6406925541631406 -0.7677449213525682 110.4361932503982 0.02867179895435301 0.7672951058112506 -0.6406528644766766 -0.3234411821254508 0.9995484526307916 -0.027770914148339695 0.011473237975290465 1.4581350409250495
-0.00674358868816591 -0.597211441217432 -0.8020554742560683 110.61121288427034 0.026649150861621892 0.8016815737854902 -0.5971571478752069 -0.6282565389144765 0.9996220974397286 -0.0254010795093364 0.010508967902676 1.458467379887724
-0.0039244289092364975 -0.5508998136188715 -0.8345621421747056 110.79951529960529 0.02500226737541481 0.8342536030489929 -0.5508137446160961 -0.9686681368009779 0.9996796209670943 -0.02302757838403073 0.01049977786024359 1.4793435845250342
-0.001720357581487129 -0.5032205020376096 -0.8641563294749037 110.9305946226869 0.022716966543394976 0.8639149398331982 -0.5031251924824955 -1.2634288242254532 0.9997404639620437 -0.020496562248684902 0.009945400748289108 1.4760419165284517
-2.953531719991501e-05 -0.45246546264220777 -0.89178185173565 111.07155548359 0.017578482496282806 0.8916438913695737 -0.4523960989147063 -1.636892535796874 0.9998454811562874 -0.015689533849036263 0.007927323947626533 1.503054420586235
0.003398820304203304 -0.40046848107646965 -0.9163042230101776 111.18622393792432 0.017360934686307276 0.9161950923921791 -0.4003563284859133 -1.9815080923502344 0.9998434778036711 -0.014547158110013732 0.010066490303617531 1.5088250975632775
0.0065319000047353954 -0.34930772056911846 -0.9369852676981169 111.27085736892592 0.02084549826291842 0.9368492808467287 -0.3491116555082793 -2.322111008424275 0.9997613107285951 -0.01725156059764709 0.01340089914853604 1.5133784065535336
0.009547929809340452 -0.29905255136056147 -0.9541888371514544 111.38654400382408 0.02531134270043807 0.9539988395810789 -0.29873976837766125 -2.707210118030094 0.9996340196963184 -0.021299449365058568 0.016678140609580765 1.5227127266885343
0.009365625890803487 -0.2523632790994398 -0.9675872729704919 111.46587045712594 0.027196511762174434 0.9673360098757235 -0.25203446836139065 -3.093166048023292 0.9995862061432047 -0.02395454259490679 0.01592310423347306 1.531835225452714
0.00427915647814322 -0.20973293740187135 -0.9777493833855216 111.511004980566 0.0267496442558864 0.9774324665933661 -0.20954785759515412 -3.528797498980281 0.9996330384974155 -0.025257757538489155 0.009792868928490723 1.5458307661229562
-0.0023007789383006584 -0.17437811380785115 -0.9846761256763678 111.52828587700442 0.026517789655446378 0.9843218201644159 -0.17437738631551822 -3.925026820958929 0.9996456723764646 -0.026512640375822495 0.002359416773884936 1.551419192399952
-0.004863274148683814 -0.14289472675559015 -0.9897259436877642 111.59491229945678 0.027256280168743187 0.989351034617109 -0.1429744829920833 -4.371562196290873 0.9996166064288332 -0.02767156593492577 -0.0009167064684250447 1.5680618481703588
-0.0020424845337188575 -0.11556640389505661 -0.9932977104202881 111.62660377380648 0.026006351821520432 0.992957675506344 -0.1155802729740939 -4.823139945849219 0.9996596667893629 -0.026068119221462724 0.0009773598273750018 1.5847584537527863
0.0035120672986549157 -0.09059990823951175 -0.9958811710379696 111.65176828108953 0.022748575993677356 0.9956368322238517 -0.09049745501425427 -5.2898637385053995 0.9997350651832198 -0.02233704411642759 0.005557764477493513 1.596764048622301
0.007490105104860052 -0.06632681537259513 -0.9977698093443877 111.67514595286653 0.01969805302926416 0.9976140397186596 -0.06616859721090076 -5.794247238101272 0.9997779591347947 -0.019158511808459122 0.008778744176480474 1.607995125558551
0.005331595507355777 -0.04492576124388043 -0.9989760852293382 111.6888125568833 0.01675336703238365 0.9988540922457283 -0.04483086176763379 -6.305090570532373 0.9998454537414578 -0.01649719054079537 0.006078145246916096 1.6182178598501842
-1.3910611789286664e-05 -0.0254703562552539 -0.9996755757678397 111.67783064226693 0.017012036684778527 0.999530888252557 -0.0254669131274728 -6.8433880921763 0.9998553256197913 -0.017006872098043177 0.0004194000092324229 1.6293754099776994
-0.0046053609359574 -0.006521292172628874 -0.9999680916112673 111.66073625606619 0.018054101066634184 0.9998151684214067 -0.006603442915122905 -7.405407832304878 0.9998263861791398 -0.01808393011300123 -0.004486772485449213 1.6355733338434213
-0.0072825280912265904 0.009527100092252161 -0.9999281334817475 111.6360002832914 0.022517869249050627 0.9997026378422212 0.009360951973763873 -7.962352902380857 0.9997198787378843 -0.022448084577283596 -0.007494891750994575 1.645474820889698
-0.0037326689175488505 0.0213110603197439 -0.9997659090929909 111.63926708403888 0.026839973992335175 0.9994148608359444 0.021203367012287016 -8.554431374896566 0.999632762256667 -0.026754548366994667 -0.00430247191839561 1.656237637351144
-0.003540659847958933 0.02718191357522161 -0.9996242739429934 111.6157538935766 0.026707366538575927 0.9992765074066849 0.027077861667463364 -9.156711424365163 0.999637036566596 -0.026601460100643303 -0.00426405455872583 1.6664950573944148
-0.009150374605000487 0.029418852343629065 -0.9995252355941069 111.59142624587287 0.023855716247002015 0.9992891145442254 0.02919350999360521 -9.78727306079741 0.9996735663294359 -0.023577258356871546 -0.00984567493922483 1.6785201540346617
-0.011384603003581134 0.030579908343212937 -0.9994674628967559 111.57844023401802 0.022729381767726604 0.9992819348404184 0.030315335246535336 -10.45019886313406 0.9996768457848929 -0.022372142824783208 -0.012071481836837148 1.6886343989423045
-0.009321934484611886 0.028390341218899585 -0.9995533800218619 111.56591856399162 0.02236822352855191 0.9993526587238122 0.028176023319580905 -11.118982296444164 0.9997063589506221 -0.02209558469000355 -0.009950940239200231 1.7098990388241317
-0.006907072836093243 0.027858242833064248 -0.9995879926508332 111.55409714085728 0.023223701504583437 0.9993467454372775 0.02769103777870952 -11.797028224829306 0.9997064395202195 -0.0230228611925301 -0.007549530601184438 1.734052034164246
-0.008278043168503061 0.025668868554933267 -0.9996362633891492 111.53530605244491 0.023468268929681044 0.9994000583459646 0.02546845968872636 -12.490924859648693 0.9996903421206901 -0.023248902231220656 -0.00887548017746157 1.747003353256335
-0.00689947292533777 0.023741183153785404 -0.99969429054831 111.51420887307879 0.024201796244075917 0.9994292992325373 0.023567849367392132 -13.20817061081966 0.999683271516172 -0.02403179022867425 -0.007470113307199373 1.760473121333296
