1 0 0 0 0 1 0 0 0 0 1 0
1 -9.86716e-05 -0.000371079 0.0155171 9.87227e-05 1 0.000137604 -0.00632579 0.000371066 -0.000137641 1 0.00303165
1 -0.000303956 -0.000396318 0.0166746 0.00030406 1 0.000261226 -0.00767325 0.000396239 -0.000261347 1 -0.00150312
1 -0.000225019 -0.000309558 0.0189084 0.000225166 1 0.000474594 -0.00922727 0.000309452 -0.000474663 1 -0.00710752
1 -1.28129e-05 -0.000527681 0.02527 1.29081e-05 1 0.000180411 -0.00360185 0.000527679 -0.000180418 1 -0.00934941
1 3.91937e-05 -0.000619111 0.0343363 -3.91085e-05 1 0.000137541 -0.0191955 0.000619116 -0.000137517 1 -0.00170976
1 -0.000298734 -0.000702642 0.0402805 0.000298848 1 0.000161393 -0.00877682 0.000702594 -0.000161603 1 0.00122118
1 -0.000235724 -0.000840092 0.036177 0.000235963 1 0.000284587 0.00132235 0.000840025 -0.000284785 1 -0.00355795
0.999999 -0.000135407 -0.00104236 0.0420703 0.000135836 1 0.000411404 -0.00249621 0.0010423 -0.000411545 1 -0.0108541
0.999999 5.22391e-05 -0.00146172 0.0536377 -5.21485e-05 1 6.20064e-05 -0.000760403 0.00146172 -6.19301e-05 0.999999 -0.0155913
0.999999 -0.000125384 -0.00152233 0.0569961 0.000125399 1 9.68155e-06 -0.00921702 0.00152233 -9.87244e-06 0.999999 -0.0182133
0.999999 -0.00023747 -0.00151542 0.0629831 0.000237748 1 0.00018312 -0.00223546 0.00151537 -0.00018348 0.999999 -0.0207041
0.999999 -0.000157061 -0.00153051 0.0584709 0.000157165 1 6.80278e-05 0.000164532 0.0015305 -6.82682e-05 0.999999 -0.0177505
0.999999 4.44185e-05 -0.00167877 0.0648434 -4.43714e-05 1 2.80895e-05 -0.00196673 0.00167877 -2.8015e-05 0.999999 -0.0144323
0.999999 0.000100534 -0.00170845 0.067603 -0.000100218 1 0.000184952 0.00759768 0.00170846 -0.000184781 0.999999 -0.0138832
0.999999 -0.000147181 -0.00160564 0.0725679 0.000147777 1 0.00037062 0.00671994 0.00160559 -0.000370857 0.999999 -0.0111418
0.999998 -0.000185527 -0.00179131 0.0828693 0.000185703 1 9.8386e-05 -0.00173258 0.00179129 -9.87185e-05 0.999999 -0.00715327
0.999999 -0.000134254 -0.00172859 0.0839382 0.000134418 1 9.50019e-05 -0.00162249 0.00172858 -9.52342e-05 0.999999 -0.00485267
0.999998 -3.19199e-05 -0.00178044 0.0936965 3.26664e-05 1 0.000419266 0.00230179 0.00178043 -0.000419323 0.999999 -0.00395278
0.999999 -0.000625431 -0.00153621 0.089014 0.000626298 1 0.000563856 -0.00610469 0.00153585 -0.000564817 0.999999 -0.00196904
0.999997 -0.00148072 -0.00169259 0.0574296 0.00148171 0.999999 0.000578111 0.000708333 0.00169173 -0.000580618 0.999999 0.00187253
0.999996 -0.00246869 -0.00166741 0.0167873 0.00246966 0.999997 0.000580495 -0.00372248 0.00166598 -0.000584611 0.999999 0.00431919
0.999992 -0.00358781 -0.00164444 -0.0469526 0.00358913 0.999994 0.000798283 0.00295012 0.00164157 -0.000804179 0.999999 0.00764164
0.999986 -0.00517374 -0.00148613 -0.103719 0.00517456 0.999987 0.000547494 -0.0200415 0.00148328 -0.000555176 0.999999 0.00972142
0.999975 -0.00701467 -0.00129283 -0.167305 0.00701543 0.999976 0.000584839 -0.0204493 0.0012887 -0.000593894 0.999999 0.0108112
0.999969 -0.00779727 -0.00127578 -0.263473 0.00779836 0.99997 0.000846926 -0.0166648 0.00126913 -0.000856849 0.999999 0.00920676
0.999969 -0.00778483 -0.0010951 -0.394126 0.00778557 0.99997 0.000673645 -0.0295705 0.00108982 -0.00068215 0.999999 0.00768225
0.999973 -0.00735096 -0.00102642 -0.497413 0.0073514 0.999973 0.000424768 -0.0455303 0.00102327 -0.000432302 1 0.00635781
0.999974 -0.00722292 -0.000768258 -0.603544 0.00722355 0.999974 0.000809554 -0.0516162 0.000762389 -0.000815082 1 -0.000492455
0.999973 -0.00724364 -0.00106756 -0.701418 0.00724461 0.999974 0.000903518 -0.0438097 0.00106098 -0.000911228 0.999999 -0.000807397
0.999973 -0.0072348 -0.00105468 -0.801998 0.00723539 0.999974 0.00055162 -0.043269 0.00105066 -0.000559236 1 0.00879679
0.999967 -0.00813171 -0.000690013 -0.898673 0.00813207 0.999967 0.000522181 -0.0649105 0.000685743 -0.000527774 1 0.011372
0.999948 -0.0101469 -0.000291285 -0.981208 0.0101471 0.999949 0.00074868 -0.081972 0.000283672 -0.000751597 1 0.00306186
0.99992 -0.0126739 -6.16575e-05 -1.07696 0.0126739 0.99992 0.000862809 -0.0740056 5.07162e-05 -0.000863521 1 -0.00885888
0.999867 -0.016119 0.00259471 -1.18347 0.0161182 0.99987 0.00034333 -0.0900714 -0.00259991 -0.000301462 0.999997 -0.0184211
0.999811 -0.0189892 0.00425332 -1.35133 0.0189886 0.99982 0.000196971 -0.10288 -0.00425629 -0.00011617 0.999991 -0.0164268
0.999751 -0.0213027 0.00670362 -1.58581 0.0213001 0.999773 0.000454635 -0.117635 -0.00671178 -0.000311734 0.999978 -0.0351632
0.999661 -0.0241852 0.00964923 -1.89598 0.0241795 0.999708 0.000702764 -0.154574 -0.00966341 -0.000469212 0.999954 -0.05135
0.999637 -0.024803 0.0104931 -2.31601 0.0248093 0.999692 -0.00047567 -0.194027 -0.010478 0.000735824 0.999945 -0.0746367
0.99969 -0.0223868 0.0108878 -2.86729 0.0224072 0.999748 -0.00175425 -0.218663 -0.0108458 0.00199768 0.999939 -0.0646395
0.999834 -0.0136395 0.0120535 -3.51785 0.0136597 0.999906 -0.00159223 -0.282152 -0.0120306 0.00175661 0.999926 -0.0830261
0.999883 -0.00633274 0.0139017 -4.2475 0.00634375 0.99998 -0.00074794 -0.332752 -0.0138967 0.000836041 0.999903 -0.104113
0.999809 -0.00236302 0.0194201 -5.07185 0.00245164 0.999987 -0.00454115 -0.349292 -0.0194091 0.00458789 0.999801 -0.139919
0.999816 0.00294543 0.0189818 -6.00647 -0.00287498 0.999989 -0.00373792 -0.414387 -0.0189926 0.00368266 0.999813 -0.159467
0.999828 0.00265509 0.0183381 -6.9943 -0.00262695 0.999996 -0.00155824 -0.459632 -0.0183422 0.0015098 0.999831 -0.187688
0.999847 -0.00212696 0.0173372 -8.03114 0.00220179 0.999989 -0.00429797 -0.529537 -0.0173279 0.00433549 0.999841 -0.126601
0.999758 -0.00787612 0.0205193 -9.14123 0.00796395 0.99996 -0.00420201 -0.607085 -0.0204854 0.00436441 0.999781 -0.165776
0.999674 -0.0121539 0.0224501 -10.3234 0.012267 0.999913 -0.00490801 -0.682339 -0.0223885 0.0051818 0.999736 -0.191456
0.99969 -0.0132133 0.0210858 -11.6063 0.0133051 0.999903 -0.00421957 -0.78938 -0.021028 0.00449882 0.999769 -0.177129
0.999611 -0.0127282 0.0248053 -12.9616 0.01287 0.999902 -0.00556592 -0.862783 -0.024732 0.005883 0.999677 -0.177533
0.999637 -0.0125631 0.0238217 -14.3647 0.0127375 0.999893 -0.0071828 -0.99472 -0.0237289 0.00748363 0.999691 -0.182138
0.999567 -0.0131173 0.0263484 -15.8778 0.0133201 0.999883 -0.00753685 -1.09475 -0.0262464 0.00788454 0.999625 -0.215694
0.999495 -0.0135272 0.0287434 -17.4651 0.0137911 0.999865 -0.00900198 -1.20088 -0.0286177 0.00939384 0.999547 -0.220006
0.999472 -0.0138267 0.0293947 -19.1284 0.0141095 0.999856 -0.00943448 -1.32581 -0.02926 0.00984425 0.999524 -0.220096
0.999309 -0.0152604 0.0338832 -20.863 0.0155227 0.999852 -0.00749192 -1.43221 -0.0337638 0.0080127 0.999398 -0.222255
0.999209 -0.0170136 0.0359504 -22.6819 0.0173392 0.999812 -0.00876504 -1.58702 -0.0357945 0.00938145 0.999315 -0.175471
0.999364 -0.0189385 0.0302019 -24.5949 0.0192504 0.999764 -0.0100669 -1.73302 -0.0300042 0.0106419 0.999493 -0.156779
0.999316 -0.0214108 0.0301525 -26.5598 0.0217137 0.999717 -0.0097554 -1.89326 -0.0299351 0.0104034 0.999498 -0.148103
0.999041 -0.0251583 0.0358349 -28.5759 0.0254567 0.999645 -0.0078953 -2.06114 -0.0356236 0.00879996 0.999327 -0.149455
0.998529 -0.0296274 0.0454006 -30.6412 0.0300638 0.999508 -0.00895968 -2.25585 -0.0451128 0.0103114 0.998929 -0.053311
0.998606 -0.0348057 0.0396885 -32.7798 0.0352033 0.999337 -0.00936138 -2.45504 -0.0393363 0.0107455 0.999169 -0.0400273
0.998546 -0.0400212 0.0361149 -34.9941 0.0403578 0.999148 -0.0086375 -2.66908 -0.0357384 0.0100825 0.999311 0.000719044
0.998681 -0.0427774 0.0284011 -37.2405 0.0430142 0.999045 -0.00777963 -2.87902 -0.0280411 0.00899102 0.999567 0.0187625
0.999003 -0.0435684 0.00970563 -39.5122 0.0436392 0.999022 -0.00720244 -3.09359 -0.00938234 0.00761881 0.999927 -0.0206975
0.999001 -0.0433732 -0.0107548 -41.8277 0.0432899 0.999032 -0.00786348 -3.33685 0.0110855 0.00739005 0.999911 -5.77122e-05
0.998845 -0.0417039 -0.0238737 -44.1595 0.0415547 0.999114 -0.00671085 -3.58543 0.0241324 0.00571104 0.999693 -0.0823151
0.998758 -0.0398223 -0.0299524 -46.5165 0.0396044 0.999185 -0.00783395 -3.82283 0.03024 0.00663797 0.999521 -0.183001
0.998177 -0.0381354 -0.0467831 -48.8287 0.0378702 0.999262 -0.00654178 -4.05255 0.0469981 0.00475817 0.998884 -0.313723
0.99816 -0.0365664 -0.048375 -51.0673 0.0358568 0.999238 -0.0154575 -4.28033 0.0489034 0.0136945 0.99871 -0.42655
0.999166 -0.033469 -0.0233989 -53.2294 0.0332456 0.999399 -0.00987244 -4.47011 0.0237152 0.00908629 0.999678 -0.531824
0.999389 -0.0289981 -0.0195195 -55.3698 0.0288023 0.999533 -0.0102425 -4.65326 0.0198074 0.00967407 0.999757 -0.638604
0.998794 -0.0239191 -0.0428815 -57.499 0.0237449 0.999708 -0.00456804 -4.80654 0.0429782 0.00354431 0.99907 -0.66697
0.998844 -0.0192029 -0.0440546 -59.4607 0.0188979 0.999795 -0.00732875 -4.96976 0.0441863 0.00648774 0.999003 -0.768031
0.999379 -0.0142376 -0.0322157 -61.1859 0.0141426 0.999895 -0.00317305 -5.10718 0.0322575 0.00271547 0.999476 -0.877057
0.99908 -0.00754317 -0.0422068 -62.6908 0.00727121 0.999952 -0.0065937 -5.19648 0.0422545 0.00628074 0.999087 -0.977604
0.9994 -0.00446551 -0.0343447 -64.1163 0.00424358 0.99997 -0.00653239 -5.27878 0.0343729 0.00638273 0.999389 -0.972179
0.999562 -0.00340916 -0.029409 -65.5223 0.00328574 0.999986 -0.00424434 -5.37463 0.029423 0.00414584 0.999559 -1.05982
0.999607 -0.002724 -0.0278911 -66.9343 0.00255372 0.999978 -0.00613949 -5.484 0.0279072 0.00606585 0.999592 -1.11422
0.999728 -0.00350534 -0.0230391 -68.3622 0.00342669 0.999989 -0.00345268 -5.55744 0.023051 0.00337279 0.999729 -1.17741
0.999775 -0.00265267 -0.0210613 -69.7699 0.00253602 0.999982 -0.00556398 -5.63852 0.0210757 0.00550931 0.999763 -1.22087
0.999774 -0.000846778 -0.021238 -71.1841 0.000780871 0.999995 -0.00311198 -5.71634 0.0212405 0.00309469 0.99977 -1.26121
0.999802 0.00115323 -0.0198592 -72.6213 -0.00124415 0.999989 -0.00456719 -5.78637 0.0198537 0.00459099 0.999793 -1.29437
0.999825 0.00332835 -0.0184135 -74.0847 -0.0033753 0.999992 -0.00251972 -5.8732 0.0184049 0.00258142 0.999828 -1.34566
0.999871 0.00600728 -0.014928 -75.5877 -0.00603719 0.99998 -0.00196014 -5.93265 0.0149159 0.00205001 0.999887 -1.4107
0.999939 0.00795313 -0.00773186 -77.1427 -0.0079626 0.999968 -0.00119539 -6.00943 0.00772211 0.00125688 0.99997 -1.47626
0.999947 0.0100847 -0.00197513 -78.7356 -0.0100814 0.999948 0.00166665 -6.06486 0.00199184 -0.00164665 0.999997 -1.51511
0.999936 0.0112995 -0.000338452 -80.3786 -0.0112968 0.999911 0.00716164 -6.15593 0.000419347 -0.00715736 0.999975 -1.5569
0.99992 0.0118388 -0.00455699 -82.1052 -0.0117985 0.999892 0.00877117 -6.22399 0.00466034 -0.0087167 0.999951 -1.58247
0.999929 0.0114807 -0.00320189 -83.8698 -0.0114493 0.999888 0.00965176 -6.30232 0.00331235 -0.00961442 0.999949 -1.62668
0.999966 0.00819542 0.00109912 -85.6982 -0.00820505 0.999926 0.00906911 -6.40277 -0.00102471 -0.00907782 0.999959 -1.67953
0.999991 0.00339428 -0.00247213 -87.611 -0.00337705 0.999971 0.00693723 -6.49542 0.0024956 -0.00692882 0.999973 -1.73326
0.999998 -0.00168633 -0.00114486 -89.5391 0.00169399 0.999977 0.00671004 -6.62304 0.00113352 -0.00671197 0.999977 -1.78054
0.999991 -0.003992 -0.00125136 -91.5217 0.00399765 0.999982 0.00452851 -6.75821 0.00123326 -0.00453347 0.999989 -1.8245
0.999985 -0.00515661 0.00215599 -93.5631 0.00515216 0.999985 0.00207084 -6.88885 -0.00216663 -0.00205971 0.999996 -1.84302
0.999984 -0.00567564 -9.84108e-05 -95.6392 0.00567573 0.999984 0.000857231 -7.04467 9.35453e-05 -0.00085778 1 -1.8739
0.999979 -0.00593802 -0.00276239 -97.7212 0.00594376 0.999981 0.00206957 -7.20157 0.00275004 -0.00208594 0.999994 -1.92453
0.99997 -0.00715568 0.00295724 -99.8386 0.00714974 0.999973 0.00201857 -7.33969 -0.0029716 -0.00199737 0.999994 -1.9991
0.999966 -0.00791901 0.00230813 -101.974 0.00792004 0.999969 -0.00043356 -7.47224 -0.00230462 0.000451821 0.999997 -2.02106
0.999973 -0.00737651 0.000248854 -104.13 0.00737732 0.999968 -0.00334595 -7.63272 -0.000224163 0.00334769 0.999995 -2.03378
0.99993 -0.00599335 -0.0102087 -106.322 0.00601547 0.99998 0.00213677 -7.74752 0.0101957 -0.00219803 0.999946 -2.08608
0.999923 -0.00573042 -0.0110193 -108.513 0.00580854 0.999959 0.00706885 -7.89614 0.0109783 -0.00713231 0.999914 -2.15317
0.999975 -0.00373227 -0.00598359 -110.698 0.00375792 0.999984 0.00427921 -8.04448 0.00596753 -0.00430159 0.999973 -2.21329
0.999986 -0.00279226 -0.00463672 -112.92 0.00280647 0.999992 0.00305738 -8.16649 0.00462814 -0.00307035 0.999985 -2.25975
0.999991 -0.000564282 -0.00416119 -115.126 0.000566419 1 0.000509457 -8.30443 0.0041609 -0.000511813 0.999991 -2.29352
0.999997 0.0014846 -0.00193364 -117.339 -0.00148225 0.999999 0.00121092 -8.43776 0.00193543 -0.00120805 0.999998 -2.33549
0.999993 0.00379458 -0.000409093 -119.552 -0.00379435 0.999993 0.000525325 -8.54095 0.000411083 -0.000523773 1 -2.34301
0.999991 0.00432649 -0.000197488 -121.794 -0.00432559 0.999982 0.00426675 -8.64497 0.000215945 -0.00426586 0.999991 -2.40352
0.99999 0.00460282 0.000151209 -124.019 -0.00460346 0.999979 0.00466434 -8.76493 -0.000129736 -0.00466499 0.999989 -2.42025
0.99999 0.00387659 0.00242823 -126.262 -0.00389266 0.999971 0.0066545 -8.8745 -0.00240236 -0.00666388 0.999975 -2.45908
0.999987 0.00245131 0.0045839 -128.49 -0.00248205 0.999975 0.00671564 -9.00639 -0.00456732 -0.00672692 0.999967 -2.46117
0.999984 0.000987162 0.00566863 -130.712 -0.00102981 0.999972 0.00752813 -9.14389 -0.00566104 -0.00753384 0.999956 -2.46906
0.999951 -0.00128949 0.00978576 -132.952 0.00124536 0.99999 0.00451641 -9.27704 -0.00979148 -0.004504 0.999942 -2.46577
0.999963 -0.0034979 0.0079209 -135.172 0.00345315 0.999978 0.00565815 -9.42127 -0.00794052 -0.00563059 0.999953 -2.48766
0.99986 -0.00555297 0.0158075 -137.394 0.00547014 0.999972 0.00527891 -9.58895 -0.0158364 -0.0051917 0.999861 -2.49633
0.999864 -0.0100128 0.0131225 -139.615 0.00990452 0.999917 0.00829553 -9.72227 -0.0132044 -0.00816443 0.99988 -2.48874
0.999906 -0.0136312 0.00159398 -141.871 0.0136205 0.999886 0.00657459 -9.86374 -0.00168341 -0.00655226 0.999977 -2.51626
0.999823 -0.0165716 0.00896961 -144.093 0.0164929 0.999826 0.00877254 -10.0663 -0.00911342 -0.00862305 0.999922 -2.53352
0.999833 -0.0172092 0.00619507 -146.299 0.017147 0.999804 0.00995716 -10.2378 -0.0063652 -0.00984927 0.999931 -2.53183
0.999825 -0.0179289 0.00528757 -148.526 0.0178662 0.999772 0.0116883 -10.4079 -0.00549592 -0.0115918 0.999918 -2.56159
0.999795 -0.0188142 0.0074599 -150.757 0.0187152 0.999739 0.0131297 -10.5832 -0.00770497 -0.0129874 0.999886 -2.57037
0.999797 -0.0177109 0.00964076 -152.99 0.0175944 0.999773 0.0120412 -10.77 -0.00985182 -0.0118691 0.999881 -2.58699
0.99983 -0.016455 0.00831548 -155.233 0.0163777 0.999823 0.0092781 -10.9254 -0.00846667 -0.00914033 0.999923 -2.61813
0.999853 -0.014308 0.00941515 -157.469 0.014205 0.99984 0.0109267 -11.1099 -0.00956998 -0.0107913 0.999896 -2.62378
0.99987 -0.0116944 0.0111398 -159.708 0.0116334 0.999917 0.0055258 -11.2481 -0.0112035 -0.00539549 0.999923 -2.6159
0.999922 -0.0087113 0.00899577 -161.958 0.00859465 0.99988 0.0129278 -11.4041 -0.0091073 -0.0128495 0.999876 -2.64008
0.999957 -0.00709903 0.00590897 -163.083 0.00706561 0.999959 0.00566149 -11.466 -0.00594892 -0.0056195 0.999967 -2.62629
