1 0 0 0 0 1 0 0 0 0 1 0
0.999999 0.000501414 -0.000981074 -2.73476 -0.000499201 0.999997 0.00225464 -0.147564 0.000982202 -0.00225415 0.999997 -0.0535607
0.999999 0.000691611 -0.0014625 -5.47356 -0.00069231 1 -0.000477657 -0.296938 0.00146217 0.000478669 0.999999 -0.0969249
0.999999 0.00163453 -0.00052139 -8.21899 -0.00163379 0.999998 0.00141815 -0.439133 0.000523707 -0.00141729 0.999999 -0.149079
0.999997 0.00257998 -0.000208155 -10.9679 -0.00257914 0.999989 0.00393914 -0.566025 0.000218316 -0.00393859 0.999992 -0.204721
0.999992 0.00372386 0.00126196 -13.7197 -0.00372434 0.999993 0.000376804 -0.699699 -0.00126054 -0.0003815 0.999999 -0.244619
0.999981 0.00413186 -0.00453766 -16.4745 -0.0041356 0.999991 -0.000814725 -0.886628 0.00453425 0.000833477 0.999989 -0.367062
0.999992 0.00403046 -0.000314384 -19.2287 -0.00402958 0.999988 0.00273876 -1.01334 0.000325419 -0.00273747 0.999996 -0.401047
0.999996 0.00262784 -0.00147041 -21.9845 -0.00261395 0.999953 0.00936955 -1.15191 0.00149496 -0.00936566 0.999955 -0.515384
0.999997 0.00253958 -6.53122e-05 -24.7229 -0.00253898 0.999965 0.00797442 -1.26854 8.55625e-05 -0.00797423 0.999968 -0.544903
0.999997 0.00179208 -0.00179922 -27.4694 -0.00180007 0.999988 -0.00444513 -1.44825 0.00179123 0.00444835 0.999988 -0.426163
0.999998 0.00185168 -0.00102461 -30.2066 -0.00185548 0.999991 -0.0037241 -1.60093 0.00101771 0.00372599 0.999992 -0.517494
0.999948 0.00262757 -0.0098417 -32.9091 -0.0026853 0.999979 -0.00585715 -1.76328 0.00982611 0.00588327 0.999934 -0.58448
0.999969 0.00196039 -0.00757154 -35.4894 -0.00200509 0.999981 -0.00589973 -1.87503 0.00755983 0.00591473 0.999954 -0.615088
0.999956 0.000964674 -0.00927612 -38.0196 -0.000973386 0.999999 -0.000934555 -2.01874 0.00927521 0.000943541 0.999956 -0.642857
0.999988 0.00195025 -0.00443006 -40.5031 -0.00196015 0.999996 -0.00223152 -2.16213 0.00442569 0.00224018 0.999988 -0.701783
0.999995 0.00146255 0.00275786 -43.0005 -0.00145214 0.999992 -0.00377094 -2.30573 -0.00276335 0.00376692 0.999989 -0.731631
0.999999 0.00120243 -0.00120301 -45.4984 -0.00120261 0.999999 -0.000144405 -2.43026 0.00120284 0.000145849 0.999999 -0.791245
0.99998 0.00289881 -0.00556664 -48.005 -0.0028419 0.999944 0.0102055 -2.50693 0.00559591 -0.0101894 0.999932 -0.84235
0.999993 0.00381403 -8.15932e-05 -50.5028 -0.00381304 0.999944 0.00981932 -2.66344 0.000119038 -0.00981894 0.999952 -0.873558
0.999976 0.00525096 -0.0045496 -53.0272 -0.00521197 0.99995 0.00853942 -2.8085 0.00459421 -0.00851551 0.999953 -0.911084
0.999973 0.00452557 -0.00575186 -55.572 -0.0044934 0.999974 0.00559374 -2.94078 0.00577702 -0.00556775 0.999968 -1.00992
0.999998 0.00188368 -0.000325739 -58.1491 -0.00188105 0.999967 0.00790943 -3.07231 0.000340626 -0.0079088 0.999969 -1.01926
0.999983 0.000506567 -0.00587154 -60.7403 -0.000467246 0.999977 0.00669625 -3.2127 0.00587479 -0.00669339 0.99996 -1.0471
0.999977 -0.000925004 0.00662813 -63.3033 0.000900045 0.999992 0.00376747 -3.3366 -0.00663157 -0.00376143 0.999971 -1.10209
0.999999 -0.000963025 0.00104788 -65.9116 0.00095903 0.999992 0.00380578 -3.49362 -0.00105154 -0.00380477 0.999992 -1.16343
0.999996 -0.000901859 -0.00247095 -68.5252 0.000912361 0.99999 0.00425271 -3.63909 0.00246709 -0.00425495 0.999988 -1.22593
0.999996 -7.26119e-07 0.00262326 -71.147 -8.68059e-06 0.999993 0.00358578 -3.78 -0.00262324 -0.0035858 0.99999 -1.2591
0.999996 0.000258512 0.00272125 -73.7796 -0.000255502 0.999999 -0.00110665 -3.94589 -0.00272154 0.00110595 0.999996 -1.30273
0.999983 0.000563368 -0.00580884 -76.4453 -0.000572912 0.999998 -0.00164144 -4.08499 0.0058079 0.00164473 0.999982 -1.34509
0.999996 -0.00116195 -0.0024259 -79.1087 0.00117102 0.999992 0.00373963 -4.22642 0.00242154 -0.00374246 0.99999 -1.4174
0.999982 -0.00263241 0.00543027 -81.7803 0.0026518 0.99999 -0.00356751 -4.37838 -0.00542083 0.00358184 0.999979 -1.4125
0.999984 -0.0041297 -0.00372515 -84.5306 0.0040859 0.999923 -0.0116892 -4.55589 0.00377314 0.0116738 0.999925 -1.49337
0.999969 -0.00657688 -0.00434978 -87.2519 0.00649655 0.999813 -0.0182291 -4.74036 0.00446885 0.0182003 0.999824 -1.42652
0.999972 -0.00744876 -0.000178043 -89.9838 0.007445 0.999847 -0.0158379 -4.91423 0.000295985 0.0158361 0.999874 -1.47307
0.999964 -0.00846086 -0.00103889 -92.7362 0.00844725 0.999886 -0.0124701 -5.08745 0.00114427 0.0124609 0.999922 -1.54723
0.99996 -0.00855981 0.00253618 -95.4687 0.00859574 0.999858 -0.014513 -5.28918 -0.0024116 0.0145342 0.999891 -1.55127
0.999962 -0.00844505 0.00188188 -98.2371 0.00848813 0.999671 -0.0242051 -5.46464 -0.00167685 0.0242201 0.999705 -1.49308
0.999959 -0.00898589 0.00118567 -100.996 0.00901459 0.999596 -0.0269546 -5.65634 -0.000942981 0.0269641 0.999636 -1.56326
0.99995 -0.0099236 -0.00095811 -103.761 0.0098926 0.999552 -0.0282279 -5.83316 0.0012378 0.028217 0.999601 -1.61403
0.999935 -0.0113785 0.000904588 -106.539 0.0113993 0.999546 -0.0278765 -6.01289 -0.000586987 0.027885 0.999611 -1.61952
0.999934 -0.0115017 -0.000165694 -109.298 0.0114924 0.999532 -0.028339 -6.20849 0.000491561 0.0283353 0.999598 -1.69554
0.999921 -0.0119308 0.00380397 -112.072 0.0120166 0.999654 -0.0233792 -6.39616 -0.00352372 0.0234231 0.999719 -1.81246
0.999927 -0.0118846 -0.00203458 -114.82 0.0118237 0.999545 -0.0277383 -6.59102 0.00236331 0.0277122 0.999613 -1.75934
0.999934 -0.0114595 -0.000244421 -117.56 0.0114455 0.999406 -0.0325067 -6.77891 0.000616785 0.0325018 0.999471 -1.71109
0.99994 -0.0107976 0.00177749 -120.273 0.010848 0.999449 -0.0313463 -6.94676 -0.00143806 0.0313637 0.999507 -1.74225
0.999918 -0.0112777 0.00600259 -123.011 0.0114707 0.999385 -0.03314 -7.14727 -0.00562516 0.0332062 0.999433 -1.72001
0.999942 -0.0106109 0.00168186 -125.753 0.010667 0.999226 -0.0378633 -7.33346 -0.0012788 0.037879 0.999281 -1.70708
0.999931 -0.0109564 0.00416626 -128.484 0.0111061 0.999224 -0.0377761 -7.51633 -0.00374914 0.0378198 0.999277 -1.75102
0.999928 -0.0112684 0.00420594 -131.209 0.0114164 0.99925 -0.0369917 -7.71749 -0.00378595 0.037037 0.999307 -1.80146
0.999937 -0.0110697 0.00202425 -133.93 0.0111323 0.999356 -0.0341056 -7.87984 -0.00164541 0.0341259 0.999416 -1.89026
0.999926 -0.0111417 0.00490849 -136.652 0.0112821 0.999499 -0.0295738 -8.02257 -0.00457653 0.029627 0.99955 -1.93048
0.999934 -0.0109224 0.00340276 -139.39 0.0110115 0.999565 -0.0273593 -8.22552 -0.00310245 0.0273949 0.99962 -1.99685
0.999889 -0.0101174 0.0109281 -142.114 0.0103917 0.999625 -0.0253394 -8.39686 -0.0106676 0.0254502 0.999619 -2.08646
0.999912 -0.00979548 0.00889541 -144.85 0.0100006 0.999678 -0.0233098 -8.62239 -0.00866422 0.0233967 0.999689 -2.07727
0.999937 -0.0098336 0.00531639 -147.612 0.00989222 0.999889 -0.0111148 -8.77784 -0.0052065 0.0111666 0.999924 -2.13072
0.999818 -0.0100915 0.0161838 -150.292 0.0102188 0.999917 -0.00780132 -8.97954 -0.0161038 0.00796527 0.999838 -2.16748
0.999917 -0.0126718 0.00222604 -152.508 0.0127024 0.999816 -0.0143458 -9.14594 -0.00204385 0.0143729 0.999894 -2.17972
0.999695 -0.0197882 0.014785 -154.376 0.0200388 0.999654 -0.0169978 -9.26765 -0.0144436 0.0172889 0.999746 -2.20415
0.999211 -0.0296983 0.0263679 -155.993 0.0300998 0.999435 -0.0149601 -9.42895 -0.0259087 0.0157419 0.99954 -2.15574
0.999301 -0.0360017 0.0101098 -158.102 0.0360116 0.999351 -0.000795174 -9.64081 -0.0100747 0.00115868 0.999948 -2.05514
0.998981 -0.0297098 -0.0339735 -160.075 0.0301109 0.999482 0.0113563 -9.78424 0.0336185 -0.0123677 0.999358 -2.09455
0.998977 -0.0306153 -0.0332681 -162.336 0.0309891 0.999461 0.010782 -9.95845 0.0329201 -0.0118019 0.999388 -2.14719
0.999194 -0.0296088 -0.0270863 -164.515 0.0298716 0.99951 0.0093521 -10.1262 0.0267961 -0.0101537 0.999589 -2.21668
0.999234 -0.0314699 -0.0232373 -166.596 0.0318128 0.999388 0.0145367 -10.3559 0.0227656 -0.0152648 0.999624 -2.29932
0.999372 -0.0310534 -0.0170283 -168.671 0.0311701 0.999492 0.00663129 -10.5656 0.0168137 -0.00715791 0.999833 -2.37971
0.999265 -0.0343758 -0.0169732 -170.741 0.0345358 0.999361 0.00922753 -10.7852 0.0166452 -0.00980694 0.999813 -2.44536
0.999227 -0.0362628 -0.0151972 -172.85 0.0363902 0.999304 0.00819534 -10.9627 0.0148895 -0.00874205 0.999851 -2.45992
0.999236 -0.0381203 -0.00864384 -174.915 0.0381416 0.99927 0.00231672 -11.1563 0.00854921 -0.00264465 0.99996 -2.37736
0.999315 -0.0360495 -0.00832716 -176.958 0.0360474 0.99935 -0.000401348 -11.3648 0.00833621 0.000100892 0.999965 -2.21818
0.999311 -0.036703 -0.00554586 -179.071 0.0367111 0.999325 0.00136005 -11.5427 0.00549219 -0.00156272 0.999983 -2.25841
0.999344 -0.0360811 -0.00313041 -181.218 0.036081 0.999349 -8.48349e-05 -11.7149 0.00313143 -2.81778e-05 0.999995 -2.31768
0.999339 -0.0360713 0.00446357 -183.394 0.0360785 0.999348 -0.00155452 -11.9551 -0.00440459 0.00171453 0.999989 -2.36129
0.999369 -0.0346182 0.00796418 -185.583 0.034661 0.999385 -0.00530293 -12.1642 -0.00777571 0.00557562 0.999954 -2.34916
0.999393 -0.0335231 0.00948875 -187.811 0.0335808 0.999418 -0.00599114 -12.3646 -0.00928239 0.00630613 0.999937 -2.40611
0.999422 -0.0322079 0.0108591 -190.081 0.0322667 0.999465 -0.00528841 -12.5545 -0.010683 0.00563573 0.999927 -2.43124
0.999406 -0.031178 0.0146921 -192.385 0.0312628 0.999496 -0.00558211 -12.7157 -0.0145107 0.0060381 0.999876 -2.42198
0.999393 -0.0302006 0.0173629 -194.751 0.0303649 0.999496 -0.00928183 -12.9414 -0.0170738 0.00980341 0.999806 -2.41617
0.999422 -0.0295241 0.0168245 -197.138 0.0297067 0.999501 -0.0107091 -13.1549 -0.0164999 0.0112027 0.999801 -2.4118
0.999371 -0.0294399 0.0197469 -199.547 0.0296786 0.999488 -0.0119079 -13.3594 -0.0193863 0.0124864 0.999734 -2.43293
0.999358 -0.0286132 0.0215724 -202.011 0.0289034 0.999494 -0.0132665 -13.529 -0.0211819 0.0138815 0.999679 -2.40616
0.999255 -0.028926 0.0255551 -204.458 0.0293672 0.999423 -0.0170643 -13.7481 -0.0250468 0.0178021 0.999528 -2.43531
0.999417 -0.0286109 0.0186333 -206.973 0.0289606 0.999404 -0.0187748 -13.9849 -0.0180851 0.0193035 0.99965 -2.47897
0.99947 -0.0276158 0.0172173 -209.497 0.027867 0.999506 -0.0145274 -14.1949 -0.0168076 0.0149995 0.999746 -2.48357
0.999389 -0.0277802 0.021193 -212.059 0.0280231 0.999544 -0.0112516 -14.3949 -0.0208708 0.0118386 0.999712 -2.48511
0.999452 -0.0270239 0.0190792 -214.635 0.0271421 0.999614 -0.00596317 -14.6091 -0.0189107 0.00647774 0.9998 -2.46662
0.99944 -0.0263268 0.02063 -217.218 0.0263756 0.99965 -0.00209809 -14.7852 -0.0205676 0.00264103 0.999785 -2.51901
0.999314 -0.026509 0.0258667 -219.826 0.0266164 0.999638 -0.00381701 -15.0096 -0.0257562 0.00450286 0.999658 -2.47033
0.999335 -0.0262206 0.0253147 -222.459 0.0264543 0.99961 -0.00893925 -15.2548 -0.0250704 0.00960298 0.999639 -2.42606
0.999273 -0.0275899 0.0262931 -225.109 0.0279703 0.999508 -0.0142089 -15.4809 -0.0258881 0.014934 0.999553 -2.39904
0.999305 -0.0286522 0.023835 -227.749 0.0290552 0.999438 -0.0167359 -15.7027 -0.0233421 0.0174168 0.999576 -2.37766
0.99928 -0.0296032 0.0237213 -230.379 0.029938 0.999455 -0.0138844 -15.904 -0.0232974 0.0145846 0.999622 -2.40027
0.999231 -0.0299865 0.025235 -233.017 0.0303426 0.999443 -0.01385 -16.1444 -0.0248056 0.0146051 0.999585 -2.34617
0.999192 -0.0297971 0.0269468 -235.662 0.0302589 0.999399 -0.0168968 -16.3823 -0.0264271 0.0176986 0.999494 -2.31136
0.999262 -0.0304071 0.0234526 -238.34 0.0308238 0.999369 -0.0176163 -16.6035 -0.0229021 0.0183262 0.999569 -2.30253
0.999125 -0.0318316 0.0271057 -240.985 0.0322188 0.999383 -0.0139694 -16.8162 -0.0266443 0.0148304 0.999535 -2.28185
0.999233 -0.0335716 0.0201358 -243.658 0.0337785 0.999379 -0.0100252 -17.0539 -0.0197867 0.0106977 0.999747 -2.2787
0.999095 -0.0357578 0.0230175 -246.315 0.03589 0.999341 -0.00535793 -17.2946 -0.0228108 0.00617917 0.99972 -2.2872
0.998615 -0.0395242 0.0347243 -248.953 0.0397357 0.999195 -0.00542331 -17.5394 -0.034482 0.00679558 0.999382 -2.26091
0.998608 -0.0437601 0.0294269 -251.638 0.0440384 0.99899 -0.00887579 -17.7918 -0.0290088 0.0101593 0.999527 -2.20403
0.99821 -0.0509859 0.031237 -254.259 0.0514339 0.998582 -0.0137114 -18.0892 -0.0304936 0.0152935 0.999418 -2.19462
0.997978 -0.0592324 0.0230242 -256.895 0.059532 0.998147 -0.0125508 -18.3811 -0.0222382 0.0138961 0.999656 -2.178
0.997361 -0.069241 0.0218093 -259.504 0.069592 0.997451 -0.0157666 -18.6956 -0.020662 0.0172428 0.999637 -2.16027
0.996296 -0.080786 0.0294621 -262.089 0.0813551 0.99651 -0.0186549 -19.039 -0.0278523 0.0209827 0.999391 -2.13664
0.995121 -0.0962698 0.0215909 -264.654 0.0966365 0.995181 -0.0166322 -19.4357 -0.0198857 0.0186375 0.999628 -2.13115
0.99326 -0.114169 0.0199929 -267.225 0.114497 0.993293 -0.0160968 -19.8594 -0.0180211 0.0182774 0.99967 -2.11826
0.990344 -0.136109 0.0263081 -269.749 0.13653 0.990524 -0.0149117 -20.3325 -0.0240292 0.0183596 0.999542 -2.08772
0.986708 -0.16121 0.0204212 -272.268 0.161541 0.986741 -0.0157314 -20.8598 -0.0176144 0.0188212 0.999667 -2.07307
0.982 -0.188056 0.0175908 -274.77 0.18837 0.981929 -0.0182494 -21.4463 -0.013841 0.0212345 0.999678 -2.05806
0.976115 -0.216098 0.0223585 -277.187 0.216503 0.976124 -0.0175829 -22.1294 -0.018025 0.0220036 0.999595 -2.07637
0.969631 -0.243913 0.0178929 -279.591 0.244211 0.969574 -0.016917 -22.8583 -0.0132222 0.0207729 0.999696 -2.07558
0.961999 -0.272285 0.0204516 -281.948 0.272646 0.961953 -0.017608 -23.6551 -0.0148791 0.0225149 0.999635 -2.0595
0.953729 -0.300033 0.0195053 -284.235 0.300343 0.953704 -0.0155603 -24.4903 -0.0139337 0.0206986 0.999688 -2.07005
0.945287 -0.326201 0.00486802 -286.515 0.326237 0.945172 -0.0148197 -25.3937 0.000233074 0.015597 0.999878 -2.07837
0.93558 -0.352861 0.0133774 -288.711 0.353025 0.935524 -0.0129889 -26.3385 -0.00793164 0.0168747 0.999826 -2.11689
0.925931 -0.37746 0.0132155 -290.845 0.377644 0.925802 -0.0166103 -27.3374 -0.00596523 0.0203708 0.999774 -2.12823
0.91507 -0.403197 0.0088291 -292.988 0.403292 0.914894 -0.0179946 -28.419 -0.000822335 0.0200271 0.999799 -2.12263
0.903363 -0.428793 0.00836708 -295.053 0.428872 0.903259 -0.0138239 -29.5162 -0.00163006 0.0160764 0.999869 -2.1942
0.891015 -0.453854 0.010354 -297.069 0.453959 0.890933 -0.0126087 -30.6691 -0.00350219 0.0159348 0.999866 -2.2218
0.877994 -0.478581 0.00929 -299.044 0.478671 0.877844 -0.0162247 -31.8663 -0.000390366 0.018692 0.999825 -2.25937
0.865135 -0.501434 0.0102103 -300.963 0.501537 0.864979 -0.0164687 -33.1111 -0.000573736 0.0193685 0.999812 -2.31796
0.851461 -0.52433 0.00959136 -302.85 0.524408 0.851191 -0.0216926 -34.3991 0.00320998 0.0235002 0.999718 -2.37572
0.837021 -0.54709 0.0093773 -304.698 0.547154 0.83674 -0.0221019 -35.7414 0.00424535 0.0236306 0.999711 -2.40777
0.822185 -0.569169 0.0075654 -306.492 0.569184 0.821915 -0.0220179 -37.122 0.00631377 0.0224089 0.999728 -2.4398
0.807847 -0.58939 0.00137216 -308.259 0.589276 0.807642 -0.0216027 -38.5365 0.0116242 0.0182603 0.999765 -2.49747
0.800605 -0.599185 0.00294359 -309.126 0.59912 0.800422 -0.0194817 -39.2586 0.009317 0.0173607 0.999805 -2.53983
