1 0 0 0 0 1 0 0 0 0 1 0
-0.996069 0.087963 0.0104293 0.795163 -0.0885785 -0.98871 -0.120854 1.36685 -0.000319043 -0.121302 0.992616 0.0796214
0.99008 -0.13503 -0.038846 0.106312 0.135608 0.990682 0.0126211 -0.244415 0.0367799 -0.0177637 0.999165 -0.354572
-0.976859 0.211737 -0.0302206 0.60334 -0.20635 -0.970167 -0.12726 1.81558 -0.0562647 -0.118079 0.991409 -0.543747
0.999292 -0.0109029 -0.0360015 0.426146 0.00631782 0.992124 -0.125097 -0.146609 0.0370819 0.124781 0.991491 -1.0692
-0.978792 -0.175706 -0.105323 0.768125 0.188964 -0.97294 -0.132969 1.95196 -0.0791095 -0.150051 0.985508 -0.875677
0.909211 0.411165 -0.0654163 -0.219417 -0.416316 0.899444 -0.13297 0.306997 0.00416576 0.148131 0.988959 -1.30591
-0.759948 -0.648247 -0.0474751 1.16238 0.646052 -0.745313 -0.164697 2.09382 0.0713808 -0.155833 0.985201 -1.00551
0.510516 0.857574 -0.0627729 -0.746276 -0.855858 0.499738 -0.133299 0.916495 -0.0829437 0.121776 0.989086 -1.55531
-0.211072 -0.975381 -0.0638753 2.01536 0.963219 -0.196431 -0.183369 2.3219 0.166308 -0.10023 0.980967 -1.36147
-0.0757469 0.996869 -0.0226739 -1.1999 -0.986949 -0.0781951 -0.140776 2.789 -0.142109 0.0117146 0.989782 -1.51453
0.332724 -0.93595 -0.115291 2.06409 0.922116 0.348508 -0.16806 1.15143 0.197476 -0.0503941 0.979012 -1.86517
-0.607658 0.793867 -0.0229423 -0.492664 -0.783992 -0.604215 -0.142413 4.62421 -0.126919 -0.0685522 0.989541 -1.68879
0.86006 -0.509527 -0.0260581 0.885123 0.505158 0.85762 -0.0964589 0.811409 0.0714963 0.0697971 0.994996 -2.45981
-0.990088 0.139389 -0.0172278 1.38598 -0.134363 -0.975749 -0.1728 5.31682 -0.0408964 -0.168773 0.984806 -2.51877
0.963285 0.266626 -0.0315065 -0.754613 -0.268172 0.949886 -0.160625 1.19047 -0.0128993 0.163177 0.986513 -3.82139
-0.724114 -0.683182 -0.094451 3.40048 0.687724 -0.704947 -0.173452 3.23959 0.0519165 -0.190555 0.980303 -3.59841
0.393585 0.914977 -0.0889269 -0.797563 -0.914775 0.380243 -0.136387 2.56044 -0.0909769 0.135028 0.986656 -4.47537
0.0327932 -0.992678 -0.116256 3.97358 0.983391 0.0528229 -0.173646 1.66568 0.178516 -0.108631 0.977922 -4.54329
-0.545366 0.836628 -0.0512786 0.45256 -0.826406 -0.546912 -0.133941 5.47796 -0.140104 -0.03067 0.989662 -4.92981
0.928385 -0.341925 -0.14556 1.03008 0.32658 0.937587 -0.119485 -0.00850296 0.177331 0.0633915 0.982108 -6.38879
-0.946852 -0.26301 -0.185193 4.04781 0.294464 -0.940432 -0.169934 4.84976 -0.129467 -0.215436 0.967898 -5.88134
0.561002 0.814954 -0.145347 -0.833493 -0.826664 0.542266 -0.15025 3.31444 -0.0436299 0.204444 0.977906 -7.66873
0.0584693 -0.982579 -0.176407 4.62026 0.990563 0.0790467 -0.111967 1.43545 0.123961 -0.168196 0.977928 -7.37764
-0.666784 0.727102 -0.163466 1.34146 -0.705816 -0.686528 -0.174651 6.28693 -0.239213 -0.00107746 0.970967 -7.34941
0.987689 -0.0786502 -0.13522 0.905286 0.0599267 0.988708 -0.137352 0.447587 0.144496 0.127558 0.981249 -8.42953
-0.7746 -0.597775 -0.206542 5.42442 0.631368 -0.749985 -0.197222 4.13549 -0.0370094 -0.283172 0.958355 -7.25717
0.0725516 0.98469 -0.158496 -0.125414 -0.988822 0.0502602 -0.140379 5.25254 -0.130264 0.166909 0.97733 -8.60386
0.672761 -0.704932 -0.224638 2.96132 0.700456 0.704628 -0.113407 0.411749 0.23823 -0.0810527 0.967821 -9.23004
-0.975797 -0.013383 -0.218268 4.68715 0.0468324 -0.987757 -0.148805 5.81018 -0.213604 -0.155426 0.964477 -8.701
0.710097 0.694674 -0.114847 -0.358435 -0.704093 0.701489 -0.110302 3.74852 0.00393983 0.159188 0.987241 -10.3961
0.0166968 -0.98157 -0.190372 4.96721 0.991331 0.0410693 -0.124809 1.4748 0.130327 -0.186638 0.973746 -10.5019
-0.719612 0.684863 -0.114546 3.20241 -0.652276 -0.723288 -0.226695 6.81549 -0.238105 -0.0884165 0.967207 -9.8436
0.994135 0.0286872 -0.104267 1.38929 -0.0500398 0.976771 -0.208361 1.95222 0.0958679 0.212357 0.972478 -11.3871
-0.68692 -0.715583 -0.126814 6.45519 0.722719 -0.654328 -0.222559 3.91989 0.0762816 -0.24453 0.966637 -10.6403
0.0352811 0.995937 -0.0828574 1.38611 -0.968807 0.0137344 -0.247435 5.56973 -0.245291 0.0890025 0.965355 -10.9347
0.647095 -0.752132 -0.124758 4.43447 0.733293 0.658784 -0.168184 1.15079 0.208685 0.0173473 0.977829 -11.7563
-0.974248 0.141362 -0.175661 4.56426 -0.0971943 -0.966259 -0.238533 6.34428 -0.203453 -0.215317 0.955115 -10.9825
0.817556 0.565448 -0.108952 1.04447 -0.575422 0.809484 -0.116731 2.76619 0.0221895 0.158127 0.98717 -12.2811
-0.182692 -0.976156 -0.117231 6.49659 0.976007 -0.1657 -0.141257 3.10116 0.118463 -0.140225 0.983007 -12.2957
-0.563027 0.825356 -0.0422903 2.72767 -0.806355 -0.559838 -0.190719 7.42999 -0.181087 -0.073279 0.980733 -11.9857
0.974491 -0.222965 0.0255694 2.46859 0.224364 0.965212 -0.134265 1.89042 0.00525641 0.136577 0.990616 -12.6193
-0.898124 -0.439469 -0.0154657 5.82922 0.432639 -0.876775 -0.209974 6.02046 0.0787173 -0.195274 0.977585 -11.6331
0.44541 0.895252 0.0115418 0.494619 -0.876048 0.438443 -0.20077 4.0925 -0.1848 0.0793137 0.979571 -11.5853
0.235351 -0.969424 0.0694729 5.15277 0.955761 0.217871 -0.19762 2.10421 0.176441 0.11291 0.977814 -12.1475
-0.796182 0.600783 0.0717908 4.00479 -0.598113 -0.763561 -0.243385 6.49457 -0.0914047 -0.236718 0.967269 -11.2841
0.986781 0.146654 0.0689541 2.04388 -0.123101 0.955067 -0.269618 3.02647 -0.105396 0.257566 0.960496 -12.4164
-0.68947 -0.723341 0.0375432 5.73102 0.689517 -0.671336 -0.271799 4.75773 0.221808 -0.161511 0.961622 -12.4213
0.0674231 0.99293 0.0976886 2.39365 -0.953657 0.0929126 -0.28619 6.68029 -0.293244 -0.0738658 0.95318 -11.7165
0.650169 -0.758493 0.0443526 3.17335 0.740911 0.620003 -0.258162 3.16509 0.168315 0.20071 0.965083 -13.0864
-0.993126 0.0107582 0.11655 5.56792 -0.0469747 -0.948688 -0.312706 6.52042 0.107206 -0.316032 0.942672 -12.6338
0.602351 0.772804 0.199866 1.19293 -0.698456 0.631486 -0.336726 6.1309 -0.386436 0.0632294 0.920147 -12.2295
0.228318 -0.950162 0.212281 4.24988 0.936846 0.155083 -0.313478 2.56342 0.264934 0.270447 0.925564 -14.5672
-0.907953 0.394559 0.141226 5.18538 -0.419056 -0.851879 -0.314156 7.28024 -0.00364547 -0.34442 0.938809 -13.3094
0.905903 0.391069 0.162498 0.6931 -0.319563 0.883055 -0.343648 4.43774 -0.277885 0.259384 0.924933 -13.757
-0.379748 -0.902526 0.20307 5.76948 0.846824 -0.427507 -0.316428 3.70525 0.372399 0.0518017 0.926626 -15.8936
-0.343809 0.925825 0.156983 2.65198 -0.902001 -0.279112 -0.32938 8.02645 -0.261132 -0.254842 0.931056 -14.7788
0.906916 -0.420204 0.0305282 1.71579 0.41262 0.87123 -0.265899 3.14824 0.0851348 0.253745 0.963518 -17.1331
-0.951703 -0.306352 0.0202227 6.22303 0.288034 -0.913717 -0.286631 6.61091 0.106288 -0.266963 0.957828 -17.1096
0.513802 0.85597 0.0576347 0.641259 -0.824026 0.511089 -0.244478 6.8987 -0.238722 0.0781208 0.967941 -17.6601
0.152735 -0.988235 -0.00796243 4.58188 0.945181 0.148424 -0.290867 3.84666 0.288627 0.0368997 0.956731 -19.5793
-0.769872 0.630168 0.100917 3.35843 -0.625043 -0.712578 -0.318675 9.36738 -0.128908 -0.308416 0.942477 -18.7658
0.99754 0.0122242 0.0690211 0.391118 0.00624053 0.965278 -0.261152 4.68369 -0.0698169 0.26094 0.962827 -20.8747
-0.700245 -0.697402 0.152604 5.73077 0.651469 -0.711658 -0.262928 6.45642 0.291968 -0.084697 0.952671 -22.0211
0.101121 0.98755 0.120494 0.226121 -0.984371 0.11687 -0.131743 8.81008 -0.144185 -0.105289 0.983934 -21.7536
0.684301 -0.721648 0.104668 2.17925 0.725968 0.660718 -0.190846 3.63012 0.0685674 0.206582 0.976024 -23.3419
-0.982977 0.0468027 0.177667 4.64857 -0.0874797 -0.969587 -0.22858 8.84375 0.161566 -0.240231 0.957176 -22.6372
0.731698 0.660108 0.169927 -0.489339 -0.633688 0.7506 -0.18719 7.1511 -0.251113 0.0292861 0.967515 -21.7473
-0.0293495 -0.98733 0.15594 3.05016 0.976373 -0.0617311 -0.207086 4.81175 0.214089 0.146177 0.965815 -22.4068
-0.761896 0.61948 0.189097 3.39592 -0.64754 -0.722056 -0.243572 8.98131 -0.0143491 -0.308024 0.951271 -21.1528
0.940696 0.274335 0.199578 -0.0523551 -0.229956 0.948144 -0.219416 5.98833 -0.249423 0.160509 0.955 -20.7154
-0.306281 -0.93666 0.16988 3.68444 0.915771 -0.338639 -0.216072 4.8374 0.259914 0.0893931 0.961485 -21.0372
-0.538591 0.819039 0.197725 2.55888 -0.841688 -0.512281 -0.170677 7.73918 -0.0384997 -0.258348 0.965285 -19.7751
0.972918 -0.0647947 0.221884 1.32046 0.103358 0.980548 -0.166862 5.18303 -0.206757 0.185276 0.96069 -19.6508
-0.651678 -0.722256 0.23165 3.78158 0.692151 -0.691178 -0.207848 5.0252 0.310231 0.0248872 0.950336 -19.9298
-0.137395 0.955472 0.261142 3.07058 -0.972824 -0.0805589 -0.217083 6.35566 -0.186379 -0.283872 0.940574 -19.0423
0.832775 -0.445944 0.328055 2.1367 0.519491 0.834288 -0.184641 4.50484 -0.191353 0.324186 0.926438 -18.4995
-0.824487 -0.468178 0.317852 4.8018 0.411556 -0.881618 -0.231023 4.1184 0.388384 -0.0596614 0.919564 -19.1404
0.087607 0.935438 0.342462 4.21371 -0.9607 0.170242 -0.219256 6.21499 -0.263402 -0.309795 0.91359 -18.0302
0.687797 -0.642843 0.337176 3.03871 0.716308 0.67632 -0.171742 4.30047 -0.117636 0.359645 0.925644 -17.6951
-0.927072 -0.188171 0.324237 5.30101 0.121663 -0.969104 -0.214558 4.52112 0.354593 -0.159464 0.921323 -18.351
0.313923 0.897645 0.309331 4.9397 -0.897602 0.386777 -0.211456 6.87653 -0.309455 -0.211275 0.927146 -17.6481
0.631615 -0.715374 0.298834 3.91755 0.773777 0.605685 -0.185515 5.18637 -0.0482865 0.348405 0.936099 -17.5229
-0.944547 -0.132674 0.300382 5.45518 0.0556503 -0.966188 -0.251761 5.22857 0.323628 -0.221083 0.919993 -17.917
0.486773 0.813198 0.319001 5.19787 -0.785042 0.567406 -0.248515 5.71044 -0.383095 -0.129459 0.914592 -17.5959
0.30652 -0.912384 0.271294 5.39468 0.933603 0.23261 -0.27254 5.08095 0.185555 0.33682 0.923104 -17.6183
-0.900106 0.334652 0.278958 5.38277 -0.413101 -0.858995 -0.302448 5.64671 0.138409 -0.387473 0.911432 -17.0801
0.812755 0.482233 0.326925 5.33504 -0.422824 0.874279 -0.238446 5.46506 -0.40081 0.0555669 0.914475 -16.5869
-0.119545 -0.951852 0.282288 5.71948 0.949559 -0.19264 -0.247442 5.26771 0.289908 0.238468 0.926869 -16.3362
-0.672189 0.692858 0.260979 5.58925 -0.739063 -0.60692 -0.29229 5.71429 -0.0441219 -0.389354 0.920031 -15.8527
0.96437 0.00785991 0.26444 5.69756 0.0608106 0.966209 -0.250485 5.47565 -0.257473 0.257641 0.931305 -15.688
-0.634208 -0.738243 0.229733 5.69312 0.686636 -0.67438 -0.271558 5.67764 0.355403 -0.0144813 0.934601 -15.7079
-0.146247 0.939422 0.309996 6.26905 -0.957949 -0.0562841 -0.281366 5.37818 -0.246874 -0.338109 0.90815 -15.8163
0.766341 -0.557058 0.320012 5.93814 0.635152 0.731755 -0.247217 6.0297 -0.0964559 0.392709 0.914591 -15.3677
-0.956084 -0.145495 0.25443 5.90457 0.0732593 -0.959163 -0.273204 5.19585 0.283789 -0.242566 0.927699 -15.5055
0.637906 0.71467 0.286919 6.01041 -0.695218 0.694676 -0.184654 6.05924 -0.331283 -0.0816797 0.939989 -15.3705
-0.0330369 -0.963991 0.263874 5.977 0.977976 -0.0856203 -0.190347 5.33969 0.206086 0.251774 0.945589 -15.6794
-0.602775 0.743849 0.288707 5.79885 -0.796884 -0.542852 -0.265119 6.4878 -0.0404835 -0.389873 0.919978 -15.0099
0.911767 -0.289046 0.291776 5.69305 0.351283 0.916916 -0.189382 5.18678 -0.212794 0.275168 0.937551 -14.9118
-0.921378 -0.278322 0.271291 6.68915 0.209805 -0.943733 -0.255637 5.9697 0.327176 -0.17862 0.927928 -14.6014
0.621898 0.720831 0.306014 5.12098 -0.687835 0.689608 -0.226549 4.94402 -0.374333 -0.0695968 0.924679 -14.4193
-0.152541 -0.955574 0.252209 7.404 0.948089 -0.21354 -0.235644 4.93773 0.279032 0.203172 0.938543 -14.3885
-0.344406 0.903311 0.25576 5.38068 -0.929034 -0.28869 -0.231419 5.70319 -0.135208 -0.317311 0.938633 -13.2041
0.750555 -0.597274 0.28272 6.93621 0.6566 0.722279 -0.217233 4.37258 -0.0744548 0.34868 0.93428 -13.5788
-0.948714 0.150133 0.27821 6.20389 -0.213671 -0.953112 -0.214294 5.86704 0.232993 -0.26275 0.93631 -12.5542
0.921073 0.26698 0.283454 6.69598 -0.221794 0.958027 -0.181635 4.09185 -0.320049 0.104431 0.941628 -12.7904
-0.75732 -0.60806 0.238177 6.93803 0.571255 -0.793568 -0.209567 5.92553 0.316438 -0.0226494 0.948343 -12.5727
0.416571 0.850449 0.321254 5.675 -0.846292 0.491841 -0.20465 4.36399 -0.332051 -0.186624 0.924616 -12.6119
-0.0594842 -0.957155 0.283401 7.31933 0.97175 -0.12048 -0.202944 5.5034 0.228393 0.263323 0.937282 -13.122
-0.311889 0.872584 0.375928 5.38195 -0.93714 -0.21735 -0.272997 5.03583 -0.156505 -0.437442 0.885523 -13.2253
0.586808 -0.736086 0.337392 6.66283 0.809726 0.533218 -0.244994 4.87434 0.000432911 0.416959 0.908925 -14.453
-0.863642 0.378103 0.333408 5.76694 -0.476264 -0.828754 -0.293837 6.29627 0.165213 -0.41256 0.895823 -14.3312
0.944586 0.0751343 0.319549 5.72629 0.0283159 0.951176 -0.307348 4.81362 -0.32704 0.299365 0.89634 -15.5063
-0.772106 -0.542796 0.330492 6.00976 0.450613 -0.834329 -0.317557 6.76177 0.448108 -0.0962637 0.888782 -15.5295
0.411128 0.845891 0.339767 4.6997 -0.806647 0.511203 -0.296636 5.2924 -0.424612 -0.152116 0.892505 -15.8673
0.0671762 -0.931085 0.358563 6.57093 0.948021 -0.0524672 -0.313853 6.43094 0.311037 0.361009 0.879164 -16.2889
-0.613353 0.702783 0.360409 5.1547 -0.780764 -0.470657 -0.410962 6.27873 -0.119188 -0.533459 0.837386 -15.7503
0.886487 -0.30973 0.343814 6.26525 0.430888 0.82342 -0.369209 6.11037 -0.168748 0.475444 0.86341 -16.7598
-0.895782 -0.2834 0.342432 5.722 0.0767819 -0.857462 -0.508786 7.08467 0.437813 -0.429469 0.789858 -16.2257
0.585592 0.644389 0.491777 5.50119 -0.533871 0.763109 -0.364205 6.02704 -0.60997 -0.0492702 0.790891 -17.0971
-0.17587 -0.91838 0.35447 6.28523 0.857604 -0.319722 -0.402855 7.68023 0.483306 0.233145 0.843836 -16.8742
-0.342636 0.850153 0.3998 4.42873 -0.904357 -0.183218 -0.385448 6.66887 -0.254439 -0.49363 0.831619 -16.5437
0.748335 -0.528332 0.401073 6.24835 0.656107 0.678494 -0.330409 7.11471 -0.0975602 0.510403 0.854383 -17.6247
-0.916423 -0.0496966 0.397114 4.26667 -0.14987 -0.877445 -0.455663 7.9746 0.37109 -0.477095 0.796663 -16.7734
0.790794 0.423369 0.442045 5.20588 -0.24145 0.879403 -0.410308 5.96051 -0.562447 0.217737 0.797649 -18.5254
-0.358216 -0.815318 0.454904 5.3175 0.712185 -0.553682 -0.431543 8.64115 0.603717 0.16939 0.778995 -17.1938
