1 0 0 0 0 1 0 0 0 0 1 0
1 -3.57364e-05 3.44443e-05 -0.00945182 3.5728e-05 1 0.00024259 0.00646096 -3.4453e-05 -0.000242589 1 0.00364412
1 -1.29697e-05 4.51708e-05 -0.0109381 1.29663e-05 1 7.58621e-05 0.020535 -4.51718e-05 -7.58616e-05 1 0.00593799
1 -7.85013e-05 -2.00765e-05 -0.0162366 7.84983e-05 1 -0.000146806 0.0134145 2.0088e-05 0.000146804 1 0.0117237
1 -1.84214e-05 -0.000143074 -0.0117717 1.84488e-05 1 0.000191616 0.00495567 0.000143071 -0.000191619 1 0.00985304
1 6.23131e-05 -3.78186e-05 -0.00340449 -6.23009e-05 1 0.000321127 0.00871549 3.78386e-05 -0.000321125 1 0.0034917
1 2.05249e-05 -0.000120012 -0.00929362 -2.04911e-05 1 0.000281861 0.0217599 0.000120018 -0.000281859 1 0.00851821
1 -0.000156325 3.62856e-06 -0.00763972 0.000156323 1 0.000575772 0.00708541 -3.71857e-06 -0.000575772 1 0.0032277
1 -0.000129586 -8.0894e-05 -0.0110614 0.000129586 1 -4.71859e-06 0.00993443 8.08946e-05 4.70812e-06 1 0.0172446
1 -6.77646e-05 8.25695e-06 -0.00940251 6.77625e-05 1 0.000247802 0.00873859 -8.27374e-06 -0.000247801 1 0.0143328
1 -9.2349e-05 -0.000240743 -0.00409281 9.23901e-05 1 0.000170761 0.0124155 0.000240727 -0.000170784 1 0.00766768
1 -8.02261e-05 6.37854e-05 -0.00437804 8.02026e-05 1 0.000367767 0.0192744 -6.38149e-05 -0.000367761 1 0.00843095
1 -0.000117324 0.000179476 -0.00957564 0.0001173 1 0.000130879 0.012966 -0.000179492 -0.000130858 1 0.0130637
1 -2.15069e-05 -2.95346e-05 -0.00689254 2.15129e-05 1 0.000203853 0.00380067 2.95302e-05 -0.000203854 1 0.0143246
1 -7.19786e-05 6.20402e-05 0.00209462 7.19651e-05 1 0.000218346 0.00643344 -6.2056e-05 -0.000218342 1 0.0138245
1 -7.93146e-05 1.05578e-06 -0.00484056 7.93144e-05 1 0.000194441 0.0229469 -1.07123e-06 -0.000194441 1 0.0150755
1 -8.77467e-05 -0.000103166 -0.00653849 8.7773e-05 1 0.000254784 0.0243386 0.000103144 -0.000254793 1 0.0116093
1 -0.000125502 -4.43722e-05 -0.00773112 0.000125504 1 6.26213e-05 0.0152237 4.43643e-05 -6.2627e-05 1 0.0133513
1 -8.4407e-06 -6.39086e-05 -0.00460565 8.45348e-06 1 0.000199762 0.00886179 6.39069e-05 -0.000199762 1 0.0129081
1 -7.28405e-05 -0.000104637 -0.000958911 7.2867e-05 1 0.000252841 0.00992197 0.000104619 -0.000252849 1 0.00955878
1 7.88061e-06 -3.69571e-05 -0.00432784 -7.87125e-06 1 0.000252791 0.0259316 3.69591e-05 -0.000252791 1 0.0114905
1 -3.19857e-05 0.000156574 -0.0033882 3.19168e-05 1 0.000440251 0.0173371 -0.000156588 -0.000440246 1 0.0119047
1 1.6752e-05 0.000128583 -0.00284933 -1.67437e-05 1 -6.43168e-05 0.0111858 -0.000128584 6.43145e-05 1 0.0112354
1 -0.000204019 0.0001887 -0.00767333 0.000204049 1 -0.000155381 0.0139919 -0.000188668 0.000155419 1 0.0124575
1 -6.97471e-05 0.000256222 -0.00730613 6.97823e-05 1 -0.000137117 0.0257965 -0.000256213 0.000137135 1 0.0130512
1 5.66872e-05 0.000267664 0.00301129 -5.66835e-05 1 -1.38908e-05 0.0225891 -0.000267665 1.38754e-05 1 0.00739312
1 6.76278e-05 0.000371865 -0.000531358 -6.76594e-05 1 8.49301e-05 0.01098 -0.00037186 -8.49554e-05 1 0.0023151
1 -5.01594e-05 0.000432808 0.00171221 5.02357e-05 1 -0.000176214 0.00810304 -0.000432799 0.000176235 1 0.00183391
1 6.62909e-05 0.000522701 0.0081936 -6.63239e-05 1 6.30182e-05 0.0163108 -0.000522697 -6.3053e-05 1 0.00479034
1 1.1833e-05 0.000621479 0.00743743 -1.18228e-05 1 -1.64378e-05 0.0227444 -0.000621479 1.64303e-05 1 0.00374623
1 -0.000137179 0.000697833 0.0122333 0.000137186 1 -9.17263e-06 0.0208529 -0.000697832 9.26817e-06 1 0.00120591
0.999999 -9.65639e-05 0.00112949 0.012329 9.6473e-05 1 8.05392e-05 0.0135312 -0.0011295 -8.04303e-05 0.999999 0.00183861
0.999999 -0.000129587 0.00117092 0.0210866 0.000129578 1 7.83747e-06 0.00909639 -0.00117092 -7.68592e-06 0.999999 -0.00402652
0.999998 -0.0001059 0.00194823 0.0198863 0.000105789 1 5.73169e-05 0.0272737 -0.00194823 -5.71109e-05 0.999998 -0.00385329
0.999997 3.97382e-05 0.00239707 0.0122088 -4.07429e-05 1 0.000419104 0.0260071 -0.00239706 -0.0004192 0.999997 -0.00724384
0.999995 0.000959795 0.00311663 -0.00725523 -0.000959558 0.999999 -7.72852e-05 0.0130143 -0.0031167 7.42939e-05 0.999995 -0.00368661
0.999982 0.00251262 0.00538481 -0.0654039 -0.00251369 0.999997 0.000191092 0.0217346 -0.00538431 -0.000204625 0.999985 -0.011973
0.999962 0.00669986 0.00563683 -0.17247 -0.00670181 0.999977 0.000328147 0.00562708 -0.0056345 -0.000365912 0.999984 -0.00809218
0.999909 0.011323 0.0073736 -0.340057 -0.0113322 0.999935 0.00120088 0.0267534 -0.00735953 -0.00128433 0.999972 -0.0173604
0.999914 0.0100922 0.0083889 -0.615755 -0.0101117 0.999946 0.0022927 0.0157736 -0.00836531 -0.00237733 0.999962 -0.0427916
0.999943 0.0053083 0.00931059 -0.978896 -0.00531453 0.999986 0.000645184 -0.0050817 -0.00930703 -0.000694629 0.999956 -0.0467339
0.999943 -0.00222676 0.0104835 -1.45217 0.00221125 0.999996 0.0014905 -0.0380263 -0.0104868 -0.00146724 0.999944 -0.0633593
0.999907 -0.00955409 0.00967125 -2.00341 0.00953704 0.999953 0.00180731 -0.0622765 -0.00968806 -0.00171491 0.999952 -0.0772606
0.999769 -0.0184835 0.0109145 -2.69004 0.0184537 0.999826 0.00282207 -0.134539 -0.0109647 -0.00262001 0.999936 -0.114773
0.999638 -0.0252936 0.00914801 -3.45426 0.0252488 0.999669 0.004976 -0.183403 -0.00927084 -0.00474323 0.999946 -0.123058
0.999521 -0.0291542 0.010356 -4.29505 0.0291271 0.999572 0.00275843 -0.257903 -0.0104319 -0.00245547 0.999942 -0.141435
0.999484 -0.0303066 0.0105912 -5.20046 0.0302726 0.999536 0.00335005 -0.345583 -0.0106878 -0.0030277 0.999938 -0.166979
0.999445 -0.0313307 0.0112512 -6.20279 0.0312906 0.999503 0.00372293 -0.402569 -0.0113623 -0.00336881 0.99993 -0.178652
0.999451 -0.0310684 0.0115186 -7.27897 0.0310227 0.99951 0.00412214 -0.497176 -0.011641 -0.00376254 0.999925 -0.193151
0.999446 -0.0309586 0.0121747 -8.44297 0.0309035 0.999511 0.00469163 -0.607349 -0.0123139 -0.00431279 0.999915 -0.200226
0.999485 -0.0295385 0.0125288 -9.66327 0.0294815 0.999554 0.00471041 -0.707607 -0.0126623 -0.00433862 0.99991 -0.223807
0.999537 -0.0274951 0.0130014 -10.9721 0.0274209 0.999607 0.00584959 -0.789961 -0.0131571 -0.00549037 0.999898 -0.227773
0.999585 -0.0246511 0.0149085 -12.3794 0.024577 0.999685 0.00512923 -0.879553 -0.0150302 -0.00476069 0.999876 -0.212225
0.999608 -0.0215135 0.017878 -13.8643 0.0213885 0.999745 0.0071544 -0.994212 -0.0180274 -0.00676921 0.999815 -0.230666
0.999675 -0.0185161 0.0174773 -15.4286 0.0183906 0.999804 0.00731119 -1.11627 -0.0176092 -0.0069874 0.999821 -0.257731
0.999686 -0.0173642 0.0180678 -17.053 0.0172358 0.999825 0.00723879 -1.23902 -0.0181903 -0.0069251 0.999811 -0.195845
0.999672 -0.0177856 0.0184121 -18.761 0.0176444 0.999814 0.00779962 -1.35574 -0.0185474 -0.00747219 0.9998 -0.198897
0.999696 -0.0186168 0.0161696 -20.5585 0.0185021 0.999803 0.00721417 -1.47173 -0.0163007 -0.00691281 0.999843 -0.174946
0.999611 -0.0194385 0.0199768 -22.4174 0.0192933 0.999786 0.00743412 -1.59395 -0.020117 -0.00704581 0.999773 -0.190144
0.999589 -0.0191469 0.0213252 -24.3711 0.0190002 0.999794 0.00705907 -1.72515 -0.0214559 -0.00665099 0.999748 -0.207691
0.999611 -0.018415 0.0209149 -26.3593 0.0182761 0.99981 0.00681408 -1.84473 -0.0210364 -0.0064292 0.999758 -0.21671
0.999602 -0.0180122 0.0217023 -28.4355 0.0178411 0.999808 0.00804967 -2.00993 -0.0218432 -0.00765928 0.999732 -0.229511
0.999628 -0.0181855 0.0202987 -30.5717 0.0179345 0.999761 0.0124804 -2.14812 -0.0205208 -0.0121118 0.999716 -0.265274
0.999626 -0.0189175 0.0197276 -32.7753 0.0186356 0.999723 0.014374 -2.30943 -0.0199941 -0.014001 0.999702 -0.261284
0.999455 -0.0205885 0.0257747 -35.0022 0.0201294 0.999636 0.0179469 -2.44379 -0.0261348 -0.0174183 0.999507 -0.277243
0.999463 -0.0209488 0.0251688 -37.2878 0.020483 0.999617 0.018621 -2.60032 -0.0255493 -0.0180955 0.99951 -0.265099
0.999514 -0.0221786 0.0218786 -39.6427 0.0218254 0.999629 0.016256 -2.76272 -0.022231 -0.0157706 0.999628 -0.255863
0.99952 -0.0227189 0.0210181 -42.0253 0.0223927 0.999627 0.0156266 -2.94405 -0.0213653 -0.0151485 0.999657 -0.248977
0.999517 -0.0229958 0.0208879 -44.4269 0.022736 0.999662 0.0125905 -3.12877 -0.0211703 -0.0121095 0.999703 -0.237018
0.999452 -0.0233749 0.0234273 -46.8712 0.023078 0.99965 0.0128665 -3.287 -0.0237199 -0.0123188 0.999643 -0.242921
0.999492 -0.0222817 0.0227756 -49.3444 0.0219652 0.99966 0.0140535 -3.4725 -0.023081 -0.0135461 0.999642 -0.233243
0.999541 -0.0206189 0.0221836 -51.8372 0.0202912 0.999683 0.0148986 -3.64731 -0.0224838 -0.0144416 0.999643 -0.224932
0.999586 -0.018807 0.0217376 -54.338 0.0184944 0.999723 0.0144936 -3.81628 -0.0220042 -0.0140856 0.999659 -0.221147
0.999655 -0.0166774 0.0202848 -56.8703 0.0164118 0.999778 0.0131937 -3.99039 -0.0205003 -0.0128562 0.999707 -0.209976
0.999596 -0.0146516 0.0243395 -59.4153 0.014306 0.999795 0.014312 -4.14805 -0.0245443 -0.0139581 0.999601 -0.201058
0.999663 -0.0135276 0.0221419 -61.9929 0.0131831 0.99979 0.0156352 -4.29251 -0.0223488 -0.0153381 0.999632 -0.182929
0.999696 -0.0126777 0.0211114 -64.5826 0.0123145 0.999775 0.0172485 -4.46306 -0.0213253 -0.0169833 0.999628 -0.177601
0.999702 -0.0112025 0.0216583 -67.1412 0.0108314 0.999793 0.0171731 -4.62889 -0.0218462 -0.0169334 0.999618 -0.157845
0.999652 -0.0107523 0.024073 -69.7417 0.0104253 0.999852 0.0136713 -4.76779 -0.0242164 -0.0134155 0.999617 -0.138776
0.999718 -0.00990671 0.0215614 -72.3351 0.00959676 0.999849 0.0144315 -4.94152 -0.0217012 -0.0142205 0.999663 -0.129627
0.999711 -0.0103147 0.0217147 -74.9664 0.00996283 0.999818 0.0162513 -5.08975 -0.0218784 -0.0160303 0.999632 -0.11411
0.999636 -0.00996318 0.0250506 -77.584 0.00960852 0.999852 0.0142384 -5.26311 -0.0251888 -0.0139925 0.999585 -0.10852
0.999702 -0.0090859 0.022638 -80.2422 0.00880062 0.99988 0.0126698 -5.40307 -0.0227505 -0.0124668 0.999663 -0.0891801
0.999738 -0.00823405 0.0213223 -82.9017 0.00796129 0.999885 0.0128455 -5.56848 -0.0214256 -0.0126724 0.99969 -0.09307
0.999767 -0.0068454 0.0204325 -85.5859 0.00659803 0.999904 0.0121496 -5.71768 -0.0205138 -0.012012 0.999717 -0.0801064
0.999757 -0.00541991 0.0213616 -88.2406 0.00514013 0.9999 0.0131308 -5.86827 -0.0214307 -0.0130178 0.999685 -0.0760487
0.999732 -0.00426229 0.0227525 -90.913 0.00394981 0.999897 0.0137613 -6.00869 -0.0228089 -0.0136677 0.999646 -0.0636559
0.999722 -0.00313346 0.0233424 -93.616 0.00278576 0.999884 0.0149135 -6.14096 -0.0233865 -0.0148444 0.999616 -0.0775242
0.99973 -0.00308521 0.0230069 -96.3092 0.00256418 0.99974 0.0226418 -6.28057 -0.0230708 -0.0225767 0.999479 -0.0952923
0.999815 -0.00525334 0.0184617 -99.0287 0.00472158 0.999575 0.02873 -6.41664 -0.0186049 -0.0286376 0.999417 -0.0910535
0.999805 -0.00997741 0.0170051 -101.745 0.00946718 0.99951 0.0298257 -6.60471 -0.0172943 -0.029659 0.99941 -0.0844375
0.99966 -0.0146708 0.0215378 -104.477 0.0141216 0.999576 0.0254302 -6.77258 -0.0219018 -0.0251174 0.999444 -0.0707482
0.999551 -0.0199497 0.0223575 -107.189 0.0194553 0.999565 0.0221167 -6.95712 -0.0227891 -0.0216718 0.999505 -0.0643919
0.999521 -0.0215235 0.0222247 -109.899 0.0210687 0.999567 0.0204993 -7.13973 -0.0226564 -0.0200212 0.999543 -0.0516529
0.999465 -0.0197248 0.026072 -112.621 0.0192054 0.999614 0.0200219 -7.32854 -0.0264569 -0.0195105 0.999459 -0.0389635
0.999499 -0.0155898 0.027553 -115.334 0.0149748 0.999637 0.0223877 -7.49724 -0.0278921 -0.0219638 0.99937 -0.0306229
0.999598 -0.0119829 0.0256925 -118.078 0.0114001 0.999676 0.0227129 -7.64764 -0.0259564 -0.0224109 0.999412 -0.00494334
0.999506 -0.00888969 0.0301232 -120.787 0.00831667 0.999782 0.0190948 -7.80734 -0.0302864 -0.0188349 0.999364 0.0202677
0.999704 -0.00752247 0.0231209 -123.525 0.0071278 0.999828 0.0171052 -7.96156 -0.0232457 -0.0169353 0.999586 0.0427744
0.999704 -0.00889174 0.0226126 -126.256 0.00838609 0.999714 0.0223587 -8.10977 -0.022805 -0.0221625 0.999494 0.0264819
0.999586 -0.00953833 0.0271177 -128.976 0.00900319 0.999763 0.0197882 -8.27832 -0.0273001 -0.0195359 0.999436 0.0407626
0.999625 -0.0106838 0.0251939 -131.722 0.0102617 0.999805 0.0168224 -8.45286 -0.0253688 -0.0165575 0.999541 0.0620671
0.999571 -0.0126028 0.0264337 -134.468 0.0121352 0.999768 0.0177735 -8.6024 -0.0266516 -0.0174451 0.999492 0.0727474
0.999587 -0.0138899 0.0251287 -137.192 0.013387 0.999708 0.020071 -8.76593 -0.0254001 -0.0197264 0.999483 0.0783365
0.999596 -0.0142573 0.0245823 -139.908 0.0137063 0.999654 0.0224415 -8.92254 -0.0248938 -0.0220955 0.999446 0.0842975
0.999477 -0.0146545 0.0288282 -142.64 0.0140066 0.999647 0.0225506 -9.08576 -0.0291486 -0.022135 0.99933 0.0934767
0.999583 -0.0133551 0.0255788 -145.369 0.0128516 0.999722 0.0197498 -9.25365 -0.0258354 -0.0194128 0.999478 0.11223
0.999571 -0.0128504 0.0262914 -148.125 0.0122716 0.999681 0.0220563 -9.44519 -0.0265664 -0.0217242 0.999411 0.118309
0.999452 -0.011785 0.0309312 -150.846 0.0110621 0.999664 0.0234407 -9.63656 -0.031197 -0.0230857 0.999246 0.135601
0.999486 -0.0104741 0.030283 -153.594 0.00987043 0.999751 0.0200156 -9.78749 -0.0304851 -0.0197065 0.999341 0.164698
0.999642 -0.00971648 0.024911 -156.366 0.00925694 0.999786 0.0184968 -9.93327 -0.0250855 -0.0182596 0.999518 0.239122
0.999626 -0.00887499 0.0258577 -159.097 0.00839858 0.999794 0.0184753 -10.0746 -0.0260164 -0.0182512 0.999495 0.249871
0.999683 -0.00848348 0.0236852 -161.822 0.00802165 0.999777 0.0195265 -10.2535 -0.0238456 -0.0193304 0.999529 0.253795
0.999592 -0.00863253 0.0272166 -164.551 0.00804463 0.999733 0.0216368 -10.4139 -0.0273962 -0.0214091 0.999395 0.279765
0.999656 -0.00917597 0.0245621 -167.307 0.00855699 0.999646 0.0251887 -10.541 -0.0247845 -0.0249698 0.999381 0.295763
0.999651 -0.0100499 0.0244259 -170.05 0.00940719 0.99961 0.0262862 -10.6916 -0.0246806 -0.0260472 0.999356 0.321572
0.999627 -0.00950326 0.0255917 -172.768 0.00881685 0.999602 0.0268024 -10.8433 -0.0258363 -0.0265667 0.999313 0.368114
0.999518 -0.00949255 0.0295563 -175.502 0.00881571 0.999698 0.0229468 -10.9858 -0.0297653 -0.0226752 0.999299 0.381518
0.999491 -0.00860814 0.0307208 -178.233 0.00803398 0.999791 0.0187646 -11.1384 -0.030876 -0.0185083 0.999352 0.404261
0.999498 -0.00749505 0.0307735 -180.968 0.00690576 0.999791 0.0192112 -11.2901 -0.0309112 -0.0189891 0.999341 0.433589
0.999508 -0.00642061 0.0306829 -183.695 0.00577858 0.999763 0.0209679 -11.4373 -0.0308103 -0.0207803 0.999309 0.44971
0.999422 -0.00611642 0.033445 -186.421 0.00532962 0.999708 0.0235641 -11.5756 -0.0335794 -0.0233722 0.999162 0.464082
0.999409 -0.00725037 0.0335828 -189.159 0.00642052 0.999673 0.0247529 -11.7242 -0.0337513 -0.0245227 0.999129 0.505703
0.999263 0.0096666 0.0371415 -191.279 -0.0104886 0.999703 0.0219997 -11.7315 -0.0369179 -0.0223731 0.999067 0.679161
0.99925 0.00868373 0.0377342 -194.008 -0.00958891 0.999669 0.0238739 -11.8342 -0.0375144 -0.0242179 0.999002 0.730185
0.99924 0.00814769 0.0381251 -195.371 -0.00908303 0.99966 0.024425 -11.8845 -0.0379132 -0.0247527 0.998974 0.755373
