1 0 0 0 0 1 0 0 0 0 1 0
-0.943134 0.329633 -0.0429051 2.40831 -0.328511 -0.943985 -0.0311975 0.325199 -0.0507855 -0.0153287 0.998592 0.3206
0.759171 -0.649921 -0.035521 0.302799 0.65044 0.759546 0.0042324 -0.856011 0.0242291 -0.0263174 0.99936 0.402178
-0.469022 0.879717 -0.0782112 1.94832 -0.87902 -0.473567 -0.0552995 0.973475 -0.0856861 0.0428125 0.995402 0.743137
0.0911799 -0.994007 -0.0603111 1.35209 0.995604 0.0922938 -0.0159441 -1.66503 0.0214149 -0.0585922 0.998052 0.700191
0.319378 0.947058 -0.0328363 0.847844 -0.94762 0.319046 -0.0150237 0.967705 -0.003752 0.0359146 0.999348 0.71722
-0.689956 -0.721514 -0.0581221 2.63691 0.722915 -0.690921 -0.00466267 -0.941092 -0.0367936 -0.0452344 0.998299 0.807849
0.912226 0.409686 0.0010257 0.533845 -0.409631 0.912055 0.018908 0.000233114 0.00681085 -0.0176686 0.999821 0.809005
-0.994677 -0.0887742 -0.0523108 2.76754 0.0895977 -0.995885 -0.0136135 -0.0542715 -0.050887 -0.0182279 0.998538 0.946656
0.96041 -0.278297 -0.0127799 0.872667 0.277881 0.960228 -0.0272976 -0.705011 0.0198685 0.0226656 0.999546 0.925766
-0.812278 0.582662 -0.0266234 2.511 -0.578022 -0.810239 -0.0969676 0.273157 -0.0780707 -0.0633758 0.994932 1.29029
0.549979 -0.835175 -0.00230543 1.45777 0.834896 0.549863 -0.0244723 -1.3465 0.0217063 0.0115345 0.999698 1.2894
-0.239205 0.970908 0.0109276 2.10571 -0.969177 -0.238064 -0.0634226 0.778718 -0.058976 -0.0257618 0.997927 1.56752
-0.0817781 -0.996259 -0.0279492 2.11574 0.994772 -0.079871 -0.0636356 -1.01935 0.0611652 -0.0330071 0.997582 1.56287
0.359864 0.931183 -0.058279 1.55527 -0.930956 0.354236 -0.0885258 0.590406 -0.0617891 0.0861124 0.994368 1.7135
-0.609926 -0.790007 -0.0622895 2.53356 0.791562 -0.603614 -0.095288 -0.769273 0.0376794 -0.107425 0.993499 1.65822
0.786861 0.607641 -0.107808 1.1118 -0.615346 0.785797 -0.0622312 0.42785 0.0469012 0.115307 0.992222 1.65719
-0.917054 -0.388726 -0.0889084 2.94705 0.397854 -0.906978 -0.138213 0.335048 -0.0269109 -0.162122 0.986404 1.99161
0.977628 0.19501 -0.0788382 1.20155 -0.200346 0.977459 -0.0665917 -0.105881 0.0640751 0.0808968 0.994661 1.91994
-0.998649 0.0410759 -0.0318333 2.60514 -0.0384209 -0.996058 -0.0799531 0.780608 -0.0349919 -0.078622 0.99629 2.14664
0.963103 -0.265331 -0.0450826 1.49441 0.262584 0.963117 -0.058773 -0.302805 0.0590142 0.0447665 0.997253 2.11004
-0.869599 0.493643 -0.0107369 2.28941 -0.49257 -0.868806 -0.0504987 0.875812 -0.0342566 -0.0386249 0.998667 2.1091
0.737819 -0.674668 -0.0211237 1.47429 0.673277 0.73781 -0.0483117 -0.00434911 0.0481795 0.0214232 0.998609 1.94665
-0.584747 0.811209 -0.00325538 1.90014 -0.809758 -0.583931 -0.0575928 1.06407 -0.0486207 -0.0310411 0.998335 1.91506
0.404563 -0.914508 -0.00203794 1.5908 0.913453 0.404201 -0.0471678 -0.088961 0.043959 0.0172208 0.998885 1.70781
-0.198867 0.978872 0.0475654 1.76113 -0.9795 -0.196935 -0.0423839 1.49394 -0.0321211 -0.055019 0.997969 1.80491
0.00675266 -0.999952 -0.00713377 2.16675 0.998998 0.00706123 -0.0441897 -0.480827 0.0442379 -0.00682823 0.998998 1.75787
0.138354 0.990376 -0.00386674 0.959853 -0.989512 0.138067 -0.0424736 1.33559 -0.0415309 0.00970255 0.99909 1.90718
-0.301295 -0.952866 -0.0356074 2.62349 0.947249 -0.294821 -0.125702 -0.508973 0.109279 -0.0716023 0.991429 1.90862
0.439614 0.897866 -0.0240154 0.893232 -0.893888 0.434741 -0.109387 1.24829 -0.0877747 0.0695553 0.993709 2.20853
-0.582925 -0.812515 0.00432427 2.48577 0.798247 -0.573665 -0.183604 -0.533613 0.151662 -0.103575 0.982991 1.99392
0.71213 0.700985 0.0386166 0.426666 -0.685612 0.706238 -0.176533 0.967708 -0.15102 0.0992384 0.983537 2.51172
-0.805791 -0.590335 0.0469614 2.4236 0.575118 -0.798992 -0.175645 -0.270501 0.141211 -0.114525 0.983333 2.25991
0.869021 0.494576 0.0140677 0.284228 -0.488078 0.861573 -0.139541 0.732438 -0.0811341 0.114398 0.990116 2.5107
-0.927241 -0.372981 0.0333162 2.66244 0.362657 -0.916606 -0.168267 0.196556 0.0932981 -0.143941 0.985179 2.48155
0.968894 0.245768 0.0290265 0.17626 -0.23795 0.957398 -0.163616 0.0970236 -0.0680013 0.151619 0.986097 2.5297
-0.988749 -0.146364 -0.0308803 2.76109 0.149582 -0.96904 -0.196438 0.453759 -0.00117277 -0.198847 0.98003 2.54523
0.999816 -1.26823e-05 -0.0192048 0.567643 -0.00391722 0.978841 -0.204588 -0.237833 0.018801 0.204626 0.97866 2.10497
-0.969337 0.244377 0.025798 2.24913 -0.242239 -0.932622 -0.267463 0.348947 -0.0413019 -0.265511 0.963223 2.03674
0.877513 -0.479536 -0.00403698 1.24177 0.458764 0.841893 -0.284169 -0.918769 0.139668 0.24751 0.958766 1.35925
-0.760525 0.64764 0.0465281 1.96769 -0.618462 -0.700708 -0.355687 0.447221 -0.197754 -0.299285 0.933446 1.37422
0.657478 -0.753457 0.00510682 1.95072 0.737603 0.64223 -0.208526 -0.449755 0.153835 0.140868 0.978004 0.838581
-0.523147 0.850456 0.0551601 1.88037 -0.840713 -0.504377 -0.196991 0.424856 -0.13971 -0.149429 0.978853 0.623929
0.427052 -0.90349 0.0365037 2.26301 0.872853 0.401356 -0.277563 0.199867 0.236124 0.150396 0.960014 0.227792
-0.256627 0.964691 0.0592798 1.56129 -0.938224 -0.233917 -0.254988 0.810837 -0.232119 -0.121055 0.965125 0.448451
-0.0158861 -0.995891 0.0891617 2.35514 0.960667 -0.0399288 -0.274818 0.84735 0.277249 0.0812889 0.957353 0.396035
0.255884 0.966292 0.0283423 1.49278 -0.941364 0.255738 -0.220072 0.58066 -0.219902 0.0296324 0.975072 0.103404
-0.471442 -0.880858 0.0428041 2.2763 0.849984 -0.466785 -0.244211 1.98654 0.235095 -0.0787484 0.968777 0.286045
0.638336 0.769742 0.00499781 1.34459 -0.747941 0.621766 -0.23236 0.0108516 -0.181965 0.144586 0.972617 -0.131337
-0.743541 -0.667067 0.0465647 1.98829 0.644076 -0.733152 -0.218298 2.32232 0.179759 -0.132322 0.974771 0.503274
0.836317 0.548233 0.00374008 2.22574 -0.529695 0.80976 -0.252411 -0.0950258 -0.141409 0.209115 0.967613 0.100508
-0.880514 -0.473506 -0.0220753 1.6334 0.461939 -0.846697 -0.264038 2.3779 0.106332 -0.242686 0.96426 0.873414
0.871118 0.490996 0.00878561 2.11484 -0.469397 0.837789 -0.278885 0.376285 -0.144292 0.238818 0.960284 0.518552
-0.8793 -0.473582 -0.0505218 2.08258 0.466691 -0.83559 -0.28981 2.34996 0.0950331 -0.278408 0.95575 1.26551
0.874655 0.48464 -0.0101888 2.07195 -0.466776 0.836373 -0.287402 0.227276 -0.130765 0.256133 0.957756 0.792114
-0.807389 -0.589565 -0.0231977 1.87522 0.560906 -0.754756 -0.340189 2.04231 0.183055 -0.287676 0.940071 1.79251
0.744483 0.667626 0.00464622 2.19533 -0.631572 0.706502 -0.319331 0.2979 -0.216476 0.234802 0.947632 1.35403
-0.712092 -0.701616 -0.0257125 1.29096 0.662628 -0.659516 -0.354914 1.90378 0.232055 -0.269769 0.934545 1.8348
0.7139 0.698729 0.0461074 1.91198 -0.647974 0.684135 -0.334797 -0.00926149 -0.265476 0.209135 0.941162 0.94135
-0.706624 -0.707556 0.00689562 1.54597 0.659013 -0.661631 -0.357697 2.16871 0.257653 -0.248213 0.933812 1.71685
0.696708 0.715554 0.0508068 2.06621 -0.659241 0.666584 -0.347948 0.235109 -0.282842 0.208924 0.936136 0.789755
-0.717029 -0.697035 -0.00357762 0.473535 0.667543 -0.685196 -0.291365 1.96259 0.20064 -0.211305 0.956605 1.39716
0.684159 0.723476 0.0922497 1.4488 -0.659873 0.667902 -0.344202 0.641565 -0.310635 0.174616 0.934353 0.580978
-0.698879 -0.698008 0.15606 1.18355 0.539266 -0.657567 -0.526116 1.51213 0.469853 -0.283534 0.835971 1.02897
0.813393 0.576109 0.0805679 2.54775 -0.481429 0.744421 -0.46267 0.624874 -0.326525 0.337545 0.882862 0.0414576
-0.779979 -0.587851 0.21463 0.894745 0.350053 -0.69412 -0.629015 1.48064 0.518746 -0.415486 0.747177 0.736995
0.426762 0.885888 0.181871 1.67188 -0.65959 0.442481 -0.607579 -0.332636 -0.618721 0.139331 0.773157 -0.431268
0.0302768 -0.986293 0.162205 2.21914 0.792884 -0.0751131 -0.604726 1.14557 0.60862 0.146919 0.779741 1.13104
-0.450752 0.877427 0.164148 0.652532 -0.74999 -0.272534 -0.602694 -0.962015 -0.484084 -0.394775 0.780907 0.39145
0.789291 -0.590929 0.166803 2.52173 0.570705 0.605802 -0.554347 0.406834 0.22653 0.532736 0.815399 0.788593
-0.97148 0.160544 0.17451 -0.189138 -0.231531 -0.801136 -0.551883 -0.135007 0.0512047 -0.576547 0.815458 0.981516
0.938491 0.299516 0.17183 2.53317 -0.16174 0.820951 -0.547612 -1.49721 -0.305083 0.486137 0.818899 -0.0611234
-0.826101 -0.546052 0.139229 0.566538 0.391324 -0.733662 -0.555523 0.135887 0.405492 -0.404434 0.819762 1.80957
0.626398 0.768646 0.129653 1.94152 -0.614752 0.589391 -0.524117 -2.24838 -0.479277 0.248601 0.841719 0.45185
-0.410954 -0.904025 0.117709 1.51965 0.73341 -0.40453 -0.54632 0.0553424 0.541504 -0.138183 0.829264 2.1016
0.379058 0.916825 0.125494 1.79637 -0.717496 0.376834 -0.585829 -2.03945 -0.584392 0.132022 0.800659 0.173572
-0.354277 -0.933247 0.0594803 1.80239 0.866525 -0.351532 -0.354345 0.891114 0.3516 -0.0739951 0.933221 1.15425
0.347667 0.932549 0.0973714 2.0316 -0.795449 0.348334 -0.495908 -1.73285 -0.496376 0.0949566 0.862899 -0.121697
-0.453993 -0.885994 0.0943749 1.7284 0.820567 -0.457026 -0.343216 0.289321 0.347219 -0.0783767 0.934503 0.77721
0.568663 0.812777 0.126552 1.93905 -0.722948 0.567232 -0.394454 -1.4744 -0.392388 0.132821 0.91016 0.269428
-0.65206 -0.743093 0.150437 1.28994 0.686827 -0.662987 -0.297853 0.0536776 0.32107 -0.0908942 0.942684 1.30066
0.723969 0.684426 0.0862044 1.81914 -0.612956 0.695574 -0.374782 -1.62151 -0.316472 0.218491 0.923096 0.990539
-0.795046 -0.587935 0.149116 0.935306 0.528393 -0.792059 -0.305684 -0.141549 0.297831 -0.164241 0.940383 1.94596
0.866602 0.487261 0.107603 1.71457 -0.457195 0.861719 -0.22003 -1.43603 -0.199935 0.141483 0.96954 1.89683
-0.917563 -0.373079 0.137447 1.1831 0.31138 -0.889259 -0.335054 -0.845462 0.247227 -0.264634 0.93212 2.53345
0.967952 0.232116 0.0958723 2.26313 -0.210901 0.958571 -0.191473 -1.25397 -0.136344 0.165117 0.976804 2.49883
-0.992532 -0.109405 0.0539549 0.41419 0.0928879 -0.964537 -0.247063 -0.93347 0.0790712 -0.240206 0.967496 2.8798
0.998677 -0.0226351 0.0461771 2.36978 0.0320412 0.976214 -0.21443 -1.29376 -0.0402249 0.215626 0.975647 2.92613
-0.990714 0.120468 0.0630484 0.52959 -0.134046 -0.943073 -0.304378 -1.34664 0.0227912 -0.310003 0.950462 3.42935
0.969924 -0.234363 0.0657437 2.47685 0.243169 0.944953 -0.218933 -1.37149 -0.0108147 0.228336 0.973522 3.67927
-0.941546 0.33274 0.0526843 0.626934 -0.332722 -0.893959 -0.300223 -1.72893 -0.0527986 -0.300203 0.952413 4.01108
0.901983 -0.430498 0.0331594 2.52172 0.428441 0.882854 -0.192372 -1.24538 0.053541 0.187723 0.980762 4.38995
-0.856229 0.507819 -0.0948331 0.560605 -0.485652 -0.85384 -0.187349 -2.03906 -0.176112 -0.114358 0.977705 4.33434
0.808859 -0.576791 -0.114282 2.36406 0.568023 0.816708 -0.101672 -1.21907 0.151979 0.0173234 0.988232 4.837
-0.755162 0.646549 -0.10819 0.731201 -0.622173 -0.75888 -0.192359 -1.9344 -0.206472 -0.0779494 0.975342 4.61269
0.703671 -0.70567 -0.0829357 2.44402 0.695396 0.707939 -0.123478 -1.01464 0.145848 0.0292148 0.988875 4.96576
-0.640864 0.760612 -0.103747 0.630305 -0.734923 -0.646952 -0.203326 -2.29498 -0.221772 -0.0540581 0.973599 4.60654
0.590926 -0.801806 -0.0889599 2.49722 0.793706 0.597574 -0.113735 -0.849023 0.144354 -0.00339913 0.98952 5.00781
-0.522883 0.845276 -0.110011 0.596713 -0.820636 -0.534091 -0.203232 -2.42594 -0.230543 -0.0159879 0.972931 4.46377
0.464835 -0.878096 -0.11347 2.56212 0.870795 0.476578 -0.120785 -0.953569 0.160138 -0.0426646 0.986172 4.82771
-0.377378 0.913606 -0.151359 0.578409 -0.899364 -0.400532 -0.175266 -2.16874 -0.220749 0.0699854 0.972816 4.3361
0.321835 -0.937556 -0.131955 2.25413 0.934914 0.336704 -0.112095 -0.620593 0.149525 -0.0872902 0.984897 4.81652
-0.210113 0.975423 -0.0663634 0.817064 -0.955102 -0.21929 -0.199226 -2.32327 -0.208883 0.021524 0.977704 4.53579
0.162878 -0.976802 -0.139031 2.04789 0.970724 0.183863 -0.15456 -0.783026 0.176537 -0.109786 0.978152 5.14963
-0.107154 0.990521 -0.0859469 0.668355 -0.966688 -0.124004 -0.223911 -2.60437 -0.232446 0.0590911 0.970812 4.66091
0.0405228 -0.993248 -0.108706 1.79464 0.979821 0.0608132 -0.190402 -0.423137 0.195727 -0.0987966 0.975669 5.44122
0.0453857 0.987412 -0.151519 0.832289 -0.988778 0.0227933 -0.147639 -2.58912 -0.142327 0.15652 0.977366 5.24353
-0.141066 -0.977991 -0.153739 1.44479 0.980207 -0.116187 -0.160298 -1.237 0.138908 -0.173308 0.975022 5.51593
0.194961 0.980696 0.0150383 0.993493 -0.969673 0.195029 -0.147301 -2.374 -0.147391 0.014136 0.988977 4.92869
-0.291522 -0.956489 0.0120345 1.22174 0.907599 -0.280551 -0.312338 -1.0207 0.302124 -0.0801312 0.949894 4.86914
0.427016 0.90421 -0.00793529 0.994023 -0.89452 0.421124 -0.149966 -2.48035 -0.132259 0.0711364 0.988659 3.95019
-0.489949 -0.865369 0.105295 0.708662 0.777404 -0.488378 -0.396396 -0.836698 0.394452 -0.112357 0.912021 4.40629
0.603873 0.781986 0.15439 2.08073 -0.708268 0.615278 -0.346106 -1.93448 -0.365643 0.0996549 0.925405 3.70907
-0.771486 -0.631336 0.0788946 -0.339262 0.578667 -0.747799 -0.325486 -0.21478 0.264488 -0.205455 0.942249 4.30936
0.833763 0.541466 0.107958 2.87412 -0.484488 0.811278 -0.32726 -1.1986 -0.264783 0.220553 0.938747 3.35116
-0.910504 -0.413281 -0.0134638 -0.258336 0.391203 -0.850404 -0.351813 -0.218986 0.133948 -0.325595 0.935973 3.52185
0.985846 0.167298 0.0109372 3.06381 -0.155774 0.938152 -0.3092 0.409602 -0.0619891 0.30312 0.950934 3.61578
-0.99527 0.0888827 -0.0392264 -0.0117371 -0.0682109 -0.926789 -0.369335 -0.823179 -0.0691823 -0.364913 0.928468 2.99997
0.962562 -0.271063 -0.000244326 2.83847 0.257199 0.913615 -0.31489 0.967239 0.0855784 0.303038 0.949128 3.5662
-0.850706 0.525642 0.000247906 0.72341 -0.488637 -0.790642 -0.368942 -1.05743 -0.193736 -0.313982 0.929452 2.66374
0.62249 -0.782606 -0.00592187 1.49897 0.72949 0.582949 -0.357791 1.79138 0.283461 0.218401 0.933783 3.68301
-0.317096 0.948112 -0.0231017 1.83235 -0.86819 -0.299997 -0.395282 -0.704721 -0.381702 -0.105286 0.918269 2.47806
0.00517693 -0.999968 -0.00623477 0.330393 0.901895 0.00736174 -0.431893 2.55623 0.431925 -0.00338746 0.901903 3.54688
0.225564 0.972953 -0.0498347 2.926 -0.878849 0.18114 -0.441376 0.448165 -0.420411 0.143356 0.895937 2.16946
-0.399416 -0.908873 -0.12007 -0.140254 0.843372 -0.312925 -0.436809 2.80652 0.359431 -0.275732 0.891505 2.583
0.509273 0.849126 -0.140093 3.47043 -0.816577 0.425375 -0.390203 1.17087 -0.271739 0.313117 0.910008 2.25487
