1 0 0 0 0 1 0 0 0 0 1 0
0.999999 0.000939332 0.000580887 0.29866 -0.000939037 0.999999 -0.000507279 -0.00135502 -0.000581363 0.000506733 1 0.0263141
0.999998 0.00136471 0.00130196 0.361745 -0.00136455 0.999999 -0.000126713 0.0142673 -0.00130213 0.000124936 0.999999 0.0126124
0.999997 0.00209924 -0.00146277 0.163406 -0.00210085 0.999997 -0.00110139 -0.00305427 0.00146045 0.00110445 0.999998 0.00831532
0.999842 0.00384601 0.0173474 0.367877 -0.00386853 0.999992 0.0012649 0.0263973 -0.0173424 -0.00133181 0.999849 0.130479
0.999437 0.0285783 0.0175926 0.282313 -0.0285771 0.999591 -0.000321917 0.223704 -0.0175946 -0.00018101 0.999845 0.18172
0.993295 0.114153 0.0183002 -0.00828865 -0.11414 0.993463 -0.00174457 0.614947 -0.0183797 -0.000355911 0.999831 0.239831
0.982925 0.18393 -0.00535728 -0.685624 -0.183968 0.982902 -0.00775071 1.20137 0.00384009 0.00860394 0.999955 0.300859
0.970621 0.240214 0.0138385 -1.67518 -0.240123 0.97071 -0.00794221 1.95881 -0.015341 0.00438593 0.999873 0.404767
0.970796 0.239513 0.01371 -4.33904 -0.239437 0.970887 -0.00696643 2.48574 -0.0149794 0.00348031 0.999882 0.394064
0.970837 0.239516 0.0103822 -7.00059 -0.23941 0.970862 -0.0104836 3.02224 -0.0125906 0.00769224 0.999891 0.444566
0.97076 0.239786 0.0113131 -9.66711 -0.239611 0.970755 -0.0148556 3.56273 -0.0145444 0.0117104 0.999825 0.504628
0.970516 0.240845 0.00964552 -12.3251 -0.24071 0.970505 -0.0133969 4.0791 -0.0125876 0.0106801 0.999864 0.482156
0.970487 0.241083 0.00589246 -15.0309 -0.24098 0.970424 -0.0143557 4.61675 -0.00917911 0.0125121 0.999879 0.448954
0.970245 0.241878 0.0109206 -17.7002 -0.241695 0.970224 -0.0158017 5.131 -0.0144175 0.0126921 0.999815 0.437193
0.97029 0.241523 0.014309 -20.4049 -0.241294 0.97032 -0.0160228 5.64402 -0.0177542 0.0120941 0.999769 0.426334
0.970062 0.242224 0.0175083 -23.0657 -0.241974 0.970163 -0.0152138 6.18059 -0.0206711 0.0105218 0.999731 0.435535
0.969958 0.242554 0.0186924 -25.7423 -0.242336 0.970103 -0.013165 6.73807 -0.0213268 0.00823966 0.999738 0.425719
0.96975 0.243421 0.0182056 -28.386 -0.243266 0.969905 -0.0103351 7.28866 -0.0201735 0.00559365 0.999781 0.420021
0.969728 0.243603 0.0168911 -31.0804 -0.243473 0.969862 -0.00939909 7.80651 -0.0186717 0.00500203 0.999813 0.485436
0.969682 0.244307 0.00557072 -33.7133 -0.244258 0.969676 -0.00819653 8.33242 -0.00740426 0.00658734 0.999951 0.481082
0.969363 0.245421 -0.0101755 -36.1613 -0.245466 0.969399 -0.00340262 8.80391 0.00902906 0.00579612 0.999942 0.495383
0.969312 0.245758 -0.00607039 -38.3294 -0.245788 0.969312 -0.00475037 9.25019 0.00471665 0.00609662 0.99997 0.48206
0.969473 0.245179 -0.00295384 -40.3123 -0.245192 0.969459 -0.00547647 9.6753 0.00152091 0.00603354 0.99998 0.451438
0.969684 0.244352 0.00207319 -42.1951 -0.244332 0.969666 -0.00703505 10.0521 -0.00372933 0.00631523 0.999973 0.460715
0.969659 0.244329 0.00801193 -44.059 -0.244264 0.969674 -0.00824721 10.4248 -0.00978399 0.00603996 0.999934 0.470732
0.969548 0.24465 0.0110667 -45.8707 -0.244582 0.969603 -0.00712222 10.7864 -0.0124727 0.00419863 0.999913 0.448951
0.96972 0.243898 0.0124831 -47.6906 -0.243827 0.969794 -0.00701245 11.1439 -0.0138164 0.0037564 0.999897 0.445833
0.969849 0.243387 0.0124931 -49.4716 -0.243328 0.969925 -0.00609041 11.5038 -0.0135997 0.00286685 0.999903 0.42635
0.96999 0.242777 0.0133561 -51.2379 -0.242721 0.97008 -0.00571495 11.8804 -0.0143439 0.00230164 0.999894 0.424999
0.96989 0.243132 0.0141723 -53.0151 -0.243075 0.969991 -0.00562321 12.2285 -0.0151142 0.00200895 0.999884 0.431215
0.969693 0.2438 0.0160142 -54.8114 -0.243734 0.969824 -0.00596748 12.6023 -0.0169858 0.00188341 0.999854 0.432994
0.969202 0.245421 0.0204209 -56.6196 -0.245334 0.969416 -0.00670558 12.9748 -0.0214421 0.00148911 0.999769 0.436473
0.968954 0.246338 0.0211156 -58.4796 -0.246238 0.969182 -0.00727966 13.3504 -0.0222581 0.0018542 0.99975 0.43899
0.969204 0.245299 0.021733 -60.3866 -0.245203 0.969447 -0.00702107 13.7408 -0.0227912 0.00147586 0.999739 0.428781
0.969984 0.242143 0.0223003 -62.3618 -0.242064 0.970241 -0.00621686 14.14 -0.0231421 0.000632147 0.999732 0.421216
0.971151 0.237428 0.0222287 -64.4399 -0.237356 0.971405 -0.00585785 14.5405 -0.0229838 0.000412756 0.999736 0.453453
0.972107 0.233458 0.0224767 -66.5329 -0.233361 0.972366 -0.00689903 14.9632 -0.0234662 0.00146141 0.999723 0.489599
0.972714 0.230628 0.0252771 -68.6878 -0.230494 0.97304 -0.00811902 15.3698 -0.0264681 0.00207125 0.999647 0.491836
0.973113 0.228832 0.0262128 -70.9448 -0.228687 0.973464 -0.00843429 15.7751 -0.0274473 0.00221299 0.999621 0.48125
0.973355 0.22752 0.0285198 -73.2606 -0.227468 0.973772 -0.00509558 16.2109 -0.0289311 -0.00152754 0.99958 0.484088
0.973652 0.226964 0.0220887 -75.6467 -0.226951 0.973901 -0.00310699 16.6697 -0.0222173 -0.00198792 0.999751 0.484158
0.973751 0.226375 0.0237363 -78.0933 -0.226325 0.97404 -0.00477641 17.08 -0.0242013 -0.000721081 0.999707 0.497714
0.973658 0.226717 0.0242585 -80.5978 -0.226589 0.973958 -0.00792116 17.5363 -0.0254226 0.00221578 0.999674 0.491839
0.973621 0.227301 0.0198992 -83.1498 -0.227155 0.973814 -0.00934613 18.028 -0.0215025 0.0045794 0.999758 0.517689
0.973119 0.229425 0.0200542 -85.7009 -0.229306 0.973321 -0.0081032 18.4983 -0.0213782 0.00328684 0.999766 0.5094
0.972344 0.232754 0.0192873 -88.287 -0.232647 0.972531 -0.00763044 18.9764 -0.0205335 0.00293228 0.999785 0.513329
0.971362 0.236859 0.01879 -90.8826 -0.236781 0.971543 -0.00631764 19.4752 -0.0197517 0.00168761 0.999803 0.518557
0.970553 0.240193 0.0182847 -93.5355 -0.240172 0.970725 -0.00336917 20.0017 -0.0185586 -0.00112151 0.999827 0.533906
0.969357 0.244912 0.0191046 -96.144 -0.244863 0.969545 -0.00487953 20.5234 -0.0197178 5.1987e-05 0.999805 0.546527
0.968581 0.248059 0.0178195 -98.7757 -0.248015 0.968745 -0.00463103 21.0725 -0.0184113 6.60145e-05 0.99983 0.596771
0.968106 0.249977 0.0167807 -101.414 -0.249959 0.968251 -0.00322602 21.6243 -0.0170544 -0.00107135 0.999854 0.605774
0.967947 0.250344 0.020139 -104.043 -0.250352 0.968153 -0.00212873 22.169 -0.0200305 -0.00298134 0.999795 0.633683
0.968074 0.250051 0.0175247 -106.685 -0.250076 0.968226 -0.000785675 22.7244 -0.0171643 -0.00362192 0.999846 0.643424
0.968582 0.247861 0.0203132 -109.339 -0.247857 0.968793 -0.00275967 23.2892 -0.0203633 -0.0023618 0.99979 0.621214
0.969456 0.244426 0.0202674 -112.016 -0.244438 0.969663 -0.00194436 23.8152 -0.0201278 -0.00306914 0.999792 0.667857
0.970223 0.241449 0.0191985 -114.659 -0.24148 0.970406 -0.000683324 24.3486 -0.0187953 -0.00397309 0.999815 0.686477
0.971382 0.23672 0.0194928 -117.336 -0.236749 0.971571 -0.000824184 24.8665 -0.0191337 -0.00381429 0.999809 0.711308
0.972762 0.23087 0.0208065 -119.988 -0.230871 0.972982 -0.00237273 25.3734 -0.0207921 -0.00249551 0.99978 0.67648
0.974485 0.223682 0.0185747 -122.653 -0.223704 0.974657 -0.000939917 25.8462 -0.0183142 -0.00323928 0.999827 0.663134
0.976251 0.21624 0.0131417 -125.333 -0.216228 0.97634 -0.00233788 26.3101 -0.0133363 -0.000559238 0.999911 0.672269
0.977723 0.209418 0.0141714 -128.016 -0.209354 0.977822 -0.00585073 26.7434 -0.0150824 0.00275355 0.999882 0.673407
0.978758 0.204468 0.0149572 -130.72 -0.204361 0.97886 -0.00837276 27.1659 -0.0163529 0.00513826 0.999853 0.718495
0.97933 0.201931 0.0116368 -133.411 -0.201843 0.979383 -0.00830546 27.575 -0.013074 0.005785 0.999897 0.717451
0.979416 0.201418 0.0132167 -136.1 -0.201323 0.979491 -0.00812995 28.0093 -0.0145831 0.00530179 0.999879 0.714869
0.97919 0.202802 0.00755359 -138.79 -0.202743 0.9792 -0.00793246 28.421 -0.00900519 0.00623596 0.99994 0.723054
0.978549 0.205743 0.0105396 -141.467 -0.20563 0.97857 -0.0108235 28.8391 -0.0125406 0.00842404 0.999886 0.711615
0.977767 0.209491 0.00921044 -144.157 -0.209405 0.977783 -0.00949415 29.2621 -0.0109948 0.00735436 0.999912 0.701906
0.976919 0.213304 0.0113523 -146.879 -0.213199 0.97696 -0.00977895 29.7395 -0.0131766 0.00713295 0.999887 0.698534
0.975838 0.217784 0.0175975 -149.544 -0.217592 0.975964 -0.0121948 30.1813 -0.0198304 0.00807104 0.99977 0.69022
0.974766 0.22274 0.0147184 -152.223 -0.222585 0.974846 -0.0114759 30.6686 -0.0169043 0.0079102 0.999825 0.686307
0.97334 0.228932 0.0140949 -154.907 -0.22877 0.973403 -0.0122618 31.1347 -0.0165271 0.00871041 0.999825 0.678582
0.971769 0.235554 0.0133436 -157.597 -0.235385 0.971814 -0.0131161 31.6641 -0.016057 0.00960495 0.999825 0.681025
0.970066 0.242643 0.00973146 -160.272 -0.242531 0.970077 -0.0113605 32.1742 -0.0121968 0.00866023 0.999888 0.676113
0.968467 0.24896 0.00947451 -162.946 -0.248825 0.968455 -0.0134334 32.7108 -0.01252 0.0106523 0.999865 0.666557
0.966878 0.254704 0.016497 -165.574 -0.254471 0.966965 -0.0149367 33.26 -0.0197564 0.0102439 0.999752 0.662492
0.965876 0.258641 0.0137029 -168.227 -0.258493 0.965942 -0.0116659 33.847 -0.0162535 0.00772573 0.999838 0.641771
0.965495 0.259946 0.0156934 -170.89 -0.259856 0.965618 -0.00752569 34.4431 -0.0171101 0.00318798 0.999848 0.652197
0.9655 0.259855 0.0168336 -173.538 -0.259791 0.965647 -0.00591303 35.0255 -0.0177918 0.00133582 0.99984 0.635903
0.96604 0.258046 0.0133149 -176.18 -0.25793 0.966113 -0.00985459 35.5757 -0.0154066 0.00608563 0.999862 0.646598
0.967053 0.254112 0.015308 -178.844 -0.25402 0.967168 -0.00772648 36.1252 -0.0167688 0.00358337 0.999853 0.640204
0.96836 0.249156 0.0141306 -181.491 -0.249132 0.968463 -0.0035158 36.7047 -0.014561 -0.000115823 0.999894 0.68156
0.969504 0.244586 0.0154219 -184.146 -0.244587 0.969625 -0.00184731 37.2544 -0.0154053 -0.00198103 0.999879 0.678138
0.970397 0.240897 0.0172661 -186.819 -0.240918 0.970545 -0.000874451 37.7877 -0.0169681 -0.00331114 0.99985 0.64618
0.971142 0.237775 0.0185519 -189.472 -0.237798 0.971314 -0.000976389 38.3022 -0.0182519 -0.0034634 0.999827 0.650504
0.971477 0.236483 0.0175273 -192.111 -0.23645 0.971635 -0.00395066 38.8082 -0.0179644 -0.000306345 0.999838 0.655106
0.971748 0.235346 0.0178172 -194.782 -0.235299 0.971912 -0.00471671 39.3382 -0.0184268 0.000391095 0.99983 0.67209
0.971768 0.235226 0.0182797 -197.43 -0.235163 0.97194 -0.00556803 39.8464 -0.0190765 0.00111213 0.999817 0.714913
0.971796 0.235212 0.0169148 -200.097 -0.235146 0.971943 -0.00578856 40.3536 -0.0178018 0.00164785 0.99984 0.706022
0.971842 0.234996 0.0172442 -202.763 -0.234886 0.971988 -0.00821762 40.8859 -0.0186922 0.00393583 0.999817 0.680118
0.971995 0.234161 0.0198375 -205.421 -0.233888 0.972146 -0.015114 41.3789 -0.022824 0.0100509 0.999689 0.638647
0.971996 0.234251 0.0186781 -208.088 -0.233826 0.97202 -0.0224082 41.8703 -0.0234046 0.0174133 0.999574 0.633941
0.972021 0.234255 0.0172777 -210.781 -0.233815 0.97198 -0.0241818 42.3755 -0.0224583 0.0194654 0.999558 0.683642
0.971746 0.23532 0.0182463 -213.424 -0.23488 0.971743 -0.0234019 42.8692 -0.0232376 0.0184551 0.999559 0.75948
0.971433 0.236682 0.0172559 -216.083 -0.236306 0.971445 -0.0213206 43.41 -0.0218094 0.0166339 0.999624 0.741485
0.970903 0.238511 0.0214286 -218.756 -0.238063 0.971012 -0.0214947 43.9539 -0.0259341 0.0157679 0.999539 0.771521
0.970353 0.24066 0.0222754 -221.417 -0.240208 0.970491 -0.0211384 44.4406 -0.0267052 0.015161 0.999528 0.790915
0.969853 0.242765 0.0211546 -224.062 -0.242335 0.969965 -0.0209896 44.972 -0.0256148 0.0152303 0.999556 0.842694
0.969466 0.244042 0.0240266 -226.724 -0.243546 0.969644 -0.0218182 45.5124 -0.0286218 0.0153004 0.999473 0.886244
0.96916 0.245374 0.0227907 -229.357 -0.244891 0.9693 -0.0220369 46.0466 -0.0274984 0.015776 0.999497 0.905333
0.968879 0.246418 0.0234644 -232.022 -0.245845 0.968991 -0.0248483 46.5876 -0.0288599 0.0183064 0.999416 0.950999
0.968791 0.246826 0.0227853 -234.683 -0.246264 0.968883 -0.0248674 47.0971 -0.0282142 0.0184801 0.999431 0.977148
0.968717 0.246996 0.0240288 -237.344 -0.246454 0.968871 -0.0234276 47.6408 -0.0290674 0.0167727 0.999436 1.01194
0.968675 0.247082 0.0248492 -240.013 -0.246537 0.968858 -0.0230724 48.1875 -0.0297761 0.0162234 0.999425 1.05938
0.968633 0.247216 0.0251483 -242.666 -0.246695 0.968841 -0.0220992 48.7372 -0.029828 0.0152021 0.999439 1.09857
0.968731 0.246526 0.0280029 -245.331 -0.245997 0.969042 -0.0210475 49.2742 -0.0323248 0.0135008 0.999386 1.13429
0.968939 0.245858 0.0266483 -248.003 -0.245306 0.969188 -0.0223534 49.8098 -0.031323 0.0151221 0.999395 1.19488
0.969042 0.245584 0.0253852 -250.66 -0.245002 0.969226 -0.0239966 50.3503 -0.0304972 0.0170343 0.999389 1.21079
0.969346 0.244194 0.0271263 -253.348 -0.243479 0.969526 -0.0271561 50.8857 -0.032931 0.019719 0.999263 1.28288
0.969507 0.243442 0.0281188 -256.004 -0.242626 0.96967 -0.0295209 51.4159 -0.0344526 0.0217984 0.999168 1.3333
0.969908 0.242734 0.0188717 -258.68 -0.242255 0.969903 -0.0245216 51.9703 -0.0242559 0.019212 0.999521 1.36322
0.969821 0.241464 0.0337747 -261.321 -0.240614 0.970235 -0.0273496 52.495 -0.0393734 0.0183975 0.999055 1.40112
0.970219 0.240461 0.0291872 -264.001 -0.239736 0.970483 -0.0262574 53.0223 -0.0346395 0.0184782 0.999229 1.43991
0.970612 0.239392 0.0245186 -266.659 -0.238789 0.970745 -0.0251701 53.555 -0.0298269 0.0185757 0.999382 1.46898
0.970833 0.23865 0.0229533 -269.321 -0.238108 0.970941 -0.0240476 54.0794 -0.0280253 0.0178808 0.999447 1.49171
0.970859 0.237746 0.0301101 -271.967 -0.237132 0.971215 -0.0225844 54.5931 -0.0346127 0.0147862 0.999291 1.54603
0.970763 0.238153 0.0300036 -274.59 -0.23739 0.971042 -0.0268816 55.1072 -0.0355367 0.0189731 0.999188 1.61026
0.970513 0.238965 0.0316051 -277.205 -0.238128 0.970828 -0.0280737 55.5883 -0.0373917 0.0197198 0.999106 1.65766
0.969812 0.241268 0.0353959 -279.795 -0.240538 0.970351 -0.0236721 56.1078 -0.0400578 0.0144435 0.999093 1.71066
0.96956 0.242194 0.0359558 -282.371 -0.241681 0.970188 -0.0180492 56.6224 -0.0392553 0.00881001 0.99919 1.72952
0.969241 0.243643 0.0347575 -284.927 -0.243315 0.969854 -0.0134336 57.1565 -0.0369827 0.00456336 0.999305 1.78538
0.968966 0.245196 0.0313302 -287.479 -0.244918 0.969463 -0.0124983 57.6619 -0.033438 0.00443714 0.999431 1.86131
0.968546 0.247371 0.0269151 -289.983 -0.247103 0.968903 -0.012933 58.1517 -0.0292774 0.00587539 0.999554 1.94388
0.9684 0.248084 0.0255765 -292.514 -0.247906 0.968733 -0.00996622 58.6684 -0.0272493 0.00331071 0.999623 1.95435
0.968459 0.247324 0.0302703 -295.038 -0.247107 0.968928 -0.010742 59.186 -0.0319865 0.00292318 0.999484 2.00977
0.968506 0.246921 0.031986 -296.275 -0.24674 0.969034 -0.00955162 59.4469 -0.0333541 0.00135857 0.999442 1.99326
