1 0 0 0 0 1 0 0 0 0 1 0
0.999989 0.004716 0.000779302 -1.55958 -0.00471707 0.999988 0.00136641 -0.0580958 -0.000772848 -0.00137007 0.999999 -0.0471796
0.999955 0.00942578 0.0013012 -3.15973 -0.00942789 0.999954 0.00162787 -0.11334 -0.0012858 -0.00164006 0.999998 -0.110572
0.999921 0.0119786 0.00373771 -4.82623 -0.0119882 0.999925 0.00254033 -0.160682 -0.003707 -0.00258494 0.99999 -0.139079
0.999907 0.0117953 0.00686924 -6.55418 -0.011822 0.999923 0.00385428 -0.214276 -0.00682324 -0.00393513 0.999969 -0.164527
0.999919 0.0106599 0.00696533 -8.36465 -0.0106871 0.999935 0.00388645 -0.273093 -0.00692345 -0.00396057 0.999968 -0.20275
0.999931 0.00803093 0.00859805 -10.2745 -0.00807626 0.999954 0.00524964 -0.340099 -0.00855549 -0.00531872 0.999949 -0.251591
0.999915 0.00517093 0.0119512 -12.2444 -0.00525012 0.999964 0.00660425 -0.400255 -0.0119166 -0.00666644 0.999907 -0.293021
0.99989 0.00256761 0.0146356 -14.3356 -0.002668 0.999973 0.00684397 -0.477743 -0.0146177 -0.00688226 0.999869 -0.344109
0.999929 0.000461631 0.0119049 -16.5264 -0.000569692 0.999959 0.0090754 -0.569362 -0.0119003 -0.00908154 0.999888 -0.39692
0.999956 -0.000107589 0.0094255 -18.7967 1.41912e-05 0.999951 0.00990889 -0.675562 -0.00942611 -0.00990832 0.999906 -0.446942
0.999965 2.20052e-05 0.008319 -21.1658 -0.000111103 0.999943 0.0107101 -0.759794 -0.00831828 -0.0107107 0.999908 -0.500036
0.999979 0.00136328 0.00625562 -23.5977 -0.00142185 0.999955 0.00936847 -0.851981 -0.00624257 -0.00937717 0.999936 -0.546426
0.99996 0.00204782 0.0087599 -26.0782 -0.00211768 0.999966 0.00797408 -0.946074 -0.00874327 -0.00799231 0.99993 -0.588733
0.999934 0.00256725 0.0112338 -28.6269 -0.00261859 0.999986 0.00455787 -1.05363 -0.0112219 -0.00458699 0.999926 -0.599481
0.999937 0.0043224 0.0103735 -31.2006 -0.00432533 0.999991 0.000259717 -1.16484 -0.0103723 -0.000304569 0.999946 -0.658602
0.999937 0.00698157 0.00879398 -33.8354 -0.00696029 0.999973 -0.00244781 -1.25518 -0.00881082 0.00238644 0.999958 -0.691448
0.999918 0.00844426 0.00960461 -36.4849 -0.00844498 0.999964 3.50274e-05 -1.34477 -0.00960397 -0.000116135 0.999954 -0.718542
0.999895 0.00948341 0.0109922 -39.1691 -0.00948183 0.999955 -0.000195146 -1.42925 -0.0109936 9.08997e-05 0.99994 -0.715911
0.999932 0.0106843 0.00458814 -41.872 -0.010672 0.99994 -0.00268265 -1.51033 -0.00461652 0.0026335 0.999986 -0.77056
0.999902 0.0130193 0.00510472 -44.5908 -0.013036 0.99991 0.00327002 -1.58418 -0.00506168 -0.00333625 0.999982 -0.820539
0.999855 0.0150582 0.00800204 -47.3366 -0.0151323 0.999842 0.00928767 -1.63716 -0.00786092 -0.00940741 0.999925 -0.794208
0.999737 0.0172004 0.0151866 -50.0662 -0.0173038 0.999828 0.00670461 -1.71342 -0.0150687 -0.00696563 0.999862 -0.830776
0.999606 0.0186893 0.0209184 -52.7976 -0.0187271 0.999823 0.00161129 -1.79364 -0.0208846 -0.0020024 0.99978 -0.842518
0.99968 0.0195533 0.0160505 -55.5377 -0.0194945 0.999803 -0.00380665 -1.86085 -0.0161217 0.00349254 0.999864 -0.84624
0.999615 0.0204139 0.0187586 -58.2837 -0.0203188 0.99978 -0.00524379 -1.90498 -0.0188615 0.00486062 0.99981 -0.856686
0.999686 0.0217353 0.0124565 -61.034 -0.021694 0.999759 -0.00343685 -1.96425 -0.0125282 0.00316554 0.999916 -0.874608
0.999666 0.0236987 0.0102809 -63.7783 -0.0236158 0.999688 -0.00811497 -2.017 -0.01047 0.00786947 0.999914 -0.888541
0.99957 0.0237813 0.0171579 -66.4896 -0.0238505 0.999708 0.0038352 -2.06856 -0.0170617 -0.00424277 0.999845 -0.887004
0.999515 0.0271575 0.0152093 -69.2328 -0.0273169 0.999573 0.0103767 -2.0813 -0.014921 -0.0107872 0.99983 -0.904754
0.999367 0.0294644 0.019935 -71.9677 -0.0296088 0.999537 0.00699203 -2.10005 -0.0197197 -0.00757786 0.999777 -0.92345
0.999296 0.0319675 0.0196305 -74.6865 -0.0320225 0.999484 0.00249414 -2.1337 -0.0195407 -0.003121 0.999804 -0.907934
0.999255 0.0326196 0.0206211 -77.3965 -0.0326296 0.999468 0.000151197 -2.16895 -0.0206051 -0.000823941 0.999787 -0.922142
0.999293 0.0336154 0.0168249 -80.1156 -0.0336247 0.999435 0.000269294 -2.20117 -0.0168063 -0.000834836 0.999858 -0.940454
0.999269 0.0343657 0.0167737 -82.8524 -0.0343999 0.999407 0.00175016 -2.20244 -0.0167036 -0.00232589 0.999858 -0.930396
0.999161 0.0344931 0.022099 -85.5757 -0.0345748 0.999397 0.00332212 -2.21531 -0.0219711 -0.0040834 0.99975 -0.934467
0.999193 0.0335111 0.0221272 -88.3035 -0.0335757 0.999433 0.0025508 -2.24394 -0.0220292 -0.00329168 0.999752 -0.937362
0.999179 0.0335821 0.0226402 -91.0307 -0.033673 0.999426 0.00364528 -2.26558 -0.0225048 -0.00440465 0.999737 -0.933071
0.999093 0.0355805 0.0233851 -93.7396 -0.0356258 0.999364 0.00151999 -2.28695 -0.0233162 -0.00235173 0.999726 -0.939085
0.998952 0.0385427 0.0246707 -96.4604 -0.038553 0.999257 -6.15968e-05 -2.28868 -0.0246547 -0.000889596 0.999696 -0.940836
0.998783 0.0407652 0.0277705 -99.1604 -0.0407428 0.999169 -0.0013709 -2.30327 -0.0278033 0.00023778 0.999614 -0.932133
0.998792 0.0420715 0.0253965 -101.866 -0.0420514 0.999115 -0.00132397 -2.28956 -0.0254297 0.000254415 0.999677 -0.922949
0.998786 0.0429496 0.024134 -104.579 -0.0429197 0.999077 -0.0017539 -2.28671 -0.0241871 0.000715941 0.999707 -0.930039
0.99872 0.0426976 0.0271317 -107.287 -0.0426802 0.999088 -0.00122261 -2.2855 -0.0271591 6.30565e-05 0.999631 -0.907583
0.998645 0.0425967 0.0298958 -110.009 -0.042599 0.999092 -0.000561298 -2.28379 -0.0298926 -0.000712993 0.999553 -0.877988
0.998805 0.0414884 0.0258229 -112.734 -0.0415822 0.99913 0.00310586 -2.28233 -0.0256716 -0.00417592 0.999662 -0.8333
0.998815 0.0403117 0.027281 -115.453 -0.0405692 0.999137 0.00895177 -2.2761 -0.0268966 -0.0100479 0.999588 -0.836186
0.998822 0.0385789 0.0294199 -118.157 -0.0389684 0.999159 0.0127848 -2.28233 -0.0289019 -0.0139162 0.999486 -0.806744
0.998971 0.0369878 0.0262552 -120.898 -0.0375381 0.999079 0.0207827 -2.2587 -0.0254623 -0.0217469 0.999439 -0.747547
0.998927 0.0350704 0.0302458 -123.617 -0.0358594 0.99902 0.0259489 -2.27713 -0.0293061 -0.0270056 0.999206 -0.727944
0.998932 0.0346035 0.0306139 -126.338 -0.0354169 0.999023 0.0264385 -2.26114 -0.0296692 -0.0274945 0.999182 -0.728625
0.998967 0.0339471 0.0302005 -129.075 -0.0348038 0.998993 0.028306 -2.27195 -0.0292092 -0.0293278 0.999143 -0.723665
0.998943 0.0344741 0.0303941 -131.785 -0.0353446 0.998966 0.0285828 -2.29953 -0.0293773 -0.0296268 0.999129 -0.65035
0.998851 0.034967 0.0327714 -134.5 -0.0359027 0.998951 0.0284114 -2.29847 -0.0317435 -0.0295554 0.999059 -0.617338
0.99886 0.0350576 0.0323888 -137.211 -0.0359404 0.998987 0.0270875 -2.32081 -0.0314064 -0.0282207 0.999108 -0.577037
0.998865 0.0347799 0.0325361 -139.926 -0.0355903 0.999062 0.0246677 -2.33307 -0.0316477 -0.0257977 0.999166 -0.534243
0.998808 0.0339289 0.0350953 -142.644 -0.0347978 0.999095 0.0244489 -2.34122 -0.034234 -0.025641 0.999085 -0.469843
0.998905 0.0331793 0.0329879 -145.384 -0.0338426 0.999232 0.0197558 -2.36046 -0.0323071 -0.0208505 0.999261 -0.417393
0.998779 0.0341478 0.0356981 -148.114 -0.0347716 0.999251 0.0170034 -2.39312 -0.0350907 -0.0182239 0.999218 -0.394945
0.998511 0.0358701 0.0410981 -150.839 -0.0366327 0.999168 0.0179532 -2.39636 -0.0404199 -0.0194321 0.998994 -0.292694
0.998573 0.0369977 0.0384983 -153.564 -0.0377766 0.999092 0.0197048 -2.40416 -0.0377343 -0.0211311 0.999065 -0.246351
0.998592 0.0374802 0.0375419 -156.277 -0.0382366 0.999076 0.0196364 -2.41594 -0.0367712 -0.0210443 0.999102 -0.212831
0.998405 0.0373004 0.0423872 -158.996 -0.0381109 0.999103 0.0184779 -2.40754 -0.0416599 -0.0200639 0.998931 -0.150792
0.998409 0.0370421 0.0424996 -161.72 -0.0379166 0.999082 0.0199564 -2.40719 -0.0417213 -0.0215361 0.998897 -0.101192
0.998528 0.0364916 0.0401262 -164.45 -0.0373394 0.999091 0.0205859 -2.4242 -0.0393385 -0.0220539 0.998983 -0.043866
0.998276 0.0357164 0.0465636 -167.172 -0.0367683 0.999083 0.0219332 -2.42482 -0.0457375 -0.0236075 0.998675 0.0116664
0.998257 0.0340688 0.0481941 -169.886 -0.0352109 0.999114 0.0230497 -2.41055 -0.0473661 -0.0247065 0.998572 0.112555
0.998023 0.0324886 0.0537943 -172.601 -0.0330952 0.999398 0.010423 -2.44732 -0.0534233 -0.0121827 0.998498 0.221338
0.998571 0.029505 0.0445492 -175.325 -0.0295454 0.999563 0.000247982 -2.49846 -0.0445224 -0.00156386 0.999007 0.285811
0.999229 0.0249233 0.0303234 -178.058 -0.0249847 0.999686 0.0016474 -2.56543 -0.0302728 -0.00240376 0.999539 0.311206
0.998903 0.0205664 0.0420709 -180.764 -0.0206802 0.999784 0.00227232 -2.59518 -0.042015 -0.00313986 0.999112 0.387406
0.998871 0.0167083 0.0444568 -183.479 -0.0168734 0.999852 0.00334027 -2.65419 -0.0443944 -0.00408664 0.999006 0.461256
0.998985 0.0133103 0.0430248 -186.22 -0.0135908 0.999888 0.00623326 -2.72377 -0.042937 -0.00681168 0.999055 0.528502
0.999033 0.0106657 0.0426577 -188.941 -0.0110927 0.999891 0.00978777 -2.79139 -0.0425486 -0.0102515 0.999042 0.586139
0.998719 0.00900518 0.0497827 -191.674 -0.00943403 0.99992 0.00838601 -2.87626 -0.0497033 -0.00884492 0.998725 0.631789
0.999056 0.00843034 0.0426114 -194.399 -0.00898328 0.999878 0.0128017 -2.95777 -0.0424983 -0.0131724 0.99901 0.716251
0.999266 0.009796 0.0370258 -197.133 -0.0107008 0.999647 0.024319 -3.02245 -0.0367745 -0.0246973 0.999019 0.78317
0.998581 0.0118801 0.0519061 -199.828 -0.012901 0.999729 0.0193764 -3.09461 -0.0516618 -0.0200186 0.998464 0.836328
0.998492 0.0135535 0.0531918 -202.536 -0.0142373 0.999821 0.0124963 -3.1894 -0.0530129 -0.0132348 0.998506 0.914622
0.998703 0.0151427 0.0486162 -205.255 -0.0158966 0.999759 0.0151577 -3.25946 -0.0483749 -0.0159108 0.998703 1.01444
0.998727 0.0162019 0.0477688 -207.978 -0.0169723 0.999732 0.0157657 -3.31608 -0.0475006 -0.0165564 0.998734 1.08373
0.998696 0.0182544 0.0476696 -210.7 -0.0191041 0.999666 0.0174314 -3.37689 -0.0473355 -0.0183194 0.998711 1.14758
0.998277 0.0179892 0.0558553 -213.399 -0.0188992 0.999696 0.0158062 -3.44492 -0.055554 -0.0168346 0.998314 1.22406
0.998284 0.0212344 0.0545698 -216.12 -0.0220764 0.999646 0.0148735 -3.47804 -0.0542346 -0.0160527 0.998399 1.32334
0.998338 0.0232429 0.052736 -218.837 -0.0238973 0.999645 0.0118122 -3.52262 -0.0524427 -0.0130528 0.998539 1.41717
0.998383 0.0233335 0.0518313 -221.548 -0.0239529 0.999649 0.0113619 -3.56965 -0.0515479 -0.0125851 0.998591 1.49268
0.998263 0.0219306 0.0546832 -224.249 -0.0228241 0.999615 0.0157688 -3.60441 -0.0543163 -0.0169895 0.998379 1.59752
0.998544 0.0198908 0.0501303 -226.979 -0.020974 0.999556 0.021175 -3.6676 -0.0496869 -0.0221956 0.998518 1.69544
0.998155 0.0193909 0.0575412 -229.702 -0.0202731 0.999685 0.0147861 -3.71402 -0.0572364 -0.0159254 0.998234 1.77696
0.998393 0.018746 0.0534771 -232.428 -0.0193062 0.999764 0.0099772 -3.78377 -0.0532775 -0.0109936 0.998519 1.8839
0.998468 0.0168701 0.0527013 -235.142 -0.0174038 0.999802 0.00968376 -3.85194 -0.0525274 -0.0105861 0.998564 2.0203
0.998406 0.015012 0.0543976 -237.853 -0.0155813 0.999828 0.0100567 -3.92522 -0.0542372 -0.0108883 0.998469 2.119
0.998381 0.0139622 0.0551436 -240.55 -0.0142925 0.999882 0.00560087 -4.00329 -0.0550589 -0.00637995 0.998463 2.21441
0.998469 0.0126655 0.0538445 -243.271 -0.0127755 0.999917 0.00169958 -4.07487 -0.0538185 -0.00238488 0.998548 2.3126
0.998355 0.0127572 0.0558963 -245.979 -0.0126373 0.999917 -0.00249854 -4.16851 -0.0559236 0.00178804 0.998434 2.40827
0.998039 0.0139451 0.0610203 -248.676 -0.0138444 0.999902 -0.00207242 -4.24796 -0.0610432 0.00122356 0.998135 2.55979
0.99774 0.0154797 0.0653856 -251.387 -0.0153592 0.999879 -0.00234518 -4.30939 -0.065414 0.00133561 0.997858 2.67937
0.997542 0.0174669 0.0678565 -254.089 -0.0173774 0.999847 -0.00190911 -4.37129 -0.0678795 0.000725238 0.997694 2.81417
0.997568 0.0190225 0.067058 -256.782 -0.019213 0.999813 0.0021977 -4.42107 -0.0670037 -0.00348075 0.997747 2.95705
0.997551 0.0204978 0.0668711 -259.454 -0.0209077 0.999767 0.00543566 -4.47808 -0.0667441 -0.00682048 0.997747 3.1284
0.997269 0.0229832 0.0701815 -262.108 -0.0232803 0.999723 0.00341731 -4.5359 -0.0700836 -0.00504184 0.997529 3.23516
0.997068 0.0260385 0.0719533 -264.754 -0.0260249 0.999661 -0.00112694 -4.56854 -0.0719583 -0.000748951 0.997408 3.36917
0.997505 0.0281267 0.0647445 -267.404 -0.028081 0.999604 -0.00161596 -4.59653 -0.0647644 -0.000206174 0.997901 3.50311
0.997162 0.0305529 0.0687996 -270.012 -0.0310985 0.999493 0.00687247 -4.59114 -0.0685547 -0.00899255 0.997607 3.62996
0.996517 0.0347444 0.0757966 -272.567 -0.0350555 0.999382 0.00277729 -4.60234 -0.0756533 -0.00542472 0.99712 3.75709
0.997381 0.0382134 0.0613956 -275.156 -0.0385977 0.999242 0.00508572 -4.61531 -0.0611547 -0.00744215 0.998101 3.92956
0.997178 0.0416068 0.0624833 -277.691 -0.0420835 0.999094 0.00633291 -4.61034 -0.0621632 -0.00894457 0.998026 4.03765
0.996612 0.0474094 0.0672075 -280.206 -0.0473685 0.998875 -0.00220287 -4.62013 -0.0672364 -0.000988122 0.997737 4.11402
0.996124 0.0559595 0.0678536 -282.731 -0.0552488 0.998397 -0.0123082 -4.61951 -0.0684336 0.0085117 0.99762 4.25241
0.995227 0.0639817 0.0736865 -285.215 -0.0630025 0.997892 -0.0155399 -4.57358 -0.0745255 0.0108233 0.997161 4.38632
0.994554 0.0736074 0.0737771 -287.689 -0.072706 0.997243 -0.0148344 -4.48452 -0.0746657 0.00938962 0.997165 4.5597
0.993856 0.0836612 0.0724521 -290.163 -0.0824008 0.996394 -0.0202197 -4.38259 -0.0738825 0.0141254 0.997167 4.6777
0.993584 0.0939011 0.0630339 -292.622 -0.0926664 0.995449 -0.0222418 -4.26781 -0.0648356 0.0162579 0.997764 4.78348
0.991828 0.103202 0.0750019 -295.049 -0.101853 0.994565 -0.0216014 -4.12932 -0.0768236 0.0137856 0.99695 4.91501
0.990556 0.109869 0.0820158 -297.44 -0.108209 0.993828 -0.0244296 -3.97341 -0.0841937 0.015324 0.996332 5.06387
0.989394 0.119921 0.081959 -299.818 -0.118242 0.992669 -0.0250508 -3.77688 -0.0843622 0.0150941 0.996321 5.28357
0.988577 0.127636 0.0801503 -302.175 -0.125535 0.991613 -0.0307516 -3.60017 -0.083403 0.0203386 0.996309 5.48157
0.987417 0.134142 0.0837503 -304.559 -0.132359 0.990847 -0.026518 -3.36404 -0.086541 0.0150992 0.996134 5.62129
0.986988 0.13729 0.083704 -306.923 -0.135788 0.990462 -0.0233997 -3.13661 -0.0861181 0.0117291 0.996216 5.7649
0.987275 0.137801 0.0793627 -309.321 -0.137025 0.990452 -0.0151758 -2.89406 -0.0806962 0.00410805 0.996731 5.9347
0.986395 0.137772 0.089684 -311.715 -0.136643 0.990445 -0.0186429 -2.64802 -0.0913956 0.00613461 0.995796 6.05674
0.986513 0.137425 0.08892 -314.12 -0.136097 0.990476 -0.0208604 -2.42395 -0.0909399 0.00847727 0.995821 6.22968
0.986547 0.136289 0.0902783 -316.54 -0.134822 0.990622 -0.0221883 -2.17849 -0.0924557 0.00971837 0.99567 6.3934
0.98616 0.135565 0.0954493 -318.996 -0.134134 0.990735 -0.021276 -1.96014 -0.0974493 0.00817856 0.995207 6.5755
0.987025 0.134748 0.0873218 -321.449 -0.133461 0.990843 -0.0204408 -1.71254 -0.0892767 0.00852157 0.995971 6.75927
0.987019 0.13432 0.0880384 -322.684 -0.132937 0.990893 -0.0214243 -1.59902 -0.0901144 0.00944267 0.995887 6.85041
