1 0 0 0 0 1 0 0 0 0 1 0
-0.232117 -0.970253 0.0687818 1.8534 0.972173 -0.233714 -0.0160432 -2.0196 0.0316412 0.0631439 0.997503 -0.333462
-0.893991 0.430229 0.125234 2.89553 -0.434144 -0.900833 -0.00444213 0.597739 0.110904 -0.0583408 0.992117 -0.736718
0.645642 0.757641 0.0955338 -0.295735 -0.756081 0.651788 -0.0592849 1.09239 -0.107184 -0.0339545 0.993659 -0.729974
0.656534 -0.744939 0.118444 -0.842652 0.752782 0.657032 -0.0403434 -1.55789 -0.047768 0.115649 0.992141 -0.653187
-0.763058 -0.644091 0.053754 2.37676 0.64541 -0.763768 0.0102104 -1.79573 0.0344791 0.0424845 0.998502 -0.632211
-0.709827 0.704063 0.021015 2.83439 -0.703582 -0.710127 0.0263045 1.12778 0.0334434 0.00388586 0.999433 -0.35076
0.661458 0.740891 0.116422 0.0678439 -0.747702 0.663549 0.0253963 1.58677 -0.058436 -0.103848 0.992875 0.041354
0.649651 -0.747925 0.136242 -0.47871 0.739097 0.663328 0.117178 -1.52913 -0.178014 0.0245712 0.983721 0.288756
-0.81874 -0.562204 0.116585 2.5926 0.574105 -0.804541 0.152047 -1.80467 0.00831617 0.191419 0.981473 -0.359104
-0.46097 0.886737 0.0347012 2.99978 -0.878955 -0.461613 0.1198 0.98102 0.12225 0.0247236 0.992191 -0.687126
0.916324 0.394299 0.0698434 0.56603 -0.400219 0.907534 0.127304 1.28623 -0.0131893 -0.144605 0.989402 -0.274514
0.32673 -0.943198 0.0602043 0.362876 0.934878 0.331885 0.125916 -0.779521 -0.138745 0.015143 0.990212 0.286976
-0.943664 -0.288742 0.161636 2.47097 0.315235 -0.932967 0.173778 -0.982653 0.100624 0.214942 0.971429 0.229451
-0.234007 0.965978 0.110124 2.87964 -0.930367 -0.25537 0.263067 0.547672 0.282239 -0.0408959 0.958472 -0.136502
0.976457 0.20064 0.079225 1.03989 -0.214971 0.935558 0.28021 0.828147 -0.0178983 -0.290644 0.956664 -0.0449108
0.18787 -0.976207 0.108285 0.811844 0.935505 0.211436 0.283063 -1.21256 -0.299224 0.0481215 0.952969 0.494454
-0.977733 -0.179879 0.108082 3.21725 0.204901 -0.929526 0.306589 -1.5977 0.0453166 0.321909 0.945686 -0.0523974
-0.204468 0.978017 0.0409281 3.65391 -0.922785 -0.206533 0.325288 0.346465 0.32659 0.028743 0.944729 -1.19513
0.978052 0.207317 0.0208338 1.88819 -0.203184 0.926816 0.315798 0.964071 0.0461614 -0.3131 0.948598 -1.77521
0.182946 -0.982984 0.0165423 1.37208 0.937533 0.179502 0.298012 -1.05184 -0.29591 -0.0390112 0.954419 -1.38306
-0.977907 -0.208066 0.0201861 2.70667 0.207205 -0.952001 0.225299 -2.03064 -0.0276601 0.224504 0.974081 -1.462
-0.225419 0.973557 -0.0370658 3.75231 -0.958585 -0.214834 0.186981 -0.740121 0.174073 0.0776798 0.981664 -1.77609
0.922119 0.382261 0.05978 2.65146 -0.386599 0.904158 0.181767 0.503431 0.0154318 -0.190722 0.981523 -2.02053
0.517169 -0.854013 0.0565529 1.35406 0.834888 0.517925 0.18632 -0.243097 -0.18841 -0.0491436 0.98086 -1.87173
-0.593344 -0.804256 0.0334033 1.26319 0.800911 -0.585709 0.124444 -1.65128 -0.0805199 0.100591 0.991664 -1.74791
-0.968328 0.24958 -0.00708055 2.84778 -0.249144 -0.963996 0.0929465 -2.44178 0.016372 0.0917668 0.995646 -1.47901
-0.137772 0.990385 0.0125371 4.00842 -0.98742 -0.138328 0.0765911 -1.01424 0.0775889 -0.0018273 0.996984 -1.45547
0.805374 0.59258 0.0148886 3.02617 -0.592185 0.803217 0.0644979 0.728153 0.0262613 -0.0607617 0.997807 -1.39692
0.895932 -0.443995 0.0131651 0.608203 0.439926 0.891038 0.111874 0.900034 -0.0614022 -0.09444 0.993635 -1.24191
0.000149221 -0.999785 -0.0207294 -0.287036 0.989771 -0.00281006 0.142638 -0.732211 -0.142666 -0.0205386 0.989558 -0.738321
-0.897403 -0.441036 -0.0124502 0.704234 0.439284 -0.895762 0.0681111 -2.05211 -0.0411918 0.0556539 0.9976 -0.326084
-0.812403 0.582686 0.0218906 2.1254 -0.582573 -0.812692 0.0118854 -1.81376 0.0247157 -0.00309716 0.99969 -0.0661896
0.0478241 0.995617 0.0803779 2.85618 -0.998611 0.0458759 0.0259183 -0.18468 0.0221173 -0.0815058 0.996428 0.0499333
0.848163 0.525505 0.0668133 1.8731 -0.528866 0.847233 0.049975 0.805263 -0.0303443 -0.0777222 0.996513 0.392094
0.890146 -0.453971 0.0393848 0.549375 0.449811 0.889222 0.0833948 -0.00317729 -0.0728807 -0.0565178 0.995738 0.35707
0.116753 -0.993108 -0.0102932 0.437206 0.992503 0.116292 0.0375915 -1.27786 -0.0361354 -0.014605 0.99924 0.322752
-0.795461 -0.606004 0.000785182 1.46017 0.605663 -0.79497 0.034578 -2.02284 -0.0203302 0.027981 0.999402 0.324863
-0.927382 0.374112 0.00204327 2.702 -0.37381 -0.926826 0.0354924 -1.4865 0.0151719 0.0321512 0.999368 0.283192
-0.283517 0.958965 0.00193801 3.46457 -0.958381 -0.283414 0.0344004 -0.469269 0.0335381 0.00789575 0.999406 0.230573
0.585456 0.81067 -0.00741035 3.13818 -0.809664 0.585144 0.0452875 1.04901 0.0410494 -0.020514 0.998947 0.0717358
0.992039 -0.12171 -0.0323479 1.60338 0.122184 0.992421 0.0130974 1.13514 0.0305086 -0.0169456 0.999391 0.363738
0.35476 -0.928659 -0.10834 0.653237 0.932901 0.359277 -0.024833 0.0172476 0.0619855 -0.092261 0.993804 0.661491
-0.669954 -0.732226 -0.122502 0.911882 0.742075 -0.665379 -0.0812178 -0.457273 -0.0220406 -0.145318 0.98914 0.791541
-0.929308 0.338316 -0.148086 0.753754 -0.31416 -0.934995 -0.164582 -1.45707 -0.19414 -0.106424 0.975184 1.09382
-0.125816 0.987223 -0.0977796 0.996571 -0.978649 -0.139659 -0.150805 -1.76429 -0.162534 0.0767182 0.983716 1.24874
0.546483 0.832872 -0.0876395 0.520814 -0.833015 0.529811 -0.15933 -2.34596 -0.0862691 0.160076 0.983328 1.14939
0.971016 0.220973 -0.091095 1.0563 -0.233188 0.959479 -0.15819 -2.67226 0.0524479 0.174847 0.983198 1.18971
0.827148 -0.552949 -0.100369 1.73138 0.538587 0.830962 -0.139376 -2.39127 0.16047 0.0612269 0.98514 1.48928
0.0130244 -0.9934 -0.113958 1.5575 0.979338 0.0356745 -0.199057 -1.81549 0.201809 -0.109011 0.97334 1.58947
-0.897311 -0.425178 -0.11856 1.66326 0.441183 -0.872309 -0.210796 -1.29969 -0.0137947 -0.241456 0.970314 1.55982
-0.841071 0.525221 -0.129391 0.750814 -0.492954 -0.842712 -0.216408 -0.530467 -0.222702 -0.11823 0.967691 1.47835
-0.0615646 0.993157 -0.0992472 -0.305371 -0.989127 -0.0740137 -0.127081 -0.997825 -0.133557 0.0903443 0.986915 1.381
-0.147822 0.983764 -0.101775 -0.833679 -0.978965 -0.160174 -0.126377 -1.05526 -0.140626 0.0809527 0.986748 1.39459
-0.231764 0.965365 -0.119819 -1.08779 -0.96484 -0.243821 -0.098161 -1.15393 -0.123976 0.0928559 0.987931 1.51051
-0.231328 0.963724 -0.133128 -0.977649 -0.964601 -0.245012 -0.0975373 -0.450479 -0.126617 0.105852 0.986288 1.48034
-0.229567 0.964254 -0.132341 -0.855354 -0.964628 -0.243512 -0.100962 0.259472 -0.12958 0.104482 0.986049 1.56103
-0.230616 0.96395 -0.132729 -0.725989 -0.963604 -0.245199 -0.106509 0.959768 -0.135214 0.103335 0.985413 1.63244
-0.231003 0.963895 -0.132454 -0.589507 -0.962572 -0.246243 -0.11322 1.68317 -0.141748 0.101343 0.984702 1.75782
-0.233871 0.96347 -0.130498 -0.439657 -0.962468 -0.248427 -0.109267 2.43334 -0.137694 0.100046 0.985409 1.77454
-0.325454 0.936589 -0.129926 0.133665 -0.93591 -0.338656 -0.0968752 3.89566 -0.134732 0.0900703 0.98678 1.94769
-0.326826 0.936308 -0.128498 0.798031 -0.935314 -0.339943 -0.0981111 6.24212 -0.135544 0.0881206 0.986845 2.22187
-0.326834 0.936167 -0.129502 1.4552 -0.93485 -0.340355 -0.101066 8.58624 -0.138691 0.0880334 0.986415 2.51327
-0.326545 0.936122 -0.130554 2.15115 -0.935008 -0.340145 -0.100308 10.9569 -0.138307 0.0893138 0.986354 2.80112
-0.326247 0.935968 -0.132391 2.8306 -0.934856 -0.340214 -0.10148 13.3077 -0.140023 0.0906595 0.985989 3.06304
-0.32579 0.93604 -0.133002 3.50584 -0.934997 -0.339839 -0.101434 15.6667 -0.140146 0.0913103 0.985912 3.35812
-0.325691 0.935774 -0.135098 4.16284 -0.934954 -0.340019 -0.101226 18.0175 -0.14066 0.0933426 0.985648 3.6846
-0.326078 0.935835 -0.133741 4.83236 -0.934834 -0.340246 -0.101579 20.3345 -0.140566 0.091903 0.985797 3.98302
-0.324588 0.936187 -0.134898 5.48317 -0.935226 -0.33898 -0.102196 22.7019 -0.141402 0.0929889 0.985575 4.2752
-0.322764 0.936831 -0.134798 6.13033 -0.935543 -0.33737 -0.1046 25.0658 -0.143469 0.0923479 0.985337 4.58863
-0.320959 0.937448 -0.134821 6.7975 -0.935874 -0.335773 -0.106754 27.4117 -0.145346 0.0919118 0.985103 4.87774
-0.318966 0.938102 -0.135003 7.4463 -0.936767 -0.333687 -0.105448 29.7678 -0.143969 0.0928322 0.985219 5.16926
-0.317959 0.938234 -0.136455 8.11311 -0.937213 -0.332786 -0.104328 32.1443 -0.143294 0.0947151 0.985138 5.44629
-0.317732 0.937552 -0.141573 8.76892 -0.936885 -0.333405 -0.105295 34.491 -0.145921 0.0991823 0.984312 5.74903
-0.319213 0.936806 -0.14317 9.41213 -0.936016 -0.335297 -0.107006 36.8483 -0.148249 0.0998514 0.983897 6.0504
-0.323535 0.936385 -0.136047 10.106 -0.936396 -0.337511 -0.0961715 39.1971 -0.135971 0.0962786 0.986024 6.37402
-0.323105 0.935919 -0.140212 10.7677 -0.934411 -0.338975 -0.109414 41.5747 -0.149931 0.0956632 0.984058 6.66058
-0.325032 0.934947 -0.142226 11.4009 -0.933395 -0.341337 -0.110733 43.907 -0.152076 0.096761 0.983621 6.98847
-0.326303 0.934747 -0.140622 12.0982 -0.933684 -0.341935 -0.106373 46.2733 -0.147516 0.0965869 0.984333 7.33623
-0.325936 0.935088 -0.139201 12.7709 -0.933608 -0.34154 -0.10829 48.6413 -0.148804 0.0946636 0.984326 7.64678
-0.324736 0.935483 -0.139351 13.4977 -0.934073 -0.340342 -0.108052 51.0267 -0.148507 0.095076 0.984331 7.96218
-0.322255 0.936385 -0.139049 14.1662 -0.933763 -0.338575 -0.115987 53.4416 -0.155687 0.0924613 0.98347 8.3237
-0.320992 0.936782 -0.139296 14.8196 -0.934224 -0.337343 -0.115862 55.8448 -0.155528 0.0929429 0.98345 8.61872
-0.319814 0.937276 -0.138683 15.4891 -0.934242 -0.336331 -0.118631 58.2613 -0.157834 0.0916235 0.983206 8.96447
-0.318526 0.938282 -0.134791 16.1428 -0.934688 -0.33456 -0.120111 60.6717 -0.157793 0.0877288 0.983568 9.29279
-0.317147 0.939419 -0.130038 16.8214 -0.935323 -0.332498 -0.120893 63.101 -0.156806 0.0832873 0.984111 9.62435
-0.315846 0.940107 -0.128216 17.493 -0.935845 -0.330936 -0.121144 65.551 -0.15632 0.0817271 0.98432 9.97424
-0.314969 0.940703 -0.125984 18.1754 -0.93686 -0.329406 -0.117408 68.0056 -0.151945 0.0810493 0.98506 10.3192
-0.315463 0.940779 -0.124166 18.8283 -0.937502 -0.329234 -0.112667 70.4341 -0.146874 0.0808636 0.985844 10.6454
-0.31491 0.941147 -0.122773 19.5197 -0.937847 -0.328433 -0.11213 72.922 -0.145853 0.079831 0.98608 10.9576
-0.313407 0.9418 -0.121613 20.1826 -0.93806 -0.326963 -0.114624 75.4184 -0.147716 0.0781559 0.985937 11.2848
-0.311402 0.942669 -0.120018 20.8431 -0.938881 -0.324705 -0.114314 77.8906 -0.14673 0.0770847 0.986169 11.6036
-0.307743 0.943875 -0.119975 21.5077 -0.940299 -0.320967 -0.113215 80.4064 -0.145369 0.0779711 0.986301 11.9574
-0.303109 0.945127 -0.121899 22.161 -0.942174 -0.316405 -0.110433 82.9165 -0.142942 0.0813771 0.98638 12.3056
-0.297566 0.946579 -0.12427 22.8098 -0.943673 -0.311353 -0.11198 85.4619 -0.14469 0.0839487 0.98591 12.6714
-0.291973 0.947865 -0.127688 23.4268 -0.944666 -0.306673 -0.116438 88.0008 -0.149526 0.0866262 0.984956 13.1621
-0.287639 0.94922 -0.127458 24.0492 -0.946076 -0.302314 -0.116385 90.5595 -0.149008 0.0871084 0.984992 13.5405
-0.284178 0.950086 -0.128757 24.6657 -0.946606 -0.299355 -0.119672 93.1052 -0.152243 0.0878743 0.984429 13.9186
-0.28296 0.950467 -0.128634 25.2793 -0.946733 -0.298273 -0.121361 95.6629 -0.153718 0.0874418 0.984238 14.2811
-0.283959 0.949854 -0.130941 25.8676 -0.94595 -0.299831 -0.123608 98.2661 -0.15667 0.0887644 0.983654 14.6576
-0.287474 0.948802 -0.130899 26.4723 -0.944648 -0.30343 -0.124781 100.824 -0.15811 0.0877818 0.983512 15.0254
-0.293609 0.947063 -0.129867 27.1031 -0.942914 -0.309265 -0.123559 103.429 -0.157181 0.0861752 0.983803 15.4037
-0.300082 0.945062 -0.129646 27.7729 -0.940368 -0.315898 -0.12616 106.042 -0.160184 0.0840565 0.983502 15.7744
-0.307145 0.942735 -0.130049 28.4625 -0.937724 -0.32311 -0.127562 108.625 -0.162277 0.0827697 0.983268 16.1588
-0.313281 0.940947 -0.128348 29.1206 -0.935591 -0.328985 -0.128206 111.229 -0.16286 0.0799167 0.983407 16.5291
-0.318341 0.939482 -0.126619 29.8508 -0.933851 -0.333759 -0.128551 113.826 -0.163032 0.0773197 0.983587 16.9125
-0.320164 0.93895 -0.125965 30.5747 -0.933265 -0.335451 -0.128405 116.41 -0.162821 0.0764482 0.98369 17.3135
-0.318699 0.939545 -0.125243 31.2998 -0.933807 -0.333887 -0.12854 118.991 -0.162586 0.0759869 0.983764 17.7002
-0.315009 0.94095 -0.124024 32.0223 -0.934964 -0.330121 -0.129854 121.578 -0.163129 0.0750531 0.983746 18.0935
-0.309499 0.942182 -0.128469 32.7191 -0.935458 -0.325929 -0.136703 124.237 -0.170671 0.0778678 0.982247 18.5117
-0.305158 0.943652 -0.12806 33.3948 -0.937189 -0.321449 -0.135449 126.841 -0.168982 0.0786832 0.982474 18.9314
-0.301704 0.944683 -0.128644 34.0638 -0.939335 -0.317626 -0.129472 129.477 -0.16317 0.0817776 0.983203 19.3895
-0.298157 0.945837 -0.12843 34.7542 -0.940155 -0.314252 -0.131728 132.07 -0.164953 0.0814687 0.982931 19.7816
-0.296032 0.946705 -0.126942 35.3982 -0.940852 -0.311936 -0.132259 134.725 -0.164808 0.0802802 0.983053 20.1635
-0.293936 0.947426 -0.126435 36.0633 -0.94137 -0.309864 -0.133439 137.346 -0.165602 0.0797998 0.982959 20.6104
-0.290891 0.948292 -0.126982 36.7189 -0.941949 -0.307114 -0.135691 139.95 -0.167673 0.0801389 0.98258 21.1033
-0.288281 0.948756 -0.129446 37.3618 -0.942535 -0.304999 -0.136389 142.601 -0.168881 0.0826887 0.982162 21.5653
-0.285704 0.948188 -0.13897 37.9563 -0.943745 -0.303578 -0.13109 145.211 -0.166486 0.0936991 0.981582 21.9407
-0.283262 0.949085 -0.137839 38.5994 -0.944826 -0.300821 -0.129653 147.845 -0.164517 0.0935076 0.981932 22.3193
-0.280844 0.950012 -0.136395 39.2221 -0.945731 -0.298135 -0.129255 150.486 -0.163458 0.0926926 0.982186 22.7012
-0.279195 0.950879 -0.13371 39.88 -0.945968 -0.296281 -0.13176 153.098 -0.164904 0.0896988 0.982223 23.095
-0.2812 0.950374 -0.133102 40.4806 -0.945429 -0.298144 -0.131429 155.722 -0.164591 0.0888806 0.98235 23.5227
-0.283392 0.949909 -0.131765 41.0946 -0.944812 -0.3001 -0.131415 158.354 -0.164375 0.0872513 0.982532 23.9111
-0.286081 0.949207 -0.131008 41.7294 -0.943839 -0.302731 -0.132364 160.991 -0.165301 0.0857839 0.982506 24.3182
-0.286875 0.949033 -0.130529 42.3657 -0.942833 -0.303834 -0.13693 163.618 -0.16961 0.0837847 0.981943 24.7211
-0.270843 0.953867 -0.129547 42.8653 -0.94759 -0.287878 -0.138559 165.411 -0.16946 0.0852297 0.981845 24.9938
