1 0 0 0 0 1 0 0 0 0 1 0
0.999891 -0.0032718 0.0143745 -2.55893 0.00328555 0.999994 -0.000933216 -0.132572 -0.0143714 0.000980343 0.999896 -0.0467288
0.99998 -0.00583703 0.00226231 -5.11287 0.00584232 0.99998 -0.00233492 -0.325188 -0.00224863 0.00234809 0.999995 -0.0863373
0.999954 -0.00803303 -0.00515591 -7.66376 0.00802779 0.999967 -0.0010372 -0.500814 0.00516408 0.000995758 0.999986 -0.0975085
0.999743 -0.00874356 -0.0209317 -10.1842 0.0087724 0.999961 0.00128625 -0.649737 0.0209196 -0.00146954 0.99978 -0.159013
0.999118 -0.00928948 -0.040942 -12.7031 0.00925959 0.999957 -0.000919657 -0.841187 0.0409488 0.000539741 0.999161 -0.285601
0.998572 -0.00989008 -0.0524955 -15.1898 0.00996375 0.99995 0.00114178 -1.01416 0.0524816 -0.0016632 0.99862 -0.453922
0.998654 -0.0105568 -0.0507859 -17.6413 0.0105164 0.999944 -0.00106268 -1.18453 0.0507942 0.000527167 0.998709 -0.632844
0.997936 -0.0106736 -0.0633175 -20.1255 0.0107703 0.999941 0.00118511 -1.36829 0.0633011 -0.00186461 0.997993 -0.79505
0.998314 -0.010729 -0.0570374 -22.6043 0.010466 0.999933 -0.00490705 -1.54798 0.0570862 0.00430182 0.99836 -0.954658
0.999285 -0.0093243 -0.0366474 -25.0241 0.00914012 0.999945 -0.00519009 -1.71595 0.0366938 0.00485141 0.999315 -1.126
0.998813 -0.00607137 -0.0483249 -27.4395 0.00607062 0.999982 -0.000162314 -1.86152 0.048325 -0.000131241 0.998832 -1.27505
0.998552 -0.00196108 -0.0537669 -29.8593 0.00196508 0.999998 2.15117e-05 -1.99386 0.0537667 -0.000127137 0.998554 -1.41998
0.999439 0.00413966 -0.0332359 -32.177 -0.00402691 0.999986 0.00345856 -2.12373 0.0332497 -0.00332279 0.999442 -1.56886
0.998722 0.0114918 -0.0492195 -34.5306 -0.0115158 0.999934 -0.000204462 -2.2725 0.0492139 0.000771004 0.998788 -1.72234
0.998073 0.0166766 -0.0597604 -36.8566 -0.0167357 0.99986 -0.000488805 -2.36868 0.0597439 0.00148799 0.998213 -1.85362
0.998631 0.0218106 -0.0475535 -39.0709 -0.021829 0.999762 0.000132867 -2.42886 0.0475451 0.00090536 0.998869 -1.97031
0.998735 0.0259224 -0.0430799 -41.2313 -0.0258977 0.999664 0.00113032 -2.51536 0.0430947 -1.32158e-05 0.999071 -2.09755
0.998593 0.0293812 -0.0441402 -43.3859 -0.0293344 0.999568 0.00170719 -2.57528 0.0441713 -0.000409959 0.999024 -2.19874
0.99869 0.0317543 -0.040113 -45.5039 -0.0316512 0.999494 0.00320333 -2.62374 0.0401944 -0.00192951 0.99919 -2.31322
0.998893 0.0340386 -0.0324674 -47.6189 -0.0339691 0.999419 0.0026876 -2.65337 0.0325401 -0.00158174 0.999469 -2.40146
0.998995 0.036277 -0.0263331 -49.7229 -0.0361043 0.999324 0.00700089 -2.69526 0.0265693 -0.00604311 0.999629 -2.51907
0.998904 0.0383272 -0.0268614 -51.8434 -0.0379829 0.999191 0.0132132 -2.72216 0.0273461 -0.0121784 0.999552 -2.62837
0.99868 0.0399813 -0.0322537 -53.9512 -0.039538 0.999116 0.0142669 -2.75985 0.0327956 -0.0129728 0.999378 -2.70023
0.998824 0.0409992 -0.0258948 -56.0233 -0.0407269 0.99911 0.0109579 -2.79904 0.026321 -0.00989035 0.999605 -2.78599
0.998772 0.0410631 -0.0277212 -58.0951 -0.04081 0.999121 0.00963309 -2.8598 0.0280924 -0.00848996 0.999569 -2.88394
0.99887 0.039786 -0.0260104 -60.1963 -0.0395266 0.999164 0.0104092 -2.88228 0.0264028 -0.00936936 0.999607 -2.97064
0.998931 0.0382161 -0.0260286 -62.2721 -0.0379669 0.999229 0.0100031 -2.94084 0.0263908 -0.00900419 0.999611 -3.06698
0.999037 0.0379075 -0.0221039 -64.363 -0.0377269 0.999252 0.00853179 -3.00871 0.0224108 -0.00768966 0.999719 -3.16004
0.999094 0.0354435 -0.0235449 -66.4833 -0.0352622 0.999346 0.00806955 -3.04719 0.0238155 -0.00723199 0.99969 -3.2347
0.99926 0.0307514 -0.0231164 -68.5863 -0.0305501 0.999493 0.00901229 -3.1155 0.0233818 -0.00829941 0.999692 -3.30323
0.999525 0.0263004 -0.016044 -70.7173 -0.0261896 0.999632 0.0070741 -3.17205 0.0162241 -0.00665055 0.999846 -3.37953
0.9996 0.0225962 -0.0170315 -72.8717 -0.0225309 0.999738 0.00401191 -3.27067 0.0171177 -0.00362657 0.999847 -3.45913
0.999585 0.0210368 -0.0196579 -75.0342 -0.0209398 0.999768 0.0051272 -3.37236 0.0197612 -0.00471344 0.999794 -3.53971
0.999353 0.020221 -0.0297452 -77.2293 -0.0199718 0.999763 0.00865001 -3.43743 0.0299131 -0.00805034 0.99952 -3.62601
0.999458 0.0192661 -0.0266945 -79.4286 -0.0189511 0.999749 0.012002 -3.50358 0.026919 -0.0114896 0.999572 -3.70412
0.999544 0.0194903 -0.023071 -81.606 -0.019292 0.999775 0.00878557 -3.59579 0.0232371 -0.00833648 0.999695 -3.79353
0.99956 0.0195192 -0.0223195 -83.8243 -0.0193679 0.999788 0.00697472 -3.698 0.0224509 -0.00653937 0.999727 -3.88212
0.999572 0.0199157 -0.0214444 -86.0594 -0.0198124 0.999791 0.00501675 -3.79775 0.0215398 -0.00458973 0.999758 -3.96607
0.999604 0.0201977 -0.019607 -88.3163 -0.0200708 0.999777 0.00664757 -3.86797 0.0197369 -0.0062514 0.999786 -4.05492
0.999607 0.0213145 -0.0181909 -90.5168 -0.0212021 0.999755 0.00634916 -3.93812 0.0183217 -0.00596098 0.999814 -4.10936
0.999586 0.0226104 -0.0177679 -92.7575 -0.0224749 0.999717 0.00778972 -4.00723 0.017939 -0.00738717 0.999812 -4.19964
0.999555 0.024174 -0.0174535 -94.9947 -0.0240082 0.999665 0.00965007 -4.0866 0.017681 -0.00922675 0.999801 -4.27144
0.999578 0.0252925 -0.0142463 -97.2255 -0.0251295 0.999618 0.0115053 -4.16162 0.0145319 -0.0111425 0.999832 -4.34433
0.999607 0.0259269 -0.010604 -99.4743 -0.0258013 0.999597 0.0118187 -4.23282 0.0109061 -0.0115404 0.999874 -4.42173
0.999625 0.0255506 -0.00982795 -101.729 -0.0254222 0.999593 0.0129738 -4.32487 0.0101554 -0.0127191 0.999868 -4.48554
0.999645 0.0257649 -0.00676649 -103.935 -0.0257039 0.99963 0.00895309 -4.39222 0.00699465 -0.00877599 0.999937 -4.52524
0.99967 0.0245865 -0.00746203 -106.186 -0.0245086 0.999646 0.0103653 -4.48596 0.00771423 -0.010179 0.999919 -4.55122
0.99967 0.0256611 0.000729797 -108.436 -0.0256668 0.999628 0.00923092 -4.5402 -0.000492655 -0.00924661 0.999957 -4.60851
0.999651 0.0257888 -0.00577549 -110.681 -0.0257104 0.999582 0.013269 -4.64134 0.00611526 -0.0131159 0.999895 -4.64309
0.999547 0.0266757 -0.0139216 -112.911 -0.0265286 0.999592 0.0106456 -4.7204 0.0141999 -0.0102715 0.999847 -4.69826
0.999619 0.0267222 -0.00694542 -115.121 -0.0266262 0.999554 0.0135714 -4.80184 0.00730497 -0.0133813 0.999884 -4.78907
0.999556 0.0279076 -0.0104163 -117.355 -0.027761 0.999517 0.0139653 -4.86756 0.010801 -0.01367 0.999848 -4.79469
0.999557 0.0280689 -0.00990109 -119.609 -0.0279138 0.999491 0.0154706 -4.91245 0.0103303 -0.0151873 0.999831 -4.85234
0.999657 0.0247956 -0.00840956 -121.831 -0.0246349 0.999522 0.0186997 -5.00359 0.0088692 -0.0184861 0.99979 -4.92813
0.999812 0.0188014 -0.00477147 -124.068 -0.0187173 0.999679 0.0170979 -5.10751 0.0050914 -0.0170053 0.999843 -4.98228
0.999909 0.0119023 -0.00638965 -126.294 -0.0118091 0.999826 0.014428 -5.22247 0.00656026 -0.0143512 0.999876 -5.02727
0.999958 0.00674608 -0.00625476 -128.534 -0.00665216 0.999867 0.014914 -5.3014 0.00635453 -0.0148718 0.999869 -5.0637
0.999986 0.0037896 -0.00362724 -130.769 -0.00375352 0.999944 0.00989935 -5.42904 0.00366454 -0.0098856 0.999945 -5.11887
0.999969 0.00329127 -0.00718822 -133.016 -0.00319638 0.999908 0.013171 -5.57421 0.00723091 -0.0131476 0.999888 -5.15197
0.999976 0.00482059 -0.00489547 -135.277 -0.00477464 0.999945 0.00935283 -5.67884 0.00494028 -0.00932923 0.999944 -5.17736
0.999982 0.00601473 9.80347e-05 -137.499 -0.00601538 0.999938 0.00934614 -5.8098 -4.18212e-05 -0.00934656 0.999956 -5.22846
0.999962 0.00842113 -0.002387 -139.759 -0.00840227 0.999934 0.00780189 -5.95548 0.00245254 -0.00778154 0.999967 -5.25806
0.99993 0.0109235 -0.0045748 -142.006 -0.0108877 0.999911 0.00777357 -6.04948 0.0046593 -0.00772322 0.999959 -5.29297
0.99991 0.0129644 -0.00353995 -144.244 -0.0129329 0.999878 0.0087743 -6.1563 0.00365327 -0.00872773 0.999955 -5.3334
0.999887 0.0149402 0.00165114 -146.482 -0.0149507 0.999867 0.00653114 -6.24641 -0.00155335 -0.00655509 0.999978 -5.36995
0.99986 0.0161806 -0.00430273 -148.73 -0.0161429 0.999833 0.00864528 -6.357 0.00444189 -0.00857461 0.999954 -5.42268
0.999846 0.0175183 -0.00105462 -150.971 -0.017508 0.999806 0.00905479 -6.43635 0.00121303 -0.00903493 0.999959 -5.46406
0.99983 0.0184434 -0.000171023 -153.224 -0.0184408 0.99978 0.00998992 -6.52615 0.000355225 -0.00998506 0.99995 -5.49763
0.999812 0.0193829 -0.000313308 -155.501 -0.0193781 0.999748 0.0113657 -6.60626 0.000533521 -0.0113575 0.999936 -5.5376
0.999785 0.0207478 0.000345951 -157.75 -0.0207505 0.999706 0.0125222 -6.68439 -8.60493e-05 -0.0125267 0.999922 -5.5813
0.999724 0.0233662 0.0022956 -160 -0.0233943 0.99964 0.0131075 -6.74126 -0.00198851 -0.0131576 0.999912 -5.60845
0.999668 0.0255348 0.00336108 -162.274 -0.0255789 0.999578 0.013796 -6.83351 -0.00300739 -0.0138774 0.999899 -5.65039
0.999625 0.0272034 0.00311203 -164.538 -0.027244 0.999533 0.0138771 -6.90896 -0.00273309 -0.0139567 0.999899 -5.68479
0.999625 0.0269433 0.00481616 -166.823 -0.0270126 0.999523 0.0149518 -6.97755 -0.00441103 -0.0150763 0.999877 -5.71442
0.999621 0.0268202 0.00624409 -169.066 -0.0269044 0.999543 0.013817 -7.03639 -0.00587067 -0.0139798 0.999885 -5.70668
0.999627 0.0266622 0.005939 -171.318 -0.0267255 0.999584 0.0108517 -7.1224 -0.00564721 -0.0110063 0.999924 -5.72852
0.99958 0.0266496 0.0113609 -173.614 -0.0267573 0.999598 0.00943047 -7.18194 -0.011105 -0.0097305 0.999891 -5.74217
0.999591 0.0274132 0.00818018 -175.86 -0.0274926 0.999574 0.00976591 -7.24298 -0.00790899 -0.00998681 0.999919 -5.7499
0.999624 0.0273306 0.00230541 -178.157 -0.0273533 0.999571 0.0104693 -7.31801 -0.0020183 -0.0105284 0.999943 -5.77494
0.99961 0.0278233 0.00250987 -180.42 -0.0278525 0.999534 0.0124681 -7.38469 -0.00216181 -0.0125331 0.999919 -5.80463
0.999583 0.0283377 0.00552864 -182.702 -0.0284032 0.999523 0.0121631 -7.45339 -0.00518134 -0.0123151 0.999911 -5.82935
0.999576 0.0284476 0.00621967 -184.939 -0.028524 0.999514 0.0125627 -7.50817 -0.00585928 -0.0127347 0.999902 -5.82536
0.999591 0.0279335 0.00604824 -187.21 -0.0280075 0.99953 0.0125046 -7.57231 -0.00569611 -0.0126689 0.999904 -5.8216
0.999601 0.0271275 0.00781138 -189.481 -0.0272185 0.99956 0.0118011 -7.6586 -0.00748782 -0.012009 0.9999 -5.85347
0.999641 0.0259045 0.00686142 -191.758 -0.0259889 0.999584 0.0125199 -7.73896 -0.00653425 -0.0126937 0.999898 -5.88227
0.999675 0.0242524 0.00784018 -194.04 -0.0243453 0.999632 0.0119869 -7.80625 -0.00754659 -0.0121739 0.999897 -5.90644
0.999631 0.0234213 0.0137628 -196.288 -0.0235826 0.999654 0.0116843 -7.88537 -0.0134843 -0.0120045 0.999837 -5.90112
0.999663 0.0222078 0.0134269 -198.575 -0.0223269 0.999712 0.00878586 -7.95946 -0.0132279 -0.00908268 0.999871 -5.8853
0.999758 0.021313 0.00544342 -200.864 -0.0213401 0.99976 0.0049805 -8.05303 -0.00533597 -0.00509545 0.999973 -5.91135
0.999679 0.0214003 0.0135774 -203.123 -0.0214654 0.999759 0.0046724 -8.15288 -0.0134741 -0.00496234 0.999897 -5.92084
0.999737 0.0211193 0.00897956 -205.384 -0.0211857 0.999748 0.00737579 -8.24124 -0.00882154 -0.00756408 0.999933 -5.92852
0.999754 0.0213668 0.00598579 -207.66 -0.0214118 0.999742 0.00755955 -8.3224 -0.00582274 -0.00768586 0.999954 -5.92381
0.999743 0.020899 0.00873263 -209.917 -0.0209901 0.999725 0.0104742 -8.39639 -0.00851134 -0.0106548 0.999907 -5.96465
0.999751 0.0204073 0.00902006 -212.178 -0.0204938 0.999744 0.00960448 -8.46067 -0.00882176 -0.00978694 0.999913 -5.94578
0.999711 0.0203954 0.0126832 -214.45 -0.0205269 0.999736 0.0103269 -8.55525 -0.0124693 -0.0105843 0.999866 -5.94802
0.999693 0.0207116 0.0135996 -216.732 -0.0208226 0.999751 0.00807386 -8.657 -0.013429 -0.00835456 0.999875 -5.95188
0.999698 0.0200564 0.0141655 -219.008 -0.0202098 0.999738 0.0107741 -8.74478 -0.0139457 -0.0110572 0.999842 -5.95526
0.999722 0.0181902 0.0149829 -221.268 -0.0183955 0.999737 0.0136856 -8.82425 -0.01473 -0.0139574 0.999794 -5.95379
0.999745 0.0152595 0.0166236 -223.526 -0.0154513 0.999815 0.0114764 -8.93228 -0.0164454 -0.0117304 0.999796 -5.94698
0.999777 0.0120678 0.0173373 -225.787 -0.0122399 0.999877 0.00985248 -9.05477 -0.0172163 -0.0100625 0.999801 -5.95829
0.999814 0.00754561 0.0177332 -228.05 -0.0077646 0.999894 0.0123134 -9.14639 -0.0176385 -0.0124488 0.999767 -5.95223
0.999846 0.00230667 0.017388 -230.325 -0.00249421 0.999939 0.0107723 -9.26569 -0.0173621 -0.010814 0.999791 -5.92089
0.999793 -0.00292374 0.020124 -232.593 0.00265219 0.999905 0.0135079 -9.42071 -0.0201616 -0.0134518 0.999706 -5.91243
0.999718 -0.00748173 0.0225329 -234.855 0.00715219 0.999867 0.0146708 -9.56259 -0.0226397 -0.0145055 0.999638 -5.8964
0.999656 -0.0113913 0.0236018 -237.135 0.0110668 0.999843 0.0138352 -9.72614 -0.0237558 -0.0135693 0.999626 -5.86735
0.999611 -0.0126407 0.0248712 -239.366 0.0122957 0.999827 0.0139774 -9.88013 -0.0250436 -0.0136661 0.999593 -5.83103
0.999617 -0.0120638 0.0249187 -241.604 0.0117519 0.999851 0.0126257 -10.0235 -0.0250673 -0.012328 0.99961 -5.78861
0.99952 -0.00991899 0.0293251 -243.858 0.00951763 0.99986 0.0137953 -10.1987 -0.0294578 -0.0135096 0.999475 -5.76524
0.99959 -0.0059911 0.0279823 -246.122 0.0055812 0.999876 0.0147049 -10.3626 -0.0280669 -0.0145427 0.9995 -5.71519
0.999637 -0.00232118 0.0268178 -248.418 0.0020073 0.999929 0.0117257 -10.4749 -0.0268431 -0.0116677 0.999571 -5.67693
0.999651 0.00106777 0.0263682 -250.667 -0.00134153 0.999946 0.0103674 -10.6326 -0.0263557 -0.0103991 0.999598 -5.64528
0.999508 0.00598666 0.0307752 -252.926 -0.00629576 0.999931 0.0099573 -10.7704 -0.0307134 -0.0101462 0.999477 -5.62893
0.999377 0.0108397 0.0335963 -255.189 -0.0111743 0.99989 0.00978694 -10.8904 -0.0334866 -0.0101562 0.999388 -5.57512
0.999274 0.0164243 0.0343707 -257.459 -0.016776 0.99981 0.00997182 -10.974 -0.0342004 -0.0105412 0.999359 -5.51746
0.999122 0.0212088 0.0361199 -259.732 -0.0216246 0.999704 0.0111618 -11.0306 -0.0358725 -0.011933 0.999285 -5.45903
0.99885 0.0262602 0.0400979 -261.995 -0.02675 0.999574 0.0117291 -11.0978 -0.0397728 -0.0127882 0.999127 -5.3881
0.998858 0.0291575 0.0378407 -264.261 -0.029776 0.999431 0.0158865 -11.1836 -0.037356 -0.0169951 0.999157 -5.31541
0.998789 0.028498 0.0400853 -266.536 -0.0292197 0.999419 0.0175343 -11.2339 -0.0395623 -0.0186844 0.999042 -5.25948
0.998771 0.0247348 0.0429491 -268.798 -0.0256715 0.999442 0.0213965 -11.3033 -0.0423959 -0.0224728 0.998848 -5.22475
0.998802 0.0191027 0.0450517 -271.056 -0.0202752 0.999464 0.0257153 -11.4058 -0.0445363 -0.0265979 0.998654 -5.16306
0.998971 0.0134723 0.0433031 -273.302 -0.0146447 0.999532 0.0268734 -11.4821 -0.0429208 -0.0274799 0.9987 -5.07689
0.998967 0.00764044 0.0447935 -275.57 -0.00881583 0.999621 0.0261022 -11.5712 -0.044577 -0.0264701 0.998655 -4.98322
0.998946 0.0028528 0.0457963 -277.851 -0.00408358 0.999633 0.0268045 -11.6821 -0.045703 -0.0269633 0.998591 -4.91083
0.998942 -0.000449959 0.0459722 -280.109 -0.000740209 0.999665 0.0258691 -11.8261 -0.0459685 -0.0258758 0.998608 -4.82469
0.998834 -0.00140975 0.0482456 -281.245 9.16451e-05 0.999627 0.0273125 -11.8902 -0.0482661 -0.0272763 0.998462 -4.78978
