1 0 0 0 0 1 0 0 0 0 1 0
0.999999 0.000197834 -0.00110346 -2.7013 -0.00019616 0.999999 0.00151636 -0.129754 0.00110376 -0.00151614 0.999998 -0.0699749
1 0.000492574 -0.000809897 -5.39502 -0.000495224 0.999995 -0.0032761 -0.264427 0.000808279 0.0032765 0.999994 -0.0875976
0.999999 0.000960666 -0.000618763 -8.093 -0.000963294 0.99999 -0.00426142 -0.395414 0.000614663 0.00426201 0.999991 -0.13215
0.999999 0.00109407 0.000928105 -10.7953 -0.0010915 0.999996 -0.00276888 -0.532608 -0.000931131 0.00276787 0.999996 -0.160901
0.999997 0.00204742 0.00134367 -13.4741 -0.00204361 0.999994 -0.00283329 -0.649444 -0.00134946 0.00283053 0.999995 -0.215692
0.999996 0.00266511 0.0010747 -16.1539 -0.00266142 0.999991 -0.00342157 -0.803577 -0.0010838 0.0034187 0.999994 -0.256473
0.999985 0.00230026 0.0050234 -18.836 -0.002292 0.999996 -0.00164997 -0.925316 -0.00502717 0.00163843 0.999986 -0.306082
0.999992 0.00173769 0.0035989 -21.5602 -0.00172532 0.999993 -0.00343767 -1.06611 -0.00360485 0.00343143 0.999988 -0.32516
0.999993 0.00159557 0.00342538 -24.2593 -0.0015789 0.999987 -0.00486458 -1.19628 -0.0034331 0.00485914 0.999982 -0.387942
0.999979 0.00102949 0.00635985 -26.9543 -0.000982591 0.999972 -0.00737243 -1.32147 -0.00636726 0.00736602 0.999953 -0.404265
0.999978 0.000769823 0.00664976 -29.6522 -0.00070662 0.999955 -0.00950174 -1.45106 -0.00665677 0.00949683 0.999933 -0.436267
0.999992 0.000706116 -0.00390491 -32.3903 -0.000735295 0.999972 -0.00747604 -1.56202 0.00389952 0.00747885 0.999964 -0.512837
0.999926 0.000515193 0.0121641 -35.0702 -0.000446903 0.999984 -0.00561609 -1.7239 -0.0121668 0.00561024 0.99991 -0.557144
0.999978 0.00171339 0.0064877 -37.7841 -0.00166732 0.999973 -0.00710052 -1.85781 -0.00649969 0.00708955 0.999954 -0.539794
0.999997 0.00130914 0.00231565 -40.5147 -0.00129469 0.99998 -0.00623221 -1.97717 -0.00232377 0.00622919 0.999978 -0.599359
1 0.00100099 0.000151895 -43.2505 -0.0010002 0.999986 -0.00513847 -2.08581 -0.000157037 0.00513832 0.999987 -0.67085
0.999974 0.00123072 0.00709327 -45.9525 -0.00122429 0.999999 -0.000910624 -2.20689 -0.00709438 0.000901917 0.999975 -0.698801
0.999962 0.0018382 0.00859326 -48.653 -0.00180226 0.99999 -0.00418798 -2.36403 -0.00860087 0.00417233 0.999954 -0.698825
0.99994 0.00231757 0.0107555 -51.3786 -0.00228261 0.999992 -0.0032608 -2.50134 -0.010763 0.00323605 0.999937 -0.720974
0.999939 0.00225429 0.0108165 -54.0762 -0.00227942 0.999995 0.00231162 -2.62642 -0.0108112 -0.00233613 0.999939 -0.7615
0.999944 0.00149268 0.0105232 -56.7841 -0.00155959 0.999979 0.00635307 -2.73621 -0.0105135 -0.00636912 0.999924 -0.795149
0.999966 0.00127619 0.00816131 -59.4626 -0.00135235 0.999955 0.00933353 -2.87004 -0.00814904 -0.00934425 0.999923 -0.828818
0.999973 0.00160824 0.00726983 -62.1861 -0.00168744 0.999939 0.0109018 -3.00244 -0.00725185 -0.0109138 0.999914 -0.850787
0.999985 0.00150169 0.00524037 -64.9029 -0.00156462 0.999926 0.0120253 -3.13356 -0.00522192 -0.0120333 0.999914 -0.882833
0.99998 0.000922804 0.00636233 -67.6364 -0.00100658 0.999913 0.0131773 -3.27032 -0.00634961 -0.0131834 0.999893 -0.907613
0.999972 -0.000357333 0.00755918 -70.3086 0.000240012 0.999879 0.0155154 -3.40739 -0.00756382 -0.0155131 0.999851 -0.972678
0.999947 -0.00343205 0.0097179 -73.0318 0.00327733 0.999868 0.0158918 -3.54047 -0.00977116 -0.0158591 0.999826 -0.954481
0.999951 -0.00686402 0.00721245 -75.7305 0.00676447 0.999883 0.0137373 -3.69267 -0.0073059 -0.0136878 0.99988 -0.95097
0.999909 -0.0105105 0.00851504 -78.4341 0.010418 0.999887 0.0108382 -3.85893 -0.00862799 -0.0107485 0.999905 -0.966205
0.999837 -0.014449 0.0108233 -81.1554 0.0143581 0.999861 0.00843385 -4.02584 -0.0109437 -0.00827708 0.999906 -0.925231
0.999783 -0.0182009 0.0101945 -83.8734 0.018111 0.999797 0.00884667 -4.20944 -0.0103534 -0.00866011 0.999909 -0.913199
0.999702 -0.0217271 0.0111697 -86.5958 0.0216209 0.999721 0.0095447 -4.40001 -0.0113739 -0.00930035 0.999892 -0.895289
0.999602 -0.0246866 0.0136382 -89.3325 0.0245578 0.999653 0.00953237 -4.59617 -0.0138688 -0.00919365 0.999862 -0.863694
0.99962 -0.0245069 0.0126294 -92.0486 0.0244174 0.999676 0.0071933 -4.79426 -0.0128016 -0.00688219 0.999894 -0.863139
0.999645 -0.0219974 0.0150656 -94.7658 0.0218747 0.999727 0.00826157 -5.00406 -0.0152432 -0.00792908 0.999852 -0.889367
0.999772 -0.0168659 0.0130838 -97.4679 0.0167575 0.999825 0.00834762 -5.20832 -0.0132223 -0.00812647 0.99988 -0.862141
0.999865 -0.0102421 0.0128834 -100.186 0.0101692 0.999932 0.00570845 -5.37321 -0.012941 -0.00557667 0.999901 -0.812551
0.999909 -0.00289826 0.0132227 -102.911 0.00280593 0.999972 0.006996 -5.52867 -0.0132426 -0.00695826 0.999888 -0.816703
0.999905 0.00405028 0.0131686 -105.624 -0.00416484 0.999954 0.00868349 -5.64463 -0.0131329 -0.00873751 0.999876 -0.831589
0.999892 0.00941444 0.0113306 -108.354 -0.00953618 0.999897 0.0107383 -5.75325 -0.0112284 -0.0108452 0.999878 -0.879287
0.999844 0.0124413 0.0125458 -111.086 -0.0125588 0.999878 0.00933162 -5.887 -0.0124281 -0.00948772 0.999878 -0.805964
0.999834 0.0131788 0.0125811 -113.81 -0.0132976 0.999867 0.00940128 -5.97705 -0.0124556 -0.00956701 0.999877 -0.787222
0.999844 0.0119842 0.0129752 -116.532 -0.0121177 0.999874 0.010259 -6.08392 -0.0128506 -0.0104147 0.999863 -0.776264
0.999871 0.00988947 0.0126589 -119.279 -0.0100432 0.999876 0.0121411 -6.17046 -0.0125372 -0.0122667 0.999846 -0.824036
0.999865 0.00641593 0.0151666 -121.997 -0.00661307 0.999894 0.012984 -6.31035 -0.0150817 -0.0130825 0.999801 -0.826159
0.999895 0.00368212 0.0140248 -124.73 -0.00388166 0.999891 0.0142275 -6.42711 -0.0139709 -0.0142804 0.999801 -0.823639
0.999851 9.80594e-05 0.0173034 -127.466 -0.000361115 0.999884 0.0151999 -6.56396 -0.0172999 -0.0152039 0.999735 -0.834413
0.999812 -0.00379546 0.0190049 -130.154 0.00349988 0.999873 0.0155617 -6.69494 -0.0190615 -0.0154923 0.999698 -0.738948
0.999855 -0.00866242 0.0146995 -132.901 0.00831819 0.999693 0.0233193 -6.84077 -0.014897 -0.0231936 0.99962 -0.647736
0.999809 -0.0128182 0.0147406 -135.643 0.012456 0.999624 0.0244037 -6.99676 -0.0150478 -0.0242154 0.999594 -0.66388
0.999729 -0.0162376 0.0166695 -138.35 0.0158788 0.999644 0.0214341 -7.18067 -0.0170116 -0.0211636 0.999631 -0.628384
0.999692 -0.019251 0.0156482 -141.064 0.0190123 0.999703 0.01526 -7.38226 -0.0159374 -0.0149578 0.999761 -0.608884
0.999682 -0.0211018 0.0138602 -143.793 0.0209016 0.999677 0.0144307 -7.60312 -0.0141603 -0.0141364 0.9998 -0.6108
0.999658 -0.0231163 0.0122164 -146.515 0.0228973 0.99958 0.0177685 -7.79428 -0.0126221 -0.0174827 0.999768 -0.613976
0.999633 -0.0245912 0.0114226 -149.251 0.0243662 0.999514 0.0194323 -7.96491 -0.0118949 -0.0191468 0.999746 -0.621236
0.999585 -0.0235853 0.0165429 -151.954 0.0232378 0.999512 0.020893 -8.1447 -0.0170276 -0.0205 0.999645 -0.625319
0.999653 -0.0219948 0.0144929 -154.677 0.0216852 0.99954 0.0211857 -8.31209 -0.0149522 -0.020864 0.999671 -0.631114
0.999708 -0.0194412 0.014396 -157.4 0.0191107 0.999559 0.022751 -8.50594 -0.0148319 -0.0224692 0.999638 -0.630336
0.999751 -0.0167091 0.0148097 -160.128 0.0163187 0.999526 0.0261003 -8.68709 -0.0152388 -0.0258521 0.99955 -0.627988
0.999683 -0.0150392 0.0201818 -162.869 0.0144931 0.999532 0.0269369 -8.87269 -0.0205774 -0.0266358 0.999433 -0.606788
0.999693 -0.0136207 0.0206868 -165.598 0.0130537 0.999542 0.0272995 -9.0429 -0.0210492 -0.0270211 0.999413 -0.533507
0.999658 -0.0129886 0.0227178 -168.315 0.0123292 0.999506 0.0289264 -9.19793 -0.0230823 -0.0286364 0.999323 -0.535898
0.999714 -0.012503 0.0203788 -171.039 0.0118841 0.999473 0.0302108 -9.37001 -0.0207458 -0.0299599 0.999336 -0.525274
0.999686 -0.012254 0.0218795 -173.761 0.0115728 0.999453 0.0309927 -9.53983 -0.0222473 -0.0307297 0.99928 -0.482577
0.999644 -0.0122295 0.0237458 -176.47 0.0114696 0.999426 0.0318773 -9.70588 -0.024122 -0.0315936 0.99921 -0.448269
0.999714 -0.0121924 0.0205972 -179.205 0.0115333 0.999427 0.0318203 -9.88372 -0.0209734 -0.0315736 0.999281 -0.362377
0.999723 -0.0129024 0.019702 -181.932 0.0122616 0.999403 0.0323031 -10.0404 -0.020107 -0.0320525 0.999284 -0.346565
0.999723 -0.0132571 0.0194804 -184.633 0.0125892 0.999342 0.0340177 -10.2127 -0.0199185 -0.033763 0.999231 -0.360923
0.999716 -0.0134514 0.0197002 -187.365 0.0127551 0.999304 0.0350553 -10.3781 -0.020158 -0.034794 0.999191 -0.352294
0.999704 -0.0134736 0.0202744 -190.092 0.0127234 0.999246 0.0366899 -10.5384 -0.0207535 -0.036421 0.999121 -0.341312
0.999633 -0.013293 0.0235982 -192.806 0.0123885 0.999198 0.0380699 -10.7148 -0.0240854 -0.0377636 0.998996 -0.326758
0.999635 -0.0128431 0.0238038 -195.53 0.0119455 0.999226 0.037474 -10.8988 -0.0242667 -0.0371759 0.999014 -0.290502
0.999617 -0.012354 0.0247765 -198.257 0.0114428 0.999265 0.0365853 -11.0587 -0.0252102 -0.0362878 0.999023 -0.251895
0.999513 -0.0128031 0.028484 -200.975 0.0116936 0.999179 0.0387812 -11.2246 -0.0289571 -0.0384292 0.998842 -0.243301
0.999562 -0.0141291 0.0260232 -203.695 0.0131098 0.999156 0.0389308 -11.3937 -0.0265513 -0.0385726 0.998903 -0.215605
0.999552 -0.0161076 0.0252392 -206.362 0.0151549 0.999182 0.0374932 -11.5798 -0.0258225 -0.0370939 0.998978 -0.174838
0.999581 -0.0179179 0.0227467 -208.97 0.0170331 0.999113 0.0385119 -11.7362 -0.0234166 -0.0381083 0.998999 -0.104676
0.999586 -0.0192372 0.0214321 -211.524 0.0184024 0.99909 0.0384913 -11.9073 -0.0221531 -0.0380809 0.999029 -0.0352805
0.999518 -0.019814 0.0239165 -213.969 0.0188834 0.999079 0.0385258 -12.0723 -0.0246579 -0.0380555 0.998971 0.0167008
0.999472 -0.0200495 0.0255673 -216.338 0.0190465 0.999062 0.038885 -12.2476 -0.026323 -0.0383775 0.998917 0.058221
0.999411 -0.0200594 0.0278712 -218.638 0.0189347 0.999018 0.0400503 -12.3939 -0.0286472 -0.039499 0.998809 0.087223
0.999367 -0.0189791 0.0301124 -220.913 0.0177911 0.999072 0.0392411 -12.5509 -0.0308292 -0.0386805 0.998776 0.147205
0.99937 -0.0170996 0.0311311 -223.149 0.0159531 0.999199 0.0367104 -12.7169 -0.0317339 -0.0361906 0.998841 0.176133
0.999365 -0.0152236 0.0322244 -225.381 0.0140545 0.999246 0.0362008 -12.876 -0.0327512 -0.0357249 0.998825 0.217802
0.99929 -0.013023 0.0353742 -227.583 0.0117114 0.999246 0.0370349 -13.0053 -0.0358298 -0.0365943 0.998688 0.265523
0.999344 -0.0106883 0.0346109 -229.802 0.00937785 0.999241 0.0378043 -13.1191 -0.0349887 -0.037455 0.998686 0.316308
0.999342 -0.00844373 0.0352962 -231.995 0.00704404 0.999191 0.0395931 -13.2511 -0.035602 -0.0393184 0.998592 0.369087
0.999203 -0.00632003 0.0394207 -234.153 0.00474793 0.999195 0.0398467 -13.3621 -0.0396408 -0.0396278 0.998428 0.425258
0.99911 -0.00660139 0.0416731 -236.322 0.00495541 0.999208 0.0394778 -13.5184 -0.0419007 -0.0392361 0.998351 0.48444
0.999317 -0.0102562 0.035498 -238.473 0.00891671 0.99925 0.0376897 -13.656 -0.0358579 -0.0373474 0.998659 0.532616
0.999064 -0.0181575 0.0392626 -240.607 0.0164372 0.998909 0.0437023 -13.7812 -0.0400133 -0.0430161 0.998273 0.558774
0.998661 -0.0285698 0.0431338 -242.712 0.0267811 0.99878 0.0414917 -13.9222 -0.0442665 -0.0402809 0.998207 0.642178
0.998466 -0.0424417 0.0355575 -244.845 0.0409252 0.998265 0.042342 -14.1019 -0.0372929 -0.0408218 0.99847 0.669724
0.997636 -0.0587703 0.03561 -247.001 0.0573194 0.997535 0.0404781 -14.3643 -0.0379011 -0.0383413 0.998546 0.746908
0.995882 -0.0795549 0.0434889 -249.104 0.077674 0.996036 0.0433541 -14.6122 -0.0467655 -0.0397975 0.998113 0.800322
0.994017 -0.101023 0.0415462 -251.191 0.0993032 0.994189 0.0415742 -14.9098 -0.0455047 -0.0371997 0.998271 0.867187
0.991627 -0.123752 0.0369082 -253.273 0.12221 0.991637 0.0414813 -15.2872 -0.041733 -0.0366234 0.998457 0.935664
0.988944 -0.144965 0.0312447 -255.362 0.143554 0.988687 0.0434905 -15.67 -0.0371958 -0.0385243 0.998565 0.985759
0.985816 -0.163113 0.0395155 -257.428 0.161385 0.985929 0.0435785 -16.108 -0.0460677 -0.0365831 0.998268 1.06878
0.983664 -0.175776 0.0388471 -259.492 0.174163 0.983837 0.0416171 -16.5842 -0.0455345 -0.0341715 0.998378 1.16585
0.982125 -0.184746 0.0360698 -261.549 0.183597 0.98245 0.0329475 -17.0798 -0.0415237 -0.0257362 0.998806 1.23543
0.980892 -0.190017 0.0417803 -263.554 0.188715 0.981471 0.033202 -17.597 -0.047315 -0.024683 0.998575 1.3037
0.980172 -0.193889 0.0408719 -265.565 0.192362 0.980569 0.0385069 -18.1062 -0.0475437 -0.0298812 0.998422 1.40438
0.97948 -0.197946 0.0379114 -267.58 0.196383 0.979657 0.0413059 -18.6033 -0.0453165 -0.0330132 0.998427 1.47109
0.978352 -0.202873 0.0408786 -269.591 0.201065 0.978573 0.0443739 -19.1109 -0.0490049 -0.0351941 0.998178 1.51896
0.977546 -0.20663 0.04135 -271.623 0.204824 0.97781 0.0440036 -19.6161 -0.0495249 -0.034546 0.998175 1.58272
0.976763 -0.210198 0.0418597 -273.583 0.208405 0.977079 0.043426 -20.1598 -0.0500282 -0.0336931 0.998179 1.66146
0.976103 -0.213094 0.0426097 -275.523 0.211227 0.976428 0.0444083 -20.6852 -0.0510684 -0.0343467 0.998104 1.73832
0.975369 -0.216356 0.0429566 -277.498 0.214398 0.975665 0.0459519 -21.2131 -0.0518532 -0.0356103 0.99802 1.79808
0.97467 -0.219156 0.0446174 -279.432 0.217049 0.974998 0.0476374 -21.7506 -0.0539419 -0.0367466 0.997868 1.86869
0.973779 -0.222846 0.045777 -281.384 0.220594 0.974109 0.0495046 -22.2935 -0.0556237 -0.0381084 0.997724 1.93983
0.97299 -0.225862 0.0477302 -283.295 0.22348 0.973399 0.0505092 -22.8501 -0.0578686 -0.0384782 0.997582 2.02878
0.972366 -0.228063 0.0499284 -285.195 0.225614 0.972922 0.0502185 -23.3695 -0.0600293 -0.0375662 0.997489 2.14174
0.97201 -0.229853 0.0486341 -287.092 0.22746 0.972497 0.0501237 -23.9163 -0.0588176 -0.0376584 0.997558 2.22709
0.971852 -0.230071 0.0507112 -288.978 0.227638 0.972487 0.0495098 -24.4598 -0.0607067 -0.0365724 0.997485 2.3154
0.971784 -0.230898 0.0481877 -290.851 0.228587 0.972289 0.0490176 -25.008 -0.0581704 -0.0366195 0.997635 2.39476
0.971423 -0.232202 0.0492001 -292.713 0.229846 0.971984 0.0491757 -25.5452 -0.0592403 -0.036462 0.997578 2.46451
0.970636 -0.235266 0.0501704 -294.578 0.232869 0.971258 0.0493053 -26.0986 -0.0603282 -0.0361744 0.997523 2.57462
0.969404 -0.240092 0.0511213 -296.432 0.237661 0.970095 0.0493393 -26.6579 -0.0614385 -0.0356802 0.997473 2.67281
0.967584 -0.245915 0.0575123 -298.275 0.243315 0.968728 0.0486313 -27.2467 -0.0676729 -0.0330613 0.99716 2.80756
0.966155 -0.252392 0.0533189 -300.102 0.250037 0.96709 0.0470993 -27.8242 -0.0634516 -0.0321735 0.997466 2.85749
0.964267 -0.259821 0.0517895 -301.946 0.257533 0.96513 0.046934 -28.4206 -0.0621779 -0.0319195 0.997554 2.9869
0.962467 -0.266354 0.0520922 -303.785 0.263982 0.963323 0.0482048 -29.0216 -0.0630211 -0.0326441 0.997478 3.12222
0.961709 -0.269668 0.0489556 -305.624 0.267538 0.962452 0.0459362 -29.6092 -0.0595049 -0.0310798 0.997744 3.22854
0.961108 -0.271452 0.0508461 -306.54 0.269057 0.961863 0.0492925 -29.9285 -0.0622874 -0.033695 0.997489 3.25396
