1 0 0 0 0 1 0 0 0 0 1 0
0.999919 -0.0116459 -0.00521943 -2.66285 0.0116327 0.999929 -0.00255858 -0.169029 0.00524886 0.00249765 0.999983 -0.064857
0.999816 -0.0190617 -0.00235903 -5.33253 0.0190547 0.999814 -0.00293226 -0.354377 0.00241449 0.00288677 0.999993 -0.082036
0.999726 -0.0232562 -0.00272072 -7.99453 0.0232533 0.999729 -0.00108742 -0.562003 0.00274527 0.00102386 0.999996 -0.144735
0.999671 -0.0247673 -0.00662624 -10.6878 0.0247322 0.99968 -0.00532694 -0.78122 0.00675606 0.00516131 0.999964 -0.186681
0.999652 -0.0262541 -0.00262108 -13.3862 0.026252 0.999655 -0.000858803 -0.990147 0.00264272 0.000789696 0.999996 -0.27177
0.999666 -0.0258541 -0.000206681 -16.0866 0.0258536 0.999663 -0.00229468 -1.21842 0.000265939 0.00228857 0.999997 -0.311409
0.999671 -0.0256472 -0.000415798 -18.8168 0.0256447 0.999658 -0.0051686 -1.44237 0.000548216 0.00515623 0.999986 -0.342839
0.999672 -0.0255739 0.00158313 -21.5427 0.0255849 0.999645 -0.00742679 -1.66638 -0.00139263 0.00746486 0.999971 -0.352022
0.999678 -0.0253836 0.000157118 -24.2743 0.0253839 0.99963 -0.00980249 -1.8875 9.17626e-05 0.00980332 0.999952 -0.356186
0.999697 -0.0245784 0.000891737 -26.9916 0.024584 0.999674 -0.00688929 -2.08986 -0.000722118 0.00690913 0.999976 -0.401888
0.999712 -0.023958 0.00163205 -29.7209 0.0239731 0.999663 -0.00995913 -2.2979 -0.00139289 0.00999538 0.999949 -0.421678
0.99975 -0.0222442 0.00241449 -32.4616 0.0222754 0.999657 -0.0137422 -2.52281 -0.00210798 0.0137925 0.999903 -0.432273
0.999778 -0.0210416 0.00119995 -35.1827 0.0210584 0.999645 -0.016337 -2.75307 -0.00085577 0.0163586 0.999866 -0.471493
0.999795 -0.0201491 -0.00197322 -37.8891 0.0201032 0.999577 -0.0210232 -2.95111 0.00239599 0.0209792 0.999777 -0.518578
0.999775 -0.0201102 -0.00666444 -40.5706 0.0199599 0.999561 -0.0218961 -3.14831 0.00710185 0.0217581 0.999738 -0.569047
0.999791 -0.0203658 -0.0018921 -43.2146 0.0203203 0.999561 -0.0215531 -3.34227 0.00233022 0.0215101 0.999766 -0.634353
0.999802 -0.0198636 -0.000727101 -45.8047 0.0198445 0.999593 -0.0204917 -3.52914 0.00113384 0.0204732 0.99979 -0.668294
0.999772 -0.0203823 -0.00629957 -48.3735 0.020248 0.999581 -0.0206949 -3.72368 0.00671873 0.0205626 0.999766 -0.666034
0.999799 -0.0198 0.00320623 -50.8377 0.0198613 0.999595 -0.0203778 -3.90341 -0.00280145 0.0204373 0.999787 -0.702342
0.999782 -0.0199362 -0.00623493 -53.2827 0.0197944 0.999561 -0.0220318 -4.08459 0.00667142 0.0219036 0.999738 -0.727255
0.999783 -0.0205915 -0.00302527 -55.6748 0.0205275 0.999592 -0.0198465 -4.25985 0.00343271 0.0197801 0.999798 -0.748953
0.999782 -0.0206936 -0.00278793 -58.0191 0.0206421 0.999636 -0.0173619 -4.44 0.00314619 0.0173005 0.999845 -0.775853
0.999766 -0.0216259 0.00081683 -60.3102 0.0216383 0.999544 -0.0210813 -4.59256 -0.000360552 0.0210941 0.999777 -0.769065
0.99978 -0.0209531 0.000801662 -62.5373 0.020966 0.999516 -0.0229695 -4.77606 -0.00031999 0.0229812 0.999736 -0.806515
0.999755 -0.0220431 -0.00181628 -64.7387 0.0219962 0.9995 -0.0227072 -4.93955 0.00231591 0.0226617 0.99974 -0.828954
0.999745 -0.0225104 -0.00147255 -66.8481 0.0224798 0.99958 -0.0182698 -5.0861 0.0018832 0.018232 0.999832 -0.861446
0.999743 -0.0225946 0.00170794 -68.9069 0.0226258 0.999517 -0.0212843 -5.23776 -0.0012262 0.0213174 0.999772 -0.875368
0.999757 -0.0218538 0.00270597 -70.8903 0.0219013 0.99958 -0.0189988 -5.39825 -0.00228963 0.0190534 0.999816 -0.913665
0.999766 -0.0216219 0.000314901 -72.8221 0.0216238 0.999547 -0.0209492 -5.5395 0.000138206 0.0209511 0.99978 -0.923767
0.999745 -0.0224155 0.00266186 -74.7128 0.0224631 0.999559 -0.0194372 -5.67926 -0.00222499 0.019492 0.999807 -0.947603
0.999732 -0.0226222 0.00481518 -76.5775 0.0227198 0.999515 -0.0212939 -5.81931 -0.00433113 0.0213976 0.999762 -0.956283
0.999719 -0.0226762 0.00685748 -78.4186 0.0228148 0.999522 -0.0208491 -5.96612 -0.00638142 0.0209997 0.999759 -0.986354
0.999694 -0.0225743 0.0101284 -80.2366 0.0228217 0.999426 -0.0250182 -6.10932 -0.00955783 0.0252417 0.999636 -0.96643
0.999701 -0.0225284 0.00950333 -82.0256 0.0227582 0.999433 -0.0248123 -6.25771 -0.00893896 0.0250212 0.999647 -0.970426
0.99971 -0.0227197 0.00797674 -83.7917 0.0229186 0.999404 -0.025793 -6.39472 -0.00738598 0.0259683 0.999635 -0.972442
0.999685 -0.0236339 0.00846146 -85.513 0.0238477 0.999374 -0.0261327 -6.53467 -0.00783854 0.0263262 0.999622 -0.97762
0.999706 -0.0233048 0.006698 -87.2013 0.0234778 0.999359 -0.0270308 -6.65852 -0.00606376 0.0271801 0.999612 -0.976504
0.999722 -0.0228341 0.00593303 -88.8633 0.0229933 0.999334 -0.0283185 -6.78303 -0.00528245 0.0284471 0.999581 -0.992412
0.999741 -0.0216274 0.00703151 -90.4632 0.0218016 0.999431 -0.0257306 -6.90333 -0.00647102 0.0258772 0.999644 -1.00787
0.999746 -0.019899 0.0106096 -92.0129 0.0201403 0.999529 -0.0231495 -7.02433 -0.0101439 0.0233573 0.999676 -1.04196
0.99971 -0.0204933 0.012619 -93.5396 0.0207654 0.999546 -0.0218211 -7.13611 -0.0121661 0.0220769 0.999682 -1.03835
0.99968 -0.0215887 0.0131874 -95.0233 0.0218693 0.999529 -0.0215157 -7.23849 -0.0127167 0.0217972 0.999681 -1.02895
0.999672 -0.0219942 0.0131148 -96.4887 0.0223167 0.999439 -0.0249721 -7.35991 -0.0125582 0.0252566 0.999602 -1.0401
0.999686 -0.0219084 0.0121296 -97.9336 0.0221861 0.999483 -0.0232584 -7.46329 -0.0116137 0.0235202 0.999656 -1.043
0.99966 -0.0214773 0.0147967 -99.354 0.0218484 0.999439 -0.0253894 -7.58042 -0.0142431 0.025704 0.999568 -1.05366
0.999643 -0.0225516 0.0143269 -100.782 0.0229057 0.999424 -0.0250527 -7.68835 -0.0137537 0.0253719 0.999583 -1.0378
0.999614 -0.024112 0.0138289 -102.2 0.0244893 0.999314 -0.0277946 -7.80238 -0.0131492 0.0281226 0.999518 -1.04058
0.999514 -0.0259832 0.0172051 -103.613 0.0264876 0.999206 -0.0297723 -7.92402 -0.0164179 0.0302136 0.999408 -1.03542
0.99943 -0.0280901 0.0187055 -105.021 0.0286544 0.99912 -0.0306126 -8.03658 -0.0178292 0.0311312 0.999356 -1.04863
0.999407 -0.0306636 0.015644 -106.446 0.0311186 0.999074 -0.0297217 -8.15419 -0.0147182 0.0301909 0.999436 -1.02648
0.999221 -0.0342864 0.0195324 -107.888 0.0349179 0.998846 -0.0329635 -8.28061 -0.0183796 0.0336198 0.999265 -1.02501
0.998911 -0.039188 0.0253316 -109.363 0.0399593 0.99873 -0.0306956 -8.41645 -0.0240966 0.0316744 0.999208 -1.0241
0.998803 -0.0429849 0.0233412 -110.879 0.0437938 0.998416 -0.0353282 -8.58254 -0.0217857 0.0363081 0.999103 -1.00682
0.99853 -0.0483058 0.0245653 -112.47 0.0491284 0.998211 -0.0340679 -8.75995 -0.0228757 0.0352247 0.999117 -1.01453
0.998177 -0.052302 0.0301117 -114.114 0.0533884 0.997907 -0.0364841 -8.92479 -0.0281405 0.0380252 0.99888 -1.00805
0.99809 -0.0537763 0.0303959 -115.813 0.0549661 0.997696 -0.0397649 -9.11927 -0.0281874 0.0413597 0.998747 -0.994285
0.998176 -0.054848 0.0252307 -117.587 0.0557742 0.997735 -0.0375996 -9.30425 -0.0231113 0.0389382 0.998974 -1.00822
0.998073 -0.0555149 0.0277225 -119.384 0.0565242 0.997713 -0.0370563 -9.51455 -0.0256019 0.0385519 0.998928 -1.00436
0.997983 -0.0570823 0.0277612 -121.223 0.0581171 0.997586 -0.0380162 -9.72444 -0.0255241 0.039553 0.998891 -0.986843
0.998008 -0.0565296 0.0280007 -123.106 0.0576279 0.997532 -0.0401101 -9.93105 -0.0256642 0.0416438 0.998803 -0.978011
0.997876 -0.0562242 0.0329033 -125.03 0.0574702 0.997615 -0.0382348 -10.1475 -0.0306751 0.0400445 0.998727 -0.974418
0.997952 -0.0559787 0.0309456 -126.971 0.0571996 0.997558 -0.0400843 -10.3719 -0.0286262 0.0417723 0.998717 -0.946288
0.998058 -0.0550663 0.0291241 -128.941 0.0563971 0.9973 -0.0470397 -10.5956 -0.0264552 0.0485908 0.998468 -0.922898
0.998335 -0.0509258 0.0270891 -130.929 0.0522255 0.9974 -0.0496536 -10.8198 -0.02449 0.0509856 0.998399 -0.926361
0.998659 -0.0423892 0.0297106 -132.901 0.0438472 0.997772 -0.0502721 -11.0228 -0.0275134 0.0515074 0.998293 -0.884915
0.998895 -0.0334466 0.0330013 -134.898 0.0350329 0.998198 -0.0487205 -11.1836 -0.0313123 0.0498229 0.998267 -0.864461
0.999134 -0.0242321 0.0338299 -136.911 0.0258898 0.998441 -0.0494539 -11.3676 -0.0325787 0.0502869 0.998203 -0.833602
0.999506 -0.0140346 0.0281033 -138.96 0.0153894 0.9987 -0.0485884 -11.5302 -0.0273849 0.0489969 0.998423 -0.83425
0.999514 -0.00404413 0.0309147 -141.019 0.00543494 0.99897 -0.045038 -11.6463 -0.0307008 0.0451841 0.998507 -0.850768
0.999335 0.00553657 0.0360495 -143.091 -0.00385387 0.998907 -0.0465808 -11.7377 -0.036268 0.0464109 0.998264 -0.768813
0.999166 0.0133459 0.0385954 -145.177 -0.0116051 0.99892 -0.0449817 -11.8236 -0.0391541 0.0444963 0.998242 -0.709575
0.999003 0.0158509 0.0417282 -147.268 -0.0141005 0.999022 -0.0419117 -11.9012 -0.0423518 0.0412815 0.998249 -0.656897
0.998775 0.0160379 0.0467979 -149.376 -0.0139448 0.998902 -0.0447154 -12.0009 -0.0474637 0.0440081 0.997903 -0.594216
0.998739 0.0150777 0.0478802 -151.502 -0.0128309 0.998818 -0.0468897 -12.0953 -0.0485305 0.0462163 0.997752 -0.52469
0.99879 0.0145375 0.0469783 -153.653 -0.0121269 0.998615 -0.0511962 -12.1928 -0.0476575 0.0505646 0.997583 -0.472767
0.998509 0.0124031 0.0531564 -155.828 -0.00934098 0.998303 -0.0574719 -12.2828 -0.0537791 0.0568896 0.996931 -0.422947
0.998394 0.0105726 0.0556469 -157.997 -0.00727064 0.998219 -0.0592086 -12.3866 -0.0561738 0.0587089 0.996693 -0.36967
0.998715 0.00824001 0.050007 -160.191 -0.00519023 0.998136 -0.0608132 -12.493 -0.0504149 0.0604754 0.996896 -0.293673
0.998727 0.00570371 0.0501096 -162.39 -0.00270953 0.998217 -0.0596187 -12.6096 -0.0503604 0.059407 0.996963 -0.229283
0.998348 0.00397188 0.0573235 -164.601 -0.000387171 0.99805 -0.0624108 -12.738 -0.0574597 0.0622855 0.996403 -0.161312
0.998327 0.00149254 0.0577992 -166.846 0.00205246 0.998122 -0.061225 -12.8689 -0.0577821 0.0612412 0.996449 -0.0783244
0.998398 -0.000518189 0.0565675 -169.096 0.00385987 0.998251 -0.0589809 -12.9858 -0.056438 0.0591048 0.996655 0.00354379
0.998425 -0.00188659 0.0560602 -171.354 0.00532056 0.998113 -0.0611693 -13.1085 -0.055839 0.0613712 0.996552 0.104121
0.998472 -0.00248285 0.0551969 -173.618 0.00592866 0.998036 -0.0623517 -13.2666 -0.0549338 0.0625837 0.996527 0.192406
0.998149 -0.00405214 0.0606777 -175.884 0.00756415 0.998301 -0.0577624 -13.4066 -0.0603406 0.0581145 0.996485 0.30594
0.998205 -0.00524521 0.0596518 -178.192 0.00857556 0.99841 -0.0557117 -13.5372 -0.0592647 0.0561233 0.996663 0.388914
0.998112 -0.00550859 0.0611689 -180.477 0.00896626 0.998368 -0.0563969 -13.6835 -0.0607584 0.0568388 0.996533 0.493038
0.99786 -0.00593294 0.0651143 -182.767 0.00972433 0.998265 -0.0580652 -13.8214 -0.0646568 0.0585741 0.996187 0.578795
0.998158 -0.0063124 0.0603364 -185.063 0.00988229 0.998206 -0.0590524 -13.9784 -0.0598553 0.0595399 0.99643 0.685958
0.997787 -0.00730848 0.0660753 -187.354 0.0112491 0.998167 -0.0594649 -14.1227 -0.0655196 0.0600767 0.996041 0.790931
0.99783 -0.00615623 0.0655525 -189.638 0.0102132 0.99804 -0.0617344 -14.2847 -0.065044 0.0622699 0.995937 0.902714
0.998174 -0.00539987 0.0601638 -191.933 0.00918761 0.99798 -0.0628597 -14.4268 -0.0597028 0.0632976 0.996207 1.00255
0.997869 -0.00275546 0.0651795 -194.208 0.00676623 0.99809 -0.0613938 -14.5644 -0.0648859 0.061704 0.995983 1.10312
0.99757 -0.00154035 0.0696464 -196.463 0.00576188 0.998154 -0.0604535 -14.693 -0.0694247 0.0607079 0.995738 1.21678
0.997622 -7.74351e-05 0.0689128 -198.715 0.00432139 0.998101 -0.0614374 -14.8264 -0.0687772 0.0615892 0.995729 1.31517
0.997643 0.000930821 0.0686051 -200.953 0.00334954 0.998055 -0.0622498 -14.9644 -0.0685296 0.0623329 0.9957 1.42376
0.997357 0.00105515 0.0726471 -203.171 0.00356041 0.997983 -0.0633753 -15.0883 -0.0725675 0.0634664 0.995342 1.5432
0.997294 0.000792585 0.0735001 -205.39 0.00387475 0.997984 -0.0633366 -15.2267 -0.0734022 0.0634501 0.995282 1.65279
0.997133 6.62654e-05 0.075658 -207.606 0.00469828 0.998015 -0.0627949 -15.3532 -0.0755121 0.0629704 0.995154 1.7751
0.997062 -0.000584905 0.0765942 -209.802 0.00542778 0.997996 -0.0630348 -15.4802 -0.0764039 0.0632653 0.995068 1.88965
0.996994 -0.00108489 0.0774659 -211.984 0.00593112 0.998036 -0.0623569 -15.6157 -0.0772462 0.062629 0.995043 2.00371
0.996957 -0.00128689 0.0779448 -214.155 0.00615624 0.99804 -0.0622638 -15.7615 -0.0777119 0.0625542 0.995011 2.11445
0.996768 -0.00186594 0.0803078 -216.312 0.00693002 0.998 -0.062826 -15.9005 -0.08003 0.0631795 0.994788 2.24558
0.996502 -0.00228994 0.0835352 -218.462 0.00751543 0.998029 -0.0622936 -16.0521 -0.083228 0.0627035 0.994556 2.38297
0.996699 -0.00293069 0.0811342 -220.592 0.00803213 0.998005 -0.0626217 -16.1684 -0.0807889 0.0630667 0.994734 2.54701
0.996846 -0.00343757 0.0792758 -222.713 0.00858282 0.99787 -0.0646542 -16.3109 -0.0788847 0.0651308 0.994754 2.68013
0.996467 -0.00433085 0.0838648 -224.809 0.00977459 0.997862 -0.0646096 -16.4541 -0.0834058 0.0652012 0.99438 2.80112
0.996246 -0.00452058 0.0864416 -226.888 0.0102379 0.997779 -0.0658127 -16.5961 -0.0859521 0.0664506 0.99408 2.947
0.996396 -0.00536958 0.0846539 -228.999 0.0106907 0.997985 -0.0625296 -16.7345 -0.0841477 0.0632092 0.994446 3.06738
0.996276 -0.00579549 0.086023 -231.057 0.0111003 0.998056 -0.061318 -16.8505 -0.0855005 0.0620445 0.994404 3.20815
0.996122 -0.00615248 0.0877671 -233.111 0.0115519 0.998062 -0.0611459 -16.9944 -0.0872208 0.0619226 0.994262 3.34256
0.995901 -0.00644873 0.0902151 -235.148 0.0119179 0.998114 -0.0602168 -17.1282 -0.0896567 0.0610452 0.9941 3.46942
0.995852 -0.006529 0.0907461 -237.178 0.0120122 0.998125 -0.0600096 -17.2615 -0.0901842 0.0608508 0.994064 3.60564
0.995817 -0.00657471 0.0911281 -239.215 0.0121512 0.998077 -0.0607749 -17.4188 -0.0905534 0.061628 0.993983 3.74673
0.995564 -0.00655171 0.0938561 -241.217 0.0122177 0.998128 -0.059922 -17.5457 -0.0932878 0.0608029 0.993781 3.88676
0.995403 -0.00599849 0.0955817 -243.204 0.0119673 0.998004 -0.0619966 -17.6731 -0.0950191 0.0628555 0.993489 4.0416
0.995498 -0.00637353 0.0945649 -245.213 0.0123333 0.997964 -0.0625734 -17.8143 -0.0939736 0.063458 0.99355 4.19451
0.995148 -0.00517346 0.0982499 -247.167 0.0115216 0.997873 -0.064155 -17.9628 -0.0977091 0.0649757 0.993092 4.33976
0.995095 -0.00441593 0.0988235 -249.135 0.0111025 0.997677 -0.0672145 -18.0945 -0.0982971 0.067982 0.992832 4.47958
0.995565 -0.00392463 0.0939909 -251.1 0.0102646 0.997696 -0.067065 -18.2371 -0.0935112 0.0677324 0.993311 4.62986
0.995398 -0.00338544 0.0957673 -253.046 0.00983378 0.997708 -0.0669419 -18.3488 -0.0953212 0.0675756 0.99315 4.7816
0.995293 -0.00272889 0.0968757 -254.976 0.00924003 0.997722 -0.0668265 -18.4788 -0.0964727 0.0674071 0.99305 4.94418
0.994938 -0.00118019 0.100481 -256.885 0.00807113 0.997639 -0.0682006 -18.6115 -0.100163 0.0686663 0.992598 5.09003
0.99479 0.000305549 0.101944 -258.803 0.0068955 0.997503 -0.0702774 -18.7339 -0.101711 0.0706142 0.992304 5.25152
0.994904 0.00331465 0.100772 -259.764 0.00378623 0.997526 -0.0701919 -18.7841 -0.100756 0.0702157 0.99243 5.34993
