1 0 0 0 0 1 0 0 0 0 1 0
0.891059 -0.453572 -0.0169298 -2.20645 0.453782 0.891036 0.0117072 -1.71223 0.00977501 -0.0181143 0.999788 0.193112
0.555438 -0.830604 -0.0398249 -3.24499 0.831542 0.555089 0.0203601 -4.34609 0.0051952 -0.0444248 0.998999 0.435549
0.0353538 -0.999366 -0.00429572 -2.77353 0.999329 0.0353109 0.00967866 -7.38254 -0.00952084 -0.00463502 0.999944 0.588816
-0.545548 -0.83802 -0.010013 -0.596084 0.837894 -0.545137 -0.0275718 -10.1543 0.0176472 -0.0234315 0.99957 0.544409
-0.954199 -0.298589 0.0186957 2.94593 0.298874 -0.954177 0.0148757 -11.105 0.0133973 0.019782 0.999715 0.36692
-0.899907 0.435281 0.0264284 6.33391 -0.434566 -0.900178 0.0288295 -8.96499 0.0363392 0.0144589 0.999235 0.0808221
-0.252813 0.965991 0.0542905 7.17942 -0.966317 -0.254894 0.035505 -4.72502 0.0481358 -0.0434857 0.997894 -0.27669
0.685314 0.712307 0.151539 3.78615 -0.727856 0.676778 0.110439 -1.25135 -0.0238918 -0.185983 0.982262 -0.28506
0.975467 -0.123552 0.182209 -1.23878 0.0913436 0.980207 0.175642 -2.07508 -0.200303 -0.154689 0.967445 1.03822
0.524716 -0.841563 0.128239 -3.51235 0.81163 0.540007 0.22282 -6.70092 -0.256767 -0.0128344 0.966388 2.85967
-0.210234 -0.963052 0.168324 -1.59717 0.960961 -0.171881 0.216818 -11.5275 -0.179876 0.207336 0.961591 4.08679
-0.91359 -0.373388 0.161046 4.25663 0.405484 -0.866329 0.291646 -12.0024 0.0306211 0.331746 0.942872 3.73807
-0.833897 0.513056 0.203442 7.91831 -0.445346 -0.843225 0.301062 -7.87741 0.326009 0.160453 0.931651 2.13034
-0.153205 0.963628 0.218974 7.26953 -0.918407 -0.22064 0.3284 -2.2371 0.36477 -0.150794 0.918806 1.07589
0.646036 0.731871 0.216799 2.75414 -0.750172 0.556307 0.357441 0.899359 0.140994 -0.393557 0.908424 1.62233
0.96945 -0.0234506 0.244166 -2.22043 -0.0768754 0.916221 0.393228 0.230023 -0.232931 -0.399986 0.886428 4.08181
0.599989 -0.78216 0.168045 -4.15812 0.693662 0.613272 0.377796 -4.16901 -0.398554 -0.110107 0.910512 7.01384
-0.250881 -0.952794 0.171004 -1.70839 0.91114 -0.172765 0.374134 -8.44117 -0.326929 0.249671 0.911472 9.0255
-0.903198 -0.375015 0.2088 4.10057 0.427569 -0.828766 0.361013 -9.84436 0.0376606 0.415343 0.908885 8.80503
-0.872174 0.431304 0.230844 8.86581 -0.358026 -0.884342 0.299592 -6.46355 0.333361 0.178648 0.925719 6.9734
-0.262171 0.922419 0.283566 9.42874 -0.901394 -0.339006 0.269377 -0.138655 0.344609 -0.184982 0.92034 5.41391
0.448104 0.828869 0.33493 5.6156 -0.887194 0.366236 0.280637 5.53368 0.109947 -0.422903 0.89948 5.44128
0.840849 0.39099 0.3743 -0.0767827 -0.511507 0.800144 0.313257 8.00493 -0.177014 -0.454859 0.872794 7.35981
0.909019 -0.202099 0.364474 -5.93045 0.0747888 0.93946 0.334398 6.54068 -0.40999 -0.276716 0.869101 10.7569
0.55882 -0.763099 0.324655 -8.92742 0.649365 0.646145 0.401026 1.45912 -0.515796 -0.0132819 0.856608 14.785
-0.0379887 -0.953911 0.297675 -7.81002 0.897147 0.0986366 0.430578 -4.80656 -0.440095 0.283415 0.852052 17.9965
-0.657454 -0.70492 0.266164 -2.71392 0.735332 -0.523153 0.430809 -9.67283 -0.164441 0.478956 0.862299 19.2734
-0.956374 0.06682 0.284401 4.34323 0.0481143 -0.924173 0.378932 -9.79735 0.288156 0.376085 0.88064 17.2125
-0.539512 0.784299 0.306272 8.33816 -0.641276 -0.618475 0.454151 -4.9457 0.545612 0.0486154 0.836627 13.3984
0.342766 0.880271 0.328076 5.99248 -0.817723 0.107667 0.565453 1.30323 0.462429 -0.462093 0.756723 9.90335
0.708548 0.633961 0.309924 1.09508 -0.670447 0.467777 0.575922 6.783 0.220137 -0.615856 0.75648 7.80115
0.931444 0.216804 0.292247 -5.64222 -0.357561 0.694391 0.624476 9.85835 -0.0675448 -0.686161 0.724307 7.94354
0.948763 -0.14015 0.283208 -12.6951 -0.07561 0.769534 0.634113 10.7091 -0.30681 -0.623037 0.719509 9.93172
0.810074 -0.447842 0.378441 -19.4003 0.127199 0.764302 0.632189 9.97356 -0.572364 -0.463983 0.676106 13.4697
0.556988 -0.699563 0.447633 -24.5258 0.329177 0.680789 0.654346 7.68566 -0.7625 -0.217113 0.609471 18.984
0.190608 -0.823516 0.534313 -27.6623 0.479051 0.553113 0.681598 4.0201 -0.856842 0.126045 0.499934 26.4883
-0.178427 -0.819479 0.544626 -27.8804 0.64699 0.319312 0.692419 -1.83081 -0.741329 0.475914 0.473221 34.27
-0.493945 -0.640504 0.588025 -24.5831 0.757027 0.0158673 0.653191 -9.08091 -0.427702 0.767791 0.477041 39.1866
-0.70159 -0.280829 0.65491 -18.9873 0.71111 -0.334957 0.618164 -15.9103 0.045768 0.89941 0.434703 39.7071
-0.666799 0.163639 0.72705 -13.5462 0.485782 -0.644402 0.590561 -20.529 0.565151 0.746973 0.350193 35.2481
-0.458526 0.489894 0.741457 -9.83656 0.107546 -0.797613 0.593505 -22.0191 0.88215 0.351878 0.31304 28.2505
-0.169021 0.585812 0.792627 -8.33227 -0.216337 -0.806636 0.550034 -20.9904 0.961577 -0.0785071 0.263071 20.6047
0.0591209 0.64968 0.757906 -8.33992 -0.51878 -0.628659 0.579357 -17.3326 0.852861 -0.427439 0.299874 13.0217
0.26178 0.58441 0.768074 -9.80444 -0.703062 -0.429733 0.566597 -11.6406 0.661192 -0.688328 0.298381 6.23062
0.450318 0.466715 0.761178 -13.3101 -0.793539 -0.181577 0.580797 -4.74498 0.409279 -0.865568 0.288589 1.77981
0.582069 0.301588 0.755143 -18.2358 -0.805986 0.0910728 0.584886 2.46937 0.107622 -0.949079 0.296086 0.456867
0.642055 0.107368 0.759104 -23.8331 -0.739433 0.348248 0.576161 9.2384 -0.202495 -0.931234 0.302985 2.27313
0.645016 -0.061322 0.761705 -29.5507 -0.594577 0.585879 0.550658 14.5505 -0.480034 -0.808075 0.341441 6.83142
0.598326 -0.249768 0.761329 -34.6438 -0.377023 0.75065 0.542566 17.5536 -0.707007 -0.61167 0.354965 13.7393
0.4709 -0.431072 0.769695 -38.2742 -0.127352 0.830129 0.542832 17.8211 -0.872946 -0.353642 0.33601 22.2682
0.303971 -0.557619 0.77244 -40.0493 0.139814 0.828138 0.542807 15.2192 -0.942366 -0.0569998 0.329692 31.0926
0.114817 -0.624746 0.772341 -39.7921 0.389932 0.743426 0.543389 10.0403 -0.913658 0.23877 0.328966 39.1621
-0.0917189 -0.626848 0.773725 -37.316 0.590263 0.591553 0.54923 3.01454 -0.801983 0.507076 0.315749 45.5282
-0.26808 -0.575115 0.772901 -33.1161 0.72401 0.408996 0.555456 -5.03596 -0.635564 0.708495 0.306746 50.0127
-0.380175 -0.482259 0.789236 -28.0192 0.811927 0.234683 0.534508 -13.5558 -0.442992 0.844008 0.302338 52.2315
-0.489422 -0.382011 0.783922 -22.184 0.851287 -0.0143091 0.524506 -21.8501 -0.18915 0.924047 0.332204 51.7547
-0.625194 -0.212546 0.75097 -15.2428 0.777017 -0.259911 0.573316 -29.0699 0.0733297 0.94195 0.327647 49.1067
-0.670393 0.00441659 0.741993 -8.31415 0.646503 -0.487281 0.587019 -34.187 0.364151 0.873234 0.323815 43.4239
-0.666673 0.22612 0.710223 -2.25041 0.418912 -0.674461 0.607959 -36.3309 0.61649 0.702831 0.354921 35.1623
-0.598655 0.390461 0.699395 2.07591 0.208213 -0.767274 0.606579 -35.7728 0.773472 0.508755 0.378033 26.145
-0.479372 0.479889 0.734785 5.07386 0.097318 -0.803024 0.587947 -34.3678 0.872199 0.353353 0.338246 16.9075
-0.341732 0.581502 0.738292 6.4582 -0.128479 -0.807117 0.576242 -30.8863 0.930974 0.102065 0.350529 7.8582
-0.166942 0.63725 0.752358 5.76767 -0.323105 -0.756289 0.568885 -25.3835 0.931522 -0.14812 0.332156 -1.27305
-0.0383619 0.656994 0.75292 3.76711 -0.47626 -0.674411 0.564222 -18.6372 0.878467 -0.336941 0.338772 -9.06567
0.055106 0.677683 0.733286 0.956597 -0.592331 -0.569029 0.570394 -10.8581 0.803808 -0.465781 0.370056 -15.9403
0.145561 0.655773 0.740793 -2.70649 -0.663879 -0.49042 0.564583 -2.58511 0.733537 -0.573978 0.363967 -22.0851
0.272272 0.615527 0.73959 -7.42424 -0.718134 -0.381592 0.581954 5.67904 0.64043 -0.689575 0.338135 -27.0438
0.382673 0.544483 0.746391 -13.4386 -0.761782 -0.271145 0.588361 14.1653 0.522733 -0.793737 0.311017 -30.2155
0.490948 0.458522 0.740762 -20.5936 -0.775069 -0.158364 0.61171 22.397 0.397792 -0.874459 0.277638 -31.5016
0.584659 0.31848 0.746153 -28.4776 -0.768279 -0.078101 0.635332 30.2666 0.260616 -0.944707 0.19902 -30.7258
0.660613 0.166401 0.732053 -36.6101 -0.742166 -0.0020852 0.670213 37.4953 0.11305 -0.986056 0.12212 -27.8319
0.698086 0.0552775 0.713877 -44.768 -0.714926 0.108764 0.690689 43.9292 -0.0394643 -0.99253 0.115446 -22.9908
0.728337 -0.123719 0.673957 -51.951 -0.640284 0.22743 0.733697 48.6408 -0.244051 -0.965903 0.0864307 -16.0492
0.714087 -0.293908 0.635372 -58.0426 -0.54799 0.330123 0.768587 51.6889 -0.435645 -0.897015 0.0746776 -7.11947
0.656736 -0.474603 0.586045 -62.3831 -0.443689 0.385211 0.809168 53.1042 -0.609785 -0.791432 0.0424059 3.39427
0.584956 -0.600257 0.545453 -65.1769 -0.30952 0.456407 0.8342 52.6039 -0.749683 -0.656799 0.0811866 14.6365
0.430993 -0.739337 0.517325 -65.6068 -0.162218 0.500482 0.850413 50.4011 -0.887654 -0.450441 0.0957708 25.6433
0.27131 -0.823511 0.498217 -64.385 -0.0374024 0.50822 0.860414 47.2174 -0.961765 -0.252073 0.107084 36.3206
0.118336 -0.866247 0.485399 -61.256 0.0938646 0.496403 0.863002 42.7892 -0.988527 -0.056562 0.140052 46.1567
-0.0299605 -0.862903 0.504481 -56.6184 0.213359 0.487555 0.846622 37.2195 -0.976514 0.133001 0.169501 54.861
-0.22786 -0.833562 0.503244 -50.1583 0.269388 0.442697 0.855248 31.3886 -0.935687 0.330445 0.123678 61.7974
-0.392271 -0.754748 0.525812 -42.8036 0.378156 0.388769 0.840153 25.0143 -0.838523 0.528407 0.13291 66.5411
-0.522761 -0.670588 0.526339 -34.6239 0.467347 0.29093 0.834833 18.3707 -0.712957 0.682401 0.161311 69.226
-0.625004 -0.573097 0.530028 -26.0091 0.538569 0.174932 0.824222 11.7575 -0.565078 0.800599 0.199319 69.7846
-0.697835 -0.465318 0.544523 -17.3163 0.591674 0.0539553 0.80437 5.33819 -0.403668 0.883497 0.237665 68.3663
-0.840419 -0.238047 0.486857 -8.4796 0.535878 -0.231073 0.812059 0.963631 -0.0808087 0.943366 0.321763 63.4145
-0.871249 0.126013 0.47439 -1.25222 0.363019 -0.485078 0.795561 -0.163261 0.330367 0.865344 0.376878 54.9534
-0.743077 0.449268 0.495978 2.59332 0.109117 -0.649884 0.75216 2.62407 0.660249 0.613032 0.433891 44.4968
-0.471556 0.696029 0.541459 1.72212 -0.171685 -0.674727 0.717821 8.65722 0.864962 0.245532 0.437669 34.4548
-0.12284 0.829134 0.545386 -3.68405 -0.432232 -0.539387 0.72266 16.0839 0.893356 -0.146962 0.424637 27.4719
0.311639 0.81349 0.491034 -12.7166 -0.49484 -0.302219 0.814738 22.1849 0.811181 -0.496887 0.308364 24.0533
0.58209 0.695145 0.421833 -22.5452 -0.58007 -0.00854369 0.814522 26.4652 0.569815 -0.718818 0.39826 24.5748
0.778933 0.504066 0.37307 -32.5286 -0.559949 0.291204 0.775665 28.4619 0.282347 -0.813091 0.50908 27.9665
0.893929 0.264336 0.361962 -41.7113 -0.448204 0.530392 0.719582 27.8983 -0.00177054 -0.805488 0.592609 33.5063
0.928562 0.0169232 0.37079 -49.4172 -0.269837 0.716724 0.643035 24.607 -0.254872 -0.697151 0.67009 40.268
0.9115 -0.23755 0.335764 -55.5213 -0.0434667 0.756141 0.652964 19.2303 -0.408996 -0.609771 0.678897 47.8573
0.809881 -0.481657 0.33481 -58.9981 0.174637 0.74287 0.646256 11.9956 -0.559994 -0.46492 0.685752 55.8082
0.651997 -0.694556 0.304123 -59.4132 0.393148 0.652652 0.647673 3.4515 -0.648332 -0.302715 0.698591 63.3435
0.44995 -0.857043 0.251041 -56.6538 0.586533 0.495576 0.640612 -5.6279 -0.673442 -0.141 0.725668 69.8404
0.209949 -0.956371 0.203162 -50.8835 0.738505 0.291295 0.608077 -14.3519 -0.640727 0.0223705 0.767442 74.685
-0.0382277 -0.985141 0.16744 -42.5805 0.835398 0.060437 0.546312 -21.8901 -0.548314 0.160763 0.820675 77.5594
-0.292403 -0.944311 0.150917 -32.4311 0.859456 -0.1903 0.47447 -27.5179 -0.419328 0.268443 0.867238 78.4643
-0.537495 -0.827111 0.164274 -21.1638 0.800898 -0.439736 0.406441 -30.593 -0.263935 0.350027 0.898788 77.4333
-0.740524 -0.642735 0.196253 -9.73303 0.666005 -0.662881 0.342091 -30.5981 -0.0897812 0.384032 0.918944 74.6418
-0.87507 -0.413009 0.252341 0.941913 0.473343 -0.839077 0.268135 -27.4641 0.100992 0.354081 0.929746 70.4642
-0.940283 -0.146735 0.307142 9.86312 0.221828 -0.948547 0.225943 -21.2837 0.258185 0.280583 0.924453 65.6351
-0.912275 0.116504 0.392659 16.2663 -0.0435875 -0.980862 0.18976 -12.5319 0.407252 0.155998 0.899894 60.6212
-0.800604 0.368171 0.472739 19.5263 -0.315518 -0.929754 0.189754 -1.94576 0.509393 0.00275992 0.860529 56.1231
-0.626873 0.573924 0.526916 19.5565 -0.563488 -0.801022 0.202101 9.60794 0.538062 -0.170219 0.825539 52.9065
-0.410057 0.720482 0.559249 16.4656 -0.764724 -0.605754 0.219678 21.1257 0.497041 -0.337591 0.799364 51.551
-0.150823 0.797368 0.584343 10.5903 -0.898076 -0.357572 0.256128 31.592 0.413173 -0.486154 0.770027 52.194
0.123686 0.793221 0.596239 2.52269 -0.949526 -0.0799441 0.303329 40.0154 0.288273 -0.603662 0.743297 54.8995
0.37959 0.708338 0.59512 -6.93307 -0.916381 0.199493 0.347057 45.7677 0.127111 -0.677095 0.724834 59.5739
0.610835 0.549383 0.570139 -16.8855 -0.791076 0.453354 0.410693 48.2477 -0.0328471 -0.701889 0.711529 65.7981
0.783583 0.329173 0.526918 -26.3103 -0.589516 0.66167 0.463318 47.2471 -0.196134 -0.673674 0.712527 73.1089
0.876202 0.0705411 0.476752 -34.241 -0.338777 0.79374 0.505181 42.9946 -0.342781 -0.604153 0.719375 81.0591
0.877333 -0.199879 0.436273 -39.8029 -0.0676365 0.848548 0.524778 36.0375 -0.475091 -0.489913 0.73094 89.0941
0.767151 -0.456106 0.45105 -42.295 0.189084 0.832701 0.520439 27.1669 -0.612964 -0.313969 0.72505 96.7912
0.574179 -0.659859 0.484669 -41.4419 0.415005 0.74486 0.522451 17.1252 -0.705754 -0.0988407 0.701528 103.462
0.338882 -0.803259 0.489829 -37.3921 0.615491 0.583048 0.530307 6.81145 -0.711568 0.121774 0.691984 108.256
0.070998 -0.86365 0.499067 -30.5577 0.756583 0.37268 0.537301 -2.87831 -0.650032 0.339438 0.679882 110.648
-0.202224 -0.843675 0.497309 -21.6103 0.826911 0.124975 0.54827 -10.993 -0.524713 0.522104 0.672372 110.393
-0.45742 -0.7377 0.496553 -11.4709 0.817673 -0.129431 0.560945 -16.786 -0.34954 0.662605 0.662402 107.455
-0.669745 -0.556185 0.492035 -1.14939 0.72983 -0.370696 0.574398 -19.7456 -0.137076 0.743802 0.654193 102.056
-0.815859 -0.320347 0.481405 8.40316 0.572156 -0.567767 0.591844 -19.6913 0.0837297 0.7583 0.646506 94.6621
