1 0 0 0 0 1 0 0 0 0 1 0
0.999998 0.00139681 0.00153988 -0.814027 -0.00139996 0.999997 0.0020477 -0.105804 -0.00153702 -0.00204985 0.999997 -0.0151028
0.999997 0.00177715 -0.00181229 -1.93253 -0.00177067 0.999992 0.00357277 -0.181855 0.00181862 -0.00356955 0.999992 0.015218
0.999997 0.00200747 -0.00140145 -3.21718 -0.00200088 0.999987 0.00469009 -0.250504 0.00141084 -0.00468727 0.999988 -0.0291252
0.999987 0.00503293 0.000722569 -4.39257 -0.00503585 0.999979 0.00409808 -0.34267 -0.000701928 -0.00410166 0.999991 -0.0372388
0.999969 0.00780575 0.000290315 -5.30266 -0.00780741 0.99995 0.0062569 -0.399993 -0.00024146 -0.00625898 0.99998 -0.0649598
0.999945 0.0103291 -0.00149794 -6.25841 -0.0103122 0.999887 0.0109061 -0.441279 0.00161043 -0.01089 0.999939 -0.0393528
0.999934 0.0113154 -0.00179864 -6.96952 -0.011293 0.999864 0.0120042 -0.483023 0.00193423 -0.0119831 0.999926 -0.0596998
0.999919 0.0126973 -0.000428438 -7.55992 -0.0126878 0.999765 0.017587 -0.494441 0.000651644 -0.0175801 0.999845 -0.0419708
0.99992 0.0121119 -0.00357728 -7.97499 -0.0120545 0.999805 0.0156353 -0.509035 0.00376596 -0.015591 0.999871 -0.0675559
0.99994 0.010437 -0.00336601 -8.18523 -0.01039 0.999853 0.0136651 -0.507562 0.00350813 -0.0136293 0.999901 -0.0856484
0.999952 0.00925587 -0.00302167 -8.26078 -0.00920753 0.999835 0.0156386 -0.519628 0.00316592 -0.01561 0.999873 -0.0932453
0.999954 0.00920227 0.00252286 -8.41148 -0.00922018 0.999932 0.00718191 -0.56286 -0.00245659 -0.00720484 0.999971 -0.143624
0.999967 0.00807422 0.00124727 -8.51256 -0.00807421 0.999967 -9.42728e-06 -0.564998 -0.00124731 -6.41711e-07 0.999999 -0.150036
0.999967 0.00796822 -0.00158235 -8.59915 -0.00797246 0.999964 -0.00269025 -0.586494 0.00156085 0.00270278 0.999995 -0.161824
0.999952 0.00975856 0.000423522 -8.52559 -0.00975759 0.99995 -0.00224123 -0.563347 -0.000445372 0.00223699 0.999998 -0.156857
0.999927 0.0120445 -0.000389603 -8.65261 -0.0120447 0.999927 -0.000510475 -0.605802 0.000383426 0.000515132 1 -0.122892
0.999996 0.00246716 -0.00144868 -8.92188 -0.00246456 0.999995 0.00179144 -0.6673 0.00145309 -0.00178786 0.999998 -0.0841491
1 -0.000367898 -0.00050522 -9.12886 0.000370239 0.999989 0.00463782 -0.702326 0.000503508 -0.004638 0.999989 -0.0573603
0.999984 -0.00494371 -0.00262887 -9.17725 0.00495271 0.999982 0.00342776 -0.678834 0.00261187 -0.00344073 0.999991 -0.0829449
0.999995 -0.00207811 -0.00229266 -9.16273 0.00208361 0.999995 0.00239752 -0.684984 0.00228767 -0.00240229 0.999995 -0.0999769
0.999999 2.92724e-05 -0.00115228 -9.04823 -2.95048e-05 1 -0.000203624 -0.705368 0.00115227 0.000203662 0.999999 -0.137895
0.999991 0.00410799 0.000847699 -8.73907 -0.00410661 0.99999 -0.00162439 -0.718235 -0.000854363 0.0016209 0.999999 -0.123244
0.999977 0.00668224 -0.0014401 -8.33291 -0.00668803 0.999969 -0.00406022 -0.698242 0.00141293 0.00406976 0.999991 -0.142882
0.99997 0.00779831 -0.000137362 -7.92754 -0.00779877 0.999963 -0.00372722 -0.670684 0.000108292 0.00372818 0.999993 -0.129512
0.999967 0.00794596 -0.0016414 -7.56045 -0.00795246 0.99996 -0.00399806 -0.648248 0.00160957 0.00401098 0.999991 -0.181409
0.999966 0.0082306 -0.000202847 -7.22199 -0.00823142 0.999956 -0.00444105 -0.634808 0.000166287 0.00444257 0.99999 -0.183256
0.999953 0.00969328 -0.0004528 -6.86548 -0.00969535 0.999941 -0.00483208 -0.616438 0.000405935 0.00483625 0.999988 -0.188818
0.99994 0.0106752 -0.00239144 -6.82157 -0.0106709 0.999941 0.00179768 -0.608555 0.00241049 -0.00177205 0.999996 -0.121329
0.999944 0.0106231 -0.000582471 -6.7518 -0.010619 0.999922 0.00658529 -0.581156 0.000652382 -0.00657873 0.999978 -0.105366
0.999924 0.0119999 -0.00291514 -6.59984 -0.0119828 0.999911 0.00581329 -0.575948 0.00298464 -0.00577792 0.999979 -0.107557
0.999917 0.0127328 -0.00188112 -6.24929 -0.0127214 0.999901 0.00593154 -0.549558 0.00195646 -0.00590712 0.999981 -0.0915517
0.999916 0.0129297 -0.000485285 -5.89846 -0.0129266 0.999899 0.005881 -0.522067 0.000561277 -0.00587423 0.999983 -0.0849892
0.999901 0.0140897 -0.000147054 -5.56473 -0.0140888 0.999888 0.00497173 -0.511646 0.000217089 -0.00496916 0.999988 -0.0610736
0.999899 0.0142059 0.000940209 -5.21603 -0.0142115 0.999879 0.00625472 -0.461356 -0.000851241 -0.00626745 0.99998 -0.0911391
0.999915 0.0130248 -0.000558217 -4.75115 -0.0130184 0.999862 0.0102875 -0.407704 0.000692134 -0.0102793 0.999947 -0.0777238
0.999927 0.011371 0.00404131 -4.43191 -0.0114011 0.999907 0.0075109 -0.393968 -0.00395553 -0.00755642 0.999964 -0.0669811
0.99989 0.0131867 0.00676513 -4.078 -0.0131457 0.999895 -0.00606784 -0.381094 -0.00684443 0.00597825 0.999959 -0.088556
0.999881 0.014887 0.00406064 -3.72168 -0.014836 0.999814 -0.0123184 -0.381499 -0.00424327 0.0122567 0.999916 -0.0864667
0.999884 0.0151869 0.00141019 -3.41238 -0.0151604 0.999737 -0.0172146 -0.371791 -0.00167125 0.0171912 0.999851 -0.112034
0.9999 0.0139049 0.00273407 -3.06299 -0.0138577 0.999766 -0.0165871 -0.340326 -0.00296407 0.0165475 0.999859 -0.0947932
0.999924 0.0114708 0.00447262 -2.63954 -0.0114037 0.999826 -0.0147589 -0.319224 -0.00464113 0.0147068 0.999881 -0.0982995
0.999949 0.0098389 0.00211063 -2.28188 -0.00980422 0.999826 -0.0158547 -0.281572 -0.00226625 0.0158332 0.999872 -0.0738979
0.999964 0.00840448 -0.000637267 -1.9814 -0.00841474 0.999797 -0.0183271 -0.278068 0.00048311 0.0183319 0.999832 -0.062005
0.99996 0.00848535 0.00291979 -1.67063 -0.00843618 0.999829 -0.0164569 -0.288138 -0.00305893 0.0164316 0.99986 -0.047217
0.999924 0.00975804 0.00753538 -1.32286 -0.00966952 0.999885 -0.011695 -0.27478 -0.00764864 0.0116212 0.999903 -0.0296947
0.999921 0.010125 0.00741305 -0.992468 -0.0100361 0.999878 -0.0119369 -0.307621 -0.00753301 0.0118615 0.999901 -0.0394842
0.999888 0.0114094 0.00964304 -0.633636 -0.0112972 0.999869 -0.0116082 -0.269718 -0.00977422 0.0114979 0.999886 -0.0192613
0.999905 0.0105459 0.0088694 -0.311527 -0.0104417 0.999877 -0.0117083 -0.248855 -0.00899178 0.0116146 0.999892 -0.0160967
0.999914 0.00942306 0.00911139 -0.0319754 -0.00934655 0.999921 -0.00840273 -0.242906 -0.00918985 0.00831685 0.999923 0.00893825
0.999904 0.00862677 0.0108912 0.218838 -0.00852174 0.999917 -0.00965347 -0.226756 -0.0109736 0.00955973 0.999894 0.0068795
0.99989 0.0112768 0.00960248 0.377774 -0.0111242 0.999813 -0.0157971 -0.23255 -0.00977883 0.0156885 0.999829 -0.0139537
0.999898 0.0124777 0.00695082 0.533752 -0.0123859 0.999838 -0.0131014 -0.23415 -0.00711316 0.013014 0.99989 -0.0327897
0.999883 0.0121326 0.00936951 0.608547 -0.0120058 0.999837 -0.0134737 -0.22469 -0.00953145 0.0133597 0.999865 -0.0120648
0.999902 0.0110057 0.00869071 0.524584 -0.0108273 0.999735 -0.0203092 -0.243682 -0.00891192 0.0202131 0.999756 -0.0267403
0.999868 0.0128053 0.0099674 0.213556 -0.0126138 0.999739 -0.0190517 -0.249106 -0.0102088 0.0189234 0.999769 -0.015134
0.999873 0.0145786 0.00644546 -0.184137 -0.0144755 0.999771 -0.0157602 -0.252687 -0.00667374 0.0156649 0.999855 0.00055835
0.999851 0.0164905 0.00504516 -0.380276 -0.0164095 0.999743 -0.0156829 -0.258831 -0.00530248 0.0155978 0.999864 -0.00360266
0.999794 0.0191962 0.00659887 -0.584996 -0.0190705 0.999645 -0.0186078 -0.260025 -0.00695373 0.0184781 0.999805 -0.0285106
0.999777 0.0207004 0.00415338 -0.610818 -0.0206244 0.999633 -0.0175829 -0.2394 -0.00451583 0.0174934 0.999837 -0.013951
0.999709 0.0232138 0.00652736 -0.123495 -0.0231 0.999589 -0.0169944 -0.189591 -0.00691918 0.0168387 0.999834 0.00311541
0.999691 0.0240264 0.00641562 0.313271 -0.0239191 0.999581 -0.0162994 -0.134541 -0.00680455 0.0161409 0.999847 0.0101301
0.999723 0.0226262 0.00653875 0.68738 -0.022517 0.999613 -0.0163163 -0.099428 -0.00690539 0.0161645 0.999846 0.0173685
0.999724 0.0211288 0.0102624 1.06999 -0.0209803 0.999677 -0.0143625 -0.0496619 -0.0105626 0.0141433 0.999844 0.0152302
0.999715 0.0214861 0.0104265 1.48594 -0.0213325 0.999666 -0.0146181 0.0133851 -0.0107371 0.0143915 0.999839 0.0266346
0.999736 0.0202385 0.010897 1.6809 -0.0200668 0.999676 -0.0156391 0.00788441 -0.0112099 0.0154163 0.999818 0.0121348
0.999732 0.0204311 0.0108628 1.85156 -0.0202701 0.999686 -0.0147264 0.0363487 -0.0111602 0.0145022 0.999833 0.0271026
0.999774 0.0173626 0.0122881 1.97654 -0.0171755 0.999737 -0.0151668 0.055733 -0.0125482 0.0149523 0.999809 0.016535
0.999802 0.0137971 0.0143396 2.32212 -0.0135691 0.999782 -0.0158799 0.0659046 -0.0145556 0.0156822 0.999771 0.0122626
0.999848 0.0106297 0.0138602 2.58447 -0.0104304 0.999842 -0.0143766 0.0646986 -0.0140108 0.0142298 0.999801 0.0156328
0.999864 0.00797118 0.0144842 2.74441 -0.00774614 0.999849 -0.0155269 0.055816 -0.0146058 0.0154126 0.999774 0.0392167
0.999882 0.00660049 0.0139185 2.84136 -0.00637648 0.99985 -0.0160779 0.0343117 -0.0140226 0.0159873 0.999774 0.0280073
0.999833 0.00730686 0.0167699 3.12262 -0.00704468 0.999853 -0.0156401 0.0157039 -0.0168817 0.0155194 0.999737 0.0434429
0.999823 0.00874482 0.0166612 3.46437 -0.00837924 0.999725 -0.0218873 -0.0159261 -0.016848 0.0217438 0.999622 -0.00471109
0.999782 0.0109739 0.017779 3.78198 -0.0105935 0.999716 -0.0213542 -0.00299822 -0.0180083 0.0211612 0.999614 0.00151865
0.999752 0.0142011 0.0171911 3.63569 -0.0138327 0.999676 -0.021362 -0.0144277 -0.0174889 0.0211189 0.999624 0.0035142
0.999679 0.0172646 0.0185666 3.58553 -0.0168617 0.999623 -0.0216449 -0.0131993 -0.0189333 0.0213249 0.999593 0.00342792
0.999604 0.0213829 0.0183209 3.57549 -0.0209921 0.999554 -0.0212612 -0.000812165 -0.0187674 0.0208682 0.999606 0.0116068
0.999569 0.0242495 0.0165476 3.60157 -0.0239028 0.999497 -0.0208352 0.0221959 -0.0170446 0.0204307 0.999646 0.00965328
0.999475 0.0272933 0.0174855 3.51198 -0.0269234 0.999416 -0.0210522 0.0494028 -0.0180499 0.0205704 0.999625 0.0114599
0.999517 0.0263291 0.0165351 3.47409 -0.0259731 0.999434 -0.0213858 0.067332 -0.0170888 0.020946 0.999634 0.00927953
0.999597 0.023748 0.0155759 3.36111 -0.0234148 0.9995 -0.0212363 0.0748062 -0.0160725 0.020863 0.999653 -0.000439799
0.999605 0.0222725 0.0171444 3.23906 -0.0219071 0.999535 -0.0212136 0.0861554 -0.0176089 0.0208296 0.999628 0.0179678
0.999674 0.0192035 0.0168323 3.0498 -0.0188372 0.999588 -0.02166 0.0778825 -0.0172413 0.0213359 0.999624 0.019168
0.999762 0.0170178 0.0136933 2.88368 -0.0167213 0.999629 -0.0214811 0.0827899 -0.0140538 0.021247 0.999675 -0.00902817
0.999782 0.0148648 0.0146853 2.58508 -0.0145652 0.999688 -0.0203003 0.0545018 -0.0149824 0.020082 0.999686 0.0137714
0.999787 0.0148659 0.0143425 2.38227 -0.0145546 0.999661 -0.02157 0.0684211 -0.0146583 0.0213567 0.999664 0.0169613
0.999853 0.0145282 0.00916202 2.03352 -0.0143461 0.999704 -0.0196354 0.039325 -0.00944459 0.0195011 0.999765 0.0276855
0.999838 0.013574 0.0117864 1.98606 -0.0133223 0.999687 -0.0211802 0.0127473 -0.0120702 0.0210197 0.999706 0.0284607
0.999867 0.0131551 0.00967727 1.67795 -0.0129459 0.999688 -0.0213717 -0.00179101 -0.00995541 0.0212436 0.999725 0.0148509
0.995953 0.0891427 0.0114619 1.07734 -0.0888681 0.995788 -0.0225725 0.477387 -0.0134258 0.0214625 0.999679 0.0113099
0.985336 0.169974 0.0149101 0.643573 -0.169521 0.985139 -0.0276529 1.21318 -0.0193887 0.0247199 0.999506 0.0841962
0.971354 0.235803 0.0294754 0.320261 -0.234882 0.97151 -0.0315914 2.09421 -0.036085 0.0237631 0.999066 0.330305
0.948544 0.312868 0.0487631 0.062383 -0.311259 0.94957 -0.037879 3.31855 -0.0581551 0.020752 0.998092 0.740804
0.926394 0.37339 0.0487221 -0.0375154 -0.370852 0.927128 -0.0538737 4.5481 -0.0652876 0.0318396 0.997358 1.15488
0.899131 0.431439 0.0736453 0.0252152 -0.427197 0.901689 -0.0667832 5.89157 -0.0952181 0.0285858 0.995046 1.62637
0.866919 0.49293 0.0739716 0.111694 -0.485885 0.868819 -0.0952303 7.28497 -0.11121 0.0466152 0.992703 2.15693
0.842443 0.531929 0.0856822 0.366176 -0.523469 0.845727 -0.10357 8.49556 -0.127556 0.0424 0.990924 2.54701
0.798442 0.597485 0.0741775 0.630022 -0.589756 0.800943 -0.103338 9.408 -0.121155 0.0387631 0.991876 2.69096
0.74871 0.659097 0.070884 1.05358 -0.651811 0.751442 -0.102359 10.4827 -0.12073 0.030434 0.992219 2.74813
0.693007 0.717483 0.0704228 1.69538 -0.710713 0.696305 -0.100228 11.6796 -0.120947 0.0194081 0.992469 2.75501
0.629233 0.773824 0.0725367 2.57863 -0.767319 0.633356 -0.100411 12.8919 -0.123642 0.0075229 0.992298 2.76026
0.563994 0.823427 0.0622843 3.69445 -0.817685 0.56741 -0.0971487 14.2025 -0.115336 0.0038623 0.993319 2.73888
0.531241 0.844905 0.0625973 5.17578 -0.836875 0.53483 -0.116604 15.1444 -0.131998 0.00955876 0.991204 2.64905
0.498053 0.864987 0.0611553 6.78131 -0.855882 0.50169 -0.125593 16.1605 -0.139317 0.0102104 0.990195 2.61096
0.431924 0.900162 0.0561224 8.64709 -0.889494 0.435442 -0.138532 17.0131 -0.149139 0.00991491 0.988766 2.48239
0.392314 0.918622 0.0471622 10.5533 -0.907714 0.394931 -0.141716 18.0278 -0.148809 0.0127874 0.988783 2.50524
0.294905 0.954422 0.0459436 12.7755 -0.950159 0.297998 -0.0916208 19.0634 -0.101136 -0.0166343 0.994733 2.35026
-0.00325803 0.99761 0.0690255 14.788 -0.99968 -0.00151953 -0.0252246 19.1504 -0.0250594 -0.0690857 0.997296 2.09065
-0.0031889 0.99749 0.0707375 14.9067 -0.999564 -0.00110365 -0.0294988 18.683 -0.0293467 -0.0708008 0.997058 2.09057
-0.00268681 0.997428 0.0716227 14.9875 -0.99947 -0.000354617 -0.0325558 18.3015 -0.0324466 -0.0716722 0.9969 2.06766
-0.0018915 0.997502 0.0706155 15.0638 -0.999432 0.000489362 -0.0336841 17.9142 -0.0336345 -0.0706392 0.996935 2.04989
0.00236059 0.997687 0.0679426 15.1329 -0.99942 0.00466243 -0.0337413 17.6186 -0.03398 -0.0678236 0.997118 2.0294
0.00468482 0.997865 0.0651429 15.1949 -0.999424 0.0068609 -0.0332219 17.3201 -0.0335979 -0.0649498 0.997323 1.99661
0.00821331 0.997941 0.0636154 15.2176 -0.999375 0.0103783 -0.0337787 17.0341 -0.0343694 -0.0632982 0.997403 2.01021
0.0118818 0.998227 0.0583219 15.2365 -0.99937 0.0138052 -0.0326894 16.9149 -0.0334366 -0.0578967 0.997762 1.94275
0.0155101 0.99869 0.0487611 15.2223 -0.999323 0.0171105 -0.0325781 16.6832 -0.0333698 -0.0482228 0.998279 1.85804
0.0176639 0.99869 0.0480347 15.2354 -0.999162 0.019405 -0.036026 16.4048 -0.0369108 -0.0473581 0.998196 1.86115
0.021799 0.998663 0.0468692 15.2207 -0.999052 0.023526 -0.0366182 16.0931 -0.0376719 -0.0460266 0.99823 1.89598
0.0228824 0.998814 0.0429811 15.1815 -0.999216 0.0242383 -0.0312971 16.2729 -0.0323017 -0.0422312 0.998585 1.86864
0.0204668 0.998811 0.0442553 15.1767 -0.999155 0.0220117 -0.0347102 15.953 -0.035643 -0.0435075 0.998417 1.88025
0.0185322 0.998842 0.044395 15.1288 -0.999217 0.020055 -0.0341055 15.851 -0.0349563 -0.0437282 0.998432 1.88963
0.0168188 0.998855 0.0448025 15.0551 -0.999223 0.0183881 -0.0348485 16.3169 -0.0356324 -0.0441817 0.998388 1.93344
0.015754 0.998959 0.0428072 14.907 -0.999568 0.0167971 -0.024119 18.3043 -0.0248129 -0.0424087 0.998792 2.06567
0.0138108 0.998953 0.043621 14.7004 -0.99959 0.0148865 -0.0244353 21.0538 -0.0250591 -0.0432657 0.998749 2.10398
0.0128782 0.998936 0.0442818 14.606 -0.999552 0.0140572 -0.0264192 22.4132 -0.0270136 -0.0439218 0.99867 2.1334
