1 0 0 0 0 1 0 0 0 0 1 0
0.999997 -0.00242965 8.31524e-05 -2.10036 0.00242945 0.999994 0.00232798 -0.131595 -8.88081e-05 -0.00232778 0.999997 -0.0362968
0.999902 -0.0139292 -0.0013686 -4.17841 0.0139337 0.999897 0.00335856 -0.259584 0.00132167 -0.0033773 0.999993 -0.0720264
0.999751 -0.0223178 9.37596e-05 -6.25267 0.0223176 0.99975 0.00162491 -0.448372 -0.00013 -0.00162241 0.999999 -0.0924566
0.999666 -0.0257213 0.00246079 -8.31456 0.0257216 0.999669 -0.00010087 -0.608245 -0.00245738 0.000164132 0.999997 -0.137706
0.999626 -0.0268411 0.0052711 -10.426 0.0268459 0.999639 -0.000839118 -0.790577 -0.00524668 0.000980312 0.999986 -0.137569
0.999671 -0.0247675 0.00659723 -12.6037 0.0247802 0.999691 -0.00184785 -0.96854 -0.00654943 0.00201072 0.999977 -0.134922
0.999792 -0.0199101 0.00448909 -14.8103 0.0199188 0.9998 -0.00189712 -1.15513 -0.00445042 0.00198614 0.999988 -0.161871
0.999899 -0.0133586 0.0048794 -17.0749 0.0133616 0.999911 -0.000575086 -1.31721 -0.00487129 0.000640224 0.999988 -0.197765
0.999987 -0.00461874 0.00215552 -19.3731 0.00461406 0.999987 0.00217022 -1.46894 -0.00216552 -0.00216024 0.999995 -0.227169
0.999992 0.00397776 0.000326628 -21.7317 -0.00397757 0.999992 -0.000602202 -1.59922 -0.00032902 0.000600898 1 -0.277141
0.999855 0.0119436 0.0121186 -24.1278 -0.0118886 0.999919 -0.00460411 -1.69373 -0.0121726 0.00445937 0.999916 -0.341059
0.999797 0.0172963 0.0103295 -26.5827 -0.017193 0.999802 -0.0100094 -1.82428 -0.0105006 0.00982976 0.999897 -0.32826
0.999782 0.0203792 0.00442774 -29.0589 -0.0203483 0.999769 -0.00693397 -1.91612 -0.00456803 0.00684237 0.999966 -0.352946
0.999786 0.0205063 0.00278184 -31.5627 -0.0205031 0.999789 -0.00115156 -2.00393 -0.00280486 0.00109428 0.999995 -0.404379
0.999878 0.0155739 0.00129587 -34.0832 -0.015577 0.999876 0.00242728 -2.0818 -0.00125791 -0.00244717 0.999996 -0.458628
0.999958 0.00642591 0.00651185 -36.6225 -0.00643347 0.999979 0.00114176 -2.21557 -0.00650437 -0.00118361 0.999978 -0.511999
0.999989 -0.00375858 0.00278953 -39.2016 0.00373859 0.999968 0.00713947 -2.37468 -0.00281627 -0.00712896 0.999971 -0.551292
0.999851 -0.0161779 0.00599938 -41.7798 0.0161213 0.999826 0.00936022 -2.55329 -0.00614977 -0.00926211 0.999938 -0.584618
0.999586 -0.027812 0.00731512 -44.3977 0.027784 0.999606 0.00391024 -2.77898 -0.00742099 -0.00370538 0.999965 -0.614407
0.999318 -0.0369225 -0.000721668 -47.0087 0.0369247 0.999313 0.00324477 -3.02324 0.000601368 -0.0032692 0.999994 -0.620282
0.999005 -0.0442651 -0.00533978 -49.6446 0.0442724 0.999019 0.00124444 -3.27462 0.00527946 -0.00147961 0.999985 -0.683963
0.998858 -0.047751 0.00137849 -52.257 0.0477508 0.998859 0.000223324 -3.5604 -0.00138758 -0.000157245 0.999999 -0.734122
0.998827 -0.0481892 0.00464021 -54.8997 0.0481859 0.998838 0.000815375 -3.84985 -0.00467411 -0.000590826 0.999989 -0.736399
0.998925 -0.0460509 0.00532832 -57.5403 0.0460537 0.998939 -0.000390236 -4.11834 -0.00530469 0.000635205 0.999986 -0.742763
0.999075 -0.0429913 -0.000822795 -60.2276 0.0429907 0.999075 -0.000794805 -4.39914 0.000856206 0.000758697 0.999999 -0.784974
0.999256 -0.0383865 0.00360676 -62.8633 0.0383883 0.999263 -0.000433429 -4.66464 -0.00358746 0.000571564 0.999993 -0.825238
0.999422 -0.0336726 0.0046508 -65.5208 0.033676 0.999433 -0.000647964 -4.91571 -0.00462634 0.000804211 0.999989 -0.855982
0.999555 -0.029506 0.00426951 -68.1854 0.0295056 0.999565 0.000162519 -5.1531 -0.00427245 -3.64719e-05 0.999991 -0.904191
0.999631 -0.0263609 0.0064804 -70.8598 0.026353 0.999652 0.00130458 -5.39995 -0.00651253 -0.00113332 0.999978 -0.914294
0.999695 -0.024003 0.00572075 -73.5371 0.0239942 0.999711 0.00160044 -5.61855 -0.00575751 -0.00146268 0.999982 -0.943581
0.999707 -0.0230086 0.00754976 -76.2147 0.0229937 0.999734 0.00204792 -5.82968 -0.00759486 -0.00187373 0.999969 -0.93335
0.999683 -0.0232744 0.00961518 -78.8885 0.0232424 0.999724 0.00343274 -6.04201 -0.00969242 -0.00320817 0.999948 -0.950061
0.999716 -0.0232297 0.0052688 -81.5842 0.0231964 0.999711 0.00629096 -6.23424 -0.00541342 -0.00616695 0.999966 -0.988287
0.999712 -0.0235844 0.00432263 -84.2292 0.0235582 0.999704 0.00603145 -6.4688 -0.0044636 -0.00592789 0.999972 -0.984097
0.999708 -0.0239799 0.002883 -86.8709 0.0239539 0.999675 0.0087215 -6.67901 -0.0030912 -0.0086499 0.999958 -1.03243
0.999688 -0.024758 0.003138 -89.5044 0.0247439 0.999684 0.0044769 -6.91383 -0.00324785 -0.00439786 0.999985 -1.06165
0.999661 -0.0248138 0.00790633 -92.1258 0.0247762 0.999681 0.00482806 -7.10281 -0.00802361 -0.00463053 0.999957 -1.11371
0.999669 -0.0241766 0.00873311 -94.7307 0.0241799 0.999708 -0.000274104 -7.34062 -0.00872392 0.000485179 0.999962 -1.11608
0.999707 -0.0229356 0.00777301 -97.3503 0.0229521 0.999734 -0.00203679 -7.56332 -0.00772422 0.00221459 0.999968 -1.13119
0.999712 -0.0216734 0.0103131 -99.945 0.0216776 0.999765 -0.000296939 -7.76127 -0.0103042 0.000520415 0.999947 -1.12431
0.999707 -0.0207653 0.0124189 -102.539 0.0207835 0.999783 -0.00133332 -7.95762 -0.0123885 0.00159104 0.999922 -1.11169
0.999744 -0.0207609 0.00904271 -105.151 0.0207869 0.99978 -0.00279189 -8.17823 -0.00898276 0.00297914 0.999955 -1.12539
0.999766 -0.0206638 0.00646014 -107.742 0.0206522 0.999785 0.00187014 -8.37026 -0.0064974 -0.00173629 0.999977 -1.16003
0.999728 -0.0205226 0.0110467 -110.314 0.020421 0.999749 0.00923443 -8.56417 -0.0112334 -0.00900633 0.999896 -1.15847
0.999689 -0.0203758 0.0143947 -112.893 0.0202343 0.999746 0.00990728 -8.77199 -0.0145929 -0.00961292 0.999847 -1.14721
0.99952 -0.0190604 0.0244121 -115.455 0.0189955 0.999815 0.00289168 -8.98129 -0.0244627 -0.00242657 0.999698 -1.14665
0.999588 -0.0182168 0.022191 -118.053 0.0183054 0.999825 -0.0037953 -9.18051 -0.022118 0.00419995 0.999746 -1.13891
0.999671 -0.0163533 0.0197392 -120.655 0.0164085 0.999862 -0.0026395 -9.37352 -0.0196933 0.00296253 0.999801 -1.12831
0.999637 -0.0144072 0.022764 -123.221 0.0145061 0.999886 -0.00418209 -9.56236 -0.0227011 0.00451079 0.999732 -1.10405
0.999801 -0.0135915 0.0145872 -125.801 0.0135884 0.999908 0.000315755 -9.73985 -0.0145901 -0.000117475 0.999893 -1.09322
0.999808 -0.0136884 0.0140234 -128.39 0.0138565 0.999832 -0.0119649 -9.93457 -0.0138572 0.0121569 0.99983 -1.08391
0.99959 -0.014146 0.0248925 -130.962 0.0141214 0.9999 0.001164 -10.1073 -0.0249065 -0.000812007 0.999689 -1.08683
0.999765 -0.0139533 0.0166064 -133.51 0.0137955 0.999859 0.00958179 -10.2894 -0.0167377 -0.00935044 0.999816 -1.05695
0.999704 -0.0115868 0.0214151 -136.035 0.0114805 0.999921 0.00507866 -10.4629 -0.0214722 -0.00483129 0.999758 -1.04209
0.999722 -0.00940325 0.0216113 -138.531 0.00944009 0.999954 -0.0016022 -10.6704 -0.0215952 0.00180577 0.999765 -1.05353
0.99966 -0.00922485 0.0243796 -141.066 0.00921168 0.999957 0.000652885 -10.8083 -0.0243845 -0.000428085 0.999702 -1.01885
0.999774 -0.00788289 0.0197488 -143.558 0.00796903 0.999959 -0.00428612 -10.9832 -0.0197142 0.00444253 0.999796 -0.98283
0.999792 -0.0075309 0.0189549 -146.035 0.00757484 0.999969 -0.00224679 -11.1235 -0.0189373 0.00238991 0.999818 -0.993365
0.999704 -0.00599363 0.0236011 -148.503 0.00597025 0.999982 0.00106148 -11.2852 -0.0236071 -0.000920253 0.999721 -0.97499
0.999724 -0.00633161 0.0226348 -150.951 0.00626358 0.999976 0.00307597 -11.4409 -0.0226538 -0.00293334 0.999739 -0.952758
0.999653 -0.00745232 0.0252708 -153.387 0.00739203 0.99997 0.00247925 -11.5982 -0.0252885 -0.00229158 0.999677 -0.926221
0.999692 -0.00912368 0.0230869 -155.812 0.00901649 0.999948 0.00474348 -11.7639 -0.0231289 -0.00453385 0.999722 -0.912646
0.999586 -0.0116314 0.0263383 -158.207 0.0115225 0.999924 0.0042834 -11.9239 -0.0263861 -0.00397814 0.999644 -0.882214
0.999559 -0.0123547 0.026988 -160.61 0.0123272 0.999923 0.00118361 -12.0517 -0.0270006 -0.0008504 0.999635 -0.830432
0.999473 -0.0141493 0.0292276 -162.994 0.0141352 0.9999 0.000691806 -12.2578 -0.0292345 -0.000278302 0.999572 -0.815412
0.999454 -0.0150466 0.0294088 -165.384 0.0150725 0.999886 -0.000660708 -12.4594 -0.0293955 0.00110361 0.999567 -0.77568
0.999497 -0.0153601 0.027756 -167.744 0.0154487 0.999876 -0.00298089 -12.6263 -0.0277068 0.00340819 0.99961 -0.73318
0.999452 -0.0162916 0.028801 -170.08 0.016408 0.999858 -0.00381002 -12.7976 -0.0287348 0.00428051 0.999578 -0.705288
0.999311 -0.0169048 0.033036 -172.396 0.0170367 0.999848 -0.00371421 -12.9477 -0.0329682 0.00427448 0.999447 -0.645974
0.999311 -0.0172107 0.0328912 -174.731 0.0173071 0.999847 -0.0026478 -13.1163 -0.0328405 0.00321522 0.999455 -0.631174
0.999427 -0.0171252 0.0291848 -177.024 0.0171343 0.999853 -5.89666e-05 -13.3146 -0.0291795 0.000558996 0.999574 -0.596668
0.999352 -0.0172813 0.0315861 -179.321 0.0169734 0.999806 0.00999041 -13.4688 -0.0317526 -0.0094478 0.999451 -0.543523
0.999216 -0.018696 0.0348924 -181.603 0.0183148 0.99977 0.0112127 -13.6182 -0.035094 -0.0105648 0.999328 -0.450577
0.999318 -0.0203742 0.0308072 -183.889 0.019792 0.999622 0.0190857 -13.8104 -0.0311844 -0.0184629 0.999343 -0.418298
0.999308 -0.0217323 0.030185 -186.189 0.0210808 0.999542 0.0217375 -13.9795 -0.0306435 -0.0210861 0.999308 -0.384778
0.999104 -0.022664 0.0357481 -188.428 0.0218581 0.999502 0.0227777 -14.1582 -0.0362465 -0.0219759 0.999101 -0.333081
0.999132 -0.0235066 0.0344016 -190.69 0.02273 0.999482 0.0227949 -14.3464 -0.0349196 -0.0219931 0.999148 -0.269835
0.999046 -0.0246851 0.0360109 -192.955 0.0238466 0.999439 0.0235313 -14.5178 -0.0365715 -0.0226501 0.999074 -0.193344
0.999017 -0.0259562 0.0359425 -195.238 0.0251333 0.999416 0.0231594 -14.6964 -0.0365226 -0.0222333 0.999085 -0.152733
0.998946 -0.026725 0.0373208 -197.504 0.0259059 0.999417 0.0222631 -14.8881 -0.037894 -0.0212728 0.999055 -0.0699094
0.998859 -0.0275831 0.0389881 -199.786 0.0267154 0.999388 0.022604 -15.084 -0.0395877 -0.0215366 0.998984 -0.0255543
0.998871 -0.0280144 0.0383731 -202.082 0.0272273 0.999411 0.0208844 -15.2905 -0.0389356 -0.019816 0.999045 0.0742515
0.998754 -0.0285778 0.0409034 -204.394 0.0277326 0.999393 0.021084 -15.4636 -0.041481 -0.0199233 0.998941 0.117703
0.998646 -0.0294765 0.0428592 -206.696 0.0287267 0.999425 0.0180067 -15.6781 -0.0433653 -0.0167511 0.998919 0.209679
0.99864 -0.0303995 0.0423441 -209.035 0.0297314 0.999425 0.0163202 -15.8754 -0.0428158 -0.015039 0.99897 0.271675
0.998503 -0.0317619 0.0445316 -211.371 0.0310028 0.999364 0.0176363 -16.0866 -0.0450634 -0.0162293 0.998852 0.339861
0.998254 -0.0327666 0.0491434 -213.72 0.0319978 0.999354 0.0163494 -16.3058 -0.0496473 -0.0147484 0.998658 0.451685
0.998157 -0.0334546 0.0506244 -216.082 0.0326611 0.999332 0.0164213 -16.5121 -0.0511399 -0.0147375 0.998583 0.525051
0.998281 -0.0338812 0.0478133 -218.469 0.0332 0.999337 0.0149697 -16.7169 -0.0482888 -0.0133566 0.998744 0.61398
0.998118 -0.0339255 0.0510755 -220.844 0.0331682 0.999328 0.0156034 -16.9398 -0.0515705 -0.0138799 0.998573 0.724513
0.997983 -0.0337379 0.0537782 -223.243 0.0329242 0.999331 0.0159462 -17.1627 -0.0542802 -0.0141434 0.998425 0.816516
0.997977 -0.0348154 0.0531888 -225.647 0.0339558 0.999279 0.0169819 -17.3835 -0.0537416 -0.0151415 0.99844 0.897167
0.997923 -0.0370056 0.052721 -228.079 0.0361481 0.9992 0.017129 -17.6116 -0.0533127 -0.0151877 0.998462 0.990024
0.997588 -0.0396084 0.0570072 -230.501 0.0385548 0.999067 0.0194648 -17.8566 -0.0577249 -0.0172199 0.998184 1.09647
0.997382 -0.042347 0.0586191 -232.944 0.041149 0.998922 0.0214956 -18.0889 -0.0594661 -0.0190272 0.998049 1.20555
0.99692 -0.0449233 0.0642817 -235.38 0.0442477 0.99895 0.0118965 -18.3368 -0.0647486 -0.0090155 0.997861 1.34252
0.996677 -0.0477717 0.0659683 -237.813 0.047575 0.998857 0.00455034 -18.6121 -0.0661103 -0.00139677 0.997811 1.45632
0.997431 -0.050609 0.050692 -240.288 0.05065 0.998717 0.000476752 -18.8809 -0.050651 0.00209203 0.998714 1.56237
0.997242 -0.0552718 0.0495366 -242.76 0.0551897 0.998471 0.00302605 -19.1483 -0.0496281 -0.000283785 0.998767 1.64413
0.996566 -0.0582996 0.0588067 -245.226 0.0581958 0.998299 0.00347959 -19.4379 -0.0589095 -4.53333e-05 0.998263 1.72269
0.996399 -0.0620353 0.0577986 -247.746 0.061882 0.998074 0.00444031 -19.7343 -0.0579627 -0.000847622 0.998318 1.84378
0.996202 -0.0650176 0.0579116 -250.271 0.0647328 0.99788 0.00678245 -20.032 -0.0582298 -0.0030079 0.998298 1.92412
0.996106 -0.0671313 0.0571546 -252.818 0.0666601 0.997725 0.0101131 -20.344 -0.0577034 -0.0062638 0.998314 2.02502
0.995568 -0.0683058 0.0646478 -255.386 0.0678452 0.997653 0.00929545 -20.6746 -0.0651309 -0.00486819 0.997865 2.13279
0.995884 -0.0683657 0.0595046 -257.974 0.0677811 0.997631 0.0117908 -21.0125 -0.0601696 -0.00770893 0.998158 2.25417
0.99619 -0.0691158 0.053181 -260.602 0.0680421 0.997445 0.0217434 -21.3018 -0.054548 -0.018042 0.998348 2.37572
0.995755 -0.0682665 0.0617289 -263.198 0.0671847 0.997551 0.0194363 -21.6347 -0.0629046 -0.0152065 0.997903 2.47662
0.995729 -0.0643822 0.0661708 -265.821 0.0637438 0.997897 0.0117162 -21.9958 -0.0667859 -0.00744815 0.997739 2.60979
0.995969 -0.0637649 0.063087 -268.476 0.0627892 0.997876 0.0173322 -22.3178 -0.0640581 -0.0133012 0.997857 2.73406
0.996031 -0.0629807 0.0628981 -271.107 0.0619798 0.99792 0.0177416 -22.6289 -0.0638846 -0.0137727 0.997862 2.8728
0.996285 -0.0620762 0.0596885 -273.773 0.0612838 0.998007 0.0150176 -22.9538 -0.0605017 -0.0113038 0.998104 2.99787
0.99579 -0.0618735 0.0676349 -276.424 0.0608527 0.998001 0.0170537 -23.2606 -0.0685549 -0.0128661 0.997564 3.10986
0.995738 -0.0641183 0.0662889 -279.109 0.0628687 0.997806 0.0207702 -23.576 -0.0674752 -0.0165142 0.997584 3.27794
0.99561 -0.0648506 0.0674933 -281.783 0.0638074 0.997809 0.0175023 -23.9107 -0.0684804 -0.0131188 0.997566 3.43477
0.995631 -0.0653842 0.0666543 -284.467 0.0644559 0.997792 0.0159854 -24.2424 -0.0675524 -0.0116193 0.997648 3.5747
0.995422 -0.0687533 0.0663861 -287.143 0.0677112 0.997546 0.0178258 -24.5883 -0.0674488 -0.0132491 0.997634 3.71402
0.995366 -0.0719386 0.063803 -289.863 0.0705543 0.997227 0.0236929 -24.9176 -0.0653305 -0.0190815 0.997681 3.81009
0.994886 -0.075986 0.0665463 -292.549 0.0747581 0.996986 0.0207562 -25.2737 -0.0679228 -0.0156751 0.997567 3.96551
0.994655 -0.0779937 0.0676622 -295.228 0.07705 0.996891 0.0164512 -25.658 -0.0687349 -0.0111498 0.997572 4.13481
0.994625 -0.0806835 0.0648936 -297.93 0.0799985 0.996709 0.013091 -26.0415 -0.0657362 -0.0078292 0.997806 4.31781
0.99437 -0.0821344 0.0669436 -300.606 0.0813784 0.996586 0.013948 -26.4127 -0.0678606 -0.00842172 0.997659 4.44416
0.994161 -0.0827545 0.069245 -303.278 0.0822475 0.99656 0.0101455 -26.785 -0.0698464 -0.00439101 0.997548 4.59601
0.994117 -0.0831043 0.0694604 -305.949 0.0829292 0.996541 0.00540579 -27.1713 -0.0696693 0.000386315 0.99757 4.76295
0.994045 -0.0829614 0.070649 -308.646 0.0830274 0.996545 0.00200705 -27.5549 -0.0705714 0.00387071 0.997499 4.93395
0.993895 -0.083503 0.07211 -309.989 0.0835891 0.996499 0.00182936 -27.7616 -0.0720102 0.00420942 0.997395 5.01056
