1 0 0 0 0 1 0 0 0 0 1 0
0.999998 -0.00130981 0.00141452 -2.23698 0.00130859 0.999999 0.00086645 -0.109728 -0.00141566 -0.000864597 0.999999 -0.0296568
0.999974 -0.00233637 0.00682131 -4.44138 0.00233442 0.999997 0.000293644 -0.239553 -0.00682198 -0.000277712 0.999977 0.0643847
0.999981 -0.00283944 0.00551554 -6.63883 0.00283412 0.999995 0.000970877 -0.330732 -0.00551827 -0.000955227 0.999984 0.0357334
0.999977 -0.00345934 0.00574144 -8.82514 0.0034563 0.999994 0.000540317 -0.465069 -0.00574327 -0.000520461 0.999983 0.0472216
0.99997 -0.00353636 0.00689981 -11.0161 0.00352746 0.999993 0.00130181 -0.59116 -0.00690437 -0.00127743 0.999975 0.0226654
0.999982 -0.00281952 0.0053496 -13.2021 0.00281632 0.999996 0.000604998 -0.756242 -0.00535128 -0.000589921 0.999986 0.00700233
0.99999 -0.00125637 0.00431842 -15.3737 0.00125251 0.999999 0.000895591 -0.854343 -0.00431954 -0.000890173 0.99999 -0.0156338
0.999991 0.000172804 0.00414987 -17.6474 -0.000179715 0.999999 0.0016651 -0.943987 -0.00414958 -0.00166584 0.99999 -0.0438529
0.999987 0.00373882 0.00360542 -19.9411 -0.00374466 0.999992 0.00161573 -1.02398 -0.00359935 -0.00162921 0.999992 -0.0572879
0.999965 0.00782737 0.00298489 -22.2742 -0.00783637 0.999965 0.00301542 -1.16093 -0.00296118 -0.0030387 0.999991 -0.0991454
0.999917 0.0126682 0.00246198 -24.6516 -0.0126772 0.999913 0.00367102 -1.26885 -0.00241526 -0.00370193 0.99999 -0.134668
0.999863 0.0161936 0.00346411 -27.0739 -0.016212 0.999854 0.00536665 -1.36271 -0.0033767 -0.00542207 0.99998 -0.181012
0.999839 0.0179583 -0.000411167 -29.5491 -0.0179557 0.999823 0.00563574 -1.44138 0.000512301 -0.00562745 0.999984 -0.227364
0.999829 0.0184987 0.000281959 -32.0651 -0.0185 0.999813 0.00563209 -1.51833 -0.000177721 -0.00563635 0.999984 -0.246835
0.999835 0.0181358 0.000761272 -34.6118 -0.0181403 0.999815 0.00635413 -1.60266 -0.000645895 -0.00636689 0.99998 -0.295571
0.99984 0.017858 0.000542338 -37.1918 -0.0178617 0.99981 0.00773345 -1.68512 -0.000404132 -0.00774191 0.99997 -0.345575
0.999847 0.0174995 0.000585201 -39.7735 -0.0175045 0.999796 0.0100648 -1.75646 -0.000408953 -0.0100735 0.999949 -0.41533
0.999868 0.0162489 0.000991673 -42.3973 -0.0162598 0.999794 0.0121157 -1.83508 -0.000794603 -0.0121302 0.999926 -0.479151
0.999882 0.015121 0.00286351 -45.0532 -0.0151557 0.999807 0.0125134 -1.94242 -0.00267374 -0.0125554 0.999918 -0.499528
0.999798 0.0155026 0.0128162 -47.6941 -0.0156745 0.999787 0.0134208 -2.09692 -0.0126054 -0.0136189 0.999828 -0.576949
0.999904 0.0125685 0.00580761 -50.3946 -0.0126524 0.999812 0.0146577 -2.17877 -0.0056223 -0.0147298 0.999876 -0.631513
0.999924 0.0111586 0.0052549 -53.068 -0.0112309 0.99984 0.0139296 -2.2493 -0.00509862 -0.0139876 0.999889 -0.642904
0.999914 0.0117286 0.00590077 -55.7418 -0.0118067 0.999841 0.0133785 -2.3344 -0.00574292 -0.013447 0.999893 -0.653564
0.999898 0.0135079 0.00472622 -58.4149 -0.0135708 0.999816 0.0135494 -2.43992 -0.00454233 -0.0136122 0.999897 -0.672866
0.99987 0.0149791 0.00596253 -61.1062 -0.0150611 0.999789 0.0139617 -2.54747 -0.00575214 -0.0140497 0.999885 -0.684902
0.999876 0.0145054 0.00618534 -63.8049 -0.0145998 0.999773 0.0154985 -2.64511 -0.00595913 -0.0155869 0.999861 -0.72055
0.999906 0.0114461 0.0075804 -66.4836 -0.0115677 0.999802 0.0161933 -2.75606 -0.00739355 -0.0162794 0.99984 -0.734909
0.999942 0.00661597 0.00852879 -69.1719 -0.00676607 0.99982 0.0176918 -2.87771 -0.00841021 -0.0177484 0.999807 -0.765798
0.999947 0.0012069 0.0102401 -71.8649 -0.0013936 0.999832 0.0182444 -2.9992 -0.0102164 -0.0182577 0.999781 -0.781979
0.999918 -0.00477208 0.0118575 -74.5478 0.00454266 0.999803 0.0192993 -3.13583 -0.0119473 -0.0192439 0.999744 -0.784754
0.999839 -0.0102466 0.0147635 -77.2246 0.00995214 0.999752 0.0198817 -3.26002 -0.0149636 -0.0197315 0.999693 -0.766351
0.999765 -0.0140585 0.0164824 -79.8847 0.0137373 0.999716 0.0194389 -3.42347 -0.0167511 -0.0192079 0.999675 -0.731825
0.999722 -0.0162534 0.0170815 -82.5521 0.0159181 0.999681 0.019584 -3.59168 -0.0173943 -0.0193066 0.999662 -0.709761
0.99974 -0.0163049 0.0159648 -85.2474 0.0160095 0.999701 0.0184589 -3.79984 -0.016261 -0.0181985 0.999702 -0.698554
0.999772 -0.0145907 0.01557 -87.9292 0.0143052 0.99973 0.0182938 -3.96728 -0.0158327 -0.018067 0.999712 -0.710134
0.999797 -0.0130941 0.0153282 -90.5812 0.0127764 0.999705 0.0206471 -4.15281 -0.015594 -0.0204471 0.999669 -0.747665
0.999901 -0.0117103 0.00781871 -93.1504 0.0115515 0.999732 0.020055 -4.32801 -0.00805147 -0.0199627 0.999768 -0.743938
0.999941 -0.0101909 0.00365125 -95.532 0.0101145 0.999741 0.0203616 -4.4556 -0.00385781 -0.0203235 0.999786 -0.734736
0.999945 -0.0090884 0.00531818 -97.7817 0.00897943 0.999756 0.020165 -4.60041 -0.00550015 -0.0201161 0.999783 -0.71337
0.999956 -0.0075211 0.0056466 -99.8846 0.00740106 0.999752 0.0209855 -4.70933 -0.00580303 -0.0209428 0.999764 -0.738125
0.999963 -0.00470263 0.00717059 -101.895 0.00455055 0.999767 0.0210791 -4.81508 -0.00726804 -0.0210457 0.999752 -0.729581
0.999927 3.04521e-05 0.012087 -103.796 -0.000283584 0.99978 0.020941 -4.88612 -0.0120837 -0.020943 0.999708 -0.706628
0.999915 0.00293319 0.0127357 -105.685 -0.00320301 0.999769 0.0212178 -4.96761 -0.0126706 -0.0212568 0.999694 -0.698645
0.999915 0.00284999 0.0127402 -107.587 -0.00313537 0.999743 0.0224361 -5.07342 -0.012673 -0.0224741 0.999667 -0.715281
0.999882 -0.000641967 0.0153351 -109.511 0.000292135 0.99974 0.0228036 -5.16269 -0.0153457 -0.0227964 0.999623 -0.712723
0.999847 -0.0040911 0.0169856 -111.372 0.0037053 0.999736 0.0226824 -5.29387 -0.0170739 -0.022616 0.999599 -0.71076
0.999859 -0.00896159 0.0142304 -113.246 0.0086577 0.999736 0.0212738 -5.38466 -0.0144173 -0.0211476 0.999673 -0.698352
0.999774 -0.0127636 0.0170007 -115.111 0.0124167 0.999715 0.0203586 -5.4895 -0.0172557 -0.0201429 0.999648 -0.688308
0.999686 -0.0128663 0.0214974 -116.937 0.0124333 0.999719 0.0201554 -5.60672 -0.0217507 -0.0198818 0.999566 -0.698316
0.999666 -0.0137693 0.0218924 -118.873 0.0133083 0.999689 0.0210672 -5.72663 -0.0221757 -0.0207688 0.999539 -0.685916
0.999656 -0.0137535 0.0223164 -120.87 0.0132486 0.999656 0.0226177 -5.89188 -0.0226198 -0.0223143 0.999495 -0.684666
0.999693 -0.0145903 0.020044 -122.933 0.0141272 0.999634 0.0230523 -6.02927 -0.020373 -0.022762 0.999534 -0.684876
0.999684 -0.0152571 0.0199858 -125.056 0.0147761 0.999603 0.0239956 -6.16217 -0.0203439 -0.0236927 0.999513 -0.674384
0.999704 -0.0151035 0.0190553 -127.244 0.0146257 0.999581 0.0249707 -6.29358 -0.0194244 -0.0246847 0.999507 -0.668043
0.999695 -0.0140508 0.0202895 -129.518 0.0135983 0.999659 0.0222688 -6.42837 -0.0205954 -0.0219861 0.999546 -0.606789
0.999743 -0.0119693 0.0192592 -131.846 0.0115098 0.99965 0.0237945 -6.57305 -0.0195373 -0.0235667 0.999532 -0.628692
0.999786 -0.00910137 0.0185748 -134.223 0.00864245 0.999659 0.0246382 -6.74067 -0.0187927 -0.0244724 0.999524 -0.652875
0.999813 -0.00766855 0.0177746 -136.685 0.00719433 0.99962 0.0265911 -6.91104 -0.0179717 -0.0264582 0.999489 -0.666408
0.999864 -0.00693748 0.0149585 -139.118 0.0065376 0.999624 0.0266173 -7.02536 -0.0151375 -0.0265159 0.999534 -0.672946
0.999894 -0.00773813 0.0123625 -141.662 0.00737901 0.999557 0.0288337 -7.18861 -0.0125801 -0.0287394 0.999508 -0.709009
0.99993 -0.0091875 0.00751634 -144.193 0.00894992 0.999477 0.0310513 -7.30361 -0.00779768 -0.0309819 0.99949 -0.740627
0.999911 -0.0120683 0.00560924 -146.794 0.0118856 0.999432 0.0315347 -7.46449 -0.00598661 -0.0314653 0.999487 -0.774505
0.99984 -0.0165252 0.00683834 -149.425 0.0162851 0.999296 0.0337898 -7.64135 -0.00739189 -0.0336731 0.999406 -0.807102
0.999761 -0.0216365 0.0032117 -152.066 0.0215222 0.999252 0.0321272 -7.836 -0.0039044 -0.0320504 0.999479 -0.814742
0.99962 -0.027504 0.00175607 -154.725 0.027432 0.99909 0.0326495 -8.06793 -0.00265244 -0.032589 0.999466 -0.847639
0.999437 -0.0335356 0.000740929 -157.393 0.0334912 0.998864 0.0338968 -8.258 -0.00187682 -0.033853 0.999425 -0.891647
0.999273 -0.0381271 -0.000719613 -160.086 0.0381289 0.998665 0.034846 -8.50198 -0.000609906 -0.0348481 0.999393 -0.924077
0.999153 -0.0410073 -0.00340917 -162.749 0.0410998 0.998573 0.034103 -8.75268 0.00200585 -0.0342142 0.999413 -0.915188
0.999085 -0.0425057 -0.00481744 -165.436 0.0426453 0.99851 0.0340232 -9.01358 0.0033641 -0.0341975 0.99941 -0.953561
0.99907 -0.0419268 -0.010123 -168.138 0.0422338 0.998585 0.0323012 -9.30129 0.00875443 -0.0326987 0.999427 -0.967872
0.999133 -0.0400176 -0.0115059 -170.824 0.0403765 0.998644 0.0328652 -9.52422 0.0101752 -0.0333013 0.999394 -1.02557
0.999236 -0.0367453 -0.0133193 -173.537 0.0371902 0.9987 0.0348637 -9.77752 0.0120209 -0.0353324 0.999304 -1.07909
0.999368 -0.0319534 -0.0156042 -176.253 0.0324984 0.998822 0.0360219 -10.0041 0.0144348 -0.0365062 0.999229 -1.15144
0.999504 -0.0275257 -0.0152708 -178.976 0.028073 0.998925 0.036872 -10.2312 0.0142395 -0.0372824 0.999204 -1.23014
0.999599 -0.0233633 -0.0160038 -181.704 0.0239523 0.999003 0.0376611 -10.4395 0.015108 -0.0380294 0.999163 -1.29347
0.99963 -0.0199378 -0.0185031 -184.37 0.0206602 0.998997 0.0397132 -10.6287 0.0176928 -0.0400808 0.99904 -1.36758
0.999601 -0.0199822 -0.0199685 -187.094 0.0208087 0.998897 0.0420771 -10.8329 0.0191057 -0.0424758 0.998915 -1.48563
0.999576 -0.0210535 -0.0201267 -189.825 0.0218887 0.998868 0.04222 -11.0321 0.0192151 -0.0426426 0.998906 -1.57276
0.999544 -0.0230642 -0.0194669 -192.549 0.0238674 0.998828 0.0420911 -11.2294 0.0184733 -0.0425366 0.998924 -1.6471
0.999481 -0.0243606 -0.0210932 -195.269 0.0252219 0.998816 0.0415815 -11.4421 0.0200553 -0.0420919 0.998913 -1.74515
0.999401 -0.0243515 -0.0245821 -197.966 0.0253506 0.99883 0.0411865 -11.6506 0.0235505 -0.0417851 0.998849 -1.83752
0.999406 -0.0244712 -0.0242841 -200.697 0.0254592 0.998824 0.0412442 -11.8576 0.0232462 -0.0418379 0.998854 -1.95234
0.999456 -0.0232087 -0.0234132 -203.382 0.0241495 0.998878 0.0407356 -12.0735 0.0224415 -0.0412789 0.998896 -2.0547
0.99944 -0.0231874 -0.0241329 -206.11 0.0241558 0.998881 0.0406449 -12.2848 0.0231635 -0.0412051 0.998883 -2.15631
0.99943 -0.0226798 -0.0249908 -208.824 0.023677 0.998905 0.0403545 -12.4878 0.0240482 -0.0409232 0.998873 -2.26437
0.999427 -0.0224231 -0.0253679 -211.543 0.0234512 0.998884 0.0409847 -12.6553 0.0244206 -0.0415561 0.998838 -2.36114
0.999446 -0.0216767 -0.0252526 -214.262 0.0227217 0.998865 0.0418591 -12.8797 0.0243166 -0.0424097 0.998805 -2.46867
0.999415 -0.0199474 -0.0277836 -216.937 0.0211373 0.998842 0.0432168 -13.0914 0.0268894 -0.0437788 0.99868 -2.57953
0.999436 -0.0187381 -0.0278659 -219.658 0.0199494 0.998839 0.0438456 -13.2921 0.027012 -0.0443768 0.99865 -2.69019
0.999427 -0.018753 -0.0281638 -222.381 0.0200045 0.998794 0.0448338 -13.4787 0.0272891 -0.0453716 0.998598 -2.7979
0.999235 -0.0179493 -0.0347431 -225.045 0.0195167 0.998782 0.0453148 -13.6496 0.0338874 -0.0459582 0.998369 -2.92822
0.99927 -0.0184688 -0.0334312 -227.787 0.0199297 0.998837 0.0439053 -13.8448 0.0325814 -0.0445396 0.998477 -3.04018
0.999299 -0.0184984 -0.0325585 -230.519 0.0199573 0.998784 0.0450723 -14.0595 0.0316852 -0.0456905 0.998453 -3.18515
0.999298 -0.0188336 -0.0323862 -233.252 0.0202753 0.998791 0.0447819 -14.2507 0.0315037 -0.0454071 0.998472 -3.30314
0.9993 -0.0189675 -0.0322403 -235.985 0.0203561 0.998854 0.0433023 -14.4589 0.031382 -0.0439283 0.998542 -3.43188
0.999304 -0.0191742 -0.0319932 -238.698 0.0203806 0.999076 0.0378201 -14.6551 0.0312385 -0.0384458 0.998773 -3.48784
0.999357 -0.0195587 -0.0300622 -241.41 0.0206629 0.999106 0.0368711 -14.8354 0.0293142 -0.0374686 0.998868 -3.60353
0.999229 -0.0193145 -0.0341896 -244.142 0.0205345 0.999151 0.0356987 -15.0363 0.0334711 -0.0363732 0.998778 -3.72833
0.999309 -0.0189905 -0.0319501 -246.869 0.020157 0.999127 0.0365946 -15.2251 0.0312273 -0.0372133 0.99882 -3.85516
0.999284 -0.0180132 -0.0332674 -249.595 0.0193031 0.999058 0.038867 -15.4111 0.0325359 -0.0394813 0.998691 -4.0011
0.999229 -0.0181989 -0.0347773 -252.36 0.0194752 0.999135 0.03672 -15.61 0.034079 -0.037369 0.998721 -4.1203
0.999361 -0.0179023 -0.0309381 -255.102 0.0189853 0.999204 0.0350757 -15.8032 0.0302856 -0.0356407 0.998906 -4.22941
0.999297 -0.0175206 -0.033134 -257.831 0.0186408 0.999254 0.0338059 -16.0087 0.032517 -0.0343998 0.998879 -4.36881
0.999213 -0.0167785 -0.0359284 -260.542 0.0179471 0.999312 0.0324565 -16.1937 0.0353591 -0.0330758 0.998828 -4.50426
0.999249 -0.0167019 -0.0349711 -263.273 0.0178519 0.999301 0.0328351 -16.3864 0.0343983 -0.0334347 0.998849 -4.64591
0.999446 -0.0162548 -0.0290252 -266.001 0.0172777 0.999225 0.0353482 -16.6027 0.0284281 -0.0358302 0.998954 -4.78026
0.999458 -0.0160616 -0.0287351 -268.733 0.0171228 0.999166 0.0370738 -16.7876 0.0281157 -0.0375458 0.9989 -4.89285
0.999388 -0.0163282 -0.0309218 -271.473 0.0175209 0.999097 0.0387042 -16.9652 0.0302619 -0.0392224 0.998772 -4.99907
0.999294 -0.0162789 -0.0338648 -274.171 0.0175474 0.999142 0.0375078 -17.1266 0.0332252 -0.0380755 0.998723 -5.09263
0.999301 -0.0154421 -0.0340553 -276.888 0.0167031 0.999173 0.0370591 -17.3081 0.0334549 -0.037602 0.998733 -5.21455
0.999326 -0.0156419 -0.0332086 -279.623 0.0168384 0.999207 0.0360642 -17.5055 0.0326182 -0.0365991 0.998798 -5.35277
0.999336 -0.0161205 -0.0326645 -282.35 0.0173065 0.999189 0.0363604 -17.6847 0.0320518 -0.0369016 0.998805 -5.4567
0.999311 -0.0151957 -0.0338685 -285.053 0.0164999 0.99912 0.0385685 -17.8661 0.0332526 -0.0391008 0.998682 -5.59113
0.999474 -0.0167195 -0.027769 -287.786 0.0178326 0.999027 0.0403352 -18.0421 0.0270676 -0.0408092 0.998801 -5.74097
0.999331 -0.0163838 -0.0326879 -290.491 0.0176359 0.999107 0.0383931 -18.2365 0.0320297 -0.038944 0.998728 -5.85557
0.999185 -0.016096 -0.037022 -293.219 0.0175472 0.999077 0.0392147 -18.4226 0.0363566 -0.0398324 0.998545 -5.99724
0.999287 -0.0153719 -0.0344901 -295.943 0.0167653 0.99904 0.0404818 -18.6129 0.0338348 -0.0410312 0.998585 -6.1287
0.999222 -0.0141888 -0.0367934 -298.615 0.0157205 0.999007 0.0416811 -18.7968 0.0361655 -0.0422271 0.998453 -6.25736
0.99914 -0.0138217 -0.0390879 -301.349 0.0155176 0.998936 0.0434235 -18.982 0.0384461 -0.0439927 0.998292 -6.40233
0.999013 -0.014141 -0.0421027 -304.099 0.016102 0.998783 0.0466078 -19.1457 0.0413924 -0.0472398 0.998026 -6.56845
0.999055 -0.0141934 -0.0410843 -306.753 0.016192 0.998681 0.0487305 -19.3501 0.0403385 -0.0493497 0.997967 -6.72778
0.999199 -0.0160331 -0.036654 -309.48 0.0177016 0.9988 0.0456573 -19.5435 0.035878 -0.0462696 0.998285 -6.85015
0.999049 -0.0183697 -0.0395416 -312.193 0.019835 0.999119 0.0369921 -19.7121 0.0388272 -0.0377413 0.998533 -6.98763
0.998888 -0.0207077 -0.0423549 -314.936 0.0222871 0.999061 0.0371643 -19.9271 0.0415455 -0.0380669 0.998411 -7.1646
0.998832 -0.0232463 -0.0423435 -316.948 0.0248419 0.998986 0.0375567 -20.092 0.0414276 -0.0385647 0.998397 -7.25024
