1 0 0 0 0 1 0 0 0 0 1 0
0.999998 0.0020541 0.000681354 -1.87889 -0.00205374 0.999998 -0.000516211 -0.0961224 -0.000682413 0.00051481 1 -0.0235788
0.999988 0.00335837 0.00351361 -3.72437 -0.0033601 0.999994 0.00048846 -0.184516 -0.00351195 -0.000500261 0.999994 -0.0382712
0.999975 0.00508609 0.00486851 -5.54776 -0.0050775 0.999986 -0.00177604 -0.27445 -0.00487747 0.00175128 0.999987 -0.0398892
0.999951 0.00700666 0.00704181 -7.33231 -0.00698664 0.999972 -0.00286407 -0.362329 -0.00706168 0.00281473 0.999971 -0.0505146
0.999948 0.00852799 0.00564197 -9.09244 -0.0085186 0.999962 -0.00168769 -0.440945 -0.00565615 0.00163954 0.999983 -0.0704597
0.999929 0.00978495 0.00686332 -10.8107 -0.00977215 0.99995 -0.00189667 -0.515553 -0.00688154 0.00182947 0.999975 -0.080231
0.999917 0.0107299 0.00714925 -12.4739 -0.0107192 0.999941 -0.00153685 -0.581922 -0.00716532 0.00146009 0.999973 -0.0765058
0.999887 0.0132657 0.00710722 -14.0876 -0.0132553 0.999911 -0.00150661 -0.649433 -0.00712658 0.00141223 0.999974 -0.0912993
0.999852 0.0150954 0.00819155 -15.6585 -0.0150817 0.999885 -0.00172459 -0.707497 -0.00821664 0.00160079 0.999965 -0.089616
0.99974 0.020812 0.00935256 -17.1993 -0.0207908 0.999781 -0.00235546 -0.75449 -0.00939954 0.0021604 0.999953 -0.105982
0.999467 0.0307724 0.0108608 -18.704 -0.0307529 0.999525 -0.00195982 -0.784311 -0.010916 0.00162477 0.999939 -0.099887
0.998905 0.044392 0.0147581 -20.1784 -0.0443667 0.999013 -0.00204111 -0.788733 -0.0148341 0.00138411 0.999889 -0.094513
0.997968 0.0617042 0.0159107 -21.6292 -0.0617025 0.998094 -0.000598329 -0.767736 -0.0159173 -0.000384619 0.999873 -0.0945152
0.996581 0.0812401 0.0150249 -23.0599 -0.0812517 0.996694 0.00015684 -0.726926 -0.0149625 -0.00137711 0.999887 -0.100837
0.994593 0.102509 0.0166555 -24.4501 -0.102543 0.994728 0.00117178 -0.649592 -0.0164475 -0.00287334 0.999861 -0.0951919
0.992222 0.12306 0.0187732 -25.8016 -0.123136 0.992386 0.00292146 -0.539799 -0.0182707 -0.00521039 0.99982 -0.0822666
0.990512 0.135998 0.0197738 -27.1252 -0.136212 0.99063 0.00991545 -0.415707 -0.01824 -0.0125148 0.999755 -0.0852828
0.990929 0.132619 0.0217318 -28.4391 -0.133005 0.990963 0.0173985 -0.288309 -0.019228 -0.0201311 0.999612 -0.0955803
0.993336 0.113709 0.0187948 -29.7568 -0.114042 0.993318 0.0177366 -0.208389 -0.0166524 -0.0197618 0.999666 -0.0869345
0.995588 0.0915824 0.0204216 -31.0686 -0.0919206 0.995633 0.0162876 -0.167157 -0.0188407 -0.0180929 0.999659 -0.0759984
0.997853 0.0609389 0.0239864 -32.3559 -0.0613958 0.997937 0.0187969 -0.165122 -0.0227914 -0.0202292 0.999536 -0.0695508
0.999252 0.0302313 0.0241223 -33.652 -0.0305705 0.999437 0.0138207 -0.212597 -0.0236909 -0.0145478 0.999613 -0.0453648
0.999725 0.00149015 0.0234071 -34.9398 -0.00184936 0.999881 0.0153331 -0.281586 -0.0233814 -0.0153721 0.999608 -0.0303866
0.999361 -0.0272095 0.0231582 -36.2178 0.0268084 0.999488 0.0174573 -0.385782 -0.0236214 -0.0168253 0.999579 -0.0416697
0.998279 -0.0531939 0.0246815 -37.4887 0.0528648 0.998506 0.0138042 -0.532032 -0.0253789 -0.0124757 0.9996 -0.0236146
0.997042 -0.0731682 0.0235141 -38.7409 0.0729378 0.997281 0.0105151 -0.705409 -0.0242195 -0.00876892 0.999668 -0.0208318
0.995874 -0.0877542 0.0231161 -39.997 0.0875533 0.996114 0.00956591 -0.898513 -0.0238657 -0.00750255 0.999687 -0.0202703
0.995136 -0.0956469 0.0235639 -41.2389 0.0955965 0.995415 0.00325749 -1.09818 -0.0237674 -0.00098903 0.999717 -0.0161015
0.995191 -0.0951023 0.023456 -42.4799 0.0951287 0.995465 -9.84898e-06 -1.29658 -0.0233487 0.00224114 0.999725 -0.0183493
0.99559 -0.090536 0.0245761 -43.7121 0.0906071 0.995885 -0.00179058 -1.48143 -0.0243129 0.00400945 0.999696 -0.00430771
0.996251 -0.0826445 0.025565 -44.9453 0.0827815 0.996558 -0.00434696 -1.64937 -0.0251177 0.00644696 0.999664 -0.00349354
0.996887 -0.0741473 0.0268077 -46.1675 0.0742346 0.997238 -0.0022739 -1.80039 -0.026565 0.00425687 0.999638 -0.03037
0.99745 -0.0657289 0.0277912 -47.3927 0.0658474 0.997824 -0.00336597 -1.94946 -0.0275095 0.00518736 0.999608 -0.0260389
0.997839 -0.0579638 0.0309398 -48.6346 0.0580899 0.998306 -0.00318863 -2.08966 -0.0307026 0.00497903 0.999516 -0.0236678
0.998225 -0.0493866 0.0332868 -49.88 0.049482 0.998773 -0.00204593 -2.21686 -0.0331449 0.00368939 0.999444 -0.0191722
0.998574 -0.04145 0.0336233 -51.181 0.0415486 0.999134 -0.00223733 -2.34091 -0.0335014 0.00363114 0.999432 -0.00362856
0.998838 -0.0337368 0.0344118 -52.5078 0.0339188 0.999413 -0.0047175 -2.4667 -0.0342324 0.00587922 0.999397 0.0170703
0.998994 -0.026472 0.0362011 -53.8923 0.0266234 0.999639 -0.00370705 -2.57852 -0.0360899 0.00466711 0.999338 0.034981
0.999147 -0.0186411 0.036844 -55.3266 0.0188249 0.999812 -0.00464594 -2.6936 -0.0367505 0.00533556 0.99931 0.069774
0.999139 -0.0123015 0.039618 -56.8442 0.0124291 0.999918 -0.00297353 -2.77926 -0.0395782 0.00346338 0.99921 0.087289
0.999109 -0.00501639 0.0418934 -58.3739 0.00509734 0.999986 -0.00182506 -2.85972 -0.0418837 0.00203697 0.99912 0.114881
0.999105 0.00232725 0.0422298 -59.9555 -0.00225496 0.999996 -0.00175868 -2.95271 -0.0422337 0.00166187 0.999106 0.171688
0.999142 0.00889744 0.0404527 -61.5981 -0.00892797 0.99996 0.000574669 -3.01643 -0.0404459 -0.00093534 0.999181 0.184841
0.999073 0.0148511 0.0404002 -63.2501 -0.0149066 0.999888 0.00107436 -3.08484 -0.0403797 -0.0016756 0.999183 0.204683
0.999035 0.0199923 0.039111 -64.917 -0.0201056 0.999795 0.00250727 -3.13887 -0.0390529 -0.00329121 0.999232 0.217532
0.998933 0.02432 0.0392433 -66.5909 -0.0244622 0.999696 0.00314978 -3.18527 -0.0391547 -0.0041064 0.999225 0.246164
0.998846 0.0245446 0.0412862 -68.284 -0.0247712 0.999681 0.00498468 -3.23028 -0.0411507 -0.00600164 0.999135 0.287735
0.998734 0.0246672 0.0438411 -70.0197 -0.0248102 0.999689 0.00271966 -3.28414 -0.0437604 -0.00380393 0.999035 0.322197
0.998708 0.0238704 0.0448539 -71.786 -0.0240578 0.999704 0.00364328 -3.34299 -0.0447537 -0.00471766 0.998987 0.349566
0.998679 0.0227433 0.0460691 -73.6001 -0.0229551 0.999728 0.00407409 -3.40934 -0.0459639 -0.00512624 0.99893 0.366704
0.998713 0.0212321 0.0460445 -75.4463 -0.0214767 0.999758 0.00482483 -3.47203 -0.045931 -0.00580751 0.998928 0.422009
0.998771 0.0206869 0.0450328 -77.3498 -0.0208957 0.999773 0.00416983 -3.54587 -0.0449363 -0.0051057 0.998977 0.464235
0.998657 0.0196461 0.047924 -79.2821 -0.0197181 0.999805 0.00103018 -3.62273 -0.0478944 -0.00197377 0.99885 0.50502
0.998726 0.0173333 0.0473852 -81.2659 -0.0175038 0.999842 0.00318525 -3.68782 -0.0473225 -0.00401062 0.998872 0.551361
0.998774 0.0139784 0.0474828 -83.2825 -0.0141497 0.999895 0.00327378 -3.77278 -0.047432 -0.00394164 0.998867 0.604139
0.998737 0.0110329 0.0490037 -85.3384 -0.0112475 0.999928 0.00410621 -3.86581 -0.0489549 -0.0046522 0.99879 0.668585
0.998881 0.00919452 0.0463931 -87.4305 -0.00942708 0.999944 0.00479709 -3.95944 -0.0463464 -0.00522908 0.998912 0.736126
0.99878 0.00738954 0.0488132 -89.5513 -0.00755613 0.999966 0.00322963 -4.06053 -0.0487877 -0.00359453 0.998803 0.806045
0.998715 0.00655566 0.0502493 -91.7057 -0.0066567 0.999976 0.00184423 -4.15354 -0.050236 -0.00217636 0.998735 0.864557
0.998685 0.00760262 0.050696 -93.8447 -0.00767975 0.99997 0.00132716 -4.25462 -0.0506844 -0.00171475 0.998713 0.938176
0.998899 0.00956966 0.0459119 -96.0069 -0.00973235 0.999947 0.00332186 -4.35087 -0.0458777 -0.00376504 0.99894 0.999945
0.999026 0.0125768 0.0422789 -98.1886 -0.0127504 0.999911 0.00384073 -4.43758 -0.0422269 -0.00437607 0.999098 1.06087
0.998733 0.0156432 0.0478206 -100.379 -0.015742 0.999875 0.00168934 -4.52985 -0.0477882 -0.00244 0.998855 1.11687
0.998746 0.0183325 0.0465923 -102.588 -0.0184671 0.999827 0.00245878 -4.60506 -0.0465392 -0.00331612 0.998911 1.16457
0.99869 0.0215849 0.046389 -104.794 -0.0216975 0.999763 0.00192631 -4.67678 -0.0463364 -0.00293032 0.998922 1.21255
0.998568 0.0230548 0.0482597 -106.995 -0.0232277 0.999726 0.00302464 -4.74164 -0.0481767 -0.00414127 0.99883 1.26499
0.998648 0.0235186 0.0463514 -109.19 -0.0236176 0.99972 0.00158916 -4.81077 -0.0463011 -0.00268173 0.998924 1.30709
0.998628 0.024671 0.0461863 -111.391 -0.0246195 0.999696 -0.00168462 -4.86993 -0.0462138 0.000545219 0.998931 1.35798
0.998538 0.0271102 0.0467516 -113.573 -0.0269913 0.999631 -0.00317176 -4.93924 -0.0468203 0.00190523 0.998901 1.42257
0.998457 0.0293403 0.047139 -115.756 -0.0293055 0.99957 -0.00142865 -4.99964 -0.0471606 4.50109e-05 0.998887 1.48803
0.998425 0.0308584 0.0468532 -117.933 -0.0309952 0.999517 0.00219542 -5.04291 -0.0467629 -0.00364419 0.998899 1.55103
0.998355 0.0327645 0.0470552 -120.092 -0.0330008 0.999446 0.00425265 -5.08909 -0.0468898 -0.00579851 0.998883 1.60598
0.998086 0.034901 0.0510441 -122.249 -0.0350295 0.999385 0.0016244 -5.12761 -0.050956 -0.00340934 0.998695 1.67148
0.997997 0.0372955 0.0510904 -124.398 -0.0373951 0.9993 0.000993177 -5.16617 -0.0510176 -0.00290172 0.998694 1.73619
0.997811 0.0390437 0.0533768 -126.54 -0.0391562 0.999233 0.00106238 -5.19796 -0.0532944 -0.00315009 0.998574 1.81135
0.998136 0.041512 0.0447216 -128.679 -0.0416134 0.999133 0.00133778 -5.22091 -0.0446273 -0.00319631 0.998999 1.87447
0.997771 0.0435441 0.0505631 -130.797 -0.043731 0.99904 0.00259572 -5.23541 -0.0504016 -0.00480111 0.998717 1.93855
0.997572 0.0463442 0.0519853 -132.915 -0.0466272 0.998903 0.00424392 -5.24379 -0.0517316 -0.00665755 0.998639 2.00557
0.997433 0.0489384 0.0522605 -135.013 -0.0491248 0.99879 0.00228755 -5.251 -0.0520853 -0.00484897 0.998631 2.0715
0.997293 0.0517228 0.052264 -137.11 -0.0519188 0.998649 0.00239849 -5.25745 -0.0520694 -0.0051055 0.99863 2.14644
0.997065 0.0558019 0.0524057 -139.195 -0.055987 0.998429 0.00207087 -5.25535 -0.0522079 -0.00499884 0.998624 2.21974
0.996556 0.0612539 0.0558962 -141.269 -0.0615393 0.998099 0.00339673 -5.23788 -0.0555819 -0.00682486 0.998431 2.27866
0.996312 0.066426 0.0543191 -143.34 -0.0668626 0.997743 0.00625709 -5.21203 -0.0537809 -0.00986594 0.998504 2.3585
0.996194 0.0712415 0.0502207 -145.415 -0.0718772 0.997353 0.0109652 -5.16489 -0.0493066 -0.0145332 0.998678 2.42602
0.995961 0.0752967 0.0489139 -147.467 -0.0762125 0.996944 0.0171333 -5.10852 -0.0474744 -0.020792 0.998656 2.48405
0.99544 0.0791964 0.0531753 -149.516 -0.0804564 0.996516 0.0219834 -5.03705 -0.051249 -0.0261615 0.998343 2.54837
0.995173 0.0833114 0.0518665 -151.554 -0.0847038 0.996086 0.0252499 -4.97489 -0.0495599 -0.0295213 0.998335 2.60689
0.994941 0.0864318 0.0511925 -153.591 -0.0881067 0.995616 0.0314138 -4.90607 -0.048253 -0.0357653 0.998195 2.66376
0.994669 0.0889225 0.0522145 -155.613 -0.0907463 0.995305 0.0336583 -4.82174 -0.0489764 -0.0382171 0.998069 2.72139
0.994576 0.090312 0.0515869 -157.65 -0.0923621 0.994968 0.0388408 -4.73723 -0.0478195 -0.0433948 0.997913 2.77444
0.99462 0.090538 0.0503367 -159.669 -0.0926479 0.994842 0.0412912 -4.65335 -0.0463387 -0.0457326 0.997878 2.82612
0.994808 0.0877454 0.0515479 -161.688 -0.0900834 0.99492 0.0449298 -4.57208 -0.0473436 -0.0493402 0.997659 2.89902
0.995435 0.0846312 0.0441113 -163.706 -0.0865718 0.995269 0.044114 -4.50404 -0.0401692 -0.0477315 0.998052 2.97913
0.995708 0.0810487 0.044687 -165.696 -0.0830803 0.995497 0.0456524 -4.43765 -0.0407857 -0.0491691 0.997957 3.02361
0.995708 0.0780005 0.0498129 -167.688 -0.0801884 0.995828 0.0435447 -4.38925 -0.0462086 -0.0473522 0.997809 3.08782
0.996019 0.0750149 0.0481527 -169.689 -0.0770245 0.996172 0.0413298 -4.34204 -0.044868 -0.0448742 0.997985 3.15313
0.996123 0.0724937 0.0498246 -171.677 -0.0745256 0.996408 0.0402098 -4.30728 -0.0467307 -0.0437672 0.997948 3.21746
0.996319 0.0696084 0.0500257 -173.664 -0.0717354 0.996537 0.0420581 -4.27323 -0.0469249 -0.0454919 0.997862 3.27351
0.996508 0.0663776 0.0506478 -175.65 -0.0686897 0.996606 0.0453619 -4.2492 -0.0474649 -0.0486825 0.997686 3.34004
0.996507 0.0630994 0.0546991 -177.604 -0.0655631 0.996857 0.0444806 -4.22384 -0.0517205 -0.0479114 0.997512 3.4168
0.996454 0.0591117 0.0598703 -179.554 -0.0619116 0.997019 0.0460436 -4.212 -0.0569701 -0.049587 0.997144 3.47974
0.99663 0.0546763 0.0611456 -181.484 -0.0574219 0.997376 0.044084 -4.21035 -0.0585749 -0.0474466 0.997155 3.56018
0.996926 0.0504173 0.0599657 -183.42 -0.0530115 0.99769 0.0424874 -4.23182 -0.0576851 -0.0455357 0.997296 3.639
0.99703 0.0466123 0.0612959 -185.333 -0.0491058 0.997999 0.0398226 -4.24871 -0.0593171 -0.0427143 0.997325 3.72062
0.997199 0.0430598 0.0611494 -187.225 -0.0452789 0.998348 0.0353795 -4.26504 -0.059525 -0.0380492 0.997501 3.80334
0.997275 0.0392417 0.06246 -189.093 -0.0413822 0.998587 0.0333537 -4.29668 -0.0610629 -0.0358475 0.99749 3.87216
0.997235 0.0372871 0.0642741 -190.941 -0.0394324 0.998696 0.0324384 -4.32568 -0.0629808 -0.0348832 0.997405 3.95745
0.997229 0.0350306 0.0656274 -192.772 -0.0374281 0.998663 0.0356658 -4.36254 -0.0642903 -0.0380233 0.997207 4.03918
0.997362 0.0328254 0.0647334 -194.588 -0.035364 0.998634 0.038469 -4.39481 -0.0633822 -0.0406568 0.997161 4.13162
0.997546 0.0311122 0.0627233 -196.376 -0.0335135 0.998731 0.0376028 -4.42941 -0.0614738 -0.0396126 0.997322 4.23819
0.997645 0.0298158 0.0617699 -198.127 -0.0322029 0.998758 0.0380175 -4.47543 -0.0605598 -0.0399171 0.997366 4.31863
0.997782 0.0283455 0.0602337 -199.853 -0.0307349 0.998762 0.0391204 -4.50651 -0.0590503 -0.0408849 0.997418 4.40713
0.997739 0.0265633 0.0617246 -201.547 -0.0290446 0.998791 0.0396571 -4.58177 -0.0605966 -0.0413603 0.997305 4.4922
0.997563 0.0243016 0.0654041 -203.229 -0.0270028 0.998805 0.0407386 -4.62808 -0.064336 -0.0424054 0.997027 4.56666
0.997623 0.0230561 0.0649297 -204.88 -0.0255498 0.998957 0.0378423 -4.68883 -0.0639895 -0.0394113 0.997172 4.65701
0.997772 0.02078 0.0633972 -206.509 -0.0231665 0.999041 0.0371435 -4.73637 -0.0625646 -0.0385294 0.997297 4.74034
0.997738 0.0186936 0.0645702 -208.103 -0.0211831 0.99905 0.0380877 -4.79048 -0.0637969 -0.0393693 0.997186 4.81356
0.997632 0.0167561 0.066708 -209.655 -0.0193781 0.999057 0.0388541 -4.83886 -0.0659941 -0.0400548 0.997016 4.88187
0.997756 0.0153388 0.0651705 -211.181 -0.0177691 0.999162 0.0368783 -4.91234 -0.0645502 -0.0379536 0.997193 4.97931
0.997817 0.0141733 0.0644883 -212.681 -0.0165387 0.999204 0.0362946 -4.97459 -0.0639226 -0.037282 0.997258 5.06635
0.997828 0.0136594 0.0644432 -214.152 -0.0160805 0.999179 0.0372024 -5.02621 -0.0638821 -0.0381579 0.997228 5.12903
0.997835 0.0136498 0.0643347 -215.588 -0.0161268 0.999142 0.0381413 -5.07901 -0.0637589 -0.0390963 0.997199 5.20204
0.997694 0.0138222 0.0664387 -216.984 -0.0163686 0.999146 0.0379366 -5.13113 -0.0658577 -0.0389367 0.997069 5.27348
0.997531 0.0145797 0.0686867 -218.351 -0.0172665 0.999102 0.0386871 -5.18543 -0.068061 -0.0397776 0.996888 5.34796
0.997499 0.0152725 0.0689998 -219.017 -0.0179859 0.999082 0.0388764 -5.21328 -0.0683428 -0.0400202 0.996859 5.38793
