1 0 0 0 0 1 0 0 0 0 1 0
-0.786124 0.617533 0.0257315 0.996984 -0.617253 -0.782265 -0.0840242 0.526711 -0.0317589 -0.0819362 0.996131 0.110089
0.193497 -0.981095 0.00342817 0.506677 0.980718 0.193323 -0.0286206 -0.848506 0.0274168 0.00890007 0.999584 0.129203
0.498385 0.86481 0.0609524 -0.235913 -0.859878 0.502059 -0.0924463 0.449572 -0.11055 -0.00633776 0.99385 0.292316
-0.942612 -0.332909 -0.0255577 1.0149 0.333839 -0.938378 -0.089432 0.563214 0.00578997 -0.0928318 0.995665 0.326105
0.932653 -0.359826 0.026148 0.0371841 0.36062 0.931925 -0.0383392 -0.570743 -0.0105725 0.0451866 0.998923 -0.184497
-0.496915 0.863982 0.0813008 0.126778 -0.866673 -0.489318 -0.0971869 1.14052 -0.0441858 -0.118755 0.99194 -0.607996
-0.101943 -0.994476 0.0250131 0.976743 0.992038 -0.103497 -0.0717568 0.0835837 0.0739492 0.0174988 0.997108 -1.23634
0.664229 0.745146 0.0596477 -0.563583 -0.743419 0.666826 -0.0516796 0.478524 -0.0782835 -0.0100162 0.996881 -1.63294
-0.969314 -0.242338 0.0412664 0.918515 0.238397 -0.967637 -0.082733 1.22781 0.0599803 -0.0703564 0.995717 -2.31026
0.936329 -0.342631 0.0767653 0.405546 0.347285 0.93593 -0.0585523 -0.298893 -0.0517852 0.0814836 0.995328 -2.94634
-0.574345 0.815892 0.0666915 -0.189306 -0.816335 -0.564768 -0.120975 1.33005 -0.0610377 -0.123924 0.990413 -3.27464
-0.013953 -0.999694 0.020414 1.36744 0.996934 -0.0154808 -0.0767034 0.666395 0.0769959 0.0192812 0.996845 -3.71268
0.590719 0.802247 0.0863204 -0.599586 -0.79702 0.596825 -0.0925186 0.218226 -0.125741 -0.0141465 0.991962 -3.40887
-0.949466 -0.306875 0.0658936 1.34181 0.296523 -0.945828 -0.132225 1.85057 0.102901 -0.106004 0.989027 -2.64827
0.917348 -0.394837 0.0507652 1.47983 0.39764 0.914879 -0.0698461 -0.669235 -0.0188663 0.0842594 0.996265 -2.42876
-0.430068 0.8985 0.0879727 -0.153991 -0.89975 -0.418579 -0.123454 1.3386 -0.0740997 -0.132247 0.988443 -1.70063
-0.230886 -0.971688 0.0501461 2.55873 0.960685 -0.235833 -0.146516 0.465167 0.154193 0.0143462 0.987937 -1.63385
0.795476 0.599121 0.0909498 0.31817 -0.581839 0.797073 -0.161675 -0.920073 -0.169357 0.0756907 0.982644 -1.50203
-0.997916 0.0371067 0.0527886 1.20406 -0.044788 -0.987257 -0.152701 1.28354 0.0464496 -0.154747 0.986862 -0.942527
0.790431 -0.611927 0.0276387 1.63624 0.612404 0.788448 -0.0575419 -1.35628 0.0134197 0.0624089 0.99796 -1.11182
-0.32427 0.945143 0.0394281 -0.560849 -0.938809 -0.316421 -0.136074 0.371605 -0.116134 -0.0811401 0.989914 -0.838974
-0.26191 -0.964727 -0.0265685 2.27426 0.957391 -0.256251 -0.133182 0.469599 0.121676 -0.0603183 0.990735 -0.867625
0.739747 0.670851 0.0522868 0.0144935 -0.657215 0.737006 -0.157769 -1.1718 -0.144375 0.0823451 0.986091 -0.968137
-0.987102 -0.159878 -0.00824692 0.993529 0.158253 -0.96669 -0.201163 1.28614 0.0241893 -0.199874 0.979523 -0.405198
0.908699 -0.416171 -0.0326867 1.78274 0.409433 0.90378 -0.124686 -0.701404 0.0814324 0.0999192 0.991658 -0.573534
-0.54096 0.840706 -0.023993 -0.280795 -0.82211 -0.534584 -0.195848 0.253908 -0.177477 -0.0862212 0.980341 -0.336619
-0.0332485 -0.996522 -0.0764055 1.84288 0.980677 -0.0177818 -0.194827 0.626663 0.19279 -0.0814068 0.977857 -0.143829
0.539297 0.84208 0.00778758 -0.0915745 -0.820928 0.527767 -0.218037 -0.718827 -0.187715 0.111194 0.975909 -0.565278
-0.882526 -0.469979 -0.0163627 1.10137 0.457432 -0.849851 -0.261745 1.12339 0.109109 -0.238481 0.964999 -0.298251
0.999539 -0.0147175 0.026534 0.797819 0.020591 0.97131 -0.236925 -0.765867 -0.0222858 0.237363 0.971165 -1.21267
-0.884806 0.465947 -0.00333388 0.636823 -0.443037 -0.843475 -0.303757 1.58356 -0.144347 -0.267289 0.952744 -1.13768
0.613078 -0.78924 -0.0351495 2.1543 0.755248 0.598567 -0.267054 -0.281427 0.231809 0.137179 0.96304 -2.19935
-0.239521 0.970805 0.0129366 0.066098 -0.916891 -0.221798 -0.331838 1.26287 -0.319281 -0.0913436 0.943248 -1.93869
-0.103573 -0.994036 -0.0341383 3.01231 0.958602 -0.0906098 -0.26995 0.241602 0.265247 -0.0606846 0.962269 -2.42925
0.403345 0.912931 0.0622096 -0.20649 -0.860334 0.401506 -0.314037 -0.0502402 -0.311672 0.0731441 0.947371 -2.51043
-0.652971 -0.75473 0.0633315 2.52521 0.702378 -0.634713 -0.322189 0.856975 0.283363 -0.165897 0.944555 -2.5377
0.848945 0.519837 0.0951908 0.272219 -0.460875 0.816381 -0.348019 -0.39901 -0.258625 0.251578 0.932642 -2.96225
-0.978184 -0.200467 0.0544857 2.33766 0.171058 -0.926087 -0.336306 1.09662 0.117877 -0.319649 0.940175 -2.71074
0.979911 -0.151547 0.129648 1.00516 0.183909 0.938117 -0.293453 -0.980471 -0.0771529 0.311401 0.947141 -3.29162
-0.848666 0.522239 0.0838657 0.67259 -0.524674 -0.811114 -0.258478 1.87678 -0.0669626 -0.263364 0.96237 -2.74637
0.634943 -0.765186 0.106482 1.08469 0.761494 0.596631 -0.253294 -0.739077 0.130287 0.241913 0.961511 -3.66124
-0.361149 0.932467 0.0087741 -0.147385 -0.881901 -0.338477 -0.328151 1.43336 -0.30302 -0.126249 0.944585 -2.89835
-0.00547566 -0.999983 -0.00174368 2.97096 0.956546 -0.00472909 -0.291543 -0.323511 0.29153 -0.00326434 0.956556 -3.33436
0.433865 0.900077 0.0402669 -0.932268 -0.851229 0.424144 -0.309049 -0.603302 -0.295247 0.0998091 0.950194 -3.25951
-0.752025 -0.658839 -0.0197621 2.62454 0.630256 -0.709974 -0.314188 1.56444 0.192968 -0.248732 0.949155 -2.68496
0.912866 0.407962 0.0155752 -0.507847 -0.375871 0.854725 -0.358002 -1.15259 -0.159364 0.320954 0.933591 -3.84522
-0.995517 -0.0945791 0.00111932 1.28911 0.0879206 -0.929661 -0.357771 2.70575 0.0348782 -0.356068 0.933809 -2.26396
0.984827 -0.173503 0.00338049 0.337665 0.166588 0.939763 -0.298487 -1.65793 0.0486117 0.294521 0.954408 -3.40571
-0.894202 0.44275 0.0661431 -0.0698865 -0.435278 -0.825407 -0.359494 2.46728 -0.104571 -0.350251 0.930801 -1.95358
0.696949 -0.71666 0.0257216 1.91132 0.672814 0.641056 -0.369281 -0.779177 0.24816 0.274676 0.928962 -3.02361
-0.387883 0.920969 0.0369115 -1.75851 -0.837696 -0.335541 -0.430904 1.72936 -0.384464 -0.198061 0.901643 -1.53616
0.0529543 -0.99857 0.00737054 2.86224 0.92766 0.0464595 -0.370525 0.263189 0.369653 0.0264582 0.928794 -2.27247
0.2956 0.95467 0.0350066 -2.33808 -0.868969 0.283926 -0.405314 0.43378 -0.396881 0.0893913 0.913507 -2.11651
-0.593339 -0.80495 0.00205587 2.7268 0.741883 -0.547839 -0.386629 2.11444 0.312343 -0.227877 0.922233 -1.87925
0.807148 0.582861 0.093731 -1.00851 -0.510852 0.769171 -0.383934 -0.769279 -0.295875 0.262009 0.918591 -2.93906
-0.941688 -0.329538 0.0680259 1.61884 0.265698 -0.852272 -0.450597 2.78896 0.206466 -0.406248 0.890132 -1.55374
0.993176 0.0315031 0.112289 0.285698 0.0126239 0.928127 -0.37205 -1.12611 -0.115939 0.370929 0.921396 -3.16322
-0.97939 0.194862 0.0531473 0.583928 -0.197191 -0.865519 -0.460426 3.09835 -0.0437196 -0.461416 0.886106 -1.14322
0.888273 -0.454542 0.0660527 2.0265 0.443573 0.811584 -0.380228 -0.86513 0.119222 0.367046 0.922531 -3.03149
-0.743341 0.663309 0.0864041 -0.370555 -0.623782 -0.640739 -0.447604 2.45642 -0.241538 -0.38662 0.890048 -1.2466
0.534591 -0.84345 0.0529477 3.07384 0.79399 0.479808 -0.373316 -0.60826 0.289469 0.241612 0.926192 -2.69043
-0.242064 0.968011 0.0660329 -1.0587 -0.891368 -0.194985 -0.4092 1.003 -0.383234 -0.157912 0.910053 -1.5642
-0.0992894 -0.995057 0.00159071 3.59095 0.900692 -0.0905523 -0.424917 0.474498 0.42296 -0.040757 0.905231 -2.01518
0.430921 0.900709 0.0550564 -1.09887 -0.843072 0.4236 -0.331351 -0.402345 -0.321773 0.0963697 0.9419 -2.17606
-0.726333 -0.68488 0.0581352 2.83866 0.612349 -0.683182 -0.397857 1.65257 0.312202 -0.253378 0.915604 -1.3915
0.953109 0.283125 0.106879 0.78282 -0.200869 0.856014 -0.476331 -1.97209 -0.226351 0.432527 0.872746 -2.95359
-0.978697 0.14394 0.146404 1.19455 -0.197657 -0.853456 -0.482229 1.8868 0.0555369 -0.500894 0.863725 -0.670365
0.830374 -0.529616 0.173165 2.42384 0.540502 0.690072 -0.481309 -1.78279 0.135413 0.493263 0.859276 -2.5021
-0.566471 0.806146 0.170994 0.766927 -0.764115 -0.436114 -0.475324 0.344387 -0.308608 -0.399916 0.863035 -1.00308
0.236302 -0.961322 0.141497 2.74841 0.880715 0.150379 -0.449141 -1.21782 0.410491 0.230752 0.882185 -1.95225
0.130154 0.984605 0.116672 0.902561 -0.88343 0.168584 -0.437185 -0.457767 -0.450124 -0.0461698 0.891772 -1.67451
-0.481136 -0.862696 0.155771 2.75486 0.749386 -0.49695 -0.437563 -0.0934824 0.454894 -0.0937944 0.885593 -2.14126
0.750479 0.652909 0.102423 1.34029 -0.547431 0.700951 -0.457151 -0.597898 -0.370271 0.287013 0.883472 -2.05526
-0.94403 -0.304039 0.127937 2.93733 0.231092 -0.886356 -0.401209 0.142937 0.235381 -0.349188 0.907008 -2.24203
0.989536 -0.11454 0.0877487 2.14825 0.142915 0.861746 -0.486794 -0.887656 -0.0198598 0.494241 0.869098 -2.83677
-0.787484 0.613607 0.0579245 2.18011 -0.561568 -0.675604 -0.477704 0.80056 -0.253989 -0.408713 0.876609 -1.8019
0.390695 -0.920502 0.00581997 3.14252 0.806284 0.339153 -0.484646 -0.837275 0.444143 0.194041 0.874691 -2.50331
0.243066 0.969745 -0.0226476 1.19459 -0.891804 0.214224 -0.398489 -0.270874 -0.381581 0.117056 0.916894 -2.09655
-0.881114 -0.472511 0.0192687 2.95324 0.414047 -0.790498 -0.451306 0.303299 0.228479 -0.389674 0.892162 -1.95689
0.971855 -0.234342 0.0241208 1.61566 0.21935 0.862799 -0.455481 -1.21037 0.0859267 0.447952 0.889919 -2.5864
-0.567422 0.82326 -0.0165597 1.13524 -0.753095 -0.526985 -0.393872 1.08294 -0.332986 -0.211021 0.919016 -1.82251
-0.0656888 -0.997509 -0.0256986 2.76899 0.9142 -0.0498408 -0.402187 0.343137 0.399904 -0.0499128 0.915197 -2.14407
0.637763 0.766281 -0.077921 0.817709 -0.723454 0.561237 -0.402029 0.380141 -0.264335 0.312771 0.912306 -2.26712
-0.965261 -0.223529 -0.135299 1.93884 0.259613 -0.879006 -0.399936 1.51713 -0.0295313 -0.421168 0.906502 -1.73577
0.914277 -0.394983 -0.0899213 1.90209 0.335083 0.862145 -0.380032 -0.233172 0.227631 0.317324 0.920592 -2.4939
-0.453824 0.877858 -0.152998 1.01495 -0.778243 -0.474096 -0.41179 0.782157 -0.434029 -0.0678106 0.898343 -2.4211
-0.112727 -0.986998 -0.114578 3.27186 0.899636 -0.0524269 -0.433481 0.451129 0.421837 -0.151944 0.893849 -2.30529
0.341921 0.929478 -0.138424 0.690629 -0.830555 0.229991 -0.507231 0.509014 -0.439623 0.288401 0.850621 -2.89507
-0.49032 -0.868498 -0.0727839 3.30187 0.793471 -0.410291 -0.449516 1.33952 0.360541 -0.278159 0.890302 -2.80547
0.61558 0.779255 -0.11757 1.48494 -0.734948 0.51381 -0.442551 0.826441 -0.284451 0.358833 0.889003 -3.74956
-0.692374 -0.714826 -0.0981975 3.46283 0.675389 -0.594168 -0.436823 1.49243 0.253907 -0.368766 0.894172 -3.64393
0.736271 0.660959 -0.14504 1.5054 -0.617471 0.568542 -0.54359 1.19982 -0.27683 0.489787 0.826725 -4.38585
-0.770658 -0.626073 -0.118821 3.63267 0.601934 -0.653973 -0.458252 1.55273 0.209194 -0.424678 0.880844 -3.65047
0.810947 0.573995 -0.113549 1.56765 -0.557939 0.700115 -0.445582 0.833643 -0.176264 0.424697 0.888011 -3.98618
-0.784803 -0.603523 -0.140868 3.3098 0.595302 -0.670911 -0.442147 1.21286 0.172336 -0.430858 0.885812 -3.74483
0.727494 0.673417 -0.131385 1.06738 -0.659708 0.633935 -0.403625 0.486659 -0.188518 0.38031 0.905442 -4.02958
-0.644933 -0.755738 -0.113674 2.83789 0.718371 -0.548726 -0.427603 0.729908 0.260779 -0.357435 0.896791 -3.63615
0.428016 0.896024 -0.118083 1.34752 -0.838952 0.345323 -0.420608 1.01454 -0.336097 0.279093 0.899525 -3.78541
-0.191418 -0.971928 -0.136802 2.57367 0.900234 -0.118319 -0.419021 0.723844 0.391072 -0.203362 0.897612 -4.19278
-0.0402729 0.98976 -0.136942 2.08283 -0.904438 -0.0943637 -0.416037 1.93218 -0.424699 0.1071 0.898978 -3.75729
0.172591 -0.963963 -0.202454 1.81831 0.871134 0.245311 -0.425379 0.255842 0.459714 -0.102948 0.88208 -4.86715
-0.236433 0.959638 -0.152296 2.94648 -0.804635 -0.281236 -0.522943 1.51189 -0.544667 -0.00109817 0.838652 -4.03052
0.278862 -0.924128 -0.261198 1.49301 0.816844 0.371275 -0.441498 -0.0626428 0.504976 -0.0902412 0.858403 -5.35173
-0.284137 0.946792 -0.151166 2.42542 -0.79872 -0.32096 -0.508951 0.88165 -0.530389 -0.023873 0.847418 -4.23938
0.394903 -0.882284 -0.256177 1.97375 0.77013 0.469945 -0.431336 -0.617622 0.50095 -0.0269542 0.865057 -5.37178
-0.422682 0.880987 -0.212609 2.1965 -0.701794 -0.466614 -0.538291 0.770595 -0.573433 -0.0783177 0.8155 -4.63237
0.496912 -0.833274 -0.242348 1.94931 0.718807 0.551686 -0.423035 -0.605811 0.486204 0.0360095 0.873103 -5.45233
-0.647652 0.711766 -0.271912 2.31396 -0.572511 -0.690079 -0.442743 0.152155 -0.50277 -0.131071 0.854425 -5.06878
0.726978 -0.616806 -0.301749 1.55024 0.525926 0.782698 -0.332846 0.500615 0.44148 0.083274 0.893399 -5.39717
-0.746919 0.636431 -0.192532 2.116 -0.509532 -0.733884 -0.449212 -0.508107 -0.427188 -0.237424 0.872434 -5.97801
0.780247 -0.594196 -0.195309 1.58492 0.519059 0.789353 -0.327872 1.13134 0.348988 0.154443 0.924313 -5.79679
-0.828235 0.488886 -0.273894 2.1211 -0.399459 -0.857855 -0.32329 -0.400377 -0.393013 -0.15835 0.905796 -6.39822
0.926202 -0.296291 -0.233157 1.84753 0.232733 0.935823 -0.264708 0.92539 0.296625 0.19091 0.935718 -6.09895
-0.93737 0.11312 -0.329457 2.07945 -0.0218931 -0.963064 -0.268382 -1.31592 -0.347647 -0.24436 0.905223 -6.74701
0.980875 0.100854 -0.166475 2.24328 -0.135612 0.967636 -0.212815 0.894153 0.139624 0.231321 0.962806 -6.22618
-0.911332 -0.358815 -0.201807 0.996033 0.403528 -0.875633 -0.265391 -1.46685 -0.0814827 -0.323294 0.942784 -6.91669
0.761803 0.627581 -0.160622 3.12773 -0.647714 0.742156 -0.172253 0.312459 0.0111041 0.23526 0.971869 -6.01576
-0.539625 -0.809039 -0.232939 0.25847 0.840602 -0.502367 -0.202524 -0.488592 0.0468284 -0.305096 0.951169 -6.84336
0.240228 0.948403 -0.206938 3.42614 -0.957084 0.195808 -0.213656 -1.09699 -0.162111 0.249383 0.95474 -6.29861
0.124539 -0.963385 -0.237443 0.802941 0.970711 0.167851 -0.171888 1.00882 0.205449 -0.209082 0.956073 -6.69365
-0.442214 0.881794 -0.163973 2.6556 -0.858416 -0.469086 -0.20756 -1.72003 -0.259942 0.0489712 0.964382 -6.98337
0.693646 -0.682617 -0.229977 1.802 0.676796 0.726922 -0.116327 1.38574 0.246582 -0.0749578 0.966219 -6.79285
-0.854092 0.45398 -0.253827 1.9834 -0.419111 -0.889706 -0.181024 -1.9441 -0.308013 -0.048229 0.950159 -7.27624
0.963533 -0.0860348 -0.253381 3.49889 0.0677833 0.994494 -0.079918 0.886805 0.258862 0.0598284 0.96406 -6.46637
-0.92234 -0.26853 -0.277815 0.351663 0.32015 -0.933688 -0.16041 -1.52567 -0.216317 -0.236894 0.947147 -7.66418
