1 0 0 0 0 1 0 0 0 0 1 0
1 0.000288457 0.000142945 -0.000787542 -0.000288398 1 -0.000413467 -0.00120301 -0.000143065 0.000413426 1 0.00207975
1 0.000309118 0.000177147 -0.00899285 -0.000308983 1 -0.000762802 -0.00271644 -0.000177383 0.000762747 1 -0.0115185
1 0.000346461 -3.34557e-05 -0.00985493 -0.000346478 1 -0.000517643 -0.000782945 3.32763e-05 0.000517654 1 -0.000590591
1 0.000394818 -0.000183502 -0.00505245 -0.000394904 1 -0.000465768 -3.19643e-05 0.000183318 0.00046584 1 -6.51621e-05
1 0.000383137 -0.000190644 -0.00838705 -0.000383242 1 -0.000553546 -0.0011162 0.000190432 0.000553619 1 -0.00656181
1 0.000535362 -0.000235926 -0.00120256 -0.000535645 0.999999 -0.0012005 -0.00121608 0.000235283 0.00120063 0.999999 -0.00975299
1 0.000466031 -0.000550502 -0.00692605 -0.000466923 0.999999 -0.00162165 -0.00600802 0.000549746 0.0016219 0.999998 -0.0109825
1 0.000468112 -0.000659033 -0.0114905 -0.000468883 0.999999 -0.00117 -0.00711908 0.000658485 0.00117031 0.999999 -0.0129591
1 0.000422416 -0.000557856 -0.0104033 -0.000423161 0.999999 -0.00133753 -0.0019406 0.00055729 0.00133776 0.999999 -0.0167154
1 0.000329719 -0.000509011 -0.00865715 -0.000330496 0.999999 -0.00152747 0.00215535 0.000508507 0.00152764 0.999999 -0.0155651
1 0.000397769 -0.000719153 -0.00966339 -0.000399366 0.999997 -0.00222235 0.00289509 0.000718267 0.00222263 0.999997 -0.0156671
1 0.000580784 -0.000732064 -0.00730834 -0.000582726 0.999996 -0.00265551 -0.00521415 0.000730519 0.00265594 0.999996 -0.0271479
1 0.000452268 -0.000729843 -0.0215001 -0.000454284 0.999996 -0.00276392 -0.00809768 0.00072859 0.00276425 0.999996 -0.0239955
1 0.000517888 -0.000753988 -0.0181395 -0.000519957 0.999996 -0.00274671 -0.00663418 0.000752563 0.0027471 0.999996 -0.0216966
1 0.000397975 -0.000638113 -0.0132212 -0.000399812 0.999996 -0.00288227 -0.00164407 0.000636963 0.00288252 0.999996 -0.0233876
1 0.000556265 -0.000692383 -0.0137392 -0.000558446 0.999995 -0.00315348 0.000150841 0.000690625 0.00315387 0.999995 -0.0245987
1 0.000671409 -0.000601617 -0.0132253 -0.000673449 0.999994 -0.00339684 -0.00532294 0.000599333 0.00339724 0.999994 -0.0313559
1 0.000722223 -0.000758659 -0.0167353 -0.000724926 0.999993 -0.00356843 -0.0076669 0.000756077 0.00356898 0.999993 -0.0322812
0.999999 0.000750293 -0.000973215 -0.016012 -0.0007538 0.999993 -0.00360832 -0.00845511 0.000970501 0.00360905 0.999993 -0.0363364
0.999999 0.000669496 -0.00120974 -0.0200333 -0.000673582 0.999994 -0.00338076 -0.000745017 0.00120747 0.00338157 0.999994 -0.0372388
0.999999 0.000745683 -0.000997037 -0.0208914 -0.000749142 0.999994 -0.00347304 -0.00442434 0.000994441 0.00347379 0.999993 -0.0399966
1 0.000781581 -0.000463665 -0.0180147 -0.000783075 0.999995 -0.00323171 -0.00548143 0.000461137 0.00323207 0.999995 -0.0362638
1 0.000891724 -0.000535999 -0.0114651 -0.00089337 0.999995 -0.00307961 -0.00612457 0.00053325 0.00308009 0.999995 -0.0328377
1 0.000797407 -0.000458348 -0.0181103 -0.000798922 0.999994 -0.00331392 -0.00635625 0.000455703 0.00331428 0.999994 -0.0369325
1 0.000865174 -0.000558184 -0.0135107 -0.000867351 0.999992 -0.00391196 -0.00434407 0.000554795 0.00391244 0.999992 -0.0373454
1 0.000882141 -0.000659435 -0.0139984 -0.000884684 0.999992 -0.00386532 -0.00807353 0.00065602 0.0038659 0.999992 -0.0471572
1 0.000853899 -0.000808888 -0.0120763 -0.000857059 0.999992 -0.00391359 -0.00699703 0.000805539 0.00391428 0.999992 -0.0452132
0.999999 0.000790494 -0.0011415 -0.0134068 -0.000795327 0.999991 -0.00423903 -0.00506204 0.00113814 0.00423993 0.99999 -0.0409861
1 0.000846029 -0.000747759 -0.00663402 -0.0008488 0.999993 -0.00371302 -0.00471712 0.000744612 0.00371365 0.999993 -0.0415974
1 0.000823271 -0.00073709 -0.00428757 -0.000826091 0.999992 -0.00383266 -0.0058856 0.000733929 0.00383326 0.999992 -0.0384556
1 0.000830746 -0.000633521 -0.00775238 -0.000833141 0.999993 -0.00378848 -0.00799163 0.000630369 0.003789 0.999993 -0.0372699
1 0.000831282 -0.000730053 -0.00312096 -0.000834225 0.999992 -0.0040406 -0.00683746 0.000726688 0.00404121 0.999992 -0.0366639
1 0.000759445 -0.000650685 -0.010812 -0.000762245 0.999991 -0.00431286 -0.00683487 0.000647404 0.00431335 0.99999 -0.0416154
0.999999 0.000921698 -0.00086091 -0.0117043 -0.000925428 0.99999 -0.00434231 -0.0053932 0.000856899 0.0043431 0.99999 -0.0373348
0.999999 0.000899993 -0.000854849 -0.0163889 -0.000904422 0.999986 -0.00519428 -0.00764262 0.000850162 0.00519505 0.999986 -0.0433757
0.999999 0.00102364 -0.000892746 -0.0131876 -0.00102845 0.999985 -0.00540926 -0.00928038 0.000887196 0.00541018 0.999985 -0.0515475
0.999999 0.0011064 -0.000927053 -0.0162539 -0.00111112 0.999986 -0.0051081 -0.0094987 0.000921389 0.00510912 0.999987 -0.0576714
0.999999 0.00107244 -0.00126687 -0.0191217 -0.00107812 0.999989 -0.00449149 0.00467934 0.00126204 0.00449285 0.999989 -0.0521217
0.999998 0.00129456 -0.00140967 -0.0188183 -0.00130122 0.999988 -0.00473515 0.00031123 0.00140353 0.00473698 0.999988 -0.0515623
0.999998 0.0015512 -0.00120505 -0.0196946 -0.0015569 0.999988 -0.00474085 -0.00522144 0.00119768 0.00474272 0.999988 -0.047773
0.999999 0.00160154 -0.000720834 -0.0247892 -0.00160491 0.999988 -0.00470103 -0.00394209 0.000713296 0.00470218 0.999989 -0.0535693
0.999999 0.00175018 -0.00019506 -0.0554187 -0.00175113 0.999986 -0.00498036 -0.00259984 0.000186341 0.00498069 0.999988 -0.0554126
0.999997 0.00230405 0.000737283 -0.120882 -0.00230039 0.999985 -0.00492668 -0.00910403 -0.000748623 0.00492497 0.999988 -0.0633925
0.999991 0.00326514 0.00279997 -0.23099 -0.00325199 0.999984 -0.00468916 -0.0146409 -0.00281523 0.00468001 0.999985 -0.0593203
0.999983 0.00294875 0.00506505 -0.416103 -0.00293523 0.999992 -0.00267393 -0.0208667 -0.00507289 0.00265902 0.999984 -0.0524061
0.999964 -0.00594176 0.00606221 -0.675787 0.00596003 0.999978 -0.00299985 -0.0243615 -0.00604425 0.00303588 0.999977 -0.0682141
0.999772 -0.0203308 0.00646537 -1.06778 0.0203651 0.999779 -0.00528678 -0.0785687 -0.00635645 0.00541724 0.999965 -0.0656596
0.999284 -0.0373484 0.00613381 -1.54086 0.0373705 0.999295 -0.0035369 -0.136752 -0.00599739 0.00376359 0.999975 -0.0754882
0.998486 -0.0546736 0.00600744 -2.11385 0.0547095 0.998485 -0.0059747 -0.206259 -0.00567168 0.00629432 0.999964 -0.0769911
0.788642 0.613623 0.0388631 -2.72168 -0.61176 0.789438 -0.0503767 -0.590356 -0.0615923 0.0159544 0.997974 0.185795
0.193149 0.981119 -0.00994534 -3.29537 -0.979055 0.192058 -0.067569 0.0858189 -0.0643831 0.0227879 0.997665 0.595529
-0.552624 0.833294 0.0150908 -2.69035 -0.831059 -0.549596 -0.0853585 1.85426 -0.0628349 -0.0597125 0.996236 0.95455
-0.980917 0.188744 -0.046671 -0.389177 -0.182753 -0.976984 -0.110015 2.22017 -0.0663615 -0.0993863 0.992834 1.25528
-0.820987 -0.570509 0.0223759 1.76289 0.565221 -0.817665 -0.109318 1.38337 0.0806629 -0.0771014 0.993755 1.13001
-0.166277 -0.98597 -0.0146619 3.09254 0.979908 -0.163557 -0.114145 -0.0521336 0.110145 -0.0333469 0.993356 1.06047
0.592898 -0.80457 -0.0337618 2.10787 0.799343 0.593091 -0.0964072 -1.92083 0.0975902 0.0301724 0.994769 0.916184
0.979549 -0.195508 -0.0475473 0.556012 0.190196 0.976821 -0.0982158 -2.78797 0.0656472 0.0871638 0.994029 0.825536
0.850517 0.524373 -0.0406651 -1.59133 -0.525898 0.846827 -0.0794766 -2.37559 -0.0072391 0.0889819 0.996007 1.02866
0.248948 0.968253 -0.0226247 -2.2863 -0.96816 0.248154 -0.0329408 -0.20931 -0.0262806 0.0301049 0.999201 1.43423
-0.532439 0.845405 0.0424161 -0.972555 -0.846462 -0.531966 -0.0227037 1.51879 0.00337007 -0.047992 0.998842 1.9227
-0.981219 0.189855 0.0341267 1.3744 -0.190967 -0.981044 -0.032923 2.02842 0.0272292 -0.0388217 0.998875 2.40909
-0.817466 -0.575922 -0.00798225 3.40127 0.575956 -0.817239 -0.0198709 0.40029 0.00492069 -0.0208412 0.999771 2.86852
-0.21137 -0.976569 -0.0404465 3.37317 0.977289 -0.210522 -0.0242402 -2.00473 0.0151573 -0.0446515 0.998888 3.19893
-0.0155124 -0.997083 -0.0747364 2.26893 0.99946 -0.0132965 -0.0300552 -3.86284 0.0289738 -0.0751623 0.99675 3.28362
0.172561 -0.979494 -0.103994 0.44247 0.983588 0.177 -0.0350223 -5.50943 0.0527112 -0.0962441 0.993961 3.13967
0.331206 -0.938026 -0.102028 -2.00427 0.942608 0.333786 -0.00884487 -6.62935 0.0423523 -0.0932433 0.994742 3.00668
0.415594 -0.904772 -0.0931173 -4.41765 0.908259 0.418276 -0.0104997 -6.84048 0.0484486 -0.080211 0.9956 2.81461
0.45308 -0.884622 -0.110286 -6.69528 0.888817 0.457799 -0.0206178 -7.14448 0.0687279 -0.088683 0.993686 2.7452
0.506725 -0.85403 -0.117746 -8.82878 0.856278 0.514438 -0.0462699 -7.67954 0.100089 -0.077377 0.991965 2.81371
0.545098 -0.832081 -0.102518 -11.2421 0.828334 0.553395 -0.0872702 -8.03888 0.129349 -0.0373483 0.990896 2.71403
0.51836 -0.844571 -0.134176 -14.3609 0.830623 0.534567 -0.155897 -8.12623 0.203393 -0.0306387 0.978618 2.25536
0.510306 -0.850547 -0.127115 -18.0175 0.832274 0.525658 -0.17608 -7.54533 0.216583 -0.0159399 0.976134 1.77708
0.38991 -0.914492 -0.108048 -21.5359 0.896266 0.403811 -0.183425 -6.94169 0.211372 -0.0253201 0.977078 1.43253
0.401798 -0.910303 -0.0995321 -25.4521 0.889638 0.413798 -0.193172 -7.09261 0.217031 -0.0109313 0.976104 1.03733
0.352249 -0.933295 -0.0698687 -29.2311 0.922342 0.358839 -0.143245 -7.51378 0.158761 -0.013985 0.987218 0.718923
0.277611 -0.960073 -0.0345206 -32.5932 0.958077 0.279326 -0.0637575 -7.85474 0.0708543 -0.0153736 0.997368 0.327008
0.0623668 -0.99566 -0.0690732 -36.0879 0.997424 0.0646348 -0.0310979 -8.90755 0.0354274 -0.0669558 0.997127 -0.154994
-0.177273 -0.9813 -0.0749957 -38.9425 0.984106 -0.175937 -0.024121 -10.633 0.0104754 -0.0780797 0.996892 -0.487739
-0.428479 -0.89624 -0.114718 -40.9606 0.903168 -0.428533 -0.0254543 -12.7769 -0.0263473 -0.114516 0.993072 -0.829632
-0.569178 -0.812759 -0.124338 -41.8221 0.820455 -0.571316 -0.0212574 -15.4972 -0.0537589 -0.114113 0.992013 -1.11137
-0.638872 -0.760802 -0.114119 -41.4298 0.767244 -0.640978 -0.0220263 -18.1076 -0.05639 -0.101629 0.993223 -1.11806
-0.637885 -0.76148 -0.115114 -39.5803 0.768061 -0.639977 -0.0226268 -20.118 -0.0564403 -0.102848 0.993095 -0.993473
-0.636272 -0.7612 -0.12543 -37.7607 0.768934 -0.638906 -0.0232404 -22.1303 -0.0624473 -0.111234 0.991831 -0.876793
-0.634204 -0.763234 -0.12353 -35.9389 0.770945 -0.636361 -0.0262569 -24.1333 -0.0585698 -0.111887 0.991994 -0.727276
-0.633658 -0.765313 -0.11302 -34.0912 0.772528 -0.633716 -0.0400537 -26.1658 -0.040969 -0.112691 0.992785 -0.629756
-0.629319 -0.767389 -0.122769 -32.2617 0.775298 -0.630829 -0.0311065 -28.1933 -0.0535756 -0.114759 0.991948 -0.518195
-0.626461 -0.769923 -0.121512 -30.4626 0.777241 -0.628781 -0.0230263 -30.2401 -0.0586758 -0.108869 0.992323 -0.333767
-0.624241 -0.771402 -0.123545 -28.635 0.779054 -0.626468 -0.024754 -32.2837 -0.0583019 -0.111701 0.99203 -0.201826
-0.624631 -0.773192 -0.109593 -26.7992 0.779581 -0.625605 -0.0295369 -34.3341 -0.0457245 -0.103886 0.993538 -0.0804645
-0.623823 -0.773681 -0.110734 -24.9659 0.779778 -0.625695 -0.0212638 -36.372 -0.0528342 -0.0996125 0.993623 0.0501779
-0.623589 -0.772772 -0.118151 -23.1465 0.779414 -0.626264 -0.0175566 -38.4128 -0.0604263 -0.103036 0.992841 0.160318
-0.625124 -0.772029 -0.114853 -21.324 0.77855 -0.627217 -0.0214232 -40.477 -0.0554982 -0.102811 0.993152 0.312601
-0.62549 -0.771382 -0.117182 -19.505 0.778154 -0.627703 -0.0215713 -42.5101 -0.0569162 -0.104679 0.992876 0.426084
-0.626494 -0.771626 -0.109997 -17.6797 0.777796 -0.62805 -0.0242228 -44.544 -0.0503926 -0.100731 0.993637 0.567801
-0.626375 -0.770551 -0.117925 -15.8556 0.777469 -0.628508 -0.0228045 -46.5808 -0.056545 -0.105967 0.992761 0.694982
-0.626713 -0.769875 -0.120513 -14.0658 0.776821 -0.629446 -0.0186659 -48.6241 -0.0614861 -0.105315 0.992536 0.86133
-0.627576 -0.770288 -0.113157 -12.2209 0.776304 -0.630161 -0.0157685 -50.6377 -0.059161 -0.0977402 0.993452 1.01823
-0.629973 -0.769871 -0.10214 -10.3714 0.774599 -0.632353 -0.0112299 -52.6652 -0.0559432 -0.0861922 0.994707 1.12768
-0.632196 -0.767768 -0.104219 -8.53047 0.772609 -0.634801 -0.0101765 -54.6902 -0.0583453 -0.0869543 0.994503 1.24044
-0.633299 -0.76646 -0.107108 -6.72247 0.771557 -0.636078 -0.0102536 -56.6966 -0.0602704 -0.0891338 0.994195 1.37274
-0.633118 -0.764103 -0.123727 -4.93109 0.771579 -0.635755 -0.0219655 -58.7281 -0.0618764 -0.109372 0.992073 1.52111
-0.632807 -0.763982 -0.126039 -3.12051 0.772132 -0.63481 -0.0287761 -60.7593 -0.0580266 -0.115529 0.991608 1.66227
-0.630342 -0.766135 -0.125322 -1.29373 0.774091 -0.632509 -0.0267687 -62.7764 -0.058759 -0.113884 0.991755 1.80596
-0.630014 -0.7673 -0.119718 0.540466 0.775105 -0.630806 -0.0359939 -64.8056 -0.0479005 -0.11547 0.992156 1.92924
-0.629062 -0.767845 -0.121224 2.34809 0.775876 -0.6298 -0.0370045 -66.8436 -0.0479329 -0.117333 0.991935 2.03575
-0.627804 -0.768159 -0.12567 4.15868 0.776395 -0.629493 -0.0308152 -68.8631 -0.0554378 -0.116916 0.991594 2.15022
-0.627704 -0.768245 -0.125646 5.97449 0.776498 -0.629347 -0.0311792 -70.8871 -0.0551214 -0.117135 0.991585 2.29073
-0.62849 -0.767504 -0.126245 7.79176 0.775935 -0.629941 -0.0331506 -72.914 -0.0540839 -0.118793 0.991445 2.40989
-0.62895 -0.767019 -0.1269 9.58946 0.775525 -0.630448 -0.0331014 -74.9421 -0.0546143 -0.119233 0.991363 2.54605
-0.629198 -0.76656 -0.12843 11.4051 0.775158 -0.630984 -0.0314613 -76.968 -0.0569206 -0.119349 0.99122 2.67953
-0.630017 -0.766036 -0.127542 13.243 0.774612 -0.631575 -0.033003 -79.0067 -0.055271 -0.119588 0.991284 2.81117
-0.63049 -0.765447 -0.128734 15.0776 0.774203 -0.632042 -0.0336571 -81.0455 -0.0556024 -0.120886 0.991108 2.92076
-0.631167 -0.764565 -0.130641 16.9049 0.773624 -0.632684 -0.0348855 -83.076 -0.0559824 -0.123086 0.990816 3.03426
-0.631416 -0.764587 -0.129306 18.7265 0.773543 -0.63272 -0.0360155 -85.1043 -0.0542778 -0.122765 0.990951 3.16995
-0.631494 -0.763873 -0.133089 20.5467 0.773176 -0.633288 -0.0338397 -87.1307 -0.0584348 -0.124271 0.990526 3.29868
-0.632304 -0.763542 -0.131128 22.3824 0.772607 -0.633975 -0.0339753 -89.1576 -0.0571904 -0.122793 0.990783 3.41956
-0.633048 -0.763282 -0.129035 24.2194 0.772055 -0.634678 -0.0333972 -91.1796 -0.0564039 -0.120764 0.991078 3.56002
-0.634246 -0.762346 -0.128689 26.0519 0.771047 -0.635926 -0.0329343 -93.1927 -0.0567292 -0.120113 0.991138 3.68685
-0.635493 -0.761608 -0.126893 27.8931 0.770056 -0.637156 -0.0323259 -95.2137 -0.0562313 -0.118258 0.99139 3.83304
-0.636779 -0.760526 -0.126931 29.7551 0.769051 -0.638302 -0.0336383 -97.2229 -0.0554377 -0.119037 0.991341 3.96689
-0.637232 -0.760231 -0.126427 31.6124 0.768827 -0.63844 -0.0360582 -99.2267 -0.0533033 -0.120178 0.991321 4.07292
-0.637875 -0.759401 -0.128157 33.4668 0.768068 -0.639488 -0.0335793 -101.253 -0.0564549 -0.119853 0.991185 4.1875
-0.638305 -0.759081 -0.127917 35.3125 0.767716 -0.639912 -0.0335501 -103.276 -0.0563884 -0.119619 0.991217 4.28732
-0.638453 -0.759188 -0.126535 37.1548 0.767866 -0.639517 -0.0374074 -105.293 -0.052522 -0.121045 0.991257 4.41892
-0.638035 -0.759661 -0.125797 38.0781 0.768257 -0.639041 -0.0375254 -106.308 -0.051883 -0.120587 0.991346 4.50189
