1 0 0 0 0 1 0 0 0 0 1 0
1 0.000510986 0.000238143 -0.0113201 -0.000510828 1 -0.000664534 -0.00912178 -0.000238482 0.000664412 1 0.00460724
1 0.000451854 9.16154e-05 -0.01207 -0.000451829 1 -0.000274587 0.00783263 -9.17394e-05 0.000274545 1 -0.016559
1 0.000453252 0.000221663 -0.00708283 -0.000453205 1 -0.000211303 -0.00103218 -0.000221759 0.000211202 1 -0.0200848
1 0.000276891 -3.41232e-05 -0.00777508 -0.000276909 1 -0.000535376 -0.0142277 3.3975e-05 0.000535385 1 -0.00967915
1 0.000189781 -0.000152326 -0.00917995 -0.000189813 1 -0.000210086 -0.00748088 0.000152286 0.000210114 1 -0.0206225
1 0.000172876 -0.000563764 0.00248754 -0.000173138 1 -0.000465154 0.0063635 0.000563684 0.000465251 1 -0.0234002
1 -6.06169e-05 -0.000613508 -0.000353495 6.02891e-05 1 -0.000534286 -0.000189396 0.00061354 0.000534249 1 -0.0391511
1 -6.65966e-05 -0.000574403 0.000698452 6.5828e-05 0.999999 -0.00133803 -0.00194603 0.000574491 0.00133799 0.999999 -0.0169936
1 -4.84723e-05 -0.000876567 -0.000597977 4.73121e-05 0.999999 -0.00132348 -0.0034283 0.00087663 0.00132343 0.999999 -0.0197981
1 0.000205985 -0.00091328 0.00149937 -0.000206802 1 -0.00089479 -0.00258486 0.000913095 0.000894979 0.999999 -0.031631
0.999999 0.000337476 -0.00145885 -0.00260953 -0.00033947 0.999999 -0.00136681 0.000804443 0.00145839 0.0013673 0.999998 -0.0408814
0.999999 0.000375229 -0.0015427 -0.00548827 -0.000377609 0.999999 -0.00154271 -0.0001478 0.00154212 0.00154329 0.999998 -0.0394963
0.999999 0.000536436 -0.00113385 -0.0108395 -0.000538251 0.999999 -0.00160077 -0.00217069 0.00113299 0.00160138 0.999998 -0.0377783
0.999999 0.00047979 -0.00118118 -0.0127658 -0.00048162 0.999999 -0.00154891 -0.00425682 0.00118043 0.00154947 0.999998 -0.0409081
0.999999 0.00050569 -0.00106421 -0.0122322 -0.000507086 0.999999 -0.00131166 -0.00575134 0.00106355 0.0013122 0.999999 -0.0411875
0.999999 0.000537227 -0.00144806 -0.0144821 -0.000538822 0.999999 -0.00110173 -0.00651773 0.00144747 0.00110251 0.999998 -0.0464511
0.999999 0.000682263 -0.00148976 -0.0123927 -0.000684752 0.999999 -0.00167099 0.000982462 0.00148862 0.00167201 0.999997 -0.0308453
0.999998 0.000749077 -0.0017008 -0.0103776 -0.0007513 0.999999 -0.00130671 -0.00215178 0.00169982 0.00130799 0.999998 -0.0426638
0.999998 0.000908054 -0.00179824 -0.00442583 -0.000910407 0.999999 -0.00130811 0.000833217 0.00179705 0.00130974 0.999997 -0.0479368
0.999998 0.00100239 -0.00178835 -0.0102425 -0.00100511 0.999999 -0.00152354 -0.0003649 0.00178681 0.00152534 0.999997 -0.0348303
0.999998 0.00101998 -0.00168248 -0.0208608 -0.00102246 0.999999 -0.00147788 -0.000346114 0.00168097 0.00147959 0.999997 -0.0437179
0.999998 0.00108734 -0.00171949 -0.0153991 -0.00108991 0.999999 -0.00149448 -0.00240424 0.00171786 0.00149635 0.999997 -0.0566085
0.999997 0.00141356 -0.00203752 -0.00786318 -0.00141721 0.999998 -0.00179284 -0.00260516 0.00203498 0.00179573 0.999996 -0.0585183
0.999996 0.00143963 -0.00242844 -0.0168926 -0.0014457 0.999996 -0.0024987 0.0013059 0.00242484 0.0025022 0.999994 -0.0478556
0.999996 0.00151718 -0.00244304 -0.0156934 -0.00152351 0.999996 -0.00259351 0.00521101 0.00243909 0.00259722 0.999994 -0.0581602
0.999996 0.00151271 -0.00250641 -0.00902063 -0.00152005 0.999995 -0.00292906 -0.00389425 0.00250197 0.00293286 0.999993 -0.0517808
0.999996 0.00161985 -0.00223516 -0.016722 -0.00162676 0.999994 -0.00309354 0.0012406 0.00223013 0.00309717 0.999993 -0.0551731
0.999996 0.0017811 -0.00239856 -0.0195389 -0.00178944 0.999993 -0.00347943 0.0197018 0.00239235 0.00348371 0.999991 -0.0644092
0.999995 0.00203287 -0.00228522 -0.0132838 -0.00204059 0.999992 -0.00337852 0.0125474 0.00227834 0.00338317 0.999992 -0.0730195
0.999996 0.00216007 -0.00206898 -0.00861244 -0.00216784 0.999991 -0.00375938 0.00637856 0.00206084 0.00376385 0.999991 -0.0653282
0.999996 0.0021166 -0.00182478 -0.0145554 -0.00212358 0.999991 -0.00383153 0.00799899 0.00181665 0.00383539 0.999991 -0.0686606
0.999997 0.00186103 -0.00164211 -0.0402239 -0.00186714 0.999992 -0.00372657 0.00944554 0.00163516 0.00372962 0.999992 -0.0722329
0.999998 0.001976 -0.000501805 -0.0764902 -0.00197789 0.999991 -0.00379859 0.00537572 0.000494294 0.00379957 0.999993 -0.0842346
0.999995 0.00219767 0.00240724 -0.162891 -0.00219108 0.999994 -0.00273509 -0.0137876 -0.00241324 0.0027298 0.999993 -0.096383
0.999985 0.00177027 0.00522743 -0.332222 -0.00175863 0.999996 -0.00222994 -0.0086066 -0.00523135 0.00222071 0.999984 -0.101016
0.999981 0.0005756 0.00610256 -0.579015 -0.000554579 0.999994 -0.0034457 -0.0300944 -0.0061045 0.00344225 0.999975 -0.12285
0.999974 1.8008e-05 0.00727114 -0.958724 1.51786e-05 0.99999 -0.00456393 -0.0445159 -0.00727114 0.00456392 0.999963 -0.153817
0.999967 0.00300593 0.00758662 -1.42034 -0.00297645 0.999988 -0.00389451 -0.0578253 -0.00759823 0.0038718 0.999964 -0.172542
0.999947 0.00659575 0.00793855 -1.96868 -0.00655897 0.999968 -0.00464949 -0.103118 -0.00796896 0.00459718 0.999958 -0.129485
0.999922 0.00886758 0.00880482 -2.63091 -0.00881429 0.999943 -0.00607311 -0.140015 -0.00885817 0.00599502 0.999943 -0.136915
0.999913 0.00934152 0.00935978 -3.3908 -0.00927908 0.999935 -0.00669245 -0.193527 -0.00942168 0.00660501 0.999934 -0.141293
0.999899 0.012017 0.00764443 -4.26636 -0.0119831 0.999918 -0.00447007 -0.224359 -0.00769753 0.00437801 0.999961 -0.180858
0.999772 0.0188811 0.00998664 -5.21932 -0.0188309 0.99981 -0.00510139 -0.231418 -0.0100811 0.00491217 0.999937 -0.190479
0.999452 0.0308553 0.0119749 -6.23545 -0.0306884 0.999433 -0.0138761 -0.300273 -0.0123963 0.013501 0.999832 -0.199201
0.998959 0.0439332 0.0123055 -7.31851 -0.0437629 0.998947 -0.0137814 -0.307894 -0.012898 0.0132285 0.999829 -0.231297
0.998278 0.0579321 0.00919002 -8.51961 -0.057796 0.998224 -0.014436 -0.276228 -0.01001 0.01388 0.999854 -0.244956
0.997284 0.0728964 0.010534 -9.78951 -0.0727306 0.997234 -0.0153538 -0.287162 -0.0116241 0.0145459 0.999827 -0.226217
0.996059 0.0878838 0.0119766 -11.1039 -0.087697 0.99603 -0.0153197 -0.254765 -0.0132754 0.014209 0.999811 -0.262672
0.995103 0.0984481 0.00880779 -12.4819 -0.0983173 0.995054 -0.0142176 -0.215499 -0.0101639 0.013282 0.99986 -0.277967
0.994102 0.108449 0.000517905 -13.856 -0.108427 0.993982 -0.0156184 -0.130309 -0.00220858 0.0154701 0.999878 -0.296959
0.992876 0.119085 0.00394184 -15.217 -0.119012 0.992775 -0.0152929 -0.030761 -0.00573452 0.0147148 0.999875 -0.281023
0.991672 0.128689 0.00513713 -16.5507 -0.12861 0.991604 -0.0134745 0.0858767 -0.00682802 0.0127016 0.999896 -0.32986
0.990424 0.137986 0.00455591 -17.9042 -0.137914 0.990353 -0.0134937 0.186884 -0.0063739 0.0127362 0.999899 -0.308882
0.989752 0.142659 0.00623137 -19.2696 -0.142578 0.989711 -0.0120242 0.299596 -0.00788262 0.0110125 0.999908 -0.345046
0.989362 0.145334 0.00637894 -20.6494 -0.145269 0.989344 -0.00979972 0.427097 -0.0077352 0.0087688 0.999932 -0.361124
0.98901 0.147498 0.0101924 -22.1237 -0.147422 0.989043 -0.00780013 0.567003 -0.0112312 0.00621181 0.999918 -0.397074
0.98869 0.149103 0.0161405 -23.7208 -0.148996 0.988809 -0.00761384 0.740371 -0.0170951 0.00512285 0.999841 -0.392819
0.988825 0.14755 0.0213176 -25.3776 -0.147504 0.989055 -0.00369552 0.875396 -0.0216295 0.00050979 0.999766 -0.418978
0.988959 0.146893 0.0195644 -27.1885 -0.146787 0.989145 -0.00674573 1.08693 -0.020343 0.00379943 0.999786 -0.438592
0.989223 0.144956 0.0206224 -29.0966 -0.144861 0.989434 -0.00605581 1.21808 -0.0212823 0.00300317 0.999769 -0.459939
0.989458 0.143422 0.0200872 -31.0984 -0.143347 0.989659 -0.0051414 1.38812 -0.0206169 0.00220776 0.999785 -0.470131
0.989932 0.140194 0.0195 -33.1673 -0.140129 0.990123 -0.0046385 1.56551 -0.0199577 0.00185927 0.999799 -0.479847
0.990289 0.137599 0.0198558 -35.3428 -0.137562 0.990488 -0.00319878 1.74322 -0.0201071 0.00043631 0.999798 -0.49889
0.990667 0.134793 0.0202456 -37.6118 -0.134726 0.990872 -0.00465765 1.90687 -0.0206886 0.00188658 0.999784 -0.503539
0.990792 0.133401 0.0231301 -39.9397 -0.133297 0.991058 -0.00597999 2.09744 -0.023721 0.00284174 0.999715 -0.515731
0.990828 0.132748 0.0252549 -42.3483 -0.132602 0.991142 -0.00736125 2.28595 -0.0260084 0.00394488 0.999654 -0.524746
0.990904 0.131906 0.0266707 -44.8353 -0.131765 0.991257 -0.00699678 2.46347 -0.0273604 0.00341888 0.99962 -0.515611
0.991086 0.130815 0.0252422 -47.363 -0.130661 0.991398 -0.0076763 2.64311 -0.0260292 0.0043097 0.999652 -0.525892
0.991182 0.12974 0.0269582 -49.8954 -0.129595 0.991542 -0.00704822 2.83231 -0.0276446 0.0034924 0.999612 -0.529045
0.991222 0.129208 0.0280244 -52.4711 -0.129069 0.991613 -0.00670972 3.00548 -0.0286563 0.00303374 0.999585 -0.509519
0.991328 0.128527 0.0274034 -55.0917 -0.128432 0.991705 -0.00518384 3.19946 -0.0278423 0.00161939 0.999611 -0.487944
0.99133 0.129077 0.0245973 -57.6731 -0.128966 0.991631 -0.00606368 3.4068 -0.0251741 0.00283889 0.999679 -0.480997
0.991423 0.128003 0.0263704 -60.3613 -0.127892 0.991771 -0.0058801 3.60436 -0.0269061 0.0024571 0.999635 -0.446786
0.991491 0.127311 0.0271716 -63.0687 -0.127235 0.991863 -0.00451838 3.7751 -0.0275257 0.00102276 0.999621 -0.428302
0.991526 0.126953 0.0275754 -65.7247 -0.126891 0.991909 -0.00397877 3.95932 -0.0278574 0.000445977 0.999612 -0.402897
0.991199 0.127221 0.0366161 -68.4083 -0.127308 0.991864 5.1918e-05 4.14998 -0.0363115 -0.00471298 0.99933 -0.341364
0.99136 0.129211 0.022607 -71.1332 -0.129291 0.991605 0.00210599 4.30779 -0.0221451 -0.00501067 0.999742 -0.34047
0.991188 0.131593 0.0151705 -73.8964 -0.131643 0.991295 0.00235835 4.52773 -0.0147281 -0.00433465 0.999882 -0.330034
0.990498 0.134597 0.0282581 -76.5919 -0.134667 0.990891 0.000591342 4.74824 -0.0279211 -0.00439117 0.999601 -0.320131
0.990079 0.13723 0.0302004 -79.3052 -0.137284 0.990532 -0.000268074 4.96187 -0.0299512 -0.00388062 0.999544 -0.246228
0.989799 0.139871 0.0271136 -82.0331 -0.13995 0.990158 0.00102716 5.16354 -0.0267031 -0.00481124 0.999632 -0.229041
0.990088 0.139833 0.0131658 -84.7729 -0.139786 0.990172 -0.00438815 5.37885 -0.01365 0.00250425 0.999904 -0.212404
0.989734 0.140845 0.0242696 -87.4831 -0.140609 0.990003 -0.0111809 5.57851 -0.0256018 0.00765362 0.999643 -0.225979
0.989854 0.139881 0.024942 -90.202 -0.139649 0.990142 -0.0108012 5.80253 -0.0262071 0.00720849 0.999631 -0.222877
0.990056 0.13926 0.0198998 -92.9655 -0.13909 0.990232 -0.00972348 6.02037 -0.0210595 0.00685893 0.999755 -0.164134
0.989998 0.139554 0.0207032 -95.7017 -0.139395 0.990197 -0.00897362 6.23589 -0.0217526 0.00599794 0.999745 -0.136351
0.990367 0.13781 0.0134546 -98.4453 -0.137638 0.990398 -0.0129709 6.45782 -0.0151129 0.0109941 0.999825 -0.1247
0.990486 0.135645 0.023204 -101.179 -0.135483 0.990744 -0.0084519 6.691 -0.0241357 0.00522774 0.999695 -0.086858
0.990681 0.133736 0.025795 -103.891 -0.133497 0.990991 -0.0108088 6.88944 -0.0270081 0.00726457 0.999609 -0.0391474
0.990918 0.132556 0.0225905 -106.615 -0.132113 0.991031 -0.0200974 7.06993 -0.0250519 0.0169304 0.999543 -0.00685437
0.991383 0.129584 0.0191818 -109.332 -0.129079 0.991305 -0.0255576 7.25226 -0.0223269 0.0228614 0.999489 -0.0369042
0.991632 0.126846 0.0240108 -112.049 -0.126255 0.99169 -0.0247078 7.45465 -0.0269454 0.0214695 0.999406 -0.0105289
0.991856 0.124941 0.0247261 -114.767 -0.124549 0.992071 -0.016838 7.65156 -0.0266338 0.0136213 0.999552 0.0490012
0.991883 0.124329 0.0266666 -117.477 -0.124396 0.992233 0.000887938 7.85641 -0.0263491 -0.00419796 0.999644 0.0783127
0.991539 0.126738 0.0280734 -120.184 -0.12686 0.991918 0.00262578 8.04286 -0.0275138 -0.00616496 0.999602 0.0604016
0.991073 0.130579 0.0269015 -122.912 -0.130587 0.991436 -0.00147435 8.23471 -0.0268637 -0.00205179 0.999637 0.0741897
0.991097 0.131879 0.0182931 -125.654 -0.131935 0.991257 0.00188868 8.4255 -0.017884 -0.00428535 0.999831 0.0773814
0.990957 0.13198 0.0241876 -128.364 -0.132106 0.991229 0.00369012 8.62835 -0.0234884 -0.00685208 0.999701 0.068429
0.991047 0.130186 0.029611 -131.081 -0.130279 0.991477 0.00122998 8.83682 -0.0291985 -0.00507665 0.999561 0.089963
0.991401 0.127721 0.0284789 -133.793 -0.127834 0.991794 0.00218194 9.03274 -0.0279666 -0.00580375 0.999592 0.135196
0.991771 0.125167 0.026899 -136.528 -0.125321 0.992108 0.00414178 9.21665 -0.0261683 -0.0074787 0.999629 0.155473
0.992099 0.123317 0.0230915 -139.221 -0.123449 0.992342 0.00439438 9.40932 -0.0223728 -0.00721028 0.999724 0.196424
0.992226 0.121864 0.0252373 -141.843 -0.122 0.992523 0.00391903 9.56917 -0.024571 -0.0069675 0.999674 0.238283
0.992412 0.12054 0.0242617 -144.407 -0.120677 0.992683 0.00425694 9.73958 -0.0235711 -0.00715247 0.999696 0.289358
0.992413 0.119203 0.0301304 -146.921 -0.119361 0.992845 0.00350583 9.9019 -0.0294969 -0.00707563 0.99954 0.331578
0.992611 0.117165 0.031575 -149.408 -0.117408 0.993066 0.00594798 10.0551 -0.0306592 -0.00961119 0.999484 0.342265
0.992885 0.114903 0.0312551 -151.877 -0.115184 0.993317 0.00734332 10.1772 -0.0302025 -0.0108912 0.999484 0.375096
0.993486 0.110443 0.0280666 -154.282 -0.110727 0.993813 0.00878811 10.3289 -0.0269224 -0.0118386 0.999567 0.401738
0.994312 0.102915 0.0274333 -156.534 -0.103218 0.994611 0.00983824 10.4515 -0.0262729 -0.0126139 0.999575 0.456961
0.995721 0.0885627 0.0264073 -158.655 -0.0888345 0.996003 0.00931096 10.5231 -0.0254772 -0.011617 0.999608 0.506644
0.996559 0.0779614 0.0281636 -160.621 -0.0782123 0.996906 0.00792378 10.5383 -0.0274587 -0.0100992 0.999572 0.545836
0.99707 0.0711837 0.0280166 -162.48 -0.0714179 0.997419 0.00745183 10.5588 -0.0274139 -0.00943087 0.999579 0.616931
0.997067 0.0701975 0.0304947 -164.177 -0.0703969 0.997504 0.00552097 10.5703 -0.0300311 -0.00765151 0.999519 0.634324
0.996596 0.0747822 0.0346931 -165.838 -0.0748491 0.997195 0.0006364 10.5773 -0.0345482 -0.00323098 0.999398 0.698653
0.996031 0.0802633 0.0384729 -167.475 -0.0803707 0.996765 0.00125397 10.6167 -0.0382478 -0.00434108 0.999259 0.762526
0.995426 0.0880927 0.036981 -169.076 -0.0881888 0.996104 0.000977011 10.6806 -0.0367509 -0.00423385 0.999315 0.788781
0.994631 0.0957503 0.0392468 -170.644 -0.0958976 0.99539 0.00188891 10.7264 -0.038885 -0.00564244 0.999228 0.816187
0.0896355 -0.99583 -0.0169959 -170.269 0.994885 0.0887262 0.0482884 8.48339 -0.046579 -0.0212372 0.998689 1.43912
-0.998045 -0.0562796 -0.0271698 -169.003 0.0575976 -0.997065 -0.0504553 8.51761 -0.0242504 -0.0519216 0.998356 2.04308
-0.0488074 0.998393 0.0288021 -169.045 -0.998683 -0.0483237 -0.0172541 10.4071 -0.0158345 -0.0296063 0.999436 2.50413
0.999725 0.0221998 -0.00761925 -171.051 -0.0219695 0.999336 0.0290729 10.3864 0.00825958 -0.0288975 0.999548 2.92116
0.0603947 -0.99797 0.0202137 -170.991 0.988889 0.0625763 0.134846 8.34985 -0.135837 0.0118452 0.99066 3.63224
-0.997624 -0.0272922 0.0632559 -168.002 0.0326057 -0.995886 0.0845537 8.75229 0.0606879 0.0864152 0.994409 3.54221
0.0492391 0.99319 0.10559 -168.478 -0.996778 0.0421614 0.0682476 11.9507 0.0633309 -0.10861 0.992065 3.52917
0.98504 -0.136363 0.105362 -171.372 0.121311 0.982969 0.138046 11.2656 -0.122392 -0.123199 0.984805 4.04623
