1 0 0 0 0 1 0 0 0 0 1 0
-0.753787 0.657041 0.0101718 0.333236 -0.65693 -0.753106 -0.0356955 -0.271059 -0.0157929 -0.0335889 0.999311 -0.668614
0.138839 -0.990215 -0.0140323 -0.436939 0.989764 0.138275 0.0353249 -0.497877 -0.033039 -0.0187931 0.999277 -0.967581
0.47 0.882666 0.00124956 0.307647 -0.88224 0.469728 0.0317469 0.747497 0.0274349 -0.0160234 0.999495 -1.24212
-0.861689 -0.506694 -0.0274575 -0.140474 0.507286 -0.86149 -0.0222806 -0.257685 -0.0123649 -0.0331278 0.999375 -1.69397
0.980934 -0.192288 -0.0281912 -0.0802888 0.193876 0.978281 0.0733359 1.17181 0.0134773 -0.0774032 0.996909 -1.73402
-0.63778 0.770205 -0.00457035 0.511903 -0.770086 -0.637769 -0.0147814 -0.461555 -0.0142995 -0.0059077 0.99988 -1.36944
-0.0381295 -0.997571 -0.0582975 -1.02615 0.998404 -0.0404635 0.0393921 0.499041 -0.0416554 -0.0567025 0.997522 -1.16078
0.657568 0.752376 0.0391776 0.885406 -0.753054 0.654814 0.0642524 0.278449 0.0226879 -0.0717531 0.997164 -0.862546
-0.979117 -0.196036 -0.0538555 -0.755214 0.195024 -0.980517 0.0234918 -0.619777 -0.0574114 0.0124981 0.998272 -0.535644
0.905827 -0.420216 -0.0538178 0.425021 0.423645 0.899004 0.110983 0.620006 0.00174578 -0.123331 0.992364 -0.480874
-0.465851 0.884607 0.0212887 0.516838 -0.883518 -0.466334 0.0439117 -0.971056 0.0487722 0.00164741 0.998808 -0.412914
-0.381551 -0.924211 0.0158918 -0.807094 0.922132 -0.37939 0.0757453 0.229719 -0.0639754 0.043555 0.997 -0.533724
0.958478 0.282717 0.0373081 1.55925 -0.285031 0.953833 0.0946569 0.263753 -0.00882454 -0.10136 0.99481 -0.792084
-0.824283 0.566152 0.00534237 -0.0320524 -0.564061 -0.821981 0.0786334 -1.64085 0.0489098 0.0618028 0.996889 -0.623538
0.0454844 -0.998919 -0.00963629 -0.581341 0.993113 0.0441731 0.108515 0.929617 -0.107972 -0.0145057 0.994048 -0.897432
0.748806 0.662355 0.0239961 1.79884 -0.661599 0.744803 0.0869202 -0.383916 0.0396997 -0.0809621 0.995926 -0.800504
-0.989616 0.143596 -0.00637264 -1.14554 -0.143676 -0.986927 0.0730304 -1.61035 0.00419755 0.0731877 0.997309 -0.798549
0.529281 -0.848431 0.00520387 -0.0168815 0.84584 0.528124 0.0751024 1.11996 -0.0664675 -0.0353486 0.997162 -1.07725
0.297147 0.954829 0.00216157 1.17233 -0.953568 0.296637 0.052103 -1.42693 0.0491083 -0.0175434 0.998639 -0.951757
-0.902226 -0.430455 -0.026394 -1.84193 0.428096 -0.901326 0.0659225 -0.435644 -0.0521662 0.0481779 0.997475 -1.07694
0.939376 -0.342812 0.00723925 1.54481 0.34165 0.937568 0.0651307 1.10362 -0.0291148 -0.0587089 0.99785 -1.21464
-0.415523 0.909563 -0.00594134 0.456939 -0.90956 -0.415457 0.00983104 -2.09577 0.00647362 0.00948905 0.999934 -1.211
-0.355319 -0.934657 -0.0128196 -1.22696 0.932103 -0.355312 0.0702762 0.648711 -0.0702391 0.0130213 0.997445 -1.45067
0.915692 0.400574 0.0323915 1.74287 -0.401837 0.913804 0.0590659 0.110593 -0.00593922 -0.0671022 0.997728 -1.54906
-0.929001 0.369948 -0.00980026 -0.546865 -0.370077 -0.928595 0.0274845 -2.04078 0.00106737 0.02916 0.999574 -1.57846
0.362898 -0.931453 -0.026451 -0.930268 0.929457 0.359804 0.0815531 1.24661 -0.0664458 -0.0541806 0.996318 -1.55484
0.426794 0.904332 -0.00557236 1.65441 -0.90312 0.426528 0.0494926 -1.03148 0.0471346 -0.0160907 0.998759 -1.39804
-0.942248 -0.331385 -0.0485132 -1.75488 0.328141 -0.942438 0.0642967 -1.11263 -0.0670276 0.0446643 0.996751 -1.52779
0.911515 -0.399976 -0.0957115 0.181304 0.407391 0.910011 0.0769016 1.17523 0.0563397 -0.109089 0.992434 -1.77234
-0.382704 0.919222 -0.0925631 0.172583 -0.923253 -0.376859 0.0747073 -1.92534 0.0337894 0.11405 0.9929 -2.07888
-0.347776 -0.931197 -0.109195 -1.90313 0.92239 -0.360692 0.138197 -0.177166 -0.168074 -0.0526587 0.984367 -3.17791
0.929497 0.35388 -0.103948 1.41261 -0.331629 0.925215 0.184388 0.587878 0.161426 -0.136916 0.977341 -2.92429
-0.888139 0.45067 -0.090039 -0.151309 -0.459272 -0.877483 0.13818 -1.90568 -0.016734 0.164076 0.986306 -2.9829
0.273619 -0.950407 -0.147847 -0.915604 0.942765 0.234546 0.237029 0.52415 -0.190597 -0.20424 0.960187 -3.99507
0.575055 0.818065 0.00906603 1.71441 -0.790635 0.552857 0.263147 -0.0546665 0.210259 -0.158492 0.964713 -4.00464
-0.975504 0.210929 -0.0624589 0.0220771 -0.219029 -0.957708 0.186604 -2.30321 -0.0204572 0.195713 0.980448 -3.70634
0.12554 -0.986978 -0.100569 -1.50219 0.981964 0.109173 0.154364 -0.158262 -0.141375 -0.118134 0.982882 -4.25403
0.861849 0.488835 -0.135118 1.5926 -0.462893 0.867048 0.184277 0.233193 0.207234 -0.0962734 0.973542 -3.95285
-0.787023 0.601652 -0.13642 0.726644 -0.615973 -0.754074 0.227925 -2.77003 0.0342613 0.263413 0.964074 -3.50413
-0.180925 -0.970121 -0.161652 -1.3115 0.951819 -0.214097 0.219553 -0.412844 -0.247602 -0.114141 0.962115 -4.58003
0.935543 0.298346 -0.189075 2.46728 -0.258956 0.943387 0.207275 0.691319 0.240211 -0.144953 0.959837 -4.21401
-0.69551 0.700701 -0.159008 2.48023 -0.71723 -0.663815 0.211969 -3.71909 0.0429743 0.261472 0.964254 -3.67481
-0.656682 -0.721757 -0.218715 -2.20559 0.667654 -0.691235 0.276467 -3.92179 -0.350725 0.0355245 0.935804 -5.223
0.889368 -0.439886 -0.124602 -0.762049 0.456663 0.841589 0.288421 0.727386 -0.0220087 -0.313413 0.949362 -6.82558
0.118665 0.988802 -0.0904935 4.34423 -0.981326 0.130685 0.141143 -2.0109 0.151388 0.0720549 0.985844 -6.34839
-0.939812 -0.302819 -0.158288 0.16947 0.268117 -0.940716 0.207766 -6.32032 -0.211819 0.152821 0.965287 -6.64694
0.674932 -0.737408 -0.0264123 -2.49845 0.723287 0.654074 0.221458 -0.5253 -0.146029 -0.168573 0.974812 -8.78738
0.431991 0.900227 -0.0545407 4.34522 -0.892785 0.435419 0.115519 -0.353006 0.127741 -0.00120992 0.991807 -9.21191
-0.989358 0.0775006 -0.123145 2.26227 -0.0980189 -0.980483 0.170428 -6.07983 -0.107533 0.180684 0.977645 -9.2554
0.309056 -0.947626 -0.0805595 -1.84357 0.934987 0.287246 0.208062 -2.29886 -0.174025 -0.139625 0.974792 -11.0207
0.760644 0.646881 -0.0544588 3.67843 -0.633013 0.757699 0.158706 -0.0025382 0.143927 -0.0862458 0.985823 -11.6424
-0.869543 0.468984 -0.154754 4.17449 -0.480539 -0.875762 0.046074 -6.12019 -0.11392 0.114429 0.986878 -11.6787
-0.0826365 -0.971978 -0.220069 -1.41791 0.976882 -0.122691 0.175066 -3.8619 -0.197161 -0.200514 0.959646 -13.7084
0.910058 0.359313 -0.206614 4.21793 -0.323704 0.92747 0.187125 0.0678902 0.258864 -0.103412 0.960362 -13.4368
-0.742064 0.632372 -0.222366 4.70029 -0.666445 -0.73165 0.143317 -6.52166 -0.0720642 0.254544 0.964372 -12.3887
-0.172873 -0.948184 -0.266573 -1.07103 0.966328 -0.215647 0.140378 -3.75736 -0.19059 -0.233329 0.953537 -14.2631
0.859843 0.440998 -0.257275 4.53937 -0.404261 0.895845 0.184487 -0.42912 0.311837 -0.0546238 0.948564 -13.2375
-0.837879 0.4679 -0.28112 3.74118 -0.524233 -0.833284 0.175548 -6.7646 -0.152113 0.29446 0.94348 -12.1837
0.0842408 -0.962547 -0.257694 -1.0247 0.982335 0.036855 0.183465 -3.50697 -0.167097 -0.268597 0.948649 -13.9494
0.741033 0.640084 -0.202885 4.79277 -0.616408 0.768301 0.172498 -1.42393 0.26629 -0.00276635 0.963889 -12.9905
-0.947096 0.226867 -0.227025 2.75514 -0.26974 -0.945962 0.179992 -7.38794 -0.173923 0.231707 0.957111 -12.3826
0.470508 -0.85714 -0.209603 0.12745 0.874408 0.421012 0.241164 -1.91103 -0.118466 -0.296748 0.947579 -14.4006
0.285259 0.93224 -0.222612 5.57873 -0.918621 0.332188 0.213977 -3.49456 0.273427 0.143457 0.951135 -12.7847
-0.839319 -0.463286 -0.284447 0.457436 0.422328 -0.88512 0.195451 -6.25422 -0.34232 0.0439159 0.938556 -13.7356
0.944986 -0.201888 -0.257378 2.66047 0.263896 0.935449 0.235148 -1.02776 0.19329 -0.290133 0.937263 -14.2951
-0.573412 0.783392 -0.239781 3.98515 -0.819101 -0.542302 0.187036 -6.34258 0.0164884 0.303654 0.95264 -12.726
-0.186388 -0.947604 -0.259433 -0.892288 0.967038 -0.223576 0.12187 -4.36173 -0.173488 -0.228166 0.958041 -14.2173
0.814617 0.520152 -0.256596 3.91947 -0.491669 0.853983 0.170224 -2.87115 0.307671 -0.0125068 0.951411 -12.9478
-0.931604 0.212421 -0.294944 1.48003 -0.257042 -0.958746 0.12139 -7.12957 -0.256991 0.1889 0.947772 -12.9838
0.44464 -0.808306 -0.385924 0.215344 0.894532 0.422815 0.145057 -2.72393 0.0459241 -0.409719 0.911055 -14.1781
0.352755 0.879352 -0.31985 3.88636 -0.904681 0.407816 0.123443 -4.61422 0.238989 0.245817 0.939392 -12.3647
-0.877417 -0.285681 -0.385391 0.111661 0.263754 -0.958311 0.109885 -6.72714 -0.400716 -0.00523329 0.916187 -13.6197
0.823088 -0.425606 -0.376013 0.843407 0.518524 0.833254 0.191889 -2.56551 0.231645 -0.352914 0.906528 -13.9747
-0.205562 0.889034 -0.409099 3.04672 -0.974915 -0.149568 0.164837 -6.27603 0.0853574 0.432721 0.897478 -12.2338
-0.54194 -0.695675 -0.471527 -0.949962 0.712913 -0.677649 0.180408 -5.8883 -0.445035 -0.238387 0.863201 -14.4203
0.92007 0.0452231 -0.389136 2.42169 0.0351272 0.97979 0.19692 -2.24705 0.390177 -0.194849 0.899887 -13.8538
-0.618399 0.675131 -0.40222 2.53281 -0.770415 -0.621808 0.140774 -7.14035 -0.155063 0.39693 0.904655 -13.193
-0.0689342 -0.914082 -0.399626 -0.554583 0.969293 -0.156151 0.18997 -4.04473 -0.23605 -0.374259 0.896778 -15.5415
0.708101 0.614728 -0.347423 4.57622 -0.565559 0.788344 0.242193 -3.96295 0.422771 0.0249906 0.905892 -13.9975
-0.939162 0.0416774 -0.340937 1.03731 -0.113048 -0.974815 0.192243 -7.65194 -0.324337 0.219089 0.92022 -14.8494
0.658165 -0.663226 -0.3563 1.33529 0.749345 0.622847 0.224821 -2.58231 0.0728132 -0.414961 0.906921 -15.9985
-0.0452329 0.951834 -0.30326 4.33519 -0.983673 0.0104956 0.179662 -6.09148 0.174191 0.306435 0.935818 -14.29
-0.57805 -0.73658 -0.351153 -0.303273 0.73331 -0.657674 0.172403 -5.84907 -0.357933 -0.157846 0.920309 -15.9862
0.930579 0.216161 -0.295462 3.81456 -0.162718 0.96719 0.195109 -2.72205 0.327943 -0.133488 0.935219 -15.344
-0.865044 0.412746 -0.285201 2.56544 -0.457374 -0.882418 0.110217 -8.09105 -0.206175 0.225786 0.952109 -14.9756
0.384351 -0.863774 -0.325835 -0.0290225 0.923071 0.353971 0.150481 -3.48918 -0.014645 -0.358606 0.933374 -16.3574
0.274326 0.910953 -0.308073 4.66693 -0.925277 0.337303 0.173466 -4.69753 0.261933 0.237466 0.935415 -14.2976
-0.77677 -0.50174 -0.380637 0.0711384 0.481551 -0.862699 0.154466 -7.01352 -0.405877 -0.063312 0.911732 -15.4558
0.929665 -0.140878 -0.340407 1.83623 0.225741 0.948048 0.224158 -1.86589 0.291143 -0.285236 0.913168 -15.912
-0.543784 0.778177 -0.314227 4.16754 -0.838898 -0.514483 0.177644 -6.19166 -0.0234261 0.360205 0.932579 -14.279
-0.152065 -0.932943 -0.326335 -0.4132 0.948544 -0.230535 0.217066 -4.54713 -0.277742 -0.276534 0.919994 -16.3487
0.769495 0.580143 -0.26704 4.23319 -0.527325 0.813034 0.246787 -2.36556 0.360284 -0.0490843 0.93155 -15.6952
-0.947642 0.150063 -0.281878 2.34405 -0.209559 -0.958286 0.194353 -7.21705 -0.240954 0.243247 0.939559 -15.2278
0.613285 -0.73556 -0.287807 0.756649 0.789492 0.559706 0.251855 -2.48732 -0.0241672 -0.38168 0.923979 -16.9531
-0.0189475 0.962203 -0.271674 5.14047 -0.978023 0.0385929 0.204897 -5.14638 0.207637 0.269585 0.940325 -15.039
-0.563366 -0.742413 -0.362549 0.0851974 0.731193 -0.65232 0.19959 -5.98768 -0.384676 -0.152651 0.910342 -16.8716
0.923798 0.248593 -0.291203 4.0046 -0.186213 0.956258 0.225602 -1.6674 0.334548 -0.154185 0.92968 -16.6769
-0.880983 0.399803 -0.253036 3.6087 -0.447556 -0.877653 0.171521 -7.32329 -0.153503 0.264355 0.952131 -15.7687
0.46075 -0.850253 -0.254517 0.389728 0.879765 0.399683 0.257425 -2.77445 -0.117151 -0.342524 0.932176 -17.8997
0.152117 0.966996 -0.2044 5.85156 -0.955147 0.19699 0.221109 -4.41128 0.254076 0.161598 0.953589 -16.4108
-0.665785 -0.700391 -0.25726 0.684624 0.660772 -0.713601 0.232711 -5.90458 -0.346569 -0.0150546 0.937903 -17.3706
0.960536 0.196533 -0.196838 4.12629 -0.142978 0.955865 0.256671 -1.34539 0.238595 -0.218399 0.946242 -17.4568
-0.889288 0.385311 -0.246379 3.76099 -0.439477 -0.86906 0.227143 -7.04323 -0.126598 0.310274 0.94218 -15.8436
0.47996 -0.836605 -0.264066 0.526076 0.862731 0.395494 0.315088 -3.17417 -0.159168 -0.379047 0.911586 -18.0954
0.18457 0.962353 -0.199528 5.90654 -0.938606 0.232803 0.254602 -3.96045 0.291467 0.140286 0.946238 -16.5107
-0.707086 -0.639238 -0.30233 0.942241 0.580989 -0.768898 0.266924 -6.61467 -0.403089 0.0130879 0.915067 -17.1374
0.971114 0.0629059 -0.230175 3.47977 -0.00642059 0.971164 0.238326 -1.74111 0.23853 -0.229964 0.943515 -17.5477
-0.773089 0.58128 -0.253863 4.22264 -0.629253 -0.753213 0.1916 -6.71697 -0.0798398 0.307868 0.948073 -16.2178
0.245164 -0.934577 -0.257799 0.51789 0.946374 0.172993 0.272856 -3.53319 -0.210408 -0.310869 0.926871 -18.0295
0.404975 0.881504 -0.242786 5.59138 -0.858542 0.457947 0.230631 -3.64256 0.314485 0.115042 0.942266 -16.5787
-0.852016 -0.435207 -0.290969 1.63183 0.349925 -0.886832 0.301798 -6.56172 -0.389385 0.155319 0.907885 -16.7267
0.928867 -0.252747 -0.270787 2.78126 0.326313 0.904287 0.275291 -1.93351 0.17529 -0.34407 0.922437 -17.6228
-0.51754 0.817479 -0.252745 5.22051 -0.855658 -0.493995 0.15433 -5.9722 0.00130742 0.296135 0.955145 -16.1753
-0.176708 -0.936364 -0.30331 0.626898 0.945657 -0.246975 0.21151 -5.85743 -0.272961 -0.249452 0.929121 -17.641
0.815902 0.542723 -0.199387 4.03553 -0.507389 0.837424 0.203168 -2.39742 0.277235 -0.0645986 0.958628 -17.6998
-0.917356 0.26977 -0.292715 4.35558 -0.320431 -0.936733 0.140911 -7.10151 -0.236182 0.22306 0.94576 -17.1021
0.394291 -0.873106 -0.286739 0.118202 0.915091 0.344323 0.209884 -5.05628 -0.0845201 -0.345147 0.934735 -19.0579
0.463007 0.859382 -0.216996 4.7475 -0.851864 0.499079 0.158897 -2.6529 0.244851 0.11128 0.963153 -18.7672
-0.95642 -0.119142 -0.26658 4.21196 0.0865165 -0.987602 0.130987 -7.80051 -0.278881 0.102215 0.95487 -18.4925
0.740378 -0.629184 -0.236575 1.15763 0.671964 0.701914 0.236181 -4.00504 0.0174533 -0.333833 0.94247 -20.3388
0.0190781 0.977379 -0.210631 6.69304 -0.986759 0.0523453 0.153517 -4.22209 0.16107 0.204913 0.965436 -19.0045
-0.747895 -0.598053 -0.288071 2.99704 0.574603 -0.800543 0.170184 -8.66575 -0.332392 -0.0382467 0.942365 -18.9028
0.94759 -0.214482 -0.236792 1.80188 0.275403 0.924051 0.265112 -2.74638 0.161946 -0.31643 0.93469 -20.6958
-0.46279 0.853945 -0.237913 6.78136 -0.885778 -0.434878 0.162108 -5.85984 0.0349685 0.28576 0.957663 -19.1133
-0.290982 -0.907071 -0.304221 1.36453 0.909954 -0.360601 0.20482 -7.46729 -0.295489 -0.217228 0.930322 -20.7259
