1 0 0 0 0 1 0 0 0 0 1 0
0.999995 -0.00240693 0.00188607 -2.08075 0.00240834 0.999997 -0.000745522 -0.0891177 -0.00188427 0.000750061 0.999998 -0.0127266
0.999978 -0.00429632 0.00504787 -4.16727 0.00430348 0.99999 -0.0014075 -0.241607 -0.00504177 0.00142919 0.999986 -0.0415546
0.999975 -0.00517171 0.00482018 -6.29906 0.00518313 0.999984 -0.0023585 -0.382289 -0.00480791 0.00238343 0.999986 -0.107469
0.999963 -0.00601847 0.00617794 -8.48183 0.00603343 0.999979 -0.00240667 -0.540296 -0.00616332 0.00244386 0.999978 -0.15342
0.999963 -0.00676743 0.00540105 -10.729 0.00678078 0.999974 -0.00245789 -0.680906 -0.00538428 0.00249443 0.999982 -0.169577
0.999958 -0.00698268 0.00591446 -12.9944 0.00700291 0.99997 -0.0034067 -0.824548 -0.0058905 0.00344797 0.999977 -0.211616
0.99996 -0.0071462 0.00541466 -15.3068 0.00716061 0.999971 -0.00264763 -0.978931 -0.00539558 0.0026863 0.999982 -0.251491
0.999954 -0.00681558 0.00673045 -17.6914 0.00683691 0.999972 -0.00315157 -1.13779 -0.00670878 0.00319744 0.999972 -0.287184
0.999945 -0.00654155 0.00818961 -20.1162 0.00657461 0.99997 -0.00401602 -1.29893 -0.00816309 0.00406964 0.999958 -0.330514
0.999944 -0.00661524 0.00821515 -22.6111 0.00665732 0.999965 -0.00510517 -1.4659 -0.00818109 0.00515958 0.999953 -0.366254
0.99996 -0.00592056 0.00673143 -25.1033 0.00594856 0.999974 -0.00414636 -1.65304 -0.00670671 0.00418623 0.999969 -0.422396
0.999963 -0.00507935 0.00692775 -27.6282 0.00513091 0.999959 -0.00744425 -1.80644 -0.00688966 0.00747952 0.999948 -0.439414
0.999969 -0.00417807 0.00665677 -30.1733 0.00423411 0.999956 -0.00842699 -1.95533 -0.00662126 0.00845492 0.999942 -0.461662
0.999983 -0.0025617 0.00535211 -32.7521 0.00260939 0.999957 -0.00892182 -2.10906 -0.00532902 0.00893563 0.999946 -0.475001
0.99998 3.38614e-05 0.00629413 -35.3536 1.89245e-05 0.999965 -0.00838654 -2.27378 -0.00629419 0.00838649 0.999945 -0.506546
0.999988 0.00373574 0.00328957 -37.9737 -0.00370668 0.999955 -0.00879484 -2.43659 -0.00332228 0.00878254 0.999956 -0.552206
0.999962 0.00824005 0.00275158 -40.6114 -0.00822561 0.999953 -0.00522076 -2.56465 -0.00279446 0.00519793 0.999983 -0.592667
0.999914 0.0130685 -0.00105289 -43.2763 -0.0130713 0.999911 -0.00273705 -2.67958 0.00101703 0.00275058 0.999996 -0.615987
0.999779 0.0169456 0.0124219 -45.9009 -0.016817 0.999805 -0.0103844 -2.79839 -0.0125955 0.0101732 0.999869 -0.659772
0.999708 0.0202809 0.0131588 -48.5358 -0.0200433 0.999638 -0.0179456 -2.93028 -0.013518 0.0176766 0.999752 -0.62622
0.999743 0.0212352 0.00789844 -51.2022 -0.021135 0.999698 -0.0125517 -3.02234 -0.00816259 0.0123815 0.99989 -0.690077
0.999821 0.0180262 0.00567741 -53.8555 -0.0179898 0.999818 -0.00641092 -3.13281 -0.00579193 0.00630763 0.999963 -0.73217
0.999912 0.0109308 0.00755192 -56.5315 -0.0109002 0.999932 -0.00407237 -3.23381 -0.00759592 0.00398969 0.999963 -0.770618
0.999934 0.000854303 0.0114858 -59.1887 -0.000839094 0.999999 -0.0013288 -3.42377 -0.0114869 0.00131907 0.999933 -0.762776
0.99991 -0.0099978 0.00893831 -61.8521 0.00998362 0.999949 0.00162987 -3.57177 -0.00895415 -0.00154049 0.999959 -0.758879
0.999632 -0.0232337 0.0139716 -64.506 0.0231973 0.999727 0.00276507 -3.76543 -0.014032 -0.00243995 0.999899 -0.790286
0.999345 -0.0345507 0.0107156 -67.16 0.0345328 0.999402 0.00184961 -4.00118 -0.0107731 -0.00147836 0.999941 -0.819954
0.999069 -0.0429203 0.00428008 -69.865 0.0429216 0.999078 -0.000208394 -4.28196 -0.00426719 0.000391904 0.999991 -0.837361
0.998693 -0.05086 0.00513406 -72.5226 0.0508812 0.998696 -0.0040858 -4.59148 -0.00491956 0.00434169 0.999979 -0.91888
0.998488 -0.0532251 0.0137405 -75.1656 0.0532973 0.998566 -0.00494013 -4.87592 -0.0134579 0.00566499 0.999893 -0.883295
0.998494 -0.0530911 0.0137945 -77.8428 0.0531898 0.998561 -0.00688848 -5.15018 -0.0134089 0.00761183 0.999881 -0.856497
0.998698 -0.0499834 0.0102225 -80.5033 0.0500607 0.998718 -0.00745477 -5.45676 -0.00983674 0.0079568 0.99992 -0.86296
0.998891 -0.0461463 0.00929284 -83.1904 0.0462198 0.9989 -0.00784992 -5.73469 -0.00892037 0.00827073 0.999926 -0.90199
0.99909 -0.0406938 0.0127643 -85.8709 0.0408056 0.99913 -0.00862771 -6.01009 -0.0124021 0.00914072 0.999881 -0.952147
0.999292 -0.0351593 0.0133896 -88.5473 0.0352548 0.999354 -0.00696428 -6.27572 -0.0131361 0.00743139 0.999886 -0.932941
0.999423 -0.0306754 0.0145619 -91.2363 0.0307781 0.999503 -0.00688247 -6.53018 -0.0143435 0.00732669 0.99987 -0.935072
0.999486 -0.0277443 0.01604 -93.921 0.0278504 0.999591 -0.00642619 -6.75481 -0.0158551 0.00686961 0.999851 -0.93535
0.999529 -0.026563 0.0153367 -96.6059 0.0266336 0.999636 -0.00441577 -6.98608 -0.0152138 0.00482216 0.999873 -0.931352
0.999469 -0.0267968 0.0185499 -99.2901 0.0268491 0.999636 -0.00257961 -7.21251 -0.0184741 0.00307628 0.999825 -0.93966
0.999489 -0.027372 0.0165302 -101.981 0.027392 0.999624 -0.000989992 -7.42336 -0.0164969 0.00144228 0.999863 -0.952038
0.999515 -0.0281635 0.0132554 -104.686 0.0281635 0.999603 0.000186445 -7.66897 -0.0132554 0.000186963 0.999912 -0.95294
0.999509 -0.0287037 0.0125658 -107.36 0.0286847 0.999587 0.00169171 -7.8932 -0.0126092 -0.00133044 0.99992 -0.935982
0.999558 -0.0292749 0.00523829 -110.018 0.0292958 0.999563 -0.003971 -8.13722 -0.00511975 0.0041227 0.999978 -0.969015
0.99951 -0.0306144 0.00657003 -112.626 0.0306255 0.99953 -0.00159339 -8.3775 -0.00651816 0.00179382 0.999977 -0.961846
0.99951 -0.028755 0.0123773 -115.134 0.0287992 0.999579 -0.00340627 -8.58771 -0.0122742 0.00376106 0.999918 -0.976326
0.999557 -0.0284605 0.0087013 -117.594 0.028506 0.99958 -0.00515808 -8.80784 -0.00855084 0.00540383 0.999949 -0.942763
0.999551 -0.0278972 0.0109636 -119.988 0.0279652 0.99959 -0.00610047 -9.03188 -0.0107889 0.00640433 0.999921 -0.918261
0.999477 -0.0282147 0.0157668 -122.326 0.0282926 0.999589 -0.00473986 -9.21283 -0.0156266 0.00518346 0.999864 -0.90433
0.999437 -0.0285262 0.017668 -124.646 0.0286271 0.999575 -0.00548707 -9.40829 -0.017504 0.00598976 0.999829 -0.891767
0.999473 -0.0290621 0.0144265 -126.948 0.0291771 0.999544 -0.0078298 -9.60634 -0.0141924 0.0082466 0.999865 -0.886534
0.999466 -0.0288994 0.0152341 -129.23 0.028974 0.999569 -0.00469881 -9.79074 -0.0150918 0.00513769 0.999873 -0.87158
0.999433 -0.0287196 0.0175601 -131.519 0.028681 0.999586 0.00244625 -10.0006 -0.0176231 -0.00194122 0.999843 -0.860529
0.999407 -0.0282157 0.0197287 -133.79 0.0281193 0.999591 0.00514701 -10.1857 -0.0198658 -0.0045892 0.999792 -0.835048
0.999229 -0.0275309 0.0279734 -136.034 0.0274988 0.999621 0.00153142 -10.4091 -0.028005 -0.000761012 0.999608 -0.823481
0.999135 -0.0265215 0.0320381 -138.28 0.026597 0.999645 -0.00193429 -10.613 -0.0319754 0.00278473 0.999485 -0.769097
0.999267 -0.0257817 0.02829 -140.543 0.0259556 0.999646 -0.00579916 -10.7928 -0.0281305 0.00652919 0.999583 -0.764641
0.999128 -0.0244175 0.0338784 -142.791 0.0246366 0.999678 -0.00606768 -10.9764 -0.0337194 0.00689704 0.999408 -0.73165
0.999151 -0.0218944 0.034893 -145.052 0.022106 0.99974 -0.00569058 -11.1373 -0.0347593 0.00645709 0.999375 -0.700165
0.999451 -0.019792 0.0265777 -147.36 0.019871 0.999799 -0.00271331 -11.3136 -0.0265187 0.00323995 0.999643 -0.639371
0.999513 -0.0163415 0.0265686 -149.671 0.0167869 0.999721 -0.0166289 -11.522 -0.0262894 0.0170668 0.999509 -0.621372
0.999172 -0.0154598 0.0376464 -152.003 0.0155035 0.99988 -0.000867275 -11.6973 -0.0376284 0.0014502 0.999291 -0.625728
0.999455 -0.0135453 0.0300995 -154.382 0.0133348 0.999885 0.00718498 -11.85 -0.0301933 -0.0067797 0.999521 -0.567304
0.999483 -0.0139023 0.0289956 -156.794 0.0137038 0.999881 0.00703377 -11.9889 -0.02909 -0.00663279 0.999555 -0.510694
0.999358 -0.0117932 0.0338353 -159.197 0.0119715 0.999916 -0.00507357 -12.1837 -0.0337726 0.00547537 0.999415 -0.486747
0.999432 -0.011959 0.0315013 -161.643 0.0120896 0.999919 -0.00395768 -12.3672 -0.0314515 0.00433627 0.999496 -0.4646
0.999443 -0.0115421 0.0313003 -164.067 0.0116821 0.999923 -0.00429206 -12.5602 -0.0312484 0.00465532 0.999501 -0.421636
0.999615 -0.0121765 0.0249332 -166.531 0.0124173 0.999878 -0.00952324 -12.7233 -0.0248142 0.00982918 0.999644 -0.380151
0.999473 -0.0127908 0.0298433 -168.967 0.0128489 0.999916 -0.00175694 -12.8941 -0.0298183 0.00213946 0.999553 -0.365816
0.999439 -0.0137945 0.0305363 -171.422 0.013812 0.999905 -0.000361527 -13.0569 -0.0305284 0.000783085 0.999534 -0.316675
0.999395 -0.0153829 0.0311996 -173.891 0.0153937 0.999881 -0.000104326 -13.2358 -0.0311943 0.000584535 0.999513 -0.270644
0.999344 -0.0170337 0.031972 -176.358 0.0170181 0.999855 0.000759509 -13.4231 -0.0319803 -0.000214911 0.999489 -0.23641
0.999331 -0.0192088 0.0311285 -178.841 0.0192478 0.999814 -0.000955042 -13.6037 -0.0311044 0.00155355 0.999515 -0.212751
0.999211 -0.0204182 0.0340833 -181.291 0.0205015 0.999788 -0.00209502 -13.7957 -0.0340332 0.00279212 0.999417 -0.154754
0.999164 -0.0210059 0.0350719 -183.755 0.0211071 0.999774 -0.00251609 -14.0052 -0.0350111 0.00325425 0.999382 -0.100807
0.999066 -0.0219449 0.0372215 -186.221 0.02208 0.999751 -0.00322279 -14.2086 -0.0371415 0.00404163 0.999302 -0.0647175
0.99915 -0.0224369 0.0345927 -188.691 0.0225885 0.999737 -0.00399843 -14.4137 -0.0344939 0.00477642 0.999394 -0.0374327
0.999117 -0.0241696 0.0343817 -191.19 0.0244184 0.999678 -0.00683464 -14.611 -0.0342055 0.00766815 0.999386 0.00835929
0.998973 -0.0245228 0.0381178 -193.646 0.0247998 0.999669 -0.00681173 -14.8036 -0.0379382 0.00775004 0.99925 0.08592
0.998929 -0.0250232 0.0389231 -196.11 0.0253522 0.999647 -0.00798232 -15.0134 -0.0387097 0.00896055 0.999211 0.128854
0.999076 -0.0248772 0.03504 -198.578 0.0250446 0.999677 -0.00434549 -15.2147 -0.0349206 0.00521903 0.999377 0.182774
0.999031 -0.0253147 0.0360096 -201.039 0.0251069 0.999665 0.00621073 -15.4158 -0.0361548 -0.00530063 0.999332 0.224101
0.998888 -0.0259814 0.0393344 -203.503 0.0255709 0.999614 0.010904 -15.6005 -0.0396025 -0.00988606 0.999167 0.279423
0.999037 -0.0268175 0.034721 -206.003 0.0262368 0.99951 0.0170735 -15.8169 -0.0351618 -0.0161461 0.999251 0.332263
0.998948 -0.0276714 0.0365647 -208.47 0.0269671 0.999444 0.0196176 -16.0198 -0.0370872 -0.0186109 0.999139 0.4194
0.998756 -0.02886 0.0406828 -210.933 0.0281033 0.999424 0.0190506 -16.2293 -0.0412092 -0.0178835 0.998991 0.488156
0.998725 -0.0303863 0.0403123 -213.408 0.0295514 0.99934 0.0211461 -16.4347 -0.0409283 -0.0199279 0.998963 0.578095
0.998665 -0.0321806 0.0404054 -215.882 0.0313139 0.99927 0.0219023 -16.6552 -0.0410807 -0.0206079 0.998943 0.645414
0.998646 -0.0333164 0.0399583 -218.363 0.0324755 0.999241 0.0215112 -16.8674 -0.0406447 -0.0201844 0.99897 0.721029
0.998449 -0.0347651 0.0435041 -220.848 0.0339078 0.999219 0.0202922 -17.1024 -0.0441756 -0.0187856 0.998847 0.795728
0.998488 -0.0350118 0.0423999 -223.339 0.0341845 0.999214 0.0200814 -17.3316 -0.0430696 -0.0186016 0.998899 0.886971
0.998398 -0.0361287 0.043562 -225.866 0.0353606 0.999207 0.0182746 -17.5566 -0.0441877 -0.016705 0.998884 0.981133
0.998292 -0.0370358 0.0451972 -228.375 0.0363059 0.999198 0.0168655 -17.8058 -0.0457856 -0.0151957 0.998836 1.04524
0.998305 -0.0384176 0.0437254 -230.91 0.0378224 0.999181 0.0143581 -18.0445 -0.0442412 -0.01268 0.998941 1.12313
0.998121 -0.0405619 0.0459313 -233.451 0.0398794 0.999081 0.0156799 -18.3051 -0.0465251 -0.0138187 0.998822 1.20495
0.997815 -0.0423991 0.0506824 -235.981 0.0415827 0.998989 0.0170553 -18.5351 -0.0513543 -0.0149106 0.998569 1.27673
0.997769 -0.0439414 0.0502769 -238.524 0.0431823 0.998938 0.0160864 -18.8038 -0.0509303 -0.0138794 0.998606 1.37328
0.997845 -0.0444629 0.0482637 -241.095 0.0438197 0.998937 0.0143049 -19.0674 -0.0488484 -0.0121592 0.998732 1.48556
0.997611 -0.0445464 0.0528137 -243.65 0.0438383 0.998933 0.0144908 -19.3292 -0.0534029 -0.0121409 0.998499 1.57631
0.997547 -0.0449065 0.0537088 -246.224 0.0440748 0.998891 0.0165704 -19.5947 -0.0543933 -0.0141625 0.998419 1.66524
0.997617 -0.0453684 0.0519861 -248.828 0.0446452 0.99889 0.0149887 -19.8588 -0.0526084 -0.0126321 0.998535 1.76676
0.997399 -0.0468665 0.0547689 -251.444 0.0459145 0.998774 0.018513 -20.1222 -0.0555694 -0.0159502 0.998327 1.87641
0.997152 -0.0483807 0.057865 -254.064 0.0472206 0.998658 0.0212516 -20.4108 -0.0588155 -0.0184586 0.998098 1.99313
0.996881 -0.0502598 0.0608478 -256.708 0.0494637 0.99867 0.0145204 -20.6972 -0.0614967 -0.0114654 0.998041 2.11849
0.996565 -0.0519675 0.0644928 -259.335 0.0517868 0.998648 0.0044709 -21.007 -0.0646379 -0.00111568 0.997908 2.25563
0.997284 -0.0552925 0.0486634 -262.001 0.055391 0.998465 -0.000678042 -21.2952 -0.0485511 0.0033717 0.998815 2.35745
0.997057 -0.0603681 0.0472687 -264.664 0.0603548 0.998176 0.00170936 -21.597 -0.0472856 0.00114855 0.998881 2.39602
0.996323 -0.0648796 0.0559593 -267.305 0.0648179 0.997893 0.00291839 -21.9169 -0.0560307 0.000719486 0.998429 2.50313
0.995999 -0.0700555 0.0554811 -269.977 0.0699998 0.997543 0.0029493 -22.2635 -0.0555514 0.00094615 0.998455 2.63476
0.995689 -0.0744871 0.0552805 -272.669 0.0742001 0.997217 0.00722788 -22.587 -0.055665 -0.00309491 0.998445 2.70767
0.99539 -0.0774396 0.0565871 -275.337 0.0770439 0.996986 0.00914421 -22.9485 -0.0571247 -0.00474238 0.998356 2.80988
0.994924 -0.0778406 0.0637722 -278.002 0.077653 0.996966 0.00541765 -23.3258 -0.0640004 -0.000438063 0.99795 2.92183
0.995664 -0.0781607 0.0504537 -280.676 0.0774519 0.99687 0.0158569 -23.679 -0.0515352 -0.0118804 0.9986 3.02813
0.995504 -0.0784155 0.0531405 -283.386 0.0772956 0.996747 0.0228152 -24.0256 -0.0547567 -0.018605 0.998326 3.14249
0.995122 -0.07503 0.0640611 -286.079 0.0742791 0.997139 0.0140274 -24.4016 -0.0649303 -0.00920061 0.997847 3.23578
0.995377 -0.0732069 0.0621812 -288.792 0.0725476 0.997283 0.012798 -24.7892 -0.0629491 -0.00822775 0.997983 3.37705
0.995474 -0.0727677 0.0611308 -291.485 0.0716771 0.997231 0.0198505 -25.1236 -0.0624059 -0.015379 0.997932 3.49293
0.995847 -0.0712508 0.0566751 -294.156 0.0704194 0.997381 0.0165365 -25.4558 -0.0577049 -0.0124768 0.998256 3.65038
0.995479 -0.0689327 0.065352 -296.855 0.0678938 0.997531 0.017988 -25.808 -0.0664306 -0.0134697 0.9977 3.78458
0.995354 -0.0710805 0.0649474 -299.534 0.0696629 0.997286 0.0238389 -26.1343 -0.0664656 -0.0192038 0.997604 3.93213
0.995171 -0.0715145 0.0672409 -302.224 0.0702181 0.997301 0.0214533 -26.4901 -0.0685936 -0.0166282 0.997506 4.0946
0.99525 -0.0723108 0.0651791 -304.915 0.0712305 0.997284 0.0187523 -26.858 -0.066358 -0.0140205 0.997697 4.22746
0.995117 -0.0741891 0.0651096 -307.613 0.0730452 0.997133 0.0197806 -27.198 -0.0663904 -0.0149281 0.997682 4.37608
0.994853 -0.0767073 0.0662114 -310.306 0.0753795 0.996905 0.0223282 -27.5443 -0.0677192 -0.0172223 0.997556 4.4879
0.994787 -0.0797841 0.0635106 -313.002 0.0785422 0.996672 0.021821 -27.9281 -0.0650402 -0.016719 0.997742 4.63053
0.994283 -0.0818217 0.0686061 -314.349 0.0805716 0.996532 0.0207983 -28.1106 -0.07007 -0.0151516 0.997427 4.70151
