1 0 0 0 0 1 0 0 0 0 1 0
1 0.000767048 -0.000292709 0.0757652 -0.000767489 0.999999 -0.00150885 0.00291189 0.000291551 0.00150907 0.999999 -0.00521958
1 0.000573905 -0.000442999 0.0809798 -0.000574043 1 -0.000313023 0.0251876 0.000442819 0.000313277 1 -0.00448752
1 -9.31813e-05 -8.67805e-05 0.0562719 9.31286e-05 1 -0.000609131 0.0175466 8.68372e-05 0.000609123 1 0.00365131
0.999999 0.000220966 -0.000899303 0.1048 -0.00022117 1 -0.000227761 0.0289682 0.000899253 0.000227959 1 -0.00123158
0.999999 0.00112266 0.000536166 0.201635 -0.00112277 0.999999 0.000207002 0.0271475 -0.000535934 -0.000207604 1 0.015294
0.999998 0.0017316 0.000984469 0.494768 -0.00173226 0.999998 0.000670963 0.0449964 -0.000983305 -0.000672667 0.999999 0.022536
1 0.000917991 0.00010029 0.558804 -0.000918076 0.999999 0.000857878 0.0451941 -9.95026e-05 -0.000857969 1 0.0174686
0.999999 -7.34153e-05 0.00132984 0.497563 7.26094e-05 1 0.00060622 0.0339956 -0.00132989 -0.000606123 0.999999 0.0235217
0.999999 -0.000375719 0.000981166 0.536285 0.0003748 1 0.000937517 0.0362585 -0.000981518 -0.000937149 0.999999 0.0175194
0.999999 0.00149177 0.000715849 0.837518 -0.00149125 0.999999 -0.000721772 0.0463848 -0.000716925 0.000720704 0.999999 0.00292744
0.999993 0.00381984 -8.41067e-05 1.08689 -0.00382002 0.99999 -0.00224336 0.052531 7.55363e-05 0.00224367 0.999997 0.0149615
0.999994 0.00343864 1.01137e-05 1.36341 -0.00343863 0.999994 -0.000844703 0.0777306 -1.30185e-05 0.000844663 1 0.0446831
0.999989 0.00261368 0.00396079 1.45362 -0.00262559 0.999992 0.00300382 0.0820393 -0.00395291 -0.00301419 0.999988 0.0865745
0.999992 0.00197925 0.00345726 1.80885 -0.00197381 0.999997 -0.00157587 0.0810858 -0.00346036 0.00156903 0.999993 0.0662403
0.99999 0.00132978 0.00424654 1.71573 -0.00132536 0.999999 -0.00104342 0.087605 -0.00424792 0.00103778 0.99999 0.0623639
0.999996 0.00150465 0.00226451 2.12665 -0.0015096 0.999997 0.00218314 0.134528 -0.00226122 -0.00218655 0.999995 0.134074
0.999973 0.00325761 -0.0065958 2.30569 -0.00323738 0.99999 0.00307547 0.123844 0.00660575 -0.00305404 0.999973 0.155548
0.999949 -0.00152296 -0.00994945 2.49212 0.00158199 0.999981 0.00592723 0.131037 0.00994023 -0.00594267 0.999933 0.174664
0.999937 -0.0015431 -0.0110705 2.7945 0.00160836 0.999981 0.00588886 0.147999 0.0110612 -0.0059063 0.999921 0.176391
0.999931 -0.00258334 -0.011497 3.02843 0.0026534 0.999978 0.00608265 0.158615 0.011481 -0.00611273 0.999915 0.191123
0.999954 -8.25021e-05 -0.00957403 3.07832 0.000145484 0.999978 0.00657801 0.153667 0.00957328 -0.0065791 0.999932 0.197161
0.99998 -0.00158586 -0.00605134 3.21686 0.00163468 0.999966 0.00807267 0.158101 0.00603833 -0.0080824 0.999949 0.213447
0.999988 -0.000128217 -0.00498683 2.90429 0.000164155 0.999974 0.00720697 0.138625 0.00498578 -0.0072077 0.999961 0.207014
0.999985 0.00217888 -0.0050438 2.42887 -0.0021363 0.999962 0.00843359 0.112476 0.00506199 -0.00842269 0.999952 0.188564
0.999966 0.00589855 -0.00577376 1.93584 -0.00584791 0.999945 0.00874931 0.129748 0.00582505 -0.00871524 0.999945 0.176745
0.999946 0.00647258 -0.00807827 1.57651 -0.00640431 0.999944 0.00844778 0.0926183 0.0081325 -0.00839559 0.999932 0.173445
0.999942 0.00752528 -0.00767733 1.39659 -0.00745408 0.999929 0.00926099 0.0986934 0.00774648 -0.00920323 0.999928 0.157343
0.999946 0.00911759 -0.0049959 1.0876 -0.00907213 0.999918 0.0090471 0.100967 0.00507797 -0.00900129 0.999947 0.152002
0.99995 0.00992088 -0.000988905 0.746005 -0.00991221 0.999915 0.00842093 0.0817794 0.00107237 -0.00841071 0.999964 0.171842
0.999966 0.00805288 -0.00202302 0.540278 -0.00803599 0.999934 0.00822371 0.0941465 0.00208911 -0.00820717 0.999964 0.164614
0.999968 0.00637304 -0.00481285 -0.0632265 -0.00632536 0.999931 0.00985754 0.0867932 0.00487535 -0.00982678 0.99994 0.138335
0.999972 0.00550284 -0.00506094 -0.87753 -0.00545484 0.99994 0.0094513 0.0593598 0.00511264 -0.00942343 0.999942 0.123865
0.999967 0.00702341 -0.00413445 -1.52173 -0.00698852 0.99994 0.00839495 0.0212953 0.00419317 -0.00836578 0.999956 0.0815037
0.999944 0.00929653 -0.00504174 -2.23241 -0.00925522 0.999924 0.00815596 -0.0137373 0.00511718 -0.00810884 0.999954 0.0873717
0.999891 0.0123865 -0.0080459 -2.79489 -0.0123474 0.999912 0.00488898 -0.0275259 0.00810575 -0.0047891 0.999956 0.0438408
0.999821 0.0161951 -0.00974139 -3.34252 -0.0161788 0.999867 0.00175646 -0.0391465 0.00976855 -0.00159854 0.999951 0.0165904
0.999768 0.0173616 -0.0127354 -3.75563 -0.0173389 0.999848 0.00189016 -0.0277628 0.0127663 -0.0016689 0.999917 -0.0148524
0.999746 0.0172427 -0.0145319 -4.13365 -0.0172107 0.999849 0.00232137 0.00468919 0.0145697 -0.00207067 0.999892 -0.0472483
0.99972 0.0160933 -0.0173261 -4.33971 -0.0160504 0.999868 0.00261052 0.0125716 0.0173659 -0.0023317 0.999846 -0.0537693
0.999774 0.0139765 -0.0159935 -4.34675 -0.0139877 0.999902 -0.000586695 0.0212545 0.0159837 0.000810276 0.999872 -0.0801716
0.999814 0.0119915 -0.0151072 -4.34533 -0.0119137 0.999915 0.00523004 0.0429685 0.0151686 -0.00504908 0.999872 -0.0516238
0.99988 0.0120467 -0.00971916 -4.45162 -0.0120601 0.999926 -0.00132443 0.0390677 0.00970249 0.00144149 0.999952 -0.0891704
0.999847 0.00782284 -0.0156521 -4.42271 -0.00799673 0.999907 -0.0110783 0.0403746 0.015564 0.0112018 0.999816 -0.110357
0.999842 0.00792115 -0.0158766 -4.40802 -0.00809756 0.999906 -0.0110785 0.0396221 0.0157874 0.0112053 0.999813 -0.109131
0.999842 0.00759922 -0.0160868 -4.39661 -0.00779704 0.999894 -0.01227 0.0491793 0.0159919 0.0123934 0.999795 -0.115716
0.999832 0.00776473 -0.0166166 -4.43733 -0.00795424 0.999904 -0.0113697 0.0392877 0.0165268 0.0114999 0.999797 -0.111841
0.99982 -0.00698276 -0.0176477 -4.72062 0.0068063 0.999926 -0.0100397 -0.0411175 0.0177165 0.00991778 0.999794 -0.0978743
0.999798 -0.00944199 -0.0177085 -5.08367 0.00928427 0.999917 -0.00896745 -0.0821036 0.0177916 0.00880124 0.999803 -0.109115
0.999739 -0.0101262 -0.0204899 -5.58874 0.00992594 0.999902 -0.00985288 -0.138426 0.0205877 0.00964693 0.999741 -0.132191
0.9998 -0.00129131 -0.0199381 -6.15939 0.00112973 0.999966 -0.00811307 -0.190123 0.0199479 0.00808893 0.999768 -0.140048
0.999815 0.00101096 -0.0191882 -6.81614 -0.00119491 0.999953 -0.00957777 -0.230114 0.0191776 0.00959893 0.99977 -0.174652
0.999828 0.00471623 -0.0179319 -7.66533 -0.00496947 0.999888 -0.0141035 -0.30222 0.0178634 0.0141902 0.99974 -0.215483
0.99973 0.00552227 -0.0225407 -8.46029 -0.00584487 0.999881 -0.0142711 -0.341391 0.0224592 0.014399 0.999644 -0.26219
0.999697 0.00714075 -0.0235323 -9.25492 -0.00743231 0.999896 -0.0123254 -0.384373 0.0234418 0.0124966 0.999647 -0.303938
0.999655 0.00694792 -0.0252962 -10.0382 -0.00724926 0.999904 -0.0118404 -0.413983 0.0252115 0.0120197 0.99961 -0.327867
0.999626 0.00603668 -0.0266699 -10.7638 -0.00639981 0.999888 -0.0135512 -0.43492 0.0265851 0.0137168 0.999552 -0.369777
0.999481 0.00884837 -0.0309494 -11.3169 -0.00922015 0.999887 -0.0118904 -0.468696 0.0308407 0.0121696 0.99945 -0.402154
0.999538 0.0108063 -0.0283833 -11.9329 -0.0110553 0.999902 -0.0086281 -0.481492 0.0282873 0.00893791 0.99956 -0.438661
0.999523 0.0122329 -0.028332 -12.3945 -0.0125273 0.999869 -0.0102394 -0.492073 0.028203 0.0105895 0.999546 -0.454917
0.999423 0.0121225 -0.0317171 -12.8319 -0.0125049 0.999851 -0.0118853 -0.519181 0.0315683 0.0122751 0.999426 -0.450891
0.999406 0.0108385 -0.0327042 -13.3333 -0.0111941 0.99988 -0.0107104 -0.527384 0.0325842 0.0110701 0.999407 -0.469099
0.999452 0.00998016 -0.0315616 -13.8727 -0.0103509 0.999879 -0.0116051 -0.540615 0.0314419 0.0119254 0.999434 -0.482921
0.999424 0.00884842 -0.0327484 -14.4281 -0.00922094 0.999894 -0.0112417 -0.556653 0.0326455 0.0115372 0.9994 -0.5092
0.999456 0.00630017 -0.0323736 -14.9503 -0.0066067 0.999934 -0.00936997 -0.573671 0.0323124 0.00957876 0.999432 -0.566653
0.999391 0.00461105 -0.0345945 -15.7564 -0.00475298 0.999981 -0.00402136 -0.583673 0.0345753 0.00418335 0.999393 -0.604332
0.999575 0.00410499 -0.0288663 -16.3789 -0.00445489 0.999917 -0.0120673 -0.635108 0.0288144 0.0121907 0.99951 -0.659068
0.999443 0.00270033 -0.0332506 -17.02 -0.00337425 0.99979 -0.0202285 -0.682909 0.033189 0.0203295 0.999242 -0.701454
0.999292 0.00173205 -0.0375636 -17.5808 -0.00273463 0.999641 -0.0266552 -0.715676 0.037504 0.026739 0.998938 -0.734477
0.999213 -0.00188914 -0.0396074 -18.139 0.000756198 0.999591 -0.0285997 -0.750714 0.0396452 0.0285472 0.998806 -0.778318
0.999226 -0.00298646 -0.0392236 -18.497 0.00188208 0.999602 -0.0281627 -0.779223 0.039292 0.028067 0.998833 -0.808742
0.999203 -0.00482063 -0.0396221 -18.6615 0.00369722 0.99959 -0.0283778 -0.798638 0.0397427 0.0282087 0.998811 -0.810625
0.999115 -0.00675897 -0.0415018 -18.8304 0.00553593 0.999549 -0.0295141 -0.831765 0.0416826 0.0292583 0.998702 -0.822842
0.998956 -0.00718171 -0.0451168 -19.0137 0.00583816 0.999538 -0.0298408 -0.867043 0.0453103 0.0295463 0.998536 -0.831079
0.999136 -0.00678209 -0.0409966 -19.0079 0.00559938 0.999567 -0.0288952 -0.864678 0.0411748 0.0286407 0.998741 -0.833905
0.99921 -0.00468295 -0.0394687 -18.9052 0.00365795 0.999655 -0.0260021 -0.880716 0.0395769 0.0258372 0.998882 -0.796695
0.999204 -0.00390452 -0.0396847 -19.0567 0.002849 0.999642 -0.0266194 -0.90122 0.0397744 0.0264852 0.998857 -0.814485
0.999196 -0.00318388 -0.0399645 -19.1409 0.002154 0.999665 -0.0257866 -0.912819 0.0400332 0.0256797 0.998868 -0.815537
0.999101 -0.00302158 -0.0422755 -19.3232 0.00190677 0.99965 -0.0263856 -0.92104 0.0423404 0.0262813 0.998757 -0.82617
0.999121 -0.00180316 -0.0418819 -19.0085 0.000928377 0.999781 -0.0208968 -0.891896 0.0419104 0.0208396 0.998904 -0.787203
0.999061 -0.00139136 -0.0432916 -18.7067 0.000410546 0.999743 -0.0226565 -0.882444 0.043312 0.0226175 0.998805 -0.758694
0.999201 -0.000611109 -0.0399543 -18.405 -0.000305658 0.999737 -0.0229352 -0.876731 0.0399578 0.0229291 0.998938 -0.758445
0.99928 -0.00112102 -0.0379113 -18.1032 0.000231479 0.999725 -0.0234599 -0.864201 0.0379272 0.0234342 0.999005 -0.723049
0.999398 -0.00359268 -0.0344902 -18.0714 0.00257164 0.999558 -0.0296028 -0.858813 0.0345814 0.0294963 0.998966 -0.763927
0.999393 -0.00240352 -0.0347387 -18.0772 0.00110602 0.999303 -0.0373214 -0.873536 0.0348042 0.0372603 0.998699 -0.803863
0.999362 -0.00104688 -0.0357037 -18.1922 -0.000270247 0.99932 -0.0368656 -0.881779 0.035718 0.0368517 0.998682 -0.813596
0.999324 0.00112422 -0.0367477 -18.4857 -0.00248648 0.99931 -0.037046 -0.876461 0.0366807 0.0371124 0.998637 -0.815482
0.999328 0.00329813 -0.0364883 -18.843 -0.0046277 0.999326 -0.0364142 -0.868854 0.0363436 0.0365586 0.99867 -0.820055
0.999303 0.0069259 -0.0366836 -19.2133 -0.00825136 0.999314 -0.0361049 -0.864536 0.0364084 0.0363825 0.998674 -0.847328
0.999257 0.00821682 -0.0376551 -19.5074 -0.00956803 0.999312 -0.0358453 -0.844864 0.0373346 0.036179 0.998647 -0.853196
0.999345 0.00932976 -0.0349417 -19.371 -0.0105566 0.999328 -0.0350917 -0.796806 0.0345908 0.0354376 0.998773 -0.853608
0.999311 0.00895111 -0.0360014 -18.9143 -0.0102324 0.999315 -0.0355655 -0.753436 0.0356584 0.0359094 0.998718 -0.822367
0.99932 0.00715067 -0.0361548 -18.5737 -0.00841773 0.999351 -0.0350156 -0.696335 0.0358809 0.0352961 0.998732 -0.782998
0.999388 0.00814632 -0.0340021 -18.1552 -0.00921732 0.999463 -0.031461 -0.670221 0.0337275 0.0317552 0.998926 -0.757762
0.999366 0.00791325 -0.0347077 -17.657 -0.00895602 0.99951 -0.0299926 -0.630007 0.0344534 0.0302844 0.998947 -0.726761
0.99951 0.00724886 -0.0304331 -17.0688 -0.00819959 0.999479 -0.0312323 -0.595924 0.0301908 0.0314665 0.999048 -0.718193
0.999556 0.00627272 -0.0291098 -16.5033 -0.00717362 0.999495 -0.0309474 -0.564356 0.028901 0.0311425 0.999097 -0.693421
0.999659 0.00572324 -0.0254836 -15.9734 -0.00650996 0.999501 -0.0308963 -0.539487 0.0252941 0.0310516 0.999197 -0.676682
0.999712 0.00507855 -0.0234368 -15.3482 -0.00581092 0.999494 -0.0312867 -0.518328 0.0232661 0.0314139 0.999235 -0.636715
0.999752 0.00416144 -0.021877 -14.9915 -0.00484291 0.999502 -0.0311902 -0.505446 0.0217363 0.0312884 0.999274 -0.640122
0.999799 0.00231438 -0.0199044 -14.649 -0.00295444 0.999478 -0.0321873 -0.490711 0.0198195 0.0322396 0.999283 -0.614648
0.999819 0.00238582 -0.0188731 -14.3665 -0.0029617 0.999529 -0.0305446 -0.476378 0.0187913 0.030595 0.999355 -0.575297
0.999836 0.0030388 -0.0178495 -13.6363 -0.00366374 0.999378 -0.035084 -0.48296 0.0177317 0.0351436 0.999225 -0.562422
0.999848 0.00460338 -0.0167896 -12.8419 -0.00522783 0.999289 -0.0373405 -0.457411 0.0166057 0.0374226 0.999161 -0.536847
0.999879 0.00763407 -0.0134933 -12.0758 -0.00813702 0.999259 -0.0376211 -0.434313 0.0131961 0.0377264 0.999201 -0.501881
0.999886 0.00776526 -0.0128903 -11.6628 -0.00824041 0.999273 -0.0372267 -0.403414 0.0125919 0.0373287 0.999223 -0.492764
0.999863 0.0113511 -0.0120065 -11.5401 -0.0117924 0.999233 -0.0373456 -0.397528 0.0115734 0.0374821 0.99923 -0.487585
0.99986 0.0122488 -0.0114079 -11.461 -0.0126507 0.999277 -0.0358509 -0.382412 0.0109605 0.0359902 0.999292 -0.459444
0.999877 0.0125886 -0.00932982 -11.384 -0.0129015 0.999329 -0.0342771 -0.369749 0.00889206 0.0343933 0.999368 -0.433915
0.999882 0.0116859 -0.00989645 -11.5347 -0.0120191 0.999339 -0.0343013 -0.364069 0.00948906 0.0344162 0.999362 -0.442618
0.999859 0.0124416 -0.0112704 -11.7442 -0.012826 0.999316 -0.0347006 -0.336836 0.0108309 0.0348403 0.999334 -0.43986
0.999864 0.0123632 -0.0109191 -11.7424 -0.012738 0.999308 -0.0349514 -0.341588 0.0104794 0.0350857 0.999329 -0.443872
0.99987 0.0107636 -0.0119384 -11.845 -0.01118 0.999311 -0.0353858 -0.340535 0.0115493 0.0355147 0.999302 -0.456701
0.999875 0.0084442 -0.0133192 -12.0606 -0.00891002 0.999337 -0.0353114 -0.352176 0.0130121 0.0354257 0.999287 -0.463216
0.999895 0.00484876 -0.0136274 -12.2245 -0.00533108 0.999353 -0.035582 -0.356947 0.0134461 0.0356509 0.999273 -0.458306
0.999911 0.00230404 -0.0131361 -12.2814 -0.00276902 0.999366 -0.0354892 -0.368614 0.013046 0.0355224 0.999283 -0.460311
0.999901 0.00129866 -0.0139529 -12.2 -0.00178516 0.999389 -0.0349112 -0.371492 0.013899 0.0349326 0.999293 -0.46028
0.999875 -0.000129028 -0.0157653 -12.3723 -0.000418978 0.999396 -0.0347521 -0.383669 0.0157602 0.0347544 0.999271 -0.468523
0.999929 -0.00188552 -0.011704 -12.3411 0.00150373 0.999469 -0.0325436 -0.381726 0.0117592 0.0325237 0.999401 -0.468361
0.999911 -0.000601336 -0.0132787 -12.3044 0.000161575 0.999452 -0.0330942 -0.380002 0.0132913 0.0330891 0.999364 -0.451294
0.999897 -0.00182509 -0.0142146 -12.3314 0.00135323 0.99945 -0.0331341 -0.417115 0.0142673 0.0331114 0.999349 -0.443647
0.999925 -0.00178285 -0.012085 -12.1053 0.00141003 0.999525 -0.0307882 -0.424824 0.0121341 0.0307689 0.999453 -0.4313
0.999916 -0.00259049 -0.0126809 -12.0901 0.00217813 0.999472 -0.0324245 -0.441409 0.0127582 0.0323942 0.999393 -0.427312
0.99708 -0.0730134 -0.0223732 -12.2878 0.0723383 0.99694 -0.0296314 -0.755765 0.0244682 0.0279264 0.99931 -0.427006
0.992956 -0.11463 -0.0299537 -13.3245 0.113926 0.993194 -0.0242362 -1.14242 0.032528 0.020653 0.999257 -0.458607
0.992844 -0.116152 -0.0277449 -14.3164 0.115558 0.993054 -0.0221269 -1.30241 0.0301223 0.0187624 0.99937 -0.500336
