1 0 0 0 0 1 0 0 0 0 1 0
0.999993 0.00253009 0.00270865 -2.7101 -0.0025323 0.999996 0.000811142 -0.136609 -0.00270659 -0.000817995 0.999996 -0.0563782
0.99999 0.00388926 0.00220557 -5.46396 -0.00389049 0.999992 0.00055463 -0.285205 -0.0022034 -0.000563205 0.999997 -0.123452
0.99999 0.00410622 0.00192249 -8.19242 -0.00410988 0.99999 0.00190279 -0.384076 -0.00191466 -0.00191067 0.999996 -0.177911
0.999987 0.00404552 0.00310303 -10.9064 -0.00405686 0.999985 0.00365925 -0.521686 -0.00308818 -0.00367179 0.999988 -0.22808
0.999991 0.00415881 -0.000918914 -13.5882 -0.00415497 0.999983 0.00413548 -0.637751 0.000936096 -0.00413162 0.999991 -0.281036
0.999989 0.00453355 -0.00147829 -16.307 -0.00452666 0.999979 0.00463173 -0.757359 0.00149926 -0.00462498 0.999988 -0.32153
0.999984 0.00564847 -0.000853046 -19.0069 -0.00564679 0.999982 0.0019556 -0.863944 0.000864077 -0.00195075 0.999998 -0.244382
0.999982 0.00600178 0.00082789 -21.7291 -0.00600509 0.999974 0.00405636 -0.9694 -0.000803523 -0.00406126 0.999991 -0.305205
0.999982 0.00581008 0.00119343 -24.4478 -0.00581618 0.99997 0.00517027 -1.09289 -0.00116335 -0.00517712 0.999986 -0.359737
0.999988 0.00494209 -0.000448074 -27.1745 -0.00493918 0.999968 0.00626572 -1.21019 0.000479026 -0.00626343 0.99998 -0.43734
0.999991 0.00420692 0.000272205 -29.9057 -0.00420868 0.999968 0.00679217 -1.34767 -0.000243622 -0.00679325 0.999977 -0.49181
0.999992 0.00395642 -0.000708185 -32.6359 -0.00395121 0.999966 0.00720507 -1.48175 0.000736668 -0.00720221 0.999974 -0.530201
0.999985 0.00501389 -0.00207218 -35.3464 -0.00499803 0.999959 0.00758524 -1.60123 0.00211013 -0.00757477 0.999969 -0.581524
0.999959 0.00867391 -0.00268792 -38.0199 -0.00865849 0.999946 0.0056973 -1.71058 0.00273719 -0.00567379 0.99998 -0.586403
0.99991 0.0129902 -0.00323662 -40.7432 -0.012975 0.999905 0.00467059 -1.79411 0.00329698 -0.00462818 0.999984 -0.65117
0.99979 0.0194891 -0.00624214 -43.4397 -0.0194559 0.999797 0.0053386 -1.8781 0.00634491 -0.00521604 0.999966 -0.720712
0.999673 0.0248409 -0.00604314 -46.1669 -0.0248014 0.999671 0.00653733 -1.95936 0.00620355 -0.00638531 0.99996 -0.786946
0.999576 0.0283565 -0.00660614 -48.8973 -0.0283065 0.999571 0.00754379 -2.03073 0.00681722 -0.0073536 0.99995 -0.855449
0.999543 0.0296709 -0.00582102 -51.6281 -0.0296179 0.999521 0.00899051 -2.09558 0.00608499 -0.008814 0.999942 -0.918417
0.999553 0.0291437 -0.00659122 -54.3596 -0.0290772 0.999528 0.0099726 -2.14145 0.00687875 -0.0097765 0.999928 -0.984908
0.999573 0.0284256 -0.00676431 -57.0837 -0.0283432 0.999527 0.0119813 -2.17802 0.00710168 -0.0117844 0.999905 -1.07241
0.999617 0.0265987 -0.00760764 -59.8072 -0.026493 0.999556 0.0136687 -2.2503 0.00796783 -0.013462 0.999877 -1.14868
0.999655 0.0254297 -0.00661868 -62.5328 -0.0253276 0.999565 0.0150864 -2.32319 0.00699945 -0.0149136 0.999864 -1.22059
0.999714 0.0239162 -0.000791588 -65.2677 -0.0239037 0.999627 0.0132074 -2.40146 0.00110716 -0.0131847 0.999912 -1.27617
0.999751 0.0222771 -0.0012063 -68.01 -0.0222589 0.999662 0.0134207 -2.48532 0.00150487 -0.0133905 0.999909 -1.33332
0.999793 0.020216 -0.00226322 -70.7383 -0.0201847 0.999711 0.0130737 -2.56684 0.00252686 -0.0130253 0.999912 -1.40575
0.999828 0.0182969 -0.00309616 -73.4682 -0.0182512 0.999732 0.0142208 -2.65566 0.00335553 -0.0141619 0.999894 -1.47602
0.999865 0.0160863 -0.0032386 -76.1955 -0.0160344 0.999752 0.0154572 -2.7406 0.00348645 -0.0154032 0.999875 -1.53952
0.999935 0.0100303 -0.0053836 -78.9179 -0.0099333 0.999793 0.0177552 -2.82798 0.00556058 -0.0177006 0.999828 -1.59844
0.999932 -0.0036368 -0.0110554 -81.6107 0.00387805 0.999753 0.0218791 -2.92978 0.0109731 -0.0219205 0.999699 -1.6871
0.999703 -0.0200009 -0.0138956 -84.3474 0.0202771 0.999594 0.0200279 -3.12586 0.0134894 -0.0203037 0.999703 -1.75389
0.999504 -0.0291435 -0.0119052 -87.0146 0.0293171 0.999463 0.0146748 -3.35087 0.0114711 -0.0150165 0.999821 -1.82874
0.999423 -0.0321598 -0.0109165 -89.7118 0.0322696 0.999429 0.0100372 -3.59393 0.0105874 -0.0103836 0.99989 -1.89381
0.999509 -0.0301535 -0.00852457 -92.3965 0.0302437 0.999486 0.0106467 -3.81949 0.00819915 -0.0108993 0.999907 -1.95255
0.999629 -0.0264853 -0.00638528 -95.0753 0.0265615 0.999573 0.0121643 -4.02698 0.00606038 -0.0123294 0.999905 -2.0127
0.999731 -0.0225738 -0.005391 -97.7324 0.0226411 0.999662 0.0127626 -4.2135 0.00510108 -0.0128812 0.999904 -2.04295
0.999813 -0.0186971 -0.00498155 -100.363 0.0187617 0.999736 0.01325 -4.35695 0.0047325 -0.0133409 0.9999 -2.08623
0.999868 -0.0149539 -0.00646567 -103.002 0.0150362 0.999804 0.012879 -4.53726 0.00627181 -0.0129745 0.999896 -2.12862
0.999913 -0.0119179 -0.00567059 -105.665 0.0119939 0.999836 0.0135655 -4.71105 0.00550798 -0.0136323 0.999892 -2.16871
0.999944 -0.00932975 -0.00509215 -108.287 0.00940419 0.999847 0.0147955 -4.87886 0.00495332 -0.0148426 0.999877 -2.23661
0.999963 -0.00765029 -0.00406253 -110.959 0.00770859 0.999865 0.0145361 -5.0348 0.00395077 -0.0145668 0.999886 -2.2799
0.999974 -0.00595968 -0.00417184 -113.598 0.00602596 0.999853 0.0160591 -5.16853 0.00407552 -0.0160838 0.999862 -2.35335
0.999985 -0.00509849 -0.00215123 -116.266 0.0051355 0.999833 0.0175626 -5.30487 0.00206132 -0.0175733 0.999843 -2.40822
0.99998 -0.00549102 -0.00316357 -118.932 0.00554556 0.999832 0.0174981 -5.44753 0.00306696 -0.0175153 0.999842 -2.45005
0.999978 -0.00651237 -0.00111436 -121.603 0.00653202 0.999805 0.0186478 -5.58477 0.0009927 -0.0186547 0.999825 -2.51203
0.999977 -0.00673953 -0.00110887 -124.267 0.00676036 0.999777 0.0200006 -5.7252 0.000973833 -0.0200076 0.999799 -2.5494
0.999967 -0.00802608 -0.00111105 -126.954 0.00804832 0.999732 0.021717 -5.876 0.000936455 -0.0217252 0.999763 -2.60957
0.999923 -0.0122286 0.00220967 -129.755 0.0121812 0.99972 0.0202963 -6.06239 -0.00245724 -0.0202678 0.999791 -2.66981
0.999912 -0.0129637 0.00286214 -132.475 0.0128979 0.999677 0.0219159 -6.22908 -0.00314533 -0.0218771 0.999756 -2.71439
0.999894 -0.0142083 0.00337803 -135.217 0.0141286 0.999646 0.0225604 -6.40597 -0.00369737 -0.0225103 0.99974 -2.74676
0.999871 -0.0153371 0.00476418 -137.973 0.0152167 0.999588 0.0243518 -6.57404 -0.0051357 -0.0242762 0.999692 -2.79485
0.999859 -0.0164501 0.00355952 -140.764 0.0163531 0.999535 0.0257426 -6.75457 -0.00398132 -0.0256807 0.999662 -2.84259
0.999844 -0.0174171 0.00295181 -143.542 0.01733 0.999476 0.0273405 -6.94986 -0.00342645 -0.0272851 0.999622 -2.8855
0.999827 -0.0185437 0.00178194 -146.33 0.0184863 0.999434 0.0281057 -7.14829 -0.00230211 -0.0280679 0.999603 -2.91559
0.999809 -0.0195386 0.00106427 -149.123 0.0194988 0.999376 0.0294664 -7.34499 -0.00163934 -0.02944 0.999565 -2.94943
0.999791 -0.0204426 0.00085846 -151.912 0.0204059 0.999307 0.0311447 -7.54592 -0.00149454 -0.0311207 0.999514 -3.00106
0.999732 -0.0229572 -0.0030292 -154.761 0.0230392 0.999268 0.030552 -7.75065 0.00232559 -0.0306136 0.999528 -3.03484
0.999719 -0.0228954 -0.00612336 -157.484 0.0230672 0.999295 0.029642 -7.95157 0.00544038 -0.0297749 0.999542 -3.10788
0.999698 -0.0228451 -0.00911461 -160.253 0.023117 0.999254 0.0309415 -8.16259 0.00840094 -0.0311429 0.999479 -3.18046
0.999688 -0.0233744 -0.00882982 -163.01 0.0236516 0.999185 0.0327233 -8.36613 0.00805773 -0.0329219 0.999425 -3.24373
0.999646 -0.0243704 -0.0106604 -165.775 0.0247103 0.99915 0.0330062 -8.56127 0.00984693 -0.0332579 0.999398 -3.32016
0.999631 -0.0250268 -0.0105697 -168.496 0.0253745 0.999094 0.0341629 -8.7816 0.00970516 -0.0344185 0.99936 -3.39145
0.999593 -0.0257694 -0.0122352 -171.233 0.0261692 0.999089 0.0337241 -9.0006 0.011355 -0.0340305 0.999356 -3.46155
0.999553 -0.0253335 -0.0159 -173.921 0.025846 0.999125 0.0328998 -9.2043 0.0150526 -0.033296 0.999332 -3.54067
0.999567 -0.0241076 -0.016899 -176.627 0.0246788 0.999102 0.0344464 -9.40644 0.0160534 -0.0348485 0.999264 -3.63633
0.999541 -0.0234697 -0.0191856 -179.319 0.024126 0.999106 0.034725 -9.59582 0.0183534 -0.0351719 0.999213 -3.70625
0.999531 -0.023189 -0.0200265 -182.005 0.0238856 0.999092 0.035273 -9.81415 0.0191904 -0.0357348 0.999177 -3.79939
0.99946 -0.0232966 -0.0231717 -184.681 0.0241197 0.999064 0.0359019 -10.0184 0.0223136 -0.0364414 0.999087 -3.86011
0.999352 -0.0234038 -0.0273555 -187.348 0.024416 0.999007 0.0372741 -10.2249 0.026456 -0.0379179 0.998931 -3.93109
0.999346 -0.0236783 -0.0273281 -189.97 0.0246962 0.99899 0.037533 -10.4264 0.0264118 -0.0381834 0.998922 -4.0476
0.999324 -0.023738 -0.0280728 -192.583 0.0248299 0.998923 0.0392088 -10.6253 0.0271118 -0.0398794 0.998837 -4.14865
0.999268 -0.0242486 -0.0295964 -195.19 0.0254667 0.998814 0.0415013 -10.8212 0.028555 -0.0422247 0.9987 -4.26892
0.999137 -0.0242257 -0.0337328 -197.775 0.0256561 0.998762 0.0426375 -11.0135 0.0326581 -0.0434662 0.998521 -4.37245
0.999116 -0.0251114 -0.0337217 -200.4 0.0265389 0.998741 0.0425728 -11.2252 0.0326102 -0.0434301 0.998524 -4.46609
0.999017 -0.0256488 -0.0361662 -202.971 0.0272436 0.998646 0.0443169 -11.4108 0.0349805 -0.0452586 0.998363 -4.61462
0.998915 -0.0247457 -0.0394561 -205.519 0.0265213 0.998629 0.0451327 -11.6158 0.0382851 -0.0461301 0.998201 -4.74546
0.998935 -0.0247368 -0.0389609 -208.1 0.0264782 0.998644 0.0448334 -11.819 0.037799 -0.0458172 0.998234 -4.88538
0.998923 -0.0234765 -0.0400152 -210.645 0.0252483 0.998697 0.0443642 -12.0189 0.0389215 -0.0453267 0.998214 -5.01999
0.998871 -0.0230046 -0.0415737 -213.218 0.0248499 0.998704 0.0444303 -12.2166 0.0404976 -0.0454132 0.998147 -5.16582
0.998811 -0.0217607 -0.04364 -215.743 0.0237097 0.998721 0.0446522 -12.3999 0.0426125 -0.0456337 0.998049 -5.31518
0.99884 -0.0207361 -0.043462 -218.287 0.0227015 0.998719 0.0452257 -12.586 0.0424685 -0.0461598 0.998031 -5.47305
0.998953 -0.0197715 -0.041263 -220.829 0.0216549 0.99872 0.0457079 -12.7714 0.0403064 -0.0465535 0.998102 -5.61201
0.999062 -0.0193706 -0.0387284 -223.362 0.0209925 0.998901 0.0419196 -12.9402 0.0378738 -0.0426933 0.99837 -5.67926
0.999071 -0.0186748 -0.0388322 -225.886 0.0203211 0.998893 0.0424415 -13.1024 0.0379965 -0.0431912 0.998344 -5.8124
0.999074 -0.0183282 -0.0389302 -228.402 0.0200248 0.998846 0.0436495 -13.2717 0.0380852 -0.0443886 0.998288 -5.94884
0.999133 -0.0172177 -0.037918 -230.912 0.0189184 0.99881 0.0449591 -13.454 0.0370988 -0.0456374 0.998269 -6.09669
0.999169 -0.0158589 -0.0375493 -233.441 0.0176068 0.998755 0.0466863 -13.6257 0.0367621 -0.0473086 0.998204 -6.2506
0.99917 -0.0154713 -0.0376772 -235.986 0.0172704 0.998703 0.0479018 -13.7863 0.0368872 -0.0485127 0.998141 -6.39058
0.999093 -0.0136733 -0.0403248 -238.509 0.0156069 0.998724 0.0480315 -13.9659 0.0396166 -0.0486173 0.998031 -6.53039
0.998936 -0.011801 -0.0445973 -241.006 0.0139939 0.998692 0.0491848 -14.1377 0.0439585 -0.0497565 0.997793 -6.67414
0.998838 -0.012469 -0.0465463 -243.561 0.0147334 0.998709 0.0486269 -14.3093 0.0458799 -0.0492561 0.997732 -6.84845
0.998867 -0.0140561 -0.0454769 -246.128 0.0163055 0.998643 0.0494756 -14.4521 0.0447197 -0.0501611 0.997739 -7.02024
0.998912 -0.0140717 -0.0444548 -248.704 0.016293 0.998616 0.0500058 -14.6336 0.0436896 -0.0506757 0.997759 -7.16881
0.998904 -0.0148299 -0.0443869 -251.291 0.0169814 0.998679 0.0484959 -14.8156 0.043609 -0.0491965 0.997836 -7.31521
0.998923 -0.0150372 -0.0439063 -253.862 0.0171557 0.998687 0.0482784 -14.9953 0.0431226 -0.0489796 0.997868 -7.4828
0.998703 -0.0160078 -0.0483321 -256.487 0.0182447 0.998766 0.0462009 -15.1857 0.0475329 -0.0470227 0.997762 -7.63266
0.998807 -0.0163307 -0.0460266 -259.086 0.0184622 0.998759 0.0462731 -15.3442 0.0452138 -0.0470676 0.997868 -7.81944
0.998575 -0.0157285 -0.0510033 -261.68 0.0179647 0.998884 0.043686 -15.5393 0.0502592 -0.04454 0.997742 -7.97228
0.998677 -0.0157487 -0.0489519 -264.261 0.0180125 0.998772 0.046155 -15.7155 0.0481649 -0.0469756 0.997734 -8.13035
0.998607 -0.0160908 -0.0502447 -266.869 0.0184568 0.998725 0.0469859 -15.8898 0.0494246 -0.0478479 0.997631 -8.29956
0.998558 -0.0161996 -0.0511786 -269.48 0.0185711 0.99876 0.0462067 -16.0658 0.0503666 -0.0470905 0.99762 -8.46533
0.998753 -0.015283 -0.0475266 -272.069 0.0173871 0.998873 0.0441785 -16.2626 0.0467978 -0.0449498 0.997892 -8.62343
0.998825 -0.0155997 -0.0458928 -274.677 0.0173733 0.999108 0.0385066 -16.4319 0.0452511 -0.0392586 0.998204 -8.75001
0.998704 -0.0155241 -0.0484627 -277.299 0.0172802 0.999201 0.0360312 -16.5803 0.0478646 -0.0368219 0.998175 -8.9151
0.998692 -0.0148161 -0.0489325 -279.906 0.0166738 0.999147 0.0377776 -16.7493 0.0483311 -0.038544 0.998087 -9.1263
0.998957 -0.0146898 -0.0432264 -282.505 0.0164202 0.999067 0.039953 -16.9465 0.0425991 -0.0406212 0.998266 -9.30034
0.99903 -0.0144606 -0.041605 -285.108 0.0162046 0.998991 0.0418917 -17.1294 0.0409572 -0.0425253 0.998255 -9.46288
0.99898 -0.0161213 -0.042174 -287.756 0.0179614 0.998887 0.0436248 -17.3122 0.0414237 -0.0443378 0.998157 -9.60917
0.998751 -0.0176037 -0.0467521 -290.363 0.0196736 0.99883 0.0441903 -17.4913 0.0459194 -0.0450549 0.997928 -9.75908
0.99859 -0.0193457 -0.0494412 -292.963 0.0215281 0.9988 0.0439976 -17.6546 0.0485306 -0.045 0.997807 -9.89642
0.99852 -0.020654 -0.0503148 -295.576 0.0228661 0.998779 0.0437947 -17.8431 0.0493488 -0.0448803 0.997773 -10.0749
0.998568 -0.0217036 -0.0489028 -298.164 0.023884 0.998726 0.0444529 -18.0421 0.0478757 -0.0455572 0.997814 -10.2381
0.998426 -0.0227606 -0.0512544 -300.744 0.0252313 0.998525 0.0480859 -18.2221 0.0500843 -0.0493034 0.997527 -10.4168
0.998388 -0.023449 -0.0516826 -303.35 0.0259497 0.998498 0.0482576 -18.4251 0.0504734 -0.049521 0.997497 -10.5977
0.998603 -0.0233012 -0.0474178 -305.947 0.025479 0.998623 0.0458545 -18.6298 0.046284 -0.0469986 0.997822 -10.7705
0.998424 -0.0233781 -0.0510173 -308.561 0.0257653 0.998579 0.0466482 -18.8343 0.0498542 -0.0478891 0.997608 -10.9504
0.998127 -0.0232946 -0.0565662 -311.162 0.0259871 0.998541 0.0473398 -19.027 0.0553809 -0.0487212 0.997276 -11.1253
0.998282 -0.0225054 -0.0540934 -313.759 0.0251128 0.998531 0.0480154 -19.2273 0.0529333 -0.0492913 0.997381 -11.3099
0.998294 -0.0213943 -0.0543253 -316.356 0.0241422 0.998435 0.0504404 -19.4125 0.0531611 -0.0516659 0.997248 -11.5079
0.99808 -0.0215632 -0.0580672 -318.93 0.0246057 0.998334 0.0522021 -19.6154 0.0568447 -0.0535307 0.996947 -11.7142
0.997997 -0.0215991 -0.0594512 -321.546 0.0247778 0.998274 0.0532605 -19.8158 0.0581981 -0.0546269 0.996809 -11.9002
0.998117 -0.0222306 -0.0571588 -324.162 0.0254369 0.998107 0.0559934 -20.0129 0.0558058 -0.057342 0.996794 -12.0789
0.998315 -0.0235592 -0.053035 -326.746 0.0264418 0.998174 0.0543246 -20.2033 0.0516582 -0.0556353 0.997114 -12.2657
0.998288 -0.0237919 -0.0534278 -329.336 0.0264176 0.99845 0.0489893 -20.3932 0.0521794 -0.0503169 0.997369 -12.485
0.997953 -0.0264556 -0.0582153 -331.75 0.0294292 0.998274 0.0508298 -20.6142 0.0567701 -0.052439 0.997009 -12.5698
