1 0 0 0 0 1 0 0 0 0 1 0
0.649135 -0.760598 -0.0107005 -0.878703 0.760105 0.64913 -0.0295075 -0.189456 0.0293893 0.0110208 0.999507 -0.0714178
-0.129804 -0.991337 -0.0200452 -1.25517 0.989812 -0.128358 -0.0616094 -0.761687 0.0585027 -0.0278381 0.997899 -0.103469
-0.809264 -0.586962 -0.023796 -1.01927 0.587238 -0.807242 -0.0592602 -1.11149 0.0155743 -0.0619311 0.997959 -0.041533
-0.984706 0.174039 0.00808076 -0.653214 -0.17408 -0.980922 -0.086533 -0.661195 -0.00713353 -0.0866163 0.996216 0.152365
-0.589544 0.807084 0.0324568 -0.858498 -0.805169 -0.583994 -0.103217 -0.616347 -0.06435 -0.0869839 0.994129 0.339654
0.149723 0.9866 0.0648355 -0.996546 -0.984474 0.154834 -0.0826859 -0.163073 -0.0916166 -0.0514489 0.994464 0.522778
0.811092 0.583799 0.0361769 -1.62722 -0.57925 0.810283 -0.0889361 0.0683892 -0.0812344 0.0511798 0.99538 0.716565
0.975019 -0.219191 0.0359554 -2.11569 0.221324 0.972407 -0.0737561 -0.131113 -0.0187967 0.0798714 0.996628 0.771904
0.459998 -0.887422 0.029734 -1.8286 0.886689 0.457341 -0.067981 -0.517691 0.0467293 0.057636 0.997244 0.754485
-0.432004 -0.899999 0.0580892 -1.68292 0.897368 -0.435383 -0.0719219 -0.127717 0.0900207 0.0210568 0.995717 0.795847
-0.985583 -0.156212 0.0649959 -2.27735 0.150115 -0.984563 -0.0900042 0.421597 0.0780523 -0.0789497 0.993818 0.871851
-0.65525 0.749686 0.0928353 -3.34978 -0.755294 -0.648013 -0.0980295 0.0449296 -0.0133328 -0.134352 0.990844 1.00251
0.379478 0.913785 0.144892 -3.60263 -0.899203 0.401128 -0.174727 -1.38961 -0.217783 -0.0639822 0.973898 0.917392
0.981349 0.156395 0.111777 -2.47833 -0.135916 0.975695 -0.17189 -1.88041 -0.135943 0.153492 0.978754 0.932461
0.599046 -0.798808 0.0552208 -0.829998 0.794334 0.584168 -0.166676 -1.29335 0.100884 0.14371 0.984464 0.997154
-0.407695 -0.912672 0.0285209 -0.117718 0.894547 -0.405476 -0.18808 0.606094 0.18322 -0.0511661 0.98174 1.37625
-0.995642 -0.088367 0.0298147 -1.02591 0.081537 -0.979976 -0.181654 2.52311 0.0452699 -0.178432 0.982911 1.76014
-0.481477 0.874513 0.0583666 -2.15382 -0.868274 -0.466843 -0.167802 1.6046 -0.119497 -0.131471 0.984092 1.67706
0.600049 0.796202 0.0774796 -1.74415 -0.786407 0.604862 -0.125325 0.140719 -0.146648 0.0142704 0.989086 1.49868
0.954383 -0.288715 0.0761264 -0.154484 0.297666 0.939973 -0.16687 0.0880279 -0.0233787 0.181919 0.983036 1.57711
0.0340218 -0.99095 0.129851 -0.203544 0.979154 0.00701671 -0.202999 1.64316 0.200251 0.134051 0.970531 2.29647
-0.886758 -0.416062 0.201377 -1.47663 0.387023 -0.906509 -0.168682 2.18549 0.252732 -0.0716422 0.96488 3.14244
-0.753687 0.62779 0.194514 -2.33187 -0.65074 -0.75431 -0.0869128 1.57966 0.092161 -0.192083 0.977042 3.72247
0.0997564 0.981159 0.165457 -2.47954 -0.987535 0.117975 -0.104192 0.314162 -0.121748 -0.153001 0.980698 4.16009
0.874383 0.436006 0.21296 -1.41424 -0.416687 0.899576 -0.130898 -0.604692 -0.248646 0.0257171 0.968253 4.2814
0.846695 -0.493137 0.19981 0.0457981 0.517152 0.851036 -0.0910506 -0.36989 -0.125145 0.180424 0.975595 4.47218
0.112364 -0.978376 0.17365 0.974832 0.990476 0.0962869 -0.0984116 0.710034 0.0795634 0.183054 0.979878 4.89689
-0.753557 -0.645065 0.126659 0.621384 0.635656 -0.764124 -0.109795 1.86882 0.167608 -0.00222517 0.985851 5.42459
-0.973914 0.183427 0.133587 -1.21891 -0.200176 -0.971742 -0.125088 2.4689 0.106868 -0.148566 0.983111 6.09236
-0.356842 0.917531 0.175501 -3.05702 -0.93025 -0.331838 -0.156584 1.58117 -0.085433 -0.219136 0.971947 6.63352
0.20178 0.966457 0.158885 -4.07441 -0.950376 0.23242 -0.206799 1.18941 -0.23679 -0.109272 0.965396 6.88971
0.539432 0.82648 0.16107 -3.91737 -0.799778 0.562736 -0.209006 1.22697 -0.263379 -0.0160758 0.964559 6.83773
0.751728 0.639641 0.160512 -4.04579 -0.607864 0.766451 -0.207493 1.62079 -0.255745 0.0584084 0.964978 6.9346
0.909165 0.400559 0.113887 -4.59925 -0.377712 0.908352 -0.179528 1.47199 -0.175361 0.120204 0.977139 6.91157
0.978975 0.19431 0.0620533 -5.52098 -0.181801 0.969131 -0.166533 1.00905 -0.0924968 0.15175 0.984082 6.75964
0.979624 0.191671 0.0599859 -7.46801 -0.179476 0.969512 -0.166837 1.26785 -0.0901347 0.152671 0.984158 6.8901
0.980189 0.190085 0.055638 -9.36633 -0.178464 0.969476 -0.168127 1.51491 -0.0858981 0.154867 0.984194 7.04375
0.980165 0.189388 0.058368 -11.281 -0.177321 0.969628 -0.168458 1.79527 -0.0884992 0.154767 0.983979 7.16504
0.979879 0.190429 0.0597659 -13.1662 -0.178215 0.96962 -0.167558 2.04148 -0.0898581 0.153535 0.984049 7.28882
0.979599 0.192642 0.0572135 -15.0331 -0.18081 0.969161 -0.167432 2.30198 -0.0877035 0.153671 0.984222 7.4095
0.979006 0.195673 0.0570778 -16.8658 -0.183725 0.968409 -0.168606 2.53194 -0.0882662 0.154579 0.98403 7.5527
0.977821 0.200346 0.0610392 -18.6363 -0.187406 0.967091 -0.172084 2.77871 -0.0935069 0.156828 0.983189 7.69339
0.976827 0.205148 0.0610072 -20.3662 -0.192151 0.966143 -0.172179 3.04552 -0.094264 0.156467 0.983175 7.83239
0.975402 0.212014 0.0603289 -22 -0.199004 0.964673 -0.172634 3.30245 -0.0947985 0.156382 0.983137 8.00116
0.97375 0.218693 0.0631153 -23.6211 -0.205241 0.963484 -0.171973 3.5501 -0.0984198 0.154505 0.983078 8.12687
0.971913 0.225823 0.0662355 -25.1565 -0.211873 0.962149 -0.171402 3.82682 -0.102435 0.152555 0.982972 8.2531
0.970286 0.232433 0.0672265 -26.6424 -0.218183 0.960598 -0.172184 4.07003 -0.104599 0.1524 0.982768 8.40618
0.968855 0.238553 0.0664169 -28.0413 -0.224432 0.959269 -0.171558 4.3381 -0.104637 0.151309 0.982933 8.55166
0.966955 0.246314 0.0657712 -29.3276 -0.231846 0.956884 -0.174985 4.58496 -0.106037 0.153954 0.982372 8.71926
0.964496 0.255798 0.0656745 -30.5805 -0.241399 0.954772 -0.173598 4.84131 -0.10711 0.151581 0.982624 8.80786
0.961369 0.267252 0.0659047 -31.8204 -0.252667 0.951793 -0.173922 5.10372 -0.109209 0.150552 0.982552 8.91753
0.957885 0.279131 0.0673873 -32.9551 -0.264154 0.948586 -0.174375 5.32526 -0.112596 0.149231 0.982371 9.05908
0.954517 0.29039 0.0676048 -34.0378 -0.275251 0.945393 -0.17455 5.60133 -0.114601 0.148003 0.982325 9.17247
0.951035 0.301606 0.0675558 -35.065 -0.286378 0.942097 -0.174474 5.87912 -0.116266 0.146584 0.982342 9.28289
0.946911 0.313969 0.0691536 -36.0357 -0.298425 0.9384 -0.174208 6.1422 -0.11959 0.144322 0.982278 9.35894
0.943126 0.324753 0.0710391 -36.9872 -0.308984 0.935188 -0.173069 6.43724 -0.12264 0.141276 0.982344 9.46773
0.94046 0.33234 0.0713001 -37.9208 -0.31639 0.93259 -0.173705 6.6935 -0.124223 0.140804 0.982213 9.60657
0.939429 0.335453 0.0703079 -38.8268 -0.319531 0.93139 -0.174393 6.93698 -0.123985 0.141364 0.982163 9.73034
0.939802 0.33462 0.0692778 -39.7014 -0.318863 0.931635 -0.174302 7.1819 -0.122867 0.141719 0.982252 9.8253
0.940792 0.331584 0.0704403 -40.5199 -0.315671 0.932698 -0.17443 7.42823 -0.123538 0.141867 0.982147 9.9209
0.941598 0.329098 0.0713127 -41.3372 -0.312967 0.933439 -0.175335 7.6675 -0.124268 0.142777 0.981923 10.0072
0.941817 0.328112 0.0729496 -42.1274 -0.311747 0.933838 -0.175385 7.88012 -0.125669 0.142439 0.981794 10.0937
0.943464 0.322504 0.0765865 -42.8927 -0.306172 0.936406 -0.171471 8.10672 -0.127016 0.138329 0.982208 10.1632
0.945721 0.316112 0.0753963 -43.603 -0.299792 0.938175 -0.173069 8.28987 -0.125444 0.141072 0.98202 10.2557
0.948287 0.308002 0.0767213 -44.2901 -0.291628 0.940847 -0.172509 8.43354 -0.125316 0.141214 0.982015 10.3155
0.950686 0.300642 0.0762236 -44.9208 -0.284693 0.943395 -0.170163 8.61093 -0.123067 0.140071 0.982464 10.3673
0.952271 0.295419 0.0768559 -45.4985 -0.279267 0.944793 -0.171392 8.77817 -0.123245 0.141748 0.982201 10.4583
0.952479 0.294932 0.076143 -46.0437 -0.278935 0.944964 -0.170991 8.87573 -0.122383 0.141626 0.982326 10.486
0.953033 0.292934 0.0769185 -46.5637 -0.276969 0.945726 -0.169973 9.00918 -0.122535 0.140686 0.982442 10.537
0.955251 0.28548 0.0774328 -47.0275 -0.269361 0.94772 -0.171085 9.11275 -0.122226 0.142572 0.982209 10.5923
0.9572 0.278759 0.0778507 -47.4428 -0.262205 0.949099 -0.174526 9.19624 -0.122539 0.146644 0.98157 10.6241
0.958678 0.273782 0.0773247 -47.8153 -0.257323 0.950396 -0.174736 9.28904 -0.121329 0.147618 0.981574 10.6413
0.959385 0.271204 0.0776368 -48.1485 -0.254681 0.951049 -0.175052 9.35132 -0.121311 0.14817 0.981493 10.6919
0.959652 0.270146 0.0780282 -48.4273 -0.253628 0.95141 -0.174617 9.42538 -0.121409 0.147781 0.98154 10.7164
0.960296 0.267883 0.0779092 -48.6783 -0.251433 0.952038 -0.174369 9.46595 -0.120883 0.147857 0.981593 10.7352
0.960834 0.265853 0.0782231 -48.8862 -0.249357 0.952559 -0.174508 9.49972 -0.120905 0.148168 0.981544 10.7502
0.961335 0.263909 0.0786437 -49.0171 -0.247348 0.953055 -0.174657 9.54008 -0.121045 0.148452 0.981483 10.7533
0.961708 0.262553 0.0786269 -49.1349 -0.245945 0.953327 -0.175151 9.5626 -0.120943 0.149106 0.981397 10.7704
0.961841 0.261996 0.0788575 -49.2037 -0.245282 0.953384 -0.175769 9.57972 -0.121232 0.149719 0.981268 10.7782
0.961975 0.261396 0.0792187 -49.26 -0.244645 0.953568 -0.17566 9.59726 -0.121457 0.1496 0.981258 10.747
0.961917 0.261574 0.079332 -49.3106 -0.2448 0.95352 -0.175704 9.61411 -0.121604 0.149592 0.981241 10.7541
0.96193 0.261401 0.0797465 -49.3459 -0.244487 0.953485 -0.176331 9.60139 -0.12213 0.150121 0.981095 10.7618
0.961943 0.26131 0.0798864 -49.3653 -0.244234 0.953338 -0.177469 9.60495 -0.122533 0.151204 0.980879 10.7663
0.96193 0.261256 0.0802179 -49.4002 -0.244191 0.95344 -0.17698 9.63123 -0.12272 0.150654 0.98094 10.7515
0.962031 0.261021 0.0797652 -49.4346 -0.243978 0.953421 -0.177378 9.63204 -0.122349 0.151182 0.980905 10.7577
0.961983 0.261046 0.0802663 -49.4407 -0.243909 0.953413 -0.177512 9.63823 -0.122866 0.151186 0.98084 10.7494
0.961968 0.261035 0.0804766 -49.4395 -0.243825 0.953373 -0.177845 9.62033 -0.123148 0.151459 0.980762 10.7551
0.961963 0.260992 0.0806822 -49.4273 -0.243788 0.953439 -0.177541 9.61667 -0.123262 0.151119 0.9808 10.7402
0.96198 0.261006 0.0804373 -49.4308 -0.243808 0.953387 -0.177793 9.63276 -0.123093 0.151422 0.980775 10.7456
0.962036 0.260853 0.0802622 -49.4281 -0.243709 0.95345 -0.177592 9.64407 -0.122852 0.15129 0.980826 10.7399
0.962037 0.260804 0.0804023 -49.4315 -0.243614 0.953439 -0.177782 9.64582 -0.123025 0.151446 0.98078 10.739
0.962062 0.260719 0.08038 -49.438 -0.243557 0.953487 -0.177601 9.63119 -0.122945 0.151286 0.980815 10.7337
0.961953 0.261057 0.0805935 -49.4261 -0.243854 0.953404 -0.177638 9.61184 -0.123212 0.151226 0.98079 10.7286
0.961983 0.260955 0.0805582 -49.426 -0.243764 0.953436 -0.177592 9.6229 -0.12315 0.151203 0.980802 10.726
0.961946 0.261038 0.080736 -49.4137 -0.243819 0.953421 -0.177594 9.62829 -0.123334 0.15115 0.980787 10.7233
0.961948 0.261043 0.0806998 -49.4186 -0.243835 0.953425 -0.177554 9.63792 -0.12329 0.15112 0.980797 10.7268
0.961977 0.260876 0.0808876 -49.4231 -0.243653 0.953489 -0.177459 9.63294 -0.12342 0.151003 0.980798 10.7223
0.961948 0.260959 0.0809711 -49.4186 -0.243748 0.953502 -0.177255 9.62064 -0.123462 0.150774 0.980828 10.7153
0.961933 0.260989 0.0810481 -49.4167 -0.243756 0.953486 -0.17733 9.61472 -0.123559 0.150823 0.980809 10.7136
0.961869 0.261228 0.0810403 -49.4051 -0.243963 0.953388 -0.177574 9.60883 -0.12365 0.151032 0.980765 10.7169
0.961902 0.261098 0.0810683 -49.4089 -0.243852 0.953448 -0.177405 9.62045 -0.123614 0.150877 0.980793 10.7163
0.961889 0.261068 0.0813181 -49.4137 -0.243792 0.953474 -0.177348 9.62631 -0.123835 0.150764 0.980783 10.7121
0.961887 0.261052 0.0813912 -49.4126 -0.24374 0.953452 -0.177538 9.6327 -0.123949 0.150933 0.980742 10.709
0.961837 0.261206 0.0814948 -49.4043 -0.243878 0.953419 -0.177526 9.62413 -0.124069 0.150876 0.980736 10.7038
0.961814 0.261263 0.0815809 -49.4021 -0.243902 0.953383 -0.177687 9.60917 -0.124201 0.151004 0.9807 10.705
0.961823 0.261196 0.0816864 -49.4072 -0.243823 0.953409 -0.177652 9.6108 -0.124283 0.150953 0.980697 10.7019
0.961779 0.261237 0.0820773 -49.4067 -0.243833 0.953448 -0.177429 9.61251 -0.124607 0.150634 0.980705 10.6954
0.961706 0.261246 0.0828933 -49.4198 -0.243681 0.953434 -0.177714 9.62329 -0.12546 0.150709 0.980585 10.6944
0.961756 0.26085 0.0835635 -49.4608 -0.243159 0.953528 -0.177927 9.63859 -0.126092 0.150804 0.980489 10.7049
0.961619 0.260803 0.08527 -49.5286 -0.242855 0.95361 -0.177903 9.64195 -0.127712 0.150367 0.980347 10.7102
0.961455 0.260266 0.0886925 -49.6849 -0.241808 0.953882 -0.177869 9.64995 -0.130895 0.149566 0.980049 10.7031
0.961232 0.260555 0.0902415 -49.8592 -0.241832 0.953837 -0.178076 9.70362 -0.132474 0.149349 0.97987 10.7099
0.96126 0.260167 0.0910557 -50.1152 -0.241114 0.953729 -0.179622 9.75951 -0.133574 0.150709 0.979513 10.7334
0.960739 0.261894 0.0916052 -50.5004 -0.242691 0.953256 -0.180011 9.83216 -0.134467 0.150712 0.97939 10.7521
0.959455 0.266403 0.092065 -50.9821 -0.247237 0.952281 -0.178981 9.94427 -0.135353 0.148962 0.979536 10.7815
0.957257 0.274428 0.0913682 -51.5499 -0.255068 0.949888 -0.180701 10.0676 -0.136379 0.149672 0.979285 10.8392
0.954428 0.284061 0.091517 -52.2503 -0.264275 0.946919 -0.18304 10.2458 -0.138654 0.150513 0.978837 10.9083
0.951212 0.294674 0.0914481 -53.0148 -0.274469 0.943542 -0.185461 10.4232 -0.140936 0.151313 0.978387 10.9859
0.948237 0.304339 0.0906822 -53.875 -0.28479 0.941311 -0.181185 10.6409 -0.140502 0.145981 0.979259 11.0804
0.945043 0.314142 0.0906021 -54.7758 -0.293861 0.937617 -0.185792 10.8784 -0.143315 0.148957 0.978403 11.1922
0.941177 0.3261 0.0885709 -55.7608 -0.304674 0.93229 -0.194959 11.1413 -0.14615 0.156506 0.976804 11.2894
0.936995 0.337146 0.0915056 -56.8517 -0.315664 0.929312 -0.191664 11.4505 -0.149656 0.150704 0.977186 11.376
0.932527 0.349752 0.0898154 -57.9839 -0.328023 0.924478 -0.194269 11.7877 -0.150978 0.151699 0.976828 11.568
0.927783 0.362202 0.0895998 -59.191 -0.339432 0.919033 -0.200411 12.172 -0.154934 0.155525 0.975606 11.7386
0.925104 0.368539 0.0914456 -59.8127 -0.345457 0.916834 -0.200187 12.3636 -0.157617 0.153603 0.975481 11.8051
