1 0 0 0 0 1 0 0 0 0 1 0
-0.568836 -0.815488 -0.106796 1.28164 0.819292 -0.573223 0.0132402 -1.91881 -0.0720152 -0.0799657 0.994193 0.59337
-0.355155 0.92602 -0.127878 1.99203 -0.933901 -0.357498 0.00491877 -0.0745162 -0.0411613 0.121172 0.991778 1.08074
0.982585 -0.152326 -0.106412 -0.210578 0.151212 0.988328 -0.0185043 -0.221552 0.107989 0.00209124 0.99415 0.900582
-0.648224 -0.753387 -0.110515 0.887689 0.75644 -0.653762 0.0198419 -2.04907 -0.0871993 -0.0707363 0.993676 1.2258
-0.372151 0.921238 -0.11324 2.43423 -0.927925 -0.372087 0.0224994 -0.631817 -0.0214077 0.113451 0.993313 1.30889
0.992586 -0.121539 0.000704433 0.673998 0.120578 0.985433 0.11993 0.0863749 -0.0152703 -0.118956 0.992782 1.08089
-0.349827 -0.934671 -0.0633386 0.623814 0.919104 -0.355512 0.169877 -1.68536 -0.181297 0.00121278 0.983428 1.55447
-0.850586 0.525813 0.00477036 2.14648 -0.520584 -0.843337 0.133323 -1.70092 0.0741262 0.110919 0.991061 1.64764
0.667572 0.743515 0.0391427 1.89647 -0.740057 0.656867 0.144369 -0.398073 0.081629 -0.125345 0.988749 1.47231
0.629249 -0.776846 0.0235698 0.372547 0.761474 0.622301 0.181383 -1.14234 -0.155574 -0.0961871 0.98313 1.74867
-0.888472 -0.457354 -0.0380053 1.37973 0.440416 -0.872984 0.2096 -2.19811 -0.129039 0.169485 0.977048 1.9168
-0.210673 0.977508 0.00972826 1.78027 -0.952077 -0.207429 0.224771 -0.783134 0.221734 0.0380911 0.974363 1.39966
0.999561 0.0240168 -0.0173282 0.282729 -0.0197199 0.97628 0.215613 -0.753367 0.0220955 -0.215177 0.976325 1.29932
-0.0159212 -0.999526 -0.0263441 0.0605641 0.96976 -0.0218534 0.243079 -1.74766 -0.24354 -0.0216774 0.969648 1.52425
-0.993428 0.0916781 -0.0685204 0.892608 -0.100563 -0.985022 0.14007 -1.86999 -0.0546527 0.14604 0.987768 1.64111
0.15727 0.987313 0.0219032 0.954767 -0.983758 0.154683 0.0910688 -1.09994 0.0865253 -0.0358698 0.995603 1.58596
0.965892 -0.255897 0.0396138 0.328003 0.24909 0.959999 0.127894 -1.11829 -0.070757 -0.113665 0.990996 1.61946
-0.387711 -0.921242 0.0315068 1.18341 0.918163 -0.382937 0.101661 -1.90522 -0.081589 0.0683433 0.99432 1.9537
-0.879252 0.471006 0.0712011 1.91438 -0.467205 -0.88183 0.0639861 -0.958003 0.0929252 0.0229944 0.995407 1.74679
0.585551 0.804217 0.101808 0.913391 -0.81057 0.579263 0.0862024 -0.804316 0.0103519 -0.132998 0.991062 2.01663
0.755435 -0.651336 0.0712687 0.740632 0.642519 0.757708 0.114229 -1.89635 -0.128403 -0.0405013 0.990894 2.22487
-0.700455 -0.712488 0.0415243 1.94337 0.711535 -0.692624 0.11828 -2.3024 -0.055512 0.112395 0.992111 2.32863
-0.661669 0.749449 0.0227877 2.11657 -0.74451 -0.660304 0.0985073 -0.976803 0.088873 0.0482137 0.994875 2.3178
0.767304 0.638158 0.0632273 0.915734 -0.641213 0.764941 0.0609186 -1.01628 -0.00948945 -0.0872853 0.996138 2.70432
0.73215 -0.679379 0.048989 1.58828 0.678556 0.733744 0.0343836 -1.96715 -0.0593049 0.00806786 0.998207 3.0643
-0.58053 -0.806987 0.108432 2.70075 0.813437 -0.580701 0.0332589 -1.35659 0.0361269 0.10751 0.993547 3.13677
-0.843464 0.511716 0.163448 2.3423 -0.51514 -0.85677 0.0239825 -0.547006 0.15231 -0.0639702 0.98626 3.41624
0.509906 0.830114 0.225624 1.79476 -0.859326 0.503563 0.0893529 -0.748999 -0.0394427 -0.239446 0.970108 3.93135
0.865281 -0.472213 0.168235 2.7791 0.444095 0.877777 0.179687 -1.23214 -0.232523 -0.080767 0.969231 4.42677
-0.36115 -0.932381 0.0153599 3.50212 0.906256 -0.347054 0.241357 -0.197564 -0.219706 0.101086 0.970315 4.63424
-0.986725 0.157587 -0.0392456 2.65348 -0.161772 -0.975015 0.152239 0.602788 -0.0142741 0.156566 0.987564 4.92364
-0.0801312 0.988499 0.128252 1.41166 -0.982925 -0.0997419 0.154628 0.173265 0.165642 -0.113672 0.979613 5.73251
0.905055 0.354075 0.235597 1.4963 -0.40432 0.888155 0.218415 -1.2061 -0.131911 -0.292934 0.946989 6.53275
0.573304 -0.766171 0.290354 3.20294 0.677611 0.642584 0.357672 -1.35298 -0.460614 -0.00830745 0.887561 6.86987
-0.474309 -0.845056 0.2468 3.24943 0.848143 -0.363486 0.385398 0.291672 -0.235975 0.392119 0.889133 7.05199
-0.975759 -0.0826432 0.202643 2.20392 0.156042 -0.911963 0.37944 0.291122 0.153445 0.401863 0.902752 7.72185
-0.611733 0.775234 0.157464 1.82658 -0.698521 -0.622785 0.352432 0.41029 0.371283 0.105602 0.922495 8.25221
0.328782 0.935357 0.130423 1.98811 -0.895892 0.26521 0.356429 0.278104 0.298799 -0.234032 0.925175 8.71012
0.96579 0.240685 0.0965409 1.42415 -0.259293 0.890384 0.374143 0.0103594 0.00409229 -0.386376 0.922332 9.5993
0.695403 -0.715863 0.0628946 1.78547 0.641334 0.657717 0.395093 -1.29867 -0.324199 -0.234412 0.916485 11.0999
-0.210699 -0.977454 0.013764 4.27904 0.905909 -0.189947 0.378482 -1.5868 -0.367334 0.0922145 0.925506 12.1958
-0.92583 -0.36339 -0.103855 5.07945 0.302302 -0.876958 0.373574 0.354229 -0.22683 0.314471 0.921768 12.2971
-0.71694 0.679696 -0.154951 3.49462 -0.687651 -0.652959 0.31746 2.01724 0.114599 0.334152 0.935526 12.1888
0.436262 0.895111 -0.0919276 1.50508 -0.846129 0.442846 0.296569 1.24291 0.306172 -0.051599 0.950577 13.0071
0.985179 -0.120163 -0.122404 1.84376 0.152638 0.93971 0.306018 -0.37551 0.0782526 -0.320166 0.944124 13.8922
0.200826 -0.953877 -0.223132 2.97994 0.931197 0.11515 0.34585 0.0447206 -0.304205 -0.277235 0.911373 14.311
-0.815341 -0.533294 -0.225426 3.37053 0.447362 -0.827438 0.339431 1.63241 -0.367542 0.175905 0.91322 13.896
-0.815841 0.550794 -0.176154 1.75803 -0.574685 -0.738348 0.352958 2.15368 0.0643444 0.389191 0.918907 13.4375
0.185808 0.956777 -0.223726 0.386921 -0.871077 0.265747 0.413043 0.996095 0.454644 0.118136 0.882804 13.961
0.958821 0.102911 -0.26471 1.32294 0.00822291 0.921591 0.388074 0.0326437 0.283891 -0.37427 0.882795 14.9267
0.365554 -0.892807 -0.263183 2.83102 0.90215 0.270247 0.336291 0.714161 -0.229118 -0.360363 0.904236 15.286
-0.740854 -0.619977 -0.258386 2.76962 0.55377 -0.781507 0.287377 2.23515 -0.380098 0.0698176 0.922307 14.9609
-0.853606 0.483347 -0.194248 1.09389 -0.519144 -0.820093 0.2407 2.55297 -0.0429602 0.306306 0.950963 14.6018
0.121693 0.962066 -0.244171 1.05125 -0.941266 0.18992 0.279193 1.00881 0.314975 0.195854 0.928672 15.0589
0.903404 0.367149 -0.221501 2.86961 -0.285149 0.900201 0.329134 0.486603 0.320237 -0.23418 0.917937 16.0221
0.675216 -0.673057 -0.301789 3.93455 0.735493 0.583297 0.344693 1.51115 -0.0559653 -0.454707 0.888881 16.3367
-0.353712 -0.875214 -0.329981 3.69746 0.831223 -0.455892 0.318169 3.21815 -0.428901 -0.161748 0.888753 15.92
-0.949219 -0.0308526 -0.313098 1.84118 -0.0565083 -0.962277 0.26614 3.88035 -0.309499 0.270317 0.911668 15.0819
-0.407567 0.871213 -0.273637 0.0287658 -0.896065 -0.323816 0.303663 2.6511 0.175947 0.368959 0.91264 14.8133
0.654655 0.695906 -0.295197 0.56371 -0.633352 0.71813 0.288365 0.335071 0.412665 -0.00181594 0.910881 15.5394
0.891614 -0.308367 -0.331564 2.83507 0.41145 0.857467 0.308963 -0.432592 0.189032 -0.411898 0.891407 16.2921
0.11264 -0.94023 -0.321371 4.81812 0.9581 0.0170516 0.285925 0.762621 -0.263355 -0.340112 0.902756 16.3
0.274489 0.659598 -0.699704 5.03099 -0.129612 -0.695634 -0.706607 1.52338 -0.952815 0.284646 -0.105452 14.0867
0.828193 -0.476697 0.294713 7.04699 0.560231 0.689737 -0.458698 1.99532 0.0153856 0.544998 0.838296 12.9377
-0.219524 -0.426844 -0.877276 7.48965 0.612682 -0.760093 0.216514 3.35202 -0.759229 -0.489962 0.428379 11.5856
0.766256 0.543118 -0.343328 8.58688 -0.386149 -0.0378235 -0.921661 3.21194 -0.513557 0.838804 0.180742 9.87537
0.387455 -0.904582 -0.17779 10.216 0.919858 0.366553 0.139642 4.36611 -0.0611482 -0.217647 0.97411 9.45292
-0.371356 0.202829 -0.906066 9.89551 -0.238097 -0.96402 -0.118217 5.36748 -0.897443 0.171831 0.406288 7.28764
0.972531 0.182502 -0.144487 11.6106 -0.232485 0.792439 -0.563907 4.02897 0.0115834 0.582008 0.8131 5.80109
-0.195838 -0.852804 -0.48412 12.9479 0.950794 -0.28599 0.119169 6.27769 -0.240081 -0.436961 0.866848 5.43874
-0.131584 0.839343 -0.527437 11.7153 -0.681376 -0.46303 -0.56686 6.24785 -0.720009 0.284792 0.632835 3.20142
0.928811 -0.346028 -0.132571 14.237 0.318569 0.928396 -0.191298 5.79114 0.189273 0.135446 0.972538 2.87129
-0.842507 -0.48754 -0.2291 13.6669 0.527555 -0.832768 -0.167879 8.56427 -0.108939 -0.262302 0.958817 2.57149
0.112646 0.981848 -0.1526 12.191 -0.981536 0.0860602 -0.170825 6.76465 -0.154592 0.169025 0.973412 1.33526
0.744357 -0.630089 -0.221183 14.8149 0.631242 0.771972 -0.074785 6.40372 0.217869 -0.0839535 0.97236 1.18121
-0.908513 -0.237221 -0.343994 14.1239 0.274956 -0.959281 -0.0646503 8.62812 -0.31465 -0.153319 0.936743 0.399598
0.395513 0.854278 -0.337311 13.4799 -0.909353 0.415818 -0.0131532 6.45789 0.129024 0.311937 0.941301 -0.367733
0.338849 -0.838051 -0.427613 15.3461 0.919601 0.391043 -0.0376697 6.89045 0.198784 -0.380469 0.903176 -0.0416847
-0.847457 0.397546 -0.351816 13.7289 -0.38123 -0.916942 -0.117818 8.41497 -0.369433 0.0342767 0.928625 -0.978045
0.85822 0.457589 -0.232532 13.9569 -0.48946 0.866003 -0.102312 5.87967 0.154556 0.201622 0.967192 -1.46917
-0.0194813 -0.970535 -0.240173 16.0532 0.995055 0.00458039 -0.0992205 6.88763 0.0973971 -0.240919 0.965646 -0.749572
-0.874242 0.446783 -0.189961 14.8863 -0.421681 -0.892704 -0.158947 8.5446 -0.240594 -0.0588557 0.96884 -0.537665
0.698761 0.688208 -0.195203 14.2073 -0.713387 0.690624 -0.118816 6.70912 0.0530417 0.222279 0.973539 -0.8435
0.408801 -0.882983 -0.230704 15.7992 0.875084 0.451011 -0.175547 6.39715 0.259055 -0.130121 0.957057 -0.207258
-0.943732 -0.170052 -0.283641 15.1527 0.233345 -0.950164 -0.206732 8.05887 -0.234351 -0.261286 0.936381 0.0406505
0.00672362 0.958078 -0.286431 14.191 -0.971779 -0.0612827 -0.227794 6.91284 -0.235798 0.279879 0.930627 -0.644389
0.942375 -0.122941 -0.311152 15.3837 0.076035 0.9844 -0.158668 5.58046 0.325805 0.125866 0.937021 -0.826248
-0.203118 -0.902734 -0.379229 16.9798 0.977738 -0.16617 -0.128125 7.24054 0.0526464 -0.396812 0.916389 -0.338566
-0.89102 0.269036 -0.365655 15.297 -0.225458 -0.961364 -0.157948 8.60018 -0.394021 -0.0582951 0.917251 -0.833817
0.297307 0.870636 -0.39192 14.4296 -0.954734 0.266987 -0.131149 6.62242 -0.00954547 0.413171 0.910603 -1.60954
0.864868 -0.240559 -0.440607 16.0968 0.217163 0.970616 -0.103659 5.47213 0.452596 -0.00603199 0.891695 -0.889229
-0.213877 -0.859989 -0.463332 16.7784 0.976549 -0.200202 -0.0791863 7.57394 -0.0246607 -0.469402 0.88264 -0.530962
-0.849174 0.243541 -0.468605 14.6194 -0.202135 -0.969637 -0.13764 8.45145 -0.487898 -0.0221588 0.872619 -1.58106
0.211129 0.84847 -0.485307 13.4885 -0.977314 0.17471 -0.119724 5.37515 -0.0167947 0.499574 0.866108 -2.68679
0.780625 -0.376941 -0.498539 16.2095 0.368872 0.921784 -0.119363 4.2864 0.504538 -0.090719 0.85861 -1.30139
-0.502205 -0.716596 -0.484024 16.5786 0.848989 -0.514953 -0.118492 7.19554 -0.164339 -0.470439 0.866995 -0.563582
-0.668777 0.587744 -0.455297 13.5236 -0.582439 -0.794798 -0.170473 7.79412 -0.462063 0.151174 0.873867 -1.92656
0.71386 0.581583 -0.390082 14.0724 -0.683296 0.700432 -0.206157 5.09106 0.153328 0.41371 0.897404 -2.53626
0.467494 -0.792171 -0.39232 16.0592 0.820477 0.554022 -0.140984 6.10728 0.329038 -0.25598 0.90896 -1.67243
-0.863789 -0.332632 -0.378451 14.8863 0.389363 -0.917394 -0.0823682 7.35001 -0.319791 -0.218504 0.921949 -2.34179
-0.101194 0.928249 -0.357931 14.5927 -0.989817 -0.130143 -0.0576684 5.61371 -0.100113 0.34845 0.931966 -2.93098
0.910726 -0.148863 -0.38525 16.1359 0.164753 0.986299 0.00836165 6.02672 0.378727 -0.0710862 0.922774 -2.57796
-0.44038 -0.819286 -0.3672 15.4578 0.883854 -0.467453 -0.0170288 7.57107 -0.157697 -0.33205 0.929986 -3.08076
-0.67352 0.652695 -0.34693 14.2765 -0.694601 -0.719378 -0.00491917 6.14969 -0.252784 0.237665 0.937878 -3.88207
0.83222 0.455431 -0.316216 16.3578 -0.459405 0.885726 0.0666053 5.24632 0.310415 0.0898413 0.946346 -3.5508
0.15684 -0.931497 -0.328199 16.6112 0.987617 0.146699 0.0556031 7.42025 -0.00364767 -0.332856 0.942971 -3.8696
-0.93235 0.17069 -0.31873 13.9142 -0.185391 -0.982532 0.0161302 6.96979 -0.31041 0.0741287 0.947708 -4.91318
0.434993 0.847133 -0.305198 14.8694 -0.881634 0.469599 0.0468837 4.4933 0.183038 0.248679 0.951134 -4.49598
0.748886 -0.626212 -0.216859 17.4843 0.653562 0.752048 0.0853188 5.58335 0.109661 -0.205625 0.972467 -4.09369
-0.806686 -0.551203 -0.213151 16.0061 0.545419 -0.833253 0.0905949 7.57079 -0.227545 -0.0431749 0.97281 -4.6876
-0.27599 0.939601 -0.202436 14.5177 -0.96064 -0.26272 0.0902749 5.55662 0.0316385 0.219383 0.975126 -4.73769
0.980523 0.00856425 -0.196216 17.1076 0.00665135 0.997028 0.0767568 4.65558 0.196291 -0.0765669 0.977552 -4.02654
-0.243639 -0.949905 -0.195759 17.4151 0.963027 -0.260869 0.067279 7.05275 -0.114976 -0.172129 0.978342 -4.08983
-0.872209 0.438667 -0.216385 14.843 -0.469966 -0.874193 0.122141 5.85446 -0.135583 0.208226 0.968638 -4.26684
0.570054 0.782999 -0.2489 15.6368 -0.793798 0.603029 0.0790013 3.01034 0.211952 0.152541 0.965302 -3.51645
0.675771 -0.662456 -0.323242 17.911 0.722296 0.6826 0.111108 4.33497 0.147041 -0.308561 0.939771 -2.55228
-0.754093 -0.567851 -0.329982 16.4692 0.562762 -0.817701 0.121091 6.9194 -0.338589 -0.0943881 0.936188 -3.34892
-0.456838 0.849785 -0.262994 13.7791 -0.885294 -0.463214 0.041081 4.96419 -0.0869125 0.251594 0.963923 -3.77089
0.887975 0.391939 -0.240593 15.9361 -0.391356 0.918752 0.0522925 2.58224 0.241541 0.0477232 0.969216 -3.04867
0.383286 -0.890188 -0.246288 18.5633 0.920704 0.389444 0.0252381 4.55251 0.0734489 -0.236432 0.968868 -2.39123
-0.886016 -0.363114 -0.288312 16.1324 0.37308 -0.927546 0.0216795 7.00239 -0.275295 -0.0883551 0.957291 -3.01607
-0.372895 0.884093 -0.281655 14.0434 -0.919152 -0.393481 -0.0181995 4.0443 -0.126916 0.252098 0.959343 -3.57339
0.88835 0.375906 -0.263686 16.7637 -0.391174 0.920298 -0.0058929 1.60907 0.240455 0.108382 0.964591 -2.4977
0.290359 -0.908671 -0.300015 18.9436 0.949916 0.31156 -0.024295 4.84803 0.115549 -0.277934 0.953625 -1.67159
-0.890717 -0.329577 -0.313055 16.4688 0.350569 -0.936465 -0.0115622 7.18708 -0.289355 -0.120046 0.949665 -2.4311
