1 0 0 0 0 1 0 0 0 0 1 0
0.999965 -0.00341982 -0.00758878 1.49163 0.00336166 0.999965 -0.0076629 0.05376 0.00761472 0.00763712 0.999942 0.0425749
0.999992 0.00393268 0.000488062 2.92653 -0.00393043 0.999982 -0.00452364 0.036512 -0.000505843 0.00452169 0.99999 0.0932286
0.999974 0.00126966 -0.00708852 3.97427 -0.00126369 0.999999 0.000846381 0.171332 0.00708959 -0.000837402 0.999975 0.0500627
0.999921 -0.0013621 -0.0124709 4.983 0.00137198 0.999999 0.000783821 0.273584 0.0124698 -0.00080087 0.999922 0.0974577
0.999938 -0.0016422 -0.0109685 6.05971 0.00170329 0.999983 0.00556279 0.357809 0.0109592 -0.00558113 0.999924 0.0752115
0.999996 -0.00224152 -0.00179266 7.13557 0.00226788 0.999887 0.01484 0.442688 0.00175919 -0.014844 0.999888 0.137279
0.999998 0.000681403 -0.0020681 8.00826 -0.000652902 0.999905 0.013751 0.50414 0.00207727 -0.0137496 0.999903 0.178115
0.999991 0.00222822 0.00370863 8.79213 -0.00227537 0.999916 0.0127576 0.578388 -0.0036799 -0.0127659 0.999912 0.276781
0.999992 -0.00025417 0.00402075 9.56206 0.000198094 0.999903 0.0139408 0.607702 -0.0040239 -0.0139399 0.999895 0.254727
0.999955 0.00137504 0.0093994 10.3971 -0.00151187 0.999893 0.0145664 0.682381 -0.00937837 -0.0145799 0.99985 0.27737
0.999961 -0.000843436 0.00884718 11.3119 0.000727023 0.999913 0.0131531 0.764603 -0.00885751 -0.0131462 0.999874 0.258249
0.999934 -0.00398781 0.0107876 12.1777 0.00385574 0.999918 0.0122363 0.80702 -0.0108355 -0.0121939 0.999867 0.248179
0.99991 -0.00861842 0.0103177 13.0412 0.00849212 0.999889 0.0122229 0.840173 -0.0104219 -0.0121341 0.999872 0.241673
0.999671 -0.0130531 0.0220861 13.8232 0.0128379 0.999869 0.00985749 0.83721 -0.0222119 -0.00957071 0.999708 0.351194
0.999613 -0.018121 0.0211048 14.5901 0.0176173 0.999561 0.0238163 0.817371 -0.0215271 -0.0234353 0.999494 0.451718
0.999547 -0.0215209 0.0210207 15.364 0.0210911 0.999568 0.0204571 0.809054 -0.0214519 -0.0200045 0.99957 0.553655
0.999575 -0.0216966 0.0194843 16.0844 0.0213277 0.999593 0.0189421 0.75933 -0.0198873 -0.0185185 0.999631 0.559368
0.999576 -0.0195115 0.0216261 16.8205 0.0188408 0.999348 0.0307916 0.74112 -0.0222128 -0.0303711 0.999292 0.588523
0.999666 -0.013789 0.0218585 17.607 0.013305 0.999667 0.0221319 0.732906 -0.0221564 -0.0218337 0.999516 0.628846
0.999714 -0.00595558 0.0231644 18.3342 0.00574973 0.999943 0.0089432 0.792951 -0.0232163 -0.00880745 0.999692 0.662768
0.999718 0.005938 0.0229767 19.1142 -0.0061575 0.999936 0.00949469 0.804133 -0.0229189 -0.00963349 0.999691 0.635992
0.999679 0.0185463 0.0172565 19.8241 -0.0187381 0.999764 0.011019 0.851326 -0.0170481 -0.0113389 0.99979 0.607949
0.998272 0.0301274 0.0504559 20.5507 -0.0305282 0.999508 0.00719074 0.908441 -0.0502145 -0.00871864 0.9987 0.540431
0.998152 0.0345239 0.0500122 21.2753 -0.0349265 0.999364 0.00719808 0.983598 -0.0497319 -0.00893153 0.998723 0.481196
0.998172 0.0384685 0.0466182 21.7164 -0.0390783 0.999161 0.0122391 1.08797 -0.0461083 -0.0140385 0.998838 0.506996
0.998212 0.0419077 0.0426095 22.136 -0.0425075 0.999008 0.0132698 1.19397 -0.0420112 -0.0150574 0.999004 0.450803
0.9985 0.0398284 0.0375606 22.6926 -0.0403734 0.999089 0.0138651 1.26808 -0.0369742 -0.0153607 0.999198 0.377251
0.992362 0.0380974 0.117324 23.2347 -0.0383868 0.999263 0.000206403 1.36453 -0.11723 -0.00470853 0.993094 0.464273
0.99154 0.0333414 0.125449 23.6157 -0.0333669 0.999441 -0.00189837 1.36186 -0.125442 -0.00230353 0.992098 0.633317
0.991501 0.0289221 0.126841 23.931 -0.0314592 0.999342 0.0180443 1.39835 -0.126236 -0.0218812 0.991759 0.792529
0.993213 0.0236299 0.113884 24.2185 -0.0270461 0.999227 0.0285458 1.44506 -0.113121 -0.0314322 0.993084 0.932584
0.993622 0.0209319 0.110799 24.5075 -0.0246674 0.999169 0.0324516 1.4667 -0.110028 -0.0349777 0.993313 0.933218
0.994923 0.0130073 0.0997916 24.8625 -0.0158282 0.999496 0.0275286 1.45726 -0.0993832 -0.0289684 0.994628 0.978278
0.992658 -0.0431833 0.112985 25.3979 0.0415832 0.998999 0.0164818 0.610815 -0.113584 -0.0116625 0.99346 1.17518
0.989988 -0.0749445 0.119609 26.1672 0.0739226 0.99718 0.0129641 0.0662106 -0.120244 -0.00399248 0.992736 1.3204
0.98628 -0.103183 0.128856 26.8965 0.102282 0.994662 0.0136053 -0.534523 -0.129572 -0.000238881 0.99157 1.47357
0.982609 -0.130797 0.131797 27.4767 0.127666 0.991302 0.0319695 -0.813128 -0.134833 -0.0145875 0.990761 1.63165
0.981499 -0.135323 0.135451 27.8844 0.131785 0.990667 0.0347992 -0.850367 -0.138896 -0.016305 0.990173 1.68328
0.980749 -0.134651 0.14142 28.2493 0.131163 0.990786 0.0337461 -0.845383 -0.144661 -0.0145475 0.989375 1.68477
0.981857 -0.128716 0.139243 28.5847 0.125462 0.991584 0.0319418 -0.758437 -0.142183 -0.0138926 0.989743 1.66291
0.983255 -0.126076 0.131583 28.9141 0.121881 0.991759 0.0394946 -0.693768 -0.135478 -0.0227959 0.990518 1.5279
0.984172 -0.121412 0.129086 29.1505 0.116838 0.992243 0.0424635 -0.704722 -0.13324 -0.0267093 0.990724 1.43802
0.98433 -0.118697 0.130407 29.5469 0.114061 0.992565 0.042489 -0.643262 -0.134481 -0.0269489 0.99055 1.36674
0.984714 -0.117377 0.128688 30.0189 0.11295 0.992746 0.0412019 -0.620165 -0.13259 -0.0260368 0.990829 1.32511
0.98475 -0.116339 0.129349 30.4526 0.111778 0.992845 0.0420039 -0.518059 -0.133311 -0.0269049 0.990709 1.24881
0.984883 -0.118098 0.126719 30.6402 0.11364 0.992639 0.0418835 -0.470607 -0.130732 -0.0268501 0.991054 1.22041
0.984503 -0.120002 0.127878 30.5623 0.11558 0.992431 0.0414883 -0.453127 -0.131888 -0.0260653 0.990922 1.25476
0.984305 -0.121978 0.127533 30.2594 0.117728 0.992225 0.0403821 -0.478178 -0.131467 -0.0247343 0.991012 1.306
0.984386 -0.119826 0.128941 29.2735 0.115057 0.992391 0.0438451 -0.611096 -0.133214 -0.0283249 0.990683 1.37051
0.432052 -0.872546 0.22802 28.4229 0.819088 0.485458 0.305656 -2.08292 -0.377394 0.054709 0.924436 1.9927
-0.439474 -0.872754 0.212513 29.8013 0.88338 -0.377049 0.27834 -3.69317 -0.162794 0.310053 0.936678 2.10151
-0.941347 -0.166325 0.2936 32.0093 0.256105 -0.918693 0.300688 -3.76206 0.219716 0.358245 0.907406 1.38977
-0.62794 0.710263 0.318145 33.4401 -0.612497 -0.703215 0.36102 -2.56815 0.480144 0.0318362 0.876612 0.224539
0.272732 0.909168 0.314692 32.4878 -0.919987 0.150746 0.361802 -0.128685 0.2815 -0.388187 0.877536 -0.791276
0.938682 0.221276 0.264409 30.0392 -0.311609 0.872687 0.375921 0.974695 -0.147564 -0.435263 0.888128 -0.505758
0.681267 -0.70198 0.207602 27.837 0.616322 0.703055 0.354769 -0.365701 -0.394997 -0.113743 0.911614 0.503311
-0.232 -0.947159 0.221504 28.2152 0.932711 -0.15198 0.327036 -3.05281 -0.276091 0.282472 0.918686 1.34789
-0.915141 -0.316576 0.249593 30.983 0.386619 -0.864601 0.320921 -4.57131 0.114202 0.390186 0.913627 1.00503
-0.746827 0.618245 0.244994 33.9926 -0.539032 -0.778527 0.321467 -3.89085 0.38948 0.108021 0.914679 0.035366
0.151541 0.953881 0.259124 34.6108 -0.939488 0.0575126 0.337719 -0.744623 0.307241 -0.294623 0.904876 -1.2445
0.886111 0.374723 0.272744 31.9605 -0.452906 0.825044 0.337904 1.63017 -0.0984056 -0.422948 0.900795 -1.13353
0.830398 -0.510268 0.223753 28.5141 0.425233 0.839902 0.337256 1.26208 -0.360022 -0.18491 0.914436 0.100964
0.0740514 -0.977211 0.198933 27.2237 0.919635 0.144073 0.365397 -1.77252 -0.385731 0.155888 0.909347 1.80233
-0.746133 -0.633552 0.204687 29.3371 0.66083 -0.667222 0.343683 -4.61969 -0.0811697 0.391697 0.916507 2.56968
-0.941525 0.203035 0.268901 32.921 -0.109187 -0.938844 0.326573 -5.08631 0.318762 0.278116 0.906114 1.89882
-0.388326 0.874474 0.290685 35.7788 -0.790909 -0.478157 0.381876 -2.50308 0.472934 -0.0816127 0.87731 0.257296
0.520399 0.818355 0.243883 35.2268 -0.807412 0.378588 0.4525 1.68098 0.277975 -0.432395 0.857768 -1.29738
0.971827 -0.00181738 0.235686 31.9628 -0.116332 0.865979 0.486362 3.88045 -0.204983 -0.500078 0.84137 -1.20734
0.547408 -0.821829 0.157928 28.41 0.682508 0.547624 0.484036 2.92246 -0.48428 -0.157178 0.860679 0.309194
-0.361249 -0.927306 0.0979874 28.0826 0.872969 -0.29939 0.385085 -0.362683 -0.327756 0.224652 0.917664 1.76789
-0.931108 -0.339692 0.132842 30.7696 0.364663 -0.859302 0.358638 -2.50405 -0.00767523 0.382373 0.923976 2.29479
-0.851078 0.500721 0.157938 33.6719 -0.434652 -0.840672 0.32303 -2.28096 0.294522 0.206276 0.933117 1.86851
-0.131193 0.969577 0.20666 34.5436 -0.934824 -0.190383 0.299764 -0.116579 0.329989 -0.153864 0.931361 0.964428
0.658783 0.698012 0.280685 33.1 -0.752326 0.609615 0.249752 2.46842 0.00322023 -0.375699 0.926736 0.764522
0.954944 -0.0290203 0.295362 30.2385 -0.0319955 0.979341 0.19967 3.05724 -0.295054 -0.200124 0.934288 1.59907
0.563638 -0.751641 0.342559 28.0573 0.733771 0.646051 0.210234 1.09245 -0.379331 0.132864 0.915672 2.88307
-0.195373 -0.927861 0.317651 27.9351 0.970842 -0.137102 0.196647 -2.69276 -0.138911 0.346809 0.927592 3.72575
-0.810323 -0.469083 0.351194 30.8547 0.550024 -0.815578 0.179739 -5.69499 0.202114 0.338812 0.918889 3.07045
-0.879122 0.273099 0.39059 34.6403 -0.225525 -0.960356 0.163876 -5.31513 0.41986 0.0559793 0.905861 1.353
-0.444042 0.793889 0.415411 37.4765 -0.816897 -0.549173 0.17632 -2.74767 0.368112 -0.261054 0.892382 -0.490876
0.254036 0.894997 0.366668 37.0108 -0.959006 0.183855 0.215653 1.51937 0.125595 -0.406421 0.905013 -1.24151
0.792441 0.475223 0.382362 33.7806 -0.572976 0.794917 0.199514 4.59059 -0.209132 -0.377188 0.902216 -0.750483
0.921722 -0.172451 0.347403 29.8936 0.115607 0.977155 0.178335 4.79536 -0.370221 -0.124213 0.920602 0.621569
0.56445 -0.707081 0.425948 27.5706 0.700149 0.683426 0.206688 2.36856 -0.43725 0.181561 0.880823 2.12665
-0.0952968 -0.88963 0.446628 27.2717 0.97114 0.0154617 0.23801 -1.32235 -0.218647 0.45642 0.862482 3.18633
-0.572701 -0.656729 0.490632 29.2894 0.76949 -0.637035 0.0455098 -4.80689 0.282662 0.403601 0.870178 2.32774
-0.762527 -0.24569 0.598489 32.4023 0.263804 -0.962763 -0.059121 -6.04525 0.590728 0.112803 0.798947 -0.12975
-0.768593 0.145336 0.62301 35.9926 -0.253431 -0.96335 -0.0879203 -4.9589 0.587399 -0.225465 0.777257 -2.66639
-0.611275 0.477206 0.631361 38.9442 -0.695677 -0.704347 -0.141173 -1.58693 0.377329 -0.525518 0.762531 -4.25931
-0.296206 0.697546 0.652449 40.4848 -0.945113 -0.312704 -0.0947551 3.013 0.137928 -0.644705 0.751885 -4.76461
0.102314 0.751115 0.652194 40.0904 -0.986076 0.162988 -0.033017 7.67275 -0.131099 -0.639735 0.757333 -4.42425
0.3852 0.615289 0.687779 38.1795 -0.791935 0.603023 -0.0959307 11.0136 -0.473771 -0.507724 0.719554 -2.24274
0.60988 0.404964 0.681212 35.3272 -0.473408 0.875526 -0.0966431 12.1987 -0.635555 -0.263551 0.725679 0.54513
0.739877 0.117306 0.662434 32.1137 -0.0600368 0.992265 -0.108658 10.729 -0.670057 0.0406228 0.741198 3.31418
0.723338 -0.171124 0.668952 29.5071 0.337935 0.932583 -0.126846 6.72419 -0.602147 0.317815 0.732402 5.25443
0.591696 -0.450588 0.668479 28.728 0.687665 0.714866 -0.126823 1.08161 -0.420728 0.534731 0.732838 5.60392
0.388982 -0.587869 0.709297 29.6101 0.906552 0.381223 -0.181198 -4.29607 -0.16388 0.713498 0.681223 3.36367
0.121439 -0.738669 0.663038 32.4381 0.983589 -0.000247901 -0.180426 -8.50331 0.133439 0.674068 0.726517 -0.376844
-0.257435 -0.717515 0.647224 36.9117 0.861977 -0.473237 -0.181779 -9.93145 0.436719 0.511096 0.740309 -4.68577
-0.388443 -0.620411 0.681324 41.8074 0.739492 -0.651028 -0.171217 -10.8162 0.549785 0.437326 0.711676 -9.36827
-0.578528 -0.450361 0.680058 46.7679 0.476837 -0.863178 -0.165982 -9.04803 0.661763 0.228252 0.714122 -13.1105
-0.762101 -0.0700544 0.643656 50.8738 -0.021032 -0.990926 -0.132753 -4.42422 0.647116 -0.114708 0.753713 -15.1006
-0.766523 0.188933 0.613796 53.8051 -0.340653 -0.929827 -0.139205 0.117167 0.544424 -0.315796 0.777095 -16.0119
-0.68176 0.346482 0.644324 56.558 -0.548277 -0.825092 -0.136443 5.80256 0.484352 -0.446289 0.752483 -16.7815
-0.597844 0.450467 0.663069 58.4086 -0.693806 -0.705096 -0.146538 12.102 0.401517 -0.547648 0.734075 -16.6854
-0.575095 0.512324 0.6378 60.4256 -0.773446 -0.594515 -0.219849 18.5467 0.266548 -0.619738 0.738158 -16.2436
-0.491815 0.612916 0.618426 61.3761 -0.861719 -0.444389 -0.244868 25.0391 0.124738 -0.653339 0.746719 -14.711
-0.499314 0.600571 0.624499 62.3332 -0.856606 -0.45037 -0.25178 31.3688 0.130044 -0.660667 0.739329 -13.2861
-0.493085 0.622462 0.607789 62.5709 -0.865507 -0.421744 -0.27024 37.2174 0.0881171 -0.659297 0.746701 -11.6729
-0.513229 0.652052 0.558053 62.7407 -0.852099 -0.46485 -0.240506 42.7409 0.102589 -0.598951 0.794187 -10.6739
-0.527338 0.700432 0.480946 62.3249 -0.844424 -0.494766 -0.205318 47.7143 0.0941441 -0.514394 0.852371 -9.89169
-0.608504 0.686353 0.398299 62.6597 -0.791573 -0.560412 -0.243623 52.9645 0.0560006 -0.463528 0.884311 -9.02091
-0.597233 0.686513 0.414742 62.712 -0.794893 -0.575628 -0.19183 57.8044 0.107043 -0.444242 0.889489 -8.22595
-0.62705 0.651911 0.426403 62.6055 -0.768104 -0.608588 -0.199094 61.9968 0.129712 -0.452363 0.882351 -7.59567
-0.656349 0.648833 0.384994 62.6963 -0.739384 -0.654678 -0.15719 66.1719 0.150057 -0.38783 0.909434 -7.31338
-0.71041 0.604326 0.360705 63.1584 -0.665097 -0.744071 -0.0632921 70.8341 0.230141 -0.284866 0.93053 -7.31918
-0.685425 0.632956 0.359943 63.4723 -0.678358 -0.734732 0.000250499 75.0964 0.26462 -0.243998 0.932974 -7.4593
-0.688244 0.625086 0.368221 64.4408 -0.658324 -0.751385 0.0450633 79.9628 0.304845 -0.211394 0.928645 -8.05316
-0.688513 0.633411 0.353184 65.1676 -0.643341 -0.758247 0.105707 84.6021 0.334757 -0.154437 0.929563 -8.93523
-0.701398 0.620616 0.350536 65.7579 -0.629796 -0.769911 0.102933 89.0897 0.333764 -0.148568 0.930876 -9.72233
-0.738369 0.563628 0.370315 66.2269 -0.547079 -0.821686 0.159807 93.302 0.394355 -0.0845941 0.915056 -10.5587
-0.835358 0.409123 0.367143 67.3806 -0.362075 -0.912053 0.192514 97.5936 0.413615 0.0278853 0.910025 -11.771
-0.939808 0.0748335 0.333408 69.3528 -0.000112623 -0.975792 0.218701 101.706 0.341703 0.2055 0.917066 -13.2733
-0.85513 -0.412648 0.313804 73.1743 0.498032 -0.821968 0.276285 104.068 0.143928 0.392544 0.908402 -15.4501
0.787426 -0.575244 0.221479 73.6219 0.529498 0.815186 0.234743 99.4878 -0.315581 -0.0675705 0.94649 -14.628
