1 0 0 0 0 1 0 0 0 0 1 0
0.343897 0.938955 0.00990666 -0.940387 -0.938827 0.343604 0.0232566 2.43238 0.0184329 -0.0172985 0.99968 -0.242513
-0.794496 0.607215 0.00809018 0.844393 -0.607046 -0.794495 0.0165274 3.85426 0.0164633 0.00821984 0.999831 -0.332707
-0.864188 -0.503165 0.00176505 2.56358 0.503113 -0.864036 0.0178489 2.70487 -0.00745589 0.0163128 0.999839 -0.361177
0.102573 -0.994448 0.0235002 2.05776 0.992659 0.103854 0.0619804 0.108628 -0.0640769 0.0169702 0.997801 -0.209895
0.937438 -0.348151 0.00107965 -0.283728 0.344284 0.927478 0.145786 -0.779849 -0.051757 -0.136294 0.989315 -0.0795011
0.737464 0.671469 0.0726397 -2.48154 -0.674651 0.72737 0.125611 0.896792 0.0315078 -0.14164 0.989417 -0.186947
-0.291059 0.941793 0.168259 -1.31858 -0.945972 -0.309578 0.0964295 3.36662 0.142906 -0.131102 0.981015 -0.582409
-0.973431 0.156712 0.166951 1.10225 -0.135832 -0.982173 0.129948 3.5691 0.184339 0.103818 0.977364 -1.10589
-0.563036 -0.80464 0.188536 2.24411 0.825281 -0.535383 0.179656 1.46594 -0.0436192 0.256748 0.965493 -1.0325
0.46684 -0.872393 0.144885 1.09828 0.859679 0.48611 0.156998 -0.917125 -0.207394 0.051262 0.976913 -0.56611
0.990612 -0.0130938 0.136078 -1.43451 0.00510411 0.998251 0.0588977 -1.21923 -0.136611 -0.0576502 0.988946 -0.152491
0.506163 0.850202 0.144761 -2.63113 -0.862375 0.500967 0.0730813 0.746341 -0.0103863 -0.161829 0.986764 -0.211975
-0.485825 0.857735 0.16812 -1.34214 -0.855716 -0.505945 0.108486 2.42461 0.178112 -0.0911579 0.979779 -0.672501
-0.827178 0.532904 0.178299 -0.316361 -0.521611 -0.846171 0.109162 3.67535 0.209045 -0.00270633 0.977902 -0.984429
-0.982761 0.113251 0.146133 0.86132 -0.099838 -0.990353 0.0960859 4.41951 0.155606 0.0798399 0.984587 -1.15338
-0.920711 -0.377949 0.0971863 2.25092 0.379827 -0.925057 0.000895727 4.65677 0.0895644 0.0377388 0.995266 -1.14891
-0.575683 -0.817303 0.0245992 3.56789 0.816024 -0.576171 -0.0461663 4.47706 0.0519051 -0.00650347 0.998631 -0.955606
0.0308831 -0.999485 -0.00869136 4.53877 0.999479 0.0309622 -0.00911732 2.65056 0.00938164 -0.0084052 0.999921 -0.787698
0.674874 -0.737931 0.00184642 3.99699 0.735482 0.672834 0.0797496 0.393984 -0.0600921 -0.0524629 0.996813 -0.445586
0.987029 -0.098704 0.12661 1.79058 0.0824459 0.988369 0.12779 -0.557597 -0.137751 -0.115694 0.983687 0.173552
0.806278 0.575687 0.136013 -0.373152 -0.590588 0.796431 0.130016 0.374444 -0.0334771 -0.185157 0.982139 0.600384
0.27685 0.960568 -0.0257336 -2.09314 -0.925872 0.273825 0.260348 2.28679 0.257128 -0.0482513 0.965172 0.473593
-0.400868 0.910317 -0.103092 -2.38682 -0.856557 -0.3325 0.394656 4.50386 0.324984 0.246509 0.913027 -0.0839875
-0.915585 0.394881 -0.075982 -1.04034 -0.387138 -0.814481 0.432139 6.30136 0.108758 0.425076 0.8986 -0.333508
-0.962807 -0.266536 0.0442844 1.20844 0.259713 -0.867759 0.423727 6.63807 -0.0745102 0.419468 0.904707 -0.240072
-0.525683 -0.840334 0.132272 3.02038 0.81814 -0.45683 0.349219 5.57599 -0.233035 0.291795 0.927658 0.203476
0.155401 -0.984044 0.0866513 3.64869 0.942123 0.174016 0.28657 3.81675 -0.297076 0.0371028 0.954133 0.914618
0.774776 -0.632152 0.0102752 3.10214 0.603791 0.744642 0.284507 2.258 -0.187503 -0.214225 0.958619 1.58412
0.999975 -0.0063272 0.00306364 1.72347 0.00501345 0.947358 0.320138 1.3239 -0.00492799 -0.320115 0.947366 2.34125
0.777652 0.627536 0.0381508 -0.0204024 -0.596229 0.716888 0.361362 1.23297 0.199418 -0.303761 0.931644 2.84722
0.166238 0.979489 0.11387 -0.74226 -0.932033 0.118367 0.342496 2.65045 0.321993 -0.163067 0.932593 2.69739
-0.487436 0.865856 0.112697 -0.605231 -0.788603 -0.49196 0.36889 3.88019 0.374848 0.0909373 0.922615 2.28564
-0.906621 0.392208 0.155599 -0.0465563 -0.295631 -0.853566 0.428984 4.71375 0.301065 0.342926 0.889809 1.81013
-0.962858 -0.255213 0.0881505 1.10511 0.267835 -0.86144 0.431491 4.9854 -0.0341856 0.439075 0.8978 1.69807
-0.642837 -0.763411 0.0629503 3.11188 0.704814 -0.557302 0.43892 4.77215 -0.299994 0.326522 0.896318 1.43888
-0.135924 -0.990583 0.0164117 4.31655 0.870929 -0.111577 0.478574 3.62296 -0.472237 0.0793434 0.877893 1.77884
0.416394 -0.908348 0.0389833 4.57565 0.732712 0.360649 0.577118 2.14302 -0.538283 -0.211745 0.81573 2.40431
0.775632 -0.628863 0.0540922 3.9394 0.482115 0.64558 0.592276 0.293306 -0.407382 -0.43331 0.803917 3.52356
0.962482 -0.260144 0.0771605 2.87798 0.159205 0.77167 0.615775 -1.2182 -0.219733 -0.580388 0.784135 4.67505
0.98837 0.116498 0.097739 1.10735 -0.151823 0.792448 0.590742 -1.95371 -0.00863305 -0.598711 0.800918 5.86316
0.871726 0.489201 0.0278661 -1.21909 -0.403386 0.684199 0.607579 -2.15121 0.278162 -0.540883 0.79377 6.67392
0.638298 0.768379 0.0465872 -3.44531 -0.62036 0.477618 0.62212 -1.93024 0.455773 -0.425999 0.781534 7.20055
0.346136 0.935288 0.0736571 -5.51108 -0.713562 0.211478 0.667911 -0.861316 0.609112 -0.283747 0.740587 7.31766
0.00644828 0.986243 0.165175 -7.19993 -0.798165 -0.0944302 0.594992 0.81989 0.602404 -0.135674 0.786576 7.02187
-0.272722 0.943203 0.189711 -8.23501 -0.751355 -0.331962 0.570321 2.67757 0.600906 0.0129984 0.799214 6.36448
-0.494545 0.849179 0.185255 -9.06453 -0.674273 -0.509337 0.534726 4.33101 0.548435 0.139533 0.824469 5.65992
-0.68299 0.706477 0.18551 -9.04095 -0.536966 -0.657804 0.528169 5.71061 0.495168 0.261121 0.828627 4.76241
-0.832671 0.522478 0.183506 -8.36598 -0.365791 -0.767736 0.526096 6.71182 0.415758 0.370941 0.83039 4.00596
-0.930959 0.30248 0.2045 -7.4742 -0.153119 -0.831886 0.533404 7.24193 0.331465 0.465264 0.820768 3.39714
-0.972845 0.108135 0.204645 -6.6604 0.0174918 -0.847279 0.530859 7.73609 0.230796 0.520023 0.82238 2.84169
-0.979217 -0.00858815 0.202631 -5.76772 0.116674 -0.841079 0.528179 8.13109 0.165893 0.540844 0.824601 2.3448
-0.979511 -0.00805683 0.201228 -3.84762 0.115051 -0.84248 0.526299 7.93693 0.165291 0.538667 0.826145 1.91461
-0.978382 -0.00772088 0.206663 -1.9404 0.117728 -0.842374 0.525876 7.80176 0.170027 0.538837 0.825073 1.5465
-0.978873 -0.0079294 0.204313 -0.0835642 0.116682 -0.84223 0.526339 7.6507 0.167905 0.539059 0.825362 1.15237
-0.979738 -0.0085183 0.200102 1.725 0.11486 -0.842368 0.52652 7.48859 0.164074 0.538836 0.826278 0.772678
-0.979481 -0.00845079 0.201357 3.50302 0.115642 -0.841838 0.527196 7.36974 0.165055 0.539664 0.825542 0.419623
-0.979957 -0.00890056 0.199012 5.23631 0.114602 -0.842328 0.526639 7.231 0.162946 0.538891 0.826465 0.0666331
-0.98027 -0.0084331 0.197482 6.9405 0.113229 -0.842878 0.526057 7.08853 0.162017 0.538039 0.827203 -0.290309
-0.980908 -0.00779234 0.194315 8.61293 0.11083 -0.843453 0.525646 6.96159 0.1598 0.537147 0.828213 -0.614867
-0.98094 -0.00756216 0.194163 10.2582 0.110578 -0.843385 0.525808 6.82887 0.159778 0.537256 0.828146 -0.93916
-0.981105 -0.00769832 0.193321 11.8905 0.110273 -0.843271 0.526055 6.7015 0.158972 0.537433 0.828187 -1.27213
-0.981823 -0.00854974 0.189605 13.4655 0.108927 -0.843469 0.526017 6.58157 0.155428 0.537109 0.829069 -1.5847
-0.981786 -0.00832066 0.189805 15.0485 0.108921 -0.843206 0.526441 6.47295 0.155664 0.537527 0.828754 -1.89327
-0.982048 -0.00751484 0.188482 16.5978 0.107367 -0.843823 0.525771 6.3515 0.155094 0.536569 0.829481 -2.20651
-0.982888 -0.00606167 0.184105 18.0975 0.103745 -0.844087 0.526073 6.23095 0.152212 0.536171 0.830272 -2.49061
-0.982729 -0.00405564 0.185002 19.6002 0.102374 -0.844743 0.525289 6.129 0.154149 0.535157 0.830569 -2.79605
-0.982931 -0.0030755 0.183946 21.0433 0.101172 -0.844129 0.526507 6.05082 0.153655 0.536131 0.830032 -3.06844
-0.98319 -0.00240962 0.182568 22.4489 0.0997742 -0.844505 0.52617 5.95692 0.152912 0.535541 0.83055 -3.3327
-0.98338 -0.00138582 0.181554 23.8055 0.0983152 -0.844738 0.526072 5.86132 0.152636 0.535178 0.830835 -3.59091
-0.983366 -0.000777736 0.181631 25.1189 0.0981052 -0.843849 0.527535 5.76915 0.152859 0.53658 0.829889 -3.8514
-0.983479 -0.000479307 0.181018 26.3681 0.0973539 -0.844462 0.526693 5.68678 0.15261 0.535615 0.830558 -4.09844
-0.983733 0.000208038 0.179636 27.5797 0.0960249 -0.844526 0.526834 5.60953 0.151817 0.535514 0.830768 -4.34456
-0.983831 0.00104902 0.179093 28.7272 0.0949653 -0.844772 0.526631 5.53878 0.151845 0.535124 0.831014 -4.56672
-0.983844 0.00244421 0.179011 29.8042 0.0936241 -0.845255 0.526097 5.46167 0.152596 0.534358 0.83137 -4.78709
-0.984013 0.00283699 0.178071 30.7963 0.0927191 -0.845519 0.525833 5.40549 0.152054 0.533938 0.831739 -4.97484
-0.984072 0.00276294 0.177746 31.727 0.0928019 -0.844833 0.52692 5.343 0.151621 0.535023 0.83112 -5.15224
-0.984111 0.00125021 0.177549 32.5982 0.0939451 -0.844867 0.526663 5.29413 0.150664 0.534975 0.831325 -5.32094
-0.984002 -0.000616356 0.178155 33.38 0.0959426 -0.844434 0.526998 5.2607 0.150115 0.53566 0.830984 -5.46849
-0.984192 -0.00206726 0.177088 34.0659 0.0965233 -0.844627 0.526581 5.21049 0.148485 0.535351 0.831476 -5.60871
-0.984241 -0.00262212 0.17681 34.6396 0.0967766 -0.844841 0.526191 5.14786 0.147997 0.53501 0.831781 -5.72022
-0.984405 -0.0039468 0.175868 35.156 0.0976715 -0.843752 0.527771 5.11968 0.146306 0.536719 0.83098 -5.81005
-0.984704 -0.00771904 0.174062 35.5716 0.0999951 -0.843148 0.5283 5.09297 0.142682 0.537625 0.831024 -5.86738
-0.985177 -0.0114155 0.171156 35.8931 0.101358 -0.843709 0.527145 5.06857 0.138388 0.53668 0.83236 -5.91395
-0.985651 -0.0132005 0.168273 36.2004 0.101327 -0.84359 0.527341 5.06653 0.134993 0.536826 0.832823 -5.97039
-0.985647 -0.0119946 0.168391 36.4645 0.10034 -0.843785 0.527218 5.05473 0.135762 0.536547 0.832878 -6.00944
-0.985734 -0.00965063 0.168034 36.7019 0.0981833 -0.843858 0.527506 5.03357 0.136706 0.536479 0.832767 -6.04878
-0.985748 -0.00810802 0.168028 36.8957 0.0969331 -0.843724 0.527952 5.00694 0.137488 0.536716 0.832486 -6.0806
-0.985772 -0.00790884 0.167896 37.0641 0.0966858 -0.843768 0.527927 4.9986 0.13749 0.53665 0.832528 -6.10984
-0.985834 -0.00801078 0.167532 37.142 0.096559 -0.843832 0.527848 4.98755 0.13714 0.536547 0.832652 -6.13419
-0.985928 -0.00789545 0.166981 37.1575 0.0962461 -0.843527 0.528393 4.98739 0.136681 0.537029 0.832417 -6.1483
-0.986309 -0.0078143 0.16472 37.1378 0.0950298 -0.843275 0.529014 4.9917 0.13477 0.537425 0.832473 -6.16056
-0.986228 -0.00773378 0.165207 37.144 0.0952337 -0.843238 0.529036 4.97942 0.135217 0.537484 0.832362 -6.14347
-0.9861 -0.00759149 0.165978 37.1391 0.0955634 -0.843102 0.529193 4.9757 0.135919 0.537699 0.832109 -6.13632
-0.986143 -0.0075721 0.165723 37.1239 0.095384 -0.843207 0.529059 4.97607 0.135733 0.537536 0.832245 -6.15662
-0.986149 -0.00764866 0.165681 37.1301 0.0954388 -0.843152 0.529137 4.97838 0.135647 0.537621 0.832204 -6.15449
-0.986194 -0.00749731 0.165424 37.1192 0.0951987 -0.843059 0.529328 4.98207 0.135493 0.537769 0.832133 -6.15236
-0.986229 -0.00735432 0.165216 37.1194 0.0949967 -0.842946 0.529544 4.98222 0.135374 0.537948 0.832037 -6.15388
-0.986231 -0.00728102 0.165208 37.1084 0.0949118 -0.843024 0.529435 4.97679 0.135419 0.537826 0.832108 -6.15882
-0.98624 -0.0071899 0.165158 37.0994 0.0948269 -0.842955 0.529561 4.96941 0.135413 0.537936 0.832038 -6.16417
-0.986255 -0.00699717 0.165082 37.09 0.094652 -0.842851 0.529757 4.96409 0.135432 0.538101 0.831928 -6.16945
-0.986274 -0.00692363 0.164971 37.092 0.094563 -0.842725 0.529974 4.96623 0.135355 0.5383 0.831812 -6.1648
-0.98627 -0.00685071 0.164996 37.0903 0.0945227 -0.842699 0.530021 4.97341 0.135411 0.538341 0.831777 -6.16362
-0.986255 -0.00692602 0.16508 37.0895 0.0945978 -0.842827 0.529805 4.9699 0.135464 0.53814 0.831898 -6.16976
-0.986249 -0.00689512 0.165121 37.0887 0.0946011 -0.8428 0.529847 4.96667 0.135511 0.538182 0.831863 -6.1711
-0.986251 -0.00685783 0.165107 37.0881 0.0945658 -0.842788 0.529872 4.96298 0.135517 0.538201 0.83185 -6.17082
-0.986239 -0.00674782 0.165186 37.0882 0.0945728 -0.842565 0.530227 4.96269 0.135602 0.538553 0.831609 -6.1694
-0.986227 -0.00682449 0.165256 37.0841 0.0946307 -0.842738 0.52994 4.96513 0.135651 0.53828 0.831777 -6.17286
-0.986196 -0.00686671 0.165439 37.082 0.0947568 -0.842766 0.529874 4.96342 0.135787 0.538236 0.831783 -6.17593
-0.986178 -0.00683444 0.165543 37.0804 0.0947752 -0.842809 0.529801 4.96166 0.1359 0.538169 0.831809 -6.17891
-0.986224 -0.00668655 0.16528 37.0879 0.0945615 -0.842609 0.530158 4.96483 0.135722 0.538484 0.831634 -6.1744
-0.986209 -0.00672195 0.165367 37.0912 0.0946099 -0.842719 0.529974 4.96681 0.135796 0.538311 0.831733 -6.17359
-0.98618 -0.00681328 0.165533 37.0913 0.0947518 -0.842811 0.529803 4.96121 0.135903 0.538166 0.83181 -6.17442
-0.986188 -0.00680446 0.16549 37.0835 0.0947324 -0.842766 0.529878 4.96133 0.135863 0.538237 0.83177 -6.17114
-0.986159 -0.00681768 0.165657 37.0793 0.0948288 -0.842784 0.529832 4.9638 0.136001 0.538209 0.831766 -6.16996
-0.986158 -0.00676744 0.165669 37.0808 0.0947919 -0.842791 0.529828 4.96388 0.136039 0.538198 0.831767 -6.16902
-0.98616 -0.00668076 0.165658 37.0897 0.0947013 -0.842841 0.529764 4.96558 0.136084 0.538121 0.831809 -6.17286
-0.98618 -0.00679288 0.165536 37.0892 0.0947255 -0.842854 0.52974 4.96867 0.135924 0.5381 0.831849 -6.17386
-0.986216 -0.00684508 0.165319 37.0881 0.0946521 -0.842856 0.529749 4.96681 0.135714 0.538096 0.831886 -6.17287
-0.986235 -0.00688315 0.165203 37.0845 0.0946019 -0.842932 0.529637 4.96344 0.135609 0.537976 0.831981 -6.17298
-0.986258 -0.00677646 0.165068 37.0893 0.0944841 -0.842762 0.52993 4.96293 0.135522 0.538245 0.831821 -6.16931
-0.986244 -0.00681247 0.16515 37.0861 0.0945289 -0.842876 0.52974 4.96746 0.135592 0.538065 0.831926 -6.173
-0.986283 -0.00683414 0.164917 37.0856 0.0944225 -0.842873 0.529764 4.96443 0.135383 0.53807 0.831957 -6.17213
-0.986228 -0.00688637 0.165245 37.0826 0.0946292 -0.842924 0.529646 4.97003 0.135641 0.537989 0.831967 -6.17618
-0.986251 -0.00678479 0.16511 37.0876 0.0945066 -0.842789 0.529882 4.96575 0.135558 0.538202 0.831843 -6.17351
-0.986302 -0.00675867 0.16481 37.0872 0.0943162 -0.842819 0.529869 4.96075 0.135324 0.538155 0.831911 -6.17218
