1 0 0 0 0 1 0 0 0 0 1 0
0.820113 0.567942 0.0696866 -3.30382 0.567885 -0.822799 0.0225671 -0.27221 0.0701549 0.0210663 -0.997314 -0.626849
0.998457 0.0357016 0.0425429 -5.7776 -0.0363779 0.999222 0.0152307 -1.79198 -0.0419661 -0.0167548 0.998979 -0.302029
0.896652 0.440227 0.0470549 -9.74882 0.441429 -0.897102 -0.0186932 -1.89606 0.0339838 0.0375327 -0.998717 -0.96266
0.98821 0.124892 0.0885581 -13.581 -0.129951 0.990057 0.0538497 -3.19478 -0.0809522 -0.064723 0.994614 -0.251252
0.878277 0.473269 -0.0681613 -17.4468 0.461378 -0.876237 -0.139064 -3.8582 -0.12554 0.0906884 -0.987935 -0.336262
0.988387 0.100516 0.113965 -20.7083 -0.11843 0.979452 0.163242 -3.55235 -0.0952143 -0.174843 0.979982 0.673526
0.877733 0.478788 -0.0185999 -22.906 0.469476 -0.867125 -0.166395 -5.7145 -0.0957967 0.137319 -0.985884 0.110144
0.993073 0.117493 0.00149127 -24.8171 -0.114834 0.967754 0.224198 -3.63159 0.0248986 -0.222816 0.974542 0.642091
0.837038 0.544771 0.0509121 -26.153 0.538907 -0.804773 -0.248837 -6.63225 -0.0945865 0.235723 -0.967206 0.101336
0.996026 0.0720339 0.0523708 -28.4581 -0.0838284 0.956862 0.278186 -4.51419 -0.0300728 -0.281471 0.959099 1.0766
0.804422 0.59282 -0.038336 -29.807 0.581928 -0.799329 -0.14978 -7.73427 -0.119435 0.0981775 -0.987976 0.437831
0.993098 0.0519411 0.105165 -32.4112 -0.0582446 0.996629 0.0577808 -5.80619 -0.101809 -0.0635073 0.992775 1.61782
0.820875 0.565964 -0.0764833 -33.8243 0.567489 -0.823378 -0.00215764 -8.91514 -0.0641959 -0.0416322 -0.997069 0.65964
0.995515 0.0483517 0.0813139 -36.4915 -0.0479476 0.998826 -0.00691774 -6.88826 -0.0815529 0.00298785 0.996665 2.09213
0.813115 0.576637 -0.0795824 -38.2785 0.578584 -0.815621 0.00174457 -10.0049 -0.0639031 -0.0474636 -0.996827 1.03286
0.995181 0.037997 0.0903948 -41.7903 -0.0403987 0.998874 0.0248873 -8.28546 -0.0893474 -0.0284192 0.995595 2.35182
0.799683 0.595407 -0.0774492 -43.2403 0.590817 -0.803297 -0.0751683 -11.6078 -0.10697 0.0143526 -0.994159 1.68636
0.989235 0.0883343 0.116672 -45.3496 -0.0934746 0.994844 0.0393357 -9.514 -0.112596 -0.0498182 0.992391 2.88395
0.787046 0.610037 -0.0917282 -45.4797 0.612777 -0.790253 0.00218071 -12.446 -0.0711582 -0.0579252 -0.995782 2.01056
0.985491 0.133494 0.104819 -46.8682 -0.135004 0.990817 0.00741257 -10.1914 -0.102867 -0.0214562 0.994464 3.01307
0.77355 0.620249 -0.130044 -47.0283 0.620188 -0.783107 -0.0459444 -12.7104 -0.130336 -0.0451116 -0.990443 2.18586
0.977442 0.163966 0.133129 -48.2103 -0.171216 0.98421 0.0448957 -10.4601 -0.123666 -0.0666769 0.990081 3.29742
0.733932 0.671301 -0.103436 -47.8727 0.669289 -0.740713 -0.058286 -12.8397 -0.115744 -0.0264507 -0.992927 2.31435
0.97361 0.198247 0.113062 -49.1065 -0.206691 0.976005 0.0685134 -10.5745 -0.0967665 -0.0900743 0.991223 3.41481
0.725151 0.683129 -0.0865551 -49.2494 0.682919 -0.729574 -0.0366591 -13.0659 -0.0881913 -0.0325267 -0.995572 2.4299
0.971464 0.204465 0.120215 -50.3804 -0.208994 0.977566 0.0262196 -11.3193 -0.112157 -0.0505958 0.992402 3.3713
0.72021 0.686085 -0.102889 -50.4329 0.688494 -0.725075 -0.0155805 -13.9086 -0.0852918 -0.0596171 -0.994571 2.71709
0.969515 0.20948 0.127119 -51.8074 -0.213153 0.97689 0.0158612 -11.1697 -0.120859 -0.0424736 0.991761 3.46296
0.717608 0.688785 -0.103025 -51.7044 0.691499 -0.722273 -0.0122785 -14.8668 -0.0828693 -0.0624304 -0.994603 2.89043
0.966007 0.221635 0.133074 -53.3963 -0.226098 0.973915 0.0192249 -11.8337 -0.125341 -0.0486591 0.99092 3.6971
0.748675 0.650924 -0.125633 -53.2795 0.654377 -0.755972 -0.0172345 -15.201 -0.106194 -0.0693084 -0.991927 3.18049
0.972899 0.181322 0.143493 -54.7231 -0.188112 0.981519 0.0351402 -12.4899 -0.134469 -0.0611806 0.989027 3.81316
0.763357 0.635533 -0.115689 -55.0258 0.636286 -0.770654 -0.0351143 -15.3471 -0.111472 -0.0468063 -0.992665 3.43964
0.971527 0.196439 0.132468 -56.3285 -0.2014 0.97919 0.0250192 -13.6954 -0.124796 -0.0509858 0.990872 4.07616
0.801471 0.589784 -0.0989924 -56.954 0.590492 -0.806652 -0.0251368 -15.7084 -0.0946777 -0.0383077 -0.994771 3.6627
0.981757 0.13742 0.131409 -58.3294 -0.147495 0.986566 0.0702445 -14.3293 -0.119991 -0.0883454 0.988836 4.33712
0.821679 0.560483 -0.103453 -59.1822 0.559221 -0.827873 -0.043579 -16.1643 -0.110072 -0.0220453 -0.993679 3.78895
0.983652 0.111999 0.141013 -60.6678 -0.118822 0.992073 0.0409016 -14.9229 -0.135314 -0.0569884 0.989163 4.72715
0.834431 0.538509 -0.117189 -61.6795 0.544683 -0.838222 0.0265421 -16.9303 -0.0839375 -0.0859785 -0.992755 3.97476
0.983478 0.0949573 0.154127 -63.2751 -0.0937244 0.995482 -0.0152642 -15.7011 -0.15488 0.000566536 0.987933 4.99223
0.849679 0.515832 -0.109383 -64.4919 0.519932 -0.85414 0.0108142 -17.382 -0.08785 -0.0660602 -0.993941 4.30352
0.985151 0.0864507 0.148338 -66.1887 -0.0849195 0.996249 -0.0166393 -16.2151 -0.14922 0.00379538 0.988797 5.37596
0.864784 0.491368 -0.103474 -67.5459 0.494517 -0.869151 0.00557974 -17.6771 -0.087193 -0.0559949 -0.994617 4.54933
0.985391 0.073675 0.153546 -69.1931 -0.0655529 0.996202 -0.0573138 -16.8878 -0.157186 0.046411 0.986478 5.69288
0.87322 0.475794 -0.105395 -70.5599 0.481497 -0.875707 0.0360266 -18.6057 -0.0751537 -0.0822063 -0.993778 4.82442
0.988935 0.036605 0.143766 -72.3321 -0.0349724 0.999292 -0.0138702 -17.613 -0.144172 0.00868884 0.989515 6.06094
0.893594 0.433827 -0.115253 -73.8446 0.441898 -0.895308 0.0561304 -19.15 -0.0788358 -0.101088 -0.991749 5.14393
0.972009 0.180503 0.15039 -76.6031 -0.173217 0.983035 -0.0603276 -18.0053 -0.158728 0.0325888 0.986785 6.12091
0.857261 0.500157 -0.122259 -79.3771 0.514227 -0.843657 0.154318 -19.8437 -0.0259609 -0.19516 -0.980428 5.21189
0.944729 0.311997 0.100718 -82.3215 -0.2872 0.935735 -0.204736 -19.1467 -0.158122 0.164494 0.973622 6.59964
0.848021 0.527042 -0.0555589 -84.7349 0.52303 -0.815415 0.248069 -20.4834 0.0854392 -0.239427 -0.967148 5.79491
0.948351 0.309344 0.0702573 -87.1431 -0.284853 0.927901 -0.24054 -19.9469 -0.139601 0.208103 0.968093 7.18743
0.790651 0.611789 0.0241942 -88.4545 0.588576 -0.770351 0.245232 -21.5726 0.168668 -0.179653 -0.969163 5.8831
0.929044 0.365346 0.0583122 -90.3429 -0.349445 0.918301 -0.186045 -20.0093 -0.121519 0.152467 0.98081 7.05552
0.650374 0.75852 -0.0407566 -91.3654 0.755241 -0.639951 0.14168 -22.2408 0.0813851 -0.122926 -0.989073 6.07951
0.961857 0.261763 0.0794426 -93.5604 -0.250605 0.959624 -0.127745 -20.4578 -0.109674 0.102964 0.98862 7.12761
0.814986 0.569076 -0.109319 -95.1154 0.579448 -0.798289 0.164241 -21.7851 0.00619778 -0.197199 -0.980344 7.03093
0.970366 0.192566 0.145971 -97.0146 -0.165042 0.969405 -0.181704 -21.0607 -0.176495 0.152228 0.972459 7.70626
0.924292 0.366744 -0.105749 -98.8794 0.38089 -0.904135 0.193553 -21.5465 -0.0246272 -0.219178 -0.975374 7.44079
0.967632 0.185993 0.170571 -100.813 -0.156814 0.972701 -0.171062 -20.5876 -0.197731 0.138777 0.970383 8.21323
0.890698 0.426937 -0.156148 -102.477 0.449607 -0.878073 0.163837 -22.6781 -0.0671617 -0.216134 -0.974051 8.07246
0.971958 0.157222 0.174871 -104.354 -0.135158 0.982033 -0.131699 -20.4018 -0.192435 0.104371 0.975744 9.02675
0.869844 0.469079 -0.152761 -105.993 0.484471 -0.870652 0.0851664 -22.9869 -0.0930516 -0.148089 -0.984587 8.71553
0.966768 0.156719 0.201988 -108.426 -0.146984 0.987167 -0.0624238 -21.0243 -0.209179 0.0306603 0.977397 9.73009
0.840313 0.511884 -0.178465 -109.952 0.520788 -0.853679 0.00358974 -24.016 -0.150514 -0.0959589 -0.98394 9.5184
0.960624 0.152932 0.231976 -112.395 -0.154327 0.987944 -0.0122367 -21.5311 -0.23105 -0.0240453 0.972645 10.9257
0.851297 0.481927 -0.20746 -114.409 0.493241 -0.869887 0.00324964 -24.8162 -0.1789 -0.105094 -0.978238 10.4511
0.96724 -0.0551106 0.24781 -116.97 0.0607297 0.99804 -0.015085 -22.6881 -0.246493 0.0296401 0.968691 11.7991
0.852809 0.487179 -0.188077 -118.032 0.498204 -0.866957 0.0133476 -26.7937 -0.156552 -0.105083 -0.982064 11.502
0.957401 -0.0757615 0.278646 -121.174 0.0755233 0.997077 0.0116038 -23.2201 -0.278711 0.00993478 0.960324 12.7964
0.858884 0.48602 -0.161563 -121.853 0.498255 -0.865919 0.0438876 -28.7869 -0.11857 -0.118194 -0.985886 12.2479
0.968559 -0.0589817 0.241691 -125.419 0.0688425 0.997097 -0.0325551 -23.7267 -0.239068 0.0481701 0.969807 13.8324
0.851128 0.496945 -0.169197 -125.644 0.512846 -0.855955 0.0658137 -30.7629 -0.112119 -0.142787 -0.983383 12.787
0.951321 -0.128049 0.280344 -130.29 0.122264 0.991766 0.0380992 -25.0878 -0.282914 -0.00196861 0.959144 14.1328
0.847087 0.491444 -0.202303 -130.843 0.490391 -0.869511 -0.0588796 -33.3767 -0.204841 -0.0493315 -0.977552 13.9329
0.955723 -0.0969826 0.277828 -135.656 0.0889472 0.995175 0.0414108 -26.1222 -0.280503 -0.0148653 0.959738 15.5565
0.853899 0.442542 -0.273884 -136.34 0.444211 -0.893945 -0.0594965 -34.2997 -0.271167 -0.0708583 -0.959921 15.5508
0.953231 -0.11275 0.280425 -141.155 0.0865313 0.990783 0.104221 -27.0748 -0.289591 -0.0750812 0.954201 16.9366
0.834435 0.461746 -0.300847 -141.497 0.424675 -0.886662 -0.182979 -36.4269 -0.35124 0.0249222 -0.935954 17.4685
0.888273 -0.228319 0.39855 -146.432 0.102604 0.944411 0.312348 -29.3989 -0.447709 -0.236558 0.862321 18.4782
0.784784 0.563697 -0.257605 -145.194 0.530566 -0.825879 -0.190852 -37.3223 -0.320333 0.0131014 -0.947215 18.6349
0.89932 -0.291085 0.326333 -150.163 0.220256 0.946209 0.237017 -30.6317 -0.377771 -0.141278 0.915058 19.8369
0.777395 0.586995 -0.22604 -148.611 0.561548 -0.809569 -0.171064 -39.7584 -0.283409 0.00605168 -0.95898 20.0906
0.909377 -0.260674 0.324166 -154.367 0.205115 0.958967 0.195733 -31.7672 -0.361887 -0.111504 0.92553 21.4529
0.7774 0.582817 -0.236587 -152.222 0.56019 -0.81257 -0.160987 -42.0729 -0.28607 -0.00738246 -0.958181 21.6779
0.927793 -0.25153 0.275558 -158.593 0.202102 0.959653 0.195501 -32.8997 -0.313615 -0.125694 0.941195 22.6439
0.778052 0.583677 -0.232285 -155.889 0.556334 -0.811945 -0.176747 -44.3535 -0.291766 0.00829049 -0.956454 23.1126
0.924828 -0.2724 0.265503 -162.66 0.218814 0.951912 0.214441 -34.3651 -0.311149 -0.140225 0.93996 23.8139
0.788378 0.575559 -0.217237 -159.719 0.544025 -0.817131 -0.190614 -46.3528 -0.287221 0.0320937 -0.957327 24.5012
0.92156 -0.274258 0.274789 -166.742 0.223739 0.953611 0.201412 -35.7216 -0.317281 -0.124133 0.940173 25.3725
0.793067 0.574929 -0.201252 -163.409 0.540671 -0.816581 -0.202168 -48.3217 -0.28057 0.0515218 -0.95845 26.1065
0.916765 -0.307873 0.254473 -171.156 0.240514 0.934142 0.263689 -37.2215 -0.318896 -0.180537 0.930437 26.4176
0.772984 0.591081 -0.230478 -167.141 0.53128 -0.801644 -0.274061 -50.8562 -0.346753 0.0893965 -0.933687 28.0902
0.942233 -0.280498 0.183079 -175.035 0.233466 0.941891 0.241526 -38.6893 -0.240188 -0.184831 0.952968 28.0758
0.764617 0.597388 -0.241843 -170.784 0.547241 -0.800014 -0.24598 -53.1842 -0.340424 0.0557343 -0.938619 29.058
0.950449 -0.260486 0.169686 -178.784 0.225816 0.953617 0.199054 -40.5748 -0.213666 -0.150873 0.965187 29.6414
0.73928 0.621317 -0.259673 -174.233 0.58363 -0.783536 -0.213183 -54.9491 -0.335917 0.00604941 -0.941872 29.7917
0.949156 -0.243551 0.199463 -181.992 0.205985 0.959626 0.191543 -42.6227 -0.238061 -0.140718 0.961003 30.923
0.715768 0.668897 -0.200633 -176.867 0.637361 -0.743139 -0.203755 -56.2326 -0.285389 0.017966 -0.958244 30.7549
0.943142 -0.259184 0.208105 -184.821 0.219738 0.955934 0.194696 -44.0462 -0.249397 -0.137897 0.958534 31.976
0.70597 0.683423 -0.185847 -179.008 0.65196 -0.729609 -0.206443 -57.8599 -0.276684 0.0245779 -0.960647 32.0097
0.9318 -0.271724 0.240655 -186.89 0.206666 0.942218 0.263657 -45.0576 -0.298391 -0.195941 0.934115 32.0382
0.684176 0.705938 -0.183179 -180.069 0.677731 -0.708185 -0.197875 -58.3241 -0.269412 0.0112356 -0.96296 32.1962
0.903947 -0.264733 0.335852 -187.007 0.169272 0.942709 0.287485 -46.1002 -0.392718 -0.203021 0.896971 31.8062
0.63449 0.709774 -0.306011 -180.492 0.65572 -0.703897 -0.273058 -58.4546 -0.40921 -0.0274053 -0.912029 32.4349
0.912947 -0.193133 0.359482 -186.382 0.0872823 0.952945 0.290307 -45.5225 -0.398634 -0.233659 0.886846 31.6807
0.513328 0.794794 -0.323724 -178.69 0.729191 -0.602849 -0.323811 -57.0013 -0.45252 -0.0698348 -0.889016 31.8347
0.912202 -0.220185 0.345553 -185.261 0.0829875 0.925148 0.370425 -45.3559 -0.40125 -0.309225 0.862194 30.4608
0.540813 0.783329 -0.30646 -177.585 0.728497 -0.618329 -0.294893 -56.2465 -0.420491 -0.0637729 -0.905053 30.7067
0.901705 -0.174749 0.395463 -183.436 0.059846 0.956322 0.286126 -44.0444 -0.42819 -0.234334 0.872778 30.1582
0.61483 0.712199 -0.338758 -177.626 0.682856 -0.695639 -0.223146 -56.3223 -0.394577 -0.094126 -0.91403 30.049
0.893759 -0.182745 0.409633 -183.8 0.0853649 0.965852 0.244629 -44.1842 -0.44035 -0.183671 0.878839 30.5894
0.574381 0.719794 -0.38985 -177.748 0.72013 -0.670763 -0.177456 -55.7899 -0.389229 -0.178815 -0.903619 29.3832
0.910508 -0.206003 0.358523 -184.074 0.13958 0.969292 0.202461 -44.116 -0.389221 -0.1343 0.911302 30.4186
0.568202 0.758646 -0.318752 -177.676 0.718162 -0.646282 -0.257999 -55.7245 -0.401733 -0.0823201 -0.91205 30.3511
0.875335 -0.279096 0.394836 -184.861 0.185494 0.947944 0.258834 -44.6048 -0.446521 -0.153327 0.881539 31.3007
0.531869 0.766775 -0.359405 -177.996 0.74595 -0.625117 -0.229755 -56.1492 -0.40084 -0.145899 -0.904456 30.3273
0.877333 -0.298418 0.375812 -185.179 0.217259 0.945277 0.243415 -45.2881 -0.427885 -0.131907 0.894156 31.6911
0.529442 0.77012 -0.355818 -178.574 0.766001 -0.614231 -0.189641 -56.937 -0.364601 -0.172153 -0.915112 30.3444
0.912458 -0.251567 0.322701 -185.679 0.178976 0.954606 0.23811 -45.873 -0.367952 -0.159509 0.916062 31.16
0.514877 0.806311 -0.291144 -178.926 0.774759 -0.583039 -0.244569 -57.1936 -0.366947 -0.0996431 -0.92489 30.9731
0.925512 -0.268709 0.266876 -186.39 0.193191 0.941082 0.277566 -46.9012 -0.325736 -0.205333 0.922895 31.1095
0.532429 0.796797 -0.285716 -180.084 0.765693 -0.597256 -0.238745 -57.6817 -0.360877 -0.0916558 -0.928099 30.8579
0.906337 -0.305919 0.291492 -187.775 0.213169 0.926635 0.309689 -47.3223 -0.364846 -0.218545 0.905056 30.524
0.554583 0.798141 -0.235393 -181.108 0.734225 -0.602472 -0.312957 -58.5359 -0.391601 0.000729695 -0.920135 31.8742
