1 0 0 0 0 1 0 0 0 0 1 0
0.999996 -0.00173067 0.00209284 0.83904 0.00172931 0.999998 0.000651185 0.0100953 -0.00209396 -0.000647564 0.999998 0.0141513
0.999995 -0.00229903 0.00209702 1.59393 0.00229474 0.999995 0.00204941 0.0471804 -0.00210172 -0.00204459 0.999996 0.0148742
0.999996 -0.00220363 -0.00151344 2.54478 0.00220864 0.999992 0.00331311 0.0912356 0.00150613 -0.00331644 0.999993 0.0709827
0.999971 -0.00413959 -0.00640557 4.03566 0.00415669 0.999988 0.00265776 0.108566 0.00639449 -0.00268431 0.999976 0.0539681
0.999796 -0.0196735 0.00463361 5.14674 0.0196598 0.999802 0.00298398 0.0116908 -0.0046914 -0.00289228 0.999985 0.115059
0.999788 -0.020006 0.00486653 5.91699 0.0200001 0.999799 0.00125879 0.0699367 -0.00489073 -0.00116119 0.999987 0.1306
0.999801 -0.0188845 0.00649642 6.71549 0.0188826 0.999822 0.000355487 0.0812409 -0.00650197 -0.000232747 0.999979 0.14875
0.999926 -0.0101047 0.00680126 7.12891 0.010145 0.999931 -0.00592563 0.137523 -0.00674091 0.00599419 0.999959 0.126474
0.99997 -0.00219106 0.00742736 7.21004 0.00222603 0.999986 -0.00470211 0.145954 -0.00741696 0.0047185 0.999961 0.109921
0.999975 0.003327 0.00627878 7.33037 -0.00329788 0.999984 -0.00464347 0.265695 -0.00629413 0.00462265 0.99997 0.121596
0.999962 0.0082679 0.0027063 7.4835 -0.00825404 0.999953 -0.00509045 0.339279 -0.00274826 0.00506793 0.999983 0.122414
0.999836 0.00958031 -0.0153659 6.97893 -0.00969838 0.999924 -0.0076278 0.349099 0.0152917 0.00777557 0.999853 0.0772677
0.999931 0.00873947 -0.00778873 5.74989 -0.00880889 0.999921 -0.0089248 0.295232 0.00771012 0.0089928 0.99993 0.0658244
0.999964 0.00685075 -0.00501368 3.85592 -0.00689034 0.999945 -0.00792151 0.145799 0.00495914 0.00795577 0.999956 0.0441517
0.99999 0.00405759 -0.00213253 2.10861 -0.00407711 0.999949 -0.00923488 0.0585642 0.00209495 0.00924347 0.999955 0.0383769
0.999982 0.00123159 0.00583505 0.453685 -0.0011803 0.999961 -0.00878304 -0.0205699 -0.00584563 0.008776 0.999945 0.0229964
0.999975 -0.00151928 0.00690532 -1.24189 0.00157686 0.999964 -0.00834043 -0.109854 -0.0068924 0.00835111 0.999942 0.0133415
0.999973 -0.00185862 0.00712829 -2.90639 0.00192067 0.99996 -0.00870698 -0.214284 -0.00711183 0.00872044 0.999937 0.00548662
0.999967 -0.0018046 0.0079737 -4.54175 0.00185896 0.999975 -0.00681562 -0.293519 -0.00796121 0.00683021 0.999945 0.0146931
0.999959 -0.00133059 0.00898171 -6.1595 0.00140182 0.999968 -0.0079277 -0.392129 -0.00897087 0.00793996 0.999928 0.0353301
0.999909 -0.00184705 0.0133372 -7.78522 0.00192521 0.999981 -0.00584957 -0.490916 -0.0133261 0.00587472 0.999894 0.0164739
0.99986 -0.00507979 0.0159296 -9.51546 0.00515976 0.999974 -0.00498246 -0.604957 -0.0159038 0.00506396 0.999861 0.00749702
0.999821 -0.00821541 0.0170661 -11.2423 0.00829028 0.999956 -0.00432055 -0.751568 -0.0170299 0.00446125 0.999845 -0.017198
0.999756 -0.012813 0.0179789 -13.0683 0.0128805 0.99991 -0.0036399 -0.86968 -0.0179307 0.00387059 0.999832 -0.0232203
0.999651 -0.0174886 0.0197803 -14.9249 0.0175611 0.99984 -0.00349901 -0.979697 -0.0197159 0.00384516 0.999798 -0.0117182
0.999529 -0.0219349 0.0214476 -16.8472 0.0220076 0.999753 -0.00315661 -1.14852 -0.021373 0.00362713 0.999765 -0.0111456
0.999355 -0.0267003 0.0240163 -18.9018 0.0267973 0.999634 -0.0037256 -1.30893 -0.023908 0.00436677 0.999705 0.0128026
0.999219 -0.0304089 0.0252155 -21.0162 0.0304508 0.999536 -0.00127861 -1.51281 -0.0251649 0.00204544 0.999681 -0.0168297
0.999049 -0.0338393 0.0275009 -23.2048 0.0339435 0.999418 -0.00333053 -1.68078 -0.0273722 0.00426084 0.999616 0.0892432
0.998933 -0.0369148 0.0277577 -25.4516 0.0370192 0.999309 -0.00325515 -1.86797 -0.0276184 0.00427924 0.99961 0.145508
0.999077 -0.040008 0.0156584 -27.6929 0.0400807 0.999187 -0.00435692 -2.08136 -0.0154714 0.0049805 0.999868 0.197693
0.999102 -0.0421655 0.00423322 -29.8201 0.0421795 0.999105 -0.00328374 -2.31077 -0.00409097 0.00345934 0.999986 0.205556
0.999043 -0.0435119 0.00454759 -31.7386 0.0435182 0.999052 -0.0012956 -2.51025 -0.0044869 0.00149226 0.999989 0.153614
0.998951 -0.0455752 0.00448462 -33.5065 0.0455859 0.998958 -0.00230476 -2.67408 -0.0043749 0.00250678 0.999987 0.184997
0.998815 -0.0480726 0.00763752 -35.1616 0.048093 0.99884 -0.00250515 -2.86246 -0.00750823 0.00286949 0.999968 0.207184
0.998878 -0.0466482 0.00817831 -36.6292 0.0466683 0.998908 -0.00228574 -3.02934 -0.00806275 0.00266485 0.999964 0.209469
0.998981 -0.0443316 0.00847988 -38.0964 0.0443441 0.999016 -0.00129684 -3.16217 -0.00841404 0.00167155 0.999963 0.189804
0.999066 -0.0418299 0.0108131 -39.5011 0.0418437 0.999124 -0.00105461 -3.29249 -0.0107595 0.00150608 0.999941 0.208981
0.999154 -0.0393035 0.0121163 -40.8553 0.0393167 0.999227 -0.000854583 -3.43755 -0.0120734 0.00133023 0.999926 0.202556
0.999235 -0.037166 0.0121293 -42.1563 0.0371729 0.999309 -0.000340125 -3.56042 -0.0121083 0.000790748 0.999927 0.202251
0.999265 -0.0361633 0.0127342 -43.4198 0.0361587 0.999346 0.000590194 -3.68905 -0.0127472 -0.000129308 0.999919 0.184994
0.999241 -0.0358919 0.0151081 -44.6947 0.0358807 0.999356 0.00101041 -3.79601 -0.0151346 -0.000467555 0.999885 0.193018
0.999252 -0.0351414 0.0161116 -45.9514 0.0351248 0.999382 0.00131109 -3.91785 -0.0161477 -0.000744193 0.99987 0.198663
0.999285 -0.0345381 0.0153942 -47.1855 0.0345083 0.999402 0.0021994 -4.0219 -0.015461 -0.0016666 0.999879 0.203929
0.999213 -0.0370023 0.0143119 -48.4014 0.0369726 0.999314 0.00233412 -4.12591 -0.0143884 -0.00180313 0.999895 0.181664
0.999099 -0.0396308 0.015151 -49.5838 0.0396 0.999213 0.00232343 -4.26077 -0.0152312 -0.00172136 0.999883 0.188462
0.998955 -0.0421804 0.0175971 -50.8185 0.0421447 0.999109 0.00239056 -4.38844 -0.0176822 -0.00164644 0.999843 0.209353
0.998822 -0.0444665 0.0194039 -52.0953 0.0444123 0.999008 0.00321771 -4.51633 -0.0195277 -0.00235215 0.999807 0.208071
0.998767 -0.0457332 0.0193103 -53.4548 0.0456643 0.998949 0.00399753 -4.64308 -0.0194728 -0.00311081 0.999806 0.20667
0.998869 -0.0445164 0.0167198 -54.8027 0.044467 0.999005 0.00331532 -4.78653 -0.0168508 -0.00256809 0.999855 0.208154
0.998895 -0.0436014 0.0175572 -56.2622 0.0435364 0.999044 0.00406911 -4.93666 -0.0177178 -0.00330024 0.999838 0.210422
0.998851 -0.0431849 0.0207949 -57.7199 0.0431194 0.999063 0.00359106 -5.08289 -0.0209305 -0.00269027 0.999777 0.220459
0.998778 -0.0452923 0.019769 -59.3403 0.0452216 0.998969 0.00400669 -5.26184 -0.0199301 -0.00310781 0.999797 0.222678
0.99864 -0.0482155 0.0198218 -61.0341 0.0481292 0.99883 0.00480994 -5.44841 -0.0200305 -0.0038494 0.999792 0.215718
0.998507 -0.051179 0.019076 -62.7186 0.0510812 0.998679 0.00557619 -5.64299 -0.0193362 -0.00459344 0.999803 0.193487
0.998316 -0.0549137 0.018694 -64.5377 0.0548123 0.998479 0.00589192 -5.84456 -0.0189891 -0.00485734 0.999808 0.201892
0.998121 -0.0582869 0.0188908 -66.4057 0.0581656 0.998283 0.00690711 -6.06326 -0.019261 -0.00579534 0.999798 0.21273
0.998036 -0.0599763 0.0180635 -68.3397 0.0598506 0.99818 0.00742275 -6.29503 -0.0184758 -0.00632707 0.99981 0.223549
0.998044 -0.0602187 0.016808 -70.3319 0.0600902 0.998161 0.00804732 -6.51783 -0.0172617 -0.00702158 0.999827 0.226537
0.998108 -0.0591741 0.0167184 -72.394 0.0590421 0.998221 0.00828312 -6.76565 -0.0171788 -0.00728035 0.999826 0.242786
0.998195 -0.0568645 0.0193246 -74.4815 0.056743 0.998366 0.00678002 -7.01019 -0.0196786 -0.00567125 0.99979 0.297622
0.998341 -0.0545458 0.0184179 -76.6417 0.05442 0.998492 0.00726168 -7.23177 -0.0187862 -0.00624734 0.999804 0.316934
0.998488 -0.0519601 0.0179216 -78.8241 0.0518193 0.998623 0.00823475 -7.47453 -0.0183248 -0.00729362 0.999806 0.321427
0.998594 -0.049319 0.0194334 -81.0312 0.0491207 0.998737 0.0105565 -7.73507 -0.0199295 -0.00958704 0.999756 0.298838
0.998644 -0.0485733 0.0186914 -83.3241 0.0483597 0.998761 0.011717 -7.97448 -0.0192374 -0.0107973 0.999757 0.274612
0.99863 -0.0484227 0.0198054 -85.6418 0.0481849 0.998763 0.0123106 -8.21107 -0.020377 -0.0113395 0.999728 0.278357
0.998672 -0.0487192 0.0167253 -87.9702 0.0484871 0.998726 0.0140127 -8.46892 -0.0173866 -0.0131831 0.999762 0.260808
0.998635 -0.050226 0.0143303 -90.3319 0.0499904 0.998616 0.0163467 -8.72757 -0.0151315 -0.015608 0.999764 0.278632
0.998507 -0.05328 0.0120578 -92.7474 0.0530472 0.998414 0.01887 -8.97984 -0.013044 -0.0182022 0.999749 0.230788
0.998228 -0.0581206 0.0127268 -95.1788 0.0578777 0.998149 0.0186934 -9.25029 -0.0137897 -0.0179237 0.999744 0.252405
0.997919 -0.0635961 0.0105938 -97.6189 0.0633787 0.997795 0.0197274 -9.56649 -0.011825 -0.019015 0.999749 0.22916
0.997496 -0.0699243 0.0105768 -100.066 0.0696957 0.997355 0.0206331 -9.89888 -0.0119916 -0.0198443 0.999731 0.217381
0.997015 -0.0766852 0.00899846 -102.581 0.0764801 0.996844 0.0212732 -10.2391 -0.0106014 -0.0205215 0.999733 0.207716
0.996546 -0.0825203 0.00924751 -105.129 0.0823004 0.996363 0.0220664 -10.5774 -0.0110348 -0.0212291 0.999714 0.197882
0.996177 -0.0870581 0.00721747 -107.663 0.0868839 0.995983 0.0216864 -10.9546 -0.00907644 -0.0209765 0.999739 0.23025
0.995928 -0.0898915 0.00687937 -110.257 0.0897188 0.995718 0.0222708 -11.3386 -0.00885187 -0.0215629 0.999728 0.217566
0.995877 -0.0905781 0.00501628 -112.813 0.0904537 0.995677 0.0210997 -11.7417 -0.00690576 -0.020559 0.999765 0.20402
0.995833 -0.0911913 -0.00103441 -115.407 0.0911934 0.995627 0.020288 -12.1338 -0.000820192 -0.0202978 0.999794 0.1897
0.99587 -0.0907946 -0.000319308 -118.03 0.0907807 0.995643 0.0212985 -12.4963 -0.00161586 -0.0212395 0.999773 0.1672
0.995939 -0.0900221 -0.00123481 -120.683 0.0900276 0.995703 0.0217122 -12.9051 -0.000725065 -0.0217352 0.999764 0.121677
0.996214 -0.0868548 -0.00372452 -123.306 0.086919 0.995933 0.0237348 -13.3125 0.0016479 -0.0239687 0.999711 0.101512
0.996437 -0.0842634 -0.00365079 -125.948 0.0843284 0.996128 0.0248786 -13.6925 0.00154031 -0.0250978 0.999684 0.0513125
0.996657 -0.0815615 -0.00473232 -128.588 0.0816522 0.996371 0.0240381 -14.0759 0.00275458 -0.0243441 0.9997 0.0392204
0.996784 -0.0800028 -0.00462533 -131.267 0.0800939 0.996474 0.0250138 -14.4374 0.00260786 -0.0253038 0.999677 0.00303274
0.996839 -0.0790503 -0.00798567 -133.961 0.0792347 0.99651 0.0262805 -14.8118 0.00588033 -0.0268302 0.999623 -0.0535169
0.996901 -0.0781122 -0.00927826 -136.659 0.078341 0.996545 0.0275897 -15.1909 0.00709113 -0.028231 0.999576 -0.139816
0.996846 -0.0789458 -0.00807344 -139.352 0.079141 0.996479 0.0277025 -15.5646 0.00585803 -0.0282541 0.999584 -0.184928
0.996788 -0.0796101 -0.00873047 -142.039 0.0798187 0.996446 0.0269421 -15.9636 0.00655458 -0.0275524 0.999599 -0.218715
0.99664 -0.0807258 -0.013818 -144.73 0.0810672 0.996363 0.0262493 -16.333 0.0116487 -0.0272813 0.99956 -0.287058
0.996388 -0.0820661 -0.0218012 -147.326 0.082612 0.996257 0.0254457 -16.6929 0.0196313 -0.0271549 0.999439 -0.35443
0.996249 -0.0835964 -0.0223364 -149.814 0.0841624 0.99612 0.0257327 -17.0789 0.0200986 -0.027516 0.99942 -0.426973
0.996158 -0.0847157 -0.0221689 -152.151 0.0852591 0.99605 0.0248361 -17.4071 0.0199773 -0.0266308 0.999446 -0.470521
0.996154 -0.0847722 -0.0221595 -154.34 0.0853006 0.996064 0.024099 -17.7165 0.0200293 -0.0258966 0.999464 -0.521399
0.996244 -0.0841614 -0.0203777 -156.452 0.0846564 0.996102 0.0247894 -18.0205 0.0182119 -0.0264214 0.999485 -0.567761
0.996335 -0.0834946 -0.0185619 -158.575 0.0839703 0.996116 0.0265234 -18.3374 0.0162753 -0.0279848 0.999476 -0.639518
0.996448 -0.0820904 -0.0187778 -160.672 0.082583 0.996214 0.0271618 -18.6328 0.016477 -0.0286161 0.999455 -0.712764
0.996568 -0.0803311 -0.0199532 -162.718 0.0808647 0.996344 0.0275563 -18.9032 0.0176666 -0.0290753 0.999421 -0.752924
0.996673 -0.0789785 -0.0201115 -164.811 0.0795227 0.996444 0.0278719 -19.1814 0.0178387 -0.0293785 0.999409 -0.814579
0.996742 -0.0782504 -0.0195222 -166.873 0.0787812 0.996496 0.0280938 -19.5061 0.0172555 -0.0295403 0.999415 -0.858304
0.996733 -0.0784394 -0.0192471 -168.958 0.0789773 0.996455 0.0289921 -19.7908 0.0169047 -0.0304175 0.999395 -0.911455
0.996609 -0.0796001 -0.0208411 -171.022 0.0802133 0.996312 0.0304604 -20.0888 0.0183396 -0.0320288 0.999319 -0.99003
0.996547 -0.0810397 -0.0180502 -173.124 0.0815679 0.996194 0.0307525 -20.3819 0.0154893 -0.0321186 0.999364 -1.06753
0.996469 -0.0824027 -0.0161263 -175.302 0.0828562 0.996115 0.0298296 -20.709 0.0136056 -0.0310604 0.999425 -1.11833
0.996345 -0.0841527 -0.0146502 -177.526 0.0845604 0.99597 0.0298847 -21.0344 0.0120763 -0.0310143 0.999446 -1.16946
0.99627 -0.0852206 -0.0135465 -179.77 0.0856168 0.995814 0.0320112 -21.3378 0.0107617 -0.0330516 0.999396 -1.25544
0.996183 -0.0864146 -0.0123242 -182.085 0.0867587 0.995752 0.0308324 -21.6863 0.00960745 -0.0317839 0.999449 -1.32843
0.995993 -0.0881819 -0.0148763 -184.45 0.0886014 0.995603 0.0304024 -22.039 0.0121299 -0.0315987 0.999427 -1.38196
0.995836 -0.0902544 -0.0128355 -186.87 0.0905763 0.995518 0.0272151 -22.4066 0.0103217 -0.0282644 0.999547 -1.43356
0.995691 -0.0910549 -0.0175413 -189.334 0.0914752 0.995497 0.0248691 -22.7737 0.0151979 -0.0263665 0.999537 -1.50319
0.995547 -0.0923663 -0.0188328 -191.849 0.092846 0.99533 0.0264262 -23.1682 0.016304 -0.0280571 0.999474 -1.60471
0.995531 -0.0928617 -0.017146 -194.385 0.0933318 0.995212 0.0290219 -23.5591 0.0143689 -0.0304925 0.999432 -1.68598
0.995322 -0.0944435 -0.0203734 -196.985 0.0950189 0.995041 0.029409 -23.9469 0.0174949 -0.0312072 0.99936 -1.77741
0.995237 -0.0954585 -0.019791 -199.596 0.0959626 0.995037 0.0263123 -24.3555 0.017181 -0.0280861 0.999458 -1.81888
0.995246 -0.095866 -0.0171894 -202.208 0.0962794 0.995038 0.0250945 -24.7765 0.0146984 -0.0266302 0.999538 -1.91618
0.995172 -0.0961385 -0.0197451 -204.835 0.0965982 0.995039 0.0238205 -25.1887 0.0173571 -0.0256129 0.999522 -2.02047
0.995175 -0.0952779 -0.0234083 -207.451 0.0958027 0.995148 0.0224216 -25.613 0.0211585 -0.024556 0.999475 -2.1185
0.995266 -0.0946407 -0.0221056 -210.09 0.0951468 0.995196 0.0230881 -26.0265 0.0198143 -0.0250821 0.999489 -2.21929
0.995398 -0.0942584 -0.0172425 -212.757 0.0946785 0.995183 0.0254313 -26.4449 0.0147624 -0.0269467 0.999528 -2.32073
0.995441 -0.0936711 -0.0179313 -215.413 0.0941296 0.995202 0.0267031 -26.8541 0.015344 -0.0282692 0.999483 -2.36453
0.995342 -0.0940653 -0.0210935 -218.113 0.0946304 0.99513 0.0276181 -27.2676 0.0183928 -0.0294855 0.999396 -2.43619
0.995313 -0.0937608 -0.023678 -220.778 0.0944226 0.995122 0.028572 -27.6691 0.0208835 -0.0306739 0.999312 -2.5147
0.995281 -0.0940686 -0.0237945 -223.472 0.0947343 0.995092 0.0285926 -28.0838 0.0209881 -0.0307118 0.999308 -2.6134
0.995251 -0.0944248 -0.0236607 -226.107 0.0950678 0.995085 0.0277099 -28.5098 0.020928 -0.0298277 0.999336 -2.69834
0.995194 -0.0950747 -0.0234562 -228.797 0.0957327 0.994992 0.0287335 -28.9098 0.0206069 -0.030841 0.999312 -2.78842
0.995167 -0.095273 -0.0237628 -230.133 0.0959813 0.99491 0.0306977 -29.1033 0.0207172 -0.0328302 0.999247 -2.83528
