1 0 0 0 0 1 0 0 0 0 1 0
0.999819 0.0188629 0.00240239 -2.28232 -0.0188611 0.999822 -0.000785644 -0.310116 -0.00241679 0.00074019 0.999997 0.0165146
0.999708 0.0222549 0.0094045 -5.01481 -0.0222438 0.999752 -0.00128092 -0.420834 -0.00943067 0.00107135 0.999955 0.0179708
0.999586 0.026356 0.0115199 -7.73786 -0.0263168 0.999647 -0.00354703 -0.52684 -0.0116093 0.00324239 0.999927 0.00862323
0.999507 0.0302995 0.0081978 -10.4927 -0.0302653 0.999533 -0.00426858 -0.596176 -0.00832331 0.00401836 0.999957 -0.00921943
0.999312 0.0355955 0.0104491 -13.2126 -0.0355406 0.999354 -0.00540241 -0.653886 -0.0106346 0.00502732 0.999931 -0.0280664
0.999106 0.0420278 0.00466585 -15.9487 -0.0420004 0.999101 -0.00581488 -0.719342 -0.00490604 0.00561371 0.999972 -0.0580722
0.998817 0.0485701 0.00232767 -18.6671 -0.0485561 0.998804 -0.00571183 -0.742667 -0.00260232 0.00559205 0.999981 -0.0912314
0.99845 0.0549675 0.00868831 -21.3637 -0.0549215 0.998476 -0.00544242 -0.78036 -0.00897423 0.00495681 0.999947 -0.103644
0.998195 0.0590891 0.0106993 -24.0355 -0.0590513 0.998248 -0.00381599 -0.776911 -0.010906 0.00317729 0.999935 -0.0995814
0.998086 0.0612224 0.0087235 -26.7199 -0.0612378 0.998122 0.0015075 -0.76289 -0.00861482 -0.00203883 0.999961 -0.107676
0.998022 0.0620187 0.0102472 -29.3668 -0.0620567 0.998067 0.00343046 -0.749382 -0.0100146 -0.00405958 0.999942 -0.106701
0.998085 0.0611144 0.00957845 -31.9905 -0.0611463 0.998124 0.00306797 -0.716682 -0.00937299 -0.00364778 0.999949 -0.116225
0.998185 0.0593601 0.0101357 -34.6215 -0.0593838 0.998233 0.00205461 -0.739964 -0.00999584 -0.00265278 0.999947 -0.136236
0.998378 0.0562002 0.0090766 -37.2483 -0.0562492 0.998403 0.00523924 -0.730641 -0.00876765 -0.0057413 0.999945 -0.143811
0.99859 0.0525825 0.00731908 -39.8496 -0.0526463 0.998574 0.0088218 -0.733946 -0.00684478 -0.00919468 0.999934 -0.139735
0.998764 0.0489167 0.00885847 -42.4415 -0.0490069 0.998746 0.0102639 -0.760299 -0.00834528 -0.0106854 0.999908 -0.154871
0.998906 0.0454729 0.0108849 -45.0283 -0.0456043 0.998886 0.0121429 -0.777755 -0.0103206 -0.012626 0.999867 -0.182589
0.998994 0.0430323 0.0125823 -47.6195 -0.0431836 0.998995 0.0120103 -0.815125 -0.0120528 -0.0125416 0.999849 -0.172185
0.999073 0.0412349 0.0123743 -50.2016 -0.0413822 0.999073 0.0118932 -0.84083 -0.0118724 -0.0123943 0.999853 -0.157438
0.999134 0.0396492 0.0126365 -52.7823 -0.0397924 0.999144 0.0112852 -0.887735 -0.0121783 -0.0117782 0.999857 -0.137502
0.999164 0.0382772 0.0143273 -55.3744 -0.0384446 0.999193 0.0115959 -0.943987 -0.0138718 -0.012137 0.99983 -0.145785
0.999213 0.0368184 0.0147683 -57.9637 -0.0369848 0.999254 0.0111583 -0.998089 -0.0143464 -0.0116957 0.999829 -0.139878
0.999279 0.0349819 0.0147327 -60.5321 -0.0351363 0.999329 0.0103537 -1.05199 -0.0143606 -0.0108639 0.999838 -0.135982
0.999285 0.0333568 0.0178069 -63.1303 -0.0334399 0.999431 0.00438915 -1.12057 -0.0176503 -0.00498147 0.999832 -0.122382
0.999325 0.0320983 0.0178773 -65.725 -0.0320678 0.999484 -0.00199146 -1.19768 -0.017932 0.00141683 0.999838 -0.109082
0.999398 0.031022 0.0155024 -68.313 -0.0309738 0.999515 -0.00334219 -1.28276 -0.0155986 0.00286001 0.999874 -0.0761561
0.999402 0.0305466 0.0162052 -70.8606 -0.0305663 0.999532 0.000969375 -1.33955 -0.016168 -0.00146413 0.999868 -0.0676004
0.999434 0.029097 0.0168829 -73.4382 -0.0291508 0.999571 0.00294473 -1.41246 -0.0167899 -0.00343521 0.999853 -0.0634849
0.999414 0.0281385 0.0194962 -76.0054 -0.0282235 0.999593 0.00409727 -1.48624 -0.019373 -0.00464512 0.999802 -0.0475566
0.999347 0.0275479 0.023394 -78.5581 -0.0276357 0.999612 0.00343783 -1.56139 -0.0232902 -0.0040821 0.99972 -0.0143231
0.999399 0.0268335 0.0219317 -81.1067 -0.026923 0.99963 0.00379622 -1.64281 -0.0218217 -0.00438441 0.999752 0.00444932
0.999394 0.0254364 0.0237579 -83.6276 -0.0255618 0.999661 0.00498956 -1.73461 -0.0236229 -0.00559383 0.999705 0.0101102
0.999418 0.024819 0.0234008 -86.1557 -0.0249417 0.999677 0.0049645 -1.81125 -0.02327 -0.00554527 0.999714 0.0240784
0.999366 0.0247041 0.0256555 -88.6671 -0.0247715 0.99969 0.00231002 -1.89128 -0.0255905 -0.00294408 0.999668 0.080964
0.999383 0.0250998 0.0245781 -91.1624 -0.025083 0.999685 -0.000992717 -1.98077 -0.0245952 0.000375611 0.999697 0.0975716
0.99934 0.0262448 0.0251191 -93.6502 -0.0262442 0.999655 -0.000353371 -2.07815 -0.0251197 -0.000306094 0.999684 0.10237
0.999205 0.0286883 0.0276639 -96.1207 -0.0286774 0.999588 -0.000792665 -2.14309 -0.0276753 -1.29416e-06 0.999617 0.156698
0.99911 0.0320872 0.0273616 -98.5478 -0.0320138 0.999482 -0.00311497 -2.2241 -0.0274474 0.00223625 0.999621 0.20571
0.999017 0.0339655 0.0284797 -100.98 -0.033887 0.99942 -0.00323658 -2.28769 -0.0285731 0.0022683 0.999589 0.289795
0.998928 0.03498 0.0303272 -103.413 -0.0349825 0.999388 -0.000448311 -2.3416 -0.0303243 -0.000613091 0.99954 0.282723
0.998889 0.0364035 0.0299284 -105.851 -0.0363952 0.999337 -0.000821915 -2.39691 -0.0299385 -0.000268248 0.999552 0.303571
0.998826 0.0376093 0.0305214 -108.27 -0.0375832 0.999292 -0.00142764 -2.45008 -0.0305535 0.00027887 0.999533 0.370402
0.998792 0.0380167 0.0311431 -110.699 -0.0378917 0.999271 -0.00459613 -2.50656 -0.0312952 0.0034105 0.999504 0.431953
0.998625 0.0391757 0.0348392 -113.086 -0.038974 0.999219 -0.00644829 -2.55632 -0.0350647 0.0050816 0.999372 0.470132
0.998661 0.0399397 0.03287 -115.467 -0.0397456 0.999188 -0.00653795 -2.58001 -0.0331044 0.00522276 0.999438 0.493402
0.998818 0.0405659 0.0267606 -117.871 -0.0404014 0.999161 -0.00666219 -2.63441 -0.0270085 0.00557315 0.99962 0.492759
0.998293 0.0413749 0.0412174 -120.208 -0.0411763 0.999136 -0.00565568 -2.67822 -0.0414158 0.00394884 0.999134 0.543703
0.998482 0.0414997 0.0362206 -122.563 -0.0413155 0.999129 -0.00581879 -2.72588 -0.0364305 0.00431349 0.999327 0.593115
0.998601 0.0408102 0.0336059 -124.936 -0.0406688 0.999161 -0.00488254 -2.76199 -0.033777 0.003509 0.999423 0.641783
0.998648 0.0401318 0.0330512 -127.269 -0.0399963 0.999188 -0.00475302 -2.81281 -0.0332152 0.00342467 0.999442 0.669998
0.998621 0.0394138 0.0346639 -129.589 -0.0393231 0.999221 -0.00329586 -2.85364 -0.0347668 0.00192822 0.999393 0.720425
0.998549 0.0376273 0.0385336 -131.883 -0.0376707 0.99929 0.00039934 -2.8823 -0.0384913 -0.00185035 0.999257 0.759104
0.998601 0.0363755 0.038389 -134.184 -0.0363032 0.999337 -0.00257964 -2.97649 -0.0384574 0.00118238 0.999259 0.805751
0.998475 0.036325 0.0415702 -136.481 -0.0362734 0.99934 -0.00199463 -3.01554 -0.0416152 0.000483701 0.999133 0.902388
0.998393 0.0362679 0.0435375 -138.768 -0.0364052 0.999334 0.00236439 -3.07733 -0.0434227 -0.00394558 0.999049 0.940522
0.998436 0.0358637 0.0428857 -141.035 -0.0361639 0.999326 0.00624282 -3.14041 -0.0426329 -0.00778396 0.99906 0.995344
0.998524 0.0346082 0.0418428 -143.295 -0.0351542 0.999305 0.0123837 -3.19192 -0.0413852 -0.0138364 0.999047 1.01967
0.998652 0.0338403 0.0393459 -145.561 -0.0343479 0.999334 0.0122983 -3.25183 -0.0389036 -0.0136332 0.99915 1.10947
0.99872 0.0326571 0.038618 -147.804 -0.0332128 0.999352 0.0138351 -3.30473 -0.0381412 -0.0151 0.999158 1.16826
0.998924 0.031883 0.0336627 -150.006 -0.0323829 0.999372 0.0144104 -3.36707 -0.0331821 -0.015485 0.999329 1.21566
0.998959 0.0311702 0.0333115 -152.194 -0.0317126 0.999371 0.0158797 -3.42562 -0.0327956 -0.0169196 0.999319 1.25186
0.998867 0.0307379 0.0363242 -154.397 -0.0313295 0.999384 0.01583 -3.48678 -0.0358153 -0.0169501 0.999215 1.29868
0.998884 0.0298401 0.0366162 -156.599 -0.0304534 0.999403 0.0163073 -3.54774 -0.0361077 -0.0174042 0.999196 1.35979
0.99892 0.0283866 0.0367661 -158.79 -0.028999 0.999448 0.0162315 -3.61784 -0.036285 -0.0172801 0.999192 1.46106
0.998979 0.0267034 0.0364444 -160.985 -0.0272588 0.999518 0.0148279 -3.69036 -0.0360309 -0.0158062 0.999226 1.53097
0.998982 0.0252341 0.0373842 -163.145 -0.0257222 0.999589 0.0126333 -3.75955 -0.03705 -0.013582 0.999221 1.59878
0.998997 0.0230996 0.0383386 -165.351 -0.0235598 0.999655 0.0115976 -3.83606 -0.0380575 -0.0124892 0.999197 1.65409
0.998893 0.0210954 0.0420393 -167.504 -0.0214864 0.99973 0.00887122 -3.92276 -0.0418408 -0.00976467 0.999076 1.83032
0.998905 0.0191693 0.0426649 -169.683 -0.019599 0.999761 0.00967617 -4.00292 -0.0424692 -0.0105018 0.999042 1.92961
0.998817 0.0170981 0.0455085 -171.866 -0.0175858 0.999792 0.0103386 -4.08133 -0.0453222 -0.0111266 0.99891 2.02616
0.998721 0.0160417 0.0479422 -174.051 -0.0165824 0.999803 0.010902 -4.17667 -0.0477578 -0.0116831 0.99879 2.12832
0.99877 0.0155115 0.0470922 -176.245 -0.0160301 0.999815 0.0106556 -4.26866 -0.0469182 -0.0113974 0.998834 2.21012
0.998622 0.0148758 0.0503127 -178.451 -0.0154968 0.999808 0.011974 -4.35339 -0.0501249 -0.0127372 0.998662 2.2904
0.998607 0.0147291 0.050664 -180.688 -0.0153796 0.999804 0.0124734 -4.45567 -0.0504703 -0.0132352 0.998638 2.37654
0.998719 0.0137463 0.0486878 -182.961 -0.0143228 0.999831 0.0115105 -4.55377 -0.0485214 -0.0121931 0.998748 2.49904
0.99863 0.0136389 0.0505174 -185.211 -0.0142632 0.999826 0.0120201 -4.67507 -0.0503447 -0.0127242 0.998651 2.59154
0.998563 0.0133331 0.0519089 -187.476 -0.0140283 0.999816 0.0130516 -4.77919 -0.0517254 -0.013761 0.998566 2.71138
0.998557 0.0127776 0.0521609 -189.768 -0.0135309 0.999809 0.0141144 -4.88424 -0.0519706 -0.0147999 0.998539 2.78447
0.99849 0.0124692 0.0534884 -192.046 -0.0132949 0.999798 0.0151084 -4.99408 -0.0532892 -0.0157968 0.998454 2.84797
0.998295 0.0110724 0.0573128 -194.409 -0.0120041 0.999801 0.0159375 -5.09527 -0.057125 -0.0165983 0.998229 2.92522
0.998209 0.0103858 0.0589144 -196.75 -0.0113251 0.999814 0.0156327 -5.22019 -0.0587411 -0.0162719 0.998141 3.03055
0.99817 0.00992408 0.0596358 -199.102 -0.0109211 0.999806 0.0164151 -5.3398 -0.0594613 -0.0170364 0.998085 3.17256
0.998032 0.00991614 0.0619176 -201.455 -0.0107453 0.999857 0.0130732 -5.46645 -0.0617791 -0.0137128 0.997996 3.29044
0.997668 0.00864052 0.0676943 -203.82 -0.00939583 0.999897 0.0108472 -5.54905 -0.0675937 -0.0114579 0.997647 3.42307
0.997667 0.00694359 0.0679053 -206.226 -0.00761802 0.999924 0.00967813 -5.68286 -0.0678329 -0.0101728 0.997645 3.59262
0.99788 0.00645818 0.0647486 -208.652 -0.00704981 0.999936 0.00891302 -5.82156 -0.0646869 -0.00935058 0.997862 3.72876
0.997761 0.0055443 0.0666506 -211.039 -0.0062307 0.99993 0.0100949 -5.94808 -0.06659 -0.0104876 0.997725 3.86482
0.997716 0.00443761 0.0673964 -213.442 -0.00521475 0.999922 0.0113593 -6.06869 -0.0673407 -0.0116848 0.997662 3.9898
0.997559 0.00408819 0.0696978 -215.828 -0.0049594 0.999912 0.0123313 -6.19376 -0.0696413 -0.0126468 0.997492 4.13375
0.997547 0.00361308 0.0699004 -218.222 -0.0044669 0.999917 0.0120623 -6.31687 -0.0698511 -0.012345 0.997481 4.28812
0.997399 0.00304572 0.0720132 -220.604 -0.00401999 0.999902 0.013388 -6.45315 -0.0719654 -0.0136426 0.997314 4.45222
0.99715 0.00230728 0.0754096 -222.971 -0.00322622 0.999922 0.0120664 -6.56091 -0.0753759 -0.0122753 0.99708 4.66108
0.997176 0.000941851 0.0750986 -225.325 -0.00145292 0.999976 0.00675092 -6.70195 -0.0750905 -0.00684096 0.997153 4.84461
0.997067 -0.000508008 0.0765348 -227.684 0.00036603 0.999998 0.00186909 -6.87694 -0.0765356 -0.00183558 0.997065 5.00454
0.997144 -0.00225432 0.0754921 -230.024 0.00211319 0.999996 0.00194927 -6.99633 -0.0754962 -0.00178416 0.997144 5.1519
0.997057 -0.00400445 0.0765527 -232.359 0.00375026 0.999987 0.00346398 -7.13841 -0.0765656 -0.00316669 0.997059 5.29502
0.99693 -0.00584306 0.0780798 -234.681 0.00551161 0.999975 0.00445984 -7.25957 -0.0781039 -0.00401579 0.996937 5.4529
0.996698 -0.00769693 0.0808307 -236.969 0.00717419 0.999951 0.00675546 -7.39884 -0.0808788 -0.00615325 0.996705 5.60388
0.99661 -0.00885049 0.081792 -239.261 0.00836029 0.999945 0.00633382 -7.56701 -0.0818436 -0.00562853 0.996629 5.76715
0.99662 -0.0100237 0.0815333 -241.551 0.00936147 0.99992 0.00850071 -7.70478 -0.0816121 -0.0077087 0.996634 5.92394
0.996597 -0.0112084 0.0816593 -243.847 0.010389 0.999891 0.0104533 -7.85279 -0.0817677 -0.00956933 0.996606 6.07409
0.996354 -0.0120897 0.0844467 -246.119 0.0113579 0.999894 0.00914193 -8.00823 -0.0845483 -0.00814946 0.996386 6.27444
0.99613 -0.0124136 0.0870056 -248.37 0.0116402 0.999888 0.00939082 -8.17355 -0.0871125 -0.00834172 0.996164 6.49688
0.996069 -0.0129765 0.0876238 -250.602 0.0121824 0.99988 0.00959122 -8.33755 -0.0877378 -0.00848604 0.996107 6.68015
0.995974 -0.0126906 0.0887428 -252.858 0.0118328 0.999878 0.0101853 -8.49774 -0.0888613 -0.00909423 0.996002 6.88584
0.99613 -0.0114313 0.0871414 -255.098 0.0105318 0.999887 0.0107759 -8.65868 -0.0872547 -0.00981645 0.996138 7.05418
0.995988 -0.00557137 0.08931 -257.312 0.0046568 0.999935 0.0104456 -8.79106 -0.0893624 -0.00998774 0.995949 7.26082
0.995618 0.000826076 0.0935081 -259.5 -0.00193126 0.999929 0.0117292 -8.92495 -0.0934919 -0.0118584 0.995549 7.4381
0.995469 0.0063762 0.0948746 -261.736 -0.00757236 0.999896 0.012253 -9.05652 -0.0947867 -0.0129159 0.995414 7.62341
0.995428 0.00913585 0.0950735 -263.984 -0.0104114 0.999862 0.0129291 -9.17646 -0.0949424 -0.0138599 0.995386 7.8075
0.99532 0.0095021 0.0961613 -266.279 -0.0109727 0.999831 0.014776 -9.27809 -0.0960047 -0.015762 0.995256 7.97068
0.994997 0.00920057 0.0994747 -268.578 -0.0108799 0.999807 0.0163527 -9.377 -0.0993051 -0.0173532 0.994906 8.10902
0.994986 0.00815731 0.0996808 -270.916 -0.00991215 0.999804 0.0171219 -9.49624 -0.0995217 -0.0180241 0.994872 8.3303
0.995078 0.00694794 0.0988534 -273.322 -0.00856489 0.999836 0.015942 -9.61544 -0.0987265 -0.0167102 0.994974 8.55083
0.995037 0.00445211 0.099401 -275.764 -0.00641259 0.999791 0.019412 -9.74851 -0.0992939 -0.0199531 0.994858 8.74875
0.994737 0.00162553 0.102448 -278.235 -0.00382023 0.999768 0.02123 -9.87163 -0.102389 -0.0215096 0.994512 8.94758
0.994817 -0.000731487 0.101672 -280.694 -0.00141771 0.999777 0.0210648 -10.0223 -0.101664 -0.0210997 0.994595 9.16843
0.994903 -0.00347287 0.100769 -283.213 0.00155118 0.999816 0.0191422 -10.168 -0.100817 -0.0188884 0.994726 9.38747
0.994651 -0.00642561 0.103091 -285.735 0.00427069 0.999768 0.0211103 -10.3335 -0.103202 -0.0205571 0.994448 9.57959
0.994515 -0.00882514 0.104222 -288.298 0.00666458 0.999756 0.0210606 -10.4921 -0.104382 -0.0202504 0.994331 9.87185
0.994361 -0.0112758 0.105443 -290.863 0.00919135 0.999753 0.020234 -10.658 -0.105645 -0.0191508 0.994219 10.1153
0.9943 -0.0133252 0.105784 -293.435 0.0111405 0.999713 0.0212158 -10.8476 -0.106036 -0.0199164 0.994163 10.3544
0.994353 -0.0145329 0.105123 -296.025 0.0121946 0.999665 0.0228527 -11.0417 -0.10542 -0.0214417 0.994196 10.5651
0.994087 -0.0156036 0.107452 -298.615 0.0131002 0.999627 0.0239654 -11.2244 -0.107786 -0.0224161 0.993921 10.8103
0.993139 0.00243149 0.116911 -301.025 -0.00532676 0.999687 0.0244587 -11.6556 -0.116815 -0.0249137 0.992841 11.1183
