1 0 0 0 0 1 0 0 0 0 1 0
-0.444065 0.895994 -0.00078372 0.854849 -0.895621 -0.443905 -0.0284775 1.6886 -0.0258636 -0.0119439 0.999594 -0.0717623
-0.563897 -0.825647 -0.0180688 1.82741 0.825777 -0.563436 -0.0251252 0.103855 0.0105639 -0.0290888 0.999521 -0.233078
0.994835 -0.101212 -0.007748 0.623708 0.101019 0.994638 -0.0221324 -0.25678 0.00994652 0.0212354 0.999725 -0.409347
-0.409534 0.912199 -0.0132259 0.599906 -0.910557 -0.409606 -0.0557503 0.84554 -0.0562727 -0.0107887 0.998357 -0.377419
-0.614648 -0.788443 -0.0237586 1.46337 0.788801 -0.614379 -0.0182066 0.285602 -0.000241866 -0.0299315 0.999552 -0.607502
0.980278 -0.195726 -0.0273305 0.437996 0.195758 0.980651 -0.00153201 -0.39932 0.0271016 -0.00384838 0.999625 -0.861875
-0.311608 0.949074 -0.0464569 0.430112 -0.949567 -0.312824 -0.0215309 0.641812 -0.0349672 0.0374048 0.998688 -1.14794
-0.691263 -0.720997 -0.0481486 0.934894 0.721478 -0.69237 0.00967284 -0.065866 -0.0403108 -0.0280517 0.998793 -1.49396
0.960899 -0.274852 -0.0336172 0.550592 0.273946 0.961302 -0.029208 -0.104422 0.0403442 0.0188567 0.999008 -1.89586
-0.225827 0.971825 0.0675138 0.514205 -0.973767 -0.223205 -0.0442394 0.550787 -0.0279236 -0.0757332 0.996737 -2.3001
-0.783427 -0.62044 0.0359997 0.754783 0.619218 -0.784202 -0.0399559 -0.114229 0.0530213 -0.00901091 0.998553 -2.74874
0.924775 -0.369976 0.0889289 -0.0827094 0.375057 0.925708 -0.048952 -0.182925 -0.0642111 0.078623 0.994834 -2.95466
-0.0938568 0.990191 0.103497 0.172099 -0.993575 -0.0865568 -0.072909 0.433014 -0.0632355 -0.109676 0.991954 -3.32533
-0.88516 -0.464863 -0.0198644 0.374533 0.464794 -0.881453 -0.08371 0.0235651 0.0214042 -0.0833296 0.996292 -3.82151
0.797519 -0.603268 0.0056027 -0.142983 0.602889 0.796608 -0.0440516 -0.266558 0.0221117 0.0385098 0.999013 -4.39154
0.196366 0.980114 0.0285824 -1.03026 -0.974011 0.198333 -0.109386 0.469008 -0.11288 -0.00635989 0.993588 -4.69688
-0.982993 -0.183532 0.006401 0.0930845 0.18173 -0.977177 -0.109997 0.96536 0.026443 -0.106963 0.993911 -4.60796
0.47406 -0.879842 0.0338409 -0.514605 0.880137 0.472425 -0.0466248 0.350568 0.0250351 0.0518876 0.998339 -4.80824
0.70038 0.712512 0.0423677 -1.1315 -0.710235 0.701583 -0.0578595 0.820272 -0.07095 0.0104326 0.997425 -4.70523
-0.824972 0.563338 -0.0454999 -0.80949 -0.563379 -0.826093 -0.0131432 1.64452 -0.0449912 0.0147909 0.998878 -4.74545
-0.36232 -0.931118 -0.0417512 0.283021 0.931849 -0.362816 0.00471157 0.197378 -0.019535 -0.0371987 0.999117 -4.70005
0.987745 -0.15563 0.0117438 -0.67271 0.155222 0.987422 0.0300637 -0.347389 -0.0162749 -0.0278724 0.999479 -4.7813
-0.0962603 0.995356 0.000429937 -0.69327 -0.994399 -0.0961865 0.0438064 0.782488 0.0436443 0.00378926 0.99904 -4.86434
-0.949928 -0.311389 0.0259483 0.65589 0.312326 -0.948722 0.0487664 0.78964 0.00943246 0.0544289 0.998473 -4.99346
0.596922 -0.799106 0.0715043 0.344647 0.798731 0.600299 0.0408753 -0.420976 -0.0755877 0.0327133 0.996602 -4.68106
0.569252 0.817086 0.0912318 -1.01105 -0.821394 0.570005 0.0201354 -0.111819 -0.0355503 -0.0863994 0.995626 -4.38371
-0.95163 0.303457 0.0481115 -0.582365 -0.30334 -0.952831 0.00990715 1.18111 0.0488486 -0.00516621 0.998793 -4.39191
-0.036952 -0.995441 0.0879271 0.562172 0.998578 -0.033399 0.0415444 0.430686 -0.0384183 0.0893373 0.99526 -4.4012
0.961498 0.265216 0.0719907 -1.16484 -0.267343 0.96336 0.0215399 -0.505538 -0.0636403 -0.0399568 0.997173 -4.06582
-0.58947 0.805771 0.0570832 -1.21048 -0.806893 -0.590673 0.00540096 1.76839 0.0380695 -0.0428764 0.998355 -4.1882
-0.507214 -0.854123 0.114926 1.1269 0.861312 -0.506964 0.0335906 1.3372 0.0295729 0.116025 0.992806 -4.41748
0.979767 -0.117589 0.161952 0.282432 0.119542 0.992826 -0.0023385 -0.523246 -0.160515 0.0216513 0.986796 -4.17609
-0.243772 0.96378 0.108185 -1.34441 -0.96982 -0.24167 -0.0323312 1.40999 -0.00501504 -0.112802 0.993605 -3.73175
-0.809839 -0.571756 0.131359 1.56097 0.575881 -0.817495 -0.00789334 2.52506 0.111898 0.0692545 0.991303 -3.96368
0.847542 -0.519681 0.107726 1.08658 0.522349 0.852722 0.00400005 -0.748006 -0.0939391 0.0528803 0.994172 -3.70169
0.0885283 0.991033 0.100083 -1.90057 -0.995585 0.0911842 -0.0222717 1.15164 -0.031198 -0.0976695 0.99473 -3.13805
-0.941576 -0.327179 0.079926 0.623518 0.327849 -0.944717 -0.00496261 2.75001 0.0771311 0.021531 0.996788 -3.42704
0.663351 -0.745529 0.0644231 1.25631 0.744198 0.666269 0.0474805 -0.288358 -0.0783213 0.0164473 0.996792 -3.42656
0.438433 0.897559 0.0465151 -2.51365 -0.89872 0.43731 0.0325942 0.675383 0.00891376 -0.0560944 0.998386 -3.40329
-0.998075 0.0261922 0.0562143 -0.354573 -0.0237096 -0.998733 0.0443868 3.64356 0.0573056 0.0429685 0.997432 -3.76272
0.418193 -0.908315 0.00885059 1.5329 0.908336 0.418095 -0.0110601 0.66513 0.00634566 0.0126645 0.9999 -3.63965
0.638924 0.76921 -0.00957127 -2.0167 -0.768811 0.638064 -0.0424763 0.54455 -0.0265661 0.0344976 0.999052 -3.3991
-0.951402 0.307756 -0.010909 -0.952697 -0.30757 -0.951392 -0.0159494 3.9172 -0.0152873 -0.011819 0.999813 -3.10759
0.0876411 -0.996152 0.000670882 1.2221 0.996149 0.0876423 0.00231692 1.86631 -0.00236679 0.000465214 0.999997 -3.01041
0.899486 0.433203 -0.0570942 -1.83912 -0.435219 0.89986 -0.0289161 0.431234 0.0388503 0.0508581 0.99795 -2.73711
-0.692409 0.716695 -0.0831748 -2.15111 -0.713879 -0.69724 -0.0650595 3.66389 -0.104621 0.0143291 0.994409 -2.32118
-0.354756 -0.932814 -0.0632866 0.759029 0.931753 -0.347127 -0.106485 2.68142 0.077362 -0.0967436 0.992298 -2.1694
0.993283 0.0900164 -0.0727072 -1.20672 -0.0966385 0.990929 -0.0933825 0.643277 0.0636418 0.0997816 0.992972 -2.46506
-0.530147 0.834017 -0.152839 -1.8438 -0.83464 -0.545065 -0.0792421 3.14251 -0.149397 0.0855558 0.985069 -2.27782
-0.507035 -0.848174 -0.153348 1.32015 0.861032 -0.506528 -0.0453149 2.39064 -0.0392402 -0.155014 0.987133 -1.57854
0.980016 -0.167109 -0.107903 -0.796602 0.156305 0.98244 -0.101879 -0.112719 0.123033 0.0829771 0.988928 -1.83563
-0.158348 0.968248 -0.193444 -3.30412 -0.980649 -0.177062 -0.0835221 2.2258 -0.115122 0.176475 0.97755 -1.77168
-0.777811 -0.577636 -0.247683 -0.477982 0.569615 -0.814435 0.110606 3.15763 -0.265611 -0.0550536 0.962507 -1.2157
0.901154 -0.378896 -0.210614 -1.19818 0.413187 0.897717 0.152908 -0.142204 0.131136 -0.224817 0.965537 -0.875892
-0.130218 0.96243 -0.238266 -4.07446 -0.98507 -0.0982921 0.141332 2.40134 0.112602 0.253113 0.960862 -2.07827
-0.736345 -0.642385 -0.212455 -0.0773184 0.613357 -0.76631 0.191212 3.48656 -0.285638 0.0104867 0.95828 -1.49068
0.947001 -0.265329 -0.18108 -1.51873 0.291882 0.946132 0.140141 -0.255167 0.134142 -0.185568 0.973432 -1.30099
-0.296711 0.934158 -0.19827 -3.91305 -0.951973 -0.27291 0.138804 3.14377 0.0755552 0.229933 0.970269 -2.4299
-0.582058 -0.798908 -0.151506 0.546872 0.7884 -0.600078 0.135393 3.1944 -0.199082 -0.0406407 0.97914 -1.57125
0.982576 0.0721719 -0.171274 -2.02147 -0.0643752 0.996639 0.0506552 -0.175194 0.174355 -0.0387468 0.98392 -1.58871
-0.650629 0.741533 -0.16374 -3.35067 -0.758517 -0.644959 0.0931625 4.05638 -0.0365223 0.184814 0.982095 -1.77242
-0.130083 -0.977715 -0.164776 0.679111 0.983694 -0.14808 0.102067 2.17897 -0.124192 -0.148812 0.981036 -0.448939
0.842662 0.491063 -0.220858 -3.85884 -0.457578 0.86929 0.186965 -0.0279639 0.283801 -0.0564882 0.957218 -0.864715
-0.926872 0.363673 -0.0930024 -2.72524 -0.374621 -0.911883 0.167717 4.86206 -0.023813 0.190293 0.981438 -1.24718
0.331032 -0.930876 -0.154558 -0.289293 0.935221 0.301851 0.185058 0.981519 -0.125613 -0.205806 0.970497 0.504194
0.455615 0.86307 -0.218002 -5.44328 -0.836489 0.498861 0.226767 1.45193 0.304469 0.0790381 0.949237 -0.473502
-0.94054 -0.22726 -0.252462 -1.3917 0.17488 -0.961125 0.213671 5.08522 -0.291207 0.156816 0.94372 0.318409
0.760359 -0.583139 -0.286011 -1.53637 0.639264 0.749788 0.170761 0.509794 0.11487 -0.312676 0.942888 1.49466
-0.0516572 0.954301 -0.294348 -4.47512 -0.988774 -0.00749371 0.149232 3.75364 0.140206 0.298752 0.943975 0.241951
-0.583071 -0.740557 -0.33407 -0.815054 0.724678 -0.659972 0.198188 3.09103 -0.367247 -0.126536 0.921476 1.98184
0.940234 0.176917 -0.290964 -4.45756 -0.119684 0.971621 0.204029 0.935307 0.318803 -0.157011 0.934726 1.83824
-0.824563 0.460283 -0.328992 -3.09664 -0.541028 -0.811569 0.220552 4.70564 -0.165484 0.359853 0.918216 1.66055
0.30076 -0.893703 -0.332923 -1.83963 0.943467 0.227814 0.240772 1.32369 -0.139335 -0.386516 0.911697 3.2591
0.377447 0.859062 -0.345755 -5.04095 -0.850204 0.469451 0.238262 2.96541 0.366997 0.204031 0.907571 1.79047
-0.831299 -0.416396 -0.368178 -1.53024 0.320478 -0.900284 0.294588 4.05279 -0.454131 0.126898 0.881852 3.04051
0.909329 -0.239096 -0.340521 -3.71741 0.351597 0.87918 0.321591 0.759168 0.222488 -0.412158 0.88353 3.32791
-0.407641 0.834542 -0.370632 -4.67385 -0.906693 -0.321767 0.272715 4.78414 0.108335 0.44722 0.887839 1.57531
-0.513959 -0.785784 -0.344078 -0.813388 0.73012 -0.611277 0.305394 3.90321 -0.450301 -0.0942585 0.887888 3.03728
0.943623 -0.0301656 -0.329644 -3.89645 0.11823 0.960867 0.25051 1.37213 0.309187 -0.275361 0.910263 2.34813
-0.444162 0.791346 -0.42011 -4.27853 -0.895791 -0.383508 0.224677 5.34063 0.0166819 0.476124 0.87922 0.982525
-0.349465 -0.862339 -0.366395 -1.1549 0.846689 -0.458115 0.270643 3.30801 -0.401237 -0.215642 0.890229 3.03445
0.869678 0.338297 -0.359466 -5.23053 -0.260193 0.933013 0.248566 2.03651 0.419476 -0.122642 0.899444 1.76331
-0.788203 0.440147 -0.430123 -3.10575 -0.581516 -0.761437 0.286449 5.77796 -0.201431 0.475904 0.85612 1.49797
0.202551 -0.869907 -0.449706 -2.69769 0.947519 0.0581028 0.314375 2.23696 -0.247348 -0.489782 0.836022 3.0168
0.488585 0.782822 -0.385324 -5.66937 -0.653489 0.620939 0.432881 3.73393 0.578131 0.0403062 0.814948 1.03496
-0.875557 -0.208468 -0.435822 -1.38622 0.0245362 -0.920133 0.390836 5.13811 -0.482491 0.331506 0.810744 2.31744
0.783177 -0.511277 -0.353878 -3.91967 0.620797 0.675226 0.398347 0.261283 0.0352819 -0.531663 0.846221 3.48671
-0.0728953 0.906642 -0.415555 -6.42904 -0.934039 0.0840153 0.347147 5.06232 0.349651 0.41345 0.840716 0.403833
-0.712908 -0.612773 -0.340985 -0.613518 0.481887 -0.781334 0.396612 4.4665 -0.509457 0.118431 0.852308 2.92004
0.862604 -0.302023 -0.405828 -4.97005 0.450328 0.823931 0.344009 -0.399187 0.230476 -0.479499 0.846736 3.14068
-0.0918417 0.93454 -0.343802 -6.85628 -0.931283 0.0416201 0.361912 4.87956 0.35253 0.353415 0.866499 -0.112292
-0.708788 -0.616371 -0.343083 -0.610678 0.512061 -0.784072 0.350748 4.19742 -0.485193 0.0729262 0.871361 2.74328
0.875141 -0.26932 -0.401988 -5.38442 0.411357 0.851555 0.325021 -0.785278 0.25478 -0.4498 0.856018 2.46426
-0.152218 0.918693 -0.364461 -7.19148 -0.955123 -0.0419259 0.293227 4.73722 0.254105 0.39274 0.883847 -0.23813
-0.743444 -0.494644 -0.450132 -1.30752 0.409499 -0.868801 0.27838 5.36651 -0.528774 0.0226315 0.848461 2.70389
0.832989 -0.423743 -0.355768 -4.72608 0.53432 0.783011 0.318428 -0.309783 0.143639 -0.455341 0.878654 3.45592
0.0501082 0.86858 -0.49301 -8.03655 -0.943691 0.202802 0.261379 3.94483 0.327012 0.452152 0.829833 0.277869
-0.798203 -0.330265 -0.503783 -2.73997 0.17121 -0.926199 0.335921 6.43409 -0.577546 0.18188 0.795839 2.77527
0.652227 -0.606462 -0.454757 -4.10897 0.7478 0.612978 0.255053 0.340106 0.124076 -0.50642 0.853314 3.89025
0.166287 0.923943 -0.344497 -8.45248 -0.934534 0.259138 0.243914 3.73294 0.314635 0.281385 0.906547 1.48405
-0.802075 -0.407737 -0.436377 -3.2012 0.350917 -0.912996 0.208077 5.50246 -0.483252 0.0137608 0.875373 3.64109
0.816471 -0.391811 -0.424097 -5.70656 0.504476 0.841372 0.193897 -0.409822 0.280853 -0.372258 0.884616 3.69162
-0.218131 0.863554 -0.454636 -8.30962 -0.975907 -0.190715 0.105982 5.14818 0.00481582 0.466801 0.88435 1.84021
-0.486368 -0.721822 -0.492361 -2.53872 0.79954 -0.594935 0.082391 3.65329 -0.352394 -0.35359 0.866483 5.23456
0.908106 0.0837332 -0.410282 -7.67544 -0.0412677 0.992929 0.111303 -0.408832 0.416701 -0.0841434 0.905141 3.189
-0.5708 0.683959 -0.454298 -7.66178 -0.782062 -0.621422 0.0470468 6.34517 -0.250133 0.382144 0.889606 2.58029
-0.158365 -0.861377 -0.482648 -3.06725 0.974084 -0.216246 0.0663173 2.60699 -0.161495 -0.459637 0.8733 5.25129
0.744465 0.475283 -0.468911 -9.97223 -0.493268 0.864842 0.0934592 0.891891 0.449954 0.161722 0.878287 1.71287
-0.845742 0.220745 -0.485789 -5.99359 -0.271839 -0.961658 0.0362804 8.1344 -0.459155 0.162741 0.873323 3.21959
0.490997 -0.657396 -0.571622 -4.85635 0.814779 0.578759 0.0342524 -0.292025 0.308314 -0.482564 0.819802 3.78955
-0.0666292 0.857753 -0.509725 -10.05 -0.995585 -0.023304 0.0909232 6.17983 0.0661111 0.513533 0.85552 -0.222456
-0.499157 -0.667305 -0.552762 -2.69412 0.754375 -0.64852 0.101687 5.61224 -0.426334 -0.366232 0.827112 4.44791
0.845153 0.163869 -0.508785 -8.22921 -0.096829 0.983036 0.155771 0.208028 0.525681 -0.0823851 0.846684 1.62809
-0.695904 0.548121 -0.463984 -7.6771 -0.652106 -0.752934 0.0885889 7.98059 -0.300792 0.364216 0.881403 1.06208
0.00643393 -0.821428 -0.570276 -2.97896 0.996902 -0.0394373 0.0680524 2.60103 -0.0783903 -0.568948 0.818629 4.54362
0.636574 0.52933 -0.560877 -9.64026 -0.570304 0.812668 0.119684 1.37083 0.519159 0.243683 0.819202 -0.137071
-0.814984 0.155615 -0.558197 -5.06891 -0.296604 -0.939544 0.171124 8.65116 -0.497822 0.305027 0.81187 1.02349
0.341864 -0.779882 -0.524321 -3.1234 0.936839 0.326707 0.124881 1.44998 0.073907 -0.533897 0.842314 3.42803
0.515825 0.711936 -0.476519 -9.94271 -0.768028 0.630731 0.110954 2.97461 0.379548 0.308748 0.872135 -0.295248
-0.839594 0.111116 -0.531728 -4.92551 -0.192749 -0.976101 0.100371 9.56306 -0.507868 0.186761 0.840947 2.23929
0.316596 -0.801934 -0.506625 -3.01341 0.9483 0.280094 0.149243 1.02752 0.0222197 -0.527682 0.849152 4.8328
0.573668 0.666732 -0.475788 -10.4767 -0.705898 0.69707 0.125702 2.86491 0.415467 0.263746 0.870532 0.249969
-0.836219 0.197026 -0.511779 -5.26872 -0.277462 -0.956974 0.0849393 9.5541 -0.473025 0.213027 0.854908 2.62413
0.154535 -0.845907 -0.510451 -2.25893 0.987457 0.115323 0.107834 1.9643 -0.0323508 -0.520713 0.853119 5.1092
0.716334 0.494716 -0.492059 -9.55673 -0.528553 0.845103 0.0802049 1.78292 0.455519 0.202625 0.86686 0.639704
