1 0 0 0 0 1 0 0 0 0 1 0
1 -0.000496904 -0.000717513 -2.60159 0.000494979 0.999996 -0.0026804 -0.152156 0.000718842 0.00268005 0.999996 -0.0721473
0.999999 -0.00139073 -0.00100312 -5.2142 0.0013921 0.999998 0.00136071 -0.29401 0.00100123 -0.0013621 0.999999 -0.132488
0.999998 -0.00198576 6.23121e-06 -7.82582 0.0019857 0.999985 0.00504367 -0.428764 -1.62466e-05 -0.00504364 0.999987 -0.172697
0.999976 -0.00324221 0.00618592 -10.4242 0.00321192 0.999983 0.00490007 -0.586171 -0.0062017 -0.00488008 0.999969 -0.224451
0.999982 -0.00412057 0.00440315 -13.0322 0.00410371 0.999984 0.00383101 -0.773283 -0.00441886 -0.00381287 0.999983 -0.278813
0.999982 -0.00460259 0.00379101 -15.6611 0.00458355 0.999977 0.00501566 -0.935245 -0.00381401 -0.00499819 0.99998 -0.301882
0.999961 -0.00533038 0.00697358 -18.2845 0.00527601 0.999956 0.00779164 -1.11102 -0.0070148 -0.00775454 0.999945 -0.375389
0.999962 -0.00455982 0.0073679 -20.8928 0.00453689 0.999985 0.00312575 -1.26475 -0.00738204 -0.00309221 0.999968 -0.39603
0.999985 -0.00449581 0.00312755 -23.5117 0.00449433 0.99999 0.000479382 -1.44584 -0.00312967 -0.000465319 0.999995 -0.442519
0.999985 -0.00417069 0.00367253 -26.1508 0.00418294 0.999986 -0.00333371 -1.61356 -0.00365858 0.00334902 0.999988 -0.49089
0.999992 -0.00397375 0.000949108 -28.7832 0.00398542 0.999912 -0.0126304 -1.79362 -0.000898834 0.0126341 0.99992 -0.550926
0.999954 -0.00355062 0.00894513 -31.3962 0.00361281 0.999969 -0.00694577 -1.92864 -0.00892019 0.00697776 0.999936 -0.618449
0.999971 -0.00482509 0.0058958 -34.0505 0.00481985 0.999988 0.000902703 -2.09219 -0.00590008 -0.000874262 0.999982 -0.659054
0.99999 -0.00414973 0.00138159 -36.6975 0.00414546 0.999987 0.0030745 -2.25371 -0.00139433 -0.00306875 0.999994 -0.71345
0.999972 -0.00453489 0.0058952 -39.3437 0.00451356 0.999983 0.00362699 -2.41928 -0.00591155 -0.00360028 0.999976 -0.784493
0.999923 -0.00509041 0.01131 -41.9995 0.00509237 0.999987 -0.00014466 -2.59139 -0.0113091 0.000202241 0.999936 -0.817378
0.999967 -0.00569627 0.00586698 -44.6558 0.00572384 0.999973 -0.0046936 -2.76475 -0.00584008 0.00472703 0.999972 -0.855775
0.999975 -0.00680458 0.00182389 -47.3199 0.00680885 0.999974 -0.00234316 -2.93244 -0.0018079 0.00235552 0.999996 -0.929654
0.999937 -0.00859892 0.0072698 -49.9593 0.00859483 0.999963 0.000593322 -3.09143 -0.00727464 -0.000530805 0.999973 -1.00094
0.999919 -0.0101854 0.00757682 -52.62 0.0102041 0.999945 -0.00244352 -3.28365 -0.00755152 0.00252063 0.999968 -1.03193
0.99993 -0.0109687 0.00453359 -55.293 0.0109984 0.999918 -0.00657847 -3.47049 -0.00446106 0.00662786 0.999968 -1.05832
0.999924 -0.0121055 0.00247476 -57.9564 0.0121268 0.999888 -0.00880114 -3.65925 -0.00236794 0.00883048 0.999958 -1.12318
0.999916 -0.0127836 0.00196693 -60.6286 0.0128057 0.99985 -0.0116741 -3.86008 -0.00181739 0.0116984 0.99993 -1.19107
0.999913 -0.0132081 -0.000815615 -63.2969 0.0131995 0.999865 -0.00983346 -4.04793 0.000945386 0.00982183 0.999951 -1.24301
0.999887 -0.0143321 -0.00465612 -65.9774 0.0142993 0.999873 -0.00699433 -4.23579 0.00475577 0.00692696 0.999965 -1.3207
0.999865 -0.0154031 -0.00577 -68.6625 0.0153967 0.999881 -0.00115135 -4.43115 0.00578705 0.00106235 0.999983 -1.3983
0.999859 -0.0167206 -0.00190584 -71.3304 0.0167215 0.99986 0.000475386 -4.61295 0.00189763 -0.00050719 0.999998 -1.47926
0.999777 -0.0183208 -0.0105207 -74.046 0.0182777 0.999824 -0.00417669 -4.82081 0.0105954 0.00398346 0.999936 -1.54675
0.999731 -0.0192521 -0.0129292 -76.7448 0.0191535 0.999787 -0.00770444 -5.03817 0.0130748 0.00745473 0.999887 -1.65328
0.999679 -0.0197258 -0.0159153 -79.4559 0.0196659 0.999799 -0.00391176 -5.25473 0.0159893 0.00359751 0.999866 -1.74537
0.999634 -0.0196679 -0.0185783 -82.1771 0.0196309 0.999805 -0.00217057 -5.43926 0.0186174 0.00180506 0.999825 -1.8245
0.999614 -0.0193933 -0.0198898 -84.9067 0.0193501 0.99981 -0.00236088 -5.6441 0.0199318 0.0019751 0.9998 -1.93809
0.999512 -0.01871 -0.0250084 -87.6155 0.0185782 0.999812 -0.00549491 -5.85543 0.0251066 0.00502762 0.999672 -2.05549
0.999475 -0.0178478 -0.0270481 -90.332 0.0176723 0.999821 -0.00671073 -6.06845 0.027163 0.0062292 0.999612 -2.21586
0.999456 -0.0180063 -0.0276518 -93.06 0.0177164 0.999786 -0.0106911 -6.26409 0.0278383 0.0101954 0.999561 -2.33767
0.99932 -0.0171534 -0.0326337 -95.7867 0.0168174 0.999803 -0.0105413 -6.46644 0.0328081 0.00998529 0.999412 -2.48717
0.999137 -0.0168512 -0.0379647 -98.5146 0.0165281 0.999825 -0.00880777 -6.67696 0.0381064 0.00817268 0.99924 -2.67885
0.999255 -0.0157344 -0.0352397 -101.237 0.0155366 0.999862 -0.00588005 -6.88157 0.0353274 0.00532816 0.999362 -2.84509
0.998865 -0.0156081 -0.0450065 -104.001 0.0154339 0.999872 -0.00421436 -7.06456 0.0450665 0.00351494 0.998978 -3.03304
0.998722 -0.0166336 -0.0477247 -106.773 0.0164407 0.999855 -0.00443093 -7.29538 0.0477915 0.00364064 0.998851 -3.19978
0.408634 0.910029 0.0697569 -107.127 0.905492 -0.413807 0.0940675 -9.72456 0.11447 0.0247252 -0.993119 -3.32694
0.994778 -0.067193 0.076827 -109.605 0.0697212 0.997094 -0.0307093 -9.74942 -0.0745403 0.0359054 0.996572 -2.21261
0.435019 0.900054 -0.0257318 -111.016 0.89925 -0.432817 0.0633982 -12.3142 0.0459246 -0.0507187 -0.997657 -3.62098
0.997859 -0.0596279 0.0268888 -113.696 0.0593817 0.998187 0.00986789 -12.6301 -0.0274284 -0.00825005 0.99959 -2.81182
0.355867 0.934534 0.00211846 -114.889 0.93453 -0.355872 0.00291786 -15.0431 0.00348074 0.000941396 -0.999994 -3.72514
0.995485 -0.0927012 0.0204011 -117.443 0.0932654 0.995228 -0.0286936 -15.8028 -0.0176438 0.0304668 0.99938 -2.93696
-0.911896 -0.407863 -0.0457633 -115.681 -0.410141 0.909716 0.0648201 -15.0547 0.0151939 0.0778786 -0.996847 -3.46091
0.998141 -0.0609435 0.00132653 -117.33 0.0609457 0.997264 -0.0418502 -14.6396 0.00122761 0.0418532 0.999123 -3.1038
-0.975737 -0.213691 -0.0476885 -115.158 -0.217678 0.970214 0.106308 -13.4131 0.023551 0.114109 -0.993189 -3.73214
0.995136 -0.0930364 0.0323878 -117.275 0.0938178 0.995312 -0.0235008 -13.739 -0.0300495 0.026425 0.999199 -3.35329
-0.995951 -0.0821321 -0.0365521 -114.719 -0.0863138 0.9873 0.13338 -13.5373 0.0251331 0.135994 -0.990391 -3.99676
0.999267 0.03051 0.0231119 -116.412 -0.0304937 0.999535 -0.00105636 -13.6229 -0.0231333 0.000350816 0.999732 -3.21248
-0.996458 -0.0772184 -0.033316 -115.342 -0.0814442 0.984802 0.153404 -13.554 0.020964 0.155573 -0.987602 -3.8419
0.99781 -0.0306833 0.058596 -116.488 0.0312687 0.99947 -0.00909932 -13.7208 -0.0582857 0.0109116 0.99824 -3.1159
-0.998872 -0.014218 -0.0453173 -115.628 -0.0163842 0.998723 0.0477917 -13.7994 0.0445799 0.0484802 -0.997829 -3.68007
0.998887 0.0106031 0.045965 -116.478 -0.012408 0.999156 0.0391638 -13.8658 -0.0455109 -0.0396906 0.998175 -3.3512
-0.996914 -0.0593656 -0.0513616 -115.558 -0.0649042 0.991369 0.113911 -13.8549 0.0441558 0.116893 -0.992163 -3.46327
0.997186 0.031039 -0.0682411 -116.327 -0.0295996 0.99932 0.0220044 -13.9019 0.0688777 -0.0199226 0.997426 -3.46709
-0.994468 -0.0977975 0.0383181 -115.477 -0.093527 0.990509 0.100728 -13.9126 -0.0478053 0.0965868 -0.994176 -3.3934
0.998624 0.028891 -0.0437584 -116.587 -0.027626 0.999191 0.0292414 -13.9623 0.0445678 -0.0279923 0.998614 -3.43058
-0.982997 -0.179097 0.0405169 -115.562 -0.177944 0.983568 0.0305015 -13.7808 -0.0453139 0.0227732 -0.998713 -3.77668
0.992583 -0.0535966 -0.10912 -116.904 0.052527 0.99854 -0.0126556 -13.3171 0.109639 0.00682998 0.993948 -3.41296
-0.968078 -0.200719 0.150119 -115.737 -0.199282 0.979631 0.0247134 -12.3975 -0.152022 -0.00599155 -0.988359 -3.60832
0.99009 -0.0425643 -0.133831 -116.814 0.0493571 0.997634 0.0478535 -12.4577 0.131478 -0.0539848 0.989848 -3.28148
-0.985419 -0.124797 0.115651 -115.274 -0.12206 0.992055 0.0304788 -12.347 -0.118536 0.015918 -0.992822 -3.49502
0.991305 -0.0330338 -0.127367 -116.873 0.0316357 0.999415 -0.012985 -12.554 0.127722 0.00884273 0.991771 -3.34075
-0.982517 -0.118539 0.143557 -115.811 -0.113903 0.992682 0.0401246 -12.4045 -0.147263 0.0230716 -0.988828 -3.57571
0.983792 0.0486463 -0.172589 -116.894 -0.0571155 0.997378 -0.0444471 -12.3463 0.169974 0.0535842 0.983991 -3.3654
-0.967429 -0.20158 0.153121 -115.901 -0.197758 0.979436 0.0399561 -12.2147 -0.158027 0.00837375 -0.9874 -3.66994
0.985498 0.0699028 -0.154623 -116.875 -0.0786212 0.995599 -0.0510001 -12.3415 0.150377 0.0624171 0.986657 -3.35936
-0.976833 -0.140776 0.161182 -115.771 -0.142652 0.989773 -6.65093e-05 -12.113 -0.159525 -0.0230579 -0.986925 -3.7706
0.957052 0.105804 -0.269919 -117.177 -0.118613 0.99244 -0.0315472 -11.6288 0.264541 0.0622083 0.962366 -3.47865
-0.959089 -0.110019 0.260851 -115.43 -0.109085 0.993868 0.0181044 -11.3736 -0.261243 -0.0110911 -0.965209 -3.76919
0.966118 0.068155 -0.248941 -117.334 -0.0782738 0.996451 -0.0309653 -11.3104 0.245947 0.0494017 0.968024 -3.48541
-0.973768 -0.0588328 0.219804 -115.751 -0.0702239 0.996544 -0.0443686 -11.073 -0.216434 -0.0586402 -0.974535 -3.85802
0.969551 0.116838 -0.215219 -117.381 -0.104022 0.99211 0.0699814 -10.928 0.221698 -0.045463 0.974055 -3.45954
-0.969869 0.00893713 0.243464 -115.328 -0.00447501 0.998505 -0.0544804 -11.0397 -0.243587 -0.0539283 -0.968379 -3.53716
0.957201 0.11534 -0.265447 -117.386 -0.110759 0.993325 0.0322172 -10.9554 0.267391 -0.00143777 0.963587 -3.494
-0.967109 0.015807 0.253872 -115.472 -0.00889032 0.995357 -0.0958418 -11.0472 -0.254208 -0.0949464 -0.962478 -3.22972
0.960789 0.129073 -0.245407 -117.705 -0.113275 0.990537 0.0774999 -10.8089 0.253088 -0.0466627 0.966318 -3.60673
-0.966255 -0.103269 0.235982 -114.999 -0.126076 0.988487 -0.0836592 -10.6783 -0.224626 -0.110588 -0.96815 -3.2068
0.980498 0.0022715 -0.196517 -117.38 -0.00713041 0.999686 -0.0240208 -11.1351 0.196401 0.0249536 0.980206 -3.76083
-0.975962 -0.120933 0.181312 -114.731 -0.129696 0.990855 -0.0372354 -11.4403 -0.175151 -0.0598558 -0.982721 -3.09458
0.983723 0.0666854 -0.166858 -117.391 -0.0645095 0.997747 0.0184332 -11.6187 0.167711 -0.0073693 0.985809 -3.80412
-0.983136 -0.032556 0.179953 -114.835 -0.0315614 0.999467 0.00838777 -11.8267 -0.18013 0.00256673 -0.98364 -2.66614
0.984572 0.032681 -0.1719 -117.386 -0.0204998 0.997182 0.0721669 -11.7347 0.173774 -0.0675296 0.982468 -3.78092
-0.993672 -0.0190328 0.110697 -114.723 -0.0167135 0.999622 0.0218421 -11.8755 -0.111071 0.0198538 -0.993614 -2.47597
0.994738 0.0643949 -0.0796886 -117.562 -0.0596079 0.996353 0.0610607 -11.7684 0.08333 -0.0559893 0.994948 -3.85528
-0.992639 -0.0841264 0.08713 -115.141 -0.0767188 0.993411 0.085138 -11.652 -0.0937184 0.0778268 -0.992553 -2.64241
0.990631 0.0796716 -0.110922 -117.711 -0.0831293 0.996176 -0.0268969 -11.3568 0.108354 0.0358658 0.993465 -4.08501
-0.995449 -0.02791 0.0911153 -115.049 -0.0217427 0.997449 0.0679907 -11.4739 -0.0927805 0.0657002 -0.993517 -2.59552
0.893167 0.445225 -0.063455 -117.217 -0.449007 0.890787 -0.069944 -10.4502 0.0253841 0.0909635 0.995531 -3.31004
-0.997862 -0.0329225 0.0564584 -114.415 -0.0272299 0.994736 0.0987882 -10.4809 -0.0594137 0.0970397 -0.993506 -2.43928
0.909592 0.414088 -0.0342558 -117.082 -0.414246 0.910161 0.00270385 -9.2627 0.032298 0.011731 0.99941 -3.4358
-0.998673 0.0245161 0.0452973 -113.422 0.0253168 0.999532 0.0171874 -9.64156 -0.0448548 0.0183114 -0.998826 -2.85651
0.927159 0.373027 -0.0350451 -117.372 -0.373055 0.92779 0.00596344 -8.45959 0.0347391 0.00754474 0.999368 -3.2182
-0.997553 -0.00761811 0.0695032 -113.268 -0.00710631 0.999946 0.00760757 -8.58895 -0.0695575 0.00709505 -0.997553 -2.58212
0.878982 0.469811 -0.0816585 -116.476 -0.469084 0.882675 0.0290655 -7.21469 0.0857333 0.0127567 0.996237 -2.65286
-0.996153 -0.0271195 0.0833326 -113.234 -0.020335 0.99649 0.0812115 -7.54272 -0.0852426 0.0792045 -0.993207 -2.52667
0.92604 0.375793 -0.0350644 -116.008 -0.37735 0.923706 -0.0661401 -6.65639 0.00753426 0.07448 0.997194 -2.85886
-0.969263 0.244663 -0.0258759 -111.216 0.24508 0.969398 -0.0143191 -8.21369 0.0215806 -0.0202206 -0.999563 -2.46291
0.407658 0.911118 0.0606531 -113.76 -0.864666 0.363814 0.346401 -4.21509 0.293546 -0.193658 0.936124 -4.49118
-0.357058 0.912979 -0.197429 -111.839 0.730168 0.140987 -0.668565 -8.07663 -0.582551 -0.382873 -0.716968 -0.997262
0.888933 0.456296 0.0399155 -116.12 -0.365211 0.653488 0.663004 -6.11466 0.276442 -0.603943 0.747551 -2.38699
-0.26691 0.96216 -0.0548434 -113.796 0.70394 0.155779 -0.692966 -9.55703 -0.658201 -0.223566 -0.718882 0.682257
0.886358 0.463 -0.000644792 -117.059 -0.338422 0.648818 0.681547 -6.75688 0.315975 -0.603877 0.731774 -1.51207
-0.254193 0.966805 0.0259862 -113.903 0.650251 0.190731 -0.735389 -9.83365 -0.715933 -0.170033 -0.677148 2.12892
0.878495 0.476182 -0.0387082 -117.519 -0.281819 0.581931 0.762847 -7.4631 0.385779 -0.659248 0.64542 -1.55044
-0.353857 0.930141 0.0981009 -114.308 0.62661 0.313629 -0.713441 -10.3754 -0.694367 -0.190985 -0.693815 2.56607
0.88363 0.466147 -0.0436504 -118.918 -0.244326 0.53865 0.806326 -8.69562 0.399379 -0.701829 0.589859 -0.921037
-0.348166 0.904097 0.24777 -115.789 0.448541 0.392753 -0.802843 -10.5365 -0.82316 -0.168387 -0.542268 3.9764
0.871737 0.470412 -0.137065 -119.932 -0.120371 0.476776 0.870745 -9.40617 0.474958 -0.742562 0.472247 -0.287111
