1 0 0 0 0 1 0 0 0 0 1 0
0.99999 -0.000121047 0.00447465 -2.33723 0.000122198 1 -0.000256831 -0.122954 -0.00447462 0.000257375 0.99999 -0.0196374
0.999996 -0.0006658 0.00272741 -4.66619 0.000665249 1 0.000203099 -0.237758 -0.00272755 -0.000201284 0.999996 -0.0354502
0.999996 -0.000654017 0.00289362 -6.97043 0.000651708 0.999999 0.000798552 -0.352335 -0.00289414 -0.000796662 0.999995 -0.0862606
0.999946 -0.000736195 0.0103631 -9.23384 0.000721198 0.999999 0.00145076 -0.474189 -0.0103642 -0.0014432 0.999945 -0.0827133
0.999986 -0.000631644 0.00525803 -11.478 0.000627581 0.999999 0.000774322 -0.589641 -0.00525851 -0.000771012 0.999986 -0.087725
0.999992 -0.00164174 0.00369564 -13.7126 0.00163869 0.999998 0.000828668 -0.721523 -0.00369699 -0.000822605 0.999993 -0.106224
0.999979 -0.00327234 0.00557436 -15.9157 0.00326003 0.999992 0.00221565 -0.854433 -0.00558156 -0.00219743 0.999982 -0.147076
0.99997 -0.0042692 0.00643479 -18.0827 0.00425273 0.999988 0.00257068 -0.96759 -0.00644569 -0.00254324 0.999976 -0.165274
0.99997 -0.00489522 0.00598374 -20.252 0.00490527 0.999986 -0.00166476 -1.08709 -0.00597551 0.00169406 0.999981 -0.193155
0.999958 -0.00535727 0.00736191 -22.3913 0.00536041 0.999985 -0.000406353 -1.20889 -0.00735963 0.000445799 0.999973 -0.22703
0.999958 -0.00456684 0.00795196 -24.5459 0.00456347 0.999989 0.000442186 -1.35305 -0.00795389 -0.000405879 0.999968 -0.227928
0.999849 0.00685465 0.0159391 -26.3631 -0.00690168 0.999972 0.00289803 -1.43409 -0.0159188 -0.0030076 0.999869 -0.27256
0.99981 0.00816764 0.0176681 -28.4842 -0.00825104 0.999955 0.00465216 -1.53589 -0.0176293 -0.00479706 0.999833 -0.295011
0.999769 0.00952031 0.0192421 -30.5911 -0.00962503 0.999939 0.00535735 -1.63153 -0.0191899 -0.00554132 0.9998 -0.327827
0.999695 0.0101275 0.0225048 -32.6896 -0.0102773 0.999926 0.00655176 -1.72169 -0.0224368 -0.00678105 0.999725 -0.339248
0.999708 0.0102185 0.0218908 -34.7925 -0.0104011 0.999912 0.00824288 -1.81121 -0.0218046 -0.00846816 0.999726 -0.400988
0.999659 0.0101674 0.0240395 -36.883 -0.010399 0.999901 0.00952973 -1.91204 -0.0239402 -0.00977647 0.999665 -0.376947
0.999625 0.0105413 0.0252857 -39.001 -0.0108239 0.99988 0.0110672 -2.00241 -0.025166 -0.0113367 0.999619 -0.368231
0.999603 0.0106909 0.0260588 -41.1373 -0.011018 0.999862 0.0124428 -2.06662 -0.0259222 -0.012725 0.999583 -0.363934
0.99959 0.0112348 0.0263526 -43.2421 -0.0115994 0.999839 0.0137237 -2.17884 -0.0261941 -0.0140238 0.999558 -0.350553
0.999513 0.0112883 0.0290852 -45.3753 -0.0117523 0.999806 0.0158329 -2.26197 -0.0289009 -0.016167 0.999451 -0.350595
0.999491 0.0114825 0.0297654 -47.5408 -0.0120172 0.999768 0.017845 -2.33339 -0.0295536 -0.0181936 0.999397 -0.354982
0.999497 0.0104072 0.0299594 -49.6932 -0.0109956 0.999749 0.0195441 -2.41966 -0.0297485 -0.0198637 0.99936 -0.356909
0.999483 0.0105234 0.0303773 -51.8784 -0.0111805 0.999705 0.0215428 -2.5039 -0.0301416 -0.0218713 0.999306 -0.383342
0.999363 0.0107499 0.0340146 -54.0578 -0.0115823 0.999636 0.0243694 -2.62476 -0.0337402 -0.0247478 0.999124 -0.404272
0.999349 0.0108225 0.0344233 -56.2724 -0.011582 0.999692 0.0219416 -2.7011 -0.0341752 -0.022326 0.999166 -0.338047
0.999297 0.0107865 0.0359069 -58.4854 -0.0116239 0.999663 0.0231956 -2.79512 -0.0356446 -0.0235966 0.999086 -0.318696
0.999258 0.00985204 0.0372208 -60.7172 -0.0108111 0.999612 0.0256541 -2.91938 -0.0369537 -0.0260375 0.998978 -0.316295
0.999255 0.0091061 0.0374962 -62.9709 -0.0102499 0.999484 0.0304258 -3.02369 -0.0371998 -0.0307875 0.998833 -0.371607
0.999199 0.00821177 0.0391588 -65.2354 -0.00948149 0.999432 0.0323502 -3.08617 -0.0388708 -0.0326956 0.998709 -0.324874
0.999223 0.00772149 0.038659 -67.4735 -0.00891466 0.999486 0.0307872 -3.19054 -0.0384015 -0.0311079 0.998778 -0.248599
0.999203 0.00801608 0.0391122 -69.7587 -0.0093085 0.999413 0.0329744 -3.2879 -0.038825 -0.0333121 0.99869 -0.221548
0.99908 0.00985721 0.041742 -72.0317 -0.0113274 0.999318 0.0351328 -3.38421 -0.0413673 -0.0355733 0.99851 -0.197533
0.998923 0.0113167 0.0449969 -74.3656 -0.012988 0.99923 0.0370255 -3.46964 -0.0445433 -0.0375701 0.998301 -0.152551
0.998899 0.012574 0.0451862 -76.7242 -0.0143129 0.999161 0.0383678 -3.55435 -0.0446659 -0.0389723 0.998241 -0.0978834
0.998836 0.0132402 0.0463703 -79.1231 -0.0150818 0.999102 0.0395925 -3.62262 -0.0458045 -0.0402458 0.998139 -0.0387545
0.998799 0.0129537 0.0472551 -81.5817 -0.0149346 0.999014 0.041811 -3.70624 -0.0466669 -0.0424665 0.998007 0.0172107
0.998836 0.0131969 0.0463971 -84.0157 -0.015205 0.998951 0.0431985 -3.78728 -0.0457783 -0.0438537 0.997989 0.0450415
0.998732 0.0140812 0.0483326 -86.5024 -0.0163025 0.998814 0.0458765 -3.90412 -0.0476293 -0.0466063 0.997777 0.071298
0.998694 0.0150825 0.0488077 -89.0375 -0.0174259 0.998698 0.0479483 -3.98021 -0.0480209 -0.0487362 0.997657 0.135033
0.998665 0.0160985 0.0490707 -91.5978 -0.0185358 0.998596 0.0496256 -4.07446 -0.0482029 -0.0504689 0.997562 0.196292
0.998657 0.0164852 0.0491199 -94.1949 -0.0190062 0.998502 0.0513055 -4.14746 -0.0482006 -0.0521702 0.997474 0.276563
0.998567 0.0177617 0.0504753 -96.7987 -0.0204325 0.998391 0.0528995 -4.22692 -0.0494545 -0.053855 0.997323 0.321792
0.998652 0.0194547 0.0481123 -99.4496 -0.02212 0.998213 0.0555011 -4.30918 -0.0469466 -0.0564906 0.997299 0.401196
0.998622 0.0192843 0.0488012 -102.085 -0.0221095 0.99807 0.058029 -4.38377 -0.047588 -0.059028 0.997121 0.49043
0.998696 0.0168099 0.0481964 -104.74 -0.0199817 0.997613 0.0661009 -4.46001 -0.0469702 -0.0669778 0.996648 0.585208
0.998881 0.0141715 0.0451082 -107.452 -0.0171644 0.997627 0.0666679 -4.58146 -0.0440564 -0.0673675 0.996755 0.642055
0.998647 0.0120873 0.0505759 -110.123 -0.0152444 0.997928 0.0625095 -4.68973 -0.0497155 -0.063196 0.996762 0.728248
0.998759 0.0106796 0.0486387 -112.817 -0.0135685 0.998139 0.0594578 -4.79529 -0.0479132 -0.060044 0.997045 0.806815
0.99876 0.00932007 0.0488988 -115.515 -0.0122693 0.998101 0.0603628 -4.90962 -0.0482434 -0.0608879 0.996978 0.880773
0.999008 0.0090891 0.0435935 -118.203 -0.0116614 0.998183 0.0591203 -5.02565 -0.042977 -0.05957 0.997299 0.970379
0.998918 0.00925837 0.0455625 -120.822 -0.011716 0.998474 0.0539717 -5.15379 -0.0449933 -0.0544471 0.997502 1.04598
0.998849 0.0095763 0.047 -123.402 -0.0120254 0.998569 0.0521043 -5.26831 -0.0464338 -0.0526095 0.997535 1.14698
0.99873 0.0103095 0.0493021 -125.955 -0.0128796 0.998559 0.0520983 -5.38198 -0.048694 -0.0526671 0.997424 1.23665
0.998601 0.0107276 0.051765 -128.465 -0.0133962 0.998584 0.051484 -5.48666 -0.0511394 -0.0521054 0.997331 1.33372
0.998535 0.0115355 0.0528631 -131 -0.0141995 0.998633 0.0502988 -5.58344 -0.0522107 -0.0509757 0.997334 1.41903
0.998633 0.0115074 0.0509794 -133.503 -0.0141309 0.998578 0.0514032 -5.69084 -0.0503155 -0.0520533 0.997376 1.53173
0.998375 0.011466 0.0558135 -135.996 -0.0145156 0.998406 0.054544 -5.784 -0.0550992 -0.0552655 0.99695 1.64187
0.998258 0.0106282 0.058023 -138.472 -0.0140613 0.998154 0.0590847 -5.88422 -0.0572879 -0.0597977 0.996565 1.74283
0.998401 0.00898335 0.055803 -140.979 -0.0123922 0.998058 0.0610443 -5.99413 -0.0551463 -0.0616382 0.996574 1.82915
0.99826 0.00724477 0.0585117 -143.45 -0.0107793 0.998121 0.0603201 -6.08973 -0.0579648 -0.0608458 0.996463 1.95987
0.997872 0.00733575 0.0647852 -145.959 -0.0111045 0.998254 0.0580059 -6.2079 -0.0642466 -0.0586018 0.996212 2.11168
0.997719 0.00886344 0.0669197 -148.478 -0.0125317 0.99843 0.0545971 -6.32507 -0.0663307 -0.0553111 0.996263 2.2484
0.997669 0.0116167 0.0672419 -151.027 -0.0150419 0.998603 0.0506579 -6.44071 -0.0665595 -0.0515512 0.99645 2.36702
0.997673 0.0147546 0.0665558 -153.6 -0.0181937 0.998514 0.0513656 -6.55217 -0.065699 -0.052457 0.99646 2.47739
0.997757 0.0179079 0.0644951 -156.168 -0.0213202 0.998387 0.0526142 -6.61975 -0.0634489 -0.0538712 0.99653 2.60162
0.997753 0.0212282 0.0635361 -158.763 -0.024594 0.998309 0.0526711 -6.69437 -0.0623105 -0.0541154 0.996589 2.72342
0.997621 0.0252374 0.0641456 -161.374 -0.0287544 0.998099 0.0545101 -6.75678 -0.062648 -0.0562248 0.996451 2.829
0.997797 0.0270991 0.0605501 -164.017 -0.0306134 0.997854 0.0578869 -6.84116 -0.0588515 -0.059613 0.996485 2.9319
0.997564 0.0260745 0.0646912 -166.65 -0.0299468 0.997771 0.0596294 -6.92024 -0.0629922 -0.0614215 0.996122 3.0627
0.997587 0.0220495 0.0658278 -169.298 -0.0259653 0.997906 0.0592353 -6.98266 -0.0643839 -0.0608016 0.996071 3.21567
0.997487 0.0161653 0.0689688 -171.951 -0.0202639 0.998043 0.0591473 -7.06145 -0.0678778 -0.0603962 0.995864 3.33387
0.997774 0.0103688 0.065865 -174.645 -0.0142917 0.998134 0.0593715 -7.17382 -0.0651264 -0.0601807 0.99606 3.47878
0.997804 0.00448737 0.066074 -177.346 -0.00847555 0.99815 0.0602033 -7.30073 -0.0656817 -0.0606311 0.995997 3.62667
0.997874 -0.00136515 0.0651549 -180.024 -0.00261448 0.998137 0.0609553 -7.43891 -0.0651167 -0.060996 0.996011 3.76692
0.997718 -0.00605108 0.0672467 -182.711 0.00204872 0.99823 0.0594278 -7.58973 -0.0674873 -0.0591544 0.995965 3.90834
0.997524 -0.00882019 0.0697641 -185.391 0.00481086 0.998338 0.0574304 -7.76518 -0.0701547 -0.0569526 0.995909 4.04356
0.99746 -0.00949118 0.070592 -188.071 0.00564004 0.998495 0.0545553 -7.92899 -0.0710036 -0.0540186 0.996012 4.20371
0.997762 -0.00834681 0.0663375 -190.779 0.00478584 0.998548 0.0536582 -8.10049 -0.0666891 -0.0532206 0.996353 4.35055
0.99771 -0.00589891 0.0673769 -193.478 0.00218722 0.998482 0.0550298 -8.25942 -0.0675993 -0.0547564 0.996209 4.49458
0.997592 -0.00180075 0.0693298 -196.178 -0.00200298 0.998498 0.0547557 -8.40712 -0.0693243 -0.0547627 0.99609 4.63703
0.997698 0.00324865 0.0677359 -198.885 -0.00702987 0.998425 0.0556597 -8.54498 -0.0674484 -0.0560077 0.996149 4.76493
0.997698 0.00777668 0.0673592 -201.591 -0.0116511 0.998288 0.0573189 -8.67405 -0.0667981 -0.0579718 0.996081 4.8936
0.997568 0.0109247 0.0688356 -204.287 -0.0148647 0.998264 0.0569888 -8.79051 -0.0680936 -0.0578734 0.995999 5.04053
0.997547 0.0135395 0.0686715 -206.99 -0.0174071 0.998277 0.0560377 -8.89755 -0.0677945 -0.0570956 0.996064 5.19719
0.99768 0.0155935 0.0662663 -209.704 -0.0193422 0.998226 0.0563098 -8.99998 -0.0652707 -0.0574609 0.996212 5.33491
0.997415 0.01709 0.0697858 -212.404 -0.0210979 0.998145 0.0571055 -9.09163 -0.0686804 -0.0584302 0.995926 5.48455
0.997179 0.0190551 0.0725983 -215.117 -0.0232681 0.998066 0.0576342 -9.19358 -0.0713597 -0.0591608 0.995694 5.64874
0.997234 0.0208721 0.0713345 -217.843 -0.0250195 0.998017 0.0577501 -9.28635 -0.0699877 -0.0593751 0.995779 5.81163
0.997294 0.0218431 0.0701977 -220.559 -0.0259435 0.997977 0.0580422 -9.37285 -0.0687879 -0.0597062 0.995843 5.96642
0.997322 0.0222762 0.0696571 -223.271 -0.0262436 0.998053 0.0565693 -9.44886 -0.0682614 -0.0582458 0.995965 6.11575
0.997165 0.0223901 0.0718392 -225.986 -0.0264148 0.998105 0.0555714 -9.53545 -0.0704589 -0.0573114 0.995867 6.25375
0.997079 0.0224398 0.0730048 -228.714 -0.026507 0.998122 0.0552284 -9.62145 -0.0716284 -0.0570022 0.995801 6.40314
0.99701 0.0228097 0.0738239 -231.436 -0.0268098 0.998199 0.053655 -9.69809 -0.0724672 -0.0554738 0.995827 6.56487
0.997085 0.0234903 0.0725843 -234.164 -0.0272895 0.998284 0.051801 -9.78552 -0.071243 -0.0536308 0.996016 6.7353
0.997014 0.0239206 0.0734183 -236.865 -0.0277898 0.998253 0.0521398 -9.86257 -0.0720429 -0.0540243 0.995937 6.86856
0.996788 0.0248676 0.076126 -239.579 -0.0288927 0.998217 0.0522365 -9.93569 -0.0746913 -0.0542681 0.995729 7.02807
0.996705 0.0257481 0.0769131 -242.304 -0.0299437 0.998097 0.0539038 -10.0058 -0.0753788 -0.0560292 0.995579 7.19921
0.996558 0.0266298 0.0785013 -245.024 -0.0310682 0.997954 0.0558713 -10.0658 -0.0768529 -0.0581179 0.995347 7.3752
0.996513 0.0284503 0.0784291 -247.759 -0.0329369 0.997858 0.0565192 -10.1221 -0.0766531 -0.0589054 0.995316 7.55516
0.996514 0.0297436 0.0779395 -250.475 -0.0342711 0.997762 0.057412 -10.2021 -0.0760574 -0.059883 0.995303 7.73979
0.996283 0.0311258 0.0803084 -253.194 -0.0358057 0.997703 0.0575069 -10.2479 -0.078334 -0.0601687 0.99511 7.90269
0.996264 0.0322599 0.080097 -255.905 -0.0369758 0.997625 0.0581091 -10.2947 -0.0780322 -0.0608537 0.995092 8.09924
0.996046 0.0330558 0.0824596 -258.62 -0.0379532 0.997563 0.0585482 -10.3304 -0.0803233 -0.0614462 0.994873 8.27496
0.995963 0.0338608 0.0831345 -261.341 -0.0387766 0.997549 0.058246 -10.3849 -0.0809585 -0.0612345 0.994834 8.46554
0.996095 0.0346524 0.0812036 -264.072 -0.0394608 0.997514 0.0583777 -10.4269 -0.0789788 -0.0613541 0.994986 8.66946
0.996215 0.0355774 0.0793045 -266.79 -0.0403109 0.997449 0.0589083 -10.4647 -0.0770065 -0.0618822 0.995108 8.8335
0.996085 0.036402 0.0805577 -269.497 -0.0413782 0.99728 0.060989 -10.502 -0.0781185 -0.0640835 0.994882 9.00659
0.995917 0.0368872 0.0823884 -272.219 -0.0420718 0.997182 0.0621053 -10.5406 -0.0798654 -0.065318 0.994663 9.18643
0.995794 0.0377644 0.0834648 -274.932 -0.0426645 0.99742 0.0577269 -10.5759 -0.0810695 -0.0610452 0.994837 9.35241
0.995617 0.0379985 0.0854533 -277.658 -0.0428497 0.997529 0.0556707 -10.6116 -0.0831268 -0.0590884 0.994785 9.52746
0.995947 0.0373438 0.0818126 -280.394 -0.0420266 0.99753 0.0562842 -10.6498 -0.0795087 -0.0594944 0.995057 9.7049
0.995643 0.0368996 0.085627 -283.105 -0.0419463 0.99744 0.0579077 -10.6736 -0.083271 -0.0612472 0.994643 9.88452
0.995644 0.0360133 0.0859951 -285.808 -0.0412495 0.997351 0.0599101 -10.7178 -0.0836098 -0.0631964 0.994492 10.0905
0.995991 0.0347594 0.0824135 -288.561 -0.0397323 0.997437 0.0594895 -10.7685 -0.0801346 -0.0625256 0.994821 10.2778
0.995668 0.0330305 0.0869079 -291.278 -0.0383217 0.997466 0.0599358 -10.795 -0.084708 -0.0630067 0.994411 10.4488
0.995731 0.0315537 0.0867357 -294.005 -0.0369221 0.997454 0.0610022 -10.8454 -0.0845901 -0.0639443 0.994362 10.6247
0.995978 0.0309274 0.0840832 -296.733 -0.0358546 0.997688 0.0577348 -10.9002 -0.0821033 -0.0605173 0.994784 10.8119
0.995872 0.0307551 0.0853967 -299.459 -0.035503 0.997874 0.0546475 -10.9426 -0.0835346 -0.0574537 0.994847 11.0036
0.995609 0.0310885 0.0882879 -302.192 -0.0357632 0.998013 0.0518686 -11.0079 -0.0865 -0.0547984 0.994743 11.1993
0.99558 0.0309707 0.0886542 -304.919 -0.0358212 0.997916 0.0536555 -11.0663 -0.0868078 -0.0565941 0.994616 11.4076
0.995599 0.0303307 0.0886591 -307.647 -0.0354452 0.997762 0.0566937 -11.1328 -0.0867412 -0.0595868 0.994447 11.5865
0.995574 0.0297365 0.0891397 -310.359 -0.0349864 0.997707 0.0579232 -11.1684 -0.0872129 -0.0607856 0.994333 11.7745
0.995563 0.0293412 0.0894004 -313.083 -0.0345307 0.997773 0.0570649 -11.2265 -0.087527 -0.0598988 0.994359 11.9941
0.995467 0.0292717 0.0904814 -314.452 -0.0345173 0.997779 0.0569636 -11.2574 -0.0886131 -0.0598286 0.994267 12.0833
