1 0 0 0 0 1 0 0 0 0 1 0
0.822944 -0.566826 -0.0383623 0.254426 0.567771 0.822933 0.0204249 -0.777357 0.0199922 -0.0385896 0.999055 0.11628
0.348686 -0.936135 -0.0454867 0.794515 0.936057 0.345399 0.0670584 -1.08493 -0.0470647 -0.0659605 0.996712 0.578543
-0.207799 -0.976698 -0.0536776 1.56773 0.977756 -0.208997 0.0176973 -1.99317 -0.0285033 -0.0488061 0.998401 0.984529
-0.738572 -0.674149 0.00588991 2.56161 0.673557 -0.738241 -0.0363608 -2.37385 0.0288608 -0.0228879 0.999321 1.36084
-0.990783 -0.134162 0.0186958 3.8237 0.13341 -0.990373 -0.0369168 -1.3352 0.0234686 -0.0340823 0.999143 1.38095
-0.947891 0.311611 0.0663403 4.0741 -0.314907 -0.947972 -0.0467093 0.249947 0.0483336 -0.0651664 0.996703 1.48623
-0.715328 0.689813 0.111642 4.13027 -0.696779 -0.716218 -0.0391301 1.63381 0.0529679 -0.105781 0.992978 1.40154
-0.388244 0.912379 0.129738 3.23739 -0.921069 -0.388755 -0.0224103 3.35215 0.0299896 -0.128198 0.991295 1.50478
0.0663399 0.98841 0.136549 2.04849 -0.996361 0.0582827 0.0621854 4.24183 0.0535062 -0.140178 0.98868 1.73138
0.411639 0.901486 0.133703 1.17861 -0.910432 0.400203 0.104647 4.25656 0.040829 -0.164804 0.985481 1.8083
0.638779 0.755599 0.145023 0.0630567 -0.769389 0.627705 0.118434 4.16983 -0.00154331 -0.187232 0.982314 2.02445
0.751134 0.648056 0.12578 -1.21186 -0.660147 0.73795 0.14013 4.30809 -0.00200748 -0.18829 0.982111 2.05417
0.987092 0.117284 0.109062 -2.17979 -0.134603 0.976538 0.168092 3.55232 -0.0867888 -0.180603 0.97972 2.29865
0.867906 -0.48606 0.102399 -2.14565 0.468893 0.869712 0.154081 2.24279 -0.163951 -0.0857134 0.982738 2.55157
0.426533 -0.900808 0.0813351 -1.37303 0.886513 0.434201 0.15989 1.1408 -0.179346 0.00390609 0.983778 2.75747
-0.157962 -0.986743 0.03725 -0.179914 0.977809 -0.151051 0.145169 0.67175 -0.137617 0.0593544 0.988705 2.82122
-0.680411 -0.732772 -0.00925804 1.1686 0.727825 -0.677183 0.10814 0.982239 -0.0855111 0.0668412 0.994093 2.81474
-0.961219 -0.26924 -0.0597468 2.11081 0.261288 -0.958374 0.115101 1.90782 -0.0882494 0.0950256 0.991555 2.78223
-0.947338 0.292243 -0.130944 2.03665 -0.303358 -0.949954 0.074578 2.97974 -0.102596 0.110374 0.988581 2.89799
-0.712446 0.68968 -0.12947 1.44156 -0.698898 -0.713943 0.0427501 3.89055 -0.0629502 0.120943 0.990661 2.97867
-0.377835 0.921671 -0.0881118 1.00103 -0.92587 -0.37637 0.0333285 4.15553 -0.00244473 0.0941728 0.995553 3.08168
-0.0644384 0.995209 -0.0735353 0.16407 -0.996295 -0.0599524 0.0616626 4.65351 0.0569585 0.0772363 0.995385 2.97055
0.202527 0.975672 -0.0839512 -1.01917 -0.976599 0.207565 0.0563084 5.08336 0.0723638 0.0705827 0.994878 2.8599
0.21956 0.971894 -0.0849429 -1.41062 -0.97265 0.224829 0.058335 6.53703 0.0757931 0.0698117 0.994677 2.6808
0.237459 0.967664 -0.0850937 -1.85095 -0.96834 0.242746 0.058233 7.98676 0.077006 0.0685717 0.99467 2.51928
0.254744 0.963361 -0.0839189 -2.33421 -0.963951 0.259875 0.0571164 9.45332 0.0768321 0.0663438 0.994834 2.42835
0.271434 0.958594 -0.0861468 -2.83815 -0.959388 0.276625 0.0552577 10.864 0.0768 0.0676494 0.994749 2.288
0.285264 0.954542 -0.0864535 -3.33073 -0.954975 0.290744 0.0590861 12.2951 0.081536 0.0657058 0.994502 2.12145
0.297564 0.950793 -0.0863147 -3.8488 -0.951217 0.302981 0.0582081 13.719 0.0814955 0.0647834 0.994566 1.97119
0.307169 0.948034 -0.0829412 -4.40102 -0.948409 0.312148 0.0555297 15.1145 0.0785339 0.0616052 0.995006 1.83597
0.312921 0.945369 -0.0914264 -4.99334 -0.946146 0.318688 0.0569726 16.5302 0.0829966 0.0686747 0.994181 1.69198
0.318791 0.943539 -0.0900404 -5.52859 -0.943745 0.324788 0.0621086 17.9585 0.0878459 0.0651756 0.994 1.53843
0.321012 0.942366 -0.0943268 -6.10803 -0.943321 0.327009 0.0566605 19.332 0.0842406 0.0707917 0.993928 1.45337
0.323538 0.942208 -0.0869956 -6.69407 -0.942895 0.328732 0.0537013 20.7129 0.0791959 0.0646534 0.99476 1.37747
0.324292 0.941829 -0.0882816 -7.20332 -0.942432 0.329722 0.0557209 22.0966 0.0815879 0.0651296 0.994536 1.21552
0.3262 0.941206 -0.0878929 -7.79303 -0.941519 0.331796 0.0587546 23.4668 0.0844626 0.0635872 0.994396 1.04052
0.328533 0.940559 -0.0861174 -8.35728 -0.940955 0.333823 0.0562626 24.8967 0.0816662 0.0625484 0.994695 0.88962
0.331533 0.939489 -0.086298 -8.98948 -0.940083 0.33668 0.0537542 26.3148 0.0795562 0.063306 0.994818 0.75721
0.334784 0.938486 -0.0846398 -9.5965 -0.939098 0.339692 0.0520038 27.7968 0.0775563 0.062075 0.995054 0.616384
0.336227 0.937998 -0.0843339 -10.2145 -0.938692 0.341024 0.0505956 29.2883 0.0762184 0.062152 0.995152 0.405354
0.338234 0.93739 -0.0830616 -10.8717 -0.938031 0.342907 0.0501233 30.7926 0.0754674 0.060961 0.995283 0.224755
0.339854 0.936849 -0.0825516 -11.5248 -0.937605 0.344364 0.0480727 32.3908 0.0734646 0.0610631 0.995427 0.0718404
0.341863 0.935978 -0.0841163 -12.2308 -0.937046 0.346296 0.0449791 34.0148 0.0712285 0.0634442 0.99544 -0.0674331
0.343523 0.935122 -0.0868303 -12.9442 -0.936537 0.347986 0.0424646 35.6934 0.0699253 0.0667323 0.995318 -0.229199
0.34522 0.934312 -0.088796 -13.7166 -0.935956 0.349723 0.0409941 37.422 0.0693553 0.0689571 0.995206 -0.395943
0.346418 0.933663 -0.0909353 -14.4801 -0.935424 0.351099 0.041357 39.1902 0.0705407 0.0707363 0.994998 -0.581901
0.348403 0.933035 -0.0897842 -15.2655 -0.934802 0.352911 0.039995 40.9983 0.0690025 0.0699961 0.995158 -0.761357
0.350019 0.9321 -0.0931538 -16.0686 -0.934033 0.354835 0.0409284 42.8232 0.0712035 0.072683 0.99481 -0.932026
0.352251 0.931272 -0.093023 -16.9145 -0.933297 0.356945 0.0393271 44.6868 0.0698282 0.0729651 0.994887 -1.11446
0.353292 0.930684 -0.0949307 -17.7356 -0.933067 0.357883 0.0361391 46.5918 0.0676081 0.0758091 0.994828 -1.2744
0.354261 0.930129 -0.0967507 -18.577 -0.932581 0.359052 0.0370814 48.4856 0.0692289 0.0770914 0.994618 -1.4685
0.355355 0.929558 -0.0982045 -19.4454 -0.93211 0.36026 0.0371967 50.4617 0.0699556 0.0783193 0.994471 -1.67507
0.355932 0.929039 -0.100997 -20.3339 -0.931559 0.361314 0.0406297 52.4571 0.074238 0.079623 0.994057 -1.89893
0.3568 0.928471 -0.10313 -21.2614 -0.931167 0.362335 0.0405047 54.4683 0.0749752 0.0815797 0.993843 -2.12104
0.358789 0.927917 -0.1012 -22.1784 -0.930783 0.363809 0.0358676 56.4803 0.0700995 0.0813263 0.994219 -2.31639
0.360708 0.92719 -0.101039 -23.0904 -0.930279 0.365429 0.0323001 58.5182 0.0668708 0.0823433 0.994358 -2.53451
0.361265 0.926739 -0.103162 -24.0329 -0.929718 0.366473 0.0363557 60.6258 0.0714984 0.0827776 0.994 -2.75186
0.362929 0.92628 -0.101432 -24.9757 -0.929534 0.367503 0.0301231 62.7356 0.0651788 0.0833518 0.994386 -2.97186
0.363771 0.92599 -0.101065 -25.9554 -0.929088 0.368476 0.031962 64.8362 0.0668365 0.0822718 0.994366 -3.14044
0.361851 0.92633 -0.104774 -26.943 -0.929561 0.367035 0.0346659 66.9882 0.0705678 0.0848503 0.993892 -3.32559
0.360529 0.927069 -0.102777 -27.8935 -0.930269 0.365409 0.032799 69.1313 0.0679624 0.0837852 0.994163 -3.55611
0.358159 0.927857 -0.10394 -28.8484 -0.931175 0.363103 0.0327007 71.2989 0.0680826 0.0850746 0.994046 -3.74667
0.356218 0.928383 -0.1059 -29.8085 -0.932045 0.361076 0.030272 73.4718 0.0663419 0.0879201 0.993916 -3.97509
0.354342 0.928916 -0.107504 -30.8093 -0.932752 0.359272 0.0299552 75.6488 0.066449 0.0896602 0.993753 -4.19575
0.352045 0.929746 -0.107877 -31.7588 -0.933563 0.357077 0.0309204 77.8355 0.0672685 0.0898246 0.993683 -4.40248
0.350159 0.930618 -0.106488 -32.7215 -0.93439 0.354997 0.0298755 80.0227 0.0656056 0.0890402 0.993865 -4.60579
0.347427 0.931546 -0.107316 -33.6627 -0.935392 0.352328 0.0300955 82.2421 0.0658458 0.0899266 0.993769 -4.80187
0.344824 0.932381 -0.108461 -34.6197 -0.936307 0.349842 0.0306571 84.4513 0.0665282 0.0909817 0.993628 -5.04317
0.341504 0.933856 -0.106252 -35.5657 -0.937597 0.346366 0.0307079 86.6562 0.0654787 0.0891345 0.993865 -5.25081
0.338723 0.935329 -0.102112 -36.5058 -0.938798 0.343201 0.0295106 88.8654 0.0626469 0.0858662 0.994335 -5.47182
0.335546 0.936733 -0.0997067 -37.4332 -0.940031 0.339836 0.0291952 91.0908 0.0612319 0.0839311 0.994588 -5.67007
0.330423 0.938228 -0.102711 -38.3707 -0.941735 0.334982 0.030362 93.3164 0.0628928 0.0866946 0.994247 -5.87517
0.324825 0.939823 -0.105938 -39.2788 -0.943726 0.329449 0.0290554 95.593 0.0622079 0.0905381 0.993948 -6.06574
0.320142 0.941679 -0.103689 -40.1849 -0.945439 0.324553 0.028449 97.8399 0.0604424 0.0889241 0.994203 -6.29901
0.315282 0.943429 -0.102668 -41.074 -0.946952 0.319856 0.0312064 100.105 0.0622798 0.0873828 0.994226 -6.49254
0.311422 0.944945 -0.100482 -41.9506 -0.948696 0.315249 0.0243651 102.381 0.0547004 0.0877389 0.99464 -6.69413
0.307247 0.946096 -0.102483 -42.8273 -0.949845 0.311479 0.0278266 104.624 0.058248 0.0887937 0.994345 -6.86206
0.303836 0.947035 -0.10397 -43.6767 -0.950897 0.308198 0.0284385 106.905 0.0589755 0.0902241 0.994174 -7.07386
0.300951 0.948207 -0.101655 -44.5356 -0.951945 0.305056 0.0272195 109.18 0.0568201 0.0885785 0.994447 -7.2488
0.298326 0.949013 -0.101861 -45.3824 -0.952517 0.30283 0.031695 111.471 0.0609256 0.0875692 0.994293 -7.42592
0.297037 0.9496 -0.100145 -46.2354 -0.953135 0.301175 0.0287494 113.768 0.0574616 0.0869125 0.994557 -7.66886
0.295871 0.95011 -0.0987532 -47.0708 -0.953667 0.299712 0.0262919 116.047 0.0545777 0.0863987 0.994764 -7.86074
0.29543 0.950265 -0.0985787 -47.9223 -0.953849 0.299196 0.0255575 118.308 0.0537806 0.0864788 0.994801 -7.99781
0.293921 0.95078 -0.0981267 -48.7545 -0.95421 0.297847 0.0277639 120.602 0.055624 0.0854731 0.994786 -8.19377
0.294134 0.950927 -0.0960401 -49.5974 -0.954638 0.297176 0.0187545 122.9 0.046375 0.0861673 0.9952 -8.36981
0.29283 0.951434 -0.0950031 -50.4327 -0.95498 0.295964 0.0204557 125.169 0.0475797 0.0847361 0.995266 -8.52614
0.292313 0.951815 -0.0927497 -51.2597 -0.955123 0.295426 0.0215202 127.472 0.0478838 0.0822967 0.995457 -8.70598
0.291395 0.951968 -0.0940574 -52.0998 -0.955334 0.294661 0.0226208 129.778 0.0492492 0.0832647 0.995309 -8.85266
0.291556 0.952077 -0.0924452 -52.9343 -0.955618 0.29418 0.0158522 132.074 0.042288 0.0837205 0.995591 -9.01604
0.291214 0.952034 -0.0939516 -53.7897 -0.955706 0.293898 0.015816 134.364 0.0426695 0.0851843 0.995451 -9.18521
0.290484 0.951796 -0.0985099 -54.645 -0.955739 0.293621 0.0186901 136.658 0.0467138 0.0887205 0.99496 -9.33629
0.290516 0.95206 -0.0958302 -55.4671 -0.955843 0.293385 0.0170256 138.956 0.0443244 0.0866524 0.995252 -9.49328
0.29088 0.952657 -0.0885108 -56.2812 -0.955826 0.293435 0.0170731 141.25 0.0422369 0.0796348 0.995929 -9.62911
0.290781 0.95264 -0.0890216 -57.1067 -0.955872 0.293315 0.0165573 143.53 0.0418844 0.0802788 0.995892 -9.76047
0.291219 0.952681 -0.0871305 -57.9376 -0.955324 0.294409 0.0260477 145.835 0.0504671 0.0756524 0.995856 -9.9638
0.294259 0.952214 -0.0818596 -58.7974 -0.954559 0.29705 0.0240327 148.132 0.0472005 0.071068 0.996354 -10.1281
0.297306 0.951908 -0.0740438 -59.6397 -0.953931 0.299419 0.0190437 150.435 0.0402979 0.064971 0.997073 -10.2644
0.299175 0.951216 -0.0753836 -60.5023 -0.953358 0.301292 0.018215 152.718 0.0400388 0.0664181 0.996988 -10.3573
0.301198 0.950476 -0.0766514 -61.3571 -0.952903 0.303002 0.0128341 155.012 0.0354239 0.0691758 0.996975 -10.5097
0.302756 0.949798 -0.0788847 -62.21 -0.952464 0.304472 0.0104309 157.286 0.0339254 0.0719768 0.996829 -10.6223
0.304701 0.948404 -0.0876762 -63.0982 -0.951773 0.306657 0.00945078 159.546 0.0358496 0.0805682 0.996104 -10.7655
0.307319 0.947182 -0.0916692 -63.9841 -0.951148 0.308731 0.00129565 161.806 0.0295283 0.0867928 0.995788 -10.9208
0.309769 0.946288 -0.0926507 -64.8807 -0.950336 0.311221 0.00129545 164.049 0.0300607 0.087648 0.995698 -11.0385
0.311124 0.945647 -0.0946322 -65.7274 -0.949689 0.313122 0.00666743 166.31 0.0359364 0.0877968 0.99549 -11.1507
0.313471 0.944931 -0.0940294 -66.5891 -0.949127 0.314891 0.000283493 168.503 0.0298768 0.089157 0.995569 -11.2833
0.315402 0.944502 -0.091863 -67.458 -0.948625 0.316375 -0.00414299 170.716 0.0251501 0.0884502 0.995763 -11.3977
0.31645 0.944233 -0.0910217 -68.3189 -0.948199 0.317675 -0.00108158 172.925 0.0278939 0.0866489 0.995848 -11.481
0.31803 0.943694 -0.0910992 -69.1793 -0.947654 0.319297 -0.000694056 175.101 0.0284327 0.0865512 0.995841 -11.6245
0.317938 0.943522 -0.0931783 -70.0505 -0.947624 0.319386 0.000656713 177.266 0.0303794 0.0880892 0.995649 -11.7425
0.316874 0.944377 -0.0879934 -70.9015 -0.948174 0.317716 -0.0046441 179.432 0.023571 0.0849047 0.99611 -11.8533
0.315901 0.944961 -0.0851856 -71.7276 -0.94851 0.316719 -0.00408572 181.578 0.023119 0.0820901 0.996356 -11.9365
0.314718 0.945228 -0.0865861 -72.5781 -0.948913 0.315499 -0.00486927 183.699 0.0227152 0.0836952 0.996232 -12.0054
0.314078 0.945478 -0.0861838 -73.4055 -0.949217 0.31449 -0.00910288 185.814 0.0184973 0.0846662 0.996237 -12.1339
0.312813 0.9457 -0.0883223 -74.2486 -0.94955 0.313564 -0.00559812 187.936 0.0224005 0.0856177 0.996076 -12.1837
0.312433 0.945745 -0.0891804 -75.0762 -0.949725 0.312978 -0.00816712 190.033 0.0201874 0.0872486 0.995982 -12.2504
0.311638 0.946071 -0.0885002 -75.8659 -0.950049 0.311899 -0.0112142 192.111 0.0169937 0.0875743 0.996013 -12.346
0.310299 0.946174 -0.0920306 -76.6835 -0.950335 0.311191 -0.00485625 194.211 0.0240442 0.0889668 0.995744 -12.4411
0.309818 0.946653 -0.0886648 -77.4708 -0.950577 0.310397 -0.00752544 196.257 0.0203973 0.0866142 0.996033 -12.5189
0.309731 0.947022 -0.0849529 -78.27 -0.950697 0.309908 -0.0114272 198.299 0.0155058 0.0843039 0.996319 -12.5921
0.309021 0.947248 -0.0850125 -79.0537 -0.950948 0.309091 -0.012668 200.352 0.0142768 0.0847571 0.996299 -12.6591
0.308047 0.947324 -0.0876587 -79.8277 -0.95122 0.308326 -0.010678 202.398 0.0169119 0.0866721 0.996093 -12.7387
0.307662 0.947381 -0.0883907 -80.625 -0.951389 0.307685 -0.013708 204.417 0.0142097 0.0883114 0.995991 -12.8108
0.30746 0.947516 -0.0876519 -81.3965 -0.951499 0.30718 -0.0169979 206.425 0.0108191 0.0886269 0.996006 -12.8825
0.306759 0.947716 -0.0879394 -82.1757 -0.951733 0.30641 -0.017777 208.431 0.0100979 0.0891482 0.995967 -12.9743
0.306096 0.948015 -0.0870265 -82.5574 -0.951964 0.305598 -0.0193177 209.42 0.00828163 0.0887592 0.996018 -13.0013
