1 0 0 0 0 1 0 0 0 0 1 0
0.99767 0.0675778 0.00940827 -0.698685 -0.0675879 0.997713 0.000755733 0.399441 -0.00933568 -0.00138986 0.999955 0.0803404
0.991645 0.128628 0.00971003 -1.65995 -0.128624 0.991693 -0.000951483 1.13113 -0.00975176 -0.000305413 0.999952 0.154191
0.983567 0.18021 0.0109711 -2.87804 -0.180208 0.983628 -0.00123574 1.74544 -0.0110141 -0.000761634 0.999939 0.151341
0.97611 0.217003 0.0109401 -4.51723 -0.216938 0.976161 -0.00684066 1.87853 -0.0121638 0.00430391 0.999917 0.142505
0.975886 0.21811 0.00866052 -7.22275 -0.218068 0.975918 -0.00556261 2.32121 -0.00966522 0.0035399 0.999947 0.134639
0.975658 0.219134 0.00853968 -9.92188 -0.219106 0.975692 -0.00408596 2.80988 -0.00922748 0.00211541 0.999955 0.126782
0.97546 0.219837 0.0121959 -12.6069 -0.219768 0.975529 -0.00677255 3.27997 -0.0133863 0.0039261 0.999903 0.126907
0.975321 0.220621 0.00873642 -15.3081 -0.220555 0.975343 -0.00786672 3.7414 -0.0102566 0.00574571 0.999931 0.114836
0.975247 0.220995 0.00736407 -18.0021 -0.220934 0.975253 -0.00833913 4.20863 -0.00902474 0.00650575 0.999938 0.0880828
0.975029 0.22199 0.00621469 -20.7023 -0.221933 0.975023 -0.00870475 4.69508 -0.00799184 0.00710814 0.999943 0.0764167
0.97484 0.222762 0.00795998 -23.4082 -0.222703 0.974856 -0.00765218 5.1755 -0.00946445 0.00568694 0.999939 0.0292149
0.974625 0.223692 0.00823155 -26.1072 -0.223623 0.974639 -0.00844612 5.66513 -0.00991212 0.00639103 0.999931 -0.000488721
0.974428 0.224515 0.00914262 -28.8148 -0.224466 0.974462 -0.00613339 6.16119 -0.0102862 0.00392434 0.999939 -0.045396
0.974474 0.22429 0.00968275 -31.5148 -0.224307 0.974518 0.000637453 6.65093 -0.00929304 -0.00279309 0.999953 -0.0757521
0.975054 0.221878 0.00636879 -34.2238 -0.221922 0.975038 0.00720886 7.14245 -0.00461032 -0.0084424 0.999954 -0.117236
0.97608 0.217326 0.00610026 -36.947 -0.217367 0.976064 0.00709453 7.60554 -0.00441241 -0.00825082 0.999956 -0.162064
0.977159 0.212316 0.00911044 -39.6716 -0.212342 0.977193 0.00195713 8.03922 -0.00848713 -0.00384696 0.999957 -0.165941
0.978043 0.208252 0.00799543 -42.3811 -0.208255 0.978074 -0.000469956 8.48123 -0.00791799 -0.00120545 0.999968 -0.236166
0.978215 0.207414 0.00866282 -45.097 -0.207411 0.978253 -0.00134915 8.93532 -0.00875426 -0.000477006 0.999962 -0.268938
0.977891 0.208646 0.0140061 -47.7962 -0.208656 0.977988 -0.000696336 9.38141 -0.0138431 -0.00224153 0.999902 -0.272478
0.977033 0.21258 0.0147332 -50.4836 -0.212619 0.977134 0.00110211 9.90252 -0.0141621 -0.00420936 0.999891 -0.263158
0.976433 0.215462 0.0124124 -53.2054 -0.215477 0.976509 -0.000179583 10.3467 -0.0121595 -0.00249924 0.999923 -0.280091
0.975842 0.217953 0.01512 -55.8924 -0.217932 0.975959 -0.00310468 10.7842 -0.0154332 -0.000265446 0.999881 -0.309369
0.976407 0.21577 0.00853225 -58.6652 -0.215762 0.976444 -0.00182737 11.291 -0.00872556 -5.66774e-05 0.999962 -0.303106
0.976517 0.215175 0.0106615 -61.3605 -0.215182 0.976574 -0.000493143 11.7701 -0.0105179 -0.00181261 0.999943 -0.332015
0.976506 0.215131 0.0124605 -64.0772 -0.215107 0.976585 -0.00319312 12.2332 -0.0128557 0.000437756 0.999917 -0.390364
0.976554 0.215063 0.00951214 -66.7842 -0.215013 0.976593 -0.00598572 12.6808 -0.0105768 0.00380014 0.999937 -0.395888
0.97657 0.21493 0.0107902 -69.4769 -0.214889 0.976627 -0.0047829 13.1428 -0.0115659 0.00235215 0.99993 -0.432179
0.976613 0.214862 0.00787816 -72.1834 -0.21487 0.976642 0.000212321 13.6241 -0.00764853 -0.00190014 0.999969 -0.462983
0.976692 0.21447 0.00865681 -74.8942 -0.214492 0.976724 0.00172456 14.0935 -0.00808545 -0.00354118 0.999961 -0.497873
0.976595 0.214813 0.0107927 -77.5296 -0.21482 0.976653 -0.000519926 14.5359 -0.0106524 -0.00181073 0.999942 -0.510399
0.976643 0.214826 0.00428458 -80.25 -0.214827 0.976652 -0.000326405 14.9871 -0.00425466 -0.000601661 0.999991 -0.537128
0.976804 0.213962 0.00857724 -82.9527 -0.213979 0.976837 0.00108608 15.4554 -0.00814619 -0.00289624 0.999963 -0.581403
0.976885 0.213439 0.0118186 -85.6535 -0.213479 0.976945 0.00214127 15.902 -0.011089 -0.00461478 0.999928 -0.605832
0.976978 0.21309 0.0103207 -88.3855 -0.213114 0.977026 0.00132218 16.3438 -0.00980183 -0.00349122 0.999946 -0.621567
0.976743 0.214255 0.00818391 -91.088 -0.214274 0.976772 0.00147878 16.7945 -0.00767698 -0.00319799 0.999966 -0.639537
0.97689 0.213614 0.00735956 -93.809 -0.21363 0.976913 0.00143425 17.2599 -0.00688328 -0.00297333 0.999972 -0.658095
0.976899 0.213451 0.0102963 -96.5179 -0.213482 0.976945 0.00203339 17.7414 -0.00962492 -0.0041845 0.999945 -0.677389
0.976712 0.214276 0.0109432 -99.2143 -0.214331 0.976752 0.00411368 18.2075 -0.00980733 -0.00636335 0.999932 -0.753417
0.976633 0.21456 0.0122962 -101.923 -0.214637 0.976679 0.00527392 18.6487 -0.0108778 -0.0077899 0.999911 -0.734515
0.976469 0.215235 0.0134488 -104.639 -0.215327 0.976525 0.00578413 19.1218 -0.0118881 -0.00854392 0.999893 -0.702222
0.976443 0.215277 0.0146182 -107.326 -0.215385 0.976509 0.00628977 19.6081 -0.0129208 -0.00929016 0.999873 -0.742499
0.976298 0.215627 0.0186375 -110.026 -0.21571 0.976454 0.00251827 20.0753 -0.0176557 -0.00647888 0.999823 -0.76277
0.976003 0.217051 0.0174983 -112.725 -0.217071 0.976155 -0.000786396 20.5435 -0.0172517 -0.00303085 0.999847 -0.778329
0.975799 0.218007 0.0169835 -115.428 -0.218012 0.975945 -0.0015823 21.0198 -0.0169199 -0.00215859 0.999855 -0.758271
0.975544 0.219018 0.0185554 -118.128 -0.219068 0.975709 0.000666326 21.4946 -0.0179587 -0.00471492 0.999828 -0.757282
0.975292 0.219839 0.0218056 -120.812 -0.219929 0.975514 0.00178438 21.979 -0.0208794 -0.00653598 0.999761 -0.773932
0.975199 0.220468 0.0195164 -123.511 -0.220568 0.975366 0.00312556 22.4665 -0.0183466 -0.00735275 0.999805 -0.801688
0.975069 0.220951 0.0205129 -126.218 -0.221088 0.975243 0.00462249 22.9346 -0.0189838 -0.00904241 0.999779 -0.810879
0.975018 0.221187 0.020398 -128.878 -0.221331 0.975185 0.00507012 23.3966 -0.0187704 -0.00945817 0.999779 -0.754482
0.975106 0.220785 0.0205477 -131.591 -0.220975 0.97525 0.00747748 23.904 -0.0183883 -0.0118319 0.999761 -0.795549
0.974973 0.221056 0.0236846 -134.247 -0.221288 0.975178 0.0076459 24.3695 -0.0214066 -0.0126957 0.99969 -0.793948
0.975037 0.220717 0.024223 -136.956 -0.220997 0.975228 0.00951254 24.8557 -0.0215234 -0.0146283 0.999661 -0.794789
0.975034 0.220676 0.0246847 -139.631 -0.220992 0.975215 0.0108556 25.3227 -0.0216773 -0.0160397 0.999636 -0.793018
0.975071 0.220306 0.0264899 -142.346 -0.220663 0.975284 0.0113545 25.7908 -0.0233337 -0.0169168 0.999585 -0.811773
0.974988 0.22114 0.0222547 -145.042 -0.221458 0.975083 0.0129891 26.2476 -0.0188278 -0.0175927 0.999668 -0.792913
0.974948 0.220994 0.02524 -147.747 -0.221377 0.975095 0.0134775 26.72 -0.0216329 -0.0187275 0.999591 -0.815778
0.974726 0.221636 0.0280138 -150.412 -0.222134 0.974883 0.0160965 27.2076 -0.0237426 -0.0219126 0.999478 -0.768738
0.974657 0.222046 0.0271539 -153.11 -0.222571 0.974747 0.0181276 27.681 -0.022443 -0.0237119 0.999467 -0.764279
0.974345 0.223364 0.0275707 -155.787 -0.223916 0.974425 0.0188721 28.166 -0.0226502 -0.0245615 0.999442 -0.761041
0.973827 0.22568 0.026996 -158.453 -0.226207 0.973906 0.018347 28.6394 -0.022151 -0.0239735 0.999467 -0.756284
0.973628 0.226057 0.0307611 -161.168 -0.226634 0.973835 0.0167559 29.1031 -0.0261685 -0.0232856 0.999386 -0.745941
0.973671 0.225926 0.0303511 -163.856 -0.226523 0.973841 0.0178895 29.5891 -0.0255154 -0.0242937 0.999379 -0.708809
0.973896 0.224921 0.0305884 -166.541 -0.225584 0.974013 0.020262 30.095 -0.0252361 -0.0266334 0.999327 -0.683894
0.974191 0.223717 0.0300196 -169.222 -0.224424 0.974227 0.0226938 30.5957 -0.0241689 -0.0288453 0.999292 -0.661964
0.974092 0.224036 0.0308623 -171.945 -0.224665 0.974257 0.0186414 31.0975 -0.0258915 -0.0250921 0.99935 -0.649751
0.973981 0.224196 0.0331018 -174.642 -0.224747 0.974317 0.0139377 31.5612 -0.0291269 -0.0210146 0.999355 -0.617036
0.973952 0.223902 0.0358308 -177.336 -0.224406 0.974437 0.0106502 32.0434 -0.0325303 -0.0184134 0.999301 -0.56605
0.974154 0.223406 0.0333616 -180.033 -0.223781 0.974607 0.00792954 32.5112 -0.0307429 -0.0151903 0.999412 -0.534112
0.974366 0.222382 0.0339878 -182.733 -0.222708 0.974866 0.00605787 32.9912 -0.0317864 -0.0134719 0.999404 -0.508683
0.974545 0.220937 0.038059 -185.423 -0.2213 0.975189 0.0055691 33.4723 -0.0358843 -0.0138498 0.99926 -0.446729
0.97486 0.220395 0.0327494 -188.123 -0.220777 0.975287 0.00850639 33.958 -0.0300653 -0.0155228 0.999427 -0.395263
0.974855 0.220054 0.0351195 -190.815 -0.220471 0.975357 0.0084367 34.4464 -0.0323975 -0.0159674 0.999348 -0.365
0.974789 0.22024 0.0357676 -193.505 -0.220681 0.975305 0.00884182 34.9215 -0.032937 -0.0165122 0.999321 -0.328701
0.975165 0.219721 0.027844 -196.208 -0.220044 0.975447 0.00906001 35.3998 -0.0251697 -0.0149619 0.999571 -0.332073
0.975067 0.219681 0.0313499 -198.874 -0.220029 0.975459 0.00807439 35.8435 -0.0288068 -0.014771 0.999476 -0.311758
0.975118 0.219342 0.0321422 -201.566 -0.219577 0.975587 0.00394148 36.3296 -0.0304931 -0.0109011 0.999475 -0.269846
0.975309 0.218269 0.0336201 -204.255 -0.218563 0.975808 0.00530021 36.811 -0.03165 -0.0125175 0.999421 -0.246748
0.975374 0.21776 0.0350111 -206.94 -0.218133 0.975892 0.00716909 37.2851 -0.032606 -0.0146296 0.999361 -0.216498
0.975446 0.217498 0.0346074 -209.63 -0.217927 0.975923 0.00907413 37.7419 -0.0318005 -0.0163932 0.99936 -0.225301
0.975379 0.217287 0.0377011 -212.299 -0.217763 0.97596 0.00896518 38.2134 -0.0348468 -0.0169544 0.999249 -0.180791
0.975273 0.217613 0.0385605 -215.007 -0.218002 0.975929 0.0061327 38.7005 -0.0362978 -0.0143873 0.999237 -0.146554
0.975143 0.218737 0.0353369 -217.705 -0.219011 0.975714 0.0040202 39.1648 -0.0335993 -0.0116594 0.999367 -0.12439
0.974899 0.219475 0.0374277 -220.398 -0.219815 0.975527 0.00518955 39.642 -0.0353728 -0.0132865 0.999286 -0.0848381
0.974793 0.220049 0.0368366 -223.087 -0.220397 0.975394 0.00563027 40.1246 -0.0346913 -0.013607 0.999305 -0.0448576
0.97453 0.221057 0.0377489 -225.8 -0.221501 0.975127 0.00798261 40.6237 -0.0350454 -0.0161407 0.999255 -0.0132819
0.974217 0.221913 0.0406723 -228.487 -0.222459 0.974897 0.00936741 41.1074 -0.0375726 -0.0181738 0.999129 0.0135913
0.974033 0.222683 0.0408801 -231.185 -0.223309 0.974681 0.0113998 41.5982 -0.0373066 -0.0202327 0.999099 0.0455554
0.97408 0.222539 0.0405439 -233.877 -0.223172 0.974707 0.0117843 42.0913 -0.0368961 -0.0205272 0.999108 0.0823754
0.973859 0.223195 0.0421963 -236.558 -0.223699 0.974628 0.00757885 42.5795 -0.0394342 -0.01682 0.999081 0.125689
0.973595 0.22419 0.0430126 -239.242 -0.224783 0.974363 0.00943503 43.0964 -0.0397947 -0.0188544 0.99903 0.165075
0.973364 0.224871 0.0446497 -241.928 -0.225276 0.974286 0.00419087 43.5729 -0.0425592 -0.0141377 0.998994 0.231157
0.973352 0.22518 0.0433533 -244.623 -0.225424 0.97426 0.000781318 44.0461 -0.0420615 -0.0105334 0.999059 0.301024
0.973472 0.224455 0.0443834 -247.313 -0.224817 0.974395 0.00326895 44.5418 -0.0425133 -0.0131604 0.999009 0.335266
0.973953 0.222372 0.0443181 -250.014 -0.222839 0.974838 0.0058163 45.0421 -0.0419096 -0.0155406 0.999 0.375918
0.974303 0.22095 0.043745 -252.715 -0.221478 0.975136 0.00754691 45.5341 -0.0409898 -0.0170415 0.999014 0.438404
0.974226 0.220575 0.047217 -255.353 -0.221214 0.975186 0.00869298 46.0125 -0.044128 -0.018914 0.998847 0.502835
0.974111 0.220932 0.0479023 -258.031 -0.221647 0.975074 0.0100886 46.5093 -0.0444794 -0.0204448 0.998801 0.561158
0.973964 0.222322 0.0443421 -260.743 -0.222905 0.974802 0.00861069 46.9891 -0.0413105 -0.0182706 0.998979 0.655244
0.973787 0.222731 0.0461302 -263.418 -0.22346 0.974648 0.0112273 47.4887 -0.0424601 -0.0212412 0.998872 0.700525
0.973716 0.223318 0.0447638 -266.123 -0.224158 0.974442 0.0146476 47.9788 -0.0403487 -0.0242968 0.99889 0.737629
0.973546 0.223866 0.0457309 -268.822 -0.224759 0.974293 0.0153618 48.4415 -0.0411163 -0.0252339 0.998836 0.813139
0.973549 0.223676 0.0465819 -271.51 -0.224686 0.974271 0.0176544 48.9473 -0.0414345 -0.0276538 0.998758 0.821919
0.973558 0.223598 0.0467716 -274.196 -0.224709 0.974221 0.0199626 49.4657 -0.0411023 -0.0299448 0.998706 0.853938
0.973585 0.223057 0.0487447 -276.884 -0.224331 0.974256 0.0223748 49.9536 -0.0424989 -0.0327188 0.998561 0.912734
0.973469 0.223112 0.0507773 -279.562 -0.224518 0.974178 0.0238327 50.4472 -0.0441488 -0.0346008 0.998426 0.989347
0.973583 0.223006 0.0490275 -282.287 -0.22445 0.974134 0.026161 50.9383 -0.0419253 -0.0364741 0.998455 1.113
0.973266 0.224021 0.0506486 -284.959 -0.22553 0.973882 0.0262692 51.4711 -0.0434409 -0.0369897 0.998371 1.18235
0.973545 0.224004 0.045063 -287.668 -0.225462 0.97378 0.030318 51.9686 -0.03709 -0.039676 0.998524 1.24031
0.973363 0.224279 0.0475677 -290.354 -0.225853 0.973676 0.0307464 52.4612 -0.0394198 -0.0406708 0.998395 1.29658
0.97327 0.224412 0.0488159 -293.032 -0.226055 0.973614 0.031193 52.9161 -0.0405278 -0.0413943 0.998321 1.37301
0.973631 0.222755 0.0492085 -295.76 -0.224498 0.973907 0.0332355 53.3933 -0.0405211 -0.0434063 0.998235 1.40942
0.974123 0.220286 0.0505564 -298.449 -0.222077 0.97447 0.0330017 53.883 -0.0419959 -0.0433751 0.998176 1.47011
0.974631 0.218015 0.050621 -301.146 -0.21957 0.97521 0.0274375 54.3524 -0.0433844 -0.0378563 0.998341 1.54194
0.974936 0.216678 0.0504816 -303.856 -0.218071 0.97564 0.0238877 54.8179 -0.0440759 -0.0342976 0.998439 1.58945
0.975143 0.215741 0.0504989 -306.565 -0.21712 0.97586 0.0235642 55.2788 -0.0441961 -0.0339429 0.998446 1.62519
0.974945 0.216054 0.0529202 -309.271 -0.217525 0.975765 0.0237709 55.7456 -0.0465019 -0.0346868 0.998316 1.74274
0.974887 0.215984 0.0542587 -311.959 -0.217483 0.975784 0.023359 56.2174 -0.0478996 -0.0345727 0.998254 1.81612
0.97541 0.21451 0.0505796 -314.666 -0.215943 0.976092 0.0247541 56.6721 -0.0440603 -0.0350678 0.998413 1.93035
0.975592 0.212833 0.0540422 -317.351 -0.214483 0.97636 0.0267644 57.1574 -0.0470683 -0.0377023 0.99818 1.97217
0.975719 0.211909 0.0553553 -320.05 -0.213721 0.976461 0.0290917 57.5938 -0.0478875 -0.0402159 0.998043 2.08874
0.976018 0.211375 0.0520417 -322.763 -0.213085 0.976579 0.0297937 58.064 -0.0445253 -0.0401685 0.9982 2.14395
0.975697 0.212184 0.0546992 -325.459 -0.213861 0.976495 0.02682 58.5133 -0.0477227 -0.0378662 0.998143 2.23079
0.975166 0.213433 0.0591242 -328.171 -0.215106 0.976308 0.023474 58.9514 -0.0527134 -0.0356091 0.997975 2.30765
0.97502 0.214561 0.0574222 -329.529 -0.216129 0.976103 0.0225872 59.1663 -0.0512036 -0.0344336 0.998095 2.40064
