1 0 0 0 0 1 0 0 0 0 1 0
0.991593 0.128509 0.015112 -0.235864 -0.128327 0.991654 -0.0124127 -1.13068 -0.016581 0.0103691 0.999809 -0.0671345
0.948218 0.314317 0.0456958 -0.984489 -0.313894 0.949317 -0.0163477 -2.2018 -0.0485181 0.0011576 0.998822 -0.245742
0.877732 0.472488 0.0796338 -1.61244 -0.471928 0.881226 -0.026907 -2.62833 -0.0828886 -0.0139643 0.996461 -0.31882
0.786218 0.607359 0.113917 -2.02561 -0.606089 0.793856 -0.0494895 -2.55739 -0.120492 -0.0301345 0.992257 -0.2934
0.681906 0.722378 0.114777 -2.18664 -0.72197 0.689908 -0.0527867 -2.06704 -0.117318 -0.0468702 0.991988 -0.224141
0.552691 0.822046 0.137013 -1.88838 -0.821461 0.565082 -0.0767044 -1.27683 -0.140478 -0.0701568 0.987595 -0.0584619
0.413354 0.900116 0.137588 -1.15372 -0.900359 0.426591 -0.0858703 -0.271438 -0.135987 -0.088384 0.98676 -0.095654
0.259542 0.956742 0.131469 0.153777 -0.957928 0.272319 -0.090641 0.805031 -0.122521 -0.102412 0.987168 -0.173334
0.130311 0.984398 0.118233 2.34966 -0.983449 0.143475 -0.110644 2.20789 -0.125881 -0.101858 0.986802 -0.298272
-0.00803242 0.994858 0.100961 5.15151 -0.986608 0.00856415 -0.162883 3.32249 -0.16291 -0.100917 0.981466 -0.297975
-0.140137 0.986825 0.0808659 8.35784 -0.976049 -0.123956 -0.17878 3.9875 -0.166401 -0.103983 0.98056 -0.339744
-0.269173 0.962326 0.0384023 11.9602 -0.944471 -0.255955 -0.206064 4.11447 -0.188471 -0.0917366 0.977785 -0.333057
-0.439832 0.896287 0.0567285 15.7494 -0.880066 -0.417561 -0.226112 3.44452 -0.178974 -0.149376 0.972448 -0.730511
-0.579648 0.814647 0.0189335 19.6685 -0.800426 -0.564867 -0.200607 1.93129 -0.152729 -0.131437 0.979489 -1.14605
-0.675964 0.736621 -0.0215053 23.6954 -0.718389 -0.665177 -0.203607 -0.194832 -0.164286 -0.122182 0.978817 -1.41045
-0.765756 0.642714 -0.0231593 27.3818 -0.625498 -0.752652 -0.205588 -2.87098 -0.149565 -0.142944 0.978365 -1.67915
-0.854686 0.518125 -0.0325493 30.8564 -0.49995 -0.838355 -0.217282 -6.65447 -0.139867 -0.169435 0.975566 -2.08816
-0.926391 0.376296 -0.0141882 33.9831 -0.361797 -0.89988 -0.243555 -11.5182 -0.104416 -0.220494 0.969783 -2.95951
-0.98736 0.156717 -0.0236515 36.1525 -0.145522 -0.955532 -0.25648 -17.2751 -0.0627946 -0.249796 0.96626 -4.1934
-0.998691 -0.0323896 -0.0395802 37.0321 0.040909 -0.970368 -0.238144 -23.1653 -0.0306941 -0.239452 0.970423 -5.51176
-0.988044 -0.154134 -0.00336527 36.8966 0.149603 -0.953269 -0.262483 -29.2298 0.0372496 -0.259848 0.964931 -6.98862
-0.904258 -0.426094 -0.0275948 34.6049 0.41587 -0.864223 -0.283146 -35.4174 0.0967989 -0.267513 0.95868 -8.55803
-0.764637 -0.644434 0.00597473 30.9897 0.622564 -0.74102 -0.251601 -41.3272 0.166567 -0.188664 0.967813 -9.85403
-0.515582 -0.855329 0.0508742 25.984 0.824179 -0.511291 -0.24354 -46.5054 0.234318 -0.0836353 0.968556 -10.9654
-0.23166 -0.970181 0.0712945 20.7521 0.942421 -0.241994 -0.230828 -50.2874 0.241197 0.0137158 0.970379 -11.432
0.0760423 -0.993241 0.0876934 14.1044 0.974774 0.0555422 -0.216174 -52.0154 0.209842 0.10192 0.972409 -11.2825
0.390817 -0.915781 0.0927718 7.57978 0.907949 0.366971 -0.20239 -52.0122 0.1513 0.163329 0.974901 -10.9356
0.701361 -0.704746 0.106891 0.767911 0.709702 0.676429 -0.196892 -49.6271 0.0664548 0.213953 0.974581 -9.87882
0.868705 -0.493144 0.0464748 -5.15607 0.492914 0.851401 -0.17931 -44.8341 0.0488571 0.178676 0.982694 -8.95176
0.987976 -0.146803 0.0484971 -9.00669 0.152962 0.973768 -0.168458 -38.5092 -0.0224947 0.173851 0.984515 -8.16007
0.978439 0.161782 0.128385 -11.0199 -0.13972 0.976277 -0.165415 -31.3103 -0.152101 0.143911 0.977832 -7.08967
0.843821 0.50327 0.186241 -10.4039 -0.460721 0.857381 -0.229422 -24.2496 -0.275141 0.107785 0.955343 -6.0086
0.588103 0.792151 0.163193 -7.0938 -0.735131 0.60768 -0.300512 -17.8456 -0.33722 0.056764 0.939713 -5.02385
0.288481 0.957483 -0.00248275 -1.8884 -0.847377 0.254098 -0.466247 -13.5361 -0.445793 0.136607 0.884651 -3.05945
-0.0964526 0.9885 -0.116469 4.95502 -0.847627 -0.142913 -0.510984 -11.6974 -0.521752 0.0494366 0.851664 -1.4255
-0.49275 0.85365 -0.168757 12.0358 -0.658676 -0.492637 -0.568731 -12.3558 -0.568634 -0.169086 0.805025 -0.869924
-0.817312 0.533848 -0.216815 17.6801 -0.360191 -0.767069 -0.530913 -15.3942 -0.449738 -0.355826 0.819221 -1.52739
-0.91204 0.304339 -0.274885 22.003 -0.131406 -0.851814 -0.507095 -18.9815 -0.388479 -0.42637 0.81688 -2.59889
-0.933729 0.0822243 -0.348411 26.0143 0.111006 -0.858786 -0.500165 -23.9126 -0.340336 -0.505695 0.792745 -4.34747
-0.877284 -0.167145 -0.44993 28.5742 0.393495 -0.787228 -0.474799 -29.9351 -0.274837 -0.593578 0.756393 -7.04255
-0.784549 -0.430422 -0.446342 29.3142 0.610379 -0.662836 -0.433689 -36.7623 -0.109182 -0.612688 0.782747 -10.8094
-0.60285 -0.661265 -0.446431 27.1944 0.794681 -0.447805 -0.40982 -42.857 0.071085 -0.60183 0.795454 -15.3678
-0.396674 -0.807704 -0.436194 23.2405 0.86486 -0.169571 -0.472507 -47.2834 0.30768 -0.564678 0.765815 -20.4954
-0.211262 -0.880443 -0.424488 18.0899 0.841036 0.0575365 -0.537911 -50.1264 0.498023 -0.470649 0.728328 -25.7289
-0.0531173 -0.911382 -0.408119 12.2775 0.758285 0.229115 -0.610336 -51.2736 0.649756 -0.34189 0.678917 -30.4011
0.172886 -0.914109 -0.366763 5.85541 0.690478 0.37803 -0.616712 -51.3782 0.70239 -0.146621 0.696528 -34.0009
0.413357 -0.851429 -0.322807 -1.50652 0.586678 0.520149 -0.620688 -50.231 0.69638 0.0671819 0.714522 -36.4269
0.642126 -0.714198 -0.278561 -9.3955 0.437471 0.639785 -0.631898 -47.4061 0.629519 0.283895 0.723263 -37.0788
0.822602 -0.512854 -0.245575 -17.1551 0.252291 0.716231 -0.650663 -42.8671 0.509584 0.47328 0.718561 -35.6786
0.92673 -0.248494 -0.281821 -23.6837 0.0234388 0.786839 -0.616714 -36.8485 0.374997 0.564921 0.735011 -33.0904
0.954197 0.0562439 -0.293847 -27.8944 -0.220253 0.796769 -0.562715 -29.5898 0.202479 0.601661 0.772662 -29.3508
0.90802 0.238126 -0.344669 -30.3638 -0.404278 0.713754 -0.57194 -21.982 0.109815 0.658675 0.744371 -24.5973
0.869333 0.367487 -0.330475 -31.0899 -0.49372 0.615457 -0.614373 -14.7266 -0.0223805 0.697257 0.716472 -18.5367
0.802596 0.489668 -0.340684 -30.4026 -0.584072 0.528996 -0.615649 -7.88935 -0.121243 0.693101 0.710571 -12.0815
0.722661 0.598646 -0.34552 -28.284 -0.661945 0.455502 -0.595271 -1.43586 -0.198971 0.658894 0.725444 -5.57161
0.668204 0.671042 -0.321259 -25.357 -0.689404 0.396151 -0.606454 4.35828 -0.279689 0.626712 0.727328 0.986679
0.582313 0.743411 -0.329017 -21.8073 -0.736605 0.311235 -0.600455 9.59024 -0.343983 0.592008 0.728836 7.26718
0.468778 0.813515 -0.344153 -16.9531 -0.79985 0.225615 -0.556181 14.2704 -0.374815 0.535996 0.756453 13.2521
0.364022 0.873773 -0.322505 -11.205 -0.790256 0.106497 -0.603452 17.8578 -0.492934 0.474532 0.729271 19.0997
0.247241 0.911045 -0.329954 -4.80829 -0.771962 -0.0206038 -0.635335 20.5805 -0.585617 0.411793 0.698197 25.1785
0.118433 0.927903 -0.353511 2.27055 -0.749071 -0.150213 -0.645236 22.244 -0.651818 0.341222 0.677275 31.1547
3.30732e-05 0.931259 -0.364359 10.2748 -0.704388 -0.258606 -0.66103 22.6434 -0.709815 0.256672 0.655959 36.8417
-0.131677 0.920569 -0.367715 19.1131 -0.663422 -0.357464 -0.657337 21.8739 -0.736568 0.157394 0.657795 41.7376
-0.24241 0.879948 -0.408569 28.1895 -0.60139 -0.46675 -0.648441 19.9089 -0.761294 0.0885205 0.642337 46.2766
-0.366799 0.82004 -0.43931 36.9612 -0.524815 -0.572306 -0.630107 16.6736 -0.768133 -0.000565987 0.640291 49.8818
-0.500124 0.732998 -0.461076 45.4634 -0.349451 -0.658004 -0.667019 11.9164 -0.792313 -0.172468 0.58523 52.0628
-0.6832 0.569977 -0.45647 53.3814 -0.220634 -0.75701 -0.615026 5.72655 -0.696103 -0.319473 0.642945 52.5921
-0.795591 0.392673 -0.46135 60.1996 -0.0207647 -0.778738 -0.627006 -1.50392 -0.605479 -0.48926 0.62771 51.374
-0.853323 0.19435 -0.483807 65.6835 0.191379 -0.746401 -0.637386 -9.65018 -0.48499 -0.636486 0.599726 48.2218
-0.88312 -0.0157879 -0.468883 69.3491 0.3608 -0.661678 -0.657272 -17.7682 -0.299873 -0.749622 0.590037 43.2023
-0.865117 -0.215735 -0.452804 71.2673 0.491531 -0.544373 -0.679747 -25.2755 -0.0998494 -0.810628 0.576986 36.7142
-0.773077 -0.44965 -0.447401 70.688 0.611383 -0.340276 -0.714439 -31.7472 0.169007 -0.82585 0.537968 28.2461
-0.581352 -0.69069 -0.43009 67.4262 0.673046 -0.111189 -0.731195 -36.1779 0.457208 -0.714552 0.529506 20.1876
-0.306497 -0.842518 -0.442971 60.8953 0.673867 0.136623 -0.726111 -38.5314 0.672281 -0.521055 0.525871 12.2361
-0.00522476 -0.887392 -0.460987 51.7306 0.589867 0.369514 -0.717995 -38.031 0.807484 -0.275672 0.521512 5.65061
0.280233 -0.842483 -0.460101 40.9755 0.446965 0.538695 -0.714164 -34.6083 0.849525 -0.0055168 0.52752 1.65579
0.478503 -0.744131 -0.466159 30.1323 0.295804 0.636455 -0.712338 -29.1918 0.826762 0.202963 0.524662 0.0155308
0.643432 -0.583392 -0.49563 19.7875 0.102183 0.707118 -0.699674 -21.8783 0.758653 0.399547 0.514595 0.695252
0.77212 -0.362292 -0.522088 11.061 -0.120061 0.723607 -0.67969 -13.1491 0.624033 0.587485 0.515214 4.17091
0.835284 -0.0790879 -0.544102 4.85116 -0.340633 0.702367 -0.62502 -3.04283 0.431591 0.707408 0.559735 10.1681
0.804626 0.194238 -0.561114 1.99781 -0.54652 0.611715 -0.571945 7.35021 0.232149 0.766862 0.598357 18.1388
0.501612 0.605761 -0.617608 5.59948 -0.857092 0.25112 -0.449815 15.3942 -0.117386 0.754979 0.645157 28.1231
-0.00816531 0.82788 -0.560846 15.3784 -0.887168 -0.264775 -0.377926 17.8549 -0.461375 0.494479 0.73663 37.7452
-0.504862 0.714098 -0.484952 27.5927 -0.536857 -0.699688 -0.471403 12.39 -0.675943 0.022357 0.736615 43.1419
-0.870115 0.26906 -0.412925 37.0415 -0.00335982 -0.841051 -0.540946 1.14162 -0.492838 -0.469298 0.732714 41.2214
-0.87641 -0.281173 -0.390957 39.723 0.471582 -0.665555 -0.578487 -10.9644 -0.0975488 -0.691361 0.715895 33.9655
-0.635591 -0.668823 -0.385617 35.6542 0.707355 -0.304383 -0.637965 -20.2348 0.30931 -0.678253 0.666559 23.8687
-0.186385 -0.913671 -0.361203 25.355 0.719224 0.123569 -0.683701 -24.6193 0.669311 -0.387218 0.634102 14.51
0.361407 -0.834837 -0.415251 12.4359 0.403668 0.541544 -0.737416 -21.2358 0.840499 0.0988832 0.532714 10.217
0.851864 -0.0931621 -0.515412 5.15129 -0.246459 0.797002 -0.551404 -8.93703 0.462155 0.596748 0.655976 15.0702
0.336287 0.94175 -0.00423928 15.7249 -0.822511 0.291511 -0.488362 -0.118099 -0.458679 0.167717 0.872631 20.8126
-0.930864 0.271327 0.244692 27.3573 -0.341368 -0.407146 -0.847172 -4.50929 -0.130236 -0.872132 0.471619 10.1311
-0.426138 -0.888492 -0.170262 17.882 0.28456 0.047006 -0.957505 -7.49539 0.858739 -0.456479 0.232798 -2.47578
0.808324 -0.514791 -0.285662 3.26931 -0.0218911 0.458593 -0.888377 -1.42692 0.588331 0.72435 0.359422 3.36543
0.682513 0.730872 0.00143764 8.21109 -0.43976 0.412233 -0.79792 7.54362 -0.58377 0.543959 0.602762 16.6933
0.0334283 0.979233 0.199963 20.8451 -0.774328 0.151874 -0.614289 15.075 -0.631901 -0.134302 0.763325 20.0635
-0.51084 0.829107 0.227211 35.6098 -0.77944 -0.335198 -0.529259 15.3435 -0.362652 -0.447464 0.817472 16.9802
-0.0303429 0.189781 0.981358 38.8538 -0.816056 -0.571642 0.0853163 13.353 0.577176 -0.798254 0.172218 2.51196
0.784234 -0.141005 0.604231 31.9273 -0.264448 -0.956915 0.119921 2.54455 0.561288 -0.253834 -0.787734 -5.11404
0.945029 0.295129 -0.140783 29.0622 0.257041 -0.936622 -0.238053 -11.3462 -0.202116 0.18878 -0.960995 -1.82479
0.425754 0.798691 -0.425237 36.8182 0.399665 -0.587623 -0.703539 -22.5761 -0.811789 0.129583 -0.569392 5.28932
-0.272058 0.899846 -0.340973 50.8627 0.552441 -0.144074 -0.821007 -28.5854 -0.787905 -0.411728 -0.457915 4.92316
-0.727476 0.612366 -0.309494 63.9833 0.557916 0.265377 -0.786324 -28.7435 -0.399386 -0.744703 -0.534704 -2.8081
-0.942196 0.0988757 -0.320142 71.4536 0.316368 0.577217 -0.752816 -22.9032 0.110356 -0.810583 -0.575133 -15.493
-0.82644 -0.445732 -0.343977 69.9934 -0.0658004 0.683222 -0.727241 -12.8922 0.559166 -0.578387 -0.593971 -27.6938
-0.413315 -0.829778 -0.37502 60.3621 -0.409807 0.537282 -0.737148 -2.96589 0.81316 -0.150989 -0.562115 -35.2878
0.194354 -0.869539 -0.454014 46.1398 -0.682283 0.212711 -0.69946 3.81026 0.704782 0.445709 -0.551931 -33.0489
0.682228 -0.501904 -0.531655 34.8889 -0.701659 -0.245042 -0.669051 4.22333 0.205522 0.829486 -0.51934 -22.1821
0.836027 0.0857651 -0.541945 31.2122 -0.356865 -0.665265 -0.655797 -4.10599 -0.416781 0.741665 -0.525573 -7.73847
0.649556 0.511132 -0.562869 35.4827 0.015576 -0.749101 -0.662273 -15.6766 -0.760154 0.421416 -0.494545 4.20427
0.26505 0.673988 -0.689557 45.2685 0.0807762 -0.72814 -0.680652 -27.7089 -0.960846 0.124707 -0.247436 11.3919
0.0571707 0.737895 -0.672489 57.4294 0.348926 -0.645881 -0.679036 -40.3649 -0.935405 -0.195828 -0.294397 13.4591
-0.229895 0.754201 -0.615085 71.4349 0.503373 -0.448759 -0.738398 -51.1349 -0.832925 -0.479371 -0.276477 9.91747
-0.548708 0.655575 -0.518787 85.5421 0.56985 -0.160765 -0.80587 -57.0842 -0.611712 -0.737818 -0.285367 -0.254552
-0.889749 0.0571954 -0.452852 90.6794 0.442825 0.348756 -0.826 -53.2504 0.110691 -0.935467 -0.335633 -17.5578
-0.588621 -0.653669 -0.475649 81.9288 0.0524349 0.556267 -0.829348 -44.214 0.806707 -0.513113 -0.293155 -30.2162
-0.00450869 -0.755077 -0.655621 68.9665 -0.341153 0.617456 -0.708776 -32.4939 0.939997 0.220471 -0.260381 -31
0.508962 -0.519728 -0.686178 58.0756 -0.718085 0.183222 -0.671405 -26.8618 0.474671 0.834453 -0.279956 -19.8262
0.623468 -0.0714622 -0.778576 53.6069 -0.716048 -0.452056 -0.531904 -29.746 -0.313949 0.889123 -0.333013 -6.04867
0.196631 0.20325 -0.95918 54.9184 0.00349242 -0.978417 -0.20661 -43.3506 -0.980471 0.0372763 -0.193098 -0.786844
-0.233882 -0.0846865 -0.96857 54.2363 0.848073 -0.504944 -0.160636 -54.0522 -0.47547 -0.858988 0.189917 -10.2573
-0.208297 -0.513743 -0.832275 47.9084 0.792145 0.410509 -0.451651 -52.5472 0.573689 -0.75336 0.321451 -23.2076
0.231719 -0.584267 -0.777778 38.8318 -0.0519972 0.790957 -0.609659 -41.9756 0.971392 0.181712 0.1529 -24.7213
0.511977 -0.193824 -0.836847 34.2004 -0.793404 0.266684 -0.547166 -35.8088 0.329228 0.944093 -0.017245 -13.5601
0.364809 0.278147 -0.888565 36.2121 -0.681399 -0.570606 -0.458372 -40.9088 -0.634515 0.772686 -0.0186332 -1.17543
