1 0 0 0 0 1 0 0 0 0 1 0
0.999807 -0.0161489 -0.011228 -2.40468 0.0162836 0.999795 0.0120132 -0.212969 0.0110317 -0.0121937 0.999865 0.0269838
0.999875 -0.0123837 -0.00985677 -4.8973 0.0125083 0.999841 0.012685 -0.361959 0.00969812 -0.0128067 0.999871 -0.0229582
0.999929 -0.00871614 -0.00806468 -7.37279 0.00882688 0.999866 0.013799 -0.512224 0.00794333 -0.0138692 0.999872 -0.0821859
0.999933 -0.00734009 -0.00889913 -9.8838 0.0074707 0.999864 0.0147332 -0.661928 0.00878978 -0.0147987 0.999852 -0.14319
0.999905 -0.00823377 -0.0110557 -12.4197 0.0083987 0.999853 0.0149561 -0.819743 0.0109309 -0.0150475 0.999827 -0.214621
0.999882 -0.00864591 -0.0127228 -14.8943 0.00885122 0.99983 0.0161707 -0.962407 0.0125808 -0.0162814 0.999788 -0.271182
0.999866 -0.0094019 -0.0133862 -17.393 0.00961871 0.999822 0.0162254 -1.09761 0.0132313 -0.0163519 0.999779 -0.331994
0.999793 -0.00899793 -0.0182333 -19.8543 0.00931506 0.999806 0.0173829 -1.24433 0.0180733 -0.0175492 0.999683 -0.409014
0.999804 -0.00865441 -0.0178204 -22.3532 0.00896548 0.999808 0.0174505 -1.36559 0.0176659 -0.0176069 0.999689 -0.476988
0.999771 -0.00817872 -0.0197947 -24.8705 0.00853023 0.999806 0.0177389 -1.52544 0.0196458 -0.0179037 0.999647 -0.525378
0.999793 -0.00778996 -0.0187815 -27.3668 0.00814493 0.999788 0.018898 -1.65597 0.0186303 -0.019047 0.999645 -0.612968
0.999795 -0.00780164 -0.018688 -29.841 0.0081707 0.999772 0.0197539 -1.79524 0.0185296 -0.0199025 0.99963 -0.709655
0.99973 -0.00881966 -0.0214815 -32.3243 0.00922846 0.999777 0.0190061 -1.95017 0.021309 -0.0191992 0.999589 -0.812633
0.999736 -0.0105247 -0.020404 -34.8513 0.0109076 0.999765 0.0187472 -2.12162 0.0202019 -0.0189648 0.999616 -0.909485
0.999691 -0.0115147 -0.0220398 -37.3498 0.0119061 0.999772 0.0177121 -2.27169 0.0218309 -0.0179691 0.9996 -1.00631
0.99968 -0.0106512 -0.022968 -39.8552 0.0110626 0.999779 0.0178592 -2.43023 0.0227727 -0.0181076 0.999577 -1.08306
0.999605 -0.00657186 -0.0273326 -42.2742 0.00706543 0.999813 0.0180007 -2.56756 0.0272092 -0.0181867 0.999465 -1.17584
0.999601 -0.00205645 -0.0281615 -44.775 0.00256929 0.999831 0.0181869 -2.67875 0.0281193 -0.018252 0.999438 -1.26462
0.999555 0.00352695 -0.029603 -47.2531 -0.00297111 0.999819 0.0187998 -2.82673 0.029664 -0.0187035 0.999385 -1.36557
0.999524 0.00896607 -0.0295327 -49.7429 -0.00838805 0.999772 0.0196384 -2.92977 0.029702 -0.0193813 0.999371 -1.46947
0.999486 0.0121839 -0.0296398 -52.2383 -0.0115854 0.999727 0.0202789 -3.02983 0.0298788 -0.0199251 0.999355 -1.56642
0.999462 0.0142662 -0.0295223 -54.7318 -0.0136341 0.999676 0.0215029 -3.1163 0.0298195 -0.0210888 0.999333 -1.68218
0.999466 0.0152192 -0.0289255 -57.2047 -0.0145903 0.999655 0.021831 -3.1934 0.0292477 -0.0213973 0.999343 -1.79098
0.999344 0.0162521 -0.0323619 -59.5765 -0.0155813 0.999661 0.020875 -3.28156 0.0326902 -0.0203571 0.999258 -1.89202
0.999142 0.0170099 -0.0377481 -61.8846 -0.0162425 0.999657 0.0205428 -3.36135 0.0380846 -0.0199121 0.999076 -2.00529
0.999157 0.0146127 -0.038359 -64.3472 -0.0137714 0.999661 0.0221073 -3.44206 0.0386691 -0.0215604 0.99902 -2.13916
0.999175 0.0130632 -0.038452 -66.8113 -0.0121754 0.999656 0.0232324 -3.52105 0.0387422 -0.0227451 0.99899 -2.28924
0.99927 0.0121851 -0.0361987 -69.2716 -0.0113181 0.999646 0.0240606 -3.63849 0.0364791 -0.0236334 0.999055 -2.41325
0.999355 0.0123747 -0.0337012 -71.7236 -0.0115875 0.999658 0.0234552 -3.72452 0.0339799 -0.0230496 0.999157 -2.53178
0.99926 0.0129111 -0.0362351 -74.1398 -0.0121379 0.999696 0.0214802 -3.82196 0.0365014 -0.0210245 0.999113 -2.57854
0.999309 0.0125953 -0.0349757 -76.5891 -0.0118271 0.999686 0.0220859 -3.88925 0.0352429 -0.021657 0.999144 -2.69044
0.999357 0.0130377 -0.0333901 -78.9982 -0.0123646 0.999718 0.0202884 -3.93293 0.0336452 -0.0198625 0.999237 -2.75415
0.999371 0.0119037 -0.0334147 -81.4509 -0.0111949 0.99971 0.0213183 -4.02497 0.0336588 -0.0209308 0.999214 -2.88593
0.999399 0.0105483 -0.0330139 -83.9 -0.00979554 0.99969 0.02288 -4.11919 0.033245 -0.0225428 0.999193 -3.01272
0.999209 0.00704523 -0.0391461 -86.422 -0.00616693 0.999728 0.0225123 -4.23919 0.039294 -0.022253 0.99898 -3.11772
0.999109 0.00339243 -0.0420556 -88.8551 -0.00239236 0.999714 0.0238073 -4.36687 0.0421243 -0.0236855 0.998832 -3.29186
0.998971 -0.00167257 -0.0453166 -91.3127 0.00267969 0.999751 0.0221725 -4.48917 0.0452683 -0.0222712 0.998727 -3.41385
0.998721 -0.00746553 -0.0500088 -93.7639 0.0085643 0.999726 0.0217933 -4.61893 0.0498324 -0.0221937 0.998511 -3.55463
0.998778 -0.0119048 -0.0479542 -96.2161 0.0130099 0.999655 0.0227999 -4.76854 0.0476663 -0.0233959 0.998589 -3.69451
0.998763 -0.015133 -0.0473539 -98.668 0.0162429 0.9996 0.0231413 -4.93321 0.0469847 -0.0238819 0.99861 -3.83194
0.998784 -0.017544 -0.0460676 -101.106 0.0186544 0.999543 0.0237857 -5.11007 0.0456292 -0.0246161 0.998655 -3.96523
0.998713 -0.0189249 -0.0470572 -103.557 0.0200876 0.999501 0.0243603 -5.27613 0.0465727 -0.0252742 0.998595 -4.09534
0.998729 -0.0193315 -0.0465523 -105.997 0.0204656 0.999502 0.0240091 -5.44189 0.046065 -0.0249313 0.998627 -4.20844
0.998684 -0.0186232 -0.0477804 -108.456 0.019769 0.999526 0.0236209 -5.59832 0.0473178 -0.0245344 0.998579 -4.35218
0.998741 -0.0166982 -0.0473087 -110.893 0.0176551 0.999647 0.019882 -5.76808 0.04696 -0.0206922 0.998683 -4.40122
0.998759 -0.0155904 -0.0473046 -113.349 0.0165835 0.999649 0.0206746 -5.92803 0.0469657 -0.0214334 0.998667 -4.5424
0.998724 -0.0151606 -0.0481745 -115.824 0.0162103 0.999638 0.0214751 -6.08476 0.0478315 -0.0222287 0.998608 -4.70553
0.998673 -0.0148735 -0.0493084 -118.296 0.0160007 0.999618 0.0225453 -6.24482 0.0489543 -0.0233044 0.998529 -4.85707
0.998651 -0.015347 -0.0495968 -120.823 0.0165486 0.999577 0.0239093 -6.42105 0.0492089 -0.0246978 0.998483 -5.03834
0.998612 -0.0153992 -0.0503727 -123.311 0.0165883 0.999592 0.0232738 -6.56684 0.0499937 -0.0240771 0.99846 -5.1753
0.998572 -0.0152031 -0.0512024 -125.798 0.0163133 0.999639 0.0213344 -6.73729 0.0508596 -0.0221392 0.998461 -5.29154
0.998655 -0.014355 -0.0498209 -128.287 0.0154471 0.999647 0.0216046 -6.87647 0.0494932 -0.0223451 0.998525 -5.43138
0.998469 -0.0137645 -0.0535713 -130.745 0.0148453 0.999693 0.0198282 -7.05362 0.053282 -0.0205931 0.998367 -5.54243
0.998523 -0.0151388 -0.0521688 -133.245 0.0162461 0.99965 0.0208682 -7.21469 0.0518347 -0.0216849 0.99842 -5.70506
0.998482 -0.0170008 -0.0523897 -135.733 0.0181528 0.999602 0.0215912 -7.38501 0.0520018 -0.0225095 0.998393 -5.85905
0.998441 -0.0197337 -0.0522112 -138.227 0.0209417 0.999523 0.0226906 -7.56755 0.0517385 -0.0237486 0.998378 -6.0252
0.998284 -0.0230055 -0.0538536 -140.722 0.0242598 0.999447 0.0227541 -7.74629 0.0533004 -0.0240215 0.99829 -6.1944
0.998241 -0.0259302 -0.0533111 -143.2 0.0271818 0.999369 0.0228881 -7.91095 0.052684 -0.0242969 0.998316 -6.38331
0.9982 -0.0257546 -0.0541582 -145.68 0.0270393 0.999367 0.0231235 -8.11149 0.0535284 -0.0245462 0.998265 -6.52754
0.997929 -0.0258692 -0.0588931 -148.203 0.0272566 0.999367 0.0228777 -8.30286 0.058264 -0.0244356 0.998002 -6.6968
0.997867 -0.0250597 -0.0602757 -150.696 0.0265119 0.999374 0.0234141 -8.50075 0.0596513 -0.0249622 0.997907 -6.86984
0.997807 -0.0244341 -0.0615173 -153.208 0.0259464 0.999378 0.023904 -8.68746 0.0608949 -0.0254477 0.99782 -7.04816
0.997728 -0.0229854 -0.0633226 -155.703 0.0246494 0.999368 0.0256238 -8.89518 0.0626936 -0.0271265 0.997664 -7.24599
0.997602 -0.0216884 -0.0657186 -158.23 0.0233497 0.999424 0.024618 -9.07248 0.0651469 -0.0260935 0.997535 -7.43073
0.997604 -0.0203717 -0.0661188 -160.751 0.0221324 0.999417 0.0260076 -9.25834 0.0655504 -0.0274086 0.997473 -7.64123
0.99753 -0.0212652 -0.0669453 -163.33 0.0231623 0.999348 0.0276903 -9.43841 0.0663129 -0.0291725 0.997372 -7.86099
0.997281 -0.020924 -0.070659 -165.857 0.023008 0.99932 0.0288104 -9.60867 0.0700082 -0.0303578 0.997084 -8.04357
0.996993 -0.021693 -0.0743871 -168.383 0.0242065 0.999161 0.0330558 -9.79094 0.0736076 -0.0347571 0.996682 -8.26577
0.996807 -0.0245916 -0.0759679 -170.888 0.0271359 0.999099 0.0326427 -9.98373 0.0750967 -0.0345999 0.996576 -8.48982
0.996284 -0.0280488 -0.0814254 -173.331 0.030886 0.998952 0.033796 -10.192 0.0803921 -0.0361853 0.996106 -8.7309
0.995975 -0.0348789 -0.0825663 -175.855 0.0378301 0.99869 0.0344524 -10.4023 0.0812565 -0.0374373 0.99599 -8.96264
0.995544 -0.0409426 -0.0849406 -178.377 0.0439947 0.99844 0.0343763 -10.6243 0.0834006 -0.0379601 0.995793 -9.18999
0.995138 -0.043748 -0.088242 -180.831 0.0470228 0.998267 0.0353788 -10.8688 0.0865414 -0.0393562 0.995471 -9.40645
0.994758 -0.0464347 -0.0911066 -183.351 0.0498474 0.998124 0.0355457 -11.1142 0.0892852 -0.0399008 0.995207 -9.64196
0.99435 -0.0480657 -0.0946439 -185.847 0.0516986 0.998002 0.0363133 -11.3819 0.0927095 -0.0410011 0.994849 -9.88892
0.994159 -0.0496384 -0.0958289 -188.354 0.0533477 0.997907 0.0365405 -11.6485 0.0938146 -0.0414394 0.994727 -10.159
0.993415 -0.0501801 -0.102999 -190.865 0.0540272 0.997929 0.0349053 -11.9161 0.101035 -0.0402402 0.994069 -10.4015
0.993374 -0.0480234 -0.104406 -193.326 0.0520688 0.997981 0.0363711 -12.1716 0.102449 -0.0415665 0.99387 -10.6748
0.993166 -0.0462127 -0.107172 -195.836 0.0504448 0.998037 0.0371184 -12.421 0.105246 -0.042271 0.993548 -10.9655
0.99299 -0.0424195 -0.11032 -198.321 0.0468255 0.998193 0.0376572 -12.6706 0.108524 -0.0425591 0.993183 -11.2694
0.992932 -0.0382713 -0.112342 -200.798 0.0427858 0.998359 0.0380523 -12.8972 0.110702 -0.04259 0.992941 -11.5805
0.992844 -0.0352565 -0.114091 -203.313 0.0399235 0.998446 0.0388823 -13.1341 0.112543 -0.043159 0.992709 -11.8962
0.992863 -0.032095 -0.114863 -205.812 0.0368142 0.998553 0.0392025 -13.3672 0.113438 -0.0431513 0.992608 -12.1969
0.99225 -0.0299963 -0.120584 -208.28 0.0350845 0.998572 0.0402968 -13.5717 0.119203 -0.0442152 0.991885 -12.5129
0.992119 -0.0289559 -0.121904 -210.806 0.0342447 0.998551 0.0415151 -13.758 0.120526 -0.0453626 0.991673 -12.8621
0.992006 -0.0284193 -0.122944 -213.342 0.0337003 0.998587 0.0410895 -13.9922 0.121603 -0.0449043 0.991563 -13.1979
0.991992 -0.0273138 -0.123311 -215.855 0.0326214 0.998617 0.0412296 -14.2051 0.122015 -0.044922 0.991511 -13.5425
0.991638 -0.0268983 -0.126215 -218.381 0.0322951 0.998641 0.0409082 -14.4234 0.124944 -0.0446423 0.991159 -13.8928
0.99132 -0.0262118 -0.128831 -220.878 0.031757 0.998647 0.0411784 -14.6197 0.127577 -0.0449123 0.990811 -14.2309
0.991281 -0.0259674 -0.129179 -223.421 0.0315918 0.998631 0.0416823 -14.8163 0.12792 -0.0453999 0.990745 -14.6095
0.991206 -0.0254549 -0.129854 -225.949 0.0309287 0.998708 0.0403123 -15.0242 0.12866 -0.043974 0.990714 -14.9448
0.99099 -0.0238383 -0.131795 -228.421 0.0293993 0.998751 0.0404107 -15.2253 0.130667 -0.0439213 0.990453 -15.2993
0.990607 -0.0229228 -0.134802 -230.893 0.0286765 0.998752 0.0408969 -15.422 0.133696 -0.0443784 0.990028 -15.6606
0.990398 -0.0237085 -0.136196 -233.442 0.0296053 0.998703 0.0414345 -15.6213 0.135037 -0.0450688 0.989815 -16.0238
0.990288 -0.0233939 -0.137048 -235.963 0.0294492 0.99867 0.042324 -15.8051 0.135875 -0.0459489 0.98966 -16.4215
0.99007 -0.0231042 -0.138663 -238.513 0.0292689 0.998664 0.0425851 -16.0222 0.137493 -0.0462208 0.989424 -16.7979
0.990067 -0.0223179 -0.138816 -241.057 0.0284336 0.998703 0.0422299 -16.2221 0.137694 -0.0457574 0.989417 -17.1904
0.989549 -0.0207328 -0.142697 -243.568 0.0271306 0.998705 0.043036 -16.4186 0.14162 -0.0464577 0.988831 -17.5883
0.989175 -0.0201658 -0.145345 -246.126 0.0266638 0.998724 0.0428983 -16.6259 0.144294 -0.0463094 0.988451 -17.9843
0.989016 -0.0210214 -0.146307 -248.693 0.0275988 0.998691 0.0430724 -16.8249 0.14521 -0.0466372 0.988301 -18.4011
0.988841 -0.0216023 -0.1474 -251.232 0.0283329 0.998642 0.0437162 -17.0229 0.146255 -0.0474046 0.988111 -18.7995
0.988934 -0.0228376 -0.146588 -253.812 0.0296154 0.998583 0.0442219 -17.2341 0.14537 -0.0480738 0.988209 -19.2213
0.988943 -0.023502 -0.146417 -256.403 0.0301333 0.99861 0.0432384 -17.4487 0.145198 -0.0471724 0.988278 -19.6379
0.988778 -0.0237679 -0.147486 -258.987 0.0301932 0.998683 0.0414803 -17.6727 0.146306 -0.0454679 0.988194 -20.058
0.988942 -0.0236535 -0.146405 -261.594 0.0296897 0.998791 0.0391819 -17.88 0.145301 -0.0430954 0.988449 -20.4865
0.988739 -0.023561 -0.147782 -264.205 0.0291385 0.998938 0.0356903 -18.0739 0.146784 -0.0395946 0.988376 -20.876
0.987901 -0.022544 -0.153438 -266.804 0.0284131 0.998942 0.0361657 -18.2838 0.152461 -0.0400878 0.987496 -21.3081
0.988119 -0.0202194 -0.152352 -269.407 0.0263398 0.998921 0.0382621 -18.4775 0.151414 -0.0418205 0.987585 -21.753
0.987504 -0.0195122 -0.156378 -272.05 0.0259527 0.998892 0.0392496 -18.6834 0.155439 -0.0428176 0.986917 -22.1902
0.987219 -0.0185328 -0.158286 -274.69 0.0249424 0.998943 0.0386034 -18.8885 0.157403 -0.0420581 0.986638 -22.6388
0.987582 -0.0192537 -0.155916 -277.329 0.0252994 0.998999 0.0368839 -19.1017 0.15505 -0.0403705 0.987081 -23.0924
0.98687 -0.0204758 -0.160211 -279.97 0.0265095 0.999014 0.0356145 -19.3077 0.159324 -0.039394 0.98644 -23.5595
0.986301 -0.020859 -0.163631 -282.599 0.0269321 0.999025 0.0349838 -19.5336 0.162742 -0.0389115 0.985901 -24.0496
0.986488 -0.021444 -0.162421 -285.218 0.0275126 0.999001 0.0352058 -19.7349 0.161504 -0.0391987 0.986093 -24.5142
0.987093 -0.0209128 -0.158773 -287.86 0.0270545 0.998963 0.0366197 -19.935 0.157843 -0.0404426 0.986636 -24.9823
0.986966 -0.0193998 -0.159751 -290.492 0.0258527 0.998927 0.0384146 -20.1337 0.158835 -0.042044 0.98641 -25.4412
0.986652 -0.0186863 -0.161764 -293.152 0.025328 0.998914 0.0390932 -20.323 0.160858 -0.0426686 0.986055 -25.8754
0.985905 -0.0187787 -0.166248 -295.788 0.0260124 0.998802 0.0414414 -20.5227 0.165271 -0.0451818 0.985213 -26.3502
0.985738 -0.0201383 -0.167075 -298.415 0.0274397 0.998761 0.041508 -20.7165 0.166032 -0.0455006 0.98507 -26.794
0.985719 -0.0223565 -0.166908 -301.054 0.0294116 0.99877 0.0399176 -20.9325 0.165811 -0.0442566 0.985164 -27.2703
0.985337 -0.0238219 -0.168944 -303.668 0.0313235 0.998632 0.0418771 -21.1614 0.167716 -0.0465551 0.984736 -27.7558
0.984699 -0.0249459 -0.172465 -306.305 0.0328709 0.998524 0.0432486 -21.3438 0.171132 -0.048256 0.984066 -28.2483
0.985458 -0.0250937 -0.168054 -308.912 0.0328528 0.998511 0.0435495 -21.5859 0.166711 -0.0484373 0.984815 -28.7514
0.984885 -0.0243169 -0.171491 -311.56 0.0318859 0.998629 0.0415206 -21.8042 0.170246 -0.0463612 0.98431 -29.2464
0.982272 -0.0241576 -0.185895 -313.848 0.0332688 0.998385 0.0460503 -21.9877 0.184482 -0.0514184 0.98149 -29.6394
