1 0 0 0 0 1 0 0 0 0 1 0
0.99998 -0.00608076 0.00177698 -2.72416 0.00608532 0.999978 -0.00257299 -0.164675 -0.0017613 0.00258375 0.999995 -0.0232757
0.999904 -0.0134771 0.00332555 -5.43974 0.0134895 0.999902 -0.00372636 -0.37823 -0.003275 0.00377086 0.999988 -0.0963917
0.999758 -0.0219264 -0.00151763 -8.19498 0.0219198 0.999751 -0.00422159 -0.585599 0.00160981 0.0041873 0.99999 -0.149539
0.999547 -0.0300101 -0.0024257 -10.9176 0.0299946 0.999531 -0.00619661 -0.847815 0.00261053 0.00612105 0.999978 -0.180447
0.999323 -0.0367147 -0.00208909 -13.6336 0.0366918 0.999275 -0.0101141 -1.10007 0.00245891 0.0100306 0.999947 -0.219875
0.999114 -0.041872 -0.00412074 -16.3479 0.041807 0.999016 -0.0147697 -1.37297 0.00473513 0.0145843 0.999882 -0.263325
0.999005 -0.0443731 -0.00444107 -19.0534 0.0443028 0.998908 -0.01484 -1.66019 0.00509471 0.0146285 0.99988 -0.338232
0.998991 -0.0446877 -0.00437402 -21.7822 0.044621 0.998901 -0.0143174 -1.94491 0.00500903 0.0141078 0.999888 -0.364183
0.999044 -0.0430414 -0.00767945 -24.513 0.0429139 0.998949 -0.0160699 -2.24443 0.00836305 0.0157249 0.999841 -0.380807
0.999176 -0.0404776 -0.00295084 -27.2476 0.0404234 0.999045 -0.0165487 -2.49436 0.00361788 0.0164158 0.999859 -0.438498
0.999301 -0.0370697 -0.00488014 -29.9743 0.0369906 0.999196 -0.0154194 -2.74919 0.00544782 0.0152281 0.999869 -0.505268
0.999408 -0.034368 0.00160723 -32.7117 0.0343887 0.99929 -0.0153765 -3.01306 -0.00107762 0.0154227 0.99988 -0.558894
0.999555 -0.0297949 0.00113535 -35.4292 0.0298091 0.999431 -0.0157392 -3.27069 -0.000665758 0.015766 0.999875 -0.56506
0.999671 -0.0256132 -0.00147216 -38.1772 0.0255869 0.999548 -0.015734 -3.5153 0.00187449 0.0156911 0.999875 -0.584425
0.99978 -0.0209405 0.000588397 -40.9206 0.0209471 0.999657 -0.0156899 -3.71697 -0.000259642 0.0156988 0.999877 -0.619911
0.999888 -0.0147996 -0.00227364 -43.6701 0.0147587 0.999745 -0.0170483 -3.92325 0.00252537 0.0170128 0.999852 -0.664991
0.999953 -0.00855487 -0.00443215 -46.3983 0.00847695 0.999814 -0.0173151 -4.11095 0.00457946 0.0172767 0.99984 -0.718263
0.999997 -0.00243091 -0.000688592 -49.1131 0.0024194 0.999865 -0.016259 -4.30137 0.000728024 0.0162573 0.999867 -0.770203
0.999991 0.00232899 0.00357452 -51.8358 -0.00226847 0.999855 -0.0168389 -4.45067 -0.00361322 0.0168306 0.999852 -0.794865
0.999988 0.00461188 0.00185279 -54.5887 -0.00458735 0.999904 -0.0130208 -4.59845 -0.00191266 0.0130121 0.999913 -0.805276
0.999982 0.00555449 0.00217385 -57.3254 -0.00553587 0.999949 -0.00847388 -4.73038 -0.00222081 0.00846169 0.999962 -0.863874
0.999982 0.00515709 0.00294996 -60.0618 -0.0051241 0.999925 -0.0110786 -4.88038 -0.00300688 0.0110632 0.999934 -0.890605
0.999991 0.00283287 0.00301229 -62.7989 -0.00279724 0.999927 -0.0117614 -5.03901 -0.00304539 0.0117528 0.999926 -0.914117
0.999998 -0.000471023 0.00204101 -65.5298 0.000490717 0.999953 -0.00965142 -5.20678 -0.00203637 0.00965239 0.999951 -0.931491
0.999991 -0.00423686 -0.00019364 -68.2589 0.00423534 0.999964 -0.00737267 -5.34614 0.000224871 0.00737177 0.999973 -0.942974
0.999967 -0.00769707 0.00257101 -70.9969 0.00771309 0.99995 -0.00627477 -5.51708 -0.00252259 0.00629439 0.999977 -0.989014
0.999931 -0.0106567 0.00487703 -73.7365 0.0106816 0.99993 -0.00510537 -5.69932 -0.00482229 0.00515711 0.999975 -0.99859
0.999913 -0.0121983 0.00502873 -76.4697 0.01222 0.999916 -0.00430376 -5.88364 -0.00497581 0.00436483 0.999978 -1.03606
0.999883 -0.0144613 0.00506142 -79.2296 0.0144818 0.999887 -0.00402293 -6.08157 -0.00500267 0.00409575 0.999979 -1.03665
0.999851 -0.015484 0.00764028 -81.9414 0.0155307 0.999861 -0.00608846 -6.2788 -0.00754495 0.00620621 0.999952 -1.04138
0.999812 -0.0174283 0.0085385 -84.6712 0.0175074 0.999803 -0.00927303 -6.47953 -0.00837521 0.00942076 0.999921 -1.05321
0.999794 -0.0189387 0.0073632 -87.4063 0.0190007 0.999784 -0.0084369 -6.68784 -0.00720182 0.00857506 0.999937 -1.06478
0.999759 -0.0195286 0.0100396 -90.103 0.0196344 0.999751 -0.0105472 -6.90974 -0.00983111 0.0107418 0.999894 -1.10167
0.999711 -0.0205291 0.0125271 -92.8359 0.0207348 0.999648 -0.0165151 -7.14257 -0.0121837 0.0167701 0.999785 -1.10187
0.999704 -0.021371 0.0116135 -95.5466 0.0215907 0.999584 -0.0191288 -7.37478 -0.0111999 0.0193739 0.99975 -1.11544
0.999656 -0.023035 0.0125256 -98.2715 0.0232559 0.999571 -0.0177786 -7.59173 -0.0121107 0.0180638 0.999764 -1.09678
0.999656 -0.0231044 0.0124478 -100.972 0.0233014 0.999601 -0.015921 -7.79448 -0.012075 0.0162055 0.999796 -1.11894
0.999621 -0.023775 0.0138838 -103.72 0.0239654 0.999618 -0.0137099 -8.00822 -0.0135525 0.0140375 0.99981 -1.14969
0.999573 -0.0225079 0.018624 -106.427 0.0227761 0.999638 -0.0143162 -8.22548 -0.0182951 0.0147342 0.999724 -1.1231
0.999646 -0.0204648 0.0170047 -109.119 0.0207261 0.999667 -0.0153354 -8.47359 -0.0166852 0.0156824 0.999738 -1.09279
0.999628 -0.0193476 0.0192369 -111.838 0.0196305 0.9997 -0.0146245 -8.69252 -0.0189482 0.0149966 0.999708 -1.06603
0.999599 -0.0182293 0.021663 -114.563 0.0185652 0.999709 -0.0154058 -8.88362 -0.0213758 0.0158018 0.999647 -0.988957
0.999587 -0.0181057 0.0223077 -117.274 0.0184219 0.999731 -0.0140495 -9.10258 -0.0220473 0.0144547 0.999653 -1.03151
0.999585 -0.0181112 0.0224087 -119.993 0.0185184 0.999664 -0.0181008 -9.31115 -0.0220733 0.0185083 0.999585 -1.00803
0.999563 -0.0176865 0.0236933 -122.697 0.0180827 0.999698 -0.0166123 -9.51147 -0.0233924 0.0170335 0.999581 -0.984411
0.999627 -0.0175937 0.020883 -125.39 0.0179732 0.999674 -0.0181249 -9.7354 -0.0205573 0.0184935 0.999618 -0.944763
0.99967 -0.017795 0.0185132 -128.007 0.0181515 0.999649 -0.0192667 -9.92211 -0.0181639 0.0195964 0.999643 -0.922072
0.999629 -0.0186614 0.0198179 -130.505 0.0190327 0.999643 -0.0187141 -10.1527 -0.0194616 0.0190844 0.999629 -0.900712
0.999555 -0.0198744 0.0222421 -132.941 0.0202815 0.999628 -0.0182272 -10.3368 -0.0218715 0.0186702 0.999587 -0.858193
0.99954 -0.0209015 0.0219951 -135.248 0.0213592 0.999556 -0.0207806 -10.5446 -0.021551 0.0212408 0.999542 -0.819204
0.999499 -0.0219633 0.0227706 -137.5 0.0224693 0.999501 -0.0222095 -10.7049 -0.0222714 0.02271 0.999494 -0.804852
0.999385 -0.0229188 0.0265302 -139.668 0.0235763 0.999416 -0.02474 -10.8882 -0.0259477 0.0253503 0.999342 -0.761554
0.999205 -0.0233718 0.032299 -141.799 0.0241927 0.999388 -0.025262 -11.0644 -0.0316889 0.0260233 0.999159 -0.727861
0.999433 -0.023753 0.0238761 -143.898 0.024329 0.999412 -0.0241308 -11.2438 -0.0232889 0.024698 0.999424 -0.690861
0.999375 -0.024759 0.0252408 -146.03 0.0253457 0.999409 -0.0231936 -11.3928 -0.0246516 0.0238188 0.999413 -0.688022
0.998888 -0.0256477 0.0395632 -148.091 0.0265551 0.999392 -0.022584 -11.569 -0.0389599 0.0236095 0.998962 -0.626287
0.999171 -0.0249672 0.0321544 -150.172 0.0257903 0.999343 -0.0254421 -11.7574 -0.0314981 0.0262503 0.999159 -0.570187
0.999199 -0.0251764 0.0311104 -152.26 0.0259554 0.999353 -0.0248928 -11.9196 -0.0304636 0.0256803 0.999206 -0.537558
0.999123 -0.0256895 0.0330582 -154.331 0.0264917 0.999359 -0.0240585 -12.0707 -0.032419 0.0249132 0.999164 -0.506359
0.99922 -0.0256613 0.0300293 -156.372 0.0263891 0.999361 -0.0240941 -12.2481 -0.0293918 0.0248678 0.999259 -0.480523
0.998947 -0.025797 0.037929 -158.452 0.0266038 0.999427 -0.0209223 -12.4373 -0.0373676 0.0219094 0.999062 -0.435991
0.998854 -0.0242316 0.0412742 -160.538 0.0251675 0.999434 -0.0223092 -12.6054 -0.0407103 0.0233224 0.998899 -0.362913
0.998841 -0.024895 0.0412009 -162.653 0.0257364 0.999468 -0.0200165 -12.7928 -0.0406806 0.0210536 0.998951 -0.340312
0.998743 -0.0242187 0.0438705 -164.798 0.0251721 0.999456 -0.0213102 -12.9616 -0.0433305 0.0223877 0.99881 -0.28909
0.998773 -0.023963 0.043332 -166.941 0.0247321 0.999544 -0.0173014 -13.1534 -0.0428977 0.0183519 0.998911 -0.265171
0.998787 -0.0246471 0.0426149 -169.14 0.0252847 0.999575 -0.0144876 -13.3249 -0.0422397 0.0155476 0.998987 -0.195061
0.998846 -0.0249456 0.0410461 -171.315 0.0253626 0.999631 -0.00967089 -13.516 -0.0407897 0.0107007 0.999111 -0.142042
0.998959 -0.025859 0.0375763 -173.536 0.0262126 0.999616 -0.00894709 -13.713 -0.0373305 0.00992273 0.999254 -0.0904999
0.999043 -0.0258435 0.0352782 -175.714 0.0261075 0.999634 -0.00704243 -13.8947 -0.0350832 0.0079567 0.999353 -0.0513689
0.999102 -0.0269889 0.0326531 -178.001 0.0271807 0.999616 -0.00544167 -14.0798 -0.0324936 0.0063243 0.999452 -0.0318803
0.999015 -0.0282912 0.0341823 -180.287 0.0284681 0.999583 -0.00469821 -14.2829 -0.0340351 0.00566666 0.999405 0.0160479
0.99893 -0.0296557 0.0354786 -182.582 0.0298019 0.999549 -0.00359951 -14.4883 -0.0353558 0.00465297 0.999364 0.0557398
0.998919 -0.031759 0.0339342 -184.84 0.0318809 0.999487 -0.00305559 -14.7021 -0.0338197 0.00413412 0.99942 0.0878162
0.9988 -0.0359971 0.0332113 -187.157 0.0361217 0.999342 -0.00315768 -14.9359 -0.0330757 0.00435352 0.999444 0.163988
0.998571 -0.0416509 0.0334875 -189.483 0.0418153 0.999116 -0.00422312 -15.1543 -0.033282 0.00561736 0.999431 0.258507
0.998288 -0.04713 0.0346413 -191.791 0.0473678 0.998859 -0.00607621 -15.395 -0.0343154 0.00770667 0.999382 0.308999
0.998021 -0.0525644 0.0344946 -194.126 0.0528222 0.998582 -0.00660298 -15.6673 -0.0340986 0.00841198 0.999384 0.397478
0.997952 -0.0532339 0.0354718 -196.429 0.0536411 0.998504 -0.0106262 -15.925 -0.034853 0.0125072 0.999315 0.530063
0.997876 -0.054339 0.0359103 -198.779 0.0547389 0.998448 -0.0102464 -16.1752 -0.0352978 0.0121903 0.999303 0.60335
0.997742 -0.0549675 0.0385839 -201.081 0.0554158 0.998407 -0.0106466 -16.4413 -0.0379372 0.0127608 0.999199 0.702442
0.997688 -0.0555005 0.0392028 -203.363 0.0558928 0.998396 -0.00897983 -16.7016 -0.0386415 0.0111502 0.999191 0.753265
0.997665 -0.0560347 0.0390273 -205.661 0.0564144 0.99837 -0.00869502 -16.9877 -0.0384765 0.0108764 0.999201 0.808488
0.997538 -0.0561126 0.0420471 -207.922 0.0564378 0.998384 -0.00658743 -17.2632 -0.0416096 0.00894425 0.999094 0.853593
0.997539 -0.0568218 0.0410582 -210.201 0.0571867 0.998333 -0.00776755 -17.5249 -0.0405484 0.0100964 0.999127 0.945911
0.997496 -0.0566889 0.042266 -212.457 0.0570142 0.998352 -0.00652941 -17.7894 -0.0418262 0.00892281 0.999085 1.01009
0.997413 -0.0563205 0.0446648 -214.689 0.0566221 0.99838 -0.00551642 -18.0477 -0.0442818 0.00803115 0.998987 1.08472
0.997442 -0.0559463 0.0444739 -216.896 0.0563858 0.998371 -0.00868983 -18.3287 -0.0439153 0.0111753 0.998973 1.26352
0.997444 -0.0558046 0.0446179 -219.078 0.0562271 0.998384 -0.0082701 -18.5838 -0.0440842 0.0107577 0.99897 1.34868
0.997392 -0.055697 0.0458942 -221.274 0.0560826 0.998401 -0.00715446 -18.8263 -0.0454223 0.00970966 0.998921 1.40068
0.997416 -0.0552128 0.0459489 -223.434 0.055614 0.998424 -0.00749872 -19.0692 -0.0454625 0.0100347 0.998916 1.48428
0.997503 -0.0533269 0.0462865 -225.553 0.0537634 0.99852 -0.00823753 -19.3087 -0.0457787 0.0107055 0.998895 1.58584
0.9976 -0.0500466 0.0478442 -227.654 0.0505163 0.998686 -0.00865957 -19.5398 -0.047348 0.0110557 0.998818 1.6946
0.997709 -0.0472668 0.0483935 -229.764 0.0477012 0.998831 -0.00785897 -19.7889 -0.0479655 0.0101494 0.998798 1.76142
0.997623 -0.0450234 0.0521558 -231.852 0.0454554 0.998941 -0.00712651 -19.9965 -0.0517797 0.00948033 0.998614 1.8265
0.997548 -0.042945 0.0552442 -233.939 0.0433959 0.999034 -0.00698888 -20.2375 -0.0548907 0.00936911 0.998449 1.91233
0.99772 -0.0401089 0.0542708 -236.005 0.0405537 0.999152 -0.00711801 -20.4355 -0.0539393 0.00930265 0.998501 2.0142
0.997648 -0.0371752 0.0575801 -238.038 0.0375423 0.999281 -0.00530685 -20.6415 -0.0573414 0.00745604 0.998327 2.09235
0.997665 -0.0371832 0.0572741 -240.077 0.0374338 0.999294 -0.00330805 -20.8335 -0.0571107 0.0054443 0.998353 2.16837
0.997603 -0.0370747 0.0584266 -242.098 0.0373252 0.999298 -0.00320244 -21.01 -0.0582669 0.00537554 0.998287 2.27906
0.997458 -0.0391993 0.0594928 -244.14 0.0393854 0.999222 -0.00195909 -21.2228 -0.0593698 0.00429724 0.998227 2.37967
0.997326 -0.0405319 0.0608084 -246.188 0.0407942 0.999163 -0.00307753 -21.4279 -0.0606328 0.00554992 0.998145 2.52405
0.997225 -0.0414303 0.0618448 -248.201 0.0415944 0.999134 -0.00136761 -21.6408 -0.0617346 0.0039362 0.998085 2.60951
0.997243 -0.041366 0.0616033 -250.206 0.0416424 0.999127 -0.00320866 -21.837 -0.0614168 0.0057651 0.998096 2.74329
0.99725 -0.0427248 0.0605433 -252.218 0.0432113 0.999043 -0.00674771 -22.0495 -0.0601971 0.0093453 0.998143 2.84304
0.996971 -0.0451343 0.0633319 -254.246 0.0459206 0.998884 -0.0110152 -22.2596 -0.0627641 0.0138901 0.997932 2.96827
0.996779 -0.0480233 0.0642228 -256.253 0.0486956 0.998774 -0.00894412 -22.4832 -0.0637145 0.0120427 0.997896 3.06002
0.996667 -0.0510135 0.063651 -258.298 0.0517041 0.99862 -0.00924955 -22.7053 -0.0630913 0.0125097 0.99793 3.16287
0.996427 -0.0549348 0.0641396 -260.339 0.0555691 0.998422 -0.00814717 -22.9214 -0.0635909 0.0116822 0.997908 3.26978
0.99616 -0.0577957 0.0657537 -262.368 0.0582663 0.998287 -0.00525994 -23.1557 -0.0653371 0.00907096 0.997822 3.36027
0.995809 -0.0605831 0.068498 -264.404 0.0609332 0.998137 -0.00303131 -23.4057 -0.0681868 0.0071924 0.997647 3.4601
0.995649 -0.0636251 0.0680703 -266.454 0.0640014 0.997944 -0.00335929 -23.6419 -0.0677166 0.00770125 0.997675 3.55521
0.99547 -0.0659895 0.0684307 -268.484 0.0662822 0.997799 -0.0020128 -23.8874 -0.0681472 0.0065394 0.997654 3.66897
0.995333 -0.0673251 0.0691228 -270.524 0.0676323 0.997708 -0.00211086 -24.1514 -0.0688223 0.00677593 0.997606 3.80541
0.995248 -0.0671672 0.0704905 -272.57 0.0674849 0.997718 -0.00213289 -24.4092 -0.0701864 0.0068798 0.997511 3.92855
0.99495 -0.0669294 0.0747912 -274.62 0.0671704 0.997741 -0.000708611 -24.679 -0.0745749 0.00572878 0.997199 4.05184
0.99492 -0.0656487 0.0763124 -276.679 0.0660155 0.997816 -0.0022907 -24.938 -0.0759954 0.00731685 0.997082 4.17789
0.994714 -0.064504 0.0798826 -278.697 0.0648002 0.997898 -0.00111883 -25.2029 -0.0796425 0.00628931 0.996804 4.33938
0.994689 -0.0636419 0.0808864 -280.735 0.0639975 0.997948 -0.00180976 -25.4347 -0.0806054 0.00697668 0.996722 4.49491
0.994951 -0.0631875 0.0779599 -282.755 0.0634842 0.997982 -0.00133076 -25.6853 -0.0777186 0.00627326 0.996956 4.62352
0.994786 -0.0636677 0.0796618 -284.804 0.063875 0.997958 -5.33576e-05 -25.944 -0.0794958 0.00514146 0.996822 4.75345
0.994431 -0.063699 0.0839555 -286.845 0.0639622 0.997952 -0.000445552 -26.1991 -0.0837552 0.00581303 0.99647 4.89092
0.994298 -0.0648097 0.0846802 -288.846 0.0651288 0.997876 -0.00100862 -26.4664 -0.0844351 0.00651799 0.996408 5.07782
0.994174 -0.067561 0.08398 -290.857 0.0677843 0.9977 0.000193901 -26.7356 -0.0838 0.00549974 0.996468 5.21278
0.994176 -0.0691691 0.0826282 -292.855 0.0693151 0.997594 0.0011044 -26.9688 -0.0825059 0.00462939 0.99658 5.34374
0.766142 0.621358 0.16413 -291.663 -0.627437 0.778454 -0.0182351 -26.5414 -0.139098 -0.0890105 0.98627 5.10368
