1 0 0 0 0 1 0 0 0 0 1 0
-0.955193 -0.28916 -0.0631908 -0.783684 0.29377 -0.952253 -0.0831494 -1.85584 -0.0361301 -0.0979873 0.994532 0.565424
0.878141 0.478319 -0.00888275 0.214558 -0.477856 0.877875 0.0314602 -0.22509 0.022846 -0.0233818 0.999465 1.29175
-0.763515 -0.644737 -0.0368691 -1.07735 0.643965 -0.764404 0.0315496 -1.84418 -0.0485241 0.000346172 0.998822 1.94645
0.643186 0.764974 0.0335525 0.977177 -0.765709 0.642519 0.0293163 -0.305876 0.000868132 -0.0445473 0.999007 2.03514
-0.496418 -0.868024 -0.0101781 -1.78997 0.864847 -0.495545 0.080469 -1.61784 -0.0748927 0.0311437 0.996705 2.45946
0.361828 0.931968 -0.0227078 1.22085 -0.927966 0.362391 0.0869057 -0.395457 0.0892225 -0.0103728 0.995958 3.07739
-0.262408 -0.964106 -0.0405094 -1.93584 0.960372 -0.265019 0.0863177 -1.24145 -0.0939552 -0.0162536 0.995444 3.40501
0.249064 0.964962 -0.0825543 1.2435 -0.953457 0.259266 0.153952 0.496312 0.169961 0.0403681 0.984624 3.49967
-0.256035 -0.966662 0.00324965 -2.98785 0.965246 -0.255475 0.0550613 -1.75051 -0.0523955 0.0172343 0.998478 3.51099
0.471528 0.881795 -0.00990837 0.489295 -0.880867 0.471503 0.0419379 1.33443 0.0416525 -0.0110469 0.999071 3.35018
-0.753681 -0.655805 0.0434057 -1.62451 0.656583 -0.754236 0.00511369 -3.13415 0.0293845 0.0323535 0.999044 3.53364
0.92941 0.341283 0.140436 -1.35754 -0.334092 0.939734 -0.0726761 2.18071 -0.156776 0.0206273 0.987419 3.99738
-0.984811 0.131441 0.113447 0.308464 -0.136813 -0.989752 -0.0409079 -3.12283 0.106907 -0.0558077 0.992702 3.60765
0.817437 -0.554813 0.15485 -4.78133 0.564036 0.825514 -0.0197513 0.363215 -0.116873 0.103487 0.987741 4.57472
-0.476095 0.874741 0.0903383 2.01107 -0.879081 -0.470671 -0.0753993 0.403224 -0.0234353 -0.115312 0.993053 3.87114
0.00633136 -0.993915 0.109962 -4.19225 0.999929 0.00517794 -0.0107715 -3.76123 0.0101366 0.110022 0.993877 4.59163
0.458311 0.880775 0.119101 -0.796659 -0.885153 0.464431 -0.0284126 3.74718 -0.0803393 -0.0924008 0.992476 4.36894
-0.822775 -0.558471 0.105595 0.170481 0.561421 -0.827528 -0.00215281 -4.97783 0.0885855 0.0575122 0.994407 4.17973
0.985336 0.123899 0.117315 -5.38206 -0.128555 0.991154 0.032967 2.52928 -0.112192 -0.047565 0.992547 4.51804
-0.936246 0.330156 0.120163 3.37784 -0.331904 -0.943296 0.00575333 -1.56391 0.115248 -0.0344959 0.992737 3.38401
0.688786 -0.714743 0.12131 -6.66894 0.7179 0.695761 0.0231705 -2.24175 -0.100964 0.0711292 0.992344 4.56322
-0.350768 0.934423 0.0617634 2.53613 -0.936255 -0.348539 -0.044129 3.61103 -0.0197082 -0.0733053 0.997115 4.25488
-0.0590917 -0.996326 0.0619821 -3.48475 0.997316 -0.0616108 -0.0395503 -5.91961 0.0432238 0.0594787 0.997293 4.69044
0.456541 0.882996 0.109033 -1.68226 -0.888039 0.459743 -0.00481306 5.34952 -0.0543769 -0.0946278 0.994026 4.74519
-0.770203 -0.625375 0.125272 1.3157 0.625685 -0.778956 -0.041788 -5.73269 0.123714 0.0461956 0.991242 4.22499
0.958978 0.266197 0.0974684 -5.79782 -0.265995 0.963853 -0.0152956 3.23475 -0.0980169 -0.0112579 0.995121 5.37779
-0.979089 0.152863 0.134228 4.53693 -0.158617 -0.986781 -0.0332121 -1.92632 0.127377 -0.0538085 0.990394 4.19499
0.834662 -0.539198 0.112274 -6.82536 0.545264 0.837711 -0.0304501 -1.36102 -0.0776349 0.0866347 0.99321 5.72296
-0.547166 0.823959 0.147308 3.96047 -0.836237 -0.545748 -0.0535374 2.712 0.0362804 -0.152478 0.987641 4.40029
0.17173 -0.980544 0.0950888 -4.33771 0.983771 0.165597 -0.0690769 -5.41623 0.0519866 0.105408 0.993069 4.75489
0.246612 0.965158 0.087474 -0.233393 -0.96531 0.252631 -0.0659817 5.6326 -0.0857814 -0.0681676 0.993979 5.56194
-0.615777 -0.784216 0.0763176 0.569728 0.77888 -0.62048 -0.0913771 -6.14247 0.119013 0.00317434 0.992887 4.69146
0.88009 0.467926 0.0805391 -4.83168 -0.459261 0.881988 -0.105715 4.23216 -0.120501 0.0560505 0.991129 6.55826
-0.991499 -0.072903 0.107771 4.56078 0.0593551 -0.990509 -0.123973 -3.18538 0.115786 -0.116522 0.986416 5.00263
0.938857 -0.330844 0.0953378 -7.13186 0.34053 0.933151 -0.115188 -0.260543 -0.0508552 0.140611 0.988758 6.8305
-0.72907 0.676684 0.102735 4.89819 -0.684437 -0.721091 -0.10758 1.73285 0.00128322 -0.148749 0.988874 6.14962
0.413097 -0.905949 0.0927722 -5.29689 0.906988 0.400107 -0.131481 -4.80131 0.0819966 0.138458 0.986968 6.72924
-0.0379633 0.995392 0.0880474 1.70152 -0.997226 -0.0320933 -0.0671527 5.05984 -0.0640176 -0.0903525 0.99385 7.27251
-0.373802 -0.925115 0.0665836 -1.1467 0.912023 -0.379676 -0.155111 -6.89292 0.168775 0.00274508 0.985651 5.72062
0.712636 0.696855 0.0808826 -3.68038 -0.671879 0.711128 -0.207064 4.77579 -0.201812 0.0932181 0.974978 8.37358
-0.936461 -0.350733 0.00517329 3.5602 0.343664 -0.920343 -0.186719 -5.18075 0.0702496 -0.173077 0.9824 6.40886
0.992451 -0.0586951 0.107685 -7.33422 0.0797947 0.975812 -0.203529 0.756308 -0.0931342 0.210585 0.973129 8.63101
-0.881926 0.468201 0.0547228 5.32208 -0.467868 -0.855261 -0.222771 -0.334787 -0.0574995 -0.222071 0.973334 7.50502
0.624071 -0.775065 0.0990464 -7.36757 0.774924 0.597687 -0.205579 -4.44152 0.100139 0.205049 0.973615 7.75672
-0.248037 0.958523 0.140396 2.7932 -0.946018 -0.208448 -0.248192 5.16022 -0.208633 -0.194378 0.958483 8.63266
-0.174359 -0.978854 0.106979 -2.72662 0.949283 -0.195965 -0.245885 -8.23309 0.26165 0.0586808 0.963377 5.93641
0.555514 0.820948 0.132094 -3.27232 -0.779155 0.569406 -0.262096 6.74864 -0.290382 0.0426764 0.955959 10.1426
-0.895253 -0.437826 0.0826471 4.7704 0.412053 -0.884133 -0.220277 -5.96148 0.169514 -0.163149 0.97193 6.0652
0.990252 -0.0789528 0.11475 -9.14265 0.104625 0.965468 -0.238591 1.10073 -0.0919504 0.248271 0.964317 8.95806
-0.853723 0.516439 0.0666869 7.39494 -0.517931 -0.828893 -0.211387 0.649274 -0.0538923 -0.215005 0.975125 7.6385
0.616177 -0.777128 0.128054 -7.97639 0.783898 0.589353 -0.195364 -4.85489 0.0763537 0.22076 0.972335 8.04615
-0.271113 0.95179 0.143503 4.54808 -0.939228 -0.22897 -0.25578 6.24342 -0.210591 -0.204128 0.956025 8.96366
-0.196372 -0.977534 0.0765888 -1.71525 0.953909 -0.208534 -0.215804 -9.03402 0.226927 0.0306809 0.973428 6.03593
0.615931 0.774438 0.144479 -3.2702 -0.729347 0.629884 -0.267021 7.33711 -0.297796 0.0590914 0.952799 10.621
-0.936595 -0.335169 0.10223 7.42587 0.293678 -0.909957 -0.292798 -5.18023 0.191162 -0.24421 0.950694 5.51734
0.968803 -0.209642 0.132176 -8.52422 0.235861 0.943681 -0.232023 0.297545 -0.0760897 0.25596 0.963688 9.01847
-0.646661 0.746274 0.157809 7.84127 -0.759598 -0.611164 -0.222459 5.44477 -0.0695681 -0.263727 0.962085 7.5338
0.122672 -0.98041 0.1541 -3.34256 0.961107 0.0786455 -0.264739 -8.33366 0.247434 0.180583 0.951928 5.38913
0.489799 0.852169 0.184133 -2.32095 -0.805932 0.523114 -0.277174 9.25848 -0.332521 -0.0126385 0.943011 9.88413
-0.935164 -0.304892 0.180302 8.74627 0.238955 -0.918769 -0.314268 -3.65006 0.261473 -0.250808 0.932055 3.32498
0.836788 -0.50491 0.211783 -9.28016 0.546405 0.794825 -0.263997 -3.31342 -0.0350357 0.336629 0.940985 7.52128
-0.0415766 0.971466 0.233505 2.94627 -0.944003 0.0383652 -0.327697 10.1665 -0.327305 -0.234054 0.915472 9.4644
-0.791557 -0.551199 0.263848 7.28666 0.482139 -0.828594 -0.284558 -5.95681 0.375471 -0.0980326 0.921635 3.5366
0.885808 -0.370629 0.279246 -9.36508 0.450787 0.830102 -0.328209 -3.01849 -0.110158 0.416611 0.902386 10.0097
-0.150986 0.951403 0.268394 3.51108 -0.931128 -0.0456989 -0.361816 9.72347 -0.331968 -0.304539 0.892778 11.5629
-0.764106 -0.553909 0.330644 8.29537 0.449941 -0.824919 -0.342143 -6.25725 0.46227 -0.112663 0.879553 3.65627
0.851349 -0.397303 0.342571 -8.46449 0.516238 0.750613 -0.412404 -5.19375 -0.0932894 0.527949 0.844137 10.9302
-0.0301749 0.934289 0.355236 2.52242 -0.87399 0.147786 -0.462925 8.9987 -0.485005 -0.324442 0.812101 14.206
-0.781043 -0.532919 0.325527 7.81256 0.339152 -0.799694 -0.495443 -5.17748 0.524354 -0.27656 0.805337 3.34762
0.839171 -0.418576 0.347254 -9.14878 0.541001 0.707902 -0.454083 -5.00407 -0.0557538 0.568919 0.820502 10.5352
-0.183663 0.898216 0.399344 3.11745 -0.846615 0.0618985 -0.528592 8.20885 -0.499509 -0.435174 0.749076 13.2481
-0.847549 -0.425227 0.317556 11.5206 0.200848 -0.810846 -0.549716 -3.62474 0.491243 -0.402131 0.772639 1.55311
0.626656 -0.701838 0.338711 -5.5056 0.747327 0.418007 -0.516499 -10.6104 0.220915 0.576795 0.78645 4.52219
0.544984 0.777459 0.313925 -5.34064 -0.55936 0.616046 -0.554619 4.46093 -0.624586 0.126662 0.770616 15.519
-0.805881 0.469021 0.361351 11.7944 -0.591532 -0.66398 -0.457406 6.17617 0.0253965 -0.582366 0.81253 8.99856
-0.469655 -0.787617 0.398852 10.4629 0.629531 -0.61551 -0.474171 -9.69295 0.618963 0.0283935 0.784907 0.133634
0.755071 -0.51773 0.402272 -5.8141 0.655637 0.59365 -0.466604 -12.8719 0.0027665 0.616064 0.787692 6.36457
0.58457 0.714486 0.38443 -6.79965 -0.533506 0.695479 -0.481331 2.23501 -0.611268 0.0762763 0.78774 15.8834
-0.593235 0.722542 0.35497 8.21181 -0.770073 -0.380808 -0.511832 8.8087 -0.234645 -0.57699 0.78232 12.8552
-0.88342 -0.334184 0.328466 16.4268 0.137764 -0.855231 -0.499599 -1.0634 0.447873 -0.396105 0.801567 2.74547
-0.0724257 -0.922593 0.378913 7.95932 0.843768 -0.259245 -0.469943 -14.0427 0.531798 0.285679 0.797231 -1.93477
0.730205 -0.525613 0.436499 -6.89582 0.682805 0.583876 -0.439165 -16.7485 -0.0240304 0.618724 0.785241 3.63454
0.787516 0.376902 0.487609 -13.737 -0.134892 0.877425 -0.460357 -6.27208 -0.60135 0.296765 0.741828 13.3694
-0.0452836 0.875146 0.481735 -5.20003 -0.808967 0.250803 -0.531667 7.14596 -0.586107 -0.413784 0.696607 16.1719
-0.865303 0.285638 0.411899 8.19621 -0.489346 -0.659403 -0.570726 7.68737 0.108586 -0.695413 0.710359 7.20213
-0.534751 -0.73722 0.412975 7.58069 0.521981 -0.67252 -0.524645 -4.88523 0.664513 -0.0649892 0.744446 -2.90069
0.594523 -0.652387 0.470035 -5.86806 0.799855 0.419995 -0.428761 -10.4103 0.082306 0.630868 0.771512 1.04914
0.646804 0.593643 0.478781 -8.73062 -0.391971 0.79728 -0.459023 1.62907 -0.654219 0.10923 0.748376 9.2019
-0.557172 0.70558 0.437852 3.45059 -0.811083 -0.349356 -0.469141 8.64856 -0.178051 -0.616527 0.766937 5.60454
-0.744556 -0.518152 0.420898 7.64813 0.318222 -0.829743 -0.458541 -1.50615 0.586831 -0.20747 0.782678 -3.42279
0.444247 -0.790898 0.420861 -4.23526 0.878661 0.292911 -0.377038 -10.0744 0.174924 0.537292 0.825057 -1.54999
0.801898 0.395204 0.448077 -11.2322 -0.22004 0.892608 -0.393487 -0.439065 -0.555465 0.216941 0.802742 6.52665
-0.313413 0.831209 0.459198 -1.21602 -0.900205 -0.106109 -0.422339 10.01 -0.302327 -0.54574 0.781516 5.7931
-0.884558 -0.27187 0.379002 7.5967 0.0642344 -0.875823 -0.478338 2.60549 0.461985 -0.398774 0.79218 -3.64782
0.189512 -0.923423 0.333729 -2.06518 0.911537 0.0391308 -0.409352 -8.52503 0.364946 0.381783 0.84915 -5.84232
0.938412 0.128805 0.32061 -13.0042 0.0142643 0.912682 -0.40842 -1.67213 -0.345222 0.38784 0.854636 0.964712
-0.0161372 0.949489 0.313383 -5.96466 -0.891199 0.128443 -0.435047 10.611 -0.453324 -0.286307 0.844112 4.02651
-0.949391 0.0536924 0.309473 6.16971 -0.190357 -0.882077 -0.430933 6.88606 0.249841 -0.468035 0.847657 -2.67847
-0.0597128 -0.937283 0.343414 0.190859 0.893804 -0.203384 -0.399684 -4.99703 0.444463 0.283079 0.849894 -6.18864
0.911408 0.0534213 0.408021 -10.4107 0.109478 0.924324 -0.365565 0.0173364 -0.396673 0.377849 0.836589 0.760945
-0.190034 0.890834 0.412675 -1.84403 -0.910758 -0.00299714 -0.412929 11.4291 -0.366615 -0.454318 0.811904 1.72402
-0.869724 -0.319108 0.376497 6.74581 0.157931 -0.902688 -0.400264 3.80894 0.467587 -0.288658 0.835487 -6.51614
0.477832 -0.788977 0.386252 -3.78356 0.872267 0.374066 -0.314996 -4.63262 0.104041 0.487431 0.866941 -5.71119
0.640541 0.64295 0.419908 -7.86696 -0.53496 0.765898 -0.356674 6.5024 -0.550931 0.00383094 0.834542 0.0623989
-0.696339 0.595091 0.401222 3.441 -0.714305 -0.629039 -0.30672 11.4675 0.0698574 -0.500176 0.863101 -4.47995
-0.696131 -0.589509 0.409731 6.56095 0.541413 -0.805885 -0.239626 0.185384 0.471458 0.0550228 0.88017 -9.97216
0.447401 -0.787543 0.423802 -4.40553 0.893381 0.415414 -0.171172 -6.77489 -0.0412479 0.455199 0.889434 -6.85716
0.805367 0.343052 0.483423 -11.5407 -0.284512 0.939153 -0.192466 3.36708 -0.520035 0.0174666 0.853967 -1.20689
-0.227543 0.84351 0.486533 -3.10602 -0.958726 -0.106581 -0.263599 13.4578 -0.170494 -0.526433 0.832947 -3.57404
-0.928893 -0.0864924 0.360105 6.37273 -0.0478937 -0.936126 -0.348388 7.49036 0.367237 -0.340862 0.865419 -10.6123
-0.182043 -0.942922 0.278852 1.65506 0.920588 -0.263086 -0.288623 -4.20062 0.345511 0.204166 0.915936 -13.5492
0.844652 -0.445998 0.296056 -10.9757 0.518959 0.817885 -0.248483 -4.03066 -0.131317 0.363523 0.922284 -10.2315
0.825491 0.46469 0.320354 -16.8945 -0.382601 0.877985 -0.287675 6.87167 -0.414946 0.114905 0.902561 -5.46323
0.0682015 0.957753 0.279387 -10.7304 -0.942274 0.153855 -0.297402 18.8666 -0.327824 -0.242976 0.912959 -4.44348
-0.67427 0.703678 0.224045 1.83069 -0.731348 -0.594209 -0.334731 22.8653 -0.102414 -0.389554 0.915292 -7.0963
-0.96887 -0.156268 0.192019 11.2169 0.0911541 -0.946298 -0.310178 15.0188 0.230178 -0.283019 0.931084 -12.7051
-0.39133 -0.90783 0.150683 8.71854 0.875784 -0.417678 -0.241963 2.57631 0.282599 0.0372782 0.958514 -16.5772
0.63941 -0.737583 0.217085 -3.36213 0.76227 0.571228 -0.304372 -1.31098 0.100495 0.360096 0.927487 -16.3801
0.931783 0.257432 0.255946 -11.8641 -0.155067 0.919754 -0.360563 7.16366 -0.328228 0.296278 0.896931 -12.2031
0.23884 0.958416 0.156186 -8.44687 -0.868293 0.282796 -0.407544 18.7228 -0.434766 -0.0382775 0.899729 -9.42672
-0.790043 0.610248 0.0585581 3.1712 -0.578195 -0.709968 -0.402039 20.9989 -0.203769 -0.351486 0.913748 -11.2061
-0.811081 -0.565006 0.151375 7.75659 0.509659 -0.809626 -0.291124 11.8761 0.287045 -0.158976 0.944633 -16.9406
0.372563 -0.884108 0.282046 -1.63126 0.887261 0.250287 -0.387457 5.34447 0.271962 0.394601 0.877683 -19.2657
0.928125 0.090466 0.361107 -11.0258 0.0965355 0.878351 -0.468167 10.3879 -0.359532 0.469378 0.806487 -14.6783
0.269955 0.916983 0.293709 -9.33602 -0.720082 0.394767 -0.570649 20.8378 -0.639223 -0.0574451 0.766873 -10.2826
