1 0 0 0 0 1 0 0 0 0 1 0
1 0.00011707 -0.000147104 0.00028534 -0.000117134 1 -0.000430431 0.00321805 0.000147053 0.000430448 1 -0.000100493
1 3.17187e-05 -0.000103942 -0.000892834 -3.17598e-05 1 -0.000395908 -0.00432053 0.00010393 0.000395911 1 0.00178553
1 -6.12944e-05 0.000218178 -0.00348619 6.13956e-05 1 -0.000463584 -0.00424385 -0.000218149 0.000463597 1 0.0043638
1 -4.44842e-05 0.000304829 -0.0030305 4.46081e-05 1 -0.000406278 -0.000333973 -0.000304811 0.000406292 1 0.0105063
1 -0.0001433 0.000313753 0.00259315 0.000143394 1 -0.000300374 -0.00712565 -0.00031371 0.000300419 1 -0.000298234
1 -0.000110801 0.000664573 0.0096064 0.000110969 1 -0.000253291 0.00249004 -0.000664545 0.000253365 1 -0.00234363
1 -0.000230349 0.000717529 0.0144022 0.000230254 1 0.000131847 0.00519323 -0.00071756 -0.000131682 1 0.0104612
1 -0.00028699 0.00074015 0.0150792 0.000287102 1 -0.000151163 0.00438828 -0.000740106 0.000151375 1 0.00962112
1 -0.000425026 0.000760783 0.016508 0.000425109 1 -0.000108191 -0.00237922 -0.000760737 0.000108515 1 0.0123773
1 -0.000522157 0.000936863 0.0179415 0.000522085 1 7.73365e-05 0.00316214 -0.000936904 -7.68472e-05 0.999999 0.00940959
1 -0.000485008 0.000860123 0.0271098 0.000484738 1 0.00031345 0.00987081 -0.000860275 -0.000313032 0.999999 0.00971216
0.999999 -0.000799644 0.000897041 0.0303531 0.000799341 1 0.000338834 0.0107421 -0.000897311 -0.000338117 0.999999 0.00920701
0.999999 -0.000920487 0.000730666 0.0382119 0.000920148 0.999999 0.000463476 0.00688282 -0.000731093 -0.000462803 1 0.000885217
0.999999 -0.00108464 0.00101817 0.0442832 0.00108425 0.999999 0.00038609 0.00230419 -0.00101859 -0.000384986 0.999999 0.0155843
0.999998 -0.0012725 0.00138013 0.0522397 0.0012728 0.999999 -0.00021897 0.00388112 -0.00137985 0.000220727 0.999999 0.0113979
0.999998 -0.00148899 0.00100277 0.0635006 0.00148784 0.999998 0.0011407 0.00971988 -0.00100446 -0.00113921 0.999999 0.0252079
0.999998 -0.00156898 0.000993741 0.0602681 0.00156766 0.999998 0.00133231 0.0189395 -0.000995829 -0.00133075 0.999999 0.018356
0.999997 -0.00198053 0.00125794 0.0751018 0.0019791 0.999997 0.00113808 0.0073262 -0.00126019 -0.00113559 0.999998 0.0243255
0.999997 -0.00205301 0.0015949 0.0825747 0.00205088 0.999997 0.00133793 0.00716162 -0.00159764 -0.00133466 0.999998 0.0219763
0.999995 -0.00211515 0.00221126 0.0713695 0.00211204 0.999997 0.00140603 0.00932993 -0.00221423 -0.00140135 0.999996 0.0239106
0.999993 -0.00272367 0.00246455 0.0481979 0.00272064 0.999996 0.00123055 0.0162621 -0.00246789 -0.00122384 0.999996 0.0170877
0.999991 -0.00301798 0.0029769 0.00442696 0.00301546 0.999995 0.000850822 0.0160391 -0.00297945 -0.000841838 0.999995 0.00668081
0.999979 -0.00345562 0.00555705 -0.0554582 0.00344811 0.999993 0.00136062 0.00399097 -0.00556172 -0.00134142 0.999984 0.00149414
0.999967 -0.00336939 0.00743393 -0.183523 0.00336186 0.999994 0.00102465 9.58315e-05 -0.00743734 -0.000999625 0.999972 0.00910013
0.999973 0.00189747 0.0071714 -0.409257 -0.00190277 0.999998 0.000731513 0.00636179 -0.00716999 -0.000745138 0.999974 0.00324919
0.999885 0.0128387 0.00807988 -0.721696 -0.0128422 0.999918 0.000378839 0.0119425 -0.00807434 -0.000482559 0.999967 -0.00268119
0.999618 0.0259147 0.00956754 -1.12612 -0.0259292 0.999663 0.0013912 -0.00524457 -0.00952826 -0.00163874 0.999953 -0.0136641
0.999337 0.034944 0.0102218 -1.64488 -0.0349654 0.999387 0.00191476 -0.000562863 -0.0101486 -0.0022709 0.999946 -0.0237189
0.999301 0.0358527 0.0105908 -2.26128 -0.0358732 0.999355 0.00175722 0.0168452 -0.0105209 -0.00213592 0.999942 -0.0275091
0.999394 0.0328524 0.0115 -2.98461 -0.0328758 0.999458 0.0018505 -0.00782382 -0.011433 -0.00222745 0.999932 -0.0300276
0.999515 0.0273932 0.0148424 -3.81801 -0.0274381 0.999619 0.00283082 -0.0518076 -0.0147592 -0.00323669 0.999886 -0.0341097
0.999684 0.0209876 0.0138131 -4.7048 -0.0210546 0.999767 0.00471995 -0.0558242 -0.0137108 -0.00500929 0.999894 -0.0740195
0.999782 0.0156541 0.0138444 -5.66859 -0.0157261 0.999863 0.00510849 -0.0891221 -0.0137625 -0.00532509 0.999891 -0.0889455
0.999841 0.0131938 0.0120432 -6.73014 -0.0132417 0.999905 0.00390022 -0.130596 -0.0119906 -0.00405907 0.99992 -0.0990735
0.999844 0.011471 0.0134162 -7.88796 -0.0115463 0.999918 0.00554344 -0.162533 -0.0133515 -0.00569748 0.999895 -0.111015
0.999844 0.00957575 0.0148136 -9.07733 -0.00968535 0.999926 0.00734408 -0.220684 -0.0147422 -0.00748641 0.999864 -0.131721
0.999839 0.0101611 0.0148084 -10.2608 -0.0102822 0.999914 0.00812839 -0.26062 -0.0147245 -0.00827935 0.999858 -0.145835
0.999859 0.00974204 0.0136926 -11.5394 -0.00987139 0.999907 0.00941062 -0.2989 -0.0135997 -0.00954446 0.999862 -0.146605
0.999881 0.0107958 0.0109985 -12.8269 -0.0109079 0.999889 0.0101886 -0.331906 -0.0108872 -0.0103073 0.999888 -0.121863
0.999871 0.0115076 0.0112147 -14.1316 -0.0116143 0.999887 0.00948999 -0.38423 -0.0111043 -0.00961901 0.999892 -0.110331
0.999861 0.0123236 0.0112019 -15.4619 -0.0124425 0.999866 0.0106033 -0.439682 -0.0110697 -0.0107412 0.999881 -0.13491
0.999863 0.0117442 0.0116235 -16.8263 -0.0118762 0.999865 0.0113565 -0.472832 -0.0114885 -0.011493 0.999868 -0.161924
0.999869 0.0107181 0.012144 -18.135 -0.0108682 0.999864 0.0123635 -0.518014 -0.0120098 -0.0124939 0.99985 -0.188684
0.999871 0.00954111 0.0129294 -19.4155 -0.00970355 0.999874 0.0125592 -0.568562 -0.0128079 -0.0126831 0.999838 -0.182959
0.999874 0.0096747 0.0125468 -20.672 -0.00982876 0.999876 0.0122759 -0.618438 -0.0124265 -0.0123976 0.999846 -0.168013
0.999871 0.0103141 0.0123059 -21.8776 -0.0104729 0.999862 0.0129092 -0.658272 -0.012171 -0.0130365 0.999841 -0.166727
0.999872 0.0101902 0.0123619 -23.0273 -0.0103429 0.99987 0.01235 -0.700804 -0.0122345 -0.0124763 0.999848 -0.146939
0.999867 0.00992868 0.0129249 -24.1258 -0.0100857 0.999875 0.0121406 -0.744412 -0.0128027 -0.0122693 0.999843 -0.136287
0.999858 0.00917818 0.0141155 -25.1441 -0.00935119 0.999881 0.0122397 -0.794234 -0.0140015 -0.0123699 0.999826 -0.12327
0.999833 0.0060638 0.0172384 -26.0994 -0.00626377 0.999913 0.0115701 -0.836289 -0.0171667 -0.0116762 0.999785 -0.138664
0.999833 0.000853871 0.0182477 -27.0065 -0.00106758 0.999931 0.0117051 -0.88257 -0.0182364 -0.0117226 0.999765 -0.114538
0.99975 -0.00583672 0.0215877 -27.8771 0.00560529 0.999926 0.0107654 -0.939618 -0.021649 -0.0106417 0.999709 -0.0680569
0.999632 -0.0114717 0.024574 -28.7226 0.0111967 0.999873 0.0112991 -0.988437 -0.0247005 -0.0110198 0.999635 -0.0570497
0.999484 -0.012234 0.0297028 -29.6219 0.0119223 0.999872 0.0106493 -1.06214 -0.0298293 -0.0102897 0.999502 -0.0719842
0.99943 -0.0138516 0.0307959 -30.6043 0.0134598 0.999826 0.0128943 -1.09971 -0.0309692 -0.0124724 0.999443 -0.0581228
0.999414 -0.0151903 0.0306769 -31.6137 0.0147909 0.999803 0.013203 -1.16974 -0.0308714 -0.0127416 0.999443 -0.0623001
0.999387 -0.0162177 0.0310355 -32.6894 0.0158578 0.999804 0.0118059 -1.23774 -0.0312209 -0.0113065 0.999449 -0.02242
0.999341 -0.0172135 0.031952 -33.8549 0.0168356 0.999785 0.0120584 -1.30673 -0.0321527 -0.0115125 0.999417 -0.00611063
0.999308 -0.0169572 0.0331051 -35.1418 0.0165655 0.99979 0.0120702 -1.40136 -0.0333028 -0.0115134 0.999379 0.0140442
0.999326 -0.0161489 0.0329597 -36.5136 0.0157431 0.999797 0.0125355 -1.48258 -0.0331555 -0.0120081 0.999379 0.0265939
0.999352 -0.0136179 0.0333074 -37.9829 0.0131925 0.999829 0.0129596 -1.56643 -0.0334782 -0.0125118 0.999362 0.0498199
0.999438 -0.01237 0.0311625 -39.6041 0.0119572 0.999839 0.0134008 -1.65456 -0.0313233 -0.0130206 0.999425 0.0501681
0.99945 -0.0103444 0.0315137 -41.2729 0.00993694 0.999865 0.0130587 -1.76563 -0.0316445 -0.0127384 0.999418 0.0863291
0.999451 -0.0101807 0.0315357 -43.063 0.00975216 0.999858 0.013713 -1.88388 -0.0316709 -0.0133979 0.999409 0.127422
0.99947 -0.0102506 0.0308791 -44.9258 0.00976234 0.999825 0.0159224 -1.9827 -0.0310369 -0.0156125 0.999397 0.130696
0.999391 -0.0106536 0.0332303 -46.8837 0.0101769 0.999843 0.0144837 -2.09898 -0.0333793 -0.0141367 0.999343 0.14703
0.999324 -0.0113482 0.0349673 -48.902 0.0108925 0.999854 0.0131946 -2.22722 -0.0351119 -0.0128048 0.999302 0.1594
0.999294 -0.0104605 0.0360916 -50.9955 0.0101329 0.999906 0.00924674 -2.35204 -0.0361849 -0.00887449 0.999306 0.220687
0.999283 -0.00976785 0.0365596 -53.1367 0.00947793 0.999922 0.00809492 -2.4742 -0.0366359 -0.00774261 0.999299 0.255397
0.999279 -0.00918766 0.0368312 -55.3497 0.00896345 0.99994 0.00624801 -2.60101 -0.0368864 -0.00591337 0.999302 0.287333
0.999445 -0.010129 0.031719 -57.6337 0.00989536 0.999923 0.00751483 -2.73904 -0.0317927 -0.0071968 0.999469 0.310812
0.999536 -0.00991954 0.0287972 -59.9562 0.00969404 0.999921 0.00795963 -2.85684 -0.0288738 -0.00767678 0.999554 0.351111
0.999466 -0.00853721 0.0315501 -62.2898 0.00824472 0.999922 0.00938937 -2.98707 -0.0316278 -0.00912423 0.999458 0.344874
0.999485 -0.00769985 0.0311305 -64.6393 0.00736757 0.999915 0.0107747 -3.11626 -0.0312108 -0.0105398 0.999458 0.374647
0.99965 -0.00750125 0.0253635 -67.0508 0.00723025 0.999916 0.0107598 -3.22733 -0.0254421 -0.0105727 0.999621 0.414879
0.999427 -0.00756471 0.0329716 -69.4356 0.00712691 0.999885 0.0133756 -3.37452 -0.033069 -0.013133 0.999367 0.417679
0.999446 -0.00769323 0.0323678 -71.8663 0.00722476 0.999868 0.0145655 -3.48896 -0.0324756 -0.0143236 0.99937 0.454281
0.999551 -0.00764358 0.0289824 -74.3286 0.00719134 0.999851 0.015676 -3.61663 -0.0290979 -0.0154605 0.999457 0.488587
0.999504 -0.00791465 0.0304848 -76.7986 0.00742158 0.99984 0.0162538 -3.74732 -0.0306086 -0.0160195 0.999403 0.533717
0.999565 -0.00796484 0.0284013 -79.3116 0.00755367 0.999865 0.0145552 -3.89889 -0.0285134 -0.0143344 0.999491 0.610936
0.999565 -0.00796416 0.0283755 -81.814 0.00755442 0.999866 0.0145178 -4.04641 -0.0284873 -0.0142971 0.999492 0.662134
0.99954 -0.00776582 0.0293124 -84.3551 0.00727374 0.999831 0.0168569 -4.1918 -0.0294383 -0.0166359 0.999429 0.675817
0.999568 -0.00768045 0.028359 -86.9034 0.00715107 0.999799 0.0187218 -4.32136 -0.0284971 -0.0185109 0.999423 0.727258
0.999548 -0.00795655 0.0289732 -89.491 0.00747002 0.99983 0.0168619 -4.45018 -0.0291025 -0.0166379 0.999438 0.735791
0.999612 -0.0081282 0.0266209 -92.0503 0.0077416 0.999864 0.0145933 -4.57597 -0.0267359 -0.0143816 0.999539 0.787932
0.99962 -0.00874666 0.0261421 -94.6385 0.00820643 0.999752 0.0207018 -4.71612 -0.0263167 -0.0204794 0.999444 0.803027
0.999609 -0.00810246 0.0267525 -97.2362 0.00756649 0.99977 0.0200753 -4.86181 -0.026909 -0.0198651 0.999441 0.857357
0.999564 -0.00700329 0.0286748 -99.8516 0.00642715 0.999777 0.0201352 -4.99941 -0.0288094 -0.0199421 0.999386 0.884417
0.99967 -0.00720971 0.0246333 -102.492 0.00664553 0.999715 0.0229087 -5.1468 -0.0247915 -0.0227375 0.999434 0.888232
0.999597 -0.00697464 0.0275188 -105.114 0.00630565 0.999684 0.0243225 -5.27601 -0.0276798 -0.0241391 0.999326 0.925184
0.999622 -0.00797277 0.0263208 -107.776 0.00741202 0.999745 0.0213337 -5.44382 -0.0264841 -0.0211306 0.999426 0.976908
0.999701 -0.00947948 0.0225256 -110.432 0.00905793 0.999783 0.0187432 -5.59049 -0.0226984 -0.0185336 0.999571 0.999178
0.999648 -0.0109703 0.0241288 -113.113 0.0105987 0.999824 0.0154727 -5.74277 -0.0242942 -0.0152115 0.99959 1.01121
0.999702 -0.011261 0.0216385 -115.784 0.010921 0.999816 0.0157676 -5.89789 -0.0218121 -0.0155266 0.999642 1.02853
0.999745 -0.0119261 0.0191536 -118.466 0.0116002 0.999787 0.0170363 -6.0624 -0.0193527 -0.0168098 0.999672 1.05212
0.999742 -0.0117952 0.019394 -121.144 0.0115506 0.999853 0.0126725 -6.21593 -0.0195406 -0.0124453 0.999732 1.07607
0.999674 -0.0118052 0.0226402 -123.826 0.0116251 0.9999 0.00807315 -6.38827 -0.0227333 -0.00780732 0.999712 1.09497
0.999636 -0.0123937 0.0239598 -126.499 0.0122784 0.999912 0.00495226 -6.54375 -0.024019 -0.00465627 0.999701 1.07442
0.999796 -0.0127314 0.0156883 -129.202 0.0126933 0.999916 0.00252967 -6.72128 -0.0157192 -0.00233002 0.999874 1.10296
0.999761 -0.0117702 0.0183916 -131.833 0.0116549 0.999912 0.00636333 -6.8639 -0.0184648 -0.00614746 0.999811 1.0744
0.999788 -0.0108722 0.0174948 -134.52 0.0107385 0.999913 0.00772288 -7.01288 -0.0175772 -0.00753337 0.999818 1.0732
0.999789 -0.0104492 0.0176659 -137.198 0.010342 0.999928 0.00614814 -7.16853 -0.0177289 -0.00596414 0.999826 1.11306
0.999797 -0.00970956 0.0176514 -139.825 0.00961594 0.999939 0.00538087 -7.31855 -0.0177025 -0.00521004 0.99983 1.08303
0.999791 -0.00947922 0.0180819 -142.459 0.00941347 0.999949 0.0037177 -7.45861 -0.0181162 -0.00354671 0.99983 1.05581
0.999784 -0.00913032 0.0186474 -145.122 0.00912102 0.999958 0.000583669 -7.61509 -0.018652 -0.000413455 0.999826 1.07606
0.999758 -0.00894274 0.020088 -147.753 0.00899393 0.999957 -0.00245949 -7.76293 -0.0200652 0.00263957 0.999796 1.06047
0.999795 -0.00874205 0.0182615 -150.399 0.00877311 0.99996 -0.00162168 -7.91881 -0.0182466 0.00178156 0.999832 1.05011
0.99974 -0.00874155 0.0210396 -153.016 0.00878622 0.999959 -0.00203207 -8.05231 -0.0210209 0.00221641 0.999777 1.08688
0.999826 -0.00869851 0.0164903 -155.639 0.00877488 0.999951 -0.00456468 -8.2183 -0.0164497 0.0047086 0.999854 1.09045
0.999851 -0.00889822 0.0147681 -158.258 0.0089833 0.999943 -0.00570546 -8.36568 -0.0147165 0.00583728 0.999875 1.11055
0.99988 -0.00940607 0.0122434 -160.865 0.00941817 0.999955 -0.000931479 -8.49131 -0.0122341 0.00104668 0.999925 1.11699
0.999753 -0.00993632 0.0198669 -163.487 0.00994803 0.99995 -0.000490741 -8.65362 -0.0198611 0.000688261 0.999803 1.10429
0.999737 -0.00993375 0.0206367 -166.129 0.0100503 0.999934 -0.00555356 -8.82933 -0.0205801 0.00575951 0.999772 1.13156
0.99977 -0.0116928 0.0179724 -168.764 0.0118726 0.99988 -0.00993466 -9.00161 -0.0178541 0.0101458 0.99979 1.13217
0.99979 -0.0132239 0.0156019 -171.404 0.0133661 0.99987 -0.00904363 -9.15783 -0.0154803 0.00925029 0.999838 1.11271
0.999757 -0.0155813 0.0155812 -174.04 0.0156244 0.999875 -0.00264429 -9.29483 -0.0155381 0.0028871 0.999876 1.11689
0.999758 -0.0178733 0.0127564 -176.681 0.0178539 0.999839 0.00163059 -9.45706 -0.0127835 -0.00140244 0.999918 1.09818
0.999631 -0.0198268 0.0185411 -179.314 0.0198535 0.999802 -0.00125877 -9.65439 -0.0185125 0.00162642 0.999828 1.08558
0.999668 -0.0218743 0.0135653 -181.985 0.021911 0.999757 -0.00256825 -9.84109 -0.0135058 0.00286463 0.999905 1.08189
0.999628 -0.0245838 0.0117763 -184.683 0.0245744 0.999698 0.000948957 -10.0579 -0.0117961 -0.000659204 0.999931 1.0853
0.999582 -0.0243785 0.0154811 -187.364 0.0243389 0.9997 0.00274226 -10.2274 -0.0155433 -0.00236432 0.999877 1.1112
0.999638 -0.0229157 0.0140346 -190.03 0.0228563 0.999729 0.00438328 -10.4093 -0.0141312 -0.00406091 0.999892 1.12081
0.999636 -0.0225101 0.014811 -192.706 0.0224197 0.999729 0.00624405 -10.6024 -0.0149475 -0.00590972 0.999871 1.12669
0.999628 -0.0219635 0.0161627 -195.387 0.0218699 0.999743 0.00594747 -10.7936 -0.0162891 -0.00559178 0.999852 1.10438
0.999589 -0.0227259 0.0174293 -196.716 0.022618 0.999724 0.0063639 -10.9015 -0.0175691 -0.00596707 0.999828 1.10193
