1 0 0 0 0 1 0 0 0 0 1 0
0.553631 -0.555654 -0.620276 -0.891708 -0.76135 -0.0359477 -0.647344 2.23031 0.337402 0.830636 -0.442948 -1.18112
0.451008 -0.86974 0.200358 -1.64411 -0.66704 -0.179315 0.723121 3.84547 -0.593001 -0.459781 -0.661023 0.841626
0.973221 0.0206774 0.228938 -4.69534 0.0227763 0.982371 -0.185549 3.08995 -0.228739 0.185794 0.955593 1.17573
0.602056 -0.535503 -0.592254 -6.06144 -0.798447 -0.400748 -0.449315 6.02827 0.00326512 0.743396 -0.668844 0.768152
0.554219 -0.634901 0.538277 -7.45502 -0.146193 0.56238 0.813853 5.78272 -0.819432 -0.529745 0.218864 3.737
0.882377 0.00187144 -0.47054 -10.1244 -0.470542 0.00072078 -0.882377 6.99485 -0.0013121 0.999998 0.00151665 2.99651
0.449845 -0.776786 0.44073 -11.2804 -0.216927 0.383669 0.89763 7.59996 -0.866361 -0.499401 0.00408539 6.061
0.828002 0.0090943 -0.560651 -14.1229 -0.560511 -0.0142006 -0.828025 9.40489 -0.0154918 0.999858 -0.00666062 5.83367
0.493974 -0.686755 0.533251 -15.1102 -0.302713 0.439093 0.845909 10.0958 -0.815079 -0.579279 0.00901152 8.63223
0.845213 -0.00352597 -0.534417 -17.6409 -0.534249 -0.0314858 -0.84474 11.7359 -0.013848 0.999498 -0.0284959 8.00836
0.471479 -0.699864 0.536561 -18.6258 -0.314085 0.435271 0.843736 12.1224 -0.82405 -0.56633 -0.0145959 11.0482
0.850496 0.0306583 -0.525086 -20.8767 -0.525021 -0.0107936 -0.851021 13.8069 -0.0317584 0.999472 0.0069164 10.7075
0.529264 -0.650655 0.544543 -22.0764 -0.397454 0.376899 0.836646 14.7631 -0.749606 -0.659238 -0.0591265 12.8059
0.843637 0.0535698 -0.534235 -24.219 -0.536099 0.0292622 -0.843647 16.3444 -0.0295611 0.998135 0.0534055 12.7287
0.531009 -0.647438 0.546675 -25.7447 -0.400703 0.376597 0.835231 17.0337 -0.746637 -0.66257 -0.059454 14.6432
0.862218 0.0677111 -0.501991 -27.7464 -0.502562 -0.00956448 -0.864488 18.019 -0.0633368 0.997659 0.0257825 15.6334
0.594607 -0.600068 0.535127 -29.4856 -0.416137 0.339798 0.843426 19.2506 -0.687948 -0.724193 -0.047665 16.8905
0.834175 0.144788 -0.532154 -31.5634 -0.533572 -0.0321437 -0.845144 20.6473 -0.139472 0.988941 0.0504413 17.8824
0.593346 -0.582372 0.555683 -33.4419 -0.407537 0.377979 0.831291 21.8309 -0.694157 -0.719705 -0.0130659 19.1339
0.8557 0.103119 -0.507094 -35.423 -0.499656 -0.0902798 -0.861507 23.0555 -0.134618 0.990564 -0.0257286 20.1078
0.629593 -0.616017 0.473428 -37.4274 -0.374893 0.292845 0.8796 24.0787 -0.680491 -0.731276 -0.0465676 21.3362
0.86724 0.11552 -0.484304 -39.4454 -0.48316 -0.039598 -0.874636 25.3562 -0.120216 0.992516 0.0214738 22.2339
0.677174 -0.499908 0.539932 -41.249 -0.416281 0.344792 0.841326 26.5908 -0.60675 -0.794488 0.0253816 23.6153
0.836098 0.0721253 -0.543818 -43.4525 -0.538053 -0.0854466 -0.838569 27.8929 -0.106949 0.993729 -0.0326343 24.1606
0.708717 -0.456601 0.537806 -45.4194 -0.413479 0.348832 0.841042 29.1592 -0.571624 -0.818433 0.0584284 25.3107
0.845456 0.0983024 -0.52492 -47.6151 -0.519822 -0.073862 -0.851076 30.429 -0.122435 0.992412 -0.0113472 25.7925
0.704129 -0.497684 0.506471 -49.6204 -0.401041 0.309879 0.862056 31.6117 -0.585977 -0.810115 0.0186025 26.8703
0.836312 0.126001 -0.533578 -51.6987 -0.529875 -0.0641196 -0.845649 32.9208 -0.140765 0.989956 0.0131407 27.7074
0.663868 -0.494281 0.561217 -53.5519 -0.474236 0.302018 0.826974 34.2794 -0.578255 -0.815151 -0.033906 28.7928
0.849813 0.0616218 -0.52347 -55.7696 -0.521697 -0.0433068 -0.852031 35.5639 -0.0751736 0.99716 -0.00465466 29.3361
0.621583 -0.534173 0.572969 -57.4929 -0.439582 0.367561 0.819553 36.8553 -0.648384 -0.761287 -0.00634355 30.7523
0.846292 -0.0415751 -0.531095 -59.668 -0.529517 0.0435103 -0.847183 37.975 0.0583298 0.998188 0.0148078 31.2356
0.662118 -0.518506 0.541065 -61.5566 -0.438251 0.317759 0.840813 39.2979 -0.607894 -0.793839 -0.0168416 32.2019
0.862781 -0.0357276 -0.504314 -63.7216 -0.500495 0.080732 -0.861967 40.5081 0.0715103 0.996095 0.0517726 32.6046
0.588137 -0.60278 0.539213 -65.4314 -0.412262 0.350147 0.841093 41.8206 -0.695798 -0.716975 -0.0425692 33.819
0.878799 -0.0985829 -0.466898 -67.6873 -0.463408 0.0571558 -0.8843 42.9509 0.113863 0.993486 0.00454438 33.8729
0.579189 -0.617913 0.531718 -69.5816 -0.340639 0.409134 0.846507 44.1313 -0.740612 -0.671411 0.0264806 35.589
0.860318 -0.113434 -0.496977 -72.0447 -0.496091 0.0379346 -0.867442 45.3259 0.11725 0.992821 -0.0236376 35.9796
0.540241 -0.636366 0.550616 -73.5856 -0.369311 0.408645 0.834637 46.6001 -0.756141 -0.654254 -0.0142503 37.3299
0.791111 -0.127859 -0.59816 -75.3509 -0.586995 0.116267 -0.801198 47.7743 0.171987 0.984954 0.0169278 37.5928
0.541642 -0.647669 0.535863 -76.9468 -0.329537 0.422845 0.844161 48.9355 -0.773323 -0.63382 0.0156002 38.6886
0.863468 -0.0681364 -0.499781 -78.994 -0.500009 0.0148893 -0.865892 49.9309 0.0664402 0.997565 -0.0212124 39.4176
0.543306 -0.640633 0.542593 -80.7314 -0.352479 0.412516 0.839994 51.0738 -0.761956 -0.647627 -0.00168753 40.4255
0.873242 -0.0490707 -0.48481 -82.967 -0.485186 0.0047515 -0.874398 52.197 0.0452109 0.998784 -0.0196592 41.0818
0.54873 -0.654316 0.520351 -84.8056 -0.330729 0.401746 0.853943 53.3729 -0.767798 -0.64068 0.00404844 42.0435
0.859524 -0.046087 -0.509014 -86.7018 -0.509379 0.00431999 -0.860531 54.4959 0.0418582 0.998928 -0.0197626 42.9279
0.577035 -0.672151 0.463944 -88.6568 -0.265027 0.383214 0.884821 55.3409 -0.772523 -0.63353 0.0429896 43.9877
0.903681 -0.0102074 -0.428084 -90.6679 -0.428011 -0.0517143 -0.902293 56.3503 -0.0129281 0.99861 -0.0511022 44.9164
0.593335 -0.690823 0.413179 -92.7093 -0.218103 0.356124 0.908629 57.052 -0.774845 -0.629237 0.0606299 46.02
0.890614 0.0303089 -0.453749 -94.5672 -0.452236 -0.0459617 -0.890713 58.1243 -0.0478518 0.998484 -0.0272273 46.9557
0.573398 -0.670041 0.471444 -96.4987 -0.334114 0.334168 0.881306 59.0747 -0.748053 -0.662855 -0.0322589 48.1183
0.900989 0.0719685 -0.427832 -98.3953 -0.426769 -0.0303289 -0.903852 60.1784 -0.0780247 0.996946 0.00338792 49.079
0.578186 -0.669132 0.466865 -100.569 -0.373892 0.291295 0.880541 61.2175 -0.725194 -0.683674 -0.0817611 49.958
0.907102 0.079462 -0.413341 -102.354 -0.418965 0.0761537 -0.904803 62.4074 -0.0404202 0.993925 0.102371 51.0331
0.605592 -0.674022 0.423028 -104.434 -0.37961 0.222523 0.897987 63.4007 -0.699396 -0.704399 -0.121107 51.8111
0.893488 0.0611756 -0.4449 -106.319 -0.449064 0.111641 -0.886498 64.5716 -0.00456304 0.991864 0.127222 52.7305
0.580373 -0.683677 0.442441 -108.041 -0.40328 0.230716 0.885514 65.2782 -0.707484 -0.692356 -0.141812 53.2738
0.938945 -0.0159957 -0.343696 -109.346 -0.338548 0.135275 -0.931175 65.9719 0.0613882 0.990679 0.121601 54.0938
0.698676 -0.570799 0.431323 -110.869 -0.382437 0.211545 0.899439 66.6761 -0.604644 -0.793371 -0.0704937 54.1914
0.962578 0.0399166 -0.268048 -112.073 -0.271001 0.146649 -0.951343 67.1516 0.00133439 0.988383 0.151978 55.6487
0.70368 -0.658229 0.267522 -114.224 -0.314626 0.0489228 0.947954 67.8568 -0.637059 -0.751226 -0.17267 55.5855
0.957804 0.0905938 -0.272772 -115.58 -0.281961 0.112025 -0.952863 68.4412 -0.0557665 0.989568 0.132842 57.1705
0.726719 -0.607785 0.320122 -117.831 -0.279525 0.164049 0.94602 69.2025 -0.627492 -0.776973 -0.0506734 56.8895
0.922898 0.0352969 -0.383423 -119.312 -0.378208 -0.103707 -0.919893 69.6513 -0.0722331 0.993982 -0.0823614 58.6797
0.78118 -0.456506 0.425864 -121.384 -0.223922 0.431872 0.873697 70.7343 -0.582767 -0.777875 0.235147 58.3182
0.908015 -0.099422 -0.406968 -122.942 -0.418359 -0.266214 -0.868393 70.9749 -0.0220032 0.958773 -0.28332 59.9364
0.794524 -0.415686 0.442647 -124.889 -0.19698 0.513105 0.835418 71.9114 -0.574396 -0.750952 0.325792 59.5784
0.902824 -0.169623 -0.395141 -126.443 -0.429515 -0.399808 -0.809735 72.1035 -0.0206308 0.900768 -0.433812 61.1058
0.830285 -0.316442 0.458794 -128.19 -0.150765 0.664975 0.73149 73.1188 -0.536561 -0.676515 0.504411 60.8476
0.878998 -0.194394 -0.435401 -129.605 -0.472632 -0.476041 -0.741622 73.2677 -0.0631023 0.857669 -0.510316 62.2207
0.837554 -0.28144 0.468289 -131.452 -0.172696 0.676797 0.715627 74.0896 -0.518343 -0.680248 0.518251 62.3039
0.842881 -0.23155 -0.485733 -133.206 -0.532323 -0.49073 -0.689795 74.8675 -0.0786416 0.839982 -0.536886 63.2356
0.836452 -0.284494 0.468414 -135.295 -0.171757 0.675565 0.717016 75.6623 -0.520431 -0.680203 0.516213 63.6417
0.861517 -0.254382 -0.439407 -137.226 -0.507248 -0.393566 -0.766685 76.5637 0.0220953 0.8834 -0.468099 64.4098
0.837559 -0.315693 0.445907 -139.533 -0.174133 0.619347 0.765564 77.3881 -0.517854 -0.718852 0.463767 64.8217
0.888542 -0.259207 -0.378557 -141.203 -0.454588 -0.385892 -0.802769 78.454 0.0620013 0.885381 -0.460714 64.8364
0.847585 -0.314919 0.427112 -142.289 -0.184122 0.580346 0.793283 78.5028 -0.497693 -0.751016 0.433909 65.3443
0.865465 -0.303934 -0.398239 -143.241 -0.491744 -0.36354 -0.791219 79.3021 0.0957026 0.880604 -0.464088 65.0761
0.843816 -0.329302 0.423717 -144.237 -0.110501 0.666039 0.737686 79.1936 -0.525134 -0.669292 0.525626 65.9319
0.814214 -0.420292 -0.400513 -145.034 -0.562762 -0.401834 -0.722377 79.9696 0.142669 0.813563 -0.563703 65.5245
0.821626 -0.377732 0.426907 -145.755 -0.0502353 0.698028 0.714306 79.7886 -0.56781 -0.608338 0.554543 66.4064
0.861757 -0.213143 -0.460374 -146.576 -0.503672 -0.468098 -0.726085 80.5579 -0.0607403 0.857587 -0.510741 66.011
0.798489 -0.433962 0.417244 -147.116 -0.0589772 0.633362 0.771605 80.2083 -0.599114 -0.640726 0.480139 67.0449
0.87901 -0.183589 -0.440041 -147.78 -0.476787 -0.345885 -0.808107 80.7847 -0.00384447 0.920141 -0.391569 66.5851
0.753795 -0.538145 0.377085 -148.12 -0.116916 0.454861 0.882855 80.6682 -0.646625 -0.709579 0.279954 67.4536
0.919864 -0.0918666 -0.381327 -148.752 -0.389978 -0.110009 -0.914229 80.9442 0.0420374 0.989676 -0.137019 67.017
0.694517 -0.652323 0.303515 -148.55 -0.202463 0.227611 0.952472 80.945 -0.690403 -0.722958 0.0260088 67.8176
0.95119 -0.00771136 -0.308508 -149.185 -0.306723 0.0865981 -0.947851 81.011 0.0340251 0.996214 0.0800061 67.3123
0.661996 -0.718052 0.214856 -149.183 -0.288315 0.0206413 0.957313 81.2488 -0.691836 -0.695683 -0.193361 67.9995
0.980908 0.0576607 -0.185727 -149.755 -0.19409 0.35012 -0.916376 81.0998 0.0121877 0.934928 0.354627 67.4889
0.632999 -0.772079 0.0566198 -149.596 -0.428106 -0.288173 0.856552 81.5212 -0.64501 -0.566436 -0.512945 68.1122
0.996822 0.0794579 -0.00569526 -150.067 -0.0555093 0.641542 -0.765077 81.1005 -0.057138 0.762962 0.643914 67.7121
0.627858 -0.769642 -0.115956 -149.834 -0.532352 -0.533326 0.657392 81.6945 -0.567799 -0.351019 -0.744574 68.1086
0.986243 0.0383513 0.160792 -150.25 0.0478982 0.864682 -0.500031 81.057 -0.158211 0.500853 0.85095 67.8914
0.646693 -0.719057 -0.254453 -150.029 -0.623745 -0.69055 0.366173 81.7988 -0.439011 -0.0780872 -0.895082 68.0523
0.962843 -0.0210837 0.269239 -150.359 0.0961927 0.958337 -0.268954 81.0614 -0.252352 0.28486 0.924756 68.0082
0.662944 -0.675163 -0.323514 -150.143 -0.650799 -0.733308 0.196775 81.793 -0.37009 0.0800922 -0.925537 68.0095
0.944786 -0.0831796 0.316956 -150.33 0.118438 0.988539 -0.093617 81.2504 -0.305537 0.125988 0.943809 68.0797
0.675789 -0.649149 -0.349162 -150.228 -0.664371 -0.741607 0.092905 81.678 -0.31925 0.169189 -0.932446 67.9808
0.945635 -0.0825097 0.31459 -150.303 0.11973 0.98767 -0.100858 81.295 -0.30239 0.13304 0.943854 68.0925
0.663101 -0.661679 -0.349969 -150.268 -0.665213 -0.735287 0.129783 81.5593 -0.343203 0.146745 -0.927727 67.9486
0.948879 -0.0808584 0.305106 -150.251 0.123034 0.984923 -0.121613 81.4045 -0.290673 0.152934 0.944521 68.1351
0.665804 -0.665023 -0.338304 -150.314 -0.66965 -0.732566 0.122134 81.5351 -0.329052 0.145228 -0.933078 67.8807
0.952304 -0.0852857 0.29299 -150.258 0.121241 0.98686 -0.106806 81.4221 -0.280031 0.137234 0.950131 68.1301
0.665928 -0.66496 -0.338182 -150.309 -0.669698 -0.732587 0.12174 81.5302 -0.3287 0.14541 -0.933173 67.882
0.952284 -0.0853209 0.293044 -150.252 0.121206 0.986894 -0.106537 81.4281 -0.280114 0.136972 0.950145 68.1256
0.665874 -0.665015 -0.338181 -150.31 -0.66949 -0.732651 0.122503 81.5295 -0.329235 0.144838 -0.933074 67.8751
0.952284 -0.0852394 0.293068 -150.252 0.121144 0.986894 -0.106602 81.4263 -0.280141 0.137019 0.95013 68.1278
0.665882 -0.66511 -0.33798 -150.31 -0.669683 -0.732532 0.122151 81.5256 -0.328825 0.145002 -0.933193 67.882
0.948977 -0.0809806 0.304769 -150.247 0.123177 0.984875 -0.121853 81.4012 -0.290292 0.153176 0.944599 68.139
0.665764 -0.665115 -0.338201 -150.311 -0.669614 -0.732542 0.122472 81.53 -0.329205 0.144927 -0.933071 67.877
0.946306 -0.086723 0.311422 -150.252 0.124152 0.986964 -0.102412 81.4051 -0.298481 0.135577 0.944737 68.1459
0.66239 -0.658584 -0.35708 -150.314 -0.667578 -0.735195 0.117594 81.5226 -0.339969 0.160485 -0.926642 67.8829
0.946097 -0.0871422 0.31194 -150.252 0.124604 0.986928 -0.102215 81.4225 -0.298956 0.135574 0.944587 68.1368
0.662471 -0.658551 -0.356991 -150.317 -0.667648 -0.735186 0.117256 81.5188 -0.339674 0.160666 -0.926719 67.8884
0.946175 -0.0870166 0.311738 -150.251 0.124386 0.986974 -0.102036 81.409 -0.298799 0.135319 0.944673 68.144
0.668418 -0.658869 -0.345121 -150.317 -0.670852 -0.734429 0.102814 81.5202 -0.321208 0.162803 -0.93291 67.8776
0.94961 -0.0912445 0.299858 -150.263 0.122701 0.988555 -0.0877672 81.4214 -0.288419 0.120137 0.949938 68.1293
0.668301 -0.659012 -0.345077 -150.325 -0.670784 -0.734404 0.103441 81.5162 -0.321595 0.162343 -0.932857 67.8773
0.949573 -0.0915588 0.29988 -150.261 0.122908 0.988566 -0.0873617 81.42 -0.288452 0.119814 0.949968 68.1292
0.668485 -0.658793 -0.345138 -150.323 -0.670807 -0.734485 0.102712 81.5168 -0.321165 0.16286 -0.932915 67.8814
0.949732 -0.0910936 0.299519 -150.262 0.1225 0.98858 -0.0877715 81.4137 -0.288103 0.12005 0.950045 68.1369
0.668549 -0.658751 -0.345094 -150.323 -0.670765 -0.734529 0.102676 81.5185 -0.321119 0.162833 -0.932935 67.883
0.943392 -0.0933088 0.318284 -150.258 0.125563 0.988664 -0.0823309 81.3936 -0.306994 0.117635 0.944413 68.1525
0.665 -0.65236 -0.363596 -150.326 -0.669177 -0.736641 0.0977814 81.4991 -0.331629 0.178286 -0.926411 67.8909
