1 0 0 0 0 1 0 0 0 0 1 0
0.999997 -0.00215106 0.00152118 -0.00139163 0.00214929 0.999997 0.00116916 0.00541326 -0.00152369 -0.00116589 0.999998 0.0141032
0.999991 -0.00393733 0.00179321 -0.000301588 0.00393094 0.999986 0.00355483 0.0127761 -0.00180718 -0.00354775 0.999992 0.0581367
0.999981 -0.00584685 0.00206721 0.113893 0.00583919 0.999976 0.00369391 0.0287533 -0.00208876 -0.00368177 0.999991 0.0532259
0.999958 -0.00900457 0.00166413 0.0891993 0.00899812 0.999952 0.00384179 0.0647452 -0.00169865 -0.00382665 0.999991 0.0104567
0.999926 -0.0119892 0.00211948 -0.00855256 0.011983 0.999924 0.00290773 0.0440324 -0.00215418 -0.00288212 0.999993 0.0383028
0.999919 -0.0126233 0.001762 -0.187772 0.0126164 0.999913 0.00387516 0.0233807 -0.00181077 -0.00385262 0.999991 0.0631123
0.999929 -0.0118349 0.00143857 -0.240689 0.0118294 0.999923 0.00381358 0.00964143 -0.00148359 -0.00379629 0.999992 0.0614793
0.999937 -0.0110711 0.00220193 -0.262458 0.0110621 0.999931 0.00409244 0.00722502 -0.00224709 -0.00406782 0.999989 0.0577184
0.99995 -0.00999413 0.000453503 -0.239249 0.00999277 0.999946 0.00290539 0.0285627 -0.000482517 -0.00290071 0.999996 0.0540097
0.999942 -0.0108114 2.13374e-05 -0.357035 0.0108113 0.999939 0.00223233 -0.00123144 -4.54716e-05 -0.00223197 0.999997 0.0476975
0.999929 -0.0118825 0.00126655 -0.366701 0.0118792 0.999926 0.00256234 0.0200817 -0.00129691 -0.00254711 0.999996 0.0469732
0.999937 -0.0111718 0.000958647 -0.334123 0.0111695 0.999935 0.0023071 0.0114978 -0.00098436 -0.00229625 0.999997 0.0383539
0.999962 -0.00866682 0.00133149 -0.0267891 0.00866378 0.99996 0.00226941 0.006871 -0.0013511 -0.00225778 0.999997 0.0249033
0.999978 -0.00653367 0.00111499 0.0729442 0.00653184 0.999978 0.0016345 0.0410128 -0.00112564 -0.00162718 0.999998 0.0262126
0.999959 -0.00880046 0.00219189 0.450153 0.00879709 0.99996 0.0015379 0.0778535 -0.00220533 -0.00151855 0.999996 0.0406449
0.999914 -0.0128401 0.00277443 0.856371 0.0128337 0.999915 0.00229955 0.0820509 -0.00280372 -0.00226375 0.999994 0.0521488
0.99989 -0.0148254 -0.000593905 1.39215 0.0148273 0.999884 0.00342359 0.109428 0.000543079 -0.00343202 0.999994 0.0756301
0.999929 -0.0119379 0.000737829 2.09394 0.0119345 0.999919 0.00450344 0.141726 -0.000791531 -0.00449431 0.99999 0.0767749
0.99994 -0.0107174 0.00238077 2.97138 0.0106947 0.999899 0.00937591 0.192539 -0.00248101 -0.00934988 0.999953 0.161738
0.999947 -0.00986319 0.00283955 3.09036 0.00983895 0.999916 0.00842742 0.197972 -0.00292244 -0.00839904 0.99996 0.154901
0.999946 -0.00961571 0.00407378 3.18626 0.00958038 0.999917 0.00860383 0.202469 -0.00415617 -0.00856433 0.999955 0.160442
0.999948 -0.00946806 0.00378011 3.25211 0.00943754 0.999924 0.00801237 0.212112 -0.00385568 -0.00797627 0.999961 0.172312
0.999954 -0.00862833 0.00432017 3.3793 0.00857777 0.999896 0.0115869 0.220828 -0.0044197 -0.0115493 0.999923 0.210022
0.999943 -0.00874766 0.00616374 3.32689 0.00867993 0.999903 0.0109309 0.218008 -0.00625875 -0.0108768 0.999921 0.200372
0.999899 -0.00897503 0.0110576 3.30834 0.00885163 0.999899 0.0111588 0.206385 -0.0111566 -0.0110597 0.999876 0.204029
0.999922 -0.00692859 0.0104275 3.33401 0.00680693 0.999909 0.0116588 0.212691 -0.0105073 -0.0115869 0.999878 0.21192
0.999921 -0.00743585 0.0102003 3.59245 0.00729367 0.999877 0.0139061 0.225446 -0.0103025 -0.0138306 0.999851 0.200212
0.999914 -0.00707656 0.0110144 3.94028 0.00692897 0.999887 0.0133806 0.256515 -0.0111079 -0.0133031 0.99985 0.211746
0.999897 -0.00667155 0.0127521 4.21884 0.00649834 0.999887 0.0135761 0.273428 -0.0128412 -0.0134918 0.999826 0.213684
0.999882 -0.00781057 0.0132129 4.40551 0.00764101 0.999889 0.0128348 0.309801 -0.0133116 -0.0127323 0.99983 0.228155
0.999905 -0.00469323 0.0129426 4.59474 0.00451784 0.999898 0.0135475 0.322228 -0.0130048 -0.0134877 0.999824 0.217074
0.999897 -0.00521048 0.0133598 4.74342 0.00496078 0.999814 0.0186561 0.332374 -0.0134546 -0.0185879 0.999737 0.205592
0.999879 -0.0044474 0.0149118 4.87015 0.00415034 0.999794 0.0198933 0.343145 -0.0149971 -0.019829 0.999691 0.211462
0.999895 -0.00176623 0.0143806 4.94472 0.00149155 0.999817 0.0190891 0.328843 -0.0144117 -0.0190656 0.999714 0.235898
0.999958 -0.00113004 0.00913113 4.9281 0.000971953 0.99985 0.0172983 0.345293 -0.0091493 -0.0172887 0.999808 0.244004
0.999907 0.00567476 0.0124048 4.74142 -0.00587814 0.999848 0.016421 0.357289 -0.0123097 -0.0164924 0.999788 0.224295
0.999917 0.00736483 0.0105501 4.55367 -0.00755463 0.999808 0.0180642 0.361454 -0.010415 -0.0181424 0.999781 0.207998
0.999929 0.00790193 0.00891167 4.48768 -0.00805471 0.999819 0.0172403 0.372542 -0.00877382 -0.0173108 0.999811 0.195903
0.999956 0.00558755 0.00752214 4.54166 -0.00571766 0.999833 0.017387 0.390257 -0.00742372 -0.0174293 0.99982 0.180706
0.999929 0.00574987 0.0104611 4.78972 -0.00593438 0.999826 0.0176924 0.431558 -0.0103575 -0.0177533 0.999789 0.19592
0.999915 0.00458375 0.0121962 5.15593 -0.00473498 0.999912 0.0123999 0.444312 -0.0121383 -0.0124566 0.999849 0.166972
0.999859 0.0045664 0.0161423 5.48263 -0.00471141 0.999949 0.00895658 0.447365 -0.0161005 -0.00903137 0.999829 0.150212
0.999943 0.00179562 0.0105228 5.67519 -0.00185415 0.999983 0.00555439 0.446712 -0.0105126 -0.00557358 0.999929 0.144323
0.999905 0.00132269 0.0137483 5.95404 -0.00142747 0.99997 0.00761399 0.495621 -0.0137378 -0.00763289 0.999876 0.158548
0.999914 0.00145248 0.0130574 6.30759 -0.0015369 0.999978 0.00645743 0.499996 -0.0130478 -0.00647694 0.999894 0.134007
0.999904 -0.0021803 0.0136845 6.52078 0.00208516 0.999974 0.0069632 0.469969 -0.0136993 -0.006934 0.999882 0.146174
0.99987 -0.00780382 0.0141313 6.45859 0.00765326 0.999914 0.0106776 0.411845 -0.0142134 -0.0105681 0.999843 0.214916
0.999657 -0.0236123 0.0112821 6.42677 0.0234819 0.999658 0.0115567 0.444038 -0.0115511 -0.0112878 0.999869 0.218118
0.999634 -0.0240199 0.0124067 6.3824 0.0238829 0.999654 0.0110713 0.451707 -0.0126684 -0.010771 0.999862 0.173342
0.999658 -0.0217202 0.0145424 6.61718 0.0215916 0.999727 0.00894248 0.431533 -0.0147327 -0.00862542 0.999854 0.167782
0.999666 -0.0182821 0.0182564 6.85619 0.018182 0.999819 0.00563479 0.41344 -0.0183561 -0.00530097 0.999817 0.144366
0.999718 -0.0158208 0.0177215 7.19537 0.0158154 0.999875 0.000443817 0.409647 -0.0177263 -0.000163419 0.999843 0.131026
0.999737 -0.0150271 0.0172911 7.43884 0.0150136 0.999887 0.00090822 0.42025 -0.0173028 -0.000648381 0.99985 0.121037
0.999751 -0.0121203 0.0187257 7.67735 0.012107 0.999927 0.000823324 0.449899 -0.0187343 -0.000596407 0.999824 0.11301
0.999752 -0.00995464 0.0199372 7.85618 0.00995561 0.999951 5.05651e-05 0.453057 -0.0199367 0.000147934 0.999801 0.101959
0.999782 -0.00827348 0.0191865 7.90815 0.00827796 0.999966 -0.000154037 0.457999 -0.0191845 0.000312828 0.999816 0.08637
0.999787 -0.00661425 0.0195548 8.23252 0.00657041 0.999976 0.00230524 0.493724 -0.0195695 -0.00217626 0.999806 0.0938935
0.999666 -0.00455555 0.0254271 8.59637 0.00440305 0.999972 0.00605011 0.557977 -0.025454 -0.00593614 0.999658 0.098505
0.999668 -0.0040727 0.0254199 8.91254 0.00401464 0.99999 0.00233425 0.571971 -0.0254291 -0.00223142 0.999674 0.0827364
0.999737 -0.00634965 0.0220195 9.22373 0.00641148 0.999976 -0.00273874 0.586222 -0.0220015 0.0028792 0.999754 0.0613593
0.999675 -0.00772385 0.0242984 9.52552 0.00777243 0.999968 -0.00190568 0.620762 -0.0242829 0.00209391 0.999703 0.0658217
0.999665 -0.00884483 0.0243406 9.84616 0.0089211 0.999956 -0.00302644 0.673317 -0.0243127 0.00324257 0.999699 0.071172
0.999643 -0.00765068 0.0256134 10.6301 0.00768003 0.99997 -0.00104752 0.744587 -0.0256046 0.00124386 0.999671 0.0693649
0.999637 -0.0105991 0.0247761 11.8343 0.0105104 0.999938 0.00370508 0.832569 -0.0248139 -0.00344332 0.999686 0.077667
0.999535 -0.0122464 0.0279145 12.8599 0.0121807 0.999923 0.00252122 0.890409 -0.0279432 -0.00218003 0.999607 0.0662882
0.999457 -0.0100642 0.0313894 13.5558 0.0101392 0.999947 -0.00223069 0.927846 -0.0313653 0.00254774 0.999505 0.0708837
0.999589 -0.00943725 0.0270538 13.8979 0.00966481 0.999919 -0.00829289 0.963686 -0.0269734 0.00855095 0.9996 0.0932411
0.999675 -0.0101709 0.0233602 14.2556 0.0104568 0.999872 -0.0121478 0.969541 -0.0232336 0.0123881 0.999653 0.0709023
0.999641 -0.0112306 0.0243212 14.5655 0.0114943 0.999877 -0.0107298 0.989553 -0.0241977 0.0110055 0.999647 0.0621483
0.999564 -0.0130319 0.0265065 14.8879 0.0132917 0.999866 -0.00964865 1.00338 -0.0263772 0.00999675 0.999602 0.0720472
0.99955 -0.0145485 0.0262435 15.2172 0.0147939 0.999849 -0.00918288 1.02206 -0.0261059 0.00956698 0.999613 0.0581574
0.999574 -0.0154612 0.024743 15.536 0.0157063 0.99983 -0.00974065 1.02868 -0.0245882 0.0101251 0.999646 0.0802702
0.999524 -0.0161003 0.0263316 15.8335 0.0163473 0.999824 -0.0091919 1.03121 -0.026179 0.00961796 0.999611 0.0967577
0.999355 -0.0161735 0.0320744 16.1657 0.0163801 0.999847 -0.00618869 1.03558 -0.0319693 0.00671007 0.999466 0.0911206
0.999343 -0.0152468 0.0328838 16.4971 0.0154814 0.999857 -0.00689062 1.07457 -0.032774 0.00739518 0.999435 0.0902093
0.999294 -0.0142795 0.0347455 16.7937 0.0145097 0.999875 -0.00638264 1.06878 -0.03465 0.00688228 0.999376 0.077901
0.99934 -0.014148 0.0334715 17.1022 0.0143524 0.99988 -0.00587219 1.07224 -0.0333844 0.00634871 0.999422 0.0883501
0.999379 -0.014304 0.0321902 17.4473 0.0144768 0.999882 -0.00514183 1.09403 -0.0321129 0.00560464 0.999469 0.0557996
0.999306 -0.0157548 0.0337454 17.7928 0.0159575 0.999857 -0.00574768 1.11712 -0.03365 0.00628218 0.999414 0.0526983
0.999349 -0.0135012 0.0334429 17.9523 0.013723 0.999886 -0.00641251 1.1556 -0.0333524 0.00686727 0.99942 0.0458602
0.999319 -0.0131638 0.0344701 18.2495 0.0133592 0.999896 -0.00544228 1.15842 -0.0343949 0.00589907 0.999391 0.0331759
0.99922 -0.013543 0.0371034 18.1809 0.0138468 0.999873 -0.00794172 1.14592 -0.0369911 0.00844927 0.99928 0.0261773
0.999224 -0.0120189 0.0375183 18.0516 0.0124905 0.999846 -0.0123607 1.13936 -0.0373639 0.0128198 0.99922 0.038488
0.999203 -0.011503 0.0382345 17.8102 0.0119187 0.999873 -0.0106612 1.13535 -0.0381069 0.0111084 0.999212 0.0395768
0.999324 -0.00858413 0.0357462 17.581 0.00895126 0.999909 -0.0101231 1.14599 -0.035656 0.0104362 0.99931 0.0398785
0.999367 -0.00657385 0.0349577 17.3027 0.00696576 0.999914 -0.0111011 1.14293 -0.0348818 0.0113376 0.999327 0.0657946
0.99926 -0.00284009 0.0383486 16.9282 0.00329584 0.999925 -0.0118263 1.14022 -0.0383121 0.0119439 0.999195 0.0837408
0.999316 -0.00223408 0.0369108 16.5652 0.00267278 0.999927 -0.0118404 1.14451 -0.0368816 0.011931 0.999249 0.0863265
0.999308 -0.00124103 0.0371861 16.0222 0.00162406 0.999946 -0.0102719 1.16199 -0.0371713 0.0103251 0.999256 0.07681
0.999316 -0.00319521 0.0368435 16.0132 0.00359546 0.999936 -0.0108024 1.18938 -0.0368066 0.0109274 0.999263 0.0769149
0.99938 -0.00431766 0.034935 15.8232 0.00469068 0.999933 -0.0106028 1.18944 -0.0348868 0.0107601 0.999334 0.089105
0.999347 -0.00708516 0.0354176 15.6268 0.00743481 0.999925 -0.00975042 1.19272 -0.0353458 0.0100074 0.999325 0.0881772
0.999292 -0.01085 0.0360261 15.9565 0.0111635 0.999902 -0.00851133 1.24444 -0.0359302 0.00890747 0.999315 0.101159
0.999282 -0.00989765 0.0365588 15.9954 0.0102175 0.999911 -0.00857273 1.25858 -0.0364707 0.00894011 0.999295 0.0470215
0.99922 -0.0109438 0.037946 16.2138 0.0113136 0.999891 -0.00954406 1.26454 -0.0378374 0.00996591 0.999234 0.0678837
0.999128 -0.0128781 0.0397216 16.4324 0.0132085 0.999881 -0.00806656 1.27133 -0.039613 0.00858418 0.999178 0.0851301
0.999206 -0.013546 0.0374668 16.6189 0.013868 0.999869 -0.00834861 1.27583 -0.0373488 0.00886156 0.999263 0.109296
0.999079 -0.0148057 0.0402581 16.749 0.0151722 0.999847 -0.00881382 1.27361 -0.0401214 0.00941651 0.999151 0.0886273
0.998977 -0.0168602 0.0419631 16.8712 0.0173383 0.999789 -0.0110535 1.26877 -0.0417679 0.0117697 0.999058 0.0736642
0.998986 -0.0179299 0.0412946 17.2192 0.0186353 0.999686 -0.0167598 1.27141 -0.0409811 0.0175124 0.999007 0.0452363
0.998998 -0.0172625 0.0412859 17.5734 0.0180146 0.999678 -0.0179126 1.26155 -0.0409633 0.0186384 0.998987 0.0566348
0.999052 -0.0158401 0.0405508 17.8868 0.0165458 0.999717 -0.017128 1.26266 -0.040268 0.0177827 0.999031 0.0853036
0.999104 -0.0125525 0.040415 18.0553 0.0132456 0.999769 -0.0169275 1.2702 -0.0401932 0.0174477 0.99904 0.0708148
0.99909 -0.011174 0.041162 18.065 0.0118639 0.999793 -0.0165542 1.26328 -0.0409685 0.0170275 0.999016 0.080882
0.999028 -0.0103721 0.0428424 18.0728 0.0110053 0.999834 -0.0145711 1.27037 -0.0426842 0.0150284 0.998976 0.101237
0.999118 -0.0104274 0.0406779 17.9557 0.0110247 0.999835 -0.0144864 1.28332 -0.0405201 0.014922 0.999068 0.105673
0.999198 -0.00795137 0.0392503 17.6561 0.00852995 0.999858 -0.0145957 1.28301 -0.0391286 0.0149188 0.999123 0.109154
0.99927 -0.00823787 0.0373141 17.5676 0.0087922 0.999854 -0.0147163 1.28754 -0.0371874 0.0150336 0.999196 0.118719
0.999364 -0.0104479 0.0340972 17.241 0.0109473 0.999836 -0.0144916 1.25966 -0.0339402 0.0148556 0.999314 0.126694
0.999328 -0.0122728 0.0345292 16.8778 0.0128024 0.999804 -0.0151578 1.23946 -0.0343364 0.0155896 0.999289 0.130481
0.999388 -0.0134993 0.0322783 16.538 0.0140083 0.999781 -0.0155949 1.22227 -0.0320607 0.0160375 0.999358 0.140967
0.999435 -0.0152758 0.0299449 16.4604 0.0157592 0.999749 -0.015975 1.21973 -0.0296934 0.0164379 0.999424 0.13847
0.999397 -0.0162529 0.0306953 16.4488 0.0167371 0.999739 -0.0155838 1.20851 -0.030434 0.0160881 0.999408 0.141162
0.999282 -0.0174141 0.0336452 16.4977 0.0177142 0.999806 -0.00863931 1.20486 -0.0334882 0.00922909 0.999397 0.182703
0.999403 -0.016547 0.0303179 16.5147 0.0168122 0.999823 -0.00851516 1.19589 -0.0301716 0.00901978 0.999504 0.180214
0.999453 -0.0191028 0.026997 15.9709 0.0193337 0.999779 -0.00831744 1.16093 -0.0268321 0.00883483 0.999601 0.215809
0.999347 -0.0214002 0.029115 15.0409 0.0214444 0.99977 -0.00120721 1.08084 -0.0290825 0.00183077 0.999576 0.278291
0.999259 -0.0235353 0.0304584 12.7917 0.023554 0.999723 -0.000255956 0.904177 -0.0304439 0.000973173 0.999536 0.32401
0.999137 -0.0268454 0.0316888 10.5662 0.0269352 0.999635 -0.00240993 0.732931 -0.0316125 0.00326138 0.999495 0.365248
0.99896 -0.0310104 0.0334196 8.36314 0.0310807 0.999516 -0.00158806 0.562408 -0.0333542 0.0026251 0.999441 0.420145
0.998901 -0.0358118 0.0302565 6.15772 0.0358957 0.999354 -0.00223362 0.37211 -0.0301569 0.00331723 0.99954 0.505635
0.998632 -0.0413387 0.0320105 3.97699 0.0414056 0.999142 -0.00142783 0.175132 -0.031924 0.00275128 0.999487 0.57215
0.99839 -0.0457359 0.0335661 1.78426 0.0457379 0.998954 0.000710634 -0.0362821 -0.0335635 0.000825743 0.999437 0.678405
0.998133 -0.0486981 0.0368609 -0.424699 0.0486833 0.998814 0.00130026 -0.258144 -0.0368805 0.000496674 0.99932 0.729171
0.99809 -0.0496921 0.0367059 -1.54991 0.0496746 0.998765 0.00139092 -0.363405 -0.0367296 0.000435074 0.999325 0.75535
