1 0 0 0 0 1 0 0 0 0 1 0
1 -3.73066e-05 -4.39927e-05 -0.00191741 3.73007e-05 1 -0.000134556 -0.00481413 4.39977e-05 0.000134554 1 -0.00116068
1 5.85652e-06 0.00011595 0.00727299 -5.87598e-06 1 0.000167872 -0.00638612 -0.000115949 -0.000167873 1 -0.00364903
1 -0.000258033 -2.87043e-05 0.0110333 0.00025804 1 0.000243512 -0.00410881 2.86415e-05 -0.000243519 1 -0.00797676
1 -0.000256404 0.000125054 0.0101492 0.000256384 1 0.000160072 -0.00237362 -0.000125096 -0.00016004 1 -0.0041989
1 -0.000315344 0.000186562 0.0102824 0.000315356 1 -6.59971e-05 0.00171751 -0.000186541 6.6056e-05 1 -0.000507863
1 -0.000532971 0.000281554 0.0109128 0.000532901 1 0.000248852 -0.00217944 -0.000281686 -0.000248702 1 -0.0015468
1 -0.000624608 0.000163115 0.0146325 0.000624565 1 0.000267953 -0.00475727 -0.000163283 -0.000267851 1 -0.00278413
1 -0.000828166 0.000249481 0.0107175 0.000828107 1 0.000237417 0.00207707 -0.000249677 -0.00023721 1 -1.87827e-05
1 -0.000670867 0.00025549 0.0262526 0.000670786 1 0.000318526 0.00370385 -0.000255704 -0.000318354 1 0.00128734
1 -0.000938241 0.000272796 0.0294713 0.000938159 1 0.000299333 -0.00295383 -0.000273077 -0.000299077 1 0.00189011
0.999999 -0.00104161 0.000392651 0.0314047 0.00104137 0.999999 0.000627729 -0.0003992 -0.000393305 -0.00062732 1 0.00277125
0.999999 -0.00134946 0.000481867 0.0315496 0.00134923 0.999999 0.00049023 0.00474795 -0.000482528 -0.000489579 1 0.00345768
0.999999 -0.00141789 0.000396797 0.0401147 0.00141783 0.999999 0.000148247 0.00458293 -0.000397007 -0.000147684 1 0.00571141
0.999999 -0.00160075 0.000414835 0.0446022 0.0016005 0.999999 0.000613407 0.00247435 -0.000415816 -0.000612742 1 0.00574485
0.999998 -0.00175404 0.000520742 0.0550054 0.00175363 0.999998 0.000787933 -7.97159e-05 -0.000522123 -0.000787019 1 0.00768361
0.999998 -0.00214093 0.000383145 0.0695526 0.00214061 0.999997 0.000828852 0.000985526 -0.000384919 -0.00082803 1 0.00674668
0.999997 -0.00248745 0.000500102 0.0824566 0.00248698 0.999997 0.000925445 0.00290846 -0.000502402 -0.000924198 1 0.00875509
0.999995 -0.00304601 0.00056485 0.0904337 0.0030456 0.999995 0.000712004 0.000241527 -0.000567016 -0.00071028 1 0.0158666
0.999993 -0.00370585 0.000507368 0.0916445 0.00370532 0.999993 0.00104586 0.00644098 -0.00051124 -0.00104397 1 0.0140732
0.999991 -0.00414162 0.000444199 0.111405 0.00414124 0.999991 0.000858016 0.00689979 -0.000447748 -0.000856169 1 0.0121331
0.999991 -0.00433284 0.000551381 0.107302 0.00433235 0.99999 0.000878365 0.0113625 -0.000555182 -0.000875968 1 0.0132539
0.999989 -0.00468142 0.000673808 0.125802 0.00468105 0.999989 0.000552254 0.00186051 -0.000676386 -0.000549093 1 0.0186614
0.999986 -0.00512229 0.00115971 0.119479 0.00512139 0.999987 0.000781529 0.00045093 -0.0011637 -0.000775579 0.999999 0.0162269
0.999983 -0.00574277 0.00146844 0.0978638 0.00574125 0.999983 0.0010416 -0.000751581 -0.0014744 -0.00103315 0.999999 0.00657174
0.99998 -0.00623794 0.00129036 0.0546985 0.0062366 0.99998 0.00104188 0.00787955 -0.00129683 -0.00103381 0.999999 0.010318
0.999975 -0.00684807 0.00195666 -0.0042647 0.00684549 0.999976 0.00131946 0.00948265 -0.00196565 -0.00130603 0.999998 0.0168743
0.999983 -0.00560381 0.00191177 -0.0878963 0.00560084 0.999983 0.00155689 0.0113986 -0.00192046 -0.00154615 0.999997 0.011405
0.999984 -0.00483499 0.00287564 -0.207099 0.00483176 0.999988 0.001129 0.00156197 -0.00288107 -0.00111509 0.999996 0.00624473
0.999978 -0.00545595 0.00370665 -0.379206 0.0054529 0.999985 0.000831135 -0.0418516 -0.00371112 -0.000810905 0.999993 0.0166689
0.999978 -0.00567695 0.00341707 -0.627646 0.00567284 0.999983 0.00121008 -0.0357685 -0.00342389 -0.00119067 0.999994 0.010021
0.99995 -0.00974538 0.00228693 -0.972224 0.00974142 0.999951 0.00173725 -0.0484244 -0.00230375 -0.00171489 0.999996 0.00574577
0.999937 -0.0103038 0.00443333 -1.38512 0.0102908 0.999943 0.00294653 -0.0719693 -0.00446344 -0.00290072 0.999986 -0.0149236
0.999879 -0.00792809 0.0133941 -1.87491 0.00806629 0.999915 -0.0102957 -0.130688 -0.0133113 0.0104025 0.999858 -0.0612779
0.999864 -0.00944912 0.0135198 -2.48629 0.00968939 0.999794 -0.0178181 -0.187127 -0.0133487 0.0179467 0.99975 -0.0673913
0.999918 -0.0128365 0.000718928 -3.19585 0.012834 0.999912 0.00331028 -0.212028 -0.000761358 -0.00330078 0.999995 -0.0590159
0.999881 -0.0136697 0.00722048 -3.99228 0.0136436 0.9999 0.00365529 -0.23336 -0.00726973 -0.00355634 0.999968 -0.0965233
0.999887 -0.0135695 0.00655924 -4.87266 0.0136101 0.999889 -0.00618159 -0.312118 -0.00647463 0.00627016 0.99996 -0.148787
0.999902 -0.0135124 0.00383642 -5.87538 0.0135358 0.99989 -0.00613387 -0.374321 -0.00375311 0.0061852 0.999974 -0.118929
0.9999 -0.0126963 0.00630322 -6.91354 0.0127188 0.999913 -0.00354443 -0.430033 -0.00625767 0.00362425 0.999974 -0.177402
0.999901 -0.0128554 0.00572718 -8.05219 0.01288 0.999908 -0.00427574 -0.510108 -0.00567169 0.00434909 0.999975 -0.200822
0.999873 -0.0145205 0.00655986 -9.23007 0.014545 0.999888 -0.00370477 -0.596495 -0.00650533 0.00379972 0.999972 -0.225818
0.999846 -0.0163052 0.00654335 -10.5208 0.0163132 0.999866 -0.00117078 -0.671619 -0.00652339 0.00127734 0.999978 -0.266886
0.999807 -0.0184719 0.00666875 -11.9028 0.0184832 0.999828 -0.00163126 -0.758252 -0.00663747 0.0017542 0.999977 -0.27934
0.99974 -0.0211228 0.0086534 -13.3349 0.0211214 0.999777 0.000256296 -0.850253 -0.00865689 -7.34573e-05 0.999963 -0.311045
0.999718 -0.0222966 0.00821688 -14.8264 0.022298 0.999752 -7.83578e-05 -0.970277 -0.00821309 0.000261555 0.999967 -0.313654
0.999681 -0.0244163 0.00653591 -16.409 0.024414 0.999702 0.000432365 -1.12336 -0.00654452 -0.00027266 0.999979 -0.334951
0.999649 -0.0261002 0.00467314 -18.0246 0.0261104 0.999657 -0.00212479 -1.2134 -0.00461609 0.00224606 0.999987 -0.347632
0.999622 -0.0268962 0.00569924 -19.675 0.0268973 0.999638 -0.000104353 -1.33365 -0.00569438 0.000257608 0.999984 -0.390796
0.999656 -0.0253088 0.0068387 -21.3401 0.0253209 0.999678 -0.0016918 -1.45188 -0.00679369 0.00186439 0.999975 -0.429433
0.999693 -0.024039 0.00610394 -23.0453 0.0240446 0.999711 -0.000854809 -1.59948 -0.00608162 0.00100131 0.999981 -0.459004
0.999734 -0.0224178 0.00541364 -24.7579 0.022415 0.999749 0.000574231 -1.72602 -0.00542516 -0.000452732 0.999985 -0.500721
0.99973 -0.021772 0.00816223 -26.5118 0.0217854 0.999761 -0.00156537 -1.85184 -0.0081262 0.00174276 0.999966 -0.545439
0.999753 -0.0214065 0.00599405 -28.2742 0.0214088 0.999771 -0.000317998 -1.96465 -0.00598587 0.000446244 0.999982 -0.55658
0.999792 -0.0199654 0.0041891 -30.0509 0.0199631 0.999801 0.000581645 -2.08378 -0.00419988 -0.000497897 0.999991 -0.588961
0.99981 -0.0187188 0.00553247 -31.8463 0.0187124 0.999824 0.00121525 -2.19782 -0.00555424 -0.00111149 0.999984 -0.607565
0.999823 -0.0184271 0.00388358 -33.6862 0.0184192 0.999828 0.00206732 -2.33363 -0.003921 -0.00199542 0.999991 -0.677868
0.999813 -0.0183372 0.00611138 -35.529 0.0183229 0.999829 0.00237933 -2.44305 -0.00615397 -0.00226691 0.999979 -0.704573
0.999797 -0.0189553 0.00678394 -37.3884 0.0189697 0.999818 -0.00206089 -2.59018 -0.00674364 0.00218916 0.999975 -0.753032
0.999755 -0.0207158 0.00779506 -39.2626 0.0207213 0.999785 -0.000628114 -2.7316 -0.00778038 0.000789484 0.99997 -0.779546
0.999765 -0.0208791 0.0058243 -41.1908 0.0208708 0.999781 0.00147638 -2.85161 -0.00585386 -0.00135448 0.999982 -0.831052
0.999739 -0.0210525 0.00884187 -43.1193 0.0210648 0.999777 -0.00130985 -2.98185 -0.00881233 0.00149576 0.99996 -0.873563
0.999745 -0.020561 0.00937765 -45.0793 0.0205901 0.999784 -0.00302056 -3.12427 -0.00931352 0.00321288 0.999952 -0.882045
0.99975 -0.019777 0.0104496 -47.0354 0.0198354 0.999788 -0.00551313 -3.28909 -0.0103384 0.00571903 0.99993 -0.91381
0.999729 -0.0216393 0.00855916 -49.0142 0.0216927 0.999746 -0.00618958 -3.42605 -0.00842305 0.00637358 0.999944 -0.900507
0.999684 -0.0243964 0.00612206 -50.9872 0.0244314 0.999685 -0.00571126 -3.57148 -0.0059808 0.00585902 0.999965 -0.930522
0.999555 -0.0280888 0.0100472 -52.9727 0.0281172 0.999601 -0.00269547 -3.72383 -0.00996747 0.00297677 0.999946 -0.932033
0.999453 -0.0316654 0.00953761 -54.9294 0.0317299 0.999474 -0.00669544 -3.87542 -0.00932058 0.0069944 0.999932 -0.952761
0.999396 -0.0347068 0.00189915 -56.9233 0.0347265 0.99933 -0.0115836 -4.06982 -0.00149585 0.0116426 0.999931 -0.976182
0.99922 -0.0383144 0.009542 -58.8516 0.0384137 0.999207 -0.0104525 -4.25534 -0.00913396 0.0108109 0.9999 -0.985986
0.99908 -0.0414547 0.0110245 -60.7517 0.0415808 0.99907 -0.0114608 -4.40908 -0.0105391 0.0119086 0.999874 -0.991042
0.999053 -0.0429831 0.00680168 -62.5919 0.043074 0.998976 -0.0138364 -4.59005 -0.00619999 0.0141162 0.999881 -0.994686
0.998942 -0.0436613 0.0144461 -64.386 0.0440545 0.998633 -0.0281269 -4.77815 -0.0131983 0.0287335 0.9995 -1.00753
0.998818 -0.0454503 0.0172178 -66.0962 0.0459206 0.998553 -0.0279869 -4.95591 -0.0159209 0.0287444 0.99946 -1.01747
0.998974 -0.045179 0.0030264 -67.77 0.0452217 0.99885 -0.0159347 -5.08541 -0.00230301 0.0160552 0.999869 -1.03772
0.999009 -0.043766 0.00805162 -69.3834 0.0438585 0.998969 -0.0116937 -5.23081 -0.00753154 0.0120353 0.999899 -1.04429
0.998988 -0.0432502 0.0123501 -70.9156 0.0433028 0.999054 -0.00402461 -5.35061 -0.0121644 0.00455533 0.999916 -1.05916
0.999134 -0.0410338 0.006837 -72.4633 0.0410741 0.999139 -0.00586815 -5.49756 -0.00659032 0.00614389 0.99996 -1.09651
0.999158 -0.0403513 0.0074694 -73.9841 0.0403878 0.999173 -0.00481239 -5.66371 -0.00726904 0.00511 0.999961 -1.12837
0.999192 -0.0399356 0.004561 -75.5032 0.0399523 0.999195 -0.00363609 -5.7844 -0.00441212 0.00381537 0.999983 -1.16405
0.999115 -0.0411624 0.0086447 -76.981 0.0411938 0.999145 -0.00348534 -5.89829 -0.00849385 0.00383837 0.999957 -1.19068
0.999153 -0.0401963 0.00878872 -78.4368 0.0401992 0.999192 -0.000151753 -6.03444 -0.00877551 0.000504923 0.999961 -1.23794
0.999272 -0.0379428 0.00397318 -79.9253 0.0379408 0.99928 0.000568868 -6.16474 -0.0039919 -0.000417709 0.999992 -1.28163
0.999347 -0.0352277 0.00798674 -81.3883 0.0352201 0.999379 0.00109193 -6.27942 -0.00802025 -0.000809928 0.999968 -1.28904
0.999441 -0.0309905 0.0125322 -82.8422 0.0309653 0.999518 0.00219905 -6.3884 -0.0125943 -0.00180976 0.999919 -1.31298
0.999604 -0.0244146 0.0139871 -84.2808 0.0243278 0.999684 0.00634875 -6.51893 -0.0141377 -0.00600596 0.999882 -1.30412
0.999766 -0.0179591 0.0120535 -85.7042 0.0178237 0.999778 0.0112519 -6.5836 -0.0122529 -0.0110344 0.999864 -1.35227
0.999822 -0.0131082 0.013559 -87.1217 0.012949 0.999847 0.0117618 -6.68255 -0.0137111 -0.0115841 0.999839 -1.35677
0.999858 -0.00942512 0.0139652 -88.5886 0.00927429 0.999898 0.0108267 -6.73533 -0.0140658 -0.0106957 0.999844 -1.33185
0.999885 -0.00499213 0.014297 -90.0689 0.00489968 0.999967 0.00649418 -6.82556 -0.0143289 -0.00642338 0.999877 -1.33431
0.99978 -0.00267725 0.0208119 -91.577 0.00254327 0.999976 0.00646154 -6.92407 -0.0208287 -0.00640719 0.999763 -1.33782
0.999774 -0.00252272 0.021085 -93.0896 0.00237325 0.999972 0.00711116 -7.00368 -0.0211024 -0.00705952 0.999753 -1.35931
0.999843 -0.00429221 0.0171689 -94.6758 0.00420936 0.999979 0.00485868 -7.08192 -0.0171894 -0.00478565 0.999841 -1.34941
0.999884 -0.00673187 0.0136399 -96.3071 0.00665327 0.999961 0.0057996 -7.15914 -0.0136784 -0.00570818 0.99989 -1.35843
0.999828 -0.0108565 0.0150554 -97.9571 0.0107597 0.999921 0.00649162 -7.24349 -0.0151247 -0.00632852 0.999866 -1.35928
0.999665 -0.0132934 0.0222044 -99.6513 0.0132425 0.999909 0.00243764 -7.35991 -0.0222348 -0.00214279 0.999751 -1.39296
0.999685 -0.0170509 0.0184131 -101.393 0.017014 0.999853 0.00215939 -7.47953 -0.0184472 -0.00184543 0.999828 -1.40481
0.999527 -0.0210115 0.0224479 -103.134 0.0210452 0.999778 -0.00126862 -7.63237 -0.0224162 0.00174044 0.999747 -1.39738
0.999436 -0.0266874 0.020358 -104.936 0.0267347 0.99964 -0.00205553 -7.74824 -0.0202958 0.00259864 0.999791 -1.40929
0.999443 -0.0290207 0.0164532 -106.766 0.0291708 0.999534 -0.00895652 -7.9171 -0.0161857 0.00943149 0.999825 -1.43162
0.999218 -0.0320142 0.0231871 -108.6 0.0320735 0.999483 -0.00219089 -8.03157 -0.023105 0.00293287 0.999729 -1.42714
0.999224 -0.0308431 0.0244926 -110.455 0.0309678 0.999509 -0.00472976 -8.2191 -0.0243347 0.00548457 0.999689 -1.47457
0.99937 -0.0304298 0.0182312 -112.359 0.0304623 0.999535 -0.0015085 -8.35304 -0.0181768 0.00206291 0.999833 -1.47758
0.999389 -0.0284836 0.0202351 -114.255 0.0285212 0.999592 -0.00157241 -8.50305 -0.020182 0.00214858 0.999794 -1.47381
0.999437 -0.0276196 0.0190498 -116.171 0.0276914 0.99961 -0.00351354 -8.67546 -0.0189453 0.00403908 0.999813 -1.42687
0.999478 -0.0277495 0.0165581 -118.126 0.0278529 0.999594 -0.00604135 -8.81213 -0.0163837 0.00649938 0.999845 -1.40733
0.999432 -0.0282444 0.0183933 -120.074 0.028223 0.999601 0.00142474 -8.95839 -0.0184262 -0.000904822 0.99983 -1.43693
0.999428 -0.0286369 0.0180001 -122.005 0.0286607 0.999589 -0.00106373 -9.07862 -0.0179623 0.00157902 0.999838 -1.44252
0.999432 -0.0302264 0.0148681 -123.921 0.0301634 0.999535 0.00444103 -9.26554 -0.0149954 -0.00399004 0.99988 -1.4597
0.999265 -0.030729 0.0229227 -125.786 0.0307975 0.999522 -0.00263863 -9.42772 -0.0228307 0.00334265 0.999734 -1.43722
0.999244 -0.0320109 0.0220363 -127.624 0.0322022 0.999446 -0.00838176 -9.58762 -0.0217558 0.00908505 0.999722 -1.39884
0.999352 -0.0336188 0.0128678 -129.443 0.0337713 0.99936 -0.0118185 -9.73017 -0.0124623 0.0122454 0.999848 -1.40317
0.999215 -0.0354057 0.017753 -131.183 0.0354958 0.999358 -0.00479107 -9.8893 -0.0175719 0.00541746 0.999831 -1.43345
0.999223 -0.0353835 0.0173769 -132.876 0.0354237 0.99937 -0.00201048 -10.0122 -0.0172948 0.00262447 0.999847 -1.41311
0.999212 -0.0347847 0.0191217 -134.531 0.03482 0.999392 -0.00151193 -10.1501 -0.0190575 0.00217655 0.999816 -1.40904
0.999197 -0.0343905 0.0205476 -136.147 0.0344625 0.999401 -0.00315973 -10.2947 -0.0204266 0.00386531 0.999784 -1.36066
0.999204 -0.0332266 0.0220592 -137.773 0.0333101 0.999439 -0.0034294 -10.4404 -0.0219329 0.00416146 0.999751 -1.35632
0.999233 -0.0322996 0.0221549 -139.396 0.032403 0.999466 -0.00432427 -10.5847 -0.0220034 0.00503883 0.999745 -1.36505
0.999197 -0.0322092 0.0238113 -140.976 0.0323166 0.999469 -0.00414166 -10.7248 -0.0236653 0.00490783 0.999708 -1.35048
0.999183 -0.0316535 0.0251167 -142.553 0.0317686 0.999486 -0.00419965 -10.8514 -0.0249708 0.00499414 0.999676 -1.32955
0.999176 -0.030988 0.0262086 -144.137 0.0310373 0.999517 -0.00147509 -10.979 -0.0261503 0.00228731 0.999656 -1.31809
0.99921 -0.0300554 0.0260067 -145.684 0.0301025 0.999546 -0.00142358 -11.1032 -0.025952 0.00220532 0.999661 -1.29244
0.999196 -0.0288961 0.0277783 -147.239 0.0289293 0.999581 -0.000794679 -11.2321 -0.0277437 0.00159764 0.999614 -1.29435
0.99918 -0.0276549 0.029569 -148.816 0.0276439 0.999618 0.00077931 -11.3844 -0.0295792 3.87272e-05 0.999563 -1.27165
0.999147 -0.0271734 0.031081 -150.415 0.0271717 0.999631 0.000475547 -11.5224 -0.0310824 0.000369378 0.999517 -1.24657
0.99912 -0.027524 0.0316266 -151.217 0.027526 0.999621 0.000369404 -11.5629 -0.0316248 0.000501473 0.9995 -1.22963
