1 0 0 0 0 1 0 0 0 0 1 0
0.999999 0.000837832 0.000825389 0.356574 -0.00083746 1 -0.000450453 0.0521552 -0.000825766 0.000449762 1 0.00398259
0.999999 0.00143939 0.000730352 0.360849 -0.0014403 0.999998 0.00125495 0.0603153 -0.000728544 -0.001256 0.999999 -0.00995777
0.999991 0.00407149 0.00130842 0.69036 -0.00407596 0.999986 0.00343316 0.11028 -0.00129442 -0.00343847 0.999993 -0.00706481
0.999995 0.00257115 0.0016332 0.956561 -0.00257482 0.999994 0.00224311 0.163632 -0.00162742 -0.0022473 0.999996 0.00998253
0.999991 0.000880299 0.00409856 1.27986 -0.000899109 0.999989 0.00458977 0.204606 -0.00409448 -0.00459342 0.999981 0.0288661
0.999997 -0.00170513 0.00198539 1.40998 0.00168965 0.999968 0.00777318 0.216962 -0.00199859 -0.0077698 0.999968 0.0439538
0.999995 -0.00301888 -0.000154373 1.5287 0.00302 0.999965 0.00784448 0.240105 0.000130686 -0.00784491 0.999969 0.0580139
0.999987 -0.00481525 0.00157535 1.44803 0.00480341 0.999961 0.00743551 0.250885 -0.00161109 -0.00742785 0.999971 0.086638
0.999983 -0.00581584 0.00047026 1.44518 0.00581254 0.99996 0.00673908 0.243625 -0.000509434 -0.00673623 0.999977 0.0365764
0.999981 -0.00614177 -0.000137891 1.61557 0.00614261 0.999954 0.00729832 0.236447 9.30603e-05 -0.00729903 0.999973 0.0127893
0.999986 -0.00532519 -2.93517e-05 1.68148 0.00532527 0.999964 0.00665258 0.211322 -6.07536e-06 -0.00665264 0.999978 0.0290623
0.999978 -0.00645946 0.00133192 1.82706 0.00644594 0.99993 0.00991465 0.195165 -0.00139587 -0.00990585 0.99995 0.0242133
0.999968 -0.00660895 0.00450581 2.21603 0.00658617 0.999965 0.00505321 0.203061 -0.00453905 -0.00502338 0.999977 0.0456901
0.999933 -0.00800551 0.00828699 2.55969 0.00799443 0.999967 0.00136898 0.194528 -0.00829768 -0.00130264 0.999965 0.074055
0.999939 -0.00979679 0.00513554 2.70498 0.00981787 0.999943 -0.00409716 0.156941 -0.00509511 0.00414733 0.999978 0.0494871
0.999948 -0.00617275 0.00809264 2.86502 0.00619142 0.999978 -0.00228381 0.157042 -0.00807836 0.0023338 0.999965 0.0362798
0.999938 -0.00863836 0.00702527 3.00407 0.00866378 0.999956 -0.00359731 0.13614 -0.00699389 0.00365795 0.999969 0.0268074
0.999923 -0.0105234 0.00657954 2.80054 0.0105424 0.99994 -0.00284577 0.0689148 -0.0065492 0.00291492 0.999974 0.0606691
0.999875 -0.0143434 0.00667676 2.50474 0.0143531 0.999896 -0.00140902 0.0054274 -0.00665585 0.00150468 0.999977 0.0829998
0.999677 -0.0250722 0.00402592 2.31763 0.0250756 0.999685 -0.000816358 0.00441868 -0.00400418 0.000917047 0.999992 0.0731732
0.999584 -0.0286432 0.00330365 2.15208 0.0286499 0.999588 -0.00199082 -0.0293211 -0.00324526 0.00208464 0.999993 0.0599368
0.999668 -0.0251724 0.00548653 1.89424 0.0251633 0.999682 0.00172719 -0.0466925 -0.00552826 -0.00158855 0.999984 0.0837865
0.999706 -0.0228102 0.00822049 1.55872 0.0228368 0.999734 -0.00316283 -0.12707 -0.00814616 0.00334963 0.999961 0.0423605
0.99978 -0.0194832 0.00771619 1.00889 0.0195422 0.99978 -0.00764767 -0.174268 -0.00756549 0.00779678 0.999941 0.0150995
0.999818 -0.0178876 0.00656526 0.644175 0.0179362 0.999812 -0.00742203 -0.21613 -0.00643126 0.00753844 0.999951 0.00436392
0.999869 -0.0154728 -0.0046714 0.157109 0.0154301 0.99984 -0.00905283 -0.246262 0.00481073 0.00897956 0.999948 -0.0341257
0.999706 -0.0151184 -0.0189669 -0.447764 0.0148678 0.999801 -0.0132835 -0.271889 0.019164 0.0129976 0.999732 -0.0797927
0.999749 -0.0149403 -0.0166789 -1.13935 0.0147496 0.999825 -0.0115012 -0.337623 0.0168478 0.0112523 0.999795 -0.0525322
0.999819 -0.015405 -0.0111334 -1.70245 0.0153346 0.999862 -0.00638095 -0.394566 0.0112302 0.00620907 0.999918 -0.0866317
0.999875 -0.0155186 -0.00295903 -2.22166 0.0155144 0.999879 -0.0014193 -0.420163 0.0029807 0.00137322 0.999995 -0.0732253
0.999853 -0.0169763 0.00214368 -2.75688 0.0169823 0.999852 -0.00283628 -0.470196 -0.00209521 0.00287227 0.999994 -0.0836038
0.999848 -0.0173973 -0.000464061 -3.27903 0.0173957 0.999843 -0.00336688 -0.489414 0.000522566 0.0033583 0.999994 -0.0687504
0.999845 -0.0173754 -0.00266044 -3.91568 0.0173593 0.999832 -0.00595009 -0.537655 0.00276338 0.00590299 0.999979 -0.108857
0.999842 -0.0174177 -0.00356781 -4.65435 0.0173931 0.999826 -0.00679271 -0.602709 0.0036855 0.00672959 0.999971 -0.102269
0.999833 -0.0179027 -0.00352054 -5.47484 0.017882 0.999824 -0.00580206 -0.654738 0.0036238 0.00573814 0.999977 -0.112356
0.999863 -0.0162402 -0.00319867 -7.27118 0.0162212 0.999851 -0.00588071 -0.787718 0.0032937 0.00582802 0.999978 -0.1502
0.999672 -0.0159336 -0.0200373 -8.95945 0.0157734 0.999843 -0.00813006 -0.925633 0.0201637 0.00781134 0.999766 -0.167352
0.999602 -0.0174683 -0.0221508 -10.42 0.0172588 0.999805 -0.00961375 -1.02089 0.0223144 0.00922763 0.999709 -0.201407
0.99976 -0.0190312 -0.0107981 -11.8041 0.0189422 0.999786 -0.00828854 -1.14507 0.0109536 0.00808202 0.999908 -0.232428
0.9998 -0.0198719 -0.00226088 -13.1444 0.0198607 0.999791 -0.00491423 -1.2496 0.00235807 0.00486834 0.999986 -0.302082
0.999796 -0.0201403 -0.00167972 -14.5879 0.020132 0.999786 -0.00479751 -1.38466 0.00177598 0.00476272 0.999987 -0.325749
0.999813 -0.0193411 -0.000552995 -16.101 0.0193392 0.999808 -0.00333985 -1.47822 0.000617487 0.00332853 0.999995 -0.344911
0.999785 -0.0204942 0.00324584 -17.6193 0.0205017 0.999787 -0.0023094 -1.60702 -0.00319782 0.00237544 0.999992 -0.386757
0.999762 -0.0211723 0.00531826 -19.2342 0.0211904 0.99977 -0.00338226 -1.72162 -0.00524542 0.00349415 0.99998 -0.420075
0.999741 -0.02184 0.00635136 -20.9041 0.0218766 0.999744 -0.00575776 -1.8803 -0.00622398 0.00589522 0.999964 -0.446153
0.999732 -0.0223644 0.00600805 -22.6901 0.0224187 0.999707 -0.00911837 -2.03674 -0.00580237 0.00925062 0.999941 -0.48003
0.99972 -0.0224463 0.00743451 -24.555 0.0225318 0.999679 -0.0116263 -2.19889 -0.00717115 0.0117906 0.999905 -0.528238
0.999704 -0.0235146 0.00615632 -26.5433 0.023592 0.99964 -0.012818 -2.35787 -0.00585269 0.0129595 0.999899 -0.590087
0.999676 -0.0244742 0.0068958 -28.6245 0.0245606 0.999617 -0.0127244 -2.5262 -0.00658174 0.0128896 0.999896 -0.612639
0.999628 -0.0258677 0.0085956 -30.7756 0.0259719 0.999588 -0.0122427 -2.70238 -0.00827536 0.0124614 0.999888 -0.664711
0.999619 -0.0262605 0.00843363 -33.0004 0.0263549 0.999589 -0.0112864 -2.89636 -0.00813378 0.0115044 0.999901 -0.73888
0.999633 -0.0261045 0.00722168 -35.3107 0.0261922 0.999581 -0.0123389 -3.10772 -0.00689655 0.0125235 0.999898 -0.773856
0.999664 -0.0255123 0.00453512 -37.7085 0.0255731 0.999577 -0.0138851 -3.31661 -0.00417896 0.0139965 0.999894 -0.825795
0.999686 -0.0245806 0.00491952 -40.1695 0.0246504 0.999589 -0.014667 -3.52628 -0.00455698 0.0147836 0.999881 -0.871037
0.999722 -0.0231009 0.00474452 -42.6202 0.0231554 0.999663 -0.0117792 -3.71869 -0.00447081 0.0118858 0.99992 -0.917855
0.999751 -0.0221247 0.00298611 -45.1844 0.0221647 0.999655 -0.0141188 -3.92407 -0.0026727 0.0141815 0.999896 -0.989051
0.999773 -0.0212653 0.00129293 -47.7244 0.02128 0.999694 -0.0125925 -4.13346 -0.00102475 0.0126172 0.99992 -1.03333
0.999775 -0.0211728 0.000848953 -50.3634 0.0211803 0.999724 -0.0101438 -4.32015 -0.000633945 0.0101595 0.999948 -1.09278
0.99973 -0.0231672 -0.00173757 -53.0522 0.0231526 0.9997 -0.00798691 -4.5451 0.00192209 0.00794452 0.999967 -1.15425
0.999708 -0.0241188 -0.00153719 -55.7577 0.0241067 0.999682 -0.00744057 -4.7818 0.00171616 0.00740135 0.999971 -1.19824
0.999686 -0.0249581 -0.0023099 -58.4911 0.024939 0.999657 -0.00797174 -5.01494 0.00250807 0.00791163 0.999966 -1.25442
0.999648 -0.0263047 -0.00356793 -61.2501 0.0262789 0.999629 -0.00709774 -5.2233 0.00375332 0.00700148 0.999969 -1.30705
0.99959 -0.0284965 -0.00291885 -64.0275 0.0284739 0.999566 -0.00748787 -5.50025 0.00313096 0.00740169 0.999968 -1.37948
0.999512 -0.0309662 -0.00405097 -66.797 0.0309112 0.999437 -0.0130148 -5.75575 0.00445171 0.0128833 0.999907 -1.42588
0.999416 -0.0340664 -0.00258705 -69.5712 0.0340327 0.999347 -0.0121095 -5.98096 0.00299789 0.0120144 0.999924 -1.49564
0.999261 -0.0382617 -0.00354635 -72.3286 0.0382201 0.999207 -0.0111597 -6.2511 0.00397053 0.0110159 0.999932 -1.5436
0.999145 -0.0405675 -0.00797252 -75.0728 0.0404692 0.999107 -0.0121244 -6.4947 0.00845727 0.0117914 0.999895 -1.59519
0.999061 -0.0429023 -0.00597253 -77.8256 0.0428249 0.999004 -0.0125358 -6.7812 0.0065044 0.0122683 0.999904 -1.64969
0.998948 -0.0448311 -0.00967039 -80.5365 0.0447158 0.99893 -0.0118308 -7.06409 0.0101904 0.0113859 0.999883 -1.67869
0.998843 -0.0471703 -0.00933669 -83.2727 0.0470651 0.998829 -0.0111874 -7.36162 0.00985347 0.0107351 0.999894 -1.75831
0.998764 -0.049011 -0.00832168 -85.9657 0.0489205 0.998745 -0.0107505 -7.64957 0.00883813 0.0103301 0.999908 -1.83264
0.998654 -0.0507043 -0.0109224 -88.6767 0.0505636 0.998639 -0.0127922 -7.93892 0.0115562 0.0122227 0.999859 -1.89759
0.998621 -0.0514203 -0.010578 -91.3856 0.0512984 0.998617 -0.0114892 -8.23658 0.0111541 0.0109307 0.999878 -1.97459
0.99856 -0.0522108 -0.0122951 -94.0551 0.0520869 0.99859 -0.0101877 -8.53137 0.0128096 0.0095326 0.999873 -2.03074
0.998529 -0.0519164 -0.0156049 -96.7021 0.0517597 0.998607 -0.0102826 -8.83782 0.016117 0.00945974 0.999826 -2.11858
0.998547 -0.0516647 -0.0153246 -99.351 0.0515196 0.998625 -0.00971546 -9.12757 0.0158055 0.00891183 0.999836 -2.18887
0.998506 -0.0523821 -0.0155267 -101.946 0.0522128 0.998574 -0.0111163 -9.41279 0.0160869 0.0102891 0.999818 -2.29462
0.998427 -0.0535204 -0.0166873 -104.592 0.0533096 0.998495 -0.0128336 -9.7295 0.017349 0.0119238 0.999779 -2.3611
0.998277 -0.0558447 -0.0180158 -107.22 0.055684 0.998405 -0.00930278 -10.0287 0.0185066 0.00828356 0.999795 -2.45119
0.998091 -0.0592562 -0.01737 -109.821 0.0590525 0.998182 -0.0120169 -10.3288 0.0180505 0.0109682 0.999777 -2.53025
0.997823 -0.0630761 -0.01922 -112.403 0.0627947 0.997915 -0.0149066 -10.6352 0.0201202 0.0136673 0.999704 -2.63495
0.997556 -0.0666704 -0.0209122 -114.964 0.0663496 0.997673 -0.0156753 -10.9656 0.0219086 0.0142495 0.999659 -2.71719
0.997295 -0.0700857 -0.0221579 -117.516 0.0697309 0.997431 -0.0164023 -11.302 0.0232506 0.0148128 0.99962 -2.80068
0.997072 -0.0725612 -0.0241209 -120.033 0.0721493 0.99724 -0.0175319 -11.637 0.0253265 0.0157403 0.999556 -2.87924
0.996914 -0.0747251 -0.0240331 -122.585 0.0742946 0.997068 -0.0183346 -11.9585 0.0253327 0.0164925 0.999543 -2.96276
0.996852 -0.0756761 -0.0236362 -125.086 0.0752159 0.996971 -0.0197916 -12.3123 0.0250624 0.0179514 0.999525 -3.05631
0.99688 -0.0756218 -0.0226003 -127.613 0.0751878 0.996979 -0.0194743 -12.6553 0.0240047 0.0177143 0.999555 -3.14938
0.996918 -0.0745581 -0.0243973 -130.121 0.0741014 0.997067 -0.0191165 -13.0075 0.025751 0.0172497 0.99952 -3.2406
0.99697 -0.073877 -0.0243276 -132.604 0.0734252 0.99712 -0.0189703 -13.3291 0.0256591 0.0171266 0.999524 -3.33707
0.997024 -0.073133 -0.0243823 -135.116 0.0726874 0.99718 -0.0186875 -13.6674 0.0256802 0.0168596 0.999528 -3.42224
0.997051 -0.0726066 -0.0248465 -137.593 0.0721366 0.997208 -0.0193191 -14.001 0.0261798 0.0174698 0.999505 -3.54107
0.99707 -0.0723073 -0.0249239 -140.063 0.0718371 0.99723 -0.0192742 -14.3409 0.0262486 0.0174273 0.999504 -3.63328
0.997145 -0.0718897 -0.0230963 -142.501 0.0714351 0.997246 -0.0199414 -14.6698 0.0244663 0.0182346 0.999535 -3.72012
0.997067 -0.0724449 -0.0246745 -144.936 0.0719755 0.997218 -0.0194086 -14.9652 0.0260119 0.0175758 0.999507 -3.78301
0.99694 -0.0741248 -0.0247872 -147.381 0.0736872 0.997117 -0.018127 -15.2911 0.0260594 0.016245 0.999529 -3.91
0.996872 -0.0762569 -0.0207405 -149.764 0.0759153 0.996973 -0.0167922 -15.6258 0.0219582 0.0151651 0.999644 -4.03562
0.996671 -0.0771124 -0.0264525 -152.149 0.076685 0.996914 -0.016812 -15.959 0.0276673 0.0147276 0.999509 -4.07673
0.996609 -0.0775969 -0.0273683 -154.481 0.0771398 0.996869 -0.0173846 -16.2642 0.0286316 0.0152144 0.999475 -4.13914
0.996704 -0.0774967 -0.0239801 -156.759 0.0770914 0.996872 -0.0173882 -16.5795 0.0252526 0.0154822 0.999562 -4.16172
0.996744 -0.0769231 -0.024167 -159.002 0.0765309 0.996926 -0.016758 -16.8944 0.0253818 0.0148539 0.999568 -4.24973
0.996878 -0.0762022 -0.0206421 -161.217 0.0758687 0.996982 -0.0164833 -17.2025 0.0218358 0.0148658 0.999651 -4.28605
0.996939 -0.0757447 -0.0193576 -163.382 0.0754398 0.997022 -0.0160246 -17.4744 0.0205138 0.0145152 0.999685 -4.35262
0.996899 -0.07557 -0.0219147 -165.548 0.075163 0.996993 -0.0188404 -17.7727 0.0232726 0.0171348 0.999583 -4.40322
0.996901 -0.0757788 -0.0211145 -167.646 0.0754083 0.996993 -0.0178267 -18.0433 0.0224019 0.0161792 0.999619 -4.47737
0.996891 -0.0763765 -0.019344 -169.696 0.0760496 0.996957 -0.0171097 -18.3133 0.0205919 0.0155854 0.999667 -4.53882
0.996808 -0.0774302 -0.0194289 -171.704 0.0771041 0.996878 -0.0170099 -18.5923 0.0206853 0.0154576 0.999667 -4.58585
0.996838 -0.077508 -0.017504 -173.631 0.0771969 0.996857 -0.0178018 -18.8481 0.0188288 0.0163943 0.999689 -4.64206
0.996895 -0.0775272 -0.0137611 -175.533 0.077291 0.996865 -0.0169424 -19.1035 0.0150314 0.0158262 0.999762 -4.68167
0.996934 -0.0769757 -0.0139855 -177.38 0.0767474 0.996919 -0.016191 -19.3645 0.0151887 0.015068 0.999772 -4.732
0.996867 -0.0775239 -0.0156683 -179.163 0.0772753 0.996883 -0.0158978 -19.6013 0.0168519 0.0146372 0.999751 -4.80614
0.996794 -0.0782871 -0.0164698 -180.88 0.0780573 0.996848 -0.0141629 -19.8194 0.0175267 0.0128319 0.999765 -4.85961
0.996712 -0.0795874 -0.0151526 -182.509 0.079391 0.996757 -0.0131543 -20.0416 0.0161503 0.011908 0.999799 -4.90336
0.996574 -0.081313 -0.0151012 -184.08 0.0811203 0.99662 -0.0129625 -20.2738 0.0161042 0.0116931 0.999802 -4.95022
0.99644 -0.0828801 -0.0154187 -185.605 0.082665 0.996478 -0.0141067 -20.4918 0.0165335 0.0127819 0.999782 -4.99973
0.996341 -0.0842458 -0.0143356 -187.053 0.0840393 0.996358 -0.0144483 -20.6948 0.0155006 0.0131907 0.999793 -5.04073
0.996258 -0.0850994 -0.0150473 -188.422 0.0849493 0.996332 -0.010353 -20.8801 0.0158731 0.00903601 0.999834 -5.09286
0.996098 -0.0867744 -0.0160867 -189.717 0.086546 0.996144 -0.014388 -21.0648 0.0172731 0.0129396 0.999768 -5.06385
0.99595 -0.0888964 -0.0134272 -190.913 0.0887555 0.995996 -0.0107484 -21.2674 0.0143289 0.00951317 0.999853 -5.09421
0.995782 -0.0912459 -0.00952465 -192.037 0.0911484 0.995785 -0.0102191 -21.4277 0.0104169 0.00930781 0.999903 -5.14927
0.995529 -0.0939802 -0.00936744 -193.068 0.0938742 0.995521 -0.0111858 -21.6306 0.0103767 0.0102565 0.999894 -5.14064
0.994584 -0.1035 -0.00947963 -194.126 0.103446 0.994617 -0.00597023 -21.7836 0.0100465 0.00495726 0.999938 -5.21058
0.993097 -0.116956 -0.00885406 -195.175 0.116932 0.993135 -0.00323528 -21.9316 0.00917164 0.00217763 0.999956 -5.28046
0.990955 -0.134023 -0.00672611 -196.21 0.134004 0.990976 -0.00321935 -22.1641 0.00709686 0.00228891 0.999973 -5.28118
0.988394 -0.151817 -0.00527301 -197.267 0.151809 0.988408 -0.00188075 -22.4117 0.00549739 0.00105843 0.999985 -5.30639
0.987003 -0.160634 -0.00455257 -197.828 0.160624 0.987013 -0.00237452 -22.5272 0.00487485 0.00161241 0.999987 -5.29032
