1 0 0 0 0 1 0 0 0 0 1 0
0.999999 0.000884841 -0.00114934 -0.020481 -0.000883809 0.999999 0.000898405 0.0083571 0.00115013 -0.000897388 0.999999 0.0117595
0.999999 0.000742771 -0.00114916 -0.0227364 -0.000742286 1 0.000422255 0.013911 0.00114948 -0.000421402 0.999999 0.0164203
0.999999 0.000638364 -0.000959944 -0.0240262 -0.000638413 1 -5.0688e-05 0.0129588 0.000959912 5.13008e-05 1 0.0166482
1 0.000705456 -0.000601126 -0.0154429 -0.000705304 1 0.000253673 0.0188057 0.000601304 -0.000253249 1 0.00634966
0.999999 0.000760592 -0.000678742 -0.0187094 -0.000760382 1 0.000310845 0.00788388 0.000678979 -0.000310329 1 0.00338473
0.999999 0.000753348 -0.00087909 -0.0164488 -0.000753222 1 0.000144372 0.00674397 0.000879199 -0.00014371 1 0.0135057
0.999999 0.000994122 -0.00121029 -0.00938474 -0.000994356 0.999999 -0.000192817 0.00976992 0.00121009 0.000194021 0.999999 0.00504053
0.999999 0.000954803 -0.00133806 -0.00472293 -0.000955057 1 -0.00018932 0.00931673 0.00133788 0.000190598 0.999999 0.00701352
0.999997 0.00105842 -0.00201777 0.00017175 -0.00105821 0.999999 0.000107752 0.00959452 0.00201788 -0.000105617 0.999998 0.00555907
0.999997 0.00119626 -0.00223449 0.0117369 -0.00119721 0.999999 -0.000424612 0.0122384 0.00223398 0.000427286 0.999997 0.00793777
0.999997 0.00114202 -0.00222887 0.0222342 -0.00114327 0.999999 -0.000560273 0.0113 0.00222822 0.000562819 0.999997 0.00405909
0.999997 0.00116721 -0.00195202 0.0275433 -0.00116957 0.999999 -0.00120744 0.00767741 0.00195061 0.00120972 0.999997 0.00655604
0.999997 0.00110678 -0.00205761 0.0349577 -0.00110856 0.999999 -0.00086517 0.00873763 0.00205665 0.000867449 0.999997 0.00281524
0.999997 0.00111452 -0.00203695 0.0223866 -0.00111654 0.999999 -0.000989436 0.00338195 0.00203585 0.000991708 0.999997 -0.00546768
0.999997 0.0010452 -0.00209066 0.0358212 -0.00104927 0.999997 -0.00194557 0.0142785 0.00208862 0.00194776 0.999996 -0.00390691
0.999996 0.00117252 -0.00261208 0.0431318 -0.00117861 0.999996 -0.00232869 0.00781938 0.00260934 0.00233176 0.999994 -0.00539761
0.999995 0.00115654 -0.00292245 0.0469521 -0.00116433 0.999996 -0.00266712 0.0104002 0.00291935 0.00267051 0.999992 -0.00418859
0.999995 0.00130959 -0.0028213 0.0445212 -0.00131681 0.999996 -0.00255818 0.0105606 0.00281794 0.00256189 0.999993 -0.0163359
0.999994 0.00137367 -0.00310971 0.0263608 -0.00138157 0.999996 -0.00254145 -0.0019442 0.00310621 0.00254573 0.999992 -0.00129157
0.999994 0.00131912 -0.00314804 0.0468644 -0.00132722 0.999996 -0.00257307 0.0142964 0.00314464 0.00257723 0.999992 -0.0197122
0.999994 0.00132833 -0.00306743 0.0467856 -0.00133628 0.999996 -0.00259076 0.00743113 0.00306397 0.00259484 0.999992 -0.012411
0.999995 0.00125228 -0.00293646 0.052772 -0.00126045 0.999995 -0.0027835 0.0109436 0.00293296 0.00278719 0.999992 -0.0170053
0.999995 0.00128156 -0.00303041 0.0418092 -0.00129023 0.999995 -0.00286102 0.0087028 0.00302673 0.00286492 0.999991 -0.0127289
0.999994 0.00128918 -0.00314475 0.0440289 -0.00129803 0.999995 -0.00281312 0.00520721 0.0031411 0.00281718 0.999991 -0.0133582
0.999992 0.00148643 -0.0035714 0.0517776 -0.00149643 0.999995 -0.00279777 0.0101332 0.00356722 0.00280309 0.99999 -0.0159186
0.999991 0.00152651 -0.00405192 0.0555801 -0.00153905 0.999994 -0.00309435 0.0099488 0.00404717 0.00310056 0.999987 -0.0210738
0.999992 0.0016855 -0.00366721 0.055689 -0.00169746 0.999993 -0.00326061 0.0105199 0.00366169 0.00326681 0.999988 -0.0286826
0.999991 0.00185095 -0.00381651 0.0534534 -0.00186582 0.999991 -0.00389671 -0.00301813 0.00380926 0.0039038 0.999985 -0.021045
0.999991 0.00182273 -0.00372905 0.0624257 -0.00183848 0.999989 -0.00422464 -0.0056616 0.00372131 0.00423146 0.999984 -0.0269277
0.999991 0.00183303 -0.00390715 0.0729445 -0.00185264 0.999986 -0.00502083 0.00218182 0.00389789 0.00502802 0.999979 -0.0343355
0.99999 0.00146234 -0.0042456 0.0850432 -0.00148581 0.999984 -0.00553002 0.00452237 0.00423745 0.00553627 0.999975 -0.0336061
0.999989 0.00176016 -0.00426304 0.089251 -0.00178289 0.999984 -0.00533393 -3.78997e-05 0.00425358 0.00534148 0.999976 -0.0424107
0.999989 0.00178361 -0.00433045 0.0892762 -0.001807 0.999984 -0.00540352 -0.00956741 0.00432074 0.00541129 0.999976 -0.0411201
0.999988 0.00192125 -0.004535 0.0956053 -0.00194462 0.999985 -0.00515353 -0.00881174 0.00452503 0.00516229 0.999976 -0.0296155
0.999988 0.00170632 -0.0046273 0.0947887 -0.00173096 0.999984 -0.0053273 -0.00753832 0.00461814 0.00533525 0.999975 -0.0318089
0.99999 0.00189836 -0.00410961 0.0964365 -0.0019185 0.999986 -0.00490199 -0.00510917 0.00410025 0.00490982 0.999979 -0.0478915
0.999989 0.00194043 -0.0042664 0.0947573 -0.00196189 0.999985 -0.00503128 -0.0107849 0.00425657 0.00503959 0.999978 -0.0399895
0.99999 0.00186483 -0.00405741 0.091143 -0.00188607 0.999985 -0.00523597 -0.0113233 0.00404758 0.00524357 0.999978 -0.0378207
0.999993 0.00167886 -0.00349223 0.0651527 -0.00169815 0.999983 -0.0055264 -0.0104554 0.00348289 0.00553229 0.999978 -0.0493245
0.999997 0.00152233 -0.00184398 0.00684103 -0.00153193 0.999985 -0.00522025 -0.0144599 0.001836 0.00522306 0.999985 -0.0535564
0.999997 0.00179627 0.00182639 -0.136279 -0.00178742 0.999987 -0.00483163 -0.0393093 -0.00183505 0.00482835 0.999987 -0.0668766
0.999989 0.00218372 0.00419796 -0.290334 -0.00216305 0.999986 -0.00492243 -0.0371749 -0.00420865 0.0049133 0.999979 -0.09276
0.999978 0.00313602 0.00585913 -0.559136 -0.00309491 0.999971 -0.00701162 -0.0548478 -0.00588095 0.00699333 0.999958 -0.0848188
0.999947 0.00826093 0.00615126 -0.937405 -0.00819882 0.999916 -0.0100553 -0.0584652 -0.00623381 0.0100043 0.99993 -0.0732359
0.999805 0.0186452 0.00652302 -1.45937 -0.0185782 0.999776 -0.0101957 -0.0724287 -0.00671166 0.0100725 0.999927 -0.0842158
0.999544 0.0295523 0.00623091 -2.0679 -0.0294908 0.999518 -0.00973946 -0.0878987 -0.00651573 0.00955126 0.999933 -0.0718382
0.999305 0.0366178 0.00701394 -2.77455 -0.0365336 0.999263 -0.0117776 -0.105349 -0.00744004 0.0115131 0.999906 -0.0779273
0.99902 0.0437479 0.00669582 -3.58235 -0.0436346 0.998916 -0.0162101 -0.129736 -0.00739772 0.015902 0.999846 -0.0834282
0.99865 0.0517623 0.00439603 -4.52044 -0.0516989 0.998572 -0.0134862 -0.137293 -0.00508782 0.0132408 0.999899 -0.0784337
0.998021 0.0624861 0.00705021 -5.48868 -0.0623593 0.99791 -0.0169651 -0.121901 -0.00809555 0.0164919 0.999831 -0.0842806
-0.693672 -0.718448 -0.0515014 -4.59663 0.719877 -0.689074 -0.0833938 -0.530124 0.0244258 -0.0949226 0.995185 -0.119441
0.022102 0.99974 0.00566438 -5.08822 -0.991658 0.0226424 -0.126891 0.215914 -0.126986 -0.00281258 0.9919 -0.0934286
0.722841 -0.690063 -0.0362615 -5.16583 0.684138 0.722046 -0.102984 -0.319981 0.0972482 0.0496334 0.994022 -0.222699
-0.994004 -0.0899842 -0.0621199 -4.35181 0.0948706 -0.992206 -0.0807937 -0.0687714 -0.0543656 -0.0862026 0.994793 -0.14477
0.605022 0.793362 -0.0672754 -4.71417 -0.796177 0.602078 -0.0600419 0.432371 -0.00712996 0.0898897 0.995926 -0.246663
0.177363 -0.979133 -0.0992052 -4.73213 0.982202 0.182444 -0.044655 -0.862418 0.0618225 -0.0895194 0.994064 -0.334381
-0.842378 0.532245 -0.0843446 -4.25227 -0.526273 -0.846188 -0.0836836 -0.651881 -0.115912 -0.0261049 0.992916 -0.188096
0.951762 0.295823 -0.0814812 -4.6941 -0.301321 0.951224 -0.0661751 -0.554657 0.0579308 0.0875349 0.994475 -0.0891914
-0.430442 -0.897661 -0.0944743 -4.82152 0.901531 -0.422425 -0.0938025 -1.41692 0.0442944 -0.125548 0.991098 -0.115982
-0.395622 0.911568 -0.111929 -3.74106 -0.908267 -0.4064 -0.0994492 -0.630799 -0.136143 0.0623175 0.988727 0.192309
0.966122 -0.254648 -0.0419784 -5.12809 0.249342 0.962941 -0.102823 -0.29961 0.0666064 0.0888726 0.993813 0.288112
-0.816914 -0.567626 -0.102236 -4.34555 0.576325 -0.810251 -0.106501 -1.60848 -0.0223839 -0.145924 0.989042 0.323758
0.0954904 0.993054 -0.0687434 -3.68404 -0.99496 0.0930958 -0.0372422 -0.297329 -0.0305837 0.0719532 0.996939 0.421275
0.687926 -0.711453 -0.143502 -5.27491 0.721177 0.692303 0.0249107 -0.486524 0.0816242 -0.120627 0.989336 0.209448
-0.985359 -0.024453 -0.168727 -3.69649 0.0290244 -0.999274 -0.0246807 -1.24262 -0.168001 -0.0292165 0.985354 0.558798
0.65408 0.748265 -0.110814 -4.25743 -0.754512 0.655801 -0.0252532 0.427155 0.0537761 0.100128 0.99352 0.629521
0.128213 -0.981401 -0.142876 -5.38697 0.991435 0.130447 -0.00633934 -0.897552 0.0248592 -0.14084 0.98972 0.65946
-0.980856 0.00133241 -0.194732 -3.53222 -0.0075325 -0.999488 0.0311017 -1.08649 -0.194591 0.0319731 0.980363 1.26327
0.153503 0.981152 -0.117379 -3.14822 -0.987928 0.149875 -0.0391855 0.541451 -0.0208548 0.121977 0.992314 1.79174
0.962352 0.245292 -0.117095 -4.39768 -0.249741 0.967997 -0.0247389 0.908661 0.107279 0.053051 0.992812 1.76268
0.715461 -0.697694 -0.0365896 -5.06308 0.698601 0.715067 0.025219 -0.192808 0.00856878 -0.0436047 0.999012 1.6765
-0.236549 -0.971391 -0.0210643 -4.45837 0.963823 -0.237337 0.12131 -1.60062 -0.122839 0.00839343 0.992391 2.09512
-0.892998 -0.358716 0.271802 -3.16288 0.372754 -0.92793 1.79195e-05 -2.46335 0.252207 0.101331 0.962353 1.88299
-0.63888 0.528852 0.558701 -1.69676 -0.572668 -0.811872 0.113646 -2.04856 0.513695 -0.247345 0.821546 1.08287
0.486878 0.592163 0.642101 -1.14903 -0.840511 0.117591 0.528879 -1.09398 0.237677 -0.797192 0.554972 -0.0456496
0.927415 -0.312297 0.205847 -2.24289 0.0353403 0.621042 0.78298 -0.0147712 -0.372362 -0.718872 0.587 -0.701784
0.232557 -0.963466 -0.132855 -4.66091 0.876434 0.148382 0.45809 -0.100592 -0.421641 -0.22297 0.878921 -0.749606
-0.740772 -0.666111 0.0869056 -5.85542 0.666822 -0.744803 -0.024841 -2.28546 0.0812744 0.039549 0.995907 -0.465878
-0.814843 0.251889 0.522095 -4.67164 -0.35119 -0.931066 -0.0989068 -4.36458 0.461191 -0.263948 0.847133 -1.15986
0.0508587 0.786391 0.615632 -2.26633 -0.989144 -0.0454335 0.139751 -3.92932 0.137869 -0.616056 0.775543 -2.66585
0.815724 0.155321 0.557199 -2.12818 -0.323163 0.921295 0.216287 -1.06024 -0.47975 -0.356497 0.801716 -3.02974
0.272917 -0.799309 0.535371 -3.94191 0.85791 0.454026 0.240522 -0.323119 -0.435323 0.393658 0.809646 -1.70956
-0.814756 -0.407198 0.41275 -4.04821 0.542567 -0.78646 0.29513 -2.2684 0.204435 0.464403 0.861705 -0.638182
-0.585942 0.674783 0.44871 -1.7953 -0.664788 -0.716908 0.210002 -2.85898 0.463389 -0.175247 0.868653 -1.36004
0.612319 0.665518 0.426791 -0.657537 -0.787673 0.560016 0.256814 -0.855003 -0.0680953 -0.493423 0.867119 -2.28638
0.72649 -0.539332 0.425832 -2.03737 0.461667 0.842072 0.278888 1.22666 -0.508994 -0.00601678 0.860749 -1.92401
-0.477475 -0.784831 0.395041 -3.6561 0.875014 -0.383898 0.294912 0.139707 -0.0798002 0.48648 0.87004 -0.542315
-0.885545 0.290059 0.362871 -2.75059 -0.190898 -0.939331 0.284984 -2.32737 0.423518 0.183095 0.887191 0.182041
0.478097 0.812958 0.332449 -0.525868 -0.866214 0.373839 0.331538 -0.999304 0.145244 -0.446479 0.882927 -0.883114
0.6848 -0.645398 0.338393 -2.2576 0.578098 0.763846 0.286953 1.14389 -0.443679 -0.000880712 0.896185 -0.722578
-0.773679 -0.543437 0.325726 -3.72125 0.62839 -0.723827 0.284957 -0.839182 0.0809126 0.425148 0.9015 0.595443
-0.388678 0.863169 0.322286 -1.62474 -0.827257 -0.480941 0.290415 -2.45048 0.405678 -0.153736 0.900994 0.547099
0.935981 0.153729 0.316713 0.0455161 -0.270067 0.890639 0.365821 -0.794798 -0.225839 -0.427935 0.875139 -0.516743
-0.0264079 -0.965264 0.25994 -2.11971 0.917809 0.0796334 0.388954 0.587043 -0.396143 0.248846 0.883825 -0.142396
-0.928249 0.237488 0.286274 -2.48729 -0.133473 -0.931052 0.339597 -1.41137 0.347186 0.277021 0.895947 1.07121
0.418897 0.864885 0.276584 -0.218114 -0.885548 0.321746 0.33509 -1.35483 0.200825 -0.385296 0.900675 0.597729
0.748082 -0.609194 0.263166 -0.565999 0.531929 0.787582 0.311072 0.673033 -0.396768 -0.0927223 0.913224 -0.0727379
-0.787761 -0.57735 0.21471 -1.98156 0.61584 -0.730725 0.294588 -0.247882 -0.0131864 0.364292 0.931191 0.509309
-0.303738 0.913167 0.271788 -0.528862 -0.885307 -0.375931 0.273692 -1.87863 0.3521 -0.157486 0.922618 0.73789
0.962141 -0.0212027 0.271728 0.203656 -0.0713878 0.94256 0.32632 -0.289769 -0.263038 -0.333363 0.905361 0.0253114
-0.305924 -0.915584 0.260991 -1.76635 0.917972 -0.210978 0.33588 -0.596892 -0.252463 0.342336 0.905024 0.444655
-0.77632 0.568953 0.271329 -0.60501 -0.475561 -0.811186 0.340322 -1.97522 0.413726 0.135166 0.900312 0.467507
0.758406 0.584727 0.287948 0.821028 -0.648478 0.632507 0.423569 -0.405566 0.0655432 -0.507966 0.85888 -0.775839
0.391482 -0.895677 0.21096 -1.90622 0.773088 0.444483 0.452517 0.845778 -0.499077 -0.0140615 0.866444 -0.472131
-0.966386 -0.18228 0.181306 -1.7377 0.245342 -0.86463 0.438431 -1.50867 0.0768453 0.468176 0.880287 0.895054
0.101457 0.972418 0.210023 0.541708 -0.890547 -0.00532586 0.45486 -0.714641 0.443432 -0.233184 0.865444 0.223121
0.892008 -0.429056 0.142242 -1.34546 0.310118 0.809832 0.497997 0.920489 -0.328861 -0.400105 0.855434 -0.32729
-0.685899 -0.717648 0.120518 -2.7676 0.657303 -0.53993 0.525765 -1.35398 -0.312243 0.439838 0.842049 1.2981
-0.450035 0.884918 0.119952 0.329245 -0.738047 -0.444191 0.507918 -1.80505 0.502748 0.140051 0.853012 1.15323
0.978218 0.156501 0.136375 -0.164684 -0.205787 0.817346 0.538143 0.362389 -0.0272455 -0.554485 0.831748 -0.37049
-0.0911113 -0.986216 0.138121 -2.59382 0.895987 -0.0206488 0.443601 -0.328648 -0.434634 0.164171 0.885517 0.271685
-0.937515 0.316748 0.144 -1.39474 -0.238319 -0.886102 0.397526 -2.541 0.253515 0.338369 0.906221 1.09693
0.492269 0.849021 0.191925 0.764357 -0.83007 0.391511 0.397119 -1.14945 0.262022 -0.354801 0.897475 0.202267
0.647521 -0.747896 0.146178 -1.55747 0.624181 0.630569 0.461282 0.886816 -0.437165 -0.207448 0.875129 -0.232295
-0.94217 -0.309454 0.128666 -2.60838 0.334373 -0.842087 0.423184 -1.72977 -0.0226083 0.441734 0.896861 1.11088
0.1045 0.981278 0.161781 0.206154 -0.919002 0.0330981 0.392862 -1.47025 0.380152 -0.189731 0.905255 0.434741
0.862177 -0.481247 0.158282 -1.35803 0.370725 0.812276 0.450301 0.649025 -0.345275 -0.32956 0.878735 -0.383254
-0.74987 -0.63741 0.177208 -2.64042 0.648567 -0.655382 0.387086 -1.09758 -0.130594 0.405196 0.904854 0.59683
-0.27655 0.933055 0.230061 -0.807927 -0.852229 -0.348748 0.389975 -1.22999 0.444102 -0.088217 0.891623 0.174004
0.953578 -0.208555 0.217242 -1.59247 0.097751 0.896681 0.431751 0.400812 -0.28484 -0.390473 0.875441 -0.31525
-0.649313 -0.739876 0.175998 -3.41629 0.719742 -0.523055 0.456492 -0.918125 -0.245691 0.42308 0.872146 0.538306
-0.33522 0.916723 0.217364 -1.72025 -0.824086 -0.397125 0.403947 -2.01274 0.456628 -0.0437153 0.888583 0.643199
0.973272 -0.100564 0.206466 -1.31076 -0.00570458 0.888164 0.459491 -0.554952 -0.229583 -0.448388 0.863852 -0.217281
-0.513308 -0.846341 0.142204 -2.81247 0.789465 -0.400688 0.464967 -0.553998 -0.336541 0.350936 0.873833 0.232536
-0.533044 0.810769 0.241903 -1.20961 -0.63861 -0.573086 0.513566 -1.63338 0.555014 0.119271 0.823245 0.651225
