1 0 0 0 0 1 0 0 0 0 1 0
1 0.000636077 0.000245522 -0.222904 -0.00063618 1 0.000420964 -0.0212531 -0.000245254 -0.00042112 1 -0.00774803
0.999997 -0.00249416 0.000394002 -0.486633 0.00249425 0.999997 -0.000230396 -0.0200045 -0.000393426 0.000231378 1 0.00397403
0.999957 -0.00923814 0.000368645 -0.828757 0.0092385 0.999957 -0.000973096 -0.0569044 -0.000359639 0.00097646 0.999999 -0.00953201
0.999836 -0.0180583 0.00137436 -1.23546 0.0180593 0.999837 -0.000673749 -0.0952772 -0.00136197 0.000698459 0.999999 -0.021535
0.999568 -0.0290602 0.00429965 -1.70386 0.0290671 0.999576 -0.00153315 -0.125664 -0.00425327 0.00165746 0.99999 -0.033678
0.999237 -0.0387917 0.00447148 -2.22691 0.0387818 0.999245 0.00229063 -0.179919 -0.00455696 -0.00211547 0.999987 -0.0462047
0.998952 -0.045455 0.00532351 -2.79495 0.0454515 0.998966 0.000776789 -0.24003 -0.00535331 -0.000534014 0.999986 -0.0153047
0.998491 -0.0545347 0.00644224 -3.4685 0.0545379 0.998512 -0.000312869 -0.328335 -0.00641559 0.000663743 0.999979 -0.0217498
0.997992 -0.0630611 0.0059329 -4.21716 0.0630548 0.998009 0.00124632 -0.427215 -0.00599968 -0.000869721 0.999982 -0.0609442
0.99734 -0.0723438 0.00889073 -5.08055 0.0723348 0.99738 0.00132957 -0.551541 -0.00896362 -0.000682929 0.99996 -0.0911345
0.996921 -0.0777173 0.0104261 -5.99362 0.077704 0.996975 0.00167612 -0.645728 -0.0105249 -0.000860802 0.999944 -0.124564
0.996609 -0.0814922 0.0113831 -6.97424 0.0814821 0.996674 0.00134801 -0.767505 -0.0114551 -0.000415916 0.999934 -0.114228
0.996639 -0.0809598 0.0124536 -8.01081 0.0809879 0.996713 -0.00176982 -0.915725 -0.0122694 0.00277246 0.999921 -0.130251
0.996687 -0.0802191 0.0134035 -9.1477 0.0802442 0.996774 -0.00133984 -1.09202 -0.0132528 0.00241095 0.999909 -0.159487
0.996963 -0.0767376 0.013281 -10.3594 0.0767586 0.997049 -0.0010776 -1.22726 -0.0131591 0.00209376 0.999911 -0.163131
0.997267 -0.0726516 0.0133963 -11.7142 0.0727058 0.997347 -0.00359884 -1.41332 -0.0130993 0.004563 0.999904 -0.158716
0.997795 -0.0644548 0.0157971 -13.1241 0.0645939 0.997876 -0.008458 -1.58377 -0.0152184 0.00945975 0.999839 -0.184514
0.998418 -0.0535978 0.0169919 -14.6185 0.053711 0.998537 -0.00627617 -1.73014 -0.0166306 0.00717889 0.999836 -0.210944
0.999089 -0.037904 0.0195699 -16.1901 0.0382608 0.999102 -0.0181894 -1.8714 -0.0188628 0.0189216 0.999643 -0.172975
0.999626 -0.0209176 0.0176131 -17.8446 0.0212508 0.999595 -0.0189455 -2.00858 -0.0172097 0.0193127 0.999665 -0.188197
0.99984 -2.51671e-05 0.017892 -19.6257 0.000453942 0.999713 -0.0239614 -2.08121 -0.0178863 0.0239657 0.999553 -0.215034
0.999591 0.0217476 0.0185539 -21.4577 -0.021323 0.999513 -0.0227802 -2.15599 -0.0190402 0.0223753 0.999568 -0.198064
0.973597 0.228207 -0.005552 -23.1759 -0.22823 0.973599 -0.00404014 -2.0804 0.00448344 0.0052006 0.999976 -0.240984
0.905779 0.423734 -0.00362365 -24.8308 -0.423746 0.905775 -0.00346382 -1.21703 0.00181448 0.00467297 0.999987 -0.233855
0.7338 0.679332 -0.00677179 -25.9773 -0.679236 0.733818 0.0122435 0.31967 0.0132867 -0.00438466 0.999902 -0.22684
0.509428 0.860406 0.0136193 -26.8304 -0.860381 0.509008 0.0256043 2.64265 0.0150978 -0.0247614 0.999579 -0.247971
0.224279 0.974417 0.0145193 -26.5377 -0.974354 0.223936 0.0220631 5.55089 0.0182473 -0.0190952 0.999651 -0.274001
-0.0600346 0.996476 0.0585727 -24.8073 -0.997397 -0.0575355 -0.0434597 8.23496 -0.0399366 -0.0610293 0.997337 -0.202913
-0.220592 0.974246 0.0467258 -22.1115 -0.974335 -0.217904 -0.0564725 10.0113 -0.0448363 -0.057984 0.99731 -0.197377
-0.398839 0.915357 0.0552134 -18.5584 -0.916747 -0.396526 -0.0483893 11.3114 -0.0223999 -0.0699163 0.997301 -0.369307
-0.481753 0.872962 0.0764965 -14.7676 -0.875918 -0.477098 -0.0717357 12.1928 -0.0261262 -0.101564 0.994486 -0.732788
-0.562715 0.824096 0.0649331 -10.3378 -0.826309 -0.558485 -0.072863 13.2209 -0.023782 -0.0946559 0.995226 -0.981703
-0.63187 0.772129 0.0674966 -6.38893 -0.774923 -0.627627 -0.0746931 13.5952 -0.0153101 -0.099501 0.99492 -1.32874
-0.719935 0.693408 0.0296405 -2.24503 -0.691122 -0.712339 -0.122158 12.6407 -0.0635911 -0.108431 0.992068 -1.58585
-0.782813 0.619911 0.0539743 1.79868 -0.62177 -0.775821 -0.107257 11.0658 -0.0246155 -0.117522 0.992765 -1.8609
-0.749328 0.658398 0.0708463 5.42007 -0.662085 -0.74291 -0.0986295 9.42382 -0.0123051 -0.120812 0.992599 -2.19634
-0.706773 0.695981 0.126819 8.48482 -0.704993 -0.707816 -0.0444986 7.4435 0.0587944 -0.120857 0.990927 -2.90913
-0.652622 0.748465 0.117831 11.0185 -0.756691 -0.651797 -0.050793 6.18906 0.038785 -0.12231 0.991734 -3.51085
-0.581546 0.808977 0.0857918 13.4174 -0.813069 -0.581472 -0.0284414 5.656 0.026877 -0.0862946 0.995907 -3.95916
-0.503377 0.861468 0.0669633 15.7335 -0.863906 -0.503267 -0.0197342 5.41782 0.0167 -0.0677836 0.99756 -4.21607
-0.450204 0.891729 0.0462001 18.2086 -0.89286 -0.450198 -0.0111235 5.07043 0.01088 -0.046258 0.99887 -4.55862
-0.350879 0.935702 0.0366813 21.2491 -0.936412 -0.35043 -0.0182252 5.14184 -0.00419918 -0.0407436 0.999161 -4.8464
-0.218576 0.974956 0.0410436 24.0748 -0.97527 -0.216847 -0.0427296 5.50864 -0.0327593 -0.0493682 0.998243 -5.24806
-0.057894 0.997215 0.0470021 27.0314 -0.997171 -0.0555018 -0.0506925 6.16342 -0.0479427 -0.0498039 0.997608 -5.37157
0.0898418 0.994737 0.0492626 29.3326 -0.994605 0.0921861 -0.0475703 7.37286 -0.0518613 -0.044723 0.997652 -5.45874
0.233937 0.971141 0.0464497 31.1338 -0.970819 0.235919 -0.0430475 8.91814 -0.0527636 -0.0350238 0.997993 -5.50373
0.231632 0.9717 0.0463185 30.5928 -0.971289 0.233665 -0.0447064 10.8189 -0.0542642 -0.0346332 0.997926 -5.45079
0.230051 0.972109 0.0456147 29.9926 -0.971596 0.232097 -0.0461699 12.8042 -0.0554692 -0.0336976 0.997892 -5.35482
0.227251 0.972822 0.0444317 29.4192 -0.972161 0.229299 -0.0482166 14.8168 -0.0570943 -0.0322375 0.997848 -5.24735
0.224211 0.973344 0.0482755 28.8378 -0.972708 0.226551 -0.0501265 16.9009 -0.0597272 -0.035719 0.997575 -5.16909
0.222017 0.973811 0.0489883 28.2294 -0.972671 0.224699 -0.0584861 19.0533 -0.0679621 -0.0346646 0.997085 -5.0661
0.222308 0.973828 0.0473126 27.6115 -0.973847 0.224124 -0.0372951 21.2849 -0.0469229 -0.0377842 0.998184 -5.00679
0.22142 0.973988 0.0481753 26.9821 -0.973902 0.223387 -0.0401651 23.5504 -0.049882 -0.0380246 0.998031 -4.90476
0.219539 0.97415 0.0532404 26.3585 -0.973839 0.222096 -0.0480634 25.8259 -0.0586454 -0.0412958 0.997424 -4.8136
0.219036 0.974439 0.0499196 25.7293 -0.974015 0.221388 -0.0477707 28.182 -0.0576012 -0.0381589 0.99761 -4.68845
0.218879 0.974235 0.0543788 25.0302 -0.97388 0.221571 -0.0496465 30.5551 -0.0604161 -0.0420918 0.997285 -4.61397
0.219677 0.97446 0.0465733 24.3406 -0.974138 0.221692 -0.0436745 33.0005 -0.052884 -0.0357745 0.997959 -4.51109
0.220167 0.974731 0.0377605 23.6471 -0.974288 0.221636 -0.0405017 35.4473 -0.0478474 -0.0278724 0.998466 -4.42112
0.22044 0.974509 0.0416839 22.9511 -0.973691 0.222382 -0.0497187 37.9424 -0.0577211 -0.0296272 0.997893 -4.35896
0.21994 0.974703 0.0397571 22.2723 -0.974115 0.221624 -0.0445365 40.4284 -0.052221 -0.0289325 0.998216 -4.20073
0.219395 0.97481 0.0401343 21.5533 -0.974295 0.221065 -0.0433631 42.9426 -0.0511431 -0.0295889 0.998253 -4.07956
0.21812 0.975063 0.0409289 20.8588 -0.974614 0.219807 -0.042575 45.4563 -0.0505098 -0.0306034 0.998254 -3.99325
0.218318 0.975017 0.0409674 20.1586 -0.974814 0.219848 -0.0374699 47.9547 -0.0455404 -0.0317552 0.998457 -3.92307
0.219832 0.974512 0.0447286 19.4511 -0.974012 0.221821 -0.0457892 50.4974 -0.0545438 -0.0335002 0.997949 -3.79506
0.222244 0.974108 0.0414869 18.731 -0.973389 0.224117 -0.0478149 53.04 -0.0558748 -0.0297563 0.997994 -3.64862
0.224886 0.973806 0.0336008 17.9934 -0.972884 0.22632 -0.0477066 55.5961 -0.0540615 -0.0219611 0.998296 -3.51657
0.229187 0.973121 0.0225472 17.2472 -0.972125 0.230007 -0.0454888 58.1328 -0.0494522 -0.0114932 0.99871 -3.42979
0.233115 0.972141 0.0244974 16.4842 -0.970888 0.234094 -0.0507519 60.6782 -0.0550726 -0.0119532 0.998411 -3.33077
0.23327 0.971868 0.0325093 15.7529 -0.970691 0.234715 -0.051649 63.2009 -0.0578265 -0.0195082 0.998136 -3.23667
0.231399 0.97144 0.0525285 15.0711 -0.970984 0.233967 -0.0494924 65.7752 -0.0603688 -0.0395518 0.997392 -3.10405
0.229057 0.971637 0.0587772 14.3513 -0.971787 0.231746 -0.0438572 68.3251 -0.0562346 -0.0470731 0.997307 -2.98023
0.2251 0.972872 0.0533864 13.6007 -0.972717 0.227546 -0.0452206 70.8825 -0.0561417 -0.0417506 0.997549 -2.86231
0.222894 0.973402 0.0529792 12.8109 -0.973733 0.224904 -0.0355289 73.4658 -0.0464992 -0.0436683 0.997963 -2.77638
0.222532 0.973298 0.056312 12.1355 -0.973669 0.224806 -0.0378251 76.0669 -0.0494743 -0.0464119 0.997696 -2.66209
0.222431 0.973361 0.0556198 11.4212 -0.973356 0.224966 -0.0443637 78.6455 -0.0556944 -0.0442699 0.997466 -2.53831
0.222669 0.973253 0.0565518 10.6909 -0.973389 0.225174 -0.0425652 81.2296 -0.0541606 -0.0455688 0.997492 -2.41997
0.223529 0.972884 0.0594257 9.96681 -0.973335 0.226024 -0.039143 83.825 -0.0515133 -0.0490915 0.997465 -2.33536
0.224501 0.972673 0.0592127 9.23759 -0.973134 0.226964 -0.0387053 86.4155 -0.0510868 -0.0489324 0.997495 -2.21307
0.225102 0.972569 0.0586417 8.49333 -0.972902 0.227627 -0.040607 89.0219 -0.0528415 -0.0479118 0.997453 -2.07961
0.226363 0.972321 0.057895 7.75988 -0.972677 0.228794 -0.0394203 91.6519 -0.0515752 -0.0473898 0.997544 -1.91656
0.227995 0.971941 0.0578669 7.01071 -0.972305 0.230412 -0.0391624 94.271 -0.0513968 -0.0473354 0.997556 -1.82684
0.228931 0.971616 0.059602 6.26061 -0.972006 0.23149 -0.0402129 96.8924 -0.0528688 -0.0487274 0.997412 -1.73197
0.229652 0.971406 0.0602556 5.52257 -0.971871 0.232204 -0.0393575 99.4981 -0.0522236 -0.0495221 0.997406 -1.62719
0.22988 0.971305 0.0610022 4.76704 -0.97161 0.232652 -0.0429828 102.113 -0.0559417 -0.0493894 0.997211 -1.49378
0.230612 0.971197 0.0599633 4.00812 -0.971506 0.233275 -0.0419505 104.728 -0.0547302 -0.0485803 0.997318 -1.36893
0.231212 0.97119 0.0577111 3.2438 -0.971401 0.233744 -0.041766 107.33 -0.0540524 -0.0464038 0.997459 -1.22516
0.232601 0.970869 0.0575457 2.48366 -0.971049 0.23514 -0.0421141 109.963 -0.0544186 -0.0460839 0.997454 -1.10866
0.234426 0.970643 0.0538292 1.70191 -0.97062 0.236791 -0.0427441 112.589 -0.0542355 -0.0422273 0.997635 -0.987861
0.234831 0.970517 0.0543316 0.919197 -0.970536 0.237206 -0.0423481 115.197 -0.0539874 -0.0427861 0.997624 -0.884054
0.233978 0.970679 0.0551085 0.144221 -0.970864 0.236289 -0.0399013 117.795 -0.0517528 -0.0441667 0.997683 -0.790318
0.23346 0.970803 0.0551285 -0.62035 -0.970856 0.235882 -0.042412 120.389 -0.0541774 -0.0436203 0.997578 -0.660921
0.233662 0.97063 0.0572652 -1.39332 -0.970816 0.236168 -0.0417231 123.007 -0.0540219 -0.0458448 0.997487 -0.602969
0.234348 0.970448 0.0575541 -2.13491 -0.970806 0.236728 -0.0386714 125.597 -0.0511533 -0.0468113 0.997593 -0.481367
0.235529 0.97018 0.0572439 -2.8821 -0.970587 0.237834 -0.0373697 128.211 -0.0498699 -0.0467585 0.99766 -0.357398
0.234874 0.970338 0.0572627 -3.66115 -0.970616 0.237298 -0.0399324 130.779 -0.0523362 -0.046201 0.99756 -0.259971
0.233664 0.970642 0.0570511 -4.42275 -0.97087 0.236114 -0.0407543 133.371 -0.0530284 -0.0458664 0.997539 -0.141089
0.233264 0.970668 0.0582449 -5.18041 -0.971078 0.235663 -0.0383393 135.969 -0.0509408 -0.0476171 0.997566 -0.045311
0.230266 0.9713 0.0596114 -5.90939 -0.971919 0.232601 -0.035642 138.545 -0.0484847 -0.0497303 0.997585 0.0473135
0.229078 0.971576 0.059701 -6.65921 -0.972184 0.231435 -0.0360164 141.12 -0.0488096 -0.0497897 0.997566 0.150827
0.228184 0.971985 0.056367 -7.40154 -0.972402 0.23041 -0.0366899 143.697 -0.0486496 -0.0464392 0.997736 0.296362
0.226579 0.97246 0.054635 -8.10122 -0.972837 0.228686 -0.0359359 146.227 -0.0474405 -0.0450086 0.997859 0.418135
0.226398 0.972407 0.0562964 -8.83833 -0.972911 0.228535 -0.0348697 148.757 -0.0467732 -0.0468769 0.997805 0.491267
0.226679 0.972251 0.0578323 -9.56423 -0.972693 0.229023 -0.0376532 151.251 -0.0498532 -0.0477178 0.997616 0.561444
0.22782 0.972039 0.0569139 -10.2777 -0.972342 0.230202 -0.0394751 153.766 -0.051473 -0.0463466 0.997598 0.652652
0.228821 0.971883 0.0555331 -10.9905 -0.972068 0.231179 -0.0405087 156.21 -0.0522078 -0.0447127 0.997635 0.800644
0.229746 0.971639 0.055992 -11.6848 -0.971811 0.232154 -0.041086 158.644 -0.0529195 -0.0449742 0.997585 0.904634
0.231449 0.971506 0.0510688 -12.3971 -0.97161 0.233483 -0.0382121 161.072 -0.049047 -0.0407747 0.997964 1.04391
0.231841 0.97141 0.0511087 -13.1087 -0.970866 0.234343 -0.0500173 163.467 -0.0605643 -0.0380236 0.99744 1.15299
0.232489 0.971475 0.0467418 -13.8068 -0.970784 0.234722 -0.0498363 165.835 -0.059386 -0.0337898 0.997663 1.26652
0.23286 0.971442 0.0455791 -14.4875 -0.970925 0.2349 -0.046119 168.222 -0.0555084 -0.0335146 0.997895 1.38526
0.233068 0.971008 0.0531251 -15.1328 -0.970963 0.235392 -0.0426768 170.552 -0.0539447 -0.041636 0.997675 1.5042
0.234463 0.970342 0.0588605 -15.8118 -0.971117 0.236548 -0.0312744 172.89 -0.0442702 -0.0498277 0.997776 1.62208
0.234524 0.970201 0.060907 -16.4764 -0.971022 0.236765 -0.0325334 175.206 -0.0459846 -0.0515122 0.997613 1.70436
0.234762 0.969951 0.0638975 -17.1453 -0.970516 0.237579 -0.0406844 177.459 -0.0546426 -0.0524624 0.997127 1.79073
0.237329 0.969259 0.0649014 -17.799 -0.969912 0.240161 -0.0399099 179.744 -0.0542698 -0.0534769 0.997093 1.92619
0.238602 0.96891 0.0654427 -18.465 -0.969666 0.241388 -0.0384826 181.984 -0.0530832 -0.0542754 0.997114 2.01804
0.240885 0.968343 0.0654748 -19.1479 -0.968936 0.24383 -0.041365 184.206 -0.0560201 -0.0534766 0.996996 2.11
0.242198 0.968111 0.0640377 -19.7995 -0.968552 0.245129 -0.0426501 186.403 -0.0569875 -0.0516941 0.997035 2.20978
0.243552 0.967845 0.0629155 -20.4673 -0.968044 0.246575 -0.0457315 188.591 -0.0597744 -0.0497669 0.99697 2.34181
0.244849 0.96761 0.0614891 -21.1447 -0.967532 0.247946 -0.0490484 190.802 -0.0627057 -0.0474832 0.996902 2.50887
0.244764 0.967574 0.0623805 -21.8087 -0.967421 0.248007 -0.0508889 192.994 -0.0647095 -0.0478923 0.996754 2.61481
0.245063 0.96762 0.0604548 -22.4624 -0.967296 0.248238 -0.0521148 195.21 -0.0654345 -0.0457062 0.996809 2.71777
0.245165 0.967873 0.0558189 -23.1812 -0.967131 0.248172 -0.0553982 197.4 -0.0674711 -0.0404024 0.996903 2.85391
0.244809 0.968219 0.0511913 -23.8318 -0.967353 0.247479 -0.0546223 199.592 -0.0655551 -0.036148 0.997194 3.00407
0.244799 0.968356 0.0485824 -24.1705 -0.967392 0.247302 -0.0547226 200.706 -0.0650054 -0.0336021 0.997319 3.10605
