1 0 0 0 0 1 0 0 0 0 1 0
0.999941 -0.00320354 -0.01039 -1.20835 0.00317232 0.99999 -0.00301948 -0.0613004 0.0103996 0.00298634 0.999941 -0.0633354
0.99965 -0.00508355 -0.0259631 -2.7931 0.00490838 0.999965 -0.00680599 -0.138428 0.0259968 0.00667617 0.99964 -0.127294
0.999659 -0.00547891 -0.0255394 -5.42547 0.00532095 0.999966 -0.00624885 -0.294698 0.0255727 0.00611082 0.999654 -0.225163
0.999594 -0.0060757 -0.0278525 -8.02552 0.00588368 0.999958 -0.00697095 -0.438606 0.0278937 0.00680424 0.999588 -0.332812
0.999569 -0.00721828 -0.0284442 -10.6432 0.0070578 0.999959 -0.00573816 -0.600681 0.0284845 0.00553493 0.999579 -0.465942
0.999608 -0.00808947 -0.0267885 -13.252 0.00795523 0.999955 -0.00511371 -0.747986 0.0268287 0.0048986 0.999628 -0.56298
0.999554 -0.00841071 -0.0286523 -15.9015 0.00822202 0.999944 -0.00669695 -0.895089 0.0287071 0.00645838 0.999567 -0.662961
0.999593 -0.00850591 -0.0272234 -18.5284 0.00834327 0.999947 -0.00608244 -1.04806 0.0272737 0.00585284 0.999611 -0.766014
0.99964 -0.00745174 -0.0257688 -21.173 0.00721317 0.99993 -0.00933849 -1.20563 0.0258366 0.00914926 0.999624 -0.827916
0.999572 -0.00539519 -0.0287699 -23.7996 0.00506324 0.99992 -0.0115985 -1.35709 0.0288302 0.0114479 0.999519 -0.950519
0.999526 -0.00361094 -0.0305675 -26.449 0.00325296 0.999926 -0.0117528 -1.48177 0.0306076 0.0116478 0.999464 -1.09969
0.999606 -0.00174649 -0.0280126 -29.0806 0.00142362 0.999932 -0.0115419 -1.604 0.0280309 0.0114975 0.999541 -1.21441
0.999607 0.000592121 -0.0280308 -31.7304 -0.000926095 0.999929 -0.011903 -1.74599 0.0280218 0.0119243 0.999536 -1.32419
0.99964 0.00235469 -0.0267449 -34.3843 -0.00267772 0.999924 -0.0120487 -1.8724 0.0267145 0.012116 0.99957 -1.4246
0.999556 0.00410454 -0.029515 -37.0724 -0.00446047 0.999918 -0.0120034 -1.99085 0.0294633 0.0121297 0.999492 -1.5637
0.999588 0.00622157 -0.0280168 -39.719 -0.00651811 0.999924 -0.0105054 -2.11428 0.0279493 0.0106837 0.999552 -1.71577
0.999642 0.00828253 -0.025459 -42.3569 -0.00853722 0.999915 -0.00991161 -2.21593 0.0253747 0.0101254 0.999627 -1.80917
0.99956 0.0100677 -0.0279184 -45.0342 -0.0102865 0.999918 -0.0077048 -2.32487 0.0278385 0.00798859 0.999581 -1.95455
0.999593 0.0120262 -0.0258687 -47.7134 -0.0122031 0.999903 -0.00669203 -2.43705 0.0257857 0.00700499 0.999643 -2.08695
0.999595 0.0136191 -0.0249978 -50.3782 -0.0137528 0.999892 -0.00518307 -2.51891 0.0249245 0.00552475 0.999674 -2.23171
0.999552 0.015576 -0.0255582 -53.063 -0.015714 0.999863 -0.00521038 -2.61089 0.0254736 0.00560967 0.99966 -2.32574
0.999506 0.0169175 -0.0264948 -55.7253 -0.0171019 0.999831 -0.00674844 -2.70055 0.0263761 0.00719822 0.999626 -2.40486
0.999465 0.0179022 -0.0273592 -58.4037 -0.0180909 0.999814 -0.00666372 -2.78968 0.0272348 0.00715511 0.999604 -2.53442
0.999574 0.0173316 -0.0234751 -61.0718 -0.0174666 0.999832 -0.00556048 -2.86941 0.0233747 0.00596814 0.999709 -2.62488
0.999609 0.0160491 -0.0228879 -63.7851 -0.0161242 0.999865 -0.00309598 -2.94373 0.0228351 0.00346381 0.999733 -2.7837
0.999636 0.0161722 -0.0215946 -66.4739 -0.0162229 0.999866 -0.00217652 -3.02292 0.0215565 0.00252606 0.999765 -2.89009
0.999674 0.0157617 -0.0200676 -69.1551 -0.0157586 0.999876 0.000314632 -3.10355 0.0200701 1.70628e-06 0.999799 -3.00523
0.999771 0.0152763 -0.0150291 -71.841 -0.015265 0.999883 0.000868758 -3.19188 0.0150406 -0.000639141 0.999887 -3.09434
0.999823 0.0140785 -0.0124605 -74.5437 -0.0140546 0.9999 0.00199924 -3.26825 0.0124874 -0.00182377 0.99992 -3.16254
0.999863 0.0134704 -0.009606 -77.2223 -0.0134506 0.999908 0.00211704 -3.35737 0.00963363 -0.00198755 0.999952 -3.21546
0.999887 0.0136477 -0.00633192 -79.895 -0.0136228 0.9999 0.00395363 -3.43147 0.00638524 -0.00386693 0.999972 -3.30893
0.999872 0.0143033 -0.00719427 -82.581 -0.0142602 0.999881 0.00600934 -3.53532 0.00727937 -0.00590598 0.999956 -3.37741
0.999849 0.0151761 -0.00852913 -85.3089 -0.0151223 0.999866 0.00634314 -3.63469 0.00862425 -0.00621319 0.999944 -3.45599
0.99982 0.0166043 -0.00920753 -88.0192 -0.01653 0.999831 0.00809193 -3.72626 0.00934034 -0.00793827 0.999925 -3.5269
0.999808 0.0190234 -0.00482634 -90.7136 -0.0190002 0.999808 0.0048025 -3.82098 0.00491677 -0.00470988 0.999977 -3.60899
0.999745 0.022436 -0.00258678 -93.4119 -0.022425 0.99974 0.00421233 -3.90915 0.00268061 -0.00415325 0.999988 -3.64482
0.999651 0.026226 -0.00328203 -96.1135 -0.0262119 0.999648 0.00425545 -3.98261 0.00339248 -0.00416793 0.999986 -3.70221
0.999533 0.0303712 -0.00356428 -98.7874 -0.0303544 0.999528 0.00467826 -4.01294 0.00370468 -0.00456788 0.999983 -3.78882
0.999443 0.0331409 -0.00408898 -101.495 -0.0331181 0.999436 0.00551971 -4.07158 0.00426961 -0.00538121 0.999977 -3.84581
0.999383 0.0350971 -0.00124314 -104.203 -0.0350893 0.999367 0.00580822 -4.11999 0.00144621 -0.00576102 0.999982 -3.88065
0.999368 0.0355131 -0.00183027 -106.9 -0.035505 0.99936 0.00430768 -4.16725 0.00198208 -0.00423997 0.999989 -3.94801
0.999392 0.0348686 -0.000805363 -109.629 -0.034864 0.999379 0.00514077 -4.19747 0.000984117 -0.00510957 0.999987 -4.01296
0.999413 0.0342534 0.000243431 -112.321 -0.0342542 0.9994 0.00514769 -4.23296 -6.69566e-05 -0.00515301 0.999987 -4.08091
0.999467 0.0326488 -0.00107171 -115.045 -0.0326429 0.999454 0.00514571 -4.2859 0.00123913 -0.00510798 0.999986 -4.11463
0.999508 0.0313592 0.000373979 -117.756 -0.031361 0.999484 0.0069797 -4.33982 -0.000154905 -0.006988 0.999976 -4.17925
0.999558 0.0294869 0.00390828 -120.478 -0.0295218 0.999522 0.00919448 -4.36795 -0.0036353 -0.0093058 0.99995 -4.25407
0.99957 0.0293076 0.00102297 -123.191 -0.0293164 0.99952 0.0100715 -4.41456 -0.000727305 -0.0100972 0.999949 -4.27048
0.999573 0.0292317 0.000184366 -125.884 -0.0292321 0.999524 0.00983031 -4.48274 0.000103081 -0.0098315 0.999952 -4.35218
0.999573 0.0291851 0.00151676 -128.598 -0.0292005 0.999509 0.0113892 -4.54821 -0.00118362 -0.0114287 0.999934 -4.39666
0.999573 0.0292029 -0.000903956 -131.289 -0.0291882 0.999485 0.0133257 -4.61068 0.00129264 -0.0132936 0.999911 -4.44722
0.99959 0.028624 -0.000865958 -133.974 -0.0286076 0.999476 0.0151262 -4.64075 0.00129848 -0.0150952 0.999885 -4.50642
0.999597 0.0282298 -0.00297905 -136.695 -0.0281786 0.999474 0.0160407 -4.68963 0.00343032 -0.0159503 0.999867 -4.55927
0.999602 0.028087 -0.00287398 -139.425 -0.0280386 0.999484 0.0156787 -4.76458 0.00331286 -0.0155919 0.999873 -4.57773
0.999595 0.0283867 -0.00188212 -142.136 -0.0283627 0.999529 0.0117594 -4.81249 0.00221505 -0.0117012 0.999929 -4.53611
0.999599 0.0282217 -0.00245706 -144.858 -0.0281855 0.999509 0.0136842 -4.87678 0.00284205 -0.0136095 0.999904 -4.61076
0.999609 0.0279432 -0.000984968 -147.563 -0.0279258 0.999503 0.0146561 -4.92986 0.00139402 -0.0146229 0.999892 -4.68604
0.999633 0.02708 0.000361578 -150.286 -0.0270824 0.999523 0.014854 -4.99772 4.08422e-05 -0.0148583 0.99989 -4.73388
0.999637 0.0268993 -0.001459 -153.021 -0.0268729 0.999514 0.0158381 -5.05412 0.00188432 -0.0157932 0.999874 -4.7881
0.99961 0.0278827 -0.00185237 -155.729 -0.0278595 0.999546 0.0115116 -5.118 0.0021725 -0.0114555 0.999932 -4.74124
0.999572 0.029221 -0.00133014 -158.435 -0.0292019 0.999494 0.0126037 -5.14105 0.00169777 -0.0125594 0.99992 -4.78874
0.999501 0.0314232 -0.00317081 -161.176 -0.0313805 0.999427 0.0127361 -5.19485 0.0035692 -0.0126302 0.999914 -4.85701
0.99944 0.0332064 -0.00420823 -163.907 -0.0331666 0.999408 0.0091978 -5.24969 0.00451117 -0.00905308 0.999949 -4.90601
0.9994 0.0346396 6.14345e-06 -166.632 -0.0346377 0.999343 0.0106545 -5.29877 0.000362931 -0.0106483 0.999943 -4.98226
0.999394 0.0346725 0.0033037 -169.362 -0.0347106 0.999322 0.0122808 -5.33998 -0.00287565 -0.012388 0.999919 -5.03378
0.999364 0.0352125 0.00571465 -172.084 -0.0352893 0.99928 0.0139421 -5.37895 -0.00521959 -0.0141349 0.999887 -5.06711
0.999373 0.0349662 0.00561508 -174.828 -0.0350526 0.999256 0.0161045 -5.4021 -0.00504778 -0.0162912 0.999855 -5.10274
0.999358 0.0355783 0.00423379 -177.562 -0.0356498 0.999198 0.0182235 -5.44334 -0.00358203 -0.0183628 0.999825 -5.15779
0.999332 0.036491 0.00211542 -180.314 -0.0365242 0.999158 0.0186973 -5.48841 -0.00143135 -0.0187621 0.999823 -5.18122
0.999282 0.0378272 0.00220199 -183.043 -0.0378625 0.999099 0.0191699 -5.5193 -0.00147486 -0.0192395 0.999814 -5.21773
0.999231 0.0391897 0.00125343 -185.759 -0.0392066 0.999044 0.0193568 -5.52622 -0.000493644 -0.0193911 0.999812 -5.26153
0.999239 0.0389999 0.000718487 -188.502 -0.0390065 0.999049 0.0194847 -5.57236 4.20986e-05 -0.0194979 0.99981 -5.24469
0.99925 0.0387135 0.00126413 -191.239 -0.0387298 0.999093 0.0177207 -5.60534 -0.00057695 -0.0177564 0.999842 -5.27715
0.999251 0.0385934 0.0030893 -193.974 -0.0386445 0.999078 0.0187062 -5.62901 -0.00236451 -0.0188115 0.999821 -5.33356
0.999248 0.038416 0.00528642 -196.699 -0.0385133 0.999063 0.019737 -5.67096 -0.00452325 -0.0199258 0.999792 -5.37186
0.999275 0.0377375 0.00509742 -199.424 -0.037833 0.999081 0.0201463 -5.69675 -0.00433247 -0.0203245 0.999784 -5.41363
0.999329 0.0362854 0.00509031 -202.179 -0.0363919 0.999081 0.0226769 -5.72818 -0.00426279 -0.0228469 0.99973 -5.44589
0.999347 0.0358386 0.00464973 -204.911 -0.0359405 0.999064 0.024073 -5.76436 -0.00378263 -0.0242243 0.9997 -5.49392
0.999379 0.0350663 0.00363584 -207.654 -0.035142 0.999108 0.0234089 -5.79074 -0.00281173 -0.0235222 0.99972 -5.55735
0.999418 0.0338822 0.00413248 -210.386 -0.0339614 0.999205 0.0208898 -5.8353 -0.0034214 -0.021018 0.999774 -5.59797
0.99948 0.0320036 0.00394278 -213.124 -0.0320782 0.999274 0.0205906 -5.87897 -0.00328094 -0.0207064 0.99978 -5.63136
0.999566 0.0291999 0.00386675 -215.864 -0.0292735 0.99936 0.0205892 -5.9275 -0.00326307 -0.0206934 0.999781 -5.66304
0.999648 0.0259628 0.00557876 -218.601 -0.0260734 0.999445 0.020757 -5.98337 -0.00503676 -0.0208951 0.999769 -5.7015
0.999722 0.0221507 0.00807376 -221.334 -0.0223117 0.999543 0.0204264 -6.06388 -0.00761761 -0.0206008 0.999759 -5.71192
0.999801 0.0188949 0.00639693 -224.081 -0.0190428 0.999533 0.0239105 -6.13004 -0.00594215 -0.0240276 0.999694 -5.72474
0.999851 0.0166853 0.00452823 -226.823 -0.0167896 0.99957 0.0240413 -6.21631 -0.00412515 -0.0241138 0.999701 -5.76119
0.999816 0.0166507 0.00954536 -229.543 -0.0168684 0.999589 0.0231962 -6.31204 -0.00915519 -0.023353 0.999686 -5.79119
0.999815 0.0181468 0.00636926 -232.271 -0.0182736 0.999624 0.0204526 -6.39662 -0.00599571 -0.0205652 0.999771 -5.82313
0.999778 0.0198965 0.00693276 -235.03 -0.0200413 0.999569 0.0214819 -6.47959 -0.00650235 -0.0216161 0.999746 -5.85728
0.999714 0.0229513 0.00673783 -237.757 -0.0230882 0.999513 0.02099 -6.56271 -0.0062528 -0.0211395 0.999757 -5.87145
0.999607 0.0272488 0.00664059 -240.507 -0.0273926 0.999369 0.0226116 -6.62395 -0.00602026 -0.0227847 0.999723 -5.90713
0.999455 0.0321523 0.00753907 -243.227 -0.0323354 0.99915 0.0255768 -6.66831 -0.0067103 -0.0258066 0.999645 -5.93539
0.999271 0.0374716 0.00734187 -245.974 -0.0376508 0.998953 0.0260102 -6.67719 -0.00635953 -0.0262677 0.999635 -5.95918
0.999039 0.0431432 0.0077587 -248.713 -0.0433179 0.998774 0.0239683 -6.71249 -0.00671511 -0.0242814 0.999683 -5.90374
0.998852 0.0473153 0.00750456 -251.462 -0.0474914 0.99855 0.0253412 -6.71315 -0.00629465 -0.0256685 0.999651 -5.92107
0.998711 0.0497017 0.0103921 -254.198 -0.0499687 0.998379 0.0272463 -6.7089 -0.00902102 -0.0277304 0.999575 -5.92352
0.998687 0.0504678 0.00880956 -256.932 -0.0507009 0.998304 0.0286276 -6.69779 -0.00734985 -0.0290366 0.999552 -5.95904
0.998807 0.0474211 0.0116606 -259.694 -0.0477274 0.99848 0.0275606 -6.70206 -0.0103359 -0.0280842 0.999553 -5.98223
0.999024 0.0433276 0.00859413 -262.427 -0.043553 0.998658 0.0280498 -6.70899 -0.00736726 -0.0283967 0.99957 -6.00749
0.999282 0.0376261 0.00460672 -265.139 -0.0377358 0.998933 0.0266234 -6.73721 -0.00360007 -0.0267781 0.999635 -6.02045
0.999486 0.0315789 0.00560844 -267.845 -0.0317082 0.999192 0.0246961 -6.75946 -0.00482404 -0.0248613 0.99968 -6.02016
0.999649 0.0258639 0.00581313 -270.513 -0.0259748 0.999465 0.0198924 -6.82621 -0.00529553 -0.0200364 0.999786 -6.01309
0.999823 0.0188111 0.000312376 -273.176 -0.0188135 0.999608 0.0207473 -6.9135 7.8027e-05 -0.0207495 0.999785 -6.03886
0.99993 0.0118346 0.000397494 -275.775 -0.0118401 0.999741 0.0194506 -7.01199 -0.000167202 -0.0194539 0.999811 -6.07675
0.999984 0.00538947 0.00199351 -278.36 -0.00542011 0.999863 0.0156897 -7.14001 -0.00190868 -0.0157002 0.999875 -6.11095
0.999992 6.20126e-05 0.00418921 -280.92 -0.000116458 0.999916 0.0129964 -7.25515 -0.00418805 -0.0129968 0.999907 -6.13529
0.999993 -0.00361458 0.00119201 -283.473 0.00360092 0.99993 0.011267 -7.41593 -0.00123266 -0.0112626 0.999936 -6.18759
0.99998 -0.0052019 0.00374839 -286.014 0.00515541 0.999911 0.0123054 -7.56147 -0.00381207 -0.0122858 0.999918 -6.19036
0.999987 -0.00483632 -0.00157913 -288.552 0.00485325 0.999929 0.0109042 -7.71076 0.00152628 -0.0109118 0.99994 -6.20646
0.999994 -0.00350198 0.000332358 -291.088 0.00349906 0.999959 0.0083788 -7.82914 -0.000361685 -0.00837758 0.999965 -6.23906
0.999997 -0.000781944 0.00258625 -293.597 0.000758468 0.999959 0.00906423 -7.97106 -0.00259323 -0.00906223 0.999956 -6.28619
0.999997 0.00242846 0.000948953 -296.111 -0.0024375 0.999951 0.00964629 -8.10639 -0.000925479 -0.00964856 0.999954 -6.32222
0.999936 0.00643893 0.00932368 -298.623 -0.00652061 0.999941 0.00875649 -8.22289 -0.00926675 -0.00881672 0.999919 -6.3486
0.9999 0.0116227 0.00806929 -301.13 -0.0116907 0.999896 0.00842964 -8.32839 -0.00797048 -0.00852312 0.999933 -6.33505
0.999842 0.0169667 0.00543175 -303.682 -0.0170106 0.999822 0.00814759 -8.39587 -0.00529255 -0.00823869 0.999953 -6.37809
0.999688 0.023433 0.00869477 -306.217 -0.0234925 0.999701 0.00680831 -8.47467 -0.00853262 -0.00701044 0.99994 -6.41479
0.99951 0.030904 0.00503409 -308.777 -0.0309345 0.999503 0.00609167 -8.53478 -0.00484333 -0.00624441 0.999969 -6.4372
0.999262 0.0383829 0.00174381 -311.377 -0.0383953 0.999233 0.00775163 -8.5692 -0.00144494 -0.00781285 0.999969 -6.47207
0.999012 0.0443163 0.00347098 -313.991 -0.0443378 0.998996 0.00637586 -8.59699 -0.00318494 -0.00652345 0.999974 -6.52912
0.998775 0.0483685 0.0104394 -316.617 -0.0484516 0.998795 0.00785309 -8.59734 -0.0100469 -0.00834927 0.999915 -6.56939
0.998679 0.0508951 0.00711292 -319.258 -0.0509764 0.998631 0.011763 -8.58848 -0.0065045 -0.01211 0.999906 -6.62072
0.998647 0.0512129 0.00910137 -321.915 -0.0513508 0.998559 0.0156228 -8.57419 -0.00828816 -0.016069 0.999837 -6.6651
0.998687 0.0503088 0.0096836 -324.571 -0.0504709 0.998576 0.0172954 -8.56835 -0.0087997 -0.0177614 0.999804 -6.69861
0.998806 0.0483944 0.00674109 -327.253 -0.048479 0.99874 0.0130144 -8.59137 -0.00610277 -0.0133256 0.999893 -6.71128
0.998961 0.0449384 0.00765484 -329.933 -0.045049 0.998873 0.0149385 -8.59756 -0.0069749 -0.0152678 0.99986 -6.72562
0.999069 0.042643 0.00664145 -331.289 -0.0427454 0.998956 0.0161083 -8.59904 -0.00594761 -0.0163772 0.999849 -6.7441
