1 0 0 0 0 1 0 0 0 0 1 0
0.999999 -0.00110326 0.00124485 0.63672 0.0011051 0.999998 -0.00147758 0.0629749 -0.00124321 0.00147896 0.999998 0.0107212
0.999994 -0.00333777 0.00140233 1.10974 0.00333974 0.999993 -0.00140575 0.0803109 -0.00139763 0.00141042 0.999998 0.00501472
0.999996 -0.00246979 0.00139334 1.80709 0.00247208 0.999996 -0.00164698 0.118614 -0.00138927 0.00165042 0.999998 0.00989841
0.999983 -0.00557748 0.00169785 2.19017 0.00558051 0.999983 -0.00178501 0.135237 -0.00168786 0.00179445 0.999997 0.0101333
0.999932 -0.00998996 0.00608022 2.51176 0.0100011 0.999948 -0.0018041 0.139991 -0.00606189 0.00186478 0.99998 -0.0211661
0.999981 -0.00369641 0.00500236 2.72466 0.00370854 0.99999 -0.00241752 0.170868 -0.00499338 0.00243602 0.999985 0.00178922
0.999976 -0.00433294 0.00537338 3.16234 0.00434476 0.999988 -0.00218927 0.20647 -0.00536383 0.00221256 0.999983 -0.0013497
0.999934 -0.00250618 0.0112423 3.62131 0.00254192 0.999992 -0.00316564 0.209827 -0.0112343 0.003194 0.999932 0.00261535
0.999788 0.0158678 0.0131104 4.61405 -0.015815 0.999866 -0.00412209 0.306445 -0.013174 0.00391388 0.999906 0.058636
0.999706 0.0200782 0.0135626 5.31008 -0.0200217 0.99979 -0.00428225 0.346814 -0.0136457 0.00400944 0.999899 0.0727371
0.999632 0.0234487 0.01367 5.80971 -0.0233774 0.999712 -0.0053479 0.390323 -0.0137915 0.00502636 0.999892 0.102774
0.999524 0.0279658 0.0130328 6.38352 -0.0279009 0.999598 -0.00513454 0.416806 -0.0131711 0.00476847 0.999902 0.0798911
0.999486 0.0288322 0.0140107 6.94625 -0.0287495 0.999568 -0.00606397 0.469504 -0.0141795 0.00565806 0.999883 0.115661
0.999431 0.0306634 0.014018 7.55291 -0.0305847 0.999515 -0.00578945 0.549567 -0.0141888 0.00535742 0.999885 0.112191
0.999469 0.029215 0.0144066 8.27033 -0.029142 0.999561 -0.00525108 0.574038 -0.0145537 0.00482845 0.999882 0.103011
0.99929 0.0350518 0.0138008 9.06894 -0.0349885 0.999376 -0.00480063 0.621259 -0.0139605 0.00431435 0.999893 0.0879582
0.999487 0.0310616 0.00782093 9.8347 -0.030815 0.999078 -0.0298969 0.599534 -0.00874236 0.0296405 0.999522 0.182496
0.999666 0.0253392 0.00504972 10.5443 -0.0250517 0.998406 -0.0505794 0.535709 -0.0063233 0.050436 0.998707 0.253174
0.999739 0.0228516 -0.000319621 10.5242 -0.0228361 0.998317 -0.0533123 0.575696 -0.000899186 0.0533056 0.998578 0.218635
0.999704 0.0234574 -0.00640587 10.4195 -0.0237383 0.998565 -0.0480096 0.531006 0.0052705 0.0481475 0.998826 0.248762
0.999561 0.0251787 -0.015589 10.2407 -0.0258947 0.998532 -0.0475707 0.494486 0.0143683 0.0479535 0.998746 0.268893
0.999493 0.0283163 -0.0145291 10.3084 -0.0289904 0.998402 -0.0485016 0.486614 0.0131325 0.0488982 0.998717 0.268076
0.999506 0.0299387 -0.00955798 10.3364 -0.0303546 0.998442 -0.0468274 0.506782 0.00814114 0.0470944 0.998857 0.326077
0.999559 0.0296715 -0.000508193 10.4727 -0.0296648 0.998574 -0.044378 0.492921 -0.000809291 0.0443735 0.999015 0.28193
0.999556 0.029727 -0.00166121 10.3457 -0.0297719 0.998512 -0.0456804 0.503142 0.000300801 0.0457096 0.998955 0.259001
0.999552 0.0297855 -0.00293367 9.95398 -0.0298889 0.998497 -0.0459321 0.499175 0.00156115 0.0459992 0.99894 0.286605
0.999567 0.0291925 -0.00364745 9.32515 -0.0293326 0.998446 -0.0473753 0.458981 0.00225878 0.0474618 0.99887 0.264195
0.999572 0.0290973 -0.00301486 7.50414 -0.0292082 0.998428 -0.047829 0.435009 0.00161843 0.0478966 0.998851 0.264073
0.999564 0.0294889 -0.00154141 5.69906 -0.0295291 0.998304 -0.050166 0.376638 5.94632e-05 0.0501896 0.99874 0.303945
0.999575 0.0291422 -0.000345701 3.91617 -0.0291234 0.998338 -0.0497219 0.325454 -0.00110388 0.0497108 0.998763 0.278308
0.999631 0.0270103 0.00279282 2.07143 -0.02684 0.998424 -0.0492776 0.264134 -0.00411942 0.0491845 0.998781 0.241003
0.999675 0.0251155 0.00422342 0.205773 -0.0248839 0.998535 -0.0480394 0.207258 -0.00542377 0.0479187 0.998836 0.185225
0.999721 0.022973 0.00545918 -1.72449 -0.0226963 0.998672 -0.0462569 0.143986 -0.00651459 0.0461201 0.998915 0.123189
0.999743 0.0221195 0.00494284 -3.72871 -0.0218748 0.998746 -0.0450273 0.0868472 -0.00593262 0.0449076 0.998973 0.0678346
0.99971 0.02289 0.00748181 -5.77903 -0.022525 0.998702 -0.0456845 0.0143938 -0.00851782 0.0455027 0.998928 0.0556363
0.999652 0.0247752 0.0090617 -7.89158 -0.0243265 0.998614 -0.0466706 -0.0672539 -0.0102054 0.0464339 0.998869 0.0645032
0.999588 0.0267859 0.0103119 -10.0998 -0.0262799 0.998576 -0.0464173 -0.114917 -0.0115406 0.0461271 0.998869 0.0731997
0.999559 0.0282712 0.00902691 -12.3935 -0.0278416 0.998616 -0.0446144 -0.188608 -0.0102757 0.0443435 0.998963 0.0167038
0.999549 0.0291803 0.00703334 -14.7773 -0.0288342 0.998566 -0.0451112 -0.254497 -0.00833961 0.044888 0.998957 -0.0179602
0.999612 0.0275597 0.00385183 -17.2584 -0.0273412 0.998454 -0.0483932 -0.349759 -0.00517958 0.0482692 0.998821 -0.0161459
0.999625 0.026464 0.00701175 -19.7616 -0.0260948 0.998489 -0.0483544 -0.450115 -0.00828081 0.0481533 0.998806 -0.0742969
0.999623 0.0257335 0.00957458 -22.3086 -0.0252457 0.998529 -0.0479916 -0.521307 -0.0107955 0.0477318 0.998802 -0.0891106
0.999608 0.0251689 0.0122366 -24.8984 -0.0245703 0.998601 -0.046827 -0.584328 -0.0133981 0.046508 0.998828 -0.112926
0.999632 0.0245505 0.011529 -27.56 -0.0240104 0.998705 -0.0448535 -0.688716 -0.0126153 0.0445602 0.998927 -0.133412
0.999633 0.0250526 0.0102574 -30.195 -0.0246014 0.998816 -0.0419717 -0.766531 -0.0112968 0.041704 0.999066 -0.184879
0.999629 0.0256884 0.00905854 -32.865 -0.0253017 0.998859 -0.0404933 -0.833893 -0.0100884 0.0402491 0.999139 -0.220485
0.99962 0.0257557 0.00977478 -35.5452 -0.0253335 0.998834 -0.041102 -0.932764 -0.010822 0.0408387 0.999107 -0.228865
0.999622 0.0254721 0.0103005 -38.2328 -0.025032 0.998853 -0.040808 -1.02677 -0.0113282 0.0405348 0.999114 -0.239578
0.999672 0.0238974 0.00918665 -40.9361 -0.0235083 0.998909 -0.0403588 -1.12767 -0.0101411 0.0401297 0.999143 -0.256013
0.999692 0.0224899 0.010475 -43.6385 -0.0220358 0.998891 -0.0416114 -1.22017 -0.0113992 0.0413677 0.999079 -0.260426
0.999699 0.0210334 0.0126105 -46.3486 -0.0204783 0.998881 -0.042637 -1.31313 -0.0134932 0.0423659 0.999011 -0.243166
0.999682 0.0197398 0.015679 -49.0285 -0.0190593 0.998918 -0.04243 -1.41361 -0.0164996 0.0421177 0.998977 -0.221777
0.999695 0.0186621 0.0161733 -51.7128 -0.0179738 0.998968 -0.041703 -1.52101 -0.0169349 0.0413996 0.998999 -0.237716
0.999682 0.0187098 0.0169149 -54.3641 -0.0180082 0.999008 -0.0407178 -1.62119 -0.0176599 0.0404002 0.999028 -0.242898
0.999685 0.0189233 0.0164724 -57.0102 -0.0182811 0.999099 -0.0383054 -1.70099 -0.0171825 0.0379922 0.99913 -0.268951
0.999673 0.0187245 0.0174102 -59.6288 -0.0180541 0.999119 -0.0378954 -1.79144 -0.0181045 0.0375687 0.99913 -0.262168
0.999668 0.0189284 0.0174771 -62.2112 -0.0182728 0.999151 -0.0369397 -1.87895 -0.0181615 0.0366081 0.999165 -0.291986
0.99967 0.0174414 0.0188398 -64.8084 -0.0167268 0.999159 -0.0374453 -1.99022 -0.0194771 0.0371179 0.999121 -0.2627
0.99969 0.015534 0.0194222 -67.4017 -0.0148023 0.999196 -0.0372686 -2.11193 -0.0199855 0.0369696 0.999117 -0.236146
0.999739 0.0125152 0.0191251 -69.9685 -0.0117996 0.999243 -0.0370815 -2.21514 -0.0195747 0.0368461 0.999129 -0.231175
0.999734 0.00812218 0.0215958 -72.5361 -0.00733326 0.999312 -0.0363627 -2.32842 -0.0218763 0.0361947 0.999105 -0.237753
0.999676 0.00295087 0.0252863 -75.1053 -0.00203791 0.999348 -0.0360544 -2.47957 -0.0253762 0.0359912 0.99903 -0.222885
0.999725 -3.50378e-05 0.0234559 -77.6552 0.000821447 0.999438 -0.033518 -2.64141 -0.0234415 0.0335281 0.999163 -0.213288
0.999741 -0.00161077 0.0226897 -80.2294 0.00236098 0.99945 -0.0330758 -2.79927 -0.022624 0.0331208 0.999195 -0.199161
0.999619 -0.00140253 0.0275611 -82.8294 0.00239983 0.999342 -0.0361852 -2.9243 -0.0274922 0.0362376 0.998965 -0.134988
0.999714 -0.000118659 0.0239049 -85.4341 0.00103634 0.999263 -0.0383799 -3.08192 -0.0238827 0.0383937 0.998977 -0.100683
0.999692 0.00228354 0.0246927 -88.0336 -0.00135769 0.999298 -0.0374465 -3.24415 -0.0247609 0.0374015 0.998993 -0.0942913
0.999657 0.00557339 0.0255894 -90.6667 -0.00461698 0.999294 -0.0372831 -3.40013 -0.0257791 0.0371522 0.998977 -0.0849776
0.999645 0.00915165 0.0249989 -93.2994 -0.00823497 0.999299 -0.0365287 -3.53133 -0.0253157 0.0363099 0.99902 -0.0555498
0.999582 0.0125196 0.0260711 -95.961 -0.0116149 0.999335 -0.0345674 -3.64306 -0.0264865 0.0342502 0.999062 -0.028991
0.999533 0.0171637 0.0252841 -98.6268 -0.0162798 0.999263 -0.0347591 -3.7729 -0.0258621 0.0343313 0.999076 -0.0242796
0.999454 0.0216143 0.024988 -101.304 -0.0207472 0.999191 -0.0344566 -3.86503 -0.0257125 0.0339194 0.999094 0.0224056
0.999409 0.0251579 0.0234074 -103.974 -0.0243673 0.999143 -0.0334685 -3.93778 -0.0242293 0.0328783 0.999165 0.0646246
0.999293 0.0260315 0.0271246 -106.635 -0.0251904 0.999205 -0.0309022 -4.01307 -0.0279075 0.030197 0.999154 0.116986
0.999335 0.0256798 0.0258958 -109.314 -0.0249259 0.999268 -0.0290243 -4.09016 -0.0266221 0.0283595 0.999243 0.108641
0.999338 0.0229585 0.0282093 -112.013 -0.022081 0.999274 -0.0310339 -4.2068 -0.0289013 0.0303905 0.99912 0.166323
0.9995 0.018778 0.0254458 -114.753 -0.0179273 0.999286 -0.0332561 -4.31341 -0.0260522 0.0327833 0.999123 0.208743
0.999846 0.015577 0.00803886 -117.376 -0.0152996 0.999322 -0.0334828 -4.41183 -0.00855497 0.0333547 0.999407 0.265632
0.999923 0.0117127 0.0040527 -119.702 -0.0115521 0.999225 -0.0376234 -4.51439 -0.00449024 0.0375737 0.999284 0.333054
0.999878 0.00714297 0.0138589 -121.822 -0.00660865 0.999247 -0.0382238 -4.64479 -0.0141215 0.0381276 0.999173 0.364006
0.999769 0.000850763 0.0214761 -123.892 -5.39638e-05 0.999312 -0.0370748 -4.76547 -0.0214929 0.0370651 0.999082 0.35789
0.999684 -0.0103954 0.0228866 -125.958 0.0111813 0.999343 -0.0344838 -4.91319 -0.022513 0.0347288 0.999143 0.366864
0.999537 -0.0220408 0.0209891 -128.004 0.0228392 0.998994 -0.0385907 -5.08346 -0.0201174 0.0390522 0.999034 0.385275
0.999358 -0.028437 0.021796 -130.025 0.0293323 0.99869 -0.0419195 -5.2844 -0.0205754 0.0425319 0.998883 0.420411
0.999404 -0.0263241 0.0223362 -132.021 0.0273803 0.998454 -0.0483758 -5.48973 -0.0210282 0.0489585 0.998579 0.43471
0.999476 -0.021519 0.0241633 -134.06 0.0226891 0.998529 -0.0492433 -5.64592 -0.0230681 0.0497657 0.998494 0.448811
0.999641 -0.015334 0.0219549 -136.063 0.0163926 0.99867 -0.0488771 -5.79099 -0.0211762 0.0492195 0.998563 0.450122
0.999648 -0.0115979 0.0238562 -138.093 0.0127409 0.99875 -0.0483338 -5.94591 -0.0232658 0.0486207 0.998546 0.482081
0.999636 -0.00813632 0.0257195 -140.144 0.00935367 0.998824 -0.0475712 -6.10279 -0.0253022 0.0477944 0.998536 0.505953
0.999668 -0.00555913 0.0251444 -142.215 0.00673519 0.998875 -0.0469321 -6.22701 -0.0248552 0.0470859 0.998581 0.532175
0.999599 -0.00483237 0.0279106 -144.285 0.00613562 0.998885 -0.0467985 -6.33811 -0.0276533 0.046951 0.998514 0.564727
0.999539 -0.004123 0.0300585 -146.383 0.0055552 0.998845 -0.0477204 -6.47245 -0.029827 0.0478654 0.998408 0.589258
0.999647 -0.00128389 0.0265249 -148.554 0.00250843 0.99893 -0.0461843 -6.60826 -0.0264372 0.0462346 0.998581 0.605237
0.999507 0.000108955 0.0313861 -150.73 0.00137891 0.998876 -0.0473798 -6.73675 -0.0313559 0.0473998 0.998384 0.624343
0.999196 0.00159751 0.0400479 -152.887 0.000329152 0.998844 -0.0480563 -6.88686 -0.0400784 0.0480309 0.998041 0.657354
0.999297 0.00339524 0.0373168 -155.107 -0.00150972 0.998726 -0.0504398 -7.00785 -0.0374405 0.050348 0.99803 0.681682
0.99936 0.00396338 0.0355514 -157.374 -0.00220146 0.998773 -0.0494627 -7.10516 -0.0357038 0.0493528 0.998143 0.723371
0.999223 0.00451667 0.0391483 -159.63 -0.0025838 0.998781 -0.0492836 -7.25036 -0.0393232 0.0491442 0.998017 0.756459
0.999358 0.00502771 0.0354804 -161.929 -0.00325639 0.998753 -0.0498063 -7.3519 -0.0356866 0.0496587 0.998128 0.816382
0.999435 0.00465254 0.0332805 -164.269 -0.00301788 0.998794 -0.0490002 -7.48718 -0.0334683 0.0488721 0.998244 0.843161
0.9994 0.00392105 0.0344077 -166.589 -0.00222434 0.998786 -0.0492125 -7.60674 -0.0345589 0.0491064 0.998195 0.878659
0.999321 0.00331419 0.0366873 -168.914 -0.00144773 0.998708 -0.0507847 -7.7575 -0.0368082 0.0506971 0.998035 0.899429
0.999148 0.00304349 0.0411642 -171.277 -0.0010029 0.998773 -0.049502 -7.90972 -0.0412643 0.0494185 0.997925 0.949492
0.999312 0.00189888 0.0370382 -173.647 -0.000195456 0.998944 -0.0459407 -8.03806 -0.0370863 0.0459018 0.998257 1.01901
0.999284 0.00124744 0.0378185 -176.033 0.000319205 0.999143 -0.041391 -8.11717 -0.0378377 0.0413734 0.998427 1.04854
0.999203 -0.00139767 0.0398886 -178.412 0.00299858 0.999191 -0.0401029 -8.25419 -0.0398003 0.0401906 0.998399 1.09016
0.999264 -0.00358663 0.0381884 -180.799 0.0052674 0.999017 -0.0440034 -8.43977 -0.0379931 0.0441722 0.998301 1.15421
0.999293 -0.00404466 0.0373777 -183.192 0.00566166 0.999048 -0.0432571 -8.63438 -0.0371671 0.0434381 0.998364 1.24353
0.999348 -0.0047553 0.0357837 -185.575 0.00619171 0.999175 -0.0401383 -8.75105 -0.0355633 0.0403337 0.998553 1.2803
0.999278 -0.0060279 0.0375004 -187.956 0.00749174 0.99921 -0.0390181 -8.88512 -0.0372356 0.0392709 0.998535 1.35858
0.999181 -0.00785083 0.0396972 -190.325 0.00934559 0.999249 -0.0376097 -9.03932 -0.0393721 0.0379499 0.998504 1.37383
0.999092 -0.00792242 0.0418663 -192.689 0.00948808 0.999258 -0.0373313 -9.21232 -0.0415395 0.0376946 0.998425 1.43868
0.999104 -0.00811208 0.0415348 -195.05 0.0096725 0.99925 -0.037507 -9.3565 -0.0411994 0.0378751 0.998433 1.51497
0.999052 -0.00882117 0.0426154 -197.397 0.0103906 0.99927 -0.0367476 -9.51244 -0.0422602 0.0371556 0.998415 1.6181
0.999038 -0.00962785 0.0427896 -199.741 0.0111792 0.999283 -0.0361646 -9.67104 -0.0424108 0.0366081 0.998429 1.67737
0.998944 -0.01121 0.0445481 -202.076 0.012803 0.999283 -0.0356355 -9.84361 -0.0441167 0.0361682 0.998371 1.74853
0.998907 -0.0125311 0.0450204 -204.422 0.014201 0.999216 -0.0369644 -9.99903 -0.0445219 0.0375634 0.998302 1.79971
0.998878 -0.014255 0.0451447 -206.759 0.0159101 0.999206 -0.0365177 -10.1678 -0.0445883 0.037195 0.998313 1.84641
0.998664 -0.0152041 0.0493896 -209.083 0.0172136 0.99903 -0.040519 -10.3516 -0.0487256 0.041315 0.997957 1.93918
0.998462 -0.0163233 0.0529775 -211.451 0.0189538 0.998592 -0.0495371 -10.5488 -0.0520943 0.050465 0.997366 2.02554
0.998552 -0.0154071 0.0515304 -213.805 0.0183943 0.998147 -0.058007 -10.7573 -0.0505412 0.0588709 0.996985 2.06455
0.998575 -0.0163636 0.0507837 -216.209 0.0191778 0.998278 -0.0554325 -10.9215 -0.0497892 0.0563275 0.99717 2.10105
0.99843 -0.0169612 0.0533744 -218.581 0.0198959 0.998291 -0.0549411 -11.1273 -0.0523513 0.0559168 0.997062 2.23781
0.998431 -0.0172498 0.0532594 -220.98 0.0201528 0.998313 -0.0544613 -11.2779 -0.0522301 0.0554493 0.997094 2.33329
0.99828 -0.0194005 0.0553109 -223.799 0.0223618 0.998321 -0.0534336 -11.5065 -0.0541814 0.0545786 0.997038 2.46186
