1 0 0 0 0 1 0 0 0 0 1 0
1 -0.000282601 5.16016e-05 0.00706142 0.000282586 1 0.000281177 0.00879596 -5.16811e-05 -0.000281162 1 0.00124295
1 -0.000336945 0.000154894 0.0139536 0.000336904 1 0.000265555 0.0117836 -0.000154983 -0.000265503 1 -0.00203698
1 -0.000334379 0.000279821 0.0181865 0.000334376 1 8.2742e-06 0.0130106 -0.000279824 -8.18064e-06 1 0.00318567
1 -0.000363479 0.000323869 0.0301823 0.000363471 1 2.68072e-05 0.0159109 -0.000323879 -2.66895e-05 1 0.00977451
1 -0.000358735 0.000382687 0.0285378 0.000358729 1 1.34688e-05 0.0108716 -0.000382692 -1.33315e-05 1 -0.00212179
1 -0.000405786 0.000389126 0.0289793 0.000405827 1 -0.000105976 0.00332421 -0.000389083 0.000106134 1 -0.00807857
1 -0.000622495 0.000682899 0.0233831 0.000622896 1 -0.00058776 0.00154473 -0.000682533 0.000588185 1 -0.00502912
1 -0.000626726 0.000688675 0.0307082 0.000627159 1 -0.000628031 0.0135486 -0.000688281 0.000628463 1 -0.00291368
1 -0.000827517 0.000604698 0.0279553 0.000827736 1 -0.000361499 0.0025284 -0.000604398 0.000361999 1 -0.003
1 -0.000902146 0.00065168 0.0419468 0.000902533 1 -0.000593511 0.0123589 -0.000651145 0.000594099 1 -0.00740115
0.999999 -0.00109248 0.000556148 0.0441235 0.00109287 0.999999 -0.000711664 0.0105054 -0.00055537 0.000712272 1 -0.0089695
0.999999 -0.00129885 0.000636213 0.0568238 0.00129936 0.999999 -0.000802311 0.000200054 -0.000635171 0.000803137 1 -0.0032363
0.999999 -0.00158066 0.000596587 0.059766 0.00158113 0.999999 -0.00078088 -0.00245045 -0.000595352 0.000781822 1 -0.0042514
0.999998 -0.00173478 0.000686481 0.0846511 0.00173535 0.999998 -0.000823477 0.0115703 -0.000685051 0.000824667 1 -0.0145439
0.999998 -0.00208169 0.00081202 0.082666 0.00208234 0.999998 -0.000793504 0.0216751 -0.000810366 0.000795193 0.999999 -0.011607
0.999997 -0.0023702 0.000823074 0.0971436 0.00237095 0.999997 -0.00090203 0.00773104 -0.000820933 0.000903978 0.999999 -0.00808781
0.999996 -0.00266843 0.0009878 0.114608 0.00266923 0.999996 -0.000816639 0.00473765 -0.000985617 0.000819272 0.999999 -0.00233242
0.999996 -0.00279446 0.00095755 0.110949 0.00279519 0.999996 -0.000758624 0.000261725 -0.000955426 0.000761297 0.999999 -0.00294042
0.999995 -0.00300678 0.00126955 0.12649 0.00300734 0.999996 -0.000435519 0.0108172 -0.00126824 0.000439334 0.999999 -0.0132649
0.999994 -0.00323832 0.00127847 0.126403 0.00323927 0.999995 -0.000741306 0.0086096 -0.00127607 0.000745442 0.999999 -0.00288504
0.999993 -0.00355626 0.00120443 0.141646 0.00355732 0.999993 -0.000877733 0.013953 -0.0012013 0.000882012 0.999999 -0.00415682
0.999991 -0.003983 0.00154054 0.152066 0.0039843 0.999992 -0.000841636 0.00376796 -0.00153717 0.000847766 0.999999 -0.00399523
0.99999 -0.00417338 0.00186506 0.169334 0.00417447 0.999991 -0.000581456 0.00972083 -0.00186261 0.000589236 0.999998 -0.00624975
0.999987 -0.00473955 0.00187049 0.139004 0.00474089 0.999989 -0.000713248 -0.00436613 -0.00186709 0.000722106 0.999998 -0.0011116
0.999985 -0.00513672 0.00214009 0.0908598 0.00513849 0.999987 -0.000823254 -0.00126981 -0.00213584 0.000834238 0.999997 -0.0069907
0.999977 -0.00608321 0.00319815 0.00363012 0.00608494 0.999982 -0.00053089 -0.000214679 -0.00319486 0.000550338 0.999995 0.000208156
0.999962 -0.0067945 0.00553553 -0.132503 0.00679602 0.999977 -0.00025588 -0.01525 -0.00553366 0.00029349 0.999985 -0.00139583
0.999955 -0.000610802 0.00950267 -0.378086 0.000629015 0.999998 -0.00191375 -0.0198556 -0.00950148 0.00191964 0.999953 -0.00674412
-0.0500131 -0.937312 0.344885 -0.582518 0.987505 -0.0980766 -0.123346 -0.232387 0.149439 0.334407 0.930506 -0.541628
-0.846041 0.238396 0.476846 -0.610138 -0.133456 -0.960676 0.2435 -0.361966 0.516143 0.142373 0.844587 -1.0662
0.344916 0.92944 0.131055 -0.825964 -0.894969 0.283558 0.344421 -0.321277 0.282957 -0.236087 0.929623 -1.70991
0.928283 -0.358303 0.099546 -1.1496 0.35588 0.9336 0.0417294 -0.437171 -0.107888 -0.00331031 0.994158 -2.29805
-0.39597 -0.914274 0.0855055 -1.39326 0.918245 -0.393657 0.043127 -1.3022 -0.00577002 0.0955921 0.995404 -2.47376
-0.892839 0.448163 0.0446128 -0.487709 -0.449114 -0.89337 -0.0136939 -1.66313 0.0337187 -0.0322626 0.998911 -2.5883
0.507415 0.856626 0.0933957 0.626427 -0.859427 0.510965 -0.0173412 -0.905655 -0.0625768 -0.0714676 0.995478 -2.70874
0.810397 -0.574907 0.112871 0.202747 0.57063 0.818186 0.0703847 0.351925 -0.132814 0.00736779 0.991114 -2.77633
0.430096 -0.895513 0.114342 -0.589155 0.890002 0.441829 0.112619 0.870457 -0.151371 0.0533277 0.987038 -2.68067
0.00435494 -0.993099 0.117204 -1.28983 0.983307 0.0255726 0.180148 0.671484 -0.181902 0.114463 0.976632 -2.54094
0.000591625 -0.993103 0.117245 -1.224 0.983121 0.0220281 0.181624 -0.507761 -0.182954 0.115159 0.976354 -2.35941
0.00240833 -0.993011 0.117999 -1.14505 0.983178 0.023902 0.181079 -1.74762 -0.182634 0.115578 0.976364 -2.15772
0.00780249 -0.993014 0.117738 -1.0907 0.983036 0.0291933 0.181074 -3.06851 -0.183246 0.114328 0.976397 -1.95905
0.0149181 -0.992935 0.117723 -1.02532 0.982708 0.0362917 0.181573 -4.45246 -0.184562 0.112978 0.976306 -1.71376
0.0225268 -0.992606 0.119277 -0.980916 0.982233 0.0442077 0.182384 -5.87346 -0.186308 0.11305 0.975966 -1.46421
0.031075 -0.992332 0.119635 -0.926022 0.981928 0.0526645 0.181782 -7.3638 -0.186688 0.111824 0.976034 -1.18761
0.0368931 -0.992098 0.119917 -0.928902 0.980881 0.0588957 0.185483 -8.87789 -0.19108 0.110782 0.975303 -0.933191
0.0418742 -0.991788 0.120849 -0.878344 0.980734 0.0639012 0.184602 -10.4352 -0.190808 0.110791 0.975355 -0.645966
0.0448084 -0.991426 0.122747 -0.846876 0.981328 0.0666886 0.180412 -12.0191 -0.187051 0.112371 0.975902 -0.349776
0.0435201 -0.991615 0.121681 -0.838003 0.980492 0.0657614 0.18523 -13.6204 -0.191679 0.111246 0.975133 -0.0848289
0.0426792 -0.991565 0.122383 -0.797508 0.981076 0.0647494 0.182474 -15.2683 -0.188859 0.112279 0.975564 0.236976
0.0399338 -0.991524 0.123639 -0.768312 0.982408 0.0615521 0.176313 -16.9592 -0.182428 0.114424 0.976539 0.528443
0.0373886 -0.991242 0.126658 -0.732735 0.982808 0.0594074 0.174812 -18.667 -0.180806 0.117944 0.976421 0.82389
0.0344936 -0.991091 0.128645 -0.699569 0.982379 0.0572824 0.177903 -20.3909 -0.183687 0.120242 0.975603 1.10269
0.0329277 -0.991234 0.127949 -0.640524 0.98248 0.0555974 0.177878 -22.1473 -0.183433 0.11985 0.975699 1.41312
0.032694 -0.990806 0.131282 -0.586558 0.98259 0.055899 0.177177 -23.9099 -0.182886 0.123204 0.975384 1.71887
0.0338117 -0.990875 0.130479 -0.568854 0.982815 0.0566702 0.175679 -25.7119 -0.18147 0.122297 0.975763 2.0063
0.0352402 -0.991046 0.128789 -0.521461 0.981645 0.0584957 0.181526 -27.5275 -0.187435 0.120028 0.974916 2.28788
0.0372779 -0.991138 0.1275 -0.515087 0.981952 0.060005 0.179358 -29.3618 -0.185419 0.118513 0.975487 2.58561
0.0386427 -0.990939 0.128638 -0.469656 0.981638 0.0617109 0.180496 -31.2305 -0.186799 0.119301 0.975128 2.88936
0.0390774 -0.99104 0.127721 -0.447925 0.981784 0.0618645 0.179647 -33.1055 -0.185939 0.118375 0.975405 3.18414
0.0392516 -0.991088 0.127297 -0.392754 0.981503 0.0621308 0.181085 -35.0074 -0.18738 0.117834 0.975194 3.50637
0.0390819 -0.991427 0.124679 -0.366479 0.981537 0.0614697 0.181124 -36.9013 -0.187236 0.115299 0.975525 3.81028
0.0393524 -0.99103 0.127717 -0.337835 0.982968 0.061357 0.173232 -38.8437 -0.179514 0.118725 0.976565 4.11864
0.0366314 -0.992407 0.117422 -0.315648 0.9836 0.0565701 0.171262 -40.7988 -0.176604 0.109223 0.978204 4.41641
0.0362303 -0.992354 0.117992 -0.276889 0.983052 0.0566225 0.174362 -42.735 -0.179709 0.109676 0.977587 4.71439
0.0355469 -0.992149 0.119907 -0.247274 0.983202 0.0562124 0.173646 -44.697 -0.179023 0.11172 0.977481 5.09076
0.0355427 -0.992121 0.120139 -0.196491 0.983621 0.0559856 0.171335 -46.6712 -0.176711 0.112082 0.977861 5.38128
0.0346834 -0.992245 0.119359 -0.140748 0.983459 0.0551307 0.172535 -48.6686 -0.177777 0.111401 0.977745 5.71005
0.034186 -0.992456 0.117739 -0.097081 0.98313 0.0545752 0.174574 -50.6641 -0.179683 0.109785 0.97758 5.99904
0.0331489 -0.992929 0.113987 -0.0634258 0.983945 0.0524328 0.170592 -52.6806 -0.175363 0.106503 0.978727 6.2958
0.0315764 -0.993052 0.113364 -0.00889861 0.984073 0.0507398 0.17037 -54.701 -0.174938 0.106179 0.978838 6.58434
0.0311114 -0.992971 0.114197 0.0456269 0.983332 0.050884 0.174554 -56.7191 -0.179138 0.106863 0.978003 6.90986
0.0316072 -0.99327 0.111431 0.0773135 0.984311 0.0502949 0.169119 -58.7506 -0.173585 0.104338 0.979277 7.25019
0.0324663 -0.993756 0.106752 0.11966 0.98451 0.0502094 0.167982 -60.7935 -0.172293 0.0996451 0.979993 7.52254
0.0329295 -0.993958 0.104707 0.178183 0.984305 0.0504249 0.169115 -62.827 -0.173373 0.0974952 0.980019 7.82492
0.032692 -0.99405 0.103903 0.228546 0.984479 0.0499623 0.168238 -64.8781 -0.172428 0.0967907 0.980256 8.14216
0.0303342 -0.994498 0.100269 0.282531 0.984472 0.0470785 0.169108 -66.9263 -0.172898 0.0935826 0.980484 8.46211
0.0289961 -0.994349 0.102122 0.343305 0.985198 0.0456974 0.165217 -68.9886 -0.16895 0.09582 0.980956 8.77683
0.026903 -0.994291 0.103254 0.412334 0.985286 0.0438147 0.165199 -71.0609 -0.16878 0.0972905 0.980841 9.05841
0.0251692 -0.994158 0.10496 0.487096 0.985333 0.0423965 0.16529 -73.1607 -0.168775 0.0992601 0.980644 9.33901
0.0240236 -0.994224 0.104603 0.562394 0.985884 0.0409036 0.162355 -75.2475 -0.165696 0.0992264 0.981173 9.65289
0.0242108 -0.994298 0.103855 0.621309 0.986027 0.0408771 0.161489 -77.3549 -0.164814 0.0984946 0.981395 9.95444
0.0251257 -0.994243 0.104165 0.682876 0.986345 0.0416205 0.159347 -79.5012 -0.162765 0.0987386 0.981712 10.2645
0.0257238 -0.994158 0.104821 0.756365 0.986414 0.042261 0.158746 -81.6616 -0.162248 0.0993132 0.98174 10.5571
0.026392 -0.993876 0.107303 0.84862 0.986703 0.0431202 0.156706 -83.814 -0.160374 0.101741 0.981799 10.8397
0.0259166 -0.993673 0.109286 0.914714 0.986336 0.04321 0.158979 -86.0232 -0.162696 0.103672 0.981215 11.1614
0.0251918 -0.99371 0.109116 0.978212 0.986833 0.0421639 0.156152 -88.1852 -0.15977 0.103745 0.981688 11.4557
0.0223947 -0.993949 0.107534 1.02526 0.98751 0.0387709 0.152709 -90.4113 -0.155954 0.102771 0.982404 11.7789
0.0196216 -0.994174 0.105986 1.10371 0.987876 0.0356063 0.151107 -92.6339 -0.154 0.101736 0.98282 12.0833
0.0183742 -0.994292 0.105103 1.20771 0.987945 0.0342163 0.150979 -94.8905 -0.153713 0.101062 0.982934 12.3643
0.0177065 -0.994246 0.105644 1.30512 0.988413 0.0333373 0.148084 -97.1821 -0.150753 0.101798 0.983316 12.6298
0.016897 -0.994124 0.10692 1.3849 0.988484 0.0326919 0.147749 -99.4472 -0.150376 0.103192 0.983229 12.9277
0.0168935 -0.994191 0.106293 1.48154 0.988692 0.0324526 0.146403 -101.754 -0.149002 0.102618 0.983498 13.2286
0.0164803 -0.994335 0.105009 1.56888 0.98862 0.0319109 0.147009 -104.051 -0.149527 0.101392 0.983545 13.5236
0.0164398 -0.994437 0.104045 1.67333 0.989136 0.0313781 0.143614 -106.414 -0.14608 0.100554 0.984149 13.8137
0.015594 -0.99451 0.103477 1.75188 0.98953 0.0302001 0.141129 -108.764 -0.143479 0.100193 0.984569 14.0819
0.0148269 -0.994473 0.103939 1.85581 0.989732 0.0293761 0.139882 -111.091 -0.142162 0.100797 0.984698 14.3676
0.014028 -0.994665 0.102205 1.96812 0.990087 0.0281038 0.137615 -113.509 -0.139753 0.0992617 0.985199 14.6414
0.0139713 -0.994626 0.102586 2.07439 0.990211 0.0280121 0.136735 -115.855 -0.138874 0.0996716 0.985282 14.9133
0.0134571 -0.994859 0.100378 2.18305 0.990061 0.0273117 0.137959 -118.284 -0.139991 0.0975238 0.985339 15.1879
0.0135888 -0.994799 0.100945 2.27761 0.990262 0.0273776 0.136497 -120.716 -0.138551 0.0981076 0.985484 15.5223
0.0133455 -0.994822 0.100754 2.36113 0.990177 0.0271736 0.13715 -123.168 -0.139178 0.0979344 0.985413 15.8579
0.0111168 -0.994419 0.104914 2.47069 0.990371 0.0254282 0.136079 -125.603 -0.137987 0.102391 0.985127 16.126
0.0120068 -0.994519 0.103864 2.5903 0.990207 0.026274 0.137111 -128.085 -0.139088 0.1012 0.985096 16.4147
0.0117878 -0.994557 0.103529 2.73163 0.989792 0.026312 0.14007 -130.559 -0.142031 0.100821 0.984715 16.7197
0.0105871 -0.994753 0.10176 2.84005 0.989967 0.0247665 0.139108 -133.091 -0.140898 0.0992666 0.985035 16.989
0.00870102 -0.994847 0.101019 2.96227 0.989708 0.0229977 0.141238 -135.616 -0.142833 0.0987508 0.984808 17.3033
0.00843921 -0.994894 0.100572 3.06402 0.989747 0.0226512 0.141023 -138.173 -0.142581 0.0983505 0.984885 17.6489
0.00848594 -0.994885 0.100655 3.16641 0.989755 0.022703 0.140956 -140.736 -0.14252 0.0984275 0.984886 17.9837
0.0101842 -0.994993 0.0994224 3.28377 0.989855 0.0241221 0.140014 -143.318 -0.141711 0.0969879 0.985146 18.2716
0.0129826 -0.994999 0.0990351 3.43087 0.989872 0.0267919 0.139413 -145.893 -0.141369 0.0962221 0.98527 18.5795
0.0134274 -0.995101 0.0979512 3.55033 0.989514 0.0273127 0.14183 -148.495 -0.14381 0.0950197 0.985033 18.8812
0.0126583 -0.995263 0.0963979 3.66331 0.989532 0.0263287 0.141893 -151.113 -0.143758 0.0935927 0.985177 19.2083
0.0108089 -0.995316 0.0960685 3.76663 0.989787 0.0243066 0.140465 -153.753 -0.142142 0.0935691 0.985414 19.5378
0.00900628 -0.99553 0.0940228 3.85846 0.989569 0.0223927 0.142309 -156.375 -0.143778 0.0917604 0.985347 19.8471
0.00727189 -0.995645 0.0929468 3.99223 0.989336 0.0206849 0.144173 -158.997 -0.145468 0.0909072 0.985178 20.188
0.00671524 -0.995697 0.0924224 4.12252 0.9896 0.0198974 0.14246 -161.647 -0.143686 0.0905046 0.985476 20.518
0.0054644 -0.9957 0.0924756 4.26738 0.989523 0.0187261 0.143157 -164.308 -0.144273 0.0907245 0.985371 20.8581
0.00361165 -0.995878 0.0906278 4.40729 0.989668 0.0165494 0.142416 -166.999 -0.143329 0.0891771 0.985649 21.1835
0.00189742 -0.996107 0.0881361 4.52778 0.989723 0.0144726 0.142262 -169.671 -0.142984 0.0869605 0.985898 21.4786
0.000134982 -0.996131 0.0878788 4.64093 0.98965 0.0127437 0.142934 -172.36 -0.1435 0.08695 0.985823 21.8148
0.000593362 -0.996338 0.0855023 4.80768 0.989791 0.0127709 0.141947 -175.059 -0.14252 0.0845453 0.986175 22.1468
0.00201232 -0.996418 0.0845398 4.95215 0.989327 0.0143006 0.145003 -177.711 -0.145693 0.0833459 0.985813 22.4692
0.00217434 -0.996371 0.0850857 5.15601 0.988926 0.0147682 0.147667 -180.421 -0.148388 0.0838225 0.985371 22.8247
0.00220337 -0.996187 0.0872212 5.30702 0.98922 0.0149422 0.145671 -183.163 -0.146419 0.0859601 0.985481 23.1449
-0.000587839 -0.996242 0.0866092 5.43189 0.989044 0.0122055 0.147109 -185.526 -0.147614 0.0857469 0.985321 23.4208
