1 0 0 0 0 1 0 0 0 0 1 0
0.99999 -0.00271782 -0.00341668 -0.53477 0.00271644 0.999996 -0.000407537 -0.0200807 0.00341777 0.000398252 0.999994 -0.00423065
0.999992 -0.00191035 -0.00358132 -0.802637 0.00191253 0.999998 0.000604233 -0.0128626 0.00358016 -0.000611078 0.999993 -0.0274557
0.999997 -0.00169925 -0.00163828 -1.25579 0.00171019 0.999976 0.00670219 -0.0293626 0.00162685 -0.00670497 0.999976 0.016571
0.999955 -0.00319144 -0.00892143 -1.46248 0.00333781 0.999859 0.0164398 -0.0303205 0.00886771 -0.0164689 0.999825 0.0672746
0.999836 -0.0105883 -0.0147006 -1.24628 0.0106707 0.999928 0.0055426 -0.0705025 0.0146408 -0.00569856 0.999877 0.123128
0.999346 -0.0294738 -0.0209317 -0.891697 0.0296968 0.999505 0.0104278 -0.13161 0.020614 -0.0110426 0.999727 0.0891866
0.999227 -0.0336199 -0.0203956 -0.377075 0.0339418 0.999301 0.0156476 -0.107927 0.0198553 -0.0163277 0.99967 0.0574538
0.999222 -0.0370161 -0.0136066 0.210298 0.0371181 0.999284 0.00731609 -0.0858023 0.013326 -0.00781544 0.999881 0.112684
0.998957 -0.0442558 -0.0112082 0.813466 0.0443371 0.998991 0.00710804 -0.0707977 0.0108823 -0.00759757 0.999912 0.0980421
0.998833 -0.0470822 -0.0107763 1.45178 0.0472302 0.998787 0.0139196 -0.0357823 0.0101079 -0.0144123 0.999845 0.0669802
0.996153 -0.0836529 0.0261076 1.87136 0.0833057 0.996424 0.0141157 0.085367 -0.0271951 -0.0118865 0.999559 0.108736
0.996286 -0.0819076 0.0265575 2.55097 0.0815768 0.996578 0.0133122 0.150982 -0.027557 -0.0110963 0.999559 0.114758
0.996358 -0.080561 0.0279397 3.22487 0.0802552 0.996703 0.0119008 0.247659 -0.0288064 -0.00961516 0.999539 0.11683
0.996668 -0.0771694 0.026401 3.96157 0.0768309 0.996951 0.0136058 0.354634 -0.0273704 -0.0115321 0.999559 0.0977475
0.996753 -0.075794 0.0271813 4.62441 0.0754455 0.997057 0.0136242 0.433855 -0.0281339 -0.0115292 0.999538 0.0887774
0.996746 -0.0752103 0.0290087 5.19867 0.0748473 0.997105 0.0134058 0.491174 -0.029933 -0.011191 0.999489 0.0865477
0.996752 -0.0744417 0.0307201 5.84328 0.0740311 0.997153 0.0142942 0.573819 -0.0316967 -0.0119736 0.999426 0.0949191
0.996735 -0.0744456 0.0312572 6.52757 0.0739976 0.997142 0.0152515 0.697845 -0.0323032 -0.0128887 0.999395 0.0643775
0.996589 -0.0750549 0.0343001 7.22341 0.0745577 0.997095 0.0155538 0.805941 -0.0353678 -0.0129434 0.999291 0.0426249
0.996622 -0.0745621 0.0344145 7.83614 0.0740847 0.99714 0.0149462 0.893852 -0.0354305 -0.0123462 0.999296 0.0462414
0.996447 -0.076013 0.0362536 8.32943 0.075532 0.997038 0.0144579 0.923983 -0.0372453 -0.0116682 0.999238 0.0313861
0.996344 -0.0764447 0.0381423 8.81947 0.075893 0.996992 0.0157109 0.965052 -0.0392286 -0.0127587 0.999149 0.0151293
0.996865 -0.067235 0.041708 9.59873 0.066666 0.997664 0.0148864 1.12117 -0.0426115 -0.0120592 0.999019 -0.0250673
0.996906 -0.0659735 0.0427207 10.05 0.065419 0.997756 0.0142534 1.17946 -0.0435652 -0.0114145 0.998985 -0.0030999
0.996993 -0.0647909 0.0425128 10.2313 0.0641833 0.997818 0.0155055 1.20595 -0.0434246 -0.0127303 0.998976 -0.0261424
0.996519 -0.0705469 0.0444147 10.2813 0.0699524 0.99744 0.0148003 1.16413 -0.0453451 -0.0116418 0.998904 0.00274638
0.994425 -0.0952056 0.0453314 10.2552 0.0946054 0.995399 0.0152118 1.21882 -0.046571 -0.0108384 0.998856 -0.00841715
0.989918 -0.136395 0.0381864 10.244 0.135388 0.990402 0.0278244 1.22564 -0.041615 -0.0223738 0.998883 0.103248
0.984741 -0.170889 0.0329026 10.1262 0.169859 0.984952 0.031898 1.12097 -0.0378584 -0.0258225 0.99895 0.144596
0.985806 -0.164604 0.0330304 8.00439 0.163533 0.98599 0.0328814 0.573486 -0.0379801 -0.0270131 0.998913 0.215131
0.986173 -0.162775 0.0310859 5.40674 0.161823 0.986332 0.0310294 -0.00795752 -0.0357119 -0.0255699 0.999035 0.2816
0.986189 -0.162362 0.0326934 2.77856 0.161363 0.986402 0.0311852 -0.600731 -0.0373122 -0.025479 0.998979 0.343496
0.986289 -0.161442 0.0342155 0.170802 0.160483 0.986608 0.0291449 -1.20716 -0.0384625 -0.0232542 0.99899 0.456726
0.986343 -0.161063 0.034431 -2.46382 0.160064 0.986649 0.0300543 -1.78184 -0.038812 -0.0241327 0.998955 0.541045
0.986352 -0.160894 0.0349694 -5.10994 0.159933 0.986709 0.0287284 -2.3499 -0.0391268 -0.0227436 0.998976 0.674678
0.986407 -0.16039 0.035704 -7.74277 0.159388 0.986779 0.0293496 -2.91382 -0.0399393 -0.0232599 0.998932 0.769264
0.986305 -0.160452 0.0381791 -10.3827 0.159219 0.986678 0.033416 -3.49906 -0.0430321 -0.0268795 0.998712 0.827752
0.986647 -0.158879 0.0358438 -13.039 0.157942 0.987062 0.0276291 -4.08301 -0.0397697 -0.021599 0.998976 0.883145
0.986924 -0.157288 0.035232 -15.6548 0.15624 0.98724 0.0307545 -4.68937 -0.0396197 -0.0248477 0.998906 0.959323
0.986709 -0.158843 0.034244 -18.3075 0.157735 0.986931 0.032958 -5.30436 -0.0390317 -0.0271185 0.99887 0.990398
0.986478 -0.161393 0.0285238 -20.948 0.160368 0.98643 0.0351688 -5.86025 -0.0338127 -0.030119 0.998974 1.08922
0.986024 -0.163326 0.0328593 -23.5622 0.162228 0.986177 0.0337062 -6.43432 -0.0379102 -0.0279045 0.998892 1.16742
0.985415 -0.167395 0.0305775 -26.2334 0.166378 0.985501 0.0332665 -7.06021 -0.0357028 -0.027694 0.998979 1.21941
0.984956 -0.170174 0.0300431 -28.8522 0.16917 0.985025 0.033281 -7.66833 -0.0352568 -0.0276979 0.998995 1.32256
0.984394 -0.173847 0.0272986 -31.4925 0.172899 0.984354 0.0339423 -8.29126 -0.0327723 -0.0286927 0.999051 1.36865
0.983745 -0.177169 0.0292469 -34.1151 0.176154 0.983765 0.0342727 -8.92142 -0.0348441 -0.0285637 0.998985 1.42317
0.983443 -0.179232 0.0267448 -36.7246 0.178359 0.983441 0.0321091 -9.558 -0.032057 -0.0268073 0.999127 1.49081
0.983423 -0.180316 0.0191124 -39.2975 0.17974 0.983301 0.0285121 -10.1839 -0.0239344 -0.0246042 0.999411 1.53404
0.983488 -0.180434 0.013921 -41.71 0.180019 0.983296 0.0268552 -10.7599 -0.0185341 -0.0239058 0.999543 1.55552
0.983389 -0.180792 0.0161052 -43.9606 0.180322 0.983237 0.0269914 -11.3268 -0.020715 -0.023639 0.999506 1.62518
0.983347 -0.180987 0.0164633 -46.0565 0.180511 0.983207 0.0268295 -11.8484 -0.0210425 -0.0234109 0.999505 1.68373
0.983336 -0.18054 0.0213238 -48.0236 0.17985 0.983212 0.0307676 -12.3288 -0.0265206 -0.0264198 0.999299 1.7079
0.983467 -0.179493 0.0239788 -49.8967 0.178681 0.983368 0.0325702 -12.7811 -0.0294261 -0.0277471 0.999182 1.74481
0.983713 -0.178101 0.0242633 -51.7164 0.177205 0.983547 0.0351237 -13.2473 -0.0301196 -0.0302521 0.999089 1.78362
0.983963 -0.176597 0.0251035 -53.5447 0.175665 0.983811 0.0354436 -13.6591 -0.0309564 -0.0304653 0.999057 1.8331
0.984181 -0.175175 0.0264621 -55.3487 0.174141 0.984012 0.0373515 -14.0736 -0.0325821 -0.0321525 0.998952 1.8682
0.984514 -0.173155 0.0273594 -57.1319 0.172104 0.984383 0.0370015 -14.5072 -0.0333391 -0.0317199 0.998941 1.9141
0.984971 -0.17093 0.0247678 -58.8761 0.169999 0.984794 0.0357825 -14.9342 -0.0305075 -0.0310343 0.999053 1.96453
0.985182 -0.169752 0.0244842 -60.6561 0.168806 0.984969 0.0365922 -15.3331 -0.0303278 -0.0319169 0.99903 1.98818
0.985082 -0.170085 0.0261639 -62.4614 0.169064 0.9849 0.0372596 -15.7364 -0.0321061 -0.0322804 0.998963 2.01891
0.985055 -0.16997 0.0278396 -64.2506 0.168898 0.984932 0.0371736 -16.1698 -0.0337385 -0.0319161 0.998921 2.06364
0.984897 -0.1705 0.030098 -66.1051 0.16933 0.98483 0.0378891 -16.6096 -0.0361015 -0.0322204 0.998829 2.1084
0.984638 -0.171771 0.0313289 -68.0204 0.170507 0.98457 0.039359 -17.0671 -0.0376062 -0.0334126 0.998734 2.13595
0.984355 -0.172949 0.0336681 -69.9526 0.171568 0.984346 0.040331 -17.5297 -0.0401162 -0.0339237 0.998619 2.19688
0.984217 -0.173824 0.0331762 -71.9866 0.172454 0.984185 0.0404755 -17.9853 -0.0396872 -0.0341153 0.99863 2.24034
0.984132 -0.17372 0.0361269 -74.0569 0.172185 0.984169 0.0419976 -18.4837 -0.0428508 -0.0351107 0.998464 2.2975
0.984348 -0.172827 0.0344903 -76.2154 0.171343 0.984309 0.042154 -18.9753 -0.0412344 -0.0355845 0.998516 2.3614
0.984305 -0.172842 0.0356211 -78.451 0.171289 0.984289 0.0428396 -19.5042 -0.042466 -0.0360658 0.998447 2.41147
0.984522 -0.171798 0.034655 -80.6793 0.17029 0.984473 0.0425855 -20.0328 -0.041433 -0.036025 0.998492 2.47013
0.98457 -0.171289 0.0357943 -82.9984 0.169686 0.984521 0.0438628 -20.5887 -0.0427535 -0.0371123 0.998396 2.53483
0.98454 -0.171881 0.0337228 -85.3727 0.170327 0.984379 0.0445639 -21.167 -0.0408557 -0.038131 0.998437 2.59922
0.984355 -0.173042 0.0331586 -87.8168 0.171454 0.984122 0.0459015 -21.7145 -0.040575 -0.0394983 0.998396 2.65583
0.984301 -0.172826 0.0358008 -90.217 0.171111 0.984156 0.0464428 -22.2861 -0.0432601 -0.0395879 0.998279 2.7127
0.984227 -0.173025 0.036858 -92.6985 0.17123 0.984095 0.047299 -22.8438 -0.0444557 -0.0402418 0.998201 2.79401
0.984223 -0.173376 0.0352865 -95.2104 0.171686 0.984061 0.0463369 -23.4405 -0.0427578 -0.0395476 0.998302 2.91147
0.984176 -0.173788 0.0345472 -97.7549 0.17215 0.984005 0.0458121 -24.0549 -0.0419563 -0.0391399 0.998352 2.99454
0.984285 -0.173391 0.0334269 -100.293 0.171691 0.983961 0.0483899 -24.6355 -0.0412812 -0.0418904 0.998269 3.00799
0.9843 -0.173037 0.0347763 -102.808 0.171255 0.984008 0.0489707 -25.2322 -0.0426939 -0.0422463 0.998195 3.09
0.984244 -0.173487 0.0341203 -105.389 0.171645 0.983835 0.0510548 -25.8421 -0.0424261 -0.0443938 0.998113 3.14672
0.983998 -0.174684 0.0350976 -107.986 0.172778 0.983612 0.0515225 -26.4517 -0.0435226 -0.044634 0.998055 3.21882
0.983814 -0.175965 0.0338506 -110.598 0.174005 0.983259 0.0540582 -27.1008 -0.0427963 -0.0472931 0.997964 3.23142
0.983536 -0.176819 0.0372992 -113.207 0.17473 0.98317 0.0533414 -27.6968 -0.0461033 -0.0459459 0.99788 3.3502
0.983651 -0.176185 0.0372502 -115.826 0.17423 0.983411 0.0504644 -28.316 -0.0455234 -0.0431493 0.998031 3.44885
0.984042 -0.174402 0.0352664 -118.452 0.172637 0.983811 0.0480807 -28.9605 -0.0430808 -0.0412252 0.998221 3.5127
0.98437 -0.172292 0.0364575 -121.087 0.170475 0.984183 0.0481734 -29.5808 -0.0441807 -0.0412055 0.998173 3.58765
0.984524 -0.170875 0.0389064 -123.742 0.168944 0.984433 0.0484654 -30.2213 -0.0465823 -0.0411424 0.998067 3.66369
0.984986 -0.167595 0.0413905 -126.371 0.165519 0.984971 0.0493351 -30.8239 -0.0490368 -0.0417435 0.997924 3.75946
0.985307 -0.165721 0.0412898 -129.032 0.163687 0.985316 0.0485673 -31.4053 -0.0487321 -0.0410951 0.997966 3.87795
0.985625 -0.164167 0.0398842 -131.682 0.162165 0.98554 0.0491177 -32.0121 -0.047371 -0.0419438 0.997996 3.97267
0.985711 -0.16303 0.0423411 -134.329 0.160847 0.985677 0.0506722 -32.6 -0.0499957 -0.0431377 0.997817 4.08406
0.985801 -0.163336 0.0389344 -136.97 0.161282 0.985584 0.0510952 -33.2142 -0.0467188 -0.0440904 0.997935 4.16802
0.985692 -0.165169 0.0336108 -139.576 0.16328 0.985165 0.0528089 -33.804 -0.0418346 -0.0465654 0.998039 4.22266
0.985145 -0.168697 0.0320941 -142.238 0.166843 0.984523 0.0536289 -34.4292 -0.0406444 -0.0474776 0.998045 4.27538
0.984703 -0.171459 0.0309808 -144.839 0.169643 0.984025 0.0539897 -35.022 -0.0397429 -0.0479082 0.998061 4.44132
0.984055 -0.174547 0.0341787 -147.485 0.172564 0.983502 0.0542712 -35.6294 -0.0430877 -0.0475079 0.997941 4.57645
0.983793 -0.176405 0.0321174 -150.14 0.174542 0.983183 0.053718 -36.2508 -0.0410534 -0.0472416 0.99804 4.66147
0.983649 -0.177664 0.029459 -152.793 0.176023 0.983054 0.0511903 -36.9205 -0.0380544 -0.0451679 0.998254 4.74024
0.983564 -0.178506 0.0271152 -155.441 0.176999 0.982919 0.0504049 -37.585 -0.0356497 -0.0447771 0.998361 4.80403
0.98354 -0.178596 0.0274037 -158.085 0.17705 0.982872 0.051144 -38.2273 -0.0360684 -0.0454504 0.998315 4.86658
0.983839 -0.176967 0.0272402 -160.732 0.175437 0.983172 0.050936 -38.8195 -0.0357958 -0.0453339 0.99833 4.96582
0.984383 -0.17416 0.0256302 -163.385 0.172697 0.983645 0.0511573 -39.4581 -0.0341206 -0.0459322 0.998362 5.04514
0.985498 -0.168255 0.02195 -165.939 0.167001 0.984686 0.0500396 -40.0694 -0.0300332 -0.0456483 0.998506 5.0978
0.986198 -0.163978 0.0228537 -168.576 0.162639 0.985334 0.0516148 -40.6979 -0.0309822 -0.0471856 0.998406 5.12897
0.986766 -0.160521 0.0228842 -171.227 0.159181 0.985895 0.0516797 -41.268 -0.0308571 -0.0473531 0.998402 5.21404
0.986857 -0.159793 0.0240399 -173.907 0.158363 0.985969 0.0527828 -41.8572 -0.0321369 -0.0482821 0.998317 5.27463
0.986888 -0.159569 0.0242566 -176.577 0.158133 0.986012 0.0526683 -42.4512 -0.0323216 -0.048142 0.998318 5.34694
0.986979 -0.159125 0.0234699 -179.222 0.157696 0.986028 0.0536648 -43.0293 -0.0316814 -0.049265 0.998283 5.40009
0.986864 -0.15978 0.0238425 -181.851 0.158293 0.985867 0.0548492 -43.6107 -0.0322694 -0.0503547 0.99821 5.48631
0.986763 -0.160423 0.0236915 -184.493 0.158903 0.985697 0.0561261 -44.1947 -0.0323566 -0.0516186 0.998143 5.53814
0.986355 -0.162281 0.0277031 -187.176 0.160437 0.985264 0.0592728 -44.8055 -0.0369138 -0.0540195 0.997858 5.54671
0.985929 -0.163942 0.0326503 -189.84 0.161826 0.985031 0.0593792 -45.4386 -0.0418964 -0.05326 0.997702 5.59751
0.985675 -0.165646 0.0316917 -192.513 0.163646 0.984826 0.0577583 -46.0339 -0.0407783 -0.0517447 0.997828 5.70933
0.985408 -0.166954 0.0331049 -195.173 0.164866 0.984604 0.0580871 -46.6084 -0.0422931 -0.0517817 0.997763 5.81911
0.985417 -0.167112 0.0320162 -197.798 0.165064 0.984547 0.058478 -47.1842 -0.0412938 -0.0523406 0.997775 5.91486
0.985313 -0.167858 0.0313165 -200.433 0.16581 0.984369 0.0593628 -47.8067 -0.0407916 -0.0532984 0.997745 5.98346
0.98506 -0.169464 0.0306215 -203.096 0.167443 0.984079 0.0595823 -48.4415 -0.0402311 -0.0535648 0.997754 6.07229
0.984504 -0.172642 0.0307474 -205.757 0.170562 0.983469 0.0607982 -49.0643 -0.0407354 -0.0546118 0.997677 6.136
0.983614 -0.17746 0.0317798 -208.411 0.175343 0.982663 0.0602222 -49.7058 -0.0419159 -0.0536631 0.997679 6.24455
0.982496 -0.183745 0.0306312 -211.077 0.18173 0.981571 0.059092 -50.3142 -0.0409245 -0.0524911 0.997783 6.35293
0.981196 -0.189875 0.0346373 -213.709 0.187552 0.980349 0.0611498 -50.9676 -0.0455674 -0.0535037 0.997528 6.43414
0.980214 -0.194614 0.0361302 -216.329 0.192162 0.979396 0.0621009 -51.6241 -0.0474715 -0.0539294 0.997416 6.54238
0.979414 -0.197938 0.0395781 -218.936 0.195285 0.97876 0.062382 -52.2848 -0.0510853 -0.0533689 0.997267 6.67521
0.978768 -0.200913 0.0405637 -221.566 0.198242 0.97821 0.061687 -52.9837 -0.0520736 -0.0523359 0.997271 6.83695
0.978401 -0.202627 0.0408863 -224.189 0.199848 0.977774 0.0633876 -53.6759 -0.0528216 -0.0538476 0.997151 6.93255
0.97439 -0.220994 0.0415267 -226.033 0.218192 0.97387 0.0629934 -54.1298 -0.0543628 -0.0523195 0.99715 7.04885
