1 0 0 0 0 1 0 0 0 0 1 0
0.999934 0.0114857 -0.00017267 -0.910094 -0.0114858 0.999934 -0.000948245 -0.0361104 0.000161768 0.000950166 1 -0.013897
0.999763 0.0217064 0.00133366 -1.90806 -0.0217058 0.999764 -0.000465778 -0.0773887 -0.00134346 0.00043672 0.999999 -0.0333656
0.999603 0.0281628 0.00119325 -2.97617 -0.0281614 0.999603 -0.00117101 -0.106925 -0.00122576 0.00113695 0.999999 -0.0348097
0.999545 0.0301031 0.00199386 -4.14045 -0.0300998 0.999546 -0.0016411 -0.12392 -0.00204235 0.00158034 0.999997 -0.0415261
0.999536 0.0298042 0.00631252 -5.35918 -0.0298032 0.999556 -0.000248456 -0.159663 -0.00631712 6.02074e-05 0.99998 -0.0932212
0.99949 0.0294749 0.0122911 -6.65432 -0.0294541 0.999564 -0.00186616 -0.194405 -0.0123407 0.00150319 0.999923 -0.0909975
0.999529 0.0280639 0.0124445 -8.0503 -0.0280425 0.999605 -0.00188754 -0.246778 -0.0124925 0.00153767 0.999921 -0.0890744
0.999647 0.02565 0.00690661 -9.53341 -0.0256442 0.999671 -0.000924474 -0.293845 -0.00692805 0.000747033 0.999976 -0.141273
0.999703 0.0230064 0.00805894 -11.0548 -0.0229838 0.999732 -0.00288674 -0.353745 -0.00812319 0.00270065 0.999963 -0.199782
0.999784 0.0196845 0.00659366 -12.6607 -0.0196872 0.999806 0.00034446 -0.414538 -0.0065856 -0.000474197 0.999978 -0.250809
0.999842 0.017795 -0.0001926 -14.3559 -0.0177944 0.999838 0.00281921 -0.470737 0.000242736 -0.00281533 0.999996 -0.311883
0.999778 0.016591 -0.0129713 -16.1588 -0.0165359 0.999854 0.00434774 -0.54212 0.0130415 -0.00413229 0.999906 -0.403578
0.99954 0.0175436 -0.0247298 -18.0168 -0.0173545 0.999818 0.0078386 -0.622258 0.0248628 -0.00740582 0.999663 -0.498061
0.998976 0.0193208 -0.0409137 -19.9856 -0.0192067 0.99981 0.00318121 -0.693738 0.0409674 -0.00239214 0.999158 -0.609357
0.998706 0.0209501 -0.046331 -22.0148 -0.0206894 0.999767 0.00609857 -0.773178 0.046448 -0.00513212 0.998908 -0.754181
0.998501 0.0224568 -0.0499065 -24.1044 -0.0222349 0.99974 0.00499859 -0.859453 0.0500058 -0.00388144 0.998741 -0.909954
0.99712 0.0241724 -0.0718776 -26.2329 -0.0237663 0.999696 0.00649947 -0.931391 0.0720129 -0.00477249 0.997392 -1.05386
0.996087 0.0252452 -0.0846898 -28.245 -0.0254914 0.999673 -0.00182682 -1.004 0.084616 0.00397853 0.996406 -1.2138
0.997706 0.028056 -0.0616113 -30.0997 -0.0278287 0.999602 0.00454491 -1.0589 0.0617143 -0.00281992 0.99809 -1.35059
0.997848 0.0326598 -0.0568548 -31.8371 -0.0326072 0.999466 0.00185128 -1.1094 0.056885 6.57701e-06 0.998381 -1.47655
0.99725 0.0364415 -0.064533 -33.5042 -0.0362435 0.999334 0.00423677 -1.13483 0.0646444 -0.00188622 0.997907 -1.54863
0.996601 0.040887 -0.0715199 -35.1207 -0.0405657 0.999159 0.00593972 -1.1622 0.0717026 -0.00301827 0.997421 -1.68946
0.996994 0.045098 -0.0629995 -36.5745 -0.0448628 0.99898 0.00514473 -1.18399 0.0631673 -0.00230294 0.998 -1.76228
0.996981 0.0502492 -0.0592009 -37.9164 -0.0497255 0.99871 0.010287 -1.18911 0.0596415 -0.00731216 0.998193 -1.87484
0.996369 0.0558776 -0.0642359 -39.1691 -0.0554297 0.998424 0.00873536 -1.18575 0.0646228 -0.00514307 0.997896 -1.97528
0.99609 0.0603363 -0.0645355 -40.3665 -0.060053 0.998175 0.00632301 -1.19469 0.0647993 -0.00242273 0.997895 -2.01822
0.995904 0.0641727 -0.0636956 -41.5428 -0.063809 0.997932 0.0077305 -1.17618 0.06406 -0.00363448 0.997939 -2.12085
0.995657 0.0667861 -0.0648654 -42.6896 -0.0665056 0.997765 0.00647614 -1.16987 0.0651529 -0.0021341 0.997873 -2.21617
0.995832 0.0688937 -0.0597758 -43.81 -0.0687584 0.997624 0.00431879 -1.1546 0.0599313 -0.000190695 0.998202 -2.31969
0.995982 0.0705614 -0.0551488 -44.9147 -0.070341 0.997505 0.00592989 -1.13703 0.0554296 -0.00202684 0.99846 -2.38061
0.995997 0.0717845 -0.0532598 -46.0121 -0.0715779 0.997418 0.00577724 -1.12849 0.053537 -0.00194189 0.998564 -2.43993
0.996059 0.0715587 -0.0524034 -47.1027 -0.0714042 0.997436 0.00481626 -1.11871 0.0526136 -0.00105546 0.998614 -2.50805
0.996147 0.0708222 -0.0517306 -48.1966 -0.0705381 0.997482 0.00729838 -1.09383 0.0521173 -0.00362128 0.998634 -2.57659
0.996512 0.0701188 -0.0452537 -49.32 -0.0698894 0.997533 0.00663189 -1.06979 0.0456071 -0.003446 0.998953 -2.61844
0.996556 0.0694922 -0.0452549 -50.5065 -0.0691997 0.997571 0.00799971 -1.06399 0.0457009 -0.00484053 0.998943 -2.69486
0.996685 0.0691748 -0.0428339 -51.7481 -0.0686471 0.997547 0.0136727 -1.05768 0.0436746 -0.010687 0.998989 -2.7418
0.996909 0.0677154 -0.0398416 -53.0621 -0.0672412 0.99765 0.0131263 -1.0385 0.0406368 -0.0104067 0.99912 -2.82378
0.997184 0.0665959 -0.0344916 -54.4488 -0.066129 0.997705 0.0145042 -1.02729 0.0353784 -0.0121825 0.9993 -2.89152
0.997464 0.0652859 -0.0283604 -55.9502 -0.0648304 0.997756 0.0166927 -1.01076 0.0293866 -0.0148117 0.999458 -2.99988
0.997502 0.0659461 -0.0253268 -57.5285 -0.0654846 0.997679 0.0186348 -0.991089 0.0264969 -0.0169297 0.999505 -3.10418
0.997471 0.0651268 -0.0284505 -59.2473 -0.0645136 0.997675 0.0219643 -0.979948 0.0298149 -0.0200733 0.999354 -3.18185
0.997521 0.0642053 -0.0288075 -61.078 -0.0635623 0.997719 0.0227067 -0.966445 0.0301997 -0.0208193 0.999327 -3.27311
0.997618 0.063769 -0.0263211 -63.0056 -0.0632515 0.997796 0.0200435 -0.969167 0.0275412 -0.0183309 0.999453 -3.39402
0.99748 0.0639251 -0.0307649 -65.0417 -0.0633666 0.997813 0.0187994 -0.963329 0.0318994 -0.0168026 0.99935 -3.51865
0.997502 0.063547 -0.0308481 -67.1382 -0.0630189 0.997853 0.0177983 -0.960375 0.0319129 -0.0158098 0.999366 -3.62139
0.997455 0.0627442 -0.0338634 -69.2986 -0.0622296 0.997933 0.0160419 -0.953119 0.0347999 -0.0138938 0.999298 -3.74607
0.9976 0.0619922 -0.0308459 -71.5323 -0.0616174 0.998015 0.012955 -0.969877 0.0315878 -0.0110233 0.99944 -3.86963
0.997553 0.060415 -0.0351769 -73.7968 -0.0599821 0.998111 0.0132341 -0.991352 0.03591 -0.0110918 0.999294 -4.00568
0.997702 0.0596894 -0.0320672 -76.0692 -0.0592493 0.998137 0.0145038 -0.983621 0.0328732 -0.0125705 0.999381 -4.12091
0.997956 0.0580323 -0.026749 -78.3472 -0.0576165 0.998209 0.0160612 -1.00087 0.0276332 -0.0144872 0.999513 -4.19412
0.997909 0.0576967 -0.0291221 -80.6248 -0.0573393 0.99827 0.012961 -1.01643 0.0298195 -0.0112641 0.999492 -4.25309
0.997814 0.0574159 -0.0327193 -82.8931 -0.056861 0.998226 0.0176436 -1.01059 0.0336743 -0.0157446 0.999309 -4.37065
0.997554 0.0583518 -0.0384843 -85.1998 -0.0574996 0.998083 0.0228918 -1.02287 0.0397463 -0.020623 0.998997 -4.56851
0.997733 0.0584532 -0.0333593 -87.4709 -0.0577107 0.998073 0.0228042 -1.02281 0.034628 -0.0208273 0.999183 -4.67984
0.997761 0.0587884 -0.0318789 -89.7459 -0.0581653 0.998104 0.02013 -1.02775 0.0330019 -0.0182307 0.999289 -4.76767
0.997796 0.0581805 -0.0319214 -92.0411 -0.0576496 0.998186 0.0173081 -1.03246 0.0328705 -0.0154297 0.999341 -4.85208
0.997926 0.0573346 -0.0292625 -94.308 -0.0568125 0.998215 0.0183725 -1.0317 0.0302637 -0.016672 0.999403 -4.9601
0.997963 0.057209 -0.0282254 -96.5417 -0.0567438 0.998243 0.017016 -1.03424 0.0291493 -0.0153797 0.999457 -5.03203
0.998042 0.0565031 -0.0268232 -98.7677 -0.0560088 0.998252 0.0188342 -1.029 0.0278405 -0.017295 0.999463 -5.12652
0.998093 0.0559206 -0.0261595 -100.998 -0.0553463 0.99822 0.0221852 -1.02969 0.0273536 -0.0206951 0.999412 -5.21551
0.998236 0.0544047 -0.0237693 -103.221 -0.0538455 0.998271 0.0235636 -1.03481 0.0250102 -0.0222422 0.99944 -5.28772
0.998385 0.0537254 -0.0184751 -105.423 -0.0532423 0.99825 0.0257135 -1.03623 0.0198243 -0.0246883 0.999499 -5.41001
0.998468 0.0532095 -0.0152063 -107.626 -0.0528086 0.998275 0.025645 -1.05657 0.0165447 -0.0248027 0.999555 -5.47363
0.998556 0.0530161 -0.00868788 -109.867 -0.0528029 0.998336 0.0231599 -1.0835 0.00990128 -0.0226677 0.999694 -5.5329
0.998594 0.052122 -0.00971667 -112.156 -0.05189 0.998393 0.0227636 -1.10267 0.0108875 -0.0222273 0.999694 -5.59173
0.998661 0.0517079 -0.00146577 -114.476 -0.0516632 0.998422 0.0219737 -1.11629 0.00259967 -0.0218686 0.999758 -5.65051
0.998706 0.0507713 -0.00302903 -116.833 -0.0506845 0.998427 0.0239588 -1.15347 0.00424068 -0.0237743 0.999708 -5.71638
0.998556 0.0502303 -0.0190824 -119.222 -0.0497718 0.998477 0.0237824 -1.18963 0.0202479 -0.0227983 0.999535 -5.76926
0.998704 0.0492456 -0.0128696 -121.588 -0.0489064 0.998478 0.0254562 -1.21292 0.0141036 -0.0247939 0.999593 -5.86549
0.998691 0.0492791 -0.0137212 -123.952 -0.0488916 0.998431 0.0272689 -1.22133 0.0150434 -0.0265624 0.999534 -5.92375
0.998727 0.0488407 -0.0126177 -126.338 -0.0484535 0.998393 0.0293587 -1.24783 0.0140313 -0.02871 0.999489 -5.99872
0.998729 0.0491275 -0.0112566 -128.749 -0.0487656 0.998346 0.0304284 -1.26612 0.0127329 -0.0298408 0.999474 -6.07869
0.99874 0.0494889 -0.00840003 -131.165 -0.0492328 0.998384 0.0283556 -1.30484 0.00978975 -0.0279063 0.999563 -6.15891
0.998762 0.0487134 -0.0100853 -133.614 -0.0484216 0.998451 0.0273952 -1.33947 0.0114042 -0.026873 0.999574 -6.21089
0.998768 0.0487302 -0.0094056 -136.041 -0.0484557 0.998447 0.0274902 -1.34532 0.0107306 -0.0270006 0.999578 -6.30197
0.998804 0.0485342 -0.00599957 -138.496 -0.0483596 0.998479 0.0264444 -1.38226 0.0072739 -0.0261226 0.999632 -6.35283
0.998738 0.0484581 -0.013247 -140.969 -0.048156 0.998592 0.0222433 -1.41216 0.0143062 -0.0215773 0.999665 -6.40638
0.998864 0.0474747 -0.00403908 -143.439 -0.0473538 0.998538 0.0260409 -1.44175 0.00526946 -0.02582 0.999653 -6.46714
0.998847 0.0477345 -0.00506692 -145.918 -0.0476059 0.998601 0.0230166 -1.47523 0.00615852 -0.0227489 0.999722 -6.52185
0.998835 0.0475856 -0.00800467 -148.412 -0.0473871 0.998602 0.0233895 -1.4974 0.00910649 -0.0229829 0.999694 -6.57888
0.998841 0.0475491 -0.00749596 -150.907 -0.0473551 0.998584 0.0242146 -1.52955 0.00863673 -0.0238315 0.999679 -6.63602
0.998882 0.0472179 -0.00255392 -153.399 -0.0471535 0.998663 0.0211479 -1.54901 0.00354906 -0.0210038 0.999773 -6.70589
0.998859 0.0470854 -0.00806219 -155.932 -0.0469072 0.998678 0.0210148 -1.571 0.00904102 -0.0206127 0.999747 -6.76426
0.998882 0.0470496 -0.00455233 -158.455 -0.0469253 0.998601 0.024355 -1.59757 0.00569186 -0.0241141 0.999693 -6.85122
0.998921 0.0463373 -0.00315162 -160.97 -0.0462395 0.998589 0.0261134 -1.62345 0.0043572 -0.0259395 0.999654 -6.90751
0.998953 0.0457043 -0.00215587 -163.494 -0.045628 0.998581 0.0274615 -1.66215 0.00340792 -0.0273344 0.99962 -6.95498
0.998971 0.045323 -0.0016526 -166.013 -0.045261 0.998601 0.0273109 -1.68964 0.0028881 -0.027208 0.999626 -7.00166
0.998976 0.0452417 0.000217149 -168.531 -0.0452295 0.998571 0.0284446 -1.71632 0.00107004 -0.0284253 0.999595 -7.04213
0.998999 0.0447433 -0.000400233 -171.069 -0.0447127 0.998577 0.0290654 -1.74456 0.00170015 -0.0290184 0.999577 -7.08675
0.999001 0.0446656 0.00138351 -173.582 -0.0446869 0.998589 0.0286667 -1.77358 -0.000101136 -0.0286999 0.999588 -7.11121
0.998933 0.0460662 0.00344149 -176.09 -0.0461441 0.998549 0.0277471 -1.80748 -0.00215829 -0.0278763 0.999609 -7.13108
0.99886 0.0475131 0.0046172 -178.587 -0.0476189 0.998515 0.0264587 -1.83738 -0.00335321 -0.0266484 0.999639 -7.16415
0.998788 0.0483191 0.00937669 -181.092 -0.0485287 0.998542 0.0235989 -1.86314 -0.00822274 -0.0240254 0.999677 -7.18839
0.998787 0.0488832 0.00585846 -183.584 -0.0490037 0.998543 0.0225733 -1.88487 -0.00474646 -0.0228331 0.999728 -7.21698
0.998767 0.049655 -0.000167814 -186.068 -0.0496362 0.998471 0.0243039 -1.89737 0.00137437 -0.0242656 0.999704 -7.25243
0.998761 0.0496681 0.00321037 -188.563 -0.04973 0.998484 0.0235522 -1.91287 -0.00203571 -0.0236827 0.999717 -7.27549
0.99872 0.0501951 0.00619094 -191.039 -0.0503267 0.99846 0.0233441 -1.91685 -0.00500964 -0.0236258 0.999708 -7.29174
0.99867 0.0510912 0.00694306 -193.511 -0.0512457 0.99839 0.0242879 -1.94169 -0.00569099 -0.0246114 0.999681 -7.30181
0.998636 0.0516133 0.00784123 -195.984 -0.0517841 0.998383 0.0234327 -1.95946 -0.00661911 -0.0238068 0.999695 -7.32657
0.998607 0.0521961 0.00770926 -198.454 -0.0523628 0.998356 0.0233044 -1.97152 -0.00648019 -0.0236756 0.999699 -7.31566
0.998594 0.0521043 0.00975387 -200.914 -0.0523121 0.998378 0.0224338 -1.98043 -0.00856916 -0.0229125 0.999701 -7.33234
0.998563 0.0513847 0.0151975 -203.384 -0.0516822 0.998465 0.0198787 -1.99974 -0.0141528 -0.0206356 0.999687 -7.33574
0.998637 0.050658 0.0125423 -205.856 -0.050881 0.998539 0.0181607 -2.02756 -0.011604 -0.0187741 0.999756 -7.34573
0.998696 0.0498513 0.0109873 -208.342 -0.0500266 0.998614 0.0163072 -2.05219 -0.0101592 -0.0168356 0.999807 -7.34845
0.998673 0.0490404 0.0157538 -210.805 -0.0492788 0.99867 0.0151255 -2.07793 -0.014991 -0.0158818 0.999761 -7.35769
0.998757 0.0484987 0.0115291 -213.305 -0.0486815 0.998683 0.0161504 -2.11429 -0.0107306 -0.0166916 0.999803 -7.3494
0.998733 0.0492089 0.010498 -215.779 -0.0494041 0.998593 0.0192338 -2.10228 -0.0095368 -0.0197281 0.99976 -7.34747
0.998665 0.0498647 0.0134774 -218.262 -0.0501394 0.998523 0.0208845 -2.1419 -0.0124161 -0.0215324 0.999691 -7.36361
0.998582 0.050517 0.0167907 -220.735 -0.0508479 0.998507 0.0199077 -2.16699 -0.01576 -0.0207332 0.999661 -7.36035
0.998515 0.0515985 0.0174725 -223.222 -0.0518862 0.998517 0.0164342 -2.19293 -0.0165986 -0.0173164 0.999712 -7.34955
0.998427 0.0519364 0.0211441 -225.711 -0.0522748 0.998507 0.0157819 -2.19866 -0.0202928 -0.0168624 0.999652 -7.34814
0.99839 0.0528023 0.0207413 -228.171 -0.0531474 0.99845 0.0164588 -2.22051 -0.0198401 -0.0175346 0.999649 -7.33621
0.998359 0.0531219 0.0214097 -230.63 -0.0534397 0.998464 0.0145594 -2.23856 -0.0206034 -0.0156796 0.999665 -7.32782
0.9983 0.0535475 0.0230328 -233.098 -0.0538355 0.998476 0.0120719 -2.25918 -0.0223513 -0.0132914 0.999662 -7.31385
0.998279 0.0534678 0.0240833 -235.568 -0.0538098 0.998455 0.0137868 -2.29056 -0.0233089 -0.015059 0.999615 -7.27339
0.998276 0.0534636 0.0242363 -238.035 -0.0539015 0.998387 0.0177924 -2.29038 -0.023246 -0.0190681 0.999548 -7.26351
0.99817 0.0535628 0.0280782 -240.512 -0.0541737 0.9983 0.0214699 -2.29742 -0.0268805 -0.0229517 0.999375 -7.22517
0.998207 0.0530702 0.0276902 -242.998 -0.0537026 0.9983 0.0226225 -2.31271 -0.0264425 -0.0240689 0.999361 -7.19891
0.998207 0.052225 0.0292512 -245.492 -0.0528949 0.998343 0.0226193 -2.30691 -0.0280214 -0.024126 0.999316 -7.1362
0.998211 0.0522134 0.0291448 -247.987 -0.0528506 0.998369 0.0215434 -2.33656 -0.0279725 -0.0230452 0.999343 -7.07608
0.998136 0.0514158 0.0328917 -250.485 -0.0521843 0.998373 0.02295 -2.36221 -0.0316582 -0.0246237 0.999195 -7.03951
0.998177 0.051271 0.031834 -252.978 -0.0521003 0.998308 0.0257916 -2.37624 -0.0304578 -0.0274032 0.99916 -6.98099
0.998237 0.0513234 0.0298041 -255.465 -0.0520744 0.99833 0.0249948 -2.39031 -0.0284716 -0.0265028 0.999243 -6.94544
0.998232 0.0512654 0.0300909 -257.975 -0.0520079 0.998347 0.0244371 -2.42835 -0.0287884 -0.0259588 0.999248 -6.90281
0.999383 -0.00123177 0.0351132 -260.29 0.000266425 0.999622 0.0274848 -1.92138 -0.0351337 -0.0274585 0.999005 -6.88664
