1 0 0 0 0 1 0 0 0 0 1 0
0.999988 0.000702511 -0.0049194 -0.333595 -0.000741972 0.999968 -0.00802443 -0.0532574 0.0049136 0.00802798 0.999956 -0.0337796
0.999965 0.000477599 -0.00837667 -0.639081 -0.000599557 0.999894 -0.0145628 -0.0619112 0.00836882 0.0145673 0.999859 -0.0868255
0.99997 0.000206973 -0.00780225 -0.96168 -0.000309333 0.999914 -0.0131204 -0.0772987 0.00779886 0.0131224 0.999883 -0.104657
0.999978 -0.00144195 -0.00649488 -1.23296 0.00136122 0.999922 -0.0124183 -0.0766755 0.00651228 0.0124092 0.999902 -0.122396
0.999948 -0.00310792 -0.00971172 -1.4045 0.0029693 0.999894 -0.0142557 -0.102756 0.009755 0.0142261 0.999851 -0.117394
0.999924 -0.00375884 -0.0117838 -1.56167 0.00360167 0.999905 -0.0133308 -0.1299 0.0118327 0.0132874 0.999842 -0.0874668
0.999943 -0.00261106 -0.0103729 -1.6699 0.00246881 0.999903 -0.0137034 -0.142626 0.0104077 0.013677 0.999852 -0.108595
0.99998 -0.00214202 -0.00602154 -1.6397 0.00207906 0.999943 -0.0104425 -0.150781 0.00604357 0.0104298 0.999927 -0.102318
0.999979 -0.00104601 -0.00633226 -1.45804 0.00097293 0.999933 -0.0115334 -0.162502 0.0063439 0.011527 0.999914 -0.129001
0.999996 0.00067898 -0.00260456 -1.16383 -0.000706392 0.999944 -0.0105381 -0.129362 0.00259726 0.0105399 0.999941 -0.0933163
0.999997 0.0013474 -0.00230885 -0.690625 -0.00136894 0.999955 -0.00935312 -0.104396 0.00229615 0.00935625 0.999954 -0.0797326
0.999998 4.84827e-05 -0.00207406 -0.272664 -6.28237e-05 0.999976 -0.00691482 -0.0590765 0.00207367 0.00691494 0.999974 -0.0733365
0.999999 0.00106857 -0.000812632 0.19475 -0.00107578 0.99996 -0.00892086 -0.03036 0.000803065 0.00892172 0.99996 -0.0542907
0.999995 0.00288192 0.00133644 0.666013 -0.00287078 0.999962 -0.00826159 -0.0311761 -0.0013602 0.00825771 0.999965 -0.0427476
0.999988 0.00403907 0.00272352 1.13461 -0.00402112 0.99997 -0.00656426 -0.00631853 -0.00274995 0.00655323 0.999975 -0.0307911
0.999975 0.00128303 0.00690643 1.58205 -0.00121909 0.999956 -0.0092535 0.0246172 -0.006918 0.00924485 0.999933 -0.0430887
0.999964 -0.000175689 0.00851508 1.96679 0.000269754 0.999939 -0.0110471 0.0464838 -0.00851262 0.011049 0.999903 -0.0492295
0.999942 -0.00263302 0.0104458 2.41915 0.00272974 0.999953 -0.00925617 0.0906516 -0.010421 0.00928415 0.999903 -0.0435271
0.999899 -0.00335045 0.0138204 2.83497 0.00348065 0.99995 -0.0094075 0.117393 -0.0137881 0.00945466 0.99986 -0.0440652
0.999875 -0.00324588 0.0154716 3.29971 0.00340837 0.999939 -0.0104875 0.139071 -0.0154366 0.0105389 0.999825 -0.0464526
0.99982 -0.00366986 0.0186192 3.76084 0.00386759 0.999936 -0.0105948 0.163654 -0.0185792 0.0106649 0.999771 -0.0461365
0.999815 -0.00581688 0.0183622 4.2176 0.00596639 0.999949 -0.00809815 0.207265 -0.0183142 0.0082062 0.999799 -0.0617346
0.999779 -0.0062318 0.0200651 4.70485 0.00636554 0.999958 -0.0066084 0.251512 -0.0200231 0.00673467 0.999777 -0.0742146
0.999749 -0.00762245 0.021073 5.18135 0.00773652 0.999956 -0.00533663 0.290009 -0.0210314 0.00549832 0.999764 -0.0506162
0.999713 -0.0107853 0.0213812 5.64947 0.0108988 0.999927 -0.00519814 0.337157 -0.0213235 0.00542968 0.999758 -0.0403349
0.999539 -0.0127705 0.0275323 6.12812 0.0129042 0.999906 -0.00468584 0.392018 -0.0274698 0.00503897 0.99961 -0.0421015
0.99949 -0.0146137 0.0284085 6.6085 0.014753 0.99988 -0.00469997 0.446943 -0.0283364 0.00511668 0.999586 -0.0578803
0.999464 -0.0152559 0.028965 6.87259 0.015366 0.999876 -0.00358153 0.462487 -0.0289068 0.00402468 0.999574 -0.0469698
0.999507 -0.014607 0.027802 7.12758 0.014697 0.999887 -0.00303595 0.483846 -0.0277545 0.00344306 0.999609 -0.0362083
0.999385 -0.0156483 0.0313861 7.59762 0.015741 0.999873 -0.00271014 0.500078 -0.0313397 0.00320252 0.999504 -0.0404018
0.99935 -0.0158102 0.0323837 7.86226 0.0159168 0.999869 -0.00303791 0.527229 -0.0323314 0.00355138 0.999471 -0.0585664
0.999262 -0.0161139 0.0348678 8.18207 0.0161994 0.999866 -0.00217123 0.542847 -0.0348282 0.00273446 0.99939 -0.0530313
0.999209 -0.0179025 0.0354975 8.44226 0.0179923 0.999836 -0.00221319 0.554274 -0.035452 0.00285012 0.999368 -0.050147
0.999196 -0.0193792 0.0350962 8.75386 0.0195674 0.999796 -0.00502736 0.559638 -0.0349916 0.00571006 0.999372 -0.0592182
0.999235 -0.0188846 0.0342476 9.08414 0.0190732 0.999805 -0.00518813 0.583688 -0.0341429 0.00583737 0.9994 -0.0339793
0.99924 -0.017053 0.0350584 9.40921 0.0171722 0.999848 -0.00310357 0.579428 -0.0350002 0.00370324 0.999381 -0.0214563
0.999301 -0.0146468 0.034409 9.43499 0.0147643 0.999886 -0.00316291 0.581238 -0.0343588 0.00366872 0.999403 -0.0423718
0.999295 -0.0122799 0.0354703 9.34001 0.0123775 0.99992 -0.00253319 0.580638 -0.0354364 0.00297044 0.999368 -0.021737
0.9993 -0.0101899 0.0359874 9.31853 0.010265 0.999946 -0.00190123 0.593547 -0.0359661 0.00226931 0.999351 -0.0206726
0.999318 -0.0091384 0.0357855 9.29165 0.00921081 0.999956 -0.00185942 0.608781 -0.0357669 0.00218776 0.999358 -0.000963127
0.999313 -0.0075809 0.0362716 9.17448 0.00765315 0.999969 -0.00185393 0.626313 -0.0362564 0.00213025 0.99934 0.0160301
0.999319 -0.00886413 0.03583 9.04403 0.00896162 0.999957 -0.00256133 0.628224 -0.0358058 0.00288068 0.999355 0.00244607
0.999348 -0.0114911 0.0342214 8.82101 0.0115869 0.99993 -0.00260375 0.618475 -0.0341891 0.00299857 0.999411 0.00748867
0.999305 -0.0148724 0.0341739 8.58977 0.0149861 0.999883 -0.00307345 0.590147 -0.0341242 0.00358345 0.999411 0.0129039
0.9993 -0.0165139 0.03358 8.35816 0.0166422 0.999855 -0.0035453 0.560729 -0.0335166 0.00410166 0.99943 0.0145637
0.999363 -0.0191607 0.0301174 8.06485 0.0192502 0.999811 -0.00268372 0.552942 -0.0300603 0.00326178 0.999543 0.0119268
0.999249 -0.01889 0.0338186 7.79267 0.0189701 0.999818 -0.00205052 0.528159 -0.0337737 0.00269053 0.999426 0.0180241
0.999281 -0.0192742 0.0326624 7.71426 0.0191713 0.99981 0.0034615 0.526701 -0.0327229 -0.00283283 0.999461 0.0721434
0.999413 -0.0202435 0.0276322 7.34191 0.020083 0.99978 0.00607282 0.503789 -0.027749 -0.00551432 0.9996 0.0999508
0.999441 -0.015756 0.0294997 7.0258 0.0156214 0.999867 0.0047884 0.478725 -0.0295712 -0.0043249 0.999553 0.114292
0.999417 -0.0203703 0.0274098 6.58932 0.0202574 0.999785 0.00438778 0.415505 -0.0274933 -0.00382996 0.999615 0.126834
0.998012 0.0625352 0.00783993 6.06057 -0.0627568 0.997509 0.0322237 0.958636 -0.00580529 -0.0326517 0.99945 0.222376
0.988163 0.140451 0.0617031 5.59399 -0.141799 0.989731 0.0180268 1.74454 -0.0585377 -0.0265629 0.997932 0.650634
0.973743 0.208403 0.0916066 5.23474 -0.210275 0.977579 0.0111737 2.69893 -0.087224 -0.0301429 0.995733 1.16629
0.956047 0.274585 0.102844 5.00692 -0.275062 0.961377 -0.00980363 3.80718 -0.101564 -0.0189157 0.994649 1.75904
0.931548 0.335698 0.13973 4.91955 -0.336481 0.941505 -0.0187004 5.10116 -0.137834 -0.029596 0.990013 2.29731
0.905145 0.393975 0.159675 4.95498 -0.393825 0.918559 -0.0339469 6.65952 -0.160045 -0.0321573 0.986586 2.83794
0.874383 0.452298 0.175729 5.09996 -0.451973 0.890935 -0.0442194 8.19466 -0.176563 -0.0407599 0.983445 3.38109
0.850166 0.499324 0.167013 5.27176 -0.497988 0.865572 -0.0528595 9.51726 -0.170956 -0.0382313 0.984537 3.71497
0.807954 0.56596 0.164009 5.532 -0.565576 0.82295 -0.0536366 10.5063 -0.165328 -0.0494239 0.984999 3.75668
0.759587 0.629774 0.162517 5.96674 -0.630722 0.774241 -0.0523519 11.6644 -0.158797 -0.0627374 0.985316 3.70673
0.705578 0.690083 0.161073 6.60221 -0.692466 0.719709 -0.0500995 12.9638 -0.150499 -0.0761888 0.98567 3.5486
0.644869 0.747496 0.159354 7.51506 -0.751136 0.65836 -0.0485547 14.3419 -0.141207 -0.0883848 0.986027 3.38908
0.58064 0.798844 0.15718 8.59671 -0.803506 0.593391 -0.0475822 15.7527 -0.13128 -0.0986667 0.986423 3.23065
0.508587 0.844865 0.165958 9.99209 -0.847862 0.524986 -0.0742984 17.1723 -0.149898 -0.102922 0.98333 3.07534
0.462058 0.869978 0.172162 11.6397 -0.868355 0.483254 -0.111468 18.3333 -0.180173 -0.0979935 0.978742 2.76864
0.420904 0.891474 0.167672 13.409 -0.8861 0.44362 -0.134266 19.4102 -0.194077 -0.0920608 0.976657 2.5746
0.397687 0.901727 0.169509 15.2557 -0.907382 0.413912 -0.0730456 20.4686 -0.136029 -0.12476 0.982818 2.30938
0.35771 0.919183 0.164758 17.3068 -0.921727 0.375851 -0.0956836 21.4916 -0.149875 -0.117635 0.981682 1.98201
0.310107 0.938041 0.154635 19.6472 -0.929157 0.333475 -0.159567 22.2744 -0.201247 -0.0941973 0.975001 1.67334
0.282081 0.947967 0.147607 21.49 -0.934098 0.30647 -0.183134 23.1124 -0.218842 -0.0862206 0.971943 1.63459
0.353441 0.92739 0.12258 23.0101 -0.904398 0.372245 -0.208559 23.8214 -0.239045 -0.0371475 0.970298 1.41871
0.198644 0.973131 0.11643 24.2279 -0.954607 0.219016 -0.201882 23.9696 -0.221958 -0.0710422 0.972465 1.1097
0.202636 0.972308 0.116426 24.2532 -0.953832 0.222891 -0.201307 24.004 -0.221683 -0.0702588 0.972584 1.11005
0.20665 0.971282 0.117928 24.2493 -0.952741 0.22719 -0.201665 24.0886 -0.222666 -0.0706804 0.972329 1.10774
0.21105 0.970468 0.116826 24.3768 -0.951426 0.231362 -0.203127 23.7631 -0.224157 -0.0682814 0.972158 1.03825
0.213656 0.97002 0.115808 24.4474 -0.950691 0.233735 -0.203847 23.4127 -0.224804 -0.0665442 0.972129 0.970418
0.215524 0.969685 0.115154 24.4086 -0.949892 0.235529 -0.205504 23.486 -0.226396 -0.0650926 0.971858 0.987734
0.217097 0.969349 0.115026 24.2453 -0.949897 0.236931 -0.203861 23.8486 -0.224866 -0.065005 0.972219 1.08861
0.219215 0.9687 0.116466 24.1592 -0.949726 0.239207 -0.201992 24.1623 -0.22353 -0.0663312 0.972438 1.13275
0.216302 0.969401 0.11608 24.1354 -0.950353 0.236296 -0.202468 24.1616 -0.223702 -0.066523 0.972385 1.15482
0.215842 0.969512 0.116008 24.1371 -0.950144 0.235925 -0.203875 23.9759 -0.225029 -0.0662196 0.972099 1.14208
0.214246 0.969869 0.115986 24.1856 -0.950524 0.234358 -0.20391 23.7152 -0.224948 -0.0665605 0.972095 1.08965
0.21123 0.970567 0.115675 24.1318 -0.951151 0.231365 -0.204403 23.8216 -0.22515 -0.0668481 0.972028 1.14588
0.209754 0.970819 0.116247 23.961 -0.95229 0.229799 -0.200836 24.4063 -0.221689 -0.0685747 0.972703 1.26396
0.209461 0.971017 0.115118 23.6262 -0.952874 0.22912 -0.198835 25.5803 -0.219448 -0.0680452 0.973249 1.51512
0.207144 0.971122 0.118376 22.9338 -0.952381 0.227845 -0.202624 28.1389 -0.223744 -0.0707669 0.972076 2.09869
0.204657 0.97168 0.118124 22.2399 -0.953596 0.22515 -0.199904 30.7198 -0.220838 -0.0717309 0.972669 2.67124
0.201781 0.97205 0.120007 21.5556 -0.954086 0.222772 -0.20023 33.3115 -0.221367 -0.0740943 0.972372 3.24028
0.200052 0.97224 0.121359 20.8658 -0.95428 0.221421 -0.200803 35.9164 -0.2221 -0.075639 0.972086 3.81366
0.198051 0.972602 0.121737 20.1796 -0.954678 0.219555 -0.20096 38.4977 -0.222182 -0.076419 0.972006 4.38312
0.197392 0.972762 0.121532 19.5069 -0.954994 0.218808 -0.200274 41.0996 -0.221411 -0.0765299 0.972173 4.98197
0.197658 0.972736 0.12131 18.8247 -0.955263 0.218909 -0.198873 43.7026 -0.220006 -0.0765742 0.972488 5.52483
0.198192 0.972607 0.121467 18.1547 -0.954427 0.219712 -0.201976 46.276 -0.223131 -0.0759014 0.971829 6.14565
0.200144 0.97205 0.12272 17.4748 -0.954427 0.221735 -0.199758 48.8882 -0.221386 -0.0771466 0.97213 6.70839
0.200436 0.97184 0.123902 16.7988 -0.954239 0.222307 -0.200018 51.4825 -0.22193 -0.0781417 0.971926 7.27514
0.200399 0.971393 0.127418 16.1183 -0.953963 0.223096 -0.200456 54.0698 -0.223148 -0.0813806 0.971382 7.83023
0.200431 0.971265 0.12834 15.4536 -0.953213 0.223589 -0.203453 56.6543 -0.226302 -0.081557 0.970637 8.42052
0.200288 0.971021 0.130392 14.7796 -0.952853 0.224023 -0.204656 59.2341 -0.227936 -0.0832542 0.97011 8.99499
0.200197 0.971048 0.130333 14.111 -0.952105 0.224198 -0.207922 61.7986 -0.231123 -0.0824654 0.969423 9.64715
0.19939 0.970981 0.132059 13.4549 -0.951732 0.223979 -0.209857 64.3526 -0.233345 -0.0838413 0.968773 10.2411
0.199199 0.971155 0.131059 12.7875 -0.951993 0.223498 -0.209183 66.9053 -0.232441 -0.0830978 0.969054 10.862
0.199089 0.971388 0.129491 12.1154 -0.95256 0.22286 -0.207275 69.5128 -0.230203 -0.0820815 0.969675 11.4839
0.197028 0.971597 0.131067 11.4425 -0.952929 0.221212 -0.20734 72.0989 -0.230445 -0.084046 0.969449 12.0723
0.194348 0.97241 0.129023 10.7406 -0.952384 0.218554 -0.2126 74.6775 -0.234933 -0.0815608 0.968584 12.6533
0.19141 0.973135 0.127948 10.0786 -0.95291 0.215486 -0.213372 77.2575 -0.235211 -0.0810813 0.968557 13.2813
0.188733 0.973729 0.127398 9.44759 -0.953677 0.212683 -0.212759 79.8402 -0.234266 -0.0813423 0.968764 13.8982
0.18653 0.974131 0.127576 8.78613 -0.954482 0.210448 -0.211364 82.4315 -0.232744 -0.0823438 0.969046 14.4989
0.184641 0.974532 0.127262 8.1298 -0.95535 0.208364 -0.209501 85.0081 -0.230682 -0.0828972 0.969492 15.0828
0.183533 0.974715 0.127455 7.49668 -0.955191 0.207463 -0.211113 87.6007 -0.232218 -0.082998 0.969116 15.6989
0.184023 0.974729 0.126646 6.87479 -0.955779 0.207519 -0.20838 90.2008 -0.229395 -0.082699 0.969814 16.3037
0.184423 0.974563 0.127334 6.22663 -0.955551 0.20811 -0.208836 92.8045 -0.230023 -0.0831602 0.969626 16.9178
0.184791 0.974409 0.12798 5.56292 -0.955344 0.208657 -0.209234 95.4028 -0.230583 -0.0836002 0.969455 17.5242
0.185743 0.974215 0.128079 4.92713 -0.955949 0.209315 -0.205788 98.0059 -0.22729 -0.084213 0.970179 18.1111
0.186985 0.973755 0.129755 4.27358 -0.955857 0.210821 -0.204672 100.608 -0.226656 -0.0857567 0.970192 18.6912
0.188151 0.973269 0.131706 3.63831 -0.955105 0.212567 -0.206371 103.197 -0.228851 -0.0869641 0.969569 19.295
0.189305 0.972821 0.133352 3.00424 -0.955585 0.213762 -0.202886 105.792 -0.225877 -0.0890218 0.97008 19.8844
0.189869 0.972766 0.132947 2.32023 -0.955428 0.214245 -0.203118 108.391 -0.226069 -0.088455 0.970087 20.4922
0.189492 0.972926 0.132312 1.67317 -0.956053 0.213529 -0.200915 110.982 -0.223728 -0.0884252 0.970632 21.0776
0.189194 0.97255 0.135469 1.00191 -0.955587 0.214103 -0.202516 113.587 -0.225962 -0.0911373 0.969864 21.6594
0.18933 0.972239 0.137491 0.369908 -0.955834 0.214543 -0.200879 116.178 -0.224801 -0.0933861 0.96992 22.2518
0.189823 0.97235 0.136022 -0.284914 -0.956425 0.214434 -0.198162 118.761 -0.221851 -0.092479 0.970685 22.8668
0.188749 0.972956 0.13315 -0.898091 -0.956629 0.212806 -0.198934 121.297 -0.22189 -0.0898267 0.970926 23.4927
0.187708 0.973726 0.128929 -1.51525 -0.956798 0.21094 -0.200105 123.857 -0.222044 -0.0857976 0.971255 24.1565
0.187787 0.973745 0.128674 -1.83841 -0.956686 0.211002 -0.200572 125.16 -0.222456 -0.0854362 0.971192 24.4779
