1 0 0 0 0 1 0 0 0 0 1 0
1 4.90911e-05 -0.000752599 -0.0114552 -4.94233e-05 1 -0.000441377 -0.00545797 0.000752577 0.000441414 1 -0.00157652
1 5.25851e-05 -0.000861818 -0.0103632 -5.32837e-05 1 -0.000810557 0.0006931 0.000861775 0.000810602 0.999999 -0.00625386
1 0.00012293 -0.000760874 -0.00999271 -0.00012365 1 -0.000946144 0.00755516 0.000760757 0.000946238 0.999999 -0.0088506
1 -1.27561e-05 -0.000752066 -0.0123132 1.1647e-05 0.999999 -0.00147474 0.00376645 0.000752084 0.00147473 0.999999 -0.0182275
1 -4.18931e-05 -0.000533 -0.00990485 4.10383e-05 0.999999 -0.00160379 0.000556811 0.000533067 0.00160377 0.999999 -0.0175421
1 -1.19103e-05 -0.000406848 -0.00893374 1.12982e-05 0.999999 -0.00150466 -0.00338295 0.000406865 0.00150465 0.999999 -0.0117915
1 -3.55254e-05 -0.000480873 -0.00862178 3.48769e-05 0.999999 -0.00134865 -0.00137873 0.000480921 0.00134863 0.999999 -0.0205958
1 -1.69997e-05 -0.000652394 -0.0104836 1.61392e-05 0.999999 -0.00131901 0.00148404 0.000652416 0.001319 0.999999 -0.0305521
1 -5.48731e-05 -0.000585156 -0.0142482 5.40414e-05 0.999999 -0.00142121 -0.000546873 0.000585233 0.00142118 0.999999 -0.0343076
1 -0.000131857 -0.000625859 -0.0148684 0.000130734 0.999999 -0.00179312 0.00383591 0.000626094 0.00179303 0.999998 -0.0363574
1 -0.000193225 -0.000307806 -0.00417291 0.00019273 0.999999 -0.0016102 0.000547483 0.000308117 0.00161014 0.999999 -0.032865
1 -7.43564e-05 9.56527e-05 0.00363512 7.45229e-05 0.999999 -0.00174172 -0.00485407 -9.55231e-05 0.00174173 0.999999 -0.0280708
1 -3.11399e-05 0.000203353 -0.00415799 3.15521e-05 0.999998 -0.00202749 -0.0047446 -0.000203289 0.0020275 0.999998 -0.0322753
1 -0.000184989 0.000386229 -0.0222287 0.000185765 0.999998 -0.00200937 -0.0160835 -0.000385857 0.00200944 0.999998 -0.0335307
0.999999 -0.000189577 0.00176541 -0.0816762 0.00019305 0.999998 -0.00196708 -0.0102509 -0.00176504 0.00196742 0.999997 -0.0231117
0.999989 -0.000152692 0.00464335 -0.15024 0.000165331 0.999996 -0.00272159 -0.0169326 -0.00464291 0.00272233 0.999986 -0.015239
0.99998 -0.000617835 0.00633589 -0.324107 0.000639188 0.999994 -0.00336875 0.00262162 -0.00633377 0.00337273 0.999974 -0.00810679
0.999981 -0.00143359 0.00596163 -0.543965 0.00145262 0.999994 -0.00318915 -0.0431433 -0.00595702 0.00319775 0.999977 -0.0174973
0.999961 -0.00551928 0.00688146 -0.868993 0.00552658 0.999984 -0.00104236 -0.0694351 -0.0068756 0.00108035 0.999976 -0.0232973
0.999866 -0.0147968 0.00704221 -1.32134 0.0147833 0.999889 0.00196614 -0.0947626 -0.00707052 -0.00186177 0.999973 -0.0303473
0.999668 -0.0244924 0.00807299 -1.87718 0.0245028 0.999699 -0.00118719 -0.132675 -0.00804148 0.00138461 0.999967 -0.0395392
0.999512 -0.0304858 0.00680165 -2.52676 0.0305038 0.999532 -0.00255938 -0.192948 -0.00672044 0.00276561 0.999974 -0.0390189
0.999314 -0.0362085 0.00785701 -3.27893 0.036228 0.999341 -0.00236105 -0.275105 -0.00776634 0.00264407 0.999967 -0.0461681
0.99905 -0.0424854 0.00974473 -4.09651 0.0424877 0.999097 -3.68447e-05 -0.36446 -0.00973437 0.000450841 0.999953 -0.0539718
0.998736 -0.0493327 0.0096813 -5.01385 0.0493382 0.998782 -0.000328851 -0.44578 -0.00965329 0.000806092 0.999953 -0.0817104
0.998348 -0.0565752 0.0100682 -6.00805 0.0566134 0.99839 -0.00354514 -0.563602 -0.00985141 0.00410927 0.999943 -0.119675
0.9981 -0.0604324 0.011999 -7.08096 0.0604742 0.998165 -0.0031586 -0.676592 -0.0117861 0.00387823 0.999923 -0.117271
0.997984 -0.0624021 0.0115502 -8.19971 0.0624411 0.998044 -0.003049 -0.813945 -0.0113373 0.00376406 0.999929 -0.114313
0.99789 -0.0638614 0.0117542 -9.40298 0.0639236 0.997942 -0.00499995 -0.945787 -0.0114108 0.00574077 0.999919 -0.11599
0.99778 -0.0655455 0.0118187 -10.6942 0.0656063 0.997834 -0.00483668 -1.11937 -0.0114761 0.00560132 0.999919 -0.0933243
0.997777 -0.0653055 0.0132974 -12.0308 0.0653817 0.997846 -0.00537902 -1.25571 -0.0129175 0.00623647 0.999897 -0.146593
0.998014 -0.0617169 0.0126502 -13.4206 0.0618124 0.998061 -0.00729947 -1.42363 -0.0121752 0.0080669 0.999893 -0.164038
0.998453 -0.0539382 0.0135291 -14.852 0.054137 0.998424 -0.0147817 -1.57323 -0.0127105 0.0154913 0.999799 -0.160912
0.999004 -0.0428696 0.0123803 -16.3446 0.0430242 0.998996 -0.0124975 -1.70654 -0.0118321 0.0130177 0.999845 -0.159106
0.999509 -0.0273671 0.0152526 -17.8804 0.0276875 0.999392 -0.0212031 -1.84916 -0.014663 0.021615 0.999659 -0.148302
0.999859 -0.011637 0.0121445 -19.4945 0.0118961 0.999698 -0.0214828 -1.97096 -0.0118908 0.0216243 0.999696 -0.201071
0.999907 0.00658976 0.0119822 -21.1263 -0.00628258 0.999655 -0.0254945 -2.01496 -0.012146 0.0254168 0.999603 -0.213999
0.999571 0.0253156 0.0147391 -22.7617 -0.0248705 0.999251 -0.0296335 -2.07525 -0.0154782 0.0292542 0.999452 -0.222329
0.998962 0.0441459 0.0112633 -24.4438 -0.0438205 0.998657 -0.0276572 -2.05595 -0.0124691 0.0271349 0.999554 -0.237879
0.998021 0.0616716 0.012297 -26.1837 -0.0612947 0.997699 -0.028976 -2.04274 -0.0140557 0.0281649 0.999505 -0.188667
0.997138 0.0746431 0.0120544 -27.9177 -0.0742827 0.996844 -0.0279949 -2.02424 -0.014106 0.0270193 0.999535 -0.24507
0.996411 0.0843168 0.00747081 -29.6951 -0.0840901 0.9961 -0.0267204 -1.94724 -0.00969466 0.0259963 0.999615 -0.265478
0.99593 0.0899858 0.00520087 -31.4877 -0.089883 0.9958 -0.0174296 -1.84531 -0.00674744 0.0168911 0.999835 -0.304675
0.995694 0.0926657 0.00255611 -33.3145 -0.0926307 0.995635 -0.0114669 -1.75303 -0.00360754 0.0111807 0.999931 -0.319898
0.995611 0.0934601 0.00502175 -35.1633 -0.0933909 0.99555 -0.0125933 -1.63424 -0.00617638 0.012069 0.999908 -0.339958
0.995688 0.0921831 0.0103727 -37.0069 -0.0920785 0.9957 -0.010144 -1.56131 -0.0112632 0.00914515 0.999895 -0.364835
0.995818 0.0909728 0.00845767 -38.9025 -0.0908678 0.99579 -0.0120708 -1.48857 -0.00952019 0.0112518 0.999891 -0.388114
0.996051 0.088277 0.00946823 -40.8328 -0.0881721 0.996045 -0.0109797 -1.40715 -0.0104 0.0101015 0.999895 -0.417017
0.996222 0.0861629 0.0108543 -42.7628 -0.0860398 0.996227 -0.0113368 -1.33269 -0.0117901 0.0103601 0.999877 -0.410143
0.99649 0.0831139 0.00998905 -44.7057 -0.0829944 0.99648 -0.0118307 -1.24132 -0.0109372 0.0109601 0.99988 -0.402269
0.996726 0.0802874 0.00955897 -46.684 -0.0801686 0.996706 -0.0122216 -1.18759 -0.0105087 0.0114153 0.99988 -0.409501
0.996898 0.0780265 0.0103474 -48.6898 -0.0778755 0.996861 -0.0142774 -1.1269 -0.011429 0.0134273 0.999845 -0.405429
0.996999 0.0768029 0.00969264 -50.7232 -0.0766494 0.99694 -0.0153121 -1.09317 -0.010839 0.0145232 0.999836 -0.403189
0.997044 0.0760681 0.0107993 -52.7647 -0.0758996 0.996999 -0.0152338 -1.03012 -0.0119257 0.0143691 0.999826 -0.418013
0.99707 0.0753032 0.0134416 -54.8405 -0.0751045 0.997067 -0.014718 -0.959838 -0.0145104 0.0136653 0.999801 -0.431199
0.997096 0.0750842 0.0127041 -56.9128 -0.0749012 0.997088 -0.0143148 -0.910858 -0.013742 0.0133217 0.999817 -0.416815
0.997148 0.0746888 0.0108403 -59.0539 -0.0745266 0.997111 -0.0146629 -0.850329 -0.0119042 0.0138131 0.999834 -0.405721
0.997126 0.0749711 0.0109674 -61.1723 -0.074806 0.997089 -0.0147568 -0.794779 -0.0120418 0.0138939 0.999831 -0.408178
0.997117 0.0749502 0.0118536 -63.3265 -0.0747863 0.997105 -0.0137091 -0.743376 -0.0128468 0.0127831 0.999836 -0.419039
0.997091 0.0750643 0.0132354 -65.4914 -0.0748616 0.997078 -0.0151981 -0.694945 -0.0143375 0.0141631 0.999797 -0.412515
0.997159 0.0746846 0.00976262 -67.6949 -0.0745292 0.9971 -0.0154174 -0.632234 -0.0108857 0.014646 0.999833 -0.419229
0.997169 0.0743191 0.0114461 -69.909 -0.074128 0.997115 -0.0162971 -0.568906 -0.0126243 0.0154024 0.999802 -0.451531
0.99723 0.0735563 0.011024 -72.1667 -0.0733537 0.997148 -0.0177747 -0.50627 -0.0123 0.0169168 0.999781 -0.483386
0.997217 0.0737044 0.0112245 -74.4099 -0.0735259 0.997172 -0.0155571 -0.458901 -0.0123393 0.0146885 0.999816 -0.518186
0.997163 0.0743658 0.0116933 -76.6861 -0.074196 0.997141 -0.0143351 -0.399523 -0.0127259 0.0134269 0.999829 -0.533998
0.996907 0.0756482 0.0212985 -78.9692 -0.0754952 0.997115 -0.00789361 -0.342589 -0.0218342 0.00626126 0.999742 -0.542219
0.99673 0.0786875 0.0183626 -81.2611 -0.0785876 0.996888 -0.00609832 -0.258539 -0.0187853 0.00463531 0.999813 -0.52974
0.996635 0.081962 -0.000587743 -83.6282 -0.0819639 0.996623 -0.00491738 -0.165719 0.000182715 0.00494901 0.999988 -0.519283
0.996257 0.0857811 0.0106898 -85.9348 -0.0857351 0.996307 -0.00468035 -0.0840972 -0.0110518 0.00374634 0.999932 -0.59319
0.995963 0.0888281 0.012904 -88.2839 -0.0887421 0.996029 -0.00709259 -0.00942037 -0.0134828 0.00591884 0.999892 -0.490882
0.995683 0.0916093 0.0149132 -90.6655 -0.0915107 0.995778 -0.00716881 0.0777584 -0.0155069 0.00577315 0.999863 -0.478426
0.995531 0.0931447 0.0155478 -93.0457 -0.093073 0.995645 -0.00527191 0.190898 -0.0159712 0.00380127 0.999865 -0.508506
0.995597 0.0937388 0.000820725 -95.4544 -0.0937227 0.995529 -0.011781 0.264362 -0.0019214 0.0116522 0.99993 -0.517556
0.995569 0.0939296 0.00452041 -97.8457 -0.0938344 0.995425 -0.0179769 0.370785 -0.0061883 0.0174731 0.999828 -0.551946
0.995537 0.093597 0.0121138 -100.269 -0.0933681 0.995464 -0.0182597 0.477768 -0.0137679 0.0170471 0.99976 -0.566685
0.995622 0.0930792 0.00858126 -102.763 -0.0929523 0.99557 -0.0141601 0.599181 -0.00986127 0.0133005 0.999863 -0.699467
0.995577 0.0933407 0.0106503 -105.204 -0.0931771 0.995537 -0.0149409 0.686307 -0.0119974 0.0138825 0.999832 -0.721927
0.995533 0.0940365 0.0084409 -107.683 -0.0939029 0.995468 -0.0150322 0.801188 -0.00981623 0.0141724 0.999851 -0.736937
0.995525 0.094484 0.00184263 -110.178 -0.094442 0.995398 -0.0162327 0.900121 -0.00336788 0.015986 0.999867 -0.757405
0.995558 0.0933152 0.0125116 -112.653 -0.0931325 0.995548 -0.0144673 1.03939 -0.013806 0.0132378 0.999817 -0.792702
0.995677 0.0921767 0.0114561 -115.162 -0.0919942 0.995638 -0.0155444 1.13406 -0.012839 0.0144233 0.999814 -0.796239
0.995885 0.0901814 0.00900754 -117.695 -0.0899479 0.995666 -0.0236324 1.20384 -0.0110997 0.0227249 0.99968 -0.805376
0.996186 0.0870945 0.00520679 -120.232 -0.0868862 0.995708 -0.0318625 1.29921 -0.00795951 0.0312886 0.999479 -0.845046
0.996532 0.0827656 0.00858517 -122.789 -0.0824522 0.99608 -0.0320275 1.3855 -0.0112023 0.0312086 0.99945 -0.89008
0.996698 0.0804966 0.0107015 -125.331 -0.0801507 0.996344 -0.0295544 1.4932 -0.0130414 0.028599 0.999506 -0.887527
0.996623 0.0812053 0.0121538 -127.892 -0.0810781 0.996651 -0.0106168 1.60935 -0.0129752 0.00959559 0.99987 -0.924107
0.996512 0.0829436 0.00923978 -130.472 -0.0829022 0.996546 -0.00477119 1.71597 -0.00960362 0.00398855 0.999946 -0.952472
0.996291 0.0850721 0.0129153 -133.065 -0.0850158 0.996368 -0.0048524 1.8162 -0.0132812 0.0037364 0.999905 -0.964637
0.996213 0.0868669 0.00369892 -135.684 -0.0868512 0.996212 -0.00421969 1.89293 -0.00405147 0.00388245 0.999984 -1.00059
0.996185 0.0872411 0.00206093 -138.332 -0.087235 0.996184 -0.00286892 2.04094 -0.00230336 0.00267819 0.999994 -1.05033
0.996137 0.0870833 0.0113082 -140.946 -0.0870495 0.996198 -0.0034483 2.13085 -0.0115655 0.0024506 0.99993 -1.06022
0.996158 0.0868024 0.0116499 -143.58 -0.0867742 0.996224 -0.00290072 2.23555 -0.0118577 0.00187866 0.999928 -1.08056
0.996265 0.0854861 0.0121994 -146.209 -0.0854731 0.996339 -0.00158982 2.32072 -0.0122907 0.00054116 0.999924 -1.08184
0.996411 0.0838836 0.0113476 -148.853 -0.0838813 0.996475 -0.000684494 2.44053 -0.011365 -0.000269812 0.999936 -1.11116
0.996425 0.0835777 0.0123486 -151.517 -0.0835742 0.996501 -0.000800948 2.52713 -0.0123724 -0.000233942 0.999924 -1.13368
0.996456 0.0828942 0.0142838 -154.172 -0.0828858 0.996558 -0.00118245 2.61565 -0.0143326 -5.6673e-06 0.999897 -1.12059
0.996506 0.0826554 0.0120291 -156.862 -0.0826485 0.996578 -0.00106341 2.70419 -0.0120759 6.55005e-05 0.999927 -1.13223
0.9965 0.0823671 0.014297 -159.537 -0.0823837 0.9966 0.000580834 2.79351 -0.0142005 -0.00175664 0.999898 -1.1309
0.996528 0.0824099 0.0118328 -162.205 -0.0824293 0.996596 0.0011606 2.89491 -0.0116969 -0.00213194 0.999929 -1.13417
0.996532 0.0820458 0.0138683 -164.891 -0.0820813 0.996624 0.00201073 2.97021 -0.0136565 -0.00314209 0.999902 -1.16487
0.996508 0.0818393 0.0165597 -167.585 -0.0818959 0.996637 0.00276565 3.06714 -0.0162776 -0.00411216 0.999859 -1.16307
0.996581 0.0815097 0.0135296 -170.279 -0.0815484 0.996667 0.00233112 3.14325 -0.0132945 -0.00342647 0.999906 -1.16374
0.99665 0.0805225 0.0143569 -172.982 -0.0805411 0.996751 0.000728592 3.23822 -0.0142516 -0.00188247 0.999897 -1.15437
0.996805 0.0788404 0.012785 -175.744 -0.0788382 0.996887 -0.000669943 3.29273 -0.012798 -0.000340143 0.999918 -1.14461
0.99686 0.0779012 0.0141771 -178.459 -0.0778741 0.99696 -0.00245199 3.35691 -0.014325 0.00134026 0.999896 -1.14548
0.996849 0.0785068 0.0114008 -181.175 -0.0784917 0.996913 -0.00176504 3.43508 -0.0115042 0.000864605 0.999933 -1.16554
0.996745 0.079701 0.0121072 -183.908 -0.0797123 0.996818 0.000450344 3.51032 -0.0120328 -0.00141397 0.999927 -1.19144
0.99668 0.0803354 0.0132556 -186.633 -0.0803391 0.996768 -0.000251451 3.58871 -0.0132329 -0.000814328 0.999912 -1.24893
0.996641 0.0808441 0.0130894 -189.343 -0.0808557 0.996726 0.000365313 3.6994 -0.013017 -0.00142244 0.999914 -1.24169
0.99661 0.0818668 0.00818145 -192.067 -0.0818806 0.996641 0.00136725 3.79629 -0.00804205 -0.00203252 0.999966 -1.26812
0.996545 0.0821467 0.0122442 -194.764 -0.0821693 0.996617 0.00135266 3.89388 -0.0120917 -0.00235409 0.999924 -1.2617
0.996511 0.0822162 0.0143872 -197.493 -0.0822388 0.996612 0.000988404 3.98921 -0.0142572 -0.00216814 0.999896 -1.30968
0.99655 0.0819743 0.0129576 -200.243 -0.0820087 0.996629 0.0021402 4.09059 -0.0127385 -0.00319545 0.999914 -1.32629
0.996584 0.0817914 0.0114517 -202.968 -0.0818343 0.99664 0.00333415 4.17953 -0.0111405 -0.0042599 0.999929 -1.34539
0.996613 0.081418 0.0115373 -205.684 -0.0814731 0.996666 0.00439262 4.27602 -0.0111412 -0.00531773 0.999924 -1.36407
0.996623 0.0808754 0.014195 -208.385 -0.0809526 0.996706 0.00495712 4.33963 -0.0137474 -0.00608951 0.999887 -1.35647
0.996645 0.0809561 0.0120255 -211.081 -0.0809848 0.996714 0.0019241 4.44681 -0.0118302 -0.00289153 0.999926 -1.33687
0.996807 0.0793897 0.0085249 -213.805 -0.0793964 0.996843 0.000455061 4.53185 -0.00846187 -0.00113046 0.999964 -1.35615
0.996851 0.0790436 0.00644422 -216.488 -0.0790417 0.996871 -0.000556491 4.60883 -0.00646805 4.53753e-05 0.999979 -1.36147
0.996835 0.0787489 0.0109567 -219.158 -0.078744 0.996895 -0.000868741 4.67159 -0.0109911 3.214e-06 0.99994 -1.41466
0.996827 0.0788 0.0113097 -221.805 -0.0787813 0.99689 -0.00208091 4.75941 -0.0114385 0.00118331 0.999934 -1.39253
0.99685 0.0782218 0.013149 -224.43 -0.0781888 0.996934 -0.00299933 4.83872 -0.0133433 0.00196177 0.999909 -1.43526
0.99698 0.0772375 0.0081495 -227.058 -0.0771924 0.997 -0.0057071 4.91999 -0.00856587 0.00506078 0.999951 -1.42692
0.996937 0.0767469 0.0150682 -229.663 -0.0766552 0.997036 -0.00656865 4.98168 -0.0155277 0.00539347 0.999865 -1.43533
0.996938 0.0759408 0.018634 -230.979 -0.0757712 0.997079 -0.0096412 5.02612 -0.0193117 0.00819976 0.99978 -1.44665
