1 0 0 0 0 1 0 0 0 0 1 0
0.806243 0.590712 -0.0321306 -7.04459 0.585942 -0.804857 -0.0942168 -6.08679 -0.0815155 0.0571349 -0.995033 -0.616147
0.999691 0.0211704 -0.013025 -16.7784 -0.0183425 0.981955 0.188224 -4.28929 0.0167747 -0.187927 0.98204 0.0691006
0.820607 0.571491 0.00107258 -23.7434 0.552201 -0.792422 -0.259117 -11.9978 -0.147233 0.213225 -0.965845 0.939652
0.996597 0.0367708 -0.0737741 -34.1758 -0.0129736 0.953806 0.300143 -8.42584 0.0814026 -0.298165 0.951037 0.0662681
0.726083 0.676914 0.120797 -39.5408 0.667367 -0.651439 -0.360901 -17.9087 -0.165606 0.34266 -0.924748 2.30374
0.993652 0.048329 -0.101591 -49.804 -0.0068627 0.927383 0.374052 -14.6523 0.112291 -0.37098 0.921827 0.63536
0.827349 0.547202 0.126743 -56.0598 0.556246 -0.766867 -0.320164 -22.9185 -0.0779997 0.335388 -0.938846 2.37991
0.999559 0.00738485 -0.0287797 -66.2152 0.000645826 0.962991 0.269532 -19.0435 0.0297051 -0.269432 0.962561 1.19491
0.885312 0.464502 0.0214588 -73.0142 0.460626 -0.869742 -0.177126 -28.4229 -0.0636116 0.166696 -0.983954 2.28079
0.988582 -0.140023 0.0556663 -85.0173 0.131918 0.982785 0.129349 -23.9956 -0.0728198 -0.120529 0.990035 2.92814
0.93103 0.364937 0.00194819 -93.4006 0.364647 -0.930048 -0.0452106 -34.059 -0.0146871 0.0428028 -0.998976 2.88071
0.994124 -0.102015 0.0361945 -105.212 0.0996437 0.993078 0.0621941 -28.6656 -0.0422886 -0.0582221 0.997408 3.29726
0.917162 0.398148 -0.0170946 -113.265 0.397948 -0.917301 -0.0139908 -39.5581 -0.0212513 0.00602908 -0.999756 2.94099
0.98355 -0.155563 0.091813 -126.4 0.159505 0.986494 -0.0372449 -34.5936 -0.0847791 0.0512769 0.99508 4.68502
0.913447 0.377147 -0.152886 -134.975 0.388341 -0.920138 0.0503778 -45.9746 -0.121676 -0.105389 -0.986959 4.93637
0.983349 -0.160355 0.0855099 -147.982 0.167217 0.982651 -0.0802183 -41.1285 -0.071163 0.0931813 0.993103 7.35243
0.899331 0.415291 -0.136888 -155.622 0.423618 -0.905074 0.0372841 -52.1641 -0.10841 -0.0915188 -0.989885 6.86899
0.987209 -0.120907 0.103921 -168.048 0.124012 0.991992 -0.023932 -46.7873 -0.100195 0.0365134 0.994298 9.14962
0.884289 0.439363 -0.158096 -175.348 0.433812 -0.898285 -0.0699404 -58.5779 -0.172744 -0.00673633 -0.984944 10.6719
0.993636 -0.0136973 0.111803 -186.916 0.00125482 0.993863 0.110609 -50.9539 -0.112632 -0.109764 0.987555 12.2533
0.880629 0.45509 -0.131854 -193.63 0.431094 -0.885062 -0.175565 -63.3947 -0.196597 0.097766 -0.975598 14.3929
0.990436 -0.0109012 0.13754 -205.355 -0.0111788 0.987256 0.158747 -54.588 -0.137518 -0.158767 0.977692 15.4002
0.895114 0.424478 -0.136345 -212.048 0.392031 -0.89502 -0.212724 -67.2314 -0.212328 0.136961 -0.967553 18.4241
0.986913 0.0299924 0.158441 -223.023 -0.0680376 0.968259 0.240511 -58.3554 -0.146198 -0.248143 0.957628 18.4365
0.905983 0.394205 -0.154261 -230.117 0.348527 -0.901459 -0.256711 -70.2097 -0.240257 0.178812 -0.954098 22.3923
0.988726 0.0500704 0.141116 -241.298 -0.0843726 0.964873 0.248802 -60.9427 -0.123701 -0.257903 0.958219 21.9007
0.902468 0.415953 -0.111961 -248.469 0.372027 -0.883653 -0.28417 -72.7552 -0.217136 0.214802 -0.952214 26.0983
0.986246 0.0413796 0.160023 -259.872 -0.106777 0.898524 0.425739 -63.8904 -0.126167 -0.43697 0.890583 24.3033
0.862511 0.46528 -0.19897 -266.365 0.367898 -0.846527 -0.384764 -75.5864 -0.347456 0.258662 -0.901315 30.3041
0.987051 -0.0162924 0.159579 -278.38 -0.0609966 0.881977 0.467329 -67.4782 -0.148359 -0.471011 0.869562 28.488
0.84276 0.493859 -0.214145 -284.639 0.362945 -0.815129 -0.451482 -78.3193 -0.397524 0.302768 -0.866202 35.3131
0.984972 -0.00891775 0.172482 -296.559 -0.0694864 0.893815 0.44302 -69.5894 -0.158117 -0.448348 0.879763 33.8253
0.830138 0.535807 -0.154213 -302.245 0.416887 -0.780146 -0.466453 -81.5494 -0.370237 0.322931 -0.871 40.616
0.983156 -0.00178587 0.182761 -314.198 -0.0906355 0.863575 0.496008 -72.5346 -0.158714 -0.504217 0.848867 38.6287
0.827293 0.539007 -0.158296 -319.522 0.41207 -0.773763 -0.481134 -85.1557 -0.381818 0.33281 -0.862237 45.9123
0.9808 -0.0112361 0.194695 -331.794 -0.089651 0.86062 0.501294 -75.3889 -0.173191 -0.509124 0.843088 43.7998
0.790746 0.56755 -0.229365 -336.687 0.377127 -0.746809 -0.54777 -87.4108 -0.482178 0.346647 -0.804574 52.6555
0.967132 -0.122244 0.222962 -349.056 -0.0320613 0.811231 0.583847 -79.1938 -0.252246 -0.571805 0.780648 50.9279
0.762069 0.613293 -0.20766 -352.294 0.383345 -0.685809 -0.618639 -90.6459 -0.521822 0.39184 -0.757736 60.4337
0.945406 -0.21652 0.243572 -365.601 0.0339224 0.808711 0.587227 -83.0946 -0.324126 -0.546905 0.771905 59.6536
0.741508 0.645535 -0.182894 -368.728 0.4481 -0.679359 -0.581101 -96.0044 -0.499371 0.348936 -0.793015 68.4983
0.935692 -0.224036 0.272561 -382.446 0.0121019 0.792448 0.60982 -87.2746 -0.352612 -0.567305 0.744198 68.115
0.789696 0.600916 -0.123615 -386.623 0.466318 -0.718867 -0.515537 -101.117 -0.398657 0.349473 -0.847904 75.7022
0.926271 -0.19343 0.32343 -400.404 -0.0254452 0.824169 0.565773 -91.6136 -0.375998 -0.532289 0.758482 75.7008
0.832305 0.49977 -0.239787 -406.001 0.317195 -0.784157 -0.533372 -104.18 -0.454594 0.367869 -0.811183 84.3952
0.928072 -0.184724 0.323357 -419.853 -0.0304549 0.827747 0.560275 -94.6558 -0.371153 -0.529823 0.762583 84.3031
0.827881 0.497806 -0.258463 -425.597 0.309613 -0.789809 -0.529474 -107.722 -0.467711 0.358317 -0.807994 93.7127
0.921945 -0.157939 0.353656 -439.425 -0.0484496 0.858885 0.509872 -96.9464 -0.384278 -0.487208 0.784193 94.0807
0.836625 0.462072 -0.294192 -445.376 0.293109 -0.831338 -0.472191 -111.148 -0.462759 0.308816 -0.830956 103.134
0.916531 -0.12914 0.378542 -459.105 -0.0533025 0.89856 0.435601 -99.2919 -0.396396 -0.419419 0.816675 104.251
0.843485 0.387705 -0.371777 -466.403 0.247537 -0.894811 -0.371536 -113.518 -0.476716 0.221357 -0.850731 112.87
0.902168 -0.227229 0.366689 -480.856 0.0587608 0.906833 0.417375 -103.356 -0.427365 -0.354995 0.831468 115.129
0.810784 0.45737 -0.365298 -486.793 0.265556 -0.843565 -0.466775 -116.197 -0.521641 0.281447 -0.805406 124.55
0.913796 -0.240591 0.327251 -501.2 0.0436856 0.859235 0.509714 -107.401 -0.403818 -0.451478 0.795676 125.661
0.802138 0.509115 -0.312052 -506.683 0.275397 -0.779093 -0.56318 -119.418 -0.52984 0.36581 -0.765149 136.019
0.911749 -0.268881 0.31051 -521.352 0.0069771 0.765993 0.642811 -110.882 -0.410687 -0.583916 0.70027 135.643
0.797729 0.534077 -0.279982 -526.063 0.229618 -0.698359 -0.677917 -121.842 -0.557588 0.476505 -0.679735 147.835
0.918213 -0.289292 0.270547 -541.334 0.010169 0.700041 0.71403 -113.95 -0.395957 -0.65288 0.645729 145.588
0.821717 0.544966 -0.166711 -545.439 0.267573 -0.627212 -0.731444 -124.56 -0.503175 0.556433 -0.66121 158.414
0.938485 -0.250682 0.237497 -561.153 -0.0101758 0.667385 0.744644 -116.546 -0.34517 -0.701254 0.62378 154.664
0.831442 0.543928 -0.113345 -565.926 0.298847 -0.609782 -0.734069 -127.954 -0.468396 0.576463 -0.669549 168.405
0.931987 -0.30043 0.202837 -582.466 0.0517014 0.66401 0.745934 -120.617 -0.358786 -0.684714 0.634381 164.7
0.824006 0.556985 -0.103831 -587.226 0.349594 -0.644037 -0.680441 -133.083 -0.445867 0.524389 -0.72541 177.465
0.92205 -0.324545 0.210938 -603.529 0.106835 0.737174 0.667204 -125.839 -0.372036 -0.59266 0.714384 175.08
0.848807 0.513944 -0.12405 -608.297 0.329102 -0.69724 -0.636827 -138.277 -0.413786 0.499718 -0.760962 186.888
0.933384 -0.293876 0.20599 -624.255 0.094347 0.754724 0.649223 -130.517 -0.346257 -0.58654 0.732174 183.84
0.869976 0.480202 -0.112018 -629.861 0.342285 -0.751636 -0.563812 -143.994 -0.35494 0.452161 -0.818272 193.768
0.935936 -0.254099 0.243841 -645.078 0.0894165 0.841162 0.53334 -134.552 -0.340631 -0.477368 0.809994 192.9
0.863 0.49127 -0.117837 -650.235 0.386781 -0.792536 -0.471473 -149.749 -0.32501 0.361304 -0.873973 200.826
0.964968 -0.233235 0.120164 -665.353 0.153921 0.874144 0.460631 -140.142 -0.212475 -0.425998 0.879421 199.021
0.862078 0.498369 -0.0919188 -670.359 0.427983 -0.813101 -0.394586 -156.653 -0.271388 0.300824 -0.91425 205.642
0.947149 -0.292805 0.131048 -686.653 0.234763 0.911068 0.338883 -146.974 -0.21862 -0.290207 0.931657 205.464
0.918157 0.346741 -0.191724 -694.565 0.2821 -0.911868 -0.298189 -163.229 -0.278222 0.219699 -0.935054 211.257
0.945222 -0.274972 0.175912 -710.705 0.233144 0.945872 0.225769 -153.639 -0.22847 -0.172389 0.958167 212.756
0.916228 0.332189 -0.224001 -718.773 0.296804 -0.938303 -0.17747 -170.088 -0.269134 0.0961188 -0.958295 217.037
0.943806 -0.256171 0.208823 -734.768 0.224348 0.960548 0.164366 -160.839 -0.242691 -0.108281 0.964042 219.523
0.916935 0.328875 -0.22599 -743.449 0.310107 -0.943708 -0.11511 -176.536 -0.251125 0.0354671 -0.967305 222.91
0.964126 -0.189947 0.185423 -758.928 0.193027 0.981193 0.00146686 -167.407 -0.182214 0.0343773 0.982658 226.243
0.950995 0.23603 -0.199746 -769.317 0.243663 -0.969757 0.0141703 -182.027 -0.19036 -0.0621464 -0.979746 228.113
0.961927 -0.185883 0.200359 -784.885 0.19294 0.981079 -0.0161168 -173.389 -0.193572 0.0541605 0.97959 231.435
0.951147 0.224142 -0.21232 -795.227 0.232942 -0.972342 0.017048 -187.569 -0.202626 -0.0656733 -0.977052 233.613
0.951054 -0.196255 0.238707 -810.656 0.204987 0.978691 -0.0120715 -179.143 -0.231251 0.0604125 0.971017 237.493
0.950515 0.243137 -0.193405 -821.047 0.247549 -0.968875 -0.00139442 -193.705 -0.187724 -0.0465518 -0.981118 239.49
0.955828 -0.208949 0.20672 -836.504 0.211156 0.977384 0.0115801 -185.664 -0.204464 0.0325815 0.978332 242.651
0.954669 0.259771 -0.145348 -846.579 0.263557 -0.964618 0.00708363 -200.013 -0.138365 -0.0450698 -0.989356 243.971
0.962303 -0.191689 0.192945 -862.071 0.19734 0.980281 -0.0103267 -191.76 -0.187161 0.0480131 0.981156 246.744
0.975206 0.187315 -0.117845 -873.401 0.194479 -0.979503 0.0524614 -205.012 -0.105602 -0.074079 -0.991646 247.865
0.959905 -0.241321 0.142644 -889.432 0.253646 0.964353 -0.0754154 -198.568 -0.119359 0.108573 0.986897 250.468
0.993773 0.0533979 -0.0977921 -902.8 0.0607394 -0.995429 0.0737016 -209.59 -0.0934094 -0.0791825 -0.992474 251.112
0.960822 -0.250286 0.119072 -918.661 0.258601 0.964108 -0.0601886 -203.86 -0.0997339 0.0886226 0.99106 253.274
0.991231 0.119339 -0.0567438 -931.011 0.122523 -0.990862 0.0564024 -214.222 -0.049494 -0.0628602 -0.996795 253.56
0.948324 -0.309931 0.0680041 -946.506 0.312904 0.949011 -0.038336 -209.671 -0.0526549 0.0576337 0.996948 254.591
0.993548 0.111811 -0.01901 -958.472 0.111726 -0.993724 -0.00551597 -219.703 -0.0195072 0.00335651 -0.999804 255.216
0.92959 -0.360633 0.0762068 -973.449 0.360097 0.932676 0.0211436 -216.622 -0.0787011 0.00778687 0.996868 256.148
0.998195 0.0512777 -0.0312595 -985.57 0.0515805 -0.998629 0.00896513 -225.623 -0.0307567 -0.0105613 -0.999471 256.473
0.947114 -0.318701 0.0374868 -1000.91 0.319107 0.947704 -0.00526747 -221.486 -0.0338474 0.0169511 0.999283 257.043
0.997887 0.0264093 -0.0593696 -1013.61 0.0280625 -0.999237 0.02719 -230.248 -0.058606 -0.0287986 -0.997866 257.696
0.920233 -0.387916 0.0518925 -1029.52 0.390402 0.919175 -0.0520082 -227.54 -0.0275232 0.0681185 0.997298 258.691
0.999648 -0.0253172 -0.00799087 -1043.25 -0.024922 -0.998621 0.0462184 -236.032 -0.00914976 -0.046003 -0.9989 258.502
0.905644 -0.420327 0.0559861 -1058.87 0.421 0.907061 -0.000251989 -233.932 -0.0506767 0.0237983 0.998432 259.399
0.997032 -0.0262362 -0.07238 -1072.28 -0.0272446 -0.999545 -0.0129774 -242.167 -0.0720064 0.0149108 -0.997293 260.498
0.862234 -0.497031 0.0975379 -1087.64 0.490491 0.867384 0.0840481 -241.287 -0.126377 -0.0246277 0.991677 261.918
0.997431 -0.0498747 -0.051421 -1100.57 -0.0530288 -0.996672 -0.0619142 -249.053 -0.0481617 0.0644819 -0.996756 263.007
0.840791 -0.529592 0.112265 -1115.31 0.525744 0.848237 0.0639399 -248.612 -0.129089 0.0052622 0.991619 264.75
0.989742 -0.123257 -0.0722438 -1128.11 -0.125291 -0.991822 -0.024314 -255.365 -0.0686559 0.033116 -0.997091 265.595
0.806391 -0.583977 0.0933011 -1142.17 0.588081 0.808494 -0.0223107 -255.397 -0.0624043 0.0728596 0.995388 266.963
0.996624 -0.0704391 -0.0421719 -1153.99 -0.0672936 -0.995142 0.0718616 -262.572 -0.0470286 -0.0687811 -0.996523 266.927
0.804294 -0.587727 0.0876835 -1168.32 0.593458 0.801982 -0.0680703 -262.812 -0.0303137 0.106785 0.99382 268.244
0.997907 -0.0617879 -0.0190861 -1180.14 -0.0603248 -0.995754 0.0695354 -270.471 -0.0233013 -0.0682385 -0.997397 267.958
0.780057 -0.621415 0.0731832 -1193.78 0.625689 0.775621 -0.0832239 -271.206 -0.00504568 0.110709 0.99384 268.873
0.99478 -0.0941304 -0.0393897 -1205.58 -0.0888766 -0.988941 0.118733 -277.426 -0.0501303 -0.114613 -0.992145 268.666
0.752409 -0.654412 0.0750033 -1218.4 0.658525 0.749919 -0.062991 -279.77 -0.0150242 0.0967864 0.995192 269.702
0.996731 0.00206171 -0.0807697 -1229.87 0.00450954 -0.999536 0.0301369 -286.434 -0.0806699 -0.0304026 -0.996277 269.954
0.624714 -0.778152 0.0648962 -1242.07 0.780346 0.625145 -0.015963 -290.904 -0.0281477 0.0606136 0.997765 271.296
0.996128 -0.045261 -0.075372 -1254.01 -0.0468409 -0.998716 -0.0193231 -296.666 -0.0744004 0.0227788 -0.996968 271.435
0.569589 -0.819107 0.0680593 -1265.79 0.821199 0.57062 -0.00510823 -303.282 -0.0346517 0.0587996 0.997668 273.148
0.993875 -0.0344848 -0.104988 -1278.06 -0.0337124 -0.99939 0.00912506 -308.932 -0.105239 -0.00552978 -0.994432 273.333
0.604066 -0.790439 0.101543 -1290.61 0.796108 0.604323 -0.0317302 -314.49 -0.036284 0.100006 0.994325 275.622
0.995233 0.0531088 -0.081796 -1302.51 0.0573539 -0.997078 0.0504543 -321.987 -0.0788772 -0.054905 -0.995371 274.934
0.662734 -0.747508 0.0448862 -1316.2 0.748254 0.658611 -0.0796784 -326.547 0.0299979 0.0863918 0.99581 276.122
0.996248 0.0191405 -0.0844031 -1327.89 0.0271931 -0.995076 0.0953152 -334.3 -0.0821629 -0.0972527 -0.991863 275.814
0.72109 -0.681455 0.125092 -1341.47 0.691992 0.717311 -0.0813205 -337.02 -0.0343132 0.145202 0.988807 277.912
0.994363 -0.0180771 -0.104472 -1352.95 -0.00322012 -0.990052 0.140665 -344.579 -0.105975 -0.139536 -0.98453 277.325
0.725721 -0.678798 0.112079 -1366.53 0.687874 0.712934 -0.136213 -347.088 0.0125567 0.175949 0.984319 279.795
0.996413 -0.0155225 -0.0831863 -1378.46 -0.00600463 -0.993524 0.113469 -354.417 -0.0844086 -0.112562 -0.990053 279.212
