1 0 0 0 0 1 0 0 0 0 1 0
-0.945974 -0.322829 -0.0302357 0.870306 0.323065 -0.946371 -0.00314781 0.18534 -0.027598 -0.0127459 0.999538 0.197041
0.756214 0.636677 0.15094 -0.00964963 -0.649134 0.75898 0.0507414 0.37822 -0.0822542 -0.136351 0.98724 0.54067
-0.684069 -0.716376 0.137314 0.174989 0.727942 -0.682446 0.0660864 -0.367339 0.0463665 0.145164 0.988321 0.492047
0.584925 0.785001 0.204051 0.0512029 -0.810309 0.554551 0.189401 0.382219 0.0355235 -0.276129 0.960464 0.298396
-0.443866 -0.866283 0.22921 0.330761 0.896038 -0.4319 0.102849 -0.113491 0.00989976 0.251032 0.967928 0.285364
0.303654 0.93072 0.203848 -0.611289 -0.952101 0.288322 0.101851 0.191797 0.0360215 -0.225011 0.97369 0.356044
-0.194003 -0.947978 0.252388 0.866612 0.980434 -0.17862 0.0827284 0.0418015 -0.0333433 0.263499 0.964083 -0.202689
0.0899439 0.967281 0.237231 -0.434911 -0.995927 0.0858532 0.0275405 0.528583 0.00627242 -0.238742 0.971063 -0.184884
-0.109357 -0.970827 0.213391 0.42083 0.989305 -0.0854573 0.118204 -0.118625 -0.0965203 0.224035 0.96979 -0.318454
0.166133 0.960016 0.225321 -0.850624 -0.98567 0.154892 0.0668088 0.450453 0.029237 -0.233192 0.971991 -0.381926
-0.231096 -0.937576 0.259897 0.74651 0.972566 -0.229927 0.0353316 0.268188 0.0266312 0.260932 0.96499 -0.602968
0.234904 0.9194 0.315474 -0.500655 -0.960544 0.269287 -0.0695654 0.734247 -0.148911 -0.286686 0.946381 0.559301
-0.249514 -0.911669 0.326501 1.19884 0.962585 -0.270304 -0.0191407 -0.267284 0.105704 0.309509 0.945003 -0.0277339
0.269143 0.924616 0.269533 -0.983046 -0.959624 0.281212 -0.00644773 -0.00534043 -0.0817576 -0.256915 0.96297 0.566685
-0.162148 -0.937887 0.306718 1.25325 0.98616 -0.16492 0.0170448 -0.179249 0.0345979 0.305237 0.951648 -0.348907
-0.00227183 0.978442 0.206508 -1.52934 -0.998504 -0.0135002 0.0529799 0.0106517 0.0546257 -0.206079 0.977009 -0.067245
0.202107 -0.951182 0.233249 0.76279 0.97778 0.209511 0.00714991 -0.933018 -0.0556693 0.226621 0.972391 -0.621334
-0.401915 0.893071 0.20221 -0.99441 -0.910589 -0.413061 0.0144083 0.892828 0.096393 -0.17834 0.979236 -0.0820566
0.551067 -0.809807 0.201338 -0.158368 0.827288 0.561756 -0.00485315 -1.0546 -0.109173 0.169239 0.97951 -0.237444
-0.56065 0.805414 0.192299 0.0113909 -0.825328 -0.562353 -0.0509259 0.55587 0.0671233 -0.187261 0.980014 -0.298527
0.570991 -0.803549 0.168163 -0.382014 0.819125 0.571312 -0.0513523 -1.12396 -0.0548094 0.167068 0.984421 -0.369468
-0.569752 0.796704 0.201609 0.638775 -0.819683 -0.568575 -0.0695902 0.470248 0.0591872 -0.204905 0.976991 -0.53796
0.470483 -0.853719 0.223183 0.122713 0.879641 0.473776 -0.0420498 -2.07237 -0.06984 0.216104 0.973869 -0.64238
-0.361441 0.911227 0.197549 0.323133 -0.931059 -0.364067 -0.0241758 0.795795 0.0498914 -0.192668 0.979995 -0.666728
0.163485 -0.962312 0.217322 0.757733 0.986507 0.161417 -0.0273594 -2.29613 -0.00875137 0.218863 0.975716 -0.776022
-0.0492364 0.969983 0.238138 -0.53548 -0.998546 -0.0425634 -0.0330856 1.25456 -0.0219564 -0.239421 0.970668 -0.462793
0.006149 -0.970217 0.242158 1.34216 0.999502 -0.00153177 -0.0315169 -2.41648 0.0309491 0.242231 0.969725 -0.981446
-0.00929659 0.965053 0.261889 -0.76461 -0.998626 0.00454874 -0.0522112 1.65472 -0.0515778 -0.262015 0.963684 -0.21246
0.00438468 -0.967495 0.252854 1.38107 0.999409 -0.00437725 -0.0340791 -3.22589 0.0340781 0.252854 0.966904 -0.960852
-0.0183107 0.964392 0.263841 -0.769904 -0.99746 0.000547972 -0.0712272 2.30711 -0.0688355 -0.264475 0.961933 -0.0668866
0.014478 -0.967826 0.251203 1.378 0.999291 0.00527107 -0.0372856 -3.76484 0.0347618 0.251565 0.967216 -0.965885
-0.026376 0.965378 0.259518 -0.764825 -0.997665 -0.00906025 -0.0676943 2.78238 -0.0629993 -0.260697 0.963363 -0.0542381
0.0265456 -0.968485 0.247654 1.39845 0.998544 0.0140533 -0.0520744 -4.20333 0.0469529 0.248676 0.967448 -1.01091
-0.0341331 0.965523 0.258072 -0.744221 -0.997195 -0.015692 -0.0731821 3.15761 -0.0666092 -0.259847 0.96335 0.0534555
0.0316396 -0.968791 0.24585 1.38894 0.998071 0.0174778 -0.0595735 -4.51545 0.0534173 0.247261 0.967475 -1.04714
-0.0388868 0.966538 0.253561 -0.737587 -0.995989 -0.0170269 -0.0878434 3.36855 -0.0805866 -0.25596 0.963323 0.089807
0.0328422 -0.969581 0.242558 1.38588 0.997882 0.0181765 -0.0624551 -4.62062 0.0561464 0.244096 0.968124 -1.07206
-0.03754 0.965307 0.258406 -0.743847 -0.996604 -0.0172029 -0.0805184 3.36657 -0.0732796 -0.260551 0.962675 0.0726358
0.0301911 -0.967313 0.251784 1.41784 0.998508 0.0177224 -0.0516433 -4.60688 0.045493 0.252968 0.966405 -1.0164
-0.0371282 0.964862 0.260122 -0.741304 -0.996782 -0.0172536 -0.0782764 3.4077 -0.0710378 -0.262191 0.962398 0.146992
0.0305356 -0.967188 0.252221 1.42482 0.998425 0.0176346 -0.0532529 -4.62262 0.0470577 0.25345 0.966203 -0.945375
-0.0777625 0.964283 0.253204 -0.386996 -0.995584 -0.0617125 -0.0707366 3.90125 -0.0525842 -0.257586 0.964823 -0.00441593
0.112206 -0.961952 0.249114 1.03586 0.993639 0.106218 -0.037396 -4.6952 0.0095129 0.251725 0.967752 -0.876789
-0.16301 0.954615 0.249274 -0.039536 -0.986176 -0.150038 -0.0703187 3.96311 -0.0297268 -0.257291 0.965877 -0.116304
0.197076 -0.948058 0.249694 0.661998 0.980291 0.194148 -0.036557 -4.74507 -0.0138193 0.251977 0.967635 -0.783634
-0.241612 0.937006 0.252275 0.279426 -0.970283 -0.236824 -0.0496558 4.01215 0.013217 -0.256776 0.966381 -0.396487
0.279864 -0.926796 0.250452 0.234224 0.959336 0.279958 -0.0360161 -4.76095 -0.0367364 0.250347 0.967459 -0.880396
-0.287057 0.925807 0.245928 0.582189 -0.957868 -0.279918 -0.0642968 4.95503 0.00931332 -0.254024 0.967153 -0.395881
0.280487 -0.921893 0.267282 0.220718 0.959409 0.277783 -0.0486951 -4.82508 -0.0293547 0.270091 0.962387 -0.891123
-0.296032 0.921304 0.252121 0.61279 -0.954876 -0.278803 -0.102377 5.24037 -0.0240283 -0.271051 0.962265 -0.0872916
0.286271 -0.920657 0.265404 0.103101 0.958025 0.279486 -0.063841 -4.7513 -0.0154013 0.27254 0.962021 -0.801397
-0.291533 0.921263 0.257455 0.668765 -0.956448 -0.276616 -0.0932176 5.57102 -0.0146617 -0.273418 0.961784 -0.121631
0.272554 -0.925487 0.263035 -0.00218415 0.961852 0.26878 -0.0509585 -5.21992 -0.0235372 0.26689 0.96344 -0.766335
-0.273114 0.92617 0.260034 0.800673 -0.961663 -0.255902 -0.0985846 6.25089 -0.0247631 -0.27699 0.960554 -0.0861225
0.302058 -0.91859 0.25486 -0.389485 0.953286 0.290293 -0.083523 -5.19079 0.00273931 0.268183 0.963364 -1.01662
-0.304127 0.917407 0.256653 0.996577 -0.951622 -0.280173 -0.126168 6.85711 -0.0438405 -0.282608 0.958233 -0.075211
0.228378 -0.943837 0.23878 0.0573477 0.972756 0.211173 -0.0956674 -5.26918 0.0398706 0.254123 0.96635 -1.22215
-0.144762 0.943585 0.29781 0.458103 -0.976569 -0.0878115 -0.196474 6.82619 -0.159239 -0.319274 0.934188 1.00375
0.087892 -0.960704 0.263291 0.573864 0.983353 0.0414817 -0.176904 -5.07698 0.159031 0.274457 0.948358 -1.47077
-0.0315289 0.950356 0.309564 -0.302328 -0.979784 0.0318302 -0.197508 6.69597 -0.197557 -0.309533 0.93014 1.0791
0.0277123 -0.956834 0.28931 0.353071 0.985383 -0.0225178 -0.16886 -5.14176 0.168086 0.289761 0.942224 -1.53664
-0.114625 0.933073 0.340933 0.935606 -0.9814 -0.0531603 -0.184466 6.90449 -0.153996 -0.355736 0.921812 0.635244
0.208041 -0.924607 0.319092 -0.723458 0.972717 0.161332 -0.166712 -5.31683 0.102663 0.345069 0.932945 -0.486364
-0.208258 0.900033 0.382843 1.06135 -0.97572 -0.164044 -0.145116 7.45612 -0.0678062 -0.40377 0.912344 1.13601
0.293791 -0.886083 0.358528 -1.58494 0.955521 0.262114 -0.135188 -5.23405 0.0258124 0.382298 0.923678 0.612326
-0.391641 0.841576 0.371976 2.54752 -0.918534 -0.381306 -0.104409 7.18017 0.053968 -0.382564 0.922352 0.63597
0.525809 -0.788933 0.317977 -2.98047 0.843698 0.531263 -0.0770281 -4.41621 -0.108159 0.308779 0.944964 1.79816
-0.646772 0.683098 0.339211 4.07926 -0.739628 -0.670299 -0.0604081 5.79675 0.186108 -0.28996 0.938769 0.130976
0.747101 -0.602488 0.280798 -4.34955 0.647506 0.755129 -0.102551 -3.01491 -0.150253 0.258435 0.954272 1.88172
-0.776061 0.557597 0.294643 4.46639 -0.624296 -0.745429 -0.233646 5.21711 0.089355 -0.365268 0.926604 1.11984
0.720888 -0.633386 0.281323 -3.59 0.683938 0.715774 -0.141053 -3.76237 -0.112023 0.294091 0.94919 2.04903
-0.616404 0.731523 0.29141 3.35539 -0.786061 -0.593458 -0.172961 6.39294 0.0464154 -0.33568 0.940832 1.54546
0.466962 -0.839976 0.27638 -1.61559 0.883395 0.457084 -0.10338 -4.54133 -0.0394922 0.292427 0.955472 1.38328
-0.283492 0.917892 0.277679 1.18432 -0.958403 -0.26119 -0.11508 6.8888 -0.0331039 -0.298752 0.953756 1.76975
0.0584426 -0.958272 0.279818 0.484076 0.996447 0.0389691 -0.0746621 -4.55192 0.0606424 0.283188 0.957145 1.19038
0.198984 0.912184 0.358227 -1.09917 -0.956817 0.259874 -0.130257 6.35629 -0.211912 -0.316838 0.924503 3.43269
-0.490008 -0.830393 0.265217 4.21641 0.831672 -0.536491 -0.143177 -2.67087 0.261179 0.150415 0.953499 0.975096
0.718376 0.620589 0.314331 -3.06828 -0.611788 0.778682 -0.139175 4.02072 -0.331134 -0.0923237 0.939056 4.90506
-0.868882 -0.387139 0.308491 6.31519 0.347613 -0.920864 -0.176563 -0.555866 0.352432 -0.0461771 0.934697 1.03712
0.937229 -0.0711066 0.341388 -3.9705 0.104501 0.991268 -0.0804232 -0.891583 -0.332689 0.11105 0.936475 4.99806
-0.830733 0.504698 0.234865 5.19933 -0.553659 -0.792928 -0.254414 4.771 0.0578291 -0.341385 0.938143 4.30683
0.4709 -0.832748 0.291174 -0.489467 0.880277 0.421842 -0.217169 -4.76367 0.0580177 0.358579 0.931695 3.69096
-0.0367817 0.944334 0.326926 -0.451018 -0.976286 0.0358837 -0.21349 5.77886 -0.213337 -0.327026 0.92062 6.0055
-0.360489 -0.883438 0.299306 3.49549 0.879463 -0.428833 -0.206512 -2.9548 0.310793 0.188784 0.931541 2.55316
0.634603 0.703793 0.319303 -4.03711 -0.672244 0.706512 -0.2212 4.09776 -0.38127 -0.0742755 0.921475 6.38173
-0.856741 -0.425621 0.291277 5.32429 0.414345 -0.90431 -0.102673 0.309909 0.307104 0.0327254 0.951113 2.71736
0.912375 0.252332 0.322335 -5.07447 -0.167798 0.948762 -0.267758 1.46972 -0.373383 0.190209 0.907968 6.81107
-0.940081 0.0230271 0.340172 5.72995 -0.094874 -0.975979 -0.196122 3.46121 0.327485 -0.216644 0.919684 3.43526
0.927137 -0.142481 0.346578 -4.70296 0.211769 0.962259 -0.170914 0.104445 -0.309146 0.231855 0.922319 6.46922
-0.923176 0.159634 0.349663 4.98225 -0.242859 -0.947347 -0.208696 4.07989 0.297937 -0.277582 0.913336 3.63155
0.914656 -0.189013 0.357322 -4.64236 0.244584 0.962554 -0.116911 -0.471161 -0.321844 0.194329 0.926635 6.65849
-0.914883 0.201313 0.349947 4.66656 -0.233063 -0.971142 -0.0506389 4.09757 0.329654 -0.127888 0.9354 3.48673
0.925748 -0.0657777 0.372377 -4.76071 0.109554 0.989175 -0.0976253 0.979166 -0.361924 0.131172 0.922933 7.01062
-0.910898 -0.0943711 0.401694 4.59136 0.104265 -0.994546 0.00278555 1.54383 0.39924 0.0444201 0.91577 3.36891
0.882839 0.271269 0.383417 -4.11411 -0.279615 0.959474 -0.0350017 2.86425 -0.377373 -0.0763083 0.922912 7.19748
-0.799728 -0.394693 0.452385 4.24802 0.437851 -0.898989 -0.0103071 0.279365 0.410757 0.189834 0.891763 3.15976
0.697869 0.563415 0.442201 -3.02587 -0.619689 0.78455 -0.0216318 4.93442 -0.359116 -0.258931 0.896655 6.74649
-0.641535 -0.633075 0.433185 3.29762 0.705199 -0.708961 0.00827515 -0.701154 0.301872 0.31079 0.901267 3.67837
0.558692 0.733517 0.38706 -2.6684 -0.788641 0.61431 -0.0258356 5.74659 -0.256726 -0.290818 0.921692 6.74262
-0.48528 -0.76462 0.424098 3.23124 0.849053 -0.52794 0.0197 -1.36281 0.208835 0.369642 0.905402 4.22523
0.395102 0.83319 0.386896 -1.7899 -0.893579 0.446276 -0.0485336 6.2726 -0.2131 -0.326546 0.920845 6.7089
-0.37333 -0.789216 0.487608 2.97732 0.898231 -0.438936 -0.02272 -1.00592 0.23196 0.429503 0.872767 3.98922
0.389718 0.819453 0.420258 -1.38516 -0.899601 0.436395 -0.0166903 6.12499 -0.197075 -0.37156 0.907251 6.24785
-0.384513 -0.7948 0.469514 3.06928 0.90004 -0.435807 -0.000644049 -1.74496 0.205129 0.422333 0.882925 3.98605
0.393856 0.818701 0.417858 -1.63953 -0.900046 0.435761 -0.00543071 6.6848 -0.186532 -0.373953 0.908496 6.32339
-0.360405 -0.772584 0.522707 2.95572 0.902114 -0.431224 -0.0153627 -1.54468 0.237273 0.466004 0.852374 3.54286
0.370439 0.797166 0.476761 -1.51848 -0.90151 0.43219 -0.0221747 6.9284 -0.223728 -0.42159 0.878753 6.25747
-0.410705 -0.747775 0.521684 3.28176 0.89317 -0.444938 0.0653961 -1.47393 0.183216 0.492811 0.850629 3.74167
0.384339 0.782164 0.490411 -1.74447 -0.894991 0.445975 -0.00988069 7.21115 -0.22644 -0.435116 0.871435 6.47226
-0.421379 -0.757975 0.49791 3.17685 0.89372 -0.440286 0.0860968 -1.81703 0.153964 0.481271 0.862944 4.12648
0.369039 0.790297 0.489123 -1.90797 -0.909361 0.41576 0.0143446 7.72121 -0.192021 -0.450083 0.872097 6.49869
-0.409456 -0.734069 0.541746 3.60657 0.903264 -0.409682 0.127574 -1.77093 0.128295 0.541575 0.830805 4.01669
0.372312 0.766695 0.523032 -2.13076 -0.90879 0.415541 0.0377793 7.94062 -0.188376 -0.489391 0.851476 6.95885
-0.411972 -0.726244 0.550317 3.29643 0.905775 -0.392181 0.160516 -1.17401 0.0992499 0.564591 0.819381 4.5554
0.352773 0.775446 0.523675 -2.05361 -0.921921 0.383766 0.0527795 8.85659 -0.160041 -0.501406 0.850282 6.68701
-0.31498 -0.695923 0.645352 2.31265 0.939535 -0.324917 0.108185 -2.15702 0.134397 0.640406 0.756186 4.25784
0.238503 0.778168 0.581009 -1.42671 -0.960849 0.275959 0.0248241 9.67123 -0.141017 -0.564182 0.813519 6.39603
-0.231852 -0.724849 0.64872 2.07125 0.97127 -0.209286 0.113286 -2.94317 0.0536525 0.656348 0.752548 4.77203
0.177958 0.820098 0.543847 -1.43901 -0.982842 0.175368 0.0571586 10.2332 -0.0484978 -0.544688 0.837236 6.0402
-0.136389 -0.730117 0.669573 1.13963 0.99063 -0.0956735 0.0974621 -3.45067 -0.00709847 0.676591 0.736324 5.30757
0.0736194 0.824272 0.561388 -1.13852 -0.997286 0.0611135 0.0410511 10.7538 -0.000471029 -0.562886 0.826534 6.04148
-0.127152 -0.761339 0.635763 1.47192 0.989434 -0.0523434 0.135204 -4.06976 -0.069658 0.646237 0.759951 6.01726
0.0778936 0.807445 0.584778 -0.947985 -0.996951 0.0603755 0.0494313 10.9621 0.00460693 -0.586845 0.809686 6.27645
-0.14175 -0.737989 0.659758 1.69905 0.986475 -0.0498958 0.156134 -4.12733 -0.0823058 0.672966 0.73508 6.26566
0.0856764 0.790385 0.60659 -0.944308 -0.996203 0.0584972 0.0644849 11.0189 0.0154842 -0.609811 0.792396 6.29419
