1 0 0 0 0 1 0 0 0 0 1 0
0.999998 -0.00111265 0.00156588 -1.66674 0.00110903 0.999997 0.00230952 -0.0928584 -0.00156845 -0.00230778 0.999996 -0.0215711
0.999999 -0.000101248 0.00133022 -3.33435 9.69352e-05 0.999995 0.00324216 -0.166094 -0.00133054 -0.00324203 0.999994 -0.0316433
0.999993 0.00168127 0.00322576 -5.00093 -0.00169664 0.999987 0.00476586 -0.222916 -0.0032177 -0.0047713 0.999983 -0.0591803
0.999963 0.00327037 0.00789251 -6.66023 -0.00331043 0.999982 0.00506799 -0.320708 -0.00787579 -0.00509393 0.999956 -0.0561035
0.999946 0.00397227 0.0095656 -8.32185 -0.00401444 0.999982 0.00439251 -0.415736 -0.00954799 -0.00443067 0.999945 -0.0490456
0.999935 0.00354429 0.0108361 -9.98749 -0.00360228 0.999979 0.00533673 -0.486105 -0.0108169 -0.00537542 0.999927 -0.0447301
0.999899 0.00303103 0.0138642 -11.6542 -0.00311033 0.999979 0.00570217 -0.538233 -0.0138466 -0.00574472 0.999888 -0.0446147
0.9999 0.00348719 0.0137008 -13.3401 -0.00355287 0.999982 0.0047725 -0.607283 -0.0136839 -0.0048207 0.999895 -0.0465538
0.999909 0.0044661 0.0127203 -15.0293 -0.00454402 0.999971 0.00610318 -0.702184 -0.0126926 -0.00616043 0.999901 -0.0563164
0.999895 0.00481291 0.0136966 -16.7029 -0.00488867 0.999973 0.00550343 -0.77705 -0.0136697 -0.00556981 0.999891 -0.0361785
0.999888 0.00454718 0.014238 -18.3983 -0.00463535 0.99997 0.00616565 -0.862683 -0.0142095 -0.00623096 0.99988 -0.0171213
0.99986 0.00361119 0.0163235 -20.1035 -0.00370223 0.999978 0.00555039 -0.935268 -0.0163031 -0.00561004 0.999851 -0.00551522
0.999838 0.00208977 0.0178929 -21.8479 -0.00220943 0.999975 0.00667052 -1.01342 -0.0178785 -0.00670897 0.999818 -0.023587
0.999847 0.00174454 0.0173935 -23.6181 -0.00187078 0.999972 0.00724449 -1.11451 -0.0173803 -0.00727592 0.999823 -0.00167042
0.999857 0.00139512 0.0168518 -25.4214 -0.00154407 0.99996 0.00882926 -1.20144 -0.0168388 -0.00885401 0.999819 -0.0167227
0.999826 0.00197769 0.0185336 -27.2366 -0.00214956 0.999955 0.00925824 -1.25293 -0.0185145 -0.00929647 0.999785 0.0213878
0.999838 0.00200998 0.0179102 -29.0554 -0.00218642 0.999949 0.00983744 -1.36082 -0.0178895 -0.009875 0.999791 0.00795042
0.999851 0.00241583 0.0170986 -30.9048 -0.00257785 0.999952 0.00946014 -1.45087 -0.017075 -0.00950281 0.999809 -0.00203634
0.999847 0.00215107 0.0173876 -32.7711 -0.00233713 0.99994 0.0106876 -1.54254 -0.0173636 -0.0107266 0.999792 -0.0101325
0.999819 0.00227353 0.0188714 -34.6427 -0.00251793 0.999913 0.0129372 -1.62139 -0.0188403 -0.0129824 0.999738 -0.0247167
0.999802 0.00219884 0.0198045 -36.531 -0.00247663 0.999899 0.014013 -1.68192 -0.0197717 -0.0140593 0.999706 -0.0233942
0.999757 0.00234363 0.021934 -38.4451 -0.00266141 0.999892 0.0144705 -1.7673 -0.0218977 -0.0145253 0.999655 -0.0164154
0.999763 0.0027161 0.0215922 -40.3895 -0.00301229 0.999902 0.0136973 -1.88103 -0.0215528 -0.0137591 0.999673 -0.0138802
0.999739 0.00246766 0.022711 -42.3236 -0.0027968 0.999891 0.0144723 -1.97251 -0.0226728 -0.014532 0.999637 -0.0191845
0.999708 0.00125054 0.0241145 -44.2486 -0.00161303 0.999886 0.0150181 -2.05072 -0.0240929 -0.0150526 0.999596 -0.00464097
0.999648 -0.000487492 0.026526 -46.1911 0.00011922 0.999904 0.0138833 -2.14455 -0.0265302 -0.0138752 0.999552 0.0402785
0.999671 -0.00167318 0.0256111 -48.1521 0.00132676 0.999907 0.0135374 -2.22886 -0.0256314 -0.013499 0.99958 0.0500002
0.999658 -0.00297387 0.0260006 -50.1014 0.00263329 0.99991 0.0131236 -2.3453 -0.0260373 -0.0130506 0.999576 0.0647138
0.999584 -0.00318817 0.0286665 -52.0423 0.00280796 0.999908 0.0132936 -2.44618 -0.0287063 -0.0132076 0.999501 0.0841641
0.999608 -0.00330735 0.0278034 -54.0057 0.00291174 0.999894 0.0142574 -2.5578 -0.0278476 -0.0141709 0.999512 0.12339
0.999599 -0.00372884 0.0280561 -55.9746 0.00330247 0.999879 0.0152279 -2.66199 -0.0281094 -0.0151291 0.99949 0.167637
0.999606 -0.00426073 0.0277475 -57.9552 0.00384361 0.999879 0.0150688 -2.75808 -0.0278084 -0.0149562 0.999501 0.216617
0.999559 -0.00448742 0.0293644 -59.9104 0.0040247 0.999867 0.0157982 -2.87795 -0.0294314 -0.015673 0.999444 0.241301
0.999545 -0.00447521 0.0298292 -61.9 0.00398138 0.999854 0.0165942 -2.97238 -0.0298992 -0.0164678 0.999417 0.268464
0.999504 -0.00359911 0.0312952 -63.841 0.00304974 0.999841 0.0175844 -3.07842 -0.0313535 -0.0174803 0.999356 0.315802
0.99957 -0.00163683 0.0292607 -65.8035 0.00116263 0.999868 0.0162159 -3.17912 -0.0292833 -0.0161749 0.99944 0.348359
0.999522 0.000263777 0.0309116 -67.7658 -0.00076219 0.99987 0.0161132 -3.28943 -0.0309033 -0.016129 0.999392 0.373775
0.999546 0.00236673 0.0300193 -69.7178 -0.00277465 0.999904 0.0135541 -3.38639 -0.0299844 -0.0136313 0.999457 0.397768
0.999506 0.00478556 0.0310587 -71.6722 -0.00518398 0.999905 0.0127604 -3.46408 -0.0309947 -0.0129151 0.999436 0.422668
0.999401 0.00851217 0.0335511 -73.5936 -0.00895127 0.999876 0.0129594 -3.53351 -0.0334366 -0.0132519 0.999353 0.457842
0.999406 0.0128442 0.0319787 -75.5279 -0.0133139 0.999806 0.0145201 -3.61656 -0.031786 -0.0149372 0.999383 0.494463
0.999298 0.0171769 0.0332893 -77.4535 -0.0177034 0.999722 0.0155879 -3.68508 -0.0330123 -0.0161663 0.999324 0.541174
0.999102 0.020277 0.0372066 -79.3623 -0.0208769 0.999657 0.0158062 -3.71526 -0.0368734 -0.0165688 0.999183 0.590963
0.998997 0.0211614 0.0394545 -81.3036 -0.0218144 0.999631 0.016194 -3.79043 -0.0390972 -0.0170384 0.99909 0.616092
0.999072 0.0190943 0.0385946 -83.2443 -0.0197497 0.999666 0.0166722 -3.85527 -0.0382634 -0.017419 0.999116 0.657435
0.999296 0.0132506 0.0351086 -85.2063 -0.0137511 0.999807 0.0140531 -3.93995 -0.0349156 -0.0145259 0.999285 0.691579
0.999192 0.00269278 0.040091 -87.1799 -0.00344871 0.999817 0.0187983 -4.01506 -0.0400331 -0.0189214 0.999019 0.696919
0.999185 -0.00928489 0.0392715 -89.1639 0.00863396 0.999823 0.0167123 -4.12677 -0.0394197 -0.0163596 0.999089 0.75959
0.999176 -0.02563 0.0314627 -91.1817 0.0251355 0.999556 0.0160116 -4.24785 -0.0318591 -0.0152076 0.999377 0.803925
0.998355 -0.0437717 0.0370174 -93.1921 0.0431982 0.998936 0.0161546 -4.45868 -0.0376851 -0.014529 0.999184 0.858605
0.997055 -0.0645067 0.0414818 -95.2101 0.0638054 0.9978 0.0180154 -4.68544 -0.0425526 -0.0153156 0.998977 0.89874
0.995417 -0.0870857 0.0394947 -97.2354 0.0864849 0.996113 0.0166787 -4.97964 -0.0407937 -0.0131865 0.999081 0.953061
0.993304 -0.109843 0.0357894 -99.274 0.109294 0.993865 0.016959 -5.27768 -0.0374327 -0.0129339 0.999215 0.98697
0.990966 -0.130681 0.030144 -101.332 0.130184 0.991328 0.0179312 -5.63617 -0.0322258 -0.013845 0.999385 1.02275
0.988374 -0.146952 0.0390185 -103.361 0.146427 0.989092 0.0159831 -6.04218 -0.0409416 -0.0100839 0.999111 1.08995
0.98673 -0.157518 0.0393806 -105.402 0.157101 0.98749 0.0134863 -6.45796 -0.0410123 -0.00712064 0.999133 1.17488
0.985664 -0.165177 0.0343978 -107.465 0.165163 0.986261 0.00328544 -6.93654 -0.0344679 0.00244292 0.999403 1.21389
0.984414 -0.171511 0.0388903 -109.541 0.17151 0.985177 0.00340446 -7.40881 -0.0388977 0.00331867 0.999238 1.24417
0.983721 -0.175836 0.0370811 -111.582 0.175643 0.984418 0.00842635 -7.89057 -0.037985 -0.00177613 0.999277 1.29777
0.982863 -0.180608 0.0368944 -113.625 0.18038 0.983552 0.00946064 -8.37213 -0.0379962 -0.00264351 0.999274 1.35068
0.981632 -0.186468 0.0403572 -115.675 0.186134 0.982452 0.0119098 -8.84438 -0.0418698 -0.00417922 0.999114 1.40893
0.980617 -0.191778 0.0401331 -117.718 0.191417 0.981427 0.0126996 -9.37909 -0.0418232 -0.0047713 0.999114 1.45487
0.979565 -0.197249 0.0393044 -119.778 0.196925 0.980345 0.0119799 -9.88493 -0.0408949 -0.00399507 0.999155 1.51965
0.978482 -0.202511 0.0395234 -121.829 0.202202 0.979274 0.011709 -10.4265 -0.0410755 -0.00346535 0.99915 1.57797
0.977912 -0.205175 0.0398975 -123.844 0.204797 0.978713 0.0133799 -10.9442 -0.0417934 -0.00491352 0.999114 1.60614
0.977687 -0.206449 0.038819 -125.873 0.20604 0.978439 0.0143076 -11.4667 -0.0409358 -0.00599004 0.999144 1.68228
0.977933 -0.206702 0.030337 -127.798 0.20639 0.978382 0.0131197 -11.9795 -0.032393 -0.00656895 0.999454 1.74966
0.978328 -0.205438 0.0258775 -129.502 0.205191 0.978649 0.0119153 -12.4153 -0.0277729 -0.00634729 0.999594 1.79225
0.978456 -0.204428 0.0288452 -130.96 0.204131 0.978859 0.0128997 -12.8119 -0.0308725 -0.00673361 0.999501 1.84628
0.977877 -0.204971 0.0417599 -132.187 0.204438 0.978737 0.0167033 -13.1368 -0.0442956 -0.00779649 0.998988 1.90243
0.976482 -0.208869 0.0534462 -133.524 0.208146 0.977917 0.0188049 -13.4942 -0.0561938 -0.00723804 0.998394 1.89618
0.975717 -0.213161 0.0503738 -134.898 0.212499 0.976991 0.0182241 -13.8691 -0.0530994 -0.00707718 0.998564 1.95348
0.97467 -0.218138 0.0493398 -136.315 0.217484 0.975892 0.0183245 -14.2754 -0.0521476 -0.00712972 0.998614 2.01242
0.973433 -0.223162 0.0512474 -137.78 0.222454 0.974754 0.0191964 -14.671 -0.0542375 -0.00728623 0.998501 2.05456
0.971912 -0.229872 0.0504587 -139.278 0.229175 0.973195 0.0192566 -15.1084 -0.0535327 -0.00715179 0.99854 2.13263
0.970644 -0.235373 0.0494791 -140.805 0.234698 0.97188 0.0191251 -15.5841 -0.0525893 -0.00695107 0.998592 2.19978
0.969474 -0.240027 0.0500643 -142.361 0.23937 0.970746 0.0188265 -16.0435 -0.0531186 -0.00626791 0.998568 2.25471
0.969064 -0.240648 0.0547937 -143.927 0.240202 0.970612 0.0146772 -16.5374 -0.0567154 -0.00106157 0.99839 2.3255
0.9708 -0.233901 0.0532551 -145.475 0.233546 0.972261 0.0128758 -16.9948 -0.0547895 -6.23278e-05 0.998498 2.37569
0.973146 -0.224509 0.0508043 -147.043 0.224255 0.974472 0.0107136 -17.4646 -0.0519127 0.00096724 0.998651 2.44762
0.975296 -0.214819 0.0514813 -148.627 0.214464 0.976653 0.0123842 -17.8911 -0.0529397 -0.0010374 0.998597 2.48322
0.977396 -0.205349 0.0502783 -150.213 0.204957 0.978686 0.0128813 -18.3183 -0.0518518 -0.00228526 0.998652 2.56046
0.979383 -0.196392 0.04731 -151.73 0.196028 0.980522 0.0122793 -18.6849 -0.0488 -0.00275211 0.998805 2.61581
0.980782 -0.189125 0.0479237 -153.332 0.188669 0.981942 0.0139133 -19.0823 -0.0496897 -0.00460419 0.998754 2.6069
0.981975 -0.18151 0.0527076 -154.897 0.181002 0.983379 0.0142869 -19.4425 -0.0544248 -0.00448921 0.998508 2.70723
0.983121 -0.174654 0.0544905 -156.463 0.174062 0.984613 0.015459 -19.7952 -0.056352 -0.00571335 0.998395 2.82633
0.983975 -0.169677 0.0547947 -158.018 0.168967 0.985469 0.0173734 -20.1525 -0.0569463 -0.0078365 0.998346 2.87823
0.984203 -0.168677 0.0537859 -159.55 0.167851 0.985619 0.0195465 -20.498 -0.0563095 -0.0102097 0.998361 2.95811
0.983948 -0.170293 0.0533535 -161.094 0.169402 0.985327 0.0208385 -20.8377 -0.0561193 -0.0114658 0.998358 3.01871
0.983355 -0.174529 0.0505138 -162.59 0.173533 0.984548 0.0235018 -21.1606 -0.0538349 -0.0143448 0.998447 3.08986
0.982587 -0.179838 0.0466969 -164.077 0.178797 0.983552 0.0256261 -21.5229 -0.0505374 -0.0168306 0.99858 3.18208
0.981814 -0.184421 0.0450529 -165.517 0.183217 0.982628 0.0295702 -21.8156 -0.0497236 -0.020778 0.998547 3.27384
0.980941 -0.188945 0.0453109 -166.869 0.187626 0.981725 0.031831 -22.1654 -0.0504972 -0.0227228 0.998466 3.30009
0.98001 -0.194252 0.0429623 -168.218 0.192913 0.980647 0.0334205 -22.5044 -0.0486229 -0.0244645 0.998518 3.33108
0.979007 -0.199552 0.0415167 -169.511 0.198112 0.979505 0.0363527 -22.8467 -0.0479201 -0.0273646 0.998476 3.377
0.977762 -0.204473 0.0465982 -170.766 0.202775 0.97846 0.0387029 -23.1722 -0.0535082 -0.0283933 0.998164 3.42315
0.977354 -0.206687 0.045369 -171.952 0.204916 0.97793 0.0407702 -23.4531 -0.0527944 -0.0305501 0.998138 3.4351
0.977271 -0.207381 0.0439774 -173.124 0.205704 0.977805 0.0397905 -23.758 -0.0512531 -0.0298398 0.99824 3.50589
0.977026 -0.208451 0.0443567 -174.215 0.206644 0.977512 0.0420663 -24.0514 -0.0521279 -0.0319338 0.99813 3.53405
0.976998 -0.208344 0.045474 -175.259 0.206515 0.97755 0.0418077 -24.3376 -0.0531635 -0.031455 0.99809 3.56085
0.977076 -0.207689 0.0467742 -176.269 0.205744 0.977653 0.0431827 -24.6144 -0.0546975 -0.0325692 0.997972 3.61283
0.977529 -0.2046 0.0507514 -177.254 0.202303 0.978198 0.0469353 -24.8511 -0.0592478 -0.0356135 0.997608 3.62945
0.97927 -0.196165 0.050475 -178.145 0.193963 0.979958 0.0453908 -25.0674 -0.0583675 -0.0346596 0.997693 3.69194
0.983103 -0.176053 0.0501378 -179.053 0.173829 0.983713 0.0457497 -25.2717 -0.0573756 -0.0362613 0.997694 3.72839
0.988298 -0.144149 0.0498716 -179.924 0.141798 0.988739 0.0478545 -25.4308 -0.0562081 -0.0402229 0.997608 3.76264
0.993225 -0.104341 0.0511392 -180.79 0.101898 0.993623 0.0482711 -25.5206 -0.0558498 -0.0427332 0.997524 3.80972
0.997152 -0.0532434 0.0533992 -181.591 0.0506695 0.99754 0.0484471 -25.5915 -0.0558473 -0.0456034 0.997397 3.82301
0.998271 0.0106255 0.0578003 -182.405 -0.0133825 0.998781 0.0475186 -25.574 -0.0572249 -0.04821 0.997197 3.86282
0.994322 0.0831696 0.0663698 -183.199 -0.0864873 0.995059 0.0487788 -25.5324 -0.0619849 -0.054242 0.996602 3.88823
-0.75713 -0.650867 -0.0558975 -182.035 0.651217 -0.758759 0.0142244 -26.1548 -0.051671 -0.0256317 0.998335 3.80794
0.234683 0.972052 -0.00615172 -182.574 -0.971993 0.23474 0.0113099 -24.7206 0.0124378 0.00332521 0.999917 3.79246
0.367562 -0.929409 -0.0331208 -183.145 0.927862 0.364071 0.0807841 -26.2278 -0.0630231 -0.0604246 0.996181 3.58054
-0.845506 0.531097 -0.0552663 -181.845 -0.532768 -0.846008 0.0207443 -25.6722 -0.0357385 0.0469836 0.998256 3.25875
0.997251 0.0724926 -0.0152774 -183.228 -0.0711831 0.994744 0.0736047 -25.4291 0.0205329 -0.0723149 0.997171 2.76901
-0.738081 -0.668852 -0.0887244 -182.45 0.665853 -0.743305 0.0643335 -26.8322 -0.108979 -0.0115941 0.993976 2.65043
0.189343 0.98064 -0.0499315 -182.446 -0.981012 0.191101 0.033106 -25.3804 0.042007 0.0427151 0.998204 2.3101
0.437773 -0.895307 -0.0823338 -183.712 0.896987 0.428663 0.107996 -26.9054 -0.0613965 -0.12113 0.990736 2.03111
-0.830856 0.550088 -0.0841466 -181.373 -0.553471 -0.832574 0.0221771 -26.094 -0.0578589 0.0649987 0.996207 1.82111
0.987112 -0.159428 0.0138753 -183.986 0.158578 0.986125 0.0491001 -25.253 -0.0215108 -0.046267 0.998697 1.5858
-0.953927 -0.300011 -0.00391717 -182.055 0.299389 -0.952644 0.0532492 -26.7496 -0.019707 0.0496231 0.998574 1.71013
0.716335 0.693255 0.0791228 -183.103 -0.694347 0.719434 -0.0172601 -24.3645 -0.0688893 -0.0425747 0.996715 1.65618
-0.354675 -0.934972 0.00569203 -183.571 0.921294 -0.348435 0.172659 -26.6055 -0.159448 0.0664818 0.984965 1.66246
-0.0748539 0.993807 0.0821178 -183.115 -0.990802 -0.0834317 0.106546 -25.4618 0.112738 -0.073387 0.990911 1.17794
0.525067 -0.85071 0.0244153 -184.25 0.819946 0.513349 0.253302 -26.3231 -0.228021 -0.112981 0.967079 1.41509
-0.897628 0.440513 0.0145543 -183.044 -0.438327 -0.89566 0.07525 -26.022 0.0461844 0.0611669 0.997058 0.995765
