1 0 0 0 0 1 0 0 0 0 1 0
0.999995 0.00317827 0.000679016 -1.91487 -0.00317877 0.999995 0.000742954 -0.0899541 -0.000676651 -0.000745109 1 -0.0228478
0.999986 0.00463044 0.00241662 -3.89234 -0.00463927 0.999983 0.00366285 -0.190269 -0.00239961 -0.00367401 0.99999 -0.0813735
0.999985 0.00390571 0.00389766 -5.90113 -0.00392751 0.999977 0.00560041 -0.274156 -0.0038757 -0.00561564 0.999977 -0.129251
0.999966 0.0021345 0.007999 -7.94706 -0.00219926 0.999965 0.00809635 -0.371148 -0.00798144 -0.00811366 0.999935 -0.192447
0.999977 0.000670419 0.00679424 -10.046 -0.000714909 0.999978 0.00654791 -0.479617 -0.0067897 -0.00655261 0.999956 -0.180069
0.999968 -0.000657034 0.00800893 -12.2122 0.000621712 0.99999 0.00441212 -0.588602 -0.00801175 -0.00440699 0.999958 -0.230965
0.999972 -0.00132609 0.00742945 -14.4422 0.00129134 0.999988 0.00468112 -0.698613 -0.00743557 -0.00467139 0.999961 -0.294679
0.999997 -0.00132748 0.00215207 -16.6973 0.00131738 0.999988 0.00468837 -0.806569 -0.00215827 -0.00468552 0.999987 -0.302827
0.999997 -0.00234573 0.000726266 -19.0441 0.00234477 0.999996 0.00132381 -0.93349 -0.000729369 -0.00132211 0.999999 -0.342436
0.999995 -0.00323753 -0.000488988 -21.4398 0.00323817 0.999994 0.00132076 -1.05454 0.000484709 -0.00132234 0.999999 -0.394832
0.999992 -0.00402441 9.69471e-05 -23.8946 0.00402427 0.999991 0.00139912 -1.19067 -0.000102577 -0.00139872 0.999999 -0.45344
0.999982 -0.00492153 -0.00334828 -26.3887 0.00492654 0.999987 0.00149142 -1.33096 0.0033409 -0.00150789 0.999993 -0.523544
0.999977 -0.00575105 -0.00371702 -28.9124 0.00575214 0.999983 0.000284619 -1.4709 0.00371532 -0.000305993 0.999993 -0.581331
0.999954 -0.00726738 -0.00634313 -31.4752 0.00726543 0.999973 -0.000330472 -1.62533 0.00634537 0.000284371 0.99998 -0.636806
0.999937 -0.00906643 -0.00659726 -34.0696 0.00905068 0.999956 -0.00241352 -1.74769 0.00661885 0.00235366 0.999975 -0.701854
0.999912 -0.00987634 -0.00884378 -36.6977 0.00985136 0.999947 -0.00286457 -1.91228 0.00887161 0.0027772 0.999957 -0.767956
0.999917 -0.00938951 -0.00878041 -39.3181 0.00937732 0.999955 -0.0014284 -2.06151 0.00879342 0.00134594 0.99996 -0.851719
0.999922 -0.00897684 -0.00863937 -41.9546 0.00897266 0.99996 -0.000521704 -2.21292 0.0086437 0.000444146 0.999963 -0.928925
0.999934 -0.00850137 -0.00768558 -44.5681 0.00850285 0.999964 0.000160123 -2.38592 0.00768394 -0.000225462 0.99997 -1.01821
0.999913 -0.00943952 -0.00917307 -47.2574 0.00943075 0.999955 -0.000998182 -2.56957 0.00918208 0.000911587 0.999957 -1.08804
0.999905 -0.0112802 -0.00789565 -49.947 0.0112671 0.999935 -0.0017009 -2.71209 0.00791432 0.00161177 0.999967 -1.13496
0.999912 -0.0110217 -0.00738713 -52.6036 0.0110042 0.999936 -0.00241735 -2.87107 0.0074133 0.00233585 0.99997 -1.1853
0.999889 -0.0107684 -0.0103028 -55.286 0.0107032 0.999922 -0.0063644 -2.98709 0.0103705 0.00625342 0.999927 -1.2568
0.999943 -0.0090787 -0.00556384 -57.9478 0.00904844 0.999944 -0.00544043 -3.13956 0.00561292 0.00538978 0.99997 -1.32898
0.999955 -0.00763183 -0.00567113 -60.6326 0.00760622 0.999961 -0.0045235 -3.2961 0.00570543 0.00448016 0.999974 -1.38695
0.999964 -0.00684974 -0.00502277 -63.3151 0.00684172 0.999975 -0.00161237 -3.48268 0.00503369 0.00157794 0.999986 -1.47104
0.999967 -0.00692803 -0.00411314 -65.9991 0.00692504 0.999976 -0.000741401 -3.61679 0.00411818 0.000712892 0.999991 -1.52409
0.999946 -0.00884765 -0.00548845 -68.687 0.0088435 0.999961 -0.000781395 -3.73214 0.00549515 0.000732815 0.999985 -1.56636
0.999931 -0.0103181 -0.00553957 -71.4016 0.0103249 0.999946 0.0012055 -3.8931 0.00552683 -0.00126262 0.999984 -1.64303
0.99993 -0.00985231 -0.00658342 -74.0994 0.00986288 0.99995 0.00157522 -4.04085 0.00656757 -0.00164004 0.999977 -1.69296
0.999927 -0.0100379 -0.00666044 -76.8082 0.0100441 0.999949 0.000886273 -4.22066 0.0066512 -0.000953107 0.999977 -1.74457
0.999948 -0.00898234 -0.00487489 -79.4946 0.0089788 0.999959 -0.000746516 -4.39832 0.00488139 0.000702706 0.999988 -1.81208
0.999951 -0.00875733 -0.00452828 -82.208 0.00874277 0.999957 -0.00322553 -4.55718 0.00455632 0.00318579 0.999985 -1.82704
0.999952 -0.00869797 -0.00459149 -84.8963 0.00867738 0.999952 -0.00448519 -4.71781 0.00463028 0.00444513 0.999979 -1.90038
0.999954 -0.0083452 -0.00474405 -87.5959 0.00832166 0.999953 -0.00496044 -4.8723 0.00478522 0.00492073 0.999976 -1.9496
0.999951 -0.00843127 -0.00524047 -90.3151 0.00839938 0.999946 -0.00607692 -5.01837 0.00529142 0.0060326 0.999968 -1.96023
0.99996 -0.00764132 -0.00469877 -93.0164 0.00761425 0.999955 -0.00575107 -5.14547 0.00474249 0.00571506 0.999972 -2.01801
0.99997 -0.00645398 -0.00440001 -95.7191 0.0064332 0.999968 -0.00471998 -5.31407 0.00443033 0.00469153 0.999979 -2.08082
0.999977 -0.00614499 -0.00290314 -98.4061 0.0061254 0.999959 -0.00670947 -5.47811 0.00294425 0.00669153 0.999973 -2.12615
0.999953 -0.00729119 -0.006352 -101.115 0.00726886 0.999967 -0.00353196 -5.62419 0.00637754 0.00348562 0.999974 -2.19159
0.999933 -0.00935992 -0.00683019 -103.76 0.00933231 0.999948 -0.00406288 -5.77147 0.00686786 0.00399886 0.999969 -2.24976
0.9999 -0.0115217 -0.00814952 -106.464 0.0114792 0.99992 -0.0052422 -5.94426 0.00820927 0.00514813 0.999953 -2.31157
0.999875 -0.013059 -0.0089245 -109.168 0.0130067 0.999898 -0.00589353 -6.09912 0.00900055 0.00577672 0.999943 -2.3891
0.999846 -0.0140374 -0.010545 -111.863 0.0139685 0.999881 -0.0065868 -6.29855 0.0106362 0.00643849 0.999923 -2.45551
0.999822 -0.0138265 -0.0128507 -114.575 0.0137266 0.999875 -0.00782388 -6.47757 0.0129572 0.00764609 0.999887 -2.53268
0.999794 -0.013477 -0.0151695 -117.258 0.0133505 0.999876 -0.00840404 -6.6424 0.0152809 0.00819978 0.99985 -2.60778
0.999822 -0.0112887 -0.0151365 -119.962 0.0111521 0.999897 -0.00908186 -6.79861 0.0152375 0.00891144 0.999844 -2.69811
0.99983 -0.00842452 -0.0164049 -122.692 0.00828425 0.999929 -0.00859996 -6.96269 0.0164762 0.0084626 0.999829 -2.76744
0.99985 -0.00587327 -0.0163164 -125.392 0.00571565 0.999937 -0.00969005 -7.12371 0.0163722 0.00959534 0.99982 -2.85802
0.999859 -0.00502178 -0.0160067 -128.088 0.00489943 0.999959 -0.00767404 -7.26897 0.0160445 0.00759453 0.999843 -2.88693
0.999864 -0.00504859 -0.0156791 -130.787 0.00494717 0.999967 -0.00650098 -7.40042 0.0157114 0.00642252 0.999856 -2.97498
0.999821 -0.00656431 -0.0177298 -133.495 0.00645076 0.999959 -0.00645402 -7.54311 0.0177714 0.00633849 0.999822 -3.07159
0.999781 -0.00880262 -0.0189774 -136.264 0.0086967 0.999946 -0.00565674 -7.69991 0.0190262 0.00549046 0.999804 -3.15737
0.999798 -0.010115 -0.0173463 -138.982 0.0100178 0.999934 -0.00568584 -7.87595 0.0174026 0.00551092 0.999834 -3.24594
0.999767 -0.011747 -0.0181053 -141.717 0.0116292 0.999911 -0.00659913 -8.02558 0.0181812 0.00638704 0.999815 -3.31177
0.999757 -0.0109788 -0.0191069 -144.427 0.0108381 0.999914 -0.00744926 -8.15838 0.019187 0.00724037 0.99979 -3.41041
0.999791 -0.00979189 -0.0179385 -147.13 0.00967843 0.999933 -0.0064013 -8.33695 0.0179999 0.00622635 0.999819 -3.50607
0.999844 -0.00923959 -0.0150251 -149.854 0.00918356 0.999951 -0.0037936 -8.49297 0.0150594 0.00365502 0.99988 -3.59735
0.99982 -0.00865231 -0.0168583 -152.578 0.00862654 0.999962 -0.00160076 -8.67797 0.0168715 0.00145504 0.999857 -3.68051
0.999833 -0.0105391 -0.0149188 -155.321 0.0105066 0.999943 -0.00225464 -8.82788 0.0149417 0.00209751 0.999886 -3.74204
0.999775 -0.0125616 -0.0170783 -158.089 0.0125734 0.999921 0.000584915 -8.97273 0.0170696 -0.000799518 0.999854 -3.82549
0.99975 -0.0130668 -0.0181298 -160.783 0.0131138 0.999911 0.00247908 -9.13403 0.0180958 -0.00271621 0.999833 -3.92725
0.999735 -0.0126485 -0.0192547 -163.493 0.0126962 0.999917 0.00236004 -9.29206 0.0192233 -0.00260388 0.999812 -4.01428
0.999759 -0.0122005 -0.0182695 -166.185 0.0122083 0.999926 0.00031465 -9.464 0.0182643 -0.000537616 0.999833 -4.1021
0.999749 -0.012171 -0.0187921 -168.91 0.0121294 0.999924 -0.00232363 -9.64797 0.018819 0.00209511 0.999821 -4.16252
0.999649 -0.0126767 -0.0232813 -171.63 0.0125686 0.99991 -0.00478368 -9.80905 0.0233399 0.00448939 0.999718 -4.24529
0.999689 -0.0131016 -0.0212173 -174.331 0.0130285 0.999909 -0.00357859 -9.97502 0.0212622 0.00330104 0.999769 -4.36579
0.999717 -0.0135998 -0.0195254 -177.018 0.0135388 0.999903 -0.0032513 -10.1324 0.0195677 0.00298602 0.999804 -4.46635
0.999759 -0.0139107 -0.0169809 -179.711 0.0138784 0.999902 -0.0020201 -10.2993 0.0170074 0.00178395 0.999854 -4.56412
0.999745 -0.0150064 -0.016873 -182.435 0.0149552 0.999883 -0.00315524 -10.4742 0.0169184 0.0029021 0.999853 -4.66048
0.999681 -0.0166798 -0.0189658 -185.183 0.0165347 0.999833 -0.00778321 -10.668 0.0190924 0.00746713 0.99979 -4.75055
0.999715 -0.017329 -0.0163948 -187.893 0.0172139 0.999827 -0.00713575 -10.8482 0.0165156 0.0068515 0.99984 -4.83689
0.999649 -0.0183551 -0.0191028 -190.609 0.0182313 0.999812 -0.00663248 -10.9977 0.0192209 0.00628188 0.999796 -4.94231
0.999623 -0.019054 -0.0197859 -193.315 0.0187583 0.999711 -0.0150253 -11.1471 0.0200664 0.0146485 0.999692 -4.96844
0.999667 -0.018083 -0.0184329 -196.017 0.0178623 0.999768 -0.0120679 -11.3271 0.0186468 0.0117346 0.999757 -5.08745
0.9997 -0.0180826 -0.0165441 -198.717 0.0179142 0.999787 -0.0102745 -11.5061 0.0167264 0.00997501 0.999811 -5.2006
0.999673 -0.0190801 -0.0170014 -201.438 0.0189348 0.999783 -0.00866727 -11.6907 0.017163 0.00834252 0.999818 -5.29585
0.999664 -0.0203307 -0.0161078 -204.162 0.0202153 0.999769 -0.00729627 -11.8694 0.0162524 0.00696819 0.999844 -5.39639
0.999666 -0.0206868 -0.0154806 -206.875 0.0206131 0.999776 -0.00490516 -12.052 0.0155786 0.00458441 0.999868 -5.53383
0.999699 -0.0195418 -0.0148703 -209.591 0.0194721 0.999799 -0.00481366 -12.2355 0.0149613 0.00452265 0.999878 -5.61332
0.999737 -0.0172872 -0.0150928 -212.297 0.0172115 0.999839 -0.00512812 -12.3929 0.015179 0.004867 0.999873 -5.69198
0.999752 -0.0155591 -0.0159356 -215.046 0.0154795 0.999867 -0.00510854 -12.5599 0.0160129 0.0048606 0.99986 -5.78476
0.999809 -0.0131584 -0.0144403 -217.762 0.0130849 0.999901 -0.00517028 -12.7277 0.0145069 0.00498034 0.999883 -5.8563
0.999814 -0.0129158 -0.0143575 -220.493 0.0128353 0.999902 -0.00568928 -12.8719 0.0144295 0.00550393 0.999881 -5.91815
0.999803 -0.0136658 -0.0144125 -223.214 0.0135901 0.999894 -0.00533656 -13.0322 0.0144839 0.00513963 0.999882 -6.00487
0.999764 -0.0149635 -0.0157588 -225.926 0.0148941 0.999879 -0.00450961 -13.2165 0.0158243 0.00427383 0.999866 -6.08712
0.999713 -0.0174515 -0.0164014 -228.655 0.0173968 0.999843 -0.00347036 -13.3879 0.0164593 0.00318403 0.99986 -6.17837
0.999642 -0.0195149 -0.0183045 -231.403 0.0194574 0.999805 -0.00331508 -13.5717 0.0183656 0.00295773 0.999827 -6.28337
0.999548 -0.0203145 -0.0221547 -234.133 0.0202056 0.999783 -0.00513072 -13.7649 0.0222541 0.00468075 0.999741 -6.37448
0.999522 -0.0208675 -0.0228193 -236.864 0.0207312 0.999766 -0.0061911 -13.9629 0.0229432 0.00571507 0.999721 -6.46685
0.999512 -0.0203062 -0.0237611 -239.571 0.0201742 0.99978 -0.00578243 -14.1507 0.0238732 0.00530024 0.999701 -6.58645
0.999561 -0.020212 -0.0216513 -242.3 0.0200877 0.999781 -0.00594435 -14.3249 0.0217666 0.00550682 0.999748 -6.68332
0.999593 -0.0186335 -0.0215869 -245.012 0.0185133 0.999812 -0.00575722 -14.5056 0.0216901 0.00535523 0.999751 -6.78017
0.999522 -0.0178921 -0.0252011 -247.739 0.0177823 0.999832 -0.00457471 -14.6829 0.0252787 0.00412439 0.999672 -6.88038
0.99944 -0.0172201 -0.0287048 -250.476 0.0170993 0.999844 -0.00444793 -14.867 0.0287769 0.0039546 0.999578 -6.98478
0.999442 -0.0168926 -0.0288115 -253.199 0.016799 0.999853 -0.00348689 -15.0407 0.0288661 0.00300094 0.999579 -7.13199
0.999413 -0.0165641 -0.029975 -255.911 0.0163632 0.999842 -0.00693553 -15.2321 0.0300851 0.00644097 0.999527 -7.2587
0.999374 -0.0163409 -0.0313806 -258.639 0.0161084 0.999841 -0.00764767 -15.4124 0.0315006 0.00713738 0.999478 -7.37942
0.999237 -0.0158958 -0.0356712 -261.366 0.0156752 0.999856 -0.00645393 -15.5928 0.0357687 0.00588985 0.999343 -7.52661
0.999255 -0.0163506 -0.0349575 -264.099 0.0161463 0.999851 -0.00611886 -15.7531 0.0350523 0.00554986 0.99937 -7.63009
0.999205 -0.0150249 -0.0369428 -266.826 0.0148141 0.999873 -0.00597405 -15.9259 0.0370278 0.00542202 0.9993 -7.78926
0.999301 -0.013267 -0.0349655 -269.519 0.0130484 0.999894 -0.00647251 -16.1146 0.0350477 0.00601173 0.999368 -7.94868
0.999223 -0.0114025 -0.0377237 -272.242 0.0110838 0.999901 -0.0086458 -16.2935 0.0378186 0.00822096 0.999251 -8.08444
0.998475 -0.0106486 -0.0541615 -274.904 0.0101839 0.999909 -0.00884915 -16.4392 0.0542508 0.00828408 0.998493 -8.2207
0.997746 -0.00828984 -0.0665944 -277.33 0.00753725 0.999905 -0.0115444 -16.5799 0.0666837 0.0110164 0.997714 -8.34832
0.998033 -0.00754033 -0.0622294 -279.48 0.00688667 0.999919 -0.0107119 -16.7037 0.0623051 0.0102622 0.998005 -8.49763
0.99824 -0.00902667 -0.0586168 -281.421 0.00846763 0.999916 -0.0097785 -16.8282 0.0587001 0.00926494 0.998233 -8.59698
0.998635 -0.00948527 -0.0513707 -283.227 0.00904812 0.999921 -0.00873561 -16.9237 0.0514495 0.00825887 0.998642 -8.69926
0.998447 -0.00946774 -0.0549013 -284.927 0.00832449 0.999745 -0.0210152 -17.037 0.0550862 0.0205256 0.998271 -8.80866
0.998759 -0.0081399 -0.0491257 -286.575 0.0073919 0.999854 -0.0153886 -17.1166 0.0492438 0.0150064 0.998674 -8.89165
0.999441 -0.00352397 -0.0332479 -288.182 0.00307903 0.999905 -0.0134241 -17.2011 0.033292 0.0133142 0.999357 -8.98436
0.999289 -0.000738766 -0.0376875 -289.816 0.000267304 0.999922 -0.0125132 -17.2739 0.0376938 0.0124942 0.999211 -9.02921
0.999004 -0.00308202 -0.0445184 -291.437 0.00275879 0.999969 -0.00732032 -17.3321 0.0445396 0.00719021 0.998982 -9.10312
0.999093 -0.0119774 -0.0408553 -293.023 0.011733 0.999912 -0.00621666 -17.4235 0.0409261 0.00573166 0.999146 -9.19305
0.998998 -0.0230165 -0.038394 -294.603 0.0226853 0.999702 -0.0090376 -17.5448 0.0385906 0.00815755 0.999222 -9.27728
0.998932 -0.0283616 -0.0364698 -296.182 0.0280052 0.999555 -0.0102474 -17.6665 0.0367442 0.00921515 0.999282 -9.35863
0.998839 -0.032756 -0.0353348 -297.801 0.0325105 0.999443 -0.00749841 -17.7878 0.0355607 0.00634094 0.999348 -9.46898
0.998791 -0.0343966 -0.0351256 -299.416 0.034154 0.999389 -0.0074854 -17.9128 0.0353616 0.00627666 0.999355 -9.55135
0.998752 -0.0351605 -0.0354774 -301.048 0.0349287 0.999364 -0.0071317 -18.0672 0.0357056 0.00588361 0.999345 -9.61693
0.998649 -0.0360276 -0.0374476 -302.702 0.0358313 0.99934 -0.00590163 -18.2086 0.0376355 0.00455185 0.999281 -9.71863
0.998657 -0.0362066 -0.0370684 -304.384 0.036013 0.999334 -0.00587547 -18.3449 0.0372564 0.00453262 0.999296 -9.81958
0.99864 -0.0366777 -0.0370547 -306.138 0.0364764 0.999316 -0.00609348 -18.5042 0.0372528 0.00473356 0.999295 -9.93485
0.998744 -0.0339207 -0.0368637 -307.882 0.0336209 0.999397 -0.00872176 -18.6799 0.0371373 0.00747141 0.999283 -10.0203
0.998756 -0.0320535 -0.038197 -309.68 0.0317644 0.999462 -0.00815204 -18.8057 0.0384378 0.00692858 0.999237 -10.113
0.99882 -0.0306877 -0.0376428 -310.569 0.0304109 0.999506 -0.00790635 -18.8667 0.0378668 0.00675226 0.99926 -10.1612
