1 0 0 0 0 1 0 0 0 0 1 0
0.165753 0.985341 0.0403518 0.274117 -0.985977 0.166386 -0.0128517 2.95655 -0.0193773 -0.0376557 0.999103 0.349361
-0.955554 0.277807 0.0986904 3.11917 -0.28019 -0.959883 -0.0108883 3.37476 0.0917064 -0.0380564 0.995059 0.49793
-0.379133 -0.917774 0.118104 3.44846 0.925328 -0.376743 0.0428209 0.766603 0.00519472 0.125519 0.992078 0.393959
0.728978 -0.668254 0.148415 0.967294 0.66826 0.741716 0.0573259 0.0471081 -0.14839 0.0573904 0.987262 0.322579
0.865031 0.487931 0.116813 -0.66421 -0.496734 0.86564 0.0626402 3.22022 -0.0705537 -0.11221 0.991177 0.29747
-0.167119 0.980113 0.107007 1.21982 -0.984616 -0.171524 0.033318 6.20669 0.0510096 -0.0997923 0.9937 0.0740801
-0.997128 0.0176721 0.0736385 5.10631 -0.0221482 -0.997927 -0.0604199 4.91958 0.0724181 -0.0618773 0.995453 0.131345
-0.140651 -0.986531 0.0835046 5.02333 0.989521 -0.142855 -0.0210034 0.728746 0.0326496 0.0796754 0.996286 0.0726594
0.940219 -0.315007 0.129454 0.958466 0.315741 0.948721 0.0153553 0.381411 -0.127653 0.0264367 0.991467 0.846666
0.501908 0.851415 0.152253 0.504698 -0.861528 0.507709 0.000896384 4.09964 -0.0765369 -0.13162 0.988341 1.05186
-0.778249 0.601259 0.18115 3.79911 -0.617244 -0.785507 -0.0445826 5.47719 0.115489 -0.14651 0.982444 0.664312
-0.668643 -0.716969 0.197159 5.04754 0.705707 -0.695416 -0.135553 2.13545 0.234295 0.0484999 0.970955 0.0776756
0.577411 -0.802817 0.148601 1.09017 0.816389 0.570007 -0.0927374 0.62099 -0.0102527 0.174864 0.984539 0.204337
0.907968 0.358636 0.216734 -0.998637 -0.347227 0.933455 -0.0899697 4.04218 -0.234578 0.00643361 0.972076 0.436761
-0.107032 0.968143 0.226373 1.08819 -0.991643 -0.0874521 -0.0948513 7.17706 -0.0720328 -0.234633 0.969412 -0.0665801
-0.986073 0.0697764 0.150972 4.63459 -0.0842013 -0.992252 -0.0913601 5.85788 0.143427 -0.1028 0.984307 -1.22769
-0.190504 -0.957361 0.217184 3.87177 0.973813 -0.212258 -0.0814609 2.6304 0.124086 0.195978 0.972726 -2.01895
0.918669 -0.314172 0.239464 0.548875 0.353353 0.92456 -0.142584 2.59754 -0.176603 0.215603 0.960378 -2.04801
0.378411 0.890167 0.253787 -0.238596 -0.875379 0.433266 -0.214456 5.95767 -0.300859 -0.141008 0.943187 -1.86215
-0.858051 0.435897 0.271556 2.77184 -0.503355 -0.818718 -0.276287 7.13477 0.101895 -0.373757 0.921913 -3.18141
-0.457734 -0.850376 0.2595 3.43458 0.806428 -0.519998 -0.281559 4.33736 0.374371 0.0803893 0.923788 -4.92946
0.839532 -0.467391 0.277004 0.093416 0.531167 0.813269 -0.237602 2.86933 -0.114226 0.34661 0.931028 -4.80869
0.500761 0.785748 0.363097 -1.60499 -0.789673 0.586495 -0.180115 6.0357 -0.354479 -0.196533 0.914177 -3.95146
-0.705021 0.644096 0.296793 1.16871 -0.704039 -0.685995 -0.183684 8.19164 0.0852878 -0.338455 0.93711 -4.55276
-0.734062 -0.630586 0.252023 3.10229 0.610137 -0.775367 -0.162909 4.67065 0.298138 0.0341833 0.953911 -5.97105
0.513917 -0.831165 0.212262 0.046304 0.857837 0.498549 -0.124756 1.4422 -0.00213005 0.2462 0.969217 -5.92233
0.90563 0.375697 0.19669 -3.02788 -0.3576 0.925873 -0.121987 3.63711 -0.22794 0.0401388 0.972847 -4.79127
-0.278081 0.931909 0.232845 -1.48584 -0.95851 -0.253393 -0.130574 6.53307 -0.062682 -0.259494 0.963708 -4.58009
-0.933569 -0.157085 0.32214 1.09183 0.113752 -0.982226 -0.149307 6.13474 0.339868 -0.102745 0.934844 -5.39645
-0.0971117 -0.942665 0.319301 1.59006 0.976097 -0.15288 -0.154474 3.63115 0.194432 0.296668 0.934978 -5.95305
0.902105 -0.335068 0.271911 -0.955512 0.377299 0.918258 -0.120202 2.47231 -0.209409 0.211026 0.954786 -5.40848
0.514568 0.815967 0.263474 -2.76399 -0.818439 0.559024 -0.132853 4.49141 -0.255692 -0.147275 0.955474 -4.65477
-0.627993 0.739013 0.243897 -1.30253 -0.773146 -0.628196 -0.0872709 6.7239 0.0887206 -0.243373 0.965867 -4.95782
-0.888806 -0.370419 0.269839 1.21337 0.368234 -0.927752 -0.0606609 6.12965 0.272814 0.0454482 0.960993 -5.85865
0.0805502 -0.944488 0.31852 1.43061 0.994404 0.0542324 -0.0906613 3.32093 0.0683542 0.32404 0.943571 -6.45663
0.961655 -0.0836572 0.261194 -1.29935 0.124359 0.981821 -0.143395 2.33272 -0.24445 0.170378 0.954576 -6.13285
0.277959 0.929517 0.242359 -2.70565 -0.941298 0.313878 -0.124249 4.07939 -0.191563 -0.193596 0.962198 -5.36264
-0.859689 0.432635 0.271592 -1.55614 -0.477774 -0.869131 -0.12784 6.13642 0.180741 -0.239662 0.953884 -5.27273
-0.522022 -0.818728 0.239119 0.43437 0.807473 -0.564684 -0.170645 5.18883 0.274738 0.104002 0.955878 -6.12548
0.733385 -0.638669 0.232914 0.110118 0.669568 0.737873 -0.0849823 3.13094 -0.117586 0.218277 0.968777 -6.26759
0.745248 0.621146 0.242453 -1.86316 -0.629138 0.775491 -0.0529124 2.91828 -0.220887 -0.113104 0.968719 -5.91687
-0.474241 0.864485 0.166622 -2.5204 -0.880096 -0.470446 -0.0641184 4.83301 0.0229577 -0.177051 0.983934 -5.69382
-0.913927 -0.309623 0.262434 -1.02581 0.292858 -0.950722 -0.101792 6.02113 0.281019 -0.0161745 0.959566 -5.98695
-0.901601 -0.346407 0.259073 0.180842 0.331883 -0.938078 -0.0993178 5.81309 0.277435 -0.00356289 0.960738 -6.29251
-0.901421 -0.346898 0.259042 2.54669 0.332184 -0.937894 -0.100044 5.10816 0.277658 -0.0041318 0.960671 -7.04297
-0.903458 -0.345306 0.254023 4.90196 0.331757 -0.938488 -0.0958056 4.41198 0.27148 -0.00228234 0.962441 -7.68843
-0.904361 -0.343861 0.25277 7.23239 0.329914 -0.939011 -0.0970333 3.70727 0.270719 -0.00436065 0.962648 -8.41758
-0.906144 -0.341917 0.248993 9.54756 0.327923 -0.93971 -0.0970181 3.01564 0.267154 -0.00626157 0.963634 -9.10257
-0.90751 -0.339476 0.247353 11.8515 0.325283 -0.940581 -0.0974584 2.35292 0.26574 -0.00798455 0.964011 -9.80936
-0.908859 -0.3371 0.24564 14.1367 0.322625 -0.941416 -0.0982338 1.67982 0.264364 -0.0100309 0.964371 -10.5202
-0.9091 -0.334221 0.248667 16.4101 0.319681 -0.942447 -0.0979756 1.02812 0.267101 -0.00957527 0.963621 -11.2415
-0.911393 -0.331926 0.243287 18.674 0.318784 -0.94328 -0.0927347 0.384098 0.260269 -0.00696162 0.965511 -11.9427
-0.912108 -0.330805 0.242132 20.9424 0.317512 -0.943665 -0.0931866 -0.260482 0.259318 -0.00811628 0.965758 -12.6268
-0.912287 -0.329374 0.243405 23.2132 0.315688 -0.944154 -0.0944152 -0.894653 0.260909 -0.00929369 0.965319 -13.2896
-0.913857 -0.329586 0.23715 25.4979 0.315809 -0.94405 -0.0950522 -1.5445 0.255209 -0.0119699 0.966812 -13.9901
-0.91309 -0.329945 0.239592 27.7851 0.315896 -0.943925 -0.0960021 -2.16375 0.257832 -0.0119722 0.966115 -14.664
-0.91315 -0.330456 0.238658 30.1089 0.316404 -0.943742 -0.0961201 -2.82052 0.256995 -0.0122594 0.966335 -15.3371
-0.913223 -0.330566 0.238226 32.4646 0.316252 -0.943688 -0.0971464 -3.45941 0.256924 -0.0133767 0.966339 -15.9996
-0.913111 -0.330567 0.238652 34.8276 0.315808 -0.943666 -0.0987904 -4.13691 0.257865 -0.0148381 0.966067 -16.6928
-0.914069 -0.330912 0.234471 37.2015 0.316322 -0.943529 -0.0984528 -4.78544 0.25381 -0.0158241 0.967125 -17.4247
-0.914354 -0.33002 0.234618 39.5908 0.315446 -0.943841 -0.0982759 -5.44638 0.253875 -0.0158496 0.967107 -18.1801
-0.91344 -0.330689 0.237221 42.0167 0.315025 -0.943555 -0.102294 -6.13214 0.257659 -0.0187092 0.966055 -18.8976
-0.914154 -0.33118 0.233761 44.456 0.313816 -0.943201 -0.109054 -6.82344 0.2566 -0.0263343 0.966159 -19.5722
-0.914667 -0.331989 0.230584 46.8865 0.313877 -0.942794 -0.112341 -7.51168 0.254689 -0.0303795 0.966546 -20.3014
-0.914393 -0.330786 0.233383 49.3354 0.312069 -0.943179 -0.114133 -8.16431 0.257875 -0.0315309 0.965663 -21.0546
-0.915652 -0.329082 0.230842 51.8245 0.310592 -0.943755 -0.113403 -8.83992 0.255177 -0.0321397 0.96636 -21.7332
-0.916438 -0.326813 0.230947 54.2819 0.30784 -0.944469 -0.11495 -9.49422 0.255689 -0.0342494 0.966152 -22.4591
-0.918438 -0.324704 0.22592 56.7731 0.30644 -0.945195 -0.112704 -10.1772 0.250134 -0.0342806 0.967604 -23.1636
-0.919126 -0.32379 0.224431 59.2629 0.305552 -0.945481 -0.112713 -10.8217 0.24869 -0.0350217 0.96795 -23.8744
-0.917954 -0.323696 0.229309 61.76 0.305497 -0.945598 -0.111874 -11.4872 0.253048 -0.0326422 0.966903 -24.5677
-0.917085 -0.32433 0.231875 64.258 0.306299 -0.945444 -0.110977 -12.1619 0.255218 -0.0307523 0.966394 -25.3238
-0.917636 -0.325838 0.227542 66.741 0.30857 -0.944963 -0.108768 -12.8349 0.25046 -0.0295967 0.967674 -26.0272
-0.916775 -0.327542 0.228562 69.2666 0.310426 -0.944413 -0.108257 -13.5304 0.251316 -0.0282958 0.967491 -26.7394
-0.916253 -0.329751 0.22748 71.7626 0.312323 -0.943604 -0.109845 -14.202 0.250873 -0.0295984 0.967567 -27.4691
-0.915219 -0.331944 0.228448 74.2863 0.313679 -0.942759 -0.113191 -14.8973 0.252945 -0.0319351 0.966953 -28.186
-0.916753 -0.333702 0.219566 76.7829 0.315698 -0.942036 -0.113596 -15.58 0.244746 -0.0348226 0.968962 -28.9166
-0.916775 -0.33424 0.21865 79.2914 0.316175 -0.941823 -0.114033 -16.2948 0.244044 -0.0354103 0.969117 -29.6146
-0.916277 -0.332879 0.222777 81.8243 0.315041 -0.942399 -0.112398 -16.9976 0.247359 -0.0328039 0.968368 -30.3218
-0.9164 -0.332325 0.223098 84.3499 0.314776 -0.942634 -0.111164 -17.6818 0.247243 -0.0316442 0.968437 -31.0309
-0.917257 -0.331539 0.220734 86.8741 0.314788 -0.942971 -0.108232 -18.3702 0.244029 -0.0297922 0.96931 -31.7433
-0.917522 -0.332286 0.218499 89.3898 0.315406 -0.942663 -0.109113 -19.0774 0.242227 -0.0311972 0.969718 -32.4219
-0.917284 -0.332379 0.219354 91.9236 0.315071 -0.942588 -0.11072 -19.7961 0.243562 -0.0324499 0.969342 -33.1147
-0.917202 -0.332674 0.219249 94.4355 0.315135 -0.942453 -0.111682 -20.4875 0.243785 -0.0333422 0.969256 -33.8333
-0.91732 -0.332701 0.218715 96.9728 0.315382 -0.942464 -0.110888 -21.1975 0.243024 -0.0327414 0.969468 -34.4973
-0.918179 -0.332984 0.214643 99.4996 0.316041 -0.942351 -0.109972 -21.9026 0.238888 -0.0331379 0.970481 -35.1855
-0.917603 -0.333509 0.216283 102.043 0.316104 -0.94213 -0.111665 -22.6152 0.241008 -0.0340959 0.969924 -35.886
-0.917273 -0.334622 0.215963 104.556 0.31716 -0.941729 -0.112058 -23.3267 0.240875 -0.0342924 0.96995 -36.541
-0.917001 -0.335405 0.215904 107.083 0.318176 -0.941486 -0.111212 -24.034 0.240572 -0.033286 0.97006 -37.201
-0.917634 -0.333594 0.216021 109.631 0.318078 -0.942337 -0.104058 -24.7399 0.238278 -0.0267757 0.970828 -37.8584
-0.916402 -0.334145 0.220356 112.16 0.318222 -0.942154 -0.105265 -25.4336 0.242783 -0.0263424 0.969723 -38.5487
-0.917009 -0.334681 0.216991 114.677 0.318837 -0.941932 -0.105395 -26.1399 0.239664 -0.0274635 0.970467 -39.2526
-0.917491 -0.333851 0.216231 117.207 0.318755 -0.942295 -0.102349 -26.8547 0.237923 -0.0249795 0.970963 -39.9509
-0.916661 -0.333649 0.220031 119.752 0.318773 -0.94243 -0.101045 -27.5645 0.241077 -0.0224839 0.970245 -40.6316
-0.916895 -0.333814 0.218798 122.292 0.319049 -0.94237 -0.100737 -28.2796 0.239816 -0.0225574 0.970556 -41.3346
-0.91608 -0.334703 0.220844 124.823 0.319741 -0.94206 -0.101439 -28.9947 0.242 -0.0223131 0.970019 -42.0213
-0.916385 -0.335828 0.217853 127.352 0.32099 -0.941644 -0.101352 -29.725 0.239177 -0.0229491 0.970705 -42.7523
-0.915811 -0.337061 0.218359 129.89 0.321906 -0.941183 -0.102723 -30.4439 0.24014 -0.0237837 0.970447 -43.4317
-0.916068 -0.337691 0.2163 132.408 0.321948 -0.940873 -0.105398 -31.1705 0.239103 -0.0269144 0.970621 -44.1359
-0.916025 -0.337499 0.21678 134.933 0.31992 -0.940716 -0.112722 -31.8834 0.241972 -0.0339037 0.969691 -44.8484
-0.916595 -0.335322 0.217748 137.462 0.316714 -0.941347 -0.116443 -32.6092 0.244023 -0.0377672 0.969034 -45.5558
-0.918951 -0.32974 0.216338 140.015 0.311504 -0.943311 -0.114586 -33.3 0.241858 -0.0379083 0.969571 -46.2646
-0.921664 -0.323831 0.213705 142.57 0.306891 -0.945468 -0.109128 -33.9736 0.23739 -0.0349949 0.970784 -46.9735
-0.92273 -0.319993 0.214884 145.134 0.3031 -0.94678 -0.108347 -34.6417 0.238118 -0.0348438 0.970611 -47.673
-0.923524 -0.319676 0.211925 147.668 0.303609 -0.946954 -0.105355 -35.3123 0.234363 -0.0329552 0.97159 -48.3365
-0.923648 -0.322038 0.207766 150.248 0.305803 -0.946072 -0.106927 -35.9997 0.230996 -0.0352275 0.972317 -49.0425
-0.922389 -0.325073 0.20863 152.789 0.30858 -0.945026 -0.108189 -36.6904 0.23233 -0.0354134 0.971992 -49.7298
-0.92176 -0.326875 0.208596 155.332 0.311526 -0.944576 -0.103574 -37.3898 0.23089 -0.030487 0.972502 -50.4041
-0.920913 -0.328581 0.209654 157.886 0.314066 -0.944109 -0.100111 -38.0895 0.230831 -0.0263486 0.972637 -51.0586
-0.919579 -0.328548 0.215478 160.45 0.312658 -0.944034 -0.105097 -38.7901 0.237948 -0.0292741 0.970836 -51.7594
-0.920085 -0.329616 0.211657 162.969 0.313424 -0.943571 -0.106957 -39.4944 0.234968 -0.0320705 0.971474 -52.4856
-0.92065 -0.328231 0.21135 165.537 0.312449 -0.944096 -0.105159 -40.1858 0.234051 -0.0307789 0.971737 -53.1831
-0.921052 -0.32559 0.213672 168.123 0.310525 -0.945119 -0.101609 -40.8964 0.235028 -0.0272364 0.971607 -53.8703
-0.921564 -0.324809 0.212649 170.674 0.30921 -0.945306 -0.103862 -41.5886 0.234754 -0.0299618 0.971593 -54.5735
-0.921352 -0.324529 0.213992 173.216 0.307728 -0.945258 -0.108591 -42.2855 0.237519 -0.0341993 0.970781 -55.2941
-0.922487 -0.322878 0.211585 175.755 0.306143 -0.945782 -0.108508 -42.968 0.235148 -0.0353216 0.971317 -55.9723
-0.923278 -0.321548 0.210156 178.305 0.304817 -0.946202 -0.108574 -43.6488 0.233762 -0.0361843 0.97162 -56.658
-0.922156 -0.320356 0.216797 180.864 0.30323 -0.946658 -0.10905 -44.2951 0.240168 -0.0348211 0.970106 -57.3404
-0.923535 -0.320295 0.21094 183.405 0.303461 -0.946618 -0.108748 -44.9497 0.234511 -0.0364203 0.971431 -58.0468
-0.924167 -0.319777 0.208945 185.999 0.303121 -0.946781 -0.108278 -45.6103 0.23245 -0.0367315 0.971914 -58.7313
-0.923595 -0.319766 0.211477 188.602 0.303004 -0.946814 -0.108315 -46.2772 0.234865 -0.0359605 0.971362 -59.4049
-0.923835 -0.319177 0.21132 191.188 0.302752 -0.947058 -0.10688 -46.9658 0.234246 -0.0347618 0.971555 -60.1196
-0.923288 -0.319525 0.213178 193.745 0.303881 -0.947081 -0.103415 -47.642 0.23494 -0.0307009 0.971525 -60.7963
-0.923798 -0.32091 0.208841 196.306 0.305178 -0.946541 -0.104536 -48.3216 0.231223 -0.0328364 0.972346 -61.4836
-0.923232 -0.322742 0.208522 198.869 0.306513 -0.94585 -0.10686 -49.012 0.231719 -0.034742 0.972162 -62.183
-0.923414 -0.323353 0.206763 200.152 0.306795 -0.945562 -0.108583 -49.3493 0.230618 -0.0368332 0.972347 -62.5349
