1 0 0 0 0 1 0 0 0 0 1 0
0.897953 -0.439927 0.0120083 -2.37506 0.440027 0.897954 -0.00739771 -1.3207 -0.00752843 0.0119268 0.999901 -0.0133723
0.600811 -0.798135 -0.044806 -4.19509 0.799299 0.60065 0.0184724 -3.78396 0.0121692 -0.0469118 0.998825 -0.144331
0.135893 -0.986971 -0.0861415 -4.67736 0.990365 0.132992 0.038599 -7.15596 -0.02664 -0.0905569 0.995535 -0.158497
-0.348367 -0.934265 -0.0760851 -3.3099 0.935349 -0.351784 0.0370013 -10.6338 -0.0613345 -0.0582761 0.996415 -0.0203418
-0.825546 -0.559628 -0.0727325 -0.312466 0.559926 -0.828344 0.0181373 -12.7717 -0.0703976 -0.0257517 0.997187 0.168183
-0.993498 0.106387 -0.04054 3.43929 -0.108379 -0.992822 0.0505739 -12.9104 -0.0348686 0.0546387 0.997897 0.427494
-0.659086 0.744689 -0.105092 6.29391 -0.752068 -0.652588 0.0923214 -9.7457 0.000169205 0.139884 0.990168 0.469041
0.135622 0.985607 -0.100924 5.84859 -0.985792 0.144429 0.0857567 -5.30728 0.0990988 0.0878597 0.991191 0.0547953
0.883336 0.453375 -0.119028 1.34018 -0.453511 0.890826 0.0275171 -2.88103 0.118509 0.0296737 0.992509 -0.468202
0.782468 -0.604558 -0.149175 -3.19748 0.61605 0.786475 0.0440392 -5.98319 0.0906979 -0.126358 0.98783 -0.845715
-0.169577 -0.972352 -0.160549 -2.31984 0.984774 -0.17351 0.0106973 -11.4803 -0.0382585 -0.156291 0.98697 -0.644534
-0.924056 -0.342676 -0.169392 3.06698 0.346151 -0.93813 0.00951036 -13.4755 -0.16217 -0.049847 0.985503 0.322338
-0.802111 0.575312 -0.160107 7.08928 -0.582742 -0.812657 -0.000668507 -10.3001 -0.130496 0.0927648 0.987099 1.11446
0.0449725 0.985136 -0.165788 6.66131 -0.998882 0.0467655 0.00692503 -5.37254 0.0145753 0.165291 0.986137 1.10362
0.824183 0.516219 -0.232895 2.73796 -0.523107 0.851499 0.0361702 -2.99269 0.216982 0.0920182 0.971829 0.325667
0.879898 -0.417766 -0.226389 -1.17332 0.43739 0.898274 0.0423625 -5.10009 0.185661 -0.136295 0.973115 -0.54501
0.176057 -0.948339 -0.263925 -2.21555 0.983614 0.180051 0.00917884 -9.65254 0.0388153 -0.261216 0.964499 -0.678826
-0.703475 -0.650028 -0.28738 0.543503 0.683578 -0.729508 -0.0232434 -13.1805 -0.194537 -0.212798 0.957534 0.10097
-0.952869 0.172503 -0.249565 4.5039 -0.161922 -0.984823 -0.0624892 -13.7219 -0.256557 -0.0191339 0.966339 1.27236
-0.447921 0.876801 -0.174892 7.23228 -0.884503 -0.46311 -0.0564219 -11.1393 -0.130465 0.12942 0.98297 2.1303
0.489962 0.859848 -0.143525 6.82138 -0.870834 0.49029 -0.0355455 -7.44597 0.039805 0.142402 0.989008 2.46452
0.984585 0.084951 -0.152894 3.87823 -0.0931338 0.994536 -0.047165 -5.54874 0.148052 0.0606774 0.987116 1.92399
0.604445 -0.782419 -0.14989 0.811093 0.781957 0.618668 -0.0761084 -7.30458 0.152281 -0.0712042 0.985769 1.27038
-0.276354 -0.946202 -0.168319 0.702297 0.956517 -0.287798 0.0473966 -10.8796 -0.0932889 -0.147902 0.984592 1.35927
-0.936333 -0.185357 -0.298199 3.10261 0.173709 -0.982626 0.0653505 -12.6291 -0.305132 0.00939001 0.952264 2.35789
-0.544303 0.735888 -0.402744 5.51977 -0.788132 -0.613044 -0.054995 -11.5121 -0.28737 0.287482 0.913659 3.7084
0.392114 0.853551 -0.343071 5.20188 -0.919915 0.363097 -0.148044 -8.67382 -0.00179451 0.373646 0.927569 4.3375
0.939222 0.150712 -0.30846 2.7246 -0.198979 0.971159 -0.131364 -7.45419 0.279766 0.184757 0.942123 4.23498
0.634187 -0.614712 -0.468973 0.386355 0.650291 0.752177 -0.106544 -8.72171 0.418244 -0.2374 0.876763 3.30602
-0.234677 -0.80631 -0.542947 0.403021 0.959368 -0.102106 -0.263034 -12.3792 0.156649 -0.582614 0.79751 2.79832
-0.851368 -0.179597 -0.492867 3.06899 0.361639 -0.88155 -0.303457 -14.1338 -0.379987 -0.436594 0.815473 4.26155
-0.59758 0.702464 -0.386577 5.86796 -0.633936 -0.709132 -0.308638 -12.0668 -0.490942 0.060629 0.86908 6.62873
0.335896 0.871766 -0.356649 4.96951 -0.9363 0.267812 -0.227197 -7.78544 -0.102548 0.410245 0.906191 7.76043
0.921791 0.0830987 -0.378677 0.657491 -0.167412 0.966315 -0.195469 -6.27851 0.349678 0.243576 0.904653 6.47341
0.466748 -0.768908 -0.436952 -2.07329 0.799913 0.577768 -0.162244 -8.81611 0.377208 -0.273797 0.884731 4.80856
-0.507622 -0.722037 -0.470089 -1.15852 0.857617 -0.475723 -0.195401 -12.6227 -0.0825456 -0.502346 0.860718 4.60584
-0.875709 0.178627 -0.448582 1.9884 -0.0889962 -0.972847 -0.213655 -13.6336 -0.474566 -0.147178 0.867828 5.96222
-0.240307 0.888764 -0.390323 4.62964 -0.94137 -0.31147 -0.12965 -11.3638 -0.236802 0.336282 0.911504 7.65502
0.676831 0.596118 -0.431907 3.30475 -0.699658 0.703339 -0.12567 -7.31175 0.228863 0.387244 0.89312 7.85933
0.785499 0.443677 -0.431442 1.96981 -0.531827 0.840445 -0.103983 -3.42417 0.316469 0.311131 0.896128 7.89441
0.824955 0.342205 -0.449829 -0.721975 -0.424965 0.900265 -0.0944839 -0.0695536 0.372633 0.269106 0.888103 7.13278
0.848324 0.259999 -0.461244 -3.60596 -0.334417 0.938489 -0.0860457 2.27948 0.410501 0.227243 0.883091 6.00264
0.849077 0.260192 -0.459748 -5.9359 -0.335496 0.937843 -0.0888376 3.07551 0.408057 0.229674 0.883595 4.82825
0.848292 0.262641 -0.459806 -8.22158 -0.337196 0.93744 -0.0866253 3.85229 0.408289 0.228528 0.883785 3.63752
0.848156 0.263298 -0.459679 -10.5548 -0.338087 0.937079 -0.0870601 4.65404 0.407833 0.229252 0.883808 2.47889
0.847723 0.263421 -0.460407 -12.8574 -0.338753 0.936774 -0.0877538 5.47056 0.408181 0.230355 0.88336 1.30686
0.848581 0.264035 -0.458472 -15.1842 -0.33914 0.936579 -0.0883338 6.25159 0.406072 0.230444 0.884308 0.134455
0.848181 0.26431 -0.459054 -17.5289 -0.340044 0.936162 -0.0892752 7.06902 0.406152 0.23182 0.883912 -0.996644
0.847005 0.266026 -0.460231 -19.8288 -0.34053 0.93634 -0.0854781 7.87012 0.408193 0.229123 0.883675 -2.1981
0.848869 0.266345 -0.456598 -22.1564 -0.340621 0.93615 -0.0871739 8.67387 0.404226 0.229526 0.885392 -3.37028
0.846878 0.266446 -0.460221 -24.4771 -0.341278 0.936011 -0.0860981 9.4829 0.407832 0.229978 0.88362 -4.54761
0.84674 0.267299 -0.459981 -26.7913 -0.341007 0.936334 -0.0836188 10.2909 0.408345 0.22766 0.883983 -5.71769
0.848419 0.268371 -0.456247 -29.1069 -0.340695 0.936533 -0.0826622 11.1003 0.405106 0.225573 0.886005 -6.89029
0.849075 0.268791 -0.454778 -31.4366 -0.340587 0.936603 -0.082313 11.9113 0.403821 0.224781 0.886793 -8.05237
0.848878 0.268314 -0.455428 -33.7479 -0.34029 0.936702 -0.0824156 12.7292 0.404487 0.224938 0.88645 -9.23221
0.848979 0.267689 -0.455606 -36.0732 -0.340625 0.936389 -0.0845535 13.5377 0.403991 0.226975 0.886157 -10.3952
0.848985 0.268567 -0.455078 -38.375 -0.340852 0.936424 -0.0832499 14.3454 0.403787 0.225792 0.886552 -11.5729
0.849233 0.267939 -0.454986 -40.6902 -0.340786 0.936319 -0.0846848 15.1484 0.403322 0.22697 0.886463 -12.7376
0.849 0.265897 -0.456616 -43.0148 -0.340754 0.935974 -0.0885367 15.9515 0.403839 0.230761 0.885247 -13.8925
0.846391 0.268432 -0.459963 -45.3303 -0.340233 0.936996 -0.0792466 16.7802 0.409711 0.223568 0.884395 -15.0872
0.848837 0.26972 -0.454673 -47.6536 -0.338951 0.937685 -0.076542 17.6064 0.405695 0.219083 0.887363 -16.2357
0.849571 0.270611 -0.452768 -49.9599 -0.33923 0.937618 -0.0761321 18.4161 0.403921 0.218272 0.888372 -17.3902
0.847511 0.271028 -0.456364 -52.2845 -0.339773 0.937578 -0.0741757 19.2327 0.407773 0.217925 0.886696 -18.5825
0.849238 0.272569 -0.452217 -54.6005 -0.339632 0.937753 -0.0725912 20.0355 0.404282 0.215235 0.888949 -19.7411
0.84908 0.270125 -0.453977 -56.9348 -0.339491 0.937439 -0.0771602 20.846 0.404733 0.219636 0.887666 -20.869
0.849809 0.269138 -0.453199 -59.2344 -0.339176 0.937372 -0.0793296 21.6367 0.403465 0.221129 0.887873 -22.0475
0.848886 0.267965 -0.455618 -61.5466 -0.338548 0.937599 -0.079333 22.4309 0.405928 0.221593 0.886634 -23.2063
0.850818 0.266341 -0.452959 -63.8537 -0.338036 0.937399 -0.0837586 23.2179 0.402295 0.22438 0.887588 -24.3533
0.849649 0.263054 -0.457056 -66.1762 -0.337835 0.937013 -0.0887331 23.9952 0.404925 0.229801 0.885001 -25.4891
0.848788 0.261844 -0.459344 -68.4916 -0.337299 0.937177 -0.0890418 24.8182 0.407172 0.230514 0.883784 -26.6738
0.84778 0.261018 -0.46167 -70.7992 -0.33724 0.937161 -0.0894358 25.6162 0.409315 0.231516 0.882532 -27.8432
0.847364 0.259457 -0.46331 -73.1141 -0.337767 0.936599 -0.0932524 26.4006 0.409741 0.23551 0.881276 -28.9895
0.847158 0.259544 -0.463637 -75.4103 -0.338888 0.935993 -0.0952472 27.1865 0.40924 0.23781 0.880891 -30.1449
0.84719 0.260819 -0.462864 -77.6917 -0.339538 0.935873 -0.0941093 27.9985 0.408636 0.236888 0.88142 -31.3092
0.845956 0.262143 -0.46437 -79.9557 -0.341019 0.935427 -0.0931818 28.7919 0.409957 0.237187 0.880726 -32.4942
0.846612 0.264253 -0.461973 -82.2093 -0.341807 0.935316 -0.0913857 29.5812 0.407942 0.235274 0.882174 -33.6732
0.846523 0.265257 -0.46156 -84.4502 -0.34293 0.934876 -0.09168 30.364 0.407183 0.235892 0.882359 -34.8188
0.84375 0.264804 -0.466867 -86.6773 -0.34513 0.933828 -0.0940776 31.1475 0.411062 0.240508 0.879309 -35.9254
0.84536 0.266494 -0.462976 -88.8896 -0.34561 0.933697 -0.0936113 31.9409 0.407333 0.239144 0.881414 -37.0675
0.840791 0.272515 -0.467768 -91.0601 -0.349879 0.932894 -0.0853996 32.7338 0.413105 0.235465 0.879716 -38.1865
0.8412 0.279429 -0.462928 -93.2321 -0.35513 0.931099 -0.0832953 33.5399 0.407757 0.234468 0.882474 -39.2878
0.839399 0.288317 -0.460742 -95.3597 -0.363651 0.927933 -0.0818453 34.3451 0.40394 0.23625 0.883753 -40.387
0.836404 0.299114 -0.459303 -97.4895 -0.374457 0.92376 -0.0803111 35.166 0.400263 0.239161 0.884642 -41.4461
0.832116 0.311889 -0.458594 -99.5534 -0.388412 0.917967 -0.0804614 36.0402 0.395879 0.245076 0.884996 -42.4815
0.829595 0.325032 -0.454012 -101.613 -0.403722 0.910868 -0.0856018 36.9045 0.385722 0.254309 0.886874 -43.4818
0.823398 0.340017 -0.454317 -103.628 -0.422834 0.901567 -0.0915942 37.7863 0.378453 0.267519 0.886119 -44.4654
0.812645 0.358525 -0.459422 -105.618 -0.444346 0.891279 -0.0904373 38.724 0.377049 0.277635 0.883603 -45.436
0.80327 0.380888 -0.45791 -107.526 -0.468541 0.878744 -0.0909817 39.7241 0.367732 0.287633 0.884331 -46.3556
0.793245 0.404483 -0.455144 -109.376 -0.49519 0.863503 -0.09565 40.765 0.354329 0.301256 0.885266 -47.2441
0.779552 0.430095 -0.455321 -111.197 -0.522504 0.847429 -0.0940947 41.8363 0.345382 0.311258 0.885342 -48.1026
0.764609 0.456992 -0.454458 -112.926 -0.551119 0.829179 -0.0934335 42.9741 0.334129 0.3219 0.885855 -48.9254
0.750882 0.482449 -0.451021 -114.628 -0.578602 0.809817 -0.097038 44.1765 0.318429 0.333826 0.887223 -49.697
0.734606 0.506943 -0.450958 -116.289 -0.60612 0.789011 -0.1004 45.3953 0.304913 0.347089 0.886881 -50.4401
0.718505 0.530924 -0.4493 -117.883 -0.631929 0.768174 -0.102831 46.6811 0.290545 0.35781 0.887444 -51.1485
0.701582 0.55417 -0.447972 -119.444 -0.65591 0.747913 -0.102024 48.0115 0.278505 0.365408 0.888208 -51.8273
0.684651 0.572975 -0.450504 -120.964 -0.677671 0.727972 -0.104013 49.3938 0.268358 0.376505 0.886695 -52.4838
0.669397 0.590994 -0.450148 -122.444 -0.696446 0.71013 -0.103336 50.7991 0.258592 0.382677 0.886955 -53.0771
0.655172 0.608571 -0.447651 -123.864 -0.714031 0.692383 -0.10376 52.2454 0.246801 0.387617 0.888169 -53.6868
0.639418 0.624555 -0.448414 -125.273 -0.730672 0.67513 -0.101578 53.7089 0.239297 0.392594 0.888036 -54.2641
0.626807 0.639917 -0.444544 -126.633 -0.745803 0.657916 -0.104517 55.2129 0.225591 0.397054 0.889639 -54.8314
0.61333 0.653853 -0.443062 -127.968 -0.760307 0.640693 -0.106982 56.7462 0.213916 0.402478 0.890085 -55.348
0.599977 0.666011 -0.443236 -129.308 -0.773861 0.623658 -0.110406 58.3035 0.202896 0.409244 0.889581 -55.8508
0.587664 0.678411 -0.44092 -130.609 -0.786428 0.607042 -0.114152 59.9132 0.190215 0.413834 0.890258 -56.3342
0.57509 0.69008 -0.439388 -131.889 -0.798479 0.590369 -0.11788 61.5505 0.178054 0.418633 0.89053 -56.8001
0.557894 0.702382 -0.442057 -133.108 -0.812237 0.571454 -0.117097 63.2164 0.170368 0.424383 0.889311 -57.239
0.54112 0.715618 -0.441679 -134.328 -0.825892 0.551166 -0.118824 64.9138 0.158405 0.429077 0.88927 -57.6437
0.522967 0.732033 -0.436616 -135.507 -0.839879 0.529887 -0.117574 66.6529 0.145289 0.428192 0.891932 -58.0289
0.503226 0.747713 -0.433232 -136.65 -0.853757 0.507715 -0.115429 68.4285 0.13365 0.427962 0.893861 -58.3884
0.485126 0.760906 -0.430902 -137.752 -0.866453 0.484745 -0.119503 70.2345 0.117947 0.43133 0.894452 -58.7368
0.465703 0.771914 -0.432746 -138.817 -0.878812 0.460863 -0.123672 72.0628 0.103972 0.437896 0.892993 -59.0551
0.443344 0.780889 -0.440067 -139.863 -0.891409 0.435593 -0.125098 73.9274 0.0940019 0.447741 0.889209 -59.3174
0.422694 0.791552 -0.441334 -140.834 -0.902826 0.410212 -0.128962 75.8235 0.0789602 0.452959 0.888028 -59.5899
0.400941 0.803487 -0.440063 -141.743 -0.914019 0.38324 -0.133025 77.7469 0.0617659 0.455561 0.888059 -59.8006
0.377585 0.8142 -0.44103 -142.641 -0.924731 0.356239 -0.134038 79.7007 0.047978 0.458445 0.887427 -59.9846
0.356799 0.823053 -0.441904 -143.496 -0.933653 0.330087 -0.139051 81.6744 0.0314204 0.462198 0.88622 -60.1464
0.334976 0.832409 -0.441461 -144.314 -0.942024 0.305589 -0.138587 83.6745 0.0195442 0.46229 0.886514 -60.2763
0.314083 0.841508 -0.439563 -145.062 -0.94938 0.281023 -0.140369 85.6959 0.00540563 0.4614 0.887176 -60.3629
0.295945 0.849596 -0.436581 -145.763 -0.955109 0.256738 -0.147823 87.726 -0.0135031 0.46073 0.887438 -60.4224
0.27085 0.85616 -0.440036 -146.425 -0.962456 0.23237 -0.140296 89.7751 -0.0178646 0.461514 0.886954 -60.4708
0.252218 0.863093 -0.437558 -147.02 -0.967163 0.210204 -0.142862 91.8322 -0.0313264 0.459222 0.887769 -60.4992
0.235776 0.869096 -0.434835 -147.62 -0.970672 0.188993 -0.148582 93.9039 -0.0469519 0.457114 0.888168 -60.4962
0.217273 0.873397 -0.435855 -148.164 -0.974485 0.168325 -0.148479 95.9935 -0.0563163 0.456995 0.887685 -60.4639
0.200475 0.877404 -0.435857 -148.673 -0.977226 0.147503 -0.15255 98.0859 -0.0695572 0.456514 0.886994 -60.4149
0.181887 0.881126 -0.436502 -149.136 -0.979894 0.125395 -0.155191 100.173 -0.0820071 0.455953 0.886218 -60.3255
0.171319 0.882488 -0.438023 -149.353 -0.981195 0.112706 -0.156693 101.216 -0.0889119 0.456631 0.885203 -60.2666
