1 0 0 0 0 1 0 0 0 0 1 0
1 -8.97905e-05 -0.000145875 -1.13878 8.99659e-05 0.999999 0.00120271 -0.062509 0.000145767 -0.00120272 0.999999 -0.0219552
1 0.000283909 -0.000263673 -2.32558 -0.00028333 0.999998 0.00219469 -0.125982 0.000264295 -0.00219461 0.999998 -0.0489792
0.999997 0.0023021 0.000342299 -3.55719 -0.00230253 0.999997 0.00126241 -0.197462 -0.000339391 -0.00126319 0.999999 -0.0733115
0.999981 0.00613796 0.000842196 -4.76198 -0.00613951 0.99998 0.00184859 -0.276963 -0.000830832 -0.00185372 0.999998 -0.084934
0.999928 0.0120026 0.000730752 -6.02295 -0.0120033 0.999928 0.000902479 -0.329956 -0.000719867 -0.000911185 0.999999 -0.0860921
0.999813 0.0192489 0.0018915 -7.31284 -0.0192502 0.999815 0.000715523 -0.380462 -0.00187737 -0.000751801 0.999998 -0.0778242
0.999609 0.0279058 0.00192148 -8.62096 -0.0279074 0.99961 0.00080976 -0.404631 -0.00189814 -0.000863067 0.999998 -0.0949021
0.999367 0.0355543 0.00139307 -9.97692 -0.0355545 0.999368 0.000117709 -0.434952 -0.001388 -0.000167165 0.999999 -0.0843614
0.999153 0.0409096 0.00448272 -11.34 -0.0409125 0.999163 0.000565478 -0.470622 -0.00445584 -0.000748399 0.99999 -0.0900746
0.999057 0.0427705 0.00753231 -12.7235 -0.0427791 0.999084 0.000981063 -0.496456 -0.00748345 -0.00130236 0.999971 -0.111765
0.999078 0.0428905 0.00190297 -14.1186 -0.0428874 0.999079 -0.00161473 -0.50865 -0.00197047 0.00153163 0.999997 -0.104653
0.999107 0.042053 0.00403962 -15.5518 -0.0420483 0.999115 -0.00124669 -0.530829 -0.00408847 0.00107571 0.999991 -0.0998966
0.999178 0.039596 0.00871585 -16.9674 -0.0395766 0.999214 -0.00238679 -0.583419 -0.0088035 0.00203988 0.999959 -0.119979
0.999338 0.036007 0.00516685 -18.4076 -0.0359993 0.999351 -0.00158653 -0.617001 -0.00522062 0.00139948 0.999986 -0.106661
0.999503 0.0314597 -0.00184847 -19.8364 -0.0314661 0.999499 -0.00356554 -0.653207 0.00173538 0.00362193 0.999992 -0.120243
0.999586 0.0286697 -0.00259622 -21.2763 -0.0286891 0.999558 -0.00779549 -0.704695 0.00237158 0.00786675 0.999966 -0.15133
0.999658 0.026149 -0.000948461 -22.7362 -0.0261556 0.999627 -0.00781883 -0.752829 0.000743655 0.00784096 0.999969 -0.177351
0.999676 0.0254558 -0.00021996 -24.1904 -0.0254568 0.999635 -0.00908432 -0.810202 -1.13685e-05 0.00908697 0.999959 -0.19189
0.999668 0.0255909 0.00313028 -25.6494 -0.0255546 0.999612 -0.0111249 -0.851765 -0.00341376 0.0110412 0.999933 -0.21228
0.999643 0.0266949 0.00117537 -27.1199 -0.0266765 0.999552 -0.0136077 -0.906888 -0.0015381 0.0135715 0.999907 -0.232848
0.999587 0.0286864 0.00151914 -28.6011 -0.0286633 0.999498 -0.0135232 -0.937237 -0.00190631 0.0134741 0.999908 -0.250422
0.999492 0.0313874 0.00559162 -30.0685 -0.0313055 0.999409 -0.0141862 -0.987866 -0.00603359 0.0140039 0.999884 -0.262558
0.99942 0.0334798 0.00625604 -31.5421 -0.0334015 0.999367 -0.012223 -1.01642 -0.00666131 0.012007 0.999906 -0.284694
0.999299 0.0370283 0.00557891 -33.0237 -0.0369659 0.999257 -0.0109062 -1.04057 -0.00597861 0.0106924 0.999925 -0.313349
0.999214 0.0392643 0.00538727 -34.5154 -0.0392076 0.999179 -0.0102608 -1.07939 -0.00578573 0.0100416 0.999933 -0.309549
0.999199 0.0398737 0.0034477 -36.0524 -0.0398385 0.999159 -0.00975863 -1.09188 -0.00383391 0.00961346 0.999947 -0.357092
0.999155 0.0409491 0.00347755 -37.5793 -0.0409041 0.999089 -0.0121622 -1.12761 -0.00397242 0.0120097 0.99992 -0.370407
0.999148 0.0406447 0.00709952 -39.1388 -0.0405725 0.999126 -0.0100323 -1.15891 -0.00750108 0.00973575 0.999925 -0.401796
0.99918 0.0404785 0.000943511 -40.7224 -0.0404718 0.999161 -0.00631534 -1.17991 -0.00119835 0.00627197 0.99998 -0.440485
0.999203 0.039694 -0.00419852 -42.3359 -0.0397254 0.999181 -0.00768202 -1.22609 0.00389015 0.00784269 0.999962 -0.462533
0.999293 0.0373689 -0.00405002 -43.9705 -0.0373551 0.999296 0.00343911 -1.22804 0.00417569 -0.0032854 0.999986 -0.48585
0.999295 0.0375207 -0.00140899 -45.6167 -0.0375218 0.999296 -0.000724944 -1.27662 0.0013808 0.000777299 0.999999 -0.52688
0.999342 0.0362709 0.000806995 -47.2764 -0.0362718 0.999341 0.00118186 -1.3103 -0.000763596 -0.00121035 0.999999 -0.576326
0.99936 0.0357054 -0.0018878 -48.9592 -0.0357062 0.999362 -0.000374513 -1.34957 0.00187322 0.000441677 0.999998 -0.54353
0.999382 0.0351105 -0.00160547 -50.6474 -0.0351109 0.999384 -0.0002366 -1.40156 0.00159618 0.000292821 0.999999 -0.572731
0.999426 0.0338815 -3.46183e-05 -52.3537 -0.0338814 0.999423 0.0024316 -1.4387 0.000116985 -0.00242904 0.999997 -0.622645
0.99946 0.0328534 0.000835652 -54.0796 -0.0328558 0.999456 0.00305345 -1.48967 -0.000734881 -0.00307926 0.999995 -0.678967
0.9995 0.0314639 -0.00315737 -55.8171 -0.0314425 0.999484 0.00660405 -1.52919 0.00336354 -0.00650147 0.999973 -0.724416
0.999541 0.0301251 -0.00311281 -57.5625 -0.0301103 0.999536 0.00469946 -1.55441 0.00325294 -0.00460358 0.999984 -0.771357
0.999538 0.0302749 -0.0024599 -59.34 -0.0302633 0.999532 0.0046064 -1.61983 0.0025982 -0.00452983 0.999987 -0.787058
0.999509 0.0305493 -0.00689783 -61.1254 -0.0305073 0.999516 0.0061073 -1.67679 0.00708107 -0.00589387 0.999958 -0.831122
0.999531 0.0289558 -0.00992566 -62.9177 -0.0288676 0.999544 0.00891565 -1.71217 0.0101793 -0.00862494 0.999911 -0.881377
0.999567 0.0278498 -0.00943453 -64.7026 -0.0277249 0.99953 0.0131128 -1.74391 0.00979528 -0.0128456 0.99987 -0.929944
0.999563 0.0276832 -0.0103264 -66.5511 -0.0275551 0.999544 0.0123472 -1.79675 0.0106635 -0.0120573 0.999871 -0.957627
0.999591 0.026983 -0.00940679 -68.3971 -0.0268561 0.99955 0.0133657 -1.86066 0.00976321 -0.0131077 0.999867 -1.0148
0.999653 0.0248708 -0.00865885 -70.2401 -0.0247316 0.999569 0.0158245 -1.92368 0.00904869 -0.0156049 0.999837 -1.07694
0.999693 0.0221783 -0.0110085 -72.1131 -0.0220169 0.999652 0.0145649 -1.99701 0.0113277 -0.0143181 0.999833 -1.12432
0.999763 0.0191745 -0.0102424 -74.0113 -0.0190437 0.999738 0.0127198 -2.08009 0.0104837 -0.0125217 0.999867 -1.16362
0.999811 0.0166847 -0.00996979 -75.9006 -0.0165619 0.999788 0.0122729 -2.16451 0.0101724 -0.0121054 0.999875 -1.20027
0.999837 0.0143329 -0.0109474 -77.806 -0.0141879 0.999812 0.0132123 -2.25547 0.0111347 -0.0130549 0.999853 -1.25719
0.999825 0.0129 -0.0135396 -79.7144 -0.0127124 0.999824 0.0138509 -2.33277 0.0137159 -0.0136764 0.999813 -1.30045
0.999822 0.0129495 -0.0137037 -81.6302 -0.0127493 0.999812 0.014596 -2.39837 0.0138902 -0.0144187 0.9998 -1.34158
0.99978 0.0125697 -0.0167686 -83.5661 -0.0123368 0.999827 0.0139256 -2.51477 0.0169408 -0.0137156 0.999763 -1.40379
0.999781 0.0120902 -0.0170661 -85.5032 -0.0118558 0.999835 0.0137688 -2.6067 0.0172298 -0.0135635 0.99976 -1.46974
0.999737 0.0109032 -0.0201398 -87.4129 -0.0107026 0.999892 0.010045 -2.72375 0.0202471 -0.00982682 0.999747 -1.54052
0.999802 0.00888788 -0.0177797 -89.3384 -0.00870864 0.999911 0.0101329 -2.82154 0.0178682 -0.00997611 0.999791 -1.59608
0.999762 0.00747685 -0.0204738 -91.2942 -0.0073185 0.999943 0.00779776 -2.90534 0.0205309 -0.00764608 0.99976 -1.66797
0.999707 0.00799225 -0.022807 -93.2149 -0.00779033 0.99993 0.00892835 -2.98369 0.0228768 -0.00874808 0.9997 -1.72214
0.999616 0.00899326 -0.0262078 -95.158 -0.00871302 0.999904 0.0107877 -3.09256 0.0263023 -0.0105553 0.999598 -1.80247
0.999595 0.0106854 -0.0263376 -97.1016 -0.0103801 0.999878 0.0117039 -3.19697 0.0264595 -0.0114258 0.999585 -1.87968
0.999493 0.0110096 -0.029859 -99.0381 -0.0106439 0.999867 0.0123808 -3.30457 0.0299914 -0.0120567 0.999478 -1.9733
0.999466 0.0103487 -0.030978 -100.974 -0.00998602 0.99988 0.01184 -3.40749 0.0310968 -0.0115244 0.99945 -2.03814
0.999463 0.00947003 -0.0313504 -102.896 -0.00909492 0.999886 0.0120859 -3.50011 0.0314613 -0.0117943 0.999435 -2.13376
0.999453 0.00757014 -0.032169 -104.872 -0.00718773 0.999903 0.0119863 -3.59572 0.0322566 -0.0117485 0.999411 -2.23906
0.999381 0.00715504 -0.0344335 -106.838 -0.006748 0.999906 0.0119225 -3.68897 0.0345156 -0.0116827 0.999336 -2.34387
0.99936 0.00870991 -0.0346868 -108.813 -0.00827612 0.999886 0.0126299 -3.78598 0.0347928 -0.0123347 0.999318 -2.43472
0.999302 0.00970353 -0.0360572 -110.843 -0.00921244 0.999863 0.0137608 -3.89331 0.0361859 -0.0134191 0.999255 -2.54336
0.99932 0.0102145 -0.0354158 -112.888 -0.00969989 0.999846 0.0146726 -3.9964 0.0355602 -0.0143191 0.999265 -2.64371
0.999316 0.00947308 -0.0357216 -114.971 -0.00891311 0.999836 0.0158026 -4.10372 0.0358655 -0.0154734 0.999237 -2.75872
0.999275 0.00860635 -0.0370701 -117.074 -0.00797499 0.999821 0.0171457 -4.21578 0.037211 -0.0168376 0.999166 -2.8812
0.99924 0.00735934 -0.0382648 -119.187 -0.00669514 0.999825 0.0174572 -4.32427 0.0383866 -0.0171877 0.999115 -2.98658
0.999299 0.00608372 -0.0369281 -121.314 -0.00538851 0.999807 0.0188963 -4.44266 0.037036 -0.018684 0.999139 -3.09951
0.999312 0.00644707 -0.0365028 -123.454 -0.00576352 0.999807 0.0188 -4.55994 0.036617 -0.0185767 0.999157 -3.19965
0.999289 0.00641158 -0.0371304 -125.615 -0.00575168 0.999824 0.0178521 -4.64729 0.0372383 -0.0176259 0.999151 -3.27365
0.999284 0.00676175 -0.0372071 -127.792 -0.00611527 0.999829 0.0174617 -4.74942 0.0373188 -0.0172217 0.999155 -3.36213
0.999273 0.00708571 -0.0374491 -129.972 -0.00640589 0.999813 0.0182417 -4.86458 0.0375714 -0.0179886 0.999132 -3.4725
0.999312 0.00680348 -0.0364488 -132.139 -0.00611291 0.999801 0.0190242 -5.00419 0.036571 -0.0187883 0.999154 -3.59141
0.999366 0.0051217 -0.0352046 -134.333 -0.00445222 0.999809 0.0190687 -5.14054 0.0352955 -0.0188999 0.999198 -3.70181
0.999358 0.00325066 -0.035678 -136.557 -0.00256226 0.99981 0.0193233 -5.26133 0.0357341 -0.0192195 0.999177 -3.80856
0.999401 0.00278755 -0.0344664 -138.74 -0.00221319 0.999859 0.0166911 -5.37661 0.034508 -0.0166049 0.999266 -3.92638
0.999406 0.00362289 -0.0342432 -140.93 -0.00306269 0.999861 0.0163976 -5.51134 0.0342978 -0.016283 0.999279 -4.02375
0.999346 0.00411846 -0.035905 -143.127 -0.00351035 0.99985 0.0169829 -5.64231 0.0359696 -0.0168458 0.999211 -4.12188
0.999274 0.00294042 -0.0379763 -145.305 -0.00225588 0.999835 0.0180554 -5.74269 0.0380231 -0.0179567 0.999115 -4.21736
0.99917 0.0049859 -0.0404106 -147.424 -0.00431224 0.999851 0.0167402 -5.84272 0.040488 -0.0165521 0.999043 -4.34073
0.999099 0.00542217 -0.0420759 -149.624 -0.00472967 0.999853 0.0165403 -5.98093 0.0421594 -0.0163264 0.998977 -4.45552
0.99924 0.00471453 -0.0386664 -151.803 -0.00402494 0.999832 0.0178926 -6.10566 0.0387442 -0.0177234 0.999092 -4.56701
0.999297 0.00135457 -0.0374458 -153.981 -0.00065895 0.999828 0.0185824 -6.2385 0.0374645 -0.0185447 0.999126 -4.67824
0.999262 -0.00236252 -0.0383245 -156.154 0.00307309 0.999825 0.0184922 -6.35946 0.0382741 -0.0185963 0.999094 -4.76306
0.999241 -0.00771317 -0.038176 -158.451 0.00844344 0.999784 0.0190043 -6.50776 0.0380212 -0.0193123 0.99909 -4.88468
0.999288 -0.00974552 -0.0364375 -160.644 0.0104498 0.999762 0.0191868 -6.66257 0.0362418 -0.0195539 0.999152 -4.99132
0.999327 -0.0109103 -0.0349908 -162.857 0.0116131 0.999734 0.0199449 -6.79299 0.0347639 -0.0203378 0.999189 -5.10245
0.999312 -0.0107275 -0.0354844 -165.085 0.0114343 0.99974 0.0197771 -6.94386 0.035263 -0.0201692 0.999174 -5.19167
0.999356 -0.0106961 -0.0342382 -167.35 0.0114309 0.999708 0.0213369 -7.11043 0.0339999 -0.0217145 0.999186 -5.30786
0.999367 -0.0114933 -0.0336588 -169.656 0.0122248 0.999692 0.0216059 -7.27112 0.0334001 -0.0220037 0.9992 -5.40399
0.999373 -0.0123885 -0.0331414 -171.997 0.0131379 0.999661 0.0224878 -7.45934 0.0328516 -0.0229092 0.999198 -5.52431
0.999393 -0.0126724 -0.0324163 -174.356 0.0134584 0.999618 0.0241419 -7.62776 0.032098 -0.0245635 0.999183 -5.63815
0.999401 -0.0125873 -0.0322259 -176.738 0.0133925 0.999601 0.0248902 -7.77865 0.0318997 -0.0253069 0.999171 -5.73331
0.999388 -0.011065 -0.0331725 -179.116 0.0119792 0.999551 0.0274882 -7.94625 0.0328535 -0.0278688 0.999072 -5.86376
0.999472 -0.0104463 -0.0307313 -181.531 0.0113741 0.99948 0.0301737 -8.11457 0.0304001 -0.0305073 0.999072 -6.00173
0.999519 -0.0104674 -0.0291649 -183.946 0.0113739 0.999452 0.0310907 -8.2956 0.0288235 -0.0314075 0.999091 -6.10128
0.999492 -0.0115165 -0.0296815 -186.398 0.0123631 0.999518 0.0284962 -8.49908 0.029339 -0.0288487 0.999153 -6.20039
0.999414 -0.0133577 -0.0315053 -188.813 0.0142379 0.99951 0.0278803 -8.68893 0.0311174 -0.0283125 0.999115 -6.33961
0.999367 -0.0139967 -0.0326911 -191.248 0.0149152 0.999496 0.0280232 -8.87111 0.0322824 -0.0284931 0.999073 -6.43391
0.999276 -0.0146471 -0.0350898 -193.698 0.0155855 0.999525 0.026618 -9.05095 0.0346832 -0.0271457 0.99903 -6.54037
0.999321 -0.0133343 -0.0343285 -196.128 0.0142239 0.999566 0.0258021 -9.22631 0.0339696 -0.0262729 0.999077 -6.64466
0.999355 -0.0116724 -0.0339301 -198.502 0.0125832 0.999563 0.0267556 -9.38658 0.033603 -0.0271653 0.999066 -6.77308
0.999309 -0.0104277 -0.035648 -200.945 0.0113784 0.999583 0.0265696 -9.55458 0.035356 -0.0269569 0.999011 -6.87534
0.999284 -0.0101664 -0.0364253 -203.398 0.0111177 0.9996 0.0260077 -9.7353 0.0361464 -0.0263941 0.998998 -7.00013
0.999236 -0.0106369 -0.0375923 -205.811 0.0116005 0.999608 0.0255081 -9.91177 0.0373062 -0.0259247 0.998968 -7.11859
0.999279 -0.0124155 -0.0358575 -208.248 0.0133351 0.999586 0.0255217 -10.0929 0.0355258 -0.0259815 0.999031 -7.24943
0.999202 -0.0140126 -0.0373878 -210.694 0.0150226 0.999526 0.0268728 -10.2692 0.0369936 -0.0274131 0.998939 -7.40107
0.999152 -0.0153589 -0.0381893 -213.116 0.0162283 0.999614 0.0225599 -10.4401 0.0378281 -0.0231605 0.999016 -7.4384
0.99915 -0.0172262 -0.0374443 -215.561 0.0181044 0.999566 0.0232435 -10.6085 0.0370277 -0.0239017 0.999028 -7.5602
0.999194 -0.0187436 -0.0354748 -217.992 0.0196681 0.999471 0.0258929 -10.8026 0.0349707 -0.0265698 0.999035 -7.70882
0.999217 -0.02029 -0.033958 -220.422 0.0211807 0.999436 0.0260796 -11.0365 0.0334097 -0.0267785 0.999083 -7.81681
0.999079 -0.0233308 -0.0359984 -222.906 0.024255 0.999382 0.0254543 -11.2518 0.0353823 -0.026304 0.999028 -7.95347
0.999159 -0.0244054 -0.0329251 -225.313 0.0252293 0.999373 0.0248424 -11.4412 0.0322982 -0.0256522 0.999149 -8.06339
0.999178 -0.0246695 -0.0321577 -227.761 0.025435 0.999398 0.0236152 -11.6266 0.0315558 -0.0244137 0.999204 -8.15839
0.999171 -0.022814 -0.0336929 -230.166 0.0234499 0.999552 0.0185997 -11.8011 0.0332535 -0.0193744 0.999259 -8.19293
0.999359 -0.0202487 -0.0295098 -232.576 0.0208266 0.999595 0.019408 -11.9721 0.0291049 -0.0200101 0.999376 -8.30726
0.999397 -0.0188975 -0.0291063 -235.01 0.0195168 0.999587 0.0211418 -12.1712 0.0286948 -0.0216971 0.999353 -8.42384
0.999366 -0.0195716 -0.0297235 -237.448 0.0202604 0.99953 0.0230517 -12.3895 0.0292583 -0.0236393 0.999292 -8.52545
0.999284 -0.0247113 -0.0286314 -239.955 0.0254557 0.99934 0.0259314 -12.6166 0.0279717 -0.0266417 0.999254 -8.63568
0.999182 -0.0290707 -0.0280697 -242.401 0.029796 0.999224 0.025774 -12.8178 0.0272987 -0.0265893 0.999274 -8.72456
0.999063 -0.031587 -0.0295596 -244.19 0.0322112 0.999263 0.0208841 -12.955 0.0288781 -0.0218167 0.999345 -8.83017
