1 0 0 0 0 1 0 0 0 0 1 0
1 -0.000669539 -0.000751171 -1.23386 0.000669411 1 -0.000170607 -0.0665573 0.000751286 0.000170104 1 -0.00645908
0.999998 -0.000913015 -0.00190043 -2.46298 0.000912233 0.999999 -0.000412249 -0.130316 0.0019008 0.000410514 0.999998 -0.0454784
0.999997 -0.000419163 -0.00234529 -3.69833 0.00041743 1 -0.000739147 -0.193598 0.0023456 0.000738166 0.999997 -0.0550959
1 -0.000619663 -0.000841671 -4.93273 0.000620651 0.999999 0.00117495 -0.25863 0.000840942 -0.00117547 0.999999 -0.0862489
0.999998 -0.000492642 0.001842 -6.17285 0.000491446 1 0.000649309 -0.316706 -0.00184232 -0.000648402 0.999998 -0.124134
0.999999 -0.000428654 0.00103532 -7.42536 0.000427433 0.999999 0.00117931 -0.390603 -0.00103582 -0.00117887 0.999999 -0.140874
0.999999 -0.00111705 0.00118214 -8.69301 0.00111608 0.999999 0.000823222 -0.459489 -0.00118305 -0.000821902 0.999999 -0.153895
0.999998 -0.0016933 0.00098312 -9.95621 0.00169358 0.999999 -0.000286298 -0.529498 -0.000982633 0.000287962 0.999999 -0.175766
0.999997 -0.0023849 -8.40455e-05 -11.2088 0.00238501 0.999996 0.0013831 -0.591359 8.07469e-05 -0.0013833 0.999999 -0.216998
0.999992 -0.0039977 0.00027515 -12.4442 0.00399862 0.999986 -0.0034165 -0.666909 -0.000261487 0.00341757 0.999994 -0.268673
0.999969 -0.00762041 0.00218756 -13.6682 0.0076228 0.99997 -0.00108903 -0.743597 -0.00217919 0.00110568 0.999997 -0.296657
0.999947 -0.0103112 -0.000619523 -14.8848 0.0103111 0.999947 -0.000116105 -0.817135 0.000620687 0.00010971 1 -0.330358
0.999931 -0.0117647 -0.000190613 -16.0938 0.0117643 0.999929 -0.0016818 -0.903191 0.000210385 0.00167944 0.999999 -0.364531
0.999911 -0.0133488 0.000722204 -17.2768 0.0133493 0.999911 -0.000615602 -0.967104 -0.000713922 0.000625187 0.999999 -0.401225
0.999926 -0.0120559 0.00154546 -18.4506 0.0120572 0.999927 -0.000839196 -1.03694 -0.00153523 0.000857768 0.999998 -0.436498
0.999961 -0.00880257 0.00114032 -19.6218 0.00880205 0.999961 0.000458573 -1.09967 -0.00114431 -0.000448518 0.999999 -0.464138
0.999973 -0.00677943 0.00284448 -20.7774 0.0067708 0.999973 0.00303251 -1.17244 -0.00286496 -0.00301317 0.999991 -0.501538
0.999972 -0.00703683 0.0027227 -21.9199 0.00702962 0.999972 0.00264784 -1.24312 -0.00274126 -0.00262862 0.999993 -0.505937
0.999945 -0.00960492 0.00425766 -23.055 0.00960643 0.999954 -0.000335345 -1.32944 -0.00425424 0.000376226 0.999991 -0.541616
0.999929 -0.0103946 0.00580996 -24.1822 0.0103791 0.999943 0.00269174 -1.39633 -0.0058376 -0.00263125 0.999979 -0.582849
0.99994 -0.00920756 0.00592836 -25.31 0.00921039 0.999958 -0.000450808 -1.46377 -0.00592396 0.000505382 0.999982 -0.58304
0.99996 -0.00665721 0.005934 -26.4615 0.00665333 0.999978 0.000673975 -1.52542 -0.00593835 -0.000634468 0.999982 -0.618919
0.999962 -0.00367114 0.00792845 -27.6219 0.00367325 0.999994 -0.000252557 -1.58839 -0.00792747 0.00028167 0.999968 -0.636844
0.999921 -0.00242033 0.0123185 -28.8111 0.0024474 0.999995 -0.00218308 -1.66024 -0.0123131 0.00221306 0.999922 -0.653798
0.999893 -0.00522829 0.0136357 -30.0365 0.00522781 0.999987 7.07369e-05 -1.73539 -0.0136358 5.5423e-07 0.999907 -0.680115
0.999893 -0.00747293 0.0125433 -31.3051 0.00752733 0.999963 -0.00429584 -1.82457 -0.0125107 0.0043898 0.999912 -0.685035
0.99985 -0.0110187 0.0133876 -32.6042 0.0111501 0.99989 -0.00977627 -1.92451 -0.0132784 0.00992406 0.999862 -0.708528
0.9998 -0.0140999 0.014188 -33.9456 0.0142435 0.999848 -0.010066 -2.02177 -0.0140439 0.010266 0.999849 -0.731698
0.999796 -0.0149314 0.0135868 -35.3272 0.0150784 0.999828 -0.0107845 -2.12729 -0.0134235 0.0109872 0.999849 -0.73657
0.999789 -0.0150934 0.0139145 -36.7518 0.0152489 0.999822 -0.0111395 -2.24098 -0.0137438 0.0113494 0.999841 -0.750624
0.999774 -0.0150364 0.0150541 -38.2095 0.0151938 0.999831 -0.010397 -2.34286 -0.0148952 0.0106234 0.999833 -0.742749
0.999759 -0.014894 0.0161407 -39.6967 0.0150954 0.999809 -0.0124255 -2.45474 -0.0159525 0.0126662 0.999792 -0.731607
0.999756 -0.0169946 0.0141393 -41.2089 0.0171933 0.999754 -0.0140461 -2.56598 -0.0138971 0.0142857 0.999801 -0.755543
0.999707 -0.0191804 0.0147885 -42.7573 0.0194159 0.999685 -0.0159474 -2.68249 -0.014478 0.0162299 0.999763 -0.740638
0.999521 -0.0224051 0.0213426 -44.3174 0.022763 0.999602 -0.0166782 -2.79823 -0.0209604 0.017156 0.999633 -0.723765
0.99942 -0.0241587 0.024018 -45.908 0.0245091 0.999596 -0.0144029 -2.9446 -0.0236603 0.0149832 0.999608 -0.697215
0.999358 -0.0269956 0.0235602 -47.5164 0.0274327 0.999454 -0.0184307 -3.07752 -0.0230498 0.0190652 0.999552 -0.67359
0.999256 -0.0298553 0.0244097 -49.1504 0.0302797 0.999394 -0.0172078 -3.22773 -0.0238812 0.0179341 0.999554 -0.659004
0.999048 -0.0305261 0.031172 -50.7933 0.0313185 0.999191 -0.0252553 -3.38299 -0.0303759 0.0262075 0.999195 -0.613244
0.999016 -0.031004 0.0317242 -52.441 0.0317587 0.999218 -0.023568 -3.55719 -0.0309687 0.0245524 0.999219 -0.571073
0.999414 -0.0303297 0.015837 -54.1312 0.0305483 0.999439 -0.0137512 -3.66981 -0.0154111 0.0142269 0.99978 -0.559444
0.999419 -0.0306126 0.0149629 -55.8115 0.030708 0.99951 -0.00618838 -3.80651 -0.0147661 0.00664426 0.999869 -0.538794
0.999309 -0.0312708 0.0200752 -57.4873 0.0312813 0.999511 -0.000209601 -3.95433 -0.0200588 0.000837432 0.999798 -0.513025
0.999396 -0.0309247 0.0158701 -59.1639 0.03092 0.999522 0.000535931 -4.09994 -0.0158791 -4.49078e-05 0.999874 -0.496463
0.999486 -0.0301847 0.0107494 -60.8616 0.0301799 0.999545 0.000605273 -4.25548 -0.0107628 -0.000280549 0.999942 -0.489327
0.999513 -0.0299023 0.0088907 -62.5734 0.0298751 0.999549 0.00317286 -4.40212 -0.00898156 -0.00290571 0.999955 -0.502745
0.999475 -0.0293308 0.0137549 -64.2592 0.0292458 0.999552 0.0063401 -4.54006 -0.0139347 -0.0059345 0.999885 -0.511973
0.999612 -0.0269549 0.0069848 -65.962 0.0268905 0.999597 0.00914731 -4.67921 -0.00722854 -0.00895594 0.999934 -0.524113
0.999691 -0.0237292 0.00743015 -67.6778 0.0236383 0.999648 0.0120784 -4.82574 -0.00771414 -0.0118991 0.999899 -0.534613
0.999697 -0.0200626 0.0142589 -69.3772 0.0198365 0.999678 0.0158301 -4.9584 -0.0145719 -0.0155425 0.999773 -0.555499
0.999794 -0.0161141 0.0123296 -71.0798 0.0158614 0.999668 0.020326 -5.07043 -0.0126531 -0.0201263 0.999717 -0.553796
0.999882 -0.010513 0.0111706 -72.7927 0.0102997 0.999767 0.0189896 -5.18472 -0.0113676 -0.0188723 0.999757 -0.532183
0.999861 -0.00722629 0.0149821 -74.4724 0.00691471 0.999761 0.0207438 -5.28157 -0.0151284 -0.0206373 0.999672 -0.557474
0.999908 -0.00359184 0.0130639 -76.1519 0.00334018 0.99981 0.0192334 -5.37815 -0.0131305 -0.019188 0.99973 -0.555752
0.999848 -0.00199463 0.0173228 -77.7962 0.0017506 0.9999 0.0140899 -5.49863 -0.0173491 -0.0140574 0.999751 -0.547117
0.999824 -0.00351029 0.0184029 -79.4352 0.00319959 0.999853 0.016884 -5.58155 -0.0184595 -0.0168222 0.999688 -0.539878
0.999908 -0.00423937 0.0128505 -81.0481 0.00408977 0.999924 0.0116447 -5.67336 -0.0128989 -0.0115911 0.999849 -0.514758
0.99992 -0.00489068 0.01166 -82.6419 0.00469969 0.999856 0.0163498 -5.76277 -0.0117382 -0.0162937 0.999798 -0.5293
0.999905 -0.00493099 0.0128792 -84.2019 0.00471581 0.99985 0.0166833 -5.85053 -0.0129595 -0.016621 0.999778 -0.53564
0.999786 -0.00924933 0.0185021 -85.7404 0.00895094 0.99983 0.0161448 -5.94141 -0.0186483 -0.0159757 0.999698 -0.529746
0.99979 -0.0140014 0.0149601 -87.2476 0.0137911 0.999806 0.0140673 -6.04752 -0.0151542 -0.013858 0.999789 -0.49999
0.999726 -0.019036 0.0135737 -88.7102 0.0189177 0.999783 0.0087899 -6.19173 -0.0137381 -0.00853072 0.999869 -0.486638
0.999545 -0.0242604 0.0179123 -90.1159 0.0239067 0.99952 0.019701 -6.27975 -0.0183817 -0.0192638 0.999645 -0.486255
0.999526 -0.0268508 0.0150388 -91.4852 0.0266818 0.99958 0.0113305 -6.40221 -0.0153367 -0.0109239 0.999822 -0.472341
0.999431 -0.0314997 0.0120433 -92.812 0.0312991 0.999374 0.0164917 -6.5198 -0.0125552 -0.0161054 0.999791 -0.474009
0.99938 -0.0325919 0.0133162 -94.0808 0.0324216 0.999393 0.0128067 -6.6309 -0.0137255 -0.012367 0.999829 -0.448632
0.999393 -0.0323387 0.0129614 -95.2897 0.0322614 0.999461 0.00612518 -6.7495 -0.0131525 -0.00570332 0.999897 -0.468847
0.999391 -0.0301983 0.0174998 -96.449 0.0300537 0.999513 0.0084715 -6.85325 -0.017747 -0.00794042 0.999811 -0.51652
0.999416 -0.025352 0.0229214 -97.5788 0.0251727 0.999651 0.00808001 -6.94342 -0.0231183 -0.0074983 0.999704 -0.510816
0.999525 -0.0213536 0.0221972 -98.7002 0.0212102 0.999753 0.00667566 -7.03254 -0.0223343 -0.0062017 0.999731 -0.482438
0.999525 -0.018916 0.0243337 -99.8377 0.0187202 0.999791 0.0082475 -7.1134 -0.0244846 -0.00778806 0.99967 -0.479983
0.999444 -0.0167665 0.028813 -100.974 0.0164852 0.999815 0.00997169 -7.19313 -0.0289749 -0.00949117 0.999535 -0.439538
0.999425 -0.0154273 0.0301794 -102.163 0.015196 0.999854 0.00787948 -7.27931 -0.0302966 -0.00741635 0.999513 -0.387751
0.999394 -0.0149603 0.0314319 -103.439 0.0146769 0.99985 0.00922548 -7.37246 -0.0315652 -0.00875857 0.999463 -0.366659
0.999341 -0.0148837 0.0330801 -104.789 0.0146087 0.999857 0.00853878 -7.45516 -0.0332025 -0.00804991 0.999416 -0.348197
0.999256 -0.0156463 0.0352306 -106.227 0.0152931 0.999831 0.0102707 -7.5521 -0.0353853 -0.00972429 0.999326 -0.347064
0.999248 -0.0165821 0.0350437 -107.744 0.0160395 0.999748 0.0157061 -7.66212 -0.0352953 -0.0151322 0.999262 -0.330171
0.999103 -0.0202137 0.037191 -109.373 0.0195105 0.999626 0.019174 -7.78413 -0.0375646 -0.0184312 0.999124 -0.301759
0.998946 -0.0245873 0.0387544 -111.107 0.0241201 0.999632 0.0124781 -7.92764 -0.0390469 -0.0115302 0.999171 -0.262921
0.998608 -0.0297405 0.0435426 -112.965 0.0292089 0.999492 0.0127947 -8.08078 -0.043901 -0.0115051 0.998969 -0.275926
0.998679 -0.0321704 0.0400655 -114.924 0.0321636 0.999483 0.00081481 -8.25406 -0.040071 0.000474901 0.999197 -0.245349
0.998769 -0.0340407 0.0360705 -116.992 0.033952 0.999419 0.0030697 -8.44984 -0.036154 -0.00184127 0.999344 -0.21242
0.998668 -0.0345806 0.038283 -119.109 0.034224 0.999365 0.00993333 -8.62336 -0.0386022 -0.00860992 0.999217 -0.168201
0.998668 -0.0340512 0.0387377 -121.32 0.0337245 0.999391 0.00905473 -8.80959 -0.0390224 -0.00773628 0.999208 -0.152429
0.998605 -0.0317806 0.0421476 -123.613 0.0315423 0.999483 0.00630855 -9.02153 -0.0423263 -0.00497034 0.999091 -0.119068
0.998737 -0.0300903 0.0402103 -125.965 0.0298931 0.999538 0.00549515 -9.22708 -0.0403571 -0.00428621 0.999176 -0.0805536
0.998782 -0.0286265 0.0401805 -128.378 0.0284067 0.999579 0.00602987 -9.42784 -0.0403362 -0.00488114 0.999174 -0.0355773
0.998746 -0.0281702 0.0413687 -130.831 0.0278723 0.999582 0.00776125 -9.61693 -0.04157 -0.00659849 0.999114 -0.00451834
0.998846 -0.0271206 0.0396209 -133.349 0.0268073 0.999606 0.00841885 -9.83884 -0.0398336 -0.00734702 0.999179 0.0147831
0.998824 -0.0271886 0.0401366 -135.914 0.0268516 0.9996 0.00891151 -10.0444 -0.0403629 -0.0078233 0.999154 0.0600842
0.998831 -0.0276363 0.0396391 -138.507 0.0274142 0.999606 0.00613463 -10.2585 -0.039793 -0.0050408 0.999195 0.11107
0.998887 -0.0278525 0.0380525 -141.138 0.0276564 0.999602 0.00567066 -10.4646 -0.0381953 -0.00461197 0.99926 0.172781
0.998938 -0.0278237 0.0367023 -143.795 0.0276346 0.999603 0.00564892 -10.6867 -0.0368449 -0.00462868 0.99931 0.231498
0.998995 -0.0277183 0.0352116 -146.455 0.0275573 0.999608 0.00504954 -10.907 -0.0353377 -0.00407415 0.999367 0.306545
0.999025 -0.0267725 0.0350946 -149.108 0.0266683 0.999639 0.00343351 -11.1452 -0.0351739 -0.00249426 0.999378 0.331805
0.998923 -0.0268351 0.0378381 -151.78 0.0266773 0.999634 0.00466906 -11.3583 -0.0379495 -0.00365463 0.999273 0.348174
0.998932 -0.0268741 0.0375715 -154.486 0.0267569 0.999636 0.00361978 -11.59 -0.0376551 -0.00261063 0.999287 0.385959
0.998993 -0.0270269 0.035808 -157.188 0.0268875 0.999629 0.00436812 -11.8078 -0.0359128 -0.00340095 0.999349 0.431273
0.999017 -0.026487 0.0355259 -159.903 0.0264838 0.99965 0.000560045 -12.0202 -0.0355283 0.000381354 0.999368 0.48961
0.999048 -0.0243876 0.0361487 -162.597 0.0243597 0.999703 0.00121292 -12.2495 -0.0361675 -0.000331207 0.999346 0.544234
0.999131 -0.021983 0.0354068 -165.288 0.0219278 0.999758 0.00194615 -12.4623 -0.035441 -0.00116808 0.999371 0.608499
0.999203 -0.019486 0.0348073 -168.012 0.0194133 0.999809 0.0024225 -12.6699 -0.0348479 -0.00174486 0.999391 0.679735
0.999387 -0.0152703 0.0314752 -170.74 0.0151796 0.999881 0.00311609 -12.873 -0.031519 -0.00263641 0.9995 0.724017
0.999475 -0.0098653 0.0308471 -173.451 0.0096592 0.999931 0.00682216 -13.0562 -0.0309122 -0.00652063 0.999501 0.772251
0.99961 -0.0028738 0.0277624 -176.157 0.0027408 0.999985 0.00482578 -13.2277 -0.0277759 -0.00474782 0.999603 0.813053
0.999079 0.00364464 0.0427363 -178.855 -0.00368705 0.999994 0.000912552 -13.3868 -0.0427326 -0.0010693 0.999086 0.855784
0.999167 0.00771471 0.0400452 -181.572 -0.00746482 0.999952 -0.0063874 -13.5086 -0.0400926 0.00608314 0.999177 0.90492
0.999365 0.00933513 0.034375 -184.298 -0.00935722 0.999957 0.000480245 -13.6263 -0.034369 -0.000801607 0.999409 0.977226
0.999501 0.00538111 0.0311174 -187.016 -0.00549463 0.999979 0.00356188 -13.755 -0.0310975 -0.00373109 0.999509 0.990791
0.999251 -0.0033709 0.0385233 -189.713 0.00318844 0.999984 0.00479565 -13.8969 -0.0385389 -0.00466924 0.999246 1.03997
0.999134 -0.0150023 0.0388078 -192.414 0.0145053 0.99981 0.0130553 -14.0637 -0.0389962 -0.0124811 0.999161 1.07372
0.998983 -0.0281391 0.0352206 -195.106 0.0276073 0.999499 0.0154959 -14.2659 -0.035639 -0.0145078 0.999259 1.11027
0.998326 -0.0403765 0.0414008 -197.785 0.0399366 0.999138 0.0113982 -14.4963 -0.0418253 -0.00972573 0.999077 1.16267
0.998141 -0.0493434 0.0357461 -200.478 0.0490954 0.998765 0.00778468 -14.7722 -0.036086 -0.00601526 0.999331 1.22572
0.997991 -0.0565222 0.0286002 -203.181 0.0562819 0.998374 0.00913877 -15.0728 -0.0290702 -0.00751075 0.999549 1.28678
0.997441 -0.0622685 0.0351216 -205.874 0.0620451 0.998047 0.00741679 -15.3765 -0.0355148 -0.00521869 0.999355 1.33434
0.99728 -0.0628731 0.0384449 -208.575 0.0627336 0.998019 0.00482664 -15.7206 -0.0386722 -0.00240175 0.999249 1.39791
0.997228 -0.0613304 0.0421103 -211.265 0.0611403 0.998113 0.00578853 -16.0335 -0.0423858 -0.00319787 0.999096 1.47522
0.997687 -0.0591699 0.0334564 -213.97 0.0589074 0.998226 0.00877988 -16.3367 -0.0339165 -0.00678875 0.999402 1.55665
0.997728 -0.0559822 0.0374514 -216.681 0.0557449 0.998419 0.00735115 -16.64 -0.0378037 -0.00524674 0.999271 1.61646
0.997826 -0.0514838 0.0411364 -219.369 0.0512319 0.998662 0.00715508 -16.9364 -0.0414496 -0.00503205 0.999128 1.6358
0.99815 -0.0466819 0.038939 -222.083 0.0464354 0.998896 0.00721212 -17.2264 -0.0392327 -0.00539064 0.999215 1.70905
0.998303 -0.0428181 0.0394458 -224.792 0.0426089 0.999074 0.00613052 -17.4925 -0.0396717 -0.0044394 0.999203 1.77956
0.998368 -0.0395953 0.0411415 -227.505 0.0393429 0.999202 0.00692766 -17.7629 -0.041383 -0.00529774 0.999129 1.83665
0.998364 -0.0389191 0.0418691 -228.867 0.0386439 0.999227 0.00736244 -17.893 -0.0421232 -0.00573243 0.999096 1.87289
