1 0 0 0 0 1 0 0 0 0 1 0
1 -0.000170303 -0.000924269 -0.00576494 0.000169802 1 -0.000543075 0.00117 0.000924361 0.000542918 0.999999 -0.00507945
0.999999 -1.94126e-05 -0.00117777 -0.00311488 1.91208e-05 1 -0.000247776 0.000830477 0.00117777 0.000247753 0.999999 -0.0144179
0.999999 4.13526e-06 -0.00159902 0.000681754 -4.88367e-06 1 -0.000468042 0.00704782 0.00159901 0.000468049 0.999999 -0.0225079
0.999997 -0.000108637 -0.00227505 -0.00055306 0.000107502 1 -0.000499152 -0.00615991 0.00227511 0.000498906 0.999997 -0.0271061
0.999997 -0.000279325 -0.00235041 -0.00137138 0.00027804 1 -0.000547065 -0.00533561 0.00235057 0.00054641 0.999997 -0.0257467
0.999997 -0.000311511 -0.00236497 -0.00145015 0.000310645 1 -0.000366796 -0.000527916 0.00236509 0.000366061 0.999997 -0.029019
0.999996 -0.000148137 -0.00271743 -0.00256914 0.000145922 1 -0.00081508 -0.00507454 0.00271755 0.00081468 0.999996 -0.0359597
0.999996 -4.7167e-05 -0.00286004 -0.000257128 4.41695e-05 1 -0.00104812 -0.00923229 0.00286009 0.00104799 0.999995 -0.0367665
0.999996 -4.41734e-05 -0.0028994 -0.0024363 4.13504e-05 1 -0.000973686 -0.00940541 0.00289944 0.000973562 0.999995 -0.0327135
0.999995 -0.000237337 -0.00320482 -0.00183171 0.000234985 1 -0.000734345 -0.00537729 0.003205 0.000733588 0.999995 -0.0372291
0.999994 -5.52744e-05 -0.00352845 -0.0067413 5.16306e-05 1 -0.00103278 -0.0059673 0.00352851 0.00103259 0.999993 -0.0421947
0.999993 -6.73648e-05 -0.00366412 -0.00530475 6.32891e-05 0.999999 -0.00111242 -0.00531752 0.00366419 0.00111218 0.999993 -0.0439546
0.999993 -5.42185e-05 -0.00372913 -0.00444644 4.90807e-05 0.999999 -0.00137784 -0.00464415 0.0037292 0.00137765 0.999992 -0.0482558
0.99999 -9.1342e-05 -0.00446961 -0.00643914 8.42914e-05 0.999999 -0.00157762 -0.0114313 0.00446975 0.00157723 0.999989 -0.0542995
0.999989 -0.000279671 -0.00464265 -0.00584946 0.000272277 0.999999 -0.00159323 -0.0133817 0.00464309 0.00159195 0.999988 -0.0590262
0.999988 -0.00021552 -0.00483751 -0.00754905 0.000207799 0.999999 -0.00159649 -0.0134864 0.00483785 0.00159546 0.999987 -0.0699698
0.999988 -0.000239377 -0.00487279 -0.00335856 0.000231553 0.999999 -0.00160622 -0.0134049 0.00487317 0.00160507 0.999987 -0.0628546
0.999989 -0.000237079 -0.00471967 -0.00238799 0.000229706 0.999999 -0.00156268 -0.0179716 0.00472003 0.00156158 0.999988 -0.0587409
0.999988 -0.000258777 -0.00498586 -0.0018132 0.000250674 0.999999 -0.0016257 -0.0148097 0.00498628 0.00162443 0.999986 -0.0589448
0.999986 -0.000213561 -0.00531997 -0.00358009 0.000203308 0.999998 -0.00192783 -0.019658 0.00532038 0.00192672 0.999984 -0.0680079
0.999984 -0.000259413 -0.00569481 -0.00528987 0.000247327 0.999998 -0.00212285 -0.0189915 0.00569535 0.00212141 0.999982 -0.072507
0.999983 -0.000209886 -0.00579192 -0.00783028 0.000198175 0.999998 -0.0020224 -0.0144231 0.00579233 0.00202121 0.999981 -0.0766609
0.999981 -0.000286208 -0.00617161 -0.0069844 0.000270958 0.999997 -0.00247173 -0.0109408 0.0061723 0.00247001 0.999978 -0.0791211
0.99998 -0.000186223 -0.00639177 -0.00472929 0.000168199 0.999996 -0.00282024 -0.0166688 0.00639226 0.00281911 0.999976 -0.0843538
0.999978 -0.000258625 -0.00658392 -0.00703988 0.000239415 0.999996 -0.00291823 -0.0201523 0.00658464 0.00291659 0.999974 -0.0903543
0.999977 -0.000242693 -0.00674545 -0.00797882 0.00022311 0.999996 -0.00290374 -0.0239758 0.00674613 0.00290217 0.999973 -0.0925702
0.999977 -0.000302824 -0.00679746 -0.00737897 0.000283329 0.999996 -0.00286883 -0.0271122 0.0067983 0.00286684 0.999973 -0.0932821
0.999977 -0.000312169 -0.00674607 -0.00469462 0.000290533 0.999995 -0.00320792 -0.0193931 0.00674703 0.00320588 0.999972 -0.0953979
0.999977 -0.000209551 -0.00680769 -0.00640343 0.000187761 0.999995 -0.00320128 -0.0217591 0.00680832 0.00319993 0.999972 -0.102323
0.999976 -0.000255193 -0.00692555 -0.00438974 0.000232711 0.999995 -0.00324684 -0.0274162 0.00692634 0.00324515 0.999971 -0.104013
0.999975 -0.0002491 -0.00716131 -0.00417706 0.000225198 0.999995 -0.00333827 -0.0260185 0.0071621 0.00333657 0.999969 -0.102713
0.999974 -0.000349868 -0.00730292 -0.00355385 0.000323475 0.999994 -0.00361483 -0.0221082 0.00730414 0.00361237 0.999967 -0.100049
0.999971 -0.000113164 -0.00764636 -0.00688462 8.7785e-05 0.999995 -0.00331933 -0.0245454 0.0076467 0.00331856 0.999965 -0.106861
0.999965 -4.04747e-05 -0.00838697 -0.00701528 1.01157e-05 0.999994 -0.00361979 -0.0234814 0.00838706 0.00361958 0.999958 -0.117937
0.999967 -5.22369e-05 -0.00823148 -0.0109936 2.1218e-05 0.999993 -0.00376836 -0.0271904 0.00823162 0.00376806 0.999959 -0.118567
0.999966 1.76075e-05 -0.00832234 -0.0103966 -5.11944e-05 0.999992 -0.00403556 -0.0284985 0.0083222 0.00403584 0.999957 -0.119613
0.999962 -0.000149608 -0.00878343 -0.00998913 0.000114624 0.999992 -0.00398335 -0.0179565 0.00878396 0.00398219 0.999954 -0.125927
0.999961 1.87676e-05 -0.00883307 -0.00867371 -5.47606e-05 0.999992 -0.00407457 -0.0193055 0.00883291 0.00407489 0.999953 -0.118433
0.999958 2.86607e-05 -0.00923808 -0.00596489 -6.56833e-05 0.999992 -0.00400733 -0.0232621 0.00923789 0.00400776 0.99995 -0.132166
0.999948 -3.96321e-06 -0.0101986 -0.0059934 -3.95511e-05 0.999991 -0.00426649 -0.0282563 0.0101985 0.00426667 0.999939 -0.145932
0.999955 -0.00015502 -0.00952815 -0.0151528 0.000114761 0.999991 -0.00422572 -0.0330702 0.00952871 0.00422444 0.999946 -0.149981
0.999967 -0.000157443 -0.00813075 -0.0461282 0.000125542 0.999993 -0.00392378 -0.0376948 0.0081313 0.00392262 0.99996 -0.139655
0.999978 -6.52358e-05 -0.00667447 -0.126907 4.23273e-05 0.999994 -0.00343235 -0.0417024 0.00667465 0.00343199 0.999972 -0.148047
0.999997 2.58242e-05 -0.00271962 -0.265511 -3.09172e-05 0.999999 -0.00187268 -0.0510103 0.00271956 0.00187276 0.999995 -0.158388
0.999998 -0.00227783 -0.000434407 -0.482768 0.00227778 0.999998 -0.000110326 -0.061179 0.000434654 0.000109335 1 -0.174599
0.999971 -0.00735017 0.00202494 -0.793928 0.00735201 0.999973 -0.000902139 -0.0920107 -0.00201826 0.000916999 0.999998 -0.161838
0.999934 -0.0114399 0.00131632 -1.22862 0.0114416 0.999934 -0.00126898 -0.138745 -0.00130172 0.00128395 0.999999 -0.161531
0.99988 -0.0154596 0.00126977 -1.77544 0.0154605 0.99988 -0.000714392 -0.15543 -0.00125858 0.000733936 0.999999 -0.189665
0.999835 -0.0181431 0.00112688 -2.40486 0.0181451 0.999834 -0.00182184 -0.223334 -0.00109364 0.00184198 0.999998 -0.183581
0.999849 -0.0173915 0.000495322 -3.16833 0.0173919 0.999849 -0.000836369 -0.276951 -0.000480704 0.000844856 1 -0.190649
0.999847 -0.0174896 -0.000742287 -4.02284 0.0174895 0.999847 -0.000223981 -0.314566 0.000746089 0.000210963 1 -0.201076
0.999838 -0.0180135 -0.000298674 -4.93758 0.0180127 0.999835 -0.00237409 -0.392735 0.000341388 0.00236833 0.999997 -0.196445
0.999814 -0.0192956 -0.000967858 -5.94447 0.0192946 0.999814 -0.0010225 -0.472535 0.000987404 0.00100363 0.999999 -0.211159
0.999759 -0.0219571 -0.000592454 -7.02936 0.0219566 0.999759 -0.000781914 -0.541108 0.000609476 0.000768716 1 -0.225469
0.999745 -0.022606 2.04095e-05 -8.18421 0.022606 0.999743 -0.00206452 -0.619303 2.62634e-05 0.00206445 0.999998 -0.234059
0.999791 -0.0204541 0.000148314 -9.42571 0.0204543 0.99979 -0.00109964 -0.724165 -0.000125794 0.00110245 1 -0.231796
0.999834 -0.0182427 -0.000420573 -10.7428 0.0182422 0.999833 -0.0010189 -0.824316 0.000439088 0.00101106 1 -0.257854
0.999864 -0.0163333 -0.00238943 -12.1422 0.0163287 0.999865 -0.0019535 -0.921576 0.00242101 0.00191422 0.999995 -0.252596
0.999906 -0.0133175 -0.00345508 -13.6165 0.0133127 0.999911 -0.00142679 -1.00024 0.00347377 0.00138065 0.999993 -0.311165
0.999959 -0.00906163 -0.00114798 -15.1813 0.00906077 0.999959 -0.000745863 -1.08778 0.00115469 0.00073543 0.999999 -0.30963
0.999983 -0.00586456 -0.000638838 -16.8022 0.00586499 0.999983 0.000684777 -1.16726 0.000634808 -0.000688512 1 -0.369037
0.999999 -0.001355 0.000191498 -18.5096 0.00135443 0.999995 0.00293765 -1.25642 -0.00019548 -0.00293739 0.999996 -0.456972
0.999997 0.000109342 0.00233403 -20.2811 -0.000121317 0.999987 0.00513002 -1.32566 -0.00233344 -0.00513029 0.999984 -0.49937
0.999999 0.000255631 -0.00122741 -22.151 -0.000250717 0.999992 0.00400488 -1.39521 0.00122842 -0.00400457 0.999991 -0.572266
0.999998 -0.000511375 0.00181806 -24.0698 0.000502043 0.999987 0.00512869 -1.51807 -0.00182066 -0.00512777 0.999985 -0.574957
0.999999 -0.00156158 -0.000530143 -26.0473 0.00156575 0.999967 0.00797459 -1.60973 0.00051767 -0.00797541 0.999968 -0.680986
0.999964 -0.00412365 -0.00749706 -28.0916 0.00419534 0.999946 0.00957324 -1.71988 0.00745718 -0.00960434 0.999926 -0.723049
0.999951 -0.00715293 -0.00689058 -30.1607 0.00720677 0.999944 0.00782127 -1.80141 0.00683425 -0.00787054 0.999946 -0.814901
0.999932 -0.00988049 -0.00615046 -32.2875 0.00993652 0.999909 0.00914786 -1.94468 0.00605951 -0.00920836 0.999939 -0.853977
0.999897 -0.010861 -0.00938578 -34.4299 0.0109375 0.999907 0.00813873 -2.08546 0.00929652 -0.00824055 0.999923 -0.869876
0.999845 -0.0125396 -0.012367 -36.5979 0.0126376 0.999889 0.00787245 -2.22828 0.0122669 -0.00802752 0.999893 -0.928389
0.999862 -0.0138251 -0.00928469 -38.7967 0.0139243 0.999846 0.0107062 -2.36528 0.00913525 -0.010834 0.9999 -1.0403
0.999805 -0.0143334 -0.0135916 -40.9942 0.0145246 0.999796 0.0140753 -2.4921 0.0133871 -0.01427 0.999809 -1.13725
0.999779 -0.015089 -0.0146298 -43.2221 0.0153002 0.999779 0.0144333 -2.63886 0.0144087 -0.014654 0.999789 -1.20302
0.999814 -0.0150011 -0.0121501 -45.4456 0.015183 0.999772 0.0150204 -2.78726 0.0119221 -0.0152021 0.999814 -1.26998
0.999707 -0.0145141 -0.019387 -47.7024 0.0148553 0.999736 0.0175729 -2.93064 0.0191268 -0.0178558 0.999658 -1.35117
0.999715 -0.0141012 -0.0192731 -49.992 0.014506 0.999674 0.0210281 -3.05586 0.0189703 -0.0213016 0.999593 -1.46575
0.999761 -0.0127984 -0.0177581 -52.2867 0.0132134 0.999638 0.0234522 -3.20238 0.0174515 -0.0236812 0.999568 -1.56124
0.999792 -0.0129279 -0.0158083 -54.62 0.0133062 0.999622 0.024066 -3.35625 0.0154912 -0.0242713 0.999586 -1.65876
0.999792 -0.0128281 -0.0158738 -56.9636 0.013233 0.999583 0.0256716 -3.50481 0.0155378 -0.0258763 0.999545 -1.75981
0.999742 -0.0143028 -0.0176778 -59.3452 0.0147169 0.999616 0.0235194 -3.66389 0.0173346 -0.0237735 0.999567 -1.84327
0.999742 -0.0152528 -0.0168609 -61.7224 0.0156401 0.999612 0.0230826 -3.80868 0.0165023 -0.0233403 0.999592 -1.96163
0.999656 -0.0168873 -0.0200695 -64.1492 0.01737 0.999558 0.0241262 -3.99793 0.0196532 -0.0244665 0.999508 -2.04935
0.999622 -0.0174278 -0.0212976 -66.601 0.0179576 0.999528 0.0249433 -4.15528 0.0208529 -0.0253163 0.999462 -2.1391
0.999559 -0.0180373 -0.0236034 -69.0839 0.0186069 0.999536 0.0241394 -4.32749 0.023157 -0.0245679 0.99943 -2.23226
0.999522 -0.0185718 -0.0247136 -71.6134 0.0191205 0.999572 0.0221531 -4.50082 0.0242916 -0.0226151 0.999449 -2.34517
0.999486 -0.0189518 -0.0258523 -74.1441 0.0194282 0.999644 0.0183023 -4.68566 0.0254963 -0.0187951 0.999499 -2.45669
0.999469 -0.0184576 -0.0268768 -76.7243 0.018963 0.999646 0.018674 -4.87288 0.0265226 -0.0191738 0.999465 -2.55806
0.999312 -0.0185714 -0.0321035 -79.294 0.0192272 0.999611 0.0202429 -5.05572 0.031715 -0.0208462 0.99928 -2.6728
0.999167 -0.0183159 -0.0364731 -81.9011 0.0191026 0.99959 0.0213405 -5.23133 0.0360673 -0.0220195 0.999107 -2.79915
0.999113 -0.0179163 -0.0381096 -84.5394 0.0187615 0.999584 0.021938 -5.39456 0.0377007 -0.0226335 0.999033 -2.93662
0.999005 -0.0182942 -0.0406908 -87.2043 0.0191557 0.999599 0.020884 -5.60037 0.0402924 -0.0216427 0.998954 -3.08885
0.998883 -0.0186605 -0.0434228 -89.8554 0.0195908 0.999586 0.0210971 -5.78653 0.0430111 -0.0219242 0.998834 -3.24852
0.998752 -0.0187685 -0.0462941 -92.5388 0.0198135 0.999557 0.0222185 -5.98124 0.0458566 -0.023108 0.998681 -3.42176
0.998516 -0.0185076 -0.0512252 -95.1837 0.0196787 0.999555 0.0224522 -6.15896 0.0507869 -0.0234269 0.998435 -3.59403
0.998471 -0.0180748 -0.0522502 -97.8997 0.0193175 0.999541 0.0233769 -6.34747 0.0518037 -0.0243505 0.998361 -3.78174
0.998249 -0.0177653 -0.0564189 -100.577 0.0191564 0.999524 0.0242127 -6.53899 0.0559618 -0.025251 0.998114 -3.98305
0.997998 -0.0170442 -0.0609146 -103.294 0.0186114 0.999508 0.025254 -6.72965 0.0604542 -0.0263371 0.997824 -4.20017
0.997688 -0.0169264 -0.065816 -105.92 0.0184816 0.999563 0.0230919 -6.90937 0.0653964 -0.0242549 0.997565 -4.42861
0.997869 -0.0158878 -0.0632842 -108.647 0.0174104 0.999571 0.0235807 -7.089 0.0628824 -0.0246322 0.997717 -4.64644
0.997658 -0.015815 -0.0665553 -111.373 0.0172059 0.999645 0.0203775 -7.29208 0.0662094 -0.0214749 0.997575 -4.88048
0.997525 -0.0159232 -0.068489 -114.104 0.0173615 0.999641 0.0204567 -7.47921 0.0681386 -0.0215951 0.997442 -5.09008
0.997547 -0.0157019 -0.0682177 -116.841 0.0171592 0.999636 0.02083 -7.6663 0.0678658 -0.0219495 0.997453 -5.30441
0.997726 -0.0164191 -0.0653672 -119.571 0.0178419 0.999616 0.0212418 -7.83574 0.0649933 -0.0223597 0.997635 -5.5229
0.997567 -0.0167397 -0.0676832 -122.281 0.0181533 0.999629 0.0203245 -8.03778 0.0673178 -0.0215037 0.9975 -5.69185
0.997524 -0.0172755 -0.0681821 -124.995 0.0188025 0.999586 0.0218191 -8.23148 0.0677769 -0.0230471 0.997435 -5.92534
0.997041 -0.0193017 -0.0744071 -127.764 0.0209719 0.999544 0.0217321 -8.42574 0.0739537 -0.0232282 0.996991 -6.16986
0.996978 -0.019714 -0.0751454 -130.49 0.0214679 0.999514 0.0226045 -8.61723 0.0746632 -0.0241494 0.996917 -6.41476
0.996836 -0.0196554 -0.0770157 -133.224 0.0215025 0.999499 0.023228 -8.81578 0.0765205 -0.0248105 0.99676 -6.65216
0.996833 -0.0194492 -0.0771117 -135.94 0.0213888 0.999474 0.0244076 -9.00903 0.0765963 -0.0259796 0.996724 -6.89867
0.996938 -0.0192795 -0.0757882 -138.668 0.0213103 0.999433 0.0260786 -9.21239 0.0752424 -0.0276138 0.996783 -7.15611
0.996243 -0.0206652 -0.084102 -141.389 0.0229997 0.999374 0.0268837 -9.40731 0.0834937 -0.028717 0.996095 -7.39935
0.996384 -0.0217871 -0.0821308 -144.084 0.0240191 0.999366 0.026286 -9.55701 0.081506 -0.0281636 0.996275 -7.61056
0.996499 -0.0223111 -0.0805812 -146.803 0.0246001 0.999319 0.0275258 -9.73467 0.0799121 -0.0294117 0.996368 -7.83229
0.996406 -0.0223173 -0.0817194 -149.515 0.024705 0.999294 0.0283252 -9.94452 0.0810295 -0.0302422 0.996253 -8.11688
0.996428 -0.0226747 -0.0813495 -152.229 0.0252727 0.999199 0.0310507 -10.1483 0.0805802 -0.0329957 0.996202 -8.42265
0.996335 -0.0245938 -0.0819289 -154.983 0.0271557 0.999172 0.0303037 -10.3704 0.0811157 -0.0324175 0.996178 -8.67391
0.996325 -0.0255914 -0.0817411 -157.717 0.0282546 0.999102 0.031593 -10.5779 0.0808591 -0.0337864 0.996153 -8.94011
0.996344 -0.0258995 -0.0814157 -160.438 0.0286942 0.999032 0.0333457 -10.7638 0.0804732 -0.0355599 0.996123 -9.18488
0.996288 -0.0254678 -0.0822271 -163.149 0.0284131 0.998989 0.0348498 -10.9641 0.0812564 -0.0370568 0.996004 -9.46207
0.996412 -0.0239943 -0.0811624 -165.854 0.0270198 0.998973 0.0363864 -11.1786 0.0802059 -0.0384489 0.996037 -9.74414
0.996664 -0.0215673 -0.0787167 -168.55 0.0246844 0.998941 0.0388433 -11.415 0.0777955 -0.0406568 0.99614 -10.0242
0.996608 -0.0210702 -0.079551 -171.269 0.0238812 0.999118 0.0345505 -11.6237 0.0787528 -0.036333 0.996232 -10.2851
0.99627 -0.0217176 -0.0835167 -174.026 0.0246241 0.999121 0.0339294 -11.8389 0.0827064 -0.0358594 0.995929 -10.5243
0.995895 -0.0237139 -0.0873558 -176.453 0.0268279 0.99904 0.0346466 -12.0264 0.0864503 -0.0368479 0.995575 -10.7743
