1 0 0 0 0 1 0 0 0 0 1 0
0.999997 -0.000675872 0.00216263 -2.1914 0.000683857 0.999993 -0.00369345 -0.109926 -0.00216012 0.00369492 0.999991 -0.06804
0.999998 -0.000516166 0.00179396 -4.40635 0.000522788 0.999993 -0.00369309 -0.220091 -0.00179204 0.00369402 0.999992 -0.117329
0.99999 -0.000256785 0.00437065 -6.63276 0.000272183 0.999994 -0.00352286 -0.336265 -0.00436971 0.00352402 0.999984 -0.156044
0.99998 -0.000345016 0.00636972 -8.86502 0.000360027 0.999997 -0.00235561 -0.444028 -0.00636889 0.00235786 0.999977 -0.19758
0.999989 1.91126e-05 0.00462099 -11.1463 -1.13069e-05 0.999999 -0.00168922 -0.554915 -0.00462102 0.00168915 0.999988 -0.218736
0.999982 0.000285268 0.00605015 -13.4079 -0.000279321 1 -0.000983913 -0.664808 -0.00605043 0.000982205 0.999981 -0.257013
0.999975 0.000234833 0.00701683 -15.6826 -0.000247538 0.999998 0.00180981 -0.777693 -0.00701639 -0.0018115 0.999974 -0.288872
0.999972 0.000370805 0.00742672 -17.9435 -0.000394865 0.999995 0.00323843 -0.882798 -0.00742548 -0.00324127 0.999967 -0.323789
0.999967 0.000784892 0.00809113 -20.2326 -0.000813615 0.999993 0.00354726 -0.997419 -0.0080883 -0.00355372 0.999961 -0.331702
0.999981 0.00182587 0.00589788 -22.5197 -0.00184416 0.999994 0.00309727 -1.09483 -0.00589219 -0.00310809 0.999978 -0.380464
0.999981 0.00196231 0.00587796 -24.8151 -0.00199316 0.999984 0.00524833 -1.20411 -0.00586757 -0.00525995 0.999969 -0.420451
0.999979 0.00288431 0.00574744 -27.0892 -0.00291879 0.999978 0.00599889 -1.31022 -0.00573001 -0.00601554 0.999965 -0.484559
0.999964 0.00294013 0.00799375 -29.3775 -0.00298007 0.999983 0.00498982 -1.43167 -0.00797894 -0.00501346 0.999955 -0.533414
0.999963 0.00275895 0.00808762 -31.6532 -0.00278071 0.999993 0.0026805 -1.53146 -0.00808016 -0.00270289 0.999964 -0.574681
0.999964 0.00127373 0.0084106 -33.9249 -0.00128966 0.999997 0.0018885 -1.65086 -0.00840817 -0.00189928 0.999963 -0.613737
0.999934 -0.000360178 0.0114582 -36.2088 0.000317112 0.999993 0.00376013 -1.76565 -0.0114595 -0.00375625 0.999927 -0.641061
0.999947 -0.00150835 0.0101913 -38.4897 0.00145682 0.999986 0.00506146 -1.91038 -0.0101988 -0.00504634 0.999935 -0.671067
0.999937 -0.0022632 0.011022 -40.762 0.0022205 0.99999 0.00388419 -2.01576 -0.0110307 -0.00385947 0.999932 -0.680799
0.999895 -0.00279857 0.0142035 -43.0352 0.00276158 0.999993 0.00262335 -2.14428 -0.0142107 -0.00258385 0.999896 -0.727222
0.999924 -0.00360088 0.0117479 -45.3456 0.00357947 0.999992 0.00184308 -2.26448 -0.0117544 -0.00180089 0.999929 -0.749819
0.999899 -0.0029365 0.0138914 -47.6264 0.00296332 0.999994 -0.00191069 -2.36639 -0.0138857 0.00195166 0.999902 -0.774886
0.99992 -0.00272041 0.0123888 -49.9537 0.00278447 0.999983 -0.00515625 -2.49987 -0.0123745 0.00519032 0.99991 -0.795904
0.999925 -0.00190435 0.012067 -52.2398 0.002007 0.999962 -0.00849989 -2.64411 -0.0120504 0.00852347 0.999891 -0.822674
0.999915 -0.001749 0.0129057 -54.5537 0.00187168 0.999953 -0.0094999 -2.7512 -0.0128884 0.00952325 0.999872 -0.849615
0.999891 -0.00161112 0.0146607 -56.8503 0.0017078 0.999977 -0.00658466 -2.85942 -0.0146497 0.00660898 0.999871 -0.866369
0.999904 -0.00238431 0.0136213 -59.1958 0.00242661 0.999992 -0.00308949 -2.97096 -0.0136139 0.00312225 0.999902 -0.883036
0.999904 -0.00322009 0.0134426 -61.557 0.00325274 0.999992 -0.00240777 -3.09498 -0.0134347 0.00245126 0.999907 -0.903884
0.999898 -0.00349912 0.0138194 -63.8983 0.00355665 0.999985 -0.00414012 -3.21938 -0.0138048 0.00418885 0.999896 -0.929144
0.999901 -0.00395711 0.0134915 -66.2526 0.00404551 0.99997 -0.00653175 -3.35733 -0.0134652 0.00658568 0.999888 -0.943312
0.999899 -0.00472369 0.0133835 -68.594 0.00482624 0.999959 -0.00764073 -3.50407 -0.0133469 0.00770455 0.999881 -0.980433
0.999888 -0.00570424 0.0138149 -70.9869 0.00581707 0.99995 -0.00814067 -3.61354 -0.0137677 0.00822012 0.999871 -1.00558
0.999824 -0.00537251 0.0179639 -73.3532 0.00551492 0.999954 -0.00788775 -3.74614 -0.0179206 0.00798543 0.999808 -1.0109
0.999879 -0.00347949 0.0151824 -75.7461 0.00360523 0.99996 -0.00826272 -3.87965 -0.015153 0.00831645 0.999851 -1.02438
0.999894 -0.00197767 0.0144446 -78.1449 0.0020897 0.999968 -0.00774527 -3.99879 -0.0144289 0.00777463 0.999866 -1.03519
0.999937 0.000194264 0.0111998 -80.5281 -0.00010003 0.999965 -0.00841395 -4.135 -0.011201 0.0084123 0.999902 -1.0463
0.999933 0.00121386 0.0114711 -82.9075 -0.00112172 0.999967 -0.00803552 -4.2717 -0.0114805 0.00802212 0.999902 -1.0862
0.999915 0.00108069 0.0130077 -85.2868 -0.000994657 0.999978 -0.00661876 -4.38006 -0.0130146 0.00660525 0.999894 -1.08498
0.999904 -0.00022954 0.0138612 -87.6555 0.000291253 0.99999 -0.00445041 -4.48938 -0.01386 0.00445402 0.999894 -1.07663
0.999935 -0.00123247 0.0113255 -90.0026 0.00128012 0.99999 -0.00420119 -4.60831 -0.0113202 0.00421541 0.999927 -1.07044
0.999929 -0.00199221 0.0117685 -92.3415 0.00203594 0.999991 -0.00370554 -4.73521 -0.011761 0.00372924 0.999924 -1.0949
0.999895 -0.00273712 0.0142631 -94.672 0.00277325 0.999993 -0.00251406 -4.85457 -0.0142561 0.00255335 0.999895 -1.08709
0.999882 -0.00292752 0.0150558 -96.9839 0.00295993 0.999993 -0.00213106 -4.97763 -0.0150495 0.00217537 0.999884 -1.08967
0.999899 -0.00320141 0.0138762 -99.2622 0.0032019 0.999995 -1.28588e-05 -5.1028 -0.0138761 5.72868e-05 0.999904 -1.09787
0.999909 -0.0031207 0.0131227 -101.535 0.00308539 0.999992 0.00271014 -5.2157 -0.0131311 -0.0026694 0.99991 -1.1066
0.999877 -0.00316963 0.0153925 -103.77 0.00314526 0.999994 0.00160746 -5.33072 -0.0153975 -0.00155885 0.99988 -1.12577
0.999863 -0.00403682 0.0160328 -106.018 0.00400283 0.99999 0.00215156 -5.45303 -0.0160413 -0.00208709 0.999869 -1.13157
0.999862 -0.00458774 0.0159666 -108.233 0.00455613 0.999988 0.00201558 -5.58231 -0.0159756 -0.00194255 0.999871 -1.1188
0.999908 -0.00457829 0.0127354 -110.43 0.00455503 0.999988 0.00185504 -5.68737 -0.0127438 -0.00179686 0.999917 -1.15654
0.9999 -0.00482226 0.0132624 -112.606 0.00478994 0.999986 0.00246785 -5.8044 -0.0132741 -0.00240408 0.999909 -1.1757
0.999921 -0.00479222 0.0116274 -114.794 0.00476207 0.999985 0.00261939 -5.92184 -0.0116398 -0.00256382 0.999929 -1.19288
0.999893 -0.00483301 0.0138123 -116.957 0.00478974 0.999984 0.00316409 -6.04122 -0.0138274 -0.00309759 0.9999 -1.22018
0.999886 -0.00477608 0.0143473 -119.103 0.00477561 0.999989 6.69585e-05 -6.17418 -0.0143474 1.56433e-06 0.999897 -1.21875
0.999897 -0.00474634 0.0135173 -121.242 0.00477142 0.999987 -0.00182364 -6.27832 -0.0135084 0.00188795 0.999907 -1.26187
0.999861 -0.00535986 0.0157628 -123.368 0.00542037 0.999978 -0.0037984 -6.39695 -0.0157421 0.00388332 0.999869 -1.28685
0.999838 -0.005575 0.0170933 -125.477 0.0056644 0.999971 -0.00518654 -6.51283 -0.0170639 0.00528252 0.99984 -1.27918
0.9998 -0.00585385 0.0191153 -127.559 0.00595752 0.999968 -0.00537054 -6.64662 -0.0190833 0.00548334 0.999803 -1.28091
0.999769 -0.00630854 0.0205584 -129.654 0.00637602 0.999975 -0.00321838 -6.74759 -0.0205376 0.00334871 0.999783 -1.29388
0.999745 -0.00689947 0.0215105 -131.735 0.00694229 0.999974 -0.0019165 -6.85988 -0.0214967 0.00206534 0.999767 -1.2989
0.999712 -0.00749741 0.0227865 -133.819 0.00752037 0.999971 -0.000922143 -6.98009 -0.0227789 0.00109324 0.99974 -1.28826
0.99965 -0.00752434 0.0253578 -135.89 0.00755006 0.999971 -0.000918685 -7.09882 -0.0253502 0.00110981 0.999678 -1.26458
0.999614 -0.00715598 0.0268643 -137.972 0.0071795 0.999974 -0.000779198 -7.21613 -0.026858 0.000971767 0.999639 -1.26987
0.999651 -0.00733859 0.0253955 -140.062 0.00739484 0.999971 -0.00212182 -7.34529 -0.0253792 0.00230887 0.999675 -1.24963
0.999624 -0.00739644 0.0263967 -142.187 0.00749758 0.999965 -0.00373463 -7.46964 -0.0263682 0.00393113 0.999645 -1.23081
0.999527 -0.00799391 0.0297047 -144.319 0.00808427 0.999963 -0.0029232 -7.59083 -0.0296802 0.00316195 0.999555 -1.24033
0.999516 -0.00862996 0.0298956 -146.474 0.00868673 0.999961 -0.00176937 -7.7222 -0.0298792 0.00202821 0.999552 -1.21654
0.999477 -0.00904287 0.031051 -148.644 0.00905684 0.999959 -0.000309225 -7.84266 -0.0310469 0.000590285 0.999518 -1.22075
0.99945 -0.00867007 0.0320104 -150.85 0.00870709 0.999962 -0.00101706 -7.96413 -0.0320003 0.00129521 0.999487 -1.21761
0.999497 -0.00776104 0.0307671 -153.085 0.00779519 0.999969 -0.000990195 -8.09243 -0.0307584 0.00122953 0.999526 -1.19484
0.999552 -0.00698612 0.0291131 -155.332 0.00700136 0.999976 -0.000421366 -8.22965 -0.0291094 0.000625006 0.999576 -1.17143
0.999537 -0.00679534 0.0296538 -157.608 0.00683286 0.999976 -0.001164 -8.37885 -0.0296451 0.00136607 0.99956 -1.13566
0.999479 -0.00694386 0.0315342 -159.897 0.00700068 0.999974 -0.00169202 -8.50744 -0.0315216 0.0019119 0.999501 -1.1193
0.999489 -0.00724991 0.0311473 -162.178 0.00724827 0.999974 0.000165764 -8.63369 -0.0311477 6.00815e-05 0.999515 -1.08253
0.999429 -0.0076864 0.0329192 -164.513 0.00760027 0.999968 0.00274073 -8.75813 -0.0329392 -0.00248897 0.999454 -1.05247
0.999296 -0.0071785 0.0368125 -166.834 0.00710948 0.999973 0.00200531 -8.874 -0.0368259 -0.00174218 0.99932 -1.02033
0.999356 -0.00709674 0.0351612 -169.175 0.00705926 0.999975 0.00118991 -9.02783 -0.0351688 -0.000940936 0.999381 -0.993027
0.999435 -0.00712209 0.0328322 -171.519 0.00710723 0.999975 0.000569097 -9.16251 -0.0328355 -0.000335432 0.999461 -0.95909
0.999404 -0.0079758 0.0335733 -173.856 0.00790063 0.999966 0.00237095 -9.28998 -0.033591 -0.00210429 0.999434 -0.918807
0.999388 -0.00863783 0.033894 -176.191 0.0085145 0.999957 0.00378124 -9.42367 -0.0339252 -0.00349034 0.999418 -0.892573
0.999314 -0.00938964 0.0358242 -178.509 0.00922848 0.999947 0.00466127 -9.56255 -0.0358661 -0.00432747 0.999347 -0.852188
0.999314 -0.00994008 0.0356606 -180.823 0.00973467 0.999935 0.00592923 -9.69372 -0.0357172 -0.00557803 0.999346 -0.846588
0.999285 -0.00993204 0.0364896 -183.149 0.00969677 0.999931 0.00661869 -9.83877 -0.0365528 -0.00626012 0.999312 -0.763727
0.999265 -0.0100271 0.0369994 -185.489 0.00980395 0.999933 0.00620814 -9.97274 -0.0370592 -0.00584084 0.999296 -0.745706
0.999237 -0.0101976 0.0377064 -187.816 0.00995559 0.999929 0.00659955 -10.1036 -0.037771 -0.00621912 0.999267 -0.68263
0.999199 -0.0100568 0.0387381 -190.116 0.00974858 0.99992 0.0081366 -10.2351 -0.0388168 -0.00775244 0.999216 -0.653505
0.999141 -0.0101722 0.0401777 -192.402 0.00981439 0.999911 0.00909383 -10.3722 -0.0402666 -0.0086917 0.999151 -0.588495
0.999044 -0.0108283 0.0423416 -194.702 0.0104809 0.99991 0.00841667 -10.5275 -0.0424289 -0.00796485 0.999068 -0.513795
0.998908 -0.0117556 0.0452107 -196.986 0.0114111 0.999904 0.00786965 -10.6569 -0.0452989 -0.00734516 0.998946 -0.449848
0.998937 -0.0131361 0.0441805 -199.259 0.0128516 0.999895 0.0067177 -10.8217 -0.0442641 -0.00614278 0.999001 -0.382788
0.998854 -0.0145673 0.0455948 -201.512 0.0143279 0.999882 0.00557171 -10.9542 -0.0456706 -0.00491205 0.998944 -0.329762
0.998848 -0.0157632 0.0453149 -203.793 0.0156265 0.999872 0.00336945 -11.1032 -0.0453622 -0.00265746 0.998967 -0.295536
0.99881 -0.016749 0.0458021 -206.049 0.0166174 0.999857 0.00325293 -11.2507 -0.04585 -0.00248795 0.998945 -0.223826
0.998684 -0.0174629 0.0482128 -208.307 0.0173425 0.999845 0.00291582 -11.4094 -0.0482562 -0.00207585 0.998833 -0.157495
0.998679 -0.018491 0.0479472 -210.542 0.0183797 0.999827 0.00276177 -11.5664 -0.04799 -0.00187687 0.998846 -0.0962309
0.998677 -0.0197282 0.0474781 -212.777 0.0195243 0.999798 0.00475463 -11.7198 -0.0475623 -0.00382136 0.998861 -0.0311666
0.99869 -0.0212514 0.0465502 -215.034 0.021062 0.999768 0.00455496 -11.8737 -0.0466362 -0.00356855 0.998906 0.0247684
0.998503 -0.0223222 0.0499316 -217.278 0.0221555 0.999747 0.00388996 -12.0351 -0.0500058 -0.00277788 0.998745 0.0734584
0.99841 -0.02163 0.0520478 -219.504 0.0214856 0.999764 0.00333319 -12.2061 -0.0521075 -0.00220962 0.998639 0.139827
0.998506 -0.0202326 0.0507628 -221.741 0.0200167 0.999788 0.00475881 -12.3541 -0.0508483 -0.00373559 0.998699 0.201987
0.99848 -0.018851 0.0517831 -223.991 0.0185803 0.999811 0.00570517 -12.5032 -0.0518809 -0.00473436 0.998642 0.270663
0.998574 -0.0166911 0.050702 -226.257 0.0164049 0.999847 0.00605545 -12.6595 -0.0507953 -0.00521506 0.998695 0.336868
0.998529 -0.014848 0.0521394 -228.515 0.0145728 0.999878 0.00565493 -12.8034 -0.052217 -0.0048868 0.998624 0.4092
0.99839 -0.0124674 0.0553272 -230.764 0.0121661 0.999909 0.00577891 -12.9606 -0.0553943 -0.0050965 0.998451 0.498126
0.998486 -0.00972582 0.0541313 -233.021 0.00946445 0.999942 0.00508263 -13.0865 -0.0541776 -0.00456261 0.998521 0.576613
0.998531 -0.00782429 0.0536214 -235.307 0.00766546 0.999966 0.00316694 -13.2202 -0.0536443 -0.00275126 0.998556 0.660667
0.998455 -0.00663216 0.0551742 -237.554 0.00647742 0.999975 0.00298288 -13.3487 -0.0551926 -0.00262088 0.998472 0.747652
0.998447 -0.00622526 0.0553577 -239.813 0.00603696 0.999976 0.00356797 -13.488 -0.0553785 -0.00322824 0.99846 0.835287
0.99835 -0.00619967 0.0570815 -242.074 0.00597475 0.999974 0.00411013 -13.5994 -0.0571055 -0.00376231 0.998361 0.925619
0.998387 -0.0063109 0.056427 -244.327 0.00610971 0.999975 0.00373719 -13.7252 -0.0564491 -0.00338641 0.9984 0.997343
0.998383 -0.0063557 0.0564932 -246.602 0.00629481 0.99998 0.00125556 -13.8557 -0.0565 -0.000897916 0.998402 1.10402
0.998346 -0.00629962 0.0571349 -248.861 0.00637563 0.999979 -0.00114807 -13.9859 -0.0571265 0.00151044 0.998366 1.18398
0.998448 -0.00764827 0.0551673 -251.146 0.00776106 0.999968 -0.00183067 -14.1375 -0.0551515 0.00225598 0.998475 1.26881
0.998372 -0.00926204 0.0562746 -253.439 0.00933565 0.999956 -0.00104543 -14.2574 -0.0562624 0.00156908 0.998415 1.35806
0.998271 -0.0110165 0.05774 -255.718 0.0109842 0.99994 0.000875728 -14.3901 -0.0577461 -0.000239987 0.998331 1.43948
0.998319 -0.0122263 0.0566533 -258.001 0.0121679 0.999925 0.00137617 -14.526 -0.0566659 -0.000684505 0.998393 1.52009
0.99822 -0.0133421 0.0581236 -260.272 0.013302 0.999911 0.00107659 -14.6698 -0.0581328 -0.000301511 0.998309 1.61246
0.998209 -0.0144952 0.0580281 -262.583 0.0144114 0.999894 0.00186245 -14.8374 -0.058049 -0.00102286 0.998313 1.69818
0.998184 -0.0156964 0.0581535 -264.878 0.0156585 0.999877 0.00110782 -14.9641 -0.0581638 -0.000195217 0.998307 1.77923
0.998207 -0.0169852 0.0573945 -267.192 0.0170382 0.999855 -0.000434183 -15.1164 -0.0573788 0.0014113 0.998351 1.87616
0.998174 -0.0172951 0.057868 -269.497 0.017445 0.999846 -0.00208585 -15.2839 -0.057823 0.00309155 0.998322 1.96134
0.998015 -0.0175658 0.0604799 -271.804 0.0176414 0.999844 -0.000715874 -15.43 -0.0604579 0.0017814 0.998169 2.04119
0.997945 -0.018247 0.0614257 -274.122 0.0183087 0.999832 -0.000442273 -15.5954 -0.0614073 0.00156599 0.998111 2.14264
0.997968 -0.0188238 0.0608626 -276.439 0.0189057 0.999821 -0.000770558 -15.7468 -0.0608372 0.00191964 0.998146 2.24618
0.997906 -0.0195018 0.0616606 -278.777 0.0194834 0.99981 0.000900763 -15.9084 -0.0616664 0.000302476 0.998097 2.34484
0.997964 -0.0194643 0.0607341 -281.098 0.0192611 0.999807 0.00392921 -16.0679 -0.0607988 -0.00275141 0.998146 2.43606
0.997847 -0.0193948 0.062645 -282.257 0.0191669 0.999807 0.00423689 -16.1366 -0.062715 -0.00302706 0.998027 2.48185
