1 0 0 0 0 1 0 0 0 0 1 0
1 5.2644e-05 0.000250439 -0.202161 -5.25901e-05 1 -0.000215282 -0.037367 -0.000250451 0.000215269 1 -0.00582591
1 5.36644e-05 -0.000531692 -0.300838 -5.41072e-05 1 -0.000832867 -0.0419316 0.000531647 0.000832896 1 0.0275642
0.999998 3.03121e-05 0.00174618 -0.355595 -2.60561e-05 0.999997 -0.00243728 -0.0854045 -0.00174625 0.00243723 0.999996 0.0123335
0.999999 -0.000530862 0.000846604 -0.412073 0.000530828 1 3.98651e-05 -0.113095 -0.000846625 -3.94155e-05 1 -0.00670121
0.999998 -0.00214521 0.000164186 -0.419137 0.00214511 0.999998 0.00061713 -0.114102 -0.000165509 -0.000616777 1 -0.0264208
0.999985 -0.00281653 0.00467473 -0.363594 0.00281676 0.999996 -4.23228e-05 -0.154205 -0.00467459 5.54899e-05 0.999989 0.0112102
0.999999 -5.66888e-05 0.00146509 -0.444094 6.31213e-05 0.99999 -0.0043903 -0.174444 -0.00146483 0.00439039 0.999989 -0.0147929
0.999993 0.00255206 0.00263264 -0.636249 -0.00253986 0.999986 -0.00462627 -0.180499 -0.00264441 0.00461955 0.999986 -0.0195573
0.999948 0.00859452 0.00542626 -0.667756 -0.00856845 0.999952 -0.00480881 -0.173301 -0.00546733 0.00476207 0.999974 -0.0238329
0.99991 0.0132006 0.00248872 -0.649173 -0.0131894 0.999903 -0.0044625 -0.170748 -0.00254739 0.00442927 0.999987 -0.0489419
0.999894 0.014556 -0.000642383 -0.606747 -0.0145555 0.999894 0.000753347 -0.167555 0.000653282 -0.000743917 1 -0.00502725
0.999919 0.0120989 -0.00385316 -0.579888 -0.0120966 0.999927 0.000628954 -0.161823 0.00386049 -0.000582294 0.999992 -0.0184862
0.999957 0.00899599 -0.0021285 -0.316747 -0.00899753 0.999959 -0.000715822 -0.147533 0.00212198 0.000734942 0.999997 -0.0039138
0.999963 0.00822099 0.00235724 -0.0540969 -0.00822448 0.999965 0.00147489 -0.145437 -0.00234503 -0.00149422 0.999996 0.00649862
0.999916 0.00891662 0.00942775 0.111611 -0.00887085 0.999949 -0.00488572 -0.128867 -0.00947083 0.00480167 0.999944 -0.0684779
0.999942 0.00645891 0.00862767 0.0371876 -0.00635158 0.999903 -0.0124102 -0.124935 -0.00870699 0.0123547 0.999886 -0.0823783
0.999938 0.00915541 0.00631925 0.063963 -0.00906405 0.999856 -0.0143385 -0.12899 -0.00644962 0.0142803 0.999877 -0.107348
0.99991 0.0100456 0.00886874 0.236287 -0.00989812 0.999815 -0.016522 -0.120951 -0.00903306 0.0164327 0.999824 -0.124639
0.999898 0.0121461 0.00754086 0.49074 -0.0120226 0.999796 -0.0162155 -0.107293 -0.00773627 0.0161232 0.99984 -0.0995735
0.999862 0.0141129 0.00874822 0.638366 -0.0139915 0.999807 -0.0137873 -0.101421 -0.00894111 0.013663 0.999867 -0.0770885
0.999861 0.0121671 0.0113573 0.750758 -0.0120263 0.999851 -0.0123791 -0.104975 -0.0115062 0.0122408 0.999859 -0.0626297
0.999865 0.00832651 0.0141706 0.857729 -0.00817831 0.999912 -0.0104836 -0.104222 -0.0142566 0.0103663 0.999845 -0.0516885
0.999883 0.00463465 0.0145532 0.969055 -0.00448866 0.99994 -0.0100479 -0.0817604 -0.0145989 0.00998136 0.999844 -0.0651481
0.999877 0.00485763 0.0149122 1.01895 -0.0047101 0.99994 -0.00991253 -0.102317 -0.0149594 0.00984108 0.99984 -0.0589903
0.9998 0.0126259 0.0154775 1.49856 -0.0124716 0.999872 -0.0100298 -0.0989319 -0.0156022 0.00983477 0.99983 -0.0543707
0.999661 0.0173893 0.0193585 1.76775 -0.0171672 0.999786 -0.0115823 -0.100713 -0.0195557 0.011246 0.999745 -0.0679002
0.999517 0.020632 0.0232465 2.01317 -0.0203417 0.999713 -0.0126553 -0.120961 -0.023501 0.0121763 0.99965 -0.062625
0.999542 0.0215568 0.021247 2.08785 -0.0213139 0.999706 -0.0115917 -0.108728 -0.0214906 0.0111335 0.999707 -0.0653172
0.999492 0.0237315 0.021246 2.09111 -0.0234863 0.999656 -0.0117184 -0.106972 -0.0215167 0.0112134 0.999706 -0.0729372
0.99954 0.0221353 0.0207474 2.09502 -0.0219189 0.999704 -0.0105992 -0.0862409 -0.0209759 0.0101396 0.999729 -0.0761115
0.999467 0.0254353 0.0204657 1.8567 -0.0252177 0.999623 -0.0108236 -0.0686692 -0.0207332 0.0103017 0.999732 -0.0629599
0.999462 0.0267456 0.0190024 1.57398 -0.0265469 0.999591 -0.0106305 -0.08023 -0.019279 0.0101203 0.999763 -0.0600163
0.999471 0.0283847 0.0158512 1.67253 -0.0282767 0.999576 -0.00699699 -0.0686938 -0.0160431 0.00654507 0.99985 -0.0607835
0.99943 0.0273571 0.0197961 1.84402 -0.0274 0.999623 0.00190232 -0.045317 -0.0197366 -0.00244365 0.999802 -0.0162259
0.999391 0.0269553 0.0221389 2.28102 -0.0268876 0.999633 -0.00334774 -0.0250311 -0.022221 0.00275044 0.999749 -0.0363008
0.999484 0.0254078 0.0196533 2.72061 -0.0252539 0.999649 -0.0080398 -0.0150941 -0.0198506 0.00753933 0.999774 -0.0650075
0.999456 0.0252331 0.0212358 3.11368 -0.0250721 0.999655 -0.0078162 0.00179618 -0.0214256 0.00727952 0.999744 -0.088423
0.999314 0.0264338 0.0259115 3.31457 -0.0262095 0.999616 -0.0089587 0.0145955 -0.0261384 0.00827343 0.999624 -0.0745639
0.999343 0.025485 0.0257748 3.49545 -0.0252599 0.99964 -0.00902184 0.0182644 -0.0259955 0.00836484 0.999627 -0.08194
0.99933 0.02392 0.0276836 4.05729 -0.0237015 0.999686 -0.00819382 0.0382767 -0.0278709 0.00753219 0.999583 -0.102657
0.999319 0.0230695 0.0287858 4.41229 -0.0228384 0.999705 -0.00833334 0.0847729 -0.0289695 0.00767025 0.999551 -0.128276
0.999088 0.0214363 0.0369289 4.8175 -0.0206853 0.999574 -0.0206013 0.0661255 -0.0373548 0.0198186 0.999106 -0.190242
0.99904 0.0290521 0.0327804 5.06849 -0.028177 0.999242 -0.0268499 0.0386227 -0.0335357 0.0259005 0.999102 -0.182651
0.999228 0.0275605 0.0279751 5.12323 -0.0267324 0.999206 -0.0295575 0.0247271 -0.0287675 0.0287869 0.999172 -0.133515
0.999246 0.025892 0.0289265 5.47278 -0.024914 0.999122 -0.0336733 0.0492559 -0.029773 0.0329273 0.999014 -0.1863
0.999209 0.0245303 0.0312962 5.7369 -0.0235299 0.999213 -0.0319426 0.0445172 -0.0320552 0.031181 0.999 -0.215021
0.999221 0.0224285 0.0324677 6.07347 -0.0214011 0.99927 -0.0316523 0.0494457 -0.0331539 0.0309328 0.998972 -0.199937
0.9993 0.0220172 0.0302376 6.40048 -0.0210046 0.999221 -0.0334086 0.0329731 -0.0309496 0.0327501 0.998984 -0.200016
0.999381 0.0229364 0.0266559 6.72061 -0.0220187 0.999171 -0.0342281 0.0302134 -0.0274189 0.03362 0.999059 -0.170877
0.99919 0.0233952 0.0327176 7.06097 -0.0223212 0.999212 -0.0328168 0.0506909 -0.0334596 0.03206 0.998926 -0.196479
0.999116 0.0230116 0.0351742 7.4126 -0.021922 0.999277 -0.0310538 0.0459021 -0.0358633 0.0302552 0.998899 -0.185164
0.998925 0.0265975 0.0379525 7.68628 -0.0254537 0.999216 -0.03031 0.0414373 -0.038729 0.0293114 0.99882 -0.200702
0.998885 0.0280783 0.0379308 8.05409 -0.0269513 0.999189 -0.0299024 0.0471105 -0.0387396 0.0288468 0.998833 -0.196797
0.998937 0.0289272 0.0358907 8.43531 -0.027896 0.999193 -0.0289093 0.0586349 -0.036698 0.0278773 0.998938 -0.188699
0.998898 0.0282087 0.0375021 8.79621 -0.0271753 0.999244 -0.0277883 0.0783923 -0.0382576 0.0267386 0.99891 -0.203489
0.998859 0.0278245 0.0387981 9.12543 -0.0267454 0.999248 -0.0280591 0.0826681 -0.0395496 0.0269894 0.998853 -0.185302
0.998881 0.0271363 0.03872 9.36568 -0.0260867 0.999285 -0.0273589 0.101338 -0.0394348 0.0263182 0.998876 -0.184358
0.998868 0.0267689 0.03932 9.48222 -0.0256917 0.999287 -0.0276503 0.12058 -0.0400322 0.0266088 0.998844 -0.174765
0.998888 0.0257708 0.0394633 9.46362 -0.0246883 0.999312 -0.0276773 0.0878613 -0.0401494 0.0266723 0.998838 -0.181957
0.998842 0.0265 0.0401503 9.37633 -0.0254049 0.999298 -0.0275463 0.086707 -0.040852 0.0264943 0.998814 -0.183345
0.998915 0.0268208 0.0380588 9.2355 -0.025767 0.999278 -0.0279153 0.0927948 -0.0387801 0.0269044 0.998886 -0.188883
0.998951 0.0285705 0.035766 8.95668 -0.0275449 0.999204 -0.0288483 0.101843 -0.0365617 0.0278329 0.998944 -0.162245
0.998897 0.0297538 0.0363161 8.70635 -0.0287099 0.999169 -0.0289379 0.110716 -0.0371469 0.0278634 0.998921 -0.148995
0.998896 0.0301826 0.0359772 8.52169 -0.0291574 0.999163 -0.0286869 0.110259 -0.0368129 0.0276063 0.998941 -0.149193
0.998937 0.0311806 0.033934 8.14349 -0.0302324 0.999148 -0.028104 0.106844 -0.0347814 0.0270482 0.999029 -0.144422
0.998982 0.0299986 0.0336876 7.6522 -0.0290354 0.999165 -0.0287281 0.115386 -0.0345213 0.0277207 0.99902 -0.1336
0.999111 0.0282737 0.0312614 7.59377 -0.0273812 0.999215 -0.028621 0.154116 -0.0320461 0.0277396 0.999101 -0.126687
0.999099 0.0301634 0.0298372 7.52557 -0.0294085 0.999244 -0.0254252 0.173485 -0.0305815 0.0245248 0.999231 -0.112754
0.999119 0.0282403 0.0310167 7.72592 -0.0274816 0.999319 -0.0246224 0.201361 -0.0316909 0.0237484 0.999216 -0.119268
0.999097 0.0295302 0.0305265 7.99042 -0.028842 0.999325 -0.0227465 0.220782 -0.0311776 0.0218455 0.999275 -0.0989102
0.99913 0.0288994 0.0300341 8.00072 -0.0282373 0.999354 -0.0222405 0.227867 -0.0306574 0.0213731 0.999302 -0.0936456
0.999075 0.0289871 0.0317515 8.01826 -0.0282972 0.999358 -0.0219668 0.236785 -0.0323679 0.021048 0.999255 -0.0969393
0.999112 0.0276431 0.0317937 8.16414 -0.026949 0.999393 -0.022057 0.249698 -0.0323841 0.0211805 0.999251 -0.10156
0.999102 0.0266659 0.0329032 8.45654 -0.0259485 0.99942 -0.0220403 0.2484 -0.0334718 0.0211667 0.999216 -0.100311
0.999138 0.0244567 0.0335158 8.67162 -0.0237028 0.999461 -0.0227098 0.252076 -0.0340532 0.0218958 0.99918 -0.0976648
0.999179 0.0228816 0.0334239 8.57158 -0.0221685 0.999522 -0.021552 0.247506 -0.033901 0.0207933 0.999209 -0.0925603
0.999176 0.0224796 0.0337822 8.56237 -0.0217516 0.999526 -0.0217639 0.228532 -0.0342554 0.0210111 0.999192 -0.0941647
0.999176 0.0224022 0.033822 8.80592 -0.0216688 0.999525 -0.021897 0.22597 -0.0342965 0.0211461 0.999188 -0.0773227
0.999117 0.0258549 0.0330895 8.94362 -0.0251847 0.999472 -0.0205146 0.212331 -0.0336025 0.0196631 0.999242 -0.05621
0.999057 0.0271892 0.0338348 8.8367 -0.0264982 0.999434 -0.0207067 0.203742 -0.0343787 0.0197906 0.999213 -0.0529839
0.999004 0.0288479 0.0340326 8.65967 -0.028164 0.999395 -0.0204057 0.205717 -0.0346006 0.0194269 0.999213 -0.0461421
0.998989 0.0291401 0.0342297 8.63368 -0.0284489 0.999385 -0.0205091 0.210134 -0.0348063 0.0195145 0.999204 -0.044947
0.999036 0.0286897 0.0332163 8.53081 -0.0280405 0.99941 -0.0198499 0.230257 -0.0337662 0.0188994 0.999251 -0.0509558
0.998996 0.0306053 0.0327054 8.30481 -0.0299365 0.999336 -0.0207468 0.247751 -0.0333186 0.0197469 0.99925 -0.041352
0.999048 0.0304958 0.0311851 8.08117 -0.0298165 0.999313 -0.0220208 0.249865 -0.0318351 0.02107 0.999271 -0.0185985
0.999157 0.0289397 0.0291021 7.77048 -0.0283028 0.999356 -0.0220663 0.235538 -0.0297219 0.021224 0.999333 -0.0382466
0.999181 0.0273889 0.0297569 7.65014 -0.0267387 0.999399 -0.0220352 0.232314 -0.0303425 0.0212214 0.999314 -0.0349808
0.999247 0.025203 0.0294785 7.68716 -0.024573 0.999466 -0.021541 0.231938 -0.0300056 0.0208004 0.999334 -0.0358094
0.999341 0.0224868 0.028452 7.54962 -0.0219099 0.999551 -0.0204264 0.226565 -0.0288985 0.0197895 0.999387 -0.0488967
0.999314 0.0209808 0.0304902 7.33282 -0.0204677 0.999645 -0.0170429 0.216961 -0.0308369 0.0164072 0.99939 -0.00119311
0.99948 0.0191214 0.0259365 7.16898 -0.0186515 0.999659 -0.0182408 0.191319 -0.0262765 0.0177475 0.999497 0.012722
0.999554 0.0178378 0.0239187 6.84968 -0.0175092 0.99975 -0.0138804 0.168224 -0.0241603 0.0134554 0.999618 0.0560243
0.999575 0.0166609 0.0238837 6.50248 -0.0163058 0.999755 -0.0149866 0.142526 -0.0241275 0.0145908 0.999603 0.0361199
0.999628 0.0168243 0.0214458 6.13149 -0.0164918 0.999742 -0.0155884 0.0948645 -0.0217025 0.0152289 0.999649 0.0251591
0.994874 0.100199 0.0135546 5.59817 -0.100273 0.994948 0.00489807 0.711172 -0.0129953 -0.00623215 0.999896 0.124235
0.983305 0.174422 0.0518323 5.19722 -0.174407 0.984662 -0.00484485 1.50694 -0.0518823 -0.00427599 0.998644 0.608508
0.968974 0.241174 0.0540719 4.89486 -0.2404 0.970457 -0.0204918 2.45614 -0.0574166 0.00685716 0.998327 1.18895
0.947701 0.306442 0.0891871 4.72714 -0.304862 0.951886 -0.0311754 3.63939 -0.0944495 0.00235519 0.995527 1.78521
0.923478 0.36827 0.107539 4.66328 -0.365212 0.929707 -0.047592 4.93495 -0.117506 0.00467575 0.993061 2.33195
0.892411 0.429464 0.138428 4.69308 -0.425117 0.903073 -0.0611056 6.3307 -0.151254 -0.00431689 0.988486 2.86236
0.859501 0.489629 0.146694 4.81769 -0.48531 0.871816 -0.0664113 7.88454 -0.160408 -0.0141116 0.98695 3.2253
0.83557 0.530259 0.143691 4.96028 -0.526525 0.847589 -0.0660632 9.12186 -0.156822 -0.0204565 0.987415 3.3325
0.790574 0.595674 0.142001 5.23725 -0.593101 0.802539 -0.064516 10.1364 -0.152392 -0.0332165 0.987762 3.2833
0.738929 0.658471 0.142824 5.73277 -0.65714 0.751123 -0.0631019 11.3153 -0.14883 -0.0472279 0.987735 3.22151
0.681019 0.717658 0.145526 6.45076 -0.717706 0.693598 -0.061802 12.6238 -0.145289 -0.0623566 0.987422 3.11842
0.618205 0.77227 0.146355 7.38383 -0.773353 0.630897 -0.0623933 13.9793 -0.14052 -0.0746123 0.987263 3.02977
0.548535 0.824042 0.141645 8.55483 -0.825495 0.560663 -0.0649255 15.3974 -0.132916 -0.0813132 0.987786 2.89547
0.472347 0.86709 0.158242 10.0755 -0.866243 0.48984 -0.0983792 16.8216 -0.162817 -0.0906073 0.982487 2.76172
0.293558 0.944213 0.149278 12.7435 -0.953287 0.300781 -0.0278389 18.4882 -0.0711857 -0.134132 0.988404 2.17213
0.327033 0.924433 0.196142 15.4475 -0.940997 0.337665 -0.0224928 20.4609 -0.0870234 -0.177213 0.980318 1.21943
0.364347 0.903479 0.225778 17.8601 -0.927565 0.373659 0.00160645 22.3805 -0.0829126 -0.210009 0.974178 0.097427
0.412898 0.882062 0.226894 20.435 -0.90797 0.418192 0.0265658 24.3371 -0.0714526 -0.216982 0.973557 -1.23713
0.43422 0.870344 0.232277 22.7203 -0.899624 0.432195 0.0623252 26.0792 -0.0461448 -0.236025 0.970651 -2.55469
0.424649 0.869322 0.252884 25.0709 -0.903888 0.422995 0.0637298 27.9052 -0.0515669 -0.255642 0.965396 -3.88608
0.413252 0.869535 0.270426 27.431 -0.908997 0.411611 0.0655806 29.688 -0.054286 -0.272918 0.960505 -5.29334
0.408578 0.867823 0.282748 29.6831 -0.91178 0.402155 0.0832337 31.6548 -0.0414767 -0.291812 0.955576 -6.72497
0.410505 0.862562 0.295756 31.9365 -0.911337 0.399052 0.101103 33.5962 -0.0308139 -0.311037 0.949898 -8.21859
0.449063 0.865007 0.223837 34.7165 -0.890793 0.413944 0.18745 36.0877 0.0694895 -0.28357 0.956431 -9.9418
0.635608 0.751595 0.17637 36.4461 -0.763298 0.57759 0.289421 38.593 0.115658 -0.318582 0.940813 -11.557
0.743584 0.65612 0.128791 38.1747 -0.652073 0.668968 0.356765 40.8543 0.147924 -0.349267 0.925274 -13.2459
0.743019 0.653022 0.146573 39.7874 -0.653518 0.660686 0.369335 43.1346 0.144345 -0.370212 0.917664 -15.0075
0.651424 0.730993 0.203211 41.4814 -0.756589 0.605842 0.246023 46.3518 0.0567269 -0.314013 0.947723 -16.7501
0.616313 0.769701 0.166483 43.8016 -0.786877 0.593502 0.169053 49.9517 0.0313123 -0.235192 0.971444 -18.216
0.477173 0.873076 0.100211 46.9153 -0.878777 0.47307 0.0628921 53.3017 0.00750269 -0.118074 0.992977 -19.2752
0.341869 0.939072 0.0356012 51.3192 -0.936514 0.343589 -0.0699174 56.1756 -0.0778897 -0.00943842 0.996917 -19.9422
