1 0 0 0 0 1 0 0 0 0 1 0
0.999999 0.00113112 0.000751786 -2.3325 -0.00113339 0.999995 0.00302731 -0.134364 -0.000748358 -0.00302816 0.999995 -0.0514399
0.999994 0.00196396 0.00289409 -4.7077 -0.00197103 0.999995 0.00244011 -0.263639 -0.00288928 -0.0024458 0.999993 -0.0778987
0.999964 0.00213563 0.00824331 -7.14029 -0.00212044 0.999996 -0.00185198 -0.387944 -0.00824724 0.00183443 0.999964 -0.10346
0.999995 0.00191046 0.00250795 -9.60974 -0.00190045 0.99999 -0.0039883 -0.520295 -0.00251554 0.00398351 0.999989 -0.13188
0.999999 0.00153188 -9.18613e-06 -12.1212 -0.00153189 0.999998 -0.00123709 -0.661645 7.28991e-06 0.00123711 0.999999 -0.20097
0.999993 0.000932305 0.00359153 -14.6572 -0.000943422 0.999995 0.00309502 -0.792849 -0.00358863 -0.00309838 0.999989 -0.259919
0.999997 0.00199578 0.00125492 -17.2726 -0.00200581 0.999966 0.00804259 -0.922148 -0.00123883 -0.00804508 0.999967 -0.298905
0.999997 0.00223244 0.000864126 -19.8349 -0.00224376 0.999909 0.0133271 -1.03847 -0.000834296 -0.013329 0.999911 -0.339024
0.99998 0.00245334 0.00582959 -22.4559 -0.00251783 0.999935 0.0110813 -1.17578 -0.00580203 -0.0110957 0.999922 -0.37037
0.999984 0.00286601 0.00491487 -25.0961 -0.00288054 0.999991 0.00295203 -1.33415 -0.00490636 -0.00296614 0.999984 -0.394011
0.999987 0.00202473 0.00463602 -27.7485 -0.00200543 0.999989 -0.00416341 -1.48118 -0.0046444 0.00415406 0.999981 -0.402413
0.999995 0.00185358 0.00245456 -30.4031 -0.00184001 0.999983 -0.00551827 -1.61176 -0.00246475 0.00551373 0.999982 -0.416037
0.999997 0.000779538 0.00228892 -33.0869 -0.000772522 0.999995 -0.0030646 -1.74874 -0.0022913 0.00306282 0.999993 -0.470643
0.999987 -0.000127811 0.00503389 -35.7356 0.000135902 0.999999 -0.00160713 -1.89894 -0.00503368 0.00160779 0.999986 -0.485704
0.999981 -0.000572915 0.00614725 -38.4011 0.000590312 0.999996 -0.00282872 -2.04326 -0.0061456 0.0028323 0.999977 -0.49139
0.999994 -0.00159919 0.00317245 -41.0959 0.00161135 0.999991 -0.00383429 -2.25304 -0.00316629 0.00383938 0.999988 -0.496872
0.99997 -0.00312493 0.00715211 -43.7584 0.00314262 0.999992 -0.00246306 -2.35577 -0.00714436 0.00248547 0.999971 -0.542433
0.99999 -0.00401298 0.00181692 -46.4313 0.00400807 0.999988 0.00269762 -2.50473 -0.00182773 -0.00269031 0.999995 -0.582171
0.999991 -0.00372433 0.00188975 -49.1023 0.00371028 0.999966 0.00738179 -2.6552 -0.00191718 -0.00737471 0.999971 -0.621756
0.999893 -0.00572677 0.0134432 -51.7518 0.00563841 0.999962 0.00660163 -2.80377 -0.0134805 -0.00652512 0.999888 -0.617899
0.999924 -0.00821627 0.00913733 -54.4483 0.00820211 0.999965 0.00158626 -2.97118 -0.00915005 -0.00151119 0.999957 -0.624122
0.999831 -0.0150379 0.0105673 -57.0878 0.0150479 0.999886 -0.000867363 -3.15499 -0.0105531 0.00102624 0.999944 -0.641159
0.999723 -0.0230437 0.00467663 -59.7275 0.0230415 0.999734 0.000510875 -3.36464 -0.00468717 -0.000402975 0.999989 -0.650221
0.999438 -0.0333947 0.0027607 -62.3468 0.0334043 0.999436 -0.00353355 -3.58979 -0.00264114 0.00362379 0.99999 -0.6661
0.998922 -0.0454159 0.00960645 -64.9367 0.0454601 0.998956 -0.00443436 -3.84237 -0.00939503 0.00486629 0.999944 -0.666637
0.998175 -0.0602292 0.00438181 -67.5442 0.0602435 0.998179 -0.00320184 -4.15791 -0.00418099 0.00345997 0.999985 -0.676756
0.996933 -0.0782432 0.00118013 -70.1059 0.0782465 0.996929 -0.00306238 -4.48198 -0.000936893 0.00314533 0.999995 -0.714817
0.995028 -0.0993127 0.00746829 -72.6352 0.0993284 0.995053 -0.00175967 -4.86433 -0.00725659 0.00249274 0.99997 -0.740659
0.992457 -0.122593 0.000458995 -75.1252 0.122594 0.992453 -0.00283529 -5.30291 -0.000107944 0.00287018 0.999996 -0.735727
0.989209 -0.146298 -0.00790066 -77.5629 0.146256 0.98923 -0.00568669 -5.77583 0.00864753 0.0044698 0.999953 -0.76062
0.985227 -0.171177 -0.00516664 -79.8256 0.171151 0.985231 -0.00521132 -6.31207 0.00598239 0.00425006 0.999973 -0.804712
0.980814 -0.194808 -0.00728579 -81.9713 0.194784 0.980839 -0.00377511 -6.84477 0.00788161 0.00228352 0.999966 -0.816392
0.975758 -0.218729 -0.00729973 -83.9223 0.218673 0.975768 -0.0076946 -7.39908 0.00880587 0.00591182 0.999944 -0.817471
0.970477 -0.241184 -0.00191638 -85.7119 0.241161 0.970449 -0.00835417 -7.94224 0.00387464 0.00764538 0.999963 -0.853335
0.965248 -0.261295 -0.00458196 -87.3782 0.261274 0.965253 -0.00477187 -8.51128 0.00566962 0.0034089 0.999978 -0.86631
0.959593 -0.281279 -0.00796173 -89.0158 0.281262 0.959626 -0.00316279 -9.06681 0.0085299 0.000795657 0.999963 -0.88887
0.953164 -0.302449 -0.00154937 -90.5911 0.302452 0.95316 0.00288907 -9.66076 0.000603 -0.00322237 0.999995 -0.932149
0.946721 -0.322053 0.000101041 -92.1369 0.322053 0.946721 -0.000856755 -10.2834 0.000180261 0.000843653 0.999999 -0.950016
0.940112 -0.340853 -0.00294065 -93.6756 0.340847 0.940116 -0.00231039 -10.9792 0.00355205 0.00116972 0.999993 -0.951591
0.933232 -0.359271 -0.00130841 -95.1881 0.359268 0.933232 -0.00225982 -11.6481 0.00203293 0.00163887 0.999996 -0.959443
0.925502 -0.378741 0.000715898 -96.7079 0.378739 0.925501 0.00193959 -12.3644 -0.00139717 -0.00152396 0.999998 -0.994204
0.917395 -0.397972 0.00228241 -98.2389 0.397965 0.917396 0.00273515 -13.1281 -0.00318239 -0.00160089 0.999994 -1.03093
0.908278 -0.41835 0.00386434 -99.8129 0.418332 0.908282 0.00461959 -13.9434 -0.00544252 -0.00257929 0.999982 -1.07566
0.898563 -0.438825 0.00413296 -101.385 0.438808 0.898569 0.0045651 -14.8302 -0.00571704 -0.00228845 0.999981 -1.0703
0.88821 -0.459402 0.00563524 -102.982 0.459384 0.888228 0.00423332 -15.7757 -0.00695018 -0.00117133 0.999975 -1.11144
0.877473 -0.479608 0.00407527 -104.619 0.479597 0.877482 0.00352854 -16.7876 -0.0052683 -0.00114171 0.999985 -1.13856
0.866136 -0.4998 0.00287273 -106.264 0.499795 0.866141 0.0022142 -17.8678 -0.00359485 -0.00048202 0.999993 -1.17959
0.854058 -0.520157 0.00462365 -107.934 0.520161 0.854068 0.000513689 -19.0113 -0.00421611 0.00196632 0.999989 -1.2184
0.842062 -0.539365 0.00408634 -109.602 0.539369 0.84207 0.000316177 -20.2109 -0.00361152 0.00193781 0.999991 -1.20484
0.830017 -0.557734 -0.00185218 -111.285 0.55773 0.830019 -0.0024203 -21.4806 0.00288723 0.000975874 0.999995 -1.24615
0.81794 -0.575302 -0.000502967 -112.977 0.575302 0.817941 -0.00104443 -22.8036 0.00101226 0.000564929 0.999999 -1.27915
0.805682 -0.592348 -0.00076336 -114.638 0.592348 0.805679 0.0024272 -24.1692 -0.000822725 -0.00240772 0.999997 -1.31107
0.793419 -0.60867 -0.00267569 -116.322 0.608675 0.793418 0.00163568 -25.5827 0.00112735 -0.0029264 0.999995 -1.36227
0.779995 -0.625786 0.000262242 -117.954 0.62578 0.779989 0.00420512 -27.0452 -0.00283605 -0.00311586 0.999991 -1.39893
0.765736 -0.643154 0.000250315 -119.566 0.643153 0.765736 0.00179151 -28.5516 -0.00134389 -0.00121083 0.999998 -1.38846
0.74958 -0.661913 0.000708808 -121.156 0.66191 0.74958 0.00237063 -30.1087 -0.00210046 -0.00130781 0.999997 -1.43172
0.732212 -0.68106 0.00472269 -122.697 0.681059 0.732226 0.00211085 -31.7072 -0.00489569 0.00167084 0.999986 -1.44488
0.71313 -0.701031 0.000758823 -124.218 0.701025 0.713128 0.00358725 -33.3512 -0.00305591 -0.00202622 0.999993 -1.46253
0.693682 -0.720274 -0.00317099 -125.683 0.72028 0.693683 0.00101532 -35.0249 0.00146835 -0.0029883 0.999994 -1.48634
0.673863 -0.738844 0.00420929 -127.082 0.738827 0.673876 0.00498315 -36.7304 -0.00651831 -0.000248021 0.999978 -1.50958
0.654295 -0.756237 0.00174874 -128.464 0.756239 0.654291 -0.00245861 -38.5116 0.000715109 0.00293112 0.999995 -1.53517
0.634213 -0.773146 -0.00436887 -129.802 0.77313 0.634228 -0.00498709 -40.3363 0.00662661 -0.000214822 0.999978 -1.55079
0.614689 -0.788753 -0.00507293 -131.084 0.788767 0.614691 0.00153211 -42.1115 0.00190983 -0.00494313 0.999986 -1.59622
0.594387 -0.803987 -0.0175731 -132.321 0.804068 0.594527 -0.00360894 -43.9664 0.0133492 -0.0119848 0.999839 -1.65545
0.57398 -0.818785 -0.0116955 -133.502 0.818819 0.574045 -0.0028553 -45.8355 0.00905161 -0.00793759 0.999927 -1.69555
0.55009 -0.835093 -0.00453889 -134.621 0.835099 0.550098 -0.000861084 -47.7265 0.00321592 -0.00331675 0.999989 -1.73795
0.526441 -0.85021 -0.0017568 -135.671 0.850174 0.526436 -0.00839253 -49.6938 0.00806025 0.00292458 0.999963 -1.77049
0.50044 -0.865769 -0.00194948 -136.682 0.865748 0.500442 -0.00621666 -51.6564 0.0063578 0.00142331 0.999978 -1.8268
0.473412 -0.880819 -0.00621616 -137.638 0.880786 0.473449 -0.00783001 -53.6689 0.00983986 -0.00176829 0.99995 -1.89593
0.446802 -0.894569 -0.0107193 -138.547 0.894536 0.446898 -0.0093337 -55.725 0.0131401 -0.00541847 0.999899 -1.94385
0.422777 -0.906175 -0.0103123 -139.373 0.906181 0.422848 -0.00597976 -57.7933 0.00977923 -0.00681668 0.999929 -2.03247
0.400908 -0.916114 -0.0026296 -140.162 0.916108 0.400916 -0.00355799 -59.8956 0.00431377 -0.000982565 0.99999 -2.08793
0.380578 -0.924719 -0.00744389 -140.926 0.92468 0.380636 -0.00916733 -62.0342 0.0113106 -0.00339433 0.99993 -2.15878
0.360134 -0.932868 -0.007773 -141.637 0.932856 0.360186 -0.00677245 -64.2254 0.00911753 -0.00481209 0.999947 -2.19137
0.339863 -0.940454 -0.00622268 -142.304 0.940462 0.339885 -0.002938 -66.4584 0.00487805 -0.00485367 0.999976 -2.22451
0.318478 -0.947921 -0.00420269 -142.94 0.947882 0.318503 -0.008712 -68.7226 0.00959686 -0.00120908 0.999953 -2.27108
0.294426 -0.955645 -0.00748387 -143.528 0.955597 0.294493 -0.0103779 -71.0466 0.0121216 -0.00409603 0.999918 -2.32679
0.269242 -0.963019 -0.0101733 -144.069 0.962961 0.269357 -0.0123564 -73.3976 0.0146397 -0.00646963 0.999871 -2.41449
0.242991 -0.969991 -0.00854492 -144.562 0.969975 0.243061 -0.0083511 -75.7791 0.0101774 -0.00625911 0.999928 -2.45938
0.216208 -0.976279 -0.011535 -144.966 0.976225 0.216353 -0.0132469 -78.2137 0.0154283 -0.00839669 0.999845 -2.56463
0.188275 -0.981949 -0.0181391 -145.32 0.981969 0.188534 -0.0138335 -80.6706 0.0170036 -0.0152075 0.999739 -2.671
0.160296 -0.986866 -0.020029 -145.605 0.986957 0.16055 -0.011787 -83.1615 0.0148479 -0.0178784 0.999729 -2.75111
0.132262 -0.991012 -0.0200326 -145.801 0.991101 0.132527 -0.0124874 -85.6918 0.0150301 -0.0182027 0.999721 -2.8267
0.103333 -0.994433 -0.020621 -145.947 0.994506 0.103645 -0.0146796 -88.2674 0.0167351 -0.0189909 0.999679 -2.86452
0.076544 -0.996872 -0.0196389 -146.024 0.996884 0.0768923 -0.0176319 -90.8621 0.0190868 -0.0182281 0.999651 -2.9858
0.0516056 -0.998467 -0.0200019 -146.029 0.998493 0.0519613 -0.017687 -93.4507 0.0186992 -0.019059 0.999643 -3.05647
0.0290367 -0.999412 -0.0182391 -145.967 0.9994 0.0293714 -0.0183586 -96.0697 0.0188835 -0.0176951 0.999665 -3.15581
0.00981366 -0.999701 -0.0223668 -145.875 0.99968 0.0103306 -0.0231084 -98.716 0.0233326 -0.0221328 0.999482 -3.22914
-0.00593685 -0.999856 -0.0159005 -145.703 0.999768 -0.00560569 -0.0207858 -101.338 0.0206937 -0.0160202 0.999657 -3.29466
-0.0174969 -0.999766 -0.0126858 -145.51 0.999535 -0.0171733 -0.0251838 -104.012 0.0249601 -0.0131205 0.999602 -3.39391
-0.0256686 -0.999561 -0.0147922 -145.295 0.999463 -0.0253592 -0.0207332 -106.685 0.020349 -0.0153165 0.999675 -3.47638
-0.0303992 -0.999416 -0.0155888 -145.059 0.999295 -0.0300441 -0.0225221 -109.359 0.0220406 -0.0162624 0.999624 -3.57655
-0.031914 -0.999401 -0.0133649 -144.848 0.999226 -0.0315949 -0.0234385 -112.067 0.0230022 -0.0141026 0.999636 -3.64302
-0.0328646 -0.999338 -0.0155945 -144.592 0.999279 -0.0325578 -0.0195289 -114.748 0.0190082 -0.0162251 0.999687 -3.75303
-0.0320901 -0.999383 -0.01426 -144.338 0.999328 -0.0318289 -0.0181789 -117.445 0.0177138 -0.0148337 0.999733 -3.8206
-0.0316677 -0.999429 -0.0117463 -144.098 0.99936 -0.0314655 -0.0170037 -120.156 0.0166244 -0.0122773 0.999786 -3.88543
-0.0307766 -0.99948 -0.00953181 -143.87 0.999414 -0.030629 -0.0152491 -122.883 0.0149492 -0.00999553 0.999838 -3.92616
-0.03055 -0.999507 -0.00723944 -143.618 0.999412 -0.0304326 -0.0157919 -125.603 0.0155638 -0.00771762 0.999849 -4.01501
-0.0300903 -0.999494 -0.0102344 -143.383 0.999401 -0.029909 -0.0174195 -128.301 0.0171046 -0.0107525 0.999796 -4.07994
-0.0304648 -0.999503 -0.00809878 -143.143 0.999439 -0.0303478 -0.0141934 -131.043 0.0139406 -0.00852663 0.999866 -4.13593
-0.0306012 -0.999516 -0.0055881 -142.9 0.999453 -0.0305283 -0.01268 -133.786 0.0125033 -0.00597306 0.999904 -4.1866
-0.0313022 -0.999503 -0.00360912 -142.65 0.999421 -0.0312509 -0.0134897 -136.509 0.0133702 -0.00402928 0.999902 -4.25236
-0.0313555 -0.999508 1.75019e-05 -142.402 0.999388 -0.0313519 -0.0155465 -139.223 0.0155394 -0.000469968 0.999879 -4.34071
-0.0316102 -0.9995 0.00027703 -142.149 0.999341 -0.0316101 -0.0178583 -141.948 0.0178582 -0.000287648 0.99984 -4.43011
-0.0329152 -0.999458 -3.02972e-06 -141.92 0.999389 -0.0329128 -0.0117779 -144.651 0.0117714 -0.000390687 0.99993 -4.51679
-0.0333836 -0.999442 -0.000118538 -141.703 0.999381 -0.0333802 -0.011111 -147.388 0.0111008 -0.00048938 0.999938 -4.58138
-0.0345274 -0.999402 -0.00137973 -141.426 0.999329 -0.0345078 -0.0122633 -150.123 0.0122084 -0.00180221 0.999924 -4.62521
-0.0348401 -0.999392 0.000432223 -141.177 0.999352 -0.0348426 -0.00903871 -152.86 0.00904828 0.000117044 0.999959 -4.65831
-0.0360472 -0.999346 0.00272165 -140.919 0.999243 -0.0360829 -0.0145036 -155.588 0.0145924 0.00219678 0.999891 -4.70311
-0.0368713 -0.99932 -0.000591782 -140.678 0.999244 -0.0368611 -0.01236 -158.321 0.0123298 -0.00104705 0.999923 -4.77021
-0.0380416 -0.999276 0.000276636 -140.437 0.999204 -0.0380421 -0.0119505 -161.046 0.0119523 -0.000178187 0.999928 -4.83419
-0.0392904 -0.999225 0.00233502 -140.169 0.999183 -0.0393107 -0.009411 -163.764 0.00949549 0.00196336 0.999953 -4.88936
-0.0402895 -0.999186 0.00179549 -139.893 0.999102 -0.0403095 -0.0130352 -166.495 0.0130969 0.00126871 0.999913 -4.9369
-0.0414742 -0.999139 -0.00116067 -139.642 0.999076 -0.0414585 -0.0112892 -169.212 0.0112314 -0.0016278 0.999935 -4.98694
-0.0416125 -0.999133 -0.000785679 -139.38 0.999098 -0.0416043 -0.00845573 -171.925 0.00841571 -0.00113682 0.999964 -5.03574
-0.0411086 -0.999154 -0.000820612 -139.115 0.999078 -0.0410953 -0.0123739 -174.654 0.0123297 -0.00132852 0.999923 -5.12478
-0.0415406 -0.999135 -0.00194147 -138.838 0.999071 -0.0415154 -0.011553 -177.367 0.0114624 -0.00241958 0.999931 -5.19317
-0.0411833 -0.999151 -0.000548347 -138.571 0.999115 -0.0411771 -0.00850795 -180.081 0.00847815 -0.000898237 0.999963 -5.26232
-0.0417373 -0.999128 0.0013565 -138.286 0.999104 -0.0417456 -0.00688379 -182.794 0.00693441 0.00106799 0.999975 -5.31277
-0.0417965 -0.999124 0.0021995 -138.026 0.999093 -0.0418128 -0.00801432 -185.529 0.00809927 0.00186255 0.999965 -5.34237
-0.0421841 -0.99911 0.000740424 -137.749 0.999077 -0.0421886 -0.00800134 -188.247 0.00802545 0.000402222 0.999967 -5.41811
-0.0417082 -0.999128 0.00179311 -137.489 0.999073 -0.0417248 -0.0105528 -190.964 0.0106184 0.00135132 0.999942 -5.47554
-0.0406024 -0.999174 -0.00170771 -137.23 0.99916 -0.0405922 -0.00558048 -193.681 0.00550655 -0.00193285 0.999983 -5.5382
-0.0397043 -0.999204 -0.00387472 -136.971 0.999205 -0.0396898 -0.00373812 -196.382 0.00358136 -0.00402005 0.999985 -5.57591
-0.0390206 -0.999234 -0.00277121 -136.846 0.999231 -0.0390098 -0.00381952 -197.75 0.00370849 -0.00291811 0.999988 -5.60213
