1 0 0 0 0 1 0 0 0 0 1 0
0.999399 -0.0241578 0.0248713 -1.44343 0.0242918 0.999692 -0.00509938 -0.203084 -0.0247404 0.00570048 0.999678 -0.00778492
0.999365 -0.0246105 0.0257612 -3.82404 0.0247294 0.999685 -0.00430851 -0.369521 -0.0256471 0.00494284 0.999659 -0.0118379
0.999367 -0.0244339 0.0258474 -6.18762 0.0245218 0.999694 -0.00308998 -0.537235 -0.025764 0.00372185 0.999661 -0.0148434
0.999324 -0.0240846 0.0277869 -8.55523 0.0241212 0.999709 -0.000983631 -0.71274 -0.0277551 0.00165322 0.999613 -0.010851
0.999294 -0.0233855 0.0294056 -10.9287 0.0233681 0.999726 0.000937379 -0.88018 -0.0294195 -0.000249566 0.999567 0.00221637
0.999331 -0.0230824 0.028375 -13.3038 0.0230353 0.999733 0.00198449 -1.04879 -0.0284132 -0.00132954 0.999595 0.0184099
0.999309 -0.0218598 0.0300483 -15.6748 0.0218039 0.99976 0.0021867 -1.20482 -0.0300889 -0.00153002 0.999546 0.0681576
0.999349 -0.0207723 0.0295096 -18.0317 0.020666 0.999779 0.00390384 -1.36726 -0.0295842 -0.00329145 0.999557 0.0864366
0.999397 -0.0203636 0.0281253 -20.3923 0.0202252 0.999782 0.00519436 -1.5242 -0.0282249 -0.00462239 0.999591 0.0781552
0.99931 -0.0203159 0.0311063 -22.7042 0.0201016 0.999772 0.00718419 -1.67645 -0.0312451 -0.00655394 0.99949 0.112625
0.999262 -0.0211855 0.0320376 -25.0768 0.0209243 0.999745 0.00846613 -1.84751 -0.0322087 -0.00778952 0.999451 0.130121
0.99921 -0.0231581 0.0323059 -27.4418 0.0228425 0.999688 0.0101045 -2.01176 -0.0325298 -0.00935861 0.999427 0.143216
0.999161 -0.0247074 0.0326653 -29.7788 0.0243441 0.999638 0.0114709 -2.17321 -0.0329369 -0.010666 0.9994 0.164979
0.999028 -0.0276913 0.0342866 -32.1112 0.0272671 0.999547 0.01278 -2.35287 -0.0346249 -0.0118327 0.99933 0.209655
0.999081 -0.0275669 0.0328367 -34.4589 0.0271716 0.999554 0.0124232 -2.54058 -0.0331645 -0.0115196 0.999383 0.24519
0.9991 -0.0249488 0.0342944 -36.7967 0.0245915 0.999639 0.0108027 -2.72771 -0.0345516 -0.00994958 0.999353 0.304311
0.999091 -0.0218289 0.0366193 -39.1133 0.0213728 0.99969 0.0127991 -2.90668 -0.0368873 -0.0120048 0.999247 0.34201
0.999131 -0.0192518 0.0369728 -41.4503 0.0186563 0.999692 0.0163834 -3.0643 -0.0372768 -0.0156794 0.999182 0.377287
0.999185 -0.0168798 0.0366553 -43.7944 0.0162176 0.999701 0.0182903 -3.21733 -0.0369531 -0.017681 0.99916 0.413899
0.999209 -0.0148345 0.0369044 -46.1141 0.0140901 0.999694 0.0203517 -3.37504 -0.037195 -0.0198156 0.999111 0.421546
0.999163 -0.0142254 0.0383579 -48.4601 0.0134913 0.999722 0.0193292 -3.52038 -0.0386222 -0.0187955 0.999077 0.481124
0.999044 -0.0142783 0.0413094 -50.8087 0.0135145 0.999734 0.0187096 -3.6764 -0.0415655 -0.0181334 0.998971 0.543409
0.998967 -0.0157644 0.0426243 -53.1574 0.0149431 0.999698 0.0195181 -3.84127 -0.0429191 -0.018861 0.9989 0.60913
0.998985 -0.0169432 0.0417452 -55.5212 0.0160844 0.999654 0.0208219 -3.98762 -0.0420836 -0.0201293 0.998911 0.647896
0.998987 -0.0186495 0.0409438 -57.8884 0.0176665 0.99955 0.0242403 -4.14205 -0.0413774 -0.0234924 0.998867 0.688178
0.998985 -0.0197589 0.0404681 -60.2482 0.0186988 0.999476 0.0264096 -4.28733 -0.0409687 -0.0256261 0.998832 0.742905
0.998811 -0.0211734 0.0439078 -62.6248 0.020138 0.999512 0.0238911 -4.47262 -0.0443923 -0.0229784 0.99875 0.825123
0.998706 -0.0216094 0.0460297 -65.0083 0.0207112 0.999587 0.0199029 -4.63319 -0.0464408 -0.0189238 0.998742 0.864659
0.998561 -0.0231685 0.0483587 -67.4122 0.0223186 0.999588 0.0180404 -4.81332 -0.0487568 -0.0169351 0.998667 0.916073
0.998485 -0.0243412 0.049339 -69.7956 0.0236393 0.999611 0.0147595 -4.99094 -0.0496791 -0.0135708 0.998673 0.985777
0.998498 -0.0260415 0.0481927 -72.1813 0.0255092 0.999607 0.0116294 -5.17037 -0.0484766 -0.0103826 0.99877 1.06998
0.99828 -0.0272674 0.051892 -74.5756 0.0267625 0.999588 0.0104007 -5.35466 -0.0521542 -0.00899403 0.998598 1.14084
0.998097 -0.0282739 0.0547863 -76.9586 0.027697 0.999553 0.0112602 -5.53616 -0.0550801 -0.00972139 0.998434 1.23467
0.998423 -0.0286003 0.0483045 -79.3299 0.0279826 0.999518 0.0134155 -5.71101 -0.0486649 -0.0120426 0.998742 1.30469
0.998175 -0.0288322 0.0530583 -81.7092 0.0280874 0.999497 0.0147298 -5.88655 -0.0534563 -0.0132127 0.998483 1.36025
0.998044 -0.0281684 0.0558114 -84.0768 0.0274826 0.999537 0.0130176 -6.05125 -0.0561523 -0.0114583 0.998356 1.47614
0.998433 -0.0284626 0.0481736 -86.4823 0.0279573 0.999547 0.0111308 -6.24646 -0.0484686 -0.00976652 0.998777 1.54646
0.998356 -0.0290954 0.0493742 -88.8625 0.0284975 0.999512 0.0127702 -6.42695 -0.0497217 -0.0113421 0.998699 1.60426
0.998185 -0.0295055 0.0524985 -91.2343 0.0290671 0.999536 0.00909642 -6.61393 -0.0527426 -0.00755393 0.998579 1.6955
0.998145 -0.0298958 0.0530352 -93.6162 0.0293871 0.999514 0.0103468 -6.78901 -0.0533187 -0.00876905 0.998539 1.75164
0.998064 -0.0303563 0.0542824 -95.9799 0.0298086 0.999496 0.0108715 -6.9787 -0.0545851 -0.00923236 0.998466 1.84325
0.998044 -0.0297816 0.0549613 -98.3253 0.0291634 0.999502 0.0120163 -7.15977 -0.0552918 -0.0103899 0.998416 1.94811
0.998005 -0.0183895 0.0603972 -100.3 0.0176274 0.999758 0.013127 -7.29059 -0.0606241 -0.0120361 0.998088 2.05492
0.997972 -0.0174901 0.0612039 -102.637 0.016639 0.999758 0.014388 -7.44232 -0.0614407 -0.0133405 0.998021 2.14267
0.997939 -0.015989 0.0621395 -104.959 0.0150008 0.999754 0.0163366 -7.59587 -0.0623854 -0.0153708 0.997934 2.2105
0.997899 -0.0148392 0.0630553 -107.247 0.0139577 0.999799 0.0143967 -7.74338 -0.0632563 -0.0134863 0.997906 2.29023
0.997917 -0.0136449 0.0630498 -109.543 0.0126527 0.99979 0.0161096 -7.87579 -0.0632563 -0.0152782 0.99788 2.37627
0.997716 -0.0137353 0.0661386 -111.81 0.012647 0.999778 0.0168448 -8.02015 -0.0663553 -0.0159698 0.997668 2.50313
0.997682 -0.014327 0.0665195 -114.087 0.0131738 0.999756 0.0177417 -8.15796 -0.0667575 -0.0168242 0.997627 2.60698
0.997685 -0.0132289 0.0667055 -116.307 0.0119959 0.99975 0.018851 -8.28931 -0.0669382 -0.0180071 0.997594 2.70831
0.997476 -0.013834 0.0696355 -118.533 0.0123934 0.999701 0.0210765 -8.42256 -0.0699063 -0.0201603 0.99735 2.79883
0.997445 -0.0132333 0.0702012 -120.728 0.0116306 0.999663 0.0231887 -8.54793 -0.0704844 -0.022313 0.997263 2.88906
0.997395 -0.013104 0.0709337 -122.922 0.0114076 0.99964 0.0242682 -8.67923 -0.0712262 -0.0233958 0.997186 2.99661
0.997393 -0.0128604 0.0710034 -125.098 0.0110441 0.999603 0.0259137 -8.81063 -0.0713085 -0.025062 0.997139 3.08612
0.997263 -0.0125105 0.0728697 -127.251 0.0105153 0.999561 0.0276996 -8.93376 -0.0731843 -0.0268575 0.996957 3.18774
0.997275 -0.0121404 0.0727602 -129.404 0.0102124 0.999588 0.0268123 -9.06645 -0.0730557 -0.0259962 0.996989 3.30776
0.997172 -0.0119766 0.0741828 -131.532 0.00995708 0.999571 0.0275339 -9.19366 -0.0744807 -0.0267173 0.996864 3.42135
0.996931 -0.0121301 0.077334 -133.637 0.0101534 0.999613 0.0259027 -9.3234 -0.0776183 -0.025038 0.996669 3.53473
0.996939 -0.0135438 0.0769962 -135.745 0.0113444 0.999517 0.0289313 -9.4517 -0.0773509 -0.0279692 0.996611 3.58986
0.996796 -0.0147783 0.0786097 -137.856 0.0123166 0.999421 0.0317084 -9.57323 -0.0790328 -0.0306386 0.996401 3.69495
0.996705 -0.0155644 0.0795986 -139.962 0.0130677 0.999409 0.0317917 -9.69381 -0.0800464 -0.0306468 0.99632 3.83685
0.996669 -0.0157803 0.0800134 -142.071 0.0130966 0.999337 0.0339557 -9.8251 -0.0804962 -0.0327947 0.996215 3.95243
0.996616 -0.0157476 0.0806721 -144.192 0.0129313 0.999292 0.0353154 -9.95375 -0.0811712 -0.0341527 0.996115 4.11124
0.996448 -0.0155898 0.0827574 -146.293 0.0125662 0.999239 0.0369312 -10.0913 -0.0832702 -0.0357601 0.995885 4.24068
0.996301 -0.0152884 0.084554 -148.413 0.0121154 0.999207 0.0379128 -10.2007 -0.0850666 -0.0367482 0.995697 4.38761
0.99641 -0.0136117 0.08355 -150.527 0.0103124 0.999155 0.039794 -10.3188 -0.084021 -0.0387895 0.995709 4.50305
0.996259 -0.0122924 0.0855308 -152.632 0.00877826 0.999106 0.0413416 -10.4316 -0.0859625 -0.0404362 0.995477 4.62157
0.996186 -0.0118796 0.0864371 -154.761 0.008212 0.999056 0.0426631 -10.5584 -0.0868623 -0.0417906 0.995343 4.76574
0.99618 -0.0107838 0.086651 -156.939 0.00693581 0.998981 0.0445865 -10.6693 -0.0870436 -0.0438152 0.99524 4.89956
0.996061 -0.00975904 0.0881321 -159.109 0.0057456 0.99894 0.0456782 -10.7822 -0.0884844 -0.0449919 0.995061 5.06388
0.996109 -0.00852863 0.0877067 -161.272 0.00437631 0.998865 0.0474268 -10.8904 -0.0880117 -0.0468585 0.995017 5.19909
0.996038 -0.00836269 0.0885348 -163.462 0.00403937 0.998796 0.0488988 -10.9996 -0.0888371 -0.0483475 0.994872 5.33066
0.996043 -0.00849268 0.0884582 -165.681 0.00403464 0.998718 0.0504543 -11.1128 -0.0887733 -0.0498978 0.994801 5.46478
0.995955 -0.00855846 0.0894428 -167.904 0.00394667 0.998659 0.0516114 -11.2241 -0.0897646 -0.0510497 0.994654 5.63189
0.99569 -0.00797203 0.0923979 -170.124 0.00316368 0.998638 0.0520695 -11.3364 -0.0926872 -0.0515528 0.99436 5.80762
0.995896 -0.00775099 0.0901682 -172.379 0.00272784 0.998444 0.0556988 -11.4551 -0.0904596 -0.0552243 0.994368 5.96317
0.99584 -0.00738479 0.0908145 -174.632 0.00218431 0.998359 0.0572313 -11.5861 -0.091088 -0.0567949 0.994222 6.11561
0.995734 -0.0084702 0.0918754 -176.904 0.002916 0.998169 0.06042 -11.6858 -0.092219 -0.0598944 0.993936 6.28512
0.996638 -0.0109791 0.081189 -179.203 0.00601247 0.998109 0.0611669 -11.7827 -0.081707 -0.0604731 0.99482 6.47055
0.996205 -0.0126207 0.0861095 -181.48 0.00723948 0.998017 0.0625213 -11.923 -0.0867279 -0.0616607 0.994322 6.60787
0.996007 -0.0122049 0.0884324 -183.784 0.00707088 0.998284 0.0581378 -12.0714 -0.0889901 -0.0572803 0.994384 6.78399
0.996205 -0.0126956 0.086107 -186.059 0.00767146 0.998262 0.0584293 -12.1997 -0.0866991 -0.057547 0.994571 6.93606
0.996029 -0.0126348 0.0881192 -188.309 0.00746109 0.998242 0.0587971 -12.3241 -0.0887072 -0.0579062 0.994373 7.10702
0.996163 -0.0129847 0.0865486 -190.581 0.00792697 0.998254 0.0585272 -12.4635 -0.0871575 -0.0576165 0.994527 7.25598
0.996014 -0.0124427 0.0883235 -192.789 0.00764886 0.998489 0.0544082 -12.6067 -0.0888671 -0.0535158 0.994605 7.4113
0.995965 -0.0124923 0.0888643 -195.028 0.00791313 0.998631 0.0516964 -12.7319 -0.0893885 -0.0507846 0.994701 7.5667
0.996125 -0.0120679 0.087116 -197.216 0.00766102 0.998682 0.0507441 -12.8564 -0.0876136 -0.0498801 0.994905 7.7139
0.995962 -0.013041 0.0888226 -199.375 0.00862503 0.998716 0.0499199 -12.9841 -0.0893595 -0.0489522 0.994796 7.88808
0.995695 -0.0135374 0.0916902 -201.451 0.00897814 0.998711 0.0499555 -13.0968 -0.0922483 -0.0489172 0.994534 8.05905
0.995464 -0.0144253 0.0940347 -203.515 0.00983942 0.998748 0.04905 -13.2059 -0.0946245 -0.0479023 0.99436 8.21495
0.995631 -0.0159824 0.0919968 -205.573 0.0113105 0.99863 0.0510822 -13.3437 -0.0926872 -0.0498185 0.994448 8.39245
0.995585 -0.0174605 0.0922175 -207.597 0.0126739 0.998554 0.0522379 -13.4936 -0.0929963 -0.0508385 0.994367 8.53711
0.995077 -0.0195618 0.0971516 -209.626 0.0142838 0.998399 0.0547291 -13.6013 -0.0980667 -0.0530719 0.993764 8.70605
0.995034 -0.021782 0.0971238 -211.643 0.0163036 0.99825 0.0568472 -13.7332 -0.0981921 -0.0549814 0.993647 8.87622
0.994959 -0.0230485 0.0975957 -213.677 0.0176389 0.998279 0.0559327 -13.8664 -0.0987169 -0.0539292 0.993653 9.02533
0.994537 -0.0231237 0.101786 -215.729 0.0176647 0.998373 0.0542098 -14.0019 -0.102874 -0.0521156 0.993328 9.20788
0.994208 -0.0218816 0.105222 -217.811 0.016207 0.998383 0.0544858 -14.1479 -0.106244 -0.0524649 0.992955 9.38897
0.993634 -0.0211743 0.110647 -219.975 0.0153685 0.998473 0.0530633 -14.2862 -0.111602 -0.051025 0.992442 9.5937
0.993795 -0.0180078 0.10976 -222.198 0.0126998 0.998724 0.0488684 -14.4608 -0.1105 -0.0471712 0.992756 9.81687
0.993578 -0.0144678 0.112216 -224.424 0.00938216 0.99891 0.0457165 -14.5916 -0.112755 -0.0443701 0.992631 10.0134
0.993753 -0.0106081 0.111091 -226.727 0.00552785 0.998929 0.0459387 -14.7301 -0.111459 -0.0450377 0.992748 10.2094
0.994043 -0.00688009 0.108768 -229.086 0.00175307 0.998886 0.0471627 -14.837 -0.108971 -0.0466911 0.992948 10.4038
0.994175 -0.00379793 0.107711 -231.503 -0.00138117 0.998848 0.0479678 -14.956 -0.107769 -0.0478371 0.993024 10.6094
0.994176 -0.000706101 0.10776 -233.991 -0.00451931 0.998826 0.0482392 -15.0693 -0.107667 -0.0484452 0.993006 10.8183
0.994662 0.000507664 0.103184 -236.508 -0.0057975 0.998683 0.0509727 -15.1741 -0.103022 -0.0512988 0.993355 11.0311
0.994195 -0.000124394 0.107589 -239.077 -0.00557809 0.998595 0.0526997 -15.277 -0.107445 -0.0529939 0.992797 11.2364
0.994365 -0.00152203 0.105996 -241.662 -0.00403975 0.998626 0.0522371 -15.4142 -0.10593 -0.0523709 0.992993 11.4625
0.993903 -0.00584142 0.1101 -244.253 0.000151502 0.998667 0.0516172 -15.5469 -0.110255 -0.0512858 0.992579 11.7138
0.994113 -0.0119892 0.107682 -246.877 0.00638128 0.998612 0.0522726 -15.6856 -0.10816 -0.0512777 0.99281 11.9499
0.994135 -0.0192931 0.106408 -249.517 0.0137307 0.998513 0.0527604 -15.856 -0.107268 -0.0509899 0.992921 12.1772
0.993954 -0.0263283 0.106591 -252.154 0.0207469 0.998371 0.0531365 -16.0316 -0.107816 -0.0506038 0.992882 12.4152
0.993742 -0.0322857 0.10693 -254.807 0.0267822 0.998261 0.0525105 -16.2319 -0.108439 -0.049318 0.992879 12.6545
0.993414 -0.0358887 0.108809 -257.473 0.0305228 0.998253 0.0505863 -16.4516 -0.110435 -0.0469319 0.992774 12.8993
0.993186 -0.0376984 0.110275 -260.136 0.032524 0.9983 0.0483519 -16.7036 -0.11191 -0.0444358 0.992724 13.152
0.993461 -0.0385737 0.107455 -262.811 0.0335497 0.998275 0.0481774 -16.9252 -0.109128 -0.0442572 0.993042 13.3887
0.993621 -0.0374143 0.106383 -265.472 0.0324171 0.998305 0.0483215 -17.1487 -0.10801 -0.0445645 0.99315 13.6581
0.993317 -0.0346462 0.110089 -268.137 0.0294398 0.998385 0.0485714 -17.3576 -0.111594 -0.0450058 0.992734 13.9109
0.993639 -0.0304015 0.10843 -270.813 0.0252432 0.998497 0.0486315 -17.5621 -0.109745 -0.045585 0.992914 14.1558
0.993919 -0.026363 0.106905 -273.512 0.0210372 0.998495 0.0506431 -17.7551 -0.108079 -0.0480862 0.992978 14.3809
0.993916 -0.0220395 0.107908 -276.179 0.0167105 0.998607 0.0500422 -17.9535 -0.10886 -0.0479345 0.9929 14.6259
0.993964 -0.0182826 0.108167 -278.873 0.0130525 0.99872 0.0488644 -18.1431 -0.108922 -0.0471576 0.992931 14.8679
0.994409 -0.0150611 0.104516 -281.567 0.0099631 0.998742 0.0491288 -18.3059 -0.105125 -0.0478127 0.993309 15.1155
0.994272 -0.0124666 0.106148 -284.259 0.00713571 0.9987 0.0504538 -18.4598 -0.106639 -0.0494073 0.993069 15.3432
0.99391 -0.00970079 0.109765 -286.929 0.00434585 0.998793 0.04892 -18.624 -0.110107 -0.048145 0.992753 15.6104
0.993837 -0.0084355 0.11053 -288.271 0.00295092 0.99876 0.0496907 -18.6992 -0.110812 -0.0490583 0.99263 15.7431
