1 0 0 0 0 1 0 0 0 0 1 0
0.999999 -0.00051949 0.00117708 -2.66334 0.000517982 0.999999 0.00128083 -0.16825 -0.00117774 -0.00128022 0.999999 -0.0361616
0.999968 -0.00367012 0.00712384 -5.30372 0.00361887 0.999968 0.00719344 -0.306613 -0.00715001 -0.00716743 0.999949 -0.055135
0.99997 -0.00594374 0.00496628 -7.95436 0.00592086 0.999972 0.00460831 -0.471354 -0.00499354 -0.00457877 0.999977 -0.0853947
0.999953 -0.00900564 -0.00371349 -10.572 0.00902676 0.999943 0.00571037 -0.650592 0.00366185 -0.00574362 0.999977 -0.0868793
0.999859 -0.0131812 0.010418 -13.1391 0.0131107 0.999891 0.00679944 -0.833002 -0.0105065 -0.00666189 0.999923 -0.117467
0.99964 -0.0176009 0.0202602 -15.6932 0.0175188 0.999838 0.00422485 -1.0212 -0.0203313 -0.00386839 0.999786 -0.111901
0.999725 -0.0219231 0.00830245 -18.2571 0.02188 0.999747 0.00524683 -1.23311 -0.00841537 -0.00506373 0.999952 -0.134893
0.999659 -0.0260743 0.00153394 -20.7809 0.0260602 0.999623 0.00857547 -1.42784 -0.00175696 -0.00853257 0.999962 -0.134877
0.999466 -0.0288788 -0.0152703 -23.3028 0.029007 0.999545 0.00824179 -1.64279 0.0150253 -0.00868034 0.99985 -0.193993
0.998899 -0.0303587 -0.0357567 -25.7905 0.0305494 0.999522 0.00480099 -1.87173 0.0355938 -0.00588805 0.999349 -0.288868
0.998518 -0.030542 -0.0450463 -28.2755 0.0308071 0.999512 0.00520113 -2.09787 0.0448655 -0.00658116 0.998972 -0.446094
0.998629 -0.0285854 -0.0438412 -30.7482 0.0287754 0.999579 0.00370858 -2.3174 0.0437167 -0.00496504 0.999032 -0.596023
0.998017 -0.0251866 -0.0576755 -33.2278 0.0254422 0.999669 0.003702 -2.53508 0.0575632 -0.00516205 0.998329 -0.768615
0.998517 -0.021333 -0.0500797 -35.6628 0.021407 0.99977 0.000941871 -2.74059 0.0500482 -0.00201253 0.998745 -0.918861
0.999233 -0.0177702 -0.0348898 -38.0578 0.0178118 0.999841 0.000882499 -2.91641 0.0348686 -0.00150327 0.999391 -1.07611
0.997898 -0.0136047 -0.0633513 -40.3438 0.0137907 0.999902 0.00249955 -3.09886 0.0633111 -0.00336796 0.997988 -1.16571
0.997717 -0.00918603 -0.0669001 -42.3315 0.00935543 0.999954 0.00221944 -3.22772 0.0668766 -0.00284025 0.997757 -1.24178
0.998827 -0.00441469 -0.0482246 -44.0348 0.00478907 0.999959 0.00765073 -3.32584 0.0481889 -0.00787271 0.998807 -1.40809
0.998483 0.00196986 -0.0550292 -45.6082 -0.00165398 0.999982 0.00578527 -3.42299 0.0550396 -0.00568548 0.998468 -1.47992
0.998513 0.00573806 -0.0542167 -46.9581 -0.00553748 0.999977 0.00384917 -3.49796 0.0542376 -0.00354322 0.998522 -1.53991
0.998653 0.00890977 -0.0511095 -48.2319 -0.00869194 0.999952 0.00448281 -3.55516 0.051147 -0.00403253 0.998683 -1.61325
0.99883 0.0118568 -0.046878 -49.4895 -0.0117257 0.999926 0.00307103 -3.63573 0.046911 -0.00251776 0.998896 -1.69721
0.999058 0.0145551 -0.0408657 -50.6918 -0.0143654 0.999884 0.00493106 -3.67276 0.0409327 -0.00433936 0.999153 -1.75546
0.999168 0.0175054 -0.0368122 -51.9159 -0.0173445 0.999838 0.00468568 -3.71411 0.0368883 -0.00404329 0.999311 -1.8095
0.999075 0.0227578 -0.0364869 -53.1479 -0.0226831 0.999739 0.00246034 -3.74303 0.0365335 -0.00163043 0.999331 -1.86467
0.998891 0.0288329 -0.0372043 -54.3551 -0.0286372 0.999573 0.00578091 -3.77344 0.0373552 -0.00470907 0.999291 -1.91963
0.998821 0.0344507 -0.0341926 -55.5703 -0.0342853 0.999397 0.00541156 -3.79387 0.0343584 -0.00423288 0.999401 -1.98517
0.998898 0.036616 -0.0293561 -56.8424 -0.0364372 0.999314 0.00660448 -3.82281 0.0295778 -0.00552755 0.999547 -2.04414
0.998953 0.0368241 -0.0271148 -58.209 -0.0366117 0.999295 0.00829042 -3.83592 0.0274009 -0.00728903 0.999598 -2.09968
0.999089 0.0357781 -0.0232248 -59.6427 -0.0355818 0.999328 0.00881156 -3.86445 0.0235244 -0.00797716 0.999692 -2.17885
0.999231 0.0344511 -0.0187108 -61.14 -0.0342655 0.999361 0.0101558 -3.89648 0.0190488 -0.00950688 0.999774 -2.25929
0.999372 0.0331631 -0.01244 -62.7295 -0.0329899 0.999359 0.0138813 -3.92221 0.0128924 -0.0134622 0.999826 -2.30492
0.999416 0.0313697 -0.0135001 -64.3866 -0.0311189 0.999346 0.0184047 -3.97419 0.0140686 -0.0179738 0.99974 -2.37561
0.999428 0.0291509 -0.0171225 -66.1692 -0.0288221 0.999401 0.019147 -4.03115 0.0176704 -0.0186425 0.99967 -2.42564
0.999578 0.0260651 -0.0127575 -68.0058 -0.0258314 0.999501 0.0181483 -4.0768 0.0132242 -0.0178111 0.999754 -2.52627
0.999616 0.0239689 -0.0138912 -69.9516 -0.0237676 0.999613 0.0144808 -4.14052 0.014233 -0.0141451 0.999799 -2.6042
0.99961 0.0227415 -0.0161425 -71.9106 -0.0225298 0.999659 0.0131769 -4.2136 0.0164366 -0.0128081 0.999783 -2.67406
0.999643 0.0214245 -0.0159195 -73.9751 -0.0212007 0.999676 0.0140943 -4.27873 0.0162163 -0.0137518 0.999774 -2.76441
0.999673 0.0208177 -0.0148275 -76.0467 -0.0206442 0.999718 0.0117582 -4.38328 0.0150681 -0.0114483 0.999821 -2.84021
0.999692 0.0197997 -0.014931 -78.1609 -0.0196646 0.999765 0.00913687 -4.48881 0.0151084 -0.00884044 0.999847 -2.92296
0.999629 0.0192455 -0.0192615 -80.3099 -0.0190448 0.999763 0.010549 -4.56323 0.01946 -0.0101782 0.999759 -3.00883
0.999731 0.0176127 -0.0150315 -82.4692 -0.01744 0.999781 0.0115494 -4.6573 0.0152316 -0.0112842 0.99982 -3.08154
0.999847 0.0130764 -0.0115415 -84.6583 -0.0129529 0.999858 0.0107115 -4.7463 0.0116799 -0.0105604 0.999876 -3.13122
0.999865 0.00799538 -0.0143266 -86.8601 -0.0079083 0.99995 0.00612459 -4.87475 0.0143749 -0.00601047 0.999879 -3.21145
0.999791 0.00401861 -0.0199864 -89.0705 -0.003823 0.999944 0.00981586 -4.97638 0.0200248 -0.00973741 0.999752 -3.27951
0.999676 0.00190343 -0.0253728 -91.2842 -0.00156489 0.999909 0.0133554 -5.10915 0.025396 -0.0133114 0.999589 -3.35516
0.999791 0.00143706 -0.0203496 -93.5309 -0.00121712 0.999941 0.010816 -5.21387 0.020364 -0.010789 0.999734 -3.41783
0.99983 0.00255743 -0.0182007 -95.7695 -0.00238231 0.99995 0.00963663 -5.36261 0.0182244 -0.00959165 0.999788 -3.51298
0.999822 0.00574358 -0.0179258 -98.0115 -0.00562695 0.999962 0.00654982 -5.4904 0.0179628 -0.00644779 0.999818 -3.60106
0.999831 0.00909336 -0.015927 -100.23 -0.00897346 0.999931 0.00758308 -5.59674 0.0159949 -0.00743888 0.999844 -3.65596
0.999807 0.0122515 -0.0153124 -102.464 -0.0121624 0.999908 0.0058993 -5.68735 0.0153833 -0.00571193 0.999865 -3.68712
0.999775 0.0156125 -0.0142739 -104.72 -0.0155028 0.999849 0.00776613 -5.77977 0.014393 -0.00754311 0.999868 -3.75312
0.999732 0.0179195 -0.0146349 -106.995 -0.0177764 0.999793 0.00985025 -5.86774 0.0148084 -0.00958746 0.999844 -3.83702
0.999748 0.0180918 -0.0132274 -109.243 -0.0179206 0.999755 0.0129501 -5.95062 0.0134585 -0.0127098 0.999829 -3.90545
0.999806 0.0166257 -0.0104771 -111.48 -0.0164834 0.999772 0.0135241 -6.03881 0.0106996 -0.0133488 0.999854 -3.94756
0.999854 0.0138775 -0.00994161 -113.725 -0.0137577 0.999833 0.0120171 -6.14155 0.0101067 -0.0118786 0.999879 -4.0013
0.99992 0.0114494 -0.00514747 -115.975 -0.0113975 0.999885 0.010003 -6.24821 0.0052614 -0.00994353 0.999937 -4.03814
0.999925 0.00976635 -0.00722795 -118.245 -0.00969349 0.999902 0.0100474 -6.36341 0.00732537 -0.00997664 0.999924 -4.07617
0.999957 0.00919784 -0.00011849 -120.481 -0.00919638 0.999916 0.00912372 -6.49101 0.000202391 -0.00912225 0.999959 -4.12981
0.999958 0.00891534 0.00149959 -122.712 -0.00893139 0.999899 0.0110592 -6.61621 -0.00140085 -0.0110722 0.999938 -4.17173
0.999882 0.00913662 -0.0122949 -124.998 -0.00900022 0.999897 0.0111036 -6.73177 0.0123951 -0.0109916 0.999863 -4.20023
0.999949 0.00860551 -0.00512184 -127.211 -0.00853671 0.999875 0.0133058 -6.85689 0.00523569 -0.0132614 0.999899 -4.25591
0.999941 0.00835055 -0.00676704 -129.432 -0.00825213 0.999861 0.014443 -6.96656 0.00688671 -0.0143864 0.999873 -4.29629
0.999926 0.00823728 -0.00882415 -131.673 -0.00808394 0.999818 0.0172745 -7.0657 0.00896484 -0.0172019 0.999812 -4.32977
0.999943 0.007817 -0.00709835 -133.905 -0.00768395 0.999797 0.0185817 -7.17568 0.00724216 -0.0185261 0.999802 -4.40282
0.999965 0.00749151 -0.0036163 -136.149 -0.00742936 0.999829 0.0169038 -7.31184 0.00374231 -0.0168764 0.999851 -4.42529
0.999959 0.00736523 -0.00506321 -138.386 -0.00728992 0.999864 0.0147345 -7.41384 0.00517105 -0.014697 0.999879 -4.46862
0.999965 0.00701943 -0.0042746 -140.619 -0.00694943 0.999844 0.0161752 -7.53732 0.00438747 -0.016145 0.99986 -4.51388
0.99998 0.00550903 -0.00280476 -142.883 -0.0054719 0.999899 0.0130768 -7.65499 0.00287652 -0.0130612 0.999911 -4.53373
0.999982 0.005023 -0.00305729 -145.129 -0.00496596 0.999818 0.0183861 -7.76971 0.00314909 -0.0183706 0.999827 -4.56705
0.999951 0.00663261 -0.00728157 -147.384 -0.00656949 0.99994 0.00865742 -7.91452 0.00733855 -0.00860916 0.999936 -4.60131
0.99997 0.00717577 0.00268917 -149.617 -0.00720979 0.999891 0.0128618 -8.03022 -0.0025966 -0.0128809 0.999914 -4.65592
0.999953 0.0095715 -0.00100525 -151.864 -0.00956194 0.999912 0.00912223 -8.14347 0.00109246 -0.0091122 0.999958 -4.67621
0.999937 0.0108657 -0.00235729 -154.141 -0.0108424 0.999894 0.00970859 -8.22489 0.00246252 -0.00968244 0.99995 -4.71029
0.999909 0.0129411 -0.00343029 -156.385 -0.0129011 0.999851 0.0114268 -8.33288 0.00357765 -0.0113815 0.999929 -4.76003
0.999895 0.0143087 0.00180541 -158.618 -0.0143243 0.999856 0.00898621 -8.44843 -0.00167659 -0.00901114 0.999958 -4.78946
0.999895 0.0143503 -0.00148021 -160.887 -0.0143337 0.99984 0.0106797 -8.54583 0.00163322 -0.0106574 0.999942 -4.82521
0.999922 0.0123239 -0.00159632 -163.163 -0.0123037 0.999851 0.0120921 -8.64722 0.00174509 -0.0120716 0.999926 -4.87632
0.999956 0.0092377 0.00109938 -165.425 -0.00925142 0.999869 0.0132171 -8.72985 -0.000977151 -0.0132267 0.999912 -4.92551
0.999977 0.00660843 0.000551987 -167.685 -0.00661556 0.999878 0.0141095 -8.84008 -0.000458689 -0.0141129 0.999901 -4.93958
0.999988 0.00426357 0.00196932 -169.929 -0.00429342 0.999871 0.0154126 -8.96651 -0.00190336 -0.0154209 0.999879 -4.97185
0.99999 0.00303887 0.00311384 -172.176 -0.00308973 0.999859 0.0164624 -9.08819 -0.00306339 -0.0164718 0.99986 -5.00664
0.999986 0.0023607 0.00447411 -174.43 -0.00243971 0.999839 0.0177366 -9.21085 -0.00443154 -0.0177473 0.999833 -5.04544
0.999988 0.00177066 0.00426774 -176.696 -0.00184315 0.999852 0.0170423 -9.33937 -0.00423696 -0.01705 0.999846 -5.02732
0.999981 0.00175702 0.00568215 -178.959 -0.0018513 0.999859 0.0166305 -9.48637 -0.00565215 -0.0166408 0.999846 -5.06102
0.999964 0.00160494 0.00822219 -181.203 -0.00173896 0.999865 0.0163189 -9.59816 -0.00819491 -0.0163326 0.999833 -5.06771
0.999967 0.00169483 0.00778739 -183.499 -0.00181755 0.999873 0.0157792 -9.72163 -0.00775968 -0.0157929 0.999845 -5.08876
0.999907 0.00274061 0.0132557 -185.747 -0.0029271 0.999896 0.0140701 -9.83876 -0.0132158 -0.0141076 0.999813 -5.0972
0.999894 0.00502817 0.0136173 -187.98 -0.00518831 0.999917 0.0117507 -9.96716 -0.0135571 -0.0118201 0.999839 -5.09937
0.999926 0.00788168 0.0091652 -190.258 -0.00799033 0.999897 0.011879 -10.0821 -0.00907066 -0.0119514 0.999888 -5.10711
0.999929 0.0103009 0.00572226 -192.528 -0.010379 0.99985 0.0138023 -10.1855 -0.00557925 -0.0138608 0.999889 -5.12605
0.999867 0.0126776 0.010189 -194.811 -0.0128026 0.999842 0.0122987 -10.2849 -0.0100315 -0.0124275 0.999873 -5.14584
0.999795 0.0156438 0.0127858 -197.066 -0.0158026 0.999797 0.0124187 -10.3743 -0.012589 -0.0126182 0.999841 -5.13069
0.999731 0.0179409 0.0146554 -199.351 -0.018142 0.999741 0.0137015 -10.4657 -0.0144059 -0.0139637 0.999799 -5.13785
0.999696 0.0195963 0.0148853 -201.596 -0.0197992 0.999711 0.0136101 -10.5514 -0.0146144 -0.0139007 0.999797 -5.12471
0.99969 0.0192051 0.015801 -203.865 -0.019424 0.999715 0.0138208 -10.6351 -0.0155312 -0.0141235 0.99978 -5.13043
0.999731 0.0168224 0.0158675 -206.153 -0.0170718 0.99973 0.0157133 -10.7245 -0.0155989 -0.01598 0.999751 -5.13033
0.999721 0.0129648 0.0197131 -208.425 -0.0132279 0.999824 0.0132741 -10.8376 -0.0195376 -0.0135312 0.999718 -5.12053
0.999703 0.00773243 0.0230759 -210.692 -0.00799352 0.999904 0.0112436 -10.9494 -0.0229868 -0.0114248 0.999671 -5.10175
0.999891 0.00157184 0.0145876 -212.974 -0.00169469 0.999963 0.00841334 -11.0769 -0.0145739 -0.00843716 0.999858 -5.08416
0.999747 -0.00375047 0.0221085 -215.237 0.00355091 0.999952 0.00905896 -11.2056 -0.0221414 -0.00897818 0.999715 -5.09547
0.999753 -0.00702558 0.0210462 -217.497 0.00686169 0.999945 0.00784997 -11.3566 -0.0211003 -0.00770362 0.999748 -5.08444
0.999829 -0.00775221 0.0167446 -219.766 0.00760851 0.999933 0.00862915 -11.5115 -0.0168104 -0.00850027 0.999823 -5.07672
0.999799 -0.00790787 0.0183546 -222.019 0.0076887 0.999898 0.0119811 -11.6605 -0.0184475 -0.0118376 0.99976 -5.0612
0.999733 -0.00757914 0.0217661 -224.292 0.00731259 0.999897 0.0123004 -11.8063 -0.0218572 -0.012138 0.999688 -5.01541
0.99969 -0.00676464 0.0238921 -226.571 0.0065206 0.999925 0.0102778 -11.966 -0.0239599 -0.0101189 0.999662 -4.99445
0.999684 -0.00556584 0.0244617 -228.842 0.00537516 0.999954 0.00785442 -12.1108 -0.0245043 -0.00772046 0.99967 -5.001
0.999614 -0.0051862 0.0272502 -231.094 0.00493721 0.999945 0.00919719 -12.2638 -0.0272965 -0.00905911 0.999587 -4.97039
0.999576 -0.00441112 0.0287373 -233.369 0.00415341 0.99995 0.00902153 -12.402 -0.0287757 -0.00889836 0.999547 -4.94519
0.999599 -0.00281736 0.028125 -235.645 0.00266445 0.999981 0.00547305 -12.5463 -0.02814 -0.00539592 0.99959 -4.92204
0.999516 -0.00112375 0.0310482 -237.899 0.000999013 0.999991 0.00403304 -12.6922 -0.0310525 -0.00400007 0.99951 -4.89639
0.99951 0.000620764 0.0312376 -240.179 -0.00074061 0.999992 0.00382533 -12.8485 -0.031235 -0.00384659 0.999505 -4.84126
0.999497 0.00211596 0.0315895 -242.428 -0.00229214 0.999981 0.00554217 -12.973 -0.0315773 -0.00561179 0.999486 -4.7969
0.999453 0.00308793 0.0328962 -244.691 -0.00336598 0.999958 0.00840044 -13.0827 -0.032869 -0.00850658 0.999424 -4.75336
0.999333 0.00432318 0.03623 -246.963 -0.00472271 0.999928 0.0109494 -13.1961 -0.0361802 -0.0111132 0.999284 -4.71293
0.999377 0.00526153 0.0348475 -249.241 -0.00569003 0.999909 0.0122089 -13.3365 -0.0347802 -0.0123996 0.999318 -4.66916
0.999295 0.00459513 0.0372144 -251.483 -0.0050668 0.999907 0.0125901 -13.4521 -0.0371532 -0.0127698 0.999228 -4.60115
0.999313 0.00336967 0.0368729 -253.748 -0.00377899 0.999931 0.0110369 -13.5777 -0.0368333 -0.0111686 0.999259 -4.54022
0.999184 0.00149387 0.0403228 -256.03 -0.00194541 0.999935 0.0111613 -13.6876 -0.0403036 -0.0112307 0.999125 -4.46359
0.999204 0.00124607 0.0398374 -258.283 -0.00177752 0.999909 0.0133081 -13.8355 -0.0398173 -0.0133683 0.999118 -4.41249
0.999254 0.00293182 0.0384641 -260.562 -0.00337986 0.999926 0.0115885 -13.9628 -0.0384274 -0.0117099 0.999193 -4.33039
0.999264 0.00474195 0.0380261 -262.813 -0.00517684 0.999922 0.0113462 -14.0946 -0.0379694 -0.0115347 0.999213 -4.27512
0.999079 0.00801836 0.0421107 -265.091 -0.00851473 0.999896 0.0116212 -14.2093 -0.0420132 -0.0119691 0.999046 -4.21736
0.998892 0.0129745 0.0451978 -267.341 -0.0135416 0.999832 0.0122633 -14.3188 -0.0450312 -0.0128618 0.998903 -4.136
0.997287 -0.0582002 0.0450277 -269.421 0.0577381 0.998265 0.0114971 -14.1308 -0.0456188 -0.00886613 0.99892 -4.05022
