1 0 0 0 0 1 0 0 0 0 1 0
0.999989 -0.00473759 -0.000443689 -2.69406 0.00473736 0.999989 -0.000526877 -0.139895 0.00044618 0.000524769 1 0.00543788
0.999946 -0.00896468 -0.00518167 -5.35075 0.00891254 0.99991 -0.00999951 -0.345237 0.00527085 0.00995279 0.999937 -0.02691
0.999921 -0.0125358 -5.54824e-05 -7.98543 0.0125358 0.999921 -0.000758657 -0.607125 6.49881e-05 0.000757903 1 -0.0361182
0.999891 -0.014622 -0.00211553 -10.6303 0.0146274 0.99989 0.00257009 -0.774937 0.00207772 -0.00260076 0.999994 -0.0879339
0.999862 -0.0154114 -0.00621357 -13.3354 0.0154245 0.999879 0.00205794 -0.946412 0.0061811 -0.0021535 0.999979 -0.108939
0.999861 -0.0161557 -0.00406507 -16.0307 0.0161613 0.999868 0.00133881 -1.16952 0.0040429 -0.00140432 0.999991 -0.157975
0.99984 -0.0172626 -0.00477898 -18.7142 0.0172779 0.999846 0.00319105 -1.38981 0.00472316 -0.00327311 0.999983 -0.200613
0.99981 -0.0185804 -0.00588495 -21.4346 0.0185818 0.999827 0.000180016 -1.59491 0.00588059 -0.000289334 0.999983 -0.236074
0.999799 -0.0199168 -0.00225424 -24.1239 0.0199154 0.999801 -0.000641532 -1.8168 0.00226657 0.000596511 0.999997 -0.27326
0.999746 -0.0215828 0.00652172 -26.7952 0.0216467 0.999717 -0.00988258 -2.02674 -0.00630658 0.0100212 0.99993 -0.314844
0.999743 -0.0221612 -0.00474789 -29.4957 0.0221423 0.999747 -0.00399924 -2.24258 0.00483532 0.00389308 0.999981 -0.356415
0.999725 -0.0228829 -0.00506408 -32.2014 0.0228896 0.999737 0.0012689 -2.4736 0.00503371 -0.00138447 0.999986 -0.396302
0.99972 -0.0236308 -0.00126275 -34.881 0.0236346 0.999716 0.00312444 -2.67439 0.00118856 -0.0031534 0.999994 -0.466575
0.999704 -0.0243135 -0.000388024 -37.5517 0.0243136 0.999704 0.000245333 -2.8927 0.000381943 -0.000254693 1 -0.481729
0.999703 -0.0243533 -0.000350704 -40.2383 0.0243535 0.999703 0.000452734 -3.15327 0.000339573 -0.000461139 1 -0.485944
0.999724 -0.0232632 0.00320352 -42.8815 0.0232603 0.999729 0.000937324 -3.39005 -0.00322446 -0.000862548 0.999994 -0.540227
0.999735 -0.0230049 0.00072574 -45.5048 0.0230036 0.999734 0.00162712 -3.56407 -0.00076298 -0.00160999 0.999998 -0.566093
0.999736 -0.0229636 0.000128949 -48.0744 0.0229631 0.999731 0.00316282 -3.77861 -0.000201546 -0.00315903 0.999995 -0.61604
0.99975 -0.0223611 0.000656011 -50.5963 0.0223595 0.999747 0.00238971 -3.9986 -0.000709283 -0.00237445 0.999997 -0.629007
0.999751 -0.0223036 -0.00012586 -53.101 0.0223038 0.999749 0.00219698 -4.21186 7.68266e-05 -0.00219924 0.999998 -0.653846
0.999743 -0.0226624 0.000947156 -55.5746 0.0226598 0.99974 0.00270986 -4.41148 -0.00100832 -0.0026877 0.999996 -0.655505
0.999738 -0.0228437 0.00135462 -58.005 0.0228404 0.999736 0.0024068 -4.62322 -0.00140925 -0.00237522 0.999996 -0.693324
0.999722 -0.0235338 0.00110657 -60.4742 0.0235305 0.999719 0.00292176 -4.79775 -0.00117502 -0.00289491 0.999995 -0.736347
0.999691 -0.0246957 0.00270437 -62.9271 0.0246916 0.999694 0.00154243 -5.02686 -0.00274164 -0.00147517 0.999995 -0.768002
0.999659 -0.025418 0.00591911 -65.368 0.0254118 0.999677 0.00112946 -5.22983 -0.00594591 -0.000978655 0.999982 -0.804839
0.999627 -0.0264548 0.00680841 -67.7554 0.0264544 0.99965 0.0001554 -5.4518 -0.00681014 2.47709e-05 0.999977 -0.840748
0.99961 -0.0270017 0.00710711 -70.1421 0.0269945 0.999635 0.00110641 -5.64073 -0.00713439 -0.000914128 0.999974 -0.862625
0.999601 -0.0267677 0.00899438 -72.5622 0.0267827 0.99964 -0.00155345 -5.87108 -0.00894956 0.00179372 0.999958 -0.870214
0.999618 -0.0262061 0.0088397 -75.0144 0.0262335 0.999652 -0.0030013 -6.0877 -0.00875797 0.00323204 0.999956 -0.877367
0.999639 -0.0254402 0.0086025 -77.4926 0.0254736 0.999668 -0.00379323 -6.30683 -0.00850315 0.004011 0.999956 -0.921998
0.999668 -0.0237106 0.010077 -79.9853 0.0237578 0.999707 -0.004597 -6.49699 -0.00996503 0.00483488 0.999939 -0.900522
0.999753 -0.0207495 0.0079102 -82.5372 0.0207797 0.999777 -0.00375922 -6.71048 -0.00783043 0.00392266 0.999962 -0.928018
0.999843 -0.0161182 0.00735116 -85.1033 0.0161343 0.999868 -0.00214024 -6.88176 -0.00731569 0.00225851 0.999971 -0.96659
0.999947 -0.0100156 0.00262915 -87.6695 0.0100199 0.999949 -0.00161594 -7.08083 -0.00261283 0.0016422 0.999995 -0.999193
0.999931 -0.00452622 0.0108674 -90.2288 0.00455075 0.999987 -0.00223461 -7.25296 -0.0108571 0.00228391 0.999938 -1.0321
0.999846 0.00046772 0.0175655 -92.8173 -0.000298686 0.999954 -0.0096249 -7.42304 -0.0175692 0.00961816 0.999799 -1.03101
0.999963 0.00169463 0.00844796 -95.4724 -0.00160444 0.999942 -0.0106731 -7.56895 -0.00846556 0.0106591 0.999907 -1.01632
0.999978 0.000759468 0.00662668 -98.0956 -0.000735515 0.999993 -0.00361759 -7.73081 -0.00662938 0.00361264 0.999971 -1.06218
0.999973 -0.0061527 0.00412609 -100.758 0.00615629 0.999981 -0.000859066 -7.86859 -0.00412072 0.000884444 0.999991 -1.11574
0.999782 -0.0161084 0.0133181 -103.387 0.016147 0.999866 -0.00279351 -8.07523 -0.0132713 0.00300795 0.999907 -1.13738
0.999588 -0.0274796 0.00834478 -106.034 0.0274344 0.999609 0.00548567 -8.28852 -0.00849226 -0.00525447 0.99995 -1.1597
0.999103 -0.0412142 0.00976122 -108.683 0.0411314 0.999117 0.00854288 -8.53811 -0.0101047 -0.00813372 0.999916 -1.18023
0.998515 -0.0529234 0.0129412 -111.329 0.0528451 0.998583 0.00632195 -8.82324 -0.0132575 -0.00562868 0.999896 -1.21528
0.998064 -0.0620497 0.00414579 -113.994 0.0620297 0.998063 0.00480448 -9.16657 -0.00443587 -0.00453802 0.99998 -1.21654
0.997591 -0.0693641 0.000949248 -116.678 0.0693637 0.997592 0.000423093 -9.50522 -0.000976307 -0.00035623 0.999999 -1.23816
0.997334 -0.0724567 0.00863204 -119.326 0.0724675 0.997371 -0.000947958 -9.85034 -0.00854066 0.00157097 0.999962 -1.23582
0.997388 -0.0712493 0.011884 -121.988 0.0712638 0.997457 -0.000798801 -10.2226 -0.0117968 0.00164361 0.999929 -1.24447
0.997584 -0.0686241 0.0108262 -124.668 0.0686349 0.997642 -0.000623567 -10.5469 -0.0107579 0.00136512 0.999941 -1.23329
0.997875 -0.0648583 0.00618032 -127.335 0.0648632 0.997894 -0.000586684 -10.9123 -0.00612925 0.000986313 0.999981 -1.23516
0.99806 -0.0614845 0.00983499 -130.002 0.0614672 0.998107 0.0020521 -11.2206 -0.00994255 -0.00144359 0.999949 -1.26649
0.998338 -0.0565085 0.0113611 -132.67 0.0565014 0.998402 0.000942682 -11.535 -0.0113962 -0.000299197 0.999935 -1.27715
0.998592 -0.0518635 0.0111422 -135.359 0.051868 0.998654 -0.000123092 -11.836 -0.0111208 0.000700842 0.999938 -1.29039
0.998717 -0.0488769 0.0132498 -138.059 0.0488626 0.998805 0.00139796 -12.1532 -0.0133023 -0.00074875 0.999911 -1.29516
0.998826 -0.0469643 0.0118878 -140.756 0.0469431 0.998896 0.00205802 -12.412 -0.0119713 -0.00149756 0.999927 -1.315
0.998841 -0.0459563 0.0142855 -143.441 0.0459031 0.998938 0.00403221 -12.6927 -0.0144556 -0.00337178 0.99989 -1.33552
0.998826 -0.0461247 0.0148084 -146.115 0.0460466 0.998924 0.00557346 -12.953 -0.0150495 -0.00488504 0.999875 -1.34564
0.998839 -0.0470239 0.0104603 -148.807 0.0469553 0.998875 0.00671138 -13.2904 -0.0107641 -0.00621242 0.999923 -1.34754
0.998803 -0.0479077 0.00984751 -151.484 0.0478446 0.998834 0.00654862 -13.5552 -0.0101497 -0.00606962 0.99993 -1.34825
0.998776 -0.0490492 0.00631672 -154.184 0.0489906 0.998758 0.00910631 -13.8412 -0.00675553 -0.0087857 0.999939 -1.39812
0.99869 -0.0508026 0.00613489 -156.83 0.0507965 0.998709 0.00114458 -14.163 -0.00618511 -0.000831444 0.999981 -1.43349
0.99859 -0.0511267 0.0142494 -159.468 0.051119 0.998692 0.000902448 -14.4303 -0.0142769 -0.000172761 0.999898 -1.47115
0.998617 -0.051416 0.0109585 -162.113 0.051445 0.998673 -0.00238646 -14.7445 -0.0108213 0.00294692 0.999937 -1.39889
0.998677 -0.0504978 0.00971513 -164.757 0.0505271 0.998719 -0.00279252 -15.0346 -0.00956166 0.0032797 0.999949 -1.40763
0.998704 -0.0493231 0.0125371 -167.328 0.0493511 0.99878 -0.00193763 -15.3204 -0.0124262 0.00255384 0.999919 -1.41198
0.998709 -0.0487759 0.0142116 -169.905 0.0488211 0.998804 -0.00285523 -15.5837 -0.0140553 0.00354537 0.999895 -1.397
0.998804 -0.0478505 0.0100232 -172.465 0.0478944 0.998844 -0.0041901 -15.8385 -0.00981112 0.00466515 0.999941 -1.37483
0.998881 -0.0463732 0.00925194 -174.993 0.0463502 0.998922 0.00268126 -16.1024 -0.0093663 -0.00224943 0.999954 -1.39422
0.998887 -0.0454206 0.0126796 -177.509 0.045314 0.998936 0.00856766 -16.3769 -0.0130553 -0.00798356 0.999883 -1.38438
0.998858 -0.0441396 0.0182565 -180.019 0.0439725 0.998988 0.0094525 -16.6394 -0.0186553 -0.00863892 0.999789 -1.38412
0.99865 -0.0435202 0.0283521 -182.494 0.0434568 0.999052 0.00285108 -16.9123 -0.0284493 -0.00161514 0.999594 -1.37957
0.998748 -0.0436499 0.0244402 -185.008 0.0437481 0.999037 -0.00349794 -17.1669 -0.024264 0.00456277 0.999695 -1.34347
0.998805 -0.0433333 0.022579 -187.475 0.043389 0.999057 -0.00198254 -17.4199 -0.0224718 0.00295985 0.999743 -1.34366
0.998696 -0.0437565 0.02631 -189.938 0.0438823 0.999028 -0.00422306 -17.6446 -0.0260996 0.00537209 0.999645 -1.29146
0.998902 -0.0433669 0.0177229 -192.374 0.043374 0.999059 -1.84958e-05 -17.9152 -0.0177054 0.000787188 0.999843 -1.26784
0.998959 -0.042941 0.0153717 -194.798 0.0431192 0.999004 -0.0114569 -18.1602 -0.0148644 0.0121078 0.999816 -1.27119
0.998528 -0.044259 0.0313346 -197.233 0.0442131 0.99902 0.00215301 -18.4026 -0.0313991 -0.000764446 0.999506 -1.25027
0.998812 -0.0429351 0.0230458 -199.677 0.0426759 0.999022 0.0116228 -18.6646 -0.0235222 -0.0106255 0.999667 -1.24354
0.998856 -0.0416476 0.023504 -202.132 0.0414745 0.999109 0.00780621 -18.8975 -0.0238081 -0.00682246 0.999693 -1.189
0.998815 -0.0399796 0.0277402 -204.588 0.0399948 0.9992 7.56119e-06 -19.1535 -0.0277183 0.00110191 0.999615 -1.18437
0.998857 -0.0387543 0.0279694 -207.043 0.0387137 0.999249 0.00199295 -19.3916 -0.0280256 -0.000907879 0.999607 -1.17008
0.999029 -0.0361162 0.0252411 -209.493 0.0361396 0.999347 -0.000475711 -19.6318 -0.0252074 0.00138745 0.999681 -1.15329
0.999125 -0.035946 0.0213697 -211.979 0.0361523 0.999303 -0.00935038 -19.8605 -0.0210187 0.0101148 0.999728 -1.13228
0.998966 -0.0330806 0.0311744 -214.434 0.033187 0.999445 -0.00290239 -20.093 -0.0310611 0.00393397 0.999509 -1.12879
0.999155 -0.0318592 0.0259777 -216.915 0.0317494 0.999485 0.00462876 -20.2884 -0.0261118 -0.00380007 0.999652 -1.10048
0.999119 -0.0322042 0.0269236 -219.453 0.0321039 0.999476 0.00415032 -20.5162 -0.0270432 -0.00328231 0.999629 -1.06118
0.999134 -0.0323639 0.0261472 -221.949 0.0321942 0.999458 0.00688515 -20.7344 -0.0263559 -0.0060374 0.999634 -1.05104
0.999023 -0.034031 0.0281829 -224.461 0.0339314 0.999416 0.00400204 -20.9715 -0.0283027 -0.00304184 0.999595 -1.0127
0.998983 -0.0345045 0.0290378 -226.966 0.0343972 0.9994 0.00418766 -21.196 -0.0291649 -0.00318457 0.999569 -1.01169
0.998891 -0.0373301 0.0287103 -229.512 0.0373199 0.999303 0.000892398 -21.4722 -0.0287236 0.000180057 0.999587 -0.967439
0.998819 -0.03918 0.0287343 -232.036 0.0391914 0.999232 0.000168374 -21.7075 -0.0287188 0.000957963 0.999587 -0.949436
0.998844 -0.0400988 0.026511 -234.503 0.0401963 0.999187 -0.00315853 -21.9418 -0.0263628 0.00422052 0.999643 -0.907116
0.998717 -0.041783 0.0286124 -236.968 0.0418892 0.999118 -0.00312079 -22.2015 -0.0284567 0.00431534 0.999586 -0.883942
0.99859 -0.0424696 0.0318428 -239.431 0.0426084 0.999085 -0.0036937 -22.432 -0.0316568 0.00504527 0.999486 -0.834588
0.998678 -0.0422331 0.0292933 -241.834 0.0423391 0.999099 -0.00300604 -22.6677 -0.0291399 0.00424232 0.999566 -0.792428
0.998799 -0.0427422 0.0239377 -244.233 0.0426634 0.999083 0.00379077 -22.8945 -0.0240778 -0.00276495 0.999706 -0.752492
0.998725 -0.0438108 0.0250998 -246.572 0.0435116 0.998977 0.0123438 -23.1407 -0.0256149 -0.0112359 0.999609 -0.715956
0.998571 -0.0455404 0.027952 -248.861 0.0450803 0.998841 0.0168737 -23.3586 -0.0286881 -0.0155895 0.999467 -0.669588
0.998679 -0.0475329 0.0195185 -251.117 0.0471127 0.998659 0.0214509 -23.5953 -0.020512 -0.020503 0.999579 -0.63213
0.998516 -0.0486637 0.0244481 -253.254 0.0480942 0.99857 0.0233666 -23.8093 -0.0255503 -0.0221561 0.999428 -0.5868
0.998389 -0.0491031 0.0284427 -255.322 0.0484644 0.998567 0.0227243 -24.0255 -0.0295177 -0.0213092 0.999337 -0.5267
0.998308 -0.0502382 0.0292827 -257.364 0.0495379 0.99848 0.0241692 -24.2611 -0.0304524 -0.0226777 0.999279 -0.484559
0.998196 -0.0511128 0.0314992 -259.363 0.0503111 0.998402 0.0257399 -24.4753 -0.0327645 -0.0241087 0.999172 -0.428992
0.998053 -0.0531562 0.0326313 -261.326 0.05235 0.998314 0.0250808 -24.6856 -0.0339095 -0.0233237 0.999153 -0.400283
0.997919 -0.0545846 0.0343218 -263.276 0.0537868 0.99827 0.0237539 -24.8845 -0.035559 -0.0218584 0.999128 -0.334725
0.997818 -0.0546851 0.0370096 -265.176 0.0538829 0.998298 0.0223386 -25.1155 -0.0381682 -0.0202957 0.999065 -0.292381
0.997854 -0.0542375 0.0366974 -267.07 0.053397 0.998297 0.0235065 -25.3172 -0.0379098 -0.0214965 0.99905 -0.236389
0.997913 -0.0537789 0.0357293 -268.956 0.0529695 0.998326 0.0232285 -25.5053 -0.0369187 -0.0212874 0.999091 -0.186922
0.99792 -0.0533453 0.036201 -270.735 0.0525826 0.998381 0.0217052 -25.7125 -0.0373003 -0.0197565 0.999109 -0.132753
0.997911 -0.0534764 0.0362349 -272.475 0.0528385 0.998435 0.0183419 -25.9175 -0.037159 -0.016389 0.999175 -0.050563
0.997869 -0.054728 0.0355188 -274.161 0.0541776 0.998399 0.0162772 -26.1017 -0.0363528 -0.0143181 0.999236 0.0144425
0.997706 -0.0561036 0.0378786 -275.789 0.0555095 0.998321 0.0165579 -26.2851 -0.0387439 -0.0144173 0.999145 0.0627338
0.997627 -0.0570798 0.0385078 -277.324 0.0564381 0.998252 0.0175515 -26.473 -0.0394423 -0.0153365 0.999104 0.105303
0.997378 -0.0588491 0.0421066 -278.813 0.0581501 0.998152 0.0176389 -26.6307 -0.0430669 -0.0151441 0.998957 0.166401
0.997111 -0.0610062 0.0452506 -280.228 0.0602089 0.998009 0.0187784 -26.8144 -0.0463061 -0.0159997 0.998799 0.222013
0.996892 -0.0634663 0.0466685 -281.614 0.0627355 0.997886 0.0169628 -26.9469 -0.0476464 -0.0139823 0.998766 0.28365
0.996715 -0.0668835 0.0456641 -282.891 0.0661158 0.997648 0.0181205 -27.1386 -0.0467686 -0.0150419 0.998792 0.332604
0.996475 -0.0703146 0.0457438 -284.181 0.0695507 0.997415 0.0180842 -27.2927 -0.0468971 -0.014839 0.998789 0.386094
0.996193 -0.0733059 0.0471684 -285.387 0.072604 0.997226 0.0164285 -27.4738 -0.0482419 -0.0129413 0.998752 0.453219
0.995944 -0.0746963 0.0501522 -286.566 0.0738976 0.997111 0.0175987 -27.6513 -0.0513218 -0.0138212 0.998586 0.49822
0.995879 -0.0739513 0.0524936 -287.708 0.0731399 0.997173 0.0172164 -27.7781 -0.0536184 -0.0133061 0.998473 0.542987
0.99585 -0.0736496 0.0534543 -288.853 0.072722 0.997169 0.0190993 -27.922 -0.0547096 -0.0151327 0.998388 0.579087
0.995943 -0.0717819 0.0542667 -289.984 0.0708504 0.997308 0.0188996 -28.0607 -0.0554772 -0.0149781 0.998348 0.633577
0.995972 -0.0703013 0.0556562 -291.093 0.0693425 0.997412 0.0189772 -28.2189 -0.0568463 -0.0150414 0.99827 0.688996
0.996041 -0.0698605 0.0549735 -292.209 0.0689623 0.997456 0.0180719 -28.3699 -0.0560961 -0.0142093 0.998324 0.763527
0.995955 -0.0703425 0.0559049 -292.769 0.0694647 0.997431 0.0174945 -28.425 -0.0569919 -0.0135403 0.998283 0.786071
