1 0 0 0 0 1 0 0 0 0 1 0
1 0.000353177 -0.000550097 -0.0219662 -0.000352765 1 0.000747278 0.0576764 0.000550361 -0.000747084 1 -0.000362149
1 -0.000269591 -0.000523054 0.0774036 0.000269842 1 0.000479169 0.11804 0.000522925 -0.00047931 1 -0.00546973
0.999999 -0.0011714 -9.84931e-05 0.148846 0.00117147 0.999999 0.000755508 0.186904 9.7608e-05 -0.000755623 1 -0.0127383
0.999988 -0.00471075 -0.00122222 0.144394 0.00471176 0.999989 0.000827654 0.223644 0.00121831 -0.000833403 0.999999 -0.043585
0.99995 -0.009753 -0.00204694 0.065942 0.00974936 0.999951 -0.0017785 0.256675 0.00206418 0.00175845 0.999996 -0.0284207
0.999871 -0.0157678 -0.00298786 -0.057154 0.0157538 0.999865 -0.00466125 0.262313 0.00306095 0.00461358 0.999985 -0.0406578
0.999795 -0.0198381 -0.00407318 -0.0813967 0.0198207 0.999794 -0.00425236 0.292859 0.00415671 0.00417076 0.999983 -0.0346022
0.999654 -0.026034 -0.00374364 -0.11994 0.0260149 0.999649 -0.00504782 0.269264 0.00387374 0.00494868 0.99998 -0.0375307
0.999572 -0.028535 -0.00645046 -0.400328 0.0284771 0.999555 -0.00889474 0.253225 0.0067014 0.00870724 0.99994 -0.0779682
0.999518 -0.0307872 -0.00387947 -0.682626 0.0307524 0.999489 -0.00872163 0.207717 0.00414601 0.00859813 0.999954 -0.0740363
0.999461 -0.0325975 -0.00380514 -0.634972 0.0325333 0.999345 -0.0158554 0.175822 0.00431949 0.0157231 0.999867 -0.0810561
0.999561 -0.0293179 -0.00420733 -1.06173 0.0292434 0.999431 -0.0167845 0.0943935 0.00469702 0.0166541 0.99985 -0.0444825
0.999533 -0.0302247 -0.0045988 -1.00359 0.0301482 0.999419 -0.0158987 0.0683024 0.00507666 0.0157527 0.999863 -0.0633464
0.999555 -0.0294947 -0.00443856 -0.948071 0.0294186 0.999434 -0.0163192 0.0579712 0.00491737 0.0161813 0.999857 -0.0711863
0.999588 -0.0283711 -0.00422722 -0.913539 0.0282973 0.999462 -0.0165906 0.0198853 0.00469563 0.0164641 0.999853 -0.0625073
0.999655 -0.0258376 -0.00478658 -0.859619 0.0257559 0.999533 -0.0164141 0.0105457 0.00520845 0.0162852 0.999854 -0.0707788
0.999665 -0.025408 -0.00497586 -0.851499 0.0253183 0.999529 -0.0173451 -0.0239346 0.00541422 0.0172134 0.999837 -0.0532116
0.999723 -0.0232088 -0.00400492 -1.03739 0.0231394 0.999595 -0.0165745 -0.0561523 0.00438797 0.0164772 0.999854 -0.0706741
0.9998 -0.0197935 -0.00291225 -1.51516 0.0197482 0.999695 -0.0148465 -0.0642488 0.00320523 0.014786 0.999885 -0.109357
0.999853 -0.016856 -0.00307236 -1.52027 0.0168074 0.999743 -0.015216 -0.0801036 0.00332805 0.0151622 0.999879 -0.106218
0.999909 -0.0130218 -0.00350427 -1.51202 0.0129677 0.999802 -0.0150625 -0.0364654 0.00369972 0.0150157 0.99988 -0.127047
0.999936 -0.0109193 -0.00299349 -1.49991 0.0108725 0.999825 -0.0152473 -0.0615144 0.00315945 0.0152137 0.999879 -0.104446
0.999937 -0.0106006 -0.00357876 -1.53783 0.010542 0.999816 -0.0160321 -0.06319 0.00374805 0.0159934 0.999865 -0.0849967
0.999942 -0.00992126 -0.00431123 -1.63054 0.00984957 0.999818 -0.0163448 -0.0475512 0.0044726 0.0163013 0.999857 -0.0993601
0.999936 -0.0107001 -0.00379716 -1.9524 0.0106393 0.99982 -0.0156813 -0.0293503 0.00396427 0.0156398 0.99987 -0.107247
0.999903 -0.0104943 -0.00917771 -2.74103 0.0103987 0.999892 -0.0104044 -0.0323588 0.0092859 0.0103079 0.999904 -0.139142
0.99994 -0.0107745 0.0019036 -3.93408 0.010781 0.999936 -0.00339043 -0.113705 -0.00186695 0.00341075 0.999992 -0.104992
0.999952 -0.00912215 0.00352118 -6.67031 0.00913059 0.999955 -0.00238528 -0.273329 -0.00349927 0.00241732 0.999991 -0.137622
0.999944 -0.00895032 0.00569234 -9.41929 0.00894904 0.99996 0.000251321 -0.418065 -0.00569436 -0.000200366 0.999984 -0.196324
0.999923 -0.00931187 0.00818039 -12.1574 0.00929287 0.999954 0.00235906 -0.581344 -0.00820198 -0.00228286 0.999964 -0.244497
0.999898 -0.0104396 0.00970651 -14.905 0.0103994 0.999937 0.00418123 -0.721984 -0.00974955 -0.00407986 0.999944 -0.299732
0.999863 -0.0110125 0.012355 -17.6213 0.0109458 0.999925 0.00545676 -0.877726 -0.0124141 -0.00532078 0.999909 -0.308714
0.999862 -0.0109052 0.0125199 -20.3411 0.0107992 0.999905 0.0085083 -1.04786 -0.0126115 -0.00837192 0.999885 -0.355252
0.999891 -0.0107779 0.0100975 -23.0788 0.0106906 0.999905 0.00866391 -1.20029 -0.0101899 -0.00855502 0.999911 -0.393133
0.999919 -0.00961379 0.00840187 -25.8136 0.00951945 0.999892 0.0111979 -1.34333 -0.00850862 -0.011117 0.999902 -0.444225
0.99989 -0.00815209 0.012354 -28.5595 0.00800903 0.999901 0.0115862 -1.4809 -0.0124472 -0.011486 0.999857 -0.508669
0.999882 -0.00541086 0.014348 -31.2939 0.00530912 0.99996 0.00712033 -1.66575 -0.0143859 -0.00704332 0.999872 -0.529133
0.9999 -0.00277607 0.0138391 -34.0416 0.00267832 0.999971 0.00707752 -1.81423 -0.0138583 -0.00703975 0.999879 -0.538228
0.99991 -0.000349258 0.0134442 -36.7813 0.000246634 0.999971 0.00763496 -1.94081 -0.0134464 -0.00763095 0.99988 -0.5562
0.999943 0.000826435 0.0106409 -39.5148 -0.000919638 0.999961 0.00875791 -2.08368 -0.0106332 -0.0087672 0.999905 -0.606717
0.99994 0.00192076 0.0107783 -42.233 -0.00200599 0.999967 0.00790278 -2.20918 -0.0107628 -0.00792393 0.999911 -0.593724
0.999907 0.00227902 0.013435 -44.9745 -0.00238249 0.999968 0.00769149 -2.34636 -0.013417 -0.00772278 0.99988 -0.614311
0.999923 0.00258842 0.0121427 -47.6846 -0.00266796 0.999975 0.00653944 -2.46348 -0.0121254 -0.00657133 0.999905 -0.609013
0.999905 0.00157941 0.0137288 -50.4324 -0.00169456 0.999963 0.00838015 -2.59383 -0.0137151 -0.00840262 0.999871 -0.645692
0.999918 0.000697418 0.0128243 -53.1809 -0.000813615 0.999959 0.00905848 -2.73943 -0.0128174 -0.00906817 0.999877 -0.650619
0.999935 9.29853e-05 0.0113963 -55.9427 -0.000209387 0.999948 0.0102141 -2.85617 -0.0113947 -0.0102158 0.999883 -0.705089
0.999902 -0.00106115 0.0139828 -58.6672 0.00088281 0.999918 0.0127553 -3.00452 -0.0139952 -0.0127417 0.999821 -0.72273
0.999914 -0.000573932 0.0131431 -61.3735 0.000357591 0.999864 0.0164576 -3.13549 -0.0131508 -0.0164514 0.999778 -0.715832
0.999935 -0.000484135 0.0113729 -64.1011 0.000285405 0.999847 0.01747 -3.26364 -0.0113796 -0.0174656 0.999783 -0.72194
0.999905 -0.000701118 0.0138087 -66.8463 0.000452961 0.999838 0.0179667 -3.41449 -0.0138191 -0.0179587 0.999743 -0.764681
0.999898 0.00117226 0.014269 -69.5436 -0.00142199 0.999846 0.017504 -3.54853 -0.0142463 -0.0175226 0.999745 -0.791989
0.999884 0.00183835 0.0151088 -72.2939 -0.00215841 0.999773 0.0211954 -3.64468 -0.0150664 -0.0212256 0.999661 -0.816256
0.999909 0.00214068 0.0133055 -75.0273 -0.0024368 0.999749 0.0222803 -3.7995 -0.0132545 -0.0223107 0.999663 -0.831342
0.999918 0.00261549 0.012568 -77.7695 -0.00288888 0.999758 0.0217849 -3.93113 -0.0125079 -0.0218194 0.999684 -0.823945
0.999929 0.00231016 0.011658 -80.512 -0.00257375 0.99974 0.0226476 -4.05494 -0.0116026 -0.022676 0.999676 -0.834069
0.999932 0.00291244 0.0113084 -83.1939 -0.00314752 0.999778 0.0208269 -4.17127 -0.0112453 -0.0208611 0.999719 -0.812162
0.999939 0.00250505 0.0107912 -85.9207 -0.00275293 0.999731 0.0230188 -4.28528 -0.0107306 -0.0230471 0.999677 -0.859498
0.999926 0.000994794 0.0121529 -88.6919 -0.00127543 0.999732 0.0231067 -4.4445 -0.0121267 -0.0231205 0.999659 -0.901323
0.999923 0.00062213 0.0123826 -91.4541 -0.00090688 0.999735 0.0230044 -4.58455 -0.012365 -0.0230139 0.999659 -0.922193
0.999923 0.000853647 0.0124137 -94.2048 -0.0010908 0.999817 0.0191107 -4.68451 -0.0123951 -0.0191228 0.99974 -0.826663
0.999917 0.00161255 0.0128012 -96.9355 -0.00187292 0.999791 0.0203543 -4.81761 -0.0127657 -0.0203766 0.999711 -0.851236
0.999935 0.00346299 0.0108841 -99.673 -0.0036932 0.999768 0.021204 -4.93182 -0.0108082 -0.0212428 0.999716 -0.916471
0.999947 0.00538518 0.00873288 -102.41 -0.00554726 0.999811 0.0186436 -5.06493 -0.00863083 -0.018691 0.999788 -0.950268
0.999878 0.00701213 0.0139535 -105.137 -0.00726644 0.999807 0.0182601 -5.17807 -0.0138227 -0.0183593 0.999736 -0.951514
0.999843 0.00854873 0.0155035 -107.864 -0.00885493 0.999765 0.0197913 -5.31713 -0.0153307 -0.0199255 0.999684 -0.968184
0.999789 0.00876031 0.0185536 -110.624 -0.00916149 0.999724 0.0216498 -5.42086 -0.0183589 -0.0218153 0.999593 -0.979076
0.999786 0.00893931 0.0186366 -113.36 -0.00938372 0.99967 0.023897 -5.52521 -0.0184168 -0.0240668 0.999541 -0.998259
0.999816 0.00897279 0.0169255 -116.093 -0.00942068 0.999602 0.026572 -5.63556 -0.0166803 -0.0267266 0.999504 -1.02615
0.999858 0.00870491 0.0144272 -118.865 -0.00909555 0.999588 0.0272361 -5.75181 -0.0141842 -0.0273635 0.999525 -1.0252
0.999856 0.00929748 0.0141835 -121.587 -0.00968183 0.999581 0.0272751 -5.83869 -0.013924 -0.0274085 0.999527 -0.989776
0.99986 0.00875171 0.0142744 -124.37 -0.0091336 0.999596 0.0269118 -5.98153 -0.0140332 -0.0270385 0.999536 -1.03371
0.999851 0.00880227 0.0148328 -127.121 -0.00918969 0.999613 0.0262576 -6.0804 -0.0145959 -0.02639 0.999545 -1.01727
0.999864 0.00921733 0.0136533 -129.861 -0.00955494 0.999645 0.0248727 -6.19779 -0.0134192 -0.0249998 0.999597 -1.04647
0.999839 0.00945523 0.0152228 -132.606 -0.00983833 0.999632 0.0252921 -6.30692 -0.0149781 -0.0254378 0.999564 -1.06581
0.999803 0.00932274 0.017504 -135.319 -0.00977617 0.999614 0.0260009 -6.43371 -0.0172549 -0.026167 0.999509 -1.07311
0.999826 0.00952179 0.0160229 -138.055 -0.00995154 0.999587 0.0269595 -6.53986 -0.0157596 -0.0271142 0.999508 -1.10758
0.999826 0.00985078 0.0158596 -140.775 -0.0102904 0.999558 0.0278824 -6.62837 -0.015578 -0.0280408 0.999485 -1.12249
0.999821 0.00893025 0.0166928 -143.543 -0.00940436 0.999548 0.0285439 -6.74544 -0.0164303 -0.0286958 0.999453 -1.13747
0.999848 0.00847309 0.01522 -146.296 -0.00891336 0.999537 0.0290968 -6.83853 -0.0149664 -0.0292281 0.999461 -1.17314
0.99985 0.00758688 0.015571 -149.045 -0.00802458 0.999569 0.0282439 -6.95444 -0.01535 -0.0283646 0.99948 -1.19349
0.999859 0.00516863 0.0159758 -151.794 -0.0056245 0.999574 0.0286236 -7.06714 -0.015821 -0.0287094 0.999463 -1.19256
0.999895 0.00104402 0.0144774 -154.579 -0.0014522 0.999601 0.0282138 -7.17991 -0.0144422 -0.0282318 0.999497 -1.11661
0.999891 -0.00221018 0.0146001 -157.308 0.0017789 0.999563 0.0294873 -7.30814 -0.0146589 -0.0294581 0.999459 -1.13132
0.999814 -0.00611312 0.0182813 -160.041 0.00554686 0.999508 0.0308674 -7.44877 -0.018461 -0.0307602 0.999356 -1.18581
0.999795 -0.00783458 0.0186569 -162.765 0.00720042 0.999402 0.0338189 -7.58266 -0.0189107 -0.0336777 0.999254 -1.18917
0.999846 -0.00941569 0.0147903 -165.516 0.00888274 0.999323 0.0356963 -7.71233 -0.0151164 -0.0355594 0.999253 -1.19612
0.999763 -0.00917049 0.0197218 -168.245 0.00852286 0.99943 0.0326761 -7.89396 -0.0200102 -0.0325003 0.999271 -1.20746
0.999827 -0.00773756 0.0169049 -170.997 0.00724155 0.999547 0.0292085 -8.06765 -0.0171233 -0.0290811 0.99943 -1.17434
0.999829 -0.00589579 0.0175307 -173.732 0.00537308 0.999544 0.0297163 -8.2226 -0.017698 -0.0296171 0.999405 -1.16652
0.999867 -0.00343134 0.0159348 -176.452 0.00293766 0.999518 0.0309031 -8.36919 -0.0160331 -0.0308522 0.999395 -1.18705
0.999885 -0.000110237 0.0151809 -179.195 -0.000371292 0.999497 0.0317137 -8.50333 -0.0151768 -0.0317157 0.999382 -1.19723
0.999873 0.00446987 0.0152828 -181.94 -0.00498706 0.99941 0.0339728 -8.61413 -0.0151219 -0.0340447 0.999306 -1.20156
0.999848 0.00930342 0.0147527 -184.702 -0.00981295 0.999344 0.0348516 -8.71809 -0.0144188 -0.0349911 0.999284 -1.2123
0.999812 0.0147947 0.0125509 -187.436 -0.0152433 0.99922 0.0364359 -8.81357 -0.012002 -0.0366204 0.999257 -1.23924
0.999755 0.0192593 0.0108839 -190.191 -0.0196608 0.999082 0.0380675 -8.89619 -0.0101407 -0.0382722 0.999216 -1.26255
0.999638 0.0223899 0.014926 -192.917 -0.0229815 0.998906 0.0407212 -8.95987 -0.0139979 -0.0410495 0.999059 -1.30046
0.999635 0.0236606 0.0130207 -195.645 -0.0241898 0.99882 0.0421137 -9.02088 -0.0120089 -0.0424133 0.999028 -1.3249
0.999673 0.0214198 0.0139909 -198.426 -0.0219732 0.998931 0.0406718 -9.08729 -0.0131048 -0.040966 0.999075 -1.36219
0.999756 0.0181465 0.0125805 -201.18 -0.0186534 0.998968 0.0414181 -9.16357 -0.0118159 -0.0416426 0.999063 -1.34919
0.999875 0.01288 0.00917376 -203.919 -0.0132405 0.999096 0.0403865 -9.26672 -0.00864531 -0.0405029 0.999142 -1.37577
0.999934 0.00673213 0.00927896 -206.656 -0.00707457 0.999276 0.0373819 -9.38173 -0.0090206 -0.0374451 0.999258 -1.38285
0.999932 -0.000399196 0.0116739 -209.365 7.30634e-06 0.999437 0.0335512 -9.51341 -0.0116808 -0.0335488 0.999369 -1.40438
0.999935 -0.00842586 0.00773403 -212.103 0.00815717 0.999384 0.0341396 -9.66453 -0.00801693 -0.0340743 0.999387 -1.4268
0.999853 -0.0162958 0.00529859 -214.819 0.0161154 0.999342 0.0324746 -9.84043 -0.00582432 -0.0323845 0.999459 -1.46694
0.999707 -0.0234385 0.00599298 -217.558 0.0232683 0.999363 0.0270413 -10.0484 -0.00662298 -0.026894 0.999616 -1.50312
0.999547 -0.0292051 0.0072823 -220.298 0.029024 0.999294 0.0238439 -10.2807 -0.00797354 -0.0236217 0.999689 -1.56056
0.999447 -0.0328331 0.0052679 -223.031 0.0327067 0.999211 0.0225073 -10.5064 -0.00600274 -0.0223226 0.999733 -1.57457
0.999381 -0.0345329 0.00679571 -225.747 0.0343641 0.999131 0.0235605 -10.7391 -0.00760343 -0.0233124 0.999699 -1.59248
0.999428 -0.033782 0.00137281 -228.481 0.0337457 0.999209 0.0210367 -10.9831 -0.0020824 -0.0209783 0.999778 -1.6223
0.999495 -0.0312114 0.00600202 -231.192 0.0310955 0.999344 0.0185251 -11.2013 -0.0065763 -0.0183291 0.99981 -1.65653
0.99962 -0.0272702 0.00399821 -233.942 0.0271863 0.999436 0.0197067 -11.4264 -0.00453338 -0.0195906 0.999798 -1.70115
0.9997 -0.0231073 0.00811119 -236.709 0.0229455 0.999546 0.0195026 -11.6132 -0.00855818 -0.0193106 0.999777 -1.7411
0.999732 -0.0175297 0.0151174 -239.407 0.0172662 0.999699 0.0173902 -11.8185 -0.0154177 -0.0171245 0.999735 -1.75943
0.999885 -0.0111317 0.0103041 -242.165 0.0109706 0.999818 0.0155662 -12.006 -0.0104755 -0.0154514 0.999826 -1.78819
0.999917 -0.0049062 0.0119372 -244.909 0.00471676 0.999863 0.0158465 -12.1425 -0.0120133 -0.0157889 0.999803 -1.84422
0.999952 0.00236058 0.00950323 -247.64 -0.00249967 0.999889 0.0146512 -12.2892 -0.0094676 -0.0146742 0.999848 -1.8637
0.999934 0.0098098 0.00600823 -250.384 -0.00989677 0.999844 0.0146218 -12.4053 -0.00586387 -0.0146803 0.999875 -1.8843
0.999836 0.0162471 0.00803617 -253.124 -0.016364 0.999758 0.0147037 -12.5147 -0.00779534 -0.0148327 0.99986 -1.92593
0.999682 0.02072 0.0143527 -255.858 -0.0209744 0.999621 0.0178108 -12.585 -0.0139783 -0.0181062 0.999738 -1.97518
0.999668 0.0231617 0.0112776 -258.601 -0.0234109 0.999473 0.0224922 -12.6594 -0.0107507 -0.0227488 0.999683 -1.99753
0.999635 0.0241915 0.0120674 -261.317 -0.024489 0.999383 0.0251535 -12.7519 -0.0114515 -0.0254398 0.999611 -2.03255
0.999655 0.0230255 0.0126079 -264.04 -0.0233518 0.999379 0.0263733 -12.8106 -0.0119929 -0.0266586 0.999573 -2.03362
0.999736 0.0203614 0.0106499 -266.789 -0.0206238 0.999471 0.0251377 -12.9032 -0.0101325 -0.0253507 0.999627 -2.06196
0.999802 0.016772 0.0106738 -269.547 -0.0170451 0.999515 0.0260373 -12.965 -0.0102319 -0.026214 0.999604 -2.07604
0.99985 0.0145868 0.00934866 -270.917 -0.0148467 0.999487 0.0283631 -12.998 -0.00893015 -0.0284976 0.999554 -2.09472
