1 0 0 0 0 1 0 0 0 0 1 0
1 -8.73257e-06 0.000530907 -2.70186 8.14556e-06 0.999999 0.00110567 -0.148208 -0.000530916 -0.00110566 0.999999 -0.0326785
0.999998 -0.00149115 0.00137227 -5.43999 0.0014886 0.999997 0.00185523 -0.2733 -0.00137503 -0.00185319 0.999997 -0.0700999
0.999994 -0.00352233 0.000784799 -8.17973 0.00352053 0.999991 0.00228755 -0.394036 -0.00079285 -0.00228477 0.999997 -0.109702
0.999975 -0.00706019 0.000772423 -10.9318 0.00705762 0.99997 0.00328199 -0.516462 -0.000795571 -0.00327646 0.999994 -0.170187
0.999958 -0.00886093 -0.00221745 -13.6677 0.00886764 0.999956 0.00303477 -0.682881 0.00219046 -0.00305431 0.999993 -0.212575
0.999933 -0.0091969 -0.00701543 -16.3562 0.00921375 0.999955 0.00237269 -0.861396 0.00699329 -0.00243717 0.999973 -0.281396
0.999909 -0.00983834 -0.00926532 -19.0825 0.00984739 0.999951 0.000932036 -1.02792 0.0092557 -0.00102319 0.999957 -0.326945
0.999904 -0.0100614 -0.00954579 -21.7941 0.0100739 0.999948 0.00126836 -1.18628 0.00953253 -0.00136441 0.999954 -0.401427
0.999922 -0.00961281 -0.00795898 -24.518 0.00960705 0.999954 -0.000761844 -1.3319 0.00796593 0.000685322 0.999968 -0.446978
0.999931 -0.0088617 -0.00776579 -27.2366 0.00886187 0.999961 -1.26601e-05 -1.49411 0.00776559 -5.61607e-05 0.99997 -0.504405
0.999922 -0.0077475 -0.00983133 -29.9755 0.00776248 0.999969 0.00148636 -1.63858 0.00981951 -0.00156256 0.99995 -0.577156
0.999892 -0.006258 -0.0132961 -32.7099 0.00628544 0.999978 0.00202328 -1.77738 0.0132832 -0.00210664 0.999909 -0.635875
0.999874 -0.00559756 -0.0148279 -35.4418 0.00562187 0.999983 0.00159882 -1.95394 0.0148187 -0.00168198 0.999889 -0.731966
0.999797 -0.00486689 -0.0195327 -38.1194 0.00485698 0.999988 -0.000554403 -2.10643 0.0195352 0.00045942 0.999809 -0.803905
0.999735 -0.00446696 -0.0225919 -40.7529 0.00437314 0.999982 -0.00420044 -2.26519 0.0226103 0.00410053 0.999736 -0.884575
0.999694 -0.00423413 -0.0243669 -43.3486 0.00416488 0.999987 -0.00289216 -2.38139 0.0243788 0.00278979 0.999699 -0.996974
0.999732 -0.00392929 -0.0228116 -45.9015 0.00384313 0.999985 -0.00381956 -2.47945 0.0228262 0.00373086 0.999732 -1.07355
0.999694 -0.00281028 -0.0245619 -48.4727 0.00273229 0.999991 -0.00320816 -2.64139 0.0245707 0.00314007 0.999693 -1.14464
0.999737 -0.000786733 -0.0229408 -51.0061 0.000749248 0.999998 -0.00164254 -2.7722 0.0229421 0.00162492 0.999735 -1.2568
0.999783 0.00174432 -0.0207864 -53.522 -0.00186412 0.999982 -0.00574523 -2.90036 0.020776 0.00578273 0.999767 -1.35972
0.999682 0.00222285 -0.0251071 -56.0541 -0.00242626 0.999964 -0.00807409 -3.0362 0.0250883 0.00813244 0.999652 -1.43828
0.999684 0.00197678 -0.0250708 -58.5619 -0.00215484 0.999973 -0.0070772 -3.133 0.0250561 0.00712898 0.99966 -1.53952
0.999692 0.000694744 -0.024807 -61.1255 -0.000917928 0.999959 -0.00898655 -3.26676 0.0247998 0.00900655 0.999652 -1.61936
0.999721 2.29277e-05 -0.0236155 -63.6372 -0.000215365 0.999967 -0.00814627 -3.39494 0.0236145 0.00814908 0.999688 -1.7072
0.999763 -0.00124478 -0.021763 -66.1651 0.00112794 0.999985 -0.00537987 -3.52331 0.0217693 0.00535404 0.999748 -1.80175
0.999652 -0.00263047 -0.0262634 -68.6996 0.00205618 0.999759 -0.0218698 -3.64877 0.0263146 0.0218082 0.999415 -1.92155
0.999827 -0.00273475 -0.0183903 -71.2235 0.00244464 0.999873 -0.0157792 -3.74369 0.0184311 0.0157315 0.999706 -2.02059
0.999748 -0.00680959 -0.0213827 -73.7689 0.00659161 0.999926 -0.0102478 -3.88047 0.0214509 0.0101043 0.999718 -2.07662
0.999627 -0.0136914 -0.0236468 -76.3127 0.0134627 0.999861 -0.00980425 -4.00728 0.0237778 0.00948224 0.999672 -2.17771
0.999614 -0.019942 -0.0193418 -78.8195 0.0197638 0.999761 -0.0093632 -4.18348 0.0195239 0.00897731 0.999769 -2.30275
0.999474 -0.0251862 -0.0204307 -81.3621 0.025024 0.999654 -0.0081545 -4.36652 0.020629 0.00763895 0.999758 -2.39933
0.999316 -0.0274009 -0.0248426 -83.9012 0.0271934 0.999593 -0.00865106 -4.56717 0.0250695 0.00796959 0.999654 -2.49607
0.999233 -0.027747 -0.0276437 -86.4234 0.0275384 0.99959 -0.00789889 -4.76661 0.0278516 0.00713156 0.999586 -2.62422
0.999246 -0.0272338 -0.0276566 -88.966 0.0268954 0.99956 -0.0125367 -4.92412 0.0279859 0.0117834 0.999538 -2.718
0.99934 -0.0236739 -0.027567 -91.469 0.0232224 0.999593 -0.0165877 -5.14142 0.0279485 0.0159366 0.999482 -2.83145
0.999365 -0.0197918 -0.0296228 -93.9563 0.019364 0.999705 -0.0146608 -5.30791 0.0299042 0.0140778 0.999453 -2.97632
0.999366 -0.0158961 -0.0318576 -96.4414 0.0153733 0.999744 -0.0165863 -5.4802 0.0321131 0.016086 0.999354 -3.10479
0.999396 -0.0120178 -0.032597 -98.8784 0.0115542 0.99983 -0.0143717 -5.62683 0.0327642 0.0139864 0.999365 -3.23391
0.999443 -0.0092677 -0.032067 -101.356 0.00879482 0.999851 -0.0148562 -5.78207 0.0321999 0.0145659 0.999375 -3.3329
0.99953 -0.00654383 -0.0299414 -103.821 0.00611781 0.999879 -0.0142978 -5.91684 0.0300313 0.0141079 0.999449 -3.44149
0.999596 -0.00361715 -0.0281891 -106.281 0.00328128 0.999923 -0.0119522 -6.02814 0.0282302 0.0118549 0.999531 -3.57791
0.999613 -0.00193642 -0.0277544 -108.735 0.0016601 0.999949 -0.00997556 -6.14543 0.0277722 0.00992563 0.999565 -3.68873
0.999661 -0.000135857 -0.0260414 -111.169 -9.13114e-05 0.999962 -0.00872189 -6.25137 0.0260416 0.00872131 0.999622 -3.79735
0.999628 0.000960269 -0.0272496 -113.595 -0.00115534 0.999974 -0.00714373 -6.38428 0.027242 0.00717256 0.999603 -3.92095
0.999616 0.000106789 -0.0277212 -116.046 -0.000299389 0.999976 -0.0069436 -6.50387 0.0277198 0.00694923 0.999591 -4.02134
0.999614 -6.28642e-05 -0.0277591 -118.494 -0.000113885 0.99998 -0.00636557 -6.61665 0.0277589 0.00636628 0.999594 -4.12744
0.99963 0.000406659 -0.0272064 -120.929 -0.000570397 0.999982 -0.00601079 -6.73583 0.0272034 0.00602409 0.999611 -4.22562
0.999645 -0.000264229 -0.0266438 -123.374 0.000106518 0.999983 -0.00592042 -6.84363 0.0266449 0.00591549 0.999627 -4.32225
0.999712 -0.000826906 -0.0239806 -125.82 0.000724053 0.999991 -0.00429728 -6.94127 0.0239839 0.00427869 0.999703 -4.43926
0.999758 -0.00177396 -0.0219135 -128.276 0.00171896 0.999995 -0.00252804 -7.07106 0.0219179 0.00248976 0.999756 -4.54613
0.999796 -0.00220239 -0.0200444 -130.713 0.0021712 0.999997 -0.00157761 -7.19478 0.0200477 0.00153377 0.999797 -4.6446
0.999776 -0.00236179 -0.0210152 -133.16 0.00233167 0.999996 -0.00145763 -7.31931 0.0210186 0.00140831 0.999778 -4.73768
0.999765 -0.00256609 -0.0215335 -135.618 0.00251773 0.999994 -0.00227265 -7.45201 0.0215392 0.00221791 0.999765 -4.82151
0.999748 -0.00286545 -0.0222738 -138.087 0.0028097 0.999993 -0.00253409 -7.58675 0.0222808 0.00247087 0.999748 -4.91442
0.999774 -0.00131002 -0.0211904 -140.513 0.00125951 0.999997 -0.00239691 -7.71189 0.0211935 0.00236968 0.999772 -5.0045
0.999763 -0.0013622 -0.021741 -143.007 0.00134074 0.999999 -0.00100152 -7.84773 0.0217423 0.000972143 0.999763 -5.11271
0.999769 -0.000648989 -0.0214727 -145.472 0.000667845 1 0.000871044 -7.95289 0.0214721 -0.000885175 0.999769 -5.24019
0.999783 0.00102342 -0.0208161 -147.866 -0.00101407 1 0.000459815 -8.06681 0.0208165 -0.000438599 0.999783 -5.30074
0.99979 0.00118511 -0.0204292 -150.354 -0.00116656 0.999999 0.000919918 -8.19056 0.0204302 -0.000895885 0.99979 -5.39245
0.999741 0.00172143 -0.0226812 -152.873 -0.00170499 0.999998 0.000744651 -8.31561 0.0226825 -0.000705779 0.999742 -5.4936
0.999721 0.00310864 -0.0233897 -155.339 -0.00308831 0.999995 0.000905243 -8.4328 0.0233923 -0.000832748 0.999726 -5.60454
0.99971 0.00494478 -0.0235596 -157.804 -0.00495467 0.999988 -0.000361265 -8.55145 0.0235575 0.000477898 0.999722 -5.68023
0.999734 0.0063042 -0.0221868 -160.322 -0.00629418 0.99998 0.000521435 -8.64394 0.0221897 -0.00038164 0.999753 -5.75126
0.999714 0.00753784 -0.0226776 -162.873 -0.00750034 0.99997 0.00173809 -8.75384 0.02269 -0.00156749 0.999741 -5.84471
0.999718 0.00918981 -0.0219039 -165.403 -0.0091901 0.999958 8.76938e-05 -8.84087 0.0219038 0.000113638 0.99976 -5.92591
0.999694 0.0109416 -0.0222008 -167.951 -0.0109166 0.99994 0.00124626 -8.94779 0.0222131 -0.00100351 0.999752 -6.02995
0.999665 0.012544 -0.0226393 -170.53 -0.0125 0.99992 0.00208269 -9.02876 0.0226636 -0.00179899 0.999741 -6.13983
0.999661 0.0136843 -0.022148 -173.109 -0.0136688 0.999906 0.00084908 -9.1248 0.0221576 -0.000546047 0.999754 -6.23264
0.99958 0.014669 -0.0249963 -175.687 -0.0147362 0.999888 -0.0025064 -9.20814 0.0249567 0.00287371 0.999684 -6.34693
0.999697 0.011055 -0.0219645 -178.392 -0.011099 0.999937 -0.00187995 -9.30231 0.0219423 0.00212317 0.999757 -6.46642
0.999674 0.0119951 -0.0225477 -180.99 -0.0120447 0.999925 -0.00206678 -9.39014 0.0225212 0.00233769 0.999743 -6.53387
0.999733 0.0126344 -0.0193413 -183.586 -0.0126557 0.999919 -0.000978921 -9.48813 0.0193273 0.00122344 0.999812 -6.63619
0.999752 0.0134293 -0.0177412 -186.207 -0.0134139 0.99991 0.000983199 -9.5886 0.0177528 -0.000744967 0.999842 -6.76924
0.99975 0.0132169 -0.0180198 -188.864 -0.0131941 0.999912 0.00138359 -9.68886 0.0180365 -0.00114548 0.999836 -6.8785
0.999736 0.0137984 -0.0183806 -191.496 -0.0137756 0.999904 0.00136406 -9.74696 0.0183976 -0.00111049 0.99983 -6.96065
0.999727 0.0144559 -0.0183501 -194.122 -0.0144004 0.999891 0.00315288 -9.83497 0.0183937 -0.00288776 0.999826 -7.08523
0.999706 0.0146462 -0.0193174 -196.769 -0.0145776 0.999887 0.00368344 -9.93367 0.0193691 -0.00340074 0.999806 -7.1964
0.9997 0.0149325 -0.0193834 -199.448 -0.014853 0.999881 0.00423818 -10.023 0.0194444 -0.003949 0.999803 -7.27682
0.999709 0.0153004 -0.0186144 -202.129 -0.015284 0.999883 0.00102407 -10.1006 0.0186278 -0.000739261 0.999826 -7.22739
0.999726 0.0157046 -0.0173622 -204.81 -0.0156778 0.999876 0.00167874 -10.185 0.0173864 -0.00140607 0.999847 -7.29525
0.999693 0.0168605 -0.0181416 -207.475 -0.0168067 0.999854 0.00311593 -10.2634 0.0181915 -0.00281007 0.99983 -7.41972
0.999655 0.0171521 -0.0198666 -210.174 -0.0170965 0.999849 0.00296488 -10.3397 0.0199145 -0.0026242 0.999798 -7.53917
0.999671 0.0170784 -0.0191106 -212.901 -0.0170191 0.99985 0.00326533 -10.4371 0.0191634 -0.00293901 0.999812 -7.63686
0.999605 0.0175597 -0.0219209 -215.591 -0.0175033 0.999843 0.00275898 -10.5331 0.0219659 -0.0023742 0.999756 -7.73181
0.999573 0.0177222 -0.0232207 -218.323 -0.0176452 0.999838 0.00351539 -10.6159 0.0232793 -0.00310415 0.999724 -7.82556
0.999535 0.0175392 -0.0249494 -221.044 -0.0174288 0.999837 0.00463814 -10.6986 0.0250267 -0.00420113 0.999678 -7.92782
0.999508 0.0169003 -0.0263993 -223.797 -0.0167601 0.999844 0.0055235 -10.7692 0.0264886 -0.00507832 0.999636 -8.03954
0.999519 0.0152695 -0.0269707 -226.542 -0.0151054 0.999866 0.00627724 -10.8454 0.0270629 -0.00586681 0.999616 -8.15559
0.999562 0.0131928 -0.0264865 -229.319 -0.0130479 0.999899 0.00563491 -10.9708 0.0265581 -0.00528684 0.999633 -8.27937
0.999468 0.0129132 -0.0299514 -232.071 -0.0127858 0.999908 0.00444353 -11.0957 0.030006 -0.00405821 0.999541 -8.40234
0.999485 0.0130733 -0.029288 -234.802 -0.0129295 0.999903 0.00509428 -11.1895 0.0293518 -0.00471297 0.999558 -8.51821
0.999432 0.0142684 -0.0305094 -237.526 -0.014123 0.999888 0.00497392 -11.2745 0.030577 -0.0045402 0.999522 -8.61825
0.999402 0.0153239 -0.0309946 -240.252 -0.0151423 0.999867 0.0060853 -11.3422 0.0310837 -0.00561232 0.999501 -8.74331
0.999375 0.0150926 -0.0319553 -243.009 -0.0148745 0.999865 0.00705222 -11.4627 0.0320574 -0.00657248 0.999464 -8.86836
0.999379 0.0152894 -0.0317419 -245.743 -0.0150302 0.999852 0.00838815 -11.5532 0.0318655 -0.00790584 0.99946 -9.01569
0.999502 0.0155567 -0.0274504 -248.471 -0.015353 0.999853 0.0076192 -11.6404 0.0275649 -0.00719395 0.999594 -9.15127
0.999516 0.015051 -0.027224 -251.22 -0.0148631 0.999865 0.00708972 -11.7719 0.027327 -0.00668164 0.999604 -9.26365
0.999522 0.0148988 -0.0270816 -253.957 -0.0146984 0.999863 0.00758387 -11.8467 0.0271909 -0.00718218 0.999604 -9.37437
0.999544 0.0149671 -0.0262293 -256.684 -0.0147452 0.999854 0.00863499 -11.9257 0.0263547 -0.00824429 0.999618 -9.49231
0.999495 0.0141914 -0.0284076 -259.412 -0.0139446 0.999864 0.00887029 -12.012 0.0285296 -0.00846967 0.999557 -9.61681
0.999507 0.0112503 -0.0293034 -262.198 -0.0110277 0.999909 0.00774799 -12.1143 0.0293879 -0.00742101 0.99954 -9.68593
0.999516 0.00972918 -0.0295441 -264.966 -0.0094722 0.999916 0.00882574 -12.2359 0.0296275 -0.00854161 0.999524 -9.8304
0.999503 0.00810033 -0.030454 -267.72 -0.00783118 0.999929 0.00894664 -12.363 0.0305243 -0.00870369 0.999496 -10.0289
0.999509 0.00734474 -0.0304469 -270.461 -0.00710479 0.999943 0.00798156 -12.4621 0.0305037 -0.00776131 0.999504 -10.1047
0.999532 0.00622438 -0.0299315 -273.242 -0.00599664 0.999952 0.00769254 -12.572 0.029978 -0.00750944 0.999522 -10.2158
0.999669 0.00595863 -0.0250029 -275.983 -0.00578276 0.999958 0.0071004 -12.6768 0.0250442 -0.00695345 0.999662 -10.3196
0.999694 0.0052832 -0.0241495 -278.754 -0.00508965 0.999955 0.00806883 -12.8031 0.0241911 -0.00794343 0.999675 -10.4284
0.999668 0.00524178 -0.0252279 -281.532 -0.00498365 0.999935 0.0102838 -12.9484 0.0252801 -0.0101547 0.999628 -10.5477
0.99968 0.00498415 -0.0247667 -284.301 -0.00472037 0.999932 0.0106974 -13.0652 0.0248183 -0.0105771 0.999636 -10.656
0.99961 0.00503195 -0.0274612 -287.067 -0.00476904 0.999942 0.00963081 -13.1957 0.027508 -0.00949608 0.999576 -10.7402
0.999714 0.0039755 -0.0235445 -289.837 -0.00380611 0.999967 0.00723466 -13.3123 0.0235724 -0.00714297 0.999696 -10.7651
0.999718 0.00352968 -0.0234812 -292.623 -0.00331442 0.999952 0.00919965 -13.4261 0.0235125 -0.00911922 0.999682 -10.9083
0.999633 0.0010057 -0.0270647 -295.476 -0.000722073 0.999945 0.010487 -13.5618 0.0270738 -0.0104636 0.999578 -11.0174
0.999661 -0.000747185 -0.0260245 -298.296 0.00106504 0.999925 0.0122018 -13.7064 0.0260135 -0.0122253 0.999587 -11.1565
0.999667 -0.0016011 -0.0257535 -301.095 0.00192366 0.99992 0.0125048 -13.8405 0.0257313 -0.0125502 0.99959 -11.2651
0.999694 -0.00199519 -0.0246516 -303.892 0.00233367 0.999903 0.0137093 -13.9652 0.0246218 -0.0137627 0.999602 -11.3781
0.999727 -0.00238558 -0.0232033 -306.687 0.0027329 0.999885 0.0149479 -14.1166 0.0231649 -0.0150072 0.999619 -11.4786
0.999663 -0.00327385 -0.0257411 -309.51 0.00366208 0.99988 0.0150494 -14.2589 0.0256887 -0.0151386 0.999555 -11.6179
0.999673 -0.00382277 -0.025275 -312.355 0.00421605 0.999871 0.0155246 -14.4175 0.0252124 -0.015626 0.99956 -11.7136
0.999674 -0.0037898 -0.0252132 -315.159 0.00423624 0.999835 0.0176767 -14.5877 0.025142 -0.0177778 0.999525 -11.8593
0.999688 -0.00403036 -0.0246467 -317.969 0.00448951 0.999817 0.018602 -14.7312 0.0245672 -0.0187068 0.999523 -11.9702
0.9997 -0.00422551 -0.0241052 -320.794 0.00470127 0.999794 0.0197143 -14.8781 0.024017 -0.0198217 0.999515 -12.0707
0.999681 -0.00451338 -0.024823 -323.619 0.00503992 0.999763 0.02119 -14.9904 0.0247215 -0.0213083 0.999467 -12.1879
0.999567 -0.00653726 -0.0286561 -326.508 0.00713702 0.999756 0.0208772 -15.1766 0.0285126 -0.0210726 0.999371 -12.2905
0.999516 -0.00705945 -0.0302648 -328.721 0.00773513 0.999722 0.0222665 -15.3211 0.0300992 -0.0224899 0.999293 -12.382
