1 0 0 0 0 1 0 0 0 0 1 0
0.999999 -0.000439775 0.00148778 0.488231 0.000437451 0.999999 0.00156235 0.0252646 -0.00148847 -0.00156169 0.999998 -0.0183353
0.999998 -0.000435944 0.00190642 0.993973 0.000443783 0.999991 -0.00411312 0.0671318 -0.00190461 0.00411395 0.99999 0.00732725
0.999998 -0.0010262 0.00192961 1.50749 0.00103535 0.999988 -0.00474412 0.0934661 -0.00192472 0.00474611 0.999987 0.0137041
0.999983 -0.00233422 0.00531395 2.01432 0.00234278 0.999996 -0.00160626 0.125694 -0.00531017 0.00161868 0.999985 0.0114648
0.999994 -0.00351822 0.000838814 2.53297 0.00351914 0.999993 -0.00108919 0.142719 -0.000834976 0.00109214 0.999999 0.0248463
0.999983 -0.00542893 -0.00196567 3.05269 0.0054973 0.999314 0.0366317 0.180664 0.00176545 -0.0366419 0.999327 -0.100436
0.99986 0.0141669 0.00889151 3.72517 -0.0146854 0.998015 0.0612455 0.676197 -0.00800619 -0.0613675 0.998083 -0.279867
0.999922 0.0120528 0.00331941 4.25632 -0.0121947 0.998835 0.0466897 0.689152 -0.0027528 -0.0467265 0.998904 -0.225804
0.999941 0.0098159 0.00462224 4.793 -0.00986823 0.999886 0.0114397 0.682607 -0.00450942 -0.0114847 0.999924 -0.0951736
0.999925 0.00901294 0.00828221 5.33888 -0.00916247 0.999792 0.0181968 0.708372 -0.00811648 -0.0182713 0.9998 -0.129718
0.999915 0.0078992 0.0103698 5.88628 -0.00816179 0.999641 0.0255293 0.718404 -0.0101645 -0.0256117 0.99962 -0.146133
0.999615 -0.0262624 0.00897859 6.2668 0.0260086 0.999289 0.0273041 1.05195 -0.00968927 -0.02706 0.999587 -0.153299
0.998758 -0.049111 -0.00840366 6.67806 0.0494311 0.997831 0.0434679 1.23942 0.00625068 -0.0438293 0.99902 -0.276852
0.998851 -0.0476821 -0.00482909 7.20207 0.0477671 0.998671 0.0193565 1.26736 0.00389972 -0.019565 0.999801 -0.167303
0.998963 -0.0453633 -0.0039218 7.67838 0.0454034 0.99891 0.01084 1.31685 0.00342579 -0.0110068 0.999934 -0.140758
0.998969 -0.0451802 -0.00437079 8.16085 0.0452218 0.998928 0.00993114 1.36351 0.00391741 -0.0101186 0.999941 -0.140141
0.999031 -0.0439767 -0.00159335 8.61756 0.0439311 0.998793 -0.0219616 1.39999 0.00255723 0.0218704 0.999758 -0.016481
0.869835 -0.493343 0.000526072 8.64414 0.493338 0.86982 -0.00555794 0.707447 0.00228439 0.00509402 0.999985 -0.00861804
0.600073 -0.79741 0.0636308 8.97307 0.795004 0.603304 0.0631894 -0.68329 -0.0887766 0.0126685 0.995971 0.166143
0.217733 -0.974549 0.0533539 9.60262 0.96162 0.223554 0.159091 -2.13978 -0.166969 0.016667 0.985821 0.409044
-0.209546 -0.977597 0.0198486 10.0935 0.962982 -0.202808 0.177582 -3.08248 -0.169578 0.0563256 0.983906 0.467981
-0.58565 -0.810338 0.0191413 10.7685 0.797758 -0.572056 0.190615 -3.86967 -0.143513 0.126904 0.981478 0.634484
-0.857381 -0.507895 -0.0833131 11.5675 0.487452 -0.853264 0.185286 -4.51351 -0.165194 0.118249 0.979147 0.551319
-0.973297 -0.203679 -0.105869 12.6198 0.178752 -0.961845 0.207129 -4.25705 -0.144017 0.182674 0.972569 0.672029
-0.982383 0.117563 -0.145264 13.0759 -0.143266 -0.9729 0.181494 -3.43229 -0.11999 0.199108 0.972604 0.633367
-0.87442 0.445963 -0.191065 13.2147 -0.473268 -0.870733 0.13357 -2.95575 -0.1068 0.207222 0.972447 0.702681
-0.633346 0.744996 -0.209414 13.2712 -0.771914 -0.6274 0.102562 -2.92166 -0.0549782 0.226606 0.972434 0.754419
-0.2619 0.930075 -0.257619 13.3204 -0.965081 -0.253837 0.0646989 -3.03027 -0.00521843 0.265568 0.964078 0.915165
0.0709846 0.963903 -0.256618 13.0787 -0.996772 0.0782192 0.0180812 -3.78287 0.0375009 0.254506 0.966344 0.841406
0.467713 0.844383 -0.261268 13.1034 -0.871719 0.489531 0.0215781 -4.48827 0.146119 0.21766 0.965025 0.86913
0.789131 0.591658 -0.164966 12.9668 -0.60287 0.797489 -0.0236598 -6.07031 0.11756 0.118124 0.986016 0.857298
0.954067 0.279892 -0.10685 13.2082 -0.279689 0.959937 0.0171876 -7.90229 0.107379 0.0134866 0.994127 1.09024
0.982389 -0.183184 -0.0368212 14.2559 0.184807 0.981652 0.0469687 -8.94285 0.0275417 -0.0529462 0.998218 1.30084
0.753262 -0.657401 -0.0204902 14.977 0.656292 0.749207 0.0892751 -9.28025 -0.0433382 -0.080695 0.995796 1.4177
0.42447 -0.905379 -0.0106998 15.365 0.905439 0.424469 0.00248069 -9.18007 0.00229581 -0.0107409 0.99994 1.32711
-0.0715718 -0.99734 -0.0138208 15.0616 0.997399 -0.0716805 0.00750063 -8.71308 -0.00847126 -0.013248 0.999877 1.24278
-0.414232 -0.909721 0.0286251 15.5306 0.908579 -0.411443 0.0721017 -7.82633 -0.0538147 0.0558751 0.996987 1.37663
-0.744831 -0.666755 0.0257849 15.5668 0.666279 -0.741102 0.0827048 -7.28558 -0.0360344 0.0787811 0.996241 1.39541
-0.745777 -0.665954 0.0179418 15.1256 0.66499 -0.74254 0.0801331 -6.94751 -0.0400424 0.0716926 0.996623 1.37688
-0.745908 -0.662206 0.0714451 14.7851 0.665361 -0.735965 0.1251 -6.59515 -0.0302606 0.14085 0.989569 1.56381
-0.858496 0.51236 0.0217224 15.0505 -0.504565 -0.851488 0.142765 -5.97695 0.0916435 0.111603 0.989518 1.45891
0.18273 0.983138 -0.00703764 13.9174 -0.979712 0.182683 0.0824059 -5.35082 0.0823019 -0.00816319 0.996574 1.95449
0.972228 0.23377 0.0111006 12.6338 -0.233769 0.967786 0.0934986 -5.82404 0.0111141 -0.0934969 0.995558 2.52422
0.598285 -0.796637 -0.0861621 12.5549 0.797047 0.580628 0.166093 -5.87608 -0.082288 -0.168046 0.982339 2.94396
-0.530431 -0.843346 -0.0860815 12.7473 0.812887 -0.534814 0.230627 -5.87205 -0.240536 0.0523572 0.969227 2.90118
-0.942039 0.0755885 -0.326876 12.7674 -0.149118 -0.967099 0.206112 -5.82092 -0.300542 0.242909 0.922318 2.86256
-0.725964 0.580652 -0.368536 12.6362 -0.651333 -0.752514 0.0973991 -6.0316 -0.220774 0.310748 0.924497 3.26852
-0.67775 0.629191 -0.380491 13.0553 -0.70457 -0.703738 0.0912944 -5.38402 -0.210325 0.329957 0.920267 3.33655
-0.627359 0.674795 -0.388679 13.2885 -0.752264 -0.654168 0.0784959 -4.53673 -0.201293 0.341635 0.918024 3.44102
-0.585478 0.702295 -0.404966 14.1603 -0.784646 -0.6165 0.0652589 -2.75933 -0.203831 0.355963 0.912 3.64856
-0.583865 0.701724 -0.40827 15.6702 -0.785184 -0.615919 0.0642615 -0.527862 -0.206367 0.358087 0.910597 4.12892
-0.58397 0.703317 -0.405368 17.1827 -0.785811 -0.61505 0.0649156 1.68277 -0.203666 0.356452 0.911846 4.63654
-0.581744 0.705619 -0.404568 18.7104 -0.787227 -0.613551 0.0618711 3.90517 -0.204566 0.35448 0.912413 5.10332
-0.57989 0.708171 -0.402766 20.2206 -0.788282 -0.61259 0.0578438 6.1271 -0.205767 0.351036 0.913473 5.55542
-0.580756 0.709308 -0.399504 21.7411 -0.788887 -0.611492 0.0611126 8.36375 -0.200946 0.350655 0.914692 6.04163
-0.579831 0.708919 -0.401536 23.2472 -0.789355 -0.610862 0.0613645 10.6017 -0.201781 0.352535 0.913786 6.49239
-0.577615 0.707678 -0.406881 24.7442 -0.789228 -0.611457 0.0569102 12.8323 -0.208516 0.353994 0.911707 6.9709
-0.579723 0.704256 -0.409811 26.2472 -0.787966 -0.612597 0.0619215 15.0709 -0.207441 0.358814 0.910067 7.44707
-0.581798 0.700928 -0.412567 27.7843 -0.78615 -0.61468 0.0643141 17.3096 -0.208517 0.361758 0.908654 7.9256
-0.585555 0.699149 -0.410263 29.3108 -0.78334 -0.618242 0.0644568 19.5074 -0.208577 0.359119 0.909687 8.40732
-0.590103 0.69542 -0.410084 30.8446 -0.77991 -0.622296 0.0669851 21.7244 -0.208611 0.359357 0.909585 8.88003
-0.593909 0.692033 -0.41032 32.3659 -0.77622 -0.626991 0.0660604 23.9188 -0.211551 0.357733 0.909546 9.35029
-0.597751 0.691377 -0.405823 33.9378 -0.773739 -0.630021 0.0663362 26.1229 -0.209814 0.353654 0.911541 9.83555
-0.596224 0.692222 -0.406627 35.5119 -0.773963 -0.630184 0.0620428 28.3242 -0.213303 0.351706 0.911485 10.313
-0.595391 0.693479 -0.405705 37.0559 -0.774958 -0.628943 0.0622225 30.5211 -0.212016 0.351451 0.911884 10.8221
-0.591134 0.695792 -0.407963 38.5925 -0.777772 -0.62569 0.0598511 32.7328 -0.213615 0.352682 0.911035 11.3327
-0.588875 0.699201 -0.405393 40.1319 -0.780718 -0.621844 0.0615475 34.9321 -0.209057 0.352741 0.912069 11.8239
-0.585018 0.702285 -0.405647 41.6664 -0.784467 -0.616935 0.0632636 37.1582 -0.205829 0.355227 0.911838 12.3036
-0.581302 0.706007 -0.404527 43.1742 -0.787929 -0.612508 0.063256 39.3899 -0.203117 0.355509 0.912336 12.7671
-0.577207 0.708696 -0.405687 44.6821 -0.791003 -0.608643 0.0621875 41.626 -0.202847 0.356795 0.911894 13.2341
-0.573362 0.710324 -0.408284 46.1501 -0.793603 -0.605338 0.0613181 43.8768 -0.203594 0.359173 0.910794 13.6842
-0.570369 0.71132 -0.410736 47.658 -0.795661 -0.602639 0.0612343 46.1366 -0.203968 0.361733 0.909696 14.1521
-0.570883 0.711967 -0.408896 49.1384 -0.796372 -0.60132 0.0648465 48.4045 -0.199709 0.362654 0.910274 14.6167
-0.571492 0.711899 -0.408163 50.6258 -0.795914 -0.601965 0.0644842 50.6592 -0.199794 0.361715 0.910629 15.0611
-0.572318 0.710508 -0.409426 52.1177 -0.794417 -0.604204 0.0619587 52.9078 -0.203355 0.360716 0.910237 15.5173
-0.576459 0.707906 -0.408123 53.637 -0.79159 -0.607688 0.0640343 55.152 -0.202681 0.359979 0.910679 15.9824
-0.58014 0.705792 -0.406565 55.1368 -0.788813 -0.611242 0.0644719 57.4059 -0.203006 0.358107 0.911344 16.4448
-0.583001 0.702978 -0.407347 56.6407 -0.786216 -0.614558 0.064672 59.631 -0.204875 0.357967 0.910981 16.8994
-0.585489 0.700645 -0.407797 58.1691 -0.784132 -0.617127 0.0655069 61.8502 -0.205766 0.358121 0.91072 17.3714
-0.588064 0.700138 -0.404955 59.7011 -0.782766 -0.618696 0.0670278 64.08 -0.203615 0.356401 0.911877 17.8273
-0.588088 0.699328 -0.406316 61.245 -0.781926 -0.620015 0.0645981 66.2917 -0.206747 0.355698 0.911446 18.3062
-0.588044 0.698192 -0.408328 62.7865 -0.781204 -0.621083 0.0630553 68.5084 -0.209581 0.356067 0.910655 18.8038
-0.589984 0.697419 -0.406849 64.312 -0.780148 -0.622243 0.0646683 70.7367 -0.208058 0.355556 0.911204 19.2945
-0.591995 0.696003 -0.406352 65.8441 -0.778926 -0.623553 0.0667537 72.9605 -0.206922 0.356036 0.911275 19.7789
-0.59331 0.694159 -0.407585 67.3895 -0.777674 -0.625028 0.0675503 75.1615 -0.207862 0.357047 0.910665 20.2409
-0.593996 0.693221 -0.408184 68.9354 -0.776977 -0.625873 0.0677468 77.3568 -0.208508 0.357391 0.910383 20.7187
-0.594994 0.692859 -0.407344 70.4609 -0.776636 -0.62611 0.0694452 79.5394 -0.206926 0.357678 0.910631 21.1991
-0.595292 0.692029 -0.408318 71.9761 -0.776287 -0.626484 0.069976 81.6883 -0.207379 0.358628 0.910154 21.676
-0.595516 0.690858 -0.409972 73.4653 -0.775865 -0.626945 0.0705158 83.811 -0.208314 0.360076 0.909368 22.1512
-0.595009 0.69217 -0.408492 74.9435 -0.776224 -0.626698 0.0687353 85.9081 -0.208425 0.35798 0.91017 22.6091
-0.593205 0.692711 -0.410194 76.4104 -0.77706 -0.62587 0.0668177 87.9924 -0.210443 0.358382 0.909547 23.0742
-0.59264 0.693448 -0.409765 77.8699 -0.777508 -0.625383 0.0661617 90.0679 -0.210381 0.357806 0.909788 23.528
-0.592194 0.694714 -0.408263 79.3085 -0.777683 -0.625408 0.0638281 92.1339 -0.210989 0.355298 0.91063 23.9853
-0.592507 0.694388 -0.408363 80.7522 -0.777401 -0.625749 0.0639199 94.1866 -0.211148 0.355335 0.910579 24.4638
-0.593576 0.693788 -0.407831 82.1772 -0.77661 -0.626704 0.0641864 96.2399 -0.211058 0.354825 0.910798 24.9217
-0.594315 0.692726 -0.408559 83.6031 -0.775631 -0.627982 0.0635154 98.2808 -0.212569 0.354639 0.910519 25.3846
-0.594645 0.692085 -0.409165 85.05 -0.774906 -0.629003 0.0622477 100.314 -0.214286 0.35408 0.910335 25.8521
-0.595407 0.691625 -0.408835 86.4886 -0.773945 -0.630326 0.0608145 102.341 -0.215638 0.352625 0.91058 26.3252
-0.595592 0.691037 -0.409559 87.9502 -0.773244 -0.631335 0.0592396 104.389 -0.217632 0.351972 0.910358 26.7823
-0.596196 0.690023 -0.410388 89.4066 -0.772389 -0.632428 0.0587372 106.447 -0.219011 0.351998 0.910017 27.245
-0.597251 0.689301 -0.410067 90.8758 -0.771839 -0.632963 0.0601845 108.535 -0.218072 0.352451 0.910068 27.7625
-0.598094 0.689633 -0.408277 92.366 -0.771421 -0.633487 0.0600293 110.614 -0.21724 0.350857 0.910882 28.2396
-0.597376 0.689917 -0.408849 93.8766 -0.771381 -0.633758 0.0576341 112.707 -0.219349 0.349808 0.91078 28.727
-0.596836 0.690361 -0.408887 95.3713 -0.771482 -0.633779 0.0560353 114.805 -0.220459 0.348893 0.910863 29.2307
-0.596217 0.688582 -0.41277 96.8698 -0.77147 -0.633689 0.057214 116.93 -0.222172 0.352552 0.909036 29.7171
-0.595749 0.687488 -0.415263 98.3916 -0.771649 -0.633355 0.0584802 119.05 -0.222804 0.355277 0.90782 30.2222
-0.596533 0.688114 -0.413095 99.9152 -0.772021 -0.632665 0.0609802 121.198 -0.21939 0.355295 0.908644 30.7144
-0.59497 0.688905 -0.41403 101.447 -0.772647 -0.632136 0.0584965 123.331 -0.221425 0.354702 0.908382 31.2314
-0.5939 0.690247 -0.413329 102.965 -0.773538 -0.631136 0.0574934 125.5 -0.221182 0.353871 0.908765 31.7474
-0.595061 0.690683 -0.410924 104.502 -0.774094 -0.630026 0.0620179 127.662 -0.216058 0.354999 0.909557 32.2518
-0.592955 0.691923 -0.411882 106.032 -0.774895 -0.629404 0.0582148 129.829 -0.218961 0.353684 0.909375 32.7426
-0.593518 0.69172 -0.411412 107.547 -0.774748 -0.629482 0.0593094 131.979 -0.217951 0.353942 0.909518 33.2371
-0.593568 0.691071 -0.412429 109.091 -0.775427 -0.628259 0.0632744 134.178 -0.215385 0.357366 0.908789 33.7491
-0.592365 0.690444 -0.415201 110.608 -0.776012 -0.627497 0.063656 136.35 -0.216587 0.359908 0.9075 34.2418
-0.591378 0.689462 -0.418227 112.132 -0.776183 -0.627314 0.0633815 138.528 -0.218661 0.362103 0.906128 34.7516
-0.590791 0.690204 -0.417834 113.655 -0.776566 -0.626939 0.0623982 140.732 -0.218889 0.36134 0.906378 35.2571
-0.59078 0.691326 -0.41599 115.186 -0.776563 -0.627112 0.0606698 142.912 -0.21893 0.358885 0.907343 35.768
-0.590752 0.692182 -0.414604 116.725 -0.776623 -0.627145 0.0595547 145.098 -0.218795 0.357173 0.908051 36.2603
-0.590524 0.691862 -0.415462 118.249 -0.776449 -0.627435 0.0587591 147.274 -0.220022 0.357283 0.907711 36.7706
-0.590782 0.691074 -0.416406 119.768 -0.776064 -0.627888 0.0589966 149.446 -0.220686 0.358012 0.907262 37.2841
-0.591158 0.690441 -0.416922 121.275 -0.775692 -0.628316 0.0593416 151.635 -0.220987 0.358484 0.907003 37.8011
-0.591294 0.690082 -0.417322 122.821 -0.775588 -0.628402 0.0597883 153.825 -0.220987 0.359022 0.90679 38.3145
-0.590369 0.689818 -0.419065 124.36 -0.776133 -0.627693 0.0601588 156.021 -0.221546 0.360766 0.905961 38.8244
-0.588249 0.689946 -0.421826 125.873 -0.777008 -0.626778 0.0583909 158.206 -0.224105 0.362111 0.904794 39.3622
-0.587299 0.690415 -0.422384 126.616 -0.777341 -0.626514 0.0567631 159.301 -0.225439 0.361673 0.904638 39.6266
