1 0 0 0 0 1 0 0 0 0 1 0
1 0.000939992 0.000236439 -0.00542502 -0.000939938 1 -0.000231236 0.00957382 -0.000236656 0.000231013 1 -0.0154651
0.999999 0.00108056 0.00030764 -0.00517278 -0.00108044 0.999999 -0.00036488 0.0122306 -0.000308034 0.000364547 1 -0.0127982
0.999999 0.00135554 0.000104443 -0.0169822 -0.00135553 0.999999 -3.36759e-05 0.00194446 -0.000104488 3.35343e-05 1 -0.00946165
0.999999 0.00160016 2.1935e-06 -0.0259324 -0.00160016 0.999998 -0.000655391 -0.00566729 -3.24223e-06 0.000655387 1 -0.0119577
0.999998 0.00204159 -0.000321774 -0.0275237 -0.00204161 0.999998 -6.00837e-05 -0.0179191 0.00032165 6.07404e-05 1 -0.0325729
0.999997 0.00249389 -0.000133375 -0.0245761 -0.00249393 0.999997 -0.000358514 -0.0112405 0.00013248 0.000358845 1 -0.0308673
0.999995 0.00298616 3.70278e-05 -0.0263132 -0.00298613 0.999995 -0.00083033 -0.0015114 -3.95072e-05 0.000830216 1 -0.0298076
0.999994 0.00345964 -1.34089e-05 -0.0353603 -0.00345965 0.999993 -0.00105469 -0.00926824 9.75998e-06 0.00105474 1 -0.0292805
0.999993 0.00360379 0.000208738 -0.0554443 -0.00360341 0.999992 -0.00176157 -0.00532825 -0.000215085 0.0017608 0.999999 -0.0136773
0.999992 0.00408568 -8.16419e-05 -0.0475344 -0.00408579 0.999991 -0.00142937 -0.0205168 7.58012e-05 0.00142969 0.999999 -0.0274429
0.999989 0.00466252 -0.00011458 -0.0366497 -0.0046627 0.999988 -0.00163969 -0.019291 0.000106933 0.00164021 0.999999 -0.0345387
0.999988 0.00496191 0.00011473 -0.0415663 -0.00496167 0.999986 -0.00197232 -0.00935769 -0.000124515 0.00197173 0.999998 -0.0323884
0.999987 0.00512273 0.000306285 -0.0527809 -0.005122 0.999984 -0.00234205 -0.00425247 -0.000318278 0.00234045 0.999997 -0.0310448
0.999985 0.0053688 0.000131103 -0.0565247 -0.00536852 0.999984 -0.00209273 -0.00982117 -0.000142337 0.002092 0.999998 -0.0397428
0.999985 0.00546312 0.000433479 -0.0589226 -0.00546207 0.999982 -0.00238035 -0.0128797 -0.000446475 0.00237794 0.999997 -0.0284137
0.999984 0.00555448 0.000324689 -0.0315087 -0.00555377 0.999982 -0.00213054 -0.0169756 -0.000336518 0.0021287 0.999998 -0.0354951
0.999985 0.00549967 0.00038129 -0.0356522 -0.0054987 0.999982 -0.00248468 -0.00985444 -0.000394948 0.00248255 0.999997 -0.025467
0.999985 0.00542747 0.000404023 -0.0337367 -0.00542652 0.999983 -0.0023358 -0.00570198 -0.000416693 0.00233358 0.999997 -0.02345
0.999985 0.00540524 0.000627924 -0.0388664 -0.00540352 0.999982 -0.00270204 -0.00146216 -0.000642518 0.00269861 0.999996 -0.0159547
0.999985 0.00545084 0.00113372 -0.024219 -0.00544768 0.999982 -0.00276959 -0.00765637 -0.0011488 0.00276337 0.999996 -0.0129608
0.999986 0.00513545 0.000986626 -0.0541749 -0.00513263 0.999983 -0.0028393 -0.0095389 -0.00100119 0.0028342 0.999996 -0.0237537
0.999989 0.00469813 0.00073128 -0.0991439 -0.00469632 0.999986 -0.00245215 -0.0179402 -0.000742791 0.00244869 0.999997 -0.0324316
0.999988 0.00446395 0.00189898 -0.157848 -0.00445822 0.999986 -0.00300995 -0.029067 -0.00191239 0.00300145 0.999994 -0.0322255
0.999985 0.00344892 0.00419218 -0.289077 -0.00342873 0.999983 -0.00481533 -0.0300834 -0.00420872 0.00480089 0.99998 -0.0108131
0.999978 0.00340629 0.0057368 -0.496988 -0.00337949 0.999983 -0.00467391 -0.0401931 -0.00575263 0.00465442 0.999973 -0.0189843
0.999952 0.00575028 0.00798957 -0.752034 -0.00572975 0.99998 -0.00258911 -0.0562381 -0.0080043 0.0025432 0.999965 -0.026772
0.999927 0.00878763 0.00830163 -1.12503 -0.00877632 0.999961 -0.00139784 -0.0744799 -0.00831359 0.00132488 0.999965 -0.0394059
0.999911 0.00967266 0.00919382 -1.61827 -0.00963608 0.999946 -0.00401463 -0.0971016 -0.00923215 0.00392568 0.99995 -0.0425213
0.999918 0.00866716 0.00947097 -2.23272 -0.00863269 0.999956 -0.00367375 -0.138813 -0.0095024 0.00359169 0.999949 -0.037955
0.99992 0.00705363 0.010541 -2.9106 -0.00701529 0.999969 -0.00366969 -0.164441 -0.0105666 0.00359545 0.999938 -0.0558527
0.999945 0.00281572 0.010089 -3.72262 -0.00279614 0.999994 -0.00195485 -0.202965 -0.0100945 0.00192653 0.999947 -0.0821257
0.999974 -0.00143744 0.0070379 -4.5582 0.0014469 0.999998 -0.00133853 -0.245328 -0.00703596 0.00134868 0.999975 -0.0804361
0.999938 -0.00795397 0.00782854 -5.42418 0.00796508 0.999968 -0.00138992 -0.33679 -0.00781723 0.00145219 0.999969 -0.0980842
0.999808 -0.0175 0.00882396 -6.3327 0.0175151 0.999845 -0.0016425 -0.406286 -0.00879385 0.00179673 0.99996 -0.0826476
0.999603 -0.0266062 0.00932816 -7.29426 0.026623 0.999644 -0.00168417 -0.497919 -0.00928003 0.00193184 0.999955 -0.0945277
0.999374 -0.0335834 0.0111353 -8.33456 0.0336273 0.999427 -0.00377963 -0.593874 -0.0110019 0.00415171 0.999931 -0.10954
0.999236 -0.0370187 0.0125374 -9.46084 0.0370952 0.999294 -0.00592791 -0.729039 -0.0123091 0.00638846 0.999904 -0.142485
0.999157 -0.0383443 0.0146553 -10.6575 0.0384515 0.999235 -0.00710348 -0.873693 -0.0143718 0.00766101 0.999868 -0.125309
0.999225 -0.036635 0.0143941 -11.9298 0.036757 0.99929 -0.00830466 -0.98679 -0.0140796 0.00882731 0.999862 -0.179137
0.999418 -0.0311022 0.0140092 -13.316 0.0312304 0.999472 -0.00903093 -1.08714 -0.0137209 0.00946319 0.999861 -0.151516
0.999677 -0.0205334 0.0150122 -14.7265 0.0206568 0.999754 -0.00811453 -1.21606 -0.0148419 0.00842201 0.999855 -0.14842
0.999859 -0.00670367 0.0154343 -16.2359 0.00680911 0.999954 -0.00678886 -1.30982 -0.0153881 0.00689299 0.999858 -0.180495
0.999808 0.00985833 0.0169573 -17.7932 -0.00956438 0.999804 -0.0173292 -1.41092 -0.0171248 0.0171637 0.999706 -0.20344
0.999581 0.0253824 0.0139062 -19.4019 -0.0251144 0.999502 -0.0191207 -1.46982 -0.0143846 0.0187635 0.999721 -0.234701
0.998951 0.0430823 0.0155528 -21.0705 -0.0427655 0.998882 -0.0201601 -1.49524 -0.016404 0.0194738 0.999676 -0.213539
0.997967 0.0612146 0.017773 -22.7461 -0.0607812 0.997863 -0.0239793 -1.50346 -0.0192029 0.0228503 0.999555 -0.206022
0.996881 0.0777106 0.0137836 -24.4973 -0.0774022 0.996765 -0.0216532 -1.45697 -0.0154217 0.0205188 0.999671 -0.211028
0.995548 0.0930292 0.0151808 -26.2729 -0.0926456 0.995404 -0.0242702 -1.39738 -0.0173689 0.0227557 0.99959 -0.20926
0.994351 0.105062 0.0151333 -28.0765 -0.104688 0.994223 -0.0236963 -1.30069 -0.0175355 0.0219781 0.999605 -0.196156
0.993377 0.114348 0.0112605 -29.9367 -0.114111 0.993271 -0.0198223 -1.16777 -0.0134514 0.0184061 0.99974 -0.222123
0.992711 0.120118 0.00988483 -31.8197 -0.119993 0.992698 -0.0123831 -1.04051 -0.0113001 0.0111067 0.999875 -0.23093
0.9922 0.124366 0.00855786 -33.6941 -0.124343 0.992235 -0.0031711 -0.908311 -0.00888578 0.00208225 0.999959 -0.22618
0.992217 0.123614 0.0150188 -35.612 -0.123572 0.992329 -0.00369757 -0.763622 -0.0153607 0.00181289 0.999881 -0.244096
0.992505 0.120776 0.0186286 -37.5349 -0.120739 0.99268 -0.00310214 -0.646891 -0.0188669 0.00082968 0.999822 -0.23816
0.992927 0.117328 0.0181457 -39.544 -0.117267 0.993091 -0.00438437 -0.522955 -0.0185347 0.00222547 0.999826 -0.217329
0.993304 0.113656 0.0207312 -41.5416 -0.113611 0.99352 -0.00332587 -0.415851 -0.0209748 0.000948311 0.99978 -0.219368
0.993648 0.110543 0.0210876 -43.5522 -0.11046 0.993868 -0.00505138 -0.294902 -0.0215167 0.00268995 0.999765 -0.191055
0.993943 0.108011 0.0202501 -45.6039 -0.10788 0.994136 -0.00745123 -0.204417 -0.0209361 0.00522153 0.999767 -0.146632
0.994082 0.106652 0.0206616 -47.6463 -0.106538 0.994287 -0.00654537 -0.104468 -0.0212416 0.00430539 0.999765 -0.14321
0.994234 0.105082 0.0213868 -49.7381 -0.10497 0.994456 -0.00629943 -0.0206785 -0.0219302 0.00401814 0.999752 -0.140732
0.994329 0.104164 0.0214509 -51.8514 -0.104058 0.994554 -0.00597399 0.0798059 -0.0219564 0.00370797 0.999752 -0.147697
0.994398 0.10309 0.0233483 -53.9724 -0.102995 0.994668 -0.00524376 0.177321 -0.0237643 0.00280964 0.999714 -0.132264
0.994459 0.102093 0.0250693 -56.1169 -0.102015 0.994774 -0.00438774 0.287946 -0.0253862 0.001806 0.999676 -0.125817
0.994514 0.101473 0.0254141 -58.264 -0.10138 0.994836 -0.00489694 0.369528 -0.0257798 0.00229358 0.999665 -0.109892
0.994595 0.100418 0.0263963 -60.3998 -0.100301 0.994941 -0.00571966 0.443675 -0.0268371 0.00304117 0.999635 -0.0875649
0.994668 0.0993878 0.0275163 -62.5572 -0.0993041 0.995048 -0.00439638 0.548542 -0.027817 0.00164046 0.999612 -0.0564891
0.994786 0.0976303 0.0294705 -64.7037 -0.0975202 0.995221 -0.00515027 0.628553 -0.0298324 0.00224946 0.999553 -0.00531864
0.99491 0.0969182 0.0275857 -66.8435 -0.0968375 0.995292 -0.0042491 0.715947 -0.0278676 0.00155615 0.999611 -0.00452859
0.994805 0.0974407 0.0294557 -68.9682 -0.0973728 0.995241 -0.00373407 0.796631 -0.0296793 0.000846498 0.999559 0.0459066
0.994669 0.0982678 0.0312464 -71.071 -0.0981329 0.995157 -0.00582509 0.881136 -0.0316675 0.00272773 0.999495 0.107478
0.994519 0.0996195 0.0317404 -73.1642 -0.0995089 0.995024 -0.0050456 0.968893 -0.0320851 0.00185949 0.999484 0.123141
0.994329 0.100582 0.0345387 -75.2634 -0.100468 0.994928 -0.00501027 1.03521 -0.0348675 0.00151183 0.999391 0.165004
0.994197 0.101326 0.0361177 -77.3024 -0.101262 0.994854 -0.00360824 1.12147 -0.0362974 -7.00262e-05 0.999341 0.244896
0.993536 0.10327 0.0471404 -79.2929 -0.103495 0.994628 0.0023391 1.21995 -0.0466456 -0.00720275 0.998886 0.312639
0.993913 0.105301 0.0323798 -81.3092 -0.105582 0.994386 0.00710135 1.30759 -0.0314503 -0.0104769 0.999451 0.334472
0.993912 0.108437 0.019526 -83.263 -0.108608 0.994053 0.00792462 1.4349 -0.0185506 -0.00999705 0.999778 0.371328
0.993367 0.110421 0.0320831 -85.1336 -0.110634 0.993849 0.00493235 1.53071 -0.0313411 -0.0084491 0.999473 0.412637
0.993231 0.111256 0.0333737 -87.0156 -0.11158 0.993724 0.00800803 1.61361 -0.0322733 -0.0116777 0.999411 0.398521
0.992967 0.113019 0.0352621 -88.8865 -0.113407 0.993506 0.00921177 1.71479 -0.033992 -0.013146 0.999336 0.449902
0.992626 0.113623 0.0422351 -90.7286 -0.114038 0.993448 0.0075553 1.80587 -0.0410999 -0.012316 0.999079 0.457584
0.992846 0.112704 0.0394185 -92.5942 -0.113124 0.993544 0.0085826 1.90271 -0.0381967 -0.0129804 0.999186 0.494512
0.993166 0.112795 0.0299604 -94.4212 -0.112838 0.993614 -0.000275258 1.99815 -0.0298001 -0.00310728 0.999551 0.565443
0.993078 0.112282 0.0344693 -96.2928 -0.112338 0.99367 -0.000308532 2.11694 -0.0342858 -0.00356582 0.999406 0.59185
0.99243 0.112367 0.0495629 -98.1822 -0.112303 0.993666 -0.00408016 2.19115 -0.0497075 -0.00151679 0.998763 0.5655
0.992751 0.112208 0.0430769 -100.144 -0.112135 0.993685 -0.00409295 2.28344 -0.0432641 -0.000767158 0.999063 0.596414
0.992702 0.112296 0.0439641 -102.169 -0.112249 0.993674 -0.00356215 2.3926 -0.044086 -0.00139874 0.999027 0.667701
0.992562 0.111911 0.0479249 -104.227 -0.111914 0.993715 -0.00263137 2.49451 -0.0479181 -0.00275164 0.998847 0.722954
0.992609 0.111384 0.0481691 -106.378 -0.111457 0.993769 -0.00118332 2.61967 -0.0480007 -0.00419418 0.998838 0.803969
0.992815 0.11159 0.0431966 -108.619 -0.111509 0.993755 -0.00429038 2.74097 -0.0434056 -0.000557235 0.999057 0.876416
0.992723 0.110815 0.047127 -110.987 -0.110835 0.993837 -0.00219212 2.86735 -0.0470795 -0.00304714 0.998886 0.913234
0.992673 0.109571 0.0509307 -113.375 -0.109605 0.993973 -0.00214556 3.0023 -0.0508589 -0.0034524 0.9987 1.01287
0.993059 0.107009 0.0488021 -115.814 -0.106892 0.994258 -0.00501162 3.10402 -0.0490582 -0.000239702 0.998796 1.08444
0.993294 0.104673 0.0490986 -118.332 -0.104243 0.994489 -0.0112536 3.19543 -0.050006 0.00605993 0.99873 1.1554
0.994133 0.0989804 0.0436161 -120.902 -0.0983741 0.995024 -0.0158402 3.30743 -0.0449669 0.0114566 0.998923 1.20608
0.994278 0.0959191 0.0470033 -123.505 -0.0952946 0.995331 -0.0153577 3.38383 -0.0482569 0.0107907 0.998777 1.26936
0.994497 0.0931602 0.0479236 -126.132 -0.0929253 0.995648 -0.00711048 3.51231 -0.0483775 0.00261804 0.998826 1.3393
0.994392 0.0929291 0.0504767 -128.776 -0.0934599 0.995589 0.0082551 3.63708 -0.0494869 -0.0129264 0.998691 1.41464
0.994186 0.0948553 0.050945 -131.441 -0.0956098 0.99534 0.012578 3.75673 -0.0495145 -0.0173758 0.998622 1.48603
0.993975 0.0986885 0.0476825 -134.109 -0.0991576 0.995043 0.00757011 3.83496 -0.0466991 -0.0122526 0.998834 1.56936
0.994278 0.0997616 0.0381948 -136.819 -0.100259 0.994897 0.0113418 3.95666 -0.0368684 -0.0151063 0.999206 1.63166
0.994104 0.099614 0.0428324 -139.517 -0.100253 0.994877 0.0130387 4.08433 -0.0413141 -0.0172559 0.998997 1.69903
0.994042 0.0988685 0.0458746 -142.204 -0.0995913 0.994934 0.0137427 4.18317 -0.0442835 -0.0182295 0.998853 1.78352
0.994197 0.0973535 0.0457648 -144.936 -0.0981042 0.995072 0.0144498 4.29683 -0.0441325 -0.0188556 0.998848 1.84593
0.994353 0.0959026 0.0454339 -147.639 -0.0966991 0.995191 0.0156672 4.39891 -0.0437129 -0.0199721 0.998844 1.91256
0.994489 0.0943171 0.0457817 -150.368 -0.0951372 0.995335 0.0160734 4.49746 -0.0440521 -0.0203403 0.998822 2.00906
0.994468 0.0934049 0.0480527 -153.086 -0.0942867 0.99541 0.0164186 4.60197 -0.0462986 -0.0208585 0.99871 2.08029
0.994536 0.0931928 0.0470481 -155.828 -0.0940207 0.995447 0.0156963 4.71898 -0.0453711 -0.020034 0.998769 2.20674
0.994424 0.0931796 0.0493817 -158.551 -0.0939898 0.99547 0.014341 4.81694 -0.0478217 -0.0189024 0.998677 2.30436
0.994446 0.0930348 0.0491991 -161.28 -0.0938816 0.995468 0.0151872 4.90543 -0.0475632 -0.0197217 0.998673 2.39414
0.994399 0.09308 0.0500529 -163.997 -0.0939648 0.995453 0.015621 5.00239 -0.0483713 -0.0202367 0.998624 2.47996
0.994282 0.0927203 0.0529623 -166.71 -0.0936686 0.99548 0.0157088 5.11764 -0.0512664 -0.0205798 0.998473 2.5849
0.994435 0.0916618 0.0519295 -169.426 -0.0925929 0.995579 0.0158134 5.20501 -0.0502504 -0.0205337 0.998526 2.68351
0.994481 0.0904202 0.0532124 -172.152 -0.0912543 0.995737 0.0134563 5.28442 -0.0517688 -0.0182379 0.998493 2.79669
0.994651 0.0884435 0.0533622 -174.88 -0.0892268 0.995934 0.0124767 5.3571 -0.0520417 -0.0171713 0.998497 2.9124
0.994795 0.0863405 0.0541086 -177.598 -0.0870625 0.996141 0.0111275 5.4328 -0.052939 -0.0157804 0.998473 3.00494
0.995055 0.0843655 0.0524233 -180.311 -0.0850771 0.996308 0.0114908 5.49183 -0.0512604 -0.015894 0.998559 3.11688
0.995159 0.0832568 0.0522064 -183.02 -0.0840928 0.99636 0.0140241 5.57728 -0.0508487 -0.0183464 0.998538 3.17101
0.995077 0.0825666 0.0548152 -185.737 -0.0834076 0.996428 0.0132329 5.64393 -0.0535268 -0.0177398 0.998409 3.25775
0.995 0.0828517 0.0557749 -188.462 -0.0836682 0.996416 0.0124643 5.71971 -0.0545423 -0.0170686 0.998366 3.38658
0.995184 0.0825975 0.0527767 -191.169 -0.0834254 0.996421 0.0136788 5.7969 -0.0514579 -0.0180158 0.998513 3.47982
0.995062 0.0831342 0.0542086 -193.888 -0.0840023 0.996368 0.0139364 5.87953 -0.0528532 -0.0184212 0.998433 3.5876
0.994916 0.083559 0.0562119 -196.596 -0.0844292 0.996341 0.013285 5.94489 -0.0548962 -0.0179634 0.998331 3.66535
0.994933 0.0838529 0.0554606 -199.29 -0.0847844 0.996292 0.0146601 5.9998 -0.0540257 -0.019288 0.998353 3.75504
0.994731 0.085163 0.0570596 -202.011 -0.0861086 0.996183 0.0143209 6.08644 -0.0556222 -0.0191587 0.998268 3.88469
0.994768 0.0850521 0.0565841 -203.367 -0.0860158 0.996184 0.0148176 6.12778 -0.0551079 -0.0196072 0.998288 3.94321
