1 0 0 0 0 1 0 0 0 0 1 0
1 -0.000605787 0.000218691 -0.00326385 0.000605869 1 -0.000377171 0.00203476 -0.000218463 0.000377303 1 0.00105163
1 -0.000781928 0.000410736 -0.00056536 0.000782087 1 -0.000388564 -0.00544331 -0.000410432 0.000388885 1 -0.00965408
0.999999 -0.000903275 0.000552049 0.0175829 0.00090347 1 -0.000352025 -0.00672789 -0.000551731 0.000352524 1 -0.00140923
0.999999 -0.00112796 0.000689532 0.0245376 0.00112817 0.999999 -0.0003181 0.00414652 -0.000689172 0.000318877 1 -0.00152391
0.999999 -0.00125182 0.000831807 0.0358849 0.0012522 0.999999 -0.000448002 0.00671627 -0.000831246 0.000449043 1 -0.000134892
0.999998 -0.00155686 0.00104011 0.0367099 0.00155718 0.999999 -0.000302305 0.00518136 -0.00103964 0.000303924 0.999999 -0.0131653
0.999998 -0.00165979 0.00124012 0.0381992 0.00166 0.999999 -0.000172909 0.00119648 -0.00123984 0.000174967 0.999999 -0.005663
0.999997 -0.0018507 0.00136692 0.0523903 0.00185098 0.999998 -0.000204851 -0.000984687 -0.00136654 0.00020738 0.999999 0.000699161
0.999997 -0.00184108 0.00131885 0.0549945 0.00184144 0.999998 -0.000270528 0.00983425 -0.00131835 0.000272956 0.999999 0.000455761
0.999997 -0.00206675 0.00140352 0.0660556 0.00206713 0.999998 -0.000268464 0.0025806 -0.00140297 0.000271365 0.999999 0.00176298
0.999996 -0.00221717 0.00154002 0.0646338 0.00221756 0.999998 -0.000254366 0.0130152 -0.00153945 0.000257781 0.999999 -0.00101423
0.999996 -0.00234429 0.00189185 0.0597137 0.0023448 0.999997 -0.000268295 0.00207219 -0.00189122 0.00027273 0.999998 -0.00509311
0.999995 -0.00245772 0.00206665 0.0418423 0.00245875 0.999997 -0.000494334 0.00115285 -0.00206543 0.000499413 0.999998 -0.00160207
0.999994 -0.00273065 0.00223179 0.00949653 0.00273177 0.999996 -0.000497345 0.00653531 -0.00223042 0.000503439 0.999997 -0.00954328
0.999992 -0.00342744 0.00229797 -0.0421739 0.00342896 0.999994 -0.000659229 0.00135781 -0.0022957 0.000667103 0.999997 -0.0169023
0.99999 -0.00373506 0.0023593 -0.104131 0.00373682 0.999993 -0.00074443 0.0054402 -0.0023565 0.000753239 0.999997 -0.0185775
0.999989 -0.00413603 0.0023931 -0.171771 0.00413821 0.999991 -0.000904961 -0.01279 -0.00238934 0.000914854 0.999997 -0.00497495
0.999986 -0.00476718 0.00247515 -0.259442 0.00476946 0.999988 -0.000915606 -0.00538633 -0.00247075 0.000927397 0.999997 -0.0130014
0.999984 -0.00534677 0.00216297 -0.362488 0.00534927 0.999985 -0.00115009 -0.0170901 -0.00215679 0.00116164 0.999997 -0.0202618
0.999981 -0.00574995 0.00233282 -0.462295 0.0057517 0.999983 -0.000745585 -0.0278586 -0.00232849 0.000758988 0.999997 -0.0243768
0.999981 -0.00617448 0.000542248 -0.542263 0.00617488 0.999981 -0.000744472 -0.0320609 -0.00053764 0.000747805 1 -0.0216032
0.999981 -0.00623544 0.00071599 -0.586538 0.00623574 0.999981 -0.000423383 -0.0239804 -0.000713335 0.00042784 1 -0.020233
0.99998 -0.00630392 0.000816118 -0.590201 0.0063043 0.99998 -0.000466441 -0.0216159 -0.000813161 0.000471576 1 -0.0165376
0.999977 -0.00656867 0.00208779 -0.555097 0.00656987 0.999978 -0.000569511 -0.0222533 -0.002084 0.000583213 0.999998 -0.0210912
0.999976 -0.00667008 0.00188926 -0.553679 0.0066712 0.999978 -0.000586198 -0.0358685 -0.00188531 0.000598788 0.999998 -0.015239
0.999973 -0.00699543 0.00251284 -0.550695 0.006997 0.999976 -0.000616943 -0.0346732 -0.00250846 0.000634508 0.999997 -0.0180208
0.99997 -0.00736125 0.00247397 -0.539892 0.00736251 0.999973 -0.00050052 -0.0243256 -0.00247021 0.000518719 0.999997 -0.019923
0.999968 -0.0075872 0.00252197 -0.539916 0.00758854 0.999971 -0.000524189 -0.0195407 -0.00251792 0.00054331 0.999997 -0.0174338
0.999967 -0.00780422 0.00261526 -0.533674 0.00780574 0.99997 -0.000570763 -0.0160399 -0.00261072 0.000591158 0.999997 -0.0227203
0.999964 -0.00818356 0.00257655 -0.523858 0.00818488 0.999967 -0.000503082 -0.0157882 -0.00257235 0.000524152 0.999997 -0.0269054
0.999961 -0.00849529 0.00267877 -0.517133 0.00849644 0.999964 -0.000418169 -0.0127187 -0.00267512 0.000440912 0.999996 -0.0233169
0.999959 -0.0086959 0.00286003 -0.528216 0.00869758 0.999962 -0.000575265 -0.0125493 -0.00285491 0.000600116 0.999996 -0.023447
0.999955 -0.00910025 0.00293161 -0.547727 0.00910135 0.999959 -0.000361487 -0.0215048 -0.0029282 0.000388152 0.999996 -0.0328988
0.999951 -0.00931471 0.0034895 -0.577364 0.00931595 0.999957 -0.000339159 -0.0111985 -0.00348619 0.00037165 0.999994 -0.0301993
0.99994 -0.0097148 0.00518294 -0.629945 0.00971605 0.999953 -0.000216492 -0.0136407 -0.00518059 0.000266837 0.999987 -0.0334466
0.999919 -0.010056 0.00788442 -0.734382 0.0100559 0.99995 5.79931e-05 -0.0168993 -0.0078846 2.12963e-05 0.999969 -0.0372935
0.999918 -0.00877787 0.00943064 -0.939713 0.0087857 0.999961 -0.000789812 -0.0459819 -0.00942334 0.000872601 0.999955 -0.040682
0.999944 -0.00107659 0.0106089 -1.19977 0.0011074 0.999996 -0.00289847 -0.0396847 -0.0106057 0.00291005 0.99994 -0.0475773
0.999902 0.00770393 0.0117509 -1.54239 -0.00767946 0.999969 -0.00212592 -0.0399414 -0.0117669 0.00203547 0.999929 -0.0564154
0.999757 0.0185875 0.0119226 -1.99465 -0.0185649 0.999826 -0.00200238 -0.0419177 -0.0119577 0.00178055 0.999927 -0.061426
0.999577 0.0264721 0.0120786 -2.55048 -0.0264423 0.999647 -0.00261902 -0.0554504 -0.0121436 0.00229853 0.999924 -0.0773216
0.99949 0.0292383 0.0129155 -3.20464 -0.0292119 0.999571 -0.00222994 -0.0750389 -0.0129752 0.00185151 0.999914 -0.104116
0.999561 0.0269789 0.0122818 -3.95413 -0.0269533 0.999635 -0.00224693 -0.0803245 -0.0123379 0.00191491 0.999922 -0.0980503
0.999693 0.0218722 0.0117343 -4.76435 -0.021845 0.999759 -0.00244197 -0.0996536 -0.0117848 0.00218489 0.999928 -0.115731
0.999804 0.0161864 0.0114972 -5.69282 -0.016148 0.999864 -0.00342593 -0.14126 -0.0115511 0.0032396 0.999928 -0.129105
0.999881 0.0116485 0.010147 -6.66536 -0.0116198 0.999929 -0.00288911 -0.178567 -0.0101799 0.00277086 0.999945 -0.180686
0.999909 0.00861709 0.0104418 -7.70676 -0.00859116 0.99996 -0.00252654 -0.221379 -0.0104631 0.0024366 0.999942 -0.226335
0.999927 0.00610894 0.0104996 -8.82746 -0.00608321 0.999979 -0.00248179 -0.255362 -0.0105146 0.00241774 0.999942 -0.226653
0.999928 0.00422752 0.0112975 -10.0217 -0.00420221 0.999989 -0.00226431 -0.314679 -0.011307 0.00221667 0.999934 -0.234189
0.999925 0.00318116 0.0118782 -11.3155 -0.00315944 0.999994 -0.00184764 -0.376007 -0.011884 0.00180997 0.999928 -0.246212
0.999929 0.00297432 0.0115918 -12.6878 -0.00295419 0.999994 -0.00175471 -0.431744 -0.0115969 0.00172034 0.999931 -0.291087
0.999945 0.00321969 0.0100277 -14.11 -0.00321263 0.999995 -0.000721612 -0.497379 -0.0100299 0.000689357 0.99995 -0.305706
0.999949 0.00431356 0.00926315 -15.6403 -0.00432749 0.99999 0.00148363 -0.565623 -0.00925664 -0.00152364 0.999956 -0.336088
0.999961 0.00455115 0.00770104 -17.2265 -0.00460928 0.999961 0.00754666 -0.627405 -0.00766639 -0.00758185 0.999942 -0.379078
0.999972 0.00428751 0.00619852 -18.9007 -0.00433829 0.999957 0.00820146 -0.714202 -0.00616308 -0.00822812 0.999947 -0.43501
0.999947 0.00157403 0.0102483 -20.6291 -0.00164255 0.999977 0.00667986 -0.806288 -0.0102375 -0.00669634 0.999925 -0.455013
0.999951 -0.000171012 0.00999099 -22.4204 0.000170621 1 3.89795e-05 -0.880997 -0.00999098 -3.72743e-05 0.99995 -0.501587
0.999983 0.000411559 0.00593039 -24.2706 -0.000383928 0.999989 -0.00466125 -0.974042 -0.00593224 0.00465888 0.999972 -0.514052
0.999987 0.00169924 0.00484931 -26.1584 -0.00167105 0.999982 -0.00581316 -1.07305 -0.00485909 0.00580497 0.999971 -0.572143
0.999987 0.00310438 0.00425688 -28.0487 -0.00307708 0.999975 -0.00640611 -1.16826 -0.00427666 0.00639292 0.99997 -0.611917
0.999974 0.00466863 0.00557556 -29.9782 -0.00463122 0.999967 -0.00670485 -1.23736 -0.00560667 0.00667885 0.999962 -0.646902
0.999974 0.00563901 0.0047235 -31.9282 -0.00560047 0.999952 -0.00813427 -1.32183 -0.00476914 0.00810759 0.999956 -0.67261
0.999971 0.00675103 0.00374341 -33.9028 -0.00671637 0.999936 -0.00919877 -1.4092 -0.00380526 0.00917335 0.999951 -0.719175
0.999963 0.007401 0.00458117 -35.905 -0.00735165 0.999916 -0.0107004 -1.50688 -0.00465997 0.0106664 0.999932 -0.766985
0.999957 0.0081165 0.00471874 -37.9054 -0.00807694 0.999933 -0.0083454 -1.59184 -0.00478615 0.00830692 0.999954 -0.793429
0.999959 0.00832735 0.0037899 -39.921 -0.00828953 0.999917 -0.00988957 -1.66041 -0.00387193 0.00985774 0.999944 -0.823499
0.999952 0.00799702 0.00570097 -41.9502 -0.00794771 0.999932 -0.00862181 -1.75085 -0.00576952 0.00857608 0.999947 -0.859611
0.999951 0.00812042 0.00572449 -43.9526 -0.00806996 0.999929 -0.0087854 -1.81217 -0.00579542 0.00873876 0.999945 -0.89022
0.999963 0.00824211 0.00261209 -45.9726 -0.00821001 0.999894 -0.0120741 -1.8943 -0.00271132 0.0120522 0.999924 -0.912221
0.999956 0.0090432 0.00277915 -47.9927 -0.00901117 0.999896 -0.0113307 -1.9855 -0.00288132 0.0113052 0.999932 -0.952225
0.999951 0.00915296 0.00397232 -50.0073 -0.0091039 0.999885 -0.0121987 -2.06096 -0.00408351 0.0121619 0.999918 -0.979405
0.999962 0.00856673 0.00221687 -52.0618 -0.00854007 0.999895 -0.0117735 -2.16239 -0.00231749 0.0117541 0.999928 -1.00504
0.99997 0.00699753 0.00357839 -54.1042 -0.00696036 0.999923 -0.0102984 -2.22548 -0.00365017 0.0102732 0.999941 -1.04436
0.999976 0.00531177 0.00456716 -56.1123 -0.00528296 0.999967 -0.00629829 -2.31197 -0.00460045 0.006274 0.99997 -1.06385
0.999987 0.00431601 0.00299766 -58.1398 -0.00429861 0.999974 -0.00578986 -2.39437 -0.00302257 0.00577689 0.999979 -1.07776
0.999991 0.00425644 -0.000861068 -60.1703 -0.00426073 0.999979 -0.00503349 -2.4843 0.000839628 0.00503711 0.999987 -1.13195
0.999993 0.00309557 0.00250916 -62.1813 -0.00307792 0.999971 -0.00700859 -2.59154 -0.00253077 0.00700081 0.999972 -1.13024
0.999996 0.0018601 0.00234106 -64.1978 -0.00184452 0.999977 -0.00664476 -2.70821 -0.00235336 0.00664041 0.999975 -1.14595
0.999998 0.00176047 -0.0014789 -66.2527 -0.00177037 0.999976 -0.00671709 -2.78358 0.00146704 0.00671969 0.999976 -1.18538
1 0.000717554 -0.000700419 -68.2711 -0.000720685 0.99999 -0.00446528 -2.8801 0.000697211 0.00446578 0.99999 -1.22778
0.999999 -0.000181064 0.00160684 -70.2965 0.000192636 0.999974 -0.00721076 -2.96768 -0.00160549 0.00721105 0.999973 -1.26111
0.999995 -5.207e-05 -0.00346913 -72.311 2.032e-05 0.999958 -0.00914847 -3.11224 0.00346946 0.00914834 0.999952 -1.27712
0.999999 6.7108e-05 -0.00163247 -74.3791 -8.42724e-05 0.999945 -0.0105101 -3.25763 0.00163167 0.0105102 0.999943 -1.32209
0.999928 0.000848404 0.0120411 -76.4143 -0.000676485 0.999898 -0.0142755 -3.30587 -0.0120519 0.0142663 0.999826 -1.38066
1 9.22714e-05 0.00103398 -78.5011 -8.60377e-05 0.999982 -0.00603743 -3.40165 -0.00103452 0.00603733 0.999981 -1.39791
1 9.7648e-05 0.00018664 -80.5868 -9.58644e-05 0.999954 -0.00958923 -3.50317 -0.000187565 0.00958921 0.999954 -1.45563
0.999996 -0.000943672 0.00293119 -82.6385 0.000970157 0.999959 -0.00905101 -3.60836 -0.00292252 0.0090538 0.999955 -1.46214
0.999996 -0.0020973 0.00207685 -84.7288 0.00211081 0.999977 -0.00652643 -3.70101 -0.00206311 0.00653078 0.999976 -1.54792
0.999992 -0.00365043 0.00213278 -86.8233 0.00365965 0.999984 -0.00433878 -3.821 -0.00211691 0.00434654 0.999988 -1.59598
0.999968 -0.00674035 0.00454057 -88.9229 0.00676482 0.999963 -0.00539751 -3.92739 -0.00450402 0.00542804 0.999975 -1.62817
0.999957 -0.00922103 0.00162514 -91.0567 0.00923175 0.999935 -0.00672581 -4.04451 -0.00156301 0.00674051 0.999976 -1.63843
0.99993 -0.0115014 0.00292053 -93.1809 0.0115132 0.999926 -0.00407911 -4.18867 -0.00287339 0.00411244 0.999987 -1.66283
0.999912 -0.0118181 0.00620443 -95.3028 0.011847 0.999919 -0.0046424 -4.30334 -0.00614906 0.00471548 0.99997 -1.68219
0.999926 -0.0110907 0.00515221 -97.4419 0.011117 0.999925 -0.00511522 -4.435 -0.00509509 0.00517211 0.999974 -1.7207
0.999933 -0.00999659 0.00591018 -99.5848 0.0100309 0.999933 -0.00580516 -4.57132 -0.00585175 0.00586405 0.999966 -1.76081
0.999937 -0.00908508 0.00668275 -101.783 0.00911777 0.999947 -0.0048798 -4.70212 -0.00663805 0.00494042 0.999966 -1.79195
0.999964 -0.00700866 0.00486908 -103.962 0.00703414 0.999962 -0.00524005 -4.81063 -0.00483216 0.00527411 0.999974 -1.84473
0.999954 -0.00677331 0.0068321 -106.163 0.00680676 0.999965 -0.00488594 -4.93631 -0.00679876 0.00493221 0.999965 -1.90027
0.999958 -0.00659935 0.00639306 -108.369 0.00661449 0.999976 -0.0023515 -5.04408 -0.00637738 0.00239368 0.999977 -1.94356
0.999948 -0.00722947 0.00723588 -110.57 0.00728698 0.999942 -0.00795492 -5.18062 -0.00717794 0.00800722 0.999942 -1.95949
0.999938 -0.00819466 0.00757264 -112.805 0.00823695 0.999951 -0.0055722 -5.32308 -0.0075266 0.00563422 0.999956 -2.01394
0.999939 -0.00901497 0.00653369 -115.028 0.00903978 0.999952 -0.00377909 -5.4348 -0.00649931 0.00383792 0.999972 -2.04361
0.999889 -0.0121687 0.00862462 -117.251 0.0122163 0.999911 -0.0054901 -5.56889 -0.00855703 0.00559484 0.999948 -2.06715
0.999875 -0.014183 0.00706071 -119.464 0.0142565 0.999844 -0.0104814 -5.70577 -0.00691094 0.0105807 0.99992 -2.08205
0.999845 -0.0158958 0.00770814 -121.659 0.0159772 0.999816 -0.0106171 -5.86295 -0.00753794 0.0107386 0.999914 -2.08464
0.999833 -0.0177451 0.00461265 -123.856 0.0177807 0.999812 -0.00779351 -6.00811 -0.00447348 0.00787421 0.999959 -2.09195
0.999784 -0.0196604 0.00684244 -126.024 0.0197084 0.999781 -0.00702548 -6.14962 -0.00670281 0.00715881 0.999952 -2.08856
0.99972 -0.0220596 0.00865355 -128.162 0.0221331 0.999719 -0.00850003 -6.3223 -0.0084636 0.00868917 0.999926 -2.09089
0.999684 -0.0251737 0.000276094 -130.293 0.0251752 0.999612 -0.0119416 -6.48093 2.46244e-05 0.0119447 0.999929 -2.08923
0.999572 -0.0280447 0.00842916 -132.373 0.0281347 0.999547 -0.0107598 -6.66783 -0.00812357 0.0109924 0.999907 -2.09994
0.999458 -0.0301836 0.0131682 -134.442 0.0303324 0.999477 -0.0112555 -6.8182 -0.0128216 0.0116488 0.99985 -2.08974
0.999443 -0.0317484 0.0103026 -136.487 0.031894 0.999389 -0.0142958 -6.97508 -0.0098424 0.0146164 0.999845 -2.09549
0.999326 -0.0311946 0.0193951 -138.516 0.0318168 0.998961 -0.0326501 -7.18309 -0.0183564 0.0332452 0.999279 -2.11194
0.999384 -0.0309225 0.0166131 -140.542 0.0312966 0.999252 -0.022749 -7.3436 -0.0158972 0.0232549 0.999603 -2.10247
0.999534 -0.0299236 0.00616375 -142.574 0.0300172 0.999426 -0.015699 -7.46876 -0.00569043 0.0158767 0.999858 -2.1245
0.9995 -0.0293625 0.0117494 -144.589 0.0294106 0.99956 -0.00394371 -7.61431 -0.0116284 0.00428728 0.999923 -2.13064
0.999596 -0.0271119 0.00865813 -146.578 0.0271566 0.999618 -0.00509941 -7.77354 -0.00851656 0.00533246 0.99995 -2.15252
0.999657 -0.0260082 0.00324945 -148.558 0.0260229 0.999651 -0.00457383 -7.9264 -0.00312935 0.0046568 0.999984 -2.17274
0.999684 -0.024996 0.00298763 -150.536 0.0250018 0.999686 -0.001942 -8.06951 -0.00293814 0.00201606 0.999994 -2.22512
0.999738 -0.0227595 0.00267605 -152.491 0.0227491 0.999734 0.00383438 -8.19435 -0.0027626 -0.00377251 0.999989 -2.24036
0.999815 -0.0191792 -0.0016777 -154.452 0.0191884 0.9998 0.00564905 -8.31982 0.00156902 -0.00568021 0.999983 -2.26917
0.999874 -0.0148651 0.00567479 -156.4 0.0148001 0.999827 0.011328 -8.45803 -0.00584219 -0.0112426 0.99992 -2.27811
0.999934 -0.00922496 0.0068923 -158.31 0.00908686 0.999763 0.0198055 -8.55855 -0.00707336 -0.0197415 0.99978 -2.31586
0.999981 -0.00285881 0.00550759 -160.22 0.00278194 0.9999 0.0139123 -8.6531 -0.0055468 -0.0138968 0.999888 -2.32681
0.999981 -0.000580856 0.00619524 -161.197 0.000489064 0.999891 0.0148063 -8.68766 -0.00620315 -0.014803 0.999871 -2.33206
