1 0 0 0 0 1 0 0 0 0 1 0
-0.9864 0.164077 0.0096972 1.47819 -0.164273 -0.982195 -0.0911478 0.0492996 -0.00543071 -0.0915012 0.99579 0.459388
0.928619 -0.369327 -0.0355485 0.107237 0.370893 0.926642 0.0614302 -0.122261 0.0102528 -0.07023 0.997478 0.769999
-0.799908 0.599938 -0.0148848 2.05967 -0.599621 -0.800008 -0.0210501 -0.25409 -0.0245367 -0.0079129 0.999668 0.928755
0.623859 -0.778616 -0.0675042 0.136377 0.781008 0.624285 0.0172001 -0.431826 0.0287496 -0.0634517 0.997571 0.709082
-0.45732 0.887595 -0.0550823 2.21234 -0.888649 -0.45848 -0.00993569 -0.240339 -0.034073 0.0444051 0.998432 0.821301
0.319574 -0.937688 -0.136436 0.137357 0.947094 0.311566 0.077069 -0.758872 -0.0297578 -0.153847 0.987646 0.503453
-0.22828 0.970896 -0.0724592 2.01876 -0.97359 -0.227389 0.0204143 -0.275659 0.00334371 0.0752058 0.997162 0.52824
0.120419 -0.992667 -0.0105457 0.722907 0.992338 0.120662 -0.0265641 -0.826147 0.0276417 -0.00726614 0.999591 0.405322
-0.0298098 0.999441 -0.0151703 2.19444 -0.999277 -0.0301566 -0.0231736 0.155083 -0.0236181 0.0144686 0.999616 0.460322
0.0654508 -0.997642 -0.0206788 0.677595 0.99777 0.0657031 -0.0117673 -1.0587 0.0130982 -0.0198625 0.999717 0.502081
-0.126614 0.991506 0.0297602 2.88836 -0.985257 -0.129182 0.112163 -0.113851 0.115055 -0.01512 0.993244 0.528494
0.204475 -0.978395 0.0305591 0.589469 0.969315 0.206732 0.133002 -0.747188 -0.136446 0.0024258 0.990645 0.668607
-0.288105 0.950766 0.114193 2.9549 -0.943248 -0.30233 0.137405 -0.30152 0.165164 -0.0681251 0.98391 0.365354
0.411127 -0.906774 0.0934618 0.574403 0.885093 0.421613 0.197109 -0.701251 -0.218138 0.0016855 0.975916 0.601763
-0.59071 0.805035 0.0545937 2.93974 -0.796579 -0.592608 0.11949 -0.814619 0.128546 0.0270958 0.991333 0.463675
0.718443 -0.69477 0.0336739 0.904867 0.686477 0.716012 0.126793 -0.468755 -0.112203 -0.0679771 0.991357 0.317549
-0.833416 0.545813 0.0866366 2.86935 -0.542669 -0.837905 0.0585246 -1.42028 0.104537 0.00176039 0.994519 0.262358
0.917204 -0.392226 0.0699694 1.23232 0.389129 0.919598 0.0540176 -0.240186 -0.0855308 -0.0223181 0.996085 0.312547
-0.96933 0.227659 0.092577 2.69843 -0.210448 -0.963451 0.16575 -1.65383 0.126928 0.141183 0.981813 0.379805
0.997034 -0.0731429 0.0239561 1.12768 0.0673845 0.97995 0.187501 6.8903e-05 -0.0371902 -0.185331 0.981972 0.542827
-0.992519 -0.101651 0.067631 2.00587 0.109117 -0.987022 0.117822 -1.92976 0.0547765 0.12432 0.990729 0.768588
0.973234 0.225619 0.0437178 1.16162 -0.22981 0.954181 0.191642 -0.186123 0.00152322 -0.196559 0.980491 0.580686
-0.935278 -0.353602 -0.0148886 1.71809 0.347716 -0.925922 0.14752 -1.91936 -0.0659492 0.132796 0.988947 0.904718
0.876185 0.481308 0.02534 1.30035 -0.473523 0.849826 0.231455 -0.513093 0.0898667 -0.214797 0.972515 0.489958
-0.787142 -0.616731 -0.00712824 1.42753 0.610385 -0.780597 0.13453 -1.95931 -0.0885333 0.101543 0.990884 0.593762
0.688784 0.721399 0.071827 1.59748 -0.719286 0.667646 0.192034 -0.744548 0.0905782 -0.183934 0.978756 0.427821
-0.584117 -0.810688 -0.0399019 1.59123 0.792969 -0.580462 0.185106 -1.7839 -0.173225 0.076483 0.981908 0.715461
0.446356 0.893238 0.0537779 1.41829 -0.885875 0.432585 0.167619 -0.258224 0.12646 -0.122458 0.984384 0.378183
-0.296574 -0.95358 -0.0522391 1.62258 0.941749 -0.301102 0.149822 -1.47273 -0.158596 -0.00476292 0.987332 0.660333
0.0032226 0.999067 0.0430731 1.69644 -0.988887 -0.00321834 0.148635 -0.296174 0.148635 -0.0430734 0.987953 0.631927
0.244163 -0.967969 -0.0584907 1.33326 0.949903 0.226598 0.215262 -1.01289 -0.195113 -0.108119 0.974803 1.20015
-0.456176 0.888734 0.0453433 1.77735 -0.876463 -0.457527 0.149935 -0.23683 0.153998 0.0286551 0.987655 1.83175
0.581758 -0.811942 -0.0480409 0.99563 0.803785 0.564868 0.186691 -0.800101 -0.124445 -0.147223 0.981243 2.57883
-0.759761 0.648625 0.0452731 1.56021 -0.644917 -0.760615 0.0744792 -0.471906 0.0827445 0.027389 0.996194 2.79887
0.8677 -0.494942 -0.0461492 1.37119 0.493452 0.846424 0.200181 -0.484481 -0.0600162 -0.19647 0.978671 2.97478
-0.982214 0.180866 -0.0504355 0.559227 -0.185697 -0.975461 0.118292 -0.489052 -0.0278028 0.125554 0.991697 3.03822
0.975015 0.215786 -0.0527487 1.62758 -0.201474 0.959032 0.199164 -0.885182 0.0935644 -0.18356 0.978545 3.11223
-0.826623 -0.561495 -0.037655 0.794477 0.541913 -0.812264 0.215771 -0.110667 -0.15174 0.157955 0.975718 2.89789
0.525426 0.850514 -0.0235247 1.35486 -0.8289 0.51792 0.211386 -1.33027 0.191971 -0.0915681 0.977119 3.26308
-0.0400373 -0.99813 -0.0461956 1.33496 0.966308 -0.0504424 0.252398 0.0876445 -0.254256 -0.0345338 0.96652 2.95466
-0.494349 0.863705 -0.0981461 0.341626 -0.856601 -0.464831 0.223979 -0.931499 0.147831 0.194796 0.969639 3.10551
0.906663 -0.414724 -0.0772441 1.94355 0.421495 0.882991 0.206563 -0.107714 -0.0174609 -0.219841 0.975379 2.88394
-0.959683 -0.241815 -0.143295 0.557961 0.207098 -0.952984 0.221206 -0.106005 -0.190049 0.182612 0.964642 2.64847
0.607987 0.785315 -0.116757 1.93659 -0.758735 0.618015 0.205861 -0.34144 0.233823 -0.0365735 0.971591 2.90255
-0.000175671 -0.997531 -0.0702267 1.16362 0.953694 -0.0212897 0.300024 0.905582 -0.300779 -0.0669221 0.951343 2.55598
-0.630309 0.758794 -0.16414 0.90226 -0.765492 -0.572221 0.294252 -0.298666 0.129352 0.311118 0.941527 3.00965
0.974633 -0.213912 -0.0658126 1.88489 0.223762 0.937252 0.267376 0.432267 0.0044879 -0.27532 0.961342 3.01998
-0.87597 -0.48222 0.0118562 0.318357 0.465053 -0.837749 0.286186 0.538666 -0.128072 0.256204 0.9581 3.32327
0.371189 0.922188 -0.108575 1.19976 -0.877733 0.386619 0.28304 -0.310368 0.302993 -0.00976122 0.952942 4.10421
0.26425 -0.960692 -0.0851002 0.934239 0.930532 0.230765 0.284354 1.6526 -0.253539 -0.154329 0.954935 3.81077
-0.760809 0.63473 -0.13523 0.123076 -0.641922 -0.705381 0.300624 0.339369 0.0954269 0.315524 0.944107 4.41847
0.983328 -0.0134305 -0.181345 1.87311 0.0718681 0.94478 0.319727 0.713303 0.167037 -0.327429 0.929994 4.96742
-0.746396 -0.641949 -0.175485 0.286777 0.565628 -0.750867 0.340975 1.98415 -0.350655 0.155243 0.923548 4.27278
0.105652 0.981695 -0.158469 0.250914 -0.943402 0.149334 0.29613 0.0619504 0.314375 0.118213 0.94191 4.96223
0.624908 -0.763135 -0.164668 1.8577 0.761845 0.550022 0.342152 1.90889 -0.170537 -0.339265 0.925103 4.40335
-0.981262 0.0936957 -0.168361 -0.446672 -0.142557 -0.940892 0.307247 1.66451 -0.129621 0.325491 0.936618 3.85524
0.754521 0.629601 -0.185201 1.45094 -0.5601 0.76485 0.318264 0.240458 0.342031 -0.136406 0.929735 4.60184
-0.0616515 -0.980557 -0.186298 0.58325 0.947126 -0.116361 0.299021 1.8559 -0.314885 -0.158013 0.935884 3.68538
-0.718215 0.6637 -0.208971 -0.100767 -0.690416 -0.642375 0.332688 -0.101398 0.0865672 0.383218 0.919592 3.99342
0.963896 0.109757 -0.242607 1.60525 -0.00843244 0.923224 0.384171 0.566437 0.266146 -0.368255 0.890816 3.92301
-0.563594 -0.792303 -0.233706 0.31728 0.689078 -0.606959 0.395946 1.07285 -0.455558 0.062111 0.888036 3.07967
-0.229174 0.946578 -0.226869 0.451429 -0.911134 -0.126597 0.392184 -0.32582 0.342512 0.296587 0.891471 3.45817
0.818868 -0.485594 -0.30603 1.42838 0.573261 0.718627 0.393634 0.692293 0.0287752 -0.49777 0.866831 3.11967
-0.944371 -0.205433 -0.256826 0.0740702 0.114928 -0.937817 0.327554 0.493544 -0.308147 0.279816 0.909257 2.72096
0.54157 0.824069 -0.166169 1.44871 -0.717879 0.556206 0.418672 -0.301532 0.437439 -0.10745 0.892805 3.09456
0.137253 -0.958044 -0.251623 0.929252 0.92126 0.0301351 0.38778 1.09607 -0.363928 -0.285034 0.886742 2.03796
-0.71008 0.676803 -0.194228 0.959585 -0.70122 -0.6547 0.282241 -0.537036 0.0638603 0.33661 0.939476 2.38471
0.99537 -0.0358047 -0.0891974 2.33391 0.074335 0.875071 0.478254 0.727008 0.0609303 -0.48267 0.87368 1.68531
-0.744386 -0.629281 -0.223372 0.522308 0.502253 -0.74808 0.433726 0.754476 -0.440036 0.210671 0.872918 0.985504
0.0606161 0.98957 -0.130682 1.60544 -0.907063 0.109254 0.406572 -0.64057 0.416609 0.0938925 0.904224 1.63612
0.682064 -0.711502 -0.168976 1.9936 0.698258 0.564967 0.4396 1.01226 -0.217311 -0.417825 0.882155 0.718518
-0.989631 0.0131086 -0.143036 0.317441 -0.0688875 -0.917142 0.392563 -0.274218 -0.126038 0.398346 0.908534 0.838168
0.63746 0.768845 -0.0502144 2.32492 -0.689304 0.598203 0.408675 -0.882784 0.344246 -0.225901 0.911297 1.08198
0.155133 -0.981106 -0.11561 1.46183 0.880149 0.0841177 0.467185 0.832737 -0.448633 -0.17423 0.876568 0.0335197
-0.834597 0.548477 -0.0511922 0.647692 -0.512729 -0.739487 0.436199 -0.947969 0.201389 0.390298 0.898392 0.829475
0.961377 0.27034 -0.051672 2.58677 -0.187056 0.779476 0.597853 -0.429469 0.201901 -0.565096 0.799938 0.547639
-0.45813 -0.872347 -0.170667 0.895469 0.721613 -0.47711 0.501639 0.265982 -0.519031 0.10666 0.848074 -0.225908
-0.314895 0.948977 -0.0168816 1.3154 -0.84092 -0.270703 0.468588 -1.41624 0.440109 0.161752 0.883255 0.643635
0.912236 -0.406269 -0.0526453 2.18687 0.366119 0.750851 0.549709 -0.249365 -0.183801 -0.520739 0.833695 -0.132567
-0.910453 -0.408067 -0.0675095 0.36541 0.308277 -0.778303 0.547001 -0.651853 -0.275756 0.477207 0.834405 -0.0992929
0.275273 0.959199 -0.0645094 2.27758 -0.815986 0.268599 0.511881 -2.01048 0.508323 -0.0882681 0.85663 0.801386
0.55965 -0.82764 -0.0424721 2.11719 0.709673 0.452154 0.540299 0.543836 -0.427969 -0.332519 0.8404 -0.994616
-0.992645 0.0556505 -0.107509 -0.229808 -0.1042 -0.844843 0.524769 -1.32052 -0.0616242 0.532112 0.844428 -0.424235
0.626109 0.768114 -0.134125 2.76314 -0.616035 0.592738 0.518809 -1.80803 0.478005 -0.242205 0.844302 0.0614313
0.251982 -0.948541 -0.191768 1.37171 0.831466 0.110816 0.544412 0.582808 -0.495146 -0.296631 0.816602 -2.15891
-0.928243 0.319071 -0.191202 -0.178202 -0.371844 -0.782364 0.49964 -2.29862 0.00983133 0.534884 0.844868 -1.04383
0.781752 0.610767 -0.125805 3.07028 -0.485259 0.722534 0.492412 -2.20663 0.391648 -0.323895 0.861222 -0.955451
-0.00215906 -0.991041 -0.133542 1.32068 0.869875 -0.067734 0.488601 -0.259168 -0.493269 -0.11511 0.862226 -2.71087
-0.809856 0.577273 -0.104347 0.396269 -0.54862 -0.682321 0.483173 -2.82057 0.207725 0.448547 0.869284 -1.76191
0.924102 0.369356 -0.0980392 3.05993 -0.249411 0.777313 0.577564 -2.36617 0.289534 -0.509275 0.810437 -2.14002
-0.165856 -0.961167 -0.220569 1.47836 0.818427 -0.25894 0.51296 -1.07398 -0.550154 -0.0954419 0.829591 -3.79734
-0.76674 0.640374 -0.0450709 0.49921 -0.593907 -0.680948 0.428469 -3.25857 0.243689 0.355292 0.902431 -3.31463
0.911116 0.411134 -0.0289351 2.90443 -0.317488 0.744886 0.586812 -3.62464 0.262811 -0.525466 0.809206 -3.62037
-0.0177481 -0.976035 -0.21689 2.30541 0.845115 -0.130563 0.518396 -2.02133 -0.53429 -0.174096 0.827178 -5.47429
-0.910312 0.404168 -0.0893341 0.470167 -0.402136 -0.812407 0.422236 -3.72704 0.0980786 0.420291 0.902073 -5.46859
0.671702 0.736911 -0.0760176 2.55724 -0.583521 0.589505 0.55856 -5.10462 0.456421 -0.330828 0.825973 -5.01149
0.512586 -0.848279 -0.132958 3.31279 0.744023 0.361516 0.561905 -3.15404 -0.428585 -0.386948 0.816446 -6.82851
-0.949138 -0.292493 -0.116559 0.555717 0.182703 -0.813116 0.552687 -3.55749 -0.256433 0.503281 0.825197 -7.2886
-0.0759715 0.991097 -0.109342 0.992678 -0.802499 0.00430877 0.596639 -5.94541 0.591798 0.133074 0.795025 -5.83275
0.977059 -0.116749 -0.178118 3.80689 0.203334 0.760112 0.61716 -5.05587 0.0633371 -0.639219 0.766412 -6.4194
-0.307108 -0.929262 -0.205321 2.40083 0.750824 -0.369154 0.547713 -3.36268 -0.584764 0.0140474 0.811082 -8.40979
-0.887043 0.452912 -0.0895815 0.223243 -0.425725 -0.727328 0.538287 -5.64845 0.178641 0.515621 0.837986 -7.62113
0.561291 0.827019 -0.0314859 2.57725 -0.641658 0.458885 0.614574 -7.23452 0.522712 -0.324751 0.788231 -6.79475
0.726407 -0.680161 -0.0985605 4.38349 0.584241 0.535609 0.609744 -5.48134 -0.361933 -0.500505 0.786446 -8.37917
-0.766325 -0.628787 -0.131808 1.25242 0.475584 -0.693149 0.541632 -4.97595 -0.431934 0.35238 0.830217 -9.64218
-0.552435 0.831127 -0.0635903 0.59201 -0.717923 -0.435649 0.542952 -7.80342 0.423558 0.345599 0.837352 -8.27968
0.880267 0.470616 -0.0604275 3.78577 -0.340807 0.715733 0.609572 -8.31865 0.330124 -0.515991 0.790424 -8.1298
0.37603 -0.915864 -0.140697 4.00601 0.76862 0.223495 0.599395 -5.99137 -0.517519 -0.333532 0.78799 -10.368
-0.954395 -0.269937 -0.127532 0.871769 0.167193 -0.837168 0.520766 -6.5763 -0.24734 0.475694 0.844119 -10.9571
-0.175133 0.983237 -0.0507208 1.38954 -0.830821 -0.11995 0.54346 -9.42292 0.528266 0.137318 0.837901 -9.5297
0.994917 0.020988 -0.0984829 4.52502 0.0395367 0.81807 0.573759 -9.12657 0.092608 -0.574736 0.813081 -9.7072
-0.11215 -0.986152 -0.122177 3.62491 0.786238 -0.163251 0.59597 -6.82435 -0.607661 -0.0292224 0.793657 -11.7733
-0.961132 0.241073 -0.134571 0.700042 -0.273966 -0.772427 0.572975 -8.57386 0.0341829 0.587572 0.808449 -11.2331
0.373345 0.924051 -0.0821142 3.31521 -0.782766 0.361289 0.506704 -10.7208 0.497887 -0.124899 0.8582 -9.90958
0.817906 -0.564525 -0.111091 4.60223 0.533393 0.671607 0.514235 -8.49128 -0.215689 -0.47985 0.850424 -11.3072
-0.722775 -0.682004 -0.111658 1.53309 0.554395 -0.668664 0.495516 -8.24468 -0.412605 0.296244 0.861391 -12.0753
-0.509621 0.855008 -0.0961611 1.41219 -0.77699 -0.40933 0.478264 -11.1039 0.369557 0.318449 0.872935 -10.5791
0.939993 0.318389 -0.122644 4.58892 -0.218519 0.837846 0.500265 -10.3748 0.262035 -0.443445 0.857142 -10.6777
0.0874485 -0.972067 -0.217805 3.49073 0.893951 -0.0198975 0.447724 -7.5911 -0.439551 -0.23386 0.867239 -12.5812
-0.973557 0.174263 -0.147712 0.586101 -0.219279 -0.894176 0.390343 -9.48099 -0.0640581 0.412411 0.908742 -12.4357
0.402195 0.91181 -0.0827101 3.00807 -0.78672 0.390395 0.478189 -11.6373 0.468307 -0.127256 0.874353 -11.2161
0.774693 -0.602811 -0.190969 4.78994 0.603616 0.61499 0.507383 -8.98776 -0.188412 -0.508338 0.840293 -12.5659
-0.785835 -0.592062 -0.178675 1.6036 0.470908 -0.760138 0.447701 -8.41616 -0.400885 0.267679 0.876149 -13.6647
-0.384344 0.915849 -0.116189 1.37434 -0.834478 -0.290817 0.468052 -11.4944 0.394875 0.276851 0.876028 -12.1989
0.978982 0.148066 -0.140253 4.58041 -0.0569565 0.85882 0.509102 -10.9297 0.195833 -0.490413 0.849201 -12.1472
