1 0 0 0 0 1 0 0 0 0 1 0
0.999997 0.0011553 -0.0020502 -1.94954 -0.00116275 0.999993 -0.00363782 -0.0851177 0.00204598 0.00364019 0.999991 -0.00134907
0.999997 -0.000390888 0.00262086 -3.87539 0.000395103 0.999999 -0.00160808 -0.215338 -0.00262023 0.00160911 0.999995 -0.0840139
0.999998 -0.00167133 0.00133484 -5.83771 0.00167264 0.999998 -0.000976965 -0.326062 -0.0013332 0.000979196 0.999999 -0.0810373
0.999981 -0.00474163 -0.00392153 -7.81797 0.00474454 0.999988 0.000732206 -0.429651 0.00391801 -0.000750798 0.999992 -0.120199
0.999962 -0.00865172 0.00136646 -9.78537 0.00864708 0.999957 0.00336711 -0.581837 -0.00139553 -0.00335516 0.999994 -0.152178
0.999936 -0.0112273 0.00147239 -11.7681 0.0112239 0.999934 0.00225983 -0.7171 -0.00149766 -0.00224316 0.999996 -0.182716
0.99991 -0.0134056 0.000986926 -13.7367 0.0134051 0.99991 0.000503657 -0.861814 -0.000993589 -0.000490382 1 -0.16895
0.999903 -0.0139208 0.00033588 -15.7239 0.0139205 0.999903 0.000903997 -0.999358 -0.000348432 -0.000899233 1 -0.206106
0.999909 -0.0134799 -0.000155427 -17.6965 0.0134801 0.999908 0.00133108 -1.15597 0.00013747 -0.00133306 0.999999 -0.250898
0.999921 -0.0126015 -0.00025419 -19.72 0.0126019 0.99992 0.00136153 -1.3007 0.000237012 -0.00136462 0.999999 -0.275265
0.999937 -0.0112234 0.000370214 -21.7313 0.0112226 0.999935 0.00213008 -1.43226 -0.000394096 -0.00212579 0.999998 -0.328457
0.999947 -0.0103141 0.000764674 -23.7644 0.010312 0.999943 0.00271457 -1.57221 -0.000792629 -0.00270654 0.999996 -0.377469
0.999959 -0.00911973 -0.000343532 -25.8401 0.00912033 0.999957 0.00180827 -1.71788 0.000327027 -0.00181132 0.999998 -0.394982
0.999966 -0.00784144 0.00272246 -27.8692 0.00784318 0.999969 -0.000629818 -1.86803 -0.00271744 0.000651149 0.999996 -0.442809
0.999971 -0.00547556 0.0053743 -29.9272 0.00549649 0.999977 -0.00388813 -2.01991 -0.00535289 0.00391756 0.999978 -0.455912
0.999948 -0.00337152 0.00961279 -31.9965 0.00341956 0.999982 -0.0049852 -2.1381 -0.00959581 0.00501782 0.999941 -0.494314
0.999992 -0.000613088 0.00399934 -34.0846 0.000641089 0.999975 -0.00700306 -2.2566 -0.00399495 0.00700557 0.999968 -0.512775
0.999989 0.00222486 0.00417396 -36.1841 -0.00219676 0.999975 -0.00672416 -2.35654 -0.00418882 0.00671492 0.999969 -0.55282
0.999963 0.00320513 0.00796519 -38.3182 -0.00318051 0.99999 -0.00310219 -2.47064 -0.00797505 0.00307674 0.999964 -0.581524
0.99998 0.00341608 0.00533494 -40.4538 -0.0034078 0.999993 -0.00156131 -2.59746 -0.00534024 0.0015431 0.999985 -0.585246
0.999984 0.00171361 0.00550935 -42.5736 -0.00171123 0.999998 -0.000436296 -2.69727 -0.00551009 0.000426862 0.999985 -0.635729
0.999981 -0.00146853 0.00602194 -44.7167 0.00147059 0.999999 -0.000337292 -2.82112 -0.00602144 0.000346142 0.999982 -0.668523
0.999962 -0.00600841 0.00630646 -46.8467 0.00601943 0.99998 -0.00172986 -2.95319 -0.00629595 0.00176776 0.999979 -0.675581
0.999919 -0.0109679 0.00643977 -49.0001 0.0109764 0.999939 -0.00128622 -3.09907 -0.00642527 0.00135681 0.999978 -0.706704
0.999843 -0.0159572 0.00779167 -51.1535 0.0159876 0.999865 -0.00384329 -3.25888 -0.00772929 0.00396725 0.999962 -0.711618
0.999762 -0.0195912 0.00964262 -53.3165 0.0196443 0.999792 -0.00544104 -3.42988 -0.00953402 0.00562917 0.999939 -0.7209
0.999703 -0.0225202 0.00929585 -55.5223 0.0225744 0.999728 -0.00577697 -3.60715 -0.00916322 0.0059851 0.99994 -0.723119
0.99968 -0.0227613 0.0110213 -57.7134 0.0228287 0.999721 -0.00603586 -3.78472 -0.0108809 0.00628553 0.999921 -0.755249
0.999681 -0.0215261 0.0132628 -59.8996 0.0216588 0.999716 -0.00994084 -3.96605 -0.013045 0.0102249 0.999863 -0.760885
0.999755 -0.0197606 0.0100019 -62.1079 0.0198868 0.999722 -0.0126826 -4.14058 -0.00974849 0.0128784 0.99987 -0.758999
0.999779 -0.0171486 0.0121578 -64.2998 0.0172942 0.999779 -0.0119776 -4.31031 -0.0119497 0.0121852 0.999854 -0.760097
0.999847 -0.014607 0.00963982 -66.5368 0.0146945 0.999851 -0.00906791 -4.46787 -0.00950592 0.00920818 0.999912 -0.762385
0.999832 -0.0130551 0.0128948 -68.778 0.0131456 0.999889 -0.0069651 -4.61411 -0.0128025 0.00713344 0.999893 -0.802769
0.99975 -0.0122886 0.018719 -70.9903 0.0124348 0.999893 -0.00771046 -4.77457 -0.0186223 0.0079413 0.999795 -0.795883
0.999788 -0.0128886 0.0160684 -73.2444 0.0131203 0.99981 -0.0144006 -4.95223 -0.0158797 0.0146083 0.999767 -0.803177
0.999718 -0.0169448 0.0166749 -75.4887 0.0171932 0.999742 -0.0148675 -5.12239 -0.0164186 0.01515 0.99975 -0.812167
0.999648 -0.0216702 0.0153219 -77.7236 0.0218904 0.999657 -0.0143556 -5.28684 -0.0150055 0.014686 0.99978 -0.804135
0.999532 -0.0264831 0.0153096 -79.9659 0.0266181 0.999608 -0.00868732 -5.46488 -0.0150735 0.00909077 0.999845 -0.812882
0.999511 -0.02909 0.0114781 -82.2139 0.0291614 0.999556 -0.00609546 -5.65291 -0.0112957 0.0064272 0.999916 -0.810648
0.99935 -0.0313627 0.0177873 -84.4584 0.0314638 0.99949 -0.00543584 -5.86251 -0.0176077 0.00599196 0.999827 -0.854131
0.999348 -0.0321135 0.0165368 -86.7125 0.0322439 0.999451 -0.00768465 -6.0601 -0.0162809 0.00821284 0.999834 -0.861295
0.999354 -0.0328937 0.014494 -88.9806 0.0329929 0.999433 -0.00666152 -6.29498 -0.0142666 0.00713542 0.999873 -0.854212
0.999346 -0.0329986 0.01483 -91.228 0.0330586 0.999446 -0.00382035 -6.48667 -0.0146957 0.00430811 0.999883 -0.852793
0.999261 -0.0335176 0.0188341 -93.4747 0.0335765 0.999432 -0.00282548 -6.67446 -0.0187287 0.00345578 0.999819 -0.83534
0.999218 -0.0335316 0.0209683 -95.7237 0.033587 0.999433 -0.0022966 -6.87835 -0.0208794 0.00299907 0.999777 -0.785909
0.999214 -0.0332625 0.0215748 -97.9475 0.0333029 0.999444 -0.00151618 -7.09639 -0.0215123 0.00223349 0.999766 -0.784449
0.999123 -0.0345085 0.0237326 -100.209 0.0345274 0.999404 -0.000388778 -7.29698 -0.0237051 0.00120787 0.999718 -0.824015
0.999045 -0.0356161 0.0253197 -102.457 0.0356324 0.999365 -0.000195024 -7.50754 -0.0252967 0.00109705 0.999679 -0.801133
0.998867 -0.0373625 0.0294761 -104.716 0.0374411 0.999297 -0.00211906 -7.73495 -0.0293762 0.00322028 0.999563 -0.759935
0.998676 -0.0395227 0.032938 -106.97 0.039632 0.999211 -0.00267233 -7.94961 -0.0328064 0.00397419 0.999454 -0.735972
0.998485 -0.0406238 0.0371276 -109.197 0.0407574 0.999165 -0.00285056 -8.18207 -0.0369808 0.00435947 0.999306 -0.703455
0.998366 -0.0425766 0.0381075 -111.457 0.0426583 0.999089 -0.0013347 -8.38989 -0.0380159 0.00295812 0.999273 -0.66457
0.998407 -0.0431296 0.0363695 -113.689 0.0432056 0.999065 -0.00130587 -8.61236 -0.0362792 0.00287516 0.999337 -0.637525
0.9982 -0.0432553 0.0415546 -115.92 0.0433392 0.99906 -0.00111959 -8.84846 -0.0414671 0.00291852 0.999136 -0.579097
0.998194 -0.0434356 0.0414945 -118.149 0.0435284 0.999051 -0.00133592 -9.07815 -0.0413971 0.0031397 0.999138 -0.502723
0.998044 -0.0440518 0.0443601 -120.354 0.0441156 0.999026 -0.000459724 -9.30402 -0.0442966 0.0024158 0.999016 -0.4527
0.997916 -0.0448189 0.0464205 -122.568 0.0449189 0.99899 -0.00111388 -9.51555 -0.0463237 0.00319672 0.998921 -0.356632
0.997803 -0.0452857 0.0483676 -124.767 0.0453792 0.998969 -0.000837056 -9.72558 -0.0482799 0.0030301 0.998829 -0.298143
0.997722 -0.0461026 0.0492425 -127.002 0.0463079 0.998923 -0.00303597 -9.96215 -0.0490495 0.00530938 0.998782 -0.179059
0.997687 -0.0464681 0.049615 -129.214 0.0466608 0.998907 -0.00273217 -10.2084 -0.0494338 0.00504093 0.998765 -0.122706
0.997591 -0.046372 0.0515916 -131.404 0.0466006 0.998908 -0.00323663 -10.4284 -0.0513852 0.00563303 0.998663 -0.0345036
0.997545 -0.046957 0.0519482 -133.608 0.0472283 0.998876 -0.00400602 -10.6712 -0.0517017 0.00644961 0.998642 0.0617203
0.997539 -0.0485407 0.0505907 -135.802 0.0488632 0.998792 -0.00515543 -10.896 -0.0502793 0.00761477 0.998706 0.15869
0.997434 -0.0495817 0.0516429 -137.964 0.0498874 0.998744 -0.00464772 -11.1281 -0.0513476 0.00721213 0.998655 0.24677
0.997274 -0.049481 0.0547426 -140.09 0.0497775 0.998752 -0.00406495 -11.3505 -0.0544731 0.00677882 0.998492 0.343799
0.997191 -0.0492125 0.0564662 -142.217 0.049595 0.998755 -0.00539185 -11.577 -0.0561305 0.00817715 0.99839 0.427747
0.997188 -0.0493606 0.0563902 -144.335 0.0497749 0.998743 -0.0059651 -11.8003 -0.0560248 0.00875515 0.998391 0.513717
0.997103 -0.0500372 0.0572842 -146.437 0.0504744 0.998706 -0.00620882 -12.0315 -0.0568994 0.00908222 0.998338 0.594798
0.996938 -0.0503258 0.0598515 -148.508 0.0507421 0.998697 -0.00545486 -12.2496 -0.059499 0.00847515 0.998192 0.681835
0.996871 -0.0504338 0.0608662 -150.568 0.0509019 0.998685 -0.00616242 -12.4739 -0.0604753 0.00924135 0.998127 0.793474
0.996713 -0.0513548 0.0626599 -152.603 0.0518716 0.998632 -0.00664838 -12.6908 -0.0622328 0.0098768 0.998013 0.891229
0.996603 -0.0518112 0.0640158 -154.631 0.0523286 0.998609 -0.00643155 -12.9008 -0.0635935 0.00975956 0.997928 1.01292
0.99651 -0.05209 0.0652238 -156.625 0.0526537 0.998589 -0.00695179 -13.1297 -0.0647696 0.0103618 0.997846 1.1107
0.996426 -0.0529156 0.0658449 -158.619 0.0534639 0.998548 -0.00659134 -13.373 -0.0654005 0.0100881 0.997808 1.21516
0.996155 -0.0541206 0.0688968 -160.584 0.0546033 0.998495 -0.00514038 -13.5695 -0.0685149 0.00888261 0.99761 1.32502
0.996107 -0.0559846 0.0680973 -162.537 0.0563434 0.998406 -0.00335687 -13.8008 -0.0678008 0.00718063 0.997673 1.4134
0.995815 -0.0587022 0.0700445 -164.495 0.0591378 0.998241 -0.00415955 -14.0255 -0.0696771 0.00828443 0.997535 1.52511
0.99564 -0.0606383 0.0708822 -166.438 0.0610247 0.998131 -0.00329604 -14.2536 -0.0705498 0.00760723 0.997479 1.63041
0.995482 -0.061864 0.0720355 -168.354 0.0624038 0.998037 -0.00526502 -14.4919 -0.0715684 0.00973652 0.997388 1.74289
0.995534 -0.062755 0.0705199 -170.271 0.0633563 0.997971 -0.00631998 -14.72 -0.0699802 0.0107596 0.99749 1.86043
0.995223 -0.0641444 0.0736029 -172.183 0.0646901 0.997892 -0.00505259 -14.9794 -0.0731237 0.00978984 0.997275 1.95797
0.994998 -0.0663468 0.0746739 -174.078 0.06694 0.997742 -0.00546621 -15.2096 -0.0741426 0.0104375 0.997193 2.05978
0.994985 -0.0689848 0.0724248 -175.965 0.0696059 0.997556 -0.00608517 -15.4413 -0.071828 0.0110959 0.997355 2.18352
0.994799 -0.0717843 0.0722606 -177.86 0.0725016 0.997341 -0.00735028 -15.6893 -0.0715408 0.0125511 0.997359 2.28661
0.994171 -0.0743625 0.0780641 -179.748 0.0750335 0.997165 -0.00569414 -15.938 -0.0774193 0.0115184 0.996932 2.38936
0.993767 -0.076278 0.081296 -181.611 0.0772139 0.996979 -0.00842636 -16.2152 -0.0804076 0.014651 0.996654 2.50029
0.993582 -0.0787049 0.0812463 -183.496 0.0797854 0.996761 -0.0101356 -16.4806 -0.0801854 0.0165528 0.996642 2.61648
0.993243 -0.0808302 0.0832715 -185.358 0.0819408 0.996587 -0.0100016 -16.7376 -0.0821789 0.0167574 0.996477 2.73199
0.993195 -0.0833512 0.08134 -187.21 0.084339 0.996399 -0.00877977 -17.0098 -0.0803152 0.0155802 0.996648 2.86472
0.992981 -0.0856016 0.0816171 -189.076 0.0863695 0.996246 -0.0059194 -17.2784 -0.0808039 0.0129271 0.996646 2.99777
0.992944 -0.0870994 0.0804715 -190.922 0.0875861 0.996154 -0.00253246 -17.5295 -0.0799414 0.00956279 0.996754 3.09199
0.99299 -0.0874567 0.079512 -192.756 0.0876056 0.996154 0.00162059 -17.7932 -0.079348 0.00535647 0.996832 3.1992
0.992868 -0.0881487 0.0802741 -194.573 0.0882162 0.996098 0.00271131 -18.056 -0.0801998 0.00438951 0.996769 3.33461
0.992535 -0.0884688 0.083947 -196.367 0.0886717 0.99606 0.00131484 -18.3465 -0.0837326 0.00613871 0.996469 3.48935
0.992142 -0.0898328 0.087086 -198.162 0.0901874 0.995925 -0.000137888 -18.6095 -0.0867187 0.00799087 0.996201 3.59756
0.991703 -0.0908007 0.0910009 -199.943 0.0913411 0.995818 -0.00178417 -18.8848 -0.0904583 0.0100815 0.995849 3.73767
0.991836 -0.0904625 0.0898804 -201.703 0.0912447 0.995818 -0.00462396 -19.1507 -0.0890862 0.0127873 0.995942 3.87893
0.991861 -0.0901992 0.0898664 -203.459 0.0909782 0.995842 -0.00460288 -19.413 -0.0890775 0.0127413 0.995943 4.04736
0.991844 -0.0879697 0.0922379 -205.186 0.0888364 0.996032 -0.00532583 -19.6707 -0.0914034 0.0134765 0.995723 4.20128
0.99157 -0.0870468 0.0959743 -206.84 0.0880802 0.996092 -0.00657649 -19.9351 -0.0950267 0.0149745 0.995362 4.34615
0.991347 -0.0879618 0.0974374 -208.447 0.0888184 0.996038 -0.00448039 -20.1639 -0.0966572 0.0130959 0.995232 4.41012
0.991236 -0.0895435 0.0971276 -210.012 0.0905726 0.99587 -0.00623031 -20.3905 -0.0961686 0.0149728 0.995252 4.53684
0.990825 -0.0910199 0.0999103 -211.513 0.092167 0.995719 -0.00691715 -20.6285 -0.098853 0.0160621 0.994972 4.66271
0.990435 -0.0915606 0.103227 -212.952 0.0927038 0.995673 -0.00632242 -20.8393 -0.102202 0.0158315 0.994638 4.81762
0.990512 -0.0918408 0.102229 -214.329 0.0929784 0.995647 -0.00640941 -21.0672 -0.101195 0.0158537 0.99474 4.93245
0.990486 -0.0918294 0.102492 -215.682 0.0929166 0.995656 -0.00587404 -21.2683 -0.101507 0.0153414 0.994716 5.05366
0.990245 -0.0932873 0.1035 -216.978 0.0943767 0.99552 -0.00566867 -21.4743 -0.102508 0.0153814 0.994613 5.1735
0.989999 -0.0953451 0.10398 -218.21 0.0964596 0.99532 -0.00573182 -21.6736 -0.102947 0.0157044 0.994563 5.2779
0.989897 -0.0981095 0.102362 -219.426 0.099173 0.995056 -0.0053404 -21.8807 -0.101332 0.015438 0.994733 5.37371
0.989828 -0.0987628 0.102403 -220.557 0.0998081 0.994993 -0.00512233 -22.0578 -0.101385 0.0152909 0.99473 5.48424
0.989508 -0.100018 0.104261 -221.651 0.101051 0.99487 -0.00466598 -22.2276 -0.103259 0.0151527 0.994539 5.59135
0.989406 -0.100617 0.104652 -222.66 0.101617 0.994814 -0.00425259 -22.3871 -0.103681 0.0148419 0.9945 5.67432
0.989031 -0.102293 0.106555 -223.604 0.103154 0.994662 -0.00259474 -22.5531 -0.10572 0.0135579 0.994303 5.75284
0.988449 -0.105636 0.108671 -224.51 0.106378 0.994325 -0.00104053 -22.6968 -0.107945 0.0125888 0.994077 5.83639
0.987988 -0.108837 0.109702 -225.413 0.109611 0.993974 -0.00103701 -22.8511 -0.108928 0.0130491 0.993964 5.92811
0.987186 -0.112999 0.112669 -226.296 0.113915 0.993489 -0.00170638 -23.0128 -0.111742 0.0145192 0.993631 6.01315
0.986524 -0.117467 0.113897 -227.188 0.118092 0.993002 0.001273 -23.1774 -0.113249 0.0121944 0.993492 6.08147
0.98636 -0.118361 0.114385 -228.023 0.118925 0.992901 0.00190303 -23.3204 -0.113799 0.0117262 0.993435 6.16948
0.986498 -0.118213 0.113344 -228.874 0.118705 0.992926 0.0024187 -23.4637 -0.112828 0.0110685 0.993553 6.21388
0.986785 -0.115309 0.113838 -229.707 0.115785 0.993271 0.00244511 -23.5993 -0.113353 0.0107679 0.993496 6.30793
0.987259 -0.111571 0.113456 -230.549 0.111878 0.993715 0.0036776 -23.7381 -0.113153 0.00906252 0.993536 6.38194
0.987298 -0.109872 0.114769 -231.374 0.110004 0.993917 0.00520265 -23.9002 -0.114642 0.00748839 0.993379 6.43688
0.986982 -0.111797 0.11562 -232.193 0.112047 0.993693 0.00435399 -24.0481 -0.115377 0.00865751 0.993284 6.5263
0.98611 -0.116625 0.118264 -233.014 0.116884 0.993134 0.00476814 -24.1855 -0.118008 0.0091212 0.992971 6.61024
0.985549 -0.119447 0.12011 -233.432 0.119578 0.992806 0.00613716 -24.266 -0.119979 0.00831411 0.992742 6.65059
