1 0 0 0 0 1 0 0 0 0 1 0
0.999989 0.00363395 -0.00280895 -2.71806 -0.00362542 0.999989 0.00303318 -0.0991912 0.00281994 -0.00302297 0.999991 -0.0808817
0.99996 0.00771075 -0.00457492 -5.45145 -0.00769886 0.999967 0.00261174 -0.194772 0.00459491 -0.00257641 0.999986 -0.15228
0.999924 0.0119997 -0.00292036 -8.19151 -0.0119903 0.999923 0.00323777 -0.276206 0.00295899 -0.00320251 0.999991 -0.233302
0.999886 0.0139345 -0.00573359 -10.9193 -0.0138901 0.999874 0.00770585 -0.34415 0.00584024 -0.00762533 0.999954 -0.304404
0.999901 0.0139482 -0.00162637 -13.6451 -0.0139345 0.99987 0.00814961 -0.418563 0.00173983 -0.00812614 0.999965 -0.354165
0.999927 0.012068 -0.000627136 -16.3758 -0.0120629 0.999898 0.00764672 -0.496286 0.000719353 -0.0076386 0.999971 -0.403858
0.999967 0.00741599 0.00313994 -19.1081 -0.00744005 0.999942 0.00772125 -0.578547 -0.0030825 -0.00774436 0.999965 -0.438179
0.999998 0.00178493 2.74619e-05 -21.8373 -0.00178511 0.999957 0.00903114 -0.688765 -1.13405e-05 -0.00903117 0.999959 -0.505278
0.999991 -0.00393446 0.00133225 -24.5715 0.00392238 0.999952 0.00894786 -0.798591 -0.00136739 -0.00894255 0.999959 -0.572904
0.999954 -0.00946388 0.00145955 -27.309 0.00945004 0.999913 0.00921472 -0.93219 -0.00154662 -0.0092005 0.999956 -0.641096
0.999896 -0.0139825 0.00362327 -30.0309 0.013954 0.999872 0.00778564 -1.0741 -0.00373167 -0.00773427 0.999963 -0.69411
0.999842 -0.0167855 0.00591635 -32.7603 0.0167535 0.999845 0.00541793 -1.24248 -0.00600637 -0.00531795 0.999968 -0.739898
0.999814 -0.0182877 0.00606222 -35.4961 0.0182648 0.999826 0.00380982 -1.40936 -0.00613084 -0.00369838 0.999974 -0.788948
0.999831 -0.0182585 0.00222588 -38.2397 0.0182524 0.99983 0.00270275 -1.57503 -0.00227485 -0.00266166 0.999994 -0.842586
0.999831 -0.0175568 0.00544565 -40.9692 0.0175382 0.99984 0.00344029 -1.73304 -0.00550518 -0.0033442 0.999979 -0.898625
0.99986 -0.015289 0.00670099 -43.6834 0.0152704 0.999879 0.0028194 -1.88859 -0.00674328 -0.00271668 0.999974 -0.96298
0.999932 -0.0107076 0.00453891 -46.4128 0.0106911 0.999936 0.00366096 -2.04014 -0.00457782 -0.00361218 0.999983 -1.02235
0.999976 -0.00510808 0.00472458 -49.1403 0.00508856 0.999978 0.00413479 -2.16659 -0.0047456 -0.00411065 0.99998 -1.07081
0.999989 -0.000240071 0.00457635 -51.8646 0.000229438 0.999997 0.00232324 -2.28749 -0.00457689 -0.00232216 0.999987 -1.12583
0.999982 0.00420534 0.00418267 -54.5974 -0.00421322 0.999989 0.0018764 -2.39743 -0.00417474 -0.00189399 0.99999 -1.17583
0.999967 0.00761422 0.00261 -57.3391 -0.00762499 0.999962 0.00413944 -2.49318 -0.00257839 -0.00415921 0.999988 -1.23038
0.999929 0.00980125 0.00667738 -60.0761 -0.00983064 0.999942 0.00438146 -2.58088 -0.00663405 -0.00444679 0.999968 -1.261
0.999883 0.0122614 0.00913594 -62.812 -0.0123044 0.999913 0.00466515 -2.66926 -0.00907795 -0.00477702 0.999947 -1.28957
0.999852 0.0153291 0.00773572 -65.5471 -0.0153582 0.999875 0.00372176 -2.74794 -0.0076777 -0.00384002 0.999963 -1.31655
0.999796 0.0188531 0.00721642 -68.2852 -0.0188777 0.999816 0.00335599 -2.81657 -0.00715183 -0.00349153 0.999968 -1.36221
0.999736 0.022013 0.00647814 -71.0331 -0.0220267 0.999755 0.0020539 -2.87027 -0.00643135 -0.00219605 0.999977 -1.41749
0.999663 0.0244081 0.00876802 -73.7629 -0.0244135 0.999701 0.00051486 -2.92601 -0.00875284 -0.000728744 0.999961 -1.4636
0.999607 0.0259433 0.0105648 -76.5009 -0.0259562 0.999662 0.00108193 -2.9707 -0.0105332 -0.00135573 0.999944 -1.49837
0.999606 0.0264944 0.0092627 -79.2473 -0.0265066 0.999648 0.00119764 -3.01449 -0.00922771 -0.00144269 0.999956 -1.53697
0.99961 0.0260021 0.0101499 -81.9787 -0.0259997 0.999662 -0.000364508 -3.06327 -0.010156 0.000100472 0.999949 -1.5773
0.999618 0.0250502 0.0116638 -84.7218 -0.0250576 0.999686 0.000488634 -3.1055 -0.0116479 -0.000780712 0.999932 -1.61331
0.99961 0.0238735 0.0144832 -87.452 -0.0239004 0.999713 0.00169127 -3.15168 -0.0144386 -0.00203676 0.999894 -1.63655
0.999633 0.0234187 0.013612 -90.189 -0.0234682 0.999718 0.00349342 -3.19947 -0.0135264 -0.00381159 0.999901 -1.64872
0.999622 0.0230329 0.0149704 -92.9033 -0.0231128 0.999719 0.00519115 -3.24548 -0.0148466 -0.0055352 0.999874 -1.63884
0.999591 0.0254407 0.0130333 -95.6096 -0.0254968 0.999666 0.00415723 -3.28645 -0.0129232 -0.00448784 0.999906 -1.65507
0.999478 0.029296 0.0136241 -98.3202 -0.0293465 0.999563 0.00352026 -3.32995 -0.013515 -0.00391825 0.999901 -1.6704
0.999349 0.0326778 0.0152585 -101.011 -0.0327378 0.999457 0.00369752 -3.35555 -0.0151294 -0.00419465 0.999877 -1.68962
0.999253 0.0350281 0.0163306 -103.679 -0.0351186 0.999369 0.00528975 -3.38403 -0.016135 -0.00585931 0.999853 -1.69203
0.999149 0.0364905 0.0191887 -106.346 -0.0366153 0.99931 0.00619159 -3.38701 -0.0189495 -0.00688893 0.999797 -1.70431
0.99911 0.036891 0.0204253 -108.997 -0.037019 0.999297 0.00592563 -3.3987 -0.0201924 -0.00667648 0.999774 -1.71781
0.999108 0.037648 0.0191106 -111.645 -0.0377355 0.999278 0.00423567 -3.40759 -0.0189374 -0.00495304 0.999809 -1.72346
0.999092 0.0386064 0.0180001 -114.282 -0.0387208 0.999231 0.00604668 -3.41149 -0.0177529 -0.00673817 0.99982 -1.71836
0.998997 0.039605 0.0208924 -116.926 -0.0397546 0.999186 0.00679252 -3.41144 -0.0206064 -0.00761628 0.999759 -1.72616
0.998935 0.0401367 0.0227629 -119.554 -0.0403275 0.999154 0.00798242 -3.41922 -0.0224233 -0.00889189 0.999709 -1.74469
0.998839 0.0405104 0.0260693 -122.2 -0.040644 0.999163 0.00461555 -3.4109 -0.0258605 -0.00566975 0.99965 -1.74517
0.998812 0.0400225 0.02777 -124.845 -0.0400961 0.999193 0.00209891 -3.41651 -0.0276636 -0.00320989 0.999612 -1.72842
0.998966 0.0383107 0.0244543 -127.507 -0.0383732 0.999261 0.00209393 -3.40964 -0.024356 -0.00303016 0.999699 -1.70887
0.99886 0.0379512 0.0289399 -130.148 -0.0380275 0.999274 0.00209187 -3.41544 -0.0288395 -0.00318999 0.999579 -1.70952
0.998824 0.0380574 0.0300095 -132.825 -0.0381765 0.999265 0.003408 -3.41748 -0.0298578 -0.00454965 0.999544 -1.6899
0.998922 0.0385963 0.0257695 -135.509 -0.0387066 0.999243 0.00379254 -3.42042 -0.0256037 -0.0047859 0.999661 -1.67456
0.998801 0.0385589 0.0301433 -138.184 -0.0386992 0.999242 0.00408485 -3.4302 -0.029963 -0.00524647 0.999538 -1.65373
0.998786 0.0384668 0.0307443 -140.854 -0.0386184 0.999244 0.0043541 -3.44201 -0.0305536 -0.00553611 0.999518 -1.65075
0.998869 0.0382051 0.028296 -143.53 -0.0382789 0.999265 0.00206891 -3.44647 -0.0281962 -0.00314971 0.999598 -1.63238
0.998806 0.0375533 0.0312263 -146.229 -0.0375361 0.999294 -0.00113717 -3.45663 -0.031247 -3.62941e-05 0.999512 -1.62396
0.998687 0.0379034 0.0344465 -148.931 -0.0378258 0.99928 -0.00290468 -3.4768 -0.0345318 0.0015979 0.999403 -1.58896
0.998636 0.038219 0.0355531 -151.633 -0.0381708 0.999269 -0.0020344 -3.48507 -0.0356049 0.000674543 0.999366 -1.55243
0.998607 0.0384761 0.0360866 -154.336 -0.0384963 0.999258 -0.00013761 -3.49882 -0.0360651 -0.00125178 0.999349 -1.51175
0.998567 0.0386249 0.0370177 -157.058 -0.0387338 0.999247 0.00222706 -3.49552 -0.0369038 -0.0036577 0.999312 -1.48053
0.9985 0.0388957 0.0385154 -159.785 -0.0390095 0.999236 0.00220686 -3.49598 -0.0384001 -0.00370602 0.999256 -1.44716
0.998439 0.0401494 0.0388034 -162.486 -0.0402288 0.999189 0.00126778 -3.50485 -0.0387211 -0.00282681 0.999246 -1.40084
0.998383 0.0408948 0.0394724 -165.198 -0.0409756 0.999159 0.00123889 -3.51421 -0.0393886 -0.00285429 0.99922 -1.34875
0.998433 0.0412584 0.0377859 -167.935 -0.0412907 0.999147 7.38711e-05 -3.50829 -0.0377506 -0.00163396 0.999286 -1.29802
0.998419 0.0402234 0.0392494 -170.638 -0.0401013 0.999188 -0.00389297 -3.51612 -0.0393741 0.00231287 0.999222 -1.27234
0.998382 0.0386385 0.0417055 -173.359 -0.038441 0.999245 -0.00552812 -3.52987 -0.0418877 0.00391599 0.999115 -1.20666
0.998366 0.0358305 0.0444962 -176.063 -0.035709 0.999356 -0.00352247 -3.54556 -0.0445938 0.00192781 0.999004 -1.13977
0.998365 0.03352 0.0462958 -178.784 -0.0334481 0.999437 -0.00232589 -3.55554 -0.0463478 0.00077358 0.998925 -1.04038
0.998421 0.0319184 0.0462051 -181.501 -0.0317935 0.999488 -0.00343706 -3.58109 -0.0462912 0.00196263 0.998926 -0.984642
0.998321 0.0314881 0.0486089 -184.217 -0.0312819 0.999498 -0.00499759 -3.60624 -0.0487419 0.00346863 0.998806 -0.922828
0.998409 0.030958 0.0471122 -186.93 -0.0307239 0.999511 -0.00568476 -3.63319 -0.0472652 0.00422826 0.998874 -0.862074
0.998526 0.0305217 0.0448593 -189.65 -0.0303376 0.999528 -0.00478055 -3.67484 -0.0449841 0.0034126 0.998982 -0.788449
0.998319 0.0304946 0.049281 -192.36 -0.0301921 0.99952 -0.00687205 -3.70779 -0.049467 0.00537261 0.998762 -0.709788
0.998289 0.030507 0.0498723 -195.085 -0.0302196 0.999522 -0.00650631 -3.73098 -0.050047 0.00498807 0.998735 -0.625886
0.998366 0.0300112 0.048622 -197.802 -0.0299108 0.999548 -0.00279305 -3.75539 -0.0486839 0.00133417 0.998814 -0.566653
0.99827 0.0296766 0.050752 -200.521 -0.0295089 0.999556 -0.00405138 -3.78104 -0.0508498 0.00254675 0.998703 -0.504606
0.998085 0.0295256 0.0543463 -203.229 -0.0293382 0.99956 -0.00424316 -3.82244 -0.0544477 0.00264062 0.998513 -0.41764
0.998076 0.0292811 0.0546475 -205.963 -0.0291242 0.999569 -0.00366668 -3.85625 -0.0547314 0.00206807 0.998499 -0.317876
0.998182 0.0285207 0.0530849 -208.687 -0.028319 0.999588 -0.00454884 -3.88678 -0.0531928 0.00303726 0.99858 -0.23251
0.998185 0.0284057 0.053088 -211.402 -0.0282556 0.999594 -0.00357635 -3.91782 -0.0531681 0.00206984 0.998584 -0.165068
0.998047 0.0306442 0.0544188 -214.12 -0.0301863 0.999501 -0.00921642 -3.94287 -0.0546741 0.00755574 0.998476 -0.0831757
0.997726 0.0326342 0.0589633 -216.827 -0.0322262 0.999449 -0.00785751 -3.9725 -0.0591873 0.0059395 0.998229 0.0153815
0.997729 0.0331836 0.0585938 -219.548 -0.0329845 0.999446 -0.00436128 -3.98775 -0.0587061 0.0024187 0.998273 0.119039
0.997915 0.0334318 0.0551881 -222.27 -0.0331582 0.999433 -0.00586665 -4.01688 -0.055353 0.00402449 0.998459 0.212223
0.997937 0.0317251 0.0557962 -224.996 -0.0314258 0.999486 -0.00623327 -4.0495 -0.0559653 0.00446698 0.998423 0.318964
0.99805 0.0284588 0.055539 -227.716 -0.0281437 0.999583 -0.00644901 -4.08518 -0.0556994 0.00487337 0.998436 0.424774
0.997669 0.0252456 0.0633872 -230.435 -0.0247436 0.999656 -0.00869335 -4.13048 -0.0635849 0.00710468 0.997951 0.50225
0.997714 0.0223117 0.0637772 -233.154 -0.0217745 0.999721 -0.00910584 -4.17426 -0.0639627 0.00769632 0.997923 0.612074
0.998129 0.019469 0.0579436 -235.877 -0.0188273 0.999755 -0.0115992 -4.23523 -0.0581553 0.0104866 0.998253 0.723908
0.998095 0.0173391 0.059191 -238.606 -0.0165711 0.999772 -0.0134402 -4.31184 -0.0594106 0.0124338 0.998156 0.7993
0.997864 0.0155959 0.0634218 -241.324 -0.0148394 0.999813 -0.0123804 -4.36728 -0.0636031 0.0114128 0.99791 0.90803
0.997894 0.0144033 0.0632278 -244.041 -0.0137272 0.999844 -0.0111142 -4.43273 -0.0633781 0.0102229 0.997937 1.01678
0.997822 0.0144011 0.0643522 -246.76 -0.0137477 0.999849 -0.0105858 -4.50244 -0.064495 0.00967806 0.997871 1.128
0.997734 0.014471 0.0656968 -249.48 -0.0139219 0.999864 -0.00880821 -4.58061 -0.0658154 0.00787364 0.997801 1.24405
0.997616 0.0150176 0.0673473 -252.206 -0.0145749 0.999869 -0.00705998 -4.65013 -0.0674445 0.00606158 0.997705 1.38698
0.997615 0.0151943 0.0673231 -254.924 -0.0147947 0.99987 -0.00643053 -4.7104 -0.0674121 0.00541918 0.997711 1.48268
0.99769 0.0156322 0.0661016 -257.655 -0.015333 0.99987 -0.005031 -4.78297 -0.0661716 0.00400585 0.9978 1.6087
0.997682 0.015729 0.0661912 -260.373 -0.0154974 0.999872 -0.00400995 -4.85006 -0.0662458 0.00297488 0.997799 1.72526
0.997594 0.0158359 0.0674834 -263.087 -0.015607 0.99987 -0.0039172 -4.927 -0.0675368 0.00285457 0.997713 1.84809
0.997553 0.016998 0.0677979 -265.815 -0.0166107 0.999842 -0.00627282 -4.99403 -0.0678938 0.00513132 0.99768 1.9609
0.997422 0.0179153 0.0694695 -268.534 -0.0175126 0.999826 -0.00640125 -5.0615 -0.0695721 0.00516818 0.997564 2.08065
0.997134 0.0210818 0.0726406 -271.252 -0.0207988 0.999773 -0.0046503 -5.11587 -0.0727222 0.00312615 0.997348 2.22032
0.997216 0.0253342 0.0701227 -273.987 -0.0251137 0.999676 -0.00402458 -5.16655 -0.0702021 0.00225235 0.99753 2.36114
0.99687 0.0282379 0.0738324 -276.725 -0.0279859 0.999598 -0.00444578 -5.21245 -0.0739283 0.00236561 0.997261 2.48782
0.996944 0.0295995 0.0722837 -279.458 -0.0292791 0.999556 -0.00548821 -5.24317 -0.0724141 0.00335505 0.997369 2.61433
0.99691 0.0297684 0.0726826 -282.191 -0.0293765 0.999548 -0.00645541 -5.27088 -0.072842 0.00430032 0.997334 2.75791
0.996982 0.0289773 0.0720159 -284.904 -0.0283938 0.999555 -0.00911361 -5.30606 -0.072248 0.00704132 0.997362 2.88967
0.997051 0.0283755 0.071284 -287.634 -0.0275506 0.999542 -0.0125287 -5.35141 -0.0716069 0.0105279 0.997378 3.02398
0.996918 0.027073 0.0736182 -290.348 -0.0261962 0.999574 -0.0128494 -5.39378 -0.0739348 0.0108813 0.997204 3.16982
0.996906 0.0262356 0.0740843 -293.078 -0.0256302 0.99963 -0.00911063 -5.42018 -0.0742959 0.00718366 0.997211 3.29442
0.997047 0.0264328 0.0720885 -295.815 -0.0259573 0.999635 -0.00752486 -5.46352 -0.0722612 0.00563143 0.99737 3.43588
0.996957 0.02764 0.0728781 -298.548 -0.0269298 0.99958 -0.0107108 -5.51521 -0.0731435 0.00871561 0.997284 3.56103
0.996938 0.0277121 0.0731012 -301.265 -0.0268411 0.999557 -0.0128702 -5.57696 -0.0734256 0.0108687 0.997242 3.70187
0.996883 0.0282276 0.0736632 -304.006 -0.0271807 0.999515 -0.0151759 -5.62051 -0.074056 0.0131263 0.997168 3.83306
0.99667 0.0281099 0.0765329 -306.734 -0.0269049 0.999498 -0.0167304 -5.65643 -0.0769649 0.0146156 0.996927 3.9749
0.996439 0.0279652 0.079536 -309.459 -0.0270425 0.999554 -0.0126555 -5.68903 -0.0798545 0.0104596 0.996752 4.13275
0.996704 0.0287139 0.0758568 -312.189 -0.0280447 0.999558 -0.0098733 -5.71504 -0.0761068 0.0077134 0.99707 4.29707
0.996859 0.0308701 0.0729154 -314.907 -0.0300618 0.999474 -0.0121568 -5.75316 -0.0732524 0.00992672 0.997264 4.43009
0.996689 0.0326782 0.0744436 -317.633 -0.0317878 0.999408 -0.0131149 -5.79002 -0.0748282 0.0107051 0.997139 4.57117
0.996407 0.0329338 0.0780188 -320.352 -0.0322599 0.999431 -0.00988299 -5.82075 -0.0782999 0.00733062 0.996903 4.72607
0.996499 0.0319029 0.0772611 -323.078 -0.0314293 0.999479 -0.00733793 -5.84466 -0.0774549 0.004884 0.996984 4.8915
0.996681 0.0316954 0.0749647 -325.801 -0.0312137 0.999484 -0.00758961 -5.86664 -0.0751666 0.00522452 0.997158 5.03841
0.996384 0.0304821 0.0792924 -328.528 -0.0299335 0.999519 -0.00809886 -5.90762 -0.0795012 0.0056961 0.996819 5.20739
0.996197 0.0289266 0.0821739 -331.248 -0.0285295 0.999575 -0.00600324 -5.9424 -0.0823126 0.00363605 0.9966 5.38799
0.996378 0.0274848 0.0804598 -333.982 -0.0273272 0.999622 -0.00305962 -5.97643 -0.0805135 0.00084981 0.996753 5.54189
0.996378 0.0256439 0.0810626 -336.698 -0.0255175 0.999671 -0.00259441 -6.01948 -0.0811025 0.000516511 0.996706 5.69976
0.996284 0.024781 0.0824738 -338.049 -0.0246391 0.999693 -0.00273775 -6.04306 -0.0825163 0.00069551 0.99659 5.77042
