1 0 0 0 0 1 0 0 0 0 1 0
0.999999 -0.00117704 0.000480832 -2.72306 0.00117637 0.999998 0.00138712 -0.121365 -0.000482464 -0.00138655 0.999999 -0.0546625
0.999996 -0.00184298 0.00226311 -5.45019 0.00183868 0.999996 0.00190194 -0.255475 -0.00226661 -0.00189777 0.999996 -0.111609
0.999992 -0.00307354 0.00242343 -8.20474 0.00307146 0.999995 0.000861753 -0.424671 -0.00242607 -0.000854303 0.999997 -0.154333
0.999986 -0.00523863 -0.000928059 -10.9725 0.00523657 0.999984 -0.00221048 -0.590925 0.000939624 0.00220559 0.999997 -0.216583
0.999981 -0.00597667 0.00131227 -13.7066 0.00598027 0.999978 -0.00275989 -0.740856 -0.00129575 0.00276769 0.999995 -0.246769
0.999981 -0.00606182 -0.000894918 -16.4204 0.00605447 0.99995 -0.0079929 -0.845865 0.000943324 0.00798734 0.999968 -0.214179
0.999993 -0.00386447 -0.000362417 -19.1364 0.00385977 0.999919 -0.012156 -0.96831 0.000409364 0.0121545 0.999926 -0.260642
0.999995 -0.00182908 0.00272334 -21.8508 0.00185797 0.999942 -0.0106425 -1.10123 -0.00270371 0.0106475 0.99994 -0.310549
0.999992 -0.0011997 0.00379441 -24.5875 0.00123739 0.99995 -0.0099478 -1.25823 -0.00378229 0.00995241 0.999943 -0.33467
0.999997 -0.00163731 0.00175251 -27.3214 0.00165234 0.999962 -0.00861092 -1.39092 -0.00173835 0.00861379 0.999961 -0.383849
0.999989 -0.00391616 0.00260937 -30.0809 0.00393592 0.999963 -0.0076108 -1.55664 -0.00257947 0.00762099 0.999968 -0.422965
0.999977 -0.0063045 0.00238149 -32.8134 0.00632367 0.999947 -0.00812695 -1.69344 -0.00233013 0.00814182 0.999964 -0.472756
0.999979 -0.00593007 0.00256358 -35.528 0.00594988 0.999952 -0.00778907 -1.81738 -0.00251727 0.00780416 0.999966 -0.518542
0.999992 -0.00371276 0.00138112 -38.2631 0.00372639 0.999943 -0.0100047 -1.98513 -0.0013439 0.0100098 0.999949 -0.579805
0.999996 -0.000902929 0.002728 -41.0013 0.000931393 0.999945 -0.0104504 -2.10815 -0.00271841 0.0104529 0.999942 -0.643503
0.999995 0.00167546 0.0026973 -43.7416 -0.00165317 0.999965 -0.00824286 -2.24262 -0.00271101 0.00823837 0.999962 -0.70195
0.999996 0.00183491 0.00239481 -46.4804 -0.00181919 0.999977 -0.00655127 -2.36866 -0.00240678 0.00654689 0.999976 -0.768204
1 0.000683827 0.00073068 -49.2181 -0.000679429 0.999982 -0.00600014 -2.47979 -0.000734771 0.00599965 0.999982 -0.805718
0.999999 -0.00155242 0.000443653 -51.9511 0.00155428 0.99999 -0.00423509 -2.63117 -0.000437075 0.00423578 0.999991 -0.865879
0.99999 -0.00420624 0.00150573 -54.6917 0.00421244 0.999983 -0.00413565 -2.78055 -0.00148831 0.00414196 0.99999 -0.92456
0.999977 -0.00624102 -0.00252461 -57.4154 0.00623096 0.999973 -0.00397102 -2.92645 0.00254933 0.0039552 0.999989 -0.975151
0.999956 -0.00785509 -0.00523269 -60.1397 0.00782899 0.999957 -0.00498887 -3.08636 0.00527165 0.00494768 0.999974 -1.03027
0.999933 -0.00899049 -0.00726404 -62.8597 0.00893986 0.999936 -0.00697286 -3.2505 0.00732626 0.00690746 0.999949 -1.09552
0.999931 -0.00897525 -0.00762563 -65.5642 0.00890961 0.999923 -0.0085976 -3.41855 0.00770221 0.00852907 0.999934 -1.14943
0.999949 -0.00851121 -0.00545605 -68.2891 0.00847628 0.999944 -0.00639325 -3.56317 0.00551016 0.00634668 0.999965 -1.23728
0.999952 -0.00737202 -0.00653409 -71.0241 0.00733502 0.999957 -0.00566931 -3.7032 0.0065756 0.00562111 0.999962 -1.30242
0.999931 -0.00541141 -0.0104765 -73.7422 0.00535279 0.99997 -0.00561511 -3.85151 0.0105065 0.00555864 0.999929 -1.35244
0.999913 -0.00401098 -0.0125817 -76.4759 0.0039541 0.999982 -0.00454249 -4.00364 0.0125997 0.00449234 0.99991 -1.43287
0.999911 -0.00279354 -0.0130499 -79.2125 0.00273371 0.999986 -0.00460032 -4.14784 0.0130626 0.00456424 0.999904 -1.53101
0.99989 -0.00209191 -0.014719 -81.9335 0.00195983 0.999958 -0.00898276 -4.30221 0.0147371 0.00895293 0.999851 -1.6375
0.999735 -0.00189678 -0.0229286 -84.6717 0.00167605 0.999952 -0.00964194 -4.45254 0.0229458 0.00960096 0.99969 -1.75014
0.999723 -0.00202419 -0.0234465 -87.3781 0.00180888 0.999956 -0.00920062 -4.58623 0.0234641 0.00915566 0.999683 -1.85314
0.999748 -0.00182612 -0.0223898 -90.1092 0.00163469 0.999962 -0.00856534 -4.72691 0.0224046 0.00852658 0.999712 -1.97921
0.999671 -0.00126875 -0.0256111 -92.8273 0.000990264 0.99994 -0.0108832 -4.86071 0.0256234 0.0108542 0.999613 -2.07331
0.99965 0.0003534 -0.0264414 -95.5248 -0.000684393 0.999922 -0.01251 -4.99778 0.0264349 0.0125237 0.999572 -2.16717
0.999638 0.00162608 -0.0268622 -98.2557 -0.00197209 0.999915 -0.0128593 -5.12156 0.026839 0.0129076 0.999556 -2.26051
0.999615 0.00219343 -0.0276609 -100.99 -0.00253656 0.99992 -0.0123759 -5.24063 0.0276315 0.0124413 0.999541 -2.36465
0.99957 0.00254807 -0.0292098 -103.724 -0.00289277 0.999927 -0.0117645 -5.3573 0.0291776 0.011844 0.999504 -2.49552
0.999625 0.00293052 -0.0272435 -106.445 -0.00326345 0.99992 -0.0121841 -5.48619 0.0272056 0.0122684 0.999554 -2.60891
0.999703 0.00241281 -0.0242428 -109.194 -0.00269231 0.99993 -0.0115033 -5.62063 0.0242133 0.0115651 0.99964 -2.75626
0.999515 0.00200562 -0.0310755 -111.915 -0.00251108 0.999865 -0.016235 -5.74437 0.0310387 0.0163052 0.999385 -2.87063
0.999593 0.0031582 -0.0283726 -114.647 -0.00356685 0.99989 -0.0143639 -5.8941 0.0283242 0.0144592 0.999494 -3.01263
0.999519 0.00125532 -0.0309888 -117.365 -0.00164606 0.999919 -0.0125867 -5.987 0.0309705 0.0126317 0.99944 -3.06444
0.999533 0.000298263 -0.0305476 -120.073 -0.000633902 0.99994 -0.0109783 -6.09186 0.0305425 0.0109925 0.999473 -3.22445
0.999295 4.82602e-05 -0.0375363 -122.728 -0.000494527 0.999929 -0.0118797 -6.22356 0.037533 0.0118899 0.999224 -3.37162
0.998716 -0.00833322 -0.0499728 -125.415 0.00772909 0.999895 -0.0122702 -6.37965 0.0500698 0.0118682 0.998675 -3.50466
0.999032 -0.0122179 -0.0422479 -127.738 0.0117767 0.999874 -0.0106761 -6.5372 0.0423729 0.0101682 0.99905 -3.61881
0.999406 -0.018431 -0.0291082 -130.007 0.0181937 0.999799 -0.00839795 -6.68891 0.0292571 0.00786339 0.999541 -3.75578
0.999188 -0.0249502 -0.0316474 -132.303 0.0246954 0.99966 -0.00841733 -6.84155 0.0318466 0.00762895 0.999463 -3.8789
0.99905 -0.0297393 -0.0318361 -134.576 0.0294277 0.999515 -0.0102123 -7.0359 0.0321243 0.00926577 0.999441 -3.99652
0.999035 -0.0293979 -0.0326174 -136.896 0.0289656 0.999487 -0.0136478 -7.21024 0.0330018 0.0126898 0.999375 -4.13854
0.999152 -0.0265415 -0.0314861 -139.267 0.0260751 0.999545 -0.0151314 -7.40032 0.0318734 0.0142976 0.999389 -4.26087
0.99922 -0.0241506 -0.0312475 -141.688 0.0237445 0.999629 -0.0133048 -7.59257 0.0315572 0.0125524 0.999423 -4.40865
0.999272 -0.0216687 -0.0313859 -144.152 0.0212853 0.999695 -0.0124988 -7.76302 0.0316472 0.0118216 0.999429 -4.55267
0.999363 -0.0199372 -0.0295864 -146.659 0.0196306 0.999751 -0.0106199 -7.94235 0.0297907 0.0100324 0.999506 -4.68429
0.999411 -0.0183647 -0.0289858 -149.22 0.018125 0.999799 -0.00851192 -8.10867 0.0291363 0.00798154 0.999543 -4.83416
0.999384 -0.0164318 -0.0310187 -151.825 0.0162298 0.999845 -0.00675249 -8.27075 0.0311248 0.0062449 0.999496 -4.95958
0.999467 -0.0153709 -0.0288117 -154.471 0.0152581 0.999875 -0.00413404 -8.43262 0.0288717 0.00369223 0.999576 -5.12954
0.99944 -0.0145235 -0.0301486 -157.144 0.0144152 0.999889 -0.00380631 -8.61413 0.0302005 0.00336958 0.999538 -5.26178
0.999435 -0.0120261 -0.0313958 -159.759 0.0118671 0.999916 -0.00524725 -8.75422 0.0314563 0.00487171 0.999493 -5.35305
0.999418 -0.0120821 -0.0318936 -162.51 0.0119472 0.999919 -0.00441895 -8.91655 0.0319444 0.00403534 0.999481 -5.48984
0.999415 -0.0122125 -0.0319556 -165.268 0.012131 0.999923 -0.00274251 -9.09732 0.0319866 0.00235326 0.999485 -5.66231
0.999427 -0.0116883 -0.0317695 -168.049 0.0116547 0.999931 -0.00124125 -9.25488 0.0317819 0.00087028 0.999494 -5.83001
0.999507 -0.0115409 -0.0291812 -170.825 0.011575 0.999932 0.00100081 -9.43271 0.0291677 -0.00133808 0.999573 -5.9937
0.999517 -0.0122718 -0.0285351 -173.63 0.0122463 0.999924 -0.00106844 -9.58601 0.028546 0.000718475 0.999592 -6.12035
0.999495 -0.0116592 -0.0295471 -176.466 0.0116601 0.999932 -0.000144392 -9.75194 0.0295467 -0.000200197 0.999563 -6.26842
0.999477 -0.0111434 -0.0303492 -179.286 0.0111134 0.999938 -0.00115865 -9.90998 0.0303602 0.000820766 0.999538 -6.41017
0.99947 -0.00865278 -0.031376 -182.108 0.00854336 0.999957 -0.00361977 -10.0925 0.031406 0.0033498 0.999501 -6.56086
0.999544 -0.00616727 -0.0295589 -184.922 0.00613597 0.99998 -0.00114947 -10.2613 0.0295654 0.000967573 0.999562 -6.71138
0.999491 -0.00434604 -0.0315899 -187.745 0.00438771 0.99999 0.00125001 -10.4063 0.0315841 -0.00138797 0.9995 -6.85289
0.999531 -0.00289565 -0.0304814 -190.576 0.00295373 0.999994 0.00186081 -10.5362 0.0304758 -0.00194996 0.999533 -7.00081
0.999546 -0.00234802 -0.0300234 -193.401 0.00243019 0.999993 0.00270085 -10.6961 0.0300169 -0.00277259 0.999545 -7.15667
0.999439 -0.00296122 -0.0333695 -196.23 0.00298223 0.999995 0.000579857 -10.8564 0.0333676 -0.000679042 0.999443 -7.3121
0.99942 -0.00368564 -0.0338573 -199.073 0.00370077 0.999993 0.000384317 -11.0318 0.0338557 -0.000509387 0.999426 -7.45839
0.999447 -0.00513571 -0.0328648 -201.924 0.0051691 0.999986 0.000931122 -11.1784 0.0328596 -0.00110048 0.999459 -7.62389
0.999479 -0.00542479 -0.0318243 -204.757 0.00549425 0.999983 0.00209574 -11.3051 0.0318124 -0.00226949 0.999491 -7.7605
0.999447 -0.00516079 -0.032842 -207.607 0.0052745 0.99998 0.00337691 -11.4603 0.0328239 -0.00354826 0.999455 -7.91881
0.999385 -0.00277242 -0.0349479 -210.448 0.00293429 0.999985 0.00458136 -11.5991 0.0349347 -0.00468108 0.999379 -8.09638
0.999411 -0.00122125 -0.0342867 -213.298 0.00137641 0.999989 0.00450232 -11.758 0.0342808 -0.00454685 0.999402 -8.2483
0.999383 0.00032365 -0.0351149 -216.157 -0.000284563 0.999999 0.00111826 -11.9373 0.0351152 -0.00110757 0.999383 -8.42362
0.999286 0.00111324 -0.0377667 -219.013 -0.00118603 0.999998 -0.00190489 -12.0608 0.0377644 0.00194833 0.999285 -8.58008
0.999314 0.00218151 -0.0369584 -221.878 -0.00220798 0.999997 -0.000675358 -12.1926 0.0369568 0.000756503 0.999316 -8.73582
0.999356 0.00280792 -0.0357658 -224.736 -0.00278951 0.999996 0.000564862 -12.3104 0.0357672 -0.000464724 0.99936 -8.9052
0.999498 0.0042181 -0.0313854 -227.58 -0.00419464 0.999991 0.000813365 -12.4333 0.0313885 -0.000681301 0.999507 -9.06972
0.999486 0.00491121 -0.0316791 -230.474 -0.00482543 0.999985 0.00278387 -12.5885 0.0316923 -0.00262957 0.999494 -9.24117
0.99943 0.005672 -0.0332647 -233.353 -0.00552512 0.999975 0.00450581 -12.7187 0.0332894 -0.00431944 0.999436 -9.39433
0.999462 0.00385107 -0.0325744 -236.226 -0.00362854 0.99997 0.00688787 -12.8509 0.0326 -0.00676596 0.999445 -9.55438
0.99943 0.0018389 -0.0337017 -239.081 -0.0015723 0.999967 0.00793551 -12.9762 0.0337152 -0.007878 0.9994 -9.70696
0.999382 0.000706206 -0.0351443 -241.971 -0.000431777 0.999969 0.00781573 -13.089 0.0351487 -0.00779572 0.999351 -9.82937
0.999431 0.000139494 -0.0337369 -244.872 3.39625e-05 0.999987 0.00514096 -13.2404 0.0337371 -0.00513917 0.999417 -9.81754
0.99945 0.000768414 -0.0331576 -247.739 -0.000540018 0.999976 0.00689673 -13.3677 0.0331621 -0.00687503 0.999426 -9.97421
0.999441 0.00154137 -0.0334051 -250.58 -0.00128359 0.999969 0.00773694 -13.5084 0.033416 -0.00768973 0.999412 -10.1371
0.999375 0.00140703 -0.0353122 -253.454 -0.00117024 0.999977 0.00672559 -13.6482 0.0353208 -0.00668005 0.999353 -10.3168
0.999369 0.0021857 -0.0354537 -256.289 -0.00195686 0.999977 0.00648827 -13.8236 0.0354671 -0.00641479 0.99935 -10.4692
0.999169 0.00448755 -0.0405083 -259.079 -0.0042592 0.999975 0.00572179 -13.9495 0.0405329 -0.00554449 0.999163 -10.5984
0.999114 0.00589319 -0.0416685 -261.904 -0.00563462 0.999964 0.00632013 -14.0704 0.0417043 -0.00607973 0.999111 -10.7471
0.999169 0.00979454 -0.0395679 -264.681 -0.00960812 0.999942 0.00489899 -14.1589 0.0396136 -0.00451474 0.999205 -10.8772
0.999098 0.0127036 -0.0405002 -267.493 -0.0124499 0.999901 0.00651084 -14.2536 0.0405789 -0.00600075 0.999158 -11.0724
0.998973 0.0166622 -0.0421254 -270.223 -0.0163738 0.99984 0.00718098 -14.3504 0.0422383 -0.00648384 0.999086 -11.2231
0.998946 0.0167709 -0.0427145 -273.022 -0.0164196 0.999829 0.00856242 -14.4487 0.0428507 -0.00785203 0.99905 -11.3909
0.998812 0.0166221 -0.0458079 -275.795 -0.0162728 0.999836 0.00798937 -14.5529 0.0459331 -0.00723445 0.998918 -11.533
0.998817 0.0157483 -0.0460027 -278.582 -0.0153732 0.999846 0.00849609 -14.6555 0.0461293 -0.00777882 0.998905 -11.703
0.998811 0.0150901 -0.0463568 -281.36 -0.0146328 0.999841 0.010189 -14.7634 0.0465032 -0.00949851 0.998873 -11.9061
0.998833 0.0143436 -0.0461031 -284.142 -0.0138119 0.999835 0.0118325 -14.8641 0.0462652 -0.0111819 0.998866 -12.0846
0.998753 0.0129183 -0.0482137 -286.923 -0.0123316 0.999846 0.0124459 -14.9591 0.0483671 -0.0118358 0.998759 -12.2759
0.998947 0.0120541 -0.0442597 -289.685 -0.0115277 0.99986 0.012128 -15.0624 0.0443997 -0.011605 0.998946 -12.449
0.999139 0.0112108 -0.0399297 -292.452 -0.0107552 0.999875 0.0116071 -15.183 0.0400548 -0.0111676 0.999135 -12.6133
0.999066 0.00966562 -0.042102 -295.22 -0.00927139 0.999911 0.00954891 -15.2938 0.0421906 -0.00914964 0.999068 -12.7839
0.999104 0.00894375 -0.0413638 -297.963 -0.00851878 0.999909 0.0104389 -15.4135 0.0414534 -0.0100771 0.999089 -12.9616
0.999056 0.00826997 -0.0426303 -300.698 -0.00777373 0.9999 0.0117932 -15.5136 0.0427236 -0.0114507 0.999021 -13.1351
0.998923 0.00760269 -0.0457688 -303.432 -0.00709932 0.999913 0.0111506 -15.6102 0.0458495 -0.0108137 0.99889 -13.3175
0.998945 0.00588451 -0.0455429 -306.187 -0.00537731 0.999922 0.0112513 -15.7426 0.0456055 -0.0109946 0.998899 -13.4777
0.998943 0.00457223 -0.0457369 -308.928 -0.0040998 0.999937 0.0104179 -15.8848 0.0457817 -0.0102193 0.998899 -13.6476
0.998791 0.00334965 -0.0490397 -311.669 -0.00286053 0.999945 0.0100409 -16.0373 0.0490707 -0.00988845 0.998746 -13.8137
0.998728 0.00127846 -0.0503934 -314.424 -0.000744771 0.999943 0.0106078 -16.1813 0.0504041 -0.0105568 0.998673 -14.0008
0.998877 -1.64959e-05 -0.0473736 -317.161 0.00058665 0.999928 0.0120214 -16.2946 0.0473699 -0.0120357 0.998805 -14.1887
0.998972 -0.00112041 -0.0453076 -319.9 0.00161201 0.99994 0.0108152 -16.4418 0.0452928 -0.0108771 0.998914 -14.3154
0.999035 -0.00221735 -0.0438526 -322.626 0.00276033 0.99992 0.0123253 -16.5528 0.0438218 -0.0124344 0.998962 -14.4834
0.999018 -0.002554 -0.0442329 -325.36 0.0031398 0.999908 0.0131791 -16.6912 0.0441952 -0.013305 0.998934 -14.6311
0.998934 -0.00226792 -0.0461089 -328.092 0.00289494 0.999904 0.0135364 -16.8342 0.0460737 -0.0136555 0.998845 -14.8125
0.998888 -0.000775445 -0.0471424 -330.842 0.00143548 0.999901 0.0139686 -16.9911 0.0471269 -0.0140207 0.99879 -14.9686
0.998934 0.000932565 -0.0461482 -333.59 -0.000286026 0.999902 0.0140147 -17.1256 0.0461567 -0.0139865 0.998836 -15.1339
0.998859 0.00127771 -0.0477246 -336.385 -0.000603795 0.9999 0.0141327 -17.2596 0.0477378 -0.0140878 0.99876 -15.3057
0.998901 0.00140143 -0.0468341 -339.126 -0.000650223 0.999871 0.0160511 -17.3776 0.0468505 -0.016003 0.998773 -15.4952
0.99833 -0.0254829 -0.0518307 -341.403 0.0263834 0.999511 0.016764 -17.5171 0.0513782 -0.0181035 0.998515 -15.6584
