1 0 0 0 0 1 0 0 0 0 1 0
0.999206 0.00489807 0.0395471 2.52232 -0.00437968 0.999904 -0.0131844 0.448854 -0.0396079 0.0130007 0.999131 0.252624
0.925326 0.328186 -0.189911 5.91329 -0.284048 0.931754 0.226166 1.22947 0.251174 -0.155333 0.955397 0.760555
0.847001 0.490449 -0.205061 8.93584 -0.445567 0.865376 0.229334 0.982518 0.289931 -0.102877 0.951502 1.40126
0.744323 0.630092 -0.221286 12.8083 -0.585946 0.775146 0.236253 0.308348 0.32039 -0.0461873 0.946159 2.33307
0.611962 0.759031 -0.222204 16.6102 -0.720562 0.650907 0.23898 -0.946528 0.326027 0.0138644 0.945259 3.45546
0.303097 0.927836 -0.217378 19.8617 -0.907904 0.350464 0.229969 -3.52738 0.289557 0.127655 0.94861 4.72889
-0.0314157 0.973281 -0.227457 21.8599 -0.974422 0.0208406 0.22376 -7.1912 0.222522 0.228669 0.947731 6.32413
-0.239352 0.942159 -0.234622 22.2687 -0.946858 -0.173021 0.271154 -10.7595 0.214876 0.287055 0.933503 7.68887
-0.379754 0.89231 -0.244069 21.149 -0.906596 -0.306489 0.290084 -14.2048 0.18404 0.331433 0.925355 8.72053
-0.165385 0.960155 -0.225277 20.7435 -0.934842 -0.0798519 0.345968 -16.9445 0.314194 0.267816 0.9108 9.82356
-0.17509 0.958154 -0.226462 20.5843 -0.931715 -0.086912 0.352637 -18.2393 0.318198 0.272741 0.907944 10.3081
0.0443776 0.974522 -0.219859 20.1716 -0.91725 0.126946 0.37754 -18.3792 0.395831 0.184912 0.899514 10.4746
0.268563 0.94015 -0.20974 19.1872 -0.869691 0.330271 0.366822 -17.4733 0.414139 0.0838939 0.906339 9.99414
0.369306 0.908766 -0.194315 18.183 -0.834163 0.416332 0.361718 -16.5517 0.409616 0.0285056 0.911813 9.43762
0.370266 0.908797 -0.19233 17.0662 -0.834734 0.416356 0.360369 -14.3449 0.40758 0.0271122 0.912767 8.27658
0.370328 0.909104 -0.190755 15.9731 -0.834606 0.415795 0.361313 -12.1469 0.407786 0.0254013 0.912724 7.08778
0.370471 0.909327 -0.189411 14.8571 -0.834445 0.415397 0.362142 -9.93624 0.407986 0.0238903 0.912676 5.91009
0.371182 0.909244 -0.188412 13.7113 -0.835005 0.415601 0.360614 -7.73493 0.40619 0.0234715 0.913487 4.75426
0.370016 0.909448 -0.189714 12.5792 -0.834033 0.415137 0.363388 -5.54142 0.40924 0.023768 0.912117 3.57507
0.370083 0.909546 -0.189114 11.46 -0.834809 0.414912 0.361859 -3.325 0.407593 0.0239565 0.912849 2.41928
0.370005 0.91039 -0.185164 10.3381 -0.836076 0.413203 0.360889 -1.12251 0.40506 0.0212804 0.914043 1.2535
0.368795 0.911256 -0.183312 9.22979 -0.835833 0.411395 0.363507 1.08666 0.406662 0.0191581 0.913378 0.115794
0.367833 0.911804 -0.182519 8.09698 -0.835812 0.410217 0.364883 3.28795 0.407574 0.0183357 0.912988 -1.04361
0.367119 0.912066 -0.182646 6.97618 -0.836751 0.409585 0.363438 5.48687 0.406288 0.019404 0.913539 -2.23563
0.366568 0.912285 -0.182657 5.86365 -0.837915 0.409038 0.361368 7.71157 0.404384 0.0205857 0.914358 -3.38461
0.366477 0.912515 -0.181689 4.73198 -0.838109 0.408563 0.361453 9.92977 0.404063 0.0198113 0.914517 -4.52863
0.366755 0.91272 -0.180094 3.62788 -0.837774 0.408195 0.362645 12.1423 0.404506 0.0178763 0.914361 -5.71048
0.366966 0.913049 -0.177981 2.5266 -0.837452 0.407558 0.364102 14.3526 0.404981 0.0154376 0.914195 -6.88064
0.367736 0.912816 -0.177589 1.40661 -0.837025 0.40811 0.364466 16.58 0.405166 0.0146196 0.914126 -8.02486
0.368061 0.91204 -0.180872 0.274033 -0.838453 0.409644 0.359428 18.7837 0.401905 0.0193618 0.915476 -9.17419
0.369775 0.911217 -0.181519 -0.864574 -0.839212 0.411399 0.355633 21.0041 0.398735 0.0208293 0.916829 -10.332
0.370468 0.910322 -0.184574 -2.00133 -0.838994 0.413222 0.354028 23.2389 0.39855 0.0237006 0.91684 -11.4739
0.371193 0.909484 -0.187228 -3.12288 -0.838083 0.414959 0.354155 25.4517 0.39979 0.0254533 0.916253 -12.624
0.373161 0.908913 -0.186082 -4.24312 -0.838729 0.416232 0.351119 27.6665 0.39659 0.0250486 0.917654 -13.7719
0.373599 0.908869 -0.18542 -5.36233 -0.83811 0.416404 0.352389 29.8933 0.397485 0.0237502 0.917301 -14.9038
0.37371 0.908928 -0.184905 -6.48334 -0.836728 0.416382 0.355684 32.1224 0.400283 0.0217926 0.916133 -16.0489
0.374838 0.908924 -0.182628 -7.61668 -0.83884 0.416393 0.350663 34.2933 0.394771 0.0217542 0.918522 -17.1876
0.373757 0.908692 -0.185971 -8.73871 -0.836209 0.416871 0.356334 36.539 0.401323 0.0223283 0.915664 -18.3296
0.374362 0.908164 -0.187325 -9.85278 -0.835282 0.417995 0.357189 38.733 0.402687 0.0227511 0.915055 -19.4895
0.376271 0.907865 -0.184935 -10.9876 -0.835354 0.418761 0.356122 40.9245 0.400754 0.0204876 0.915956 -20.6443
0.37755 0.906676 -0.188135 -12.1176 -0.834543 0.421205 0.35514 43.1559 0.40124 0.0229235 0.915686 -21.8258
0.37849 0.906612 -0.18655 -13.2678 -0.834243 0.421441 0.355563 45.3307 0.400977 0.0210506 0.915846 -22.9694
0.373462 0.910429 -0.177891 -14.2496 -0.84063 0.413238 0.350107 47.3158 0.392259 0.0187888 0.919663 -24.0967
0.37259 0.911172 -0.175904 -15.3666 -0.841404 0.411652 0.350116 49.5315 0.391427 0.0175563 0.920042 -25.2455
0.371546 0.912174 -0.172891 -16.5088 -0.842087 0.409521 0.350974 51.7316 0.390952 0.0151866 0.920286 -26.4014
0.37034 0.911852 -0.177129 -17.6352 -0.84247 0.410042 0.349442 53.977 0.391269 0.0198134 0.920063 -27.5186
0.369608 0.912471 -0.17546 -18.7283 -0.843104 0.40871 0.349474 56.2181 0.390597 0.0187627 0.920371 -28.6375
0.369037 0.913111 -0.173319 -19.8419 -0.843695 0.407348 0.349638 58.4462 0.389859 0.0171988 0.920714 -29.7728
0.367973 0.914011 -0.17082 -20.9437 -0.843928 0.405416 0.351316 60.6736 0.390359 0.0148854 0.920542 -30.9257
0.367147 0.915006 -0.167233 -22.0651 -0.845132 0.403247 0.350918 62.9077 0.388528 0.012495 0.921352 -32.0821
0.366221 0.91574 -0.165236 -23.1577 -0.845654 0.401621 0.351526 65.1174 0.388268 0.0109966 0.921481 -33.1939
0.365724 0.915749 -0.166283 -24.2466 -0.845681 0.40157 0.351518 67.3616 0.388676 0.0120636 0.921296 -34.317
0.365256 0.916071 -0.165536 -25.3464 -0.846582 0.40083 0.350192 69.5906 0.387152 0.0122298 0.921935 -35.4279
0.364559 0.91676 -0.163244 -26.4627 -0.846961 0.399306 0.351014 71.8127 0.386979 0.0102961 0.922031 -36.5504
0.364058 0.917316 -0.161225 -27.5563 -0.847706 0.398058 0.350635 74.0493 0.38582 0.00902018 0.92253 -37.6873
0.364083 0.916962 -0.163166 -28.6454 -0.84837 0.398803 0.348173 76.2923 0.384332 0.011661 0.923121 -38.8384
0.364194 0.917083 -0.162238 -29.7452 -0.848235 0.398555 0.348786 78.5304 0.384527 0.0105899 0.923053 -39.9525
0.36493 0.917148 -0.160207 -30.8426 -0.848076 0.398459 0.349282 80.7806 0.384179 0.00840486 0.92322 -41.0591
0.367143 0.916546 -0.158587 -31.9527 -0.847161 0.399886 0.34987 83.0371 0.384088 0.00589687 0.923277 -42.1903
0.36901 0.916282 -0.155756 -33.0563 -0.846677 0.400526 0.35031 85.2734 0.383367 0.00260705 0.923592 -43.2845
0.369967 0.91624 -0.153716 -34.1679 -0.846917 0.40063 0.349611 87.5271 0.381911 0.000840297 0.924199 -44.3796
0.369422 0.916144 -0.155587 -35.2873 -0.84562 0.400847 0.352489 89.7754 0.385297 0.00135054 0.922792 -45.4677
0.370071 0.916205 -0.153671 -36.4129 -0.846384 0.400709 0.350808 91.9908 0.38299 0.000240698 0.923753 -46.575
0.369737 0.916482 -0.15282 -37.5148 -0.845929 0.400073 0.352627 94.2465 0.384315 -0.00110463 0.923201 -47.6575
0.36933 0.916941 -0.151043 -38.6418 -0.84622 0.399014 0.353128 96.4818 0.384065 -0.002605 0.923302 -48.8041
0.368728 0.917388 -0.149793 -39.7421 -0.84657 0.397978 0.353458 98.7263 0.383873 -0.00351951 0.923379 -49.9031
0.367817 0.918059 -0.147911 -40.847 -0.846745 0.396408 0.3548 100.963 0.384361 -0.00525857 0.923168 -51.0309
0.36694 0.917406 -0.154014 -41.9898 -0.847536 0.397948 0.351169 103.25 0.383454 0.00167449 0.923559 -52.0325
0.366301 0.918051 -0.151673 -43.0747 -0.849001 0.39646 0.349309 105.499 0.380816 0.00081846 0.924651 -53.1166
0.364067 0.919004 -0.15128 -44.1719 -0.848854 0.394247 0.352158 107.756 0.383276 0.00020599 0.923634 -54.2307
0.363492 0.919557 -0.14929 -45.2579 -0.850555 0.392955 0.349489 110.002 0.380039 -5.64289e-05 0.924971 -55.3205
0.361279 0.921379 -0.143312 -46.3587 -0.849689 0.388602 0.356393 112.243 0.384064 -0.00698686 0.92328 -56.4316
0.360146 0.922164 -0.141094 -47.4497 -0.850268 0.386701 0.35708 114.51 0.383847 -0.0086327 0.923356 -57.5539
0.359843 0.922247 -0.141328 -48.5461 -0.852292 0.386549 0.352388 116.78 0.379619 -0.00635163 0.925121 -58.6511
0.359779 0.922935 -0.13693 -49.6706 -0.852854 0.384821 0.35292 118.998 0.378415 -0.0101918 0.92558 -59.7169
0.361305 0.922653 -0.134797 -50.7887 -0.852807 0.385433 0.352365 121.264 0.377066 -0.0123556 0.926104 -60.8244
0.364623 0.921373 -0.134616 -51.8672 -0.851692 0.388441 0.351758 123.538 0.376391 -0.0136074 0.926361 -61.8823
0.368483 0.919429 -0.137371 -52.9834 -0.850469 0.393074 0.349563 125.773 0.375395 -0.0119779 0.926787 -62.9627
0.371844 0.917551 -0.140826 -54.1182 -0.849178 0.3975 0.347693 128.02 0.375004 -0.00970128 0.926972 -64.0716
0.374437 0.916896 -0.138198 -55.2605 -0.848907 0.39893 0.346715 130.271 0.373033 -0.0125057 0.927734 -65.16
0.376551 0.915958 -0.138672 -56.4208 -0.849075 0.401103 0.343784 132.524 0.370513 -0.0117093 0.928753 -66.2047
0.377093 0.915745 -0.138605 -57.5631 -0.847525 0.401535 0.347087 134.768 0.373498 -0.0134127 0.927534 -67.2755
0.379041 0.915264 -0.136457 -58.6999 -0.847264 0.402548 0.346553 137.032 0.372118 -0.0157421 0.928052 -68.3368
0.37992 0.915543 -0.132064 -59.8392 -0.848027 0.401755 0.345606 139.265 0.369474 -0.0193081 0.92904 -69.4008
0.380134 0.915383 -0.132557 -60.9891 -0.846675 0.402074 0.348536 141.519 0.372341 -0.0202576 0.927875 -70.4615
0.379543 0.915302 -0.13479 -62.1546 -0.847337 0.402395 0.346553 143.76 0.371439 -0.0173192 0.928296 -71.5324
0.379161 0.915826 -0.132289 -63.3015 -0.850719 0.401249 0.339522 146.012 0.364024 -0.0161928 0.931249 -72.545
0.376852 0.916275 -0.135732 -64.4566 -0.851438 0.400368 0.338761 148.256 0.364741 -0.0120956 0.93103 -73.5693
0.373457 0.917192 -0.138884 -65.6023 -0.852698 0.398369 0.337945 150.508 0.365288 -0.00778176 0.930862 -74.6209
0.369202 0.919107 -0.137597 -66.7249 -0.853953 0.393927 0.33998 152.782 0.366681 -0.00802002 0.930312 -75.6634
0.36485 0.920598 -0.139226 -67.8378 -0.854786 0.390469 0.341868 155.037 0.369086 -0.00572217 0.929377 -76.735
0.360592 0.922297 -0.139074 -68.9452 -0.857144 0.386465 0.340513 157.307 0.367801 -0.00357965 0.929898 -77.8005
0.357176 0.924028 -0.136374 -70.042 -0.857218 0.382273 0.345029 159.588 0.370948 -0.00633401 0.928632 -78.8625
0.357371 0.92439 -0.133375 -71.1342 -0.85878 0.38137 0.34213 161.869 0.367127 -0.00772752 0.930139 -79.9402
0.358133 0.923996 -0.134058 -72.228 -0.858058 0.382323 0.34288 164.158 0.368073 -0.00776705 0.929765 -80.973
0.361621 0.922811 -0.13285 -73.3284 -0.858385 0.385158 0.338864 166.432 0.363875 -0.00850441 0.931409 -82.0202
0.365557 0.921408 -0.131814 -74.4368 -0.856161 0.388419 0.340762 168.705 0.365179 -0.011714 0.930863 -83.0786
0.371071 0.919083 -0.132637 -75.5663 -0.853089 0.39382 0.342263 170.967 0.366803 -0.013853 0.930195 -84.1383
0.376278 0.916971 -0.132584 -76.7218 -0.850338 0.398611 0.343563 173.223 0.367886 -0.0165344 0.929724 -85.1584
0.381688 0.91467 -0.133012 -77.8766 -0.848471 0.403812 0.3421 175.479 0.366621 -0.0177189 0.930202 -86.2091
0.385726 0.9128 -0.134206 -79.0415 -0.847614 0.408049 0.339184 177.719 0.36437 -0.017077 0.931098 -87.2647
0.388496 0.911432 -0.135512 -80.2163 -0.846985 0.411134 0.337024 179.953 0.362887 -0.0161555 0.931693 -88.3145
0.38908 0.910792 -0.138111 -81.3891 -0.844995 0.412568 0.340251 182.198 0.366878 -0.0156819 0.930137 -89.3719
0.388307 0.91118 -0.137727 -82.5811 -0.845387 0.411709 0.340317 184.433 0.366793 -0.0157145 0.93017 -90.4266
0.38649 0.912272 -0.135589 -83.7379 -0.847533 0.409284 0.337898 186.666 0.363749 -0.0156784 0.931365 -91.4692
0.382506 0.913759 -0.136872 -84.9058 -0.848136 0.406013 0.340322 188.911 0.366544 -0.0140891 0.930294 -92.5289
0.379446 0.91511 -0.136364 -86.0772 -0.848926 0.402962 0.341974 191.16 0.367893 -0.0139973 0.929763 -93.5865
0.376776 0.916142 -0.136833 -87.2159 -0.850319 0.400668 0.341207 193.406 0.367419 -0.0122068 0.929976 -94.6405
0.373953 0.917095 -0.13819 -88.3647 -0.851544 0.398551 0.34063 195.678 0.367466 -0.00970464 0.929987 -95.7081
0.371192 0.918031 -0.13941 -89.5 -0.851767 0.396419 0.342555 197.935 0.369741 -0.00840866 0.929097 -96.7714
0.369847 0.918986 -0.136666 -90.6307 -0.853566 0.394179 0.340658 200.196 0.366931 -0.009338 0.930202 -97.8245
0.368329 0.919731 -0.135749 -91.7648 -0.854994 0.392449 0.339071 202.439 0.365129 -0.00882459 0.930915 -98.8609
0.366578 0.920323 -0.136475 -92.8827 -0.855289 0.39108 0.339908 204.714 0.366198 -0.00787709 0.930504 -99.9029
0.365373 0.920625 -0.137669 -93.9987 -0.855052 0.390386 0.341297 206.984 0.36795 -0.00698684 0.929819 -100.95
0.364049 0.920916 -0.139219 -95.1056 -0.855741 0.389732 0.340318 209.264 0.367662 -0.00475702 0.929947 -102.006
0.362741 0.921461 -0.139029 -96.2238 -0.856536 0.388449 0.339785 211.516 0.367104 -0.00417046 0.930171 -103.055
0.36129 0.922079 -0.138709 -97.3367 -0.857371 0.386985 0.339348 213.796 0.366584 -0.00367791 0.930378 -104.112
0.360389 0.922379 -0.139054 -98.4385 -0.857752 0.386274 0.339196 216.072 0.36658 -0.00296808 0.930382 -105.156
0.359877 0.922363 -0.140483 -99.5456 -0.857724 0.386322 0.339211 218.349 0.367146 -0.0015789 0.930162 -106.209
0.359376 0.9229 -0.138218 -100.653 -0.858038 0.385023 0.339894 220.616 0.366905 -0.00355282 0.930252 -107.255
0.359372 0.923065 -0.137124 -101.747 -0.858796 0.384625 0.338428 222.894 0.365132 -0.00385974 0.930948 -108.311
0.358679 0.923491 -0.136064 -102.845 -0.859098 0.383592 0.338833 225.204 0.365102 -0.00463944 0.930956 -109.349
0.358217 0.924009 -0.13375 -103.96 -0.859549 0.382317 0.339129 227.495 0.364492 -0.00651737 0.931184 -110.396
0.357413 0.924225 -0.134403 -105.041 -0.859577 0.381803 0.339637 229.776 0.365216 -0.00586101 0.930905 -111.453
0.356922 0.924445 -0.134193 -105.589 -0.85985 0.381271 0.339545 230.915 0.365055 -0.00580537 0.930968 -111.964
