1 0 0 0 0 1 0 0 0 0 1 0
1 -0.000124106 -0.000119689 7.33687e-05 0.000124148 1 0.000350053 -0.00270195 0.000119645 -0.000350068 1 0.0091127
1 1.02428e-07 0.000112047 -0.000918058 -1.39728e-07 1 0.000332884 0.000810496 -0.000112047 -0.000332884 1 0.0166193
1 -3.77409e-05 -4.09054e-05 0.00394672 3.77561e-05 1 0.000371617 0.00224367 4.08914e-05 -0.000371618 1 0.0156334
1 1.50977e-05 0.000285828 0.00278249 -1.52737e-05 1 0.000615731 0.00148848 -0.000285819 -0.000615735 1 0.0130797
1 5.67641e-05 0.000204 -6.10871e-05 -5.68799e-05 1 0.000568023 -0.00437624 -0.000203968 -0.000568035 1 0.0110246
1 -6.74117e-05 -0.000115749 -0.000224221 6.7453e-05 1 0.000356372 0.00426946 0.000115725 -0.000356379 1 0.0121463
1 6.04309e-05 -3.55728e-05 0.00155124 -6.04186e-05 1 0.000348726 0.00186816 3.55939e-05 -0.000348723 1 0.0174901
1 6.8067e-05 0.000185807 0.00315775 -6.82062e-05 1 0.000748791 -0.000890212 -0.000185756 -0.000748804 1 0.0220835
1 7.88885e-05 0.000298576 0.00243347 -7.90885e-05 1 0.000669715 -0.00586121 -0.000298524 -0.000669739 1 0.0244361
1 -7.48742e-07 0.000257585 0.0017014 5.12844e-07 0.999999 0.000915735 -0.0016202 -0.000257586 -0.000915735 1 0.023434
1 9.73549e-05 0.000330494 0.00120983 -9.76501e-05 0.999999 0.00089315 0.00111608 -0.000330407 -0.000893182 1 0.0245135
1 0.000125416 0.000286999 -0.000757491 -0.000125738 0.999999 0.00112126 -0.000697947 -0.000286858 -0.0011213 1 0.0200788
1 0.000132493 3.1631e-05 -0.000745602 -0.000132518 1 0.000801113 -0.000232604 -3.1525e-05 -0.000801117 1 0.020537
1 0.000160071 0.00014049 -0.00310604 -0.000160179 1 0.000769629 -0.00504823 -0.000140367 -0.000769651 1 0.0216069
1 0.000174009 0.000133151 0.00322469 -0.000174099 1 0.000681955 0.000822781 -0.000133033 -0.000681978 1 0.023555
1 0.000211386 0.000243765 0.000672534 -0.000211623 0.999999 0.000970124 -0.000487926 -0.00024356 -0.000970176 1 0.0209452
1 0.000214671 -2.32624e-05 -0.000452654 -0.000214645 0.999999 0.00109102 0.00356154 2.34966e-05 -0.00109101 1 0.0174135
1 0.000283459 -6.02077e-05 -0.00185926 -0.000283396 0.999999 0.00103608 -0.00353157 6.05013e-05 -0.00103606 1 0.0170472
1 0.000170371 -0.000123544 -0.00345236 -0.000170285 1 0.000696353 -0.00292307 0.000123662 -0.000696332 1 0.0202984
1 0.000315581 0.000161034 -0.00520985 -0.000315707 1 0.000785011 0.000966854 -0.000160786 -0.000785062 1 0.0233687
1 0.000394725 0.000391783 -0.00481136 -0.000395082 1 0.000910202 -0.00148178 -0.000391423 -0.000910357 1 0.0233383
1 0.000493779 0.000207622 -0.00459846 -0.000494026 0.999999 0.00118874 -0.00232536 -0.000207035 -0.00118884 0.999999 0.0218905
1 0.000487885 0.000420341 -0.00664514 -0.000488349 0.999999 0.00110361 -0.00785327 -0.000419803 -0.00110381 0.999999 0.0219234
1 0.000479584 0.000124917 -0.00593509 -0.000479697 1 0.000906304 0.00224384 -0.000124482 -0.000906364 1 0.0253147
1 0.000453481 0.00032028 -0.00421876 -0.000453824 0.999999 0.00107099 9.20594e-05 -0.000319794 -0.00107114 1 0.0261837
1 0.000525244 0.000258163 -0.00355436 -0.000525489 0.999999 0.000947283 -0.00121271 -0.000257665 -0.000947418 1 0.0267775
1 0.000517502 0.000178301 -0.00624439 -0.000517718 0.999999 0.00120853 -0.00723961 -0.000177676 -0.00120862 0.999999 0.0236465
1 0.000316478 0.000139321 -0.0023109 -0.000316612 0.999999 0.000962778 -0.000595521 -0.000139017 -0.000962822 1 0.0258918
1 0.000590396 0.00011316 -0.00503263 -0.000590518 0.999999 0.00108028 0.00225884 -0.000112522 -0.00108035 1 0.0255037
1 0.000640072 0.000269661 -0.00620027 -0.000640337 0.999999 0.000982335 0.000142553 -0.000269033 -0.000982508 1 0.0248958
1 0.000652371 0.000232172 -0.0063503 -0.00065265 0.999999 0.00120172 -0.00203933 -0.000231388 -0.00120187 0.999999 0.0235802
1 0.000679359 0.000217486 -0.00650998 -0.000679626 0.999999 0.00123129 -0.0042754 -0.00021665 -0.00123143 0.999999 0.0223043
1 0.000768777 9.59842e-05 -0.0111261 -0.000768889 0.999999 0.00117725 0.000521149 -9.50792e-05 -0.00117733 0.999999 0.0224259
1 0.00076175 5.95593e-05 -0.00840765 -0.000761803 0.999999 0.00089834 0.00449002 -5.88751e-05 -0.000898386 1 0.0266624
1 0.000817249 0.000296793 -0.00539213 -0.000817561 0.999999 0.00105322 0.00143978 -0.000295933 -0.00105346 1 0.0250972
1 0.000809012 0.000312 -0.00815124 -0.000809353 0.999999 0.00109382 -0.00320125 -0.000311115 -0.00109407 0.999999 0.0238039
1 0.00058299 8.41987e-05 -0.0091218 -0.000583079 0.999999 0.00105991 -0.00335879 -8.3581e-05 -0.00105996 1 0.0217888
1 0.000665366 0.000459127 -0.016438 -0.000665713 1 0.000757036 0.000226309 -0.000458624 -0.000757342 1 0.024004
0.999999 0.000467834 0.00108802 -0.0318543 -0.000468899 0.999999 0.000978814 -0.00379573 -0.00108756 -0.000979324 0.999999 0.0220973
0.999998 0.000153538 0.00214995 -0.0747796 -0.000154712 1 0.000546016 -0.003184 -0.00214986 -0.000546348 0.999998 0.0238099
0.999991 -0.00013309 0.00419685 -0.159145 0.000128737 0.999999 0.00103759 -0.0141924 -0.00419699 -0.00103704 0.999991 0.0260596
0.999972 -0.00123631 0.00742219 -0.312521 0.00122878 0.999999 0.00101994 -0.0230867 -0.00742344 -0.00101079 0.999972 0.018974
0.999957 -0.00302052 0.00875991 -0.535842 0.00301777 0.999995 0.000327971 -0.0396812 -0.00876086 -0.000301521 0.999962 0.0268366
0.999942 -0.00342011 0.0102396 -0.859127 0.0034244 0.999994 -0.000401646 -0.04769 -0.0102381 0.000436687 0.999948 0.0443794
0.999952 -0.00143165 0.0096476 -1.2895 0.0014381 0.999999 -0.000661519 -0.0735965 -0.00964664 0.000675362 0.999953 0.0388743
0.999937 0.00377814 0.0105329 -1.8312 -0.00377177 0.999993 -0.00062416 -0.0872342 -0.0105352 0.000584394 0.999944 0.0509139
0.9999 0.00867375 0.0111672 -2.49237 -0.00867977 0.999962 0.000490845 -0.123811 -0.0111626 -0.000587725 0.999938 0.0345939
0.999865 0.0112905 0.011975 -3.2431 -0.0113015 0.999936 0.000848939 -0.156209 -0.0119646 -0.000984159 0.999928 0.013762
0.999873 0.0104613 0.0120554 -4.09009 -0.0104812 0.999944 0.00158764 -0.198371 -0.0120382 -0.0017138 0.999926 0.00751154
0.999908 0.00891765 0.0102209 -5.00603 -0.00893439 0.999959 0.00159379 -0.24182 -0.0102062 -0.00168496 0.999947 0.0118085
0.999913 0.00774624 0.0107031 -6.0326 -0.00775993 0.999969 0.00123845 -0.286812 -0.0106932 -0.00132139 0.999942 0.0229063
0.999897 0.00810263 0.011885 -7.10103 -0.0081075 0.999967 0.000361991 -0.33412 -0.0118817 -0.00045831 0.999929 0.0263305
0.999864 0.0101334 0.0130132 -8.26924 -0.0101486 0.999948 0.00110239 -0.393594 -0.0130013 -0.0012343 0.999915 0.0107463
0.999852 0.0113601 0.0128967 -9.51563 -0.0113801 0.999934 0.00147718 -0.461043 -0.0128791 -0.00162373 0.999916 -0.030218
0.999839 0.0122563 0.0131486 -10.8388 -0.0122944 0.99992 0.0028216 -0.507619 -0.013113 -0.0029828 0.99991 -0.0741466
0.999801 0.0134269 0.0147433 -12.2457 -0.0134668 0.999906 0.00261397 -0.571176 -0.0147068 -0.002812 0.999888 -0.0905015
0.999737 0.0155807 0.0168522 -13.7292 -0.0155951 0.999878 0.000721587 -0.642057 -0.0168389 -0.000984208 0.999858 -0.0947612
0.999654 0.0183446 0.0188439 -15.2896 -0.0183282 0.999831 -0.00104304 -0.711659 -0.0188599 0.000697307 0.999822 -0.109911
0.99955 0.0209663 0.0214558 -16.9436 -0.0209247 0.999778 -0.00216033 -0.741252 -0.0214964 0.0017104 0.999768 -0.138851
0.999463 0.0245569 0.021725 -18.6581 -0.0244579 0.999689 -0.00481023 -0.814897 -0.0218364 0.0042763 0.999753 -0.137847
0.999363 0.026664 0.0237323 -20.456 -0.0265077 0.999625 -0.00687286 -0.87099 -0.0239066 0.00623939 0.999695 -0.134744
0.999327 0.0285279 0.0230888 -22.3326 -0.0283536 0.999567 -0.00784092 -0.931456 -0.0233025 0.00718099 0.999703 -0.102308
0.999378 0.0287909 0.0203794 -24.3115 -0.02866 0.999567 -0.00668391 -0.97175 -0.020563 0.00609568 0.99977 -0.0920153
0.999334 0.0301199 0.0206001 -26.3523 -0.0300221 0.999536 -0.00503991 -1.01637 -0.0207423 0.0044181 0.999775 -0.106752
0.999255 0.031248 0.022667 -28.4646 -0.031147 0.999503 -0.0047954 -1.07396 -0.0228056 0.00408582 0.999732 -0.128397
0.999136 0.0347786 0.0227472 -30.6613 -0.0346855 0.999388 -0.004478 -1.13365 -0.022889 0.00368514 0.999731 -0.133188
0.999039 0.0403633 0.0171291 -32.9382 -0.0403026 0.99918 -0.00387426 -1.1629 -0.0172714 0.00318019 0.999846 -0.149027
0.998652 0.0471551 0.0217073 -35.2803 -0.0471012 0.998885 -0.00298894 -1.17157 -0.0218241 0.00196247 0.99976 -0.154637
0.998245 0.0548268 0.0223944 -37.6831 -0.0547978 0.998495 -0.00190735 -1.18483 -0.0224652 0.00067684 0.999748 -0.158142
0.99803 0.0591619 0.0209198 -40.1545 -0.0592051 0.998245 0.00145346 -1.17824 -0.0207971 -0.00268916 0.99978 -0.152925
0.998009 0.0602593 0.0186552 -42.659 -0.0603624 0.998164 0.00501531 -1.17439 -0.0183187 -0.00613139 0.999814 -0.148421
0.998219 0.0570164 0.0175597 -45.2351 -0.0571273 0.998349 0.0058817 -1.1665 -0.0171954 -0.00687437 0.999829 -0.141638
0.998519 0.0515339 0.0174235 -47.8351 -0.0516541 0.998644 0.00651909 -1.18357 -0.0170639 -0.00740944 0.999827 -0.13521
0.998812 0.0451856 0.0182339 -50.4748 -0.045326 0.998945 0.00736746 -1.2101 -0.0178818 -0.00818519 0.999807 -0.134515
0.999137 0.0380931 0.0165965 -53.1372 -0.0382546 0.999222 0.00952748 -1.25365 -0.0162206 -0.0101541 0.999817 -0.1202
0.999326 0.0323923 0.0173106 -55.814 -0.0325122 0.999449 0.00669568 -1.31898 -0.0170842 -0.00725398 0.999828 -0.138102
0.999485 0.0288273 0.0141558 -58.5093 -0.0288849 0.999575 0.00387824 -1.40455 -0.014038 -0.00428514 0.999892 -0.142686
0.999556 0.0258182 0.0149107 -61.2198 -0.0259486 0.999626 0.00861891 -1.47292 -0.0146826 -0.009002 0.999852 -0.158613
0.999585 0.0244244 0.0152969 -63.9091 -0.0245777 0.999648 0.00991474 -1.5427 -0.0150494 -0.0102866 0.999834 -0.160131
0.999564 0.0239492 0.0172777 -66.6216 -0.0241082 0.999668 0.0090502 -1.64499 -0.0170552 -0.00946279 0.99981 -0.167857
0.99966 0.0225398 0.0131574 -69.3372 -0.0226922 0.999675 0.0115537 -1.74378 -0.0128927 -0.0118484 0.999847 -0.19305
0.999637 0.0212847 0.0165164 -72.0587 -0.0214788 0.999701 0.0116647 -1.8391 -0.0162632 -0.0120153 0.999796 -0.182424
0.999679 0.0205946 0.0147967 -74.7904 -0.0207419 0.999736 0.0098692 -1.94608 -0.0145896 -0.0101729 0.999842 -0.174143
0.999741 0.0192344 0.0122182 -77.5223 -0.0193175 0.999791 0.0067215 -2.05844 -0.0120864 -0.00695579 0.999903 -0.165507
0.999713 0.0194079 0.0140959 -80.2403 -0.0194759 0.999799 0.00469948 -2.16963 -0.0140019 -0.00497267 0.99989 -0.168045
0.999693 0.0204968 0.0139445 -82.9614 -0.0205535 0.999781 0.00393039 -2.27845 -0.0138609 -0.00421579 0.999895 -0.155379
0.999684 0.022198 0.0118109 -85.6758 -0.022258 0.99974 0.00497994 -2.37216 -0.0116973 -0.00524125 0.999918 -0.170674
0.999596 0.0247351 0.0140423 -88.3827 -0.024768 0.999691 0.00217723 -2.44581 -0.0139841 -0.00252415 0.999899 -0.180614
0.999455 0.0281715 0.017221 -91.0961 -0.028162 0.999603 -0.000794398 -2.54074 -0.0172366 0.000308984 0.999851 -0.185212
0.999381 0.030797 0.0170253 -93.8242 -0.0307551 0.999523 -0.00272003 -2.61819 -0.017101 0.00219473 0.999851 -0.178778
0.999399 0.0326719 0.0115984 -96.5686 -0.0326337 0.999461 -0.00346865 -2.69786 -0.0117055 0.00308807 0.999927 -0.175657
0.999321 0.033838 0.0146239 -99.2818 -0.0338469 0.999427 0.000359669 -2.74784 -0.0146034 -0.000854403 0.999893 -0.222952
0.999398 0.0321199 0.0131171 -102.008 -0.0321731 0.999475 0.00386341 -2.79516 -0.0129861 -0.00428311 0.999907 -0.198077
0.999487 0.0290692 0.0134918 -104.73 -0.0291306 0.999566 0.00437648 -2.86569 -0.0133587 -0.00476726 0.9999 -0.218019
0.999594 0.0252699 0.0131761 -107.44 -0.0253224 0.999672 0.00382603 -2.94619 -0.0130751 -0.00415813 0.999906 -0.16955
0.999695 0.0202609 0.0141181 -110.166 -0.0202812 0.999793 0.00129581 -3.03768 -0.0140889 -0.00158175 0.9999 -0.166451
0.999761 0.0153429 0.0155963 -112.887 -0.0153114 0.99988 -0.00213284 -3.15713 -0.0156272 0.00189353 0.999876 -0.16216
0.999821 0.010538 0.0156886 -115.593 -0.0104404 0.999925 -0.00628795 -3.28216 -0.0157537 0.00612303 0.999857 -0.170372
0.999823 0.00757145 0.017235 -118.303 -0.00743917 0.999942 -0.0077266 -3.4197 -0.0172925 0.00759702 0.999822 -0.196905
0.99981 0.00690318 0.0182251 -121.013 -0.00668279 0.999904 -0.0121262 -3.56134 -0.0183071 0.0120021 0.99976 -0.174746
0.999867 0.00789762 0.0142601 -123.753 -0.00767727 0.999851 -0.0154417 -3.71532 -0.01438 0.0153302 0.999779 -0.166299
0.999857 0.00929756 0.0141308 -126.475 -0.00914647 0.9999 -0.0107205 -3.84796 -0.014229 0.0105897 0.999843 -0.177724
0.999831 0.0101367 0.0153557 -129.197 -0.0100385 0.999929 -0.00645357 -3.96839 -0.0154201 0.00629833 0.999861 -0.185767
0.999685 0.0117038 0.0221917 -131.884 -0.0114831 0.999883 -0.0100475 -4.08677 -0.0223067 0.0097895 0.999703 -0.15704
0.999757 0.0114643 0.0188074 -134.616 -0.011169 0.999814 -0.0157318 -4.24468 -0.0189843 0.0155179 0.999699 -0.156813
0.99979 0.00936363 0.018248 -137.335 -0.00908855 0.999844 -0.0151002 -4.3667 -0.0183865 0.0149312 0.99972 -0.156487
0.999829 0.00603349 0.0174826 -140.057 -0.00586428 0.999935 -0.00971433 -4.50481 -0.0175401 0.00961014 0.9998 -0.155728
0.999888 0.00449767 0.0142905 -142.776 -0.00441649 0.999974 -0.00570793 -4.60579 -0.0143158 0.00564417 0.999882 -0.162468
0.999808 0.00441284 0.0190937 -145.489 -0.00429373 0.999971 -0.00627516 -4.75888 -0.0191209 0.00619197 0.999798 -0.159328
0.999845 0.00408249 0.0171438 -148.228 -0.00392972 0.999952 -0.00893537 -4.93398 -0.0171794 0.00886661 0.999813 -0.157494
0.999883 0.00377167 0.0147989 -150.97 -0.00369057 0.999978 -0.00550422 -5.08587 -0.0148194 0.00544896 0.999875 -0.154998
0.999852 0.00224061 0.0170585 -153.709 -0.0022124 0.999996 -0.00167294 -5.22773 -0.0170622 0.00163495 0.999853 -0.150605
0.999811 0.000225963 0.019422 -156.432 -0.000203326 0.999999 -0.00116803 -5.36419 -0.0194222 0.00116386 0.999811 -0.116302
0.999801 -0.00116124 0.0199116 -159.156 0.00115837 0.999999 0.000155167 -5.50825 -0.0199118 -0.000132078 0.999802 -0.100193
0.999759 -0.00220639 0.0218403 -161.884 0.00224597 0.999995 -0.00178812 -5.68074 -0.0218363 0.00183674 0.99976 -0.107788
0.999686 -0.00385128 0.0247687 -164.633 0.00389299 0.999991 -0.00163648 -5.86812 -0.0247622 0.00173238 0.999692 -0.0665149
0.999576 -0.00521947 0.0286521 -167.37 0.00528449 0.999983 -0.00219427 -6.04638 -0.0286402 0.00234475 0.999587 -0.0350767
0.999493 -0.00688349 0.0310909 -170.123 0.00693464 0.999974 -0.00153821 -6.22084 -0.0310795 0.00175303 0.999515 0.00333919
0.999425 -0.0087578 0.0327483 -172.844 0.00880776 0.99996 -0.00138233 -6.40249 -0.0327349 0.00166997 0.999463 0.0288462
0.999337 -0.0107824 0.0347688 -175.595 0.0108769 0.999937 -0.00253091 -6.57977 -0.0347393 0.00290741 0.999392 0.0976188
0.999222 -0.0122554 0.0374864 -178.311 0.0122737 0.999924 -0.000259163 -6.77272 -0.0374804 0.000719053 0.999297 0.141857
0.999159 -0.0139092 0.0385808 -181.047 0.0139411 0.999902 -0.000557238 -6.95749 -0.0385693 0.00109462 0.999255 0.221828
0.999091 -0.0147719 0.0399914 -183.766 0.0148511 0.999888 -0.00168381 -7.15176 -0.0399621 0.00227619 0.999199 0.287972
0.999019 -0.015072 0.04164 -186.481 0.0152436 0.999876 -0.00380707 -7.34088 -0.0415775 0.00443807 0.999126 0.374164
0.998967 -0.0155526 0.0427036 -187.842 0.0157467 0.999867 -0.00421189 -7.43757 -0.0426324 0.00487998 0.999079 0.423374
