1 0 0 0 0 1 0 0 0 0 1 0
0.99932 -0.0353816 -0.0104074 -0.678721 0.0354066 0.999371 0.00222438 0.279551 0.0103221 -0.00259135 0.999943 -0.00979
0.998142 -0.0589924 -0.0152576 -1.81671 0.0590013 0.998258 0.000130545 0.326958 0.0152234 -0.00103052 0.999884 -0.0994965
0.998254 -0.0578358 -0.0120133 -3.9231 0.0578549 0.998324 0.00125362 0.102455 0.0119207 -0.00194646 0.999927 -0.188392
0.998372 -0.0550491 -0.0149157 -6.03181 0.0550948 0.998478 0.0026723 -0.115868 0.0147459 -0.00348972 0.999885 -0.248996
0.99829 -0.056265 -0.0158591 -8.13494 0.0563785 0.998386 0.00680029 -0.315799 0.0154509 -0.00768278 0.999851 -0.318467
0.998107 -0.0587588 -0.0181628 -10.2236 0.0588444 0.998258 0.00421644 -0.571841 0.0178834 -0.00527724 0.999826 -0.397418
0.997923 -0.0615371 -0.0190584 -12.3065 0.0616135 0.998094 0.0034453 -0.80149 0.01881 -0.00461239 0.999812 -0.480926
0.997754 -0.0639477 -0.0199531 -14.3882 0.0640007 0.997948 0.00202587 -1.02537 0.0197826 -0.00329833 0.999799 -0.566719
0.997581 -0.0654204 -0.0234928 -16.4842 0.0654849 0.997852 0.00198704 -1.25275 0.0233123 -0.00352066 0.999722 -0.634776
0.997511 -0.0657948 -0.0253485 -18.6276 0.0658868 0.997823 0.00281315 -1.53138 0.0251083 -0.00447628 0.999675 -0.730807
0.997428 -0.0650914 -0.0300035 -20.7886 0.0651956 0.997869 0.00250858 -1.78679 0.0297762 -0.00445823 0.999547 -0.838092
0.997322 -0.0658711 -0.0317586 -23.0309 0.0659721 0.997819 0.00214422 -2.04919 0.0315481 -0.00423366 0.999493 -0.943973
0.997081 -0.0668165 -0.0369342 -25.2681 0.0668029 0.997765 -0.0016023 -2.3057 0.0369587 -0.000869689 0.999316 -1.06753
0.997092 -0.0673445 -0.035655 -27.617 0.0672667 0.997729 -0.00337943 -2.58681 0.0358017 0.000971208 0.999358 -1.19213
0.996944 -0.0673512 -0.0395783 -29.918 0.0672492 0.997729 -0.00390468 -2.86115 0.0397514 0.00123114 0.999209 -1.3298
0.996781 -0.0671302 -0.0438189 -32.2577 0.0670874 0.997744 -0.00244638 -3.13386 0.0438842 -0.000501192 0.999036 -1.46792
0.996685 -0.0667216 -0.0465415 -34.6096 0.0666707 0.997771 -0.00264497 -3.38812 0.0466143 -0.000466751 0.998913 -1.60299
0.996595 -0.0653513 -0.0502818 -37.0033 0.0652669 0.997862 -0.00332106 -3.67961 0.0503913 2.80146e-05 0.998729 -1.74894
0.996586 -0.0642567 -0.0518419 -39.4173 0.0641135 0.997933 -0.00442209 -3.96961 0.0520189 0.00108322 0.998645 -1.9305
0.996542 -0.0640451 -0.0529351 -41.8781 0.0639529 0.997947 -0.00343514 -4.2419 0.0530465 3.7901e-05 0.998592 -2.10864
0.99631 -0.064143 -0.0570313 -44.3338 0.0641104 0.99794 -0.00240396 -4.52623 0.057068 -0.0012612 0.998369 -2.29492
0.996239 -0.063777 -0.0586455 -46.811 0.0637956 0.997962 -0.00155784 -4.81108 0.0586254 -0.00218935 0.998277 -2.47059
0.995966 -0.0634035 -0.0634959 -49.2652 0.063442 0.997984 -0.00141227 -5.08221 0.0634575 -0.00262174 0.997981 -2.66934
0.995919 -0.0631206 -0.0645042 -51.8064 0.0631716 0.998002 -0.0012517 -5.36624 0.0644543 -0.00282824 0.997917 -2.87998
0.995735 -0.0623686 -0.0679881 -54.3487 0.0625271 0.998043 0.000203264 -5.65877 0.0678424 -0.00445349 0.997686 -3.10626
0.995622 -0.062446 -0.0695525 -56.9295 0.0626194 0.998037 0.000312813 -5.94294 0.0693965 -0.00466678 0.997578 -3.31975
0.995851 -0.0620534 -0.0665613 -59.5462 0.0622449 0.99806 0.000804005 -6.2471 0.0663823 -0.00494377 0.997782 -3.53543
0.995877 -0.0611693 -0.0669869 -62.1496 0.0614045 0.998112 0.00145628 -6.54457 0.0667714 -0.00556357 0.997753 -3.73635
0.995886 -0.0609265 -0.0670756 -64.7548 0.0611724 0.998126 0.00161661 -6.8439 0.0668514 -0.00571314 0.997746 -3.92983
0.995692 -0.0608755 -0.0699354 -67.3888 0.0609858 0.998138 -0.000559993 -7.14627 0.0698393 -0.00370748 0.997551 -4.19105
0.995777 -0.0609851 -0.0686229 -70.0169 0.0610025 0.998136 -0.00184414 -7.41964 0.0686074 -0.00234982 0.997641 -4.43939
0.995767 -0.0609803 -0.0687643 -72.6599 0.0609806 0.998137 -0.00209715 -7.70331 0.0687641 -0.00210501 0.997631 -4.66935
0.995744 -0.0603121 -0.069685 -75.3251 0.0602976 0.998178 -0.00231504 -8.02002 0.0696976 -0.00189665 0.997566 -4.87436
0.995821 -0.059449 -0.0693191 -77.9791 0.0595326 0.998226 -0.000860799 -8.30908 0.0692473 -0.00326955 0.997594 -5.10085
0.995481 -0.0601415 -0.0734775 -80.6679 0.0602486 0.998183 -0.000759412 -8.60528 0.0733897 -0.00367094 0.997296 -5.36683
0.995423 -0.0607004 -0.0738097 -83.3177 0.0608741 0.998145 0.000103893 -8.88765 0.0736666 -0.00459652 0.997272 -5.59975
0.995238 -0.0612552 -0.075819 -85.9948 0.0614341 0.998111 2.71968e-05 -9.19097 0.0756741 -0.00468494 0.997121 -5.83239
0.995349 -0.0621049 -0.0736404 -88.668 0.0624088 0.998049 0.00182978 -9.48905 0.0733831 -0.00641708 0.997283 -6.08659
0.995303 -0.0633417 -0.0732073 -91.3557 0.0637325 0.997962 0.00301166 -9.80027 0.0728674 -0.00766319 0.997312 -6.3241
0.995041 -0.0646254 -0.0756072 -94.0669 0.0650084 0.997881 0.00261341 -10.0938 0.0752781 -0.00751556 0.997134 -6.54007
0.995028 -0.0656726 -0.0748676 -96.7214 0.0660868 0.997809 0.00306595 -10.3852 0.0745022 -0.00799846 0.997189 -6.76004
0.995168 -0.0656085 -0.0730399 -99.3798 0.0661095 0.997802 0.00445944 -10.7036 0.0725868 -0.00926652 0.997319 -7.01229
0.994951 -0.0661968 -0.0754252 -102.042 0.0667452 0.997758 0.00477092 -11.019 0.0749403 -0.0097811 0.99714 -7.2484
0.994918 -0.067048 -0.0751088 -104.705 0.0677848 0.997673 0.00729968 -11.3466 0.0744447 -0.0123538 0.997148 -7.53817
0.994633 -0.0693069 -0.0768235 -107.386 0.0700494 0.997519 0.00700965 -11.6919 0.0761471 -0.0123535 0.99702 -7.75834
0.994656 -0.0702315 -0.0756652 -110.088 0.0710902 0.997432 0.00871339 -11.9738 0.074859 -0.0140459 0.997095 -8.02004
0.994677 -0.0704297 -0.0752065 -112.772 0.0713577 0.997403 0.00972106 -12.2765 0.0743266 -0.0150359 0.99712 -8.2742
0.994682 -0.0688802 -0.0765653 -115.46 0.0699626 0.997483 0.0115426 -12.6065 0.0755776 -0.0168379 0.996998 -8.51148
0.994985 -0.066452 -0.0747514 -118.119 0.0676401 0.997619 0.013473 -12.9002 0.0736781 -0.0184616 0.997111 -8.781
0.995192 -0.0638404 -0.074279 -120.769 0.0650634 0.997781 0.0141613 -13.2866 0.0732101 -0.018926 0.997137 -8.99363
0.995056 -0.063582 -0.0762927 -123.465 0.0645365 0.997864 0.0101091 -13.6063 0.0754871 -0.0149828 0.997034 -9.23273
0.994683 -0.0645068 -0.0802721 -126.115 0.0654572 0.997812 0.00926181 -13.8993 0.0794991 -0.014467 0.99673 -9.50633
0.994392 -0.0665747 -0.0821727 -128.806 0.0676016 0.997664 0.00977593 -14.1859 0.08133 -0.0152761 0.99657 -9.76687
0.994619 -0.0651666 -0.0805302 -131.484 0.0658529 0.997812 0.00589277 -14.4467 0.07997 -0.0111642 0.996734 -10.065
0.994752 -0.0634471 -0.0802687 -134.147 0.0642747 0.997902 0.00776613 -14.7984 0.0796076 -0.0128846 0.996743 -10.3137
0.994754 -0.0620569 -0.0813122 -136.829 0.0629631 0.997978 0.00862637 -15.1358 0.0806126 -0.0137008 0.996651 -10.5756
0.994402 -0.062112 -0.0854778 -139.558 0.0629644 0.997989 0.00731087 -15.4391 0.0848518 -0.012652 0.996313 -10.8562
0.994314 -0.0627847 -0.0860024 -142.247 0.0635916 0.997954 0.00667184 -15.7549 0.0854075 -0.0121029 0.996272 -11.1004
0.994354 -0.0635463 -0.084972 -144.942 0.0642634 0.997916 0.00572713 -16.0565 0.0844311 -0.0111554 0.996367 -11.4342
0.994152 -0.0640059 -0.0869771 -147.638 0.0646518 0.997897 0.00462692 -16.3585 0.0864981 -0.0102231 0.996199 -11.6975
0.994254 -0.0632606 -0.0863446 -150.328 0.0640114 0.997931 0.00595207 -16.6529 0.0857895 -0.0114449 0.996247 -11.9495
0.994223 -0.0629176 -0.08695 -153.03 0.063902 0.997919 0.00858247 -16.958 0.0862291 -0.0140892 0.996176 -12.2511
0.99436 -0.0626679 -0.0855512 -155.711 0.0635469 0.99795 0.00758781 -17.2797 0.0849003 -0.0129815 0.996305 -12.5226
0.994123 -0.0631764 -0.0878981 -158.428 0.0639936 0.997929 0.00650806 -17.6238 0.087305 -0.0120947 0.996108 -12.822
0.994128 -0.0644085 -0.0869473 -161.122 0.0652695 0.997842 0.00709365 -17.9194 0.0863029 -0.012727 0.996188 -13.1155
0.993977 -0.0670249 -0.0866903 -163.832 0.0679355 0.997661 0.0075935 -18.2373 0.0859786 -0.0134371 0.996206 -13.3751
0.993748 -0.0675498 -0.0888834 -166.529 0.068179 0.997665 0.00405803 -18.5091 0.0884018 -0.0100926 0.996034 -13.6565
0.994203 -0.0669301 -0.0841364 -169.203 0.0675737 0.997703 0.00482127 -18.8352 0.0836205 -0.0104787 0.996442 -13.9424
0.99428 -0.0661014 -0.0838876 -171.899 0.066875 0.99774 0.00644375 -19.1799 0.0832722 -0.0120169 0.996454 -14.2258
0.994418 -0.065091 -0.0830398 -174.587 0.0660734 0.997773 0.00913493 -19.4791 0.0822603 -0.0145707 0.996504 -14.5139
0.994389 -0.0662864 -0.0824352 -177.276 0.0674398 0.997659 0.0112837 -19.81 0.0814943 -0.0167798 0.996532 -14.8089
0.994241 -0.0682392 -0.0826308 -179.975 0.0695342 0.997496 0.0128939 -20.0996 0.0815441 -0.0185653 0.996497 -15.0879
0.993782 -0.0700634 -0.0865336 -182.707 0.0715596 0.997334 0.0143076 -20.4216 0.0853004 -0.020411 0.996146 -15.3678
0.99342 -0.0694061 -0.091095 -185.372 0.0708873 0.997398 0.0131225 -20.7668 0.0899473 -0.0194936 0.995756 -15.6436
0.993222 -0.0681817 -0.0941241 -188.024 0.0695953 0.997505 0.0118151 -21.0758 0.0930838 -0.0182856 0.99549 -15.9197
0.993399 -0.0674589 -0.0927727 -190.692 0.0687273 0.99758 0.0105427 -21.4094 0.091837 -0.0168491 0.995631 -16.252
0.993289 -0.0675133 -0.093905 -193.406 0.0686518 0.9976 0.00894314 -21.7535 0.0930759 -0.0153299 0.995541 -16.5071
0.993366 -0.0678335 -0.0928523 -196.114 0.0687927 0.997605 0.00716526 -22.0653 0.0921439 -0.0135053 0.995654 -16.8252
0.993161 -0.068678 -0.0944085 -198.806 0.0695664 0.997558 0.00614714 -22.3964 0.0937559 -0.0126728 0.995515 -17.1297
0.992973 -0.0691716 -0.0960106 -201.509 0.0701381 0.997514 0.0067245 -22.6986 0.0953069 -0.0134113 0.995358 -17.4246
0.993079 -0.0689251 -0.0950866 -204.201 0.0698438 0.997537 0.00636374 -22.9966 0.0944139 -0.0129609 0.995449 -17.7145
0.993082 -0.0694452 -0.0946821 -206.914 0.0703085 0.997508 0.00580863 -23.3501 0.0940429 -0.0124254 0.995491 -18.0053
0.993187 -0.0700654 -0.093103 -209.6 0.0706296 0.997499 0.00277389 -23.6732 0.0926759 -0.00933082 0.995653 -18.2491
0.993217 -0.0705504 -0.0924235 -212.298 0.071235 0.997451 0.0041248 -23.9936 0.091897 -0.0106806 0.995711 -18.5379
0.993324 -0.0723809 -0.0898147 -214.98 0.0732202 0.997297 0.00608051 -24.328 0.0891318 -0.0126162 0.99594 -18.8498
0.993172 -0.0740945 -0.0900953 -217.68 0.0749408 0.99717 0.00604254 -24.6564 0.0893927 -0.0127531 0.995915 -19.1265
0.993167 -0.076001 -0.0885559 -220.39 0.076901 0.997015 0.00679028 -24.9986 0.0877756 -0.0135539 0.996048 -19.4063
0.992918 -0.0765237 -0.0908649 -223.076 0.0772961 0.996995 0.00500677 -25.356 0.0902088 -0.0119948 0.995851 -19.7093
0.992616 -0.0755146 -0.0949184 -225.785 0.076218 0.997084 0.0038024 -25.709 0.0943545 -0.0110088 0.995478 -20.0335
0.992556 -0.0726471 -0.0977421 -228.486 0.0732361 0.997312 0.00244715 -26.0411 0.0973016 -0.00958718 0.995209 -20.2996
0.992843 -0.069065 -0.0974258 -231.142 0.0695976 0.997573 0.0020753 -26.3745 0.097046 -0.00884105 0.995241 -20.5395
0.992811 -0.0651646 -0.100388 -233.868 0.0657252 0.997835 0.00228294 -26.6988 0.100022 -0.00886458 0.994946 -20.8259
0.992989 -0.0634866 -0.0996997 -236.587 0.0639788 0.99795 0.00174329 -27.0036 0.0993847 -0.00810974 0.995016 -21.0734
0.993289 -0.0634036 -0.096724 -239.303 0.0638504 0.997958 0.00152768 -27.3001 0.0964297 -0.00769329 0.99531 -21.3424
0.993184 -0.0642377 -0.0972476 -241.974 0.0648639 0.997889 0.00328827 -27.622 0.0968311 -0.00957371 0.995255 -21.6551
0.992792 -0.0650327 -0.100669 -244.642 0.0659579 0.997805 0.00588605 -27.9336 0.100065 -0.0124835 0.994902 -21.9778
0.992573 -0.0677001 -0.10107 -247.4 0.0687683 0.997607 0.00711928 -28.2616 0.100346 -0.0140168 0.994854 -22.3014
0.992162 -0.0702137 -0.10336 -250.098 0.0713554 0.997424 0.00738573 -28.5929 0.102575 -0.0147031 0.994617 -22.6197
0.991756 -0.0730048 -0.105309 -252.811 0.0742459 0.997209 0.00790857 -28.9037 0.104438 -0.0156621 0.994408 -22.9144
0.991654 -0.074808 -0.104995 -255.483 0.0758362 0.997103 0.00582881 -29.276 0.104254 -0.0137426 0.994456 -23.239
0.99178 -0.0756204 -0.103209 -258.195 0.076808 0.997017 0.00757598 -29.6172 0.102328 -0.015441 0.994631 -23.5804
0.991718 -0.0759448 -0.103572 -260.894 0.0773528 0.996957 0.00964091 -29.9481 0.102525 -0.0175726 0.994575 -23.8942
0.991488 -0.075008 -0.106417 -263.579 0.0764627 0.997026 0.00965113 -30.2745 0.105376 -0.0177059 0.994275 -24.2022
0.991626 -0.0740766 -0.105781 -266.263 0.0755746 0.997088 0.0102178 -30.6236 0.104716 -0.0181266 0.994337 -24.5266
0.991448 -0.0717571 -0.109 -268.967 0.0735027 0.997222 0.0120767 -30.9605 0.107831 -0.0199852 0.993968 -24.8452
0.991329 -0.0704083 -0.110939 -271.659 0.0723262 0.997292 0.0133545 -31.2932 0.109698 -0.0212625 0.993737 -25.1671
0.991347 -0.0694026 -0.111412 -274.361 0.0713134 0.997366 0.013253 -31.6116 0.110198 -0.0210834 0.993686 -25.5208
0.991658 -0.0690471 -0.108833 -277.079 0.0707398 0.997425 0.0117649 -31.9566 0.107741 -0.0193656 0.99399 -25.8651
0.991441 -0.068907 -0.110887 -279.756 0.0705444 0.997449 0.0109071 -32.2856 0.109853 -0.0186362 0.993773 -26.1939
0.99091 -0.0694694 -0.115199 -282.454 0.0709185 0.997446 0.00852387 -32.6165 0.114312 -0.0166161 0.993306 -26.5535
0.991179 -0.0702658 -0.11236 -285.152 0.0717858 0.997374 0.00953462 -32.9289 0.111395 -0.0175164 0.993622 -26.9167
0.991222 -0.0704423 -0.11187 -287.842 0.0720626 0.997345 0.0105013 -33.2279 0.110833 -0.0184707 0.993667 -27.2643
0.991342 -0.0708807 -0.110526 -290.56 0.0725346 0.997305 0.0110096 -33.5966 0.109448 -0.0189312 0.993812 -27.6491
0.991144 -0.0716493 -0.111796 -293.252 0.0730593 0.997291 0.0085617 -33.9412 0.110879 -0.0166536 0.993694 -27.9952
0.991003 -0.0728365 -0.11228 -295.958 0.0740401 0.997234 0.00658109 -34.2718 0.11149 -0.0148351 0.993655 -28.3241
0.991068 -0.0747508 -0.110434 -298.669 0.0758931 0.997097 0.00617128 -34.5784 0.109652 -0.0144973 0.993864 -28.6449
0.990839 -0.0752912 -0.112104 -301.35 0.0765187 0.997046 0.00668082 -34.8877 0.11127 -0.0151977 0.993674 -28.9543
0.990672 -0.0761671 -0.112989 -304.045 0.0768938 0.997037 0.00208195 -35.2278 0.112495 -0.0107507 0.993594 -29.3552
0.991076 -0.0761164 -0.109419 -306.723 0.0771546 0.997005 0.00527937 -35.6038 0.10869 -0.0136745 0.993982 -29.7084
0.99099 -0.0765361 -0.109908 -309.428 0.0778157 0.99694 0.00739434 -35.9168 0.109006 -0.0158803 0.993914 -30.0497
0.990683 -0.07903 -0.1109 -312.174 0.0804776 0.996719 0.00863144 -36.2746 0.109854 -0.017476 0.993794 -30.3771
0.990778 -0.0797337 -0.10954 -314.878 0.0811014 0.996673 0.00808058 -36.6129 0.108531 -0.0168899 0.99395 -30.7141
0.99077 -0.0799003 -0.109491 -317.568 0.081167 0.996675 0.00715381 -36.9488 0.108555 -0.0159748 0.993962 -31.0716
0.990664 -0.0783665 -0.111543 -320.244 0.079679 0.996794 0.00735154 -37.3165 0.11061 -0.0161706 0.993732 -31.4009
0.99035 -0.0796214 -0.113429 -322.575 0.0810314 0.996681 0.00786703 -37.6054 0.112426 -0.0169824 0.993515 -31.6898
