1 0 0 0 0 1 0 0 0 0 1 0
1 -0.000304618 0.000281315 0.0118377 0.000304692 1 -0.000264265 -0.0124127 -0.000281234 0.000264351 1 0.0111749
1 -0.000202493 0.000238743 0.0384036 0.000202514 1 -8.87601e-05 -0.0131567 -0.000238725 8.88085e-05 1 0.011112
1 -8.51833e-05 0.000243229 0.0440467 8.52136e-05 1 -0.00012494 -0.00994094 -0.000243219 0.00012496 1 0.0118614
1 -0.000107105 0.000252571 0.0630349 0.000107162 1 -0.000225087 -0.0093076 -0.000252547 0.000225114 1 0.0141009
1 -0.000209407 0.000202296 0.0849129 0.000209461 1 -0.000265581 -0.00811332 -0.000202241 0.000265623 1 0.0161571
1 5.30037e-05 0.000117058 0.115559 -5.29694e-05 1 -0.000292767 -0.00361936 -0.000117073 0.000292761 1 0.0209826
1 0.000101508 0.00013207 0.119409 -0.000101482 1 -0.000194814 -0.0038241 -0.00013209 0.000194801 1 0.0156226
1 8.60288e-05 0.000149866 0.141855 -8.59876e-05 1 -0.000275111 -0.0069591 -0.00014989 0.000275098 1 0.0209403
1 0.000200089 0.00021434 0.148086 -0.000199954 1 -0.000628443 -0.00804596 -0.000214465 0.0006284 1 0.0342854
1 0.000391727 0.000586623 0.178166 -0.0003911 0.999999 -0.00106904 -0.010374 -0.000587041 0.00106881 0.999999 0.0466482
1 0.000167103 0.000702177 0.164895 -0.000166611 1 -0.000702039 -0.0114754 -0.000702294 0.000701922 1 0.0328105
1 0.000364657 0.000736296 0.176439 -0.000363691 0.999999 -0.00131107 -0.00355637 -0.000736773 0.0013108 0.999999 0.0364977
1 -0.000303924 0.000960143 0.13396 0.000305389 0.999999 -0.00152545 -0.0038529 -0.000959678 0.00152574 0.999998 0.0433736
0.999999 0.000339241 0.00173047 0.0450106 -0.000336979 0.999999 -0.00130717 -0.0149563 -0.00173092 0.00130659 0.999998 0.0400839
0.999993 -0.000203344 0.00370916 -0.105046 0.000205059 1 -0.000462007 -0.0188366 -0.00370906 0.000462764 0.999993 0.018739
0.999987 -0.000695343 0.00511759 -0.312382 0.000696265 1 -0.00017833 -0.0351965 -0.00511747 0.000181891 0.999987 0.0166029
0.999977 -0.00115721 0.00663812 -0.606752 0.00115924 0.999999 -0.000302273 -0.0563776 -0.00663776 0.000309961 0.999978 0.0193522
0.999976 0.000123866 0.00697627 -0.980195 -0.000119688 1 -0.000599319 -0.0706154 -0.00697635 0.00059847 0.999976 0.0288637
0.999972 0.00147802 0.0073356 -1.53348 -0.00148394 0.999999 0.000801502 -0.0932886 -0.00733441 -0.000812365 0.999973 -0.0123141
0.999964 0.00385314 0.00754063 -2.17376 -0.00386083 0.999992 0.0010054 -0.134445 -0.00753669 -0.00103448 0.999971 -0.0208517
0.999964 0.00384462 0.00758344 -2.92277 -0.00385306 0.999992 0.00109776 -0.158436 -0.00757916 -0.00112693 0.999971 -0.0322393
0.999964 0.00225606 0.00816969 -3.757 -0.00227572 0.999995 0.00239756 -0.199749 -0.00816424 -0.00241607 0.999964 -0.0669032
0.999962 0.00187676 0.00854703 -4.65303 -0.00189972 0.999995 0.0026799 -0.264827 -0.00854196 -0.00269603 0.99996 -0.0727083
0.999957 -0.00145245 0.00912904 -5.62198 0.00141823 0.999992 0.00375429 -0.335027 -0.00913442 -0.00374118 0.999951 -0.106497
0.999942 -0.00594037 0.00901542 -6.68462 0.00589965 0.999972 0.0045366 -0.399608 -0.00904212 -0.00448315 0.999949 -0.14836
0.999898 -0.0101063 0.010126 -7.82202 0.0100616 0.999939 0.00445742 -0.480031 -0.0101705 -0.00435508 0.999939 -0.133389
0.99985 -0.014349 0.00974845 -9.03308 0.0142972 0.999883 0.005359 -0.59025 -0.00982421 -0.00521882 0.999938 -0.147185
0.999783 -0.018217 0.0101239 -10.3228 0.0181786 0.999827 0.00386282 -0.673478 -0.0101925 -0.00367794 0.999941 -0.14392
0.999748 -0.0196466 0.0108401 -11.629 0.0196069 0.999801 0.00375584 -0.782024 -0.0109117 -0.00354235 0.999934 -0.146905
0.999744 -0.0192834 0.0118495 -12.9723 0.019229 0.999804 0.00469121 -0.897786 -0.0119376 -0.00446216 0.999919 -0.162623
0.999755 -0.0185846 0.012058 -14.3767 0.018524 0.999815 0.00512281 -0.985058 -0.012151 -0.00489819 0.999914 -0.168906
0.999771 -0.0175072 0.0122914 -15.811 0.0174488 0.999836 0.00484228 -1.05839 -0.0123742 -0.0046267 0.999913 -0.176212
0.999809 -0.0151641 0.012313 -17.28 0.0150941 0.999869 0.0057627 -1.19687 -0.0123988 -0.00557575 0.999908 -0.177281
0.999804 -0.0148267 0.0130931 -18.8228 0.0147333 0.999866 0.00720133 -1.29795 -0.0131981 -0.00700702 0.999888 -0.219114
0.999796 -0.0165029 0.0116196 -20.3574 0.0164095 0.999833 0.0080862 -1.41151 -0.0117511 -0.00789388 0.9999 -0.218903
0.999752 -0.019024 0.0115948 -21.9249 0.0189161 0.999777 0.00935063 -1.51131 -0.0117701 -0.00912898 0.999889 -0.246471
0.999682 -0.0212937 0.0134996 -23.5221 0.0211614 0.999727 0.00986838 -1.65577 -0.013706 -0.00957957 0.99986 -0.245405
0.999651 -0.0227406 0.0134465 -25.1401 0.0226087 0.999696 0.00987859 -1.80587 -0.013667 -0.00957113 0.999861 -0.222072
0.999601 -0.0246224 0.0138311 -26.7935 0.0244755 0.999643 0.0106893 -1.92886 -0.0140893 -0.0103465 0.999847 -0.200689
0.999586 -0.0262755 0.0117448 -28.4792 0.0261733 0.999619 0.00876704 -2.09162 -0.0119706 -0.00845601 0.999893 -0.200217
0.999618 -0.0246403 0.0125292 -30.1875 0.0245119 0.999646 0.0102964 -2.2289 -0.0127785 -0.00998536 0.999868 -0.236919
0.999696 -0.0219426 0.0112235 -31.9216 0.0218193 0.999701 0.0109918 -2.36682 -0.0114613 -0.0107436 0.999876 -0.248058
0.999762 -0.0200234 0.00868521 -33.6725 0.019936 0.999751 0.0100277 -2.49157 -0.00888383 -0.00985218 0.999912 -0.270863
0.999787 -0.018104 0.00992978 -35.4669 0.0180017 0.999785 0.0102991 -2.64024 -0.0101141 -0.0101181 0.999898 -0.277128
0.999811 -0.0177813 0.0079004 -37.2788 0.0176831 0.999767 0.0123364 -2.77008 -0.00811792 -0.0121943 0.999893 -0.267469
0.999825 -0.0179313 0.00532441 -39.0721 0.0178518 0.999734 0.0146213 -2.89602 -0.00558517 -0.0145236 0.999879 -0.290886
0.999768 -0.0209939 0.00492397 -40.9287 0.0209111 0.999648 0.0162985 -3.05509 -0.00526441 -0.0161917 0.999855 -0.305422
0.999685 -0.0248739 0.00332514 -42.7456 0.0248092 0.999526 0.0182405 -3.2037 -0.00377727 -0.0181523 0.999828 -0.335893
0.999554 -0.0296517 0.00365088 -44.5595 0.0295838 0.99941 0.0174353 -3.36538 -0.00416571 -0.0173195 0.999841 -0.32987
0.999333 -0.0359496 0.00639409 -46.376 0.0358287 0.999194 0.0181166 -3.53723 -0.00704022 -0.0178754 0.999815 -0.338064
0.999099 -0.0422102 0.00447555 -48.2195 0.0421194 0.998937 0.0187311 -3.70942 -0.00526143 -0.0185257 0.999815 -0.37364
0.99881 -0.0482846 0.00685633 -50.0524 0.0481408 0.998645 0.0197786 -3.92403 -0.00780203 -0.019425 0.999781 -0.369121
0.998586 -0.0530952 0.00240674 -51.8831 0.0530395 0.998408 0.0191688 -4.13072 -0.00342068 -0.0190141 0.999813 -0.381335
0.998434 -0.0558583 0.00294723 -53.7185 0.0557913 0.998256 0.0193158 -4.33434 -0.00402104 -0.0191212 0.999809 -0.375928
0.998371 -0.0570605 0.000426015 -55.5199 0.0570414 0.998182 0.0194403 -4.52801 -0.00153451 -0.0193843 0.999811 -0.39483
0.998348 -0.0574524 -0.000229467 -57.3611 0.0574454 0.998146 0.0200977 -4.76535 -0.000925612 -0.0200776 0.999798 -0.406311
0.998335 -0.0576776 0.000171389 -59.2188 0.0576629 0.998141 0.0197356 -4.97051 -0.00130937 -0.0196929 0.999805 -0.413713
0.998337 -0.0576351 -0.000517335 -61.1037 0.0576336 0.998129 0.0204261 -5.19665 -0.000660885 -0.0204219 0.999791 -0.440146
0.998341 -0.0575828 -0.000217483 -63.0135 0.0575749 0.998126 0.0207482 -5.42501 -0.000977658 -0.0207263 0.999785 -0.445793
0.998351 -0.0572307 -0.00445583 -64.9259 0.0573117 0.998138 0.0209064 -5.64594 0.00325105 -0.0211273 0.999771 -0.461443
0.998357 -0.0570146 -0.00575272 -66.8669 0.0571295 0.998118 0.0223119 -5.85354 0.00446979 -0.0226039 0.999734 -0.502414
0.998395 -0.0564179 -0.00483325 -68.8052 0.0565155 0.998131 0.0232567 -6.07255 0.00351213 -0.0234925 0.999718 -0.529166
0.998453 -0.0553908 -0.00491912 -70.7818 0.0554906 0.998189 0.0232227 -6.33521 0.0036239 -0.0234597 0.999718 -0.532004
0.998537 -0.0537997 -0.00539631 -72.7705 0.0539167 0.998243 0.0245746 -6.56132 0.00406473 -0.0248296 0.999683 -0.573723
0.998616 -0.0522355 -0.0061979 -74.7735 0.0523781 0.998298 0.0256638 -6.7612 0.00484679 -0.0259529 0.999651 -0.620266
0.998752 -0.0494202 -0.00715181 -76.7618 0.0495835 0.998461 0.0248312 -6.99734 0.00591365 -0.0251549 0.999666 -0.661105
0.998884 -0.0466691 -0.00730011 -78.7836 0.046841 0.998577 0.0254884 -7.23396 0.00610021 -0.0258019 0.999648 -0.696726
0.998915 -0.0461006 -0.00664884 -80.8403 0.046259 0.99859 0.0260536 -7.41878 0.00543838 -0.0263329 0.999638 -0.715693
0.998896 -0.0461067 -0.00896777 -82.9258 0.0463347 0.998557 0.0271461 -7.64776 0.00770321 -0.0275317 0.999591 -0.766269
0.99893 -0.045233 -0.00964814 -85.0089 0.0454847 0.998581 0.0277086 -7.85311 0.00838111 -0.0281178 0.999569 -0.804804
0.998922 -0.045421 -0.00958823 -87.1586 0.0456734 0.998564 0.0279885 -8.07298 0.00830321 -0.0283962 0.999562 -0.842356
0.998918 -0.0454285 -0.00994107 -89.3298 0.0456929 0.998557 0.028228 -8.32081 0.00864437 -0.0286517 0.999552 -0.891305
0.998902 -0.0455505 -0.0109643 -91.496 0.0458517 0.998527 0.0290017 -8.5271 0.00962711 -0.0294726 0.999519 -0.974564
0.998895 -0.0452802 -0.0125831 -93.7052 0.0456389 0.998512 0.0298516 -8.76924 0.0112127 -0.0303929 0.999475 -1.0384
0.998836 -0.0458276 -0.0150411 -95.9337 0.0462693 0.998464 0.030465 -8.99662 0.0136219 -0.0311255 0.999422 -1.07337
0.998817 -0.0464511 -0.0144068 -98.1933 0.0468637 0.998458 0.0297619 -9.22623 0.0130021 -0.0304019 0.999453 -1.1281
0.998803 -0.0468731 -0.0139604 -100.439 0.047282 0.998414 0.0305656 -9.48011 0.0125056 -0.0311891 0.999435 -1.19294
0.998785 -0.0471433 -0.0143602 -102.73 0.0475777 0.998368 0.0315832 -9.74409 0.0128478 -0.0322281 0.999398 -1.26641
0.998739 -0.047927 -0.0149819 -105.001 0.0483831 0.998325 0.0317359 -9.972 0.0134358 -0.0324207 0.999384 -1.33207
0.998665 -0.0494285 -0.0150146 -107.33 0.0498887 0.998242 0.0320032 -10.2207 0.0134063 -0.0327095 0.999375 -1.39629
0.998588 -0.0501187 -0.0176061 -109.615 0.0506687 0.998192 0.0323193 -10.4709 0.0159545 -0.0331657 0.999322 -1.44107
0.998584 -0.0504217 -0.0169469 -111.971 0.0509757 0.99812 0.0340294 -10.7359 0.0151992 -0.0348451 0.999277 -1.52539
0.998581 -0.0499625 -0.018421 -114.341 0.0505831 0.998109 0.0349268 -10.9872 0.0166411 -0.0358091 0.99922 -1.607
0.998606 -0.0492555 -0.0189651 -116.677 0.0498964 0.998143 0.0349544 -11.2451 0.0172082 -0.0358519 0.999209 -1.67873
0.998592 -0.0494863 -0.0191236 -119.082 0.0501455 0.998104 0.0356892 -11.5159 0.0173212 -0.0365979 0.99918 -1.75917
0.998455 -0.051167 -0.0216692 -121.537 0.0519264 0.997999 0.0360712 -11.7793 0.0197802 -0.0371407 0.999114 -1.84699
0.998273 -0.0535309 -0.0241934 -123.982 0.0543501 0.997923 0.0345822 -12.0477 0.0222919 -0.0358374 0.999109 -1.92677
0.998184 -0.0554651 -0.0235002 -126.465 0.0562548 0.997824 0.0343955 -12.3561 0.0215413 -0.035655 0.999132 -2.01331
0.998145 -0.0565777 -0.0224707 -128.975 0.0573298 0.997763 0.0343743 -12.6405 0.0204756 -0.0355988 0.999156 -2.10243
0.998156 -0.0560116 -0.0233978 -131.454 0.056824 0.997748 0.0356336 -12.9085 0.0213493 -0.0368975 0.999091 -2.1771
0.998204 -0.0550977 -0.0235342 -133.977 0.0558499 0.997907 0.0325999 -13.2322 0.0216888 -0.0338557 0.999191 -2.27548
0.998167 -0.0565482 -0.0215393 -136.533 0.0572067 0.997872 0.0312919 -13.5097 0.019724 -0.0324667 0.999278 -2.33988
0.998149 -0.0568718 -0.0215532 -139.112 0.0574974 0.997906 0.0296151 -13.8019 0.0198238 -0.0307995 0.999329 -2.42874
0.997999 -0.0575668 -0.0261603 -141.702 0.0582964 0.997905 0.0280396 -14.1375 0.0244913 -0.0295085 0.999264 -2.50391
0.998027 -0.057496 -0.0252056 -144.282 0.0582663 0.99782 0.0309769 -14.4144 0.0233696 -0.0323845 0.999202 -2.61604
0.997957 -0.0580576 -0.0266613 -146.896 0.0589285 0.997712 0.0331375 -14.7367 0.0246764 -0.0346409 0.999095 -2.71947
0.997946 -0.0574925 -0.0282659 -149.497 0.0583332 0.99785 0.029878 -15.0433 0.0264874 -0.0314655 0.999153 -2.81743
0.997943 -0.058463 -0.0263108 -152.137 0.0592057 0.997842 0.0283942 -15.3553 0.024594 -0.0298935 0.99925 -2.91903
0.997846 -0.0592485 -0.0281455 -154.777 0.0599554 0.997889 0.024974 -15.6677 0.0266064 -0.0266077 0.999291 -3.01923
0.997775 -0.0592819 -0.0305088 -157.445 0.0600552 0.99788 0.0250867 -16.008 0.0289569 -0.0268631 0.999219 -3.15413
0.99774 -0.0591341 -0.0319043 -160.093 0.0599779 0.997857 0.0261724 -16.3077 0.0302882 -0.0280268 0.999148 -3.29041
0.997908 -0.0588431 -0.0267761 -162.751 0.0595434 0.997883 0.0261574 -16.6324 0.0251803 -0.027697 0.999299 -3.40011
0.998024 -0.0573399 -0.025699 -165.412 0.0580422 0.997936 0.0274747 -16.9505 0.0240706 -0.028912 0.999292 -3.48852
0.997971 -0.0572203 -0.0279273 -168.111 0.0580401 0.997879 0.0294884 -17.2502 0.0261807 -0.0310495 0.999175 -3.58714
0.997432 -0.0576784 -0.0424655 -170.727 0.0589786 0.997808 0.0300309 -17.5464 0.0406403 -0.0324583 0.998646 -3.69305
0.997232 -0.0570853 -0.0476336 -173.148 0.0586276 0.997779 0.0316348 -17.8066 0.0457219 -0.0343399 0.998364 -3.80096
0.997384 -0.0597286 -0.0407104 -175.458 0.0608906 0.997754 0.0279268 -18.0634 0.0389509 -0.0303327 0.99878 -3.84647
0.997478 -0.0616629 -0.0351412 -177.67 0.0626778 0.997625 0.0285495 -18.3346 0.0332973 -0.0306801 0.998974 -3.95223
0.997494 -0.0628409 -0.0324942 -179.863 0.0638281 0.997501 0.0302921 -18.6068 0.0305094 -0.0322903 0.999013 -4.03291
0.997382 -0.0643526 -0.0329947 -182.037 0.0653704 0.997387 0.0307572 -18.8649 0.0309292 -0.0328336 0.998982 -4.13777
0.997379 -0.0670838 -0.0271187 -184.187 0.068011 0.997076 0.0348529 -19.1589 0.0247013 -0.036606 0.999024 -4.24829
0.997268 -0.0690872 -0.0261539 -186.311 0.069889 0.99707 0.031099 -19.449 0.0239287 -0.0328419 0.999174 -4.30048
0.997101 -0.0700919 -0.0296157 -188.432 0.0710485 0.99694 0.0325884 -19.7036 0.0272409 -0.0345981 0.99903 -4.4024
0.997092 -0.0682865 -0.0338405 -190.517 0.0694005 0.997046 0.0329178 -19.9492 0.0314927 -0.0351706 0.998885 -4.51434
0.997293 -0.0661545 -0.0320838 -192.596 0.0672061 0.997197 0.032887 -20.2362 0.0298182 -0.0349542 0.998944 -4.58232
0.997498 -0.063228 -0.0316125 -194.698 0.0642742 0.997378 0.0332537 -20.5268 0.0294271 -0.0352023 0.998947 -4.65976
0.997679 -0.061746 -0.0287175 -196.797 0.0627264 0.997431 0.0345934 -20.7604 0.0265077 -0.0363144 0.998989 -4.74463
0.997666 -0.0621302 -0.0283173 -198.964 0.0631631 0.99731 0.0371747 -21.0384 0.0259314 -0.0388765 0.998907 -4.87537
0.997532 -0.062708 -0.0315829 -201.108 0.0638754 0.997256 0.0374225 -21.2948 0.0291496 -0.0393475 0.9988 -4.95883
0.997535 -0.0638231 -0.0291744 -203.347 0.0649635 0.997087 0.0399727 -21.5748 0.0265383 -0.0417695 0.998775 -5.04318
0.997569 -0.0650743 -0.0249172 -205.645 0.0658999 0.99725 0.0338863 -21.843 0.0226435 -0.0354459 0.999115 -5.12609
0.997592 -0.0663166 -0.0203231 -207.969 0.0669139 0.997299 0.0302752 -22.1387 0.0182605 -0.0315621 0.999335 -5.20304
0.997395 -0.0672746 -0.0260069 -210.354 0.0679122 0.997391 0.0244657 -22.4376 0.0242931 -0.0261681 0.999362 -5.30963
0.997422 -0.0679501 -0.0230829 -212.785 0.0685651 0.997281 0.0269898 -22.7612 0.0211861 -0.0285029 0.999369 -5.45553
0.997431 -0.068207 -0.021891 -214.033 0.0688175 0.997223 0.0284644 -22.923 0.0198887 -0.0298977 0.999355 -5.49868
