1 0 0 0 0 1 0 0 0 0 1 0
0.121717 -0.822595 -0.555448 -5.2888 -0.934003 0.0944538 -0.344552 4.82633 0.335891 0.560728 -0.75681 0.865753
0.648752 -0.439019 0.621597 -10.1828 -0.221062 0.672874 0.705955 9.72841 -0.728184 -0.595401 0.339478 1.38623
0.584889 -0.346305 -0.733469 -15.1753 -0.498438 0.559935 -0.66184 14.3102 0.639894 0.752692 0.154888 2.35777
0.31937 -0.78632 0.52887 -19.7865 -0.629744 0.240928 0.738496 18.4994 -0.708114 -0.568906 -0.418235 2.07606
0.848499 -0.156958 -0.505384 -24.1317 -0.199652 0.789483 -0.580392 22.528 0.49009 0.593363 0.638539 3.50571
0.22227 -0.830075 0.511441 -28.6147 -0.808097 0.13665 0.57298 26.4833 -0.545504 -0.54065 -0.640408 2.24491
0.829939 -0.13295 -0.541779 -32.5346 -0.259124 0.768179 -0.585454 30.51 0.494019 0.626279 0.603091 3.9933
0.267397 -0.792217 0.548534 -37.2726 -0.811283 0.122063 0.57177 33.9646 -0.519922 -0.597906 -0.610073 1.58664
0.831914 -0.139394 -0.537111 -40.8963 -0.221787 0.803733 -0.552108 38.8222 0.508654 0.578431 0.637721 4.07873
0.193335 -0.819236 0.539884 -46.2036 -0.859113 0.124409 0.496434 42.5348 -0.473863 -0.559799 -0.679764 1.32156
0.80489 -0.144651 -0.575525 -49.3067 -0.17549 0.868438 -0.463701 48.0256 0.566882 0.474227 0.673612 3.51707
0.118522 -0.821621 0.557576 -54.3393 -0.849983 0.206333 0.484722 51.6858 -0.513304 -0.53138 -0.67391 0.804179
0.788942 -0.138143 -0.598738 -57.8626 -0.175606 0.883074 -0.435136 57.379 0.588841 0.448439 0.672435 2.86089
0.528848 -0.743038 0.410139 -63.8045 -0.786805 -0.24804 0.565167 57.8663 -0.31821 -0.621587 -0.715802 -1.43013
0.809755 -0.347499 -0.472801 -67.9916 0.0626346 0.852358 -0.519194 62.7765 0.583415 0.390806 0.711967 0.55213
0.578458 -0.69962 0.419426 -73.3566 -0.785027 -0.337766 0.519275 62.7131 -0.221627 -0.629639 -0.744605 -3.57257
0.856646 -0.322671 -0.402544 -77.8985 0.0632109 0.840035 -0.538837 67.8714 0.512018 0.436147 0.740009 -1.14002
-0.058875 -0.913876 0.401702 -83.5574 -0.75989 0.301986 0.575649 72.2054 -0.64738 -0.271358 -0.712225 -2.07349
0.825886 -0.341255 -0.44884 -88.4268 0.0330827 0.824003 -0.565619 76.8828 0.562866 0.452288 0.691822 -0.252295
-0.195652 -0.869796 0.452963 -92.6215 -0.712135 0.443569 0.54416 82.5237 -0.674229 -0.216105 -0.706197 -0.129425
0.85053 -0.365011 -0.378635 -97.8765 0.0858381 0.806632 -0.584788 87.0047 0.518874 0.464879 0.717397 2.02223
-0.16153 -0.924265 0.345892 -103.139 -0.720364 0.349993 0.598816 91.6394 -0.674525 -0.152441 -0.722342 2.25067
0.843888 -0.348989 -0.407504 -108.075 0.0134663 0.773072 -0.634176 95.9814 0.53635 0.529686 0.657086 4.75771
-0.166364 -0.887256 0.430232 -112.542 -0.672519 0.421183 0.608542 100.715 -0.721139 -0.1881 -0.666766 4.67205
0.862155 -0.284914 -0.418941 -116.765 -0.0132855 0.813898 -0.580856 105.449 0.506469 0.506354 0.697921 7.47695
-0.162856 -0.919724 0.357191 -122.019 -0.757053 0.348646 0.552554 109.71 -0.632731 -0.180426 -0.753059 6.9869
0.885036 -0.30591 -0.350899 -126.132 0.063357 0.825915 -0.560224 114.06 0.461191 0.473587 0.750346 9.54374
-0.157695 -0.92036 0.357868 -131.039 -0.812107 0.327048 0.483241 118.045 -0.561796 -0.214423 -0.799004 8.58306
0.874619 -0.232618 -0.425359 -134.924 0.016018 0.890757 -0.454197 122.686 0.484546 0.390436 0.782799 10.3607
-0.22969 -0.899067 0.372721 -138.938 -0.800314 0.392401 0.453342 127.205 -0.553841 -0.194166 -0.809667 9.91053
0.887417 -0.333022 -0.318728 -143.174 0.164633 0.8748 -0.455654 130.695 0.430566 0.351882 0.831139 11.5112
-0.25554 -0.899357 0.354763 -147.117 -0.770591 0.411073 0.48704 135.421 -0.583856 -0.148919 -0.798082 11.4024
0.865601 -0.373377 -0.333652 -151.741 0.170794 0.846521 -0.504214 139.254 0.470706 0.379462 0.79652 12.9874
-0.155942 -0.937259 0.311813 -155.966 -0.774243 0.312008 0.550635 143.471 -0.613376 -0.155552 -0.774321 13.1365
0.871346 -0.420911 -0.252169 -161.013 0.215426 0.789921 -0.574123 146.717 0.440848 0.445937 0.778969 14.7688
-0.111215 -0.952298 0.284182 -165.906 -0.812289 0.251854 0.526077 150.678 -0.572554 -0.172331 -0.801551 14.9047
0.877452 -0.390556 -0.278468 -169.968 0.199578 0.825173 -0.528449 154.779 0.436173 0.408113 0.801996 16.8406
-0.0974412 -0.961795 0.255843 -175.048 -0.847868 0.21484 0.484731 157.844 -0.521177 -0.169688 -0.836409 16.4464
0.86309 -0.443063 -0.242427 -178.619 0.290955 0.828543 -0.478396 161.51 0.41282 0.342363 0.844018 18.2947
-0.0513361 -0.973022 0.22493 -183.457 -0.850321 0.160706 0.501127 163.772 -0.523755 -0.165537 -0.83563 17.7203
0.868231 -0.449517 -0.210022 -186.801 0.289615 0.802853 -0.521106 166.988 0.402863 0.391615 0.827248 19.3996
0.0373067 -0.983949 0.174505 -191.874 -0.826645 0.0677321 0.558633 168.85 -0.561485 -0.165095 -0.81085 19.1553
0.865768 -0.460048 -0.196983 -195.311 0.297023 0.789157 -0.537596 172.214 0.40277 0.406924 0.819871 20.8814
-0.00453179 -0.98271 0.185098 -200.123 -0.81496 0.110896 0.568808 173.886 -0.5795 -0.14827 -0.801371 20.5982
0.907034 -0.340756 -0.247335 -203.337 0.160789 0.823209 -0.544495 177.734 0.389148 0.454106 0.801468 22.5972
0.00771985 -0.979524 0.20118 -208.011 -0.824469 0.10761 0.555581 180.02 -0.565854 -0.170156 -0.806756 22.7219
0.874558 -0.414328 -0.251953 -211.826 0.231587 0.813361 -0.533678 182.977 0.426046 0.408383 0.807284 23.909
0.0361869 -0.976423 0.212809 -216.41 -0.810816 0.0957955 0.577409 185.429 -0.584182 -0.193444 -0.788233 24.0242
0.847798 -0.486313 -0.211514 -221.046 0.28991 0.758977 -0.583015 188.306 0.444063 0.432958 0.784446 25.4412
-0.0954319 -0.980156 0.173744 -225.492 -0.753818 0.185151 0.630459 191.06 -0.650116 -0.0708053 -0.756528 26.4136
0.861424 -0.459356 -0.216658 -229.427 0.24386 0.748286 -0.616929 194.044 0.445512 0.478603 0.756609 27.9743
-0.146748 -0.956312 0.252848 -233.823 -0.717822 0.278826 0.637956 197.191 -0.680586 -0.0878805 -0.727379 29.7879
0.799744 -0.523859 -0.293226 -238.521 0.249855 0.734561 -0.630866 200.436 0.545878 0.431268 0.718349 30.1166
-0.248303 -0.919836 0.303722 -242.578 -0.718428 0.385187 0.579217 204.724 -0.649774 -0.0743811 -0.756479 32.2744
0.83107 -0.489879 -0.263328 -247.688 0.259947 0.760706 -0.594772 208.007 0.491681 0.425846 0.759542 32.1552
-0.250116 -0.949614 0.188877 -251.671 -0.745359 0.313356 0.588429 211.468 -0.617966 0.00639366 -0.786179 34.8806
0.859151 -0.464059 -0.215659 -256.512 0.285085 0.784037 -0.551374 214.993 0.424955 0.412233 0.805902 34.7595
-0.231523 -0.951821 0.201081 -260.314 -0.739621 0.306491 0.599186 218.129 -0.631948 -0.0099979 -0.774946 37.5892
0.842709 -0.472268 -0.258464 -264.786 0.243604 0.762624 -0.599217 221.168 0.480102 0.442003 0.757717 37.3771
-0.207352 -0.93734 0.279998 -268.208 -0.726587 0.339213 0.597499 224.357 -0.655039 -0.0795502 -0.751396 39.687
0.841387 -0.415547 -0.345525 -272.446 0.153321 0.796622 -0.58471 227.381 0.518228 0.438992 0.73398 38.9518
-0.231595 -0.927456 0.29358 -274.829 -0.692657 0.369114 0.619662 230.746 -0.683074 -0.0598402 -0.727894 42.0427
0.932005 -0.268882 -0.243041 -279.747 0.0898448 0.821022 -0.563782 233.15 0.351133 0.503612 0.789354 41.4341
-0.165447 -0.970933 0.172961 -281.94 -0.80596 0.234186 0.543678 237.392 -0.56838 -0.0494496 -0.821279 44.665
0.934911 -0.290042 -0.20449 -287.638 0.15748 0.855452 -0.493358 239.641 0.318026 0.429043 0.845447 43.603
-0.120359 -0.965772 0.22978 -290.157 -0.809258 0.229515 0.540764 244.34 -0.574992 -0.120865 -0.809182 47.1236
0.921131 -0.284779 -0.265366 -296.125 0.120623 0.857003 -0.500995 247.013 0.370092 0.429473 0.823762 46.331
-0.197841 -0.953443 0.227609 -298.8 -0.772702 0.294568 0.562282 251.936 -0.60315 -0.0646318 -0.795005 49.3661
0.909488 -0.316672 -0.269353 -304.449 0.12036 0.820725 -0.558502 254.065 0.397927 0.475531 0.784554 48.8186
-0.222508 -0.920257 0.321897 -305.813 -0.728988 0.376282 0.571829 258.736 -0.647353 -0.107423 -0.754582 51.9682
0.915764 -0.188039 -0.35499 -310.156 -0.0629946 0.80553 -0.589197 260.632 0.396747 0.561928 0.725829 51.6852
-0.209169 -0.876607 0.43337 -310.989 -0.713006 0.440012 0.545905 264.555 -0.669232 -0.194809 -0.717062 54.0441
0.863845 -0.275673 -0.421634 -315.469 0.0154107 0.85105 -0.524859 265.994 0.503522 0.4469 0.739423 52.7182
-0.173827 -0.912749 0.369693 -316.672 -0.766046 0.361236 0.531679 270.724 -0.618836 -0.190782 -0.762 55.1198
0.867857 -0.196639 -0.456243 -321.6 -0.0637778 0.866643 -0.494837 273.138 0.492704 0.458545 0.73958 53.8808
-0.154451 -0.866456 0.474762 -322.634 -0.736048 0.421459 0.529722 277.809 -0.659074 -0.267632 -0.702848 56.3651
0.849208 -0.255304 -0.46224 -327.346 -0.0368302 0.84459 -0.534145 279.812 0.526773 0.470625 0.707829 55.0791
-0.133244 -0.799887 0.585172 -327.887 -0.682579 0.502147 0.530975 284.929 -0.718563 -0.328677 -0.612894 57.8381
0.725401 -0.359291 -0.587114 -332.989 -0.0468526 0.825207 -0.562883 286.669 0.68673 0.435824 0.581773 55.6065
-0.0143476 -0.803937 0.594542 -334.454 -0.641784 0.463364 0.611071 291.678 -0.766751 -0.3728 -0.522602 58.7203
0.66961 -0.376893 -0.639979 -339.1 -0.124844 0.792301 -0.597222 294.275 0.732145 0.479803 0.48348 56.2258
-0.0229938 -0.740678 0.671466 -340.943 -0.666205 0.512137 0.542113 299.179 -0.745414 -0.434869 -0.50522 59.026
0.663701 -0.323994 -0.674188 -344.774 -0.161216 0.818179 -0.5519 301.745 0.730418 0.474986 0.490792 56.7601
0.000356434 -0.72755 0.686055 -346.534 -0.690701 0.495935 0.526289 306.399 -0.72314 -0.474047 -0.502342 59.3424
0.640173 -0.388673 -0.662655 -350.77 -0.0695727 0.829697 -0.553862 308.963 0.765074 0.40067 0.504108 56.1264
0.0145397 -0.76554 0.643223 -352.467 -0.757039 0.41182 0.507244 313.451 -0.653208 -0.49432 -0.573556 58.0386
0.753972 -0.346248 -0.558245 -356.475 -0.0310487 0.830077 -0.556784 315.346 0.656172 0.437133 0.615104 56.1672
-0.0945561 -0.807425 0.582343 -358.042 -0.725692 0.456347 0.514897 320.724 -0.681492 -0.373915 -0.629091 59.07
0.771274 -0.348942 -0.532331 -363.503 -0.010755 0.829073 -0.559037 322.702 0.636413 0.436896 0.635689 56.2821
-0.113418 -0.848189 0.517408 -365.309 -0.724564 0.426935 0.541049 328.411 -0.679811 -0.313531 -0.662989 59.4157
0.773865 -0.2684 -0.573667 -371.106 -0.0640597 0.867951 -0.492501 331.028 0.630103 0.417878 0.654483 56.6967
-0.0341563 -0.832856 0.552435 -372.851 -0.760557 0.380263 0.526263 336.639 -0.648372 -0.402183 -0.646422 59.3989
0.744365 -0.32321 -0.584343 -378.484 -0.0136768 0.8675 -0.49725 339.284 0.667633 0.378127 0.641315 56.4709
-0.0909993 -0.842685 0.530661 -380.347 -0.727218 0.420281 0.542695 344.861 -0.680348 -0.336522 -0.65106 59.6213
0.761601 -0.244165 -0.600289 -386.258 -0.0943499 0.87466 -0.475467 348.525 0.641141 0.418754 0.643104 57.1838
-0.080397 -0.799444 0.595336 -388.337 -0.763567 0.433312 0.478755 355.223 -0.640704 -0.416089 -0.645265 59.9046
0.867047 -0.186637 -0.461947 -394.811 -0.0269595 0.908252 -0.417554 358.026 0.497496 0.374493 0.782465 58.1498
-0.166987 -0.892669 0.418636 -396.676 -0.87176 0.33203 0.360266 364.53 -0.460598 -0.304791 -0.833637 59.4061
0.898476 -0.181097 -0.399931 -403.18 0.0469055 0.945341 -0.322692 367.218 0.43651 0.271172 0.85786 57.8513
-0.0732922 -0.878607 0.471886 -404.937 -0.915842 0.246598 0.316895 373.955 -0.394793 -0.408948 -0.822739 58.5499
0.831836 -0.285408 -0.476015 -412.106 0.116615 0.928384 -0.352852 375.441 0.542632 0.238004 0.805546 56.3277
-0.113154 -0.832123 0.542924 -412.74 -0.873756 0.343483 0.34434 383.143 -0.473019 -0.43542 -0.765939 57.9302
0.820289 -0.252107 -0.513389 -419.815 0.0757638 0.937599 -0.339366 384.791 0.566909 0.239482 0.788202 55.397
-0.135311 -0.886208 0.443087 -420.853 -0.887919 0.306895 0.34266 392.297 -0.439649 -0.347059 -0.828407 57.078
0.832146 -0.27471 -0.481733 -428.088 0.0803823 0.91926 -0.385357 393.919 0.548699 0.281951 0.78704 53.9234
-0.0344248 -0.854239 0.518739 -429.808 -0.862753 0.287391 0.416009 401.632 -0.504452 -0.433223 -0.746891 56.6442
0.791982 -0.31007 -0.525948 -437.19 0.0509942 0.892025 -0.4491 403.794 0.608411 0.328859 0.722279 52.9706
0.0450179 -0.806093 0.590074 -439.975 -0.831521 0.297132 0.469346 411.203 -0.553667 -0.511788 -0.656907 55.3342
0.73375 -0.310483 -0.604327 -446.89 -0.0260832 0.875948 -0.481701 413.59 0.678918 0.369211 0.634628 50.9861
0.0662009 -0.788483 0.611483 -448.815 -0.824438 0.301984 0.478652 421.131 -0.562067 -0.535818 -0.630064 54.1055
0.733431 -0.311485 -0.604198 -455.519 -0.0423179 0.86619 -0.49792 422.669 0.678445 0.390759 0.622109 49.9833
0.0779335 -0.817463 0.570685 -457.88 -0.813043 0.279163 0.51091 430.543 -0.576964 -0.503808 -0.642876 53.1351
0.764255 -0.273374 -0.584106 -465.234 -0.0530321 0.876005 -0.479377 432.763 0.64273 0.397343 0.654994 49.157
0.0174511 -0.849883 0.526683 -466.943 -0.878207 0.238783 0.414411 440.501 -0.477963 -0.469768 -0.742205 51.7104
0.801227 -0.240193 -0.548035 -474.015 -0.0302251 0.89848 -0.437974 443.009 0.597597 0.367481 0.712626 48.1367
0.00143097 -0.805242 0.592945 -476.288 -0.789074 0.363336 0.495328 450.525 -0.614297 -0.468586 -0.634875 51.1046
0.692871 -0.314532 -0.648845 -483.241 -0.166932 0.805431 -0.568696 453.814 0.701473 0.502346 0.505554 47.5322
0.167118 -0.678736 0.715114 -485.912 -0.643102 0.474734 0.600873 460.989 -0.747323 -0.560308 -0.35716 52.0096
0.517279 -0.443363 -0.732018 -491.509 -0.268666 0.727977 -0.630768 464.2 0.812552 0.522951 0.257451 47.0672
0.293303 -0.5896 0.752559 -494.463 -0.546409 0.542551 0.638025 470.247 -0.784481 -0.598339 -0.163031 52.1375
0.392785 -0.529881 -0.751629 -499.241 -0.362205 0.662116 -0.656056 473.997 0.845297 0.529932 0.0681431 45.8934
0.484249 -0.45885 0.744956 -503.937 -0.403644 0.638258 0.655514 479.504 -0.776256 -0.618129 0.123864 52.3201
0.21391 -0.658839 -0.721231 -507.617 -0.531866 0.540739 -0.651706 485.15 0.819367 0.523004 -0.234744 44.9463
0.608291 -0.376894 0.698521 -513.789 -0.290428 0.713343 0.637804 489.518 -0.738669 -0.590841 0.32446 51.7281
0.0916096 -0.757211 -0.646714 -516.12 -0.631391 0.458038 -0.625737 496.178 0.770034 0.465653 -0.436136 44.2663
