1 0 0 0 0 1 0 0 0 0 1 0
-0.482881 -0.872013 -0.0801195 1.39042 0.875645 -0.481718 -0.0345486 -1.50583 -0.00846815 -0.0868391 0.996186 -0.258003
-0.517686 0.852789 -0.0689332 1.79211 -0.851145 -0.521518 -0.0597645 0.687574 -0.0869164 0.0277329 0.99583 -0.374677
0.992749 -0.103748 -0.0607039 -0.106864 0.101489 0.994065 -0.0391868 -0.585816 0.0644091 0.0327419 0.997386 -0.56423
-0.676182 -0.732076 -0.0827212 2.60591 0.736695 -0.673032 -0.0656385 -1.94704 -0.00762162 -0.105324 0.994409 -0.285489
-0.188718 0.978395 -0.0844286 2.91694 -0.978034 -0.195003 -0.0736386 0.870721 -0.0885114 0.0686772 0.993705 -0.0393871
0.884592 -0.454919 -0.102692 0.224797 0.452369 0.890525 -0.04825 -0.399311 0.113399 -0.00377296 0.993542 -0.204049
-0.881811 -0.453144 -0.130653 3.07929 0.466584 -0.87859 -0.10188 -2.35123 -0.0686237 -0.150799 0.98618 0.05349
0.144395 0.987178 -0.0680379 3.37821 -0.985302 0.137097 -0.101904 0.757493 -0.0912692 0.0817523 0.992465 0.466023
0.740742 -0.664818 -0.0965342 0.500916 0.663764 0.746442 -0.0473449 -0.469733 0.103533 -0.0290055 0.994203 0.261054
-0.976947 -0.208336 -0.0465942 3.10412 0.212765 -0.968068 -0.132574 -2.67102 -0.0174865 -0.139431 0.990077 0.202848
0.345854 0.938287 0.00136172 3.54667 -0.934404 0.344553 -0.0904048 0.407698 -0.0852949 0.0299945 0.995904 0.49222
0.722544 -0.688135 -0.0663271 -0.339861 0.685383 0.725582 -0.0614881 0.269661 0.0904378 -0.00103164 0.995902 0.332032
-0.919149 -0.392404 -0.0344205 1.52739 0.393127 -0.908302 -0.142964 -2.99641 0.0248356 -0.144937 0.989129 -0.142815
-0.0829636 0.996473 -0.0125821 4.60332 -0.991608 -0.0838016 -0.0984388 -0.554096 -0.099146 0.00430969 0.995064 0.0686787
0.975833 -0.210484 -0.0587044 1.38509 0.207711 0.976913 -0.0499678 2.1498 0.0678665 0.0365667 0.997024 -0.0596644
-0.40669 -0.911918 -0.0548538 -0.337685 0.913435 -0.404881 -0.0413302 -1.43423 0.0154805 -0.0669139 0.997639 -0.290349
-0.780505 0.622757 -0.0546412 2.32621 -0.621239 -0.782416 -0.0434461 -2.35271 -0.0698085 3.53346e-05 0.997561 0.0371412
0.821919 0.569104 -0.0238693 1.79055 -0.565138 0.819995 0.090704 0.581016 0.0711928 -0.0610619 0.995592 -0.110688
0.289071 -0.954201 -0.0770649 -1.95373 0.951111 0.277122 0.136351 -0.869524 -0.10875 -0.112712 0.987659 -0.186568
-0.997138 0.0348356 -0.0671011 0.0502545 -0.0380769 -0.998138 0.047646 -3.52573 -0.0653164 0.0500647 0.996608 0.0303921
0.376581 0.926195 -0.0187127 2.25046 -0.918642 0.375964 0.121446 -0.0812523 0.119518 -0.0285439 0.992422 -0.507637
0.790404 -0.609918 -0.0571116 -1.92532 0.608041 0.769786 0.194205 0.969471 -0.0744858 -0.188227 0.979297 -0.925983
-0.749004 -0.656767 -0.0874632 -2.69775 0.643284 -0.752457 0.141398 -3.33587 -0.158678 0.0496436 0.986082 -0.337882
-0.541782 0.83982 -0.034264 1.93676 -0.83633 -0.534569 0.12161 -3.86441 0.0838139 0.094542 0.991987 -0.149221
0.891185 0.453287 0.0178629 1.87266 -0.447588 0.872205 0.19729 0.437503 0.0738492 -0.183818 0.980183 -1.00024
0.353612 -0.933734 -0.055672 -1.84573 0.931691 0.346299 0.109672 0.441718 -0.0831256 -0.0906505 0.992408 -1.02941
-0.962891 -0.259888 -0.0727988 -1.87383 0.256622 -0.965151 0.0512675 -2.67775 -0.0835857 0.0306833 0.996028 -0.834422
-0.172222 0.985053 -0.00305964 0.869674 -0.982861 -0.17163 0.0672917 -1.98781 0.0657609 0.0145964 0.997729 -0.980484
0.998248 0.0393603 0.0441871 -0.715907 -0.0442462 0.992302 0.115671 1.29689 -0.0392941 -0.117424 0.992304 -1.50147
-0.16104 -0.983914 0.0773239 -3.8294 0.982643 -0.152536 0.10557 -0.269671 -0.092077 0.0929828 0.991401 -1.2372
-0.949527 0.298996 0.0948678 -1.6347 -0.294112 -0.953746 0.0621793 -2.96515 0.109071 0.0311392 0.993546 -1.40539
0.419713 0.901771 0.103202 0.879692 -0.899889 0.398577 0.177022 -0.627995 0.118499 -0.167169 0.978781 -2.28802
0.956717 0.258149 0.134356 1.0286 -0.285873 0.920091 0.267785 3.11246 -0.0544915 -0.294604 0.954065 -3.39616
0.766607 -0.634964 0.0955727 -2.38161 0.589399 0.754893 0.287657 5.48828 -0.254799 -0.164189 0.952953 -3.79044
0.0235476 -0.998617 0.0470013 -6.1918 0.962201 0.0353984 0.270029 4.15682 -0.27132 0.0388662 0.961704 -3.29378
-0.78147 -0.623925 0.00481498 -6.9402 0.603662 -0.754094 0.258718 1.00494 -0.157789 0.205087 0.965941 -2.41917
-0.98465 0.173652 0.017582 -4.68881 -0.164433 -0.956699 0.240183 -1.87466 0.058529 0.233606 0.970568 -1.85484
-0.500385 0.865771 0.00745199 -0.805375 -0.841654 -0.488429 0.230338 -2.43364 0.20306 0.108986 0.973082 -1.74995
0.360434 0.932679 0.014055 2.47653 -0.905361 0.346171 0.245944 1.11829 0.224522 -0.101372 0.969182 -2.90924
0.949685 0.306776 0.0631349 1.61184 -0.311896 0.907883 0.280126 5.24293 0.0286169 -0.285723 0.957885 -4.53313
0.90663 -0.421022 0.0276331 -2.0741 0.397579 0.874403 0.278122 8.1129 -0.141258 -0.241167 0.960148 -5.69524
0.436151 -0.899783 0.012784 -7.05691 0.854622 0.418626 0.307203 8.23927 -0.281768 -0.123061 0.951558 -5.9602
-0.169392 -0.984709 0.0406703 -11.4735 0.931355 -0.146445 0.333366 5.31695 -0.322313 0.094348 0.94192 -5.04627
-0.68327 -0.729986 0.016201 -13.7711 0.682898 -0.631026 0.368044 1.08389 -0.258444 0.262537 0.929667 -3.43752
-0.966988 -0.254731 0.00676783 -13.3072 0.239971 -0.901382 0.36045 -3.25471 -0.0857174 0.350175 0.932754 -1.84913
-0.980459 0.194882 0.0268654 -10.3502 -0.169229 -0.905156 0.389942 -6.81327 0.10031 0.377775 0.920448 -0.633493
-0.746013 0.66443 0.0446937 -6.53091 -0.596299 -0.696379 0.399354 -8.3214 0.296467 0.271272 0.915707 -0.0830631
-0.256256 0.966476 0.0160502 -2.14623 -0.891621 -0.242756 0.382207 -8.20398 0.37329 0.0836319 0.923937 -0.084232
0.385682 0.922629 0.0024878 0.878503 -0.846289 0.352693 0.399254 -5.37078 0.367485 -0.15609 0.916837 -1.25472
0.823471 0.56729 -0.00886435 2.33245 -0.511153 0.748581 0.422315 -1.42422 0.246211 -0.343233 0.906406 -3.20466
0.996781 0.0801604 -0.00173289 1.29059 -0.0735777 0.923081 0.377502 2.84274 0.0318603 -0.376159 0.926007 -5.00934
0.907297 -0.413382 0.0769893 -2.0921 0.345554 0.837329 0.423642 5.75268 -0.239591 -0.357765 0.902552 -5.87313
0.564149 -0.824074 0.0513581 -6.56504 0.748551 0.536714 0.389371 6.87074 -0.348435 -0.181219 0.919648 -6.05228
0.0755529 -0.99628 0.0414452 -10.0992 0.923081 0.0856005 0.37496 5.79576 -0.377113 0.00992789 0.926114 -5.54417
-0.426957 -0.903181 0.0444069 -12.5493 0.85875 -0.389589 0.33282 3.35864 -0.283297 0.180234 0.941944 -4.54606
-0.803842 -0.587106 0.0956304 -13.0475 0.587639 -0.758832 0.28081 1.17192 -0.0922979 0.281923 0.954987 -4.07245
-0.971035 -0.08718 0.222463 -13.0656 0.135951 -0.967246 0.214365 -1.44111 0.196489 0.2384 0.951082 -3.42216
-0.87504 0.424015 0.233486 -12.4574 -0.381977 -0.901155 0.204972 -3.72055 0.297318 0.090173 0.950511 -2.87376
-0.511503 0.828242 0.228865 -11.2048 -0.813996 -0.552368 0.179723 -5.29917 0.275272 -0.0943665 0.956724 -2.58714
-0.171419 0.950659 0.258578 -9.77591 -0.955261 -0.224594 0.192445 -5.6781 0.241024 -0.214021 0.946627 -2.60599
0.133109 0.950159 0.281921 -8.77551 -0.982204 0.088434 0.165696 -5.38428 0.132506 -0.298959 0.945021 -2.67614
0.587748 0.766798 0.258018 -7.80135 -0.808753 0.565424 0.161911 -4.71783 -0.0217366 -0.303836 0.952476 -3.16845
0.891764 0.394638 0.221397 -7.38542 -0.438972 0.873227 0.211611 -3.633 -0.10982 -0.285894 0.951947 -3.34668
0.985328 -0.0231364 0.169097 -7.5786 -0.0133478 0.977289 0.211492 -1.88806 -0.170149 -0.210646 0.962641 -3.59356
0.961873 -0.228289 0.150617 -8.23407 0.193264 0.957008 0.216299 -0.797249 -0.19352 -0.178943 0.964639 -3.64895
0.894028 -0.436992 0.0987497 -8.72877 0.415531 0.891216 0.181844 -0.359318 -0.167472 -0.12154 0.978356 -3.68836
0.815009 -0.579391 -0.00808411 -9.05009 0.577734 0.811448 0.088183 -0.388602 -0.0445327 -0.0765405 0.996071 -3.82367
0.672481 -0.739939 -0.0160975 -8.89009 0.738784 0.66981 0.0745156 -1.0579 -0.0443548 -0.0620029 0.99709 -3.86025
0.524255 -0.850779 -0.036495 -8.4827 0.850957 0.521789 0.0600689 -2.22702 -0.0320627 -0.0625471 0.997527 -3.82521
0.410662 -0.911306 -0.0296262 -8.00349 0.910483 0.40812 0.0667786 -3.62041 -0.0487648 -0.0543976 0.997328 -3.74511
0.31068 -0.950103 -0.0279673 -7.49181 0.94834 0.307846 0.0767002 -5.47659 -0.0642635 -0.0503517 0.996662 -3.57265
0.311621 -0.949834 -0.0265844 -8.17931 0.948001 0.308871 0.07677 -8.12239 -0.0647077 -0.0491252 0.996694 -3.4117
0.31223 -0.9496 -0.0277939 -8.88112 0.947811 0.309388 0.0770355 -10.763 -0.0645539 -0.0503961 0.996641 -3.27801
0.31119 -0.949952 -0.0274359 -9.57347 0.948088 0.308331 0.0778598 -13.4114 -0.0655038 -0.0502408 0.996587 -3.12075
0.309927 -0.950361 -0.0275432 -10.2665 0.94828 0.306898 0.0811049 -16.0447 -0.0686261 -0.0512553 0.996325 -2.96854
0.308137 -0.950961 -0.0269278 -10.9574 0.94869 0.305044 0.0832771 -18.666 -0.0709792 -0.0512069 0.996162 -2.80085
0.305957 -0.951656 -0.0272181 -11.6507 0.949259 0.302751 0.0851413 -21.3186 -0.072785 -0.0518866 0.995997 -2.65004
0.304415 -0.952211 -0.0249833 -12.3188 0.949642 0.301341 0.0858665 -23.9443 -0.0742347 -0.0498643 0.995993 -2.4803
0.302565 -0.952819 -0.024273 -12.9821 0.950422 0.299691 0.0829612 -26.6045 -0.0717728 -0.0481708 0.996257 -2.29778
0.300666 -0.953422 -0.0242163 -13.6685 0.950683 0.297582 0.0874517 -29.2448 -0.0761722 -0.0493158 0.995874 -2.14248
0.298093 -0.954161 -0.0267843 -14.3285 0.951804 0.295001 0.0839314 -31.8973 -0.0721828 -0.0505128 0.996111 -1.97577
0.294208 -0.955381 -0.0262482 -14.9703 0.952863 0.291082 0.0855801 -34.5562 -0.0741213 -0.0501893 0.995985 -1.80909
0.290079 -0.956751 -0.0219319 -15.6143 0.953488 0.286976 0.092219 -37.2054 -0.0819368 -0.0476626 0.995497 -1.64554
0.28534 -0.958183 -0.0216056 -16.2455 0.954981 0.282333 0.0910966 -39.8825 -0.0811873 -0.0466265 0.995608 -1.47454
0.281529 -0.95928 -0.0228587 -16.8584 0.956131 0.278436 0.0910295 -42.5418 -0.0809582 -0.0474834 0.995586 -1.27175
0.279102 -0.959878 -0.0271268 -17.4744 0.956917 0.275663 0.0912178 -45.175 -0.0800802 -0.0514172 0.995461 -1.0656
0.27845 -0.959859 -0.033711 -18.0895 0.957373 0.274581 0.0896752 -47.8492 -0.0768192 -0.0572441 0.9954 -0.908676
0.277491 -0.960097 -0.0348105 -18.7141 0.957449 0.273371 0.092518 -50.5032 -0.0793102 -0.0590022 0.995102 -0.72519
0.27909 -0.959838 -0.0286307 -19.3116 0.956762 0.275404 0.0935921 -53.1678 -0.0819483 -0.0535134 0.995199 -0.532434
0.280017 -0.959675 -0.0247933 -19.9078 0.956243 0.276549 0.0954931 -55.8421 -0.0847858 -0.0504481 0.995121 -0.340025
0.281215 -0.959304 -0.0255602 -20.5098 0.956151 0.277822 0.0926878 -58.507 -0.0818147 -0.0505046 0.995367 -0.119856
0.28179 -0.959218 -0.0222497 -21.1399 0.955461 0.278416 0.0978689 -61.167 -0.087683 -0.0488372 0.99495 0.132522
0.281766 -0.959308 -0.0183149 -21.753 0.954923 0.278518 0.102708 -63.8252 -0.0934272 -0.0464289 0.994543 0.338734
0.28163 -0.959317 -0.0198632 -22.3724 0.955198 0.278337 0.100623 -66.4817 -0.0910004 -0.0473116 0.994726 0.570825
0.281248 -0.959419 -0.0203687 -22.9822 0.955079 0.277784 0.103248 -69.1396 -0.0933999 -0.048492 0.994447 0.766195
0.280645 -0.959611 -0.019602 -23.5872 0.955209 0.277244 0.10349 -71.8039 -0.0938759 -0.047768 0.994437 1.02935
0.279392 -0.959958 -0.0205179 -24.2079 0.955559 0.275892 0.103881 -74.4764 -0.0940609 -0.0486297 0.994378 1.26461
0.277265 -0.960592 -0.0196679 -24.8247 0.955806 0.273685 0.107384 -77.1533 -0.0977698 -0.0485726 0.994023 1.52267
0.2751 -0.961177 -0.0214042 -25.4021 0.956331 0.271291 0.108779 -79.8201 -0.0987495 -0.0503947 0.993835 1.74687
0.272887 -0.96179 -0.0221717 -25.9998 0.956578 0.268811 0.112689 -82.4755 -0.102424 -0.0519605 0.993383 1.96032
0.270293 -0.962481 -0.0239048 -26.5942 0.957876 0.266332 0.107424 -85.1277 -0.0970267 -0.0519337 0.993926 2.2039
0.268177 -0.963168 -0.0197184 -27.1873 0.958462 0.264692 0.106245 -87.7878 -0.0971123 -0.0473917 0.994144 2.4314
0.266535 -0.963686 -0.0163873 -27.7512 0.958525 0.263251 0.109222 -90.4463 -0.100942 -0.044819 0.993882 2.67682
0.264962 -0.964112 -0.0168168 -28.3113 0.959486 0.261878 0.103957 -93.1115 -0.0958221 -0.04368 0.99444 2.89684
0.262945 -0.964612 -0.0195868 -28.885 0.959556 0.259344 0.10951 -95.7915 -0.100555 -0.0475897 0.993793 3.13287
0.261356 -0.965037 -0.0198727 -29.4645 0.960037 0.257757 0.109046 -98.435 -0.100111 -0.0475784 0.993838 3.39775
0.260058 -0.965395 -0.0195461 -30.0438 0.960281 0.256455 0.109957 -101.127 -0.101139 -0.047365 0.993744 3.62956
0.260475 -0.965257 -0.020755 -30.5781 0.96015 0.256722 0.110479 -103.777 -0.101312 -0.048705 0.993662 3.87997
0.260894 -0.965114 -0.0221081 -31.1233 0.960095 0.257012 0.110279 -106.432 -0.10075 -0.049997 0.993655 4.13989
0.261129 -0.965088 -0.0204093 -31.6773 0.959419 0.257148 0.115718 -109.093 -0.10643 -0.0497982 0.993072 4.37599
0.260276 -0.965256 -0.0231489 -32.226 0.960026 0.25616 0.112838 -111.766 -0.102988 -0.0515927 0.993343 4.60359
0.258962 -0.965484 -0.0279168 -32.7894 0.96065 0.254445 0.111398 -114.456 -0.10045 -0.0556661 0.993384 4.88837
0.258069 -0.965532 -0.0338898 -33.3401 0.96036 0.252545 0.118021 -117.083 -0.105395 -0.0630042 0.992432 5.11047
0.256264 -0.965976 -0.0349192 -33.8832 0.960813 0.250613 0.118451 -119.78 -0.10567 -0.0639057 0.992345 5.36164
0.255703 -0.966105 -0.0354514 -34.4144 0.960921 0.249967 0.118941 -122.437 -0.106048 -0.0644796 0.992268 5.62268
0.255371 -0.966192 -0.0354771 -34.9642 0.961037 0.249653 0.11866 -125.098 -0.105792 -0.0643973 0.992301 5.87931
0.255525 -0.966169 -0.0349804 -35.4938 0.960788 0.249741 0.120476 -127.763 -0.107664 -0.0643934 0.9921 6.1349
0.256312 -0.965967 -0.034811 -36.0255 0.95992 0.250154 0.126399 -130.397 -0.113389 -0.0658134 0.991368 6.42017
0.257294 -0.965765 -0.033108 -36.5512 0.960169 0.251641 0.121454 -133.058 -0.108964 -0.0630387 0.992045 6.70822
0.257986 -0.965572 -0.0333784 -37.1008 0.960378 0.252523 0.117923 -135.739 -0.105434 -0.0624785 0.992461 6.9885
0.259355 -0.965275 -0.0312947 -37.6649 0.959437 0.253808 0.122721 -138.375 -0.110517 -0.0618536 0.991947 7.24842
0.260592 -0.964918 -0.0320079 -38.213 0.959142 0.254965 0.122629 -141.04 -0.110166 -0.0626563 0.991936 7.51412
0.26167 -0.964567 -0.0337519 -38.7683 0.958989 0.255892 0.121895 -143.704 -0.10894 -0.0642641 0.991969 7.77499
0.261075 -0.964524 -0.0391442 -39.3106 0.959472 0.254825 0.120323 -146.355 -0.10608 -0.0689712 0.991962 8.01111
0.260142 -0.96477 -0.0392912 -39.6184 0.95957 0.253782 0.121738 -147.688 -0.107478 -0.0693718 0.991784 8.13425
