1 0 0 0 0 1 0 0 0 0 1 0
1 0.000154811 7.82473e-05 0.000248606 -0.000154848 1 0.00047292 0.00403077 -7.81741e-05 -0.000472932 1 0.00179835
1 0.00017674 -5.26692e-05 0.00123464 -0.000176721 1 0.000362699 0.00432878 5.27333e-05 -0.000362689 1 0.00172804
1 -0.000108304 -0.000178748 0.0061095 0.000108365 1 0.000341325 0.00390524 0.000178711 -0.000341344 1 0.00213396
1 0.000272027 -0.000394684 0.00254627 -0.0002719 1 0.000322738 -3.71311e-05 0.000394772 -0.00032263 1 0.000654519
1 -1.48228e-06 -0.000371389 0.0037586 1.62423e-06 1 0.000382076 -0.0019383 0.000371388 -0.000382076 1 0.000694619
1 -7.61182e-06 -0.000252445 0.00570661 7.77371e-06 1 0.000641119 0.00342838 0.00025244 -0.000641121 1 0.000965197
1 -6.66898e-05 -0.000313639 0.00558655 6.68228e-05 1 0.000423648 0.00517823 0.00031361 -0.000423668 1 -2.45516e-05
1 7.35732e-05 -0.000347303 0.005236 -7.34453e-05 1 0.000368054 0.00255288 0.00034733 -0.000368028 1 0.000626461
1 0.000157517 -0.000344282 0.00502984 -0.000157345 1 0.000498831 -0.000335323 0.00034436 -0.000498776 1 0.00139077
1 0.000134231 -0.000308563 0.00378547 -0.000134124 1 0.000346661 0.00482245 0.00030861 -0.000346619 1 0.00100939
1 0.000149054 -0.000247914 0.00309397 -0.000148947 1 0.000430551 0.00349932 0.000247978 -0.000430514 1 0.00084283
1 2.13705e-06 -0.000398444 0.00329971 -1.91613e-06 1 0.000554266 0.00329676 0.000398446 -0.000554265 1 0.00105663
1 9.96323e-05 -0.000409348 0.00392132 -9.95063e-05 1 0.000307662 0.00134486 0.000409379 -0.000307621 1 0.000171243
1 0.000131093 -0.000393546 0.0021692 -0.000131005 1 0.000223626 0.00482822 0.000393576 -0.000223574 1 -0.00172597
1 0.000160571 -0.000446853 0.00114781 -0.000160335 1 0.000528336 0.00414671 0.000446938 -0.000528264 1 0.00133755
1 1.32139e-05 -0.000534171 0.00223782 -1.28982e-05 1 0.00059081 0.00488005 0.000534178 -0.000590803 1 0.00332394
1 -4.59808e-05 -0.000494707 0.00630503 4.61912e-05 1 0.000425108 -0.00115286 0.000494687 -0.000425131 1 0.00237997
1 7.55889e-05 -0.000437158 0.00356545 -7.55981e-05 1 -2.09178e-05 0.00484959 0.000437157 2.09511e-05 1 -0.0014486
1 0.000248283 -0.00054701 -0.00207169 -0.000248191 1 0.000167775 0.00751026 0.000547052 -0.000167639 1 8.97357e-05
1 0.000104991 -0.000582167 0.000171337 -0.00010479 1 0.000345506 0.00529131 0.000582203 -0.000345445 1 0.002536
1 -0.000104756 -0.000550601 0.00398281 0.000104942 1 0.000338057 0.00368714 0.000550565 -0.000338115 1 0.00457123
1 -0.000112756 -0.000359705 0.00531207 0.000112676 1 -0.000221745 0.00365093 0.00035973 0.000221705 1 -0.000103313
1 0.000186374 -0.000582781 0.00177909 -0.000186378 1 -8.40001e-06 0.00459385 0.000582779 8.50884e-06 1 0.00147454
1 6.32642e-05 -0.00048543 0.0015052 -6.32459e-05 1 3.77142e-05 0.00260206 0.000485433 -3.76833e-05 1 0.00122074
1 4.28115e-05 -0.000528734 0.00145199 -4.27849e-05 1 5.01803e-05 0.00345456 0.000528736 -5.01574e-05 1 0.00200593
1 -2.59571e-05 -0.00045336 0.00441896 2.60497e-05 1 0.000204316 0.00334434 0.000453355 -0.000204327 1 0.00233583
1 6.96352e-05 -0.000491486 0.00160204 -6.94221e-05 1 0.000433362 0.00134403 0.000491516 -0.000433328 1 0.00402089
1 3.33125e-05 -0.000492815 0.00102915 -3.32038e-05 1 0.000220434 0.0045494 0.000492823 -0.000220418 1 0.00253497
1 -3.57525e-05 -0.000535885 0.00158844 3.58662e-05 1 0.000212105 0.00334767 0.000535878 -0.000212124 1 0.00230826
1 0.000140569 -0.000453118 0.000600087 -0.000140538 1 6.82982e-05 0.00148014 0.000453128 -6.82342e-05 1 0.00106924
1 -3.26348e-05 -0.00044539 0.00440656 3.26969e-05 1 0.000139097 0.00409209 0.000445385 -0.000139111 1 0.0014213
1 7.28775e-05 -0.000476622 0.00256138 -7.28203e-05 1 0.000119836 0.00447118 0.000476631 -0.000119801 1 0.000268428
1 2.06549e-05 -0.000563045 0.00211713 -2.05032e-05 1 0.000269187 0.00374751 0.000563051 -0.000269175 1 0.000848765
1 9.37782e-06 -0.000555887 0.00210813 -9.30174e-06 1 0.000136749 0.00378558 0.000555889 -0.000136744 1 0.00135669
1 8.6196e-05 -0.000533532 0.000793712 -8.60968e-05 1 0.00018594 0.00406632 0.000533548 -0.000185894 1 0.00233649
1 4.0284e-05 -0.000351603 -1.51367e-05 -4.01653e-05 1 0.000337322 -0.000996131 0.000351616 -0.000337308 1 0.000236284
1 -0.000221639 -0.000336281 -0.00877555 0.00022173 1 0.00026902 0.00355094 0.000336221 -0.000269094 1 0.00077893
1 9.84234e-05 -0.000395059 -0.0366899 -9.82144e-05 1 0.000528774 0.00131842 0.000395111 -0.000528735 1 -0.000800346
1 3.46271e-05 0.000512964 -0.0696607 -3.50414e-05 1 0.000807609 -0.0020045 -0.000512937 -0.000807626 1 -0.000483573
0.999997 0.000491619 0.00259112 -0.145115 -0.0004931 1 0.00057099 -0.00949995 -0.00259083 -0.000572266 0.999997 -0.00838347
0.999989 0.000930559 0.0046896 -0.282031 -0.000933535 0.999999 0.000632551 -0.00881859 -0.00468901 -0.000636922 0.999989 -0.0101801
0.999985 0.00197136 0.00519878 -0.498703 -0.00196863 0.999998 -0.000530354 -0.00588816 -0.00519981 0.000520111 0.999987 -0.031923
0.999975 0.00553135 0.00446976 -0.790454 -0.00551264 0.999976 -0.00418704 -0.0307956 -0.00449281 0.0041623 0.999981 -0.0416966
0.999976 0.00616 0.00329664 -1.16539 -0.00614173 0.999966 -0.00552152 -0.0460976 -0.00333054 0.00550114 0.99998 -0.0564962
0.999996 0.00184552 0.0020601 -1.65475 -0.00183613 0.999988 -0.00454911 -0.0730392 -0.00206847 0.00454532 0.999988 -0.0630053
0.99998 -0.00618292 -0.00149125 -2.25856 0.00617637 0.999971 -0.00435683 -0.0952726 0.00151815 0.00434753 0.99999 -0.0894269
0.999882 -0.0149516 -0.00345144 -2.91837 0.0149356 0.999878 -0.00460836 -0.142116 0.00351992 0.00455627 0.999984 -0.111923
0.99974 -0.0226056 -0.00294787 -3.67996 0.0225877 0.999727 -0.0059733 -0.199978 0.00308209 0.00590516 0.999978 -0.140892
0.999562 -0.0295256 -0.00193911 -4.5312 0.0295082 0.999529 -0.00847061 -0.269901 0.00218829 0.00840968 0.999962 -0.163612
0.999322 -0.0367152 0.0029269 -5.45978 0.0367402 0.999284 -0.00900381 -0.341689 -0.00259423 0.00910524 0.999955 -0.181539
0.999121 -0.0418996 0.00160157 -6.47275 0.0419237 0.998908 -0.0206096 -0.452525 -0.000736287 0.0206586 0.999787 -0.220329
0.998892 -0.0469793 0.00276578 -7.5745 0.0470191 0.998755 -0.0166831 -0.564778 -0.00197857 0.0167947 0.999857 -0.247762
0.998644 -0.0518488 0.00467989 -8.7404 0.0519384 0.998416 -0.0216472 -0.670017 -0.0035501 0.0218609 0.999755 -0.292967
0.998287 -0.0569571 0.0133425 -9.97668 0.0573484 0.997871 -0.0310567 -0.835935 -0.0115452 0.0317687 0.999429 -0.338893
0.998031 -0.0606741 0.0158847 -11.292 0.0611161 0.997709 -0.0289976 -0.960146 -0.0140889 0.0299114 0.999453 -0.347612
0.99788 -0.0627916 0.0170759 -12.6767 0.0633105 0.997488 -0.0317647 -1.11223 -0.0150384 0.0327785 0.99935 -0.401477
0.997786 -0.0654454 0.0117959 -14.133 0.0658483 0.997113 -0.0378232 -1.30531 -0.00928648 0.0385162 0.999215 -0.475016
0.997642 -0.0686311 0.000694295 -15.6827 0.0686121 0.997005 -0.0356881 -1.48195 0.0017571 0.0356515 0.999363 -0.518301
0.997384 -0.0722749 0.000596386 -17.2953 0.072248 0.99671 -0.0367337 -1.67952 0.0020605 0.0366807 0.999325 -0.544746
0.997157 -0.0753498 5.9054e-05 -18.9803 0.0752959 0.996414 -0.038603 -1.88247 0.00284989 0.0384977 0.999255 -0.643529
0.996924 -0.0770127 -0.0145627 -20.7755 0.0764223 0.996371 -0.0374862 -2.08698 0.0173968 0.0362579 0.999191 -0.723078
0.996657 -0.0765234 -0.0286071 -22.6333 0.0752333 0.996206 -0.0437396 -2.31703 0.0318456 0.0414412 0.998634 -0.837746
0.99634 -0.0769058 -0.0373148 -24.5723 0.075513 0.996443 -0.0374011 -2.55496 0.0400585 0.0344464 0.998604 -0.966405
0.995149 -0.0767788 -0.0615017 -26.5945 0.074503 0.996478 -0.0384826 -2.82168 0.0642398 0.0337139 0.997365 -1.0668
0.994916 -0.0763749 -0.065634 -28.6746 0.0738199 0.996448 -0.0405126 -3.04523 0.0684951 0.0354616 0.997021 -1.28238
0.995093 -0.077386 -0.0616446 -30.8098 0.0748872 0.996313 -0.0418657 -3.30787 0.0646572 0.0370439 0.99722 -1.48257
0.994971 -0.0756401 -0.0656652 -33.0305 0.0731296 0.996527 -0.0398319 -3.56055 0.0684501 0.0348295 0.997047 -1.70797
0.995792 -0.0733685 -0.0549049 -35.2638 0.0715615 0.99685 -0.0341867 -3.81211 0.0572402 0.0301138 0.997906 -1.90841
0.995978 -0.0693244 -0.0567619 -37.5445 0.068329 0.997476 -0.0192954 -4.05589 0.0579563 0.0153393 0.998201 -2.11291
0.995915 -0.0630538 -0.0646372 -39.8847 0.0628948 0.99801 -0.00449301 -4.28536 0.0647919 0.000409301 0.997899 -2.27855
0.996344 -0.0574713 -0.0632086 -42.2486 0.0580194 0.998292 0.00686827 -4.51192 0.062706 -0.0105105 0.997977 -2.51742
0.99672 -0.0527367 -0.0613857 -44.6225 0.0538236 0.998419 0.0161886 -4.73388 0.060435 -0.0194395 0.997983 -2.71051
0.997102 -0.0492592 -0.0579715 -47.0221 0.0501573 0.998641 0.0141392 -4.96453 0.0571963 -0.0170059 0.998218 -2.88649
0.997839 -0.0476925 -0.0451995 -49.4386 0.0482089 0.998783 0.0104038 -5.18861 0.0446484 -0.0125604 0.998924 -3.02123
0.99776 -0.047041 -0.0475596 -51.8826 0.0472132 0.998882 0.00250304 -5.41439 0.0473887 -0.00474288 0.998865 -3.16396
0.997593 -0.0470599 -0.0509174 -54.3696 0.0463977 0.998823 -0.0141097 -5.66588 0.0515216 0.0117133 0.998603 -3.32828
0.997729 -0.0486152 -0.0466121 -56.8419 0.0477826 0.998681 -0.018815 -5.89978 0.0474654 0.016545 0.998736 -3.52226
0.99799 -0.0492012 -0.0399349 -59.3506 0.0486062 0.998694 -0.0157365 -6.12113 0.040657 0.0137638 0.999079 -3.6802
0.998001 -0.0494058 -0.0394114 -61.887 0.0488601 0.998698 -0.0146914 -6.33663 0.0400859 0.0127364 0.999115 -3.8339
0.997931 -0.0490954 -0.0415091 -64.4602 0.0485429 0.99872 -0.0142149 -6.57124 0.0421539 0.0121705 0.999037 -4.01938
0.998265 -0.0494237 -0.0320049 -67.0312 0.0491559 0.99875 -0.00910126 -6.82536 0.0324147 0.00751224 0.999446 -4.18542
0.998147 -0.0497861 -0.0349874 -69.6418 0.0494694 0.998727 -0.00986283 -7.03773 0.0354339 0.00811375 0.999339 -4.32071
0.99834 -0.0503459 -0.0279794 -72.2361 0.0500283 0.998676 -0.0119415 -7.28115 0.0285436 0.0105219 0.999537 -4.4644
0.998234 -0.0512094 -0.0301194 -74.8438 0.0507905 0.998604 -0.0145138 -7.5352 0.0308206 0.0129584 0.999441 -4.59488
0.998272 -0.0515065 -0.0282782 -77.4861 0.0511195 0.998591 -0.0142413 -7.78938 0.0289719 0.0127711 0.999499 -4.70831
0.998268 -0.0515515 -0.0283288 -80.1456 0.0511311 0.998574 -0.0153696 -8.04029 0.0290808 0.0138945 0.99948 -4.82131
0.998268 -0.0519991 -0.0275062 -82.7957 0.0515704 0.99854 -0.0160731 -8.28299 0.0283018 0.0146268 0.999492 -4.95145
0.998449 -0.0508573 -0.0226379 -85.4528 0.0505253 0.99861 -0.0150072 -8.53646 0.0233697 0.0138401 0.999631 -5.0681
0.99843 -0.0491834 -0.0267919 -88.1229 0.0487632 0.99868 -0.0161166 -8.76056 0.0275492 0.0147848 0.999511 -5.19183
0.998501 -0.046664 -0.0285942 -90.8025 0.0462625 0.998823 -0.0145453 -9.01047 0.0292393 0.0132007 0.999485 -5.315
0.998761 -0.0456326 -0.0198545 -93.4763 0.045423 0.998909 -0.0108832 -9.25415 0.0203295 0.00996788 0.999744 -5.43809
0.998637 -0.044541 -0.0272154 -96.1679 0.0442889 0.998971 -0.0097975 -9.49917 0.0276238 0.0085788 0.999582 -5.56748
0.998609 -0.0439384 -0.0291433 -98.858 0.0436641 0.998996 -0.00998464 -9.75047 0.0295528 0.00869824 0.999525 -5.69321
0.998727 -0.0440505 -0.0245891 -101.536 0.0438411 0.998998 -0.00899185 -9.96598 0.0249607 0.00790238 0.999657 -5.8154
0.998738 -0.0437506 -0.024665 -104.228 0.0434722 0.998986 -0.0117145 -10.1882 0.0251525 0.0106275 0.999627 -5.94217
0.99867 -0.0441163 -0.0266742 -106.93 0.0437981 0.998964 -0.0123979 -10.4314 0.0271936 0.0112131 0.999567 -6.07288
0.998626 -0.0446407 -0.0274409 -109.639 0.044339 0.99895 -0.011507 -10.6588 0.0279258 0.0102745 0.999557 -6.22825
0.998737 -0.0457306 -0.0208125 -112.329 0.0455589 0.998924 -0.0086505 -10.8993 0.0211858 0.00769137 0.999746 -6.32753
0.998342 -0.0476845 -0.0322285 -114.959 0.0472957 0.9988 -0.0127206 -11.137 0.0327964 0.0111753 0.9994 -6.45156
0.997745 -0.0496724 -0.045151 -117.448 0.0492155 0.998726 -0.0111771 -11.3508 0.0456487 0.00892975 0.998918 -6.55902
0.99775 -0.0524403 -0.0417676 -119.725 0.0519437 0.998567 -0.0128897 -11.5743 0.0423837 0.0106911 0.999044 -6.67974
0.997146 -0.0556286 -0.0510451 -121.739 0.0553175 0.998441 -0.00748942 -11.768 0.0513822 0.00464436 0.998668 -6.7795
0.997615 -0.0586611 -0.0363632 -123.508 0.0583661 0.998254 -0.0091245 -11.9582 0.036835 0.00698036 0.999297 -6.87631
0.998052 -0.0605976 -0.0148139 -125.271 0.0606031 0.998162 -7.89925e-05 -12.1012 0.0147915 -0.00081893 0.99989 -6.96726
0.998073 -0.0599842 -0.0159037 -127.06 0.0599796 0.998199 -0.000765806 -12.2931 0.015921 -0.000189569 0.999873 -7.04843
0.998245 -0.057618 -0.0136402 -128.903 0.0576192 0.998339 -0.000306425 -12.489 0.0136353 -0.000480055 0.999907 -7.12391
0.998334 -0.0556319 -0.0152936 -130.749 0.0556511 0.99845 0.000830774 -12.6569 0.0152237 -0.0016805 0.999883 -7.20473
0.99846 -0.0536418 -0.0141103 -132.645 0.0536464 0.99856 -5.59174e-05 -12.8463 0.014093 -0.000701138 0.9999 -7.27961
0.998625 -0.0512598 -0.0109391 -134.599 0.0512669 0.998685 0.000370578 -13.0117 0.0109058 -0.000930887 0.99994 -7.35115
0.99871 -0.0494632 -0.0114391 -136.633 0.0494827 0.998774 0.00142443 -13.1954 0.0113547 -0.00198863 0.999934 -7.42954
0.998761 -0.0475705 -0.0146036 -138.716 0.0475744 0.998868 -7.95928e-05 -13.3867 0.014591 -0.000615268 0.999893 -7.5163
0.998793 -0.046077 -0.017014 -140.809 0.0460863 0.998937 0.000155151 -13.5806 0.0169888 -0.000939078 0.999855 -7.59327
0.998774 -0.0461122 -0.0179916 -142.889 0.0461071 0.998936 -0.000699914 -13.7565 0.0180048 -0.000130489 0.999838 -7.66875
0.998802 -0.0459923 -0.0166933 -144.968 0.045959 0.99894 -0.00237678 -13.932 0.016785 0.00160673 0.999858 -7.74175
0.998798 -0.0456383 -0.0178817 -147.029 0.0456172 0.998958 -0.00158801 -14.1237 0.0179356 0.00077039 0.999839 -7.81438
0.998833 -0.0459151 -0.0149619 -149.092 0.045864 0.998941 -0.00373775 -14.2873 0.0151177 0.00304717 0.999881 -7.87022
0.998903 -0.0448416 -0.0134709 -151.159 0.0447392 0.998968 -0.00780325 -14.4679 0.013807 0.00719202 0.999879 -7.95842
0.998929 -0.0433008 -0.0162794 -153.223 0.0430996 0.998992 -0.0125126 -14.6467 0.0168048 0.0117976 0.999789 -8.02799
0.998989 -0.0422952 -0.0152023 -155.295 0.042088 0.99902 -0.0137022 -14.8342 0.015767 0.0130485 0.999791 -8.10112
0.998994 -0.0401105 -0.020039 -157.369 0.0398572 0.999122 -0.0128856 -15.0114 0.0205383 0.0120739 0.999716 -8.18447
0.999101 -0.0393853 -0.0156498 -159.466 0.0391643 0.999132 -0.0141872 -15.1672 0.016195 0.0135616 0.999777 -8.2725
0.999117 -0.0391566 -0.0152574 -161.563 0.0389545 0.999152 -0.0133296 -15.3292 0.0157664 0.0127235 0.999795 -8.35999
0.999091 -0.0384254 -0.0184596 -163.663 0.0382048 0.999196 -0.0121617 -15.4998 0.0189121 0.0114454 0.999756 -8.45466
0.999123 -0.038559 -0.016299 -165.769 0.0384103 0.999218 -0.00934068 -15.6729 0.0166465 0.00870645 0.999824 -8.52039
0.999142 -0.0387618 -0.0145953 -166.828 0.0386362 0.999214 -0.00879424 -15.7631 0.0149247 0.00822279 0.999855 -8.5563
