1 0 0 0 0 1 0 0 0 0 1 0
0.999996 -0.000596625 -0.00269451 -0.197113 0.000595086 1 -0.000571988 0.00734364 0.00269485 0.000570383 0.999996 0.0113803
0.999999 -0.000783917 -0.000755085 -0.231506 0.000783318 0.999999 -0.000793458 0.031145 0.000755707 0.000792866 0.999999 -0.00280458
0.999994 -0.00339207 -9.81616e-05 -0.20152 0.00339195 0.999994 -0.00120062 0.0303443 0.000102233 0.00120028 0.999999 -0.0251058
0.999978 -0.00667595 -3.26887e-05 0.0843744 0.00667585 0.999974 -0.00254059 0.0280897 4.96484e-05 0.00254032 0.999997 -0.0101848
0.999955 -0.00939707 0.000835935 0.407644 0.00939993 0.99995 -0.00348131 0.0344715 -0.000803179 0.00348901 0.999994 0.0109877
0.999914 -0.0129811 0.00168448 0.693067 0.0129882 0.999907 -0.00425833 0.0603093 -0.00162905 0.00427984 0.99999 0.0191672
0.999879 -0.0155172 0.000869803 1.00661 0.0155187 0.999878 -0.00175195 0.0627118 -0.000842512 0.00176523 0.999998 0.0163339
0.999829 -0.0179057 0.0046548 1.31581 0.0179039 0.99984 0.000424706 0.0744945 -0.00466166 -0.000341295 0.999989 0.00380544
0.99977 -0.0206924 0.00562098 1.6177 0.0206908 0.999786 0.000328978 0.0464216 -0.00562659 -0.0002126 0.999984 0.0305532
0.999736 -0.0229603 0.00109546 1.93139 0.0229575 0.999733 0.00251279 0.00842604 -0.00115286 -0.00248697 0.999996 0.0400732
0.999724 -0.0233726 0.00236218 1.58184 0.0233689 0.999726 0.00158223 -0.0398575 -0.00239852 -0.0015266 0.999996 0.0585902
0.999991 -0.00402306 0.00114968 1.14599 0.00401689 0.999978 0.00531756 0.0137504 -0.00117104 -0.0053129 0.999985 0.128436
0.996417 0.0844237 -0.00514903 0.596407 -0.0843882 0.99641 0.00675964 0.564443 0.00570122 -0.0063009 0.999964 0.112974
0.985728 0.16793 0.0118338 0.121839 -0.167991 0.985779 0.0043001 1.34865 -0.0109434 -0.0062267 0.999921 0.340274
0.97257 0.232126 0.0149828 -0.33044 -0.23209 0.972686 -0.00414991 2.39776 -0.0155369 0.000558727 0.999879 0.629361
0.953159 0.299497 0.0423002 -0.569215 -0.299391 0.954088 -0.00896402 3.57438 -0.0430428 -0.00412019 0.999065 0.909095
0.930867 0.360342 0.0603357 -0.665964 -0.359128 0.932798 -0.0302539 4.82586 -0.0671828 0.00649409 0.99772 1.19767
0.904256 0.42359 0.053775 -0.664948 -0.421812 0.905732 -0.0415253 6.28435 -0.0662954 0.0148666 0.997689 1.42118
0.87209 0.486632 0.0514711 -0.641269 -0.484955 0.873529 -0.0420169 7.76115 -0.0654083 0.0116813 0.99779 1.52611
0.848471 0.526501 0.0537919 -0.525334 -0.524931 0.850148 -0.0411788 9.01463 -0.0674118 0.00670195 0.997703 1.58857
0.804291 0.591696 0.0548837 -0.321496 -0.590186 0.80616 -0.0422679 9.92263 -0.0692548 0.00160409 0.997598 1.57195
0.801734 0.594836 0.0582493 -0.0791909 -0.594489 0.803715 -0.0250047 9.73249 -0.0616896 -0.0145815 0.997989 1.47728
0.800255 0.596982 0.0566182 0.149458 -0.596566 0.802148 -0.0258442 9.53258 -0.0608447 -0.0130945 0.998061 1.47081
0.797586 0.600785 0.0539857 0.409921 -0.600169 0.799355 -0.028778 9.34154 -0.0604432 -0.00944764 0.998127 1.44545
0.79481 0.60388 0.060058 0.687017 -0.603237 0.796984 -0.0303639 9.16349 -0.0662014 -0.0120957 0.997733 1.42775
0.793039 0.606534 0.0566206 0.955823 -0.605739 0.79501 -0.0322468 8.99909 -0.0645727 -0.00872435 0.997875 1.43447
0.792533 0.607203 0.0565418 1.24087 -0.606303 0.794512 -0.0338706 8.849 -0.0654895 -0.00743794 0.997826 1.42994
0.790389 0.609594 0.0606718 1.55315 -0.608852 0.79263 -0.0321863 8.70754 -0.0677109 -0.0115005 0.997639 1.42484
0.788776 0.611311 0.0642713 1.86805 -0.61109 0.791155 -0.0253346 8.57264 -0.0663359 -0.0192922 0.997611 1.40408
0.787309 0.613109 0.0651275 2.17076 -0.613118 0.789679 -0.0221952 8.41407 -0.0650379 -0.0224563 0.99763 1.36213
0.788231 0.612059 0.063842 2.49277 -0.611905 0.79056 -0.0242296 8.29586 -0.0653009 -0.0199667 0.997666 1.34084
0.788619 0.611617 0.0632818 2.80504 -0.611353 0.79094 -0.0257197 8.15526 -0.0657827 -0.0184045 0.997664 1.33424
0.790868 0.608693 0.0634161 3.10263 -0.608282 0.793233 -0.0278277 8.0241 -0.0672423 -0.0165669 0.997599 1.32706
0.794553 0.603989 0.062305 3.34694 -0.60359 0.796832 -0.027169 7.89006 -0.0660564 -0.0160195 0.997687 1.29582
0.797734 0.599864 0.0615108 3.62855 -0.59947 0.799951 -0.0267321 7.75019 -0.0652413 -0.0155488 0.997748 1.26134
0.799664 0.597425 0.0601776 3.89736 -0.597002 0.801794 -0.0267594 7.59518 -0.0642368 -0.0145276 0.997829 1.24244
0.801717 0.594861 0.05822 4.16082 -0.594278 0.803746 -0.02875 7.45956 -0.0638964 -0.0115495 0.99789 1.22697
0.80162 0.595288 0.0551063 4.40309 -0.594566 0.803469 -0.0304754 7.2825 -0.0624178 -0.00833462 0.998015 1.22595
0.801867 0.594832 0.0564282 4.62502 -0.594138 0.803796 -0.0301965 7.0972 -0.0633186 -0.00931256 0.99795 1.20914
0.802669 0.593388 0.0601168 4.85646 -0.591992 0.804912 -0.0407705 6.93234 -0.0725815 -0.00286346 0.997359 1.19102
0.803594 0.593054 0.0502441 5.11379 -0.591533 0.80515 -0.0426905 6.72816 -0.0657718 0.00458482 0.997824 1.19728
0.803738 0.593206 0.0459565 5.40243 -0.591893 0.805037 -0.0397292 6.49446 -0.0605643 0.0047306 0.998153 1.16718
0.803089 0.594087 0.0459157 5.7544 -0.592559 0.804366 -0.0432427 6.23502 -0.062623 0.00751995 0.998009 1.1397
0.805578 0.590714 0.0458295 6.07232 -0.589038 0.806824 -0.0455033 5.96325 -0.0638558 0.00966119 0.997913 1.11828
0.806682 0.588759 0.0512513 6.50061 -0.586719 0.808244 -0.0500321 5.64112 -0.0708803 0.0102899 0.997432 1.07194
0.807361 0.588227 0.0464512 6.95993 -0.586078 0.808554 -0.0524653 5.29422 -0.0684198 0.0151344 0.997542 1.06137
0.809414 0.584786 0.0536076 7.42792 -0.582389 0.811086 -0.054428 4.95939 -0.0753091 0.0128343 0.997078 0.995588
0.809771 0.583753 0.0591878 7.91912 -0.581073 0.811845 -0.0571119 4.59879 -0.0813906 0.0118551 0.996612 0.945864
0.809719 0.58388 0.0586435 8.41976 -0.581269 0.811758 -0.0563571 4.24797 -0.0805101 0.0115458 0.996687 0.929215
0.808849 0.585148 0.0580076 8.9674 -0.582498 0.810833 -0.0569685 3.88811 -0.0803695 0.0122896 0.99669 0.887413
0.808277 0.5858 0.0593714 9.53217 -0.58303 0.810359 -0.0582513 3.54644 -0.0822358 0.0124679 0.996535 0.859187
0.807231 0.587067 0.0610733 10.0952 -0.584152 0.809441 -0.0597695 3.18893 -0.0845239 0.0125718 0.996342 0.82811
0.806867 0.586956 0.066683 10.6663 -0.583939 0.809561 -0.0602148 2.85008 -0.0893275 0.00964656 0.995956 0.762519
0.806828 0.587017 0.066633 11.2252 -0.583966 0.809513 -0.0605984 2.51092 -0.0895126 0.00998112 0.995936 0.731005
0.807637 0.585781 0.0677007 11.7529 -0.582793 0.810422 -0.0597353 2.18727 -0.0898579 0.00878894 0.995916 0.656023
0.80936 0.583313 0.0684207 12.2617 -0.580064 0.812175 -0.0624307 1.89087 -0.0919863 0.0108406 0.995701 0.633852
0.811298 0.581183 0.0634099 12.7382 -0.577156 0.813488 -0.071607 1.60117 -0.0932001 0.0214972 0.995415 0.643414
0.812361 0.579814 0.0623194 13.2055 -0.575975 0.814483 -0.0697913 1.31994 -0.0912241 0.0208014 0.995613 0.592662
0.813306 0.579243 0.0548663 13.0731 -0.575827 0.814838 -0.0668034 1.4076 -0.0834025 0.0227381 0.996257 0.603425
0.813537 0.57853 0.0588253 11.8436 -0.57489 0.81537 -0.0683681 2.19474 -0.0875174 0.0218019 0.995925 0.69656
0.814068 0.577385 0.0625984 9.82799 -0.57342 0.816177 -0.0710221 3.4653 -0.0920985 0.0219217 0.995509 0.893656
0.814968 0.575981 0.0638186 7.80313 -0.571874 0.817158 -0.0722053 4.73902 -0.0937387 0.0223489 0.995346 1.09638
0.815455 0.575136 0.0652025 5.7972 -0.570985 0.817769 -0.0723216 5.97957 -0.0949154 0.0217454 0.995248 1.28042
0.816123 0.573949 0.0672717 3.79009 -0.569804 0.818641 -0.0717682 7.22601 -0.0962626 0.02024 0.99515 1.45654
0.816233 0.573635 0.0685984 1.80235 -0.569406 0.818867 -0.0723448 8.46326 -0.0976725 0.0199899 0.995018 1.62534
0.816293 0.573649 0.0677659 -0.20055 -0.569525 0.818863 -0.0714431 9.70484 -0.0964743 0.0197242 0.99514 1.81955
0.815282 0.575227 0.0665378 -2.19116 -0.571059 0.817727 -0.0722153 10.9456 -0.09595 0.0208789 0.995167 2.03291
0.813758 0.576943 0.0702433 -4.1997 -0.572575 0.816549 -0.073525 12.2019 -0.0997769 0.019612 0.994817 2.208
0.811845 0.579386 0.072244 -6.20262 -0.574632 0.814783 -0.0769837 13.4641 -0.103467 0.0209852 0.994412 2.39367
0.810224 0.581442 0.0739078 -8.27061 -0.576458 0.813308 -0.0789038 14.7394 -0.105988 0.021325 0.994139 2.57845
0.809553 0.582326 0.0742957 -10.3612 -0.577401 0.812697 -0.0783101 16.0759 -0.105982 0.0204977 0.994157 2.76873
0.808984 0.583017 0.0750717 -12.4595 -0.578088 0.812216 -0.0782188 17.4158 -0.106577 0.0198797 0.994106 3.00511
0.808633 0.5834 0.0758678 -14.5822 -0.578522 0.811965 -0.0776229 18.7882 -0.106887 0.0188773 0.994092 3.22624
0.807422 0.5849 0.0772082 -16.7063 -0.579689 0.810853 -0.0804892 20.1568 -0.109683 0.020232 0.993761 3.50021
0.806487 0.58601 0.0785475 -18.8507 -0.580768 0.810072 -0.0805724 21.5398 -0.110845 0.0193628 0.993649 3.73146
0.806129 0.586389 0.0794008 -21.0266 -0.581291 0.809837 -0.0791453 22.9294 -0.110712 0.0176463 0.993696 3.94694
0.805902 0.586188 0.0830974 -23.209 -0.580777 0.809991 -0.0813197 24.3254 -0.114977 0.0172746 0.993218 4.20289
0.806354 0.585478 0.0837188 -25.4111 -0.579872 0.810482 -0.0828626 25.7436 -0.116367 0.0182703 0.993039 4.48822
0.80634 0.585673 0.0824824 -27.6282 -0.580194 0.810342 -0.0819825 27.1699 -0.114854 0.01825 0.993215 4.72566
0.805862 0.586957 0.0778962 -29.8244 -0.581581 0.809353 -0.0819189 28.5944 -0.111128 0.0207124 0.99359 4.94913
0.805134 0.588676 0.0722393 -31.9436 -0.584366 0.808199 -0.0730146 29.9614 -0.101366 0.0165724 0.994711 5.18876
0.804257 0.59035 0.068247 -33.875 -0.586722 0.807032 -0.0667557 31.2213 -0.0944868 0.0136467 0.995433 5.41429
0.803129 0.591789 0.0690581 -35.6206 -0.587952 0.805959 -0.068865 32.3389 -0.0964116 0.0147046 0.995233 5.65901
0.802553 0.591779 0.0755449 -37.2273 -0.587572 0.805994 -0.0716459 33.3998 -0.103287 0.0131116 0.994565 5.83223
0.803716 0.589573 0.0802706 -38.8025 -0.585252 0.807641 -0.0720851 34.3942 -0.107329 0.0109575 0.994163 5.96057
0.806157 0.585547 0.0851185 -40.3608 -0.58086 0.810567 -0.0747219 35.3993 -0.112747 0.0107957 0.993565 6.15429
0.809509 0.58069 0.0865689 -41.9095 -0.576165 0.814073 -0.0729379 36.3735 -0.112828 0.0091659 0.993573 6.30149
0.812352 0.576803 0.0859248 -43.4412 -0.572159 0.816812 -0.0738415 37.3498 -0.112776 0.0108226 0.993562 6.51401
0.811833 0.577407 0.0867685 -44.9817 -0.572645 0.816382 -0.074827 38.2904 -0.114042 0.0110595 0.993415 6.70771
0.810641 0.578838 0.0883581 -46.5277 -0.573857 0.815362 -0.0766284 39.2749 -0.116399 0.0114132 0.993137 6.93272
0.809433 0.580216 0.0903743 -48.102 -0.575178 0.814397 -0.0769931 40.2691 -0.118273 0.0103394 0.992928 7.10767
0.80897 0.580655 0.0916906 -49.7256 -0.575395 0.814076 -0.0787436 41.298 -0.120366 0.0109428 0.99267 7.32978
0.808569 0.580935 0.0934319 -51.3729 -0.575812 0.813902 -0.0774921 42.3381 -0.121062 0.00885866 0.992606 7.49602
0.808763 0.580322 0.095547 -53.0636 -0.575288 0.814357 -0.0765849 43.4121 -0.122253 0.00697192 0.992475 7.64771
0.808795 0.579762 0.0986227 -54.8185 -0.574795 0.814772 -0.0758735 44.5218 -0.124344 0.00467825 0.992229 7.81378
0.808456 0.579774 0.101292 -56.6367 -0.574678 0.814768 -0.0768052 45.6755 -0.127059 0.00388341 0.991888 8.03507
0.806913 0.581911 0.101342 -58.5101 -0.576999 0.813249 -0.0754922 46.863 -0.126346 0.00244123 0.991984 8.22765
0.805762 0.583301 0.102505 -60.4722 -0.578552 0.812256 -0.0742828 48.1185 -0.126589 0.000550098 0.991955 8.46887
0.804416 0.584929 0.103787 -62.4686 -0.579859 0.811082 -0.076871 49.4147 -0.129144 0.00165438 0.991625 8.75895
0.80361 0.586224 0.102724 -64.5307 -0.581462 0.810149 -0.0745697 50.7306 -0.126936 0.000194917 0.991911 9.01843
0.803876 0.586467 0.0991899 -66.6294 -0.581825 0.809971 -0.0736594 52.0756 -0.12354 0.00150185 0.992339 9.27279
0.804269 0.585386 0.10234 -68.7681 -0.580549 0.810754 -0.075107 53.4561 -0.12694 0.000992681 0.99191 9.5311
0.804831 0.584255 0.104364 -70.9583 -0.579151 0.811568 -0.0770795 54.8498 -0.129733 0.0015934 0.991548 9.77736
0.80463 0.584383 0.105197 -73.1431 -0.579183 0.811476 -0.0778005 56.2567 -0.13083 0.00167224 0.991404 10.0922
0.803715 0.585101 0.108158 -75.3522 -0.580173 0.810958 -0.0758063 57.67 -0.132066 -0.00182351 0.99124 10.3283
0.803264 0.585872 0.107331 -77.5866 -0.58134 0.810394 -0.0728413 59.1065 -0.129656 -0.00388513 0.991552 10.6346
0.803036 0.586432 0.105971 -79.8297 -0.582298 0.809978 -0.0697467 60.5414 -0.126736 -0.00569741 0.991921 10.9611
0.802823 0.586932 0.104812 -82.0294 -0.582817 0.809619 -0.0695767 61.9674 -0.125694 -0.00522834 0.992056 11.3042
0.802858 0.586615 0.106308 -84.288 -0.582566 0.80984 -0.069113 63.4302 -0.126636 -0.00644364 0.991929 11.5795
0.803522 0.585905 0.105197 -86.5616 -0.581831 0.81036 -0.069207 64.9031 -0.125796 -0.00559723 0.992041 11.8807
0.803532 0.585672 0.106413 -88.8363 -0.581379 0.810534 -0.0709472 66.3426 -0.127803 -0.00485774 0.991788 12.1907
0.80356 0.585496 0.10717 -91.0891 -0.58103 0.810665 -0.0723046 67.7907 -0.129213 -0.00416791 0.991608 12.5086
0.804341 0.584508 0.106701 -93.3394 -0.57972 0.811386 -0.0746907 69.2383 -0.130233 -0.00177999 0.991482 12.854
0.805877 0.582941 0.103642 -95.5626 -0.578579 0.81251 -0.0712307 70.6691 -0.125733 -0.00256163 0.992061 13.1556
0.807434 0.581744 0.0981033 -97.7105 -0.577443 0.813372 -0.0706076 72.0413 -0.12087 0.00036186 0.992669 13.4675
0.807764 0.581133 0.0990027 -99.7417 -0.576905 0.813808 -0.0699799 73.3351 -0.121237 -0.000587823 0.992624 13.7421
0.807792 0.580887 0.100209 -101.672 -0.576693 0.813983 -0.069696 74.5717 -0.122054 -0.00148967 0.992523 13.9922
0.807547 0.580818 0.102557 -103.527 -0.576568 0.81403 -0.0701795 75.7532 -0.124246 -0.00245811 0.992249 14.222
0.807547 0.580548 0.104073 -105.335 -0.576213 0.814221 -0.0708707 76.907 -0.125882 -0.00273668 0.992042 14.4641
0.807493 0.579878 0.108148 -107.102 -0.575357 0.814695 -0.0723714 78.0304 -0.130074 -0.00378442 0.991497 14.6948
0.808386 0.578654 0.108035 -108.858 -0.573921 0.81557 -0.0738912 79.1442 -0.130868 -0.00227095 0.991398 14.9682
0.810086 0.576441 0.107128 -110.614 -0.571557 0.817138 -0.0748821 80.2333 -0.130704 -0.00056908 0.991422 15.2369
0.811595 0.574071 0.108423 -112.338 -0.569126 0.818805 -0.0751946 81.3297 -0.131944 -0.00067869 0.991257 15.4892
0.811791 0.573367 0.110658 -114.066 -0.568271 0.819298 -0.0762805 82.4074 -0.134399 -0.000960075 0.990927 15.7232
0.811519 0.573614 0.111373 -114.943 -0.568354 0.819126 -0.0774994 82.9258 -0.135683 -0.000406863 0.990752 15.8516
