1 0 0 0 0 1 0 0 0 0 1 0
0.999998 0.000318579 0.00174214 -2.18714 -0.00031854 1 -2.26939e-05 -0.106429 -0.00174214 2.21389e-05 0.999999 -0.0242152
0.99999 -7.32978e-06 0.00447971 -4.38874 3.13678e-06 1 0.000936008 -0.208086 -0.00447971 -0.000935985 0.99999 -0.0755825
0.999984 -0.0011825 0.00557615 -6.59175 0.00117662 0.999999 0.00105826 -0.29734 -0.0055774 -0.00105168 0.999984 -0.0767916
0.999988 -0.00111527 0.00477181 -8.81005 0.00110497 0.999997 0.00216113 -0.39256 -0.0047742 -0.00215583 0.999986 -0.103989
0.999986 -0.00145389 0.00513336 -11.0387 0.00142568 0.999984 0.00549608 -0.508482 -0.00514127 -0.00548868 0.999972 -0.130657
0.999951 -0.00219319 0.00968412 -13.2425 0.00211701 0.999967 0.00786996 -0.608098 -0.00970106 -0.00784907 0.999922 -0.147116
0.999937 -0.00353821 0.0106253 -15.4646 0.00347705 0.999977 0.00576917 -0.73326 -0.0106454 -0.00573187 0.999927 -0.164985
0.99988 -0.00535885 0.0145146 -17.6755 0.00527329 0.999969 0.00592677 -0.861099 -0.0145459 -0.00584952 0.999877 -0.165757
0.999879 -0.00680775 0.0140241 -19.8744 0.00675299 0.999969 0.00394834 -0.975258 -0.0140506 -0.00385316 0.999894 -0.165571
0.999806 -0.00757495 0.018168 -22.0818 0.00749935 0.999963 0.00422567 -1.10693 -0.0181993 -0.00408861 0.999826 -0.159705
0.999685 -0.00710831 0.0240579 -24.295 0.00698441 0.999962 0.00523024 -1.19749 -0.0240941 -0.00506057 0.999697 -0.161603
0.999945 -0.00568045 0.00882532 -26.5221 0.00564722 0.999977 0.00378591 -1.32949 -0.00884662 -0.00373587 0.999954 -0.132985
0.999918 -0.00452138 0.011973 -28.7644 0.00446056 0.999977 0.00510124 -1.45707 -0.0119958 -0.00504741 0.999915 -0.123984
0.999891 -0.00423133 0.0141691 -30.9746 0.00411593 0.999958 0.00816322 -1.57723 -0.0142031 -0.00810401 0.999866 -0.153889
0.999935 -0.00536106 0.0100517 -33.1961 0.00524356 0.999918 0.0116801 -1.71098 -0.0101135 -0.0116266 0.999881 -0.156755
0.999904 -0.00747028 0.0117078 -35.409 0.00732336 0.999894 0.0125424 -1.82256 -0.0118002 -0.0124554 0.999853 -0.173316
0.999866 -0.00946187 0.0133566 -37.6165 0.00930396 0.999887 0.0118363 -1.95222 -0.0134671 -0.0117104 0.999841 -0.15259
0.999829 -0.0107186 0.0150441 -39.8407 0.0105865 0.999905 0.00883426 -2.0876 -0.0151374 -0.00867349 0.999848 -0.139948
0.999846 -0.0114389 0.0133118 -42.0734 0.0113307 0.999902 0.00817619 -2.22041 -0.013404 -0.0080241 0.999878 -0.134496
0.999824 -0.0114586 0.0148793 -44.3062 0.0113315 0.999899 0.00859353 -2.33375 -0.0149762 -0.00842341 0.999852 -0.14247
0.999782 -0.0102692 0.0181678 -46.5428 0.0101426 0.999924 0.00704301 -2.46097 -0.0182387 -0.00685721 0.99981 -0.13301
0.999918 -0.00799219 0.0100082 -48.765 0.00794509 0.999957 0.00473763 -2.59732 -0.0100456 -0.00465773 0.999939 -0.113294
0.999807 -0.007345 0.0182241 -50.9935 0.00720274 0.999943 0.00785966 -2.74493 -0.0182808 -0.00772688 0.999803 -0.105756
0.999801 -0.00651235 0.0188796 -53.2257 0.0064122 0.999965 0.00536051 -2.8281 -0.0189139 -0.00523838 0.999807 -0.111028
0.999857 -0.0061238 0.0157335 -55.4679 0.00603885 0.999967 0.00544162 -2.97946 -0.0157663 -0.00534583 0.999861 -0.0977209
0.999891 -0.0067278 0.0131518 -57.712 0.0066548 0.999962 0.00558696 -3.07372 -0.0131888 -0.00549883 0.999898 -0.0872533
0.999841 -0.00673715 0.0165301 -59.9447 0.00666334 0.999967 0.00451679 -3.19744 -0.01656 -0.00440593 0.999853 -0.0613476
0.999803 -0.00682651 0.0186554 -62.1833 0.00675639 0.99997 0.0038194 -3.30998 -0.018681 -0.0036926 0.999819 -0.0470871
0.999903 -0.00634351 0.0124092 -64.4351 0.00629683 0.999973 0.00379741 -3.4516 -0.0124329 -0.00371891 0.999916 -0.0565723
0.999815 -0.00628737 0.0181559 -66.6801 0.00617795 0.999962 0.00607692 -3.55046 -0.0181934 -0.00596363 0.999817 -0.0800176
0.999838 -0.00575327 0.0170761 -68.9268 0.00563641 0.99996 0.00688361 -3.66627 -0.017115 -0.00678625 0.999831 -0.0472294
0.999826 -0.0051846 0.0178997 -71.1873 0.00504547 0.999957 0.00780945 -3.77725 -0.0179394 -0.00771779 0.999809 -0.0435997
0.999817 -0.00453867 0.0186016 -73.4419 0.00435018 0.999939 0.0101613 -3.87777 -0.0186466 -0.0100786 0.999775 -0.0331114
0.99978 -0.00333675 0.0207053 -75.6993 0.00312471 0.999942 0.0102651 -3.99413 -0.0207383 -0.0101981 0.999733 -0.0344519
0.999774 -0.00182562 0.0211512 -77.9514 0.0016128 0.999948 0.0100742 -4.09986 -0.0211685 -0.0100379 0.999726 -0.0301231
0.999775 -0.000141409 0.0211841 -80.2047 -6.86103e-05 0.999951 0.00991299 -4.19311 -0.0211845 -0.00991223 0.999727 0.00262593
0.999709 0.00143932 0.0240846 -82.4497 -0.00169424 0.999943 0.0105673 -4.29369 -0.024068 -0.010605 0.999654 0.0231509
0.999672 0.00357217 0.0253614 -84.7024 -0.00384595 0.999935 0.0107546 -4.39134 -0.0253213 -0.0108486 0.999621 0.0500021
0.999622 0.00476038 0.027073 -86.9409 -0.00499379 0.999951 0.00856054 -4.48898 -0.027031 -0.0086925 0.999597 0.0745565
0.999472 0.00518151 0.0320634 -89.1878 -0.00541867 0.999958 0.00731405 -4.57582 -0.0320242 -0.00748393 0.999459 0.0977705
0.999618 0.00559015 0.0270559 -91.4703 -0.00579207 0.999956 0.00739043 -4.65702 -0.0270133 -0.00754432 0.999607 0.136827
0.999749 0.00650915 0.0214147 -93.7544 -0.00668612 0.999944 0.00820315 -4.73752 -0.0213601 -0.00834428 0.999737 0.163204
0.999674 0.00701237 0.0245175 -96.0186 -0.00722076 0.999938 0.00842137 -4.82216 -0.0244569 -0.00859567 0.999664 0.183437
0.999631 0.0080495 0.0259445 -98.2602 -0.00825032 0.999937 0.00764252 -4.90114 -0.0258814 -0.00785375 0.999634 0.216127
0.999567 0.00827735 0.0282038 -100.517 -0.00854044 0.999921 0.00922084 -4.98235 -0.0281253 -0.00945773 0.99956 0.245064
0.999569 0.00833452 0.0281389 -102.801 -0.00859855 0.99992 0.00927495 -5.06186 -0.0280594 -0.00951292 0.999561 0.267763
0.999523 0.00741287 0.0299661 -105.062 -0.00770558 0.999923 0.00966446 -5.14666 -0.0298921 -0.00989077 0.999504 0.28626
0.999577 0.00569546 0.0285191 -107.337 -0.00597072 0.999936 0.00957585 -5.23713 -0.0284627 -0.00974208 0.999547 0.318521
0.999499 0.00469157 0.0312925 -109.612 -0.00493038 0.999959 0.00755888 -5.32802 -0.0312558 -0.00770938 0.999482 0.355584
0.999306 0.00418761 0.0369935 -111.892 -0.0044513 0.999965 0.00704865 -5.42187 -0.0369627 -0.00720844 0.999291 0.400158
0.999447 0.00437005 0.0329367 -114.159 -0.00453973 0.999977 0.0050787 -5.51488 -0.0329137 -0.00522543 0.999445 0.437217
0.999537 0.00409422 0.0301205 -116.436 -0.00419479 0.999986 0.00327686 -5.61242 -0.0301067 -0.0034017 0.999541 0.493387
0.999365 0.00412845 0.0353706 -118.693 -0.00418172 0.99999 0.00143256 -5.72054 -0.0353643 -0.00157956 0.999373 0.519723
0.999573 0.00416272 0.0289116 -120.957 -0.00424437 0.999987 0.00276343 -5.82428 -0.0288997 -0.00288496 0.999578 0.581615
0.999622 0.00494533 0.0270314 -123.23 -0.00508161 0.999975 0.00497506 -5.91801 -0.0270062 -0.00511055 0.999622 0.619006
0.99947 0.0057977 0.0320112 -125.489 -0.00606899 0.999946 0.0083842 -5.98656 -0.0319608 -0.00857404 0.999452 0.65725
0.999401 0.00724316 0.0338361 -127.746 -0.00750174 0.999943 0.00752172 -6.07689 -0.0337797 -0.00777105 0.999399 0.692396
0.99926 0.00776262 0.0376536 -130.009 -0.00802882 0.999944 0.00692386 -6.19217 -0.0375977 -0.00722105 0.999267 0.738205
0.999291 0.00696644 0.0369924 -132.269 -0.00725727 0.999944 0.00773359 -6.27664 -0.0369364 -0.00799658 0.999286 0.787165
0.999267 0.00499398 0.0379528 -134.546 -0.00533077 0.999947 0.00877796 -6.3676 -0.037907 -0.00897385 0.999241 0.849533
0.999254 0.00227717 0.0385434 -136.813 -0.00260982 0.99996 0.00858253 -6.4599 -0.0385223 -0.00867673 0.99922 0.911849
0.999156 2.03423e-05 0.0410546 -139.082 -0.000357786 0.999966 0.0082122 -6.57656 -0.0410531 -0.00821997 0.999123 0.965549
0.999155 -0.000616711 0.0410765 -141.336 0.000383193 0.999984 0.00569275 -6.68018 -0.0410793 -0.00567221 0.99914 1.0209
0.999132 -0.00135702 0.0416338 -143.598 0.00100317 0.999963 0.00851887 -6.79387 -0.0416438 -0.00846971 0.999097 1.08637
0.999145 -0.00305105 0.0412211 -145.863 0.00268917 0.999957 0.00883184 -6.89643 -0.0412462 -0.00871344 0.999111 1.16988
0.998953 -0.00563939 0.0454003 -148.108 0.0050724 0.999908 0.0125945 -7.01644 -0.0454671 -0.0123511 0.99889 1.22316
0.99891 -0.0098704 0.0456048 -150.372 0.00928246 0.999871 0.0130861 -7.13076 -0.0457281 -0.0126485 0.998874 1.30735
0.998772 -0.0141535 0.0474753 -152.627 0.0135632 0.999827 0.0127347 -7.26555 -0.0476473 -0.0120751 0.998791 1.39774
0.998794 -0.0175695 0.0458292 -154.885 0.0170545 0.999787 0.0116045 -7.42003 -0.0460233 -0.0108089 0.998882 1.48973
0.998512 -0.020182 0.050645 -157.136 0.0195102 0.999715 0.0137241 -7.56478 -0.0509075 -0.0127156 0.998623 1.55989
0.99843 -0.0206605 0.0520593 -159.389 0.0199443 0.9997 0.0142405 -7.70823 -0.0523379 -0.0131798 0.998543 1.64751
0.998561 -0.0197971 0.0498363 -161.651 0.0191041 0.999715 0.0143445 -7.85792 -0.0501061 -0.0133718 0.998654 1.74064
0.998721 -0.0178236 0.0472983 -163.92 0.0173288 0.999791 0.0108507 -8.01217 -0.0474818 -0.0100172 0.998822 1.82213
0.998674 -0.0162179 0.0488561 -166.178 0.0157624 0.999829 0.00969583 -8.16231 -0.049005 -0.00891289 0.998759 1.92884
0.99844 -0.01473 0.0538447 -168.424 0.0143078 0.999864 0.00821935 -8.29061 -0.0539585 -0.00743614 0.998516 1.99755
0.998389 -0.0138706 0.0550019 -170.693 0.0133755 0.999867 0.00936022 -8.45052 -0.0551244 -0.00860948 0.998442 2.09605
0.998373 -0.013014 0.0554966 -172.971 0.0124817 0.999873 0.00992612 -8.60356 -0.0556187 -0.00921728 0.99841 2.20611
0.998244 -0.0135872 0.057652 -175.216 0.0130189 0.999863 0.0102234 -8.72526 -0.057783 -0.0094549 0.998284 2.32337
0.998092 -0.0135948 0.0602131 -177.458 0.0130478 0.99987 0.00946836 -8.84622 -0.060334 -0.00866466 0.998141 2.43153
0.998222 -0.0120822 0.0583612 -179.719 0.011627 0.999899 0.00813207 -8.98655 -0.0584536 -0.00743905 0.998262 2.51223
0.998065 -0.0105973 0.061265 -181.973 0.0101648 0.999921 0.00736623 -9.12435 -0.0613382 -0.00672923 0.998094 2.63151
0.997799 -0.00841383 0.0657704 -184.23 0.0077892 0.999922 0.00974795 -9.24852 -0.0658473 -0.0092142 0.997787 2.74559
0.997766 -0.00752049 0.0663734 -186.497 0.00677231 0.999911 0.0114903 -9.38204 -0.066454 -0.0110151 0.997729 2.88443
0.997859 -0.00619819 0.0650951 -188.745 0.00550345 0.999926 0.0108467 -9.48557 -0.0651576 -0.0104652 0.99782 3.00856
0.9978 -0.00492399 0.066097 -191.014 0.00424072 0.999936 0.0104739 -9.59151 -0.0661444 -0.0101705 0.997758 3.1347
0.99786 -0.00207173 0.06534 -193.288 0.00132243 0.999933 0.0115089 -9.70729 -0.0653594 -0.0113979 0.997797 3.23898
0.997783 0.00101711 0.0665374 -195.541 -0.00184862 0.999921 0.0124365 -9.81414 -0.0665195 -0.012532 0.997706 3.33555
0.997668 0.00304695 0.0681727 -197.8 -0.00402076 0.999892 0.0141519 -9.8947 -0.0681222 -0.014393 0.997573 3.4513
0.99743 0.00482891 0.0714713 -200.072 -0.0059532 0.999862 0.015526 -9.99256 -0.0713865 -0.0159116 0.997322 3.567
0.997512 0.00500282 0.0703123 -202.36 -0.0060865 0.999866 0.0152065 -10.0882 -0.0702268 -0.0155966 0.997409 3.68256
0.99726 0.00354202 0.0738798 -204.615 -0.00473324 0.999861 0.0159548 -10.1828 -0.0738131 -0.0162608 0.997139 3.8062
0.997389 0.00120486 0.0721923 -206.865 -0.00253917 0.999828 0.0183937 -10.2628 -0.0721577 -0.018529 0.997221 3.94321
0.997279 -0.00129424 0.073703 -209.139 -9.14227e-05 0.999823 0.0187942 -10.3334 -0.0737143 -0.0187498 0.997103 4.06153
0.997345 -0.00175133 0.0727834 -211.402 0.000490212 0.999849 0.0173413 -10.4384 -0.0728029 -0.0172596 0.997197 4.1941
0.997217 -0.00322806 0.0744731 -213.668 0.00190548 0.999839 0.0178235 -10.5455 -0.0745187 -0.017632 0.997064 4.33169
0.99703 -0.00530698 0.0768128 -215.948 0.00385813 0.999812 0.0189982 -10.6842 -0.0768992 -0.0186455 0.996864 4.49006
0.996866 -0.00750671 0.0787378 -218.2 0.00602544 0.999801 0.0190335 -10.7903 -0.0788651 -0.0184995 0.996714 4.62149
0.996762 -0.00987178 0.0797924 -220.465 0.00837287 0.999782 0.019098 -10.9031 -0.0799636 -0.0183681 0.996628 4.77326
0.996739 -0.0103543 0.0800212 -222.735 0.00896887 0.999804 0.017653 -11.0241 -0.0801883 -0.0168777 0.996637 4.93399
0.996674 -0.0101781 0.0808394 -224.995 0.00892131 0.999834 0.0158931 -11.1476 -0.0809878 -0.0151191 0.9966 5.08152
0.996409 -0.0100257 0.084069 -227.266 0.00881103 0.999851 0.0148067 -11.2643 -0.084205 -0.0140128 0.99635 5.24083
0.996045 -0.00982418 0.0882965 -229.541 0.00842487 0.999833 0.0162067 -11.3927 -0.088441 -0.0153987 0.995962 5.40727
0.996316 -0.00930324 0.0852418 -231.81 0.00793849 0.999835 0.0163354 -11.5166 -0.0853798 -0.0155986 0.996226 5.5801
0.996374 -0.00901471 0.0845877 -234.08 0.0077902 0.99986 0.0147952 -11.6367 -0.0847092 -0.0140826 0.996306 5.76129
0.996061 -0.00851587 0.088249 -236.337 0.00725056 0.999866 0.0146486 -11.7485 -0.088362 -0.0139511 0.995991 5.93796
0.996053 -0.00759703 0.0884263 -238.594 0.00647137 0.999894 0.0130097 -11.8551 -0.0885158 -0.0123862 0.995998 6.11737
0.996101 -0.00693957 0.0879379 -240.862 0.00577893 0.999893 0.0134462 -11.9832 -0.0880218 -0.0128856 0.996035 6.2892
0.996055 -0.00692579 0.0884573 -243.136 0.0055892 0.999866 0.0153489 -12.097 -0.0885518 -0.0147939 0.995962 6.46842
0.995847 -0.00748955 0.0907241 -245.387 0.00609563 0.999859 0.0156318 -12.2041 -0.0908285 -0.0150139 0.995753 6.64595
0.996059 -0.00695569 0.0884037 -247.647 0.00574726 0.999886 0.0139166 -12.3236 -0.0884905 -0.0133537 0.995987 6.82752
0.995941 -0.00653912 0.0897607 -249.919 0.00532633 0.999891 0.0137443 -12.4473 -0.0898409 -0.0132105 0.995868 7.01191
0.995914 -0.00620763 0.0900816 -252.188 0.00496022 0.999889 0.0140649 -12.5593 -0.0901589 -0.0135606 0.995835 7.19379
0.996043 -0.00639328 0.0886258 -254.458 0.00484697 0.999832 0.0176519 -12.6723 -0.0887239 -0.0171525 0.995908 7.37177
0.996118 -0.0058233 0.0878243 -256.712 0.0042823 0.999833 0.0177247 -12.7712 -0.087913 -0.0172798 0.995978 7.53452
0.995941 -0.00551813 0.0898278 -258.966 0.0041007 0.999864 0.0159563 -12.8887 -0.0899036 -0.0155232 0.995829 7.71728
0.995696 -0.00437972 0.0925622 -261.212 0.00324573 0.999918 0.0123982 -13.0208 -0.0926089 -0.0120445 0.99563 7.89773
0.995691 -0.00414053 0.0926249 -263.487 0.00289028 0.999903 0.0136281 -13.1402 -0.0926723 -0.0133017 0.995608 8.08308
0.995887 -0.00430409 0.0904907 -265.737 0.00297348 0.999885 0.0148341 -13.2381 -0.0905442 -0.014504 0.995787 8.25664
0.996168 -0.00437415 0.0873395 -267.966 0.00293039 0.999857 0.0166519 -13.3391 -0.0873999 -0.0163322 0.996039 8.4228
0.996145 -0.00463269 0.087587 -270.201 0.0031899 0.999857 0.0166056 -13.4475 -0.0876515 -0.0162622 0.996018 8.58567
0.996247 -0.00452994 0.0864278 -272.413 0.00311744 0.999859 0.0164711 -13.5577 -0.0864903 -0.0161399 0.996122 8.74055
0.996065 -0.00442069 0.0885034 -274.605 0.00295146 0.999856 0.0167248 -13.6696 -0.0885646 -0.0163978 0.995935 8.91268
0.996062 -0.0040388 0.0885494 -276.787 0.00263556 0.999869 0.0159583 -13.7966 -0.0886023 -0.0156621 0.995944 9.09786
0.996072 -0.00376509 0.0884547 -278.935 0.00245923 0.999886 0.0148675 -13.8833 -0.0885006 -0.0145916 0.995969 9.27061
0.995873 -0.00382581 0.0906651 -280.01 0.00239393 0.999871 0.0158966 -13.9198 -0.0907142 -0.015614 0.995754 9.34936
