1 0 0 0 0 1 0 0 0 0 1 0
0.977225 0.188049 0.0983273 -2.53605 0.147836 -0.270896 -0.951189 -0.475279 -0.152233 0.944062 -0.292527 0.529224
0.970833 0.214429 -0.107256 -5.06616 0.238872 -0.826663 0.509478 -1.21833 0.0205823 -0.520239 -0.853773 0.358123
0.999043 -0.00700498 -0.0431828 -7.63831 0.0346668 0.728853 0.683792 -1.16836 0.0266839 -0.684634 0.728398 0.200013
0.978983 0.149673 0.138528 -9.96552 0.051342 0.476499 -0.877674 -1.22303 -0.197373 0.866341 0.4588 0.829933
0.950275 0.305906 -0.0583086 -12.1652 0.28976 -0.937162 -0.194334 -2.07184 -0.114093 0.167775 -0.979201 1.1124
0.987974 0.0555925 -0.144283 -14.4874 0.1297 0.21005 0.96905 -2.32896 0.0841785 -0.976109 0.200314 0.758001
0.991704 0.0623677 0.112401 -16.7386 0.012109 0.8252 -0.564711 -2.22788 -0.127973 0.561387 0.817598 1.15686
0.959111 0.282876 -0.00936977 -18.8281 0.244067 -0.843381 -0.478685 -2.90373 -0.143311 0.456825 -0.877937 1.55364
0.986715 0.0623977 -0.150001 -20.9513 0.151512 -0.0201978 0.988249 -3.25639 0.0586348 -0.997847 -0.0293834 1.26162
0.993137 0.0208116 0.11509 -23.1435 0.0292545 0.908556 -0.416737 -3.16988 -0.113239 0.417244 0.901712 1.54757
0.951827 0.306471 0.0100137 -25.0155 0.252022 -0.763285 -0.594879 -3.82916 -0.17467 0.568745 -0.803753 1.9805
0.980245 0.104639 -0.167837 -26.982 0.181122 -0.134004 0.974289 -4.20443 0.0794579 -0.985441 -0.150309 1.65912
0.995808 0.0367601 0.0837577 -29.0834 -0.00616365 0.940577 -0.339526 -4.04874 -0.0912616 0.337586 0.93686 1.98155
0.960271 0.276041 0.0409994 -31.0391 0.253607 -0.801877 -0.540997 -4.77794 -0.116461 0.529902 -0.840025 2.29489
0.989995 0.0640383 -0.125728 -33.023 0.102491 0.286052 0.952717 -4.8346 0.0969753 -0.956072 0.276627 1.81353
0.982023 0.119104 0.146436 -34.9531 0.0995507 0.33232 -0.937898 -5.00649 -0.160371 0.935616 0.314489 2.36074
0.969583 0.197072 -0.145157 -36.8572 0.244431 -0.748807 0.61607 -5.34407 0.0127155 -0.632812 -0.774201 2.43291
0.998321 -0.00553447 0.0576607 -38.384 0.0172231 0.978767 -0.204252 -5.36473 -0.055306 0.204902 0.977219 2.528
0.981843 0.189544 -0.00754585 -40.6058 0.189141 -0.975167 0.115216 -5.4878 0.0144801 -0.114552 -0.993312 2.42009
0.999893 -0.0107044 0.00993711 -42.6839 0.0115996 0.995418 -0.0949099 -6.24601 -0.00887566 0.0950151 0.995436 3.02255
0.990302 0.131657 -0.044349 -44.8815 0.135358 -0.986271 0.0945993 -5.77582 -0.0312855 -0.0996849 -0.994527 2.14142
0.956458 -0.28655 0.0554645 -47.0797 0.291166 0.949946 -0.11325 -6.86874 -0.0202366 0.124468 0.992017 3.40003
0.999418 -0.0334452 0.00671098 -49.555 -0.0340209 -0.991635 0.12451 -6.65775 0.00249056 -0.124666 -0.992196 2.25706
0.938662 -0.344377 0.0178477 -51.8659 0.343831 0.930709 -0.124747 -7.62687 0.0263489 0.123232 0.992028 3.31357
0.997477 -0.00541615 -0.070786 -54.4374 0.0065678 -0.985769 0.167977 -7.47829 -0.0706884 -0.168018 -0.983246 2.42166
0.959502 -0.261087 0.105773 -56.1935 0.273674 0.952946 -0.130367 -9.02619 -0.0667594 0.154035 0.985808 3.38854
0.994145 0.0131856 -0.107244 -58.3668 0.0331547 -0.981872 0.186622 -7.05452 -0.102839 -0.189085 -0.976561 2.71077
0.713926 -0.689916 0.119687 -58.4493 0.699319 0.693841 -0.171866 -9.24518 0.0355291 0.206399 0.977823 3.33631
0.98675 0.138295 -0.0848411 -59.9676 0.152024 -0.970769 0.185732 -7.25537 -0.0566754 -0.196169 -0.978931 2.9195
0.786133 -0.614433 0.0668215 -59.4876 0.614837 0.766435 -0.185883 -10.0303 0.0629981 0.187213 0.980297 3.33825
0.97797 0.193657 0.0779133 -61.9029 0.166397 -0.948605 0.269185 -7.57303 0.126039 -0.25029 -0.959932 2.95178
0.925832 -0.374604 -0.0500613 -62.9194 0.345712 0.892952 -0.288304 -11.9339 0.152703 0.249615 0.956229 2.4165
0.90658 0.376532 0.190617 -66.4872 0.296555 -0.889719 0.347067 -8.77034 0.300278 -0.258115 -0.918265 2.04635
0.767262 -0.553578 -0.323821 -65.8427 0.448536 0.824073 -0.346004 -13.414 0.458393 0.12023 0.88058 0.479443
0.845056 0.43793 0.306752 -69.6098 0.339983 -0.882905 0.323867 -10.2904 0.412664 -0.169395 -0.894994 0.306399
0.764351 -0.549902 -0.336713 -68.6893 0.454862 0.829963 -0.322898 -15.2909 0.457022 0.093649 0.884512 -1.15045
0.843218 0.435864 0.314649 -72.8549 0.337205 -0.884703 0.321858 -11.4129 0.418658 -0.165296 -0.892974 -1.24255
0.775533 -0.538885 -0.328863 -71.5839 0.464251 0.839827 -0.281356 -17.2229 0.427807 0.0655257 0.901492 -2.52835
0.839927 0.408427 0.357364 -75.875 0.355737 -0.911645 0.205804 -12.032 0.409845 -0.0457326 -0.911008 -3.1532
0.793349 -0.476359 -0.37905 -74.5469 0.47066 0.87487 -0.114375 -19.1561 0.386103 -0.0876647 0.918281 -3.32946
0.874947 0.277427 0.396864 -78.5618 0.314835 -0.948641 -0.0309569 -13.2309 0.367893 0.152033 -0.917356 -5.55139
0.817186 -0.344315 -0.462227 -77.7638 0.439978 0.890696 0.114367 -21.0004 0.372325 -0.296829 0.879356 -4.10812
0.883346 0.104957 0.456818 -80.9126 0.227983 -0.947762 -0.223094 -15.4568 0.40954 0.301216 -0.861131 -7.05155
0.806158 -0.318444 -0.498701 -81.1941 0.528589 0.766339 0.365127 -21.3604 0.265902 -0.557958 0.786117 -4.84087
0.875564 -0.0558306 0.479864 -83.3858 0.223267 -0.834094 -0.504419 -17.232 0.428414 0.54879 -0.717838 -8.84389
0.822947 -0.149995 -0.547959 -84.7402 0.506798 0.629697 0.588759 -22.0063 0.256738 -0.762223 0.594225 -5.39902
0.7767 -0.18106 0.603286 -85.7357 0.34665 -0.67682 -0.649422 -19.2271 0.5259 0.713536 -0.462922 -10.5265
0.844549 0.133583 -0.518548 -88.2288 0.38944 0.51142 0.766019 -22.8736 0.367523 -0.848885 0.379897 -6.84381
0.784645 -0.356281 0.507341 -87.9416 0.349111 -0.422335 -0.836514 -21.1275 0.512302 0.833485 -0.207001 -12.8408
0.855567 0.303543 -0.419363 -91.7822 0.34925 0.259524 0.900373 -23.8433 0.382137 -0.916793 0.116028 -7.59734
0.764237 -0.491409 0.417683 -90.3659 0.357704 -0.215922 -0.908529 -23.1419 0.536647 0.843738 0.0107635 -14.325
0.871808 0.323199 -0.368094 -94.614 0.351148 0.111587 0.929647 -24.4594 0.341535 -0.939729 -0.0162083 -9.25279
0.765002 -0.515025 0.386677 -92.8991 0.351643 -0.168978 -0.920757 -24.4874 0.539554 0.840354 0.0518365 -16.3021
0.859001 0.336997 -0.385421 -97.6852 0.385595 0.069384 0.920056 -25.7022 0.336798 -0.938946 -0.0703435 -10.3389
0.740334 -0.605575 0.291862 -95.3142 0.319608 -0.0648781 -0.945326 -26.3395 0.591401 0.793139 0.145515 -17.6916
0.907963 0.322782 -0.267236 -100.397 0.337474 -0.185173 0.922942 -26.0782 0.248424 -0.928182 -0.277061 -12.0038
0.485564 -0.839216 0.244833 -96.0826 0.476745 0.0194523 -0.878827 -28.1109 0.732763 0.54345 0.409537 -18.3341
0.859686 0.461627 -0.218722 -102.356 0.376329 -0.282812 0.882266 -26.5211 0.345421 -0.840784 -0.416854 -14.1175
0.0990045 -0.969449 0.224423 -96.0024 0.451119 -0.157296 -0.878493 -28.3828 0.886955 0.188216 0.421765 -18.0249
0.852229 0.424258 -0.30612 -102.717 0.446193 -0.283909 0.848709 -27.1981 0.273161 -0.859884 -0.431257 -14.2628
0.0326816 -0.912248 0.408331 -96.7095 0.41232 -0.359858 -0.836956 -27.5407 0.910453 0.195716 0.364378 -18.9868
0.849726 0.320945 -0.418281 -102.467 0.460517 -0.0655526 0.885227 -28.0559 0.25669 -0.944827 -0.203502 -14.0567
0.0823661 -0.839519 0.53705 -96.8915 0.331228 -0.485188 -0.809247 -26.9045 0.939949 0.244541 0.238109 -18.8887
0.805824 -0.370269 -0.462112 -97.883 0.353855 -0.32463 0.877156 -25.2902 -0.474799 -0.870354 -0.130573 -11.8151
0.0195722 -0.743858 0.668051 -93.2724 0.202888 -0.651322 -0.731175 -22.864 0.979006 0.149851 0.138172 -16.6443
0.644926 -0.551036 -0.529556 -93.0473 0.327528 -0.426771 0.842966 -21.4823 -0.690504 -0.717095 -0.0947559 -9.79583
0.138871 -0.767776 0.625488 -89.433 0.346795 -0.553911 -0.756912 -20.3317 0.927603 0.32203 0.189339 -15.7415
0.529861 -0.726809 -0.43703 -87.8643 0.118922 -0.446549 0.886821 -18.161 -0.839706 -0.521864 -0.150176 -9.19442
0.0990558 -0.795752 0.597466 -83.737 0.310558 -0.545707 -0.778304 -16.8107 0.945379 0.262644 0.193072 -14.9819
0.411228 -0.802786 -0.43177 -82.3913 -0.00736763 -0.476587 0.879096 -14.2795 -0.911503 -0.358328 -0.201901 -8.39122
0.129891 -0.795705 0.591592 -79.4207 0.356952 -0.519117 -0.776597 -14.145 0.925048 0.312043 0.216601 -14.5425
0.374306 -0.828206 -0.417095 -78.0722 -0.033671 -0.461635 0.886431 -11.691 -0.926694 -0.317753 -0.20068 -8.43468
0.18587 -0.759823 0.622994 -75.8504 0.307809 -0.557101 -0.771293 -11.3027 0.933116 0.335124 0.130332 -14.6211
0.400156 -0.777558 -0.485055 -74.4517 0.0618289 -0.505167 0.860804 -9.0546 -0.914359 -0.374446 -0.15407 -8.44014
0.0789677 -0.76556 0.638499 -71.3015 0.281694 -0.59726 -0.750953 -8.34722 0.956249 0.239163 0.16849 -14.1816
0.42487 -0.763688 -0.486072 -70.2911 0.10093 -0.493636 0.863792 -6.4099 -0.899611 -0.416058 -0.132652 -8.3784
0.144285 -0.749939 0.645579 -67.8757 0.297381 -0.589386 -0.751125 -5.68726 0.943794 0.300359 0.137978 -13.844
0.347417 -0.798056 -0.492348 -66.59 0.067518 -0.502401 0.861995 -3.91843 -0.935277 -0.332714 -0.12066 -8.98499
0.105127 -0.748012 0.655306 -64.2044 0.239399 -0.620543 -0.746736 -2.99086 0.965213 0.235382 0.113838 -13.4371
0.315699 -0.837594 -0.445836 -62.5941 0.0446582 -0.456229 0.888741 -1.83836 -0.947808 -0.300485 -0.106626 -8.74763
0.0915167 -0.760039 0.643401 -60.5609 0.219595 -0.614804 -0.757492 -0.770245 0.971289 0.210611 0.110636 -12.9207
0.293043 -0.827796 -0.478412 -59.3724 0.0663719 -0.481559 0.873897 0.599098 -0.953793 -0.287843 -0.0861754 -9.1318
0.098358 -0.757435 0.645459 -57.4664 0.19936 -0.620459 -0.758477 1.42236 0.974978 0.203281 0.089975 -12.9842
0.405492 -0.776152 -0.482869 -56.7849 0.192071 -0.444109 0.875143 2.28691 -0.893692 -0.447609 -0.0310069 -8.77992
0.0443032 -0.760592 0.647716 -55.0336 0.0792482 -0.643634 -0.76122 3.18589 0.99587 0.085055 0.0317606 -12.3737
0.204919 -0.844345 -0.495065 -54.7757 0.13475 -0.476646 0.868707 3.75582 -0.969459 -0.244724 0.0161013 -8.67247
-0.126423 -0.772463 0.622348 -54.0831 -0.0747111 -0.618186 -0.782473 3.94628 0.989159 -0.145419 0.0204416 -12.044
0.206347 -0.852686 -0.479945 -54.6857 0.131735 -0.461826 0.877133 3.66363 -0.969571 -0.244219 0.0170318 -8.72713
-0.126291 -0.770721 0.624531 -54.0951 -0.0756458 -0.620257 -0.780743 3.95392 0.989105 -0.145844 0.0200311 -12.0454
0.203144 -0.851071 -0.48416 -54.6973 0.129431 -0.466791 0.874845 3.68978 -0.970557 -0.240385 0.0153296 -8.76548
-0.123666 -0.767536 0.628963 -54.0896 -0.0770864 -0.624483 -0.777225 3.98213 0.989325 -0.144601 0.0180606 -12.2019
0.206564 -0.851845 -0.481343 -54.7403 0.130526 -0.463565 0.876396 3.61478 -0.969688 -0.24386 0.015432 -8.47169
-0.123254 -0.772596 0.622819 -54.1107 -0.0742389 -0.618668 -0.782137 3.93573 0.989595 -0.142639 0.0188966 -12.0925
0.205711 -0.854305 -0.477333 -54.7558 0.132223 -0.459029 0.878527 3.60911 -0.969639 -0.243836 0.0185312 -8.48185
-0.125249 -0.779622 0.613598 -54.1147 -0.0742266 -0.609372 -0.789403 3.86486 0.989345 -0.144417 0.0184545 -11.8942
0.206915 -0.842525 -0.497331 -54.8291 0.125169 -0.481358 0.867541 3.69219 -0.970319 -0.241757 0.00585753 -8.28473
-0.129754 -0.801633 0.583564 -53.9414 -0.0607999 -0.581001 -0.811629 3.59104 0.98968 -0.140793 0.0266481 -11.8967
0.220472 -0.849483 -0.479343 -54.888 0.112574 -0.465991 0.877599 3.47106 -0.968875 -0.247448 -0.00710873 -7.58033
-0.137281 -0.824385 0.549129 -53.7379 -0.0465141 -0.548401 -0.834921 3.32475 0.989439 -0.140161 0.0369398 -12.2148
0.221872 -0.84453 -0.487383 -54.9142 0.102512 -0.476869 0.872976 3.73745 -0.969672 -0.243651 -0.0192292 -8.31415
-0.144591 -0.828543 0.540933 -53.6978 -0.0481284 -0.540143 -0.840196 3.37883 0.98832 -0.147519 0.0382237 -12.4974
0.235205 -0.852092 -0.467565 -54.8582 0.088164 -0.460374 0.883336 3.70534 -0.967939 -0.248987 -0.0331583 -8.25931
-0.144441 -0.841065 0.521293 -53.5839 -0.0473691 -0.520337 -0.852646 3.30342 0.988379 -0.14785 0.0353176 -12.7607
0.252643 -0.843083 -0.474744 -54.8726 0.0586327 -0.47642 0.877261 3.89667 -0.965782 -0.249469 -0.0709318 -8.89045
-0.164789 -0.833274 0.527729 -53.6937 -0.0107363 -0.533497 -0.845734 3.32586 0.986271 -0.145033 0.0789682 -12.4432
0.247599 -0.833636 -0.493705 -54.9903 0.0718852 -0.492361 0.867417 3.96098 -0.966192 -0.250262 -0.0619821 -8.49732
-0.159222 -0.82678 0.539521 -53.6714 -0.0259844 -0.542794 -0.839464 3.43493 0.986901 -0.14768 0.0649415 -12.6648
0.247828 -0.842404 -0.478472 -54.7835 0.0656996 -0.478129 0.875829 3.96044 -0.966574 -0.24849 -0.0631485 -9.31099
-0.163821 -0.826683 0.53829 -53.6883 -0.0152124 -0.543481 -0.839284 3.40867 0.986373 -0.145681 0.076458 -12.6237
0.241368 -0.845482 -0.476341 -54.7125 0.0690882 -0.474638 0.877466 3.91157 -0.967971 -0.244702 -0.0561499 -9.5456
-0.156875 -0.829096 0.536646 -53.61 -0.0319884 -0.538824 -0.841811 3.40965 0.9871 -0.149226 0.0580067 -12.9507
0.239084 -0.845924 -0.476709 -54.8175 0.0778742 -0.472661 0.877797 3.86052 -0.967871 -0.24699 -0.0471301 -8.94791
-0.150861 -0.838215 0.524057 -53.526 -0.0339672 -0.525416 -0.850167 3.34724 0.987971 -0.146058 0.0507932 -13.0622
0.239415 -0.847227 -0.474222 -54.8329 0.075399 -0.470728 0.879051 3.82687 -0.967986 -0.246214 -0.0488195 -8.63554
-0.151621 -0.841879 0.517928 -53.4239 -0.0240557 -0.520689 -0.853408 3.32375 0.988146 -0.141853 0.0586955 -13.5519
0.239538 -0.843008 -0.48162 -54.7327 0.0775076 -0.477875 0.875002 3.98294 -0.967788 -0.246926 -0.0491299 -9.72595
-0.154937 -0.834036 0.529506 -53.515 -0.0308534 -0.531633 -0.846413 3.34065 0.987443 -0.147478 0.056637 -13.2385
0.214743 -0.840747 -0.497021 -54.4944 0.108062 -0.485317 0.867635 3.95342 -0.970674 -0.240027 -0.0133659 -10.5296
-0.130855 -0.803174 0.581195 -53.8126 -0.0710113 -0.577137 -0.813554 3.70515 0.988855 -0.147729 0.0184872 -12.6282
0.215824 -0.862215 -0.458264 -54.27 0.118492 -0.44273 0.888791 3.73377 -0.969216 -0.246122 0.00661356 -10.8008
-0.130195 -0.79666 0.590239 -53.8457 -0.0675655 -0.586794 -0.806913 3.7689 0.989184 -0.144936 0.0225711 -12.7285
0.210011 -0.858474 -0.467885 -54.3255 0.126141 -0.450768 0.883684 3.68191 -0.969528 -0.244603 0.0136229 -10.6035
-0.132877 -0.792464 0.595268 -53.9091 -0.0674217 -0.591976 -0.803131 3.83363 0.988837 -0.146851 0.0252308 -12.7213
0.20838 -0.858111 -0.469278 -54.3075 0.124757 -0.452572 0.882958 3.74954 -0.970059 -0.242536 0.0127487 -10.7675
-0.13036 -0.788682 0.600822 -53.8528 -0.071897 -0.596878 -0.799104 3.88286 0.988857 -0.147368 0.0211051 -12.921
