1 0 0 0 0 1 0 0 0 0 1 0
0.391507 -0.917854 -0.0653223 1.87622 0.91718 0.394971 -0.0527124 -1.66935 0.0741826 -0.0392751 0.996471 -0.192828
-0.624106 -0.781222 -0.0135548 4.1402 0.781338 -0.623969 -0.0131733 -1.1839 0.00183351 -0.0188124 0.999821 -0.471295
-0.97482 0.219144 -0.0412576 4.51825 -0.221741 -0.972194 0.075295 0.763747 -0.0236099 0.0825476 0.996307 -0.583051
-0.259802 0.965485 -0.0184931 2.49528 -0.96239 -0.257299 0.0871884 2.35593 0.0794208 0.0404493 0.99602 -0.705467
0.750099 0.660947 -0.022394 0.0747571 -0.649872 0.742959 0.160246 1.24642 0.122552 -0.105647 0.986823 -0.505324
0.931396 -0.347025 -0.10989 0.197269 0.36143 0.917519 0.165913 -1.70502 0.0432506 -0.194248 0.979998 -0.00777808
0.178455 -0.978611 -0.102342 3.18946 0.97387 0.16082 0.160358 -2.84434 -0.14047 -0.128284 0.981739 0.637727
-0.756506 -0.650469 -0.0677371 5.50892 0.6299 -0.752576 0.191976 0.0439203 -0.175852 0.102564 0.979059 0.36571
-0.912 0.404491 -0.0681424 4.64078 -0.409185 -0.885499 0.220135 4.10798 0.0287024 0.228646 0.973087 -0.541807
-0.149713 0.988337 -0.0278642 0.87453 -0.940812 -0.133734 0.311429 5.65433 0.304071 0.0728399 0.949861 -1.07849
0.766497 0.641339 -0.0341538 -2.78411 -0.598711 0.732772 0.323406 3.40688 0.23244 -0.227441 0.945644 -0.305737
0.935471 -0.348742 -0.0572113 -2.39584 0.345953 0.870602 0.349812 0.0503731 -0.0721859 -0.347031 0.935071 1.10085
0.222336 -0.974641 -0.0253238 0.951134 0.930133 0.204253 0.305176 -1.10057 -0.292265 -0.091406 0.951959 1.65416
-0.756824 -0.653532 0.0106121 3.96157 0.622211 -0.715391 0.317913 1.02376 -0.200174 0.247207 0.948061 0.980468
-0.92572 0.376594 0.0349286 3.53403 -0.348412 -0.88507 0.308643 4.98899 0.147148 0.273547 0.950537 -0.130463
0.0236457 0.998823 0.0423398 0.100201 -0.942996 0.00822098 0.332702 6.30538 0.331963 -0.0477932 0.942081 -0.341889
0.963719 0.264264 0.0375425 -1.76477 -0.262126 0.910483 0.31986 3.34454 0.0503458 -0.318096 0.946721 0.742567
0.523496 -0.851322 0.0346944 0.521807 0.799319 0.504803 0.325981 0.675973 -0.295029 -0.142918 0.94474 1.57441
-0.647082 -0.762417 -0.00221585 3.93474 0.728594 -0.619226 0.292763 1.40997 -0.22458 0.187827 0.956183 1.23106
-0.901059 0.424522 0.0887331 4.12436 -0.388427 -0.880944 0.270299 4.34356 0.192917 0.209089 0.958679 0.307074
0.14832 0.98224 0.114911 -0.299601 -0.955765 0.112531 0.271752 5.73493 0.253995 -0.150135 0.955482 0.329879
0.972056 0.184652 0.144953 -3.44342 -0.21911 0.935278 0.27793 0.802495 -0.0842516 -0.301924 0.949602 2.15085
0.458356 -0.877412 0.141625 1.20992 0.826465 0.47939 0.295196 -3.73352 -0.326902 -0.0182565 0.944882 2.93274
-0.800125 -0.586883 0.123971 6.74826 0.596599 -0.757195 0.265941 -0.35284 -0.0622061 0.286747 0.955985 0.959602
-0.668676 0.72991 0.141787 3.88155 -0.688648 -0.679851 0.252124 5.16635 0.280422 0.0709481 0.957251 -0.480883
0.638107 0.75019 0.173303 -1.77694 -0.765186 0.592896 0.250926 3.33462 0.0854915 -0.292726 0.952367 0.542783
0.869209 -0.483571 0.103124 -0.659152 0.443466 0.854682 0.269921 -2.55419 -0.218665 -0.188886 0.957344 1.63171
-0.218844 -0.971559 0.0904496 5.31259 0.95675 -0.195448 0.215476 -3.16072 -0.19167 0.133693 0.972311 0.828269
-0.976537 -0.18411 0.111708 7.78927 0.200657 -0.966236 0.161629 1.23388 0.0781793 0.180251 0.980509 -0.612667
-0.524504 0.83827 0.148991 4.14653 -0.829149 -0.542663 0.134274 5.44296 0.19341 -0.0531084 0.97968 -0.996658
0.571436 0.799318 0.18588 -2.19888 -0.818274 0.537763 0.203073 3.29718 0.0623605 -0.268144 0.961359 0.280919
0.968707 -0.18559 0.164814 -2.70302 0.141402 0.958366 0.248073 -4.5569 -0.203992 -0.217005 0.954619 2.02129
0.251588 -0.953991 0.163112 5.31259 0.89924 0.292731 0.325078 -9.19123 -0.357869 0.0648915 0.931514 1.83948
-0.715486 -0.689774 0.110871 13.7773 0.68487 -0.661169 0.30628 -4.0849 -0.137959 0.295072 0.945463 -1.26098
-0.963228 0.243024 0.114589 12.972 -0.209231 -0.946013 0.24755 6.87748 0.168563 0.214471 0.962075 -4.49357
-0.268581 0.947705 0.172396 2.68696 -0.91488 -0.306978 0.262218 12.3135 0.301427 -0.0872945 0.949485 -4.61917
0.730991 0.638274 0.241367 -6.3526 -0.682005 0.671516 0.289716 6.18395 0.0228364 -0.376393 0.926179 -0.647123
0.86875 -0.384868 0.31169 -4.30717 0.280817 0.90121 0.330094 -5.00204 -0.407941 -0.199241 0.891004 2.47257
0.0435278 -0.971519 0.23293 6.91433 0.928077 0.12563 0.350557 -8.41895 -0.369836 0.200918 0.907113 0.680744
-0.816253 -0.527929 0.234569 14.9093 0.57763 -0.751926 0.317727 -0.871477 0.00864115 0.394839 0.91871 -4.19318
-0.857394 0.441536 0.264427 11.3048 -0.367083 -0.884768 0.287116 10.3766 0.360729 0.149105 0.920675 -6.95962
-0.0612641 0.96098 0.269749 0.648589 -0.934807 -0.149965 0.321941 13.3912 0.349832 -0.23244 0.907519 -5.08476
0.701234 0.660588 0.26813 -8.30719 -0.71093 0.619769 0.332363 7.49306 0.0533759 -0.423686 0.904235 -0.292684
0.976252 -0.0664323 0.206201 -9.13893 -0.00833458 0.9396 0.342174 -3.12221 -0.216478 -0.335766 0.916733 3.90387
0.598102 -0.782261 0.174187 -0.975187 0.720714 0.620068 0.309981 -11.9752 -0.350493 -0.0598614 0.93465 5.32821
-0.247957 -0.940669 0.231646 10.5854 0.942812 -0.179331 0.280971 -12.0393 -0.22276 0.288067 0.931341 2.53386
-0.915444 -0.306213 0.261145 15.9267 0.377545 -0.878151 0.293786 -2.75175 0.139364 0.367538 0.919507 -1.52426
-0.706701 0.6633 0.246186 10.3483 -0.594331 -0.745334 0.302072 6.37793 0.383855 0.0671579 0.920948 -2.8693
0.253513 0.940336 0.226936 0.55795 -0.930239 0.172646 0.323804 6.48503 0.265305 -0.293193 0.918505 -0.0624323
0.980243 0.0965492 0.172633 -1.62626 -0.157431 0.909211 0.385423 -2.23321 -0.119748 -0.404986 0.906448 4.44077
0.42421 -0.893167 0.149329 6.13483 0.802313 0.447164 0.395397 -7.59189 -0.41993 -0.047923 0.906291 5.48876
-0.604477 -0.772939 0.192802 14.5272 0.767894 -0.500945 0.39924 -4.63148 -0.212005 0.389383 0.896345 2.31636
-0.955166 0.214161 0.204433 14.6507 -0.124038 -0.916426 0.380498 4.11812 0.268835 0.338081 0.901903 -1.2712
-0.22252 0.956587 0.188219 6.53128 -0.864951 -0.282781 0.414602 8.41864 0.449828 -0.0705429 0.890325 -1.3885
0.812056 0.549684 0.195993 -0.0118895 -0.575871 0.70038 0.421712 3.65355 0.0945386 -0.45532 0.885294 2.48724
0.815244 -0.518416 0.258114 2.73286 0.400884 0.826836 0.394505 -4.51911 -0.417936 -0.218144 0.881898 5.50228
-0.128455 -0.955904 0.264098 11.4254 0.9165 -0.0126937 0.399833 -6.53481 -0.37885 0.293406 0.877717 3.95352
-0.8963 -0.354178 0.266842 17.2858 0.434881 -0.819745 0.372689 -0.193273 0.0867442 0.450085 0.888763 -0.494552
-0.833863 0.502494 0.228414 14.5936 -0.418753 -0.845502 0.331319 9.12789 0.35961 0.180626 0.915454 -2.91619
-0.148729 0.95643 0.251241 5.76189 -0.910402 -0.231623 0.342811 13.9645 0.386068 -0.177744 0.905185 -1.84881
0.663829 0.712831 0.226283 -3.14233 -0.736573 0.57072 0.362958 10.9045 0.129583 -0.407616 0.903913 1.80736
0.977809 -0.109172 0.178806 -5.49338 0.0370546 0.930158 0.365285 1.7671 -0.206197 -0.350553 0.913562 6.07446
0.497321 -0.854474 0.150156 0.982269 0.760447 0.512648 0.398638 -5.47492 -0.417603 -0.0840656 0.904733 8.41518
-0.323534 -0.936508 0.135202 11.7714 0.880584 -0.245714 0.405213 -6.18695 -0.346264 0.250157 0.90417 7.51014
-0.920273 -0.359022 0.15557 18.4423 0.391247 -0.839328 0.377432 1.49212 -0.00493208 0.408207 0.912877 3.56387
-0.876146 0.450531 0.171438 16.6342 -0.363779 -0.851306 0.378078 11.9538 0.316282 0.268886 0.909762 -0.0316091
-0.25874 0.949463 0.177693 7.50661 -0.880878 -0.307412 0.359935 18.2616 0.39637 -0.0633963 0.9159 -0.731652
0.593261 0.796293 0.118149 -2.42259 -0.717682 0.456693 0.525703 16.3608 0.364656 -0.396672 0.842424 1.87123
0.940554 0.301725 0.155955 -8.75957 -0.337283 0.775654 0.533481 9.75824 0.0399975 -0.554368 0.831311 7.20005
0.930773 -0.351844 0.099341 -9.0006 0.2434 0.799104 0.549718 1.14275 -0.272799 -0.487483 0.829423 12.4473
0.501004 -0.862407 0.0724473 -2.39083 0.711072 0.45791 0.533569 -6.66364 -0.493328 -0.215805 0.842649 16.3998
-0.26255 -0.961798 0.0775407 8.67758 0.840232 -0.188374 0.508455 -8.35202 -0.474424 0.198647 0.857591 16.1201
-0.878712 -0.471581 0.0740097 17.8577 0.441537 -0.744031 0.501461 -2.45203 -0.181414 0.473318 0.86201 12.1504
-0.936383 0.340206 0.0863032 19.0943 -0.257481 -0.832943 0.489806 7.35694 0.23852 0.436424 0.86755 6.99263
-0.382296 0.917904 0.106313 11.9567 -0.775543 -0.381279 0.503149 14.9422 0.502377 0.109902 0.857636 3.88188
0.332039 0.942986 0.022987 0.792971 -0.798032 0.26784 0.539821 16.4552 0.502887 -0.197586 0.841466 3.65935
0.876878 0.480336 -0.0190239 -8.12354 -0.405069 0.759626 0.50881 10.9294 0.258851 -0.438458 0.860669 7.28376
0.991162 -0.126468 0.040067 -11.5404 0.0937288 0.88131 0.46315 1.5949 -0.093885 -0.455301 0.885374 12.3477
0.74565 -0.666119 0.0170969 -8.44921 0.607591 0.690221 0.392974 -7.62903 -0.273568 -0.282633 0.919391 16.3052
0.283592 -0.95894 -0.0031214 -0.749007 0.876507 0.25789 0.406484 -14.1092 -0.388989 -0.118011 0.913653 19.2918
-0.219644 -0.975543 0.008569 9.76526 0.90936 -0.201547 0.36393 -17.1133 -0.353302 0.0877274 0.931387 20.3408
-0.641473 -0.75909 0.110888 20.5963 0.72638 -0.554514 0.406061 -15.7965 -0.246748 0.341024 0.907093 18.4538
-0.894071 -0.425134 0.141064 29.839 0.438914 -0.768647 0.465336 -10.889 -0.0894018 0.477958 0.873822 14.4793
-0.977379 -0.0928932 0.190006 36.2846 0.177425 -0.8491 0.497544 -3.47917 0.115116 0.52 0.846374 8.76838
-0.948771 0.245924 0.198385 39.2083 -0.111407 -0.847913 0.518298 6.17933 0.295675 0.469645 0.831872 2.08222
-0.806593 0.54988 0.216887 37.7545 -0.371433 -0.756918 0.537693 17.0119 0.459832 0.353141 0.814768 -4.72142
-0.54828 0.799646 0.244858 31.637 -0.599412 -0.579928 0.551715 27.7851 0.583177 0.155724 0.79728 -10.3928
-0.242757 0.931596 0.270553 21.0918 -0.735197 -0.358632 0.575212 36.9644 0.632894 -0.0592733 0.771967 -13.7702
0.0744229 0.966675 0.244953 7.56608 -0.774565 -0.0986771 0.62475 42.9904 0.628102 -0.236227 0.741408 -14.6094
0.337841 0.907672 0.248987 -7.53548 -0.78178 0.123312 0.611241 45.7356 0.524103 -0.401155 0.751259 -12.1426
0.548194 0.788608 0.278534 -22.5062 -0.74597 0.310454 0.589192 45.2 0.378169 -0.530769 0.758467 -6.65806
0.698701 0.678956 0.225467 -36.5967 -0.663214 0.49654 0.559996 40.9822 0.26826 -0.540803 0.797226 -0.12505
0.804981 0.524147 0.277986 -48.9101 -0.580158 0.597328 0.553729 34.5087 0.124187 -0.607017 0.784925 8.33014
0.884595 0.408712 0.224604 -59.6139 -0.463767 0.720217 0.515954 25.3519 0.0491126 -0.560575 0.826646 16.4839
0.938361 0.305613 0.161492 -68.7276 -0.345604 0.821301 0.453898 14.0293 0.00608317 -0.481733 0.876297 23.5802
0.976926 0.19159 0.0943886 -76.3408 -0.21246 0.916933 0.337781 0.250235 -0.0218325 -0.350041 0.93648 28.8588
0.994875 0.0762454 0.0664087 -82.072 -0.091304 0.959617 0.266082 -14.7455 -0.0434395 -0.270782 0.96166 32.9606
0.997969 -0.0305111 0.0559168 -86.0086 0.0163974 0.971288 0.237343 -30.3905 -0.0615531 -0.235944 0.969816 36.55
0.988506 -0.135115 0.0678257 -88.1594 0.113956 0.960724 0.253029 -46.3939 -0.0993499 -0.242392 0.965078 40.4048
0.969804 -0.229785 0.0817312 -88.564 0.199028 0.939345 0.27932 -62.3148 -0.140958 -0.254619 0.956713 44.5823
0.961388 -0.262654 0.0821393 -88.6028 0.234892 0.93869 0.252365 -78.3524 -0.143388 -0.223327 0.96414 48.279
0.946877 -0.310811 0.0825882 -87.8466 0.265112 0.89976 0.346625 -94.1579 -0.182045 -0.306316 0.934361 53.5818
0.926774 -0.365085 0.0883308 -86.0508 0.294138 0.851635 0.433821 -109.609 -0.233608 -0.376073 0.896659 60.3615
0.890078 -0.443434 0.10549 -82.7945 0.316143 0.767304 0.557941 -123.923 -0.328353 -0.463261 0.823149 69.0645
0.860841 -0.446351 0.244384 -79.4769 0.236087 0.775741 0.585226 -138.254 -0.450796 -0.446091 0.773167 78.2183
0.833541 -0.460098 0.305809 -75.8248 0.206066 0.772527 0.600616 -152.421 -0.512588 -0.437622 0.738743 87.5492
0.785997 -0.497828 0.366574 -71.2772 0.200701 0.766296 0.610336 -166.549 -0.584746 -0.40615 0.702221 96.773
0.733344 -0.544814 0.406674 -65.5824 0.200865 0.745101 0.635986 -180.458 -0.649508 -0.38471 0.655849 106.029
0.681899 -0.587401 0.43586 -58.8146 0.198588 0.722182 0.662584 -193.981 -0.703972 -0.365259 0.609105 115.159
0.585042 -0.639882 0.498274 -50.7484 0.137527 0.68377 0.716621 -206.593 -0.799258 -0.350727 0.488035 124.524
0.538911 -0.656152 0.528241 -42.1644 0.145724 0.69026 0.708736 -219.391 -0.829663 -0.304968 0.467605 133.262
0.538335 -0.678138 0.500323 -33.1046 0.191447 0.676581 0.711046 -232.027 -0.820697 -0.286996 0.494055 141.487
0.534703 -0.685661 0.493924 -23.8719 0.21259 0.674846 0.706675 -244.41 -0.817862 -0.272858 0.506607 149.118
0.544913 -0.680686 0.489628 -14.5168 0.238652 0.685691 0.687658 -256.986 -0.803813 -0.257863 0.536089 156.267
0.546127 -0.677463 0.492736 -5.18981 0.250315 0.6933 0.67578 -269.738 -0.79943 -0.245723 0.548209 163.213
0.589504 -0.640671 0.49196 3.47141 0.236281 0.719167 0.65343 -282.98 -0.772435 -0.268959 0.57533 170.515
0.575151 -0.599099 0.55703 11.4189 0.163079 0.751228 0.63958 -296.427 -0.801628 -0.277015 0.52977 178.022
0.608807 -0.541215 0.580035 18.0858 0.093164 0.774866 0.625223 -309.947 -0.787829 -0.326602 0.522165 186.414
0.66961 -0.465966 0.578358 22.9099 0.0314351 0.795793 0.604752 -323.418 -0.742047 -0.386768 0.547519 195.793
0.698149 -0.407556 0.58863 26.4304 -0.0450489 0.795528 0.60424 -336.447 -0.714534 -0.448367 0.537037 206.078
0.717358 -0.346848 0.604229 28.7446 -0.121764 0.791504 0.598912 -348.932 -0.685981 -0.503208 0.525559 217.096
0.752085 -0.278522 0.597322 29.8088 -0.17073 0.793044 0.58475 -361.133 -0.636568 -0.541763 0.548884 228.429
0.76987 -0.219022 0.59944 29.8044 -0.22692 0.783946 0.577873 -372.861 -0.596495 -0.580912 0.553836 239.966
0.794067 -0.148247 0.589474 28.6036 -0.278306 0.773498 0.569427 -384.085 -0.540372 -0.616218 0.572951 251.791
0.799799 -0.119507 0.588251 26.9966 -0.3066 0.761175 0.571497 -395.325 -0.51606 -0.637441 0.572146 264.183
