1 0 0 0 0 1 0 0 0 0 1 0
1 2.09189e-05 0.000229438 -0.00222928 -2.08744e-05 1 -0.000193886 0.00616164 -0.000229442 0.000193881 1 0.00730912
1 6.15741e-05 0.000248502 -0.00480873 -6.15203e-05 1 -0.000216824 0.00464119 -0.000248515 0.000216808 1 0.00600962
1 -2.14216e-05 0.000205804 -0.00771929 2.14331e-05 1 -5.61463e-05 0.00179681 -0.000205803 5.61507e-05 1 0.00292374
1 -6.58861e-05 6.83312e-05 -0.0101843 6.59062e-05 1 -0.000294532 0.00317045 -6.83118e-05 0.000294537 1 0.00640333
1 1.42379e-05 -0.000145292 -0.00756976 -1.42554e-05 1 -0.000120087 0.00578885 0.000145291 0.000120089 1 0.00560028
1 4.12007e-05 -0.00030026 -0.00734739 -4.12548e-05 1 -0.000180086 0.00970548 0.000300252 0.000180098 1 0.00109352
1 1.76837e-05 -0.000360916 -0.00912101 -1.76548e-05 1 7.98995e-05 0.00704006 0.000360917 -7.98931e-05 1 -0.00169486
1 1.53762e-05 -0.000237348 -0.00961763 -1.53872e-05 1 -4.64345e-05 0.00574394 0.000237348 4.64382e-05 1 0.00427664
1 1.93802e-05 -0.000214809 -0.00813168 -1.93713e-05 1 4.10355e-05 0.00798245 0.00021481 -4.10314e-05 1 0.00647055
1 -4.83366e-05 -0.000162489 -0.00678112 4.83149e-05 1 -0.000133701 0.00305999 0.000162495 0.000133693 1 0.00884674
1 -1.64617e-05 -0.00023082 -0.00796905 1.64399e-05 1 -9.42898e-05 0.00358111 0.000230821 9.42861e-05 1 0.00774275
1 -5.66035e-05 -0.000186147 -0.00820533 5.66183e-05 1 7.96016e-05 0.00273063 0.000186143 -7.96122e-05 1 0.0058554
1 -0.000123465 -8.64014e-05 -0.0127941 0.000123462 1 -3.98239e-05 0.00350296 8.64063e-05 3.98132e-05 1 0.00612716
1 3.81716e-06 -0.000164933 -0.00382681 -3.83696e-06 1 -0.000119951 0.00728908 0.000164932 0.000119952 1 0.00784844
1 -1.17927e-05 -0.000235548 -0.00724086 1.17941e-05 1 5.90774e-06 0.00619066 0.000235548 -5.91052e-06 1 0.00864458
1 -0.000238804 -0.000227901 -0.0141147 0.00023875 1 -0.000235875 0.00253772 0.000227957 0.000235821 1 0.00820872
1 -5.03385e-05 -0.000294211 -0.00683598 5.03128e-05 1 -8.74016e-05 0.00182014 0.000294216 8.73868e-05 1 0.00547171
1 2.98183e-05 -0.000198258 -0.00586192 -2.98347e-05 1 -8.24872e-05 0.00879899 0.000198256 8.24931e-05 1 0.00745906
1 -4.26683e-05 -0.000181982 -0.00865995 4.2654e-05 1 -7.8125e-05 0.00414613 0.000181985 7.81173e-05 1 0.00743056
1 -7.61759e-05 -0.000222452 -0.00905984 7.6121e-05 1 -0.000246673 0.00350891 0.000222471 0.000246656 1 0.00673225
1 -3.13005e-06 -0.000241885 -0.00854338 3.09702e-06 1 -0.000136454 0.004546 0.000241885 0.000136453 1 0.00423819
1 -8.3231e-06 -0.000191649 -0.00569732 8.30564e-06 1 -9.09867e-05 0.0065186 0.00019165 9.0985e-05 1 0.00372247
1 -5.26723e-05 -0.000142205 -0.00693681 5.26445e-05 1 -0.000195076 0.00446895 0.000142215 0.000195068 1 0.00575186
1 -8.37007e-05 -0.000196219 -0.00734971 8.36758e-05 1 -0.000126876 0.0046521 0.000196229 0.000126859 1 0.00678044
1 -2.95985e-05 -0.000178279 -0.00818945 2.95371e-05 1 -0.000344226 0.00668067 0.000178289 0.000344221 1 0.00943523
1 -9.37074e-05 -0.000307561 -0.00643635 9.36706e-05 1 -0.000119809 -0.000119063 0.000307573 0.000119781 1 0.000728839
1 -3.76282e-05 -0.000232184 -0.00435371 3.75799e-05 1 -0.00020777 0.00225576 0.000232192 0.000207762 1 0.00587709
1 -8.14015e-05 -0.000176143 -0.00385614 8.13623e-05 1 -0.000222322 0.0021659 0.000176161 0.000222307 1 0.00470407
1 -0.000190859 0.000113598 -0.0079196 0.000190909 1 -0.000440714 0.0027464 -0.000113514 0.000440736 1 0.0105771
1 -0.000435246 -0.000204884 -0.0238213 0.000435219 1 -0.000129868 -0.00075922 0.000204941 0.000129779 1 -0.00104092
1 -0.000803223 2.5098e-05 -0.0569078 0.000803229 1 -0.000232502 0.00308335 -2.49113e-05 0.000232522 1 0.00163022
1 -0.000990894 -4.16686e-05 -0.0782452 0.000990878 0.999999 -0.000397316 0.00110764 4.20622e-05 0.000397275 1 0.00898989
0.999999 -0.00145879 0.000240841 -0.112773 0.00145883 0.999999 -0.000147613 -0.000677631 -0.000240626 0.000147964 1 0.00101232
0.999996 -0.00206634 0.00163132 -0.150192 0.00206647 0.999998 -7.7009e-05 -0.00371236 -0.00163116 8.03798e-05 0.999999 -0.0090333
0.999987 -0.00344737 0.00386082 -0.252038 0.00344822 0.999994 -0.000214204 -0.017997 -0.00386006 0.000227514 0.999993 -0.0168685
0.999974 -0.00381988 0.00616371 -0.433793 0.00382955 0.999991 -0.00155823 -0.0240432 -0.0061577 0.0015818 0.99998 -0.0112291
0.999981 0.00247623 0.00560562 -0.665117 -0.00244915 0.999985 -0.00483241 -0.0354323 -0.0056175 0.00481859 0.999973 -0.0358229
0.999865 0.0158548 0.00440525 -1.00454 -0.0158173 0.999839 -0.00841156 -0.030699 -0.00453791 0.00834074 0.999955 -0.0711724
0.99947 0.0323475 0.00363302 -1.44495 -0.0323105 0.99943 -0.009804 -0.0189918 -0.00394809 0.00968142 0.999945 -0.0866822
0.998885 0.0471888 0.00118825 -1.97152 -0.0471761 0.998845 -0.00909842 -0.0155257 -0.00161623 0.00903222 0.999958 -0.0780859
0.998508 0.0545899 -0.0014732 -2.59121 -0.0545983 0.998487 -0.00646391 0.00417479 0.0011181 0.0065347 0.999978 -0.109131
0.998545 0.0539024 -0.00116808 -3.30102 -0.0539091 0.998522 -0.00685319 0.00718567 0.000796954 0.00690619 0.999976 -0.122411
0.998887 0.047162 -0.000964726 -4.10088 -0.0471708 0.998793 -0.0136868 -0.00619751 0.000318064 0.0137171 0.999906 -0.154316
0.99924 0.0388316 0.00351851 -4.98211 -0.0387845 0.999168 -0.0125991 -0.0371189 -0.00400482 0.0124531 0.999914 -0.197408
0.999465 0.0325607 0.00293435 -5.9573 -0.0325082 0.999336 -0.016444 -0.0358807 -0.00346783 0.0163398 0.99986 -0.169578
0.999584 0.028729 0.00243617 -6.97197 -0.0286643 0.999315 -0.0233907 -0.0805335 -0.00310649 0.0233111 0.999723 -0.228354
0.999661 0.025869 0.00287809 -8.09744 -0.0258039 0.999452 -0.0207264 -0.0847 -0.00341269 0.0206451 0.999781 -0.271975
0.999656 0.0254581 0.00626474 -9.25946 -0.0252487 0.999185 -0.0314936 -0.133404 -0.00706141 0.0313246 0.999484 -0.318094
0.999669 0.0218453 0.0135789 -10.4955 -0.0214009 0.999257 -0.032053 -0.187617 -0.014269 0.0317518 0.999394 -0.374746
0.999737 0.0163351 0.0161219 -11.831 -0.0158381 0.999409 -0.0304916 -0.227446 -0.0166105 0.0302282 0.999405 -0.408065
0.999832 0.0110761 0.0145814 -13.2468 -0.0105595 0.99933 -0.0350422 -0.300454 -0.0149598 0.0348824 0.999279 -0.430421
0.999954 0.00489961 0.00820294 -14.7339 -0.00460802 0.99937 -0.0351954 -0.368981 -0.00837021 0.035156 0.999347 -0.485435
0.999999 0.00100721 0.000757471 -16.2905 -0.000980177 0.999391 -0.0348778 -0.430727 -0.00079214 0.034877 0.999391 -0.526713
0.999998 -0.000551595 0.00186173 -17.9034 0.000618002 0.999357 -0.0358572 -0.519121 -0.00184076 0.0358583 0.999355 -0.580263
0.999998 -0.00156727 -0.000772059 -19.6078 0.00153808 0.999334 -0.0364635 -0.607109 0.000828692 0.0364622 0.999335 -0.655267
0.999875 -0.00177033 -0.0157173 -21.4083 0.00120553 0.999356 -0.0358719 -0.685077 0.0157707 0.0358484 0.999233 -0.689232
0.999579 -0.00400142 -0.0287428 -23.3205 0.00301601 0.999409 -0.0342456 -0.80188 0.0288628 0.0341445 0.999 -0.789333
0.999275 -0.00550274 -0.0376669 -25.2498 0.0041921 0.999386 -0.0347865 -0.885881 0.0378352 0.0346034 0.998685 -0.90553
0.998013 -0.00723042 -0.0625949 -27.2908 0.0050707 0.999389 -0.0345936 -0.995728 0.0628067 0.0342075 0.997439 -1.07074
0.998157 -0.00836936 -0.0601056 -29.3887 0.00624895 0.999354 -0.03538 -1.12062 0.0603629 0.0349392 0.997565 -1.25222
0.998142 -0.00886659 -0.0602781 -31.5394 0.00667337 0.999312 -0.0364895 -1.23192 0.0605601 0.0360195 0.997514 -1.43399
0.99799 -0.00761994 -0.0629051 -33.7713 0.00556909 0.999449 -0.0327136 -1.3495 0.0631198 0.0322976 0.997483 -1.62236
0.998629 -0.00535078 -0.0520631 -36.0117 0.00398227 0.999645 -0.0263539 -1.45578 0.0521856 0.0261105 0.998296 -1.84284
0.99828 -0.000307732 -0.0586204 -38.326 -0.000391302 0.999929 -0.0119129 -1.55639 0.0586199 0.0119154 0.998209 -2.01292
0.997989 0.00507956 -0.0631843 -40.6877 -0.00485867 0.999982 0.00364912 -1.64248 0.0632017 -0.00333478 0.997995 -2.18018
0.998042 0.0111288 -0.0615536 -43.0162 -0.0100677 0.999796 0.0175234 -1.68546 0.0617361 -0.0168694 0.99795 -2.39776
0.998105 0.0165519 -0.0592712 -45.3398 -0.0153462 0.999667 0.0207397 -1.75501 0.0595948 -0.0197908 0.998026 -2.5629
0.998352 0.0207613 -0.0535048 -47.6489 -0.0196982 0.9996 0.0203218 -1.83738 0.0539053 -0.0192343 0.998361 -2.70905
0.998834 0.0246071 -0.0415358 -49.9281 -0.0240155 0.999604 0.0146828 -1.9173 0.0418806 -0.0136682 0.999029 -2.83063
0.998654 0.0256998 -0.0450392 -52.2329 -0.0254912 0.999662 0.00520178 -1.9706 0.0451576 -0.00404668 0.998972 -2.92596
0.998419 0.0260876 -0.0497881 -54.5342 -0.0265188 0.999616 -0.00801916 -2.01024 0.0495598 0.0093268 0.998728 -3.04497
0.998555 0.0261924 -0.0469297 -56.7942 -0.0266671 0.999599 -0.00951711 -2.07588 0.0466616 0.0107548 0.998853 -3.18561
0.998768 0.0265822 -0.0418885 -59.0655 -0.0269354 0.999606 -0.00788869 -2.12459 0.0416623 0.00900726 0.999091 -3.31218
0.998998 0.0277154 -0.0351451 -61.323 -0.0280278 0.999572 -0.00842595 -2.1528 0.0348965 0.00940255 0.999347 -3.42206
0.998859 0.0282349 -0.038508 -63.6576 -0.0285796 0.999556 -0.00842798 -2.21508 0.0382529 0.0095189 0.999223 -3.56003
0.999106 0.0290771 -0.0306917 -65.9777 -0.0292845 0.999551 -0.00633156 -2.23896 0.0304938 0.00722469 0.999509 -3.68965
0.999093 0.0288299 -0.0313412 -68.3475 -0.0290583 0.999554 -0.0068565 -2.27228 0.0311296 0.007761 0.999485 -3.76429
0.999109 0.0284757 -0.0311464 -70.7711 -0.0287803 0.999542 -0.00937556 -2.31603 0.0308652 0.0102636 0.999471 -3.85356
0.999282 0.0278561 -0.0256814 -73.2282 -0.0281315 0.99955 -0.0104264 -2.36541 0.0253794 0.0111414 0.999616 -3.95874
0.999217 0.02709 -0.0288339 -75.7426 -0.0274298 0.999558 -0.0114543 -2.40481 0.0285109 0.0122362 0.999519 -4.08836
0.999299 0.0264189 -0.0265205 -78.2738 -0.0267711 0.999557 -0.0130126 -2.45726 0.026165 0.0137135 0.999564 -4.2097
0.999281 0.0259806 -0.0276147 -80.8498 -0.0263489 0.999568 -0.013059 -2.5097 0.0272635 0.0137773 0.999533 -4.31472
0.999302 0.0256615 -0.0271476 -83.4663 -0.026002 0.999587 -0.0122627 -2.57689 0.0268217 0.0129601 0.999556 -4.42644
0.999358 0.02554 -0.0251216 -86.0788 -0.0258337 0.999601 -0.0114352 -2.61419 0.0248196 0.0120768 0.999619 -4.53947
0.999062 0.0238774 -0.0361093 -88.6923 -0.0243946 0.999605 -0.0139495 -2.69585 0.0357619 0.0148173 0.999251 -4.66814
0.998912 0.0236532 -0.0401822 -91.223 -0.0240964 0.999654 -0.0105826 -2.74229 0.039918 0.0115393 0.999136 -4.80019
0.999254 0.0227774 -0.0311759 -93.6868 -0.0230501 0.999699 -0.00841492 -2.80094 0.0309749 0.00912725 0.999479 -4.9234
0.999057 0.0237576 -0.0363479 -96.0867 -0.0239966 0.999693 -0.00615401 -2.84108 0.0361905 0.00702043 0.99932 -5.04513
0.999107 0.0244019 -0.0344978 -98.4751 -0.0246209 0.999679 -0.00593934 -2.89646 0.0343418 0.00678341 0.999387 -5.15932
0.999245 0.0253784 -0.029413 -100.833 -0.0255684 0.999655 -0.00610199 -2.96324 0.029248 0.00684943 0.999549 -5.26023
0.999304 0.0256979 -0.0270155 -103.167 -0.0259045 0.999638 -0.00732473 -3.0047 0.0268175 0.00801946 0.999608 -5.35723
0.999336 0.0250561 -0.0264491 -105.491 -0.0252961 0.999642 -0.00877875 -3.07023 0.0262197 0.00944198 0.999612 -5.46273
0.999361 0.0238829 -0.0265932 -107.786 -0.0241502 0.999661 -0.00977576 -3.12442 0.0263507 0.0104117 0.999599 -5.57406
0.999425 0.0224024 -0.0254356 -110.093 -0.0226325 0.999705 -0.00879195 -3.17111 0.0252311 0.00936257 0.999638 -5.66413
0.999625 0.0208078 -0.0177896 -112.389 -0.020931 0.999758 -0.00676675 -3.22209 0.0176445 0.00713657 0.999819 -5.75845
0.999662 0.0198603 -0.0167328 -114.707 -0.020006 0.999763 -0.00858726 -3.28135 0.0165582 0.00891912 0.999823 -5.84367
0.999654 0.0189984 -0.0181792 -117.068 -0.0191179 0.999797 -0.00642188 -3.3403 0.0180534 0.00676721 0.999814 -5.92259
0.999739 0.0168059 -0.0154753 -119.421 -0.0168644 0.999851 -0.00365901 -3.40773 0.0154114 0.00391904 0.999874 -6.03446
0.999738 0.0130611 -0.0188049 -121.797 -0.0130685 0.999915 -0.00026916 -3.49908 0.0187998 0.000514843 0.999823 -6.15203
0.999765 0.00777733 -0.0202061 -124.24 -0.00779513 0.99997 -0.000802723 -3.5651 0.0201992 0.000960047 0.999796 -6.24124
0.999902 0.0013976 -0.0138795 -126.683 -0.00134371 0.999992 0.00389125 -3.66515 0.0138848 -0.00387222 0.999896 -6.34272
0.999889 -0.00441948 -0.014235 -129.193 0.0044884 0.999979 0.00481346 -3.78853 0.0142134 -0.00487682 0.999887 -6.46087
0.999857 -0.00767667 -0.015037 -131.74 0.00770551 0.999969 0.00185987 -3.92366 0.0150222 -0.00197546 0.999885 -6.5523
0.999828 -0.00890896 -0.0162709 -134.283 0.00891148 0.999961 8.21446e-05 -4.06878 0.0162695 -0.000227126 0.999868 -6.66729
0.999839 -0.00513875 -0.0171611 -136.847 0.00509221 0.999983 -0.00275537 -4.21249 0.017175 0.00266754 0.999849 -6.77609
0.999897 0.00263123 -0.0140628 -139.386 -0.00263997 0.999997 -0.000603485 -4.33188 0.0140612 0.000640551 0.999901 -6.90385
0.999857 0.00705897 -0.015386 -141.959 -0.00706358 0.999975 -0.000245345 -4.44092 0.0153839 0.000353992 0.999882 -6.99489
0.999776 0.0123206 -0.0172042 -144.513 -0.0124024 0.999913 -0.00465475 -4.53157 0.0171454 0.00486708 0.999841 -7.0789
0.999744 0.0168388 -0.0151312 -147.071 -0.0169091 0.999847 -0.00452535 -4.61129 0.0150527 0.00478004 0.999875 -7.15755
0.999693 0.0202369 -0.0142922 -149.618 -0.0203136 0.99978 -0.00524125 -4.67801 0.014183 0.00552996 0.999884 -7.22271
0.999582 0.0239652 -0.0161684 -152.162 -0.0241342 0.999656 -0.0103384 -4.75084 0.015915 0.0107243 0.999816 -7.30033
0.999523 0.0259999 -0.0166615 -154.683 -0.0262346 0.999558 -0.0140282 -4.80624 0.0162894 0.0144586 0.999763 -7.38405
0.999458 0.0279038 -0.0174553 -157.215 -0.0281527 0.999503 -0.0141798 -4.85959 0.0170509 0.0146635 0.999747 -7.49016
0.999418 0.0299249 -0.0163406 -159.729 -0.0301697 0.999433 -0.0149453 -4.90314 0.0158841 0.0154296 0.999755 -7.58392
0.999368 0.0323461 -0.0147521 -162.252 -0.0325664 0.999358 -0.014946 -4.93201 0.0142591 0.015417 0.99978 -7.66927
0.999258 0.034697 -0.0166949 -164.785 -0.0348983 0.99932 -0.0119237 -4.95647 0.0162698 0.0124975 0.99979 -7.78946
0.999234 0.0368293 -0.0132088 -167.316 -0.0369641 0.999266 -0.0101096 -4.98234 0.0128268 0.0105901 0.999862 -7.88917
0.999196 0.0384842 -0.0111787 -169.859 -0.0386004 0.999201 -0.0103697 -5.00227 0.0107707 0.0107929 0.999884 -7.97943
0.999175 0.0392979 -0.0102398 -172.405 -0.0394132 0.999159 -0.0113115 -5.0145 0.00978661 0.0117058 0.999884 -8.04447
0.999161 0.0400398 -0.00862498 -174.983 -0.0401437 0.999119 -0.0122274 -5.03341 0.00812778 0.0125634 0.999888 -8.11074
0.999153 0.040501 -0.00718251 -177.582 -0.0405817 0.999111 -0.011474 -5.06389 0.0067114 0.0117558 0.999909 -8.19079
0.999158 0.0407938 -0.00437901 -180.193 -0.0408322 0.999125 -0.0090551 -5.07547 0.00400577 0.00922627 0.99995 -8.26356
0.999209 0.0392415 -0.00641399 -182.841 -0.0392792 0.999211 -0.00585037 -5.07626 0.00617933 0.00609768 0.999963 -8.3445
0.999245 0.0375499 -0.00997453 -185.492 -0.0376256 0.999264 -0.00751112 -5.09597 0.00968513 0.00788075 0.999922 -8.43504
0.999312 0.0358848 -0.00937616 -186.82 -0.0359707 0.999311 -0.00916147 -5.12169 0.00904093 0.00949243 0.999914 -8.43706
