1 0 0 0 0 1 0 0 0 0 1 0
1 -7.61664e-05 -0.000603118 -0.000694399 7.61075e-05 1 -9.75426e-05 -0.00266176 0.000603125 9.74967e-05 1 -0.0102653
1 -0.00014631 -0.000625719 -0.00164971 0.000146248 1 -0.000100009 -0.00569777 0.000625734 9.9917e-05 1 -0.0119161
1 -5.85408e-05 -0.000618881 -0.000470313 5.8403e-05 1 -0.000222626 0.00114054 0.000618894 0.00022259 1 -0.00875861
1 4.40147e-05 -0.000125741 0.00249077 -4.40351e-05 1 -0.000161866 0.00530349 0.000125734 0.000161872 1 -0.00552481
1 2.34284e-05 -0.000478908 0.00325519 -2.34381e-05 1 -2.03492e-05 0.00331909 0.000478908 2.03605e-05 1 -0.00840895
1 -7.95735e-05 -0.000231099 0.00808562 7.95572e-05 1 -7.06867e-05 -0.00329561 0.000231104 7.06683e-05 1 -0.00661236
1 -7.50365e-05 -0.000153951 0.00767963 7.50666e-05 1 0.000195446 0.00233845 0.000153936 -0.000195458 1 -0.0156977
1 -0.000117567 -0.000150802 0.0101499 0.000117545 1 -0.000147853 0.00103229 0.000150819 0.000147835 1 -0.00655676
1 -4.03384e-05 -0.00011392 0.0143051 4.03257e-05 1 -0.000111984 0.00414786 0.000113924 0.00011198 1 0.00136695
1 -0.000148765 -0.000377673 0.0112003 0.000148713 1 -0.000137084 0.00260554 0.000377694 0.000137027 1 -0.0106274
1 -0.000215333 -0.000334341 0.0112168 0.00021535 1 5.0616e-05 -0.00237827 0.00033433 -5.0688e-05 1 -0.0119728
1 -0.000171712 -0.00022828 0.0146204 0.00017171 1 -9.92901e-06 -0.001112 0.000228282 9.88987e-06 1 -0.00305355
1 -6.69123e-05 -0.000302954 0.0205808 6.6892e-05 1 -6.70746e-05 0.00363653 0.000302959 6.70544e-05 1 -0.00211307
1 -0.000119024 -0.000336028 0.0165608 0.000119051 1 8.08013e-05 0.00501541 0.000336019 -8.08413e-05 1 -0.00582713
1 -0.000178119 -0.000230173 0.019566 0.000178154 1 0.000151178 -0.00268193 0.000230146 -0.000151219 1 -0.00979466
1 -0.000189667 -0.000307502 0.0205093 0.000189638 1 -9.30954e-05 0.000393168 0.00030752 9.30371e-05 1 -0.00261298
1 -0.000379401 -0.000220379 0.0130931 0.000379373 1 -0.000127458 -0.00327382 0.000220427 0.000127375 1 -0.000734783
1 -0.000121945 -0.000362572 0.0308592 0.000121967 1 5.94751e-05 -0.00183797 0.000362565 -5.95193e-05 1 -0.00375771
1 -0.000306624 -0.000394456 0.0262283 0.000306579 1 -0.000113173 -0.00714364 0.000394491 0.000113052 1 -0.00706602
1 -0.000245618 -0.000602864 0.0283779 0.000245633 1 2.42762e-05 0.00431051 0.000602858 -2.44243e-05 1 -0.0104855
1 -0.000335585 -0.000555085 0.0307659 0.000335407 1 -0.000320028 0.00248866 0.000555192 0.000319842 1 -0.000871697
1 -0.000591589 -0.000359777 0.0319718 0.000591465 1 -0.000345714 -0.00620274 0.000359982 0.000345501 1 0.00709333
1 -0.000717102 -0.000442157 0.0369057 0.000717168 1 0.000148308 -0.000126754 0.000442051 -0.000148625 1 -0.000330165
1 -0.000957065 -0.000282204 0.0422647 0.000957066 0.999999 5.37251e-06 -0.00622613 0.000282199 -5.6426e-06 1 -0.000985663
0.999999 -0.00104538 -0.00047583 0.0525722 0.00104539 0.999999 2.37064e-05 0.00811302 0.000475805 -2.42039e-05 1 0.00301225
0.999999 -0.00137113 -0.000555594 0.0598133 0.00137121 0.999999 0.000134888 -0.00663973 0.000555409 -0.000135649 1 0.00158496
0.999999 -0.00145689 -0.000306711 0.063433 0.0014569 0.999999 2.21692e-05 0.0111462 0.000306678 -2.2616e-05 1 0.00865188
0.999999 -0.00170317 -0.000289782 0.0716857 0.00170325 0.999998 0.000294047 0.0148049 0.000289281 -0.00029454 1 0.0102254
0.999998 -0.00195784 0.0001292 0.0778235 0.00195778 0.999998 0.000477376 0.00890657 -0.000130134 -0.000477122 1 0.0115204
0.999997 -0.00233961 0.00111607 0.0856332 0.00233875 0.999997 0.000775138 0.00332919 -0.00111788 -0.000772526 0.999999 0.0221738
0.999994 -0.00294297 0.00161144 0.0511262 0.00294092 0.999995 0.00127065 0.0103245 -0.00161517 -0.0012659 0.999998 0.0077844
0.999989 -0.00342274 0.00319288 -0.00910676 0.00341862 0.999993 0.00129587 0.0131268 -0.00319729 -0.00128494 0.999994 0.0146193
0.99997 -0.00411566 0.00659107 -0.102669 0.00410328 0.99999 0.00189033 -0.00258758 -0.00659878 -0.00186323 0.999976 0.0155665
0.999941 -0.00523661 0.00955855 -0.283553 0.00521392 0.999983 0.00239745 -0.0236226 -0.00957095 -0.00234747 0.999951 0.00127315
0.999943 -0.00509261 0.0093794 -0.542642 0.00507014 0.999984 0.00241704 -0.0392225 -0.00939157 -0.00236934 0.999953 0.00271618
0.999929 -0.00534338 0.0106302 -0.924759 0.00531971 0.999983 0.00225323 -0.045267 -0.010642 -0.00219653 0.999941 0.0135016
0.999916 -0.00394147 0.0123359 -1.42937 0.00395535 0.999991 -0.00110123 -0.092227 -0.0123315 0.00114993 0.999923 0.00496615
0.999904 -0.00100276 0.0138151 -2.04782 0.00101314 0.999999 -0.000744557 -0.120991 -0.0138144 0.000758483 0.999904 -0.0137872
0.999906 1.8294e-05 0.013743 -2.76242 -1.63973e-05 1 -0.000138107 -0.146427 -0.013743 0.000137869 0.999906 -0.0322071
0.999905 -0.00161355 0.0137228 -3.54472 0.00165484 0.999994 -0.00299821 -0.209149 -0.0137179 0.00302064 0.999901 -0.0186622
0.999894 -0.00454756 0.0138209 -4.43314 0.00457919 0.999987 -0.00225772 -0.256114 -0.0138104 0.00232077 0.999902 -0.0279675
0.999837 -0.0104037 0.0147384 -5.40232 0.0104228 0.999945 -0.00122297 -0.333224 -0.0147249 0.00137639 0.999891 -0.0415067
0.999704 -0.0175683 0.0168525 -6.47275 0.0175897 0.999844 -0.00112404 -0.419788 -0.0168301 0.00142014 0.999857 -0.037388
0.999547 -0.0241762 0.0179332 -7.59431 0.0241828 0.999707 -0.000153576 -0.514961 -0.0179243 0.000587183 0.999839 -0.0424133
0.999358 -0.0308135 0.0182816 -8.77287 0.0308235 0.999525 -0.000263932 -0.622704 -0.0182648 0.000827265 0.999833 -0.0647023
0.999194 -0.0357924 0.018171 -10.044 0.0358278 0.999357 -0.00162629 -0.751272 -0.0181011 0.00227601 0.999834 -0.0531903
0.999115 -0.0380358 0.0179422 -11.4085 0.0380794 0.999272 -0.00209708 -0.882353 -0.0178494 0.00277845 0.999837 -0.0510754
0.999097 -0.0379497 0.0190857 -12.8588 0.037972 0.999278 -0.000808457 -0.992399 -0.0190413 0.00153245 0.999817 -0.0670611
0.999161 -0.036967 0.0176409 -14.3559 0.0369758 0.999316 -0.000176642 -1.14301 -0.0176223 0.000828783 0.999844 -0.0801014
0.999232 -0.0358385 0.0158509 -15.9338 0.0358365 0.999358 0.000408002 -1.30851 -0.0158554 0.000160354 0.999874 -0.0951638
0.999213 -0.0349702 0.0187002 -17.5511 0.0349638 0.999388 0.000668864 -1.45684 -0.0187121 -1.45076e-05 0.999825 -0.075516
0.999233 -0.0349104 0.0177592 -19.2245 0.034873 0.999389 0.00241493 -1.61469 -0.0178327 -0.00179376 0.999839 -0.0844973
0.999241 -0.0345382 0.0179985 -20.9624 0.0344919 0.999401 0.00287777 -1.77343 -0.0180871 -0.00225478 0.999834 -0.0928822
0.999207 -0.0345053 0.019878 -22.7385 0.03449 0.999404 0.00111176 -1.94561 -0.0199045 -0.000425291 0.999802 -0.0870419
0.999223 -0.0325661 0.0222038 -24.5608 0.0326038 0.999467 -0.00134109 -2.12499 -0.0221483 0.00206397 0.999753 -0.0859466
0.999299 -0.0289937 0.0236793 -26.4134 0.0290916 0.999569 -0.00380132 -2.24859 -0.0235589 0.00448752 0.999712 -0.0853011
0.999389 -0.0257383 0.0236347 -28.3095 0.0258292 0.99966 -0.00355239 -2.45354 -0.0235353 0.00416069 0.999714 -0.0580343
0.999416 -0.0237765 0.0245417 -30.2112 0.0238842 0.999706 -0.00410533 -2.59875 -0.0244369 0.00468909 0.99969 -0.0439826
0.999472 -0.0233364 0.0225932 -32.1471 0.0234287 0.999718 -0.00382769 -2.75564 -0.0224975 0.004355 0.999737 -0.0353666
0.999512 -0.023576 0.0205028 -34.0846 0.0236378 0.999717 -0.00278004 -2.87601 -0.0204315 0.00326332 0.999786 -0.0315641
0.999493 -0.0230028 0.0220181 -36.0501 0.0230285 0.999734 -0.000914096 -3.0354 -0.0219913 0.00142068 0.999757 -0.0169869
0.999557 -0.0197359 0.0222875 -38.0252 0.0197981 0.999801 -0.00257113 -3.20914 -0.0222323 0.00301124 0.999748 0.0315523
0.999689 -0.0143864 0.0203876 -40.0118 0.0144207 0.999895 -0.00153471 -3.36129 -0.0203634 0.00182824 0.999791 0.0453845
0.999796 -0.00719007 0.0188861 -42.0145 0.00720075 0.999974 -0.000497046 -3.48914 -0.018882 0.00063294 0.999821 0.0302389
0.999701 0.00127579 0.0244218 -44.001 -0.00127741 0.999999 5.0824e-05 -3.58184 -0.0244217 -8.20042e-05 0.999702 0.039829
0.999704 0.0108789 0.0217842 -46.0392 -0.0108757 0.999941 -0.00026197 -3.68261 -0.0217857 2.49748e-05 0.999763 0.0887248
0.999593 0.0181684 0.022021 -48.0697 -0.0182017 0.999833 0.00131466 -3.76834 -0.0219935 -0.00171495 0.999757 0.0981462
0.99957 0.021284 0.0201682 -50.1093 -0.0213724 0.999763 0.00418176 -3.84323 -0.0200744 -0.004611 0.999788 0.114515
0.999589 0.0203942 0.0201341 -52.1552 -0.0205221 0.99977 0.00616199 -3.9063 -0.0200038 -0.00657265 0.999778 0.134405
0.999675 0.0164144 0.0195064 -54.2315 -0.0165075 0.999853 0.00462038 -3.99427 -0.0194276 -0.00494088 0.999799 0.18945
0.999722 0.00975388 0.0214949 -56.329 -0.00987055 0.999937 0.00532869 -4.10645 -0.0214416 -0.00553937 0.999755 0.20318
0.999711 0.00374134 0.0237582 -58.443 -0.00385123 0.999982 0.00458131 -4.20982 -0.0237406 -0.00467148 0.999707 0.243694
0.999737 -0.00303347 0.0227448 -60.5788 0.00282821 0.999955 0.0090513 -4.33972 -0.0227712 -0.00898459 0.9997 0.273468
0.999695 -0.00733543 0.0235858 -62.7308 0.00719656 0.999956 0.00596732 -4.45615 -0.0236285 -0.00579577 0.999704 0.298093
0.99963 -0.00990034 0.0253563 -64.8881 0.00983438 0.999948 0.00272481 -4.60065 -0.025382 -0.00247444 0.999675 0.296723
0.999666 -0.0107912 0.0234906 -67.0525 0.0107478 0.99994 0.00197194 -4.774 -0.0235105 -0.00171881 0.999722 0.321009
0.999625 -0.0121659 0.0245459 -69.232 0.0119579 0.999891 0.0086035 -4.91196 -0.0246479 -0.00830675 0.999661 0.335539
0.999659 -0.0123175 0.0230197 -71.4449 0.0121698 0.999904 0.00654547 -5.05129 -0.0230981 -0.00626309 0.999713 0.359781
0.999487 -0.0138333 0.0288887 -73.6414 0.0137209 0.999897 0.00408531 -5.2037 -0.0289422 -0.00368683 0.999574 0.395327
0.999546 -0.0164262 0.0252607 -75.9053 0.0162845 0.99985 0.0058078 -5.39039 -0.0253523 -0.00539381 0.999664 0.424792
0.999529 -0.0191777 0.0239547 -78.1739 0.0189608 0.999777 0.00924942 -5.57363 -0.0241268 -0.00879086 0.99967 0.430517
0.999424 -0.0222762 0.0256134 -80.4497 0.0220545 0.999717 0.00890727 -5.7497 -0.0258046 -0.00833725 0.999632 0.451664
0.999348 -0.026348 0.0246965 -82.7561 0.0261902 0.999635 0.0066893 -5.94662 -0.0248637 -0.00603813 0.999672 0.47636
0.999264 -0.0302725 0.0235667 -85.0557 0.0301291 0.999525 0.00641972 -6.14942 -0.0237499 -0.00570495 0.999701 0.498266
0.99921 -0.0316548 0.0240225 -87.3371 0.0315725 0.999494 0.0038005 -6.36354 -0.0241307 -0.00303905 0.999704 0.529886
0.999208 -0.0313723 0.0244901 -89.6286 0.0312995 0.999504 0.00335012 -6.56835 -0.0245831 -0.00258094 0.999694 0.544371
0.999245 -0.0301808 0.0244488 -91.9462 0.0301112 0.999541 0.00321201 -6.77478 -0.0245345 -0.00247341 0.999696 0.576548
0.999344 -0.0276741 0.0233566 -94.2752 0.0275957 0.999612 0.00367034 -6.96863 -0.0234491 -0.00302339 0.99972 0.606681
0.999371 -0.0245522 0.0255911 -96.5918 0.0245297 0.999698 0.00119258 -7.16267 -0.0256127 -0.000564092 0.999672 0.620495
0.999419 -0.0204937 0.0272387 -98.8907 0.0205414 0.999788 -0.00147187 -7.34451 -0.0272028 0.00203053 0.999628 0.645592
0.999364 -0.0175091 0.0310471 -101.205 0.0175837 0.999843 -0.00213234 -7.5376 -0.0310049 0.0026769 0.999516 0.659282
0.999593 -0.0153391 0.0240625 -103.495 0.0154176 0.999876 -0.00308037 -7.70439 -0.0240123 0.0034501 0.999706 0.696627
0.999609 -0.0136982 0.0243844 -105.804 0.013718 0.999906 -0.000642262 -7.86108 -0.0243733 0.00097651 0.999702 0.692192
0.999588 -0.0124346 0.0258646 -108.068 0.0123909 0.999922 0.00184609 -7.99513 -0.0258855 -0.00152484 0.999664 0.739036
0.999594 -0.013762 0.0249469 -110.33 0.0137276 0.999905 0.00154715 -8.15577 -0.0249658 -0.00120406 0.999688 0.789101
0.999523 -0.0147397 0.0271505 -112.575 0.0147013 0.999891 0.00161164 -8.31418 -0.0271713 -0.00121172 0.99963 0.804331
0.999486 -0.0171228 0.0270803 -114.789 0.0171086 0.999853 0.000754236 -8.47858 -0.0270892 -0.000290547 0.999633 0.877139
0.999378 -0.0215918 0.0278677 -117.015 0.0215578 0.999766 0.00152205 -8.6534 -0.027894 -0.000920348 0.99961 0.904097
0.999266 -0.0259527 0.028176 -119.216 0.0259499 0.999663 0.000462 -8.82641 -0.0281785 0.000269501 0.999603 0.939477
0.99905 -0.0304631 0.0311486 -121.398 0.0305179 0.999533 -0.00128386 -9.02327 -0.031095 0.00223322 0.999514 0.971427
0.998926 -0.0345472 0.0308618 -123.547 0.0346305 0.999398 -0.00216769 -9.22857 -0.0307683 0.00323411 0.999521 1.01752
0.998808 -0.0368557 0.0320079 -125.698 0.0369995 0.999308 -0.00390953 -9.43289 -0.0318417 0.00508914 0.99948 1.04365
0.998671 -0.0367819 0.036085 -127.823 0.0370044 0.9993 -0.00551891 -9.62848 -0.0358567 0.00684688 0.999334 1.09787
0.998807 -0.0356889 0.0333214 -129.959 0.0359645 0.999323 -0.00770866 -9.84575 -0.0330237 0.00889785 0.999415 1.13951
0.998888 -0.0327386 0.0339069 -132.099 0.0330726 0.999409 -0.00933652 -10.0286 -0.0335812 0.0104475 0.999381 1.17494
0.998909 -0.0305626 0.0352855 -134.195 0.0308001 0.999506 -0.00620728 -10.2402 -0.0350783 0.00728731 0.999358 1.23626
0.998978 -0.0306436 0.0332056 -136.328 0.0306782 0.999529 -0.000533562 -10.416 -0.0331736 0.0015517 0.999449 1.26939
0.998616 -0.032386 0.0414364 -138.423 0.032416 0.999474 -5.32651e-05 -10.5886 -0.0414129 0.00139639 0.999141 1.29749
0.998518 -0.0344469 0.0421282 -140.525 0.0346279 0.999394 -0.0035749 -10.7993 -0.0419795 0.00502842 0.999106 1.37297
0.998437 -0.038093 0.0408928 -142.626 0.0385043 0.999215 -0.00931876 -10.9981 -0.0405057 0.0108787 0.99912 1.43893
0.998274 -0.0415308 0.0415133 -144.742 0.0419841 0.999067 -0.0101081 -11.2035 -0.0410548 0.0118336 0.999087 1.50496
0.998263 -0.0435297 0.0396971 -146.828 0.0439199 0.998995 -0.00900984 -11.4169 -0.039265 0.0107377 0.999171 1.53856
0.998125 -0.0455897 0.0408284 -148.919 0.0457792 0.998945 -0.00371831 -11.632 -0.0406158 0.00558043 0.999159 1.59564
0.998191 -0.0468951 0.0376176 -150.998 0.0469433 0.998898 -0.000399187 -11.8335 -0.0375574 0.00216435 0.999292 1.63689
0.997959 -0.0478028 0.0423345 -153.086 0.0478503 0.998855 -0.000109515 -12.0562 -0.0422808 0.00213501 0.999104 1.66919
0.99793 -0.0478904 0.0429044 -155.18 0.0480228 0.998844 -0.00206094 -12.2984 -0.0427561 0.00411706 0.999077 1.73951
0.998035 -0.0479637 0.0402974 -157.274 0.0480927 0.99884 -0.00223714 -12.5251 -0.0401434 0.00417075 0.999185 1.78084
0.998015 -0.0478327 0.0409566 -159.355 0.0478582 0.998854 0.000356972 -12.7473 -0.0409267 0.00160384 0.999161 1.84769
0.997899 -0.0485497 0.0428951 -161.428 0.0485274 0.998821 0.00156029 -12.9436 -0.0429203 0.000524576 0.999078 1.91338
0.997894 -0.0484359 0.0431332 -163.491 0.0483977 0.998826 0.00193067 -13.1564 -0.043176 0.00016094 0.999067 1.97617
0.997908 -0.0486586 0.0425522 -165.546 0.0485742 0.998815 0.00301464 -13.3836 -0.0426485 -0.000941403 0.99909 2.04305
0.997798 -0.0487151 0.0450004 -167.606 0.0486091 0.998812 0.00344746 -13.6177 -0.0451149 -0.00125245 0.998981 2.10122
0.997731 -0.0488375 0.0463385 -169.634 0.0487853 0.998807 0.00225683 -13.8477 -0.0463935 8.92839e-06 0.998923 2.173
0.997578 -0.0496629 0.0486829 -171.645 0.0496337 0.998766 0.00181002 -14.0652 -0.0487127 0.00061067 0.998813 2.249
0.997476 -0.0500631 0.0503333 -172.642 0.0499873 0.998746 0.00276528 -14.1681 -0.0504087 -0.000242282 0.998729 2.27966
