1 0 0 0 0 1 0 0 0 0 1 0
1 -0.000145539 -8.10622e-05 0.00571917 0.000145557 1 0.000218342 -0.0143544 8.10304e-05 -0.000218354 1 0.00434131
1 -8.7427e-05 -5.47692e-05 0.00727417 8.7439e-05 1 0.000219888 -0.0150656 5.475e-05 -0.000219893 1 0.00626315
1 -0.000274327 0.000208176 0.00659595 0.000274293 1 0.000162346 -0.0164258 -0.000208221 -0.000162288 1 0.00620959
1 4.29187e-05 -0.000187134 0.00826552 -4.29163e-05 1 1.30211e-05 -0.0209847 0.000187134 -1.30131e-05 1 0.00689072
1 -5.84936e-05 -0.00035133 0.00374927 5.8516e-05 1 6.3799e-05 0.000955651 0.000351326 -6.38196e-05 1 0.00202546
1 3.52473e-05 -0.00037653 0.00912237 -3.52617e-05 1 -3.81701e-05 -0.0175622 0.000376529 3.81833e-05 1 0.00109435
1 -7.90295e-05 -0.000287841 0.00528796 7.90058e-05 1 -8.23305e-05 -0.0144694 0.000287847 8.23077e-05 1 0.00472808
1 -0.000243189 -0.000257185 0.00379845 0.000243219 1 0.000113324 -0.0130808 0.000257157 -0.000113386 1 0.000678318
1 0.000112428 -0.000166371 0.00613328 -0.0001124 1 0.000172018 -0.0203886 0.00016639 -0.000172 1 0.00333708
1 -4.64501e-05 -1.31977e-05 0.00154878 4.6452e-05 1 0.000147294 0.000324385 1.31908e-05 -0.000147295 1 0.00498872
1 7.44719e-05 0.000116116 0.00845578 -7.45027e-05 1 0.00026537 -0.0149302 -0.000116096 -0.000265379 1 0.00370614
1 -0.000209937 -0.000159676 0.00388704 0.000209962 1 0.000160451 -0.012671 0.000159642 -0.000160485 1 0.00938462
1 2.65454e-06 -0.000124321 -0.00223105 -2.61708e-06 1 0.000301235 -0.00697707 0.000124321 -0.000301234 1 0.00403139
1 -2.89858e-05 -6.44252e-05 0.00574266 2.90069e-05 1 0.000327906 -0.0177771 6.44157e-05 -0.000327908 1 0.00549051
1 -0.0003092 -2.12561e-05 -0.00216867 0.000309209 1 0.000441451 0.00180067 2.11195e-05 -0.000441458 1 0.011446
1 -0.000555235 -9.21732e-05 0.00802173 0.00055526 1 0.00027258 -0.012761 9.20218e-05 -0.000272631 1 0.00958667
1 -0.000236358 0.000380358 0.0197104 0.000236224 1 0.00035185 -0.0176177 -0.000380441 -0.00035176 1 0.00837416
1 -0.00049858 0.00034197 0.0275075 0.000498414 1 0.000487677 -0.00842166 -0.000342213 -0.000487507 1 0.00385548
1 -0.000665936 0.000300944 0.0451346 0.000665792 1 0.000480911 -0.0234355 -0.000301265 -0.00048071 1 0.0078769
0.999999 -0.000989112 0.000354283 0.0543948 0.000988917 0.999999 0.000550175 -0.028868 -0.000354827 -0.000549824 1 0.00777859
0.999998 -0.00186197 0.000326601 0.0651233 0.00186184 0.999998 0.000412711 -0.0195734 -0.000327368 -0.000412102 1 0.00899325
0.999998 -0.00164168 0.000602571 0.0776983 0.00164138 0.999998 0.000490665 -0.0267027 -0.000603375 -0.000489675 1 0.0115267
0.999997 -0.00172867 0.00173126 0.085081 0.00172735 0.999998 0.000762154 -0.0231427 -0.00173258 -0.000759161 0.999998 0.00435623
0.999996 -0.00193696 0.00200723 0.0683176 0.00193463 0.999997 0.0011637 -0.0388063 -0.00200948 -0.00115981 0.999997 0.0119344
0.999995 -0.00226273 0.00226874 0.0319649 0.00225994 0.999996 0.00123001 -0.0354801 -0.00227152 -0.00122488 0.999997 0.00374393
0.999993 -0.00190964 0.00329137 -0.0364757 0.00190281 0.999996 0.00207743 -0.0376324 -0.00329533 -0.00207115 0.999992 -0.00859993
0.999979 -0.00200324 0.00621519 -0.157117 0.00198329 0.999993 0.00321386 -0.0390613 -0.00622159 -0.00320147 0.999975 -0.00456602
0.999962 -0.00246518 0.00836992 -0.351244 0.00244802 0.999995 0.00205987 -0.0555615 -0.00837495 -0.00203931 0.999963 -0.0114597
0.999945 -0.0028802 0.0101197 -0.654878 0.00286856 0.999995 0.00116539 -0.0755628 -0.010123 -0.00113629 0.999948 -0.0134579
0.999951 -0.0029368 0.00943084 -1.04653 0.00291424 0.999993 0.00240487 -0.0904698 -0.00943784 -0.00237727 0.999953 -0.0326575
0.999947 -0.000937696 0.0102406 -1.52948 0.000914277 0.999997 0.00229122 -0.128348 -0.0102428 -0.00228173 0.999945 -0.041096
0.999909 0.0067329 0.0117039 -2.13636 -0.00675392 0.999976 0.00175738 -0.14073 -0.0116918 -0.00183627 0.99993 -0.0371059
0.999816 0.0161457 0.0103095 -2.8508 -0.0161716 0.999866 0.00243209 -0.166686 -0.0102688 -0.00259836 0.999944 -0.0526519
0.999665 0.0233119 0.0112413 -3.66521 -0.0233429 0.999724 0.00263332 -0.165621 -0.0111768 -0.00289484 0.999933 -0.058376
0.999473 0.0303598 0.0114722 -4.55383 -0.0303861 0.999536 0.00211738 -0.164035 -0.0114026 -0.00246486 0.999932 -0.0851752
0.999185 0.0385155 0.0120488 -5.5081 -0.0385277 0.999257 0.000784173 -0.202102 -0.0120096 -0.00124775 0.999927 -0.0784006
0.998862 0.0459233 0.0128561 -6.55417 -0.045957 0.998941 0.00233423 -0.205018 -0.0127353 -0.00292241 0.999914 -0.0930044
0.998664 0.0497603 0.0139192 -7.67934 -0.049779 0.99876 0.000998324 -0.206312 -0.0138523 -0.00168988 0.999902 -0.0952813
0.998566 0.0519003 0.013103 -8.8909 -0.051896 0.998652 -0.000667554 -0.197091 -0.01312 -1.33982e-05 0.999914 -0.114895
0.998387 0.0549215 0.0143573 -10.1521 -0.0549094 0.99849 -0.00123749 -0.206094 -0.0144036 0.000447147 0.999896 -0.0955428
0.998238 0.0561445 0.0191928 -11.4854 -0.056147 0.998422 -0.000411104 -0.19541 -0.0191856 -0.000667241 0.999816 -0.12304
0.998219 0.056745 0.0184092 -12.886 -0.0567493 0.998388 -0.000288881 -0.180687 -0.0183959 -0.000756344 0.99983 -0.127274
0.998336 0.0563261 0.012326 -14.378 -0.056272 0.998404 -0.00469052 -0.172323 -0.0125705 0.00398911 0.999913 -0.110722
0.998377 0.0541256 0.0177307 -15.9044 -0.0540883 0.998533 -0.00257607 -0.156895 -0.0178441 0.00161286 0.999839 -0.140851
0.998538 0.0520913 0.0144096 -17.4634 -0.0519994 0.998625 -0.0066802 -0.174986 -0.0147378 0.00592114 0.999874 -0.141336
0.99877 0.048924 0.00813059 -19.0986 -0.0488736 0.998785 -0.00629203 -0.186543 -0.00842854 0.00588692 0.999947 -0.156837
0.999023 0.0437385 0.00639173 -20.757 -0.0436777 0.999002 -0.00936003 -0.183681 -0.00679474 0.00907171 0.999936 -0.182176
0.99924 0.0382674 0.00739278 -22.4594 -0.0381965 0.999225 -0.00950861 -0.206927 -0.00775092 0.00921901 0.999927 -0.173963
0.999294 0.0360137 0.0107362 -24.1806 -0.0358707 0.999269 -0.0132252 -0.24706 -0.0112047 0.0128308 0.999855 -0.198263
0.999346 0.0348618 0.00961774 -25.9272 -0.0347294 0.999304 -0.0136019 -0.280213 -0.0100852 0.013259 0.999861 -0.175238
0.999363 0.0351629 0.00611423 -27.7237 -0.035086 0.999309 -0.0122573 -0.298051 -0.00654101 0.0120349 0.999906 -0.190305
0.999216 0.0381973 0.0104355 -29.5351 -0.0380272 0.999148 -0.0160429 -0.303462 -0.0110394 0.0156335 0.999817 -0.20658
0.999045 0.04214 0.0115673 -31.3733 -0.0419708 0.999014 -0.0144952 -0.301868 -0.0121667 0.0139959 0.999828 -0.224276
0.998891 0.046178 0.0092084 -33.2257 -0.0460487 0.998844 -0.0137943 -0.301983 -0.00983475 0.013355 0.999862 -0.265502
0.99871 0.0489585 0.0134734 -35.0791 -0.0488271 0.998758 -0.00991691 -0.322215 -0.0139422 0.00924625 0.99986 -0.313324
0.998666 0.051042 0.00776094 -36.9669 -0.0509246 0.998595 -0.0146476 -0.317225 -0.00849768 0.0142328 0.999862 -0.344419
0.99857 0.0522843 0.0111506 -38.89 -0.0521411 0.998558 -0.012772 -0.300059 -0.0118023 0.0121723 0.999856 -0.37612
0.99855 0.0533557 0.00717174 -40.8195 -0.0532815 0.998528 -0.0101668 -0.279797 -0.00770364 0.0097699 0.999922 -0.407277
0.998543 0.0539316 0.00196261 -42.7725 -0.0539216 0.998533 -0.00488036 -0.285396 -0.00222294 0.00476743 0.999986 -0.455215
0.998519 0.0543166 0.00305831 -44.7646 -0.0542904 0.998492 -0.00809009 -0.268505 -0.00349313 0.00791208 0.999962 -0.489896
0.99854 0.0536834 0.00599826 -46.7733 -0.0536477 0.998542 -0.00595846 -0.269427 -0.00630939 0.00562797 0.999964 -0.52613
0.998579 0.0530215 0.00538111 -48.8154 -0.0529955 0.998583 -0.0048677 -0.268034 -0.00563158 0.00457561 0.999973 -0.560827
0.998654 0.0518329 0.00206318 -50.8694 -0.0518182 0.998634 -0.00666687 -0.286041 -0.00240593 0.00655099 0.999975 -0.601836
0.998679 0.051129 0.00515044 -52.9501 -0.0511091 0.998685 -0.00393782 -0.285148 -0.00534501 0.00366939 0.999979 -0.669307
0.998747 0.0499604 0.00296509 -55.041 -0.0499579 0.998751 -0.000908443 -0.274779 -0.00300678 0.000759181 0.999995 -0.737082
0.99877 0.0495668 -0.00132622 -57.1703 -0.0495665 0.998771 0.000243337 -0.241852 0.00133664 -0.000177294 0.999999 -0.770766
0.998772 0.0493618 0.00411014 -59.2929 -0.0493623 0.998781 3.20153e-05 -0.268344 -0.00410356 -0.000234855 0.999991 -0.850718
0.99878 0.0493687 -0.00123842 -61.4588 -0.0493656 0.998778 0.00241205 -0.278918 0.00135598 -0.00234797 0.999996 -0.892064
0.998812 0.0484174 -0.00539692 -63.6571 -0.0483981 0.998822 0.00364551 -0.291195 0.00556706 -0.00337997 0.999979 -0.954233
0.998942 0.0459393 -0.0020417 -65.8493 -0.0459243 0.998921 0.00687093 -0.250533 0.00235514 -0.00676988 0.999974 -1.00461
0.998948 0.0458255 -0.00190048 -68.0601 -0.0458049 0.998903 0.00974665 -0.287295 0.00234503 -0.00964933 0.99995 -1.1002
0.998978 0.0452047 5.77507e-05 -70.3107 -0.0452026 0.998917 0.0110085 -0.280053 0.000439945 -0.0109999 0.999939 -1.15569
0.998999 0.0445158 -0.00446695 -72.5357 -0.0444751 0.998972 0.00882767 -0.314006 0.00485532 -0.00862016 0.999951 -1.21023
0.999051 0.0434042 -0.00351282 -74.8044 -0.0433724 0.999022 0.0086523 -0.335605 0.00388492 -0.00849172 0.999956 -1.27067
0.999091 0.0423085 -0.00522015 -77.1106 -0.0422622 0.999069 0.00868047 -0.36139 0.00558254 -0.00845195 0.999948 -1.36093
0.999127 0.0411056 -0.00740211 -79.4246 -0.0410394 0.999118 0.00888982 -0.395327 0.007761 -0.00857827 0.999933 -1.41186
0.999153 0.0401487 -0.00896957 -81.7826 -0.0400599 0.999149 0.00987366 -0.386257 0.00935834 -0.00950597 0.999911 -1.48517
0.999128 0.0395521 -0.0133682 -84.1154 -0.039427 0.999177 0.00950114 -0.425115 0.013733 -0.00896578 0.999865 -1.56442
0.999075 0.039963 -0.0158813 -86.528 -0.0398554 0.999181 0.00703529 -0.464578 0.0161494 -0.00639581 0.999849 -1.66205
0.999128 0.039793 -0.012626 -88.9289 -0.0397125 0.99919 0.00655957 -0.506744 0.0128768 -0.00605244 0.999898 -1.70399
0.999108 0.0394001 -0.0151642 -91.3479 -0.0393353 0.999216 0.00454618 -0.544614 0.0153314 -0.00394563 0.999874 -1.79357
0.999101 0.0388251 -0.0170304 -93.8167 -0.0387546 0.999239 0.00445392 -0.554982 0.0171904 -0.0037899 0.999845 -1.87837
0.999127 0.037343 -0.0186976 -96.2892 -0.0372221 0.999284 0.00677332 -0.58551 0.0189372 -0.00607143 0.999802 -1.96276
0.999083 0.038609 -0.0184889 -98.8032 -0.0384705 0.999229 0.00779399 -0.605613 0.0187756 -0.00707556 0.999798 -2.0945
0.99898 0.0392249 -0.0223519 -101.317 -0.039099 0.999217 0.00604169 -0.645963 0.0225714 -0.00516159 0.999732 -2.16883
0.998951 0.0399977 -0.0222704 -103.844 -0.0398474 0.99918 0.00715266 -0.687169 0.0225382 -0.00625773 0.999726 -2.26892
0.998908 0.0401183 -0.0239478 -106.416 -0.039928 0.999167 0.00837459 -0.718516 0.0242638 -0.00740925 0.999678 -2.37758
0.99881 0.0406291 -0.0269922 -108.945 -0.0403666 0.999133 0.0101998 -0.714347 0.0273832 -0.00909809 0.999583 -2.49882
0.99874 0.0407939 -0.0292152 -111.548 -0.0404719 0.999114 0.0115284 -0.747973 0.0296596 -0.0103315 0.999506 -2.63837
0.998747 0.0400132 -0.030056 -114.191 -0.0396694 0.999141 0.0119485 -0.786513 0.0305083 -0.0107412 0.999477 -2.76742
0.998657 0.0403301 -0.0325235 -116.809 -0.039902 0.99911 0.0137064 -0.828027 0.0330473 -0.0123902 0.999377 -2.9029
0.998597 0.0386002 -0.0362444 -119.526 -0.0381114 0.999174 0.0140808 -0.854933 0.036758 -0.0126797 0.999243 -3.04602
0.99868 0.038744 -0.0337164 -122.174 -0.0382244 0.999142 0.0159192 -0.892163 0.0343042 -0.0146094 0.999304 -3.1996
0.998639 0.0395185 -0.0340274 -124.854 -0.0391255 0.999161 0.0121372 -0.925479 0.0344784 -0.0107893 0.999347 -3.36693
0.998614 0.0399189 -0.0342963 -127.547 -0.0396502 0.999178 0.0084815 -0.966952 0.0346066 -0.00710989 0.999375 -3.54898
0.998451 0.0396186 -0.0390522 -130.219 -0.0393804 0.999201 0.00684957 -1.00914 0.0392924 -0.00530106 0.999213 -3.70339
0.998507 0.0389061 -0.0383479 -132.854 -0.0386555 0.999226 0.00725398 -1.01767 0.0386004 -0.00576079 0.999238 -3.82965
0.998592 0.0397891 -0.0350712 -135.472 -0.0395795 0.999194 0.00664923 -1.04564 0.0353075 -0.00525176 0.999362 -3.98799
0.998584 0.0401214 -0.0349265 -138.052 -0.03993 0.999184 0.00616007 -1.07591 0.0351451 -0.00475673 0.999371 -4.07732
0.998626 0.0398817 -0.0339911 -140.604 -0.0396513 0.999186 0.00742487 -1.11831 0.0342596 -0.00606687 0.999394 -4.20766
0.998572 0.0396936 -0.0357532 -143.155 -0.0393826 0.99918 0.00936412 -1.15702 0.0360956 -0.00794269 0.999317 -4.36351
0.998596 0.0388506 -0.0360159 -145.715 -0.0385143 0.999208 0.00998581 -1.14952 0.0363754 -0.00858466 0.999301 -4.48345
0.998576 0.0379489 -0.0374834 -148.229 -0.0375811 0.999239 0.0104678 -1.2117 0.0378521 -0.00904422 0.999242 -4.60621
0.998644 0.0373002 -0.0363203 -150.744 -0.0369124 0.999255 0.011291 -1.23824 0.0367144 -0.00993499 0.999276 -4.73357
0.998764 0.0305593 -0.0392054 -154.396 -0.0300823 0.999467 0.0126973 -1.31338 0.0395725 -0.0115022 0.99915 -4.95731
0.9989 0.0287174 -0.0370749 -158.666 -0.0280239 0.999425 0.0190894 -1.40509 0.0376018 -0.0180294 0.99913 -5.14981
0.985261 0.0501304 -0.163546 -161.425 -0.0458234 0.998499 0.0300047 -1.38918 0.164805 -0.0220683 0.986079 -5.59312
0.985471 0.050427 -0.162184 -163.892 -0.0460361 0.998467 0.0307211 -1.38591 0.163485 -0.0228085 0.986282 -6.03987
0.985582 0.0505757 -0.161459 -166.359 -0.0460188 0.998433 0.0318413 -1.40686 0.162816 -0.0239521 0.986365 -6.48959
0.985291 0.0505976 -0.163222 -168.851 -0.045855 0.998413 0.0326967 -1.42848 0.164617 -0.0247312 0.986047 -6.96409
0.985755 0.0487443 -0.160965 -171.451 -0.0437349 0.998447 0.0345205 -1.45754 0.162398 -0.0269889 0.986356 -7.52044
0.985684 0.0488004 -0.161384 -174.007 -0.0435645 0.998408 0.035827 -1.48257 0.162876 -0.0282835 0.986241 -7.9825
0.98575 0.0485469 -0.161059 -176.558 -0.043067 0.998374 0.0373444 -1.48763 0.16261 -0.029876 0.986238 -8.45249
0.98586 0.0483114 -0.160457 -179.121 -0.0426426 0.998345 0.0385892 -1.52005 0.162055 -0.0312013 0.986288 -8.92125
0.985713 0.0487616 -0.161219 -181.702 -0.042744 0.998261 0.0405877 -1.4988 0.162917 -0.0331167 0.986084 -9.39365
0.985876 0.0503257 -0.159737 -184.29 -0.0438463 0.998076 0.0438338 -1.52196 0.161635 -0.0362108 0.986186 -9.90459
0.98609 0.0512629 -0.158107 -186.906 -0.0447726 0.998013 0.0443441 -1.57505 0.160066 -0.0366484 0.986425 -10.3947
0.985134 0.0508981 -0.164074 -189.516 -0.0446838 0.998145 0.041348 -1.59388 0.165874 -0.0334019 0.985581 -10.8713
0.984932 0.049118 -0.165816 -192.152 -0.0428548 0.998234 0.041143 -1.62463 0.167544 -0.0334171 0.985298 -11.3707
0.984408 0.0483617 -0.169119 -194.781 -0.0419204 0.998261 0.0414549 -1.59917 0.17083 -0.0337189 0.984723 -11.8623
0.984362 0.0496376 -0.16902 -197.399 -0.0439488 0.99834 0.0372363 -1.62702 0.170587 -0.0292258 0.984909 -12.3651
0.984141 0.0503019 -0.170103 -200.031 -0.0450867 0.998391 0.034387 -1.61653 0.171558 -0.0261723 0.984826 -12.8256
0.984071 0.0522106 -0.169932 -202.672 -0.0466751 0.998246 0.036411 -1.64675 0.171535 -0.0278994 0.984783 -13.3578
0.98361 0.0529749 -0.17235 -205.335 -0.0473935 0.998215 0.0363421 -1.70445 0.173968 -0.0275781 0.984365 -13.8816
0.983375 0.0513359 -0.174179 -207.462 -0.045731 0.998303 0.0360439 -1.70475 0.175734 -0.0274793 0.984054 -14.3089
