1 0 0 0 0 1 0 0 0 0 1 0
-0.585938 -0.809437 0.0385738 0.435309 0.807526 -0.587205 -0.0556065 0.454125 0.0676607 -0.00143262 0.997707 0.155747
-0.38784 0.921225 0.0303916 -1.10797 -0.920273 -0.385167 -0.0688753 1.14126 -0.0517438 -0.0546812 0.997162 0.293891
0.678224 0.73449 0.0231595 -2.00099 -0.734241 0.678609 -0.0195254 -0.175538 -0.0300574 -0.00376207 0.999541 0.341856
0.941557 -0.336851 -0.00154731 -1.53492 0.336854 0.941541 0.00540611 -1.89792 -0.000364197 -0.00561138 0.999984 0.307786
0.0190992 -0.999816 -0.00157866 0.119959 0.999437 0.0191355 -0.0275532 -2.55775 0.0275783 -0.00105153 0.999619 0.218496
-0.940991 -0.335048 0.0477438 1.55724 0.336541 -0.941268 0.0274833 -1.31747 0.0357315 0.0419292 0.998481 0.0963963
-0.637128 0.769437 0.0451129 0.919674 -0.77073 -0.636512 -0.0287705 0.863502 0.00657784 -0.0531003 0.998567 0.170234
0.481179 0.876614 0.0039699 -1.21695 -0.876515 0.481186 -0.0134523 0.693092 -0.0137027 0.00299328 0.999902 0.0872969
0.99088 -0.133995 0.0142216 -2.08038 0.134439 0.990228 -0.0370899 -1.7509 -0.00911277 0.0386635 0.999211 -0.0614682
0.250433 -0.964017 0.0891855 -0.379725 0.968065 0.250452 -0.0111521 -3.70384 -0.0115858 0.0891302 0.995953 -0.235773
-0.866874 -0.490782 0.0875361 1.97021 0.493743 -0.869484 0.0146889 -2.95417 0.0689021 0.0559537 0.996053 -0.375882
-0.730267 0.682775 0.02299 2.15599 -0.682872 -0.728563 -0.0536893 -0.503045 -0.0199081 -0.0549068 0.998293 -0.135849
0.348413 0.93587 -0.0525013 0.00826192 -0.936969 0.349305 0.00861358 0.0640659 0.0264002 0.046191 0.998584 -0.13774
0.993405 0.108526 -0.0369935 -0.257481 -0.106974 0.993389 0.0416413 -1.6268 0.0412682 -0.0374093 0.998447 -0.255838
0.561551 -0.825711 -0.0535068 0.504218 0.823111 0.56405 -0.0658452 -1.99028 0.0845496 -0.00706667 0.996394 -0.245923
-0.757957 -0.649105 -0.0645227 1.14276 0.652112 -0.756419 -0.050788 -0.748792 -0.0158395 -0.0805711 0.996623 -0.296992
-0.768312 0.635517 -0.0762559 -0.446002 -0.628537 -0.771608 -0.0977848 0.116327 -0.120984 -0.0271996 0.992282 -0.0615801
0.489356 0.86887 -0.0748017 -0.969766 -0.871041 0.482775 -0.0906445 -1.48142 -0.0426459 0.109513 0.99307 -0.419142
0.936779 -0.329623 -0.117444 0.885763 0.322105 0.943432 -0.0786435 -1.71671 0.136724 0.0358422 0.989961 -0.379086
-0.737161 -0.662699 -0.132002 -0.402893 0.673689 -0.735913 -0.0676351 -0.582169 -0.0523203 -0.138786 0.988939 -0.700932
-0.193249 0.974333 -0.115456 -0.515974 -0.976512 -0.202427 -0.0738038 -1.53384 -0.0952809 0.0984816 0.990567 -0.786649
0.933799 -0.318331 -0.163355 0.57221 0.324488 0.945817 0.0117755 -1.26497 0.150756 -0.0640027 0.986497 -0.764981
-0.746501 -0.645881 -0.159918 -0.79881 0.654499 -0.756061 -0.00161739 -0.50609 -0.119863 -0.105874 0.987129 -1.37268
-0.339131 0.932751 -0.122331 -1.23445 -0.939212 -0.343112 -0.0124375 -2.21744 -0.0535743 0.110677 0.992412 -1.4262
0.994707 0.0755775 -0.0696203 1.43196 -0.0790184 0.995714 -0.0480692 -2.29225 0.065689 0.0533161 0.996415 -1.03884
-0.181875 -0.983009 -0.0248089 1.08474 0.983193 -0.182201 0.0115667 -0.553835 -0.0158903 -0.0222883 0.999625 -0.650572
-0.92885 0.351314 -0.117541 -0.278907 -0.356698 -0.933808 0.0277345 -1.61273 -0.100018 0.067688 0.992681 -0.608791
0.528388 0.84438 -0.0884845 0.717594 -0.84675 0.531704 0.0174891 -2.83061 0.061815 0.0656832 0.995924 -0.565859
0.702424 -0.686164 -0.189156 2.17835 0.692171 0.720447 -0.0430728 -1.82173 0.165832 -0.100673 0.981002 -0.266918
-0.78636 -0.595229 -0.165352 1.90743 0.613019 -0.784971 -0.0896018 -1.4658 -0.0764631 -0.171823 0.982156 -0.332323
-0.452993 0.862963 -0.223813 1.71849 -0.870254 -0.482528 -0.0991208 -1.49923 -0.193534 0.149873 0.969579 -0.532893
0.937286 0.285375 -0.20014 2.62612 -0.309559 0.945433 -0.10164 -1.56198 0.160214 0.157221 0.974481 -0.375471
0.0145763 -0.972565 -0.232173 2.4109 0.993141 0.0410232 -0.109493 -0.269381 0.116014 -0.228985 0.966492 -0.303605
-0.951434 0.169904 -0.256722 1.27224 -0.148035 -0.983669 -0.102382 -1.02914 -0.269925 -0.0594056 0.961047 -0.744147
0.3122 0.902646 -0.296247 1.48903 -0.949764 0.303747 -0.0754099 -1.8281 0.0219158 0.304908 0.95213 -0.589966
0.858242 -0.440897 -0.262739 2.67978 0.44238 0.895023 -0.0568761 -1.00696 0.260234 -0.0674171 0.963189 0.0701304
-0.368623 -0.8817 -0.294487 1.96659 0.928577 -0.363965 -0.0726223 0.724391 -0.0431519 -0.300224 0.952892 0.0934239
-0.902566 0.327183 -0.279869 0.487231 -0.301787 -0.944365 -0.130769 0.514702 -0.307084 -0.0335666 0.951091 -0.536203
0.207285 0.958749 -0.194512 0.55979 -0.977738 0.19641 -0.0738384 -1.57208 -0.0325884 0.205487 0.978117 -0.795039
0.410236 0.897766 -0.160385 1.06407 -0.91198 0.403854 -0.0720752 -2.81617 6.53583e-05 0.175835 0.98442 -0.680632
0.449815 0.878393 -0.161531 0.585623 -0.893081 0.444111 -0.0719183 -2.04796 0.00856527 0.17661 0.984244 -0.702317
0.450634 0.878171 -0.160451 -0.158859 -0.892677 0.444803 -0.0726539 -0.742558 0.00756656 0.175971 0.984366 -0.753218
0.453784 0.876767 -0.159252 -0.89974 -0.891094 0.447625 -0.0747303 0.595035 0.00576424 0.17582 0.984406 -0.798257
0.457514 0.874974 -0.158432 -1.69606 -0.889181 0.451421 -0.0746737 1.95484 0.00618222 0.175039 0.984542 -0.870795
0.461802 0.872732 -0.158359 -2.50558 -0.886954 0.455827 -0.0744015 3.34415 0.00725189 0.174816 0.984575 -0.927204
0.468159 0.869466 -0.157658 -3.36428 -0.883612 0.462156 -0.0751114 4.76784 0.00755593 0.174473 0.984633 -0.983064
0.474537 0.865973 -0.157818 -4.20458 -0.880196 0.468528 -0.0757384 6.20564 0.008355 0.174852 0.98456 -1.03568
0.479637 0.863291 -0.157091 -5.1213 -0.877414 0.473838 -0.0749871 7.66386 0.00970013 0.1738 0.984733 -1.11388
0.483749 0.861253 -0.155663 -6.04251 -0.875153 0.477992 -0.075043 9.15591 0.00977483 0.172531 0.984956 -1.17404
0.48635 0.859913 -0.154965 -6.95765 -0.873706 0.480664 -0.0748405 10.67 0.0101298 0.171792 0.985081 -1.24033
0.488021 0.858761 -0.156096 -7.90161 -0.87274 0.482699 -0.0729827 12.209 0.0126729 0.171848 0.985042 -1.31266
0.488923 0.85826 -0.156027 -8.88377 -0.872267 0.483121 -0.0758017 13.7756 0.0103224 0.173158 0.98484 -1.35408
0.487927 0.859163 -0.154163 -9.89686 -0.872815 0.482457 -0.0736914 15.3554 0.0110641 0.170512 0.985294 -1.47688
0.486506 0.860297 -0.152319 -10.852 -0.873621 0.481013 -0.0735816 16.9618 0.0099656 0.168867 0.985589 -1.55262
0.485142 0.860811 -0.153762 -11.8549 -0.874404 0.479066 -0.0769007 18.5936 0.00746522 0.171758 0.985111 -1.617
0.481627 0.862505 -0.155312 -12.8548 -0.876364 0.474963 -0.0799809 20.2134 0.00478356 0.174631 0.984623 -1.68599
0.47721 0.864719 -0.156624 -13.8531 -0.878787 0.469969 -0.0828403 21.851 0.00197492 0.177171 0.984178 -1.73613
0.473395 0.866601 -0.1578 -14.841 -0.88085 0.46603 -0.0831895 23.4942 0.00144775 0.17838 0.983961 -1.78404
0.470618 0.868002 -0.158403 -15.8115 -0.882337 0.463117 -0.0836903 25.1258 0.000715723 0.179151 0.983822 -1.83186
0.468834 0.868983 -0.158317 -16.7828 -0.883282 0.461847 -0.0806925 26.7918 0.00299803 0.17767 0.984086 -1.87593
0.467786 0.869756 -0.157168 -17.7257 -0.883839 0.460812 -0.080509 28.4757 0.00240167 0.176572 0.984285 -1.9315
0.467066 0.870539 -0.154955 -18.7045 -0.884223 0.459949 -0.0812265 30.1148 0.000560358 0.174952 0.984577 -2.01471
0.46384 0.872257 -0.154986 -19.6718 -0.88592 0.456703 -0.0810511 31.7902 8.52946e-05 0.1749 0.984586 -2.01723
0.459271 0.87447 -0.156117 -20.6573 -0.888294 0.452615 -0.0779424 33.4622 0.00250276 0.174474 0.984659 -2.06153
0.453995 0.877341 -0.15544 -21.6177 -0.891004 0.447322 -0.0775667 35.1782 0.00147906 0.173712 0.984796 -2.13237
0.448288 0.880901 -0.151829 -22.5832 -0.893865 0.440495 -0.0834884 36.8892 -0.00666519 0.173141 0.984875 -2.18499
0.440484 0.884731 -0.1524 -23.5218 -0.897742 0.432959 -0.0812872 38.6244 -0.00593455 0.172621 0.984971 -2.22475
0.434474 0.888028 -0.150463 -24.4615 -0.900653 0.426943 -0.0808959 40.3795 -0.00759874 0.170662 0.985301 -2.26107
0.430841 0.890128 -0.148489 -25.4137 -0.902405 0.423758 -0.0780759 42.1522 -0.00657425 0.167635 0.985827 -2.29541
0.431195 0.890208 -0.146973 -26.3507 -0.902233 0.424182 -0.0777537 43.9381 -0.00687358 0.166131 0.98608 -2.32007
0.434624 0.888556 -0.14687 -27.3446 -0.900602 0.428012 -0.0756482 45.7312 -0.00435556 0.16515 0.986259 -2.32612
0.440343 0.88599 -0.145328 -28.3099 -0.897822 0.433836 -0.075518 47.5403 -0.00385943 0.163733 0.986497 -2.36836
0.446537 0.883259 -0.143034 -29.3401 -0.894748 0.4398 -0.0774722 49.3468 -0.00552145 0.162574 0.986681 -2.40394
0.452911 0.880253 -0.141514 -30.3441 -0.891553 0.446775 -0.0743312 51.1654 -0.00220543 0.159832 0.987142 -2.43883
0.45685 0.878209 -0.141556 -31.3748 -0.889543 0.450711 -0.0746608 52.9639 -0.00176681 0.160029 0.987111 -2.47908
0.457733 0.877577 -0.142614 -32.3996 -0.889084 0.451182 -0.0772391 54.7498 -0.00343835 0.162151 0.98676 -2.54581
0.456677 0.877391 -0.147074 -33.4449 -0.889633 0.450561 -0.0744932 56.5537 0.000906423 0.164861 0.986317 -2.56663
0.456486 0.87887 -0.138597 -34.4578 -0.889728 0.450517 -0.0736117 58.3712 -0.0022546 0.156917 0.987609 -2.64501
0.454619 0.879277 -0.142105 -35.4782 -0.890686 0.44905 -0.0709487 60.1808 0.00142873 0.158825 0.987306 -2.68025
0.456176 0.879021 -0.138655 -36.5073 -0.889888 0.450251 -0.073308 61.9505 -0.00200956 0.156829 0.987624 -2.71747
0.459133 0.877892 -0.136023 -37.5267 -0.888362 0.453162 -0.0738752 63.7585 -0.00321413 0.154756 0.987948 -2.76029
0.460424 0.877038 -0.137164 -38.5303 -0.887694 0.455448 -0.0675844 65.5153 0.00319717 0.152877 0.98824 -2.81942
0.463994 0.875661 -0.133893 -39.5655 -0.885839 0.458614 -0.0704473 67.2866 -0.000282871 0.151295 0.988489 -2.86209
0.466163 0.874318 -0.135132 -40.6253 -0.8847 0.460769 -0.0707034 69.0604 0.000447462 0.15251 0.988302 -2.92094
0.467304 0.873366 -0.137328 -41.6797 -0.884092 0.462156 -0.0692352 70.8309 0.0029995 0.153765 0.988103 -2.96605
0.467979 0.872681 -0.13937 -42.7363 -0.88373 0.462897 -0.0689162 72.5875 0.004372 0.155417 0.98784 -2.98864
0.467081 0.872755 -0.141892 -43.7629 -0.884209 0.461643 -0.0711488 74.348 0.00340782 0.158694 0.987322 -3.04949
0.464789 0.874017 -0.141652 -44.7881 -0.88542 0.45916 -0.0721378 76.1086 0.0019911 0.15895 0.987285 -3.11611
0.461598 0.875779 -0.141207 -45.8021 -0.887089 0.455911 -0.0722415 77.8579 0.00111019 0.15861 0.987341 -3.15549
0.458433 0.87745 -0.141144 -46.8118 -0.88873 0.452766 -0.0718571 79.6211 0.000854176 0.15838 0.987378 -3.20338
0.455648 0.878667 -0.142579 -47.8202 -0.890161 0.449916 -0.0720508 81.3834 0.000839814 0.159748 0.987158 -3.24872
0.454215 0.879467 -0.142222 -48.8197 -0.890889 0.447905 -0.0754929 83.1388 -0.00269186 0.160993 0.986952 -3.32623
0.453083 0.879874 -0.143308 -49.8327 -0.891448 0.446075 -0.079617 84.8971 -0.00612688 0.163825 0.986471 -3.35632
0.452262 0.880223 -0.143763 -50.843 -0.89184 0.444683 -0.0829467 86.671 -0.00908265 0.165727 0.98613 -3.3839
0.449513 0.880839 -0.148531 -51.8407 -0.893272 0.442831 -0.0772476 88.468 -0.0022683 0.167403 0.985886 -3.42202
0.44871 0.881981 -0.144114 -52.8249 -0.893654 0.441633 -0.0796491 90.2776 -0.00660334 0.164528 0.986351 -3.48712
0.446867 0.8832 -0.142365 -53.8368 -0.894566 0.439739 -0.0798892 92.0905 -0.00795454 0.163055 0.986585 -3.49524
0.44641 0.883397 -0.142577 -54.8578 -0.894802 0.439441 -0.0788815 93.9226 -0.00702948 0.162791 0.986636 -3.49348
0.447778 0.882876 -0.141509 -55.8686 -0.89411 0.440687 -0.0797755 95.7596 -0.00807086 0.162246 0.986718 -3.53742
0.450941 0.881324 -0.14114 -56.9091 -0.892514 0.443734 -0.0807468 97.6184 -0.00853541 0.162381 0.986691 -3.57699
0.454015 0.879543 -0.142392 -57.961 -0.890971 0.446994 -0.0798037 99.4777 -0.00654231 0.163099 0.986588 -3.59628
0.458723 0.877387 -0.140586 -59.037 -0.888556 0.451778 -0.0797819 101.358 -0.0064857 0.161517 0.986849 -3.66804
0.463572 0.87463 -0.141856 -60.1508 -0.886039 0.456456 -0.0811484 103.253 -0.00622394 0.163308 0.986556 -3.70114
0.467433 0.872765 -0.140667 -61.252 -0.884008 0.460371 -0.0811731 105.15 -0.00608591 0.162294 0.986724 -3.74691
0.469354 0.871341 -0.143083 -62.3876 -0.883 0.462317 -0.0810902 107.063 -0.00450741 0.164402 0.986383 -3.7798
0.470062 0.870814 -0.143963 -63.5353 -0.882616 0.462688 -0.0831321 108.996 -0.0057825 0.166142 0.986085 -3.83621
0.469117 0.870791 -0.147148 -64.6975 -0.883127 0.461774 -0.0827769 110.946 -0.00413201 0.168783 0.985645 -3.90197
0.466968 0.871227 -0.151344 -65.8373 -0.884275 0.459998 -0.0803771 112.9 -0.00040865 0.171363 0.985208 -3.9548
0.465086 0.872725 -0.148482 -66.9984 -0.885264 0.458097 -0.0803504 114.846 -0.00210486 0.168815 0.985646 -4.00223
0.463113 0.874014 -0.147053 -68.1297 -0.8863 0.45678 -0.0763242 116.837 0.000462613 0.16568 0.98618 -4.06532
0.46328 0.874606 -0.142956 -69.2715 -0.886192 0.456087 -0.0815497 118.821 -0.00612361 0.164466 0.986364 -4.13163
0.462959 0.874306 -0.145798 -70.4498 -0.886346 0.455191 -0.0848119 120.783 -0.00778549 0.168492 0.985673 -4.15857
0.462958 0.873159 -0.152521 -71.6302 -0.88637 0.455185 -0.0845929 122.768 -0.00443801 0.174353 0.984674 -4.20198
0.465202 0.871925 -0.152756 -72.7846 -0.885196 0.45744 -0.0847175 124.753 -0.00399051 0.17463 0.984626 -4.24947
0.467102 0.871123 -0.151524 -73.9185 -0.884201 0.459754 -0.0825569 126.748 -0.00225337 0.17254 0.985 -4.31799
0.468842 0.870986 -0.146872 -75.0844 -0.883281 0.461962 -0.080042 128.728 -0.00186616 0.167256 0.985912 -4.38269
0.469059 0.871091 -0.145547 -76.2487 -0.883167 0.462555 -0.0778432 130.72 -0.000485073 0.165055 0.986285 -4.45169
0.469646 0.871036 -0.143976 -77.4437 -0.882837 0.462298 -0.0829455 132.695 -0.00568868 0.166062 0.986099 -4.51361
0.469739 0.870642 -0.146043 -78.6467 -0.882805 0.462977 -0.079426 134.723 -0.00153705 0.166237 0.986085 -4.57903
0.470396 0.870425 -0.145218 -79.8488 -0.882455 0.463699 -0.0791027 136.748 -0.0015156 0.165358 0.986233 -4.6282
0.471384 0.870411 -0.142066 -81.0443 -0.881926 0.464786 -0.0786275 138.781 -0.00240774 0.162356 0.98673 -4.67628
0.472698 0.8701 -0.139579 -82.2467 -0.881208 0.465738 -0.0809995 140.82 -0.00547058 0.161286 0.986893 -4.70596
0.472936 0.870138 -0.138533 -83.4843 -0.881087 0.466255 -0.079333 142.866 -0.00443897 0.159579 0.987176 -4.74285
0.473649 0.869879 -0.137724 -84.7123 -0.880689 0.466623 -0.0815527 144.925 -0.00667573 0.159919 0.987108 -4.7934
0.473821 0.86976 -0.137883 -85.3468 -0.880601 0.466881 -0.0810266 145.963 -0.00609902 0.159811 0.987129 -4.82162
