1 0 0 0 0 1 0 0 0 0 1 0
-0.0858525 0.995882 0.029112 -0.204955 -0.996306 -0.0857617 -0.00435457 -0.700734 -0.00183995 -0.0293783 0.999567 0.49142
-0.982223 -0.162817 0.0934289 -1.15957 0.165941 -0.985776 0.0266474 -0.881348 0.0877613 0.0416774 0.995269 0.648752
0.3813 -0.91895 0.100708 -1.64611 0.923573 0.383419 0.00183652 0.0714188 -0.040301 0.0923109 0.994914 0.711844
0.756947 0.65094 0.0575141 -0.54489 -0.650873 0.758854 -0.0224651 0.144197 -0.0582682 -0.0204294 0.998092 0.787683
-0.85989 0.5096 0.0299366 -1.10842 -0.510418 -0.85921 -0.0350835 -1.22692 0.00784331 -0.0454482 0.998936 0.629695
-0.254618 -0.966788 0.0221312 -2.18742 0.966833 -0.254972 -0.014938 -0.332684 0.0200848 0.0175937 0.999643 0.415092
0.999278 0.0269474 0.0267861 -1.12453 -0.0265093 0.999511 -0.0165768 0.447494 -0.0272197 0.0158547 0.999504 0.287095
-0.342051 0.939584 0.0135192 -0.745062 -0.9392 -0.34138 -0.0369087 -0.539099 -0.0300637 -0.0253219 0.999227 0.138913
-0.772717 -0.634749 0.00120082 -1.60509 0.634706 -0.77264 0.0132565 -0.466542 -0.00748675 0.0110057 0.999911 0.0871673
0.834784 -0.549278 0.0378016 -1.35444 0.549658 0.83539 0.000397934 0.238198 -0.0317976 0.0204458 0.999285 -0.276596
0.455544 0.889614 0.0326626 -0.246894 -0.889362 0.456406 -0.026993 -0.0516879 -0.0389208 -0.0167523 0.999102 -0.718645
-0.922167 0.386775 -0.00349326 -0.335014 -0.385916 -0.920651 -0.0589158 -1.17395 -0.0260032 -0.0529821 0.998257 -1.18883
-0.373832 -0.927346 0.0167071 -1.48863 0.926063 -0.374195 -0.0488535 -1.1318 0.0515558 -0.00279122 0.998666 -1.48665
0.966818 -0.255438 -0.00369108 -1.59589 0.254575 0.964554 -0.0694734 0.0213947 0.0213064 0.0662285 0.997577 -1.64142
0.15822 0.987033 -0.027044 -0.902759 -0.985261 0.156014 -0.0701437 0.789591 -0.065015 0.0377435 0.99717 -1.88046
-0.984567 0.174937 0.00500254 0.679994 -0.174282 -0.982682 0.0629502 0.0212995 0.0159282 0.0611068 0.998004 -1.99379
-0.198213 -0.979486 0.0363223 0.492547 0.978882 -0.195928 0.0583294 -2.04569 -0.0500162 0.047117 0.997636 -2.00996
0.986395 -0.158686 0.0429392 -1.56834 0.157459 0.987051 0.0306196 -1.8957 -0.047242 -0.0234419 0.998608 -2.08017
0.177126 0.977596 -0.11372 -1.42432 -0.98265 0.182121 0.0350703 -0.264711 0.0549955 0.105536 0.992894 -2.69281
-0.963326 0.268335 8.0852e-05 0.505942 -0.266139 -0.95548 0.127387 0.297389 0.0342597 0.122694 0.991853 -3.05205
-0.226882 -0.966121 0.123025 0.903939 0.972408 -0.217675 0.0839039 -1.60553 -0.0542818 0.138667 0.98885 -3.17842
0.929877 -0.281998 0.236232 -1.01222 0.270508 0.959354 0.0804129 -2.00126 -0.249306 -0.0108715 0.968364 -2.80478
0.244435 0.937392 0.248088 -1.06648 -0.968853 0.246573 0.0229205 0.0854754 -0.0396862 -0.245963 0.968466 -2.82328
-0.953899 0.229625 0.19326 1.227 -0.226366 -0.973258 0.0390867 -0.165016 0.197067 -0.00646261 0.980369 -3.33583
-0.19961 -0.94022 0.275938 0.840977 0.979793 -0.195169 0.0437582 -2.33852 0.0127121 0.279096 0.960179 -3.40345
0.962317 -0.107881 0.249614 -1.03651 0.127345 0.989847 -0.06314 -1.86799 -0.240268 0.0925479 0.966285 -3.22429
-0.0105745 0.987362 0.158127 -0.206913 -0.99985 -0.0126134 0.0118969 0.2031 0.0137411 -0.157978 0.987347 -3.60477
-0.970093 -0.0898416 0.225494 1.42401 0.113971 -0.988801 0.0963549 -0.901958 0.214312 0.119173 0.969468 -4.06724
0.151139 -0.960455 0.233842 0.476278 0.984668 0.167123 0.0499987 -2.12656 -0.0871018 0.2227 0.970988 -4.01021
0.950969 0.219945 0.217444 -0.381942 -0.232202 0.972135 0.0321938 -1.18464 -0.204304 -0.0811062 0.975542 -4.06104
-0.2757 0.938217 0.209136 0.527537 -0.954454 -0.293009 0.0562487 -0.49001 0.114052 -0.184103 0.976268 -4.54559
-0.920441 -0.32884 0.211313 1.20343 0.345513 -0.937264 0.0464457 -1.59183 0.182782 0.115762 0.976315 -4.92072
0.371219 -0.906219 0.202395 -0.125082 0.920157 0.388253 0.0507075 -1.90762 -0.124533 0.167412 0.97799 -4.80896
0.869739 0.457198 0.185805 -0.261819 -0.471177 0.881259 0.0370921 -0.887115 -0.146784 -0.119807 0.981886 -4.81712
-0.51991 0.839041 0.160324 0.802084 -0.846474 -0.53126 0.0352946 -0.979358 0.114788 -0.11736 0.986433 -5.00338
-0.796155 -0.586069 0.150533 0.560307 0.597904 -0.800197 0.0468609 -1.30174 0.0929926 0.127313 0.987494 -4.98486
0.632314 -0.75923 0.154109 0.149859 0.76382 0.644205 0.0397521 -1.27243 -0.129459 0.0925756 0.987254 -4.88794
0.701105 0.695842 0.155743 -0.146771 -0.704921 0.709273 0.00438045 -0.583101 -0.107416 -0.112858 0.987788 -4.81568
-0.75771 0.622515 0.195831 0.424222 -0.639078 -0.768574 -0.0295469 -0.184205 0.132117 -0.147539 0.980193 -4.84785
-0.509299 -0.836012 0.2042 0.856629 0.850407 -0.525294 -0.0295838 -0.829839 0.131998 0.158586 0.978482 -4.71109
0.914538 -0.358814 0.186742 0.10669 0.364417 0.931225 0.00462734 -1.10282 -0.175559 0.06382 0.982398 -4.23439
0.171471 0.96887 0.178576 -0.507632 -0.985158 0.170075 0.0232182 0.0356988 -0.00787579 -0.179907 0.983652 -3.80411
-0.986509 -0.00102903 0.163703 0.929251 0.00813965 -0.999052 0.0427734 0.821581 0.163504 0.0435288 0.985582 -3.81419
0.244727 -0.962248 0.119109 1.25512 0.964885 0.253784 0.0677536 -0.618393 -0.0954238 0.0983455 0.990567 -3.21261
0.83833 0.525758 0.144157 -0.70339 -0.539961 0.837218 0.0866544 -0.56944 -0.0751314 -0.150484 0.985753 -2.48051
-0.747965 0.634578 0.194574 0.303647 -0.62422 -0.77217 0.118757 1.72407 0.225605 -0.032631 0.973672 -2.41313
-0.42606 -0.886448 0.180783 1.8541 0.903499 -0.427187 0.0346595 -0.330235 0.0465043 0.178104 0.982912 -2.28779
0.968273 -0.211086 0.133754 -0.499316 0.199703 0.975375 0.0936147 -2.08001 -0.150221 -0.0639336 0.986583 -1.68761
-0.361057 0.913502 0.18749 -0.866614 -0.917213 -0.384176 0.105496 1.55613 0.1684 -0.133878 0.976585 -1.96606
-0.52684 -0.832492 0.171454 2.05973 0.848116 -0.528186 0.0414768 -0.210172 0.0560304 0.167264 0.984319 -2.10465
0.981463 0.0195663 0.190649 -0.912655 -0.0241393 0.999474 0.0216948 -2.42246 -0.190124 -0.0258948 0.981418 -1.72889
-0.465635 0.870717 0.158229 -1.08651 -0.877793 -0.477148 0.0425315 1.37334 0.112531 -0.119088 0.986486 -1.99792
-0.598975 -0.779382 0.183829 2.42054 0.799456 -0.595158 0.0815919 -0.173431 0.0458159 0.195834 0.979566 -2.80362
0.937176 -0.287053 0.198245 0.317275 0.292877 0.95615 -5.76544e-05 -2.84617 -0.189536 0.0581155 0.980152 -2.50827
-0.158974 0.969893 0.184483 -0.562979 -0.986998 -0.160617 -0.0060997 0.445282 0.023715 -0.183054 0.982817 -2.4396
-0.842433 -0.499385 0.202289 2.43074 0.506448 -0.862061 -0.0190395 -0.439428 0.183893 0.0864093 0.979141 -3.20179
0.730824 -0.646549 0.218793 0.56684 0.662703 0.748883 -0.000594463 -3.33636 -0.163466 0.145429 0.975771 -3.00909
0.437186 0.868257 0.234515 -1.88353 -0.88931 0.456235 -0.031279 -1.24097 -0.134152 -0.194881 0.971609 -2.40031
-0.965376 0.148081 0.214759 1.22144 -0.163316 -0.985045 -0.0549182 0.190545 0.203415 -0.0880902 0.975122 -3.19892
0.158919 -0.979159 0.126462 1.13516 0.986309 0.151737 -0.0645911 -2.54935 0.044056 0.134996 0.989866 -3.3126
0.615168 0.77653 -0.136268 -0.956101 -0.784991 0.587247 -0.197307 -0.458621 -0.0731918 0.228346 0.970825 -3.00831
-0.991878 -0.0415884 -0.120203 1.63633 0.0607422 -0.985187 -0.160367 -0.160224 -0.111753 -0.166366 0.979711 -2.47211
0.664293 -0.735392 -0.133844 -0.51114 0.726421 0.677347 -0.116251 -1.20544 0.176149 -0.0200024 0.98416 -3.07795
0.192846 0.980659 -0.0334436 -0.15256 -0.973536 0.186963 -0.131426 1.12559 -0.122631 0.0579034 0.990762 -2.80824
-0.875258 -0.476967 -0.0801667 2.07464 0.483583 -0.860115 -0.162329 -0.289107 0.0084728 -0.180847 0.983475 -2.6393
0.859113 -0.505939 -0.0771375 -0.0766141 0.48945 0.856274 -0.165024 -1.00221 0.149543 0.104019 0.983268 -2.65784
0.0181399 0.994894 -0.0992847 -0.276244 -0.982801 -0.000509083 -0.184667 1.03614 -0.183775 0.100927 0.977773 -2.30526
-0.840556 -0.528827 -0.117508 0.703726 0.541723 -0.820081 -0.184402 0.140082 0.00115103 -0.218657 0.975801 -2.3122
0.739238 0.553269 -0.383954 0.417413 -0.566095 0.819333 0.0907209 1.92315 0.364779 0.15029 0.918885 -2.72874
-0.736095 -0.603415 -0.306683 0.097917 0.632202 -0.774772 0.0070028 -0.403332 -0.241835 -0.188731 0.951786 -3.17558
0.719525 0.596573 -0.355505 0.119184 -0.624505 0.77975 0.0445298 2.22956 0.303771 0.189975 0.933613 -3.2611
-0.726689 -0.58343 -0.362675 -0.41016 0.624795 -0.780778 0.00412741 -0.147454 -0.285577 -0.223598 0.931906 -3.55696
0.749512 0.593336 -0.293572 0.666897 -0.624092 0.781217 -0.0144451 2.2017 0.220772 0.194042 0.955828 -3.0317
-0.731108 -0.63594 -0.247108 -1.02359 0.670282 -0.737079 -0.0862407 0.258501 -0.127294 -0.228683 0.965142 -3.47604
0.606506 0.752255 -0.257418 -0.296199 -0.78403 0.619651 -0.0364522 3.05524 0.132088 0.223932 0.965612 -3.44096
0.739215 -0.592279 -0.320574 -2.58497 0.616886 0.78646 -0.0305463 3.7195 0.27021 -0.175177 0.946731 -4.45539
-0.606462 -0.735345 -0.302443 -2.90595 0.785499 -0.613065 -0.0845141 1.70437 -0.12327 -0.288823 0.949413 -5.0478
-0.74524 0.585559 -0.318963 -0.796709 -0.583319 -0.804262 -0.113587 1.22822 -0.323042 0.101407 0.940936 -4.31429
0.541376 0.777251 -0.320614 -0.401936 -0.839308 0.522153 -0.151391 3.34508 0.0497403 0.351053 0.935033 -3.65372
0.836094 -0.445202 -0.320533 -2.47996 0.436872 0.893745 -0.1018 4.49397 0.331796 -0.0549177 0.941751 -4.26547
-0.37122 -0.861097 -0.347431 -3.6044 0.923646 -0.380824 -0.0430282 2.68598 -0.0952586 -0.336876 0.936718 -4.89745
-0.894356 0.317712 -0.314941 -2.11967 -0.313683 -0.94731 -0.0648621 0.839271 -0.318954 0.0407816 0.946892 -4.75212
0.149902 0.952501 -0.265086 -0.490738 -0.985725 0.123191 -0.114764 2.61449 -0.0766568 0.278505 0.95737 -4.07027
0.972377 0.0669763 -0.223601 -1.29492 -0.0944986 0.988891 -0.114741 4.67727 0.213432 0.132702 0.967903 -4.15145
0.263389 -0.933032 -0.245107 -3.22815 0.95003 0.295 -0.102068 4.3238 0.167539 -0.205975 0.964108 -4.62827
-0.869759 -0.440236 -0.222961 -2.97453 0.475138 -0.869113 -0.137427 1.16797 -0.133278 -0.225466 0.965091 -5.20172
-0.633377 0.740324 -0.225289 0.607712 -0.742701 -0.663315 -0.0916999 1.59253 -0.217325 0.109241 0.969967 -4.66606
0.597685 0.776003 -0.201475 1.26382 -0.794496 0.539599 -0.278585 4.67692 -0.107467 0.326577 0.939041 -4.28489
0.966283 -0.0674386 -0.248495 -1.95806 0.0133685 0.976929 -0.213144 6.14545 0.257136 0.202635 0.944891 -4.43373
0.478296 -0.844806 -0.239865 -5.08862 0.83792 0.520776 -0.163349 5.16104 0.262915 -0.122858 0.956965 -5.38145
-0.400936 -0.878316 -0.260408 -6.00378 0.915699 -0.375752 -0.1425 1.73325 0.0273115 -0.295588 0.954925 -6.16301
-0.94409 -0.168347 -0.283467 -3.61691 0.215746 -0.965611 -0.145082 -0.260947 -0.249294 -0.198127 0.947944 -5.85725
-0.930172 0.253454 -0.265598 -0.0361171 -0.214215 -0.962228 -0.168013 -0.160076 -0.298149 -0.0993864 0.949331 -4.71876
-0.805935 0.532934 -0.257779 3.29347 -0.506334 -0.84615 -0.166305 2.13713 -0.306749 -0.00350902 0.951784 -3.47882
-0.588279 0.763506 -0.266432 6.09493 -0.760676 -0.634279 -0.138068 5.73615 -0.274407 0.121446 0.953913 -2.33631
-0.581792 0.769039 -0.26476 8.5144 -0.766791 -0.627165 -0.136731 9.32652 -0.2712 0.123467 0.954571 -1.15773
-0.577895 0.771968 -0.264768 9.9567 -0.769861 -0.623323 -0.13705 11.5484 -0.270835 0.124633 0.954523 -0.438368
-0.573657 0.775195 -0.264558 11.3949 -0.773127 -0.619122 -0.137704 13.739 -0.270541 0.125542 0.954487 0.259782
-0.569274 0.777602 -0.266949 12.821 -0.775522 -0.615686 -0.139631 15.9282 -0.272934 0.127536 0.953541 0.991075
-0.568 0.778358 -0.267462 14.2511 -0.776469 -0.614535 -0.139437 18.1305 -0.272897 0.128475 0.953426 1.66952
-0.568366 0.777454 -0.269307 15.6728 -0.77514 -0.61572 -0.14159 20.3414 -0.275897 0.128275 0.952589 2.36673
-0.572201 0.774814 -0.268793 17.1208 -0.772479 -0.619269 -0.140649 22.5625 -0.275432 0.127157 0.952873 3.08256
-0.578335 0.770445 -0.268222 18.5343 -0.768523 -0.624829 -0.137698 24.7808 -0.273682 0.126499 0.953465 3.7998
-0.583584 0.76639 -0.26847 19.9874 -0.763456 -0.630461 -0.140198 26.9433 -0.276706 0.123148 0.953031 4.48317
-0.588632 0.762801 -0.267669 21.4414 -0.759298 -0.635332 -0.140788 29.0837 -0.277452 0.120368 0.953169 5.17509
-0.591767 0.760689 -0.266765 22.8947 -0.75648 -0.638367 -0.142218 31.1797 -0.278478 0.117642 0.95321 5.87803
-0.593341 0.759232 -0.267421 24.3463 -0.754849 -0.640184 -0.142716 33.2334 -0.279553 0.117183 0.952952 6.61952
-0.59408 0.7586 -0.267574 25.7551 -0.754186 -0.640964 -0.142719 35.2873 -0.279772 0.117014 0.952908 7.29934
-0.592457 0.758787 -0.270625 27.1273 -0.754301 -0.640453 -0.144397 37.281 -0.282889 0.118584 0.951793 7.97432
-0.588597 0.760355 -0.274617 28.4701 -0.755851 -0.638096 -0.146707 39.2565 -0.286781 0.121219 0.950296 8.69583
-0.584861 0.763231 -0.274621 29.8037 -0.758973 -0.634382 -0.146698 41.2201 -0.286179 0.122632 0.950296 9.37466
-0.581803 0.765673 -0.274317 31.1007 -0.761621 -0.631232 -0.146563 43.1394 -0.285377 0.123655 0.950404 10.0238
-0.578041 0.767775 -0.27639 32.3492 -0.763722 -0.628318 -0.148139 45.0122 -0.287397 0.125455 0.949559 10.6743
-0.575443 0.769591 -0.276757 33.5597 -0.765009 -0.626168 -0.150581 46.8374 -0.289183 0.125071 0.949068 11.2778
-0.573904 0.769667 -0.279727 34.7161 -0.765954 -0.62535 -0.14917 48.5868 -0.289738 0.128649 0.94842 11.9258
-0.573027 0.771173 -0.277366 35.8628 -0.767336 -0.623723 -0.14888 50.3101 -0.287811 0.12752 0.949159 12.4977
-0.570467 0.773057 -0.277398 36.9497 -0.768879 -0.621413 -0.150568 51.9621 -0.288776 0.127391 0.948883 13.0797
-0.566554 0.775688 -0.278073 38.0083 -0.771335 -0.617952 -0.152245 53.5773 -0.28993 0.128232 0.948418 13.6071
-0.562852 0.777856 -0.279532 39.0136 -0.774241 -0.614567 -0.151187 55.188 -0.289393 0.131329 0.948158 14.1708
-0.55853 0.780579 -0.280607 40.0406 -0.777522 -0.610526 -0.150724 56.8095 -0.288969 0.133994 0.947914 14.7108
-0.5554 0.780982 -0.285653 41.0474 -0.780048 -0.608325 -0.146511 58.4319 -0.288192 0.141451 0.947067 15.2786
-0.553664 0.782651 -0.284453 42.0467 -0.781287 -0.606419 -0.147808 60.0448 -0.288179 0.140404 0.947227 15.795
-0.552904 0.783073 -0.28477 43.0619 -0.781511 -0.605898 -0.148754 61.6376 -0.289027 0.140304 0.946983 16.3275
-0.552645 0.782325 -0.287317 44.0792 -0.780549 -0.606689 -0.15057 63.2507 -0.292107 0.141054 0.945926 16.8634
-0.553751 0.781897 -0.286352 44.6044 -0.77951 -0.607692 -0.151905 64.0669 -0.292788 0.139097 0.946006 17.1489
