1 0 0 0 0 1 0 0 0 0 1 0
0.999994 -0.00263639 0.00218102 -1.72566 0.00263734 0.999996 -0.000429441 -0.076443 -0.00217988 0.00043519 0.999998 -0.0268366
0.999983 -0.00475696 0.00322571 -3.53753 0.00476637 0.999984 -0.00291551 -0.176976 -0.0032118 0.00293083 0.999991 -0.0770158
0.999983 -0.00439967 0.00396354 -5.40947 0.00441951 0.999978 -0.00501074 -0.276472 -0.0039414 0.00502817 0.99998 -0.116115
0.999985 -0.00467188 0.00300425 -7.39087 0.00469155 0.999967 -0.00657383 -0.39176 -0.00297344 0.00658782 0.999974 -0.157218
0.99999 -0.00334379 0.00316802 -9.43046 0.00337099 0.999957 -0.00861987 -0.499272 -0.00313906 0.00863046 0.999958 -0.209644
0.99999 -0.00325527 0.00325207 -11.5838 0.00328535 0.999951 -0.0092866 -0.602292 -0.00322169 0.00929719 0.999952 -0.260583
0.999994 -0.00193142 0.00305253 -13.8438 0.00196067 0.999952 -0.00960583 -0.718124 -0.00303383 0.00961175 0.999949 -0.31544
1 -0.000581533 0.000249381 -16.2087 0.00058341 0.999971 -0.00759417 -0.819277 -0.000244957 0.00759432 0.999971 -0.327863
0.999997 0.0023096 -0.00106264 -18.6286 -0.00231999 0.999948 -0.00988781 -0.936663 0.00103975 0.00989024 0.999951 -0.380179
0.99999 0.00442091 0.000535037 -21.1077 -0.00441354 0.999905 -0.0130765 -1.04576 -0.000592797 0.013074 0.999914 -0.425363
0.999977 0.00610201 0.00310896 -23.6627 -0.00605575 0.999874 -0.0146771 -1.16178 -0.00319813 0.014658 0.999887 -0.502475
0.999956 0.00717881 -0.0061111 -26.2715 -0.0072697 0.999861 -0.0149834 -1.26776 0.00600269 0.0150272 0.999869 -0.553394
0.999945 0.00808159 -0.00668182 -28.9021 -0.0081521 0.999911 -0.0105948 -1.35351 0.0065956 0.0106487 0.999922 -0.669624
0.999947 0.00808042 -0.00643832 -31.5677 -0.00812735 0.99994 -0.00729731 -1.44272 0.00637897 0.00734925 0.999953 -0.724184
0.999933 0.0073435 -0.00894368 -34.2447 -0.00739845 0.999954 -0.00612686 -1.54326 0.00889827 0.00619262 0.999941 -0.808882
0.999959 0.00493384 -0.00762944 -36.94 -0.00499806 0.999952 -0.00842074 -1.65079 0.00758753 0.00845853 0.999935 -0.864216
0.999957 0.00206678 -0.00905178 -39.6395 -0.00215208 0.999953 -0.00942369 -1.76703 0.00903187 0.00944277 0.999915 -0.906752
0.999952 -0.00222861 -0.00958317 -42.3439 0.00210163 0.99991 -0.0132401 -1.89987 0.00961182 0.0132194 0.999866 -0.945306
0.999948 -0.00584912 -0.00838772 -45.0617 0.00571721 0.999861 -0.0156651 -2.04061 0.00847817 0.0156163 0.999842 -1.03205
0.999909 -0.00951195 -0.00958321 -47.7857 0.00934947 0.999814 -0.0168592 -2.2012 0.00974179 0.0167681 0.999812 -1.11064
0.99991 -0.0115458 -0.00690536 -50.4986 0.0114098 0.999746 -0.019413 -2.3684 0.00712774 0.0193324 0.999788 -1.18315
0.999876 -0.0123816 -0.0097937 -53.2326 0.0121446 0.99964 -0.0239023 -2.53708 0.0100861 0.0237804 0.999666 -1.25697
0.999864 -0.0114225 -0.0118983 -55.9295 0.0111264 0.999634 -0.0246604 -2.71787 0.0121756 0.0245247 0.999625 -1.3121
0.999858 -0.00991735 -0.0136108 -58.6339 0.00964195 0.99975 -0.0201524 -2.85335 0.0138072 0.0200183 0.999704 -1.40156
0.999928 -0.00911424 -0.00784897 -61.3506 0.00894167 0.999723 -0.0217471 -2.97986 0.008045 0.0216754 0.999733 -1.46272
0.999948 -0.00714861 -0.00723047 -64.0858 0.00695048 0.999609 -0.0270649 -3.1489 0.00742112 0.0270133 0.999608 -1.51769
0.999915 -0.00800238 -0.0103393 -66.8286 0.00768613 0.999512 -0.0302733 -3.33733 0.0105765 0.0301912 0.999488 -1.59591
0.999886 -0.00903349 -0.0120959 -69.5313 0.00868603 0.999557 -0.0284766 -3.47105 0.0123478 0.0283683 0.999521 -1.6714
0.999857 -0.0110868 -0.0127713 -72.2458 0.010833 0.999746 -0.0197776 -3.61612 0.0129873 0.0196364 0.999723 -1.75688
0.999811 -0.0129938 -0.0144662 -74.9389 0.0127183 0.999739 -0.0189721 -3.75655 0.0147089 0.0187845 0.999715 -1.83835
0.999846 -0.0139244 -0.0107429 -77.6397 0.013703 0.999698 -0.0204138 -3.9508 0.0110239 0.0202635 0.999734 -1.9307
0.999782 -0.0146135 -0.014922 -80.3946 0.0142996 0.999679 -0.0209272 -4.14976 0.015223 0.0207093 0.99967 -2.02342
0.999777 -0.0152658 -0.0146337 -83.1181 0.0150158 0.999742 -0.0170413 -4.29895 0.01489 0.0168178 0.999748 -2.10267
0.999813 -0.0157622 -0.011259 -85.8124 0.0155934 0.999767 -0.0149238 -4.43191 0.0114916 0.0147455 0.999825 -2.16208
0.999803 -0.015278 -0.0126783 -88.5193 0.0151041 0.999792 -0.0136947 -4.60777 0.0128849 0.0135005 0.999826 -2.24545
0.999831 -0.0146723 -0.0110772 -91.2063 0.0145297 0.999812 -0.0128434 -4.80071 0.0112636 0.0126803 0.999856 -2.3346
0.999854 -0.0148399 -0.00852724 -93.9294 0.0147175 0.99979 -0.0142525 -4.97824 0.00873695 0.0141249 0.999862 -2.43406
0.999847 -0.0161561 -0.00675742 -96.659 0.0160485 0.999748 -0.0156758 -5.16152 0.00700898 0.015565 0.999854 -2.48513
0.999829 -0.0179716 -0.00428959 -99.3712 0.0179059 0.999729 -0.0148768 -5.32748 0.00455578 0.0147974 0.99988 -2.54002
0.999806 -0.0196953 -0.000145836 -102.099 0.0196907 0.999689 -0.0152793 -5.49115 0.000446714 0.0152735 0.999883 -2.60451
0.999778 -0.0209456 -0.00217781 -104.828 0.0209057 0.999638 -0.0169497 -5.69547 0.00253204 0.0169005 0.999854 -2.65575
0.99977 -0.0213636 0.00193357 -107.554 0.0213946 0.999613 -0.0177724 -5.87158 -0.00155314 0.0178096 0.99984 -2.70159
0.999767 -0.0214359 0.00248014 -110.252 0.0214741 0.999632 -0.0165637 -6.04964 -0.00212418 0.0166131 0.99986 -2.73756
0.999741 -0.0224324 0.00399126 -112.978 0.0224943 0.999616 -0.0161847 -6.24512 -0.00362667 0.0162703 0.999861 -2.75694
0.999724 -0.0227181 0.00606623 -115.691 0.0228249 0.999574 -0.0181669 -6.4343 -0.00565094 0.0183003 0.999817 -2.7658
0.999717 -0.0230308 0.00604603 -118.405 0.0231376 0.999566 -0.0182304 -6.62235 -0.00562355 0.0183652 0.999816 -2.78863
0.999702 -0.0236397 0.00607937 -121.129 0.0237579 0.999514 -0.0201573 -6.82024 -0.00559991 0.0202957 0.999778 -2.81212
0.999679 -0.0239251 0.00838958 -123.842 0.0240989 0.999483 -0.0212713 -7.00503 -0.00787633 0.0214667 0.999739 -2.80426
0.999683 -0.024029 0.00756127 -126.571 0.0241733 0.999515 -0.0196169 -7.20643 -0.00708623 0.0197934 0.999779 -2.85583
0.999686 -0.0240415 0.00702579 -129.283 0.0241777 0.999508 -0.0199931 -7.40968 -0.00654167 0.0201567 0.999775 -2.87284
0.999657 -0.0234669 0.0116065 -131.995 0.0237074 0.999497 -0.0210407 -7.60189 -0.011107 0.0213086 0.999711 -2.88483
0.999641 -0.0240897 0.01172 -134.707 0.0243543 0.999439 -0.0229809 -7.77588 -0.0111598 0.0232581 0.999667 -2.89511
0.999641 -0.0243617 0.0111442 -137.438 0.024623 0.99941 -0.0239473 -7.97116 -0.0105542 0.0242131 0.999651 -2.87698
0.999583 -0.0244405 0.015385 -140.177 0.0248221 0.999376 -0.0251206 -8.1896 -0.0147615 0.0254921 0.999566 -2.90037
0.999594 -0.023857 0.0156212 -142.883 0.0242461 0.999388 -0.0252116 -8.37144 -0.0150102 0.0255801 0.99956 -2.89364
0.999539 -0.0243245 0.0181668 -145.584 0.0247659 0.999393 -0.0244771 -8.5628 -0.0175604 0.0249157 0.999535 -2.88003
0.999543 -0.0250753 0.016907 -148.301 0.0254793 0.999384 -0.0241147 -8.74496 -0.0162919 0.0245345 0.999566 -2.88369
0.999472 -0.0253596 0.0203199 -151.024 0.0258471 0.999375 -0.0241014 -8.93646 -0.019696 0.0246139 0.999503 -2.86634
0.999378 -0.0253805 0.0244745 -153.746 0.0259388 0.999404 -0.0227691 -9.15811 -0.023882 0.0233898 0.999441 -2.85772
0.999415 -0.0251679 0.0231537 -156.457 0.0256956 0.99941 -0.0227832 -9.34153 -0.0225667 0.0233648 0.999472 -2.82991
0.999331 -0.0263844 0.0253201 -159.169 0.0269444 0.999394 -0.0220371 -9.53301 -0.0247234 0.0227046 0.999436 -2.82964
0.999344 -0.0274653 0.0236271 -161.882 0.0280109 0.999341 -0.0230792 -9.745 -0.0229776 0.0237259 0.999454 -2.81304
0.999237 -0.0307332 0.0240931 -164.605 0.031267 0.999267 -0.0221013 -9.95913 -0.0233961 0.0228378 0.999465 -2.79519
0.999188 -0.0329641 0.0231889 -167.329 0.0334657 0.999207 -0.0215876 -10.1756 -0.0224589 0.0223461 0.999498 -2.78801
0.999163 -0.0366508 0.0181694 -170.067 0.0370625 0.999051 -0.0228647 -10.4154 -0.0173141 0.023519 0.999573 -2.76545
0.998809 -0.0403291 0.0274712 -172.777 0.0409547 0.998905 -0.0226048 -10.6431 -0.0265295 0.0237029 0.999367 -2.76394
0.998664 -0.0437997 0.0274405 -175.511 0.0444907 0.998694 -0.0250995 -10.9177 -0.0263053 0.0262869 0.999308 -2.74479
0.998569 -0.0465715 0.0262729 -178.225 0.0471928 0.998608 -0.0235432 -11.175 -0.0251399 0.0247494 0.999377 -2.72131
0.998404 -0.0501454 0.0259979 -180.945 0.0506843 0.998504 -0.0205048 -11.4344 -0.0249308 0.0217897 0.999452 -2.67567
0.998315 -0.0530735 0.0234662 -183.664 0.0534336 0.998459 -0.0149942 -11.6889 -0.0226342 0.0162229 0.999612 -2.65628
0.998273 -0.0544074 0.022149 -186.367 0.0547124 0.998412 -0.0134016 -11.955 -0.0213847 0.0145903 0.999665 -2.6169
0.998262 -0.0539905 0.0236314 -189.089 0.0543968 0.998376 -0.0169043 -12.246 -0.0226803 0.0181604 0.999578 -2.62801
0.998132 -0.0533389 0.0297972 -191.8 0.053952 0.99834 -0.0201631 -12.5309 -0.0286723 0.0217331 0.999353 -2.58364
0.998239 -0.0529535 0.0267282 -194.527 0.0535591 0.998312 -0.0224732 -12.8174 -0.025493 0.0238652 0.99939 -2.54062
0.998277 -0.0522763 0.0266704 -197.272 0.0528692 0.998358 -0.0220358 -13.0936 -0.0254746 0.0234079 0.999401 -2.51565
0.998192 -0.0506683 0.032322 -199.961 0.0515142 0.998336 -0.025898 -13.3607 -0.030956 0.0275163 0.999142 -2.48028
0.998287 -0.0494775 0.03124 -202.682 0.0503645 0.99833 -0.0282755 -13.653 -0.0297888 0.0298004 0.999112 -2.436
0.998228 -0.0494773 0.0330721 -205.405 0.0504225 0.998324 -0.0283852 -13.9246 -0.0316123 0.0300025 0.99905 -2.35039
0.998157 -0.0509403 0.0329762 -208.142 0.0518915 0.998241 -0.0286609 -14.199 -0.0314582 0.0303193 0.999045 -2.25416
0.998153 -0.0510628 0.0329114 -210.865 0.0519444 0.998298 -0.0265133 -14.4961 -0.0315015 0.0281739 0.999106 -2.23276
0.998073 -0.0523413 0.0333261 -213.562 0.0532085 0.998253 -0.0256894 -14.7734 -0.0319232 0.0274131 0.999114 -2.16026
0.997837 -0.0547306 0.0364234 -216.283 0.0556568 0.998139 -0.0249206 -15.0452 -0.0349917 0.0268939 0.999026 -2.09326
0.99757 -0.0572497 0.0397074 -218.976 0.0582224 0.99802 -0.0237895 -15.3186 -0.0382668 0.0260435 0.998928 -2.03166
0.99737 -0.0602761 0.0402456 -221.701 0.0612362 0.997857 -0.0230634 -15.6167 -0.0387692 0.0254673 0.998924 -1.97693
0.997429 -0.0617383 0.0363742 -224.42 0.062791 0.997618 -0.0285475 -15.9175 -0.0345251 0.0307581 0.99893 -1.93315
0.997181 -0.062715 0.041195 -227.114 0.0639115 0.997551 -0.0283992 -16.2152 -0.0393131 0.030952 0.998747 -1.89984
0.997212 -0.0628309 0.0402545 -229.823 0.0639353 0.997595 -0.0267623 -16.5135 -0.0384761 0.0292614 0.998831 -1.85515
0.997263 -0.0630234 0.0386535 -232.532 0.0640794 0.997587 -0.0267177 -16.8157 -0.0368763 0.0291215 0.998895 -1.76994
0.997346 -0.0629299 0.0366042 -235.25 0.0639146 0.997606 -0.0263841 -17.1097 -0.0348562 0.0286537 0.998981 -1.71287
0.99737 -0.0629853 0.0358615 -237.946 0.0640454 0.997519 -0.029224 -17.4277 -0.0339318 0.0314439 0.998929 -1.64946
0.997461 -0.0623711 0.0343572 -240.663 0.0633645 0.99758 -0.0286282 -17.7308 -0.0324885 0.0307326 0.998999 -1.59181
0.997586 -0.0612332 0.0327572 -243.365 0.0621462 0.997685 -0.027619 -18.0627 -0.0309901 0.0295881 0.999082 -1.53696
0.997561 -0.0613573 0.033266 -246.092 0.0622425 0.997715 -0.0262612 -18.3561 -0.0315787 0.0282677 0.999101 -1.49351
0.997446 -0.0613694 0.0365387 -248.803 0.0623811 0.997681 -0.0272253 -18.6647 -0.0347831 0.0294351 0.998961 -1.45171
0.997589 -0.0612755 0.0325717 -251.514 0.062138 0.997725 -0.0261648 -18.942 -0.0308943 0.0281257 0.999127 -1.41621
0.997529 -0.062107 0.0328415 -254.211 0.0627374 0.997858 -0.0185274 -19.2432 -0.0316205 0.020542 0.999289 -1.40311
0.997325 -0.0639262 0.0354352 -256.92 0.0644796 0.997811 -0.0146995 -19.5319 -0.0344179 0.016945 0.999264 -1.38056
0.997367 -0.0647187 0.0327253 -259.636 0.0652195 0.997766 -0.0144734 -19.8381 -0.0317154 0.0165697 0.99936 -1.37508
0.997347 -0.0654491 0.0318771 -262.316 0.0660788 0.997631 -0.0191186 -20.1681 -0.0305503 0.0211743 0.999309 -1.3265
0.997255 -0.0670093 0.0314995 -265.033 0.0675799 0.997562 -0.0174151 -20.4728 -0.0302557 0.0194961 0.999352 -1.30317
0.996952 -0.0685646 0.037224 -267.722 0.0692681 0.997437 -0.0179475 -20.7897 -0.035898 0.0204712 0.999146 -1.24875
0.996919 -0.0692448 0.0368485 -270.433 0.0699598 0.997379 -0.0184782 -21.1204 -0.0354724 0.0209992 0.99915 -1.22423
0.997106 -0.0686416 0.032686 -273.158 0.0692841 0.997417 -0.0189478 -21.4508 -0.031301 0.0211576 0.999286 -1.12974
0.997188 -0.0679502 0.0316122 -275.856 0.0686682 0.997392 -0.0222112 -21.7651 -0.0300205 0.0243195 0.999253 -1.11813
0.997225 -0.0665915 0.0333001 -278.56 0.0673574 0.997477 -0.0224336 -22.0647 -0.0317221 0.0246144 0.999194 -1.09007
0.997349 -0.0655272 0.0316477 -281.272 0.0662276 0.997571 -0.0216145 -22.3784 -0.0301545 0.0236532 0.999265 -1.06908
0.99746 -0.0639733 0.0313254 -283.968 0.0645993 0.997723 -0.0193964 -22.6922 -0.0300132 0.0213707 0.999321 -1.05196
0.997539 -0.0631063 0.0305406 -286.705 0.0636711 0.997811 -0.0178892 -22.9927 -0.0293448 0.0197897 0.999373 -1.02705
0.997345 -0.0626964 0.0370445 -289.4 0.0632366 0.997906 -0.0135947 -23.2828 -0.0361146 0.0159012 0.999221 -0.992126
0.997492 -0.0621354 0.0338972 -292.115 0.062621 0.997947 -0.013457 -23.5891 -0.0329915 0.0155459 0.999335 -0.925774
0.997568 -0.0626849 0.0304703 -294.836 0.0632226 0.997854 -0.0170155 -23.8963 -0.0293383 0.0189006 0.999391 -0.8659
0.997512 -0.0627376 0.0321552 -297.545 0.0633419 0.997827 -0.0181342 -24.1994 -0.0309477 0.0201259 0.999318 -0.8323
0.99739 -0.0630256 0.0352389 -300.262 0.063705 0.997797 -0.0185018 -24.5069 -0.0339952 0.0206984 0.999208 -0.803823
0.997452 -0.0625121 0.0343771 -302.976 0.0631257 0.99786 -0.0170627 -24.8067 -0.0332369 0.0191893 0.999263 -0.750002
0.997528 -0.0615063 0.0339746 -305.68 0.0620892 0.997936 -0.0163763 -25.1083 -0.0328972 0.0184453 0.999288 -0.695958
0.99759 -0.0611024 0.0328715 -308.404 0.0617172 0.997931 -0.0180256 -25.3922 -0.0317021 0.0200109 0.999297 -0.651042
0.99763 -0.059941 0.0337732 -311.113 0.0606334 0.997963 -0.0198656 -25.6891 -0.0325136 0.0218663 0.999232 -0.608196
0.997619 -0.0588275 0.0359991 -313.838 0.0594975 0.998069 -0.0178311 -25.9878 -0.0348807 0.0199305 0.999193 -0.551058
0.997836 -0.0577114 0.0314933 -316.569 0.0582774 0.99815 -0.0173568 -26.2844 -0.0304334 0.0191546 0.999353 -0.503134
0.99783 -0.0567454 0.0333803 -319.286 0.0572889 0.998237 -0.0155568 -26.5723 -0.0324386 0.0174354 0.999322 -0.469415
0.997768 -0.0558061 0.0366783 -322.005 0.0565507 0.998208 -0.0195859 -26.8481 -0.0355196 0.0216164 0.999135 -0.423697
0.997831 -0.0552385 0.0358075 -324.716 0.055989 0.998225 -0.0203065 -27.1407 -0.0346222 0.0222673 0.999152 -0.375666
0.997942 -0.0546646 0.0335239 -327.431 0.0552946 0.998305 -0.0181618 -27.4235 -0.0324742 0.0199782 0.999273 -0.335887
0.997803 -0.0542157 0.0380727 -330.147 0.0550132 0.998281 -0.020219 -27.7016 -0.0369111 0.0222691 0.99907 -0.262757
0.994952 -0.0908783 0.0425691 -332.574 0.0916885 0.995634 -0.0174787 -28.1925 -0.0407948 0.0212936 0.998941 -0.219778
