1 0 0 0 0 1 0 0 0 0 1 0
0.995762 0.0798435 -0.0456448 0.453613 -0.0801903 0.996763 -0.00581631 0.457285 0.0450327 0.00945193 0.998941 -0.152557
0.98765 0.139719 -0.0709012 1.07274 -0.139029 0.990181 0.0146048 0.89988 0.0722455 -0.0045671 0.997376 -0.202641
0.968023 0.24113 -0.0691905 1.35439 -0.240852 0.970482 0.0124593 1.07822 0.0701525 0.00460381 0.997526 -0.125621
0.939142 0.336393 -0.0696563 1.51545 -0.336255 0.941666 0.0140408 0.600476 0.0703162 0.010236 0.997472 -0.146557
0.906169 0.422146 -0.0254977 1.75846 -0.422182 0.906501 0.004203 0.574077 0.024888 0.00695606 0.999666 -0.380356
0.862208 0.502933 -0.0604646 2.06723 -0.503627 0.863911 0.00426405 0.749804 0.0543805 0.0267751 0.998161 -0.0677818
0.800415 0.578932 -0.15548 2.51915 -0.58156 0.812844 0.0327491 1.08863 0.14534 0.0642077 0.987296 0.178819
0.733402 0.640331 -0.228251 2.96436 -0.645825 0.761117 0.060094 1.58013 0.212205 0.103337 0.971746 0.355327
0.731633 0.644841 -0.221116 3.30077 -0.647577 0.75877 0.0700871 1.32739 0.212971 0.0919115 0.972726 0.605351
0.729762 0.648745 -0.215818 3.67277 -0.648481 0.756787 0.0821298 1.03099 0.21661 0.0800189 0.972973 0.870077
0.680854 0.706032 -0.194826 3.60515 -0.709174 0.701978 0.0655743 1.3087 0.183061 0.0935189 0.978643 0.904759
0.627021 0.754404 -0.194214 3.67431 -0.75956 0.647419 0.0625878 1.72328 0.172954 0.108273 0.978961 0.916045
0.57785 0.793187 -0.192208 3.52047 -0.799722 0.597301 0.0606266 2.31226 0.162894 0.11868 0.97948 0.846541
0.524823 0.829028 -0.193064 3.59144 -0.837136 0.543769 0.0593128 2.93114 0.154154 0.130492 0.979392 0.856014
0.461356 0.866478 -0.1907 4.35419 -0.876504 0.478431 0.0533333 3.35145 0.137449 0.142543 0.980199 1.03573
0.395045 0.89897 -0.189189 5.33449 -0.910574 0.41044 0.0489265 3.73158 0.121634 0.152942 0.980721 1.27421
0.323399 0.927125 -0.189347 6.52278 -0.940271 0.337334 0.0457815 4.08189 0.106318 0.163232 0.980842 1.55106
0.252214 0.949161 -0.188367 7.88902 -0.963646 0.264097 0.040481 4.23961 0.0881701 0.171309 0.981264 1.89256
0.174116 0.966215 -0.190032 9.40953 -0.981956 0.184826 0.040029 4.27726 0.0737995 0.179634 0.980961 2.25542
0.0964518 0.976769 -0.191364 11.1166 -0.993706 0.1055 0.0376483 4.12382 0.0569626 0.186529 0.980797 2.65872
0.0360447 0.985474 -0.165961 12.6447 -0.999124 0.039066 0.0149757 4.29534 0.0212417 0.165276 0.986019 2.90822
-0.0278316 0.9854 -0.167965 14.5051 -0.999573 -0.0259361 0.0134692 4.30111 0.0089162 0.168268 0.985701 3.07973
-0.0877524 0.980225 -0.177368 16.6035 -0.996009 -0.0892568 -0.000504734 4.06935 -0.016326 0.176616 0.984144 3.29139
-0.131937 0.974876 -0.179473 18.7158 -0.99086 -0.134838 -0.00400435 3.48236 -0.0281034 0.177304 0.983755 3.55017
-0.216405 0.96212 -0.165816 21.203 -0.974933 -0.221957 -0.0154907 2.41301 -0.0517078 0.158307 0.986035 3.92151
-0.258004 0.949875 -0.176554 24.139 -0.964282 -0.264511 -0.0139571 0.974181 -0.0599581 0.166647 0.984192 4.46616
-0.299909 0.936413 -0.18217 27.1217 -0.950286 -0.310015 -0.0291084 -0.477397 -0.083733 0.164384 0.982836 5.01282
-0.323709 0.925695 -0.195709 30.2383 -0.933801 -0.345891 -0.0915127 -1.9452 -0.152407 0.15313 0.976383 5.44119
-0.333023 0.920368 -0.204983 33.2823 -0.929721 -0.356753 -0.0913513 -3.60409 -0.157205 0.160155 0.974493 5.88881
-0.340776 0.91766 -0.204381 36.2271 -0.924716 -0.36639 -0.103244 -5.16112 -0.169626 0.153811 0.973432 6.43565
-0.350678 0.917468 -0.187824 39.0307 -0.924056 -0.371571 -0.0897572 -6.72441 -0.152139 0.142084 0.978093 6.82919
-0.333301 0.924314 -0.185889 41.9418 -0.929107 -0.355511 -0.101843 -8.10471 -0.16022 0.138766 0.977278 7.1307
-0.352384 0.914507 -0.198752 44.7989 -0.921248 -0.376348 -0.0983107 -9.57824 -0.164706 0.148457 0.975106 7.58892
-0.379269 0.903117 -0.201336 47.5173 -0.908633 -0.404616 -0.103306 -11.1665 -0.174761 0.14376 0.974059 8.16499
-0.391087 0.895583 -0.21209 50.4383 -0.90404 -0.417011 -0.0938744 -12.6632 -0.172516 0.155025 0.972731 8.80355
-0.407448 0.887138 -0.21673 53.3681 -0.899771 -0.430567 -0.0708817 -14.1688 -0.156199 0.166127 0.973655 9.47234
-0.42771 0.876796 -0.219757 56.794 -0.888184 -0.452817 -0.0780076 -15.9205 -0.167907 0.16182 0.972431 10.2853
-0.467503 0.850852 -0.239776 60.1729 -0.860295 -0.500297 -0.0979578 -17.8301 -0.203307 0.160482 0.965874 11.0991
-0.507917 0.824569 -0.249211 63.4898 -0.838181 -0.539815 -0.0777961 -19.8196 -0.198676 0.16937 0.965319 11.9367
-0.538073 0.803235 -0.255524 67.0322 -0.818013 -0.570733 -0.0715444 -21.5186 -0.203303 0.170526 0.964152 12.7434
-0.566447 0.780572 -0.264285 70.5337 -0.795735 -0.601474 -0.0709529 -23.5504 -0.214344 0.17011 0.961831 13.4613
-0.605338 0.748708 -0.27019 73.8473 -0.764091 -0.641695 -0.0662815 -25.8111 -0.223005 0.166327 0.960523 14.2319
-0.646795 0.717993 -0.257183 77.1227 -0.731248 -0.679616 -0.0582942 -28.2199 -0.21664 0.15036 0.964603 14.9578
-0.654681 0.710246 -0.258735 80.0747 -0.722676 -0.688465 -0.0612868 -30.5689 -0.221659 0.146858 0.964002 15.6799
-0.665308 0.702513 -0.252669 82.9324 -0.702719 -0.703557 -0.105801 -33.2175 -0.252093 0.107165 0.961751 16.2364
-0.670979 0.68877 -0.274561 85.4318 -0.678712 -0.719622 -0.146605 -35.6572 -0.298558 0.0879789 0.950328 16.6352
-0.679323 0.67894 -0.278498 88.0003 -0.662225 -0.730688 -0.165989 -38.0818 -0.316192 0.0716686 0.945984 16.8382
-0.653546 0.6996 -0.288858 90.326 -0.683955 -0.709324 -0.170487 -40.3285 -0.324167 0.0861448 0.94207 17.2534
-0.630126 0.723341 -0.282347 92.7157 -0.708642 -0.684352 -0.171723 -42.588 -0.317438 0.0918762 0.943818 17.6381
-0.565123 0.775569 -0.2813 95.3829 -0.764514 -0.620461 -0.174776 -44.8822 -0.310087 0.116288 0.943569 18.0529
-0.482926 0.828955 -0.282166 97.8683 -0.825228 -0.538614 -0.16998 -46.987 -0.292884 0.150764 0.944187 18.5363
-0.404308 0.859604 -0.312437 100.702 -0.872415 -0.465026 -0.150475 -48.9122 -0.27464 0.211736 0.937945 19.296
-0.311671 0.892611 -0.325741 103.874 -0.919995 -0.369216 -0.131487 -50.5556 -0.237635 0.258699 0.936271 20.2871
-0.220803 0.914678 -0.338543 106.837 -0.955006 -0.273234 -0.115354 -51.7279 -0.198013 0.29784 0.933853 21.3501
-0.118077 0.936317 -0.330709 109.927 -0.979861 -0.16387 -0.114104 -52.644 -0.16103 0.310576 0.936809 22.464
-0.0370528 0.933082 -0.357751 113.141 -0.992768 -0.0752769 -0.093513 -52.9954 -0.114185 0.351699 0.929123 23.9754
0.0631468 0.934673 -0.349857 116.09 -0.995974 0.0366708 -0.0817962 -52.9356 -0.063623 0.353614 0.933225 25.3472
0.163516 0.937027 -0.308615 118.736 -0.985833 0.143349 -0.0870923 -52.3938 -0.0373682 0.318484 0.947192 26.5849
0.246036 0.921794 -0.299605 121.02 -0.969248 0.232407 -0.080899 -51.6957 -0.00494171 0.310295 0.950627 27.6771
0.346302 0.90364 -0.252013 123.205 -0.938051 0.33689 -0.0810304 -50.5496 0.0116787 0.264462 0.964325 28.6113
0.424103 0.870234 -0.250661 124.999 -0.904945 0.417875 -0.0803483 -49.094 0.0348232 0.26091 0.964735 29.1976
0.476616 0.841253 -0.255208 126.392 -0.877367 0.473467 -0.0778225 -47.3651 0.0553642 0.261002 0.963749 29.6038
0.549934 0.804198 -0.225475 127.709 -0.832931 0.547994 -0.0769965 -45.6415 0.0616386 0.230148 0.971202 29.8115
0.634869 0.748237 -0.19257 128.793 -0.77034 0.632153 -0.0834207 -44.0651 0.0593155 0.201306 0.977731 29.9535
0.719898 0.668033 -0.188361 129.581 -0.689453 0.719548 -0.0830994 -42.6015 0.080022 0.189689 0.978578 30.0001
0.782604 0.588379 -0.203329 130.021 -0.613846 0.783712 -0.0948101 -41.0633 0.103567 0.199011 0.974509 29.9546
0.850281 0.497436 -0.171991 130.208 -0.518115 0.848569 -0.107179 -39.7727 0.0926318 0.180243 0.979251 29.9315
0.911021 0.370112 -0.181818 130.212 -0.393339 0.912336 -0.113702 -39.0022 0.123797 0.1751 0.976737 29.8769
0.948987 0.2567 -0.18311 129.95 -0.285369 0.946213 -0.152467 -38.2239 0.134123 0.196943 0.971198 29.729
0.972184 0.159958 -0.17109 129.492 -0.183366 0.974269 -0.131062 -37.5493 0.145723 0.158788 0.976499 29.6594
0.974669 -0.0650488 -0.213988 128.04 0.0183989 0.976848 -0.213141 -36.7548 0.222898 0.203804 0.9533 29.4989
0.930331 -0.262437 -0.256146 126.487 0.189099 0.941762 -0.278074 -36.8869 0.314206 0.210263 0.925778 29.0728
0.862598 -0.429331 -0.267583 126.182 0.360553 0.892768 -0.270123 -37.2507 0.354861 0.136529 0.924896 28.8807
0.864913 -0.426034 -0.265371 124.545 0.357981 0.894197 -0.268814 -38.0498 0.351818 0.137502 0.925914 28.1253
0.865975 -0.425514 -0.262729 122.887 0.358145 0.894366 -0.268032 -38.83 0.349028 0.138014 0.926894 27.4136
0.863528 -0.428165 -0.26645 121.277 0.359863 0.893317 -0.269228 -39.6071 0.353298 0.136601 0.925484 26.6944
0.860524 -0.433715 -0.267191 119.634 0.365527 0.89104 -0.269142 -40.3964 0.354809 0.133937 0.925295 25.9642
0.857824 -0.440967 -0.263982 118.028 0.374746 0.888181 -0.265896 -41.1602 0.351715 0.129165 0.927153 25.2317
0.852772 -0.450993 -0.263413 116.44 0.384838 0.883559 -0.266879 -42.0019 0.353101 0.126215 0.927033 24.5332
0.844508 -0.462984 -0.269172 114.865 0.395285 0.877986 -0.269983 -42.8355 0.361327 0.121603 0.924476 23.7962
0.837975 -0.47752 -0.264147 113.278 0.411887 0.870975 -0.267865 -43.7256 0.357976 0.115665 0.926539 23.1044
0.829526 -0.493712 -0.261028 111.717 0.431055 0.863203 -0.262815 -44.5931 0.355076 0.105494 0.928866 22.3273
0.81893 -0.511195 -0.260834 110.161 0.448699 0.853693 -0.264345 -45.5792 0.357804 0.0994437 0.928487 21.5836
0.806885 -0.529062 -0.262739 108.575 0.465902 0.843421 -0.267536 -46.5776 0.363143 0.0934595 0.927034 20.8199
0.796332 -0.544001 -0.264423 106.991 0.481659 0.834758 -0.266802 -47.6087 0.36587 0.0851011 0.926767 20.0091
0.789008 -0.557443 -0.258312 105.404 0.497145 0.826312 -0.26468 -48.7456 0.36099 0.0804161 0.929096 19.2273
0.78268 -0.568739 -0.252879 103.811 0.508132 0.818485 -0.26811 -49.9042 0.359463 0.081348 0.929607 18.4545
0.776283 -0.577669 -0.252355 102.213 0.514661 0.811943 -0.27545 -51.1168 0.364017 0.0839496 0.927602 17.5916
0.773376 -0.582491 -0.250188 100.582 0.521078 0.808858 -0.272446 -52.3528 0.361064 0.0803359 0.929074 16.7322
0.769795 -0.586453 -0.251972 98.9361 0.525507 0.806368 -0.271317 -53.6099 0.362297 0.0764452 0.928923 15.9046
0.766323 -0.589253 -0.25599 97.2369 0.528377 0.804723 -0.270628 -54.8992 0.365469 0.0721289 0.928025 15.0412
0.763488 -0.593002 -0.255805 95.5625 0.533762 0.802384 -0.266978 -56.182 0.363572 0.0672945 0.929132 14.1355
0.760122 -0.597328 -0.255762 93.8986 0.538519 0.799375 -0.266453 -57.4982 0.36361 0.0648041 0.929295 13.2683
0.756819 -0.601626 -0.255485 92.2322 0.543251 0.79633 -0.265963 -58.8207 0.36346 0.0624933 0.929511 12.4233
0.753994 -0.605265 -0.25524 90.595 0.547377 0.793738 -0.26525 -60.1622 0.363141 0.0602842 0.929782 11.5526
0.751727 -0.608256 -0.254818 88.9298 0.550893 0.791593 -0.264381 -61.5068 0.362523 0.0583643 0.930146 10.6585
0.750863 -0.609827 -0.253608 87.2671 0.553388 0.790504 -0.262422 -62.8404 0.360509 0.0566991 0.931031 9.76183
0.750479 -0.610469 -0.253197 85.6342 0.554998 0.790152 -0.260071 -64.2159 0.35883 0.0546537 0.931802 8.89246
0.75056 -0.610614 -0.252608 83.9861 0.555267 0.790032 -0.259861 -65.556 0.358243 0.0547762 0.93202 8.06422
0.750126 -0.61108 -0.25277 82.3241 0.555919 0.78972 -0.259416 -66.9183 0.358141 0.0540746 0.9321 7.19803
0.749361 -0.612011 -0.252788 80.6873 0.557185 0.789073 -0.258666 -68.2787 0.357775 0.0529839 0.932304 6.32901
0.7472 -0.613922 -0.254544 79.0327 0.558622 0.787652 -0.259894 -69.6348 0.360047 0.0519984 0.931484 5.47673
0.744521 -0.616892 -0.255211 77.4219 0.56202 0.785491 -0.259107 -70.9999 0.360307 0.0494767 0.931521 4.5863
0.74075 -0.62181 -0.254251 75.8064 0.567036 0.781684 -0.259691 -72.3764 0.360222 0.0481956 0.931621 3.73768
0.737172 -0.627257 -0.251252 74.2034 0.573654 0.777457 -0.25784 -73.7743 0.35707 0.0459403 0.932948 2.91549
0.731521 -0.632932 -0.253526 72.6435 0.577446 0.772831 -0.263227 -75.1507 0.362537 0.0461581 0.930826 2.05783
0.72664 -0.63749 -0.256128 71.0859 0.582113 0.769301 -0.263287 -76.5256 0.364882 0.0422192 0.930096 1.217
0.722094 -0.641849 -0.258092 69.5408 0.584659 0.765634 -0.268285 -77.8932 0.369802 0.0428313 0.928123 0.381008
0.721194 -0.643216 -0.257202 68.0557 0.588061 0.764704 -0.263463 -79.2104 0.366147 0.0387573 0.92975 -0.468413
0.72186 -0.64282 -0.256321 66.6545 0.588679 0.765101 -0.260916 -80.5496 0.363834 0.0374537 0.930711 -1.26294
0.720929 -0.643091 -0.258256 65.1999 0.588672 0.764921 -0.261457 -81.84 0.365686 0.0364636 0.930024 -2.032
0.721403 -0.643403 -0.256147 63.8182 0.589341 0.764624 -0.260821 -83.1052 0.363669 0.0371984 0.930785 -2.73412
0.721114 -0.643434 -0.256881 62.4614 0.589657 0.764654 -0.260016 -84.3004 0.363728 0.0360296 0.930808 -3.46081
0.721346 -0.643101 -0.257062 61.1772 0.588684 0.76487 -0.261582 -85.4871 0.364843 0.0373624 0.930319 -4.14266
0.721762 -0.642154 -0.25826 59.9095 0.588025 0.765721 -0.260573 -86.6427 0.365083 0.0362078 0.93027 -4.85566
0.722022 -0.641697 -0.258672 58.6798 0.587186 0.766072 -0.261429 -87.7613 0.365919 0.0368682 0.929916 -5.5138
0.722056 -0.641609 -0.258792 57.4781 0.586721 0.76611 -0.262361 -88.8199 0.366596 0.0376005 0.92962 -6.14672
0.723351 -0.640928 -0.256857 56.3523 0.586402 0.766632 -0.261547 -89.8331 0.364548 0.0385685 0.930386 -6.7395
0.724777 -0.639675 -0.255959 55.2707 0.585324 0.767638 -0.261011 -90.8132 0.363446 0.0393555 0.930783 -7.32165
0.725229 -0.638306 -0.258089 54.2113 0.583109 0.768741 -0.262717 -91.7533 0.366097 0.0400356 0.929715 -7.91351
0.726596 -0.636641 -0.258355 53.2332 0.581455 0.7701 -0.262403 -92.6378 0.366016 0.0404386 0.92973 -8.46387
0.72967 -0.633259 -0.258003 52.2884 0.577845 0.772774 -0.262516 -93.4584 0.365618 0.0424639 0.929796 -8.99263
0.736047 -0.626665 -0.255982 51.4088 0.571535 0.777938 -0.261074 -94.232 0.362744 0.0458597 0.93076 -9.45831
0.748157 -0.614083 -0.251326 50.5373 0.559506 0.787474 -0.25853 -94.9509 0.356671 0.0528023 0.932737 -9.87217
0.755471 -0.605326 -0.25069 50.1193 0.550278 0.7939 -0.258681 -95.2975 0.35561 0.0574766 0.932866 -10.0946
