1 0 0 0 0 1 0 0 0 0 1 0
0.997739 0.0668623 0.0067468 -0.619698 -0.0668599 0.997762 -0.00057806 -0.551567 -0.00677036 0.000125663 0.999977 -0.00855618
0.990532 0.136986 0.00900845 -1.27322 -0.136991 0.990572 -4.27056e-07 -1.77352 -0.00892358 -0.00123366 0.999959 0.0197565
0.980381 0.196892 0.00926995 -2.24022 -0.196929 0.980412 0.00328242 -2.7777 -0.00844209 -0.00504355 0.999952 0.0423534
0.966287 0.257203 0.0116643 -3.17155 -0.257222 0.966352 0.000141642 -3.4464 -0.0112354 -0.00313719 0.999932 0.10964
0.95011 0.311902 -0.00269298 -4.09895 -0.31185 0.950057 0.0118694 -3.93818 0.00626055 -0.0104374 0.999926 0.113105
0.929882 0.367651 -0.0123764 -5.09978 -0.367364 0.92985 0.0205616 -4.16774 0.0190677 -0.0145732 0.999712 0.0598249
0.909331 0.41602 -0.00662225 -6.10234 -0.41585 0.90925 0.0182363 -4.29224 0.0136079 -0.013829 0.999812 0.00736103
0.886458 0.462748 -0.0075357 -7.07443 -0.462545 0.886384 0.0194034 -4.26563 0.0156584 -0.0137147 0.999783 -0.00314987
0.861084 0.508392 -0.00842217 -8.03121 -0.508169 0.861032 0.0196851 -4.04303 0.0172595 -0.0126706 0.999771 0.0325957
0.831026 0.556202 -0.00590654 -8.98329 -0.556059 0.830985 0.0161774 -3.6746 0.0139062 -0.0101595 0.999852 0.0342442
0.801087 0.598472 0.00952471 -9.95965 -0.598533 0.801078 0.00568821 -3.04587 -0.0042258 -0.0102576 0.999938 0.0203165
0.777032 0.628788 0.0290976 -11.2109 -0.628881 0.777471 -0.00699018 -2.07025 -0.0270179 -0.0128673 0.999552 0.0938265
0.776896 0.628899 0.0302994 -13.353 -0.629041 0.777351 -0.005806 -0.489176 -0.0272046 -0.0145489 0.999524 0.104465
0.77676 0.628979 0.0320802 -15.4993 -0.629148 0.777264 -0.00581068 1.09099 -0.0285896 -0.0156697 0.999468 0.133163
0.77627 0.629483 0.0339982 -17.6513 -0.6297 0.776821 -0.00524059 2.66075 -0.0297093 -0.0173405 0.999408 0.159719
0.776207 0.629551 0.0341702 -19.8265 -0.629806 0.776742 -0.00404955 4.2461 -0.0290908 -0.0183773 0.999408 0.1888
0.776145 0.62958 0.0350614 -22.003 -0.629835 0.776715 -0.00459855 5.84298 -0.0301279 -0.0185138 0.999375 0.21625
0.776372 0.629276 0.0354838 -24.1905 -0.629526 0.776964 -0.00504426 7.44626 -0.0307438 -0.0184217 0.999357 0.245292
0.77673 0.628842 0.035341 -26.3622 -0.629041 0.777345 -0.0065826 9.0429 -0.0316115 -0.017118 0.999354 0.311381
0.777116 0.628294 0.0365679 -28.5583 -0.628512 0.777772 -0.00663054 10.6505 -0.0326074 -0.0178307 0.999309 0.365867
0.777355 0.628062 0.0354597 -30.7539 -0.628314 0.777944 -0.00491414 12.2417 -0.030672 -0.0184598 0.999359 0.397565
0.777362 0.627964 0.0370207 -32.9566 -0.628211 0.77802 -0.0059667 13.8541 -0.0325497 -0.0186185 0.999297 0.444105
0.777442 0.627825 0.037683 -35.1742 -0.628092 0.778118 -0.00576776 15.4609 -0.032943 -0.0191843 0.999273 0.504767
0.7775 0.627654 0.0392919 -37.367 -0.627958 0.778227 -0.00561063 17.0551 -0.0340996 -0.0203114 0.999212 0.562204
0.777263 0.62796 0.0391139 -39.5534 -0.628243 0.777993 -0.00610381 18.6684 -0.0342633 -0.0198288 0.999216 0.655914
0.77682 0.62854 0.0385692 -41.7454 -0.628791 0.777545 -0.00677507 20.2652 -0.0342477 -0.018989 0.999233 0.731529
0.776058 0.629427 0.0394567 -43.9444 -0.629656 0.776834 -0.00787033 21.8904 -0.0356051 -0.0187363 0.99919 0.797078
0.775261 0.630316 0.0408866 -46.1186 -0.630605 0.776072 -0.00701426 23.4872 -0.0361521 -0.0203454 0.999139 0.850903
0.77439 0.631387 0.0408801 -48.3091 -0.631691 0.775192 -0.00663825 25.1041 -0.0358813 -0.020683 0.999142 0.932138
0.774466 0.631103 0.0437278 -50.4999 -0.631347 0.775439 -0.00973308 26.7148 -0.0400508 -0.0200695 0.998996 0.997286
0.776583 0.628556 0.0428422 -52.7166 -0.628828 0.777498 -0.00849378 28.3267 -0.0386485 -0.0203442 0.999046 1.05261
0.780982 0.623448 0.037153 -54.9087 -0.623863 0.781534 -0.000532301 29.9202 -0.0293682 -0.0227627 0.999309 1.14649
0.78654 0.616509 0.0356652 -57.0023 -0.616869 0.787065 -0.00112755 31.463 -0.028766 -0.0211139 0.999363 1.20309
0.795007 0.605862 0.0299156 -59.0583 -0.606229 0.795279 0.00426463 32.8891 -0.0212074 -0.0215261 0.999543 1.25098
0.804662 0.59278 0.0336331 -61.0583 -0.593151 0.80509 0.00134021 34.2086 -0.0262832 -0.0210279 0.999433 1.32515
0.816368 0.576094 0.0407317 -62.9708 -0.576485 0.817103 -0.00255097 35.4051 -0.0347516 -0.0213987 0.999167 1.41244
0.828772 0.558373 0.0368216 -64.8504 -0.558708 0.829363 -0.00141072 36.5804 -0.0313261 -0.0194034 0.999321 1.4628
0.841856 0.538556 0.0351684 -66.7099 -0.538977 0.842315 0.0030286 37.6536 -0.0279918 -0.0215046 0.999377 1.52626
0.853812 0.519251 0.0372001 -68.5729 -0.519654 0.854375 0.00138748 38.6855 -0.0310624 -0.0205158 0.999307 1.55626
0.863515 0.502566 0.0420594 -70.4385 -0.502848 0.864364 -0.00435875 39.6594 -0.0385452 -0.0173856 0.999106 1.61205
0.870689 0.490655 0.034022 -72.2894 -0.490616 0.871318 -0.0100729 40.5714 -0.0345863 -0.0079213 0.99937 1.66094
0.875496 0.481899 0.035794 -74.1683 -0.481854 0.876189 -0.0104264 41.4556 -0.0363867 -0.00811922 0.999305 1.732
0.878327 0.476458 0.0391034 -76.0234 -0.476357 0.879164 -0.0124538 42.364 -0.040312 -0.00768864 0.999158 1.82338
0.880794 0.472016 0.0374675 -77.8822 -0.471964 0.881552 -0.0107604 43.2608 -0.0381086 -0.00820558 0.99924 1.88627
0.882997 0.467719 0.0394258 -79.7345 -0.46768 0.883832 -0.010781 44.1384 -0.0398882 -0.00891902 0.999164 1.93307
0.88471 0.464193 0.0425895 -81.5524 -0.464152 0.885682 -0.0114391 44.9659 -0.0430307 -0.00964768 0.999027 1.95199
0.886277 0.461057 0.0440439 -83.4408 -0.460986 0.887321 -0.0123659 45.8379 -0.0447825 -0.00934402 0.998953 2.0495
0.888337 0.457356 0.0410256 -85.3097 -0.457362 0.889227 -0.00978808 46.6892 -0.0409577 -0.0100684 0.99911 2.11125
0.890087 0.454321 0.036567 -87.1537 -0.45434 0.89079 -0.00826979 47.5288 -0.0363306 -0.009253 0.999297 2.19021
0.891086 0.452554 0.0340646 -88.8935 -0.452645 0.891674 -0.00542523 48.3045 -0.0328297 -0.0105848 0.999405 2.21166
0.891348 0.451739 0.0378257 -90.5004 -0.451887 0.892061 -0.00502979 49.0167 -0.036015 -0.0126096 0.999272 2.2489
0.891852 0.449425 0.0511479 -92.0888 -0.44949 0.893219 -0.010882 49.7351 -0.0505769 -0.0132854 0.998632 2.30006
0.893636 0.445475 0.0544641 -93.6625 -0.445537 0.895187 -0.0116579 50.4225 -0.0539488 -0.0138479 0.998448 2.36007
0.895775 0.441163 0.0544341 -95.3161 -0.441136 0.897344 -0.0131606 51.1211 -0.0546521 -0.0122239 0.998431 2.43704
0.897792 0.436854 0.0559401 -97.0375 -0.436807 0.899451 -0.0137088 51.8788 -0.0563041 -0.0121274 0.99834 2.5126
0.899941 0.43243 0.0557715 -98.7944 -0.432379 0.901589 -0.013591 52.6121 -0.0561601 -0.0118833 0.998351 2.57835
0.902367 0.427559 0.0541075 -100.62 -0.427519 0.903914 -0.0128976 53.3763 -0.054423 -0.0114935 0.998452 2.65288
0.903877 0.424747 0.0509555 -102.48 -0.424591 0.905271 -0.0143946 54.1622 -0.0522426 -0.00862426 0.998597 2.66739
0.904447 0.423483 0.0513628 -104.37 -0.423342 0.90586 -0.0141211 54.9148 -0.0525075 -0.0089723 0.99858 2.75535
0.905472 0.421293 0.051314 -106.27 -0.421127 0.906885 -0.0145181 55.6842 -0.0526523 -0.00846398 0.998577 2.87936
0.906411 0.419188 0.0519681 -108.164 -0.418623 0.907897 -0.0218519 56.4267 -0.0563418 -0.00194822 0.99841 3.01305
0.907062 0.418069 0.0495633 -110.069 -0.417466 0.908415 -0.022433 57.1923 -0.0544026 -0.000342923 0.998519 3.07662
0.907795 0.416507 0.0493023 -111.989 -0.415965 0.909132 -0.0212612 57.9617 -0.0536777 -0.0012072 0.998558 3.16908
0.908463 0.415148 0.0484444 -113.856 -0.414654 0.909752 -0.0203027 58.7326 -0.052501 -0.00164343 0.99862 3.27752
0.909351 0.41311 0.0492096 -115.749 -0.412743 0.910672 -0.017871 59.4588 -0.0521965 -0.00405987 0.998629 3.37159
0.910289 0.410564 0.0530241 -117.608 -0.410267 0.911809 -0.0168671 60.1963 -0.0552729 -0.00640013 0.998451 3.41327
0.910896 0.408951 0.0550248 -119.431 -0.40857 0.912539 -0.0185175 60.868 -0.057785 -0.00561397 0.998313 3.54587
0.911314 0.408022 0.0550071 -121.244 -0.40763 0.912956 -0.0186678 61.604 -0.057836 -0.00541028 0.998312 3.62724
0.911455 0.407624 0.0556205 -122.989 -0.407261 0.91313 -0.0182154 62.2915 -0.0582138 -0.0060496 0.998286 3.73188
0.911604 0.407196 0.05631 -124.715 -0.406868 0.913316 -0.0176826 62.9551 -0.0586291 -0.00679117 0.998257 3.8292
0.9117 0.407114 0.0553294 -126.388 -0.406823 0.91335 -0.0169397 63.6053 -0.0574315 -0.00706538 0.998325 3.93644
0.91162 0.40729 0.0553575 -128.016 -0.407011 0.91327 -0.0167291 64.2092 -0.0573699 -0.00728051 0.998327 3.99914
0.911085 0.408615 0.0543911 -129.568 -0.408352 0.912678 -0.0163683 64.8239 -0.0563298 -0.00729777 0.998386 4.06283
0.910173 0.410767 0.0534502 -131.072 -0.410454 0.911719 -0.0172012 65.4348 -0.0557972 -0.00628274 0.998423 4.15924
0.908138 0.415127 0.0543696 -132.539 -0.414781 0.909743 -0.0180307 66.0069 -0.0569474 -0.00617712 0.998358 4.2155
0.904866 0.421898 0.0567389 -133.902 -0.42152 0.906619 -0.019049 66.5923 -0.0594773 -0.00667981 0.998208 4.29427
0.900052 0.432203 0.0557473 -135.263 -0.431905 0.901741 -0.0178981 67.1398 -0.0580052 -0.0079683 0.998285 4.34438
0.891411 0.449634 0.0567084 -136.5 -0.44933 0.89317 -0.0187067 67.6992 -0.0590614 -0.00880542 0.998216 4.42634
0.87869 0.474087 0.0560843 -137.713 -0.473787 0.880426 -0.0193777 68.2768 -0.0585648 -0.00954505 0.998238 4.47698
0.86072 0.50585 0.0572404 -138.82 -0.505596 0.862541 -0.0198966 68.8903 -0.0594368 -0.0118151 0.998162 4.5416
0.837668 0.542885 0.0599036 -139.907 -0.542621 0.839689 -0.0220001 69.4838 -0.0622439 -0.0140762 0.997962 4.61496
0.808761 0.585033 0.0603502 -140.905 -0.584987 0.810789 -0.0202706 70.1714 -0.0607902 -0.01891 0.997972 4.63882
0.772493 0.632302 0.0587249 -141.823 -0.632418 0.774395 -0.0189609 70.8825 -0.0574653 -0.0224915 0.998094 4.68298
0.725846 0.685432 0.0577019 -142.67 -0.685733 0.727642 -0.0175381 71.6218 -0.0540075 -0.0268382 0.99818 4.71529
0.669256 0.740243 0.0643234 -143.392 -0.741104 0.671245 -0.0139263 72.4582 -0.0534856 -0.0383501 0.997832 4.72492
0.600798 0.796491 0.068146 -144.047 -0.797469 0.603087 -0.0181305 73.282 -0.0555388 -0.0434516 0.997511 4.81075
0.959585 -0.277676 0.045736 -144.846 0.279127 0.959815 -0.0290353 73.5958 -0.0358357 0.0406279 0.998532 4.79342
0.115077 -0.991656 0.0580963 -145.784 0.986552 0.107259 -0.123333 72.3088 0.116073 0.0715078 0.990663 4.74146
-0.845319 -0.523642 0.105998 -144.412 0.504584 -0.847696 -0.163723 71.1738 0.175587 -0.0849129 0.980795 4.5853
-0.783719 -0.61364 0.0960705 -143.607 0.596323 -0.786646 -0.159959 70.5179 0.173731 -0.068074 0.982438 4.40701
-0.715201 -0.693612 0.0859604 -142.803 0.679255 -0.718771 -0.148255 69.7828 0.164617 -0.047643 0.985206 4.20147
-0.641211 -0.763116 0.0806315 -142.042 0.74876 -0.6452 -0.151909 68.9189 0.167947 -0.037032 0.9851 4.02243
-0.568286 -0.818308 0.0861597 -141.313 0.805819 -0.57466 -0.142904 67.983 0.166452 -0.0117812 0.985979 3.81275
-0.506847 -0.858191 0.0813259 -140.628 0.846801 -0.513328 -0.139365 66.9011 0.161349 -0.00177005 0.986896 3.59078
-0.457044 -0.885303 0.085727 -139.981 0.874947 -0.464833 -0.135637 65.7202 0.159929 0.0130145 0.987043 3.34749
-0.41261 -0.905866 0.0957013 -139.308 0.896742 -0.422402 -0.132024 64.469 0.160021 0.0313447 0.986616 3.10473
-0.371693 -0.923466 0.0951598 -138.709 0.914966 -0.381749 -0.130787 63.1197 0.157104 0.0384555 0.986833 2.81028
-0.339943 -0.9353 0.098247 -138.124 0.926964 -0.350863 -0.132791 61.66 0.158671 0.04593 0.986263 2.52766
-0.316535 -0.942996 0.102785 -137.513 0.934933 -0.328459 -0.13422 60.1692 0.16033 0.0536114 0.985607 2.239
-0.299826 -0.947611 0.110173 -136.897 0.940164 -0.313096 -0.134399 58.5645 0.161853 0.0632849 0.984784 1.94026
-0.287595 -0.951581 0.108552 -136.318 0.944444 -0.3006 -0.132907 56.9112 0.159102 0.0642982 0.985166 1.62026
-0.280184 -0.953701 0.109322 -135.724 0.946202 -0.293579 -0.136065 55.2059 0.16186 0.0653173 0.98465 1.27298
-0.27512 -0.954835 0.112247 -135.161 0.947105 -0.289239 -0.139041 53.4299 0.165228 0.0680564 0.983905 0.922952
-0.272719 -0.956723 0.101514 -134.524 0.948691 -0.28497 -0.137028 51.6675 0.160027 0.058935 0.985352 0.547401
-0.268637 -0.957687 0.10329 -133.896 0.949157 -0.281453 -0.141017 49.8804 0.164121 0.060156 0.984604 0.199724
-0.265026 -0.959574 0.0947614 -133.333 0.949569 -0.276809 -0.147297 48.0743 0.167573 0.0509448 0.984543 -0.158762
-0.264117 -0.960206 0.0908076 -132.761 0.950584 -0.275084 -0.143939 46.2764 0.16319 0.0483036 0.985412 -0.514204
-0.262961 -0.96049 0.0911609 -132.171 0.950659 -0.274068 -0.145378 44.4736 0.164619 0.048434 0.985168 -0.844994
-0.262837 -0.960435 0.0920958 -131.565 0.950862 -0.274036 -0.144101 42.6572 0.163638 0.0496952 0.985268 -1.19826
-0.262564 -0.960328 0.0939722 -130.981 0.950533 -0.274173 -0.145998 40.8831 0.16597 0.0509899 0.984812 -1.54708
-0.263826 -0.95967 0.0971025 -130.383 0.950082 -0.275926 -0.145633 39.1078 0.166553 0.0538335 0.984562 -1.89559
-0.265777 -0.959575 0.0926226 -129.817 0.949893 -0.277063 -0.144702 37.3503 0.164514 0.0495231 0.985131 -2.28106
-0.267338 -0.959233 0.091663 -129.213 0.949812 -0.278353 -0.142744 35.6002 0.16244 0.0489017 0.985506 -2.5905
-0.268871 -0.958921 0.0904413 -128.631 0.948951 -0.279808 -0.145599 33.8391 0.164924 0.0466771 0.985201 -2.95783
-0.271269 -0.958315 0.0896925 -128.036 0.948476 -0.282004 -0.144449 32.0934 0.163722 0.0458866 0.985439 -3.276
-0.274251 -0.957384 0.0905698 -127.462 0.947424 -0.285135 -0.145206 30.3678 0.164842 0.0459852 0.985248 -3.59145
-0.277469 -0.95654 0.0896723 -126.878 0.946782 -0.288096 -0.143542 28.6831 0.163137 0.0450718 0.985573 -3.8928
-0.280885 -0.955485 0.0902851 -126.294 0.945668 -0.29159 -0.143829 27.0404 0.163753 0.0449803 0.985476 -4.17946
-0.284735 -0.954302 0.09074 -125.724 0.944215 -0.295542 -0.145299 25.4293 0.165477 0.0443064 0.985218 -4.48129
-0.289056 -0.953166 0.0889981 -125.172 0.943066 -0.2995 -0.144656 23.8768 0.164536 0.0421173 0.985472 -4.78941
-0.295264 -0.951371 0.0878254 -124.613 0.942006 -0.305234 -0.139484 22.3603 0.159508 0.0415476 0.986322 -5.05769
-0.302616 -0.949004 0.0884019 -124.036 0.939236 -0.312694 -0.141622 20.8548 0.162043 0.0401731 0.985966 -5.33044
-0.313482 -0.945555 0.0874933 -123.465 0.935079 -0.323425 -0.144994 19.4143 0.165397 0.0363603 0.985557 -5.62494
-0.327789 -0.940501 0.0895076 -122.89 0.9299 -0.337918 -0.145248 18.0144 0.166852 0.0356223 0.985338 -5.90597
0.554663 -0.825167 0.106996 -123.079 0.831308 0.544032 -0.11382 17.2799 0.035711 0.152078 0.987723 -5.75897
