1 0 0 0 0 1 0 0 0 0 1 0
0.999997 0.00227904 0.000761666 0.100589 -0.00227878 0.999997 -0.00034346 -0.00179956 -0.000762446 0.000341723 1 -0.0183491
0.999996 0.0026673 0.00137573 0.0377363 -0.00266646 0.999996 -0.000614069 0.00740301 -0.00137736 0.000610398 0.999999 -0.0241371
0.999995 0.00291441 0.00121466 0.109634 -0.00291501 0.999996 0.000496107 -0.0286043 -0.00121321 -0.000499645 0.999999 -0.0450156
0.999998 0.00162239 -0.00134853 0.0966276 -0.00161614 0.999988 0.00462894 -0.00827895 0.00135603 -0.00462675 0.999988 -0.0383335
0.999994 0.0017654 0.00302614 0.186821 -0.00179134 0.999961 0.0085929 0.0626701 -0.00301086 -0.00859827 0.999959 -0.045835
0.999991 0.00289544 0.00311344 0.509596 -0.00290392 0.999992 0.00272112 0.0804011 -0.00310553 -0.00273014 0.999991 -0.0607876
0.999967 0.0072295 -0.00365078 0.819234 -0.00722452 0.999973 0.00137734 0.133788 0.00366064 -0.00135092 0.999992 0.000501905
0.999959 0.00904996 0.000287432 0.976227 -0.00904994 0.999959 -6.48319e-05 0.143086 -0.000288007 6.22273e-05 1 -0.0743981
0.999942 0.010696 0.000952655 1.17735 -0.0106973 0.999942 0.00135453 0.168209 -0.000938112 -0.00136464 0.999999 -0.0929556
0.999956 0.00932713 -0.00038934 1.47007 -0.00932556 0.999949 0.00386652 0.218973 0.000425384 -0.00386273 0.999992 -0.0309331
0.999967 0.0073965 -0.0035052 1.69577 -0.00737494 0.999954 0.0061247 0.241441 0.00355034 -0.00609864 0.999975 -0.0391003
0.999983 0.00580207 -0.000926325 1.92839 -0.005797 0.999969 0.0053843 0.274887 0.000957536 -0.00537884 0.999985 -0.0401735
0.999989 0.00464396 9.42249e-05 2.24685 -0.00464409 0.999988 0.00141128 0.288101 -8.76698e-05 -0.00141171 0.999999 -0.0677674
0.999992 0.00262868 0.00311374 2.53898 -0.00260472 0.999967 -0.00767551 0.277839 -0.00313381 0.00766734 0.999966 -0.119605
0.999994 0.000842973 -0.00347657 2.85846 -0.000909479 0.999816 -0.0191724 0.268698 0.00345977 0.0191755 0.99981 -0.201069
0.999998 0.00176511 -0.00136671 3.17607 -0.00178957 0.999834 -0.0181118 0.283107 0.00133452 0.0181142 0.999835 -0.189185
0.999998 0.00155878 -0.00157787 3.43785 -0.00158992 0.9998 -0.0199298 0.279143 0.00154649 0.0199323 0.9998 -0.157815
0.999973 -0.00715735 -0.00170566 3.4956 0.00713275 0.999876 -0.0140151 0.202283 0.00180576 0.0140026 0.9999 -0.101502
0.999939 -0.0110275 -0.000549597 3.52719 0.0110177 0.999821 -0.0153781 0.172393 0.000719081 0.0153711 0.999882 -0.113265
0.999938 -0.0111117 -0.000679443 3.69945 0.0111001 0.999823 -0.0151618 0.160723 0.000847797 0.0151534 0.999885 -0.106579
1 0.000628454 -8.68085e-05 3.82818 -0.000629666 0.999892 -0.0147038 0.146131 7.75588e-05 0.0147039 0.999892 -0.0673325
0.999988 0.00465355 0.00164717 4.17043 -0.00462846 0.999878 -0.014921 0.160356 -0.00171641 0.0149132 0.999887 -0.0900975
0.999951 0.00929848 0.00354903 4.43762 -0.00923245 0.999792 -0.0181906 0.154868 -0.00371743 0.0181569 0.999828 -0.137906
0.999932 0.0114996 0.00208099 4.64519 -0.0114559 0.999735 -0.0199417 0.14057 -0.00230976 0.0199165 0.999799 -0.12347
0.99988 0.015154 0.00323283 4.94764 -0.0150792 0.999644 -0.0220004 0.168729 -0.00356508 0.021949 0.999753 -0.149069
0.999873 0.0158832 0.0017206 5.12594 -0.0158341 0.999548 -0.025538 0.220913 -0.00212545 0.0255075 0.999672 -0.199375
0.999836 0.0180864 0.00139271 5.12692 -0.0180437 0.999493 -0.0262105 0.234815 -0.00186605 0.026181 0.999655 -0.243178
0.999807 0.0196605 -0.000389281 5.09843 -0.0196638 0.999443 -0.026969 0.2572 -0.000141159 0.0269715 0.999636 -0.271232
0.99977 0.0214148 0.000816363 5.06238 -0.0213857 0.99942 -0.0264895 0.293121 -0.00138316 0.026466 0.999649 -0.284033
0.99973 0.022706 0.0049395 4.85134 -0.0225859 0.999477 -0.0231429 0.285931 -0.0054624 0.023025 0.99972 -0.261761
0.999764 0.0217502 -0.000222965 4.58807 -0.0217495 0.999493 -0.0232338 0.307982 -0.000282487 0.0232332 0.99973 -0.227093
0.999796 0.0199876 -0.0030333 4.26221 -0.0200554 0.999504 -0.0242911 0.33335 0.00254627 0.024347 0.9997 -0.251995
0.999879 0.0153446 -0.00243817 3.98521 -0.0154012 0.999564 -0.0251687 0.315597 0.0020509 0.0252032 0.99968 -0.259393
0.99993 0.0113195 -0.00350137 3.52601 -0.0114025 0.999631 -0.024651 0.297385 0.00322104 0.0246892 0.99969 -0.283786
0.999967 0.00709976 -0.00404535 2.72982 -0.00720812 0.999597 -0.027433 0.235924 0.00384895 0.0274613 0.999615 -0.34636
0.99997 0.00372049 -0.00684486 1.15921 -0.00389747 0.999654 -0.0260259 0.156162 0.00674566 0.0260518 0.999638 -0.388598
0.999981 0.000577107 -0.00617715 -1.0661 -0.000738618 0.999657 -0.0261762 0.0518005 0.00615992 0.0261802 0.999638 -0.443898
0.999994 0.000127852 -0.00359303 -3.79242 -0.000241185 0.999502 -0.0315593 -0.129273 0.0035872 0.03156 0.999496 -0.511099
0.999966 -0.000282777 -0.0081985 -6.53375 -1.53807e-05 0.999339 -0.0363444 -0.324638 0.00820336 0.0363433 0.999306 -0.585617
0.999942 -0.000330711 -0.0107849 -9.25354 -8.51867e-05 0.999257 -0.0385396 -0.495423 0.0107896 0.0385383 0.999199 -0.66091
0.999956 -0.000622368 -0.00940342 -11.9967 0.000272704 0.99931 -0.0371403 -0.630228 0.00942005 0.0371361 0.999266 -0.752476
0.999962 -0.00162174 -0.00851571 -14.7198 0.00131329 0.999347 -0.0361017 -0.809637 0.00856869 0.0360892 0.999312 -0.835971
0.999854 -0.00310381 -0.0167826 -17.4179 0.00247657 0.999302 -0.0372669 -0.982689 0.0168865 0.0372199 0.999164 -0.901668
0.999669 -0.00375911 -0.025429 -20.0243 0.00271997 0.999164 -0.040776 -1.1437 0.0255611 0.0406934 0.998845 -0.964088
0.999655 -0.00448509 -0.0258861 -22.5134 0.00347279 0.999232 -0.039019 -1.29233 0.0260412 0.0389157 0.998903 -1.06387
0.999713 -0.00534449 -0.0233588 -24.9444 0.00445966 0.999276 -0.037769 -1.45246 0.0235438 0.037654 0.999013 -1.17022
0.99965 -0.00574881 -0.0258343 -27.2645 0.00477863 0.999286 -0.0374603 -1.59474 0.0260312 0.0373237 0.998964 -1.2473
0.999707 -0.00590988 -0.0234594 -29.5275 0.00504897 0.999317 -0.036589 -1.75596 0.0236596 0.0364598 0.999055 -1.32892
0.999753 -0.0045213 -0.0217628 -31.7471 0.00374013 0.999352 -0.0358025 -1.89998 0.0219106 0.0357123 0.999122 -1.398
0.999723 -0.00431019 -0.0231438 -34.0156 0.003532 0.99943 -0.0335601 -2.02476 0.0232753 0.0334691 0.999169 -1.49993
0.999696 -0.00468943 -0.0241896 -36.2506 0.0039229 0.999491 -0.0316391 -2.16835 0.0243256 0.0315346 0.999207 -1.57415
0.999673 -0.00439768 -0.0251761 -38.4683 0.00357902 0.999466 -0.0324705 -2.28616 0.0253054 0.0323698 0.999156 -1.64663
0.999678 -0.00415857 -0.0250336 -40.646 0.00333039 0.999448 -0.033034 -2.42154 0.0251571 0.03294 0.999141 -1.72917
0.99966 -0.00357934 -0.0258364 -42.8318 0.00274072 0.99947 -0.0324213 -2.59125 0.0259387 0.0323395 0.99914 -1.81871
0.999678 -0.00334639 -0.0251301 -45.0433 0.00251587 0.999452 -0.0330077 -2.71172 0.0252268 0.0329339 0.999139 -1.91479
0.99976 -0.00240062 -0.0217485 -47.2383 0.00164502 0.999396 -0.0346939 -2.83801 0.0218186 0.0346498 0.999161 -2.00004
0.99975 -0.00253404 -0.0221846 -49.5695 0.00171415 0.999317 -0.0368987 -2.98487 0.022263 0.0368515 0.999073 -2.09969
0.999796 -0.00206832 -0.0200624 -51.9233 0.00132963 0.999323 -0.0367633 -3.11575 0.0201249 0.0367292 0.999123 -2.18171
0.999766 -0.00118335 -0.0215726 -54.3092 0.000415858 0.999368 -0.035547 -3.25513 0.021601 0.0355298 0.999135 -2.29308
0.99974 -0.000197211 -0.0228053 -56.7283 -0.000626172 0.999348 -0.036092 -3.40193 0.0227976 0.0360969 0.999088 -2.39599
0.999765 0.000628658 -0.0216743 -59.1618 -0.00139201 0.999378 -0.035222 -3.55168 0.0216387 0.0352439 0.999144 -2.51624
0.999758 0.000499171 -0.0219981 -61.667 -0.00129114 0.999351 -0.0360022 -3.67454 0.0219659 0.0360219 0.99911 -2.60593
0.99972 -0.000860046 -0.0236525 -64.2274 2.9715e-05 0.999384 -0.0350833 -3.8236 0.0236681 0.0350728 0.999104 -2.71481
0.999743 -0.00119349 -0.0226503 -66.783 0.000415779 0.999411 -0.0343091 -3.97185 0.0226779 0.0342908 0.999155 -2.84004
0.999696 -0.00227542 -0.024526 -69.397 0.00144076 0.999421 -0.0339956 -4.14137 0.0245892 0.03395 0.999121 -2.95886
0.999687 -0.00302473 -0.024817 -72.0391 0.00218316 0.999424 -0.0338683 -4.28194 0.0249052 0.0338035 0.999118 -3.07674
0.999642 -0.00346719 -0.0265419 -74.6836 0.00258418 0.999444 -0.0332309 -4.43927 0.0266423 0.0331504 0.999095 -3.16792
0.999565 -0.0041394 -0.0292109 -77.3141 0.00320509 0.999484 -0.0319595 -4.61653 0.0293281 0.031852 0.999062 -3.30641
0.999486 -0.00463252 -0.0317145 -79.9358 0.00364278 0.999506 -0.0311946 -4.79783 0.0318434 0.031063 0.99901 -3.44989
0.999397 -0.00688811 -0.0340394 -82.6057 0.00581591 0.999487 -0.0314981 -4.97178 0.0342389 0.0312811 0.998924 -3.59164
0.999348 -0.0108069 -0.0344353 -85.2702 0.0096679 0.999406 -0.0330717 -5.13206 0.0347722 0.0327172 0.99886 -3.71417
0.999274 -0.0138519 -0.0354726 -87.9602 0.0125944 0.999292 -0.0354306 -5.34724 0.0359383 0.0349581 0.998742 -3.84043
0.999248 -0.016042 -0.0353006 -90.6542 0.0147965 0.999268 -0.0352664 -5.54153 0.0358405 0.0347176 0.998754 -3.9942
0.999225 -0.0186528 -0.0346686 -93.3628 0.0174142 0.999211 -0.0356921 -5.74458 0.035307 0.0350607 0.998761 -4.1469
0.999125 -0.0187417 -0.0373911 -96.0142 0.0172753 0.999083 -0.0391639 -5.93994 0.0380908 0.0384837 0.998533 -4.29789
0.999084 -0.0188792 -0.0383944 -98.6975 0.0173163 0.999024 -0.0406391 -6.14062 0.0391242 0.039937 0.998436 -4.38958
0.99912 -0.0181085 -0.0378183 -101.395 0.0165759 0.999044 -0.0404544 -6.35087 0.0385147 0.039792 0.998466 -4.54032
0.999097 -0.01705 -0.0389137 -104.097 0.0154913 0.999079 -0.0400114 -6.56265 0.03956 0.0393724 0.998441 -4.67979
0.999144 -0.0165865 -0.0379003 -106.79 0.0150519 0.999069 -0.0404253 -6.76916 0.0385355 0.0398202 0.998464 -4.826
0.999164 -0.0156143 -0.0377603 -109.466 0.0140597 0.999056 -0.0410906 -6.96722 0.0383663 0.0405254 0.998442 -4.96021
0.999141 -0.0157167 -0.0383279 -112.177 0.014174 0.999091 -0.0401949 -7.15516 0.0389248 0.0396171 0.998457 -5.10077
0.999128 -0.0164704 -0.0383598 -114.869 0.0149608 0.999115 -0.0393141 -7.36785 0.0389734 0.0387059 0.99849 -5.25516
0.999094 -0.017442 -0.0388047 -117.561 0.0159449 0.999129 -0.0385615 -7.56789 0.0394435 0.0379079 0.998502 -5.4321
0.999035 -0.0188643 -0.0396488 -120.261 0.0172806 0.999054 -0.0399134 -7.77612 0.0403642 0.0391897 0.998416 -5.54158
0.999041 -0.0202814 -0.038791 -122.961 0.0187433 0.999039 -0.0396102 -7.97874 0.0395571 0.0388452 0.998462 -5.69681
0.999038 -0.0220646 -0.0378824 -125.642 0.0205562 0.998998 -0.0397551 -8.20858 0.0387216 0.0389381 0.998491 -5.83831
0.998907 -0.0238287 -0.0401954 -128.333 0.0222573 0.998987 -0.0390977 -8.44256 0.0410864 0.0381604 0.998427 -5.99916
0.99891 -0.0261601 -0.0386429 -131.031 0.0247173 0.998996 -0.0373529 -8.66404 0.0395812 0.036357 0.998555 -6.13145
0.998898 -0.0289903 -0.0368937 -133.748 0.0276324 0.99894 -0.0367976 -8.86802 0.0379214 0.0357376 0.998642 -6.28041
0.998685 -0.0322785 -0.0398359 -136.453 0.0307935 0.998828 -0.0373464 -9.11815 0.0409946 0.0360706 0.998508 -6.40597
0.998731 -0.0349234 -0.0362852 -139.157 0.0336037 0.998773 -0.0363635 -9.36101 0.0375106 0.0350981 0.99868 -6.50822
0.998639 -0.0374907 -0.0362469 -141.85 0.0362274 0.998734 -0.0349028 -9.62018 0.0375095 0.0335422 0.998733 -6.61568
0.99855 -0.0410619 -0.0348129 -144.551 0.0398237 0.998574 -0.0355435 -9.87825 0.0362227 0.0341056 0.998762 -6.73544
0.998387 -0.0449377 -0.0346835 -147.237 0.0437361 0.998441 -0.0346586 -10.1666 0.0361869 0.0330858 0.998797 -6.85162
0.998011 -0.0513258 -0.0366078 -149.946 0.0501473 0.998215 -0.0324175 -10.4433 0.0382063 0.0305172 0.998804 -6.92144
0.99762 -0.0580938 -0.0371413 -152.654 0.0569883 0.997919 -0.030161 -10.7394 0.0388162 0.0279726 0.998855 -6.99189
0.997287 -0.0641382 -0.0361162 -155.342 0.0630614 0.997552 -0.0302033 -11.053 0.037965 0.0278438 0.998891 -7.121
0.997149 -0.0684033 -0.031853 -158.043 0.0673901 0.997217 -0.0318645 -11.402 0.033944 0.029627 0.998985 -7.25118
0.997057 -0.0705633 -0.0299594 -160.757 0.0696076 0.997066 -0.0318258 -11.7423 0.0321172 0.0296468 0.999044 -7.37695
0.996946 -0.0710351 -0.0324413 -163.439 0.0700666 0.997089 -0.0300737 -12.0865 0.0344832 0.0277088 0.999021 -7.53388
0.996989 -0.0706633 -0.0319274 -166.135 0.0697667 0.997159 -0.0283748 -12.4262 0.0338418 0.0260619 0.999088 -7.6765
0.997117 -0.0683808 -0.0328946 -168.792 0.0674139 0.997284 -0.0296569 -12.7812 0.0348333 0.0273539 0.999019 -7.76491
0.997392 -0.064217 -0.0329335 -171.471 0.0633131 0.997606 -0.0277906 -13.1101 0.0346393 0.025633 0.999071 -7.88461
0.997701 -0.0589951 -0.0333538 -174.162 0.0580378 0.997893 -0.0289763 -13.4422 0.034993 0.0269739 0.999024 -8.01873
0.99816 -0.0530528 -0.029366 -176.863 0.0522005 0.998213 -0.0290651 -13.7757 0.0308555 0.0274787 0.999146 -8.16429
0.998541 -0.0466807 -0.0271489 -179.562 0.0458911 0.998525 -0.0290118 -14.0608 0.0284631 0.0277235 0.99921 -8.27693
0.998771 -0.0414054 -0.0272455 -182.282 0.040658 0.998796 -0.0274351 -14.3375 0.0283486 0.0262936 0.999252 -8.40633
0.998917 -0.0369162 -0.0283095 -185.01 0.0362039 0.999024 -0.0252723 -14.5921 0.0292148 0.02422 0.99928 -8.53845
0.998972 -0.0342271 -0.0297113 -187.708 0.0335946 0.999203 -0.021531 -14.8516 0.0304246 0.0205107 0.999327 -8.68949
0.998911 -0.0331683 -0.0328084 -190.421 0.0325999 0.999311 -0.0177104 -15.0836 0.0333733 0.0166216 0.999305 -8.8312
0.998837 -0.0340229 -0.0341575 -193.154 0.0334996 0.999314 -0.0157778 -15.3546 0.0346709 0.0146151 0.999292 -8.94074
0.998696 -0.0358904 -0.0363141 -195.844 0.0353693 0.999263 -0.0148935 -15.5908 0.0368219 0.0135896 0.999229 -9.06138
0.998589 -0.0394413 -0.0355499 -198.563 0.0389781 0.999147 -0.0136315 -15.8664 0.0360573 0.0122266 0.999275 -9.2058
0.998409 -0.043457 -0.0359343 -201.272 0.0430366 0.998996 -0.0123913 -16.1422 0.0364367 0.0108251 0.999277 -9.33914
0.998191 -0.0480685 -0.0361106 -204.002 0.0476633 0.998791 -0.0120001 -16.4129 0.0366437 0.0102572 0.999276 -9.46286
0.997891 -0.0529495 -0.0375376 -206.715 0.0524944 0.998536 -0.0130064 -16.7199 0.0381714 0.0110085 0.99921 -9.60933
0.997636 -0.0571151 -0.0382091 -209.416 0.0566582 0.99831 -0.0129347 -17.0325 0.0388833 0.0107393 0.999186 -9.75177
0.997386 -0.0610932 -0.0385885 -212.151 0.0606517 0.99808 -0.012512 -17.3631 0.0392789 0.0101388 0.999177 -9.88469
0.997154 -0.0647055 -0.038678 -214.854 0.0642395 0.997847 -0.0131731 -17.6792 0.0394471 0.010651 0.999165 -9.99617
0.997111 -0.0663546 -0.0369698 -217.552 0.0658959 0.997735 -0.0134903 -18.0128 0.0377812 0.0110152 0.999225 -10.1234
0.997056 -0.0670271 -0.037226 -220.289 0.0665587 0.997689 -0.0136815 -18.372 0.038057 0.0111635 0.999213 -10.2134
0.996877 -0.0668511 -0.0420375 -223.017 0.0662682 0.997687 -0.0151114 -18.7294 0.0429505 0.0122784 0.999002 -10.3904
0.997015 -0.0661021 -0.0398867 -225.747 0.0655518 0.997737 -0.0149499 -19.0771 0.0407846 0.0122907 0.999092 -10.5433
0.997179 -0.0647101 -0.0380194 -228.446 0.0641096 0.997801 -0.016807 -19.4342 0.0390234 0.0143222 0.999135 -10.7124
0.997272 -0.0638268 -0.0370646 -229.79 0.0632537 0.997862 -0.0164332 -19.6022 0.0380342 0.0140439 0.999178 -10.7807
