1 0 0 0 0 1 0 0 0 0 1 0
-0.61543 -0.787913 -0.0209674 0.798604 -0.786611 0.615662 -0.0469357 1.38464 0.0498901 -0.0123925 -0.998678 -0.358795
0.999067 0.0177138 0.0393826 -0.808918 -0.018903 0.99937 0.0300307 1.61835 -0.0388258 -0.0307472 0.998773 -0.0764836
-0.642909 -0.757804 -0.111366 0.394095 -0.761366 0.648147 -0.0150795 3.15861 0.0836086 0.0750954 -0.993665 -0.865254
0.988707 -0.0353386 0.145636 -1.9259 0.026826 0.997838 0.0600066 3.41216 -0.147441 -0.0554221 0.987517 0.0594054
-0.66135 -0.736182 -0.143709 -0.675276 -0.747979 0.661603 0.0529964 5.06636 0.0560634 0.142541 -0.9882 -0.754034
0.992567 -0.0228151 0.119545 -2.44795 0.0225415 0.999739 0.00363933 4.85397 -0.119596 -0.000917559 0.992822 0.646101
-0.643732 -0.753868 -0.131501 -0.489146 -0.754945 0.653723 -0.0520089 6.68892 0.125173 0.0657959 -0.989951 -0.451907
0.979327 -0.106761 0.171817 -2.78117 0.0987929 0.993626 0.054301 5.62583 -0.176519 -0.0362041 0.983631 0.784693
-0.631061 -0.755206 -0.177275 -0.914793 -0.762278 0.646084 -0.0388255 7.77519 0.143856 0.110632 -0.983395 -0.629424
0.981467 -0.0902013 0.169072 -4.60962 0.0915041 0.995805 8.62061e-05 7.59811 -0.16837 0.0153861 0.985604 0.683919
-0.57973 -0.801655 -0.145819 -2.23211 -0.80825 0.58844 -0.021666 10.825 0.103174 0.105298 -0.989074 -0.618535
0.969898 -0.206946 0.128343 -5.74524 0.205742 0.978343 0.0227095 9.65735 -0.130263 0.00437959 0.99147 0.602995
-0.591543 -0.800032 -0.10013 -3.35032 -0.800211 0.597751 -0.0485477 11.9445 0.0986927 0.0514072 -0.993789 -0.463064
0.958041 -0.267957 0.101768 -6.15487 0.259011 0.961385 0.0930204 10.5377 -0.122764 -0.0627583 0.99045 0.957605
-0.544808 -0.830129 -0.118615 -4.30765 -0.826666 0.55542 -0.0901753 13.2436 0.140738 0.048927 -0.988837 -0.482805
0.968994 -0.204371 0.138862 -7.11074 0.196479 0.978113 0.0684869 12.429 -0.14982 -0.0390798 0.987941 1.06187
-0.554882 -0.817868 -0.152309 -5.07205 -0.819983 0.568585 -0.0658763 14.6024 0.140479 0.0883372 -0.986135 -0.734007
0.968455 -0.245248 0.0441443 -8.27745 0.243508 0.969019 0.041308 12.9907 -0.0529073 -0.0292555 0.998171 0.00433415
-0.548913 -0.834224 -0.0525758 -5.35604 -0.828672 0.551344 -0.0965523 15.9131 0.109534 -0.00943077 -0.993939 -0.550042
0.978471 -0.188633 0.0837356 -9.776 0.179167 0.977761 0.109013 14.2752 -0.102437 -0.0916631 0.990507 0.373573
-0.513843 -0.856635 -0.046273 -7.27639 -0.851411 0.515837 -0.0949284 17.4104 0.105188 -0.009381 -0.994408 -0.414619
0.986764 -0.162053 -0.00596216 -11.2021 0.162086 0.984499 0.067011 15.5833 -0.00498955 -0.0670904 0.997735 0.0273082
-0.524418 -0.851111 0.0244073 -7.82371 -0.848948 0.520455 -0.0917291 18.5801 0.0653687 -0.068825 -0.995485 -0.522906
0.975818 -0.218576 -0.00150096 -11.4804 0.218091 0.973148 0.0736185 16.2676 -0.0146305 -0.0721657 0.997285 0.08135
-0.485522 -0.87399 -0.0202415 -8.49287 -0.868698 0.484923 -0.101063 19.0347 0.0981439 -0.0314848 -0.994674 -0.80391
0.974542 -0.224144 0.00523058 -12.0397 0.222112 0.968362 0.113764 17.1437 -0.0305645 -0.109706 0.993494 -0.754985
-0.533041 -0.845732 -0.024564 -9.62205 -0.839676 0.532346 -0.107482 19.4478 0.103978 -0.0366669 -0.993904 -1.25854
0.976182 -0.216859 -0.00627162 -12.9485 0.215179 0.964125 0.155438 18.2302 -0.0276615 -0.153086 0.987826 -0.296313
-0.557279 -0.830208 -0.0138993 -10.6224 -0.821292 0.553603 -0.137853 20.2923 0.122141 -0.0654072 -0.990355 -1.51943
0.992907 -0.117617 -0.0173488 -13.2412 0.118826 0.976968 0.177243 19.6117 -0.00389755 -0.178047 0.984014 -0.515151
-0.584184 -0.811004 0.0316477 -10.5307 -0.804516 0.573481 -0.154514 21.0247 0.107162 -0.115726 -0.987484 -1.34583
0.975385 -0.214112 -0.0527148 -14.005 0.220394 0.954217 0.202229 19.5423 0.00700196 -0.208869 0.977919 -0.379993
-0.554732 -0.831874 0.0160414 -11.3006 -0.823949 0.546562 -0.149591 21.9548 0.115674 -0.0962005 -0.988618 -1.52639
0.980254 -0.192468 -0.0453595 -14.8105 0.197586 0.962443 0.186182 20.8171 0.0078219 -0.191468 0.981468 -0.825196
-0.45443 -0.881074 0.131154 -13.437 -0.888836 0.438768 -0.132113 24.3155 0.0588547 -0.176611 -0.98252 -1.46571
0.959968 -0.226296 -0.165079 -17.3929 0.249203 0.959076 0.134433 24.2095 0.127901 -0.17019 0.977076 -1.67935
-0.423727 -0.883736 0.198657 -15.9989 -0.904159 0.425823 -0.0342395 27.8189 -0.0543337 -0.194125 -0.979471 -1.94702
0.936438 -0.259108 -0.236529 -19.8743 0.291956 0.949388 0.115864 27.2611 0.194537 -0.177556 0.964691 -2.42784
-0.73298 -0.65466 0.184822 -16.7251 -0.667867 0.744172 -0.0127331 29.519 -0.129204 -0.13277 -0.98269 -2.4905
0.778387 -0.570463 -0.262076 -20.0696 0.606331 0.791346 0.0783206 26.8601 0.162714 -0.219869 0.961864 -2.35534
-0.721425 -0.657073 0.218634 -16.5466 -0.673141 0.739514 0.00134708 29.6391 -0.162568 -0.146199 -0.975806 -2.52774
0.925086 -0.331739 -0.184835 -20.7783 0.353522 0.930054 0.100107 27.8207 0.138697 -0.157951 0.977658 -1.9268
-0.750604 -0.643462 0.15017 -17.0249 -0.658807 0.746237 -0.0954128 30.8081 -0.0506681 -0.17055 -0.984046 -2.11749
0.971222 -0.152938 -0.182587 -21.0717 0.171334 0.981135 0.0895521 29.3807 0.165447 -0.118258 0.979103 -2.48899
-0.679219 -0.715576 0.163133 -17.8984 -0.728494 0.684334 -0.0313514 31.1491 -0.0892029 -0.140136 -0.986106 -3.11664
0.989029 -0.083076 -0.122149 -21.4161 0.0928503 0.992728 0.0766251 30.2776 0.114895 -0.087126 0.98955 -2.5407
-0.733282 -0.66778 0.127932 -18.5692 -0.678264 0.731567 -0.0690495 32.0071 -0.0474807 -0.137404 -0.989377 -3.51211
0.993226 0.028307 -0.112694 -21.2571 -0.0198583 0.996956 0.0754003 31.7547 0.114485 -0.0726517 0.990765 -2.93347
-0.758947 -0.646369 0.0787763 -19.3462 -0.649979 0.759273 -0.0321091 33.0469 -0.0390584 -0.0755721 -0.996375 -3.50693
0.992854 0.0635112 -0.101033 -22.3813 -0.0524026 0.992655 0.109042 32.7555 0.107216 -0.102968 0.98889 -2.64965
-0.793864 -0.602046 0.085559 -19.6732 -0.605716 0.795326 -0.0237763 34.097 -0.0537329 -0.0706996 -0.99605 -3.40015
0.995815 0.0164177 -0.0898979 -22.6245 -0.00730286 0.99488 0.100798 33.7414 0.0910925 -0.0997195 0.990837 -2.68528
-0.834315 -0.547835 -0.0615983 -20.0899 -0.546191 0.836585 -0.0424552 34.8784 0.0747907 -0.00177655 -0.997198 -3.84385
0.999622 -0.0112555 0.0250719 -23.6563 0.00842235 0.993856 0.11036 34.3042 -0.0261601 -0.110107 0.993576 -3.07
-0.765182 -0.640819 0.0620203 -20.6609 -0.643409 0.757734 -0.10892 36.1995 0.0228034 -0.123249 -0.992114 -3.13092
0.998229 0.0575863 -0.0149207 -24.0204 -0.0558523 0.993602 0.0981668 35.7963 0.0204783 -0.0971596 0.995058 -3.06269
-0.693472 -0.717926 0.0606524 -21.6456 -0.719334 0.685154 -0.114557 38.2475 0.0406874 -0.123072 -0.991564 -3.38172
0.988172 0.150578 -0.0290262 -25.0071 -0.14536 0.980052 0.135532 38.989 0.0488554 -0.12971 0.990348 -3.1811
-0.619824 -0.784732 0.00354965 -23.1794 -0.778017 0.613916 -0.133407 41.4944 0.10251 -0.0854506 -0.991055 -4.10564
0.987019 0.159793 -0.0160688 -26.1254 -0.154658 0.972698 0.173035 42.6409 0.0432799 -0.168304 0.984785 -3.77353
-0.600614 -0.797375 -0.0587854 -24.5781 -0.783013 0.60148 -0.158474 45.1719 0.161721 -0.0491518 -0.985612 -4.61138
0.988262 0.131702 0.0774125 -27.0741 -0.139314 0.984886 0.102917 45.2539 -0.0626882 -0.112494 0.991673 -4.19362
-0.58 -0.814407 -0.0184654 -25.4104 -0.807857 0.577953 -0.115488 47.4925 0.104727 -0.0520656 -0.993137 -4.55155
0.986072 0.16586 0.0122999 -28.1097 -0.16617 0.979418 0.114581 47.5031 0.00695753 -0.115029 0.993338 -4.18936
-0.525078 -0.849638 -0.0490755 -26.4031 -0.843006 0.527159 -0.106985 49.3854 0.116769 -0.0148045 -0.993049 -4.76625
0.985479 0.164018 0.0439135 -29.2722 -0.168232 0.978202 0.121733 49.335 -0.0229898 -0.127354 0.991591 -4.59446
-0.536557 -0.841772 -0.0593838 -27.4362 -0.837956 0.539793 -0.0803371 51.4525 0.0996806 0.00665561 -0.994998 -5.38349
0.990652 0.118506 0.0675661 -30.0359 -0.123812 0.989023 0.0806536 51.3924 -0.0572666 -0.0882652 0.99445 -5.47586
-0.612387 -0.772816 -0.166546 -28.1471 -0.766821 0.631906 -0.112613 52.9916 0.19227 0.0587477 -0.979582 -6.21641
0.986066 0.0455834 0.159986 -30.6684 -0.0698658 0.986275 0.149602 52.9623 -0.150971 -0.158695 0.975717 -5.41539
-0.747982 -0.646217 -0.151412 -28.7619 -0.63908 0.762805 -0.0985196 54.3598 0.179163 0.0230731 -0.983549 -6.35568
0.986514 0.0675228 0.149098 -30.923 -0.0940289 0.979421 0.17859 54.4069 -0.133971 -0.190201 0.972562 -5.41056
-0.744339 -0.64458 -0.174573 -28.8782 -0.635794 0.763983 -0.109988 55.7455 0.204267 0.0291237 -0.978482 -6.51267
0.985306 0.0175456 0.169892 -30.7801 -0.0445098 0.986717 0.156234 55.8901 -0.164894 -0.1615 0.973 -5.73846
-0.756713 -0.62833 -0.18052 -29.2547 -0.61853 0.777521 -0.113501 56.8236 0.211674 0.0257695 -0.977001 -6.28143
0.982822 -0.0179029 0.183685 -31.1653 -0.014057 0.985132 0.171227 56.9149 -0.18402 -0.170868 0.967957 -5.67559
-0.785555 -0.585752 -0.199496 -29.4966 -0.577003 0.809859 -0.10581 57.8059 0.223542 0.0319904 -0.97417 -6.63497
0.979499 -0.00885061 0.201254 -31.2452 -0.0200672 0.989779 0.141193 57.7096 -0.200447 -0.142337 0.96931 -6.2793
-0.744511 -0.628769 -0.224394 -29.7998 -0.620375 0.775766 -0.115424 58.5584 0.246652 0.0532741 -0.967639 -6.67333
0.77549 -0.603992 0.18387 -31.4472 0.586213 0.796974 0.145557 57.1807 -0.234455 -0.00509075 0.972114 -5.76229
-0.714249 -0.662485 -0.225748 -30.4165 -0.662533 0.743959 -0.0870359 58.1358 0.225608 0.0874005 -0.97029 -6.68984
0.807117 -0.561917 0.181141 -31.4717 0.545374 0.827124 0.135773 57.5925 -0.226119 -0.0107956 0.97404 -5.55991
-0.729364 -0.648208 -0.218758 -31.2218 -0.649368 0.756587 -0.0767954 57.8291 0.215289 0.086043 -0.972753 -6.07358
0.87143 -0.461173 0.167121 -31.5094 0.444581 0.886523 0.128161 57.7596 -0.207261 -0.0373844 0.977571 -5.50243
-0.808797 -0.542671 -0.226618 -31.2611 -0.541273 0.83759 -0.0739388 57.9501 0.229938 0.0628611 -0.971173 -6.08271
0.860431 -0.471824 0.192456 -31.9339 0.448335 0.880474 0.154149 57.5465 -0.242183 -0.0463501 0.969123 -5.21849
-0.785379 -0.580239 -0.215643 -31.5538 -0.57169 0.813492 -0.106777 57.8317 0.23738 0.0394205 -0.970617 -5.55301
0.903153 -0.382323 0.195302 -32.0741 0.357669 0.921679 0.150272 58.1108 -0.237458 -0.0658653 0.969163 -4.96208
-0.865225 -0.452331 -0.21629 -30.8614 -0.442486 0.891746 -0.0948428 58.6715 0.235776 0.0136451 -0.971712 -5.87441
0.887349 -0.405693 0.219144 -31.7841 0.374631 0.9114 0.1703 58.2155 -0.268818 -0.069017 0.960716 -4.76413
-0.840905 -0.478996 -0.251877 -30.8213 -0.459183 0.877817 -0.136342 58.6667 0.286409 0.00100696 -0.958107 -5.20635
0.884187 -0.380541 0.270927 -31.9779 0.35025 0.923822 0.154525 58.1166 -0.309092 -0.0417369 0.950116 -4.43477
-0.733066 -0.613075 -0.29454 -30.6147 -0.586781 0.78904 -0.181949 59.0372 0.343952 0.0394498 -0.938159 -5.59999
0.861778 -0.446857 0.240121 -32.3649 0.398608 0.889266 0.224316 58.107 -0.313769 -0.0975959 0.944471 -4.45479
-0.798848 -0.541503 -0.261946 -31.1871 -0.50933 0.840584 -0.184396 58.7087 0.320039 -0.0138878 -0.947303 -5.4358
0.933977 -0.256409 0.248881 -32.7172 0.19456 0.949105 0.247684 58.3295 -0.299722 -0.182909 0.936329 -4.17239
-0.802716 -0.536889 -0.25961 -31.3017 -0.505457 0.843528 -0.18159 58.8951 0.316482 -0.0145436 -0.948487 -5.44028
0.846135 -0.48203 0.227382 -32.0476 0.437704 0.871899 0.219564 58.4906 -0.304091 -0.0862547 0.94873 -4.35199
-0.787866 -0.559855 -0.256572 -31.0009 -0.534542 0.82857 -0.166545 59.1126 0.305829 0.00593323 -0.952068 -5.60386
0.872623 -0.436992 0.218099 -32.3716 0.393018 0.893414 0.217596 58.4318 -0.28994 -0.104162 0.95136 -4.13587
-0.846574 -0.486055 -0.216941 -30.8102 -0.454141 0.872168 -0.18188 59.1441 0.277613 -0.0554525 -0.959092 -5.11718
0.925108 -0.319934 0.204493 -32.2245 0.276883 0.936939 0.213267 58.6414 -0.259829 -0.140674 0.955354 -4.31643
-0.830744 -0.509994 -0.223094 -30.8513 -0.475312 0.858486 -0.192563 59.3175 0.289729 -0.0539312 -0.955588 -5.17177
0.899696 -0.382191 0.210894 -32.087 0.353264 0.921295 0.162545 58.8676 -0.256419 -0.07174 0.9639 -3.80716
-0.719561 -0.643633 -0.26071 -31.0038 -0.646313 0.758031 -0.0875751 60.0502 0.253992 0.105484 -0.961437 -5.07021
0.79447 -0.548748 0.260178 -31.8068 0.530843 0.835591 0.1414 59.4513 -0.294996 0.0257754 0.955151 -4.36666
-0.69466 -0.668037 -0.266782 -30.8049 -0.638568 0.74343 -0.198855 59.8055 0.331177 0.032222 -0.943019 -4.91849
0.775684 -0.579273 0.250513 -31.3054 0.526648 0.81284 0.248864 59.531 -0.347787 -0.0611072 0.93558 -4.11996
-0.707475 -0.65951 -0.254017 -31.0122 -0.613473 0.75153 -0.242599 59.7593 0.350898 -0.0158 -0.936281 -4.76982
0.937199 -0.245909 0.247358 -31.5955 0.179638 0.948196 0.262022 59.9811 -0.298977 -0.201132 0.932823 -4.15015
-0.703852 -0.657867 -0.26796 -31.4005 -0.61431 0.753134 -0.2354 60.5377 0.356672 -0.00107589 -0.934229 -4.9652
0.901509 -0.382969 0.201533 -31.4467 0.294737 0.884336 0.362049 60.755 -0.316877 -0.266992 0.910113 -4.49649
-0.656258 -0.693525 -0.297235 -31.5041 -0.624061 0.720312 -0.30282 60.8371 0.424115 -0.0132351 -0.905512 -5.03411
0.890311 -0.316216 0.327649 -31.2923 0.23007 0.933334 0.275602 61.2672 -0.392956 -0.16999 0.903709 -4.81314
-0.724244 -0.602739 -0.334926 -31.6209 -0.54437 0.797922 -0.258809 61.281 0.42324 -0.0051172 -0.906003 -5.12216
0.884731 -0.349941 0.307882 -31.6127 0.239884 0.90821 0.342945 61.6319 -0.399632 -0.229558 0.887467 -5.07779
-0.609807 -0.691306 -0.387595 -32.0948 -0.633086 0.7191 -0.286529 61.5286 0.476799 0.0706538 -0.876168 -4.98398
0.911095 -0.186518 0.367581 -31.4518 0.0668476 0.94682 0.314745 62.5031 -0.406739 -0.26219 0.875111 -5.24193
-0.614182 -0.696133 -0.371724 -33.1066 -0.625459 0.716627 -0.308622 62.3644 0.48123 0.0429477 -0.875542 -4.88781
0.919384 -0.156647 0.360823 -32.4644 0.0501123 0.956456 0.287545 63.3802 -0.390155 -0.246283 0.8872 -5.31285
-0.667639 -0.669908 -0.324778 -33.865 -0.593076 0.74228 -0.311899 63.3359 0.45002 -0.0156177 -0.892882 -5.25622
0.937655 -0.210449 0.276612 -33.3232 0.12525 0.946974 0.295895 64.3465 -0.324216 -0.242802 0.914293 -5.4271
-0.681274 -0.673735 -0.286264 -34.4956 -0.625632 0.738923 -0.250158 64.5011 0.380067 0.00867002 -0.924919 -5.14062
0.934428 -0.25963 0.243795 -34.3118 0.179378 0.93445 0.307616 65.0451 -0.307681 -0.243713 0.919748 -5.38546
-0.685967 -0.67309 -0.276401 -34.5767 -0.627948 0.739525 -0.242454 65.1766 0.3676 0.00725034 -0.929956 -5.22679
