1 0 0 0 0 1 0 0 0 0 1 0
0.999998 0.00145618 -0.00150721 -2.31452 -0.00145728 0.999999 -0.000728264 -0.096982 0.00150615 0.000730459 0.999999 -0.0305251
0.999994 0.00329542 0.00140574 -4.64508 -0.00329472 0.999994 -0.000494183 -0.229701 -0.00140736 0.000489548 0.999999 -0.0476282
0.999981 0.00434064 0.00439584 -6.95832 -0.00434682 0.99999 0.00139805 -0.323561 -0.00438973 -0.00141713 0.999989 -0.0760136
0.99998 0.0037153 0.00505662 -9.30178 -0.00373197 0.999988 0.00329255 -0.443305 -0.00504433 -0.00331136 0.999982 -0.105805
0.999985 0.00265625 0.00475899 -11.6342 -0.00268999 0.999971 0.00709717 -0.535649 -0.00474 -0.00710987 0.999963 -0.133379
0.999976 0.0014655 0.00675483 -13.9851 -0.00151099 0.999976 0.00673521 -0.639582 -0.0067448 -0.00674525 0.999954 -0.164247
0.999964 0.000373197 0.00849939 -16.3899 -0.00043319 0.999975 0.0070578 -0.751594 -0.00849655 -0.00706123 0.999939 -0.18511
0.99996 -0.000711544 0.00891484 -18.8168 0.000647605 0.999974 0.00717315 -0.865794 -0.00891971 -0.00716709 0.999934 -0.205156
0.99998 -0.00162717 0.00613915 -21.2908 0.00159493 0.999985 0.00525283 -0.992801 -0.0061476 -0.00524293 0.999967 -0.21744
0.999985 -0.00331556 0.0043041 -23.7911 0.00328916 0.999976 0.00612584 -1.13941 -0.00432431 -0.0061116 0.999972 -0.23978
0.999987 -0.00468461 0.00210049 -26.3237 0.00467179 0.999971 0.00606838 -1.25294 -0.00212886 -0.00605849 0.999979 -0.27919
0.999955 -0.00852783 0.00411771 -28.8553 0.00851142 0.999956 0.00398654 -1.40192 -0.00415153 -0.00395132 0.999983 -0.330815
0.999948 -0.00965629 0.00337071 -31.4147 0.00965125 0.999952 0.00151011 -1.55546 -0.00338514 -0.0014775 0.999993 -0.377756
0.999928 -0.0112565 0.00410412 -33.9931 0.0112653 0.999934 -0.00214455 -1.70947 -0.00407971 0.00219063 0.999989 -0.439431
0.999918 -0.0115693 0.00547808 -36.5967 0.0115837 0.99993 -0.00260512 -1.86271 -0.00544755 0.00266836 0.999981 -0.470183
0.999916 -0.0113831 0.00614304 -39.2183 0.011392 0.999934 -0.00140421 -2.03801 -0.00612665 0.00147407 0.99998 -0.520041
0.999909 -0.0115207 0.00710285 -41.8375 0.0115131 0.999933 0.0011044 -2.17702 -0.0071151 -0.00102253 0.999974 -0.556244
0.999901 -0.0123878 0.00663286 -44.4799 0.0123742 0.999921 0.00208408 -2.33775 -0.00665816 -0.0020018 0.999976 -0.58294
0.999885 -0.0127635 0.0082437 -47.099 0.0127382 0.999914 0.00310653 -2.49238 -0.00828264 -0.00300116 0.999961 -0.630385
0.999881 -0.0125872 0.0088969 -49.7521 0.0125731 0.99992 0.00164129 -2.65188 -0.00891685 -0.00152923 0.999959 -0.663456
0.999901 -0.0128655 0.00578578 -52.4135 0.0128661 0.999917 -5.91675e-05 -2.81968 -0.00578454 0.0001336 0.999983 -0.695851
0.999884 -0.0127323 0.00840382 -55.0797 0.0127341 0.999919 -0.0001545 -2.98409 -0.00840118 0.000261495 0.999964 -0.732541
0.99987 -0.0132828 0.0091754 -57.7646 0.0132622 0.99991 0.00230382 -3.16904 -0.00920517 -0.00218183 0.999955 -0.757222
0.999879 -0.0132411 0.00820839 -60.4251 0.0132137 0.999907 0.00338849 -3.30104 -0.0082525 -0.00327962 0.99996 -0.831837
0.999859 -0.0136749 0.00980439 -63.0867 0.0136561 0.999905 0.00197964 -3.47754 -0.00983053 -0.00184547 0.99995 -0.828482
0.999883 -0.0142683 0.00559866 -65.7614 0.0142554 0.999896 0.0023315 -3.64489 -0.00563134 -0.00225142 0.999981 -0.845533
0.999879 -0.0148132 0.00481881 -68.4587 0.0148138 0.99989 -9.81842e-05 -3.81537 -0.00481683 0.000169555 0.999988 -0.850581
0.999863 -0.0147525 0.0074879 -71.1141 0.0147611 0.999891 -0.0010993 -3.99101 -0.00747087 0.00120968 0.999971 -0.885404
0.999853 -0.0158801 0.00653307 -73.815 0.0158666 0.999872 0.00210708 -4.14193 -0.0065657 -0.00200312 0.999976 -0.920239
0.99983 -0.0158905 0.00932468 -76.4971 0.0158481 0.999864 0.00460634 -4.31619 -0.0093966 -0.00445778 0.999946 -0.943884
0.999817 -0.0158542 0.0107067 -79.1878 0.0158279 0.999872 0.0025314 -4.49098 -0.0107455 -0.00236147 0.999939 -0.958311
0.999831 -0.0163513 0.00843116 -81.889 0.0163355 0.999865 0.00193141 -4.67891 -0.0084616 -0.00179336 0.999962 -0.971003
0.999836 -0.0161636 0.00816248 -84.5885 0.0161328 0.999863 0.00383464 -4.85211 -0.00822334 -0.00370233 0.999959 -0.998921
0.999813 -0.016245 0.0105308 -87.2861 0.0161778 0.999848 0.00643522 -5.01108 -0.0106337 -0.00626365 0.999924 -1.0241
0.999798 -0.0166502 0.0112471 -89.9789 0.0165737 0.999839 0.00685826 -5.18386 -0.0113595 -0.00667046 0.999913 -1.02966
0.999799 -0.0169362 0.0107564 -92.6814 0.0168595 0.999832 0.00718762 -5.34463 -0.0108764 -0.00700482 0.999916 -1.03415
0.99978 -0.0177076 0.0112433 -95.3838 0.0176314 0.999821 0.00683828 -5.53294 -0.0113624 -0.00663853 0.999913 -1.04165
0.999767 -0.0186393 0.0108686 -98.0984 0.0185501 0.999794 0.00825796 -5.72605 -0.0110203 -0.00805442 0.999907 -1.05678
0.999753 -0.0190711 0.0114374 -100.802 0.018956 0.999769 0.0100895 -5.89023 -0.0116272 -0.0098702 0.999883 -1.07079
0.999726 -0.0202196 0.0118121 -103.504 0.020085 0.999733 0.0114013 -6.07312 -0.0120395 -0.011161 0.999865 -1.0787
0.999697 -0.0204704 0.0136562 -106.198 0.0203169 0.99973 0.011286 -6.25411 -0.0138835 -0.0110051 0.999843 -1.08653
0.999669 -0.0209179 0.0150162 -108.907 0.0207733 0.999737 0.00972097 -6.44974 -0.0152156 -0.0094058 0.99984 -1.0701
0.999668 -0.0211891 0.0146992 -111.598 0.0210674 0.999743 0.00838466 -6.64033 -0.0148731 -0.0080722 0.999856 -1.07085
0.999652 -0.022224 0.0142511 -114.305 0.0221328 0.999734 0.00652323 -6.83663 -0.0143923 -0.00620553 0.999877 -1.06951
0.999635 -0.0232182 0.013835 -116.99 0.0231318 0.999712 0.00637394 -7.01282 -0.013979 -0.00605158 0.999884 -1.07356
0.999561 -0.0249353 0.0159879 -119.712 0.0248525 0.999677 0.00535402 -7.2116 -0.0161162 -0.00495433 0.999857 -1.06151
0.999534 -0.0265835 0.0150128 -122.403 0.0265071 0.999635 0.00526778 -7.42633 -0.0151474 -0.00486738 0.999873 -1.08222
0.999535 -0.0275078 0.0131449 -125.093 0.02742 0.999601 0.00680915 -7.62699 -0.013327 -0.00644555 0.99989 -1.0942
0.999531 -0.0290922 0.0095785 -127.781 0.0290276 0.999555 0.00681471 -7.84945 -0.00977249 -0.00653347 0.99993 -1.11667
0.999565 -0.0292352 0.00390642 -130.385 0.0292138 0.999559 0.00540229 -8.04332 -0.00406264 -0.00528582 0.999977 -1.14449
0.999603 -0.0281707 -0.000844015 -132.764 0.0281761 0.999577 0.0072347 -8.20799 0.000639844 -0.0072556 0.999973 -1.14983
0.999629 -0.0272531 -0.000506242 -135 0.0272561 0.999601 0.00734878 -8.39125 0.000305755 -0.00735985 0.999972 -1.14792
0.999688 -0.0249521 0.0010851 -137.047 0.0249438 0.999664 0.00704535 -8.54659 -0.00126054 -0.00701609 0.999974 -1.13994
0.999712 -0.023426 0.00529181 -138.958 0.0233806 0.999691 0.00849362 -8.69322 -0.00548915 -0.00836744 0.999949 -1.15672
0.999713 -0.021683 0.0101529 -140.829 0.0215938 0.999728 0.00880766 -8.8144 -0.0103411 -0.00858589 0.999909 -1.16766
0.999709 -0.0199074 0.0136309 -142.674 0.0197926 0.999768 0.00850273 -8.94364 -0.013797 -0.00823047 0.999871 -1.162
0.999739 -0.0185211 0.0133683 -144.492 0.0184204 0.999801 0.0076093 -9.06248 -0.0135065 -0.00736106 0.999881 -1.15864
0.999739 -0.016902 0.0153472 -146.306 0.0168065 0.999839 0.00633125 -9.16607 -0.0154518 -0.00607166 0.999862 -1.13095
0.999738 -0.0150456 0.0172729 -148.1 0.0149311 0.999866 0.00673315 -9.28881 -0.0173719 -0.00647347 0.999828 -1.13793
0.999753 -0.0136126 0.0175611 -149.865 0.0134745 0.999877 0.00795434 -9.40504 -0.0176672 -0.00771575 0.999814 -1.1339
0.999649 -0.0143807 0.0222405 -151.657 0.0141563 0.999847 0.0102126 -9.5128 -0.022384 -0.00989413 0.9997 -1.11958
0.999576 -0.0152722 0.0248008 -153.482 0.0150277 0.999837 0.0100143 -9.62773 -0.0249497 -0.00963734 0.999642 -1.10197
0.999563 -0.016635 0.0244472 -155.372 0.0163808 0.99981 0.0105612 -9.7453 -0.0246183 -0.0101561 0.999645 -1.09878
0.999504 -0.0177693 0.0260191 -157.303 0.0175199 0.999799 0.0097809 -9.87749 -0.0261876 -0.00932019 0.999613 -1.09304
0.999461 -0.0186863 0.0269827 -159.28 0.0184942 0.999802 0.00735121 -10.0328 -0.0271147 -0.00684823 0.999608 -1.05888
0.999409 -0.0203415 0.0277253 -161.307 0.0201669 0.999775 0.00656216 -10.1643 -0.0278525 -0.00599915 0.999594 -1.05471
0.999278 -0.0230463 0.0302213 -163.413 0.0228411 0.999714 0.00711822 -10.3115 -0.0303767 -0.00642278 0.999517 -1.05066
0.9992 -0.0252778 0.0309863 -165.619 0.0250178 0.999649 0.00875137 -10.4659 -0.0311966 -0.00796916 0.999481 -1.03877
0.999189 -0.0270763 0.0297926 -167.883 0.0268221 0.999601 0.00889956 -10.6342 -0.0300217 -0.00809324 0.999516 -1.01842
0.999162 -0.0281651 0.0297053 -170.21 0.0279017 0.999568 0.00924314 -10.8097 -0.0299527 -0.00840656 0.999515 -1.0152
0.999157 -0.0287822 0.0292909 -172.614 0.0285333 0.999553 0.00888025 -10.9932 -0.0295334 -0.00803699 0.999531 -1.00296
0.999159 -0.0296588 0.0283139 -175.076 0.029426 0.99953 0.00860401 -11.1817 -0.0285558 -0.0077636 0.999562 -0.985481
0.999176 -0.0302778 0.0270397 -177.574 0.0300901 0.99952 0.0073206 -11.3774 -0.0272483 -0.00650094 0.999607 -0.977116
0.999162 -0.0312688 0.0264238 -180.126 0.031125 0.999498 0.00583436 -11.5848 -0.026593 -0.00500702 0.999633 -0.959602
0.999087 -0.0323981 0.0278612 -182.709 0.0322083 0.999455 0.00723301 -11.7969 -0.0280803 -0.00632904 0.999585 -0.951362
0.999031 -0.0339479 0.028005 -185.321 0.0337751 0.999407 0.00661838 -12.0065 -0.028213 -0.0056661 0.999585 -0.917958
0.999003 -0.0344453 0.0284101 -187.945 0.0342834 0.999393 0.00616654 -12.2171 -0.0286052 -0.00518639 0.999577 -0.896387
0.999015 -0.0349408 0.0273524 -190.579 0.034727 0.999363 0.00825318 -12.447 -0.0276233 -0.00729518 0.999591 -0.872462
0.998958 -0.0349217 0.0293817 -193.235 0.0346147 0.999341 0.0108915 -12.654 -0.0297427 -0.00986311 0.999508 -0.849449
0.999037 -0.0348242 0.0266784 -195.914 0.0344933 0.999323 0.0127625 -12.8785 -0.0271048 -0.0118299 0.999562 -0.821973
0.999106 -0.0342125 0.0248197 -198.594 0.0339442 0.999361 0.0111497 -13.1012 -0.0251853 -0.0102972 0.999629 -0.81425
0.999115 -0.0335612 0.0253695 -201.298 0.0333855 0.999416 0.00731573 -13.3162 -0.0256002 -0.00646227 0.999651 -0.758298
0.999142 -0.0331818 0.0247841 -203.979 0.0331465 0.999449 0.00183236 -13.5461 -0.0248313 -0.00100928 0.999691 -0.748382
0.999115 -0.0333965 0.0255667 -206.643 0.0334014 0.999442 0.000237755 -13.7682 -0.0255603 0.000616419 0.999673 -0.711938
0.999202 -0.0340915 0.020815 -209.279 0.0339996 0.99941 0.00475097 -13.9856 -0.0209647 -0.00403947 0.999772 -0.699169
0.999252 -0.0347954 0.0168844 -211.92 0.0346165 0.999342 0.0107766 -14.1956 -0.0172482 -0.0101841 0.999799 -0.667931
0.999201 -0.0339942 0.0210037 -214.511 0.0337817 0.999375 0.0103907 -14.3806 -0.0213438 -0.00967282 0.999725 -0.654289
0.999295 -0.0326832 0.018465 -217.105 0.0325613 0.999446 0.00686512 -14.6019 -0.0186792 -0.00625903 0.999806 -0.628639
0.999351 -0.0312622 0.0179172 -219.659 0.0311558 0.999495 0.00618564 -14.8047 -0.0181015 -0.0056234 0.99982 -0.619121
0.999402 -0.0297869 0.0175425 -222.173 0.029686 0.999541 0.00598651 -14.9996 -0.0177128 -0.00546216 0.999828 -0.602099
0.999431 -0.0285969 0.0179148 -224.638 0.0284859 0.999573 0.0064179 -15.1933 -0.0180907 -0.00590393 0.999818 -0.59631
0.999455 -0.0278926 0.017651 -227.059 0.0277765 0.999591 0.00678776 -15.3812 -0.0178331 -0.00629378 0.999821 -0.582659
0.999454 -0.027583 0.0181825 -229.433 0.027437 0.999589 0.00822792 -15.556 -0.018402 -0.00772455 0.9998 -0.581402
0.999426 -0.0268579 0.0206647 -231.781 0.0266913 0.999609 0.00829731 -15.7492 -0.0208795 -0.00774098 0.999752 -0.564441
0.999446 -0.0257644 0.0210901 -234.087 0.0256233 0.999647 0.00693402 -15.9073 -0.0212613 -0.00638978 0.999753 -0.534374
0.999455 -0.0246135 0.0220002 -236.377 0.0244806 0.99968 0.00628707 -16.0776 -0.0221479 -0.00574507 0.999738 -0.522554
0.999448 -0.023899 0.0230944 -238.677 0.0237562 0.999697 0.00643901 -16.251 -0.0232413 -0.00588681 0.999712 -0.515461
0.999458 -0.022901 0.0236438 -240.95 0.0227822 0.999726 0.00528007 -16.4226 -0.0237583 -0.00473855 0.999706 -0.4949
0.999394 -0.0235643 0.0256036 -243.218 0.0234942 0.999719 0.00303403 -16.5734 -0.0256679 -0.00243066 0.999667 -0.469834
0.999393 -0.0240563 0.0251975 -245.481 0.0239526 0.999703 0.00440552 -16.7452 -0.025296 -0.0037993 0.999672 -0.471116
0.999453 -0.0246468 0.0220407 -247.732 0.0246099 0.999695 0.00193902 -16.9108 -0.0220817 -0.00139554 0.999755 -0.453751
0.999474 -0.0269655 0.0180413 -249.941 0.026908 0.999632 0.00342463 -17.0741 -0.018127 -0.00293738 0.999831 -0.436183
0.999423 -0.0296395 0.0165874 -252.08 0.0295849 0.999556 0.00352327 -17.2352 -0.0166844 -0.00303051 0.999856 -0.413634
0.999272 -0.0329403 0.0192638 -254.119 0.0328795 0.999453 0.00346473 -17.4063 -0.0193674 -0.00282882 0.999808 -0.406903
0.999204 -0.0354349 0.018301 -256.112 0.0353847 0.999369 0.00305786 -17.5859 -0.0183978 -0.00240786 0.999827 -0.372183
0.999116 -0.0376996 0.0186125 -258.026 0.0376502 0.999287 0.00299339 -17.7442 -0.018712 -0.00228998 0.999822 -0.353127
0.999017 -0.0390965 0.0208977 -259.88 0.0390535 0.999234 0.00246196 -17.9055 -0.020978 -0.00164342 0.999778 -0.330988
0.998927 -0.0400177 0.0233118 -261.695 0.0399176 0.999192 0.00474259 -18.0693 -0.0234828 -0.00380695 0.999716 -0.336195
0.998887 -0.0411041 0.0231167 -263.481 0.0410061 0.999148 0.0046957 -18.2432 -0.02329 -0.00374255 0.999721 -0.309069
0.998867 -0.042079 0.0222055 -265.252 0.0419648 0.999103 0.00558494 -18.3962 -0.0224206 -0.00464676 0.999737 -0.296008
0.998853 -0.0431159 0.0208099 -267.006 0.0429661 0.999048 0.00759354 -18.5404 -0.0211174 -0.00669071 0.999754 -0.265952
0.998934 -0.0425392 0.0179318 -268.738 0.0422776 0.998997 0.0147229 -18.6709 -0.0185401 -0.013949 0.99973 -0.257265
0.99893 -0.0415629 0.0202597 -270.453 0.0413095 0.999065 0.0127686 -18.8434 -0.0207715 -0.011918 0.999713 -0.245416
0.998843 -0.041062 0.025046 -272.145 0.0407943 0.999106 0.0111058 -19.0041 -0.0254796 -0.0100712 0.999624 -0.231036
0.998873 -0.0416069 0.0228473 -273.817 0.0414902 0.999123 0.00555771 -19.1718 -0.0230585 -0.00460351 0.999723 -0.227819
0.998836 -0.0427214 0.0224138 -275.472 0.0426814 0.999086 0.00225657 -19.3291 -0.0224897 -0.00129729 0.999746 -0.225446
0.998881 -0.0421316 0.0214817 -277.076 0.0421173 0.999112 0.00111329 -19.467 -0.0215095 -0.000207293 0.999768 -0.219831
0.998961 -0.0400333 0.0217772 -278.689 0.0400212 0.999198 0.000991322 -19.6094 -0.0217994 -0.000118745 0.999762 -0.204622
0.999044 -0.0374509 0.022556 -280.271 0.0374431 0.999298 0.000765921 -19.7518 -0.0225688 7.93748e-05 0.999745 -0.194185
0.999136 -0.0351798 0.0221209 -281.83 0.0351722 0.999381 0.000728627 -19.8832 -0.0221328 5.00427e-05 0.999754 -0.18794
0.999184 -0.034658 0.0207346 -283.356 0.0346784 0.999398 -0.000628149 -20.0192 -0.0207004 0.00134668 0.999784 -0.18131
0.999162 -0.035617 0.0201686 -284.866 0.0356459 0.999364 -0.00107798 -20.1337 -0.0201173 0.001796 0.999795 -0.164936
0.999134 -0.0359142 0.0210111 -286.278 0.0359844 0.999348 -0.00297466 -20.2512 -0.0208906 0.00372815 0.999774 -0.151255
0.999144 -0.0359591 0.0204269 -287.671 0.0360087 0.999349 -0.00206801 -20.3754 -0.0203393 0.00280179 0.999789 -0.13857
0.999149 -0.0359939 0.0201354 -288.344 0.0360012 0.999352 -1.46111e-06 -20.4296 -0.0201223 0.000726356 0.999797 -0.132948
