1 0 0 0 0 1 0 0 0 0 1 0
0.999974 -0.00420585 -0.00581081 -0.722953 0.00420383 0.999991 -0.00035911 -0.0561644 0.00581226 0.000334673 0.999983 0.000886516
0.999966 -0.00643991 -0.00505923 -1.36549 0.00644003 0.999979 6.91054e-06 -0.113232 0.00505908 -3.94919e-05 0.999987 0.00260229
0.999946 -0.00803641 -0.00663287 -2.17397 0.00803475 0.999968 -0.000277018 -0.185805 0.00663488 0.000223709 0.999978 0.0122218
0.999917 -0.00870971 -0.00953769 -2.4991 0.00870779 0.999962 -0.000243271 -0.250302 0.00953944 0.000160199 0.999954 0.0296959
0.99994 -0.00699571 -0.00840652 -2.47433 0.00699884 0.999975 0.000342904 -0.306825 0.00840391 -0.000401719 0.999965 0.0336822
0.999951 -0.00660776 -0.00739629 -2.11484 0.00660788 0.999978 -8.53042e-06 -0.311657 0.00739619 -4.03439e-05 0.999973 0.0375573
0.999958 -0.00456729 -0.00792801 -2.21056 0.00456739 0.99999 -5.24027e-06 -0.356318 0.00792795 -3.09703e-05 0.999969 0.0467331
0.999961 -0.00364483 -0.00809632 -2.40293 0.00365099 0.999993 0.000746484 -0.370017 0.00809354 -0.000776014 0.999967 0.0312228
0.999827 -0.00244255 -0.0184448 -3.12114 0.00245197 0.999997 0.000488154 -0.431284 0.0184436 -0.000533295 0.99983 0.0145095
0.999892 0.00112304 -0.0146676 -4.54527 -0.0010876 0.999996 0.00242379 -0.523692 0.0146703 -0.00240757 0.999889 -0.0328074
0.999922 0.00420249 -0.011764 -7.26073 -0.0041498 0.999981 0.00449909 -0.647302 0.0117827 -0.00444992 0.999921 -0.111627
0.999892 0.00646475 -0.0131594 -9.98878 -0.00639283 0.999964 0.00549977 -0.761861 0.0131945 -0.00541505 0.999898 -0.214873
0.999883 0.00814288 -0.0129664 -12.7309 -0.00805115 0.999942 0.00711094 -0.863884 0.0130236 -0.00700571 0.999891 -0.303002
0.999871 0.0100374 -0.0125027 -15.463 -0.00995119 0.999926 0.00694164 -0.981184 0.0125715 -0.00681633 0.999898 -0.396925
0.999843 0.0119444 -0.0130628 -18.2044 -0.0118458 0.999901 0.0075986 -1.08686 0.0131523 -0.00744267 0.999886 -0.489357
0.999819 0.0127231 -0.0141456 -20.9726 -0.0126095 0.999888 0.00809491 -1.19563 0.014247 -0.00791507 0.999867 -0.576633
0.999808 0.0131335 -0.0145391 -23.7142 -0.0130165 0.999882 0.00810877 -1.2922 0.0146439 -0.00791796 0.999861 -0.676002
0.999818 0.0134878 -0.0134686 -26.4392 -0.0133564 0.999863 0.00979471 -1.37587 0.0135989 -0.00961304 0.999861 -0.764563
0.999818 0.0137309 -0.0132569 -29.1797 -0.0135894 0.99985 0.0107103 -1.48268 0.0134019 -0.0105282 0.999855 -0.843808
0.999813 0.0142309 -0.0130776 -31.9182 -0.014078 0.999832 0.0117051 -1.55817 0.013242 -0.0115188 0.999846 -0.932217
0.999822 0.0148189 -0.011641 -34.6511 -0.0146654 0.999806 0.0131606 -1.64415 0.0118338 -0.0129876 0.999846 -1.01829
0.99985 0.0148279 -0.00891691 -37.3818 -0.014702 0.999793 0.0140247 -1.72078 0.00912303 -0.0138915 0.999862 -1.0979
0.999866 0.0148083 -0.00696625 -40.1149 -0.0146994 0.999773 0.0154375 -1.81842 0.00719327 -0.015333 0.999856 -1.16911
0.999885 0.0143653 -0.00490599 -42.8424 -0.0142801 0.999754 0.016977 -1.87586 0.00514866 -0.0169049 0.999844 -1.21548
0.999889 0.0143819 -0.0037847 -45.5688 -0.0143103 0.99973 0.0183016 -1.96948 0.00404689 -0.0182454 0.999825 -1.2849
0.999867 0.0152236 -0.00574228 -48.3022 -0.0151215 0.999734 0.0174318 -2.06668 0.00600612 -0.0173426 0.999831 -1.34186
0.999832 0.0159737 -0.00900124 -51.072 -0.0158203 0.999733 0.0168591 -2.15405 0.00926813 -0.0167138 0.999817 -1.40858
0.999822 0.017542 -0.0069195 -53.8172 -0.0174145 0.999685 0.0180793 -2.24101 0.00723447 -0.0179555 0.999812 -1.49346
0.999801 0.0197566 -0.00276966 -56.5289 -0.0197101 0.999679 0.0158998 -2.34119 0.0030829 -0.0158421 0.99987 -1.55339
0.999763 0.0217057 -0.00168174 -59.2762 -0.0216792 0.99966 0.0144633 -2.42805 0.00199511 -0.0144234 0.999894 -1.58507
0.999723 0.0234635 -0.00185655 -62.0167 -0.0234352 0.999626 0.0140544 -2.49215 0.00218562 -0.014007 0.999899 -1.62964
0.999684 0.0249509 -0.00300401 -64.762 -0.0249013 0.999569 0.0155603 -2.56609 0.00339096 -0.0154806 0.999874 -1.702
0.999644 0.0265672 -0.00232351 -67.4872 -0.0265318 0.999548 0.0141245 -2.62214 0.00269771 -0.0140578 0.999897 -1.74756
0.999624 0.0273892 -0.000747766 -70.2286 -0.0273751 0.999514 0.0149287 -2.68996 0.00115629 -0.0149026 0.999888 -1.7747
0.999617 0.027502 -0.00312935 -72.975 -0.0274559 0.999526 0.0139369 -2.74555 0.00351116 -0.0138457 0.999898 -1.80604
0.999622 0.027486 -0.000583546 -75.7096 -0.0274748 0.999519 0.0143589 -2.81052 0.000977934 -0.0143374 0.999897 -1.86587
0.999632 0.0271175 0.000520669 -78.4473 -0.0271224 0.999507 0.0157876 -2.87669 -9.22944e-05 -0.0157959 0.999875 -1.89878
0.999634 0.0269893 -0.00163363 -81.1817 -0.0269579 0.999494 0.0169029 -2.93435 0.002089 -0.0168527 0.999856 -1.96191
0.999677 0.0253819 0.000738752 -83.9591 -0.0253909 0.999523 0.0175605 -2.98943 -0.000292682 -0.0175736 0.999845 -2.00253
0.999696 0.0246009 0.00163342 -86.7114 -0.0246288 0.999495 0.0200916 -3.03389 -0.00113832 -0.0201258 0.999797 -2.0666
0.999695 0.0246847 -0.000722485 -89.453 -0.0246618 0.999436 0.0227878 -3.09391 0.00128459 -0.022763 0.99974 -2.12274
0.999699 0.0243758 0.00263926 -92.1677 -0.0244322 0.999413 0.0240257 -3.16023 -0.00205206 -0.024083 0.999708 -2.16136
0.999695 0.0246777 0.00035602 -94.9485 -0.024679 0.999394 0.0245292 -3.23876 0.00024952 -0.0245305 0.999699 -2.21681
0.999705 0.0239824 0.0039103 -97.7005 -0.0240815 0.999327 0.0276601 -3.31303 -0.00324432 -0.0277461 0.99961 -2.25329
0.999727 0.0233302 0.00148966 -100.445 -0.0233637 0.999305 0.0290306 -3.38687 -0.000811333 -0.0290575 0.999577 -2.28658
0.999725 0.0234207 -0.000938357 -103.159 -0.0233872 0.999368 0.0267528 -3.44146 0.00156433 -0.0267235 0.999642 -2.26354
0.999697 0.0246081 -0.000666696 -105.853 -0.0245865 0.999436 0.0228718 -3.50169 0.00122915 -0.0228485 0.999738 -2.18599
0.999683 0.0250969 -0.00213376 -108.56 -0.0250382 0.999395 0.0241181 -3.57822 0.00273776 -0.024057 0.999707 -2.23685
0.999666 0.0257854 -0.0013967 -111.23 -0.0257422 0.999353 0.0251238 -3.64678 0.00204362 -0.0250794 0.999683 -2.30811
0.999659 0.0260827 0.000737706 -113.907 -0.026093 0.999357 0.0246022 -3.71706 -9.55405e-05 -0.0246131 0.999697 -2.3536
0.999678 0.0253085 0.00155566 -116.627 -0.0253396 0.999363 0.0251101 -3.78767 -0.000919168 -0.0251415 0.999683 -2.40095
0.999691 0.0248365 -0.000350218 -119.295 -0.0248196 0.999369 0.0254142 -3.83804 0.000981194 -0.0253977 0.999677 -2.41504
0.99969 0.0248787 0.00021834 -121.951 -0.0248759 0.999344 0.026309 -3.89704 0.000436336 -0.0263063 0.999654 -2.43751
0.99968 0.0252677 -0.000388915 -124.601 -0.0252487 0.999335 0.0262893 -3.95555 0.00105292 -0.0262711 0.999654 -2.46268
0.99965 0.026378 -0.00183508 -127.243 -0.0263194 0.999294 0.0268057 -4.03309 0.00254087 -0.026748 0.999639 -2.51725
0.999635 0.0269971 0.000925022 -129.906 -0.0270117 0.999329 0.0247561 -4.08309 -0.000256061 -0.024772 0.999693 -2.55821
0.999589 0.028425 0.00368612 -132.533 -0.0285143 0.99923 0.0269707 -4.14359 -0.00291664 -0.0270647 0.999629 -2.61485
0.999562 0.0288856 0.00639093 -135.186 -0.029053 0.999189 0.0278713 -4.19292 -0.00558068 -0.0280447 0.999591 -2.64975
0.999504 0.0298273 0.0100962 -137.833 -0.0301236 0.999078 0.030593 -4.26901 -0.00917437 -0.030882 0.999481 -2.71847
0.999496 0.0303391 0.00933286 -140.478 -0.0306324 0.998984 0.0330701 -4.2996 -0.00832006 -0.0333393 0.99941 -2.75824
0.999479 0.0311169 0.00852093 -143.136 -0.0313983 0.998888 0.035174 -4.35027 -0.00741695 -0.0354233 0.999345 -2.79342
0.999478 0.0317609 0.00594453 -145.781 -0.0319512 0.998867 0.0352671 -4.37481 -0.00481768 -0.0354387 0.99936 -2.79381
0.99944 0.0329461 0.00574824 -148.414 -0.0331312 0.998809 0.0358107 -4.42383 -0.00456158 -0.0359811 0.999342 -2.80407
0.999454 0.0328443 0.00364991 -151.088 -0.0329535 0.998825 0.0355424 -4.48175 -0.00247826 -0.0356432 0.999362 -2.8322
0.99945 0.0329395 0.00374644 -153.691 -0.0330495 0.998856 0.0345574 -4.51886 -0.00260385 -0.0346622 0.999396 -2.86817
0.999449 0.0329118 0.00436967 -156.267 -0.0330337 0.998954 0.0316249 -4.55551 -0.00332428 -0.0317518 0.99949 -2.8368
0.999438 0.0330004 0.00588678 -158.856 -0.0331748 0.998921 0.0325077 -4.59645 -0.00480766 -0.0326847 0.999454 -2.87537
0.999417 0.0335891 0.00602659 -161.423 -0.0337748 0.998853 0.0339455 -4.63435 -0.00487948 -0.0341293 0.999406 -2.93668
0.999413 0.0337931 0.00556219 -163.931 -0.0339669 0.998815 0.0348578 -4.67547 -0.00437765 -0.0350263 0.999377 -2.96237
0.999401 0.0340954 0.0058926 -166.471 -0.0342878 0.998748 0.0364187 -4.7105 -0.00464352 -0.0365989 0.999319 -2.98922
0.999433 0.0333406 0.00461134 -168.96 -0.03349 0.99874 0.0373874 -4.73442 -0.00335902 -0.0375206 0.99929 -3.00693
0.999479 0.0320656 0.00369169 -171.425 -0.0321833 0.998754 0.0381452 -4.76327 -0.00246394 -0.0382441 0.999265 -3.01148
0.999539 0.0300662 0.00416476 -173.819 -0.0302045 0.998802 0.0384932 -4.80668 -0.00300243 -0.0386012 0.99925 -3.05239
0.999646 0.0260033 0.00560731 -176.23 -0.0262043 0.998881 0.039384 -4.85747 -0.00457692 -0.039517 0.999209 -3.07921
0.999735 0.0222139 0.00605769 -178.626 -0.0224346 0.99898 0.0391878 -4.91401 -0.005181 -0.0393133 0.999214 -3.10462
0.999812 0.0184883 0.00585506 -180.993 -0.0187006 0.999081 0.0385697 -4.98504 -0.00513659 -0.038672 0.999239 -3.10959
0.999872 0.014675 0.00638827 -183.368 -0.0149075 0.999166 0.0380025 -5.06121 -0.00582526 -0.0380929 0.999257 -3.10575
0.999889 0.0116931 0.00926884 -185.707 -0.0120273 0.999248 0.0368558 -5.14205 -0.00883092 -0.0369632 0.999278 -3.14512
0.999865 0.00952854 0.0134121 -188.072 -0.0100787 0.999085 0.0415694 -5.23396 -0.0130038 -0.0416989 0.999046 -3.1357
0.999925 0.00848125 0.00880202 -190.479 -0.00884187 0.999088 0.0417743 -5.32011 -0.0084397 -0.041849 0.999088 -3.14186
0.999868 0.00897547 0.0135135 -192.872 -0.00952456 0.999108 0.0411331 -5.43107 -0.0131322 -0.0412564 0.999062 -3.17454
0.999843 0.0104622 0.0142602 -195.321 -0.0109934 0.999229 0.0376967 -5.51444 -0.0138549 -0.0378476 0.999187 -3.17636
0.99986 0.011967 0.0116873 -197.804 -0.0123725 0.999302 0.0352656 -5.60913 -0.0112571 -0.0354053 0.99931 -3.19531
0.999833 0.0141243 0.0115856 -200.307 -0.0145398 0.999224 0.0365997 -5.69513 -0.0110596 -0.0367621 0.999263 -3.21362
0.999798 0.0169312 0.0108037 -202.85 -0.0172995 0.999239 0.0349595 -5.76937 -0.0102036 -0.0351393 0.99933 -3.19511
0.999748 0.0203704 0.00940895 -205.411 -0.0207021 0.999115 0.0366108 -5.83627 -0.00865486 -0.0367964 0.999285 -3.22167
0.999663 0.0242467 0.00930639 -208.03 -0.0245955 0.998921 0.0393907 -5.90461 -0.00834127 -0.0396063 0.99918 -3.26187
0.999559 0.0286877 0.00766351 -210.664 -0.0289667 0.998812 0.0391859 -5.95853 -0.00653026 -0.0393906 0.999202 -3.28396
0.999432 0.0321116 0.0102102 -213.332 -0.0324786 0.998747 0.0380767 -5.99426 -0.00897468 -0.0383867 0.999223 -3.27921
0.999306 0.0361841 0.00879338 -215.986 -0.0365013 0.998569 0.0390894 -6.03124 -0.00736639 -0.0393833 0.999197 -3.26755
0.999173 0.0398598 0.00797799 -218.611 -0.0401494 0.998384 0.040223 -6.03736 -0.00636182 -0.0405101 0.999159 -3.30265
0.999155 0.0406089 0.00626262 -221.3 -0.040834 0.998307 0.0414151 -6.05175 -0.00457021 -0.0416359 0.999122 -3.32792
0.999266 0.0375066 0.00772482 -224.017 -0.037786 0.998488 0.039925 -6.07618 -0.00621569 -0.0401876 0.999173 -3.34827
0.999423 0.0334067 0.0061083 -226.719 -0.0336213 0.998663 0.0392697 -6.1114 -0.00478827 -0.0394524 0.99921 -3.37818
0.999605 0.0278087 0.00393796 -229.408 -0.0279415 0.998845 0.0390837 -6.17354 -0.00284656 -0.0391783 0.999228 -3.38479
0.999785 0.0206044 0.00240965 -232.108 -0.0206782 0.99913 0.03623 -6.24492 -0.00166107 -0.036272 0.99934 -3.3826
0.999902 0.0132685 0.00452908 -234.781 -0.0134036 0.999422 0.0312326 -6.34607 -0.00411206 -0.0312902 0.999502 -3.38706
0.999982 0.00515902 0.00288209 -237.483 -0.00524444 0.999522 0.0304624 -6.45402 -0.00272357 -0.030477 0.999532 -3.42284
0.999995 -0.0024324 -0.00216405 -240.193 0.00249208 0.999605 0.0280141 -6.59771 0.00209504 -0.0280194 0.999605 -3.45718
0.999969 -0.00786941 -0.000734252 -242.895 0.00788638 0.999604 0.0270219 -6.75561 0.000521304 -0.0270269 0.999634 -3.51048
0.999928 -0.0119199 0.00105488 -245.608 0.0118902 0.999625 0.0246835 -6.9342 -0.00134872 -0.0246692 0.999695 -3.53774
0.999895 -0.014284 -0.00255867 -248.305 0.0143377 0.999648 0.0223553 -7.11804 0.00223844 -0.0223896 0.999747 -3.58046
0.999894 -0.014491 -0.000964549 -251.025 0.0145094 0.999628 0.0231027 -7.28966 0.000629399 -0.0231142 0.999732 -3.61634
0.999889 -0.0139391 -0.00529585 -253.751 0.014058 0.999634 0.0231068 -7.47532 0.00497181 -0.0231787 0.999719 -3.64566
0.999922 -0.0119631 -0.00363785 -256.457 0.0120346 0.999722 0.0202875 -7.65342 0.00339413 -0.0203296 0.999787 -3.68573
0.999958 -0.0088783 -0.00215053 -259.169 0.00892167 0.999738 0.0210718 -7.81281 0.00196288 -0.0210901 0.999776 -3.74215
0.999985 -0.00484229 -0.00233789 -261.881 0.0048914 0.999758 0.0214766 -7.95215 0.00223332 -0.0214877 0.999766 -3.79936
0.999986 -0.000483824 0.00516183 -264.6 0.000381231 0.999803 0.0198591 -8.1055 -0.00517043 -0.0198568 0.999789 -3.82487
0.999981 0.00493886 0.00366311 -267.333 -0.00500784 0.999806 0.0190698 -8.25078 -0.00356823 -0.0190878 0.999811 -3.85949
0.99995 0.00966046 0.00241183 -270.065 -0.00970374 0.99978 0.0186321 -8.36204 -0.00223132 -0.0186546 0.999823 -3.89398
0.999883 0.0149851 0.00291116 -272.787 -0.0150356 0.999722 0.0181584 -8.46046 -0.00263825 -0.0182 0.999831 -3.93469
0.99977 0.0214144 -0.00147923 -275.522 -0.0213856 0.999621 0.0173234 -8.5243 0.00184963 -0.0172877 0.999849 -3.97867
0.999612 0.0276696 -0.00317573 -278.242 -0.0276123 0.999477 0.016845 -8.6101 0.00364015 -0.0167508 0.999853 -4.03525
0.999398 0.0344255 0.00435995 -280.956 -0.0344959 0.999256 0.0172632 -8.65489 -0.00376242 -0.0174032 0.999841 -4.09226
0.999231 0.039188 0.00137425 -283.669 -0.039208 0.99902 0.0205485 -8.6897 -0.000567665 -0.0205866 0.999788 -4.14502
0.999316 0.0369461 -0.0012561 -286.359 -0.0368969 0.998931 0.0278585 -8.69376 0.00228401 -0.0277931 0.999611 -4.17973
0.999389 0.0349447 0.00085641 -288.981 -0.034955 0.998996 0.0280137 -8.72075 0.000123368 -0.0280265 0.999607 -4.20919
0.999438 0.0332786 -0.00399224 -291.605 -0.0331727 0.999157 0.0241763 -8.78516 0.00479342 -0.0240303 0.9997 -4.25457
0.999496 0.0313402 -0.00492203 -294.185 -0.0312089 0.999205 0.0248047 -8.83503 0.00569549 -0.0246386 0.99968 -4.29598
0.999561 0.0286747 -0.00741332 -296.714 -0.0284604 0.999215 0.0275612 -8.87832 0.0081978 -0.0273382 0.999592 -4.32027
0.999594 0.0273692 -0.00790755 -299.159 -0.0271311 0.999217 0.0288015 -8.91844 0.00868963 -0.0285753 0.999554 -4.36476
0.999653 0.0254811 -0.00667195 -301.54 -0.0252883 0.999301 0.0275411 -8.98723 0.00736905 -0.0273628 0.999598 -4.38286
0.999693 0.0243441 -0.00467409 -303.895 -0.0241969 0.999278 0.0293138 -9.04107 0.00538431 -0.0291916 0.999559 -4.42315
0.99973 0.0228951 -0.0039291 -306.174 -0.0227681 0.999297 0.029794 -9.09703 0.00460847 -0.0296965 0.999548 -4.44995
0.999746 0.0221317 -0.00435236 -307.291 -0.0219914 0.999308 0.0300027 -9.1294 0.00501335 -0.0298993 0.99954 -4.45701
