1 0 0 0 0 1 0 0 0 0 1 0
1 -0.000204763 -0.000460836 0.008568 0.000204708 1 -0.000119017 0.00359069 0.00046086 0.000118922 1 0.00178067
1 -0.000194428 -0.000529937 0.00955482 0.000194249 1 -0.000337479 -0.000389487 0.000530003 0.000337376 1 -0.00129451
1 -0.00018639 -0.000239358 0.015597 0.00018613 0.999999 -0.00108474 0.00351751 0.00023956 0.0010847 0.999999 -0.00487842
1 6.4367e-05 -1.67927e-05 0.0232754 -6.43968e-05 0.999998 -0.00178186 0.00103504 1.66778e-05 0.00178186 0.999998 -0.00727896
1 3.75088e-05 -0.00013051 0.020646 -3.77527e-05 0.999998 -0.00186882 0.00293969 0.000130439 0.00186883 0.999998 -0.00810074
1 0.000168078 -0.000149622 0.0188558 -0.00016837 0.999998 -0.00195524 0.00395786 0.000149293 0.00195526 0.999998 -0.017388
1 8.88703e-05 -0.000379026 0.0230136 -9.00865e-05 0.999995 -0.00320985 0.0026138 0.000378738 0.00320988 0.999995 -0.0259389
1 8.68557e-05 -0.000383656 0.0239577 -8.81987e-05 0.999994 -0.00350168 0.00390672 0.000383349 0.00350171 0.999994 -0.0238615
1 0.000214245 -0.000356932 0.034219 -0.000215457 0.999994 -0.00339782 0.00604825 0.000356201 0.00339789 0.999994 -0.0337367
1 9.1999e-05 -0.000386761 0.0329708 -9.33624e-05 0.999994 -0.00352632 0.00413731 0.000386434 0.00352635 0.999994 -0.0273983
1 -4.41563e-05 -0.000434408 0.0345537 4.28508e-05 0.999996 -0.00300473 0.00177472 0.000434538 0.00300471 0.999995 -0.0215756
1 6.59767e-05 -0.000385168 0.0336733 -6.72644e-05 0.999994 -0.00334401 0.00445967 0.000384945 0.00334403 0.999994 -0.0194088
1 0.00025293 0.000208683 0.0398384 -0.000252297 0.999995 -0.00302872 0.00416746 -0.000209448 0.00302867 0.999995 -0.0220508
1 0.000407608 0.000290202 0.0435335 -0.000406712 0.999995 -0.00307846 0.00446986 -0.000291455 0.00307834 0.999995 -0.0189558
1 0.000526214 0.000504334 0.0517195 -0.000524955 0.999997 -0.00249165 0.00695931 -0.000505644 0.00249138 0.999997 -0.026285
1 0.000542916 0.000352205 0.0544293 -0.000541943 0.999996 -0.00275895 0.00190071 -0.000353701 0.00275876 0.999996 -0.0202278
1 0.000520975 0.000397481 0.0593084 -0.000519824 0.999996 -0.00289123 0.00431775 -0.000398985 0.00289103 0.999996 -0.014568
1 0.000641092 0.000506298 0.0655978 -0.000639776 0.999996 -0.00259469 0.0100593 -0.00050796 0.00259436 0.999996 -0.0179777
1 0.000627594 0.000629621 0.074743 -0.000625859 0.999996 -0.00275289 0.00823787 -0.000631346 0.00275249 0.999996 -0.0176821
0.999999 0.000743057 0.00103805 0.086274 -0.000740382 0.999996 -0.00257468 0.00648488 -0.00103996 0.00257391 0.999996 -0.0194955
0.999999 0.000702727 0.00126381 0.0917562 -0.000698885 0.999995 -0.00303819 0.0062259 -0.00126594 0.0030373 0.999995 -0.00792126
0.999998 0.000847185 0.00186389 0.108052 -0.000842074 0.999996 -0.00274141 0.0106409 -0.00186621 0.00273983 0.999994 -0.00825383
0.999997 0.000960243 0.00233684 0.121198 -0.000954392 0.999996 -0.00250389 0.0114923 -0.00233924 0.00250165 0.999994 -0.00877506
0.999995 0.0010586 0.00286213 0.134966 -0.00105116 0.999996 -0.00259771 0.0162928 -0.00286487 0.00259469 0.999992 -0.0103875
0.999995 0.001006 0.00310828 0.135913 -0.000998266 0.999996 -0.00248925 0.0136984 -0.00311077 0.00248613 0.999992 -0.0115934
0.999992 0.00123324 0.003748 0.145006 -0.00122362 0.999996 -0.00256561 0.0110926 -0.00375115 0.00256101 0.99999 -0.0124035
0.999992 0.00119791 0.00379207 0.123568 -0.00118783 0.999996 -0.00266 0.0168731 -0.00379524 0.00265547 0.999989 -0.0173603
0.99999 0.00110899 0.00438198 0.0983991 -0.00109659 0.999995 -0.00283019 0.020684 -0.0043851 0.00282536 0.999986 -0.00394976
0.999985 0.00124713 0.00538574 0.061099 -0.00123072 0.999995 -0.0030484 0.0132926 -0.00538952 0.00304172 0.999981 -5.8003e-05
0.999974 0.00128709 0.00711264 -0.00739836 -0.00127422 0.999997 -0.00181355 0.00800198 -0.00711496 0.00180444 0.999973 -0.024307
0.999956 0.00119987 0.00927678 -0.134483 -0.00118479 0.999998 -0.00163062 0.00436993 -0.00927872 0.00161956 0.999956 -0.0451722
0.99993 0.00276822 0.0115131 -0.317729 -0.00274155 0.999994 -0.0023318 0.000551141 -0.0115194 0.00230007 0.999931 -0.0420932
0.9999 0.0061091 0.0127422 -0.560379 -0.00607104 0.999977 -0.00302354 -0.00566261 -0.0127604 0.00294588 0.999914 -0.0332438
0.999856 0.0105402 0.013323 -0.931709 -0.0105157 0.999943 -0.00190688 -0.0143443 -0.0133423 0.00176651 0.999909 -0.0609525
0.999798 0.015206 0.0131378 -1.40696 -0.0151784 0.999882 -0.00219984 -0.0097347 -0.0131697 0.00199999 0.999911 -0.0531522
0.99974 0.0184506 0.0133809 -1.96603 -0.0184401 0.99983 -0.000907046 -0.0256464 -0.0133953 0.000660066 0.99991 -0.0800576
0.999767 0.0162188 0.0142158 -2.62282 -0.0162195 0.999868 -6.26623e-05 -0.0445528 -0.0142149 -0.000167924 0.999899 -0.0932053
0.999838 0.0103283 0.0147456 -3.38716 -0.0103336 0.999947 0.000283227 -0.0748258 -0.0147419 -0.000435556 0.999891 -0.110901
0.999878 0.00438784 0.0150078 -4.24756 -0.00440044 0.99999 0.000806574 -0.108775 -0.0150041 -0.000872515 0.999887 -0.120363
0.99987 0.00125131 0.0160392 -5.20162 -0.0012683 0.999999 0.00104896 -0.14679 -0.0160378 -0.00106916 0.999871 -0.120589
0.999867 0.00147061 0.0162384 -6.21281 -0.00149052 0.999998 0.00121435 -0.192611 -0.0162366 -0.00123839 0.999867 -0.133033
0.999851 0.00243537 0.0170496 -7.31913 -0.00249302 0.999991 0.00336114 -0.244013 -0.0170413 -0.00340315 0.999849 -0.179299
0.999843 0.0022218 0.017571 -8.50538 -0.00230305 0.999987 0.00460502 -0.293489 -0.0175605 -0.00464476 0.999835 -0.195651
0.999847 0.00221892 0.0173145 -9.76466 -0.00227893 0.999991 0.0034471 -0.354967 -0.0173067 -0.00348603 0.999844 -0.190126
0.999849 0.00253527 0.0171869 -11.0821 -0.00260817 0.999988 0.00422108 -0.390292 -0.0171759 -0.00426526 0.999843 -0.211299
0.999847 0.00235064 0.0173407 -12.4517 -0.0024249 0.999988 0.0042629 -0.450612 -0.0173304 -0.0043043 0.99984 -0.218587
0.999841 0.00308557 0.0175456 -13.8621 -0.00314449 0.99999 0.0033314 -0.531965 -0.0175352 -0.00338604 0.99984 -0.218205
0.999837 0.00144718 0.0180045 -15.2783 -0.00148684 0.999997 0.00218952 -0.601833 -0.0180013 -0.00221594 0.999835 -0.226401
0.999817 -0.00367424 0.0187403 -16.7521 0.00366181 0.999993 0.000697751 -0.655719 -0.0187427 -0.000628998 0.999824 -0.231823
0.999771 -0.010249 0.0187926 -18.244 0.0102301 0.999947 0.00110071 -0.751175 -0.0188029 -0.000908204 0.999823 -0.234154
0.999668 -0.0172097 0.0191416 -19.7688 0.0171857 0.999851 0.00142072 -0.846849 -0.0191632 -0.00109128 0.999816 -0.252323
0.999536 -0.023444 0.0194156 -21.2982 0.0233865 0.999721 0.00317937 -0.928715 -0.0194847 -0.00272383 0.999806 -0.290131
0.999385 -0.0288211 0.019978 -22.8522 0.0287667 0.999582 0.00300412 -1.05683 -0.0200562 -0.00242757 0.999796 -0.256639
0.999228 -0.0339339 0.0197749 -24.4556 0.0338844 0.999422 0.00283225 -1.20978 -0.0198596 -0.00216 0.9998 -0.245549
0.998957 -0.0409931 0.0200774 -26.0682 0.0408782 0.999145 0.00610469 -1.35369 -0.0203105 -0.0052776 0.99978 -0.234382
0.99856 -0.0496796 0.0202274 -27.6776 0.0495555 0.99875 0.0065918 -1.49433 -0.0205296 -0.00557993 0.999774 -0.2368
0.99815 -0.0572737 0.0204044 -29.3191 0.0571556 0.998345 0.00632985 -1.67796 -0.0207332 -0.00515192 0.999772 -0.250927
0.997885 -0.0611546 0.0220298 -30.9752 0.0610358 0.998117 0.0060286 -1.85928 -0.022357 -0.00467124 0.999739 -0.240975
0.997737 -0.0631505 0.0230632 -32.6686 0.0630429 0.997996 0.00536396 -2.05038 -0.0233557 -0.00389785 0.999719 -0.255761
0.997881 -0.0604211 0.0241207 -34.3868 0.0603297 0.998168 0.00450058 -2.2433 -0.0243484 -0.00303586 0.999699 -0.251217
0.998307 -0.051292 0.0274066 -36.1475 0.0512184 0.998682 0.00338359 -2.42258 -0.0275441 -0.00197414 0.999618 -0.2652
0.998773 -0.0399831 0.0292271 -37.9084 0.0400013 0.999199 -3.51372e-05 -2.57608 -0.0292023 0.00120421 0.999573 -0.259643
0.999075 -0.0287607 0.0319476 -39.738 0.0288029 0.999584 -0.000859408 -2.69987 -0.0319097 0.0017788 0.999489 -0.269881
0.999256 -0.0193015 0.0333761 -41.6033 0.0193476 0.999812 -0.00105689 -2.83862 -0.0333494 0.00170185 0.999442 -0.240332
0.999315 -0.0134159 0.0344925 -43.5093 0.0134979 0.999906 -0.00214527 -2.9491 -0.0344605 0.00260938 0.999402 -0.193676
0.999357 -0.0101102 0.0343847 -45.4587 0.0102297 0.999942 -0.0033005 -3.05509 -0.0343494 0.00365012 0.999403 -0.179088
0.999457 -0.00847694 0.0318383 -47.4317 0.00853622 0.999962 -0.0017259 -3.14087 -0.0318224 0.00199674 0.999491 -0.191252
0.999435 -0.00765642 0.0327181 -49.4221 0.00766178 0.99997 -3.7818e-05 -3.25309 -0.0327168 0.000288474 0.999464 -0.177685
0.999368 -0.00774255 0.0346909 -51.4521 0.00770614 0.999969 0.00118369 -3.35685 -0.034699 -0.000915608 0.999397 -0.161484
0.999444 -0.00545708 0.0328887 -53.5153 0.00543907 0.999985 0.000637886 -3.45947 -0.0328917 -0.000458648 0.999459 -0.0971696
0.999615 -0.000917609 0.027711 -55.631 0.000864901 0.999997 0.00191492 -3.56476 -0.0277127 -0.00189022 0.999614 -0.103238
0.999485 0.00474786 0.031713 -57.7357 -0.00483976 0.999984 0.00282226 -3.63367 -0.0316991 -0.00297429 0.999493 -0.103336
0.999499 0.0122069 0.0291946 -59.8635 -0.0122724 0.999922 0.00206545 -3.71056 -0.0291671 -0.0024227 0.999571 -0.0437601
0.999445 0.0185323 0.0276686 -62.0073 -0.0186266 0.999821 0.00315663 -3.76673 -0.0276052 -0.00367025 0.999612 -0.0172286
0.999437 0.0211734 0.0260212 -64.1545 -0.0213387 0.999753 0.00609131 -3.81024 -0.0258858 -0.00664314 0.999643 0.000731938
0.999482 0.0198975 0.0252671 -66.3308 -0.0201339 0.999755 0.00913763 -3.86979 -0.0250791 -0.00964163 0.999639 0.0131617
0.999635 0.0142293 0.0229561 -68.4727 -0.0144578 0.999847 0.00981813 -3.92718 -0.0228128 -0.0101464 0.999688 0.0450886
0.999707 0.00706163 0.023138 -70.6285 -0.00731334 0.999914 0.0108134 -4.01607 -0.0230597 -0.0109795 0.999674 0.0582358
0.999686 -0.00106692 0.025026 -72.7703 0.000780269 0.999934 0.0114622 -4.10363 -0.0250366 -0.0114391 0.999621 0.104805
0.999706 -0.00699727 0.0231992 -74.954 0.00669887 0.999894 0.0129162 -4.20734 -0.0232871 -0.012757 0.999647 0.10216
0.999679 -0.00924037 0.0235637 -77.1145 0.00898324 0.999899 0.0109955 -4.34594 -0.023663 -0.0107803 0.999662 0.101854
0.999644 -0.00925612 0.025019 -79.295 0.00901515 0.999912 0.00972828 -4.4521 -0.0251068 -0.00949926 0.999639 0.0895125
0.999705 -0.00857871 0.0227066 -81.4805 0.00841762 0.999938 0.00718162 -4.57137 -0.0227668 -0.00698837 0.999716 0.129591
0.99966 -0.0080924 0.02477 -83.6644 0.00774216 0.999869 0.0142043 -4.67416 -0.0248817 -0.0140077 0.999592 0.120466
0.999688 -0.00840678 0.0235122 -85.9143 0.00810014 0.999881 0.0131077 -4.7893 -0.0236196 -0.0129132 0.999637 0.15751
0.999518 -0.00831285 0.029886 -88.1267 0.00796158 0.999898 0.0118544 -4.90553 -0.0299815 -0.0116107 0.999483 0.16391
0.999608 -0.00848752 0.026675 -90.3916 0.00813119 0.999876 0.0134393 -5.03542 -0.0267858 -0.0132171 0.999554 0.188232
0.99955 -0.0101579 0.0282057 -92.6689 0.00966716 0.9998 0.017482 -5.15533 -0.0283776 -0.0172014 0.999449 0.186356
0.999492 -0.0123446 0.0293626 -94.9831 0.0117978 0.999755 0.0187261 -5.28121 -0.0295866 -0.0183701 0.999393 0.191957
0.999515 -0.0142785 0.0276772 -97.3794 0.0138548 0.999784 0.0154422 -5.43269 -0.0278917 -0.0150512 0.999497 0.216964
0.999545 -0.0159347 0.0256044 -99.7915 0.0156011 0.999791 0.013176 -5.59218 -0.025809 -0.0127706 0.999585 0.234141
0.999547 -0.014928 0.0261296 -102.235 0.0146536 0.999835 0.0106631 -5.75078 -0.0262845 -0.0102754 0.999601 0.220694
0.999576 -0.0125407 0.0262632 -104.691 0.0123306 0.99989 0.00814557 -5.8913 -0.0263625 -0.00781828 0.999622 0.226649
0.999628 -0.0101975 0.0252726 -107.182 0.00998677 0.999914 0.00845019 -6.00022 -0.0253566 -0.00819467 0.999645 0.226565
0.999727 -0.00728 0.0221932 -109.669 0.0071212 0.999948 0.00722737 -6.15063 -0.0222447 -0.00706736 0.999727 0.255302
0.999696 -0.0045745 0.0242297 -112.153 0.00447631 0.999981 0.00410617 -6.29248 -0.024248 -0.00399647 0.999698 0.285937
0.999614 -0.00127473 0.0277441 -114.615 0.00124437 0.999998 0.00111239 -6.41498 -0.0277455 -0.00107744 0.999614 0.302186
0.99975 -0.000220042 0.0223443 -117.062 0.000233202 0.999999 -0.000585138 -6.51333 -0.0223442 0.000590201 0.99975 0.317413
0.999806 0.000763291 0.0196541 -119.487 -0.000791862 0.999998 0.00144732 -6.6064 -0.019653 -0.0014626 0.999806 0.304972
0.99968 0.00121788 0.0252687 -121.864 -0.00132023 0.999991 0.00403524 -6.70358 -0.0252636 -0.00406731 0.999672 0.306351
0.999728 0.000491259 0.0232878 -124.242 -0.000583875 0.999992 0.00397151 -6.80349 -0.0232857 -0.00398403 0.999721 0.325334
0.999671 -0.00173741 0.0255747 -126.585 0.00168332 0.999996 0.00213732 -6.9082 -0.0255783 -0.00209357 0.99967 0.379883
0.999666 -0.00566715 0.0252155 -128.921 0.00558458 0.999978 0.00334484 -7.00977 -0.0252339 -0.0032029 0.999676 0.366532
0.999617 -0.0111514 0.0253146 -131.252 0.0111098 0.999936 0.00178676 -7.13221 -0.0253329 -0.00150484 0.999678 0.394916
0.999527 -0.0160086 0.0262563 -133.568 0.0160411 0.99987 -0.00102596 -7.27192 -0.0262365 0.00144665 0.999654 0.362584
0.999395 -0.0205024 0.0280862 -135.862 0.0205459 0.999788 -0.00126086 -7.41698 -0.0280544 0.00183715 0.999604 0.424713
0.999314 -0.0237609 0.0283905 -138.139 0.0239037 0.999703 -0.00470252 -7.57791 -0.0282704 0.00537794 0.999586 0.434665
0.999259 -0.024355 0.0298065 -140.424 0.0245558 0.999678 -0.00638669 -7.73089 -0.0296414 0.00711388 0.999535 0.427056
0.999176 -0.0242238 0.0325688 -142.722 0.0245329 0.999657 -0.00912458 -7.89515 -0.0323366 0.00991607 0.999428 0.478175
0.999328 -0.0220572 0.0292504 -145.05 0.0223925 0.999686 -0.0111856 -8.06234 -0.0289945 0.0118331 0.999509 0.48189
0.999382 -0.0192603 0.0293925 -147.359 0.0196144 0.999738 -0.0118048 -8.23229 -0.0291574 0.012374 0.999498 0.524307
0.999457 -0.0170196 0.0281884 -149.671 0.01719 0.999835 -0.00581139 -8.37115 -0.0280848 0.0062928 0.999585 0.539895
0.99935 -0.01677 0.0318873 -152.015 0.0169096 0.999848 -0.00411294 -8.51448 -0.0318135 0.00464947 0.999483 0.554864
0.999173 -0.0172691 0.0367897 -154.35 0.0174753 0.999833 -0.00528893 -8.65137 -0.0366923 0.00592747 0.999309 0.58601
0.999281 -0.0184638 0.0330902 -156.74 0.0188894 0.999742 -0.0125949 -8.83235 -0.0328491 0.0132109 0.999373 0.615675
0.999241 -0.020702 0.0329971 -159.137 0.0211779 0.999675 -0.0141402 -9.00302 -0.0326937 0.0148283 0.999355 0.634342
0.999218 -0.0242077 0.0312451 -161.55 0.0245404 0.999645 -0.0103081 -9.15748 -0.0309845 0.0110668 0.999458 0.649143
0.999156 -0.0275025 0.0304842 -163.956 0.0276392 0.999609 -0.00406915 -9.31384 -0.0303604 0.00490827 0.999527 0.67084
0.999136 -0.0286363 0.0300919 -166.398 0.0287248 0.999584 -0.00251198 -9.47186 -0.0300074 0.0033742 0.999544 0.652763
0.999009 -0.0278202 0.0347158 -168.857 0.028005 0.999596 -0.00484873 -9.67458 -0.0345669 0.00581615 0.999385 0.67221
0.999159 -0.0279556 0.0299909 -171.342 0.0281488 0.999585 -0.0060366 -9.87959 -0.0298097 0.00687573 0.999532 0.722897
0.999153 -0.0287634 0.0294011 -173.842 0.0288842 0.999575 -0.00369119 -10.0582 -0.0292825 0.00453729 0.999561 0.719383
0.998975 -0.0309478 0.0330172 -176.365 0.0309543 0.99952 0.000312393 -10.2443 -0.033011 0.000709951 0.999455 0.734103
0.998974 -0.0314742 0.0325398 -178.901 0.0315214 0.999502 -0.000935089 -10.4277 -0.0324942 0.00195983 0.99947 0.787049
0.998986 -0.0310637 0.0325759 -180.176 0.0311065 0.999515 -0.000806599 -10.5319 -0.032535 0.0018191 0.999469 0.803206
