1 0 0 0 0 1 0 0 0 0 1 0
0.999999 0.00027995 0.00109783 -0.700827 -0.000279347 1 -0.000548817 -0.0645835 -0.00109799 0.000548509 0.999999 -0.0176879
1 -0.000991484 7.89983e-05 -1.35444 0.0009916 0.999998 -0.00148864 -0.091686 -7.75222e-05 0.00148872 0.999999 -0.0267675
0.999973 -0.00733287 0.000753294 -1.90828 0.00733521 0.999968 -0.00316257 -0.14127 -0.00073008 0.00316801 0.999995 -0.0390294
0.99992 -0.0125876 0.000706044 -2.34032 0.0125912 0.999906 -0.00538696 -0.173809 -0.000638169 0.00539542 0.999985 -0.0677303
0.999889 -0.0148115 0.00129286 -2.65041 0.0148169 0.999881 -0.00426972 -0.172046 -0.00122946 0.0042884 0.99999 -0.0613678
0.99989 -0.0144182 0.00357843 -2.85343 0.0144401 0.999877 -0.00615428 -0.19538 -0.00348925 0.00620528 0.999975 -0.0650493
0.999892 -0.0140929 0.00405963 -3.0063 0.0141129 0.999888 -0.00494399 -0.203332 -0.0039895 0.00500076 0.999979 -0.0723801
0.999891 -0.0139408 0.00494363 -3.11091 0.0139579 0.999897 -0.0034407 -0.213035 -0.00489515 0.00350933 0.999982 -0.0794814
0.999868 -0.014892 0.00642804 -3.22205 0.014932 0.999869 -0.00622938 -0.23783 -0.00633443 0.00632454 0.99996 -0.0995718
0.999863 -0.0152384 0.00647144 -3.33192 0.0152745 0.999868 -0.00557442 -0.228806 -0.00638564 0.0056725 0.999963 -0.0976633
0.999867 -0.015223 0.005807 -3.42303 0.0152609 0.999862 -0.00654142 -0.237828 -0.00570662 0.00662917 0.999962 -0.107554
0.999868 -0.0159373 0.00325055 -3.5021 0.0159691 0.999822 -0.00999422 -0.2484 -0.00309069 0.0100448 0.999945 -0.119888
0.999861 -0.0161054 0.00437539 -3.49754 0.0161465 0.999824 -0.00951729 -0.25798 -0.00422134 0.00958661 0.999945 -0.128024
0.999857 -0.0159206 0.00572039 -3.49106 0.015971 0.999833 -0.00887988 -0.26155 -0.00557806 0.00896997 0.999944 -0.137789
0.99984 -0.0166034 0.00659509 -3.47927 0.0166627 0.99982 -0.00905162 -0.248585 -0.00644362 0.00916007 0.999937 -0.146376
0.999843 -0.0166075 0.00612926 -3.48038 0.0166622 0.999821 -0.00899361 -0.249874 -0.0059788 0.00909433 0.999941 -0.148453
0.999838 -0.0167917 0.00654026 -3.48061 0.0168515 0.999816 -0.00919852 -0.246196 -0.00638459 0.00930724 0.999936 -0.151344
0.999838 -0.0167729 0.00648116 -3.48595 0.0168321 0.999816 -0.00919401 -0.247817 -0.00632576 0.00930162 0.999936 -0.150379
0.999837 -0.0168391 0.00655397 -3.46589 0.0168988 0.999815 -0.00916282 -0.247292 -0.00639847 0.00927208 0.999936 -0.158035
0.999838 -0.0167764 0.00657244 -3.4573 0.0168361 0.999816 -0.00914383 -0.249362 -0.00641783 0.009253 0.999936 -0.155763
0.999837 -0.0168275 0.00656162 -3.46143 0.0168879 0.999815 -0.00925767 -0.245195 -0.00640462 0.00936697 0.999935 -0.158094
0.999835 -0.0169542 0.00646305 -3.46538 0.0170145 0.999811 -0.00939118 -0.256808 -0.00630261 0.0094996 0.999935 -0.160534
0.999835 -0.0170285 0.00632108 -3.46994 0.0170882 0.999809 -0.00952758 -0.254766 -0.00615763 0.00963402 0.999934 -0.162936
0.999834 -0.0171047 0.00632859 -3.46496 0.0171647 0.999807 -0.00954974 -0.24071 -0.00616402 0.00965678 0.999934 -0.161663
0.999832 -0.0172337 0.0062658 -3.46081 0.0172948 0.999802 -0.00983331 -0.243672 -0.00609509 0.00994003 0.999932 -0.16613
0.999835 -0.0170271 0.00625647 -3.45603 0.0170876 0.999807 -0.00973378 -0.242502 -0.00608952 0.00983909 0.999933 -0.171316
0.999833 -0.0171671 0.00618793 -3.43945 0.0172275 0.999803 -0.00984592 -0.261066 -0.00601768 0.00995088 0.999932 -0.165251
0.999834 -0.0171674 0.00612898 -3.45003 0.0172275 0.999803 -0.00989296 -0.255669 -0.00595793 0.00999691 0.999932 -0.166219
0.999835 -0.0171526 0.0059184 -3.45874 0.01721 0.999804 -0.00978463 -0.244322 -0.00574941 0.00988488 0.999934 -0.168243
0.999833 -0.0173014 0.00583757 -3.45479 0.0173588 0.9998 -0.0099279 -0.242398 -0.00566463 0.0100276 0.999934 -0.170021
0.999834 -0.017255 0.0058629 -3.45129 0.0173122 0.999802 -0.00984623 -0.246728 -0.00569184 0.0099461 0.999934 -0.174144
0.999835 -0.0172257 0.00576632 -3.4449 0.0172824 0.999801 -0.00993504 -0.25251 -0.00559404 0.0100331 0.999934 -0.167315
0.999835 -0.0171799 0.00579759 -3.43802 0.017237 0.999802 -0.00994383 -0.253922 -0.00562561 0.0100421 0.999934 -0.167767
0.999837 -0.0171665 0.00565244 -3.44648 0.0172209 0.999805 -0.0097249 -0.246484 -0.0054844 0.00982065 0.999937 -0.167964
0.999838 -0.0170253 0.00575617 -3.4515 0.0170811 0.999806 -0.00977942 -0.243364 -0.00558856 0.00987617 0.999936 -0.172299
0.999838 -0.0170772 0.00573753 -3.45715 0.017133 0.999805 -0.009822 -0.238402 -0.00556868 0.00991871 0.999935 -0.167121
0.999838 -0.0170832 0.00563975 -3.45371 0.0171381 0.999805 -0.00982046 -0.244597 -0.00547089 0.00991553 0.999936 -0.168635
0.99984 -0.0169913 0.00547254 -3.45076 0.0170456 0.999805 -0.0100282 -0.248391 -0.00530108 0.0101199 0.999935 -0.171838
0.999845 -0.0167509 0.00533022 -3.45147 0.016803 0.99981 -0.00988056 -0.24709 -0.0051637 0.0099686 0.999937 -0.173774
0.999845 -0.0167931 0.00530844 -3.44939 0.0168455 0.999808 -0.00997867 -0.246604 -0.00513985 0.0100665 0.999936 -0.169168
0.999845 -0.0167768 0.00534541 -3.45238 0.0168292 0.999809 -0.00992151 -0.235322 -0.00517794 0.0100099 0.999936 -0.166474
0.999845 -0.0168016 0.00526681 -3.45614 0.0168535 0.999808 -0.0099774 -0.237295 -0.00509816 0.0100646 0.999936 -0.170248
0.999846 -0.0167182 0.00528731 -3.45395 0.0167707 0.999809 -0.0100321 -0.238471 -0.00511858 0.0101192 0.999936 -0.170837
0.99985 -0.016489 0.0052251 -3.45317 0.0165405 0.999814 -0.00996257 -0.245352 -0.00505986 0.0100475 0.999937 -0.173422
0.99985 -0.0166034 0.0049267 -3.45261 0.0166516 0.999812 -0.00991185 -0.252918 -0.0047612 0.0099924 0.999939 -0.174706
0.99985 -0.0165862 0.00498198 -3.44773 0.0166353 0.999812 -0.00997524 -0.237812 -0.00481559 0.0100566 0.999938 -0.174424
0.999852 -0.0165033 0.00492306 -3.44829 0.0165519 0.999813 -0.00999981 -0.233619 -0.00475711 0.0100798 0.999938 -0.174063
0.999852 -0.016544 0.00475472 -3.44914 0.0165914 0.999811 -0.01012 -0.235908 -0.0045864 0.0101974 0.999938 -0.175752
0.999851 -0.0166299 0.00469671 -3.45057 0.016677 0.999809 -0.0101703 -0.244417 -0.00452668 0.0102471 0.999937 -0.180547
0.999851 -0.0165946 0.00469622 -3.45426 0.0166415 0.99981 -0.0101326 -0.245617 -0.00452719 0.0102092 0.999938 -0.176086
0.999852 -0.0165389 0.00465679 -3.45169 0.0165853 0.999812 -0.010098 -0.242699 -0.00448891 0.0101737 0.999938 -0.170538
0.999853 -0.0165245 0.00445984 -3.45385 0.0165694 0.999811 -0.0102216 -0.239031 -0.00429009 0.010294 0.999938 -0.175484
0.999853 -0.0165321 0.00443965 -3.45213 0.0165772 0.99981 -0.010317 -0.2349 -0.00426825 0.0103891 0.999937 -0.177396
0.999855 -0.0164918 0.00428649 -3.44931 0.016535 0.999811 -0.0102433 -0.239383 -0.00411675 0.0103126 0.999938 -0.182347
0.999857 -0.0163211 0.00437253 -3.45075 0.0163664 0.999811 -0.0105293 -0.238182 -0.00419985 0.0105994 0.999935 -0.184761
0.999859 -0.0162489 0.00431106 -3.45481 0.0162937 0.999812 -0.0105662 -0.239522 -0.00413855 0.010635 0.999935 -0.184151
0.999862 -0.0161139 0.00402479 -3.45779 0.0161567 0.999811 -0.0108214 -0.239159 -0.00384966 0.0108849 0.999933 -0.188497
0.999864 -0.0160041 0.00402668 -3.46006 0.0160471 0.999813 -0.0108639 -0.240774 -0.00385206 0.010927 0.999933 -0.190816
0.999866 -0.0158872 0.00396578 -3.45852 0.0159295 0.999815 -0.0108459 -0.241045 -0.00379274 0.0109076 0.999933 -0.190328
0.999868 -0.0157785 0.00401125 -3.45762 0.0158212 0.999816 -0.0108394 -0.237643 -0.00383949 0.0109014 0.999933 -0.196503
0.999868 -0.0157934 0.00393833 -3.46116 0.0158353 0.999816 -0.0108326 -0.235912 -0.00376653 0.0108935 0.999934 -0.195202
0.999868 -0.015757 0.00407135 -3.46475 0.0158007 0.999816 -0.0109435 -0.23432 -0.00389816 0.0110063 0.999932 -0.191545
0.999868 -0.0157594 0.003994 -3.46635 0.0158022 0.999816 -0.0109333 -0.245246 -0.00382096 0.010995 0.999932 -0.199922
0.999869 -0.0157368 0.00393746 -3.45875 0.0157794 0.999815 -0.011028 -0.242741 -0.00376319 0.0110887 0.999931 -0.197889
0.999869 -0.0156928 0.00400785 -3.46063 0.015736 0.999816 -0.0109903 -0.239325 -0.00383464 0.0110519 0.999932 -0.197864
0.99987 -0.0156461 0.00391884 -3.46301 0.0156887 0.999816 -0.0110762 -0.236679 -0.00374482 0.0111362 0.999931 -0.196994
0.99987 -0.0156395 0.00384454 -3.4664 0.015681 0.999817 -0.0110012 -0.2359 -0.00367178 0.0110601 0.999932 -0.198146
0.999872 -0.015549 0.00369117 -3.46346 0.0155892 0.999817 -0.011112 -0.233863 -0.00351772 0.0111681 0.999931 -0.204461
0.999872 -0.0155716 0.00366563 -3.46629 0.0156115 0.999816 -0.0111399 -0.24062 -0.00349149 0.0111957 0.999931 -0.203033
0.999873 -0.0154968 0.00372406 -3.46769 0.0155385 0.999814 -0.011436 -0.235605 -0.00354615 0.0114924 0.999928 -0.204277
0.999875 -0.0154247 0.00348549 -3.46557 0.0154642 0.999813 -0.0116028 -0.240622 -0.00330587 0.0116553 0.999927 -0.205876
0.999876 -0.015368 0.00348825 -3.46518 0.0154077 0.999814 -0.0116692 -0.23956 -0.00330827 0.0117215 0.999926 -0.210823
0.999876 -0.0154055 0.00342886 -3.47096 0.0154444 0.999813 -0.0116372 -0.237218 -0.00324895 0.0116887 0.999926 -0.212545
0.999877 -0.0152993 0.00338537 -3.46919 0.0153377 0.999815 -0.0116285 -0.234664 -0.00320684 0.011679 0.999927 -0.209649
0.999878 -0.015256 0.00338822 -3.47116 0.0152947 0.999815 -0.0117283 -0.234207 -0.00320867 0.0117787 0.999925 -0.210073
0.999879 -0.015212 0.00335683 -3.47157 0.01525 0.999817 -0.0115887 -0.235662 -0.00317992 0.0116385 0.999927 -0.210886
0.99988 -0.0151118 0.00331217 -3.47249 0.015149 0.999819 -0.0115322 -0.238709 -0.0031373 0.011581 0.999928 -0.210632
0.999883 -0.0149998 0.00310119 -3.47394 0.0150342 0.999823 -0.0113868 -0.238511 -0.00292984 0.0114321 0.99993 -0.210671
0.999883 -0.014949 0.00323892 -3.4749 0.0149852 0.999823 -0.0114373 -0.231794 -0.00306737 0.0114845 0.999929 -0.208517
0.999884 -0.0148884 0.00322824 -3.47212 0.0149241 0.999825 -0.0113118 -0.230938 -0.00305926 0.0113586 0.999931 -0.209362
0.999885 -0.0148471 0.00314993 -3.47231 0.0148819 0.999826 -0.0113228 -0.23578 -0.00298127 0.0113684 0.999931 -0.208023
0.999887 -0.0147169 0.00310052 -3.47573 0.0147516 0.999826 -0.0114726 -0.235677 -0.00293114 0.011517 0.999929 -0.21308
0.999891 -0.0145083 0.00298981 -3.48007 0.0145411 0.999831 -0.0112774 -0.229214 -0.00282569 0.0113196 0.999932 -0.213821
0.999894 -0.0143408 0.00264316 -3.48278 0.01437 0.999833 -0.0113585 -0.226281 -0.00247983 0.0113953 0.999932 -0.215168
0.999895 -0.0142807 0.00259946 -3.48402 0.0143097 0.999832 -0.0114941 -0.230156 -0.00243488 0.01153 0.999931 -0.216938
0.999896 -0.0142088 0.00257871 -3.4751 0.0142379 0.999831 -0.0116379 -0.233058 -0.00241291 0.0116734 0.999929 -0.214414
0.999897 -0.0141531 0.00246789 -3.47571 0.0141807 0.999833 -0.0115596 -0.226616 -0.00230387 0.0115934 0.99993 -0.215484
0.999898 -0.0140629 0.00238844 -3.47798 0.0140896 0.999835 -0.011524 -0.22271 -0.00222599 0.0115565 0.999931 -0.217543
0.999901 -0.013892 0.0023467 -3.47784 0.0139179 0.999839 -0.0113943 -0.221678 -0.00218803 0.0114258 0.999932 -0.225493
0.999903 -0.0137473 0.00233559 -3.48245 0.013773 0.999841 -0.0113671 -0.22649 -0.00217895 0.0113981 0.999933 -0.219109
0.999905 -0.0136637 0.00205345 -3.48846 0.0136862 0.999842 -0.0113398 -0.226409 -0.00189819 0.0113669 0.999934 -0.218108
0.999907 -0.0135476 0.00184488 -3.48532 0.0135676 0.999845 -0.0112824 -0.222181 -0.00169175 0.0113064 0.999935 -0.219423
0.999909 -0.013386 0.00188741 -3.48267 0.0134067 0.999845 -0.0114219 -0.22015 -0.00173422 0.0114462 0.999933 -0.223157
0.999909 -0.0133999 0.00180542 -3.47616 0.0134198 0.999844 -0.011497 -0.217676 -0.00165108 0.0115202 0.999932 -0.225276
0.999908 -0.0134352 0.00179459 -3.47789 0.0134551 0.999843 -0.011563 -0.224306 -0.00163896 0.011586 0.999932 -0.225691
0.99991 -0.0133698 0.00154202 -3.4795 0.0133869 0.999844 -0.0116033 -0.218687 -0.00138665 0.0116229 0.999931 -0.226002
0.999911 -0.0133018 0.00159988 -3.48081 0.0133195 0.999844 -0.0116559 -0.216378 -0.00144459 0.0116761 0.999931 -0.228019
0.999911 -0.013247 0.00173483 -3.48213 0.0132667 0.999842 -0.0119101 -0.214044 -0.00157679 0.011932 0.999928 -0.230031
0.999911 -0.0132414 0.00162781 -3.47484 0.01326 0.99984 -0.0120069 -0.216249 -0.00146856 0.0120274 0.999927 -0.239283
0.999911 -0.0132181 0.00175084 -3.48424 0.0132384 0.999839 -0.0121715 -0.215079 -0.00158968 0.0121936 0.999924 -0.236017
0.99991 -0.0133462 0.00158516 -3.47854 0.0133645 0.999837 -0.0121616 -0.21182 -0.00142259 0.0121817 0.999925 -0.236865
0.99991 -0.0133267 0.00163443 -3.47607 0.0133459 0.999836 -0.0122992 -0.210698 -0.00147026 0.0123199 0.999923 -0.238835
0.999909 -0.0134217 0.00139269 -3.46938 0.0134379 0.999834 -0.0123306 -0.215859 -0.00122696 0.0123482 0.999923 -0.239205
0.999909 -0.0134587 0.00120591 -3.46341 0.0134724 0.999836 -0.0121691 -0.209442 -0.00104193 0.0121842 0.999925 -0.24417
0.999909 -0.0134913 0.00121726 -3.46675 0.0135052 0.999834 -0.0122375 -0.209544 -0.00105196 0.0122528 0.999924 -0.244995
0.999908 -0.0135388 0.00112237 -3.46472 0.0135515 0.999834 -0.0122474 -0.206583 -0.000956366 0.0122615 0.999924 -0.246459
0.999907 -0.0136028 0.00086336 -3.46036 0.0136125 0.999831 -0.0124062 -0.206196 -0.000694456 0.0124168 0.999923 -0.244782
0.999907 -0.0136211 0.000864759 -3.45828 0.0136308 0.99983 -0.0124619 -0.208958 -0.000694869 0.0124725 0.999922 -0.252322
0.999907 -0.013632 0.00076025 -3.45319 0.0136405 0.999829 -0.0125381 -0.20841 -0.000589201 0.0125473 0.999921 -0.25502
0.999906 -0.0137577 0.000555312 -3.44605 0.0137636 0.999826 -0.0126071 -0.206937 -0.000381773 0.0126136 0.99992 -0.258169
0.999904 -0.013852 0.000519889 -3.44046 0.0138576 0.999822 -0.0128051 -0.205073 -0.000342422 0.0128111 0.999918 -0.259556
0.999904 -0.013872 0.000310083 -3.42726 0.0138748 0.999823 -0.0127165 -0.20447 -0.000133627 0.0127196 0.999919 -0.262786
0.999902 -0.0139941 0.000226453 -3.41869 0.0139958 0.999821 -0.0127876 -0.206901 -4.74635e-05 0.0127895 0.999918 -0.266996
0.999901 -0.0140948 0.000281975 -3.42509 0.0140973 0.999817 -0.0129617 -0.20294 -9.92331e-05 0.0129644 0.999916 -0.268532
0.999899 -0.0142194 0.000450485 -3.41715 0.0142241 0.999814 -0.0130399 -0.200426 -0.000264984 0.013045 0.999915 -0.271655
0.999898 -0.0143171 0.00050537 -3.41679 0.0143225 0.99981 -0.0132815 -0.198525 -0.000315124 0.0132873 0.999912 -0.270912
0.999896 -0.0144601 0.000466621 -3.40383 0.014465 0.99981 -0.0130773 -0.201544 -0.000277434 0.0130827 0.999914 -0.271694
0.999895 -0.0145313 0.000425375 -3.38907 0.0145357 0.999806 -0.0133336 -0.20273 -0.00023154 0.0133384 0.999911 -0.276183
0.999894 -0.0145872 0.000576251 -3.39412 0.0145937 0.999804 -0.0133814 -0.199302 -0.000380943 0.0133883 0.99991 -0.279027
0.999893 -0.0146206 0.000583807 -3.39253 0.0146271 0.999805 -0.0133044 -0.199539 -0.000389177 0.0133116 0.999911 -0.285625
0.999893 -0.014676 0.000712606 -3.39531 0.0146843 0.999801 -0.0135023 -0.191623 -0.000514306 0.0135113 0.999909 -0.29151
0.999892 -0.0146933 0.00064178 -3.38802 0.0147006 0.9998 -0.0135854 -0.200122 -0.00044204 0.0135933 0.999908 -0.279976
0.999893 -0.0146319 0.000539435 -3.38124 0.014638 0.999799 -0.013701 -0.198478 -0.000338857 0.0137074 0.999906 -0.28574
0.999894 -0.0145607 0.000437496 -3.38391 0.0145654 0.9998 -0.0137198 -0.195113 -0.00023764 0.0137247 0.999906 -0.290382
0.999895 -0.0145292 0.000604757 -3.38492 0.0145361 0.999802 -0.013609 -0.193976 -0.000406911 0.0136163 0.999907 -0.293647
