1 0 0 0 0 1 0 0 0 0 1 0
0.999998 -0.00129193 -0.00172682 -2.49252 0.0012936 0.999999 0.00096597 -0.140513 0.00172557 -0.000968202 0.999998 -0.0722255
0.99999 -0.00441779 0.00107445 -5.03135 0.00441831 0.99999 -0.000480925 -0.254906 -0.00107232 0.000485667 0.999999 -0.153739
0.999983 -0.00572696 -0.000770557 -7.6238 0.0057235 0.999974 -0.00440803 -0.415321 0.000795782 0.00440355 0.99999 -0.20887
0.999896 -0.00748088 -0.0123115 -10.1984 0.00742185 0.999961 -0.00483406 -0.559148 0.0123472 0.00474218 0.999913 -0.24341
0.99982 -0.00991195 -0.0161859 -12.7301 0.009837 0.999941 -0.00470349 -0.698941 0.0162315 0.00454342 0.999858 -0.290133
0.999838 -0.0108 -0.0143664 -15.1386 0.0106948 0.999916 -0.0073817 -0.853782 0.0144449 0.00722686 0.99987 -0.341239
0.999629 -0.0122064 -0.0243348 -17.4858 0.0118957 0.999846 -0.0128709 -1.02145 0.0244882 0.0125766 0.999621 -0.394774
0.99981 -0.013506 -0.0140352 -19.6906 0.0133682 0.999862 -0.0098609 -1.14499 0.0141664 0.00967141 0.999853 -0.441536
0.999822 -0.0149345 -0.0115493 -21.8259 0.014792 0.999815 -0.0123201 -1.28073 0.0117312 0.0121471 0.999857 -0.465246
0.99983 -0.015025 -0.0106841 -23.891 0.0148105 0.999692 -0.0198846 -1.43104 0.0109795 0.019723 0.999745 -0.489395
0.999892 -0.0146005 0.00149046 -25.872 0.0146407 0.99938 -0.0320256 -1.59566 -0.00102195 0.0320439 0.999486 -0.530624
0.999876 -0.0141578 -0.0068373 -27.8645 0.0140258 0.999721 -0.0189899 -1.69203 0.00710424 0.0188916 0.999796 -0.578437
0.999834 -0.0131635 -0.0125638 -29.8114 0.0130584 0.999879 -0.00841821 -1.79384 0.0126731 0.00825274 0.999886 -0.643536
0.999888 -0.0127094 -0.00794393 -31.744 0.0126617 0.999902 -0.00602433 -1.89767 0.00801971 0.00592306 0.99995 -0.705099
0.999872 -0.0103836 -0.0122023 -33.6589 0.0102947 0.99992 -0.00733303 -2.02549 0.0122775 0.00720646 0.999899 -0.773343
0.999828 -0.00891302 -0.0162846 -35.5472 0.00880264 0.999938 -0.00683687 -2.1316 0.0163445 0.00669234 0.999844 -0.829836
0.999872 -0.0078835 -0.0139006 -37.4221 0.00781101 0.999956 -0.00526087 -2.23431 0.0139415 0.00515162 0.99989 -0.903915
0.999885 -0.00623529 -0.0137987 -39.2886 0.00623716 0.99998 9.21249e-05 -2.33168 0.0137979 -0.000178186 0.999905 -0.978407
0.999815 -0.00390744 -0.0188538 -41.145 0.00390269 0.999992 -0.000288817 -2.42875 0.0188548 0.000215176 0.999822 -1.07637
0.999932 -0.00168839 -0.0115009 -43.0307 0.00173584 0.99999 0.00411727 -2.52552 0.0114938 -0.00413696 0.999925 -1.16474
0.999949 0.00337225 -0.00950446 -44.8657 -0.00329066 0.999958 0.00858643 -2.6151 0.00953302 -0.00855472 0.999918 -1.23411
0.999882 0.00830027 -0.0129121 -46.6617 -0.00823257 0.999952 0.00528722 -2.67737 0.0129554 -0.0051803 0.999903 -1.28203
0.999843 0.0124456 -0.0126386 -48.4788 -0.012345 0.999892 0.00800465 -2.74001 0.0127369 -0.00784737 0.999888 -1.34378
0.999773 0.0165465 -0.0134206 -50.2782 -0.0164749 0.999849 0.00542713 -2.78254 0.0135084 -0.0052048 0.999895 -1.39162
0.999776 0.0195667 -0.00801116 -52.0723 -0.019555 0.999807 0.00154327 -2.87473 0.00803982 -0.00138627 0.999967 -1.42741
0.999733 0.0211692 -0.00920306 -53.8237 -0.0211451 0.999773 0.00271754 -2.91825 0.0092585 -0.00252222 0.999954 -1.46376
0.999664 0.0211692 -0.0149283 -55.6044 -0.0211429 0.999774 0.00191185 -2.95856 0.0149654 -0.00159559 0.999887 -1.49393
0.999637 0.0202311 -0.0177895 -57.3611 -0.0201189 0.999777 0.00646183 -3.00236 0.0179163 -0.00610159 0.999821 -1.54967
0.999752 0.0180825 -0.0130219 -59.0934 -0.0180452 0.999833 0.00297555 -3.05489 0.0130736 -0.00273983 0.999911 -1.59684
0.9998 0.0160962 -0.0118589 -60.834 -0.0160807 0.99987 0.00139968 -3.09774 0.0118799 -0.00120871 0.999929 -1.65823
0.999843 0.0128958 -0.0121153 -62.533 -0.0128954 0.999917 0.000110099 -3.16592 0.0121157 4.61454e-05 0.999927 -1.6727
0.999911 0.00941224 -0.00943933 -64.2051 -0.00941552 0.999955 -0.000302559 -3.23847 0.00943607 0.000391403 0.999955 -1.72078
0.99993 0.0055412 -0.0104297 -65.8462 -0.00560566 0.999965 -0.00616185 -3.31871 0.0103952 0.00621988 0.999927 -1.7723
0.999931 0.000538824 -0.0117436 -67.4932 -0.000577161 0.999994 -0.003261 -3.39161 0.0117417 0.00326755 0.999926 -1.82444
0.99999 -0.00305051 -0.00339294 -69.1031 0.00305525 0.999994 0.00139658 -3.46641 0.00338866 -0.00140694 0.999993 -1.83996
0.99999 -0.00434795 -0.000873738 -70.7159 0.00434504 0.999985 -0.00330371 -3.59049 0.000888089 0.00329988 0.999994 -1.90915
0.999985 -0.0052655 -0.00134156 -72.3671 0.00526957 0.999981 0.00305384 -3.66736 0.00132545 -0.00306087 0.999994 -1.93175
0.99999 -0.00419692 0.00122686 -74.0657 0.00419535 0.99999 0.00127291 -3.74708 -0.00123219 -0.00126776 0.999998 -1.96399
0.999996 -0.00269673 0.00122044 -75.8278 0.00269605 0.999996 0.000554551 -3.84984 -0.00122193 -0.000551263 0.999999 -1.98834
0.999998 -0.00188339 0.00100877 -77.6587 0.00188582 0.999995 -0.00241708 -3.94961 -0.00100421 0.00241897 0.999997 -1.98864
0.999993 -0.00278169 0.00249968 -79.5404 0.00277879 0.999995 0.00115848 -4.04676 -0.00250289 -0.00115153 0.999996 -2.02429
0.999972 -0.00302425 0.00684606 -81.5007 0.00300728 0.999992 0.00248671 -4.13204 -0.00685353 -0.00246606 0.999973 -2.05041
0.99999 -0.00323601 0.00317921 -83.543 0.00322012 0.999982 0.00499072 -4.23821 -0.0031953 -0.00498044 0.999983 -2.10643
0.999971 -0.00583414 0.0048084 -85.6362 0.00583009 0.999982 0.000854721 -4.3528 -0.00481331 -0.000826669 0.999988 -2.1372
0.999921 -0.00864579 0.00909305 -87.7892 0.00867082 0.999959 -0.00271783 -4.48142 -0.00906918 0.00279646 0.999955 -2.1606
0.999942 -0.0107761 0.000242789 -90.0119 0.0107776 0.999913 -0.00758735 -4.62599 -0.000161006 0.00758952 0.999971 -2.18036
0.999898 -0.013875 -0.00328529 -92.2921 0.0138684 0.999902 -0.00202315 -4.75206 0.00331304 0.00197738 0.999993 -2.22979
0.999889 -0.0147997 -0.00181997 -94.5697 0.0148014 0.99989 0.000955295 -4.90389 0.00180563 -0.000982133 0.999998 -2.3196
0.999904 -0.0138779 1.83997e-05 -96.9032 0.0138779 0.999903 -0.000194798 -5.04427 -1.56946e-05 0.000195029 1 -2.39471
0.999921 -0.0125486 -3.97947e-05 -99.2294 0.0125486 0.999921 -0.000959545 -5.19358 5.18326e-05 0.000958965 1 -2.4306
0.999937 -0.011151 -0.00130786 -101.569 0.0111489 0.999936 -0.00164941 -5.33322 0.00132617 0.00163472 0.999998 -2.45747
0.999955 -0.0094234 0.000841339 -103.899 0.00942406 0.999955 -0.000798227 -5.46567 -0.000833779 0.000806115 1 -2.51999
0.999969 -0.00790635 0.000336059 -106.223 0.00790652 0.999968 -0.000549667 -5.60463 -0.000331703 0.000552301 1 -2.55503
0.999977 -0.00672413 6.26242e-05 -108.587 0.0067241 0.999977 0.000411442 -5.74022 -6.53897e-05 -0.000411017 1 -2.61028
0.999982 -0.00591041 0.00118827 -110.943 0.00591019 0.999982 0.000185629 -5.87529 -0.00118935 -0.000178608 0.999999 -2.64963
0.999981 -0.00623446 -0.000322247 -113.279 0.00623427 0.99998 -0.000591347 -6.01337 0.000325927 0.000589321 1 -2.68062
0.99998 -0.00634645 -0.000680377 -115.596 0.00634585 0.999979 -0.000874119 -6.13207 0.000685911 0.000869779 1 -2.7242
0.999978 -0.0063648 -0.00192943 -117.919 0.00636508 0.999979 0.00014266 -6.25176 0.00192849 -0.000154944 0.999998 -2.77147
0.999978 -0.0063227 -0.00227206 -120.21 0.00632228 0.99998 -0.000194183 -6.38677 0.00227325 0.000179808 0.999998 -2.80646
0.999973 -0.00609328 -0.0042113 -122.479 0.00609326 0.999981 -1.74371e-05 -6.51496 0.00421133 -8.22966e-06 0.999991 -2.85604
0.999982 -0.00530443 -0.00301462 -124.736 0.00530434 0.999986 -3.90492e-05 -6.6554 0.00301479 2.30522e-05 0.999996 -2.92141
0.999984 -0.00507883 -0.00265858 -126.965 0.00507629 0.999986 -0.000959105 -6.76754 0.00266342 0.000945588 0.999996 -2.93423
0.999979 -0.00562377 -0.00315154 -129.204 0.00562034 0.999983 -0.00109504 -6.88502 0.00315765 0.0010773 0.999995 -2.97292
0.999975 -0.00589941 -0.00388296 -131.413 0.00589598 0.999982 -0.000891102 -7.01113 0.00388815 0.000868181 0.999992 -3.00962
0.999968 -0.00632068 -0.00488768 -133.602 0.00630247 0.999973 -0.0037317 -7.11991 0.00491114 0.00370077 0.999981 -3.05809
0.999972 -0.00626423 -0.00417709 -135.739 0.00624402 0.999969 -0.00483171 -7.24874 0.00420723 0.00480549 0.99998 -3.11562
0.999982 -0.00421215 -0.00421096 -137.882 0.0041948 0.999983 -0.00411806 -7.36315 0.00422823 0.00410032 0.999983 -3.13078
0.999994 -0.00231236 -0.00279472 -140.004 0.00230298 0.999992 -0.00335256 -7.46785 0.00280245 0.0033461 0.999991 -3.15528
0.999996 0.000263608 -0.00275008 -142.116 -0.000274581 0.999992 -0.00398976 -7.57104 0.002749 0.0039905 0.999988 -3.16679
0.999973 0.00473124 -0.00570531 -144.204 -0.00475219 0.999982 -0.00366361 -7.65949 0.00568788 0.00369062 0.999977 -3.24291
0.999939 0.0102535 -0.00421354 -146.251 -0.0102627 0.999945 -0.00216612 -7.78569 0.0041911 0.00220922 0.999989 -3.28232
0.999822 0.0174494 -0.00714436 -148.318 -0.0174034 0.999828 0.00644004 -7.81404 0.0072555 -0.00631457 0.999954 -3.31326
0.999671 0.0248601 -0.00627815 -150.338 -0.0248498 0.99969 0.00171306 -7.87243 0.00631879 -0.00155649 0.999979 -3.34898
0.999542 0.0300721 0.00344275 -152.32 -0.0300681 0.999547 -0.00121121 -7.8708 -0.00347762 0.00110714 0.999994 -3.39735
0.999313 0.0370514 -0.000853464 -154.336 -0.0370531 0.999311 -0.00204927 -7.93949 0.000776948 0.00207948 0.999998 -3.4529
0.999105 0.0422498 -0.00207243 -156.309 -0.0422705 0.999042 -0.0112836 -7.95708 0.00159372 0.0113611 0.999934 -3.46393
0.999108 0.0421886 0.00161451 -158.28 -0.0421759 0.999084 -0.00726323 -7.96624 -0.00191945 0.00718866 0.999973 -3.52019
0.999223 0.0391471 -0.00462737 -160.243 -0.0391658 0.999224 -0.00403173 -7.97563 0.00446595 0.00420983 0.999981 -3.56849
0.9995 0.0306199 -0.00780642 -162.184 -0.0306315 0.99953 -0.00137224 -8.02025 0.00776073 0.00161067 0.999969 -3.61794
0.999817 0.0188799 0.00301307 -164.073 -0.018863 0.999807 -0.00554852 -8.04546 -0.00311725 0.00549067 0.99998 -3.64731
0.99999 0.00413402 -0.00178196 -166.009 -0.00412859 0.999987 0.00303655 -8.14075 0.00179449 -0.00302917 0.999994 -3.72709
0.999952 -0.00959927 -0.00197725 -167.914 0.00960035 0.999954 0.000536359 -8.24946 0.00197201 -0.000555321 0.999998 -3.76529
0.999707 -0.0241752 0.00119352 -169.792 0.0241717 0.999704 0.00288837 -8.37432 -0.00126299 -0.00285868 0.999995 -3.81948
0.999431 -0.0335638 0.00336945 -171.684 0.0335619 0.999436 0.000611201 -8.55227 -0.00338807 -0.000497772 0.999995 -3.82088
0.99918 -0.0404825 0.000597566 -173.561 0.0404818 0.99918 0.001084 -8.70189 -0.000640961 -0.00105892 1 -3.86004
0.998969 -0.0452515 -0.00363093 -175.449 0.0452618 0.998971 0.00280709 -8.87881 0.00350017 -0.00296854 0.99999 -3.88325
0.998888 -0.0469842 -0.00388481 -177.317 0.0469952 0.998891 0.00279589 -9.04641 0.00374914 -0.00297535 0.999989 -3.93801
0.998879 -0.0470481 -0.00507858 -179.204 0.047034 0.998889 -0.00287035 -9.28568 0.00520799 0.00262827 0.999983 -3.97928
0.998986 -0.0449431 0.00270419 -181.045 0.0449454 0.998989 -0.000784067 -9.41041 -0.00266622 0.000904809 0.999996 -3.97405
0.999108 -0.0421824 0.00150454 -182.894 0.0421827 0.99911 -0.000165327 -9.59957 -0.00149623 0.000228641 0.999999 -4.0051
0.999191 -0.0401823 0.00119064 -184.74 0.0401822 0.999192 0.000103407 -9.76792 -0.00119384 -5.54851e-05 1 -4.03923
0.999311 -0.037076 0.00167064 -186.555 0.0370831 0.999302 -0.00447785 -9.92191 -0.00150346 0.00453672 0.999989 -4.08058
0.999498 -0.0316703 -0.000636698 -188.362 0.0316693 0.999497 -0.00154428 -10.0535 0.000685284 0.00152334 0.999999 -4.08197
0.999688 -0.0249503 -0.00042418 -190.164 0.0249497 0.999688 -0.001215 -10.206 0.000454361 0.00120404 1 -4.12671
0.999822 -0.0188309 0.000322473 -191.954 0.0188309 0.999823 -6.52856e-05 -10.3152 -0.000321189 7.13413e-05 1 -4.14845
0.999909 -0.0133696 0.0013784 -193.738 0.0133688 0.99991 0.000578722 -10.4306 -0.00138602 -0.000560248 0.999999 -4.19959
0.999962 -0.00851847 0.00138135 -195.502 0.0085174 0.999963 0.000765149 -10.5418 -0.00138782 -0.000753361 0.999999 -4.19845
0.999981 -0.00577552 0.00188319 -197.25 0.00577459 0.999983 0.000491022 -10.6231 -0.001886 -0.000480144 0.999999 -4.22466
0.99998 -0.00509583 0.00365252 -199 0.0050869 0.999984 0.00244638 -10.7162 -0.00366493 -0.00242776 0.999991 -4.25624
0.999982 -0.00548337 0.00220005 -200.734 0.00547994 0.999984 0.00155218 -10.8093 -0.00220853 -0.0015401 0.999997 -4.25059
0.999973 -0.00698238 0.00220782 -202.458 0.006978 0.999974 0.00197794 -10.9056 -0.00222158 -0.00196249 0.999996 -4.26406
0.99995 -0.00898363 0.00438253 -204.174 0.00897252 0.999956 0.00254485 -10.995 -0.00440521 -0.00250541 0.999988 -4.30534
0.999908 -0.0113673 0.00733057 -205.873 0.011333 0.999925 0.00469334 -11.0948 -0.00738338 -0.00460985 0.999963 -4.31789
0.999895 -0.0134472 0.00531569 -207.573 0.0134249 0.999901 0.00419999 -11.1937 -0.00537165 -0.00412819 0.999978 -4.31591
0.999878 -0.0151365 0.00378122 -209.258 0.0151197 0.999876 0.00442551 -11.3056 -0.00384774 -0.00436781 0.999984 -4.31885
0.999858 -0.0163947 0.00374514 -210.932 0.0163725 0.999849 0.00589294 -11.4054 -0.00384119 -0.0058308 0.999976 -4.36029
0.999841 -0.0173407 0.00409249 -212.591 0.0173155 0.999831 0.00611739 -11.5314 -0.00419788 -0.00604556 0.999973 -4.39119
0.999837 -0.0177438 0.00328933 -214.257 0.0177189 0.999815 0.00745513 -11.6237 -0.00342101 -0.00739564 0.999967 -4.41127
0.999831 -0.0182839 0.00197826 -215.902 0.0182709 0.999813 0.00636905 -11.7369 -0.00209434 -0.00633184 0.999978 -4.46636
0.999832 -0.0179443 0.00378221 -217.509 0.0179302 0.999832 0.00372768 -11.8497 -0.00384847 -0.00365924 0.999986 -4.49894
0.999871 -0.015511 0.0041909 -219.134 0.0154984 0.999875 0.00302587 -11.9481 -0.00423731 -0.00296054 0.999987 -4.49285
0.999905 -0.0125719 0.00557896 -220.742 0.0125627 0.999919 0.00167809 -12.0453 -0.00559961 -0.00160785 0.999984 -4.50041
0.999934 -0.0099511 0.00562869 -222.306 0.00995499 0.99995 -0.000665506 -12.1584 -0.00562179 0.000721493 0.999985 -4.51474
0.99996 -0.00880439 0.00171116 -223.848 0.00880769 0.999959 -0.00193851 -12.249 -0.00169403 0.0019535 0.999997 -4.51537
0.999954 -0.00900174 0.00314308 -225.322 0.00901207 0.999954 -0.00329202 -12.3347 -0.00311331 0.00332019 0.99999 -4.5189
0.999929 -0.0090353 0.00774597 -226.769 0.00907066 0.999948 -0.00454337 -12.4221 -0.00770453 0.00461331 0.99996 -4.54827
0.999929 -0.0085324 0.00827646 -228.202 0.00856196 0.999957 -0.00354399 -12.496 -0.00824588 0.0036146 0.99996 -4.56466
0.999919 -0.00810428 0.00983596 -229.639 0.00814388 0.999959 -0.0039937 -12.558 -0.0098032 0.00407348 0.999944 -4.56201
0.999891 -0.00707454 0.0129064 -231.077 0.00714069 0.999961 -0.00508757 -12.6413 -0.0128699 0.00517918 0.999904 -4.56124
0.999897 -0.00640341 0.0128274 -232.563 0.00646346 0.999968 -0.00464597 -12.7457 -0.0127973 0.0047284 0.999907 -4.56825
0.999896 -0.00649734 0.0128868 -234.1 0.00656907 0.999963 -0.00553237 -12.8096 -0.0128504 0.00561645 0.999902 -4.56046
0.999883 -0.00723416 0.0134879 -235.705 0.00727007 0.99997 -0.00261642 -12.8938 -0.0134686 0.00271418 0.999906 -4.58762
0.999842 -0.0078638 0.0159174 -237.345 0.00785919 0.999969 0.000351155 -12.9894 -0.0159197 -0.000226005 0.999874 -4.60597
0.999815 -0.00823775 0.0173453 -239.077 0.00815794 0.999956 0.0046663 -13.0634 -0.017383 -0.00452394 0.999839 -4.63521
0.999785 -0.00832971 0.0189576 -239.975 0.00821364 0.999947 0.00619179 -13.1243 -0.0190082 -0.00603476 0.999802 -4.62639
