1 0 0 0 0 1 0 0 0 0 1 0
0.999979 0.00644568 -0.000520087 -2.66019 -0.00644469 0.999977 0.00188159 -0.113629 0.000532203 -0.0018782 0.999998 -0.0491896
0.999912 0.0110998 0.00720629 -5.33056 -0.0111077 0.999938 0.00105831 -0.217974 -0.0071941 -0.00113826 0.999973 -0.0748981
0.999896 0.0139586 0.00346786 -8.02778 -0.0139715 0.999896 0.00372272 -0.321067 -0.00341554 -0.00377079 0.999987 -0.121332
0.999885 0.0149135 0.0027705 -10.7466 -0.0149427 0.99983 0.0108359 -0.421205 -0.00260842 -0.0108761 0.999937 -0.161705
0.999896 0.0139264 0.00379937 -13.4467 -0.0139708 0.999831 0.0119295 -0.511359 -0.0036326 -0.0119813 0.999922 -0.193314
0.999941 0.0107624 0.00102559 -16.1549 -0.0107697 0.999915 0.0073944 -0.610474 -0.000945922 -0.00740502 0.999972 -0.226303
0.999972 0.00715482 0.00218087 -18.8589 -0.0071749 0.999931 0.00934178 -0.732272 -0.00211388 -0.00935717 0.999954 -0.257636
0.999994 0.00308132 -0.00153506 -21.5526 -0.00305838 0.999887 0.0147292 -0.828864 0.00158027 -0.0147244 0.99989 -0.300069
1 -0.00040828 -0.000272017 -24.2718 0.00041211 0.999899 0.0142221 -0.967963 0.000266184 -0.0142222 0.999899 -0.367128
0.999995 -0.00268224 0.00160497 -26.979 0.00265474 0.999854 0.016899 -1.1105 -0.00165006 -0.0168946 0.999856 -0.382587
0.999986 -0.00476682 0.00216807 -29.7034 0.00472785 0.999833 0.0176383 -1.25 -0.00225179 -0.0176278 0.999842 -0.396537
0.999982 -0.00594599 -0.0010721 -32.3983 0.00596361 0.999833 0.0172538 -1.37653 0.000969327 -0.0172599 0.999851 -0.411763
0.999936 -0.00685654 -0.00901128 -35.0398 0.0070041 0.99984 0.0164465 -1.52237 0.00889708 -0.0165085 0.999824 -0.438958
0.999889 -0.00718469 -0.0130414 -37.5473 0.00740529 0.999829 0.0169465 -1.66964 0.0129175 -0.0170412 0.999771 -0.471182
0.999866 -0.00740905 -0.0145875 -39.8493 0.0076659 0.999815 0.0176311 -1.79076 0.0144542 -0.0177405 0.999738 -0.521366
0.999873 -0.00873573 -0.013351 -41.9951 0.00895678 0.999822 0.0165869 -1.92792 0.0132037 -0.0167043 0.999773 -0.552504
0.999916 -0.0097586 -0.00847469 -44.0084 0.00988696 0.999835 0.015239 -2.04674 0.00832458 -0.0153216 0.999848 -0.611205
0.999934 -0.010728 -0.00412094 -45.9754 0.0107703 0.999888 0.0103869 -2.1652 0.00400906 -0.0104306 0.999938 -0.644184
0.999952 -0.00973576 -0.000445132 -47.8281 0.00973827 0.999934 0.00602568 -2.27605 0.000386441 -0.00602973 0.999982 -0.637506
0.999958 -0.00913837 4.09365e-05 -49.7028 0.00913799 0.999942 0.00571558 -2.39698 -9.31628e-05 -0.00571497 0.999984 -0.663654
0.999975 -0.00698582 0.00110862 -51.5493 0.00697838 0.999954 0.00657984 -2.49902 -0.00115454 -0.00657194 0.999978 -0.677118
0.999988 -0.00481022 0.000103351 -53.3812 0.00480934 0.999962 0.00729505 -2.58508 -0.000138435 -0.00729447 0.999973 -0.669762
0.999995 -0.00302892 -0.000112734 -55.2429 0.00302973 0.999964 0.00793647 -2.68486 8.86934e-05 -0.00793678 0.999969 -0.697532
0.999999 -0.00103775 0.000921988 -57.0926 0.00103036 0.999968 0.00798616 -2.76193 -0.000930244 -0.0079852 0.999968 -0.715459
0.999995 0.00134932 0.00299083 -58.908 -0.00137505 0.999962 0.00861869 -2.86326 -0.00297909 -0.00862275 0.999958 -0.726119
0.999973 0.00256579 0.00690347 -60.7691 -0.00264203 0.999935 0.0110578 -2.94406 -0.00687465 -0.0110757 0.999915 -0.770101
0.999975 0.0026985 0.00655535 -62.6799 -0.00277307 0.999931 0.0113932 -3.03042 -0.00652416 -0.0114111 0.999914 -0.792678
0.99997 0.00178424 0.00752877 -64.6472 -0.00187831 0.99992 0.0125057 -3.11942 -0.00750585 -0.0125195 0.999894 -0.820383
0.999951 0.00124994 0.00981311 -66.6501 -0.00137179 0.999922 0.0124207 -3.20487 -0.00979682 -0.0124336 0.999875 -0.829024
0.999938 0.00118313 0.0110511 -68.7211 -0.00131021 0.999933 0.0114997 -3.30162 -0.0110368 -0.0115135 0.999873 -0.84936
0.999912 0.000350454 0.013255 -70.8993 -0.000503601 0.999933 0.0115528 -3.41111 -0.0132501 -0.0115585 0.999845 -0.856217
0.99992 -0.000329482 0.0126531 -73.0936 0.000214247 0.999959 0.009108 -3.52146 -0.0126556 -0.00910457 0.999879 -0.909063
0.99992 -0.00141399 0.0125667 -75.3679 0.00129178 0.999952 0.00972762 -3.63868 -0.0125798 -0.00971062 0.999874 -0.917552
0.999908 -0.00172365 0.0134518 -77.6851 0.00158329 0.999944 0.010439 -3.74286 -0.0134691 -0.0104167 0.999855 -0.936585
0.999916 -0.00174788 0.0128023 -80.0354 0.00162429 0.999952 0.0096587 -3.86069 -0.0128186 -0.0096371 0.999871 -0.934809
0.999927 -0.00199173 0.0118947 -82.4474 0.00189902 0.999968 0.0078009 -3.99071 -0.0119098 -0.00777775 0.999899 -0.95503
0.999899 -0.00232052 0.0140006 -84.9231 0.00217505 0.999944 0.0103968 -4.13266 -0.014024 -0.0103653 0.999848 -0.9641
0.999881 -0.00252665 0.0151823 -87.4157 0.00236073 0.999938 0.0109365 -4.26303 -0.015209 -0.0108994 0.999825 -0.977927
0.999908 -0.00286782 0.0132102 -89.9627 0.00272995 0.999942 0.010443 -4.39747 -0.0132394 -0.010406 0.999858 -0.986709
0.999925 -0.00336781 0.0117278 -92.5132 0.00327567 0.999964 0.00786722 -4.54451 -0.0117539 -0.00782822 0.9999 -1.00337
0.999893 -0.00333199 0.0142083 -95.1055 0.00324943 0.999978 0.00583006 -4.67669 -0.0142274 -0.00578328 0.999882 -1.01595
0.999915 -0.00315534 0.0126161 -97.707 0.00312003 0.999991 0.00281832 -4.7924 -0.0126249 -0.00277873 0.999916 -1.01718
0.999993 -0.00264627 0.00238569 -100.361 0.00263585 0.999987 0.00436289 -4.92214 -0.0023972 -0.00435658 0.999988 -1.06213
0.999858 -0.000716902 0.0168293 -102.972 0.000627618 0.999986 0.00531034 -5.0636 -0.0168328 -0.00529904 0.999844 -1.10141
0.999926 0.00186979 0.0120259 -105.628 -0.00191834 0.99999 0.00402774 -5.18887 -0.0120183 -0.00405052 0.99992 -1.09061
0.999963 0.00246342 0.00824497 -108.293 -0.00249478 0.99999 0.00379646 -5.31109 -0.00823553 -0.0038169 0.999959 -1.09111
0.999978 0.00282415 0.00589844 -110.963 -0.00285627 0.999981 0.00544541 -5.43306 -0.00588295 -0.00546215 0.999968 -1.15789
0.999934 0.00284092 0.0110986 -113.657 -0.00294213 0.999954 0.0091141 -5.53166 -0.0110722 -0.00914616 0.999897 -1.17915
0.999913 0.00241934 0.0129557 -116.311 -0.00250011 0.999977 0.00622225 -5.67756 -0.0129403 -0.0062541 0.999897 -1.16107
0.999902 0.000565623 0.0139378 -119.018 -0.000666451 0.999974 0.00723092 -5.80569 -0.0139334 -0.00723952 0.999877 -1.1795
0.999876 -0.000952694 0.0157295 -121.732 0.000770089 0.999932 0.0116114 -5.93794 -0.0157395 -0.0115979 0.999809 -1.1844
0.999881 -0.00319569 0.0150853 -124.425 0.00295208 0.999865 0.016144 -6.06103 -0.0151349 -0.0160976 0.999756 -1.20311
0.999887 -0.00449683 0.0143225 -127.095 0.00419451 0.999769 0.0210687 -6.19691 -0.014414 -0.0210063 0.999676 -1.22273
0.999933 -0.00487807 0.0104952 -129.79 0.00466066 0.999776 0.0206419 -6.35341 -0.0105936 -0.0205916 0.999732 -1.22532
0.999985 -0.00426287 0.00339087 -132.457 0.00419073 0.999771 0.0210063 -6.51379 -0.00347963 -0.0209918 0.999774 -1.24401
0.999982 -0.004469 0.00382939 -135.187 0.00438329 0.999746 0.0221084 -6.65788 -0.00392722 -0.0220912 0.999748 -1.26606
0.999967 -0.00492662 0.00643192 -137.895 0.0047787 0.999728 0.0228151 -6.7877 -0.00654257 -0.0227837 0.999719 -1.29429
0.999947 -0.00578412 0.00853385 -140.551 0.00557918 0.9997 0.0238478 -6.9291 -0.00866922 -0.0237989 0.999679 -1.29456
0.999953 -0.0076186 0.00600431 -143.252 0.00748265 0.999722 0.0223485 -7.08829 -0.00617291 -0.0223025 0.999732 -1.29781
0.99993 -0.00997537 0.00631248 -145.919 0.00982951 0.999693 0.0227318 -7.24931 -0.0065373 -0.0226681 0.999722 -1.31425
0.999872 -0.0139367 0.00790371 -148.646 0.0137753 0.999702 0.0201273 -7.42333 -0.00818187 -0.0200159 0.999766 -1.26987
0.999803 -0.0180327 0.00826748 -151.348 0.0178848 0.999684 0.0176299 -7.59602 -0.00858279 -0.0174786 0.999811 -1.17046
0.999719 -0.0219473 0.00895295 -154.041 0.0217792 0.999592 0.0184537 -7.78315 -0.00935431 -0.0182535 0.99979 -1.17069
0.999622 -0.0252205 0.0109537 -156.756 0.025021 0.999525 0.0179818 -7.98724 -0.011402 -0.0177009 0.999778 -1.1339
0.999621 -0.0258782 0.00935323 -159.429 0.0257124 0.999517 0.0174243 -8.16359 -0.00979962 -0.0171772 0.999805 -1.12284
0.999654 -0.0234826 0.0118331 -162.102 0.0232556 0.999549 0.0189729 -8.37448 -0.0122733 -0.0186912 0.99975 -1.15509
0.9998 -0.0174515 0.00976558 -164.8 0.0172654 0.999674 0.0188225 -8.57526 -0.0100909 -0.0186501 0.999775 -1.14152
0.999914 -0.00926879 0.0092081 -167.487 0.00912484 0.999837 0.015554 -8.74727 -0.00935076 -0.0154686 0.999837 -1.09203
0.999935 -0.000832429 0.0113516 -170.178 0.000637665 0.999853 0.0171508 -8.90066 -0.0113642 -0.0171424 0.999789 -1.11446
0.999919 0.00724091 0.0104979 -172.866 -0.00743958 0.999792 0.0190109 -9.00839 -0.0103581 -0.0190874 0.999764 -1.13201
0.999869 0.013586 0.00880136 -175.555 -0.0137664 0.999689 0.020773 -9.10068 -0.0085164 -0.0208914 0.999746 -1.1671
0.999825 0.0171378 0.00750847 -178.242 -0.0172982 0.999612 0.0218444 -9.19648 -0.00713119 -0.0219704 0.999733 -1.18967
0.999829 0.0170033 0.00720172 -180.92 -0.0171595 0.999606 0.0222241 -9.28177 -0.006821 -0.0223439 0.999727 -1.18898
0.999848 0.0153306 0.00830608 -183.549 -0.0155067 0.999647 0.0215676 -9.37632 -0.00797251 -0.0216931 0.999733 -1.21654
0.999902 0.0119449 0.00732225 -186.176 -0.0121154 0.999645 0.0237023 -9.46481 -0.00703653 -0.0237887 0.999692 -1.2618
0.999929 0.00781173 0.00893232 -188.791 -0.00800716 0.999725 0.022058 -9.55566 -0.00875755 -0.0221279 0.999717 -1.22587
0.999978 0.00496854 0.00438558 -191.404 -0.00505921 0.999768 0.0209127 -9.68502 -0.00428065 -0.0209344 0.999772 -1.2557
0.999978 0.00197763 0.00633166 -193.983 -0.00210964 0.999779 0.020913 -9.80551 -0.0062889 -0.0209259 0.999761 -1.2523
0.999975 -0.000264405 0.00710443 -196.537 0.000113653 0.999775 0.0212129 -9.91862 -0.00710844 -0.0212116 0.99975 -1.25648
0.999974 -0.00305287 0.00658908 -199.106 0.00289975 0.999728 0.0231263 -10.0641 -0.00665789 -0.0231065 0.999711 -1.25643
0.999969 -0.00592782 0.00517223 -201.619 0.00580286 0.999698 0.0238512 -10.1807 -0.00531206 -0.0238204 0.999702 -1.22557
0.999947 -0.00898345 0.00498978 -204.067 0.00886073 0.99967 0.0240966 -10.292 -0.00520461 -0.0240511 0.999697 -1.23512
0.999915 -0.0121148 0.00487877 -206.461 0.0120061 0.999692 0.0217232 -10.4595 -0.00514043 -0.0216628 0.999752 -1.20682
0.99987 -0.015576 0.00420368 -208.815 0.0155023 0.999735 0.0170312 -10.6285 -0.00446784 -0.0169638 0.999846 -1.15532
0.999817 -0.0188211 0.00329329 -211.107 0.0187628 0.99968 0.0169321 -10.81 -0.00361092 -0.0168672 0.999851 -1.18616
0.999752 -0.0221085 0.00263584 -213.367 0.0220611 0.999615 0.016809 -10.963 -0.00300644 -0.0167467 0.999855 -1.15733
0.999671 -0.0253673 0.00377001 -215.553 0.0253063 0.999561 0.0154136 -11.0898 -0.00415935 -0.0153131 0.999874 -1.13307
0.999667 -0.0253697 0.00468927 -217.645 0.0252821 0.99952 0.0178758 -11.2399 -0.00514052 -0.0177513 0.999829 -1.18077
0.99972 -0.0224331 0.00753553 -219.721 0.022288 0.999574 0.018821 -11.4013 -0.00795454 -0.0186477 0.999795 -1.18135
0.999774 -0.0205437 0.00552102 -221.748 0.0204305 0.999595 0.0198192 -11.5278 -0.00592594 -0.0197019 0.999788 -1.18717
0.999807 -0.0188315 0.00561625 -223.716 0.0186964 0.999556 0.0232091 -11.6585 -0.00605082 -0.0230996 0.999715 -1.20543
0.999851 -0.0164437 0.00528127 -225.602 0.0163205 0.999612 0.0225722 -11.7707 -0.00565039 -0.0224826 0.999731 -1.17032
0.999862 -0.0152184 0.00669296 -227.44 0.0150656 0.999637 0.0223269 -11.8868 -0.00703031 -0.0222229 0.999728 -1.17908
0.999882 -0.0132256 0.007848 -229.208 0.0130387 0.999641 0.0234117 -12.0056 -0.00815481 -0.0233066 0.999695 -1.16745
0.999913 -0.0100935 0.00843464 -230.93 0.00989822 0.999689 0.0228878 -12.1134 -0.00866304 -0.0228023 0.999703 -1.15047
0.999906 -0.00885615 0.0104322 -232.593 0.00861278 0.999695 0.0231482 -12.1926 -0.010634 -0.0230562 0.999678 -1.14791
0.999893 -0.00772598 0.0124153 -234.168 0.00742271 0.999677 0.0242907 -12.2693 -0.0125989 -0.024196 0.999628 -1.14039
0.999918 -0.00717998 0.0105938 -235.718 0.00693581 0.999713 0.0229082 -12.3559 -0.0107553 -0.0228329 0.999682 -1.13549
0.999921 -0.00734423 0.0101773 -237.177 0.00709629 0.999682 0.0241881 -12.4365 -0.0103518 -0.0241139 0.999656 -1.12812
0.999915 -0.00804546 0.0102796 -238.555 0.00779673 0.999681 0.0240118 -12.5173 -0.0104695 -0.0239296 0.999659 -1.13247
0.999898 -0.00863097 0.0113995 -239.836 0.00835093 0.999668 0.02439 -12.5919 -0.0116062 -0.0242923 0.999638 -1.11963
0.999874 -0.00940931 0.0127975 -241.067 0.00910437 0.999678 0.0236816 -12.6635 -0.0130162 -0.0235621 0.999638 -1.11133
0.99987 -0.00939871 0.0131124 -242.227 0.00909844 0.999699 0.0227746 -12.7378 -0.0133225 -0.0226523 0.999655 -1.09863
0.999865 -0.0090511 0.013672 -243.309 0.00872672 0.999683 0.0236024 -12.8043 -0.0138813 -0.0234799 0.999628 -1.06958
0.999865 -0.00832216 0.0141359 -244.313 0.00798493 0.999686 0.0237479 -12.8563 -0.0143291 -0.0236318 0.999618 -1.05248
0.999875 -0.00667313 0.0143359 -245.209 0.00633031 0.999696 0.0238279 -12.8983 -0.0144905 -0.0237342 0.999613 -1.06573
0.999903 -0.00588651 0.0125933 -246.025 0.00558184 0.999694 0.0240938 -12.9433 -0.0127312 -0.0240211 0.999631 -1.05988
0.9999 -0.00483493 0.0132732 -246.787 0.00450986 0.999692 0.0244127 -12.9824 -0.0133871 -0.0243504 0.999614 -1.04899
0.999896 -0.00456121 0.0136269 -247.443 0.00422517 0.999689 0.0245884 -13.0135 -0.0137348 -0.0245283 0.999605 -1.02901
0.999872 -0.00733036 0.0141846 -248.06 0.00697361 0.999662 0.0250394 -13.0589 -0.0143633 -0.0249373 0.999586 -1.02552
0.999826 -0.0113896 0.0147287 -248.589 0.0110084 0.999609 0.0257139 -13.0982 -0.0150158 -0.0255473 0.999561 -1.03706
0.999781 -0.0148719 0.0147288 -249.058 0.0144973 0.999577 0.025224 -13.1147 -0.0150977 -0.0250049 0.999573 -0.996708
0.999791 -0.0135548 0.0153099 -249.485 0.0131943 0.999639 0.0234121 -13.1368 -0.0156217 -0.0232052 0.999609 -0.992415
0.99987 -0.00443576 0.0154686 -249.837 0.00403712 0.999661 0.0257081 -13.1343 -0.0155774 -0.0256423 0.99955 -1.0295
0.999862 0.00326655 0.0162539 -250.101 -0.00370151 0.999634 0.0268026 -13.1494 -0.0161604 -0.0268591 0.999509 -1.03091
0.999833 0.00621451 0.0171677 -250.263 -0.00666384 0.999633 0.0262407 -13.1705 -0.0169984 -0.0263507 0.999508 -1.0162
0.999807 0.00650842 0.0185026 -250.423 -0.00698158 0.999647 0.0256246 -13.1727 -0.0183293 -0.0257488 0.999501 -1.03119
0.999805 0.00650294 0.0186521 -250.538 -0.0069865 0.999638 0.0259785 -13.1901 -0.0184764 -0.0261037 0.999489 -1.03539
0.999772 0.00591001 0.0205266 -250.618 -0.00643925 0.999646 0.025814 -13.1689 -0.0203668 -0.0259403 0.999456 -1.05357
0.999767 0.0056754 0.0208257 -250.673 -0.00621046 0.99965 0.0257184 -13.1583 -0.0206725 -0.0258417 0.999452 -1.06125
0.999754 0.00534634 0.0215225 -250.711 -0.00589164 0.999661 0.0253528 -13.1693 -0.0213797 -0.0254733 0.999447 -1.06681
0.999737 0.00542569 0.0222557 -250.75 -0.00597659 0.999675 0.0247619 -13.177 -0.0221141 -0.0248884 0.999446 -1.07493
0.999737 0.00504569 0.0223537 -250.787 -0.00560352 0.999673 0.0249628 -13.1837 -0.0222204 -0.0250814 0.999439 -1.08918
0.999727 0.0047582 0.0228493 -250.807 -0.00531753 0.999686 0.0244809 -13.1813 -0.0227257 -0.0245957 0.999439 -1.09945
0.999716 0.00466057 0.0233489 -250.787 -0.00523122 0.999687 0.024439 -13.1756 -0.0232277 -0.0245542 0.999429 -1.1049
