1 0 0 0 0 1 0 0 0 0 1 0
1 0.000178939 -4.03481e-05 0.00241362 -0.000178937 1 3.98793e-05 0.00861676 4.03552e-05 -3.98721e-05 1 -0.00344392
1 0.000249027 -0.000110273 0.000610741 -0.000249072 1 -0.000409132 0.0112315 0.000110171 0.000409159 1 0.000923017
1 0.000163852 -0.000131445 0.00116786 -0.000163896 1 -0.000339586 0.00705203 0.000131389 0.000339608 1 -0.0117284
1 0.000152295 -0.000131421 -0.00573312 -0.000152362 1 -0.000510112 0.00284532 0.000131343 0.000510132 1 -0.0139067
1 0.000262208 -0.000303851 -0.00727517 -0.000262453 1 -0.000805683 0.00452568 0.00030364 0.000805763 1 -0.0140905
1 0.000429646 -0.000245604 -0.00813124 -0.000429885 0.999999 -0.000976392 0.00785877 0.000245185 0.000976498 0.999999 -0.015834
1 0.000434004 -0.000451964 -0.00747402 -0.000434677 0.999999 -0.00149005 0.00675508 0.000451316 0.00149024 0.999999 -0.0150251
1 0.000492615 -0.000724296 -0.0155484 -0.000493656 0.999999 -0.00143766 0.00205399 0.000723587 0.00143802 0.999999 -0.0188304
0.999999 0.00062305 -0.00110425 -0.0138119 -0.000624897 0.999998 -0.00167261 0.0111537 0.00110321 0.0016733 0.999998 -0.0263222
0.999999 0.000595177 -0.00108612 -0.0135502 -0.000597135 0.999998 -0.00180278 0.0112507 0.00108504 0.00180342 0.999998 -0.0264654
0.999999 0.00072131 -0.00091635 -0.0125502 -0.00072305 0.999998 -0.0019002 0.00617494 0.000914977 0.00190086 0.999998 -0.0245613
0.999999 0.000573337 -0.00105691 -0.0224159 -0.000575211 0.999998 -0.00177318 -7.00168e-06 0.0010559 0.00177378 0.999998 -0.0278605
0.999999 0.000685147 -0.000998499 -0.0225791 -0.000686986 0.999998 -0.00184239 0.00636009 0.000997235 0.00184308 0.999998 -0.0253269
1 0.000851058 -0.000640418 -0.0201126 -0.000852067 0.999998 -0.00157585 0.00988207 0.000639076 0.00157639 0.999999 -0.0228764
0.999999 0.000819892 -0.000918836 -0.0226058 -0.000821413 0.999998 -0.00165621 0.0104676 0.000917476 0.00165697 0.999998 -0.0254266
0.999999 0.000848914 -0.00076523 -0.0201986 -0.000850237 0.999998 -0.00172992 0.00396257 0.00076376 0.00173057 0.999998 -0.0243164
1 0.000820169 -0.000645229 -0.0234002 -0.000821006 0.999999 -0.00129927 0.00330496 0.000644163 0.0012998 0.999999 -0.0252312
0.999999 0.000943425 -0.00087944 -0.0214382 -0.000944922 0.999998 -0.00170358 0.00516992 0.000877831 0.0017044 0.999998 -0.0227499
0.999999 0.000916908 -0.00075427 -0.0223303 -0.000918066 0.999998 -0.00153736 0.00946128 0.000752859 0.00153805 0.999999 -0.0204736
0.999999 0.000867473 -0.000915058 -0.0263074 -0.000868981 0.999998 -0.00164865 0.0122832 0.000913626 0.00164945 0.999998 -0.019814
0.999999 0.000904621 -0.000910362 -0.0217666 -0.00090588 0.999999 -0.00138332 0.0031221 0.00090911 0.00138415 0.999999 -0.0215173
0.999999 0.000871941 -0.000887062 -0.0193858 -0.000873026 0.999999 -0.00122316 0.00165804 0.000885994 0.00122393 0.999999 -0.0236605
0.999999 0.000928384 -0.00103219 -0.0214285 -0.000929886 0.999998 -0.00145524 0.0077148 0.00103083 0.0014562 0.999998 -0.0249843
0.999999 0.000837336 -0.0010169 -0.021973 -0.00083925 0.999998 -0.00188332 0.00880112 0.00101533 0.00188417 0.999998 -0.024942
0.999999 0.000845908 -0.00117431 -0.0195588 -0.000848088 0.999998 -0.0018574 0.00993873 0.00117274 0.00185839 0.999997 -0.0280548
0.999999 0.000828473 -0.00098022 -0.0212546 -0.000830371 0.999998 -0.00193729 0.00111856 0.000978613 0.0019381 0.999998 -0.0318087
0.999999 0.000835553 -0.001054 -0.0214812 -0.000837721 0.999997 -0.00205875 0.0029939 0.00105227 0.00205963 0.999997 -0.0310386
0.999999 0.000914733 -0.00105515 -0.0182155 -0.000916721 0.999998 -0.0018846 0.00940184 0.00105343 0.00188557 0.999998 -0.0299335
0.999999 0.000988084 -0.00118885 -0.015905 -0.000990164 0.999998 -0.00175065 0.0161386 0.00118712 0.00175183 0.999998 -0.0310017
0.999999 0.000814306 -0.00136814 -0.018368 -0.000817066 0.999998 -0.00201803 0.00909203 0.00136649 0.00201915 0.999997 -0.0317705
0.999999 0.000772784 -0.00134324 -0.0233858 -0.000775737 0.999997 -0.00219914 -0.000883839 0.00134154 0.00220017 0.999997 -0.0310282
0.999999 0.000854652 -0.00128776 -0.0225202 -0.000857488 0.999997 -0.00220301 0.0065373 0.00128587 0.00220412 0.999997 -0.0275327
0.999999 0.000854416 -0.00137474 -0.0225392 -0.000857292 0.999997 -0.00209264 0.00860266 0.00137295 0.00209382 0.999997 -0.0270276
0.999999 0.00092352 -0.00141465 -0.0165377 -0.000925975 0.999998 -0.00173612 0.00757505 0.00141304 0.00173743 0.999997 -0.0331377
0.999999 0.000829514 -0.00136216 -0.0237375 -0.000832086 0.999998 -0.00188889 0.00243373 0.00136059 0.00189002 0.999997 -0.0338224
0.999999 0.000880236 -0.00122917 -0.0191195 -0.000882714 0.999998 -0.00201685 0.00552009 0.00122739 0.00201793 0.999997 -0.0302986
0.999999 0.00086408 -0.00146466 -0.0182054 -0.000867066 0.999998 -0.00203898 0.00987869 0.0014629 0.00204025 0.999997 -0.0279836
0.999999 0.000834998 -0.00150212 -0.0191334 -0.000838206 0.999997 -0.00213597 0.0129645 0.00150033 0.00213723 0.999997 -0.02613
0.999999 0.000799253 -0.00142195 -0.0214428 -0.000801859 0.999998 -0.0018326 0.00515524 0.00142048 0.00183374 0.999997 -0.0334096
0.999999 0.000703019 -0.00127343 -0.019231 -0.000705559 0.999998 -0.00199499 0.00438125 0.00127203 0.00199588 0.999997 -0.0318587
0.999999 0.000594966 -0.000935593 -0.0276449 -0.000596775 0.999998 -0.00193394 0.0117938 0.00093444 0.0019345 0.999998 -0.019992
1 0.000401358 -0.000583745 -0.0537457 -0.000402401 0.999998 -0.00178649 0.0108245 0.000583027 0.00178673 0.999998 -0.0243215
1 -0.00019612 0.000184176 -0.115403 0.000196382 0.999999 -0.00142759 0.00820235 -0.000183896 0.00142762 0.999999 -0.0285065
0.999995 -0.000965424 0.00285879 -0.217061 0.000969131 0.999999 -0.0012959 -0.0157981 -0.00285754 0.00129867 0.999995 -0.0239821
0.999982 -0.00243421 0.0055137 -0.366948 0.00243429 0.999997 -9.03867e-06 -0.0176899 -0.00551366 2.2461e-05 0.999985 -0.0314288
0.999948 -0.00871321 0.00535209 -0.619786 0.00871391 0.999962 -0.000107462 -0.0268198 -0.00535095 0.000154095 0.999986 -0.0358567
0.999838 -0.0169807 0.00595259 -0.976968 0.0169919 0.999854 -0.00183539 -0.0473988 -0.00592056 0.00193624 0.999981 -0.022128
0.99969 -0.0240121 0.00655018 -1.44691 0.0240192 0.999711 -0.00101037 -0.0852767 -0.00652403 0.00116739 0.999978 -0.0244355
0.99957 -0.0288091 0.00550423 -2.01074 0.0288158 0.999584 -0.001142 -0.12781 -0.00546904 0.00130011 0.999984 -0.0379654
0.999503 -0.030855 0.00650176 -2.68783 0.0308562 0.999524 -7.50935e-05 -0.177473 -0.00649635 0.000275676 0.999979 -0.0583821
0.99951 -0.0307011 0.00618278 -3.45418 0.0307142 0.999526 -0.00204391 -0.237068 -0.0061171 0.00223281 0.999979 -0.0579899
0.999535 -0.030019 0.00535292 -4.32132 0.0300226 0.999549 -0.000606787 -0.309449 -0.00533229 0.000767215 0.999986 -0.0855396
0.999551 -0.0296348 0.00440368 -5.26664 0.0296335 0.999561 0.000348278 -0.374139 -0.00441207 -0.000217625 0.99999 -0.130519
0.999575 -0.0288398 0.0042553 -6.27699 0.0288446 0.999583 -0.00107882 -0.451679 -0.00422241 0.0012011 0.999991 -0.132639
0.999612 -0.027303 0.00561104 -7.38074 0.0273022 0.999627 0.000223478 -0.540432 -0.00561505 -7.01967e-05 0.999984 -0.147364
0.999647 -0.0252807 0.00818422 -8.57308 0.0252908 0.99968 -0.00113107 -0.608688 -0.008153 0.00133765 0.999966 -0.141892
0.999728 -0.0223733 0.00657522 -9.81249 0.0223761 0.99975 -0.000353502 -0.703492 -0.00656567 0.000500534 0.999978 -0.198525
0.999814 -0.0179609 0.00712318 -11.1603 0.0179604 0.999839 0.00013195 -0.781802 -0.0071244 -3.99023e-06 0.999975 -0.246177
0.999848 -0.014596 0.00957133 -12.5672 0.0145967 0.999893 -9.132e-06 -0.872593 -0.00957018 0.000148841 0.999954 -0.249148
0.999875 -0.011889 0.0104457 -14.0853 0.0119103 0.999927 -0.00197501 -0.958345 -0.0104215 0.00209917 0.999944 -0.261538
0.999877 -0.00928076 0.0126807 -15.6763 0.00931242 0.999954 -0.00243984 -1.08654 -0.0126575 0.00255762 0.999917 -0.28599
0.999887 -0.00646515 0.0135642 -17.3325 0.00651033 0.999973 -0.00328865 -1.18637 -0.0135426 0.00337658 0.999903 -0.248882
0.999901 -0.00467112 0.0132649 -19.0744 0.00475585 0.999968 -0.00636295 -1.25829 -0.0132348 0.00642541 0.999892 -0.271423
0.999884 -0.00334369 0.0148575 -20.886 0.00346256 0.999962 -0.00798155 -1.34516 -0.0148303 0.00803207 0.999858 -0.296818
0.999906 -0.000756347 0.0137054 -22.7928 0.000888709 0.999953 -0.00965373 -1.42248 -0.0136975 0.009665 0.99986 -0.345114
0.999934 0.00218321 0.011311 -24.8023 -0.00208082 0.999957 -0.0090557 -1.51945 -0.0113303 0.00903157 0.999895 -0.341005
0.999902 0.00510796 0.0130567 -26.8507 -0.00500888 0.999958 -0.00760931 -1.6087 -0.013095 0.00754316 0.999886 -0.361777
0.999856 0.00823313 0.0148561 -28.9802 -0.0081089 0.999932 -0.00840281 -1.68885 -0.0149242 0.00828114 0.999854 -0.39108
0.99987 0.0104742 0.0122689 -31.1963 -0.0103695 0.99991 -0.00856098 -1.76599 -0.0123575 0.00843264 0.999888 -0.43057
0.999837 0.0163839 0.00760455 -33.5096 -0.0163223 0.999834 -0.0080925 -1.83875 -0.00773587 0.00796706 0.999938 -0.468857
0.999647 0.0229862 0.013305 -35.8414 -0.0228946 0.999713 -0.00699815 -1.88903 -0.013462 0.00669107 0.999887 -0.504696
0.999481 0.0299587 0.0118372 -38.2488 -0.0298816 0.999531 -0.00663252 -1.92817 -0.0120304 0.00627537 0.999908 -0.543268
0.999363 0.0342907 0.00988004 -40.7344 -0.0342567 0.999407 -0.00358752 -1.9552 -0.0099972 0.00324677 0.999945 -0.569078
0.999329 0.0356233 0.00858082 -43.2602 -0.0356062 0.999363 -0.00213934 -1.97678 -0.00865157 0.00183237 0.999961 -0.613272
0.999437 0.0331313 0.00534518 -45.8483 -0.0331256 0.99945 -0.00114432 -2.0338 -0.00538016 0.000966618 0.999985 -0.606871
0.99958 0.0284958 0.00530742 -48.4593 -0.0284986 0.999594 0.000454616 -2.06483 -0.00529231 -0.000605679 0.999986 -0.645021
0.999724 0.022664 0.0061347 -51.097 -0.0226831 0.999738 0.00305683 -2.12026 -0.00606382 -0.00319514 0.999977 -0.65892
0.999842 0.0172995 0.00414999 -53.7692 -0.0173116 0.999846 0.00290642 -2.19138 -0.00409907 -0.0029778 0.999987 -0.699439
0.999899 0.0135043 0.00455369 -56.4612 -0.0135092 0.999908 0.00106946 -2.2907 -0.00453883 -0.00113086 0.999989 -0.762806
0.999941 0.010756 0.00154927 -59.1505 -0.0107551 0.999942 -0.00056204 -2.38818 -0.00155523 0.000545345 0.999999 -0.779173
0.99996 0.00896593 4.57222e-05 -61.8572 -0.00896603 0.999951 0.00416276 -2.48067 -8.39783e-06 -0.004163 0.999992 -0.818486
0.999969 0.00693311 0.0036409 -64.5626 -0.00693666 0.999975 0.000964182 -2.57269 -0.00363413 -0.000989408 0.999993 -0.852827
0.999976 0.00598135 0.00341887 -67.2665 -0.00598962 0.999979 0.00241553 -2.70325 -0.00340435 -0.00243595 0.999991 -0.894846
0.999992 0.00384486 0.00144326 -69.9985 -0.00385458 0.999969 0.00679546 -2.8279 -0.00141709 -0.00680097 0.999976 -0.950223
0.999994 0.00209021 0.00272103 -72.7121 -0.00210666 0.999979 0.00605826 -2.94668 -0.00270832 -0.00606395 0.999978 -0.975394
1 0.000816242 -5.93263e-05 -75.4353 -0.000816155 0.999999 0.00129782 -3.07239 6.03848e-05 -0.00129777 0.999999 -1.00779
0.999999 -5.62157e-05 -0.00168947 -78.1608 5.29076e-05 0.999998 -0.00196303 -3.19874 0.00168957 0.00196294 0.999997 -1.05576
0.999999 0.00110967 -0.000254217 -80.894 -0.00111058 0.999993 -0.00363212 -3.34165 0.000250183 0.0036324 0.999994 -1.11528
0.999996 0.00295816 -0.000478586 -83.6137 -0.00295996 0.999988 -0.00381655 -3.46585 0.00046729 0.00381795 0.999993 -1.14123
0.999983 0.00531192 -0.00235119 -86.3415 -0.00532153 0.999977 -0.00410515 -3.57736 0.00232933 0.00411759 0.999989 -1.16083
0.999964 0.00848419 5.66091e-05 -89.0692 -0.00848352 0.999936 -0.00753966 -3.69335 -0.000120574 0.00753891 0.999972 -1.2262
0.99992 0.0118192 0.00442571 -91.7961 -0.0117745 0.999881 -0.00999755 -3.77935 -0.00454334 0.00994465 0.99994 -1.29777
0.999895 0.0144965 -0.000663608 -94.5074 -0.0145037 0.999816 -0.012581 -3.89808 0.000481104 0.0125893 0.999921 -1.32504
0.999864 0.0164707 -0.000997809 -97.2524 -0.0164788 0.999826 -0.00868951 -3.97946 0.000854512 0.00870477 0.999962 -1.42146
0.999848 0.0173526 0.00146781 -99.9611 -0.017344 0.999833 -0.00569909 -4.03239 -0.00156646 0.00567277 0.999983 -1.47056
0.999867 0.0163107 -0.000261318 -102.686 -0.0163118 0.999854 -0.00499011 -4.10871 0.000179887 0.00499371 0.999988 -1.52034
0.9999 0.0140074 0.00185356 -105.417 -0.0139944 0.999878 -0.00686917 -4.19977 -0.00194956 0.00684255 0.999975 -1.55204
0.999931 0.0109925 0.00419371 -108.155 -0.0109416 0.999869 -0.0119597 -4.28571 -0.00432463 0.011913 0.99992 -1.58093
0.99997 0.00596269 0.00498933 -110.884 -0.00589505 0.999892 -0.0134629 -4.3954 -0.00506907 0.0134331 0.999897 -1.601
0.999978 0.00151375 0.00653538 -113.588 -0.00139803 0.999843 -0.0176746 -4.51225 -0.00656111 0.0176651 0.999823 -1.63883
0.999978 -0.00273241 0.00608111 -116.306 0.00286065 0.999771 -0.0211787 -4.64859 -0.00602185 0.0211956 0.999757 -1.68831
0.999963 -0.00504638 0.00701547 -119.024 0.00522137 0.99967 -0.0251513 -4.7969 -0.00688623 0.025187 0.999659 -1.7095
0.999978 -0.00525029 0.00408345 -121.748 0.00536213 0.999597 -0.0278757 -4.93691 -0.00393544 0.027897 0.999603 -1.75572
0.99999 -0.00428212 0.00138558 -124.472 0.00432064 0.999567 -0.0291096 -5.08143 -0.00126032 0.0291153 0.999576 -1.79201
0.999997 -0.00259125 -0.000497196 -127.19 0.00257836 0.999699 -0.0243859 -5.19094 0.000560236 0.0243845 0.999703 -1.83233
0.999983 -0.000976402 0.00579023 -129.911 0.00111765 0.9997 -0.0244412 -5.32689 -0.00576463 0.0244472 0.999685 -1.8688
0.999975 0.00024324 0.00708309 -132.624 -4.15398e-05 0.999595 -0.0284619 -5.50125 -0.00708714 0.0284609 0.99957 -1.87026
0.999993 -0.000213026 0.00361783 -135.342 0.000332291 0.999455 -0.0329962 -5.62527 -0.00360883 0.0329972 0.999449 -1.90879
0.999998 -0.00190301 0.00095763 -138.077 0.00193236 0.999497 -0.0316323 -5.7722 -0.000896952 0.0316341 0.999499 -1.98523
0.999989 -0.00474994 -8.19674e-05 -140.799 0.0047464 0.999674 -0.0250899 -5.88454 0.000201117 0.0250892 0.999686 -2.02165
0.999978 -0.00624914 -0.00196376 -143.522 0.00620043 0.999695 -0.0239056 -6.03525 0.00211255 0.0238929 0.999713 -2.08953
0.999975 -0.00674541 0.00211007 -146.245 0.00679908 0.999624 -0.026551 -6.19264 -0.00193018 0.0265647 0.999646 -2.16283
0.999972 -0.00680908 -0.00299578 -148.984 0.00672639 0.999618 -0.026799 -6.3465 0.00317711 0.0267781 0.999637 -2.22683
0.99997 -0.00705063 -0.00306295 -151.715 0.00697528 0.999689 -0.0239495 -6.4859 0.00323086 0.0239275 0.999709 -2.28298
0.99997 -0.00775686 -0.000418546 -154.461 0.00774623 0.999744 -0.021229 -6.62823 0.00058311 0.0212252 0.999775 -2.30028
0.999967 -0.00743861 -0.00333762 -157.191 0.0073699 0.99977 -0.0201471 -6.77186 0.00348672 0.0201218 0.999792 -2.35248
0.999967 -0.00749634 -0.0031466 -159.913 0.0074326 0.999776 -0.0198019 -6.92685 0.00329434 0.0197779 0.999799 -2.42713
0.999964 -0.00841828 -0.00107951 -162.656 0.00839245 0.999722 -0.0220438 -7.09275 0.00126479 0.0220339 0.999757 -2.51911
0.999954 -0.00957457 0.000209266 -165.371 0.00957685 0.999744 -0.0204643 -7.2691 -1.32746e-05 0.0204654 0.999791 -2.56294
0.99994 -0.0107084 0.00230258 -168.114 0.0107515 0.99975 -0.0195957 -7.41641 -0.00209216 0.0196193 0.999806 -2.5988
0.999909 -0.0122161 0.0057856 -170.855 0.0123347 0.999705 -0.0209264 -7.58147 -0.00552825 0.0209959 0.999765 -2.63773
0.999912 -0.0128816 0.00304516 -173.6 0.0129453 0.999675 -0.021932 -7.73924 -0.00276166 0.0219695 0.999755 -2.66704
0.999879 -0.0131665 0.00833192 -176.35 0.0133358 0.999698 -0.0206039 -7.89098 -0.00805813 0.0207125 0.999753 -2.68771
0.999905 -0.0128011 0.00503216 -179.091 0.0128977 0.999723 -0.0196586 -8.06668 -0.00477912 0.0197216 0.999794 -2.72977
0.9999 -0.0124659 0.00675932 -180.439 0.0125945 0.999734 -0.0193242 -8.16234 -0.00651663 0.0194074 0.999791 -2.73561
