1 0 0 0 0 1 0 0 0 0 1 0
0.999999 -0.000277472 0.0011132 -2.69185 0.000279174 0.999999 -0.0015285 -0.137749 -0.00111278 0.00152881 0.999998 -0.0633738
0.999992 -0.000235498 0.00388102 -5.39681 0.000244884 0.999997 -0.00241837 -0.264233 -0.00388044 0.0024193 0.99999 -0.100569
0.999965 -0.00179243 0.00818298 -8.07943 0.00181731 0.999994 -0.00303458 -0.384591 -0.00817749 0.00304934 0.999962 -0.111947
0.999923 -0.00319099 0.0120029 -10.8038 0.00323877 0.999987 -0.00396331 -0.529009 -0.0119901 0.00400188 0.99992 -0.122956
0.999944 -0.00297465 0.0101517 -13.5038 0.00300534 0.999991 -0.00300965 -0.672064 -0.0101427 0.00303999 0.999944 -0.164691
0.999922 -0.00317365 0.0120932 -16.221 0.00322465 0.999986 -0.0042001 -0.790626 -0.0120797 0.00423877 0.999918 -0.176559
0.999894 -0.00284587 0.0142899 -18.9175 0.0028808 0.999993 -0.00242458 -0.926043 -0.0142829 0.00246549 0.999895 -0.204247
0.999894 -0.00281863 0.0142926 -21.6231 0.00286302 0.999991 -0.00308622 -1.0611 -0.0142838 0.00312682 0.999893 -0.168491
0.999875 -0.00272408 0.0155736 -24.3105 0.00276947 0.999992 -0.00289362 -1.21118 -0.0155656 0.00293639 0.999874 -0.148488
0.99984 -0.00331273 0.0175503 -27.0033 0.00336815 0.99999 -0.00312899 -1.357 -0.0175398 0.0031876 0.999841 -0.13173
0.999848 -0.00438183 0.016895 -29.7134 0.0043993 0.99999 -0.000996755 -1.47895 -0.0168905 0.00107093 0.999857 -0.148897
0.999854 -0.00564779 0.0161102 -32.4053 0.00564194 0.999984 0.000408452 -1.61092 -0.0161122 -0.000317499 0.99987 -0.163769
0.999867 -0.00699766 0.0147414 -35.1261 0.00698834 0.999975 0.000683455 -1.75001 -0.0147458 -0.000580345 0.999891 -0.150733
0.999879 -0.00812613 0.0132541 -37.8399 0.00811066 0.999967 0.00122021 -1.92125 -0.0132636 -0.00111256 0.999911 -0.17341
0.999826 -0.00787597 0.0168903 -40.5691 0.00784656 0.999968 0.00180675 -2.05938 -0.016904 -0.0016739 0.999856 -0.162778
0.999758 -0.00817215 0.0204424 -43.2606 0.00816578 0.999967 0.000395017 -2.21038 -0.0204449 -0.000227992 0.999791 -0.135839
0.999797 -0.00786382 0.0185746 -45.95 0.00788998 0.999968 -0.00133516 -2.36105 -0.0185635 0.00148144 0.999826 -0.127566
0.999769 -0.007762 0.0200391 -48.6485 0.00779027 0.999969 -0.00133315 -2.52595 -0.0200281 0.00148895 0.999798 -0.109014
0.99975 -0.00696073 0.0212568 -51.3358 0.00697386 0.999976 -0.000543872 -2.66738 -0.0212525 0.000691978 0.999774 -0.115097
0.999743 -0.00744362 0.0214138 -54.0592 0.00748228 0.999971 -0.00172597 -2.81541 -0.0214003 0.00188575 0.999769 -0.0803742
0.999768 -0.00798597 0.0199937 -56.7563 0.0080257 0.999966 -0.00190792 -2.96565 -0.0199778 0.00206794 0.999798 -0.051995
0.999771 -0.00854924 0.0196464 -59.4861 0.00859371 0.999961 -0.00218058 -3.09872 -0.019627 0.00234891 0.999804 -0.0419939
0.999706 -0.00848066 0.0227282 -62.212 0.00848782 0.999964 -0.000218979 -3.24504 -0.0227256 0.000411828 0.999741 -0.0519377
0.999684 -0.00899019 0.0234963 -64.9123 0.00899505 0.99996 -0.000101314 -3.40127 -0.0234944 0.000312633 0.999724 -0.0396041
0.999691 -0.00898858 0.0231625 -67.6324 0.00899423 0.99996 -0.000139886 -3.56673 -0.0231603 0.000348173 0.999732 -0.0213011
0.999679 -0.00947016 0.0235066 -70.3519 0.00947435 0.999955 -6.68464e-05 -3.7125 -0.0235049 0.000289536 0.999723 0.00973437
0.999711 -0.0114053 0.0211591 -73.0712 0.0114019 0.999935 0.000281632 -3.8815 -0.021161 -4.02964e-05 0.999776 0.0375801
0.999606 -0.0136771 0.0245316 -75.7892 0.0137014 0.999906 -0.000823864 -4.0587 -0.024518 0.00115966 0.999699 0.0492434
0.99968 -0.0162939 0.019371 -78.4985 0.0162927 0.999867 0.000219702 -4.22297 -0.019372 9.59752e-05 0.999812 0.0560032
0.999561 -0.0195541 0.022256 -81.2136 0.0195325 0.999809 0.0011905 -4.39066 -0.022275 -0.00075526 0.999751 0.0523473
0.999342 -0.0226374 0.0283469 -83.9121 0.0227352 0.999737 -0.00313315 -4.59343 -0.0282685 0.00377556 0.999593 0.0675717
0.999307 -0.0259717 0.0266809 -86.6536 0.0260775 0.999654 -0.00362316 -4.8195 -0.0265775 0.00431642 0.999637 0.0845397
0.999247 -0.0289501 0.0258384 -89.3616 0.0289813 0.99958 -0.000833621 -5.01146 -0.0258034 0.00158182 0.999666 0.123731
0.999212 -0.0316387 0.0239652 -92.0862 0.0315993 0.999499 0.00201875 -5.21864 -0.024017 -0.00125988 0.999711 0.153766
0.999259 -0.0322428 0.0210067 -94.793 0.0320619 0.999447 0.00889156 -5.41567 -0.0212818 -0.00821145 0.99974 0.160553
0.999226 -0.032818 0.0216831 -97.4952 0.0326252 0.999426 0.00918973 -5.63973 -0.0219722 -0.0084752 0.999722 0.185241
0.999138 -0.0320895 0.0263468 -100.208 0.0319864 0.999479 0.00432332 -5.88282 -0.0264718 -0.00347685 0.999643 0.223129
0.999073 -0.0322875 0.0284638 -102.94 0.0322586 0.999479 0.00147388 -6.10527 -0.0284965 -0.000554315 0.999593 0.266832
0.999196 -0.0319137 0.0242855 -105.664 0.0318946 0.999491 0.00117239 -6.30299 -0.0243106 -0.000396874 0.999704 0.29805
0.999045 -0.0319911 0.0297445 -108.378 0.0320375 0.999486 -0.00108436 -6.49553 -0.0296946 0.00203627 0.999557 0.345315
0.998894 -0.0313832 0.0350075 -111.092 0.0315332 0.999496 -0.00374091 -6.73305 -0.0348725 0.00484067 0.99938 0.379458
0.999043 -0.031244 0.0306066 -113.816 0.0314113 0.999494 -0.0050011 -6.96789 -0.0304349 0.00595771 0.999519 0.434741
0.998969 -0.0317713 0.0324185 -116.541 0.0319219 0.999482 -0.0041395 -7.18343 -0.0322702 0.00517009 0.999466 0.499748
0.998982 -0.0322754 0.0315075 -119.276 0.0324918 0.999452 -0.00637863 -7.4001 -0.0312844 0.00739587 0.999483 0.593787
0.998945 -0.033922 0.0309525 -121.992 0.0341298 0.999398 -0.00620788 -7.64065 -0.0307232 0.00725772 0.999501 0.634089
0.998818 -0.0355761 0.0331295 -124.723 0.0357857 0.999343 -0.00575551 -7.85154 -0.0329029 0.00693426 0.999434 0.698145
0.998689 -0.0379364 0.0343794 -127.439 0.0381071 0.999265 -0.00432318 -8.08246 -0.0341901 0.00562761 0.999399 0.774405
0.998488 -0.0399414 0.0377666 -130.156 0.0400916 0.999191 -0.00322851 -8.34753 -0.0376071 0.00473775 0.999281 0.86812
0.998617 -0.0418287 0.0318387 -132.872 0.042027 0.999101 -0.00558542 -8.57994 -0.0315764 0.00691577 0.999477 0.911272
0.998472 -0.043558 0.0339998 -135.589 0.0439136 0.998988 -0.00978269 -8.81562 -0.0335392 0.0112608 0.999374 0.957798
0.998251 -0.0448795 0.0384917 -138.295 0.0452975 0.998923 -0.0100572 -9.09 -0.0379988 0.0117831 0.999208 1.01528
0.998355 -0.0454798 0.0348973 -141.012 0.0458195 0.998909 -0.00899769 -9.36009 -0.03445 0.0105819 0.99935 1.05315
0.998263 -0.0451569 0.0378356 -143.715 0.0454292 0.998948 -0.00636711 -9.59892 -0.0375082 0.00807488 0.999263 1.12108
0.998391 -0.0443708 0.0353003 -146.426 0.0446342 0.998981 -0.00670945 -9.83258 -0.0349666 0.00827425 0.999354 1.19579
0.998525 -0.042113 0.0342634 -149.151 0.0425138 0.999035 -0.0110541 -10.0939 -0.0337648 0.0124945 0.999351 1.25972
0.998641 -0.0404777 0.0328369 -151.863 0.0408343 0.999114 -0.0102616 -10.3507 -0.0323924 0.0115885 0.999408 1.31496
0.998742 -0.0398782 0.0303955 -154.591 0.0401704 0.999152 -0.00906466 -10.5722 -0.0300082 0.0102742 0.999497 1.34832
0.998545 -0.0393417 0.0368778 -157.297 0.0396788 0.999177 -0.00845441 -10.8156 -0.0365148 0.00990537 0.999284 1.39637
0.998618 -0.0393657 0.0348141 -160 0.0395979 0.999198 -0.00600585 -11.0614 -0.0345497 0.0073761 0.999376 1.41275
0.998676 -0.0408864 0.0312155 -162.745 0.0409219 0.999162 -0.000499881 -11.2909 -0.0311689 0.00177661 0.999512 1.45231
0.998418 -0.0442177 0.0347139 -165.466 0.0439988 0.999007 0.00704465 -11.5212 -0.0349909 -0.00550614 0.999372 1.48077
0.998364 -0.0464608 0.0333101 -168.17 0.0462225 0.9989 0.00788744 -11.8074 -0.03364 -0.00633486 0.999414 1.50666
0.998277 -0.0479189 0.0338428 -170.908 0.0476764 0.998832 0.00793551 -12.0599 -0.0341835 -0.00630834 0.999395 1.53693
0.998268 -0.0490723 0.0324503 -173.621 0.0487987 0.998767 0.00917145 -12.3183 -0.0328604 -0.00757204 0.999431 1.62073
0.99818 -0.0493496 0.0346617 -176.341 0.0490607 0.998754 0.0091377 -12.5868 -0.0350694 -0.00742054 0.999357 1.66883
0.998084 -0.0487766 0.0380557 -179.051 0.0484167 0.998774 0.0103238 -12.8449 -0.0385126 -0.00846154 0.999222 1.73284
0.998316 -0.0473711 0.0334791 -181.765 0.0471608 0.998863 0.00704366 -13.1144 -0.0337747 -0.0054529 0.999414 1.793
0.998538 -0.0459551 0.028462 -184.48 0.0458288 0.998937 0.00507498 -13.3799 -0.0286649 -0.00376319 0.999582 1.8255
0.998496 -0.0447898 0.0316142 -187.186 0.0446734 0.998992 0.00437727 -13.6359 -0.0317784 -0.00295837 0.99949 1.85838
0.998558 -0.0440625 0.0306461 -189.889 0.0439193 0.999021 0.00533206 -13.8705 -0.030851 -0.00397843 0.999516 1.8778
0.998642 -0.0435 0.028644 -192.611 0.0433486 0.999043 0.00588564 -14.1185 -0.0288726 -0.00463598 0.999572 1.94701
0.998781 -0.0426395 0.0248379 -195.325 0.0424518 0.999067 0.00803749 -14.3524 -0.0251574 -0.00697328 0.999659 1.95749
0.998665 -0.042351 0.0295747 -198.028 0.0420041 0.999043 0.0122526 -14.5991 -0.0300653 -0.010994 0.999487 1.95841
0.998669 -0.0404688 0.0319702 -200.713 0.0400868 0.999118 0.0125008 -14.8351 -0.0324479 -0.0112026 0.99941 2.00392
0.998876 -0.0390984 0.0267679 -203.409 0.0388292 0.999191 0.0105057 -15.0859 -0.027157 -0.00945457 0.999586 2.0522
0.999012 -0.0371883 0.0243044 -206.091 0.0369861 0.999278 0.00871747 -15.3214 -0.024611 -0.00780995 0.999666 2.1163
0.999002 -0.0357768 0.0267098 -208.766 0.0355755 0.999336 0.00797211 -15.5255 -0.0269773 -0.00701394 0.999611 2.14531
0.99899 -0.0345909 0.0286624 -211.438 0.0343543 0.999372 0.0087082 -15.7597 -0.0289456 -0.00771474 0.999551 2.17534
0.999086 -0.0332364 0.0268512 -214.101 0.0329735 0.999405 0.0101752 -15.9689 -0.0271734 -0.00928053 0.999587 2.20258
0.999126 -0.0319212 0.0269583 -216.755 0.0316326 0.999439 0.0110628 -16.1873 -0.0272963 -0.0102004 0.999575 2.22267
0.999163 -0.0313531 0.026269 -219.429 0.0310781 0.999459 0.0108127 -16.4006 -0.0265938 -0.00998728 0.999596 2.25832
0.999085 -0.0313278 0.0290966 -222.115 0.0310273 0.999461 0.0107207 -16.608 -0.0294168 -0.00980814 0.999519 2.29766
0.999088 -0.0323334 0.0278715 -224.778 0.0319966 0.999411 0.012443 -16.8168 -0.0282573 -0.0115398 0.999534 2.33156
0.999114 -0.0330201 0.0260722 -227.443 0.0326392 0.999357 0.0149026 -17.0361 -0.0265475 -0.0140385 0.999549 2.33458
0.999032 -0.0338672 0.0280596 -230.119 0.0334103 0.999304 0.0165972 -17.2273 -0.0286021 -0.0156437 0.999468 2.36691
0.998899 -0.033981 0.0323345 -232.796 0.0336536 0.999378 0.0106173 -17.4737 -0.0326752 -0.0095174 0.99942 2.40953
0.998894 -0.0352177 0.0311306 -235.474 0.0349253 0.999341 0.00988698 -17.7017 -0.0314583 -0.0087888 0.999466 2.45576
0.998924 -0.036009 0.0292239 -238.157 0.0357243 0.99931 0.0102063 -17.9414 -0.0295712 -0.0091513 0.99952 2.5195
0.998788 -0.0361761 0.0333709 -240.83 0.035866 0.999309 0.00984393 -18.1596 -0.0337039 -0.00863512 0.999394 2.56434
0.998862 -0.0359213 0.031358 -243.526 0.0357201 0.999338 0.00695331 -18.3927 -0.031587 -0.00582529 0.999484 2.60701
0.998908 -0.0363366 0.0293432 -246.204 0.0361599 0.999325 0.00653029 -18.6451 -0.0295607 -0.00546212 0.999548 2.63819
0.998952 -0.0364514 0.0276537 -248.901 0.0363204 0.999327 0.00522441 -18.8696 -0.0278255 -0.00421455 0.999604 2.67872
0.998904 -0.0369943 0.0286709 -251.604 0.0368469 0.999305 0.00565283 -19.0766 -0.0288601 -0.00459021 0.999573 2.73135
0.998822 -0.0374227 0.030869 -254.31 0.0372461 0.999287 0.00627394 -19.3252 -0.0310818 -0.00511681 0.999503 2.76608
0.998832 -0.0371983 0.0308182 -257.017 0.0369594 0.999283 0.00828434 -19.5529 -0.0311042 -0.00713565 0.99949 2.78355
0.998829 -0.0371965 0.0309308 -259.71 0.0368562 0.999255 0.0114976 -19.7794 -0.0313354 -0.0103442 0.999455 2.80858
0.998941 -0.0374553 0.026717 -262.423 0.0370185 0.999176 0.0166618 -19.9942 -0.0273191 -0.0156551 0.999504 2.82707
0.998998 -0.0364726 0.0259119 -265.128 0.0360958 0.999238 0.0148619 -20.2325 -0.0264342 -0.0139117 0.999553 2.86192
0.998951 -0.0355683 0.0288133 -267.86 0.035253 0.999314 0.0113784 -20.4797 -0.0291982 -0.0103507 0.99952 2.89269
0.99898 -0.0349332 0.0286103 -270.588 0.0346546 0.999348 0.0101766 -20.7276 -0.0289472 -0.00917471 0.999538 2.88961
0.999011 -0.0343776 0.0281709 -273.309 0.0340896 0.999363 0.0106387 -20.9399 -0.0285186 -0.00966782 0.999546 2.91055
0.99895 -0.0336451 0.0310801 -276.019 0.0333099 0.999382 0.0112397 -21.1663 -0.031439 -0.0101926 0.999453 2.97226
0.998957 -0.0332283 0.0313115 -278.731 0.0327602 0.999346 0.0153464 -21.3651 -0.0318009 -0.0143046 0.999391 2.98916
0.998994 -0.0335833 0.0297139 -281.478 0.0331488 0.999338 0.0149961 -21.5799 -0.0301978 -0.013996 0.999446 3.03233
0.998869 -0.0333435 0.0338903 -284.223 0.0329621 0.999388 0.01175 -21.8058 -0.0342613 -0.0106196 0.999356 3.06824
0.999102 -0.0336386 0.0257255 -287.003 0.0334171 0.999401 0.00898993 -22.0295 -0.0260125 -0.0081222 0.999628 3.10752
0.999039 -0.0342288 0.0273468 -289.748 0.033938 0.999363 0.0110286 -22.2453 -0.0277068 -0.0100899 0.999565 3.11986
0.99896 -0.0339561 0.0303998 -292.484 0.0337308 0.9994 0.00789152 -22.4631 -0.0306495 -0.00685791 0.999506 3.14162
0.999018 -0.034693 0.0275207 -295.23 0.0345807 0.999392 0.00454534 -22.6918 -0.0276616 -0.0035892 0.99961 3.1743
0.998944 -0.0358578 0.0287017 -297.971 0.0357307 0.99935 0.00492765 -22.9346 -0.0288597 -0.00389692 0.999575 3.20688
0.999017 -0.0370879 0.0242462 -300.71 0.0369223 0.999292 0.00724178 -23.1592 -0.0244976 -0.00633944 0.999679 3.24044
0.998991 -0.0374625 0.0247253 -303.428 0.0372343 0.99926 0.0096287 -23.3776 -0.0250677 -0.00869836 0.999647 3.24835
0.99887 -0.0375075 0.0291687 -306.123 0.0372437 0.999261 0.00953772 -23.604 -0.0295049 -0.0084406 0.999528 3.27969
0.998966 -0.0377177 0.0253577 -308.836 0.0375533 0.999271 0.00692979 -23.8324 -0.0256006 -0.00597037 0.999654 3.28908
0.998933 -0.0378321 0.0264781 -311.527 0.0376088 0.999253 0.00888284 -24.0768 -0.0267944 -0.00787756 0.999609 3.30385
0.998771 -0.0388754 0.0307074 -314.24 0.0385969 0.999209 0.0096116 -24.2989 -0.0310568 -0.00841459 0.999482 3.33031
0.998755 -0.0394746 0.0304741 -316.965 0.0392863 0.999205 0.00675072 -24.5568 -0.0307163 -0.00554511 0.999512 3.36906
0.998837 -0.0392603 0.0279679 -319.662 0.0390918 0.999214 0.00654794 -24.7835 -0.028203 -0.00544702 0.999587 3.40068
0.998768 -0.0397137 0.0297155 -322.346 0.0395207 0.999194 0.0070548 -25.029 -0.0299718 -0.00587175 0.999533 3.42021
0.998825 -0.0393749 0.0282162 -325.026 0.0392001 0.999209 0.00672129 -25.2473 -0.0284585 -0.00560733 0.999579 3.44827
0.998776 -0.0393894 0.0298754 -327.728 0.0391498 0.999197 0.00856335 -25.4726 -0.0301887 -0.00738326 0.999516 3.48778
0.998847 -0.0387937 0.0282572 -330.421 0.038501 0.9992 0.0108308 -25.6893 -0.0286547 -0.00973035 0.999541 3.51699
0.998894 -0.037755 0.0279987 -333.113 0.0374389 0.99923 0.0117284 -25.917 -0.0284199 -0.0106672 0.999539 3.55347
0.998921 -0.0365852 0.0285789 -335.791 0.0362486 0.999268 0.0122067 -26.1343 -0.0290046 -0.0111576 0.999516 3.59795
0.998896 -0.0362373 0.0298704 -337.133 0.0358907 0.999283 0.0120572 -26.2455 -0.0302859 -0.0109718 0.99948 3.625
