1 0 0 0 0 1 0 0 0 0 1 0
0.999999 0.000115174 0.00101463 -0.271962 -0.000114799 1 -0.000369297 -0.0213932 -0.00101467 0.00036918 0.999999 -0.00848774
0.999996 0.00189794 0.00189588 -0.657556 -0.00189567 0.999998 -0.0011955 -0.0403596 -0.00189815 0.0011919 0.999997 -0.0140243
0.999967 0.00732459 0.00361047 -1.13581 -0.00731795 0.999972 -0.00184908 -0.0629129 -0.00362391 0.00182259 0.999992 -0.031985
0.999865 0.0157452 0.00475102 -1.73886 -0.0157403 0.999876 -0.00106453 -0.0633818 -0.00476719 0.000989602 0.999988 -0.056154
0.999705 0.0237315 0.00512129 -2.44207 -0.0237264 0.999718 -0.00104459 -0.0794168 -0.00514464 0.000922774 0.999986 -0.0767636
0.999677 0.0247565 0.00577154 -3.23418 -0.0247384 0.999689 -0.0031956 -0.0998051 -0.00584886 0.00305179 0.999978 -0.0884778
0.999768 0.0206805 0.00606918 -4.11838 -0.02066 0.999781 -0.00340913 -0.165715 -0.00613836 0.00328295 0.999976 -0.101343
0.99984 0.0146336 0.0103142 -5.07246 -0.0146103 0.999891 -0.00233307 -0.207269 -0.0103472 0.002182 0.999944 -0.129161
0.9998 0.0093262 0.017697 -6.09857 -0.00923132 0.999943 -0.00543611 -0.261788 -0.0177467 0.00527165 0.999829 -0.175633
0.999847 0.00783779 0.0156474 -7.21393 -0.00775435 0.999956 -0.0053862 -0.318055 -0.0156889 0.00526404 0.999863 -0.187318
0.999884 0.00896792 0.0123029 -8.38356 -0.00890788 0.999948 -0.00492614 -0.365741 -0.0123465 0.00481598 0.999912 -0.209226
0.999889 0.0105456 0.0104828 -9.62178 -0.0105007 0.999936 -0.00432189 -0.43628 -0.0105277 0.00421133 0.999936 -0.247298
0.999828 0.0122365 0.0139753 -10.9181 -0.012159 0.99991 -0.00561623 -0.491915 -0.0140428 0.00544534 0.999887 -0.295138
0.999856 0.0124616 0.0115387 -12.2809 -0.012413 0.999914 -0.00427251 -0.549968 -0.011591 0.00412867 0.999924 -0.297813
0.99984 0.0110419 0.014076 -13.7113 -0.010958 0.999922 -0.0060224 -0.615095 -0.0141414 0.00586719 0.999883 -0.317284
0.999852 0.0100195 0.0139699 -15.1695 -0.0099058 0.999918 -0.00818116 -0.702654 -0.0140507 0.00804157 0.999869 -0.363873
0.999851 0.00823846 0.0151484 -16.65 -0.00808261 0.999914 -0.010321 -0.770304 -0.0152321 0.010197 0.999832 -0.394639
0.999791 0.00655726 0.0193468 -18.1613 -0.00634439 0.999919 -0.0110438 -0.853307 -0.0194176 0.0109188 0.999752 -0.433444
0.99982 0.00487293 0.0183665 -19.7154 -0.00467015 0.999928 -0.0110676 -0.934049 -0.0184191 0.0109799 0.99977 -0.4069
0.999737 0.00311731 0.0227181 -21.3248 -0.00291278 0.999955 -0.00903097 -1.02382 -0.0227452 0.00896242 0.999701 -0.42992
0.999658 0.0023387 0.0260357 -22.9769 -0.00206362 0.999942 -0.0105874 -1.1149 -0.026059 0.01053 0.999605 -0.415747
0.999762 -3.44797e-05 0.0218082 -24.7066 0.000279124 0.999937 -0.0112152 -1.2243 -0.0218064 0.0112186 0.999699 -0.415358
0.9998 -0.00304688 0.0197896 -26.5016 0.00328074 0.999925 -0.0117956 -1.3411 -0.0197522 0.0118582 0.999735 -0.418408
0.999696 -0.00616702 0.0238555 -28.3508 0.00644933 0.99991 -0.0117756 -1.4467 -0.0237807 0.0119259 0.999646 -0.42889
0.999349 -0.00943411 0.0348158 -30.2395 0.00986091 0.999878 -0.0121074 -1.56131 -0.0346973 0.0124429 0.999321 -0.43747
0.999253 -0.0131309 0.0363368 -32.1692 0.0135569 0.999842 -0.0115033 -1.70977 -0.03618 0.0119873 0.999274 -0.360513
0.999495 -0.0182801 0.0260082 -34.1529 0.0186334 0.999737 -0.0134065 -1.86909 -0.0257562 0.0138844 0.999572 -0.35707
0.999395 -0.0246422 0.0245387 -36.1392 0.0249126 0.999632 -0.0107751 -2.04232 -0.0242641 0.0113799 0.999641 -0.343717
0.999419 -0.029275 0.0174794 -38.1397 0.0294352 0.999527 -0.00897615 -2.20662 -0.0172084 0.00948544 0.999807 -0.392899
0.999487 -0.0318689 0.0032269 -40.1779 0.0319 0.99944 -0.0100952 -2.38412 -0.00290337 0.0101929 0.999944 -0.400859
0.99942 -0.0322755 -0.0108927 -42.2425 0.0321655 0.999431 -0.0101284 -2.57663 0.0112134 0.00977216 0.99989 -0.457707
0.9993 -0.0303614 -0.0218506 -44.3345 0.0301064 0.999476 -0.0119076 -2.76691 0.0222007 0.0112414 0.999691 -0.548361
0.999369 -0.0268595 -0.0232535 -46.4662 0.0265989 0.999581 -0.0114434 -2.93461 0.0235511 0.0108176 0.999664 -0.64926
0.999367 -0.0222283 -0.0277701 -48.6205 0.0219031 0.999689 -0.0119615 -3.12997 0.0280273 0.0113457 0.999543 -0.76733
0.999082 -0.016807 -0.0393985 -50.8253 0.0162416 0.999761 -0.0146252 -3.29403 0.039635 0.0139718 0.999117 -0.892426
0.999621 -0.0112027 -0.0251552 -53.0355 0.0108711 0.999853 -0.0132836 -3.45474 0.0253003 0.0130051 0.999596 -1.00272
0.999922 -0.0046463 -0.0115615 -55.2644 0.00447676 0.999883 -0.0146467 -3.60006 0.0116282 0.0145938 0.999826 -1.11356
0.999728 0.00139927 -0.0232615 -57.5615 -0.00164421 0.999944 -0.010514 -3.72648 0.0232455 0.0105494 0.999674 -1.19532
0.999626 0.00814979 -0.0261021 -59.8499 -0.00841083 0.999916 -0.00990641 -3.84914 0.0260192 0.0101222 0.99961 -1.29769
0.999811 0.0145702 -0.0128287 -62.1409 -0.014648 0.999875 -0.00599333 -3.95059 0.0127398 0.00618012 0.9999 -1.40072
0.999462 0.0208623 -0.025295 -64.4547 -0.0211112 0.999731 -0.00961191 -4.04029 0.0250877 0.0101407 0.999634 -1.51841
0.99924 0.0237311 -0.0309219 -66.8362 -0.0240474 0.999662 -0.00989992 -4.14609 0.0306765 0.010636 0.999473 -1.55076
0.999442 0.0262151 -0.0206835 -69.1607 -0.0263866 0.99962 -0.00806371 -4.20265 0.0204642 0.00860498 0.999754 -1.67802
0.99947 0.02707 -0.0180606 -71.4878 -0.0272026 0.999605 -0.00713674 -4.26307 0.0178603 0.00762425 0.999812 -1.75463
0.99934 0.027156 -0.0241214 -73.8258 -0.0273187 0.999606 -0.00643936 -4.33858 0.023937 0.00709408 0.999689 -1.81436
0.999443 0.0265685 -0.0202088 -76.1573 -0.0266645 0.999635 -0.00449412 -4.43121 0.020082 0.00503047 0.999786 -1.90432
0.999595 0.0254856 -0.0126667 -78.469 -0.0255114 0.999673 -0.00188395 -4.49614 0.0126145 0.00220633 0.999918 -1.9926
0.999687 0.0239669 -0.0072293 -80.7855 -0.0239419 0.999707 0.00352979 -4.55988 0.00731179 -0.0033556 0.999968 -2.05949
0.999661 0.0223772 -0.0133272 -83.0899 -0.0222853 0.999727 0.00700848 -4.62793 0.0134804 -0.0067091 0.999887 -2.12262
0.999714 0.021097 -0.0112801 -85.3843 -0.0210526 0.99977 0.00404389 -4.71876 0.0113629 -0.00380525 0.999929 -2.17961
0.999729 0.0211744 -0.00969106 -87.6494 -0.0211492 0.999773 0.00269956 -4.801 0.00974603 -0.00249387 0.99995 -2.25127
0.99971 0.0213148 -0.0112225 -89.9197 -0.0212854 0.99977 0.00273736 -4.89339 0.0112783 -0.00249769 0.999934 -2.324
0.999706 0.0219395 -0.0103296 -92.1742 -0.0219331 0.999759 0.00073981 -4.97859 0.0103434 -0.000513029 0.999947 -2.36849
0.999729 0.022419 -0.00628125 -94.4195 -0.02243 0.999747 -0.00168157 -5.07997 0.00624197 0.00182201 0.999979 -2.40534
0.999727 0.0217811 -0.0084248 -96.6582 -0.0218024 0.999759 -0.00244341 -5.1658 0.00836955 0.00262642 0.999962 -2.47323
0.999764 0.0201467 -0.0080604 -98.8916 -0.0201535 0.999797 -0.00076083 -5.23562 0.00804344 0.0009231 0.999968 -2.53852
0.999826 0.0186377 -0.00114597 -101.103 -0.0186406 0.999823 -0.00257294 -5.34248 0.00109782 0.00259386 0.999996 -2.57173
0.99984 0.0172902 -0.00455633 -103.312 -0.017328 0.999815 -0.00839838 -5.46705 0.00441028 0.00847599 0.999955 -2.59827
0.999871 0.0150763 -0.00543432 -105.519 -0.0150951 0.99988 -0.00343494 -5.55277 0.00538188 0.00351653 0.99998 -2.65561
0.999788 0.0149036 -0.0141847 -107.689 -0.014913 0.999889 -0.000561322 -5.62316 0.0141747 0.000772743 0.9999 -2.70321
0.999842 0.0144301 -0.0103478 -109.876 -0.0144216 0.999896 0.000903711 -5.70041 0.0103597 -0.000754334 0.999946 -2.76776
0.999867 0.0147013 -0.00704962 -112.037 -0.0147144 0.99989 -0.00180848 -5.78748 0.00702227 0.00191197 0.999974 -2.80109
0.999863 0.0153263 -0.00629259 -114.201 -0.0153495 0.999876 -0.00364554 -5.89655 0.00623594 0.00374163 0.999974 -2.85878
0.999869 0.0154348 -0.00484635 -116.345 -0.0154565 0.999871 -0.00447166 -5.99791 0.00477671 0.00454598 0.999979 -2.91118
0.999885 0.0150342 -0.00199483 -118.487 -0.0150417 0.99988 -0.00382724 -6.07632 0.00193706 0.00385681 0.999991 -2.9554
0.999888 0.0149597 0.000214309 -120.652 -0.0149588 0.999882 -0.0036896 -6.16134 -0.000269475 0.00368599 0.999994 -3.0078
0.999888 0.0149199 0.000236126 -122.802 -0.0149192 0.999885 -0.00273531 -6.2473 -0.000276904 0.00273149 0.999997 -3.03522
0.999875 0.015701 0.00174333 -124.933 -0.0156994 0.999877 -0.000946367 -6.34023 -0.00175797 0.000918883 0.999998 -3.07796
0.999865 0.0159105 0.004144 -127.081 -0.0159139 0.999873 0.000784992 -6.42377 -0.00413098 -0.00085083 0.999991 -3.111
0.999833 0.0167398 0.00730706 -129.241 -0.0167531 0.999858 0.00175715 -6.50532 -0.00727661 -0.00187927 0.999972 -3.14896
0.999824 0.0168328 0.00825315 -131.428 -0.0168421 0.999858 0.00105072 -6.61336 -0.00823429 -0.00118953 0.999966 -3.16906
0.999781 0.0169278 0.0123056 -133.591 -0.0168989 0.999854 -0.00244448 -6.72008 -0.0123452 0.00223599 0.999922 -3.17617
0.999815 0.0160755 0.0105427 -135.789 -0.0160559 0.999869 -0.00193704 -6.80644 -0.0105725 0.00176741 0.999943 -3.18803
0.999719 0.0154183 0.0179859 -137.993 -0.0153794 0.999879 -0.00229635 -6.89715 -0.0180191 0.00201909 0.999836 -3.22385
0.999763 0.0139044 0.0167621 -140.193 -0.0138962 0.999903 -0.000607882 -7.01285 -0.0167689 0.000374811 0.99986 -3.2148
0.999917 0.0124075 0.00343834 -142.436 -0.0124081 0.999923 0.000141994 -7.1404 -0.00343631 -0.000184642 0.999994 -3.2045
0.999901 0.00898003 0.0108533 -144.65 -0.00900002 0.999958 0.00179415 -7.25459 -0.0108368 -0.00189165 0.99994 -3.21658
0.999937 0.00780606 0.00809094 -146.861 -0.00782987 0.999965 0.0029144 -7.36362 -0.00806791 -0.00297757 0.999963 -3.23331
0.999949 0.00695537 0.00722862 -149.088 -0.00699344 0.999962 0.00525397 -7.4728 -0.0071918 -0.00530425 0.99996 -3.27973
0.999935 0.00674128 0.00913454 -151.342 -0.00680175 0.999955 0.00660476 -7.58317 -0.0090896 -0.00666647 0.999937 -3.29948
0.999917 0.00656679 0.0110228 -153.582 -0.00662412 0.999965 0.0051724 -7.70472 -0.0109884 -0.00524499 0.999926 -3.30423
0.999935 0.00580097 0.00981229 -155.839 -0.00583704 0.999976 0.00365055 -7.83124 -0.00979088 -0.00370759 0.999946 -3.34134
0.999926 0.00547425 0.0108315 -158.101 -0.00552172 0.999975 0.00435734 -7.94426 -0.0108074 -0.00441683 0.999932 -3.34766
0.999902 0.00604229 0.0126049 -160.353 -0.00603268 0.999982 -0.000800804 -8.07184 -0.0126095 0.000724687 0.999921 -3.34862
0.999913 0.00713143 0.011076 -162.616 -0.00719158 0.99996 0.00539933 -8.18799 -0.011037 -0.00547852 0.999924 -3.36328
0.999907 0.00985887 0.00941327 -164.878 -0.00983965 0.99995 -0.00208681 -8.28685 -0.00943337 0.001994 0.999954 -3.35784
0.999777 0.0110522 0.0179884 -167.107 -0.0110664 0.999939 0.000687438 -8.40285 -0.0179797 -0.000886347 0.999838 -3.36707
0.999808 0.0131876 0.0144775 -169.389 -0.0131697 0.999913 -0.00132739 -8.53304 -0.0144937 0.00113648 0.999895 -3.37711
0.999795 0.0155255 0.012959 -171.663 -0.0155109 0.999879 -0.0012277 -8.62192 -0.0129765 0.00102645 0.999916 -3.38588
0.999766 0.0176966 0.0124579 -173.939 -0.0177002 0.999843 0.00018026 -8.71219 -0.0124528 -0.000400722 0.999923 -3.38888
0.999651 0.0194782 0.0178429 -176.191 -0.0194422 0.999809 -0.0021857 -8.79636 -0.0178821 0.00183804 0.999839 -3.39289
0.999737 0.0190415 0.0127629 -178.448 -0.019045 0.999819 0.000153411 -8.88055 -0.0127577 -0.000396436 0.999919 -3.38949
0.999754 0.0171867 0.0139716 -180.715 -0.0172069 0.999851 0.00131951 -8.96153 -0.0139468 -0.00155959 0.999902 -3.41799
0.999778 0.0134224 0.0162424 -182.97 -0.0134692 0.999906 0.00277184 -9.055 -0.0162037 -0.00299 0.999865 -3.43466
0.999831 0.00933756 0.0158483 -185.242 -0.00940556 0.999947 0.0042211 -9.16955 -0.015808 -0.00436945 0.999866 -3.43514
0.999824 0.00526681 0.0179932 -187.509 -0.00534987 0.999975 0.00457087 -9.28559 -0.0179687 -0.00466632 0.999828 -3.4283
0.999821 0.00291223 0.0186636 -189.777 -0.00300949 0.999982 0.00518514 -9.39658 -0.0186482 -0.00524039 0.999813 -3.44161
0.999811 0.00179541 0.0193536 -192.035 -0.00188787 0.999987 0.00476041 -9.53251 -0.0193448 -0.00479605 0.999802 -3.40918
0.999815 0.00101266 0.0191785 -194.304 -0.00108649 0.999992 0.00383943 -9.65909 -0.0191745 -0.00385956 0.999809 -3.40557
0.999789 0.000865206 0.0204895 -196.574 -0.000963396 0.999988 0.0047827 -9.78033 -0.0204852 -0.00480143 0.999779 -3.39392
0.999731 0.000832611 0.0231753 -198.846 -0.000943766 0.999988 0.00478567 -9.91933 -0.0231711 -0.00480625 0.99972 -3.37347
0.999734 0.0018947 0.0229543 -201.124 -0.00196562 0.999994 0.0030671 -10.0386 -0.0229484 -0.0031114 0.999732 -3.35399
0.999581 0.00309831 0.0287641 -203.377 -0.00311839 0.999995 0.000653499 -10.1615 -0.028762 -0.000742921 0.999586 -3.34172
0.999628 0.00521258 0.0267723 -205.655 -0.00517808 0.999986 -0.0013582 -10.2804 -0.026779 0.00121907 0.999641 -3.32955
0.999727 0.00755428 0.0220738 -207.924 -0.00753227 0.999971 -0.00108034 -10.3856 -0.0220814 0.000913783 0.999756 -3.31715
0.999744 0.0104295 0.0200394 -210.192 -0.010447 0.999945 0.000770268 -10.4967 -0.0200303 -0.00097942 0.999799 -3.30812
0.999621 0.0140234 0.0236569 -212.466 -0.0139917 0.999901 -0.00150384 -10.5882 -0.0236757 0.00117228 0.999719 -3.28846
0.999511 0.01756 0.0258599 -214.726 -0.0175304 0.999846 -0.00137337 -10.6753 -0.0258801 0.000919371 0.999665 -3.28559
0.999441 0.0202669 0.0265878 -217.014 -0.0202828 0.999794 0.000329484 -10.7503 -0.0265757 -0.000868574 0.999647 -3.27905
0.999392 0.0219286 0.0271024 -219.295 -0.0219421 0.999759 0.000200222 -10.8329 -0.0270914 -0.00079478 0.999633 -3.27121
0.999401 0.0209769 0.0275044 -221.564 -0.0210014 0.999779 0.000602748 -10.9177 -0.0274857 -0.00118001 0.999622 -3.24733
0.999463 0.0170193 0.0279907 -223.848 -0.0170791 0.999853 0.00189758 -11.0105 -0.0279542 -0.00237462 0.999607 -3.2212
0.999373 0.0118411 0.0333673 -226.13 -0.0118602 0.99993 0.000373664 -11.11 -0.0333605 -0.00076917 0.999443 -3.18902
0.999382 0.0064069 0.0345473 -228.402 -0.00629831 0.999975 -0.00325126 -11.2339 -0.0345673 0.00303166 0.999398 -3.15459
0.99963 0.000688403 0.0271729 -230.679 -0.00055435 0.999988 -0.00494061 -11.3623 -0.027176 0.00492373 0.999619 -3.11943
0.99935 -0.00315772 0.0358891 -232.931 0.00334487 0.999981 -0.00515565 -11.5017 -0.0358722 0.00527235 0.999343 -3.08866
0.999447 -0.00629149 0.0326371 -235.189 0.00647606 0.999964 -0.00555265 -11.6542 -0.032601 0.00576094 0.999452 -3.04136
0.999565 -0.00792361 0.0284077 -237.456 0.00802539 0.999962 -0.00347036 -11.7941 -0.0283791 0.00369684 0.999591 -2.99941
0.999464 -0.009217 0.0314115 -239.734 0.00925866 0.999957 -0.00118091 -11.945 -0.0313993 0.00147111 0.999506 -2.98608
0.999392 -0.009126 0.0336464 -241.993 0.00916412 0.999958 -0.000978561 -12.1014 -0.0336361 0.00128631 0.999434 -2.9295
0.999298 -0.00861177 0.0364382 -244.258 0.00871249 0.999959 -0.00260607 -12.2641 -0.0364142 0.00292172 0.999333 -2.87339
0.999276 -0.00774099 0.0372419 -246.518 0.00790908 0.999959 -0.00436822 -12.4309 -0.0372066 0.00465961 0.999297 -2.84156
0.999175 -0.0080196 0.0398119 -248.795 0.00818413 0.999959 -0.00397109 -12.577 -0.0397785 0.00429365 0.9992 -2.80081
0.999151 -0.00752819 0.0404947 -251.051 0.00770326 0.999962 -0.0041687 -12.7246 -0.0404618 0.00447711 0.999171 -2.74917
0.999153 -0.007368 0.0404725 -252.182 0.00760441 0.999955 -0.00569022 -12.8088 -0.0404288 0.00599318 0.999165 -2.72584
