1 0 0 0 0 1 0 0 0 0 1 0
0.999996 -0.00285815 3.08818e-05 -0.286125 0.00285815 0.999996 0.000162818 -0.0162119 -3.1347e-05 -0.000162729 1 -0.00899507
0.999994 -0.00346361 0.000842931 -0.677627 0.00346338 0.999994 0.000277389 -0.00456861 -0.000843886 -0.000274468 1 -0.00537628
0.999973 -0.00525866 -0.00514416 -1.15498 0.00525302 0.999986 -0.0011087 0.016214 0.00514992 0.00108164 0.999986 -0.0540119
0.999936 -0.00874003 -0.00722484 -2.05531 0.00873614 0.999962 -0.000569974 -0.0535187 0.00722954 0.00050682 0.999974 -0.0552547
0.99991 -0.0123194 -0.00524356 -3.73224 0.0122993 0.999917 -0.00385712 -0.169488 0.00529064 0.00379228 0.999979 -0.113866
0.999876 -0.0143042 -0.00653816 -6.32128 0.0142859 0.999894 -0.00283895 -0.345146 0.00657808 0.0027452 0.999974 -0.191794
0.999843 -0.016137 -0.00729608 -8.94278 0.0161181 0.999867 -0.00264264 -0.475279 0.00733775 0.00252463 0.99997 -0.246053
0.999792 -0.017078 -0.0111187 -11.544 0.0170311 0.999846 -0.00430789 -0.640427 0.0111906 0.00411763 0.999929 -0.341105
0.99981 -0.0181058 -0.00725298 -14.1625 0.018085 0.999832 -0.00291941 -0.843706 0.00730463 0.00278769 0.999969 -0.426186
0.999785 -0.0188879 -0.00856867 -16.7869 0.0188752 0.999821 -0.00155484 -1.03674 0.0085965 0.00139277 0.999962 -0.480426
0.999734 -0.0206647 -0.0102279 -19.4556 0.02065 0.999786 -0.00154583 -1.22432 0.0102577 0.00133421 0.999946 -0.544446
0.999754 -0.0205193 -0.00837518 -22.0946 0.0205166 0.999789 -0.000399719 -1.34749 0.00838161 0.00022779 0.999965 -0.596083
0.999758 -0.0209886 -0.00661083 -24.7169 0.020999 0.999778 0.00149667 -1.54557 0.00657795 -0.00163513 0.999977 -0.65447
0.999768 -0.020194 -0.00752558 -27.3686 0.0202166 0.999791 0.00293457 -1.75836 0.00746474 -0.00308603 0.999967 -0.750354
0.999791 -0.0192882 -0.00682398 -30.0193 0.0193214 0.999802 0.00482879 -1.94759 0.00672948 -0.00495963 0.999965 -0.839632
0.999783 -0.01963 -0.00692226 -32.7279 0.0196719 0.999788 0.00603147 -2.15359 0.0068024 -0.00616634 0.999958 -0.908078
0.999781 -0.020525 -0.0040411 -35.496 0.020555 0.99976 0.00753535 -2.31943 0.00388546 -0.00761676 0.999963 -0.964204
0.999802 -0.0195622 -0.00352888 -38.1401 0.0195929 0.999769 0.00886062 -2.47469 0.00335473 -0.00892801 0.999954 -1.04351
0.999836 -0.0176398 -0.00397516 -40.8238 0.0176821 0.999784 0.0108794 -2.68763 0.00378239 -0.0109479 0.999933 -1.10275
0.999882 -0.0152742 -0.00134338 -43.499 0.0152911 0.99979 0.0136187 -2.84946 0.00113508 -0.0136376 0.999906 -1.1948
0.999918 -0.0128146 -0.000480293 -46.1824 0.0128201 0.999818 0.0140919 -3.04654 0.000299622 -0.0140969 0.9999 -1.24906
0.999926 -0.0119346 -0.00247898 -48.8833 0.0119596 0.999875 0.0103054 -3.24176 0.00235568 -0.0103343 0.999944 -1.28235
0.999911 -0.0126998 -0.00416588 -51.5624 0.0127438 0.999862 0.0106947 -3.3902 0.00402948 -0.0107468 0.999934 -1.35173
0.999847 -0.0156549 -0.00783332 -54.2394 0.0157453 0.999809 0.011614 -3.57034 0.00765 -0.0117356 0.999902 -1.41709
0.999853 -0.0156863 -0.00683357 -56.9116 0.0157445 0.999839 0.00856056 -3.70117 0.00669818 -0.0086669 0.99994 -1.51775
0.999844 -0.0158375 -0.00778248 -59.5929 0.0159013 0.99984 0.00819738 -3.90021 0.00765141 -0.00831986 0.999936 -1.58082
0.999844 -0.0157567 -0.0079917 -62.2904 0.0158259 0.999837 0.00867169 -4.10026 0.00785376 -0.00879681 0.99993 -1.64778
0.999809 -0.0159219 -0.0113279 -64.9309 0.0160104 0.999842 0.00775733 -4.28997 0.0112026 -0.00793721 0.999906 -1.72138
0.999807 -0.0172302 -0.00940515 -67.6243 0.017295 0.999827 0.00684855 -4.47 0.00928552 -0.00700989 0.999932 -1.80547
0.999778 -0.0177619 -0.0113274 -70.3334 0.017839 0.999818 0.00674593 -4.62488 0.0112055 -0.00694651 0.999913 -1.88578
0.999745 -0.0186089 -0.0127603 -73.0153 0.0186805 0.99981 0.00551643 -4.84078 0.0126552 -0.00575339 0.999903 -1.95706
0.999747 -0.0186645 -0.0125362 -75.7061 0.0187431 0.999805 0.00618175 -5.01059 0.0124183 -0.00641515 0.999902 -2.04451
0.99974 -0.0196853 -0.0114644 -78.4013 0.019789 0.999764 0.00899629 -5.1903 0.0112846 -0.00922083 0.999894 -2.1421
0.999761 -0.0199024 -0.0090412 -81.0831 0.0199929 0.99975 0.0100316 -5.34823 0.00883928 -0.0102099 0.999909 -2.24673
0.999707 -0.0216635 -0.0107345 -83.8292 0.0217501 0.999731 0.00801477 -5.61273 0.010558 -0.00824591 0.99991 -2.31722
0.999677 -0.0231063 -0.0105129 -86.5575 0.0231939 0.999697 0.00828736 -5.78286 0.0103183 -0.00852853 0.99991 -2.41404
0.99966 -0.0249384 -0.00762669 -89.2042 0.0250023 0.999652 0.00840116 -5.98915 0.00741453 -0.00858899 0.999935 -2.4566
0.9996 -0.026058 -0.0109326 -91.9026 0.0261209 0.999643 0.00564709 -6.17416 0.0107816 -0.0059304 0.999924 -2.54158
0.99966 -0.0252058 -0.00657122 -94.5642 0.0252129 0.999682 0.000992267 -6.34601 0.00654412 -0.00115761 0.999978 -2.54528
0.999685 -0.0242878 -0.00624285 -97.2889 0.0242743 0.999703 -0.0022222 -6.57642 0.00629497 0.00206996 0.999978 -2.60951
0.999693 -0.0238376 -0.00673737 -100.033 0.0238338 0.999716 -0.000643074 -6.78737 0.00675078 0.000482296 0.999977 -2.6795
0.999719 -0.022625 -0.0070364 -102.735 0.0226338 0.999743 0.0011754 -6.9959 0.00700799 -0.00133434 0.999974 -2.7689
0.999701 -0.0218074 -0.0110198 -105.435 0.0218255 0.999761 0.00153043 -7.17437 0.0109838 -0.00177049 0.999938 -2.83611
0.999643 -0.0209936 -0.0165181 -108.118 0.021047 0.999774 0.00306437 -7.35082 0.01645 -0.00341093 0.999859 -2.90856
0.999627 -0.0203533 -0.0181888 -110.823 0.0204381 0.999781 0.00448582 -7.54549 0.0180935 -0.0048559 0.999824 -2.99783
0.99962 -0.0202759 -0.0186839 -113.516 0.0203561 0.999784 0.00411019 -7.75563 0.0185965 -0.00448896 0.999817 -3.09727
0.99968 -0.0200613 -0.0153669 -116.245 0.0201181 0.999791 0.00355007 -7.94344 0.0152924 -0.00385809 0.999876 -3.20104
0.999673 -0.0194992 -0.0165088 -118.959 0.0195085 0.99981 0.000402446 -8.13006 0.0164978 -0.000724379 0.999864 -3.29693
0.999696 -0.0197869 -0.0147071 -121.663 0.0197444 0.999801 -0.00302426 -8.33135 0.014764 0.00273295 0.999887 -3.42385
0.999631 -0.0206246 -0.0176729 -124.385 0.0205555 0.99978 -0.00408433 -8.52804 0.0177533 0.00371955 0.999835 -3.51242
0.9996 -0.0213955 -0.0184785 -127.094 0.0213503 0.999769 -0.00263635 -8.73072 0.0185306 0.00224078 0.999826 -3.61583
0.999649 -0.0213109 -0.0157051 -129.804 0.021222 0.999758 -0.005806 -8.87232 0.015825 0.00547066 0.99986 -3.60955
0.999652 -0.0212521 -0.0156398 -132.509 0.0211815 0.999765 -0.00467161 -9.06574 0.0157354 0.0043387 0.999867 -3.73124
0.999675 -0.0211483 -0.0142182 -135.221 0.0211169 0.999774 -0.00234977 -9.26099 0.0142647 0.00204876 0.999896 -3.85286
0.999674 -0.0214171 -0.0139175 -137.94 0.0214173 0.999771 -0.000132503 -9.45509 0.0139172 -0.00016562 0.999903 -3.96719
0.999667 -0.0233877 -0.0109329 -140.659 0.0234019 0.999725 0.00117151 -9.65707 0.0109025 -0.00142698 0.999939 -4.04325
0.999605 -0.0260261 -0.0106211 -143.402 0.0260324 0.999661 0.000458641 -9.8945 0.0106056 -0.000734956 0.999943 -4.12644
0.999525 -0.0285928 -0.0115089 -146.135 0.0285987 0.999591 0.000350015 -10.0791 0.0114942 -0.000678992 0.999934 -4.23059
0.99947 -0.0303616 -0.0117312 -148.845 0.0303611 0.999539 -0.000226056 -10.2961 0.0117327 -0.000130241 0.999931 -4.30443
0.999421 -0.0300232 -0.0160191 -151.522 0.0299907 0.999548 -0.00226893 -10.529 0.01608 0.00178719 0.999869 -4.3902
0.99948 -0.0273793 -0.017025 -154.24 0.0273307 0.999622 -0.00308117 -10.7322 0.0171029 0.00261426 0.99985 -4.50572
0.99955 -0.0246236 -0.017147 -156.947 0.0245936 0.999696 -0.0019562 -10.927 0.01719 0.00153361 0.999851 -4.56951
0.999636 -0.0212887 -0.0165673 -159.649 0.0212546 0.999772 -0.00223158 -11.144 0.016611 0.00187863 0.99986 -4.59358
0.999688 -0.0184154 -0.0168375 -162.361 0.0183421 0.999822 -0.00449697 -11.3429 0.0169173 0.00418673 0.999848 -4.71275
0.999755 -0.0167916 -0.0144244 -165.077 0.016747 0.999855 -0.00320553 -11.504 0.0144762 0.00296317 0.999891 -4.78499
0.999751 -0.0164802 -0.015004 -167.766 0.0164624 0.999864 -0.00130909 -11.6615 0.0150235 0.00106176 0.999886 -4.90364
0.999733 -0.0168456 -0.015775 -170.502 0.0168375 0.999858 -0.000644654 -11.8522 0.0157836 0.000378867 0.999875 -5.00669
0.999702 -0.0176245 -0.0168963 -173.23 0.0176225 0.999845 -0.000269775 -12.0527 0.0168984 -2.80633e-05 0.999857 -5.08489
0.9997 -0.0189709 -0.0154833 -175.944 0.0189865 0.999819 0.000860078 -12.2408 0.0154642 -0.0011538 0.99988 -5.17411
0.999656 -0.0201586 -0.0167404 -178.689 0.0201782 0.999796 0.00100477 -12.418 0.0167167 -0.00134222 0.999859 -5.27974
0.999621 -0.0207458 -0.0180673 -181.409 0.0207272 0.999784 -0.00121382 -12.5903 0.0180886 0.000838878 0.999836 -5.40336
0.999678 -0.0210831 -0.0141087 -184.119 0.021099 0.999777 0.000976288 -12.7961 0.014085 -0.00127366 0.9999 -5.50595
0.999678 -0.020493 -0.014945 -186.852 0.020546 0.999783 0.00340306 -13.0083 0.014872 -0.00370903 0.999882 -5.58733
0.999701 -0.0196519 -0.0145304 -189.577 0.0197145 0.999797 0.00417698 -13.178 0.0144453 -0.0044622 0.999886 -5.64618
0.999746 -0.0189046 -0.0122583 -192.32 0.0189748 0.999804 0.00563326 -13.3598 0.0121494 -0.00586443 0.999909 -5.74087
0.999729 -0.0185525 -0.0140523 -195.051 0.0186473 0.999804 0.00664672 -13.5419 0.0139262 -0.00690696 0.999879 -5.84086
0.999735 -0.0187808 -0.0133208 -197.747 0.0188858 0.999791 0.00780278 -13.6985 0.0131715 -0.00805229 0.999881 -5.97296
0.999724 -0.0189955 -0.0138422 -200.481 0.0191245 0.999774 0.00924498 -13.8976 0.0136635 -0.00950715 0.999861 -6.04337
0.999744 -0.0199864 -0.0105625 -203.2 0.0200759 0.999763 0.00844236 -14.0875 0.0103913 -0.00865226 0.999908 -6.12578
0.99968 -0.0223817 -0.0117824 -205.966 0.0224633 0.999724 0.0068411 -14.3064 0.0116261 -0.00710359 0.999907 -6.17876
0.999558 -0.0245341 -0.0167835 -208.686 0.0246263 0.999683 0.00530596 -14.513 0.016648 -0.00571693 0.999845 -6.28667
0.999538 -0.0268455 -0.0142362 -211.409 0.0268784 0.999637 0.00212513 -14.7261 0.0141739 -0.00250679 0.999896 -6.3721
0.999559 -0.0262966 -0.0138163 -214.125 0.0263299 0.999651 0.00223601 -14.8861 0.0137527 -0.00259882 0.999902 -6.47993
0.999609 -0.0252405 -0.0120557 -216.856 0.0252664 0.999679 0.00200595 -15.1101 0.0120012 -0.00230978 0.999925 -6.55959
0.999671 -0.022731 -0.0119097 -219.587 0.0227216 0.999741 -0.000931457 -15.3103 0.0119277 0.000660539 0.999929 -6.6528
0.999702 -0.0208474 -0.0127279 -222.33 0.0207939 0.999775 -0.00432213 -15.5188 0.0128152 0.00405618 0.99991 -6.72834
0.999732 -0.0198081 -0.0120025 -225.051 0.0197822 0.999802 -0.00227372 -15.7128 0.0120452 0.00203566 0.999925 -6.81775
0.999745 -0.018894 -0.0123175 -227.764 0.0188735 0.99982 -0.00177962 -15.8592 0.0123489 0.00154669 0.999922 -6.88434
0.999739 -0.01981 -0.011377 -230.462 0.0197553 0.999793 -0.00490582 -16.0181 0.0114718 0.00467977 0.999923 -6.93592
0.99972 -0.0214029 -0.010099 -233.181 0.0213845 0.99977 -0.00192318 -16.2314 0.0101378 0.00170667 0.999947 -7.05106
0.9997 -0.0234989 -0.00682751 -235.901 0.023496 0.999724 -0.000499031 -16.4397 0.00683735 0.000338457 0.999976 -7.12001
0.99961 -0.0263645 -0.00916013 -238.657 0.0263817 0.99965 0.00175532 -16.6553 0.00911065 -0.0019963 0.999956 -7.2204
0.999576 -0.0279294 -0.00821652 -241.392 0.0279521 0.999606 0.00265652 -16.8375 0.00813908 -0.00288507 0.999963 -7.30787
0.999567 -0.0281844 -0.00847076 -244.098 0.0281988 0.999601 0.00159324 -17.0218 0.00842247 -0.00183142 0.999963 -7.36605
0.99961 -0.0267536 -0.00802496 -246.808 0.0267696 0.99964 0.00188491 -17.2323 0.00797164 -0.00209901 0.999966 -7.45031
0.999638 -0.0252174 -0.00937347 -249.53 0.0252264 0.999681 0.000839897 -17.4336 0.0093493 -0.00107606 0.999956 -7.51241
0.999699 -0.0225004 -0.00974486 -252.254 0.0225157 0.999745 0.00145864 -17.6373 0.00970955 -0.00167762 0.999951 -7.59232
0.999727 -0.0208202 -0.0106212 -254.975 0.0208554 0.999777 0.00321007 -17.8421 0.010552 -0.00343071 0.999938 -7.67816
0.999728 -0.0206886 -0.0107425 -257.684 0.0207401 0.999774 0.00469919 -18.0319 0.0106429 -0.00492072 0.999931 -7.76449
0.999671 -0.0214174 -0.0141222 -260.398 0.0214775 0.999761 0.00411515 -18.2365 0.0140306 -0.00441711 0.999892 -7.83134
0.999603 -0.0229855 -0.0162752 -263.131 0.0230865 0.999715 0.0060443 -18.39 0.0161316 -0.00641764 0.999849 -7.92721
0.999554 -0.0246716 -0.0167994 -265.826 0.0247868 0.99967 0.00668364 -18.6008 0.016629 -0.00709707 0.999836 -8.02697
0.999492 -0.0261578 -0.018197 -268.561 0.0262905 0.999629 0.00709056 -18.8263 0.0180047 -0.00756537 0.999809 -8.11502
0.999382 -0.0277803 -0.0215303 -271.262 0.0279144 0.999593 0.00595316 -19.0412 0.0213561 -0.00655049 0.99975 -8.21565
0.999338 -0.0289226 -0.0220844 -273.989 0.029033 0.999567 0.0046982 -19.2555 0.021939 -0.00533627 0.999745 -8.3058
0.999359 -0.0287427 -0.0213132 -276.704 0.0288176 0.99958 0.00321635 -19.4395 0.0212118 -0.00382849 0.999767 -8.39062
0.999413 -0.0282737 -0.0193412 -279.41 0.0283485 0.999592 0.00360258 -19.6654 0.0192314 -0.00414876 0.999806 -8.51647
0.999403 -0.0282626 -0.0198563 -282.142 0.028357 0.999588 0.0044898 -19.8848 0.0197212 -0.00505019 0.999793 -8.59379
0.999304 -0.0286231 -0.0238964 -284.851 0.0287567 0.999573 0.00526459 -20.1011 0.0237355 -0.00594811 0.9997 -8.70335
0.999267 -0.0282155 -0.0258624 -287.57 0.0283636 0.999583 0.00537709 -20.2861 0.0256999 -0.00610671 0.999651 -8.79993
0.99924 -0.027791 -0.0273348 -290.296 0.0279345 0.999598 0.00488216 -20.5064 0.0271882 -0.00564204 0.999614 -8.92295
0.999191 -0.0271167 -0.029694 -292.999 0.027141 0.999632 0.000416154 -20.7398 0.0296717 -0.00122175 0.999559 -9.05574
0.999088 -0.0251791 -0.0344672 -295.693 0.0251214 0.999682 -0.0021047 -20.9552 0.0345092 0.00123691 0.999403 -9.20666
0.999 -0.0234326 -0.0380731 -298.382 0.023384 0.999725 -0.00172024 -21.1481 0.0381029 0.000828208 0.999273 -9.37196
0.999127 -0.0212954 -0.0359256 -301.108 0.0212611 0.999773 -0.00133509 -21.3138 0.0359458 0.000570102 0.999353 -9.48729
0.999101 -0.0186544 -0.0380585 -303.841 0.0185201 0.999821 -0.00387806 -21.5195 0.038124 0.00316972 0.999268 -9.63267
0.999105 -0.016157 -0.0390942 -306.539 0.0159835 0.999861 -0.00474758 -21.7204 0.0391655 0.00411846 0.999224 -9.79539
0.99912 -0.0144156 -0.0393736 -309.284 0.0142117 0.999884 -0.00545474 -21.912 0.0394476 0.00489037 0.99921 -9.91098
0.999127 -0.0136569 -0.0394731 -311.991 0.0133957 0.999887 -0.00687485 -22.054 0.0395625 0.00634007 0.999197 -9.99239
0.999101 -0.0139522 -0.040014 -314.732 0.0136879 0.999883 -0.00687186 -22.2065 0.0401052 0.00631797 0.999175 -10.1212
0.999063 -0.0147346 -0.0406818 -317.453 0.0145205 0.999879 -0.00555519 -22.403 0.0407587 0.00495926 0.999157 -10.2967
0.999103 -0.0168735 -0.038836 -320.224 0.0168151 0.999857 -0.00182997 -22.5747 0.0388614 0.0011753 0.999244 -10.4743
0.998932 -0.0185962 -0.0422846 -322.945 0.0183534 0.999813 -0.00612339 -22.768 0.0423906 0.00534079 0.999087 -10.6304
0.998954 -0.017623 -0.042196 -325.649 0.0173565 0.999827 -0.006673 -22.979 0.0423063 0.00593364 0.999087 -10.7257
0.998979 -0.0180642 -0.0413955 -327.001 0.017824 0.999822 -0.00616395 -23.0197 0.0414995 0.00541982 0.999124 -10.7418
