1 0 0 0 0 1 0 0 0 0 1 0
-0.998277 -0.0425279 -0.0404195 2.27427 -0.0385114 0.994691 -0.0954277 0.277869 0.0442632 -0.0937067 -0.994615 0.232682
0.990027 0.0342902 0.136641 -0.301951 -0.0432495 0.997067 0.0631473 0.788972 -0.134074 -0.0684272 0.988606 0.663535
-0.984819 -0.110552 -0.133825 2.29735 -0.0974716 0.990135 -0.100652 0.857519 0.143633 -0.0860803 -0.98588 0.144177
0.98766 0.0114978 0.156188 0.396617 -0.0242558 0.996498 0.0800245 0.806371 -0.154721 -0.0828255 0.98448 0.650916
-0.962129 -0.219368 -0.161821 2.3445 -0.203146 0.972839 -0.110973 1.04529 0.181769 -0.0738975 -0.980561 -0.0285414
0.984185 -0.034884 0.173677 0.546304 0.0236718 0.997524 0.0662158 0.478741 -0.175557 -0.0610573 0.982574 0.562646
-0.970236 -0.188421 -0.152118 1.91783 -0.175803 0.980056 -0.0926429 0.616275 0.16654 -0.0631426 -0.984011 0.0888668
-0.218981 -0.961827 0.164123 1.41078 0.96896 -0.194584 0.152494 -1.446 -0.114737 0.192422 0.974581 0.790545
-0.964379 0.138871 -0.225141 3.37727 0.193426 0.950784 -0.242068 -0.828138 0.180444 -0.276994 -0.943777 -0.17309
-0.152577 -0.932127 0.328419 2.22388 0.963276 -0.0659691 0.260284 -2.81679 -0.220952 0.356071 0.907961 1.13809
-0.938136 0.145833 -0.314061 4.50971 0.255343 0.903972 -0.34298 -1.65083 0.233884 -0.401955 -0.885286 -0.3205
-0.229 -0.903645 0.361918 3.48776 0.947802 -0.122241 0.294497 -4.00544 -0.221879 0.410467 0.88447 1.00375
-0.928477 0.181409 -0.324069 6.16019 0.295088 0.89018 -0.347134 -3.13458 0.225507 -0.417935 -0.880044 0.0568283
-0.302993 -0.910748 0.280596 5.55102 0.924932 -0.210112 0.316787 -6.16999 -0.229557 0.355516 0.906042 0.97655
-0.93924 0.266195 -0.21672 8.77597 0.32359 0.897289 -0.300271 -5.52753 0.11453 -0.352155 -0.928908 0.281237
-0.293594 -0.939974 0.173931 8.08892 0.939088 -0.249603 0.236246 -8.85711 -0.178651 0.232697 0.956 0.959403
-0.958695 0.271336 -0.0853294 11.4066 0.282794 0.941451 -0.183566 -7.89353 0.0305255 -0.200114 -0.979297 0.665721
-0.245182 -0.963368 0.108668 9.73412 0.960463 -0.226122 0.162416 -10.4126 -0.131894 0.144193 0.98072 1.2984
-0.939372 0.312767 -0.14056 12.3305 0.337291 0.916647 -0.214461 -9.05171 0.0617672 -0.248869 -0.966566 0.520892
-0.303563 -0.933545 0.190637 10.887 0.932294 -0.249723 0.26166 -11.3318 -0.196665 0.25716 0.946146 1.61754
-0.923578 0.323807 -0.205311 13.3683 0.373061 0.882527 -0.286306 -10.0409 0.088485 -0.34102 -0.935882 0.472198
-0.332361 -0.920242 0.206618 11.8078 0.922704 -0.271887 0.273302 -12.4205 -0.195327 0.281482 0.939476 1.76163
-0.90405 0.356869 -0.235241 14.1928 0.416909 0.857581 -0.301233 -11.2817 0.0942374 -0.370404 -0.924078 0.445545
-0.367631 -0.895587 0.250543 12.8537 0.906404 -0.284798 0.311964 -13.417 -0.208037 0.341781 0.916464 1.93827
-0.876142 0.355289 -0.325799 15.0698 0.462032 0.811683 -0.357347 -12.448 0.137484 -0.463616 -0.875305 0.308589
-0.401721 -0.855171 0.327572 13.8608 0.884314 -0.269321 0.381386 -14.4639 -0.237928 0.442887 0.864431 2.12842
-0.867239 0.369915 -0.333256 16.1231 0.48173 0.792565 -0.373868 -13.5181 0.125827 -0.484773 -0.865542 0.321102
-0.417394 -0.857132 0.30184 14.852 0.877795 -0.294371 0.377918 -15.623 -0.235073 0.422695 0.875254 2.19484
-0.850359 0.399867 -0.342046 17.0965 0.508051 0.793163 -0.335821 -14.8028 0.137015 -0.459346 -0.877627 0.380018
-0.417761 -0.858098 0.29857 15.9303 0.888047 -0.316221 0.333732 -16.8937 -0.191961 0.404565 0.894136 2.16861
-0.845875 0.435371 -0.308136 18.2287 0.521448 0.796513 -0.306038 -16.0663 0.112194 -0.419547 -0.900773 0.477313
-0.433512 -0.858422 0.274187 17.1304 0.885065 -0.348361 0.308717 -18.2514 -0.169493 0.376506 0.910777 2.17123
-0.83437 0.459596 -0.304298 19.4932 0.541464 0.786731 -0.296432 -17.5258 0.103162 -0.412101 -0.905279 0.497794
-0.448009 -0.848778 0.280825 18.3339 0.877626 -0.357636 0.319169 -19.8381 -0.17047 0.38945 0.905134 2.39132
-0.819769 0.466949 -0.331568 20.874 0.562396 0.765684 -0.312152 -19.1568 0.108117 -0.442365 -0.890294 0.447958
-0.463275 -0.82987 0.310952 19.8551 0.868638 -0.355682 0.344905 -21.5062 -0.175627 0.42989 0.885635 2.49587
-0.811624 0.477121 -0.337078 22.4417 0.574052 0.758371 -0.308769 -20.9026 0.10831 -0.444105 -0.889404 0.529182
-0.471032 -0.826516 0.30822 21.3549 0.864903 -0.364042 0.345568 -23.4252 -0.173413 0.429354 0.886331 2.91236
-0.80233 0.482263 -0.351695 24.1372 0.587585 0.741749 -0.323345 -22.7915 0.104932 -0.46608 -0.878498 0.516729
-0.48568 -0.815538 0.314663 23.1098 0.858426 -0.377038 0.347774 -25.4418 -0.164984 0.439022 0.883199 2.98112
-0.792878 0.49398 -0.35683 25.965 0.601101 0.730192 -0.324803 -24.9196 0.100108 -0.47202 -0.875885 0.521516
-0.489835 -0.803835 0.337507 25.1349 0.86078 -0.384521 0.333469 -27.486 -0.138276 0.453864 0.880277 3.23335
-0.772993 0.458657 -0.438309 27.6818 0.622693 0.680709 -0.38586 -27.4036 0.121383 -0.571199 -0.811786 0.26543
-0.509235 -0.782453 0.358394 27.04 0.85132 -0.396893 0.343118 -29.9208 -0.12623 0.479836 0.86823 3.09537
-0.785595 0.522001 -0.332197 29.6669 0.612335 0.732962 -0.296332 -29.6952 0.0888026 -0.436213 -0.895451 0.47208
-0.52216 -0.807105 0.275555 28.2124 0.844923 -0.445618 0.295855 -32.4252 -0.115994 0.387306 0.914625 3.02099
-0.835615 0.443325 -0.324361 30.9112 0.527649 0.811986 -0.249529 -30.6961 0.152754 -0.379659 -0.912428 0.383628
-0.385816 -0.882435 0.269173 28.1104 0.908394 -0.312397 0.277901 -32.6872 -0.161141 0.351733 0.922127 2.9919
-0.861471 0.418079 -0.28823 31.0849 0.489836 0.833813 -0.25459 -31.0635 0.133892 -0.360507 -0.923097 0.481496
-0.343852 -0.897139 0.277319 29.1332 0.921303 -0.265213 0.284364 -34.3219 -0.181566 0.353274 0.917732 3.13057
-0.854495 0.417093 -0.309632 33.2358 0.496154 0.831861 -0.248675 -33.0851 0.15385 -0.366116 -0.917763 0.369301
-0.377403 -0.879928 0.288605 31.2394 0.911711 -0.298426 0.282355 -36.9957 -0.162325 0.369686 0.914868 3.18022
-0.883784 0.38955 -0.259182 35.9185 0.452188 0.853424 -0.259219 -35.5589 0.120213 -0.346293 -0.930393 0.394071
-0.371393 -0.911418 0.177156 33.813 0.912801 -0.323504 0.249278 -40.5106 -0.169886 0.254289 0.95209 3.18657
-0.884255 0.433029 -0.174866 38.2347 0.46505 0.850715 -0.244976 -38.8941 0.0426787 -0.297943 -0.953629 0.669886
-0.341814 -0.919599 0.193651 36.1577 0.887488 -0.2481 0.388344 -42.3936 -0.309076 0.304604 0.900938 3.97538
-0.862874 0.425284 -0.273097 40.6204 0.500269 0.795607 -0.341674 -41.2896 0.071969 -0.431443 -0.899265 0.925909
-0.389516 -0.88487 0.255503 38.6128 0.862436 -0.253065 0.438363 -44.8848 -0.323235 0.391105 0.861717 4.58034
-0.897517 0.338524 -0.282602 43.1119 0.432299 0.801954 -0.412295 -43.534 0.0870618 -0.492211 -0.866111 1.00793
-0.381065 -0.883617 0.272048 41.169 0.882838 -0.260381 0.390895 -47.6399 -0.274565 0.389131 0.879313 4.93656
-0.901435 0.333318 -0.27625 45.9068 0.427875 0.783057 -0.451381 -46.554 0.0658655 -0.525091 -0.848494 1.30994
-0.441801 -0.857109 0.264904 44.2765 0.834652 -0.284459 0.471635 -50.1234 -0.328889 0.429472 0.841062 5.393
-0.893297 0.359124 -0.270276 48.4157 0.447545 0.766229 -0.461083 -49.2681 0.041507 -0.532845 -0.845195 2.28233
-0.458814 -0.863383 0.209901 46.878 0.824889 -0.326099 0.461755 -53.0043 -0.330223 0.385004 0.861815 6.0436
-0.875902 0.407214 -0.258788 51.1698 0.482238 0.75614 -0.44238 -52.2431 0.0155358 -0.512279 -0.858679 2.94305
-0.436901 -0.868975 0.232379 50.0636 0.830134 -0.29003 0.476194 -55.5487 -0.346404 0.400955 0.84808 6.45604
-0.87675 0.41108 -0.249644 53.8365 0.480392 0.723617 -0.495583 -55.3521 -0.0230774 -0.554429 -0.831911 3.83214
-0.426748 -0.872406 0.238314 52.386 0.826516 -0.269263 0.494336 -58.4021 -0.367093 0.407928 0.835966 7.51178
-0.910165 0.354165 -0.214862 56.418 0.413694 0.750384 -0.51554 -57.8742 -0.0213575 -0.558114 -0.82949 4.68206
-0.420002 -0.868844 0.262123 55.0414 0.84444 -0.268345 0.463586 -61.2393 -0.332445 0.416054 0.846392 8.36684
-0.903785 0.367517 -0.219327 59.2186 0.427268 0.745104 -0.512115 -60.508 -0.0247896 -0.556553 -0.830442 5.38815
-0.424974 -0.858443 0.287178 58.1308 0.848714 -0.26755 0.456182 -63.7535 -0.314772 0.437598 0.842275 8.85742
-0.889136 0.382461 -0.251318 62.1429 0.457241 0.765421 -0.452836 -63.2989 0.0191715 -0.517546 -0.855441 6.07916
-0.380055 -0.895499 0.231604 60.9202 0.873604 -0.265241 0.407999 -66.4095 -0.303932 0.357392 0.883118 9.18437
-0.9358 0.282826 -0.210446 64.5275 0.346005 0.851199 -0.39464 -65.4076 0.067517 -0.44212 -0.894411 6.52825
-0.354479 -0.915584 0.18987 63.0788 0.897566 -0.276248 0.343601 -68.7295 -0.262145 0.29222 0.919722 9.33875
-0.946484 0.272619 -0.17276 67.3857 0.320261 0.859646 -0.398048 -67.5757 0.0399969 -0.432074 -0.900951 6.79254
-0.401813 -0.891873 0.207627 65.7385 0.87298 -0.30462 0.380937 -71.5558 -0.2765 0.33432 0.900987 9.92668
-0.937361 0.285769 -0.199223 69.9953 0.343905 0.850272 -0.398456 -70.1148 0.0555273 -0.442011 -0.895289 7.3704
-0.419536 -0.880481 0.220775 68.659 0.844987 -0.289949 0.449362 -73.9361 -0.331642 0.375076 0.86564 10.8388
-0.932899 0.27185 -0.236214 72.8767 0.354889 0.805509 -0.474563 -72.9375 0.0612622 -0.526549 -0.847935 8.05982
-0.425563 -0.871595 0.243346 71.7674 0.825301 -0.263519 0.499437 -76.464 -0.371181 0.413375 0.831472 11.5874
-0.9388 0.259063 -0.227027 75.8165 0.34174 0.783179 -0.519466 -75.5246 0.043228 -0.565259 -0.82378 8.86797
-0.465121 -0.858074 0.217648 74.968 0.793134 -0.294731 0.532984 -78.9064 -0.393193 0.420526 0.817653 12.4751
-0.951555 0.266853 -0.152751 79.4984 0.306389 0.781112 -0.54405 -78.0418 -0.0258664 -0.564495 -0.825031 9.81433
-0.447719 -0.87283 0.194205 78.5941 0.808068 -0.301955 0.505815 -81.8008 -0.38285 0.383394 0.840497 13.4192
-0.934854 0.294111 -0.198862 82.9322 0.354983 0.783606 -0.509852 -80.8431 0.00587649 -0.54723 -0.836962 10.6263
-0.505656 -0.835916 0.21344 81.8717 0.807784 -0.371847 0.457401 -84.6979 -0.302982 0.403701 0.863266 13.9065
-0.940408 0.291071 -0.175812 86.3262 0.340048 0.804956 -0.486223 -83.2484 -4.88676e-06 -0.517033 -0.855966 11.1624
-0.462364 -0.855281 0.23391 84.934 0.822533 -0.315195 0.473384 -87.2141 -0.331149 0.411274 0.849232 14.8204
-0.929698 0.316133 -0.189001 89.703 0.367084 0.753231 -0.545796 -86.1456 -0.030183 -0.576805 -0.816324 11.966
-0.469481 -0.831757 0.296256 88.5487 0.814845 -0.278941 0.508154 -89.8837 -0.340023 0.479971 0.80871 15.9089
-0.910471 0.305764 -0.278478 93.0068 0.412037 0.7286 -0.547145 -89.0861 0.0356011 -0.612903 -0.789356 12.6463
-0.500659 -0.819892 0.277701 92.0093 0.772025 -0.277804 0.571666 -92.751 -0.391558 0.500602 0.772062 16.8035
-0.923809 0.321535 -0.207826 96.5862 0.381673 0.730868 -0.565825 -92.1516 -0.030039 -0.602036 -0.797904 14.1496
-0.460345 -0.853314 0.244821 95.1826 0.777399 -0.254334 0.575296 -95.6752 -0.428642 0.455158 0.780447 18.2845
-0.930733 0.250159 -0.266752 99.2379 0.365191 0.674273 -0.641866 -94.8255 0.0192949 -0.694822 -0.718923 14.7522
-0.469456 -0.809102 0.353504 97.9189 0.762874 -0.170103 0.62377 -97.621 -0.444562 0.562512 0.697098 19.2086
-0.92827 0.203278 -0.311435 102.205 0.364118 0.667232 -0.649785 -96.8937 0.0757124 -0.716576 -0.693388 15.6692
-0.502042 -0.813115 0.294614 101.004 0.747128 -0.236184 0.621303 -100.151 -0.435608 0.532035 0.726075 19.9452
-0.903953 0.238431 -0.354991 105.442 0.412466 0.705254 -0.57662 -99.2565 0.112875 -0.667659 -0.735861 16.0912
-0.56767 -0.76825 0.295875 104.483 0.724139 -0.294994 0.62338 -103.399 -0.39163 0.568129 0.723779 20.9344
-0.984457 0.160922 -0.0703391 109.176 0.15891 0.645677 -0.746894 -101.528 -0.074776 -0.746463 -0.661213 17.1696
-0.612917 -0.741319 0.273455 108.143 0.69001 -0.333541 0.642368 -105.084 -0.384992 0.582405 0.715951 21.668
-0.953546 0.172247 -0.247146 112.615 0.294098 0.709955 -0.639898 -103.371 0.0652415 -0.682858 -0.727633 18.4947
-0.560179 -0.792622 0.240727 111.471 0.700402 -0.298032 0.648548 -107.64 -0.44231 0.531909 0.722105 22.3888
-0.937165 0.137235 -0.320761 116.425 0.327501 0.662971 -0.673211 -105.48 0.120266 -0.73596 -0.666258 19.2707
-0.504868 -0.784828 0.359379 114.835 0.698581 -0.126936 0.704182 -109.61 -0.507044 0.606574 0.612352 23.4839
-0.928093 0.0508971 -0.368853 119.141 0.325576 0.591605 -0.737567 -108.239 0.180675 -0.804621 -0.565635 19.4664
-0.475521 -0.795056 0.376516 118.158 0.654132 -0.033383 0.755643 -111.291 -0.588211 0.605616 0.535946 24.1334
-0.910658 0.0771645 -0.40589 123.512 0.37721 0.556093 -0.74059 -108.939 0.168565 -0.82753 -0.535518 18.9724
-0.604118 -0.746232 0.279604 121.099 0.556792 -0.144249 0.818031 -112.939 -0.570109 0.649869 0.50264 25.3704
-0.937535 0.160603 -0.308602 126.988 0.347709 0.403857 -0.846167 -111.308 -0.0112665 -0.900615 -0.434472 19.4775
-0.587571 -0.713982 0.380774 123.97 0.549673 -0.00685089 0.835352 -114.848 -0.593819 0.70013 0.396482 27.8028
-0.887963 0.243393 -0.390231 129.951 0.455107 0.342658 -0.821866 -114.323 -0.0663213 -0.907384 -0.415037 20.4482
-0.7532 -0.56532 0.336307 128.617 0.503164 -0.165836 0.84813 -117.349 -0.423694 0.808029 0.409356 28.1146
-0.889775 0.243507 -0.38601 133.556 0.452221 0.356214 -0.817685 -116.102 -0.0616105 -0.902118 -0.427069 20.9566
-0.774781 -0.592422 0.220795 131.813 0.394463 -0.180047 0.901101 -118.646 -0.494079 0.785251 0.373185 29.2962
-0.90861 0.176599 -0.378472 137.365 0.417467 0.357506 -0.835411 -118.03 -0.0122274 -0.917062 -0.398558 21.6149
-0.769342 -0.538886 0.343094 135.967 0.469952 -0.113617 0.87535 -121.268 -0.432733 0.834681 0.340661 31.1458
-0.89152 0.204509 -0.404188 141.647 0.448309 0.270522 -0.851961 -120.441 -0.0648923 -0.940741 -0.332859 22.8014
-0.763466 -0.530576 0.368249 139.978 0.472925 -0.0709624 0.878241 -123.158 -0.439842 0.844662 0.3051 32.2969
-0.934768 0.188845 -0.300908 145.087 0.342623 0.255337 -0.904109 -122.313 -0.0939042 -0.948231 -0.303383 24.5817
-0.783636 -0.509806 0.354981 143.932 0.460501 -0.0931784 0.882756 -124.997 -0.416958 0.855228 0.307784 33.1233
-0.877699 0.20211 -0.434505 148.06 0.475856 0.260465 -0.840071 -124.822 -0.0566135 -0.944092 -0.324785 26.5526
