1 0 0 0 0 1 0 0 0 0 1 0
0.895232 -0.363024 0.258404 -2.76274 0.443259 0.784858 -0.433035 -9.51068 -0.0456083 0.502206 0.863544 4.36491
0.631936 -0.477104 0.61076 -0.379627 0.758803 0.220513 -0.612855 -20.33 0.157715 0.850733 0.501378 2.95448
0.325702 -0.297805 0.897346 5.70707 0.801226 -0.416937 -0.429185 -26.9914 0.501951 0.858764 0.102812 -4.19394
0.128625 0.0861996 0.98794 12.0479 0.550512 -0.834826 0.00116627 -26.1089 0.824859 0.543723 -0.154833 -14.1727
0.11202 0.512936 0.851086 14.9845 0.126839 -0.856852 0.499716 -17.8838 0.985578 0.0519725 -0.161045 -22.5656
0.27845 0.783279 0.555823 12.5744 -0.298569 -0.479446 0.82522 -6.01226 0.912865 -0.395734 0.100361 -25.5552
0.56595 0.792258 0.228098 5.25838 -0.520462 0.128763 0.84412 3.71565 0.63939 -0.596446 0.485213 -21.9873
0.844305 0.535738 0.0115697 -4.19164 -0.452501 0.701227 0.550929 6.57845 0.287041 -0.470388 0.834472 -13.6536
0.992133 0.125182 0.00119713 -11.9796 -0.124906 0.989209 0.0765784 0.962904 0.00840195 -0.0761256 0.997063 -4.65648
0.949831 -0.261657 0.171341 -15.1125 0.30873 0.872078 -0.379692 -10.9794 -0.0500737 0.413541 0.909108 0.480996
0.733625 -0.477916 0.483105 -12.187 0.671637 0.401726 -0.622511 -24.1298 0.103432 0.781161 0.615702 -0.832042
0.45502 -0.430033 0.779762 -5.00466 0.783251 -0.223317 -0.580213 -32.981 0.423645 0.874758 0.23521 -8.62586
0.266295 -0.151354 0.951934 2.90853 0.595883 -0.750416 -0.286006 -33.6518 0.757635 0.643404 -0.109642 -20.1111
0.136971 0.239763 0.96112 8.66817 0.212825 -0.95473 0.207839 -25.48 0.967442 0.176082 -0.181798 -29.9205
0.197419 0.603055 0.772884 9.35997 -0.230178 -0.737845 0.63451 -12.0681 0.952913 -0.303166 -0.00685496 -33.993
0.45749 0.766505 0.450747 3.94253 -0.489428 -0.206157 0.847325 0.743702 0.742403 -0.608251 0.280834 -31.419
0.754291 0.644617 0.124555 -5.5364 -0.486754 0.421758 0.764978 7.54366 0.440586 -0.637643 0.631898 -23.2521
0.956709 0.290497 0.0178618 -14.3657 -0.275727 0.884995 0.375179 5.39462 0.0931809 -0.363862 0.92678 -12.3259
0.990716 -0.132187 0.0317503 -19.7389 0.134865 0.985055 -0.107139 -4.89146 -0.0171135 0.110426 0.993737 -4.01234
0.846078 -0.465353 0.259997 -19.2343 0.529904 0.681255 -0.505068 -19.0033 0.0579111 0.5651 0.822987 -1.66082
0.558152 -0.562476 0.60999 -12.6639 0.779935 0.104792 -0.617026 -30.9559 0.28314 0.820146 0.497184 -6.05212
0.291557 -0.373549 0.880599 -3.3799 0.73095 -0.506816 -0.457001 -35.8549 0.617014 0.776917 0.12528 -15.8
0.132366 0.00797326 0.991169 4.72349 0.439337 -0.896847 -0.051457 -31.6995 0.888517 0.442268 -0.122215 -26.851
0.149235 0.417782 0.896207 8.33282 0.0121109 -0.907061 0.420825 -20.138 0.988728 -0.0519478 -0.140425 -34.4622
0.331455 0.694263 0.638856 5.95749 -0.366421 -0.529253 0.765263 -6.09521 0.86941 -0.487741 0.0789688 -35.4804
0.573323 0.73244 0.367196 -0.887836 -0.598442 0.0682444 0.798254 4.68781 0.559614 -0.677403 0.477449 -29.127
0.824234 0.5433 0.159575 -9.73166 -0.535424 0.656063 0.531886 7.55302 0.184282 -0.523839 0.831645 -18.2945
0.973016 0.20036 0.114435 -17.0611 -0.209391 0.975092 0.073154 1.25827 -0.0969277 -0.0951419 0.990734 -7.7892
0.954878 -0.148878 0.25699 -19.9605 0.240518 0.895265 -0.375035 -11.5147 -0.174239 0.419923 0.890677 -2.11165
0.776307 -0.356882 0.519598 -17.4711 0.630228 0.455935 -0.628439 -25.4786 -0.0126249 0.815327 0.578863 -3.79831
0.560515 -0.341745 0.754343 -11.4866 0.753151 -0.168411 -0.635926 -34.9149 0.344364 0.92458 0.162989 -12.6492
0.317121 -0.128778 0.939601 -3.97957 0.625627 -0.716183 -0.309311 -35.7383 0.712759 0.685929 -0.14655 -24.7837
0.205763 0.219983 0.953556 1.32031 0.255539 -0.952677 0.164639 -27.7608 0.944649 0.209794 -0.25224 -35.2668
0.249001 0.544606 0.800876 2.11839 -0.195503 -0.781635 0.592306 -14.3839 0.948566 -0.304059 -0.0881555 -39.8881
0.472297 0.715472 0.514815 -2.72916 -0.482112 -0.279266 0.830409 -1.14239 0.737905 -0.640399 0.21304 -37.4893
0.757406 0.616394 0.215394 -11.5098 -0.504326 0.342739 0.792581 6.54725 0.414718 -0.708935 0.570456 -28.9979
0.954093 0.297567 0.0340583 -20.3732 -0.280019 0.845866 0.453983 5.24995 0.106282 -0.442679 0.890359 -17.9943
0.991135 -0.117866 0.0613058 -25.6441 0.118646 0.992894 -0.00923935 -4.59892 -0.0597812 0.016431 0.998076 -8.61646
0.84631 -0.446532 0.290463 -24.8286 0.531334 0.746511 -0.400507 -18.8754 -0.0379945 0.493286 0.869037 -4.87682
0.596991 -0.551686 0.582446 -18.781 0.76694 0.179453 -0.616117 -31.5938 0.235381 0.814518 0.530242 -9.09646
0.3417 -0.383057 0.8582 -9.93956 0.728544 -0.468889 -0.499366 -37.156 0.593687 0.795871 0.118855 -19.5242
0.194872 -0.030458 0.980356 -2.11169 0.422734 -0.89931 -0.11197 -33.0572 0.885054 0.43625 -0.162374 -31.5152
0.184763 0.367866 0.911338 1.48382 -0.00136377 -0.927207 0.374548 -21.14 0.982782 -0.0704452 -0.170812 -39.7912
0.392643 0.65342 0.647204 -1.70916 -0.293394 -0.577957 0.761503 -6.03509 0.871637 -0.488884 -0.0352211 -41.9432
0.686515 0.676075 0.267618 -10.9407 -0.353545 -0.0112455 0.93535 5.61707 0.635376 -0.736747 0.231302 -37.458
0.909016 0.400351 -0.115795 -22.7796 -0.137639 0.550646 0.823313 9.13319 0.393377 -0.732467 0.55565 -28.1727
0.952011 -0.0432007 -0.303 -32.4276 0.185255 0.869378 0.458108 3.78554 0.243631 -0.492257 0.83566 -17.5661
0.819304 -0.495219 -0.288963 -36.7868 0.509981 0.859747 -0.027454 -8.21542 0.262031 -0.124873 0.956947 -9.63305
0.606256 -0.790893 -0.0833108 -34.9699 0.671299 0.565102 -0.479602 -22.7685 0.426393 0.234835 0.873523 -7.02075
0.368469 -0.907647 0.201015 -27.6015 0.647488 0.0954076 -0.75608 -35.4181 0.667075 0.408747 0.622846 -10.079
0.200127 -0.84646 0.493411 -16.873 0.463083 -0.362079 -0.808983 -42.9738 0.863425 0.39039 0.31952 -17.2146
0.154563 -0.665349 0.730356 -5.29016 0.140506 -0.716923 -0.682847 -43.7022 0.977941 0.208163 -0.0173242 -26.6331
0.258483 -0.416383 0.871672 4.35754 -0.211117 -0.904874 -0.369639 -37.3404 0.942665 -0.0884794 -0.3218 -35.8982
0.477572 -0.185871 0.858707 10.1016 -0.471158 -0.879126 0.0717447 -25.2369 0.741577 -0.438849 -0.50742 -42.3265
0.654195 -0.0591322 0.754011 12.4848 -0.59702 -0.652414 0.466822 -10.7329 0.464323 -0.755552 -0.462109 -43.224
0.807725 -0.0361846 0.588448 12.0223 -0.569289 -0.307344 0.762528 2.70746 0.153264 -0.95091 -0.268849 -38.5804
0.905437 -0.0477793 0.421783 9.43594 -0.420331 0.0376717 0.906588 13.3928 -0.0592055 -0.998147 0.014026 -29.512
0.98068 -0.106578 0.164035 4.58476 -0.124807 0.304811 0.9442 19.9068 -0.15063 -0.946431 0.28562 -17.877
0.950079 -0.282126 -0.133243 -1.27624 0.258695 0.473552 0.841918 21.1996 -0.17443 -0.834358 0.522897 -4.57996
0.77727 -0.509181 -0.369575 -6.0061 0.62271 0.538644 0.567534 16.5697 -0.0899088 -0.671265 0.735744 8.79042
0.46293 -0.694613 -0.550643 -8.27307 0.877063 0.448857 0.171139 7.26812 0.128285 -0.562174 0.817009 20.158
0.0957219 -0.843836 -0.527994 -6.21696 0.908334 0.291005 -0.300407 -5.26555 0.407144 -0.450839 0.794341 28.1474
-0.207537 -0.918584 -0.336349 0.545962 0.709352 0.0954477 -0.698362 -17.9164 0.673608 -0.383526 0.631791 31.8955
-0.365355 -0.930351 -0.0310109 11.6597 0.300386 -0.0863006 -0.949906 -28.0632 0.88107 -0.356368 0.310995 30.9621
-0.372446 -0.868188 0.327924 24.9468 -0.146493 -0.293918 -0.944538 -32.6303 0.916419 -0.399828 -0.0177145 27.2899
-0.149814 -0.752982 0.640761 38.6753 -0.602303 -0.444441 -0.663102 -29.8073 0.784084 -0.485274 -0.38694 22.142
0.202516 -0.693812 0.691095 49.3738 -0.866334 -0.455958 -0.203884 -20.8139 0.456568 -0.557429 -0.693412 17.3054
0.5919 -0.611284 0.525344 54.7687 -0.806008 -0.450782 0.383597 -6.74205 0.0023295 -0.650483 -0.759518 16.1512
0.810425 -0.573071 0.121658 54.3781 -0.391506 -0.3753 0.840162 7.44808 -0.435815 -0.728518 -0.528514 21.4292
0.720693 -0.60928 -0.330724 50.8853 0.23461 -0.234559 0.943367 16.1249 -0.652349 -0.757469 -0.026102 33.2366
0.376547 -0.66812 -0.641738 47.7624 0.778869 -0.146738 0.60978 16.4681 -0.501574 -0.729441 0.465124 47.6715
-0.0367697 -0.769846 -0.63717 48.8785 0.998962 -0.0454703 -0.00270947 8.70638 -0.0268867 -0.636608 0.770719 60.0633
-0.309903 -0.888255 -0.339061 55.5444 0.73949 -0.00104276 -0.673167 -2.90042 0.59759 -0.459349 0.65718 64.5984
-0.302112 -0.939499 0.161461 66.4919 0.00282182 -0.170256 -0.985396 -9.97242 0.953268 -0.297244 0.0540878 59.6484
0.103504 -0.816835 0.567509 76.3136 -0.706569 -0.461962 -0.536052 -5.3258 0.700034 -0.345501 -0.624966 51.4692
0.666679 -0.57555 0.473583 78.8872 -0.744078 -0.550964 0.377872 7.58061 0.0434424 -0.604302 -0.79557 49.0608
0.941082 -0.336263 -0.0359388 73.902 -0.0891056 -0.349075 0.932849 17.7013 -0.326228 -0.874685 -0.358471 55.0746
0.675586 -0.289747 -0.67796 65.9725 0.711387 0.0146177 0.702649 17.4829 -0.193681 -0.956992 0.215998 65.0592
-0.0923945 -0.485241 -0.869485 63.9441 0.920176 0.292031 -0.260757 6.74227 0.380446 -0.824172 0.419525 71.3147
-0.676782 -0.655237 -0.335603 71.3232 0.139394 0.333566 -0.932364 -2.91598 0.722866 -0.677789 -0.134415 70.2747
-0.303917 -0.830338 0.467089 82.7794 -0.924515 0.138677 -0.355022 0.139928 0.230014 -0.539728 -0.809807 67.7842
0.53426 -0.783861 0.316431 86.622 -0.695328 -0.194636 0.691836 11.047 -0.480714 -0.589643 -0.649026 71.2842
0.75444 -0.466139 -0.462098 81.6035 0.457763 -0.130881 0.879388 14.4444 -0.470398 -0.874977 0.114639 81.8381
0.0832126 -0.411389 -0.907653 78.0086 0.940489 0.333559 -0.0649612 4.81637 0.32948 -0.848232 0.414664 88.1809
-0.540006 -0.761339 -0.358826 85.1979 0.0786508 0.378819 -0.922123 -4.61673 0.837979 -0.526174 -0.144684 85.1976
-0.191226 -0.857602 0.477442 96.0142 -0.928117 -0.000311105 -0.37229 -0.404931 0.319426 -0.514314 -0.795896 81.4694
0.726005 -0.607031 0.323157 97.5468 -0.453625 -0.0695457 0.888475 9.10608 -0.516857 -0.79163 -0.325855 88.9758
0.505809 -0.542275 -0.670891 93.6957 0.858799 0.243179 0.450921 4.16038 -0.0813766 -0.804241 0.588707 99.6481
-0.465461 -0.783933 -0.410847 100.271 0.429366 0.205914 -0.879343 -6.22876 0.773945 -0.585704 0.240749 100.185
-0.211218 -0.682599 0.699603 111.867 -0.880153 -0.178472 -0.439862 -1.54992 0.425109 -0.708665 -0.563096 99.2411
0.873722 -0.353036 0.334626 110.54 -0.374181 -0.0482469 0.9261 7.59222 -0.310802 -0.934365 -0.174254 107.504
0.430101 -0.440313 -0.788122 105.595 0.901099 0.26264 0.345023 1.35253 0.0550745 -0.858572 0.509727 116.554
-0.63139 -0.686962 -0.359764 112.669 0.321065 0.190724 -0.927654 -8.18995 0.705879 -0.701219 0.100138 116.877
-0.145604 -0.637393 0.756657 122.72 -0.952294 -0.117042 -0.281845 -2.21388 0.268207 -0.761598 -0.589944 116.228
0.887627 -0.350767 0.298462 120.228 -0.296336 0.0611125 0.953127 5.43558 -0.352565 -0.934467 -0.0497001 124.452
0.398401 -0.579707 -0.710785 116.405 0.915139 0.303302 0.265573 -1.59037 0.0616279 -0.756272 0.651349 132.607
-0.44804 -0.824822 -0.34486 122.511 0.3247 0.209271 -0.922375 -11.1417 0.832965 -0.525237 0.174058 130.592
-0.145928 -0.736171 0.660876 131.719 -0.885972 -0.199986 -0.418402 -5.66896 0.440181 -0.646574 -0.623043 127.892
0.788318 -0.404397 0.4637 130.899 -0.505023 0.00518539 0.863091 2.76116 -0.351435 -0.914569 -0.200142 134.96
0.576046 -0.545777 -0.608521 126.582 0.815334 0.436749 0.380106 -3.8364 0.0583177 -0.715108 0.696578 142.625
-0.499446 -0.861086 -0.0953122 134.773 0.121019 0.0395946 -0.99186 -10.2893 0.857851 -0.506916 0.0844324 139.612
0.197141 -0.504775 0.840439 140.618 -0.975512 -0.186283 0.116942 -1.27946 0.0975305 -0.842913 -0.529138 141.294
0.918419 -0.374591 -0.127229 135.154 0.283497 0.398876 0.872082 -1.3965 -0.275925 -0.837007 0.472531 150.578
-0.301294 -0.84075 -0.449845 139.984 0.638452 0.172531 -0.750075 -11.0299 0.708238 -0.513198 0.484796 150.618
0.0170888 -0.454376 0.890646 146.863 -0.983561 -0.167797 -0.0667328 -3.16885 0.17977 -0.874864 -0.449773 151.515
0.827161 -0.514165 -0.226799 142.349 0.501876 0.494308 0.709775 -6.57158 -0.252833 -0.700925 0.666919 160.791
-0.495637 -0.866985 -0.0517614 150.954 0.18752 -0.0486295 -0.981056 -12.4655 0.848045 -0.495955 0.18668 157.987
0.479547 -0.329986 0.813107 153.007 -0.865358 -0.0241194 0.500574 -3.20401 -0.14557 -0.943678 -0.297122 163.213
0.45508 -0.65882 -0.599048 150.383 0.879286 0.43868 0.185518 -11.6314 0.140567 -0.611161 0.778925 169.335
-0.501866 -0.664341 0.553878 160.756 -0.489489 -0.309809 -0.815119 -9.93161 0.713114 -0.680198 -0.169705 166.887
0.917406 -0.25674 0.304057 156.439 -0.23457 0.26834 0.934329 -5.18129 -0.32147 -0.928482 0.185953 175.362
-0.386602 -0.826065 -0.410067 162.174 0.514304 0.175971 -0.83936 -14.2539 0.765526 -0.535399 0.356818 174.63
0.466914 -0.325897 0.82206 164.695 -0.880769 -0.0883559 0.465231 -4.73164 -0.0789833 -0.941268 -0.328294 179.361
0.265182 -0.64504 -0.71666 163.038 0.879196 0.466909 -0.0949229 -14.6823 0.395844 -0.604914 0.690932 183.422
0.108818 -0.474159 0.873688 168.907 -0.965783 -0.258577 -0.0200436 -5.97085 0.23542 -0.841613 -0.486072 183.835
0.462611 -0.572826 -0.676654 165.192 0.849075 0.505857 0.152254 -14.7383 0.255075 -0.644965 0.720387 188.826
-0.0292047 -0.598251 0.800776 172.459 -0.917537 -0.301796 -0.258932 -7.14395 0.396578 -0.742304 -0.540103 187.165
0.529807 -0.557508 -0.639132 168.375 0.840759 0.444302 0.309386 -14.9044 0.111483 -0.701272 0.704124 193.714
-0.158553 -0.664583 0.730199 177.126 -0.846088 -0.289741 -0.447422 -8.75048 0.508917 -0.688753 -0.516356 191.31
0.587323 -0.578774 -0.565749 173.205 0.808223 0.382488 0.447749 -15.236 -0.0427529 -0.720226 0.692422 199.325
-0.237878 -0.662773 0.710032 182.054 -0.817695 -0.257876 -0.51466 -9.99999 0.524203 -0.703017 -0.480603 196.922
0.634821 -0.548189 -0.544509 177.364 0.767893 0.369467 0.523292 -15.4855 -0.0856843 -0.750322 0.655496 204.527
-0.243217 -0.697668 0.673872 185.932 -0.81828 -0.22546 -0.528759 -10.2686 0.52083 -0.68002 -0.516052 201.417
0.618146 -0.548477 -0.563088 181.056 0.782992 0.366368 0.502691 -15.9162 -0.0694168 -0.751631 0.655922 208.501
-0.201698 -0.713056 0.671467 188.93 -0.853195 -0.208771 -0.477989 -10.393 0.481017 -0.669303 -0.566267 205.171
