1 0 0 0 0 1 0 0 0 0 1 0
1 -0.000813149 0.000460785 -2.731 0.000813086 1 0.00013665 -0.119199 -0.000460896 -0.000136275 1 -0.0501608
0.999999 -0.000904431 -0.00131718 -5.44662 0.000904077 1 -0.00026947 -0.240965 0.00131743 0.000268279 0.999999 -0.107613
0.999999 -0.00108684 0.000501196 -8.15584 0.00108737 0.999999 -0.00106466 -0.383477 -0.000500038 0.00106521 0.999999 -0.180151
0.999998 -0.00165098 0.00151491 -10.877 0.0016555 0.999994 -0.00298772 -0.520899 -0.00150997 0.00299022 0.999994 -0.237919
0.999989 -0.00297348 0.00352606 -13.6025 0.00298709 0.999988 -0.00385999 -0.6378 -0.00351454 0.00387048 0.999986 -0.283298
0.999992 -0.00384868 0.000742558 -16.3329 0.00385424 0.999963 -0.00764264 -0.799295 -0.000713117 0.00764545 0.999971 -0.304504
0.999985 -0.00507663 -0.00206641 -19.0509 0.00505547 0.999936 -0.0101167 -0.937993 0.00211763 0.0101061 0.999947 -0.340937
0.999985 -0.00542607 0.000718625 -21.7276 0.00543257 0.999941 -0.00937549 -1.0854 -0.00066771 0.00937925 0.999956 -0.41099
0.999984 -0.00560959 8.52987e-05 -24.391 0.00561011 0.999948 -0.00856371 -1.21516 -3.72552e-05 0.00856406 0.999963 -0.467353
0.99997 -0.00552073 -0.00541895 -27.0347 0.00550288 0.999979 -0.00330403 -1.35112 0.00543708 0.00327411 0.99998 -0.503314
0.99998 -0.00609724 -0.00149179 -29.6421 0.00609976 0.99998 0.00169459 -1.48122 0.00148143 -0.00170366 0.999997 -0.533033
0.999977 -0.00632673 -0.00247794 -32.2157 0.00635207 0.999926 0.0103578 -1.62032 0.00241222 -0.0103733 0.999943 -0.589814
0.999944 -0.00603791 -0.00868883 -34.769 0.00615541 0.999889 0.0135597 -1.74936 0.008606 -0.0136124 0.99987 -0.610924
0.999963 -0.00827868 -0.00226989 -37.2544 0.00831951 0.999792 0.0186086 -1.87997 0.00211536 -0.0186268 0.999824 -0.67843
0.999945 -0.00992081 -0.00337609 -39.7009 0.00997893 0.999794 0.0176595 -2.0139 0.0032002 -0.0176922 0.999838 -0.720084
0.999919 -0.0121742 -0.00388165 -42.1054 0.0122401 0.999773 0.0174548 -2.13873 0.00366827 -0.0175009 0.99984 -0.727884
0.999892 -0.0140113 -0.00440785 -44.421 0.0140851 0.999753 0.0171857 -2.29607 0.00416596 -0.017246 0.999843 -0.775189
0.999881 -0.0150481 -0.00334857 -46.7295 0.0150995 0.999759 0.015902 -2.43332 0.00310847 -0.0159506 0.999868 -0.830114
0.999869 -0.0160812 -0.00215821 -48.9636 0.0161153 0.999728 0.016846 -2.57813 0.00188672 -0.0168786 0.999856 -0.877378
0.999861 -0.016451 -0.00263617 -51.1783 0.0164925 0.999726 0.0165915 -2.7111 0.0023625 -0.0166327 0.999859 -0.89993
0.999857 -0.0169184 -0.000886978 -53.3352 0.0169302 0.999733 0.0156981 -2.85073 0.000621155 -0.0157108 0.999876 -0.912769
0.999857 -0.0169071 0.000370423 -55.443 0.016901 0.999777 0.0126265 -3.00688 -0.000583818 -0.0126185 0.99992 -0.920279
0.999856 -0.0169324 -0.00129359 -57.5052 0.0169446 0.999805 0.0101052 -3.13069 0.00112223 -0.0101257 0.999948 -0.960371
0.999856 -0.01689 0.00153527 -59.5067 0.0168731 0.999803 0.0104134 -3.25329 -0.00171085 -0.010386 0.999945 -0.996512
0.999842 -0.0166338 0.00622757 -61.5002 0.0165721 0.999814 0.00983533 -3.379 -0.00639002 -0.00973057 0.999932 -1.00473
0.999821 -0.0160005 0.0100753 -63.4598 0.0158984 0.999822 0.0101308 -3.52675 -0.0102356 -0.00996879 0.999898 -1.01623
0.999842 -0.0156145 0.00849466 -65.4367 0.0155278 0.999828 0.0101843 -3.65471 -0.00865222 -0.0100508 0.999912 -1.03015
0.999857 -0.0157562 0.00619012 -67.4013 0.0156984 0.999834 0.00928424 -3.79325 -0.00633537 -0.00918573 0.999938 -1.03902
0.999818 -0.0163605 0.00980321 -69.3475 0.0162675 0.999823 0.00949258 -3.89732 -0.00995677 -0.00933138 0.999907 -1.02514
0.999763 -0.0164192 0.0142961 -71.3142 0.016278 0.999818 0.00993535 -4.03248 -0.0144567 -0.00970028 0.999848 -1.05557
0.999751 -0.0158774 0.0156875 -73.3173 0.0157169 0.999823 0.0103024 -4.15894 -0.0158483 -0.0100532 0.999824 -1.09268
0.999755 -0.0156371 0.0157 -75.3373 0.0154597 0.999816 0.0113562 -4.27542 -0.0158747 -0.0111107 0.999812 -1.09513
0.999746 -0.0163203 0.0155547 -77.4071 0.0161453 0.999806 0.0113121 -4.40395 -0.0157363 -0.011058 0.999815 -1.09608
0.999648 -0.0171895 0.0202287 -79.5511 0.0169456 0.999782 0.0121649 -4.53571 -0.0204334 -0.0118178 0.999721 -1.11509
0.999565 -0.0185576 0.0229057 -81.756 0.0182165 0.999721 0.0150097 -4.67874 -0.0231779 -0.0145859 0.999625 -1.09962
0.999427 -0.0205285 0.0269265 -84.0211 0.0202907 0.999753 0.0090757 -4.82171 -0.0271061 -0.00852413 0.999596 -1.09222
0.999228 -0.0241994 0.0309376 -86.3734 0.0241014 0.999703 0.0035361 -4.99776 -0.031014 -0.00278773 0.999515 -1.12293
0.999453 -0.0281747 0.0172988 -88.8001 0.0282647 0.999588 -0.00498366 -5.17834 -0.0171513 0.00546989 0.999838 -1.12957
0.999429 -0.0330196 0.00718852 -91.2689 0.033046 0.999447 -0.00359142 -5.37413 -0.00706595 0.00382693 0.999968 -1.17693
0.99913 -0.0379126 0.0173608 -93.7394 0.0379454 0.999278 -0.0015624 -5.60214 -0.017289 0.00221981 0.999848 -1.19067
0.998975 -0.0423661 0.0159405 -96.2962 0.0424003 0.999099 -0.00181869 -5.81921 -0.0158491 0.00249271 0.999871 -1.20838
0.99877 -0.0468857 0.0161127 -98.8907 0.0468735 0.9989 0.00113094 -6.04868 -0.016148 -0.000374289 0.99987 -1.24001
0.99869 -0.0490684 0.014524 -101.497 0.0490142 0.99879 0.00405885 -6.29494 -0.0147056 -0.00334165 0.999886 -1.30024
0.998528 -0.0505588 0.0196548 -104.129 0.0505099 0.998719 0.00297859 -6.5648 -0.0197802 -0.00198144 0.999802 -1.30457
0.998576 -0.0502453 0.0179184 -106.774 0.0501802 0.998732 0.00406647 -6.81875 -0.0181 -0.00316152 0.999831 -1.3061
0.998759 -0.0496357 0.00400741 -109.459 0.0495636 0.998635 0.0164445 -7.07232 -0.00481816 -0.0162255 0.999857 -1.33173
0.998784 -0.0469694 0.014963 -112.1 0.0467074 0.998757 0.0174043 -7.32268 -0.0157619 -0.0166842 0.999737 -1.3485
0.998697 -0.0460181 0.0220485 -114.779 0.0457513 0.998875 0.0124589 -7.59669 -0.022597 -0.0114339 0.999679 -1.38461
0.998914 -0.0438498 0.0157622 -117.502 0.0436227 0.998943 0.0144682 -7.84103 -0.01638 -0.0137649 0.999771 -1.37644
0.998967 -0.0422765 0.0166382 -120.187 0.0420115 0.998989 0.0159622 -8.08354 -0.0172962 -0.0152467 0.999734 -1.3832
0.999143 -0.0402768 0.00953821 -122.867 0.0400957 0.999025 0.0184693 -8.30791 -0.0102728 -0.0180711 0.999784 -1.40418
0.99899 -0.0395563 0.0213022 -125.553 0.0391474 0.999047 0.0192823 -8.52504 -0.0220446 -0.0184289 0.999587 -1.39636
0.99902 -0.0397626 0.0194169 -128.275 0.0393936 0.999042 0.019026 -8.81282 -0.0201549 -0.0182425 0.999631 -1.36568
0.999037 -0.0401337 0.0177079 -130.967 0.0398602 0.999084 0.0155378 -9.02926 -0.0183153 -0.014817 0.999723 -1.37869
0.999022 -0.0411898 0.0160926 -133.667 0.0409467 0.999046 0.0151502 -9.29428 -0.0167012 -0.0144764 0.999756 -1.4174
0.998886 -0.0439218 0.0172572 -136.37 0.0436416 0.998914 0.0162915 -9.53256 -0.017954 -0.0155202 0.999718 -1.43038
0.998821 -0.0463123 0.0145447 -139.056 0.0460279 0.998753 0.0193123 -9.76774 -0.015421 -0.0186201 0.999708 -1.44105
0.998745 -0.0478831 0.0146582 -141.75 0.0476401 0.998728 0.016502 -10.0309 -0.0154297 -0.015783 0.999757 -1.42198
0.998706 -0.0476424 0.0177701 -144.424 0.0474172 0.998792 0.0128862 -10.3331 -0.0183625 -0.0120269 0.999759 -1.40577
0.998795 -0.0477874 0.0111166 -147.159 0.0476507 0.998789 0.0122489 -10.5734 -0.0116885 -0.0117044 0.999863 -1.47504
0.998768 -0.0480081 0.0125486 -149.849 0.0478501 0.998775 0.012597 -10.8243 -0.013138 -0.011981 0.999842 -1.49885
0.998764 -0.0480143 0.012851 -152.523 0.0479079 0.998816 0.00846042 -11.0868 -0.013242 -0.00783429 0.999882 -1.47259
0.998765 -0.0480287 0.0127142 -155.218 0.0479847 0.998841 0.00374294 -11.3424 -0.0128792 -0.00312822 0.999912 -1.50183
0.998749 -0.0484498 0.012318 -157.9 0.0484389 0.998825 0.00118286 -11.6097 -0.0123608 -0.000584701 0.999924 -1.51758
0.998655 -0.04929 0.0160648 -160.597 0.049298 0.998784 -0.000100885 -11.8666 -0.0160403 0.00089272 0.999871 -1.52909
0.998627 -0.0488462 0.0189002 -163.28 0.0488674 0.998805 -0.000664339 -12.1407 -0.0188452 0.00158704 0.999821 -1.51702
0.998652 -0.0470696 0.0218903 -165.946 0.0470694 0.998891 0.000524789 -12.3933 -0.0218907 0.000506292 0.99976 -1.52693
0.998836 -0.0443271 0.0190015 -168.626 0.0442952 0.999016 0.00209928 -12.6343 -0.0190758 -0.00125516 0.999817 -1.52662
0.998993 -0.0411618 0.0178643 -171.291 0.0410784 0.999143 0.00500796 -12.8621 -0.0180552 -0.00426907 0.999828 -1.50933
0.999201 -0.036206 0.0169056 -173.933 0.0360808 0.999319 0.00765632 -13.0737 -0.0171713 -0.00704023 0.999828 -1.51766
0.9993 -0.0285692 0.0241445 -176.545 0.0285148 0.99959 0.00259339 -13.312 -0.0242087 -0.0019031 0.999705 -1.48831
0.999673 -0.0188839 0.0172036 -179.175 0.0189679 0.999809 -0.00473799 -13.489 -0.0171108 0.00506277 0.999841 -1.48628
0.999845 -0.0102596 0.0142765 -181.785 0.0104039 0.999895 -0.0100671 -13.6498 -0.0141717 0.010214 0.999848 -1.49329
0.999697 0.000155901 0.0246061 -184.357 -7.56756e-05 0.999995 -0.00326216 -13.7972 -0.0246065 0.00325931 0.999692 -1.49876
0.999829 0.0112064 0.0147255 -186.925 -0.0112525 0.999932 0.00304809 -13.8873 -0.0146904 -0.00321326 0.999887 -1.49348
0.999759 0.0199723 0.00904275 -189.497 -0.0200429 0.999769 0.00778259 -13.9344 -0.00888521 -0.00796196 0.999929 -1.48888
0.999502 0.0281109 0.0142976 -192.014 -0.0282393 0.999562 0.00886088 -13.9799 -0.0140422 -0.00926022 0.999859 -1.50555
0.999289 0.0342965 0.0156749 -194.557 -0.0343636 0.999401 0.00402845 -14.0247 -0.0155274 -0.00456422 0.999869 -1.52418
0.999079 0.0387663 0.0183948 -197.075 -0.0388032 0.999245 0.001652 -14.0455 -0.0183168 -0.00236425 0.99983 -1.5238
0.998882 0.0428234 0.0200293 -199.571 -0.0427879 0.999082 -0.00219933 -14.0627 -0.0201051 0.00133986 0.999797 -1.53305
0.99859 0.0461144 0.0262883 -202.079 -0.0456574 0.9988 -0.0177288 -14.0872 -0.0270743 0.0165036 0.999497 -1.52722
0.998688 0.0484642 0.016506 -204.606 -0.0480915 0.998594 -0.0222799 -14.1055 -0.0175626 0.0214569 0.999616 -1.54739
0.998799 0.0482521 0.0084462 -207.17 -0.04819 0.998811 -0.00740125 -14.0883 -0.00879327 0.00698535 0.999937 -1.56292
0.998653 0.0466768 0.0226645 -209.691 -0.0467343 0.998905 0.00201439 -14.0488 -0.0225456 -0.00307088 0.999741 -1.60029
0.998436 0.0462294 0.0314406 -212.213 -0.0460499 0.998918 -0.00641195 -14.0707 -0.031703 0.0049541 0.999485 -1.60218
0.998421 0.0478899 0.0293638 -214.776 -0.0473628 0.998708 -0.0183922 -14.087 -0.0302067 0.0169724 0.9994 -1.5886
0.998569 0.0475646 0.0244252 -217.365 -0.0471668 0.998749 -0.0166125 -14.1132 -0.0251848 0.0154367 0.999564 -1.62046
0.998539 0.0494606 0.021744 -219.968 -0.04916 0.998691 -0.0141495 -14.0912 -0.0224153 0.0130599 0.999664 -1.58058
0.998448 0.051398 0.021434 -222.592 -0.0510463 0.998557 -0.0166469 -14.0726 -0.0222587 0.0155269 0.999632 -1.56742
0.998155 0.0539562 0.0278252 -225.181 -0.0534303 0.998385 -0.0193107 -14.0605 -0.0288222 0.0177883 0.999426 -1.5846
0.998137 0.0543575 0.027719 -227.777 -0.0537171 0.998283 -0.0233461 -14.0682 -0.0289404 0.0218136 0.999343 -1.59828
0.998125 0.0545665 0.0277468 -230.384 -0.0539558 0.998294 -0.0223039 -14.0486 -0.0289165 0.020765 0.999366 -1.56783
0.998195 0.054203 0.0258613 -233.001 -0.0537065 0.998366 -0.0195225 -14.0192 -0.0268772 0.0180984 0.999475 -1.54553
0.998324 0.0535486 0.0219334 -235.624 -0.0531155 0.99839 -0.0198763 -14.0037 -0.0229624 0.018678 0.999562 -1.54325
0.998308 0.0528302 0.0242798 -238.256 -0.0523569 0.998433 -0.0197319 -14.0053 -0.0252842 0.0184273 0.999511 -1.55935
0.998301 0.0517194 0.0268299 -240.887 -0.0512571 0.998529 -0.0176442 -13.9808 -0.027703 0.016239 0.999484 -1.55866
0.998255 0.0511405 0.0295255 -243.509 -0.0507391 0.998611 -0.014191 -13.9735 -0.0302102 0.0126681 0.999463 -1.56583
0.998579 0.0503832 0.0173767 -246.166 -0.0501892 0.998674 -0.0114322 -13.9701 -0.0179296 0.0105438 0.999784 -1.55112
0.998784 0.0480362 0.0110771 -248.811 -0.0478839 0.99876 -0.0136339 -13.9547 -0.0117183 0.0130869 0.999846 -1.57291
0.998426 0.0463439 0.0315791 -251.449 -0.0457375 0.99876 -0.0196638 -13.9824 -0.0324513 0.0181885 0.999308 -1.60997
0.998641 0.0444731 0.0271609 -254.092 -0.0438243 0.99875 -0.0240354 -13.9827 -0.0281958 0.0228124 0.999342 -1.57939
0.998942 0.0412517 0.0203017 -256.77 -0.0407797 0.9989 -0.0231412 -14.0103 -0.021234 0.0222888 0.999526 -1.56406
0.99912 0.0383931 0.0168873 -259.41 -0.0379742 0.998979 -0.0244634 -14.0304 -0.0178093 0.0238006 0.999558 -1.57626
0.999295 0.0343622 0.0150848 -262.025 -0.0339195 0.999013 -0.0286853 -14.0963 -0.0160556 0.0281535 0.999475 -1.58716
0.99927 0.0313268 0.0218547 -264.644 -0.0305996 0.998992 -0.0328527 -14.1364 -0.0228618 0.03216 0.999221 -1.6052
0.999355 0.0274888 0.0231127 -267.255 -0.0266183 0.998954 -0.0371671 -14.2057 -0.0241102 0.0365279 0.999042 -1.60557
0.999509 0.0243023 0.0197744 -269.853 -0.023514 0.998956 -0.0391673 -14.2655 -0.0207056 0.0386832 0.999037 -1.60723
0.99959 0.0217033 0.0186847 -272.448 -0.0208842 0.998858 -0.0429709 -14.3376 -0.0195959 0.0425631 0.998902 -1.62056
0.99955 0.0186883 0.0234618 -275.007 -0.017643 0.998876 -0.0439965 -14.4149 -0.0242576 0.0435628 0.998756 -1.62361
0.999584 0.0168334 0.0233925 -277.547 -0.0157635 0.998854 -0.0451903 -14.4901 -0.0241264 0.0448028 0.998705 -1.62328
0.999648 0.0155527 0.0214616 -280.092 -0.0145729 0.998877 -0.0450812 -14.5859 -0.0221387 0.0447526 0.998753 -1.59223
0.999722 0.0158196 0.0174611 -282.636 -0.0149265 0.99863 -0.0501467 -14.6799 -0.0182305 0.0498722 0.998589 -1.61248
0.99964 0.0160639 0.0214748 -285.13 -0.0149958 0.998685 -0.049009 -14.7786 -0.0222338 0.0486694 0.998568 -1.64162
0.999442 0.0172973 0.0285745 -287.643 -0.0158708 0.998652 -0.0494181 -14.8569 -0.0293908 0.048937 0.99837 -1.6104
0.999539 0.0203726 0.0225161 -290.119 -0.0192587 0.998631 -0.0486302 -14.9309 -0.023476 0.0481741 0.998563 -1.60326
0.999405 0.0251796 0.023562 -292.571 -0.0241451 0.998774 -0.0432076 -14.998 -0.0246211 0.042613 0.998788 -1.5907
0.999121 0.0314803 0.0276746 -295.033 -0.0305599 0.998985 -0.0330774 -15.0294 -0.0286878 0.0322026 0.99907 -1.56044
0.999021 0.0390141 0.0208461 -297.456 -0.0381923 0.99853 -0.0384653 -15.0471 -0.0223162 0.0376315 0.999043 -1.55348
0.999032 0.0435407 0.00615554 -299.911 -0.043169 0.997751 -0.0512793 -15.1038 -0.00837443 0.050964 0.998666 -1.59771
0.998629 0.049208 0.0178082 -302.306 -0.0480707 0.997072 -0.0594721 -15.1397 -0.0206826 0.0585346 0.998071 -1.61499
0.998356 0.0525363 0.0228909 -304.688 -0.0511289 0.996992 -0.0582513 -15.1117 -0.0258824 0.0569852 0.99804 -1.62437
0.998234 0.0562225 0.0191775 -307.08 -0.0550501 0.996856 -0.0569855 -15.1097 -0.022321 0.0558292 0.998191 -1.61144
0.998063 0.0598861 0.0168371 -309.446 -0.0588257 0.996601 -0.0576642 -15.0886 -0.0202332 0.0565621 0.998194 -1.6342
0.997806 0.0630088 0.0203222 -311.787 -0.0617502 0.996432 -0.0575372 -15.0487 -0.023875 0.0561561 0.998137 -1.657
0.997716 0.0640235 0.0214918 -312.945 -0.0628076 0.996609 -0.0531489 -15.0103 -0.0248217 0.0516777 0.998356 -1.63642
