1 0 0 0 0 1 0 0 0 0 1 0
0.999995 0.000383976 -0.00297952 -2.4066 -0.000388742 0.999999 -0.00159918 -0.103837 0.0029789 0.00160033 0.999994 -0.0401944
0.999993 0.00159906 -0.00349892 -4.81657 -0.00160425 0.999998 -0.00147936 -0.224347 0.00349655 0.00148496 0.999993 -0.0860034
0.999984 0.00382594 -0.00417541 -7.23719 -0.00383497 0.99999 -0.00215659 -0.326595 0.00416712 0.00217257 0.999989 -0.109641
0.999974 0.0063405 -0.00352713 -9.65787 -0.00634551 0.999979 -0.00141165 -0.431764 0.0035181 0.00143399 0.999993 -0.171471
0.999959 0.00900319 -0.00128399 -12.0769 -0.00900441 0.999959 -0.000951546 -0.521437 0.00127537 0.000963068 0.999999 -0.223503
0.999941 0.0107704 -0.00162828 -14.5161 -0.0107708 0.999942 -0.000260694 -0.622035 0.00162538 0.000278216 0.999999 -0.273914
0.999925 0.0122149 -0.00082261 -16.937 -0.0122117 0.999918 0.0037139 -0.707289 0.000867907 -0.00370357 0.999993 -0.317907
0.999923 0.0118638 -0.00351302 -19.3817 -0.0118236 0.999867 0.011245 -0.785599 0.00364596 -0.0112027 0.999931 -0.369655
0.99994 0.00853215 -0.00687294 -21.8546 -0.00843376 0.999863 0.01422 -0.872584 0.00699333 -0.0141612 0.999875 -0.439704
0.999975 0.00363806 -0.00609423 -24.3161 -0.00355382 0.999899 0.0137765 -0.971104 0.00614373 -0.0137545 0.999887 -0.477132
0.999996 -0.00167235 -0.00238011 -26.7754 0.00169525 0.999952 0.00965467 -1.109 0.00236385 -0.00965866 0.999951 -0.507885
0.999982 -0.00557721 -0.00208438 -29.2211 0.00559066 0.999963 0.00650156 -1.24553 0.00204804 -0.0065131 0.999977 -0.537982
0.999972 -0.00734665 -0.00131769 -31.6862 0.00735407 0.999956 0.00570997 -1.41075 0.00127569 -0.0057195 0.999983 -0.58894
0.999982 -0.00535132 0.00279606 -34.1325 0.00533791 0.999974 0.00478163 -1.52851 -0.00282158 -0.00476662 0.999985 -0.590959
0.999982 -0.00203482 0.00555263 -36.593 0.00199593 0.999973 0.0070014 -1.63058 -0.00556674 -0.00699019 0.99996 -0.622577
0.99999 0.000915745 0.00427544 -39.0781 -0.000950211 0.999967 0.00806745 -1.73412 -0.00426791 -0.00807143 0.999958 -0.646713
0.999968 0.00362191 0.00712824 -41.5772 -0.0036443 0.999988 0.00313037 -1.85398 -0.00711682 -0.00315625 0.99997 -0.692088
0.999963 0.00579913 0.00641093 -44.0715 -0.00581268 0.999981 0.00209789 -1.95882 -0.00639864 -0.00213508 0.999977 -0.683734
0.999981 0.00614003 4.88922e-05 -46.5808 -0.00614019 0.999969 0.00496399 -2.04486 -1.84106e-05 -0.0049642 0.999988 -0.710623
0.999979 0.00552849 0.00342932 -49.0877 -0.00555637 0.999951 0.00817602 -2.14536 -0.00338395 -0.0081949 0.999961 -0.793093
0.999974 0.00472526 0.0054342 -51.6028 -0.0047566 0.999972 0.00576963 -2.26327 -0.00540679 -0.00579533 0.999969 -0.835675
0.999992 0.0015484 0.0036623 -54.1594 -0.00155507 0.999997 0.00181854 -2.39046 -0.00365947 -0.00182422 0.999992 -0.858819
0.999988 -6.96035e-05 0.00490495 -56.676 5.35631e-05 0.999994 0.003271 -2.4957 -0.00490515 -0.00327069 0.999983 -0.891112
0.999991 -0.00186183 0.0039236 -59.2302 0.00184292 0.999986 0.00481834 -2.60694 -0.00393252 -0.00481106 0.999981 -0.922163
0.999991 -0.00172908 0.00391822 -61.7728 0.00170566 0.99998 0.00597414 -2.72831 -0.00392847 -0.0059674 0.999975 -0.949264
0.99997 -0.00121856 0.00768838 -64.3312 0.00116288 0.999973 0.00724203 -2.84118 -0.007697 -0.00723287 0.999944 -1.00321
0.99998 0.00025709 0.00626079 -66.8759 -0.000274802 0.999996 0.0028289 -2.9686 -0.00626004 -0.00283056 0.999977 -1.0099
0.999994 0.000491114 0.00346338 -69.4464 -0.000508293 0.999987 0.004962 -3.11812 -0.0034609 -0.00496372 0.999982 -1.03746
0.999964 0.000745467 0.00842149 -72.0054 -0.000800864 0.999978 0.00657703 -3.22864 -0.0084164 -0.00658354 0.999943 -1.07653
0.999953 1.07032e-05 0.0096445 -74.577 -7.56259e-05 0.999977 0.00673159 -3.38634 -0.00964421 -0.00673201 0.999931 -1.09422
0.999988 -0.00232658 0.00420149 -77.1845 0.00230465 0.999983 0.0052165 -3.50773 -0.00421356 -0.00520675 0.999978 -1.08233
0.999996 -0.00258785 0.000287555 -79.7119 0.00258638 0.999984 0.0050218 -3.63213 -0.000300545 -0.00502104 0.999988 -1.12346
0.999993 -0.00321586 -0.00204665 -82.193 0.00322498 0.999984 0.00446346 -3.74407 0.00203227 -0.00447002 0.999988 -1.14154
0.999994 -0.00324447 0.000696518 -84.602 0.00324106 0.999983 0.00483652 -3.87267 -0.000712198 -0.00483424 0.999988 -1.13968
0.999996 -0.00220373 0.00142869 -86.9314 0.00219312 0.99997 0.00738254 -3.99615 -0.00144492 -0.00737938 0.999972 -1.17132
0.999994 -0.00246336 0.00249183 -89.2415 0.00244114 0.999957 0.00888141 -4.0981 -0.0025136 -0.00887527 0.999958 -1.20226
0.999992 -0.00222723 0.00323674 -91.508 0.00219735 0.999955 0.00920429 -4.1915 -0.00325709 -0.0091971 0.999953 -1.21309
0.99999 -0.00150769 0.00406392 -93.7406 0.00147111 0.999958 0.00898859 -4.29262 -0.00407731 -0.00898253 0.999952 -1.2104
0.999985 -0.000428503 0.00551385 -95.9395 0.000378206 0.999958 0.00912022 -4.39459 -0.00551753 -0.009118 0.999943 -1.2093
0.99994 0.00140763 0.0108512 -98.1143 -0.00148062 0.999976 0.00672121 -4.49872 -0.0108415 -0.00673687 0.999919 -1.21537
0.999936 0.00292344 0.0109221 -100.287 -0.0030088 0.999965 0.00780722 -4.59754 -0.0108989 -0.00783958 0.99991 -1.23072
0.999916 0.0043967 0.0121701 -102.426 -0.0044954 0.999957 0.00809495 -4.68006 -0.012134 -0.00814898 0.999893 -1.22049
0.999907 0.00534303 0.0125051 -104.549 -0.00545817 0.999943 0.00919155 -4.76483 -0.0124553 -0.00925895 0.99988 -1.2442
0.99988 0.00615292 0.0142 -106.654 -0.0063038 0.999924 0.0106052 -4.84917 -0.0141337 -0.0106935 0.999843 -1.25934
0.999845 0.00638338 0.0164221 -108.758 -0.0065872 0.999901 0.0123879 -4.92132 -0.0163414 -0.0124942 0.999789 -1.27538
0.999837 0.00623116 0.0169527 -110.87 -0.00644102 0.999903 0.0123533 -5.00394 -0.0168741 -0.0124604 0.99978 -1.2505
0.999834 0.00530835 0.0174448 -112.995 -0.00553148 0.999903 0.0127674 -5.09061 -0.0173753 -0.0128618 0.999767 -1.23305
0.999811 0.0039854 0.0190472 -115.123 -0.00423269 0.999907 0.0129605 -5.16924 -0.0189938 -0.0130387 0.999735 -1.2005
0.999824 0.00450106 0.0181961 -117.206 -0.00476788 0.999881 0.0146471 -5.24788 -0.018128 -0.0147312 0.999727 -1.18615
0.999844 0.00415138 0.0171416 -119.341 -0.00442295 0.999865 0.0158359 -5.33213 -0.0170736 -0.0159093 0.999728 -1.20389
0.999775 0.00397853 0.020844 -121.476 -0.00434101 0.999839 0.0173739 -5.41502 -0.0207715 -0.0174604 0.999632 -1.21101
0.99976 0.00625409 0.0209798 -123.536 -0.00662472 0.999822 0.0176435 -5.55498 -0.0208658 -0.0177783 0.999624 -1.19109
0.999745 0.00626136 0.0217049 -125.695 -0.00664849 0.999819 0.0178102 -5.65052 -0.0215895 -0.0179499 0.999606 -1.15663
0.999731 0.00576232 0.0224483 -127.866 -0.00619022 0.999799 0.0190391 -5.72837 -0.0223341 -0.0191729 0.999567 -1.15373
0.999717 0.00460085 0.0233517 -130.07 -0.00508551 0.999772 0.0207379 -5.82284 -0.023251 -0.0208508 0.999512 -1.16121
0.999725 0.00485207 0.0229221 -132.24 -0.00531197 0.999785 0.0200459 -5.92204 -0.0228199 -0.0201621 0.999536 -1.13247
0.999722 0.00529025 0.0229509 -134.434 -0.00574609 0.999786 0.0198413 -6.02909 -0.022841 -0.0199677 0.99954 -1.10716
0.999653 0.00560912 0.0257192 -136.642 -0.00613925 0.999769 0.0205796 -6.12072 -0.0255979 -0.0207304 0.999458 -1.07956
0.999622 0.00675917 0.0266333 -138.837 -0.00738549 0.999697 0.0234888 -6.21654 -0.0264664 -0.0236766 0.99937 -1.06162
0.999618 0.00687924 0.0267817 -141.048 -0.00758303 0.999626 0.0262666 -6.30893 -0.026591 -0.0264596 0.999296 -1.03121
0.999615 0.00706052 0.0268154 -143.265 -0.00778819 0.999601 0.0271296 -6.38479 -0.0266132 -0.027328 0.999272 -1.00158
0.999573 0.00677222 0.0284373 -145.495 -0.00753435 0.999613 0.0267795 -6.49386 -0.028245 -0.0269823 0.999237 -0.979117
0.999548 0.00631107 0.0293837 -147.721 -0.0070928 0.999621 0.0265766 -6.60309 -0.0292048 -0.026773 0.999215 -0.941463
0.999455 0.0053035 0.0325747 -149.94 -0.00617205 0.999626 0.0266207 -6.70088 -0.0324214 -0.0268072 0.999115 -0.91064
0.99945 0.00375258 0.0329547 -152.164 -0.0046473 0.999621 0.0271154 -6.8136 -0.0328405 -0.0272536 0.999089 -0.871922
0.999452 0.00239644 0.03301 -154.39 -0.00330677 0.999615 0.0275507 -6.89809 -0.0329313 -0.0276448 0.999075 -0.826248
0.999443 0.00116227 0.0333515 -156.631 -0.00209965 0.999603 0.0280848 -6.99132 -0.0333057 -0.0281391 0.999049 -0.768175
0.999478 0.000607911 0.0322955 -158.893 -0.00161284 0.999515 0.0310998 -7.08023 -0.0322609 -0.0311357 0.998995 -0.724878
0.999378 0.00170242 0.0352279 -161.132 -0.00267864 0.999613 0.027683 -7.18991 -0.0351672 -0.0277601 0.998996 -0.676394
0.99925 0.00238233 0.0386394 -163.392 -0.00336955 0.999669 0.0255047 -7.30991 -0.0385659 -0.0256158 0.998928 -0.637089
0.999128 0.00293872 0.0416428 -165.623 -0.00388314 0.999737 0.0226164 -7.41575 -0.0415654 -0.0227584 0.998877 -0.579172
0.999007 0.00200752 0.0444986 -167.852 -0.00289816 0.999797 0.0199596 -7.50292 -0.0444495 -0.0200687 0.99881 -0.498084
0.999127 0.000691258 0.0417773 -170.113 -0.00145102 0.999834 0.0181583 -7.61059 -0.0417579 -0.0182031 0.998962 -0.445775
0.99903 -0.00177333 0.0440024 -172.384 0.00108647 0.999877 0.0156286 -7.71945 -0.0440247 -0.0155656 0.998909 -0.385178
0.998849 -0.00273236 0.0478839 -174.636 0.00194742 0.999863 0.0164316 -7.83778 -0.0479222 -0.0163194 0.998718 -0.308067
0.999018 -0.00283697 0.0442107 -176.885 0.00205463 0.999841 0.0177312 -7.92865 -0.044254 -0.017623 0.998865 -0.236807
0.999027 -0.00293632 0.0439986 -179.117 0.00213401 0.999831 0.0182707 -8.03651 -0.0440448 -0.0181591 0.998865 -0.172666
0.998727 -0.00254278 0.0503737 -181.308 0.0016503 0.999841 0.0177507 -8.1407 -0.0504108 -0.017645 0.998573 -0.0791907
0.998912 -0.00202749 0.0465817 -183.486 0.00122308 0.99985 0.0172908 -8.24121 -0.0466098 -0.017215 0.998765 0.0124592
0.999156 -0.0016285 0.0410315 -185.658 0.00102251 0.99989 0.0147856 -8.34197 -0.0410511 -0.0147312 0.999048 0.0967805
0.999043 -0.00177115 0.0436915 -187.806 0.00102523 0.999853 0.017089 -8.4478 -0.0437154 -0.0170279 0.998899 0.123548
0.998995 -0.00182014 0.0447894 -189.936 0.00106534 0.999857 0.0168703 -8.55135 -0.0448137 -0.0168057 0.998854 0.212592
0.998948 -0.00251827 0.0457771 -192.027 0.00172557 0.999848 0.0173479 -8.65259 -0.0458138 -0.0172507 0.998801 0.277504
0.998865 -0.00279704 0.0475365 -194.091 0.00194088 0.999835 0.0180472 -8.75293 -0.0475792 -0.0179345 0.998706 0.346648
0.998838 -0.00261082 0.0481145 -196.135 0.00170741 0.999822 0.0188078 -8.85719 -0.0481551 -0.0187038 0.998665 0.429977
0.998705 0.00881369 0.0501036 -197.785 -0.00990536 0.999718 0.0215819 -8.88873 -0.0498993 -0.0220502 0.998511 0.43555
0.998691 0.00841981 0.05045 -199.755 -0.00948656 0.999736 0.0209427 -8.9579 -0.0502604 -0.0213939 0.998507 0.546764
0.998607 0.00903373 0.0519797 -201.651 -0.0100929 0.999746 0.0201498 -9.03133 -0.0517845 -0.0206464 0.998445 0.645504
0.998548 0.0100056 0.0529198 -203.511 -0.0111419 0.999713 0.0212218 -9.10197 -0.0526923 -0.0217807 0.998373 0.716682
0.998481 0.0108432 0.0540113 -205.304 -0.0119308 0.999732 0.0198549 -9.17053 -0.0537816 -0.0204692 0.998343 0.787547
0.998535 0.01137 0.0528918 -207.047 -0.0123857 0.999744 0.0189156 -9.22734 -0.0526632 -0.019543 0.998421 0.880154
0.998335 0.0118043 0.0564512 -208.761 -0.0128925 0.999737 0.0189525 -9.28922 -0.0562127 -0.0196488 0.998226 0.970625
0.998274 0.0122447 0.0574278 -210.418 -0.013396 0.999716 0.0197051 -9.35594 -0.0571702 -0.0204404 0.998155 1.05193
0.99823 0.0119549 0.0582604 -212.069 -0.0131727 0.999702 0.0205629 -9.40423 -0.0579972 -0.0212939 0.99809 1.11534
0.998188 0.0122955 0.058895 -213.654 -0.0135319 0.999695 0.0206398 -9.45038 -0.0586234 -0.0213994 0.998051 1.19653
0.998137 0.0123444 0.0597413 -215.211 -0.0136149 0.999689 0.0209063 -9.49924 -0.0594647 -0.0216807 0.997995 1.27024
0.997966 0.0126608 0.0624673 -216.721 -0.0140738 0.999654 0.0222318 -9.54394 -0.0621642 -0.0230658 0.997799 1.33111
0.997873 0.0132213 0.0638351 -218.181 -0.0146486 0.999652 0.021943 -9.59111 -0.0635228 -0.0228315 0.997719 1.41055
0.997946 0.0122849 0.0628675 -219.591 -0.0137731 0.999634 0.0232935 -9.62643 -0.0625584 -0.0241116 0.99775 1.47887
0.997914 0.0110839 0.0635938 -220.954 -0.0125908 0.999648 0.0233443 -9.67325 -0.0633127 -0.0240963 0.997703 1.55087
0.997832 0.0107933 0.0649221 -222.255 -0.0122889 0.999667 0.0226817 -9.71903 -0.0646557 -0.0234304 0.997633 1.62001
0.997742 0.0114456 0.0661737 -223.517 -0.0130568 0.999627 0.0239675 -9.7625 -0.0658747 -0.0247775 0.99752 1.65701
0.997586 0.0123717 0.0683334 -224.743 -0.0141112 0.999587 0.0250326 -9.79804 -0.0679956 -0.0259364 0.997349 1.71644
0.997504 0.0133555 0.0693301 -225.938 -0.0151487 0.999563 0.0254035 -9.84249 -0.0689605 -0.0263904 0.99727 1.78605
0.997487 0.00914765 0.0702582 -227.124 -0.0109505 0.999619 0.0253179 -9.89459 -0.0699999 -0.0260236 0.997208 1.86889
0.997436 0.00292294 0.0714949 -228.278 -0.0047521 0.999665 0.0254276 -9.94096 -0.0713967 -0.0257022 0.997117 1.93077
0.99728 -0.00116663 0.0736918 -229.401 -0.000507995 0.999742 0.0227019 -10.0063 -0.0736993 -0.0226776 0.997023 2.00109
0.997132 -1.14972e-05 0.0756767 -230.515 -0.00166704 0.999754 0.0221171 -10.0601 -0.0756584 -0.0221798 0.996887 2.0678
0.997064 0.003413 0.0764875 -231.614 -0.00518038 0.999724 0.0229202 -10.1016 -0.0763882 -0.0232491 0.996807 2.11866
0.996906 0.00883434 0.0781048 -232.713 -0.0107147 0.999662 0.0236878 -10.1438 -0.0778692 -0.0244514 0.996664 2.1632
0.996732 0.0139865 0.0795481 -233.797 -0.0158797 0.999604 0.023217 -10.1786 -0.079192 -0.0244044 0.996561 2.21
0.99659 0.0157393 0.0809874 -234.9 -0.0177331 0.999556 0.0239583 -10.206 -0.0805743 -0.0253128 0.996427 2.28837
0.996412 0.0159276 0.0831188 -236.014 -0.0180708 0.999522 0.0250964 -10.247 -0.0826794 -0.0265084 0.996224 2.33928
0.996281 0.0157449 0.0847028 -237.154 -0.0179508 0.999517 0.025345 -10.2817 -0.0842629 -0.0267713 0.996084 2.40631
0.996175 0.0154846 0.0859938 -238.335 -0.0177846 0.999502 0.0260451 -10.3193 -0.0855478 -0.0274749 0.995955 2.48182
0.996092 0.0159371 0.0868679 -239.541 -0.0183177 0.999476 0.0266765 -10.3445 -0.0863973 -0.0281634 0.995863 2.56828
0.995968 0.0167557 0.0881225 -240.79 -0.01946 0.999363 0.029919 -10.3831 -0.0875651 -0.0315133 0.99566 2.60372
0.995923 0.0157939 0.0888093 -242.084 -0.0186568 0.999329 0.0314989 -10.4149 -0.0882523 -0.0330274 0.995551 2.68121
0.995801 0.0147084 0.090352 -243.411 -0.0177634 0.999294 0.0331017 -10.4517 -0.0898014 -0.0345677 0.99536 2.76491
0.995751 0.0140382 0.0910113 -244.779 -0.0172459 0.999254 0.0345547 -10.4949 -0.0904584 -0.0359774 0.99525 2.85654
0.995703 0.0132807 0.0916409 -246.185 -0.0165823 0.999237 0.0353608 -10.5305 -0.0911014 -0.0367285 0.995164 2.96679
0.995619 0.0147497 0.0923283 -247.617 -0.0181742 0.999173 0.0363594 -10.5642 -0.0917157 -0.0378781 0.995065 3.06459
0.995492 0.0165327 0.093386 -249.085 -0.0201911 0.999059 0.0383675 -10.5949 -0.092664 -0.0400801 0.994891 3.15394
0.995392 0.0179515 0.0941862 -250.586 -0.0217204 0.998997 0.0391447 -10.6355 -0.0933891 -0.0410101 0.994785 3.25998
0.995284 0.0177924 0.0953532 -251.353 -0.0216971 0.998961 0.0400707 -10.6677 -0.0945413 -0.0419507 0.994637 3.3069
