1 0 0 0 0 1 0 0 0 0 1 0
-0.492505 0.870251 0.0100866 -1.07344 -0.870303 -0.492425 -0.00945228 -0.621206 -0.00325895 -0.0134337 0.999904 -0.253688
-0.490775 -0.871099 -0.0180397 -1.12311 0.871218 -0.490891 0.00235154 -0.0660332 -0.010904 -0.0145625 0.999834 -0.2841
0.997259 -0.0197417 0.0713131 -0.632271 0.0223867 0.999083 -0.0364832 -0.340145 -0.0705275 0.0379796 0.996787 -0.378681
-0.552672 0.828717 -0.0882123 -0.833338 -0.806072 -0.55843 -0.195966 -0.712341 -0.211661 -0.0371996 0.976635 -0.627154
-0.310635 -0.948187 -0.0666924 -0.357401 0.950198 -0.307909 -0.0481318 -0.560568 0.0251028 -0.0783224 0.996612 -0.808081
0.898701 0.438112 0.0198826 0.0712267 -0.433145 0.89379 -0.116296 -0.963578 -0.0687217 0.0959037 0.993016 -0.941472
-0.923512 0.383378 0.0120866 -0.574892 -0.380502 -0.911698 -0.154999 -0.507414 -0.0484038 -0.147742 0.987841 -1.00263
0.347485 -0.9363 -0.0509573 0.206221 0.923773 0.35115 -0.152764 -0.111754 0.160926 0.00601004 0.986948 -0.919479
0.378657 0.925453 0.0124603 -0.519327 -0.913475 0.375854 -0.155877 -0.606382 -0.148941 0.0476418 0.987698 -1.25195
-0.928046 -0.372336 -0.00976873 -0.545691 0.370552 -0.920308 -0.125397 0.417765 0.0376994 -0.119994 0.992059 -1.53955
0.921072 -0.388304 -0.0290932 0.358067 0.381366 0.914657 -0.134026 -0.397482 0.078653 0.112352 0.990551 -2.0911
-0.360689 0.93242 -0.0222642 -1.06865 -0.922206 -0.360103 -0.14093 -0.318053 -0.139423 -0.0302998 0.989769 -2.48026
-0.428244 -0.902221 -0.0510362 -0.0921269 0.897463 -0.418023 -0.14077 1.06383 0.105672 -0.106087 0.988726 -2.52355
0.934592 0.352581 -0.0471686 0.259554 -0.35566 0.928651 -0.105422 -0.464437 0.00663335 0.115303 0.993308 -2.84278
-0.930054 0.356564 -0.0886655 -1.32887 -0.339486 -0.92624 -0.163795 0.376884 -0.140529 -0.122237 0.982502 -3.13931
0.442339 -0.893571 -0.0765986 0.609365 0.894067 0.446077 -0.0407312 0.992869 0.0705651 -0.0504672 0.99623 -3.16159
0.211902 0.977243 0.00964125 -0.370145 -0.976774 0.212101 -0.0304417 -0.705692 -0.0317939 -0.00296666 0.99949 -3.40201
-0.822613 -0.568319 -0.0179172 -0.577559 0.567555 -0.81878 -0.0864902 0.962425 0.0344838 -0.081317 0.996092 -3.50905
0.975569 -0.212975 -0.0539229 0.619768 0.212297 0.977038 -0.0180711 0.0622278 0.0565334 0.00618195 0.998382 -3.62793
-0.465124 0.884246 -0.0420594 -1.06076 -0.884568 -0.466102 -0.017001 0.156542 -0.034637 0.0292968 0.99897 -3.85502
-0.367839 -0.928598 -0.0489973 0.448416 0.928402 -0.36972 0.0371109 1.3379 -0.0525764 -0.0318383 0.998109 -3.76314
0.956939 0.288754 -0.0298268 -0.203372 -0.286637 0.956144 0.0602247 -0.992748 0.0459089 -0.0490819 0.997739 -3.59882
-0.861605 0.506694 0.0299793 -1.40707 -0.507527 -0.860864 -0.0364629 0.894169 0.0073326 -0.046632 0.998885 -3.39785
0.176447 -0.983754 -0.0330891 0.892149 0.984044 0.177082 -0.0173063 0.37339 0.0228846 -0.0295075 0.999303 -3.4206
0.640506 0.767779 0.0163626 -1.56772 -0.767904 0.640078 0.0249804 -1.06378 0.00870608 -0.028565 0.999554 -3.6601
-0.999127 -0.0252069 0.0333099 -0.969465 0.0235151 -0.99846 -0.0502484 1.14906 0.0345252 -0.0494213 0.998181 -3.72131
0.665099 -0.746282 0.0265808 0.0828298 0.746693 0.665082 -0.010783 -1.0922 -0.00963133 0.0270195 0.999588 -3.96275
0.160131 0.983271 0.0868146 -2.35083 -0.985201 0.164651 -0.0476426 -0.600435 -0.0611397 -0.0779008 0.995085 -3.93536
-0.868916 -0.493433 0.0388459 -0.815318 0.491939 -0.869607 -0.0421967 1.00216 0.0546019 -0.0175556 0.998354 -4.00974
0.93493 -0.354638 0.0117102 -0.856275 0.354542 0.934992 0.00951972 -1.29128 -0.014325 -0.0047485 0.999886 -3.88385
-0.307896 0.950041 0.0512148 -3.02037 -0.950935 -0.305575 -0.0484423 0.0922229 -0.0303722 -0.0636172 0.997512 -3.60891
-0.554848 -0.831732 0.0191459 -0.468925 0.8307 -0.555128 -0.0420793 0.543518 0.0456271 -0.00744307 0.998931 -3.52451
0.994942 0.0841376 0.0548712 -1.71104 -0.084052 0.996454 -0.00387485 -1.66156 -0.0550026 -0.000756786 0.998486 -3.29872
-0.660923 0.750453 -0.00106554 -2.50234 -0.748973 -0.659708 -0.0618444 0.457148 -0.0471142 -0.0400763 0.998085 -3.06351
-0.17134 -0.984319 -0.0419276 -0.453298 0.984771 -0.169835 -0.0371625 -0.33072 0.029459 -0.0476565 0.998429 -2.95795
0.888395 0.458119 0.0296695 -2.28549 -0.455741 0.887871 -0.0631348 -1.58461 -0.0552659 0.0425671 0.997564 -3.0488
-0.875709 0.482765 -0.00844045 -2.20513 -0.479981 -0.872293 -0.0934034 0.645461 -0.0524544 -0.077743 0.995593 -2.81748
0.0872198 -0.996004 -0.0192034 -0.898775 0.99617 0.0873222 -0.00453852 -0.7403 0.00619727 -0.018734 0.999805 -2.57809
0.750998 0.65975 0.0270488 -3.32749 -0.658437 0.751324 -0.0444325 -1.57528 -0.0496368 0.0155587 0.998646 -2.38648
-0.968065 0.242533 -0.063463 -2.4858 -0.235954 -0.966987 -0.0962363 1.15094 -0.0847084 -0.0781886 0.993333 -1.98318
0.312651 -0.949185 -0.0359997 -0.534778 0.949858 0.3126 0.00719788 -0.884909 0.00442138 -0.036445 0.999326 -1.79875
0.635574 0.770903 0.0418859 -3.19825 -0.768854 0.636942 -0.0562932 -1.18517 -0.0700755 0.00357434 0.997535 -1.53563
-0.991033 0.122713 -0.0528689 -2.13387 -0.117079 -0.988179 -0.0989733 0.799049 -0.0643892 -0.091896 0.993685 -0.94688
0.401953 -0.91303 -0.0693513 -0.650539 0.912272 0.405826 -0.0553644 -0.900299 0.0786938 -0.0410133 0.996055 -0.650861
0.484995 0.869219 -0.0961187 -3.01854 -0.874474 0.480944 -0.0631459 -1.26202 -0.00865988 0.114679 0.993365 -0.482464
-0.978264 -0.195752 -0.0684087 -1.61312 0.196568 -0.980476 -0.00534561 0.480587 -0.0660267 -0.0186764 0.997643 0.117271
0.768039 -0.639734 -0.0292546 -1.28583 0.63876 0.76854 -0.0364939 -1.84436 0.0458297 0.00934209 0.998906 0.356679
0.0065024 0.997905 -0.0643685 -3.14269 -0.997601 0.00203667 -0.0691959 -0.678777 -0.0689199 0.0646641 0.995524 0.646284
-0.718977 -0.679947 -0.144024 -0.747844 0.692943 -0.717318 -0.0727056 -0.255805 -0.0538751 -0.152074 0.9869 1.25925
0.988095 -0.05948 -0.141879 -2.22882 0.0490198 0.995893 -0.0761152 -2.45555 0.145823 0.0682542 0.986953 1.1456
-0.636568 0.757361 -0.145553 -2.92261 -0.754078 -0.650805 -0.0884334 0.356528 -0.161703 0.0534648 0.98539 1.11149
-0.100507 -0.984566 -0.143277 -1.03543 0.993287 -0.0910057 -0.0714047 -0.983663 0.0572636 -0.149492 0.987103 0.967199
0.711477 0.687214 -0.146755 -3.16896 -0.700058 0.711289 -0.0631486 -1.00431 0.0609882 0.147665 0.987155 0.364138
-0.993712 -0.0459243 -0.102107 -1.4368 0.0535532 -0.995874 -0.0732691 0.895109 -0.0983211 -0.0782766 0.992071 0.517528
0.800186 -0.579401 -0.154906 -1.31919 0.581548 0.812724 -0.0358049 -1.59475 0.146641 -0.0614347 0.98728 0.246893
-0.250706 0.960131 -0.123672 -2.54369 -0.965816 -0.256774 -0.0355845 0.643203 -0.0659217 0.110523 0.991685 -0.332071
-0.413441 -0.904849 -0.101554 -0.219901 0.909932 -0.406544 -0.0821408 -0.363002 0.0330389 -0.126368 0.991433 -0.356267
0.85452 0.496796 -0.151621 -2.38829 -0.507599 0.860623 -0.0408854 -0.344301 0.110177 0.1119 0.987593 -1.2221
-0.989233 0.129824 -0.0675569 -0.350746 -0.122903 -0.987556 -0.0981201 1.08859 -0.0794546 -0.0887607 0.992879 -1.39968
0.643695 -0.759913 -0.0904903 -0.56942 0.746004 0.649451 -0.147277 -1.0567 0.170687 0.0272954 0.984947 -2.1938
0.0798932 0.990115 -0.115277 -1.35756 -0.986085 0.0615893 -0.154416 1.68743 -0.14579 0.12601 0.981258 -2.14615
-0.76088 -0.645276 -0.0684152 0.691275 0.644038 -0.738105 -0.201039 0.330432 0.0792281 -0.197029 0.977191 -2.48725
0.988237 -0.0536972 -0.143187 -1.92476 0.0292818 0.985444 -0.167458 0.225287 0.150095 0.161296 0.975426 -2.86863
-0.654014 0.751741 -0.0845616 -0.415884 -0.732819 -0.657326 -0.175785 2.09034 -0.187729 -0.0529974 0.98079 -2.25125
-0.113668 -0.987672 -0.107618 -0.365204 0.980189 -0.0937985 -0.174445 -0.463177 0.1622 -0.125315 0.978768 -2.67096
0.832659 0.540989 -0.118359 -2.39805 -0.552334 0.826754 -0.106801 1.59903 0.0400755 0.154302 0.987211 -2.45711
-0.895373 0.430632 -0.113413 0.228007 -0.401397 -0.890742 -0.213215 1.94728 -0.192839 -0.145383 0.9704 -1.95788
0.0666863 -0.982773 -0.172361 -0.867491 0.9718 0.103134 -0.212059 -0.502826 0.226183 -0.153359 0.961937 -2.3788
0.895569 0.416585 -0.156245 -2.31471 -0.444313 0.855752 -0.265093 1.38555 0.0232732 0.306831 0.951479 -1.86796
-0.737358 0.671348 -0.0747874 -0.378862 -0.632261 -0.724891 -0.273458 1.90244 -0.237798 -0.154351 0.958972 -1.21134
-0.303216 -0.948653 -0.0900889 -0.22731 0.92531 -0.270518 -0.265746 -0.403092 0.22773 -0.163939 0.959824 -1.6016
0.991613 0.0644869 -0.111997 -2.58639 -0.0935652 0.956031 -0.277941 0.473911 0.0891491 0.28609 0.954047 -1.77924
-0.461398 0.88376 -0.0779688 -0.781066 -0.845604 -0.46466 -0.262765 2.10687 -0.268451 -0.0553089 0.961704 -1.13615
-0.594867 -0.803386 -0.0265055 0.288331 0.777964 -0.56712 -0.270459 -0.536831 0.202252 -0.181508 0.962367 -1.78718
0.980592 -0.193503 -0.0315404 -2.2409 0.179113 0.949601 -0.257249 -0.543424 0.0797292 0.246607 0.96583 -1.83605
-0.219646 0.974585 -0.0440402 -1.08144 -0.94227 -0.223626 -0.249239 1.67445 -0.252753 -0.0132466 0.96744 -1.30154
-0.752909 -0.651059 -0.0961723 0.724086 0.653162 -0.721298 -0.230454 -0.808317 0.0806706 -0.236327 0.968319 -1.51357
0.924819 -0.375098 -0.0633305 -2.19289 0.349842 0.904027 -0.245654 -1.58624 0.149397 0.20503 0.967287 -1.84375
-0.0908739 0.995266 -0.0344581 -1.61645 -0.967204 -0.0964474 -0.23498 1.18865 -0.237191 0.0119744 0.971389 -1.25395
-0.824489 -0.563496 -0.0518632 0.328986 0.557689 -0.793601 -0.24327 -1.26953 0.0959229 -0.229497 0.968571 -1.91596
0.883545 -0.465787 -0.0488963 -2.86886 0.441027 0.862596 -0.247839 -1.99626 0.157618 0.197412 0.967567 -2.49983
0.00749535 0.998657 -0.0512509 -1.97037 -0.967149 -0.00578405 -0.254144 1.20694 -0.2541 0.0514721 0.965807 -1.63155
-0.867801 -0.492434 -0.0665481 0.913668 0.492607 -0.834945 -0.245371 -1.03663 0.0652652 -0.245715 0.967142 -1.56514
0.839825 -0.533596 -0.0998374 -2.7747 0.501863 0.833274 -0.231923 -2.62119 0.206945 0.14467 0.967597 -1.677
0.0357817 0.998949 -0.0286277 -2.2554 -0.983685 0.030152 -0.177355 0.986371 -0.176305 0.0345066 0.98373 -0.27226
-0.877041 -0.476223 -0.0633284 1.46778 0.477947 -0.851571 -0.215392 -1.64237 0.0486459 -0.219175 0.974472 5.96344e-05
0.826172 -0.561853 -0.0419599 -1.88685 0.54597 0.816755 -0.186622 -3.68351 0.139125 0.131273 0.981535 0.136401
0.136185 0.987914 -0.0740215 -2.24965 -0.970661 0.118113 -0.209447 -0.121439 -0.198173 0.100373 0.975014 1.56764
-0.952624 -0.297675 -0.0624198 1.19124 0.30303 -0.946507 -0.110894 -1.3092 -0.0260704 -0.124555 0.99187 2.01384
0.668153 -0.742785 0.0429253 -1.14283 0.738871 0.655642 -0.155575 -3.86136 0.0874152 0.135664 0.986891 2.05468
0.36371 0.931033 0.0298762 -2.08923 -0.90543 0.36088 -0.223521 -0.805444 -0.218887 0.054246 0.974241 3.16117
-0.998471 -0.0537375 -0.0129598 1.64655 0.0550688 -0.987359 -0.148625 -1.0889 -0.00480925 -0.149111 0.988809 3.38757
0.494547 -0.868521 0.0330602 -0.436366 0.853347 0.477983 -0.208165 -4.3434 0.164993 0.131159 0.977535 2.96624
0.5885 0.805722 0.0669273 -2.5899 -0.768102 0.583016 -0.264786 -1.40497 -0.252364 0.10442 0.961982 4.08283
-0.936163 0.337209 0.0994404 1.11151 -0.351317 -0.886655 -0.3007 -0.41186 -0.0132294 -0.316439 0.948521 4.03698
-0.101756 -0.993273 0.0552497 1.2038 0.945553 -0.113827 -0.304915 -4.16299 0.309153 0.0212146 0.950776 2.68245
0.980264 0.141207 0.138351 -2.78402 -0.0978969 0.954752 -0.280829 -3.56805 -0.171746 0.261743 0.949734 3.16836
-0.350736 0.929612 0.113155 -2.00179 -0.887637 -0.291499 -0.356552 -0.172349 -0.298471 -0.225497 0.927398 3.86433
-0.895321 -0.445363 0.00716271 1.90762 0.422247 -0.853749 -0.304666 -0.959138 0.141802 -0.269749 0.952432 3.22497
0.575323 -0.813752 0.0825216 0.22465 0.805311 0.545909 -0.231212 -3.94394 0.1431 0.199477 0.969397 2.33065
0.631064 0.771134 0.0843232 -2.82882 -0.736519 0.629737 -0.246925 -1.5714 -0.243514 0.0937198 0.965359 2.9473
-0.904747 0.419979 0.0710576 0.622604 -0.42243 -0.863308 -0.276139 1.08871 -0.0546282 -0.279853 0.958487 3.2842
-0.109692 -0.993662 0.0245594 1.76072 0.96481 -0.112382 -0.237722 -3.36726 0.238976 -0.00238108 0.971023 2.19423
0.96682 0.223385 0.123925 -3.78635 -0.188803 0.951625 -0.242413 -3.51016 -0.172082 0.210972 0.962226 2.8909
-0.53459 0.836464 0.120583 -2.11275 -0.815335 -0.472936 -0.334007 1.75249 -0.222357 -0.276873 0.934825 4.43386
-0.591429 -0.806151 0.0182009 2.48898 0.772213 -0.57274 -0.275055 -1.91544 0.232161 -0.148621 0.961256 3.25061
0.946251 -0.311018 0.0887455 -2.78081 0.32339 0.914226 -0.244153 -5.10581 -0.00519734 0.25973 0.965667 2.80915
-0.0743526 0.990273 0.117601 -3.80685 -0.962923 -0.040627 -0.2667 1.08047 -0.259328 -0.133071 0.956578 4.51139
-0.906975 -0.415822 0.0669841 2.84835 0.397764 -0.897936 -0.188404 -0.0412257 0.13849 -0.144234 0.979804 3.79292
0.690893 -0.718561 0.0796011 -0.398748 0.71993 0.673755 -0.166597 -6.10977 0.0660781 0.172408 0.982807 2.98162
0.463195 0.885211 0.0430215 -5.55292 -0.872362 0.463957 -0.154041 -1.16403 -0.156319 0.0338207 0.987127 4.0705
-0.970492 0.240968 0.00882628 0.298089 -0.23867 -0.954737 -0.177525 2.57218 -0.0343511 -0.174393 0.984077 4.70491
0.0352881 -0.999108 0.0231529 2.00512 0.995321 0.0330506 -0.0907962 -4.468 0.0899501 0.0262487 0.9956 3.91835
0.925831 0.375081 0.0463628 -5.1713 -0.374247 0.926969 -0.0258675 -3.51377 -0.0526793 0.00659787 0.99859 4.32208
-0.590653 0.805004 0.0556454 -3.11517 -0.806631 -0.590896 -0.013769 3.49727 0.0217964 -0.0530181 0.998356 4.29756
-0.651066 -0.757759 0.0437412 3.26232 0.756757 -0.652493 -0.0396586 -0.0104282 0.0585926 0.00728107 0.998255 3.59037
0.897591 -0.431182 0.0917145 -2.14377 0.438428 0.894852 -0.0837906 -5.41197 -0.0459419 0.11542 0.992254 2.79685
0.127223 0.990608 0.0500904 -6.41095 -0.98449 0.132266 -0.115265 1.50604 -0.120808 -0.0346492 0.992071 3.10526
-0.978069 -0.206275 0.0288206 1.55911 0.20326 -0.975512 -0.0840352 3.18642 0.0454492 -0.0763342 0.996046 2.30213
0.63818 -0.767062 -0.0658855 -0.707059 0.759758 0.64131 -0.107191 -4.59867 0.124476 0.0183503 0.992053 0.54846
0.460313 0.885597 -0.0618808 -7.09787 -0.885132 0.452479 -0.108645 0.486097 -0.0682158 0.104783 0.992153 -0.0937803
-0.994908 0.0349662 -0.0945181 -0.294842 -0.0218611 -0.990429 -0.136286 4.05559 -0.0983789 -0.133526 0.98615 0.220231
0.372625 -0.917069 -0.141891 0.378686 0.91937 0.385609 -0.0778735 -3.05432 0.12613 -0.101432 0.986814 -1.12785
0.73687 0.675495 -0.0269905 -6.23797 -0.673213 0.729566 -0.12049 -0.680028 -0.061699 0.106956 0.992348 -1.68872
-0.898102 0.433515 -0.0739974 -1.86 -0.418285 -0.893985 -0.160715 4.69339 -0.135825 -0.113387 0.984223 -1.03691
