1 0 0 0 0 1 0 0 0 0 1 0
0.999999 0.00018311 0.00136549 0.0082998 -0.000181397 0.999999 -0.00125413 -0.00162566 -0.00136572 0.00125389 0.999998 -0.0131498
0.999998 0.000141104 0.0018153 0.00808845 -0.000139316 1 -0.000985075 0.00577488 -0.00181544 0.00098482 0.999998 -0.000165173
0.999998 -1.11373e-05 0.00176134 -0.00618736 1.28285e-05 1 -0.000960198 -0.00652714 -0.00176132 0.000960219 0.999998 -0.0166748
0.999998 -0.000261955 0.00184157 -0.0498039 0.00026415 0.999999 -0.00119154 -0.00607803 -0.00184125 0.00119203 0.999998 -0.0155781
0.999998 -0.000639787 0.00194282 -0.103427 0.000642595 0.999999 -0.0014451 -0.000893787 -0.00194189 0.00144634 0.999997 -0.00919206
0.999996 -0.00137953 0.00230948 -0.17342 0.00138363 0.999997 -0.0017752 -0.0105219 -0.00230703 0.00177839 0.999996 -0.0055543
0.999995 -0.00190705 0.00238473 -0.251256 0.00191096 0.999997 -0.00163684 -0.0125596 -0.0023816 0.00164139 0.999996 0.00599625
0.999995 -0.00213877 0.00223012 -0.364802 0.0021437 0.999995 -0.00221185 -0.0349061 -0.00222538 0.00221662 0.999995 -0.0187241
0.999991 -0.00220654 0.00370001 -0.505684 0.00221475 0.999995 -0.00221598 -0.0384139 -0.0036951 0.00222415 0.999991 -0.0205319
0.999978 -0.0029219 0.00592694 -0.690441 0.00293709 0.999992 -0.00255633 -0.04728 -0.00591943 0.00257369 0.999979 -0.0323336
0.999951 -0.00256573 0.00955248 -0.929308 0.00260201 0.999989 -0.00378678 -0.0395082 -0.00954267 0.00381145 0.999947 -0.0257314
0.999931 -0.000108758 0.0117334 -1.28013 0.000166795 0.999988 -0.00494547 -0.0714687 -0.0117327 0.00494709 0.999919 -0.0362527
0.999903 0.00261286 0.013666 -1.72476 -0.00255283 0.999987 -0.00440806 -0.0856995 -0.0136774 0.00437275 0.999897 -0.0384307
0.9999 0.00198117 0.014011 -2.25452 -0.00193933 0.999994 -0.00299921 -0.107396 -0.0140169 0.00297174 0.999897 -0.0404392
0.999903 -0.00176692 0.0138207 -2.92375 0.00181804 0.999992 -0.00368679 -0.15422 -0.0138141 0.00371156 0.999898 -0.0467189
0.999884 -0.00563605 0.0141576 -3.66883 0.00568365 0.999978 -0.00332403 -0.191888 -0.0141385 0.00340412 0.999894 -0.0597891
0.999855 -0.00976455 0.0139178 -4.49853 0.00980799 0.999947 -0.00305583 -0.241174 -0.0138872 0.0031919 0.999898 -0.0609361
0.999819 -0.0133486 0.0135909 -5.45606 0.0133817 0.999908 -0.00234813 -0.298346 -0.0135583 0.00252957 0.999905 -0.0841153
0.99976 -0.0170208 0.0138207 -6.45515 0.0170477 0.999853 -0.00182487 -0.369655 -0.0137876 0.00206004 0.999903 -0.0922417
0.999671 -0.0217664 0.0135506 -7.55472 0.0217965 0.99976 -0.00207568 -0.4711 -0.0135022 0.00237036 0.999906 -0.0801322
0.999483 -0.0293855 0.013088 -8.71528 0.0294548 0.999553 -0.00513529 -0.56048 -0.0129312 0.00551814 0.999901 -0.0667459
0.999241 -0.0367747 0.0128404 -9.87346 0.0368677 0.999295 -0.00708006 -0.667125 -0.012571 0.00754808 0.999892 -0.0833137
0.999011 -0.0423081 0.0137168 -11.1157 0.0424259 0.999064 -0.008413 -0.785351 -0.013348 0.00898662 0.999871 -0.0676005
0.998761 -0.0478557 0.0136584 -12.4093 0.0479945 0.998797 -0.0100256 -0.908941 -0.0131622 0.0106687 0.999856 -0.0835954
0.998563 -0.0520899 0.0125869 -13.7727 0.0522163 0.998587 -0.0099271 -1.04894 -0.012052 0.0105701 0.999871 -0.0923288
0.998429 -0.0548782 0.0113405 -15.1379 0.0549951 0.998434 -0.0102682 -1.20106 -0.0107593 0.0108757 0.999883 -0.0934655
0.998286 -0.0574147 0.0113688 -16.5383 0.0575377 0.998285 -0.0108015 -1.35497 -0.0107292 0.0114371 0.999877 -0.103651
0.998134 -0.0597823 0.0124415 -17.9663 0.0599093 0.998153 -0.0100995 -1.51313 -0.0118148 0.010826 0.999872 -0.1341
0.998066 -0.061059 0.0116367 -19.4161 0.0611947 0.998058 -0.0116784 -1.66534 -0.010901 0.0123679 0.999864 -0.141544
0.997927 -0.0630362 0.0129294 -20.896 0.0632134 0.997905 -0.0137846 -1.84563 -0.0120334 0.0145733 0.999821 -0.165265
0.997855 -0.0642023 0.0127912 -22.394 0.0643723 0.997837 -0.0133534 -2.02852 -0.0119062 0.0141481 0.999829 -0.137528
0.997823 -0.0651659 0.0101088 -23.8907 0.0653138 0.997751 -0.0150688 -2.20397 -0.00910411 0.0156963 0.999835 -0.140605
0.997746 -0.0660653 0.0117215 -25.4228 0.066233 0.997698 -0.0145442 -2.3842 -0.0107336 0.0152877 0.999826 -0.140835
0.997787 -0.0651242 0.0134491 -26.9675 0.0653259 0.997749 -0.0151457 -2.55325 -0.0124325 0.0159907 0.999795 -0.1317
0.997904 -0.063363 0.0131419 -28.5226 0.0635551 0.997869 -0.0147564 -2.72465 -0.0121789 0.0155607 0.999805 -0.1485
0.998127 -0.0603466 0.0100846 -30.0973 0.0604819 0.998076 -0.0136869 -2.90952 -0.00923927 0.0142712 0.999855 -0.13967
0.998284 -0.057422 0.0114821 -31.6874 0.0575863 0.998235 -0.0145283 -3.07381 -0.0106276 0.0151646 0.999829 -0.139303
0.998375 -0.0551353 0.0143943 -33.2908 0.0553432 0.998363 -0.0144708 -3.23606 -0.0135729 0.0152439 0.999792 -0.129939
0.998489 -0.0532342 0.0136228 -34.9116 0.0534271 0.998471 -0.0142085 -3.40845 -0.0128456 0.0149148 0.999806 -0.121586
0.998592 -0.0515902 0.012334 -36.5549 0.0517522 0.998573 -0.0131929 -3.56 -0.0116358 0.0138126 0.999837 -0.16693
0.998587 -0.0507014 0.0159008 -38.2172 0.0509131 0.998616 -0.0132045 -3.71514 -0.0152093 0.0139954 0.999786 -0.177582
0.998582 -0.0494614 0.0196682 -39.8886 0.0497318 0.998671 -0.0135048 -3.87266 -0.0189741 0.0144638 0.999715 -0.183869
0.9987 -0.0470503 0.0196088 -41.5799 0.04731 0.998796 -0.0129972 -4.04946 -0.0189737 0.013908 0.999723 -0.137865
0.998858 -0.0441172 0.0183489 -43.2877 0.044374 0.998919 -0.0138345 -4.21615 -0.0177187 0.0146329 0.999736 -0.154527
0.998987 -0.0411246 0.0182656 -44.9939 0.0413866 0.999042 -0.0142081 -4.36017 -0.0176638 0.0149497 0.999732 -0.16876
0.999108 -0.0370737 0.0202139 -46.7081 0.0373979 0.999174 -0.0159036 -4.4923 -0.0196076 0.0166453 0.999669 -0.178801
0.99932 -0.0306069 0.0205542 -48.419 0.0309514 0.999382 -0.0166564 -4.62312 -0.0200317 0.0172812 0.99965 -0.162766
0.999557 -0.0241668 0.0173405 -50.1795 0.0244511 0.999567 -0.0163752 -4.75976 -0.0169373 0.0167919 0.999716 -0.171976
0.999658 -0.0199321 0.0169095 -51.9516 0.0201962 0.999675 -0.0155947 -4.88229 -0.0165931 0.0159309 0.999735 -0.183283
0.999736 -0.0168723 0.0156169 -53.7315 0.0171306 0.999716 -0.0165601 -4.98912 -0.015333 0.0168232 0.999741 -0.200172
0.999739 -0.0143404 0.0177889 -55.5126 0.0146221 0.999768 -0.0158049 -5.09691 -0.0175581 0.0160609 0.999717 -0.196035
0.999642 -0.0126088 0.0235762 -57.3328 0.0129687 0.999801 -0.0151753 -5.20161 -0.0233801 0.0154756 0.999607 -0.218902
0.99969 -0.0108308 0.0224367 -59.1552 0.0111423 0.999843 -0.0138045 -5.3271 -0.0222836 0.0140502 0.999653 -0.195483
0.999718 -0.00979393 0.021607 -61.0078 0.010029 0.999892 -0.0107969 -5.43247 -0.0214989 0.0110105 0.999708 -0.206797
0.999649 -0.0112084 0.0240047 -62.8815 0.0113952 0.999906 -0.00766043 -5.54032 -0.0239166 0.00793127 0.999682 -0.217618
0.999657 -0.0128637 0.0228001 -64.7813 0.0130038 0.999898 -0.00600537 -5.64655 -0.0227206 0.0062998 0.999722 -0.186439
0.999623 -0.0154149 0.0227403 -66.6756 0.0155255 0.999869 -0.00469381 -5.77058 -0.022665 0.00504509 0.99973 -0.173105
0.99962 -0.0181175 0.020774 -68.5791 0.0182877 0.999801 -0.00802747 -5.91965 -0.0206245 0.00840432 0.999752 -0.132073
0.999524 -0.0218747 0.0217669 -70.5136 0.0220307 0.999733 -0.00695066 -6.05439 -0.0216091 0.00742689 0.999739 -0.134421
0.999462 -0.0260334 0.0199408 -72.4738 0.0261391 0.999646 -0.00505534 -6.19968 -0.0198021 0.00557385 0.999788 -0.140777
0.999398 -0.0299924 0.0174428 -74.4375 0.0300318 0.999547 -0.00200063 -6.34623 -0.0173749 0.00252327 0.999846 -0.133987
0.999286 -0.0325109 0.0192675 -76.4236 0.0325454 0.999469 -0.00147882 -6.52558 -0.0192092 0.00210483 0.999813 -0.125598
0.999213 -0.0344807 0.0196101 -78.4238 0.0345075 0.999404 -0.00103079 -6.66865 -0.0195628 0.00170667 0.999807 -0.121123
0.999161 -0.0352273 0.0208602 -80.4411 0.0352439 0.999379 -0.000424131 -6.82802 -0.0208323 0.00115896 0.999782 -0.0980262
0.999196 -0.0339992 0.0212337 -82.4705 0.0340291 0.99942 -0.00104532 -6.98435 -0.0211859 0.00176704 0.999774 -0.130359
0.999231 -0.0333568 0.0205965 -84.4941 0.0333695 0.999443 -0.000273149 -7.16525 -0.0205759 0.000960231 0.999788 -0.0947928
0.999206 -0.0333872 0.0217179 -86.5316 0.0334487 0.999438 -0.00246974 -7.33533 -0.0216232 0.00319421 0.999761 -0.0600991
0.999182 -0.0333727 0.0228473 -88.5916 0.0334651 0.999433 -0.00367301 -7.49055 -0.0227117 0.00443459 0.999732 -0.0753158
0.999122 -0.034389 0.0239079 -90.6541 0.0344778 0.9994 -0.00331093 -7.64695 -0.0237797 0.00413232 0.999709 -0.0873661
0.999113 -0.0354672 0.022676 -92.7693 0.0355738 0.999358 -0.00431382 -7.79752 -0.0225085 0.00511666 0.999734 -0.104076
0.999062 -0.0367535 0.0228929 -94.8407 0.0368815 0.999306 -0.00519221 -7.99913 -0.0226861 0.00603166 0.999725 -0.0924067
0.998943 -0.0380996 0.025701 -96.9211 0.038348 0.999222 -0.0092418 -8.16702 -0.0253289 0.0102176 0.999627 -0.122031
0.998825 -0.0395526 0.0279968 -99.0361 0.0399833 0.999088 -0.0149924 -8.37148 -0.0273783 0.0160942 0.999496 -0.110016
0.99875 -0.0414903 0.0278844 -101.125 0.0420666 0.998907 -0.0204058 -8.55964 -0.0270072 0.0215533 0.999403 -0.0511936
0.998748 -0.0423535 0.0266114 -103.264 0.0429456 0.998833 -0.0220872 -8.78512 -0.0256449 0.0232024 0.999402 -0.0630648
0.998753 -0.0419571 0.0270406 -105.405 0.0425418 0.998865 -0.0214209 -8.96642 -0.0261111 0.0225445 0.999405 -0.0213381
0.998817 -0.0405554 0.0268145 -107.564 0.0411204 0.998937 -0.020866 -9.15752 -0.0259397 0.0219439 0.999423 0.0301788
0.998835 -0.0391709 0.0281704 -109.711 0.0397445 0.999008 -0.0200978 -9.32858 -0.0273552 0.021194 0.999401 0.0493908
0.998846 -0.0366513 0.0310365 -111.865 0.0372229 0.999144 -0.0180457 -9.50879 -0.0303486 0.0191801 0.999355 0.077703
0.998877 -0.034336 0.0326512 -114.002 0.034911 0.999243 -0.0172075 -9.69826 -0.0320356 0.018328 0.999319 0.0981733
0.99897 -0.0327481 0.0313913 -116.157 0.0332843 0.999306 -0.0167137 -9.87156 -0.0308222 0.0177413 0.999368 0.141495
0.99894 -0.032506 0.0325726 -118.313 0.0330584 0.999316 -0.0165653 -10.0496 -0.0320118 0.0176245 0.999332 0.17797
0.998873 -0.0326009 0.0344761 -120.451 0.0331677 0.999322 -0.0159985 -10.2413 -0.0339311 0.017124 0.999278 0.259518
0.998889 -0.0329139 0.0337274 -122.639 0.0334895 0.999301 -0.0166453 -10.409 -0.033156 0.0177563 0.999293 0.251067
0.998826 -0.0330302 0.0354177 -124.792 0.0335955 0.999316 -0.0154855 -10.5823 -0.034882 0.0166572 0.999253 0.318441
0.998814 -0.0340235 0.0348149 -126.95 0.0346338 0.999254 -0.0170797 -10.7759 -0.0342078 0.0182652 0.999248 0.349694
0.998791 -0.0344016 0.0350957 -129.104 0.0350647 0.999215 -0.0184569 -10.9564 -0.0344331 0.0196652 0.999214 0.393972
0.998748 -0.0344853 0.0362272 -131.271 0.0351778 0.999207 -0.018656 -11.1519 -0.0355551 0.0199071 0.99917 0.414342
0.998767 -0.0339147 0.0362414 -133.432 0.0345902 0.999237 -0.0181768 -11.3208 -0.0355972 0.0194079 0.999178 0.470688
0.998822 -0.0335118 0.035093 -135.596 0.034211 0.999224 -0.0195148 -11.5094 -0.0344118 0.0206924 0.999194 0.525611
0.998769 -0.0333147 0.0367382 -137.768 0.0340635 0.999221 -0.0199459 -11.6945 -0.0360451 0.0211728 0.999126 0.571922
0.998685 -0.0337069 0.0386248 -139.951 0.0344686 0.999221 -0.0192269 -11.889 -0.0379466 0.020533 0.999069 0.612825
0.998699 -0.034923 0.0371574 -142.149 0.0357528 0.999121 -0.0219041 -12.0406 -0.0363597 0.0232041 0.99907 0.67396
0.998638 -0.0358297 0.0379093 -144.317 0.0366919 0.999078 -0.0222974 -12.2419 -0.0370754 0.023658 0.999033 0.734347
0.998611 -0.0358598 0.0385894 -146.485 0.0368638 0.998992 -0.0256273 -12.4452 -0.0376315 0.0270143 0.998927 0.784987
0.998402 -0.0364467 0.0431897 -148.661 0.0376497 0.998916 -0.0273754 -12.6334 -0.0421452 0.0289577 0.998692 0.815689
0.998653 -0.0365449 0.0368225 -150.847 0.037503 0.998967 -0.0256752 -12.8091 -0.0358461 0.0270215 0.998992 0.889872
0.998936 -0.0360612 0.0287486 -153.031 0.0368148 0.998981 -0.0261263 -12.9956 -0.0277772 0.0271568 0.999245 0.910019
0.99828 -0.0363839 0.0459674 -155.188 0.0374448 0.999047 -0.022433 -13.1838 -0.0451074 0.0241157 0.998691 0.939015
0.998559 -0.0359277 0.0398642 -157.343 0.0369384 0.999007 -0.024914 -13.3681 -0.0389295 0.0263506 0.998895 0.996768
0.998615 -0.037525 0.0368779 -159.557 0.0384997 0.998918 -0.026085 -13.5661 -0.0358591 0.0274687 0.99898 1.05468
0.998529 -0.0385629 0.0381071 -161.732 0.0395044 0.998925 -0.0242698 -13.766 -0.0371302 0.0257395 0.998979 1.0718
0.998657 -0.0390406 0.0340489 -163.922 0.0398994 0.998893 -0.0249186 -13.946 -0.0330384 0.0262436 0.99911 1.12068
0.998439 -0.039052 0.0399136 -166.098 0.0399094 0.998985 -0.0209134 -14.1318 -0.0390564 0.0224737 0.998985 1.15358
0.998431 -0.0377949 0.041301 -168.277 0.0387644 0.998986 -0.0229301 -14.3178 -0.0403924 0.0244951 0.998884 1.21357
0.998425 -0.0368767 0.0422824 -170.462 0.0378024 0.999058 -0.0213056 -14.5276 -0.0414569 0.0228704 0.998879 1.25206
0.998411 -0.0353953 0.0438341 -172.654 0.036311 0.999135 -0.0202741 -14.7323 -0.0430786 0.0218336 0.998833 1.29943
0.998469 -0.0343551 0.0433374 -174.819 0.0351232 0.999237 -0.0170877 -14.9027 -0.0427173 0.0185837 0.998915 1.33001
0.998419 -0.0344612 0.044407 -176.992 0.0350477 0.999308 -0.012496 -15.083 -0.0439456 0.0140326 0.998936 1.38354
0.998527 -0.0339199 0.0423456 -179.156 0.0343279 0.999371 -0.008944 -15.2466 -0.0420156 0.0103844 0.999063 1.45809
0.998671 -0.0335183 0.0391371 -181.335 0.033894 0.999385 -0.00897515 -15.4557 -0.0388122 0.0102897 0.999194 1.52225
0.998719 -0.032914 0.038432 -183.497 0.0332486 0.999415 -0.00809894 -15.631 -0.0381429 0.00936636 0.999229 1.5375
0.998792 -0.0327909 0.0365817 -185.673 0.0330653 0.99943 -0.00691971 -15.8081 -0.036334 0.00812093 0.999307 1.57975
0.998738 -0.0328532 0.0379803 -187.84 0.0330776 0.999439 -0.00529456 -15.9863 -0.0377851 0.00654417 0.999265 1.61044
0.998742 -0.0329761 0.037766 -190.004 0.0331797 0.999438 -0.00477727 -16.1523 -0.0375872 0.00602431 0.999276 1.6529
0.998722 -0.0340424 0.0373536 -192.139 0.0342316 0.999404 -0.00443789 -16.3263 -0.0371803 0.00571088 0.999293 1.69656
0.998597 -0.0370821 0.0377842 -194.308 0.037282 0.999295 -0.00459984 -16.5186 -0.037587 0.00600205 0.999276 1.75885
0.998463 -0.0412285 0.0370249 -196.452 0.0414621 0.999125 -0.00556326 -16.72 -0.0367632 0.00708984 0.999299 1.81769
0.998151 -0.047142 0.0383641 -198.586 0.0474438 0.99885 -0.00699628 -16.9292 -0.0379902 0.00880348 0.99924 1.86139
0.997792 -0.0530712 0.0399281 -200.735 0.0534467 0.998536 -0.00839655 -17.1537 -0.039424 0.010512 0.999168 1.961
0.997472 -0.0588868 0.0397637 -202.886 0.0593875 0.998169 -0.0115293 -17.394 -0.0390119 0.0138616 0.999143 2.10444
0.997117 -0.064503 0.0399565 -205.019 0.0650001 0.997822 -0.0112681 -17.6347 -0.0391426 0.0138328 0.999138 2.17827
0.996832 -0.0685779 0.0402883 -207.158 0.0690987 0.997542 -0.0116768 -17.858 -0.0393885 0.0144237 0.99912 2.29736
0.996623 -0.0714078 0.040528 -209.222 0.0719202 0.997346 -0.0113266 -18.1412 -0.0396116 0.0142032 0.999114 2.3631
0.996573 -0.0720169 0.040677 -210.263 0.0725524 0.997295 -0.0118416 -18.2666 -0.0397142 0.0147522 0.999102 2.38883
