1 0 0 0 0 1 0 0 0 0 1 0
0.999995 0.00132699 -0.00270372 -2.54233 -0.00131977 0.999996 0.00266995 -0.164642 0.00270725 -0.00266637 0.999993 -0.0397297
0.999982 0.00142881 -0.0057765 -5.04108 -0.00140515 0.999991 0.00409723 -0.30563 0.0057823 -0.00408904 0.999975 -0.103605
0.999967 0.00160448 -0.00801894 -7.53339 -0.00156427 0.999986 0.00501912 -0.433417 0.00802688 -0.00500641 0.999955 -0.174545
0.999968 0.0016271 -0.00783979 -9.96093 -0.00158823 0.999986 0.00496161 -0.567893 0.00784775 -0.004949 0.999957 -0.219527
0.999922 0.000704922 -0.0125152 -12.386 -0.00063615 0.999985 0.00549824 -0.696072 0.0125189 -0.00548984 0.999907 -0.301063
0.999825 0.000360382 -0.0186897 -14.785 -0.000209316 0.999967 0.00808416 -0.823332 0.018692 -0.00807883 0.999793 -0.391696
0.999831 -0.000479549 -0.0184022 -17.1478 0.000673216 0.999945 0.0105194 -0.936447 0.0183961 -0.01053 0.999775 -0.469899
0.999842 -0.000290209 -0.0178013 -19.4796 0.000492874 0.999935 0.0113815 -1.06702 0.0177968 -0.0113885 0.999777 -0.549481
0.999809 -0.000165918 -0.0195727 -21.805 0.000368184 0.999947 0.0103309 -1.20867 0.01957 -0.0103362 0.999755 -0.634315
0.999777 -0.000316375 -0.0211115 -24.1086 0.000440663 0.999983 0.00588282 -1.34306 0.0211093 -0.00589081 0.99976 -0.721344
0.999737 -0.00155559 -0.022883 -26.4121 0.00163233 0.999993 0.00333528 -1.492 0.0228777 -0.00337176 0.999733 -0.823233
0.999666 -0.00219341 -0.0257565 -28.7147 0.00223414 0.999997 0.00155272 -1.61938 0.025753 -0.00160975 0.999667 -0.904451
0.999612 -0.00442926 -0.0274899 -31.0206 0.00443979 0.99999 0.000321805 -1.75351 0.0274882 -0.000443731 0.999622 -1.00168
0.999577 -0.00594363 -0.0284625 -33.3162 0.00599843 0.999981 0.00184038 -1.88809 0.028451 -0.00201033 0.999593 -1.10596
0.999527 -0.00758022 -0.0298088 -35.6096 0.0075999 0.999971 0.000546966 -2.0268 0.0298038 -0.000773253 0.999556 -1.19893
0.999366 -0.00885581 -0.0344829 -37.9169 0.0088868 0.999961 0.000745495 -2.18451 0.0344749 -0.00105147 0.999405 -1.32681
0.999213 -0.0091027 -0.038599 -40.2225 0.00907887 0.999959 -0.000792656 -2.32902 0.0386046 0.000441594 0.999254 -1.45474
0.99927 -0.00869848 -0.0372115 -42.5218 0.00872383 0.999962 0.000518987 -2.46704 0.0372056 -0.000843237 0.999307 -1.57688
0.999273 -0.00757436 -0.0373633 -44.8201 0.00761015 0.999971 0.00081565 -2.60833 0.037356 -0.0010994 0.999301 -1.70166
0.999274 -0.00653827 -0.0375315 -47.1367 0.0065361 0.999979 -0.000180438 -2.76021 0.0375318 -6.5004e-05 0.999295 -1.80209
0.999244 -0.00490501 -0.0385772 -49.443 0.00487023 0.999988 -0.000995414 -2.89811 0.0385816 0.000806779 0.999255 -1.91054
0.999279 -0.00365704 -0.0378006 -51.7539 0.00361072 0.999993 -0.00129342 -3.03522 0.037805 0.00115599 0.999284 -2.02417
0.999288 -0.00232932 -0.0376529 -54.0746 0.00232939 0.999998 -4.1907e-05 -3.17179 0.0376529 -4.58333e-05 0.999291 -2.16135
0.999293 -0.0013108 -0.0375833 -56.4102 0.00130587 1 -0.000155809 -3.30811 0.0375835 0.000106618 0.999294 -2.28163
0.999251 0.00047591 -0.0386875 -58.7552 -0.000393686 0.999998 0.00213303 -3.42787 0.0386885 -0.00211621 0.999249 -2.42847
0.999221 0.00155307 -0.0394428 -61.1248 -0.00146337 0.999997 0.00230315 -3.56892 0.0394462 -0.00224364 0.999219 -2.55372
0.999202 0.00324359 -0.0398193 -63.5001 -0.003063 0.999985 0.00459555 -3.6939 0.0398336 -0.00446991 0.999196 -2.71961
0.999212 0.00444701 -0.0394534 -65.8907 -0.00420663 0.999972 0.00617379 -3.82506 0.0394797 -0.00600296 0.999202 -2.87249
0.999167 0.00603307 -0.0403672 -68.2989 -0.00575009 0.999958 0.00712284 -3.93599 0.0404084 -0.00688479 0.99916 -3.02285
0.999101 0.0071998 -0.0417703 -70.7235 -0.00675441 0.999919 0.0107943 -4.05549 0.0418446 -0.0105025 0.999069 -3.17797
0.999284 0.0082607 -0.0369167 -73.1674 -0.00786818 0.999911 0.0107653 -4.16482 0.0370023 -0.0104672 0.99926 -3.29668
0.9993 0.00832569 -0.0364808 -75.6228 -0.00791172 0.999903 0.0114775 -4.28908 0.0365728 -0.0111808 0.999268 -3.43277
0.999299 0.00796024 -0.0365798 -78.1432 -0.00736991 0.999841 0.016245 -4.41108 0.0367033 -0.015964 0.999199 -3.59444
0.999471 0.00803193 -0.0315079 -80.6807 -0.00749302 0.999825 0.017185 -4.53971 0.0316404 -0.0169398 0.999356 -3.72945
0.999625 0.00791373 -0.0262184 -83.2548 -0.00740068 0.999781 0.0196081 -4.66062 0.0263678 -0.0194067 0.999464 -3.86971
0.999118 0.00995823 -0.0407962 -85.8882 -0.00905984 0.999714 0.0221474 -4.77588 0.0410051 -0.0217582 0.998922 -4.00506
0.998986 0.0125852 -0.0432273 -88.5429 -0.0115131 0.999623 0.0249606 -4.88388 0.0435251 -0.0244376 0.998753 -4.14779
0.999382 0.014706 -0.031934 -91.1971 -0.0138116 0.999512 0.0280496 -4.98178 0.0323309 -0.0275912 0.999096 -4.31165
0.998952 0.014092 -0.0435526 -93.939 -0.0131599 0.99968 0.0216149 -5.11593 0.0438433 -0.0210191 0.998817 -4.46545
0.998692 0.0120757 -0.0496848 -96.6985 -0.0116238 0.999889 0.00937467 -5.25938 0.0497925 -0.00878488 0.998721 -4.64627
0.999074 0.00957159 -0.0419495 -99.4477 -0.00915275 0.999907 0.0101652 -5.39871 0.0420428 -0.00977186 0.999068 -4.82741
0.999167 0.0040016 -0.0406186 -102.215 -0.00339193 0.999881 0.0150674 -5.53546 0.0406741 -0.0149171 0.999061 -4.96093
0.998966 -1.84754e-05 -0.0454635 -104.987 0.000743156 0.999873 0.015923 -5.68332 0.0454574 -0.0159403 0.998839 -5.11564
0.999247 -0.00607899 -0.0383335 -107.724 0.00665957 0.999865 0.015036 -5.87143 0.0382369 -0.0152799 0.999152 -5.27394
0.999079 -0.0119018 -0.0412424 -110.451 0.012427 0.999845 0.0125015 -6.05647 0.0410872 -0.0130025 0.999071 -5.42113
0.998683 -0.0166434 -0.0485389 -113.174 0.0171817 0.999796 0.0106935 -6.2475 0.0483509 -0.0115133 0.998764 -5.56352
0.998938 -0.0189023 -0.0420271 -115.854 0.0192678 0.99978 0.00831 -6.44705 0.0418607 -0.00911094 0.999082 -5.75308
0.99896 -0.0181583 -0.0418188 -118.528 0.0186628 0.999758 0.0117052 -6.66935 0.041596 -0.0124735 0.999057 -5.91397
0.99903 -0.0178188 -0.0402684 -121.174 0.0184594 0.999709 0.0155926 -6.83588 0.0399788 -0.0163209 0.999067 -6.05754
0.999297 -0.0154437 -0.0341754 -123.768 0.016048 0.999719 0.0174766 -7.03758 0.0338958 -0.0180128 0.999263 -6.20384
0.999222 -0.0125837 -0.0373948 -126.339 0.0132854 0.99974 0.0185768 -7.22865 0.0371512 -0.0190591 0.999128 -6.34466
0.999196 -0.0115018 -0.0384063 -128.893 0.0123299 0.999696 0.0213937 -7.39463 0.0381485 -0.02185 0.999033 -6.46426
0.999394 -0.0100768 -0.033318 -131.387 0.0106798 0.999782 0.0179712 -7.55356 0.0331296 -0.0183161 0.999283 -6.58163
0.999376 -0.00862618 -0.0342665 -133.827 0.00886697 0.999938 0.00688107 -7.71369 0.034205 -0.00718061 0.999389 -6.67241
0.999267 -0.00642937 -0.0377308 -136.193 0.00659081 0.99997 0.004156 -7.86449 0.0377029 -0.00440163 0.999279 -6.79118
0.999543 -0.00547948 -0.0297298 -138.486 0.00567474 0.999964 0.00648778 -8.01852 0.0296931 -0.00665353 0.999537 -6.89229
0.999605 -0.00353908 -0.0278756 -140.73 0.0037722 0.999959 0.0083149 -8.13534 0.027845 -0.00841677 0.999577 -6.98322
0.999617 -0.00365539 -0.0274433 -142.933 0.00387666 0.999961 0.00801398 -8.27332 0.0274129 -0.0081173 0.999591 -7.0752
0.999753 -0.00440597 -0.0218003 -145.107 0.0045255 0.999976 0.00543662 -8.40946 0.0217757 -0.00553393 0.999748 -7.14009
0.999757 -0.00504211 -0.0214838 -147.249 0.00518152 0.999967 0.00643823 -8.5452 0.0214506 -0.00654798 0.999749 -7.22794
0.999774 -0.00536559 -0.0205601 -149.348 0.00554045 0.99995 0.00845734 -8.66715 0.0205136 -0.00856934 0.999753 -7.29092
0.999858 -0.00567125 -0.0159045 -151.438 0.00576317 0.999968 0.00573955 -8.79862 0.0158714 -0.00583039 0.999857 -7.36401
0.999897 -0.00574588 -0.0131951 -153.487 0.00582028 0.999968 0.00560756 -8.92118 0.0131624 -0.00568378 0.999897 -7.43781
0.999913 -0.00582705 -0.0118364 -155.519 0.00589781 0.999965 0.00595181 -9.05559 0.0118012 -0.0060211 0.999912 -7.49432
0.999946 -0.00594754 -0.00850938 -157.525 0.00600594 0.999959 0.00685463 -9.19271 0.00846823 -0.00690536 0.99994 -7.53541
0.999974 -0.00531887 -0.00499007 -159.504 0.0053518 0.999964 0.00660936 -9.30191 0.00495471 -0.00663589 0.999966 -7.58561
0.999987 -0.00509917 -0.000330538 -161.473 0.00510131 0.999964 0.00683046 -9.42314 0.000295673 -0.00683205 0.999977 -7.6118
0.999989 -0.00394236 0.00253231 -163.444 0.00392238 0.999962 0.00784607 -9.53147 -0.00256317 -0.00783604 0.999966 -7.63988
0.99999 -0.00303514 0.00322939 -165.404 0.00300596 0.999956 0.00899955 -9.64896 -0.00325658 -0.00898975 0.999954 -7.68742
0.999988 -0.00200551 0.004542 -167.386 0.00195536 0.999938 0.0110176 -9.76295 -0.00456383 -0.0110086 0.999929 -7.73591
0.999989 -0.00107229 0.0045865 -169.299 0.00102221 0.999941 0.0109067 -9.86613 -0.00459794 -0.0109019 0.99993 -7.75659
0.999998 -0.000657037 -0.00176536 -171.174 0.000683337 0.999889 0.0149397 -9.96747 0.00175533 -0.0149408 0.999887 -7.77291
0.999996 -0.0012686 0.00254832 -172.998 0.0012301 0.999887 0.0150546 -10.0757 -0.00256715 -0.0150514 0.999884 -7.7703
0.999955 -0.00270954 0.00908254 -174.758 0.00255506 0.999853 0.0169767 -10.1858 -0.00912722 -0.0169527 0.999815 -7.78934
0.999952 -0.00478435 0.00861227 -176.504 0.00465817 0.999883 0.0146128 -10.2874 -0.00868119 -0.0145719 0.999856 -7.78612
0.99991 -0.00751463 0.0111293 -178.219 0.00739315 0.999914 0.0109163 -10.3959 -0.0112104 -0.0108331 0.999879 -7.79957
0.999824 -0.00891119 0.0165081 -179.915 0.00875635 0.999918 0.00942878 -10.518 -0.0165908 -0.00928256 0.999819 -7.80816
0.999865 -0.0086838 0.0139818 -181.633 0.00858035 0.999936 0.00744146 -10.6334 -0.0140455 -0.00732048 0.999875 -7.81294
0.99985 -0.00853848 0.0150993 -183.326 0.00843005 0.999939 0.00723065 -10.7462 -0.0151601 -0.00710227 0.99986 -7.80521
0.999777 -0.0080671 0.0195354 -185.014 0.00789047 0.999928 0.00910165 -10.8583 -0.0196074 -0.00894547 0.999768 -7.81999
0.999649 -0.00850983 0.0251029 -186.737 0.00829064 0.999927 0.00882301 -10.9749 -0.0251762 -0.00861178 0.999646 -7.8085
0.99965 -0.0112335 0.0239735 -188.531 0.0110672 0.999914 0.0070574 -11.112 -0.0240508 -0.0067896 0.999688 -7.7897
0.999668 -0.0133584 0.0220571 -190.373 0.0131282 0.999859 0.0105524 -11.2515 -0.022195 -0.0102593 0.999701 -7.79901
0.9995 -0.0147397 0.0279659 -192.233 0.0143428 0.999795 0.0143376 -11.3648 -0.0281715 -0.0139294 0.999506 -7.78494
0.999306 -0.0170366 0.0331455 -194.196 0.0164973 0.999729 0.0164768 -11.5066 -0.0334172 -0.0159186 0.999315 -7.78711
0.999349 -0.0165925 0.0320341 -196.21 0.01613 0.999763 0.0146459 -11.6372 -0.0322695 -0.0141197 0.99938 -7.79135
0.999653 -0.0165317 0.0205319 -198.303 0.016127 0.999676 0.0197233 -11.8069 -0.0208513 -0.0193853 0.999595 -7.75681
0.99928 -0.0166444 0.0340998 -200.428 0.0160399 0.999711 0.0179257 -11.9352 -0.0343883 -0.0173658 0.999258 -7.75591
0.999344 -0.0145593 0.0331764 -202.602 0.0139791 0.999747 0.017652 -12.1081 -0.033425 -0.0171766 0.999294 -7.72482
0.999763 -0.0140837 0.0165947 -204.882 0.0138702 0.999821 0.0129086 -12.2768 -0.0167735 -0.0126753 0.999779 -7.69533
0.999315 -0.013688 0.0344031 -207.138 0.013342 0.999859 0.0102655 -12.441 -0.0345387 -0.00979942 0.999355 -7.7123
0.999213 -0.0113306 0.0380285 -209.401 0.0112178 0.999932 0.00317902 -12.653 -0.038062 -0.00274991 0.999272 -7.62083
0.999526 -0.00953557 0.0293028 -211.697 0.00961662 0.999951 -0.00262623 -12.8087 -0.0292764 0.00290678 0.999567 -7.59501
0.99951 -0.00798657 0.0302789 -213.999 0.00794891 0.999968 0.00136393 -12.9529 -0.0302889 -0.00112257 0.999541 -7.5995
0.999355 -0.00487193 0.0355883 -216.272 0.00492089 0.999987 -0.00128807 -13.0676 -0.0355815 0.00146237 0.999366 -7.52
0.999102 -0.000708753 0.0423671 -218.573 0.000947685 0.999984 -0.00561966 -13.2238 -0.0423624 0.00565477 0.999086 -7.47227
0.998907 0.00259842 0.0466804 -220.852 -0.00218887 0.999959 -0.0088225 -13.3556 -0.0467014 0.00871068 0.998871 -7.39135
0.998987 0.00341263 0.0448821 -223.121 -0.00302904 0.999959 -0.00861161 -13.4816 -0.0449096 0.00846694 0.998955 -7.28105
0.99904 0.00158448 0.04379 -225.363 -0.00121474 0.999964 -0.00846884 -13.6105 -0.0438019 0.00840752 0.999005 -7.22469
0.998891 -0.00401375 0.04692 -227.571 0.00445027 0.999948 -0.00920254 -13.7271 -0.0468806 0.00940114 0.998856 -7.19169
0.998682 -0.0111351 0.0501012 -229.749 0.0115419 0.999903 -0.00783677 -13.8775 -0.0500091 0.00840471 0.998713 -7.13215
0.998591 -0.019111 0.0495181 -231.926 0.0193882 0.999799 -0.00512359 -14.0341 -0.0494102 0.00607644 0.99876 -7.05268
0.998426 -0.0285334 0.0482782 -234.067 0.0289065 0.999558 -0.00704845 -14.2063 -0.0480557 0.00843292 0.998809 -6.97336
0.997949 -0.0389802 0.0507853 -236.193 0.0395033 0.999176 -0.00933646 -14.4029 -0.0503795 0.0113235 0.998666 -6.90485
0.997029 -0.0511085 0.0576364 -238.306 0.0515581 0.99865 -0.00634029 -14.6316 -0.0572346 0.00929308 0.998317 -6.82589
0.996368 -0.0636197 0.0565976 -240.405 0.0642016 0.997901 -0.00852111 -14.8865 -0.0559367 0.0121238 0.998361 -6.75324
0.995539 -0.0787548 0.0519601 -242.487 0.0792324 0.99683 -0.0071938 -15.1783 -0.0512289 0.0112786 0.998623 -6.6617
0.993915 -0.0939874 0.0574432 -244.54 0.0945928 0.995485 -0.00790653 -15.464 -0.0564407 0.0132921 0.998317 -6.60996
0.992723 -0.108112 0.0530481 -246.612 0.108811 0.994008 -0.0104669 -15.8105 -0.0515986 0.016163 0.998537 -6.53642
0.991218 -0.119318 0.0570065 -248.665 0.120157 0.992688 -0.0115099 -16.1728 -0.0552163 0.0182585 0.998307 -6.46559
0.990165 -0.127937 0.0566208 -250.731 0.128894 0.991566 -0.0135722 -16.5648 -0.0544069 0.0207368 0.998303 -6.39348
0.989314 -0.13573 0.0532473 -252.807 0.136699 0.9905 -0.0149742 -16.9748 -0.050709 0.022093 0.998469 -6.33098
0.988216 -0.14374 0.0526052 -254.879 0.144578 0.989415 -0.0124621 -17.3991 -0.0502571 0.0199208 0.998538 -6.27529
0.986915 -0.151027 0.0564757 -256.965 0.151955 0.988309 -0.0124986 -17.8329 -0.0539278 0.0209169 0.998326 -6.20808
0.985679 -0.159048 0.0560478 -259.066 0.159956 0.98705 -0.0120875 -18.2903 -0.0533995 0.0208796 0.998355 -6.13345
0.984515 -0.165343 0.0582425 -261.185 0.166208 0.986037 -0.0103038 -18.7675 -0.0557256 0.0198246 0.998249 -6.05272
0.983775 -0.169779 0.0579782 -263.301 0.170561 0.985308 -0.00878211 -19.2481 -0.0556354 0.0185285 0.998279 -5.99516
0.983428 -0.172804 0.0548519 -265.454 0.173725 0.984716 -0.0124561 -19.7736 -0.0518611 0.0217788 0.998417 -5.92942
0.983092 -0.17378 0.0577146 -267.56 0.174911 0.984469 -0.0151127 -20.2811 -0.0541919 0.0249521 0.998219 -5.84876
0.98309 -0.173804 0.0576723 -269.695 0.175074 0.984396 -0.0177039 -20.7865 -0.0536954 0.0275014 0.998179 -5.77924
0.983049 -0.172327 0.0625959 -271.824 0.173617 0.984687 -0.0157629 -21.2997 -0.058921 0.0263634 0.997915 -5.70155
0.983785 -0.168007 0.0627841 -273.987 0.16923 0.985468 -0.0146591 -21.7874 -0.0594089 0.0250463 0.997919 -5.60909
0.985244 -0.160315 0.059951 -276.135 0.161377 0.986804 -0.0132762 -22.264 -0.0570316 0.022755 0.998113 -5.52993
0.986937 -0.148601 0.0622342 -278.284 0.149631 0.988667 -0.0122042 -22.7156 -0.0597153 0.021357 0.997987 -5.45802
0.98802 -0.140782 0.0632297 -279.37 0.141772 0.989834 -0.0114289 -22.9337 -0.0609779 0.0202562 0.997934 -5.39709
