1 0 0 0 0 1 0 0 0 0 1 0
0.999996 0.00111314 0.00275618 -2.53239 -0.00111498 0.999999 0.000666653 -0.119515 -0.00275544 -0.000669723 0.999996 -0.0383882
0.999994 0.00177482 0.00284629 -5.04095 -0.00177145 0.999998 -0.00118661 -0.232164 -0.00284838 0.00118157 0.999995 -0.0708529
0.999999 0.000938649 -0.000777852 -7.56453 -0.000941076 0.999995 -0.00312617 -0.357504 0.000774914 0.0031269 0.999995 -0.0989673
0.999997 -3.61431e-05 0.00238814 -10.0784 4.35406e-05 0.999995 -0.00309763 -0.486965 -0.00238801 0.00309772 0.999992 -0.123067
0.999995 -0.000436221 0.00312898 -12.547 0.000441796 0.999998 -0.0017813 -0.594093 -0.0031282 0.00178268 0.999994 -0.164219
0.999994 -0.000917457 0.00334406 -14.9907 0.000916941 1 0.000156023 -0.709835 -0.0033442 -0.000152957 0.999994 -0.209986
0.999992 -0.00157731 0.00381251 -17.4643 0.00158465 0.999997 -0.00192372 -0.833366 -0.00380947 0.00192974 0.999991 -0.257394
0.999997 -0.00178605 0.00187934 -19.8987 0.00178959 0.999997 -0.0018839 -0.948144 -0.00187597 0.00188725 0.999997 -0.264786
0.999995 -0.00297668 0.00119363 -22.3209 0.00297968 0.999992 -0.00252121 -1.08347 -0.00118612 0.00252475 0.999996 -0.28849
0.999991 -0.0037547 0.00197713 -24.7051 0.00376134 0.999987 -0.0033637 -1.2015 -0.00196447 0.0033711 0.999992 -0.317007
0.999988 -0.00416571 0.00239958 -27.1395 0.00416758 0.999991 -0.000774571 -1.35772 -0.00239633 0.000784562 0.999997 -0.309667
0.999983 -0.00512762 0.00272848 -29.5084 0.00512488 0.999986 0.00100855 -1.47904 -0.00273361 -0.000994549 0.999996 -0.335869
0.999963 -0.00529332 0.00672878 -31.8654 0.0052666 0.999978 0.00398264 -1.60055 -0.00674971 -0.00394705 0.99997 -0.371697
0.999957 -0.00459 0.0080159 -34.2267 0.00457923 0.999988 0.00136094 -1.72994 -0.00802206 -0.00132417 0.999967 -0.38872
0.999971 -0.00372185 0.00656987 -36.5764 0.00371285 0.999992 0.00138131 -1.87243 -0.00657496 -0.00135688 0.999978 -0.383939
0.999978 -0.00345349 0.00572129 -38.918 0.00343654 0.99999 0.0029705 -1.99591 -0.00573148 -0.00295078 0.999979 -0.378373
0.999961 -0.00258888 0.00844932 -41.2414 0.00255918 0.99999 0.00352453 -2.09435 -0.00845836 -0.00350277 0.999958 -0.385664
0.999924 -0.00154775 0.0122387 -43.5779 0.00148458 0.999985 0.00516856 -2.21782 -0.0122466 -0.00515 0.999912 -0.423425
0.999993 -0.00171189 0.00339287 -45.939 0.00168429 0.999965 0.00812062 -2.33781 -0.00340665 -0.00811485 0.999961 -0.437561
0.999982 -0.00451593 -0.00392399 -48.2162 0.00454917 0.999953 0.00850529 -2.44624 0.0038854 -0.00852299 0.999956 -0.441873
0.999965 -0.00837522 2.48713e-05 -50.3897 0.00837472 0.99993 0.00831774 -2.58683 -9.45295e-05 -0.00831724 0.999966 -0.450116
0.999912 -0.0132226 0.00010928 -52.4803 0.0132209 0.999866 0.00959612 -2.71538 -0.000236148 -0.00959384 0.999954 -0.469423
0.999828 -0.0185114 -0.00010507 -54.4936 0.0185114 0.999774 0.0104604 -2.83847 -8.85865e-05 -0.0104605 0.999945 -0.477444
0.999721 -0.0234887 0.00236001 -56.3938 0.0234624 0.999668 0.0106213 -2.96974 -0.00260871 -0.010563 0.999941 -0.48664
0.999598 -0.0281876 0.00304218 -58.2204 0.0281545 0.999549 0.010433 -3.10589 -0.00333488 -0.0103431 0.999941 -0.491564
0.999471 -0.0323034 0.00373064 -59.9557 0.0322668 0.999434 0.00950461 -3.26686 -0.00403556 -0.00937921 0.999948 -0.478773
0.999327 -0.0362312 0.00562756 -61.6244 0.0361742 0.999296 0.00991038 -3.40436 -0.00598267 -0.00970015 0.999935 -0.473745
0.999203 -0.0393256 0.00673732 -63.1984 0.0392827 0.999208 0.0063867 -3.54156 -0.00698314 -0.00611696 0.999957 -0.44841
0.999223 -0.0387628 0.00714955 -64.6863 0.0387212 0.999233 0.00585992 -3.67772 -0.00737121 -0.00557853 0.999957 -0.45722
0.999273 -0.0370286 0.00906311 -66.1042 0.0369945 0.999308 0.00389503 -3.78647 -0.00920106 -0.00355692 0.999952 -0.43973
0.999319 -0.0354045 0.010326 -67.4868 0.0353571 0.999363 0.00473939 -3.91199 -0.0104872 -0.00437107 0.999936 -0.447069
0.999365 -0.0331797 0.0129482 -68.8183 0.0331648 0.999449 0.00136656 -4.02674 -0.0129864 -0.000936272 0.999915 -0.437236
0.99941 -0.0307567 0.0152845 -70.1358 0.0307549 0.999527 0.000351567 -4.1336 -0.0152881 0.000118712 0.999883 -0.429347
0.99949 -0.0277614 0.0157315 -71.4724 0.0277207 0.999612 0.0027991 -4.22719 -0.0158031 -0.0023616 0.999873 -0.442717
0.999581 -0.0235616 0.0168199 -72.7917 0.0235202 0.99972 0.00265514 -4.32529 -0.0168777 -0.00225843 0.999855 -0.435276
0.999618 -0.0206897 0.0183165 -74.0748 0.0206268 0.999781 0.00361223 -4.41082 -0.0183872 -0.00323305 0.999826 -0.432722
0.999655 -0.0192241 0.0178855 -75.3791 0.019179 0.999812 0.00268636 -4.49848 -0.0179338 -0.00234241 0.999837 -0.420452
0.999673 -0.0176638 0.0184722 -76.6757 0.0176432 0.999843 0.00127989 -4.58751 -0.0184919 -0.000953569 0.999829 -0.415774
0.999657 -0.016579 0.0202493 -77.9612 0.0165286 0.99986 0.00265368 -4.67519 -0.0202905 -0.00231808 0.999792 -0.411422
0.999684 -0.015459 0.0197803 -79.2393 0.0154132 0.999878 0.00246632 -4.75821 -0.019816 -0.00216067 0.999802 -0.401718
0.999702 -0.0148583 0.0193375 -80.5135 0.01483 0.999889 0.00160512 -4.83647 -0.0193592 -0.00131787 0.999812 -0.400725
0.999669 -0.0147889 0.0210427 -81.7884 0.0147189 0.999886 0.0034764 -4.91471 -0.0210917 -0.00316553 0.999773 -0.40121
0.999602 -0.0149092 0.0239391 -83.1111 0.0148372 0.999885 0.00318139 -5.00563 -0.0239838 -0.00282494 0.999709 -0.400769
0.999567 -0.0148287 0.0254204 -84.4556 0.0147563 0.999887 0.0030357 -5.09191 -0.0254626 -0.00265928 0.999673 -0.408425
0.999522 -0.0144824 0.0273002 -85.8467 0.0143817 0.999889 0.00388237 -5.17814 -0.0273534 -0.00348789 0.99962 -0.382994
0.999517 -0.0139973 0.0277447 -87.2514 0.0138972 0.999896 0.00379751 -5.26022 -0.027795 -0.00341011 0.999608 -0.377749
0.999508 -0.0141105 0.0279961 -88.6953 0.0139923 0.999892 0.00441175 -5.34617 -0.0280553 -0.00401786 0.999599 -0.372361
0.999518 -0.0138095 0.0277899 -90.1765 0.0136705 0.999893 0.00518536 -5.44872 -0.0278586 -0.00480297 0.999601 -0.369681
0.999521 -0.0131691 0.0280092 -91.6906 0.0130606 0.999907 0.00405561 -5.55143 -0.02806 -0.00368785 0.9996 -0.331243
0.999527 -0.0122586 0.0281974 -93.2428 0.012163 0.99992 0.00355824 -5.63968 -0.0282388 -0.00321359 0.999596 -0.323035
0.999499 -0.0114744 0.0294831 -94.8283 0.0113567 0.999927 0.00415824 -5.73272 -0.0295287 -0.00382133 0.999557 -0.305987
0.999459 -0.010807 0.0310627 -96.4568 0.0107063 0.999937 0.00340733 -5.81413 -0.0310976 -0.00307293 0.999512 -0.277107
0.999444 -0.0100725 0.0317701 -98.1178 0.00998835 0.999946 0.00280523 -5.91878 -0.0317967 -0.00248635 0.999492 -0.252919
0.999512 -0.00931269 0.0298047 -99.8101 0.009261 0.999956 0.00187155 -6.02639 -0.0298209 -0.00159462 0.999554 -0.228857
0.999478 -0.00849067 0.0311664 -101.532 0.00846996 0.999964 0.00079618 -6.11259 -0.0311721 -0.00053179 0.999514 -0.201093
0.999425 -0.007512 0.0330609 -103.287 0.00747656 0.999972 0.00119523 -6.21619 -0.033069 -0.000947364 0.999453 -0.178013
0.999462 -0.00713121 0.0320169 -105.093 0.00706952 0.999973 0.00203934 -6.31706 -0.0320306 -0.0018119 0.999486 -0.141526
0.99939 -0.0068906 0.0342228 -106.924 0.00679001 0.999973 0.00305435 -6.42496 -0.0342429 -0.00282012 0.99941 -0.109415
0.99942 -0.00797229 0.0330923 -108.778 0.00786516 0.999964 0.00336599 -6.51909 -0.033118 -0.00310377 0.999447 -0.075965
0.99943 -0.00909216 0.0325084 -110.654 0.00897488 0.999953 0.00375141 -6.62372 -0.032541 -0.00345752 0.999465 -0.0470391
0.999365 -0.0102886 0.0340933 -112.561 0.0102233 0.999946 0.00208692 -6.73219 -0.034113 -0.00173705 0.999417 -0.0182897
0.999332 -0.0111486 0.0347881 -114.491 0.0111392 0.999938 0.0004638 -6.84626 -0.0347911 -7.59834e-05 0.999395 0.0173077
0.999335 -0.0116604 0.0345381 -116.43 0.0116482 0.999932 0.000555101 -6.97936 -0.0345422 -0.00015243 0.999404 0.0296864
0.999304 -0.0120415 0.0352902 -118.382 0.0120046 0.999928 0.00125878 -7.1008 -0.0353028 -0.00083426 0.999377 0.0611667
0.999288 -0.0130555 0.0354004 -120.356 0.0130175 0.999915 0.00130208 -7.19955 -0.0354144 -0.00084033 0.999373 0.108828
0.99927 -0.0137287 0.0356266 -122.356 0.0136897 0.999906 0.00134033 -7.33339 -0.0356417 -0.000851642 0.999365 0.150359
0.99928 -0.0146454 0.0349922 -124.356 0.0145596 0.999891 0.00270488 -7.45639 -0.035028 -0.00219346 0.999384 0.190696
0.999275 -0.0159471 0.0345707 -126.366 0.0158345 0.999869 0.00352941 -7.58066 -0.0346225 -0.00297944 0.999397 0.230313
0.999242 -0.0171909 0.0349173 -128.37 0.0170284 0.999843 0.00494476 -7.71466 -0.0349968 -0.00434643 0.999378 0.244685
0.999217 -0.0190433 0.0346795 -130.377 0.0189368 0.999815 0.00339883 -7.84213 -0.0347378 -0.00273945 0.999393 0.293646
0.999181 -0.0203639 0.0349443 -132.362 0.0203095 0.999792 0.00191359 -7.97622 -0.0349761 -0.00120232 0.999388 0.360883
0.999173 -0.0219189 0.034251 -134.344 0.021914 0.99976 0.000517955 -8.10998 -0.0342542 0.000233048 0.999414 0.395423
0.999105 -0.0234932 0.0351604 -136.322 0.0235177 0.999724 -0.000282852 -8.26169 -0.0351441 0.00110949 0.999382 0.433562
0.999009 -0.0245809 0.0370884 -138.276 0.0245847 0.999698 0.000355099 -8.41005 -0.0370859 0.000557055 0.999312 0.479967
0.998959 -0.0248324 0.0382656 -140.246 0.0248314 0.999692 0.000501653 -8.55221 -0.0382663 0.000449054 0.999268 0.509315
0.998957 -0.024157 0.0387317 -142.206 0.0241732 0.999708 5.02252e-05 -8.68518 -0.0387217 0.000886094 0.99925 0.56104
0.998959 -0.0220009 0.0399588 -144.129 0.0219806 0.999758 0.000946699 -8.82769 -0.03997 -6.73973e-05 0.999201 0.622892
0.999059 -0.019747 0.038614 -146.049 0.019658 0.999804 0.002684 -8.95109 -0.0386594 -0.00192241 0.999251 0.669369
0.999001 -0.0177452 0.0410098 -147.955 0.0175721 0.999836 0.00457802 -9.07179 -0.0410843 -0.00385282 0.999149 0.704856
0.999 -0.0161664 0.0416729 -149.865 0.0158695 0.999847 0.0074453 -9.20281 -0.0417869 -0.00677654 0.999104 0.748298
0.999209 -0.0146092 0.0369691 -151.783 0.0144129 0.999881 0.00557189 -9.33498 -0.0370462 -0.00503465 0.999301 0.801716
0.999141 -0.0139012 0.0390228 -153.669 0.0136662 0.999887 0.00628047 -9.4445 -0.0391057 -0.00574179 0.999219 0.851126
0.999065 -0.0148064 0.0406089 -155.538 0.014696 0.999888 0.00301404 -9.5399 -0.040649 -0.00241444 0.999171 0.906958
0.999151 -0.0162349 0.0378489 -157.414 0.0161757 0.999868 0.00186997 -9.65466 -0.0378743 -0.00125615 0.999282 0.955884
0.999007 -0.0169298 0.0412085 -159.244 0.0170348 0.999853 -0.00219688 -9.80975 -0.0411653 0.00289667 0.999149 1.0075
0.998903 -0.017009 0.0436291 -161.079 0.0171027 0.999853 -0.00177503 -9.92798 -0.0435925 0.00251925 0.999047 1.04673
0.998895 -0.0179468 0.043439 -162.903 0.0181111 0.999831 -0.00339033 -10.033 -0.0433708 0.00417331 0.999051 1.10796
0.99907 -0.0194789 0.0384548 -164.736 0.0194381 0.99981 0.00143623 -10.1391 -0.0384755 -0.000687414 0.99926 1.15594
0.999155 -0.0201964 0.0357998 -166.548 0.0199926 0.999782 0.00604102 -10.2659 -0.035914 -0.00532019 0.999341 1.17731
0.99898 -0.0209381 0.0400045 -168.338 0.0206571 0.99976 0.00742391 -10.3745 -0.0401504 -0.00658996 0.999172 1.21832
0.998976 -0.0219486 0.0395555 -170.128 0.0217567 0.99975 0.00527585 -10.4953 -0.0396615 -0.00440986 0.999204 1.26474
0.99895 -0.0229779 0.0396112 -171.902 0.0228442 0.999732 0.00382604 -10.6258 -0.0396885 -0.00291715 0.999208 1.32073
0.998934 -0.0237744 0.0395646 -173.654 0.0236907 0.999717 0.00258453 -10.757 -0.0396149 -0.00164447 0.999214 1.36881
0.99885 -0.0252314 0.0407498 -175.436 0.025106 0.999679 0.00358557 -10.8851 -0.0408272 -0.00255838 0.999163 1.40621
0.998819 -0.0258001 0.0411669 -177.173 0.0256469 0.999663 0.00424668 -11.0069 -0.0412626 -0.00318587 0.999144 1.44592
0.998764 -0.0268021 0.04184 -178.919 0.0266438 0.999636 0.00433679 -11.1221 -0.041941 -0.00321666 0.999115 1.48337
0.998699 -0.0274547 0.042952 -180.645 0.0272683 0.999617 0.00491996 -11.2576 -0.0430706 -0.00374234 0.999065 1.53094
0.998664 -0.0283047 0.0432254 -182.357 0.0281098 0.999592 0.00511158 -11.4002 -0.0433524 -0.0038897 0.999053 1.58856
0.99863 -0.0295481 0.0431652 -184.07 0.0293117 0.999552 0.00609967 -11.5261 -0.0433261 -0.00482607 0.99905 1.62433
0.998548 -0.0302575 0.0445687 -185.77 0.0299827 0.999528 0.00682082 -11.662 -0.0447541 -0.00547462 0.998983 1.67046
0.998518 -0.0311629 0.0446109 -187.457 0.0309128 0.999503 0.0062856 -11.7903 -0.0447846 -0.00489725 0.998985 1.71923
0.998507 -0.03202 0.0442475 -189.121 0.0318358 0.999482 0.00486258 -11.9353 -0.0443803 -0.00344668 0.999009 1.76707
0.998449 -0.0329296 0.0448785 -190.776 0.0327513 0.999453 0.0047016 -12.08 -0.0450087 -0.00322449 0.998982 1.82399
0.998422 -0.033706 0.0449044 -192.431 0.0335776 0.99943 0.0036102 -12.2179 -0.0450005 -0.00209673 0.998985 1.86611
0.998346 -0.0353294 0.0453467 -194.086 0.0351608 0.999372 0.00451015 -12.3518 -0.0454775 -0.00290828 0.998962 1.92168
0.998329 -0.036267 0.0449766 -195.734 0.0361549 0.999341 0.00330429 -12.4823 -0.0450668 -0.00167265 0.998983 1.96586
0.998225 -0.0376444 0.0461447 -197.353 0.0375645 0.999291 0.00259779 -12.6216 -0.0462098 -0.000859789 0.998932 2.02905
0.998183 -0.0382636 0.0465251 -198.941 0.0382607 0.999268 0.000954139 -12.7719 -0.0465276 0.000827669 0.998917 2.07596
0.998198 -0.0386354 0.0459065 -200.538 0.0385754 0.999254 0.00219359 -12.9072 -0.045957 -0.000418781 0.998944 2.10968
0.998302 -0.0393793 0.0429125 -202.094 0.0393186 0.999225 0.00225699 -13.0412 -0.0429681 -0.000565903 0.999077 2.15571
0.998229 -0.0406132 0.0434489 -203.662 0.0406149 0.999175 0.000844357 -13.1758 -0.0434474 0.000921805 0.999056 2.20987
0.998214 -0.0408078 0.0436222 -205.143 0.0407918 0.999167 0.00125839 -13.2951 -0.0436372 0.000523283 0.999048 2.24936
0.998182 -0.0409574 0.0441977 -206.603 0.0409929 0.99916 0.00010241 -13.4221 -0.0441648 0.00170956 0.999023 2.29114
0.998119 -0.0407734 0.0457654 -208.008 0.0407909 0.999168 0.000550254 -13.5685 -0.0457497 0.00131759 0.998953 2.33523
0.998071 -0.0409076 0.0466818 -209.397 0.0410058 0.999159 -0.0011472 -13.702 -0.0465956 0.00305921 0.99891 2.388
0.998082 -0.0410837 0.0462951 -210.779 0.0411919 0.999151 -0.00138451 -13.8078 -0.0461989 0.00328884 0.998927 2.43588
0.998072 -0.0410922 0.0465086 -212.113 0.0412305 0.999148 -0.00201768 -13.9474 -0.046386 0.00393135 0.998916 2.48831
0.998108 -0.0410519 0.0457648 -213.412 0.0412178 0.999147 -0.00268711 -14.0583 -0.0456155 0.00456834 0.998949 2.53741
0.998046 -0.0413808 0.0467978 -214.689 0.0414654 0.99914 -0.000838388 -14.1708 -0.0467228 0.00277724 0.998904 2.56715
0.998081 -0.0410981 0.0463009 -215.924 0.0411921 0.999151 -0.00107747 -14.2779 -0.0462173 0.00298263 0.998927 2.62239
0.998032 -0.0408612 0.0475468 -217.116 0.04089 0.999164 0.000366479 -14.3968 -0.047522 0.00157843 0.998869 2.6429
0.998034 -0.0403876 0.0479157 -218.304 0.0404334 0.999183 1.43778e-05 -14.5099 -0.0478771 0.00192304 0.998852 2.68769
0.998092 -0.040132 0.0469163 -219.458 0.0401986 0.999192 -0.000476534 -14.6132 -0.0468592 0.00236159 0.998899 2.73065
0.998119 -0.0400641 0.0463972 -220.567 0.04011 0.999196 -5.86881e-05 -14.6957 -0.0463576 0.00191957 0.998923 2.77716
0.998098 -0.0397964 0.0470658 -221.12 0.0398301 0.999207 0.000222795 -14.7391 -0.0470374 0.00165226 0.998892 2.7865
