1 0 0 0 0 1 0 0 0 0 1 0
0.999998 0.000634266 -0.00163378 -0.031467 -0.000635902 0.999999 -0.00100097 0.00469999 0.00163315 0.00100201 0.999998 -0.00220185
0.99999 0.00139697 -0.0042775 -0.116759 -0.00141397 0.999991 -0.00397452 0.00637219 0.00427191 0.00398053 0.999983 -0.0218289
0.999993 0.00372212 0.00013868 -0.137409 -0.00372081 0.999957 -0.0084969 0.0242818 -0.000170301 0.00849633 0.999964 -0.022011
0.999988 0.00467099 -0.00136272 -0.198318 -0.00468974 0.99989 -0.0141005 0.0281872 0.00129671 0.0141067 0.9999 -0.0560596
0.999988 0.00470408 -0.00138516 -0.153522 -0.00472358 0.999885 -0.0144232 0.0152667 0.00131715 0.0144296 0.999895 -0.0526149
0.999975 0.00701886 -0.000612483 0.299968 -0.00702707 0.999868 -0.0146281 0.0615635 0.00050973 0.0146321 0.999893 -0.0422891
0.999971 0.00765276 2.92943e-05 0.648329 -0.00765147 0.999859 -0.0149242 0.0987955 -0.000143502 0.0149236 0.999889 -0.00382781
0.999966 0.00822376 -0.000436683 0.68739 -0.00822931 0.999857 -0.0147794 0.107432 0.000315078 0.0147825 0.999891 -0.00230794
0.999964 0.00844332 0.000723331 0.68409 -0.00843224 0.999864 -0.0141492 0.117116 -0.000842699 0.0141426 0.9999 -0.0161162
0.999967 0.00816301 -3.08001e-05 0.638569 -0.0081626 0.999862 -0.0145109 0.127217 -8.76562e-05 0.0145106 0.999895 -0.0137017
0.999972 0.00746291 0.000374502 0.584019 -0.00745662 0.999865 -0.0146471 0.131445 -0.000483762 0.0146439 0.999893 -0.0098673
0.999969 0.00749094 0.00223918 0.563092 -0.00746022 0.999882 -0.0134233 0.144785 -0.00233947 0.0134062 0.999907 -0.0197416
0.999967 0.00782409 0.00221112 0.482192 -0.00779296 0.999875 -0.0137513 0.153633 -0.00231843 0.0137336 0.999903 -0.0144509
0.999957 0.00911524 0.00192177 0.385249 -0.00908857 0.999868 -0.0134535 0.156696 -0.00204415 0.0134355 0.999908 -0.0337119
0.999949 0.0100881 0.000300092 0.144011 -0.0100827 0.999845 -0.0144309 0.151167 -0.000445626 0.0144272 0.999896 -0.034223
0.999941 0.0108333 -0.00060322 -0.265024 -0.0108409 0.999834 -0.0146308 0.151238 0.000444621 0.0146365 0.999893 -0.039658
0.999944 0.0103818 0.00198308 -0.721956 -0.0103512 0.999836 -0.0148612 0.120352 -0.00213704 0.0148398 0.999888 -0.000640932
0.999946 0.010061 -0.002517 -1.39021 -0.0101007 0.999816 -0.016314 0.108143 0.0023524 0.0163385 0.999864 -0.0150082
0.999938 0.00942606 -0.00598457 -2.30099 -0.00953047 0.999799 -0.0176649 0.0698951 0.00581686 0.0177209 0.999826 -0.0426885
0.999957 0.0083359 -0.00406231 -3.9295 -0.00840363 0.999821 -0.0169526 0.0202776 0.00392027 0.016986 0.999848 -0.0980135
0.999971 0.00619015 -0.00434306 -6.53141 -0.00625611 0.999863 -0.0153413 -0.124906 0.0042475 0.015368 0.999873 -0.158777
0.999988 0.00472838 -0.00112363 -9.09393 -0.00474527 0.999868 -0.015542 -0.264411 0.00105 0.0155471 0.999879 -0.175108
0.999995 0.00309228 -0.000446538 -11.6713 -0.00309801 0.999905 -0.0134569 -0.391417 0.000404882 0.0134582 0.999909 -0.203028
0.999995 0.0017421 0.00274948 -14.2262 -0.00170897 0.999926 -0.0120072 -0.535262 -0.0027702 0.0120024 0.999924 -0.255534
0.999986 0.00021053 0.00531856 -16.7717 -0.000150668 0.999937 -0.0112524 -0.666951 -0.00532059 0.0112514 0.999923 -0.280199
0.999979 -0.000870787 0.00643048 -19.323 0.000952667 0.999918 -0.0127405 -0.812351 -0.00641886 0.0127464 0.999898 -0.257844
0.99996 -0.000243594 0.00894971 -21.8368 0.000344222 0.999937 -0.0112436 -0.952552 -0.0089464 0.0112462 0.999897 -0.28612
0.999952 0.00174367 0.00961002 -24.3367 -0.00164034 0.999941 -0.0107493 -1.08442 -0.0096282 0.010733 0.999896 -0.315615
0.999939 0.00259993 0.0107284 -26.8833 -0.00251292 0.999964 -0.00811473 -1.2184 -0.0107491 0.00808727 0.99991 -0.355885
0.99994 0.00476422 0.00989245 -29.4152 -0.00468739 0.999959 -0.00777432 -1.34832 -0.00992909 0.00772748 0.999921 -0.363923
0.999893 0.00701846 0.0128572 -31.9988 -0.00692036 0.999947 -0.00765866 -1.50494 -0.0129103 0.00756886 0.999888 -0.398133
0.999807 0.0101378 0.0168396 -34.5669 -0.00994922 0.999887 -0.0112457 -1.64207 -0.0169517 0.011076 0.999795 -0.406683
0.999746 0.0128967 0.0185063 -37.1743 -0.0126954 0.99986 -0.0109502 -1.7712 -0.0186449 0.0107125 0.999769 -0.403859
0.999701 0.0152352 0.0191004 -39.7761 -0.0150325 0.99983 -0.0107089 -1.88467 -0.0192603 0.0104186 0.99976 -0.3818
0.999695 0.0167073 0.0181698 -42.381 -0.0165312 0.999815 -0.0097982 -1.98301 -0.0183301 0.00949485 0.999787 -0.389454
0.99971 0.0178895 0.0161271 -44.9933 -0.0177363 0.999797 -0.00958955 -2.08644 -0.0162954 0.00930073 0.999824 -0.408043
0.999671 0.018067 0.0182356 -47.6399 -0.0178758 0.999784 -0.0105952 -2.20684 -0.0184231 0.0102658 0.999778 -0.358302
0.999704 0.0178076 0.0165616 -50.2836 -0.0176258 0.999784 -0.0110598 -2.30237 -0.016755 0.0107646 0.999802 -0.349282
0.999697 0.0165249 0.0182461 -52.9508 -0.0163496 0.999819 -0.00971278 -2.43632 -0.0184033 0.00941152 0.999786 -0.336825
0.999691 0.0150138 0.0198207 -55.6112 -0.0148359 0.999849 -0.00909007 -2.5503 -0.0199541 0.0087932 0.999762 -0.345683
0.999778 0.0132865 0.016357 -58.2671 -0.0131563 0.999881 -0.00804142 -2.66316 -0.0164619 0.00782443 0.999834 -0.299751
0.999786 0.0107194 0.0176783 -60.9397 -0.0105901 0.999917 -0.00739045 -2.78455 -0.0177561 0.00720166 0.999817 -0.298528
0.999735 0.00754574 0.0217658 -63.6525 -0.00738827 0.999946 -0.00730607 -2.88904 -0.0218197 0.00714332 0.999737 -0.267331
0.999764 0.00563761 0.0209924 -66.3528 -0.00550146 0.999964 -0.006538 -3.02799 -0.0210285 0.00642096 0.999758 -0.240544
0.999744 0.00471222 0.0221502 -69.0231 -0.00458903 0.999974 -0.00560882 -3.1799 -0.022176 0.00550573 0.999739 -0.221075
0.999732 0.0044909 0.0227217 -71.7409 -0.00439811 0.999982 -0.00413177 -3.31246 -0.0227399 0.00403073 0.999734 -0.198716
0.999691 0.0039358 0.0245612 -74.4349 -0.00389926 0.999991 -0.00153499 -3.48383 -0.024567 0.00143874 0.999697 -0.19739
0.999679 0.00195034 0.0252718 -77.1766 -0.0019902 0.999997 0.00155228 -3.60953 -0.0252687 -0.00160208 0.99968 -0.175362
0.999779 0.00111106 0.02099 -79.8532 -0.00111881 1 0.000357417 -3.76052 -0.0209896 -0.000380823 0.99978 -0.153311
0.999772 0.000975274 0.0213518 -82.5613 -0.000976662 1 5.47232e-05 -3.89494 -0.0213518 -7.55656e-05 0.999772 -0.0963909
0.999774 0.0020831 0.0211482 -85.25 -0.00209334 0.999998 0.000462195 -4.05264 -0.0211472 -0.000506362 0.999776 -0.0705325
0.999762 0.00394762 0.0214417 -87.9422 -0.00391307 0.999991 -0.0016529 -4.23268 -0.021448 0.0015686 0.999769 -0.0397955
0.999762 0.00472286 0.0213276 -90.6463 -0.00472038 0.999989 -0.000166834 -4.38367 -0.0213282 6.61185e-05 0.999773 -0.0446444
0.999701 0.00465265 0.023998 -93.3765 -0.0046672 0.999989 0.000550548 -4.53013 -0.0239952 -0.000662388 0.999712 -0.0414969
0.999681 0.00437521 0.0248985 -96.1131 -0.00439121 0.99999 0.000587901 -4.66222 -0.0248956 -0.000697049 0.99969 0.0102136
0.999659 0.00350596 0.0258732 -98.8394 -0.00351531 0.999994 0.000316296 -4.79917 -0.0258719 -0.000407142 0.999665 0.0883577
0.999652 0.00379627 0.0261191 -101.517 -0.00383179 0.999992 0.00131013 -4.93013 -0.0261139 -0.00140976 0.999658 0.117886
0.99969 0.00554727 0.0242578 -104.235 -0.00561494 0.999981 0.00272231 -5.07566 -0.0242422 -0.00285767 0.999702 0.112241
0.999594 0.00674783 0.0276763 -106.958 -0.00681045 0.999975 0.00216895 -5.21401 -0.027661 -0.00235656 0.999615 0.164072
0.999463 0.00791289 0.031812 -109.664 -0.00804489 0.99996 0.00402367 -5.36396 -0.0317789 -0.00427743 0.999486 0.185787
0.999378 0.00794987 0.0343636 -112.396 -0.00813431 0.999954 0.00523108 -5.50427 -0.0343204 -0.00550736 0.999396 0.239779
0.999216 0.00743352 0.0388857 -115.127 -0.00772355 0.999944 0.00731359 -5.63908 -0.0388292 -0.00760819 0.999217 0.267925
0.999206 0.00683163 0.0392585 -117.848 -0.00720272 0.999931 0.00931888 -5.78743 -0.0391921 -0.00959424 0.999186 0.308568
0.999243 0.00664182 0.0383445 -120.567 -0.00709439 0.999907 0.0116786 -5.9306 -0.0382634 -0.0119418 0.999196 0.374349
0.999229 0.00765879 0.0384982 -123.246 -0.00811611 0.999899 0.011737 -6.02346 -0.0384044 -0.0120404 0.99919 0.449472
0.999186 0.00767176 0.0396152 -125.969 -0.00815314 0.999895 0.0120043 -6.16488 -0.0395189 -0.0123175 0.999143 0.586454
0.999179 0.00730712 0.0398549 -128.71 -0.0077698 0.999904 0.0114668 -6.33529 -0.0397673 -0.011767 0.99914 0.652054
0.99912 0.00698229 0.0413558 -131.411 -0.00745718 0.999908 0.0113399 -6.46497 -0.0412729 -0.0116384 0.99908 0.72574
0.999264 0.00583594 0.0379065 -134.116 -0.00622828 0.999929 0.0102405 -6.59968 -0.037844 -0.0104691 0.999229 0.805204
0.99923 0.00502625 0.0389212 -136.739 -0.00541876 0.999936 0.00998574 -6.72819 -0.0388686 -0.010189 0.999193 0.885686
0.999095 0.00338484 0.0424015 -139.331 -0.00388651 0.999924 0.0117548 -6.88044 -0.0423584 -0.0119089 0.999032 0.951627
0.999064 0.00197401 0.0432253 -141.874 -0.00252103 0.999918 0.0126042 -7.04339 -0.0431969 -0.0127014 0.998986 1.01336
0.999101 0.000428542 0.042391 -144.403 -0.00101824 0.999903 0.0138903 -7.16643 -0.042381 -0.013921 0.999005 1.08585
0.99907 -0.00067175 0.043108 -146.85 2.73578e-05 0.999889 0.0149473 -7.28146 -0.0431132 -0.0149322 0.998959 1.1562
0.999126 -0.00301724 0.0416804 -149.25 0.00243167 0.999898 0.0140927 -7.44003 -0.0417186 -0.013979 0.999032 1.21199
0.999147 -0.00525998 0.0409629 -151.628 0.00474581 0.999909 0.0126391 -7.61269 -0.0410256 -0.012434 0.999081 1.27458
0.999101 -0.00710353 0.041799 -153.944 0.00658056 0.999899 0.0126361 -7.7728 -0.0418845 -0.0123496 0.999046 1.3601
0.999129 -0.00956215 0.0406274 -156.259 0.00906806 0.999883 0.0123284 -7.92285 -0.0407405 -0.0119493 0.999098 1.48067
0.999087 -0.0110451 0.0412805 -158.504 0.010555 0.999872 0.0120733 -8.05589 -0.0414086 -0.0116265 0.999075 1.57809
0.998978 -0.0136984 0.0430794 -160.744 0.0132269 0.99985 0.0112112 -8.21591 -0.0432265 -0.0106299 0.999009 1.70055
0.998803 -0.0158447 0.0462746 -162.963 0.0153392 0.999819 0.0112607 -8.37499 -0.0464447 -0.0105374 0.998865 1.76583
0.998531 -0.0181888 0.05103 -165.147 0.0175186 0.999755 0.0135495 -8.52591 -0.0512639 -0.0126357 0.998605 1.85571
0.998727 -0.0200665 0.0462742 -167.309 0.0193123 0.999675 0.0166885 -8.69607 -0.046594 -0.0157736 0.99879 1.94205
0.998622 -0.0224651 0.0474265 -169.477 0.0216171 0.999599 0.018319 -8.86133 -0.047819 -0.0172686 0.998707 2.00998
0.998485 -0.0238193 0.0496059 -171.614 0.0229323 0.999569 0.0183747 -9.04971 -0.0500222 -0.0172093 0.9986 2.12684
0.998488 -0.0247964 0.0490526 -173.751 0.0239352 0.999551 0.018068 -9.2253 -0.0494786 -0.0168666 0.998633 2.21618
0.998509 -0.0262745 0.0478401 -175.898 0.0254999 0.999535 0.0167316 -9.40687 -0.0482575 -0.0154867 0.998715 2.30797
0.998452 -0.0264499 0.0489345 -178.019 0.0256256 0.999521 0.0173963 -9.58191 -0.0493711 -0.0161154 0.998651 2.3849
0.998514 -0.0269203 0.0473702 -180.144 0.0261021 0.999501 0.0178075 -9.75955 -0.047826 -0.0165446 0.998719 2.44044
0.998559 -0.027015 0.0463561 -182.271 0.026122 0.999464 0.0197631 -9.9434 -0.0468652 -0.0185238 0.99873 2.52813
0.998504 -0.0269812 0.0475616 -184.382 0.026038 0.999454 0.0203409 -10.1254 -0.0480845 -0.0190721 0.998661 2.61524
0.998531 -0.0262042 0.0474239 -186.482 0.0252459 0.999467 0.0206944 -10.3064 -0.0479409 -0.0194667 0.998661 2.70609
0.998468 -0.0252227 0.0492475 -188.555 0.0241834 0.999475 0.0215861 -10.4763 -0.0497661 -0.0203621 0.998554 2.79268
0.998546 -0.0238334 0.0483545 -190.624 0.0228523 0.999524 0.0207428 -10.6278 -0.0488259 -0.0196077 0.998615 2.87707
0.998572 -0.0229172 0.0482635 -192.689 0.0218993 0.999529 0.0215154 -10.7976 -0.0487338 -0.0204278 0.998603 2.98021
0.998539 -0.021547 0.0495617 -194.746 0.0204552 0.999539 0.0224307 -10.95 -0.0500222 -0.0213841 0.998519 3.05467
0.998554 -0.0205246 0.0496798 -196.809 0.0194363 0.999563 0.0222905 -11.1095 -0.0501156 -0.0212926 0.998517 3.11253
0.998538 -0.0201362 0.0501682 -198.849 0.0190114 0.99956 0.0227983 -11.2781 -0.0506052 -0.0218112 0.998481 3.18141
0.998396 -0.0193365 0.0532052 -200.893 0.0182011 0.999598 0.0217415 -11.4316 -0.0536043 -0.0207383 0.998347 3.28697
0.998437 -0.0191949 0.0524988 -202.964 0.0181527 0.99963 0.0202576 -11.6017 -0.0528682 -0.0192729 0.998416 3.3598
0.998574 -0.0179517 0.0502838 -204.993 0.0170476 0.999687 0.0183518 -11.7553 -0.0505975 -0.0174684 0.998567 3.44197
0.998673 -0.0133274 0.0497549 -207.041 0.0124426 0.99976 0.0180513 -11.9058 -0.0499836 -0.0174083 0.998599 3.55555
0.998773 -0.00939298 0.0486188 -209.068 0.00864278 0.999841 0.0156176 -12.0297 -0.0487578 -0.0151782 0.998696 3.62163
0.998633 -0.006835 0.0518256 -211.105 0.00608707 0.999876 0.0145757 -12.1714 -0.0519188 -0.0142403 0.99855 3.72427
0.998592 -0.00445425 0.0528555 -213.13 0.00388883 0.999934 0.0107954 -12.2976 -0.0529001 -0.0105747 0.998544 3.82568
0.998683 -0.00264466 0.0512415 -215.174 0.00210924 0.999943 0.0105002 -12.4219 -0.0512664 -0.0103783 0.998631 3.88921
0.998788 -0.000912332 0.0492153 -217.198 0.000436357 0.999953 0.0096811 -12.5574 -0.0492218 -0.00964788 0.998742 3.9708
0.998737 -0.000807207 0.0502315 -219.229 0.000300277 0.999949 0.0100985 -12.676 -0.0502371 -0.0100707 0.998687 4.03621
0.998752 -0.00118614 0.0499381 -221.259 0.000698589 0.999952 0.00977947 -12.8142 -0.0499473 -0.00973237 0.998705 4.10146
0.998739 -0.00152204 0.0501802 -223.283 0.00103912 0.999953 0.00964832 -12.9355 -0.0501926 -0.00958401 0.998694 4.15905
0.998781 -0.0020462 0.049318 -225.316 0.00155801 0.99995 0.00993524 -13.0647 -0.0493359 -0.00984629 0.998734 4.24895
0.998671 -0.00447544 0.0513346 -227.332 0.00393515 0.999936 0.0106211 -13.1884 -0.0513789 -0.010405 0.998625 4.32461
0.998718 -0.00681851 0.0501579 -229.344 0.00624921 0.999915 0.0114981 -13.3254 -0.050232 -0.0111699 0.998675 4.42549
0.998915 -0.00876636 0.0457452 -231.364 0.00824141 0.999898 0.0116514 -13.4486 -0.0458427 -0.0112618 0.998885 4.51643
0.998776 -0.0107144 0.0482781 -233.37 0.0102091 0.999891 0.0106991 -13.5814 -0.0483875 -0.0101931 0.998777 4.57966
0.998654 -0.0126758 0.0502983 -235.378 0.0121767 0.999874 0.0102164 -13.7319 -0.0504215 -0.00959022 0.998682 4.66164
0.998808 -0.0141079 0.0467232 -237.382 0.013562 0.999836 0.0119813 -13.8709 -0.0468846 -0.0113334 0.998836 4.75336
0.998633 -0.0155097 0.049923 -239.367 0.0150179 0.999835 0.0102118 -14.0017 -0.0500732 -0.00944806 0.998701 4.80982
0.998276 -0.0174444 0.0560321 -241.35 0.0167903 0.999786 0.0121235 -14.1716 -0.0562316 -0.0111618 0.998355 4.87145
0.99833 -0.0175144 0.0550535 -243.312 0.0169313 0.999796 0.0110414 -14.3136 -0.0552356 -0.0100908 0.998422 4.98787
0.998589 -0.0191526 0.0495289 -245.299 0.0185545 0.99975 0.0125076 -14.4507 -0.0497561 -0.011571 0.998694 5.0906
0.998397 -0.0203161 0.052818 -247.267 0.019725 0.999737 0.0116884 -14.6071 -0.0530417 -0.0106278 0.998536 5.16277
0.998359 -0.021333 0.0531329 -249.21 0.0207595 0.999721 0.011324 -14.7592 -0.0533597 -0.0102024 0.998523 5.23693
0.998477 -0.0223182 0.0504565 -251.166 0.0217331 0.999691 0.012116 -14.9137 -0.0507113 -0.011001 0.998653 5.30811
0.998447 -0.0223544 0.0510262 -252.145 0.0217766 0.999693 0.0118525 -14.9811 -0.0512755 -0.0107229 0.998627 5.35849
