1 0 0 0 0 1 0 0 0 0 1 0
0.999999 -0.000643509 -0.00131622 -2.27343 0.000641434 0.999999 -0.00157634 -0.115428 0.00131724 0.0015755 0.999998 -0.0503578
0.999998 -0.00194563 0.00093089 -4.56254 0.00195075 0.999983 -0.00553139 -0.24776 -0.000920112 0.00553319 0.999984 -0.0926409
0.999997 -0.00203221 0.00118406 -6.81449 0.00204062 0.999972 -0.00714674 -0.353127 -0.0011695 0.00714914 0.999974 -0.136342
0.999997 -0.00222183 0.000530486 -9.10508 0.00222586 0.999968 -0.00771803 -0.462821 -0.00051332 0.00771919 0.99997 -0.195572
0.999993 -0.00297303 0.00220269 -11.3793 0.00298866 0.99997 -0.00713023 -0.595752 -0.00218143 0.00713676 0.999972 -0.240649
0.999983 -0.00292971 0.00511578 -13.6391 0.00296861 0.999967 -0.00761292 -0.683619 -0.00509331 0.00762797 0.999958 -0.259522
0.999977 -0.00414513 0.00542003 -15.8816 0.00418182 0.999968 -0.00677537 -0.811694 -0.00539178 0.00679787 0.999962 -0.276755
0.999982 -0.00549421 0.00234961 -18.101 0.00550868 0.999966 -0.00619628 -0.930385 -0.00231548 0.00620911 0.999978 -0.318119
0.999943 -0.00818637 0.00680798 -20.3175 0.00820841 0.999961 -0.00321542 -1.04483 -0.00678139 0.00327112 0.999972 -0.332122
0.999885 -0.0123765 0.00878978 -22.5456 0.0123738 0.999923 0.000357337 -1.16855 -0.00879353 -0.000248534 0.999961 -0.33395
0.999856 -0.0159051 0.00583911 -24.7588 0.015899 0.999873 0.00108872 -1.3151 -0.00585569 -0.000995729 0.999982 -0.343125
0.999808 -0.0182282 0.00717265 -26.9776 0.0182238 0.999834 0.00067137 -1.46475 -0.00718369 -0.000540529 0.999974 -0.391102
0.999772 -0.0178181 0.0117923 -29.1994 0.0178129 0.999841 0.000547565 -1.61158 -0.0118002 -0.000337387 0.99993 -0.375687
0.999733 -0.0156865 0.0169555 -31.4435 0.0157162 0.999875 -0.00161842 -1.76243 -0.016928 0.00188446 0.999855 -0.38529
0.9998 -0.0127597 0.0153812 -33.7419 0.0128453 0.999902 -0.00547928 -1.89449 -0.0153098 0.00567576 0.999867 -0.387178
0.999812 -0.00856128 0.0173873 -36.0108 0.00870375 0.999929 -0.00813464 -2.04322 -0.0173165 0.00828445 0.999816 -0.395472
0.999864 -0.00417883 0.0159794 -38.3305 0.00428759 0.999968 -0.00677811 -2.17723 -0.0159506 0.00684569 0.999849 -0.404958
0.999899 -1.72571e-05 0.0141904 -40.6629 0.000101252 0.999983 -0.00591837 -2.29142 -0.0141901 0.00591921 0.999882 -0.421094
0.999909 0.003954 0.0129319 -43.0242 -0.00387952 0.999976 -0.00577894 -2.38827 -0.0129545 0.00572824 0.9999 -0.451515
0.999874 0.00757018 0.0139456 -45.4174 -0.0075052 0.999961 -0.00470598 -2.47894 -0.0139807 0.00460073 0.999892 -0.474981
0.999907 0.00926787 0.00999971 -47.8374 -0.00925446 0.999956 -0.00138617 -2.57067 -0.0100121 0.0012935 0.999949 -0.502942
0.999849 0.00850112 0.0151482 -50.2652 -0.00850685 0.999964 0.000313879 -2.67266 -0.015145 -0.000442694 0.999885 -0.516857
0.999893 0.00710254 0.0127959 -52.7389 -0.0071061 0.999975 0.000233089 -2.76654 -0.0127939 -0.000323992 0.999918 -0.522735
0.999839 0.00286329 0.0177397 -55.24 -0.00281424 0.999992 -0.00278898 -2.88462 -0.0177475 0.00273861 0.999839 -0.508886
0.999863 -0.00201546 0.0164135 -57.7335 0.00202561 0.999998 -0.000601824 -2.99111 -0.0164122 0.000634989 0.999865 -0.550916
0.999874 -0.00720137 0.0141655 -60.2306 0.0072045 0.999974 -0.000169861 -3.14139 -0.0141639 0.000271895 0.9999 -0.5256
0.999816 -0.0127292 0.0143598 -62.7451 0.0127163 0.999919 0.000990478 -3.29377 -0.0143713 -0.00080769 0.999896 -0.532684
0.999742 -0.0180945 0.013721 -65.2866 0.0180766 0.999836 0.00143208 -3.4533 -0.0137447 -0.00118368 0.999905 -0.548925
0.999608 -0.0234369 0.0153085 -67.8512 0.0234103 0.999724 0.00191662 -3.63743 -0.0153492 -0.00155749 0.999881 -0.567454
0.999484 -0.0270048 0.01741 -70.4155 0.0270126 0.999635 -0.000212584 -3.84866 -0.0173979 0.000682764 0.999848 -0.583056
0.999441 -0.0288922 0.0168464 -72.9906 0.0289447 0.999577 -0.002882 -4.05203 -0.016756 0.003368 0.999854 -0.568984
0.99951 -0.0283919 0.013162 -75.5802 0.0284459 0.999588 -0.00393364 -4.2462 -0.0130449 0.00430611 0.999906 -0.584302
0.999535 -0.0264823 0.0151496 -78.1772 0.0265301 0.999644 -0.00296303 -4.45273 -0.0150658 0.00336357 0.999881 -0.611457
0.999598 -0.0231298 0.0163913 -80.7853 0.0231594 0.999731 -0.00162107 -4.6381 -0.0163494 0.00200003 0.999864 -0.638119
0.999723 -0.0193798 0.0133991 -83.3914 0.0193926 0.999812 -0.000825979 -4.82467 -0.0133806 0.00108559 0.99991 -0.637177
0.999797 -0.0156837 0.012671 -86.0187 0.015675 0.999877 0.000790538 -4.98734 -0.0126819 -0.000591758 0.999919 -0.660242
0.999845 -0.0124423 0.012462 -88.6503 0.0124503 0.999922 -0.000564753 -5.15229 -0.012454 0.000719822 0.999922 -0.684268
0.99988 -0.00953557 0.0122606 -91.3005 0.0095595 0.999953 -0.00189477 -5.32238 -0.0122419 0.00201175 0.999923 -0.709072
0.999931 -0.00709655 0.00935677 -93.969 0.00710745 0.999974 -0.00113112 -5.46236 -0.0093485 0.00119754 0.999956 -0.736597
0.999917 -0.0053313 0.0117223 -96.6169 0.00533665 0.999986 -0.000424875 -5.6171 -0.0117199 0.000487398 0.999931 -0.752775
0.999893 -0.00316011 0.0143234 -99.2862 0.00315726 0.999995 0.000221405 -5.75539 -0.014324 -0.000176158 0.999897 -0.758448
0.99991 -0.00149291 0.0133651 -101.96 0.00148771 0.999999 0.000399567 -5.89255 -0.0133657 -0.000379646 0.999911 -0.765092
0.99994 0.000256344 0.0109355 -104.649 -0.000257575 1 0.000111412 -6.02867 -0.0109355 -0.000114221 0.99994 -0.791058
0.999933 0.00232297 0.0113393 -107.352 -0.0023088 0.999997 -0.00126277 -6.15245 -0.0113422 0.00123651 0.999935 -0.804005
0.999922 0.00400905 0.0118368 -110.047 -0.00398217 0.99999 -0.00229336 -6.2895 -0.0118458 0.00224604 0.999927 -0.838679
0.999906 0.0059312 0.0124055 -112.75 -0.00589519 0.999978 -0.00293749 -6.40444 -0.0124226 0.00286408 0.999919 -0.870157
0.999894 0.0070562 0.0127858 -115.456 -0.0070105 0.999969 -0.00361585 -6.50912 -0.0128109 0.00352583 0.999912 -0.889469
0.999873 0.00845054 0.0134965 -118.179 -0.00837563 0.999949 -0.00559776 -6.62803 -0.0135431 0.00548401 0.999893 -0.914844
0.999867 0.00917793 0.0134883 -120.901 -0.00912182 0.99995 -0.00421551 -6.73908 -0.0135263 0.00409191 0.9999 -0.929342
0.999832 0.00947417 0.0156979 -123.623 -0.0094151 0.999949 -0.00383239 -6.8404 -0.0157334 0.00368395 0.99987 -0.933334
0.999826 0.0100616 0.0157336 -126.338 -0.0100305 0.999948 -0.00205141 -6.95079 -0.0157534 0.00189324 0.999874 -0.968849
0.9998 0.0103616 0.0170903 -129.056 -0.0103594 0.999947 -0.000217267 -7.05409 -0.0170916 4.01799e-05 0.999854 -0.977416
0.999805 0.0108296 0.0165424 -131.793 -0.0108347 0.999942 0.00022219 -7.14715 -0.016539 -0.000401377 0.999863 -0.967737
0.999817 0.0114685 0.0153493 -134.505 -0.0114738 0.999934 0.000256319 -7.25129 -0.0153453 -0.000432384 0.999882 -0.97082
0.999781 0.0123722 0.0169111 -137.23 -0.0123734 0.999924 -3.22619e-05 -7.34258 -0.0169102 -0.000176991 0.999857 -0.978683
0.999773 0.0132534 0.0166836 -139.947 -0.0132678 0.999912 0.000752976 -7.44614 -0.0166721 -0.000974158 0.999861 -0.952488
0.999713 0.0146254 0.0189566 -142.675 -0.0146527 0.999892 0.00130003 -7.53714 -0.0189355 -0.00157742 0.99982 -0.96976
0.999699 0.0155623 0.0189551 -145.407 -0.0155717 0.999879 0.000348913 -7.6165 -0.0189474 -0.00064397 0.99982 -0.965114
0.99971 0.0162193 0.0178042 -148.123 -0.0162284 0.999868 0.000368675 -7.71009 -0.0177959 -0.000657501 0.999841 -0.952802
0.999755 0.0167179 0.0145338 -150.855 -0.0167356 0.99986 0.00110073 -7.78347 -0.0145134 -0.00134369 0.999894 -0.954442
0.999734 0.0172393 0.0153461 -153.561 -0.0172773 0.999848 0.00235165 -7.86273 -0.0153033 -0.00261616 0.999879 -0.957579
0.999711 0.0172003 0.0167926 -156.275 -0.017274 0.999842 0.00425621 -7.94842 -0.0167167 -0.00454506 0.99985 -0.961926
0.999688 0.017512 0.0177904 -159.007 -0.0175245 0.999847 0.000549067 -8.02493 -0.017778 -0.000860662 0.999842 -0.970341
0.999622 0.017352 0.0213252 -161.727 -0.0173274 0.999849 -0.00133452 -8.12225 -0.0213451 0.000964508 0.999772 -0.967672
0.999737 0.0160892 0.0163492 -164.465 -0.0160579 0.999869 -0.00204399 -8.19733 -0.0163799 0.00178091 0.999864 -0.958137
0.999705 0.0145861 0.019423 -167.172 -0.0145743 0.999894 -0.000751632 -8.27867 -0.0194319 0.000468335 0.999811 -0.962663
0.9997 0.013102 0.0206728 -169.896 -0.0131118 0.999914 0.000337965 -8.38082 -0.0206666 -0.000608919 0.999786 -0.956507
0.999798 0.0118069 0.0162529 -172.636 -0.0118141 0.99993 0.000348911 -8.46834 -0.0162477 -0.000540852 0.999868 -0.965739
0.99976 0.0102301 0.0193469 -175.372 -0.010259 0.999947 0.00139886 -8.57641 -0.0193316 -0.00159701 0.999812 -0.966196
0.99977 0.00929917 0.0193106 -178.099 -0.00932286 0.999956 0.00113785 -8.69055 -0.0192991 -0.00131762 0.999813 -0.952887
0.999831 0.00846592 0.016309 -180.83 -0.00843271 0.999963 -0.00210344 -8.79596 -0.0163262 0.00196556 0.999865 -0.95722
0.999801 0.00787725 0.0183313 -183.55 -0.00780127 0.999961 -0.00421231 -8.89331 -0.0183637 0.00406847 0.999823 -0.963758
0.999743 0.0079796 0.021216 -186.267 -0.00786165 0.999953 -0.00563693 -9.01028 -0.02126 0.00546869 0.999759 -0.965028
0.999709 0.00837953 0.0226208 -188.997 -0.00826202 0.999952 -0.00528304 -9.13708 -0.022664 0.00509461 0.99973 -0.940221
0.999697 0.00881234 0.0229764 -191.733 -0.00875801 0.999959 -0.00246352 -9.23905 -0.0229971 0.00226155 0.999733 -0.943712
0.999691 0.00909103 0.0231497 -194.468 -0.00907496 0.999959 -0.000798565 -9.33203 -0.023156 0.000588236 0.999731 -0.962908
0.999703 0.00955908 0.0224166 -197.185 -0.00955688 0.999955 -0.000204832 -9.43469 -0.0224175 -9.46072e-06 0.999748 -0.939426
0.999697 0.00988336 0.0225335 -199.903 -0.00986717 0.999951 -0.000829067 -9.55283 -0.0225406 0.000606475 0.999746 -0.924863
0.9997 0.0100427 0.0223331 -202.634 -0.0100259 0.99995 -0.000862713 -9.65899 -0.0223407 0.000638546 0.99975 -0.910445
0.999732 0.00959228 0.0210609 -205.349 -0.00956036 0.999953 -0.00161541 -9.78058 -0.0210754 0.00141362 0.999777 -0.9078
0.999716 0.00828053 0.0223707 -208.093 -0.00819284 0.999959 -0.00400809 -9.87841 -0.022403 0.00382367 0.999742 -0.879674
0.999676 0.00663454 0.0245636 -210.827 -0.00651105 0.999966 -0.00510348 -9.98829 -0.0245966 0.0049419 0.999685 -0.866101
0.999605 0.00493002 0.0276674 -213.566 -0.004825 0.999981 -0.00386087 -10.0867 -0.0276859 0.00372585 0.99961 -0.819487
0.999635 0.00281628 0.0268832 -216.303 -0.00274689 0.999993 -0.0026173 -10.2311 -0.0268904 0.0025425 0.999635 -0.780377
0.999628 0.00136298 0.0272322 -219.031 -0.00122833 0.999987 -0.00495999 -10.364 -0.0272386 0.00492469 0.999617 -0.774757
0.999521 3.31497e-05 0.0309403 -221.763 7.51298e-05 0.999994 -0.003498 -10.4774 -0.0309402 0.00349865 0.999515 -0.761266
0.999608 -0.00200202 0.0279335 -224.5 0.0021524 0.999984 -0.00535399 -10.6208 -0.0279223 0.00541201 0.999595 -0.743125
0.999642 -0.00306604 0.0265894 -227.233 0.00324599 0.999972 -0.00672674 -10.7538 -0.026568 0.00681064 0.999624 -0.705477
0.999553 -0.0034676 0.0296819 -229.958 0.00371338 0.99996 -0.00822889 -10.8989 -0.0296521 0.00833543 0.999525 -0.661569
0.999561 -0.00375906 0.0293843 -232.697 0.00400048 0.999959 -0.00816091 -11.0383 -0.0293525 0.00827488 0.999535 -0.618246
0.999586 -0.00349991 0.0285644 -235.413 0.00367797 0.999974 -0.00618274 -11.1697 -0.028542 0.00628523 0.999573 -0.593459
0.999506 -0.0036101 0.0312144 -238.155 0.0037864 0.999977 -0.0055904 -11.3165 -0.0311935 0.00570582 0.999497 -0.576376
0.999423 -0.00351582 0.0337736 -240.889 0.00368812 0.999981 -0.00504028 -11.4611 -0.0337552 0.00516194 0.999417 -0.555025
0.999436 -0.00422904 0.0333061 -243.613 0.00441399 0.999975 -0.00548082 -11.6083 -0.0332821 0.00562474 0.99943 -0.486195
0.999483 -0.00490191 0.0317774 -246.349 0.00508062 0.999972 -0.00554492 -11.7514 -0.0317493 0.0057035 0.99948 -0.451892
0.999481 -0.00573856 0.0316908 -249.085 0.00587742 0.999974 -0.00428998 -11.9085 -0.0316653 0.00447401 0.999489 -0.408652
0.999454 -0.00674124 0.0323387 -251.823 0.00700639 0.999943 -0.00809245 -12.0424 -0.0322823 0.00831461 0.999444 -0.400845
0.999267 -0.00816855 0.0373968 -254.52 0.00836898 0.999952 -0.00520586 -12.2174 -0.0373525 0.00551502 0.999287 -0.351174
0.99936 -0.00924173 0.0345664 -257.255 0.00933539 0.999953 -0.00254867 -12.3624 -0.0345412 0.00286972 0.999399 -0.300755
0.999429 -0.0103093 0.0321781 -259.993 0.0104821 0.999932 -0.00520531 -12.5156 -0.0321223 0.00553963 0.999469 -0.257942
0.999438 -0.0110731 0.0316509 -262.72 0.011262 0.99992 -0.00579686 -12.687 -0.0315842 0.00615005 0.999482 -0.218896
0.99939 -0.0135388 0.0321821 -265.461 0.0137242 0.999891 -0.00554568 -12.8526 -0.0321035 0.00598397 0.999467 -0.173063
0.999111 -0.0162134 0.0389095 -268.172 0.0164235 0.999852 -0.00508528 -13.0554 -0.0388213 0.00571979 0.99923 -0.13792
0.999149 -0.0186177 0.036814 -270.902 0.0187895 0.999814 -0.00432485 -13.2164 -0.0367266 0.00501289 0.999313 -0.091453
0.999193 -0.0223305 0.0333856 -273.648 0.0226638 0.999697 -0.00963843 -13.4037 -0.0331602 0.0103873 0.999396 -0.0623436
0.999093 -0.024191 0.0350549 -276.358 0.0245594 0.999647 -0.0101167 -13.6127 -0.0347978 0.0109684 0.999334 -0.0288155
0.998906 -0.0252691 0.039356 -279.072 0.0256146 0.999637 -0.00829803 -13.8233 -0.0391321 0.00929703 0.999191 0.0196615
0.998969 -0.0250414 0.0378691 -281.793 0.0253168 0.999656 -0.0068099 -14.0068 -0.0376855 0.0077616 0.999259 0.0869114
0.998996 -0.0237622 0.0379818 -284.508 0.0240065 0.999694 -0.00598904 -14.1952 -0.0378279 0.00689484 0.99926 0.12715
0.998972 -0.022902 0.0391054 -287.227 0.0230507 0.999729 -0.00335502 -14.4099 -0.039018 0.00425298 0.999229 0.190428
0.999011 -0.0216779 0.0388068 -289.958 0.0217719 0.999761 -0.00199928 -14.5975 -0.0387542 0.0028422 0.999245 0.243933
0.999058 -0.0211234 0.0378961 -292.676 0.0212398 0.999771 -0.00267101 -14.7854 -0.0378309 0.00347339 0.999278 0.298188
0.999113 -0.0204679 0.0367853 -295.384 0.0205176 0.999789 -0.000972915 -14.9631 -0.0367576 0.0017268 0.999322 0.338118
0.999119 -0.0198101 0.036984 -298.078 0.0198677 0.999802 -0.00118977 -15.129 -0.0369531 0.00192351 0.999315 0.380779
0.999103 -0.0197438 0.0374618 -300.816 0.0198517 0.9998 -0.0025102 -15.3448 -0.0374048 0.00325163 0.999295 0.414123
0.999097 -0.0189033 0.0380464 -303.536 0.0190118 0.999816 -0.00248997 -15.5256 -0.0379923 0.00321105 0.999273 0.446323
0.999056 -0.0181239 0.0394728 -306.225 0.0182007 0.999833 -0.0015861 -15.7125 -0.0394374 0.00230303 0.999219 0.487528
0.999023 -0.0181804 0.0402721 -308.942 0.0182019 0.999834 -0.000166374 -15.8861 -0.0402624 0.000899238 0.999188 0.55937
0.999115 -0.0183891 0.0378258 -311.668 0.0184316 0.99983 -0.000774137 -16.0623 -0.0378051 0.00147064 0.999284 0.636373
0.99903 -0.0185144 0.0399545 -314.354 0.0185644 0.999827 -0.000881046 -16.2303 -0.0399312 0.00162192 0.999201 0.676359
0.999144 -0.018163 0.0371613 -317.025 0.0182372 0.999832 -0.00165801 -16.4224 -0.0371249 0.00233431 0.999308 0.73042
0.999045 -0.0181588 0.0397314 -319.684 0.0183546 0.999821 -0.00456737 -16.5868 -0.0396414 0.00529226 0.9992 0.778892
0.99909 -0.0173941 0.0389491 -322.309 0.0177424 0.999805 -0.00861226 -16.7579 -0.0387918 0.00929547 0.999204 0.848239
0.999116 -0.0174683 0.0382217 -324.918 0.0179296 0.99977 -0.0117595 -16.9557 -0.0380075 0.0124344 0.9992 0.910912
0.999044 -0.0177269 0.0399666 -326.229 0.0182212 0.999762 -0.0120368 -17.0527 -0.0397437 0.0127535 0.999128 0.931362
