1 0 0 0 0 1 0 0 0 0 1 0
0.99995 0.00439167 -0.00900695 1.04031 -0.00411611 0.99953 0.030387 0.151963 0.00913617 -0.0303484 0.999498 0.145543
0.999689 0.00311195 -0.0247506 2.46373 -0.00185042 0.998706 0.0508303 0.277239 0.0248768 -0.0507687 0.998401 0.156492
0.999793 -0.00180007 -0.0202714 3.46211 0.00275555 0.998881 0.0472053 0.383861 0.0201638 -0.0472514 0.99868 0.322306
0.99975 -0.00406404 -0.0219772 4.74993 0.00511411 0.998837 0.0479365 0.533318 0.0217569 -0.048037 0.998609 0.300429
0.999981 -0.0054166 -0.00284674 5.80872 0.00551085 0.999399 0.0342132 0.599496 0.00265972 -0.0342282 0.999411 0.322564
0.9998 -0.00612304 0.0190225 7.14154 0.00576236 0.999804 0.0189578 0.728205 -0.0191348 -0.0188444 0.999639 0.430477
0.999833 -0.00848795 0.0161804 8.26995 0.00803808 0.999585 0.0276681 0.806215 -0.0164086 -0.0275334 0.999486 0.511172
0.999922 -0.00786564 0.00975433 9.46152 0.00748564 0.999234 0.0383991 0.890273 -0.0100489 -0.0383231 0.999215 0.696044
0.999911 -0.00859205 -0.0102587 10.6902 0.00906679 0.998846 0.0471647 1.00732 0.00984159 -0.0472535 0.998834 0.89527
0.999878 -0.00784781 -0.0135476 11.964 0.00863795 0.998204 0.0592855 1.11235 0.013058 -0.0593953 0.998149 1.05416
0.999605 -0.00787286 -0.0269737 13.3053 0.00973298 0.997532 0.0695386 1.23728 0.0263596 -0.0697737 0.997214 1.21055
0.997021 -0.0542897 -0.0547835 14.95 0.0582992 0.995519 0.0744587 0.763773 0.0504956 -0.0774307 0.995718 1.50703
0.996501 -0.0569418 -0.0611934 16.4507 0.0621976 0.994201 0.0877266 0.967709 0.0558432 -0.0912257 0.994263 1.68667
0.996078 -0.0639544 -0.0611398 18.0379 0.0693095 0.993536 0.0899036 1.16111 0.0549949 -0.0937886 0.994072 1.88735
0.995845 -0.0735094 -0.0537605 20.011 0.0779502 0.993259 0.0857973 1.30198 0.0470911 -0.0896315 0.994861 2.1585
0.995277 -0.0850467 -0.0468042 22.0643 0.0886322 0.992784 0.0807764 1.46379 0.0395967 -0.0845432 0.995633 2.466
0.994802 -0.0922085 -0.0432079 24.2107 0.0953772 0.992369 0.0781477 1.66528 0.0356723 -0.0818625 0.996005 2.78753
0.99494 -0.095409 -0.031496 26.3952 0.097272 0.993188 0.0641598 1.97081 0.02516 -0.0668988 0.997443 3.0994
0.99441 -0.104268 -0.016678 28.557 0.105187 0.991992 0.0699177 2.18021 0.00925422 -0.0712811 0.997413 3.39138
0.993726 -0.111783 -0.00379949 30.8005 0.111773 0.991262 0.0700504 2.45778 -0.00406415 -0.0700355 0.997536 3.61397
0.992984 -0.11824 0.00132814 33.1432 0.117933 0.991102 0.0617124 2.73205 -0.0086132 -0.0611229 0.998093 3.76894
0.992069 -0.125421 0.00835413 35.5387 0.124692 0.990339 0.0606615 3.03491 -0.0158817 -0.0591387 0.998124 3.91181
0.990907 -0.134261 0.00880935 37.9948 0.133569 0.989464 0.0558588 3.35005 -0.0162162 -0.0541742 0.9984 4.01465
0.991125 -0.130338 0.0261304 40.4032 0.128999 0.990499 0.0476471 3.80512 -0.0320924 -0.0438534 0.998523 3.97513
0.990837 -0.133103 0.0229238 43.1273 0.131856 0.990043 0.0492776 4.25342 -0.0292546 -0.0458035 0.998522 3.87304
0.992198 -0.123246 0.0188132 45.6032 0.12228 0.991433 0.0459183 4.59291 -0.0243113 -0.0432595 0.998768 3.73668
0.99289 -0.118733 0.00850384 48.133 0.118257 0.992028 0.0435433 5.02438 -0.0136061 -0.0422281 0.999015 3.6334
0.993569 -0.113209 -0.00209225 50.647 0.113182 0.992455 0.0471476 5.50113 -0.0032611 -0.0470812 0.998886 3.58913
0.993728 -0.111452 -0.00917709 53.1796 0.11174 0.992861 0.0417146 5.93225 0.00446238 -0.0424784 0.999088 3.58972
0.994261 -0.10684 -0.00559286 55.6894 0.106981 0.99336 0.0423047 6.39625 0.0010359 -0.0426602 0.999089 3.59464
0.994797 -0.101871 -0.00143863 58.169 0.101834 0.993804 0.0445358 6.8436 -0.00310721 -0.0444506 0.999007 3.64149
0.994961 -0.10023 -0.00246347 60.6285 0.10023 0.993758 0.0489798 7.18559 -0.00246115 -0.0489799 0.998797 3.71515
0.994672 -0.102637 -0.00962595 63.0482 0.102971 0.993644 0.0454769 7.44747 0.00489713 -0.0462258 0.998919 3.69671
0.994086 -0.106948 -0.0188319 65.3354 0.107736 0.993043 0.0475251 7.68867 0.0136182 -0.049273 0.998693 3.70932
0.994349 -0.102832 -0.0263727 67.4105 0.104045 0.993327 0.0497506 8.04211 0.0210808 -0.0522134 0.998414 3.76024
0.99447 -0.0970666 -0.0401037 69.3699 0.0990784 0.993738 0.0516588 8.47469 0.0348383 -0.0553465 0.997859 3.84701
0.99419 -0.098531 -0.0433319 71.2801 0.100737 0.99355 0.0520589 8.76242 0.0379229 -0.0561216 0.997704 3.90569
0.994381 -0.0961777 -0.0442356 73.0696 0.0983773 0.993863 0.0505698 9.07944 0.0391004 -0.0546374 0.997741 4.00238
0.994614 -0.090813 -0.0499708 74.7413 0.0933452 0.994331 0.0509151 9.39117 0.0450637 -0.0553053 0.997452 4.07945
0.994831 -0.0889061 -0.0490571 76.2081 0.0913122 0.994606 0.0491993 9.60498 0.0444183 -0.0534245 0.997584 4.17429
0.995167 -0.0838194 -0.0511487 77.7086 0.0862695 0.995127 0.0477336 9.86838 0.0468985 -0.0519155 0.99755 4.28455
0.995005 -0.0840554 -0.0538539 79.0708 0.0866596 0.995081 0.047994 10.0865 0.0495548 -0.0524212 0.997395 4.34645
0.994982 -0.0856855 -0.0516661 80.3803 0.0878081 0.995321 0.0403123 10.2973 0.0479702 -0.0446467 0.997851 4.45506
0.99474 -0.0857433 -0.0560372 81.6164 0.0878008 0.995511 0.0353438 10.5031 0.0527551 -0.0400781 0.997803 4.50284
0.994555 -0.0870034 -0.0573645 82.7607 0.0890975 0.995407 0.0350139 10.7022 0.0540547 -0.0399343 0.997739 4.57719
0.994662 -0.0852285 -0.0581689 83.8343 0.0873367 0.995574 0.0347117 10.9139 0.054953 -0.0396068 0.997703 4.64902
0.994471 -0.0858235 -0.0605075 84.8983 0.0879405 0.995571 0.0332343 11.1145 0.0573872 -0.0383716 0.997614 4.74336
0.993851 -0.0903396 -0.064016 85.8622 0.0925201 0.995198 0.0319514 11.2811 0.0608221 -0.0376778 0.997437 4.82608
0.993585 -0.0929193 -0.0644506 86.7874 0.0950894 0.994971 0.0314565 11.4614 0.0612036 -0.0373833 0.997425 4.89675
0.993032 -0.0990195 -0.0638937 87.6696 0.101178 0.99437 0.0314784 11.6148 0.060417 -0.0377237 0.99746 4.96274
0.993268 -0.096222 -0.0645018 88.5171 0.0983311 0.99469 0.030356 11.7789 0.0612384 -0.0364942 0.997456 5.05654
0.992737 -0.093091 -0.0761991 89.3454 0.0955664 0.994985 0.029503 11.9277 0.0730706 -0.0365708 0.996656 5.12651
0.990504 -0.0954167 -0.098981 90.1182 0.0971701 0.995182 0.0130364 12.0548 0.0972602 -0.0225306 0.995004 5.24592
0.990039 -0.0819745 -0.114468 90.9549 0.0834564 0.996477 0.00820641 12.1703 0.113392 -0.0176778 0.993393 5.36159
0.974298 -0.147195 -0.170521 91.4581 0.149978 0.988683 0.00348726 12.2506 0.168078 -0.0289721 0.985348 5.47459
0.955032 -0.210498 -0.208816 92.1671 0.216071 0.976369 0.00397703 12.232 0.203045 -0.0489173 0.977947 5.68246
0.902432 -0.335551 -0.270224 92.67 0.343925 0.938838 -0.0172425 12.1443 0.259482 -0.0773765 0.962643 5.6935
0.898757 -0.346006 -0.269287 92.5263 0.354604 0.934849 -0.0176771 12.1423 0.25786 -0.079603 0.962898 5.68235
0.900438 -0.345477 -0.264303 91.8624 0.355052 0.934766 -0.0122515 11.8397 0.251294 -0.0828094 0.964362 5.29106
0.900715 -0.344899 -0.264117 91.1346 0.354409 0.935009 -0.0123502 11.4925 0.251211 -0.0824813 0.964412 5.08442
0.899092 -0.34288 -0.272151 90.1889 0.350694 0.936254 -0.0210058 11.0319 0.262005 -0.0765556 0.962026 5.12397
0.899747 -0.342148 -0.270906 88.1958 0.350875 0.936265 -0.0171351 10.1455 0.259503 -0.079637 0.962454 4.5031
0.89958 -0.342644 -0.270834 86.1866 0.35119 0.936133 -0.0178571 9.23756 0.259655 -0.0790503 0.962461 3.90007
0.899095 -0.343154 -0.271798 84.1694 0.351548 0.935981 -0.0188063 8.32435 0.260851 -0.0786412 0.962171 3.27736
0.899637 -0.343524 -0.269526 82.1586 0.351999 0.93583 -0.0178421 7.40384 0.25836 -0.0788215 0.962828 2.65194
0.898914 -0.344482 -0.270713 80.1303 0.353166 0.935395 -0.0175884 6.47456 0.259282 -0.0797961 0.9625 2.04915
0.898925 -0.345159 -0.269813 78.1024 0.354386 0.934973 -0.015376 5.55184 0.257576 -0.0817961 0.96279 1.415
0.899301 -0.345084 -0.268655 76.0626 0.354436 0.934967 -0.0145098 4.61819 0.256191 -0.0821723 0.963127 0.789346
0.899459 -0.344926 -0.268327 74.0167 0.354548 0.934942 -0.013358 3.67973 0.255478 -0.0831199 0.963235 0.169692
0.900245 -0.343722 -0.267233 71.9789 0.353806 0.935253 -0.0110583 2.7545 0.253732 -0.0845935 0.963569 -0.436088
0.900423 -0.342572 -0.268111 69.9355 0.352023 0.935892 -0.013581 1.83323 0.255575 -0.0821526 0.963293 -1.06634
0.901769 -0.34063 -0.266052 67.8887 0.349797 0.936725 -0.0136843 0.903474 0.253879 -0.0807241 0.963862 -1.67715
0.902533 -0.338686 -0.265944 65.8293 0.347151 0.937672 -0.0160211 -0.0206105 0.254794 -0.0778631 0.963856 -2.30622
0.904479 -0.335815 -0.262955 63.7713 0.344344 0.938733 -0.0144064 -0.932218 0.251683 -0.0775167 0.964701 -2.92073
0.905034 -0.332461 -0.265299 61.6968 0.341595 0.939765 -0.0123648 -1.8469 0.25343 -0.0794343 0.964087 -3.53042
0.906034 -0.330102 -0.264831 59.6311 0.339534 0.940532 -0.0107339 -2.7447 0.252625 -0.0801937 0.964236 -4.15485
0.906951 -0.329861 -0.261977 57.5628 0.339291 0.940631 -0.00976222 -3.64292 0.249644 -0.0800324 0.965025 -4.77347
0.90598 -0.33243 -0.262091 55.5085 0.34207 0.939628 -0.00935661 -4.5517 0.249378 -0.0811764 0.964998 -5.37974
0.901392 -0.339966 -0.26817 53.4566 0.349001 0.937006 -0.0147798 -5.47216 0.256301 -0.0802692 0.963259 -5.97777
0.899212 -0.347575 -0.265726 51.4204 0.358361 0.933545 -0.00840744 -6.39836 0.250989 -0.0876657 0.964012 -6.63159
0.895037 -0.359179 -0.264383 49.4003 0.36996 0.928998 -0.00964116 -7.34455 0.249074 -0.089182 0.96437 -7.2123
0.88687 -0.373154 -0.272429 47.4001 0.383991 0.923222 -0.014512 -8.34119 0.256928 -0.0917401 0.962067 -7.81806
0.881843 -0.389686 -0.265514 45.442 0.401819 0.915671 -0.00935087 -9.34404 0.246767 -0.0984425 0.964062 -8.40983
0.874109 -0.408649 -0.262562 43.5228 0.421575 0.90676 -0.007784 -10.3747 0.241262 -0.103886 0.964884 -8.98202
0.863269 -0.428182 -0.267259 41.6114 0.441382 0.897242 -0.0117922 -11.4674 0.244845 -0.107784 0.963553 -9.54584
0.852035 -0.445665 -0.274625 39.7351 0.460741 0.887469 -0.0107272 -12.5883 0.248502 -0.117391 0.961492 -10.1098
0.844616 -0.463735 -0.267533 37.9007 0.478991 0.87777 -0.00930391 -13.7438 0.239147 -0.120288 0.963504 -10.6518
0.837998 -0.477556 -0.264009 36.115 0.492443 0.870273 -0.0111271 -14.9384 0.235073 -0.120685 0.964457 -11.1894
0.829331 -0.489569 -0.269319 34.3542 0.501651 0.864648 -0.0269927 -16.1434 0.246081 -0.112718 0.962673 -11.7121
0.826456 -0.495536 -0.267235 32.6995 0.507374 0.861273 -0.0279495 -17.2855 0.244012 -0.112489 0.963226 -12.2137
0.823899 -0.497764 -0.270965 31.1435 0.511427 0.859019 -0.0229714 -18.3586 0.244199 -0.119653 0.962315 -12.6703
0.821853 -0.500552 -0.27204 29.7011 0.514765 0.857053 -0.0218261 -19.3642 0.244078 -0.122099 0.962039 -13.1215
0.820081 -0.504705 -0.269703 28.3587 0.519411 0.854306 -0.0193303 -20.3432 0.240165 -0.124234 0.96275 -13.5476
0.81769 -0.509794 -0.267382 27.0409 0.525285 0.850781 -0.0157193 -21.2776 0.235497 -0.127598 0.963463 -13.9579
0.81473 -0.515314 -0.265833 25.7683 0.530871 0.847311 -0.0154755 -22.1946 0.233218 -0.128515 0.963895 -14.3522
0.812582 -0.519607 -0.264043 24.5268 0.535466 0.844442 -0.0138898 -23.1105 0.230186 -0.1301 0.964411 -14.7216
0.81053 -0.523136 -0.263382 23.299 0.53923 0.842057 -0.0130931 -24.0242 0.228632 -0.131411 0.964603 -15.1052
0.809237 -0.525129 -0.263392 22.0537 0.541497 0.840613 -0.0122678 -24.9512 0.227853 -0.132698 0.964611 -15.4729
0.808499 -0.526175 -0.263573 20.8527 0.543015 0.839657 -0.0105446 -25.8625 0.226859 -0.134599 0.964582 -15.8469
0.807873 -0.527005 -0.263832 19.6656 0.544004 0.839021 -0.0101666 -26.7675 0.226719 -0.135312 0.964515 -16.2194
0.806759 -0.527947 -0.265352 18.5145 0.544792 0.838486 -0.0119119 -27.6296 0.228783 -0.134952 0.964078 -16.5659
0.806281 -0.528245 -0.266211 17.4275 0.545181 0.838231 -0.0121042 -28.4506 0.22954 -0.135374 0.963839 -16.8692
0.806444 -0.528602 -0.265006 16.4511 0.545423 0.838076 -0.01191 -29.1808 0.228391 -0.134936 0.964174 -17.149
0.806496 -0.528681 -0.264691 15.5815 0.54562 0.837957 -0.0112293 -29.8358 0.227736 -0.135364 0.964268 -17.3948
0.806014 -0.529267 -0.264986 14.8173 0.54638 0.837468 -0.0107691 -30.4082 0.227617 -0.136103 0.964192 -17.6209
0.806932 -0.529081 -0.262555 14.1288 0.545537 0.838 -0.0120276 -30.9274 0.226385 -0.133528 0.964842 -17.8185
0.808227 -0.52869 -0.259339 13.5079 0.545701 0.837945 -0.00756861 -31.385 0.221314 -0.135405 0.965757 -18.011
0.808974 -0.530546 -0.253144 12.8949 0.54743 0.836839 -0.00444317 -31.8566 0.214198 -0.134984 0.967419 -18.1946
0.807653 -0.533126 -0.251939 12.2811 0.54958 0.835419 -0.00600606 -32.3246 0.213677 -0.13361 0.967725 -18.3773
0.806635 -0.535131 -0.250949 11.6343 0.552011 0.833828 -0.00372926 -32.8245 0.211244 -0.135518 0.967994 -18.5706
0.805647 -0.537419 -0.249226 10.9306 0.554283 0.832323 -0.00300539 -33.3627 0.209052 -0.13572 0.968441 -18.7771
0.804356 -0.539596 -0.248691 10.1774 0.556593 0.830782 -0.00236259 -33.9507 0.207883 -0.136519 0.96858 -18.9844
0.802837 -0.541741 -0.248937 9.35017 0.559031 0.829145 -0.00149245 -34.5878 0.207213 -0.137965 0.968519 -19.2307
0.80081 -0.544832 -0.248721 8.46272 0.562103 0.827065 -0.00190318 -35.2855 0.206745 -0.138283 0.968574 -19.488
0.799266 -0.547921 -0.246892 7.52112 0.56485 0.825188 -0.00272349 -36.051 0.205225 -0.13728 0.96904 -19.7378
0.7981 -0.550054 -0.245921 6.51049 0.567143 0.823617 -0.0016112 -36.8598 0.203431 -0.138187 0.969289 -20.0424
0.79885 -0.549538 -0.244636 5.44894 0.566525 0.824043 -0.00112016 -37.7057 0.202206 -0.137698 0.969615 -20.3093
0.800038 -0.54749 -0.245344 4.35987 0.564389 0.825507 -0.00172993 -38.5916 0.20348 -0.137085 0.969435 -20.6357
0.801887 -0.544347 -0.2463 3.1815 0.561068 0.827765 -0.00275148 -39.509 0.205376 -0.135985 0.96919 -20.947
0.80434 -0.540824 -0.246062 1.95252 0.557301 0.830304 -0.00320693 -40.4504 0.206041 -0.134551 0.969249 -21.2463
0.807503 -0.5355 -0.247342 0.724448 0.552064 0.833797 -0.00285109 -41.3868 0.20776 -0.134246 0.968924 -21.5907
0.808897 -0.532461 -0.249341 -0.532439 0.548355 0.836217 -0.00677774 -42.3506 0.212112 -0.131245 0.968392 -21.9346
0.810034 -0.528327 -0.254393 -1.79386 0.546024 0.837768 -0.00124599 -43.3009 0.213781 -0.137896 0.9671 -22.283
0.81229 -0.525975 -0.252063 -3.06645 0.543755 0.839243 0.00105821 -44.2291 0.210986 -0.13792 0.96771 -22.6552
0.813281 -0.524519 -0.251899 -3.71058 0.542262 0.840208 0.00121578 -44.7111 0.21101 -0.137584 0.967753 -22.8283
