1 0 0 0 0 1 0 0 0 0 1 0
1 0.000104245 0.000197152 0.01029 -0.000104302 1 0.000290277 -0.00529767 -0.000197122 -0.000290297 1 0.00134375
1 0.000329802 0.000235914 0.0145112 -0.000329885 1 0.00035244 -0.00436795 -0.000235798 -0.000352518 1 0.00147743
1 0.000568828 0.000219532 0.0241783 -0.000568935 1 0.00048589 -0.00431556 -0.000219256 -0.000486015 1 0.00117126
1 0.000847169 0.000156985 0.0386573 -0.000847244 1 0.000477737 -0.00902478 -0.000156581 -0.00047787 1 6.79966e-05
1 0.000511577 0.000186867 0.0395119 -0.000511666 1 0.000478142 -0.000682876 -0.000186622 -0.000478237 1 -0.001547
1 0.0004375 0.000185476 0.0383042 -0.000437604 1 0.000558497 0.00222707 -0.000185231 -0.000558578 1 -0.00102846
1 0.000715236 0.00018253 0.0460361 -0.000715371 0.999999 0.000739372 0.00408039 -0.000182001 -0.000739502 1 -0.00137779
1 0.00091108 -7.82435e-05 0.0574815 -0.000911034 0.999999 0.000584044 0.00322897 7.87756e-05 -0.000583973 1 -0.00322983
1 0.000952671 -6.32262e-05 0.0619528 -0.000952634 0.999999 0.000582666 0.000250991 6.37812e-05 -0.000582605 1 -0.00279702
1 0.000831402 0.000303449 0.0720354 -0.000831625 0.999999 0.000736224 0.00194987 -0.000302837 -0.000736476 1 -0.000916689
0.999999 0.00101092 0.000482418 0.0836293 -0.00101143 0.999999 0.00107 0.000664259 -0.000481336 -0.00107049 0.999999 0.00223631
1 0.000788429 0.000449458 0.0845391 -0.000788921 0.999999 0.00109572 0.00576647 -0.000448594 -0.00109607 0.999999 0.00612887
1 0.000776678 0.000538588 0.0881416 -0.00077728 0.999999 0.00111854 0.00820126 -0.000537718 -0.00111896 0.999999 0.0013494
0.999999 0.00103846 0.000500522 0.100778 -0.00103905 0.999999 0.00116883 0.00506866 -0.000499307 -0.00116935 0.999999 0.000806894
0.999999 0.000976872 0.000644127 0.10293 -0.000977674 0.999999 0.00124743 0.00443552 -0.000642907 -0.00124806 0.999999 -0.0010795
0.999999 0.00104726 6.97432e-05 0.108983 -0.00104735 0.999999 0.00132106 0.00470382 -6.83595e-05 -0.00132113 0.999999 -0.00312932
1 0.000914765 -0.000263135 0.118717 -0.000914442 0.999999 0.0012245 0.00541772 0.000264255 -0.00122426 0.999999 -0.00331352
0.999999 0.000994802 -3.05419e-05 0.127002 -0.000994763 0.999999 0.00122606 0.0125083 3.17616e-05 -0.00122603 0.999999 -0.00556136
0.999999 0.00114971 -0.000192401 0.132509 -0.00114957 0.999999 0.000762993 0.0158278 0.000193278 -0.000762771 1 -0.00638047
0.999999 0.00138818 -0.000111161 0.139005 -0.00138807 0.999999 0.00100183 0.0166582 0.000112552 -0.00100167 1 -0.00443403
0.999999 0.00163058 3.3024e-05 0.152463 -0.00163061 0.999998 0.00110101 0.0205084 -3.12286e-05 -0.00110106 0.999999 -0.00223349
0.999999 0.00149789 -0.000247545 0.154435 -0.00149758 0.999998 0.00124017 0.0288273 0.000249403 -0.00123979 0.999999 -0.00472409
0.999998 0.00181958 -0.000861819 0.163864 -0.00181822 0.999997 0.00157951 0.0351904 0.000864691 -0.00157794 0.999998 -0.00818619
0.999997 0.00200249 -0.00155062 0.160985 -0.00199958 0.999996 0.0018742 0.0393056 0.00155437 -0.00187109 0.999997 -0.0159212
0.999996 0.00221605 -0.00134555 0.163717 -0.00221317 0.999995 0.00213239 0.0434927 0.00135027 -0.0021294 0.999997 -0.0215501
0.999997 0.00218929 -0.00124921 0.165727 -0.00218692 0.999996 0.00189649 0.046537 0.00125336 -0.00189375 0.999997 -0.0159313
0.999997 0.00219393 -0.00130186 0.162306 -0.00219135 0.999996 0.00197733 0.0467972 0.00130619 -0.00197447 0.999997 -0.0134697
0.999997 0.00199211 -0.00147089 0.158442 -0.00198882 0.999995 0.00223404 0.052568 0.00147534 -0.00223111 0.999996 -0.0150687
0.999997 0.00208302 -0.000843078 0.157666 -0.00208122 0.999995 0.00213448 0.0509927 0.000847521 -0.00213272 0.999997 -0.0125408
0.999997 0.00213988 -0.000649915 0.162731 -0.00213858 0.999996 0.00199197 0.05047 0.000654176 -0.00199058 0.999998 -0.00999856
0.999998 0.00185113 -0.000845428 0.166677 -0.00184941 0.999996 0.00202873 0.056575 0.00084918 -0.00202717 0.999998 -0.00837936
0.999998 0.00182263 -0.000650839 0.164953 -0.00182118 0.999996 0.00221133 0.0598717 0.000654867 -0.00221014 0.999997 -0.00683722
0.999998 0.00190656 -0.000838555 0.164419 -0.00190471 0.999996 0.00220145 0.0591266 0.000842749 -0.00219985 0.999997 -0.00922474
0.999997 0.0019915 -0.00130263 0.164833 -0.00198831 0.999995 0.0024427 0.059843 0.00130749 -0.00244011 0.999996 -0.0126587
0.999997 0.00200248 -0.00142647 0.167234 -0.00199926 0.999995 0.00225948 0.0540328 0.00143099 -0.00225662 0.999997 -0.0139639
0.999996 0.00189319 -0.0019053 0.172134 -0.00188838 0.999995 0.00252073 0.049026 0.00191007 -0.00251712 0.999995 -0.0187192
0.999997 0.00164808 -0.00193545 0.172785 -0.00164308 0.999995 0.00258316 0.0548988 0.0019397 -0.00257997 0.999995 -0.018485
0.999998 0.00158007 -0.00141319 0.170931 -0.00157635 0.999995 0.00263263 0.055229 0.00141734 -0.0026304 0.999996 -0.0222621
0.999997 0.00161632 -0.00140551 0.169418 -0.00161256 0.999995 0.00267054 0.0519597 0.00140982 -0.00266827 0.999996 -0.0241889
0.999997 0.00173343 -0.0016523 0.168066 -0.00172907 0.999995 0.00263821 0.0442106 0.00165687 -0.00263534 0.999995 -0.0244993
0.999997 0.00173155 -0.00184724 0.172255 -0.00172668 0.999995 0.0026372 0.043698 0.00185179 -0.002634 0.999995 -0.0202024
0.999996 0.00164367 -0.00239455 0.174646 -0.00163784 0.999996 0.00243721 0.0456526 0.00239855 -0.00243328 0.999994 -0.0128601
0.999996 0.00165518 -0.00237737 0.17189 -0.00164904 0.999995 0.00257997 0.0443752 0.00238163 -0.00257604 0.999994 -0.0128836
0.999996 0.00155632 -0.00228658 0.174445 -0.00155062 0.999996 0.00249008 0.0480846 0.00229045 -0.00248653 0.999995 -0.0134313
0.999995 0.00170679 -0.00258328 0.175633 -0.00170022 0.999995 0.0025416 0.0447922 0.00258761 -0.00253719 0.999994 -0.0136556
0.999995 0.001626 -0.00260854 0.178396 -0.00161916 0.999995 0.0026233 0.0444943 0.00261279 -0.00261906 0.999993 -0.0144006
0.999996 0.00162816 -0.00234798 0.180908 -0.00162256 0.999996 0.00238534 0.0439542 0.00235186 -0.00238152 0.999995 -0.013726
0.999995 0.00176522 -0.00239584 0.191063 -0.00175965 0.999996 0.00232409 0.0447286 0.00239993 -0.00231986 0.999995 -0.0169761
0.999995 0.00179215 -0.0023823 0.199696 -0.00178609 0.999995 0.00254321 0.0436091 0.00238685 -0.00253895 0.999994 -0.0224584
0.999995 0.00174133 -0.00278403 0.202136 -0.00173401 0.999995 0.00262902 0.0387417 0.00278859 -0.00262418 0.999993 -0.0285826
0.999995 0.00158872 -0.00273768 0.208708 -0.00158125 0.999995 0.0027299 0.0427809 0.00274201 -0.00272556 0.999993 -0.0309501
0.999994 0.00207694 -0.00260455 0.174756 -0.00206966 0.999994 0.00279193 0.039425 0.00261033 -0.00278653 0.999993 -0.0340064
0.999996 0.00212481 -0.00172251 0.150636 -0.00211966 0.999993 0.00298235 0.033573 0.00172884 -0.00297869 0.999994 -0.0449717
0.999997 0.00204103 -0.00120274 0.0213809 -0.00203737 0.999993 0.00303188 0.0211936 0.00120892 -0.00302942 0.999995 -0.0493943
0.999999 0.00107007 -0.000274402 -0.146246 -0.00106933 0.999996 0.0026906 0.007074 0.000277279 -0.00269031 0.999997 -0.0628421
1 -0.000123312 -0.000682567 -0.413287 0.000124968 0.999997 0.00242528 -0.00531854 0.000682265 -0.00242537 0.999997 -0.0607586
0.999996 -0.00118767 0.00258856 -0.753859 0.00118021 0.999995 0.00288356 -0.0170675 -0.00259197 -0.0028805 0.999993 -0.0914035
0.999996 -0.000853637 0.00255814 -1.18182 0.000841906 0.999989 0.00458365 -0.0363343 -0.00256203 -0.00458148 0.999987 -0.122722
0.99999 -0.00323937 0.00297575 -1.70217 0.00322608 0.999985 0.00445996 -0.0703217 -0.00299016 -0.00445032 0.999986 -0.15841
0.999946 -0.00930774 0.00467131 -2.31819 0.00929485 0.999953 0.00277279 -0.120972 -0.0046969 -0.00272922 0.999986 -0.19682
0.99989 -0.0142542 0.00402302 -3.08106 0.014243 0.999895 0.0027808 -0.162881 -0.00406223 -0.0027232 0.999988 -0.206916
0.999867 -0.015768 0.00413837 -3.93065 0.0157523 0.999869 0.00379491 -0.216511 -0.00419767 -0.00372922 0.999985 -0.231054
0.999876 -0.0154748 0.00292616 -4.86411 0.0154655 0.999875 0.00316589 -0.269836 -0.0029748 -0.00312024 0.999991 -0.234316
0.999882 -0.0147466 0.00423016 -5.82155 0.0147342 0.999887 0.002952 -0.34253 -0.00427322 -0.00288932 0.999987 -0.286084
0.999875 -0.0154136 0.00357934 -6.90803 0.0154038 0.999877 0.00274808 -0.408632 -0.00362127 -0.0026926 0.99999 -0.292653
0.999819 -0.0181829 0.0056389 -8.0588 0.0181688 0.999832 0.00254833 -0.478059 -0.00568429 -0.00244542 0.999981 -0.330138
0.999683 -0.0223932 0.0115151 -9.30519 0.0223518 0.999743 0.0037173 -0.562742 -0.0115954 -0.00345874 0.999927 -0.324684
0.999493 -0.0267694 0.0172609 -10.6051 0.0267571 0.999641 0.000944461 -0.675923 -0.01728 -0.000482131 0.999851 -0.348087
0.999376 -0.0306564 0.0175637 -11.9856 0.0306523 0.99953 0.000504008 -0.797749 -0.0175709 3.46771e-05 0.999846 -0.352956
0.99937 -0.0331031 0.0128038 -13.4244 0.0331264 0.99945 -0.00161679 -0.908851 -0.0127433 0.00203992 0.999917 -0.400953
0.999409 -0.0314024 0.0139839 -14.9112 0.0314588 0.999498 -0.00383349 -1.03295 -0.0138565 0.00427114 0.999895 -0.445811
0.999569 -0.0271828 0.0110726 -16.5072 0.0271899 0.99963 -0.000490465 -1.14511 -0.0110552 0.000791318 0.999939 -0.480974
0.999718 -0.0237078 0.00169279 -18.1925 0.023706 0.999718 0.00105172 -1.26152 -0.00171726 -0.00101129 0.999998 -0.520713
0.999706 -0.0220046 -0.0102137 -19.9504 0.0220209 0.999756 0.00148313 -1.37768 0.0101785 -0.00170761 0.999947 -0.563609
0.999484 -0.0220296 -0.0233672 -21.8012 0.0221426 0.999744 0.00458502 -1.50177 0.0232602 -0.00510006 0.999717 -0.655898
0.998964 -0.0238836 -0.0387381 -23.7396 0.0239629 0.999712 0.00158321 -1.63899 0.0386891 -0.00250985 0.999249 -0.778976
0.998594 -0.0259813 -0.0462083 -25.7434 0.026138 0.999655 0.00279055 -1.78867 0.0461198 -0.00399442 0.998928 -0.919022
0.997535 -0.0291251 -0.0638425 -27.7324 0.0292057 0.999573 0.000329338 -1.93471 0.0638057 -0.00219309 0.99796 -1.06253
0.995408 -0.0300006 -0.0909015 -29.5512 0.0303443 0.999537 0.00240194 -2.08014 0.0907874 -0.00514926 0.995857 -1.21821
0.9958 -0.0299772 -0.0865145 -31.0834 0.0295007 0.999542 -0.00678125 -2.21031 0.0866781 0.00420054 0.996228 -1.27336
0.997836 -0.0281208 -0.0594387 -32.4194 0.0282068 0.999602 0.000608965 -2.3122 0.0593979 -0.00228422 0.998232 -1.41916
0.998829 -0.0231967 -0.0424542 -33.7572 0.023303 0.999726 0.00201097 -2.39783 0.042396 -0.00299793 0.999097 -1.53678
0.998974 -0.0156217 -0.0425145 -35.1343 0.0155169 0.999876 -0.00279281 -2.49925 0.0425528 0.00213025 0.999092 -1.62207
0.998983 -0.007509 -0.0444579 -36.5803 0.00765762 0.999966 0.00317366 -2.5745 0.0444326 -0.00351088 0.999007 -1.70389
0.999006 0.00182991 -0.0445474 -38.0936 -0.00162573 0.999988 0.00461913 -2.62847 0.0445554 -0.00454211 0.998997 -1.81601
0.999228 0.0112198 -0.0376654 -39.6958 -0.0110886 0.999932 0.00368949 -2.68169 0.0377042 -0.00326898 0.999284 -1.94638
0.999435 0.0178707 -0.0284714 -41.4023 -0.017624 0.999805 0.00889197 -2.72855 0.0286248 -0.00838516 0.999555 -2.07341
0.999009 0.020907 -0.0392952 -43.2272 -0.0206161 0.999757 0.00779318 -2.77233 0.0394486 -0.00697534 0.999197 -2.18066
0.998614 0.0209376 -0.0482851 -45.1261 -0.0206155 0.999762 0.00715801 -2.82686 0.0484235 -0.00615267 0.998808 -2.30447
0.998648 0.0213401 -0.0474143 -47.0926 -0.0210865 0.999761 0.00584383 -2.88753 0.0475277 -0.00483613 0.998858 -2.43674
0.998864 0.0223754 -0.0420858 -49.1284 -0.0221284 0.999735 0.00632727 -2.93373 0.0422162 -0.00538879 0.999094 -2.56387
0.998927 0.0229998 -0.0401988 -51.2317 -0.0227482 0.999719 0.00670438 -2.98691 0.0403417 -0.00578273 0.999169 -2.69537
0.998842 0.0233689 -0.0420489 -53.3991 -0.0230617 0.999704 0.0077757 -3.0298 0.0422182 -0.00679698 0.999085 -2.8134
0.998902 0.0241661 -0.0401372 -55.6017 -0.0237925 0.999669 0.00975934 -3.07478 0.0403598 -0.00879367 0.999147 -2.94927
0.999077 0.0246136 -0.0352058 -57.8442 -0.0242715 0.999654 0.0101117 -3.11197 0.0354425 -0.00924782 0.999329 -3.07645
0.999259 0.0253517 -0.0289766 -60.1099 -0.0249354 0.999582 0.0146398 -3.14743 0.0293356 -0.0139064 0.999473 -3.22049
0.999157 0.0263074 -0.0315215 -62.4333 -0.0256442 0.999445 0.0212653 -3.20607 0.0320634 -0.020439 0.999277 -3.37147
0.999097 0.0266683 -0.0330758 -64.7856 -0.0259738 0.999437 0.0212529 -3.26038 0.0336239 -0.0203746 0.999227 -3.49005
0.999206 0.0269288 -0.0293743 -67.1736 -0.0264042 0.999487 0.0181022 -3.33378 0.0298468 -0.0173122 0.999405 -3.62616
0.999109 0.0271906 -0.0322773 -69.5894 -0.0266942 0.99952 0.0157119 -3.37698 0.032689 -0.0148363 0.999356 -3.75759
0.999131 0.0272343 -0.0315572 -72.0227 -0.0268324 0.999554 0.0130909 -3.41316 0.0318997 -0.0122328 0.999416 -3.87474
0.999249 0.027351 -0.027469 -74.466 -0.0270307 0.999563 0.0119635 -3.46625 0.0277842 -0.011212 0.999551 -4.01535
0.999163 0.0270368 -0.0306892 -76.9371 -0.0266513 0.999561 0.0129022 -3.52371 0.0310246 -0.0120735 0.999446 -4.13798
0.999201 0.0244246 -0.0316533 -79.4294 -0.0240045 0.999619 0.0135869 -3.58644 0.0319731 -0.0128162 0.999407 -4.23878
0.99946 0.0221658 -0.0242679 -81.9271 -0.021907 0.999701 0.0108792 -3.65763 0.0245018 -0.0103417 0.999647 -4.35834
0.99939 0.0194603 -0.0290112 -84.4366 -0.0193313 0.999802 0.0047178 -3.73861 0.0290973 -0.0041541 0.999568 -4.45089
0.998982 0.0177524 -0.0414866 -86.9617 -0.0173271 0.999794 0.0105889 -3.8125 0.041666 -0.00985929 0.999083 -4.58886
0.999009 0.0152607 -0.0418159 -89.4763 -0.0145918 0.999761 0.0162569 -3.86149 0.0420541 -0.0156306 0.998993 -4.75266
0.999283 0.013889 -0.0352148 -91.979 -0.0134169 0.999817 0.0136075 -3.93706 0.0353974 -0.0131253 0.999287 -4.88015
0.999288 0.0131105 -0.0353888 -94.4921 -0.0127705 0.99987 0.00981755 -4.02081 0.035513 -0.00935863 0.999326 -5.01578
0.99933 0.0133413 -0.0340834 -96.9899 -0.0130803 0.999883 0.00786954 -4.11086 0.0341845 -0.00741845 0.999388 -5.15301
0.999399 0.0141628 -0.0316463 -99.4899 -0.013907 0.999869 0.00828926 -4.18888 0.0317595 -0.00784417 0.999465 -5.27913
0.999421 0.0152297 -0.0304282 -101.988 -0.0149434 0.999842 0.0096126 -4.26773 0.0305698 -0.00915233 0.999491 -5.40895
0.999353 0.017007 -0.0316958 -104.49 -0.0166615 0.999799 0.011134 -4.33135 0.0318788 -0.0105987 0.999436 -5.54084
0.999398 0.0188095 -0.029175 -106.975 -0.0184173 0.999737 0.013654 -4.38879 0.0294241 -0.0131085 0.999481 -5.66159
0.999495 0.0206504 -0.0241525 -109.463 -0.0203162 0.999696 0.0139987 -4.45062 0.0244342 -0.0135009 0.999611 -5.76687
0.999534 0.021311 -0.0218758 -111.932 -0.0209844 0.999666 0.0150539 -4.53008 0.0221893 -0.0145879 0.999648 -5.88037
0.999594 0.0206453 -0.0196203 -114.411 -0.0204232 0.999726 0.0114562 -4.60644 0.0198514 -0.0110509 0.999742 -5.9803
0.999638 0.0194198 -0.0186072 -116.905 -0.0191947 0.999741 0.0121989 -4.66919 0.0188393 -0.0118374 0.999753 -6.07535
0.99976 0.0185496 -0.011662 -119.381 -0.0183893 0.999737 0.0136996 -4.74199 0.0119131 -0.0134819 0.999838 -6.16925
0.999513 0.017152 -0.0260692 -121.879 -0.0168083 0.99977 0.0133502 -4.82515 0.0262922 -0.0129055 0.999571 -6.2665
0.999625 0.015666 -0.0224661 -124.383 -0.0153095 0.999755 0.0159544 -4.91139 0.0227105 -0.0156045 0.999621 -6.35475
0.999639 0.014143 -0.0228399 -126.872 -0.0137388 0.999748 0.0177606 -4.99621 0.0230853 -0.0174404 0.999582 -6.46264
0.99958 0.014827 -0.0248813 -129.347 -0.014356 0.999716 0.0190035 -5.07086 0.0251561 -0.0186383 0.99951 -6.5656
0.999593 0.0159739 -0.0236383 -130.589 -0.0155308 0.999702 0.0188091 -5.11089 0.0239317 -0.0184343 0.999544 -6.61537
