1 0 0 0 0 1 0 0 0 0 1 0
0.999969 0.00763612 -0.00195022 -0.36482 -0.00764302 0.999964 -0.00355357 0.274207 0.00192302 0.00356836 0.999992 -0.0959906
0.999956 0.00811782 -0.00474108 -0.42042 -0.00813445 0.999961 -0.00349869 0.254102 0.00471249 0.0035371 0.999983 -0.210405
0.999859 -0.00390629 -0.0163359 0.370583 0.00341185 0.999538 -0.0301861 0.165195 0.0164463 0.0301261 0.999411 -0.23299
0.99978 -0.0147802 -0.0148786 1.18052 0.0139121 0.998286 -0.056849 0.0929705 0.0156933 0.0566295 0.998272 -0.120183
0.99971 -0.0105031 -0.0216597 1.98792 0.00906594 0.997817 -0.065415 0.185534 0.0222995 0.0651996 0.997623 -0.122663
0.99967 -0.0111229 -0.0231457 2.84998 0.00978866 0.998327 -0.0569815 0.23954 0.0237408 0.0567361 0.998107 -0.10225
0.999345 -0.0058573 -0.0357086 3.67325 0.00401979 0.998674 -0.0513148 0.327383 0.0359618 0.0511376 0.998044 -0.155776
0.999068 -0.00299733 -0.0430664 4.49672 0.000736593 0.998625 -0.0524145 0.393692 0.0431642 0.0523339 0.997696 -0.133313
0.998676 -0.00107048 -0.0514238 5.34018 -0.00282248 0.997136 -0.0755711 0.438796 0.0513575 0.0756162 0.995814 -0.0465968
0.996971 -0.00538247 -0.0775921 6.13597 -0.00243069 0.994959 -0.100251 0.425828 0.0777405 0.100136 0.991932 -0.0374217
0.997022 -0.00454189 -0.0769896 6.97044 -0.00259322 0.995726 -0.0923238 0.465579 0.0770799 0.0922484 0.992748 0.00608006
0.9969 -0.00570126 -0.0784705 7.79732 -0.00294626 0.993966 -0.109646 0.480996 0.0786222 0.109537 0.990868 0.138451
0.996696 -0.00501694 -0.0810633 8.64003 -0.00357548 0.994412 -0.105505 0.506303 0.0811397 0.105446 0.991109 0.232494
0.996807 -0.00550273 -0.0796639 9.48084 -0.00298392 0.994359 -0.106021 0.553092 0.079798 0.10592 0.991168 0.307012
0.99506 -0.0817576 -0.0563168 10.1326 0.076547 0.99307 -0.0891777 0.445685 0.0632175 0.0844263 0.994422 0.332727
0.994581 -0.0882763 -0.0549148 10.9241 0.0828141 0.992041 -0.0948454 0.494651 0.0628503 0.0897838 0.993976 0.428464
0.994569 -0.089146 -0.0537184 11.7318 0.0837312 0.991875 -0.0957805 0.597102 0.0618204 0.0907624 0.993952 0.504206
0.995075 -0.0879364 -0.045751 12.5475 0.0845285 0.993835 -0.0717375 0.703163 0.0517774 0.0675169 0.996374 0.494621
0.994989 -0.0898766 -0.0438166 13.5039 0.0873096 0.994529 -0.0573474 0.816928 0.0487311 0.0532344 0.997392 0.572514
0.995265 -0.0887557 -0.0396288 14.3195 0.086652 0.994882 -0.0519756 0.93911 0.0440392 0.0482956 0.997862 0.619984
0.995432 -0.0880507 -0.0369232 15.1586 0.0869624 0.995756 -0.0301134 1.07887 0.039418 0.0267649 0.998864 0.610755
0.995095 -0.0900947 -0.0408574 16.0658 0.088599 0.995378 -0.0370522 1.17807 0.0440068 0.0332505 0.998478 0.7117
0.995359 -0.0896229 -0.0350433 16.957 0.0885472 0.995585 -0.0311319 1.29444 0.0376787 0.0278844 0.998901 0.730627
0.995469 -0.0879339 -0.0361858 17.8224 0.0868486 0.995753 -0.0305459 1.40765 0.0387181 0.0272647 0.998878 0.77215
0.995423 -0.0888734 -0.0351468 18.6831 0.088121 0.995858 -0.0224088 1.53434 0.0369928 0.019209 0.999131 0.801944
0.995346 -0.0891155 -0.0366708 19.5505 0.088371 0.995857 -0.0214489 1.65605 0.0384303 0.0181084 0.999097 0.853786
0.995234 -0.089062 -0.0397152 20.4202 0.088075 0.995776 -0.0259472 1.78103 0.0418583 0.0223256 0.998874 0.900037
0.995367 -0.0899289 -0.0340253 21.7501 0.0888805 0.995554 -0.0311655 2.0133 0.0366767 0.0279969 0.998935 0.90518
0.995185 -0.0918435 -0.0342364 22.6436 0.0908339 0.995415 -0.0299657 2.1488 0.0368316 0.0267115 0.998964 0.956655
0.99789 -0.053138 -0.0372993 24.0343 0.0520019 0.998172 -0.0307954 2.44286 0.0388675 0.0287908 0.99883 1.00199
0.998259 -0.0460884 -0.0368197 25.3411 0.0450402 0.998569 -0.028809 2.57652 0.0380948 0.0271005 0.998907 1.13848
0.998166 -0.050735 -0.0330334 26.5816 0.0497669 0.998325 -0.0294962 2.67219 0.0344746 0.0277981 0.999019 1.238
0.997987 -0.0544945 -0.0324393 27.8533 0.0534911 0.998086 -0.0310371 2.77841 0.0340686 0.0292394 0.998992 1.3072
0.997918 -0.0576119 -0.0289895 29.1273 0.0566591 0.997858 -0.0326792 2.88609 0.0308102 0.0309686 0.999045 1.41513
0.997791 -0.0609668 -0.0263906 30.3921 0.0600441 0.997601 -0.0344458 2.97486 0.0284274 0.032785 0.999058 1.52459
0.997359 -0.0666414 -0.0288607 31.6156 0.0654842 0.997078 -0.0393399 3.05839 0.031398 0.0373461 0.998809 1.63102
0.996652 -0.0752217 -0.0320447 32.8332 0.0738607 0.996395 -0.0417236 3.25461 0.0350678 0.0392171 0.998615 1.74671
0.995846 -0.0850289 -0.0325648 34.1115 0.0833457 0.995267 -0.0499601 3.48814 0.0366587 0.0470384 0.99822 1.87848
0.997579 -0.0643724 -0.0263172 35.6001 0.0629567 0.996687 -0.0514835 3.63933 0.0295442 0.049702 0.998327 1.98987
0.998105 -0.0561553 -0.0251483 37.0603 0.0547661 0.997097 -0.0528868 3.69088 0.0280452 0.0514093 0.998284 2.07043
0.99818 -0.0552562 -0.0241591 38.2592 0.0538619 0.997033 -0.0549867 3.76329 0.0271258 0.0535853 0.998195 2.14282
0.998291 -0.0540069 -0.0223293 39.3835 0.0527211 0.997113 -0.0546333 3.84793 0.0252155 0.0533627 0.998257 2.19073
0.998394 -0.0526658 -0.020854 40.4135 0.0514598 0.997178 -0.0546633 3.94853 0.023674 0.0535023 0.998287 2.24927
0.998723 -0.0467258 -0.0192207 41.4223 0.0455912 0.997403 -0.0557442 4.10084 0.0217755 0.0547967 0.99826 2.32859
0.998849 -0.0438287 -0.0194764 42.3622 0.0427157 0.997611 -0.0542918 4.22955 0.0218094 0.0533974 0.998335 2.37392
0.998942 -0.0413864 -0.0200392 43.2608 0.0402699 0.997769 -0.0532321 4.37485 0.0221976 0.0523688 0.998381 2.41632
0.998866 -0.0414487 -0.0234379 44.0913 0.040239 0.997942 -0.0499224 4.53959 0.0254589 0.0489226 0.998478 2.45188
0.99893 -0.040419 -0.0224665 44.9071 0.0395998 0.998574 -0.035781 4.71937 0.0238807 0.0348531 0.999107 2.45645
0.998538 -0.0446887 -0.0304005 45.7177 0.0435312 0.998339 -0.0377273 4.84879 0.032036 0.0363488 0.998826 2.47409
0.998413 -0.0501325 -0.0256504 46.5916 0.048979 0.99784 -0.0437761 4.97359 0.0277896 0.0424503 0.998712 2.55263
0.998119 -0.0547837 -0.0275303 47.5236 0.0537157 0.997827 -0.0381414 5.11647 0.02956 0.0365908 0.998893 2.59374
0.997924 -0.0590615 -0.0256896 48.535 0.0581088 0.997647 -0.0363721 5.25749 0.0277773 0.0348037 0.999008 2.64485
0.997434 -0.0671165 -0.0249088 49.5849 0.0662205 0.997183 -0.0352036 5.38429 0.0272014 0.0334637 0.99907 2.67629
0.996843 -0.075725 -0.0238879 50.6617 0.0748837 0.996601 -0.0343403 5.48652 0.0264072 0.032443 0.999125 2.73398
0.996119 -0.0851161 -0.0224042 51.7351 0.0843179 0.995843 -0.0344393 5.60275 0.0252424 0.0324166 0.999156 2.76808
0.995754 -0.0896687 -0.0208185 52.9012 0.0889217 0.995444 -0.0343941 5.65535 0.0238078 0.0323968 0.999192 2.84313
0.995676 -0.0905202 -0.0208873 54.0335 0.0898927 0.995522 -0.0292413 5.73089 0.0234407 0.0272372 0.999354 2.85811
0.996035 -0.0850642 -0.0260557 55.2293 0.08445 0.996142 -0.0238281 5.81098 0.0279821 0.0215332 0.999377 2.88261
0.996308 -0.0824946 -0.023777 56.4824 0.081834 0.996265 -0.0275317 5.8873 0.0259594 0.0254843 0.999338 2.94671
0.996806 -0.0781256 -0.0165427 57.73 0.0777149 0.996683 -0.0241602 5.99092 0.0183754 0.0227974 0.999571 2.99284
0.997072 -0.0749034 -0.0153775 59.003 0.0745009 0.996901 -0.0252557 6.09025 0.0172216 0.0240361 0.999563 3.04711
0.99731 -0.0713784 -0.0166981 60.272 0.0709406 0.997155 -0.025483 6.1957 0.0184695 0.0242299 0.999536 3.12736
0.997414 -0.0699322 -0.0165639 61.5181 0.0695107 0.997273 -0.0247813 6.30725 0.0182517 0.0235658 0.999556 3.18872
0.997626 -0.0670938 -0.0154823 62.763 0.0666964 0.997462 -0.0248943 6.42952 0.0171132 0.0238026 0.99957 3.24373
0.997802 -0.0646014 -0.0147246 63.9908 0.0642347 0.997642 -0.0241439 6.55851 0.0162496 0.023145 0.9996 3.29456
0.997932 -0.0627231 -0.0140744 65.1869 0.0623214 0.997681 -0.0273607 6.67193 0.0157579 0.026427 0.999527 3.39004
0.998034 -0.0614301 -0.0124351 66.3824 0.0611001 0.997809 -0.02537 6.77285 0.0139664 0.0245603 0.999601 3.43113
0.998072 -0.0614533 -0.00872427 67.5266 0.0612074 0.997784 -0.0260956 6.85831 0.0103086 0.0255113 0.999622 3.47942
0.998241 -0.058487 -0.00963983 68.6495 0.0582321 0.997993 -0.024881 6.94294 0.0110757 0.0242759 0.999644 3.53294
0.998224 -0.058542 -0.0110195 69.687 0.0582562 0.997996 -0.0246684 7.00906 0.0124416 0.0239826 0.999635 3.58207
0.998735 -0.0487449 -0.0123475 70.7496 0.0484229 0.99851 -0.025151 7.09039 0.0135551 0.0245213 0.999608 3.60493
0.998136 -0.0601286 -0.0104056 71.6375 0.0598505 0.997888 -0.0252315 7.10965 0.0119007 0.0245616 0.999628 3.61416
0.998191 -0.0582054 -0.0150508 72.582 0.0577968 0.997982 -0.026288 7.15275 0.0165506 0.0253706 0.999541 3.66085
0.997981 -0.0590417 -0.0234173 73.2333 0.0583321 0.997849 -0.0299054 7.23664 0.0251326 0.028479 0.999279 3.59128
0.99708 -0.0647525 -0.040482 74.1407 0.063747 0.997636 -0.0256534 7.28197 0.0420474 0.0229978 0.998851 3.65102
0.996334 -0.071441 -0.047065 75.0676 0.0703037 0.997202 -0.0253928 7.31993 0.0487474 0.0219909 0.998569 3.73932
0.995158 -0.0854311 -0.0485962 75.9764 0.084371 0.996158 -0.0234645 7.40147 0.0504141 0.0192508 0.998543 3.79597
0.995122 -0.0863231 -0.0477429 76.5951 0.0852694 0.996076 -0.0236849 7.49983 0.0496001 0.0194983 0.998579 3.83639
0.994979 -0.0878231 -0.0480004 77.2149 0.0867822 0.995953 -0.0233584 7.59262 0.0498576 0.0190755 0.998574 3.88548
0.994971 -0.088082 -0.0476879 77.8147 0.0870627 0.995936 -0.0230479 7.69544 0.0495242 0.0187801 0.998597 3.92833
0.995345 -0.083089 -0.0488262 78.4527 0.0820481 0.996364 -0.0229524 7.82648 0.0505558 0.0188395 0.998544 3.98098
0.995703 -0.0788733 -0.0485151 79.0762 0.0778068 0.996691 -0.0234934 7.955 0.0502076 0.0196177 0.998546 4.02562
0.995602 -0.0803525 -0.0481588 79.6926 0.079327 0.996587 -0.0228418 8.02434 0.0498298 0.018921 0.998579 4.05416
0.99578 -0.0784119 -0.0476674 80.357 0.0774472 0.996759 -0.0217618 8.10928 0.0492193 0.0179782 0.998626 4.11689
0.995699 -0.0796954 -0.0472439 81.0119 0.0787338 0.996655 -0.0218804 8.15812 0.0488297 0.0180665 0.998644 4.15322
0.995973 -0.0765785 -0.0466144 81.6888 0.0756415 0.996902 -0.021545 8.24855 0.0481199 0.0179323 0.998681 4.21063
0.989886 -0.132633 -0.05034 82.8026 0.132319 0.991161 -0.00952695 8.3303 0.0511587 0.00276961 0.998687 4.44992
0.988266 -0.145273 -0.0471712 83.7998 0.14523 0.989388 -0.00434958 8.58146 0.0473026 -0.00255218 0.998878 4.616
0.988487 -0.143935 -0.0466428 84.4679 0.143885 0.989584 -0.00444849 8.72522 0.0467973 -0.00231395 0.998902 4.65916
0.988239 -0.145641 -0.0465858 85.1428 0.145637 0.989332 -0.00350192 8.86233 0.0465988 -0.00332392 0.998908 4.6877
0.988234 -0.146348 -0.0444422 85.8053 0.145988 0.989222 -0.0112513 9.01359 0.0456098 0.00463089 0.998949 4.75545
0.988204 -0.147484 -0.0412433 86.4799 0.146677 0.98894 -0.0219645 9.15712 0.0440266 0.015656 0.998908 4.83837
0.988022 -0.148582 -0.0416487 87.1709 0.147835 0.988799 -0.0204923 9.31062 0.0442271 0.0140897 0.998922 4.882
0.987503 -0.152193 -0.0408983 87.8764 0.151516 0.988268 -0.0191993 9.43434 0.0433405 0.0127626 0.998979 4.91754
0.988065 -0.150124 -0.0344715 88.6238 0.149697 0.988623 -0.0146537 9.57673 0.0362792 0.00931852 0.999298 4.94265
0.988196 -0.148336 -0.0382487 89.3846 0.147822 0.988885 -0.0159556 9.73222 0.0401904 0.0101133 0.999141 4.99474
0.988171 -0.149252 -0.0352252 90.1657 0.148799 0.988751 -0.0151612 9.88391 0.0370918 0.00974038 0.999265 5.04318
0.987933 -0.150911 -0.0348132 90.9826 0.150452 0.988496 -0.0154525 10.0469 0.0367447 0.0100283 0.999275 5.09131
0.988385 -0.147918 -0.0348348 91.8487 0.147405 0.988932 -0.0168707 10.2089 0.0369448 0.0115398 0.999251 5.1166
0.98807 -0.15013 -0.0343119 92.6954 0.149624 0.988599 -0.0168765 10.3875 0.0364544 0.0115413 0.999269 5.1542
0.988284 -0.149041 -0.032867 93.5699 0.148572 0.988767 -0.0162916 10.5733 0.0349259 0.0112176 0.999327 5.20122
0.988453 -0.147873 -0.0330706 94.4376 0.147402 0.988943 -0.0162703 10.7516 0.0351109 0.0112077 0.999321 5.24491
0.988848 -0.145355 -0.0324009 95.3372 0.145089 0.989363 -0.0104498 10.9541 0.0335752 0.00563225 0.999421 5.30795
0.989338 -0.141764 -0.0333401 96.2464 0.141449 0.989877 -0.0116561 11.1445 0.034655 0.00681591 0.999376 5.38625
0.989748 -0.138821 -0.0335491 97.1475 0.138663 0.990315 -0.0069933 11.346 0.034195 0.00226955 0.999413 5.4453
0.989943 -0.136842 -0.0358645 97.9735 0.136539 0.990576 -0.01077 11.5123 0.0370003 0.00576472 0.999299 5.48531
0.990533 -0.132551 -0.0356792 98.7998 0.13226 0.99116 -0.010394 11.704 0.0367415 0.00557663 0.99931 5.52666
0.990576 -0.131885 -0.0369232 99.6246 0.131572 0.991248 -0.0107868 11.8697 0.0380227 0.005827 0.99926 5.55765
0.990798 -0.130409 -0.0362088 100.44 0.130084 0.991439 -0.0111867 12.045 0.0373577 0.00637355 0.999282 5.58728
0.990779 -0.130807 -0.0352883 101.324 0.130451 0.991379 -0.0122148 12.1974 0.0365819 0.00749874 0.999303 5.65269
0.990929 -0.129629 -0.0354083 102.174 0.129316 0.991542 -0.0110017 12.3818 0.0365349 0.00632308 0.999313 5.6843
0.990765 -0.129759 -0.0393105 103.059 0.129385 0.991523 -0.0119173 12.5675 0.0405236 0.00672105 0.999156 5.73414
0.99087 -0.129245 -0.038359 103.964 0.128898 0.991592 -0.0113846 12.7453 0.0395079 0.00633623 0.999199 5.79469
0.990903 -0.128878 -0.0387279 104.884 0.128661 0.991656 -0.00804342 12.928 0.0394414 0.00298745 0.999218 5.83035
0.990912 -0.127454 -0.0429775 105.808 0.12715 0.991836 -0.00974203 13.1194 0.0438683 0.0041889 0.999029 5.89043
0.991041 -0.125591 -0.0454279 106.765 0.125269 0.992073 -0.0098715 13.3141 0.0463076 0.00409232 0.998919 5.95996
0.991108 -0.125265 -0.0448526 107.724 0.125074 0.992122 -0.00706338 13.4959 0.0453841 0.00139066 0.998969 6.00967
0.991232 -0.123705 -0.0464244 108.689 0.123568 0.992319 -0.00579738 13.6807 0.046785 9.92042e-06 0.998905 6.07741
0.991681 -0.119416 -0.0480278 109.676 0.1194 0.992841 -0.00322354 13.8588 0.048069 -0.00253782 0.998841 6.15252
0.991852 -0.118586 -0.0465232 110.662 0.118692 0.992931 -0.000481087 14.0369 0.0462514 -0.00504481 0.998917 6.21271
0.991424 -0.121337 -0.0485177 111.384 0.121208 0.992611 -0.00560408 14.879 0.0488392 -0.000324734 0.998807 6.19057
0.988464 -0.140146 -0.0574059 112.186 0.139953 0.99013 -0.00737426 15.9393 0.0578728 -0.000744979 0.998324 6.3209
0.988431 -0.140641 -0.056774 113.174 0.140563 0.990057 -0.0053692 16.1434 0.0569646 -0.0026733 0.998373 6.39485
0.988334 -0.141709 -0.0557851 114.159 0.141668 0.989903 -0.0046999 16.3409 0.0558879 -0.00325792 0.998432 6.45836
0.995834 -0.0699201 -0.0585131 115.009 0.0697153 0.997551 -0.00553314 16.269 0.0587567 0.0014308 0.998272 6.50259
