1 0 0 0 0 1 0 0 0 0 1 0
0.999907 -0.00051872 -0.0136052 -2.11292 0.000506788 0.999999 -0.00088046 -0.161086 0.0136056 0.000873484 0.999907 -0.0369247
0.99995 -0.000411039 -0.00996381 -4.24416 0.00042053 0.999999 0.0009505 -0.282227 0.00996341 -0.000954643 0.99995 -0.0866273
0.999922 1.85321e-05 -0.0124499 -6.4548 -2.9314e-05 1 -0.000865841 -0.401081 0.0124499 0.000866138 0.999922 -0.170225
0.999954 -0.000888241 -0.00952514 -8.71823 0.000936074 0.999987 0.0050185 -0.567395 0.00952056 -0.00502719 0.999942 -0.243329
0.999999 0.000202486 -0.00105456 -11.0323 -0.000186992 0.999892 0.014672 -0.651421 0.00105742 -0.0146718 0.999892 -0.340896
0.999915 0.00251481 -0.0127973 -13.3827 -0.00211317 0.999508 0.0313017 -0.754935 0.0128697 -0.031272 0.999428 -0.340617
0.999916 0.00592172 -0.011568 -15.766 -0.00535519 0.998813 0.0484057 -0.84913 0.0118409 -0.0483397 0.998761 -0.443789
0.999896 0.0117941 -0.00827189 -18.1838 -0.0112983 0.998275 0.0576151 -0.973 0.00893714 -0.0575157 0.998305 -0.465161
0.999826 0.0181044 -0.00451935 -20.612 -0.0177903 0.997925 0.0618765 -1.07602 0.00563021 -0.0617853 0.998074 -0.475456
0.9996 0.0262265 0.0105677 -23.0485 -0.0267822 0.998048 0.0564172 -1.16485 -0.00906743 -0.0566776 0.998351 -0.516079
0.999286 0.0348249 0.0146655 -25.521 -0.0355035 0.998174 0.0488767 -1.21607 -0.0129366 -0.0493625 0.998697 -0.496057
0.998997 0.0438924 0.00883093 -28.0208 -0.0442102 0.998231 0.0397489 -1.2666 -0.00707064 -0.0400994 0.999171 -0.480653
0.998548 0.0530218 0.00950531 -30.5296 -0.0533288 0.997941 0.0356447 -1.3018 -0.00759578 -0.0360999 0.999319 -0.462821
0.9981 0.0607235 0.0104524 -33.035 -0.0610452 0.997561 0.033847 -1.27667 -0.00837164 -0.0344208 0.999372 -0.458257
0.997773 0.0645164 0.0169507 -35.5983 -0.0650908 0.997235 0.0358539 -1.24102 -0.0145906 -0.0368774 0.999213 -0.458394
0.99782 0.0637718 0.0169796 -38.1801 -0.0643621 0.997246 0.0368431 -1.22139 -0.0145833 -0.0378556 0.999177 -0.410646
0.998128 0.0573804 0.0211853 -40.7685 -0.0581596 0.997576 0.0382056 -1.18868 -0.0189417 -0.0393662 0.999045 -0.399393
0.998594 0.0470236 0.0244533 -43.3798 -0.0480029 0.998 0.0411323 -1.19288 -0.0224702 -0.0422483 0.998854 -0.391352
0.998864 0.0360683 0.0311265 -46.0156 -0.0373305 0.998463 0.0409721 -1.24756 -0.0296009 -0.0420875 0.998675 -0.311985
0.999237 0.0256711 0.0294234 -48.6496 -0.0268606 0.998807 0.0407721 -1.2951 -0.0283417 -0.0415313 0.998735 -0.230866
0.999281 0.0159219 0.0344045 -51.31 -0.0173334 0.999003 0.0411267 -1.38021 -0.0337154 -0.0416935 0.998561 -0.137288
0.999357 0.00892846 0.0347216 -53.9653 -0.0102261 0.999249 0.0373764 -1.51035 -0.0343618 -0.0377074 0.998698 -0.0671893
0.999423 0.0029156 0.0338452 -56.6307 -0.00412409 0.999354 0.035692 -1.66633 -0.0337193 -0.0358109 0.99879 -0.00280981
0.999278 -0.00299162 0.0378679 -59.2842 0.0015025 0.999227 0.0392918 -1.7859 -0.0379561 -0.0392065 0.99851 0.0762595
0.99917 -0.0090387 0.0397203 -61.9712 0.00741935 0.999143 0.0407289 -1.94455 -0.0400544 -0.0404004 0.99838 0.154309
0.999356 -0.0159439 0.0321318 -64.6723 0.0145994 0.999025 0.0416528 -2.13799 -0.0327646 -0.0411569 0.998615 0.214449
0.999026 -0.0253636 0.0361101 -67.3686 0.0237737 0.998757 0.0437969 -2.35678 -0.0371761 -0.0428958 0.998388 0.288524
0.99856 -0.0361688 0.039628 -70.0609 0.0343797 0.998398 0.0449357 -2.58338 -0.0411898 -0.0435086 0.998204 0.340873
0.998321 -0.0455373 0.0357798 -72.7519 0.0439188 0.99803 0.0447907 -2.82942 -0.037749 -0.0431441 0.998355 0.414157
0.997756 -0.0541032 0.0394364 -75.4461 0.0522941 0.997592 0.0455445 -3.10183 -0.0418056 -0.04338 0.998184 0.508742
0.997392 -0.0588939 0.0417115 -78.1346 0.0570254 0.997373 0.0446525 -3.4234 -0.0442317 -0.0421575 0.998131 0.596715
0.997282 -0.0607878 0.0416408 -80.8021 0.059025 0.997358 0.0423302 -3.73216 -0.044104 -0.0397573 0.998236 0.693203
0.997515 -0.0604402 0.0362 -83.5083 0.0588778 0.997348 0.0427749 -4.02648 -0.0386893 -0.0405373 0.998429 0.738398
0.997258 -0.0608693 0.0420903 -86.2124 0.058863 0.997141 0.0473672 -4.34579 -0.0448532 -0.0447597 0.99799 0.80496
0.997409 -0.0600147 0.0396567 -88.8802 0.0579501 0.997 0.0513074 -4.64112 -0.0426169 -0.0488764 0.997895 0.880818
0.997787 -0.0593596 0.0299565 -91.468 0.0576869 0.996878 0.0539136 -4.91709 -0.0330633 -0.0520662 0.998096 0.978227
0.997905 -0.0568624 0.0308622 -93.9215 0.0550641 0.996895 0.0562853 -5.1667 -0.0339669 -0.054468 0.997938 0.980643
0.998104 -0.0536061 0.0302326 -96.2644 0.0518713 0.99711 0.0555086 -5.44268 -0.0331208 -0.0538352 0.998001 1.08779
0.998323 -0.0486772 0.0313191 -98.5063 0.0468774 0.997338 0.0558397 -5.66326 -0.0339538 -0.054278 0.997949 1.16077
0.998488 -0.0433155 0.0338464 -100.594 0.0413504 0.997532 0.0567471 -5.86981 -0.0362209 -0.0552618 0.997815 1.23957
0.998664 -0.0388857 0.0340377 -102.55 0.036892 0.997671 0.0573615 -6.05526 -0.036189 -0.0560291 0.997773 1.29356
0.998745 -0.034529 0.0362668 -104.339 0.032418 0.997832 0.0572669 -6.19512 -0.0381655 -0.0560193 0.9977 1.34774
0.998741 -0.0316261 0.0389221 -106.065 0.0292586 0.997772 0.0599616 -6.33682 -0.0407317 -0.0587473 0.997442 1.42777
0.998694 -0.0271702 0.0432595 -107.72 0.0246311 0.998002 0.058184 -6.46763 -0.044754 -0.0570425 0.997368 1.4684
0.998704 -0.0229961 0.0453964 -109.355 0.0202709 0.998016 0.0596047 -6.61115 -0.046677 -0.0586073 0.997189 1.50456
0.998667 -0.0192287 0.047894 -110.957 0.0163403 0.998065 0.059986 -6.73001 -0.0489548 -0.0591234 0.99705 1.56774
0.998598 -0.0165913 0.0502689 -112.544 0.0135133 0.998048 0.0609632 -6.82423 -0.0511823 -0.0601985 0.996873 1.63948
0.998624 -0.0147359 0.050317 -114.123 0.0117871 0.998223 0.0584063 -6.94132 -0.0510883 -0.0577329 0.997024 1.71214
0.99855 -0.0145041 0.0518403 -115.713 0.0115275 0.998292 0.0572635 -7.05719 -0.0525823 -0.0565829 0.997012 1.77115
0.998339 -0.0143058 0.0558091 -117.309 0.0111103 0.998303 0.0571536 -7.16188 -0.0565321 -0.0564387 0.996804 1.84985
0.998201 -0.0149052 0.0580759 -118.97 0.011594 0.99831 0.0569407 -7.2673 -0.0588265 -0.0561649 0.996687 1.96198
0.998185 -0.0157132 0.0581271 -120.67 0.0125377 0.998429 0.0545983 -7.38223 -0.0588938 -0.0537704 0.996815 2.05074
0.998059 -0.0172459 0.0598325 -122.398 0.0139172 0.998355 0.0556107 -7.48992 -0.0606932 -0.0546701 0.996658 2.12677
0.997926 -0.0186771 0.0615959 -124.184 0.0153741 0.99844 0.0536696 -7.62831 -0.0625022 -0.0526114 0.996657 2.21327
0.997807 -0.020063 0.0630744 -126.053 0.0167678 0.998488 0.0523448 -7.77348 -0.0640292 -0.0511724 0.996635 2.30256
0.997663 -0.0218475 0.0647284 -127.972 0.0185783 0.998542 0.0506849 -7.91722 -0.0657414 -0.049364 0.996615 2.37322
0.997632 -0.0239351 0.0644696 -129.984 0.0208109 0.998596 0.0487026 -8.08202 -0.0655448 -0.0472457 0.99673 2.46849
0.998006 -0.0259596 0.0575265 -132.08 0.02326 0.998619 0.0471104 -8.25415 -0.0586701 -0.0456784 0.997232 2.56541
0.997623 -0.0277984 0.063048 -134.228 0.0247839 0.998535 0.0481004 -8.42242 -0.0642927 -0.0464236 0.996851 2.63925
0.997771 -0.0291293 0.0600317 -136.452 0.0261946 0.99845 0.0491061 -8.60503 -0.0613691 -0.0474242 0.996988 2.70686
0.99786 -0.0306264 0.0577636 -138.723 0.0276867 0.998313 0.0510237 -8.80031 -0.0592288 -0.0493152 0.997025 2.80375
0.997572 -0.0323011 0.0616993 -141.051 0.0290845 0.998206 0.0523377 -8.98789 -0.0632792 -0.0504161 0.996722 2.88251
0.997529 -0.0340938 0.0614263 -143.445 0.0308501 0.998118 0.053003 -9.20857 -0.0631177 -0.050977 0.996703 2.97974
0.997415 -0.0357488 0.0623327 -145.892 0.0324899 0.99809 0.0525349 -9.43543 -0.0640917 -0.0503739 0.996672 3.09454
0.997332 -0.0365839 0.0631661 -148.385 0.0334246 0.998171 0.0503685 -9.64714 -0.0648933 -0.0481228 0.996731 3.21377
0.997435 -0.0376989 0.060845 -150.913 0.0348265 0.998259 0.0475976 -9.89516 -0.0625335 -0.0453565 0.997012 3.30883
0.997264 -0.038117 0.0633279 -153.462 0.0350759 0.998209 0.0484596 -10.1297 -0.0650617 -0.0461057 0.996815 3.4218
0.997045 -0.0386681 0.0663655 -156.029 0.0353913 0.998129 0.0498601 -10.3654 -0.0681693 -0.0473641 0.996549 3.55968
0.997037 -0.038538 0.0665638 -158.624 0.0353527 0.998203 0.0483866 -10.6031 -0.0683089 -0.04589 0.996608 3.72308
0.997296 -0.0374191 0.0632455 -161.242 0.0346895 0.998441 0.0437189 -10.8493 -0.0647829 -0.0414067 0.99704 3.85646
0.996961 -0.0379248 0.0680435 -163.871 0.0349655 0.998412 0.0441678 -11.102 -0.0696105 -0.0416544 0.996704 4.00392
0.997067 -0.0373092 0.066819 -166.505 0.0343881 0.998424 0.0443464 -11.3507 -0.0683683 -0.0419186 0.996779 4.12258
0.99688 -0.0378747 0.0692496 -169.185 0.0346693 0.998297 0.0469178 -11.5816 -0.0709087 -0.0443706 0.996495 4.27531
0.996717 -0.0378534 0.0715606 -171.848 0.0343041 0.99815 0.0501937 -11.8264 -0.0733282 -0.0475741 0.996172 4.45911
0.996553 -0.0373128 0.0740921 -174.529 0.0336445 0.998174 0.0501566 -12.0632 -0.0758283 -0.0474909 0.995989 4.61114
0.996399 -0.0366529 0.0764532 -177.196 0.0331868 0.998384 0.0461244 -12.3115 -0.0780203 -0.0434211 0.996006 4.78973
0.99633 -0.0368608 0.0772451 -179.879 0.0335974 0.998504 0.0431306 -12.5818 -0.0787195 -0.0403771 0.996079 4.94557
0.996481 -0.0381442 0.0746246 -182.577 0.0350463 0.998486 0.0423916 -12.8486 -0.0761286 -0.0396271 0.99631 5.12327
0.996311 -0.0388972 0.0764852 -185.267 0.035661 0.998428 0.0432321 -13.0876 -0.0780466 -0.0403451 0.996133 5.32509
0.995889 -0.0398262 0.0813567 -187.963 0.036423 0.998415 0.0428952 -13.3426 -0.0829362 -0.0397556 0.995762 5.48582
0.996025 -0.0402918 0.0794311 -190.667 0.0371366 0.998476 0.0408087 -13.593 -0.0809544 -0.0376968 0.996005 5.6681
0.995668 -0.0402916 0.0837863 -193.344 0.0366179 0.998319 0.0449305 -13.8768 -0.0854558 -0.0416678 0.99547 5.83636
0.995963 -0.0404733 0.0801236 -196.053 0.0371302 0.998394 0.0427841 -14.1219 -0.0817266 -0.0396364 0.995866 6.04811
0.995984 -0.0395932 0.0802957 -198.76 0.0366406 0.998609 0.0379182 -14.4064 -0.0816854 -0.0348239 0.99605 6.22827
0.995494 -0.0392579 0.0863096 -201.461 0.036245 0.998687 0.0362025 -14.662 -0.0876175 -0.0329111 0.99561 6.42591
0.995926 -0.0394191 0.0810992 -204.19 0.0365945 0.99868 0.0360262 -14.9103 -0.0824123 -0.0329117 0.996055 6.63021
0.995878 -0.0386362 0.0820592 -206.885 0.0358957 0.998756 0.0346138 -15.1566 -0.0832945 -0.0315255 0.996026 6.82655
0.9951 -0.0383299 0.091138 -209.566 0.0351206 0.998714 0.0365613 -15.4455 -0.0924223 -0.0331814 0.995167 7.02741
0.995831 -0.0378216 0.083 -212.321 0.0345806 0.998595 0.0401444 -15.7086 -0.0844018 -0.0371069 0.995741 7.28949
0.995665 -0.037369 0.0851674 -215.036 0.0336002 0.99841 0.0452637 -15.941 -0.0867235 -0.0422059 0.995338 7.49367
0.995658 -0.0363536 0.0856858 -217.748 0.0324668 0.998398 0.0463273 -16.1856 -0.0872327 -0.0433443 0.995245 7.6797
0.996024 -0.0345259 0.0821133 -220.465 0.0305847 0.998341 0.0487795 -16.388 -0.0836613 -0.0460742 0.995429 7.88675
0.995474 -0.0333706 0.0889789 -223.149 0.0282345 0.997895 0.058369 -16.6135 -0.0907396 -0.0555925 0.994322 8.08278
0.996175 -0.031031 0.0816735 -225.851 0.0254837 0.997352 0.0681073 -16.8395 -0.0835708 -0.0657655 0.994329 8.28955
0.995539 -0.0277623 0.0901654 -228.573 0.0213254 0.997206 0.0715851 -17.0495 -0.0919009 -0.069343 0.993351 8.45673
0.995407 -0.0244371 0.092552 -231.28 0.017865 0.997303 0.071184 -17.2491 -0.094042 -0.0692037 0.99316 8.69019
0.995802 -0.0231606 0.0885506 -234.004 0.0166038 0.997114 0.0740786 -17.4444 -0.0900108 -0.0722973 0.993313 8.9333
0.995367 -0.022158 0.0935545 -236.711 0.0156743 0.99746 0.069478 -17.651 -0.0948565 -0.0676897 0.993187 9.13739
0.995201 -0.0208096 0.0956114 -239.4 0.0148756 0.997942 0.0623632 -17.8644 -0.0967125 -0.0606417 0.993463 9.4116
0.995458 -0.0232538 0.0923102 -242.149 0.0173903 0.997809 0.0638238 -18.0878 -0.0935922 -0.0619287 0.993683 9.61584
0.995148 -0.0252285 0.0950926 -244.851 0.0191682 0.997758 0.0641128 -18.2771 -0.096497 -0.061979 0.993402 9.83311
0.994939 -0.0279365 0.0965141 -247.549 0.0219128 0.997778 0.062918 -18.4689 -0.0980574 -0.0604848 0.993341 10.1052
0.994788 -0.0317593 0.0968878 -250.239 0.0256828 0.997662 0.0633315 -18.6965 -0.0986727 -0.0605131 0.993278 10.3554
0.994545 -0.0366991 0.0976375 -252.927 0.0303848 0.997397 0.0653896 -18.941 -0.0997831 -0.0620662 0.993072 10.6124
0.994434 -0.0415642 0.0968111 -255.599 0.035205 0.997165 0.0664939 -19.1738 -0.0993005 -0.0627156 0.993079 10.8376
0.994016 -0.046281 0.0989418 -258.295 0.0398863 0.997044 0.0656605 -19.433 -0.101688 -0.0613212 0.992925 11.0725
0.993758 -0.0504057 0.099517 -260.983 0.0440588 0.996913 0.0649768 -19.7067 -0.102485 -0.0601866 0.992912 11.3222
0.993505 -0.0537625 0.100287 -263.665 0.0475268 0.996845 0.0635652 -19.9943 -0.103388 -0.058386 0.992926 11.595
0.993401 -0.0554126 0.100418 -266.326 0.0494918 0.996939 0.0605247 -20.2912 -0.103464 -0.0551554 0.993103 11.822
0.993152 -0.0559887 0.102536 -269.015 0.0498468 0.99686 0.0615142 -20.5954 -0.105659 -0.0559818 0.992825 12.0772
0.992969 -0.0544847 0.105092 -271.668 0.0483001 0.996997 0.0605247 -20.8712 -0.108074 -0.0550232 0.992619 12.3539
0.993372 -0.0515535 0.102732 -274.363 0.0457614 0.997269 0.057963 -21.1449 -0.10544 -0.0528776 0.993019 12.6408
0.993147 -0.0486248 0.106274 -277.038 0.0426722 0.997428 0.0575866 -21.4283 -0.108801 -0.052657 0.992668 12.8993
0.993381 -0.0462072 0.10516 -279.736 0.0402267 0.997488 0.0582986 -21.6901 -0.10759 -0.0536825 0.992745 13.1489
0.99321 -0.0442038 0.10761 -282.412 0.0380183 0.997541 0.0588696 -21.9494 -0.109948 -0.0543787 0.992449 13.4283
0.993226 -0.0430233 0.107939 -285.102 0.0368806 0.997619 0.0582746 -22.2061 -0.110189 -0.053899 0.992448 13.7075
0.993319 -0.0419835 0.107492 -287.78 0.0359052 0.997678 0.0578712 -22.4793 -0.109672 -0.053625 0.99252 13.9803
0.993133 -0.0416756 0.109313 -290.474 0.0355779 0.997731 0.0571515 -22.7209 -0.111447 -0.0528699 0.992363 14.2329
0.992934 -0.0413724 0.111216 -293.166 0.0352604 0.997787 0.0563734 -22.9996 -0.113303 -0.0520535 0.992196 14.5157
0.993078 -0.0416469 0.109824 -295.857 0.0354284 0.997689 0.0579798 -23.2357 -0.111985 -0.0536876 0.992258 14.8191
0.992673 -0.04305 0.1129 -298.546 0.0364537 0.997541 0.0598541 -23.482 -0.115199 -0.0552999 0.991802 15.1036
0.992382 -0.0433289 0.115326 -301.232 0.0368329 0.997644 0.0578745 -23.746 -0.117562 -0.0531858 0.99164 15.3565
0.993004 -0.0441132 0.109523 -303.939 0.0377198 0.997498 0.059777 -24.0161 -0.111886 -0.0552277 0.992185 15.6615
0.992437 -0.0447753 0.114289 -306.621 0.0378089 0.997334 0.0624112 -24.276 -0.116779 -0.0576181 0.991485 15.9537
0.992431 -0.0451226 0.114204 -307.963 0.0381231 0.997301 0.06275 -24.3976 -0.116727 -0.0579213 0.991473 16.094
