1 0 0 0 0 1 0 0 0 0 1 0
1 -0.000624252 -0.000666 -2.35995 0.000629139 0.999973 0.00736303 -0.103678 0.000661386 -0.00736345 0.999973 -0.0228026
0.999987 -0.00111042 -0.00500988 -4.72943 0.00116431 0.999941 0.0107664 -0.195828 0.00499763 -0.0107721 0.999929 -0.0354139
0.999998 -0.00210288 0.000608961 -7.07558 0.00209356 0.999887 0.0149208 -0.307922 -0.000640268 -0.0149195 0.999888 -0.0937545
0.999993 -0.00363534 0.000949977 -9.44921 0.00362258 0.999908 0.0131091 -0.424113 -0.000997544 -0.0131055 0.999914 -0.106117
0.999982 -0.00591618 0.000551407 -11.8167 0.00590851 0.999898 0.0129916 -0.565702 -0.000628211 -0.0129881 0.999915 -0.0851693
0.999955 -0.00950496 -0.000477127 -14.1778 0.00951045 0.999867 0.0132752 -0.687356 0.000350884 -0.0132791 0.999912 -0.123819
0.999926 -0.0121769 -0.000532829 -16.537 0.0121828 0.999842 0.0129217 -0.823408 0.0003754 -0.0129272 0.999916 -0.165867
0.999906 -0.0135714 0.00178115 -18.8927 0.0135499 0.999842 0.0115455 -0.961452 -0.00193756 -0.0115203 0.999932 -0.205537
0.999915 -0.0130216 -0.000380218 -21.256 0.0130249 0.999859 0.0106292 -1.10456 0.000241756 -0.0106332 0.999943 -0.224028
0.999916 -0.0129059 0.00125843 -23.6069 0.0128956 0.999886 0.00788147 -1.24992 -0.00136 -0.00786459 0.999968 -0.191813
0.999916 -0.0125825 0.00318695 -25.9439 0.0125645 0.999905 0.00562684 -1.38713 -0.00325745 -0.00558633 0.999979 -0.205383
0.999923 -0.0122708 0.00176017 -28.3068 0.0122631 0.999915 0.00432572 -1.53158 -0.0018131 -0.00430381 0.999989 -0.25693
0.999924 -0.0118091 0.00367746 -30.6399 0.0117926 0.99992 0.00447244 -1.67061 -0.00372998 -0.00442874 0.999983 -0.282997
0.999907 -0.0113515 0.00751411 -32.9797 0.0113195 0.999927 0.00428784 -1.80838 -0.00756223 -0.00420239 0.999962 -0.286942
0.9999 -0.0108062 0.00914528 -35.3138 0.010768 0.999933 0.00421118 -1.95996 -0.00919017 -0.00411228 0.999949 -0.302766
0.999919 -0.0118055 0.00475568 -37.6588 0.0117887 0.999924 0.00355839 -2.09708 -0.00479732 -0.00350204 0.999982 -0.317479
0.999883 -0.013289 0.0076067 -39.9903 0.0132567 0.999903 0.00428658 -2.25586 -0.00766292 -0.00418524 0.999962 -0.296863
0.999843 -0.0137453 0.0112049 -42.3003 0.013692 0.999894 0.00482247 -2.3897 -0.01127 -0.0046683 0.999925 -0.306636
0.99986 -0.0141518 0.0089354 -44.612 0.0141086 0.999888 0.00488307 -2.51043 -0.0090035 -0.00475633 0.999948 -0.310267
0.999874 -0.0138432 0.00770252 -46.9161 0.0138122 0.999896 0.00406354 -2.65601 -0.00775797 -0.00395665 0.999962 -0.333789
0.999836 -0.0143883 0.0110241 -49.242 0.0143066 0.99987 0.00745183 -2.81532 -0.0111299 -0.00729289 0.999911 -0.340536
0.999785 -0.0156232 0.0135963 -51.5404 0.0154735 0.999819 0.0110439 -2.9449 -0.0137664 -0.0108311 0.999847 -0.343107
0.999735 -0.0184416 0.0137955 -53.8362 0.0183274 0.999797 0.00835936 -3.0893 -0.0139469 -0.00810431 0.99987 -0.342375
0.999532 -0.0211334 0.0220973 -56.107 0.021122 0.999776 0.000751895 -3.26131 -0.0221083 -0.000284807 0.999755 -0.370129
0.999612 -0.0243608 0.0135183 -58.4035 0.0244729 0.999667 -0.0081858 -3.42403 -0.0133144 0.00851345 0.999875 -0.36149
0.999581 -0.0289529 -0.000433114 -60.7171 0.028948 0.999544 -0.00862672 -3.60991 0.000682684 0.00861056 0.999963 -0.376104
0.999429 -0.0325669 0.00894534 -62.9843 0.0326222 0.999449 -0.00610109 -3.79172 -0.00874172 0.00638942 0.999941 -0.406863
0.999309 -0.0353984 0.0113273 -65.2468 0.0354622 0.999356 -0.00548424 -3.98151 -0.0111259 0.00588214 0.999921 -0.416136
0.999177 -0.0395213 0.00913132 -67.5289 0.0395627 0.999207 -0.00439843 -4.17862 -0.00895025 0.00475607 0.999949 -0.430619
0.999006 -0.0430764 0.0114236 -69.7849 0.0430964 0.99907 -0.00151575 -4.39127 -0.0113476 0.00200656 0.999934 -0.455174
0.998904 -0.0456431 0.0103362 -72.0737 0.0456455 0.998958 1.23979e-05 -4.58777 -0.010326 0.000459411 0.999947 -0.471338
0.998759 -0.0468251 0.0169637 -74.345 0.0468486 0.998901 -0.000989577 -4.80551 -0.0168987 0.00178307 0.999856 -0.483558
0.9988 -0.0460278 0.0167324 -76.6126 0.0460232 0.99894 0.000661404 -5.02226 -0.0167451 0.000109462 0.99986 -0.444106
0.999017 -0.0442761 0.0021322 -78.8971 0.0442396 0.99891 0.0148926 -5.2072 -0.00278927 -0.0147837 0.999887 -0.452565
0.999108 -0.0406713 0.0113818 -81.1375 0.0404406 0.998985 0.0198208 -5.43064 -0.0121763 -0.0193428 0.999739 -0.489624
0.999141 -0.037788 0.0170289 -83.3887 0.0375236 0.999174 0.0155855 -5.6129 -0.0176038 -0.0149332 0.999733 -0.438943
0.999171 -0.0375768 0.0156785 -85.6549 0.0373795 0.99922 0.0126931 -5.82317 -0.0161433 -0.0120965 0.999796 -0.436554
0.999258 -0.0359179 0.0138887 -87.8974 0.0357125 0.999253 0.0147659 -6.00482 -0.0144087 -0.014259 0.999794 -0.414672
0.999253 -0.0352031 0.0159146 -90.1163 0.0349607 0.999272 0.0152627 -6.19476 -0.0164403 -0.0146949 0.999757 -0.406896
0.9994 -0.0340514 0.00631047 -92.3833 0.0339558 0.999316 0.0146694 -6.38055 -0.00680567 -0.0144464 0.999872 -0.394742
0.999324 -0.0327422 0.0167163 -94.6201 0.032491 0.999358 0.0150838 -6.58473 -0.0171994 -0.0145305 0.999746 -0.412987
0.999285 -0.0337898 0.0169441 -96.8489 0.0334932 0.999286 0.0174904 -6.75879 -0.017523 -0.0169104 0.999703 -0.419144
0.999295 -0.0343559 0.0151234 -99.1164 0.0341086 0.999285 0.0163221 -6.94546 -0.0156733 -0.0157948 0.999752 -0.399574
0.999245 -0.0355563 0.0156678 -101.314 0.035277 0.99922 0.0177521 -7.14812 -0.0162868 -0.017186 0.99972 -0.376164
0.999252 -0.0365306 0.0126613 -103.559 0.0363341 0.999221 0.015419 -7.34403 -0.0132147 -0.0149474 0.999801 -0.365075
0.99917 -0.0386285 0.01292 -105.79 0.038404 0.999114 0.0171912 -7.55037 -0.0135726 -0.0166808 0.999769 -0.395588
0.999069 -0.0405621 0.0146876 -107.987 0.0403163 0.999048 0.0166613 -7.73931 -0.0153494 -0.0160536 0.999753 -0.433475
0.999102 -0.0409545 0.0107986 -110.204 0.0407629 0.999017 0.0174056 -7.90308 -0.0115009 -0.0169499 0.99979 -0.448937
0.999019 -0.0407591 0.017286 -112.408 0.0405544 0.999105 0.0120312 -8.13152 -0.0177609 -0.0113184 0.999778 -0.435494
0.999103 -0.0398601 0.0142658 -114.618 0.0397198 0.999161 0.00998525 -8.3433 -0.0146518 -0.00940968 0.999848 -0.413553
0.999142 -0.040226 0.00984203 -116.842 0.0401433 0.999158 0.00845879 -8.55799 -0.010174 -0.00805646 0.999916 -0.384102
0.99902 -0.0422142 0.0132893 -119.024 0.0420965 0.999073 0.00900932 -8.7611 -0.0136573 -0.00844107 0.999871 -0.417155
0.998944 -0.0443061 0.012166 -121.211 0.0442285 0.999 0.00657996 -8.95916 -0.0124454 -0.00603494 0.999904 -0.405282
0.998808 -0.0473074 0.0119923 -123.387 0.0472526 0.998871 0.0048082 -9.16242 -0.0122062 -0.00423582 0.999916 -0.390591
0.998744 -0.0488593 0.0111245 -125.565 0.0488642 0.998805 -0.000168395 -9.37048 -0.011103 0.000711758 0.999938 -0.370028
0.998771 -0.0481121 0.0118629 -127.716 0.0481396 0.998838 -0.00204352 -9.59045 -0.0117508 0.00261207 0.999927 -0.397606
0.998747 -0.0479323 0.0143521 -129.883 0.0479781 0.998844 -0.00286986 -9.80169 -0.0141979 0.00355484 0.999893 -0.405421
0.998781 -0.0462498 0.0172607 -131.99 0.0463128 0.998922 -0.00327259 -9.99952 -0.0170907 0.00406798 0.999845 -0.380175
0.998816 -0.0445174 0.0196221 -134.095 0.0445939 0.998999 -0.00347673 -10.1981 -0.0194477 0.00434763 0.999801 -0.3581
0.998811 -0.0429243 0.023104 -136.186 0.0429924 0.999072 -0.00245884 -10.3956 -0.022977 0.0034492 0.99973 -0.342763
0.998896 -0.0411773 0.0226027 -138.276 0.0412372 0.999147 -0.00218985 -10.5785 -0.0224932 0.00311948 0.999742 -0.332139
0.998979 -0.0383021 0.0239582 -140.345 0.0383216 0.999265 -0.000354517 -10.7611 -0.023927 0.00127226 0.999713 -0.308938
0.999185 -0.0331878 0.0229733 -142.412 0.0331587 0.999449 0.00164617 -10.92 -0.0230152 -0.000883082 0.999734 -0.284219
0.999304 -0.0269323 0.0258178 -144.454 0.0268946 0.999637 0.00180705 -11.055 -0.0258571 -0.00111145 0.999665 -0.250345
0.999356 -0.01658 0.0318055 -146.471 0.0166579 0.999859 -0.00218835 -11.1976 -0.0317647 0.00271674 0.999491 -0.223362
0.999628 -0.00612087 0.0265793 -148.5 0.00632633 0.999951 -0.00765327 -11.328 -0.0265311 0.00781856 0.999617 -0.2002
0.99971 0.0033399 0.023852 -150.501 -0.00313522 0.999958 -0.00861348 -11.4176 -0.0238798 0.00853619 0.999678 -0.178425
0.99956 0.0129474 0.0266607 -152.484 -0.0126519 0.999857 -0.0112228 -11.494 -0.0268022 0.0108805 0.999581 -0.162193
0.999256 0.0182958 0.0339464 -154.457 -0.0181994 0.999829 -0.00314901 -11.5366 -0.0339982 0.00252886 0.999418 -0.154078
0.999414 0.0223606 0.0259144 -156.443 -0.0225256 0.999728 0.00608898 -11.5923 -0.0257712 -0.00666916 0.999645 -0.124935
0.99941 0.0258214 0.0226179 -158.461 -0.0259746 0.999641 0.00650351 -11.6073 -0.0224418 -0.00708718 0.999723 -0.0511728
0.999103 0.0315225 0.0282818 -160.46 -0.0316964 0.999481 0.00572198 -11.6463 -0.0280868 -0.00661329 0.999583 -0.0462787
0.998917 0.0377181 0.0272255 -162.482 -0.0378588 0.999272 0.00467138 -11.6713 -0.0270295 -0.00569706 0.999618 -0.0261788
0.998809 0.0402722 0.0275261 -164.538 -0.0404504 0.999164 0.00594746 -11.6654 -0.0272635 -0.00705383 0.999603 -0.0192209
0.99881 0.0379488 0.0306169 -166.59 -0.0380948 0.999265 0.00419807 -11.6853 -0.0304351 -0.00535943 0.999522 0.0227089
0.998904 0.0351929 0.0308323 -168.668 -0.0352722 0.999376 0.00203302 -11.7194 -0.0307415 -0.00311833 0.999522 0.0460533
0.9989 0.0333528 0.0329488 -170.761 -0.0330781 0.999414 -0.00884896 -11.7598 -0.0332246 0.00774933 0.999418 0.0651282
0.998846 0.0307643 0.0368594 -172.858 -0.0301414 0.999395 -0.0173363 -11.8107 -0.0373705 0.0162053 0.99917 0.104172
0.999308 0.0298027 0.0222269 -174.999 -0.0293575 0.999367 -0.0200966 -11.8625 -0.0228118 0.0194302 0.999551 0.129219
0.999452 0.0260176 0.0204123 -177.174 -0.0258288 0.999622 -0.00945884 -11.9072 -0.0206506 0.00892642 0.999747 0.164911
0.999225 0.0245479 0.0307632 -179.315 -0.0248052 0.99966 0.00800814 -11.9248 -0.0305562 -0.00876503 0.999494 0.175068
0.999137 0.0211006 0.0357539 -181.495 -0.0211398 0.999776 0.000718616 -11.9656 -0.0357308 -0.00147384 0.99936 0.222116
0.999174 0.0142684 0.0380308 -183.681 -0.0140923 0.999889 -0.00489355 -12.0468 -0.0380964 0.00435355 0.999264 0.239401
0.999342 0.00894863 0.0351357 -185.898 -0.00838642 0.999835 -0.0161157 -12.1392 -0.0352742 0.0158105 0.999252 0.25623
0.999393 0.00486963 0.0344698 -188.11 -0.00438819 0.999892 -0.0140286 -12.2317 -0.0345344 0.0138688 0.999307 0.293777
0.999561 0.00263954 0.029469 -190.345 -0.0022621 0.999915 -0.0128338 -12.3291 -0.0295003 0.0127615 0.999483 0.360034
0.999601 0.00162396 0.0281804 -192.601 -0.00125955 0.999916 -0.0129437 -12.4414 -0.0281991 0.012903 0.999519 0.406182
0.999416 0.00287958 0.0340382 -194.83 -0.00236144 0.999881 -0.0152523 -12.5504 -0.0340781 0.015163 0.999304 0.423343
0.999404 0.0051127 0.0341291 -197.088 -0.00444998 0.999801 -0.0194653 -12.6472 -0.0342218 0.0193018 0.999228 0.472352
0.999407 0.00715237 0.0336633 -199.349 -0.00646448 0.999769 -0.0204987 -12.7426 -0.0338021 0.0202689 0.999223 0.500666
0.999196 0.00970904 0.0388852 -201.614 -0.00885285 0.999716 -0.02213 -12.8425 -0.039089 0.021768 0.998998 0.542466
0.999333 0.0124425 0.0342971 -203.887 -0.0116897 0.999688 -0.0220608 -12.9247 -0.0345609 0.0216452 0.999168 0.602387
0.999389 0.0162665 0.0308927 -206.166 -0.0155812 0.99963 -0.0222957 -12.9984 -0.0312439 0.0218007 0.999274 0.607807
0.999234 0.0185632 0.0344251 -208.456 -0.0178772 0.999638 -0.0201311 -13.0621 -0.0347863 0.0195003 0.999204 0.63368
0.999085 0.0198752 0.0378438 -210.752 -0.0192489 0.999673 -0.0168432 -13.1288 -0.0381662 0.0160994 0.999141 0.674132
0.998995 0.0233696 0.0382251 -213.051 -0.0227272 0.999595 -0.0171539 -13.1872 -0.0386104 0.0162679 0.999122 0.72741
0.998998 0.0256163 0.0366807 -215.39 -0.0250317 0.999554 -0.0163114 -13.2391 -0.0370822 0.0153769 0.999194 0.76605
0.999459 0.0281003 0.0170629 -217.75 -0.0277995 0.999458 -0.0176178 -13.2976 -0.0175487 0.017134 0.999699 0.792034
0.999347 0.0303391 0.0195586 -220.079 -0.0299354 0.999339 -0.0206128 -13.3367 -0.020171 0.0200139 0.999596 0.771853
0.998753 0.0335114 0.0369827 -222.378 -0.0324303 0.99904 -0.0294561 -13.3818 -0.0379343 0.02822 0.998881 0.782155
0.999006 0.0355786 0.0268263 -224.719 -0.0345764 0.998719 -0.0369435 -13.4238 -0.0281063 0.0359792 0.998957 0.821153
0.998809 0.0376775 0.0309672 -227.056 -0.0362225 0.998272 -0.0462749 -13.4838 -0.0326572 0.0450981 0.998448 0.84966
0.998675 0.0394231 0.0330455 -229.396 -0.0379123 0.99826 -0.0451634 -13.4996 -0.0347685 0.0438507 0.998433 0.908102
0.998794 0.0434525 0.0228133 -231.74 -0.0423744 0.998052 -0.0457846 -13.5161 -0.0247583 0.0447627 0.998691 0.955231
0.998508 0.0470418 0.0276844 -234.088 -0.0457843 0.997963 -0.0444267 -13.516 -0.0297179 0.0430929 0.998629 0.961327
0.998312 0.0503846 0.0288707 -236.414 -0.048905 0.997559 -0.0498485 -13.5025 -0.0313118 0.0483524 0.998339 0.986222
0.998045 0.0539881 0.0314712 -238.631 -0.0522397 0.997176 -0.0539578 -13.5156 -0.0342954 0.0522083 0.998047 1.02262
0.997966 0.056777 0.0289539 -240.961 -0.0551022 0.996927 -0.0556877 -13.5097 -0.0320266 0.0539791 0.998028 1.04956
0.997802 0.0594622 0.029197 -243.293 -0.0577916 0.996809 -0.055069 -13.4925 -0.0323784 0.0532607 0.998055 1.08636
0.9974 0.0627359 0.0354458 -245.618 -0.0607252 0.996626 -0.0552101 -13.47 -0.0387899 0.0529141 0.997845 1.11877
0.997269 0.0656408 0.033827 -247.923 -0.0637415 0.996479 -0.0544615 -13.4383 -0.0372828 0.0521566 0.997942 1.14154
0.997257 0.0671011 0.0312046 -250.264 -0.0652286 0.996207 -0.0575857 -13.4049 -0.0349503 0.0553924 0.997853 1.18236
0.997362 0.0671744 0.0274787 -252.577 -0.0654482 0.996079 -0.059519 -13.3722 -0.0313691 0.0575635 0.997849 1.20637
0.997161 0.0681857 0.0319237 -254.897 -0.0661959 0.996018 -0.0597141 -13.3309 -0.0358682 0.0574313 0.997705 1.22382
0.996748 0.0690032 0.0416002 -257.214 -0.0665889 0.996158 -0.0568692 -13.2825 -0.0453645 0.0539141 0.997514 1.27718
0.99697 0.0683644 0.0370765 -259.542 -0.0664472 0.996502 -0.0506885 -13.224 -0.0404121 0.0480713 0.998026 1.36062
0.997002 0.0671366 0.0384464 -261.865 -0.0654557 0.99691 -0.0434301 -13.2045 -0.0412434 0.0407834 0.998316 1.44962
0.997024 0.0682827 0.0357651 -264.181 -0.0667641 0.996882 -0.0420643 -13.1559 -0.0385258 0.0395513 0.998474 1.50971
0.996799 0.0706356 0.0374099 -266.515 -0.0688999 0.996571 -0.0458153 -13.0971 -0.0405178 0.0430911 0.998249 1.57274
0.997171 0.072737 0.0188864 -268.859 -0.071692 0.996116 -0.0511144 -13.0494 -0.0225309 0.0496158 0.998514 1.60876
0.997042 0.0749741 0.016823 -271.174 -0.0738507 0.995484 -0.0596389 -13.0078 -0.0212184 0.0582202 0.998078 1.60021
0.996512 0.0773971 0.0311555 -273.474 -0.0753595 0.995228 -0.0619837 -12.9611 -0.0358042 0.0594197 0.997591 1.6255
0.996347 0.0798412 0.0302495 -275.796 -0.0778434 0.995018 -0.0622917 -12.902 -0.0350723 0.0597095 0.997599 1.68821
0.996212 0.0828863 0.0262555 -278.13 -0.0812216 0.994939 -0.0591468 -12.8231 -0.0310251 0.0567903 0.997904 1.70212
0.996143 0.0839485 0.0254736 -279.294 -0.0822839 0.994767 -0.0605597 -12.7837 -0.0304242 0.0582301 0.997839 1.70182
