1 0 0 0 0 1 0 0 0 0 1 0
0.999999 0.00131992 0.000920572 -2.74487 -0.00132077 0.999999 0.000917781 -0.141388 -0.00091936 -0.000918995 0.999999 -0.0457343
0.999996 0.00268763 -0.00125012 -5.48111 -0.00268651 0.999996 0.000897807 -0.306533 0.00125252 -0.000894445 0.999999 -0.0738853
0.999994 0.00221328 -0.00259045 -8.2433 -0.00221125 0.999997 0.000784835 -0.483986 0.00259218 -0.000779102 0.999996 -0.106842
0.999997 0.00222597 -0.00111869 -10.9715 -0.00222586 0.999997 9.76025e-05 -0.622448 0.00111891 -9.51121e-05 0.999999 -0.124041
0.999998 0.00189524 -4.24485e-05 -13.7112 -0.00189515 0.999996 0.00196536 -0.749602 4.61732e-05 -0.00196528 0.999998 -0.184457
0.999998 0.00168938 0.00117496 -16.4355 -0.00169012 0.999998 0.000629062 -0.888527 -0.0011739 -0.000631047 0.999999 -0.169998
0.999997 0.00148091 0.0020686 -19.1698 -0.00148322 0.999998 0.00111478 -1.0394 -0.00206695 -0.00111784 0.999997 -0.197723
0.999998 0.000555618 0.00204161 -21.9047 -0.000555486 1 -6.53866e-05 -1.21185 -0.00204165 6.42524e-05 0.999998 -0.208609
0.999998 -0.00155076 0.0014707 -24.6695 0.0015506 0.999999 0.000111157 -1.35405 -0.00147087 -0.000108876 0.999999 -0.249234
0.999997 -0.0022782 0.000561636 -27.4125 0.00227909 0.999996 -0.00159706 -1.53234 -0.000557996 0.00159834 0.999999 -0.31777
0.99999 -0.00337004 0.00283906 -30.1628 0.0033747 0.999993 -0.00163887 -1.69881 -0.00283351 0.00164844 0.999995 -0.366898
0.999993 -0.00181355 0.00337292 -32.8971 0.00183365 0.999981 -0.0059654 -1.85089 -0.00336204 0.00597154 0.999977 -0.392214
0.999966 0.000909017 0.00818224 -35.6203 -0.000858842 0.999981 -0.00613358 -1.98982 -0.00818766 0.00612634 0.999948 -0.436373
0.999921 0.00382737 0.0120088 -38.3494 -0.00376415 0.999979 -0.00528289 -2.14615 -0.0120287 0.00523726 0.999914 -0.462825
0.99993 0.00618036 0.0100587 -41.0965 -0.00613121 0.999969 -0.00490949 -2.31446 -0.0100888 0.00484747 0.999937 -0.472919
0.999937 0.00598569 0.00947745 -43.8434 -0.00594504 0.999973 -0.00431206 -2.48917 -0.009503 0.00425544 0.999946 -0.472617
0.999939 0.00335493 0.0105261 -46.5799 -0.00333346 0.999992 -0.00205582 -2.61688 -0.0105329 0.0020206 0.999942 -0.521889
0.999971 0.00106005 0.00753569 -49.3156 -0.00104914 0.999998 -0.0014511 -2.7741 -0.00753721 0.00144315 0.999971 -0.527996
0.999966 -0.000617479 0.00829353 -52.0564 0.00062306 1 -0.000670229 -2.93016 -0.0082931 0.000675373 0.999965 -0.554824
0.999981 -0.00132885 0.00602778 -54.7838 0.00133037 0.999999 -0.000248036 -3.08218 -0.00602745 0.00025605 0.999982 -0.542952
0.999965 -0.00177008 0.00815246 -57.4879 0.00178382 0.999997 -0.00167892 -3.22586 -0.00814946 0.0016934 0.999965 -0.472349
0.999969 -0.00164282 0.00766277 -60.1856 0.00164801 0.999998 -0.000670526 -3.40118 -0.00766165 0.000683134 0.99997 -0.499602
0.999965 -0.00191774 0.00819371 -62.9226 0.00191373 0.999998 0.000496812 -3.56084 -0.00819464 -0.000481113 0.999966 -0.536281
0.999979 -0.00278352 0.00588812 -65.6653 0.00278463 0.999996 -0.000180012 -3.74872 -0.00588759 0.000196405 0.999983 -0.578536
0.999992 -0.002084 0.00345634 -68.3687 0.00208967 0.999996 -0.00163543 -3.93594 -0.00345291 0.00164264 0.999993 -0.596318
0.999997 -0.00128066 0.00205525 -71.1255 0.00128205 0.999999 -0.000677743 -4.0749 -0.00205437 0.000680376 0.999998 -0.633402
0.999995 0.00194581 0.00252994 -73.8657 -0.00194215 0.999997 -0.00144813 -4.24226 -0.00253275 0.00144321 0.999996 -0.622541
0.999988 0.00463749 0.0016263 -76.6825 -0.00463366 0.999986 -0.00235071 -4.39302 -0.00163718 0.00234315 0.999996 -0.648036
0.999947 0.0102238 0.000972028 -79.4047 -0.0102214 0.999945 -0.00244061 -4.53275 -0.000996922 0.00243055 0.999996 -0.686749
0.999872 0.0160234 -0.000101285 -82.0664 -0.0160235 0.99987 -0.00186427 -4.66531 7.14035e-05 0.00186565 0.999998 -0.742397
0.999838 0.0180088 0.000733779 -84.8225 -0.0180078 0.999837 -0.00140109 -4.79318 -0.000758887 0.00138765 0.999999 -0.761705
0.999816 0.0191389 -0.00111882 -87.5328 -0.0191401 0.999816 -0.00115472 -4.88904 0.00109652 0.00117593 0.999999 -0.795238
0.999836 0.0181042 -0.000767335 -90.2817 -0.0181047 0.999836 -0.000740027 -4.99535 0.000753816 0.000753798 0.999999 -0.826764
0.999865 0.0164153 0.000320448 -93.0213 -0.0164156 0.999864 0.00120365 -5.10578 -0.000300643 -0.00120875 0.999999 -0.885627
0.99989 0.0148108 -0.00126845 -95.7477 -0.014808 0.999888 0.0022329 -5.22579 0.00130138 -0.00221387 0.999997 -0.923103
0.99992 0.0126319 -0.00102803 -98.4893 -0.0126282 0.999914 0.00346835 -5.34308 0.00107176 -0.00345509 0.999994 -0.968864
0.999931 0.0117216 0.000574254 -101.178 -0.011723 0.999928 0.00248414 -5.48774 -0.000545091 -0.0024907 0.999997 -0.991336
0.999953 0.0097339 0.000399935 -103.785 -0.00973507 0.999948 0.0030296 -5.61465 -0.00037042 -0.00303335 0.999995 -1.01777
0.999961 0.00822003 -0.00318055 -106.27 -0.00821228 0.999963 0.00244283 -5.74423 0.00320052 -0.00241662 0.999992 -1.04917
0.999973 0.00686761 -0.00272943 -108.583 -0.0068615 0.999974 0.00224216 -5.86165 0.00274476 -0.00222337 0.999994 -1.05543
0.999992 0.00412613 5.51513e-05 -110.797 -0.00412636 0.999978 0.00507753 -5.9701 -3.41959e-05 -0.00507772 0.999987 -1.09837
0.999985 0.0008342 0.00536097 -112.965 -0.00086377 0.999984 0.00551519 -6.09995 -0.00535628 -0.00551974 0.99997 -1.11477
0.999975 -0.00593462 0.00380376 -115.123 0.00591269 0.999966 0.0057498 -6.24433 -0.00383775 -0.00572717 0.999976 -1.13251
0.999925 -0.0120149 0.00228775 -117.27 0.0120044 0.999917 0.00454551 -6.40864 -0.00234217 -0.00451771 0.999987 -1.16004
0.999839 -0.0176948 0.0030775 -119.429 0.01768 0.999832 0.00477236 -6.55637 -0.00316142 -0.00471718 0.999984 -1.18511
0.99975 -0.0218976 0.0045144 -121.619 0.0218809 0.999753 0.00371041 -6.73889 -0.00459454 -0.0036107 0.999983 -1.21754
0.999672 -0.0248195 0.00632644 -123.861 0.0248001 0.999687 0.00311141 -6.93608 -0.00640168 -0.00295349 0.999975 -1.21624
0.999572 -0.0275198 0.00991595 -126.162 0.0274949 0.999618 0.0026445 -7.13188 -0.00998493 -0.00237073 0.999947 -1.21159
0.999539 -0.0277647 0.0123223 -128.458 0.0277564 0.999614 0.000847645 -7.33755 -0.012341 -0.000505234 0.999924 -1.14529
0.999488 -0.028689 0.0142043 -130.846 0.0286535 0.999586 0.00269585 -7.53966 -0.0142758 -0.00228746 0.999895 -1.16671
0.999477 -0.0289552 0.0144434 -133.278 0.0289008 0.999574 0.00396162 -7.74633 -0.0145519 -0.00354213 0.999888 -1.17553
0.999457 -0.0293165 0.0150691 -135.744 0.0292877 0.999569 0.00212599 -7.92164 -0.0151249 -0.0016835 0.999884 -1.0984
0.999455 -0.0295895 0.0146242 -138.29 0.0295514 0.999559 0.00281416 -8.14448 -0.0147011 -0.00238047 0.999889 -1.08272
0.999454 -0.0299682 0.0139492 -140.867 0.0299153 0.999544 0.00398488 -8.37215 -0.0140622 -0.00356541 0.999895 -1.0936
0.999428 -0.0305524 0.0145446 -143.489 0.0304799 0.999522 0.00518482 -8.61235 -0.014696 -0.00473854 0.999881 -1.10178
0.999427 -0.0308488 0.0139151 -146.146 0.0307675 0.999508 0.00601742 -8.85334 -0.0140939 -0.00558585 0.999885 -1.11732
0.999427 -0.0310526 0.0134568 -148.839 0.0309624 0.999497 0.00686499 -9.09518 -0.0136632 -0.00644441 0.999886 -1.12297
0.999351 -0.0319719 0.0165765 -151.604 0.0318343 0.999457 0.0084999 -9.32465 -0.0168392 -0.00796669 0.999826 -1.1303
0.999369 -0.0312081 0.0169833 -154.316 0.0310671 0.999481 0.00850179 -9.5452 -0.0172398 -0.00796881 0.99982 -1.10072
0.999376 -0.0307846 0.0173123 -157.044 0.0306601 0.999502 0.00741448 -9.7717 -0.0175319 -0.00687906 0.999822 -1.06941
0.999386 -0.0300389 0.0180568 -159.785 0.0299185 0.999528 0.00689914 -10.0105 -0.0182555 -0.00635468 0.999813 -0.987432
0.999411 -0.0293944 0.0177039 -162.553 0.0292664 0.999544 0.00744672 -10.2494 -0.0179147 -0.00692421 0.999815 -0.98274
0.999257 -0.0325077 0.0207178 -165.451 0.0323939 0.999458 0.00580701 -10.5102 -0.0208953 -0.00513156 0.999768 -0.958384
0.99925 -0.0325192 0.021004 -168.232 0.0323654 0.999447 0.00761996 -10.7606 -0.0212401 -0.00693445 0.99975 -0.950588
0.999231 -0.0328907 0.0213558 -171.015 0.0327215 0.99943 0.0082249 -11.0125 -0.0216141 -0.00751979 0.999738 -0.91679
0.999176 -0.0336513 0.0226922 -173.797 0.0334344 0.999392 0.00986732 -11.2493 -0.0230104 -0.00910049 0.999694 -0.899364
0.999168 -0.0342466 0.0221674 -176.578 0.0339983 0.999356 0.011481 -11.5156 -0.0225463 -0.0107178 0.999688 -0.885822
0.99919 -0.0343459 0.0209547 -179.355 0.0340976 0.999345 0.0120899 -11.7677 -0.0213562 -0.0113656 0.999707 -0.859019
0.999179 -0.0349932 0.0204194 -182.133 0.0347304 0.999311 0.0130857 -12.0347 -0.0208633 -0.0123658 0.999706 -0.835996
0.999133 -0.0363074 0.0203993 -184.914 0.0360143 0.999245 0.0145534 -12.2898 -0.0209123 -0.0138061 0.999686 -0.818375
0.99908 -0.0379729 0.0199512 -187.691 0.0376605 0.999165 0.0158063 -12.5463 -0.0205348 -0.0150404 0.999676 -0.803748
0.999059 -0.0394096 0.0181449 -190.476 0.0391344 0.999117 0.0152793 -12.8214 -0.0187311 -0.0145548 0.999719 -0.782764
0.99903 -0.0406872 0.0168676 -193.21 0.0404293 0.999064 0.0153569 -13.1018 -0.0174767 -0.01466 0.99974 -0.778582
0.999054 -0.0416373 0.0125345 -195.902 0.0414249 0.999001 0.0167486 -13.3836 -0.0132193 -0.0162135 0.999781 -0.784994
0.998974 -0.0434841 0.0127044 -198.654 0.0432322 0.998875 0.0194679 -13.6715 -0.0135366 -0.0188986 0.99973 -0.785695
0.998957 -0.0443103 0.0110705 -201.36 0.0440974 0.99885 0.0187821 -13.9354 -0.01189 -0.0182743 0.999762 -0.774073
0.998911 -0.0450724 0.0120922 -204.072 0.0448283 0.998799 0.0197478 -14.2248 -0.0129678 -0.0191842 0.999732 -0.779307
0.998892 -0.0460708 0.00959099 -206.772 0.0458797 0.998761 0.0192651 -14.5086 -0.0104667 -0.0188037 0.999768 -0.769887
0.998867 -0.0465108 0.0101155 -209.481 0.0462994 0.998723 0.0202183 -14.8029 -0.0110429 -0.019727 0.999744 -0.750341
0.998839 -0.04718 0.00970922 -212.206 0.0469652 0.99867 0.0212754 -15.0893 -0.0107001 -0.0207947 0.999726 -0.766637
0.998807 -0.0481395 0.00824564 -214.917 0.0479531 0.998618 0.0214784 -15.3674 -0.0092682 -0.0210574 0.999735 -0.736024
0.998745 -0.0495202 0.00757843 -217.621 0.049343 0.998539 0.0220045 -15.6608 -0.00865702 -0.0216029 0.999729 -0.746582
0.998696 -0.0508202 0.00499021 -220.316 0.0507014 0.998481 0.0215764 -15.9486 -0.00607915 -0.0212953 0.999755 -0.766533
0.998602 -0.0528566 0.000547619 -223.066 0.052829 0.998326 0.0235502 -16.2671 -0.00179148 -0.0234883 0.999722 -0.751935
0.998484 -0.0550255 0.00168685 -225.801 0.0549651 0.998166 0.0253444 -16.5694 -0.00307835 -0.0252133 0.999677 -0.788582
0.998452 -0.0556188 -0.000685262 -228.518 0.0556178 0.998114 0.0259726 -16.8835 -0.000760591 -0.0259705 0.999662 -0.814723
0.998348 -0.0574592 -8.82356e-05 -231.269 0.0574402 0.997975 0.0273166 -17.2108 -0.00148153 -0.0272766 0.999627 -0.859668
0.998132 -0.0610896 -0.00126588 -234.023 0.0611007 0.99772 0.0286491 -17.5481 -0.000487158 -0.0286729 0.999589 -0.894208
0.997831 -0.0658122 -0.00158767 -236.753 0.0658305 0.997407 0.0290852 -17.876 -0.0003306 -0.0291266 0.999575 -0.91143
0.997467 -0.0710037 -0.00432942 -239.519 0.0711014 0.997026 0.0297352 -18.2281 0.00220523 -0.0299678 0.999548 -0.947546
0.997207 -0.0745242 -0.00490871 -242.292 0.0746386 0.996757 0.0300686 -18.6084 0.00265195 -0.030351 0.999536 -0.975283
0.997162 -0.0750927 -0.005379 -245.029 0.0752184 0.996739 0.0292228 -18.9778 0.00316704 -0.0295445 0.999558 -1.01664
0.997295 -0.0732865 -0.00567371 -247.786 0.0734179 0.996903 0.0281697 -19.3647 0.00359168 -0.0285101 0.999587 -1.06003
0.997485 -0.0705941 -0.00630541 -250.551 0.070742 0.997113 0.0275738 -19.7216 0.00434066 -0.0279505 0.9996 -1.1101
0.997603 -0.0687014 -0.00834225 -253.298 0.0689066 0.997244 0.0274836 -20.0779 0.0064311 -0.0279925 0.999587 -1.15678
0.997751 -0.0667425 -0.00631081 -256.053 0.066892 0.99738 0.0275475 -20.4095 0.00445568 -0.0279077 0.9996 -1.20645
0.99791 -0.0645672 -0.00256509 -258.814 0.0646092 0.997644 0.0230445 -20.7367 0.00107113 -0.0231621 0.999731 -1.16195
0.997993 -0.0632968 -0.00205748 -261.561 0.0633276 0.997721 0.0232789 -21.0508 0.000579311 -0.0233625 0.999727 -1.19193
0.998073 -0.0620476 -0.000442687 -264.289 0.0620423 0.997829 0.022064 -21.3764 -0.000927288 -0.0220489 0.999756 -1.20349
0.99809 -0.0617774 -0.000147631 -267.041 0.0617649 0.997834 0.0226137 -21.7194 -0.0012497 -0.0225797 0.999744 -1.22252
0.99809 -0.0617811 -0.000327536 -269.783 0.0617703 0.997785 0.02469 -22.0453 -0.00119856 -0.0246631 0.999695 -1.28159
0.998098 -0.0616539 0.000277713 -272.535 0.0616261 0.997765 0.0258287 -22.3791 -0.00186953 -0.0257625 0.999666 -1.31535
0.998042 -0.0624756 -0.00317181 -275.28 0.0625376 0.997695 0.0263243 -22.707 0.00151987 -0.0264711 0.999648 -1.35249
0.99802 -0.0626245 -0.00591045 -278.042 0.0627617 0.997665 0.0269267 -23.0601 0.00421038 -0.0272443 0.99962 -1.41017
0.997861 -0.0646913 -0.00939628 -280.758 0.0649228 0.997528 0.0268703 -23.3993 0.00763478 -0.0274228 0.999595 -1.46691
0.997741 -0.0664714 -0.00970971 -283.528 0.0667094 0.997416 0.0266833 -23.7507 0.00791093 -0.0272708 0.999597 -1.50287
0.997639 -0.0681873 -0.00817632 -286.279 0.0683873 0.997283 0.0273753 -24.0938 0.00628746 -0.0278698 0.999592 -1.54995
0.997515 -0.0700735 -0.00727435 -289.041 0.0702364 0.99721 0.0252764 -24.4483 0.00548285 -0.0257245 0.999654 -1.60318
0.997412 -0.0714862 -0.0077235 -291.791 0.0716482 0.997158 0.0232767 -24.8172 0.00603759 -0.0237699 0.999699 -1.6664
0.997358 -0.0723026 -0.00709638 -294.543 0.0724591 0.997056 0.0250706 -25.1824 0.00526282 -0.0255186 0.99966 -1.71148
0.997264 -0.0727935 -0.0128695 -297.314 0.0730756 0.997061 0.0230161 -25.5482 0.0111562 -0.0238936 0.999652 -1.74101
0.997176 -0.07388 -0.0135037 -300.088 0.0741921 0.996948 0.0243021 -25.9189 0.011667 -0.0252353 0.999613 -1.8165
0.997148 -0.0740873 -0.0144045 -302.85 0.0744532 0.996864 0.0267977 -26.2806 0.0123739 -0.0277938 0.999537 -1.90151
0.997091 -0.0745795 -0.015729 -305.644 0.0749647 0.99686 0.025517 -26.6693 0.0137766 -0.0266219 0.999551 -1.98229
0.997029 -0.0755498 -0.0150577 -308.443 0.0758913 0.996837 0.0235765 -27.067 0.0132289 -0.0246492 0.999609 -2.03656
0.996821 -0.0779088 -0.0167069 -311.232 0.0782785 0.996672 0.022761 -27.4555 0.014878 -0.0239965 0.999601 -2.1413
0.996593 -0.0797132 -0.0211997 -314.017 0.0801788 0.996535 0.0221064 -27.8446 0.0193641 -0.0237308 0.999531 -2.23438
0.99649 -0.0811434 -0.0205624 -316.788 0.08158 0.996438 0.0213711 -28.243 0.018755 -0.0229736 0.99956 -2.32732
0.996496 -0.0820977 -0.0160194 -319.562 0.0824322 0.996365 0.0214858 -28.6363 0.0141972 -0.022731 0.999641 -2.41703
0.99643 -0.0825482 -0.0177108 -322.333 0.0830064 0.996185 0.0269217 -29.0284 0.0154209 -0.0282957 0.999481 -2.51264
0.996319 -0.0831423 -0.0208852 -325.124 0.0837144 0.996091 0.0282085 -29.4203 0.0184582 -0.0298531 0.999384 -2.5827
0.996194 -0.0836211 -0.0246019 -327.924 0.0842831 0.99607 0.027234 -29.8102 0.0222279 -0.0292039 0.999326 -2.66849
0.996139 -0.0839717 -0.0256243 -330.717 0.0846207 0.99609 0.0253951 -30.2095 0.0233916 -0.0274654 0.999349 -2.73253
0.996191 -0.083982 -0.0234581 -333.526 0.0845795 0.996084 0.0257642 -30.6326 0.0212025 -0.0276501 0.999393 -2.82691
0.996159 -0.0840235 -0.0246438 -335.505 0.0846761 0.996049 0.0267574 -30.9512 0.0222982 -0.0287414 0.999338 -2.90044
