1 0 0 0 0 1 0 0 0 0 1 0
0.999989 -0.00344869 -0.00324321 0.0706231 0.00344326 0.999993 -0.00167662 -0.00655752 0.00324897 0.00166543 0.999993 -0.0168335
0.999956 -0.00929705 0.0014932 0.0234443 0.00929718 0.999957 -8.17077e-05 -0.0533255 -0.00149238 9.55868e-05 0.999999 0.0161088
0.99996 -0.0089543 0.000948075 0.589713 0.00895413 0.99996 0.000183368 -0.0173761 -0.000949679 -0.000174871 1 0.0307255
0.998847 -0.0125943 -0.0463281 -0.350108 0.0127177 0.999916 0.00236933 -0.0809694 0.0462944 -0.00295578 0.998923 0.00357767
0.998808 -0.0113065 -0.0474854 -2.72964 0.0116816 0.999903 0.00763015 -0.203218 0.0473945 -0.00817576 0.998843 -0.103939
0.998916 -0.00970597 -0.0455189 -5.11788 0.0101152 0.99991 0.00876792 -0.344585 0.0454297 -0.00921885 0.998925 -0.236277
0.998909 -0.00888377 -0.0458348 -7.50942 0.00933513 0.99991 0.00964281 -0.510981 0.045745 -0.0100602 0.998903 -0.385245
0.998988 -0.00878479 -0.0441044 -9.91107 0.00928864 0.999894 0.0112323 -0.680489 0.044001 -0.0116306 0.998964 -0.544218
0.998985 -0.0106286 -0.0437639 -12.3403 0.0111701 0.999864 0.0121473 -0.851942 0.0436289 -0.0126238 0.998968 -0.676867
0.999008 -0.0125662 -0.0427132 -14.7886 0.0131293 0.99983 0.0129265 -1.02504 0.0425435 -0.0134744 0.999004 -0.822885
0.999025 -0.0138708 -0.0419004 -17.257 0.0145038 0.999785 0.0148406 -1.17271 0.0416855 -0.0154338 0.999012 -0.98876
0.999018 -0.0136681 -0.0421511 -19.7276 0.0143546 0.999768 0.0160258 -1.34225 0.0419223 -0.0166151 0.998983 -1.13677
0.999001 -0.0132825 -0.0426572 -22.219 0.0141151 0.999714 0.0192779 -1.51543 0.0423889 -0.0198607 0.998904 -1.31011
0.999123 -0.0128498 -0.0398433 -24.7325 0.0137015 0.999682 0.0211776 -1.7035 0.0395585 -0.0217049 0.998982 -1.47236
0.999193 -0.0127752 -0.0380696 -27.272 0.0135591 0.9997 0.0204056 -1.91797 0.0377975 -0.0209054 0.999067 -1.60426
0.999192 -0.0158198 -0.0369561 -29.819 0.0164509 0.999723 0.0168366 -2.15809 0.0366795 -0.0174309 0.999175 -1.75063
0.999123 -0.0172859 -0.038129 -32.3947 0.0179338 0.999699 0.0167169 -2.34182 0.0378286 -0.017386 0.999133 -1.89933
0.998991 -0.0187713 -0.0407949 -34.9712 0.0194744 0.999667 0.0169068 -2.51073 0.0404639 -0.0176842 0.999025 -2.01154
0.999031 -0.0208178 -0.0387823 -37.5675 0.0213384 0.999687 0.0130576 -2.68515 0.0384983 -0.0138725 0.999163 -2.16427
0.999004 -0.0197919 -0.039989 -40.1565 0.0202883 0.999721 0.012046 -2.88248 0.0397394 -0.0128453 0.999128 -2.31358
0.998933 -0.0196459 -0.0417989 -42.7872 0.020145 0.99973 0.0115527 -3.12568 0.0415607 -0.0123824 0.999059 -2.47379
0.9988 -0.0189779 -0.0451356 -45.3692 0.0194997 0.999748 0.0111485 -3.33786 0.0449126 -0.0120153 0.998919 -2.63048
0.998803 -0.0204847 -0.0444235 -48.0222 0.0209635 0.999727 0.0103389 -3.55856 0.0441995 -0.0112578 0.998959 -2.79514
0.99881 -0.0221365 -0.0434457 -50.6784 0.0226194 0.999687 0.0106547 -3.75968 0.0431963 -0.0116248 0.998999 -2.96483
0.998726 -0.0233796 -0.0447085 -53.3291 0.0238616 0.999662 0.0102764 -4.00405 0.0444532 -0.0113301 0.998947 -3.13053
0.998735 -0.0240955 -0.0441253 -56.0028 0.0245885 0.999641 0.010664 -4.22256 0.0438525 -0.0117355 0.998969 -3.27942
0.998697 -0.0261805 -0.0438091 -58.6763 0.0267333 0.999569 0.0120799 -4.42734 0.043474 -0.0132353 0.998967 -3.45138
0.998726 -0.0289849 -0.0413091 -61.3324 0.0295947 0.999461 0.014229 -4.6634 0.0408744 -0.0154334 0.999045 -3.63054
0.998639 -0.0318537 -0.0412818 -64.021 0.0324228 0.999387 0.0131903 -4.94428 0.0408363 -0.0145108 0.999061 -3.80404
0.998469 -0.033663 -0.0438934 -66.6618 0.0342292 0.999339 0.0122112 -5.17488 0.0434533 -0.013695 0.998962 -3.94612
0.998555 -0.0347449 -0.04098 -69.3357 0.0352865 0.999298 0.0125665 -5.41833 0.0405146 -0.0139944 0.999081 -4.11437
0.99846 -0.0348 -0.0431967 -72.0289 0.0353441 0.999304 0.0118971 -5.65219 0.0427527 -0.0134055 0.998996 -4.27037
0.998641 -0.0338549 -0.0396101 -74.7234 0.0342015 0.999382 0.00810666 -5.89325 0.0393112 -0.00945037 0.999182 -4.37828
0.998768 -0.0314092 -0.0384066 -77.3995 0.0317812 0.999453 0.00911355 -6.13546 0.0380994 -0.0103229 0.999221 -4.54845
0.998837 -0.0298816 -0.0378327 -80.0915 0.0303437 0.999471 0.0117001 -6.38807 0.0374631 -0.0128345 0.999216 -4.71979
0.998917 -0.0294882 -0.0359838 -82.7626 0.029942 0.999478 0.0121354 -6.63779 0.0356071 -0.0131996 0.999279 -4.84078
0.998873 -0.0309347 -0.0359896 -85.44 0.0314416 0.999413 0.0136042 -6.872 0.0355476 -0.0147205 0.99926 -4.98876
0.9988 -0.0327215 -0.036435 -88.1265 0.0332968 0.999328 0.0152962 -7.09922 0.03591 -0.016491 0.999219 -5.14
0.99873 -0.0342526 -0.0369459 -90.8079 0.0348839 0.999254 0.0165815 -7.37078 0.0363504 -0.0178492 0.99918 -5.28929
0.998656 -0.0368998 -0.0363997 -93.5737 0.0375844 0.999126 0.0183054 -7.65286 0.0356924 -0.0196488 0.99917 -5.44463
0.998723 -0.0379934 -0.0332845 -96.2707 0.0386445 0.99907 0.0191397 -7.93112 0.0325263 -0.0204016 0.999263 -5.59246
0.998623 -0.0392276 -0.0348221 -98.9877 0.0398347 0.999063 0.0169144 -8.18975 0.034126 -0.0182782 0.99925 -5.72485
0.998659 -0.0393926 -0.033583 -101.675 0.039893 0.9991 0.0143649 -8.45435 0.0329869 -0.0156854 0.999333 -5.85363
0.998675 -0.039759 -0.0326505 -104.377 0.0401863 0.999113 0.0125353 -8.70195 0.0321231 -0.0138308 0.999388 -6.01061
0.998566 -0.0384996 -0.037196 -107.07 0.0389588 0.999172 0.0116972 -8.98733 0.0367149 -0.0131295 0.99924 -6.12044
0.998484 -0.0376766 -0.0401276 -109.771 0.0381663 0.999205 0.011508 -9.24897 0.0396621 -0.0130221 0.999128 -6.24159
0.998533 -0.0372652 -0.0392883 -112.428 0.0377627 0.999215 0.0119966 -9.50012 0.0388104 -0.0134626 0.999156 -6.41072
0.998581 -0.037763 -0.0375371 -115.129 0.0382677 0.999185 0.0128177 -9.76448 0.0370225 -0.014236 0.999213 -6.54806
0.998477 -0.0397116 -0.0382887 -117.818 0.040295 0.999081 0.0145854 -10.0357 0.0376743 -0.016106 0.99916 -6.68838
0.998442 -0.0425397 -0.0360933 -120.525 0.0430929 0.998963 0.0146906 -10.2989 0.0354309 -0.0162231 0.999241 -6.81549
0.998344 -0.0451586 -0.0356381 -123.206 0.0457218 0.998839 0.0151511 -10.5774 0.0349125 -0.0167555 0.99925 -6.95615
0.998183 -0.0484027 -0.0358765 -125.924 0.0489845 0.998679 0.0155188 -10.8973 0.0350779 -0.017248 0.999236 -7.11624
0.99802 -0.0506267 -0.0373102 -128.625 0.0511987 0.998583 0.0145388 -11.1918 0.0365213 -0.0164203 0.999198 -7.26397
0.997866 -0.0523822 -0.0389881 -131.323 0.0529204 0.998515 0.0129028 -11.4739 0.0382544 -0.0149385 0.999156 -7.39184
0.997808 -0.0518698 -0.0410788 -134 0.0524026 0.998554 0.012001 -11.7824 0.0403969 -0.0141273 0.999084 -7.53998
0.997849 -0.049881 -0.042534 -136.673 0.0504713 0.998642 0.0129177 -12.0823 0.0418319 -0.0150367 0.999012 -7.68273
0.997905 -0.0476853 -0.0437187 -139.371 0.0482921 0.998749 0.0129298 -12.3787 0.0430475 -0.015014 0.99896 -7.82729
0.997847 -0.0459501 -0.0467988 -142.069 0.0466937 0.998798 0.014921 -12.6707 0.046057 -0.0170741 0.998793 -7.93703
0.998033 -0.044261 -0.044392 -144.748 0.0449796 0.99887 0.0153201 -12.9548 0.0436638 -0.0172868 0.998897 -8.07073
0.998079 -0.0439615 -0.0436481 -147.449 0.044732 0.998857 0.0168338 -13.2286 0.0428582 -0.018754 0.998905 -8.21638
0.998041 -0.0447359 -0.0437392 -150.136 0.0455821 0.998788 0.0185429 -13.5114 0.0428567 -0.0205003 0.998871 -8.39593
0.997993 -0.0453022 -0.0442498 -152.841 0.0460574 0.998807 0.0161986 -13.8008 0.0434632 -0.0182042 0.998889 -8.5558
0.998019 -0.0469175 -0.0419146 -155.552 0.047697 0.998703 0.0177953 -14.0969 0.0410254 -0.0197593 0.998963 -8.70755
0.997937 -0.0485807 -0.0419587 -158.279 0.0494041 0.998601 0.0188144 -14.3607 0.040986 -0.0208486 0.998942 -8.87342
0.997885 -0.0488911 -0.0428294 -160.994 0.0496345 0.998631 0.0164689 -14.6672 0.0419656 -0.0185599 0.998947 -9.02283
0.998019 -0.0494494 -0.0388907 -163.705 0.0501458 0.998595 0.0171389 -14.968 0.0379886 -0.0190552 0.999097 -9.18222
0.99812 -0.0486207 -0.03732 -166.413 0.0493864 0.998582 0.0198769 -15.2717 0.0363006 -0.0216827 0.999106 -9.33747
0.997938 -0.0498354 -0.0404318 -169.128 0.0506974 0.998502 0.020581 -15.565 0.0393456 -0.0225884 0.99897 -9.46553
0.997957 -0.0505942 -0.0389989 -171.827 0.0514399 0.998455 0.0209954 -15.8513 0.0378764 -0.0229587 0.999019 -9.5987
0.997833 -0.0509326 -0.0416356 -174.524 0.0519529 0.998366 0.0237999 -16.1487 0.0403554 -0.0259115 0.998849 -9.74512
0.997765 -0.0514286 -0.0426546 -177.189 0.052534 0.998301 0.0252106 -16.4308 0.0412856 -0.0273951 0.998772 -9.89133
0.997697 -0.0519054 -0.0436495 -179.809 0.0530426 0.998271 0.0253111 -16.7251 0.0422603 -0.0275682 0.998726 -10.038
0.997604 -0.0541846 -0.0430182 -182.438 0.0552655 0.998175 0.0243471 -17.0079 0.0416205 -0.0266662 0.998778 -10.1819
0.99757 -0.0555122 -0.0421038 -184.972 0.0565261 0.99813 0.023284 -17.328 0.0407325 -0.0256074 0.998842 -10.3108
0.997295 -0.057206 -0.0461559 -187.508 0.0583064 0.998037 0.0228553 -17.6187 0.0447578 -0.0254847 0.998673 -10.4443
0.997167 -0.0593139 -0.0462475 -189.998 0.0603219 0.997964 0.0207118 -17.9359 0.0449249 -0.0234428 0.998715 -10.5756
0.997115 -0.0613902 -0.0446265 -192.447 0.0622825 0.99788 0.0188831 -18.2237 0.0433726 -0.0216081 0.998825 -10.6886
0.997084 -0.0620221 -0.0444487 -194.886 0.0630126 0.997787 0.0212381 -18.5094 0.0430332 -0.023977 0.998786 -10.8406
0.997085 -0.0629548 -0.0431077 -197.344 0.0638835 0.997747 0.020513 -18.7999 0.0417192 -0.0232071 0.99886 -10.9721
0.99714 -0.0625856 -0.0423676 -199.775 0.0634261 0.99781 0.0187916 -19.1149 0.0410987 -0.0214251 0.998925 -11.0906
0.997239 -0.061532 -0.0415724 -202.176 0.0622275 0.997939 0.0156463 -19.4191 0.040524 -0.0181901 0.999013 -11.2121
0.997222 -0.0623713 -0.0407031 -204.594 0.0631201 0.997855 0.0173757 -19.7134 0.039532 -0.0198967 0.99902 -11.3549
0.99716 -0.062999 -0.0412726 -206.981 0.0637281 0.997829 0.0165903 -19.9905 0.0401378 -0.0191734 0.99901 -11.4652
0.997117 -0.0636567 -0.0412909 -209.342 0.0644242 0.997769 0.0175299 -20.2705 0.0400829 -0.0201396 0.998993 -11.6012
0.997081 -0.0645119 -0.040842 -211.677 0.0653438 0.997675 0.0193708 -20.5426 0.0394974 -0.021983 0.998978 -11.7612
0.997121 -0.0656921 -0.0378603 -213.987 0.06651 0.99757 0.0207622 -20.8337 0.0364044 -0.0232206 0.999067 -11.8751
0.997096 -0.0672075 -0.0358112 -216.285 0.0680072 0.997451 0.0215987 -21.1626 0.0342684 -0.0239714 0.999125 -11.9821
0.996885 -0.0695376 -0.0371948 -218.596 0.0704535 0.997229 0.0239056 -21.4701 0.0354294 -0.0264516 0.999022 -12.1076
0.996806 -0.0712894 -0.0359896 -220.892 0.07217 0.997109 0.0237875 -21.7756 0.0341898 -0.0263089 0.999069 -12.2079
0.99678 -0.0715209 -0.0362431 -223.18 0.0724434 0.997064 0.0248086 -22.0754 0.0343623 -0.0273544 0.999035 -12.3313
0.997019 -0.069547 -0.0333901 -225.458 0.070432 0.997175 0.0261022 -22.3574 0.0314804 -0.0283762 0.999102 -12.4837
0.99721 -0.0657011 -0.0354272 -227.722 0.0666234 0.997452 0.0255121 -22.6357 0.0336607 -0.0278012 0.999047 -12.5741
0.997375 -0.0628709 -0.0358923 -230.01 0.0638012 0.99764 0.0253884 -22.9342 0.0342114 -0.0276117 0.999033 -12.6862
0.997438 -0.0615127 -0.0365025 -232.299 0.0624691 0.997717 0.0256645 -23.2197 0.0348405 -0.0278791 0.999004 -12.7846
0.997416 -0.0624303 -0.0355418 -234.581 0.0634422 0.99759 0.0280907 -23.492 0.0337024 -0.030273 0.998973 -12.9094
0.997322 -0.06402 -0.0353556 -236.863 0.0650351 0.99748 0.0283473 -23.7716 0.0334518 -0.0305708 0.998973 -13.0148
0.997208 -0.0661724 -0.0345885 -239.134 0.067173 0.997331 0.0286124 -24.0684 0.0326028 -0.030856 0.998992 -13.1273
0.997005 -0.0689864 -0.0349504 -241.424 0.070021 0.997115 0.0292959 -24.3533 0.0328286 -0.0316554 0.998959 -13.2285
0.996799 -0.0726005 -0.033452 -243.719 0.0736193 0.996826 0.0303001 -24.6465 0.031146 -0.0326658 0.998981 -13.3362
0.996555 -0.0761534 -0.0328155 -246.012 0.0771708 0.996538 0.0309388 -24.9622 0.0303457 -0.0333647 0.998982 -13.4531
0.996323 -0.0783703 -0.0346108 -248.297 0.0794193 0.996388 0.03005 -25.2959 0.0321307 -0.0326883 0.998949 -13.5438
0.996064 -0.0805275 -0.0370228 -250.606 0.0816175 0.996243 0.028935 -25.6143 0.0345537 -0.0318429 0.998895 -13.6564
0.995932 -0.0814566 -0.0385008 -252.881 0.0824997 0.996243 0.0263264 -25.9423 0.0362118 -0.0293956 0.998912 -13.7224
0.995929 -0.0818565 -0.0377425 -255.178 0.0828945 0.996198 0.0268069 -26.2556 0.0354046 -0.0298265 0.998928 -13.8534
0.996005 -0.0808001 -0.0379895 -257.452 0.0818121 0.996312 0.0258813 -26.5689 0.0357581 -0.0288859 0.998943 -13.9793
0.996179 -0.0798047 -0.0354515 -259.733 0.0807523 0.996391 0.0261514 -26.9002 0.0332365 -0.0289143 0.999029 -14.0609
0.996253 -0.0787828 -0.0356763 -262.023 0.079755 0.996457 0.0267005 -27.2139 0.0334464 -0.0294458 0.999007 -14.1715
0.996261 -0.0772214 -0.0387184 -264.292 0.078283 0.996574 0.0266924 -27.5431 0.0365245 -0.0296236 0.998893 -14.248
0.996237 -0.0768367 -0.0400703 -266.57 0.0779959 0.996554 0.028216 -27.847 0.0377642 -0.0312352 0.998798 -14.366
0.996159 -0.0773575 -0.0409975 -268.86 0.0785817 0.996482 0.0291403 -28.1605 0.0385991 -0.0322501 0.998734 -14.5112
0.996123 -0.0775175 -0.0415853 -271.149 0.078725 0.996496 0.0282306 -28.4861 0.0392513 -0.031395 0.998736 -14.6284
0.996119 -0.0778481 -0.0410474 -273.436 0.0788672 0.9966 0.0238204 -28.8139 0.0390535 -0.0269653 0.998873 -14.7781
0.995939 -0.0772878 -0.0461662 -275.697 0.0784028 0.99666 0.0228491 -29.1326 0.0442461 -0.0263759 0.998672 -14.8933
0.995872 -0.0768109 -0.0483438 -277.955 0.0779371 0.996719 0.0218571 -29.4514 0.0465063 -0.0255347 0.998591 -14.9972
0.995957 -0.0763713 -0.0472896 -280.212 0.0774365 0.996773 0.0211167 -29.7593 0.0455243 -0.0246933 0.998658 -15.1253
0.995932 -0.0747745 -0.0502644 -282.467 0.0758143 0.996939 0.0191061 -30.0738 0.0486819 -0.0228391 0.998553 -15.2511
0.996026 -0.0743708 -0.0489904 -284.716 0.0754165 0.996954 0.0198523 -30.3768 0.0473648 -0.0234682 0.998602 -15.4104
0.996115 -0.0736099 -0.048324 -286.989 0.0745826 0.997041 0.0186412 -30.6711 0.0468089 -0.0221729 0.998658 -15.5392
0.996056 -0.0735599 -0.049589 -289.253 0.0745196 0.997061 0.0177876 -30.9695 0.0481348 -0.0214128 0.998611 -15.6767
0.996117 -0.0730776 -0.0490824 -291.504 0.0740047 0.997107 0.0173434 -31.273 0.047673 -0.0209084 0.998644 -15.7556
0.996139 -0.0726742 -0.0492234 -293.732 0.073587 0.997144 0.01699 -31.5505 0.0478482 -0.0205467 0.998643 -15.8618
0.996173 -0.0723423 -0.0490389 -295.93 0.0732915 0.997151 0.0178409 -31.845 0.0476085 -0.0213668 0.998637 -15.9966
0.996237 -0.0728955 -0.0468753 -298.1 0.0738945 0.997067 0.0199415 -32.1556 0.0452841 -0.0233303 0.998702 -16.1316
0.996089 -0.0751446 -0.0464495 -300.261 0.0761529 0.996889 0.0203311 -32.4295 0.0447772 -0.0237889 0.998714 -16.2969
0.995974 -0.0763528 -0.0469492 -301.351 0.0772603 0.996852 0.0178267 -32.5899 0.0454403 -0.0213823 0.998738 -16.3353
