1 0 0 0 0 1 0 0 0 0 1 0
0.999999 -0.000204076 0.0010187 -2.4053 0.000202159 0.999998 0.00188174 -0.11704 -0.00101908 -0.00188153 0.999998 -0.0584731
0.999999 -0.000526051 -0.000937581 -4.80933 0.000528043 0.999998 0.00212588 -0.233846 0.000936461 -0.00212637 0.999997 -0.0846311
0.999957 -0.00123469 -0.00913747 -8.73576 0.00140344 0.999828 0.0184844 -0.411311 0.00911307 -0.0184965 0.999787 -0.0587274
0.999877 -0.0028851 -0.0154238 -12.7848 0.00315108 0.999846 0.0172483 -0.607186 0.0153717 -0.0172948 0.999732 -0.167902
0.999566 -0.000350377 -0.0294535 -16.7165 0.00110252 0.999674 0.0255242 -0.784546 0.0294349 -0.0255456 0.99924 -0.236863
0.99991 0.00134722 -0.013365 -20.6511 -0.00124235 0.999968 0.00785131 -0.971743 0.0133752 -0.007834 0.99988 -0.216223
0.999894 -0.000702401 -0.0145624 -25.1598 0.000901369 0.999906 0.013661 -1.1788 0.0145515 -0.0136727 0.999801 -0.286412
0.999789 -0.00241678 -0.0203784 -29.1909 0.00261612 0.999949 0.00976086 -1.41791 0.0203537 -0.00981212 0.999745 -0.458351
0.999709 -0.00514792 -0.0235734 -33.0047 0.005355 0.999948 0.00872939 -1.61685 0.0235272 -0.00885309 0.999684 -0.524646
0.999722 -0.00495267 -0.023049 -36.9956 0.00515975 0.999947 0.00893335 -1.79338 0.0230035 -0.00904979 0.999694 -0.684956
0.999711 -0.0014982 -0.0239874 -41.5562 0.00177152 0.999934 0.0113772 -2.00265 0.0239688 -0.0114164 0.999647 -0.830789
0.999654 0.000189949 -0.0262812 -45.4252 8.77347e-05 0.999944 0.0105643 -2.18734 0.0262818 -0.010563 0.999599 -1.0117
0.99956 0.00289912 -0.0295312 -48.4581 -0.00259163 0.999942 0.0104451 -2.33363 0.0295598 -0.0103639 0.999509 -1.1147
0.999526 0.00753391 -0.02986 -50.6444 -0.00723474 0.999923 0.0101144 -2.41269 0.0299339 -0.00989362 0.999503 -1.17716
0.999485 0.0115397 -0.0299461 -52.8562 -0.0112087 0.999874 0.0111986 -2.50209 0.0300716 -0.0108572 0.999489 -1.27907
0.999313 0.0170425 -0.0328958 -54.9574 -0.016649 0.999787 0.0121982 -2.57463 0.0330967 -0.0116422 0.999384 -1.36651
0.999153 0.0190628 -0.0364617 -57.1535 -0.0185991 0.999742 0.0130141 -2.65727 0.0367004 -0.0123249 0.99925 -1.47197
0.999126 0.0182991 -0.0375925 -59.3171 -0.017842 0.999763 0.0124609 -2.72055 0.0378117 -0.0117793 0.999216 -1.54552
0.999297 0.0179877 -0.0328856 -61.3331 -0.01767 0.999795 0.00992617 -2.76541 0.0330574 -0.0093381 0.99941 -1.59566
0.999313 0.0161074 -0.0333728 -63.3695 -0.0157669 0.999821 0.0104426 -2.83187 0.033535 -0.00990929 0.999389 -1.6749
0.999352 0.0133355 -0.0334348 -65.3546 -0.0129829 0.999858 0.010742 -2.89229 0.0335733 -0.010301 0.999383 -1.74701
0.999378 0.0111866 -0.0334437 -67.2482 -0.0107725 0.999863 0.0125365 -2.94583 0.0335794 -0.0121685 0.999362 -1.83817
0.999416 0.00954222 -0.0328009 -69.1114 -0.0091317 0.999878 0.0126427 -3.04466 0.0329175 -0.0123358 0.999382 -1.89875
0.999469 0.00867964 -0.0314153 -70.9143 -0.00827334 0.999881 0.0130401 -3.13053 0.0315248 -0.0127732 0.999421 -1.96645
0.999586 0.00764014 -0.0277338 -72.6896 -0.00723307 0.999865 0.0147484 -3.18996 0.0278427 -0.0145417 0.999507 -2.04985
0.99968 0.00808277 -0.0239769 -74.4132 -0.00775371 0.999875 0.0137854 -3.24994 0.0240854 -0.0135951 0.999618 -2.16276
0.999618 0.00887921 -0.0261852 -76.1444 -0.0085459 0.999881 0.0128138 -3.33521 0.0262958 -0.0125851 0.999575 -2.20025
0.999568 0.0112724 -0.027135 -77.8377 -0.0109667 0.999875 0.0113886 -3.3858 0.02726 -0.0110861 0.999567 -2.24935
0.999537 0.014561 -0.0267063 -79.5074 -0.0142647 0.999835 0.0112515 -3.45788 0.0268657 -0.0108653 0.99958 -2.29457
0.999432 0.0174988 -0.0288006 -81.1504 -0.017134 0.99977 0.0128663 -3.52153 0.0290192 -0.0123655 0.999502 -2.37239
0.999388 0.0188723 -0.0294415 -82.8099 -0.0184945 0.999744 0.013054 -3.55127 0.0296803 -0.0125015 0.999481 -2.43932
0.999378 0.0194292 -0.0294371 -84.4322 -0.0190115 0.999715 0.0144043 -3.59002 0.0297086 -0.0138357 0.999463 -2.51432
0.999384 0.01947 -0.0292093 -86.0601 -0.0190652 0.999719 0.0140746 -3.64077 0.0294751 -0.0135091 0.999474 -2.58303
0.999353 0.0180481 -0.0311122 -87.6484 -0.0175742 0.999726 0.0154385 -3.697 0.0313824 -0.0148818 0.999397 -2.65343
0.999334 0.0149184 -0.0332944 -89.2557 -0.0144048 0.999774 0.0156142 -3.765 0.0335198 -0.0151242 0.999324 -2.70919
0.999389 0.0112781 -0.0330893 -90.7874 -0.0107845 0.999828 0.0150584 -3.81584 0.0332534 -0.0146924 0.999339 -2.77826
0.999458 0.00732937 -0.032085 -92.3306 -0.00683742 0.999858 0.0154158 -3.89282 0.0321934 -0.0151881 0.999366 -2.8412
0.999451 0.00303259 -0.0329892 -93.8911 -0.0025651 0.999896 0.0142042 -3.95207 0.0330289 -0.0141118 0.999355 -2.8977
0.999457 -0.00064941 -0.0329308 -95.4178 0.00113338 0.999891 0.0146802 -4.02847 0.0329177 -0.0147095 0.99935 -2.96371
0.999465 -0.0044026 -0.0323958 -96.9425 0.00488699 0.999877 0.0148884 -4.12361 0.0323263 -0.0150387 0.999364 -3.02023
0.999483 -0.00825378 -0.031068 -98.4541 0.00873019 0.999846 0.0152306 -4.20689 0.0309376 -0.0154939 0.999401 -3.08234
0.999478 -0.0115963 -0.030172 -99.9266 0.012076 0.999803 0.0157657 -4.29737 0.0299832 -0.0161218 0.99942 -3.14813
0.999431 -0.0143895 -0.0305102 -101.377 0.0148541 0.999776 0.0150554 -4.37959 0.0302868 -0.0155 0.999421 -3.17848
0.999436 -0.0165881 -0.029208 -102.778 0.0170091 0.999754 0.0142236 -4.44145 0.0289649 -0.0147124 0.999472 -3.1857
0.999455 -0.0173805 -0.0280801 -104.095 0.0177793 0.999744 0.0140149 -4.5296 0.0278294 -0.0145065 0.999507 -3.2201
0.999436 -0.0190204 -0.027673 -105.362 0.0194154 0.999712 0.0140741 -4.61029 0.0273973 -0.0146035 0.999518 -3.26084
0.999437 -0.0211488 -0.0260265 -106.552 0.0215216 0.999668 0.0141294 -4.69558 0.0257191 -0.0146815 0.999561 -3.28571
0.999397 -0.023353 -0.0256875 -107.728 0.0237294 0.999614 0.0144482 -4.78019 0.0253402 -0.0150491 0.999566 -3.33533
0.999352 -0.0257811 -0.0251118 -108.881 0.0261555 0.99955 0.0146961 -4.87368 0.0247216 -0.0153433 0.999577 -3.37071
0.999307 -0.0279191 -0.0245937 -110.021 0.0282617 0.999506 0.0136951 -4.96715 0.0241992 -0.0143807 0.999604 -3.37589
0.999327 -0.0274246 -0.0243635 -111.139 0.0277909 0.999504 0.0148253 -5.03563 0.0239449 -0.0154925 0.999593 -3.44362
0.99945 -0.0216175 -0.025129 -112.17 0.0220101 0.999638 0.0154543 -5.13503 0.0247858 -0.0159989 0.999565 -3.49
0.999587 -0.0142801 -0.0249221 -113.212 0.0147069 0.999747 0.0170254 -5.20366 0.0246727 -0.0173849 0.999544 -3.54
0.999671 -0.00926007 -0.0239334 -114.289 0.00965403 0.999819 0.0163979 -5.25363 0.0237772 -0.0166236 0.999579 -3.56048
0.999721 -0.00573072 -0.0229272 -115.343 0.00610347 0.99985 0.0162214 -5.32024 0.0228308 -0.0163568 0.999605 -3.57081
0.999711 -0.0064932 -0.0231504 -116.44 0.00689356 0.999827 0.0172565 -5.41238 0.0230343 -0.0174111 0.999583 -3.6325
0.999674 -0.00970525 -0.0236155 -117.499 0.0101309 0.999787 0.0179702 -5.46708 0.0234361 -0.0182036 0.99956 -3.67041
0.999652 -0.0149346 -0.0217225 -118.58 0.0153046 0.999739 0.016965 -5.52527 0.0214635 -0.0172916 0.99962 -3.70092
0.999628 -0.0167185 -0.0215243 -119.639 0.0170929 0.999703 0.0173298 -5.60947 0.0212282 -0.0176913 0.999618 -3.73609
0.999632 -0.0164022 -0.0215865 -120.716 0.0167848 0.999703 0.0176635 -5.66571 0.0212904 -0.0180193 0.999611 -3.77272
0.999653 -0.0162855 -0.0207206 -121.804 0.0166806 0.999679 0.0190412 -5.74499 0.0204038 -0.0193802 0.999604 -3.81952
0.99965 -0.0157334 -0.0212446 -122.923 0.0161511 0.999676 0.0196387 -5.80412 0.0209287 -0.019975 0.999581 -3.86013
0.999674 -0.0162703 -0.0196713 -124.071 0.0166516 0.999673 0.0193785 -5.88932 0.0193496 -0.0196998 0.999619 -3.87198
0.999685 -0.0164961 -0.0188878 -125.216 0.016875 0.999656 0.0200837 -5.9762 0.01855 -0.0203961 0.99962 -3.90924
0.999675 -0.0177258 -0.0183278 -126.376 0.0180996 0.999627 0.0204311 -6.05612 0.0179588 -0.0207562 0.999623 -3.95274
0.999645 -0.0196573 -0.017951 -127.553 0.0200263 0.999587 0.0206114 -6.12338 0.0175384 -0.0209636 0.999626 -3.98672
0.999617 -0.0204999 -0.0185797 -128.714 0.0208704 0.999582 0.0199705 -6.19957 0.0181625 -0.0203506 0.999628 -4.01957
0.999634 -0.019758 -0.0184607 -129.873 0.020125 0.999599 0.0199083 -6.27354 0.0180599 -0.0202726 0.999631 -4.06836
0.999669 -0.0187243 -0.0176462 -131.125 0.0190867 0.999605 0.0205989 -6.35412 0.0172535 -0.0209289 0.999632 -4.10772
0.999676 -0.018267 -0.0177251 -132.407 0.0186381 0.999605 0.0210037 -6.44714 0.0173344 -0.0213273 0.999622 -4.15594
0.999686 -0.0174862 -0.0179163 -133.734 0.0178814 0.999595 0.0221417 -6.53324 0.0175219 -0.0224551 0.999594 -4.21411
0.999625 -0.0166717 -0.0217128 -135.011 0.0170888 0.99967 0.019168 -6.64211 0.0213861 -0.0195318 0.999581 -4.20676
0.999632 -0.0163046 -0.021648 -136.303 0.0167371 0.999661 0.019953 -6.73185 0.0213153 -0.020308 0.999567 -4.28051
0.999606 -0.0170199 -0.0222834 -137.604 0.0174626 0.999651 0.0198258 -6.83007 0.0219382 -0.0202072 0.999555 -4.3613
0.999497 -0.0189864 -0.025381 -138.922 0.0194749 0.999627 0.0191419 -6.91797 0.0250081 -0.0196266 0.999495 -4.41282
0.99935 -0.0222653 -0.0283515 -140.22 0.0227697 0.999586 0.0175947 -6.97528 0.027948 -0.0182288 0.999443 -4.44708
0.9993 -0.023915 -0.0287546 -141.475 0.0244165 0.999553 0.017218 -7.08448 0.02833 -0.017908 0.999438 -4.49394
0.999225 -0.0263931 -0.0292056 -142.748 0.0269129 0.999483 0.0175498 -7.21484 0.0287273 -0.0183222 0.999419 -4.54113
0.999107 -0.0309857 -0.028727 -143.978 0.0314952 0.999351 0.017457 -7.32058 0.0281675 -0.0183461 0.999435 -4.56249
0.998922 -0.0368391 -0.0282297 -145.205 0.0373294 0.999157 0.0170459 -7.39971 0.027578 -0.0180814 0.999456 -4.59187
0.998772 -0.0408675 -0.0279749 -146.386 0.0413432 0.999006 0.0166416 -7.51367 0.027267 -0.0177777 0.99947 -4.61051
0.99862 -0.044125 -0.0284766 -147.596 0.0446232 0.998857 0.0171056 -7.63444 0.0276893 -0.0183527 0.999448 -4.6656
0.998586 -0.0448449 -0.02854 -148.747 0.0453401 0.998828 0.0169467 -7.73747 0.0277466 -0.0182168 0.999449 -4.7123
0.998641 -0.0439634 -0.0279566 -149.866 0.0444838 0.998843 0.0182725 -7.83219 0.0271209 -0.0194913 0.999442 -4.79585
0.998708 -0.0419428 -0.0286704 -150.981 0.0424431 0.998953 0.0170703 -7.9478 0.0279244 -0.0182652 0.999443 -4.78671
0.998844 -0.0387556 -0.0284243 -152.084 0.0392523 0.999082 0.0171284 -8.04344 0.0277344 -0.0182243 0.999449 -4.80946
0.998956 -0.0361784 -0.0278927 -153.191 0.0366809 0.99917 0.0177176 -8.1264 0.0272285 -0.0187222 0.999454 -4.85129
0.999031 -0.0335871 -0.0284354 -154.283 0.0340611 0.999286 0.0163511 -8.21418 0.0278659 -0.0173038 0.999462 -4.84461
0.99913 -0.0308169 -0.0280964 -155.342 0.0313085 0.999361 0.0172314 -8.2956 0.0275474 -0.0180961 0.999457 -4.89965
0.999159 -0.0291748 -0.0288141 -156.397 0.0296715 0.999416 0.0169639 -8.37105 0.0283024 -0.0178046 0.999441 -4.92046
0.999188 -0.0290084 -0.0279494 -157.429 0.0295322 0.999392 0.0185151 -8.45821 0.0273953 -0.0193255 0.999438 -5.01689
0.999201 -0.0294596 -0.0270161 -158.504 0.0299815 0.999367 0.0191196 -8.55405 0.0264358 -0.0199143 0.999452 -5.05687
0.999278 -0.0290017 -0.0245387 -159.532 0.0294925 0.999367 0.0198795 -8.65592 0.0239467 -0.0205888 0.999501 -5.10183
0.999321 -0.0284775 -0.0233494 -160.581 0.0289648 0.999364 0.0208044 -8.69744 0.0227421 -0.0214666 0.999511 -5.15364
0.999362 -0.0282201 -0.0218886 -161.688 0.0286761 0.999372 0.0208045 -8.79394 0.0212877 -0.0214189 0.999544 -5.18837
0.999425 -0.0263025 -0.0213787 -162.798 0.0267692 0.999403 0.0218445 -8.88209 0.0207914 -0.0224042 0.999533 -5.23592
0.999509 -0.0248696 -0.0190196 -163.937 0.0252991 0.999422 0.0226819 -8.96852 0.0184445 -0.023152 0.999562 -5.26901
0.999525 -0.0235817 -0.0198383 -165.049 0.0239979 0.999491 0.0210078 -9.0265 0.0193328 -0.0214739 0.999583 -5.30655
0.999527 -0.0229965 -0.0203753 -166.254 0.0234445 0.999482 0.0220307 -9.1185 0.0198581 -0.022498 0.99955 -5.3541
0.999515 -0.0230763 -0.0208904 -167.524 0.023557 0.999456 0.0230675 -9.20964 0.0203467 -0.0235484 0.999516 -5.41021
0.999459 -0.0251089 -0.0212175 -168.873 0.0256096 0.999391 0.023664 -9.30823 0.0206104 -0.0241946 0.999495 -5.4687
0.999401 -0.0275002 -0.0209702 -170.236 0.0280095 0.99931 0.0243944 -9.42922 0.0202849 -0.0249672 0.999483 -5.51243
0.999292 -0.0307571 -0.0216512 -171.626 0.0313598 0.999114 0.0280695 -9.56364 0.0207687 -0.0287286 0.999372 -5.57644
0.99911 -0.0357417 -0.0223619 -173.087 0.0363573 0.998953 0.0277579 -9.65829 0.0213464 -0.0285463 0.999365 -5.63406
0.998934 -0.0408315 -0.0215231 -174.606 0.0414415 0.998728 0.0287033 -9.80626 0.0203238 -0.0295646 0.999356 -5.68729
0.998685 -0.044936 -0.0246553 -176.171 0.0456499 0.99853 0.0292019 -9.94428 0.0233068 -0.030289 0.999269 -5.72924
0.998508 -0.0481559 -0.0257224 -177.801 0.0489093 0.998367 0.0295085 -10.1315 0.0242594 -0.0307226 0.999234 -5.79677
0.998318 -0.052215 -0.0251885 -179.473 0.0529862 0.998114 0.0309868 -10.2991 0.023523 -0.0322693 0.999202 -5.88118
0.998075 -0.055257 -0.0281408 -181.096 0.0560926 0.99798 0.0298226 -10.4684 0.0264361 -0.0313437 0.999159 -5.92144
0.997875 -0.058654 -0.0283715 -182.866 0.0595045 0.997773 0.0301259 -10.6649 0.0265413 -0.0317502 0.999143 -5.98224
0.997724 -0.0608099 -0.029109 -184.698 0.0616733 0.997653 0.0297452 -10.8587 0.0272319 -0.0314728 0.999134 -6.02567
0.99765 -0.0613655 -0.0304433 -186.571 0.0623054 0.997577 0.030949 -11.0868 0.0284703 -0.0327731 0.999057 -6.12175
0.997623 -0.0619086 -0.0302479 -188.503 0.0628444 0.99754 0.0310329 -11.2992 0.0282523 -0.0328601 0.999061 -6.20175
0.997613 -0.0612076 -0.0319567 -190.46 0.0622111 0.997568 0.0314148 -11.5112 0.0299562 -0.0333279 0.998995 -6.2897
0.997601 -0.0608399 -0.0330178 -192.48 0.0618969 0.997569 0.0319948 -11.7383 0.030991 -0.0339617 0.998943 -6.36827
0.997455 -0.0603175 -0.0379983 -194.542 0.0615351 0.9976 0.0317329 -11.9918 0.035993 -0.0339904 0.998774 -6.4459
0.997542 -0.0598184 -0.0364838 -196.658 0.0610456 0.997572 0.0335055 -12.2359 0.034391 -0.0356503 0.998772 -6.56875
0.997566 -0.0592656 -0.036731 -198.818 0.0604997 0.997607 0.0334499 -12.4602 0.0346607 -0.0355907 0.998765 -6.67138
0.997613 -0.057849 -0.0376813 -201.022 0.0591387 0.997668 0.0340619 -12.7022 0.035623 -0.0362091 0.998709 -6.778
0.997622 -0.0563374 -0.0396978 -203.284 0.0577071 0.997746 0.0342462 -12.9196 0.037679 -0.0364556 0.998625 -6.8825
0.99778 -0.0533023 -0.0399161 -205.554 0.0546923 0.997904 0.0345797 -13.1745 0.0379893 -0.0366861 0.998605 -6.99521
0.997907 -0.0499451 -0.0410689 -207.863 0.0514361 0.998024 0.0360854 -13.4289 0.0391855 -0.0381223 0.998505 -7.13211
0.998034 -0.0477527 -0.0405788 -210.21 0.049276 0.998084 0.0374076 -13.6602 0.0387148 -0.0393337 0.998476 -7.25503
0.99794 -0.0467017 -0.0439813 -212.599 0.0484277 0.998063 0.039033 -13.8935 0.0420732 -0.0410825 0.99827 -7.38919
0.997963 -0.045711 -0.0444989 -213.797 0.0475044 0.998065 0.0401139 -14.0205 0.0425792 -0.0421461 0.998204 -7.46172
