1 0 0 0 0 1 0 0 0 0 1 0
1 0.000248099 -0.000321841 0.000148848 -0.000247925 1 0.0005421 0.00275491 0.000321975 -0.000542021 1 0.0014962
1 0.000230991 -0.000393724 0.00133231 -0.000230884 1 0.000271062 0.0036227 0.000393787 -0.000270972 1 -0.00413131
1 0.000168991 -0.000609134 -0.00364565 -0.000168648 1 0.000562298 0.00606417 0.000609229 -0.000562195 1 0.00221348
1 0.000279541 -0.000679487 -0.0109388 -0.000279486 1 8.034e-05 0.009051 0.000679509 -8.01502e-05 1 0.00523969
1 0.000588754 -0.00056952 -0.00901994 -0.000588906 1 -0.000266729 -0.00482059 0.000569363 0.000267064 1 0.00276852
1 0.000997974 -0.000501578 -0.00843405 -0.000998213 0.999999 -0.000477159 -0.00396771 0.000501101 0.000477659 1 -0.00166596
1 0.000837522 -0.000178938 -0.00616809 -0.00083759 1 -0.000379732 0.00181864 0.000178619 0.000379882 1 -0.0106393
1 0.0010089 -0.000392148 -0.011764 -0.00100911 0.999999 -0.000543968 0.00871039 0.000391599 0.000544363 1 -0.0144162
0.999999 0.00114153 -0.000639484 -0.0183328 -0.00114214 0.999999 -0.000948189 -0.00220017 0.0006384 0.000948919 0.999999 -0.00310784
1 0.00111544 -0.000257564 -0.0150418 -0.00111564 0.999999 -0.00077122 0.00190508 0.000256704 0.000771507 1 -0.00706646
0.999999 0.00128139 -0.000272309 -0.01179 -0.00128164 0.999999 -0.000938138 -0.00744619 0.000271106 0.000938486 1 -0.00890645
0.999999 0.00122002 -0.000591038 -0.00578621 -0.00122096 0.999998 -0.00159148 -0.0028694 0.000589095 0.0015922 0.999999 -0.00957884
0.999999 0.0011555 -0.000462199 -0.0117006 -0.00115625 0.999998 -0.00162 0.00192276 0.000460326 0.00162053 0.999999 -0.0171756
0.999999 0.0012389 -0.00058835 -0.0248744 -0.00123987 0.999998 -0.00165164 0.00631779 0.000586302 0.00165237 0.999999 -0.0253338
0.999999 0.00149229 -0.000418365 -0.0241204 -0.00149304 0.999997 -0.00179842 0.0035908 0.00041568 0.00179905 0.999998 -0.0239878
0.999999 0.00166954 -0.000521552 -0.0272674 -0.0016705 0.999997 -0.00185246 0.00213484 0.000518457 0.00185333 0.999998 -0.0193929
0.999998 0.00208708 -0.000361094 -0.0226592 -0.00208791 0.999995 -0.00229988 -0.00523718 0.000356291 0.00230063 0.999997 -0.019278
0.999998 0.00210635 -8.79701e-05 -0.0172298 -0.00210654 0.999996 -0.00214271 -0.00527746 8.34561e-05 0.00214289 0.999998 -0.0285268
0.999998 0.00209212 -0.000409457 -0.0193071 -0.00209306 0.999995 -0.00231014 -0.00506889 0.000404621 0.00231099 0.999997 -0.0250504
0.999998 0.00213397 -0.000510332 -0.019771 -0.0021354 0.999994 -0.00280961 -0.00324292 0.000504333 0.00281069 0.999996 -0.0237841
0.999998 0.0021237 -0.000515843 -0.0268513 -0.00212532 0.999993 -0.00316863 -0.00203252 0.000509109 0.00316972 0.999995 -0.0263542
0.999998 0.00201544 -0.000347119 -0.0360097 -0.00201654 0.999993 -0.00319153 -0.000145291 0.000340684 0.00319222 0.999995 -0.0279631
0.999998 0.0022324 -0.000469877 -0.0244106 -0.00223387 0.999993 -0.00315437 0.00212813 0.000462831 0.00315541 0.999995 -0.0306858
0.999997 0.00240642 -0.000461826 -0.0210939 -0.00240796 0.999992 -0.00336264 -0.000353951 0.00045373 0.00336374 0.999994 -0.0346933
0.999997 0.00261498 -0.000586933 -0.020249 -0.0026173 0.999989 -0.0039819 -0.0117949 0.000576514 0.00398342 0.999992 -0.032101
0.999997 0.00225095 -0.000614656 -0.0183928 -0.00225365 0.999988 -0.00442976 -0.00460993 0.000604677 0.00443114 0.99999 -0.0348005
0.999998 0.00220297 -0.000623793 -0.032328 -0.00220544 0.99999 -0.00399464 0.00951649 0.000614986 0.00399601 0.999992 -0.0425015
0.999997 0.00236049 -0.000717462 -0.0220146 -0.00236365 0.999987 -0.00443239 0.00266896 0.00070699 0.00443407 0.99999 -0.0393108
0.999997 0.00253849 -0.000997108 -0.0180299 -0.00254331 0.999985 -0.00486966 0.00314911 0.000984731 0.00487218 0.999988 -0.0373304
0.999995 0.00304361 -0.000720642 -0.014008 -0.00304688 0.999985 -0.00457555 -0.00949833 0.000706704 0.00457773 0.99999 -0.043491
0.999996 0.00301166 -0.000580512 -0.0157441 -0.00301431 0.999985 -0.00461756 -0.0124292 0.000566596 0.00461929 0.999989 -0.0465291
0.999996 0.00288081 -0.000612563 -0.0190041 -0.00288379 0.999984 -0.00492374 -0.00367289 0.000598368 0.00492549 0.999988 -0.0383769
0.999996 0.00294748 -0.000826851 -0.0114991 -0.00295123 0.999985 -0.00456542 -0.00235942 0.000813382 0.00456784 0.999989 -0.0377891
0.999995 0.00316402 -0.000610836 -0.00180034 -0.00316697 0.999983 -0.00489595 0.00232178 0.000595335 0.00489786 0.999988 -0.0382287
0.999995 0.00317117 -0.000519479 0.000957394 -0.00317364 0.999983 -0.00484016 0.00103457 0.000504121 0.00484178 0.999988 -0.0450714
0.999995 0.00318463 -0.000967716 0.0138772 -0.00318989 0.99998 -0.00548187 -0.00635377 0.000950238 0.00548492 0.999985 -0.041357
0.999995 0.00309568 -0.000836401 0.0223594 -0.00310036 0.999979 -0.00566372 0.00118994 0.00081885 0.00566629 0.999984 -0.0416783
0.999995 0.00301932 -0.00100623 0.0284278 -0.00302484 0.99998 -0.0055377 -0.000775402 0.000989485 0.00554072 0.999985 -0.034013
0.999996 0.00282826 -0.000386311 0.0159749 -0.00283022 0.999983 -0.00519875 0.00140261 0.000371601 0.00519983 0.999987 -0.0320451
0.999997 0.00268997 -0.000427818 -0.00299578 -0.00269218 0.999983 -0.00526509 -0.000967866 0.000413647 0.00526622 0.999986 -0.0388181
0.999998 0.00217984 0.000890766 -0.0603835 -0.0021748 0.999982 -0.0056148 0.0035009 -0.000902989 0.00561284 0.999984 -0.0264798
0.999996 0.00138931 0.00278796 -0.148561 -0.00137391 0.999984 -0.0055194 -0.00590352 -0.00279558 0.00551554 0.999981 -0.0262565
0.999987 0.000894702 0.00515809 -0.313359 -0.000865812 0.999984 -0.0056002 -0.0170504 -0.00516302 0.00559566 0.999971 -0.0219989
0.99998 0.00195675 0.00604669 -0.588694 -0.0019241 0.999984 -0.00540023 -0.0385187 -0.00605716 0.00538849 0.999968 -0.0400814
0.999972 0.00368799 0.00657913 -0.971352 -0.00365079 0.999978 -0.00565715 -0.037051 -0.00659985 0.00563297 0.999963 -0.0332046
0.999943 0.00559171 0.00915856 -1.43387 -0.00553321 0.999965 -0.00640017 -0.0720401 -0.00919402 0.00634913 0.999938 -0.0388133
0.999935 0.00677323 0.00923956 -2.03795 -0.0067333 0.999968 -0.00434511 -0.0941265 -0.00926869 0.00428261 0.999948 -0.0465172
0.99996 0.00408896 0.00803835 -2.73099 -0.00405978 0.999986 -0.00364189 -0.133772 -0.00805312 0.00360911 0.999962 -0.0337457
0.99995 -0.00354803 0.0093574 -3.5202 0.00357531 0.99999 -0.00289972 -0.219052 -0.00934702 0.00293303 0.999952 -0.0485264
0.999876 -0.0127812 0.00924775 -4.37693 0.0128097 0.999914 -0.00302311 -0.28696 -0.00920831 0.00314119 0.999953 -0.0475503
0.999708 -0.0217144 0.0106333 -5.32152 0.0217446 0.99976 -0.00273157 -0.358621 -0.0105714 0.00296199 0.99994 -0.0644566
0.999599 -0.0258387 0.0116258 -6.35775 0.0258747 0.999661 -0.00296358 -0.442923 -0.0115453 0.00326321 0.999928 -0.086589
0.999571 -0.0265383 0.0124307 -7.45073 0.0266157 0.999627 -0.00610622 -0.523337 -0.012264 0.00643445 0.999905 -0.0836159
0.999571 -0.0256615 0.0141831 -8.6497 0.0257385 0.999655 -0.00527592 -0.644238 -0.0140428 0.0056387 0.999886 -0.12158
0.999601 -0.0239449 0.0150131 -9.88608 0.0240255 0.999698 -0.0052161 -0.74224 -0.0148836 0.00557471 0.999874 -0.127278
0.999676 -0.0212931 0.0139496 -11.2435 0.0213721 0.999757 -0.0055389 -0.866553 -0.0138282 0.00583523 0.999888 -0.116418
0.999738 -0.0162525 0.0161448 -12.6676 0.0163467 0.99985 -0.00572457 -0.985106 -0.0160493 0.00598699 0.999854 -0.104995
0.999828 -0.00816778 0.0167144 -14.145 0.00823444 0.999959 -0.00392293 -1.07002 -0.0166817 0.00405989 0.999853 -0.0926188
0.999816 0.00520033 0.0185062 -15.7109 -0.00495201 0.999898 -0.0134385 -1.17052 -0.0185742 0.0133444 0.999739 -0.0550837
0.999608 0.0217447 0.0176413 -17.3511 -0.0215071 0.999677 -0.013546 -1.25969 -0.0179302 0.0131613 0.999753 -0.075424
0.999064 0.039337 0.0180345 -19.0655 -0.0390881 0.999139 -0.0139517 -1.27775 -0.0185678 0.0132337 0.99974 -0.0591144
0.998113 0.0577814 0.0208057 -20.8411 -0.0573922 0.998174 -0.0188416 -1.30239 -0.0218564 0.017612 0.999606 -0.0515894
0.99693 0.0759398 0.019072 -22.6984 -0.0756275 0.996998 -0.0165942 -1.27014 -0.0202749 0.0151009 0.999681 -0.073278
0.995499 0.092695 0.0197401 -24.5752 -0.0923431 0.995564 -0.01805 -1.21704 -0.0213257 0.0161459 0.999643 -0.060548
0.994411 0.103922 0.0186771 -26.513 -0.103631 0.994489 -0.015923 -1.11461 -0.0202289 0.0138984 0.999699 -0.0320791
0.993434 0.112918 0.018402 -28.4935 -0.112681 0.99354 -0.0134639 -1.00061 -0.0198035 0.011302 0.99974 -0.0373369
0.992887 0.11791 0.0165604 -30.4822 -0.117861 0.993023 -0.00390942 -0.856908 -0.0169058 0.00192979 0.999856 -0.0368685
0.992536 0.120859 0.016327 -32.5299 -0.120881 0.992667 0.000380168 -0.721296 -0.0161613 -0.00235094 0.999867 -0.0409622
0.992391 0.120821 0.0237291 -34.5996 -0.120914 0.99266 0.00254239 -0.578368 -0.0232477 -0.00539222 0.999716 -0.038398
0.992421 0.120787 0.0226278 -36.6836 -0.120844 0.992671 0.00117599 -0.447992 -0.0223199 -0.00390151 0.999744 0.00212764
0.992625 0.11877 0.0242948 -38.8149 -0.118874 0.992906 0.0028752 -0.333076 -0.0237809 -0.005742 0.999701 0.0152551
0.99292 0.115985 0.0256755 -40.9406 -0.116088 0.993236 0.00252158 -0.207227 -0.0252093 -0.00548433 0.999668 0.0309196
0.993351 0.11226 0.0255473 -43.0807 -0.112328 0.993671 0.001203 -0.0849937 -0.0252506 -0.00406466 0.999673 0.066659
0.993731 0.108727 0.0260331 -45.2222 -0.108764 0.994068 5.2931e-06 0.0264429 -0.0258781 -0.00283672 0.999661 0.0860087
0.993858 0.107401 0.0266905 -47.3937 -0.107436 0.994212 -0.00011767 0.125908 -0.0265487 -0.00275057 0.999644 0.114541
0.993972 0.106407 0.0264234 -49.5825 -0.106452 0.994318 0.000275984 0.233297 -0.0262439 -0.00308714 0.999651 0.146332
0.994009 0.105546 0.0284119 -51.7718 -0.105637 0.994404 0.00172565 0.32881 -0.0280707 -0.00471666 0.999595 0.161964
0.994178 0.103639 0.0294919 -53.9921 -0.10375 0.994601 0.00225255 0.435227 -0.0290992 -0.0052992 0.999563 0.21021
0.9945 0.10057 0.029277 -56.2046 -0.100645 0.994922 0.00107289 0.522005 -0.0290204 -0.00401357 0.999571 0.261781
0.994938 0.0959013 0.0300361 -58.4461 -0.0960162 0.995377 0.00240291 0.602411 -0.0296668 -0.00527469 0.999546 0.280092
0.995203 0.0929725 0.030447 -60.6601 -0.0930976 0.995654 0.00271281 0.689508 -0.0300624 -0.00553433 0.999533 0.330972
0.995403 0.089849 0.0331822 -62.9368 -0.0898056 0.995956 -0.00279962 0.747783 -0.0332996 -0.000193201 0.999446 0.386458
0.995452 0.0899273 0.0314635 -65.1631 -0.0898588 0.995948 -0.00358509 0.82451 -0.0316584 0.000741508 0.999499 0.43153
0.995268 0.0911098 0.0337953 -67.4232 -0.0910433 0.995841 -0.0035029 0.889603 -0.0339739 0.000409489 0.999423 0.485219
0.995147 0.0922857 0.0341447 -69.6816 -0.0921407 0.995729 -0.00580019 0.959538 -0.0345341 0.00262593 0.9994 0.537141
0.994945 0.0943045 0.0345177 -71.9711 -0.0941996 0.995543 -0.00465822 1.04112 -0.0348032 0.00138313 0.999393 0.567819
0.994775 0.0961118 0.0344272 -74.284 -0.0960355 0.995371 -0.00386774 1.1198 -0.0346395 0.000541301 0.9994 0.601556
0.994228 0.0987769 0.041875 -76.5967 -0.0989542 0.99509 0.00217886 1.20517 -0.0414542 -0.00630999 0.999121 0.629763
0.99401 0.102096 0.0389997 -78.9179 -0.102267 0.994754 0.00239779 1.30628 -0.0385504 -0.00637179 0.999237 0.709186
0.994356 0.104226 0.0198459 -81.295 -0.104331 0.994533 0.00433553 1.42288 -0.0192856 -0.00638161 0.999794 0.756855
0.993996 0.106873 0.0234663 -83.6656 -0.107006 0.994248 0.00450411 1.51742 -0.02285 -0.0069881 0.999715 0.768425
0.993649 0.109195 0.0271719 -86.0456 -0.10931 0.994004 0.00275018 1.65231 -0.0267087 -0.00570286 0.999627 0.778571
0.993242 0.11214 0.0299251 -88.4828 -0.11223 0.993682 0.00134065 1.77618 -0.0295857 -0.00469007 0.999551 0.845462
0.993179 0.113204 0.0279281 -90.923 -0.113314 0.993557 0.00237562 1.90609 -0.0274792 -0.00552404 0.999607 0.915587
0.99347 0.113058 0.0153602 -93.401 -0.113039 0.993589 -0.00210242 2.04111 -0.0154995 0.000352383 0.99988 0.9289
0.993482 0.112356 0.0192138 -95.8558 -0.112171 0.993634 -0.010481 2.14881 -0.0202691 0.00825748 0.999761 0.93621
0.993456 0.111651 0.0240772 -98.3412 -0.111411 0.993713 -0.0110929 2.26766 -0.0251644 0.00833784 0.999649 0.958298
0.993774 0.109653 0.0197626 -100.91 -0.109497 0.993948 -0.00880414 2.40406 -0.0206084 0.00658537 0.999766 1.01282
0.993791 0.109213 0.0212483 -103.444 -0.109062 0.994002 -0.00816011 2.52116 -0.022012 0.00579207 0.999741 1.0381
0.993898 0.109143 0.015959 -106.021 -0.10898 0.993986 -0.0107298 2.64393 -0.0170341 0.00892509 0.999815 1.06769
0.994093 0.107777 0.0128168 -108.589 -0.107654 0.994139 -0.00990845 2.78156 -0.0138096 0.00847014 0.999869 1.07858
0.994077 0.106402 0.0221455 -111.158 -0.106228 0.994302 -0.00889302 2.92347 -0.0229656 0.00648788 0.999715 1.08735
0.994361 0.104142 0.020014 -113.731 -0.103882 0.994496 -0.0136575 3.01316 -0.0213261 0.0115014 0.999707 1.11835
0.994737 0.100652 0.0191663 -116.316 -0.100278 0.994768 -0.0195376 3.12641 -0.0210325 0.0175128 0.999626 1.12757
0.995255 0.0959086 0.0163968 -118.9 -0.0955013 0.995139 -0.0240452 3.21767 -0.0186232 0.0223652 0.999577 1.11098
0.99556 0.0918001 0.0208256 -121.465 -0.0913146 0.995553 -0.0231781 3.30367 -0.0228607 0.0211735 0.999515 1.11411
0.995767 0.0896286 0.020377 -124.042 -0.0892949 0.995865 -0.0167421 3.40454 -0.0217933 0.0148517 0.999652 1.14276
0.995698 0.089517 0.0239335 -126.594 -0.0895849 0.995978 0.00177674 3.51421 -0.0236782 -0.00391317 0.999712 1.15932
0.99547 0.0914152 0.0261533 -129.161 -0.0915496 0.995793 0.00397978 3.61616 -0.0256795 -0.00635607 0.99965 1.162
0.995061 0.0958798 0.0256983 -131.739 -0.0959082 0.99539 -0.000128167 3.69831 -0.0255922 -0.00233714 0.99967 1.19619
0.994977 0.0981846 0.0195098 -134.372 -0.0982338 0.995162 0.00157055 3.78069 -0.0192612 -0.00347917 0.999809 1.21663
0.994758 0.0997112 0.0226914 -136.971 -0.099793 0.995005 0.00249768 3.9075 -0.022329 -0.00474903 0.99974 1.23366
0.994478 0.100425 0.030463 -139.579 -0.100491 0.994938 0.000638592 4.00977 -0.0302447 -0.00369632 0.999536 1.24655
0.994489 0.10031 0.0304996 -142.194 -0.100395 0.994947 0.00125103 4.1211 -0.03022 -0.00430614 0.999534 1.27667
0.994646 0.0986139 0.030899 -144.818 -0.098746 0.995109 0.00277066 4.23519 -0.0304746 -0.00580698 0.999519 1.29278
0.994832 0.0967012 0.0309498 -147.454 -0.0968581 0.995292 0.00360585 4.34592 -0.0304554 -0.00658495 0.999515 1.33919
0.994883 0.0956235 0.0326308 -150.105 -0.0958175 0.995389 0.00442872 4.45536 -0.0320568 -0.00753265 0.999458 1.37131
0.994946 0.0950652 0.0323443 -152.784 -0.0952426 0.995446 0.00398174 4.54385 -0.0318184 -0.00704216 0.999469 1.40624
0.994975 0.094954 0.0317669 -155.467 -0.0951254 0.995458 0.00392115 4.64218 -0.0312503 -0.00692328 0.999488 1.44462
0.995003 0.0939606 0.0337808 -158.166 -0.094184 0.995542 0.00507964 4.74224 -0.0331529 -0.00823586 0.999417 1.4883
0.995129 0.0934991 0.0312545 -160.855 -0.0937241 0.995582 0.00580484 4.84027 -0.0305736 -0.00870586 0.999495 1.53867
0.995083 0.0925528 0.0352636 -163.551 -0.0928331 0.995662 0.00638978 4.94353 -0.0345192 -0.00963198 0.999358 1.58478
0.995002 0.0931991 0.0358466 -166.248 -0.0934844 0.995601 0.0063593 5.03829 -0.0350962 -0.0096786 0.999337 1.63269
0.995156 0.0920503 0.034513 -168.954 -0.0923147 0.995711 0.00614107 5.13915 -0.0337997 -0.00929738 0.999386 1.68372
0.995156 0.0914663 0.036034 -170.311 -0.0917503 0.995762 0.00630198 5.18207 -0.0353049 -0.00957758 0.999331 1.70927
