1 0 0 0 0 1 0 0 0 0 1 0
0.999997 0.000798125 -0.0021489 -0.205796 -0.000796909 1 0.000566508 0.0269313 0.00214935 -0.000564794 0.999998 -0.0266133
0.999982 0.00124462 -0.00591725 -0.659488 -0.00123558 0.999998 0.00153081 0.0100759 0.00591914 -0.00152347 0.999981 -0.0203399
0.999978 0.000654197 -0.00659811 -1.17337 -0.000653001 1 0.000183348 -0.0330689 0.00659822 -0.000179036 0.999978 -0.0088425
0.999976 0.000749123 -0.00690227 -2.23836 -0.000753176 1 -0.000584583 -0.0977259 0.00690183 0.000589768 0.999976 -0.0295429
0.99995 0.00275798 -0.00962565 -3.6056 -0.00275296 0.999996 0.000533835 -0.171949 0.00962709 -0.000507309 0.999954 -0.0760531
0.999948 0.00231666 -0.0099417 -6.34492 -0.00232061 0.999997 -0.000385339 -0.31888 0.00994078 0.000408389 0.999951 -0.156488
0.999975 0.00141405 -0.00688538 -9.10112 -0.00142815 0.999997 -0.00204277 -0.475745 0.00688247 0.00205255 0.999974 -0.164663
0.999983 0.00128784 -0.00569563 -11.8421 -0.00129431 0.999999 -0.00113231 -0.603 0.00569416 0.00113966 0.999983 -0.246444
0.999991 0.00121431 -0.00400918 -14.5626 -0.00121133 0.999999 0.000745846 -0.734116 0.00401008 -0.000740984 0.999992 -0.310934
0.999991 0.0002108 -0.00425555 -17.3189 -0.00020332 0.999998 0.00175799 -0.89146 0.00425592 -0.00175711 0.99999 -0.385436
0.999991 0.000362226 -0.00422087 -20.0572 -0.00034728 0.999994 0.00354116 -1.03379 0.00422212 -0.00353966 0.999985 -0.454445
0.999993 3.96908e-06 -0.00371498 -22.7913 1.73888e-05 0.999983 0.00574904 -1.15784 0.00371494 -0.00574907 0.999977 -0.525753
0.999991 -0.00109847 -0.00412279 -25.5283 0.00112784 0.999974 0.00712926 -1.31778 0.00411485 -0.00713385 0.999966 -0.577007
0.999985 -0.00311305 -0.00451302 -28.2393 0.00314152 0.999975 0.00631487 -1.47704 0.00449325 -0.00632895 0.99997 -0.6153
0.999972 -0.00566632 -0.00488214 -30.9748 0.00570096 0.999958 0.00711129 -1.63354 0.00484164 -0.00713893 0.999963 -0.66877
0.99994 -0.00917285 -0.0058807 -33.6966 0.00920824 0.999939 0.00601889 -1.79912 0.00582513 -0.00607269 0.999965 -0.694662
0.999907 -0.0126666 -0.00499311 -36.4349 0.0127012 0.999895 0.00694974 -1.97876 0.00490456 -0.00701251 0.999964 -0.75079
0.999855 -0.0168937 -0.00204978 -39.1774 0.0169086 0.999829 0.00749624 -2.18325 0.00192279 -0.00752981 0.99997 -0.800635
0.9998 -0.0199602 -0.00125078 -41.9263 0.0199742 0.999723 0.0124494 -2.37282 0.00100194 -0.0124719 0.999922 -0.863549
0.999735 -0.0219378 -0.00697219 -44.6595 0.0220282 0.999671 0.0131518 -2.59372 0.00668138 -0.0133019 0.999889 -0.897911
0.999741 -0.022298 -0.0045476 -47.3764 0.0223433 0.999699 0.0101752 -2.79068 0.00431934 -0.0102742 0.999938 -0.913915
0.999748 -0.0214837 -0.00650816 -50.0743 0.0215293 0.999744 0.0070146 -3.00031 0.00635579 -0.00715295 0.999954 -0.953515
0.999784 -0.0196958 -0.00653456 -52.7284 0.0197451 0.999776 0.00756808 -3.20014 0.00638404 -0.00769548 0.99995 -0.99943
0.999843 -0.0166959 -0.00597205 -55.4088 0.0167318 0.999842 0.00600873 -3.38659 0.00587078 -0.00610771 0.999964 -1.04676
0.999908 -0.0123044 -0.00572741 -58.0469 0.0123457 0.999898 0.00723613 -3.571 0.00563779 -0.00730617 0.999958 -1.09674
0.999968 -0.00685407 -0.00418754 -60.6916 0.00689326 0.999932 0.00941896 -3.75066 0.0041227 -0.00944753 0.999947 -1.14491
0.999985 -0.00103588 -0.00543131 -63.2982 0.0010897 0.99995 0.00991792 -3.90157 0.00542077 -0.00992369 0.999936 -1.21839
0.999981 0.00470885 -0.00383872 -65.8993 -0.00466831 0.999934 0.0105051 -4.02873 0.00388793 -0.010487 0.999938 -1.24031
0.999941 0.00902721 -0.00605408 -68.4988 -0.00896275 0.999904 0.0105928 -4.15607 0.00614912 -0.0105379 0.999926 -1.24665
0.999918 0.011876 -0.00469727 -71.0474 -0.0118192 0.999859 0.0119594 -4.23847 0.00483863 -0.011903 0.999918 -1.31235
0.999913 0.0127189 -0.00351368 -73.6195 -0.012663 0.9998 0.0155001 -4.35576 0.00371012 -0.0154542 0.999874 -1.37102
0.999929 0.0114403 -0.00316828 -76.1765 -0.0113881 0.999806 0.0160398 -4.45762 0.00335117 -0.0160026 0.999867 -1.44004
0.999969 0.00760747 -0.0018553 -78.7716 -0.00757866 0.999858 0.0150732 -4.59656 0.0019697 -0.0150587 0.999885 -1.46215
0.999985 0.00225168 -0.00483361 -81.3994 -0.00218042 0.99989 0.0146978 -4.72495 0.00486617 -0.014687 0.999881 -1.45594
0.999976 -0.00339873 -0.0059055 -83.9891 0.00348945 0.999875 0.0154203 -4.87481 0.00585235 -0.0154405 0.999864 -1.51457
0.999945 -0.00945735 -0.00447801 -86.5799 0.00950956 0.999885 0.0117837 -5.01834 0.00436605 -0.0118257 0.999921 -1.55577
0.999836 -0.0169906 -0.00627482 -89.1955 0.0170456 0.999816 0.00881202 -5.21707 0.00612394 -0.00891753 0.999942 -1.6381
0.999627 -0.0247179 -0.0115419 -91.7989 0.0248182 0.999655 0.00862294 -5.42981 0.0113248 -0.00890618 0.999896 -1.70377
0.999385 -0.0322175 -0.0137844 -94.3604 0.0323071 0.999458 0.00632465 -5.65327 0.0135732 -0.0067661 0.999885 -1.75625
0.999157 -0.0389909 -0.0128127 -96.9305 0.0390247 0.999235 0.00239964 -5.90764 0.0127093 -0.00289763 0.999915 -1.81462
0.998943 -0.0444625 -0.0115929 -99.503 0.0444653 0.999011 -2.00186e-05 -6.18406 0.0115823 -0.000495481 0.999933 -1.87058
0.99882 -0.0463898 -0.0143125 -102.028 0.0463586 0.998922 -0.00250922 -6.424 0.0144134 0.00184275 0.999895 -1.96396
0.998861 -0.0465573 -0.0104396 -104.563 0.0465512 0.998915 -0.000826345 -6.70887 0.0104668 0.000339427 0.999945 -1.99667
0.998902 -0.0445156 -0.0145423 -107.114 0.0445071 0.999009 -0.000909174 -6.96647 0.0145683 0.000260943 0.999894 -2.02267
0.999061 -0.0416996 -0.0117627 -109.683 0.0416698 0.999128 -0.00277046 -7.232 0.011868 0.00227771 0.999927 -2.05754
0.999225 -0.0381356 -0.0097306 -112.233 0.0381219 0.999272 -0.00158661 -7.47026 0.00978402 0.00121444 0.999952 -2.12371
0.999346 -0.0344438 -0.0109757 -114.833 0.0344335 0.999406 -0.00112557 -7.70576 0.011008 0.000746904 0.999939 -2.20172
0.999533 -0.030425 -0.00272898 -117.41 0.0304199 0.999535 -0.00189236 -7.93768 0.00278529 0.00180846 0.999995 -2.26449
0.99968 -0.0252264 -0.00133303 -120.008 0.0252208 0.999674 -0.00403293 -8.1646 0.00143432 0.00399802 0.999991 -2.3125
0.999782 -0.0203566 -0.00445971 -122.632 0.0203363 0.999783 -0.00454936 -8.33963 0.00455135 0.00445768 0.99998 -2.36821
0.999897 -0.0141764 -0.00180227 -125.245 0.0141669 0.999886 -0.00518159 -8.5456 0.00187551 0.00515553 0.999985 -2.43046
0.999957 -0.00743206 -0.00551235 -127.892 0.00740309 0.999959 -0.00525801 -8.72224 0.00555121 0.00521698 0.999971 -2.48386
0.999962 -0.000813486 -0.00860792 -130.544 0.000761976 0.999982 -0.00598568 -8.87302 0.00861264 0.0059789 0.999945 -2.54137
0.999977 0.00479184 -0.00460355 -133.203 -0.00482073 0.999969 -0.00628378 -9.0225 0.00457329 0.00630584 0.99997 -2.62657
0.999967 0.00809569 -5.29592e-05 -135.861 -0.00809584 0.99996 -0.00383783 -9.15352 2.18837e-05 0.00383813 0.999993 -2.66966
0.999948 0.00968135 -0.00302413 -138.543 -0.00967846 0.999953 0.000973271 -9.24947 0.00303341 -0.00094395 0.999995 -2.72518
0.999949 0.00965504 -0.00274892 -141.213 -0.00964404 0.999946 0.00398619 -9.37361 0.00278726 -0.00395948 0.999988 -2.76973
0.999956 0.00912689 -0.00166849 -143.896 -0.00912041 0.999951 0.00385657 -9.50469 0.00170361 -0.00384118 0.999991 -2.81965
0.999971 0.00687065 -0.00310029 -146.608 -0.00686662 0.999976 0.00130847 -9.644 0.0031092 -0.00128715 0.999995 -2.84451
0.999983 0.00425322 -0.00385373 -149.295 -0.00423874 0.999984 0.00375801 -9.78619 0.00386965 -0.00374161 0.999986 -2.89608
0.999978 0.00171341 -0.00625346 -151.978 -0.00166776 0.999972 0.0072987 -9.8797 0.00626579 -0.00728812 0.999954 -2.94223
0.999997 -0.000605001 -0.00217803 -154.701 0.000623434 0.999964 0.00847214 -10.0336 0.00217282 -0.00847347 0.999962 -2.96858
0.999996 -0.00272333 0.000407915 -157.419 0.0027194 0.999953 0.00934454 -10.1768 -0.000433348 -0.0093434 0.999956 -3.00251
0.999989 -0.00443329 0.0012689 -160.108 0.00442212 0.999953 0.00867987 -10.3409 -0.00130732 -0.00867416 0.999962 -3.04771
0.999982 -0.00593409 0.000301181 -162.807 0.0059312 0.999944 0.00882472 -10.505 -0.000353535 -0.00882278 0.999961 -3.06696
0.999978 -0.00652848 2.74603e-05 -165.51 0.00652794 0.999935 0.00938644 -10.6631 -8.87416e-05 -0.00938605 0.999956 -3.08266
0.999965 -0.00822813 0.000558691 -168.221 0.00822283 0.999927 0.00891932 -10.8336 -0.000632044 -0.00891442 0.99996 -3.12983
0.999949 -0.0100425 -0.000368087 -170.913 0.0100453 0.999912 0.0086332 -11.0008 0.000281352 -0.00863646 0.999963 -3.16388
0.999932 -0.0113315 0.00234754 -173.62 0.0113147 0.999911 0.00702493 -11.1677 -0.00242694 -0.00699789 0.999973 -3.20622
0.999903 -0.0124825 0.0061062 -176.311 0.0124952 0.99992 -0.00203655 -11.3808 -0.0060803 0.00211265 0.99998 -3.25015
0.999921 -0.0116972 0.00447479 -179.013 0.0117319 0.999901 -0.00780671 -11.5735 -0.00438304 0.0078586 0.99996 -3.2661
0.999925 -0.0117364 0.0032145 -181.743 0.0117522 0.999919 -0.00491756 -11.751 -0.00315653 0.00495498 0.999983 -3.32911
0.999941 -0.0103336 0.00318457 -184.454 0.0103458 0.999939 -0.00383515 -11.9208 -0.00314475 0.00386788 0.999988 -3.27059
0.999947 -0.00895676 0.00485839 -187.157 0.00896298 0.999959 -0.00125804 -12.0904 -0.00484693 0.00130152 0.999988 -3.34203
0.999923 -0.00715863 0.0100498 -189.852 0.00716762 0.999974 -0.000858685 -12.2648 -0.0100434 0.000930655 0.999949 -3.37048
0.99994 -0.00579918 0.00920353 -192.557 0.00580097 0.999983 -0.000167951 -12.428 -0.00920241 0.000221333 0.999958 -3.37711
0.999947 -0.00473595 0.00901071 -195.255 0.00473122 0.999989 0.000546733 -12.5865 -0.00901321 -0.000504071 0.99996 -3.37908
0.999916 -0.00402431 0.0122823 -197.96 0.0040368 0.999991 -0.000992196 -12.7419 -0.0122782 0.0010417 0.999924 -3.37114
0.999888 -0.00416159 0.0143557 -200.659 0.00417219 0.999991 -0.000709036 -12.9157 -0.0143526 0.000768855 0.999897 -3.37552
0.999882 -0.0039683 0.0147938 -203.371 0.00404604 0.999978 -0.00522847 -13.0701 -0.0147728 0.00528772 0.999877 -3.39514
0.999881 -0.00409014 0.0148334 -206.099 0.00416881 0.999978 -0.00527643 -13.2293 -0.0148115 0.00533764 0.999876 -3.40158
0.999866 -0.00444178 0.0157281 -208.821 0.00449183 0.999985 -0.00314846 -13.3853 -0.0157139 0.00321869 0.999872 -3.4263
0.999847 -0.00455049 0.0168622 -211.522 0.0046293 0.999979 -0.00463762 -13.5434 -0.0168407 0.00471497 0.999847 -3.39793
0.999805 -0.00424682 0.0192423 -214.217 0.00431084 0.999985 -0.00328671 -13.7242 -0.0192281 0.00336902 0.99981 -3.37442
0.999758 -0.00410853 0.0215789 -216.922 0.00416424 0.999988 -0.00253732 -13.8834 -0.0215682 0.00262657 0.999764 -3.38034
0.999773 -0.00422614 0.0208638 -219.643 0.00429998 0.999985 -0.00349511 -14.0501 -0.0208487 0.00358404 0.999776 -3.39708
0.999791 -0.0046951 0.0198747 -222.344 0.00481533 0.99997 -0.00600567 -14.2347 -0.0198459 0.00610012 0.999785 -3.37947
0.999702 -0.00467225 0.0239288 -225.078 0.0048297 0.999967 -0.00652635 -14.3815 -0.0238976 0.00663999 0.999693 -3.35868
0.99979 -0.00523182 0.0197762 -227.782 0.00537446 0.99996 -0.00716602 -14.5547 -0.019738 0.00727081 0.999779 -3.34676
0.999868 -0.00530249 0.0152841 -230.517 0.00542483 0.999954 -0.00797386 -14.7009 -0.0152412 0.00805574 0.999852 -3.34989
0.999581 -0.00407346 0.0286413 -233.169 0.00426809 0.999968 -0.00673714 -14.88 -0.028613 0.00685656 0.999567 -3.32831
0.999782 -0.00283667 0.0206388 -235.898 0.00296669 0.999976 -0.00627157 -15.028 -0.0206206 0.00633144 0.999768 -3.28823
0.999836 -0.00203169 0.0179373 -238.633 0.00211282 0.999988 -0.00450542 -15.1889 -0.017928 0.00454259 0.999829 -3.3067
0.999841 -0.00219064 0.0176443 -241.357 0.00227107 0.999987 -0.00453932 -15.3416 -0.0176342 0.00457867 0.999834 -3.3121
0.999719 -0.00209297 0.0235941 -244.059 0.0021403 0.999996 -0.00198101 -15.4799 -0.0235899 0.00203096 0.99972 -3.28011
0.999701 -0.00275312 0.024255 -246.79 0.00280341 0.999994 -0.00203937 -15.664 -0.0242493 0.00210676 0.999704 -3.28532
0.999635 -0.00245796 0.0268757 -249.518 0.00245998 0.999997 -4.20349e-05 -15.8205 -0.0268756 0.000108134 0.999639 -3.26968
0.999669 -0.00254646 0.0255604 -252.223 0.00242451 0.999985 0.00480096 -15.9708 -0.0255723 -0.00473741 0.999662 -3.26659
0.999673 -0.00257479 0.0253944 -254.939 0.00230023 0.999939 0.0108352 -16.1108 -0.0254208 -0.0107733 0.999619 -3.26149
0.999735 -0.00240763 0.022847 -257.655 0.00211386 0.999915 0.0128734 -16.2764 -0.0228761 -0.0128217 0.999656 -3.23457
0.999775 -0.00216758 0.0210563 -260.364 0.00188297 0.999907 0.0135273 -16.4366 -0.0210837 -0.0134847 0.999687 -3.22155
0.999835 -0.0023929 0.0179897 -263.069 0.00213191 0.999892 0.0145131 -16.5972 -0.0180226 -0.0144724 0.999733 -3.22035
0.999804 -0.00324175 0.0195029 -265.798 0.00292955 0.999867 0.0160154 -16.7589 -0.0195523 -0.0159551 0.999682 -3.20739
0.999774 -0.00513268 0.0205993 -268.535 0.00476468 0.999829 0.0178742 -16.9074 -0.0206876 -0.017772 0.999628 -3.20257
0.999751 -0.0079796 0.0208192 -271.265 0.00759689 0.999802 0.0183977 -17.0952 -0.0209619 -0.0182349 0.999614 -3.16554
0.999777 -0.0110708 0.0179223 -273.956 0.010776 0.999806 0.0164674 -17.263 -0.0181012 -0.0162706 0.999704 -3.13246
0.999706 -0.0153713 0.0187312 -276.66 0.0151172 0.999793 0.0136334 -17.4536 -0.0189369 -0.0133462 0.999732 -3.11681
0.999568 -0.0201475 0.0213722 -279.37 0.0199143 0.99974 0.0110668 -17.6497 -0.0215897 -0.0106364 0.999711 -3.01717
0.999451 -0.0254903 0.021134 -282.097 0.025246 0.999612 0.011748 -17.8745 -0.0214253 -0.011208 0.999708 -2.97399
0.999303 -0.0297313 0.0225175 -284.812 0.0294761 0.999498 0.0115789 -18.0901 -0.0228505 -0.0109071 0.99968 -2.87884
0.999156 -0.0323087 0.0253212 -287.525 0.0320165 0.999417 0.0118608 -18.3249 -0.0256896 -0.0110401 0.999609 -2.84577
0.99917 -0.0317287 0.0254949 -290.235 0.0314608 0.999446 0.010841 -18.5645 -0.0258248 -0.0100299 0.999617 -2.81365
0.999176 -0.0285253 0.0288459 -292.953 0.0282314 0.999546 0.0105429 -18.787 -0.0291336 -0.00971991 0.999529 -2.77228
0.999415 -0.0226717 0.0255703 -295.685 0.0224611 0.999711 0.00849328 -19.0338 -0.0257555 -0.00791399 0.999637 -2.70737
0.999508 -0.0142646 0.0278968 -298.414 0.0140962 0.999881 0.00622201 -19.231 -0.0279823 -0.00582571 0.999592 -2.63301
0.999516 -0.00586958 0.0305311 -301.138 0.00563513 0.999954 0.00775938 -19.4131 -0.0305753 -0.00758359 0.999504 -2.57563
0.999545 0.00143714 0.0300851 -303.852 -0.00171952 0.999954 0.00936197 -19.5575 -0.0300703 -0.00940946 0.999504 -2.52055
0.999526 0.00591627 0.0301717 -306.58 -0.00625777 0.999917 0.0112363 -19.7095 -0.0301028 -0.0114198 0.999482 -2.49226
0.99953 0.00761102 0.0296766 -309.322 -0.00798806 0.999888 0.0126066 -19.8367 -0.0295774 -0.0128377 0.99948 -2.47081
0.999457 0.00827072 0.0318717 -312.01 -0.00862615 0.999902 0.0110299 -19.9691 -0.0317774 -0.0112989 0.999432 -2.39007
0.999492 0.00647111 0.0311808 -314.753 -0.00683711 0.999909 0.0116454 -20.104 -0.0311026 -0.0118527 0.999446 -2.33042
0.999525 0.00299127 0.0306283 -317.503 -0.00327067 0.999953 0.009076 -20.2202 -0.0305997 -0.00917188 0.99949 -2.25834
0.999611 -0.000379709 0.0278628 -320.23 0.000122039 0.999957 0.0092485 -20.3778 -0.0278651 -0.00924151 0.999569 -2.20669
0.999654 -0.00412781 0.025939 -322.95 0.0039641 0.999972 0.00635953 -20.5394 -0.0259646 -0.00625451 0.999644 -2.04958
-0.444882 -0.271854 0.853331 -321.588 0.54199 -0.840253 0.0148779 -21.8909 0.712971 0.469116 0.521156 -2.69769
