1 0 0 0 0 1 0 0 0 0 1 0
1 -0.000172922 -0.000598931 -0.00687868 0.000172626 1 -0.000494861 -0.00831659 0.000599016 0.000494757 1 -0.0165797
1 -0.000167116 -0.000756896 -0.00169164 0.000166497 1 -0.000817759 -0.0126138 0.000757032 0.000817633 0.999999 -0.0230657
1 -0.000277877 -0.000638015 -0.00123764 0.000277119 0.999999 -0.00118742 -0.0261526 0.000638344 0.00118724 0.999999 -0.0267755
1 -0.000365539 -0.000809056 -0.001238 0.000364788 1 -0.000928389 -0.00312913 0.000809395 0.000928093 0.999999 -0.0322443
1 -0.000390616 -0.000780841 -0.00116687 0.000389418 0.999999 -0.00153379 0.00350863 0.00078144 0.00153348 0.999999 -0.0280222
1 -0.00043789 -0.000909065 0.0065861 0.000436598 0.999999 -0.00142027 -0.0110997 0.000909686 0.00141987 0.999999 -0.0255205
1 -0.000434374 -0.000787156 0.0093834 0.000432943 0.999998 -0.00181748 -0.011161 0.000787944 0.00181714 0.999998 -0.0322191
0.999999 -0.000395995 -0.00105751 0.0153849 0.000394895 1 -0.00104006 -0.0173004 0.00105792 0.00103964 0.999999 -0.0325684
1 -0.00054275 -0.000816632 0.0103265 0.000541711 0.999999 -0.00127161 -0.00230181 0.000817321 0.00127117 0.999999 -0.0270951
1 -0.000714302 -0.000538466 0.00841336 0.000713452 0.999999 -0.00157621 -0.00779026 0.000539591 0.00157582 0.999999 -0.0273917
1 -0.000785617 -0.000448376 0.022938 0.000784884 0.999998 -0.00163344 -0.0141834 0.000449658 0.00163309 0.999999 -0.0286909
0.999999 -0.00097733 -0.000728676 0.0230536 0.000976072 0.999998 -0.00172452 -0.026682 0.00073036 0.0017238 0.999998 -0.0286238
0.999999 -0.000963165 -0.000594359 0.026958 0.000962659 0.999999 -0.0008521 -0.00741162 0.000595179 0.000851528 0.999999 -0.0226796
0.999999 -0.00118456 -0.000588794 0.0239782 0.00118394 0.999999 -0.00106367 -0.00673132 0.000590054 0.00106297 0.999999 -0.0214448
0.999999 -0.00114165 -0.000673914 0.0309492 0.00114108 0.999999 -0.000846734 -0.018251 0.00067488 0.000845965 0.999999 -0.0297406
0.999999 -0.00120066 -0.000736755 0.0319208 0.00119958 0.999998 -0.00146854 -0.0295768 0.000738517 0.00146765 0.999999 -0.0294887
0.999999 -0.00114991 -0.000625252 0.0387976 0.00114915 0.999999 -0.00121176 -0.022034 0.000626644 0.00121104 0.999999 -0.0319015
0.999999 -0.00100774 -0.0005963 0.0405368 0.00100684 0.999998 -0.00150474 -0.00427137 0.000597815 0.00150414 0.999999 -0.0294947
0.999999 -0.00129347 -0.000638543 0.0337608 0.00129218 0.999997 -0.00201896 -0.00786522 0.000641152 0.00201813 0.999998 -0.0338475
0.999999 -0.00129515 -0.000569215 0.0376652 0.00129389 0.999997 -0.00220854 -0.0181125 0.000572074 0.0022078 0.999997 -0.0398863
0.999999 -0.00134654 -0.000267365 0.0358425 0.00134593 0.999997 -0.00228 -0.0263955 0.000270434 0.00227964 0.999997 -0.0358492
0.999999 -0.00123146 -0.000575109 0.0465142 0.00123027 0.999997 -0.0020617 -0.0241121 0.000577646 0.00206099 0.999998 -0.0405126
0.999999 -0.00123292 -0.000876395 0.0478807 0.00123113 0.999997 -0.00204384 -0.010703 0.000878912 0.00204276 0.999997 -0.047084
0.999999 -0.00123667 -0.00109973 0.0418264 0.00123375 0.999996 -0.00264864 -0.0122588 0.001103 0.00264728 0.999996 -0.0513066
0.999999 -0.00150074 -0.000931534 0.0436961 0.00149833 0.999996 -0.00257713 -0.0270913 0.000935397 0.00257573 0.999996 -0.0485732
0.999999 -0.00133458 -0.000750215 0.0513867 0.00133268 0.999996 -0.00252414 -0.0154464 0.00075358 0.00252314 0.999996 -0.0436756
0.999999 -0.00132316 -0.000737775 0.0542313 0.00132109 0.999995 -0.00279298 -0.0200026 0.000741467 0.002792 0.999996 -0.0489034
0.999999 -0.00150387 -0.000822995 0.0473555 0.00150136 0.999994 -0.00303847 -0.0190652 0.00082756 0.00303723 0.999995 -0.0543739
0.999998 -0.00153434 -0.00100212 0.0525147 0.00153086 0.999993 -0.0034667 -0.0165385 0.00100743 0.00346516 0.999993 -0.0597133
0.999999 -0.00157997 -0.000781001 0.0543847 0.00157755 0.999994 -0.00309349 -0.0322466 0.000785883 0.00309226 0.999995 -0.056366
0.999999 -0.00153559 -0.00083405 0.0566959 0.00153314 0.999995 -0.00292438 -0.015782 0.000838536 0.00292309 0.999995 -0.0549924
0.999999 -0.00163328 -0.000697362 0.051727 0.00163065 0.999992 -0.00375284 -0.020893 0.000703485 0.0037517 0.999993 -0.0493108
0.999999 -0.00159329 -0.000580188 0.0564227 0.00159134 0.999993 -0.00333812 -0.0239548 0.000585502 0.00333719 0.999994 -0.0529492
0.999999 -0.00167392 -0.00047168 0.0578754 0.00167223 0.999992 -0.00355792 -0.0360773 0.000477632 0.00355713 0.999993 -0.0564164
0.999999 -0.00150323 -0.000536532 0.06243 0.00150159 0.999994 -0.0030426 -0.0151799 0.000541102 0.00304179 0.999995 -0.0654584
0.999999 -0.001581 -0.000474671 0.0562902 0.00157923 0.999992 -0.00370089 -0.0190312 0.000480518 0.00370013 0.999993 -0.0573327
0.999999 -0.00161315 -0.000487809 0.0536167 0.00161148 0.999993 -0.00340012 -0.0206594 0.00049329 0.00339933 0.999994 -0.0547502
0.999999 -0.00152884 -0.000574323 0.0556566 0.0015271 0.999994 -0.00301003 -0.0215652 0.000578921 0.00300914 0.999995 -0.057371
0.999999 -0.00155984 -0.000817276 0.0551204 0.00155711 0.999993 -0.0033406 -0.0331294 0.000822481 0.00333932 0.999994 -0.0587407
0.999999 -0.00122498 -0.00087535 0.063645 0.00122188 0.999993 -0.00353299 -0.0132558 0.000879671 0.00353192 0.999993 -0.0620131
0.999999 -0.00144423 -0.000876818 0.0522595 0.00144092 0.999992 -0.00375917 -0.0170442 0.00088224 0.00375791 0.999992 -0.0580964
0.999999 -0.00149302 -0.000862859 0.0433197 0.0014899 0.999992 -0.00361044 -0.0219284 0.000868243 0.00360915 0.999993 -0.0761797
0.999998 -0.00186445 -3.79752e-06 0.0202452 0.00186442 0.999993 -0.0033537 -0.0357397 1.005e-05 0.00335369 0.999994 -0.0688968
0.999997 -0.00214473 0.00150108 -0.0305087 0.00214981 0.999992 -0.00339196 -0.0178294 -0.00149379 0.00339518 0.999993 -0.0709974
0.999985 -0.00323103 0.00442996 -0.154889 0.00324641 0.999989 -0.00346819 -0.0230322 -0.00441871 0.00348252 0.999984 -0.0737239
0.999971 -0.00294929 0.00704471 -0.349515 0.00297334 0.99999 -0.00340522 -0.0472114 -0.00703459 0.00342607 0.999969 -0.0869951
0.999964 0.00153003 0.0083732 -0.655373 -0.00149155 0.999988 -0.00459963 -0.0465144 -0.00838014 0.00458697 0.999954 -0.09646
0.999924 0.00814322 0.00921432 -1.05216 -0.00809494 0.999953 -0.00526485 -0.0665204 -0.00925676 0.00518986 0.999944 -0.102682
0.999754 0.0199431 0.00971012 -1.59203 -0.0198748 0.999777 -0.00708097 -0.0637797 -0.00984918 0.00688624 0.999928 -0.102228
0.999353 0.0341471 0.011273 -2.22592 -0.0340512 0.999383 -0.00859317 -0.0572267 -0.0115595 0.00820375 0.999899 -0.109861
0.998731 0.0492504 0.0105152 -2.96821 -0.0491663 0.998758 -0.00810989 -0.0466445 -0.0109015 0.00758261 0.999912 -0.149072
0.998158 0.0598798 0.00971162 -3.79868 -0.0598173 0.998188 -0.00659853 -0.0493203 -0.0100891 0.00600546 0.999931 -0.146219
0.998011 0.0622916 0.00967231 -4.72774 -0.0622318 0.998042 -0.00636431 -0.0412215 -0.0100498 0.00574973 0.999933 -0.150195
0.998214 0.0594126 0.00620185 -5.73795 -0.0593677 0.99821 -0.00718659 -0.0251567 -0.00661772 0.00680557 0.999955 -0.147675
0.998401 0.0561064 0.00695857 -6.81755 -0.0560554 0.998401 -0.00731598 -0.0403702 -0.00735792 0.00691422 0.999949 -0.188709
0.998585 0.0526041 0.00776866 -7.9551 -0.0525415 0.998586 -0.00805455 -0.0554811 -0.00818138 0.00763498 0.999937 -0.184393
0.99869 0.0498216 0.0116198 -9.19826 -0.049726 0.998728 -0.00837919 -0.0640283 -0.0120224 0.00779042 0.999897 -0.203582
0.998742 0.0486714 0.0120794 -10.5304 -0.0485685 0.998782 -0.00866954 -0.0590909 -0.0124867 0.00807195 0.999889 -0.191587
0.998746 0.0487178 0.0114856 -11.9457 -0.0486325 0.998788 -0.00759809 -0.0620231 -0.0118418 0.00702999 0.999905 -0.217654
0.998652 0.0504968 0.0119637 -13.4209 -0.0503988 0.998694 -0.0083543 -0.0853542 -0.01237 0.00774008 0.999893 -0.22213
0.998544 0.0516275 0.015619 -14.9958 -0.0515089 0.998641 -0.00790267 -0.105826 -0.0160057 0.00708665 0.999847 -0.231423
0.998439 0.0524075 0.0193181 -16.6656 -0.0522528 0.998598 -0.00842547 -0.127188 -0.0197326 0.00740289 0.999778 -0.221327
0.998379 0.0524429 0.0220948 -18.4217 -0.0522795 0.998601 -0.00790894 -0.135204 -0.0224786 0.00674102 0.999724 -0.227431
0.998359 0.0532358 0.0210862 -20.2339 -0.0530456 0.998547 -0.00947794 -0.154801 -0.0215601 0.00834386 0.999733 -0.238137
0.998232 0.0554953 0.0212725 -22.1214 -0.0552796 0.998415 -0.0105963 -0.166244 -0.0218268 0.00940165 0.999717 -0.240851
0.99792 0.0599576 0.0236788 -24.0907 -0.0597108 0.998155 -0.0109974 -0.150908 -0.0242945 0.00956065 0.999659 -0.256272
0.997546 0.0666843 0.0213313 -26.1813 -0.0664088 0.997703 -0.0133746 -0.11232 -0.0221741 0.0119252 0.999683 -0.242836
0.9971 0.0736778 0.0190275 -28.3463 -0.0734578 0.997226 -0.0120181 -0.0787569 -0.0198602 0.0105855 0.999747 -0.246583
0.996661 0.0799183 0.0167392 -30.5681 -0.0797222 0.996744 -0.0120704 -0.0562 -0.0176493 0.0106956 0.999787 -0.28861
0.996282 0.0837911 0.0200159 -32.8519 -0.0835334 0.996415 -0.0133805 -0.0132072 -0.0210653 0.0116588 0.99971 -0.312911
0.996142 0.084283 0.0244544 -35.2145 -0.0840316 0.996401 -0.0111324 0.0787549 -0.0253047 0.00903455 0.999639 -0.305327
0.996323 0.0828 0.0219919 -37.658 -0.0826295 0.996544 -0.00855214 0.133166 -0.022624 0.00670352 0.999721 -0.309321
0.996463 0.0810378 0.022214 -40.1551 -0.0809573 0.996707 -0.00450163 0.190551 -0.0225056 0.00268733 0.999743 -0.345436
0.996671 0.0784578 0.022148 -42.6935 -0.0784213 0.996917 -0.00251231 0.242368 -0.0222768 0.000767078 0.999751 -0.333826
0.996964 0.0753043 0.0197773 -45.2843 -0.0752273 0.997156 -0.00460722 0.268922 -0.020068 0.00310545 0.999794 -0.303085
0.997225 0.0719261 0.0192007 -47.9122 -0.0718454 0.997404 -0.00485948 0.297878 -0.0195003 0.00346651 0.999804 -0.279838
0.997588 0.067602 0.0157191 -50.58 -0.0675863 0.997712 -0.00152214 0.33541 -0.015786 0.000456076 0.999875 -0.263323
0.997876 0.0633302 0.0152392 -53.2516 -0.06334 0.997992 0.000162895 0.351011 -0.0151983 -0.0011278 0.999884 -0.285012
0.998023 0.0606821 0.0163292 -55.9441 -0.0606982 0.998156 0.00049586 0.356476 -0.016269 -0.00148603 0.999866 -0.30178
0.998106 0.0586004 0.0187012 -58.6483 -0.0586511 0.998276 0.00217069 0.371877 -0.0185417 -0.00326343 0.999822 -0.305841
0.998206 0.0570715 0.0181015 -61.3851 -0.0571059 0.998367 0.00139227 0.367791 -0.0179924 -0.00242347 0.999835 -0.273344
0.998271 0.0561221 0.0174756 -64.1166 -0.0561419 0.998422 0.000646203 0.391096 -0.0174118 -0.0016262 0.999847 -0.223279
0.998283 0.0558692 0.017571 -66.8511 -0.0558783 0.998437 3.13052e-05 0.368498 -0.0175418 -0.00101309 0.999845 -0.212788
0.998302 0.055365 0.0180691 -69.5918 -0.0553847 0.998465 0.000591036 0.367789 -0.0180086 -0.00159078 0.999836 -0.216961
0.998386 0.0537998 0.0181766 -72.3535 -0.0537974 0.998552 -0.000618178 0.354973 -0.0181836 -0.000360676 0.999834 -0.20787
0.998354 0.0535303 0.0205811 -75.0779 -0.0534233 0.998556 -0.00571222 0.33477 -0.0208571 0.0046033 0.999772 -0.196011
0.998356 0.0529858 0.0218339 -77.8065 -0.0527009 0.99852 -0.0134248 0.285433 -0.0225129 0.0122521 0.999671 -0.141858
0.998419 0.052862 0.0190831 -80.5571 -0.0525795 0.998504 -0.0150086 0.262098 -0.019848 0.0139815 0.999705 -0.0567085
0.998419 0.0524278 0.0202676 -83.2997 -0.0521456 0.998538 -0.0142087 0.262959 -0.0209829 0.0131294 0.999693 -0.0129656
0.998358 0.0536202 0.0201253 -86.0206 -0.0533785 0.998498 -0.0123583 0.265785 -0.0207578 0.0112638 0.999721 -0.0047541
0.998178 0.0556828 0.0232316 -88.7868 -0.0554599 0.998409 -0.010132 0.245319 -0.0237588 0.00882516 0.999679 -0.0463798
0.997992 0.0581878 0.0250046 -91.5195 -0.057979 0.998277 -0.0089925 0.231568 -0.0254848 0.0075247 0.999647 -0.00857259
0.997905 0.0601404 0.0238527 -94.2466 -0.0599486 0.998164 -0.00867489 0.234351 -0.0243306 0.00722678 0.999678 0.046616
0.997804 0.0604786 0.0270061 -96.9654 -0.060297 0.998152 -0.00749014 0.243396 -0.0274092 0.00584531 0.999607 0.0900008
0.997827 0.0600659 0.0270766 -99.7044 -0.0598913 0.998179 -0.00721227 0.252841 -0.0274605 0.00557494 0.999607 0.106197
0.997787 0.060199 0.0282127 -102.439 -0.0599469 0.998154 -0.00969812 0.255001 -0.0287445 0.0079854 0.999555 0.145807
0.997768 0.0595417 0.0302317 -105.158 -0.0591873 0.998169 -0.0124853 0.253595 -0.0309197 0.0106681 0.999465 0.19397
0.997734 0.0588326 0.0326302 -107.888 -0.0584476 0.998211 -0.0126283 0.258272 -0.0333147 0.0106925 0.999388 0.25537
0.997672 0.0587615 0.0346036 -110.594 -0.058368 0.99822 -0.0122713 0.287078 -0.035263 0.010223 0.999326 0.293905
0.997701 0.058413 0.0343502 -113.325 -0.0580062 0.998235 -0.0127192 0.260192 -0.0350325 0.0106974 0.999329 0.322671
0.997562 0.0585155 0.0380091 -116.057 -0.0580918 0.998237 -0.0121557 0.259456 -0.0386534 0.00991801 0.999203 0.404589
0.997621 0.0573747 0.0382129 -118.796 -0.0569513 0.998304 -0.0120764 0.245372 -0.0388409 0.00987139 0.999197 0.464705
0.997741 0.0557076 0.0375475 -121.504 -0.0551843 0.998366 -0.0148312 0.252621 -0.0383123 0.0127257 0.999185 0.525119
0.997807 0.0540668 0.038178 -124.225 -0.0534262 0.998417 -0.0176022 0.238493 -0.0390692 0.0155239 0.999116 0.617994
0.99782 0.0525446 0.0399301 -126.909 -0.0517839 0.998461 -0.0198519 0.251088 -0.0409118 0.0177409 0.999005 0.678984
0.998544 0.0518683 0.0147989 -129.582 -0.0516564 0.998562 -0.0143555 0.212703 -0.0155222 0.0135701 0.999787 0.717144
0.998408 0.0520166 0.0217932 -132.024 -0.0516787 0.998539 -0.0157899 0.206448 -0.0225827 0.0146385 0.999638 0.766738
0.998332 0.0523419 0.0243671 -134.167 -0.0519293 0.998501 -0.0172692 0.169021 -0.0252345 0.015975 0.999554 0.83686
0.998523 0.0508542 0.0191124 -136.088 -0.0505372 0.998582 -0.0167133 0.162464 -0.0199353 0.0157228 0.999678 0.886301
0.998401 0.048639 0.0288061 -137.886 -0.0481833 0.998705 -0.0163067 0.141726 -0.0295619 0.0148926 0.999452 0.920039
0.99852 0.0472766 0.0268746 -139.542 -0.0468808 0.998785 -0.0151688 0.1264 -0.027559 0.0138864 0.999524 0.943782
0.998535 0.0465949 0.0274954 -141.154 -0.0461251 0.998783 -0.0174786 0.109557 -0.0282764 0.0161848 0.999469 0.984928
0.998282 0.0470708 0.0348924 -142.672 -0.0465412 0.998791 -0.0158371 0.100254 -0.0355957 0.014186 0.999265 1.05022
0.998101 0.0488158 0.0375506 -144.142 -0.0482622 0.998714 -0.015509 0.0832397 -0.0382594 0.0136673 0.999174 1.09234
0.997957 0.0502952 0.0393998 -145.637 -0.0496334 0.998612 -0.0175967 0.0539832 -0.0402302 0.0156052 0.999068 1.11356
0.997805 0.0513414 0.0418142 -147.092 -0.0508125 0.998615 -0.0136151 0.0438932 -0.0424553 0.0114605 0.999032 1.12712
0.997699 0.0517801 0.0437641 -148.544 -0.0511674 0.998577 -0.0150072 0.0522306 -0.0444789 0.0127334 0.998929 1.17562
0.997643 0.0511259 0.0457597 -149.998 -0.050544 0.998627 -0.0137819 0.0157736 -0.0464014 0.0114366 0.998857 1.21234
0.997604 0.0513517 0.0463429 -151.414 -0.0508894 0.998643 -0.0111011 0.00243943 -0.04685 0.00871616 0.998864 1.25163
0.997575 0.0499672 0.0484482 -152.863 -0.0496522 0.998737 -0.00768292 -0.0166678 -0.0487709 0.00525873 0.998796 1.2825
0.997521 0.0486665 0.0508298 -154.373 -0.0484372 0.99881 -0.00573247 -0.0280548 -0.0510483 0.00325621 0.998691 1.32536
0.99754 0.0476355 0.051429 -155.941 -0.0475507 0.998865 -0.00287233 -0.0496155 -0.0515074 0.000419785 0.998672 1.37837
0.997716 0.0471217 0.0483862 -157.582 -0.0470141 0.998889 -0.00335807 -0.058406 -0.0484907 0.00107557 0.998823 1.4276
0.997726 0.0470602 0.0482473 -159.267 -0.0470208 0.998892 -0.0019507 -0.0888283 -0.0482856 -0.000322365 0.998833 1.47521
-0.980538 -0.195985 -0.0115864 -158.121 0.195235 -0.979601 0.0475913 -0.26896 -0.0206772 0.044403 0.998799 1.25297
