1 0 0 0 0 1 0 0 0 0 1 0
0.997052 0.0764863 0.00608986 -1.71618 -0.0764518 0.997057 -0.00570497 0.479451 -0.00650829 0.00522257 0.999965 0.100601
0.99707 0.0764062 0.00352557 -4.28553 -0.0763645 0.997022 -0.0107608 0.557142 -0.00433726 0.01046 0.999936 0.114191
0.997101 0.0760518 0.00225897 -6.74565 -0.0760126 0.997007 -0.0141196 0.634996 -0.00332603 0.0139069 0.999898 0.130188
0.997055 0.0764439 0.00608345 -9.08174 -0.0763546 0.996986 -0.013764 0.706007 -0.00711729 0.013259 0.999887 0.108616
0.99696 0.0770063 0.0118282 -11.3267 -0.076853 0.996959 -0.0129184 0.757425 -0.0127871 0.01197 0.999847 0.107446
0.997029 0.0762956 0.0105817 -13.5091 -0.0761531 0.997008 -0.0132699 0.795775 -0.0115624 0.0124247 0.999856 0.100177
0.99702 0.0763213 0.0112356 -15.6679 -0.0761667 0.997002 -0.0136032 0.873514 -0.0122401 0.0127069 0.999844 0.0967327
0.997002 0.07575 0.0157552 -17.7805 -0.0755389 0.99705 -0.0135913 0.944394 -0.0167383 0.0123605 0.999783 0.10033
0.99697 0.0759646 0.0167578 -19.8761 -0.0757296 0.997027 -0.0142397 1.00699 -0.0177897 0.0129275 0.999758 0.105014
0.996902 0.076781 0.0170643 -21.9599 -0.0765538 0.996973 -0.0135899 1.07659 -0.018056 0.0122414 0.999762 0.0999433
0.996929 0.0766589 0.0159757 -24.0448 -0.0764295 0.996969 -0.0145099 1.11077 -0.0170396 0.0132443 0.999767 0.100526
0.996912 0.0758696 0.0202285 -26.1124 -0.0756531 0.99707 -0.0112642 1.19652 -0.0210239 0.00969906 0.999732 0.0918136
0.996929 0.0745965 0.0238326 -28.1616 -0.0744224 0.997194 -0.00811069 1.23746 -0.0243708 0.0063121 0.999683 0.0973765
0.997153 0.0716486 0.0235095 -30.2161 -0.0714444 0.9974 -0.00941262 1.30332 -0.0241228 0.00770619 0.999679 0.10929
0.997163 0.0691863 0.0296489 -32.2752 -0.0685947 0.997433 -0.0205269 1.34255 -0.030993 0.0184349 0.99935 0.128467
0.997373 0.0659717 0.029907 -34.3675 -0.0651952 0.997527 -0.0262378 1.36013 -0.031564 0.0242191 0.999208 0.157879
0.997895 0.0627762 0.0162401 -36.4932 -0.0622517 0.997579 -0.0310066 1.36808 -0.0181472 0.0299303 0.999387 0.155343
0.998274 0.0577947 0.0104488 -38.6595 -0.0574676 0.997918 -0.0292849 1.40021 -0.0121195 0.0286339 0.999517 0.113118
0.998368 0.0533137 0.020449 -40.8301 -0.0527146 0.998194 -0.0287928 1.4275 -0.0219471 0.0276679 0.999376 0.0980888
0.998565 0.0499604 0.0192969 -43.042 -0.0493882 0.998356 -0.02907 1.40305 -0.0207176 0.0280752 0.999391 0.11657
0.998694 0.047026 0.0199447 -45.2972 -0.0464624 0.998532 -0.0278386 1.41232 -0.0212245 0.0268756 0.999414 0.105556
0.998808 0.044097 0.0209413 -47.5757 -0.0435921 0.998761 -0.0239816 1.41422 -0.0219729 0.0230401 0.999493 0.0951113
0.998933 0.0416795 0.0199116 -49.8943 -0.0412294 0.998896 -0.0225044 1.41483 -0.0208276 0.0216594 0.999549 0.0781761
0.998798 0.0411425 0.0266456 -52.2189 -0.040488 0.998876 -0.0246568 1.38978 -0.0276301 0.0235483 0.999341 0.0815706
0.998859 0.0425358 0.0217002 -54.5899 -0.0420602 0.998875 -0.0219215 1.3864 -0.0226082 0.0209838 0.999524 0.0700991
0.998943 0.0443929 0.0119096 -57.0004 -0.0442644 0.998961 -0.0108379 1.38161 -0.0123783 0.0102993 0.999871 0.0645506
0.998609 0.0472177 0.0234539 -59.4096 -0.047005 0.998849 -0.00953776 1.36843 -0.0238772 0.00842205 0.99968 0.042179
0.998439 0.0482745 0.0280766 -61.8568 -0.0478118 0.998713 -0.0169266 1.36311 -0.0288576 0.0155578 0.999463 0.0230329
0.998482 0.0497198 0.023703 -64.3474 -0.0493325 0.998644 -0.0166547 1.37856 -0.024499 0.0154601 0.99958 0.0508546
0.998329 0.0512728 0.0266614 -66.8227 -0.050915 0.998606 -0.013931 1.39215 -0.0273385 0.0125502 0.999548 0.0489693
0.998421 0.0526949 0.0194431 -69.3204 -0.0523981 0.998506 -0.0154763 1.40785 -0.0202296 0.014433 0.999691 0.0557283
0.998298 0.0539142 0.0222375 -71.8528 -0.0535797 0.998445 -0.0153739 1.40593 -0.0230318 0.0141562 0.999635 0.0522811
0.998185 0.0532648 0.0280739 -74.3522 -0.052917 0.998514 -0.0129918 1.41185 -0.0287242 0.0114826 0.999522 0.0479339
0.998238 0.0528226 0.0270164 -76.8945 -0.0524423 0.998517 -0.0145946 1.46689 -0.0277473 0.0131521 0.999529 0.0481403
0.998304 0.052372 0.0253984 -79.4569 -0.0519952 0.99853 -0.0152759 1.46458 -0.0261611 0.0139294 0.999561 0.0727246
0.998379 0.051869 0.0234002 -82.0326 -0.0515145 0.998552 -0.0155089 1.47204 -0.0241708 0.0142784 0.999606 0.0865881
0.998419 0.0503571 0.0249456 -84.6316 -0.0500339 0.998657 -0.0134145 1.47678 -0.0255876 0.0121452 0.999599 0.0733724
0.998586 0.0478799 0.023086 -87.2582 -0.047685 0.998823 -0.00892494 1.48954 -0.0234861 0.00781147 0.999694 0.048586
0.998638 0.0458746 0.0248263 -89.8625 -0.0455185 0.998855 -0.014724 1.49965 -0.0254733 0.0135739 0.999583 0.0465032
0.998689 0.0449356 0.0245249 -92.4838 -0.0445245 0.998863 -0.0170571 1.46451 -0.0252635 0.0159428 0.999554 0.0522813
0.998883 0.0429423 0.0196844 -95.1055 -0.0425547 0.9989 -0.0197037 1.45254 -0.0205089 0.018844 0.999612 0.0981633
0.998903 0.0416094 0.0214767 -97.7436 -0.041187 0.998956 -0.019752 1.43547 -0.0222761 0.0188458 0.999574 0.107697
0.998965 0.0404427 0.0207949 -100.386 -0.0399207 0.998892 -0.0249321 1.42898 -0.0217802 0.0240762 0.999473 0.119846
0.998964 0.0405679 0.0205804 -103.034 -0.039955 0.99877 -0.0293653 1.38464 -0.0217464 0.0285126 0.999357 0.135647
0.998879 0.0438159 0.0178768 -105.688 -0.043164 0.998442 -0.0353511 1.36595 -0.0193979 0.0345398 0.999215 0.132736
0.998282 0.054804 0.0206939 -108.333 -0.053949 0.997749 -0.039832 1.3686 -0.0228302 0.0386471 0.998992 0.133127
0.997502 0.0665716 0.0235848 -110.957 -0.065579 0.99702 -0.0406191 1.38755 -0.0262186 0.038971 0.998897 0.183324
0.996595 0.077912 0.0269757 -113.571 -0.0768453 0.996297 -0.0385506 1.46055 -0.0298794 0.0363463 0.998893 0.189061
0.995875 0.0867369 0.0266352 -116.165 -0.0857351 0.995642 -0.0366958 1.55873 -0.029702 0.0342609 0.998972 0.216937
0.995407 0.0923487 0.0252273 -118.754 -0.0916241 0.995385 -0.0285124 1.6869 -0.027744 0.02607 0.999275 0.216495
0.994885 0.0976202 0.0259526 -121.334 -0.0968604 0.994873 -0.0290791 1.82002 -0.0286583 0.0264166 0.99924 0.254595
0.994094 0.102874 0.0345391 -123.874 -0.101753 0.99427 -0.0327739 1.95943 -0.0377128 0.0290659 0.998866 0.285778
0.9941 0.104719 0.0282473 -126.418 -0.103563 0.993831 -0.0396729 2.08677 -0.0322275 0.0365135 0.998814 0.339533
0.994092 0.106208 0.0223865 -128.962 -0.105268 0.993653 -0.03965 2.21709 -0.0264555 0.0370591 0.998963 0.351141
0.993921 0.106719 0.0270599 -131.485 -0.105937 0.993954 -0.0288787 2.37758 -0.0299782 0.0258365 0.999217 0.360199
0.993941 0.107243 0.0240581 -134.021 -0.106711 0.994038 -0.0223982 2.5583 -0.0263167 0.0196953 0.99946 0.407806
0.993982 0.108285 0.0165494 -136.559 -0.107946 0.993952 -0.0201892 2.72869 -0.0186355 0.0182813 0.99966 0.488407
0.993685 0.109006 0.0266077 -139.06 -0.108446 0.993866 -0.0216749 2.88933 -0.0288071 0.0186525 0.999411 0.481543
0.993481 0.111072 0.0256322 -141.564 -0.110382 0.993524 -0.0269418 3.04244 -0.0284587 0.0239368 0.999309 0.486391
0.993336 0.111758 0.0281738 -144.066 -0.110943 0.993403 -0.029021 3.20765 -0.0312312 0.0257019 0.999182 0.533718
0.993237 0.111855 0.0311282 -146.563 -0.11093 0.993376 -0.0299943 3.35827 -0.034277 0.0263383 0.999066 0.545986
0.993487 0.109004 0.0331887 -149.061 -0.107621 0.993349 -0.040929 3.49613 -0.0374294 0.0370907 0.998611 0.593126
0.993798 0.106274 0.0327303 -151.549 -0.104621 0.993322 -0.0486464 3.63688 -0.0376816 0.0449204 0.99828 0.609064
0.994146 0.107265 0.0129072 -154.062 -0.106443 0.992908 -0.052961 3.73396 -0.0184965 0.0512771 0.998514 0.601343
0.99374 0.109351 0.022866 -156.515 -0.108015 0.992724 -0.0532283 3.92477 -0.0285202 0.0504252 0.998321 0.620505
0.993305 0.110374 0.0340992 -158.974 -0.108632 0.99286 -0.0492901 4.06486 -0.0392961 0.0452558 0.998203 0.627953
0.993105 0.11215 0.0341242 -161.448 -0.110323 0.992566 -0.0514005 4.22517 -0.0396351 0.0472814 0.998095 0.697221
0.992803 0.114579 0.0348232 -163.925 -0.112517 0.992054 -0.0563051 4.38028 -0.0409978 0.0519817 0.997806 0.728529
0.992714 0.116423 0.031034 -166.413 -0.114668 0.991971 -0.053349 4.53475 -0.0369959 0.0494017 0.998094 0.757252
0.992635 0.118289 0.0261382 -168.908 -0.116897 0.991908 -0.0495413 4.73113 -0.0317869 0.0461209 0.99843 0.806869
0.992276 0.119958 0.0315664 -171.406 -0.118169 0.991553 -0.0534755 4.90675 -0.0377146 0.0493324 0.99807 0.846331
0.991982 0.12194 0.0331817 -173.893 -0.119904 0.99111 -0.057663 5.06898 -0.0399181 0.0532221 0.997785 0.886347
0.991872 0.123214 0.031728 -176.371 -0.121156 0.990807 -0.0601972 5.23845 -0.0388535 0.0558639 0.997682 0.929902
0.991589 0.12493 0.0338029 -178.846 -0.122804 0.990677 -0.058991 5.43772 -0.0408575 0.0543437 0.997686 0.959
0.991522 0.125541 0.0334882 -181.337 -0.123559 0.990765 -0.0558353 5.6465 -0.0401886 0.0512242 0.997879 0.996229
0.991559 0.125777 0.0314723 -183.848 -0.123866 0.990678 -0.0567083 5.85317 -0.0383115 0.0523313 0.997895 1.02274
0.991529 0.125453 0.0336136 -186.402 -0.123534 0.990864 -0.0541221 6.04379 -0.0400963 0.0495112 0.997969 1.04871
0.991477 0.125363 0.0354522 -188.958 -0.123384 0.990923 -0.0533809 6.21946 -0.0418224 0.0485517 0.997945 1.07942
0.991505 0.12509 0.0356374 -191.546 -0.1232 0.991069 -0.0510416 6.44224 -0.0417039 0.0462175 0.998061 1.10781
0.991843 0.125347 0.0231168 -194.144 -0.124206 0.991211 -0.0455385 6.64456 -0.0286217 0.0422959 0.998695 1.14945
0.99203 0.124943 0.0162793 -196.759 -0.12412 0.991275 -0.0443632 6.85074 -0.0216801 0.0419891 0.998883 1.16838
0.99159 0.124681 0.0346874 -199.332 -0.122671 0.99092 -0.0550487 7.04931 -0.0412359 0.0503306 0.997881 1.13661
0.991798 0.124135 0.0304479 -201.931 -0.122136 0.990668 -0.0604909 7.22077 -0.0376728 0.0562759 0.997705 1.17555
0.991979 0.123677 0.0260991 -204.56 -0.121808 0.990489 -0.0639942 7.42073 -0.0337655 0.0603019 0.997609 1.22191
0.992213 0.122496 0.0225361 -207.15 -0.120994 0.9909 -0.0589814 7.60787 -0.029556 0.0557954 0.998005 1.25541
0.992501 0.120906 0.0179422 -209.749 -0.119602 0.99092 -0.0614256 7.78442 -0.0252059 0.0588191 0.997951 1.30614
0.992404 0.120493 0.0248013 -212.314 -0.118553 0.990567 -0.0687157 7.96081 -0.0328471 0.0652535 0.997328 1.2964
0.992458 0.119986 0.0251067 -214.895 -0.117774 0.990111 -0.0762253 8.14144 -0.0340044 0.0726935 0.996775 1.31631
0.992481 0.119876 0.0247045 -217.472 -0.117624 0.989968 -0.0782817 8.31597 -0.0338408 0.0747873 0.996625 1.32434
0.992405 0.121147 0.0213287 -220.035 -0.118985 0.989386 -0.0834201 8.49536 -0.0312084 0.0802488 0.996286 1.34132
0.991743 0.125405 0.0268138 -222.59 -0.122716 0.988754 -0.0854747 8.68083 -0.0372312 0.0814785 0.99598 1.36074
0.990931 0.130928 0.0302062 -225.14 -0.12792 0.988038 -0.0861262 8.89517 -0.0411213 0.0814812 0.995826 1.3896
0.990193 0.13729 0.0258491 -227.699 -0.134537 0.986964 -0.0883339 9.11435 -0.0376395 0.0839901 0.995756 1.42706
0.989629 0.142223 0.020147 -230.261 -0.139771 0.985781 -0.0932806 9.33918 -0.0331272 0.0894973 0.995436 1.45073
0.989451 0.14256 0.025751 -232.83 -0.13972 0.98606 -0.0903605 9.56633 -0.0382738 0.0858094 0.995576 1.46561
0.988947 0.14401 0.0352668 -235.39 -0.140346 0.985954 -0.0905413 9.8239 -0.0478104 0.0845911 0.995268 1.50627
0.988994 0.145282 0.0279884 -237.968 -0.142464 0.986157 -0.0848525 10.0732 -0.0399285 0.0799313 0.996001 1.5613
0.988621 0.147458 0.0297204 -240.531 -0.144753 0.986338 -0.0786463 10.312 -0.0409114 0.0734494 0.99646 1.62066
0.987819 0.151504 0.0354695 -243.088 -0.148722 0.986323 -0.0710649 10.5752 -0.045751 0.0649243 0.996841 1.67723
0.987553 0.155809 0.0214971 -245.656 -0.153802 0.985226 -0.0753302 10.8446 -0.0329167 0.0710863 0.996927 1.72373
0.987481 0.157612 0.00626262 -248.219 -0.156506 0.983955 -0.0856651 11.1078 -0.019664 0.0836125 0.996305 1.71931
0.986993 0.159041 0.0234339 -250.74 -0.156314 0.983497 -0.0911037 11.37 -0.0375364 0.0862558 0.995566 1.7053
0.986815 0.159697 0.0263196 -253.237 -0.156822 0.983648 -0.0885748 11.647 -0.0400343 0.0832795 0.995722 1.74376
0.986846 0.160563 0.0187997 -255.719 -0.158359 0.983517 -0.0872755 11.9249 -0.032503 0.0831504 0.996007 1.78336
0.986671 0.161575 0.0192927 -258.179 -0.159263 0.983202 -0.0891657 12.1954 -0.0333756 0.0849047 0.99583 1.79475
0.986396 0.162625 0.0239844 -260.617 -0.160107 0.983516 -0.0840466 12.4806 -0.0372572 0.0790632 0.996173 1.82169
0.986235 0.163471 0.0248252 -263.044 -0.160997 0.98362 -0.0810723 12.7721 -0.0376716 0.0759597 0.996399 1.85802
0.985797 0.166273 0.0235801 -265.44 -0.163999 0.983375 -0.0779599 13.054 -0.0361507 0.0729856 0.996678 1.88675
0.985484 0.168151 0.0233692 -267.812 -0.165886 0.983054 -0.078021 13.324 -0.0360925 0.0730118 0.996678 1.92216
0.985264 0.169932 0.0193864 -270.169 -0.168001 0.982806 -0.0766032 13.6241 -0.0320704 0.0722175 0.996873 1.9429
0.984984 0.171266 0.0217597 -272.487 -0.169058 0.982391 -0.079544 13.9097 -0.0349997 0.0746709 0.996594 1.97643
0.985117 0.170652 0.0205265 -274.81 -0.168608 0.982634 -0.0774774 14.2058 -0.0333918 0.0728634 0.996783 2.00304
0.985523 0.168465 0.0190632 -277.113 -0.1666 0.98314 -0.0753686 14.4928 -0.0314388 0.0711016 0.996974 2.03288
0.985975 0.16581 0.0189374 -279.393 -0.163977 0.983622 -0.0748313 14.7625 -0.0310349 0.0706766 0.997017 2.05264
0.986251 0.164125 0.01924 -281.653 -0.162286 0.983929 -0.0744814 15.0207 -0.031155 0.0703351 0.997037 2.07633
0.986408 0.163115 0.0197466 -283.891 -0.161226 0.984063 -0.0750062 15.2845 -0.0316665 0.0708032 0.996988 2.09991
0.986632 0.162099 0.0167397 -286.115 -0.160441 0.984232 -0.0744809 15.5365 -0.028549 0.0707996 0.997082 2.11581
0.986755 0.161306 0.0171306 -288.301 -0.159665 0.984469 -0.0729914 15.7851 -0.0286385 0.0692895 0.997186 2.1329
0.986898 0.160535 0.0161062 -290.484 -0.158959 0.984563 -0.0732673 16.0362 -0.0276195 0.0697472 0.997183 2.15188
0.986846 0.160259 0.0212162 -292.649 -0.158245 0.984483 -0.07585 16.2759 -0.0330427 0.071495 0.996894 2.16769
0.986913 0.159896 0.0208256 -294.784 -0.157901 0.984516 -0.0761321 16.5111 -0.0326764 0.0718475 0.99688 2.18664
0.987331 0.157809 0.0164914 -296.9 -0.156166 0.984884 -0.0749378 16.75 -0.0280679 0.0714131 0.997052 2.18909
0.987359 0.157376 0.0187981 -298.994 -0.155502 0.984819 -0.0771406 16.9939 -0.0306528 0.0732424 0.996843 2.21329
0.987571 0.156268 0.0167948 -301.087 -0.15454 0.984961 -0.0772664 17.2068 -0.0286164 0.0737106 0.996869 2.22205
0.987642 0.155767 0.017293 -302.124 -0.153968 0.984954 -0.0784877 17.3105 -0.0292586 0.0748553 0.996765 2.23118
