1 0 0 0 0 1 0 0 0 0 1 0
0.999987 -0.000429193 -0.00513219 -0.559917 0.000386033 0.999965 -0.00840766 -0.0286593 0.00513561 0.00840557 0.999951 -0.0711266
0.999975 -0.000860695 -0.00706184 -1.24537 0.000788984 0.999948 -0.0101512 -0.0768467 0.00707021 0.0101454 0.999924 -0.0960261
0.999954 -0.00124507 -0.00954793 -2.19776 0.00114701 0.999947 -0.0102688 -0.132531 0.0095602 0.0102573 0.999902 -0.108516
0.999965 0.000372635 -0.0084062 -3.64517 -0.000459594 0.999946 -0.010345 -0.189195 0.00840189 0.0103485 0.999911 -0.105661
0.999978 0.00217926 -0.00622175 -6.07175 -0.00224028 0.999949 -0.00981722 -0.318574 0.00620004 0.00983094 0.999932 -0.166015
0.999986 0.00390882 -0.00344306 -8.49556 -0.00394605 0.999933 -0.0108742 -0.462621 0.00340032 0.0108876 0.999935 -0.193355
0.999989 0.00472429 -0.000274564 -10.9258 -0.004727 0.99993 -0.0108575 -0.608078 0.000223252 0.0108587 0.999941 -0.228668
0.999987 0.0050702 -0.000321305 -13.3466 -0.00507345 0.999926 -0.011071 -0.730775 0.00026515 0.0110725 0.999939 -0.243687
0.999983 0.0057473 -0.000821035 -15.7698 -0.00575568 0.999927 -0.0106004 -0.859613 0.000760053 0.010605 0.999944 -0.275522
0.999983 0.00571161 0.00110344 -18.2069 -0.00569817 0.999914 -0.0118222 -1.0009 -0.00117087 0.0118157 0.99993 -0.316913
0.99998 0.00612483 0.0014004 -20.6514 -0.00610814 0.999914 -0.0116231 -1.13738 -0.00147146 0.0116144 0.999932 -0.342271
0.999982 0.00568626 0.00202508 -23.1154 -0.00566079 0.999907 -0.0123659 -1.27723 -0.00209521 0.0123542 0.999922 -0.384047
0.999987 0.00517551 0.000136619 -25.6287 -0.00517331 0.999903 -0.0129228 -1.40816 -0.000203488 0.012922 0.999916 -0.429567
0.999985 0.0054731 -0.000800599 -28.1367 -0.00548339 0.999894 -0.0134647 -1.54577 0.000726821 0.0134689 0.999909 -0.466496
0.999981 0.00561685 0.00250188 -30.6594 -0.00558685 0.999914 -0.0118391 -1.6755 -0.00256817 0.0118249 0.999927 -0.514758
0.999981 0.00597634 0.00166181 -33.1935 -0.00595962 0.999933 -0.00989328 -1.8102 -0.00172082 0.00988318 0.99995 -0.534847
0.999979 0.00648209 0.000652883 -35.738 -0.00647592 0.999938 -0.00904473 -1.94089 -0.000711471 0.00904031 0.999959 -0.598103
0.999976 0.00691347 0.00110697 -38.3095 -0.00690347 0.999937 -0.008795 -2.06481 -0.00116771 0.00878714 0.999961 -0.636367
0.999971 0.00740382 0.0018038 -40.8881 -0.00738983 0.999943 -0.00764443 -2.19799 -0.00186029 0.00763088 0.999969 -0.689996
0.99997 0.00779103 0.000369353 -43.492 -0.00778798 0.99994 -0.0076432 -2.32886 -0.000428878 0.00764009 0.999971 -0.724179
0.999969 0.00788367 -0.000830525 -46.1079 -0.00789028 0.999935 -0.00828 -2.46889 0.000765195 0.0082863 0.999965 -0.763154
0.999977 0.00672575 -0.00132698 -48.752 -0.00673642 0.999944 -0.00820062 -2.61202 0.00127175 0.00820937 0.999966 -0.825327
0.999982 0.00566886 0.00203272 -51.3945 -0.0056541 0.999958 -0.00719708 -2.74983 -0.00207343 0.00718546 0.999972 -0.840536
0.999984 0.00488659 0.00292665 -54.0523 -0.00486751 0.999967 -0.00649213 -2.88252 -0.00295828 0.00647778 0.999975 -0.874594
0.999979 0.00508334 0.00403344 -56.709 -0.00506219 0.999974 -0.00523473 -3.016 -0.00405994 0.00521421 0.999978 -0.913364
0.999979 0.00485229 0.00425814 -59.369 -0.0048408 0.999985 -0.00270552 -3.14399 -0.0042712 0.00268485 0.999987 -0.962523
0.999972 0.00394645 0.00640332 -62.0553 -0.00394378 0.999992 -0.000430358 -3.28389 -0.00640497 0.000405093 0.99998 -1.02722
0.999959 0.00339541 0.0083475 -64.7275 -0.00340499 0.999994 0.00113403 -3.42222 -0.00834359 -0.00116241 0.999965 -1.05768
0.999938 0.00183942 0.0109528 -67.4 -0.00184191 0.999998 0.000217096 -3.55359 -0.0109524 -0.000237257 0.99994 -1.03232
0.999914 0.000712334 0.0130773 -70.06 -0.000742219 0.999997 0.00228055 -3.69427 -0.0130756 -0.00229006 0.999912 -1.06102
0.999927 0.000534854 0.0120836 -72.7163 -0.000580044 0.999993 0.00373655 -3.84925 -0.0120815 -0.00374328 0.99992 -1.08434
0.999943 -0.000594514 0.0106529 -75.4655 0.000555498 0.999993 0.00366513 -4.01063 -0.010655 -0.00365901 0.999937 -1.10036
0.999958 0.000304038 0.00919164 -78.1654 -0.000342607 0.999991 0.0041948 -4.17335 -0.00919028 -0.00419777 0.999949 -1.12149
0.999906 0.00148078 0.0136101 -80.8693 -0.00152472 0.999994 0.00321896 -4.33956 -0.0136052 -0.00323941 0.999902 -1.1518
0.99989 0.00286542 0.0145773 -83.5787 -0.00286968 0.999996 0.00027109 -4.49247 -0.0145764 -0.000312892 0.999894 -1.14608
0.999905 0.00576513 0.0125323 -86.2543 -0.00576387 0.999983 -0.00013636 -4.63171 -0.0125328 6.41138e-05 0.999922 -1.1651
0.999881 0.00777403 0.0133062 -88.9639 -0.0077816 0.99997 0.00051693 -4.77761 -0.0133018 -0.000620412 0.999911 -1.18949
0.999857 0.0102334 0.0134715 -91.6554 -0.0102694 0.999944 0.00260245 -4.9137 -0.0134441 -0.00274042 0.999906 -1.22489
0.999813 0.0114757 0.0155524 -94.3544 -0.0115301 0.999928 0.00341497 -5.0514 -0.015512 -0.00359365 0.999873 -1.22489
0.999822 0.0110401 0.0153037 -97.0825 -0.0110981 0.999932 0.00370748 -5.1782 -0.0152618 -0.00387666 0.999876 -1.23401
0.999818 0.0107226 0.0157651 -99.8069 -0.0107864 0.999934 0.00397213 -5.31596 -0.0157215 -0.00414146 0.999868 -1.2294
0.999774 0.0102252 0.0186361 -102.515 -0.0103219 0.999934 0.00509957 -5.44376 -0.0185827 -0.00529078 0.999813 -1.22198
0.999817 0.00972571 0.0165028 -105.241 -0.00984082 0.999928 0.00690832 -5.57469 -0.0164344 -0.00706945 0.99984 -1.17198
0.999787 0.00913348 0.0185211 -107.94 -0.00929354 0.99992 0.00857457 -5.70858 -0.0184413 -0.00874487 0.999792 -1.19257
0.999718 0.00840307 0.0222225 -110.635 -0.00862864 0.999912 0.0100743 -5.83962 -0.0221359 -0.0102632 0.999702 -1.1761
0.999744 0.00835597 0.0210285 -113.333 -0.0086288 0.999879 0.0129173 -5.97205 -0.020918 -0.0130954 0.999696 -1.15961
0.999788 0.00713795 0.0193154 -116.04 -0.00741909 0.999867 0.0145228 -6.11078 -0.0192092 -0.0146631 0.999708 -1.14361
0.999759 0.00585632 0.0211694 -118.709 -0.00618038 0.999864 0.0152755 -6.25191 -0.021077 -0.0154026 0.999659 -1.14857
0.999783 0.00226021 0.0207081 -121.435 -0.00261569 0.99985 0.0171552 -6.40328 -0.0206662 -0.0172056 0.999638 -1.13091
0.999735 -0.000989275 0.0230112 -124.183 0.000548479 0.999817 0.0191543 -6.55371 -0.0230259 -0.0191366 0.999552 -1.06219
0.999715 -0.00285512 0.0237042 -126.892 0.0023883 0.999803 0.0196987 -6.71114 -0.0237558 -0.0196365 0.999525 -1.03319
0.999716 -0.00387985 0.0235301 -129.606 0.00341791 0.999802 0.0196402 -6.88821 -0.0236017 -0.0195542 0.99953 -0.990864
0.999718 -0.0042911 0.0233586 -132.313 0.00380543 0.999777 0.0207966 -7.05631 -0.0234426 -0.0207019 0.999511 -0.97111
0.99973 -0.00439129 0.0228507 -135.011 0.00387824 0.999741 0.0224484 -7.23391 -0.0229434 -0.0223537 0.999487 -0.9707
0.999695 -0.00471243 0.0242507 -137.71 0.00411808 0.999692 0.0245007 -7.40805 -0.0243587 -0.0243934 0.999406 -0.990292
0.999671 -0.0049853 0.025191 -140.415 0.00433885 0.999662 0.025652 -7.58498 -0.0253103 -0.0255342 0.999354 -0.978573
0.999633 -0.00449207 0.0267351 -143.145 0.00380303 0.999661 0.0257683 -7.75903 -0.0268418 -0.0256572 0.999311 -0.933023
0.999682 -0.00262594 0.0250973 -145.862 0.00210939 0.999786 0.0205866 -7.90132 -0.025146 -0.0205271 0.999473 -0.810112
0.999677 -0.000273331 0.0254193 -148.581 -0.000275693 0.999767 0.0215928 -8.05276 -0.0254193 -0.0215928 0.999444 -0.776008
0.999706 0.00187692 0.0242065 -151.299 -0.00240988 0.999755 0.0220071 -8.20381 -0.0241593 -0.0220589 0.999465 -0.766301
0.999711 0.00411726 0.0236879 -154.016 -0.00467616 0.999711 0.0235878 -8.35921 -0.0235839 -0.0236917 0.999441 -0.759884
0.999561 0.0041241 0.0293536 -156.734 -0.00483214 0.999698 0.0240914 -8.50365 -0.0292454 -0.0242227 0.999279 -0.727643
0.999497 0.00321852 0.0315714 -159.473 -0.00400863 0.99968 0.0249949 -8.66021 -0.0314808 -0.0251088 0.999189 -0.68066
0.999317 0.00200915 0.0368989 -162.245 -0.00303521 0.99961 0.0277725 -8.81741 -0.0368287 -0.0278655 0.998933 -0.673017
0.999289 0.00265278 0.0376259 -164.972 -0.00375632 0.999564 0.0292891 -8.96681 -0.0375318 -0.0294096 0.998863 -0.626864
0.999378 0.00291392 0.0351485 -167.737 -0.00403048 0.999488 0.031738 -9.12666 -0.035038 -0.03186 0.998878 -0.582163
0.9994 0.00411117 0.0344026 -170.458 -0.00525579 0.999433 0.0332474 -9.27988 -0.0342464 -0.0334083 0.998855 -0.527672
0.999414 0.00404645 0.0339919 -173.187 -0.00519346 0.999418 0.0337236 -9.4269 -0.0338357 -0.0338804 0.998853 -0.439898
0.99946 0.00269367 0.0327565 -175.965 -0.00380072 0.999422 0.0337815 -9.58746 -0.0326466 -0.0338878 0.998893 -0.402202
0.999477 0.00219752 0.0322629 -178.69 -0.00323886 0.999474 0.0322602 -9.74508 -0.032175 -0.0323478 0.998959 -0.363043
0.999427 0.00241205 0.0337693 -181.383 -0.00343085 0.99954 0.0301444 -9.88353 -0.033681 -0.030243 0.998975 -0.257829
0.999356 0.00075379 0.0358966 -184.111 -0.0018664 0.999519 0.0309716 -10.0267 -0.035856 -0.0310186 0.998876 -0.203581
0.999304 -0.00143714 0.0372768 -186.829 0.000224321 0.999471 0.0325194 -10.1781 -0.0373038 -0.0324885 0.998776 -0.152946
0.999313 -0.00368317 0.0368852 -189.551 0.00245602 0.999444 0.0332599 -10.3476 -0.0369871 -0.0331465 0.998766 -0.103913
0.999253 -0.00624826 0.0381321 -192.284 0.00493787 0.999397 0.0343625 -10.528 -0.0383238 -0.0341486 0.998682 -0.034167
0.999311 -0.00898945 0.0360115 -195.027 0.0077025 0.999332 0.0357178 -10.693 -0.0363085 -0.0354158 0.998713 0.0423172
0.999317 -0.00985109 0.0356275 -197.756 0.0086009 0.999348 0.0350751 -10.8842 -0.0359498 -0.0347448 0.99875 0.114609
0.999264 -0.0106812 0.036846 -200.49 0.00941111 0.999361 0.0344721 -11.0715 -0.0371907 -0.0340999 0.998727 0.169257
0.999236 -0.0120355 0.0371965 -203.245 0.0106988 0.999297 0.0359287 -11.2579 -0.0376028 -0.0355033 0.998662 0.275905
0.999206 -0.0142353 0.0372259 -205.986 0.012928 0.999299 0.0351269 -11.4504 -0.0376998 -0.0346178 0.99869 0.35498
0.999112 -0.0167585 0.0386772 -208.719 0.0153819 0.999247 0.0356187 -11.6464 -0.039245 -0.0349922 0.998617 0.408934
0.998952 -0.0190118 0.0416428 -211.439 0.017549 0.999226 0.0352162 -11.8451 -0.0422801 -0.0344485 0.998512 0.479054
0.998839 -0.0213632 0.0431832 -214.154 0.0197025 0.999063 0.038524 -12.0469 -0.0439657 -0.0376284 0.998325 0.546945
0.999017 -0.0229465 0.0379417 -216.874 0.0213764 0.998919 0.0412827 -12.2561 -0.038848 -0.040431 0.998427 0.591413
0.998812 -0.0246163 0.0420564 -219.637 0.0229466 0.998947 0.0397334 -12.491 -0.0429902 -0.0387211 0.998325 0.673011
0.998908 -0.0245727 0.039737 -222.373 0.0230818 0.999028 0.0375512 -12.7166 -0.0406211 -0.036593 0.998505 0.735114
0.998927 -0.0237909 0.0397499 -225.105 0.0222686 0.999018 0.0383098 -12.9452 -0.0406223 -0.0373835 0.998475 0.815869
0.999061 -0.0214958 0.037623 -227.852 0.0200838 0.999094 0.0375116 -13.1749 -0.0383952 -0.0367207 0.998588 0.861666
0.999189 -0.0174369 0.0362914 -230.564 0.0160064 0.999098 0.0393425 -13.3769 -0.0369446 -0.0387297 0.998567 0.932603
0.999291 -0.0132068 0.0352632 -233.309 0.0117407 0.999071 0.0414659 -13.5776 -0.035778 -0.0410225 0.998518 0.98766
0.999283 -0.00764539 0.037077 -236.045 0.00612918 0.999147 0.0408361 -13.761 -0.0373576 -0.0405796 0.998478 1.09774
0.999191 -0.00299545 0.0401077 -238.791 0.00146125 0.999268 0.0382267 -13.9235 -0.0401929 -0.0381372 0.998464 1.23078
0.999272 0.000760171 0.0381531 -241.518 -0.00217192 0.999314 0.0369746 -14.0738 -0.0380988 -0.0370305 0.998588 1.36108
0.99907 0.000959024 0.0431093 -244.245 -0.00269153 0.99919 0.0401487 -14.2245 -0.0430358 -0.0402274 0.998264 1.50681
0.999138 -0.000521618 0.0415112 -246.98 -0.00118521 0.999155 0.0410821 -14.3712 -0.0414975 -0.0410959 0.998294 1.57458
0.998984 -0.0037036 0.0449226 -249.711 0.00189058 0.999184 0.0403344 -14.5429 -0.0450353 -0.0402085 0.998176 1.64851
0.998999 -0.00872846 0.0438739 -252.447 0.00692559 0.999132 0.0410772 -14.7253 -0.0441944 -0.0407323 0.998193 1.73611
0.99902 -0.0151993 0.0415758 -255.195 0.0135554 0.999126 0.0395385 -14.9063 -0.0421404 -0.0389362 0.998353 1.81244
0.998942 -0.0214216 0.0406977 -257.948 0.0199865 0.999175 0.0353491 -15.1327 -0.0414213 -0.0344983 0.998546 1.91976
0.998683 -0.0278853 0.0430698 -260.658 0.026562 0.999166 0.0309978 -15.3688 -0.0438983 -0.0298129 0.998592 2.02007
0.998568 -0.0348382 0.0406036 -263.387 0.033563 0.998934 0.0316761 -15.6216 -0.0416639 -0.0302679 0.998674 2.08944
0.998365 -0.0417963 0.0390047 -266.104 0.0406026 0.998697 0.0309096 -15.8895 -0.0402458 -0.0292753 0.998761 2.14629
0.997999 -0.0484934 0.0405758 -268.827 0.0473316 0.998455 0.0291203 -16.1941 -0.0419252 -0.0271415 0.998753 2.23754
0.997694 -0.0540409 0.041055 -271.552 0.0530086 0.99826 0.0258295 -16.5084 -0.0423794 -0.0235937 0.998823 2.31919
0.997596 -0.0579614 0.0379959 -274.28 0.0570713 0.998079 0.0241081 -16.8388 -0.0393202 -0.0218817 0.998987 2.40147
0.997478 -0.0591411 0.0392589 -276.994 0.0581662 0.99798 0.0255293 -17.166 -0.0406894 -0.0231814 0.998903 2.49067
0.997659 -0.0587417 0.0350235 -279.736 0.0578775 0.998006 0.0251992 -17.4781 -0.0364338 -0.0231131 0.999069 2.55784
0.997685 -0.0562329 0.0382528 -282.467 0.0554014 0.998211 0.0224627 -17.7937 -0.0394475 -0.0202914 0.999016 2.63741
0.997919 -0.0527084 0.0371348 -285.198 0.0518694 0.998384 0.0232064 -18.0959 -0.0382979 -0.021232 0.999041 2.69247
0.998008 -0.0487161 0.0400944 -287.929 0.0477814 0.998571 0.0239506 -18.3905 -0.0412038 -0.0219871 0.998909 2.75758
0.997959 -0.0437555 0.0465157 -290.646 0.0427964 0.998854 0.021418 -18.6883 -0.0473995 -0.0193836 0.998688 2.84304
0.998258 -0.0389969 0.0442861 -293.377 0.0380574 0.999036 0.0218627 -18.9623 -0.0450959 -0.0201392 0.99878 2.92092
0.998406 -0.0337959 0.0451986 -296.104 0.0328593 0.999233 0.0213057 -19.2203 -0.045884 -0.0197866 0.998751 3.00546
0.99866 -0.0272537 0.0439974 -298.833 0.0263927 0.999451 0.0200339 -19.4592 -0.0445192 -0.0188458 0.998831 3.0798
0.998979 -0.0203236 0.0403453 -301.576 0.0195142 0.999602 0.0203537 -19.6806 -0.0407429 -0.0195456 0.998979 3.15439
0.99902 -0.014203 0.0419169 -304.305 0.0133841 0.999715 0.0197504 -19.8905 -0.0421854 -0.01917 0.998926 3.21844
0.998729 -0.00998144 0.0494014 -307.035 0.00896224 0.999743 0.0208095 -20.0847 -0.0495964 -0.0203403 0.998563 3.2909
0.99891 -0.00840627 0.0459229 -309.767 0.00730155 0.999681 0.0241708 -20.2683 -0.0461114 -0.0238091 0.998653 3.35977
0.998859 -0.00841114 0.0470145 -312.494 0.0070703 0.999565 0.0286134 -20.4447 -0.0472347 -0.0282484 0.998485 3.46055
0.998758 -0.0102662 0.0487496 -315.214 0.00886299 0.999542 0.0289136 -20.6234 -0.0490241 -0.0284457 0.998393 3.54427
0.998827 -0.0122824 0.0468405 -317.955 0.0111149 0.999623 0.0251042 -20.8225 -0.0471311 -0.0245541 0.998587 3.64066
0.998801 -0.0149249 0.0466326 -320.674 0.0137032 0.999557 0.0264074 -21.0322 -0.0470061 -0.0257367 0.998564 3.73917
0.998891 -0.0196464 0.0428025 -323.392 0.0183302 0.999353 0.0309296 -21.2281 -0.0433824 -0.0301107 0.998605 3.81403
0.998763 -0.0228008 0.0441903 -326.096 0.0214443 0.999291 0.0309312 -21.4396 -0.0448642 -0.0299453 0.998545 3.88491
0.998653 -0.0244652 0.0457544 -327.452 0.0230876 0.999271 0.0303992 -21.5485 -0.0464647 -0.0293019 0.998491 3.92327
