1 0 0 0 0 1 0 0 0 0 1 0
0.183709 0.308085 0.933453 -3.36759 0.878487 -0.477523 -0.0152855 -3.23692 0.441036 0.822834 -0.358374 -3.32733
0.753642 0.612351 -0.238851 -8.20607 -0.267859 0.617976 0.739159 -4.24593 0.600229 -0.493084 0.629757 -7.32042
0.56063 -0.0984295 0.822196 -13.0411 0.827916 0.0855516 -0.554288 -8.03522 -0.015782 0.99146 0.129454 -9.09515
0.373969 0.926938 -0.030556 -16.5921 0.00655596 0.0303036 0.999519 -10.3273 0.927418 -0.373989 0.00525557 -14.028
0.938715 -0.157157 0.306784 -22.6451 0.343452 0.350929 -0.871142 -10.9534 0.0292465 0.92312 0.383398 -16.1093
0.24467 0.95273 0.180118 -25.5848 0.176087 -0.226335 0.958001 -13.7361 0.953483 -0.202678 -0.223141 -21.0466
0.988019 -0.153045 0.0198877 -31.3293 0.0841743 0.426374 -0.900622 -13.0088 0.129356 0.891506 0.434148 -23.8653
0.226236 0.950144 0.214578 -34.7165 0.232374 -0.266574 0.935383 -15.7846 0.945949 -0.161756 -0.281097 -28.6949
0.975543 -0.150692 -0.160021 -40.0057 -0.0912912 0.38448 -0.918608 -14.1357 0.199952 0.910751 0.36132 -32.0573
0.222812 0.952802 0.206211 -43.3851 0.26683 -0.263057 0.927148 -16.9937 0.937633 -0.151557 -0.312849 -36.9376
0.974599 -0.161072 -0.155607 -48.9055 -0.0861824 0.371569 -0.924397 -15.6192 0.206713 0.914326 0.348249 -40.3728
0.214162 0.956794 0.196672 -52.4128 0.281346 -0.253233 0.92559 -18.4081 0.935403 -0.142894 -0.323423 -45.4198
0.945232 -0.125807 -0.301181 -57.936 -0.221164 0.431759 -0.874455 -16.4694 0.24005 0.893173 0.380288 -49.2448
0.223604 0.911439 0.34537 -61.3919 0.382894 -0.407996 0.828813 -19.3419 0.896322 -0.053086 -0.440215 -54.5337
0.900519 -0.151017 -0.407751 -66.6945 -0.255318 0.575418 -0.776986 -17.7255 0.351965 0.803796 0.479617 -58.7012
0.271496 0.836417 0.476127 -70.3548 0.435249 -0.547933 0.714372 -20.5484 0.858399 0.013285 -0.512811 -63.9773
0.870422 -0.136543 -0.472992 -75.8765 -0.275807 0.660587 -0.698251 -18.9831 0.407794 0.738228 0.53733 -68.6348
0.154382 0.912956 0.377727 -78.6587 0.574249 -0.394018 0.717627 -22.9912 0.803993 0.106121 -0.585093 -73.9154
0.914739 -0.163603 -0.369441 -84.5731 -0.179796 0.654021 -0.7348 -22.494 0.361838 0.738574 0.568843 -78.1776
0.138361 0.911088 0.388298 -87.0326 0.531165 -0.399177 0.747344 -25.7436 0.835895 0.102847 -0.539168 -84.3227
0.903338 -0.183152 -0.387861 -93.2998 -0.18018 0.658572 -0.730629 -25.5954 0.389251 0.729889 0.561912 -88.4819
0.172918 0.900393 0.399239 -96.1215 0.531779 -0.426535 0.731628 -28.6443 0.829041 0.0857951 -0.552566 -94.7039
0.911668 -0.143392 -0.385099 -102.132 -0.20529 0.652894 -0.729099 -28.6447 0.355975 0.743753 0.565785 -98.477
0.149853 0.893558 0.423201 -104.827 0.537089 -0.432942 0.723946 -31.1208 0.830108 0.118811 -0.544797 -103.936
0.910756 -0.114672 -0.396704 -110.055 -0.229295 0.658531 -0.716771 -30.993 0.343436 0.743765 0.573468 -107.504
0.207818 0.878665 0.429838 -113.173 0.513031 -0.472051 0.716915 -32.9517 0.832833 0.0715324 -0.548883 -112.531
0.905402 -0.0223245 -0.423969 -118.323 -0.301663 0.668858 -0.679432 -32.2402 0.298743 0.743055 0.598851 -115.708
0.243361 0.870252 0.428296 -121.468 0.546085 -0.48787 0.68101 -34.5783 0.801603 0.068155 -0.59396 -120.937
0.913086 -0.0328511 -0.406441 -127.329 -0.268792 0.70105 -0.660515 -34.2839 0.306634 0.712355 0.631289 -124.098
0.273597 0.865195 0.420217 -130.422 0.557627 -0.498652 0.663625 -36.8146 0.783707 0.0527592 -0.618886 -129.305
0.902607 -0.0351872 -0.429025 -136.684 -0.27743 0.714504 -0.642274 -36.1663 0.32914 0.698745 0.635155 -132.421
0.36708 0.831488 0.41699 -140.362 0.531717 -0.555391 0.639389 -38.8195 0.763236 -0.0129863 -0.645989 -137.607
0.907242 -0.0829269 -0.412353 -145.981 -0.226652 0.72947 -0.645371 -38.2467 0.354317 0.678968 0.64301 -141.014
0.382901 0.818964 0.427417 -149.829 0.510873 -0.573213 0.640653 -40.9033 0.769672 -0.0269507 -0.63787 -145.949
0.916691 -0.0323861 -0.398282 -155.983 -0.233551 0.765326 -0.599775 -40.4204 0.32424 0.642827 0.694004 -149.167
0.371586 0.826736 0.422411 -158.965 0.593795 -0.561396 0.576405 -43.311 0.713674 0.0366411 -0.699519 -154.13
0.881574 0.0162071 -0.471767 -164.646 -0.29224 0.803594 -0.51849 -42.716 0.370706 0.594957 0.713165 -156.883
0.397041 0.778687 0.485804 -168.177 0.633207 -0.615569 0.469173 -46.0377 0.664385 0.121333 -0.737476 -161.959
0.867697 0.122869 -0.481669 -174.387 -0.361918 0.820385 -0.442701 -45.2582 0.34076 0.558455 0.756314 -164.737
0.370606 0.784494 0.497212 -177.707 0.717597 -0.581721 0.382957 -48.9178 0.589666 0.214871 -0.77854 -169.367
0.837035 0.204492 -0.5075 -183.981 -0.41411 0.842994 -0.343328 -47.0731 0.357612 0.497538 0.790297 -172.069
0.385379 0.746303 0.542693 -187.178 0.717992 -0.611946 0.331677 -50.986 0.57963 0.261828 -0.77167 -176.643
0.768669 0.337888 -0.543121 -193.081 -0.556063 0.772638 -0.306309 -48.3764 0.316138 0.537459 0.781789 -179.055
0.453695 0.672402 0.584838 -196.245 0.695979 -0.677224 0.238706 -52.0285 0.556573 0.298736 -0.775231 -183.468
0.722208 0.397845 -0.565806 -201.766 -0.581061 0.792723 -0.184278 -49.3165 0.375213 0.461854 0.803683 -185.944
0.500913 0.628666 0.594865 -205.556 0.671274 -0.716049 0.191482 -53.0812 0.546331 0.303401 -0.780685 -190.622
0.747289 0.358939 -0.559215 -211.493 -0.534026 0.825213 -0.183954 -50.2415 0.395444 0.436102 0.808356 -193.178
0.475501 0.646764 0.596318 -215.025 0.701747 -0.68765 0.186251 -54.0945 0.530518 0.329902 -0.780843 -197.687
0.774365 0.320083 -0.545807 -220.942 -0.483099 0.856161 -0.183311 -51.8954 0.408624 0.405629 0.817613 -200.176
0.479132 0.631684 0.609432 -224.51 0.703594 -0.691513 0.163601 -55.2533 0.524775 0.350406 -0.775776 -204.353
0.754912 0.364048 -0.545506 -230.063 -0.478071 0.874874 -0.0777362 -53.4203 0.448949 0.319474 0.834494 -207.074
0.505379 0.617861 0.602362 -233.59 0.72219 -0.684913 0.096621 -56.9231 0.472264 0.38619 -0.792354 -211.227
0.745591 0.332542 -0.577503 -239.546 -0.441927 0.895365 -0.0549791 -54.8942 0.498793 0.296206 0.814535 -214.094
0.521167 0.592965 0.613822 -242.927 0.75221 -0.65892 -0.0021329 -59.9395 0.403195 0.462834 -0.789442 -217.884
0.754561 0.349306 -0.555538 -248.477 -0.399769 0.916022 0.03298 -57.8214 0.520405 0.197201 0.830837 -220.59
0.548553 0.608881 0.573021 -251.9 0.751438 -0.659543 -0.0185326 -62.3822 0.366648 0.440756 -0.819331 -224.053
0.801203 0.303508 -0.515709 -257.799 -0.317225 0.946187 0.0640157 -60.8427 0.507387 0.112306 0.854369 -226.559
0.553076 0.604114 0.573718 -261.128 0.764525 -0.641667 -0.0613532 -64.9903 0.331072 0.472555 -0.816752 -229.729
0.800389 0.305091 -0.516038 -266.584 -0.302709 0.948693 0.0913742 -63.9095 0.517439 0.0830745 0.851678 -231.727
0.546669 0.627212 0.55476 -269.511 0.782676 -0.618216 -0.0723055 -67.8587 0.29761 0.473724 -0.828863 -234.66
0.782924 0.289018 -0.550906 -274.445 -0.310829 0.948813 0.0560327 -66.6381 0.538902 0.127368 0.832684 -236.961
0.498745 0.659444 0.562483 -277.626 0.824021 -0.561995 -0.071775 -71.0216 0.268781 0.499295 -0.823688 -239.292
0.788191 0.294346 -0.540477 -282.645 -0.282256 0.953292 0.107546 -69.7678 0.546888 0.0677858 0.834457 -242.078
0.469445 0.690736 0.550004 -285.96 0.855277 -0.510489 -0.0888959 -74.6217 0.219367 0.512138 -0.830417 -244.384
0.803372 0.271818 -0.529818 -291.842 -0.262061 0.960332 0.0953206 -73.754 0.534711 0.0622668 0.842738 -247.299
0.448943 0.720841 0.528051 -295.138 0.874742 -0.475179 -0.095029 -78.7615 0.182418 0.504571 -0.843879 -249.702
0.810605 0.300435 -0.502651 -300.892 -0.2814 0.952606 0.115569 -78.1221 0.513549 0.0477651 0.85673 -252.285
0.458592 0.687066 0.56359 -304.029 0.866913 -0.485299 -0.113783 -83.2079 0.195333 0.540763 -0.818181 -254.704
0.800393 0.279084 -0.530549 -309.597 -0.274458 0.957418 0.0895775 -82.425 0.532957 0.0739162 0.842908 -257.529
0.419254 0.754568 0.50483 -312.895 0.899973 -0.418608 -0.121723 -88.0341 0.119477 0.505366 -0.854594 -259.311
0.799434 0.242498 -0.549636 -318.717 -0.233076 0.968444 0.0882711 -87.4241 0.553697 0.0575398 0.830728 -262.644
0.365316 0.724134 0.584956 -321.075 0.910565 -0.408553 -0.0629057 -92.839 0.193433 0.555621 -0.808622 -264.706
0.810713 0.18154 -0.556585 -326.729 -0.173469 0.982504 0.0677876 -92.417 0.559153 0.0415942 0.828021 -268.251
0.301649 0.755407 0.581695 -328.993 0.920091 -0.39055 0.0300508 -98.0721 0.249882 0.526147 -0.812852 -270.386
0.868539 0.127184 -0.479023 -334.496 -0.177571 0.982205 -0.0611805 -97.5258 0.462718 0.138198 0.875668 -273.042
0.346691 0.81593 0.46267 -336.811 0.914209 -0.404281 0.0279191 -102.831 0.209829 0.413298 -0.886091 -274.91
0.870327 0.0783069 -0.486209 -342.369 -0.0903912 0.995906 -0.00140628 -102.971 0.484108 0.0451729 0.873842 -277.655
0.3201 0.761025 0.564248 -344.189 0.91689 -0.398749 0.0176547 -107.731 0.238429 0.511702 -0.825417 -279.806
0.828315 0.204906 -0.521448 -349.166 -0.179321 0.978721 0.0997443 -107.312 0.53079 0.0108867 0.847433 -282.282
0.353343 0.716966 0.600923 -350.945 0.930927 -0.332878 -0.150226 -112.652 0.0923265 0.612496 -0.785063 -283.681
0.747155 0.317205 -0.584072 -356.094 -0.236183 0.948124 0.212789 -111.297 0.62127 -0.021038 0.783314 -286.395
0.36996 0.738705 0.563422 -357.849 0.927578 -0.259601 -0.268712 -116.978 -0.0522336 0.622031 -0.781249 -287.089
0.694436 0.450331 -0.561214 -362.538 -0.317141 0.891657 0.323062 -115.172 0.645895 -0.0463621 0.762017 -290.257
0.337857 0.748228 0.57097 -364.362 0.927788 -0.162723 -0.335755 -120.835 -0.158311 0.643176 -0.749175 -290.116
0.636607 0.530793 -0.559455 -368.723 -0.398781 0.847502 0.350306 -118.491 0.660079 9.24438e-05 0.751196 -293.483
-0.133303 0.842686 0.521643 -367.653 0.829696 0.382769 -0.406317 -123.66 -0.542066 0.378641 -0.750197 -290.553
0.562634 0.584052 -0.585086 -369.964 -0.424115 0.811422 0.402147 -120.045 0.709626 0.0218821 0.704239 -294.175
-0.176389 0.770667 0.612339 -367.56 0.766071 0.49811 -0.406229 -123.445 -0.61808 0.39744 -0.678247 -290.383
0.436998 0.600112 -0.669998 -369.895 -0.45785 0.789575 0.408589 -119.366 0.774213 0.128206 0.619805 -294.56
-0.0900786 0.700609 0.707836 -367.916 0.768074 0.501305 -0.398442 -123.882 -0.633994 0.507779 -0.583277 -289.924
0.484848 0.55213 -0.678288 -370.448 -0.42186 0.826998 0.371631 -119.489 0.766131 0.105958 0.63389 -294.811
-0.195916 0.660266 0.725027 -367.299 0.703713 0.609577 -0.364971 -122.988 -0.682938 0.438707 -0.584065 -289.641
0.416842 0.5248 -0.742177 -369.248 -0.317997 0.849095 0.421801 -118.616 0.85154 0.0601856 0.520824 -295.149
-0.107034 0.608544 0.786268 -366.654 0.615736 0.661484 -0.428145 -121.325 -0.780649 0.438308 -0.445504 -289.042
0.371637 0.496082 -0.784722 -368.743 -0.275652 0.866106 0.416984 -117.233 0.886511 0.0613433 0.458624 -294.661
-0.124784 0.592919 0.795535 -366.598 0.603028 0.682039 -0.413741 -120.794 -0.7879 0.428101 -0.442655 -288.277
0.297023 0.542484 -0.785805 -368.553 -0.396051 0.818809 0.415567 -116.629 0.868862 0.187786 0.458056 -294.769
-0.125474 0.597162 0.792246 -366.616 0.649042 0.653368 -0.389687 -121.234 -0.750334 0.465305 -0.469564 -288.462
0.366497 0.521568 -0.770485 -369.292 -0.383193 0.839226 0.385827 -116.832 0.847846 0.15384 0.507435 -294.942
-0.199009 0.591892 0.781063 -366.642 0.624031 0.691072 -0.364699 -121.132 -0.755633 0.414829 -0.506889 -288.506
0.364267 0.546673 -0.753962 -369.155 -0.442316 0.814002 0.376507 -116.303 0.819552 0.19634 0.538316 -294.647
-0.209474 0.614843 0.760321 -366.109 0.651697 0.667482 -0.36022 -120.819 -0.72898 0.420043 -0.540512 -288.377
0.406071 0.534822 -0.740993 -369.092 -0.407212 0.831801 0.377207 -116.309 0.818098 0.148568 0.555557 -294.524
-0.229994 0.597498 0.768179 -366.29 0.647543 0.683202 -0.337526 -120.951 -0.726492 0.419799 -0.544039 -288.471
0.373044 0.52872 -0.762426 -369.113 -0.415357 0.829969 0.372331 -116.574 0.829649 0.177783 0.529223 -294.602
-0.207037 0.597489 0.774688 -366.372 0.635391 0.684233 -0.357915 -121.077 -0.743918 0.418129 -0.521301 -288.522
0.397478 0.536398 -0.744505 -369.253 -0.373457 0.835679 0.402705 -116.904 0.838177 0.117974 0.532486 -294.841
-0.157134 0.621669 0.767356 -366.725 0.683753 0.629141 -0.369681 -121.518 -0.712595 0.466593 -0.523928 -288.843
0.446006 0.4995 -0.742683 -369.81 -0.349803 0.861068 0.369052 -117.286 0.823842 0.0951936 0.558769 -295.057
-0.161747 0.64084 0.750441 -366.883 0.685334 0.620103 -0.381824 -121.818 -0.710039 0.452543 -0.53949 -288.931
0.410079 0.529773 -0.742412 -369.744 -0.362973 0.841561 0.400032 -116.949 0.836711 0.105431 0.537401 -295.064
-0.0789811 0.709352 0.700415 -367.224 0.72021 0.526392 -0.451895 -122.331 -0.689245 0.468755 -0.552458 -288.537
0.487494 0.543002 -0.683738 -370.726 -0.350821 0.838915 0.416109 -116.968 0.799546 0.0370188 0.599463 -295.117
-0.022532 0.730961 0.682047 -368.045 0.778666 0.440715 -0.446598 -122.591 -0.627034 0.521024 -0.579105 -289.117
0.429626 0.576476 -0.695052 -370.847 -0.384353 0.813245 0.436928 -117.148 0.817125 0.0794298 0.570962 -295.438
0.0118223 0.704304 0.7098 -368.263 0.829344 0.389653 -0.400449 -123.419 -0.558613 0.593403 -0.579504 -289.22
0.462866 0.567941 -0.680586 -371.45 -0.371803 0.821372 0.432563 -117.366 0.804685 0.0528247 0.591348 -295.421
0.0965922 0.702187 0.70541 -369.736 0.840134 0.32251 -0.436076 -124.318 -0.533709 0.63476 -0.55878 -289.66
0.429033 0.616342 -0.660343 -372.723 -0.399976 0.785094 0.472912 -118.06 0.809907 0.0612263 0.583354 -296.259
0.256895 0.780356 0.570131 -371.622 0.868479 0.0723917 -0.490412 -125.731 -0.423969 0.621131 -0.659126 -291.125
0.506489 0.624209 -0.594837 -374.603 -0.386213 0.78103 0.490745 -119.226 0.770913 -0.0188234 0.636662 -297.148
0.081021 0.839195 0.537761 -371.985 0.825241 0.246081 -0.508352 -125.66 -0.558939 0.484969 -0.672601 -292.041
0.468944 0.680072 -0.563554 -374.886 -0.468988 0.732409 0.493586 -119.129 0.748426 0.0328355 0.662406 -297.136
0.164986 0.865128 0.473638 -373.385 0.86899 0.0996368 -0.484695 -126.744 -0.466515 0.491554 -0.735349 -292.89
0.373909 0.757216 -0.535552 -375.094 -0.627948 0.63164 0.454657 -119.073 0.682549 0.166299 0.711668 -297.285
