1 0 0 0 0 1 0 0 0 0 1 0
0.999997 0.00208317 -0.00152207 -2.32287 -0.00208364 0.999998 -0.000306976 -0.0919189 0.00152143 0.000310146 0.999999 -0.065006
0.999981 0.00623272 -0.000441123 -4.67298 -0.006233 0.99998 -0.000648105 -0.186028 0.000437074 0.000650842 1 -0.0883776
0.999947 0.0102591 -0.000457295 -6.99774 -0.0102584 0.999946 0.00155295 -0.265441 0.000473202 -0.00154817 0.999999 -0.140447
0.999913 0.0132252 -0.000196092 -9.34013 -0.0132246 0.999909 0.00261759 -0.33844 0.000230693 -0.00261477 0.999997 -0.189966
0.99989 0.0148373 -0.000641151 -11.6768 -0.0148344 0.999881 0.00433631 -0.40995 0.000705413 -0.00432632 0.99999 -0.25272
0.999886 0.0151086 4.91368e-05 -14.0535 -0.0151086 0.99988 0.00350843 -0.4668 3.87633e-06 -0.00350878 0.999994 -0.294429
0.999878 0.0156016 -0.000125387 -16.4329 -0.0156009 0.999869 0.00423627 -0.536375 0.000191463 -0.0042338 0.999991 -0.340905
0.999885 0.0151658 0.000481882 -18.841 -0.0151681 0.999871 0.00530872 -0.591848 -0.000401309 -0.00531542 0.999986 -0.385077
0.999888 0.0149383 -0.000293553 -21.2493 -0.0149364 0.999872 0.00571708 -0.662841 0.000378919 -0.00571206 0.999984 -0.442863
0.9999 0.0139914 -0.00221953 -23.6718 -0.0139675 0.999848 0.0104434 -0.727828 0.00236531 -0.0104113 0.999943 -0.500363
0.999908 0.0130382 0.00383193 -26.1317 -0.0130842 0.999839 0.0122427 -0.790342 -0.00367169 -0.0122917 0.999918 -0.531528
0.999917 0.0120263 0.00467746 -28.615 -0.0120799 0.99986 0.0116153 -0.870104 -0.00453712 -0.0116708 0.999922 -0.588605
0.999922 0.0120413 0.00323016 -31.1532 -0.0120886 0.999813 0.015071 -0.951817 -0.00304808 -0.0151089 0.999881 -0.634657
0.99989 0.0119754 0.00878743 -33.7217 -0.0120912 0.999839 0.0132453 -1.0286 -0.00862739 -0.0133501 0.999874 -0.692385
0.999835 0.0127387 0.0129556 -36.3149 -0.0129616 0.999767 0.017273 -1.1126 -0.0127325 -0.0174381 0.999767 -0.725486
0.999902 0.0136177 -0.0031461 -38.9816 -0.0135518 0.999707 0.0200861 -1.19237 0.0034187 -0.0200415 0.999793 -0.752754
0.999884 0.0147722 -0.00378908 -41.6961 -0.0146803 0.999623 0.0232219 -1.26628 0.00413069 -0.0231636 0.999723 -0.82289
0.999861 0.0154955 0.00616118 -44.4015 -0.0156489 0.999548 0.0256815 -1.33822 -0.00576044 -0.0257743 0.999651 -0.87974
0.999831 0.016717 -0.00763174 -47.1644 -0.0165821 0.999711 0.0174071 -1.40076 0.00792053 -0.0172776 0.999819 -0.912728
0.999739 0.0178569 -0.0142677 -49.9062 -0.0178169 0.999837 0.00292259 -1.52025 0.0143176 -0.00266762 0.999894 -1.03244
0.999846 0.0171402 -0.00377548 -52.6593 -0.0171223 0.999842 0.00471582 -1.60858 0.00385571 -0.00465044 0.999982 -1.07824
0.999904 0.0133201 -0.00381853 -55.4181 -0.0132741 0.999842 0.0118072 -1.66142 0.0039752 -0.0117553 0.999923 -1.11582
0.999889 0.0111883 -0.00980977 -58.1762 -0.0110752 0.999873 0.0115029 -1.76714 0.00993722 -0.011393 0.999886 -1.14528
0.999975 0.0063602 -0.00295343 -60.9247 -0.00633349 0.99994 0.00896481 -1.89369 0.00301027 -0.00894587 0.999955 -1.21893
0.999989 0.00138243 -0.00449137 -63.6565 -0.00134979 0.999973 0.00725989 -1.98551 0.00450128 -0.00725374 0.999964 -1.28086
0.999952 -0.00260135 -0.00941409 -66.3915 0.00263934 0.999989 0.00402506 -2.10278 0.00940351 -0.00404971 0.999948 -1.34954
0.999994 -0.00320522 -0.00157464 -69.1156 0.0032048 0.999995 -0.000273883 -2.25006 0.00157551 0.000268841 0.999999 -1.41509
0.999996 -0.00289102 -0.000463848 -71.844 0.0028943 0.99997 0.00719632 -2.37346 0.000443029 -0.00719763 0.999974 -1.48743
0.999995 -0.00248385 -0.00198222 -74.5872 0.00250883 0.999916 0.012696 -2.47358 0.00195051 -0.0127009 0.999918 -1.5736
0.999998 -0.000743245 0.0019534 -77.3207 0.000720101 0.99993 0.0118273 -2.61795 -0.00196205 -0.0118258 0.999928 -1.59046
0.999997 0.00234167 -0.000775242 -80.0507 -0.0023321 0.999924 0.0121094 -2.74516 0.000803539 -0.0121076 0.999926 -1.64121
0.998598 0.0523809 0.00756456 -82.1456 -0.052468 0.998553 0.0118203 -2.90173 -0.00693446 -0.0122006 0.999902 -1.57995
0.998409 0.0549453 0.0126639 -84.8669 -0.0549584 0.998489 0.000681782 -2.88244 -0.0126073 -0.00137667 0.99992 -1.60636
0.998328 0.0564216 0.0125418 -87.5952 -0.0563235 0.99838 -0.00803722 -2.87546 -0.0129749 0.00731739 0.999889 -1.61835
0.998287 0.0572904 0.0118862 -90.3158 -0.0572161 0.998341 -0.00649627 -2.83685 -0.0122386 0.00580507 0.999908 -1.58517
0.998197 0.057475 0.0172991 -93.0424 -0.0574383 0.998346 -0.00260743 -2.79695 -0.0174204 0.0016091 0.999847 -1.59257
0.998105 0.059533 0.0155599 -95.7806 -0.0594467 0.998214 -0.00595181 -2.77313 -0.0158865 0.00501555 0.999861 -1.60189
0.997979 0.0604785 0.0194759 -98.4957 -0.0603635 0.998156 -0.00644151 -2.72273 -0.0198296 0.00525287 0.99979 -1.62157
0.997869 0.0612742 0.0224254 -101.238 -0.0612245 0.99812 -0.00289682 -2.66803 -0.0225608 0.00151767 0.999744 -1.59357
0.997803 0.0616902 0.0241391 -103.983 -0.061531 0.998079 -0.00728457 -2.62045 -0.0245421 0.00578328 0.999682 -1.55595
0.997609 0.0625044 0.0294933 -106.692 -0.0622355 0.998012 -0.00994943 -2.58752 -0.0300566 0.00809011 0.999516 -1.51646
0.997632 0.0618233 0.0301178 -109.428 -0.0615773 0.998062 -0.00902869 -2.53797 -0.0306176 0.00715275 0.999506 -1.47461
0.997625 0.0602251 0.0334231 -112.143 -0.0599478 0.998159 -0.0092401 -2.49049 -0.033918 0.00721452 0.999399 -1.43939
0.99745 0.0591264 0.0399599 -114.844 -0.0588117 0.998229 -0.00900568 -2.44226 -0.0404216 0.00663261 0.999161 -1.38741
0.997417 0.0584247 0.0417791 -117.533 -0.0581871 0.998282 -0.00688153 -2.40073 -0.0421094 0.00443275 0.999103 -1.32339
0.997404 0.0581151 0.0425155 -120.241 -0.0577002 0.998274 -0.0109224 -2.35709 -0.0430769 0.0084409 0.999036 -1.24075
0.997325 0.059463 0.0425111 -122.932 -0.0592181 0.998221 -0.0069988 -2.32265 -0.0428516 0.00446265 0.999072 -1.15052
0.99745 0.0594461 0.0394772 -125.58 -0.0593925 0.998232 -0.00253159 -2.27184 -0.0395579 0.000180487 0.999217 -1.07174
0.996948 0.059942 0.0500198 -128.177 -0.0596525 0.998193 -0.00726239 -2.24896 -0.0503647 0.00425642 0.998722 -0.981997
0.997182 0.0599418 0.0451002 -130.731 -0.0594724 0.998162 -0.0116799 -2.24781 -0.0457174 0.00896478 0.998914 -0.909549
0.996876 0.0600897 0.0512573 -133.29 -0.059495 0.998143 -0.0130528 -2.20592 -0.0519465 0.00996249 0.9986 -0.831162
0.996773 0.0603314 0.0529577 -135.83 -0.0595986 0.998105 -0.0153115 -2.1629 -0.0537812 0.0121058 0.998479 -0.730441
0.996572 0.0596758 0.0572891 -138.35 -0.0590051 0.998169 -0.0133305 -2.11646 -0.0579797 0.00990448 0.998269 -0.629734
0.996552 0.0601027 0.0571945 -140.87 -0.0592536 0.998108 -0.0164291 -2.10217 -0.0580738 0.0129834 0.998228 -0.508425
0.997322 0.0587017 0.0436206 -143.359 -0.0582797 0.998241 -0.0108868 -2.07772 -0.044183 0.00831548 0.998989 -0.435319
0.997205 0.0565116 0.0488632 -145.721 -0.0563098 0.998398 -0.00549961 -2.04216 -0.0490957 0.00273278 0.99879 -0.317354
0.996842 0.0549616 0.0573216 -147.961 -0.0546156 0.998479 -0.00758682 -2.00862 -0.0576514 0.00443221 0.998327 -0.259175
0.997384 0.0546293 0.0473438 -150.167 -0.0545457 0.998507 -0.00305638 -1.98404 -0.0474401 0.000465986 0.998874 -0.157903
0.996897 0.0537625 0.0575044 -152.328 -0.0534988 0.998549 -0.00611652 -1.9492 -0.0577498 0.00302113 0.998327 -0.0904638
0.995616 0.0524202 0.0774626 -154.454 -0.052382 0.998624 -0.00252697 -1.95496 -0.0774885 -0.00154175 0.996992 0.0083572
0.997318 0.0538527 0.0495632 -156.633 -0.0534667 0.998528 -0.00908198 -1.92526 -0.0499794 0.00640764 0.99873 0.0948349
0.996809 0.053064 0.0596386 -158.783 -0.0525743 0.998569 -0.00975124 -1.91723 -0.0600708 0.00658467 0.998173 0.189502
0.99576 0.0544013 0.0741825 -160.892 -0.0532706 0.998433 -0.0171379 -1.91987 -0.0749986 0.0131135 0.997097 0.26388
0.994622 0.0744338 0.0720205 -164.952 -0.0725913 0.996972 -0.0278747 -2.01435 -0.0738773 0.0224968 0.997014 0.497153
0.99223 0.110489 0.0571899 -169.289 -0.109043 0.993647 -0.027828 -1.92839 -0.0599013 0.0213756 0.997976 0.710063
0.987476 0.154634 0.0312955 -173.743 -0.15384 0.987743 -0.0263745 -1.56213 -0.0349903 0.0212297 0.999162 0.811747
0.981827 0.185235 0.0412729 -178.008 -0.183498 0.982099 -0.0425518 -1.01677 -0.0484161 0.0342051 0.998241 0.825876
0.981379 0.189594 -0.0308183 -180.147 -0.190699 0.98091 -0.0380723 -0.687424 0.0230117 0.0432404 0.9988 0.439018
0.981513 0.189685 -0.0255079 -182.257 -0.190624 0.980783 -0.0415636 -0.371049 0.0171338 0.0456577 0.99881 0.357788
0.981728 0.188582 -0.0254353 -184.385 -0.189514 0.981008 -0.0413128 -0.0600891 0.0171614 0.0453783 0.998822 0.286887
0.981834 0.187714 -0.0276527 -186.524 -0.188756 0.981136 -0.0417566 0.254416 0.0192928 0.0462177 0.998745 0.190734
0.982393 0.18505 -0.0256911 -188.662 -0.186031 0.981587 -0.04334 0.56328 0.0171981 0.0473563 0.99873 0.0970598
0.983276 0.180722 -0.0225502 -190.817 -0.181535 0.982501 -0.0416642 0.878243 0.014626 0.0450611 0.998877 0.0101021
0.984386 0.174453 -0.0234489 -192.98 -0.175241 0.983819 -0.0372799 1.17682 0.0165659 0.0408071 0.99903 -0.0717917
0.985894 0.165577 -0.0244189 -195.157 -0.166426 0.985312 -0.0382529 1.45821 0.0177265 0.0417773 0.99897 -0.146892
0.987599 0.15533 -0.0228091 -197.345 -0.156185 0.986821 -0.0423061 1.69472 0.0159371 0.0453439 0.998844 -0.247159
0.989552 0.143443 -0.0145163 -199.551 -0.14393 0.988721 -0.041418 1.91814 0.00841152 0.0430746 0.999036 -0.327379
0.991389 0.129908 -0.016458 -201.753 -0.130511 0.990501 -0.0433009 2.12996 0.0106765 0.045076 0.998927 -0.373899
0.992968 0.11631 -0.0220557 -203.949 -0.117172 0.992184 -0.0429064 2.28777 0.0168928 0.045189 0.998836 -0.446914
0.994132 0.106657 -0.0180627 -206.134 -0.107384 0.993167 -0.0456855 2.43069 0.0130666 0.0473571 0.998793 -0.53844
0.995099 0.0963458 -0.0222685 -208.339 -0.0972447 0.994305 -0.0436073 2.55267 0.0179403 0.045559 0.998801 -0.625664
0.99614 0.0857019 -0.0189791 -210.527 -0.0864528 0.995323 -0.0431039 2.64331 0.0151962 0.0445783 0.99889 -0.70769
0.997177 0.0722041 -0.0206179 -212.706 -0.0730376 0.9964 -0.043032 2.70998 0.0174366 0.0444164 0.998861 -0.783283
0.998051 0.0572765 -0.0247775 -214.878 -0.0582858 0.99741 -0.0421378 2.74954 0.0222998 0.0434998 0.998805 -0.863503
0.998866 0.0424156 -0.0216101 -217.053 -0.0432787 0.998214 -0.0411769 2.75837 0.019825 0.0420655 0.998918 -0.965266
0.999411 0.0286836 -0.0188504 -219.219 -0.029474 0.998636 -0.0430854 2.72148 0.0175888 0.0436156 0.998894 -1.06268
0.999617 0.0187548 -0.0203697 -221.399 -0.0196499 0.998808 -0.0446728 2.68687 0.0195076 0.0450559 0.998794 -1.13287
0.999774 0.0141641 -0.0158522 -223.569 -0.0148586 0.998895 -0.0445953 2.6108 0.015203 0.0448208 0.998879 -1.2221
0.99974 0.0132894 -0.0185461 -225.748 -0.0141254 0.998855 -0.0457007 2.54757 0.0179175 0.0459508 0.998783 -1.30409
0.999631 0.0175258 -0.0207632 -227.925 -0.0185684 0.998519 -0.0511385 2.47286 0.0198362 0.0515052 0.998476 -1.3925
0.999457 0.0264988 -0.0195831 -230.098 -0.0275361 0.99812 -0.054751 2.41057 0.0180955 0.0552606 0.998308 -1.49323
0.999173 0.0358088 -0.0192547 -232.274 -0.0368349 0.997757 -0.0558837 2.38957 0.0172104 0.0565468 0.998252 -1.57705
0.998786 0.0472468 -0.0139231 -234.447 -0.0479395 0.99736 -0.0545339 2.40434 0.0113098 0.0551352 0.998415 -1.65081
0.998095 0.0595027 -0.0163108 -236.601 -0.0602803 0.996812 -0.052264 2.44354 0.013149 0.0531477 0.9985 -1.71519
0.99712 0.0739777 -0.0167063 -238.77 -0.0747026 0.996049 -0.04801 2.51366 0.0130887 0.0491198 0.998707 -1.79642
0.996016 0.088186 -0.0132378 -240.907 -0.0887118 0.99497 -0.0465311 2.60783 0.00906786 0.0475201 0.998829 -1.87876
0.994864 0.10042 -0.0127045 -243.036 -0.100878 0.993971 -0.042956 2.73032 0.00831423 0.0440171 0.998996 -1.94115
0.993555 0.112352 -0.0149851 -245.169 -0.112894 0.992707 -0.0422699 2.88529 0.0101267 0.0436892 0.998994 -2.00523
0.992167 0.124003 -0.0150624 -247.264 -0.124551 0.991251 -0.0436932 3.03235 0.00951253 0.045227 0.998932 -2.06864
0.990639 0.136002 -0.0117085 -249.377 -0.13639 0.989674 -0.0440781 3.25689 0.00559287 0.0452624 0.99896 -2.12972
0.988528 0.150636 -0.0109793 -251.473 -0.15099 0.98741 -0.0471593 3.45755 0.0037372 0.0482761 0.998827 -2.19088
0.986272 0.164932 -0.00805969 -253.568 -0.165129 0.98509 -0.0482788 3.70336 -2.31991e-05 0.048947 0.998802 -2.24422
0.983848 0.178753 -0.00949899 -255.655 -0.179005 0.982485 -0.0517797 3.97917 7.68414e-05 0.0526437 0.998614 -2.2994
0.981181 0.192863 -0.00938288 -257.744 -0.193089 0.979809 -0.0518745 4.28465 -0.000811228 0.05271 0.99861 -2.3351
0.978115 0.207944 -0.00712878 -259.798 -0.208026 0.976686 -0.0530125 4.62578 -0.00406104 0.0533353 0.998569 -2.3761
0.974843 0.222729 -0.00848199 -261.866 -0.222867 0.973484 -0.0515688 4.99024 -0.00322878 0.0521619 0.998634 -2.41666
0.971511 0.236782 -0.0100309 -263.932 -0.236984 0.970209 -0.0503209 5.38543 -0.00218302 0.0512645 0.998683 -2.45883
0.968003 0.250856 -0.00634837 -265.961 -0.250845 0.966659 -0.0514458 5.81361 -0.00676878 0.0513922 0.998656 -2.48735
0.964596 0.263661 -0.00611079 -267.965 -0.263608 0.963172 -0.0530048 6.25002 -0.00808955 0.0527391 0.998576 -2.52081
0.961192 0.275839 -0.00471184 -269.964 -0.275693 0.959778 -0.0530966 6.72825 -0.0101238 0.0523351 0.998578 -2.5474
0.957993 0.286763 -0.00410788 -271.923 -0.286567 0.956573 -0.0533603 7.2167 -0.0113722 0.052296 0.998567 -2.56789
0.955389 0.295339 -0.00247025 -273.889 -0.29503 0.953936 -0.0544389 7.73046 -0.0137214 0.0527392 0.998514 -2.57926
0.95331 0.301991 -0.00113139 -275.83 -0.301618 0.951931 -0.0534186 8.26372 -0.015055 0.0512657 0.998572 -2.59086
0.952399 0.304841 -0.00268361 -277.739 -0.304547 0.951011 -0.0531783 8.77461 -0.0136588 0.0514643 0.998582 -2.61853
0.952101 0.305778 -0.00151586 -279.643 -0.305415 0.950705 -0.0536835 9.29286 -0.0149741 0.0515752 0.998557 -2.63407
0.952433 0.304745 0.00102736 -281.521 -0.304248 0.95106 -0.0540227 9.80192 -0.0174402 0.0511404 0.998539 -2.64729
0.953215 0.30229 0.00140258 -283.375 -0.301775 0.951842 -0.054124 10.2922 -0.0176962 0.0511686 0.998533 -2.64148
0.954424 0.298427 0.00395436 -285.198 -0.297773 0.953059 -0.0548603 10.7783 -0.0201405 0.0511825 0.998486 -2.64374
0.954988 0.29664 0.00141295 -286.993 -0.296057 0.953389 -0.0582985 11.2414 -0.0186408 0.0552561 0.998298 -2.6553
0.954832 0.297111 0.00452226 -288.739 -0.296337 0.953248 -0.0591762 11.6934 -0.0218927 0.0551632 0.998237 -2.65859
0.95416 0.299274 0.00360799 -290.444 -0.298487 0.9524 -0.0619662 12.1325 -0.0219811 0.0580488 0.998072 -2.65302
0.952565 0.304323 0.00247051 -292.114 -0.303576 0.950738 -0.0627658 12.5799 -0.0214499 0.0590386 0.998025 -2.65596
0.950824 0.309701 0.00425835 -293.725 -0.308828 0.949015 -0.0632154 13.0338 -0.0236191 0.0587917 0.997991 -2.65781
0.948564 0.316545 0.00507904 -295.294 -0.315582 0.946712 -0.0643806 13.4705 -0.0251877 0.0594663 0.997913 -2.64906
0.947106 0.320873 0.00542522 -296.065 -0.319862 0.945224 -0.0651115 13.6898 -0.0260206 0.0599322 0.997863 -2.64346
