1 0 0 0 0 1 0 0 0 0 1 0
0.999994 -0.00328477 0.000587117 0.0948933 0.00328476 0.999995 1.86205e-05 -0.0327401 -0.000587175 -1.66918e-05 1 0.00320869
0.999986 -0.00527151 0.000128875 0.181678 0.00527151 0.999986 9.36119e-06 -0.0514508 -0.000128922 -8.68169e-06 1 0.00439779
0.999975 -0.00708266 -0.000533464 0.273287 0.00708235 0.999975 -0.000581714 -0.0717681 0.00053757 0.000577922 1 0.0149731
0.999991 -0.00408777 0.00145974 0.538302 0.00408777 0.999992 -9.94976e-07 -0.0286532 -0.00145972 6.9621e-06 0.999999 0.0089021
0.999984 -0.00496464 0.00280377 0.806944 0.00497399 0.999982 -0.00333868 -0.0774217 -0.00278714 0.00335257 0.999991 0.0215705
0.999991 -0.00329908 0.00285566 1.05349 0.00330982 0.999988 -0.00376515 -0.0823429 -0.0028432 0.00377457 0.999989 0.0308235
0.999997 -0.00054133 0.00258353 1.30228 0.000552266 0.999991 -0.00423428 -0.0837466 -0.00258122 0.00423569 0.999988 0.0452497
0.999995 0.000622712 0.00312698 1.56346 -0.000610668 0.999992 -0.00385107 -0.0896394 -0.00312936 0.00384914 0.999988 0.0458031
0.999995 0.000306077 0.00303707 1.80712 -0.000292877 0.999991 -0.00434592 -0.121427 -0.00303837 0.00434501 0.999986 0.0325912
0.999998 -0.000688013 0.0018812 2.01713 0.000696931 0.999988 -0.00474433 -0.150747 -0.00187791 0.00474563 0.999987 0.0228065
0.999995 0.00140444 0.00300674 2.26181 -0.00139189 0.99999 -0.00417282 -0.14329 -0.00301257 0.00416861 0.999987 0.0266343
0.999997 -0.000321033 0.00245491 2.4846 0.000329348 0.999994 -0.0033877 -0.175173 -0.00245381 0.0033885 0.999991 0.00947476
0.999987 0.00409428 0.00322287 2.71869 -0.00408299 0.999985 -0.00350304 -0.12834 -0.00323716 0.00348984 0.999989 0.00549094
0.999983 0.00529339 0.00243078 2.9305 -0.00528375 0.999978 -0.00395583 -0.0985492 -0.00245166 0.00394292 0.999989 0.00675519
0.999994 0.00171263 0.00305864 3.15928 -0.00169752 0.999986 -0.00493364 -0.129706 -0.00306705 0.00492842 0.999983 0.0110365
0.999995 0.00164442 0.00268513 3.35134 -0.00163246 0.999989 -0.00444983 -0.0941488 -0.00269241 0.00444543 0.999987 0.000661376
0.999994 -0.000825246 0.00330438 3.54509 0.000837476 0.999993 -0.00370182 -0.068997 -0.0033013 0.00370456 0.999988 -0.00214238
0.999983 -0.00495844 0.003179 3.73146 0.00496921 0.999982 -0.00338685 -0.0506231 -0.00316215 0.00340259 0.999989 -0.0130512
0.999954 -0.00919509 0.00274935 3.90638 0.00920601 0.99995 -0.00398832 -0.0473938 -0.00271254 0.00401345 0.999988 -0.00986464
0.999932 -0.0113266 0.00290031 4.0719 0.0113382 0.999928 -0.00399936 -0.0219171 -0.0028548 0.00403197 0.999988 -0.0142104
0.999893 -0.0142828 0.00328649 4.25784 0.0142975 0.999888 -0.00449678 -0.015188 -0.0032219 0.00454328 0.999985 -0.00340998
0.999867 -0.0160032 0.00334249 4.39585 0.0160236 0.999852 -0.0061918 -0.00441953 -0.0032429 0.00624453 0.999975 0.0138681
0.999808 -0.0193066 0.00330747 4.53363 0.0193256 0.999796 -0.00579626 -0.0154525 -0.00319489 0.00585907 0.999978 0.00441171
0.999769 -0.0211719 0.00381417 4.66575 0.0211907 0.999763 -0.00497738 -0.0156406 -0.00370788 0.00505705 0.99998 -0.00974586
0.999713 -0.0237729 0.00305152 4.76755 0.0237914 0.999698 -0.00619173 -0.0323366 -0.0029034 0.00626255 0.999976 -0.0124933
0.999643 -0.0264912 0.00357655 4.85161 0.0265153 0.999625 -0.00687372 -0.0494261 -0.00339311 0.00696609 0.99997 -0.00469304
0.999657 -0.0260393 0.00295838 4.87024 0.0260565 0.999643 -0.00592931 -0.0383803 -0.00280293 0.00600436 0.999978 -0.00705817
0.999646 -0.0263481 0.00378235 4.88059 0.0263702 0.999635 -0.00590814 -0.0345812 -0.0036253 0.00600579 0.999975 -0.00436264
0.999625 -0.0272807 0.00245157 4.83498 0.0272978 0.999601 -0.00724206 -0.0357667 -0.00225302 0.00730627 0.999971 0.00349006
0.999595 -0.0282885 0.00319307 4.79375 0.0283129 0.999568 -0.0078667 -0.0196272 -0.00296915 0.00795392 0.999964 0.0123408
0.999578 -0.0289805 0.00229139 4.77299 0.0289988 0.999544 -0.00839915 -0.00402206 -0.00204693 0.00846205 0.999962 0.00106234
0.999566 -0.0289203 0.00561152 4.7486 0.0290141 0.999427 -0.017437 -0.0105132 -0.00510402 0.0175923 0.999832 0.0378138
0.998856 0.0464733 0.0112747 4.78741 -0.0462855 0.998794 -0.0163782 -0.0322038 -0.0120223 0.0158376 0.999802 0.0469626
0.976524 0.215383 -0.00345908 4.50607 -0.21541 0.976428 -0.0136375 -0.290837 0.000440262 0.0140624 0.999901 0.112809
0.916091 0.399289 -0.036685 4.02412 -0.399881 0.91651 -0.010228 -0.41474 0.0295382 0.0240394 0.999275 0.21722
0.818302 0.573556 -0.0376276 3.84242 -0.574287 0.818569 -0.011829 0.016748 0.0240162 0.0312887 0.999222 0.199473
0.69103 0.720696 -0.0554552 3.95001 -0.722291 0.691436 -0.0145831 0.855752 0.0278337 0.0501321 0.998355 0.241605
0.537992 0.841029 -0.0568766 4.61467 -0.842799 0.537946 -0.0174237 1.91672 0.0159427 0.0573094 0.998229 0.237535
0.365074 0.92873 -0.0646703 5.95883 -0.930926 0.364908 -0.0147788 3.12164 0.00987318 0.0655986 0.997797 0.234125
0.176111 0.981862 -0.0702345 7.97327 -0.98435 0.175203 -0.0189441 4.20319 -0.00629527 0.0724716 0.997351 0.39288
-0.0139416 0.996615 -0.081025 10.6188 -0.999605 -0.0158701 -0.0232057 4.94274 -0.024413 0.0806694 0.996442 0.623288
-0.2089 0.97428 -0.0844981 13.9784 -0.977356 -0.210973 -0.0162955 5.18286 -0.0337032 0.0791805 0.99629 0.74822
-0.38379 0.919802 -0.0816664 18.023 -0.922713 -0.385454 -0.00505648 4.58673 -0.0361296 0.073414 0.996647 0.723852
-0.532172 0.842787 -0.0806453 22.3576 -0.846004 -0.533037 0.0121907 3.01589 -0.0327127 0.0747138 0.996668 0.749788
-0.67111 0.735995 -0.0890179 26.8911 -0.740434 -0.671417 0.030936 0.514116 -0.0369994 0.0866733 0.995549 0.831574
-0.790148 0.604115 -0.103497 31.1715 -0.610445 -0.790809 0.0444771 -3.22771 -0.0549768 0.0983226 0.993635 1.02209
-0.882865 0.458256 -0.10272 34.5312 -0.466183 -0.881611 0.0737231 -7.70913 -0.0567749 0.112974 0.991974 1.18526
-0.921721 0.372404 -0.108386 37.0462 -0.382555 -0.918946 0.0958673 -12.8148 -0.0638991 0.129826 0.989476 1.46725
-0.945236 0.308469 -0.106664 38.8168 -0.320368 -0.939338 0.12251 -17.7151 -0.0624032 0.149972 0.986719 1.83026
-0.966671 0.236331 -0.0984679 39.9419 -0.249464 -0.955959 0.154633 -22.8986 -0.0575865 0.174043 0.983053 2.40305
-0.983034 0.164112 -0.081923 40.5654 -0.175866 -0.970182 0.16679 -28.2111 -0.0521078 0.178368 0.982583 3.21707
-0.990569 0.117134 -0.0710837 40.8724 -0.127939 -0.976421 0.17388 -33.9127 -0.0490403 0.181334 0.982198 4.19644
-0.995175 0.0342047 -0.0919583 40.5117 -0.0505461 -0.982048 0.181732 -40.3315 -0.0840914 0.185503 0.979039 5.17524
-0.988118 -0.0913911 -0.123576 39.1726 0.0549379 -0.960909 0.27136 -46.7963 -0.143545 0.261347 0.954512 6.70277
-0.965582 -0.224564 -0.131234 36.9584 0.16805 -0.923733 0.344205 -52.9982 -0.198521 0.310304 0.929678 8.47235
-0.940182 -0.323155 -0.107841 33.6056 0.262761 -0.889345 0.374195 -59.2123 -0.216831 0.323474 0.921058 10.3734
-0.888389 -0.451895 -0.0809695 29.2042 0.390782 -0.836913 0.383233 -65.1668 -0.240945 0.308819 0.920096 12.1292
-0.820284 -0.567656 -0.0700064 23.7348 0.491484 -0.762175 0.421346 -70.6303 -0.292537 0.311217 0.904194 13.8964
-0.746007 -0.663025 -0.0622215 17.4332 0.593701 -0.704497 0.38885 -75.821 -0.301652 0.253144 0.919197 15.3347
-0.669235 -0.741487 -0.0481932 10.5594 0.6584 -0.621808 0.424104 -80.2654 -0.344435 0.252095 0.90433 16.7451
-0.598259 -0.800345 -0.039178 2.99842 0.703667 -0.548124 0.452121 -84.1358 -0.383327 0.242917 0.891096 18.073
-0.510504 -0.857947 -0.057553 -5.23033 0.733757 -0.469547 0.491047 -87.5321 -0.448316 0.208452 0.86923 19.1331
-0.416133 -0.907879 -0.050891 -14.0131 0.752566 -0.375277 0.541121 -90.1676 -0.51037 0.186879 0.839404 20.0056
-0.315467 -0.947552 -0.0512489 -23.2314 0.783649 -0.290594 0.549045 -91.7925 -0.535141 0.133044 0.83422 20.2314
-0.222961 -0.974746 0.0126193 -32.9207 0.806539 -0.177183 0.564005 -92.492 -0.547525 0.135929 0.825675 20.6594
-0.130119 -0.989657 0.0604091 -42.897 0.82455 -0.0741723 0.560907 -92.1372 -0.550624 0.122795 0.825672 21.0123
-0.036645 -0.994538 0.097737 -52.992 0.831464 0.0239124 0.555065 -90.7571 -0.55437 0.101605 0.826045 21.1551
0.0456613 -0.993363 0.105572 -63.1749 0.862939 0.0924627 0.496777 -88.6622 -0.503242 0.0684186 0.861433 21.0261
0.161411 -0.981341 0.104481 -73.5303 0.827671 0.192271 0.527251 -85.5642 -0.537501 0.00137235 0.843262 20.0879
0.264947 -0.95705 0.117726 -83.5962 0.817812 0.28771 0.498404 -81.5972 -0.510869 -0.0357728 0.858914 18.8578
0.359353 -0.927293 0.104847 -93.6091 0.812285 0.366122 0.454035 -76.7165 -0.459411 -0.0779933 0.884793 17.2207
0.410139 -0.90563 0.107797 -103.602 0.797248 0.413413 0.439869 -71.1762 -0.442924 -0.0944667 0.891569 15.4099
0.549033 -0.832292 0.0765046 -112.469 0.758695 0.534691 0.372139 -64.4969 -0.350634 -0.146273 0.925019 13.2315
0.664565 -0.741036 0.0960158 -119.722 0.665073 0.64517 0.376076 -56.6704 -0.340632 -0.18607 0.921601 10.7871
0.758259 -0.64013 0.123599 -125.881 0.554644 0.733027 0.393754 -47.6745 -0.342655 -0.230014 0.910869 7.80375
0.839586 -0.527793 0.12857 -130.814 0.443903 0.803008 0.397655 -37.7418 -0.313122 -0.276792 0.908483 4.33078
0.906018 -0.403231 0.128592 -134.334 0.325637 0.858211 0.396781 -27.0542 -0.270353 -0.317616 0.908861 0.339084
0.94975 -0.276813 0.146114 -136.2 0.194534 0.887711 0.417284 -15.9996 -0.245216 -0.367891 0.896953 -4.21974
0.97258 -0.156156 0.172347 -136.343 0.0709168 0.904894 0.419688 -4.52683 -0.221493 -0.395957 0.891156 -9.1275
0.989023 0.000579145 0.147763 -133.984 -0.0653463 0.898608 0.433859 6.9294 -0.132529 -0.438752 0.888782 -14.397
0.973632 0.126927 0.189551 -129.975 -0.204078 0.855943 0.475094 17.9077 -0.101942 -0.50125 0.859277 -20.5108
0.949691 0.257129 0.178809 -124.215 -0.313186 0.776526 0.546738 27.863 0.00173234 -0.575232 0.817989 -27.0303
0.884953 0.431834 0.174294 -116.578 -0.430087 0.614392 0.661474 35.6404 0.178562 -0.660335 0.729433 -34.0617
0.753569 0.613089 0.237183 -107.121 -0.556949 0.403781 0.725789 40.8774 0.349203 -0.67903 0.645736 -41.2106
0.530813 0.782164 0.326277 -95.8026 -0.640397 0.118022 0.758922 42.532 0.555094 -0.611792 0.563544 -47.3647
0.263866 0.876658 0.402301 -83.7783 -0.708037 -0.107198 0.697992 41.3118 0.655026 -0.46902 0.59242 -51.2665
0.00138142 0.8803 0.474416 -71.5947 -0.696518 -0.339565 0.632106 36.8207 0.717538 -0.331312 0.612676 -53.0493
-0.249291 0.813651 0.525191 -60.2994 -0.621876 -0.550223 0.557247 29.664 0.742377 -0.187687 0.643156 -52.7449
-0.458452 0.697065 0.551291 -50.8343 -0.496583 -0.715373 0.491575 20.5174 0.737039 -0.0483982 0.674115 -50.6382
-0.618983 0.550047 0.560632 -43.5258 -0.342143 -0.831366 0.437914 9.86222 0.706964 0.0792451 0.702796 -46.6168
-0.706643 0.371279 0.602335 -38.5847 -0.163963 -0.914025 0.371046 -1.63326 0.688311 0.163437 0.706765 -41.5133
-0.763535 0.178531 0.620597 -36.182 0.0222318 -0.953188 0.301562 -13.7581 0.645383 0.24405 0.723823 -35.2992
-0.786424 -0.0253951 0.617165 -36.5732 0.211757 -0.949691 0.230753 -25.9351 0.580255 0.312158 0.752237 -28.1796
-0.773331 -0.24887 0.583115 -40.0767 0.397108 -0.907109 0.139498 -37.5026 0.494232 0.339438 0.800323 -20.7208
-0.707522 -0.45476 0.540931 -46.4875 0.576455 -0.814167 0.0695171 -47.7849 0.408794 0.361007 0.838189 -12.9967
-0.645531 -0.627175 0.435823 -55.5254 0.724703 -0.683109 0.0903777 -55.8492 0.241032 0.374184 0.895483 -5.22111
-0.477579 -0.784249 0.396069 -66.4851 0.862665 -0.504011 0.0422142 -61.5955 0.166517 0.361836 0.91725 2.24853
-0.281018 -0.903612 0.323286 -79.0546 0.957152 -0.288436 0.0258035 -64.2447 0.0699308 0.316684 0.94595 8.99424
-0.0523001 -0.95358 0.296563 -92.2393 0.998605 -0.047784 0.0224605 -63.6814 -0.00724705 0.297324 0.954749 15.2359
0.207642 -0.950693 0.230365 -105.153 0.975696 0.218142 0.0207943 -59.37 -0.0700215 0.220449 0.972882 20.2817
0.452915 -0.865817 0.212669 -116.64 0.88291 0.468713 0.0279113 -51.638 -0.123847 0.175126 0.976726 24.5889
0.68172 -0.7068 0.188921 -125.735 0.715676 0.697858 0.028345 -40.7575 -0.151874 0.115882 0.981583 28.0155
0.85841 -0.487182 0.16058 -131.544 0.489862 0.871436 0.0251936 -27.6003 -0.152209 0.0570355 0.986701 30.5974
0.969257 -0.22318 0.103596 -133.665 0.218777 0.974377 0.0522215 -13.0883 -0.112597 -0.0279517 0.993248 31.9991
0.995998 0.0732947 0.0511383 -131.645 -0.0789384 0.989771 0.118836 1.67987 -0.0419051 -0.122397 0.991596 32.0599
0.930467 0.364577 0.0362696 -125.376 -0.364336 0.910299 0.196509 15.2364 0.0386264 -0.196059 0.979831 31.0577
0.780399 0.623659 0.0450184 -115.339 -0.613941 0.750603 0.244279 26.3212 0.118556 -0.218274 0.968659 29.7742
0.561426 0.824573 0.0698596 -102.47 -0.802118 0.521485 0.290964 33.9039 0.20349 -0.21939 0.95418 28.5329
0.291264 0.951723 0.0968923 -87.9366 -0.909189 0.243888 0.337483 37.368 0.29756 -0.18639 0.936332 27.827
-0.00350118 0.98625 0.165222 -73.1093 -0.924669 -0.0661038 0.374991 36.3335 0.380757 -0.151463 0.912186 27.6663
-0.298984 0.926266 0.229434 -59.2943 -0.853005 -0.367201 0.370872 31.008 0.427775 -0.0848231 0.899897 28.478
-0.562995 0.773381 0.291409 -47.7873 -0.693624 -0.633872 0.342189 21.8387 0.449359 -0.00947721 0.893301 30.3908
-0.762431 0.540405 0.355895 -39.7339 -0.451654 -0.838314 0.305352 9.85549 0.463366 0.0720688 0.883232 33.4556
-0.898779 0.246989 0.362205 -35.9996 -0.166143 -0.956464 0.239945 -3.46594 0.405699 0.15548 0.900685 37.5058
-0.936236 -0.0718162 0.343953 -36.875 0.141941 -0.972765 0.183251 -16.9296 0.321425 0.220388 0.920932 42.3792
-0.862782 -0.38747 0.324769 -42.192 0.449046 -0.882456 0.140107 -29.1277 0.232306 0.266718 0.935358 47.6881
-0.689925 -0.665462 0.284892 -51.3839 0.71398 -0.690443 0.116287 -38.6384 0.119317 0.283636 0.95148 53.0076
-0.451727 -0.857782 0.245261 -63.5501 0.892143 -0.435869 0.118746 -44.2237 0.00504288 0.272449 0.962157 57.9152
-0.158867 -0.964419 0.211324 -77.1949 0.981661 -0.131452 0.138069 -45.5517 -0.105377 0.229383 0.967615 62.1192
0.155705 -0.971202 0.180337 -90.8704 0.966863 0.187235 0.17355 -42.3927 -0.202318 0.147339 0.968173 65.0546
0.456149 -0.870874 0.183047 -103.026 0.83947 0.48936 0.23626 -35.1012 -0.295328 0.0458923 0.954293 66.4358
0.71 -0.67322 0.206581 -112.348 0.614345 0.735543 0.285584 -24.4236 -0.34421 -0.0758533 0.935824 66.0253
0.883588 -0.412863 0.220943 -117.836 0.33386 0.886288 0.320987 -11.3853 -0.328342 -0.209857 0.920951 63.6082
0.958523 -0.112608 0.261826 -118.879 0.0212726 0.944345 0.328271 2.31644 -0.28422 -0.309086 0.907571 59.6642
0.935037 0.186841 0.301324 -115.796 -0.287163 0.897563 0.334544 15.1138 -0.20795 -0.39934 0.892908 54.5121
