1 0 0 0 0 1 0 0 0 0 1 0
1 -2.5308e-05 0.000620508 -0.0351787 2.50227e-05 1 0.000459885 -0.0222601 -0.000620519 -0.000459869 1 -0.0106786
1 0.000197553 0.000763954 -0.0647251 -0.000197584 1 4.05302e-05 -0.0170297 -0.000763946 -4.06811e-05 1 -0.0205853
0.999999 0.000309082 0.0011916 -0.0957312 -0.000309231 1 0.000125127 -0.0219683 -0.00119156 -0.000125495 0.999999 -0.0378106
0.999999 0.000573317 0.00124183 -0.108217 -0.000573462 1 0.00011575 -0.0236279 -0.00124176 -0.000116462 0.999999 -0.0440382
0.999999 0.000507094 0.00147349 -0.123278 -0.00050661 1 -0.000328478 -0.013824 -0.00147366 0.000327731 0.999999 -0.0507281
0.999999 0.000579983 0.00125254 -0.140064 -0.000579602 1 -0.000303889 -0.0162455 -0.00125271 0.000303163 0.999999 -0.05206
0.999999 0.000676919 0.00133184 -0.139477 -0.000676626 1 -0.000220834 -0.0185431 -0.00133199 0.000219932 0.999999 -0.0560697
0.999998 0.000408229 0.00197859 -0.133855 -0.000407978 1 -0.000127361 -0.022545 -0.00197864 0.000126554 0.999998 -0.0639753
0.999998 0.000680147 0.00190236 -0.134696 -0.00068065 1 0.000263572 -0.0242395 -0.00190218 -0.000264867 0.999998 -0.0706538
0.999996 0.0007814 0.00277219 -0.126281 -0.000781681 1 0.000100588 -0.0233908 -0.00277211 -0.000102754 0.999996 -0.0668896
0.999994 0.000980152 0.0034368 -0.141787 -0.000980106 0.999999 -1.50015e-05 -0.0148689 -0.00343682 1.16329e-05 0.999994 -0.0660812
0.999991 0.00118062 0.00408355 -0.18585 -0.00117998 0.999999 -0.000158619 -0.0173787 -0.00408373 0.000153799 0.999992 -0.0710321
0.999974 0.00142648 0.00701481 -0.296935 -0.00142396 0.999999 -0.000364124 -0.028543 -0.00701532 0.000354125 0.999975 -0.0956679
0.999957 0.0020897 0.00908887 -0.474352 -0.00208603 0.999998 -0.00041316 -0.0354908 -0.00908971 0.000394182 0.999959 -0.101279
0.999952 0.00232087 0.00947971 -0.762702 -0.00231516 0.999997 -0.000613224 -0.052351 -0.00948111 0.000591248 0.999955 -0.0949344
0.999953 0.000916976 0.00961181 -1.14848 -0.000905402 0.999999 -0.00120843 -0.0697017 -0.00961291 0.00119967 0.999953 -0.108022
0.999944 -0.00181176 0.0103985 -1.66255 0.00183244 0.999996 -0.0019791 -0.0935958 -0.0103948 0.00199805 0.999944 -0.117203
0.999915 -0.0050106 0.0120134 -2.27874 0.00502902 0.999986 -0.0015036 -0.122907 -0.0120057 0.00156389 0.999927 -0.145393
0.999893 -0.00776849 0.0123752 -2.99933 0.00783787 0.999954 -0.00556719 -0.17124 -0.0123314 0.00566359 0.999908 -0.160262
0.999829 -0.0114196 0.0145552 -3.80131 0.0115161 0.999912 -0.00656501 -0.22257 -0.014479 0.00673151 0.999873 -0.18475
0.999712 -0.0167983 0.0171562 -4.72552 0.0169327 0.999827 -0.00771886 -0.276671 -0.0170236 0.00800713 0.999823 -0.204087
0.999582 -0.0223765 0.0182932 -5.69879 0.0225463 0.999704 -0.00912926 -0.351366 -0.0180835 0.0095379 0.999791 -0.215724
0.999451 -0.0271752 0.0189287 -6.74353 0.0274038 0.999553 -0.0119263 -0.440632 -0.0185962 0.0124385 0.99975 -0.237875
0.999283 -0.0310183 0.0217017 -7.86042 0.0313836 0.999368 -0.0166987 -0.53085 -0.02117 0.0173678 0.999625 -0.254619
0.999016 -0.0333567 0.0292265 -9.04912 0.0339907 0.999191 -0.0214721 -0.632962 -0.0284867 0.0224444 0.999342 -0.273732
0.999145 -0.033515 0.0242001 -10.3491 0.0340312 0.999195 -0.021242 -0.745123 -0.0234687 0.0220474 0.999481 -0.290244
0.999421 -0.0330274 0.00823211 -11.7729 0.0332212 0.999144 -0.024642 -0.865269 -0.00741122 0.0249012 0.999662 -0.293758
0.99938 -0.0334365 0.010999 -13.2273 0.0336623 0.999212 -0.0210203 -0.968216 -0.0102874 0.0213775 0.999718 -0.303606
0.999177 -0.0332154 0.0232994 -14.7238 0.0337407 0.999177 -0.0225233 -1.0908 -0.0225321 0.0232909 0.999475 -0.337958
0.999164 -0.0336829 0.023173 -16.3487 0.0341494 0.999216 -0.0200398 -1.21089 -0.0224799 0.0208144 0.99953 -0.343104
0.999358 -0.0322213 0.0156576 -18.0496 0.0324813 0.999334 -0.016647 -1.33307 -0.0151108 0.0171449 0.999739 -0.372871
0.999372 -0.0308749 0.017373 -19.8047 0.0311333 0.999405 -0.0148062 -1.48148 -0.0169055 0.0153378 0.999739 -0.374827
0.999298 -0.0299715 0.0224846 -21.6524 0.0302911 0.999443 -0.0140117 -1.61953 -0.0220521 0.014683 0.999649 -0.384601
0.999403 -0.0284461 0.0195867 -23.5767 0.0288337 0.999388 -0.0197955 -1.77415 -0.0190116 0.0203485 0.999612 -0.395377
0.999432 -0.0281418 0.0185451 -25.5583 0.0284611 0.999447 -0.0171833 -1.92793 -0.0180513 0.0177013 0.99968 -0.407198
0.999372 -0.0262808 0.0237887 -27.593 0.0265465 0.999588 -0.0109247 -2.07347 -0.0234918 0.0115494 0.999657 -0.417508
0.999604 -0.0231209 0.0160312 -29.6854 0.0232436 0.999701 -0.00751333 -2.20282 -0.0158527 0.00788299 0.999843 -0.407336
0.999758 -0.0195886 0.0100061 -31.8168 0.0196257 0.999801 -0.00362076 -2.34257 -0.00993316 0.00381627 0.999943 -0.408602
0.99969 -0.016416 0.0187048 -33.9689 0.0163084 0.999849 0.00588502 -2.46726 -0.0187986 -0.00557814 0.999807 -0.458784
0.999722 -0.012958 0.0196784 -36.1728 0.0128008 0.999885 0.00809449 -2.61466 -0.019781 -0.00784034 0.999773 -0.430377
0.999746 -0.00982753 0.0202869 -38.4284 0.00967198 0.999923 0.00775111 -2.71317 -0.0203615 -0.00755292 0.999764 -0.417695
0.99957 -0.00900614 0.0279234 -40.6613 0.0085714 0.99984 0.0156498 -2.82884 -0.0280599 -0.0154037 0.999487 -0.419086
0.99964 -0.00713846 0.0258639 -42.9171 0.0068292 0.999904 0.0120256 -2.95676 -0.0259473 -0.0118447 0.999593 -0.397699
0.999721 -0.00692738 0.0225773 -45.1847 0.00670085 0.999926 0.0100938 -3.1079 -0.0226456 -0.0099397 0.999694 -0.376661
0.999621 -0.00605076 0.0268606 -47.4446 0.0058783 0.999961 0.0064947 -3.19863 -0.0268989 -0.00633434 0.999618 -0.353204
0.999481 -0.00836497 0.0311134 -49.7504 0.0082319 0.999956 0.00440258 -3.32862 -0.0311489 -0.00414416 0.999506 -0.38134
0.999477 -0.00968345 0.0308611 -52.0899 0.00959739 0.999949 0.00293554 -3.4873 -0.030888 -0.00263781 0.999519 -0.35702
0.999554 -0.0121488 0.0272969 -54.4707 0.011899 0.999886 0.0092929 -3.62792 -0.0274067 -0.00896394 0.999584 -0.348767
0.999168 -0.0158022 0.0376025 -56.8793 0.0153251 0.999798 0.0129431 -3.75909 -0.0377995 -0.0123561 0.999209 -0.300947
0.999097 -0.0183823 0.0382914 -59.2993 0.018286 0.999828 0.00286133 -3.96861 -0.0383375 -0.00215854 0.999262 -0.264662
0.999104 -0.0230874 0.0354699 -61.7675 0.0231955 0.999727 -0.00264028 -4.12415 -0.0353993 0.00346066 0.999367 -0.212413
0.999256 -0.0276312 0.0269177 -64.1824 0.0278201 0.99959 -0.00667085 -4.292 -0.0267224 0.00741474 0.999615 -0.161508
0.999095 -0.0310186 0.0290968 -66.4056 0.0313143 0.999462 -0.00976308 -4.48246 -0.0287783 0.0106654 0.999529 -0.0803554
0.998717 -0.0321377 0.0391203 -68.5528 0.0325242 0.999427 -0.00928368 -4.65558 -0.0387996 0.0105441 0.999191 -0.00895792
0.998649 -0.0316659 0.0411853 -70.6392 0.032039 0.999451 -0.00842995 -4.82674 -0.0408957 0.00973811 0.999116 0.0360385
0.998541 -0.0304479 0.0445892 -72.7098 0.0304793 0.999535 -2.36637e-05 -4.97942 -0.0445678 0.00138268 0.999005 0.105731
0.998292 -0.0286817 0.050893 -74.7266 0.0286354 0.999588 0.00163829 -5.12689 -0.050919 -0.000178147 0.998702 0.159337
0.998342 -0.0282086 0.0501808 -76.7305 0.0281865 0.999602 0.00114694 -5.29446 -0.0501932 0.000269397 0.998739 0.231713
0.998451 -0.0262999 0.0490347 -78.7274 0.0264984 0.999643 -0.00340233 -5.4491 -0.0489277 0.00469641 0.998791 0.278987
0.998235 -0.025399 0.0536797 -80.7452 0.025525 0.999672 -0.00166268 -5.59283 -0.0536199 0.00302993 0.998556 0.354991
0.997986 -0.0245847 0.0584736 -82.7747 0.0245534 0.999697 0.00125384 -5.73414 -0.0584868 0.000184416 0.998288 0.433589
0.997912 -0.0246996 0.0596776 -84.8315 0.0243746 0.999683 0.0061677 -5.88427 -0.059811 -0.0047002 0.998198 0.524312
0.998014 -0.0232337 0.0585419 -86.9344 0.0229283 0.999719 0.0058822 -6.02268 -0.0586621 -0.00452825 0.998267 0.566228
0.997724 -0.0229018 0.0634175 -89.0748 0.0222168 0.999687 0.0114855 -6.16451 -0.0636607 -0.0100504 0.997921 0.65022
0.997883 -0.0205442 0.0617071 -91.2839 0.0201332 0.999771 0.0072744 -6.311 -0.0618424 -0.00601663 0.998067 0.72778
0.997531 -0.0197609 0.0673886 -93.5504 0.0198151 0.999803 -0.000135057 -6.49147 -0.0673728 0.00147004 0.997726 0.845933
0.997704 -0.0181601 0.0652369 -95.8801 0.0184194 0.999824 -0.00337523 -6.63639 -0.0651642 0.00456911 0.997864 0.899697
0.997789 -0.0171138 0.0642237 -98.2592 0.0175979 0.999821 -0.00697972 -6.79928 -0.0640927 0.0080945 0.997911 0.993412
0.997934 -0.0167913 0.0620193 -100.658 0.0171419 0.99984 -0.00512587 -6.95413 -0.0619233 0.00617841 0.998061 1.08448
0.997676 -0.0163062 0.0661489 -103.092 0.0163741 0.999866 -0.000485484 -7.10383 -0.0661322 0.00156749 0.997809 1.18146
0.997899 -0.0162508 0.0627225 -105.564 0.0162097 0.999868 0.00116414 -7.25338 -0.0627332 -0.000144972 0.99803 1.29438
0.99757 -0.0163875 0.0677198 -108.056 0.0165493 0.999861 -0.00182838 -7.42814 -0.0676805 0.00294466 0.997702 1.41331
0.997307 -0.0161395 0.0715431 -110.575 0.0161485 0.999869 0.000452978 -7.578 -0.0715411 0.000703561 0.997437 1.52306
0.997632 -0.0172111 0.0665808 -113.11 0.0171047 0.999851 0.00216827 -7.7407 -0.0666082 -0.00102429 0.997778 1.63431
0.997597 -0.0192575 0.0665454 -115.679 0.0190762 0.999812 0.00335827 -7.91497 -0.0665976 -0.00208076 0.997777 1.74345
0.997638 -0.0204936 0.0655623 -118.237 0.0203418 0.999788 0.00298198 -8.07783 -0.0656096 -0.00164127 0.997844 1.89987
0.99751 -0.0230194 0.0666548 -120.809 0.0233014 0.999722 -0.00345747 -8.2838 -0.0665568 0.00500203 0.99777 2.01404
0.997533 -0.0222812 0.0665718 -123.377 0.0231567 0.999654 -0.0124084 -8.49132 -0.0662723 0.0139194 0.997704 2.12131
0.997808 -0.0233088 0.0619362 -125.958 0.0239627 0.999664 -0.00983513 -8.66847 -0.0616862 0.0112977 0.998031 2.22645
0.997772 -0.0236472 0.0623767 -128.558 0.0237895 0.999715 -0.00154006 -8.8208 -0.0623226 0.00302055 0.998051 2.31119
0.99762 -0.0216585 0.0654631 -131.112 0.0217001 0.999764 7.46544e-05 -8.99603 -0.0654493 0.00134609 0.997855 2.46337
0.997738 -0.0205705 0.0639935 -133.712 0.0200721 0.999763 0.00842124 -9.17789 -0.0641516 -0.00711771 0.997914 2.59765
0.998041 -0.0201405 0.0592192 -136.306 0.0192306 0.999688 0.0158962 -9.31481 -0.0595209 -0.0147262 0.998118 2.68059
0.99782 -0.0188789 0.063229 -138.893 0.01818 0.999767 0.0116109 -9.48119 -0.0634335 -0.0104361 0.997931 2.78211
0.997795 -0.017227 0.0640856 -141.486 0.0168939 0.99984 0.00573682 -9.67082 -0.0641742 -0.00464152 0.997928 2.9027
0.997725 -0.017304 0.065156 -144.072 0.0167958 0.999824 0.00833871 -9.82188 -0.0652889 -0.00722538 0.99784 3.03467
0.997993 -0.017997 0.060714 -146.647 0.0170686 0.999729 0.0157758 -9.96689 -0.0609815 -0.0147079 0.99803 3.12963
0.997993 -0.0181132 0.0606676 -149.23 0.017242 0.99974 0.0148537 -10.138 -0.0609209 -0.0137779 0.998047 3.24206
0.998103 -0.0177528 0.0589352 -151.792 0.0169871 0.999765 0.0134684 -10.3085 -0.0591604 -0.0124417 0.998171 3.32481
0.998026 -0.0179029 0.0601867 -154.322 0.0172169 0.99978 0.0118969 -10.4902 -0.0603865 -0.0108372 0.998116 3.43759
0.998023 -0.018089 0.0601805 -156.804 0.017474 0.999789 0.0107312 -10.6624 -0.060362 -0.00965835 0.99813 3.53444
0.998001 -0.0182888 0.0604836 -159.27 0.0175966 0.999773 0.0119571 -10.8183 -0.0606885 -0.0108689 0.998097 3.64261
0.997989 -0.0186379 0.0605769 -161.672 0.0179966 0.999776 0.0111157 -10.959 -0.0607705 -0.0100032 0.998101 3.76122
0.998076 -0.0192024 0.058937 -164.046 0.0186092 0.99977 0.0105981 -11.1165 -0.059127 -0.00948098 0.998205 3.85976
0.998158 -0.0202019 0.0571961 -166.39 0.0195186 0.999731 0.0124804 -11.2974 -0.0574328 -0.0113411 0.998285 3.96315
0.998262 -0.021141 0.0550019 -168.709 0.0204823 0.999711 0.0125123 -11.4489 -0.0552506 -0.011364 0.998407 4.06498
0.998089 -0.0225602 0.057514 -170.975 0.0218463 0.999676 0.0130114 -11.6058 -0.0577889 -0.01173 0.99826 4.14234
0.998096 -0.0238475 0.0568673 -173.177 0.0231286 0.999644 0.0132658 -11.7584 -0.0571634 -0.0119253 0.998293 4.19162
0.998073 -0.0263187 0.0561873 -175.379 0.0256167 0.999585 0.0131774 -11.9188 -0.0565108 -0.0117127 0.998333 4.28154
0.997968 -0.0271554 0.057632 -177.524 0.0265055 0.999576 0.0120116 -12.0899 -0.0579337 -0.0104597 0.998265 4.36966
0.998089 -0.0277329 0.0552125 -179.645 0.0272509 0.999583 0.00946327 -12.2471 -0.0554519 -0.0079406 0.998429 4.44493
0.99824 -0.0281971 0.0521707 -181.756 0.0278141 0.99958 0.00805284 -12.4093 -0.0523758 -0.00658758 0.998605 4.51544
0.99844 -0.0270895 0.0488196 -183.8 0.0268549 0.999624 0.00545369 -12.5588 -0.048949 -0.00413413 0.998792 4.56315
0.998683 -0.0262384 0.044081 -185.825 0.0259251 0.999634 0.00766233 -12.7023 -0.0442659 -0.00650942 0.998998 4.63819
0.998887 -0.0251832 0.0398713 -187.806 0.0248937 0.99966 0.00774012 -12.864 -0.0400526 -0.00673895 0.999174 4.69379
0.998857 -0.0246232 0.0409484 -189.768 0.0243632 0.999679 0.00683774 -13.0009 -0.0411036 -0.00583229 0.999137 4.73957
0.998953 -0.0240566 0.0388971 -191.666 0.0237946 0.999691 0.00718536 -13.1487 -0.0390579 -0.00625229 0.999217 4.78032
0.999097 -0.0235847 0.0353306 -193.568 0.0233222 0.999697 0.00782257 -13.2647 -0.0355044 -0.00699151 0.999345 4.82993
0.999128 -0.0227596 0.0349785 -195.453 0.0224532 0.999706 0.00912824 -13.4206 -0.035176 -0.0083349 0.999346 4.86042
0.999208 -0.0209737 0.0337944 -197.306 0.0206718 0.999743 0.00925704 -13.5388 -0.0339799 -0.00855112 0.999386 4.90782
0.999215 -0.0199256 0.0342271 -199.148 0.01965 0.999772 0.00837058 -13.6571 -0.0343861 -0.00769144 0.999379 4.9325
0.999382 -0.0184422 0.0299062 -200.998 0.0182743 0.999815 0.00587612 -13.7812 -0.030009 -0.00532597 0.999535 4.9741
0.999515 -0.0170419 0.0260287 -202.851 0.0169029 0.999841 0.00555058 -13.9019 -0.0261192 -0.00510793 0.999645 4.99959
0.999535 -0.0159899 0.0259325 -204.694 0.0158012 0.999847 0.0074628 -14.0186 -0.0260478 -0.00704957 0.999635 5.00805
0.999557 -0.0155267 0.0253671 -206.552 0.0152804 0.999834 0.00987445 -14.1342 -0.0255162 -0.00948245 0.999629 5.01883
0.999625 -0.0158316 0.0223219 -208.425 0.0156236 0.999833 0.00946189 -14.2605 -0.0224679 -0.00910959 0.999706 5.01522
0.999647 -0.0166639 0.020679 -210.313 0.0164451 0.999807 0.0107098 -14.375 -0.0208534 -0.0103659 0.999728 5.02487
0.999659 -0.0172015 0.0196291 -212.241 0.0169571 0.999777 0.0125486 -14.4851 -0.0198406 -0.0122114 0.999728 5.01114
0.999684 -0.0175551 0.0179659 -214.185 0.017295 0.999744 0.0145322 -14.6196 -0.0182164 -0.0142169 0.999733 5.02528
0.99973 -0.0174921 0.0152727 -216.163 0.0172134 0.999686 0.0181934 -14.7223 -0.0155861 -0.0179256 0.999717 5.01382
0.999776 -0.0172711 0.0122178 -218.161 0.0170392 0.999677 0.0188362 -14.874 -0.0125391 -0.0186238 0.999748 5
0.999807 -0.0166718 0.0103737 -220.167 0.0165053 0.999737 0.0159325 -15.0105 -0.0106366 -0.0157582 0.999819 4.99273
0.999823 -0.0181033 0.00490965 -222.213 0.0180205 0.999703 0.0164148 -15.1369 -0.00520532 -0.0163234 0.999853 4.95717
0.999818 -0.0189757 0.001225 -224.281 0.0189605 0.999755 0.0114188 -15.2888 -0.00144134 -0.0113935 0.999934 4.94003
0.9998 -0.0199643 0.000713308 -225.313 0.0199542 0.999728 0.0120307 -15.3541 -0.000953262 -0.0120141 0.999927 4.90516
