1 0 0 0 0 1 0 0 0 0 1 0
0.999988 -0.00151233 -0.00474388 -0.191459 0.00151928 0.999998 0.00146152 -0.0419814 0.00474166 -0.0014687 0.999988 0.0188296
0.999994 -0.00353505 0.000133959 -0.403727 0.00353446 0.999985 0.00419433 -0.082258 -0.000148784 -0.00419383 0.999991 0.0460721
0.999965 -0.00585199 0.0059554 -0.700017 0.00580287 0.999949 0.00823267 -0.128508 -0.00600328 -0.00819783 0.999948 0.0452283
0.999934 -0.00294014 0.0111287 -1.02308 0.0028536 0.999966 0.00778439 -0.164589 -0.0111512 -0.00775212 0.999908 0.0398762
0.999924 -0.00474582 0.0113723 -1.4065 0.00468906 0.999976 0.00501288 -0.20459 -0.0113958 -0.00495918 0.999923 0.00759013
0.999939 -0.00259291 0.0107737 -1.84228 0.00255019 0.999989 0.00397639 -0.278127 -0.0107839 -0.00394867 0.999934 0.00986038
0.999919 0.000489556 0.0127266 -2.46806 -0.0005195 0.999997 0.00234967 -0.345925 -0.0127254 -0.00235609 0.999916 0.00246545
0.999529 -0.0293006 0.00908576 -3.23377 0.0292944 0.99957 0.000822731 -0.555624 -0.00910596 -0.000556181 0.999958 -0.00900142
0.997993 -0.0622039 0.0118355 -4.28552 0.0621415 0.998052 0.00556972 -1.08654 -0.0121589 -0.00482307 0.999915 0.0120148
0.994454 -0.104037 0.0153795 -5.9465 0.103926 0.994554 0.00785612 -1.79525 -0.0161131 -0.00621421 0.999851 0.0441213
0.994365 -0.104812 0.0158906 -8.4752 0.104667 0.99446 0.00968507 -2.16716 -0.0168176 -0.00796728 0.999827 0.0436375
0.994093 -0.106362 0.0215896 -10.9779 0.10626 0.994321 0.00580963 -2.5673 -0.022085 -0.00348119 0.99975 0.0687256
0.994037 -0.106455 0.0236064 -13.4931 0.106422 0.994317 0.00263234 -3.00283 -0.0237524 -0.000104406 0.999718 0.0403212
0.993773 -0.108096 0.0270318 -16.0076 0.108092 0.994139 0.00163777 -3.36181 -0.0270504 0.00129434 0.999633 0.0234802
0.9936 -0.110277 0.0244538 -18.5615 0.110339 0.993893 -0.0012056 -3.75624 -0.0241716 0.0038961 0.9997 0.0657306
0.993302 -0.112057 0.0281718 -21.1022 0.112197 0.99368 -0.00343196 -4.16965 -0.0276091 0.00656977 0.999597 0.0930523
0.993107 -0.11303 0.0310396 -23.6588 0.113167 0.993572 -0.0027045 -4.55985 -0.0305344 0.00619852 0.999515 0.120931
0.993297 -0.113075 0.0239898 -26.2156 0.113147 0.993577 -0.00165757 -4.95606 -0.0236483 0.00436084 0.999711 0.115623
0.993123 -0.113514 0.0286725 -28.8013 0.113566 0.99353 -0.000193056 -5.38749 -0.0284651 0.00344795 0.999589 0.135093
0.993169 -0.112966 0.0292179 -31.3772 0.113062 0.993586 -0.00166902 -5.79926 -0.028842 0.00496107 0.999572 0.179328
0.993217 -0.113785 0.0239402 -34.0107 0.11391 0.993483 -0.00391478 -6.1911 -0.0233387 0.00661525 0.999706 0.165815
0.992993 -0.115192 0.0263556 -36.6313 0.115266 0.993334 -0.00130876 -6.60642 -0.0260292 0.0043375 0.999652 0.136975
0.992834 -0.116176 0.0279803 -39.2204 0.116294 0.993211 -0.00261797 -7.03213 -0.0274862 0.00585314 0.999605 0.164642
0.992702 -0.11714 0.0286588 -41.84 0.11735 0.993074 -0.00577268 -7.45176 -0.0277841 0.00909367 0.999573 0.200766
0.992618 -0.11761 0.0296058 -44.4613 0.117778 0.993032 -0.00397562 -7.89092 -0.0289319 0.00743317 0.999554 0.211848
0.993339 -0.108867 0.0377642 -46.8509 0.109015 0.994038 -0.00187362 -8.24921 -0.0373351 0.00597801 0.999285 0.259598
0.993417 -0.107843 0.0386402 -49.4752 0.107917 0.99416 0.000178194 -8.64419 -0.0384337 0.0039929 0.999253 0.27289
0.993469 -0.106856 0.0400229 -52.15 0.106961 0.994263 -0.000498552 -9.08038 -0.03974 0.0047762 0.999199 0.289873
0.993531 -0.106555 0.0392688 -54.8056 0.106614 0.9943 0.000590168 -9.4672 -0.0391079 0.00360027 0.999229 0.321974
0.99346 -0.106564 0.0410142 -57.4611 0.106525 0.994305 0.00312988 -9.87642 -0.0411142 0.00125963 0.999154 0.314958
0.993293 -0.107669 0.0421482 -60.1552 0.1076 0.994186 0.00390628 -10.3037 -0.0423237 0.000655063 0.999104 0.37789
0.993476 -0.106023 0.0420014 -62.8232 0.105874 0.994363 0.00575247 -10.6681 -0.0423746 -0.00126806 0.999101 0.432546
0.99376 -0.102571 0.043811 -65.4494 0.102284 0.994717 0.00874237 -11.0684 -0.0444762 -0.00420666 0.999002 0.487837
0.994114 -0.0991019 0.0437646 -68.1423 0.0987449 0.99506 0.0102503 -11.4725 -0.0445642 -0.00586839 0.998989 0.541919
0.994317 -0.0970618 0.0437418 -70.8043 0.0966265 0.995249 0.011965 -11.838 -0.0446953 -0.00767035 0.998971 0.578511
0.994396 -0.0957809 0.0447447 -73.4607 0.0953347 0.995373 0.0120083 -12.2131 -0.0456879 -0.00767532 0.998926 0.617677
0.994413 -0.095462 0.0450426 -76.138 0.0949268 0.995387 0.0138809 -12.5814 -0.04616 -0.00952764 0.998889 0.688435
0.994272 -0.0956722 0.0476355 -78.8191 0.0952713 0.995395 0.0106213 -12.9611 -0.0484323 -0.00602213 0.998808 0.782616
0.99423 -0.0950886 0.0496391 -81.4889 0.0948491 0.995466 0.00716439 -13.353 -0.0500953 -0.00241483 0.998742 0.862013
0.994217 -0.095178 0.0497322 -84.1527 0.0947464 0.995441 0.0109719 -13.7111 -0.0505497 -0.00619651 0.998702 0.888311
0.99422 -0.0951923 0.0496454 -86.8044 0.0946699 0.995427 0.0127765 -14.0647 -0.0506346 -0.00800269 0.998685 0.941637
0.994156 -0.0960738 0.0492314 -89.4997 0.0954335 0.99532 0.0152028 -14.4453 -0.0504616 -0.0104156 0.998672 1.01304
0.993992 -0.09672 0.0512355 -92.1849 0.0958934 0.995222 0.0183599 -14.8045 -0.0527665 -0.0133365 0.998518 1.08007
0.994005 -0.096346 0.0516818 -94.8304 0.0954548 0.995244 0.0194499 -15.1737 -0.0533099 -0.0144 0.998474 1.18396
0.994085 -0.0954957 0.0517149 -97.4834 0.0945077 0.995298 0.0212297 -15.5626 -0.0534991 -0.0162166 0.998436 1.281
0.994028 -0.095126 0.0534654 -100.107 0.0940238 0.99531 0.0227723 -15.8873 -0.0553809 -0.0176092 0.99831 1.39102
0.99408 -0.0954476 0.051898 -102.838 0.0942509 0.995234 0.0250435 -16.2723 -0.054041 -0.0200038 0.998338 1.44771
0.994073 -0.0953189 0.0522799 -105.523 0.0940176 0.99521 0.0268152 -16.6422 -0.0545855 -0.021741 0.998272 1.5006
0.994054 -0.0953669 0.0525557 -108.189 0.0939429 0.995157 0.0289342 -17.0235 -0.0550606 -0.0238249 0.998199 1.5957
0.99399 -0.0961427 0.0523444 -110.851 0.0946001 0.995027 0.0311951 -17.3884 -0.0550833 -0.0260559 0.998142 1.69088
0.993954 -0.0962407 0.0528423 -113.516 0.0946232 0.994989 0.0323073 -17.7443 -0.0556868 -0.0271119 0.99808 1.77672
0.993948 -0.0954659 0.0543345 -116.167 0.0936518 0.994989 0.0350144 -18.1071 -0.0574049 -0.029714 0.997909 1.86221
0.994051 -0.095482 0.0523903 -118.865 0.0935716 0.994895 0.0377857 -18.4743 -0.0557308 -0.0326587 0.997912 1.94832
0.994025 -0.0949991 0.0537425 -121.585 0.0929436 0.994886 0.0395385 -18.8358 -0.0572238 -0.0343072 0.997772 2.06745
0.994112 -0.0953277 0.0515078 -124.198 0.0931832 0.99474 0.042551 -19.2145 -0.0552931 -0.0375008 0.997766 2.15804
0.994567 -0.0950925 0.042354 -126.884 0.0933138 0.994744 0.0421649 -19.5667 -0.046141 -0.0379836 0.998213 2.29141
0.994436 -0.0942661 0.0470161 -129.492 0.0922764 0.994812 0.0428374 -19.9243 -0.0508103 -0.0382606 0.997975 2.33435
0.99454 -0.0934287 0.0464774 -132.044 0.0914307 0.994865 0.0434062 -20.3118 -0.0502941 -0.0389198 0.997976 2.46465
0.994447 -0.0931108 0.0490446 -134.489 0.0908727 0.994798 0.0460448 -20.6714 -0.0530767 -0.0413323 0.997735 2.5583
0.994308 -0.0933946 0.0512644 -136.922 0.0910702 0.994784 0.0459487 -20.9911 -0.0552883 -0.0410185 0.997627 2.6572
0.994023 -0.094065 0.0554013 -139.373 0.0917771 0.994873 0.042492 -21.327 -0.0591142 -0.0371535 0.99756 2.74657
0.993895 -0.0945665 0.0568177 -141.779 0.0923076 0.99488 0.0411525 -21.6754 -0.0604184 -0.0356566 0.997536 2.84447
0.99382 -0.094516 0.058207 -144.153 0.092282 0.994932 0.0399462 -21.9942 -0.0616876 -0.0343279 0.997505 2.91257
0.993672 -0.0947076 0.0603809 -146.506 0.0923307 0.994884 0.0410151 -22.33 -0.0639564 -0.0351805 0.997332 3.05783
0.993406 -0.095828 0.0629244 -148.834 0.0934109 0.994812 0.0402971 -22.6876 -0.0664596 -0.0341536 0.997204 3.18862
0.993317 -0.0973259 0.0620253 -151.175 0.0948719 0.99463 0.0413588 -22.9975 -0.0657176 -0.035198 0.997217 3.30034
0.993091 -0.0996962 0.0618815 -153.479 0.0972268 0.994388 0.0417176 -23.3293 -0.0656933 -0.0354129 0.997211 3.44644
0.99243 -0.101454 0.0691946 -155.842 0.0985555 0.994154 0.0440955 -23.6524 -0.0732638 -0.0369422 0.996628 3.53826
0.992332 -0.102071 0.0696901 -158.165 0.0990924 0.994063 0.0449399 -24.0092 -0.0738634 -0.0376896 0.996556 3.66389
0.992556 -0.10096 0.0681003 -160.553 0.0979738 0.994132 0.0458519 -24.3527 -0.0723299 -0.0388386 0.996624 3.7761
0.992562 -0.0990657 0.0707478 -162.945 0.0960791 0.994381 0.0444454 -24.696 -0.0747533 -0.0373174 0.996504 3.91545
0.99238 -0.0966833 0.076379 -165.395 0.0935115 0.994642 0.0440734 -25.0636 -0.0802309 -0.0365953 0.996104 4.10183
0.992613 -0.0942992 0.0763306 -167.87 0.0914025 0.994986 0.0406001 -25.4223 -0.0797764 -0.0333234 0.996256 4.24109
0.992746 -0.0920586 0.0773263 -170.391 0.0894236 0.995311 0.0368812 -25.773 -0.080359 -0.0296989 0.996323 4.37504
0.993131 -0.0893014 0.0755973 -172.917 0.0866636 0.995532 0.0374871 -26.1003 -0.0786072 -0.0306781 0.996433 4.53146
0.99352 -0.0864241 0.0738098 -175.442 0.0837616 0.995744 0.038442 -26.4361 -0.0768179 -0.0320105 0.996531 4.69673
0.993872 -0.0829949 0.0730003 -177.999 0.0803198 0.996012 0.0388513 -26.7616 -0.0759336 -0.0327499 0.996575 4.83939
0.994139 -0.080298 0.0723703 -180.598 0.0774496 0.996139 0.0413447 -27.0954 -0.0754107 -0.0354974 0.99652 4.95573
0.994267 -0.0803215 0.0705728 -183.203 0.0773375 0.996032 0.0440472 -27.4132 -0.0738306 -0.0383368 0.996534 5.10624
0.99394 -0.0827142 0.072393 -185.84 0.0795323 0.99578 0.0457885 -27.7421 -0.0758749 -0.0397535 0.996325 5.2616
0.99344 -0.0867109 0.0745489 -188.449 0.0835952 0.99553 0.04395 -28.1022 -0.0780266 -0.0374298 0.996248 5.42491
0.992667 -0.0932052 0.0769706 -191.053 0.0899629 0.994947 0.044574 -28.451 -0.0807362 -0.0373226 0.996036 5.57886
0.992274 -0.100469 0.0727833 -193.692 0.0974403 0.994267 0.0440365 -28.8255 -0.0767902 -0.0366043 0.996375 5.73482
0.991491 -0.106787 0.0744296 -196.319 0.103704 0.993629 0.0441306 -29.1917 -0.0786679 -0.0360365 0.996249 5.90541
0.991079 -0.111408 0.073138 -198.945 0.108429 0.993151 0.0435247 -29.6142 -0.077486 -0.0352062 0.996372 6.05766
0.990571 -0.114257 0.075582 -201.568 0.111303 0.992889 0.0422224 -30.0667 -0.0798688 -0.0334119 0.996245 6.23454
0.990202 -0.116243 0.0773647 -204.18 0.113325 0.992707 0.0411127 -30.5054 -0.0815796 -0.0319426 0.996155 6.40066
0.990129 -0.117242 0.0767928 -206.798 0.1146 0.992686 0.0379615 -30.9293 -0.0806818 -0.0287863 0.996324 6.56325
0.990536 -0.116198 0.0730389 -209.4 0.113762 0.992831 0.0366821 -31.3587 -0.0767776 -0.0280259 0.996654 6.70889
0.990669 -0.114173 0.0744234 -211.957 0.111571 0.99302 0.0382469 -31.7574 -0.0782707 -0.0295865 0.996493 6.8823
0.990901 -0.11057 0.0767359 -214.519 0.107797 0.993392 0.0393958 -32.1607 -0.0805848 -0.0307655 0.996273 7.05034
0.991568 -0.106041 0.0744792 -217.065 0.10334 0.993872 0.0392445 -32.5679 -0.0781843 -0.031217 0.99645 7.20047
0.992063 -0.102328 0.0730712 -219.576 0.0995404 0.994195 0.0408367 -32.941 -0.0768258 -0.0332391 0.99649 7.36006
0.99241 -0.0982052 0.0740046 -222.089 0.095475 0.994645 0.0395766 -33.2981 -0.0774949 -0.0322107 0.996472 7.51284
0.992742 -0.094104 0.0748738 -224.6 0.0914106 0.995064 0.0386279 -33.6555 -0.0781392 -0.0315033 0.996445 7.65009
0.993248 -0.090812 0.0721877 -227.097 0.0881653 0.99534 0.0390471 -34.0037 -0.0753972 -0.032419 0.996626 7.81743
0.993282 -0.0885386 0.0745077 -229.589 0.0856524 0.995478 0.0410858 -34.3424 -0.0778084 -0.0344281 0.996374 7.9623
0.993159 -0.0864592 0.0784788 -232.091 0.0834441 0.995672 0.0409245 -34.6696 -0.0816774 -0.034096 0.996075 8.13052
0.993278 -0.0847941 0.0787943 -234.594 0.0817046 0.995786 0.0416449 -35.0083 -0.0819934 -0.0349271 0.996021 8.29068
0.993485 -0.0830746 0.0780106 -237.097 0.0800294 0.995933 0.0413877 -35.3207 -0.0811315 -0.0348749 0.996093 8.45543
0.993545 -0.0817356 0.0786561 -239.623 0.0786922 0.996054 0.0410496 -35.6658 -0.0817009 -0.034595 0.996056 8.61771
0.993706 -0.0800336 0.078367 -242.175 0.0771356 0.996244 0.0393381 -35.9972 -0.081221 -0.0330456 0.996148 8.76683
0.993661 -0.0788119 0.0801532 -244.745 0.0759068 0.996365 0.0386721 -36.3037 -0.0829096 -0.0323428 0.996032 8.91949
0.993627 -0.0782569 0.0811121 -247.303 0.0752929 0.996399 0.0389821 -36.6482 -0.0838707 -0.0326265 0.995942 9.07213
0.993617 -0.0782201 0.081268 -249.881 0.0753547 0.996442 0.0377515 -36.9468 -0.0839318 -0.0313866 0.995977 9.24037
0.993555 -0.0784318 0.0818218 -252.481 0.0756223 0.996454 0.0368921 -37.2749 -0.0844251 -0.0304668 0.995964 9.40915
0.993559 -0.0786136 0.0816034 -255.09 0.0757173 0.996405 0.0380046 -37.6022 -0.0842977 -0.031581 0.99594 9.58187
0.99339 -0.0785768 0.0836663 -257.695 0.0756809 0.996436 0.0372436 -37.9289 -0.0862946 -0.0306655 0.995797 9.76384
0.993477 -0.0780412 0.0831363 -260.321 0.0750304 0.996428 0.0387481 -38.2479 -0.0858632 -0.0322576 0.995784 9.92902
0.993381 -0.0779593 0.0843509 -262.941 0.0747121 0.996362 0.0409959 -38.5521 -0.08724 -0.0344226 0.995592 10.1218
0.993496 -0.0771756 0.0837132 -265.589 0.073921 0.996408 0.0413097 -38.8837 -0.0866006 -0.0348529 0.995633 10.2938
0.993558 -0.0763478 0.0837323 -268.228 0.0730957 0.996472 0.0412449 -39.2372 -0.0865858 -0.0348587 0.995634 10.4897
0.993372 -0.0758937 0.0863117 -270.877 0.0724274 0.996463 0.0426102 -39.5497 -0.0892403 -0.0360765 0.995356 10.667
0.993377 -0.0753337 0.0867485 -273.509 0.0718294 0.996497 0.042837 -39.8373 -0.0896717 -0.0363222 0.995309 10.83
0.993203 -0.0749408 0.0890453 -276.156 0.0713216 0.996519 0.0431585 -40.1632 -0.0919696 -0.0365143 0.995092 11.0019
0.993236 -0.0742291 0.0892811 -278.808 0.0705891 0.996567 0.0432635 -40.4814 -0.092186 -0.0366686 0.995066 11.2073
0.993299 -0.0732417 0.0893949 -281.483 0.0696085 0.996643 0.0431089 -40.7932 -0.0922521 -0.0365974 0.995063 11.4183
0.993665 -0.0716575 0.086568 -284.151 0.0682028 0.996777 0.0422302 -41.0981 -0.0893151 -0.0360585 0.99535 11.6493
0.993888 -0.0685585 0.0865182 -286.798 0.0650322 0.996959 0.042942 -41.3852 -0.0891991 -0.0370531 0.995324 11.8026
0.993954 -0.0657062 0.0879541 -289.482 0.0619547 0.997076 0.0447266 -41.6873 -0.0906357 -0.039007 0.99512 12.008
0.994077 -0.0622172 0.0890958 -292.173 0.0586356 0.997384 0.0422693 -41.9801 -0.0914925 -0.0367948 0.995126 12.1948
0.993805 -0.0611237 0.0928097 -294.852 0.0573916 0.997453 0.0423647 -42.2574 -0.0951627 -0.0367758 0.994782 12.4079
0.994122 -0.0616009 0.0890244 -297.532 0.0581908 0.997488 0.0404088 -42.5306 -0.0912898 -0.0349909 0.995209 12.631
0.993848 -0.0636676 0.0906094 -300.188 0.0600585 0.99731 0.0420179 -42.8089 -0.0930408 -0.0363176 0.995 12.7994
0.993544 -0.0652709 0.0927788 -301.535 0.0615099 0.997187 0.0428378 -42.9511 -0.0953138 -0.0368544 0.994765 12.9172
