1 0 0 0 0 1 0 0 0 0 1 0
0.999998 0.00201679 -0.000187126 -1.45771 -0.0020167 0.999998 0.000507909 -0.0645183 0.00018815 -0.000507531 1 -0.0249558
0.999995 0.00309018 0.000495217 -2.8177 -0.00308955 0.999994 -0.00127757 -0.150061 -0.000499162 0.00127604 0.999999 -0.00493426
0.999998 0.000735173 0.00185701 -4.12738 -0.000736156 1 0.000528889 -0.210368 -0.00185662 -0.000530255 0.999998 -0.0430312
0.999995 -0.00213589 0.00236422 -5.35297 0.00213559 0.999998 0.000128027 -0.279436 -0.00236449 -0.000122977 0.999997 -0.0519481
0.999969 -0.00453728 0.00635387 -6.52861 0.00452635 0.999988 0.00173245 -0.341486 -0.00636166 -0.00170364 0.999978 -0.0681768
0.999947 -0.00502334 0.00900187 -7.66178 0.00502995 0.999987 -0.000710978 -0.395411 -0.00899819 0.000756219 0.999959 -0.0841448
0.999935 -0.00435217 0.0105158 -8.77919 0.00434569 0.99999 0.000638852 -0.471059 -0.0105185 -0.000593112 0.999944 -0.0973892
0.999919 -0.00499911 0.0117452 -9.87803 0.00498667 0.999987 0.00108835 -0.507911 -0.0117505 -0.0010297 0.99993 -0.0976714
0.999882 -0.00809344 0.0130469 -10.9538 0.00811114 0.999966 -0.00130402 -0.573703 -0.0130359 0.00140969 0.999914 -0.0898972
0.999842 -0.0114923 0.0135907 -12.0363 0.0115418 0.999927 -0.00356768 -0.631993 -0.0135487 0.00372398 0.999901 -0.105677
0.999776 -0.0131198 0.0166315 -13.1091 0.013199 0.999902 -0.00465895 -0.710067 -0.0165687 0.00487742 0.999851 -0.124954
0.999735 -0.0140272 0.0182505 -14.2121 0.0141106 0.999891 -0.00445002 -0.769778 -0.0181861 0.00470636 0.999823 -0.117915
0.999702 -0.0144676 0.0196391 -15.3602 0.0146095 0.999868 -0.00710169 -0.853332 -0.0195337 0.00738649 0.999782 -0.122236
0.999646 -0.0153353 0.0217261 -16.5435 0.0154715 0.999862 -0.00611342 -0.913218 -0.0216294 0.00644739 0.999745 -0.125285
0.999623 -0.0144671 0.0233519 -17.7833 0.0146224 0.999872 -0.00649433 -0.994998 -0.0232549 0.00683334 0.999706 -0.124183
0.999616 -0.0143883 0.0236988 -19.0899 0.0145327 0.999877 -0.00593608 -1.09924 -0.0236105 0.00627821 0.999701 -0.153411
0.999574 -0.0152415 0.0248964 -20.4335 0.0153941 0.999864 -0.00594958 -1.16561 -0.0248023 0.0063303 0.999672 -0.14725
0.99953 -0.0165236 0.0258267 -21.8351 0.0167244 0.999831 -0.00757784 -1.25205 -0.0256971 0.00800621 0.999638 -0.132456
0.999516 -0.0175739 0.0256494 -23.2544 0.0177484 0.999821 -0.00658998 -1.34386 -0.025529 0.00704203 0.999649 -0.124297
0.999539 -0.0180146 0.0244309 -24.719 0.0181556 0.99982 -0.00555984 -1.4308 -0.0243263 0.00600083 0.999686 -0.12633
0.999493 -0.0207537 0.0241314 -26.2134 0.0209164 0.99976 -0.00650922 -1.5352 -0.0239905 0.00701066 0.999687 -0.111881
0.999368 -0.0236329 0.0265539 -27.7455 0.0238363 0.999689 -0.00736861 -1.63521 -0.0263715 0.0079969 0.99962 -0.14542
0.999295 -0.0251324 0.0278912 -29.2838 0.02532 0.999659 -0.00639245 -1.7592 -0.0277211 0.00709415 0.99959 -0.129697
0.999254 -0.0277276 0.0268849 -30.8658 0.0278504 0.999603 -0.00420518 -1.87857 -0.0267577 0.00495079 0.99963 -0.084382
0.999206 -0.0302427 0.0259438 -32.4598 0.0303269 0.999536 -0.0028595 -1.99505 -0.0258453 0.00364402 0.999659 -0.0928912
0.999188 -0.0303822 0.0264417 -34.0641 0.0304676 0.999532 -0.00283136 -2.11793 -0.0263433 0.00363468 0.999646 -0.0637325
0.999186 -0.0294211 0.0276104 -35.6943 0.029563 0.999552 -0.00474384 -2.24127 -0.0274584 0.00555622 0.999608 -0.0459105
0.999102 -0.0286762 0.0311936 -37.3559 0.0288399 0.999572 -0.00481056 -2.37524 -0.0310423 0.00570585 0.999502 -0.0187208
0.999032 -0.027004 0.0347182 -39.049 0.0272327 0.99961 -0.00613181 -2.50845 -0.0345391 0.00707134 0.999378 -0.00702846
0.999137 -0.0245834 0.033464 -40.7546 0.024873 0.999656 -0.00826703 -2.63885 -0.0332492 0.00909225 0.999406 0.0240587
0.999178 -0.0215092 0.0343659 -42.5038 0.0219554 0.999679 -0.0126607 -2.77014 -0.0340825 0.0134048 0.999329 0.044535
0.999245 -0.0172759 0.0348051 -44.2745 0.0177665 0.999746 -0.0138348 -2.88556 -0.0345572 0.0144427 0.999298 0.0616962
0.999382 -0.0115396 0.0332068 -46.0829 0.0119855 0.99984 -0.0132613 -2.98312 -0.0330485 0.0136511 0.999361 0.0750382
0.999464 -0.00564695 0.0322379 -47.9108 0.00604001 0.999908 -0.0121083 -3.09244 -0.0321666 0.0122965 0.999407 0.101444
0.999547 -0.000567553 0.0300849 -49.7924 0.000967862 0.999911 -0.0132932 -3.19116 -0.0300747 0.0133163 0.999459 0.118709
0.99953 0.00202794 0.0305768 -51.6985 -0.00166006 0.999926 -0.0120521 -3.28087 -0.030599 0.0119957 0.99946 0.135836
0.999498 0.00346515 0.0314993 -53.6193 -0.003144 0.999943 -0.0102394 -3.37253 -0.031533 0.0101352 0.999451 0.146312
0.999631 0.00294645 0.0269917 -55.61 -0.00275188 0.99997 -0.00724301 -3.43332 -0.0270122 0.00716606 0.999609 0.156836
0.99946 0.00245605 0.0327489 -57.5713 -0.00221194 0.99997 -0.00748803 -3.53161 -0.0327663 0.00741155 0.999435 0.182312
0.999545 0.00118274 0.0301211 -59.5933 -0.000980284 0.999977 -0.00673538 -3.6276 -0.0301284 0.00670279 0.999523 0.197467
0.999483 -0.00127375 0.0321376 -61.6298 0.00154858 0.999962 -0.00852849 -3.73292 -0.0321255 0.00857384 0.999447 0.25074
0.999357 -0.00549746 0.0354304 -63.6776 0.00578019 0.999952 -0.00788263 -3.8462 -0.0353854 0.00808236 0.999341 0.281552
0.999379 -0.0106413 0.0335765 -65.7633 0.0109131 0.999909 -0.0079227 -3.95556 -0.0334891 0.0082842 0.999405 0.289871
0.999338 -0.0166626 0.0323319 -67.8585 0.0168954 0.999833 -0.00694043 -4.08944 -0.0322108 0.0074821 0.999453 0.327923
0.999185 -0.0233946 0.0328771 -69.9782 0.0236227 0.999699 -0.00656791 -4.2417 -0.0327136 0.00733921 0.999438 0.368957
0.999062 -0.0298914 0.0313284 -72.122 0.0301039 0.999527 -0.00633324 -4.40582 -0.0311243 0.00727041 0.999489 0.401938
0.998815 -0.0359016 0.0328402 -74.2744 0.0361397 0.999324 -0.00668362 -4.5852 -0.0325781 0.00786254 0.999438 0.42963
0.998632 -0.0394535 0.0342985 -76.4597 0.0397505 0.999178 -0.0080215 -4.77682 -0.0339538 0.00937391 0.999379 0.472971
0.998464 -0.0411749 0.0370609 -78.6638 0.0415286 0.999098 -0.00882408 -4.97765 -0.0366641 0.0103496 0.999274 0.502223
0.998489 -0.0415353 0.0359596 -80.9018 0.0419618 0.999057 -0.0111867 -5.17944 -0.035461 0.0126787 0.99929 0.550208
0.998668 -0.0396022 0.0330612 -83.175 0.0400405 0.999117 -0.0127005 -5.37718 -0.032529 0.0140074 0.999372 0.60675
0.998728 -0.0368984 0.0343519 -85.4735 0.0372577 0.999257 -0.00987885 -5.58881 -0.0339619 0.0111462 0.999361 0.623127
0.998767 -0.0329285 0.0371434 -87.7926 0.0332994 0.999401 -0.00940984 -5.7734 -0.0368113 0.0106351 0.999265 0.644313
0.998957 -0.0292546 0.0350421 -90.1482 0.0296221 0.999511 -0.0100146 -5.95631 -0.034732 0.0110422 0.999335 0.656525
0.999116 -0.0253812 0.0335099 -92.5172 0.0257072 0.999626 -0.00933441 -6.12273 -0.0332605 0.0101876 0.999394 0.689027
0.99919 -0.0210126 0.0343022 -94.9262 0.0213136 0.999737 -0.00843239 -6.28606 -0.034116 0.00915667 0.999376 0.721584
0.99928 -0.0175769 0.0335972 -97.3487 0.0179204 0.99979 -0.00994974 -6.45539 -0.0334153 0.0105447 0.999386 0.750309
0.999346 -0.0156499 0.0325891 -99.8087 0.0159826 0.999823 -0.00997437 -6.61795 -0.0324272 0.0104887 0.999419 0.776036
0.999401 -0.014972 0.0312017 -102.295 0.0152352 0.99985 -0.0082163 -6.77724 -0.031074 0.00868675 0.999479 0.804122
0.999339 -0.014847 0.0331631 -104.789 0.0151002 0.999859 -0.00739692 -6.93589 -0.0330486 0.00789281 0.999422 0.844058
0.999271 -0.0146748 0.0352317 -107.305 0.014945 0.999861 -0.00741875 -7.10753 -0.0351179 0.00793989 0.999351 0.896923
0.999325 -0.0141066 0.0339211 -109.847 0.014364 0.99987 -0.00735849 -7.27018 -0.0338129 0.00784077 0.999397 0.934531
0.999389 -0.0138237 0.0320987 -112.398 0.0141068 0.999864 -0.00860925 -7.4243 -0.0319753 0.0090568 0.999447 0.975565
0.999408 -0.0126383 0.0319773 -114.965 0.0129577 0.999868 -0.00980368 -7.57972 -0.0318492 0.0102122 0.99944 1.01396
0.999396 -0.0120011 0.0326089 -117.556 0.012332 0.999874 -0.00996482 -7.74101 -0.0324852 0.0103609 0.999418 1.04535
0.999392 -0.0116785 0.0328463 -120.146 0.0120699 0.999858 -0.0117439 -7.9022 -0.0327045 0.0121332 0.999391 1.08036
0.999324 -0.0116367 0.0348722 -122.749 0.012088 0.999846 -0.0127613 -8.06329 -0.0347184 0.0131743 0.99931 1.12093
0.999375 -0.0114979 0.0334293 -125.364 0.0119559 0.999837 -0.0135341 -8.22393 -0.0332682 0.0139253 0.999349 1.15731
0.999357 -0.0112919 0.0340137 -127.974 0.0117526 0.999842 -0.0133736 -8.38037 -0.0338573 0.0137648 0.999332 1.20898
0.999298 -0.0103299 0.0360033 -130.607 0.0107824 0.999865 -0.0123964 -8.54665 -0.0358704 0.0127759 0.999274 1.25513
0.999258 -0.00936955 0.0373523 -133.256 0.00980125 0.999887 -0.0113914 -8.69709 -0.0372413 0.011749 0.999237 1.29512
0.999281 -0.00864237 0.0369079 -135.908 0.0090119 0.999911 -0.00985805 -8.84821 -0.0368194 0.0101836 0.99927 1.33449
0.999268 -0.00850099 0.0372798 -138.586 0.00878958 0.999933 -0.00758456 -8.99727 -0.0372128 0.00790669 0.999276 1.3864
0.999315 -0.00718532 0.0362874 -141.272 0.00750638 0.999934 -0.00871976 -9.14672 -0.0362223 0.00898618 0.999303 1.44895
0.999327 -0.00556517 0.0362393 -143.952 0.00587785 0.999946 -0.00852769 -9.29138 -0.0361898 0.00873497 0.999306 1.49871
0.999324 -0.00428165 0.0364898 -146.626 0.00460187 0.999951 -0.00869641 -9.42721 -0.0364507 0.00885846 0.999296 1.57602
0.999289 -0.00284059 0.0375912 -149.312 0.003116 0.999969 -0.00727018 -9.56766 -0.0375694 0.00738215 0.999266 1.61871
0.999221 -0.00179929 0.0394089 -152.015 0.00208843 0.999971 -0.00729735 -9.71667 -0.0393946 0.00737397 0.999196 1.66765
0.999235 -0.00128293 0.0390871 -154.757 0.00159539 0.999967 -0.00796427 -9.84856 -0.0390756 0.00802054 0.999204 1.74722
0.999376 -0.000581274 0.0353185 -157.484 0.00090761 0.999957 -0.00922484 -9.98091 -0.0353116 0.00925113 0.999333 1.80726
0.999397 0.000510228 0.0347038 -160.213 -0.000224052 0.999966 -0.00825001 -10.1076 -0.0347068 0.00823726 0.999363 1.86624
0.999333 0.0024543 0.0364364 -162.928 -0.00220499 0.999974 -0.00688123 -10.2231 -0.0364523 0.00679629 0.999312 1.91501
0.999306 0.00417376 0.0370133 -165.649 -0.00393108 0.99997 -0.00662734 -10.3502 -0.0370399 0.00647724 0.999292 1.95439
0.999185 0.00559084 0.0399639 -168.372 -0.00517949 0.999932 -0.0103897 -10.4639 -0.0400193 0.0101742 0.999147 2.01454
0.999248 0.00570635 0.0383334 -171.101 -0.00522648 0.999907 -0.0126074 -10.5875 -0.0384018 0.0123976 0.999185 2.0772
0.999291 0.00429565 0.0374029 -173.841 -0.00382676 0.999913 -0.0125994 -10.6945 -0.0374537 0.0124473 0.99922 2.13727
0.999187 0.00261138 0.0402283 -176.575 -0.00215602 0.999933 -0.011359 -10.8172 -0.0402552 0.0112631 0.999125 2.20085
0.999266 0.000495176 0.0382908 -179.321 -0.000101517 0.999947 -0.0102824 -10.9474 -0.0382939 0.010271 0.999213 2.25734
0.999387 -0.00123966 0.034975 -182.051 0.00159021 0.999948 -0.00999724 -11.0783 -0.0349608 0.0100467 0.999338 2.31521
0.999161 -0.00315889 0.0408178 -184.776 0.00354228 0.99995 -0.00932431 -11.2165 -0.0407863 0.00946108 0.999123 2.37921
0.999318 -0.00406361 0.036697 -187.483 0.00443079 0.99994 -0.00993009 -11.3671 -0.0366544 0.0100859 0.999277 2.43496
0.999253 -0.00500206 0.0383024 -190.237 0.00548687 0.999906 -0.0125633 -11.4969 -0.0382359 0.0127641 0.999187 2.48787
0.999161 -0.00519186 0.040627 -192.97 0.00582597 0.999862 -0.0155058 -11.6529 -0.0405409 0.0157295 0.999054 2.54183
0.999085 -0.00484066 0.0424889 -195.709 0.00552945 0.999855 -0.0161088 -11.8143 -0.0424047 0.016329 0.998967 2.61811
0.999089 -0.00476427 0.0423965 -198.457 0.00541105 0.99987 -0.0151542 -11.9715 -0.0423188 0.0153698 0.998985 2.71146
0.999147 -0.0050038 0.04098 -201.185 0.0055497 0.999897 -0.0132186 -12.1107 -0.0409097 0.0134348 0.999072 2.7593
0.99916 -0.00498406 0.0406613 -203.877 0.00548191 0.999911 -0.0121418 -12.2452 -0.0405971 0.0123545 0.999099 2.81106
0.999111 -0.00428334 0.0419368 -206.559 0.00482374 0.999906 -0.0127937 -12.387 -0.041878 0.0129846 0.999038 2.8947
0.999067 -0.00376529 0.0430124 -209.225 0.00432228 0.999907 -0.012864 -12.5249 -0.0429599 0.013038 0.998991 2.95826
0.99914 -0.00341518 0.0413169 -211.877 0.00398771 0.999897 -0.0137827 -12.6695 -0.0412656 0.0139356 0.99905 3.03086
0.999151 -0.00351018 0.0410309 -214.532 0.00416187 0.999866 -0.0158087 -12.8128 -0.0409699 0.0159661 0.999032 3.10526
0.999038 -0.0046325 0.0436047 -217.166 0.00539515 0.999834 -0.017389 -12.9505 -0.0435169 0.0176075 0.998897 3.18271
0.998928 -0.00591259 0.0458981 -219.791 0.00672303 0.999823 -0.0175235 -13.0959 -0.0457864 0.0178133 0.998792 3.23473
0.998784 -0.0077005 0.0486907 -222.395 0.00853934 0.999818 -0.0170438 -13.2471 -0.0485506 0.0174389 0.998668 3.33435
0.998819 -0.00890819 0.0477619 -224.993 0.00970341 0.999817 -0.0164439 -13.3853 -0.0476066 0.016888 0.998723 3.41304
0.998725 -0.00978519 0.0495266 -227.593 0.0106999 0.999776 -0.0182378 -13.5454 -0.049337 0.0187445 0.998606 3.49706
0.998591 -0.0096988 0.0521598 -230.202 0.0106469 0.999782 -0.0179305 -13.6933 -0.0519745 0.0184605 0.998477 3.57141
0.998738 -0.0103401 0.0491439 -232.825 0.0113103 0.999745 -0.019505 -13.8516 -0.0489297 0.0200363 0.998601 3.64692
0.998738 -0.0111941 0.0489438 -235.441 0.0120966 0.999761 -0.0181825 -14.0032 -0.0487285 0.0187516 0.998636 3.72819
0.998609 -0.0127232 0.0511536 -238.088 0.0137121 0.999724 -0.0190291 -14.1706 -0.0508974 0.0197041 0.998509 3.81315
0.998661 -0.0139171 0.04981 -240.723 0.0148363 0.999725 -0.0181307 -14.3285 -0.0495439 0.0188454 0.998594 3.90221
0.998692 -0.0153284 0.048772 -243.376 0.016168 0.999727 -0.0168684 -14.5033 -0.0485001 0.0176348 0.998667 3.98683
0.998513 -0.0168397 0.0518355 -246.023 0.0177281 0.999702 -0.0167284 -14.6591 -0.0515384 0.0176225 0.998515 4.05923
0.99838 -0.0169795 0.0542935 -248.682 0.0179549 0.999685 -0.0175284 -14.8346 -0.0539788 0.0184748 0.998371 4.16089
0.998423 -0.0170723 0.0534666 -251.359 0.0180596 0.999674 -0.0180362 -15.0131 -0.0531412 0.0189733 0.998406 4.25866
0.998459 -0.0170135 0.0528108 -254.04 0.0180109 0.999667 -0.0184677 -15.2048 -0.052479 0.0193904 0.998433 4.35256
0.998334 -0.0183197 0.0547016 -256.714 0.0193201 0.999654 -0.0178156 -15.3902 -0.0543563 0.0188428 0.998343 4.43643
0.998248 -0.0200918 0.055644 -259.388 0.0213571 0.999524 -0.0222395 -15.5653 -0.0551707 0.023389 0.998202 4.53015
0.997975 -0.0213621 0.0599061 -262.062 0.0226329 0.999531 -0.0206167 -15.753 -0.0594376 0.0219307 0.997991 4.64797
0.998041 -0.0227529 0.0582813 -264.744 0.023837 0.999554 -0.0179741 -15.9452 -0.0578463 0.0193281 0.998138 4.74192
0.998186 -0.0237906 0.0552964 -267.452 0.0249859 0.999466 -0.0210282 -16.1479 -0.0547666 0.0223717 0.998248 4.87291
0.998176 -0.0246049 0.0551317 -270.149 0.0257993 0.999445 -0.0210597 -16.3465 -0.0545829 0.0224436 0.998256 4.96997
0.998154 -0.0268438 0.0544739 -272.849 0.0280629 0.999369 -0.0217406 -16.5491 -0.0538559 0.0232292 0.998278 5.08104
0.997768 -0.028628 0.0603159 -275.537 0.0301237 0.999257 -0.0240355 -16.7571 -0.0595829 0.0257988 0.997889 5.18139
0.997577 -0.0296905 0.0629113 -276.875 0.0312271 0.999234 -0.0235843 -16.8669 -0.0621629 0.0254917 0.99774 5.23874
