1 0 0 0 0 1 0 0 0 0 1 0
0.999999 -0.000794131 0.00101246 -0.373853 0.000795225 0.999999 -0.00108016 -0.0233877 -0.00101161 0.00108096 0.999999 -0.00542387
0.999982 -0.00334013 0.00507422 -0.674825 0.00335653 0.999989 -0.00322659 -0.0521676 -0.00506339 0.00324357 0.999982 -0.0147941
0.999948 -0.00729251 0.00708273 -0.978914 0.00732761 0.999961 -0.00494112 -0.0864791 -0.00704642 0.00499276 0.999963 -0.0289696
0.999915 -0.0108032 0.0073367 -1.23969 0.0108433 0.999926 -0.00544843 -0.110711 -0.0072773 0.00552752 0.999958 -0.0225546
0.999898 -0.0123625 0.00712022 -1.48319 0.0124093 0.999901 -0.00657114 -0.129284 -0.00703829 0.00665883 0.999953 -0.019508
0.9999 -0.0118662 0.00768018 -1.66346 0.0119282 0.999896 -0.00807862 -0.133786 -0.00758352 0.00816942 0.999938 -0.0072251
0.999906 -0.0113205 0.00768303 -1.7933 0.0113752 0.99991 -0.00710885 -0.144722 -0.00760186 0.00719558 0.999945 -0.0342253
0.999901 -0.0114465 0.00811149 -1.87674 0.0115021 0.99991 -0.00684716 -0.158715 -0.00803239 0.00693979 0.999944 -0.0404189
0.999899 -0.0113279 0.00857459 -1.90138 0.0113847 0.999913 -0.0066121 -0.160085 -0.00849895 0.00670905 0.999941 -0.0319284
0.999893 -0.0112741 0.00931714 -1.89844 0.0113368 0.999913 -0.00670152 -0.160909 -0.00924078 0.00680643 0.999934 -0.0293653
0.999883 -0.0112773 0.0102686 -1.8944 0.0113468 0.999913 -0.00674126 -0.135666 -0.0101916 0.00685699 0.999924 -0.0312521
0.999881 -0.0112974 0.0104832 -1.91015 0.0113671 0.999913 -0.0066098 -0.147381 -0.0104076 0.00672818 0.999923 -0.0358158
0.999882 -0.0113488 0.0103383 -1.90567 0.0114169 0.999913 -0.00655355 -0.160374 -0.010263 0.00667081 0.999925 -0.0323914
0.99987 -0.0114073 0.0113792 -1.89653 0.0114815 0.999913 -0.00647676 -0.160298 -0.0113043 0.00660657 0.999914 -0.0332573
0.999871 -0.0112661 0.0114357 -1.88924 0.0113367 0.999917 -0.00612918 -0.15945 -0.0113657 0.00625804 0.999916 -0.0344627
0.999871 -0.0111751 0.0115354 -1.89326 0.0112449 0.999919 -0.00600301 -0.142028 -0.0114674 0.00613195 0.999915 -0.0462609
0.999867 -0.011201 0.0118186 -1.90125 0.0112727 0.999918 -0.00601424 -0.152264 -0.0117502 0.00614667 0.999912 -0.0384842
0.999864 -0.0112287 0.0120215 -1.90063 0.0113007 0.999919 -0.00593274 -0.153818 -0.0119539 0.00606779 0.99991 -0.0399053
0.999861 -0.0112275 0.0122769 -1.88703 0.0112986 0.99992 -0.00573526 -0.159383 -0.0122115 0.00587318 0.999908 -0.0464513
0.999861 -0.011173 0.0123955 -1.87645 0.0112443 0.99992 -0.0056999 -0.156246 -0.0123308 0.00583849 0.999907 -0.0497088
0.999859 -0.0109729 0.0126784 -1.85221 0.0110429 0.999924 -0.00546839 -0.152154 -0.0126174 0.00560763 0.999905 -0.0479646
0.999859 -0.0108966 0.0127252 -1.8571 0.0109673 0.999925 -0.00549723 -0.150607 -0.0126643 0.00563602 0.999904 -0.0539038
0.999856 -0.0109386 0.0129255 -1.85961 0.0110094 0.999925 -0.00541431 -0.157317 -0.0128653 0.00555584 0.999902 -0.0585134
0.999848 -0.0111355 0.013428 -1.88679 0.0112069 0.999923 -0.00525333 -0.161207 -0.0133685 0.00540301 0.999896 -0.0623366
0.999846 -0.0109235 0.0137367 -1.96293 0.0109971 0.999925 -0.00529327 -0.160629 -0.0136779 0.00544352 0.999892 -0.0643857
0.999827 -0.0113302 0.0147677 -2.09296 0.0114094 0.999921 -0.00529568 -0.179416 -0.0147065 0.00546326 0.999877 -0.0724964
0.99983 -0.0106137 0.0150373 -2.30687 0.0107006 0.999926 -0.0057081 -0.198662 -0.0149756 0.00586805 0.999871 -0.0809054
0.999806 -0.0105674 0.0165856 -2.57106 0.0106564 0.999929 -0.00528473 -0.207794 -0.0165286 0.00546045 0.999848 -0.0978022
0.999834 -0.0073705 0.0166455 -2.98741 0.0074865 0.999948 -0.00691719 -0.227662 -0.0165936 0.00704066 0.999838 -0.0857149
0.99985 -0.00322003 0.0170147 -3.4784 0.00337417 0.999953 -0.00903791 -0.244894 -0.0169848 0.00909396 0.999814 -0.129567
0.999836 0.00378763 0.0177109 -4.13413 -0.00360917 0.999942 -0.0100972 -0.269316 -0.0177481 0.0100316 0.999792 -0.143071
0.99981 0.00916934 0.0171944 -4.86504 -0.00897013 0.999892 -0.011627 -0.307927 -0.0172991 0.0114706 0.999785 -0.149571
0.99975 0.0117997 0.0190037 -5.7357 -0.0114631 0.999777 -0.0177238 -0.334432 -0.0192086 0.0175015 0.999662 -0.216264
0.999739 0.0113046 0.0198409 -6.67304 -0.0109207 0.999753 -0.0193512 -0.364947 -0.0200547 0.0191295 0.999616 -0.209441
0.999757 0.00674791 0.0209622 -7.67432 -0.00631618 0.999768 -0.020594 -0.412504 -0.0210963 0.0204566 0.999568 -0.279512
0.999701 -0.00323898 0.0242317 -8.75465 0.0037696 0.999753 -0.0218843 -0.502626 -0.0241548 0.0219691 0.999467 -0.294067
0.999609 -0.0110525 0.0256794 -9.9033 0.0117101 0.999604 -0.0255981 -0.590839 -0.0253863 0.0258888 0.999343 -0.288134
0.999722 -0.00347226 0.0233039 -11.1476 0.00426612 0.999409 -0.0341027 -0.65628 -0.0231717 0.0341926 0.999147 -0.306058
0.999909 0.00887121 0.0101179 -12.3812 -0.00862331 0.999668 -0.0242867 -0.667282 -0.01033 0.0241973 0.999654 -0.255726
0.999793 0.0147514 0.0140162 -13.6562 -0.0143448 0.999486 -0.0286812 -0.712486 -0.0144321 0.0284742 0.99949 -0.323939
0.99974 0.0161476 0.0160767 -14.9219 -0.0157158 0.999522 -0.0266295 -0.781224 -0.0164991 0.0263699 0.999516 -0.320298
0.999758 0.0106894 0.0192201 -16.2148 -0.0102449 0.999681 -0.0230764 -0.843924 -0.0194607 0.0228739 0.999549 -0.343238
0.999654 0.00122727 0.0262492 -17.5357 -0.000493413 0.999609 -0.0279453 -0.979114 -0.0262733 0.0279227 0.999265 -0.362707
0.999627 -0.00754574 0.0262212 -18.8924 0.00818719 0.999668 -0.0244426 -1.01601 -0.026028 0.0246482 0.999357 -0.368485
0.999767 -0.0155347 0.0149307 -20.2686 0.0159319 0.999512 -0.0268674 -1.10761 -0.014506 0.027099 0.999528 -0.378902
0.999641 -0.0253147 0.00877666 -21.6799 0.025504 0.999429 -0.022167 -1.20207 -0.0082105 0.0223829 0.999716 -0.364095
0.998974 -0.0333731 0.0306039 -23.1319 0.0342107 0.999043 -0.0272662 -1.29661 -0.0296646 0.0282852 0.99916 -0.378303
0.998325 -0.0418353 0.0399513 -24.5997 0.0427933 0.998809 -0.0234316 -1.48468 -0.0389235 0.025102 0.998927 -0.379059
0.998805 -0.0467906 0.0140672 -26.1566 0.0471271 0.998585 -0.0246291 -1.64154 -0.0128949 0.0252626 0.999598 -0.356883
0.998617 -0.0499648 0.0162958 -27.7318 0.0505022 0.99813 -0.0344244 -1.84563 -0.0145453 0.0351998 0.999275 -0.37615
0.998087 -0.0512135 0.0346195 -29.3063 0.052021 0.998385 -0.0228377 -1.99013 -0.033394 0.024595 0.99914 -0.377447
0.998251 -0.0487225 0.0334518 -30.9697 0.0498858 0.998146 -0.0348662 -2.20605 -0.031691 0.036474 0.998832 -0.317451
0.998353 -0.0460835 0.034138 -32.6331 0.0473526 0.99818 -0.0373477 -2.38979 -0.0323548 0.0389028 0.998719 -0.319879
0.998447 -0.04267 0.0358017 -34.3184 0.0440349 0.998298 -0.0382432 -2.54945 -0.034109 0.0397603 0.998627 -0.315497
0.998596 -0.0403662 0.0342875 -36.0497 0.041736 0.998319 -0.0402227 -2.72197 -0.0326062 0.0415972 0.998602 -0.247067
0.998608 -0.0378576 0.0366999 -37.8197 0.0392458 0.998511 -0.0378734 -2.88605 -0.0352115 0.039261 0.998609 -0.217547
0.998382 -0.0365451 0.0435484 -39.5934 0.0383705 0.998387 -0.0418432 -3.06722 -0.041949 0.0434465 0.998175 -0.194358
0.998171 -0.0349773 0.0493028 -41.4348 0.037145 0.998351 -0.043758 -3.24575 -0.047691 0.0455094 0.997825 -0.15765
0.998066 -0.0330794 0.0526253 -43.3109 0.0355901 0.998236 -0.0475095 -3.42964 -0.0509609 0.0492906 0.997484 -0.0676744
0.997883 -0.0334204 0.0557847 -45.2496 0.036095 0.998212 -0.0476473 -3.59752 -0.0540926 0.04956 0.997305 -0.0108685
0.997942 -0.0327713 0.0551074 -47.2339 0.0354697 0.998182 -0.0487227 -3.76247 -0.0534106 0.0505771 0.997291 0.087656
0.997981 -0.0342691 0.0534674 -49.2036 0.0368882 0.998127 -0.0487911 -3.94977 -0.0516953 0.0506649 0.997377 0.136419
0.997648 -0.0372057 0.0575532 -51.2042 0.0401283 0.997918 -0.0504873 -4.14002 -0.055555 0.0526781 0.997065 0.197744
0.997413 -0.0417448 0.0585023 -53.2533 0.0446244 0.99781 -0.0488114 -4.33865 -0.0563366 0.0512958 0.997093 0.257938
0.997172 -0.0467878 0.0588082 -55.3418 0.0495584 0.997685 -0.0465708 -4.55593 -0.0564931 0.0493536 0.997183 0.343914
0.996939 -0.0527396 0.0577131 -57.4367 0.0555654 0.997276 -0.0485035 -4.79121 -0.0549979 0.0515619 0.997154 0.413162
0.996381 -0.0607786 0.0594144 -59.5393 0.0637904 0.996701 -0.0501805 -5.03696 -0.0561685 0.053789 0.996972 0.48367
0.995228 -0.0713905 0.0665006 -61.6575 0.0746509 0.996058 -0.0479034 -5.31441 -0.0628187 0.0526392 0.996636 0.566194
0.994396 -0.0834631 0.0648809 -63.8109 0.0868732 0.99488 -0.0516417 -5.61427 -0.0602385 0.0569888 0.996556 0.674957
0.993489 -0.0962105 0.0610107 -66.0105 0.0994162 0.993692 -0.0518797 -5.95351 -0.0556346 0.0576074 0.996788 0.762873
0.992113 -0.107514 0.0644331 -68.1586 0.111024 0.99237 -0.0536245 -6.31819 -0.0581761 0.0603552 0.99648 0.840852
0.991127 -0.118133 0.0609055 -70.3503 0.121459 0.991119 -0.054135 -6.70672 -0.0539695 0.0610523 0.996675 0.901615
0.989863 -0.126583 0.0643998 -72.5323 0.130183 0.989955 -0.0551477 -7.12456 -0.0567721 0.0629725 0.996399 0.995103
0.988916 -0.134301 0.0633075 -74.7353 0.137851 0.988896 -0.0555033 -7.57214 -0.0551504 0.0636152 0.99645 1.09052
0.988631 -0.1381 0.0594579 -76.9632 0.141524 0.988244 -0.057833 -8.00247 -0.0507722 0.0655904 0.996554 1.15385
0.987846 -0.142721 0.0615534 -79.2058 0.146058 0.987823 -0.0535983 -8.45234 -0.0531543 0.0619373 0.996664 1.20242
0.987167 -0.146237 0.0641426 -81.4271 0.149712 0.987298 -0.0531844 -8.90148 -0.0555503 0.062105 0.996523 1.29503
0.986668 -0.149477 0.0643549 -83.6943 0.152881 0.986893 -0.0516597 -9.37157 -0.0557895 0.0608097 0.996589 1.40256
0.986093 -0.152335 0.0664385 -85.9571 0.155731 0.986568 -0.0493103 -9.86637 -0.0580345 0.0589711 0.996571 1.47632
0.986072 -0.153668 0.0636211 -88.2423 0.157078 0.986185 -0.0525848 -10.3651 -0.0546616 0.0618459 0.996588 1.54953
0.98596 -0.153402 0.0659522 -90.5464 0.157161 0.985975 -0.0561616 -10.8798 -0.056412 0.0657383 0.996241 1.61717
0.986385 -0.150754 0.0656925 -92.8584 0.154718 0.986128 -0.0601151 -11.3811 -0.0557187 0.0694606 0.996027 1.69288
0.986618 -0.146862 0.0708158 -95.199 0.151155 0.986711 -0.059606 -11.8789 -0.061121 0.0695126 0.995707 1.80558
0.987394 -0.141747 0.0704276 -97.5435 0.145824 0.987693 -0.0565514 -12.3422 -0.0615449 0.0661087 0.995913 1.8977
0.988466 -0.134917 0.0687885 -99.9147 0.138732 0.988853 -0.0540587 -12.8091 -0.0607283 0.0629784 0.996166 2.00185
0.98953 -0.126199 0.0700233 -102.294 0.12994 0.990172 -0.0517098 -13.2616 -0.0628095 0.0602673 0.996204 2.08974
0.990466 -0.117995 0.0710896 -104.698 0.12165 0.991339 -0.0494834 -13.694 -0.0646351 0.0576597 0.996242 2.20193
0.991517 -0.109729 0.0696579 -107.103 0.113201 0.992411 -0.0480089 -14.1053 -0.0638613 0.0554871 0.996415 2.29605
0.992288 -0.101187 0.07158 -109.508 0.104737 0.993355 -0.0476995 -14.4972 -0.0662779 0.0548288 0.996294 2.43785
0.993004 -0.0927264 0.0730955 -111.921 0.0964307 0.994139 -0.0488834 -14.8647 -0.0681343 0.0555901 0.996126 2.56602
0.99355 -0.0846204 0.0754797 -114.346 0.0885359 0.994811 -0.0501267 -15.2229 -0.0708463 0.0564861 0.995887 2.68794
0.994245 -0.0759499 0.0755515 -116.785 0.0801518 0.995306 -0.0542293 -15.564 -0.0710782 0.0599728 0.995666 2.80989
0.994757 -0.0682014 0.0761989 -119.17 0.0724843 0.995856 -0.0549285 -15.8782 -0.072137 0.0601638 0.995579 2.94796
0.995135 -0.0596245 0.0784281 -121.555 0.0640064 0.996455 -0.0545955 -16.1719 -0.0748949 0.0593499 0.995424 3.07226
0.995827 -0.0504684 0.0760297 -123.934 0.0547114 0.996997 -0.0547969 -16.4378 -0.0730359 0.058728 0.995599 3.19525
0.996155 -0.0405419 0.0776595 -126.299 0.0449517 0.997424 -0.0559014 -16.6811 -0.0751932 0.0591774 0.995412 3.33435
0.996355 -0.0294876 0.0800401 -128.657 0.0342454 0.997686 -0.0587345 -16.9155 -0.078123 0.0612614 0.99506 3.46871
0.996501 -0.0180034 0.0816089 -130.999 0.0229605 0.997921 -0.0602151 -17.1099 -0.0803552 0.0618782 0.994844 3.60896
0.996536 -0.0048006 0.0830189 -133.329 0.00994883 0.998044 -0.06171 -17.2666 -0.0825604 0.0623223 0.994635 3.73894
0.996609 0.0100647 0.0816581 -135.632 -0.00463591 0.997782 -0.0664007 -17.3979 -0.0821454 0.0657971 0.994446 3.89755
0.996023 0.0229275 0.0860864 -137.894 -0.0172397 0.997654 -0.0662427 -17.492 -0.0874033 0.0644952 0.994083 4.04095
0.995833 0.0357056 0.0839026 -140.167 -0.0301092 0.997295 -0.0670448 -17.5643 -0.0860697 0.0642393 0.994216 4.17735
0.995218 0.0486596 0.0846831 -142.403 -0.0429154 0.996736 -0.0683783 -17.6033 -0.087734 0.0644172 0.994059 4.32831
0.994227 0.0629239 0.0869036 -144.623 -0.0569948 0.99598 -0.0691007 -17.6026 -0.0909024 0.0637488 0.993817 4.48429
0.993025 0.0774135 0.0889255 -146.818 -0.0713907 0.995057 -0.0690249 -17.5681 -0.0938295 0.062195 0.993644 4.63596
0.991609 0.0935662 0.0891987 -148.979 -0.0877307 0.993872 -0.0672453 -17.5056 -0.0949441 0.0588556 0.993741 4.80119
0.989596 0.112003 0.0903008 -151.11 -0.106047 0.992015 -0.0682681 -17.4146 -0.097226 0.0579817 0.993572 4.96262
0.987195 0.132321 0.0890838 -153.189 -0.126262 0.989485 -0.0705422 -17.2815 -0.0974814 0.0583911 0.993523 5.12349
0.984373 0.152131 0.088681 -155.251 -0.146211 0.986784 -0.0698515 -17.0893 -0.0981356 0.0557939 0.993608 5.29187
0.980884 0.172218 0.0905904 -157.247 -0.166244 0.983607 -0.0698594 -16.8704 -0.101136 0.0534639 0.993435 5.4619
0.977271 0.192178 0.0894846 -159.193 -0.186212 0.979948 -0.0709055 -16.6318 -0.101317 0.0526308 0.993461 5.63134
0.973199 0.211393 0.0905311 -161.077 -0.205365 0.97607 -0.0714946 -16.3524 -0.103478 0.0509865 0.993324 5.79931
0.968687 0.230587 0.0920541 -162.891 -0.224305 0.971727 -0.0737179 -16.0386 -0.10645 0.0507614 0.993022 5.96341
0.964451 0.248531 0.089806 -164.669 -0.242334 0.967328 -0.0745069 -15.7056 -0.105389 0.0500953 0.993168 6.12728
0.95973 0.266401 0.0891493 -166.372 -0.259888 0.962461 -0.0782807 -15.3558 -0.106657 0.0519596 0.992937 6.29568
0.955026 0.282694 0.0894859 -168.013 -0.276214 0.957905 -0.078246 -14.9881 -0.107839 0.0500098 0.99291 6.45545
0.950394 0.297906 0.0894539 -169.575 -0.29154 0.953402 -0.0776471 -14.6036 -0.108417 0.047716 0.99296 6.61917
0.945894 0.312473 0.0874339 -171.068 -0.306252 0.948781 -0.0776156 -14.2201 -0.107208 0.0466393 0.993142 6.77297
0.941872 0.324157 0.0883044 -172.513 -0.317949 0.944937 -0.0774675 -13.8128 -0.108554 0.0448883 0.993077 6.92331
0.93765 0.336155 0.0883812 -173.872 -0.329965 0.940795 -0.0776349 -13.42 -0.109246 0.0436318 0.993057 7.06194
0.933564 0.347342 0.0883733 -175.165 -0.34126 0.936809 -0.0770031 -13.0305 -0.109535 0.0417291 0.993106 7.19455
0.929592 0.357855 0.0883063 -176.38 -0.351762 0.932879 -0.0774549 -12.645 -0.110097 0.0409386 0.993077 7.32033
0.92598 0.367028 0.0886011 -177.544 -0.361181 0.92944 -0.0754293 -12.2746 -0.110034 0.0378451 0.993207 7.45248
0.923738 0.372453 0.0893592 -178.634 -0.366869 0.927404 -0.0730035 -11.8659 -0.110063 0.0346531 0.99332 7.55802
0.924053 0.371247 0.0911062 -179.171 -0.365692 0.927934 -0.0721624 -11.6953 -0.111331 0.0333652 0.993223 7.62446
