1 0 0 0 0 1 0 0 0 0 1 0
1 -7.37489e-05 1.34688e-05 -1.95112 7.37418e-05 1 0.000522221 -0.126676 -1.35073e-05 -0.00052222 1 -0.0075408
0.999999 0.0011438 -0.000246309 -3.87104 -0.00114341 0.999998 0.0015936 -0.233713 0.000248132 -0.00159332 0.999999 -0.0478662
0.999985 0.00548101 0.00050529 -5.78865 -0.00548178 0.999984 0.00153744 -0.340728 -0.000496855 -0.00154019 0.999999 -0.0690208
0.999955 0.00935676 -0.00144301 -7.69574 -0.00935314 0.999953 0.00249529 -0.434289 0.00146629 -0.00248168 0.999996 -0.102674
0.999922 0.0124717 -0.00022617 -9.58756 -0.0124712 0.99992 0.00208025 -0.509273 0.000252096 -0.00207727 0.999998 -0.123579
0.999909 0.0134908 -0.00055336 -11.4521 -0.0134885 0.999901 0.00403489 -0.598305 0.000607739 -0.00402706 0.999992 -0.142162
0.99992 0.0124937 -0.00180869 -13.3441 -0.0124838 0.999907 0.00540559 -0.685105 0.00187605 -0.00538258 0.999984 -0.172642
0.999942 0.0106901 -0.00110248 -15.1783 -0.010684 0.999928 0.00541007 -0.771346 0.00116024 -0.00539798 0.999985 -0.213979
0.999968 0.0077773 -0.00195136 -17.0517 -0.00776642 0.999955 0.00552154 -0.863285 0.00199422 -0.00550621 0.999983 -0.232278
0.999985 0.00530095 -0.0012148 -18.9115 -0.00529438 0.999972 0.00534828 -0.960364 0.00124312 -0.00534177 0.999985 -0.254304
0.999995 0.0027743 -0.00125663 -20.7502 -0.00276573 0.999973 0.00677097 -1.06616 0.00127539 -0.00676747 0.999976 -0.296225
0.999999 0.00091296 0.000611346 -22.6182 -0.000917515 0.999972 0.00749456 -1.18548 -0.000604486 -0.00749512 0.999972 -0.329756
0.999998 -0.00176541 0.000758639 -24.5001 0.00175961 0.99997 0.00758434 -1.30214 -0.000772006 -0.00758299 0.999971 -0.35856
0.999992 -0.00382939 0.00123093 -26.4084 0.00381943 0.999961 0.00799167 -1.41659 -0.00126148 -0.0079869 0.999967 -0.380365
0.99999 -0.00400186 0.00180439 -28.3137 0.00399081 0.999974 0.00608818 -1.52055 -0.00182871 -0.00608092 0.99998 -0.421415
0.999991 -0.00326032 0.00284159 -30.266 0.00324389 0.999978 0.00576951 -1.66281 -0.00286033 -0.00576024 0.999979 -0.432334
0.99999 -0.00265641 0.00354411 -32.2683 0.00263122 0.999971 0.00709268 -1.78273 -0.00356285 -0.00708328 0.999969 -0.47369
0.999992 -0.00211437 0.00340342 -34.312 0.00208896 0.99997 0.00745271 -1.88478 -0.00341908 -0.00744554 0.999966 -0.493818
0.999991 -0.00243624 0.00332711 -36.3821 0.00241131 0.999969 0.007479 -2.02426 -0.00334523 -0.00747092 0.999967 -0.516302
0.999989 -0.00391905 0.00261057 -38.4934 0.00389194 0.999939 0.0103119 -2.15408 -0.00265082 -0.0103016 0.999943 -0.564379
0.999973 -0.00618386 0.00393745 -40.6304 0.00614018 0.99992 0.0110118 -2.29641 -0.00400523 -0.0109873 0.999932 -0.595779
0.999959 -0.00852688 0.0031644 -42.8002 0.00848909 0.999895 0.0117693 -2.44769 -0.00326442 -0.0117419 0.999926 -0.614916
0.999943 -0.0102361 0.00289117 -44.9956 0.010201 0.999877 0.0119078 -2.59334 -0.0030127 -0.0118776 0.999925 -0.639639
0.999921 -0.0120514 0.00358964 -47.2243 0.0120018 0.999837 0.0135252 -2.7399 -0.00375205 -0.0134811 0.999902 -0.682544
0.999905 -0.0134665 0.00306462 -49.477 0.0134239 0.999818 0.0135248 -2.91285 -0.00324619 -0.0134824 0.999904 -0.701268
0.999883 -0.0153138 -3.40559e-05 -51.7628 0.0153129 0.999798 0.0130002 -3.09159 -0.000165032 -0.0129991 0.999915 -0.735575
0.999868 -0.0160604 -0.00248609 -54.0306 0.0160914 0.999786 0.0130275 -3.24986 0.00227633 -0.0130658 0.999912 -0.765913
0.999878 -0.0155203 -0.00194421 -56.3501 0.0155433 0.999802 0.0124167 -3.42884 0.00175111 -0.0124454 0.999921 -0.802595
0.999885 -0.0151689 -0.00053956 -58.6944 0.0151747 0.999797 0.0132737 -3.61715 0.000338103 -0.0132804 0.999912 -0.848075
0.999885 -0.0151294 -0.000254209 -61.057 0.0151314 0.9998 0.0130261 -3.78773 5.7082e-05 -0.0130285 0.999915 -0.884132
0.999897 -0.0143353 0.000502383 -63.4224 0.0143288 0.999835 0.0111107 -3.97072 -0.000661575 -0.0111024 0.999938 -0.90959
0.999896 -0.0144301 0.000734392 -65.8081 0.0144235 0.999861 0.00830873 -4.1316 -0.000854185 -0.00829727 0.999965 -0.918367
0.999888 -0.014302 0.00427992 -68.201 0.0142696 0.99987 0.0075019 -4.3025 -0.00438665 -0.00743998 0.999963 -0.946567
0.999908 -0.0134002 -0.00187979 -70.6093 0.0134075 0.999902 0.00395141 -4.4858 0.00182666 -0.00397625 0.99999 -0.956454
0.99991 -0.0133591 0.000666822 -73.0489 0.0133552 0.999895 0.00560737 -4.66936 -0.000741661 -0.00559796 0.999984 -0.989774
0.999898 -0.014259 0.000206501 -75.4909 0.0142571 0.999872 0.00719266 -4.84238 -0.000309034 -0.00718898 0.999974 -1.02845
0.999878 -0.0154351 -0.00233672 -77.9511 0.0154543 0.999845 0.00840064 -5.02401 0.0022067 -0.00843573 0.999962 -1.08115
0.999865 -0.0164119 -0.00107973 -80.4171 0.0164177 0.999849 0.00562917 -5.21467 0.00098718 -0.00564614 0.999984 -1.09212
0.999838 -0.0178965 0.00192957 -82.9007 0.0178899 0.999834 0.00335042 -5.40057 -0.00198921 -0.00331535 0.999993 -1.1274
0.999807 -0.0196525 3.82035e-05 -85.405 0.0196523 0.999802 0.00309956 -5.60428 -9.91094e-05 -0.00309821 0.999995 -1.19144
0.999776 -0.0210958 -0.00183774 -87.9048 0.0211002 0.999774 0.00241554 -5.8078 0.00178636 -0.00245377 0.999995 -1.25057
0.999758 -0.0218636 -0.00234614 -90.4174 0.0218703 0.999757 0.00287928 -6.00534 0.00228262 -0.00292989 0.999993 -1.31331
0.999763 -0.0216819 0.00186529 -92.8847 0.021675 0.999758 0.00362738 -6.21301 -0.00194348 -0.00358609 0.999992 -1.35046
0.999768 -0.0214655 0.00167262 -95.3957 0.0214575 0.999759 0.00467006 -6.41223 -0.00177246 -0.00463309 0.999988 -1.36824
0.99977 -0.0212956 0.00229389 -97.9348 0.0212794 0.99975 0.00685112 -6.62117 -0.00243921 -0.00680074 0.999974 -1.40022
0.999753 -0.0221967 -0.000348604 -100.501 0.0221985 0.999732 0.00648255 -6.80652 0.000204621 -0.00648869 0.999979 -1.42403
0.99974 -0.0227276 -0.00182224 -103.07 0.0227406 0.999713 0.00745176 -7.02267 0.00165236 -0.00749126 0.999971 -1.47867
0.999747 -0.0222986 -0.00299261 -105.614 0.0223201 0.999723 0.00737499 -7.24255 0.00282734 -0.00743992 0.999968 -1.51919
0.999724 -0.0232465 -0.0032931 -108.178 0.0232707 0.999701 0.0075156 -7.4521 0.00311741 -0.00759016 0.999967 -1.55063
0.999686 -0.0243396 -0.00599116 -110.739 0.0244016 0.999647 0.0105018 -7.64223 0.00573344 -0.0106447 0.999927 -1.5992
0.999679 -0.0246441 -0.00584619 -113.316 0.0247035 0.999641 0.0103227 -7.81033 0.00558971 -0.0104638 0.99993 -1.67558
0.999701 -0.0244293 0.000120753 -115.918 0.0244269 0.999654 0.00978906 -8.08026 -0.000359849 -0.00978319 0.999952 -1.7239
0.999675 -0.0247179 -0.00623799 -118.546 0.0247737 0.999652 0.00903563 -8.31335 0.00601248 -0.00918723 0.99994 -1.76979
0.999628 -0.0253659 -0.00998208 -121.162 0.0254707 0.99962 0.0105128 -8.52582 0.00971163 -0.0107631 0.999895 -1.82134
0.99965 -0.0255643 -0.0067513 -123.799 0.0256402 0.999606 0.0114095 -8.75617 0.00645696 -0.0115786 0.999912 -1.87808
0.999627 -0.0263149 -0.00731057 -126.442 0.0264151 0.999554 0.0139604 -8.98322 0.00693995 -0.0141483 0.999876 -1.97314
0.999586 -0.0279466 -0.00686425 -129.101 0.0280495 0.999488 0.0153971 -9.21748 0.00643045 -0.0155832 0.999858 -2.05114
0.999474 -0.0296618 -0.0131064 -131.77 0.029869 0.999427 0.015909 -9.45084 0.012627 -0.0162921 0.999788 -2.10142
0.999452 -0.030595 -0.0126487 -134.363 0.0308079 0.999381 0.0169962 -9.67235 0.0121208 -0.0173765 0.999776 -2.15121
0.999461 -0.0317477 -0.00832217 -137.031 0.0318807 0.999358 0.0163645 -9.91456 0.0077973 -0.016621 0.999832 -2.23352
0.999367 -0.034503 -0.00866998 -139.687 0.0345961 0.999343 0.0108306 -10.1776 0.0082906 -0.0111237 0.999904 -2.29095
0.999219 -0.0377218 -0.0117567 -142.354 0.0378293 0.999243 0.00906207 -10.434 0.011406 -0.00949974 0.99989 -2.38356
0.999128 -0.0396547 -0.0130648 -144.989 0.0397567 0.99918 0.00764597 -10.6867 0.0127509 -0.00815871 0.999886 -2.4022
0.999045 -0.0415457 -0.0135158 -147.648 0.0416287 0.999115 0.00592599 -10.9548 0.0132576 -0.00648298 0.999891 -2.4859
0.998903 -0.0438364 -0.0164756 -150.251 0.0439301 0.99902 0.00536929 -11.2352 0.0162241 -0.00608717 0.99985 -2.58011
0.998904 -0.044786 -0.0135668 -152.89 0.0448508 0.998983 0.00451482 -11.5251 0.0133508 -0.00511836 0.999898 -2.65683
0.998766 -0.0468304 -0.0165246 -155.513 0.046933 0.998881 0.00588117 -11.8015 0.0162307 -0.00664946 0.999846 -2.73496
0.998674 -0.0480556 -0.01844 -158.138 0.0481933 0.998813 0.00709497 -12.0479 0.0180772 -0.00797425 0.999805 -2.81349
0.998746 -0.0469923 -0.0172804 -160.754 0.047107 0.99887 0.00629307 -12.3273 0.0169651 -0.0070992 0.999831 -2.87393
0.99877 -0.046634 -0.0168489 -163.344 0.0467402 0.998889 0.00596508 -12.6259 0.016552 -0.00674525 0.99984 -2.97694
0.998783 -0.0460412 -0.0176692 -165.957 0.0461538 0.998916 0.00602091 -12.935 0.0173729 -0.00682908 0.999826 -3.05508
0.998698 -0.0472002 -0.0193633 -168.552 0.0473738 0.99884 0.00860929 -13.2084 0.0189344 -0.00951539 0.999776 -3.13209
0.998664 -0.0477291 -0.0197962 -171.145 0.0479341 0.9988 0.0100144 -13.462 0.0192945 -0.01095 0.999754 -3.21978
0.998656 -0.0474646 -0.0207927 -173.69 0.0476797 0.998813 0.00997781 -13.7287 0.0202944 -0.0109558 0.999734 -3.27624
0.998644 -0.0471254 -0.0220878 -176.286 0.0473779 0.998816 0.0110499 -14.0123 0.021541 -0.0120814 0.999695 -3.37424
0.99863 -0.0453611 -0.0260733 -178.86 0.045742 0.998852 0.0142016 -14.2845 0.0253992 -0.0153748 0.999559 -3.47665
0.998718 -0.0442278 -0.0246058 -181.425 0.0446713 0.998844 0.0177753 -14.5627 0.0237912 -0.0188517 0.999539 -3.56973
0.998699 -0.0437169 -0.0262365 -183.998 0.0441547 0.998891 0.0163438 -14.8276 0.0254929 -0.017481 0.999522 -3.685
0.99856 -0.0437171 -0.031092 -186.571 0.044187 0.998917 0.0145914 -15.1034 0.0304205 -0.0159442 0.99941 -3.78574
0.998514 -0.0446149 -0.0312774 -189.117 0.045055 0.998893 0.0135082 -15.3766 0.0306401 -0.0148973 0.99942 -3.88271
0.998443 -0.0467263 -0.0304617 -191.697 0.0470975 0.998823 0.0115845 -15.6239 0.0298845 -0.0130011 0.999469 -4.01596
0.998385 -0.0473346 -0.0314 -194.241 0.0477269 0.99879 0.0118631 -15.9115 0.0308004 -0.0133426 0.999436 -4.1358
0.998353 -0.0488429 -0.0300937 -196.807 0.0493004 0.998676 0.0146521 -16.2036 0.0293382 -0.0161116 0.99944 -4.26244
0.998169 -0.0501646 -0.0337812 -199.317 0.050788 0.99855 0.0178562 -16.4705 0.0328365 -0.0195392 0.99927 -4.37759
0.998148 -0.0518232 -0.0318299 -201.814 0.0523481 0.998502 0.0158846 -16.7389 0.030959 -0.0175215 0.999367 -4.48671
0.998122 -0.0533885 -0.0300064 -204.367 0.0537542 0.998488 0.0115181 -17.0346 0.0293461 -0.0131094 0.999483 -4.59983
0.997871 -0.05524 -0.0346658 -206.94 0.0555302 0.998429 0.0074643 -17.355 0.0341991 -0.0093734 0.999371 -4.73028
0.997791 -0.056541 -0.0348471 -209.493 0.0567409 0.998377 0.00477273 -17.6653 0.0345207 -0.00673944 0.999381 -4.87082
0.997686 -0.058186 -0.035164 -212.01 0.0584099 0.998278 0.00537311 -17.9531 0.0347908 -0.00741459 0.999367 -5.01744
0.997655 -0.0590768 -0.0345505 -214.522 0.0593477 0.998214 0.00686899 -18.2576 0.034083 -0.00890338 0.999379 -5.14738
0.9975 -0.0603147 -0.036793 -217.069 0.0605846 0.998143 0.00626351 -18.5463 0.036347 -0.00847694 0.999303 -5.28633
0.99729 -0.0611966 -0.0408116 -219.589 0.0613559 0.998112 0.00266125 -18.8539 0.0405718 -0.00515807 0.999163 -5.41351
0.997167 -0.0614091 -0.0434188 -222.093 0.0616207 0.998093 0.00354914 -19.1715 0.0431181 -0.00621459 0.999051 -5.54195
0.997347 -0.0614668 -0.0389742 -224.641 0.0617193 0.998079 0.00530738 -19.4871 0.0385731 -0.00769876 0.999226 -5.69166
0.997246 -0.0614695 -0.0414771 -227.145 0.0617315 0.99808 0.00506374 -19.7741 0.0410862 -0.00761023 0.999127 -5.8167
0.997251 -0.0619529 -0.0406228 -229.706 0.0622371 0.998045 0.00576892 -20.1029 0.040186 -0.0082813 0.999158 -5.97556
0.997195 -0.0616651 -0.0424078 -232.233 0.0619971 0.998055 0.00655647 -20.4115 0.041921 -0.00916724 0.999079 -6.12427
0.997044 -0.0616219 -0.0458804 -234.812 0.0620598 0.998039 0.0081793 -20.7258 0.0452864 -0.0110024 0.998914 -6.27103
0.996886 -0.0630541 -0.0473472 -237.378 0.0635721 0.997932 0.00951333 -21.0214 0.0466495 -0.0124937 0.998833 -6.42545
0.996893 -0.0633707 -0.0467614 -239.974 0.0637575 0.997942 0.00682568 -21.35 0.0462326 -0.00978586 0.998883 -6.59435
0.996844 -0.0639672 -0.0469943 -242.583 0.0643452 0.997906 0.0065735 -21.6776 0.0464754 -0.00957661 0.998874 -6.73073
0.996781 -0.0639294 -0.0483583 -245.171 0.064304 0.997911 0.00622971 -22.0041 0.0478591 -0.00931929 0.998811 -6.89675
0.996769 -0.0636487 -0.0489739 -247.735 0.0639388 0.997944 0.00437844 -22.3186 0.0485945 -0.00749562 0.998791 -7.05519
0.996808 -0.063393 -0.0485103 -250.371 0.063589 0.997973 0.00250507 -22.6409 0.0482532 -0.00558179 0.99882 -7.22301
0.99686 -0.062228 -0.0489529 -252.957 0.0624934 0.998038 0.00390644 -22.966 0.0486137 -0.0069534 0.998794 -7.37824
0.996882 -0.0614537 -0.0494791 -255.598 0.0617459 0.998082 0.00439794 -23.2852 0.049114 -0.00743936 0.998766 -7.55395
0.9968 -0.0604538 -0.0522816 -258.222 0.0606749 0.998154 0.00264983 -23.6007 0.0520249 -0.00581353 0.998629 -7.7242
0.996948 -0.0596347 -0.0503655 -260.873 0.0598095 0.998208 0.00196834 -23.9096 0.0501578 -0.00497466 0.998729 -7.87067
0.996964 -0.058388 -0.0515047 -263.52 0.0586493 0.998272 0.00357473 -24.2155 0.051207 -0.00658459 0.998666 -8.05588
0.99713 -0.0575334 -0.049183 -266.146 0.0578236 0.998317 0.00449648 -24.5353 0.0488416 -0.00732752 0.99878 -8.21798
0.997129 -0.0583225 -0.0482797 -268.798 0.0586687 0.998261 0.00578306 -24.8424 0.0478584 -0.00859895 0.998817 -8.40733
0.996953 -0.0589304 -0.0510839 -271.427 0.0592711 0.998228 0.00517984 -25.1598 0.0506882 -0.00819185 0.998681 -8.58139
0.996759 -0.0621591 -0.0510499 -274.074 0.0626013 0.998013 0.00710766 -25.4676 0.0505067 -0.0102804 0.998671 -8.73474
0.996519 -0.0652165 -0.0519031 -276.719 0.0657756 0.997793 0.0091345 -25.7932 0.0511928 -0.0125167 0.99861 -8.94269
0.996296 -0.0688717 -0.0514587 -279.358 0.0694479 0.99754 0.00949156 -26.1559 0.0506784 -0.0130301 0.99863 -9.1105
0.995798 -0.0731267 -0.055102 -281.989 0.0736638 0.997253 0.00777655 -26.5192 0.054382 -0.0118029 0.99845 -9.26554
0.99554 -0.0771743 -0.0542489 -284.598 0.0776183 0.996964 0.00612214 -26.8861 0.0536117 -0.0103055 0.998509 -9.43515
0.995316 -0.0801701 -0.0540018 -287.222 0.0805151 0.996744 0.00423888 -27.2533 0.0534862 -0.00856699 0.998532 -9.60234
0.995275 -0.0810483 -0.0534568 -289.828 0.0814055 0.996671 0.00453593 -27.6318 0.0529113 -0.00886618 0.99856 -9.78034
0.995224 -0.0826166 -0.0519827 -292.437 0.0829245 0.996549 0.00378967 -27.9822 0.0514902 -0.0080822 0.998641 -9.95852
0.99522 -0.0811639 -0.0542916 -295.001 0.0813647 0.996683 0.00149287 -28.3472 0.0539904 -0.00590315 0.998524 -10.1396
0.99531 -0.0799817 -0.0543871 -297.594 0.080092 0.996787 -0.000152478 -28.7131 0.0542246 -0.00420421 0.99852 -10.2989
0.995383 -0.0783051 -0.0554859 -300.167 0.0783362 0.996926 -0.00161764 -29.0977 0.055442 -0.00273638 0.998458 -10.4776
0.995385 -0.0763158 -0.0581652 -302.734 0.0763944 0.997077 -0.000873742 -29.4495 0.0580619 -0.00357378 0.998307 -10.6551
0.99529 -0.0775809 -0.0581052 -304.773 0.0779696 0.996946 0.00444752 -29.7266 0.0575827 -0.00895701 0.998301 -10.7509
