1 0 0 0 0 1 0 0 0 0 1 0
1 4.09465e-05 -0.000355299 -2.71205 -4.05932e-05 1 0.000994393 -0.154982 0.00035534 -0.000994378 0.999999 -0.0592196
1 -0.000379967 -0.00026558 -5.43832 0.000380073 1 0.000399055 -0.314347 0.000265429 -0.000399156 1 -0.0920879
0.999999 -0.00136041 0.00100355 -8.15333 0.00135917 0.999998 0.00123376 -0.492618 -0.00100523 -0.0012324 0.999999 -0.143764
0.999997 -0.00236326 0.000859277 -10.8926 0.00236342 0.999997 -0.000175493 -0.652022 -0.000858859 0.000177523 1 -0.179381
0.999993 -0.00359863 0.000339233 -13.6361 0.0036 0.999985 -0.00412575 -0.827386 -0.000324381 0.00412695 0.999991 -0.203089
0.999991 -0.00421552 -0.000142783 -16.3653 0.00421499 0.999985 -0.00349206 -0.987381 0.000157502 0.00349143 0.999994 -0.256767
0.999995 -0.00303214 -0.00115771 -19.0768 0.00302987 0.999993 -0.0019585 -1.11501 0.00116364 0.00195498 0.999997 -0.320953
0.999992 -0.00138378 0.00386371 -21.8098 0.00139592 0.999994 -0.00314082 -1.27648 -0.00385934 0.00314619 0.999988 -0.350172
0.999993 0.000364318 0.00385645 -24.545 -0.000359123 0.999999 -0.00134745 -1.45156 -0.00385694 0.00134605 0.999992 -0.400273
0.999998 0.00105276 0.00156936 -27.2949 -0.00105148 0.999999 -0.000818366 -1.65919 -0.00157022 0.000816714 0.999999 -0.427974
0.999997 0.000979502 0.00228872 -29.9871 -0.000982181 0.999999 0.00117001 -1.79295 -0.00228757 -0.00117225 0.999997 -0.474746
1 -0.000300326 0.00104276 -32.712 0.00029818 0.999998 0.00205889 -1.95114 -0.00104337 -0.00205858 0.999997 -0.544273
0.999999 -0.000873682 -0.00108124 -35.4373 0.000876618 0.999996 0.00271735 -2.11481 0.00107886 -0.00271829 0.999996 -0.586797
0.999999 0.000158509 -0.00173126 -38.1487 -0.000152571 0.999994 0.00342913 -2.24195 0.00173179 -0.00342886 0.999993 -0.64091
0.999995 0.000874185 -0.00308294 -40.8882 -0.00086514 0.999995 0.00293373 -2.38697 0.00308549 -0.00293104 0.999991 -0.590673
0.999998 0.0017959 0.00085552 -43.5948 -0.00179863 0.999993 0.00320048 -2.54594 -0.000849768 -0.00320201 0.999995 -0.599894
0.999997 0.00225926 -0.00115288 -46.3024 -0.00225415 0.999988 0.004415 -2.7198 0.00116284 -0.00441239 0.99999 -0.669437
1 8.32557e-05 -0.000470868 -49.0392 -8.00135e-05 0.999976 0.00687895 -2.91389 0.000471428 -0.00687892 0.999976 -0.74951
0.999992 -0.00177277 -0.00348566 -51.775 0.00179351 0.999981 0.00595809 -3.059 0.00347503 -0.00596429 0.999976 -0.790159
0.999988 -0.00319515 -0.00372252 -54.5044 0.00321787 0.999976 0.00611363 -3.23089 0.0037029 -0.00612554 0.999974 -0.845338
0.999986 -0.00229167 -0.00471392 -57.2251 0.00232393 0.999974 0.00684772 -3.39579 0.0046981 -0.00685859 0.999966 -0.870039
0.99998 0.000704296 -0.00625315 -59.9411 -0.00066727 0.999982 0.00592118 -3.51685 0.00625721 -0.00591689 0.999963 -0.90716
0.999963 0.00483071 -0.00710361 -62.6767 -0.00478199 0.999965 0.00685922 -3.68622 0.00713649 -0.006825 0.999951 -0.964271
0.999936 0.00924029 -0.00646943 -65.4153 -0.00919003 0.999928 0.0077548 -3.8405 0.00654062 -0.00769485 0.999949 -1.04623
0.999895 0.0130585 -0.00634772 -68.1363 -0.0129999 0.999873 0.00919385 -3.9846 0.00646697 -0.00911036 0.999938 -1.12345
0.999833 0.0160038 -0.00881149 -70.8301 -0.015921 0.999829 0.00938803 -4.09435 0.00896023 -0.00924618 0.999917 -1.16099
0.999832 0.0160313 -0.00886624 -73.5616 -0.0159445 0.999825 0.00977445 -4.20675 0.00902138 -0.00963145 0.999913 -1.21845
0.999841 0.0157063 -0.00846117 -76.2935 -0.0156141 0.999819 0.0108622 -4.32688 0.00863025 -0.0107284 0.999906 -1.28396
0.999853 0.0144725 -0.00919509 -79.0219 -0.0143538 0.999815 0.0128393 -4.44705 0.0093792 -0.0127054 0.999876 -1.36622
0.999858 0.0132743 -0.0103766 -81.7638 -0.0131308 0.999819 0.0137808 -4.56517 0.0105577 -0.0136426 0.999852 -1.43049
0.999853 0.0122144 -0.0120279 -84.4726 -0.0120397 0.999823 0.0144945 -4.68029 0.0122028 -0.0143476 0.999823 -1.50431
0.999823 0.0112472 -0.0150609 -87.0319 -0.0110598 0.999861 0.012471 -4.82005 0.0151991 -0.0123023 0.999809 -1.57094
0.999701 0.0103502 -0.0221724 -89.3333 -0.0101027 0.999886 0.0112455 -4.96011 0.0222862 -0.0110181 0.999691 -1.59928
0.999731 0.00831245 -0.0216675 -91.4054 -0.00806105 0.9999 0.0116639 -5.06032 0.0217623 -0.0114861 0.999697 -1.66989
0.999834 0.00561016 -0.0173619 -93.3304 -0.00539714 0.99991 0.012292 -5.16322 0.0174293 -0.0121963 0.999774 -1.71578
0.999916 0.00474077 -0.0120741 -95.07 -0.0045833 0.999905 0.0130362 -5.23282 0.0121347 -0.0129798 0.999842 -1.75794
0.999967 0.00320307 -0.00746651 -96.8381 -0.00310707 0.999913 0.0128332 -5.34095 0.00750697 -0.0128096 0.99989 -1.79849
0.999973 0.00184138 -0.00716518 -98.601 -0.0017397 0.999898 0.0141709 -5.46014 0.00719055 -0.014158 0.999874 -1.84176
0.999976 -0.000421432 -0.0069272 -100.32 0.00052042 0.999898 0.0142938 -5.55111 0.00692047 -0.0142971 0.999874 -1.87719
0.99998 -0.00313936 -0.00549599 -102.034 0.00321462 0.999901 0.0137377 -5.65749 0.00545232 -0.0137551 0.999891 -1.90175
0.999964 -0.00642542 -0.00558092 -103.747 0.00650356 0.99988 0.0140973 -5.76922 0.00548967 -0.0141331 0.999885 -1.93575
0.99996 -0.00837988 -0.003275 -105.471 0.00842457 0.999869 0.0138781 -5.89561 0.00315827 -0.0139051 0.999899 -1.98549
0.999949 -0.0100672 -0.00128757 -107.268 0.0100851 0.999841 0.0147483 -6.01783 0.00113889 -0.0147605 0.999891 -2.01858
0.999902 -0.0140334 -0.000131541 -109.09 0.0140338 0.99979 0.0149401 -6.14824 -7.81425e-05 -0.0149404 0.999889 -2.04676
0.99987 -0.01591 0.00286184 -110.965 0.0158679 0.999774 0.0142031 -6.2747 -0.00308716 -0.0141558 0.999895 -2.05213
0.999815 -0.0189763 0.00325575 -112.916 0.0189178 0.999674 0.0171401 -6.42999 -0.00357994 -0.0170753 0.999848 -2.10431
0.998873 -0.0472112 0.00497291 -114.922 0.0470337 0.998406 0.0312106 -6.59311 -0.00643847 -0.0309415 0.999501 -2.17711
0.997272 -0.0737767 0.00248963 -116.932 0.0737226 0.997127 0.0173979 -6.89042 -0.00376603 -0.0171669 0.999846 -2.21105
0.997004 -0.0772597 0.00372421 -118.988 0.0772519 0.99701 0.0022003 -7.18068 -0.00388307 -0.00190601 0.999991 -2.21221
0.997173 -0.0749867 0.00489445 -121.03 0.0749607 0.997173 0.00531389 -7.40463 -0.00527907 -0.00493198 0.999974 -2.21382
0.99751 -0.0703671 0.00467112 -123.077 0.0703513 0.997517 0.00347304 -7.69619 -0.0049039 -0.00313577 0.999983 -2.22835
0.998037 -0.0625466 0.00317632 -125.16 0.0625468 0.998042 3.26806e-05 -7.98516 -0.00317214 0.00016605 0.999995 -2.24601
0.998401 -0.0563162 0.00486152 -127.228 0.0563114 0.998413 0.00111063 -8.2129 -0.00491634 -0.000835097 0.999988 -2.2526
0.998778 -0.0492654 0.00403429 -129.263 0.0492567 0.998784 0.00221975 -8.42654 -0.00413874 -0.00201832 0.99999 -2.29659
0.999048 -0.0434034 0.00444037 -131.324 0.0433939 0.999056 0.00221184 -8.62761 -0.00453217 -0.00201705 0.999988 -2.28423
0.999177 -0.040305 0.00467676 -133.36 0.0402846 0.999179 0.00438209 -8.83397 -0.00484953 -0.00419008 0.99998 -2.32468
0.999159 -0.0401265 0.00849868 -135.456 0.0400843 0.999184 0.0050724 -9.03154 -0.00869527 -0.00472747 0.999951 -2.33081
0.999217 -0.0385342 0.00904021 -137.489 0.0384821 0.999242 0.00586787 -9.22374 -0.00925947 -0.00551539 0.999942 -2.33504
0.99921 -0.0385472 0.00972841 -139.541 0.0384904 0.999242 0.00595867 -9.4289 -0.00995071 -0.00557951 0.999935 -2.32212
0.999192 -0.0381727 0.0125945 -141.588 0.0380974 0.999255 0.00616585 -9.61882 -0.0128205 -0.00568105 0.999902 -2.31621
0.999179 -0.0379105 0.0143458 -143.642 0.0378234 0.999265 0.0062944 -9.80162 -0.0145738 -0.00574662 0.999878 -2.31549
0.99925 -0.0361291 0.0139947 -145.717 0.036027 0.999323 0.00747902 -9.99826 -0.0142554 -0.00696922 0.999874 -2.33087
0.999299 -0.033712 0.0162955 -147.788 0.0335957 0.999409 0.00735911 -10.1972 -0.0165339 -0.00680649 0.99984 -2.34522
0.99934 -0.0324844 0.0162544 -149.925 0.0323492 0.999441 0.00851624 -10.3919 -0.0165219 -0.0079848 0.999832 -2.36788
0.999368 -0.0307814 0.0177814 -152.066 0.0306076 0.999482 0.00996476 -10.5819 -0.0180789 -0.00941422 0.999793 -2.37237
0.999379 -0.0296178 0.0191223 -154.232 0.0294004 0.999501 0.0115517 -10.784 -0.0194549 -0.0109823 0.999751 -2.35995
0.999347 -0.0308771 0.018774 -156.496 0.0306798 0.999472 0.0107048 -10.9893 -0.0190946 -0.0101219 0.999767 -2.33825
0.999227 -0.0328436 0.0216008 -158.774 0.03257 0.999387 0.0129013 -11.204 -0.0220112 -0.0121878 0.999684 -2.37419
0.999176 -0.0347852 0.0209234 -161.079 0.0345034 0.999311 0.0136857 -11.4324 -0.0213851 -0.0129525 0.999688 -2.40143
0.999162 -0.0355456 0.0203255 -163.383 0.0352601 0.999277 0.0142348 -11.634 -0.0208168 -0.0135062 0.999692 -2.37273
0.999069 -0.0385497 0.0193997 -165.754 0.0382795 0.999168 0.0141097 -11.8775 -0.0199275 -0.0133539 0.999713 -2.36535
0.999036 -0.0396805 0.018787 -168.117 0.0393931 0.999105 0.0154297 -12.0927 -0.0193824 -0.0146747 0.999705 -2.35376
0.998892 -0.0427013 0.0198073 -170.573 0.0423997 0.998982 0.0154047 -12.3561 -0.020445 -0.0145478 0.999685 -2.32966
0.998856 -0.0435181 0.0198177 -172.979 0.0431841 0.998923 0.0169783 -12.6152 -0.0205353 -0.0161031 0.99966 -2.32815
0.998843 -0.0454951 0.0155901 -175.451 0.0452271 0.99883 0.0171322 -12.8723 -0.0163513 -0.0164072 0.999732 -2.31497
0.998808 -0.0465863 0.0145937 -177.899 0.0463267 0.998771 0.0176478 -13.1281 -0.0153979 -0.0169507 0.999738 -2.3257
0.998686 -0.0497072 0.0124805 -180.422 0.0494566 0.998584 0.0196396 -13.3857 -0.013439 -0.0189966 0.99973 -2.36188
0.998598 -0.0513606 0.0128607 -182.931 0.0510867 0.998478 0.0207863 -13.6665 -0.0139087 -0.0201002 0.999701 -2.36114
0.998598 -0.0520426 0.0096913 -185.469 0.0518151 0.998406 0.0224047 -13.9662 -0.0108418 -0.0218712 0.999702 -2.37071
0.99849 -0.0535345 0.0123794 -188.044 0.0532202 0.998284 0.024458 -14.2562 -0.0136675 -0.0237622 0.999624 -2.39248
0.998482 -0.0539924 0.0109214 -190.653 0.0537151 0.998262 0.0242587 -14.5519 -0.0122122 -0.0236352 0.999646 -2.4021
0.99845 -0.0545414 0.0111008 -193.286 0.0542505 0.998215 0.0250046 -14.8491 -0.0124448 -0.0243636 0.999626 -2.42273
0.998428 -0.0549835 0.0109035 -195.935 0.0546781 0.998151 0.0265701 -15.1488 -0.0123443 -0.0259322 0.999588 -2.4256
0.998388 -0.0561211 0.0084612 -198.62 0.0558695 0.99806 0.0275066 -15.4705 -0.00998848 -0.0269896 0.999586 -2.42491
0.998354 -0.0568577 0.007567 -201.323 0.0566209 0.99799 0.0284956 -15.7927 -0.00917197 -0.0280202 0.999566 -2.4317
0.998335 -0.0572901 0.00681271 -204.051 0.0570746 0.997965 0.0284612 -16.113 -0.00842938 -0.0280249 0.999572 -2.44613
0.998269 -0.0588038 0.00126016 -206.816 0.0587459 0.997884 0.0278967 -16.4189 -0.00289793 -0.0277744 0.99961 -2.45942
0.998154 -0.0607378 0.000743556 -209.586 0.0606891 0.997716 0.0296747 -16.7602 -0.00254424 -0.0295748 0.99956 -2.52235
0.998025 -0.0628311 -2.16349e-06 -212.386 0.0627997 0.997526 0.0316205 -17.1042 -0.00198459 -0.0315582 0.9995 -2.55955
0.997969 -0.0635651 -0.00420989 -215.172 0.0636677 0.997457 0.0320563 -17.4566 0.00216152 -0.0322592 0.999477 -2.60077
0.997947 -0.063924 -0.00392017 -217.967 0.0640179 0.997419 0.0325156 -17.7883 0.00183152 -0.0326998 0.999464 -2.6326
0.997934 -0.0641085 -0.0042464 -220.77 0.0642134 0.997399 0.0327531 -18.1582 0.0021356 -0.0329581 0.999455 -2.67171
0.99793 -0.0639678 -0.00666203 -223.544 0.0641565 0.997374 0.0336096 -18.492 0.0044946 -0.0339674 0.999413 -2.71842
0.997893 -0.0643553 -0.00831112 -226.342 0.0646059 0.997312 0.03459 -18.8429 0.00606273 -0.035054 0.999367 -2.78286
0.997891 -0.0643978 -0.00824859 -229.138 0.0646437 0.997324 0.0341717 -19.1702 0.00602593 -0.0346328 0.999382 -2.81064
0.99782 -0.0655896 -0.00741182 -231.954 0.0658091 0.997226 0.0347978 -19.5267 0.00510888 -0.0352096 0.999367 -2.87848
0.997706 -0.0670655 -0.00921513 -234.769 0.0673481 0.997121 0.0348565 -19.9011 0.00685093 -0.0353972 0.99935 -2.96476
0.997555 -0.0690845 -0.0105615 -237.58 0.0694132 0.996981 0.0347959 -20.2623 0.00812579 -0.0354439 0.999339 -3.01513
0.997413 -0.0712354 -0.00970582 -240.396 0.0715263 0.996862 0.0339389 -20.6392 0.0072577 -0.0345453 0.999377 -3.06494
0.997314 -0.0725261 -0.0102389 -243.186 0.0728368 0.996758 0.0341993 -21.015 0.00772536 -0.0348532 0.999363 -3.149
0.997244 -0.073281 -0.0116318 -245.926 0.0736499 0.99666 0.0353022 -21.3719 0.00900595 -0.0360616 0.999309 -3.2192
0.997095 -0.0752108 -0.012064 -248.745 0.0755975 0.996501 0.0356543 -21.7457 0.00934016 -0.0364627 0.999292 -3.27446
0.996938 -0.0769054 -0.014167 -251.555 0.0773653 0.996374 0.0354245 -22.129 0.0113913 -0.036412 0.999272 -3.33535
0.996761 -0.0788335 -0.0158903 -254.381 0.079374 0.996163 0.0368735 -22.5331 0.0129224 -0.0380154 0.999194 -3.42614
0.996655 -0.0791787 -0.0202461 -257.154 0.0799083 0.99607 0.0382044 -22.9216 0.0171416 -0.0396944 0.999065 -3.51861
0.996517 -0.0807566 -0.0208118 -259.987 0.0815013 0.995955 0.0378359 -23.3299 0.0176722 -0.0394003 0.999067 -3.59993
0.996279 -0.0825086 -0.0249346 -262.828 0.0834293 0.995771 0.0384661 -23.7331 0.0216554 -0.0404032 0.998949 -3.698
0.996131 -0.0843066 -0.0248153 -265.665 0.0851863 0.995685 0.036829 -24.1332 0.0216033 -0.0388004 0.999014 -3.80477
0.995972 -0.085783 -0.0260967 -268.498 0.0867277 0.995525 0.0375241 -24.5756 0.022761 -0.0396362 0.998955 -3.90104
0.995931 -0.0867035 -0.0245672 -271.305 0.087567 0.995487 0.036573 -24.9821 0.0212854 -0.0385754 0.999029 -4.03615
0.995866 -0.0878043 -0.0232678 -274.15 0.0885788 0.995466 0.0346559 -25.4045 0.0201194 -0.0365737 0.999129 -4.1125
0.995726 -0.088889 -0.0250831 -277.012 0.0896267 0.995524 0.0299984 -25.8298 0.0223043 -0.0321183 0.999235 -4.18145
0.995692 -0.0897358 -0.0233511 -279.874 0.090399 0.995481 0.0290936 -26.2684 0.0206348 -0.0310791 0.999304 -4.27154
0.995432 -0.0904622 -0.030539 -282.738 0.0913505 0.995395 0.0290622 -26.7054 0.0277693 -0.0317191 0.999111 -4.40391
0.995378 -0.091444 -0.0293392 -285.603 0.0922998 0.995301 0.0292749 -27.1332 0.0265244 -0.0318476 0.999141 -4.51452
0.995198 -0.0930578 -0.0303463 -288.479 0.0939657 0.995124 0.0300044 -27.573 0.0274061 -0.0327118 0.999089 -4.62967
0.995189 -0.0931783 -0.0302936 -291.325 0.0940013 0.995207 0.0269808 -28.0096 0.0276344 -0.0296986 0.999177 -4.7227
0.995128 -0.0947441 -0.0272773 -294.215 0.0954011 0.995153 0.0238831 -28.4868 0.0248823 -0.026369 0.999343 -4.85623
0.99491 -0.0959617 -0.0307513 -297.081 0.0966537 0.995078 0.0218605 -28.9314 0.0285022 -0.0247215 0.999288 -5.00259
0.994653 -0.0974992 -0.0340502 -299.964 0.0982722 0.994921 0.0218129 -29.3849 0.0317505 -0.0250425 0.999182 -5.1518
0.994678 -0.0976613 -0.0328309 -302.797 0.0984434 0.994875 0.0231104 -29.8072 0.0304056 -0.0262194 0.999194 -5.29341
0.994651 -0.0987527 -0.0302837 -305.703 0.0994997 0.994743 0.024236 -30.2951 0.0277311 -0.0271196 0.999247 -5.41318
0.994534 -0.0992898 -0.0323029 -308.594 0.100182 0.994595 0.0272865 -30.7738 0.029419 -0.0303735 0.999106 -5.5239
0.994383 -0.0994921 -0.0361122 -311.47 0.100503 0.994561 0.0273454 -31.2234 0.0331951 -0.0308212 0.998974 -5.65017
0.993958 -0.102117 -0.0402491 -314.278 0.103307 0.994237 0.0286579 -31.6869 0.0370906 -0.0326427 0.998779 -5.78797
