1 0 0 0 0 1 0 0 0 0 1 0
1 8.84069e-05 -0.000382921 -0.00154219 -8.84394e-05 1 -8.47994e-05 -0.000901875 0.000382914 8.48332e-05 1 0.00303778
1 9.1886e-05 -0.000418616 -0.000587423 -9.18439e-05 1 0.000100678 0.00101441 0.000418625 -0.00010064 1 -0.00104
1 7.33072e-05 -0.000447897 -0.000802028 -7.33091e-05 1 -4.1598e-06 0.00251512 0.000447896 4.19262e-06 1 -0.000922942
1 0.000182488 -0.000546577 -0.00132215 -0.000182488 1 9.12527e-07 0.00440329 0.000546577 -8.12795e-07 1 -0.000778908
1 8.41152e-05 -0.000770847 -0.00656432 -8.40721e-05 1 5.59784e-05 -0.000370204 0.000770852 -5.59135e-05 1 -0.0047041
1 0.000121418 -0.000774921 -0.00539136 -0.000121325 1 0.000120382 -0.00219154 0.000774936 -0.000120288 1 -0.00572731
1 0.000171903 -0.000955197 -0.00487242 -0.000171829 1 7.79966e-05 0.000306987 0.00095521 -7.78324e-05 1 -0.00349705
1 0.000281315 -0.00101445 0.0071664 -0.000281148 1 0.000164749 0.00280872 0.00101449 -0.000164464 1 -0.00337433
0.999999 0.000216946 -0.0010791 -0.00232012 -0.000216613 1 0.000308408 0.00354094 0.00107917 -0.000308174 1 -0.011656
1 0.000155033 -0.000939488 -0.00680504 -0.000154984 1 5.25878e-05 0.00174016 0.000939496 -5.24422e-05 1 7.26199e-05
0.999999 0.000195227 -0.00127524 -0.00730117 -0.000195049 1 0.000139706 0.000152138 0.00127526 -0.000139457 0.999999 -0.0111366
0.999999 0.000183088 -0.0011468 -0.0065978 -0.000182796 1 0.000255095 -0.002341 0.00114685 -0.000254885 0.999999 -0.0123797
1 0.000246093 -0.000777672 -0.00499073 -0.00024588 1 0.000273433 -0.0011434 0.000777739 -0.000273241 1 -0.0121425
1 0.000275829 -0.000694904 -0.00205152 -0.000275792 1 5.33638e-05 0.00372258 0.000694918 -5.31722e-05 1 -0.00289427
1 0.000212767 -0.000768018 -0.00341523 -0.000212678 1 0.000115921 0.000247719 0.000768042 -0.000115757 1 -0.00273925
1 0.000162432 -0.000807189 -0.0047724 -0.000162175 1 0.000317742 -0.00320886 0.000807241 -0.000317611 1 -0.00261778
1 0.000217214 -0.000372954 -0.00497128 -0.000217123 1 0.000246117 -0.00235163 0.000373007 -0.000246036 1 -0.00341469
1 0.000258405 -0.000725791 -0.00621426 -0.000258252 1 0.000210671 -0.00149608 0.000725845 -0.000210483 1 -0.00402745
1 0.000244978 -0.000353477 -0.00690432 -0.000244867 1 0.000313374 0.000785587 0.000353553 -0.000313288 1 -0.00479902
1 0.000284389 -0.000304625 -0.00700328 -0.000284277 1 0.00036947 -0.00415477 0.000304729 -0.000369383 1 -0.00770936
1 0.000285581 -0.000538411 -0.0101845 -0.000285493 1 0.000164018 0.00588604 0.000538458 -0.000163864 1 -0.00412721
1 0.000267087 -0.000746287 -0.00772364 -0.00026674 1 0.000465966 -0.000430782 0.000746411 -0.000465767 1 -0.0126262
1 0.000278665 -0.000676919 -0.00271012 -0.000278416 1 0.000367673 -0.00389027 0.000677021 -0.000367485 1 -0.0150817
1 0.000295796 -0.000611248 -0.00571795 -0.000295573 1 0.000365481 -0.00146784 0.000611356 -0.0003653 1 -0.0120531
1 0.000320186 -0.000593778 -0.00659025 -0.00032004 1 0.000245094 -0.00160983 0.000593856 -0.000244904 1 -0.012312
1 0.000352213 -0.000879924 -0.00560161 -0.000351946 1 0.00030438 0.00972712 0.000880031 -0.000304071 1 -0.0128235
1 0.000266337 -0.00111451 -0.00919706 -0.000266047 1 0.000260503 0.000845007 0.00111458 -0.000260206 1 -0.0157172
1 0.000290355 -0.00108041 -0.0106464 -0.000290023 1 0.000307396 -0.00265644 0.0010805 -0.000307082 1 -0.0172175
0.999999 0.000443075 -0.00112235 -0.00131906 -0.000443446 1 -0.000330735 -0.00784535 0.00112221 0.000331233 1 -0.0232283
0.999999 0.000406767 -0.00112147 -0.0048711 -0.000407003 1 -0.000210236 -0.00188571 0.00112139 0.000210692 1 -0.0341832
0.999999 0.000357076 -0.00110715 -0.0144422 -0.00035734 1 -0.000239095 0.000710886 0.00110706 0.00023949 1 -0.0375334
0.999999 0.000349838 -0.00157845 -0.0114013 -0.000348596 1 0.000787008 -0.00152069 0.00157873 -0.000786457 0.999999 -0.0218709
0.999999 0.000432251 -0.00161559 0.000363215 -0.000430961 1 0.000798912 -0.00407514 0.00161594 -0.000798215 0.999999 -0.0213243
0.999998 0.000561519 -0.00192911 0.0057026 -0.000559588 1 0.00100105 -0.0106983 0.00192967 -0.000999967 0.999998 -0.023666
0.999998 0.000569713 -0.00215802 0.00289892 -0.00056712 0.999999 0.00120183 -0.00684187 0.00215871 -0.0012006 0.999997 -0.0325203
0.999998 0.000568785 -0.0021341 0.00405637 -0.000566357 0.999999 0.00113814 -0.00589813 0.00213475 -0.00113693 0.999997 -0.0278995
0.999997 0.000618052 -0.00264004 0.00511675 -0.000614809 0.999999 0.00122893 -0.00500489 0.0026408 -0.0012273 0.999996 -0.0259417
0.999996 0.000620084 -0.00277602 0.00946951 -0.000616184 0.999999 0.00140535 -0.0113902 0.00277689 -0.00140364 0.999995 -0.0294691
0.999996 0.000706883 -0.00273596 0.0186433 -0.000703028 0.999999 0.00140973 -0.0115277 0.00273695 -0.0014078 0.999996 -0.0303085
0.999997 0.000680869 -0.00244073 0.0186021 -0.000677827 0.999999 0.00124667 -0.0137655 0.00244158 -0.00124501 0.999996 -0.0185354
0.999997 0.000707649 -0.00247687 0.0120803 -0.000704525 0.999999 0.00126178 -0.00683078 0.00247776 -0.00126003 0.999996 -0.0238859
0.999997 0.000661095 -0.00249124 0.0142071 -0.000657793 0.999999 0.00132621 -0.0131245 0.00249211 -0.00132457 0.999996 -0.0242997
0.999997 0.000704992 -0.002617 0.0145144 -0.000701653 0.999999 0.00127632 -0.0126175 0.0026179 -0.00127448 0.999996 -0.023082
0.999997 0.000689204 -0.00266574 0.0132242 -0.000685635 0.999999 0.00133958 -0.0145079 0.00266666 -0.00133775 0.999996 -0.0214749
0.999996 0.000748873 -0.00273914 0.02439 -0.000745082 0.999999 0.00138444 -0.00770914 0.00274017 -0.00138239 0.999996 -0.0245913
0.999996 0.000737261 -0.00275108 0.0179391 -0.000733335 0.999999 0.00142768 -0.0150486 0.00275212 -0.00142566 0.999995 -0.0250809
0.999997 0.000649335 -0.00251664 0.0169869 -0.000646071 0.999999 0.00129739 -0.0174415 0.00251748 -0.00129576 0.999996 -0.0246071
0.999997 0.000726796 -0.00258349 0.0169808 -0.000723097 0.999999 0.00143236 -0.0106886 0.00258453 -0.00143049 0.999996 -0.0241745
0.999996 0.000668732 -0.0027215 0.013486 -0.000664917 0.999999 0.00140239 -0.0113502 0.00272244 -0.00140058 0.999996 -0.0288465
0.999997 0.000586395 -0.00267459 0.0125849 -0.00058243 0.999999 0.00148319 -0.0156424 0.00267545 -0.00148162 0.999996 -0.0272362
0.999996 0.000784835 -0.00292312 0.0126941 -0.00078068 0.999999 0.00142231 -0.00487409 0.00292423 -0.00142002 0.999995 -0.0278469
0.999997 0.000919485 -0.00257553 0.0117014 -0.00091579 0.999999 0.0014355 0.0015937 0.00257684 -0.00143314 0.999996 -0.0276157
0.999997 0.000956302 -0.00235265 0.0013602 -0.000952954 0.999999 0.0014239 0.00079506 0.00235401 -0.00142166 0.999996 -0.0336471
0.999999 0.00110324 -0.00153608 -0.0113408 -0.00110127 0.999999 0.00128693 -0.00188318 0.00153749 -0.00128524 0.999998 -0.0352268
1 0.00102013 0.000650325 -0.0748048 -0.00102124 0.999999 0.00171229 -0.00295558 -0.000648578 -0.00171295 0.999999 -0.0324126
0.999992 0.00091797 0.0040812 -0.185608 -0.00092331 0.999999 0.0013069 -0.0146306 -0.00408 -0.00131066 0.999991 -0.0252476
0.999976 0.00138279 0.00686874 -0.375286 -0.00138634 0.999999 0.000512271 -0.028641 -0.00686802 -0.000521781 0.999977 -0.0168921
0.999966 0.00298053 0.00773036 -0.646733 -0.00298606 0.999996 0.000704159 -0.0325486 -0.00772822 -0.000727219 0.99997 -0.0299649
0.999941 0.00650421 0.00870713 -1.02321 -0.00650565 0.999979 0.0001369 -0.0508787 -0.00870606 -0.000193538 0.999962 -0.0386375
0.999885 0.0120283 0.00929497 -1.49557 -0.0120342 0.999928 0.000583748 -0.0687377 -0.00928728 -0.000695539 0.999957 -0.0460762
0.999823 0.0158269 0.0102159 -2.08552 -0.0158319 0.999875 0.000402301 -0.0819785 -0.0102083 -0.000563967 0.999948 -0.0553368
0.999842 0.0149324 0.00973221 -2.78631 -0.0149328 0.999889 -2.44691e-05 -0.120921 -0.00973149 -0.000120865 0.999953 -0.051647
0.999891 0.0123607 0.0080838 -3.58296 -0.0123706 0.999923 0.00117642 -0.155551 -0.00806863 -0.00127629 0.999967 -0.0717467
0.99992 0.00826809 0.00963461 -4.44228 -0.00827257 0.999966 0.000425771 -0.197444 -0.00963076 -0.00050544 0.999954 -0.0730134
0.999958 0.00273913 0.00876966 -5.40957 -0.00272241 0.999995 -0.00191782 -0.261385 -0.00877486 0.00189387 0.99996 -0.11397
0.999939 -0.00210387 0.01091 -6.41045 0.00210794 0.999998 -0.000361983 -0.334057 -0.0109092 0.000384958 0.999941 -0.124102
0.999936 -0.00447946 0.0104756 -7.51985 0.00449049 0.99999 -0.00102873 -0.395288 -0.0104709 0.0010757 0.999945 -0.125774
0.999907 -0.00570621 0.0124396 -8.71946 0.00571017 0.999984 -0.000282768 -0.482942 -0.0124378 0.000353773 0.999923 -0.150363
0.999778 -0.00632984 0.0201291 -9.95437 0.0063182 0.999981 0.000642162 -0.584072 -0.0201328 -0.000514839 0.999797 -0.162363
0.999587 -0.00577413 0.0281526 -11.262 0.00588177 0.999976 -0.00374216 -0.658186 -0.0281303 0.0039062 0.999597 -0.158327
0.999643 -0.00633357 0.0259759 -12.6868 0.00633727 0.999981 -6.02392e-05 -0.770299 -0.025975 0.000224834 0.999663 -0.184481
0.999685 -0.00674837 0.0242147 -14.1762 0.00682463 0.999973 -0.00306799 -0.847048 -0.0241933 0.00323227 0.999702 -0.161183
0.999675 -0.00815157 0.0241842 -15.7203 0.00817078 0.999967 -0.000695216 -0.960418 -0.0241777 0.000892594 0.999708 -0.172525
0.999775 -0.0079653 0.019704 -17.3373 0.00794015 0.999968 0.00135443 -1.05148 -0.0197141 -0.00119767 0.999805 -0.171213
0.999936 -0.00793692 0.00809837 -19.0832 0.00791127 0.999964 0.0031952 -1.17993 -0.00812344 -0.00313093 0.999962 -0.192937
0.999962 -0.00785435 -0.0039536 -20.9088 0.00787363 0.999958 0.00488548 -1.28784 0.00391505 -0.00491641 0.999981 -0.246755
0.999813 -0.00821611 -0.0175264 -22.8286 0.00827321 0.999961 0.00318743 -1.4134 0.0174995 -0.00333183 0.999842 -0.309225
0.999528 -0.00856513 -0.0295124 -24.8189 0.00864376 0.99996 0.00253767 -1.54682 0.0294894 -0.00279157 0.999562 -0.389873
0.999457 -0.0080918 -0.031949 -26.8499 0.00823484 0.999957 0.00434814 -1.67812 0.0319124 -0.00460887 0.99948 -0.520191
0.999307 -0.00796395 -0.0363757 -28.9998 0.00807279 0.999964 0.00284614 -1.81419 0.0363516 -0.00313782 0.999335 -0.649938
0.998648 -0.00726046 -0.0514847 -31.2394 0.00732956 0.999973 0.00115356 -1.98376 0.0514749 -0.00152936 0.998674 -0.816766
0.999219 -0.00646478 -0.0389968 -33.4744 0.00653311 0.999978 0.00162499 -2.1362 0.0389854 -0.00187849 0.999238 -0.959722
0.999677 -0.00471744 -0.0249778 -35.7524 0.00472353 0.99999 0.000184869 -2.27196 0.0249766 -0.000302791 0.999688 -1.089
0.999362 -0.00218227 -0.0356494 -38.0886 0.00234752 0.999987 0.00459443 -2.44518 0.0356389 -0.00467518 0.999354 -1.19484
0.999235 0.00258473 -0.0390413 -40.4449 -0.00244397 0.999991 0.00365275 -2.55873 0.0390503 -0.00355453 0.999231 -1.30973
0.999606 0.00849693 -0.0267633 -42.7533 -0.00831078 0.999941 0.00705915 -2.67683 0.0268217 -0.00683394 0.999617 -1.48198
0.998987 0.0159146 -0.0421038 -45.1368 -0.01576 0.999869 0.00400253 -2.77397 0.0421619 -0.00333492 0.999106 -1.62184
0.998646 0.0222168 -0.0470445 -47.5121 -0.0220407 0.999749 0.00425841 -2.8854 0.0471272 -0.00321574 0.998884 -1.7016
0.998985 0.0272218 -0.0359073 -49.8556 -0.0270404 0.99962 0.0055281 -2.96876 0.0360441 -0.00455154 0.99934 -1.82001
0.998952 0.0302928 -0.0343151 -52.188 -0.0300619 0.999523 0.0072256 -3.02424 0.0345176 -0.00618644 0.999385 -1.93557
0.998818 0.0313048 -0.0371858 -54.5343 -0.0310295 0.999488 0.00795655 -3.07763 0.0374158 -0.00679328 0.999277 -2.01567
0.998948 0.0313005 -0.0335284 -56.8481 -0.0310056 0.999477 0.00927995 -3.15304 0.0338013 -0.00823061 0.999395 -2.10965
0.999151 0.0318326 -0.026173 -59.1469 -0.0315501 0.999441 0.0111361 -3.19217 0.0265129 -0.0103009 0.999596 -2.24373
0.999248 0.0326269 -0.0209479 -61.4167 -0.0322656 0.999329 0.0173613 -3.23606 0.0215003 -0.0166724 0.99963 -2.3375
0.999102 0.0329601 -0.0266382 -63.7251 -0.0324226 0.999268 0.0203634 -3.29198 0.0272899 -0.0194814 0.999438 -2.41143
0.999149 0.0335401 -0.0240145 -65.9908 -0.0331304 0.999303 0.0172609 -3.36076 0.0245767 -0.0164505 0.999563 -2.49194
0.999143 0.0344406 -0.0229904 -68.2389 -0.0340899 0.9993 0.0154784 -3.43725 0.0235074 -0.0146814 0.999616 -2.58723
0.999104 0.0352423 -0.023467 -70.4763 -0.0348682 0.999262 0.0161654 -3.45752 0.0240194 -0.0153327 0.999594 -2.68895
0.999108 0.0353932 -0.0230302 -72.7078 -0.03507 0.999283 0.0142905 -3.51879 0.0235195 -0.0134701 0.999633 -2.76259
0.999179 0.0360352 -0.0185089 -74.9462 -0.0358228 0.999291 0.0116794 -3.58897 0.0189166 -0.0110068 0.999761 -2.82301
0.999125 0.0356236 -0.021918 -77.1847 -0.0353724 0.999306 0.0117433 -3.66004 0.0223211 -0.0109577 0.999691 -2.91095
0.999186 0.0343471 -0.0211888 -79.4098 -0.0340877 0.999342 0.0124823 -3.70393 0.0216035 -0.0117499 0.999698 -2.98154
0.99938 0.0321972 -0.014277 -81.5703 -0.0320467 0.999431 0.010651 -3.78111 0.0146118 -0.0101869 0.999842 -3.0359
0.999405 0.0301472 -0.0167759 -83.7666 -0.0300444 0.999529 0.00635283 -3.86821 0.0169595 -0.00584502 0.99984 -3.11301
0.99942 0.0285924 -0.0185289 -85.9527 -0.0284009 0.999542 0.0105179 -3.94965 0.0188211 -0.00998559 0.999774 -3.17073
0.999226 0.0284728 -0.0271642 -88.1941 -0.0281149 0.999515 0.0134666 -3.95187 0.0275344 -0.0126924 0.999541 -3.2629
0.999353 0.0274035 -0.0232956 -90.436 -0.0270403 0.999511 0.015767 -4.02905 0.0237162 -0.0151269 0.999605 -3.38509
0.999441 0.0274961 -0.0190209 -92.6541 -0.0272459 0.999541 0.0132915 -4.10204 0.0193776 -0.0127658 0.999731 -3.45426
0.999449 0.0278163 -0.0180993 -94.889 -0.0276005 0.999547 0.0120684 -4.17976 0.0184268 -0.0115622 0.999764 -3.53426
0.999493 0.0273461 -0.0163296 -97.1226 -0.027186 0.999582 0.00994544 -4.26276 0.0165947 -0.00949646 0.999818 -3.57817
0.999529 0.0271206 -0.0143637 -99.3661 -0.026975 0.999585 0.0102326 -4.32632 0.0146352 -0.00984033 0.999845 -3.63215
0.999542 0.0274816 -0.0126849 -101.568 -0.0273358 0.999561 0.0115279 -4.37693 0.0129961 -0.0111758 0.999854 -3.71127
0.999535 0.027946 -0.0122425 -103.826 -0.0277901 0.999534 0.0127221 -4.44759 0.0125923 -0.0123759 0.999845 -3.79111
0.999534 0.0278389 -0.0125484 -106.074 -0.0276316 0.999485 0.0164032 -4.50252 0.0129986 -0.0160488 0.999787 -3.85139
0.999582 0.0276812 -0.00836131 -108.328 -0.0275216 0.999448 0.0186352 -4.56994 0.00887252 -0.0183973 0.999792 -3.90036
0.999624 0.026541 -0.00686204 -110.565 -0.026425 0.999516 0.0164815 -4.65309 0.00729612 -0.0162939 0.999841 -3.95852
0.999667 0.0254246 -0.00436073 -112.826 -0.0253419 0.999516 0.0180702 -4.74907 0.00481802 -0.0179536 0.999828 -4.00108
0.999692 0.0245973 -0.00338292 -115.076 -0.0245467 0.999598 0.0142592 -4.82716 0.00373227 -0.0141717 0.999893 -4.03575
0.99972 0.0236345 -0.000937245 -117.321 -0.0236192 0.999625 0.0139222 -4.90789 0.00126592 -0.0138962 0.999903 -4.04995
0.9997 0.0238003 0.00580532 -119.52 -0.0238825 0.99961 0.0145209 -4.98337 -0.00545747 -0.0146552 0.999878 -4.11314
0.999699 0.0237615 -0.00620246 -121.788 -0.0236574 0.999587 0.0163512 -5.09686 0.0065884 -0.0161995 0.999848 -4.14036
0.999664 0.024668 -0.00797774 -124.034 -0.0245307 0.999558 0.0168802 -5.15131 0.00839058 -0.0166789 0.999826 -4.20632
0.999667 0.0255156 -0.00374117 -126.245 -0.0254471 0.999527 0.0173314 -5.20885 0.00418159 -0.0172304 0.999843 -4.25536
0.999636 0.0258533 -0.0076661 -128.474 -0.025711 0.999506 0.018122 -5.34428 0.0081308 -0.0179184 0.999807 -4.24179
0.999629 0.0262237 -0.00734788 -129.59 -0.0260751 0.999468 0.0196358 -5.36249 0.00785887 -0.0194369 0.999781 -4.29429
