1 0 0 0 0 1 0 0 0 0 1 0
0.999987 -0.00314244 -0.00404835 -2.22163 0.00313865 0.999995 -0.000941172 -0.118202 0.00405128 0.000928453 0.999991 -0.0201783
0.999969 -0.00552903 -0.00552935 -4.43281 0.00552097 0.999984 -0.00147171 -0.228366 0.0055374 0.00144114 0.999984 -0.028418
0.999971 -0.00641415 -0.00419082 -6.61967 0.00639657 0.999971 -0.00419417 -0.384087 0.0042176 0.00416724 0.999982 -0.0704304
0.999984 -0.00568639 -0.000359515 -8.78128 0.0056864 0.999984 8.07107e-06 -0.502904 0.000359464 -1.01156e-05 1 -0.124819
0.99999 -0.00395306 -0.00230655 -10.9093 0.00395382 0.999992 0.0003248 -0.612251 0.00230525 -0.000333917 0.999997 -0.140348
0.999994 -0.00243164 -0.00237159 -13.0222 0.0024326 0.999997 0.000400545 -0.728593 0.00237061 -0.000406313 0.999997 -0.175795
0.99999 -0.00145261 -0.00411816 -15.1077 0.00145193 0.999999 -0.000167407 -0.821014 0.0041184 0.000161426 0.999991 -0.20091
0.999992 0.00106736 -0.00388997 -17.1445 -0.00107583 0.999997 -0.00217648 -0.926908 0.00388764 0.00218065 0.99999 -0.234684
0.999987 0.00467878 -0.00173702 -19.1364 -0.0046778 0.999989 0.000568196 -1.01127 0.00173966 -0.000560064 0.999998 -0.2811
0.999965 0.00765164 0.00344664 -21.0787 -0.00764926 0.999971 -0.000704283 -1.09585 -0.00345193 0.000677893 0.999994 -0.299676
0.999931 0.0110062 0.00408785 -22.9511 -0.0109843 0.999925 -0.0053523 -1.18024 -0.00414645 0.00530703 0.999977 -0.320266
0.99991 0.0133093 -0.00177673 -24.8041 -0.0133073 0.999911 0.00115951 -1.22156 0.001792 -0.00113577 0.999998 -0.361733
0.999846 0.0174123 0.00201309 -26.5745 -0.0173936 0.999808 -0.00899687 -1.28917 -0.00216936 0.00896047 0.999958 -0.345113
0.999795 0.0202513 8.85153e-05 -28.296 -0.0202515 0.999786 0.00430711 -1.32587 -1.27088e-06 -0.00430802 0.999991 -0.366211
0.999651 0.0223505 -0.0140771 -29.9746 -0.0224217 0.999737 -0.00491613 -1.37259 0.0139635 0.00523004 0.999889 -0.393421
0.999807 0.0191917 -0.00413762 -31.5957 -0.0192089 0.999807 -0.00417526 -1.43055 0.00405669 0.00425394 0.999983 -0.415636
0.999837 0.0180184 0.000631309 -33.1356 -0.0180161 0.999832 -0.00351831 -1.47519 -0.000694597 0.00350636 0.999994 -0.448469
0.99984 0.0141522 -0.0109312 -34.6488 -0.01421 0.999886 -0.00522501 -1.53539 0.010856 0.0053795 0.999927 -0.464219
0.99991 0.00910562 -0.00986372 -36.0823 -0.00910834 0.999959 -0.000232024 -1.58646 0.0098612 0.000321843 0.999951 -0.483591
0.999966 0.00304485 -0.00765509 -37.4544 -0.00303445 0.999995 0.00136855 -1.64614 0.00765921 -0.00134528 0.99997 -0.508413
0.99995 -0.00128003 -0.00987068 -38.7629 0.00129594 0.999998 0.00160422 -1.71687 0.0098686 -0.00161693 0.99995 -0.526034
0.999969 -0.00618083 0.00474547 -40.0037 0.00619805 0.999975 -0.00361932 -1.80246 -0.00472298 0.00364862 0.999982 -0.527917
0.999204 -0.0117587 0.0381155 -41.1694 0.0120291 0.999904 -0.00687197 -1.89793 -0.038031 0.00732499 0.99925 -0.525891
0.999446 -0.0172638 0.0284474 -42.3374 0.0174309 0.999833 -0.00563666 -1.96748 -0.0283453 0.0061294 0.999579 -0.539686
0.999793 -0.0192258 -0.00663002 -43.5224 0.0191053 0.999659 -0.0177916 -2.06313 0.00696981 0.0176612 0.99982 -0.528254
0.999732 -0.0191497 -0.0129757 -44.6681 0.0189496 0.999703 -0.0153704 -2.1478 0.0132662 0.0151204 0.999798 -0.499206
0.999645 -0.0159603 -0.0213234 -45.7812 0.0157555 0.999829 -0.00973918 -2.20378 0.0214752 0.00939976 0.999725 -0.546137
0.999518 -0.0151422 -0.0270839 -46.9127 0.0147897 0.999804 -0.0131698 -2.2885 0.027278 0.0127629 0.999547 -0.566108
0.999835 -0.017484 -0.00491707 -47.9961 0.017449 0.999823 -0.00708748 -2.35866 0.00504011 0.00700051 0.999963 -0.579155
0.999742 -0.0186833 0.0128674 -49.0748 0.0187268 0.99982 -0.00327388 -2.42458 -0.0128039 0.003514 0.999912 -0.626233
0.99981 -0.0194374 -0.000881848 -50.2108 0.0194292 0.999775 -0.00859353 -2.52308 0.00104868 0.00857477 0.999963 -0.629186
0.999804 -0.0197544 -0.000601457 -51.3609 0.0197482 0.999765 -0.00896234 -2.60385 0.000778352 0.0089487 0.99996 -0.624808
0.999815 -0.0171169 0.00869511 -52.5011 0.0171898 0.999817 -0.00837543 -2.67712 -0.00855017 0.00852335 0.999927 -0.659385
0.999862 -0.0134527 0.00967441 -53.7144 0.01356 0.999847 -0.0111137 -2.73343 -0.00952343 0.0112433 0.999892 -0.669345
0.999953 -0.00697907 0.00667259 -54.9834 0.00702256 0.999954 -0.00651458 -2.80981 -0.00662683 0.00656113 0.999957 -0.677616
0.999984 -0.00258462 0.00497253 -56.3213 0.00261741 0.999975 -0.0065971 -2.86593 -0.00495536 0.00661 0.999966 -0.68748
0.999978 -0.00122552 0.00649264 -57.7087 0.00124072 0.999997 -0.00233735 -2.95229 -0.00648977 0.00234535 0.999976 -0.698892
0.999963 -0.00182327 0.00842141 -59.1508 0.00185094 0.999993 -0.0032772 -3.03156 -0.00841539 0.00329266 0.999959 -0.707271
0.999967 -0.00320268 0.00740971 -60.6627 0.00322679 0.99999 -0.00324395 -3.12461 -0.00739926 0.00326775 0.999967 -0.749837
0.999984 -0.00394922 0.0040489 -62.2417 0.00398591 0.999951 -0.00909142 -3.20941 -0.00401281 0.0091074 0.999951 -0.752043
0.999974 -0.00416629 0.00585727 -63.8609 0.00421341 0.999959 -0.00805311 -3.29756 -0.0058235 0.00807757 0.999951 -0.780166
0.999939 -0.00176292 0.0108605 -65.5305 0.00179823 0.999993 -0.00324167 -3.37317 -0.0108547 0.003261 0.999936 -0.813637
0.999963 0.00014699 0.0085911 -67.2794 -0.000106096 0.999989 -0.00475916 -3.44591 -0.00859172 0.00475806 0.999952 -0.822443
0.999991 0.00104796 0.00396695 -69.0791 -0.00105858 0.999996 0.0026759 -3.52906 -0.00396415 -0.00268008 0.999989 -0.853075
0.999931 0.00261131 0.0114037 -70.9316 -0.00261055 0.999997 -8.03165e-05 -3.61814 -0.0114038 5.05347e-05 0.999935 -0.885095
0.99993 0.00122696 0.0117557 -72.8458 -0.00120988 0.999998 -0.00145894 -3.72292 -0.0117575 0.0014446 0.99993 -0.898284
0.999977 0.000785126 0.00674726 -74.8173 -0.000751679 0.999987 -0.00495683 -3.82542 -0.00675109 0.00495164 0.999965 -0.908471
0.999967 2.13163e-05 0.00811219 -76.823 3.94879e-05 0.999972 -0.00749399 -3.93273 -0.00811214 0.00749406 0.999939 -0.914351
0.999922 0.000572036 0.0124131 -78.8573 -0.000512038 0.999988 -0.0048353 -4.03266 -0.0124157 0.00482856 0.999911 -0.936628
0.999998 0.00120443 0.00141717 -80.948 -0.00120181 0.999998 -0.0018366 -4.12809 -0.00141939 0.00183489 0.999997 -0.961182
0.999997 0.00131371 0.0018674 -83.0529 -0.00131478 0.999999 0.000575804 -4.23089 -0.00186666 -0.000578265 0.999998 -0.999985
0.99997 0.00109131 0.00762403 -85.2 -0.00108266 0.999999 -0.00113635 -4.34889 -0.00762527 0.00112806 0.99997 -1.05743
0.99992 -0.000199929 0.0125839 -87.3544 0.000172271 0.999998 0.0021997 -4.45691 -0.0125843 -0.00219736 0.999918 -1.07915
0.999991 -0.000341488 -0.0040753 -89.547 0.000381796 0.999951 0.00989172 -4.55208 0.00407172 -0.00989319 0.999943 -1.05856
0.999999 -0.000833027 0.000390178 -91.744 0.000828038 0.99992 0.0126411 -4.6523 -0.000400689 -0.0126408 0.99992 -1.10336
0.999965 -0.00115349 0.00824552 -93.9413 0.00105185 0.999924 0.0123214 -4.76122 -0.00825912 -0.0123123 0.99989 -1.14297
0.999994 -0.000797538 0.0033079 -96.1557 0.000748147 0.999889 0.0149088 -4.87148 -0.00331944 -0.0149062 0.999883 -1.18639
0.999992 -0.000824572 0.00374982 -98.3966 0.000764333 0.999871 0.0160404 -4.97838 -0.00376258 -0.0160374 0.999864 -1.21884
0.999967 -0.00111388 0.0080423 -100.63 0.000990966 0.999883 0.0152725 -5.07746 -0.00805838 -0.015264 0.999851 -1.23377
0.999973 -6.79789e-06 0.00724051 -102.862 -8.67782e-05 0.999916 0.0129249 -5.2092 -0.00724002 -0.0129252 0.99989 -1.24167
0.999962 -0.00056325 0.00869252 -105.11 0.00048313 0.999957 0.00921752 -5.32514 -0.00869736 -0.00921298 0.99992 -1.26955
0.999963 -0.00158761 0.0083648 -107.37 0.00150414 0.999949 0.00997705 -5.4444 -0.00838023 -0.00996411 0.999915 -1.27184
0.99997 -0.00255582 0.0072268 -109.631 0.0025056 0.999973 0.00695073 -5.56998 -0.00724438 -0.00693243 0.99995 -1.27299
0.999924 -0.00344825 0.0117937 -111.869 0.00340514 0.999987 0.00367442 -5.69472 -0.0118062 -0.00363399 0.999924 -1.30233
0.999912 -0.00317581 0.0128614 -114.123 0.00307749 0.999966 0.00765778 -5.80599 -0.0128853 -0.00761753 0.999888 -1.3166
0.999861 -0.00176749 0.016549 -116.373 0.00167584 0.999983 0.00555055 -5.92668 -0.0165585 -0.00552205 0.999848 -1.31842
0.999821 -0.00257945 0.0187296 -118.613 0.00251022 0.99999 0.00371941 -6.05606 -0.0187391 -0.00367173 0.999818 -1.32315
0.99979 -0.000523922 0.0204428 -120.868 0.00040675 0.999983 0.0057359 -6.16437 -0.0204455 -0.00572639 0.999774 -1.3181
0.999771 0.00104998 0.0213671 -123.096 -0.00111818 0.999994 0.0031806 -6.29369 -0.0213636 -0.00320376 0.999767 -1.3198
0.999811 0.00226521 0.0192753 -125.327 -0.00251794 0.999911 0.0130977 -6.38611 -0.0192439 -0.0131438 0.999728 -1.32493
0.993394 -0.113325 -0.0180378 -127.632 0.109422 0.888131 0.446374 -6.74288 -0.0345656 -0.445399 0.894664 -1.28774
0.993476 -0.112394 -0.0192827 -129.837 0.109137 0.888064 0.446577 -7.10467 -0.0330686 -0.445768 0.894537 -1.20328
0.99362 -0.111811 -0.0146904 -132.047 0.10653 0.88789 0.447552 -7.47847 -0.0369977 -0.446262 0.894137 -1.12682
0.993721 -0.111396 -0.010369 -134.254 0.104422 0.890239 0.443364 -7.8378 -0.040158 -0.441663 0.896282 -1.00834
0.993805 -0.110309 -0.0134818 -136.449 0.104694 0.888648 0.446479 -8.19482 -0.0372701 -0.445125 0.894693 -0.926392
0.99391 -0.109157 -0.0150798 -138.631 0.104364 0.888546 0.44676 -8.54915 -0.0353678 -0.445613 0.894527 -0.816373
0.993901 -0.109157 -0.0156198 -140.855 0.104643 0.889006 0.445779 -8.90473 -0.0347739 -0.444694 0.895007 -0.705606
0.993854 -0.109329 -0.0173116 -143.09 0.105583 0.889372 0.444825 -9.24623 -0.0332358 -0.44392 0.89545 -0.612215
0.993873 -0.109717 -0.0133285 -145.315 0.104159 0.889479 0.444947 -9.5976 -0.0369628 -0.443609 0.895458 -0.501941
0.993781 -0.109836 -0.0182729 -147.573 0.106225 0.886023 0.45131 -9.94323 -0.03338 -0.450444 0.89218 -0.4111
0.993937 -0.109328 -0.0116359 -149.785 0.102854 0.887215 0.449746 -10.2924 -0.0388462 -0.448216 0.893081 -0.301659
0.993934 -0.109483 -0.0103764 -152.014 0.102787 0.89129 0.441629 -10.6182 -0.0391024 -0.440017 0.897138 -0.157682
0.993883 -0.109325 -0.0155967 -154.248 0.105086 0.892877 0.437866 -10.9537 -0.0339439 -0.436827 0.898905 0.0109628
0.993912 -0.109333 -0.0135348 -156.474 0.104115 0.892035 0.439812 -11.3206 -0.0360122 -0.438544 0.897988 0.115325
0.993804 -0.1106 -0.0109326 -158.711 0.103966 0.89039 0.443167 -11.6725 -0.0392802 -0.441558 0.896372 0.194694
0.993618 -0.111964 -0.0136616 -160.956 0.106575 0.892255 0.438774 -12.0244 -0.0369371 -0.43743 0.898494 0.317646
0.993506 -0.113203 -0.0113654 -163.181 0.106834 0.893898 0.435354 -12.3887 -0.039124 -0.433741 0.900188 0.412691
0.993564 -0.113258 -0.000984992 -165.413 0.102265 0.893317 0.437637 -12.7372 -0.0486861 -0.434922 0.899151 0.533578
0.993424 -0.113958 -0.0110419 -167.649 0.106974 0.889495 0.444247 -13.0806 -0.0408037 -0.442507 0.895836 0.633701
0.993212 -0.114664 -0.0195265 -169.895 0.111423 0.889768 0.442603 -13.4262 -0.0333767 -0.441774 0.896505 0.74934
0.993282 -0.115045 -0.0124367 -172.112 0.108616 0.889881 0.443074 -13.7923 -0.0399062 -0.441448 0.896399 0.849619
0.993141 -0.11599 -0.0146773 -174.313 0.110396 0.889007 0.444386 -14.1443 -0.0384963 -0.442959 0.895715 0.948083
0.993007 -0.116229 -0.0206793 -176.473 0.113302 0.8891 0.443468 -14.495 -0.033158 -0.442709 0.896052 1.05325
0.99314 -0.115506 -0.0181608 -178.557 0.111585 0.889886 0.442325 -14.8435 -0.0349301 -0.441318 0.896671 1.13553
0.9933 -0.114672 -0.0143203 -180.59 0.109136 0.890076 0.442555 -15.1772 -0.0380027 -0.441152 0.896627 1.24933
0.993362 -0.1145 -0.0109689 -182.601 0.107512 0.890358 0.442384 -15.4528 -0.0408868 -0.440627 0.896759 1.45864
0.993457 -0.113788 -0.00973286 -184.59 0.106416 0.891413 0.440522 -15.7976 -0.0414503 -0.438675 0.897689 1.55634
0.993395 -0.114116 -0.0119135 -186.557 0.107773 0.892441 0.438103 -16.1256 -0.0393626 -0.436494 0.898846 1.62166
0.993445 -0.113547 -0.0131144 -188.511 0.10783 0.89295 0.437051 -16.4355 -0.0379154 -0.435601 0.899341 1.70387
0.993639 -0.111989 -0.0117771 -190.448 0.105819 0.892858 0.437729 -16.7562 -0.0385055 -0.436191 0.89903 1.78531
0.993829 -0.110237 -0.0122287 -192.387 0.104291 0.891267 0.441325 -17.0594 -0.0377513 -0.439877 0.897264 1.88004
0.994022 -0.108631 -0.0108556 -194.334 0.102167 0.890586 0.443192 -17.3672 -0.0384767 -0.441652 0.896361 1.95967
0.994109 -0.108132 -0.00728753 -196.284 0.100074 0.890055 0.444732 -17.6885 -0.0416037 -0.442842 0.895634 2.0568
0.994016 -0.109043 -0.0064066 -198.241 0.100557 0.890607 0.443516 -17.9945 -0.0426565 -0.441507 0.896244 2.143
0.993882 -0.110238 -0.0067201 -200.237 0.101932 0.89217 0.440048 -18.3204 -0.0425145 -0.438041 0.897949 2.25792
0.993708 -0.111783 -0.00690388 -202.269 0.103461 0.892625 0.438767 -18.6373 -0.0428843 -0.43672 0.898575 2.38576
0.993631 -0.112549 -0.00532126 -204.309 0.103487 0.892914 0.438172 -18.9716 -0.0445644 -0.435932 0.898876 2.49391
0.993573 -0.113159 -0.00239036 -206.368 0.102731 0.892746 0.438693 -19.2888 -0.047508 -0.436119 0.898634 2.63745
0.99355 -0.113338 -0.00340071 -208.447 0.103379 0.893118 0.437782 -19.6185 -0.0465799 -0.43531 0.899075 2.74508
0.993476 -0.11398 -0.00354858 -210.553 0.103981 0.892669 0.438554 -19.9157 -0.0468187 -0.436062 0.898698 2.86337
0.99356 -0.113193 -0.00490675 -212.676 0.103924 0.893239 0.437405 -20.2657 -0.0451285 -0.435098 0.899251 3.02709
0.99359 -0.112902 -0.00560773 -214.815 0.103972 0.893282 0.437306 -20.6238 -0.0443636 -0.435086 0.899295 3.13995
0.993479 -0.11374 -0.00786795 -216.959 0.105784 0.893845 0.435719 -20.9738 -0.0425257 -0.43371 0.900049 3.26651
0.993331 -0.114797 -0.0106498 -219.122 0.107979 0.893993 0.434876 -21.3087 -0.0404015 -0.433126 0.900428 3.35088
0.993317 -0.115121 -0.00815667 -221.295 0.107235 0.894526 0.433963 -21.685 -0.0426619 -0.431938 0.900894 3.44858
0.993259 -0.115652 -0.00770895 -223.474 0.107537 0.89467 0.433591 -22.0372 -0.0432485 -0.431497 0.901077 3.55075
0.993106 -0.116133 -0.0158572 -225.684 0.111378 0.892877 0.43631 -22.3862 -0.0365113 -0.435069 0.899657 3.65759
0.993033 -0.117659 -0.00640128 -227.882 0.108441 0.891288 0.44028 -22.7395 -0.0460973 -0.437907 0.897838 3.76099
0.993053 -0.117603 -0.00367335 -230.077 0.107072 0.890306 0.442596 -23.0941 -0.0487802 -0.439915 0.896714 3.86565
0.993147 -0.116729 -0.00561345 -232.291 0.107344 0.892199 0.4387 -23.4644 -0.0462007 -0.436296 0.898616 3.99475
0.993107 -0.117111 -0.00474818 -234.496 0.107049 0.889794 0.443629 -23.8348 -0.0477289 -0.441079 0.896198 4.09842
0.993111 -0.117156 -0.00175611 -236.688 0.105756 0.889818 0.443891 -24.1824 -0.0504421 -0.441019 0.896079 4.22394
0.993086 -0.117341 0.00321177 -238.868 0.103643 0.889349 0.445328 -24.5318 -0.0551115 -0.441916 0.895362 4.38107
0.993072 -0.117385 -0.00524573 -241.062 0.107678 0.891268 0.440507 -24.8843 -0.0470335 -0.438021 0.897734 4.5394
0.99297 -0.118282 -0.00417095 -242.153 0.108037 0.891443 0.440066 -25.0654 -0.0483339 -0.437423 0.897956 4.59142
