1 0 0 0 0 1 0 0 0 0 1 0
0.999999 -0.0012441 -0.000522179 -0.138472 0.00124415 0.999999 9.28064e-05 -0.0098712 0.000522064 -9.3456e-05 1 0.00380794
0.999997 -0.00219883 -0.000803398 -0.219992 0.00219856 0.999998 -0.000335349 -0.0173167 0.000804133 0.000333582 1 -0.0120207
0.999993 -0.00361083 -0.000748063 -0.256391 0.00361037 0.999993 -0.000607355 -0.0464871 0.000750251 0.00060465 1 -0.00933696
0.999993 -0.00209637 -0.00303776 -0.515065 0.00209329 0.999997 -0.00101941 -0.0491191 0.00303989 0.00101305 0.999995 -0.0156654
0.99999 -0.00439536 -0.00129377 -1.19709 0.00439359 0.999989 -0.00136709 -0.0916874 0.00129977 0.00136139 0.999998 -0.0325372
0.999973 -0.00609716 -0.00411163 -2.10881 0.00609241 0.999981 -0.00116498 -0.139251 0.00411865 0.0011399 0.999991 -0.0511916
0.99996 -0.00885136 -0.00166493 -3.52739 0.00884667 0.999957 -0.00280507 -0.214986 0.00168969 0.00279022 0.999995 -0.0845441
0.999955 -0.00917853 -0.00232592 -5.63836 0.00917292 0.999955 -0.00240832 -0.354419 0.00234792 0.00238688 0.999994 -0.135197
0.99996 -0.0088727 -0.00142425 -7.8 0.00886401 0.999943 -0.00599153 -0.477885 0.00147733 0.00597866 0.999981 -0.120411
0.999965 -0.00837208 -0.000550953 -9.9909 0.00836945 0.999954 -0.00460897 -0.594207 0.000589515 0.00460419 0.999989 -0.173426
0.999965 -0.00826479 -0.000969532 -12.2156 0.00826423 0.999966 -0.000578194 -0.715521 0.000974278 0.000570161 0.999999 -0.284219
0.999959 -0.00881136 0.00213796 -14.4993 0.00881298 0.999961 -0.000753139 -0.874577 -0.00213123 0.000771949 0.999997 -0.336226
0.999962 -0.00848841 0.00188979 -16.8461 0.00849275 0.999961 -0.00230104 -1.03334 -0.00187018 0.002317 0.999995 -0.382737
0.999965 -0.0083286 9.62194e-05 -19.2077 0.00832888 0.999959 -0.00354434 -1.16339 -6.66952e-05 0.00354501 0.999994 -0.448601
0.999964 -0.00814689 0.0022732 -21.6336 0.00815374 0.999962 -0.00301976 -1.25253 -0.00224851 0.00303818 0.999993 -0.502405
0.999978 -0.00660319 -0.000333487 -24.056 0.00660139 0.999965 -0.00512904 -1.40308 0.000367344 0.00512673 0.999987 -0.534357
0.999985 -0.00511917 -0.00209418 -26.5387 0.00510401 0.999961 -0.00718295 -1.54752 0.00213087 0.00717215 0.999972 -0.611468
0.999992 -0.0035756 0.0016583 -29.0587 0.00358667 0.999971 -0.00672008 -1.66982 -0.00163423 0.00672597 0.999976 -0.664018
0.999996 -0.00276308 0.000717822 -31.6074 0.00276664 0.999984 -0.00500216 -1.7858 -0.000703987 0.00500413 0.999987 -0.719108
0.999994 -0.003064 0.00145505 -34.2101 0.00306819 0.999991 -0.00288605 -1.93407 -0.00144619 0.00289049 0.999995 -0.760721
0.999992 -0.00335066 -0.00204285 -36.8345 0.00334778 0.999993 -0.00140974 -2.1006 0.00204757 0.00140289 0.999997 -0.822333
0.999985 -0.00436521 -0.00328099 -39.4361 0.00436645 0.99999 0.000369248 -2.21947 0.00327935 -0.000383572 0.999995 -0.880829
0.999939 -0.0072916 -0.00825597 -42.0138 0.00731102 0.99997 0.00232385 -2.34556 0.00823878 -0.00238407 0.999963 -0.953016
0.999906 -0.00847505 -0.0107773 -44.6407 0.00849884 0.999961 0.00216393 -2.46734 0.0107585 -0.00225532 0.99994 -1.03261
0.999912 -0.0088444 -0.0098898 -47.2852 0.00885211 0.99996 0.000735742 -2.63384 0.00988291 -0.000823226 0.999951 -1.09749
0.999929 -0.00854083 -0.00836753 -49.9315 0.00852883 0.999962 -0.00146842 -2.79067 0.00837976 0.00139694 0.999964 -1.14032
0.99992 -0.00786459 -0.00986726 -52.5898 0.00781538 0.999957 -0.00501517 -2.94963 0.00990628 0.00493765 0.999939 -1.25615
0.999936 -0.00787645 -0.00814728 -55.2519 0.00781343 0.999939 -0.00773853 -3.11757 0.00820774 0.00767437 0.999937 -1.35572
0.999873 -0.00868441 -0.0133744 -57.9338 0.00856915 0.999926 -0.00865148 -3.27594 0.0134485 0.00853577 0.999873 -1.46487
0.999822 -0.00913056 -0.0165155 -60.6076 0.00899099 0.999923 -0.00850527 -3.43319 0.0165919 0.00835526 0.999828 -1.53049
0.999851 -0.00895197 -0.014748 -63.2873 0.00877225 0.999887 -0.0122052 -3.56406 0.0148556 0.012074 0.999817 -1.54732
0.999848 -0.00806775 -0.015434 -65.9792 0.00788877 0.999901 -0.0116221 -3.72737 0.0155262 0.0114986 0.999813 -1.65218
0.999865 -0.00737609 -0.014655 -68.6549 0.00714843 0.999854 -0.0155267 -3.86589 0.0147674 0.0154198 0.999772 -1.76958
0.999851 -0.00802692 -0.0152959 -71.414 0.00785944 0.999909 -0.0109784 -4.08695 0.0153826 0.0108565 0.999823 -1.88514
0.999883 -0.00818789 -0.0128964 -74.0934 0.00806453 0.999922 -0.00958806 -4.22661 0.0129739 0.00948294 0.999871 -1.96826
0.999867 -0.00919171 -0.0134689 -76.7905 0.00906556 0.999915 -0.00939676 -4.37969 0.0135542 0.0092734 0.999865 -2.0616
0.99983 -0.010614 -0.0150573 -79.4876 0.0104622 0.999894 -0.0101229 -4.53703 0.0151631 0.00996365 0.999835 -2.16597
0.999807 -0.0108608 -0.016373 -82.1613 0.0106755 0.999879 -0.0113634 -4.67491 0.0164944 0.0111864 0.999801 -2.25216
0.999752 -0.0106656 -0.0195506 -84.8569 0.0104018 0.999854 -0.0135425 -4.87084 0.0196922 0.0133358 0.999717 -2.34082
0.999701 -0.00903551 -0.022715 -87.5271 0.00871357 0.999861 -0.0142319 -5.03266 0.0228404 0.0140297 0.999641 -2.42546
0.999735 -0.0068351 -0.0219946 -90.2264 0.00652257 0.999877 -0.0142501 -5.19432 0.0220893 0.0141028 0.999657 -2.53932
0.999727 -0.00503908 -0.0228349 -92.934 0.00470132 0.999879 -0.0148207 -5.32851 0.0229068 0.0147093 0.999629 -2.5914
0.999759 -0.00394517 -0.0216249 -95.6427 0.00359646 0.999864 -0.0161402 -5.48071 0.0216856 0.0160585 0.999636 -2.68453
0.999794 -0.00298924 -0.0200829 -98.3223 0.00268059 0.999878 -0.0153782 -5.64329 0.0201264 0.0153212 0.99968 -2.78512
0.999806 -0.00241865 -0.0195609 -101.009 0.00216123 0.999911 -0.0131704 -5.75393 0.019591 0.0131256 0.999722 -2.86823
0.999765 -0.00369078 -0.0213634 -103.72 0.00341009 0.999908 -0.0131603 -5.89586 0.02141 0.0130843 0.999685 -2.99244
0.999688 -0.00521528 -0.0244482 -106.441 0.00487181 0.999889 -0.0140876 -6.03528 0.0245189 0.0139641 0.999602 -3.09552
0.999725 -0.00618454 -0.0226243 -109.137 0.00592688 0.999917 -0.011438 -6.17871 0.0226931 0.0113008 0.999679 -3.20915
0.999686 -0.00700415 -0.0240437 -111.85 0.00672676 0.99991 -0.0115985 -6.33873 0.0241228 0.0114331 0.999644 -3.32794
0.999649 -0.00748641 -0.0254132 -114.548 0.00713602 0.999879 -0.0138508 -6.48611 0.0255138 0.0136646 0.999581 -3.43842
0.999688 -0.00773025 -0.023752 -117.235 0.00742886 0.999891 -0.0127511 -6.63775 0.023848 0.0125707 0.999637 -3.59167
0.999755 -0.00768119 -0.0207717 -119.931 0.00746727 0.999919 -0.0103568 -6.77876 0.0208496 0.0101991 0.999731 -3.69086
0.999731 -0.00872332 -0.0214954 -122.643 0.0085269 0.999921 -0.00921272 -6.94257 0.0215741 0.00902695 0.999727 -3.72471
0.999757 -0.00907394 -0.0200663 -125.355 0.0089013 0.999923 -0.00867629 -7.08948 0.0201435 0.00849557 0.999761 -3.85513
0.999737 -0.0100294 -0.020619 -128.062 0.00988555 0.999926 -0.00706482 -7.23295 0.0206883 0.00685913 0.999763 -3.9671
0.999742 -0.0114459 -0.0196084 -130.832 0.0112757 0.999898 -0.00876646 -7.38125 0.0197068 0.0085431 0.999769 -4.0318
0.999735 -0.0107241 -0.020353 -133.508 0.0105755 0.999917 -0.00739883 -7.53123 0.0204306 0.00718163 0.999766 -4.15757
0.999763 -0.0109705 -0.0187882 -136.211 0.0108386 0.999916 -0.00711229 -7.70661 0.0188646 0.00690697 0.999798 -4.29238
0.999787 -0.0113154 -0.0172542 -138.915 0.0111815 0.999907 -0.00783438 -7.86722 0.0173412 0.00763978 0.999821 -4.38981
0.999665 -0.012781 -0.0225 -141.656 0.0125562 0.99987 -0.0101069 -8.05096 0.0226262 0.00982103 0.999696 -4.49889
0.999698 -0.0132436 -0.0207242 -144.367 0.0129955 0.999843 -0.0120607 -8.20178 0.0208807 0.0117878 0.999713 -4.59956
0.999729 -0.0133454 -0.0190705 -147.081 0.0131007 0.999831 -0.012899 -8.34848 0.0192394 0.0126456 0.999735 -4.71267
0.99977 -0.0125376 -0.0173811 -149.8 0.0123255 0.999849 -0.0122599 -8.53573 0.0175322 0.0120428 0.999774 -4.81037
0.99978 -0.0118255 -0.0173248 -152.515 0.0115831 0.999835 -0.0140254 -8.68745 0.0174878 0.0138217 0.999752 -4.8935
0.999766 -0.0117653 -0.0181261 -155.234 0.0114666 0.999798 -0.0164983 -8.87162 0.0183166 0.0162866 0.9997 -5.01597
0.999779 -0.0127996 -0.0166605 -157.948 0.0125468 0.999806 -0.0151939 -9.03495 0.0168518 0.0149815 0.999746 -5.11863
0.999735 -0.0139236 -0.0183191 -160.66 0.0136503 0.999795 -0.0149596 -9.18368 0.0185236 0.0147056 0.99972 -5.18198
0.999695 -0.0149824 -0.0196525 -163.385 0.0146049 0.999709 -0.0192129 -9.35453 0.0199346 0.01892 0.999622 -5.30695
0.999709 -0.0150374 -0.0188376 -166.092 0.0147008 0.999732 -0.0178859 -9.51634 0.0191015 0.0176037 0.999663 -5.41237
0.999762 -0.0151962 -0.0156379 -168.824 0.0149413 0.999756 -0.0162915 -9.69447 0.0158816 0.016054 0.999745 -5.53388
0.999748 -0.0150654 -0.016657 -171.514 0.014844 0.999801 -0.0133355 -9.86603 0.0168546 0.0130849 0.999772 -5.65655
0.999752 -0.0152477 -0.0162445 -174.24 0.0150585 0.999818 -0.0117082 -10.0288 0.01642 0.0114607 0.9998 -5.75142
0.999735 -0.0160164 -0.0165525 -176.959 0.0158486 0.999822 -0.010221 -10.1992 0.0167132 0.00995594 0.999811 -5.84928
0.999735 -0.0163744 -0.0161698 -179.687 0.0162195 0.999822 -0.0096677 -10.3556 0.0163252 0.00940287 0.999823 -5.95469
0.999736 -0.0152865 -0.0171675 -182.4 0.0151027 0.999828 -0.0107831 -10.5411 0.0173294 0.010521 0.999794 -6.04875
0.99971 -0.0136821 -0.0197939 -185.117 0.0134508 0.99984 -0.011775 -10.7048 0.0199518 0.0115053 0.999735 -6.15585
0.999733 -0.0123104 -0.0195431 -187.835 0.012104 0.99987 -0.0106481 -10.8777 0.0196717 0.0104087 0.999752 -6.27258
0.999732 -0.0122016 -0.0196862 -190.54 0.0120087 0.999879 -0.00988807 -11.0483 0.0198045 0.00964902 0.999757 -6.38679
0.999677 -0.0129156 -0.0219082 -193.275 0.012702 0.999871 -0.00985928 -11.2112 0.0220327 0.00957781 0.999711 -6.47776
0.999564 -0.014064 -0.025941 -195.979 0.0138157 0.999857 -0.0097258 -11.3793 0.0260741 0.00936318 0.999616 -6.59097
0.999561 -0.0153411 -0.025345 -198.708 0.0151254 0.999848 -0.00868129 -11.5526 0.0254744 0.00829412 0.999641 -6.71687
0.999441 -0.0160984 -0.0293059 -201.425 0.0158558 0.999839 -0.00849128 -11.7106 0.0294378 0.00802186 0.999534 -6.83584
0.999318 -0.0164849 -0.0330461 -204.122 0.01615 0.999816 -0.010376 -11.9127 0.0332111 0.0098352 0.9994 -6.96457
0.999201 -0.01705 -0.0361564 -206.797 0.0166244 0.99979 -0.012037 -12.094 0.036354 0.0114263 0.999274 -7.09813
0.999179 -0.0173997 -0.0365934 -209.522 0.0169659 0.999783 -0.0121311 -12.269 0.0367966 0.0115003 0.999257 -7.24318
0.999182 -0.0182809 -0.0360727 -212.235 0.0178265 0.999758 -0.0128776 -12.4308 0.0362994 0.012224 0.999266 -7.38973
0.9992 -0.0184192 -0.0355005 -214.982 0.0180119 0.999769 -0.0117565 -12.6006 0.0357089 0.0111077 0.999301 -7.53427
0.999137 -0.0189894 -0.0369534 -217.691 0.0186283 0.999776 -0.0100929 -12.8109 0.0371367 0.00939585 0.999266 -7.66958
0.998944 -0.0186181 -0.0420146 -220.409 0.0182142 0.999785 -0.00997649 -12.9774 0.0421913 0.00920069 0.999067 -7.83011
0.998933 -0.0175786 -0.0427038 -223.135 0.0171756 0.999805 -0.00978692 -13.164 0.0428675 0.00904302 0.99904 -7.98105
0.998849 -0.0168239 -0.0449189 -225.805 0.0163008 0.999795 -0.0119858 -13.3356 0.0451113 0.0112398 0.998919 -8.12477
0.998715 -0.0172187 -0.0476555 -228.552 0.0164895 0.999742 -0.0156518 -13.5302 0.0479127 0.0148458 0.998741 -8.34465
0.998534 -0.0167144 -0.0514907 -231.278 0.0159893 0.999768 -0.0144627 -13.7287 0.0517205 0.0136182 0.998569 -8.53427
0.998559 -0.0167648 -0.0509717 -233.978 0.0160121 0.999757 -0.0151408 -13.8944 0.0512131 0.0143028 0.998585 -8.71187
0.998465 -0.0157725 -0.0530951 -236.706 0.0149525 0.999763 -0.0158059 -14.043 0.0533318 0.0149877 0.998464 -8.8684
0.998515 -0.0133464 -0.0528206 -239.417 0.0125677 0.999808 -0.0150465 -14.2112 0.0530113 0.0143603 0.998491 -9.07318
0.998582 -0.0107351 -0.0521491 -242.129 0.00978757 0.999783 -0.0183922 -14.4197 0.0523352 0.0178557 0.99847 -9.26837
0.998455 -0.010277 -0.0546103 -244.89 0.00918206 0.999753 -0.0202634 -14.5683 0.054805 0.0197306 0.998302 -9.42768
0.998429 -0.0101542 -0.0551104 -247.619 0.00898181 0.999729 -0.0214805 -14.7102 0.0553135 0.0209517 0.998249 -9.54672
0.998437 -0.0103364 -0.054918 -250.299 0.00922188 0.999747 -0.0205096 -14.8389 0.055116 0.0199711 0.99828 -9.7242
0.998535 -0.0115415 -0.0528638 -252.982 0.0106176 0.999787 -0.017724 -14.998 0.0530571 0.0171367 0.998444 -9.94452
0.99834 -0.0149258 -0.0556255 -255.695 0.0134465 0.999548 -0.0268737 -15.1845 0.0560014 0.0260811 0.99809 -10.1656
0.998227 -0.015682 -0.0574119 -258.337 0.0142475 0.999578 -0.0253102 -15.368 0.0577846 0.0244474 0.99803 -10.393
0.998537 -0.0124243 -0.0526184 -260.939 0.0112524 0.999683 -0.0225102 -15.5001 0.0528814 0.0218852 0.998361 -10.5212
0.998096 -0.0119745 -0.0605049 -263.546 0.0108275 0.999756 -0.01925 -15.6122 0.0607207 0.0185582 0.997982 -10.6918
0.998227 -0.0113292 -0.0584297 -266.12 0.0102916 0.999785 -0.0180285 -15.7686 0.0586214 0.0173952 0.998129 -10.8894
0.99844 -0.00977531 -0.0549763 -268.715 0.00876552 0.999789 -0.0185791 -15.945 0.0551462 0.0180682 0.998315 -11.0991
0.997698 -0.00809006 -0.0673256 -271.278 0.00692735 0.999823 -0.0174856 -16.0763 0.0674551 0.0169789 0.997578 -11.3014
0.996889 -0.0103371 -0.0781298 -273.697 0.00924034 0.999854 -0.0143867 -16.2247 0.0782671 0.01362 0.99684 -11.5223
0.997261 -0.0155014 -0.0723163 -275.963 0.0145666 0.999804 -0.0134362 -16.3592 0.0725104 0.012346 0.997291 -11.7137
0.997509 -0.0194025 -0.0678177 -278.142 0.0184854 0.999729 -0.0141251 -16.5002 0.0680733 0.0128362 0.997598 -11.8693
0.997619 -0.0216425 -0.0654765 -280.268 0.0207092 0.999675 -0.0149 -16.6598 0.0657776 0.0135086 0.997743 -12.031
0.997623 -0.0219355 -0.0653214 -282.406 0.0209252 0.999651 -0.016111 -16.81 0.065652 0.0147059 0.997734 -12.2088
0.997506 -0.020553 -0.0675215 -284.492 0.0194206 0.99966 -0.0173851 -16.9532 0.0678559 0.0160305 0.997567 -12.4009
0.996745 -0.0188191 -0.0783906 -286.504 0.0175685 0.999708 -0.016613 -17.0795 0.0786803 0.0151817 0.996785 -12.5544
0.997008 -0.0196304 -0.0747621 -288.379 0.0184608 0.999697 -0.0163035 -17.2017 0.0750595 0.0148746 0.997068 -12.6912
0.997379 -0.020526 -0.0693784 -290.183 0.0194837 0.999687 -0.0156675 -17.3259 0.0696782 0.0142746 0.997468 -12.8572
0.997786 -0.0201985 -0.0633555 -291.926 0.019363 0.999718 -0.013774 -17.4601 0.0636158 0.0125168 0.997896 -12.9983
0.997822 -0.0193753 -0.0630489 -293.671 0.0186313 0.99975 -0.0123663 -17.5791 0.0632727 0.0111647 0.997934 -13.1568
0.997675 -0.0183284 -0.0656355 -295.442 0.0177061 0.999793 -0.0100492 -17.6737 0.0658061 0.00886369 0.997793 -13.322
0.997754 -0.0173208 -0.0646991 -297.21 0.0167746 0.999819 -0.00897712 -17.7795 0.0648428 0.00787166 0.997865 -13.4686
0.997952 -0.0165546 -0.0617811 -298.956 0.0160697 0.999836 -0.00833595 -17.8798 0.0619089 0.00732607 0.998055 -13.6092
0.998347 -0.0134971 -0.0558585 -300.75 0.0130947 0.999885 -0.00756288 -17.9973 0.0559541 0.00681892 0.99841 -13.762
0.998389 -0.0129519 -0.0552344 -302.619 0.0124714 0.999881 -0.00903457 -18.1194 0.0553448 0.00833116 0.998433 -13.874
