1 0 0 0 0 1 0 0 0 0 1 0
0.999999 -0.000934664 -0.000632967 -0.278614 0.000934591 1 -0.000116101 0.000959891 0.000633076 0.000115509 1 0.00438701
0.999995 -0.00287555 0.000936969 -0.483066 0.0028743 0.999995 0.00133677 -0.00830968 -0.000940808 -0.00133407 0.999999 0.0270854
0.999986 -0.00534866 -0.000129127 -0.644895 0.00534878 0.999985 0.000921108 -0.00354552 0.000124199 -0.000921786 1 0.0503849
0.999971 -0.00747272 -0.00170622 -0.835094 0.00747396 0.999972 0.000720741 -0.0042595 0.00170079 -0.000733472 0.999998 0.0707937
0.999959 -0.00899832 -0.000922266 -1.10013 0.00899923 0.999959 0.000982775 -0.0333032 0.000913385 -0.000991034 0.999999 0.0553002
0.999957 -0.00887942 0.00265713 -1.46115 0.00887557 0.99996 0.00145809 -0.0470773 -0.00266997 -0.00143445 0.999996 0.0806082
0.999944 -0.0100403 0.0032908 -1.25112 0.0100383 0.99995 0.000634967 -0.0458581 -0.00329701 -0.000601898 0.999995 0.105129
0.999947 -0.010105 0.00185148 -0.840656 0.0101041 0.999949 0.000458276 -0.0345205 -0.00185602 -0.000439544 0.999998 0.0938249
0.999946 -0.00981841 0.00344816 -0.495353 0.00981397 0.999951 0.00130266 0.0138133 -0.00346078 -0.00126875 0.999993 0.0884062
0.999931 -0.0116498 0.00125481 -0.109431 0.0116451 0.999925 0.00374566 0.0402937 -0.00129835 -0.00373079 0.999992 0.162414
0.999891 -0.0145563 0.00236002 0.762729 0.014551 0.999892 0.0022236 0.0627372 -0.00239213 -0.00218902 0.999995 0.156601
0.999902 -0.0139673 0.00131881 1.16901 0.0139645 0.999901 0.00207651 0.0973915 -0.00134769 -0.00205789 0.999997 0.141533
0.99988 -0.0154149 -0.00173029 1.60896 0.015398 0.999838 -0.00935356 0.09114 0.00187419 0.00932579 0.999955 0.222777
0.999859 -0.0158888 -0.00547962 2.00357 0.0158551 0.999856 -0.0061409 0.106812 0.0055764 0.00605315 0.999966 0.237732
0.999714 -0.0214415 -0.0106214 2.45551 0.021231 0.999583 -0.0195568 0.127717 0.0110363 0.0193257 0.999752 0.294186
0.999585 -0.0266386 -0.0109399 2.4218 0.0264086 0.999438 -0.0206556 0.0991206 0.0114839 0.0203582 0.999727 0.317294
0.999537 -0.0284902 -0.0106849 2.11119 0.0282959 0.999439 -0.0179091 0.0858824 0.0111891 0.0175984 0.999783 0.340087
0.999517 -0.0296527 -0.00929253 1.47296 0.0294695 0.99938 -0.0192705 0.000491261 0.0098582 0.0189874 0.999771 0.343656
0.99927 -0.0277031 -0.02629 0.939978 0.0274701 0.999581 -0.00918541 -0.0590617 0.0265334 0.00845652 0.999612 0.301991
0.998386 -0.025963 -0.0505152 -0.32444 0.0252137 0.999563 -0.0154146 -0.167764 0.0508933 0.014116 0.998604 0.11807
0.998147 -0.0254896 -0.0552551 -2.53577 0.0246623 0.999574 -0.0156035 -0.338496 0.0556293 0.0142119 0.99835 -0.0196266
0.998431 -0.0261323 -0.0495228 -4.45157 0.0254813 0.999581 -0.0137311 -0.499084 0.0498608 0.0124477 0.998679 -0.0905085
0.998651 -0.0279415 -0.0437752 -6.24492 0.0274522 0.999554 -0.0117378 -0.661158 0.0440837 0.0105202 0.998972 -0.184171
0.998899 -0.0285308 -0.0372382 -7.87923 0.0281788 0.999553 -0.00994254 -0.809905 0.0375052 0.00888226 0.999257 -0.292553
0.999034 -0.0305391 -0.03161 -9.54973 0.0301472 0.999463 -0.0128015 -0.964036 0.031984 0.0118362 0.999418 -0.365032
0.998901 -0.0328959 -0.0333962 -11.2044 0.0325349 0.999407 -0.0112988 -1.11944 0.033748 0.0101998 0.999378 -0.434877
0.998871 -0.0336877 -0.0334816 -12.8417 0.0332861 0.999368 -0.0124788 -1.23577 0.0338808 0.0113502 0.999361 -0.513943
0.998882 -0.0330809 -0.0337814 -14.4444 0.0326277 0.999371 -0.0138813 -1.40804 0.0342194 0.0127636 0.999333 -0.594725
0.998965 -0.0314509 -0.0328468 -16.0539 0.0309978 0.999418 -0.0142148 -1.52256 0.0332748 0.013182 0.999359 -0.676315
0.9991 -0.0293653 -0.0305992 -17.6189 0.0288971 0.99946 -0.0156321 -1.69284 0.0310417 0.0147338 0.999409 -0.739763
0.999103 -0.0285023 -0.0313241 -19.2199 0.0280192 0.999483 -0.0157537 -1.83526 0.0317569 0.0148619 0.999385 -0.820511
0.999134 -0.0285873 -0.0302356 -20.7788 0.0282011 0.999516 -0.013126 -1.96417 0.0305962 0.0122619 0.999457 -0.878656
0.999147 -0.0297243 -0.0286727 -22.3346 0.0293965 0.999498 -0.0117863 -2.06671 0.0290087 0.0109333 0.999519 -0.954119
0.999193 -0.0312122 -0.0252791 -23.8651 0.0309184 0.999451 -0.0119319 -2.18825 0.0256377 0.0111407 0.999609 -0.993632
0.999206 -0.0312118 -0.0247573 -25.3552 0.0308914 0.999435 -0.0132202 -2.34403 0.025156 0.0124449 0.999606 -1.0408
0.999214 -0.0314985 -0.024065 -26.8277 0.0311921 0.999429 -0.0130027 -2.48211 0.0244609 0.0122419 0.999626 -1.10005
0.999196 -0.0329447 -0.0228598 -28.2868 0.0326334 0.999371 -0.0138578 -2.61011 0.023302 0.0131006 0.999642 -1.15288
0.999117 -0.0351932 -0.0229259 -29.7305 0.0348907 0.9993 -0.0134639 -2.73687 0.0233837 0.0126521 0.999646 -1.21044
0.999114 -0.0367194 -0.0205636 -31.1775 0.0364722 0.999259 -0.0122709 -2.88423 0.020999 0.0115101 0.999713 -1.25391
0.999167 -0.0356373 -0.0198964 -32.5754 0.0354023 0.999301 -0.0120439 -2.99211 0.0203117 0.0113295 0.999729 -1.31455
0.99917 -0.0359968 -0.0190397 -33.9817 0.0357891 0.999297 -0.0111369 -3.1369 0.0194272 0.0104463 0.999757 -1.36009
0.999163 -0.0369501 -0.0175522 -35.3935 0.0367622 0.999265 -0.0109078 -3.25536 0.0179424 0.0102534 0.999786 -1.39462
0.999144 -0.0380785 -0.0161363 -36.7784 0.0379371 0.99924 -0.00898326 -3.41192 0.0164661 0.00836341 0.999829 -1.44226
0.999122 -0.0394782 -0.0139952 -38.193 0.0393728 0.999195 -0.00773392 -3.53032 0.0142892 0.0071761 0.999872 -1.51053
0.999073 -0.0412387 -0.0123354 -39.6153 0.0411427 0.999122 -0.00793721 -3.68179 0.0126519 0.00742234 0.999892 -1.54165
0.999032 -0.0426178 -0.0108609 -41.0558 0.0425387 0.999067 -0.00741682 -3.8288 0.0111668 0.00694764 0.999913 -1.57053
0.998998 -0.0437127 -0.00957033 -42.5446 0.0436328 0.999012 -0.00840284 -3.9674 0.00992819 0.00797684 0.999919 -1.61229
0.999003 -0.0437791 -0.00871168 -44.0533 0.0437034 0.999007 -0.00869961 -4.11462 0.00908389 0.0083102 0.999924 -1.66004
0.99906 -0.042508 -0.00843505 -45.6072 0.0424401 0.999066 -0.00807798 -4.26684 0.00877056 0.00771241 0.999931 -1.69503
0.999117 -0.0413111 -0.0076547 -47.1904 0.0412635 0.999128 -0.00628315 -4.43343 0.00790759 0.00596174 0.999951 -1.72765
0.999139 -0.0408498 -0.00715978 -48.8143 0.040808 0.99915 -0.0058992 -4.59916 0.00739468 0.00560194 0.999957 -1.78052
0.999137 -0.0408407 -0.00750149 -50.4563 0.0408011 0.999153 -0.00535401 -4.74085 0.0077138 0.00504332 0.999957 -1.82112
0.999084 -0.0421236 -0.00754095 -52.1346 0.042076 0.999094 -0.0063541 -4.91239 0.00780178 0.00603099 0.999951 -1.8552
0.999051 -0.043105 -0.00615824 -53.8132 0.0430727 0.999058 -0.00529034 -5.09787 0.00638048 0.00502007 0.999967 -1.88624
0.999043 -0.0434874 -0.00462476 -55.4975 0.043455 0.999032 -0.00688606 -5.26478 0.00491975 0.0066785 0.999965 -1.90451
0.998999 -0.0446275 -0.00302029 -57.2067 0.0445989 0.998965 -0.00897595 -5.43658 0.00341774 0.00883227 0.999955 -1.90672
0.998943 -0.045892 -0.00259218 -58.9321 0.0458682 0.998911 -0.00857564 -5.61098 0.00298291 0.00844768 0.99996 -1.9592
0.998886 -0.0470471 -0.0035281 -60.6564 0.0470162 0.998859 -0.00838263 -5.79744 0.00391846 0.00820741 0.999958 -2.0061
0.998806 -0.0487777 -0.00256973 -62.3844 0.0487511 0.998765 -0.00957714 -5.99027 0.00303371 0.00944043 0.999951 -2.02885
0.99869 -0.0511274 -0.00197356 -64.095 0.0511012 0.998626 -0.0115996 -6.17522 0.00256391 0.0114836 0.999931 -2.05965
0.998549 -0.0538402 -0.000544149 -65.8363 0.0538288 0.998468 -0.0128235 -6.36363 0.00123374 0.0127756 0.999917 -2.08186
0.998441 -0.0558128 9.8343e-05 -67.5528 0.0558095 0.998361 -0.0126998 -6.56296 0.000610632 0.0126855 0.999919 -2.11145
0.998362 -0.0572059 0.000590545 -69.2882 0.0572086 0.998268 -0.0137283 -6.75304 0.000195821 0.0137396 0.999905 -2.14122
0.998295 -0.0583638 -0.000447906 -71.0152 0.0583545 0.998226 -0.0118064 -6.94788 0.00113618 0.0117601 0.99993 -2.17008
0.998178 -0.0602939 -0.00215485 -72.7223 0.0602643 0.998112 -0.0118631 -7.15782 0.00286606 0.0117116 0.999927 -2.20753
0.998032 -0.0626976 -0.00026227 -74.394 0.0626909 0.997971 -0.0111513 -7.36563 0.000960902 0.0111129 0.999937 -2.24326
0.997866 -0.065245 0.00234898 -76.0808 0.0652687 0.997795 -0.0120496 -7.57415 -0.00155762 0.0121772 0.999924 -2.25111
0.997777 -0.0665279 0.00388246 -77.749 0.0665679 0.997718 -0.011279 -7.7865 -0.00312323 0.0115123 0.999928 -2.27658
0.997769 -0.0666215 0.00433944 -79.4171 0.0666654 0.997716 -0.0109005 -8.00187 -0.00360332 0.0111655 0.999931 -2.29307
0.997823 -0.065741 0.00529712 -81.0437 0.0657922 0.997782 -0.0101502 -8.21446 -0.00461808 0.0104766 0.999934 -2.3269
0.997927 -0.0641158 0.00553833 -82.6755 0.064163 0.9979 -0.00881989 -8.3887 -0.00496121 0.00915696 0.999945 -2.35131
0.998034 -0.062402 0.00579238 -84.3092 0.0624576 0.997998 -0.00996293 -8.58991 -0.00515907 0.0103051 0.999933 -2.36058
0.99818 -0.0599322 0.00667765 -85.9266 0.0599956 0.998151 -0.00973928 -8.78846 -0.0060816 0.0101222 0.99993 -2.36577
0.99832 -0.057439 0.00761551 -87.4847 0.0575026 0.99831 -0.00840948 -8.98803 -0.0071196 0.00883326 0.999935 -2.40021
0.998413 -0.0556874 0.00836562 -89.0592 0.0557492 0.998418 -0.00734476 -9.16136 -0.00794336 0.00779948 0.999938 -2.42038
0.998502 -0.0540156 0.00875649 -90.5912 0.0540931 0.998496 -0.00886399 -9.33072 -0.00826452 0.00932437 0.999922 -2.40225
0.998562 -0.0529603 0.00826134 -92.1028 0.0530377 0.998548 -0.00944392 -9.50903 -0.00774919 0.00986851 0.999921 -2.40957
0.998615 -0.0515352 0.0106183 -93.5913 0.0516483 0.998608 -0.0106674 -9.65718 -0.0100538 0.011201 0.999886 -2.39908
0.998695 -0.0497612 0.0114449 -95.0392 0.0498738 0.998707 -0.00977566 -9.82212 -0.0109437 0.0103337 0.999886 -2.42121
0.99878 -0.0481026 0.0111094 -96.4641 0.0482025 0.998798 -0.00889824 -9.96638 -0.010668 0.00942289 0.999898 -2.44751
0.99881 -0.0469073 0.0133069 -97.861 0.0470257 0.998855 -0.00872409 -10.1166 -0.0128824 0.00933948 0.999873 -2.42713
0.998814 -0.0465286 0.0143133 -99.2339 0.0466347 0.998886 -0.00716626 -10.2694 -0.0139639 0.00782526 0.999871 -2.441
0.998752 -0.047425 0.0156298 -100.563 0.0475527 0.998837 -0.00790179 -10.3869 -0.0152368 0.00863517 0.999846 -2.41407
0.998673 -0.0488525 0.0162627 -101.872 0.0489926 0.998764 -0.00832711 -10.5217 -0.0158358 0.00911281 0.999833 -2.38699
0.998592 -0.0505363 0.0161382 -103.134 0.050668 0.998684 -0.0078579 -10.6797 -0.0157198 0.00866453 0.999838 -2.37703
0.998495 -0.0521151 0.0170766 -104.367 0.0522819 0.998587 -0.00946614 -10.8229 -0.0165592 0.0103447 0.999809 -2.36769
0.998342 -0.0545939 0.018246 -105.583 0.0547576 0.998462 -0.00859372 -10.9538 -0.0177487 0.00957858 0.999796 -2.36865
0.998207 -0.0570947 0.0179677 -106.748 0.0573008 0.998294 -0.0111726 -11.0869 -0.0172991 0.0121822 0.999776 -2.33793
0.998022 -0.0599039 0.019038 -107.897 0.0601045 0.99814 -0.0101421 -11.2337 -0.018395 0.0112663 0.999767 -2.33391
0.997872 -0.0624549 0.0187441 -109.001 0.0626752 0.997969 -0.0114028 -11.3596 -0.0179938 0.0125533 0.999759 -2.31508
0.997661 -0.0653469 0.0200239 -110.106 0.0655751 0.997787 -0.0109612 -11.5067 -0.0192633 0.0122486 0.999739 -2.30076
0.997522 -0.067426 0.0200708 -111.188 0.067642 0.997656 -0.0102879 -11.6518 -0.0193301 0.0116201 0.999745 -2.29715
0.997446 -0.0680232 0.0217881 -112.223 0.0682503 0.997619 -0.0098561 -11.7677 -0.0210658 0.011318 0.999713 -2.29697
0.997484 -0.0677635 0.020824 -113.224 0.0679737 0.997641 -0.00955488 -11.8969 -0.0201274 0.0109463 0.999737 -2.25564
0.997501 -0.067206 0.0217891 -114.189 0.0674216 0.997681 -0.00931654 -12.0338 -0.0211124 0.0107623 0.999719 -2.24136
0.997493 -0.0676388 0.0208095 -115.105 0.0678147 0.997667 -0.00786734 -12.1673 -0.0202288 0.0092588 0.999752 -2.21847
0.997358 -0.0691772 0.0221681 -115.993 0.0693606 0.997562 -0.00760971 -12.262 -0.0215877 0.0091272 0.999725 -2.22158
0.997244 -0.0708392 0.0220233 -116.836 0.0709986 0.997455 -0.00653967 -12.3669 -0.0215039 0.00808527 0.999735 -2.18272
0.997269 -0.0698065 0.0241061 -117.65 0.0700271 0.997509 -0.0084269 -12.4633 -0.0234578 0.010092 0.999673 -2.15883
0.997423 -0.0673507 0.0247163 -118.433 0.0675745 0.997679 -0.00833099 -12.569 -0.0240979 0.00997972 0.999659 -2.17266
0.997504 -0.0660356 0.0250005 -119.201 0.0662512 0.997771 -0.00789397 -12.6668 -0.0244235 0.00953058 0.999656 -2.18515
0.997414 -0.0667835 0.0265548 -119.948 0.0670168 0.997719 -0.00799154 -12.7556 -0.0259605 0.00975049 0.999615 -2.16986
0.997326 -0.0678123 0.0272431 -120.679 0.0680614 0.997646 -0.00832049 -12.8404 -0.0266148 0.0101524 0.999594 -2.15583
0.997289 -0.068071 0.0279266 -121.382 0.0683125 0.997633 -0.00778342 -12.9426 -0.0273307 0.00967006 0.999579 -2.13818
0.997277 -0.0678957 0.028781 -122.068 0.0681607 0.997639 -0.00833006 -13.0247 -0.0281475 0.0102691 0.99955 -2.11802
0.9972 -0.0689087 0.0290504 -122.744 0.0691702 0.997572 -0.00809349 -13.1051 -0.0284221 0.0100802 0.999545 -2.11686
0.997131 -0.0697845 0.0293055 -123.402 0.0700567 0.997508 -0.00836349 -13.1901 -0.0286488 0.0103925 0.999535 -2.11292
0.996716 -0.0754918 0.0292865 -124.065 0.0757327 0.997102 -0.00720507 -13.2584 -0.0286577 0.00939936 0.999545 -2.0989
0.996302 -0.0805236 0.0299738 -124.689 0.0807957 0.996698 -0.00797928 -13.3571 -0.0292324 0.0103715 0.999518 -2.08085
0.995791 -0.0863988 0.0305869 -125.303 0.0866958 0.996198 -0.00851909 -13.4687 -0.0297346 0.011135 0.999495 -2.06413
0.995345 -0.0913523 0.0306897 -125.899 0.0916442 0.995757 -0.00824274 -13.5605 -0.0298065 0.0110169 0.999494 -2.06883
0.994668 -0.0982562 0.0313139 -126.499 0.0985328 0.995106 -0.00741126 -13.6523 -0.0304324 0.0104572 0.999481 -2.06137
0.993885 -0.10586 0.0314055 -127.088 0.106193 0.994303 -0.00911876 -13.76 -0.0302613 0.012398 0.999464 -2.04642
0.993588 -0.108338 0.0323114 -127.644 0.108708 0.994024 -0.00988911 -13.8572 -0.0310469 0.0133382 0.999428 -2.04602
0.993786 -0.106574 0.0321124 -128.179 0.106928 0.994221 -0.00948824 -13.9347 -0.0309157 0.012863 0.999439 -2.05009
0.994204 -0.102311 0.0330288 -128.702 0.102671 0.994671 -0.00937827 -14.0102 -0.0318933 0.012715 0.99941 -2.02755
0.99466 -0.0982166 0.0316752 -129.162 0.098547 0.995091 -0.00904085 -14.0783 -0.0306317 0.0121141 0.999457 -2.01837
0.994921 -0.0960753 0.0300187 -129.534 0.0963602 0.995312 -0.00818846 -14.1338 -0.0290913 0.0110395 0.999515 -2.01949
0.994938 -0.0954995 0.0312707 -129.796 0.0957969 0.995367 -0.00815085 -14.1582 -0.0303474 0.0111052 0.999477 -2.01807
0.994828 -0.0962453 0.0324688 -129.965 0.0965758 0.995287 -0.0087657 -14.2028 -0.0314721 0.0118561 0.999434 -2.01853
0.994744 -0.0966473 0.0338097 -130.058 0.0969921 0.995247 -0.00870699 -14.2135 -0.0328075 0.0119405 0.99939 -2.01811
0.994662 -0.0970765 0.0349713 -130.131 0.0974175 0.99521 -0.00817703 -14.2166 -0.03401 0.0115402 0.999354 -2.02355
0.994597 -0.0974543 0.0357639 -130.19 0.0978056 0.995171 -0.00820543 -14.2193 -0.0347915 0.011659 0.999326 -2.01824
0.994557 -0.0975691 0.0365568 -130.231 0.0979393 0.995156 -0.00847251 -14.2343 -0.0355531 0.0120067 0.999295 -2.01236
0.994523 -0.0978583 0.0367081 -130.257 0.0982208 0.99513 -0.00820102 -14.2354 -0.0357268 0.0117616 0.999292 -2.01898
