1 0 0 0 0 1 0 0 0 0 1 0
0.999192 0.0391523 -0.00906357 -1.54699 -0.039248 0.999173 -0.0106255 0.327484 0.00864006 0.0109727 0.999902 0.220783
0.999154 0.0398901 -0.0100095 -4.26668 -0.0399708 0.999169 -0.00798957 0.321748 0.00968245 0.00838289 0.999918 0.135701
0.999209 0.0393831 -0.00550768 -7.04785 -0.0394191 0.999201 -0.00659317 0.257568 0.00524362 0.00680507 0.999963 0.0431084
0.999145 0.0405677 -0.00796693 -9.79125 -0.0406346 0.999139 -0.00841929 0.216344 0.00761851 0.00873582 0.999933 -0.030039
0.999101 0.0410505 -0.0105771 -12.5333 -0.0411546 0.999104 -0.00982088 0.183714 0.0101645 0.0102474 0.999896 -0.0912826
0.999091 0.0401548 -0.0142936 -15.2296 -0.040291 0.999144 -0.00937098 0.178898 0.0139051 0.00993837 0.999854 -0.169771
0.999052 0.0403182 -0.0163836 -17.9336 -0.040502 0.999118 -0.0110465 0.19996 0.0159238 0.0116996 0.999805 -0.255512
0.998996 0.0413171 -0.017306 -20.5718 -0.0415189 0.999072 -0.0114722 0.155418 0.0168159 0.0121792 0.999784 -0.347912
0.998942 0.0425127 -0.0174993 -23.3113 -0.0427282 0.999013 -0.0121349 0.107356 0.0169662 0.0128698 0.999773 -0.414298
0.998826 0.0437936 -0.0206946 -26.0364 -0.0440598 0.998949 -0.0125856 0.0947989 0.0201217 0.0134826 0.999707 -0.518367
0.998858 0.0438471 -0.0189394 -28.7491 -0.0440946 0.998945 -0.0128532 0.0809168 0.0183558 0.0136737 0.999738 -0.62307
0.998815 0.0441845 -0.0203687 -31.4258 -0.0444499 0.99893 -0.0127699 0.0868252 0.0197827 0.0136602 0.999711 -0.717067
0.998816 0.0438582 -0.021016 -34.1558 -0.0441304 0.998945 -0.0126675 0.0643835 0.0204382 0.01358 0.999699 -0.825642
0.99878 0.0446223 -0.0211321 -36.8969 -0.0449088 0.998903 -0.0132835 0.0655911 0.0205162 0.0142163 0.999689 -0.913046
0.998774 0.0449119 -0.0208064 -39.6217 -0.0451759 0.998902 -0.0123993 0.05765 0.0202267 0.0133241 0.999707 -1.0069
0.99884 0.0440888 -0.0193241 -42.3402 -0.0442692 0.998979 -0.00901086 0.0378443 0.0189071 0.00985588 0.999773 -1.14629
0.998904 0.0430942 -0.0182455 -45.0732 -0.0432683 0.99902 -0.00926029 -0.0111154 0.0178286 0.0100396 0.999791 -1.26002
0.998902 0.0417699 -0.0212084 -47.8235 -0.0419868 0.999069 -0.00989085 -0.0117396 0.0207755 0.0107705 0.999726 -1.35447
0.999024 0.0399477 -0.0188419 -50.5404 -0.0401349 0.999147 -0.0096646 -0.0176078 0.0184398 0.0104114 0.999776 -1.45481
0.998993 0.0394034 -0.0214442 -53.2443 -0.0396326 0.99916 -0.0103711 -0.00804213 0.0210176 0.0112105 0.999716 -1.52807
0.998993 0.0393729 -0.0215114 -55.9616 -0.0396778 0.999115 -0.013938 -0.0311547 0.0209436 0.0147774 0.999672 -1.61737
0.999066 0.0393894 -0.0177416 -58.6849 -0.0396616 0.999096 -0.0152597 -0.0640417 0.0171245 0.0159491 0.999726 -1.6879
0.999026 0.0395065 -0.0196428 -61.419 -0.0397751 0.999118 -0.0134773 -0.0663449 0.019093 0.0142455 0.999716 -1.80915
0.999025 0.0397492 -0.0191879 -64.1177 -0.0399586 0.999144 -0.0106551 -0.119117 0.018748 0.0114115 0.999759 -1.92447
0.999019 0.039141 -0.0206781 -66.8835 -0.0393671 0.999168 -0.0106434 -0.137225 0.0202443 0.011447 0.99973 -2.00094
0.9989 0.0396667 -0.0249786 -69.5765 -0.0399095 0.99916 -0.00930185 -0.14621 0.0245887 0.0102885 0.999645 -2.09462
0.998806 0.0396049 -0.0285814 -72.3224 -0.0398458 0.999174 -0.00790851 -0.164038 0.0282446 0.00903792 0.99956 -2.1901
0.998794 0.039838 -0.0286737 -75.0441 -0.0400848 0.999163 -0.00808621 -0.196393 0.0283276 0.00922584 0.999556 -2.31908
0.998858 0.0403124 -0.0256151 -77.7707 -0.040576 0.999128 -0.00985489 -0.219981 0.0251955 0.010883 0.999623 -2.42874
0.998852 0.040075 -0.0262263 -80.5441 -0.0403795 0.999122 -0.0111839 -0.242774 0.0257551 0.01223 0.999594 -2.53294
0.998834 0.0407077 -0.0259226 -83.26 -0.0410939 0.999049 -0.0145418 -0.27987 0.025306 0.0155901 0.999558 -2.6744
0.998767 0.0408664 -0.0281785 -85.9987 -0.0413366 0.999012 -0.0163113 -0.299325 0.027484 0.017456 0.99947 -2.79604
0.998621 0.0411679 -0.0325719 -88.7034 -0.0417432 0.99898 -0.0171848 -0.315551 0.0318313 0.0185207 0.999322 -2.89987
0.998681 0.0404092 -0.0316465 -91.4425 -0.0409536 0.999021 -0.0167482 -0.319743 0.0309387 0.0180222 0.999359 -2.98759
0.998706 0.0394857 -0.03203 -94.1674 -0.0400222 0.999066 -0.0162868 -0.340907 0.031357 0.0175476 0.999354 -3.1156
0.998779 0.0381809 -0.0313278 -96.8948 -0.0386509 0.999147 -0.0145378 -0.354223 0.030746 0.0157309 0.999404 -3.27418
0.998812 0.0376215 -0.030957 -99.6166 -0.0380293 0.999196 -0.0126901 -0.381155 0.0304547 0.0138523 0.99944 -3.40507
0.998915 0.0365039 -0.0289161 -102.335 -0.0368616 0.999249 -0.0119355 -0.419692 0.0284587 0.0129884 0.999511 -3.53303
0.998984 0.0347921 -0.0286081 -105.056 -0.0351404 0.999313 -0.0117629 -0.444133 0.0281792 0.0127563 0.999522 -3.6554
0.999014 0.032778 -0.0299359 -107.786 -0.0331506 0.999378 -0.0120375 -0.501157 0.0295228 0.0130181 0.999479 -3.7904
0.999022 0.03103 -0.0314913 -110.506 -0.0314415 0.999425 -0.0126568 -0.548875 0.0310805 0.0136345 0.999424 -3.93815
0.998887 0.0305018 -0.035975 -113.211 -0.031009 0.999426 -0.0136268 -0.599765 0.0355387 0.0147272 0.99926 -4.0486
0.998689 0.031565 -0.0402911 -115.88 -0.032189 0.99937 -0.0149345 -0.643745 0.0397944 0.0162119 0.999076 -4.18397
0.998571 0.0343534 -0.0409334 -118.548 -0.0349975 0.999273 -0.0151252 -0.705724 0.0403841 0.0165362 0.999047 -4.27068
0.998446 0.0380425 -0.0407125 -121.199 -0.0387374 0.999114 -0.0164184 -0.735966 0.0400519 0.01797 0.999036 -4.37277
0.998316 0.0413518 -0.0406613 -123.86 -0.0420284 0.998989 -0.0159295 -0.754006 0.0399615 0.0176116 0.999046 -4.52904
0.998302 0.04289 -0.0393914 -126.504 -0.0434905 0.998948 -0.014515 -0.779764 0.0387274 0.0162035 0.999119 -4.65418
0.998311 0.0431982 -0.0388363 -129.103 -0.0437566 0.998949 -0.0136455 -0.769704 0.038206 0.0153218 0.999153 -4.78397
0.998314 0.0412819 -0.0407855 -131.692 -0.0418548 0.999035 -0.0132939 -0.79519 0.0401974 0.0149785 0.99908 -4.90833
0.998386 0.0380342 -0.0421508 -134.309 -0.0385971 0.999175 -0.0126237 -0.84035 0.0416359 0.0142302 0.999032 -5.03722
0.998528 0.0367762 -0.0398464 -136.86 -0.0372383 0.999247 -0.010917 -0.856875 0.0394149 0.0123847 0.999146 -5.1775
0.998606 0.0356816 -0.0388716 -139.4 -0.0361178 0.999291 -0.010578 -0.867466 0.0384667 0.0119672 0.999188 -5.30251
0.998619 0.0350344 -0.0391391 -141.909 -0.035396 0.999336 -0.00858482 -0.891855 0.0388124 0.00995834 0.999197 -5.46536
0.998644 0.0343017 -0.0391547 -144.419 -0.0347265 0.999344 -0.0102227 -0.941317 0.0387784 0.0115685 0.999181 -5.60934
0.998745 0.0336976 -0.0370462 -146.898 -0.03405 0.99938 -0.00892466 -0.988268 0.0367225 0.0101749 0.999274 -5.72451
0.99882 0.0327334 -0.0358592 -149.421 -0.0330158 0.999428 -0.00731312 -1.02562 0.0355994 0.00848842 0.99933 -5.84605
0.998824 0.032615 -0.0358688 -151.923 -0.0328627 0.99944 -0.00633816 -1.06366 0.035642 0.00750945 0.999336 -5.97109
0.998907 0.0323746 -0.0337095 -154.446 -0.0326067 0.999448 -0.00635945 -1.09232 0.0334851 0.00745165 0.999412 -6.08993
0.998899 0.0323869 -0.0339121 -156.97 -0.0325566 0.99946 -0.00446394 -1.1192 0.0337492 0.00556308 0.999415 -6.23
0.998884 0.0328809 -0.0338889 -159.52 -0.0330305 0.999447 -0.00386494 -1.14891 0.0337431 0.00497999 0.999418 -6.35292
0.998838 0.0327376 -0.0353635 -162.083 -0.0328434 0.999457 -0.00241707 -1.17653 0.0352652 0.00357571 0.999372 -6.50533
0.998607 0.0316635 -0.042201 -164.653 -0.0317568 0.999494 -0.00154387 -1.22701 0.0421308 0.00288189 0.999108 -6.69383
0.998705 0.0308406 -0.0404522 -167.154 -0.0309532 0.999518 -0.00216018 -1.28915 0.0403662 0.0034095 0.999179 -6.81617
0.998566 0.0298031 -0.0444471 -169.587 -0.0299257 0.99955 -0.00209682 -1.32496 0.0443646 0.00342392 0.99901 -6.93944
0.998432 0.0289242 -0.0479095 -171.961 -0.0292163 0.999558 -0.0054085 -1.38895 0.047732 0.00679976 0.998837 -7.05278
0.998688 0.0286944 -0.0423876 -174.279 -0.0289547 0.999565 -0.00553976 -1.41253 0.0422102 0.00675981 0.999086 -7.18428
0.998738 0.029625 -0.0405427 -176.545 -0.029835 0.999544 -0.00458399 -1.45246 0.0403885 0.0057878 0.999167 -7.3334
0.998797 0.031177 -0.0378161 -178.805 -0.0313627 0.999498 -0.00432865 -1.49271 0.0376622 0.00550946 0.999276 -7.43215
0.998739 0.0330516 -0.0377814 -181.052 -0.0332909 0.999429 -0.00572258 -1.53114 0.0375707 0.00697314 0.99927 -7.54465
0.998691 0.0343074 -0.0379293 -183.272 -0.0345804 0.99938 -0.00656636 -1.57087 0.0376805 0.00786937 0.999259 -7.6843
0.998722 0.0339488 -0.0374218 -185.494 -0.0342443 0.999387 -0.00728463 -1.61005 0.0371516 0.0085568 0.999273 -7.81918
0.998793 0.0327709 -0.0365812 -187.726 -0.0330234 0.999434 -0.00632182 -1.62057 0.0363534 0.00752222 0.999311 -7.93012
0.998817 0.0314658 -0.0370642 -189.934 -0.0318152 0.999454 -0.00887603 -1.65585 0.0367647 0.0100447 0.999274 -8.00834
0.998965 0.0299991 -0.0341811 -192.147 -0.0304833 0.999441 -0.0137345 -1.66364 0.03375 0.0147623 0.999321 -8.0713
0.999063 0.0284573 -0.0325847 -194.399 -0.02881 0.999531 -0.0104059 -1.72024 0.0322732 0.0113349 0.999415 -8.2207
0.999187 0.02813 -0.0288463 -196.676 -0.0283976 0.999557 -0.0089117 -1.7686 0.0285829 0.00972363 0.999544 -8.34732
0.999237 0.0260992 -0.029037 -199.021 -0.0263354 0.999623 -0.00778256 -1.83025 0.0288229 0.00854132 0.999548 -8.44944
0.999276 0.0235609 -0.0298454 -201.385 -0.023786 0.999691 -0.00721119 -1.87874 0.0296663 0.00791587 0.999529 -8.55961
0.999358 0.0226305 -0.0277464 -203.771 -0.0228699 0.999703 -0.0083429 -1.93549 0.0275494 0.0089721 0.99958 -8.65342
0.999258 0.0231139 -0.0307703 -206.213 -0.0233664 0.999696 -0.00787374 -1.98737 0.0305789 0.0085869 0.999496 -8.79932
0.999219 0.0248766 -0.0306805 -208.683 -0.0251249 0.999654 -0.00773325 -2.02936 0.0304776 0.00849805 0.9995 -8.93113
0.999116 0.0267482 -0.0324255 -211.175 -0.0270285 0.999601 -0.00823857 -2.09625 0.0321922 0.00910769 0.99944 -9.04978
0.998991 0.0288309 -0.0344154 -213.681 -0.0291654 0.999532 -0.00925847 -2.13689 0.0341324 0.0102529 0.999365 -9.16521
0.998944 0.0303363 -0.0345013 -216.196 -0.0306402 0.999496 -0.008315 -2.19615 0.0342317 0.00936334 0.99937 -9.31358
0.998915 0.0300528 -0.035567 -218.725 -0.03028 0.999524 -0.00586528 -2.25518 0.0353739 0.00693588 0.99935 -9.47183
0.998886 0.0294265 -0.0368585 -221.263 -0.0296187 0.99955 -0.00467953 -2.27758 0.0367043 0.00576602 0.99931 -9.61194
0.998792 0.0283335 -0.0401307 -223.821 -0.0285264 0.999584 -0.00424421 -2.31968 0.0399938 0.00538386 0.999186 -9.74581
0.998725 0.0269092 -0.0426919 -226.369 -0.0271372 0.99962 -0.00477226 -2.36765 0.0425473 0.00592472 0.999077 -9.85831
0.998605 0.0265471 -0.0456339 -228.874 -0.0267764 0.999632 -0.00442257 -2.43561 0.0454997 0.00563831 0.998949 -10.0163
0.998438 0.0258384 -0.0495135 -231.371 -0.0260991 0.999649 -0.00462596 -2.50854 0.0493766 0.00591099 0.998763 -10.1844
0.998163 0.0244069 -0.0554354 -233.841 -0.024716 0.999682 -0.0048971 -2.56396 0.0552983 0.00625825 0.99845 -10.339
0.998049 0.0232055 -0.0579499 -236.283 -0.0235807 0.999705 -0.00579853 -2.61892 0.0577983 0.00715371 0.998303 -10.4966
0.997964 0.0222276 -0.0597736 -238.692 -0.0226337 0.999725 -0.00612643 -2.69094 0.0596211 0.00746685 0.998193 -10.6352
0.997978 0.0222783 -0.0595175 -241.039 -0.0228004 0.999707 -0.00810931 -2.75665 0.0593194 0.00944994 0.998194 -10.7922
0.997952 0.0226566 -0.0598057 -243.345 -0.0231264 0.999707 -0.00717553 -2.81075 0.0596257 0.00854393 0.998184 -10.9527
0.997909 0.0230683 -0.0603593 -245.601 -0.0235226 0.9997 -0.00682717 -2.84699 0.0601837 0.00823271 0.998154 -11.1094
0.997707 0.0226116 -0.0637847 -247.805 -0.0229855 0.999723 -0.00513453 -2.90513 0.0636509 0.00658888 0.997951 -11.2756
0.997574 0.0223195 -0.0659227 -249.946 -0.0227145 0.999728 -0.00524816 -2.97443 0.0657877 0.00673283 0.997811 -11.4393
0.997479 0.021814 -0.0675151 -252.015 -0.0222154 0.99974 -0.00520108 -3.0341 0.0673841 0.00668783 0.997705 -11.6029
0.997346 0.0213838 -0.0695839 -254.033 -0.0218042 0.999748 -0.00528839 -3.08605 0.0694534 0.00679157 0.997562 -11.7521
0.997296 0.0207061 -0.0704939 -255.967 -0.0214822 0.999716 -0.0102696 -3.16154 0.0702613 0.0117562 0.997459 -11.9059
0.997095 0.0207675 -0.0732741 -257.827 -0.021675 0.999697 -0.011612 -3.21663 0.0730108 0.0131665 0.997244 -12.0665
0.997124 0.0221161 -0.0724821 -259.663 -0.0229809 0.999674 -0.0111198 -3.25385 0.0722126 0.0127535 0.997308 -12.2381
0.997187 0.0241448 -0.0709423 -261.473 -0.0250102 0.999623 -0.0113357 -3.31282 0.0706419 0.0130781 0.997416 -12.4022
0.996949 0.0257791 -0.0736578 -263.279 -0.0265714 0.999599 -0.00979797 -3.33072 0.0733757 0.0117253 0.997236 -12.5373
0.996939 0.0264507 -0.0735634 -265.112 -0.0272475 0.99958 -0.00984962 -3.35994 0.0732721 0.0118239 0.997242 -12.7063
0.997281 0.0262784 -0.068832 -266.931 -0.0268754 0.999608 -0.00776193 -3.43653 0.0686011 0.00959071 0.997598 -12.8722
0.997447 0.0254937 -0.0666909 -268.813 -0.0261756 0.999613 -0.00937179 -3.49344 0.0664262 0.0110935 0.99773 -13.0392
0.997515 0.0254103 -0.0657035 -270.746 -0.0263646 0.999558 -0.0136987 -3.5332 0.0653264 0.0153969 0.997745 -13.1645
0.997415 0.024875 -0.0674027 -272.751 -0.0259661 0.999545 -0.0153611 -3.56157 0.0669899 0.0170716 0.997608 -13.3151
0.997421 0.0242847 -0.0675351 -274.825 -0.025373 0.999561 -0.0153038 -3.60636 0.0671339 0.0169779 0.9976 -13.4666
0.997397 0.0233483 -0.0682025 -276.933 -0.0243866 0.999598 -0.0144323 -3.64799 0.0678382 0.016058 0.997567 -13.6389
0.997433 0.0225236 -0.0679612 -279.064 -0.0234575 0.99964 -0.0129758 -3.70792 0.0676446 0.0145367 0.997604 -13.8431
0.997453 0.0222301 -0.0677634 -281.255 -0.0231103 0.999658 -0.012234 -3.76221 0.0674683 0.0137689 0.997627 -14.0526
0.997571 0.0213619 -0.0662856 -283.514 -0.0223067 0.999659 -0.0135466 -3.82694 0.0659737 0.0149923 0.997709 -14.2877
0.997042 0.0216845 -0.0737285 -285.783 -0.0234619 0.999452 -0.0233285 -3.91936 0.0731823 0.0249893 0.997006 -14.4957
0.997562 0.023484 -0.0657092 -288.061 -0.0247893 0.99951 -0.0191208 -3.91464 0.065228 0.0207031 0.997656 -14.7012
0.997445 0.0238202 -0.0673328 -290.372 -0.0250128 0.999544 -0.0169244 -3.9604 0.066899 0.0185654 0.997587 -14.8606
0.996872 0.0241634 -0.0752353 -292.729 -0.0255882 0.99951 -0.0180319 -3.99889 0.0747627 0.0199007 0.997003 -15.0609
0.996933 0.0251443 -0.0741072 -295.068 -0.0263848 0.999527 -0.0158079 -4.05162 0.0736747 0.0177148 0.997125 -15.3048
0.996863 0.0252781 -0.0749925 -297.451 -0.0263652 0.99956 -0.0135419 -4.10589 0.0746172 0.0154767 0.997092 -15.564
0.996604 0.0251759 -0.0783917 -299.866 -0.0263222 0.999561 -0.013624 -4.15759 0.0780143 0.0156412 0.99683 -15.7944
0.996341 0.025418 -0.081598 -302.291 -0.026538 0.999567 -0.0126705 -4.20807 0.0812407 0.0147896 0.996585 -16.0362
0.996333 0.0257231 -0.0815948 -304.734 -0.0269765 0.999534 -0.0142971 -4.25553 0.0811891 0.0164458 0.996563 -16.2635
0.996233 0.0262872 -0.0826238 -306.685 -0.0274477 0.999539 -0.0129412 -4.31514 0.0822456 0.0151603 0.996497 -16.4807
