1 0 0 0 0 1 0 0 0 0 1 0
0.999989 0.00474662 -0.000285544 -1.88202 -0.00474645 0.999989 0.000595536 -0.0728668 0.000288368 -0.000594174 1 -0.0369216
0.999975 0.00695667 0.000901237 -3.74397 -0.00695712 0.999976 0.000494489 -0.151408 -0.000897775 -0.000500747 0.999999 -0.0772551
0.999982 0.00595539 -0.000982976 -5.65169 -0.00595199 0.999976 0.00342777 -0.227126 0.00100337 -0.00342186 0.999994 -0.13066
0.999992 0.00323253 -0.00253931 -7.56862 -0.00321834 0.999979 0.00557214 -0.303509 0.00255727 -0.00556392 0.999981 -0.177852
0.999997 -0.0010303 0.00230392 -9.46704 0.0010166 0.999982 0.0059382 -0.406948 -0.00230999 -0.00593584 0.99998 -0.22333
0.999976 -0.00669624 -0.00163633 -11.4071 0.00670627 0.999958 0.00620246 -0.501117 0.00159473 -0.00621329 0.999979 -0.261941
0.999912 -0.0130953 0.00198482 -13.3275 0.0130868 0.999905 0.00422471 -0.617462 -0.00203995 -0.00419837 0.999989 -0.272827
0.999805 -0.0194412 0.00356805 -15.2268 0.0194227 0.999798 0.00515549 -0.746645 -0.00366756 -0.00508518 0.99998 -0.294454
0.999674 -0.0255193 0.000785029 -17.1456 0.025516 0.999667 0.00395657 -0.887876 -0.000885737 -0.00393525 0.999992 -0.327001
0.999522 -0.030874 -0.00180465 -19.0289 0.030881 0.999515 0.00399741 -1.06614 0.00168036 -0.00405123 0.99999 -0.337281
0.999394 -0.0348035 -0.000160219 -20.9229 0.0348038 0.999388 0.00355518 -1.18729 3.63875e-05 -0.0035586 0.999994 -0.373745
0.999313 -0.0370423 -0.000940198 -22.7948 0.0370449 0.999309 0.00290136 -1.36014 0.000832075 -0.0029342 0.999995 -0.396253
0.999297 -0.0374915 -0.000582557 -24.6457 0.0374926 0.999295 0.00196999 -1.52163 0.000508288 -0.00199044 0.999998 -0.379313
0.999311 -0.0371111 -0.000784406 -26.4797 0.0371134 0.999306 0.0031682 -1.68992 0.000666285 -0.00319513 0.999995 -0.423954
0.999333 -0.0364889 0.00159206 -28.3211 0.0364848 0.999331 0.00254039 -1.84055 -0.0016837 -0.00248061 0.999995 -0.458851
0.999325 -0.0365973 0.00320205 -30.1329 0.0365908 0.999328 0.00204327 -1.99935 -0.00327467 -0.00192472 0.999993 -0.486331
0.999313 -0.036942 0.00297386 -31.9339 0.0369395 0.999317 0.000872626 -2.15647 -0.00300407 -0.000762174 0.999995 -0.525364
0.999346 -0.0361422 0.00139816 -33.7363 0.0361413 0.999346 0.00065047 -2.30378 -0.00142076 -0.000599514 0.999999 -0.535615
0.999406 -0.0344304 0.00136863 -35.5259 0.0344292 0.999407 0.00092032 -2.44814 -0.00139951 -0.000872653 0.999999 -0.561877
0.999493 -0.0315791 0.00410007 -37.2844 0.0315735 0.9995 0.00141482 -2.60249 -0.0041427 -0.00128464 0.99999 -0.596746
0.999586 -0.0283939 0.00465542 -39.0375 0.028383 0.999594 0.00237462 -2.73605 -0.00472096 -0.0022415 0.999986 -0.62087
0.999682 -0.0249632 0.00354285 -40.7747 0.0249538 0.999685 0.00269362 -2.87055 -0.00360897 -0.00260436 0.99999 -0.643807
0.999754 -0.021864 0.0037511 -42.523 0.0218518 0.999756 0.00327452 -2.98154 -0.00382178 -0.00319175 0.999987 -0.641258
0.999811 -0.0191362 0.00346617 -44.2695 0.0191186 0.999804 0.00504112 -3.09676 -0.00356196 -0.0049739 0.999981 -0.662722
0.999846 -0.0165688 0.00569898 -46.0238 0.01654 0.99985 0.00506506 -3.21439 -0.00578206 -0.00497003 0.999971 -0.690261
0.999866 -0.0153308 0.00579127 -47.7816 0.0152995 0.999868 0.00541638 -3.32919 -0.00587355 -0.00532705 0.999968 -0.727633
0.999855 -0.0144837 0.00891152 -49.5324 0.0144369 0.999882 0.00530169 -3.4434 -0.00898725 -0.00517227 0.999946 -0.739565
0.999879 -0.0140008 0.0067833 -51.3411 0.0139663 0.999889 0.0051039 -3.56255 -0.00685401 -0.00500855 0.999964 -0.761006
0.999878 -0.0138489 0.00719379 -53.1548 0.0138159 0.999894 0.0046045 -3.67702 -0.0072568 -0.00450456 0.999963 -0.770469
0.999871 -0.0135115 0.0086572 -54.9875 0.0134598 0.999891 0.00600932 -3.77602 -0.00873746 -0.00589203 0.999944 -0.780233
0.999858 -0.0126458 0.0111065 -56.8505 0.0125691 0.999897 0.00695054 -3.90662 -0.0111932 -0.00680996 0.999914 -0.814557
0.999844 -0.0115228 0.0133966 -58.7379 0.0114318 0.999911 0.00684914 -4.02327 -0.0134743 -0.00669492 0.999887 -0.806098
0.99986 -0.010467 0.0130903 -60.6643 0.0103646 0.999915 0.00786922 -4.14959 -0.0131715 -0.00773244 0.999883 -0.795838
0.999888 -0.00897566 0.0120083 -62.6261 0.00887308 0.999924 0.00856841 -4.26358 -0.0120843 -0.0084609 0.999891 -0.78055
0.999898 -0.00761537 0.0121194 -64.5969 0.00751182 0.999935 0.008567 -4.35918 -0.0121838 -0.00847508 0.99989 -0.763281
0.999902 -0.00638729 0.0124469 -66.6071 0.00628342 0.999945 0.00836668 -4.50113 -0.0124996 -0.00828765 0.999887 -0.773343
0.999899 -0.00573308 0.0130211 -68.6514 0.00563352 0.999955 0.00766985 -4.61956 -0.0130645 -0.00759572 0.999886 -0.783642
0.999894 -0.0052396 0.0135628 -70.7268 0.0051406 0.99996 0.00732391 -4.72919 -0.0136007 -0.00725341 0.999881 -0.800455
0.999898 -0.00497967 0.0133594 -72.8076 0.00488546 0.999963 0.00707603 -4.83717 -0.0133942 -0.00701005 0.999885 -0.812919
0.999898 -0.00491571 0.0133853 -74.8861 0.0048503 0.999976 0.00491465 -4.96496 -0.0134092 -0.00484922 0.999898 -0.809098
0.999918 -0.00473485 0.0119222 -76.9966 0.00468372 0.99998 0.00431302 -5.08295 -0.0119424 -0.00425682 0.999919 -0.840382
0.999914 -0.00503287 0.0121124 -79.1237 0.00497509 0.999976 0.00479597 -5.20683 -0.0121362 -0.0047353 0.999915 -0.862073
0.999907 -0.00525921 0.0125662 -81.2527 0.00518857 0.999971 0.00564716 -5.30647 -0.0125955 -0.00558144 0.999905 -0.87319
0.999893 -0.00553295 0.0135574 -83.3559 0.00546164 0.999971 0.00529084 -5.39629 -0.0135863 -0.00521622 0.999894 -0.895732
0.999948 -0.00434047 0.00926261 -85.4448 0.0042881 0.999975 0.0056659 -5.52909 -0.00928697 -0.00562588 0.999941 -0.911536
0.999979 -0.00281242 0.00591234 -87.4685 0.00277551 0.999977 0.00624108 -5.62104 -0.00592976 -0.00622453 0.999963 -0.917326
0.999978 -0.00155341 0.00653196 -89.4096 0.00150092 0.999967 0.00803398 -5.7175 -0.00654423 -0.00802399 0.999946 -0.914951
0.999971 -0.000273432 0.00767582 -91.2654 0.00020858 0.999964 0.0084484 -5.8075 -0.00767786 -0.00844655 0.999935 -0.921881
0.999961 0.0010294 0.00874743 -93.0309 -0.00111401 0.999952 0.00967299 -5.90638 -0.00873706 -0.00968236 0.999915 -0.928909
0.999935 0.0019315 0.0112456 -94.7581 -0.00203395 0.999956 0.00910589 -5.99007 -0.0112276 -0.00912817 0.999895 -0.910894
0.99991 0.00206306 0.0132537 -96.4748 -0.00218609 0.999955 0.00927474 -6.06179 -0.0132339 -0.00930288 0.999869 -0.908591
0.999893 0.00195226 0.0144707 -98.1882 -0.00209986 0.999946 0.0101918 -6.13959 -0.01445 -0.0102211 0.999843 -0.91056
0.999875 0.00231942 0.0156439 -99.8814 -0.00247982 0.999944 0.0102418 -6.2102 -0.0156193 -0.0102793 0.999825 -0.913894
0.999845 0.00385499 0.0172071 -101.549 -0.00403043 0.99994 0.0101733 -6.27559 -0.0171669 -0.010241 0.9998 -0.907239
0.99982 0.00539527 0.0181905 -103.213 -0.00557762 0.999934 0.00998917 -6.34351 -0.0181354 -0.0100888 0.999784 -0.907328
0.99981 0.00687551 0.0182433 -104.878 -0.00705182 0.999929 0.00961773 -6.40414 -0.0181758 -0.00974455 0.999787 -0.894115
0.999777 0.00852846 0.0193521 -106.532 -0.00871928 0.999914 0.0097977 -6.48262 -0.0192669 -0.00996425 0.999765 -0.89454
0.99977 0.00964003 0.0191961 -108.173 -0.00981823 0.999909 0.00921065 -6.5605 -0.0191056 -0.009397 0.999773 -0.878342
0.999764 0.00975363 0.0194175 -109.816 -0.00994757 0.999901 0.00991651 -6.62592 -0.0193189 -0.0101073 0.999762 -0.866001
0.999779 0.00820545 0.0193848 -111.494 -0.0084149 0.999907 0.0107482 -6.66345 -0.0192948 -0.010909 0.999754 -0.851219
0.999737 0.00782111 0.0215582 -113.171 -0.00804747 0.999913 0.0104334 -6.73567 -0.0214747 -0.0106041 0.999713 -0.849509
0.999701 0.00844437 0.0229534 -114.873 -0.00870825 0.999897 0.0114207 -6.8083 -0.0228546 -0.0116171 0.999671 -0.845602
0.999654 0.00997062 0.024336 -116.57 -0.010272 0.999872 0.0122929 -6.86221 -0.0242103 -0.0125386 0.999628 -0.837461
0.999612 0.0107465 0.0256894 -118.306 -0.0109734 0.999902 0.00870796 -6.92498 -0.0255933 -0.00898649 0.999632 -0.822803
0.999518 0.0110368 0.0290156 -120.05 -0.0113154 0.999891 0.00945289 -6.99511 -0.0289081 -0.00977666 0.999534 -0.829095
0.999571 0.0106351 0.0272846 -121.821 -0.0108413 0.999914 0.00742091 -7.06806 -0.0272033 -0.00771353 0.9996 -0.823305
0.999635 0.00891645 0.0255025 -123.591 -0.00910799 0.999931 0.00740434 -7.14053 -0.0254347 -0.00763392 0.999647 -0.804206
0.999589 0.00604439 0.028033 -125.394 -0.00626825 0.999949 0.00790465 -7.18975 -0.0279838 -0.00807712 0.999575 -0.792362
0.999578 0.00300769 0.0289089 -127.207 -0.00324252 0.999962 0.00807936 -7.27254 -0.0288835 -0.00816969 0.999549 -0.770802
0.999567 0.00101696 0.0294324 -129.047 -0.00130085 0.999953 0.0096277 -7.35492 -0.0294212 -0.00966182 0.99952 -0.751969
0.99963 -0.000163893 0.0272161 -130.905 -0.000107252 0.99995 0.00996075 -7.44935 -0.0272164 -0.00995999 0.99958 -0.741687
0.999667 -0.00161262 0.025771 -132.776 0.00135048 0.999947 0.0101859 -7.52947 -0.0257861 -0.0101477 0.999616 -0.716413
0.99955 -0.00250351 0.0298997 -134.656 0.0021693 0.999935 0.0112048 -7.62485 -0.0299258 -0.0111349 0.99949 -0.690447
0.99953 -0.00385441 0.0304275 -136.561 0.00353341 0.999938 0.0105964 -7.73421 -0.0304664 -0.0104839 0.999481 -0.671992
0.999643 -0.00472288 0.0263056 -138.482 0.00443865 0.999931 0.0108527 -7.84702 -0.026355 -0.010732 0.999595 -0.652677
0.999584 -0.00592525 0.0282188 -140.425 0.00564934 0.999936 0.00984711 -7.93501 -0.0282753 -0.0096836 0.999553 -0.642396
0.999558 -0.0067693 0.0289734 -142.373 0.00655073 0.999949 0.00763184 -8.04777 -0.0290236 -0.00743867 0.999551 -0.618722
0.999506 -0.00660943 0.0307411 -144.345 0.00643838 0.999963 0.00565973 -8.15651 -0.0307774 -0.00545901 0.999511 -0.588682
0.999463 -0.00639564 0.0321372 -146.325 0.0062501 0.99997 0.00462716 -8.26671 -0.0321658 -0.00442382 0.999473 -0.55895
0.999468 -0.00535907 0.0321873 -148.308 0.00519469 0.999973 0.00518814 -8.3817 -0.0322142 -0.00501818 0.999468 -0.529498
0.999469 -0.00415868 0.0323119 -150.302 0.00395949 0.999973 0.00622593 -8.49716 -0.0323369 -0.00609469 0.999458 -0.497549
0.999456 -0.00327934 0.0328284 -152.291 0.00300136 0.999959 0.00851298 -8.57615 -0.032855 -0.00840982 0.999425 -0.460156
0.999451 -0.0016279 0.0331036 -154.274 0.00129267 0.999948 0.0101455 -8.68088 -0.0331183 -0.0100971 0.9994 -0.449839
0.99944 0.00104356 0.0334548 -156.27 -0.00139465 0.999944 0.010473 -8.76245 -0.033442 -0.0105138 0.999385 -0.396336
0.999428 0.00302074 0.0336868 -158.275 -0.00337322 0.99994 0.0104113 -8.88053 -0.0336534 -0.010519 0.999378 -0.362401
0.999381 0.004546 0.034892 -160.269 -0.00492962 0.999928 0.0109163 -8.96113 -0.0348398 -0.0110815 0.999331 -0.345524
0.999366 0.0045671 0.0353264 -162.272 -0.00495901 0.999927 0.0110143 -9.0408 -0.0352736 -0.0111825 0.999315 -0.32504
0.999376 0.0036204 0.035154 -164.286 -0.00398668 0.999939 0.0103547 -9.13712 -0.0351143 -0.0104884 0.999328 -0.289727
0.99936 0.00230651 0.0357036 -166.292 -0.00260493 0.999962 0.00831412 -9.23551 -0.035683 -0.00840181 0.999328 -0.245088
0.999275 0.000187107 0.0380899 -168.29 -0.000423521 0.999981 0.00619866 -9.33264 -0.038088 -0.0062103 0.999255 -0.188007
0.999206 -0.00254113 0.0397593 -170.295 0.00233298 0.999984 0.00528066 -9.44225 -0.0397721 -0.00518371 0.999195 -0.145202
0.999108 -0.0049569 0.0419365 -172.31 0.00469903 0.99997 0.00624529 -9.54393 -0.0419662 -0.00604266 0.999101 -0.102478
0.999047 -0.0074278 0.043017 -174.317 0.0071634 0.999955 0.00629703 -9.65265 -0.0430619 -0.00598288 0.999054 -0.0468147
0.99907 -0.00971926 0.042028 -176.356 0.00943629 0.999932 0.0069261 -9.76043 -0.0420925 -0.00652307 0.999092 0.0207962
0.998958 -0.011336 0.0442097 -178.394 0.0111206 0.999925 0.00511491 -9.90079 -0.0442644 -0.00461794 0.999009 0.0844267
0.998878 -0.0132147 0.045488 -180.433 0.0129834 0.999902 0.00537646 -10.0317 -0.0455546 -0.00477984 0.99895 0.16195
0.998895 -0.0149376 0.0445609 -182.482 0.0147043 0.999877 0.00555665 -10.1504 -0.0446384 -0.00489527 0.998991 0.235663
0.999003 -0.0161567 0.0416237 -184.529 0.0160295 0.999866 0.00338649 -10.2813 -0.0416728 -0.00271591 0.999127 0.270405
0.998968 -0.0162329 0.0424248 -186.577 0.015946 0.999848 0.00709035 -10.4199 -0.0425334 -0.00640652 0.999074 0.31228
0.998838 -0.0153173 0.0457072 -188.624 0.0151333 0.999876 0.00436715 -10.5404 -0.0457684 -0.00367038 0.998945 0.399741
0.998862 -0.0150365 0.0452693 -190.688 0.0147444 0.999869 0.00677971 -10.6694 -0.0453653 -0.00610453 0.998952 0.448604
0.99883 -0.0140046 0.0462856 -192.739 0.0136589 0.999877 0.00777748 -10.7903 -0.0463888 -0.00713618 0.998898 0.518335
0.998831 -0.0139204 0.0462886 -194.788 0.0135141 0.999868 0.00907948 -10.9295 -0.0464088 -0.00844332 0.998887 0.581742
0.998761 -0.014975 0.0474592 -196.884 0.0145176 0.999845 0.00996684 -11.0598 -0.0476011 -0.00926549 0.998823 0.637501
0.998598 -0.0157109 0.0505583 -198.947 0.0151742 0.999825 0.0109825 -11.1875 -0.0507219 -0.0101999 0.998661 0.695805
0.998562 -0.0163166 0.0510734 -201.001 0.0158358 0.999827 0.009805 -11.3182 -0.0512246 -0.00898211 0.998647 0.787066
0.99854 -0.0169873 0.051291 -203.058 0.0165626 0.999825 0.00869373 -11.4535 -0.0514297 -0.00783152 0.998646 0.879625
0.998506 -0.0174918 0.0517773 -205.103 0.0170386 0.999813 0.00918228 -11.5912 -0.0519282 -0.00828634 0.998616 0.941985
0.998408 -0.0182329 0.0533748 -207.17 0.0176854 0.999786 0.0107129 -11.7119 -0.0535587 -0.0097519 0.998517 1.01793
0.998388 -0.0181829 0.0537762 -209.243 0.0177189 0.999802 0.00909302 -11.8574 -0.0539309 -0.00812551 0.998512 1.10085
0.998283 -0.0191097 0.05537 -211.334 0.0188508 0.999809 0.00519407 -11.9952 -0.0554586 -0.00414138 0.998452 1.18772
0.998113 -0.0190152 0.0583839 -213.382 0.0185593 0.999793 0.00834135 -12.1159 -0.0585304 -0.00724205 0.998259 1.25734
0.998129 -0.0189106 0.0581595 -215.428 0.0184985 0.9998 0.00761678 -12.2373 -0.0582919 -0.00652666 0.998278 1.36759
0.998313 -0.0197317 0.0546054 -217.482 0.0192644 0.999774 0.00907052 -12.394 -0.054772 -0.00800327 0.998467 1.43142
0.998229 -0.0209525 0.0556739 -219.54 0.0205847 0.999763 0.00717165 -12.5394 -0.0558109 -0.00601292 0.998423 1.51879
0.998286 -0.0237919 0.053469 -221.577 0.0234191 0.999697 0.00758773 -12.7064 -0.0536333 -0.00632253 0.998541 1.59649
0.998182 -0.0278996 0.0534294 -223.642 0.0275699 0.999596 0.00689629 -12.8437 -0.0536002 -0.00541071 0.998548 1.68824
0.997883 -0.0314459 0.0569239 -225.688 0.0313276 0.999505 0.00296907 -13.0123 -0.056989 -0.00117949 0.998374 1.76696
0.997477 -0.0335706 0.0625535 -227.718 0.0331828 0.999424 0.00722764 -13.1876 -0.0627601 -0.0051337 0.998016 1.82334
0.997667 -0.0340875 0.0591587 -229.779 0.0338335 0.999414 0.00529061 -13.3456 -0.0593043 -0.00327673 0.998235 1.92597
0.997725 -0.0352769 0.0574484 -231.838 0.0351647 0.999377 0.0029638 -13.5453 -0.0575172 -0.0009369 0.998344 2.0472
0.997643 -0.0353457 0.0588223 -233.902 0.0353866 0.999374 0.000346514 -13.7091 -0.0587977 0.00173582 0.998268 2.09549
0.997586 -0.0351591 0.059879 -235.99 0.035257 0.999378 -0.000580241 -13.8769 -0.0598214 0.00269 0.998206 2.19589
0.997449 -0.0341815 0.0626752 -238.072 0.0341599 0.999416 0.00141621 -14.0393 -0.062687 0.000728383 0.998033 2.2979
0.997409 -0.0336754 0.063567 -239.131 0.0335997 0.999433 0.00225882 -14.1469 -0.063607 -0.000117137 0.997975 2.33674
