1 0 0 0 0 1 0 0 0 0 1 0
1 -7.0223e-05 1.90889e-05 -0.00236926 7.02238e-05 1 -4.05223e-05 0.00595503 -1.9086e-05 4.05236e-05 1 -0.000116797
0.999999 0.00124432 0.000417425 0.0544228 -0.00124421 0.999999 -0.000264364 0.00152493 -0.000417754 0.000263845 1 0.00619593
0.999999 0.00122854 0.000417675 0.0552004 -0.00122844 0.999999 -0.000251354 0.00137649 -0.000417984 0.000250841 1 0.00523904
0.999999 0.00128538 0.000333175 0.0593345 -0.00128529 0.999999 -0.000286794 -0.000378234 -0.000333543 0.000286366 1 0.00663424
0.999999 0.00125096 0.000291673 0.0622273 -0.00125086 0.999999 -0.000357561 0.00418567 -0.00029212 0.000357196 1 0.00794928
0.999998 0.00165817 0.000666416 0.0786713 -0.00165807 0.999999 -0.000152672 0.00534956 -0.000666668 0.000151566 1 0.00186539
0.999998 0.00167847 0.000515492 0.0783329 -0.00167843 0.999999 -9.19126e-05 0.00384494 -0.000515646 9.10473e-05 1 0.00313025
0.999997 0.0021763 0.000562594 0.100439 -0.00217621 0.999998 -0.000157358 -0.00469703 -0.000562935 0.000156134 1 0.00125413
0.999996 0.00264085 0.000620239 0.124131 -0.00264082 0.999996 -4.86532e-05 -0.00437168 -0.000620365 4.70152e-05 1 -0.00126029
0.999997 0.00254612 0.000536666 0.123257 -0.00254605 0.999997 -0.000141832 -0.000883934 -0.000537026 0.000140465 1 -0.00200355
0.999996 0.00292557 0.000564486 0.137728 -0.00292559 0.999996 3.94188e-05 -0.00576047 -0.000564368 -4.107e-05 1 -0.00647246
0.999994 0.00333671 0.000296418 0.157461 -0.00333674 0.999994 0.000102666 -0.00837488 -0.000296074 -0.000103655 1 -0.00940314
0.999993 0.00383524 8.28286e-06 0.186021 -0.00383525 0.999993 0.000416556 -0.017587 -6.6851e-06 -0.000416585 1 -0.0143365
0.999991 0.00430279 -0.000255004 0.213335 -0.00430264 0.999991 0.000602088 -0.0152108 0.000257593 -0.000600986 1 -0.0182411
0.99999 0.00449232 -0.00016206 0.231779 -0.00449219 0.99999 0.000777641 -0.012409 0.000165552 -0.000776905 1 -0.0271878
0.999988 0.00490996 -0.000101066 0.255849 -0.00490987 0.999988 0.00085531 -0.0128708 0.000105264 -0.000854803 1 -0.033117
0.999985 0.00551035 -0.000309498 0.285546 -0.00550996 0.999984 0.00124631 -0.017069 0.000316361 -0.00124459 0.999999 -0.0422017
0.999985 0.00552001 -0.000311686 0.289481 -0.00551963 0.999984 0.0011977 -0.0174629 0.000318292 -0.00119596 0.999999 -0.0435311
0.999983 0.00582935 -0.000351939 0.313943 -0.00582883 0.999982 0.00145733 -0.0144709 0.000360428 -0.00145525 0.999999 -0.0466656
0.999983 0.00589019 -0.000420566 0.315583 -0.0058896 0.999982 0.00139585 -0.0133788 0.00042878 -0.00139335 0.999999 -0.0450389
0.999979 0.0064101 -0.000630495 0.34112 -0.00640912 0.999978 0.00154808 -0.0190318 0.000640405 -0.00154401 0.999999 -0.0472366
0.999975 0.0070514 -0.000818657 0.369183 -0.00704998 0.999974 0.00172663 -0.0250287 0.00083081 -0.00172081 0.999998 -0.0498883
0.99997 0.00767508 -0.000932057 0.39906 -0.0076732 0.999969 0.00199809 -0.0318679 0.000947363 -0.00199088 0.999997 -0.0532918
0.999965 0.00822901 -0.0016055 0.424082 -0.0082251 0.999963 0.00242513 -0.0307371 0.0016254 -0.00241184 0.999996 -0.0574276
0.99996 0.0088288 -0.00178231 0.445239 -0.00882399 0.999957 0.00268802 -0.0412225 0.00180597 -0.00267219 0.999995 -0.0630364
0.999956 0.0091613 -0.00187619 0.463979 -0.00915586 0.999954 0.00289018 -0.0503924 0.00190258 -0.00287288 0.999994 -0.0699347
0.999953 0.00942631 -0.0022892 0.481745 -0.00941826 0.999949 0.00349854 -0.0529997 0.00232206 -0.00347682 0.999991 -0.0805791
0.999949 0.00978346 -0.00269542 0.50569 -0.00977282 0.999944 0.00393239 -0.0504148 0.00273374 -0.00390584 0.999989 -0.0884014
0.999944 0.0102383 -0.00269796 0.528889 -0.0102272 0.999939 0.00408924 -0.0480288 0.00273966 -0.00406142 0.999988 -0.0961519
0.999936 0.0108308 -0.00328273 0.54868 -0.0108153 0.99993 0.00470768 -0.0590635 0.00333349 -0.00467187 0.999983 -0.109434
0.999936 0.0107779 -0.00336901 0.551768 -0.0107621 0.999931 0.00468392 -0.0561524 0.00341926 -0.00464737 0.999983 -0.108763
0.999926 0.0114113 -0.00419993 0.584144 -0.0113899 0.999922 0.00509361 -0.0556536 0.00425773 -0.0050454 0.999978 -0.115224
0.999927 0.0113926 -0.00415849 0.586535 -0.011371 0.999922 0.0051825 -0.0522516 0.00421721 -0.00513483 0.999978 -0.118822
0.999917 0.0119317 -0.00488352 0.608175 -0.0119052 0.999914 0.00541923 -0.0537485 0.00494776 -0.00536064 0.999973 -0.122906
0.999917 0.011995 -0.0048387 0.613461 -0.0119685 0.999913 0.00545592 -0.0556809 0.00490373 -0.00539755 0.999973 -0.127142
0.999909 0.0124461 -0.00529928 0.641936 -0.0124151 0.999906 0.00584396 -0.0568926 0.00537151 -0.00577763 0.999969 -0.134829
0.999903 0.012556 -0.00602502 0.648828 -0.0125177 0.999901 0.00634911 -0.0591765 0.00610414 -0.00627308 0.999962 -0.143729
0.999896 0.0128855 -0.00647021 0.66378 -0.0128415 0.999894 0.00678612 -0.0616698 0.00655697 -0.00670233 0.999956 -0.153939
0.999884 0.0133309 -0.00744058 0.688453 -0.0132746 0.999883 0.00756756 -0.0674616 0.00754059 -0.0074679 0.999944 -0.168183
0.999883 0.0133064 -0.00749807 0.688685 -0.0132498 0.999884 0.00755629 -0.0695454 0.00759775 -0.00745606 0.999943 -0.169753
0.999877 0.0135407 -0.00794853 0.712066 -0.0134777 0.999878 0.00792319 -0.070604 0.00805484 -0.00781508 0.999937 -0.171442
0.999879 0.0134182 -0.00784687 0.706034 -0.0133557 0.999879 0.00795573 -0.0758241 0.00795268 -0.00784997 0.999937 -0.172791
0.999875 0.0133295 -0.00851693 0.704155 -0.0132603 0.999879 0.00813134 -0.0835279 0.00862429 -0.00801739 0.999931 -0.175252
0.99987 0.0133184 -0.00904398 0.712148 -0.0132425 0.999877 0.00840242 -0.089708 0.00915477 -0.00828157 0.999924 -0.183999
0.999871 0.013271 -0.00905936 0.719783 -0.0131951 0.999878 0.0083903 -0.0872885 0.0091696 -0.00826968 0.999924 -0.183764
0.999868 0.0131893 -0.00950347 0.715174 -0.0131063 0.999876 0.00874248 -0.0854911 0.0096176 -0.00861677 0.999916 -0.185134
0.999872 0.013105 -0.00921049 0.707882 -0.0130255 0.999878 0.00863303 -0.0797688 0.00932251 -0.00851195 0.99992 -0.185022
0.999873 0.0132132 -0.00894211 0.71438 -0.0131363 0.999877 0.00860155 -0.0789293 0.00905466 -0.00848299 0.999923 -0.18539
0.99988 0.0130336 -0.00842024 0.713673 -0.0129619 0.99988 0.00851007 -0.0766877 0.00853014 -0.00839991 0.999928 -0.193396
0.999882 0.0130716 -0.00810997 0.709789 -0.0130026 0.999879 0.00850709 -0.0739036 0.00822019 -0.00840063 0.999931 -0.18941
0.9999 0.0125317 -0.00657537 0.662142 -0.012477 0.999888 0.00830498 -0.0733543 0.0066787 -0.0082221 0.999944 -0.188821
0.99991 0.0124218 -0.00509456 0.561917 -0.0123791 0.999889 0.00832548 -0.0879737 0.00519741 -0.00826166 0.999952 -0.194745
0.999914 0.0124854 -0.00395046 0.392094 -0.0124531 0.99989 0.00809046 -0.0853061 0.00405103 -0.00804057 0.999959 -0.200021
0.999817 0.0189247 -0.00280132 0.154431 -0.018905 0.999798 0.00688063 -0.0892847 0.00293096 -0.00682641 0.999972 -0.199972
0.999543 0.0302142 0.000283456 -0.173004 -0.0302156 0.999511 0.00805318 -0.0816322 -3.99965e-05 -0.00805807 0.999968 -0.205086
0.999236 0.0390883 0.000556432 -0.608046 -0.0390919 0.99918 0.0104999 -0.0699401 -0.000145555 -0.0105136 0.999945 -0.205394
0.999084 0.0427408 0.00191711 -1.1507 -0.0427565 0.999045 0.00905142 -0.0747604 -0.00152841 -0.0091251 0.999957 -0.211968
0.999144 0.0413007 0.00252017 -1.81811 -0.0413226 0.999102 0.00939342 -0.0876106 -0.00212995 -0.00948951 0.999953 -0.233236
0.999321 0.0368179 0.00149224 -2.58384 -0.0368309 0.999272 0.00992522 -0.10097 -0.00112573 -0.00997344 0.99995 -0.254055
0.999537 0.0303934 0.00141355 -3.44189 -0.0304064 0.999484 0.0103692 -0.118344 -0.00109766 -0.0104074 0.999945 -0.26701
0.999695 0.0246727 0.00115317 -4.38026 -0.0246819 0.999656 0.0088203 -0.152878 -0.00093515 -0.00884607 0.99996 -0.283768
0.999828 0.0184857 0.00136866 -5.37003 -0.0184966 0.999793 0.00848763 -0.191168 -0.00121148 -0.00851148 0.999963 -0.319458
0.999917 0.0128528 0.00041059 -6.45666 -0.0128557 0.999883 0.00823549 -0.232906 -0.000304693 -0.00824009 0.999966 -0.33329
0.999951 0.00970498 0.00164295 -7.61773 -0.00971641 0.999928 0.00709398 -0.291225 -0.00157398 -0.0071096 0.999974 -0.355698
0.99995 0.00725441 0.00681122 -8.8373 -0.00731685 0.999931 0.00918628 -0.342915 -0.00674411 -0.00923566 0.999935 -0.373702
0.999853 0.00549174 0.0162269 -10.1196 -0.00562658 0.99995 0.00827532 -0.403401 -0.0161807 -0.00836541 0.999834 -0.37001
0.999838 0.00342691 0.0176542 -11.5108 -0.00355906 0.999966 0.00745935 -0.478641 -0.017628 -0.00752098 0.999816 -0.378917
0.999926 0.00182077 0.0119989 -12.9755 -0.00191518 0.999967 0.00786125 -0.551613 -0.0119842 -0.00788365 0.999897 -0.40855
0.999904 0.00138214 0.0137673 -14.5192 -0.00148788 0.999969 0.007673 -0.640997 -0.0137563 -0.00769275 0.999876 -0.44825
0.999936 0.00124548 0.0112658 -16.1402 -0.0013702 0.999938 0.0110699 -0.722596 -0.0112513 -0.0110846 0.999875 -0.49595
0.999997 0.0017481 0.00167611 -17.8504 -0.0017669 0.999935 0.0112737 -0.810177 -0.0016563 -0.0112766 0.999935 -0.541424
0.999943 0.00236807 -0.0103599 -19.6467 -0.00225026 0.999933 0.0113695 -0.893387 0.0103861 -0.0113455 0.999882 -0.592784
0.999746 0.00356831 -0.0222232 -21.5184 -0.00325951 0.999898 0.0139163 -0.980686 0.0222706 -0.0138403 0.999656 -0.684748
0.999261 0.00562878 -0.0380248 -23.4975 -0.00524213 0.999934 0.0102605 -1.07711 0.03808 -0.0100536 0.999224 -0.810717
0.999055 0.0072448 -0.0428553 -25.5424 -0.00669534 0.999894 0.0129512 -1.17709 0.0429445 -0.012652 0.998997 -0.955092
0.999028 0.00790138 -0.043362 -27.6577 -0.00742226 0.99991 0.0111991 -1.28132 0.0434466 -0.0108664 0.998997 -1.11964
0.998181 0.00780195 -0.0597788 -29.8652 -0.00691949 0.999864 0.0149549 -1.38666 0.0598874 -0.014514 0.9981 -1.2932
0.998311 0.0065272 -0.057718 -32.1181 -0.0060987 0.999952 0.00759706 -1.50538 0.0577648 -0.00723223 0.998304 -1.46981
0.998517 0.00648423 -0.0540433 -34.3187 -0.00604127 0.999947 0.00835596 -1.61319 0.0540947 -0.00801709 0.998504 -1.62163
0.99745 0.00574331 -0.0711292 -36.3223 -0.00505647 0.999939 0.00983256 -1.71057 0.0711813 -0.00944783 0.997419 -1.74105
0.996154 0.00505586 -0.087471 -38.0374 -0.00364688 0.999861 0.0162603 -1.78161 0.0875411 -0.0158788 0.996034 -1.84314
0.997798 0.00526138 -0.0661069 -39.4412 -0.00439385 0.999902 0.0132619 -1.85407 0.0661702 -0.0129422 0.997724 -1.94637
0.998672 0.00731985 -0.0509968 -40.6854 -0.00643559 0.999826 0.0174824 -1.90796 0.0511159 -0.017131 0.998546 -2.04528
0.997344 0.0118905 -0.0718458 -41.6695 -0.0106797 0.999795 0.0172142 -1.95908 0.0720357 -0.0164012 0.997267 -2.13313
0.997869 0.0148969 -0.0635188 -42.4437 -0.0138819 0.999769 0.0163912 -1.99215 0.0637484 -0.0154745 0.997846 -2.15133
0.998631 0.0194361 -0.0485633 -43.1513 -0.0186947 0.999702 0.0156744 -2.02099 0.0488535 -0.0147451 0.998697 -2.20461
0.998699 0.0279348 -0.0426476 -43.9272 -0.0273612 0.999528 0.0139757 -2.03544 0.0430178 -0.0127906 0.998992 -2.29258
0.99829 0.0368482 -0.0453619 -44.8213 -0.0362099 0.999234 0.0148157 -2.04735 0.0458731 -0.0131479 0.998861 -2.35732
0.997803 0.0451383 -0.0484844 -45.7911 -0.044529 0.998916 0.013574 -2.06129 0.0490446 -0.0113852 0.998732 -2.42021
0.997725 0.0517996 -0.0431234 -46.8443 -0.0513145 0.998607 0.0122837 -2.07558 0.0436996 -0.010043 0.998994 -2.4552
0.997248 0.0582583 -0.0458323 -47.9952 -0.0576574 0.998234 0.0143264 -2.06875 0.046586 -0.0116444 0.998846 -2.53484
0.997201 0.0589112 -0.0460293 -49.1753 -0.0580651 0.998122 0.0195082 -2.05633 0.0470921 -0.0167809 0.998749 -2.6023
0.997479 0.0546128 -0.045295 -50.3508 -0.0539032 0.998406 0.0167431 -2.05795 0.0461372 -0.0142594 0.998833 -2.65463
0.997678 0.0506425 -0.0455383 -51.5569 -0.049843 0.998585 0.018526 -2.05834 0.0464121 -0.0162132 0.998791 -2.72789
0.997889 0.0468825 -0.0449309 -52.7804 -0.0460971 0.998768 0.0183609 -2.06158 0.0457364 -0.016251 0.998821 -2.79735
0.998128 0.042667 -0.0438029 -54.0036 -0.041851 0.998936 0.0193806 -2.0672 0.0445832 -0.0175111 0.998852 -2.86493
0.998316 0.0393264 -0.0426214 -55.2617 -0.0384444 0.999033 0.0213184 -2.08141 0.0434186 -0.019644 0.998864 -2.94045
0.998564 0.0373054 -0.0384307 -56.5458 -0.0365658 0.999135 0.0197722 -2.10758 0.0391351 -0.0183386 0.999066 -3.01707
0.998725 0.0369418 -0.0343933 -57.8612 -0.0362439 0.999128 0.0207 -2.11987 0.035128 -0.019427 0.999194 -3.09187
0.998815 0.0373858 -0.0311295 -59.2085 -0.0366777 0.999062 0.0230147 -2.13357 0.0319607 -0.0218457 0.99925 -3.17114
0.998889 0.0373964 -0.0286413 -60.5588 -0.0366186 0.998958 0.0272172 -2.14947 0.0296293 -0.0261381 0.999219 -3.23934
0.998938 0.0353108 -0.0295622 -61.9289 -0.0344395 0.998972 0.0294833 -2.17387 0.0305729 -0.0284339 0.999128 -3.32126
0.998883 0.0341001 -0.032698 -63.3304 -0.0331108 0.998991 0.0303351 -2.20855 0.0336994 -0.0292186 0.999005 -3.38845
0.999057 0.0325283 -0.0287425 -64.7724 -0.031662 0.999045 0.0300958 -2.2425 0.029694 -0.0291574 0.999134 -3.46992
0.999138 0.0312849 -0.0272531 -66.2308 -0.0305616 0.99918 0.0265649 -2.29235 0.0280618 -0.0257092 0.999275 -3.54519
0.999081 0.0307611 -0.0298144 -67.7096 -0.0300148 0.999232 0.0251643 -2.32971 0.0305656 -0.0242464 0.999239 -3.61041
0.999088 0.0326005 -0.0275607 -69.203 -0.0319019 0.999168 0.0254173 -2.36294 0.0283664 -0.0245149 0.999297 -3.67784
0.999052 0.0340137 -0.027124 -70.7299 -0.0333499 0.999142 0.024562 -2.38832 0.0279362 -0.0236341 0.99933 -3.73887
0.999019 0.0354305 -0.0265542 -72.2842 -0.0348049 0.999114 0.0236626 -2.42635 0.0273691 -0.0227152 0.999367 -3.81085
0.999051 0.0376251 -0.0219244 -73.8576 -0.0371603 0.999083 0.021234 -2.46173 0.0227032 -0.0203991 0.999534 -3.87527
0.998957 0.0396279 -0.0226374 -75.4705 -0.0392034 0.999052 0.0189006 -2.4941 0.023365 -0.0179934 0.999565 -3.95518
0.998735 0.0431548 -0.0257924 -77.0912 -0.0427111 0.998934 0.0175125 -2.5263 0.0265206 -0.0163887 0.999514 -4.02859
0.998664 0.0458484 -0.0238188 -78.7298 -0.0454386 0.998814 0.0174724 -2.54109 0.0245917 -0.0163668 0.999563 -4.10011
0.998615 0.0490543 -0.0189562 -80.3827 -0.0487576 0.998685 0.0158086 -2.55105 0.0197068 -0.0148625 0.999695 -4.15111
0.998435 0.0519727 -0.0206238 -82.036 -0.0516757 0.998556 0.0146804 -2.56702 0.021357 -0.0135917 0.999679 -4.22265
0.998293 0.0539826 -0.022256 -83.703 -0.0537423 0.998491 0.0112602 -2.58652 0.0228302 -0.0100449 0.999689 -4.27993
0.998305 0.0539814 -0.0217274 -85.374 -0.0536281 0.998424 0.0165291 -2.58104 0.0225854 -0.0153359 0.999627 -4.35129
0.998164 0.0529249 -0.0294376 -87.0698 -0.0524602 0.998489 0.0163391 -2.59087 0.0302578 -0.0147648 0.999433 -4.4006
0.99822 0.0517073 -0.0296823 -88.767 -0.0511058 0.998479 0.0206798 -2.59409 0.0307064 -0.0191261 0.999345 -4.48104
0.998288 0.052626 -0.0254803 -90.4824 -0.0521612 0.998466 0.0185773 -2.58852 0.0264189 -0.0172164 0.999503 -4.56527
0.998191 0.0551165 -0.0239868 -92.1929 -0.0547382 0.99837 0.0161552 -2.60199 0.0248381 -0.014813 0.999582 -4.63767
0.998104 0.0573119 -0.0223879 -93.9188 -0.056963 0.998249 0.015923 -2.59304 0.0232612 -0.0146176 0.999622 -4.70073
0.99804 0.0587223 -0.0215671 -95.6765 -0.058444 0.998202 0.0133203 -2.59571 0.0223105 -0.0120338 0.999679 -4.75548
0.998005 0.060077 -0.0193777 -97.4463 -0.0597998 0.998104 0.0145848 -2.58648 0.0202172 -0.0133969 0.999706 -4.82502
0.998014 0.0603612 -0.0179923 -98.3448 -0.0600931 0.998079 0.0150876 -2.57477 0.0188684 -0.0139764 0.999724 -4.86297
