1 0 0 0 0 1 0 0 0 0 1 0
-0.944983 0.327098 0.00373074 0.0796404 -0.327107 -0.944985 -0.00216482 2.09229 0.00281738 -0.00326607 0.999991 0.08278
0.814482 -0.580105 0.00988916 0.706066 0.580189 0.814352 -0.0145525 0.296256 0.000388741 0.0175904 0.999845 0.0548764
-0.621391 0.783243 0.0200848 -0.512394 -0.782432 -0.621678 0.0362791 2.342 0.0409016 0.00682851 0.99914 -0.00661151
0.28165 -0.959093 0.0285238 1.09876 0.959387 0.281977 0.00808765 0.679862 -0.0157998 0.0250875 0.99956 0.0466878
0.0238765 0.999438 0.0235181 -1.25793 -0.999672 0.0236514 0.00980334 2.38433 0.00924159 -0.0237444 0.999675 0.118348
-0.285084 -0.957819 0.0361785 1.15423 0.957641 -0.283025 0.0531125 1.32667 -0.0406328 0.0497875 0.997933 0.251663
0.498295 0.866517 0.0291524 -1.21869 -0.865478 0.495139 0.0760559 1.78599 0.0514692 -0.063129 0.996677 0.335768
-0.705735 -0.707726 0.0325904 1.2035 0.708398 -0.704224 0.0473384 2.18834 -0.0105517 0.0564953 0.998347 0.477475
0.867604 0.496536 0.0267442 -0.724595 -0.497146 0.865029 0.0676073 1.00387 0.0104349 -0.0719522 0.997353 0.559131
-0.976804 -0.196878 0.0842243 0.968867 0.199243 -0.979734 0.0205824 2.90875 0.0784651 0.0368861 0.996234 0.0565418
0.97724 -0.199954 0.0708497 0.134451 0.196174 0.978918 0.0568712 0.518967 -0.0807277 -0.0416779 0.995864 -0.00416147
-0.826586 0.558826 0.0668565 -0.117626 -0.558685 -0.829074 0.0225326 2.69228 0.0680207 -0.0187266 0.997508 -0.271138
0.513228 -0.857036 0.0456727 1.20467 0.85665 0.514795 0.0337299 0.469136 -0.0524198 0.0218144 0.998387 -0.51321
-0.137771 0.988464 0.0629142 -0.651185 -0.989164 -0.140565 0.0423674 2.14042 0.0507222 -0.0563955 0.997119 -0.66466
-0.310217 -0.950642 -0.00676133 1.71676 0.950638 -0.310255 0.00550944 1.05839 -0.00733524 -0.00471845 0.999962 -0.733329
0.708933 0.702116 0.0666777 -0.521901 -0.705274 0.705569 0.0690043 0.677206 0.0014033 -0.0959455 0.995386 -0.785987
-0.942874 -0.328829 0.0534823 1.36211 0.331939 -0.940936 0.0667444 2.08864 0.028376 0.0806845 0.996336 -1.31934
0.996235 -0.0755059 0.042597 0.221498 0.0723118 0.994772 0.0721052 0.299122 -0.0478187 -0.0687535 0.996487 -1.32114
-0.896037 0.442515 0.036021 0.671962 -0.438136 -0.894449 0.0894255 2.44065 0.0717912 0.0643465 0.995342 -1.64495
0.658266 -0.750936 0.0527393 1.46024 0.744514 0.65979 0.101857 0.457629 -0.111285 -0.0277837 0.9934 -1.49207
-0.29547 0.954889 0.0297238 0.00904322 -0.950842 -0.296952 0.0878524 1.93656 0.0927159 -0.00230496 0.99569 -1.69364
-0.0605874 -0.99652 0.0572386 1.58986 0.994482 -0.0553441 0.0891242 1.2047 -0.0856463 0.0623225 0.994374 -1.84915
0.385103 0.921121 0.0568488 0.0811194 -0.92053 0.379009 0.0947463 1.31128 0.0657266 -0.0888182 0.993877 -1.93228
-0.586543 -0.807136 0.0670744 1.82604 0.809526 -0.581667 0.0795744 0.988496 -0.0252124 0.100972 0.99457 -2.17717
0.814657 0.570566 0.103866 -0.0651475 -0.578906 0.810755 0.0868497 0.417203 -0.0346568 -0.130882 0.990792 -2.25865
-0.966019 -0.256347 0.0330541 1.3882 0.258042 -0.963854 0.0663269 2.26959 0.0148566 0.0726025 0.99725 -2.69696
0.992571 -0.0609974 0.105267 0.993142 0.057145 0.997595 0.0392351 -0.300253 -0.107407 -0.0329282 0.99367 -2.97569
-0.887695 0.435469 0.149545 0.409415 -0.43555 -0.899523 0.0339627 2.3996 0.149309 -0.0349858 0.988171 -3.56128
0.637422 -0.751075 0.171988 1.91385 0.755175 0.653288 0.0540928 -0.630785 -0.152986 0.0954013 0.983613 -3.98488
-0.344403 0.916948 0.201477 -0.676721 -0.937956 -0.345283 -0.0319045 2.09213 0.0403118 -0.199964 0.978973 -3.37352
0.116179 -0.976031 0.184025 2.49515 0.992898 0.118909 0.00382946 0.438192 -0.02562 0.182273 0.982914 -3.5197
0.195064 0.95075 0.240883 -1.56059 -0.978809 0.204312 -0.0137809 0.861427 -0.0623175 -0.23309 0.970456 -2.36897
-0.483682 -0.850379 0.207142 2.73458 0.872988 -0.48571 0.0444703 1.60826 0.0627942 0.202342 0.9773 -3.03932
0.744517 0.581752 0.327504 -0.35319 -0.623276 0.781473 0.028751 -0.163141 -0.23921 -0.225531 0.944412 -1.54129
-0.888258 -0.342786 0.305771 1.91084 0.333696 -0.938994 -0.0832862 2.17061 0.315666 0.028055 0.948455 -1.74994
0.949034 -0.165663 0.268123 1.60555 0.175897 0.984303 -0.0144321 -0.935662 -0.261524 0.0608587 0.963276 -1.24446
-0.731999 0.632343 0.253614 0.46323 -0.674054 -0.72633 -0.134523 1.71322 0.0991425 -0.26942 0.957906 -0.431247
0.359354 -0.893503 0.26929 2.68777 0.932685 0.353478 -0.0717842 -0.190741 -0.0310488 0.276959 0.96038 -1.15297
0.0418507 0.942057 0.332831 0.186172 -0.986492 0.0917647 -0.135691 0.504986 -0.158371 -0.322657 0.933173 0.268029
-0.449225 -0.828082 0.335376 3.05918 0.850922 -0.510964 -0.121849 0.775928 0.272266 0.230641 0.934171 -0.36237
0.721279 0.589716 0.363307 -0.0101876 -0.579738 0.801019 -0.149241 -0.660661 -0.379026 -0.102978 0.919638 0.747192
-0.907798 -0.207831 0.364292 2.0473 0.195187 -0.978146 -0.071642 2.14017 0.37122 0.00606857 0.928525 0.196962
0.917904 -0.108367 0.381717 1.23971 0.141584 0.988109 -0.0599454 -0.697185 -0.370682 0.109069 0.922333 0.234387
-0.790338 0.518524 0.326341 1.09323 -0.537451 -0.842482 0.0370135 1.8747 0.294129 -0.146139 0.944527 0.321166
0.512801 -0.768669 0.382339 2.25126 0.814518 0.576343 0.0662549 -0.404172 -0.271287 0.277446 0.921644 0.168648
-0.182116 0.920082 0.346819 0.0348551 -0.97669 -0.210027 0.044322 1.22929 0.113622 -0.330663 0.936884 0.877616
-0.219605 -0.907445 0.358214 2.68153 0.968119 -0.157352 0.194898 0.599951 -0.120493 0.389595 0.91307 -0.376116
0.540041 0.719391 0.436844 0.268166 -0.839634 0.496302 0.220678 0.239529 -0.0580526 -0.485964 0.872049 0.618395
-0.793497 -0.45434 0.404891 1.81341 0.554021 -0.814612 0.171659 1.70251 0.251838 0.36053 0.898107 -0.429098
0.895399 0.00447713 0.445241 1.21081 -0.134894 0.955685 0.261668 -0.126405 -0.424339 -0.294358 0.856323 0.67918
-0.852265 0.302122 0.427045 1.82433 -0.227162 -0.949116 0.21812 1.84226 0.471214 0.0888878 0.877528 0.0687363
0.767397 -0.501598 0.399376 2.05733 0.387745 0.859133 0.333983 -0.0127782 -0.510642 -0.101441 0.853788 0.772129
-0.649773 0.586144 0.483973 1.62452 -0.557543 -0.800279 0.220679 1.82646 0.516663 -0.126444 0.8468 0.528115
0.545641 -0.721099 0.426957 3.05584 0.658696 0.684011 0.313446 -0.0946531 -0.518069 0.110205 0.848209 0.318087
-0.481748 0.793808 0.371198 1.48644 -0.798946 -0.571887 0.186093 1.31662 0.360005 -0.206917 0.909715 0.355165
0.333292 -0.84814 0.411795 2.87149 0.845365 0.46222 0.267789 0.107751 -0.417462 0.258866 0.871042 0.126576
-0.257815 0.88324 0.391687 1.5932 -0.896859 -0.369566 0.243031 1.04147 0.35941 -0.288631 0.887421 0.558081
0.237674 -0.904074 0.355191 2.75939 0.89312 0.347168 0.286027 0.351231 -0.381901 0.249247 0.88996 0.252886
-0.299307 0.891732 0.339454 1.70018 -0.906929 -0.37642 0.189174 0.869437 0.29647 -0.25124 0.921403 0.434695
0.292506 -0.874149 0.387689 2.7507 0.860176 0.417643 0.292696 0.0737674 -0.417776 0.247866 0.874086 0.0969627
-0.282653 0.867579 0.409162 1.63813 -0.861057 -0.417463 0.290354 0.446336 0.422715 -0.270242 0.865032 0.393118
0.272138 -0.871452 0.408058 2.63985 0.880131 0.396847 0.26054 -0.0588213 -0.388985 0.288242 0.87499 -0.0201317
-0.306904 0.873094 0.378836 1.54958 -0.854606 -0.427995 0.294055 0.419923 0.418878 -0.233509 0.877505 0.32589
0.304049 -0.877687 0.370432 2.83154 0.842101 0.429428 0.326277 -0.208573 -0.445442 0.212737 0.869669 0.0345701
-0.376927 0.850801 0.366147 1.71483 -0.804458 -0.496639 0.325878 0.262729 0.4591 -0.171718 0.87163 0.597427
0.415697 -0.838601 0.352058 3.07107 0.777248 0.528573 0.341315 0.121486 -0.472315 0.131752 0.871527 0.332541
-0.470897 0.796845 0.378542 1.6953 -0.733977 -0.591936 0.333 0.703089 0.489423 -0.121032 0.863607 0.816762
0.540181 -0.795209 0.275404 3.5395 0.716643 0.606234 0.344822 0.756647 -0.441165 0.0110997 0.897357 0.171922
-0.568326 0.734862 0.370112 1.64437 -0.653506 -0.676454 0.339617 0.685985 0.499935 -0.0488565 0.864683 0.938475
0.590615 -0.761223 0.267793 3.30849 0.677877 0.648065 0.347123 0.367572 -0.437785 -0.0234851 0.898773 0.210114
-0.648315 0.638298 0.415045 1.47096 -0.563683 -0.768839 0.301905 0.954053 0.511809 -0.0382241 0.858249 0.429369
0.747328 -0.561981 0.354511 3.20389 0.479361 0.825464 0.29803 0.49631 -0.460123 -0.0527874 0.886284 -0.511612
-0.794776 0.436455 0.421709 1.51926 -0.361905 -0.898626 0.247982 1.5334 0.487191 0.0444715 0.872162 -0.152555
0.90488 -0.333503 0.264515 3.28024 0.254484 0.92198 0.291875 0.476858 -0.341218 -0.196797 0.919152 -0.691242
-0.946547 0.168589 0.275002 1.3132 -0.100446 -0.964211 0.245374 2.20661 0.306528 0.204635 0.929605 -0.929721
0.965268 -0.00779098 0.261145 2.71218 -0.089076 0.929851 0.356991 -0.308318 -0.245608 -0.367854 0.896861 -0.835519
-0.881113 -0.37844 0.28359 2.20344 0.457578 -0.83369 0.309165 2.14713 0.119425 0.402174 0.907741 -1.81736
0.649449 0.704534 0.286091 1.91262 -0.757277 0.565162 0.327296 -0.371075 0.0689037 -0.429212 0.900571 -0.839486
-0.118405 -0.96312 0.24162 4.06955 0.971898 -0.0625512 0.22694 1.28514 -0.203457 0.261701 0.94346 -1.67852
-0.345391 0.883605 0.316145 1.51572 -0.871572 -0.426926 0.24103 1.44982 0.347946 -0.192293 0.917582 -0.858146
0.736483 -0.630532 0.244995 4.08616 0.580258 0.775016 0.250302 0.251799 -0.347698 -0.0421826 0.936657 -1.40419
-0.96354 0.0605237 0.260628 2.88632 -0.0279251 -0.991508 0.127011 3.0171 0.266102 0.115103 0.957048 -1.4745
0.825886 0.497041 0.266199 1.72842 -0.553245 0.805451 0.212528 0.821092 -0.108775 -0.322797 0.940197 -0.80533
-0.352006 -0.919968 0.172482 4.1068 0.93183 -0.327066 0.157229 1.94248 -0.0882329 0.21607 0.972383 -1.41125
-0.305909 0.900211 0.309901 1.78275 -0.927219 -0.355574 0.117608 2.45059 0.216065 -0.251369 0.943467 -0.652265
0.852079 -0.435474 0.290384 3.25033 0.406486 0.900063 0.157019 0.895806 -0.329742 -0.0157555 0.94394 -0.724313
-0.910086 -0.285523 0.300366 3.76618 0.343461 -0.925239 0.161144 2.96313 0.2319 0.249819 0.940113 -1.18971
0.420692 0.854415 0.304948 1.58263 -0.907188 0.39424 0.146916 1.60539 0.00530473 -0.338451 0.940969 -0.388024
0.319601 -0.912734 0.254502 4.09539 0.90822 0.37166 0.19237 0.270632 -0.27017 0.169662 0.947746 -0.833469
-0.88677 0.408348 0.216543 3.78257 -0.376206 -0.909836 0.175122 3.06645 0.268529 0.0738275 0.960438 -1.39069
0.89396 0.384931 0.229484 2.11596 -0.428372 0.884411 0.185243 1.01416 -0.131652 -0.263904 0.955522 -0.408954
-0.373525 -0.90012 0.224194 5.21213 0.916404 -0.320599 0.239624 0.882027 -0.143814 0.294958 0.944626 -0.898778
-0.359486 0.884532 0.297276 3.08017 -0.884215 -0.424696 0.194414 3.38869 0.298217 -0.192967 0.934789 -0.439653
0.849836 -0.467774 0.242829 4.07271 0.410444 0.876418 0.251846 0.513012 -0.330627 -0.11436 0.936807 0.230712
-0.944637 -0.13345 0.299753 6.07823 0.215817 -0.940832 0.261263 2.28255 0.247152 0.31149 0.917546 -0.614109
0.619287 0.705888 0.34381 3.80854 -0.783323 0.585429 0.208993 2.30199 -0.0537506 -0.398741 0.915487 0.856511
0.01439 -0.943961 0.329741 6.21602 0.978003 0.0819194 0.191833 1.38684 -0.208095 0.319727 0.924376 0.793411
-0.696134 0.621502 0.35935 5.39973 -0.635383 -0.766381 0.0946025 4.10564 0.334194 -0.162469 0.928396 1.36156
0.906161 0.0469914 0.420313 4.76865 -0.123046 0.980111 0.155699 1.56053 -0.404637 -0.192807 0.893921 2.59654
-0.646965 -0.682071 0.340903 7.39281 0.744413 -0.661815 0.0886007 2.94791 0.165183 0.311094 0.935914 1.9507
-0.0406731 0.909327 0.41409 4.92026 -0.989049 -0.0954872 0.112539 3.92689 0.141875 -0.404977 0.903253 3.40354
0.705952 -0.612943 0.354869 6.55843 0.597811 0.78436 0.165532 1.49835 -0.379806 0.0952865 0.920146 3.75512
-0.947345 -0.188184 0.259081 7.68201 0.205717 -0.977708 0.0420559 4.02853 0.245391 0.0931386 0.96494 3.80171
0.442886 0.792904 0.418514 5.43558 -0.883203 0.466158 0.0514664 3.23677 -0.154286 -0.392426 0.906751 5.25348
0.243093 -0.896777 0.369724 7.60735 0.946599 0.302542 0.111438 2.41841 -0.211791 0.32289 0.922435 4.88766
-0.851103 0.396115 0.344552 6.79985 -0.401504 -0.913959 0.0589496 4.70434 0.338256 -0.0881665 0.936915 5.17114
0.846906 0.346901 0.403 5.38584 -0.408233 0.909814 0.0747372 2.4583 -0.340728 -0.227813 0.912143 5.9554
-0.331175 -0.866017 0.374617 7.69785 0.941876 -0.327187 0.0762833 2.82384 0.0565069 0.378105 0.924037 4.60597
-0.440829 0.799317 0.408364 5.60526 -0.856273 -0.510939 0.0757468 4.5739 0.269195 -0.31628 0.909671 5.13634
0.897869 -0.113324 0.425427 5.29808 0.0731254 0.991269 0.10972 1.37775 -0.434147 -0.067405 0.898317 5.49568
-0.640374 -0.679715 0.357642 7.86259 0.749059 -0.655634 0.0951593 2.70316 0.169801 0.328832 0.928998 4.2482
-0.180879 0.890125 0.418281 4.98629 -0.975627 -0.216118 0.0380142 4.15096 0.124235 -0.40121 0.907522 5.45565
0.839767 -0.36747 0.399696 5.44115 0.35563 0.92854 0.106492 1.09479 -0.410266 0.0527157 0.910441 5.74533
-0.776435 -0.513384 0.365494 7.7675 0.559965 -0.828096 0.0263891 3.00667 0.289116 0.225153 0.93044 5.00626
-0.101382 0.910963 0.399835 5.45411 -0.994846 -0.0920841 -0.0424526 4.00298 -0.00185452 -0.402078 0.915604 6.38708
0.784363 -0.431944 0.445195 6.10794 0.48475 0.874636 -0.00544806 1.26497 -0.38703 0.220081 0.895417 6.18785
-0.818603 -0.419572 0.392234 8.01536 0.4382 -0.897713 -0.0457469 3.40121 0.371307 0.134428 0.918728 5.59444
0.104435 0.908812 0.403923 5.76935 -0.98786 0.141761 -0.0635435 3.66486 -0.11501 -0.392382 0.912584 6.55994
0.704697 -0.582293 0.405385 6.99477 0.654509 0.754081 -0.0546019 1.39317 -0.273898 0.303805 0.912514 5.73545
-0.864402 -0.349222 0.361736 8.09566 0.338267 -0.936194 -0.0954852 3.81394 0.372 0.0398254 0.927378 5.40561
0.0659555 0.917736 0.391676 5.69564 -0.989031 0.112122 -0.0961663 3.82332 -0.132171 -0.381036 0.915064 6.41454
0.810369 -0.450293 0.374884 6.83598 0.508755 0.858143 -0.0689887 1.42574 -0.290639 0.24663 0.924501 5.59161
-0.713703 -0.597921 0.364852 8.6657 0.599831 -0.790702 -0.122449 3.41917 0.361704 0.131457 0.922979 4.88374
-0.2633 0.869464 0.417978 6.19213 -0.964132 -0.222105 -0.145327 4.35633 -0.0335219 -0.44125 0.896758 5.90108
0.895855 -0.0719552 0.438481 6.01195 0.127849 0.986813 -0.0992704 1.5736 -0.425555 0.144992 0.893242 5.30558
