1.000000000000000000e+00 0.000000000000000000e+00 0.000000000000000000e+00 0.000000000000000000e+00 0.000000000000000000e+00 1.000000000000000000e+00 0.000000000000000000e+00 0.000000000000000000e+00 0.000000000000000000e+00 0.000000000000000000e+00 1.000000000000000000e+00 0.000000000000000000e+00
9.999984946813024189e-01 -6.213156239147620821e-04 -1.620062352101257677e-03 -6.465099999999999666e-03 6.192601839326963885e-04 9.999990031606867946e-01 -1.268934378663244197e-03 -3.208930000000000116e-02 1.620849145914601309e-03 1.267929228402453305e-03 9.999978825995172738e-01 5.387210000000000054e-01
9.999958306815410758e-01 -1.733253760482726625e-03 -2.309643032246003289e-03 1.851540000000000043e-03 1.727179975582450238e-03 9.999950521836037387e-01 -2.629155309922531856e-03 -3.924369999999999942e-02 2.314188597884154954e-03 2.625155178940727797e-03 9.999938765269614782e-01 1.106719999999999926e+00
9.999826574712959992e-01 -2.452986963864158508e-03 -5.354214377461611815e-03 -9.499209999999999252e-03 2.426254543223759462e-03 9.999845886085737545e-01 -4.993579300773238507e-03 -4.307840000000000280e-02 5.366381046495878257e-03 4.980502012522169432e-03 9.999731979179077301e-01 1.665249999999999897e+00
9.999585766873149151e-01 -4.800403942642632316e-03 -7.733112663533813283e-03 -3.082019999999999899e-02 4.753654519245044049e-03 9.999703849536131228e-01 -6.052436239602234334e-03 -6.386659999999999560e-02 7.761937785830747699e-03 6.015424981682536594e-03 9.999517823295774877e-01 2.209729999999999972e+00
9.999455179434814101e-01 -5.956132591014543995e-03 -8.572375942590349657e-03 -7.750840000000000160e-03 5.888852052412225577e-03 9.999518287831152819e-01 -7.852485899899999330e-03 -8.307219999999999882e-02 8.618733447998478542e-03 7.801576626655816818e-03 9.999324241346966291e-01 2.783640000000000114e+00
9.999145960227466823e-01 -8.053082881358284567e-03 -1.029312959081284985e-02 -3.336889999999999908e-03 7.957080086105891570e-03 9.999247773632814473e-01 -9.334050112103241606e-03 -9.220499999999999530e-02 1.036752319363646278e-02 9.251349690609022083e-03 9.999034588357674780e-01 3.333340000000000192e+00
9.998893258260693750e-01 -9.699053506099980515e-03 -1.128115509042235121e-02 -8.920239999999999420e-03 9.634176213166163044e-03 9.999368206674215109e-01 -5.791141702857971127e-03 -1.122060000000000002e-01 1.133661094781044862e-02 5.681816137004707182e-03 9.999195958763901215e-01 3.912170000000000147e+00
9.998700206873074592e-01 -1.008764857981185419e-02 -1.257700587952570274e-02 -4.119430000000000314e-02 1.003345487630935735e-02 9.999401381016500556e-01 -4.364630167402584401e-03 -1.380429999999999990e-01 1.262028185138779936e-02 4.237872034801968765e-03 9.999113805365994478e-01 4.479630000000000223e+00
9.998673617231093047e-01 -1.073328220272174588e-02 -1.224971893660265106e-02 -4.147239999999999954e-02 1.064952515560136162e-02 9.999196072884367625e-01 -6.882337836712887000e-03 -1.547449999999999937e-01 1.232260422269735971e-02 6.750971285316849715e-03 9.999012840335167462e-01 5.055959999999999788e+00
9.998571171320798090e-01 -8.683860628734597215e-03 -1.450296124614736289e-02 -6.703290000000000637e-02 8.541362226883980613e-03 9.999149221891777684e-01 -9.858677128282446883e-03 -1.732869999999999966e-01 1.458733874411980054e-02 9.733393446854653880e-03 9.998462234765769230e-01 5.639859999999999651e+00
9.998607187170182042e-01 -5.832411844991687751e-03 -1.563733157409113311e-02 -8.323369999999999380e-02 5.617999343840807645e-03 9.998900852672905071e-01 -1.372062198091220965e-02 -1.903859999999999997e-01 1.571563711913300659e-02 1.363086043655673506e-02 9.997835857792919390e-01 6.250479999999999592e+00
9.998518426764730904e-01 -4.619291771562105200e-03 -1.658176227035219538e-02 -9.566760000000000541e-02 4.391567063409200500e-03 9.998959072141495596e-01 -1.374368491782211425e-02 -2.130529999999999924e-01 1.664352231917500327e-02 1.366882876920953206e-02 9.997680512423314791e-01 6.890240000000000364e+00
9.998315931153231029e-01 -2.930069364374196170e-03 -1.811629382613723013e-02 -1.174440000000000067e-01 2.794609166029679570e-03 9.999679841307433925e-01 -7.498057955672818471e-03 -2.089380000000000126e-01 1.813768364715089357e-02 7.446167270310367035e-03 9.998077710364620119e-01 7.522689999999999877e+00
9.998399503222251683e-01 -1.222266072400078618e-03 -1.784880402992129397e-02 -1.204370000000000024e-01 1.270176162112452833e-03 9.999956205079927329e-01 2.673128757054096371e-03 -2.224480000000000068e-01 1.784545858663980425e-02 -2.695372049058902039e-03 9.998371240243831837e-01 8.191700000000000870e+00
9.997993625477701318e-01 1.393683659753863465e-04 -2.003035759868182150e-02 -1.647840000000000138e-01 4.883192428940018526e-05 9.999558652283497828e-01 9.394956671831272352e-03 -2.329130000000000089e-01 2.003078292318289169e-02 -9.394049812566572857e-03 9.997552298255825143e-01 8.883129999999999526e+00
9.997870375455136793e-01 1.846331284714801098e-03 -2.055409002492156190e-02 -1.660629999999999884e-01 -1.663338597256930210e-03 9.999588636374679984e-01 8.916520485844353291e-03 -2.443929999999999991e-01 2.056970735514659920e-02 -8.880433190486263992e-03 9.997489810175717029e-01 9.561400000000000787e+00
9.997577530623841247e-01 4.715381875324557888e-03 -2.149884567652191741e-02 -1.948350000000000082e-01 -4.671043734945540780e-03 9.999868601042217753e-01 2.112100690246347494e-03 -2.564719999999999778e-01 2.150852254524402568e-02 -2.011166991916319910e-03 9.997666421046720320e-01 1.025799999999999912e+01
9.997115267573574160e-01 4.200954976974702326e-03 -2.364773235967666115e-02 -2.407839999999999980e-01 -4.266425513587659285e-03 9.999872027773916150e-01 -2.718803925411406464e-03 -2.606490000000000196e-01 2.363600816149959843e-02 2.818910911904750922e-03 9.997166562879005181e-01 1.097220000000000084e+01
9.996914267013988775e-01 1.995793336076972721e-03 -2.476021382543509147e-02 -2.472449999999999926e-01 -2.028733792619256265e-03 9.999970901721103589e-01 -1.305330039025004961e-03 -2.626189999999999913e-01 2.475753660848108162e-02 1.355159131529238767e-03 9.996925667047884545e-01 1.171390000000000065e+01
9.996645165649862275e-01 1.368531542905393689e-03 -2.586467556936294585e-02 -2.903569999999999762e-01 -1.190355141161161681e-03 9.999754659715313077e-01 6.902934858209727569e-03 -2.678139999999999965e-01 2.587348788876827829e-02 -6.869830888373362233e-03 9.996416198058356573e-01 1.247969999999999935e+01
9.996731448412001786e-01 9.093495483569097630e-05 -2.556550829024751073e-02 -3.030309999999999948e-01 2.738849150625006080e-04 9.998981959523077778e-01 1.426613887404841116e-02 -2.748860000000000192e-01 2.556420290871644699e-02 -1.426847792002787843e-02 9.995713491629737435e-01 1.323820000000000086e+01
9.996238540877894208e-01 -5.637085363096500145e-04 -2.741956548452165535e-02 -3.483020000000000005e-01 1.040564119106892433e-03 9.998484164585020872e-01 1.737991172992023325e-02 -2.801400000000000001e-01 2.740561192507671648e-02 -1.740190616317313643e-02 9.994729141386975435e-01 1.402549999999999919e+01
9.996577541935147693e-01 -2.382803580656031681e-03 -2.605180853366000429e-02 -3.497850000000000126e-01 2.826042892036348831e-03 9.998516622042808999e-01 1.699020508731538190e-02 -2.798599999999999977e-01 2.600745974428949128e-02 -1.705801378920416764e-02 9.995162010709063294e-01 1.483799999999999919e+01
9.996578837275236218e-01 -2.397485783080713535e-03 -2.604549026854304644e-02 -3.707989999999999897e-01 2.772095934289526414e-03 9.998930996962970275e-01 1.435634576979987614e-02 -2.886989999999999834e-01 2.600828686284316349e-02 -1.442363482797873533e-02 9.995576660567458971e-01 1.564199999999999946e+01
9.996325291965648674e-01 -1.945751154674230359e-03 -2.703739307926795662e-02 -4.294910000000000116e-01 2.237281922502506928e-03 9.999396449740403092e-01 1.075643894555641800e-02 -2.657249999999999890e-01 2.701483188320827691e-02 -1.081297653906283449e-02 9.995765495431991887e-01 1.646930000000000049e+01
9.997250548396597880e-01 -3.064657605427658672e-03 -2.324699119457811561e-02 -4.105570000000000053e-01 3.190726753946396266e-03 9.999803948235251871e-01 5.387878187959795756e-03 -2.767000000000000015e-01 2.323002343134738731e-02 -5.460571613680810163e-03 9.997152335385466326e-01 1.731739999999999924e+01
9.996819859457360957e-01 -5.402391435028394695e-03 -2.463211607580120116e-02 -4.663709999999999800e-01 5.390195077721730496e-03 9.999853151438979904e-01 -5.615100916709616025e-04 -2.886900000000000022e-01 2.463478785403106636e-02 4.285596127445453303e-04 9.996964257033457146e-01 1.819269999999999854e+01
9.997315560872319651e-01 -3.468402984018705264e-03 -2.290820691678093976e-02 -4.804570000000000229e-01 3.336990765631450782e-03 9.999777728104316532e-01 -5.772207352368676457e-03 -3.132019999999999804e-01 2.292771807292845812e-02 5.694213363503226703e-03 9.997209088931465759e-01 1.907890000000000086e+01
9.997040978654430088e-01 -3.124658590878777106e-03 -2.412370659188083077e-02 -5.199820000000000553e-01 2.938084862516988915e-03 9.999655308490685846e-01 -7.765614662159301025e-03 -3.183170000000000166e-01 2.414713996276485891e-02 7.692439303039214950e-03 9.996788194261133631e-01 1.996770000000000067e+01
9.997359986558281841e-01 -4.071708300852776991e-03 -2.261314182387375374e-02 -5.181280000000000330e-01 3.919441682707072369e-03 9.999693764065428203e-01 -6.773789633997068932e-03 -3.305210000000000092e-01 2.264003022369272602e-02 6.683370453787099152e-03 9.997213419702750681e-01 2.088680000000000092e+01
9.997194355667557986e-01 -2.879068944334465478e-03 -2.351087221055285850e-02 -5.610760000000000192e-01 2.715423671030353907e-03 9.999718871951822630e-01 -6.989370042611401344e-03 -3.502089999999999925e-01 2.353033413222145251e-02 6.923567095039557216e-03 9.996991485413532219e-01 2.180430000000000135e+01
9.997005629910613589e-01 6.510365262848757245e-04 -2.446140852028770227e-02 -6.311299999999999688e-01 -8.758163998066077066e-04 9.999574832825882664e-01 -9.179573671253422537e-03 -3.738759999999999861e-01 2.445439226373844269e-02 9.198248669914406081e-03 9.996586291931949253e-01 2.273189999999999955e+01
9.997061813610514935e-01 4.792442262007021170e-03 -2.376096474619171159e-02 -6.375760000000000316e-01 -5.018647501646444214e-03 9.999425686471504759e-01 -9.469560950371356395e-03 -3.929799999999999960e-01 2.371421779774011626e-02 9.586026523221661405e-03 9.996728184609889878e-01 2.372370000000000090e+01
9.996848329012271162e-01 6.779594734720716456e-03 -2.417171823596163394e-02 -6.697520000000000140e-01 -7.009959179492361581e-03 9.999306974826895900e-01 -9.458366882493692007e-03 -4.165329999999999866e-01 2.410591918072454987e-02 9.624828674576486887e-03 9.996630769081338297e-01 2.468309999999999960e+01
9.996978196434680441e-01 7.650401195994883767e-03 -2.336109504360727937e-02 -6.824480000000000546e-01 -7.859038930423709046e-03 9.999299338809218840e-01 -8.852278575897291543e-03 -4.385149999999999881e-01 2.329173473973583305e-02 9.033199346606143529e-03 9.996878994978274369e-01 2.567680000000000007e+01
9.996798373669953941e-01 8.900935317544730538e-03 -2.368535649659104375e-02 -6.904590000000000449e-01 -9.116706630429642980e-03 9.999177811854895737e-01 -9.017567815218023933e-03 -4.721989999999999799e-01 2.360314432681381164e-02 9.230613173579567746e-03 9.996787920919035786e-01 2.666499999999999915e+01
9.996579243444728702e-01 9.277121548742300883e-03 -2.445341103138800112e-02 -7.113479999999999803e-01 -9.468288061738685396e-03 9.999254245374767924e-01 -7.713422374458069747e-03 -4.956720000000000015e-01 2.438002905002542922e-02 7.942315740180248829e-03 9.996712128516072049e-01 2.765190000000000126e+01
9.996510173796772092e-01 7.489697348656750193e-03 -2.533274334535747657e-02 -7.779979999999999674e-01 -7.638603564871711792e-03 9.999540838322190650e-01 -5.786360068825274414e-03 -5.148859999999999548e-01 2.528824207719782696e-02 5.977847513352152128e-03 9.996623280647081167e-01 2.865099999999999980e+01
9.996171396712112411e-01 8.700618204797708546e-03 -2.626543961940236080e-02 -7.945980000000000265e-01 -8.818216757591585200e-03 9.999515925837046959e-01 -4.364807272805434554e-03 -5.373660000000000103e-01 2.622619165571432251e-02 4.594750501055192005e-03 9.996454747254502893e-01 2.965200000000000102e+01
9.996180608465214945e-01 9.325504713683919339e-03 -2.601475333873506587e-02 -8.286419999999999897e-01 -9.461199114509672575e-03 9.999422471383593303e-01 -5.097852410964831549e-03 -5.775339999999999918e-01 2.596571086559676042e-02 5.342036102783056031e-03 9.996485604998993635e-01 3.067790000000000106e+01
9.995874420644403902e-01 1.187996207510330117e-02 -2.614980244979059343e-02 -8.399790000000000312e-01 -1.203118310414126417e-02 9.999117552219100036e-01 -5.633152062010874511e-03 -6.044519999999999893e-01 2.608057323341633760e-02 5.945441121836030074e-03 9.996421636914297748e-01 3.171239999999999881e+01
9.995827954262418436e-01 1.044014451555185137e-02 -2.693025195489926957e-02 -8.688749999999999529e-01 -1.056480814492508948e-02 9.999341056815921336e-01 -4.491004744544482320e-03 -6.209719999999999684e-01 2.688159066574907427e-02 4.773644022022293341e-03 9.996272267230570385e-01 3.274230000000000018e+01
9.995720524819702302e-01 1.066654935832289999e-02 -2.723851357486043942e-02 -9.065729999999999622e-01 -1.071978193751713451e-02 9.999409050883830696e-01 -1.809034614771339250e-03 -6.388279999999999514e-01 2.721760776029878356e-02 2.100251368722522161e-03 9.996273259430209501e-01 3.379749999999999943e+01
9.995500091202552673e-01 1.085523363202462246e-02 -2.796324678022551330e-02 -9.330359999999999765e-01 -1.079843839311428119e-02 9.999393160294527405e-01 2.181281004459477250e-03 -6.643050000000000344e-01 2.798522817430199733e-02 -1.878340050273593492e-03 9.996065720285595146e-01 3.484479999999999933e+01
9.995480878288403037e-01 1.042479179791167866e-02 -2.819474833509287570e-02 -9.667759999999999687e-01 -1.030938036679499188e-02 9.999378860804839508e-01 4.235641314599352704e-03 -6.766560000000000352e-01 2.823715272759934336e-02 -3.943056791804085311e-03 9.995934751232498083e-01 3.589030000000000342e+01
9.995001341086130475e-01 1.038734970788595356e-02 -2.985941866330553418e-02 -9.992130000000000178e-01 -1.024962373456252997e-02 9.999361329708107426e-01 4.761847612111159977e-03 -6.904949999999999699e-01 2.990697460734485086e-02 -4.453419520678228091e-03 9.995427654304783749e-01 3.695230000000000103e+01
9.995258682664986960e-01 9.375975637398083901e-03 -2.932796868091483433e-02 -1.039060000000000095e+00 -9.277107260232543562e-03 9.999508225644293535e-01 3.505386370035030921e-03 -6.939349999999999685e-01 2.935939282382972471e-02 -3.231645643941227167e-03 9.995636960791682846e-01 3.803670000000000329e+01
9.994713968495984036e-01 9.106325218917131134e-03 -3.120900063314660175e-02 -1.067600000000000104e+00 -9.005528843784039658e-03 9.999537748683648974e-01 3.368764870264010381e-03 -6.876999999999999780e-01 3.123823506147882165e-02 -3.085930575153150984e-03 9.995072034271333949e-01 3.911460000000000292e+01
9.994516091290608362e-01 9.306968896051245888e-03 -3.177831555162914656e-02 -1.106300000000000061e+00 -9.178615938417705733e-03 9.999491285362100967e-01 4.182505126015728658e-03 -7.214049999999999629e-01 3.181562538731565193e-02 -3.888530524768714445e-03 9.994861906557648279e-01 4.020000000000000284e+01
9.994246772767735321e-01 9.747608241595782930e-03 -3.248535952988018671e-02 -1.151410000000000045e+00 -9.531905547477820262e-03 9.999315287824478427e-01 6.788263653591981861e-03 -7.450290000000000523e-01 3.254930455249643861e-02 -6.474710832546141243e-03 9.994491587333413918e-01 4.126480000000000103e+01
9.994275418379530151e-01 9.585464683355655185e-03 -3.244545395815634503e-02 -1.184949999999999948e+00 -9.284153689657643344e-03 9.999124864376092159e-01 9.424646222799147252e-03 -7.596680000000000099e-01 3.253295415441884164e-02 -9.118022426066267269e-03 9.994290713007223381e-01 4.238569999999999993e+01
9.993757283614008724e-01 1.057696172588289650e-02 -3.370877397308726792e-02 -1.230769999999999920e+00 -1.027894303928673057e-02 9.999066488293157917e-01 9.002052928215266772e-03 -7.687220000000000164e-01 3.380084158885065387e-02 -8.649942634289460239e-03 9.993911554543140063e-01 4.341239999999999810e+01
9.993120412324606461e-01 1.248125786104989539e-02 -3.492366604494412385e-02 -1.275490000000000013e+00 -1.228149891024067804e-02 9.999070040951515415e-01 5.928570314701524582e-03 -7.850629999999999553e-01 3.499441430186479851e-02 -5.495576736301962389e-03 9.993723978597792712e-01 4.448729999999999762e+01
9.993297627807099515e-01 1.419996213077521531e-02 -3.373998067774576504e-02 -1.315399999999999903e+00 -1.414968279595970983e-02 9.998983941884448390e-01 1.728518482188185932e-03 -8.067239999999999966e-01 3.376109739661656284e-02 -1.249949940635280152e-03 9.994291500290164443e-01 4.555279999999999774e+01
9.992513689899353846e-01 1.666882587407013047e-02 -3.491205831399631088e-02 -1.372600000000000042e+00 -1.663112448799278567e-02 9.998607546501397936e-01 1.370039677423804314e-03 -8.199819999999999887e-01 3.493003392504558102e-02 -7.883872352841298382e-04 9.993894492016425213e-01 4.662910000000000110e+01
9.993049980223683848e-01 1.504515038719583982e-02 -3.410519575286077160e-02 -1.404470000000000107e+00 -1.496206705899180527e-02 9.998844435122734575e-01 2.690013285020725117e-03 -8.369149999999999645e-01 3.414172633064303103e-02 -2.177859494553434968e-03 9.994146283956351073e-01 4.774320000000000164e+01
9.993472864985186721e-01 1.437866805990807399e-02 -3.313992867932517850e-02 -1.467149999999999954e+00 -1.422755481261582002e-02 9.998873042908881237e-01 4.791179599534688832e-03 -8.460220000000000518e-01 3.320508473263986127e-02 -4.316552180150772314e-03 9.994392376353723462e-01 4.881289999999999907e+01
9.993468964322321790e-01 1.124843000009067423e-02 -3.434025937290487163e-02 -1.508930000000000105e+00 -1.104375675630992967e-02 9.999201399634628507e-01 6.144032239183687405e-03 -8.590609999999999635e-01 3.440662767509741760e-02 -5.760774078344842522e-03 9.993913134773813045e-01 4.989240000000000208e+01
9.993596767592382024e-01 1.106718339895468826e-02 -3.402578315461402686e-02 -1.545500000000000096e+00 -1.088811514200729684e-02 9.999259057544517271e-01 5.443523656016212298e-03 -8.787000000000000366e-01 3.408350651451968333e-02 -5.069561396523218980e-03 9.994061307251029813e-01 5.093209999999999837e+01
9.993612774969594659e-01 1.061748609883483505e-02 -3.412192885207994408e-02 -1.570330000000000004e+00 -1.050647176417638523e-02 9.999389188584113519e-01 3.431122752104812882e-03 -9.015290000000000248e-01 3.415627454383632355e-02 -3.070430134768735528e-03 9.994117876871743134e-01 5.199660000000000082e+01
9.993514935829519441e-01 1.163369762252196467e-02 -3.407710893181575135e-02 -1.614400000000000057e+00 -1.158120069531979289e-02 9.999314260570086876e-01 1.737519511151421839e-03 -9.163750000000000506e-01 3.409498590669652468e-02 -1.341738880943060992e-03 9.994176962975978018e-01 5.309159999999999968e+01
9.993888054214686845e-01 9.451509285621575301e-03 -3.365537951759911550e-02 -1.639389999999999903e+00 -9.486514815548900692e-03 9.999546142743466204e-01 -8.805839522580468249e-04 -9.402880000000000127e-01 3.364552919637603390e-02 1.199318000537110069e-03 9.994331093181920700e-01 5.412160000000000082e+01
9.993709094673839388e-01 8.768272593991405239e-03 -3.436426495724211050e-02 -1.678709999999999924e+00 -8.915352538804738325e-03 9.999517322117285056e-01 -4.129132581123472027e-03 -9.761859999999999982e-01 3.432640091012902073e-02 4.432904519739477682e-03 9.994008442852527763e-01 5.521379999999999910e+01
9.994125476962775201e-01 7.996805579779385151e-03 -3.332582493735371937e-02 -1.721670000000000034e+00 -8.202902676038575577e-03 9.999480404204256212e-01 -6.052177049478919824e-03 -1.002620000000000067e+00 3.327569525830192249e-02 6.321990182688478482e-03 9.994262156583679779e-01 5.627349999999999852e+01
9.993938817099096150e-01 7.872699866147542941e-03 -3.391002503120459088e-02 -1.756119999999999903e+00 -8.011145519572757112e-03 9.999601134606140862e-01 -3.948801754976245630e-03 -1.024999999999999911e+00 3.387758474660776398e-02 4.218066459105948053e-03 9.994170886907443041e-01 5.738060000000000116e+01
9.994168102022952249e-01 5.989160888236809942e-03 -3.361799275572702889e-02 -1.788589999999999902e+00 -5.963216619324913752e-03 9.999818397109344614e-01 8.719494743720430669e-04 -1.041819999999999968e+00 3.362260448894920789e-02 -6.709695892251794913e-04 9.994343751678695931e-01 5.843959999999999866e+01
9.994103809003150873e-01 4.039438989927681724e-03 -3.409653180799551014e-02 -1.830810000000000048e+00 -3.781075128546334228e-03 9.999636776953294559e-01 7.638505148483109783e-03 -1.066869999999999985e+00 3.412614861890051615e-02 -7.505079791565621647e-03 9.993893534342672691e-01 5.954129999999999967e+01
9.994107406591699050e-01 2.417338149527696427e-03 -3.423927469092192394e-02 -1.865450000000000053e+00 -2.152635299752458931e-03 9.999675293051448755e-01 7.765725763288436161e-03 -1.078019999999999978e+00 3.425693530302773709e-02 -7.687445065506492807e-03 9.993834927454070538e-01 6.062729999999999819e+01
9.994504038420202185e-01 -5.595362350358122280e-04 -3.314479113260910409e-02 -1.898339999999999916e+00 7.088103143112764806e-04 9.999896591793803191e-01 4.492117790639362472e-03 -1.094139999999999890e+00 3.314193488559361717e-02 -4.513142309780921770e-03 9.994404653097305191e-01 6.170289999999999964e+01
9.993997436911354892e-01 -2.421686540497502808e-03 -3.455846849025975137e-02 -1.940180000000000016e+00 2.463298094579287160e-03 9.999962914571647321e-01 1.161565501650688691e-03 -1.109580000000000011e+00 3.455552738115778150e-02 -1.245996074213798818e-03 9.994020027102172854e-01 6.278359999999999985e+01
9.994463170826914933e-01 1.029814822345889399e-04 -3.327234083527033648e-02 -1.992469999999999963e+00 -1.859478311052774812e-04 9.999968814903810177e-01 -2.490468413151090184e-03 -1.129529999999999923e+00 3.327198060302674620e-02 2.495276402948746249e-03 9.994432194489213384e-01 6.386789999999999878e+01
9.994345092182925772e-01 1.238126615164064637e-03 -3.360251219887355062e-02 -2.032300000000000217e+00 -1.470101370690533524e-03 9.999752541917438231e-01 -6.879666134150926905e-03 -1.155030000000000001e+00 3.359316277980561177e-02 6.925174845613048420e-03 9.994115975751968195e-01 6.495019999999999527e+01
9.994599190849547954e-01 3.456964321318499456e-03 -3.267903824130594798e-02 -2.080630000000000202e+00 -3.713773639138602360e-03 9.999626746256592424e-01 -7.801105104738068931e-03 -1.180819999999999981e+00 3.265085034195656238e-02 7.918254427527702047e-03 9.994354522523043460e-01 6.603489999999999327e+01
9.994833142692746142e-01 6.931661258401410931e-03 -3.138561086716774168e-02 -2.133109999999999840e+00 -7.076254071334004379e-03 9.999648455743095354e-01 -4.498248977694924849e-03 -1.199859999999999927e+00 3.135332718587343498e-02 4.718017353315000217e-03 9.994972282035751165e-01 6.713370000000000459e+01
9.994609918809217453e-01 8.053653104620382697e-03 -3.182553031882315309e-02 -2.165459999999999940e+00 -8.143551582567319647e-03 9.999632060826588731e-01 -2.696117303084689335e-03 -1.228120000000000100e+00 3.180264573940284889e-02 2.953836921762236032e-03 9.994898031352864587e-01 6.822270000000000323e+01
9.994723728806054197e-01 8.295705556477052378e-03 -3.140313866052799746e-02 -2.210809999999999942e+00 -8.347768585903143912e-03 9.999639906408295253e-01 -1.527148094753180869e-03 -1.242499999999999938e+00 3.138933908269368050e-02 1.788488464412173184e-03 9.995056331511915637e-01 6.930849999999999511e+01
9.994500118786404652e-01 8.097585520351269911e-03 -3.215746980914260811e-02 -2.244429999999999925e+00 -8.158532268457790310e-03 9.999651618440302814e-01 -1.764496944418902187e-03 -1.263020000000000032e+00 3.214206133728597647e-02 2.025884247169144024e-03 9.994812572960071195e-01 7.040219999999999345e+01
9.994647106402779757e-01 6.063374384527318688e-03 -3.214852525106620673e-02 -2.284650000000000070e+00 -6.031805810702522801e-03 9.999812265221591501e-01 1.078852121509882170e-03 -1.295639999999999903e+00 3.215446319575804290e-02 -8.843609620336264233e-04 9.994825203085251353e-01 7.148739999999999384e+01
9.994595529203679218e-01 4.847056165654369322e-03 -3.251319920809742775e-02 -2.317019999999999857e+00 -4.793353297180372521e-03 9.999870162705785104e-01 1.729466517258423193e-03 -1.316109999999999891e+00 3.252115988686205689e-02 -1.572684581503833124e-03 9.994698098606182857e-01 7.257720000000000482e+01
9.994221556285998176e-01 2.373524864650821548e-03 -3.390753925603685187e-02 -2.356520000000000170e+00 -2.229320890983125733e-03 9.999883128078594918e-01 4.290032174173594864e-03 -1.340349999999999930e+00 3.391732547014610771e-02 -4.211962417603309222e-03 9.994157665384035827e-01 7.365879999999999939e+01
9.994079451759303456e-01 1.950881173163617789e-03 -3.435044660369013930e-02 -2.396549999999999958e+00 -1.855755683076101489e-03 9.999943554657958478e-01 2.800929737144378269e-03 -1.363339999999999996e+00 3.435571699251090821e-02 -2.735525396680621446e-03 9.994059243424239236e-01 7.473269999999999413e+01
9.993734762354041790e-01 2.237869896286692403e-03 -3.532204602640266061e-02 -2.435869999999999980e+00 -2.281022065372491012e-03 9.999967005781997820e-01 -1.181427548104217046e-03 -1.391019999999999923e+00 3.531928560292942748e-02 1.261257722049508728e-03 9.993752835113830502e-01 7.581040000000000134e+01
9.993867985964122180e-01 3.955680856775006457e-03 -3.479050704105261099e-02 -2.476039999999999797e+00 -4.064403328858679290e-03 9.999870740411003212e-01 -3.054893827802881729e-03 -1.415820000000000078e+00 3.477797315535437889e-02 3.194423215250196627e-03 9.993899580461709231e-01 7.688160000000000593e+01
9.993250341128807612e-01 5.540618513329660655e-03 -3.631497957839527335e-02 -2.532719999999999860e+00 -5.607453148402772800e-03 9.999827663353493268e-01 -1.738821868519076740e-03 -1.435499999999999998e+00 3.630471958957932899e-02 1.941282769645104496e-03 9.993388808390926137e-01 7.796930000000000405e+01
9.992856619352136205e-01 7.071066684183926511e-03 -3.712365642888402345e-02 -2.575460000000000083e+00 -6.985729370378322180e-03 9.999726519660212531e-01 2.427942587117805102e-03 -1.456909999999999927e+00 3.713980931380547051e-02 -2.166872398257622002e-03 9.993077299951921288e-01 7.903830000000000666e+01
9.992907992283894814e-01 8.206304819304998180e-03 -3.674989984611354288e-02 -2.624429999999999819e+00 -7.955452825716713763e-03 9.999440845436881053e-01 6.966961778516711848e-03 -1.476450000000000040e+00 3.680501797071318582e-02 -6.669658709272035385e-03 9.993002082982257450e-01 8.010899999999999466e+01
9.992144605475702379e-01 9.267721721796972484e-03 -3.853013322992079187e-02 -2.683180000000000121e+00 -9.000532576542794733e-03 9.999342721368200682e-01 7.102240459633426921e-03 -1.490189999999999904e+00 3.859342231477672774e-02 -6.749869650237306194e-03 9.992321987474873657e-01 8.117810000000000059e+01
9.992132961034977390e-01 1.014655885415896575e-02 -3.833844328350972941e-02 -2.724289999999999878e+00 -9.951944203923174248e-03 9.999366242944812688e-01 5.263668028994286999e-03 -1.506520000000000081e+00 3.838942167506309566e-02 -4.877985032423219972e-03 9.992509482434719370e-01 8.221599999999999397e+01
9.991489970909277485e-01 9.988102493071655125e-03 -4.001898825284362637e-02 -2.782820000000000071e+00 -9.844277147339073469e-03 9.999443638555456371e-01 3.789380025087907625e-03 -1.525209999999999955e+00 4.005461046670805159e-02 -3.392197240145878451e-03 9.991917339421119149e-01 8.327639999999999532e+01
9.991335189867920352e-01 1.003186803833993820e-02 -4.039273277126662759e-02 -2.831290000000000084e+00 -9.882295551589179855e-03 9.999435599081882842e-01 3.900927168069184218e-03 -1.546750000000000069e+00 4.042958658829774038e-02 -3.498374165362126611e-03 9.991762656841376433e-01 8.431789999999999452e+01
9.991302253681584311e-01 8.715902507676573721e-03 -4.077776108676690187e-02 -2.876430000000000042e+00 -8.565866498533506249e-03 9.999558905851146928e-01 3.852637441990495754e-03 -1.569970000000000088e+00 4.080954161592684898e-02 -3.499989658099429777e-03 9.991608135758183185e-01 8.534699999999999420e+01
9.990828671792464366e-01 7.198656293813606583e-03 -4.220904946169224542e-02 -2.920049999999999812e+00 -6.946839875013587420e-03 9.999572063123626231e-01 6.109579341157882725e-03 -1.590170000000000083e+00 4.225122394259089170e-02 -5.810756537536204171e-03 9.990901206516930033e-01 8.634319999999999595e+01
9.990924267364567068e-01 6.245931383357172968e-03 -4.213444171948110134e-02 -2.958689999999999820e+00 -5.928859332296147928e-03 9.999531924462341514e-01 7.646014883741300214e-03 -1.606190000000000007e+00 4.218022599365490316e-02 -7.389266387060527963e-03 9.990826929125462552e-01 8.733129999999999882e+01
9.990479965943540597e-01 6.346532052979883716e-03 -4.316042205201445214e-02 -3.010470000000000201e+00 -5.958292441155380904e-03 9.999406789255328443e-01 9.117970230817666610e-03 -1.628120000000000012e+00 4.321572921973186598e-02 -8.852127475635757775e-03 9.990265464877106094e-01 8.832129999999999370e+01
9.989812762830959647e-01 5.230133907716104195e-03 -4.482248693573447768e-02 -3.050450000000000106e+00 -4.855283943572871914e-03 9.999523603181448284e-01 8.467780818980807922e-03 -1.644479999999999942e+00 4.486463923430136086e-02 -8.241528588700891556e-03 9.989590789180994301e-01 8.927870000000000061e+01
9.988078197400421798e-01 4.547878919732024038e-03 -4.860304541358234642e-02 -3.108740000000000059e+00 -4.149290445915504964e-03 9.999569570133091112e-01 8.298645038700442483e-03 -1.664989999999999970e+00 4.863869462617932682e-02 -8.087083405923931739e-03 9.987836985389012545e-01 9.019769999999999754e+01
9.986669240638659240e-01 4.546871179628660109e-03 -5.141693051216219418e-02 -3.161970000000000169e+00 -4.198202056188754874e-03 9.999674703854832813e-01 6.887181597227895642e-03 -1.676190000000000069e+00 5.144657306674630531e-02 -6.662141797773771419e-03 9.986535264977309811e-01 9.110160000000000480e+01
9.985422966713352055e-01 4.433494930936983380e-03 -5.379243330648349197e-02 -3.213119999999999976e+00 -4.073194810504986510e-03 9.999685448901595164e-01 6.805755967752712306e-03 -1.694930000000000048e+00 5.382091454416948473e-02 -6.576728134436034788e-03 9.985289459022581582e-01 9.198919999999999675e+01
9.983402151685082382e-01 5.394864970510082972e-03 -5.733855778833791411e-02 -3.272860000000000102e+00 -4.907043739472210717e-03 9.999505901005285580e-01 8.645130383259827522e-03 -1.712269999999999959e+00 5.738236400703190104e-02 -8.349418515957794662e-03 9.983173601172173894e-01 9.284439999999999316e+01
9.981696351886005791e-01 6.575479719546533861e-03 -6.011773826346009097e-02 -3.329610000000000181e+00 -6.061780720627577695e-03 9.999435780950176600e-01 8.723270088010118273e-03 -1.726539999999999964e+00 6.017170599169587020e-02 -8.342882774627514292e-03 9.981531756724805193e-01 9.369050000000000011e+01
9.979539799471953687e-01 8.288537630571858952e-03 -6.339679843256491865e-02 -3.393330000000000179e+00 -7.687747438338356047e-03 9.999232582403584368e-01 9.714739796296315358e-03 -1.737379999999999924e+00 6.347245423707038869e-02 -9.207484669116508882e-03 9.979411153866699635e-01 9.449540000000000362e+01
9.978184131402498824e-01 1.047906031468777768e-02 -6.518131398794289877e-02 -3.455439999999999845e+00 -9.833007368491925720e-03 9.998993801310441798e-01 1.022455767477185341e-02 -1.748590000000000089e+00 6.528189920923600786e-02 -9.561323573370384202e-03 9.978210534595671755e-01 9.528489999999999327e+01
9.976106311500049229e-01 1.343491999005320438e-02 -6.776821925762510634e-02 -3.509529999999999816e+00 -1.280950626140173708e-02 9.998713419536739977e-01 9.654847958310359274e-03 -1.758250000000000091e+00 6.788921244076845385e-02 -8.763701536442739665e-03 9.976543752069412241e-01 9.604139999999999588e+01
9.973834862653567779e-01 1.502512374924893854e-02 -7.071369726921852839e-02 -3.572020000000000195e+00 -1.442808215621643048e-02 9.998558864946562874e-01 8.946322556131794737e-03 -1.776750000000000052e+00 7.083792607393582519e-02 -7.902651346519023665e-03 9.974565335548406519e-01 9.676489999999999725e+01
9.972209992565951309e-01 1.650133128109205344e-02 -7.264973990063212927e-02 -3.632890000000000175e+00 -1.615310925970145361e-02 9.998550658737644925e-01 5.378132372326135079e-03 -1.793309999999999960e+00 7.272795681800771350e-02 -4.189667352161508505e-03 9.973430157095182214e-01 9.746380000000000621e+01
9.969614809526624599e-01 1.906314010895742220e-02 -7.552749291390675745e-02 -3.690469999999999917e+00 -1.901661986446276723e-02 9.998182762979654914e-01 1.335121528404826933e-03 -1.805879999999999930e+00 7.553921938704752370e-02 1.052128858494115471e-04 9.971428259104330172e-01 9.811979999999999791e+01
9.967845167440525511e-01 1.989575206817090214e-02 -7.761949644881453725e-02 -3.750739999999999963e+00 -2.001972902684621969e-02 9.997992494029595001e-01 -8.193552163673842054e-04 -1.822170000000000067e+00 7.758761260031983575e-02 2.370641879494000785e-03 9.969827192223854606e-01 9.876649999999999352e+01
9.966418086349847494e-01 2.162862586617649713e-02 -7.897662833982857511e-02 -3.804920000000000080e+00 -2.174249783279017662e-02 9.997634344863484124e-01 -5.821100000311054843e-04 -1.846209999999999907e+00 7.894535495377524859e-02 2.297304333775309487e-03 9.968762979046198458e-01 9.936809999999999832e+01
9.966482794309146076e-01 2.429478317280553759e-02 -7.811511132926748924e-02 -3.857650000000000023e+00 -2.441036231236594009e-02 9.997018848931391588e-01 -5.249313133293590601e-04 -1.860999999999999988e+00 7.807907094206817389e-02 2.429990059867336277e-03 9.969442079821380087e-01 9.994790000000000418e+01
9.968151249538458325e-01 2.764626255337282457e-02 -7.480167665285787637e-02 -3.911999999999999922e+00 -2.764448695435055281e-02 9.996172568519211543e-01 1.059313396040006657e-03 -1.874849999999999905e+00 7.480233287992742175e-02 1.011914359154575263e-03 9.971978675393615710e-01 1.005060000000000002e+02
9.971044124927044283e-01 3.049847701898948660e-02 -6.966084615550514891e-02 -3.950889999999999791e+00 -3.038495161786518295e-02 9.995346538269115344e-01 2.688961564647257031e-03 -1.889710000000000001e+00 6.971043897981692161e-02 -5.645340010384926419e-04 9.975671085188219100e-01 1.010409999999999968e+02
9.975891304922170910e-01 3.140137063496030445e-02 -6.188602948992837083e-02 -3.989500000000000046e+00 -3.117360018921416787e-02 9.995032020255949501e-01 4.642821537159691828e-03 -1.902320000000000011e+00 6.200107559571411964e-02 -2.702417959668731127e-03 9.980724240064675623e-01 1.015600000000000023e+02
9.981296795265339750e-01 3.093347095909469366e-02 -5.272820139812815082e-02 -4.015329999999999622e+00 -3.056860657917850541e-02 9.995029160489078413e-01 7.712399207602231403e-03 -1.915669999999999984e+00 5.294056233235649306e-02 -6.086146905297640415e-03 9.985791183856095321e-01 1.020529999999999973e+02
9.987198661091095664e-01 3.064456938963337415e-02 -4.024350141235433914e-02 -4.031600000000000072e+00 -3.030538304395403656e-02 9.995000618680005555e-01 9.011663798776872389e-03 -1.926679999999999948e+00 4.049954070803079426e-02 -7.780532937203444785e-03 9.991492633784261335e-01 1.025270000000000010e+02
9.991936650314370283e-01 2.953995577189157812e-02 -2.719210867216760585e-02 -4.046359999999999957e+00 -2.931729216864700088e-02 9.995335779314534763e-01 8.551196842848513696e-03 -1.933789999999999898e+00 2.743202764912707620e-02 -7.747102719187521670e-03 9.995936505693280294e-01 1.029740000000000038e+02
9.995068554331599797e-01 2.884977766783383343e-02 -1.239904313375065140e-02 -4.036669999999999980e+00 -2.875147460565638177e-02 9.995542983663974201e-01 8.034757324221920155e-03 -1.945480000000000098e+00 1.262531782238963257e-02 -7.674304253507132668e-03 9.998908472448920781e-01 1.034060000000000059e+02
9.995957146603856591e-01 2.784959820932834257e-02 5.727749311193821441e-03 -4.021049999999999791e+00 -2.787895586815861138e-02 9.995982391903261988e-01 5.111166921616221159e-03 -1.959850000000000092e+00 -5.583104180845125525e-03 -5.268784222032137782e-03 9.999705339961409978e-01 1.038169999999999931e+02
9.992876516779711782e-01 2.684256006401734493e-02 2.652670679024085251e-02 -3.995750000000000135e+00 -2.687264856362907642e-02 9.996385621269258115e-01 7.783752231151586055e-04 -1.969459999999999988e+00 -2.649622545008011379e-02 -1.490663617955639061e-03 9.996478019577078600e-01 1.042279999999999944e+02
9.983762038203873868e-01 2.502106643500389208e-02 5.117520766589354897e-02 -3.954219999999999846e+00 -2.480697409622266772e-02 9.996806662600471460e-01 -4.814513688594626063e-03 -1.977500000000000036e+00 -5.127932996229130069e-02 3.537193848723756313e-03 9.986780855602545026e-01 1.046400000000000006e+02
9.967306771812654009e-01 2.253289290515070667e-02 7.759011472540208731e-02 -3.901499999999999968e+00 -2.204522570272922019e-02 9.997315060610311166e-01 -7.136092254054033149e-03 -1.990490000000000093e+00 -7.773007905239628923e-02 5.402270473389116784e-03 9.969598037454873163e-01 1.050240000000000009e+02
9.939208379018497075e-01 2.001613630347919004e-02 1.082622846238044112e-01 -3.834909999999999819e+00 -1.921232519389910048e-02 9.997796100863235447e-01 -8.462731017988046195e-03 -2.004579999999999806e+00 -1.084078158857974816e-01 6.331314485909659943e-03 9.940863442939711359e-01 1.054159999999999968e+02
9.899252558520965639e-01 1.742743555148542831e-02 1.405143135636365281e-01 -3.759129999999999860e+00 -1.606027420000032471e-02 9.998120692193017689e-01 -1.085789279919560472e-02 -2.013920000000000154e+00 -1.406771318259721903e-01 8.491803902401518986e-03 9.900191078194910954e-01 1.057849999999999966e+02
9.841156124832715069e-01 1.471477442047826496e-02 1.769178811777648297e-01 -3.654599999999999849e+00 -1.269243985184656358e-02 9.998405961199103853e-01 -1.255724178270989540e-02 -2.028099999999999792e+00 -1.770744567612238252e-01 1.011225812252715926e-02 9.841455070254503390e-01 1.061580000000000013e+02
9.768246471428084776e-01 1.078900237642200881e-02 2.137690486530946787e-01 -3.545659999999999812e+00 -8.295416254170332251e-03 9.998867289730597463e-01 -1.255847493627160888e-02 -2.039499999999999869e+00 -2.138803282293574026e-01 1.049412460743990791e-02 9.768035004775658114e-01 1.065199999999999960e+02
9.672460232920616630e-01 8.390443423663488873e-03 2.537020514005490779e-01 -3.415230000000000210e+00 -5.167713468830049429e-03 9.998973092215593939e-01 -1.336659077661214723e-02 -2.059039999999999981e+00 -2.537881501630771530e-01 1.161772226555801701e-02 9.671900554524760496e-01 1.068780000000000001e+02
9.555473433769365865e-01 8.822044983702221482e-03 2.947056940196174923e-01 -3.283529999999999838e+00 -4.836666823591769318e-03 9.998867740886941968e-01 -1.424940898921804935e-02 -2.074139999999999873e+00 -2.947980346259391760e-01 1.219059165135047418e-02 9.554818199504758747e-01 1.072019999999999982e+02
9.407244862602727187e-01 1.075912029481092443e-02 3.390010063124116457e-01 -3.129329999999999945e+00 -6.115035095930901679e-03 9.998722996695308396e-01 -1.476450809676352685e-02 -2.082599999999999785e+00 -3.391165688905830033e-01 1.181633124305721608e-02 9.406701478307010200e-01 1.075330000000000013e+02
9.234385180039372809e-01 1.056428921733533477e-02 3.836009635806778562e-01 -2.955789999999999917e+00 -5.824954753410636205e-03 9.998917088528206376e-01 -1.351445409577817572e-02 -2.097539999999999960e+00 -3.837021935939547435e-01 1.024530920561546668e-02 9.234000542941659395e-01 1.078539999999999992e+02
9.038931356489010582e-01 9.433629592107124415e-03 4.276543066070025989e-01 -2.777210000000000178e+00 -4.680387346935164020e-03 9.999150542153287802e-01 -1.216463430765149858e-02 -2.102170000000000094e+00 -4.277327358305416660e-01 8.993941642859566016e-03 9.038605067778129332e-01 1.081580000000000013e+02
8.811168730567934260e-01 7.899322057351550880e-03 4.728325884767808907e-01 -2.567149999999999821e+00 -2.357595249259990776e-03 9.999214285086773790e-01 -1.231172424182733725e-02 -2.116519999999999957e+00 -4.728926915900257821e-01 9.733320101608261901e-03 8.810662657942025522e-01 1.084549999999999983e+02
