1.000000000000000000e+00 0.000000000000000000e+00 -1.818990000000000302e-10 0.000000000000000000e+00 -0.000000000000000000e+00 1.000000000000000000e+00 0.000000000000000000e+00 0.000000000000000000e+00 1.818990000000000302e-10 0.000000000000000000e+00 1.000000000000000000e+00 0.000000000000000000e+00
9.999956463762815773e-01 -2.232770307613436266e-03 -1.929239548702489605e-03 6.336500000000000118e-03 2.231107457289509179e-03 9.999971381362205980e-01 -8.636427979722917283e-04 -2.685459999999999930e-02 1.931162343477400107e-03 8.593346972525141986e-04 9.999977660754454378e-01 5.666550000000000198e-01
9.999915031726024361e-01 -3.077189746560082990e-03 -2.743079631126538014e-03 4.774350000000000122e-04 3.071219136777434029e-03 9.999929115697475668e-01 -2.178169707092352317e-03 -4.619800000000000295e-02 2.749762828486827966e-03 2.169726600903488720e-03 9.999938655266162879e-01 1.129580000000000028e+00
9.999814168033721584e-01 -3.596720528965274225e-03 -4.922362172487038980e-03 -4.701480000000000069e-03 3.579070080113831969e-03 9.999871513853435534e-01 -3.589891584400469859e-03 -6.321899999999999742e-02 4.935210763710656985e-03 3.572207393564251921e-03 9.999814413423157022e-01 1.680449999999999999e+00
9.999628099646746815e-01 -5.413721939190643470e-03 -6.713441912845443012e-03 -7.601089999999999583e-03 5.379305093001308935e-03 9.999723518625963647e-01 -5.134061462836229939e-03 -7.985920000000000518e-02 6.741050679859494389e-03 5.097756874635726854e-03 9.999642849175057746e-01 2.232380000000000031e+00
9.999328422443481967e-01 -8.075343748782404588e-03 -8.312630418743010424e-03 -1.299819999999999968e-02 8.017358473410353056e-03 9.999434614043559710e-01 -6.985410351885218069e-03 -9.618490000000000373e-02 8.368570024110802419e-03 6.918295889479640637e-03 9.999410503713392906e-01 2.794830000000000148e+00
9.999031751562366122e-01 -9.720272391551629948e-03 -9.957741566762831967e-03 -1.426520000000000045e-02 9.642992608269035371e-03 9.999232422255017738e-01 -7.779611224053228739e-03 -1.113679999999999948e-01 1.003259717287930709e-02 7.682835536088572677e-03 9.999201573286200517e-01 3.355370000000000186e+00
9.998848920051947031e-01 -1.019539701877435721e-02 -1.123639708223152754e-02 -2.263739999999999850e-02 1.011612798895596653e-02 9.999237016228516017e-01 -7.089068159173316473e-03 -1.282709999999999961e-01 1.130781562774508218e-02 6.974583319733890750e-03 9.999117403517396863e-01 3.934639999999999915e+00
9.998623851114901706e-01 -1.067229796374211115e-02 -1.270090135916892952e-02 -3.959939999999999988e-02 1.057913582532923544e-02 9.999168067521883030e-01 -7.379800789738906810e-03 -1.457579999999999987e-01 1.277860416287587668e-02 7.244420658693245460e-03 9.998921070020347912e-01 4.517290000000000028e+00
9.998580608974538819e-01 -9.996380605417930221e-03 -1.356209545663626496e-02 -4.893650000000000083e-02 9.860682981528562374e-03 9.999010189562818063e-01 -1.003589663792892397e-02 -1.672240000000000115e-01 1.366107570878233139e-02 9.900740627903772267e-03 9.998576650431290069e-01 5.106049999999999756e+00
9.998503791944336472e-01 -8.634884619966653324e-03 -1.498859540941211224e-02 -7.164130000000000498e-02 8.427370316913596060e-03 9.998685255556630791e-01 -1.385319575715329536e-02 -1.888489999999999891e-01 1.510624553914009793e-02 1.372480858679893563e-02 9.997916937917452618e-01 5.706380000000000230e+00
9.998359790435094041e-01 -7.151122689402398223e-03 -1.663960499494893108e-02 -8.407799999999999996e-02 6.862587868645609289e-03 9.998262173423591026e-01 -1.733320520315685329e-02 -2.048310000000000131e-01 1.676066519717917674e-02 1.721617144288299303e-02 9.997113000976818320e-01 6.307710000000000150e+00
9.998367642486205575e-01 -5.362037974861183151e-03 -1.725379394813104234e-02 -1.082059999999999966e-01 5.056746698666691325e-03 9.998307430060244805e-01 -1.768939379534185258e-02 -2.226180000000000103e-01 1.734572482411560201e-02 1.759925818826753308e-02 9.996946493512650633e-01 6.928110000000000213e+00
9.998023222653705799e-01 -3.511040460372793267e-03 -1.957010443655668105e-02 -1.326170000000000126e-01 3.291346942430265887e-03 9.999313347517131412e-01 -1.124690254968085772e-02 -2.349199999999999899e-01 1.960824898038234301e-02 1.118026728406293531e-02 9.997452266429583956e-01 7.572750000000000092e+00
9.997990075776187480e-01 -3.356360703799552564e-03 -1.976560875952848920e-02 -1.518380000000000007e-01 3.344570569035460947e-03 9.999942087566762172e-01 -6.295242789863910761e-04 -2.521450000000000080e-01 1.976760720263079710e-02 5.632902760404213515e-04 9.998044430835199003e-01 8.233819999999999695e+00
9.998114828614258487e-01 -2.895109824912846241e-03 -1.919940305161418198e-02 -1.642939999999999956e-01 3.018577156571802984e-03 9.999749322111051164e-01 6.404931018020106233e-03 -2.701990000000000225e-01 1.918037878631341508e-02 -6.461678458223241682e-03 9.997951589106220949e-01 8.910320000000000462e+00
9.997546794341305443e-01 -2.218240615400193273e-03 -2.203770310470371668e-02 -1.925820000000000032e-01 2.347255326786506190e-03 9.999802497884829888e-01 5.830130821357322642e-03 -2.873899999999999788e-01 2.202433522242501496e-02 -5.880428686367789905e-03 9.997401408448470805e-01 9.591430000000000788e+00
9.997248564997919251e-01 4.319281985656354939e-04 -2.345260613453702472e-02 -2.199599999999999889e-01 -4.595672657134334334e-04 9.999992062812906868e-01 -1.173130306857637483e-03 -2.967659999999999743e-01 2.345208081170463074e-02 1.183585577753911572e-03 9.997242614995303089e-01 1.027800000000000047e+01
9.996595962951216885e-01 9.006258949343406680e-05 -2.608991038321721231e-02 -2.425160000000000093e-01 -2.789901292178234636e-04 9.999737674810215138e-01 -7.237852880508117287e-03 -3.028799999999999826e-01 2.608857411937514151e-02 7.242667916041323900e-03 9.996333978323632685e-01 1.100130000000000052e+01
9.996172427182770104e-01 -2.119109776559815680e-03 -2.758400685295926691e-02 -2.726529999999999787e-01 1.953240922004777398e-03 9.999798587811119521e-01 -6.038781500272380823e-03 -3.110959999999999837e-01 2.759624811835516972e-02 5.982591901702357523e-03 9.996012483405209981e-01 1.172090000000000032e+01
9.995735954746263197e-01 -3.544908458487671700e-03 -2.898380330372573449e-02 -2.915090000000000181e-01 3.635897014915082104e-03 9.999886246896152464e-01 3.087190351894128493e-03 -3.215740000000000265e-01 2.897252979677562845e-02 -3.191256083870293477e-03 9.995751139368076466e-01 1.249039999999999928e+01
9.995589557287500870e-01 -4.411541156063652179e-03 -2.936719814825725777e-02 -3.185140000000000193e-01 4.731589454023557052e-03 9.999300768065187972e-01 1.083759931663736374e-02 -3.300919999999999965e-01 2.931733418456086010e-02 -1.097177298059717233e-02 9.995099369761027974e-01 1.325849999999999973e+01
9.994710324688381720e-01 -5.341779876481773069e-03 -3.207991027770603493e-02 -3.452089999999999881e-01 5.781610800206807461e-03 9.998903456189072170e-01 1.363340436784645816e-02 -3.356180000000000274e-01 3.200356592989892640e-02 -1.381166629532792033e-02 9.993923201835789305e-01 1.405289999999999928e+01
9.994184698788043386e-01 -7.496838890599753259e-03 -3.326438743999172304e-02 -3.752929999999999877e-01 7.934074877217875757e-03 9.998836046124820465e-01 1.303179507943880502e-02 -3.405690000000000106e-01 3.316281835055923805e-02 -1.328813883876054161e-02 9.993616226598105445e-01 1.485200000000000031e+01
9.994363297805195501e-01 -7.634630363378944011e-03 -3.269151471038252155e-02 -4.107199999999999740e-01 7.987527497288419986e-03 9.999110879918432504e-01 1.067780480475115715e-02 -3.449809999999999821e-01 3.260708694938334318e-02 -1.093291041685048176e-02 9.994084497093730368e-01 1.567029999999999923e+01
9.994093641758966529e-01 -5.570359197127307087e-03 -3.391008546059831597e-02 -4.345410000000000106e-01 5.800045218745278168e-03 9.999608758735750724e-01 6.678787136380887751e-03 -3.438760000000000150e-01 3.387155551477688542e-02 -6.871522434479566607e-03 9.994025714928103099e-01 1.650700000000000145e+01
9.994768689833961606e-01 -8.387162308908705996e-03 -3.123529855069670513e-02 -4.706199999999999828e-01 8.437700079669775352e-03 9.999632970792430298e-01 1.486509931026631882e-03 -3.565800000000000081e-01 3.122168452394385313e-02 -1.749286372644945136e-03 9.995109536231575609e-01 1.735689999999999955e+01
9.994229020623164317e-01 -1.119010068051819705e-02 -3.207248790002643901e-02 -4.941610000000000169e-01 1.104580689833180134e-02 9.999280756676535153e-01 -4.672648237152032986e-03 -3.708710000000000062e-01 3.212246851196591535e-02 4.315685153398076020e-03 9.994746229286436412e-01 1.822350000000000136e+01
9.995067124827404781e-01 -9.947829848629789751e-03 -2.978879627052785292e-02 -5.351599999999999691e-01 9.661871302404624606e-03 9.999060013615143072e-01 -9.728138782064826851e-03 -3.907760000000000122e-01 2.988277003358413494e-02 9.435524496818076950e-03 9.995088748643454757e-01 1.910679999999999978e+01
9.994736030604769450e-01 -8.577729633260446768e-03 -3.128800632265969772e-02 -5.606680000000000552e-01 8.229533191760778077e-03 9.999029571133489780e-01 -1.124060227149349667e-02 -4.056640000000000246e-01 3.138138889140847099e-02 1.097719956632303706e-02 9.994472019676313712e-01 2.000900000000000034e+01
9.994761618447057794e-01 -9.184786568281849001e-03 -3.103291155967389386e-02 -6.012809999999999544e-01 8.857312954572663100e-03 9.999038075335557885e-01 -1.067350397585076910e-02 -4.292420000000000124e-01 3.112796028332392301e-02 1.039304457764192793e-02 9.994613722966020353e-01 2.092889999999999873e+01
9.995074625727706774e-01 -8.320910834177970561e-03 -3.025879548546475326e-02 -6.379280000000000506e-01 7.973184617299872157e-03 9.999009953863837730e-01 -1.159429827016021826e-02 -4.559889999999999777e-01 3.035227484720008986e-02 1.134732868161697321e-02 9.994748508808970477e-01 2.187010000000000076e+01
9.995425479137094449e-01 -4.949976863458821832e-03 -2.983609624634229671e-02 -6.744940000000000380e-01 4.540523135483731307e-03 9.998948027377905223e-01 -1.377559826690194500e-02 -4.848390000000000200e-01 2.990114646340363488e-02 1.363382510545581294e-02 9.994598742586757734e-01 2.280600000000000094e+01
9.995809471935904744e-01 -7.919147840228503389e-04 -2.893618631643605360e-02 -7.148560000000000469e-01 3.575855190791919552e-04 9.998872497445582264e-01 -1.501199290101457896e-02 -5.115359999999999907e-01 2.894481197315332266e-02 1.499535492205547431e-02 9.994685273637187173e-01 2.376310000000000144e+01
9.995946540156597226e-01 6.780046424757836835e-04 -2.846169308066824610e-02 -7.472870000000000346e-01 -1.096824949608902512e-03 9.998913152914614688e-01 -1.470219642574409520e-02 -5.426590000000000025e-01 2.844863157242001617e-02 1.472745444454092757e-02 9.994867570144392310e-01 2.470680000000000121e+01
9.995976811097928572e-01 1.535248934909326946e-03 -2.832170423249351018e-02 -7.817359999999999864e-01 -1.951455740279049375e-03 9.998904282044740466e-01 -1.467390219291873042e-02 -5.764979999999999549e-01 2.829607287979575905e-02 1.472326715717245209e-02 9.994911493674167868e-01 2.568789999999999907e+01
9.995990015821106800e-01 1.831601200927308838e-03 -2.825741094099245079e-02 -8.147860000000000102e-01 -2.244210343612833888e-03 9.998912312978778250e-01 -1.457700564407365951e-02 -6.087460000000000093e-01 2.822763815803545559e-02 1.463457586179031655e-02 9.994943869944264980e-01 2.667780000000000129e+01
9.995617761124359069e-01 2.394641439455756377e-03 -2.950460010454364693e-02 -8.505770000000000275e-01 -2.799310681201967830e-03 9.999024813486280250e-01 -1.368180004847872194e-02 -6.424410000000000398e-01 2.946895985036974627e-02 1.375839689908984337e-02 9.994710035414255955e-01 2.766479999999999961e+01
9.995388615987507164e-01 3.221012354751555049e-03 -3.019419204555794448e-02 -8.890249999999999542e-01 -3.575269754067494921e-03 9.999253246728669886e-01 -1.168599692140842063e-02 -6.736520000000000286e-01 3.015429654392797962e-02 1.178856044104006733e-02 9.994757366953280764e-01 2.867630000000000123e+01
9.995845511341187040e-01 3.563200427462815019e-03 -2.860120166559889515e-02 -9.188209999999999988e-01 -3.869470542295429770e-03 9.999356926585213357e-01 -1.066010062079390981e-02 -7.028400000000000203e-01 2.856137832326787612e-02 1.076634340140010700e-02 9.995340582081424508e-01 2.966669999999999874e+01
9.996252327109063085e-01 3.696879454396282457e-03 -2.712429187953166454e-02 -9.597059999999999480e-01 -4.010546678512513785e-03 9.999256136540080053e-01 -1.151879655150360622e-02 -7.385270000000000445e-01 2.707969060026050451e-02 1.162326292205083898e-02 9.995657007501002056e-01 3.068240000000000123e+01
9.995944025129489541e-01 5.604817553733537107e-03 -2.792161322291242948e-02 -9.876110000000000166e-01 -5.947792042407864903e-03 9.999076971126517055e-01 -1.221560578497683097e-02 -7.694290000000000296e-01 2.785056973565940702e-02 1.237672311490606650e-02 9.995354733526650159e-01 3.170579999999999998e+01
9.995910226359483453e-01 5.793849968020238841e-03 -2.800390630192907751e-02 -1.034960000000000102e+00 -6.118961899689245865e-03 9.999147150714984278e-01 -1.153780259643825794e-02 -8.007480000000000153e-01 2.793466969357795079e-02 1.170443873204938916e-02 9.995412249342587874e-01 3.272729999999999961e+01
9.995971516618799013e-01 4.537941513350443080e-03 -2.801680703217392793e-02 -1.083139999999999992e+00 -4.790804978550483768e-03 9.999483380231712903e-01 -8.964902250176180407e-03 -8.318870000000000431e-01 2.797467742645401434e-02 9.095513812816114277e-03 9.995672508897871511e-01 3.376420000000000243e+01
9.995635409145555705e-01 4.515119427575061892e-03 -2.919488604037226431e-02 -1.112749999999999906e+00 -4.672685900460169309e-03 9.999748724408360490e-01 -5.331087450923558888e-03 -8.584859999999999713e-01 2.917008194762623491e-02 5.465179181736693967e-03 9.995595220574312600e-01 3.481210000000000093e+01
9.995487689736528569e-01 4.710879504568365669e-03 -2.966590732724300877e-02 -1.158300000000000107e+00 -4.792811767514799232e-03 9.999848927331923543e-01 -2.691330664737253981e-03 -8.877739999999999521e-01 2.965278062199739467e-02 2.832299362571179171e-03 9.995562468824376046e-01 3.587950000000000017e+01
9.995078051423751386e-01 4.577357816947413144e-03 -3.103538713931791940e-02 -1.182379999999999987e+00 -4.651694929185757471e-03 9.999864815448198385e-01 -2.323459037187199875e-03 -9.122670000000000501e-01 3.102433228544165464e-02 2.466682595578476283e-03 9.995155858130553295e-01 3.694169999999999732e+01
9.995724416583902094e-01 4.969849834267116469e-03 -2.881378957563632617e-02 -1.230290000000000106e+00 -5.073024363210605452e-03 9.999809764072168372e-01 -3.508738730595000258e-03 -9.366649999999999698e-01 2.879580352923816547e-02 3.653411596595831402e-03 9.995786383685935084e-01 3.800339999999999918e+01
9.996004825223092638e-01 5.931031948999860269e-03 -2.763509003398442396e-02 -1.268999999999999906e+00 -6.046796510439155468e-03 9.999732825720694107e-01 -4.107358518767301875e-03 -9.614289999999999781e-01 2.760999082085727543e-02 4.272821323235080626e-03 9.996096395117505251e-01 3.905859999999999843e+01
9.995751464038720169e-01 5.597966947338420610e-03 -2.860401121756000337e-02 -1.308049999999999935e+00 -5.675166924946791619e-03 9.999804679065456003e-01 -2.618451026871067375e-03 -9.859360000000000346e-01 2.858879451903808405e-02 2.779671106918720023e-03 9.995873920055642348e-01 4.012960000000000349e+01
9.995131304704264474e-01 4.638390066896472784e-03 -3.085429232368567740e-02 -1.345830000000000082e+00 -4.657025490249696274e-03 9.999890144063056097e-01 -5.321468676058882259e-04 -1.013079999999999981e+00 3.085148506622164763e-02 6.755770073458126652e-04 9.995237513260581963e-01 4.122500000000000142e+01
9.994187901970796872e-01 5.378880484142294777e-03 -3.366228521272603136e-02 -1.374519999999999964e+00 -5.319766760390483296e-03 9.999841471660673164e-01 1.845399189347270890e-03 -1.038939999999999975e+00 3.367167775179379097e-02 -1.665251119294677189e-03 9.994315609665771483e-01 4.229180000000000206e+01
9.994728528580603122e-01 5.822147671363826250e-03 -3.193930174977481495e-02 -1.421859999999999902e+00 -5.765246654254939200e-03 9.999816260951376323e-01 1.873340102629774068e-03 -1.063280000000000003e+00 3.194962176279929345e-02 -1.688214624196663271e-03 9.994880547563321782e-01 4.337879999999999825e+01
9.994678347813488184e-01 6.876859184729729700e-03 -3.188661231983951766e-02 -1.461819999999999897e+00 -6.927796666724112505e-03 9.999748965444446025e-01 -1.487250574620101141e-03 -1.091010000000000035e+00 3.187558424291026676e-02 1.707363078135377661e-03 9.994903861671169398e-01 4.444010000000000105e+01
9.994501586113646585e-01 9.875126949368765589e-03 -3.165220876102935871e-02 -1.507079999999999975e+00 -1.006269289280607021e-02 9.999327106675632848e-01 -5.772031597643269459e-03 -1.120319999999999983e+00 3.159307936024918079e-02 6.087364351915597847e-03 9.994822766471569420e-01 4.550979999999999848e+01
9.994375852650502212e-01 1.090359802271765460e-02 -3.171158636404675796e-02 -1.538370000000000015e+00 -1.110690175918331926e-02 9.999188341195581753e-01 -6.241947315968342062e-03 -1.148730000000000029e+00 3.164095278080700929e-02 6.590654227196385447e-03 9.994775702255555005e-01 4.657269999999999754e+01
9.994878414419089419e-01 9.475948588909681100e-03 -3.056568677673822398e-02 -1.580980000000000052e+00 -9.587908693502606924e-03 9.999478449035197336e-01 -3.518448477856375104e-03 -1.173810000000000020e+00 3.053075198350650721e-02 3.809707488326804625e-03 9.995265675869625666e-01 4.761930000000000263e+01
9.994738015149836619e-01 1.079949819162224524e-02 -3.058579611512604948e-02 -1.612309999999999910e+00 -1.085333301941152594e-02 9.999398293169410312e-01 -1.594649797454562737e-03 -1.202479999999999993e+00 3.056673432927802317e-02 1.925768526048296731e-03 9.995308730439632638e-01 4.872579999999999956e+01
9.995092915649099741e-01 8.482578800414641851e-03 -3.015330715371957251e-02 -1.669640000000000013e+00 -8.495831662710697646e-03 9.999638612770103130e-01 -3.114230738835488182e-04 -1.226590000000000069e+00 3.014957578094063992e-02 5.674476776063242444e-04 9.995452371370505684e-01 4.977289999999999992e+01
9.995187556171410970e-01 9.654831087217607272e-03 -2.947950824282890084e-02 -1.698110000000000008e+00 -9.672562757378700554e-03 9.999531143504047925e-01 -4.589451283266376101e-04 -1.253169999999999895e+00 2.947369503924289133e-02 7.438666570970151829e-04 9.995652794906043637e-01 5.088289999999999935e+01
9.995388478023952139e-01 8.345292072558338492e-03 -2.919670930231501454e-02 -1.740399999999999947e+00 -8.412364825472647134e-03 9.999622496192003274e-01 -2.175190693033890715e-03 -1.279670000000000085e+00 2.917745451377387611e-02 2.419800969419933379e-03 9.995713184717561761e-01 5.191870000000000118e+01
9.995283743081995187e-01 9.538882696823678883e-03 -2.918970143224966854e-02 -1.775220000000000020e+00 -9.684907607754285677e-03 9.999412638381802720e-01 -4.865330238726924689e-03 -1.306410000000000071e+00 2.914157712679435117e-02 5.145735185456518437e-03 9.995620490454627527e-01 5.301389999999999958e+01
9.995407098051374284e-01 7.670496967516701910e-03 -2.931779184238113289e-02 -1.813239999999999963e+00 -7.874299013729650631e-03 9.999455872949920554e-01 -6.842358096127092171e-03 -1.337229999999999919e+00 2.926371229499512283e-02 7.070072527532996615e-03 9.995467218780575980e-01 5.409190000000000254e+01
9.995459211101350716e-01 6.441889126777879983e-03 -2.943558486882751415e-02 -1.849269999999999969e+00 -6.748003655516030160e-03 9.999240607226076438e-01 -1.031199469918565696e-02 -1.372989999999999933e+00 2.936692082525487954e-02 1.050594367437745862e-02 9.995134862065414572e-01 5.517179999999999751e+01
9.995389521188196014e-01 5.383159222667584232e-03 -2.988151257877761507e-02 -1.881459999999999910e+00 -5.738885924304968494e-03 9.999135354179037316e-01 -1.183160498057545147e-02 -1.408579999999999943e+00 2.981523747280994535e-02 1.199763663610347968e-02 9.994834207377268909e-01 5.624479999999999791e+01
9.995390548310599810e-01 4.477260853215055299e-03 -3.002718772518544327e-02 -1.903620000000000090e+00 -4.774829296436538910e-03 9.999401308303825786e-01 -9.845595975218659687e-03 -1.446399999999999908e+00 2.998130872095397526e-02 9.984432390958362588e-03 9.995005914141367187e-01 5.731860000000000355e+01
9.995385389902516904e-01 2.485020386734482657e-03 -3.027430836386952109e-02 -1.945189999999999975e+00 -2.609899127513126086e-03 9.999882460738380718e-01 -4.086091128862555204e-03 -1.475850000000000106e+00 3.026379850212712955e-02 4.163218448109232660e-03 9.995332761406076072e-01 5.838190000000000168e+01
9.995943128902331498e-01 5.621169569063389805e-04 -2.847619465499734784e-02 -1.979810000000000070e+00 -5.104698953941569795e-04 9.999982118162340505e-01 1.820929658210165402e-03 -1.499570000000000070e+00 2.847716730976656077e-02 -1.805654690413277183e-03 9.995928123756945283e-01 5.946690000000000254e+01
9.995973068521590843e-01 -1.579140123388184797e-03 -2.833249813167360714e-02 -2.019039999999999946e+00 1.665908478519714103e-03 9.999939941102915508e-01 3.039159799589063841e-03 -1.525230000000000086e+00 2.832752871063374395e-02 -3.085135299617774302e-03 9.995939340839015141e-01 6.054800000000000182e+01
9.995924442196056914e-01 -2.541529244596928486e-03 -2.843388978267683692e-02 -2.049290000000000056e+00 2.550017607221133527e-03 9.999967143061649910e-01 2.622729057558759267e-04 -1.552529999999999966e+00 2.843312978336042657e-02 -3.346729345047053323e-04 9.995956408091971612e-01 6.163119999999999976e+01
9.996154230505358562e-01 -4.936678923973182587e-03 -2.728800470352548552e-02 -2.082710000000000061e+00 4.857158555628942470e-03 9.999837647745927205e-01 -2.979630513587132063e-03 -1.575590000000000046e+00 2.730227115577586045e-02 2.845942450861914819e-03 9.996231723010940984e-01 6.270600000000000307e+01
9.996249505853065376e-01 -1.997919749477088374e-03 -2.731238700659911756e-02 -2.112010000000000165e+00 1.815685650031682603e-03 9.999759372510024225e-01 -6.695386814784261981e-03 -1.607350000000000056e+00 2.732510664103370013e-02 6.643285004722237000e-03 9.996045244552478337e-01 6.379740000000000322e+01
9.996387531954963324e-01 -1.350058167158379487e-03 -2.684288458230284571e-02 -2.143860000000000099e+00 1.060716695029891455e-03 9.999412194132628606e-01 -1.079039380234179599e-02 -1.640390000000000015e+00 2.685587440107708654e-02 1.075802311124215635e-02 9.995814258722955925e-01 6.486050000000000182e+01
9.996828464209902565e-01 2.145449556255871019e-03 -2.509190343175336443e-02 -2.191930000000000156e+00 -2.440806326110035902e-03 9.999280308417437535e-01 -1.174630160651064965e-02 -1.673240000000000061e+00 2.506489649101499920e-02 1.180382070154638134e-02 9.996161367148593824e-01 6.591089999999999804e+01
9.997527681906712704e-01 5.484728416116709145e-03 -2.154809154638906432e-02 -2.232390000000000096e+00 -5.669182194902886406e-03 9.999477327541437255e-01 -8.508356662055347949e-03 -1.701759999999999939e+00 2.150029926143164072e-02 8.628413182572300735e-03 9.997316077916211796e-01 6.700669999999999504e+01
9.997425904289809484e-01 6.233011368779962404e-03 -2.181518855356060979e-02 -2.264159999999999950e+00 -6.367250001069781930e-03 9.999611878729035563e-01 -6.089406804885471106e-03 -1.733889999999999931e+00 2.177638651784586168e-02 6.226742092633061332e-03 9.997434754341421037e-01 6.808289999999999509e+01
9.997678356423861379e-01 6.799709860234958922e-03 -2.044599620354256228e-02 -2.300839999999999996e+00 -6.909790433024665460e-03 9.999619853210682807e-01 -5.318149012514422104e-03 -1.766610000000000014e+00 2.040905708528285498e-02 5.458191876826134527e-03 9.997768143592475898e-01 6.918019999999999925e+01
9.997882740592596296e-01 4.634318144348456917e-03 -2.004819565306993276e-02 -2.322950000000000070e+00 -4.721358802346928632e-03 9.999796245695449226e-01 -4.296419068433213195e-03 -1.795290000000000052e+00 2.002787618960908886e-02 4.390164130081929822e-03 9.997897832215754121e-01 7.025169999999999959e+01
9.997759041838637506e-01 4.419910713583076294e-03 -2.070279697580983472e-02 -2.335910000000000153e+00 -4.478071828600567635e-03 9.999861539911125696e-01 -2.763819596271168116e-03 -1.826789999999999914e+00 2.069029448885494407e-02 2.855908847773699650e-03 9.997818539554604866e-01 7.133639999999999759e+01
9.997704087852499200e-01 2.206410407110503090e-03 -2.131341057855036178e-02 -2.372129999999999850e+00 -2.224674674795087265e-03 9.999971782416897659e-01 -8.332654135771753534e-04 -1.857120000000000104e+00 2.131151191177653795e-02 8.804895079062734957e-04 9.997724962201454124e-01 7.242829999999999302e+01
9.997385522614882225e-01 5.658747802632206354e-04 -2.285841000237175819e-02 -2.383519999999999861e+00 -5.490697398075376160e-04 9.999995743875694787e-01 7.414493244430290109e-04 -1.881529999999999925e+00 2.285881984102186570e-02 -7.287046129615161200e-04 9.997384374650515326e-01 7.350140000000000384e+01
9.998010761644738897e-01 3.204959177744209008e-05 -1.994510148340958647e-02 -2.422530000000000072e+00 -3.069771192503303935e-05 9.999999972109595570e-01 6.808620506388646980e-05 -1.913189999999999946e+00 1.994510360991697331e-02 -6.746039211517548817e-05 9.998010743598373384e-01 7.459489999999999554e+01
9.997529986907649491e-01 4.325213450775707404e-04 -2.222058806848646942e-02 -2.445359999999999978e+00 -5.135441635699630226e-04 9.999932406994099798e-01 -3.640718045088794930e-03 -1.943259999999999987e+00 2.221886318458652157e-02 3.651230036278765682e-03 9.997464631785434319e-01 7.566389999999999816e+01
9.997241962277623184e-01 2.380989349343178539e-03 -2.336369761987228816e-02 -2.474610000000000198e+00 -2.505838652454226746e-03 9.999827307905259088e-01 -5.315909458452868289e-03 -1.972909999999999942e+00 2.335063702348134929e-02 5.372988967131481219e-03 9.997128981563440098e-01 7.672429999999999950e+01
9.997168462328626104e-01 3.465738407734357020e-03 -2.354179295440540429e-02 -2.515899999999999803e+00 -3.555727446762597249e-03 9.999865275359748340e-01 -3.781738868200099687e-03 -2.001479999999999926e+00 2.352836927080319621e-02 3.864376253947220553e-03 9.997157008047961035e-01 7.778860000000000241e+01
9.996878174943707451e-01 4.677570042845583670e-03 -2.454359166535675582e-02 -2.552350000000000119e+00 -4.667992280072176536e-03 9.999890047292664397e-01 4.475138480308701590e-04 -2.029180000000000206e+00 2.454541507929093244e-02 -3.328048456173589797e-04 9.996986605170179452e-01 7.885939999999999372e+01
9.996374209427668633e-01 5.249708987771786739e-03 -2.640960443545623329e-02 -2.594030000000000058e+00 -5.133139606976802258e-03 9.999767910413605021e-01 4.479760752369570456e-03 -2.052770000000000206e+00 2.643250893632398749e-02 -4.342572298407116130e-03 9.996411678883398988e-01 7.996469999999999345e+01
9.996088359784610633e-01 6.500631597095943640e-03 -2.720141214394916976e-02 -2.625509999999999788e+00 -6.356300218302328095e-03 9.999652767468708570e-01 5.389132405954132760e-03 -2.076109999999999900e+00 2.723550038682890154e-02 -5.214124029300899049e-03 9.996154462738588986e-01 8.102330000000000609e+01
9.996012831279474931e-01 6.833770584058380948e-03 -2.739661199063551586e-02 -2.678090000000000082e+00 -6.739767141848089504e-03 9.999710848222005399e-01 3.522081541504330782e-03 -2.095930000000000071e+00 2.741988890996168923e-02 -3.336030442876542108e-03 9.996184375015546575e-01 8.206870000000000687e+01
9.996209308757730838e-01 6.855221763494526166e-03 -2.666459243315459290e-02 -2.709429999999999783e+00 -6.784889964595352055e-03 9.999732633870351828e-01 2.727229226070227927e-03 -2.120849999999999902e+00 2.668257527341143590e-02 -2.545279092066199400e-03 9.996407163231809667e-01 8.311520000000000152e+01
9.995994989593527391e-01 6.875539448022638910e-03 -2.745120466408797547e-02 -2.745260000000000034e+00 -6.800692406209841480e-03 9.999729015987660619e-01 2.818980478957959675e-03 -2.145589999999999886e+00 2.746984279181591618e-02 -2.631164275242197162e-03 9.996191698399694570e-01 8.416819999999999879e+01
9.995874723622817370e-01 5.378020158799034535e-03 -2.821279843539643145e-02 -2.782869999999999955e+00 -5.290944582936181646e-03 9.999810095621372019e-01 3.160129824747963303e-03 -2.171739999999999782e+00 2.822925790390272416e-02 -3.009553830805246095e-03 9.995969445651254892e-01 8.519679999999999609e+01
9.995674950363870881e-01 5.105490779451005330e-03 -2.896129884143994540e-02 -2.806909999999999794e+00 -4.962308742988748127e-03 9.999751191945595030e-01 5.013629799436092327e-03 -2.195870000000000211e+00 2.898617530171076692e-02 -4.867746473212931566e-03 9.995679600135506382e-01 8.619809999999999661e+01
9.995728508535799417e-01 3.918361273569409726e-03 -2.896139294606790704e-02 -2.856160000000000032e+00 -3.711928544092771894e-03 9.999673470668466457e-01 7.178188251656864895e-03 -2.217210000000000125e+00 2.898857400649969274e-02 -7.067619473519131702e-03 9.995547565451565752e-01 8.719679999999999609e+01
9.995717021980005113e-01 3.070481171570613958e-03 -2.910299486937640775e-02 -2.886270000000000113e+00 -2.822643319948262442e-03 9.999594373451153873e-01 8.553148492148811288e-03 -2.240000000000000213e+00 2.912807665604219901e-02 -8.467337823390912871e-03 9.995398237891797155e-01 8.818550000000000466e+01
9.994729468378585890e-01 2.237920829305587323e-03 -3.238549443205993028e-02 -2.918499999999999872e+00 -1.958010274878087351e-03 9.999604786299783887e-01 8.672218509011710152e-03 -2.261899999999999800e+00 3.240362225138875008e-02 -8.604236657968774432e-03 9.994378281696780775e-01 8.915160000000000196e+01
9.993361580511959108e-01 1.520430502058652380e-03 -3.639960854959474468e-02 -2.966450000000000031e+00 -1.216398658496869274e-03 9.999642034535424218e-01 8.373301966733744800e-03 -2.283110000000000195e+00 3.641103659302942497e-02 -8.323466982628684868e-03 9.993022347176104825e-01 9.006499999999999773e+01
9.992727570625654643e-01 1.595789414207148633e-03 -3.809738112685236849e-02 -3.009079999999999977e+00 -1.314131699156689424e-03 9.999716302092686027e-01 7.416996325677448036e-03 -2.302770000000000206e+00 3.810813627634410811e-02 -7.361537391288970437e-03 9.992465049810183020e-01 9.095550000000000068e+01
9.990870019807255309e-01 9.958719295382074260e-04 -4.271031154493997589e-02 -3.062279999999999891e+00 -6.645135254998530902e-04 9.999695785273611248e-01 7.771772100772369324e-03 -2.321489999999999831e+00 4.271675192404383176e-02 -7.736294908538185119e-03 9.990572700531976658e-01 9.187080000000000268e+01
9.988837095176764658e-01 1.702389487527230291e-03 -4.720632087166981572e-02 -3.099019999999999886e+00 -1.283253570139009179e-03 9.999595023044554054e-01 8.907693938422720989e-03 -2.339230000000000143e+00 4.721957348897824758e-02 -8.837172684668109443e-03 9.988454416267115166e-01 9.271659999999999968e+01
9.987203818545835610e-01 3.377668628917908106e-03 -5.045978817700344510e-02 -3.153869999999999951e+00 -2.880306638140049929e-03 9.999465870806281131e-01 9.926067674269588303e-03 -2.358729999999999993e+00 5.049061993979792051e-02 -9.768026435115598899e-03 9.986767660047257689e-01 9.356950000000000500e+01
9.986233818902349180e-01 3.744733824027324763e-03 -5.231938561085353045e-02 -3.208499999999999908e+00 -3.149591666792344626e-03 9.999294519792299996e-01 1.145299685013791147e-02 -2.375000000000000000e+00 5.235858300644197216e-02 -1.127244574633129090e-02 9.985647253695943970e-01 9.437649999999999295e+01
9.985010260458351272e-01 5.895385814877782821e-03 -5.441456984584337048e-02 -3.259459999999999802e+00 -5.241322636068036431e-03 9.999123897155981489e-01 1.215489326429380380e-02 -2.391690000000000094e+00 5.448146035523524638e-02 -1.185146907921004987e-02 9.984444467060875628e-01 9.516310000000000002e+01
9.983502119132622310e-01 7.546211988509280225e-03 -5.692019902783915924e-02 -3.311799999999999855e+00 -6.838457806413499387e-03 9.998969966504445139e-01 1.261869978448062514e-02 -2.406759999999999788e+00 5.700955944027497752e-02 -1.220863522452153051e-02 9.982989829496874412e-01 9.589990000000000236e+01
9.982390606995279470e-01 9.236968482646351619e-03 -5.859570041372288290e-02 -3.366649999999999920e+00 -8.554444174907246262e-03 9.998927403394939351e-01 1.188820008393824505e-02 -2.422660000000000036e+00 5.869922638828011657e-02 -1.136601203711978293e-02 9.982110070480036956e-01 9.663519999999999754e+01
9.980308794087338065e-01 1.120880569836122179e-02 -6.171488006506937324e-02 -3.413019999999999943e+00 -1.071196729528662434e-02 9.999075477921406385e-01 8.375537294562432344e-03 -2.440669999999999895e+00 6.180305415830370658e-02 -7.697957074723232006e-03 9.980586776104807267e-01 9.732789999999999964e+01
9.977882630530695574e-01 1.357540312872523337e-02 -6.507142647453613427e-02 -3.471070000000000100e+00 -1.330986798855238358e-02 9.999012376741548414e-01 4.512461835910789101e-03 -2.456729999999999858e+00 6.512625835763692639e-02 -3.636389361143823468e-03 9.978704059870442400e-01 9.798080000000000211e+01
9.977501133870633199e-01 1.571730228150151551e-02 -6.517420996908313002e-02 -3.534279999999999866e+00 -1.562877402645975952e-02 9.998761183627109528e-01 1.867980285727295544e-03 -2.472770000000000135e+00 6.519549569204979855e-02 -8.451845419293670678e-04 9.978721526350747828e-01 9.861799999999999500e+01
9.977491154912856430e-01 1.762639377572786450e-02 -6.469940323387972370e-02 -3.574040000000000106e+00 -1.758414147490232685e-02 9.998446396871319974e-01 1.222480061103399431e-03 -2.488640000000000185e+00 6.471089942929091066e-02 -8.204493986535522313e-05 9.979040498783838808e-01 9.920740000000000691e+01
9.977026720103402413e-01 2.027029090187928984e-02 -6.464126832125643984e-02 -3.615009999999999835e+00 -2.021876702699453021e-02 9.997945266160983557e-01 1.451209288805926836e-03 -2.506409999999999805e+00 6.465740269555839137e-02 -1.409086405709729199e-04 9.979075109555090028e-01 9.978319999999999368e+01
9.977188452688265929e-01 2.346610912187299669e-02 -6.329650478596475505e-02 -3.670180000000000220e+00 -2.331914439857846189e-02 9.997233896128531194e-01 3.059700231349542655e-03 -2.522149999999999892e+00 6.335079557477994727e-02 -1.576700246661602491e-03 9.979900754598588497e-01 1.003679999999999950e+02
9.979698987115779296e-01 2.648049525408392377e-02 -5.792119332939722059e-02 -3.695460000000000189e+00 -2.626207754823721777e-02 9.996448324701395771e-01 4.529039478404680782e-03 -2.538629999999999942e+00 5.802055281064930764e-02 -2.998714198621187186e-03 9.983108850276559698e-01 1.008820000000000050e+02
9.984082710898650737e-01 2.700788667841680368e-02 -4.951260724817660441e-02 -3.732810000000000183e+00 -2.672453206014234472e-02 9.996225011088203383e-01 6.376100933400769867e-03 -2.550469999999999793e+00 4.966612130530044522e-02 -5.042750649426005517e-03 9.987531462079981548e-01 1.014060000000000059e+02
9.988003466537056507e-01 2.737029248883534119e-02 -4.060461320481940917e-02 -3.746300000000000185e+00 -2.702874596306596364e-02 9.995947073767361690e-01 8.936882906318163039e-03 -2.561599999999999877e+00 4.083276155370141325e-02 -7.828669969592541578e-03 9.991353249237091561e-01 1.018880000000000052e+02
9.992827023660202368e-01 2.604670516611318903e-02 -2.748908696289044384e-02 -3.765600000000000058e+00 -2.577605888193815198e-02 9.996161668440898262e-01 1.015449518407918021e-02 -2.572140000000000093e+00 2.774302688205881884e-02 -9.438651064543198202e-03 9.995705259387669406e-01 1.023659999999999997e+02
9.995730279288280729e-01 2.552560000512362967e-02 -1.421990089883022612e-02 -3.753899999999999793e+00 -2.538212328781381741e-02 9.996259816491063210e-01 1.018060064350881540e-02 -2.584550000000000125e+00 1.447444833478428450e-02 -9.815322533611678738e-03 9.998470631996498881e-01 1.028130000000000024e+02
9.996915849509524499e-01 2.482409109175270218e-02 7.067387924831186738e-04 -3.753499999999999837e+00 -2.482958404393337953e-02 9.996486412153505752e-01 9.278247275665412255e-03 -2.595060000000000144e+00 -4.761664180570027876e-04 -9.292933754821880096e-03 9.999567063867168537e-01 1.032489999999999952e+02
9.995677030356404646e-01 2.374040613771527530e-02 1.734359145246228140e-02 -3.730430000000000135e+00 -2.385868555321435380e-02 9.996932567247289736e-01 6.644966725124443543e-03 -2.609080000000000066e+00 -1.718051721358913181e-02 -7.055889421008616075e-03 9.998275072495015348e-01 1.036680000000000064e+02
9.989859949508184123e-01 2.291709325472836289e-02 3.875291897234822008e-02 -3.708839999999999915e+00 -2.301800998715581442e-02 9.997327173450156756e-01 2.159881057417521906e-03 -2.618829999999999991e+00 -3.869306279366494655e-02 -3.049706003056620179e-03 9.992464892032097978e-01 1.040679999999999978e+02
9.977241726230412500e-01 2.146709907031127060e-02 6.391900359965799194e-02 -3.664899999999999824e+00 -2.135345764639922164e-02 9.997689609818427581e-01 -2.460590138570415471e-03 -2.631979999999999986e+00 -6.395705754810085408e-02 1.090098524004246526e-03 9.979520562005956830e-01 1.044779999999999944e+02
9.956080756600098614e-01 1.901530210693877856e-02 9.166775859785081249e-02 -3.606730000000000214e+00 -1.859073282871360686e-02 9.998121411309370821e-01 -5.483347523421805425e-03 -2.641750000000000043e+00 -9.175480550610629060e-02 3.755094266869405967e-03 9.957745502540138460e-01 1.048539999999999992e+02
9.923681430201455322e-01 1.634760719549783678e-02 1.222220293471259489e-01 -3.537490000000000023e+00 -1.562894128992656576e-02 9.998544889748253173e-01 -6.836451641522469161e-03 -2.653300000000000214e+00 -1.223160043203833369e-01 4.874075899342765472e-03 9.924792383073931523e-01 1.052339999999999947e+02
9.878788600858391389e-01 1.375620500896579911e-02 1.546160555028310846e-01 -3.456830000000000069e+00 -1.256220051707834968e-02 9.998832714670704558e-01 -8.696813121912195035e-03 -2.664899999999999824e+00 -1.547176425417345902e-01 6.649079940867908337e-03 9.879363546414657860e-01 1.055969999999999942e+02
9.816723210142651590e-01 1.155589415972822082e-02 1.902259589662638473e-01 -3.352440000000000087e+00 -9.821038085892568048e-03 9.999011649310838301e-01 -1.006019782990972590e-02 -2.678049999999999820e+00 -1.903234125518481201e-01 8.007601365617041458e-03 9.816887882394238485e-01 1.059779999999999944e+02
9.736626222472942738e-01 7.537227364095966560e-03 2.278690155378406135e-01 -3.236709999999999976e+00 -5.237788368060718354e-03 9.999290983777825437e-01 -1.069410072920503295e-02 -2.692540000000000155e+00 -2.279334631236364372e-01 9.218916479548923751e-03 9.736330663896994864e-01 1.063199999999999932e+02
9.636314181555570846e-01 5.115495728900690958e-03 2.671859308551956524e-01 -3.104049999999999976e+00 -2.199049378552977389e-03 9.999347087008542134e-01 -1.121349709806927081e-02 -2.708229999999999915e+00 -2.672258485351678980e-01 1.021812305589049966e-02 9.635797506360717080e-01 1.066749999999999972e+02
9.512364948070265447e-01 5.578896096984428156e-03 3.084120731514587432e-01 -2.956300000000000150e+00 -1.924332380645155756e-03 9.999243039443443948e-01 -1.215250288242060092e-02 -2.725290000000000212e+00 -3.084565251249039020e-01 1.096641690605880404e-02 9.511752256067816935e-01 1.069969999999999999e+02
9.356943966597073281e-01 7.773452769498869278e-03 3.527259127022944196e-01 -2.811570000000000125e+00 -3.499271642002496716e-03 9.999125466087159797e-01 -1.275359684355557160e-02 -2.733919999999999906e+00 -3.527942051077394559e-01 1.069918532005329284e-02 9.356397684343507049e-01 1.073289999999999935e+02
9.174061433202603810e-01 7.302106504218077929e-03 3.978852189248135440e-01 -2.625449999999999839e+00 -2.915579922071495286e-03 9.999281360341171210e-01 -1.162850639824872592e-02 -2.748349999999999849e+00 -3.979415379072204217e-01 9.507997051806129502e-03 9.173615047515886189e-01 1.076520000000000010e+02
8.970932052548327151e-01 6.452310865314765317e-03 4.417942380453911411e-01 -2.442180000000000017e+00 -1.959318387734804590e-03 9.999416292087413005e-01 -1.062540572512867855e-02 -2.755999999999999783e+00 -4.418370085869515740e-01 8.666363704891115807e-03 8.970534833459310464e-01 1.079440000000000026e+02
8.735680149133293604e-01 4.941386096935364118e-03 4.866770037959736728e-01 -2.229649999999999910e+00 5.479293438328033256e-04 9.999378404786267716e-01 -1.113620008685991224e-02 -2.770560000000000134e+00 -4.867017804506362788e-01 9.994892814904303771e-03 8.735110068131937133e-01 1.082349999999999994e+02
