1.000000000000000000e+00 -7.575900000000000727e-31 7.597020000000000312e-21 0.000000000000000000e+00 7.575900000000000727e-31 1.000000000000000000e+00 -2.423359999999997260e-36 0.000000000000000000e+00 -7.597020000000000312e-21 2.423360000000003273e-36 1.000000000000000000e+00 0.000000000000000000e+00
9.999961715797620609e-01 -1.712640091944157015e-03 -2.173405101355115488e-03 -9.990300000000000569e-03 1.709102516455093422e-03 9.999972135071167889e-01 -1.628479840270920069e-03 -2.558670000000000042e-02 2.176188045040639094e-03 1.624759033637740088e-03 9.999963121750375938e-01 5.456860000000000044e-01
9.999939408223517123e-01 -1.789343744561395708e-03 -2.986062214147228860e-03 -1.088639999999999920e-02 1.780532392421185425e-03 9.999940609857083107e-01 -2.950880836462766582e-03 -3.895959999999999701e-02 2.991324620046733641e-03 2.945546176053485433e-03 9.999911878285439037e-01 1.111680000000000001e+00
9.999849143758011705e-01 -2.113282983854012764e-03 -5.070015369970759522e-03 -1.221739999999999979e-02 2.089451565765519051e-03 9.999867665379806869e-01 -4.701163799357729704e-03 -4.968800000000000300e-02 5.079883165576417475e-03 4.690499327814114279e-03 9.999760967158565217e-01 1.663510000000000044e+00
9.999646271036738421e-01 -4.153037444461278593e-03 -7.314152131014133550e-03 -1.342630000000000039e-02 4.106809911269534985e-03 9.999715701341498342e-01 -6.324004727686283016e-03 -6.265460000000000473e-02 7.340208019083271397e-03 6.293743196858501802e-03 9.999532539788090757e-01 2.218430000000000124e+00
9.999382748028934342e-01 -6.813074066863331404e-03 -8.776594212600401235e-03 -1.110970000000000013e-02 6.739395684920365670e-03 9.999420315232406820e-01 -8.397269733455685684e-03 -7.899309999999999665e-02 8.833296667456226603e-03 8.337602469161533789e-03 9.999262259062169367e-01 2.780330000000000190e+00
9.999163349981093907e-01 -7.814881871153291082e-03 -1.030779439495801975e-02 -1.714950000000000155e-02 7.720345389542727053e-03 9.999280640829769640e-01 -9.179483990739190774e-03 -9.224079999999999779e-02 1.037878947734150251e-02 9.099136256260281080e-03 9.999047386868287202e-01 3.339459999999999873e+00
9.998998856339752495e-01 -7.986865721938395460e-03 -1.168026905096363095e-02 -2.130160000000000040e-02 7.886829968588559767e-03 9.999320400649270857e-01 -8.585637113206286489e-03 -1.042590000000000044e-01 1.174804759139776340e-02 8.492657271597462212e-03 9.998949235545990799e-01 3.922689999999999788e+00
9.998834463254894223e-01 -8.167017475241140217e-03 -1.289936393087336500e-02 -2.960899999999999990e-02 8.052833859305545683e-03 9.999281536685679095e-01 -8.879153552188063375e-03 -1.172149999999999997e-01 1.297095336112319419e-02 8.774242219588970076e-03 9.998773760028654145e-01 4.500099999999999767e+00
9.998739321961988002e-01 -7.757600475005304100e-03 -1.385421774700463897e-02 -3.525360000000000299e-02 7.596090358777408610e-03 9.999030196500899859e-01 -1.167264776701937290e-02 -1.366249999999999964e-01 1.394342589798180411e-02 1.156593833209441577e-02 9.998358915065640451e-01 5.098290000000000433e+00
9.998555015341908936e-01 -6.165227285997735597e-03 -1.584190721862605011e-02 -5.642160000000000231e-02 5.918367984024837207e-03 9.998610682475053135e-01 -1.558259039322428680e-02 -1.604659999999999975e-01 1.593577648617214293e-02 1.548658049633052508e-02 9.997530779409050661e-01 5.685240000000000293e+00
9.998442412833077331e-01 -4.538493222008947899e-03 -1.705565161114160067e-02 -6.596970000000000611e-02 4.209760597596965727e-03 9.998056300802592444e-01 -1.926084046782146342e-02 -1.737440000000000095e-01 1.713975169942021787e-02 1.918604021390885733e-02 9.996690076083146748e-01 6.295550000000000423e+00
9.998344672505248276e-01 -2.700802777880699935e-03 -1.799288087589437715e-02 -7.795309999999999739e-02 2.353995466527483097e-03 9.998115823332489605e-01 -1.926807041788114808e-02 -1.918719999999999870e-01 1.804152995737062434e-02 1.922252576119616932e-02 9.996524384505633964e-01 6.922819999999999752e+00
9.998068273820088780e-01 -3.390960506055265989e-04 -1.965179213686165521e-02 -9.533729999999999982e-02 8.343041569652039774e-05 9.999153739845377808e-01 -1.300914711761406821e-02 -1.983959999999999890e-01 1.965454043440575255e-02 1.300499454942036746e-02 9.997222460049001169e-01 7.562809999999999810e+00
9.998016437955238311e-01 4.063091997146219447e-04 -1.991250804400739385e-02 -1.072960000000000025e-01 -4.560390426534370318e-04 9.999967886338959611e-01 -2.492940088868028300e-03 -2.146250000000000102e-01 1.991143119316157381e-02 2.501526479839232160e-03 9.997986183592726395e-01 8.229110000000000369e+00
9.997692043392366612e-01 1.382477018191184464e-03 -2.143890883845700132e-02 -1.283130000000000104e-01 -1.286217677954832770e-03 9.999890339157134767e-01 4.503075882413403244e-03 -2.324759999999999882e-01 2.144489913649427412e-02 -4.474461488495569406e-03 9.997600189522550806e-01 8.892170000000000130e+00
9.997352231169163161e-01 3.282593989802092601e-03 -2.277516709198212572e-02 -1.472390000000000088e-01 -3.188681786515993027e-03 9.999862693367078670e-01 4.158538988336229515e-03 -2.519939999999999958e-01 2.278850516892083275e-02 -4.084815142853653706e-03 9.997319632368542042e-01 9.566480000000000317e+00
9.997185460675561686e-01 6.068814982069282299e-03 -2.293464918600317953e-02 -1.653979999999999895e-01 -6.144552183162182643e-03 9.999758949074502024e-01 -3.233277364011732328e-03 -2.583159999999999901e-01 2.291447418205404957e-02 3.373290494108863776e-03 9.997317379098267232e-01 1.025900000000000034e+01
9.996782118849817378e-01 5.954206673354467752e-03 -2.465806369803818371e-02 -1.850559999999999983e-01 -6.193788853910418488e-03 9.999342432160789329e-01 -9.651229119681666371e-03 -2.598710000000000186e-01 2.459897685024119846e-02 9.800850308947556613e-03 9.996493553597395332e-01 1.096679999999999922e+01
9.996711392584981537e-01 4.292085495668710241e-03 -2.528223359820720717e-02 -1.983739999999999948e-01 -4.514146446734599097e-03 9.999516794754675919e-01 -8.732765658660466418e-03 -2.651040000000000063e-01 2.524353017059777909e-02 8.844021499833459865e-03 9.996422097271786544e-01 1.169740000000000002e+01
9.996407104144108269e-01 2.912570732278385675e-03 -2.664520620864967160e-02 -2.182749999999999968e-01 -2.894187937534515188e-03 9.999955465091631135e-01 7.284490526928554411e-04 -2.822029999999999816e-01 2.664720920385880293e-02 -6.510710941323970009e-04 9.996446880507474653e-01 1.244749999999999979e+01
9.996611341084991054e-01 2.106983297289977998e-03 -2.594566580942545345e-02 -2.544150000000000023e-01 -1.885846990527215205e-03 9.999617161750702365e-01 8.544575199308325486e-03 -2.809240000000000070e-01 2.596267578732529627e-02 -8.492750178431984764e-03 9.996268367047620451e-01 1.324920000000000009e+01
9.996437186810319675e-01 1.363226646008867862e-03 -2.665665610442463987e-02 -2.903009999999999757e-01 -1.067234241593232203e-03 9.999376573999190221e-01 1.111495949771760042e-02 -2.842109999999999914e-01 2.667014646813022430e-02 -1.108255054912645962e-02 9.995828531746103751e-01 1.404219999999999935e+01
9.996458336115878751e-01 -8.016500061137813533e-04 -2.660008835062692770e-02 -3.136880000000000224e-01 1.072736544284865357e-03 9.999476224683407910e-01 1.017848496678660890e-02 -2.846369999999999734e-01 2.659053552112134941e-02 -1.020341497638133955e-02 9.995943345895472731e-01 1.485089999999999932e+01
9.996674857534365577e-01 -1.065767561217249772e-03 -2.576396838431924824e-02 -3.315259999999999874e-01 1.264314444807659778e-03 9.999696221118684614e-01 7.691317340450166788e-03 -2.854260000000000130e-01 2.575498857284536786e-02 -7.721333625243488423e-03 9.996384654317080898e-01 1.568169999999999931e+01
9.996884844845962403e-01 1.660949550117798426e-03 -2.490331776055481477e-02 -3.664100000000000135e-01 -1.534386909097121146e-03 9.999858156498486750e-01 5.100407426864123420e-03 -2.831810000000000160e-01 2.491143604259683786e-02 -5.060607246050893154e-03 9.996768530923364482e-01 1.651460000000000150e+01
9.997102987783191841e-01 -8.027102601032400434e-04 -2.405564742013755614e-02 -3.934869999999999757e-01 7.773037578492195988e-04 9.999991302673234550e-01 -1.065487430510274726e-03 -2.940139999999999976e-01 2.405648177584742559e-02 1.046480212362801412e-03 9.997100532473069956e-01 1.736540000000000106e+01
9.997061815259753459e-01 -3.626647950142078500e-03 -2.396660266703320649e-02 -4.129399999999999737e-01 3.449542013123213773e-03 9.999664702486450452e-01 -7.426913111471806009e-03 -3.076079999999999925e-01 2.399273387201656185e-02 7.342057144382917871e-03 9.996851719007515680e-01 1.822390000000000043e+01
9.997549028893145673e-01 -2.569597753601765480e-03 -2.198934551463125123e-02 -4.431849999999999956e-01 2.293168321653162815e-03 9.999181503294284346e-01 -1.258705767139622379e-02 -3.242849999999999899e-01 2.201988936906166747e-02 1.253354734938089653e-02 9.996789658000286849e-01 1.913129999999999953e+01
9.997527836987776251e-01 -9.571350526076144623e-04 -2.221385556440434381e-02 -4.688530000000000197e-01 6.456579176528796839e-04 9.999014407540378624e-01 -1.402468908221140946e-02 -3.299790000000000223e-01 2.222508970507251422e-02 1.400687939872395475e-02 9.996548668000926341e-01 2.003099999999999881e+01
9.997272703258587301e-01 -1.220546033868005927e-03 -2.332156157264463764e-02 -5.051729999999999832e-01 8.993154181325940105e-04 9.999046537286788716e-01 -1.377950229542037816e-02 -3.588660000000000183e-01 2.333615646558265255e-02 1.375477077635231180e-02 9.996330477141618376e-01 2.094040000000000035e+01
9.997577827705779185e-01 -4.332593917071293722e-04 -2.200427403840906140e-02 -5.353489999999999638e-01 1.107048349682699967e-04 9.998925621673901976e-01 -1.465782612706389466e-02 -3.814389999999999725e-01 2.200826058772978669e-02 1.465183976950402804e-02 9.996504189251718131e-01 2.190370000000000061e+01
9.997518276232698620e-01 2.500608241256715644e-03 -2.213662400537589822e-02 -5.772789999999999866e-01 -2.875585034833079076e-03 9.998526503424202128e-01 -1.692361113785419147e-02 -4.046719999999999762e-01 2.209104285992559077e-02 1.698306690976684324e-02 9.996117052454414065e-01 2.285429999999999851e+01
9.997687438364000201e-01 7.164516907248270547e-03 -2.027630502020489819e-02 -6.139360000000000372e-01 -7.515036576000723792e-03 9.998227220598945308e-01 -1.726408636459764862e-02 -4.251989999999999936e-01 2.014902163997061083e-02 1.741247111206990078e-02 9.996453484995182492e-01 2.385500000000000043e+01
9.997806342974021598e-01 8.169319314560821374e-03 -1.928588877446060085e-02 -6.648330000000000073e-01 -8.491700348513502375e-03 9.998245917288662854e-01 -1.669361552800882262e-02 -4.463520000000000265e-01 1.914613039429057667e-02 1.685372350973710423e-02 9.996746359164976337e-01 2.484420000000000073e+01
9.997551394320420837e-01 9.501964184383929896e-03 -1.998434026574077288e-02 -6.959910000000000263e-01 -9.844054024883714532e-03 9.998054984468123241e-01 -1.708975938614901158e-02 -4.912400000000000100e-01 1.981806699891272561e-02 1.728230170318706405e-02 9.996542233533887156e-01 2.582209999999999894e+01
9.997465617538814353e-01 9.484669388639344056e-03 -2.041698576873858528e-02 -7.139860000000000095e-01 -9.829209049368323875e-03 9.998098577360056138e-01 -1.684146737585803105e-02 -5.137049999999999672e-01 2.025336788676100619e-02 1.703788192518313621e-02 9.996496944773939353e-01 2.679230000000000089e+01
9.997315039103887857e-01 9.913073725884817208e-03 -2.094399814690064976e-02 -7.401370000000000449e-01 -1.024617092244605419e-02 9.998217668546431902e-01 -1.585719095828592648e-02 -5.423740000000000228e-01 2.078307172917965434e-02 1.606752914933394852e-02 9.996548896676967777e-01 2.778910000000000124e+01
9.997210665350935166e-01 1.029648903159089031e-02 -2.125491565632866772e-02 -7.552879999999999594e-01 -1.059542148690498405e-02 9.998458597232747769e-01 -1.399977991757572413e-02 -5.702519999999999811e-01 2.110749083738162543e-02 1.422107970050280265e-02 9.996760648943746608e-01 2.881739999999999924e+01
9.997058330429556827e-01 1.044354415876037542e-02 -2.189017508595740569e-02 -7.827769999999999451e-01 -1.072576666727069125e-02 9.998603552668107186e-01 -1.281514319569768828e-02 -5.927569999999999784e-01 2.175328272443295685e-02 1.304616231429740411e-02 9.996782444064589157e-01 2.981009999999999849e+01
9.996741568643022768e-01 1.079069992593712467e-02 -2.313311247443463128e-02 -8.187539999999999818e-01 -1.111302284942076828e-02 9.998423208837173837e-01 -1.385041851388525702e-02 -6.368000000000000327e-01 2.298000915567081567e-02 1.410298425759257818e-02 9.996364464215155010e-01 3.082349999999999923e+01
9.996388901377293301e-01 1.296074642048472732e-02 -2.353950671600232858e-02 -8.404639999999999889e-01 -1.330864347181831379e-02 9.998036218605195202e-01 -1.468324635519377766e-02 -6.666229999999999656e-01 2.334457823882998134e-02 1.499122299251051324e-02 9.996150728655706086e-01 3.182649999999999935e+01
9.996370390190777444e-01 1.290866058972591629e-02 -2.364649451715650566e-02 -8.695279999999999676e-01 -1.324525111913726211e-02 9.998123878778498730e-01 -1.413337782636058665e-02 -6.913599999999999746e-01 2.345961517079188721e-02 1.444145171964802618e-02 9.996204734439302353e-01 3.286710000000000065e+01
9.996434974127706985e-01 1.181986338197331052e-02 -2.394094630534598228e-02 -8.936650000000000427e-01 -1.209089428843422229e-02 9.998640877633344637e-01 -1.120786672390545330e-02 -7.174439999999999706e-01 2.380521698430580757e-02 1.149333854136407734e-02 9.996505463478243536e-01 3.392920000000000158e+01
9.996232886664376815e-01 1.191327372758221870e-02 -2.472558724859083915e-02 -9.217400000000000038e-01 -1.211261911287869406e-02 9.998952080996758029e-01 -7.928258165099658430e-03 -7.391280000000000072e-01 2.462854469761265389e-02 8.224763121077888553e-03 9.996628371894595855e-01 3.497720000000000340e+01
9.995865650691696525e-01 1.180182835676217221e-02 -2.621861515519443783e-02 -9.581929999999999614e-01 -1.194749916907860560e-02 9.999140108063410137e-01 -5.406316378227424627e-03 -7.725229999999999597e-01 2.615255621968019459e-02 5.717328100970623175e-03 9.996416137609329677e-01 3.601659999999999684e+01
9.995774214676830249e-01 1.183177424852902004e-02 -2.655160277930108600e-02 -9.930670000000000330e-01 -1.196320516676369419e-02 9.999169335572540840e-01 -4.796635028412656390e-03 -7.901780000000000470e-01 2.649264452930024175e-02 5.112250344977481084e-03 9.996359360698545693e-01 3.707880000000000109e+01
9.995800341799798705e-01 1.200950632298335673e-02 -2.637284638844360207e-02 -1.021479999999999944e+00 -1.217563443195283750e-02 9.999069756247755958e-01 -6.147684368437957708e-03 -8.112920000000000131e-01 2.629656241659096561e-02 6.466208687686679502e-03 9.996332722305103502e-01 3.816239999999999810e+01
9.995287885421259011e-01 1.289912088569118015e-02 -2.785342987652273880e-02 -1.049099999999999921e+00 -1.308855654603702928e-02 9.998923633714706938e-01 -6.629582110212490359e-03 -8.325150000000000050e-01 2.776491604617660827e-02 6.991019367101187348e-03 9.995900335063158115e-01 3.922319999999999851e+01
9.995074939118311352e-01 1.244248896381979809e-02 -2.880892366049078029e-02 -1.075309999999999988e+00 -1.261062872307625558e-02 9.999044520053136376e-01 -5.662058208992006188e-03 -8.540060000000000429e-01 2.873572092882806239e-02 6.022568251046407466e-03 9.995689005838276353e-01 4.029919999999999902e+01
9.995076240362988917e-01 1.251787009506250166e-02 -2.877172955516786590e-02 -1.102340000000000098e+00 -1.259433633883623622e-02 9.999176177106505747e-01 -2.478000008349431123e-03 -8.985210000000000141e-01 2.873833999201848982e-02 2.839140739775088389e-03 9.995829365762317620e-01 4.132999999999999829e+01
9.994362313303537526e-01 1.279400585333767548e-02 -3.104082663854937710e-02 -1.149999999999999911e+00 -1.282893514175801816e-02 9.999172767150246166e-01 -9.263638256001370096e-04 -9.086720000000000352e-01 3.102640693519443868e-02 1.324062322391074539e-03 9.995176881534704183e-01 4.243110000000000070e+01
9.994299684930949557e-01 1.282477529390413373e-02 -3.122920454561954259e-02 -1.182269999999999932e+00 -1.285321166238023380e-02 9.999171420028782897e-01 -7.099850406251910365e-04 -9.298020000000000174e-01 3.121751155767113831e-02 1.110975902855218479e-03 9.995119972790171836e-01 4.351460000000000150e+01
9.993567068545279319e-01 1.626167043936318710e-02 -3.196452000882597788e-02 -1.207270000000000065e+00 -1.643030599267010158e-02 9.998524107704809261e-01 -5.020131616253006683e-03 -9.531809999999999450e-01 3.187816666404019728e-02 5.542089044648740477e-03 9.994763967894193524e-01 4.456889999999999930e+01
9.993493985381135536e-01 1.745175372871768382e-02 -3.156288854498252167e-02 -1.250180000000000069e+00 -1.772857140585866464e-02 9.998066043919708878e-01 -8.511848806481312965e-03 -9.769600000000000506e-01 3.140823773181441320e-02 9.065875908549339210e-03 9.994655234156867296e-01 4.565690000000000026e+01
9.992496804185889703e-01 2.005327542334706808e-02 -3.313521281270490754e-02 -1.309199999999999919e+00 -2.036708965592554099e-02 9.997506027587398370e-01 -9.160455364442599002e-03 -1.007749999999999924e+00 3.294325184761440900e-02 9.828449945532547610e-03 9.994088971634047525e-01 4.670810000000000173e+01
9.993155693676607498e-01 1.705593886127306294e-02 -3.282510881853224760e-02 -1.342209999999999903e+00 -1.727619911907491909e-02 9.998300267510910055e-01 -6.438210225718882587e-03 -1.028429999999999955e+00 3.270971970815468588e-02 7.000896833477225981e-03 9.994403742495802101e-01 4.779160000000000252e+01
9.992946786641673240e-01 1.833286320409147074e-02 -3.277272219725826941e-02 -1.375639999999999974e+00 -1.849355724132929757e-02 9.998183660018170604e-01 -4.606880291274874709e-03 -1.049719999999999986e+00 3.268231225051668187e-02 5.209715174222990380e-03 9.994522126313809540e-01 4.889240000000000208e+01
9.993291326368135552e-01 1.608980365499319484e-02 -3.289989181893808456e-02 -1.419899999999999940e+00 -1.620651753850274948e-02 9.998632729064276248e-01 -3.283943075149144391e-03 -1.071450000000000014e+00 3.284255551305750864e-02 3.814932658695927275e-03 9.994532569541115796e-01 4.996150000000000091e+01
9.993303445752012015e-01 1.718978500367907697e-02 -3.230129568201618728e-02 -1.451109999999999900e+00 -1.732273794941891626e-02 9.998425735879108434e-01 -3.840675857049999538e-03 -1.095699999999999896e+00 3.223019021267962969e-02 4.397650808153695350e-03 9.994707977255884446e-01 5.104950000000000188e+01
9.993306832314525767e-01 1.671177373622659973e-02 -3.254077704584568825e-02 -1.508620000000000072e+00 -1.690876672473739378e-02 9.998402837923356934e-01 -5.787962846296157947e-03 -1.123599999999999932e+00 3.243885263086048604e-02 6.334313273817295496e-03 9.994536494081867062e-01 5.211880000000000024e+01
9.993231623128812080e-01 1.723988926279694869e-02 -3.249620721237027332e-02 -1.539970000000000061e+00 -1.751900870925983747e-02 9.998118782703249163e-01 -8.324205872617913143e-03 -1.143899999999999917e+00 3.234658558221695235e-02 8.887873073539418606e-03 9.994371936812241897e-01 5.319069999999999965e+01
9.993777253709181796e-01 1.565484960022358457e-02 -3.160834884083688762e-02 -1.570789999999999909e+00 -1.600024267368990033e-02 9.998146905453965116e-01 -1.070405549294381822e-02 -1.173529999999999962e+00 3.143492113609779731e-02 1.120313588275030983e-02 9.994430126223105004e-01 5.426839999999999975e+01
9.993743639434897741e-01 1.490776605665715925e-02 -3.207240564325054138e-02 -1.604049999999999976e+00 -1.536313664471127167e-02 9.997839787114395360e-01 -1.399892654312600258e-02 -1.207330000000000014e+00 3.185678459890699948e-02 1.448290106035005249e-02 9.993875078526321953e-01 5.534029999999999916e+01
9.994130122089018853e-01 1.424247810324768063e-02 -3.115738828926206683e-02 -1.625890000000000057e+00 -1.473495071423334621e-02 9.997692050809807718e-01 -1.563386705818099395e-02 -1.244169999999999998e+00 3.092753231310976791e-02 1.608379274991670119e-02 9.993922149765822605e-01 5.641599999999999682e+01
9.994150604885007061e-01 1.262510067802624994e-02 -3.178275792998880994e-02 -1.680819999999999981e+00 -1.306411981829683905e-02 9.998215750662844403e-01 -1.364356278057237207e-02 -1.279269999999999907e+00 3.160483573980015642e-02 1.405079587937769006e-02 9.994016757505544968e-01 5.749860000000000326e+01
9.994634152717767339e-01 1.069124912010411231e-02 -3.096092255614667568e-02 -1.705740000000000034e+00 -1.094242097559444508e-02 9.999084904863827505e-01 -7.954500388848666573e-03 -1.304799999999999960e+00 3.087304579189927359e-02 8.289019573821500633e-03 9.994889430093941707e-01 5.857620000000000005e+01
9.994835230970275930e-01 8.436516242732127607e-03 -3.100826101605138468e-02 -1.735829999999999984e+00 -8.514682449053168761e-03 9.999608941443541843e-01 -2.389636963128828097e-03 -1.326359999999999983e+00 3.098688820041859554e-02 2.652428266679915207e-03 9.995162716954361093e-01 5.967119999999999891e+01
9.995092805969421068e-01 6.082743104821786498e-03 -3.072780885295992373e-02 -1.763149999999999995e+00 -6.118799350154368460e-03 9.999806972876402744e-01 -1.079512221886178621e-03 -1.348300000000000054e+00 3.072064932737994178e-02 1.266999781134219797e-03 9.995272064413548430e-01 6.075240000000000151e+01
9.995375392215801735e-01 4.274786313107819223e-03 -3.010704051954299354e-02 -1.790159999999999973e+00 -4.405030001143890421e-03 9.999812195169682782e-01 -4.261023826015849537e-03 -1.371760000000000090e+00 3.008826012844810494e-02 4.391675686354646994e-03 9.995375979857429316e-01 6.184199999999999875e+01
9.995330563674954538e-01 2.410693770302843424e-03 -3.046075810282897547e-02 -1.842030000000000056e+00 -2.640401283626806622e-03 9.999683652024660141e-01 -7.503124373829377081e-03 -1.396300000000000097e+00 3.044170674772786120e-02 7.580049462474083496e-03 9.995078015405541860e-01 6.291859999999999786e+01
9.995302259695227898e-01 5.156077927452662642e-03 -3.021162414900318421e-02 -1.873089999999999922e+00 -5.498743492870889447e-03 9.999213713205451493e-01 -1.127009300937753186e-02 -1.421570000000000000e+00 3.015113917108617342e-02 1.143092458405905662e-02 9.994799861777319272e-01 6.400740000000000407e+01
9.995341358210128035e-01 4.604267351582585523e-03 -3.017137800459790756e-02 -1.904670000000000085e+00 -5.075069944765398487e-03 9.998662687872257315e-01 -1.554632453562694930e-02 -1.458050000000000068e+00 3.009576371512978979e-02 1.569220391361418263e-02 9.994238338876737515e-01 6.508310000000000173e+01
9.995294990490959375e-01 8.705834982530597649e-03 -2.941069478812427529e-02 -1.941289999999999960e+00 -9.182795427621775336e-03 9.998278752807228109e-01 -1.612129274499209119e-02 -1.487689999999999957e+00 2.926528316619715631e-02 1.638378005504934065e-02 9.994373992163341214e-01 6.617740000000000578e+01
9.995339515985725010e-01 1.145049997083092894e-02 -2.829780295642124119e-02 -1.977240000000000109e+00 -1.182160198137841359e-02 9.998458488377555131e-01 -1.298184457239555042e-02 -1.513030000000000097e+00 2.814479220630899600e-02 1.331031976798329255e-02 9.995152355313737802e-01 6.727729999999999677e+01
9.995661754593225812e-01 1.226468142180187071e-02 -2.677757396114068683e-02 -2.027960000000000207e+00 -1.254904465132693908e-02 9.998663643273886237e-01 -1.047735486984658140e-02 -1.546140000000000070e+00 2.664549410241165428e-02 1.080884250747522063e-02 9.995865077959420475e-01 6.835209999999999297e+01
9.995219077411560127e-01 1.274138665573647938e-02 -2.817113791753894647e-02 -2.054699999999999971e+00 -1.302615300201968515e-02 9.998656679738550102e-01 -9.948132747641188697e-03 -1.579150000000000054e+00 2.804060062566338107e-02 1.031033817513944857e-02 9.995536111901484055e-01 6.944830000000000325e+01
9.995366833251678740e-01 1.160038291221954579e-02 -2.813982593430183407e-02 -2.083140000000000214e+00 -1.186169319872531006e-02 9.998879010054615435e-01 -9.137048612740545847e-03 -1.610859999999999959e+00 2.803067822551276109e-02 9.466601247657734433e-03 9.995622364510553526e-01 7.054370000000000118e+01
9.995421041494129133e-01 1.080843415710362222e-02 -2.826233860875326451e-02 -2.113729999999999887e+00 -1.102961435121757421e-02 9.999096645533092076e-01 -7.681818804949264341e-03 -1.636679999999999913e+00 2.817675708501042250e-02 7.990024027511592047e-03 9.995710229274415992e-01 7.163880000000000337e+01
9.995444270158182487e-01 8.555411651701832002e-03 -2.894379645259847339e-02 -2.144050000000000011e+00 -8.725581082638484212e-03 9.999453526573780504e-01 -5.758118936085744079e-03 -1.664099999999999913e+00 2.889295167319927415e-02 6.008047135445290267e-03 9.995644555071114823e-01 7.271829999999999927e+01
9.995213386439120162e-01 7.287807811419467520e-03 -3.006628431958397601e-02 -2.193950000000000067e+00 -7.418197083740946975e-03 9.999635487881370910e-01 -4.227463431169893940e-03 -1.694320000000000048e+00 3.003437942606813904e-02 4.448477530449581122e-03 9.995389672744890985e-01 7.379890000000000327e+01
9.995157982165435717e-01 6.788495929672893649e-03 -3.036585975332520629e-02 -2.223700000000000010e+00 -6.944471103370410993e-03 9.999632158032630835e-01 -5.034020410279661101e-03 -1.721940000000000026e+00 3.033056934250088002e-02 5.242457764205012485e-03 9.995261743445993385e-01 7.489339999999999975e+01
9.994904838347978826e-01 7.171020999075863878e-03 -3.110223756440111398e-02 -2.257449999999999957e+00 -7.450615312003397786e-03 9.999327883756532476e-01 -8.882964750779298244e-03 -1.752709999999999990e+00 3.103644720573170424e-02 9.110169544078750362e-03 9.994767349747185614e-01 7.596330000000000382e+01
9.994543672318163541e-01 8.858653029209101470e-03 -3.181968082425933736e-02 -2.287570000000000103e+00 -9.212402884922293173e-03 9.998971926849296032e-01 -1.098797951775743603e-02 -1.781290000000000040e+00 3.171907083026753033e-02 1.127511983549912833e-02 9.994332254925086811e-01 7.705129999999999768e+01
9.994213407531052917e-01 9.518810989179195964e-03 -3.265541126088778584e-02 -2.325810000000000155e+00 -9.835072622606577664e-03 9.999061455552323840e-01 -9.537894284728105562e-03 -1.806689999999999907e+00 3.256155699246413709e-02 9.853543435276260545e-03 9.994211588154393588e-01 7.811320000000000618e+01
9.993804214262478336e-01 1.147674643958674669e-02 -3.327247452560185004e-02 -2.382649999999999935e+00 -1.166030724363773148e-02 9.999178208510851595e-01 -5.328112179867089404e-03 -1.844349999999999934e+00 3.320859082947304197e-02 5.712778271446523198e-03 9.994321155834157144e-01 7.918149999999999977e+01
9.993691899723871064e-01 1.217514770624528175e-02 -3.336147347264526580e-02 -2.416850000000000165e+00 -1.221528307593000573e-02 9.999248911234043247e-01 -9.994854790883011923e-04 -1.863359999999999905e+00 3.334679884651301635e-02 1.406374835924130429e-03 9.994428513509469036e-01 8.026519999999999300e+01
9.993307520284027134e-01 1.297140282819557802e-02 -3.420220400816192940e-02 -2.450619999999999798e+00 -1.298584350106084598e-02 9.999156603573048363e-01 -2.001019267896938722e-04 -1.888239999999999919e+00 3.419672380379740195e-02 6.441124776224238860e-04 9.994149134369584297e-01 8.132729999999999393e+01
9.992894256768202199e-01 1.406680528908494689e-02 -3.496811003542821261e-02 -2.488830000000000098e+00 -1.415082953072345322e-02 9.998975464253696543e-01 -2.156542630739088570e-03 -1.912560000000000038e+00 3.493419176227280376e-02 2.649838011041767173e-03 9.993861018667570262e-01 8.238429999999999609e+01
9.992597596415501160e-01 1.338594032358095959e-02 -3.606590304934676611e-02 -2.525020000000000042e+00 -1.350821559570574565e-02 9.999038020163968365e-01 -3.148781442754405857e-03 -1.933259999999999978e+00 3.602028418171188823e-02 3.633636581694938729e-03 9.993444530354190780e-01 8.343250000000000455e+01
9.992578111511591921e-01 1.344389344720630340e-02 -3.609831827626422407e-02 -2.579509999999999970e+00 -1.355854551760392497e-02 9.999037765342591033e-01 -2.933175066997999701e-03 -1.963880000000000070e+00 3.605541147790954082e-02 3.420438788629257855e-03 9.993439387426392706e-01 8.448619999999999663e+01
9.992518912150508692e-01 1.194576445481656396e-02 -3.678255856699148146e-02 -2.613680000000000003e+00 -1.204672472892442947e-02 9.999242491117933396e-01 -2.524373490956145424e-03 -1.992059999999999942e+00 3.674961668439057777e-02 2.965594342853155804e-03 9.993201043328128197e-01 8.550950000000000273e+01
9.992330630205245035e-01 1.134184970133790375e-02 -3.747863674111803073e-02 -2.646830000000000016e+00 -1.138159141575842935e-02 9.999348687034188554e-01 -8.471882441855474542e-04 -2.016610000000000014e+00 3.746658702717869244e-02 1.273105034399542096e-03 9.992970699747428798e-01 8.652630000000000621e+01
9.992271789089027800e-01 1.090905812349883541e-02 -3.776291011844241929e-02 -2.679590000000000138e+00 -1.086348128239708610e-02 9.999399938446308367e-01 1.411908080060722071e-03 -2.034429999999999961e+00 3.777604669870107679e-02 -1.000580260477218182e-03 9.992857294762893527e-01 8.751959999999999695e+01
9.992012658155643434e-01 9.936193503036471267e-03 -3.870532846061550819e-02 -2.714570000000000149e+00 -9.838090618091347925e-03 9.999478938475253598e-01 2.724254556448855481e-03 -2.057230000000000114e+00 3.873038039529356352e-02 -2.341292072408989421e-03 9.992469544541366933e-01 8.850419999999999732e+01
9.991417810321587822e-01 8.770024876080540974e-03 -4.048194732913169835e-02 -2.775269999999999904e+00 -8.646101205477875820e-03 9.999573880586211105e-01 3.235274474430252685e-03 -2.088060000000000027e+00 4.050859575238691113e-02 -2.882486886907626410e-03 9.991750321838094306e-01 8.947020000000000550e+01
9.990029518307468326e-01 8.681205534668249776e-03 -4.379199588873814580e-02 -2.817639999999999922e+00 -8.575118402264060233e-03 9.999598273467533716e-01 2.609796359566663500e-03 -2.112039999999999917e+00 4.381289282667335389e-02 -2.231672717066843486e-03 9.990372615969047576e-01 9.039629999999999654e+01
9.988526275009346200e-01 8.448173943763312085e-03 -4.713869844931068559e-02 -2.857559999999999878e+00 -8.365830119044270416e-03 9.999631164704907427e-01 1.943858287794335803e-03 -2.129630000000000134e+00 4.715338186067271481e-02 -1.547273614993051761e-03 9.988864622786024494e-01 9.130649999999999977e+01
9.987265975053253309e-01 8.050256504282597009e-03 -4.980338146804180743e-02 -2.899239999999999817e+00 -7.961360590435565682e-03 9.999663415437276548e-01 1.983057538788644651e-03 -2.148109999999999964e+00 4.981766928495444391e-02 -1.584029629881570766e-03 9.987570729046911788e-01 9.219079999999999586e+01
9.985454088572154330e-01 9.502266867045337101e-03 -5.307328305808923369e-02 -2.949040000000000106e+00 -9.345058525608143651e-03 9.999511833637805269e-01 3.209481348760726167e-03 -2.167720000000000091e+00 5.310118954721793766e-02 -2.708839929293875570e-03 9.985854624692410697e-01 9.304890000000000327e+01
9.984395650425402780e-01 1.094852080529636409e-02 -5.475915311469736757e-02 -3.032039999999999846e+00 -1.064756893004169952e-02 9.999265808182291604e-01 5.784656346354600381e-03 -2.197080000000000144e+00 5.481846617284077960e-02 -5.192577909035409750e-03 9.984828355565836810e-01 9.387789999999999679e+01
9.982116447739400877e-01 1.099500176637547427e-02 -5.875901780886616521e-02 -3.070879999999999832e+00 -1.064891161699640237e-02 9.999240781429118430e-01 6.199889629765331124e-03 -2.210890000000000022e+00 5.882272451254404178e-02 -5.563082437396812789e-03 9.982529434941407320e-01 9.470950000000000557e+01
9.980103424608099960e-01 1.264653017631046233e-02 -6.176909919819471850e-02 -3.122930000000000206e+00 -1.223138126443617038e-02 9.999000256971268819e-01 7.094499506582620241e-03 -2.226090000000000124e+00 6.185264467765909380e-02 -6.324862479498670476e-03 9.980652516048209577e-01 9.550249999999999773e+01
9.978433975824112512e-01 1.451890557149781297e-02 -6.401371167332679801e-02 -3.176449999999999996e+00 -1.406398278765887827e-02 9.998725810665141100e-01 7.551557424498605946e-03 -2.237400000000000055e+00 6.411519546362094701e-02 -6.634983978352546226e-03 9.979204470789586612e-01 9.624760000000000559e+01
9.976079308696585990e-01 1.608153296731016160e-02 -6.722946201911535191e-02 -3.225420000000000176e+00 -1.567496167072097643e-02 9.998555503755097718e-01 6.570689454528836661e-03 -2.255809999999999871e+00 6.732541750765298760e-02 -5.501152670826773942e-03 9.977159041915251159e-01 9.698059999999999548e+01
9.974257936530940283e-01 1.759022299411944906e-02 -6.951525163956943920e-02 -3.294259999999999966e+00 -1.743389957111390193e-02 9.998439422634950446e-01 2.854866851043441622e-03 -2.277470000000000105e+00 6.955462099127436570e-02 -1.635595918930949667e-03 9.975768038225177881e-01 9.768670000000000186e+01
9.971667128703504135e-01 2.034680395640228040e-02 -7.241929516434091052e-02 -3.351529999999999898e+00 -2.045785590944519672e-02 9.997904024952409818e-01 -7.919659036088626996e-04 -2.293480000000000185e+00 7.238800228579718443e-02 2.271265542342714751e-03 9.973739611990617426e-01 9.834990000000000521e+01
9.970190936948244431e-01 2.217135334188541362e-02 -7.390100066264367051e-02 -3.401120000000000143e+00 -2.249721525900482549e-02 9.997404963731805205e-01 -3.579834786220988975e-03 -2.307819999999999983e+00 7.380245330299524398e-02 5.231730353898609610e-03 9.972591573327181935e-01 9.898359999999999559e+01
9.968865333032101983e-01 2.352013889944619754e-02 -7.525983513706606398e-02 -3.451430000000000220e+00 -2.393308213302446433e-02 9.997030274381529802e-01 -4.589608981742349103e-03 -2.320320000000000160e+00 7.512953679027649379e-02 6.376519202679689635e-03 9.971533947716050283e-01 9.959019999999999584e+01
9.968976515657526072e-01 2.638257491309134103e-02 -7.415545862337083460e-02 -3.498110000000000053e+00 -2.675639034428411653e-02 9.996337718163975650e-01 -4.051890900133300194e-03 -2.340629999999999988e+00 7.402140148924254981e-02 6.023452919829849761e-03 9.972384620222441987e-01 1.001680000000000064e+02
9.970010347370604764e-01 2.922019939123445334e-02 -7.165972844469355174e-02 -3.551610000000000156e+00 -2.948844488182912268e-02 9.995615069175862732e-01 -2.688030337491851413e-03 -2.361829999999999874e+00 7.154976136705172574e-02 4.793102980372173673e-03 9.974255149193534953e-01 1.007439999999999998e+02
9.972647748305140114e-01 3.213623792099241927e-02 -6.655998117885389420e-02 -3.587569999999999926e+00 -3.228963823267862188e-02 9.994777969489712088e-01 -1.229906026408573039e-03 -2.376419999999999977e+00 6.648569880092075612e-02 3.375739669528127814e-03 9.977816676190421896e-01 1.012819999999999965e+02
9.977109891390966157e-01 3.316064919726738336e-02 -5.893346668830218293e-02 -3.612359999999999793e+00 -3.317572826414511011e-02 9.994492726452016695e-01 7.228161045873488042e-04 -2.389299999999999979e+00 5.892497946736219294e-02 1.233999105841648977e-03 9.982616510920259145e-01 1.017890000000000015e+02
9.982260095720983939e-01 3.304288951950730413e-02 -4.952778276852814326e-02 -3.633620000000000072e+00 -3.291976160440067412e-02 9.994525500473765423e-01 3.299924196960021729e-03 -2.398289999999999811e+00 4.960970781686086656e-02 -1.663627361487324003e-03 9.987672948361533409e-01 1.022900000000000063e+02
9.987756410657639972e-01 3.232087493646581405e-02 -3.745103278967953225e-02 -3.641099999999999781e+00 -3.216963425581990249e-02 9.994716802798615518e-01 4.634107292360137992e-03 -2.409619999999999873e+00 3.758102507275572907e-02 -3.423647454347819499e-03 9.992877189241291536e-01 1.027630000000000052e+02
9.992214452203690422e-01 3.114290462724180614e-02 -2.422029940144489885e-02 -3.666199999999999903e+00 -3.104085965749787263e-02 9.995076326956717772e-01 4.577905068640677512e-03 -2.425570000000000004e+00 2.435094337886382909e-02 -3.822522004185959811e-03 9.996961637828200020e-01 1.032120000000000033e+02
9.994933778547797631e-01 3.059143860467694945e-02 -8.783593145097788948e-03 -3.657639999999999780e+00 -3.055990183757307035e-02 9.995260796751448407e-01 3.702492257098810927e-03 -2.435410000000000075e+00 8.892694986348400124e-03 -3.432190748233490685e-03 9.999545689892853639e-01 1.036460000000000008e+02
9.995205966948191856e-01 2.970819150336298856e-02 8.717805941412198542e-03 -3.636029999999999873e+00 -2.971707799566512473e-02 9.995579524938783544e-01 8.915613525216770216e-04 -2.452399999999999913e+00 -8.687465581639233422e-03 -1.150201654174525748e-03 9.999616017517485300e-01 1.040600000000000023e+02
9.991190900906452566e-01 2.940465198620008033e-02 2.994011118903346438e-02 -3.605319999999999858e+00 -2.931592724052529617e-02 9.995644195876125515e-01 -3.398161930737678138e-03 -2.461460000000000203e+00 -3.002699163202091417e-02 2.517446335028356193e-03 9.995459180235197749e-01 1.044659999999999940e+02
9.981423259468985565e-01 2.739916937538315611e-02 5.441674991079730600e-02 -3.565139999999999976e+00 -2.698879033966696678e-02 9.996015916715285110e-01 -8.262150068121226765e-03 -2.474400000000000155e+00 -5.462144587354578890e-02 6.778159432008249233e-03 9.984841281689946779e-01 1.048760000000000048e+02
9.963672089317017200e-01 2.485723117251395498e-02 8.145245867429036501e-02 -3.528449999999999864e+00 -2.403045882394357069e-02 9.996494338529194890e-01 -1.111514490451651245e-02 -2.488840000000000163e+00 -8.170019592609024939e-02 9.117425951103043727e-03 9.966152469883574616e-01 1.052639999999999958e+02
9.935504435349130636e-01 2.201027397842808889e-02 1.112342752526042367e-01 -3.459000000000000075e+00 -2.074994075576580208e-02 9.997068573140025505e-01 -1.247555201154368354e-02 -2.499690000000000190e+00 -1.114762580561879102e-01 1.008698561291001758e-02 9.937159033702918087e-01 1.056610000000000014e+02
9.894598280333191109e-01 1.950979726845601669e-02 1.434873392283035065e-01 -3.375290000000000123e+00 -1.765065843423054004e-02 9.997431119311710468e-01 -1.421845290515666785e-02 -2.510390000000000121e+00 -1.437278781764784463e-01 1.153594195208081097e-02 9.895500083766184396e-01 1.060250000000000057e+02
9.836377915666153493e-01 1.751873068278506085e-02 1.793036225992548638e-01 -3.273109999999999964e+00 -1.492173597570134631e-02 9.997634696437966983e-01 -1.582234373500736660e-02 -2.525490000000000013e+00 -1.795383992281969765e-01 1.288793393299763820e-02 9.836665412432789024e-01 1.064039999999999964e+02
9.759440829894492353e-01 1.402340678632825292e-02 2.175695082955977355e-01 -3.151409999999999823e+00 -1.074528210888961964e-02 9.998103361079276885e-01 -1.624286686989463019e-02 -2.538009999999999877e+00 -2.177560235453508408e-01 1.351428406753042016e-02 9.759096670982713162e-01 1.067530000000000001e+02
9.661162157139946416e-01 1.044220275932415155e-02 2.578961382727616991e-01 -3.059200000000000141e+00 -6.601927235900367438e-03 9.998541295736790291e-01 -1.575227384324803803e-02 -2.559349999999999792e+00 -2.580230072905168592e-01 1.351591565503286289e-02 9.660442265925323069e-01 1.071089999999999947e+02
9.542214003913231934e-01 1.216592309054487925e-02 2.988536587538742628e-01 -2.898569999999999869e+00 -7.179949348442408313e-03 9.998162139964449358e-01 -1.777601072144196007e-02 -2.578870000000000218e+00 -2.990149952135778832e-01 1.481649571153601311e-02 9.541333785652056365e-01 1.074399999999999977e+02
9.393363325657592133e-01 1.466624618169244665e-02 3.426837544221310594e-01 -2.738710000000000200e+00 -8.851972265209576141e-03 9.997892134808182840e-01 -1.852488041587941475e-02 -2.585900000000000087e+00 -3.428832117630220555e-01 1.436766614118883262e-02 9.392681583343118756e-01 1.077699999999999960e+02
9.216098390835438803e-01 1.370808344394958134e-02 3.878754864034308913e-01 -2.568830000000000169e+00 -7.736309123136802211e-03 9.998263492175565315e-01 -1.695349319296635474e-02 -2.597360000000000113e+00 -3.880405314210819134e-01 1.262378146936969300e-02 9.215558507848875536e-01 1.080990000000000038e+02
9.019308993983470302e-01 1.317265084049290200e-02 4.316794342800260864e-01 -2.377250000000000085e+00 -7.017938814627766760e-03 9.998497936885981652e-01 -1.584735295441779684e-02 -2.603139999999999787e+00 -4.318233449517094868e-01 1.126371744595074456e-02 9.018878685424340791e-01 1.083859999999999957e+02
8.791475851437648981e-01 1.194081463007880609e-02 4.763999795149625460e-01 -2.180899999999999839e+00 -4.453269934917719781e-03 9.998482323207356082e-01 -1.684282375336587992e-02 -2.622689999999999966e+00 -4.765287944319560043e-01 1.268579012400425539e-02 8.790673346258273124e-01 1.086910000000000025e+02
