1.000000000000000000e+00 6.096846912000000331e-38 2.811680000000000646e-19 -8.673619999999999689e-19 6.096846912000000331e-38 1.000000000000000000e+00 -4.336800000000000393e-19 0.000000000000000000e+00 -2.811680000000000646e-19 4.336800000000000393e-19 1.000000000000000000e+00 0.000000000000000000e+00
9.999966931181665242e-01 -2.074698160550515411e-03 -1.519664526836240212e-03 2.066600000000000034e-03 2.073498483240628076e-03 9.999975377857348580e-01 -7.905861798642372425e-04 -1.252909999999999961e-02 1.521301012789684970e-03 7.874325433977317785e-04 9.999985327955327463e-01 5.588859999999999939e-01
9.999950246877707949e-01 -2.149391107422575237e-03 -2.308834678360840650e-03 2.011980000000000018e-03 2.144522033759953868e-03 9.999954759343012700e-01 -2.109297555335174542e-03 -2.515270000000000006e-02 2.313357938449413925e-03 2.104335714081198832e-03 9.999951100611698118e-01 1.125340000000000007e+00
9.999873788600319724e-01 -2.480474711288863186e-03 -4.369137884018976445e-03 1.483179999999999958e-03 2.463700629622815347e-03 9.999895905947637775e-01 -3.840427231985385319e-03 -3.502920000000000339e-02 4.378618486521693512e-03 3.829614513659987222e-03 9.999830807332823479e-01 1.677659999999999929e+00
9.999680226216751677e-01 -4.536918400738579500e-03 -6.585598341984630517e-03 9.189040000000000099e-04 4.501098953199739010e-03 9.999750526632900094e-01 -5.443726597084142839e-03 -4.713479999999999753e-02 6.610131792212256725e-03 5.413910091175950547e-03 9.999634972013800027e-01 2.233179999999999943e+00
9.999421501069017948e-01 -7.307603082429865206e-03 -7.892742031505686415e-03 6.544829999999999745e-03 7.249525826058992629e-03 9.999466210528830112e-01 -7.362025551384789729e-03 -5.921169999999999906e-02 7.946119485858405343e-03 7.304381021797834786e-03 9.999417509050239072e-01 2.798200000000000021e+00
9.999212510545897326e-01 -8.299845769158943273e-03 -9.412983035804851906e-03 9.552820000000000061e-04 8.223295013423550723e-03 9.999330386085771849e-01 -8.142218256706551527e-03 -7.190749999999999920e-02 9.479931885112830720e-03 8.064171329145761180e-03 9.999225470166316354e-01 3.357369999999999965e+00
9.999057890312775809e-01 -8.491737820547086077e-03 -1.078440775033506598e-02 -2.694470000000000025e-03 8.410632341570857887e-03 9.999361738261803856e-01 -7.543841029193549402e-03 -8.290250000000000397e-02 1.084777974303124774e-02 7.452426628012645202e-03 9.999133897553331707e-01 3.940729999999999844e+00
9.998906012767659890e-01 -8.670781021285744669e-03 -1.198344837132925625e-02 -1.020060000000000064e-02 8.577217786464018737e-03 9.999325027755452400e-01 -7.837169647125202115e-03 -9.525019999999999321e-02 1.205059390366168548e-02 7.733527624258299156e-03 9.998974826136196592e-01 4.518360000000000376e+00
9.998823139002163130e-01 -8.259587274033711179e-03 -1.292816953832908074e-02 -1.522249999999999992e-02 8.122374902471411751e-03 9.999105088713042822e-01 -1.063020576813999453e-02 -1.139669999999999989e-01 1.301481369412801382e-02 1.052394730089022644e-02 9.998599207677619782e-01 5.116649999999999920e+00
9.998697005222588752e-01 -6.860239204962322035e-03 -1.461229261885425498e-02 -2.955769999999999925e-02 6.651056493232006261e-03 9.998753951917185301e-01 -1.431633813964192439e-02 -1.288340000000000041e-01 1.470868536111099786e-02 1.421728554455552879e-02 9.997907397884281400e-01 5.709600000000000009e+00
9.998610630475908145e-01 -5.237611238187086897e-03 -1.582472842924436546e-02 -3.846419999999999700e-02 4.952543202734104900e-03 9.998257229965826776e-01 -1.799988750481135158e-02 -1.410679999999999990e-01 1.591624695607512380e-02 1.791901400408035805e-02 9.997127497536254515e-01 6.320039999999999658e+00
9.998539119922106311e-01 -3.407253686654435412e-03 -1.674948644548089269e-02 -4.955869999999999720e-02 3.105485421355252615e-03 9.998329897448028358e-01 -1.800968012671609261e-02 -1.583179999999999865e-01 1.680805265848243565e-02 1.795503384245382764e-02 9.996975073118598010e-01 6.947519999999999918e+00
9.998301865324091819e-01 -1.069120789962296541e-03 -1.839714867321451744e-02 -6.584600000000000175e-02 8.531691497270165684e-04 9.999306943863870423e-01 -1.174216872472099923e-02 -1.635240000000000027e-01 1.840842744423983393e-02 1.172447886664189018e-02 9.997618048286981418e-01 7.587749999999999773e+00
9.998260326922429053e-01 -3.380924569795986539e-04 -1.864912985585340938e-02 -7.683139999999999414e-02 3.150952158594880442e-04 9.999991864125493679e-01 -1.236078170772421424e-03 -1.789560000000000040e-01 1.864953259186116763e-02 1.229986881983353075e-03 9.998253257776457126e-01 8.254310000000000258e+00
9.998012762671950604e-01 4.191743474218416433e-04 -1.993068657508870190e-02 -9.028279999999999639e-02 -3.022787188409078139e-04 9.999827388676846285e-01 5.867758878843079735e-03 -1.880999999999999894e-01 1.993280216286946044e-02 -5.860568193491938645e-03 9.997841452725609868e-01 8.923209999999999198e+00
9.997713595678712206e-01 2.314169233429645006e-03 -2.125730953270931617e-02 -1.079999999999999988e-01 -2.197356142750439209e-03 9.999823675025518721e-01 5.516911271093250489e-03 -2.064219999999999944e-01 2.126970177958035363e-02 -5.468940002436165244e-03 9.997588161559054498e-01 9.597820000000000462e+00
9.997578539999946168e-01 5.112117668902099732e-03 -2.140326186039494608e-02 -1.251089999999999980e-01 -5.153535952165985701e-03 9.999849524150088431e-01 -1.880428340073097681e-03 -2.116879999999999873e-01 2.139332682205062272e-02 1.990275481363420595e-03 9.997691555409143893e-01 1.029039999999999999e+01
9.997203052442236171e-01 5.001212790474037460e-03 -2.311491191894561592e-02 -1.435470000000000079e-01 -5.194388385759913900e-03 9.999520238915022841e-01 -8.304712191658032011e-03 -2.121339999999999892e-01 2.307226932258935048e-02 8.422457237219429377e-03 9.996983207960254969e-01 1.099830000000000041e+01
9.997127594048274002e-01 3.330694560209407438e-03 -2.373405057996027731e-02 -1.556109999999999993e-01 -3.507088985608071505e-03 9.999665111751327995e-01 -7.394379965892077661e-03 -2.161480000000000068e-01 2.370862733336849895e-02 7.475493427162586274e-03 9.996909612415167956e-01 1.172910000000000075e+01
9.996895051461933690e-01 1.751318438668032209e-03 -2.485610959674339551e-02 -1.674499999999999877e-01 -1.701075305083048694e-03 9.999964675481215481e-01 2.042359930360623278e-03 -2.241650000000000031e-01 2.485959861633679421e-02 -1.999443673897167290e-03 9.996889529156703924e-01 1.248610000000000042e+01
9.997077982346043168e-01 9.188181191142303717e-04 -2.415520486734866468e-02 -2.019660000000000066e-01 -6.811894036117966669e-04 9.999513149671376278e-01 9.843966501804869360e-03 -2.216190000000000104e-01 2.416307368519171606e-02 -9.824635807816837693e-03 9.996597533167611571e-01 1.328810000000000002e+01
9.996909052521562034e-01 1.693925558434830917e-04 -2.486091837174357957e-02 -2.362329999999999985e-01 1.390108734004073484e-04 9.999230714416647015e-01 1.240289783254253965e-02 -2.237919999999999909e-01 2.486110681569806899e-02 -1.240252009994084921e-02 9.996139769246271678e-01 1.408169999999999966e+01
9.996905994561569031e-01 -2.012466846643407806e-03 -2.479224346808516291e-02 -2.581339999999999746e-01 2.296849636005205645e-03 9.999318372384010667e-01 1.144750447850881488e-02 -2.228249999999999953e-01 2.476751583706434182e-02 -1.150090666978294089e-02 9.996270801178975818e-01 1.489109999999999978e+01
9.997105984134410095e-01 -2.269486417101294722e-03 -2.394929751040978869e-02 -2.742419999999999858e-01 2.484639438252603770e-03 9.999567916312701588e-01 8.957758500788632477e-03 -2.224049999999999916e-01 2.392793318908692166e-02 -9.014671480379300716e-03 9.996730414047382274e-01 1.572220000000000084e+01
9.997241050184941802e-01 7.619520961072048890e-05 -2.348846608999391461e-02 -3.061220000000000052e-01 5.214827111478226556e-05 9.999850739101420194e-01 5.463445569028890780e-03 -2.117310000000000025e-01 2.348853178741875519e-02 -5.463163114712397614e-03 9.997091790732209882e-01 1.655610000000000070e+01
9.997594614330151952e-01 -2.236673718924182559e-03 -2.181780387304199653e-02 -3.252720000000000056e-01 2.242896177033835373e-03 9.999974507138467139e-01 2.607346290110980238e-04 -2.203299999999999981e-01 2.181716507492436480e-02 -3.096069811751922854e-04 9.997619293869970392e-01 1.741789999999999949e+01
9.997525564097944351e-01 -5.046311603168446118e-03 -2.166473381522659655e-02 -3.428249999999999909e-01 4.915582746227892784e-03 9.999694154116355316e-01 -6.083197150913719278e-03 -2.326439999999999897e-01 2.169476891662784970e-02 5.975197111027020710e-03 9.997467849516389338e-01 1.827819999999999823e+01
9.997990485514431924e-01 -3.973850571369670452e-03 -1.964869021755384984e-02 -3.708580000000000210e-01 3.753761119919553444e-03 9.999299468184630335e-01 -1.122545023953681019e-02 -2.481490000000000085e-01 1.969192202613933781e-02 1.114943797965447549e-02 9.997439263329657155e-01 1.918639999999999901e+01
9.998000085730598396e-01 -2.363982281191045424e-03 -1.985835957685459438e-02 -3.944449999999999901e-01 2.113064969413454026e-03 9.999177927710881653e-01 -1.264684372601574368e-02 -2.524259999999999837e-01 1.988662399062434208e-02 1.260235246172082026e-02 9.997228130330356732e-01 2.008670000000000044e+01
9.997959379744894015e-01 -2.798947041777991203e-03 -2.000620666614125881e-02 -4.165519999999999778e-01 2.559564447380404707e-03 9.999249490315093025e-01 -1.198102392007010381e-02 -2.699090000000000100e-01 2.003823943241368755e-02 1.192737187275168254e-02 9.997280664063895594e-01 2.101689999999999969e+01
9.998238938584970148e-01 -2.015475587300883352e-03 -1.865795079289139097e-02 -4.430490000000000261e-01 1.776133214040030977e-03 9.999160428686367785e-01 -1.283559756040160253e-02 -2.905309999999999837e-01 1.868225415839711023e-02 1.280019812673217731e-02 9.997435312656328676e-01 2.198019999999999996e+01
9.998248038746515576e-01 9.145404395872558465e-04 -1.869559233613345139e-02 -4.818160000000000220e-01 -1.196686311165885567e-03 9.998854843292794836e-01 -1.508595934884548323e-02 -3.117429999999999923e-01 1.867965467794307360e-02 1.510568910664818881e-02 9.997114026846578572e-01 2.293280000000000030e+01
9.998437176162102702e-01 5.577418827358868701e-03 -1.677595727880390117e-02 -5.149380000000000068e-01 -5.836433013032241331e-03 9.998639088915149964e-01 -1.543048106393508229e-02 -3.304659999999999820e-01 1.668761196458073623e-02 1.552598130245861838e-02 9.997402000077396655e-01 2.393519999999999825e+01
9.998540598227498855e-01 6.576399887966583209e-03 -1.576737202194749762e-02 -5.623789999999999623e-01 -6.810775811956882621e-03 9.998664282496378952e-01 -1.485728750987346490e-02 -3.495699999999999918e-01 1.566755848255249259e-02 1.496250727068602383e-02 9.997652979511593152e-01 2.492610000000000170e+01
9.998512652011967150e-01 7.710660899214930204e-03 -1.542702771318614843e-02 -5.781039999999999512e-01 -7.939048499192566388e-03 9.998589806287364601e-01 -1.479832304659177075e-02 -3.788199999999999901e-01 1.531074735254826444e-02 1.491859794220418492e-02 9.997714821152607900e-01 2.593009999999999948e+01
9.998465887078520353e-01 7.664211377454507521e-03 -1.574988613397601198e-02 -5.918670000000000320e-01 -7.893416794948492771e-03 9.998630945083127886e-01 -1.454256550826339700e-02 -3.985219999999999874e-01 1.563627259204501338e-02 1.466465493022607938e-02 9.997702010338199718e-01 2.690190000000000126e+01
9.998364396447502189e-01 8.089422723584658095e-03 -1.617575959604371227e-02 -6.125749999999999806e-01 -8.309044697270026245e-03 9.998735834773944120e-01 -1.355643169469042744e-02 -4.248750000000000027e-01 1.606405100616332265e-02 1.368861950940234579e-02 9.997772591738612880e-01 2.790230000000000032e+01
9.998289410134095778e-01 8.454064422832285527e-03 -1.645045612554762310e-02 -6.228280000000000483e-01 -8.647027088514483775e-03 9.998942297355237763e-01 -1.169436890704535562e-02 -4.497570000000000179e-01 1.634985120832794375e-02 1.183461601988733056e-02 9.997962913659599327e-01 2.893149999999999977e+01
9.998189988442020004e-01 8.573213544670655467e-03 -1.698439164924794506e-02 -6.447009999999999685e-01 -8.752395932284624119e-03 9.999065291960502755e-01 -1.050373440985599184e-02 -4.693559999999999954e-01 1.689275334639369144e-02 1.065048734217081787e-02 9.998005811179307978e-01 2.992539999999999978e+01
9.998173714423321812e-01 8.651779084803603442e-03 -1.704026058525325363e-02 -6.583299999999999708e-01 -8.844465405322538692e-03 9.998974323926423935e-01 -1.126499561895516997e-02 -4.977519999999999722e-01 1.694105055300979337e-02 1.141365030429710055e-02 9.997913429275588904e-01 3.096659999999999968e+01
9.997898540632845776e-01 1.081290544866704735e-02 -1.741633680985211693e-02 -6.734630000000000338e-01 -1.102453807059154862e-02 9.998659969401189063e-01 -1.210155871250162378e-02 -5.242649999999999810e-01 1.728314995728790285e-02 1.229102268732072852e-02 9.997750864513745839e-01 3.197279999999999944e+01
9.997909947349933324e-01 1.074435544954550729e-02 -1.739326515598594095e-02 -6.955019999999999536e-01 -1.094629804688032094e-02 9.998732977113946596e-01 -1.155712260078716261e-02 -5.460289999999999866e-01 1.726688755628752805e-02 1.174509896572110967e-02 9.997819298449056591e-01 3.301460000000000150e+01
9.997987903907383789e-01 9.623840837132902754e-03 -1.760001195334635546e-02 -7.124589999999999534e-01 -9.776962413038516736e-03 9.999149217266747325e-01 -8.634831458225663073e-03 -5.689089999999999980e-01 1.751541433110942805e-02 8.805168702498809494e-03 9.998078211661129977e-01 3.408089999999999975e+01
9.997849150260463835e-01 9.687709732729884657e-03 -1.833771977361482730e-02 -7.329769999999999897e-01 -9.787680694058517247e-03 9.999376814483268427e-01 -5.369778987611218898e-03 -5.876029999999999864e-01 1.828455613331665675e-02 5.548107774638797590e-03 9.998174300876778720e-01 3.513100000000000023e+01
9.997843221006960102e-01 9.283134865745328035e-03 -1.857774713780051962e-02 -7.499430000000000263e-01 -9.337561114653631505e-03 9.999523566860375468e-01 -2.845050169936434292e-03 -6.066270000000000273e-01 1.855045104793359018e-02 3.017907404764162086e-03 9.998233709014879844e-01 3.621430000000000149e+01
9.997796913622843951e-01 9.310572896900608936e-03 -1.881175089849195653e-02 -7.764579999999999815e-01 -9.354630564066029191e-03 9.999537009800640863e-01 -2.255389829401073434e-03 -6.214169999999999972e-01 1.878988096144450920e-02 2.430869927458870119e-03 9.998204995122127459e-01 3.728589999999999804e+01
9.997822392346324971e-01 9.488083908094944313e-03 -1.858629534729435567e-02 -7.967440000000000078e-01 -9.556883510727441633e-03 9.999477927712936420e-01 -3.616311571258450357e-03 -6.396129999999999871e-01 1.855101314069643875e-02 3.793151140012953736e-03 9.998207198872619550e-01 3.837230000000000274e+01
9.997475963496686990e-01 1.035659506385118965e-02 -1.993701411303372417e-02 -8.160450000000000204e-01 -1.044063934386208099e-02 9.999370237119796778e-01 -4.116024795744685667e-03 -6.575490000000000501e-01 1.989313055180837869e-02 4.323141070009059277e-03 9.997927654309853862e-01 3.944080000000000297e+01
9.997347235400677601e-01 9.873704658399486481e-03 -2.080847194253167623e-02 -8.336750000000000549e-01 -9.942000866822202007e-03 9.999455166752952984e-01 -3.181241855138810040e-03 -6.757030000000000536e-01 2.077592758527364511e-02 3.387275792651185495e-03 9.997784190487790656e-01 4.052360000000000184e+01
9.997411012375480022e-01 9.366755696046160859e-03 -2.073630594067675526e-02 -8.487620000000000164e-01 -9.388190390242278846e-03 9.999554913682826562e-01 -9.365701324837363969e-04 -6.954099999999999726e-01 2.072661037244927229e-02 1.131004043796872286e-03 9.997845410148736844e-01 4.161129999999999995e+01
9.997149973289680691e-01 9.839989993197781337e-03 -2.175083245476493871e-02 -8.727540000000000298e-01 -9.811636344903597318e-03 9.999508707763110626e-01 1.409902809650180871e-03 -7.135169999999999568e-01 2.176363728279018944e-02 -1.196089725338454670e-03 9.997624285106897490e-01 4.269129999999999825e+01
9.997136346876838164e-01 9.874607062480354747e-03 -2.179772361743324491e-02 -8.942170000000000396e-01 -9.841377852941101539e-03 9.999502420224060106e-01 1.631184013927632201e-03 -7.324610000000000287e-01 2.181274630797402567e-02 -1.416197264954899932e-03 9.997610706982997808e-01 4.377600000000000335e+01
9.996590986606106455e-01 1.335473759481525975e-02 -2.243518328048578481e-02 -9.085429999999999895e-01 -1.341810754023968315e-02 9.999063912205529148e-01 -2.676412959380687281e-03 -7.534450000000000314e-01 2.239734035759433778e-02 2.976538268560621585e-03 9.997447170977408204e-01 4.482999999999999829e+01
9.996542511782999796e-01 1.458384113476872065e-02 -2.187897801334146367e-02 -9.397750000000000270e-01 -1.472146795046908041e-02 9.998727657109036659e-01 -6.142537831516414748e-03 -7.748159999999999492e-01 2.178661246122863895e-02 6.462504729911344031e-03 9.997417564301693815e-01 4.591969999999999885e+01
9.996040723305804621e-01 1.705950356936172807e-02 -2.237569927592434130e-02 -9.672749999999999959e-01 -1.721171124950259673e-02 9.998299021754118998e-01 -6.627496644290018987e-03 -7.984440000000000426e-01 2.225883141549466968e-02 7.009996709932473161e-03 9.997276651019233462e-01 4.698769999999999669e+01
9.996573951717273587e-01 1.403089913847285590e-02 -2.209584005741550145e-02 -9.885549999999999615e-01 -1.412047939657049521e-02 9.998926821163420797e-01 -3.903371849908975327e-03 -8.163620000000000321e-01 2.203870096189686906e-02 4.214038390147305767e-03 9.997482370778947303e-01 4.807240000000000180e+01
9.996418441695106294e-01 1.527709047363762056e-02 -2.197257135703881495e-02 -1.008529999999999927e+00 -1.532574542591638549e-02 9.998804571757965443e-01 -2.047653549856216955e-03 -8.347520000000000495e-01 2.193866250526396375e-02 2.383666205769272711e-03 9.997564769597142575e-01 4.917479999999999762e+01
9.996715411061876111e-01 1.302290408518641876e-02 -2.207292168173227362e-02 -1.040319999999999911e+00 -1.304166757603329729e-02 9.999147043688971781e-01 -7.063240738550032038e-04 -8.537919999999999954e-01 2.206184056728027407e-02 9.939597824360020453e-04 9.997561138771469125e-01 5.024510000000000076e+01
9.996690941190150559e-01 1.412405836156122550e-02 -2.149914506827972638e-02 -1.059160000000000101e+00 -1.415423568133095632e-02 9.998990398040259464e-01 -1.252122703324722291e-03 -8.751830000000000442e-01 2.147928945624276442e-02 1.556012334802032732e-03 9.997680825821900763e-01 5.133370000000000033e+01
9.996848273294659526e-01 1.362237394783928114e-02 -2.108736435121615418e-02 -1.081599999999999895e+00 -1.368732195891777560e-02 9.999020058820182744e-01 -2.938681797875074882e-03 -8.973210000000000353e-01 2.104526609118163513e-02 3.226385150825089847e-03 9.997733179146209848e-01 5.241389999999999816e+01
9.996783323596384330e-01 1.417621851287512863e-02 -2.103013645527793130e-02 -1.099750000000000005e+00 -1.429392981074123145e-02 9.998829425563590112e-01 -5.457541149867164466e-03 -9.144250000000000433e-01 2.095030742538152996e-02 5.756388929885363458e-03 9.997639464419938449e-01 5.348680000000000234e+01
9.997180229943496421e-01 1.261610306698792046e-02 -2.011736671814215102e-02 -1.116589999999999971e+00 -1.277589475746782575e-02 9.998876936019579498e-01 -7.834328082429288867e-03 -9.408830000000000249e-01 2.001626871859942328e-02 8.089136342043693959e-03 9.997669302691626347e-01 5.456620000000000203e+01
9.997173173362061682e-01 1.190536909428832960e-02 -2.058027222434058792e-02 -1.136759999999999993e+00 -1.213620309744391917e-02 9.998644308840752837e-01 -1.112800194293206424e-02 -9.715500000000000247e-01 2.044499920461708212e-02 1.137462261321541337e-02 9.997262725205985356e-01 5.563839999999999719e+01
9.997433358748101240e-01 1.125653414786166595e-02 -1.966094638832870112e-02 -1.145669999999999966e+00 -1.150841812706741851e-02 9.998525424592709099e-01 -1.274557373932852337e-02 -1.005100000000000104e+00 1.951457624749503017e-02 1.296856879960541810e-02 9.997254610827768229e-01 5.671490000000000009e+01
9.997525039454687734e-01 9.586510572405500946e-03 -2.007559886555529069e-02 -1.163689999999999891e+00 -9.800211580623854196e-03 9.998960717797560349e-01 -1.057362248181413847e-02 -1.033860000000000001e+00 1.997214830058432686e-02 1.076775066845796214e-02 9.997425512789787083e-01 5.780720000000000169e+01
9.997851178786572035e-01 7.584202797991400347e-03 -1.929243209858619301e-02 -1.174970000000000070e+00 -7.679573758203592226e-03 9.999586324757114841e-01 -4.874164974377039397e-03 -1.055919999999999970e+00 1.925466736279622670e-02 5.021275258743797612e-03 9.998020026882943334e-01 5.888530000000000086e+01
9.997986204974006474e-01 5.261992425194388437e-03 -1.936568840015688228e-02 -1.191249999999999920e+00 -5.249553609456133682e-03 9.999859808070775680e-01 6.930917749312917250e-04 -1.073949999999999960e+00 1.936906395250477878e-02 -5.912909810137539132e-04 9.998122272389848852e-01 5.998129999999999740e+01
9.998131554419759093e-01 2.891053820073174498e-03 -1.911271861794307594e-02 -1.204769999999999897e+00 -2.853313890398246136e-03 9.999939261348211872e-01 2.001572708795173235e-03 -1.092449999999999921e+00 1.911838918429291032e-02 -1.946664140311195248e-03 9.998153317956884889e-01 6.106320000000000192e+01
9.998282673852600944e-01 1.119303370603921995e-03 -1.849818632605590776e-02 -1.218679999999999986e+00 -1.141094941825860406e-03 9.999986673926755110e-01 -1.167525248967864323e-03 -1.112370000000000081e+00 1.849685486029088374e-02 1.188432933653698958e-03 9.998282122382022852e-01 6.215339999999999776e+01
9.998209263526879331e-01 -7.185788323329593812e-04 -1.891028481315453619e-02 -1.235049999999999981e+00 6.369571895818390041e-04 9.999904575758854497e-01 -4.321925810308772237e-03 -1.131119999999999903e+00 1.891321000759892124e-02 4.309106825421729278e-03 9.998118433413236694e-01 6.323819999999999908e+01
9.998225018182672619e-01 2.070235390981535473e-03 -1.872642473316579043e-02 -1.251840000000000064e+00 -2.222020585404391527e-03 9.999648209662334031e-01 -8.088229378971948172e-03 -1.152859999999999996e+00 1.870902141692704773e-02 8.128404234211862242e-03 9.997919291343706494e-01 6.432779999999999632e+01
9.998239487451952012e-01 1.568389285729230535e-03 -1.869790551409088869e-02 -1.270440000000000014e+00 -1.799857222507254134e-03 9.999218816568966606e-01 -1.236895701786406947e-02 -1.185890000000000111e+00 1.867704552503016147e-02 1.240043300774574218e-02 9.997486670317077273e-01 6.540389999999999304e+01
9.998221878688811071e-01 5.678659480259415533e-03 -1.798180946375989644e-02 -1.293989999999999974e+00 -5.911865576819701033e-03 9.998987654996756014e-01 -1.294251125656835713e-02 -1.212069999999999981e+00 1.790649297001842624e-02 1.304651596143752840e-02 9.997545428407828005e-01 6.649909999999999854e+01
9.998214444238355814e-01 8.387415879620765610e-03 -1.693311917803328598e-02 -1.316219999999999946e+00 -8.554263967478886385e-03 9.999153388009364152e-01 -9.805090442376516308e-03 -1.233859999999999957e+00 1.684944622858228214e-02 9.948190060044909133e-03 9.998085465109404213e-01 6.759990000000000521e+01
9.998116397952944157e-01 9.297284089725396661e-03 -1.703659116136631291e-02 -1.333360000000000101e+00 -9.429220147399716007e-03 9.999260480389743355e-01 -7.680381538092639036e-03 -1.265069999999999917e+00 1.696392458296360622e-02 7.839576628475673423e-03 9.998253679023301199e-01 6.868410000000000082e+01
9.998109774992547383e-01 9.621655545482405564e-03 -1.689476299178824942e-02 -1.345429999999999904e+00 -9.735719377096038740e-03 9.999302794748381462e-01 -6.682212027647309663e-03 -1.290079999999999893e+00 1.682929113762807877e-02 6.845431610649932441e-03 9.998349438911748877e-01 6.977819999999999823e+01
9.998224825224277801e-01 8.459343701521487846e-03 -1.683576392175478720e-02 -1.360540000000000083e+00 -8.559388893205299026e-03 9.999460841248318799e-01 -5.879260598863752726e-03 -1.318119999999999958e+00 1.678512152069221858e-02 6.022320778072748002e-03 9.998409830307924961e-01 7.087409999999999854e+01
9.998278477211682835e-01 7.640203494802196536e-03 -1.690864310978958118e-02 -1.378500000000000059e+00 -7.715903930254165884e-03 9.999604796677548091e-01 -4.416325301965312589e-03 -1.339990000000000014e+00 1.687423325058980822e-02 4.546030487326607403e-03 9.998472852686118850e-01 7.196970000000000312e+01
9.998318214688052263e-01 5.357633137524205232e-03 -1.753922876111893223e-02 -1.395739999999999981e+00 -5.402067438386541458e-03 9.999823160259893040e-01 -2.487026877544055905e-03 -1.363629999999999898e+00 1.752559402024031140e-02 2.581356709601601799e-03 9.998430827643783880e-01 7.304980000000000473e+01
9.998266036783839406e-01 3.952561237387810199e-03 -1.819724805052701233e-02 -1.407419999999999893e+00 -3.968611051089285073e-03 9.999917672019593695e-01 -8.459637269854334727e-04 -1.384470000000000089e+00 1.819375451282340128e-02 9.180348396996880099e-04 9.998340584860870850e-01 7.413479999999999848e+01
9.998235626420036715e-01 3.454915778421307690e-03 -1.846367089219973223e-02 -1.423710000000000031e+00 -3.486412206560765385e-03 9.999925213944065305e-01 -1.673943004820806733e-03 -1.408169999999999922e+00 1.845774947758779122e-02 1.738019626316085302e-03 9.998281306164581439e-01 7.523000000000000398e+01
9.998082023277984343e-01 3.884967841767208042e-03 -1.919545735127437674e-02 -1.444290000000000074e+00 -3.991825246386334139e-03 9.999767329279920514e-01 -5.531630307756501760e-03 -1.435170000000000057e+00 1.917352052332777640e-02 5.607194265210743364e-03 9.998004478310728027e-01 7.630029999999999291e+01
9.997863685771507525e-01 5.597260526966138863e-03 -1.989693146962765932e-02 -1.460990000000000011e+00 -5.750530788863965695e-03 9.999541700288364643e-01 -7.654360690958297332e-03 -1.459959999999999924e+00 1.985317614287749818e-02 7.767143396012895877e-03 9.997727356157026790e-01 7.738890000000000668e+01
9.997660840055885290e-01 6.226012802370489013e-03 -2.071265402393789035e-02 -1.485899999999999999e+00 -6.356103883991961329e-03 9.999604496377968443e-01 -6.220860357797020242e-03 -1.481610000000000094e+00 2.067310367473965127e-02 6.351056979749664967e-03 9.997661160790025647e-01 7.845159999999999911e+01
9.997493674139359410e-01 7.930480663953281412e-03 -2.093585039766807099e-02 -1.505630000000000024e+00 -7.975629492318867669e-03 9.999660435295917305e-01 -2.073914650119244082e-03 -1.507030000000000092e+00 2.091869235005210798e-02 2.240371445405625692e-03 9.997786700295973050e-01 7.952469999999999573e+01
9.997418969434820335e-01 8.566114465049647769e-03 -2.104189104666588650e-02 -1.525570000000000093e+00 -8.521091390330373661e-03 9.999612118249217030e-01 2.228418082784783174e-03 -1.522210000000000063e+00 2.106016375448511307e-02 -2.048543044632402266e-03 9.997761114239670510e-01 8.060899999999999466e+01
9.997166089135989253e-01 9.347520629092161831e-03 -2.189350863573599412e-02 -1.545800000000000063e+00 -9.283941421394045074e-03 9.999523914762499244e-01 3.003866277440305974e-03 -1.543339999999999934e+00 2.192054502010554531e-02 -2.799756956829581311e-03 9.997557957156358865e-01 8.167180000000000462e+01
9.996887046714395542e-01 1.045734175248510742e-02 -2.265254413550230050e-02 -1.569339999999999957e+00 -1.043699138441599519e-02 9.999450165446294170e-01 1.016414483513936994e-03 -1.563800000000000079e+00 2.266192761396907535e-02 -7.796736704559974022e-04 9.997428815179364436e-01 8.272929999999999495e+01
9.996701098861071610e-01 9.787196767772267381e-03 -2.374620348028873631e-02 -1.591820000000000013e+00 -9.789979067176782235e-03 9.999520770062073627e-01 -9.144141715959028553e-07 -1.580799999999999983e+00 2.374505654157533022e-02 2.333889475123478879e-04 9.997180191531191973e-01 8.377819999999999823e+01
9.996727972958434627e-01 9.639322886452583727e-03 -2.369349701910212005e-02 -1.608170000000000099e+00 -9.642423356973617993e-03 9.999535106173105259e-01 -1.661087403975058810e-05 -1.599990000000000023e+00 2.369223540547365017e-02 2.450681679822214816e-04 9.997192695567513887e-01 8.483689999999999998e+01
9.996692493774755883e-01 8.129947170843632859e-03 -2.439868455621872073e-02 -1.629070000000000018e+00 -8.123313439930023028e-03 9.999669365252373820e-01 3.709920330690529228e-04 -1.624800000000000022e+00 2.440089399655730878e-02 -1.726711650510190767e-04 9.997022389475966886e-01 8.586050000000000182e+01
9.996563409179310966e-01 7.493741707803766063e-03 -2.512058713067399224e-02 -1.648320000000000007e+00 -7.445081873106413652e-03 9.999702244456675215e-01 2.030019207797443409e-03 -1.645929999999999893e+00 2.513505159087213447e-02 -1.842296745371538140e-03 9.996823671167888170e-01 8.687789999999999679e+01
9.996515134989444329e-01 7.025969346522728878e-03 -2.544577202624168089e-02 -1.668039999999999967e+00 -6.919740971086356038e-03 9.999669827665573774e-01 4.260347596202809610e-03 -1.660439999999999916e+00 2.547486494886301578e-02 -4.082784771344821241e-03 9.996671256595107691e-01 8.787179999999999325e+01
9.996326649169600120e-01 6.030979252472232904e-03 -2.642276518975635383e-02 -1.689389999999999947e+00 -5.886166422305794468e-03 9.999672471767695470e-01 5.554963416830543607e-03 -1.680050000000000043e+00 2.645540163871398440e-02 -5.397394090638123546e-03 9.996354234725601806e-01 8.885710000000000264e+01
9.995838946963860883e-01 4.642462399186240464e-03 -2.846901836165578736e-02 -1.711240000000000094e+00 -4.483793489398319419e-03 9.999740725605705816e-01 5.634696315787585987e-03 -1.698669999999999902e+00 2.849443909868347447e-02 -5.504702489586780177e-03 9.995787938881820489e-01 8.982840000000000202e+01
9.994833988845166495e-01 4.550985453517473155e-03 -3.181546613922367484e-02 -1.742140000000000022e+00 -4.395550947640305441e-03 9.999780695710216438e-01 4.953736860146430027e-03 -1.719950000000000090e+00 3.183731279679417880e-02 -4.811331251820784999e-03 9.994814838732453133e-01 9.075509999999999877e+01
9.993711409379308908e-01 4.312588714841521925e-03 -3.519551447265618915e-02 -1.770420000000000105e+00 -4.165456104363127188e-03 9.999822816360736111e-01 4.252692012706481457e-03 -1.734869999999999912e+00 3.521323097730387486e-02 -4.103412298189774814e-03 9.993713976153461021e-01 9.166589999999999350e+01
9.992737656674528512e-01 3.899473979810116377e-03 -3.790429199271816429e-02 -1.801069999999999949e+00 -3.741683764299123978e-03 9.999840410253343359e-01 4.232906477887258233e-03 -1.750739999999999963e+00 3.792019318775202708e-02 -4.088006521930149205e-03 9.992724088812220407e-01 9.255089999999999861e+01
9.991351748756650553e-01 5.326448005915619677e-03 -4.123749844273460335e-02 -1.839040000000000008e+00 -5.107501234340460633e-03 9.999723063391305899e-01 5.412946142464202838e-03 -1.768049999999999899e+00 4.126518820162428797e-02 -5.197644316446147460e-03 9.991347100047341945e-01 9.340959999999999752e+01
9.990026133876316328e-01 6.234345463038074540e-03 -4.421437980261449380e-02 -1.876989999999999936e+00 -5.950037935028364665e-03 9.999607881915856256e-01 6.558896845866370694e-03 -1.783709999999999907e+00 4.425353650561807822e-02 -6.289277852861089278e-03 9.990005352805551020e-01 9.425060000000000571e+01
9.988623809406340648e-01 6.655831215660559796e-03 -4.721910473988483875e-02 -1.912940000000000085e+00 -6.283744239774737353e-03 9.999480630132069336e-01 8.024078418394637105e-03 -1.799209999999999976e+00 4.727005923347964850e-02 -7.718237296435453629e-03 9.988523265794093664e-01 9.507330000000000325e+01
9.987035331923791448e-01 8.313497313556603846e-03 -5.022089755745046125e-02 -1.954050000000000065e+00 -7.874623813481161638e-03 9.999291164919827946e-01 8.930413840286076724e-03 -1.812710000000000043e+00 5.029158069552598642e-02 -8.523365179323531479e-03 9.986982072463960192e-01 9.586639999999999873e+01
9.985735849756830484e-01 1.019217482554458237e-02 -5.241101946287479718e-02 -1.998720000000000052e+00 -9.712432779583887038e-03 9.999086499071694334e-01 9.400026081016839632e-03 -1.822540000000000049e+00 5.250203842056391790e-02 -8.877579239143272918e-03 9.985813559988682142e-01 9.661190000000000566e+01
9.983841053918589559e-01 1.177824497873535513e-02 -5.559182535335855518e-02 -2.037929999999999797e+00 -1.132733949898315738e-02 9.999003996511985903e-01 8.419154188409131920e-03 -1.839450000000000029e+00 5.568545124870768331e-02 -7.775842243405302681e-03 9.984180821663004579e-01 9.734480000000000643e+01
9.982434280111543989e-01 1.340219061292604631e-02 -5.770996204568155236e-02 -2.077100000000000168e+00 -1.314348441295005131e-02 9.999018091741932457e-01 4.860126300996191716e-03 -1.853250000000000064e+00 5.776943179593985872e-02 -4.093079152654255891e-03 9.983215611480222851e-01 9.804810000000000514e+01
9.980313800315189221e-01 1.621057147695669984e-02 -6.058532697586500176e-02 -2.124929999999999986e+00 -1.616710879564660711e-02 9.998685745860873553e-01 1.207538146667653037e-03 -1.867769999999999930e+00 6.059693940762787140e-02 -2.256713903207877231e-04 9.981622914170079630e-01 9.871169999999999334e+01
9.979088193035799970e-01 1.807321499511512636e-02 -6.205922377757689540e-02 -2.166529999999999845e+00 -1.820652014144057834e-02 9.998329941516871378e-01 -1.583170872565600566e-03 -1.880800000000000027e+00 6.202024653671039250e-02 2.709742683866378683e-03 9.980712130475024590e-01 9.934590000000000032e+01
9.977974595056050555e-01 1.944473809241647685e-02 -6.342028038945984880e-02 -2.209109999999999907e+00 -1.964774560393000094e-02 9.998036385596792419e-01 -2.578839954213809401e-03 -1.891809999999999992e+00 6.335768222436508057e-02 3.819225490008107318e-03 9.979835758266830670e-01 9.995289999999999964e+01
9.978074134493154501e-01 2.230688231476078351e-02 -6.231186618118852993e-02 -2.248029999999999973e+00 -2.247769622310613960e-02 9.997452602006452471e-01 -2.041538352765590904e-03 -1.910940000000000083e+00 6.225045251312390227e-02 3.437689302346206947e-03 9.980546395133744753e-01 1.005310000000000059e+02
9.978989019397385141e-01 2.525086711975478571e-02 -5.966720386581417235e-02 -2.277579999999999938e+00 -2.531856254896700659e-02 9.996793620900024102e-01 -3.786842745588367204e-04 -1.925070000000000059e+00 5.963851019197401182e-02 1.888576454962691969e-03 9.982182533800189050e-01 1.011029999999999944e+02
9.981127157258278260e-01 2.816050713006482131e-02 -5.457098628933154671e-02 -2.306280000000000108e+00 -2.814171161931286469e-02 9.996033239973024509e-01 1.112978292440364170e-03 -1.938050000000000050e+00 5.458068132176691067e-02 4.248431729242985221e-04 9.985092732342198962e-01 1.016410000000000053e+02
9.984715099181739051e-01 2.916446870572802358e-02 -4.694760533653003637e-02 -2.324450000000000127e+00 -2.905083485485655814e-02 9.995731250438569804e-01 3.101077924477413286e-03 -1.949619999999999909e+00 4.701800586964343526e-02 -1.732470828164362885e-03 9.988925396001673285e-01 1.021490000000000009e+02
9.988734443977513866e-01 2.901566340277829392e-02 -3.754907927325119160e-02 -2.338820000000000121e+00 -2.882104586253126516e-02 9.995682550638560482e-01 5.714086452606208753e-03 -1.957300000000000040e+00 3.769866565758129423e-02 -4.625445480671098140e-03 9.992784476119471737e-01 1.026500000000000057e+02
9.992755556621991664e-01 2.827447427939381447e-02 -2.547386818343705742e-02 -2.339939999999999909e+00 -2.810220379197239660e-02 9.995798716926181937e-01 7.095509072887882206e-03 -1.967370000000000063e+00 2.566378767909525613e-02 -6.374496936455423084e-03 9.996503067527011677e-01 1.031230000000000047e+02
9.995554840559999210e-01 2.721010854892445124e-02 -1.218377143298646041e-02 -2.339480000000000004e+00 -2.712268273118223494e-02 9.996055719756830049e-01 7.284267748457262832e-03 -1.976650000000000018e+00 1.237717152822636994e-02 -6.950573208256575868e-03 9.998992425024820774e-01 1.035690000000000026e+02
9.996388987924212932e-01 2.667353964506565325e-02 3.254889226768213108e-03 -2.325140000000000207e+00 -2.669418081271381429e-02 9.996226952325006909e-01 6.472085201021372976e-03 -1.984969999999999901e+00 -3.081027720349584741e-03 -6.556634724784436881e-03 9.999737585603295509e-01 1.040030000000000001e+02
9.994509269908607996e-01 2.582196457955333521e-02 2.076224174701031197e-02 -2.297520000000000007e+00 -2.590481564790183752e-02 9.996574498258610220e-01 3.731425184084694990e-03 -2.000609999999999999e+00 -2.065877690854966628e-02 -4.267218404123965768e-03 9.997774781338767403e-01 1.044170000000000016e+02
9.987907114238974149e-01 2.557176812956782688e-02 4.199046853837791471e-02 -2.261969999999999814e+00 -2.557434337881898598e-02 9.996728096971985167e-01 -4.759336624792448543e-04 -2.008290000000000131e+00 -4.198890012952403994e-02 -5.985205396997466537e-04 9.991178979675403582e-01 1.048220000000000027e+02
9.975086634089546100e-01 2.363325427620922153e-02 6.646755386199285076e-02 -2.215889999999999915e+00 -2.333616960150109582e-02 9.997139283015277211e-01 -5.242589842609216531e-03 -2.019670000000000076e+00 -6.657243883478250468e-02 3.678430676782107247e-03 9.977748140413974509e-01 1.052319999999999993e+02
9.953949726690273225e-01 2.127544499513134638e-02 9.346766192371366855e-02 -2.154729999999999812e+00 -2.062798279654807707e-02 9.997561037638339476e-01 -7.887921950897628862e-03 -2.027109999999999967e+00 -9.361268456235943836e-02 5.923548532533228286e-03 9.955910690950431352e-01 1.056170000000000044e+02
9.922094090121433840e-01 1.845578954564135524e-02 1.232066252277863594e-01 -2.079219999999999846e+00 -1.746173052550332658e-02 9.998057254717337416e-01 -9.143264241772121326e-03 -2.036319999999999908e+00 -1.233514354793972811e-01 6.920631921086294047e-03 9.923389180209475358e-01 1.060139999999999958e+02
9.877212465775599970e-01 1.598523747004772927e-02 1.554065997385478126e-01 -1.990580000000000016e+00 -1.448507912075077536e-02 9.998369648883416172e-01 -1.078082212703991571e-02 -2.045459999999999834e+00 -1.555535970080300645e-01 8.397370177351096837e-03 9.877917607633543984e-01 1.063769999999999953e+02
9.814614417216346309e-01 1.402345364151921618e-02 1.911459682066418142e-01 -1.883520000000000083e+00 -1.189701494748901696e-02 9.998539701499652432e-01 -1.226782012794286510e-02 -2.058850000000000069e+00 -1.912900923964165334e-01 9.766325988645815567e-03 9.814849562920737736e-01 1.067549999999999955e+02
9.732959632071228606e-01 1.054391410690824933e-02 2.293115650812774797e-01 -1.756520000000000081e+00 -7.869114247889835365e-03 9.998899570758164046e-01 -1.257580136116825432e-02 -2.069760000000000044e+00 -2.294189291354845062e-01 1.043549779493270664e-02 9.732718301379627013e-01 1.071020000000000039e+02
9.630465889808679236e-01 7.849520019523027747e-03 2.692204533236252084e-01 -1.624770000000000048e+00 -4.554163517508470066e-03 9.999069001894804742e-01 -1.286275818478094593e-02 -2.083480000000000221e+00 -2.692963554283105410e-01 1.116136142804548606e-02 9.629926775236152814e-01 1.074629999999999939e+02
9.506028330059403952e-01 8.711946833161877957e-03 3.102875373962938332e-01 -1.476939999999999920e+00 -4.724070374690703296e-03 9.998963378608023422e-01 -1.360134889087094741e-02 -2.101500000000000146e+00 -3.103738665547975395e-01 1.146366062531456280e-02 9.505454473326839793e-01 1.077830000000000013e+02
9.351987643959814855e-01 1.118187706718471591e-02 3.539466579832106774e-01 -1.313320000000000043e+00 -6.580606537191536175e-03 9.998775086823781244e-01 -1.420081859343350766e-02 -2.106829999999999981e+00 -3.540620943984715829e-01 1.095140431064908423e-02 9.351577942004186683e-01 1.081110000000000042e+02
9.169300876643733389e-01 1.020237311257883930e-02 3.989174424848785372e-01 -1.139199999999999990e+00 -5.679763277970751451e-03 9.999055213302538991e-01 -1.251753579500496268e-02 -2.116490000000000204e+00 -3.990074618662047823e-01 9.211948553088209965e-03 9.169014043935936886e-01 1.084380000000000024e+02
8.967259118941013352e-01 9.648984645614824829e-03 4.424811137585435428e-01 -9.443080000000000362e-01 -5.179553003391284584e-03 9.999226471180231446e-01 -1.130805072373067960e-02 -2.120649999999999924e+00 -4.425559977769791264e-01 7.848367715270160999e-03 8.967065249878738431e-01 1.087229999999999990e+02
8.733789680755915663e-01 8.063799431988694782e-03 4.869744893338209257e-01 -7.346589999999999510e-01 -2.894400267492544705e-03 9.999312069086286892e-01 -1.136678922760313987e-02 -2.132390000000000008e+00 -4.870326483617977154e-01 8.518015553746923624e-03 8.733422254996718870e-01 1.090199999999999960e+02
