1 0 0 0 0 1 0 0 0 0 1 0
0.999961 -0.00543648 -0.00702386 0.117698 0.00541518 0.999981 -0.00304795 0.0217256 0.00704029 0.00300979 0.999971 0.636735
0.999918 -0.0037433 -0.0122661 0.125674 0.0036794 0.99998 -0.00522816 0.0242553 0.0122854 0.0051826 0.999911 1.37791
0.999872 -0.00411952 -0.0154672 0.100709 0.00402261 0.999972 -0.00629096 0.0133587 0.0154927 0.00622794 0.999861 2.08929
0.999793 -0.002307 -0.0201972 0.0746645 0.00217616 0.999977 -0.00649759 0.000682132 0.0202117 0.0064523 0.999775 2.82959
0.999716 -0.00366635 -0.0235343 0.0415417 0.00350482 0.99997 -0.00690107 -0.012607 0.0235589 0.00681663 0.999699 3.57273
0.999582 -0.00180393 -0.0288521 0.0239083 0.00156876 0.999965 -0.00817147 -0.0195925 0.0288658 0.00812279 0.99955 4.36936
0.999408 0.000944262 -0.0343771 0.000968561 -0.0012537 0.999959 -0.00898073 -0.0279394 0.0343673 0.00901851 0.999369 5.18383
0.99928 0.00169076 -0.0379073 -0.048141 -0.00197868 0.999969 -0.00755907 -0.0380463 0.0378934 0.00762863 0.999253 5.97171
0.999144 0.000973731 -0.0413514 -0.100629 -0.00118711 0.999986 -0.00513585 -0.0437097 0.0413458 0.00518055 0.999131 6.80433
0.998988 0.000464863 -0.0449787 -0.136672 -0.000581219 0.999997 -0.00257387 -0.0534207 0.0449773 0.0025974 0.998985 7.6369
0.998862 0.00232473 -0.0476429 -0.185127 -0.00247554 0.999992 -0.00310673 -0.0634193 0.0476353 0.00322114 0.99886 8.48185
0.998778 0.00198092 -0.0493794 -0.233632 -0.00215959 0.999991 -0.00356521 -0.0741964 0.0493719 0.00366749 0.998774 9.3257
0.998708 -0.000896432 -0.050804 -0.280674 0.000674495 0.99999 -0.00438547 -0.0775559 0.0508074 0.00434553 0.998699 10.1836
0.998613 -0.00104757 -0.0526451 -0.332001 0.000834935 0.999991 -0.00406088 -0.0815905 0.0526489 0.00401129 0.998605 11.0389
0.998566 -0.00226071 -0.0534879 -0.385815 0.001991 0.999985 -0.00509509 -0.0870865 0.0534987 0.00498129 0.998555 11.9016
0.998495 5.40227e-05 -0.0548322 -0.432609 -0.000465025 0.999972 -0.00748287 -0.09744 0.0548303 0.00749711 0.998467 12.7435
0.99842 0.000229467 -0.0561887 -0.495827 -0.000810252 0.999947 -0.0103137 -0.105823 0.0561833 0.010343 0.998367 13.6466
0.998275 0.00293632 -0.0586389 -0.537415 -0.00361056 0.999929 -0.0113954 -0.126717 0.0586013 0.0115875 0.998214 14.5313
0.998183 0.00361997 -0.0601493 -0.591798 -0.00428397 0.999931 -0.010914 -0.143352 0.0601057 0.0111518 0.99813 15.4563
0.998114 0.00204053 -0.0613432 -0.62871 -0.00262039 0.999953 -0.00937373 -0.164875 0.0613211 0.0095168 0.998073 16.3496
0.998023 0.00241522 -0.0628017 -0.686357 -0.00290103 0.999967 -0.00764562 -0.181344 0.0627812 0.00781269 0.997997 17.2808
0.997965 0.00149115 -0.0637395 -0.744675 -0.00196695 0.999971 -0.00740258 -0.197759 0.0637266 0.00751289 0.997939 18.2117
0.997874 -0.000184378 -0.0651728 -0.797211 -0.000331065 0.999969 -0.00789796 -0.21553 0.0651722 0.00790274 0.997843 19.1141
0.997856 -0.000983348 -0.065435 -0.894917 0.000379864 0.999957 -0.00923443 -0.221559 0.0654413 0.00918977 0.997814 20.0974
0.997848 0.000314642 -0.06556 -0.961044 -0.000856578 0.999966 -0.0082383 -0.231744 0.0655552 0.00827673 0.997814 21.038
0.997865 0.000511572 -0.0652951 -1.01889 -0.000817686 0.999989 -0.00466149 -0.246105 0.065292 0.00470493 0.997855 21.9703
0.997936 0.000944795 -0.0642112 -1.09643 -0.00102923 0.999999 -0.00128183 -0.255147 0.0642099 0.00134527 0.997935 22.9509
0.998073 0.000217435 -0.0620463 -1.15987 -0.000106524 0.999998 0.00179087 -0.269496 0.0620466 -0.00178081 0.998071 23.9094
0.998212 0.000416797 -0.0597649 -1.22083 -0.000248479 0.999996 0.00282376 -0.283167 0.0597659 -0.00280387 0.998208 24.8679
0.998311 0.000564438 -0.0580816 -1.28233 -0.000584339 1 -0.000325633 -0.290399 0.0580814 0.000359017 0.998311 25.8428
0.998393 0.00182798 -0.056632 -1.36729 -0.00216128 0.999981 -0.0058247 -0.293457 0.0566203 0.00593774 0.998378 26.868
0.998479 0.000177497 -0.0551283 -1.41696 -0.00063499 0.999966 -0.00828128 -0.30938 0.0551249 0.00830369 0.998445 27.8194
0.998566 -0.00297016 -0.0534542 -1.46488 0.0025824 0.99997 -0.00732173 -0.324284 0.0534743 0.00717318 0.998543 28.7712
0.998548 -0.00588407 -0.0535317 -1.50561 0.00576405 0.999981 -0.00239622 -0.335938 0.0535448 0.00208418 0.998563 29.7469
0.998489 -0.0111536 -0.0538013 -1.56104 0.0112221 0.999937 0.000971789 -0.346768 0.053787 -0.00157409 0.998551 30.7544
0.998363 -0.0184535 -0.0541288 -1.61612 0.018486 0.999829 9.93541e-05 -0.359592 0.0541177 -0.00109982 0.998534 31.7633
0.99824 -0.0214288 -0.055287 -1.66731 0.0212767 0.999768 -0.00333952 -0.374803 0.0553457 0.00215732 0.998465 32.7659
0.998175 -0.0215228 -0.0564205 -1.72473 0.0211738 0.999753 -0.00677675 -0.391587 0.0565524 0.00556974 0.998384 33.7743
0.998089 -0.0205337 -0.0582832 -1.78544 0.0201338 0.99977 -0.00744077 -0.406751 0.0584225 0.00625308 0.998272 34.7872
0.997994 -0.0214099 -0.0595675 -1.8424 0.0210772 0.999759 -0.00620836 -0.414413 0.059686 0.00494039 0.998205 35.8331
0.997959 -0.0192364 -0.0608896 -1.90328 0.0190113 0.99981 -0.00427386 -0.413411 0.0609602 0.00310754 0.998135 36.849
0.997893 -0.019226 -0.0619575 -1.96833 0.0190435 0.999813 -0.00353558 -0.422467 0.0620138 0.00234824 0.998072 37.873
0.997866 -0.0172134 -0.06298 -2.03542 0.0171445 0.999852 -0.00163471 -0.430408 0.0629988 0.000551456 0.998013 38.899
0.997885 -0.0165012 -0.0628689 -2.08959 0.0165878 0.999862 0.000855168 -0.441455 0.0628461 -0.00189622 0.998021 39.9021
0.997922 -0.010712 -0.0635313 -2.17018 0.0109158 0.999936 0.00286275 -0.447486 0.0634966 -0.0035503 0.997975 40.9413
0.997959 -0.0113241 -0.0628436 -2.24981 0.0114717 0.999932 0.00198791 -0.454536 0.0628168 -0.00270478 0.998021 41.9802
0.997994 -0.011139 -0.0623179 -2.33631 0.0111678 0.999938 0.000113396 -0.465368 0.0623127 -0.000809122 0.998056 43.0362
0.998027 -0.00881504 -0.0621634 -2.39393 0.00869605 0.99996 -0.00218469 -0.473308 0.0621801 0.0016398 0.998063 44.0377
0.997976 -0.00998689 -0.062801 -2.45522 0.00985831 0.999949 -0.00235713 -0.483604 0.0628213 0.00173325 0.998023 45.0533
0.997973 -0.0122397 -0.0624535 -2.56829 0.0121963 0.999925 -0.00107696 -0.505296 0.062462 0.000313072 0.998047 46.114
0.997942 -0.0120466 -0.0629789 -2.62801 0.0120953 0.999927 0.000391396 -0.531176 0.0629695 -0.00115234 0.998014 47.1002
0.997969 -0.00953005 -0.062983 -2.71673 0.00938019 0.999952 -0.00267485 -0.553547 0.0630055 0.00207862 0.998011 48.1292
0.997949 -0.00880435 -0.0633964 -2.78167 0.00840116 0.999943 -0.00662379 -0.576259 0.0634511 0.00607761 0.997966 49.1152
0.997857 -0.00904726 -0.0647981 -2.82563 0.00860378 0.999938 -0.00711995 -0.603225 0.0648584 0.00654718 0.997872 50.0917
0.997795 -0.0107456 -0.0654845 -2.87457 0.0105353 0.999938 -0.00355602 -0.623075 0.0655186 0.00285828 0.997847 51.0841
0.997707 -0.0135792 -0.0662984 -2.92618 0.0135839 0.999908 -0.000381452 -0.639475 0.0662974 -0.000520011 0.997799 52.0783
0.997597 -0.0170493 -0.0671479 -2.97871 0.0171378 0.999853 0.000741637 -0.654869 0.0671254 -0.00189062 0.997742 53.0722
0.99757 -0.0200376 -0.0667166 -3.06402 0.0200498 0.999799 -0.000486346 -0.665901 0.066713 -0.000852492 0.997771 54.0935
0.997479 -0.0235506 -0.0669311 -3.14135 0.0234931 0.999723 -0.00164642 -0.680302 0.0669513 6.98514e-05 0.997756 55.0969
0.997431 -0.0250931 -0.0670896 -3.21449 0.0251335 0.999684 -0.000241829 -0.696438 0.0670745 -0.00144499 0.997746 56.0777
0.997252 -0.0287707 -0.0682655 -3.25638 0.0290792 0.999571 0.00352935 -0.703561 0.0681347 -0.00550476 0.99766 57.0184
0.997187 -0.0301798 -0.0686061 -3.32158 0.030833 0.999489 0.008482 -0.709633 0.068315 -0.0105735 0.997607 57.9939
0.997278 -0.0282254 -0.0681102 -3.41447 0.028971 0.99953 0.0099835 -0.70978 0.0677965 -0.0119295 0.997627 59.0035
0.997138 -0.0277318 -0.0703332 -3.4461 0.0282674 0.999578 0.00663037 -0.727893 0.0701197 -0.00859953 0.997501 59.899
0.997079 -0.0266118 -0.0715926 -3.53684 0.0266405 0.999645 -0.000553564 -0.737059 0.071582 -0.00135532 0.997433 60.8745
0.997117 -0.0244726 -0.0718251 -3.61423 0.0241377 0.999693 -0.00552652 -0.750311 0.0719384 0.00377689 0.997401 61.8336
0.997152 -0.0204155 -0.0725953 -3.69597 0.0201118 0.999786 -0.00491201 -0.764389 0.07268 0.003438 0.997349 62.7806
0.997104 -0.0185223 -0.0737492 -3.7659 0.0183556 0.999827 -0.00293686 -0.776632 0.0737909 0.00157464 0.997272 63.7048
0.997181 -0.0158889 -0.0733249 -3.85145 0.0158284 0.999874 -0.00140676 -0.798034 0.0733381 0.000242179 0.997306 64.5983
0.997171 -0.0154522 -0.0735574 -3.94208 0.0154063 0.999881 -0.00119178 -0.81255 0.0735671 5.51603e-05 0.99729 65.501
0.997068 -0.0145907 -0.075118 -4.00083 0.0146168 0.999893 -0.000202729 -0.829699 0.075113 -0.000895854 0.997174 66.3518
0.996959 -0.0143501 -0.0765955 -4.07032 0.014409 0.999896 0.000216539 -0.844464 0.0765845 -0.00131955 0.997061 67.2176
0.996776 -0.0152706 -0.0787618 -4.12357 0.015407 0.999881 0.00112414 -0.865147 0.0787353 -0.002334 0.996892 68.0483
0.99662 -0.0158768 -0.0805981 -4.186 0.0161402 0.999866 0.0026171 -0.880883 0.0805458 -0.00390912 0.996742 68.8851
0.996551 -0.0131166 -0.0819329 -4.26884 0.013591 0.999894 0.00523523 -0.890157 0.0818556 -0.00633072 0.996623 69.7321
0.996492 -0.0119228 -0.0828338 -4.35389 0.0127228 0.999877 0.00913625 -0.895733 0.0827148 -0.0101581 0.996521 70.5761
0.996357 -0.00925023 -0.0847758 -4.4212 0.0101994 0.99989 0.0107701 -0.901923 0.0846669 -0.0115955 0.996341 71.3666
0.996281 -0.00656105 -0.0859101 -4.49707 0.00716283 0.999952 0.00669817 -0.912383 0.0858621 -0.00728861 0.996279 72.1297
0.996171 -0.00673561 -0.0871578 -4.57335 0.00674932 0.999977 -0.000137596 -0.924725 0.0871567 -0.000451186 0.996194 72.884
0.995998 -0.00744178 -0.0890644 -4.61715 0.00698251 0.999961 -0.00546716 -0.944737 0.0891016 0.00482339 0.99601 73.5868
0.995975 -0.00712833 -0.0893431 -4.68819 0.00656761 0.999957 -0.00656855 -0.954546 0.0893861 0.00595534 0.995978 74.3096
0.995896 -0.00425073 -0.0904062 -4.74677 0.00398731 0.999987 -0.00309428 -0.969724 0.0904182 0.0027211 0.995899 74.9961
0.995761 -0.00415738 -0.0918813 -4.81898 0.00409201 0.999991 -0.00089997 -0.986297 0.0918843 0.000520175 0.995769 75.6857
0.995699 -0.00737482 -0.0923539 -4.88926 0.00699882 0.999966 -0.00439463 -1.00117 0.0923832 0.00372936 0.995715 76.3367
0.995687 -0.0156467 -0.091438 -4.95864 0.0148449 0.999845 -0.00944176 -1.0195 0.0915716 0.00804364 0.995765 76.988
0.995735 -0.0197185 -0.0901215 -5.02711 0.0185545 0.999733 -0.0137359 -1.0403 0.0903684 0.0120051 0.995835 77.6457
0.996005 -0.0171454 -0.0876281 -5.0754 0.0159944 0.999776 -0.0138198 -1.05897 0.0878456 0.012363 0.996056 78.2745
0.996341 -0.0124136 -0.0845494 -5.12178 0.0115721 0.999878 -0.0104362 -1.07533 0.0846687 0.00941961 0.996364 78.9036
0.996699 -0.0141161 -0.0799474 -5.16548 0.0135797 0.999881 -0.0072489 -1.09044 0.0800403 0.0061393 0.996772 79.5053
0.997088 -0.0180755 -0.0740796 -5.20201 0.0179022 0.999835 -0.00300295 -1.10274 0.0741218 0.00166801 0.997247 80.0966
0.997608 -0.0221667 -0.0654674 -5.23253 0.0222226 0.999753 0.000125575 -1.11354 0.0654485 -0.00158013 0.997854 80.6485
0.998308 -0.0185952 -0.0550879 -5.25749 0.0186461 0.999826 0.000408605 -1.12414 0.0550708 -0.00143509 0.99848 81.2015
0.999077 -0.0140539 -0.0405842 -5.26567 0.0140875 0.9999 0.000541738 -1.13615 0.0405726 -0.00111297 0.999175 81.731
0.999694 -0.00884623 -0.0230873 -5.26228 0.00888844 0.999959 0.00172578 -1.14647 0.0230712 -0.00193047 0.999731 82.2452
0.999941 -0.0107147 -0.00134786 -5.24018 0.0107187 0.999938 0.00300045 -1.15653 0.0013157 -0.00301473 0.999994 82.7678
0.999595 -0.0146991 0.0243361 -5.19411 0.014588 0.999882 0.00473704 -1.16394 -0.0244028 -0.00438011 0.999692 83.2729
0.998448 -0.0159719 0.0533392 -5.1364 0.0156204 0.999853 0.00700032 -1.17264 -0.0534431 -0.00615628 0.998551 83.7303
0.996165 -0.0166279 0.0858976 -5.06315 0.0158753 0.999829 0.00943775 -1.18067 -0.0860398 -0.0080379 0.996258 84.1889
0.992354 -0.0170876 0.12223 -4.95789 0.0158625 0.999813 0.0109896 -1.18546 -0.122395 -0.00896667 0.99244 84.6625
0.9865 -0.0176309 0.162806 -4.83989 0.0158619 0.9998 0.012159 -1.19124 -0.162987 -0.00941248 0.986582 85.1011
0.978041 -0.0178451 0.207644 -4.70326 0.0153916 0.999791 0.0134257 -1.19511 -0.20784 -0.00993496 0.978111 85.549
0.966439 -0.0159917 0.256397 -4.54624 0.0131596 0.999832 0.0127577 -1.19986 -0.256558 -0.0089555 0.966486 85.9871
0.950764 -0.0149376 0.309552 -4.37034 0.0119065 0.999861 0.0116792 -1.20609 -0.309684 -0.00741848 0.95081 86.4065
0.930546 -0.0155185 0.365843 -4.17764 0.0123042 0.999862 0.0111161 -1.21043 -0.365965 -0.00584267 0.930609 86.805
0.906477 -0.0154794 0.421969 -3.94749 0.0118798 0.999867 0.0111587 -1.21546 -0.422085 -0.00510223 0.90654 87.1725
0.878264 -0.0160481 0.477905 -3.69945 0.0122905 0.999864 0.0109888 -1.21935 -0.478016 -0.00377739 0.878342 87.5005
0.845616 -0.018006 0.533487 -3.43594 0.0146541 0.999837 0.0105182 -1.22177 -0.533589 -0.00107657 0.845742 87.8024
0.808433 -0.018798 0.588287 -3.15751 0.0151096 0.999823 0.0111843 -1.22651 -0.588393 -0.000152953 0.808574 88.1223
0.768178 -0.0202767 0.639914 -2.88052 0.0147906 0.999793 0.0139248 -1.23241 -0.640064 -0.00123203 0.768319 88.3979
0.72552 -0.0214206 0.687867 -2.57499 0.0124989 0.999761 0.0179501 -1.23598 -0.688086 -0.0044256 0.725614 88.6632
0.680211 -0.0227088 0.732663 -2.25284 0.0116618 0.999729 0.0201595 -1.23865 -0.732922 -0.00516851 0.680291 88.9097
0.633441 -0.024813 0.773392 -1.92446 0.0137663 0.999689 0.0207981 -1.24033 -0.773668 -0.00252767 0.633585 89.1233
0.587159 -0.0279909 0.808987 -1.58689 0.0185887 0.999604 0.0210947 -1.23946 -0.809257 0.00265207 0.587447 89.2902
0.543388 -0.0261694 0.839073 -1.22252 0.015306 0.999656 0.0212655 -1.23656 -0.839341 0.00128742 0.543602 89.4441
0.498646 -0.0232557 0.866493 -0.857831 0.0106135 0.999729 0.0207238 -1.22646 -0.86674 -0.00113728 0.498757 89.589
0.454444 -0.0210676 0.890526 -0.504467 0.00923652 0.999778 0.0189387 -1.218 -0.890727 -0.000381235 0.454537 89.7139
0.412344 -0.0237894 0.910717 -0.135773 0.0162822 0.999691 0.0187416 -1.20808 -0.910881 0.00710045 0.412605 89.8301
0.373199 -0.0318196 0.927205 0.237992 0.0314355 0.999271 0.02164 -1.19802 -0.927218 0.0210711 0.373927 89.9087
0.339406 -0.0359563 0.939952 0.622055 0.0361087 0.99903 0.0251778 -1.18575 -0.939945 0.0253949 0.340376 89.9908
0.307576 -0.0314011 0.951004 0.983562 0.0329498 0.999207 0.0223359 -1.17308 -0.950952 0.0244654 0.308367 90.0726
0.279264 -0.0237472 0.95992 1.37814 0.021927 0.999591 0.0183495 -1.16944 -0.959963 0.0159238 0.279671 90.1648
0.251768 -0.019788 0.967585 1.77107 0.0184506 0.999707 0.0156441 -1.16944 -0.96761 0.0139139 0.25206 90.2504
0.226311 -0.0185459 0.973878 2.18079 0.0185319 0.999719 0.0147316 -1.17814 -0.973878 0.0147139 0.226591 90.3283
0.202564 -0.0175159 0.979112 2.58169 0.025611 0.999592 0.0125837 -1.17587 -0.978933 0.0225271 0.20293 90.381
0.182902 -0.0115778 0.983062 2.99685 0.0319844 0.999471 0.00582021 -1.16261 -0.98261 0.0303782 0.183176 90.4213
0.164105 -0.00500342 0.98643 3.43419 0.0340196 0.999421 -0.000590267 -1.15065 -0.985855 0.0336548 0.16418 90.4726
0.147467 -0.00388424 0.989059 3.8848 0.0314431 0.999505 -0.000762853 -1.14627 -0.988566 0.0312116 0.147517 90.5268
0.132155 -0.00773118 0.991198 4.34734 0.0304618 0.999529 0.00373475 -1.14677 -0.99076 0.0297001 0.132328 90.5798
0.117709 -0.0110508 0.992986 4.82654 0.031312 0.999482 0.00741133 -1.14868 -0.992553 0.03022 0.117994 90.6315
0.104021 -0.0139617 0.994476 5.31898 0.0343982 0.999353 0.0104322 -1.15295 -0.993979 0.033123 0.104435 90.6767
0.0914542 -0.0149432 0.995696 5.81928 0.0379733 0.999212 0.0115082 -1.15569 -0.995084 0.0367574 0.0919498 90.72
0.0813945 -0.0147374 0.996572 6.34498 0.0408151 0.999101 0.0114412 -1.15845 -0.995845 0.039744 0.0819231 90.7497
0.0729581 -0.0145932 0.997227 6.88472 0.0430712 0.999006 0.0114681 -1.1583 -0.996403 0.0421151 0.0735143 90.7871
0.0673713 -0.0143736 0.997624 7.44126 0.044334 0.998951 0.0113988 -1.15653 -0.996741 0.0434607 0.0679382 90.8218
0.0621424 -0.0129904 0.997982 8.01036 0.0453833 0.998917 0.0101767 -1.15071 -0.997034 0.0446593 0.0626649 90.8457
0.0563997 -0.0126024 0.998328 8.59415 0.0454547 0.998916 0.0100419 -1.14836 -0.997372 0.0448123 0.0569116 90.8667
0.0518371 -0.0125027 0.998576 9.2148 0.0471998 0.998834 0.0100558 -1.14387 -0.997538 0.0466114 0.052367 90.8991
0.0487792 -0.0122412 0.998734 9.84665 0.0485697 0.998771 0.00986946 -1.13769 -0.997627 0.0480268 0.049314 90.9254
0.0451892 -0.0122512 0.998902 10.4922 0.0489763 0.998749 0.0100337 -1.13258 -0.997776 0.0484692 0.0457329 90.9568
0.0412546 -0.013472 0.999057 11.1561 0.0509828 0.998635 0.011361 -1.14111 -0.997846 0.0504661 0.0418853 91.0079
0.0398374 -0.0138895 0.999109 11.84 0.0558283 0.998372 0.0116533 -1.13447 -0.997644 0.0553144 0.0405482 91.0373
0.041099 -0.0146043 0.999047 12.5268 0.0604336 0.998098 0.0121043 -1.1333 -0.997324 0.0598786 0.0419037 91.0527
0.0432251 -0.0142102 0.998963 13.252 0.0621609 0.997999 0.0115068 -1.12269 -0.997128 0.0615991 0.0440222 91.0845
0.0467132 -0.0144231 0.998803 13.9874 0.064866 0.997829 0.0113753 -1.11735 -0.996799 0.064257 0.0475475 91.1243
0.0502382 -0.0140778 0.998637 14.7396 0.0650244 0.997825 0.0107952 -1.10308 -0.996617 0.0643934 0.0510446 91.1714
0.0537528 -0.0150293 0.99844 15.5099 0.0660323 0.997751 0.0114639 -1.08937 -0.996367 0.0653131 0.0546245 91.2225
0.0583661 -0.0163215 0.998161 16.303 0.0669099 0.997681 0.0124012 -1.07837 -0.996049 0.0660631 0.0593231 91.2605
0.0626627 -0.0181029 0.99787 17.1249 0.0634811 0.997883 0.0141168 -1.06908 -0.996013 0.0624612 0.0636794 91.3223
0.0666375 -0.0189075 0.997597 17.9464 0.0630209 0.997903 0.0147036 -1.05978 -0.995784 0.0618896 0.0676895 91.3875
0.0705437 -0.0178553 0.997348 18.7813 0.0610059 0.998045 0.0135528 -1.05284 -0.99564 0.059888 0.0714953 91.4582
0.0738245 -0.0134767 0.997179 19.5835 0.058802 0.998227 0.00913758 -1.04954 -0.995535 0.0579615 0.0744863 91.5079
0.0763229 -0.0084661 0.997046 20.4234 0.0538468 0.998539 0.00435687 -1.04819 -0.995627 0.0533552 0.0766674 91.5741
0.0764992 -0.00519091 0.997055 21.2634 0.0506029 0.998718 0.00131705 -1.04939 -0.995783 0.0503531 0.076664 91.6403
0.0770893 -0.00539087 0.997009 22.121 0.0492906 0.998783 0.00158929 -1.04832 -0.995804 0.0490207 0.0772614 91.7097
0.0769668 -0.00673652 0.99701 22.9969 0.0463764 0.998919 0.00316927 -1.04926 -0.995953 0.0459938 0.0771962 91.7951
0.0770357 -0.00781053 0.996997 23.8501 0.0481915 0.998829 0.00410125 -1.0563 -0.995862 0.0477308 0.0773221 91.8569
0.0785876 -0.00845931 0.99687 24.683 0.0462194 0.998919 0.00483302 -1.06532 -0.995834 0.045695 0.0788939 91.9093
0.0802358 -0.00816251 0.996741 25.5239 0.044803 0.998985 0.00457433 -1.07336 -0.995767 0.04429 0.0805203 91.9622
0.0818599 -0.00770293 0.996613 26.3647 0.0421133 0.999103 0.00426308 -1.08168 -0.995752 0.0416217 0.0821111 92.0167
0.0824234 -0.0066397 0.996574 27.2034 0.0400432 0.999192 0.00334531 -1.09083 -0.995791 0.0396303 0.0826229 92.0709
0.0814529 -0.00724928 0.99665 28.039 0.0377067 0.99928 0.00418678 -1.09919 -0.995962 0.0372393 0.0816677 92.1177
0.0784674 -0.0085138 0.996879 28.8821 0.0356147 0.999349 0.00573155 -1.10306 -0.996279 0.0350538 0.0787197 92.1799
0.0747854 -0.0104577 0.997144 29.71 0.0333487 0.999411 0.00798038 -1.10721 -0.99664 0.0326567 0.0750903 92.2283
0.0698718 -0.0125464 0.997476 30.5381 0.0317771 0.999441 0.0103451 -1.10938 -0.997048 0.0309741 0.0702316 92.2726
0.0620881 -0.0119452 0.997998 31.3669 0.0317496 0.999445 0.00998729 -1.10891 -0.997564 0.031066 0.0624331 92.3329
0.0537915 -0.0111477 0.998489 32.1688 0.0322851 0.999434 0.00941895 -1.11429 -0.998029 0.0317297 0.0541212 92.3673
0.0446865 -0.0107988 0.998941 32.9762 0.032509 0.999427 0.00934977 -1.11705 -0.99847 0.0320568 0.0450121 92.3834
0.0352598 -0.0117448 0.999308 33.7952 0.0333282 0.999388 0.0105698 -1.11816 -0.998821 0.0329325 0.0356298 92.3969
0.0250788 -0.0123281 0.999608 34.6008 0.0319493 0.999422 0.0115243 -1.11929 -0.999173 0.0316478 0.0254584 92.4107
0.0149141 -0.012991 0.999803 35.3966 0.0336137 0.999356 0.0124838 -1.11916 -0.999322 0.033421 0.0153414 92.4033
0.00308855 -0.0131579 0.999908 36.2047 0.0320824 0.999399 0.0130521 -1.13352 -0.999479 0.0320391 0.00350902 92.4271
-0.00811761 -0.0126278 0.999886 37.0005 0.0322689 0.999396 0.0128836 -1.14048 -0.999445 0.0323698 -0.00770503 92.42
-0.01863 -0.0121338 0.999752 37.7704 0.0307751 0.999445 0.0127035 -1.15304 -0.999351 0.0310042 -0.0182461 92.4055
-0.029063 -0.0105385 0.999521 38.5559 0.0317498 0.99943 0.0114607 -1.14486 -0.999072 0.0320677 -0.0287116 92.3817
-0.038517 -0.00950437 0.999212 39.3287 0.0331263 0.999392 0.010783 -1.14152 -0.998707 0.0335155 -0.0381786 92.3477
-0.0475371 -0.00867054 0.998831 40.093 0.034904 0.999337 0.0103361 -1.1416 -0.998258 0.0353546 -0.0472027 92.2958
-0.0557709 -0.00839214 0.998407 40.8385 0.0361091 0.999293 0.0104166 -1.1448 -0.997789 0.0366325 -0.0554282 92.2292
-0.0648141 -0.00885685 0.997857 41.6 0.037356 0.999238 0.0112955 -1.1417 -0.997196 0.038008 -0.0644336 92.1813
-0.0724948 -0.0100567 0.997317 42.3117 0.039692 0.999127 0.0129601 -1.14551 -0.996577 0.0405251 -0.0720322 92.1062
-0.0786757 -0.0116551 0.996831 43.0419 0.043716 0.998929 0.01513 -1.14301 -0.99594 0.0447679 -0.0780817 92.0482
-0.0838795 -0.0131816 0.996388 43.7509 0.0471182 0.998741 0.0171793 -1.1389 -0.99536 0.048389 -0.0831526 91.9925
-0.0881185 -0.0141713 0.996008 44.4828 0.0496223 0.998594 0.0185983 -1.13778 -0.994872 0.0510631 -0.0872912 91.9553
-0.0928228 -0.0145215 0.995576 45.2092 0.04847 0.998642 0.0190854 -1.13393 -0.994501 0.0500271 -0.0919927 91.9538
-0.0962943 -0.0138098 0.995256 45.9175 0.0491759 0.998616 0.0186144 -1.12916 -0.994136 0.0507351 -0.0954818 91.9404
-0.0969461 -0.0125997 0.995209 46.6115 0.0505115 0.998568 0.0175627 -1.12602 -0.994006 0.0519722 -0.0961707 91.9048
-0.0944555 -0.0106521 0.995471 47.2939 0.0515297 0.998549 0.0155745 -1.1213 -0.994193 0.0527674 -0.0937695 91.8542
-0.0901326 -0.00996222 0.995879 47.9265 0.0514662 0.998567 0.0146471 -1.12147 -0.994598 0.0525743 -0.0894905 91.8169
-0.0835244 -0.0094115 0.99646 48.534 0.0503133 0.99864 0.0136494 -1.12872 -0.995233 0.0512753 -0.0829371 91.7975
-0.0726388 -0.00913422 0.997316 49.1432 0.0499363 0.99867 0.0127837 -1.13033 -0.996106 0.0507309 -0.0720859 91.7669
-0.0597255 -0.00972056 0.998167 49.7186 0.0493209 0.998702 0.0126769 -1.14575 -0.996994 0.0499877 -0.0591684 91.7618
-0.0427931 -0.00832305 0.999048 50.2935 0.0486247 0.998762 0.0104035 -1.15195 -0.997898 0.0490237 -0.0423353 91.7571
-0.0210415 -0.00567925 0.999762 50.8451 0.0489024 0.99878 0.00670291 -1.15623 -0.99858 0.0490319 -0.0207379 91.755
0.00326109 -0.00293285 0.999989 51.3846 0.0482378 0.998831 0.00277216 -1.16664 -0.998829 0.0482283 0.0033989 91.7835
0.0309186 -0.00151015 0.99952 51.9173 0.0474553 0.998873 4.12324e-05 -1.17752 -0.998393 0.0474312 0.0309556 91.8298
0.0638561 -0.00202617 0.997956 52.4475 0.0460531 0.998938 -0.000918619 -1.18418 -0.996894 0.0460177 0.0638818 91.8892
0.101554 -0.00437929 0.994819 52.9636 0.0464237 0.998921 -0.00034171 -1.18931 -0.993745 0.0462179 0.101648 91.9684
0.144006 -0.00793886 0.989544 53.4929 0.0445275 0.999006 0.00153479 -1.19705 -0.988573 0.0438409 0.144217 92.0697
0.189283 -0.0119528 0.981849 53.9998 0.0431351 0.999061 0.0038467 -1.20679 -0.980973 0.0416241 0.189621 92.1904
0.238031 -0.0152461 0.971137 54.4993 0.039635 0.999196 0.00597182 -1.21539 -0.970447 0.0370696 0.238444 92.3367
0.28999 -0.0167388 0.956882 54.9948 0.0370417 0.999293 0.0062549 -1.22431 -0.956311 0.0336308 0.290406 92.5092
0.34437 -0.0173826 0.938672 55.4537 0.0372758 0.999293 0.00482992 -1.23441 -0.938092 0.0333265 0.344774 92.7132
0.401814 -0.0171029 0.915561 55.8944 0.0399715 0.9992 0.00112297 -1.24684 -0.914847 0.0361451 0.402176 92.9436
0.46097 -0.0142745 0.8873 56.319 0.0417042 0.999114 -0.0055929 -1.26292 -0.886434 0.0395824 0.461157 93.2025
0.51822 -0.0107707 0.855178 56.7023 0.0430885 0.998979 -0.0135289 -1.27798 -0.854159 0.0438593 0.518156 93.5023
0.575551 -0.00499694 0.81775 57.0618 0.0400174 0.998955 -0.0220609 -1.26252 -0.816785 0.0454215 0.575149 93.8156
0.630423 -0.000127695 0.77625 57.4136 0.0361738 0.998918 -0.0292138 -1.251 -0.775406 0.0464971 0.629746 94.1658
0.681509 0.00242147 0.731805 57.7181 0.034297 0.998789 -0.0352446 -1.24872 -0.731004 0.0491182 0.6806 94.5341
0.731166 0.000356026 0.682198 58.0282 0.0339288 0.998743 -0.0368854 -1.27178 -0.681353 0.0501156 0.730235 94.8965
0.776054 -0.00281983 0.630659 58.3143 0.0311756 0.998938 -0.0338965 -1.29164 -0.629894 0.0459668 0.775318 95.3058
0.816863 -0.00753494 0.576781 58.5376 0.030087 0.999109 -0.0295584 -1.31229 -0.576045 0.0414989 0.816362 95.7072
0.853471 -0.0101408 0.521039 58.7722 0.0273696 0.999302 -0.0253828 -1.33276 -0.520419 0.0359242 0.853153 96.1445
0.883444 -0.0139298 0.468327 58.9388 0.0263773 0.999451 -0.02003 -1.35452 -0.467791 0.0300487 0.883326 96.577
0.908666 -0.0131942 0.417312 59.1021 0.0220484 0.999622 -0.0164036 -1.37342 -0.416938 0.0241065 0.908614 97.0378
0.928255 -0.0104764 0.371795 59.2354 0.0174059 0.999731 -0.0152865 -1.38583 -0.371535 0.0206613 0.928187 97.5019
0.943304 -0.00420493 0.3319 59.3545 0.00957018 0.999848 -0.0145323 -1.39476 -0.331789 0.0168848 0.943201 97.9821
0.954684 0.000219191 0.297618 59.4503 0.00503553 0.999844 -0.016889 -1.40516 -0.297575 0.0176224 0.954534 98.4448
0.964281 0.00209599 0.264868 59.5829 0.00293326 0.999822 -0.0185907 -1.40591 -0.26486 0.0187036 0.964104 98.9491
0.969993 -0.00298692 0.24311 59.6922 0.00807265 0.999768 -0.0199258 -1.41468 -0.242994 0.0212905 0.969793 99.4359
0.973601 -0.00515016 0.228194 59.7915 0.0101033 0.999737 -0.0205427 -1.42932 -0.228028 0.022306 0.973397 99.9177
0.976616 -0.00161836 0.214979 59.8928 0.00627985 0.999759 -0.0210021 -1.44286 -0.214893 0.0218611 0.976391 100.436
0.978928 0.00370183 0.204165 59.9968 0.000618019 0.999776 -0.0210907 -1.45336 -0.204198 0.0207725 0.978708 100.961
0.98004 0.0112736 0.198476 60.0807 -0.00704422 0.999732 -0.0220023 -1.47212 -0.198671 0.0201651 0.979857 101.481
0.980539 0.0146208 0.195771 60.1731 -0.00964438 0.999605 -0.0263485 -1.47391 -0.19608 0.0239477 0.980294 102.003
0.980593 0.0157172 0.19542 60.2744 -0.0101522 0.999514 -0.0294461 -1.49085 -0.195788 0.0268908 0.980276 102.547
0.980454 0.0138416 0.196255 60.413 -0.00744209 0.999417 -0.0333079 -1.51248 -0.196602 0.0311964 0.979985 103.09
0.979791 0.0119099 0.199663 60.5434 -0.00405423 0.999202 -0.0397074 -1.53301 -0.199977 0.0380956 0.979058 103.656
0.979224 0.0117458 0.202434 60.6868 -0.00280409 0.999009 -0.0444012 -1.55203 -0.202755 0.0429112 0.978287 104.227
0.978377 0.017311 0.206096 60.8083 -0.00848769 0.999011 -0.0436187 -1.5831 -0.206648 0.0409263 0.977557 104.796
0.977101 0.0201486 0.211813 60.9302 -0.0121158 0.999159 -0.0391541 -1.61472 -0.212424 0.0356913 0.976524 105.424
0.976483 0.016616 0.214946 61.0933 -0.00913447 0.999318 -0.0357529 -1.6292 -0.215394 0.0329488 0.97597 106.047
0.976107 0.0116364 0.216974 61.2623 -0.00490757 0.99949 -0.0315249 -1.64307 -0.217231 0.0297069 0.975667 106.679
0.975248 0.00942887 0.22091 61.4053 -0.0034624 0.999618 -0.0273802 -1.6635 -0.221084 0.0259376 0.974908 107.317
0.974454 0.0049876 0.224526 61.5491 0.00108589 0.999636 -0.0269185 -1.68569 -0.224579 0.0264747 0.974095 107.95
0.974395 0.00119528 0.224836 61.7083 0.00582421 0.999515 -0.0305546 -1.70906 -0.224763 0.0310818 0.973916 108.612
0.974408 0.000335922 0.224782 61.8556 0.00813789 0.99929 -0.0367702 -1.74515 -0.224635 0.0376585 0.973714 109.262
0.974456 0.00195242 0.224566 62.0014 0.00795326 0.999034 -0.0431972 -1.78083 -0.224433 0.0438799 0.973499 109.94
0.975163 0.00538945 0.221419 62.1665 0.00512868 0.998886 -0.0469007 -1.80779 -0.221425 0.0468715 0.974049 110.647
0.975619 0.00413465 0.219426 62.306 0.00539707 0.999067 -0.0428219 -1.84018 -0.219399 0.0429622 0.974687 111.339
0.976015 -0.000475188 0.217697 62.4715 0.00854139 0.99931 -0.0361128 -1.86686 -0.21753 0.0371062 0.975347 112.071
0.97696 3.37934e-05 0.213416 62.6435 0.00660847 0.999515 -0.03041 -1.90433 -0.213313 0.0311197 0.976487 112.794
0.977551 0.00385098 0.210658 62.8094 0.00276855 0.999511 -0.031119 -1.9379 -0.210675 0.0310037 0.977063 113.537
0.978042 0.0102412 0.208149 62.9631 -0.00285922 0.999356 -0.0357345 -1.96868 -0.208381 0.0343548 0.977443 114.286
0.978918 0.0112673 0.203936 63.1203 -0.00311149 0.999183 -0.0402684 -2.002 -0.204224 0.038785 0.978154 115.05
0.979731 0.0113149 0.199993 63.2778 -0.00270978 0.99906 -0.0432485 -2.04238 -0.200295 0.04183 0.978841 115.827
0.980559 0.0104541 0.19594 63.4407 -0.00230778 0.999124 -0.0417577 -2.0786 -0.196205 0.0404938 0.979725 116.62
0.981402 0.00654974 0.191846 63.6053 0.00129866 0.999167 -0.0407553 -2.1137 -0.191954 0.0402466 0.980577 117.426
0.981855 0.00374848 0.189588 63.7774 0.00356802 0.999261 -0.0382353 -2.13796 -0.189592 0.0382181 0.981117 118.248
0.982095 0.000323597 0.188378 63.9348 0.00666882 0.999311 -0.0364838 -2.1729 -0.18826 0.037087 0.981417 119.056
0.982166 -0.00444193 0.187958 64.0965 0.0112719 0.999313 -0.0352843 -2.21098 -0.187673 0.0367738 0.981541 119.863
0.982344 -0.00379167 0.187038 64.2626 0.0103173 0.99937 -0.0339283 -2.247 -0.186791 0.0352591 0.981765 120.669
0.982147 0.00219368 0.188095 64.3982 0.00458426 0.999355 -0.0355918 -2.29014 -0.188052 0.0358188 0.981504 121.538
0.981843 0.00854791 0.189496 64.5343 -0.00127956 0.999259 -0.0384452 -2.33459 -0.189684 0.0375048 0.981127 122.414
0.981509 0.0182719 0.190535 64.6801 -0.0108711 0.999147 -0.0398154 -2.3757 -0.1911 0.0370079 0.980871 123.268
0.980771 0.0245425 0.193605 64.8357 -0.0172646 0.999082 -0.0391895 -2.4184 -0.194389 0.0350935 0.980295 124.112
0.979644 0.0277708 0.198806 64.9563 -0.0206043 0.999064 -0.0380266 -2.45484 -0.199676 0.0331564 0.979299 125.036
0.979491 0.0265726 0.199722 65.18 -0.0192398 0.99907 -0.0385665 -2.49506 -0.200561 0.033933 0.979092 125.781
0.979497 0.0240279 0.200017 65.3683 -0.0160411 0.999011 -0.0414561 -2.53159 -0.200815 0.0373977 0.978913 126.677
0.979845 0.0180604 0.198934 65.6005 -0.0102215 0.999132 -0.0403612 -2.5748 -0.199491 0.0375144 0.97918 127.471
0.979655 0.0109465 0.200382 65.7687 -0.00269775 0.999138 -0.0413918 -2.63217 -0.200663 0.0400092 0.978841 128.341
0.979174 0.0108338 0.20273 65.935 -0.00255709 0.999153 -0.0410435 -2.68025 -0.203003 0.0396704 0.978373 129.248
0.979308 0.0125802 0.201978 66.1426 -0.00490681 0.999248 -0.038447 -2.71932 -0.202309 0.0366605 0.978634 130.128
0.979122 0.0142332 0.20277 66.3171 -0.00774532 0.999432 -0.0327539 -2.76372 -0.203122 0.0304997 0.978677 130.97
0.978949 0.0189316 0.203221 66.4918 -0.0133671 0.999497 -0.0287188 -2.80469 -0.203663 0.0253979 0.97871 131.812
0.978865 0.0178302 0.203725 66.6767 -0.0109317 0.999329 -0.0349369 -2.84986 -0.204211 0.0319715 0.978403 132.683
0.978887 0.0134339 0.203957 66.8562 -0.00347864 0.998787 -0.0490908 -2.89832 -0.204369 0.0473449 0.977747 133.53
0.979044 0.0101333 0.203393 67.0403 0.00154934 0.998361 -0.0571975 -2.94901 -0.203639 0.0563141 0.977423 134.371
0.979346 0.00723142 0.202058 67.2217 0.00269569 0.998803 -0.0488116 -2.98955 -0.202169 0.0483483 0.978155 135.2
0.979696 0.00227756 0.200471 67.4025 0.00343159 0.999597 -0.0281265 -3.03647 -0.200455 0.0282434 0.979294 136.081
0.979994 -0.000113098 0.199021 67.5797 0.00283062 0.999905 -0.0133699 -3.08011 -0.199001 0.0136658 0.979902 136.934
0.980215 0.0043838 0.197884 67.7416 -0.000637962 0.999818 -0.0189891 -3.11585 -0.197932 0.0184872 0.98004 137.781
0.980676 0.011304 0.195308 67.9058 -0.00481937 0.999421 -0.0336452 -3.15502 -0.195576 0.0320539 0.980163 138.613
0.980432 0.0102056 0.19659 68.0356 -0.00187222 0.999092 -0.0425286 -3.17425 -0.196846 0.0413284 0.979561 139.452
0.981048 0.00606368 0.193665 68.2099 0.00246428 0.999038 -0.0437631 -3.21825 -0.193745 0.043411 0.980089 140.265
0.981502 0.0054561 0.19137 68.3631 0.00287849 0.999059 -0.0432471 -3.26087 -0.191426 0.042998 0.980563 141.103
0.982074 0.00543856 0.188412 68.5014 0.00318269 0.998961 -0.0454246 -3.29047 -0.188463 0.0452101 0.981037 141.939
0.983249 0.00537733 0.182183 68.6621 0.00336622 0.998857 -0.0476498 -3.3347 -0.182232 0.0474649 0.982108 142.734
0.983552 0.0103468 0.180322 68.7846 -0.00090633 0.998627 -0.052357 -3.33784 -0.180616 0.0513325 0.982211 143.537
0.983826 0.0158569 0.178417 68.9181 -0.0063595 0.998537 -0.0536779 -3.37981 -0.179007 0.0516751 0.982488 144.37
0.984189 0.0173716 0.176261 69.0583 -0.00821364 0.998583 -0.0525537 -3.42701 -0.176925 0.0502751 0.982938 145.18
0.984564 0.0150438 0.174375 69.2054 -0.00664744 0.998793 -0.0486357 -3.47823 -0.174896 0.0467258 0.983476 146.003
0.98502 0.0134303 0.171912 69.3566 -0.00510486 0.998795 -0.0487793 -3.53046 -0.17236 0.047171 0.983902 146.83
0.985551 0.0113565 0.168993 69.4972 -0.00268224 0.99867 -0.0514689 -3.58558 -0.169352 0.0502721 0.984271 147.65
0.986596 0.00508951 0.163098 69.6455 0.00395694 0.998472 -0.0550932 -3.64067 -0.16313 0.0550002 0.985069 148.451
0.987722 0.00277156 0.156191 69.7767 0.00619289 0.998361 -0.0568782 -3.68196 -0.156093 0.0571472 0.986086 149.254
0.988866 0.00010205 0.148802 69.9062 0.00780454 0.998586 -0.0525498 -3.7247 -0.148598 0.0531261 0.987468 150.06
0.989982 -0.00234352 0.14117 70.0426 0.00876071 0.998954 -0.0448529 -3.76501 -0.140917 0.0456404 0.988967 150.889
0.99051 -0.0052228 0.137337 70.1535 0.0103192 0.999282 -0.0364231 -3.80339 -0.137048 0.0374947 0.989853 151.71
0.991099 0.00155148 0.133112 70.2522 0.00305728 0.999402 -0.0344117 -3.84499 -0.133086 0.0345124 0.990502 152.554
0.99168 0.00478237 0.12863 70.335 0.000249282 0.999235 -0.0390726 -3.89065 -0.128718 0.0387797 0.990921 153.393
0.992433 0.00555994 0.122654 70.411 0.000466463 0.998795 -0.0490499 -3.94113 -0.122779 0.048736 0.991235 154.192
0.993089 0.00209546 0.117334 70.4871 0.00430419 0.998516 -0.054262 -3.98968 -0.117274 0.0543922 0.991607 155.022
0.99381 0.000641131 0.111085 70.5617 0.00533291 0.998554 -0.0534735 -4.03846 -0.110958 0.053735 0.99237 155.842
0.994723 0.00759571 0.102306 70.6473 -0.00241855 0.998713 -0.0506336 -4.08994 -0.102559 0.0501191 0.993462 156.668
0.995527 0.0133225 0.093523 70.7214 -0.00843386 0.998585 -0.0524739 -4.14312 -0.0940899 0.0514505 0.994232 157.528
0.996561 0.0154649 0.0813916 70.807 -0.0107343 0.998243 -0.0582408 -4.1971 -0.0821495 0.0571669 0.994977 158.336
0.997288 0.0141571 0.0722139 70.873 -0.00980137 0.99813 -0.0603182 -4.25581 -0.0729329 0.0594469 0.995562 159.194
0.997868 0.0141068 0.0637029 70.925 -0.0104211 0.998271 -0.0578233 -4.30931 -0.0644086 0.0570362 0.996291 160.034
0.998203 0.0174415 0.0573192 70.9392 -0.0144106 0.998496 -0.0528725 -4.34739 -0.0581553 0.0519515 0.996953 160.879
0.998542 0.0215746 0.0494541 70.9628 -0.0192122 0.998673 -0.0477563 -4.39641 -0.0504189 0.0467366 0.997632 161.731
0.998892 0.0208954 0.0421472 70.9886 -0.0189773 0.998787 -0.0454067 -4.43898 -0.043045 0.0445566 0.998077 162.575
0.999143 0.021337 0.0354379 71.0202 -0.0197592 0.998822 -0.0442911 -4.47689 -0.0363413 0.043553 0.998388 163.425
0.999304 0.0209702 0.0308093 71.0468 -0.0195031 0.998695 -0.0471717 -4.52232 -0.0317584 0.0465381 0.99841 164.258
0.999367 0.0247137 0.0255299 71.0659 -0.0233577 0.998367 -0.0521077 -4.57369 -0.0267761 0.0514786 0.998313 165.104
0.999301 0.0306512 0.021374 71.0785 -0.0293472 0.997833 -0.0588628 -4.63218 -0.023132 0.0581945 0.998036 165.938
0.999359 0.0309985 0.0178231 71.09 -0.0298725 0.997732 -0.060301 -4.69001 -0.019652 0.05973 0.99802 166.785
0.999349 0.0325901 0.0153908 71.0906 -0.0317008 0.997989 -0.0548635 -4.73605 -0.0171479 0.05434 0.998374 167.627
0.999317 0.0350047 0.0117876 71.1058 -0.0344402 0.998387 -0.045096 -4.78331 -0.0133472 0.0446593 0.998911 168.484
0.999317 0.0361481 0.00755308 71.1168 -0.0358315 0.998614 -0.0385126 -4.82821 -0.00893485 0.0382157 0.999228 169.322
0.999485 0.0318936 0.00322948 71.1063 -0.031728 0.998593 -0.0424472 -4.87129 -0.00457881 0.0423229 0.999092 170.162
0.999838 0.0178462 -0.00194296 71.119 -0.0179234 0.99847 -0.0522795 -4.91858 0.00100693 0.0523059 0.998629 170.971
0.999843 0.0152965 -0.00880203 71.1078 -0.0157731 0.998254 -0.0568949 -4.96252 0.00791631 0.0570249 0.99834 171.8
0.999713 0.0187105 -0.0148969 71.0826 -0.0194901 0.998347 -0.0540339 -5.04539 0.0138612 0.0543089 0.998426 172.637
0.999599 0.0179048 -0.0219074 71.0399 -0.0189487 0.998646 -0.0484119 -5.09236 0.0210109 0.0488077 0.998586 173.493
0.999479 0.0120978 -0.0298731 71.0368 -0.0134362 0.998894 -0.0450192 -5.13941 0.0292954 0.0453972 0.998538 174.308
0.9994 0.00315958 -0.0344443 71.0095 -0.00456697 0.999153 -0.0408588 -5.18878 0.034286 0.0409917 0.99857 175.134
0.999202 -0.000354169 -0.0399128 70.9608 -0.00129085 0.999149 -0.0411824 -5.23785 0.0398934 0.0412012 0.998353 176
0.998967 -0.00379981 -0.0452562 70.9005 0.00162408 0.998844 -0.0480163 -5.29204 0.0453863 0.0478933 0.997819 176.882
0.998568 -0.0123323 -0.0520389 70.8609 0.00931482 0.998281 -0.057834 -5.35122 0.0526627 0.0572665 0.996967 177.709
0.997929 -0.0247435 -0.059358 70.8537 0.021085 0.997884 -0.0614899 -5.3995 0.0607538 0.060111 0.99634 178.523
0.997559 -0.021556 -0.0664005 70.775 0.0179501 0.998355 -0.0544313 -5.45108 0.0674646 0.0531066 0.996306 179.424
0.997233 -0.014155 -0.0729665 70.6889 0.0111794 0.999094 -0.0410285 -5.49823 0.0734811 0.0400993 0.996489 180.31
0.996975 -0.008429 -0.0772555 70.6094 0.0057674 0.999383 -0.0346106 -5.54378 0.0774996 0.0340604 0.996409 181.162
0.996678 -0.00997535 -0.0808123 70.5377 0.00696686 0.999274 -0.0374251 -5.59203 0.081127 0.0367379 0.996025 182.01
0.996512 -0.00895075 -0.0829507 70.4565 0.00499273 0.998843 -0.0478005 -5.64433 0.0832826 0.0472198 0.995405 182.863
0.996193 0.00120315 -0.0871525 70.37 -0.00616133 0.998374 -0.0566443 -5.69354 0.0869427 0.0569658 0.994582 183.729
0.995983 -0.000488293 -0.0895291 70.2847 -0.00496506 0.998143 -0.0606788 -5.74433 0.0893925 0.0608797 0.994133 184.586
0.995865 -0.00617877 -0.090622 70.2101 0.00104229 0.998394 -0.0566184 -5.7976 0.0908263 0.0562899 0.994273 185.436
0.995733 -0.00593 -0.0920774 70.154 0.00150054 0.99884 -0.0481008 -5.8477 0.0922558 0.0477575 0.994588 186.292
0.995781 -0.00442899 -0.091641 70.0631 0.000484499 0.999073 -0.0430205 -5.89814 0.0917466 0.0427947 0.994861 187.16
0.995667 -0.0044742 -0.0928656 69.971 0.000391408 0.999033 -0.0439363 -5.94985 0.0929724 0.0437097 0.994707 188.029
0.995499 -0.00717722 -0.0944858 69.8869 0.00217287 0.998593 -0.0529608 -6.00879 0.094733 0.0525172 0.994115 188.886
0.995175 -0.0179282 -0.0964492 69.8145 0.0117862 0.997887 -0.0638787 -6.0729 0.0973906 0.0624339 0.993285 189.744
0.99469 -0.0287558 -0.0988073 69.752 0.0221396 0.997478 -0.0674165 -6.13925 0.100497 0.0648711 0.992819 190.606
0.994437 -0.0270236 -0.101792 69.6564 0.0207086 0.997823 -0.0625916 -6.20401 0.103262 0.0601356 0.992833 191.524
0.994285 -0.0210316 -0.104657 69.5804 0.0155532 0.998478 -0.0528896 -6.25867 0.105611 0.0509597 0.9931 192.385
0.993987 -0.0203804 -0.10757 69.5024 0.0150381 0.998622 -0.0502424 -6.31198 0.108446 0.0483227 0.992926 193.245
0.993775 -0.0224347 -0.109115 69.4237 0.0165448 0.99837 -0.0545879 -6.36378 0.110162 0.0524429 0.992528 194.099
0.99373 -0.0226517 -0.109478 69.3361 0.0161363 0.998064 -0.0600374 -6.42569 0.110627 0.0578945 0.992173 194.948
0.993558 -0.0170058 -0.112034 69.2355 0.0102988 0.998133 -0.0601746 -6.4872 0.112848 0.0586332 0.991879 195.812
0.993351 -0.0151055 -0.114122 69.139 0.00851652 0.998279 -0.0580044 -6.54455 0.114802 0.0566469 0.99177 196.66
0.993206 -0.0114578 -0.115795 69.035 0.00510557 0.998472 -0.0550061 -6.60423 0.116248 0.0540413 0.991747 197.509
0.993156 -0.00672514 -0.116587 68.9324 0.00057741 0.99861 -0.0526846 -6.66307 0.116779 0.0522568 0.991781 198.357
0.992987 -0.00375339 -0.118151 68.8352 -0.0025374 0.998587 -0.0530483 -6.7186 0.118183 0.0529762 0.991576 199.192
0.992951 -0.00566 -0.118383 68.7365 -0.000993342 0.998425 -0.0560672 -6.78673 0.118514 0.0557897 0.991382 200.003
0.992731 -0.00358388 -0.120293 68.6328 -0.00382531 0.99811 -0.0613052 -6.84074 0.120286 0.0613199 0.990842 200.832
0.992542 -0.00192273 -0.121876 68.5343 -0.00554401 0.998127 -0.0608961 -6.89721 0.121765 0.0611177 0.990674 201.632
0.992247 -8.31496e-06 -0.124273 68.4293 -0.00652259 0.998617 -0.0521458 -6.94682 0.124102 0.0525522 0.990875 202.443
