1 0 0 0 0 1 0 0 0 0 1 0
0.998935 0.00543675 0.0458178 0.0131449 -0.0054248 0.999985 -0.000385144 -0.0546667 -0.0458192 0.000136182 0.99895 1.02385
0.99576 0.000514366 0.0919917 0.0925515 2.98968e-05 0.999983 -0.00591496 -0.0677449 -0.0919931 0.00589263 0.995742 2.0634
0.990448 0.000933804 0.137882 0.218864 0.000461007 0.999949 -0.0100837 -0.0827263 -0.137885 0.0100509 0.990397 3.10711
0.982943 0.00259544 0.183893 0.396403 -0.00018493 0.999914 -0.0131242 -0.104655 -0.183911 0.0128663 0.982859 4.12143
0.973183 0.000224218 0.230032 0.621652 0.00296895 0.999904 -0.0135352 -0.127035 -0.230013 0.0138551 0.973089 5.1264
0.961772 -0.000952801 0.273851 0.915902 0.00546387 0.999862 -0.0157105 -0.152371 -0.273798 0.0166062 0.961644 6.09874
0.948206 -0.00313675 0.31764 1.23981 0.00973504 0.999768 -0.0191877 -0.173253 -0.317506 0.0212862 0.948017 7.08838
0.933137 -0.00526322 0.359482 1.61207 0.0138846 0.999674 -0.0214052 -0.199242 -0.359252 0.0249653 0.932907 8.06428
0.915701 -0.00580371 0.401817 2.01985 0.0165303 0.999593 -0.0232331 -0.227877 -0.401519 0.0279168 0.915425 8.98965
0.896037 -0.00679885 0.443926 2.46911 0.0185568 0.999582 -0.0221469 -0.258802 -0.44359 0.0280823 0.89579 9.90816
0.87392 -0.00679932 0.486021 2.96675 0.0194959 0.999588 -0.0210718 -0.289509 -0.485678 0.0278905 0.873693 10.8478
0.849998 -0.00709829 0.526738 3.48231 0.0211558 0.999562 -0.0206691 -0.328257 -0.52636 0.0287122 0.849777 11.6611
0.824809 -0.0077466 0.565359 4.06394 0.0235736 0.999508 -0.0206964 -0.362793 -0.56492 0.0303981 0.824585 12.4951
0.797655 -0.0101917 0.603028 4.67951 0.027829 0.999414 -0.0199199 -0.400135 -0.602472 0.0326709 0.797472 13.2947
0.76913 -0.00968782 0.639019 5.33398 0.029285 0.999369 -0.0200968 -0.436609 -0.638421 0.0341708 0.768928 14.0736
0.738351 -0.0127422 0.674296 6.01949 0.0338056 0.999264 -0.0181339 -0.471478 -0.673569 0.0361842 0.738238 14.8216
0.705726 -0.0119695 0.708384 6.72911 0.0345948 0.999247 -0.0175808 -0.501013 -0.70764 0.0369137 0.705608 15.5386
0.671696 -0.011044 0.740745 7.45827 0.0365519 0.999165 -0.0182479 -0.535572 -0.739925 0.0393327 0.671539 16.1939
0.636319 -0.0125481 0.771324 8.22587 0.0421714 0.998938 -0.0185392 -0.563458 -0.770273 0.0443247 0.636172 16.8264
0.600236 -0.0117328 0.799737 9.02559 0.0415081 0.999002 -0.0164973 -0.612544 -0.798746 0.0430978 0.600124 17.4207
0.562546 -0.0108527 0.826694 9.85119 0.0442516 0.998876 -0.0169991 -0.646502 -0.825581 0.0461453 0.562394 17.99
0.524016 -0.0103414 0.851645 10.6865 0.0482347 0.998682 -0.0175519 -0.695261 -0.850342 0.0502763 0.523824 18.4919
0.481756 -0.00955127 0.876253 11.5415 0.0505371 0.998579 -0.0169002 -0.717918 -0.874847 0.052425 0.481554 19.0105
0.443265 -0.0108159 0.896325 12.4297 0.0572215 0.998229 -0.0162525 -0.730276 -0.894563 0.0584933 0.443098 19.4458
0.407113 -0.0114513 0.913306 13.3456 0.0624983 0.997927 -0.0153467 -0.74947 -0.911237 0.0633279 0.406984 19.8338
0.372116 -0.00909338 0.928142 14.2755 0.0652295 0.997736 -0.016377 -0.76807 -0.925892 0.0666364 0.371866 20.1975
0.338659 -0.0095201 0.940861 15.218 0.0666557 0.997679 -0.0138975 -0.783542 -0.938545 0.0674203 0.338508 20.5283
0.304623 -0.0110238 0.952409 16.1817 0.0698059 0.997502 -0.0107813 -0.801717 -0.949912 0.0697681 0.304631 20.8415
0.271863 -0.0111451 0.962272 17.1811 0.0727445 0.99731 -0.00900098 -0.81298 -0.959583 0.072447 0.271942 21.118
0.240006 -0.007893 0.970739 18.188 0.0696921 0.997527 -0.0091199 -0.824772 -0.968267 0.0698417 0.239962 21.3725
0.208494 -0.00608588 0.978005 19.181 0.0698486 0.99752 -0.00868323 -0.841508 -0.975526 0.0701227 0.208402 21.5925
0.178672 -0.00558895 0.983893 20.2552 0.0717826 0.997393 -0.00736988 -0.85254 -0.981287 0.0719432 0.178608 21.7723
0.148981 -0.00528442 0.988826 21.3223 0.0745195 0.997202 -0.00589824 -0.855705 -0.986028 0.0745656 0.148957 21.9155
0.119159 -0.00612925 0.992856 22.3671 0.0726803 0.997352 -0.00256583 -0.875921 -0.990212 0.0724669 0.119289 22.0403
0.0905776 -0.0066288 0.995867 23.4356 0.0730973 0.997325 -9.9563e-06 -0.884001 -0.993203 0.0727961 0.0908197 22.1314
0.0643226 -0.00637989 0.997909 24.5273 0.0762328 0.997089 0.00146088 -0.888399 -0.995013 0.0759794 0.0646215 22.1922
0.0399649 -0.00549449 0.999186 25.6247 0.0812556 0.996691 0.00223076 -0.887727 -0.995892 0.0811003 0.0402789 22.2235
0.0181147 -0.00495096 0.999824 26.7192 0.0851483 0.996362 0.00339111 -0.891047 -0.996204 0.0850719 0.0184702 22.2233
-0.000937631 -0.00502541 0.999987 27.8407 0.0909821 0.995839 0.00508988 -0.891919 -0.995852 0.0909857 -0.000476688 22.1936
-0.0171105 -0.00573512 0.999837 28.984 0.0952291 0.995428 0.00733951 -0.895534 -0.995309 0.0953393 -0.0164863 22.139
-0.0306838 -0.00518166 0.999516 30.1264 0.099407 0.995013 0.00820998 -0.898076 -0.994574 0.0996109 -0.0300159 22.069
-0.0437339 -0.0060288 0.999025 31.2968 0.101164 0.994815 0.010432 -0.890387 -0.993908 0.101522 -0.0428974 21.993
-0.0550961 -0.00756355 0.998452 32.4572 0.100139 0.994887 0.0130624 -0.879255 -0.993447 0.100704 -0.0540573 21.8955
-0.0658332 -0.00797206 0.997799 33.6249 0.0989832 0.994983 0.0144803 -0.870541 -0.992909 0.0997186 -0.0647141 21.8089
-0.0758456 -0.00525717 0.997106 34.8224 0.0992784 0.994977 0.0127976 -0.865606 -0.992165 0.0999618 -0.074943 21.6996
-0.0848934 -0.00166187 0.996389 36.0448 0.0998729 0.994948 0.0101687 -0.850678 -0.991372 0.100376 -0.0842988 21.5799
-0.0928113 0.00151251 0.995683 37.2387 0.101134 0.994841 0.00791587 -0.837846 -0.990534 0.101432 -0.0924857 21.4581
-0.0991108 0.00266907 0.995073 38.5079 0.100339 0.994926 0.00732526 -0.824042 -0.990005 0.100571 -0.0988759 21.3148
-0.103244 0.00398816 0.994648 39.7673 0.101218 0.994843 0.00651745 -0.814642 -0.989493 0.101349 -0.103116 21.1599
-0.106669 0.00582998 0.994277 41.0674 0.102207 0.99475 0.00513233 -0.802228 -0.989028 0.10217 -0.106705 20.999
-0.109827 0.00740379 0.993923 42.3789 0.100922 0.994887 0.00374073 -0.798162 -0.988814 0.10072 -0.110013 20.8395
-0.112376 0.0080332 0.993633 43.7157 0.101314 0.994848 0.00341514 -0.791228 -0.988488 0.101053 -0.112611 20.6684
-0.113723 0.00743375 0.993485 45.031 0.100398 0.994939 0.00404782 -0.785888 -0.988427 0.100205 -0.113894 20.5204
-0.11412 0.00555799 0.993451 46.372 0.101192 0.994848 0.00605831 -0.784785 -0.9883 0.10122 -0.114095 20.3639
-0.114185 0.00385041 0.993452 47.7762 0.10042 0.994915 0.007686 -0.777887 -0.988371 0.10064 -0.113992 20.1786
-0.11465 0.00458849 0.993395 49.2071 0.102761 0.994679 0.00726548 -0.767679 -0.988077 0.102915 -0.114512 19.9858
-0.114981 0.00407321 0.993359 50.5909 0.101648 0.99479 0.00768667 -0.763275 -0.988154 0.101857 -0.114797 19.8659
-0.115272 0.00529027 0.99332 52.0117 0.102775 0.994682 0.00662927 -0.759247 -0.988003 0.102853 -0.115203 19.7344
-0.115678 0.00525225 0.993273 53.4842 0.102021 0.99476 0.00662143 -0.762662 -0.988034 0.102101 -0.115608 19.6037
-0.115678 0.00609285 0.993268 55.0136 0.101719 0.994796 0.00574413 -0.766633 -0.988065 0.101698 -0.115696 19.4468
-0.114547 0.0057832 0.993401 56.5432 0.102052 0.994761 0.00597627 -0.77017 -0.988162 0.102063 -0.114537 19.2918
-0.113036 0.00394989 0.993583 58.1038 0.100523 0.994906 0.00748098 -0.77653 -0.988493 0.100724 -0.112858 19.1273
-0.113296 0.00290283 0.993557 59.5874 0.099148 0.995037 0.00839873 -0.785509 -0.988602 0.0994608 -0.113022 19.0716
-0.113802 0.003611 0.993497 61.2031 0.0988252 0.995075 0.0077034 -0.775904 -0.988576 0.0990592 -0.113599 18.934
-0.112626 0.00407434 0.993629 62.7587 0.0994817 0.995013 0.00719601 -0.774606 -0.988645 0.0996583 -0.11247 18.7932
-0.110327 0.00396628 0.993887 64.3615 0.0986007 0.995102 0.00697405 -0.770229 -0.988992 0.0987675 -0.110178 18.6335
-0.10834 0.00223219 0.994111 66.0074 0.0998647 0.994963 0.00864937 -0.763524 -0.989085 0.100214 -0.108018 18.4513
-0.10625 0.000156463 0.994339 67.6938 0.100762 0.994853 0.0106104 -0.749834 -0.989221 0.101319 -0.105719 18.2496
-0.103682 0.00137636 0.994609 69.3805 0.10223 0.994717 0.00928031 -0.738657 -0.989343 0.102641 -0.103275 18.0525
-0.101062 0.00237412 0.994877 70.983 0.10327 0.99462 0.00811693 -0.744777 -0.989506 0.103561 -0.100764 17.9244
-0.0983606 0.00154758 0.995149 72.7355 0.102064 0.994741 0.00854109 -0.73394 -0.989903 0.102409 -0.0980015 17.7101
-0.0963645 0.000294886 0.995346 74.3535 0.101905 0.994748 0.00957126 -0.757209 -0.990116 0.102353 -0.0958888 17.6317
-0.094054 -0.00212096 0.995565 75.9691 0.100962 0.994821 0.0116575 -0.778093 -0.990434 0.101611 -0.0933531 17.5641
-0.0922587 -0.00300186 0.99573 77.619 0.101814 0.994725 0.0124323 -0.796034 -0.990516 0.102526 -0.0914668 17.4868
-0.0897015 -0.00239431 0.995966 79.2746 0.10505 0.994396 0.0118518 -0.814476 -0.990413 0.105689 -0.0889475 17.4117
-0.0880781 -0.00103127 0.996113 80.9303 0.107749 0.994121 0.0105565 -0.835287 -0.990269 0.10826 -0.0874495 17.3389
-0.0877217 -0.000819659 0.996144 82.7515 0.10713 0.994191 0.010252 -0.836091 -0.990368 0.107616 -0.0871247 17.1744
-0.0877012 -0.000593968 0.996146 84.5727 0.10576 0.994342 0.00990408 -0.837465 -0.990517 0.106221 -0.0871424 17.0099
-0.0870421 -0.0011132 0.996204 86.3909 0.103936 0.994531 0.0101926 -0.838236 -0.990768 0.104429 -0.0864507 16.8483
-0.0861115 -0.00264511 0.996282 88.2583 0.102277 0.994689 0.011481 -0.830667 -0.991022 0.102886 -0.085384 16.6598
-0.0856587 -0.00307127 0.99632 90.077 0.102528 0.994658 0.011881 -0.825171 -0.991035 0.103168 -0.0848866 16.5234
-0.0840338 -0.00442153 0.996453 91.8957 0.0996976 0.994934 0.0128226 -0.817746 -0.991463 0.100421 -0.0831677 16.3901
-0.0838524 -0.00352773 0.996472 93.8264 0.0987938 0.995037 0.0118361 -0.790051 -0.991569 0.0994377 -0.083088 16.1951
-0.0829076 0.000587429 0.996557 95.7109 0.101886 0.994764 0.00788995 -0.771346 -0.991335 0.10219 -0.0825337 16.0573
-0.0851074 0.00168269 0.99637 97.5956 0.102188 0.994739 0.00704869 -0.754479 -0.991118 0.102417 -0.084832 15.9152
-0.0886007 0.00157579 0.996066 99.4847 0.100795 0.994879 0.00739187 -0.738457 -0.990954 0.101053 -0.0883061 15.7622
-0.0913262 0.00189328 0.995819 101.373 0.0991596 0.995045 0.00720208 -0.72281 -0.990872 0.0994028 -0.0910617 15.6039
-0.094125 0.00338541 0.995554 103.332 0.0980854 0.99516 0.00588945 -0.713011 -0.990717 0.0982037 -0.0940019 15.4118
-0.097088 0.00555715 0.99526 105.29 0.0990995 0.995068 0.00411111 -0.706338 -0.99033 0.0990289 -0.0971602 15.2141
-0.100251 0.00776975 0.994931 107.238 0.0986169 0.995122 0.00216557 -0.707833 -0.990063 0.0983342 -0.100529 15.0217
-0.10415 0.00875897 0.994523 109.263 0.0970515 0.995278 0.00139795 -0.704319 -0.989815 0.0966656 -0.104508 14.8041
-0.10839 0.00940321 0.994064 111.218 0.0949813 0.995478 0.000939905 -0.709514 -0.98956 0.0945194 -0.108793 14.6491
-0.113354 0.0093357 0.99351 113.241 0.0931237 0.995653 0.0012691 -0.71091 -0.989181 0.0926633 -0.113731 14.4439
-0.118747 0.0095036 0.992879 115.263 0.0921076 0.995747 0.00148485 -0.711908 -0.988643 0.091628 -0.119117 14.2278
-0.124233 0.0100077 0.992202 117.281 0.0919976 0.995757 0.00147533 -0.713404 -0.987979 0.0914635 -0.124627 14.0047
-0.128988 0.0124711 0.991567 119.308 0.0924444 0.995717 -0.000497687 -0.717889 -0.987328 0.0916007 -0.129589 13.7581
-0.132321 0.0145598 0.9911 121.338 0.0931816 0.995646 -0.00218598 -0.731402 -0.986817 0.0920631 -0.133102 13.4707
-0.137217 0.0145541 0.990434 123.386 0.0936774 0.9956 -0.00165174 -0.749234 -0.986101 0.0925547 -0.137977 13.1905
-0.142187 0.0145179 0.989733 125.42 0.0928691 0.995677 -0.0012634 -0.771322 -0.985474 0.0917361 -0.142921 12.9046
-0.145927 0.0163871 0.989159 127.414 0.0937477 0.995592 -0.00266345 -0.775681 -0.984843 0.0923428 -0.14682 12.5849
-0.150702 0.01737 0.988426 129.504 0.0944184 0.995527 -0.0030991 -0.783617 -0.98406 0.0928586 -0.151668 12.2716
-0.154536 0.0165488 0.987848 131.659 0.0953323 0.995443 -0.0017625 -0.788426 -0.983377 0.0939015 -0.15541 11.9092
-0.156196 0.0197974 0.987527 133.813 0.090399 0.995889 -0.00566669 -0.802089 -0.983581 0.0883865 -0.157344 11.5434
-0.158511 0.0210502 0.987133 135.965 0.0916644 0.995768 -0.0065152 -0.817509 -0.983093 0.0894523 -0.15977 11.1723
-0.16021 0.0228036 0.986819 138.117 0.092205 0.995707 -0.00803952 -0.836277 -0.982767 0.0897018 -0.161625 10.7972
-0.161668 0.022674 0.986584 140.268 0.0904678 0.995866 -0.00806263 -0.855072 -0.982689 0.0879507 -0.163052 10.4187
-0.163788 0.0235843 0.986213 142.419 0.0881881 0.996061 -0.00917369 -0.876411 -0.982546 0.0854698 -0.165223 10.0355
-0.166407 0.0249043 0.985742 144.514 0.0859851 0.996239 -0.010654 -0.906199 -0.982301 0.0829863 -0.167923 9.68171
-0.168787 0.0250628 0.985334 146.613 0.0843208 0.996378 -0.0108996 -0.936878 -0.982039 0.0812444 -0.17029 9.32108
-0.172315 0.0264004 0.984688 148.756 0.0842204 0.996374 -0.0119755 -0.973044 -0.981435 0.0808672 -0.173915 8.95449
-0.176543 0.0257021 0.983957 150.963 0.0830723 0.996481 -0.0111243 -1.02361 -0.980781 0.0797757 -0.178057 8.57319
-0.182416 0.0257409 0.982884 153.039 0.0741667 0.997169 -0.0123502 -1.07814 -0.98042 0.0706445 -0.183809 8.20175
-0.184493 0.0249138 0.982518 155.228 0.0738145 0.997206 -0.0114256 -1.12699 -0.980058 0.0704162 -0.185817 7.76776
-0.18643 0.02401 0.982175 157.419 0.0731602 0.997264 -0.0104921 -1.17221 -0.97974 0.0699001 -0.187677 7.33254
-0.189576 0.0247733 0.981553 159.618 0.0740283 0.997196 -0.0108704 -1.21068 -0.979071 0.070602 -0.190879 6.91385
-0.19143 0.0270923 0.981132 161.838 0.074823 0.997112 -0.0129348 -1.23839 -0.97865 0.0709352 -0.192904 6.46284
-0.19372 0.0293011 0.980619 164.116 0.07609 0.996991 -0.0147588 -1.28768 -0.978101 0.0717563 -0.195368 6.00524
-0.196009 0.0297608 0.98015 166.372 0.0756279 0.99702 -0.015149 -1.33639 -0.977681 0.0711574 -0.197677 5.56412
-0.198222 0.0309115 0.979669 168.608 0.0754737 0.997016 -0.0161878 -1.39523 -0.977247 0.0707305 -0.199964 5.10924
-0.199951 0.0297125 0.979355 170.853 0.0747092 0.997092 -0.0149975 -1.46509 -0.976953 0.0701682 -0.201589 4.64894
-0.20245 0.028887 0.978866 173.097 0.0746473 0.997111 -0.0139868 -1.53276 -0.976443 0.0702382 -0.204022 4.18304
-0.205803 0.0288916 0.978167 175.328 0.0759427 0.99702 -0.0134704 -1.59246 -0.975642 0.0715124 -0.207384 3.71718
-0.207618 0.0286818 0.977789 177.57 0.0783179 0.996848 -0.0126113 -1.63872 -0.97507 0.0739601 -0.209211 3.2329
-0.208363 0.0284135 0.977639 179.795 0.0788008 0.996815 -0.0121761 -1.68515 -0.974872 0.0745017 -0.209939 2.74665
-0.209183 0.0273543 0.977494 182.068 0.0788139 0.996828 -0.0110292 -1.73321 -0.974695 0.074733 -0.210676 2.24167
-0.209945 0.0271405 0.977336 184.339 0.0767876 0.996984 -0.011191 -1.78158 -0.974693 0.0726978 -0.211397 1.73523
-0.210651 0.0285229 0.977145 186.625 0.0754577 0.997066 -0.0128374 -1.82784 -0.974645 0.071029 -0.212185 1.22019
-0.211766 0.0300043 0.97686 188.911 0.0742797 0.997131 -0.0145244 -1.87807 -0.974493 0.0694851 -0.213388 0.702432
-0.212243 0.0312075 0.976718 191.196 0.0735511 0.997164 -0.0158779 -1.93144 -0.974445 0.0684688 -0.213937 0.183502
-0.212305 0.032032 0.976678 193.493 0.071947 0.997262 -0.0170676 -1.98918 -0.974551 0.0666455 -0.214029 -0.343328
-0.213497 0.031274 0.976443 195.791 0.0715079 0.997306 -0.0163072 -2.04506 -0.974323 0.0663419 -0.215158 -0.872826
-0.215818 0.0314481 0.975927 198.063 0.0713421 0.997317 -0.0163606 -2.10159 -0.973824 0.0660938 -0.217483 -1.39397
-0.216622 0.0311488 0.975758 200.335 0.0715603 0.997308 -0.0159501 -2.15718 -0.973629 0.0663704 -0.218268 -1.91684
-0.217023 0.031548 0.975656 202.608 0.0723231 0.99725 -0.0161588 -2.2134 -0.973484 0.0670557 -0.218708 -2.44141
-0.217344 0.0323182 0.97556 204.895 0.071528 0.997291 -0.0171024 -2.26708 -0.973471 0.0660627 -0.219068 -2.97711
-0.216604 0.032578 0.975716 207.183 0.0697458 0.997405 -0.0178189 -2.32276 -0.973765 0.0641924 -0.218315 -3.51117
-0.216219 0.0332958 0.975777 209.525 0.0694346 0.997412 -0.0186482 -2.3806 -0.973873 0.0637206 -0.217972 -4.07584
-0.21597 0.0334415 0.975827 211.868 0.0694973 0.997404 -0.0187998 -2.43878 -0.973923 0.0637571 -0.217734 -4.63994
-0.216553 0.0326327 0.975725 214.24 0.0698699 0.997396 -0.0178504 -2.49833 -0.973767 0.0643083 -0.21827 -5.18455
-0.21799 0.0325933 0.975406 216.611 0.0720082 0.997255 -0.0172305 -2.55652 -0.973291 0.0664813 -0.219739 -5.7327
-0.219422 0.0334736 0.975055 218.992 0.0728986 0.997179 -0.0178283 -2.615 -0.972903 0.0671682 -0.221244 -6.28027
-0.221337 0.0349399 0.974571 221.449 0.0729658 0.997149 -0.0191779 -2.66461 -0.972464 0.0668656 -0.223256 -6.84956
-0.222931 0.035367 0.974192 223.796 0.0724161 0.997181 -0.01963 -2.74012 -0.972141 0.0661711 -0.224864 -7.38737
-0.223352 0.0363718 0.974059 226.131 0.0723236 0.997167 -0.0206509 -2.81632 -0.972051 0.065835 -0.22535 -7.95544
-0.225457 0.037473 0.973532 228.521 0.0719645 0.99717 -0.0217169 -2.88854 -0.971592 0.0651636 -0.227516 -8.50487
-0.227011 0.0381333 0.973145 230.91 0.0695924 0.997313 -0.0228461 -2.96365 -0.971402 0.0625372 -0.229056 -9.0579
-0.228778 0.0388945 0.972701 233.298 0.0696207 0.997296 -0.0235032 -3.04032 -0.970986 0.0623432 -0.230868 -9.61526
-0.230091 0.0381211 0.972422 235.686 0.0710281 0.997225 -0.0222869 -3.11388 -0.970573 0.0639412 -0.232161 -10.1758
-0.232492 0.0379649 0.971857 238.072 0.0721597 0.997157 -0.0216908 -3.18602 -0.969918 0.065086 -0.234571 -10.7423
-0.234544 0.0371289 0.971396 240.476 0.0698976 0.997327 -0.0212432 -3.26207 -0.969589 0.0629158 -0.236513 -11.3238
-0.237271 0.0378567 0.970705 242.884 0.0684437 0.997408 -0.0221682 -3.34097 -0.969029 0.0611788 -0.239248 -11.9115
-0.239892 0.0367298 0.970104 245.289 0.0660592 0.997585 -0.0214348 -3.41801 -0.968549 0.0589423 -0.24174 -12.5052
-0.242998 0.0365702 0.969337 247.718 0.0662996 0.997578 -0.0210153 -3.49074 -0.967758 0.05916 -0.244835 -13.1207
-0.24645 0.0372682 0.968439 250.147 0.0659976 0.997585 -0.0215946 -3.56474 -0.966906 0.0585927 -0.248315 -13.7442
-0.251922 0.0367362 0.96705 252.524 0.0648099 0.997676 -0.0210162 -3.63848 -0.965575 0.05738 -0.253718 -14.3376
-0.25658 0.0361599 0.965846 254.866 0.0644698 0.997714 -0.0202264 -3.71489 -0.96437 0.0570783 -0.258325 -14.9395
-0.258923 0.0359479 0.965228 257.145 0.064009 0.997748 -0.0199885 -3.79845 -0.963775 0.0566079 -0.260642 -15.5838
-0.259697 0.0358836 0.965023 259.455 0.0633585 0.997789 -0.0200516 -3.87297 -0.963609 0.0559351 -0.261397 -16.2322
-0.260714 0.03587 0.964749 261.785 0.062776 0.997824 -0.0201351 -3.94615 -0.963373 0.0553137 -0.262399 -16.8819
-0.263995 0.0364116 0.963836 264.111 0.0630482 0.997801 -0.0204258 -4.02008 -0.962461 0.0553759 -0.26571 -17.5383
-0.265328 0.0365878 0.963463 266.44 0.0624894 0.997831 -0.0206839 -4.09743 -0.962131 0.0547183 -0.26704 -18.1956
-0.267735 0.0374882 0.962763 268.765 0.064896 0.997674 -0.0208006 -4.17226 -0.961304 0.0569104 -0.269546 -18.8478
-0.270584 0.0393078 0.961893 271.12 0.0672753 0.997495 -0.0218379 -4.23772 -0.960343 0.0588027 -0.272551 -19.502
-0.273148 0.0401033 0.961135 273.502 0.0676638 0.997456 -0.0223892 -4.30459 -0.959589 0.0589185 -0.275167 -20.1913
-0.275126 0.0418972 0.960495 275.883 0.0697816 0.997284 -0.0235136 -4.37413 -0.958872 0.0605557 -0.277303 -20.8861
-0.277391 0.0425468 0.959814 278.254 0.0706065 0.99722 -0.0237993 -4.44554 -0.958159 0.0611674 -0.279625 -21.5791
-0.279205 0.0460615 0.959126 280.53 0.0724798 0.997009 -0.0267817 -4.50756 -0.957492 0.0620397 -0.281709 -22.1716
-0.280087 0.0474 0.958804 282.906 0.073294 0.99692 -0.0278736 -4.57856 -0.957172 0.0624675 -0.282699 -22.8875
-0.28287 0.0475333 0.95798 285.302 0.0729911 0.996941 -0.0279138 -4.63908 -0.956377 0.062028 -0.285475 -23.614
-0.285271 0.0480631 0.957241 287.647 0.0724816 0.996963 -0.028457 -4.72882 -0.955702 0.0612645 -0.287889 -24.3214
-0.288409 0.0474111 0.956333 290.045 0.0712126 0.997068 -0.0279544 -4.81653 -0.954855 0.0600407 -0.29094 -25.0438
-0.291608 0.049226 0.95527 292.446 0.0728288 0.996918 -0.0291403 -4.89901 -0.953761 0.0610736 -0.294295 -25.7713
-0.294114 0.0491646 0.954505 294.833 0.0714179 0.997014 -0.029348 -4.98082 -0.953098 0.0595371 -0.296747 -26.495
-0.295724 0.0484854 0.954042 297.218 0.0688545 0.997194 -0.0293357 -5.06258 -0.952788 0.0570148 -0.298233 -27.2223
-0.295986 0.0484396 0.953963 299.637 0.0698928 0.997133 -0.028946 -5.14667 -0.952631 0.0581076 -0.298524 -28.0019
-0.296277 0.0489452 0.953847 302.051 0.0711978 0.997038 -0.0290465 -5.23215 -0.952444 0.059306 -0.298885 -28.7806
-0.295656 0.0491843 0.954027 304.466 0.0726242 0.99694 -0.0288902 -5.31718 -0.95253 0.060744 -0.298324 -29.5578
-0.293916 0.0490032 0.954574 306.962 0.0728635 0.996927 -0.0287425 -5.39511 -0.95305 0.0611057 -0.296584 -30.4083
-0.294053 0.0488935 0.954538 309.458 0.0728113 0.996934 -0.028635 -5.47268 -0.953012 0.0610809 -0.296712 -31.2588
-0.295247 0.0487935 0.954174 311.978 0.0735146 0.996893 -0.0282307 -5.55185 -0.952588 0.0618107 -0.297918 -32.0572
-0.296015 0.0482737 0.953962 314.498 0.0730067 0.996943 -0.0277947 -5.62991 -0.952389 0.061418 -0.298635 -32.8575
-0.296494 0.0491994 0.953766 317.014 0.0718025 0.996993 -0.0291082 -5.71263 -0.952332 0.0598525 -0.299136 -33.6534
-0.297399 0.0509148 0.953395 319.53 0.0703966 0.997027 -0.0312857 -5.80111 -0.952154 0.0578115 -0.3001 -34.4519
-0.299407 0.0499482 0.952817 322.043 0.0671223 0.997256 -0.0311856 -5.88889 -0.951761 0.054618 -0.301939 -35.2547
-0.302529 0.0489692 0.951881 324.555 0.0654504 0.997388 -0.0305086 -5.97504 -0.95089 0.0530713 -0.304945 -36.0655
-0.308258 0.0474712 0.950117 327.15 0.0629342 0.997583 -0.0294242 -6.04949 -0.949219 0.0507246 -0.310501 -36.8753
-0.311805 0.0461544 0.949024 329.664 0.0609694 0.997732 -0.0284915 -6.13465 -0.948188 0.0489777 -0.313913 -37.7023
-0.314581 0.0460815 0.948111 332.176 0.0607813 0.997748 -0.0283269 -6.21952 -0.947282 0.0487164 -0.316675 -38.5364
-0.317176 0.0465031 0.947226 334.728 0.0623776 0.997656 -0.028092 -6.30441 -0.946313 0.0501755 -0.319334 -39.4154
-0.315712 0.0395448 0.94803 337.23 0.050893 0.998398 -0.0246974 -6.38579 -0.947489 0.0404508 -0.31722 -40.2273
-0.324079 0.0385023 0.945246 339.798 0.052404 0.998367 -0.0226992 -6.45693 -0.944577 0.0421784 -0.325569 -41.0953
-0.326945 0.0379311 0.944282 342.358 0.0528538 0.998363 -0.0218036 -6.52892 -0.943564 0.0427803 -0.328415 -41.9703
-0.329342 0.0385344 0.943424 344.919 0.0529683 0.998346 -0.0222869 -6.60566 -0.942724 0.0426315 -0.330839 -42.8543
-0.331781 0.0376154 0.942606 347.492 0.050932 0.998461 -0.0219172 -6.684 -0.94198 0.0407371 -0.333187 -43.7505
-0.336107 0.0364925 0.941116 350.007 0.0489902 0.998573 -0.0212243 -6.7708 -0.940549 0.0389719 -0.337416 -44.5904
-0.341612 0.0355304 0.939169 352.596 0.0492147 0.998589 -0.019877 -6.85367 -0.938551 0.0394307 -0.34288 -45.4894
-0.346733 0.0354882 0.937292 355.166 0.0503549 0.998546 -0.0191796 -6.93851 -0.936611 0.0405471 -0.348017 -46.4044
-0.350228 0.0344512 0.936031 357.73 0.0487134 0.99864 -0.0185289 -7.02216 -0.935397 0.039108 -0.351431 -47.3266
-0.353816 0.0330659 0.93473 360.291 0.0482661 0.998688 -0.0170586 -7.10193 -0.934069 0.0390802 -0.354949 -48.2586
-0.356177 0.0310435 0.933903 362.83 0.0472965 0.998765 -0.0151613 -7.18003 -0.933221 0.0387702 -0.357206 -49.1574
-0.359311 0.0297607 0.932743 365.416 0.0440504 0.998917 -0.0149031 -7.25757 -0.932177 0.0357329 -0.360234 -50.1119
-0.363556 0.0289744 0.931121 367.977 0.0401894 0.999072 -0.015397 -7.33955 -0.930705 0.0318235 -0.364384 -51.0227
-0.367922 0.0278327 0.92944 370.61 0.0369263 0.9992 -0.0153043 -7.42968 -0.929123 0.02869 -0.368656 -52.0358
-0.372495 0.0250829 0.927695 373.277 0.0359019 0.999275 -0.0126027 -7.51424 -0.927339 0.0286116 -0.373126 -53.1053
-0.375855 0.0244425 0.926356 375.754 0.0381725 0.999211 -0.0108769 -7.5889 -0.925892 0.0312732 -0.376492 -53.9868
-0.382592 0.0196983 0.923707 378.227 0.0308175 0.999487 -0.00855001 -7.65633 -0.923403 0.0251952 -0.383004 -54.8875
-0.388244 0.0205029 0.921328 380.779 0.0308294 0.999481 -0.00925074 -7.70726 -0.921041 0.0248124 -0.388675 -55.869
-0.394617 0.0148029 0.918726 383.192 0.0267259 0.999631 -0.00462697 -7.78071 -0.918457 0.0227279 -0.394868 -56.6693
-0.403032 0.0116561 0.915111 385.699 0.0245295 0.999696 -0.0019303 -7.8451 -0.914857 0.0216692 -0.403197 -57.5804
-0.412087 0.0106032 0.911082 388.319 0.0218496 0.999759 -0.00175248 -7.86525 -0.910882 0.0191846 -0.412221 -58.6297
-0.418922 0.0094574 0.907973 390.834 0.0207934 0.999782 -0.000820014 -7.91446 -0.907784 0.0185363 -0.419029 -59.664
-0.426281 0.00742369 0.90456 393.387 0.0186898 0.999824 0.000602179 -7.94491 -0.904397 0.0171627 -0.426346 -60.75
-0.427222 0.00608141 0.904126 395.9 0.0187156 0.999822 0.00211848 -7.98629 -0.903953 0.0178263 -0.42726 -61.9519
-0.431133 0.00489572 0.902275 398.4 0.0156199 0.999875 0.00203832 -8.01233 -0.902153 0.0149722 -0.431157 -63.1107
-0.433539 0.00427147 0.901124 400.782 0.00699415 0.999973 -0.00137509 -8.04644 -0.901107 0.00570643 -0.433559 -64.2668
-0.435498 0.0078282 0.900155 403.32 -0.00126169 0.999955 -0.00930652 -8.09476 -0.900188 -0.00518873 -0.43547 -65.4585
-0.439902 0.0165061 0.897894 405.808 0.00930213 0.99986 -0.0138233 -8.16839 -0.897997 0.00227142 -0.439995 -66.632
-0.4417 0.0156838 0.897026 408.269 0.0171817 0.99981 -0.00902053 -8.23559 -0.896998 0.011428 -0.441887 -67.8013
-0.445007 0.00523316 0.895511 410.725 0.0158893 0.99987 0.00205286 -8.27474 -0.895386 0.0151426 -0.445034 -68.9802
-0.450928 -0.00607905 0.892539 413.201 0.00934814 0.999889 0.0115331 -8.28942 -0.892511 0.0135442 -0.450822 -70.1281
-0.449551 -0.0114953 0.89318 415.618 0.00486777 0.99987 0.0153184 -8.29712 -0.893241 0.0112342 -0.449438 -71.399
-0.449907 -0.0125346 0.892987 418.102 0.00303883 0.999873 0.015566 -8.28196 -0.89307 0.00971688 -0.449814 -72.6456
-0.452528 -0.00821523 0.891712 420.535 0.00832155 0.999874 0.0134347 -8.28882 -0.891711 0.0135 -0.452404 -73.8578
-0.453086 -0.0022025 0.891464 423.014 0.0135195 0.999864 0.00934158 -8.29433 -0.891364 0.0162847 -0.452996 -75.1389
-0.454428 0.000410762 0.890783 425.411 0.0154016 0.999853 0.00739596 -8.32507 -0.89065 0.0170804 -0.454369 -76.3623
-0.456575 0.000193419 0.889685 427.835 0.0163641 0.999831 0.00818047 -8.34481 -0.889534 0.0182939 -0.456502 -77.605
-0.458456 -0.000472615 0.888717 430.28 0.0183145 0.999781 0.00997947 -8.35496 -0.888528 0.0208516 -0.458349 -78.8695
-0.458557 -0.00186025 0.888663 432.639 0.018458 0.999761 0.0116173 -8.36414 -0.888473 0.0217301 -0.458415 -80.1079
-0.457762 -0.000594383 0.889074 435.092 0.0201434 0.999735 0.0110397 -8.35086 -0.888846 0.0229625 -0.45763 -81.4106
-0.456747 6.4408e-05 0.889597 437.521 0.0211632 0.999717 0.0107934 -8.35215 -0.889345 0.0237566 -0.45662 -82.6987
-0.457338 0.000662936 0.889293 439.938 0.0232049 0.999667 0.0111884 -8.36326 -0.88899 0.0257529 -0.457203 -83.9555
-0.458612 -0.00100814 0.888636 442.368 0.0256072 0.999568 0.0143495 -8.3739 -0.888267 0.0293364 -0.458389 -85.2011
-0.46007 -0.00367642 0.887875 444.774 0.0274704 0.999452 0.0183727 -8.38051 -0.887457 0.032843 -0.459718 -86.4247
-0.461196 -0.00534445 0.887282 447.181 0.0305482 0.999292 0.0218976 -8.37322 -0.886772 0.037204 -0.460708 -87.6589
-0.461653 -0.00359008 0.887053 449.538 0.0323183 0.999259 0.0208637 -8.3739 -0.886471 0.0382998 -0.461196 -88.8798
-0.463165 -0.00243544 0.886269 451.951 0.0301727 0.999372 0.0185145 -8.36819 -0.885758 0.0353165 -0.462802 -90.1218
-0.463981 -0.00270824 0.885841 454.364 0.0272479 0.999477 0.0173274 -8.35117 -0.885426 0.0321769 -0.463666 -91.3679
-0.46414 -0.00265365 0.885758 456.82 0.0291928 0.999405 0.0182912 -8.32574 -0.88528 0.0343474 -0.463788 -92.6738
-0.470267 -0.00173326 0.882523 459.2 0.0282588 0.999454 0.0170211 -8.31847 -0.882072 0.0329435 -0.469962 -93.7945
-0.47703 -0.00239334 0.878883 461.678 0.0249284 0.999556 0.0162523 -8.29281 -0.878533 0.029662 -0.47676 -95.0205
-0.482535 -0.00181964 0.875874 464.077 0.0247477 0.999569 0.0157106 -8.28575 -0.875527 0.0292568 -0.482284 -96.2264
-0.48808 -0.00245135 0.872795 466.468 0.025996 0.99951 0.0173445 -8.27962 -0.872411 0.0311547 -0.487779 -97.4519
-0.493697 -0.00497072 0.869619 468.891 0.0276466 0.999387 0.0214079 -8.25896 -0.869194 0.0346111 -0.493259 -98.7197
-0.497769 -0.00649917 0.867285 471.299 0.0327256 0.999118 0.0262695 -8.21984 -0.866692 0.0414586 -0.497118 -100.023
-0.499599 -0.00976747 0.866202 473.767 0.033638 0.998962 0.0306659 -8.16014 -0.865603 0.044458 -0.498754 -101.367
-0.500991 -0.0120123 0.865369 476.154 0.0261779 0.999235 0.0290257 -8.11676 -0.865056 0.0371952 -0.500294 -102.674
-0.499284 -0.00839146 0.866398 478.478 0.0181938 0.99963 0.0201665 -8.04845 -0.866247 0.0258319 -0.498948 -104.005
-0.496158 -0.00680904 0.868206 480.729 0.0127521 0.999803 0.0151286 -7.99746 -0.868139 0.0185777 -0.495974 -105.234
-0.489045 -0.00703574 0.87223 483.07 0.00980472 0.999859 0.0135626 -7.96663 -0.872203 0.0151847 -0.488908 -106.578
-0.485292 -0.00507861 0.874338 485.407 0.0145505 0.999797 0.0138834 -7.95783 -0.874231 0.0194595 -0.48512 -107.912
-0.479294 -0.00744147 0.877623 487.803 0.0118077 0.999818 0.0149261 -7.94227 -0.877575 0.0175167 -0.47912 -109.28
-0.479106 -0.00451902 0.877745 490.161 0.0105196 0.999884 0.0108898 -7.92789 -0.877694 0.0144509 -0.479005 -110.504
-0.475837 -0.00739828 0.879502 492.592 0.00608943 0.999912 0.0117057 -7.93516 -0.879512 0.0109257 -0.475752 -111.85
-0.473357 -0.0123811 0.880784 495.017 -0.00188771 0.999912 0.0130412 -7.93827 -0.880868 0.00451045 -0.47334 -113.16
-0.47295 -0.0148585 0.880964 497.408 -0.00864132 0.999887 0.0122251 -7.94316 -0.881047 -0.00183087 -0.473026 -114.42
-0.472743 -0.0151982 0.881069 499.801 -0.00918094 0.999881 0.0123215 -7.94758 -0.881152 -0.00226415 -0.472828 -115.679
-0.473321 -0.0133484 0.880789 502.161 -0.00176408 0.999896 0.0142055 -7.96451 -0.880888 0.00516997 -0.473297 -116.932
-0.470893 -0.0158551 0.882048 504.587 0.000390569 0.999833 0.0181808 -7.96101 -0.88219 0.00890571 -0.47081 -118.241
-0.46514 -0.0189513 0.885034 507.04 -0.00127823 0.999783 0.0207366 -7.93619 -0.885236 0.00851413 -0.465065 -119.629
-0.456422 -0.0153708 0.889631 509.325 0.00133648 0.999836 0.0179605 -7.89935 -0.889762 0.00938655 -0.456329 -120.984
-0.444395 -0.0126867 0.895741 511.623 0.0050945 0.999846 0.0166887 -7.8767 -0.895816 0.0119797 -0.444264 -122.285
-0.439796 -0.00961464 0.898047 514.013 0.00720301 0.999871 0.0142323 -7.85699 -0.898069 0.0127279 -0.439671 -123.512
-0.437743 -0.0123921 0.899015 516.519 0.00831845 0.999805 0.0178318 -7.86582 -0.899062 0.0152841 -0.437556 -124.739
-0.438839 -0.0109796 0.898499 518.908 0.0152423 0.999689 0.0196607 -7.88894 -0.898437 0.022323 -0.438536 -125.844
-0.437258 -0.0129635 0.899243 521.421 0.0134825 0.999688 0.0209673 -7.8431 -0.899235 0.0212921 -0.436949 -127.079
-0.434993 -0.0132013 0.900337 523.96 0.0114219 0.99973 0.020177 -7.80477 -0.900361 0.0190604 -0.434726 -128.262
-0.441238 -0.0102184 0.897332 526.484 0.0165698 0.999671 0.0195316 -7.77125 -0.897237 0.0234867 -0.440924 -129.459
-0.441012 -0.0123413 0.897417 529.002 0.0142025 0.999683 0.0207271 -7.73065 -0.897389 0.0218864 -0.440698 -130.651
-0.441016 -0.0114075 0.897427 531.537 0.0127169 0.999738 0.0189574 -7.69698 -0.897409 0.019773 -0.440757 -131.868
-0.443908 -0.00588306 0.896053 533.998 0.0180682 0.999715 0.0155147 -7.68267 -0.89589 0.0230772 -0.443677 -133.045
-0.443657 -0.00643512 0.896174 536.48 0.0190348 0.99968 0.0166017 -7.66683 -0.895995 0.0244239 -0.443394 -134.287
-0.443306 -0.00630548 0.896349 538.884 0.0220238 0.999595 0.017924 -7.66987 -0.8961 0.0276868 -0.442989 -135.495
-0.43974 -0.00695453 0.898099 541.252 0.0173037 0.999717 0.0162139 -7.62121 -0.897959 0.0226703 -0.439497 -136.626
-0.438458 -0.00545029 0.898735 543.716 0.0184818 0.999714 0.0150792 -7.586 -0.898562 0.0232219 -0.438233 -137.848
-0.437946 -0.00419974 0.898992 546.159 0.0191383 0.999717 0.0139936 -7.56657 -0.898798 0.0233336 -0.437743 -139.035
-0.438716 -0.00563172 0.898609 548.588 0.0175368 0.999735 0.0148273 -7.55935 -0.898455 0.0222637 -0.438502 -140.232
-0.437578 -0.0082111 0.899143 550.99 0.0166271 0.999712 0.0172213 -7.5596 -0.899027 0.0224858 -0.437317 -141.399
-0.438348 -0.008562 0.898765 553.337 0.0183864 0.999658 0.0184906 -7.56108 -0.898617 0.0246304 -0.438043 -142.584
-0.4393 -0.00461623 0.898329 555.633 0.0260454 0.999499 0.0178728 -7.5685 -0.897963 0.0312488 -0.438961 -143.674
-0.438342 -0.00631353 0.898786 558.117 0.0230794 0.999565 0.0182774 -7.55676 -0.898512 0.0287552 -0.438007 -144.876
-0.440101 -0.00815566 0.897912 560.643 0.0207257 0.999599 0.0192377 -7.55656 -0.89771 0.0270764 -0.439756 -146.03
-0.443934 -0.00533176 0.896044 563.056 0.0258182 0.99949 0.0187386 -7.54379 -0.895688 0.0314529 -0.443571 -147.15
-0.443487 -0.00472306 0.896269 565.488 0.028071 0.999421 0.0191566 -7.51774 -0.895842 0.0336549 -0.443099 -148.379
-0.443096 -0.00615774 0.896453 567.918 0.0251919 0.999494 0.0193173 -7.50295 -0.896121 0.0311428 -0.442718 -149.537
-0.444045 -0.00441769 0.895994 570.359 0.0282726 0.999419 0.0189392 -7.49158 -0.895559 0.033742 -0.443664 -150.736
-0.438776 -0.00530401 0.898581 572.815 0.0294341 0.99936 0.0202715 -7.46606 -0.898115 0.0353436 -0.43834 -152.06
-0.433856 -0.00564085 0.900965 575.262 0.0310189 0.999293 0.0211935 -7.43817 -0.900449 0.0371419 -0.433375 -153.313
-0.43273 -0.00656231 0.9015 577.774 0.030845 0.999279 0.02208 -7.39437 -0.900996 0.0373615 -0.432216 -154.494
-0.434007 -0.00541477 0.900894 580.219 0.0320971 0.999253 0.0214688 -7.37252 -0.900338 0.0382337 -0.43351 -155.629
-0.437327 -0.0025977 0.899299 582.654 0.0371962 0.999086 0.0209743 -7.36929 -0.898534 0.0426232 -0.436832 -156.737
-0.436351 -0.00217469 0.899774 585.121 0.0384126 0.999039 0.021043 -7.33089 -0.898957 0.0437449 -0.435849 -157.965
-0.434227 -0.00227374 0.900801 587.586 0.0394795 0.998986 0.0215525 -7.28834 -0.899939 0.0449219 -0.433698 -159.186
-0.434114 -0.00236462 0.900855 590.025 0.0397923 0.998969 0.0217977 -7.26188 -0.899979 0.0453098 -0.433573 -160.355
-0.435185 -0.00204914 0.900339 592.491 0.0381472 0.999056 0.0207125 -7.23019 -0.899533 0.0433592 -0.434697 -161.483
-0.441276 0.000793156 0.897371 594.965 0.0421295 0.998914 0.019834 -7.19514 -0.896382 0.0465581 -0.440831 -162.645
-0.443609 -0.000637358 0.89622 597.395 0.0421896 0.998875 0.0215933 -7.16772 -0.895227 0.0473902 -0.443084 -163.809
-0.441604 -0.00100386 0.89721 599.837 0.0412429 0.998918 0.0214173 -7.11924 -0.896262 0.0464615 -0.441086 -165.035
-0.442458 0.00323138 0.896783 602.251 0.0430015 0.998918 0.0176168 -7.09242 -0.895758 0.0463578 -0.44212 -166.241
-0.442816 0.00495513 0.896599 604.707 0.0398359 0.999104 0.0141527 -7.07225 -0.895728 0.0419839 -0.442618 -167.417
-0.445725 0.00167472 0.895169 607.156 0.0328122 0.999355 0.0144683 -7.05669 -0.894569 0.0358213 -0.445493 -168.497
-0.44985 0.000864582 0.893104 609.608 0.0360105 0.999202 0.0171709 -7.05742 -0.892378 0.0398854 -0.449523 -169.678
-0.449241 -0.00190699 0.893409 612.087 0.036391 0.999127 0.0204314 -7.05382 -0.89267 0.0416907 -0.448781 -170.906
-0.452987 0.0044774 0.891506 614.486 0.0485208 0.998628 0.0196387 -7.06599 -0.890196 0.0521527 -0.452584 -172.113
-0.456293 0.00363901 0.889822 616.939 0.0469274 0.998697 0.0199797 -7.05738 -0.888592 0.0508737 -0.45587 -173.296
-0.459469 0.00379236 0.888186 619.365 0.0493367 0.998554 0.0212589 -7.05856 -0.886823 0.053588 -0.458993 -174.501
-0.460624 0.00207726 0.887593 621.804 0.0490039 0.99853 0.0230941 -7.04699 -0.886242 0.0541333 -0.46005 -175.729
-0.456489 -0.00137922 0.889728 624.273 0.049377 0.998417 0.0268814 -7.00378 -0.888358 0.0562033 -0.4557 -177.093
-0.456996 -0.00060844 0.889469 626.638 0.0522983 0.99825 0.027553 -6.98804 -0.88793 0.0591094 -0.456166 -178.27
-0.4528 -0.00369321 0.891605 629.04 0.0496666 0.998333 0.0293584 -6.9446 -0.890228 0.0575766 -0.451863 -179.546
-0.451769 -0.0035156 0.892128 631.397 0.0513254 0.998232 0.0299246 -6.9159 -0.890658 0.0593079 -0.450791 -180.74
-0.447692 -0.00493032 0.894174 633.882 0.049557 0.99831 0.0303166 -6.85817 -0.892814 0.0578852 -0.446692 -182.026
-0.450484 -0.0020984 0.892783 636.37 0.0552987 0.99801 0.0302485 -6.80987 -0.891071 0.0629962 -0.449472 -183.327
-0.449413 -0.00241311 0.893321 638.778 0.05656 0.997912 0.0311499 -6.77333 -0.891532 0.0645255 -0.448339 -184.556
-0.446274 -0.00352428 0.89489 641.206 0.0541754 0.99805 0.0309474 -6.74152 -0.893256 0.062292 -0.445214 -185.747
-0.452506 -0.0032459 0.891756 643.645 0.0544322 0.998027 0.0312534 -6.70945 -0.890099 0.0626826 -0.451438 -186.811
-0.447331 -0.00249678 0.894366 646.08 0.0582683 0.997789 0.0319293 -6.66699 -0.892469 0.0663962 -0.446197 -188.143
-0.445521 -0.00560031 0.895255 648.548 0.0556286 0.997873 0.0339257 -6.63214 -0.893542 0.0649164 -0.444263 -189.354
-0.446591 -0.00674371 0.894713 650.945 0.056536 0.997759 0.03574 -6.58797 -0.892951 0.0665447 -0.44521 -190.491
-0.454716 0.000122942 0.890637 653.316 0.0671632 0.997156 0.0341526 -6.56291 -0.888101 0.0753478 -0.453432 -191.697
-0.450704 -0.00388981 0.892665 655.68 0.061897 0.997446 0.035598 -6.52798 -0.890526 0.0712975 -0.449313 -192.861
-0.451192 -0.00544005 0.892411 658.074 0.0611907 0.997438 0.0370175 -6.48501 -0.890327 0.0713093 -0.449704 -194.048
-0.451044 -0.00641636 0.892479 660.473 0.0607953 0.997429 0.0378958 -6.43584 -0.890429 0.0713512 -0.449495 -195.224
-0.448782 -0.00821268 0.893604 662.963 0.0584191 0.997548 0.038507 -6.36968 -0.89173 0.0694848 -0.447203 -196.486
-0.450708 -0.00897537 0.892627 665.346 0.0576689 0.997566 0.0391489 -6.29706 -0.890807 0.0691216 -0.449095 -197.642
-0.452434 -0.00816695 0.891761 667.706 0.0561229 0.997714 0.0376112 -6.23096 -0.890031 0.0670649 -0.450943 -198.791
-0.454353 -0.00572899 0.890803 670.1 0.0574197 0.99771 0.0357034 -6.17027 -0.88897 0.0673717 -0.452985 -199.959
-0.451732 -0.00549072 0.892137 672.551 0.0566426 0.997785 0.0348218 -6.08135 -0.890354 0.0662632 -0.450422 -201.249
-0.4482 -0.00605936 0.893913 675.009 0.0575741 0.997704 0.03563 -5.99522 -0.892078 0.0674356 -0.446823 -202.52
-0.445108 -0.0063143 0.895455 677.403 0.0576761 0.997695 0.0357046 -5.9189 -0.893618 0.0675388 -0.443719 -203.771
-0.443789 -0.00478302 0.896119 679.8 0.0573704 0.997781 0.0337375 -5.85526 -0.894294 0.0663831 -0.442531 -204.967
-0.443846 -0.00241145 0.8961 682.203 0.0580079 0.99782 0.031417 -5.79678 -0.894224 0.0659252 -0.44274 -206.169
-0.447627 -0.001212 0.89422 684.613 0.0573307 0.997901 0.030051 -5.76001 -0.892381 0.0647179 -0.446619 -207.248
-0.448753 -0.00129672 0.893655 687.026 0.0579054 0.997854 0.0305253 -5.71051 -0.891779 0.0654458 -0.447716 -208.443
-0.448981 -0.00258264 0.893538 689.456 0.0579371 0.997806 0.031996 -5.66108 -0.891661 0.0661347 -0.447848 -209.641
-0.444618 -0.00459133 0.895709 691.854 0.0539929 0.998029 0.0319171 -5.60166 -0.894092 0.0625529 -0.443495 -210.787
-0.443738 -0.00215653 0.896154 694.176 0.0602288 0.997663 0.0322236 -5.55469 -0.894131 0.0682732 -0.442573 -212.02
-0.442093 -0.00140307 0.896968 696.59 0.0606211 0.997664 0.0314392 -5.49586 -0.894919 0.0682744 -0.440977 -213.236
-0.440868 -0.00345166 0.897565 699.041 0.0570905 0.997858 0.0318792 -5.45366 -0.895755 0.065297 -0.439728 -214.407
-0.442912 -0.00402148 0.896556 701.457 0.0579304 0.99777 0.0330939 -5.41974 -0.894692 0.0665956 -0.441692 -215.561
-0.443612 -0.00527079 0.896204 703.886 0.0575281 0.997751 0.0343439 -5.37378 -0.894371 0.0667923 -0.442313 -216.727
-0.446015 -0.0044599 0.895015 706.292 0.060672 0.997535 0.0352057 -5.32508 -0.892967 0.0700047 -0.444647 -217.887
-0.446971 -0.00552155 0.894532 708.67 0.0571365 0.997761 0.0347082 -5.27055 -0.892722 0.066624 -0.445656 -218.978
-0.450471 -0.0044491 0.89278 711.103 0.0568563 0.997813 0.0336606 -5.21 -0.89098 0.0659234 -0.449234 -220.155
-0.454064 -0.00485803 0.890956 713.532 0.0553526 0.997898 0.0336508 -5.15487 -0.889249 0.0645964 -0.452842 -221.272
-0.454626 -0.00576723 0.890664 715.968 0.0545803 0.997918 0.0343214 -5.08383 -0.889009 0.0642162 -0.453366 -222.484
-0.455544 -0.00444909 0.890202 718.365 0.0556283 0.997889 0.033454 -5.02677 -0.888474 0.0647603 -0.454336 -223.653
-0.453437 -0.00368514 0.891281 720.75 0.0554635 0.997935 0.032343 -4.96997 -0.889562 0.0640991 -0.452298 -224.932
-0.453355 -0.00161903 0.891329 723.153 0.0579693 0.997826 0.0312973 -4.91683 -0.889444 0.0658586 -0.452276 -226.157
-0.453542 -0.00119344 0.891234 725.519 0.0598644 0.997698 0.0318005 -4.86621 -0.889223 0.0677762 -0.452428 -227.338
