1 0 0 0 0 1 0 0 0 0 1 0
0.999949 0.00530429 -0.00862176 0.0906026 -0.00532841 0.999982 -0.00277714 0.066488 0.00860687 0.00282294 0.999959 0.84168
0.999945 0.00175779 -0.0102917 0.109238 -0.0018113 0.999985 -0.00519186 0.0792719 0.0102824 0.00521022 0.999934 1.80245
0.999943 -0.000197198 -0.0106415 0.106344 0.0001821 0.999999 -0.0014197 0.0803569 0.0106417 0.00141768 0.999942 2.77213
0.999913 -0.00246313 -0.0129957 0.119468 0.00252109 0.999987 0.00444537 0.0793261 0.0129846 -0.00447775 0.999906 3.74176
0.999878 -0.00618892 -0.0143679 0.109706 0.00625434 0.99997 0.00451296 0.0830685 0.0143395 -0.00460227 0.999887 4.70952
0.99984 -0.00885391 -0.0155543 0.0984883 0.00888682 0.999958 0.00204799 0.0881197 0.0155355 -0.00218589 0.999877 5.67341
0.999799 -0.0100306 -0.0173439 0.0914117 0.0100094 0.999949 -0.00130924 0.088448 0.0173561 0.00113537 0.999849 6.62469
0.99977 -0.00979097 -0.0190802 0.080323 0.00975781 0.999951 -0.00183015 0.0907222 0.0190972 0.00164354 0.999816 7.58458
0.999726 -0.0099826 -0.0211562 0.0680786 0.00997858 0.99995 -0.000295918 0.0979226 0.0211581 8.47285e-05 0.999776 8.53377
0.999686 -0.0094924 -0.0231693 0.0568916 0.00954304 0.999952 0.00207614 0.103878 0.0231485 -0.00229659 0.999729 9.48498
0.999637 -0.00975369 -0.0251297 0.0451932 0.00983763 0.999946 0.00321911 0.109295 0.0250969 -0.00346516 0.999679 10.4439
0.999604 -0.0106354 -0.0260327 0.0256917 0.0107433 0.999934 0.00400768 0.106471 0.0259884 -0.00428578 0.999653 11.3772
0.99955 -0.0112138 -0.0278348 0.00855288 0.0113326 0.999927 0.0041122 0.11019 0.0277867 -0.00442579 0.999604 12.3145
0.999535 -0.0113371 -0.0283162 -0.0238765 0.0114202 0.999931 0.00277514 0.110882 0.0282828 -0.00309722 0.999595 13.2343
0.999476 -0.012196 -0.029997 -0.0522957 0.0122246 0.999925 0.000770401 0.115158 0.0299854 -0.0011367 0.99955 14.1802
0.999393 -0.0136372 -0.0320515 -0.0738077 0.0136269 0.999907 -0.000541371 0.114966 0.0320559 0.00010428 0.999486 15.116
0.999318 -0.0132538 -0.0344575 -0.0985206 0.0132204 0.999912 -0.00119578 0.114854 0.0344703 0.000739426 0.999406 16.0496
0.999246 -0.0119539 -0.0369427 -0.123446 0.0118902 0.999927 -0.00194458 0.110859 0.0369633 0.00150386 0.999316 16.9561
0.99917 -0.010389 -0.0393827 -0.152528 0.0103282 0.999945 -0.00174796 0.10736 0.0393987 0.00133976 0.999223 17.8594
0.999077 -0.0111515 -0.041491 -0.183372 0.0111262 0.999938 -0.000840388 0.104654 0.0414978 0.000377974 0.999139 18.7628
0.999 -0.0103747 -0.0434837 -0.224031 0.0104194 0.999945 0.000800996 0.101773 0.0434731 -0.00125327 0.999054 19.6836
0.998944 -0.0098982 -0.0448742 -0.270576 0.00999742 0.999948 0.00198718 0.0949988 0.0448522 -0.00243371 0.998991 20.5811
0.998858 -0.0108519 -0.0465333 -0.314208 0.0109583 0.999938 0.00203172 0.0937238 0.0465083 -0.00253932 0.998915 21.4804
0.9988 -0.0110391 -0.0477049 -0.364647 0.0111411 0.999936 0.00187255 0.091503 0.0476812 -0.00240179 0.99886 22.3893
0.998777 -0.0104921 -0.0483129 -0.421739 0.0106334 0.99994 0.00266978 0.0894442 0.048282 -0.00318025 0.998829 23.2572
0.998764 -0.0101257 -0.0486553 -0.473635 0.0103533 0.999936 0.00442758 0.0905542 0.0486073 -0.00492585 0.998806 24.1384
0.998678 -0.0110884 -0.0502014 -0.505565 0.0114628 0.999908 0.00717649 0.0945959 0.0501172 -0.00774245 0.998713 25.0073
0.998671 -0.0118156 -0.050171 -0.556402 0.0121904 0.9999 0.00717008 0.116641 0.0500813 -0.00777216 0.998715 25.8567
0.998548 -0.0122545 -0.0524621 -0.585132 0.012593 0.999902 0.00612814 0.120523 0.0523819 -0.0067799 0.998604 26.7271
0.998403 -0.010778 -0.0554605 -0.611168 0.0110076 0.999932 0.00383677 0.11941 0.0554153 -0.00444114 0.998454 27.5657
0.99834 -0.0105782 -0.0566245 -0.65615 0.0107142 0.99994 0.00209885 0.123075 0.0565989 -0.00270205 0.998393 28.3851
0.998258 -0.00976934 -0.05818 -0.697053 0.00988642 0.99995 0.00172485 0.127614 0.0581602 -0.00229704 0.998305 29.2169
0.998176 -0.010459 -0.0594653 -0.746108 0.0105161 0.999944 0.000646655 0.13381 0.0594553 -0.00127082 0.99823 30.0144
0.99804 -0.00983698 -0.0617949 -0.791967 0.00984775 0.999951 -0.000130208 0.131659 0.0617932 -0.00047859 0.998089 30.8103
0.997957 -0.00877725 -0.063287 -0.850108 0.00884963 0.99996 0.000863402 0.119961 0.0632769 -0.00142171 0.997995 31.5853
0.997817 -0.00861902 -0.0654746 -0.897956 0.0087756 0.999959 0.00210441 0.123464 0.0654538 -0.0026744 0.997852 32.3756
0.997684 -0.00861518 -0.0674707 -0.959701 0.00893304 0.99995 0.0044109 0.125121 0.0674293 -0.0050034 0.997711 33.1313
0.997557 -0.00737608 -0.0694722 -1.0173 0.00782127 0.99995 0.0061384 0.127045 0.0694235 -0.00666677 0.997565 33.8958
0.997482 -0.00589407 -0.0706733 -1.08344 0.00636296 0.999959 0.00641137 0.132181 0.0706326 -0.00684492 0.997479 34.639
0.997357 -0.00299802 -0.0725903 -1.14141 0.00344676 0.999976 0.00605734 0.132337 0.0725704 -0.00629153 0.997343 35.3849
0.997265 -0.00117264 -0.073897 -1.20894 0.00158515 0.999983 0.00552386 0.135324 0.0738893 -0.00562589 0.99725 36.102
0.997193 -0.000195002 -0.0748725 -1.27852 0.000695218 0.999977 0.00665494 0.140759 0.0748695 -0.00668832 0.997171 36.8087
0.997178 0.00161101 -0.0750602 -1.34975 -0.000988606 0.999965 0.00832855 0.148918 0.075071 -0.00823084 0.997144 37.516
0.997247 0.00466592 -0.0740067 -1.42538 -0.00404825 0.999956 0.00849398 0.157067 0.0740431 -0.008171 0.997221 38.2118
0.997394 0.00790854 -0.0717107 -1.49509 -0.00748139 0.999952 0.00622331 0.163475 0.0717565 -0.0056706 0.997406 38.9082
0.997476 0.00903673 -0.0704353 -1.53876 -0.00881629 0.999955 0.00343989 0.164938 0.0704632 -0.00281023 0.99751 39.6027
0.997629 0.0091321 -0.0682128 -1.5881 -0.0090342 0.999957 0.0017435 0.167737 0.0682258 -0.00112312 0.997669 40.275
0.997789 0.0104624 -0.0656396 -1.62047 -0.0103248 0.999943 0.00243485 0.176357 0.0656613 -0.00175175 0.99784 40.9629
0.997917 0.015232 -0.0626961 -1.66028 -0.0149613 0.999876 0.00478416 0.182896 0.0627612 -0.00383618 0.998021 41.6188
0.998074 0.0201065 -0.0586949 -1.70854 -0.0196814 0.999776 0.00781064 0.186497 0.0588388 -0.00664039 0.998245 42.2489
0.998217 0.0260329 -0.0537083 -1.75502 -0.0256109 0.999635 0.00853032 0.193094 0.0539108 -0.00713959 0.99852 42.8676
0.998397 0.0291784 -0.0484975 -1.78345 -0.0287672 0.999544 0.0091546 0.194755 0.0487426 -0.00774479 0.998781 43.4773
0.998568 0.0330684 -0.0420542 -1.82316 -0.0326206 0.999404 0.0112905 0.198939 0.0424025 -0.0099025 0.999051 44.0477
0.998643 0.038423 -0.0351557 -1.85837 -0.0380201 0.999204 0.0120576 0.210824 0.0355911 -0.0107046 0.999309 44.6036
0.998748 0.0419179 -0.0273231 -1.88691 -0.0416115 0.999065 0.0116863 0.214169 0.0277875 -0.0105347 0.999558 45.1355
0.998794 0.0446607 -0.0204136 -1.89395 -0.0444259 0.998943 0.0118136 0.21448 0.0209196 -0.0108925 0.999721 45.6563
0.998709 0.0491139 -0.0129691 -1.9045 -0.0489679 0.998736 0.0113416 0.220484 0.0135098 -0.0106919 0.999851 46.177
0.998599 0.0526008 -0.0057707 -1.90606 -0.0525506 0.998582 0.00853114 0.225128 0.0062113 -0.00821593 0.999946 46.6638
0.998534 0.0541005 0.00195209 -1.9036 -0.0541107 0.998518 0.00568398 0.229793 -0.00164165 -0.00578127 0.999981 47.1377
0.998516 0.0536323 0.00951735 -1.89284 -0.053688 0.998541 0.00569456 0.227513 -0.00919801 -0.00619707 0.999938 47.5615
0.998421 0.0534263 0.0173671 -1.88119 -0.0535532 0.998541 0.0069247 0.230621 -0.0169718 -0.00784382 0.999825 47.9727
0.998152 0.0554536 0.0248759 -1.86653 -0.0556575 0.998421 0.00758293 0.234105 -0.024416 -0.00895344 0.999661 48.3738
0.997611 0.0603689 0.0335996 -1.86032 -0.0606542 0.99813 0.00753753 0.242344 -0.0330817 -0.00955747 0.999406 48.7226
0.99699 0.0649847 0.0422959 -1.85128 -0.0653147 0.997843 0.00646652 0.254341 -0.0417844 -0.00920959 0.999084 49.0667
0.996318 0.0687763 0.0511898 -1.8413 -0.069155 0.997589 0.00566235 0.275571 -0.0506769 -0.00918152 0.998672 49.3944
0.995765 0.0689578 0.0608028 -1.82188 -0.0694537 0.997566 0.00607785 0.275414 -0.0602356 -0.0102751 0.998131 49.6657
0.995139 0.0674537 0.0717596 -1.79477 -0.0679323 0.99768 0.00424763 0.272591 -0.0713065 -0.00910177 0.997412 49.9309
0.99431 0.0658991 0.0837039 -1.75618 -0.0661019 0.997812 -0.000348613 0.27263 -0.0835437 -0.00518636 0.99649 50.1971
0.993025 0.0670817 0.0969585 -1.7179 -0.066966 0.997745 -0.00445015 0.26687 -0.0970383 -0.00207382 0.995278 50.4481
0.991277 0.0684884 0.112601 -1.67938 -0.0682005 0.997651 -0.00641131 0.262056 -0.112775 -0.00132404 0.993619 50.7101
0.989189 0.0701595 0.128779 -1.63609 -0.0697491 0.997534 -0.0076989 0.257593 -0.129001 -0.00136652 0.991643 50.9718
0.986799 0.0704059 0.145846 -1.58826 -0.0698909 0.997517 -0.00865825 0.251273 -0.146094 -0.00164936 0.989269 51.2272
0.983995 0.0694062 0.164123 -1.53568 -0.0687275 0.997587 -0.00981707 0.244462 -0.164408 -0.00161982 0.986391 51.4808
0.980563 0.0685538 0.183839 -1.47676 -0.0678231 0.997644 -0.010267 0.239887 -0.184109 -0.00240102 0.982902 51.7349
0.976483 0.0684637 0.204437 -1.4127 -0.0675438 0.99765 -0.0114826 0.231155 -0.204742 -0.00259587 0.978812 51.9711
0.971705 0.0701961 0.225529 -1.33375 -0.0688353 0.997531 -0.0139016 0.233353 -0.225948 -0.00201608 0.974137 52.2419
0.965972 0.0713429 0.248613 -1.25335 -0.0695239 0.99745 -0.0161009 0.22722 -0.249128 -0.00173151 0.968469 52.4793
0.959206 0.0721077 0.27336 -1.16104 -0.0700142 0.997393 -0.0174195 0.226465 -0.273903 -0.00243016 0.961754 52.7432
0.951209 0.0749991 0.299293 -1.0592 -0.0727548 0.997175 -0.0186513 0.22299 -0.299846 -0.00403375 0.953979 53.0136
0.941995 0.0768954 0.326699 -0.945983 -0.0744231 0.997024 -0.0200809 0.219133 -0.327271 -0.0053979 0.944915 53.2854
0.931464 0.0771676 0.355556 -0.82346 -0.0743096 0.996998 -0.0217103 0.210938 -0.356164 -0.00619883 0.934402 53.5499
0.919709 0.0748862 0.385393 -0.679588 -0.07121 0.997176 -0.0238258 0.201677 -0.386089 -0.00553108 0.922444 53.8059
0.905755 0.0716562 0.417701 -0.505711 -0.0666349 0.997422 -0.0266139 0.186842 -0.418531 -0.00372775 0.908195 54.0687
0.889422 0.0704287 0.451628 -0.322004 -0.0634348 0.997515 -0.03063 0.170904 -0.452663 -0.00140597 0.89168 54.3246
0.871105 0.0716702 0.485839 -0.128639 -0.0622982 0.997428 -0.0354388 0.1536 -0.487129 0.000604025 0.873329 54.573
0.850563 0.0730396 0.520776 0.0724591 -0.0613118 0.997327 -0.0397384 0.138822 -0.522286 0.00187031 0.852768 54.8127
0.827366 0.075458 0.556572 0.284527 -0.0618155 0.997147 -0.0432986 0.122415 -0.558252 0.00141893 0.82967 55.0448
0.801257 0.0790304 0.593079 0.520865 -0.0640977 0.996871 -0.0462408 0.10678 -0.594877 -0.000964236 0.803815 55.2975
0.772626 0.0832995 0.629374 0.779964 -0.0674884 0.996513 -0.0490422 0.0893177 -0.631264 -0.0045841 0.775553 55.5522
0.740883 0.0845125 0.666296 1.05106 -0.06718 0.996401 -0.0516825 0.0711102 -0.668266 -0.00647107 0.743894 55.7938
0.705675 0.0820622 0.703768 1.29565 -0.0634258 0.996598 -0.0526098 0.0547322 -0.705691 -0.00751161 0.708479 55.9986
0.667827 0.0807491 0.739924 1.58328 -0.0606719 0.996695 -0.0540108 0.0357052 -0.741839 -0.00882275 0.670519 56.2121
0.626845 0.0798982 0.775037 1.92488 -0.0581601 0.996751 -0.0557151 0.00847968 -0.77697 -0.0101515 0.629455 56.4416
0.581995 0.0790304 0.809343 2.28098 -0.0541193 0.996823 -0.0584205 -0.0185231 -0.811389 -0.00980065 0.584423 56.6563
0.534354 0.0777847 0.841674 2.69259 -0.0505089 0.996915 -0.0600649 -0.0460475 -0.84375 -0.0104161 0.536634 56.8934
0.486337 0.0760908 0.870452 3.09856 -0.0494057 0.997001 -0.0595494 -0.0720939 -0.872373 -0.0140442 0.488638 57.0931
0.437168 0.0737548 0.896351 3.56555 -0.0489598 0.997105 -0.0581666 -0.104519 -0.898046 -0.0184566 0.439513 57.3029
0.387542 0.0728787 0.918967 4.03834 -0.0510249 0.997037 -0.0575522 -0.134428 -0.920438 -0.0245863 0.390113 57.4859
0.338314 0.0734075 0.938166 4.54207 -0.0492593 0.996967 -0.0602449 -0.156679 -0.939743 -0.0258317 0.340904 57.6594
0.29212 0.0700866 0.95381 5.00542 -0.0382435 0.997369 -0.0615747 -0.182742 -0.955616 -0.0184898 0.294032 57.7444
0.249006 0.0637268 0.966403 5.47885 -0.0252006 0.997921 -0.0593119 -0.212083 -0.968174 -0.00958491 0.250094 57.7977
0.207594 0.0624065 0.976223 5.99803 -0.0155512 0.998047 -0.0604947 -0.238823 -0.978091 -0.0026231 0.208159 57.8609
0.169847 0.0639004 0.983397 6.56462 -0.0119456 0.997955 -0.0627832 -0.261302 -0.985398 -0.00108377 0.170263 57.9361
0.137962 0.0643822 0.988343 7.08143 -0.00269312 0.997905 -0.0646292 -0.29206 -0.990433 0.00625467 0.137847 57.9528
0.109276 0.062935 0.992017 7.62402 0.00531316 0.997942 -0.0638961 -0.320023 -0.993997 0.0122531 0.108717 57.9724
0.0842466 0.0611539 0.994567 8.20589 0.012553 0.99797 -0.0624266 -0.346812 -0.996365 0.017744 0.0833079 58.0032
0.0642743 0.0602533 0.996112 8.79036 0.0176117 0.997951 -0.061501 -0.371741 -0.997776 0.0214961 0.0630815 58.0223
0.0485075 0.0619772 0.996898 9.37949 0.0204632 0.997802 -0.0630291 -0.399385 -0.998613 0.0234571 0.0471326 58.0299
0.036606 0.0614151 0.997441 9.9817 0.0210389 0.997841 -0.0622119 -0.439989 -0.999108 0.0232623 0.0352348 58.0101
0.0242681 0.0620941 0.997775 10.612 0.0225055 0.997782 -0.062642 -0.468761 -0.999452 0.0239756 0.0228168 58.0378
0.0151994 0.0649814 0.997771 11.2449 0.0278952 0.99747 -0.0653867 -0.500755 -0.999495 0.0288269 0.0133482 58.0414
0.00940073 0.0664593 0.997745 11.8799 0.0321843 0.997252 -0.0667297 -0.539878 -0.999437 0.032739 0.00723595 58.0183
0.00507035 0.0654941 0.99784 12.5184 0.0331051 0.997295 -0.0656265 -0.581475 -0.999439 0.0333664 0.00288844 58.0094
0.00169497 0.0628738 0.99802 13.1998 0.0307798 0.997545 -0.0628961 -0.614634 -0.999524 0.0308254 -0.00024443 58.0119
-0.000874355 0.0561935 0.99842 13.8833 0.0290218 0.998001 -0.0561446 -0.643376 -0.999578 0.0289268 -0.00250344 58.012
-0.00242162 0.0510644 0.998693 14.5698 0.029723 0.998257 -0.0509702 -0.67242 -0.999555 0.0295607 -0.00393519 58.0127
-0.00254812 0.0487027 0.99881 15.293 0.0324665 0.99829 -0.0485945 -0.699134 -0.999469 0.0323041 -0.00412496 58.0001
-0.00221286 0.0513247 0.99868 16.0061 0.0355526 0.998054 -0.0512139 -0.72881 -0.999365 0.0353923 -0.00403328 57.9896
-0.000891297 0.0581267 0.998309 16.7341 0.0368 0.997635 -0.0580547 -0.764291 -0.999322 0.036686 -0.00302825 57.9785
0.00079455 0.0654126 0.997858 17.4536 0.0377056 0.997146 -0.0653961 -0.80408 -0.999288 0.0376768 -0.00167414 57.9845
0.000836651 0.0657027 0.997839 18.162 0.0393299 0.997065 -0.0656848 -0.846053 -0.999226 0.0392999 -0.00174988 58.0317
0.0014482 0.0611558 0.998127 18.9207 0.0387992 0.997373 -0.0611659 -0.885756 -0.999246 0.0388151 -0.000928396 58.059
0.00216757 0.0554836 0.998457 19.6723 0.0378689 0.997739 -0.0555259 -0.922903 -0.99928 0.0379309 6.15643e-05 58.0984
0.00449569 0.0540342 0.998529 20.4496 0.0352774 0.997909 -0.0541595 -0.960259 -0.999367 0.035469 0.00258011 58.1087
0.00572713 0.0591959 0.99823 21.1733 0.0434666 0.997288 -0.0593894 -1.00319 -0.999038 0.0437298 0.00313856 58.1358
0.00781602 0.064492 0.997888 21.9075 0.0459989 0.996838 -0.0647845 -1.04673 -0.99891 0.0464081 0.00482475 58.1568
0.00889231 0.064427 0.997883 22.6578 0.0408504 0.997066 -0.0647383 -1.09544 -0.999125 0.0413396 0.00623434 58.1985
0.012319 0.0608895 0.998068 23.4386 0.0368304 0.997439 -0.0613057 -1.14012 -0.999245 0.0375145 0.0100449 58.2188
0.0163206 0.0577705 0.998196 24.2185 0.0413605 0.997436 -0.0584028 -1.18308 -0.99901 0.0422391 0.0138894 58.2415
0.0199094 0.0583918 0.998095 24.9111 0.0463931 0.997164 -0.0592627 -1.23085 -0.998724 0.0474846 0.017144 58.1949
0.0239496 0.0627945 0.997739 25.6842 0.0463953 0.99688 -0.0638541 -1.27393 -0.998635 0.0478196 0.0209615 58.204
0.0278758 0.063601 0.997586 26.4649 0.0428347 0.996981 -0.0647593 -1.31642 -0.998693 0.0445366 0.0250673 58.2336
0.0319972 0.0630318 0.997498 27.247 0.0427235 0.997011 -0.0643715 -1.35954 -0.998574 0.0446763 0.0292086 58.2675
0.0363262 0.0604521 0.99751 27.9767 0.0471995 0.996951 -0.0621371 -1.39374 -0.998224 0.0493391 0.0333621 58.2588
0.0404429 0.0615625 0.997284 28.717 0.0517558 0.996631 -0.0636211 -1.42874 -0.99784 0.0541882 0.0371204 58.2541
0.044868 0.0623699 0.997044 29.4984 0.055631 0.996344 -0.0648296 -1.47332 -0.997442 0.0583753 0.0412343 58.2841
0.0480935 0.0626432 0.996876 30.2771 0.0554958 0.996322 -0.0652858 -1.51474 -0.997299 0.0584623 0.0444401 58.3175
0.0516847 0.0615169 0.996767 31.0558 0.0568493 0.996301 -0.0644359 -1.55541 -0.997043 0.0599959 0.0479963 58.3537
0.0544342 0.0608002 0.996664 31.8584 0.0587917 0.996218 -0.0639839 -1.60049 -0.996784 0.0620785 0.0506538 58.4113
0.0567366 0.0616755 0.996482 32.6739 0.0566839 0.996281 -0.0648905 -1.64455 -0.996778 0.0601662 0.0530296 58.4817
0.0597246 0.0635137 0.996192 33.443 0.0542231 0.996294 -0.066771 -1.68836 -0.99674 0.0580045 0.0560593 58.5327
0.0640479 0.0632973 0.995937 34.2025 0.0565443 0.996153 -0.0669473 -1.73332 -0.996343 0.0606024 0.0602224 58.5589
0.0687963 0.0632081 0.995626 34.9073 0.0543044 0.996274 -0.0670016 -1.77457 -0.996151 0.0586764 0.0651074 58.562
0.0744106 0.0638926 0.995179 35.6998 0.0529828 0.996282 -0.0679251 -1.81194 -0.995818 0.0577817 0.0707488 58.5642
0.0799783 0.0644716 0.994709 36.4817 0.0498218 0.9964 -0.068587 -1.85108 -0.99555 0.0550437 0.0764782 58.5841
0.0847622 0.0669602 0.994149 37.2598 0.0484581 0.996282 -0.0712355 -1.89504 -0.995221 0.0542127 0.0812022 58.6278
0.0879268 0.070706 0.993614 38.0838 0.0472334 0.996059 -0.0750598 -1.94752 -0.995006 0.0535316 0.0842405 58.7164
0.0925888 0.073151 0.993014 38.8249 0.0471364 0.995857 -0.0777555 -1.99766 -0.994587 0.0540064 0.0887571 58.7494
0.0938712 0.0750977 0.992748 39.6189 0.040976 0.996014 -0.0792193 -2.05952 -0.99474 0.0481153 0.0904198 58.86
0.0957011 0.0742884 0.992634 40.4018 0.0371119 0.996251 -0.0781371 -2.11764 -0.994717 0.0443163 0.0925853 58.9488
0.0985039 0.0748653 0.992316 41.1629 0.0390159 0.996109 -0.0790244 -2.17648 -0.994371 0.0465003 0.0951996 59.0171
0.101173 0.0756872 0.991985 41.9578 0.0386897 0.996048 -0.0799432 -2.23853 -0.994116 0.0464678 0.0978447 59.1156
0.103689 0.07622 0.991685 42.7672 0.0349672 0.996163 -0.0802203 -2.30242 -0.993994 0.0429944 0.100626 59.2274
0.106074 0.0739697 0.991603 43.5576 0.0340049 0.996376 -0.0779634 -2.3624 -0.993776 0.0419892 0.103174 59.3289
0.111298 0.0739231 0.991034 44.3483 0.0347209 0.996331 -0.0782177 -2.42135 -0.99318 0.0431151 0.108323 59.3979
0.117019 0.0773244 0.990115 45.1534 0.0313278 0.99618 -0.0815007 -2.48491 -0.992635 0.0405553 0.11415 59.4873
0.121193 0.08516 0.988969 45.9615 0.0295891 0.99556 -0.0893535 -2.55793 -0.992187 0.0400918 0.118135 59.6252
0.128303 0.0899514 0.987647 46.7514 0.0275387 0.995171 -0.0942141 -2.62447 -0.991352 0.0392865 0.125206 59.722
0.133823 0.0931295 0.986619 47.5734 0.0225395 0.995031 -0.0969807 -2.69411 -0.990748 0.0352162 0.131059 59.8747
0.138759 0.0923548 0.98601 48.3908 0.0180755 0.99524 -0.0957631 -2.76409 -0.990161 0.0311106 0.136429 60.029
0.144878 0.0903333 0.985317 49.2015 0.0188854 0.995389 -0.0940336 -2.83736 -0.989269 0.0322315 0.142504 60.1685
0.151067 0.0871684 0.984673 50.0149 0.0180661 0.995694 -0.0909158 -2.90753 -0.988358 0.0315236 0.148842 60.3101
0.157898 0.0816005 0.984078 50.836 0.0164234 0.996224 -0.0852429 -2.97434 -0.987318 0.0296216 0.155962 60.4508
0.164737 0.0745353 0.983517 51.6592 0.0143186 0.996854 -0.0779445 -3.03564 -0.986233 0.026923 0.163151 60.5995
0.171917 0.0720848 0.98247 52.48 0.0150557 0.99701 -0.0757862 -3.09669 -0.984996 0.0278207 0.170317 60.7519
0.179084 0.0738288 0.98106 53.2732 0.014794 0.996865 -0.0777188 -3.16268 -0.983722 0.028432 0.177431 60.8866
0.184696 0.0797059 0.979558 54.0877 0.0149586 0.996362 -0.0838937 -3.23235 -0.982681 0.0301476 0.182831 61.055
0.18964 0.0826287 0.97837 54.9094 0.0134976 0.996139 -0.0867457 -3.30446 -0.98176 0.0296562 0.187793 61.2338
0.194703 0.0855117 0.977127 55.7011 0.0119821 0.99591 -0.0895431 -3.37474 -0.980789 0.0291424 0.192882 61.3945
0.200747 0.0850008 0.975948 56.4869 0.0100039 0.995998 -0.0888049 -3.44123 -0.979592 0.0275906 0.199093 61.5505
0.206895 0.0821438 0.974908 57.2504 0.0140846 0.996115 -0.0869197 -3.50401 -0.978261 0.0317144 0.204934 61.689
0.212877 0.0753514 0.974169 58.0309 0.0153708 0.99664 -0.0804484 -3.56356 -0.976958 0.0320993 0.211003 61.8428
0.216497 0.0692888 0.973821 58.8205 0.0134963 0.99717 -0.0739506 -3.6257 -0.97619 0.029153 0.214949 62.0259
0.221601 0.0653945 0.972942 59.6018 0.00996901 0.997544 -0.0693188 -3.69036 -0.975086 0.0250604 0.220405 62.1991
0.225717 0.0651289 0.972013 60.3315 0.0085204 0.997592 -0.0688214 -3.74911 -0.974155 0.0238162 0.224619 62.3574
0.230298 0.0669627 0.970813 61.0903 0.00744461 0.997479 -0.0705681 -3.80009 -0.973091 0.0234791 0.229219 62.5116
0.23145 0.0705208 0.970287 61.8062 0.00320072 0.997308 -0.0732482 -3.86296 -0.972841 0.0200589 0.230601 62.6984
0.23411 0.0742407 0.969371 62.4998 0.00277185 0.997025 -0.0770281 -3.91905 -0.972206 0.02072 0.233208 62.8593
0.237927 0.0788881 0.968074 63.2008 0.00279055 0.996636 -0.0819015 -3.97548 -0.971279 0.022188 0.236906 63.0118
0.240182 0.0803188 0.967399 63.8909 0.00387865 0.996483 -0.0836965 -4.03215 -0.97072 0.0238546 0.239026 63.1745
0.241367 0.0800718 0.967124 64.5854 0.000825632 0.996572 -0.082716 -4.0875 -0.970433 0.0207634 0.240474 63.364
0.241972 0.0769114 0.96723 65.2329 0.00197252 0.996812 -0.0797572 -4.14338 -0.970281 0.0212069 0.241049 63.517
0.242714 0.0740018 0.967271 65.9039 0.00263787 0.997032 -0.0769406 -4.19837 -0.970094 0.0212261 0.241799 63.6874
0.242899 0.071822 0.967389 66.5492 0.00490885 0.997151 -0.0752643 -4.25062 -0.970039 0.0230304 0.241854 63.8352
0.242529 0.0704576 0.967582 67.2027 0.00527853 0.997248 -0.0739409 -4.30201 -0.97013 0.0230402 0.241489 63.9898
0.242242 0.0712612 0.967595 67.831 0.00411892 0.997214 -0.0744738 -4.35156 -0.970207 0.0220262 0.241274 64.1231
0.241638 0.0739094 0.967547 68.478 0.00322811 0.997028 -0.0769676 -4.40303 -0.970361 0.0217217 0.240682 64.2785
0.240736 0.0774206 0.967498 69.0861 0.00490424 0.996703 -0.080978 -4.4557 -0.970578 0.0242392 0.239563 64.4031
0.239346 0.0775539 0.967832 69.6998 0.00736649 0.99663 -0.0816833 -4.50248 -0.970906 0.0266801 0.237968 64.551
0.237854 0.076368 0.968294 70.3032 0.00668776 0.996751 -0.0802553 -4.54824 -0.971278 0.0255647 0.23657 64.6925
0.236202 0.0738516 0.968893 70.8918 0.00613309 0.996974 -0.0774872 -4.59253 -0.971684 0.0242449 0.235034 64.8277
0.234881 0.070464 0.969467 71.474 0.0069752 0.99722 -0.0741713 -4.63533 -0.971999 0.0241836 0.233736 64.9561
0.234127 0.0691067 0.969746 72.0373 0.0114002 0.997206 -0.073816 -4.68063 -0.972139 0.0283377 0.232685 65.0703
0.233451 0.0678412 0.969999 72.5941 0.0182369 0.997081 -0.0741245 -4.72494 -0.972197 0.0349943 0.231532 65.1815
0.231271 0.0689024 0.970446 73.1411 0.0234269 0.996805 -0.0763569 -4.76443 -0.972607 0.0403937 0.228918 65.2977
0.22993 0.0705347 0.970647 73.6885 0.0233171 0.996684 -0.0779502 -4.80474 -0.972928 0.0405558 0.227523 65.413
0.22826 0.0735608 0.970817 74.2324 0.0225119 0.996475 -0.0807981 -4.84167 -0.97334 0.0402979 0.225799 65.5389
0.226553 0.0727575 0.971277 74.777 0.0237053 0.996498 -0.0801762 -4.87866 -0.97371 0.0411886 0.224035 65.6637
0.226255 0.0702979 0.971528 75.3282 0.0311312 0.99636 -0.0793448 -4.91768 -0.97357 0.048197 0.223243 65.7924
0.227561 0.0674653 0.971424 75.8703 0.0374356 0.996253 -0.0779592 -4.95458 -0.973044 0.0541063 0.224182 65.9076
0.228811 0.0664229 0.971202 76.4163 0.0406564 0.996146 -0.0777074 -4.99223 -0.972621 0.0572659 0.225228 66.0285
0.232193 0.065896 0.970435 76.9854 0.0391905 0.996258 -0.0770265 -5.03269 -0.971879 0.0559169 0.228742 66.1747
0.237298 0.0668914 0.969131 77.5594 0.0377909 0.996235 -0.0780156 -5.0739 -0.970701 0.0551373 0.233876 66.331
0.243104 0.0653517 0.967796 78.1142 0.039567 0.996229 -0.0772107 -5.11373 -0.969193 0.0570631 0.239602 66.4723
0.249819 0.0662555 0.966023 78.7098 0.0371891 0.996263 -0.0779469 -5.15425 -0.967578 0.0553981 0.246421 66.6601
0.257577 0.0636219 0.964161 79.2789 0.0389565 0.996334 -0.0761522 -5.19032 -0.965472 0.0571754 0.254154 66.8197
0.265876 0.0639954 0.96188 79.8647 0.0354194 0.996471 -0.0760872 -5.22927 -0.963356 0.054299 0.262671 67.0062
0.274366 0.0644697 0.959461 80.4246 0.0340007 0.996475 -0.0766796 -5.26564 -0.961024 0.0536607 0.271207 67.1711
0.283227 0.0684977 0.956603 81.0177 0.0288428 0.996386 -0.079886 -5.3077 -0.958619 0.050217 0.280227 67.3686
0.291358 0.0707632 0.953993 81.5987 0.0255356 0.996329 -0.0817023 -5.34857 -0.956273 0.0481654 0.288481 67.5627
0.30101 0.0728549 0.950833 82.2959 0.0224344 0.99626 -0.0834378 -5.40343 -0.953357 0.0464471 0.29825 67.895
0.31048 0.0739058 0.947702 82.8775 0.0220589 0.996143 -0.0849104 -5.44916 -0.950324 0.0472683 0.307653 68.0748
0.319283 0.0743152 0.944741 83.5092 0.0192262 0.996206 -0.0848613 -5.50333 -0.947464 0.0452585 0.316643 68.3198
0.328076 0.0743153 0.941723 84.1255 0.018578 0.996199 -0.0850865 -5.55458 -0.944468 0.0454102 0.325449 68.5502
0.337345 0.0742978 0.938444 84.7639 0.0155293 0.996305 -0.0844611 -5.60755 -0.941253 0.0430659 0.334945 68.8094
0.346121 0.0690679 0.935644 85.427 0.0165486 0.996681 -0.0796955 -5.6589 -0.938044 0.0430679 0.34383 69.0983
0.355281 0.0613746 0.932742 86.0328 0.0210501 0.997063 -0.073625 -5.69911 -0.934522 0.0457919 0.352946 69.2939
0.364248 0.0571983 0.929543 86.7048 0.0234028 0.997234 -0.0705342 -5.74475 -0.931007 0.0474459 0.361903 69.5809
0.373441 0.0536994 0.926098 87.4069 0.0226345 0.997497 -0.0669668 -5.79448 -0.927377 0.0459699 0.371291 69.9098
0.382711 0.0507366 0.922473 88.1038 0.0293337 0.997319 -0.0670231 -5.83605 -0.923402 0.0527101 0.380197 70.1858
0.390928 0.0449514 0.919322 88.7997 0.0366117 0.997256 -0.0643308 -5.87128 -0.919692 0.0588067 0.38821 70.4607
0.39769 0.0352648 0.916841 89.5241 0.0471304 0.997156 -0.0587975 -5.90992 -0.916308 0.0665944 0.394898 70.7643
0.404727 0.0306681 0.913923 90.2547 0.0530835 0.996963 -0.0569626 -5.94482 -0.912895 0.0715685 0.40187 71.0737
0.411206 0.0296233 0.91106 90.9638 0.0565603 0.996716 -0.0579369 -5.99746 -0.909785 0.0753539 0.408181 71.3926
0.418827 0.0359672 0.907353 91.7563 0.0584984 0.99607 -0.0664864 -6.03349 -0.906179 0.0809251 0.415078 71.7777
0.424963 0.0395451 0.904346 92.4549 0.0630132 0.995328 -0.0731343 -6.08056 -0.903015 0.0880652 0.420486 72.1118
0.429332 0.0422732 0.902156 93.1519 0.0606069 0.995303 -0.0754805 -6.12883 -0.90111 0.0870832 0.424754 72.4483
0.433619 0.0442877 0.900007 93.8474 0.0539256 0.995725 -0.0749789 -6.17638 -0.899481 0.0810457 0.429377 72.7897
0.43699 0.0478859 0.89819 94.5532 0.047486 0.99596 -0.0762014 -6.23481 -0.898212 0.0759507 0.432951 73.1677
0.440211 0.0502136 0.896489 95.2257 0.0466647 0.995805 -0.0786908 -6.31026 -0.89668 0.076475 0.436022 73.5068
0.443673 0.0544142 0.894535 95.9756 0.0424607 0.995757 -0.0816313 -6.39418 -0.895182 0.0742003 0.439481 73.9364
0.44686 0.0568789 0.892794 96.6775 0.0395469 0.995744 -0.0832318 -6.46696 -0.893729 0.0725002 0.442709 74.3103
0.450783 0.0553228 0.890917 97.3398 0.0383206 0.995957 -0.0812348 -6.52793 -0.89181 0.0707598 0.446841 74.6376
0.455473 0.0515234 0.888757 98.0007 0.0402788 0.996108 -0.078389 -6.58635 -0.889338 0.0715021 0.451625 74.9684
0.458834 0.0490365 0.887168 98.6601 0.039726 0.996344 -0.075617 -6.64267 -0.887633 0.0699393 0.455209 75.3014
0.463153 0.0482019 0.884966 99.3186 0.0386668 0.996469 -0.0745118 -6.69817 -0.885434 0.0687292 0.459654 75.6394
0.467728 0.0496103 0.882479 99.9679 0.0368891 0.996457 -0.0755697 -6.75327 -0.883102 0.0679 0.464241 75.9735
0.470428 0.0502971 0.881003 100.56 0.0376688 0.996318 -0.0769946 -6.80115 -0.881634 0.0694068 0.466802 76.2764
0.472716 0.0485896 0.879874 101.18 0.0399948 0.996266 -0.0765047 -6.84742 -0.880306 0.0713554 0.469008 76.6078
0.475409 0.0468703 0.878515 101.784 0.0432004 0.99613 -0.0765234 -6.89454 -0.878703 0.0743322 0.471545 76.9156
0.478231 0.0470117 0.876974 102.39 0.0418269 0.996213 -0.0762128 -6.94291 -0.877237 0.0731285 0.474454 77.2336
0.481162 0.0460101 0.875423 102.968 0.0442658 0.996071 -0.0766812 -6.98501 -0.875513 0.0756475 0.477236 77.5201
0.484347 0.0474995 0.873585 103.552 0.0445177 0.995892 -0.078832 -7.03091 -0.873742 0.0770721 0.480244 77.8285
0.487751 0.0476667 0.87168 104.125 0.0474711 0.995581 -0.0810048 -7.07587 -0.87169 0.0808898 0.483334 78.1261
0.491969 0.0470615 0.869339 104.701 0.0493495 0.995424 -0.0818147 -7.12331 -0.869212 0.0831519 0.487396 78.4423
0.49619 0.0451865 0.867037 105.259 0.0527138 0.995233 -0.0820348 -7.16696 -0.866612 0.0864097 0.491443 78.7371
0.501006 0.0428904 0.86438 105.805 0.0558656 0.995084 -0.0817566 -7.20864 -0.863638 0.0892498 0.496148 79.0168
0.505991 0.0426908 0.861481 106.364 0.0569126 0.994944 -0.0827322 -7.25617 -0.860659 0.090891 0.501004 79.3385
0.511013 0.0422554 0.858533 106.881 0.0572227 0.994902 -0.0830273 -7.29677 -0.857665 0.0915558 0.505991 79.5888
0.51607 0.0419838 0.855516 107.42 0.0586566 0.99472 -0.0841984 -7.34362 -0.854535 0.0936341 0.510883 79.8919
0.52179 0.0435464 0.851961 107.952 0.0578418 0.994591 -0.0862624 -7.39258 -0.85111 0.0942899 0.516449 80.1965
0.527602 0.0441085 0.848345 108.474 0.0593716 0.994293 -0.0886213 -7.44168 -0.847414 0.0971245 0.521973 80.4966
0.533531 0.0471217 0.844466 108.988 0.0573445 0.994133 -0.0917033 -7.49219 -0.843834 0.0973521 0.527699 80.7938
0.541136 0.0530212 0.839261 109.498 0.053384 0.99383 -0.0972071 -7.54597 -0.839238 0.0974056 0.534968 81.0975
0.549183 0.0585617 0.833647 110.003 0.0490744 0.993559 -0.102124 -7.60287 -0.834259 0.0969957 0.542773 81.4123
0.555106 0.0651283 0.829225 110.471 0.0432923 0.993315 -0.106997 -7.66193 -0.830651 0.095294 0.548577 81.7417
0.561092 0.0695671 0.824824 110.951 0.0392844 0.9931 -0.110483 -7.72291 -0.82682 0.0943942 0.554488 82.0827
0.566146 0.0700786 0.82132 111.43 0.0347939 0.993459 -0.10875 -7.78227 -0.82357 0.0901456 0.560005 82.4274
0.571271 0.0692154 0.817837 111.927 0.0286992 0.994143 -0.104184 -7.84575 -0.820258 0.0829886 0.56594 82.8097
0.57653 0.0673923 0.814291 112.42 0.0224433 0.994909 -0.0982309 -7.90421 -0.816767 0.0749085 0.572084 83.1831
0.581657 0.0657121 0.810775 112.916 0.0165651 0.995567 -0.0925732 -7.96332 -0.813265 0.0672765 0.577991 83.5755
0.587234 0.0634973 0.806922 113.397 0.0144343 0.995937 -0.0888757 -8.0175 -0.809288 0.0638383 0.583933 83.9187
0.593104 0.0668057 0.802348 113.9 0.0093446 0.995912 -0.0898301 -8.07434 -0.80507 0.0607764 0.590057 84.31
0.598714 0.0706928 0.797836 114.414 0.00491097 0.995754 -0.0919148 -8.13484 -0.800947 0.0589489 0.595825 84.7271
0.604595 0.0742701 0.793062 114.922 0.00133151 0.995547 -0.0942479 -8.19546 -0.796531 0.0580379 0.601805 85.1134
0.610464 0.0761031 0.788379 115.451 -0.000860732 0.995435 -0.0954242 -8.2543 -0.792043 0.0575745 0.607744 85.5432
0.616426 0.0768481 0.783653 115.984 -0.00386074 0.995508 -0.0945866 -8.31255 -0.787403 0.0552802 0.613955 85.9777
0.622521 0.0785801 0.778647 116.529 -0.00924801 0.995614 -0.0930827 -8.36983 -0.782548 0.0507451 0.620519 86.4565
0.62951 0.0758307 0.773283 117.058 -0.00899902 0.99587 -0.0903326 -8.4329 -0.77694 0.0499065 0.627593 86.857
0.636718 0.0745477 0.767484 117.626 -0.0104337 0.996056 -0.0880937 -8.49104 -0.771025 0.0480832 0.634986 87.3369
0.64434 0.0742003 0.76113 118.193 -0.0105323 0.996047 -0.0881856 -8.54744 -0.764666 0.0488051 0.642576 87.8241
0.65289 0.0763641 0.753592 118.771 -0.0147183 0.995995 -0.0881761 -8.59823 -0.757309 0.0464778 0.6514 88.3209
0.661525 0.0769201 0.745967 119.351 -0.0153029 0.995902 -0.0891216 -8.65393 -0.749766 0.0475408 0.659993 88.817
0.668332 0.0775545 0.739808 119.926 -0.0168323 0.995871 -0.0891918 -8.70817 -0.743672 0.0471571 0.666879 89.3489
0.673247 0.0765126 0.735447 120.501 -0.0164344 0.995933 -0.0885681 -8.7617 -0.739234 0.0475416 0.671768 89.8843
0.677111 0.0751668 0.732031 121.097 -0.0151172 0.995979 -0.0882867 -8.81771 -0.735725 0.0487136 0.675526 90.443
0.680759 0.0725472 0.728904 121.694 -0.0115235 0.99602 -0.0883707 -8.87792 -0.732415 0.0517598 0.678887 90.9926
0.684555 0.0681575 0.725767 122.317 -0.00561428 0.996082 -0.0882477 -8.9372 -0.728939 0.0563358 0.682256 91.5791
0.688209 0.0620283 0.722854 122.928 0.00233234 0.996143 -0.0876999 -8.99738 -0.725507 0.0620419 0.685412 92.14
0.691955 0.0562045 0.719749 123.549 0.0079088 0.996314 -0.0854047 -9.06137 -0.721897 0.0647886 0.688961 92.7209
0.695649 0.0507579 0.716586 124.179 0.0133788 0.996411 -0.0835668 -9.1269 -0.718257 0.0677203 0.692474 93.3081
0.699498 0.0493676 0.712926 124.806 0.0135804 0.996511 -0.0823296 -9.19142 -0.714504 0.0672714 0.696389 93.8989
0.70159 0.0506709 0.710776 125.416 0.0129128 0.996399 -0.0837789 -9.2621 -0.712463 0.0679567 0.698411 94.5313
0.704204 0.0548892 0.707872 126.033 0.00768371 0.996358 -0.0849027 -9.33172 -0.709955 0.065228 0.701219 95.1818
0.70619 0.0587586 0.705578 126.66 0.00109591 0.996457 -0.0840791 -9.40361 -0.70802 0.0601492 0.703625 95.8673
0.709961 0.0560598 0.702005 127.292 0.000584977 0.996778 -0.0801912 -9.4676 -0.704239 0.0573434 0.707642 96.4697
0.713626 0.0542606 0.698421 127.927 -0.00325945 0.997241 -0.0741457 -9.53258 -0.700518 0.050636 0.711835 97.1202
0.717116 0.0490892 0.695222 128.558 -0.00281629 0.997711 -0.0675429 -9.59186 -0.696947 0.0464782 0.715614 97.7549
0.721559 0.0450721 0.690883 129.192 -0.00078062 0.99793 -0.0642882 -9.64984 -0.692351 0.0458485 0.720102 98.4176
0.72598 0.041355 0.68647 129.826 0.00526083 0.997826 -0.0656758 -9.70685 -0.687694 0.0512908 0.724186 99.0637
0.730644 0.0377415 0.681714 130.448 0.015284 0.997315 -0.0715951 -9.76731 -0.682587 0.06273 0.728106 99.6999
0.735353 0.0384095 0.676593 131.088 0.0211459 0.996605 -0.0795587 -9.83174 -0.677353 0.0728111 0.732045 100.409
0.740422 0.0381323 0.671059 131.723 0.0243152 0.996215 -0.0834375 -9.89962 -0.671702 0.0780961 0.736693 101.122
0.745355 0.0337636 0.665811 132.343 0.0268169 0.996389 -0.0805481 -9.96424 -0.666127 0.077892 0.741759 101.822
0.750427 0.0284046 0.660342 132.983 0.0313565 0.99642 -0.0784954 -10.0322 -0.660208 0.0796112 0.746851 102.591
0.755118 0.0247155 0.655122 133.576 0.0362043 0.996191 -0.0793133 -10.0928 -0.654588 0.0836093 0.751348 103.187
0.759531 0.0256242 0.649965 134.207 0.0388982 0.995645 -0.0847078 -10.1722 -0.649306 0.0896208 0.755228 103.967
0.763087 0.0264712 0.645751 134.821 0.0384399 0.995532 -0.0862345 -10.2437 -0.64515 0.0906273 0.758661 104.674
0.76607 0.023203 0.642337 135.438 0.0412359 0.995514 -0.0851399 -10.3175 -0.641432 0.0917106 0.761678 105.405
0.76819 0.017478 0.639982 136.05 0.0449726 0.995683 -0.0811743 -10.3878 -0.638639 0.0911391 0.764089 106.102
0.769697 0.0132843 0.63827 136.672 0.0479427 0.995756 -0.0785394 -10.4585 -0.636606 0.0910521 0.765795 106.832
0.770566 0.00904816 0.637295 137.291 0.051016 0.995814 -0.0758229 -10.5276 -0.635314 0.0909389 0.76688 107.546
0.771104 0.00714313 0.636668 137.914 0.0521052 0.995874 -0.0742809 -10.6008 -0.634573 0.0904522 0.767551 108.306
0.771391 0.00680145 0.636323 138.533 0.0514386 0.996003 -0.0730032 -10.6736 -0.634277 0.0890458 0.76796 109.047
0.771599 0.00872212 0.636048 139.152 0.0497909 0.996009 -0.0740604 -10.7469 -0.634156 0.0888145 0.768086 109.778
0.771267 0.0124473 0.636389 139.767 0.0456996 0.996144 -0.0748692 -10.8209 -0.634868 0.086827 0.767725 110.501
0.770127 0.0162687 0.637681 140.384 0.0417851 0.99624 -0.0758801 -10.896 -0.636519 0.0850831 0.766553 111.223
0.769114 0.0191285 0.638823 141.008 0.0373755 0.996494 -0.0748369 -10.9711 -0.638016 0.0814347 0.765704 111.971
0.767646 0.0206368 0.64054 141.632 0.034954 0.996644 -0.074 -11.0428 -0.639919 0.0791954 0.76435 112.694
0.766508 0.0199992 0.641921 142.259 0.0342463 0.996819 -0.0719493 -11.1083 -0.641319 0.0771333 0.763386 113.393
0.765324 0.0187241 0.643371 142.892 0.0333401 0.99708 -0.068678 -11.172 -0.642779 0.0740112 0.762467 114.121
0.763539 0.0142581 0.645602 143.522 0.0379021 0.997042 -0.0668456 -11.2333 -0.644647 0.0755091 0.760742 114.823
0.76216 0.0176043 0.647148 144.149 0.0378932 0.996702 -0.071741 -11.2968 -0.646277 0.0792008 0.75898 115.498
0.760333 0.0269167 0.648974 144.772 0.0329058 0.99626 -0.0798729 -11.3687 -0.648698 0.0820852 0.756605 116.211
0.758339 0.0327322 0.651036 145.411 0.030382 0.995877 -0.0854593 -11.4421 -0.65115 0.0845871 0.75422 116.95
0.754541 0.0310462 0.655516 145.981 0.0295997 0.996252 -0.0812552 -11.5163 -0.655584 0.0807137 0.750796 117.636
0.75228 0.0300437 0.658156 146.665 0.0266028 0.996759 -0.0759078 -11.5827 -0.658304 0.0746129 0.749044 118.392
0.749182 0.0286812 0.661742 147.295 0.0246335 0.997163 -0.0711076 -11.6491 -0.661905 0.0695737 0.746351 119.105
0.745599 0.0284134 0.665787 147.903 0.0253672 0.997155 -0.0709632 -11.712 -0.66591 0.0697994 0.742759 119.81
0.743223 0.0266074 0.668513 148.541 0.0272851 0.997171 -0.0700226 -11.7779 -0.668486 0.070283 0.740395 120.495
0.740748 0.0244451 0.671336 149.18 0.0322081 0.996895 -0.0718379 -11.8452 -0.671009 0.0748364 0.737662 121.177
0.736919 0.0226355 0.6756 149.792 0.0364603 0.996652 -0.0731617 -11.9129 -0.674996 0.078547 0.733628 121.842
0.733231 0.0220235 0.679621 150.427 0.0399904 0.996347 -0.0754321 -11.9825 -0.678801 0.0824876 0.729673 122.512
0.729564 0.0211969 0.683582 151.062 0.0406415 0.996408 -0.0742726 -12.0505 -0.682703 0.0819686 0.726083 123.183
0.724684 0.0223688 0.688716 151.684 0.0385337 0.996592 -0.0729145 -12.1205 -0.688001 0.079379 0.721354 123.863
0.71917 0.0198095 0.69455 152.298 0.0418275 0.996545 -0.0717331 -12.1793 -0.693572 0.0806397 0.715859 124.483
0.713211 0.0221827 0.700597 152.934 0.0396235 0.996624 -0.0718926 -12.2408 -0.699827 0.0790348 0.709925 125.137
0.707128 0.0291949 0.706481 153.588 0.0358495 0.996381 -0.0770572 -12.3082 -0.706175 0.0798165 0.703523 125.822
0.701442 0.0339503 0.711915 154.24 0.0338175 0.996153 -0.0808253 -12.3718 -0.711922 0.0807697 0.697597 126.463
0.695668 0.0353728 0.71749 154.912 0.0348631 0.995946 -0.0829038 -12.4333 -0.717516 0.0826876 0.691616 127.109
0.689275 0.0297993 0.723885 155.587 0.0352073 0.996594 -0.0745498 -12.4856 -0.723642 0.0768715 0.68588 127.735
0.683216 0.0276448 0.729692 156.279 0.0295681 0.997415 -0.0654725 -12.5351 -0.729617 0.0663075 0.680633 128.394
0.676984 0.0230312 0.735636 156.993 0.0299793 0.997817 -0.0588286 -12.5968 -0.735386 0.06188 0.674816 129.014
0.670127 0.0244611 0.741842 157.704 0.0251084 0.998136 -0.0555931 -12.6501 -0.741821 0.055881 0.668265 129.693
0.661837 0.024501 0.749246 158.4 0.0281681 0.997946 -0.0575157 -12.7015 -0.749118 0.059171 0.659788 130.299
0.65532 0.0229143 0.755002 159.1 0.0346975 0.99757 -0.0603927 -12.7651 -0.754553 0.0657734 0.652934 130.865
0.648462 0.0303105 0.760642 159.83 0.0358143 0.996885 -0.0702569 -12.8292 -0.760403 0.0728008 0.645357 131.492
0.641419 0.0307062 0.766575 160.595 0.0401141 0.996488 -0.0734807 -12.8764 -0.76614 0.0778825 0.637936 132.132
0.634003 0.0265122 0.772875 161.321 0.043169 0.996639 -0.0696005 -12.9417 -0.772124 0.0774913 0.630729 132.739
0.626996 0.0197382 0.778771 162.078 0.0483336 0.996766 -0.0641773 -13.0041 -0.777521 0.0778799 0.624016 133.332
0.620634 0.0185037 0.783881 162.839 0.0491438 0.996837 -0.06244 -13.0652 -0.782558 0.0772753 0.617763 133.92
0.613133 0.021266 0.789692 163.555 0.0465669 0.996925 -0.0630022 -13.1189 -0.788605 0.0754024 0.610258 134.492
0.606042 0.0187176 0.795211 164.286 0.0513104 0.99672 -0.0625652 -13.1722 -0.793775 0.0787199 0.603095 135.082
0.599793 0.0131987 0.800045 165.027 0.0560887 0.99671 -0.0584929 -13.223 -0.798186 0.0799572 0.59708 135.669
0.594749 0.01031 0.803844 165.751 0.056677 0.996891 -0.0547203 -13.2826 -0.801911 0.0781044 0.592316 136.204
0.590548 0.00956085 0.806944 166.505 0.0545234 0.997171 -0.0517168 -13.3413 -0.805157 0.0745388 0.588357 136.77
0.586232 0.010977 0.810067 167.271 0.0545272 0.997105 -0.052972 -13.3951 -0.808305 0.0752248 0.583938 137.339
0.582466 0.0133637 0.812744 167.92 0.0560333 0.996825 -0.0565476 -13.4288 -0.810921 0.078478 0.579868 137.754
0.579286 0.0183747 0.814916 168.626 0.0562325 0.996462 -0.0624414 -13.4739 -0.813181 0.0819964 0.576204 138.255
0.57602 0.0213389 0.817156 169.385 0.054132 0.996468 -0.0641795 -13.522 -0.815641 0.0812032 0.572831 138.831
0.5733 0.0168438 0.819171 170.102 0.0552091 0.996721 -0.059133 -13.5625 -0.817482 0.0791268 0.570491 139.328
0.571014 0.00875785 0.820892 170.835 0.0596028 0.996861 -0.052095 -13.599 -0.818773 0.0786746 0.5687 139.845
