1 0 0 0 0 1 0 0 0 0 1 0
0.999963 -0.00670074 -0.00537549 -0.00821941 0.00671186 0.999975 0.00205264 -0.00988393 0.0053616 -0.00208865 0.999983 0.0978118
0.999899 -0.00612329 -0.0127902 -0.00876416 0.0061518 0.999979 0.00219148 -0.0135673 0.0127765 -0.00226994 0.999916 0.187068
0.999755 -0.0057323 -0.0213674 -0.00711882 0.00576347 0.999982 0.00139746 -0.0168152 0.021359 -0.00152027 0.999771 0.290109
0.999481 -0.00506839 -0.0318172 -0.00667956 0.00508379 0.999987 0.000403127 -0.0198468 0.0318148 -0.00056467 0.999494 0.392657
0.999022 -0.0048482 -0.043957 -0.0133815 0.00480496 0.999988 -0.00108932 -0.0226648 0.0439617 0.00087704 0.999033 0.507124
0.998263 -0.00496918 -0.0587072 -0.0186717 0.00484677 0.999986 -0.0022273 -0.0229739 0.0587175 0.00193889 0.998273 0.633144
0.997146 -0.00501887 -0.0753295 -0.0372962 0.00485746 0.999986 -0.00232584 -0.0231524 0.0753401 0.00195329 0.997156 0.767819
0.995655 -0.00658312 -0.0928881 -0.0788 0.00640116 0.999977 -0.00225672 -0.027885 0.0929009 0.00165232 0.995674 0.890691
0.993547 -0.00739797 -0.113179 -0.108735 0.0071205 0.999971 -0.00285573 -0.0270314 0.113197 0.00203141 0.99357 1.04578
0.990842 -0.00743436 -0.13482 -0.163532 0.00703611 0.999969 -0.00343021 -0.0305355 0.134842 0.00245018 0.990864 1.2001
0.987634 -0.00305507 -0.156749 -0.251707 0.00236935 0.999987 -0.00456131 -0.0424165 0.15676 0.00413351 0.987628 1.35241
0.983375 0.00147179 -0.18158 -0.321211 -0.0025963 0.999979 -0.00595541 -0.0514786 0.181567 0.00632783 0.983358 1.50704
0.978217 0.00463277 -0.207532 -0.402482 -0.0061553 0.999959 -0.00669122 -0.0609101 0.207492 0.00782289 0.978205 1.67097
0.97179 0.00581045 -0.235778 -0.493613 -0.0075902 0.999949 -0.00664152 -0.0708361 0.235727 0.00824376 0.971784 1.85142
0.964055 0.00818234 -0.265577 -0.58278 -0.0101819 0.999929 -0.00615304 -0.0753742 0.265508 0.00863594 0.96407 2.02296
0.954937 0.0106702 -0.296618 -0.689247 -0.0127668 0.999905 -0.00513234 -0.0798172 0.296535 0.00868793 0.954982 2.20962
0.944054 0.0133349 -0.329522 -0.795879 -0.015619 0.999869 -0.00428503 -0.081822 0.329422 0.0091921 0.944138 2.39179
0.931878 0.0157545 -0.36243 -0.911456 -0.0184765 0.999821 -0.00404548 -0.0843982 0.362302 0.0104663 0.932002 2.57505
0.918357 0.0186707 -0.395312 -1.03511 -0.0218235 0.999756 -0.00347979 -0.087099 0.395151 0.0118228 0.91854 2.7589
0.902531 0.0194392 -0.430186 -1.16272 -0.0228998 0.999734 -0.00286796 -0.087922 0.430016 0.0124396 0.902736 2.94985
0.884272 0.015039 -0.46673 -1.29564 -0.0189656 0.999813 -0.00371647 -0.0880518 0.466587 0.0121382 0.884392 3.13912
0.863187 0.0100985 -0.504783 -1.42447 -0.0143907 0.999886 -0.00460503 -0.0870093 0.504679 0.0112392 0.863234 3.30685
0.838108 0.0107064 -0.545399 -1.5862 -0.0141069 0.999898 -0.00204949 -0.0886736 0.545322 0.00941161 0.838174 3.50205
0.808494 0.0159681 -0.588288 -1.76001 -0.0188877 0.999821 0.00118077 -0.0902045 0.588201 0.0101567 0.808651 3.68737
0.775287 0.0186404 -0.631334 -1.95242 -0.0219245 0.999756 0.00259458 -0.0908617 0.631229 0.0118302 0.775506 3.87313
0.73915 0.0183943 -0.67329 -2.16406 -0.0220311 0.999752 0.00312719 -0.0923734 0.67318 0.0125219 0.739372 4.04378
0.699951 0.0149762 -0.714034 -2.38806 -0.0172275 0.999843 0.00408305 -0.0942102 0.713983 0.00944306 0.700099 4.19552
0.65819 0.0119629 -0.752757 -2.6396 -0.0127115 0.999908 0.00477605 -0.0947013 0.752745 0.00642516 0.658281 4.34375
0.613849 0.0116641 -0.789337 -2.90933 -0.0105113 0.999923 0.00660152 -0.0919538 0.789353 0.0042446 0.613924 4.49472
0.566356 0.0125263 -0.824065 -3.19019 -0.00869747 0.99992 0.00922183 -0.0879781 0.824115 0.00194443 0.56642 4.63176
0.515316 0.0127557 -0.856905 -3.47961 -0.00668994 0.999919 0.0108614 -0.0817565 0.856974 0.000135571 0.515359 4.75654
0.462065 0.0137241 -0.88674 -3.79597 -0.00583127 0.999906 0.012437 -0.073108 0.886827 -0.000575871 0.462101 4.87561
0.407311 0.0153264 -0.913161 -4.11853 -0.00453842 0.999881 0.0147575 -0.0633364 0.913278 -0.00186661 0.407332 4.97671
0.350134 0.017345 -0.936539 -4.46145 -0.00398983 0.999847 0.0170258 -0.0614988 0.936691 -0.0022247 0.35015 5.07655
0.296767 0.0189676 -0.954761 -4.8189 -0.00203103 0.999813 0.0192313 -0.0461285 0.954948 -0.00376809 0.29675 5.11998
0.246533 0.0202236 -0.968923 -5.19633 0.000533862 0.999779 0.0210035 -0.0338523 0.969134 -0.00569533 0.246468 5.13251
0.197525 0.0203724 -0.980086 -5.59204 0.00148778 0.999777 0.0210815 -0.0284556 0.980297 -0.00562228 0.19745 5.14853
0.150821 0.0215494 -0.988326 -6.01567 -0.00219359 0.999767 0.0214641 -0.025731 0.988559 -0.00106926 0.150833 5.16095
0.107572 0.0217678 -0.993959 -6.44744 -0.00460023 0.99976 0.021397 -0.0154 0.994187 0.00227073 0.107646 5.17713
0.0692019 0.0201891 -0.997398 -6.90013 -0.00776084 0.999776 0.0196988 -0.00421103 0.997572 0.00637746 0.0693427 5.17922
0.0339183 0.0174651 -0.999272 -7.36352 -0.00659234 0.999829 0.0172511 0.004605 0.999403 0.00600241 0.0340273 5.17463
0.00105822 0.0140269 -0.999901 -7.85106 -0.00666698 0.999879 0.0140195 0.0134299 0.999977 0.00665148 0.00115129 5.16455
-0.0269689 0.011616 -0.999569 -8.34776 -0.00721121 0.999904 0.0118144 0.0206355 0.99961 0.00752672 -0.0268829 5.1432
-0.047584 0.00952882 -0.998822 -8.87086 -0.00840324 0.999915 0.00993959 0.0237659 0.998832 0.00886629 -0.0475002 5.10144
-0.0643654 0.00850035 -0.99789 -9.39175 -0.00857814 0.999922 0.00907097 0.0306902 0.997889 0.00914389 -0.0642877 5.0558
-0.0776326 0.00865221 -0.996944 -9.9365 -0.00749107 0.999929 0.00926145 0.0366171 0.996954 0.00818717 -0.0775626 5.00809
-0.0866358 0.00949734 -0.996195 -10.4969 -0.00711922 0.999923 0.010152 0.0409002 0.996214 0.00797165 -0.0865618 4.94023
-0.0937074 0.0111499 -0.995537 -11.0625 -0.00973293 0.999879 0.0121147 0.0315204 0.995552 0.0108247 -0.0935879 4.87508
-0.0991669 0.0121007 -0.994997 -11.6656 -0.00973409 0.999866 0.0131301 0.0345559 0.995023 0.0109875 -0.0990361 4.81504
-0.101408 0.0123336 -0.994769 -12.2528 -0.00841876 0.999877 0.0132551 0.0395644 0.994809 0.00971889 -0.101292 4.76457
-0.100849 0.0142242 -0.9948 -12.8945 -0.00537513 0.999875 0.0148417 0.0493245 0.994887 0.00684394 -0.100761 4.69977
-0.0998228 0.016111 -0.994875 -13.5378 -0.00631422 0.999838 0.016825 0.0529297 0.994985 0.00796137 -0.0997053 4.63841
-0.0981954 0.0158515 -0.995041 -14.1938 -0.0084616 0.999824 0.0167627 0.0563448 0.995131 0.0100657 -0.0980442 4.56725
-0.0968499 0.013454 -0.995208 -14.8748 -0.00995572 0.999845 0.0144855 0.0626617 0.995249 0.0113109 -0.0967013 4.49742
-0.0966914 0.0140273 -0.995216 -15.5464 -0.0105855 0.99983 0.0151208 0.0545752 0.995258 0.0119969 -0.0965268 4.45082
-0.0953613 0.0164959 -0.995306 -16.2669 -0.0102028 0.999794 0.0175479 0.0673669 0.99539 0.0118282 -0.0951737 4.38736
-0.0943623 0.0193965 -0.995349 -17.0014 -0.0100653 0.99974 0.0204363 0.0825862 0.995487 0.0119469 -0.0941429 4.32158
-0.0925927 0.021236 -0.995477 -17.7272 -0.0100335 0.999702 0.0222594 0.0882994 0.995653 0.0120492 -0.0923523 4.25199
-0.0906184 0.0200949 -0.995683 -18.4905 -0.012687 0.999692 0.0213305 0.100097 0.995805 0.0145651 -0.0903358 4.17104
-0.0887157 0.0169142 -0.995913 -19.2431 -0.0153295 0.999714 0.0183443 0.107762 0.995939 0.0168943 -0.0884313 4.09488
-0.0867162 0.0162182 -0.996101 -20.0165 -0.0166202 0.999705 0.0177238 0.119535 0.996094 0.0180923 -0.0864214 4.01435
-0.0843063 0.0182291 -0.996273 -20.7995 -0.0146475 0.999702 0.0195313 0.129141 0.996332 0.0162395 -0.0840144 3.93671
-0.0843422 0.0204474 -0.996227 -21.5957 -0.0113862 0.999704 0.0214828 0.129794 0.996371 0.0131551 -0.0840847 3.88255
-0.0834139 0.0222886 -0.996266 -22.4125 -0.0101586 0.999679 0.0232155 0.132298 0.996463 0.0120571 -0.083161 3.81515
-0.0831233 0.0178848 -0.996379 -23.2244 -0.0102113 0.999771 0.0187976 0.133609 0.996486 0.0117368 -0.082922 3.74615
-0.0826101 0.0104314 -0.996527 -24.0334 -0.00932656 0.999893 0.0112398 0.141568 0.996538 0.0102227 -0.0825043 3.67044
-0.0827096 0.00459746 -0.996563 -24.8651 -0.00774649 0.999956 0.00525603 0.159554 0.996543 0.00815458 -0.0826707 3.60283
-0.0818741 0.00445922 -0.996633 -25.6993 -0.00637744 0.999967 0.00499805 0.171773 0.996622 0.00676517 -0.0818433 3.51292
-0.0819109 0.0106297 -0.996583 -26.5475 -0.00723368 0.99991 0.0112598 0.177089 0.996613 0.00813126 -0.081827 3.43642
-0.0821982 0.0169919 -0.996471 -27.4048 -0.00786489 0.999812 0.0176977 0.189506 0.996584 0.00929185 -0.0820495 3.36383
-0.0827535 0.0215746 -0.996336 -28.2311 -0.00941546 0.999704 0.0224296 0.193118 0.996525 0.0112371 -0.0825262 3.29951
-0.0834308 0.021181 -0.996288 -29.0942 -0.0115117 0.999687 0.0222172 0.200071 0.996447 0.0133226 -0.0831612 3.21978
-0.0834578 0.0177902 -0.996352 -29.9367 -0.0117765 0.999753 0.0188374 0.201657 0.996441 0.0133056 -0.083228 3.14107
-0.0861846 0.0150574 -0.996165 -30.7915 -0.0114258 0.999805 0.016101 0.205076 0.996213 0.0127697 -0.0859961 3.08757
-0.0863482 0.0160525 -0.996135 -31.6367 -0.012999 0.999767 0.0172378 0.206213 0.99618 0.0144373 -0.0861197 3.01059
-0.0861583 0.0179344 -0.99612 -32.4847 -0.0131146 0.999731 0.0191338 0.208015 0.996195 0.0147123 -0.0859002 2.93355
-0.0863425 0.0162341 -0.996133 -33.3283 -0.0134405 0.999757 0.0174581 0.207986 0.996174 0.0148959 -0.0861037 2.85834
-0.086485 0.0112531 -0.996189 -34.1676 -0.0137162 0.999828 0.0124849 0.207099 0.996158 0.0147437 -0.0863161 2.78407
-0.086191 0.00689789 -0.996255 -35.0108 -0.0137738 0.999872 0.00811457 0.210895 0.996183 0.0144216 -0.0860854 2.70132
-0.0855632 0.00719036 -0.996307 -35.8506 -0.0124877 0.999888 0.00828865 0.211432 0.996254 0.0131508 -0.0854641 2.62555
-0.0852401 0.00929559 -0.996317 -36.6988 -0.0108302 0.999889 0.0102555 0.208745 0.996301 0.0116645 -0.0851302 2.55772
-0.0866443 0.0137608 -0.996144 -37.5222 -0.0107689 0.999833 0.0147485 0.207733 0.99618 0.0120052 -0.086482 2.52378
-0.0864238 0.0191657 -0.996074 -38.3793 -0.00968761 0.999751 0.020077 0.20778 0.996211 0.0113847 -0.086217 2.45248
-0.0876991 0.0219291 -0.995905 -39.2155 -0.0101029 0.999687 0.022902 0.21066 0.996095 0.01207 -0.0874504 2.39376
-0.0883197 0.0217778 -0.995854 -40.0685 -0.00982494 0.999693 0.0227331 0.211076 0.996043 0.011792 -0.088079 2.3228
-0.0899011 0.01761 -0.995795 -40.8646 -0.00943731 0.999784 0.0185325 0.211026 0.995905 0.0110637 -0.0897158 2.28795
-0.0900688 0.0133566 -0.995846 -41.7099 -0.0109064 0.999837 0.0143965 0.20944 0.995875 0.0121578 -0.0899088 2.20196
-0.0924576 0.0107756 -0.995658 -42.5168 -0.0143539 0.999823 0.0121536 0.207806 0.995613 0.0154153 -0.0922869 2.16886
-0.0949774 0.00868737 -0.995441 -43.3598 -0.0174086 0.999794 0.0103863 0.206233 0.995327 0.0183157 -0.0948069 2.10596
-0.097096 0.00645833 -0.995254 -44.1904 -0.0149769 0.999856 0.00794932 0.203105 0.995162 0.0156776 -0.0969856 2.04886
-0.099707 0.00268528 -0.995013 -45.0251 -0.0110981 0.999931 0.00381065 0.195826 0.994954 0.0114227 -0.0996706 1.98798
-0.100693 0.00127315 -0.994916 -45.8546 -0.00673437 0.999975 0.00196118 0.187519 0.994894 0.00689761 -0.100683 1.90422
-0.1033 0.0043393 -0.99464 -46.6821 -0.00635255 0.999967 0.00502228 0.180278 0.994629 0.00683729 -0.10327 1.82423
-0.105502 0.0100591 -0.994368 -47.5075 -0.00335784 0.999939 0.0104717 0.177549 0.994413 0.00444371 -0.105462 1.74209
-0.109676 0.0132478 -0.993879 -48.3384 -0.00167862 0.999907 0.0135134 0.172197 0.993966 0.00315043 -0.109644 1.6806
-0.112671 0.0124727 -0.993554 -49.1759 -0.00120445 0.999919 0.0126891 0.166108 0.993631 0.00262637 -0.112647 1.59984
-0.112907 0.00844388 -0.993569 -49.9761 -0.00474754 0.999948 0.00903758 0.157611 0.993594 0.00573741 -0.112861 1.48955
-0.114213 0.0048984 -0.993444 -50.7916 -0.00925772 0.999939 0.00599474 0.147892 0.993413 0.00988169 -0.114161 1.38407
-0.116947 0.00343448 -0.993132 -51.6038 -0.0130693 0.999902 0.00499688 0.140619 0.993052 0.0135639 -0.116891 1.28853
-0.1185 0.00424758 -0.992945 -52.4145 -0.0145392 0.999876 0.00601237 0.132153 0.992847 0.0151491 -0.118424 1.18704
-0.119181 0.00581456 -0.992855 -53.2038 -0.0142783 0.999869 0.00756957 0.121597 0.992769 0.0150784 -0.119083 1.08596
-0.11984 0.00510185 -0.99278 -53.9916 -0.0153578 0.999857 0.00699207 0.113614 0.992674 0.0160848 -0.119745 0.979386
-0.119367 0.00497826 -0.992837 -54.7694 -0.0168411 0.999833 0.00703809 0.0985464 0.992707 0.0175606 -0.119263 0.869023
-0.119401 0.00653648 -0.992824 -55.5482 -0.0157456 0.99984 0.00847627 0.0901408 0.992721 0.0166446 -0.119279 0.766174
-0.119516 0.0110053 -0.992771 -56.3215 -0.014986 0.999805 0.0128874 0.0627035 0.992719 0.0164179 -0.119328 0.663542
-0.120876 0.0159504 -0.992539 -57.109 -0.0146545 0.999733 0.0178507 0.0481303 0.992559 0.0167029 -0.12061 0.565714
-0.121328 0.0185574 -0.992439 -57.8844 -0.0130799 0.999708 0.0202924 0.0449712 0.992526 0.015443 -0.12105 0.462596
-0.120059 0.0187413 -0.992589 -58.6376 -0.0116746 0.999726 0.0202882 0.0434953 0.992698 0.0140238 -0.119808 0.354584
-0.119932 0.0160764 -0.992652 -59.3822 -0.00957054 0.999804 0.0173486 0.0502053 0.992735 0.0115809 -0.119755 0.25851
-0.119737 0.0117565 -0.992736 -60.1214 -0.00856028 0.99988 0.0128736 0.0601973 0.992768 0.0100395 -0.119622 0.157357
-0.118371 0.0059949 -0.992951 -60.8327 -0.0068586 0.999953 0.00685479 0.093842 0.992945 0.00762166 -0.118325 0.0588983
-0.117663 0.00296557 -0.993049 -61.5579 -0.00612239 0.999974 0.00371167 0.0973605 0.993034 0.00651656 -0.117642 -0.0357175
-0.115451 0.00119052 -0.993312 -62.2614 -0.00801454 0.999966 0.00213 0.0957956 0.99328 0.00820685 -0.115438 -0.12197
-0.111806 0.00166699 -0.993728 -62.9564 -0.00742989 0.999969 0.00251341 0.0917555 0.993702 0.0076643 -0.111791 -0.203194
-0.106546 0.00289333 -0.994303 -63.6272 -0.00563547 0.999978 0.00351371 0.0835209 0.994291 0.00597773 -0.106528 -0.269544
-0.100019 0.00406801 -0.994977 -64.2877 -0.0040944 0.999982 0.00450005 0.0753314 0.994977 0.00452392 -0.100001 -0.330259
-0.0915108 0.00522913 -0.99579 -64.9264 -0.00413138 0.999976 0.00563077 0.0645032 0.995795 0.00462926 -0.0914873 -0.386455
-0.0805189 0.00683555 -0.996729 -65.5718 -0.00514399 0.99996 0.00727325 0.0580174 0.996739 0.0057128 -0.0804809 -0.440744
-0.0665092 0.00830203 -0.997751 -66.1811 -0.00779557 0.999931 0.00883981 0.0519403 0.997755 0.00836596 -0.0664402 -0.474303
-0.0488797 0.00910383 -0.998763 -66.7633 -0.00849081 0.999919 0.0095299 0.0502659 0.998768 0.00894613 -0.0487988 -0.486219
-0.0267774 0.00977154 -0.999594 -67.3376 -0.00848918 0.999914 0.0100021 0.0472908 0.999605 0.00875356 -0.0266925 -0.492415
-0.00137338 0.00980997 -0.999951 -67.8822 -0.00744618 0.999924 0.00981993 0.0441314 0.999971 0.0074593 -0.00130061 -0.472717
0.0272376 0.00934003 -0.999585 -68.421 -0.00464159 0.999947 0.00921693 0.0394386 0.999618 0.00438862 0.0272791 -0.429389
0.0597625 0.00934178 -0.998169 -68.953 -0.00204732 0.999955 0.00923592 0.0367388 0.99821 0.00149161 0.0597786 -0.347943
0.0960739 0.00943666 -0.995329 -69.437 -3.12391e-05 0.999955 0.0094775 0.0338057 0.995374 -0.000879443 0.0960695 -0.241166
0.135409 0.00921906 -0.990747 -69.9293 0.00127067 0.999954 0.0094784 0.0301977 0.990789 -0.00254237 0.135391 -0.116499
0.180092 0.00997016 -0.983599 -70.4125 0.00322082 0.999937 0.0107255 0.0292773 0.983644 -0.00509956 0.180048 0.0188872
0.228256 0.00831604 -0.973566 -70.8611 0.00752818 0.999919 0.0103061 0.0277237 0.973572 -0.00968161 0.228174 0.165701
0.278403 0.00346085 -0.960458 -71.2822 0.0168034 0.999823 0.00847339 0.0231607 0.960317 -0.018498 0.278295 0.331193
0.329821 -0.00185344 -0.944042 -71.717 0.0237376 0.999698 0.0063305 0.0171639 0.943745 -0.0244972 0.329765 0.53001
0.381956 -0.00632331 -0.924159 -72.13 0.0306546 0.999513 0.0058307 0.0106576 0.923672 -0.0305568 0.381964 0.75155
0.432787 -0.00649583 -0.901473 -72.5331 0.0322056 0.999447 0.00825974 0.00543575 0.900921 -0.0326072 0.432756 0.997008
0.480748 -0.00730632 -0.876828 -72.9226 0.0350159 0.999328 0.0108715 0.00167969 0.876159 -0.0359294 0.480681 1.26381
0.52626 -0.0112308 -0.85025 -73.269 0.0434565 0.998961 0.0137021 -0.0023174 0.849213 -0.0441598 0.526201 1.54005
0.570398 -0.0183972 -0.821162 -73.5815 0.0556122 0.99832 0.0162633 -0.00198803 0.819483 -0.0549432 0.570463 1.83264
0.61259 -0.0239916 -0.790037 -73.8991 0.0589117 0.998145 0.0153684 -0.00102545 0.788203 -0.0559569 0.612866 2.1533
0.65482 -0.0289422 -0.75523 -74.2174 0.0566876 0.998333 0.0108924 -0.00140624 0.753655 -0.0499447 0.655369 2.47394
0.696135 -0.03545 -0.717035 -74.5053 0.0532651 0.998578 0.0023431 -0.00302569 0.715932 -0.0398241 0.697033 2.81719
0.73657 -0.0386608 -0.675255 -74.7952 0.0495532 0.998767 -0.00313024 -0.00347496 0.674543 -0.0311554 0.737577 3.18851
0.775003 -0.0391878 -0.630741 -75.0681 0.0477237 0.998855 -0.00341972 -0.00493498 0.630152 -0.027451 0.775986 3.58484
0.811032 -0.0405577 -0.583594 -75.3248 0.0475995 0.998861 -0.00326734 -0.000405819 0.583062 -0.0251289 0.812039 4.00171
0.843383 -0.0392822 -0.535875 -75.5914 0.0444291 0.999007 -0.00330764 0.00607514 0.535473 -0.0210188 0.84429 4.46464
0.870267 -0.0372549 -0.491169 -75.7902 0.0428841 0.99908 0.000203648 -0.00263679 0.49071 -0.0212406 0.871064 4.94954
0.892674 -0.0320429 -0.449563 -76.0035 0.0373999 0.999296 0.00303754 -0.00603422 0.449149 -0.0195251 0.893243 5.46037
0.911593 -0.0277649 -0.410154 -76.202 0.0320414 0.99948 0.00355546 -0.0069509 0.409843 -0.0163831 0.912009 5.98194
0.926573 -0.0223776 -0.375449 -76.3888 0.0266039 0.999627 0.0060757 -0.00275072 0.375174 -0.015618 0.926822 6.49756
0.938217 -0.0223592 -0.345323 -76.5908 0.0270381 0.999596 0.00873806 0.000871066 0.344988 -0.0175351 0.938443 7.06099
0.946824 -0.0242327 -0.320839 -76.7838 0.0292396 0.999514 0.0107959 0.00521926 0.320422 -0.019603 0.947071 7.64628
0.953598 -0.0252928 -0.30002 -76.9421 0.0307697 0.999435 0.0135437 0.00736228 0.299508 -0.0221467 0.953836 8.22281
0.958908 -0.022382 -0.282832 -77.0959 0.0282356 0.999463 0.0166367 0.00883376 0.282308 -0.023939 0.959024 8.8241
0.963341 -0.0185544 -0.267637 -77.2762 0.0244629 0.999524 0.0187589 0.0167459 0.267162 -0.0246184 0.963337 9.45965
0.967058 -0.0155737 -0.25408 -77.4513 0.021325 0.999574 0.0198969 0.02464 0.253662 -0.0246597 0.966978 10.1016
0.970626 -0.0173358 -0.239969 -77.6008 0.0228277 0.999537 0.0201253 0.0292064 0.239509 -0.025012 0.970571 10.7357
0.974109 -0.017534 -0.225396 -77.7439 0.0227468 0.99953 0.0205508 0.0313147 0.22493 -0.0251458 0.97405 11.39
0.977543 -0.0178337 -0.209979 -77.8986 0.0229559 0.999495 0.0219818 0.0407486 0.209481 -0.0263084 0.977458 12.0775
0.980358 -0.0166889 -0.196518 -78.0154 0.021594 0.999506 0.0228433 0.0513868 0.19604 -0.0266382 0.980233 12.7686
0.982698 -0.0174641 -0.184389 -78.1416 0.0215909 0.999559 0.0203968 0.0608712 0.183951 -0.024025 0.982641 13.4888
0.984706 -0.0168476 -0.173408 -78.284 0.0198393 0.999682 0.0155331 0.0685473 0.173092 -0.0187358 0.984727 14.2459
0.986233 -0.019577 -0.164201 -78.3835 0.021561 0.999714 0.0103088 0.0672944 0.163952 -0.0137072 0.986373 14.9727
0.987456 -0.0197193 -0.156659 -78.4836 0.0216374 0.99971 0.0105472 0.0713129 0.156406 -0.0138046 0.987596 15.7172
0.988492 -0.0180622 -0.150193 -78.6023 0.0207903 0.999646 0.0166132 0.0804373 0.14984 -0.0195445 0.988517 16.4853
0.989296 -0.0132091 -0.145323 -78.7188 0.0168508 0.999573 0.0238566 0.0943028 0.144946 -0.02605 0.989096 17.2544
0.9899 -0.0130763 -0.141166 -78.8365 0.0170766 0.999485 0.0271634 0.107125 0.140738 -0.0292997 0.989613 18.0375
0.990305 -0.014327 -0.138171 -78.929 0.0180915 0.999497 0.0260276 0.11485 0.137729 -0.0282749 0.990066 18.7933
0.990673 -0.0149683 -0.135434 -79.0317 0.0185618 0.999507 0.0253091 0.121936 0.134989 -0.0275869 0.990463 19.5628
0.991039 -0.0162918 -0.132575 -79.1281 0.0200797 0.999426 0.0272848 0.130977 0.132055 -0.0297023 0.990797 20.3299
0.99127 -0.0190253 -0.130464 -79.223 0.0230871 0.999292 0.0296922 0.140889 0.129807 -0.032445 0.991008 21.0992
0.991554 -0.0217463 -0.127856 -79.311 0.025921 0.999181 0.031079 0.151276 0.127075 -0.0341306 0.991305 21.8617
0.991752 -0.0224893 -0.12618 -79.3954 0.0261547 0.99928 0.0274676 0.156915 0.125472 -0.0305412 0.991627 22.6291
0.991901 -0.019642 -0.125482 -79.4952 0.0223355 0.999548 0.0200944 0.163873 0.125031 -0.0227343 0.991892 23.4102
0.992067 -0.0199955 -0.124111 -79.5906 0.0217755 0.999678 0.0130015 0.164058 0.123811 -0.0156009 0.992183 24.1722
0.992098 -0.0195298 -0.123935 -79.6788 0.0206659 0.999755 0.00788806 0.176587 0.123751 -0.0103869 0.992259 24.9403
0.992096 -0.0198772 -0.123897 -79.7513 0.021104 0.99974 0.008597 0.182087 0.123694 -0.0111438 0.992257 25.6949
0.992188 -0.0173713 -0.123535 -79.8332 0.0189273 0.999755 0.0114326 0.188825 0.123307 -0.0136815 0.992274 26.474
0.992208 -0.0140067 -0.123801 -79.9202 0.0160189 0.999755 0.015273 0.192565 0.123557 -0.0171371 0.992189 27.2556
0.992219 -0.0168072 -0.123368 -79.9984 0.0189651 0.999686 0.0163378 0.197333 0.123055 -0.0185503 0.992226 28.0398
0.99199 -0.0203436 -0.124665 -80.0724 0.0224659 0.999625 0.0156418 0.197584 0.1243 -0.0183172 0.992075 28.7948
0.991819 -0.0221763 -0.125712 -80.1522 0.0242407 0.999595 0.014915 0.196847 0.125331 -0.0178404 0.991954 29.5671
0.991747 -0.0220148 -0.126307 -80.2418 0.0240162 0.999608 0.0143445 0.192284 0.125942 -0.0172596 0.991887 30.3415
0.991406 -0.0232002 -0.128748 -80.315 0.0251042 0.999598 0.0131853 0.189961 0.128391 -0.0163041 0.991589 31.1138
0.991526 -0.0241961 -0.127636 -80.424 0.0262173 0.999555 0.0141787 0.183755 0.127237 -0.0174048 0.991719 31.8812
0.99174 -0.020887 -0.126554 -80.5335 0.0231032 0.999604 0.0160683 0.174567 0.126169 -0.0188594 0.991829 32.6508
0.991622 -0.0211418 -0.127428 -80.6356 0.0232718 0.999613 0.0152498 0.175238 0.127057 -0.0180875 0.99173 33.4243
0.991482 -0.0216354 -0.128431 -80.7446 0.0237783 0.999602 0.0151751 0.172903 0.128052 -0.0180997 0.991602 34.1909
0.991286 -0.0221537 -0.129851 -80.8565 0.0243375 0.999587 0.0152541 0.172102 0.12946 -0.0182814 0.991416 34.9729
0.990824 -0.021113 -0.1335 -80.9695 0.0234513 0.999597 0.0159668 0.164937 0.13311 -0.018951 0.99092 35.7656
0.990572 -0.0155355 -0.136112 -81.0853 0.0177271 0.999731 0.0149036 0.164042 0.135844 -0.0171759 0.990581 36.5467
0.990184 -0.0164025 -0.1388 -81.2004 0.0179991 0.999785 0.0102557 0.160064 0.138603 -0.0126533 0.990267 37.3329
0.989884 -0.0152416 -0.141054 -81.32 0.0163624 0.999843 0.00678939 0.153842 0.140929 -0.00902868 0.989978 38.1324
0.989373 -0.0161138 -0.144506 -81.4126 0.0169886 0.999844 0.00482195 0.153805 0.144407 -0.00722565 0.989492 38.9522
0.988902 -0.0168123 -0.147614 -81.5451 0.0179679 0.999817 0.00649818 0.145698 0.147479 -0.00907836 0.989023 39.8061
0.988442 -0.018644 -0.150448 -81.669 0.0199793 0.999773 0.00736873 0.139427 0.150277 -0.0102894 0.98859 40.6484
0.988181 -0.0193409 -0.152065 -81.8118 0.0209431 0.99974 0.00894111 0.136446 0.151854 -0.0120201 0.98833 41.4952
0.988096 -0.0192806 -0.152626 -81.9549 0.0213717 0.999699 0.0120719 0.136251 0.152348 -0.01519 0.98821 42.3421
0.98797 -0.0196555 -0.153388 -82.0919 0.022468 0.999609 0.0166237 0.136831 0.153002 -0.01987 0.988026 43.1856
0.987846 -0.0190131 -0.154267 -82.2032 0.0221283 0.999584 0.018501 0.138985 0.153851 -0.0216898 0.987855 44.0268
0.988063 -0.0163658 -0.153178 -82.3381 0.0194172 0.999641 0.0184455 0.145606 0.152821 -0.0211996 0.988026 44.9079
0.988276 -0.0166346 -0.151766 -82.465 0.0194821 0.99966 0.0172943 0.148877 0.151427 -0.0200482 0.988265 45.7682
0.988531 -0.0183322 -0.1499 -82.6062 0.0207509 0.999678 0.0145869 0.155685 0.149585 -0.0175301 0.988593 46.6472
0.988793 -0.0221272 -0.147646 -82.7343 0.0243024 0.999621 0.0129447 0.153219 0.147304 -0.0163877 0.988955 47.5082
0.989052 -0.0237746 -0.14564 -82.8635 0.0259268 0.99958 0.0128969 0.152274 0.145273 -0.0165317 0.989253 48.3805
0.989147 -0.0246022 -0.144854 -82.995 0.0270938 0.999516 0.0152527 0.149852 0.14441 -0.0190118 0.989335 49.2663
0.989291 -0.0269573 -0.143443 -83.1271 0.0297985 0.999399 0.0176952 0.145536 0.142881 -0.0217801 0.9895 50.1333
0.989345 -0.0279124 -0.142889 -83.2503 0.0307301 0.999373 0.0175508 0.148592 0.14231 -0.0217547 0.989583 51.0051
0.98957 -0.0271931 -0.141462 -83.3884 0.0296078 0.999449 0.0149929 0.138874 0.140977 -0.0190249 0.98983 51.8815
0.989751 -0.025483 -0.140515 -83.5216 0.0271424 0.999582 0.00990507 0.123479 0.140204 -0.0136174 0.990029 52.7468
0.990055 -0.0239695 -0.138625 -83.6337 0.0248811 0.999678 0.00484642 0.108005 0.138465 -0.00824735 0.990333 53.5441
0.990204 -0.0196986 -0.138231 -83.7638 0.0198188 0.999803 -0.000506766 0.0916103 0.138214 -0.00223774 0.990399 54.4237
0.990377 -0.0191289 -0.137068 -83.8831 0.0191001 0.999816 -0.00152612 0.0796326 0.137072 -0.00110655 0.99056 55.2743
0.990301 -0.0221191 -0.13717 -84.0074 0.0229019 0.999729 0.00413138 0.071969 0.137042 -0.00723274 0.990538 56.1444
0.990235 -0.0218349 -0.137691 -84.1497 0.0238389 0.999632 0.0129218 0.0644608 0.137359 -0.016078 0.99039 57.0214
0.990016 -0.0232048 -0.13903 -84.247 0.0262625 0.999451 0.0201983 0.0576165 0.138486 -0.0236479 0.990082 57.8344
0.989505 -0.0252661 -0.142272 -84.3501 0.0281707 0.999433 0.0184385 0.0498158 0.141726 -0.0222529 0.989655 58.6613
0.988991 -0.0304143 -0.144819 -84.4556 0.0330157 0.999333 0.015593 0.0416796 0.144249 -0.0202026 0.989335 59.4945
0.988246 -0.0320513 -0.149477 -84.5451 0.0345995 0.999296 0.014477 0.0343278 0.148908 -0.0194786 0.988659 60.3195
0.987842 -0.0307378 -0.152392 -84.6804 0.032927 0.999387 0.0118619 0.0287757 0.151934 -0.0167355 0.988248 61.1572
0.987281 -0.0296357 -0.156201 -84.8189 0.0312947 0.999476 0.00817149 0.0200287 0.155877 -0.0129558 0.987691 61.9943
0.986528 -0.0293122 -0.160942 -84.9394 0.0304247 0.999527 0.00445166 0.0121303 0.160736 -0.00928828 0.986953 62.8
0.986119 -0.0280738 -0.163648 -85.0911 0.0285436 0.999592 0.00051932 -0.000636726 0.163567 -0.00518319 0.986518 63.6165
0.985631 -0.02402 -0.167195 -85.2253 0.0243759 0.999703 7.66627e-05 -0.014577 0.167144 -0.00415108 0.985923 64.4135
0.984961 -0.0208363 -0.171518 -85.3663 0.0214567 0.999768 0.00176333 -0.02487 0.171441 -0.00541698 0.985179 65.2204
0.984284 -0.0175071 -0.175724 -85.5221 0.0190112 0.999795 0.00687935 -0.032202 0.175568 -0.0101119 0.984415 66.0374
0.983431 -0.0166287 -0.180519 -85.6646 0.0190791 0.999747 0.0118457 -0.0404779 0.180277 -0.0150935 0.9835 66.8197
0.982308 -0.0175331 -0.186449 -85.8137 0.0206754 0.999674 0.0149216 -0.0451737 0.186128 -0.0185125 0.982351 67.6307
0.980871 -0.0184917 -0.193779 -85.9623 0.0219252 0.999638 0.0155888 -0.0489452 0.193421 -0.0195392 0.980921 68.4154
0.979489 -0.0207216 -0.200428 -86.1164 0.0249689 0.999513 0.018686 -0.0497132 0.199944 -0.0233072 0.97953 69.199
0.977891 -0.0207926 -0.208078 -86.28 0.0251088 0.99952 0.0181229 -0.053328 0.207602 -0.0229468 0.977944 69.9964
0.976784 -0.016475 -0.213593 -86.4602 0.020578 0.999643 0.0170003 -0.0587688 0.213237 -0.0210009 0.976774 70.7612
0.975772 -0.0149097 -0.218284 -86.6509 0.0181668 0.999751 0.0129216 -0.0584568 0.218037 -0.016574 0.975799 71.5169
0.974444 -0.0172172 -0.223968 -86.8188 0.0198589 0.999757 0.00954756 -0.0570412 0.22375 -0.0137513 0.974549 72.2595
0.973102 -0.0161839 -0.229806 -86.9984 0.0184125 0.999801 0.00755649 -0.0601471 0.229639 -0.0115845 0.973207 73.0181
0.971829 -0.0139803 -0.235272 -87.1873 0.017302 0.999777 0.0120596 -0.0582064 0.235052 -0.0157906 0.971854 73.7888
0.970448 -0.0130971 -0.240953 -87.3881 0.0172045 0.99974 0.0149505 -0.0544786 0.240695 -0.0186542 0.970421 74.5449
0.968886 -0.0141091 -0.247106 -87.5808 0.0185099 0.999708 0.0154951 -0.0530558 0.246816 -0.0195869 0.968864 75.2879
0.967132 -0.0168736 -0.253715 -87.79 0.0204 0.999728 0.0112741 -0.0594992 0.253456 -0.0160793 0.967213 76.0416
0.964995 -0.0190631 -0.261575 -88.0011 0.0210504 0.999766 0.00479704 -0.0684551 0.261423 -0.0101353 0.965171 76.7844
0.962658 -0.0223118 -0.269798 -88.2222 0.0238731 0.999711 0.00250651 -0.0777859 0.269665 -0.0088538 0.962913 77.5201
0.96033 -0.0220984 -0.27799 -88.4636 0.0243248 0.999693 0.00456189 -0.085364 0.277805 -0.011143 0.960573 78.2329
0.957341 -0.0216147 -0.288152 -88.7092 0.0254415 0.99963 0.00954176 -0.0877784 0.287839 -0.0164657 0.957537 78.9459
0.954358 -0.0192948 -0.298041 -88.9577 0.0253323 0.999544 0.0164072 -0.0902236 0.297589 -0.0232084 0.954411 79.6519
0.951086 -0.0181328 -0.308393 -89.2053 0.0254784 0.999479 0.0198083 -0.101554 0.307873 -0.0266967 0.951052 80.3608
0.947263 -0.0166764 -0.320024 -89.4558 0.0225375 0.999639 0.0146195 -0.109418 0.319665 -0.021061 0.947296 81.0773
0.943253 -0.0178732 -0.331594 -89.7139 0.0208918 0.999766 0.00554046 -0.120448 0.331418 -0.0121537 0.943405 81.7733
0.938893 -0.0212334 -0.343553 -89.9766 0.0226127 0.999744 8.46479e-06 -0.124157 0.343465 -0.00777659 0.939133 82.4718
0.934555 -0.0224952 -0.355106 -90.241 0.0255716 0.999665 0.0039717 -0.126583 0.354899 -0.0127924 0.934817 83.1627
0.93039 -0.0210771 -0.365965 -90.5284 0.0266603 0.999592 0.0102085 -0.127837 0.365601 -0.0192546 0.930572 83.862
0.925775 -0.0223104 -0.377415 -90.8174 0.0298428 0.999454 0.014121 -0.127772 0.376895 -0.024336 0.925936 84.5524
0.920971 -0.0243888 -0.388867 -91.1455 0.0313233 0.999443 0.0115016 -0.13104 0.388371 -0.0227732 0.921221 85.2623
0.916667 -0.0262003 -0.398793 -91.461 0.0311902 0.999495 0.00602805 -0.139162 0.398434 -0.0179642 0.91702 85.9446
0.9131 -0.0311688 -0.406543 -91.7768 0.0336101 0.999434 -0.00113581 -0.152201 0.406349 -0.0126269 0.91363 86.6245
0.910074 -0.0353303 -0.412938 -92.1152 0.0356494 0.99934 -0.00693448 -0.167167 0.412911 -0.00841011 0.910732 87.315
0.90695 -0.035472 -0.419743 -92.4195 0.034746 0.999352 -0.00937757 -0.186653 0.419804 -0.0060794 0.907594 87.9858
0.90364 -0.0311539 -0.427158 -92.7719 0.0299783 0.999505 -0.0094788 -0.205258 0.427242 -0.00424001 0.904127 88.6777
0.900207 -0.0320205 -0.434285 -93.0941 0.0318429 0.999463 -0.00768658 -0.223164 0.434298 -0.00690938 0.900742 89.3464
0.896803 -0.0302673 -0.441395 -93.4409 0.0327886 0.99946 -0.00191701 -0.235415 0.441215 -0.0127535 0.89731 90.0277
0.894086 -0.0280863 -0.447015 -93.7932 0.0340331 0.999406 0.00527674 -0.24244 0.446602 -0.0199311 0.89451 90.7073
0.891428 -0.0198519 -0.452728 -94.1781 0.0278515 0.999551 0.0110101 -0.244887 0.452307 -0.0224239 0.89158 91.4002
0.888598 -0.0139457 -0.458476 -94.5281 0.0195848 0.999779 0.00754731 -0.254074 0.45827 -0.0156857 0.888674 92.0642
0.886147 -0.0182857 -0.463044 -94.9012 0.0204766 0.99979 -0.000295028 -0.264707 0.462953 -0.00922015 0.886335 92.7411
0.884006 -0.0258712 -0.466759 -95.2503 0.0251374 0.999653 -0.00779978 -0.279846 0.466799 -0.00483805 0.88435 93.4017
0.882008 -0.0252202 -0.470559 -95.6175 0.0240916 0.999674 -0.00842194 -0.295468 0.470618 -0.00390829 0.882328 94.0848
0.87961 -0.0193129 -0.475304 -96.0078 0.019875 0.999794 -0.00384319 -0.309093 0.475281 -0.00606615 0.879813 94.7749
0.876818 -0.016721 -0.480532 -96.362 0.0189956 0.999819 -0.000129718 -0.325918 0.480448 -0.00901423 0.876977 95.4375
0.874205 -0.0206651 -0.485117 -96.7441 0.0222537 0.999749 -0.00248516 -0.346167 0.485047 -0.00862312 0.874445 96.1144
0.871632 -0.0220828 -0.489664 -97.1286 0.0206195 0.999752 -0.00838273 -0.370903 0.489728 -0.00278997 0.87187 96.7886
0.86925 -0.0254307 -0.493718 -97.5264 0.0206591 0.999672 -0.0151188 -0.388915 0.493941 0.00294226 0.86949 97.458
0.86714 -0.025393 -0.497417 -97.9306 0.0195557 0.999665 -0.0169414 -0.40782 0.497681 0.0049632 0.867345 98.1288
0.864559 -0.0233558 -0.501988 -98.3033 0.0193954 0.999725 -0.0131099 -0.424456 0.502157 0.00159801 0.864775 98.7962
0.861784 -0.0226215 -0.506771 -98.6964 0.0192346 0.999743 -0.0119178 -0.442928 0.506911 0.000523034 0.861997 99.4686
0.858737 -0.022353 -0.511929 -99.0821 0.0188818 0.999749 -0.0119801 -0.460912 0.512069 0.000621553 0.858944 100.132
0.856198 -0.0243575 -0.516074 -99.4886 0.0203853 0.999702 -0.0133633 -0.481916 0.516246 0.000921261 0.856439 100.8
0.853231 -0.0266059 -0.520854 -99.8825 0.0222755 0.999645 -0.014573 -0.504998 0.521058 0.000831802 0.853521 101.462
0.850367 -0.027188 -0.525487 -100.283 0.0229913 0.99963 -0.0145142 -0.528024 0.525687 0.000260748 0.850677 102.12
0.848103 -0.0260481 -0.529191 -100.717 0.0216471 0.99966 -0.0145133 -0.552263 0.52939 0.000853329 0.848378 102.777
0.845551 -0.0265638 -0.533233 -101.117 0.0219198 0.999646 -0.0150404 -0.577873 0.533445 0.00102907 0.845834 103.414
0.841771 -0.030059 -0.538997 -101.515 0.0231127 0.999539 -0.0196468 -0.602048 0.53934 0.00408048 0.842078 104.066
0.839333 -0.0345145 -0.54252 -101.918 0.025144 0.999378 -0.0246791 -0.630168 0.543036 0.00707287 0.83968 104.684
0.83702 -0.03657 -0.545949 -102.331 0.0255691 0.999287 -0.0277354 -0.654035 0.546575 0.00925567 0.837358 105.308
0.834902 -0.0348635 -0.549293 -102.734 0.025709 0.999372 -0.0243535 -0.682112 0.549797 0.00621099 0.835275 105.923
0.832446 -0.0304306 -0.55327 -103.128 0.0258167 0.999536 -0.0161323 -0.701575 0.553505 -0.000854367 0.832845 106.53
0.830575 -0.0293328 -0.556133 -103.54 0.0301731 0.999515 -0.00765576 -0.719593 0.556088 -0.0104216 0.831057 107.149
0.829009 -0.0300193 -0.558428 -103.965 0.0338671 0.99942 -0.00344862 -0.742044 0.558208 -0.0160534 0.829545 107.747
0.827745 -0.0323302 -0.560173 -104.419 0.0364517 0.999327 -0.00381272 -0.767109 0.55992 -0.0172633 0.828367 108.368
0.825831 -0.034019 -0.562891 -104.835 0.036401 0.999312 -0.00698985 -0.791456 0.562742 -0.0147174 0.826501 108.954
0.82385 -0.0353545 -0.565704 -105.21 0.0358375 0.999304 -0.010262 -0.810664 0.565674 -0.0118191 0.824544 109.501
0.821494 -0.0374491 -0.568985 -105.551 0.037232 0.999234 -0.0120119 -0.823342 0.569 -0.0113168 0.822259 110.021
0.819444 -0.0395275 -0.571794 -105.907 0.0392179 0.999147 -0.0128664 -0.838969 0.571815 -0.0118813 0.820296 110.55
0.817332 -0.0387967 -0.57486 -106.254 0.0389329 0.999168 -0.0120783 -0.861408 0.574851 -0.012509 0.818162 111.056
0.815443 -0.0389444 -0.577526 -106.585 0.0402642 0.999133 -0.0105233 -0.883294 0.577436 -0.0146725 0.816304 111.54
0.81419 -0.039628 -0.579245 -106.934 0.041299 0.999093 -0.0103012 -0.896552 0.579128 -0.0155351 0.815088 112.007
0.813077 -0.0421305 -0.580629 -107.263 0.0441521 0.998967 -0.0106573 -0.909962 0.580479 -0.0169708 0.814098 112.429
0.812282 -0.0434512 -0.581643 -107.586 0.0447554 0.998924 -0.0121216 -0.924719 0.581545 -0.0161855 0.813353 112.849
0.81112 -0.0439754 -0.583224 -107.89 0.0427626 0.998959 -0.01585 -0.942687 0.583315 -0.012084 0.812156 113.251
0.809669 -0.0465495 -0.585037 -108.187 0.0430121 0.998875 -0.0199501 -0.964325 0.585308 -0.00901072 0.81076 113.642
0.807334 -0.0506853 -0.587913 -108.47 0.0465337 0.99867 -0.0221966 -0.980027 0.588256 -0.00943773 0.808619 114.012
0.804768 -0.0543387 -0.591096 -108.74 0.0512267 0.998443 -0.0220412 -0.998908 0.591374 -0.0125419 0.806299 114.355
0.801527 -0.0531507 -0.595591 -109.011 0.0507524 0.998494 -0.0208049 -1.01649 0.5958 -0.013552 0.803018 114.689
0.797711 -0.0495258 -0.601002 -109.271 0.047298 0.99869 -0.0195185 -1.03052 0.601182 -0.0128561 0.799009 115.014
0.794094 -0.0431182 -0.606264 -109.523 0.0424187 0.998979 -0.0154879 -1.0441 0.606313 -0.0134181 0.795112 115.318
0.790305 -0.0376149 -0.611558 -109.76 0.0406699 0.999132 -0.00889637 -1.05892 0.611363 -0.0178412 0.791149 115.594
0.78514 -0.0355061 -0.618299 -109.972 0.0411078 0.999141 -0.00517576 -1.075 0.617952 -0.0213532 0.785926 115.855
0.779154 -0.0377956 -0.625692 -110.179 0.0451186 0.998972 -0.00415919 -1.08986 0.625207 -0.0249898 0.780059 116.107
0.771453 -0.0391854 -0.635078 -110.38 0.0478677 0.998847 -0.00348384 -1.10388 0.634483 -0.0277121 0.77244 116.349
0.762007 -0.0404289 -0.646305 -110.574 0.0504717 0.99872 -0.00296665 -1.11602 0.645599 -0.0303595 0.763073 116.567
0.750574 -0.0397614 -0.659589 -110.763 0.0503896 0.998725 -0.00286479 -1.12783 0.658862 -0.0310862 0.751621 116.776
0.737343 -0.037926 -0.674453 -110.942 0.0481095 0.998835 -0.00357131 -1.14358 0.673804 -0.0298143 0.738309 116.954
0.722319 -0.0391223 -0.690452 -111.118 0.0474913 0.998847 -0.00691342 -1.15944 0.689927 -0.0277968 0.723345 117.117
0.706493 -0.0412531 -0.706516 -111.296 0.0458821 0.998869 -0.0124428 -1.17534 0.706231 -0.0236257 0.707587 117.273
0.690155 -0.0444109 -0.722297 -111.46 0.0455064 0.998802 -0.0179307 -1.19424 0.72223 -0.0204942 0.69135 117.413
0.674178 -0.0438492 -0.737265 -111.634 0.0406068 0.998926 -0.0222794 -1.20726 0.737451 -0.0149177 0.675235 117.543
0.657833 -0.0401827 -0.752091 -111.827 0.0325044 0.999159 -0.0249525 -1.21607 0.752462 -0.00803164 0.658587 117.681
0.639734 -0.0381898 -0.767647 -112.015 0.0290678 0.999252 -0.0254877 -1.22466 0.768046 -0.00600851 0.640366 117.81
0.620175 -0.0394354 -0.783471 -112.192 0.0313772 0.999183 -0.0254557 -1.23211 0.783836 -0.00879617 0.620906 117.926
0.598751 -0.0399406 -0.799938 -112.372 0.0333761 0.999132 -0.0249044 -1.24033 0.800239 -0.0117873 0.599565 118.046
0.57575 -0.0381171 -0.816737 -112.554 0.0323632 0.999192 -0.0238182 -1.24521 0.816985 -0.0127189 0.576518 118.146
0.551063 -0.0340758 -0.833767 -112.752 0.0278192 0.99936 -0.022457 -1.24728 0.834 -0.0108195 0.551659 118.238
0.526455 -0.0305248 -0.849654 -112.944 0.0245068 0.999484 -0.020723 -1.24865 0.84985 -0.00991259 0.526932 118.309
0.502253 -0.0282472 -0.864259 -113.146 0.0211356 0.999568 -0.0203869 -1.246 0.864462 -0.00802718 0.502634 118.357
0.477804 -0.0261243 -0.878078 -113.345 0.0169178 0.999645 -0.0205354 -1.24832 0.878304 -0.00504323 0.478076 118.397
0.45247 -0.0229451 -0.891484 -113.562 0.0114162 0.999735 -0.0199371 -1.24604 0.891706 -0.00115643 0.452613 118.443
0.425269 -0.0209277 -0.904825 -113.774 0.00741672 0.999779 -0.019638 -1.24752 0.905037 0.00164064 0.42533 118.488
0.395032 -0.0226545 -0.918387 -113.983 0.0069414 0.99974 -0.0216756 -1.24717 0.918641 0.00218768 0.395087 118.546
0.361926 -0.025269 -0.931864 -114.207 0.00580712 0.999673 -0.0248524 -1.26279 0.932189 0.00358329 0.361954 118.608
0.326458 -0.0286401 -0.944778 -114.431 0.0045092 0.999576 -0.0287432 -1.28302 0.945201 0.00512325 0.326448 118.658
0.285436 -0.0315163 -0.957879 -114.678 0.00342448 0.999485 -0.0318648 -1.2844 0.958392 0.00581516 0.285397 118.714
0.242668 -0.0329162 -0.969551 -114.948 0.00243697 0.999441 -0.033321 -1.29048 0.970107 0.00572319 0.242612 118.758
0.196862 -0.0355091 -0.979788 -115.235 0.00101296 0.99935 -0.0360146 -1.29069 0.980431 0.00609741 0.196769 118.796
0.148889 -0.0386789 -0.988097 -115.538 -0.000900354 0.999228 -0.0392503 -1.29613 0.988854 0.00673357 0.148739 118.813
0.0990612 -0.0406339 -0.994251 -115.855 -0.00274133 0.99915 -0.0411073 -1.30283 0.995078 0.00679772 0.0988653 118.816
0.0469282 -0.0412768 -0.998045 -116.18 -0.00480512 0.999124 -0.0415474 -1.31378 0.998887 0.00674548 0.0466883 118.809
-0.00557574 -0.0399135 -0.999187 -116.539 -0.00667638 0.999181 -0.039876 -1.32979 0.999962 0.00644862 -0.00583819 118.777
-0.0591386 -0.0378054 -0.997533 -116.906 -0.00596732 0.999277 -0.0375177 -1.34283 0.998232 0.00373386 -0.0593221 118.728
-0.112474 -0.0362681 -0.992992 -117.259 -0.00552383 0.99934 -0.0358743 -1.35172 0.993639 0.00145021 -0.1126 118.649
-0.165899 -0.0364988 -0.985467 -117.623 -0.00504088 0.999332 -0.0361637 -1.34696 0.98613 -0.00103191 -0.165973 118.55
-0.219355 -0.0361598 -0.974975 -118.034 -0.0056618 0.999342 -0.0357897 -1.34641 0.975629 -0.00233055 -0.219416 118.438
-0.270391 -0.0354497 -0.962097 -118.429 -0.0074364 0.999368 -0.0347331 -1.35709 0.962722 -0.00223699 -0.270485 118.295
-0.319764 -0.0341854 -0.94688 -118.837 -0.00775059 0.999409 -0.0334645 -1.3791 0.947465 -0.00336185 -0.319841 118.132
-0.367575 -0.0323227 -0.929432 -119.251 -0.00588961 0.999456 -0.0324288 -1.40073 0.929975 -0.00644603 -0.367567 117.942
-0.413566 -0.0304948 -0.909963 -119.666 -0.00386231 0.999488 -0.0317396 -1.42268 0.910466 -0.00961188 -0.413473 117.724
-0.455994 -0.0296464 -0.889489 -120.06 -0.00326123 0.999493 -0.031641 -1.42816 0.889977 -0.0115273 -0.45586 117.473
-0.496015 -0.0284724 -0.867847 -120.471 -0.00301248 0.999512 -0.0310704 -1.4457 0.868309 -0.012797 -0.49586 117.188
-0.532524 -0.0279317 -0.845954 -120.88 -0.00378831 0.999523 -0.0306175 -1.46416 0.846406 -0.0130999 -0.532377 116.882
-0.5646 -0.0287885 -0.824862 -121.312 -0.00633569 0.999512 -0.0305474 -1.47327 0.82534 -0.012021 -0.564509 116.539
-0.591849 -0.0289895 -0.805527 -121.757 -0.00827436 0.999518 -0.0298914 -1.4948 0.806006 -0.011026 -0.591805 116.184
