1 0 0 0 0 1 0 0 0 0 1 0
0.999894 -0.00248999 0.0143551 -0.189761 0.00267307 0.999915 -0.0127485 0.254806 -0.0143221 0.0127855 0.999816 0.235538
0.99978 -0.00643518 0.0199661 -0.154703 0.00674969 0.999854 -0.015725 0.283048 -0.019862 0.0158563 0.999677 0.52683
0.999725 -0.0108198 0.0208009 -0.123123 0.0112276 0.999745 -0.0195891 0.303552 -0.0205836 0.0198172 0.999592 0.821128
0.999773 -0.0126489 0.0171443 -0.0932575 0.0130445 0.999647 -0.0231611 0.322973 -0.0168453 0.0233795 0.999585 1.11568
0.999836 -0.0157187 0.00901669 -0.0660774 0.0159522 0.999523 -0.0264338 0.341342 -0.00859688 0.0265733 0.99961 1.41079
0.999828 -0.0179747 -0.00447852 -0.0552464 0.0178283 0.999366 -0.0308325 0.363038 0.00502989 0.0307473 0.999515 1.7369
0.999598 -0.0176696 -0.022145 -0.0517973 0.0169173 0.999288 -0.0337128 0.383088 0.0227249 0.0333246 0.999186 2.06412
0.99899 -0.0135324 -0.0428509 -0.0605135 0.0119765 0.999267 -0.0363603 0.403314 0.0433115 0.0358103 0.99842 2.41177
0.998031 -0.00962585 -0.0619816 -0.114592 0.00721685 0.999214 -0.0389736 0.407125 0.0623081 0.0384495 0.997316 2.77499
0.996626 -0.00948635 -0.0815279 -0.174455 0.00618413 0.999154 -0.0406616 0.40895 0.0818447 0.0400202 0.995841 3.13219
0.99487 -0.0102303 -0.100643 -0.26591 0.0061285 0.999141 -0.040981 0.400488 0.100976 0.040154 0.994078 3.51052
0.992975 -0.0110525 -0.117801 -0.363661 0.00622033 0.999127 -0.0413088 0.391871 0.118155 0.0402859 0.992178 3.88707
0.991063 -0.00915914 -0.133077 -0.472411 0.00363923 0.999125 -0.0416634 0.378481 0.133342 0.0408067 0.99023 4.26688
0.989098 -0.00769366 -0.147053 -0.571179 0.00155239 0.999124 -0.0418317 0.359794 0.147245 0.0411474 0.988244 4.65984
0.987274 -0.00789982 -0.158832 -0.678304 0.00114872 0.999094 -0.0425516 0.34001 0.159024 0.0418276 0.986388 5.07456
0.985551 -0.00921695 -0.169127 -0.788348 0.00178606 0.999028 -0.0440362 0.32015 0.169369 0.0430979 0.98461 5.50833
0.983821 -0.0127726 -0.178695 -0.885747 0.00456112 0.998918 -0.046288 0.297104 0.179093 0.0447241 0.982815 5.97474
0.98232 -0.0121096 -0.186818 -0.976951 0.003164 0.998837 -0.0481082 0.271662 0.187183 0.0466666 0.981216 6.4478
0.980766 -0.0117932 -0.19483 -1.06195 0.00207941 0.998748 -0.0499872 0.244607 0.195175 0.0486207 0.979563 6.91189
0.979317 -0.0120908 -0.201968 -1.18503 0.00157961 0.998639 -0.0521241 0.21452 0.202324 0.050727 0.978004 7.4041
0.977975 -0.0152151 -0.208164 -1.31122 0.00406805 0.99854 -0.0538731 0.181979 0.20868 0.0518397 0.976609 7.90799
0.976442 -0.0204021 -0.214814 -1.43454 0.00868488 0.998429 -0.0553493 0.149373 0.215606 0.0521798 0.975085 8.43427
0.97502 -0.0203945 -0.221178 -1.57254 0.00773441 0.998289 -0.0579551 0.113682 0.221982 0.0547967 0.97351 8.92597
0.973484 -0.0159462 -0.228199 -1.74957 0.00180789 0.998073 -0.0620311 0.0713567 0.228749 0.0599737 0.971636 9.47122
0.971505 -0.0140274 -0.236603 -1.91039 -0.00138777 0.997894 -0.0648599 0.0316871 0.237015 0.0633401 0.969439 10.0169
0.968367 -0.0169183 -0.248954 -2.01407 0.000308301 0.997779 -0.0666074 -0.0134898 0.249528 0.0644237 0.966222 10.6145
0.966247 -0.0201096 -0.256831 -2.18442 0.00268748 0.997681 -0.0680067 -0.0685897 0.257603 0.0650211 0.964061 11.2144
0.964028 -0.0197334 -0.265065 -2.36531 0.00114433 0.997539 -0.0701026 -0.120272 0.265796 0.0672776 0.961679 11.8345
0.961694 -0.0194629 -0.273431 -2.53256 -0.000499831 0.99735 -0.0727497 -0.175666 0.274122 0.0700996 0.959137 12.4102
0.959787 -0.0193318 -0.280063 -2.72071 -0.00262185 0.996965 -0.0778024 -0.22777 0.280717 0.075408 0.956824 13.0012
0.958616 -0.0192845 -0.284046 -2.9269 -0.00542153 0.996286 -0.0859371 -0.286374 0.284648 0.0839207 0.954952 13.6008
0.956343 -0.0213546 -0.291463 -3.08393 -0.00615443 0.995634 -0.0931411 -0.356261 0.292179 0.0908687 0.952037 14.2413
0.954423 -0.0216519 -0.297668 -3.2498 -0.00896848 0.994834 -0.101119 -0.430794 0.29832 0.0991796 0.949299 14.8829
0.952803 -0.0210434 -0.302858 -3.45592 -0.0129118 0.993883 -0.109679 -0.507569 0.303313 0.108413 0.946704 15.5425
0.951325 -0.0192479 -0.307587 -3.66531 -0.0174365 0.993088 -0.116073 -0.588671 0.307695 0.115787 0.944414 16.2005
0.950071 -0.017863 -0.31152 -3.90141 -0.0214706 0.992251 -0.122378 -0.670471 0.311292 0.122956 0.942326 16.8293
0.948715 -0.0161614 -0.315717 -4.14678 -0.0256716 0.991456 -0.127894 -0.759731 0.315087 0.12944 0.940195 17.4887
0.946085 -0.0138288 -0.323621 -4.35951 -0.0313775 0.990477 -0.134054 -0.847605 0.322393 0.136981 0.936642 18.2272
0.943563 -0.0121103 -0.33097 -4.61227 -0.0360616 0.989633 -0.139019 -0.928662 0.329222 0.143109 0.933345 18.9917
0.941376 -0.0113551 -0.337167 -4.85239 -0.0388923 0.989117 -0.141899 -1.01123 0.335109 0.146694 0.930689 19.6975
0.939341 -0.0116855 -0.342785 -5.12916 -0.0394568 0.989103 -0.141843 -1.12171 0.340707 0.146764 0.928644 20.3996
0.937182 -0.0110552 -0.348663 -5.41827 -0.0405653 0.989263 -0.140404 -1.2324 0.346472 0.145727 0.926672 21.116
0.934914 -0.0113688 -0.354692 -5.72502 -0.0407486 0.989437 -0.139121 -1.34201 0.352527 0.144519 0.924575 21.8421
0.932313 -0.0106145 -0.361495 -6.04255 -0.041667 0.98976 -0.136523 -1.45074 0.359243 0.142345 0.922325 22.5661
0.929681 -0.00818653 -0.368273 -6.38059 -0.0436274 0.99027 -0.132148 -1.55695 0.365771 0.138922 0.920278 23.312
0.925958 -0.00473971 -0.377596 -6.69334 -0.0467922 0.990775 -0.127182 -1.66698 0.374716 0.135434 0.917194 24.0758
0.922066 -0.000617957 -0.38703 -7.02263 -0.0511415 0.991036 -0.123422 -1.77513 0.383637 0.133597 0.913769 24.8518
0.918064 -0.000608181 -0.39643 -7.36303 -0.0518881 0.991212 -0.121685 -1.88324 0.39302 0.132284 0.909965 25.625
0.913909 -0.000846186 -0.405918 -7.71176 -0.0527606 0.991267 -0.120855 -1.99076 0.402475 0.131867 0.905883 26.3948
0.909979 -0.000990772 -0.414653 -8.06832 -0.0534235 0.991383 -0.11961 -2.09701 0.411199 0.130994 0.902084 27.1609
0.906205 1.85588e-05 -0.422837 -8.43851 -0.055075 0.991486 -0.117991 -2.20359 0.419235 0.130212 0.898491 27.9315
0.902609 -0.00286639 -0.430451 -8.81503 -0.0516893 0.992021 -0.114993 -2.30791 0.427346 0.126043 0.895259 28.6999
0.899259 -0.00259691 -0.437407 -9.20097 -0.05119 0.992486 -0.111133 -2.40935 0.434409 0.122328 0.89237 29.4699
0.895859 0.000263096 -0.444338 -9.61479 -0.0528412 0.992967 -0.105949 -2.50966 0.441185 0.118394 0.889572 30.266
0.891489 -0.000607561 -0.45304 -10.069 -0.0511044 0.993482 -0.101895 -2.6101 0.450149 0.113991 0.885648 31.1278
0.887399 -0.0022438 -0.460997 -10.4594 -0.049582 0.993723 -0.10028 -2.70604 0.458328 0.111845 0.881718 31.9384
0.881167 -0.00913143 -0.472717 -10.8446 -0.0416981 0.994417 -0.0969364 -2.78059 0.470963 0.105129 0.875867 32.8315
0.874753 -0.0126829 -0.484402 -11.2416 -0.0383742 0.994705 -0.0953416 -2.85297 0.483046 0.101989 0.869635 33.7197
0.863915 -0.0132176 -0.503463 -11.6403 -0.0417956 0.994326 -0.0978234 -2.94479 0.501899 0.105554 0.858461 34.7149
0.852085 -0.0152956 -0.523179 -12.0698 -0.0436673 0.994011 -0.10018 -3.04126 0.521578 0.108208 0.846314 35.7271
0.840624 -0.0207452 -0.541221 -12.5459 -0.039808 0.994197 -0.0999378 -3.13338 0.540154 0.105555 0.83492 36.7215
0.832691 -0.0243307 -0.553202 -13.1001 -0.0384131 0.99409 -0.101542 -3.21999 0.552403 0.105803 0.826835 37.6802
0.830647 -0.0221565 -0.556357 -13.7339 -0.043342 0.993603 -0.10428 -3.33268 0.555109 0.110733 0.824374 38.5997
0.829109 -0.0215436 -0.558671 -14.2239 -0.0427127 0.993896 -0.101716 -3.45851 0.557452 0.108196 0.823129 39.4481
0.82785 -0.0218345 -0.560523 -14.7901 -0.0416371 0.994094 -0.100219 -3.59069 0.559401 0.106305 0.822052 40.3243
0.827113 -0.0227988 -0.561572 -15.3927 -0.040879 0.99409 -0.100567 -3.71747 0.560546 0.106137 0.821294 41.199
0.825648 -0.0243681 -0.563659 -15.9877 -0.0388927 0.994232 -0.0999528 -3.8388 0.562843 0.104448 0.819938 42.0648
0.823976 -0.0246871 -0.566085 -16.5856 -0.037231 0.994533 -0.0975642 -3.95743 0.565399 0.101467 0.818553 42.9309
0.821106 -0.0238217 -0.570277 -17.1793 -0.0360706 0.994966 -0.0934977 -4.07971 0.569634 0.0973418 0.816114 43.8158
0.817359 -0.0240614 -0.575626 -17.7949 -0.0336268 0.995432 -0.0893579 -4.19416 0.575146 0.0923939 0.812816 44.7047
0.812214 -0.0237269 -0.582876 -18.4254 -0.0334434 0.995635 -0.0871311 -4.30821 0.582399 0.0902625 0.807876 45.5988
0.807446 -0.0268986 -0.589328 -19.1014 -0.0313571 0.995591 -0.0884044 -4.43483 0.589107 0.0898614 0.803043 46.4463
0.8009 -0.0300965 -0.59804 -19.7457 -0.030302 0.995419 -0.0906754 -4.55569 0.59803 0.0907437 0.79632 47.2887
0.794378 -0.0299018 -0.606687 -20.3992 -0.0306001 0.995549 -0.0891346 -4.67466 0.606652 0.0893713 0.789928 48.1243
0.788084 -0.0258504 -0.615024 -21.0587 -0.0322752 0.996008 -0.0832207 -4.78668 0.614721 0.0854349 0.784104 48.9478
0.782903 -0.0205011 -0.621805 -21.7622 -0.0358726 0.996307 -0.0780151 -4.89636 0.621108 0.083384 0.779277 49.7859
0.778592 -0.020404 -0.627198 -22.4307 -0.0374329 0.996181 -0.0788764 -5.00657 0.626412 0.0848904 0.774856 50.606
0.773892 -0.0221938 -0.632928 -23.0829 -0.0386355 0.99587 -0.0821607 -5.11694 0.632138 0.088037 0.769839 51.4286
0.771626 -0.0234972 -0.635642 -23.8438 -0.0414613 0.995334 -0.0871249 -5.23544 0.634723 0.0935824 0.767052 52.2893
0.76957 -0.0251294 -0.638067 -24.5552 -0.0402767 0.995326 -0.0877771 -5.34677 0.637291 0.0932499 0.764961 52.9905
0.766615 -0.0231837 -0.641687 -25.2708 -0.0397869 0.995713 -0.0835072 -5.45405 0.640872 0.0895487 0.762407 53.8009
0.764535 -0.0191415 -0.644296 -25.9983 -0.0410049 0.99609 -0.0782503 -5.54986 0.643275 0.0862445 0.760762 54.5994
0.76229 -0.0169728 -0.647012 -26.7288 -0.0417838 0.99628 -0.0753634 -5.64282 0.645885 0.0844834 0.758746 55.3981
0.759456 -0.0171358 -0.650332 -27.4375 -0.0422769 0.99624 -0.075621 -5.74417 0.649183 0.0849248 0.755876 56.1878
0.756601 -0.0182085 -0.653622 -28.1597 -0.0417599 0.996226 -0.076092 -5.84755 0.652541 0.0848666 0.752986 56.9821
0.752499 -0.0194383 -0.658306 -28.8116 -0.0420951 0.996101 -0.0775309 -5.95754 0.657246 0.0860534 0.748747 57.7624
0.748133 -0.0202335 -0.663239 -29.5144 -0.0417184 0.996123 -0.0774473 -6.06404 0.662235 0.0856102 0.74439 58.552
0.743854 -0.0197067 -0.668051 -30.2777 -0.0431147 0.996068 -0.0773897 -6.15082 0.666949 0.0863695 0.74008 59.3585
0.739076 -0.0201965 -0.673318 -31.0127 -0.0422719 0.99619 -0.0762816 -6.24557 0.672294 0.0848404 0.735407 60.1386
0.73328 -0.0214596 -0.679587 -31.7797 -0.0424097 0.996112 -0.0772151 -6.34255 0.678602 0.0854414 0.72952 60.9456
0.72781 -0.0235473 -0.685373 -32.5503 -0.0409709 0.996132 -0.0777317 -6.44147 0.684553 0.0846543 0.724031 61.7477
0.721656 -0.024581 -0.691814 -33.3026 -0.0415985 0.996023 -0.0787829 -6.53481 0.691 0.0856326 0.717765 62.5288
0.716238 -0.0257503 -0.69738 -34.1164 -0.0425084 0.995853 -0.0804291 -6.6285 0.69656 0.0872509 0.712174 63.3078
0.710102 -0.0282345 -0.703531 -34.9053 -0.0411359 0.995825 -0.081485 -6.72456 0.702895 0.0868031 0.705977 64.0914
0.703777 -0.0296229 -0.709802 -35.7053 -0.0404452 0.995839 -0.0816623 -6.82193 0.709268 0.0861801 0.699651 64.8713
0.697171 -0.0299027 -0.71628 -36.5124 -0.039848 0.995969 -0.0803639 -6.91787 0.715796 0.0845698 0.69317 65.6441
0.689739 -0.0310151 -0.723392 -37.2896 -0.0372345 0.996241 -0.0782157 -7.02709 0.723099 0.0808837 0.685993 66.4114
0.682545 -0.0336896 -0.730066 -38.0906 -0.0334431 0.996451 -0.0772484 -7.13408 0.730078 0.0771412 0.678996 67.175
0.675421 -0.034332 -0.736632 -38.9009 -0.0357146 0.99622 -0.0791775 -7.24351 0.736567 0.0797867 0.671643 67.9312
0.668637 -0.0334904 -0.742834 -39.7777 -0.038137 0.996126 -0.0792377 -7.34701 0.74261 0.0813107 0.66477 68.7021
0.662493 -0.0332673 -0.748328 -40.6577 -0.0380042 0.996234 -0.0779332 -7.44965 0.748103 0.0800698 0.658735 69.4629
0.657279 -0.0329194 -0.752927 -41.5075 -0.0387887 0.996244 -0.077419 -7.55547 0.752648 0.080091 0.653535 70.2047
0.651968 -0.0348441 -0.757444 -42.3505 -0.0374843 0.996241 -0.0780938 -7.65554 0.757319 0.0793069 0.648212 70.9391
0.646523 -0.0365009 -0.76202 -43.2282 -0.0393264 0.995932 -0.0810713 -7.76173 0.76188 0.082382 0.642459 71.6662
0.640827 -0.0392408 -0.766681 -44.1311 -0.0389653 0.995743 -0.0835337 -7.86496 0.766696 0.0834046 0.636571 72.4105
0.634868 -0.0397274 -0.771598 -44.9796 -0.0399952 0.995648 -0.0841711 -7.97072 0.771584 0.0842978 0.630518 73.1402
0.629592 -0.0388682 -0.775952 -45.8912 -0.040176 0.995783 -0.0824777 -8.081 0.775886 0.083102 0.625376 73.8711
0.624405 -0.038352 -0.780158 -46.7864 -0.0407404 0.995835 -0.0815615 -8.18985 0.780037 0.0827114 0.620243 74.5956
0.61912 -0.0393421 -0.784309 -47.6865 -0.0406433 0.9958 -0.082034 -8.29936 0.784243 0.0826658 0.614922 75.3139
0.614039 -0.0403841 -0.788241 -48.5795 -0.0397812 0.995837 -0.0820094 -8.40798 0.788273 0.0817142 0.609877 76.026
0.609077 -0.0406888 -0.792066 -49.5187 -0.0395264 0.995885 -0.0815539 -8.51947 0.792125 0.0809801 0.604963 76.7506
0.604386 -0.0417498 -0.795596 -50.4692 -0.0381317 0.995965 -0.0812317 -8.6302 0.795778 0.0794327 0.600357 77.4737
0.599436 -0.0444421 -0.799188 -51.4466 -0.0358898 0.995961 -0.0823039 -8.74021 0.799618 0.0780186 0.59542 78.2092
0.594577 -0.0498441 -0.802492 -52.4202 -0.0320879 0.99581 -0.0856259 -8.86017 0.803398 0.0766615 0.590487 78.9262
0.589627 -0.0530844 -0.805928 -53.4013 -0.028409 0.995857 -0.086379 -8.98221 0.807175 0.073827 0.585678 79.627
0.582836 -0.0566093 -0.810615 -54.3921 -0.0232408 0.996001 -0.086266 -9.09912 0.812257 0.0691183 0.579191 80.3301
0.57393 -0.0601934 -0.816688 -55.3611 -0.0185509 0.996083 -0.0864524 -9.21706 0.818694 0.0647679 0.570567 81.0218
0.564577 -0.0599747 -0.823198 -56.2881 -0.01698 0.996301 -0.0842318 -9.34363 0.825205 0.0615332 0.561471 81.6886
0.555249 -0.0588666 -0.829598 -57.3343 -0.0167947 0.996495 -0.08195 -9.44728 0.831514 0.0594354 0.552315 82.3763
0.545882 -0.0594171 -0.835752 -58.3823 -0.017572 0.996451 -0.0823193 -9.55417 0.837678 0.0596224 0.542901 83.0508
0.535752 -0.0612152 -0.842153 -59.4387 -0.0189578 0.996245 -0.0844764 -9.66391 0.844162 0.0612237 0.53258 83.712
0.525393 -0.0635336 -0.848484 -60.5029 -0.0190133 0.996082 -0.086359 -9.77599 0.850647 0.0615049 0.522128 84.3601
0.515105 -0.0652905 -0.854636 -61.5796 -0.0188341 0.995992 -0.0874411 -9.89229 0.85692 0.0611377 0.511812 85.0022
0.505461 -0.0662557 -0.860301 -62.6646 -0.0161216 0.996148 -0.08619 -10.0069 0.862698 0.0574351 0.502447 85.619
0.494938 -0.0665549 -0.866375 -63.7595 -0.015205 0.996246 -0.0852178 -10.1221 0.868795 0.0553508 0.492069 86.2377
0.484177 -0.0673039 -0.872377 -64.844 -0.0158338 0.9962 -0.0856447 -10.2387 0.874826 0.0552802 0.481272 86.8431
0.473455 -0.067818 -0.878203 -65.9415 -0.0181573 0.996068 -0.0867089 -10.3572 0.880631 0.0569985 0.470363 87.4306
0.464157 -0.0685724 -0.883094 -67.0722 -0.0198907 0.99594 -0.0877897 -10.4784 0.885529 0.0583136 0.46091 87.9947
0.454571 -0.070027 -0.887953 -68.2183 -0.0202874 0.995832 -0.0889204 -10.6021 0.890479 0.0584349 0.451256 88.548
0.445384 -0.0698952 -0.892607 -69.3185 -0.0209436 0.995862 -0.0884308 -10.7244 0.895095 0.0580801 0.442078 89.1022
0.436212 -0.0679906 -0.897271 -70.4608 -0.0219436 0.996041 -0.0861429 -10.8429 0.899576 0.057266 0.432994 89.6536
0.428102 -0.0670318 -0.90124 -71.608 -0.0213347 0.996218 -0.0842303 -10.9592 0.903478 0.0552869 0.425054 90.1948
0.4195 -0.067371 -0.905251 -72.7539 -0.0210814 0.99625 -0.0839126 -11.0816 0.90751 0.0542853 0.416507 90.733
0.411444 -0.0712032 -0.908649 -73.9368 -0.018506 0.996085 -0.0864346 -11.2012 0.911247 0.0523785 0.408517 91.2668
0.404222 -0.0749762 -0.911582 -75.1197 -0.0155925 0.995925 -0.0888275 -11.3252 0.914528 0.0501199 0.401407 91.7878
0.39705 -0.0780733 -0.914469 -76.2992 -0.0137888 0.995755 -0.0910001 -11.4545 0.917693 0.0487411 0.394289 92.3064
0.391074 -0.0813691 -0.916755 -77.4781 -0.0124791 0.995524 -0.0936839 -11.5872 0.920275 0.0480776 0.388309 92.8149
0.387176 -0.0825251 -0.918305 -78.6677 -0.0105656 0.995524 -0.0939193 -11.7121 0.921945 0.0460657 0.384572 93.296
0.383018 -0.0806084 -0.920217 -79.8491 -0.00827472 0.995846 -0.0906775 -11.8401 0.923704 0.0423456 0.38076 93.7841
0.378579 -0.0788535 -0.922203 -80.9847 -0.00401006 0.996215 -0.0868282 -11.9707 0.92556 0.0365694 0.376831 94.2835
0.37455 -0.078331 -0.923891 -82.1725 -0.00215023 0.996349 -0.085346 -12.0992 0.927204 0.0339529 0.373015 94.7701
0.370924 -0.0784983 -0.925339 -83.3523 2.35948e-05 0.996422 -0.0845189 -12.2271 0.928663 0.0313283 0.369599 95.2507
0.367349 -0.0774552 -0.926852 -84.5152 0.00285959 0.996615 -0.0821519 -12.354 0.930079 0.027528 0.366328 95.7286
0.364944 -0.0761938 -0.927906 -85.6666 0.00370918 0.996756 -0.0803886 -12.4773 0.931022 0.0258956 0.364044 96.1918
0.362542 -0.0773038 -0.928755 -86.8323 0.00682592 0.996747 -0.0802986 -12.5937 0.931942 0.022772 0.361891 96.6459
0.359533 -0.0775931 -0.9299 -87.9792 0.0097256 0.996794 -0.0794147 -12.7134 0.933082 0.0195084 0.359136 97.1039
0.356697 -0.0771256 -0.931031 -89.1133 0.0134146 0.996906 -0.0774433 -12.8231 0.934124 0.0151343 0.356629 97.5495
0.35413 -0.0759962 -0.932103 -90.2766 0.0152539 0.997029 -0.0754945 -12.9392 0.935072 0.0125166 0.354238 97.9892
0.351764 -0.0773278 -0.932889 -91.3434 0.0191656 0.996968 -0.0754127 -13.0506 0.935892 0.00864803 0.35218 98.4151
0.350577 -0.0780936 -0.933272 -92.4721 0.0201045 0.996915 -0.0758671 -13.1692 0.936318 0.00783426 0.351066 98.8322
0.349944 -0.0790992 -0.933425 -93.5953 0.0195243 0.996828 -0.0771524 -13.2875 0.936567 0.00877455 0.350379 99.2483
0.349247 -0.0801994 -0.933592 -94.6817 0.0205914 0.996747 -0.0779216 -13.3983 0.936804 0.00798988 0.349763 99.67
0.349913 -0.0802428 -0.933339 -95.7312 0.0187316 0.996725 -0.0786698 -13.5068 0.936595 0.0100446 0.350271 100.091
0.352925 -0.0805999 -0.932173 -96.7772 0.0165043 0.996664 -0.0799275 -13.6173 0.935506 0.0128236 0.353079 100.516
0.356897 -0.0809398 -0.93063 -97.8006 0.0150766 0.996608 -0.0808963 -13.7274 0.934022 0.0148409 0.356907 100.933
0.362383 -0.0814993 -0.928459 -98.8953 0.0156306 0.996561 -0.0813766 -13.8368 0.931898 0.0149771 0.362411 101.349
0.369631 -0.0801859 -0.925712 -99.9517 0.0140588 0.996638 -0.080716 -13.9411 0.929072 0.0168206 0.369516 101.757
0.377899 -0.0797817 -0.922402 -100.995 0.0141932 0.996662 -0.0803899 -14.0448 0.925738 0.0172875 0.377771 102.175
0.386833 -0.0794751 -0.918718 -102.045 0.0134594 0.99666 -0.0805504 -14.1461 0.922051 0.0187941 0.386612 102.607
0.394327 -0.0799641 -0.915484 -103.028 0.0141185 0.996616 -0.0809694 -14.2507 0.918862 0.0190031 0.394122 103.071
0.4024 -0.0803297 -0.911932 -104.006 0.0124138 0.99653 -0.082304 -14.3592 0.91538 0.0217986 0.402001 103.537
0.414577 -0.0830458 -0.906217 -105.03 0.0110386 0.996213 -0.0862432 -14.45 0.909947 0.025751 0.413924 103.95
0.427672 -0.0847374 -0.899953 -106.031 0.00998357 0.995978 -0.0890346 -14.548 0.903879 0.0290929 0.426799 104.39
0.438748 -0.0835192 -0.89472 -106.971 0.00887873 0.996026 -0.0886218 -14.6557 0.898566 0.0309387 0.437747 104.876
0.450764 -0.0814319 -0.88892 -107.915 0.0077096 0.996148 -0.0873453 -14.762 0.892609 0.0325189 0.449656 105.377
0.462336 -0.0789342 -0.883184 -108.876 0.00613112 0.99629 -0.0858336 -14.8724 0.886683 0.034269 0.461106 105.896
0.473387 -0.0784683 -0.877352 -109.828 0.00598292 0.996288 -0.0858774 -14.9827 0.880834 0.0354041 0.472099 106.427
0.484894 -0.0786709 -0.871027 -110.793 0.00575636 0.996211 -0.0867731 -15.0929 0.874554 0.0370617 0.48351 106.965
0.496447 -0.0801135 -0.864361 -111.737 0.00637671 0.996042 -0.0886558 -15.2021 0.868043 0.0385012 0.494994 107.502
0.509366 -0.082037 -0.85663 -112.643 0.00772053 0.995841 -0.0907781 -15.3063 0.860515 0.0396256 0.507882 108.014
0.520267 -0.0816954 -0.850087 -113.565 0.00815407 0.995844 -0.0907127 -15.4293 0.853964 0.0402631 0.518771 108.587
0.530149 -0.0783535 -0.844276 -114.43 0.00618733 0.996052 -0.0885539 -15.5513 0.847881 0.041723 0.528542 109.155
0.540379 -0.0744478 -0.838121 -115.278 0.00571447 0.99638 -0.084821 -15.6633 0.841402 0.0410461 0.538849 109.699
0.55187 -0.0720797 -0.830809 -116.123 0.00381457 0.996465 -0.083918 -15.7725 0.833921 0.0431426 0.550195 110.227
0.563392 -0.0709067 -0.82314 -116.979 0.00080174 0.996357 -0.0852791 -15.8824 0.826189 0.0473856 0.561397 110.777
0.573434 -0.0709794 -0.816171 -117.799 -0.000143921 0.996231 -0.0867397 -15.9803 0.819252 0.0498569 0.571263 111.348
0.583255 -0.0708507 -0.809192 -118.612 0.000238811 0.996204 -0.0870528 -16.0786 0.812288 0.0505808 0.581059 111.929
0.59277 -0.0695857 -0.802359 -119.409 0.00185782 0.996376 -0.0850395 -16.1763 0.805369 0.0489182 0.590752 112.517
0.601135 -0.0684091 -0.796213 -120.18 0.00363603 0.996553 -0.0828767 -16.2782 0.799139 0.0469251 0.599313 113.114
0.608494 -0.0676171 -0.790672 -120.919 0.00478151 0.996657 -0.0815528 -16.3843 0.793544 0.0458438 0.606784 113.717
0.615726 -0.0667423 -0.785128 -121.676 0.00410517 0.996664 -0.0815052 -16.4838 0.787949 0.0469617 0.613947 114.332
0.6221 -0.065933 -0.780156 -122.428 0.00402791 0.996704 -0.0810222 -16.583 0.782927 0.0472615 0.620316 114.967
0.629825 -0.0626228 -0.774208 -123.158 0.00313662 0.996942 -0.0780873 -16.6821 0.77673 0.0467529 0.628096 115.561
0.637549 -0.0593952 -0.768116 -123.884 0.00226985 0.997164 -0.0752226 -16.7782 0.770406 0.0462146 0.635877 116.163
0.644115 -0.0578557 -0.762737 -124.575 0.00208831 0.997265 -0.0738818 -16.8699 0.764925 0.0459956 0.642475 116.781
0.651689 -0.0576382 -0.756292 -125.242 0.00199307 0.997235 -0.0742833 -16.9459 0.758483 0.0469023 0.650003 117.376
0.65939 -0.0550737 -0.74978 -125.899 -0.000539052 0.997278 -0.0737272 -17.0209 0.7518 0.0490191 0.657566 117.975
0.668345 -0.0529742 -0.741962 -126.572 0.000299738 0.99748 -0.0709475 -17.0965 0.74385 0.047195 0.666678 118.59
0.67885 -0.049841 -0.732583 -127.21 0.000140581 0.997702 -0.0677481 -17.1718 0.734276 0.0458878 0.677298 119.175
0.690125 -0.0480642 -0.722091 -127.855 -0.000583429 0.997755 -0.0669706 -17.242 0.723689 0.0466394 0.688549 119.78
0.701476 -0.0479981 -0.711074 -128.49 -0.000864314 0.997671 -0.0681963 -17.311 0.712692 0.0484526 0.699802 120.386
0.712873 -0.0492268 -0.699562 -129.079 -7.02803e-05 0.997528 -0.0702657 -17.3807 0.701292 0.0501397 0.711109 120.985
0.724358 -0.0473424 -0.687796 -129.645 -0.00105209 0.997562 -0.0697723 -17.4598 0.689423 0.0512637 0.722543 121.599
0.736367 -0.0456838 -0.675038 -130.217 -0.000307397 0.997695 -0.0678552 -17.5321 0.676582 0.0501738 0.734656 122.209
0.747629 -0.042389 -0.662762 -130.757 -0.000674949 0.997912 -0.064586 -17.5984 0.664115 0.0487337 0.74604 122.823
0.758992 -0.0406497 -0.649829 -131.323 0.00014168 0.998059 -0.0622676 -17.6657 0.651099 0.0471685 0.757526 123.462
0.769875 -0.0383656 -0.637039 -131.878 0.000557064 0.998231 -0.0594451 -17.7306 0.638193 0.0454104 0.768536 124.112
0.779492 -0.0378656 -0.625266 -132.423 0.00228327 0.998336 -0.0576119 -17.794 0.626408 0.0434803 0.778282 124.77
0.788051 -0.0383106 -0.614416 -132.913 0.0048479 0.998417 -0.0560362 -17.8525 0.61559 0.0411807 0.78699 125.402
0.795637 -0.0379473 -0.604583 -133.455 0.00526266 0.998431 -0.0557419 -17.9142 0.60575 0.0411686 0.79459 126.1
0.803222 -0.0370298 -0.594526 -133.971 0.00469011 0.998428 -0.0558501 -17.9734 0.59566 0.0420716 0.802134 126.798
0.810793 -0.0356315 -0.584247 -134.479 0.00430676 0.998482 -0.0549177 -18.0318 0.585316 0.0420107 0.809716 127.502
0.818007 -0.0347418 -0.574157 -134.978 0.00419281 0.998508 -0.0544454 -18.0897 0.575192 0.0421293 0.816933 128.212
0.824698 -0.0355535 -0.564454 -135.456 0.00577663 0.9985 -0.0544529 -18.147 0.565543 0.0416465 0.823667 128.918
0.830468 -0.0375521 -0.555798 -135.933 0.00794855 0.998423 -0.055581 -18.2027 0.557008 0.0417405 0.829458 129.645
0.835542 -0.0384569 -0.548078 -136.406 0.00929863 0.998394 -0.0558784 -18.258 0.549347 0.0415924 0.834559 130.376
0.839154 -0.0390214 -0.542491 -136.862 0.010405 0.998392 -0.0557193 -18.3071 0.543793 0.0411124 0.838212 131.112
0.842855 -0.0374926 -0.536831 -137.312 0.0104635 0.998523 -0.0533092 -18.354 0.538037 0.0393147 0.842004 131.851
0.846146 -0.0340788 -0.531858 -137.786 0.0089436 0.998721 -0.0497644 -18.4024 0.532874 0.0373512 0.84537 132.626
0.85012 -0.0314515 -0.525648 -138.264 0.00774255 0.998853 -0.0472433 -18.4542 0.526531 0.0360925 0.849389 133.403
0.854058 -0.0288112 -0.519378 -138.752 0.00631904 0.998966 -0.0450241 -18.5066 0.520138 0.0351712 0.853358 134.189
0.858338 -0.0263811 -0.512404 -139.241 0.00515322 0.99907 -0.0428048 -18.5572 0.513056 0.0341004 0.857677 134.989
0.862437 -0.0247601 -0.505557 -139.728 0.00524743 0.999187 -0.0399843 -18.6067 0.506136 0.031831 0.861866 135.797
0.866856 -0.0239592 -0.497982 -140.208 0.00568904 0.999255 -0.0381735 -18.6547 0.498525 0.0302578 0.866347 136.609
0.871456 -0.0234783 -0.489909 -140.692 0.00593809 0.999286 -0.0373268 -18.704 0.490435 0.0296195 0.870974 137.445
0.876137 -0.0243607 -0.481445 -141.174 0.00722483 0.999274 -0.0374146 -18.7523 0.482007 0.0293019 0.875678 138.298
0.881234 -0.0266744 -0.471926 -141.646 0.009993 0.999235 -0.037819 -18.801 0.472573 0.0286114 0.880827 139.156
0.886917 -0.028509 -0.461046 -142.116 0.0120338 0.999181 -0.0386353 -18.8501 0.461769 0.0287181 0.886535 140.024
0.893104 -0.0300056 -0.448847 -142.617 0.0135569 0.999115 -0.0398161 -18.9042 0.449644 0.0294749 0.892721 140.93
0.900267 -0.0274815 -0.434469 -143.071 0.0107934 0.999108 -0.0408315 -18.9527 0.435203 0.0320698 0.899761 141.825
0.908231 -0.0234513 -0.41781 -143.509 0.00774083 0.999199 -0.0392572 -19.0001 0.418396 0.0324203 0.907686 142.741
0.91702 -0.0210471 -0.398284 -143.939 0.00766282 0.999352 -0.0351669 -19.0476 0.398766 0.0291967 0.916588 143.68
0.924627 -0.0184701 -0.380422 -144.321 0.00602577 0.999408 -0.033877 -19.0817 0.380823 0.0290312 0.924192 144.677
0.932397 -0.0177434 -0.360997 -144.673 0.00585549 0.999405 -0.0339979 -19.1152 0.361385 0.0295857 0.931947 145.678
0.939513 -0.0172028 -0.342079 -145.004 0.00638463 0.999444 -0.0327257 -19.1469 0.342452 0.0285621 0.939101 146.687
0.946916 -0.0152108 -0.321119 -145.344 0.00545216 0.999496 -0.0312669 -19.1779 0.321432 0.0278563 0.946523 147.726
0.953788 -0.0135457 -0.300173 -145.688 0.00550808 0.999604 -0.0276067 -19.2201 0.300428 0.0246775 0.953486 148.799
0.960476 -0.00979468 -0.278189 -146.011 0.0030762 0.999693 -0.0245769 -19.243 0.278344 0.0227497 0.960212 149.877
0.966723 -0.00862476 -0.255677 -146.32 0.00317295 0.999759 -0.0217277 -19.2746 0.255803 0.0201934 0.966518 150.984
0.972307 -0.00886118 -0.233535 -146.581 0.0038862 0.999756 -0.0217543 -19.3057 0.233671 0.0202442 0.972105 152.087
0.976982 -0.00828695 -0.213158 -146.782 0.00320069 0.999702 -0.0241954 -19.342 0.213294 0.0229561 0.976718 153.186
0.980915 -0.00892511 -0.194228 -146.996 0.00450008 0.999721 -0.0232119 -19.3893 0.19438 0.0218947 0.980682 154.35
0.984248 -0.0116798 -0.176399 -147.164 0.0080516 0.999742 -0.0212699 -19.4276 0.176601 0.0195145 0.984089 155.517
0.987276 -0.00859034 -0.158779 -147.323 0.00561281 0.9998 -0.0191915 -19.4763 0.158911 0.018056 0.987128 156.71
0.990073 -0.0088503 -0.140265 -147.47 0.00654207 0.999836 -0.0169086 -19.521 0.140391 0.015823 0.98997 157.921
0.99251 -0.00812233 -0.121888 -147.581 0.00634583 0.999868 -0.0149558 -19.5598 0.121992 0.0140703 0.992432 159.12
0.994756 -0.00518102 -0.102137 -147.736 0.00374715 0.999892 -0.0142253 -19.5863 0.102198 0.0137679 0.994669 160.407
0.996611 -0.00391658 -0.0821488 -147.848 0.00274096 0.999892 -0.0144184 -19.6103 0.0821957 0.0141443 0.996516 161.662
0.997887 -0.0054891 -0.0647284 -147.84 0.00459089 0.999891 -0.0140168 -19.6462 0.0647975 0.01369 0.997805 162.866
0.998677 -0.0111333 -0.0501845 -147.842 0.0104184 0.999841 -0.0144844 -19.6762 0.050337 0.0139423 0.998635 164.17
0.999392 -0.00822552 -0.0338454 -147.871 0.00773524 0.999864 -0.0145907 -19.7281 0.03396 0.01432 0.999321 165.48
0.999828 -0.00751253 -0.0169275 -147.877 0.00727238 0.999873 -0.0142024 -19.7788 0.0170312 0.0140768 0.999756 166.786
0.999965 -0.00823514 -0.000130789 -147.865 0.00823226 0.999856 -0.0148574 -19.8266 0.00025229 0.0148558 0.99989 168.102
0.999823 -0.00659709 0.0175516 -147.828 0.00692472 0.999802 -0.0186728 -19.8805 -0.0174258 0.018791 0.999672 169.413
0.9993 -0.00331698 0.0372363 -147.809 0.00422923 0.999692 -0.0244476 -19.9299 -0.0371446 0.0245879 0.999008 170.76
0.998664 -0.000930533 0.0516535 -147.719 0.00245511 0.999563 -0.0294605 -19.9748 -0.0516044 0.0295479 0.998231 172.105
0.99818 0.00132244 0.0602757 -147.565 0.00057931 0.999503 -0.031523 -20.0421 -0.0602884 0.0315005 0.997684 173.48
0.997185 0.00229071 0.0749262 -147.37 0.000230205 0.999435 -0.0336198 -20.1109 -0.0749618 0.0335424 0.996622 174.966
0.995786 0.000479978 0.0917001 -147.256 0.00253448 0.99946 -0.0327541 -20.1721 -0.0916673 0.0328484 0.995248 176.354
0.994288 0.0037235 0.106654 -147.072 -0.000194865 0.999453 -0.0330766 -20.2339 -0.106719 0.0328669 0.993746 177.736
0.992649 0.00113663 0.121013 -146.875 0.00345062 0.999283 -0.0376908 -20.2936 -0.120971 0.0378313 0.991935 179.123
0.99038 0.00158653 0.13836 -146.704 0.00393957 0.999206 -0.0396571 -20.3827 -0.138314 0.0398207 0.989588 180.513
0.98818 0.00412526 0.153237 -146.472 0.00180152 0.999256 -0.0385185 -20.4672 -0.153283 0.0383392 0.987439 181.874
0.985775 0.00391558 0.168015 -146.208 0.00218796 0.999345 -0.0361269 -20.5494 -0.168048 0.0359806 0.985122 183.299
0.982791 0.00599625 0.184619 -145.942 0.000889439 0.999308 -0.0371915 -20.6471 -0.184715 0.0367156 0.982106 184.706
0.979412 0.00245115 0.20185 -145.617 0.00603973 0.999123 -0.0414387 -20.7074 -0.201776 0.0418046 0.978539 186.162
0.976081 0.020959 0.216391 -145.337 -0.0128609 0.999166 -0.0387645 -20.7658 -0.217024 0.0350542 0.975537 187.534
0.972375 0.0113597 0.233145 -144.974 -0.000434118 0.998901 -0.0468601 -20.8365 -0.233422 0.0454643 0.971312 188.955
0.96805 0.0108414 0.250518 -144.587 0.00265402 0.998566 -0.0534695 -20.9164 -0.25074 0.052426 0.966634 190.377
0.962181 0.0146224 0.272013 -144.141 0.000890706 0.998384 -0.0568201 -21.0005 -0.272405 0.0549135 0.960615 191.899
0.954999 0.0218044 0.295804 -143.731 -0.00518927 0.99837 -0.0568388 -21.0958 -0.296563 0.0527459 0.953556 193.283
0.946649 0.0226967 0.321464 -143.246 -0.00395368 0.99826 -0.0588384 -21.2024 -0.322241 0.0544283 0.945092 194.737
0.937495 0.0254576 0.347063 -142.75 -0.00464496 0.998147 -0.0606688 -21.3113 -0.347966 0.0552645 0.935877 196.13
0.927461 0.0278322 0.372879 -142.216 -0.00465042 0.998007 -0.0629257 -21.4189 -0.373889 0.0566271 0.925743 197.556
0.916961 0.0270304 0.398057 -141.635 -0.00182662 0.997976 -0.0635606 -21.539 -0.398971 0.0575555 0.915156 198.947
0.904206 0.0267809 0.426253 -141.066 0.00130078 0.997855 -0.0654532 -21.6363 -0.427093 0.0597376 0.902233 200.415
0.892535 0.031553 0.449871 -140.409 0.000109173 0.997534 -0.0701817 -21.7308 -0.450977 0.0626887 0.890331 201.737
0.879773 0.0373558 0.473922 -139.682 -0.000131221 0.996927 -0.0783368 -21.8552 -0.475394 0.0688564 0.877075 203.083
0.867969 0.0379352 0.495165 -138.927 0.00294184 0.996668 -0.0815128 -21.9773 -0.496608 0.0722073 0.864966 204.406
0.856288 0.035641 0.515266 -138.14 0.0094289 0.996371 -0.0845884 -22.1012 -0.516412 0.0772904 0.852845 205.709
0.845262 0.0350068 0.533202 -137.31 0.0126325 0.996263 -0.0854344 -22.2466 -0.534202 0.0789501 0.841662 206.972
0.834206 0.0342902 0.550385 -136.463 0.0161347 0.996119 -0.0865155 -22.3914 -0.551217 0.081052 0.830416 208.21
0.822688 0.0336029 0.567497 -135.568 0.0204869 0.99585 -0.0886663 -22.5449 -0.568123 0.0845709 0.818587 209.513
0.810886 0.0343529 0.584193 -134.644 0.0240466 0.995476 -0.0919159 -22.6905 -0.584709 0.0885812 0.806392 210.826
0.799068 0.0361873 0.600149 -133.694 0.0267377 0.99506 -0.0955994 -22.8422 -0.600645 0.092437 0.794154 212.119
0.785145 0.0375019 0.618173 -132.781 0.0282369 0.994959 -0.0962238 -23.018 -0.618667 0.093005 0.780129 213.34
0.771326 0.0384342 0.635277 -131.831 0.0289813 0.995018 -0.0953865 -23.1964 -0.63578 0.0919852 0.76637 214.566
0.756469 0.0408311 0.652752 -130.875 0.0289673 0.994978 -0.0958081 -23.3347 -0.653387 0.0913843 0.751488 215.774
0.740922 0.0430054 0.670211 -129.876 0.0280086 0.9951 -0.0948163 -23.4762 -0.671006 0.0890231 0.736088 216.96
0.724663 0.0474271 0.687468 -128.846 0.0237829 0.995313 -0.0937344 -23.6232 -0.688692 0.0842758 0.720139 218.116
0.709598 0.0492813 0.70288 -127.806 0.0233969 0.995353 -0.0934081 -23.7694 -0.704218 0.0827273 0.705148 219.186
0.695646 0.0522593 0.71648 -126.72 0.0237466 0.995132 -0.09564 -23.9176 -0.717992 0.0835455 0.691019 220.229
0.681711 0.0564693 0.729438 -125.614 0.0219725 0.994987 -0.0975615 -24.0775 -0.731292 0.0825362 0.677053 221.239
0.667379 0.0569476 0.742536 -124.508 0.0223666 0.995089 -0.0964195 -24.2443 -0.744382 0.0809563 0.662828 222.183
0.651543 0.0562363 0.756523 -123.383 0.0220167 0.995426 -0.0929567 -24.4058 -0.758292 0.0772214 0.647325 223.104
0.63665 0.0550531 0.769184 -122.23 0.0218682 0.995758 -0.08937 -24.5631 -0.770843 0.073718 0.632746 223.982
0.619401 0.0539282 0.783219 -121.099 0.0211416 0.99613 -0.0853077 -24.7275 -0.78479 0.0693981 0.615864 224.845
0.602404 0.0527277 0.796447 -119.946 0.0215867 0.996374 -0.0822911 -24.8876 -0.797899 0.066765 0.599082 225.691
0.583936 0.0522588 0.810115 -118.794 0.0215338 0.996577 -0.0798089 -25.0476 -0.811514 0.064048 0.580812 226.536
0.56559 0.0504641 0.82314 -117.654 0.0242031 0.99668 -0.0777337 -25.1987 -0.824332 0.0638878 0.562491 227.321
0.549974 0.0508035 0.833634 -116.463 0.0263224 0.996598 -0.0781007 -25.3296 -0.834767 0.0648965 0.546766 228.059
0.532232 0.0490998 0.845172 -115.293 0.0306725 0.996543 -0.0772091 -25.4696 -0.846043 0.0670167 0.528886 228.79
0.513938 0.0473526 0.856518 -114.114 0.0324239 0.996689 -0.0745574 -25.5984 -0.857214 0.0660895 0.510701 229.491
0.495992 0.0473525 0.867034 -112.922 0.0333112 0.996739 -0.0734922 -25.7215 -0.867688 0.0653334 0.492798 230.168
0.476975 0.0506252 0.877457 -111.818 0.0347442 0.996473 -0.0763784 -25.861 -0.87823 0.066917 0.473534 230.828
0.460689 0.0595847 0.885558 -110.59 0.0325374 0.995939 -0.0839384 -26.0062 -0.886965 0.0674832 0.456879 231.445
0.444143 0.0666325 0.893474 -109.371 0.0288005 0.995653 -0.0885694 -26.1846 -0.895493 0.0650698 0.440294 232.028
0.42701 0.0698207 0.901546 -108.156 0.0254117 0.995694 -0.0891481 -26.3552 -0.90389 0.0609769 0.423397 232.597
0.40898 0.0709478 0.90978 -106.952 0.0230625 0.995851 -0.0880273 -26.5063 -0.912252 0.056983 0.405646 233.143
0.390957 0.0716587 0.917614 -105.763 0.0184277 0.996155 -0.0856435 -26.6541 -0.920224 0.0503923 0.388133 233.66
0.373151 0.0725491 0.924929 -104.6 0.0163582 0.996268 -0.0847444 -26.7869 -0.927627 0.0467524 0.370571 234.148
0.35523 0.0711228 0.932068 -103.428 0.0163036 0.996478 -0.0822514 -26.9166 -0.934637 0.0444141 0.352819 234.613
0.337821 0.0710494 0.938524 -102.244 0.0170759 0.99652 -0.0815863 -27.0432 -0.941056 0.0435876 0.335432 235.045
0.320131 0.0728178 0.94457 -101.066 0.0180248 0.996393 -0.0829218 -27.1486 -0.947202 0.0435714 0.317664 235.461
0.302561 0.0773934 0.949982 -99.8575 0.0147981 0.996196 -0.0858715 -27.2659 -0.953016 0.0400391 0.300264 235.852
0.285634 0.0795105 0.955034 -98.6581 0.0143779 0.996084 -0.0872284 -27.3876 -0.958231 0.0386466 0.283372 236.217
0.269373 0.0777184 0.959894 -97.5105 0.0139376 0.996319 -0.0845789 -27.5051 -0.962935 0.0361617 0.267298 236.551
0.255283 0.0728081 0.96412 -96.3409 0.0170139 0.996668 -0.0797711 -27.6323 -0.966717 0.0367674 0.253193 236.851
0.241883 0.0686035 0.967876 -95.1862 0.0186641 0.996984 -0.0753311 -27.7469 -0.970126 0.0362857 0.239873 237.143
0.22945 0.0647699 0.971162 -94.0627 0.0215604 0.9972 -0.0716004 -27.859 -0.973082 0.0373672 0.22741 237.42
0.219116 0.0646859 0.973551 -92.9148 0.0215113 0.997237 -0.0711012 -27.9678 -0.975462 0.0365215 0.217119 237.692
0.209956 0.0675698 0.975372 -91.9029 0.0213192 0.997055 -0.073661 -28.0683 -0.977479 0.0362596 0.207897 237.958
0.202465 0.0694847 0.976821 -90.7959 0.0200329 0.996977 -0.0750707 -28.1703 -0.979085 0.0347676 0.200461 238.213
0.196102 0.073776 0.977804 -89.708 0.0190045 0.996692 -0.0790126 -28.2781 -0.9804 0.034077 0.194051 238.456
0.190135 0.0817867 0.978345 -88.6149 0.0203377 0.995982 -0.0872137 -28.3955 -0.981548 0.0364795 0.187708 238.69
0.184702 0.0842344 0.979177 -87.5157 0.0181952 0.995856 -0.0891014 -28.5122 -0.982626 0.0342733 0.182403 238.917
0.180932 0.0765404 0.980512 -86.4288 0.0188434 0.996514 -0.0812667 -28.6215 -0.983315 0.0331798 0.178859 239.118
0.177789 0.0673864 0.981758 -85.3862 0.0193231 0.997221 -0.0719471 -28.7147 -0.983879 0.0317619 0.175992 239.329
0.175685 0.0638895 0.98237 -84.3248 0.0190642 0.997484 -0.0682819 -28.8117 -0.984262 0.030724 0.174024 239.539
0.174661 0.0652795 0.982462 -83.2634 0.0184026 0.997409 -0.0695444 -28.9103 -0.984457 0.0302264 0.173007 239.747
0.173957 0.0682864 0.982382 -82.2296 0.018679 0.997184 -0.072623 -29.0068 -0.984576 0.0309831 0.172191 239.951
0.176152 0.0706315 0.981825 -81.1785 0.0163205 0.997075 -0.0746568 -29.1079 -0.984228 0.0291746 0.174484 240.136
0.178369 0.0714492 0.981365 -80.1659 0.0148473 0.997051 -0.0752899 -29.2033 -0.983852 0.0279999 0.176782 240.331
0.181808 0.0729449 0.980624 -79.141 0.0139178 0.996954 -0.07674 -29.2984 -0.983236 0.0275999 0.180238 240.521
0.186011 0.0742773 0.979735 -78.1351 0.0120436 0.996891 -0.0778645 -29.3908 -0.982474 0.026283 0.184538 240.714
0.190726 0.0758166 0.97871 -77.1492 0.0104176 0.9968 -0.0792481 -29.4837 -0.981588 0.0253103 0.189326 240.916
0.197238 0.0744264 0.977526 -76.1351 0.00967272 0.996917 -0.0778546 -29.5751 -0.980308 0.024811 0.19591 241.119
0.202736 0.0728662 0.976518 -75.1697 0.0112619 0.996988 -0.0767318 -29.6689 -0.979169 0.0265535 0.201304 241.345
0.208126 0.071895 0.975455 -74.2106 0.0132444 0.996996 -0.0763085 -29.7628 -0.978013 0.028801 0.206548 241.574
0.213861 0.0721853 0.974193 -73.256 0.0156438 0.996885 -0.077301 -29.8536 -0.976739 0.0317715 0.212065 241.808
0.220205 0.0720938 0.972785 -72.2911 0.0146616 0.996907 -0.0772005 -29.9424 -0.975344 0.0312623 0.218466 242.042
0.228108 0.070645 0.971069 -71.3341 0.0145098 0.997006 -0.0759404 -30.037 -0.973528 0.0314124 0.2264 242.248
0.235983 0.0686994 0.969325 -70.3487 0.0144083 0.997141 -0.0741785 -30.1243 -0.971651 0.031471 0.234318 242.472
0.24391 0.0672118 0.967465 -69.3659 0.0146123 0.997227 -0.0729634 -30.2105 -0.969688 0.0319332 0.242251 242.703
0.251401 0.067388 0.965533 -68.4181 0.0148674 0.997186 -0.0734683 -30.2985 -0.967769 0.0328249 0.249692 242.942
0.259395 0.0691831 0.963289 -67.4685 0.0163304 0.996974 -0.0759997 -30.386 -0.965633 0.0354447 0.25748 243.186
0.261648 0.070565 0.96258 -66.5648 0.0163806 0.996855 -0.0775303 -30.4752 -0.965025 0.0360531 0.259669 243.494
0.267488 0.0723673 0.960839 -65.6174 0.0153256 0.99673 -0.079337 -30.5649 -0.96344 0.035947 0.265504 243.776
0.273442 0.0730914 0.959107 -64.6995 0.0135609 0.996716 -0.0798238 -30.6556 -0.961793 0.0348333 0.271552 244.054
0.279597 0.0727056 0.95736 -63.7705 0.0137306 0.996724 -0.0797051 -30.7456 -0.96002 0.0354303 0.277683 244.336
0.285528 0.070441 0.955777 -62.823 0.0132797 0.996908 -0.0774395 -30.8355 -0.958279 0.0348034 0.283709 244.63
0.290536 0.0693822 0.954344 -61.8859 0.0132114 0.996981 -0.076504 -30.9197 -0.956773 0.0348353 0.288743 244.937
0.297934 0.0685685 0.95212 -60.9823 0.0139286 0.996998 -0.076159 -31.0111 -0.954485 0.0359519 0.296085 245.212
0.304464 0.0691762 0.950008 -60.0622 0.0136813 0.996939 -0.0769782 -31.1065 -0.952426 0.0364343 0.302586 245.509
0.311303 0.0693359 0.947777 -59.1668 0.0152634 0.996841 -0.0779386 -31.1885 -0.950189 0.0387286 0.309261 245.808
0.318244 0.0710421 0.945342 -58.2728 0.0161196 0.996638 -0.0803235 -31.2701 -0.947872 0.0408009 0.316029 246.128
0.326536 0.0736169 0.942313 -57.3818 0.0163056 0.996375 -0.0834908 -31.3548 -0.945045 0.0426276 0.324151 246.457
0.335014 0.0751653 0.939209 -56.4834 0.0159107 0.996219 -0.0854031 -31.4404 -0.942079 0.0435546 0.332551 246.791
0.342052 0.0748105 0.936698 -55.5783 0.0142626 0.996297 -0.0847788 -31.5281 -0.939573 0.0423584 0.339718 247.127
0.347102 0.0743717 0.934873 -54.6764 0.0117267 0.996428 -0.0836226 -31.6144 -0.937754 0.0399884 0.34499 247.468
0.350899 0.0760527 0.933319 -53.7613 0.00891639 0.996379 -0.0845436 -31.7045 -0.936371 0.0379879 0.34895 247.81
0.353542 0.0779801 0.932162 -52.8554 0.00858693 0.996206 -0.0865945 -31.7975 -0.93538 0.038619 0.351531 248.157
