1 0 0 0 0 1 0 0 0 0 1 0
0.999982 -0.00156314 -0.0058202 0.0354197 0.00153717 0.999989 -0.00446464 0.0251209 0.00582711 0.00445562 0.999973 0.701032
0.999938 5.34527e-05 -0.011146 0.049138 -0.000139993 0.99997 -0.00776364 0.0447134 0.0111453 0.00776472 0.999908 1.39915
0.999873 -6.42281e-05 -0.0159626 0.0521217 -0.000111821 0.999939 -0.0110277 0.061758 0.0159624 0.0110281 0.999812 2.09425
0.99976 0.000512178 -0.0219148 0.0485791 -0.000809697 0.999908 -0.0135695 0.0814275 0.0219058 0.013584 0.999668 2.84568
0.999646 -0.000219816 -0.0265989 0.0351796 -0.000201741 0.999874 -0.0158449 0.0922665 0.0265991 0.0158447 0.999521 3.57063
0.999492 0.00135529 -0.0318365 0.01054 -0.00192777 0.999837 -0.0179583 0.0923206 0.031807 0.0180105 0.999332 4.3519
0.999306 0.00299545 -0.0371336 -0.0123211 -0.00372788 0.9998 -0.0196704 0.0893878 0.0370672 0.0197952 0.999117 5.14188
0.999128 0.00454954 -0.0414927 -0.0527115 -0.00535673 0.999798 -0.0193633 0.084759 0.0413962 0.0195687 0.998951 5.91919
0.998975 0.00305466 -0.0451594 -0.106383 -0.00383849 0.999843 -0.0172803 0.0776479 0.0450995 0.0174359 0.99883 6.73901
0.998834 0.0032521 -0.0481625 -0.162585 -0.00400823 0.99987 -0.0156113 0.0716039 0.0481054 0.0157862 0.998717 7.55878
0.998762 0.00584817 -0.0493939 -0.227152 -0.00668527 0.999836 -0.0167994 0.0606073 0.0492876 0.0171088 0.998638 8.3912
0.998667 0.00504734 -0.0513533 -0.275637 -0.00598654 0.999817 -0.0181518 0.0569178 0.0512523 0.0184351 0.998515 9.21039
0.998591 0.00273568 -0.0529825 -0.32474 -0.00376135 0.999807 -0.0192686 0.0440947 0.0529195 0.0194408 0.998409 10.0463
0.998417 0.0039136 -0.0561074 -0.351993 -0.00494825 0.99982 -0.0183135 0.0134554 0.0560256 0.0185622 0.998257 10.8943
0.998266 0.00184145 -0.0588265 -0.377851 -0.00291987 0.999829 -0.0182517 -0.0171941 0.0587828 0.0183918 0.998101 11.743
0.998106 0.00455666 -0.0613479 -0.419904 -0.00581072 0.999777 -0.0202789 -0.0478738 0.0612418 0.020597 0.99791 12.5862
0.998039 0.00484924 -0.0624025 -0.486523 -0.00624821 0.999733 -0.0222429 -0.0821048 0.062278 0.0225892 0.997803 13.4998
0.9979 0.00849662 -0.0642134 -0.549935 -0.0100166 0.999676 -0.0233865 -0.117059 0.0639939 0.0239806 0.997662 14.3871
0.99782 0.00907158 -0.0653545 -0.612934 -0.0105871 0.999682 -0.0228809 -0.154485 0.0651261 0.0235229 0.9976 15.2796
0.997748 0.0088982 -0.066472 -0.674285 -0.010351 0.999714 -0.0215441 -0.192991 0.0662613 0.0221836 0.997556 16.1569
0.997596 0.010108 -0.0685489 -0.726309 -0.0114728 0.999743 -0.0195468 -0.228183 0.0683338 0.0202863 0.997456 17.069
0.997527 0.0113473 -0.069359 -0.790082 -0.0126738 0.999745 -0.0187144 -0.274818 0.0691289 0.0195472 0.997416 17.976
0.997369 0.0121821 -0.0714485 -0.830247 -0.0135163 0.999743 -0.0182196 -0.327952 0.0712081 0.0191374 0.997278 18.8281
0.997298 0.0112447 -0.0725834 -0.898241 -0.0125116 0.999777 -0.0170235 -0.378868 0.0723757 0.0178857 0.997217 19.7723
0.997288 0.0120075 -0.0726112 -0.978028 -0.0130908 0.99981 -0.0144619 -0.413197 0.0724237 0.0153732 0.997256 20.6831
0.997309 0.0137196 -0.0720074 -1.05265 -0.0145185 0.999839 -0.0105829 -0.445068 0.0718505 0.0115999 0.997348 21.6198
0.997404 0.0143315 -0.0705611 -1.12975 -0.0148346 0.999868 -0.00661134 -0.472473 0.0704571 0.00764093 0.997486 22.5628
0.997565 0.0140523 -0.0683008 -1.20337 -0.0143287 0.999891 -0.00355905 -0.496983 0.0682434 0.00452906 0.997658 23.5034
0.99764 0.0164257 -0.0666659 -1.27174 -0.0167042 0.999854 -0.003623 -0.523797 0.0665967 0.00472805 0.997769 24.4402
0.997721 0.017899 -0.0650484 -1.33839 -0.0183332 0.999813 -0.00608502 -0.552834 0.0649273 0.0072637 0.997864 25.3763
0.99778 0.0193051 -0.0637215 -1.40389 -0.0199981 0.999747 -0.0102551 -0.590314 0.0635074 0.0115067 0.997915 26.3272
0.997887 0.0188055 -0.0621757 -1.46912 -0.0196145 0.99973 -0.0124272 -0.626755 0.0619252 0.0136205 0.997988 27.2662
0.998007 0.0151337 -0.0612495 -1.52734 -0.0157852 0.999824 -0.010166 -0.66178 0.0610848 0.0111126 0.998071 28.2305
0.997967 0.0142801 -0.0620965 -1.58075 -0.0146022 0.999882 -0.00473492 -0.696515 0.0620215 0.00563205 0.998059 29.2137
0.99796 0.0122512 -0.0626413 -1.64927 -0.012337 0.999923 -0.000983952 -0.728207 0.0626244 0.00175476 0.998036 30.2023
0.997988 0.0065884 -0.0630511 -1.70297 -0.00658533 0.999978 0.00025666 -0.780486 0.0630514 0.000159072 0.99801 31.1773
0.997869 0.00592355 -0.064971 -1.7537 -0.00599372 0.999982 -0.000885135 -0.839858 0.0649645 0.00127267 0.997887 32.1614
0.997672 0.00660135 -0.0678699 -1.80825 -0.00674643 0.999975 -0.00190864 -0.896077 0.0678556 0.00236208 0.997692 33.1477
0.99754 0.00736345 -0.0697095 -1.87953 -0.00738662 0.999973 -7.46413e-05 -0.939898 0.0697071 0.000589379 0.997567 34.134
0.997385 0.00653368 -0.0719706 -1.93373 -0.00636894 0.999976 0.00251824 -0.964595 0.0719854 -0.00205328 0.997404 35.1815
0.997208 0.00803766 -0.0742302 -1.99184 -0.00758784 0.999951 0.00633979 -0.977586 0.0742775 -0.00575885 0.997221 36.2157
0.996972 0.00935319 -0.0771918 -2.05307 -0.00881498 0.999934 0.00731022 -0.989779 0.0772551 -0.00660764 0.996989 37.2497
0.996827 0.0124745 -0.078611 -2.12223 -0.0117516 0.999884 0.00965078 -1.00252 0.0787223 -0.00869635 0.996859 38.2715
0.996831 0.0116486 -0.0786831 -2.20764 -0.0106742 0.999861 0.0127933 -1.00542 0.0788212 -0.0119129 0.996817 39.267
0.99665 0.0188176 -0.0795782 -2.28964 -0.0176365 0.999724 0.0155189 -1.01228 0.0798483 -0.0140634 0.996708 40.2855
0.996635 0.0188339 -0.0797624 -2.37744 -0.0176555 0.999725 0.0154537 -1.01739 0.0800315 -0.0139935 0.996694 41.288
0.996639 0.0185101 -0.079786 -2.45764 -0.0174248 0.999746 0.0142779 -1.02037 0.08003 -0.0128397 0.99671 42.3245
0.996605 0.0209341 -0.0796146 -2.54116 -0.0200041 0.999722 0.0124619 -1.02327 0.0798534 -0.010827 0.996748 43.344
0.996484 0.0204674 -0.0812412 -2.62058 -0.0195219 0.999732 0.0124151 -1.02774 0.0814736 -0.0107855 0.996617 44.3644
0.996492 0.0193641 -0.0814053 -2.7216 -0.018308 0.999738 0.0136989 -1.03353 0.0816493 -0.0121605 0.996587 45.3601
0.996404 0.0213276 -0.0819883 -2.81013 -0.0201716 0.999685 0.0149024 -1.04724 0.0822803 -0.013195 0.996522 46.3473
0.996352 0.0239084 -0.0819112 -2.90423 -0.0230139 0.999665 0.011847 -1.05985 0.082167 -0.00991873 0.996569 47.3741
0.996328 0.0247294 -0.081965 -3.00832 -0.0240937 0.999671 0.00873572 -1.0723 0.0821541 -0.0067288 0.996597 48.3297
0.996239 0.0259566 -0.0826553 -3.08955 -0.0253988 0.999647 0.00779317 -1.08247 0.0828284 -0.00566452 0.996548 49.3361
0.996279 0.0254031 -0.0823465 -3.17113 -0.0245404 0.999633 0.0114719 -1.09428 0.0826077 -0.00940841 0.996538 50.3154
0.996248 0.0237879 -0.083196 -3.23921 -0.0226763 0.999641 0.0142809 -1.09586 0.0835059 -0.0123408 0.996431 51.3036
0.996192 0.0222052 -0.0843075 -3.30513 -0.0210168 0.999667 0.0149578 -1.09514 0.0846116 -0.013129 0.996327 52.2991
0.996247 0.017922 -0.084671 -3.37397 -0.0169651 0.999784 0.0120068 -1.06814 0.0848679 -0.0105252 0.996337 53.3075
0.996151 0.0157875 -0.0862082 -3.44369 -0.015107 0.999849 0.00853996 -1.04923 0.0863301 -0.00720474 0.99624 54.2883
0.99601 0.0158008 -0.0878264 -3.52 -0.0151649 0.999854 0.00790287 -1.03471 0.0879385 -0.00653945 0.996104 55.2462
0.995924 0.0128174 -0.0892772 -3.59408 -0.0119441 0.999875 0.0103091 -1.0146 0.0893982 -0.00920072 0.995953 56.1759
0.995807 0.01263 -0.0905944 -3.67362 -0.0114896 0.999848 0.0130985 -0.990003 0.090746 -0.0120027 0.995802 57.1383
0.995629 0.0160574 -0.0919975 -3.75653 -0.0149605 0.999808 0.0126003 -0.966281 0.0921822 -0.0111689 0.995679 58.1002
0.995351 0.0174155 -0.0947197 -3.8402 -0.0168128 0.999833 0.00715786 -0.951765 0.0948286 -0.00553208 0.995478 59.0113
0.995192 0.0188551 -0.0960999 -3.9307 -0.0191006 0.999816 -0.00163473 -0.947417 0.0960514 0.00346244 0.99537 59.9717
0.995021 0.021426 -0.0973228 -4.03147 -0.0223047 0.999719 -0.00795012 -0.946991 0.0971251 0.0100813 0.995221 60.8923
0.99477 0.0266402 -0.0985972 -4.13268 -0.0276254 0.999581 -0.00864035 -0.945919 0.0983257 0.011319 0.99509 61.809
0.994579 0.0311248 -0.0992025 -4.23657 -0.0321253 0.999447 -0.00850391 -0.950892 0.0988831 0.0116447 0.995031 62.7312
0.994362 0.0359276 -0.099755 -4.34227 -0.0369812 0.999278 -0.00873222 -0.961762 0.0993692 0.0123721 0.994974 63.5798
0.9943 0.0371668 -0.0999182 -4.45275 -0.0382937 0.999222 -0.00938384 -0.973554 0.0994918 0.0131566 0.994951 64.4513
0.994128 0.0380521 -0.101292 -4.54825 -0.0391902 0.999189 -0.00926828 -0.979394 0.100858 0.0131835 0.994813 65.3025
0.993916 0.0399276 -0.102639 -4.64358 -0.0411682 0.999102 -0.00999557 -0.986875 0.102148 0.0141602 0.994668 66.1564
0.993809 0.0407443 -0.103354 -4.73433 -0.0420137 0.999065 -0.0101332 -1.00512 0.102844 0.0144127 0.994593 66.9789
0.993687 0.0404359 -0.10464 -4.82593 -0.0416088 0.999093 -0.00904949 -1.0231 0.104179 0.0133463 0.994469 67.801
0.993372 0.0445283 -0.105957 -4.91398 -0.0454995 0.998941 -0.00676488 -1.04153 0.105544 0.0115411 0.994347 68.6111
0.993164 0.0464445 -0.107077 -5.01085 -0.0470104 0.99889 -0.00276467 -1.05579 0.10683 0.00777952 0.994247 69.4197
0.99278 0.0501912 -0.108932 -5.10684 -0.0506491 0.998715 -0.00143875 -1.06737 0.10872 0.00694568 0.994048 70.2207
0.992456 0.0527743 -0.110656 -5.19818 -0.0537082 0.998541 -0.0054733 -1.08554 0.110206 0.0113751 0.993843 70.9875
0.992242 0.052096 -0.112868 -5.29144 -0.053828 0.998474 -0.0123503 -1.1091 0.112052 0.0183299 0.993533 71.7491
0.992065 0.0516366 -0.114626 -5.37601 -0.0539964 0.998386 -0.0175753 -1.13277 0.113533 0.0236252 0.993253 72.4501
0.991903 0.0536663 -0.11509 -5.4622 -0.0561553 0.99825 -0.0184923 -1.15314 0.113896 0.0248055 0.993183 73.1584
0.991622 0.0564268 -0.116188 -5.54492 -0.0585527 0.998172 -0.0149627 -1.1765 0.115131 0.0216405 0.993114 73.8424
0.991377 0.0572257 -0.117875 -5.62559 -0.0591609 0.998164 -0.0129806 -1.19451 0.116916 0.0198423 0.992943 74.521
0.991347 0.054268 -0.119513 -5.69591 -0.0566394 0.998258 -0.016533 -1.21268 0.118407 0.0231591 0.992695 75.1655
0.991744 0.0461544 -0.119632 -5.76511 -0.0491093 0.998554 -0.0218683 -1.2349 0.118449 0.0275628 0.992577 75.8066
0.991925 0.0417965 -0.119733 -5.82911 -0.0452698 0.998625 -0.0264356 -1.26096 0.118464 0.0316425 0.992454 76.4684
0.99213 0.0445512 -0.117011 -5.89116 -0.047954 0.9985 -0.0264266 -1.28711 0.115658 0.0318298 0.992779 77.1123
0.992267 0.0493899 -0.113868 -5.94621 -0.0524143 0.998343 -0.0237197 -1.31 0.112508 0.0295046 0.993212 77.7732
0.992839 0.0477111 -0.109511 -6.00311 -0.050307 0.998511 -0.0210636 -1.32917 0.108344 0.026422 0.993762 78.394
0.993638 0.0441335 -0.103603 -6.04818 -0.0461963 0.998777 -0.0175946 -1.34533 0.1027 0.0222688 0.994463 79.0012
0.994635 0.0401742 -0.0953221 -6.09208 -0.0417814 0.999015 -0.0149241 -1.36308 0.0946287 0.0188267 0.995334 79.5827
0.995443 0.0433615 -0.084915 -6.13354 -0.0448498 0.99887 -0.0156967 -1.37707 0.0841385 0.0194337 0.996264 80.1437
0.996323 0.048614 -0.0705344 -6.14977 -0.0498978 0.998617 -0.0165539 -1.39707 0.0696322 0.0200126 0.997372 80.693
0.997159 0.0536657 -0.0528324 -6.16804 -0.0546099 0.99837 -0.0165908 -1.41575 0.051856 0.0194289 0.998465 81.2104
0.998145 0.0525167 -0.0307647 -6.171 -0.0530534 0.998449 -0.0168951 -1.43182 0.0298297 0.0184959 0.999384 81.7079
0.998772 0.0493081 -0.00454477 -6.14691 -0.0493796 0.998631 -0.0172315 -1.44941 0.0036889 0.0174348 0.999841 82.2214
0.998471 0.0489172 0.0256964 -6.12381 -0.0484777 0.998672 -0.0174589 -1.45807 -0.0265163 0.0161865 0.999517 82.6664
0.997187 0.0482175 0.057369 -6.04512 -0.047294 0.99873 -0.0173485 -1.48001 -0.0581327 0.0145865 0.998202 83.1585
0.9945 0.0476945 0.0932403 -5.95324 -0.0461891 0.998766 -0.0182394 -1.49709 -0.0939952 0.0138324 0.995476 83.6261
0.989883 0.047095 0.133836 -5.83332 -0.0448522 0.998799 -0.0197254 -1.51764 -0.134604 0.013523 0.990807 84.0846
0.983011 0.0470673 0.177401 -5.69988 -0.0439538 0.998803 -0.0214419 -1.53823 -0.178198 0.0132802 0.983905 84.5178
0.973382 0.0476474 0.224178 -5.53944 -0.0431778 0.998759 -0.0248007 -1.56457 -0.225082 0.014461 0.974232 84.939
0.960175 0.047896 0.27526 -5.34314 -0.0415451 0.99872 -0.0288604 -1.59878 -0.276291 0.0162753 0.960936 85.3706
0.942915 0.0462902 0.329798 -5.13605 -0.038059 0.998783 -0.0313752 -1.63445 -0.330849 0.0170324 0.94353 85.7596
0.921577 0.0460865 0.385447 -4.9044 -0.0359819 0.998794 -0.0333918 -1.674 -0.386522 0.016904 0.922125 86.1249
0.895914 0.0449516 0.441945 -4.67379 -0.0326471 0.998839 -0.0354126 -1.71046 -0.443024 0.0172984 0.896342 86.4377
0.865737 0.0424745 0.498692 -4.4183 -0.0275079 0.998924 -0.037326 -1.74888 -0.499741 0.0185966 0.865975 86.7455
0.83226 0.0408694 0.552876 -4.13683 -0.0236942 0.99899 -0.0381792 -1.78817 -0.553878 0.0186751 0.832388 87.047
0.795225 0.0392345 0.605042 -3.86156 -0.0213507 0.999097 -0.0367255 -1.82712 -0.605937 0.016287 0.795346 87.3148
0.755869 0.0375481 0.653644 -3.55429 -0.0199753 0.999212 -0.0342996 -1.86274 -0.654417 0.0128692 0.756024 87.5753
0.714437 0.0356283 0.698791 -3.23425 -0.0165822 0.999284 -0.0339958 -1.89055 -0.699503 0.0127004 0.714517 87.8133
0.671411 0.033639 0.74032 -2.90818 -0.0109471 0.99931 -0.035479 -1.91468 -0.741004 0.0157167 0.671316 88.0253
0.627992 0.0309229 0.777604 -2.58274 -0.00399427 0.999325 -0.0365143 -1.94011 -0.778209 0.0198247 0.627692 88.2061
0.583696 0.0343452 0.811244 -2.242 -0.00627244 0.999266 -0.0377923 -1.96083 -0.811947 0.0169708 0.583483 88.3935
0.540582 0.0370854 0.840473 -1.89596 -0.00806569 0.99921 -0.0389018 -1.98537 -0.841252 0.0142507 0.540454 88.5559
0.498647 0.038777 0.865936 -1.56909 -0.00653516 0.999139 -0.0409786 -2.00373 -0.86678 0.0147749 0.498471 88.6837
0.458914 0.0352844 0.887779 -1.2181 0.00165711 0.999175 -0.0405684 -2.03413 -0.888478 0.0200886 0.458478 88.8046
0.421206 0.0256922 0.9066 -0.866912 0.0190388 0.999128 -0.0371597 -2.06132 -0.906765 0.0329125 0.42035 88.9058
0.389572 0.0209241 0.920757 -0.501632 0.0232543 0.9992 -0.0325456 -2.08652 -0.920701 0.0340905 0.388774 88.9944
0.359125 0.0274921 0.932884 -0.131613 0.0196869 0.99912 -0.0370229 -2.08763 -0.933081 0.0316615 0.358268 89.0878
0.329232 0.0365011 0.943542 0.251912 0.0131127 0.998979 -0.0432211 -2.09168 -0.944157 0.0266022 0.328418 89.2142
0.301694 0.0418912 0.952483 0.621484 0.00954056 0.998852 -0.0469524 -2.11323 -0.953356 0.0232525 0.300948 89.3172
0.27716 0.0431662 0.959853 1.01642 0.0124312 0.998746 -0.0485048 -2.14761 -0.960743 0.0253757 0.276275 89.4093
0.253586 0.0465506 0.966191 1.3913 0.0175654 0.998455 -0.0527153 -2.15107 -0.967153 0.0303394 0.252376 89.4771
0.234294 0.0520331 0.970771 1.79615 0.0270105 0.997833 -0.0600024 -2.16057 -0.97179 0.0402793 0.232381 89.5514
0.21567 0.0593765 0.974659 2.21516 0.0308096 0.997239 -0.0675695 -2.17205 -0.975979 0.0446016 0.213245 89.6276
0.198363 0.0617578 0.97818 2.63922 0.0284349 0.99723 -0.0687268 -2.18913 -0.979715 0.0414473 0.196058 89.7049
0.183014 0.0586716 0.981357 3.0804 0.0297734 0.997429 -0.0651849 -2.2128 -0.982659 0.0411481 0.180796 89.7809
0.167053 0.0552022 0.984401 3.531 0.0318246 0.997609 -0.0613436 -2.25632 -0.985434 0.0415758 0.164897 89.8732
0.15315 0.0518898 0.986839 4.00146 0.0356374 0.997681 -0.0579905 -2.3022 -0.987559 0.0440497 0.150946 89.9424
0.140925 0.0499599 0.988758 4.46959 0.0399581 0.997625 -0.0561031 -2.35497 -0.989213 0.0474153 0.138594 90.0075
0.130625 0.0492666 0.990206 4.97729 0.0440181 0.997492 -0.0554358 -2.40216 -0.990454 0.0508283 0.128129 90.0662
0.122342 0.0477031 0.99134 5.50247 0.0480211 0.99739 -0.0539205 -2.4537 -0.991325 0.054202 0.119732 90.1291
0.117362 0.0462896 0.992009 6.04031 0.0504284 0.997347 -0.0525048 -2.50731 -0.991807 0.0561876 0.114717 90.1914
0.111353 0.0457155 0.992728 6.59213 0.0517229 0.997321 -0.0517287 -2.56335 -0.992433 0.057107 0.108691 90.2597
0.104647 0.0434529 0.993559 7.14182 0.0527455 0.997396 -0.0491761 -2.6287 -0.993109 0.0575519 0.102082 90.3211
0.0993573 0.0394657 0.994268 7.75286 0.0546421 0.997489 -0.0450539 -2.70225 -0.99355 0.0588053 0.0969514 90.3928
0.0953487 0.0365172 0.994773 8.373 0.0565321 0.997515 -0.0420364 -2.76068 -0.993837 0.0602448 0.0930475 90.4675
0.0921861 0.0339377 0.995162 8.9968 0.0564491 0.997634 -0.039251 -2.8073 -0.99414 0.0597945 0.0900523 90.525
0.0900566 0.031945 0.995423 9.62279 0.060636 0.997456 -0.0374959 -2.8581 -0.994089 0.0637353 0.0878905 90.5898
0.0889173 0.0308095 0.995561 10.2506 0.0648901 0.997219 -0.0366563 -2.89355 -0.993923 0.0678615 0.0866709 90.6492
0.0903536 0.0297586 0.995464 10.8999 0.0689177 0.996971 -0.0360589 -2.92648 -0.993522 0.0718632 0.088029 90.7012
0.0931208 0.0303478 0.995191 11.5901 0.0694713 0.996901 -0.0369004 -2.94341 -0.993228 0.0725735 0.0907239 90.7674
0.0963532 0.0312619 0.994855 12.2763 0.0711082 0.996737 -0.0382079 -2.94966 -0.992803 0.0744238 0.0938158 90.8368
0.101055 0.0318258 0.994371 12.9773 0.0712499 0.99669 -0.0391409 -2.9596 -0.992326 0.0748043 0.0984528 90.9002
0.104353 0.0313297 0.994046 13.7193 0.0726437 0.996594 -0.0390359 -2.97171 -0.991883 0.0762846 0.101721 91.0013
0.107041 0.0310714 0.993768 14.4526 0.0726175 0.996598 -0.0389816 -2.9842 -0.991599 0.0763376 0.10442 91.0981
0.109416 0.0307119 0.99352 15.2528 0.0689646 0.99688 -0.0384108 -2.99985 -0.9916 0.0727205 0.106957 91.2209
0.111913 0.0311691 0.993228 16.042 0.0679049 0.996932 -0.0389365 -3.01697 -0.991395 0.0718026 0.109453 91.3441
0.114596 0.0334733 0.992847 16.8306 0.0653757 0.997012 -0.0411594 -3.03619 -0.991258 0.0696248 0.112065 91.4693
0.116395 0.0383963 0.992459 17.6093 0.0638744 0.996895 -0.046059 -3.05767 -0.991146 0.0687538 0.113581 91.5891
0.116814 0.0446366 0.992149 18.4231 0.0579421 0.996982 -0.051676 -3.08958 -0.991462 0.0635237 0.113876 91.7197
0.115066 0.0486662 0.992164 19.2409 0.0551184 0.996948 -0.0552932 -3.12459 -0.991827 0.0610488 0.112033 91.8514
0.114328 0.04919 0.992223 20.0742 0.053647 0.997011 -0.0556087 -3.16923 -0.991993 0.0595875 0.111348 91.9801
0.112759 0.047993 0.992462 20.9144 0.0506839 0.997255 -0.0539832 -3.21857 -0.992328 0.0563889 0.110017 92.1101
0.111761 0.0476107 0.992593 21.738 0.0519259 0.997208 -0.0536786 -3.26959 -0.992377 0.0575405 0.108977 92.2288
0.110182 0.0481027 0.992746 22.539 0.0496831 0.997313 -0.0538382 -3.31784 -0.992668 0.0552547 0.107496 92.3563
0.108686 0.0484172 0.992895 23.3738 0.0491417 0.997331 -0.0540127 -3.37193 -0.99286 0.0546629 0.106016 92.4788
0.107731 0.0494143 0.99295 24.195 0.0468172 0.997404 -0.0547154 -3.42697 -0.993077 0.0523817 0.105138 92.5955
0.105015 0.0511857 0.993151 24.9944 0.0442536 0.997445 -0.0560863 -3.48082 -0.993485 0.0498404 0.102482 92.7064
0.103242 0.0514723 0.993322 25.8167 0.0414995 0.997568 -0.0560055 -3.53439 -0.99379 0.0470045 0.100854 92.7833
0.100772 0.0516642 0.993566 26.643 0.0408448 0.997594 -0.0560162 -3.56393 -0.99407 0.0462268 0.0984189 92.855
0.0962021 0.052098 0.993996 27.4453 0.0387198 0.997678 -0.0560383 -3.59042 -0.994608 0.0438783 0.0939615 92.9337
0.091125 0.0524918 0.994454 28.2547 0.036745 0.997753 -0.0560329 -3.61913 -0.995161 0.0416472 0.0889914 92.9973
0.0844492 0.0539886 0.994963 29.0517 0.0374038 0.997656 -0.0573094 -3.65966 -0.995725 0.0420551 0.0822319 93.0665
0.0763373 0.0554816 0.995536 29.8376 0.0402177 0.997467 -0.058673 -3.70704 -0.99627 0.0445171 0.0739127 93.1219
0.0670437 0.0562533 0.996162 30.6196 0.0416542 0.997382 -0.0591255 -3.75651 -0.99688 0.0454583 0.064525 93.1642
0.057707 0.0557687 0.996774 31.418 0.0423997 0.997401 -0.0582584 -3.81038 -0.997432 0.0456248 0.0551924 93.1981
0.0470125 0.0543544 0.997413 32.2028 0.0408482 0.997579 -0.0562888 -3.8743 -0.998058 0.0433888 0.0446784 93.2356
0.0370412 0.0533227 0.997889 32.9892 0.042988 0.997566 -0.0549011 -3.92917 -0.998388 0.0449308 0.0346588 93.246
0.0272022 0.0533419 0.998205 33.8025 0.0431875 0.997581 -0.0544854 -3.99923 -0.998696 0.0445921 0.0248327 93.261
0.017206 0.0538214 0.998401 34.5669 0.0451728 0.997489 -0.0545507 -4.04952 -0.99883 0.0460392 0.0147316 93.254
0.00861899 0.0549857 0.998449 35.3178 0.0461111 0.997403 -0.0553261 -4.10078 -0.998899 0.0465164 0.00606117 93.2502
-0.00128307 0.0561132 0.998423 36.0812 0.0485971 0.997249 -0.0559847 -4.15005 -0.998817 0.0484486 -0.00400647 93.2431
-0.00989372 0.0579754 0.998268 36.8316 0.0509056 0.997053 -0.0574002 -4.18628 -0.998654 0.0502495 -0.0128158 93.2169
-0.019403 0.0585684 0.998094 37.5595 0.0525206 0.996965 -0.0574811 -4.2406 -0.998431 0.0513052 -0.0224201 93.1886
-0.027521 0.0585416 0.997905 38.3048 0.0529651 0.996967 -0.0570258 -4.30057 -0.998217 0.0512846 -0.0305381 93.1443
-0.0357628 0.0577759 0.997688 39.0373 0.05609 0.99687 -0.0557179 -4.35873 -0.997785 0.0539676 -0.0388915 93.1113
-0.0433015 0.0558986 0.997496 39.7459 0.0582956 0.996874 -0.0533331 -4.41565 -0.997359 0.0558402 -0.0464248 93.0681
-0.0473388 0.0536785 0.997435 40.451 0.0606962 0.996865 -0.0507671 -4.47158 -0.997033 0.0581372 -0.0504484 93.0212
-0.0503398 0.0513161 0.997412 41.1325 0.0634046 0.996829 -0.048086 -4.52474 -0.996717 0.0608198 -0.0534339 92.979
-0.052071 0.0494776 0.997416 41.8113 0.0646458 0.996844 -0.0460743 -4.5769 -0.996548 0.0620796 -0.0551052 92.9468
-0.0550488 0.0482262 0.997318 42.4852 0.0648044 0.9969 -0.0446289 -4.62794 -0.996378 0.0621738 -0.0580035 92.9105
-0.0567288 0.0484594 0.997212 43.1622 0.065548 0.996848 -0.0447128 -4.6798 -0.996235 0.0628287 -0.0597264 92.8658
-0.0555943 0.0485951 0.997269 43.8447 0.067252 0.996729 -0.0448197 -4.73076 -0.996185 0.0645766 -0.0586806 92.8239
-0.0525965 0.0499171 0.997367 44.5264 0.0676616 0.996633 -0.0463122 -4.78277 -0.99632 0.0650475 -0.0557969 92.7839
-0.0474765 0.0498241 0.997628 45.1829 0.0676349 0.996624 -0.0465552 -4.83259 -0.996579 0.0652642 -0.050686 92.7503
-0.0395998 0.0504443 0.997941 45.8296 0.0683112 0.996525 -0.0476621 -4.88122 -0.996877 0.0662831 -0.0429081 92.7276
-0.028482 0.0506838 0.998308 46.4425 0.0678996 0.996505 -0.0486551 -4.9243 -0.997285 0.0663989 -0.0318239 92.7126
-0.0149059 0.050856 0.998594 47.0325 0.0669449 0.996516 -0.0497508 -4.96657 -0.997645 0.0661091 -0.0182585 92.7086
0.00252887 0.0523963 0.998622 47.6083 0.0651876 0.996494 -0.0524497 -5.00893 -0.997869 0.0652304 -0.000895595 92.7237
0.0231717 0.0549172 0.998221 48.1535 0.0633249 0.996405 -0.0562872 -5.04809 -0.997723 0.0645165 0.0196107 92.749
0.047493 0.0584203 0.997161 48.6795 0.0599268 0.996324 -0.0612254 -5.08699 -0.997072 0.0626644 0.0438174 92.8003
0.0760383 0.0602184 0.995284 49.2037 0.0587496 0.99617 -0.0647604 -5.12748 -0.995372 0.0633968 0.0722093 92.8674
0.108877 0.0606069 0.992205 49.718 0.0541098 0.996299 -0.0667946 -5.16704 -0.992581 0.0609604 0.105195 92.9503
0.146102 0.0586373 0.987529 50.2291 0.0509864 0.996469 -0.0667114 -5.20649 -0.987954 0.0600972 0.142596 93.0532
0.187177 0.0558534 0.980736 50.7361 0.0475683 0.996696 -0.0658409 -5.24629 -0.981173 0.0589759 0.183902 93.1766
0.230901 0.0525265 0.971557 51.2306 0.0416185 0.997095 -0.0637982 -5.28577 -0.972086 0.0551658 0.228044 93.3254
0.277835 0.0505261 0.959298 51.7243 0.0343266 0.997456 -0.0624776 -5.325 -0.960015 0.0502879 0.275394 93.4997
0.328492 0.0502659 0.943168 52.204 0.0267375 0.997688 -0.0624838 -5.36495 -0.944128 0.0457433 0.326388 93.6982
0.381669 0.0505075 0.922917 52.6572 0.0218681 0.997733 -0.0636454 -5.4041 -0.92404 0.0444739 0.379699 93.9205
0.437853 0.050971 0.8976 53.0846 0.0205067 0.997566 -0.0666509 -5.44657 -0.898812 0.04759 0.435742 94.1646
0.494804 0.0547657 0.867276 53.4656 0.0166705 0.997231 -0.0724829 -5.48906 -0.868844 0.0503227 0.492521 94.4369
0.550351 0.0590298 0.832843 53.8281 0.0123235 0.996815 -0.0787952 -5.53661 -0.834842 0.0536286 0.547871 94.736
0.604689 0.0646036 0.793836 54.1609 0.00293213 0.996518 -0.0833317 -5.58429 -0.796455 0.0527174 0.602394 95.0547
0.657352 0.0672782 0.750574 54.4922 -0.00509347 0.996381 -0.0848505 -5.63383 -0.753566 0.0519535 0.655315 95.4127
0.706835 0.0654457 0.704343 54.7807 -0.00740319 0.996341 -0.0851479 -5.68177 -0.707339 0.0549711 0.704733 95.7855
0.752708 0.0619389 0.655433 55.0577 -0.00933282 0.996469 -0.083449 -5.73219 -0.658287 0.0566957 0.750628 96.1802
0.794934 0.0585797 0.603859 55.3173 -0.0151089 0.996931 -0.0768213 -5.7775 -0.606506 0.0519442 0.793379 96.6041
0.833002 0.0531184 0.550712 55.5242 -0.0181446 0.997469 -0.0687643 -5.81639 -0.55297 0.0472884 0.831857 97.0145
0.866777 0.0503302 0.496148 55.72 -0.0229683 0.997868 -0.0610995 -5.85393 -0.498166 0.0415639 0.866084 97.4432
0.894872 0.0472357 0.443815 55.8679 -0.0262881 0.998236 -0.0532382 -5.88478 -0.445547 0.0359743 0.894535 97.867
0.918216 0.048084 0.39315 56.0051 -0.032286 0.998388 -0.0467021 -5.9092 -0.394761 0.0301893 0.918287 98.3314
0.936323 0.0511572 0.347392 56.1198 -0.0386757 0.998337 -0.0427734 -5.93289 -0.349002 0.0266141 0.936743 98.7953
0.949553 0.0563985 0.30849 56.2063 -0.0465591 0.998148 -0.0391701 -5.94712 -0.310128 0.0228311 0.95042 99.294
0.959646 0.0601526 0.2747 56.2733 -0.051162 0.997898 -0.0397845 -5.95729 -0.276515 0.0241248 0.960706 99.7613
0.967364 0.0630163 0.245426 56.3362 -0.0549066 0.9977 -0.0397543 -5.96614 -0.247366 0.0249814 0.968599 100.278
0.972582 0.0590015 0.22495 56.4143 -0.0512592 0.99788 -0.0401094 -5.97745 -0.22684 0.0274789 0.973544 100.759
0.975964 0.0543904 0.211032 56.4898 -0.0471144 0.998114 -0.0393586 -5.98222 -0.212774 0.0284699 0.976686 101.23
0.978192 0.0583098 0.199347 56.5505 -0.0512171 0.997864 -0.0405583 -5.98929 -0.201286 0.0294638 0.979089 101.756
0.979651 0.0629833 0.190565 56.6165 -0.0562458 0.997593 -0.0405657 -5.99305 -0.192662 0.0290217 0.980835 102.266
0.980333 0.0703735 0.184374 56.6957 -0.063508 0.99706 -0.0428894 -5.99664 -0.18685 0.0303367 0.981919 102.785
0.980278 0.0744573 0.183054 56.7487 -0.0667235 0.996614 -0.0480599 -6.00267 -0.186012 0.034898 0.981927 103.334
0.980125 0.0759539 0.183261 56.8288 -0.0674977 0.996366 -0.0519571 -6.02096 -0.186541 0.0385548 0.98169 103.856
0.979739 0.0742563 0.185999 56.9282 -0.0648632 0.996317 -0.0560957 -6.0452 -0.189479 0.0428947 0.980947 104.377
0.97922 0.0721836 0.189518 57.0429 -0.0610815 0.996093 -0.0637906 -6.06349 -0.193382 0.0508889 0.979802 104.914
0.978625 0.0731444 0.192202 57.1782 -0.0608053 0.995739 -0.0693391 -6.08574 -0.196455 0.05617 0.978902 105.464
0.97764 0.0769397 0.195702 57.2947 -0.0642442 0.995447 -0.0704217 -6.11531 -0.200229 0.0562743 0.978131 106.037
0.976379 0.0799509 0.200726 57.4163 -0.0676971 0.995441 -0.0671983 -6.14859 -0.205183 0.0520224 0.977339 106.643
0.97588 0.0766308 0.204411 57.5571 -0.064675 0.995817 -0.0645519 -6.17897 -0.208503 0.0497745 0.976754 107.243
0.975868 0.0715016 0.20632 57.7284 -0.0601845 0.996345 -0.0606248 -6.20547 -0.209901 0.0467444 0.976604 107.863
0.975305 0.0688123 0.209866 57.8633 -0.0579245 0.996659 -0.0576001 -6.23692 -0.213128 0.0440212 0.976031 108.482
0.975074 0.0646665 0.212242 58.0113 -0.0536467 0.996916 -0.0572817 -6.27474 -0.215292 0.0444678 0.975536 109.094
0.975471 0.061038 0.211493 58.1702 -0.0491646 0.996929 -0.0609568 -6.31914 -0.214564 0.0490637 0.975476 109.735
0.975826 0.0608488 0.209901 58.3224 -0.047587 0.996573 -0.0676681 -6.36744 -0.2133 0.0560438 0.975378 110.365
0.975963 0.0654462 0.207873 58.4679 -0.0511839 0.995999 -0.0732695 -6.41672 -0.211836 0.0608686 0.975407 111.017
0.976813 0.0657118 0.203757 58.64 -0.0509103 0.995727 -0.0770583 -6.46852 -0.20795 0.0648982 0.975984 111.699
0.977677 0.0650232 0.199797 58.7926 -0.0513442 0.996017 -0.072905 -6.5256 -0.203742 0.0610191 0.977121 112.383
0.978211 0.0616801 0.198233 58.9478 -0.0495623 0.99662 -0.0655252 -6.56954 -0.201605 0.0542726 0.977962 113.071
0.978976 0.0621294 0.194279 59.1125 -0.0512679 0.996854 -0.0604488 -6.61557 -0.197423 0.0492177 0.979082 113.782
0.979439 0.0668593 0.190334 59.2736 -0.0560826 0.996533 -0.0614601 -6.66298 -0.193783 0.049522 0.979793 114.494
0.979558 0.074503 0.186853 59.4133 -0.0631024 0.995807 -0.0662453 -6.70146 -0.191005 0.0531003 0.980151 115.216
0.980504 0.074649 0.181764 59.5634 -0.0624711 0.995459 -0.0718343 -6.74582 -0.186301 0.0590787 0.980714 115.966
0.981496 0.0741692 0.176531 59.7048 -0.0615852 0.995225 -0.0757341 -6.79375 -0.181306 0.063461 0.981377 116.705
0.982737 0.0699356 0.171276 59.8478 -0.05778 0.995512 -0.0749618 -6.84474 -0.17575 0.0637714 0.982367 117.462
0.983691 0.0665833 0.167086 59.9851 -0.0548625 0.995762 -0.0738153 -6.89798 -0.171292 0.0634446 0.983175 118.241
0.984314 0.0646067 0.164164 60.1395 -0.0533491 0.995971 -0.0720871 -6.94917 -0.16816 0.0621983 0.983795 119.071
0.984852 0.0607649 0.162393 60.2807 -0.0498312 0.996261 -0.0705774 -6.99454 -0.166075 0.0614161 0.984198 119.874
0.985317 0.0559082 0.161317 60.4242 -0.0451006 0.996534 -0.0699003 -7.04346 -0.164666 0.0615984 0.984423 120.682
0.985447 0.0576211 0.159917 60.5688 -0.0470268 0.99649 -0.0692637 -7.092 -0.163346 0.0607353 0.984697 121.491
0.985145 0.0639666 0.159362 60.7101 -0.0530034 0.995987 -0.0721245 -7.14406 -0.163336 0.0626063 0.984581 122.302
0.984814 0.069953 0.158889 60.8523 -0.0584293 0.995389 -0.0760808 -7.20469 -0.163478 0.0656417 0.98436 123.137
0.984188 0.0788338 0.158613 60.9878 -0.0671523 0.994712 -0.0777142 -7.2657 -0.163901 0.0658341 0.984277 123.986
0.983152 0.0848749 0.161883 61.1198 -0.0728819 0.994235 -0.0786471 -7.32895 -0.167625 0.0655238 0.98367 124.833
0.98253 0.0877429 0.164115 61.2634 -0.0758305 0.994104 -0.077506 -7.39092 -0.169948 0.063707 0.983391 125.707
0.982067 0.0888014 0.166306 61.4007 -0.0764125 0.993904 -0.0794794 -7.44779 -0.17235 0.0653462 0.982865 126.492
0.981677 0.0872994 0.169374 61.5319 -0.0740361 0.993787 -0.0831145 -7.51254 -0.175578 0.0690517 0.98204 127.368
0.982059 0.0816833 0.169962 61.6831 -0.0684037 0.994234 -0.0825824 -7.58109 -0.175728 0.0694747 0.981984 128.177
0.982272 0.0762467 0.171251 61.8267 -0.0623324 0.994411 -0.0852155 -7.65212 -0.176792 0.0730302 0.981535 129.041
0.982018 0.0761992 0.172721 61.973 -0.0620485 0.99437 -0.0859037 -7.72196 -0.178295 0.0736419 0.981217 129.912
0.98175 0.0788029 0.173079 62.1236 -0.065009 0.994345 -0.0839776 -7.79061 -0.178718 0.0711933 0.981321 130.757
0.981624 0.0805211 0.172999 62.2759 -0.067542 0.994532 -0.0796535 -7.8598 -0.178467 0.0665051 0.981695 131.594
0.980734 0.0858716 0.17546 62.4311 -0.0731871 0.9943 -0.0775394 -7.92759 -0.181118 0.0632041 0.981428 132.431
0.981441 0.0802937 0.174142 62.5902 -0.0663093 0.994199 -0.0846962 -8.01839 -0.179932 0.0715771 0.981071 133.273
0.983202 0.0701011 0.168519 62.7813 -0.0537251 0.993552 -0.0998491 -8.10075 -0.174432 0.0891181 0.980628 134.042
0.984044 0.066124 0.165177 62.9599 -0.0485825 0.992956 -0.108072 -8.19678 -0.17116 0.0983224 0.980324 134.863
0.984566 0.0638511 0.162948 63.1062 -0.0480372 0.993907 -0.0992107 -8.27623 -0.16829 0.0898518 0.981633 135.655
0.985133 0.0597942 0.16105 63.2652 -0.0477544 0.995839 -0.0776214 -8.37925 -0.165022 0.0687765 0.983888 136.563
0.987444 0.0532841 0.148709 63.5408 -0.0442465 0.997005 -0.0634368 -8.46157 -0.151643 0.0560604 0.986844 137.337
0.988881 0.0560502 0.137739 63.7272 -0.0471851 0.99665 -0.0668073 -8.55485 -0.141022 0.0595652 0.988212 138.14
0.988731 0.0649851 0.134858 63.8252 -0.0536747 0.994859 -0.0858773 -8.58842 -0.139745 0.0776711 0.987136 138.947
0.989013 0.0623711 0.134019 63.9191 -0.0497721 0.994196 -0.0953881 -8.63114 -0.139191 0.0876697 0.986377 139.773
0.989593 0.0563172 0.132409 64.0169 -0.043324 0.99414 -0.099042 -8.68494 -0.137211 0.0922747 0.986234 140.6
0.989929 0.0550934 0.130401 64.114 -0.0420389 0.994016 -0.100829 -8.74155 -0.135175 0.0943314 0.98632 141.427
0.990476 0.0541174 0.126598 64.2113 -0.0410144 0.993741 -0.103911 -8.80306 -0.131429 0.0977288 0.986496 142.262
0.991047 0.054695 0.121793 64.3105 -0.0415779 0.993309 -0.107751 -8.86742 -0.126871 0.101723 0.986689 143.072
0.991312 0.0592686 0.117414 64.4062 -0.0464484 0.992949 -0.109066 -8.9327 -0.12305 0.102665 0.987075 143.882
0.991385 0.0639005 0.114328 64.4869 -0.0510535 0.9924 -0.111969 -8.99844 -0.120614 0.105168 0.987112 144.697
0.991548 0.0653263 0.112091 64.5796 -0.0526631 0.992263 -0.112435 -9.06833 -0.118569 0.105581 0.987316 145.479
0.991891 0.0624974 0.110657 64.6627 -0.0502863 0.992671 -0.109896 -9.14486 -0.116715 0.10344 0.987763 146.264
0.992199 0.0612212 0.108587 64.7505 -0.0491382 0.992644 -0.110658 -9.23458 -0.114563 0.104459 0.987908 147.066
0.99255 0.0601946 0.105926 64.8348 -0.0480243 0.99233 -0.113913 -9.32917 -0.111971 0.107978 0.987827 147.887
0.993335 0.0562962 0.100577 64.9225 -0.0442956 0.992049 -0.117803 -9.41151 -0.106409 0.112562 0.98793 148.691
0.994301 0.0524325 0.092823 64.9988 -0.0411345 0.991958 -0.119698 -9.47959 -0.0983528 0.115198 0.988461 149.482
0.994989 0.0515169 0.0856889 65.0762 -0.0413786 0.99237 -0.116149 -9.54088 -0.0910189 0.112021 0.989528 150.273
0.995795 0.0489564 0.0774287 65.1755 -0.040334 0.993197 -0.109249 -9.62158 -0.0822505 0.105666 0.990993 151.092
0.996189 0.0465349 0.0737593 65.2347 -0.0389122 0.994064 -0.10161 -9.69104 -0.07805 0.0983527 0.992085 151.916
0.996214 0.0526118 0.0692016 65.2783 -0.0455032 0.99389 -0.100568 -9.7645 -0.07407 0.0970387 0.99252 152.743
0.996388 0.0550862 0.0646118 65.3214 -0.0480017 0.993155 -0.106494 -9.84592 -0.070036 0.103008 0.992211 153.589
0.996773 0.0552224 0.0582518 65.3403 -0.0481068 0.991945 -0.117182 -9.93125 -0.0642539 0.114001 0.9914 154.372
0.997223 0.0528093 0.052495 65.354 -0.0460632 0.991422 -0.122317 -10.0203 -0.0585044 0.119559 0.991101 155.161
0.997611 0.0516588 0.0458559 65.3826 -0.0457477 0.99151 -0.121725 -10.1169 -0.0517549 0.119336 0.991503 155.978
0.997497 0.0599021 0.0375561 65.4089 -0.0550269 0.991297 -0.119597 -10.2116 -0.0443935 0.117231 0.992111 156.79
0.997426 0.0657734 0.0285326 65.4319 -0.0618387 0.99062 -0.121858 -10.3117 -0.0362802 0.119779 0.992137 157.622
0.997634 0.0664733 0.0175173 65.4459 -0.0637081 0.989772 -0.127651 -10.4169 -0.0258237 0.126233 0.991664 158.45
0.997798 0.0657565 0.00859853 65.4535 -0.0640815 0.989411 -0.130235 -10.5278 -0.0170715 0.129397 0.991445 159.301
0.99782 0.0659799 0.000792654 65.4393 -0.0653363 0.989624 -0.127974 -10.6299 -0.0092284 0.127643 0.991776 160.129
0.99754 0.0698261 -0.00607271 65.4062 -0.0700432 0.989973 -0.122677 -10.7166 -0.00255446 0.1228 0.992427 160.93
0.997156 0.0741171 -0.013588 65.3847 -0.0752081 0.990088 -0.118617 -10.8115 0.00466154 0.119302 0.992846 161.766
0.996948 0.075234 -0.0208267 65.3621 -0.0771655 0.990112 -0.117151 -10.8971 0.0118068 0.1184 0.992895 162.578
0.996752 0.075755 -0.0272992 65.3429 -0.0784247 0.990183 -0.115705 -10.9949 0.0182656 0.117471 0.992908 163.403
0.996745 0.0746571 -0.0303988 65.3024 -0.0777848 0.989756 -0.119721 -11.0739 0.0211491 0.121696 0.992341 164.195
0.996465 0.0763371 -0.0350624 65.263 -0.0802268 0.988555 -0.127767 -11.143 0.0249075 0.130128 0.991183 165.024
0.995861 0.0824301 -0.0382636 65.2143 -0.0869504 0.986693 -0.137398 -11.2174 0.0264284 0.140156 0.989776 165.814
0.995778 0.0818911 -0.0414588 65.17 -0.086996 0.986067 -0.141791 -11.303 0.0292695 0.144799 0.989027 166.643
0.995403 0.0850164 -0.0440868 65.1171 -0.0903651 0.986242 -0.138429 -11.3916 0.0317113 0.141776 0.98939 167.451
0.995042 0.088366 -0.0456207 65.0696 -0.093662 0.986915 -0.131254 -11.4897 0.0334251 0.134876 0.990298 168.322
0.994658 0.0898849 -0.0507485 65.0364 -0.0956766 0.987347 -0.126464 -11.5854 0.0387389 0.130643 0.990671 169.134
0.99493 0.084153 -0.0550498 64.9745 -0.0907565 0.987198 -0.131166 -11.682 0.0433068 0.135497 0.98983 169.954
0.995873 0.0669122 -0.061299 64.9596 -0.0752716 0.986394 -0.146156 -11.7417 0.050685 0.150167 0.98736 170.697
0.99573 0.0599202 -0.0702184 64.9131 -0.0702658 0.98532 -0.155589 -11.7907 0.0598644 0.159858 0.985322 171.516
0.995014 0.0618226 -0.078253 64.8535 -0.0736262 0.984646 -0.158277 -11.8665 0.0672661 0.163249 0.984288 172.322
0.994644 0.0583902 -0.085285 64.7731 -0.0711643 0.985288 -0.155384 -11.9593 0.0749571 0.160621 0.984165 173.146
0.994315 0.0528262 -0.0924474 64.703 -0.0667127 0.98578 -0.154233 -12.0691 0.082985 0.159523 0.983699 173.95
0.994232 0.0430367 -0.0982329 64.6271 -0.0577207 0.986707 -0.151916 -12.1774 0.0903889 0.15671 0.983499 174.738
0.99387 0.0366192 -0.104306 64.529 -0.0524146 0.98684 -0.152973 -12.3061 0.0973314 0.157503 0.982709 175.598
0.993301 0.0319777 -0.111039 64.4319 -0.0496925 0.985762 -0.160638 -12.4377 0.104321 0.16508 0.980747 176.436
0.992703 0.0219329 -0.118571 64.3327 -0.042189 0.984345 -0.171134 -12.577 0.112961 0.174888 0.978086 177.262
0.992002 0.00913781 -0.125889 64.2837 -0.0313471 0.983964 -0.175593 -12.7009 0.122265 0.178134 0.97638 178.027
0.991121 0.0121169 -0.132402 64.1475 -0.034734 0.984853 -0.169878 -12.8398 0.128338 0.172969 0.976529 178.902
0.990159 0.0226828 -0.138091 63.9888 -0.0446934 0.986356 -0.158448 -12.9799 0.132612 0.16306 0.977662 179.796
0.989416 0.0277634 -0.142424 63.8562 -0.0496945 0.987004 -0.152825 -13.1069 0.13633 0.158285 0.977936 180.614
0.989045 0.0273374 -0.145055 63.719 -0.0502153 0.986403 -0.156489 -13.2372 0.138805 0.162058 0.976969 181.429
0.988761 0.0268527 -0.147067 63.5764 -0.0515977 0.984585 -0.167129 -13.377 0.140312 0.172838 0.974904 182.245
0.987992 0.0352973 -0.150414 63.4238 -0.0618648 0.98248 -0.175801 -13.5309 0.141573 0.182996 0.972866 183.08
0.98788 0.0322186 -0.151831 63.2767 -0.0596789 0.981865 -0.179945 -13.6848 0.14328 0.186825 0.971888 183.91
0.987903 0.0269676 -0.152703 63.1413 -0.0540297 0.982914 -0.175959 -13.8294 0.145348 0.18208 0.972481 184.702
0.988032 0.027325 -0.151802 63.0095 -0.0530442 0.984349 -0.168061 -13.9777 0.144834 0.174102 0.974018 185.527
0.987931 0.0292021 -0.152115 62.8815 -0.0542774 0.985065 -0.163406 -14.1214 0.145071 0.16969 0.974761 186.335
0.987618 0.0295541 -0.154062 62.7464 -0.0551065 0.984865 -0.164333 -14.2683 0.146873 0.170788 0.974299 187.16
0.987331 0.0271698 -0.156327 62.6112 -0.054587 0.983255 -0.173869 -14.4247 0.148985 0.1802 0.972281 187.971
0.987174 0.0159862 -0.158843 62.4873 -0.0454779 0.981909 -0.183815 -14.5882 0.15303 0.188681 0.970041 188.781
0.986905 0.00381102 -0.161251 62.3698 -0.0342655 0.981856 -0.18651 -14.7565 0.157614 0.189593 0.969129 189.6
0.98653 0.00621169 -0.163458 62.2059 -0.0359753 0.983052 -0.179766 -14.9544 0.159571 0.183225 0.970033 190.521
0.985958 0.0138047 -0.166415 62.0684 -0.0422564 0.984767 -0.168667 -15.1289 0.161551 0.173331 0.971523 191.364
0.98547 0.0162134 -0.169068 61.9329 -0.0444834 0.985325 -0.164795 -15.2942 0.163915 0.169921 0.971729 192.193
0.985147 0.0149543 -0.171057 61.8045 -0.0440134 0.984911 -0.167377 -15.4598 0.165973 0.17242 0.970939 193.005
0.984842 0.0158847 -0.172721 61.6786 -0.0460885 0.983966 -0.172301 -15.6219 0.167214 0.17765 0.969783 193.819
0.984647 0.0227438 -0.173064 61.5113 -0.0530084 0.983613 -0.172326 -15.7753 0.166309 0.178854 0.969717 194.653
0.984333 0.0279111 -0.174091 61.3557 -0.0579849 0.983713 -0.170141 -15.9173 0.166506 0.17757 0.969919 195.458
0.984439 0.0327387 -0.172647 61.1744 -0.0616459 0.984393 -0.164839 -16.0939 0.164555 0.172916 0.971092 196.266
0.984605 0.0381232 -0.170581 61.0021 -0.0660899 0.984672 -0.161411 -16.243 0.161813 0.1702 0.972032 197.061
0.984278 0.0402098 -0.171984 60.8602 -0.0687346 0.984184 -0.163272 -16.3701 0.162698 0.172526 0.971474 197.866
0.984005 0.0370544 -0.174243 60.7334 -0.0670398 0.983248 -0.169498 -16.4993 0.165043 0.178468 0.970004 198.634
0.983167 0.0390145 -0.178489 60.6082 -0.0706688 0.982102 -0.174594 -16.6485 0.168482 0.184269 0.968327 199.424
0.982754 0.0420261 -0.180077 60.4619 -0.0741853 0.981633 -0.175768 -16.7815 0.169382 0.186096 0.96782 200.197
0.982418 0.0459859 -0.180938 60.3061 -0.0769179 0.982808 -0.167849 -16.9088 0.170109 0.178815 0.969065 200.976
0.982169 0.047991 -0.181767 60.152 -0.0778157 0.983933 -0.16069 -17.0437 0.171135 0.171969 0.970123 201.782
0.982037 0.0449705 -0.183247 60.0278 -0.0749645 0.984234 -0.160201 -17.1679 0.173154 0.17106 0.969925 202.523
0.981917 0.0430791 -0.18434 59.8874 -0.0747879 0.982829 -0.168689 -17.2686 0.173908 0.179425 0.968277 203.244
0.981856 0.0437337 -0.18451 59.7473 -0.0766463 0.981542 -0.175217 -17.3744 0.173441 0.18618 0.967085 203.946
0.982021 0.043161 -0.183767 59.6119 -0.0771745 0.980232 -0.182183 -17.5082 0.172271 0.193089 0.965939 204.633
0.982462 0.0377363 -0.182601 59.452 -0.0723719 0.979706 -0.186922 -17.6222 0.171841 0.196859 0.965254 205.345
