1 0 0 0 0 1 0 0 0 0 1 0
0.999995 0.00129671 0.00294485 -0.0626738 -0.00129035 0.999997 -0.00215825 0.00585921 -0.00294764 0.00215444 0.999993 0.00139883
0.999986 0.000108045 0.0053194 -0.123439 -7.59166e-05 0.999982 -0.0060397 0.0110736 -0.00531995 0.00603921 0.999968 0.0034537
0.999992 0.00119077 0.00367911 -0.184762 -0.00115648 0.999956 -0.00930865 0.0185944 -0.00369003 0.00930432 0.99995 0.0108524
0.999979 0.00219473 0.00600849 -0.245231 -0.00212431 0.999929 -0.0117005 0.0265628 -0.00603375 0.0116875 0.999913 0.0183428
0.999937 -0.000424161 0.0112139 -0.307825 0.000560063 0.999926 -0.0121187 0.0374088 -0.0112079 0.0121243 0.999864 0.0332647
0.999842 -0.00373897 0.0173766 -0.370412 0.0039878 0.99989 -0.0143071 0.0480646 -0.0173212 0.0143741 0.999747 0.048623
0.999772 -0.007601 0.0199577 -0.432752 0.00793703 0.999827 -0.0168121 0.0579186 -0.0198265 0.0169667 0.999659 0.06633
0.99959 -0.0109803 0.0264498 -0.494612 0.0114862 0.999753 -0.0190523 0.0674787 -0.0262341 0.0193483 0.999468 0.0846949
0.999139 -0.0113146 0.0399082 -0.558386 0.0121286 0.999722 -0.0202161 0.07729 -0.0396684 0.0206827 0.998999 0.106381
0.998154 -0.0120271 0.0595346 -0.627599 0.0132133 0.999721 -0.0195713 0.0881157 -0.0592826 0.0203218 0.998034 0.140996
0.997002 -0.0113671 0.0765382 -0.691953 0.012848 0.999739 -0.0188836 0.097644 -0.0763036 0.0198104 0.996888 0.179434
0.994435 -0.0117578 0.104694 -0.753534 0.0138345 0.999721 -0.0191325 0.106354 -0.10444 0.0204744 0.99432 0.218778
0.99257 -0.011331 0.121145 -0.814756 0.013707 0.999729 -0.0187983 0.114024 -0.120899 0.0203192 0.992457 0.273308
0.989277 -0.0117016 0.145582 -0.881649 0.0145536 0.999722 -0.0185407 0.122489 -0.145325 0.0204606 0.989172 0.351079
0.983321 -0.0111671 0.181534 -0.94218 0.014966 0.999697 -0.0195705 0.131648 -0.181261 0.0219609 0.98319 0.445834
0.976066 -0.0117025 0.217159 -1.00019 0.0161565 0.999694 -0.0187463 0.141231 -0.216873 0.0218061 0.975956 0.55162
0.966513 -0.0108817 0.256386 -1.05226 0.0162297 0.999692 -0.0187524 0.151835 -0.256103 0.0222855 0.966392 0.661677
0.951758 -0.00969647 0.306697 -1.08907 0.0172062 0.999614 -0.0217915 0.161271 -0.306367 0.0260173 0.951558 0.770293
0.936567 -0.0108069 0.350321 -1.11264 0.0203831 0.999512 -0.0236599 0.173216 -0.349895 0.0292997 0.936331 0.879933
0.918785 -0.0045819 0.394733 -1.12629 0.0160668 0.999538 -0.0257951 0.184482 -0.394432 0.0300422 0.918434 0.996047
0.926032 -0.0110407 0.377285 -1.15908 0.0233632 0.999332 -0.0281002 0.198678 -0.376722 0.0348362 0.925671 1.13528
0.926669 -0.0206973 0.375307 -1.19481 0.0355687 0.998831 -0.0327394 0.210439 -0.374191 0.0436878 0.926322 1.27967
0.919351 -0.025733 0.392597 -1.23111 0.0424701 0.998519 -0.0340045 0.221812 -0.391141 0.0479357 0.919081 1.42409
0.910558 -0.0309554 0.41222 -1.26534 0.0494701 0.998186 -0.0343169 0.232352 -0.41041 0.0516401 0.910437 1.56775
0.905349 -0.0372807 0.42303 -1.30017 0.0573745 0.997744 -0.0348613 0.241995 -0.420776 0.0558328 0.905445 1.7105
0.901988 -0.0387338 0.430021 -1.33675 0.0605933 0.997467 -0.037251 0.25073 -0.427489 0.0596563 0.90205 1.85805
0.900345 -0.0433058 0.433016 -1.37509 0.0652329 0.997224 -0.0359028 0.258836 -0.430259 0.0605718 0.900671 1.99857
0.893124 -0.0432324 0.447728 -1.41335 0.065779 0.997223 -0.034924 0.266679 -0.444975 0.0606426 0.893487 2.14492
0.888642 -0.0448309 0.456405 -1.45203 0.0682313 0.997058 -0.0349125 0.273965 -0.453497 0.0621658 0.889087 2.28728
0.884421 -0.0413667 0.464854 -1.49155 0.0658091 0.997165 -0.0364705 0.281454 -0.462028 0.0628469 0.884636 2.43131
0.87045 -0.0424754 0.490422 -1.5269 0.0698765 0.996843 -0.0376873 0.287641 -0.487273 0.0670738 0.87067 2.58051
0.863839 -0.0439109 0.501851 -1.56237 0.0724839 0.996662 -0.0375611 0.293303 -0.498526 0.0688228 0.864138 2.73078
0.856284 -0.0486528 0.51421 -1.59916 0.0784275 0.996257 -0.0363383 0.298483 -0.510517 0.0714441 0.856894 2.88564
0.843356 -0.0484701 0.535165 -1.62985 0.0794257 0.996228 -0.0349366 0.303547 -0.531453 0.0719698 0.844025 3.0462
0.831237 -0.0524688 0.553437 -1.65606 0.0842556 0.995926 -0.0321291 0.308393 -0.549496 0.0733371 0.832271 3.20884
0.820399 -0.0589534 0.568744 -1.67604 0.0923623 0.995271 -0.030065 0.312018 -0.564282 0.0771958 0.821965 3.37279
0.810761 -0.0630222 0.581976 -1.68696 0.0976762 0.994814 -0.0283459 0.314122 -0.577171 0.0798269 0.812712 3.53745
0.800162 -0.0671963 0.596009 -1.67348 0.103767 0.994229 -0.0272171 0.314174 -0.59074 0.0836239 0.802517 3.70828
0.79167 -0.0730738 0.606563 -1.63574 0.111153 0.993479 -0.0253882 0.311135 -0.600752 0.0875206 0.79463 3.87523
0.783161 -0.0796417 0.616698 -1.55272 0.118424 0.992715 -0.0221882 0.304057 -0.610438 0.0904086 0.786887 4.03868
0.775749 -0.0840478 0.625419 -1.44524 0.123911 0.992084 -0.0203728 0.294743 -0.618756 0.0933006 0.780023 4.20178
0.772726 -0.0878159 0.628636 -1.31119 0.127025 0.991743 -0.0176007 0.282749 -0.621899 0.0934528 0.777501 4.37453
0.765911 -0.0984213 0.635369 -1.15994 0.13625 0.990616 -0.0107934 0.271529 -0.628344 0.0948359 0.772133 4.55315
0.76493 -0.0996819 0.636354 -0.978716 0.136293 0.990631 -0.00865376 0.257232 -0.629529 0.0933502 0.771349 4.73337
0.761956 -0.100672 0.639756 -0.780387 0.137703 0.99044 -0.00815025 0.239457 -0.632819 0.0943067 0.768535 4.92429
0.754932 -0.116635 0.645348 -0.572731 0.153769 0.988106 -0.00129662 0.222101 -0.637521 0.100213 0.763887 5.11827
0.756245 -0.118241 0.643516 -0.302652 0.155316 0.987864 -0.00101149 0.205818 -0.635586 0.100713 0.765432 5.31869
0.755822 -0.125067 0.642722 -0.019216 0.160394 0.987047 0.00344987 0.1899 -0.634828 0.100481 0.766092 5.524
0.751352 -0.141749 0.644498 0.27118 0.175273 0.984444 0.0121834 0.179777 -0.636199 0.103809 0.764509 5.73493
0.750454 -0.159389 0.641416 0.571425 0.191065 0.981367 0.0203208 0.177551 -0.632703 0.107302 0.766924 5.95631
0.759893 -0.158621 0.630398 1.38274 0.192032 0.981267 0.0154282 0.25698 -0.621036 0.109333 0.776119 6.48421
0.768476 -0.158659 0.619897 2.30527 0.194809 0.980795 0.00952663 0.359224 -0.609503 0.113441 0.784625 7.17092
0.777598 -0.158844 0.608367 3.18712 0.196558 0.98048 0.00476762 0.447246 -0.597249 0.115872 0.793642 7.89171
0.786377 -0.160724 0.596473 4.06911 0.199753 0.979846 0.000676348 0.524593 -0.58456 0.118615 0.802633 8.65938
0.796076 -0.160408 0.583551 4.97428 0.199664 0.97986 -0.00303383 0.595843 -0.571312 0.118929 0.81207 9.48275
0.805058 -0.162008 0.570644 5.86564 0.203038 0.979134 -0.00846314 0.649232 -0.557366 0.122676 0.821154 10.3553
0.813359 -0.161757 0.558821 6.69764 0.203331 0.979029 -0.0125549 0.677543 -0.545071 0.123837 0.829193 11.2604
0.821423 -0.163282 0.546445 7.52471 0.205736 0.978462 -0.0168944 0.690347 -0.531917 0.126301 0.837324 12.2209
0.828887 -0.163481 0.534995 8.33066 0.205427 0.978482 -0.0192772 0.683384 -0.520331 0.125881 0.844635 13.225
0.835478 -0.163498 0.524638 9.1553 0.205533 0.978394 -0.0224018 0.670215 -0.50964 0.126546 0.851031 14.2716
0.841983 -0.164327 0.513869 9.95189 0.205653 0.978328 -0.0241138 0.649204 -0.498769 0.125982 0.85753 15.3482
0.8481 -0.165312 0.503386 10.7837 0.205346 0.978378 -0.0246657 0.622247 -0.488424 0.124287 0.863709 16.4877
0.853342 -0.166057 0.494198 11.5255 0.205379 0.97834 -0.0258988 0.571017 -0.479193 0.123599 0.868963 17.6122
0.858758 -0.166351 0.484626 12.3115 0.204549 0.978495 -0.0265858 0.520045 -0.469782 0.12196 0.874317 18.8024
0.863178 -0.168253 0.47604 13.1046 0.205664 0.978245 -0.0271651 0.467972 -0.461114 0.121353 0.879004 20.0328
0.867672 -0.169214 0.467453 13.8815 0.205981 0.978148 -0.0282547 0.413289 -0.452457 0.120802 0.883566 21.2717
0.871758 -0.172587 0.458532 14.6476 0.207808 0.977795 -0.0270503 0.362514 -0.443681 0.118868 0.888266 22.5477
0.874935 -0.175451 0.451338 15.4646 0.20912 0.977561 -0.025374 0.318499 -0.436758 0.116584 0.891992 23.9275
0.877883 -0.176189 0.445284 16.2519 0.209837 0.977364 -0.0269754 0.268319 -0.430452 0.117118 0.894983 25.3195
0.880716 -0.177271 0.43922 16.9793 0.211225 0.977001 -0.029222 0.207412 -0.423937 0.11851 0.897904 26.6932
0.883578 -0.177538 0.433325 17.7767 0.210857 0.977067 -0.0296377 0.149246 -0.418125 0.117557 0.90075 28.1414
0.886152 -0.178507 0.427634 18.4898 0.211477 0.976909 -0.0304378 0.0782136 -0.412325 0.117407 0.903439 29.5575
0.88892 -0.178047 0.422044 19.1694 0.209355 0.977421 -0.0286043 0.009667 -0.407422 0.113784 0.906124 30.9768
0.890475 -0.18034 0.41777 19.8578 0.211267 0.977011 -0.0285652 -0.0580616 -0.403014 0.113698 0.908104 32.4146
0.892183 -0.181589 0.413563 20.5611 0.212005 0.976855 -0.028438 -0.125642 -0.398826 0.113049 0.910031 33.883
0.893814 -0.181206 0.410197 21.2759 0.211296 0.976997 -0.0288199 -0.191717 -0.395539 0.112433 0.911541 35.3735
0.895491 -0.180453 0.406858 22.0077 0.210245 0.977209 -0.0293285 -0.256281 -0.392292 0.111803 0.91302 36.8907
0.897443 -0.178704 0.403313 22.7268 0.208047 0.977666 -0.0297476 -0.320672 -0.388989 0.110605 0.914578 38.4099
0.899182 -0.177308 0.400043 23.4361 0.206161 0.978061 -0.0298926 -0.385864 -0.385966 0.109352 0.916009 39.93
0.901187 -0.17703 0.39563 24.21 0.205106 0.978296 -0.0294512 -0.440324 -0.38183 0.107687 0.917937 41.5268
0.902679 -0.178049 0.391752 24.9554 0.20609 0.978062 -0.030351 -0.496408 -0.377754 0.108133 0.91957 43.1222
0.905079 -0.175577 0.387304 25.6661 0.202887 0.978729 -0.0304305 -0.553128 -0.373722 0.106121 0.92145 44.7149
0.906177 -0.175549 0.384741 26.4288 0.20314 0.978629 -0.031928 -0.609063 -0.370913 0.107089 0.922472 46.3718
0.907833 -0.172237 0.382328 27.1329 0.199775 0.979279 -0.0332024 -0.671498 -0.368686 0.106522 0.92343 47.9962
0.907802 -0.172923 0.382091 27.8498 0.200661 0.979083 -0.0336437 -0.735548 -0.36828 0.107213 0.923512 49.6429
0.907802 -0.171619 0.382678 28.5775 0.198941 0.979467 -0.032676 -0.80176 -0.369212 0.105794 0.923304 51.3077
0.907998 -0.168522 0.383588 29.3024 0.195808 0.98009 -0.0329158 -0.867029 -0.370403 0.104997 0.922917 52.9717
0.90797 -0.16779 0.383976 30.0391 0.195454 0.980127 -0.0338855 -0.936541 -0.370659 0.105817 0.922721 54.6573
0.907459 -0.167823 0.385166 30.7872 0.195999 0.979987 -0.0347812 -1.00709 -0.37162 0.107055 0.922192 56.3632
0.907066 -0.167512 0.386227 31.5187 0.19661 0.979791 -0.0367967 -1.08934 -0.372257 0.109313 0.921669 58.0513
0.906548 -0.165859 0.388151 32.2962 0.194853 0.980162 -0.0362601 -1.16887 -0.374436 0.108504 0.920882 59.7968
0.906373 -0.163166 0.389699 33.0462 0.192038 0.980726 -0.0360197 -1.24661 -0.376311 0.107484 0.920237 61.5242
0.905935 -0.161674 0.391334 33.8243 0.190096 0.981151 -0.0347208 -1.32228 -0.378344 0.105846 0.919593 63.2805
0.905853 -0.160642 0.391949 34.6092 0.188567 0.981487 -0.0335403 -1.3965 -0.379304 0.104291 0.919375 65.0466
0.905268 -0.161204 0.39307 35.3944 0.18892 0.981452 -0.0325883 -1.46895 -0.380525 0.10376 0.918931 66.8123
0.904986 -0.160727 0.393913 36.1843 0.189147 0.981355 -0.0341339 -1.54486 -0.381082 0.105398 0.918514 68.5861
0.904834 -0.159848 0.394618 36.9972 0.188694 0.981408 -0.0351235 -1.62804 -0.381666 0.106243 0.918174 70.3911
0.90359 -0.159452 0.397619 37.8198 0.187616 0.981699 -0.0326795 -1.70475 -0.385131 0.104128 0.916968 72.1987
0.902562 -0.15815 0.400463 38.6417 0.18615 0.982009 -0.0317326 -1.78019 -0.388239 0.103187 0.915763 74.0086
0.90187 -0.155429 0.403078 39.4708 0.18347 0.982516 -0.0316441 -1.85332 -0.391112 0.102492 0.914618 75.8165
0.90049 -0.154996 0.406318 40.3115 0.182942 0.982648 -0.0305947 -1.92459 -0.394525 0.101883 0.913219 77.6457
0.899193 -0.158154 0.40797 41.1655 0.18539 0.982271 -0.0278238 -1.99145 -0.396336 0.100653 0.912571 79.484
0.89804 -0.158275 0.410454 42.0087 0.185936 0.982161 -0.028081 -2.05871 -0.398687 0.101536 0.911449 81.308
0.897729 -0.157564 0.411408 42.854 0.185399 0.982254 -0.0283663 -2.12652 -0.399637 0.10174 0.91101 83.1309
0.897533 -0.157876 0.411716 43.7007 0.185838 0.982167 -0.0285025 -2.19483 -0.399873 0.102094 0.910866 84.9555
0.898073 -0.156859 0.410926 44.5826 0.184365 0.982462 -0.0279004 -2.2595 -0.399343 0.100817 0.911241 86.8193
0.898151 -0.155207 0.411382 45.4738 0.182885 0.98272 -0.0285221 -2.32579 -0.399846 0.100853 0.911017 88.6966
0.897943 -0.150454 0.413597 46.3016 0.178121 0.983584 -0.0289131 -2.40268 -0.402456 0.0996326 0.910001 90.5323
0.897518 -0.149049 0.415024 47.1443 0.176507 0.983891 -0.0283606 -2.47873 -0.404111 0.0987087 0.909368 92.3923
0.896652 -0.147323 0.417506 47.9938 0.174397 0.984299 -0.0272189 -2.54832 -0.406941 0.0972178 0.908266 94.2634
0.894732 -0.148907 0.421048 48.8547 0.175804 0.984093 -0.0255531 -2.61662 -0.410545 0.0968851 0.906678 96.1445
0.894414 -0.141168 0.424376 49.7173 0.168134 0.985406 -0.0265637 -2.69061 -0.414432 0.0951107 0.905097 98.0133
0.893548 -0.141888 0.425957 50.5855 0.168891 0.98529 -0.0260859 -2.76576 -0.415989 0.095249 0.904367 99.8917
0.892197 -0.140527 0.429228 51.4639 0.166924 0.985671 -0.024266 -2.83557 -0.419667 0.0932982 0.90287 101.763
0.891251 -0.141077 0.431009 52.3612 0.167817 0.985515 -0.024439 -2.90404 -0.421318 0.0941118 0.902017 103.638
0.891348 -0.140225 0.431087 53.2587 0.16722 0.985599 -0.0251599 -2.97364 -0.42135 0.0945126 0.90196 105.513
0.891049 -0.140326 0.431673 54.1612 0.168076 0.985415 -0.0266049 -3.04692 -0.421643 0.0962598 0.901638 107.386
0.890941 -0.139867 0.432043 55.0651 0.16774 0.985465 -0.0268779 -3.11933 -0.422003 0.0964173 0.901452 109.266
0.890425 -0.134279 0.434871 55.9758 0.162583 0.986288 -0.0283528 -3.19486 -0.4251 0.0959485 0.900047 111.143
0.890937 -0.132272 0.434438 56.8853 0.160634 0.986587 -0.0290417 -3.27201 -0.424768 0.0956596 0.900234 113.02
0.889913 -0.133133 0.436268 57.8076 0.161666 0.986427 -0.0287509 -3.34863 -0.426518 0.0961155 0.899357 114.904
0.889284 -0.133932 0.437306 58.7314 0.162797 0.986233 -0.0290057 -3.4246 -0.4274 0.0969864 0.898845 116.794
0.888602 -0.135152 0.438314 59.6887 0.16404 0.986041 -0.0285195 -3.49327 -0.428341 0.0972434 0.898369 118.711
0.888944 -0.13498 0.437674 60.6524 0.163968 0.986041 -0.0289299 -3.56165 -0.427659 0.0974815 0.898668 120.65
0.88832 -0.134807 0.438994 61.6327 0.163445 0.986158 -0.0279048 -3.62667 -0.429154 0.0965396 0.898057 122.596
0.88909 -0.132546 0.438122 62.6152 0.161415 0.986457 -0.0291283 -3.69188 -0.428327 0.096617 0.898443 124.552
0.889479 -0.131344 0.437694 63.6128 0.161472 0.986353 -0.0321564 -3.76361 -0.427496 0.0992776 0.898549 126.52
0.88957 -0.12974 0.437988 64.6083 0.161153 0.986303 -0.035148 -3.84125 -0.427428 0.10185 0.898294 128.49
0.890189 -0.127398 0.437416 65.5935 0.159582 0.986474 -0.0374551 -3.92553 -0.426727 0.103146 0.898479 130.456
0.890379 -0.126377 0.437326 66.5875 0.159416 0.986421 -0.0395117 -4.01567 -0.426394 0.104897 0.898434 132.431
0.889905 -0.126942 0.438126 67.589 0.159868 0.986371 -0.0389279 -4.10075 -0.427212 0.104684 0.89807 134.42
0.889151 -0.12695 0.439653 68.5755 0.160395 0.986258 -0.0395986 -4.18574 -0.428584 0.105727 0.897294 136.391
0.889451 -0.12656 0.439158 69.553 0.159462 0.986446 -0.0386847 -4.26831 -0.428309 0.104437 0.897577 138.359
0.889391 -0.12756 0.438989 70.5353 0.161036 0.986149 -0.0397053 -4.35589 -0.427843 0.106006 0.897615 140.336
0.890335 -0.125181 0.437759 71.5128 0.159197 0.986365 -0.0417233 -4.44852 -0.426567 0.106838 0.898124 142.313
0.89076 -0.125107 0.436915 72.5088 0.160346 0.986055 -0.0445559 -4.54845 -0.425247 0.109746 0.898399 144.307
0.891166 -0.125918 0.435853 73.5223 0.161704 0.985774 -0.0458385 -4.65242 -0.42388 0.111329 0.89885 146.318
0.891517 -0.125276 0.435319 74.5359 0.161363 0.985786 -0.0467774 -4.75797 -0.423271 0.111947 0.89906 148.332
0.892102 -0.126841 0.433666 75.5508 0.163243 0.985438 -0.0475838 -4.86522 -0.421314 0.113242 0.899817 150.36
0.892151 -0.127935 0.433242 76.5666 0.164529 0.985209 -0.0478773 -4.97311 -0.420708 0.113995 0.900005 152.399
0.892189 -0.127829 0.433195 77.5892 0.164966 0.985078 -0.0490761 -5.08323 -0.420457 0.115247 0.899963 154.448
0.89252 -0.127668 0.432562 78.6287 0.165118 0.985007 -0.0499756 -5.19605 -0.419696 0.116028 0.900218 156.515
0.893311 -0.126768 0.431191 79.646 0.164906 0.984934 -0.0520749 -5.31662 -0.418093 0.117625 0.900757 158.575
0.893601 -0.124123 0.431359 80.6582 0.162513 0.985274 -0.0531491 -5.43875 -0.418409 0.117596 0.900613 160.628
0.893663 -0.122387 0.431726 81.675 0.161072 0.985461 -0.0540521 -5.56227 -0.418834 0.117843 0.900384 162.684
0.894543 -0.118683 0.430938 82.6778 0.15786 0.985862 -0.0561745 -5.69142 -0.418177 0.118278 0.900632 164.734
0.894767 -0.119549 0.430232 83.6848 0.159394 0.98553 -0.0576476 -5.82432 -0.417115 0.120158 0.900876 166.788
0.894624 -0.119496 0.430545 84.6928 0.158555 0.985768 -0.0558639 -5.95276 -0.417741 0.118242 0.900839 168.842
0.895723 -0.117395 0.428834 85.6953 0.155014 0.98645 -0.0537381 -6.07694 -0.416714 0.11461 0.901783 170.898
0.896141 -0.115068 0.428591 86.6974 0.152888 0.986725 -0.0547582 -6.20379 -0.4166 0.114598 0.901838 172.954
0.896172 -0.112344 0.429248 87.7008 0.150787 0.98695 -0.0565018 -6.33479 -0.417298 0.11536 0.901418 175.008
0.894532 -0.112052 0.432732 88.7127 0.150836 0.986957 -0.0562415 -6.46512 -0.420786 0.115581 0.899766 177.059
0.894221 -0.111298 0.433568 89.7263 0.150683 0.986912 -0.0574365 -6.59832 -0.421501 0.116692 0.899288 179.109
0.893443 -0.110021 0.435494 90.7444 0.149964 0.98697 -0.0583178 -6.73358 -0.423403 0.117412 0.898301 181.158
0.892393 -0.110116 0.437618 91.7677 0.150601 0.986845 -0.0587907 -6.87007 -0.425386 0.11837 0.897237 183.207
0.891582 -0.108568 0.439653 92.793 0.149429 0.986992 -0.0593034 -7.00883 -0.427495 0.118571 0.896208 185.254
0.891767 -0.105564 0.440009 93.8169 0.14663 0.987352 -0.0602958 -7.14992 -0.428078 0.118288 0.895967 187.297
0.889506 -0.107175 0.444177 94.8496 0.149591 0.986836 -0.0614571 -7.29411 -0.431742 0.121111 0.893829 189.34
0.888027 -0.108197 0.446879 95.8884 0.151772 0.98642 -0.0627677 -7.44124 -0.434018 0.123563 0.89239 191.379
0.886125 -0.108177 0.450645 96.9362 0.152476 0.986293 -0.0630616 -7.58959 -0.437645 0.124593 0.890473 193.417
0.887648 -0.106323 0.448081 97.9778 0.150873 0.986426 -0.0648159 -7.742 -0.435106 0.125137 0.89164 195.458
0.887309 -0.104749 0.449122 99.0218 0.149477 0.986613 -0.0652057 -7.89529 -0.436279 0.124991 0.891088 197.498
0.887623 -0.106339 0.448126 100.062 0.152189 0.986046 -0.0674632 -8.05369 -0.434698 0.128082 0.891421 199.54
0.888663 -0.105587 0.446239 101.1 0.151825 0.985992 -0.0690514 -8.2165 -0.432696 0.129114 0.892246 201.583
0.88784 -0.103275 0.448412 102.154 0.149837 0.986263 -0.0695224 -8.37914 -0.435072 0.128914 0.891119 203.637
0.889088 -0.106988 0.445057 103.205 0.155111 0.985193 -0.0730322 -8.55011 -0.430653 0.133965 0.892519 205.7
0.889131 -0.104023 0.445674 104.247 0.152456 0.985526 -0.0741275 -8.72189 -0.431512 0.133855 0.892121 207.753
0.890329 -0.103754 0.443339 105.347 0.152569 0.985382 -0.0757862 -8.90121 -0.428995 0.135114 0.893144 209.851
0.890653 -0.101391 0.443235 106.447 0.149651 0.985875 -0.0751939 -9.07982 -0.42935 0.133302 0.893246 211.951
0.891264 -0.102151 0.441831 107.538 0.151238 0.985475 -0.0772352 -9.264 -0.427523 0.135658 0.893767 214.047
0.890031 -0.101798 0.44439 108.635 0.150964 0.985568 -0.0765856 -9.44628 -0.430179 0.13525 0.892554 216.14
0.888289 -0.103788 0.447404 109.739 0.154017 0.985041 -0.0772821 -9.629 -0.43269 0.137557 0.890987 218.226
0.888188 -0.103289 0.44772 110.843 0.153673 0.985069 -0.0776027 -9.81267 -0.433019 0.137728 0.8908 220.313
0.886951 -0.102342 0.450382 111.954 0.152797 0.985251 -0.0770256 -9.99505 -0.435856 0.137135 0.889507 222.398
0.887686 -0.104699 0.448388 113.059 0.155021 0.984912 -0.0769222 -10.1771 -0.433568 0.137792 0.890523 224.485
0.88834 -0.105792 0.446833 114.157 0.15585 0.984799 -0.0766828 -10.3581 -0.431928 0.137759 0.891325 226.572
0.889573 -0.103737 0.444858 115.249 0.152187 0.985539 -0.0745066 -10.5333 -0.430695 0.133981 0.892496 228.661
0.891863 -0.10376 0.440243 116.346 0.152043 0.985466 -0.0757522 -10.7109 -0.425984 0.134496 0.894678 230.763
0.892477 -0.101227 0.439589 117.436 0.148102 0.986231 -0.0735782 -10.8813 -0.426087 0.130771 0.89518 232.861
0.893171 -0.101378 0.438141 118.523 0.147926 0.986275 -0.0733477 -11.0516 -0.424691 0.130324 0.895909 234.961
0.894538 -0.101386 0.435341 119.625 0.147124 0.986452 -0.0725769 -11.2209 -0.422083 0.128972 0.897336 237.071
0.896592 -0.0962347 0.432275 120.72 0.140924 0.987363 -0.072484 -11.3905 -0.419837 0.125907 0.898824 239.183
0.898093 -0.0929406 0.429872 121.832 0.137683 0.9877 -0.0741019 -11.5693 -0.417697 0.125736 0.899844 241.313
0.899402 -0.0847422 0.42883 122.941 0.127079 0.989347 -0.0710194 -11.74 -0.418242 0.11837 0.90059 243.443
0.900452 -0.0875005 0.426062 124.039 0.130591 0.98875 -0.0729358 -11.9224 -0.414886 0.121315 0.901749 245.579
0.898818 -0.0859132 0.42982 125.161 0.12757 0.989426 -0.0689989 -12.0959 -0.419346 0.116849 0.900275 247.732
0.899527 -0.0830697 0.428895 126.099 0.123784 0.989985 -0.0678703 -12.2496 -0.418961 0.114141 0.900801 249.745
0.901297 -0.0852782 0.424725 127.216 0.125144 0.989886 -0.06681 -12.4443 -0.414732 0.113367 0.902854 251.876
0.903328 -0.0878051 0.419868 128.345 0.125838 0.990003 -0.0636996 -12.6313 -0.410077 0.110377 0.905347 254.042
0.905475 -0.0878308 0.415212 129.332 0.124808 0.990196 -0.0627177 -12.7941 -0.405632 0.108611 0.90756 256.111
0.907902 -0.0893804 0.409543 130.626 0.125112 0.990251 -0.0612389 -12.9714 -0.400076 0.106837 0.910233 258.473
0.90891 -0.0912393 0.406887 131.748 0.126872 0.990016 -0.0614092 -13.1298 -0.397221 0.107438 0.911412 260.814
0.909756 -0.0892047 0.405446 132.844 0.124603 0.990286 -0.0617111 -13.2937 -0.396001 0.106662 0.912034 263.15
0.909794 -0.0892446 0.405352 133.951 0.124954 0.990195 -0.0624461 -13.4625 -0.395804 0.107463 0.912026 265.513
0.909714 -0.0856902 0.406297 134.874 0.120607 0.99082 -0.0610735 -13.6287 -0.397333 0.104562 0.911698 267.753
0.908418 -0.0877171 0.408758 135.896 0.122429 0.990693 -0.0594878 -13.8071 -0.399734 0.104084 0.910702 270.079
0.907797 -0.08794 0.410087 136.921 0.12211 0.99083 -0.0578357 -13.9803 -0.40124 0.102579 0.910211 272.404
0.907687 -0.0870359 0.410522 137.934 0.120735 0.991056 -0.0568351 -14.1543 -0.401903 0.101153 0.910078 274.732
0.90703 -0.0875637 0.41186 138.973 0.120777 0.99114 -0.0552622 -14.3263 -0.403371 0.0998675 0.90957 277.068
0.907186 -0.0869904 0.411638 140.009 0.119298 0.991421 -0.0533996 -14.4932 -0.40346 0.0975509 0.909782 279.409
0.907241 -0.0846911 0.411995 141.082 0.116599 0.99177 -0.0528885 -14.6611 -0.404124 0.096021 0.90965 281.791
0.907571 -0.0790417 0.412392 142.142 0.110524 0.992458 -0.0530147 -14.8289 -0.40509 0.0936937 0.909463 284.166
0.907734 -0.0756969 0.412661 143.249 0.106868 0.992862 -0.0529524 -14.9977 -0.405706 0.092167 0.909344 286.576
0.908095 -0.0744307 0.412095 144.445 0.104245 0.993278 -0.0503142 -15.158 -0.405579 0.088649 0.909751 289.043
0.907538 -0.0731009 0.413559 145.447 0.102771 0.993451 -0.0499232 -15.2943 -0.407201 0.087809 0.909108 291.371
0.908462 -0.0696846 0.412117 146.537 0.098948 0.993832 -0.0500724 -15.4364 -0.406085 0.086267 0.909754 293.764
0.905846 -0.0694224 0.41788 147.642 0.0990607 0.993843 -0.0496286 -15.5773 -0.411861 0.0863513 0.907146 296.15
0.904593 -0.0706351 0.420382 148.746 0.100433 0.993729 -0.0491419 -15.717 -0.414274 0.0866734 0.906016 298.527
0.904105 -0.0687206 0.421748 149.854 0.098461 0.993928 -0.0491188 -15.8566 -0.415811 0.0859342 0.905382 300.903
0.902142 -0.0676914 0.426096 150.976 0.0975784 0.994036 -0.0486787 -15.9948 -0.420259 0.0854928 0.903368 303.275
0.903803 -0.0637674 0.423171 152.08 0.093419 0.994386 -0.0496794 -16.1365 -0.417627 0.0844325 0.904687 305.648
0.902057 -0.0628857 0.427011 153.199 0.0925641 0.994496 -0.0490817 -16.2767 -0.421574 0.0838003 0.902914 308.021
0.899572 -0.0620905 0.432336 154.332 0.0918015 0.994611 -0.0481713 -16.4144 -0.427014 0.0830226 0.900425 310.388
0.897229 -0.0585499 0.437665 155.48 0.0887414 0.994857 -0.0488331 -16.5542 -0.432554 0.0826535 0.897811 312.76
0.895946 -0.046765 0.441694 156.635 0.0776158 0.995625 -0.052025 -16.7006 -0.437328 0.080894 0.895656 315.124
0.898109 -0.032506 0.438569 157.777 0.0659686 0.995938 -0.0612743 -16.8717 -0.434795 0.0839628 0.896607 317.495
0.890083 -0.0432395 0.453742 158.963 0.0814326 0.994559 -0.0649654 -17.0518 -0.448463 0.0947739 0.888762 319.842
0.889543 -0.0496727 0.454142 160.147 0.0869587 0.994307 -0.0615746 -17.2228 -0.448497 0.0942648 0.888799 322.186
0.887848 -0.0527313 0.457105 161.339 0.0859019 0.994942 -0.0520738 -17.369 -0.452047 0.0854998 0.887887 324.526
0.885679 -0.0512871 0.461457 162.548 0.0807875 0.995742 -0.0443878 -17.4964 -0.457215 0.0765932 0.886052 326.868
0.883816 -0.0471257 0.465455 163.765 0.0755591 0.99623 -0.0426083 -17.62 -0.461692 0.0728272 0.884046 329.202
0.883903 -0.0434316 0.465648 164.982 0.071904 0.99646 -0.0435486 -17.7465 -0.462108 0.0719748 0.883898 331.535
0.88138 -0.0471301 0.47005 166.215 0.078332 0.995817 -0.0470319 -17.8832 -0.465866 0.0782729 0.881386 333.856
0.877643 -0.0496133 0.47674 167.487 0.0840227 0.995152 -0.0511164 -18.0304 -0.471891 0.0849189 0.877557 336.171
0.878409 -0.0476384 0.475528 168.731 0.0839581 0.994927 -0.055418 -18.1899 -0.470475 0.0886041 0.877954 338.472
0.875335 -0.0487934 0.481049 170.033 0.0855601 0.994826 -0.054782 -18.3458 -0.475886 0.0891112 0.874981 340.773
0.875163 -0.0490768 0.481331 171.329 0.0856104 0.994852 -0.0542224 -18.5008 -0.476192 0.0886604 0.87486 343.071
0.877453 -0.0476935 0.477285 172.603 0.0839213 0.994961 -0.0548598 -18.658 -0.472263 0.0881913 0.877035 345.372
0.874276 -0.049624 0.482886 173.893 0.0867659 0.994716 -0.0548692 -18.8152 -0.477611 0.0898688 0.873963 347.665
0.873617 -0.0502147 0.484015 175.184 0.0879327 0.994577 -0.0555295 -18.9743 -0.478601 0.0910723 0.873296 349.955
0.872753 -0.0508445 0.485506 176.475 0.0894341 0.994381 -0.0566318 -19.1363 -0.479898 0.0928464 0.872398 352.238
0.872816 -0.0515597 0.485318 177.764 0.089819 0.994388 -0.0558913 -19.2964 -0.479712 0.0923736 0.87255 354.522
0.874152 -0.0521158 0.482847 179.042 0.0895432 0.994476 -0.0547719 -19.4546 -0.477325 0.0911147 0.87399 356.809
0.872011 -0.0554345 0.486337 180.337 0.0929035 0.99425 -0.0532494 -19.6093 -0.480588 0.0916165 0.872148 359.091
0.870292 -0.0568183 0.489248 181.639 0.0963278 0.993776 -0.05594 -19.7704 -0.483024 0.0958123 0.870349 361.351
0.869293 -0.0550726 0.491219 182.944 0.0965561 0.993548 -0.059481 -19.9402 -0.484774 0.0991366 0.869003 363.607
0.873563 -0.0488226 0.484256 184.208 0.0899535 0.994011 -0.0620536 -20.1165 -0.478325 0.0977682 0.872724 365.866
0.869979 -0.0542966 0.490089 185.487 0.096355 0.993477 -0.0609775 -20.2891 -0.483581 0.100272 0.869537 368.118
0.872811 -0.0515083 0.485333 186.733 0.0938246 0.993575 -0.0632838 -20.4673 -0.478954 0.100771 0.872037 370.366
0.871655 -0.0489637 0.487667 187.988 0.0916879 0.993722 -0.0641092 -20.6473 -0.481465 0.100594 0.870673 372.62
0.872337 -0.04777 0.486564 189.234 0.0909663 0.993695 -0.0655298 -20.8319 -0.480366 0.101425 0.871184 374.871
0.869747 -0.0524954 0.490697 190.493 0.096285 0.993268 -0.0644013 -21.0121 -0.484013 0.10326 0.868947 377.111
0.870021 -0.0558823 0.489837 191.747 0.0990105 0.993118 -0.0625588 -21.1877 -0.482969 0.102926 0.869567 379.356
0.867431 -0.064849 0.493313 193.015 0.107272 0.992527 -0.0581499 -21.3517 -0.485855 0.103359 0.867906 381.591
0.870144 -0.0655822 0.488413 194.269 0.10518 0.992983 -0.054052 -21.5054 -0.48144 0.0984043 0.870937 383.833
0.87133 -0.0604498 0.486958 195.521 0.10095 0.993238 -0.0573354 -21.6683 -0.480199 0.0991166 0.871542 386.077
0.868519 -0.0563395 0.492443 196.79 0.0998795 0.993031 -0.0625458 -21.8437 -0.485487 0.103507 0.868095 388.31
0.870598 -0.0501767 0.489429 198.035 0.0939305 0.993439 -0.0652357 -22.0259 -0.482944 0.102766 0.8696 390.535
0.876982 -0.0449712 0.478414 199.272 0.0875906 0.993891 -0.0671362 -22.2145 -0.472472 0.100782 0.875565 392.786
0.878101 -0.0484472 0.476015 200.5 0.0915411 0.993493 -0.0677508 -22.4046 -0.469635 0.103067 0.876824 395.036
0.881049 -0.0453421 0.470847 201.714 0.086857 0.993978 -0.0668076 -22.5925 -0.464982 0.0997571 0.879682 397.293
0.882908 -0.0435976 0.467518 202.918 0.0864326 0.993756 -0.0705568 -22.7904 -0.461522 0.102704 0.881164 399.553
0.883435 -0.0399749 0.466845 204.121 0.0825467 0.994048 -0.0710891 -22.9892 -0.461224 0.101339 0.881477 401.812
0.884955 -0.0326896 0.464528 205.314 0.0740516 0.994718 -0.0710729 -23.1892 -0.45975 0.0972954 0.882702 404.079
0.885628 -0.0277321 0.463565 206.512 0.0691618 0.994959 -0.0726096 -23.3911 -0.459214 0.0963662 0.883083 406.353
0.887503 -0.0251919 0.460112 207.694 0.0665679 0.995039 -0.0739218 -23.5977 -0.455966 0.0962345 0.884779 408.634
0.885299 -0.032777 0.463866 208.885 0.0752992 0.994452 -0.0734418 -23.8024 -0.458884 0.0999467 0.882857 410.906
0.885656 -0.0356695 0.46297 210.074 0.0771545 0.994489 -0.070975 -24.0006 -0.457886 0.0985796 0.883528 413.179
0.884339 -0.0350555 0.465526 211.268 0.0759893 0.994687 -0.0694505 -24.1953 -0.460617 0.0967929 0.882305 415.446
0.885017 -0.0330988 0.464379 212.456 0.0752541 0.994522 -0.0725348 -24.3989 -0.459434 0.0991411 0.882661 417.711
0.885045 -0.0318474 0.464414 213.644 0.0747039 0.994443 -0.0741706 -24.6065 -0.45947 0.100338 0.882507 419.976
0.885698 -0.032508 0.463122 214.826 0.0763441 0.994164 -0.0762206 -24.8194 -0.45794 0.102865 0.883011 422.238
0.885929 -0.0342905 0.462551 216.007 0.0776663 0.99415 -0.0750555 -25.0292 -0.45727 0.102418 0.883411 424.501
0.885706 -0.0369906 0.462771 217.187 0.0808772 0.993872 -0.0753492 -25.2397 -0.457147 0.104165 0.88327 426.761
0.887736 -0.0362919 0.458919 218.354 0.0790978 0.994087 -0.0743936 -25.4479 -0.453505 0.102341 0.885358 429.026
0.891 -0.0345779 0.452685 219.505 0.0764739 0.994279 -0.0745732 -25.6563 -0.447515 0.101063 0.888547 431.299
0.887688 -0.0411451 0.458604 220.667 0.0841113 0.99373 -0.0736528 -25.8617 -0.452697 0.103954 0.885584 433.554
0.891317 -0.0362585 0.451927 221.812 0.0776983 0.994266 -0.0734703 -26.0669 -0.446671 0.100599 0.889024 435.818
0.892445 -0.0338975 0.44988 222.952 0.0754994 0.994332 -0.0748501 -26.2754 -0.444793 0.100765 0.889947 438.083
0.887024 -0.042133 0.459796 224.117 0.0868074 0.993287 -0.0764471 -26.4873 -0.453488 0.107724 0.884728 440.331
0.891014 -0.0374135 0.452432 225.266 0.0804286 0.993842 -0.0762099 -26.6986 -0.446794 0.104293 0.888537 442.591
0.889336 -0.0399191 0.455509 226.422 0.0837286 0.993555 -0.0764003 -26.9104 -0.449522 0.106085 0.886947 444.839
0.893173 -0.0363867 0.448238 227.557 0.0790024 0.993916 -0.0767393 -27.1227 -0.442718 0.103953 0.890615 447.091
0.892713 -0.0367053 0.449129 228.7 0.0794037 0.993895 -0.0766003 -27.3341 -0.443574 0.104045 0.890178 449.344
0.894324 -0.035025 0.446047 229.832 0.0779199 0.993889 -0.0781859 -27.5493 -0.440582 0.104679 0.891589 451.598
0.894157 -0.0360125 0.446303 230.968 0.0785715 0.993913 -0.0772165 -27.7613 -0.440805 0.10411 0.891545 453.847
0.896808 -0.0359763 0.440954 232.091 0.077219 0.994118 -0.0759397 -27.9698 -0.435627 0.102153 0.894312 456.1
0.894217 -0.0397655 0.445863 233.223 0.0815908 0.99384 -0.0749992 -28.1751 -0.440133 0.103444 0.891954 458.337
0.892201 -0.0453555 0.449355 234.358 0.0889671 0.993099 -0.0764074 -28.3841 -0.442788 0.108149 0.89008 460.563
0.894229 -0.0417337 0.44566 235.482 0.0848358 0.9934 -0.0771986 -28.5955 -0.439496 0.106841 0.891868 462.794
0.898165 -0.0378076 0.43803 236.587 0.0802251 0.993662 -0.0787328 -28.8103 -0.432276 0.105856 0.895507 465.03
0.897299 -0.0420977 0.43941 237.694 0.0855899 0.993143 -0.079631 -29.0266 -0.433044 0.109062 0.89475 467.261
0.89613 -0.0433541 0.441668 238.807 0.0871345 0.993034 -0.0793169 -29.242 -0.435152 0.109563 0.893666 469.489
0.903412 -0.0352182 0.427323 239.879 0.0772668 0.993677 -0.0814566 -29.4634 -0.421751 0.106607 0.900423 471.731
0.902317 -0.039267 0.429281 240.958 0.0823649 0.9932 -0.0822752 -29.6853 -0.42313 0.109596 0.899416 473.966
0.900801 -0.0418497 0.432209 242.048 0.0851255 0.993051 -0.0812622 -29.904 -0.425804 0.109993 0.898105 476.195
0.902369 -0.0421292 0.4289 243.128 0.0847828 0.993116 -0.0808257 -30.1214 -0.422541 0.109298 0.899729 478.428
0.905216 -0.0408069 0.422988 244.192 0.0823114 0.993365 -0.0803176 -30.3371 -0.416903 0.107521 0.902569 480.665
0.904444 -0.0425573 0.424463 245.259 0.0848977 0.993064 -0.0813337 -30.5553 -0.418057 0.109598 0.901785 482.9
0.904758 -0.0457395 0.423462 246.321 0.0892766 0.992497 -0.0835433 -30.7796 -0.416462 0.113392 0.902054 485.133
0.905787 -0.0454226 0.421291 247.378 0.0879723 0.992733 -0.0821088 -30.9999 -0.414499 0.111435 0.903202 487.369
0.906945 -0.0437883 0.418967 248.431 0.0857806 0.992941 -0.0819135 -31.2199 -0.412422 0.11023 0.9043 489.611
0.9085 -0.0425385 0.415714 249.476 0.0842165 0.993032 -0.0824331 -31.4414 -0.40931 0.1099 0.905752 491.857
0.910697 -0.0410618 0.411027 250.509 0.0824654 0.993089 -0.0835053 -31.6653 -0.404757 0.109944 0.907791 494.107
0.908043 -0.0460856 0.416333 251.558 0.0886948 0.992546 -0.083579 -31.8894 -0.409377 0.11282 0.905363 496.342
0.907616 -0.0476235 0.417091 252.607 0.0900251 0.99251 -0.0825754 -32.1117 -0.410033 0.112495 0.905106 498.581
0.908098 -0.047909 0.416008 253.656 0.0899157 0.99257 -0.0819677 -32.3344 -0.408989 0.11184 0.90566 500.84
0.905125 -0.052288 0.421917 254.717 0.0966274 0.991736 -0.0843861 -32.5631 -0.414018 0.117149 0.902699 503.086
0.907867 -0.0489328 0.416393 255.764 0.0932192 0.991864 -0.086687 -32.7969 -0.408762 0.117516 0.905043 505.336
0.914 -0.0437198 0.40335 256.773 0.0861972 0.992405 -0.0877565 -33.0323 -0.396449 0.114977 0.910828 507.597
0.913386 -0.0477757 0.404279 257.786 0.0898815 0.992248 -0.0858099 -33.2622 -0.397045 0.114715 0.910602 509.856
0.914887 -0.0493243 0.400684 258.789 0.0906255 0.99227 -0.0847779 -33.4894 -0.393404 0.113874 0.912286 512.119
0.910179 -0.0589265 0.410001 259.815 0.102645 0.991042 -0.0854299 -33.7177 -0.401293 0.119841 0.908076 514.371
0.912758 -0.057234 0.404469 260.826 0.100584 0.99114 -0.0867362 -33.9495 -0.395921 0.119853 0.91043 516.63
0.910959 -0.0617135 0.407853 261.846 0.106266 0.990482 -0.0874768 -34.1826 -0.398571 0.123029 0.908848 518.884
0.911698 -0.0629381 0.406011 262.862 0.107011 0.990465 -0.0867556 -34.4138 -0.396679 0.122543 0.909741 521.139
0.916356 -0.0587363 0.396031 263.853 0.100692 0.991195 -0.0859792 -34.6426 -0.387493 0.118665 0.914203 523.406
0.915821 -0.0601917 0.397049 264.847 0.102531 0.990982 -0.0862649 -34.8717 -0.388276 0.119713 0.913734 525.671
0.919123 -0.0574866 0.389752 265.827 0.0987565 0.991329 -0.0866736 -35.0998 -0.381389 0.118154 0.916832 527.943
0.919329 -0.0595413 0.388957 266.803 0.101334 0.990969 -0.0878138 -35.3308 -0.380215 0.120144 0.917062 530.211
0.920457 -0.0626486 0.385788 267.77 0.103709 0.990835 -0.0865384 -35.5584 -0.37683 0.119665 0.91852 532.483
0.915851 -0.0701436 0.395342 268.758 0.113108 0.989818 -0.0864085 -35.7861 -0.385255 0.123854 0.914461 534.737
0.914861 -0.0728966 0.397132 269.75 0.116706 0.989326 -0.0872542 -36.0162 -0.386532 0.126173 0.913605 536.988
0.918888 -0.0677171 0.388662 270.719 0.110515 0.989898 -0.0888112 -36.2497 -0.378721 0.12456 0.91709 539.246
0.921814 -0.0673873 0.381729 271.67 0.109921 0.989792 -0.0907122 -36.4873 -0.371719 0.12558 0.919812 541.509
0.919299 -0.0726655 0.386793 272.635 0.116361 0.989052 -0.0907478 -36.7247 -0.375964 0.128432 0.917691 543.767
0.923071 -0.0690502 0.37838 273.578 0.111309 0.989615 -0.0909491 -36.9628 -0.36817 0.12607 0.921172 546.032
0.92487 -0.069166 0.373939 274.509 0.110967 0.98961 -0.0914125 -37.2016 -0.363731 0.12604 0.922937 548.301
0.919945 -0.0780185 0.384204 275.46 0.123091 0.987922 -0.0941182 -37.4472 -0.37222 0.133876 0.918439 550.549
0.924481 -0.071789 0.374408 276.386 0.115314 0.988761 -0.0951462 -37.695 -0.363368 0.131135 0.92237 552.806
0.924379 -0.0726382 0.374495 277.312 0.116396 0.988595 -0.0955522 -37.9433 -0.363282 0.131916 0.922293 555.062
0.925676 -0.0724024 0.371322 278.231 0.116093 0.988523 -0.0966634 -38.1944 -0.360061 0.132587 0.923459 557.32
0.928038 -0.0700881 0.365832 279.138 0.112844 0.988885 -0.0968057 -38.4443 -0.35498 0.131121 0.925633 559.579
0.928378 -0.0709311 0.364805 280.044 0.113593 0.988798 -0.0968208 -38.6929 -0.35385 0.131326 0.926037 561.834
0.929057 -0.0703533 0.363184 280.944 0.113477 0.988618 -0.0987776 -38.9464 -0.3521 0.132983 0.926467 564.088
0.927924 -0.0730214 0.365546 281.849 0.117717 0.987847 -0.101489 -39.2062 -0.353692 0.137205 0.925244 566.336
0.929484 -0.074201 0.361321 282.745 0.118081 0.987865 -0.10089 -39.4637 -0.34945 0.136441 0.926967 568.588
0.93227 -0.0722485 0.354474 283.625 0.114617 0.988363 -0.0999978 -39.7206 -0.343124 0.133854 0.929704 570.853
0.930793 -0.0754501 0.357673 284.512 0.118273 0.987996 -0.0993725 -39.9758 -0.345881 0.134798 0.928545 573.114
0.930788 -0.0760406 0.357562 285.397 0.119698 0.987601 -0.101564 -40.2367 -0.345405 0.137334 0.928351 575.373
0.930192 -0.0769084 0.358924 286.287 0.12176 0.987091 -0.104046 -40.5045 -0.346288 0.140485 0.92755 577.638
0.931192 -0.0759923 0.356519 287.159 0.121477 0.986815 -0.106946 -40.7807 -0.343691 0.142896 0.928147 579.906
0.931624 -0.0775553 0.355052 288.028 0.122957 0.986614 -0.107118 -41.0569 -0.341991 0.14345 0.928689 582.175
0.932462 -0.0772903 0.352902 288.892 0.122254 0.986722 -0.106923 -41.3325 -0.339951 0.142846 0.929531 584.445
0.937521 -0.0720406 0.340388 289.726 0.114657 0.987651 -0.106766 -41.6053 -0.328492 0.139123 0.934204 586.716
0.934132 -0.0786014 0.348164 290.58 0.122933 0.986619 -0.107093 -41.8782 -0.335086 0.14284 0.931297 588.974
0.934014 -0.0801292 0.348133 291.433 0.124863 0.986279 -0.107987 -42.1534 -0.334703 0.144331 0.931205 591.231
0.937921 -0.0763526 0.338339 292.261 0.11988 0.986714 -0.109652 -42.4329 -0.325471 0.143405 0.934614 593.497
0.935838 -0.0815675 0.34286 293.101 0.126291 0.985856 -0.110172 -42.7147 -0.329023 0.146403 0.932904 595.75
0.93621 -0.0832148 0.341446 293.937 0.127936 0.985597 -0.110585 -42.9977 -0.327325 0.147214 0.933373 598.005
0.934628 -0.0870525 0.344806 294.778 0.132856 0.984846 -0.111476 -43.2832 -0.329876 0.149998 0.932031 600.252
0.937213 -0.0843369 0.338405 295.602 0.129411 0.985144 -0.112888 -43.5724 -0.323855 0.149594 0.934205 602.505
0.938013 -0.0837964 0.336318 296.422 0.128713 0.985161 -0.113529 -43.8626 -0.321813 0.14978 0.934881 604.759
0.940832 -0.0820027 0.3288 297.22 0.125954 0.985388 -0.114649 -44.1549 -0.314593 0.149279 0.937415 607.018
0.943282 -0.0813092 0.32188 298.003 0.123972 0.985678 -0.114316 -44.4458 -0.307974 0.147737 0.939854 609.278
0.942754 -0.0850605 0.322459 298.786 0.128467 0.984932 -0.11578 -44.7396 -0.307751 0.150577 0.939476 611.535
0.941632 -0.0876466 0.325032 299.576 0.131832 0.984405 -0.116472 -45.0353 -0.309754 0.152523 0.938504 613.792
0.943058 -0.0877428 0.320846 300.356 0.131338 0.984429 -0.116825 -45.332 -0.305599 0.152312 0.939899 616.052
0.945012 -0.087762 0.315039 301.118 0.130722 0.984384 -0.117897 -45.6322 -0.299771 0.152597 0.941728 618.316
0.943262 -0.0928919 0.318791 301.886 0.136538 0.983656 -0.117374 -45.93 -0.302676 0.154241 0.94053 620.573
0.946017 -0.0904344 0.311244 302.64 0.132548 0.984259 -0.116893 -46.2262 -0.295772 0.151837 0.943114 622.83
0.946511 -0.0922868 0.309192 303.389 0.134532 0.983836 -0.118181 -46.5256 -0.293287 0.153456 0.943628 625.087
0.94642 -0.0946493 0.308755 304.137 0.136818 0.983558 -0.117875 -46.8238 -0.29252 0.153802 0.94381 627.344
0.94619 -0.0978416 0.308466 304.884 0.140649 0.982797 -0.119697 -47.1264 -0.291447 0.156642 0.943675 629.601
0.946466 -0.09848 0.307413 305.633 0.141509 0.982523 -0.120928 -47.4326 -0.29013 0.157956 0.943861 631.861
0.948346 -0.0983733 0.301598 306.367 0.140738 0.982491 -0.122075 -47.7412 -0.284308 0.158216 0.945588 634.124
0.946497 -0.103465 0.305677 307.111 0.14693 0.981502 -0.122734 -48.0512 -0.287323 0.16108 0.944192 636.384
0.95066 -0.0980819 0.29432 307.835 0.139507 0.982529 -0.123184 -48.3596 -0.277094 0.158166 0.947735 638.65
0.948767 -0.102764 0.298797 308.569 0.145638 0.981421 -0.124907 -48.6714 -0.280408 0.162024 0.946107 640.91
0.948183 -0.104257 0.300131 309.304 0.14745 0.981137 -0.125007 -48.9855 -0.281435 0.162784 0.945672 643.18
0.95152 -0.10012 0.290836 310.017 0.141867 0.981813 -0.126155 -49.3015 -0.272915 0.161299 0.94842 645.455
