1 0 0 0 0 1 0 0 0 0 1 0
0.999968 -0.00382068 -0.00709244 0.175181 0.0038781 0.99996 0.00810033 -0.0599244 0.0070612 -0.00812757 0.999942 -0.122605
0.99989 -0.0037696 -0.0143139 0.348445 0.00396268 0.999901 0.0134843 -0.118282 0.0142617 -0.0135396 0.999807 -0.250064
0.999822 -0.00749857 -0.0173288 0.52628 0.00782863 0.999788 0.0190581 -0.17785 0.0171822 -0.0191904 0.999668 -0.377762
0.999614 -0.00550097 -0.027215 0.70585 0.00615573 0.999692 0.0240339 -0.236732 0.0270744 -0.0241922 0.999341 -0.51223
0.999373 -0.00425521 -0.035141 0.891211 0.00526663 0.999573 0.0287394 -0.296088 0.0350037 -0.0289065 0.998969 -0.656026
0.999064 -0.00401941 -0.0430674 1.08361 0.00544718 0.999438 0.0330861 -0.35582 0.0429102 -0.0332897 0.998524 -0.816038
0.998645 -0.00485601 -0.0518072 1.27856 0.00676325 0.999303 0.0367025 -0.415798 0.0515929 -0.0370032 0.997983 -0.986291
0.997872 0.000347643 -0.0652102 1.48117 0.00226592 0.999197 0.0400009 -0.478503 0.0651717 -0.0400635 0.99707 -1.17119
0.997384 8.91391e-05 -0.0722893 1.69743 0.00307933 0.999039 0.0437177 -0.541795 0.0722238 -0.043826 0.996425 -1.3676
0.996532 0.00652197 -0.0829584 1.91688 -0.0026921 0.998929 0.0461945 -0.60964 0.0831708 -0.045811 0.995482 -1.57274
0.995565 0.0159859 -0.0927127 2.14626 -0.0114201 0.998705 0.0495694 -0.681165 0.093385 -0.0482908 0.994458 -1.78003
0.994768 0.0226561 -0.0996139 2.3832 -0.0172773 0.998362 0.0545321 -0.755596 0.100686 -0.0525257 0.993531 -1.99147
0.993609 0.0318786 -0.108281 2.62503 -0.0254515 0.99786 0.0602282 -0.832009 0.109969 -0.0570874 0.992294 -2.20367
0.992841 0.0388629 -0.112947 2.87743 -0.0318307 0.99748 0.0634111 -0.910725 0.115127 -0.0593619 0.991576 -2.43063
0.992015 0.0439541 -0.118209 3.13712 -0.036128 0.997061 0.0675533 -0.989317 0.12083 -0.0627433 0.990688 -2.66705
0.990385 0.0507888 -0.128675 3.41601 -0.0417064 0.996509 0.0723228 -1.07438 0.131899 -0.0662609 0.989046 -2.91732
0.989603 0.056089 -0.13244 3.70786 -0.0461892 0.995985 0.0766751 -1.15934 0.136209 -0.0697606 0.988221 -3.1714
0.990983 0.0584396 -0.120571 4.01204 -0.0492824 0.995767 0.0775826 -1.24469 0.124594 -0.0709411 0.989669 -3.4458
0.988701 0.0621835 -0.136396 4.31919 -0.0513131 0.995325 0.0818175 -1.32842 0.140846 -0.0738942 0.98727 -3.71158
0.986944 0.0635754 -0.147986 4.637 -0.0511902 0.994975 0.0860488 -1.41298 0.152713 -0.0773499 0.985239 -3.9848
0.98589 0.0645347 -0.154452 4.96075 -0.0505525 0.9944 0.0928061 -1.49747 0.159576 -0.0836887 0.983632 -4.26904
0.986881 0.067871 -0.14649 5.30365 -0.0542149 0.993972 0.0952844 -1.58574 0.152074 -0.0860924 0.984613 -4.58787
0.985748 0.0663792 -0.154577 5.65623 -0.0513469 0.993733 0.0992911 -1.67247 0.160199 -0.089939 0.982979 -4.92143
0.987761 0.0637142 -0.142366 6.0202 -0.0498171 0.993826 0.099135 -1.75877 0.147803 -0.0908295 0.984837 -5.28033
0.987496 0.0650564 -0.143593 6.39001 -0.0507269 0.993562 0.101293 -1.84364 0.149258 -0.0927426 0.98444 -5.65156
0.986886 0.0631953 -0.148533 6.76812 -0.0479601 0.99342 0.104007 -1.9262 0.154128 -0.095519 0.983423 -6.02975
0.988027 0.0715542 -0.13668 7.16352 -0.0574603 0.992872 0.104417 -2.01804 0.143178 -0.0953134 0.985097 -6.435
0.989191 0.0727101 -0.127334 7.57203 -0.0591918 0.992505 0.106909 -2.10926 0.134153 -0.0982164 0.986082 -6.85001
0.988681 0.0743729 -0.130301 7.9875 -0.0601355 0.992112 0.109987 -2.20208 0.137453 -0.100906 0.985355 -7.27406
0.990791 0.0717242 -0.114842 8.41309 -0.0589246 0.992048 0.111212 -2.29861 0.121906 -0.103421 0.987139 -7.7276
0.990467 0.0716579 -0.117642 8.84216 -0.0581915 0.991756 0.114164 -2.39688 0.124853 -0.10623 0.986472 -8.19416
0.991098 0.0735964 -0.110942 9.27425 -0.0609315 0.991666 0.113519 -2.49668 0.118371 -0.105748 0.987323 -8.67624
0.991915 0.0751751 -0.102239 9.71165 -0.0635649 0.991625 0.112427 -2.59831 0.109835 -0.10502 0.988386 -9.17195
0.992161 0.0776107 -0.0979378 10.1586 -0.0662715 0.991251 0.11415 -2.70554 0.10594 -0.106765 0.988624 -9.68663
0.994001 0.0814615 -0.0729788 10.6006 -0.0730661 0.991116 0.111128 -2.81492 0.0813831 -0.105129 0.991123 -10.2181
0.993883 0.0833216 -0.0724887 11.0403 -0.0748606 0.990828 0.112497 -2.92414 0.0811972 -0.106382 0.991005 -10.7482
0.994899 0.0891205 -0.0472606 11.4795 -0.0835048 0.990439 0.109808 -3.0403 0.0565948 -0.105302 0.992829 -11.3039
0.995571 0.0916268 -0.0210577 11.9078 -0.0888114 0.990055 0.109106 -3.16027 0.0308452 -0.106752 0.993807 -11.8757
0.995052 0.099347 0.00129404 12.33 -0.0989026 0.989191 0.108259 -3.28838 0.00947508 -0.107851 0.994122 -12.47
0.993629 0.103773 0.0439593 12.734 -0.107875 0.988665 0.104427 -3.42173 -0.0326244 -0.108504 0.99356 -13.0901
0.991076 0.108606 0.0772857 13.1308 -0.116308 0.987823 0.103332 -3.56079 -0.0651223 -0.111398 0.99164 -13.7356
0.985986 0.112938 0.122785 13.5164 -0.125649 0.986896 0.101232 -3.70939 -0.109743 -0.115241 0.987257 -14.4178
0.976558 0.112415 0.183565 13.863 -0.131795 0.98652 0.097 -3.85954 -0.170187 -0.118919 0.97821 -15.1266
0.974073 0.118438 0.192754 14.2183 -0.139234 0.985385 0.0981385 -4.0178 -0.178313 -0.122432 0.976327 -15.8653
0.963868 0.118034 0.238803 14.5661 -0.143872 0.985143 0.0937744 -4.18728 -0.224187 -0.124743 0.96653 -16.6699
0.959484 0.117936 0.255892 14.9106 -0.146018 0.984843 0.0936064 -4.36634 -0.240974 -0.127179 0.962163 -17.5145
0.957369 0.120473 0.262547 15.2449 -0.150347 0.983886 0.0967701 -4.54515 -0.246658 -0.132118 0.960054 -18.3498
0.95092 0.117502 0.286259 15.5608 -0.150424 0.983969 0.0957983 -4.72436 -0.270413 -0.134157 0.953351 -19.1955
0.943895 0.109559 0.311541 15.8561 -0.145677 0.984755 0.0950583 -4.89972 -0.296377 -0.135109 0.945466 -20.0516
0.939386 0.106231 0.325989 16.1378 -0.144277 0.984988 0.0947743 -5.07229 -0.311027 -0.136062 0.940611 -20.9112
0.926431 0.0994076 0.363103 16.3884 -0.141774 0.985625 0.0918895 -5.23702 -0.348749 -0.136608 0.927207 -21.7803
0.910464 0.0947982 0.402578 16.6019 -0.143473 0.985326 0.0924547 -5.40091 -0.387906 -0.141936 0.910705 -22.6583
0.891233 0.0930927 0.443889 16.778 -0.148131 0.984783 0.0908863 -5.56284 -0.428674 -0.146755 0.891461 -23.5431
0.868406 0.0909082 0.48745 16.9165 -0.15114 0.984799 0.0855974 -5.7191 -0.472259 -0.148006 0.868945 -24.4306
0.847954 0.0952806 0.521436 17.0198 -0.158203 0.984369 0.0773973 -5.87214 -0.50591 -0.148122 0.849773 -25.3228
0.829513 0.092151 0.550833 17.1031 -0.152518 0.986181 0.0646992 -6.00882 -0.537258 -0.137681 0.832104 -26.2049
0.864337 0.0859581 0.495512 17.2579 -0.139357 0.987639 0.071755 -6.14018 -0.483219 -0.131073 0.865632 -27.0515
0.904472 0.0825174 0.418475 17.4904 -0.131538 0.987251 0.0896283 -6.27725 -0.405745 -0.136112 0.903795 -27.8718
0.938457 0.0772503 0.336645 17.7998 -0.120204 0.986786 0.108651 -6.41943 -0.323803 -0.142431 0.935342 -28.662
0.961771 0.0734418 0.263822 18.1768 -0.108955 0.986458 0.122594 -6.56497 -0.251246 -0.146652 0.956749 -29.4085
0.978211 0.079862 0.191636 18.6117 -0.106009 0.985789 0.130312 -6.71244 -0.178506 -0.147788 0.972776 -30.1121
0.989833 0.0846707 0.114286 19.1017 -0.0999684 0.985715 0.135544 -6.85952 -0.101177 -0.145591 0.984158 -30.7758
0.995039 0.0875258 0.0472796 19.6356 -0.0935353 0.984988 0.145083 -7.00578 -0.0338716 -0.148786 0.988289 -31.3908
0.99592 0.0855466 -0.0287012 20.2153 -0.0799758 0.984157 0.158237 -7.14752 0.0417829 -0.155296 0.986984 -31.9479
0.993726 0.0873491 -0.0698501 20.818 -0.0749382 0.983622 0.163929 -7.29128 0.083025 -0.157666 0.983996 -32.4686
0.986314 0.0923153 -0.136609 21.4512 -0.0682335 0.982817 0.171507 -7.43527 0.150094 -0.159838 0.975666 -32.9398
0.972651 0.092261 -0.213158 22.1149 -0.0540785 0.982458 0.178473 -7.57087 0.225885 -0.162065 0.960578 -33.3481
0.972487 0.105608 -0.207641 22.7827 -0.0678996 0.981136 0.181004 -7.71644 0.22284 -0.161925 0.961313 -33.7373
0.973618 0.107377 -0.201339 23.4515 -0.0707694 0.980946 0.180933 -7.86206 0.216931 -0.161911 0.962666 -34.1124
0.970679 0.127764 -0.203611 24.1233 -0.0911547 0.979431 0.180017 -8.01911 0.222422 -0.156179 0.96236 -34.4572
0.961162 0.136538 -0.239842 24.8009 -0.0943748 0.979262 0.179273 -8.1773 0.259346 -0.149675 0.954116 -34.7613
0.957277 0.144791 -0.250311 25.4808 -0.102345 0.979229 0.175029 -8.33459 0.270454 -0.141934 0.952213 -35.0453
0.94665 0.147774 -0.286386 26.1666 -0.0995856 0.979315 0.176141 -8.49138 0.306491 -0.138224 0.941784 -35.2933
0.928487 0.152196 -0.338746 26.8565 -0.0918466 0.977936 0.187633 -8.64607 0.359828 -0.143102 0.921979 -35.485
0.912442 0.155573 -0.378479 27.5434 -0.084567 0.976635 0.197568 -8.79758 0.400372 -0.148262 0.904279 -35.6248
0.879112 0.162047 -0.448221 28.2268 -0.0735121 0.975274 0.208413 -8.9456 0.470911 -0.150269 0.869288 -35.7002
0.846788 0.164191 -0.505955 28.9074 -0.060652 0.974769 0.214819 -9.08495 0.52846 -0.151219 0.835381 -35.7191
0.801098 0.161292 -0.576391 29.5871 -0.0380793 0.97479 0.219851 -9.21329 0.597321 -0.154174 0.787044 -35.6751
0.7835 0.16958 -0.597804 30.2075 -0.0388732 0.973534 0.225214 -9.3304 0.620174 -0.153217 0.769355 -35.5584
0.764608 0.174731 -0.620358 30.7654 -0.0356002 0.972529 0.230045 -9.43156 0.643512 -0.15381 0.749823 -35.371
0.779809 0.17475 -0.601133 30.3781 -0.0402628 0.972261 0.230408 -9.24398 0.624721 -0.155471 0.765213 -34.4959
0.797088 0.173703 -0.57834 29.969 -0.0440955 0.971921 0.231141 -9.06399 0.60225 -0.158738 0.782366 -33.69
0.815106 0.167378 -0.554605 29.5432 -0.0428169 0.97214 0.230459 -8.87601 0.577727 -0.164102 0.799563 -32.8583
0.831362 0.164452 -0.530842 29.1065 -0.0478498 0.972848 0.226444 -8.68394 0.553667 -0.162856 0.816658 -32.0102
0.846608 0.161913 -0.50699 28.6615 -0.0538079 0.973759 0.221128 -8.48699 0.52949 -0.159929 0.833104 -31.1442
0.86078 0.154828 -0.484856 28.2441 -0.0535792 0.974881 0.216185 -8.29998 0.506149 -0.16011 0.847454 -30.3011
0.871761 0.15484 -0.46482 27.8515 -0.0573837 0.974484 0.216997 -8.11467 0.486559 -0.162497 0.858402 -29.4712
0.881555 0.155529 -0.445725 27.4211 -0.0607412 0.973693 0.219621 -7.91469 0.468157 -0.166534 0.867811 -28.5819
0.889527 0.157035 -0.429047 26.9973 -0.0653146 0.973138 0.220762 -7.70415 0.452189 -0.168351 0.87589 -27.7074
0.896497 0.154669 -0.415175 26.5944 -0.0676104 0.973869 0.216812 -7.5036 0.437861 -0.166302 0.883528 -26.8333
0.902692 0.15222 -0.402464 26.2035 -0.0698168 0.974756 0.212079 -7.31605 0.424586 -0.163343 0.890531 -25.9429
0.907988 0.148036 -0.391972 25.8141 -0.0692108 0.975646 0.208147 -7.14918 0.413239 -0.161866 0.896121 -25.039
0.912127 0.142661 -0.384281 25.4455 -0.0654046 0.976124 0.207133 -6.99594 0.404656 -0.163798 0.89968 -24.1271
0.915174 0.136282 -0.37932 25.0845 -0.0606874 0.976966 0.204584 -6.84332 0.398464 -0.16421 0.902364 -23.2246
0.916886 0.133026 -0.37633 24.7079 -0.0588276 0.977571 0.202226 -6.6833 0.39479 -0.16328 0.904146 -22.3144
0.918205 0.130095 -0.374133 24.3373 -0.0569556 0.978074 0.200318 -6.52035 0.39199 -0.162624 0.905481 -21.3936
0.918838 0.1301 -0.372573 23.9615 -0.0579511 0.978343 0.198712 -6.35716 0.390356 -0.160994 0.906478 -20.4622
0.919832 0.128293 -0.370743 23.6131 -0.0572967 0.978817 0.196557 -6.19936 0.388107 -0.159557 0.907697 -19.5562
0.920158 0.126945 -0.370397 23.2675 -0.0563429 0.979067 0.195583 -6.06399 0.387472 -0.159098 0.908049 -18.6256
0.921057 0.125157 -0.368768 22.9237 -0.0542516 0.978952 0.196747 -5.92553 0.385631 -0.161209 0.90846 -17.7173
0.921576 0.125837 -0.367238 22.5584 -0.0539133 0.978324 0.199937 -5.76325 0.384437 -0.164458 0.908384 -16.7827
0.921968 0.12783 -0.36556 22.1898 -0.055502 0.977823 0.201946 -5.59313 0.383268 -0.165899 0.908616 -15.8341
0.922434 0.127944 -0.364344 21.8165 -0.0557877 0.977772 0.202114 -5.41052 0.382104 -0.166111 0.909067 -14.8827
0.922955 0.128899 -0.362685 21.4287 -0.0577618 0.977973 0.200582 -5.21278 0.38055 -0.164178 0.910069 -13.9186
0.9236 0.131013 -0.360277 21.0402 -0.0612793 0.978161 0.198609 -5.00787 0.378429 -0.161357 0.911457 -12.9565
0.924067 0.131516 -0.358892 20.6622 -0.0637092 0.978802 0.194646 -4.81359 0.376883 -0.157001 0.912858 -12.0019
0.924242 0.133038 -0.35788 20.2846 -0.0672505 0.9794 0.190403 -4.62417 0.375838 -0.151911 0.914149 -11.0463
0.924573 0.134571 -0.356448 19.9057 -0.0701324 0.979672 0.187945 -4.42336 0.374494 -0.14877 0.915217 -10.0581
0.925337 0.136362 -0.353774 19.5299 -0.0721477 0.979365 0.188785 -4.22147 0.372217 -0.149166 0.916081 -9.06895
0.925789 0.140896 -0.350804 19.1571 -0.0762802 0.978487 0.191689 -4.01616 0.370265 -0.150704 0.91662 -8.08004
0.926488 0.142534 -0.348288 18.7786 -0.0781593 0.978198 0.192406 -3.80684 0.368119 -0.151039 0.917428 -7.09891
0.926866 0.143062 -0.347064 18.4014 -0.0795377 0.978385 0.190884 -3.59919 0.36687 -0.149319 0.91821 -6.11699
0.92759 0.140415 -0.346209 18.0187 -0.0780175 0.979055 0.188053 -3.39078 0.365363 -0.147425 0.919116 -5.12193
0.927982 0.138442 -0.345954 17.6369 -0.0771992 0.979706 0.184976 -3.18576 0.364542 -0.144947 0.919837 -4.12691
0.928096 0.139331 -0.345289 17.2558 -0.078759 0.979825 0.183683 -2.98233 0.363916 -0.143281 0.920345 -3.13154
0.927682 0.141912 -0.345351 16.8748 -0.0813734 0.979564 0.183939 -2.77876 0.364396 -0.142534 0.920271 -2.13824
0.927293 0.146121 -0.344639 16.4979 -0.0862885 0.979311 0.183042 -2.57833 0.364255 -0.139995 0.920717 -1.14774
0.926611 0.149112 -0.345193 16.1073 -0.0901637 0.979339 0.181014 -2.36927 0.365053 -0.136606 0.92091 -0.126267
0.925996 0.15336 -0.344982 15.7187 -0.0952253 0.97911 0.179655 -2.16372 0.365327 -0.133509 0.921255 0.893373
0.925557 0.156489 -0.344756 15.3325 -0.0988036 0.978864 0.179062 -1.96023 0.36549 -0.131669 0.921455 1.9109
0.925717 0.158472 -0.343418 14.9394 -0.0993796 0.977999 0.183415 -1.7454 0.364929 -0.135661 0.921099 2.94021
0.926547 0.159592 -0.340647 14.5494 -0.0980295 0.976694 0.190942 -1.53138 0.363181 -0.143524 0.920598 3.94869
0.927646 0.157055 -0.338833 14.1599 -0.0937266 0.976143 0.195859 -1.3128 0.36151 -0.14993 0.920234 4.97345
0.929276 0.148679 -0.338143 13.7797 -0.085755 0.977243 0.194017 -1.10515 0.359295 -0.151298 0.920878 5.97331
0.930178 0.141875 -0.338587 13.3941 -0.080406 0.978645 0.189179 -0.893294 0.358196 -0.148746 0.921721 6.9975
0.930607 0.137154 -0.339353 13.0096 -0.07736 0.979897 0.183895 -0.685885 0.357753 -0.144881 0.922509 8.03327
0.930725 0.1352 -0.339811 12.6378 -0.0769237 0.980743 0.179516 -0.492656 0.357538 -0.140941 0.923202 9.04908
0.930113 0.138674 -0.340087 12.2517 -0.0796857 0.980116 0.181719 -0.288239 0.358525 -0.141919 0.922669 10.0903
0.929937 0.141442 -0.339429 11.8731 -0.0813478 0.979324 0.185219 -0.0962423 0.358609 -0.14463 0.922215 11.0833
0.929437 0.144353 -0.339572 11.488 -0.0836147 0.978755 0.187211 0.109263 0.359382 -0.145607 0.921761 12.1215
0.928911 0.147385 -0.339709 11.1029 -0.0869158 0.978531 0.186876 0.307585 0.359958 -0.144065 0.921778 13.1408
0.928882 0.146233 -0.340286 10.7111 -0.087667 0.979456 0.181603 0.521796 0.359852 -0.138855 0.922619 14.1814
0.928821 0.146175 -0.340478 10.3158 -0.08889 0.979966 0.17823 0.726616 0.35971 -0.135279 0.923205 15.2193
0.928844 0.145902 -0.340532 9.91899 -0.0882336 0.979856 0.179155 0.93154 0.359812 -0.136361 0.923006 16.281
0.928906 0.147728 -0.339574 9.52024 -0.0878815 0.978728 0.185386 1.13852 0.359738 -0.142364 0.922128 17.3226
0.928711 0.149719 -0.339235 9.14409 -0.0896167 0.978368 0.186455 1.33769 0.359812 -0.142762 0.922038 18.3677
0.928096 0.153228 -0.339349 8.76744 -0.0943905 0.978449 0.183653 1.53336 0.360177 -0.138416 0.922558 19.4108
0.927791 0.152317 -0.340594 8.37286 -0.0942644 0.978952 0.181016 1.73915 0.360997 -0.135839 0.92262 20.4938
0.9277 0.152893 -0.340583 7.96348 -0.0947203 0.978835 0.18141 1.95122 0.361111 -0.136033 0.922547 21.5909
0.927728 0.154093 -0.339966 7.55734 -0.0948129 0.978219 0.184655 2.16104 0.361015 -0.139076 0.922131 22.6727
0.927708 0.153394 -0.340335 7.14056 -0.0935874 0.97813 0.185752 2.37838 0.361385 -0.140472 0.921774 23.7742
0.927818 0.151794 -0.340753 6.72092 -0.0919055 0.978324 0.185566 2.59948 0.361534 -0.140854 0.921658 24.8902
0.927981 0.149212 -0.341448 6.30036 -0.0890904 0.978594 0.185515 2.82063 0.361821 -0.141734 0.92141 26.006
0.927672 0.149919 -0.341978 5.89238 -0.0896565 0.978498 0.185752 3.03417 0.362472 -0.141657 0.921166 27.103
0.927572 0.148529 -0.342855 5.47368 -0.0882086 0.978706 0.185345 3.25293 0.363083 -0.141678 0.920922 28.2193
0.927145 0.149643 -0.343525 5.0545 -0.0885539 0.978328 0.187171 3.47333 0.364089 -0.143114 0.920303 29.3346
0.926323 0.151342 -0.344995 4.62379 -0.0897103 0.978031 0.188168 3.70101 0.365893 -0.143354 0.91955 30.4743
0.926272 0.1509 -0.345325 4.2192 -0.0888597 0.97795 0.188993 3.90714 0.366229 -0.144373 0.919256 31.5492
0.92552 0.152009 -0.346852 3.77138 -0.0900362 0.977966 0.18835 4.13645 0.36784 -0.143092 0.918813 32.6828
0.92556 0.149632 -0.347778 3.34249 -0.0883566 0.978589 0.185892 4.34925 0.368147 -0.141325 0.918964 33.7887
0.924957 0.153505 -0.347694 2.89089 -0.0922131 0.978114 0.186521 4.58445 0.368717 -0.140462 0.918868 34.9175
0.924545 0.157078 -0.347193 2.4265 -0.0960429 0.977731 0.186593 4.82111 0.368771 -0.139168 0.919043 36.0382
0.924353 0.160004 -0.346369 1.97051 -0.100079 0.977711 0.18457 5.05703 0.368181 -0.135944 0.919762 37.1574
0.92424 0.162735 -0.345397 1.52286 -0.103192 0.977421 0.184388 5.29468 0.367605 -0.134776 0.920164 38.2856
0.924518 0.16565 -0.343259 1.07572 -0.106302 0.976945 0.185145 5.53619 0.366014 -0.13468 0.920812 39.4219
0.924863 0.167635 -0.34136 0.62668 -0.108831 0.976733 0.184793 5.7778 0.364395 -0.133757 0.921588 40.5696
0.925078 0.170465 -0.339371 0.178786 -0.112478 0.97649 0.183888 6.02255 0.362739 -0.131939 0.922503 41.7303
0.925587 0.170559 -0.337935 -0.264406 -0.113365 0.976661 0.182429 6.26487 0.361163 -0.130544 0.92332 42.89
0.926263 0.171166 -0.335766 -0.70475 -0.114299 0.976538 0.182508 6.50565 0.359128 -0.130673 0.924095 44.0624
0.926873 0.176076 -0.331517 -1.13157 -0.119113 0.975479 0.185077 6.74075 0.355975 -0.132055 0.925118 45.2159
0.927796 0.177171 -0.328338 -1.55273 -0.121082 0.975405 0.184183 6.97608 0.352895 -0.131128 0.926429 46.3697
0.928561 0.180712 -0.324218 -1.96636 -0.128353 0.975922 0.176353 7.19677 0.348281 -0.12214 0.929399 47.5215
0.930954 0.178774 -0.318379 -2.37481 -0.12871 0.976645 0.172042 7.41502 0.3417 -0.119184 0.932221 48.6848
0.93403 0.178635 -0.309317 -2.78042 -0.128876 0.976171 0.17459 7.64179 0.333134 -0.123208 0.934794 49.8879
0.937667 0.178274 -0.298327 -3.15883 -0.129983 0.976005 0.174694 7.85355 0.322312 -0.125027 0.93834 51.0614
0.941371 0.179067 -0.28593 -3.4992 -0.133678 0.976125 0.171201 8.04541 0.30976 -0.122941 0.942833 52.1737
0.945463 0.17822 -0.272648 -3.83299 -0.135352 0.976309 0.168818 8.24526 0.296276 -0.122708 0.947187 53.3176
0.949245 0.179742 -0.258122 -4.15552 -0.13905 0.975896 0.168204 8.44742 0.282134 -0.123775 0.951357 54.4763
0.953648 0.177246 -0.243189 -4.4673 -0.13973 0.976547 0.163804 8.65256 0.266519 -0.12223 0.956048 55.6452
0.957114 0.17767 -0.228837 -4.74703 -0.143731 0.977018 0.157404 8.84499 0.251544 -0.117763 0.960654 56.8009
0.96012 0.178609 -0.215103 -5.01001 -0.1481 0.977444 0.150562 9.03036 0.237143 -0.112701 0.964915 57.9596
0.962756 0.182531 -0.199458 -5.26239 -0.154409 0.976773 0.148567 9.21545 0.221943 -0.112236 0.968578 59.1431
0.964745 0.188368 -0.183807 -5.50154 -0.162013 0.975432 0.149281 9.40465 0.207411 -0.114239 0.97156 60.3408
0.966731 0.192609 -0.168327 -5.71317 -0.168341 0.974512 0.148283 9.58796 0.192598 -0.115013 0.974514 61.5339
0.968803 0.194138 -0.15405 -5.91684 -0.172567 0.974573 0.142928 9.76856 0.17788 -0.111885 0.977671 62.746
0.970961 0.193776 -0.140309 -6.08821 -0.174715 0.974978 0.13745 9.93726 0.163433 -0.108944 0.98052 63.9431
0.972851 0.193281 -0.127293 -6.24527 -0.176451 0.97536 0.132431 10.0999 0.149753 -0.106375 0.982984 65.1426
0.974865 0.191728 -0.113485 -6.3844 -0.17681 0.975684 0.129529 10.2578 0.13556 -0.106207 0.98506 66.3441
0.976192 0.192896 -0.0992015 -6.50575 -0.179768 0.975394 0.127628 10.413 0.12138 -0.106756 0.986848 67.5455
0.977216 0.194781 -0.0843218 -6.60967 -0.183554 0.975023 0.125054 10.5606 0.106574 -0.106727 0.98856 68.7398
0.97791 0.197018 -0.0698272 -6.69988 -0.187879 0.974897 0.119488 10.7065 0.0916157 -0.103729 0.990377 69.9601
0.978905 0.196885 -0.0546048 -6.77217 -0.1898 0.975215 0.113713 10.8417 0.07564 -0.10095 0.992012 71.1549
0.979612 0.197079 -0.038999 -6.82252 -0.191926 0.975419 0.108266 10.9668 0.0593775 -0.0985734 0.993357 72.3351
0.980387 0.195665 -0.0236147 -6.85904 -0.192298 0.97593 0.102865 11.0865 0.0431736 -0.0963065 0.994415 73.5253
0.980425 0.196691 -0.0089567 -6.8725 -0.194962 0.976155 0.095455 11.1995 0.0275184 -0.0918402 0.995393 74.7316
0.980404 0.196879 0.0068677 -6.86657 -0.196697 0.976381 0.0893833 11.3052 0.0108923 -0.0889825 0.995973 75.9382
0.979712 0.199096 0.0229097 -6.83864 -0.200348 0.975822 0.0873642 11.4079 -0.00496178 -0.0901816 0.995913 77.1415
0.978452 0.202405 0.0407986 -6.78777 -0.20525 0.974963 0.0855496 11.5077 -0.0224613 -0.09208 0.995498 78.3438
0.977164 0.204533 0.0575926 -6.72141 -0.208763 0.974623 0.0807903 11.6037 -0.0396066 -0.0909685 0.995066 79.5617
0.97542 0.207177 0.0750533 -6.64325 -0.212782 0.974102 0.0764814 11.7031 -0.0572641 -0.0905714 0.994242 80.8106
0.973313 0.209535 0.0935837 -6.53881 -0.216504 0.973641 0.0717509 11.7871 -0.0760825 -0.0900973 0.993022 82.0025
0.970813 0.212584 0.111042 -6.41323 -0.220654 0.973105 0.0661634 11.8659 -0.0939904 -0.0887341 0.991611 83.2081
0.968239 0.214391 0.128644 -6.26379 -0.223571 0.97274 0.0615911 11.9439 -0.111933 -0.088396 0.989776 84.4378
0.965352 0.215637 0.146959 -6.09157 -0.226143 0.972318 0.0587907 12.0186 -0.130213 -0.0899873 0.987394 85.6647
0.962375 0.215688 0.165267 -5.89361 -0.22767 0.972061 0.0571333 12.0937 -0.148327 -0.0926099 0.984592 86.8975
0.958856 0.216721 0.183382 -5.6729 -0.229883 0.971741 0.0535941 12.1586 -0.166585 -0.0935453 0.98158 88.0979
0.955031 0.218875 0.200023 -5.4221 -0.232879 0.971265 0.0490979 12.2257 -0.183529 -0.0934712 0.97856 89.3166
0.950633 0.222809 0.215995 -5.14769 -0.236799 0.970698 0.0408754 12.2839 -0.200558 -0.0900048 0.975538 90.5388
0.945699 0.226913 0.232734 -4.85194 -0.240912 0.969979 0.0332111 12.3327 -0.218211 -0.087476 0.971973 91.7567
0.940079 0.229826 0.251858 -4.53139 -0.244595 0.969205 0.0285467 12.3767 -0.237541 -0.0884393 0.967343 92.9829
0.933894 0.23145 0.272533 -4.18456 -0.247833 0.968432 0.0268097 12.4186 -0.257725 -0.0925801 0.961773 94.2019
0.927053 0.233654 0.293221 -3.81048 -0.250534 0.967884 0.0208334 12.4495 -0.278936 -0.0927753 0.955818 95.4064
0.919269 0.236989 0.314295 -3.41207 -0.254396 0.966985 0.0149363 12.4747 -0.300378 -0.0936858 0.949208 96.6078
0.91024 0.240883 0.336809 -2.97817 -0.258559 0.965963 0.00791621 12.4871 -0.323437 -0.0942904 0.94154 97.7979
0.90179 0.240979 0.358753 -2.51622 -0.259009 0.965872 0.00227613 12.4924 -0.345961 -0.0949727 0.93343 98.9783
0.893302 0.241274 0.379209 -2.03268 -0.257744 0.966183 -0.00757122 12.4849 -0.368212 -0.0909755 0.92528 100.146
0.884496 0.238521 0.400969 -1.52161 -0.255212 0.966809 -0.0121459 12.472 -0.390557 -0.091589 0.916011 101.303
0.875115 0.237995 0.421347 -0.984516 -0.254405 0.966934 -0.017781 12.4519 -0.411646 -0.0916321 0.906725 102.447
0.865023 0.238619 0.441359 -0.412735 -0.253285 0.967031 -0.0264055 12.4183 -0.433108 -0.0889481 0.896942 103.58
0.854403 0.241563 0.460048 0.178648 -0.253551 0.966627 -0.036663 12.372 -0.453551 -0.0853205 0.887137 104.692
0.84412 0.240876 0.479 0.801262 -0.251593 0.966884 -0.0428488 12.316 -0.473458 -0.0843434 0.876769 105.797
0.833761 0.240544 0.496973 1.44687 -0.251225 0.966812 -0.0464801 12.2554 -0.49166 -0.0860987 0.86652 106.888
0.823869 0.242175 0.512438 2.118 -0.250886 0.966541 -0.0534216 12.1811 -0.508229 -0.0845511 0.857061 107.978
0.814577 0.24166 0.527319 2.80257 -0.247256 0.967014 -0.0612142 12.1005 -0.524717 -0.0805191 0.84746 109.04
0.803886 0.246261 0.541409 3.50346 -0.250058 0.965838 -0.0680255 12.0097 -0.539665 -0.080699 0.838003 110.095
0.793108 0.24839 0.556132 4.20284 -0.251786 0.965102 -0.0719764 11.9128 -0.554602 -0.0829414 0.827971 111.103
0.783506 0.251208 0.568342 4.92359 -0.254106 0.964196 -0.0758706 11.8058 -0.567052 -0.0849738 0.819287 112.109
0.774837 0.252362 0.579605 5.65993 -0.254962 0.963737 -0.0787732 11.6948 -0.578466 -0.0867406 0.811081 113.11
0.766034 0.253453 0.590723 6.40998 -0.255867 0.963271 -0.0814951 11.5804 -0.589681 -0.0887183 0.802748 114.1
0.757145 0.254449 0.601654 7.17357 -0.258825 0.962493 -0.0813374 11.4663 -0.599784 -0.0941388 0.794605 115.08
0.749504 0.253191 0.611668 7.95227 -0.259127 0.962451 -0.0808729 11.3518 -0.609177 -0.0978851 0.78697 116.06
0.742608 0.251069 0.620885 8.74227 -0.257963 0.962771 -0.0807827 11.2374 -0.618053 -0.100176 0.779728 117.03
0.738246 0.2497 0.626613 9.55165 -0.254062 0.963479 -0.0846147 11.1155 -0.624857 -0.0967322 0.774724 118.015
0.735104 0.247785 0.631051 10.3558 -0.249521 0.964363 -0.087996 10.989 -0.630366 -0.0927744 0.770735 118.972
0.732794 0.246102 0.634387 11.2108 -0.245644 0.965112 -0.0906528 10.8449 -0.634564 -0.0894037 0.767682 119.985
0.729677 0.24784 0.637297 12.0497 -0.248548 0.964386 -0.0904663 10.7117 -0.637021 -0.0923876 0.76529 120.985
0.725962 0.249869 0.640738 12.8913 -0.254069 0.963197 -0.0877556 10.5821 -0.639084 -0.099084 0.762728 121.981
0.722091 0.254255 0.643381 13.7358 -0.260612 0.961473 -0.087466 10.4522 -0.640833 -0.104514 0.760533 122.973
0.71794 0.260865 0.645378 14.5749 -0.267896 0.959261 -0.089721 10.3212 -0.642491 -0.10848 0.758576 123.958
0.714157 0.266948 0.647085 15.4126 -0.273373 0.957377 -0.0932475 10.1854 -0.644397 -0.110302 0.756694 124.933
0.712447 0.269214 0.648031 16.2145 -0.274208 0.956862 -0.0960475 10.0486 -0.645933 -0.109267 0.755534 125.862
0.712497 0.270558 0.647416 17.0594 -0.274758 0.95657 -0.0973767 9.90349 -0.645644 -0.108502 0.755891 126.844
0.713287 0.269684 0.64691 17.8867 -0.272174 0.95715 -0.0989164 9.76347 -0.645867 -0.105516 0.756123 127.806
0.714509 0.270501 0.645219 18.6954 -0.271732 0.957126 -0.100351 9.62613 -0.644701 -0.103625 0.757379 128.751
0.714524 0.272487 0.644365 19.5021 -0.27247 0.956696 -0.102428 9.48877 -0.644372 -0.102383 0.757827 129.726
0.717463 0.271703 0.641424 20.3212 -0.271604 0.957032 -0.10159 9.35401 -0.641465 -0.101326 0.760431 130.669
0.718318 0.27489 0.639105 21.1379 -0.274287 0.95612 -0.102961 9.21527 -0.639364 -0.101339 0.762197 131.624
0.722252 0.273658 0.635189 21.9565 -0.273788 0.956496 -0.100772 9.07917 -0.635132 -0.101124 0.765755 132.581
0.725921 0.271266 0.632024 22.7711 -0.273267 0.957045 -0.0969004 8.94823 -0.631161 -0.102369 0.768867 133.541
0.730877 0.26907 0.627233 23.576 -0.273391 0.957477 -0.0921712 8.82445 -0.625361 -0.104114 0.773359 134.503
0.735826 0.268349 0.621731 24.3742 -0.275142 0.957404 -0.0875962 8.70629 -0.618755 -0.106609 0.778317 135.472
0.74158 0.266889 0.615492 25.1656 -0.273826 0.957973 -0.0854743 8.58982 -0.612437 -0.105152 0.783495 136.46
0.74826 0.265603 0.607916 25.9468 -0.273086 0.958435 -0.0826162 8.47623 -0.604591 -0.104195 0.789692 137.453
0.7562 0.264479 0.59851 26.7176 -0.270849 0.959154 -0.0816354 8.36703 -0.595654 -0.100373 0.796945 138.468
0.762799 0.265164 0.589769 27.477 -0.272187 0.958986 -0.0791243 8.26082 -0.58656 -0.100171 0.803687 139.491
0.77022 0.266999 0.5792 28.221 -0.273389 0.958704 -0.0783905 8.15378 -0.576211 -0.0979686 0.811408 140.521
0.778739 0.267112 0.567642 28.9492 -0.273131 0.958927 -0.0765327 8.04991 -0.56477 -0.0954416 0.819711 141.564
0.787824 0.264908 0.55602 29.6602 -0.271351 0.959725 -0.0727715 7.9526 -0.552904 -0.0935453 0.827977 142.613
0.796775 0.262325 0.544367 30.3567 -0.270789 0.960344 -0.0664338 7.86315 -0.540207 -0.0944756 0.836212 143.673
0.806023 0.260789 0.531335 31.0361 -0.269356 0.960974 -0.0630576 7.77833 -0.527044 -0.0922923 0.844812 144.743
0.815258 0.257059 0.518918 31.7032 -0.266479 0.962097 -0.0579411 7.69652 -0.514143 -0.0910437 0.852859 145.832
0.823155 0.256931 0.506362 32.347 -0.267048 0.962164 -0.0540867 7.61864 -0.5011 -0.0907013 0.860623 146.916
0.83241 0.252955 0.49306 32.9778 -0.264552 0.9632 -0.0475216 7.54793 -0.486936 -0.0908821 0.868697 148.021
0.842115 0.247467 0.479169 33.5945 -0.260005 0.964724 -0.0412868 7.48814 -0.472483 -0.0898182 0.876751 149.149
0.851404 0.243834 0.464389 34.1882 -0.256776 0.965788 -0.0363313 7.43582 -0.45736 -0.0883115 0.884886 150.281
0.861657 0.237641 0.448414 34.7552 -0.251281 0.967453 -0.0298565 7.38903 -0.440915 -0.0869519 0.893327 151.406
0.870689 0.235904 0.431568 35.2984 -0.249754 0.96798 -0.0252396 7.34972 -0.423703 -0.0858096 0.901728 152.537
0.881059 0.227265 0.414832 35.7977 -0.242041 0.97011 -0.017403 7.33064 -0.406388 -0.0850729 0.909732 153.649
0.890208 0.222842 0.397331 36.2754 -0.237623 0.971279 -0.0123509 7.31723 -0.388671 -0.0834199 0.917593 154.775
0.900307 0.217458 0.377039 36.728 -0.231847 0.972724 -0.00740889 7.30973 -0.368366 -0.0807449 0.926168 155.912
0.909504 0.209846 0.358843 37.1557 -0.224828 0.974398 2.26492e-05 7.31289 -0.349651 -0.0806983 0.933398 157.061
0.919053 0.201912 0.338486 37.5525 -0.217303 0.976073 0.00777714 7.33139 -0.328817 -0.0807017 0.940939 158.217
0.926617 0.201848 0.317237 37.8808 -0.216178 0.9763 0.0102458 7.35537 -0.30765 -0.0780735 0.948291 159.374
0.936027 0.19805 0.290913 38.2841 -0.211256 0.977325 0.0143757 7.35871 -0.281469 -0.074913 0.956642 160.553
0.944505 0.19637 0.263343 38.6325 -0.208973 0.977707 0.0204449 7.36017 -0.253457 -0.0743418 0.964486 161.661
0.951792 0.196298 0.235709 38.9406 -0.208395 0.977663 0.0273 7.37533 -0.225085 -0.0751043 0.97144 162.814
0.95932 0.193716 0.205379 39.1973 -0.205286 0.978024 0.036403 7.37716 -0.193814 -0.0770834 0.978005 163.923
0.965211 0.191788 0.177723 39.4206 -0.202479 0.9783 0.0439374 7.38755 -0.16544 -0.078394 0.983099 165.068
0.969583 0.191785 0.152075 39.5845 -0.201642 0.97807 0.0521424 7.40598 -0.13874 -0.081221 0.986993 166.215
0.97381 0.189574 0.125526 39.7396 -0.198335 0.978214 0.0613113 7.42862 -0.111169 -0.0846017 0.990194 167.382
0.977344 0.187556 0.0980903 39.8667 -0.194915 0.978197 0.0716868 7.4591 -0.0825063 -0.0891818 0.992592 168.53
0.981073 0.181037 0.0687142 39.9633 -0.186384 0.979085 0.0815692 7.49991 -0.0525099 -0.0928324 0.994296 169.669
0.983771 0.175528 0.0372044 40.028 -0.178192 0.980053 0.0879921 7.56297 -0.0210172 -0.0931935 0.995426 170.84
0.985362 0.170322 0.00726666 40.0466 -0.17022 0.980648 0.0967154 7.63605 0.00934671 -0.0965365 0.995285 171.999
0.984078 0.175867 -0.0257087 40.0434 -0.172371 0.979607 0.103239 7.70767 0.0433407 -0.0971633 0.994324 173.22
0.984228 0.168442 -0.0540628 40.015 -0.161338 0.980029 0.116243 7.80795 0.0725633 -0.105687 0.991748 174.376
0.981867 0.167476 -0.0888183 39.9374 -0.156172 0.980191 0.121802 7.90936 0.107458 -0.105722 0.988572 175.466
0.972023 0.200447 -0.122441 39.8268 -0.183378 0.973353 0.13768 8.00416 0.146776 -0.111375 0.98288 176.613
0.967918 0.197295 -0.155595 39.6789 -0.174888 0.973611 0.146609 8.11021 0.180414 -0.114694 0.976881 177.752
0.963535 0.189259 -0.189162 39.4619 -0.160596 0.974464 0.156931 8.25503 0.214033 -0.12083 0.969325 178.891
0.956837 0.186231 -0.22312 39.2196 -0.151048 0.974546 0.165661 8.41454 0.248291 -0.124808 0.960611 180.043
0.948332 0.182467 -0.259562 38.9562 -0.139827 0.974708 0.174332 8.58794 0.284807 -0.129031 0.949861 181.149
0.937788 0.17927 -0.297349 38.66 -0.127658 0.974436 0.18487 8.7536 0.322889 -0.13541 0.9367 182.258
0.925025 0.174701 -0.337355 38.3471 -0.113098 0.974367 0.194466 8.92086 0.362681 -0.141732 0.921072 183.331
0.912598 0.172823 -0.370536 37.9339 -0.103467 0.974391 0.199637 9.13639 0.395549 -0.14385 0.90711 184.364
0.899656 0.172087 -0.401254 37.4861 -0.0954113 0.974323 0.203938 9.35678 0.426046 -0.14519 0.892975 185.377
0.883658 0.169642 -0.436314 37.0334 -0.0847936 0.974615 0.207207 9.58697 0.460389 -0.146103 0.875612 186.382
0.867568 0.168636 -0.467854 36.4973 -0.076706 0.974871 0.209147 9.833 0.491367 -0.145562 0.858703 187.399
0.851558 0.16686 -0.496998 35.9121 -0.0675287 0.975011 0.211643 10.0845 0.519894 -0.146664 0.841546 188.377
0.834513 0.166152 -0.525339 35.297 -0.059429 0.975029 0.213974 10.3388 0.547774 -0.147344 0.823549 189.355
0.816105 0.165576 -0.553677 34.6732 -0.0521536 0.975269 0.21478 10.5904 0.575546 -0.146406 0.804557 190.317
0.797482 0.161878 -0.581221 34.0187 -0.0405623 0.97554 0.216047 10.8431 0.601978 -0.148718 0.784542 191.263
0.77721 0.161602 -0.608137 33.3363 -0.0321286 0.97539 0.218132 11.0887 0.628421 -0.149996 0.763275 192.183
0.759957 0.157365 -0.630636 32.6539 -0.019223 0.975266 0.220197 11.3375 0.649689 -0.155217 0.744185 193.02
0.73994 0.155002 -0.654571 31.91 -0.00969258 0.975445 0.220027 11.5911 0.672603 -0.156462 0.723274 193.881
0.718591 0.152955 -0.678405 31.1573 -0.000504338 0.975627 0.219433 11.834 0.695433 -0.15734 0.701154 194.724
0.696504 0.151565 -0.701364 30.3497 0.00877697 0.975565 0.219536 12.0831 0.7175 -0.159063 0.678154 195.55
0.674636 0.14997 -0.722755 29.496 0.0187475 0.975346 0.219881 12.3291 0.737912 -0.161889 0.655192 196.345
0.652626 0.147669 -0.743151 28.6222 0.0299993 0.975018 0.220087 12.5751 0.757086 -0.165928 0.631892 197.112
0.630024 0.146183 -0.762693 27.7194 0.0383642 0.975065 0.218578 12.8229 0.775627 -0.166969 0.608707 197.868
0.605831 0.146024 -0.782078 26.8111 0.0477394 0.974568 0.218945 13.0502 0.79416 -0.16998 0.583453 198.58
0.582163 0.146324 -0.799797 25.8801 0.0573814 0.973826 0.21993 13.2801 0.811045 -0.173928 0.558529 199.248
0.557721 0.145852 -0.817113 24.9265 0.0665456 0.973414 0.219172 13.5191 0.827356 -0.176612 0.533188 199.892
0.532277 0.142592 -0.834475 23.9566 0.0768277 0.973509 0.215354 13.7624 0.843077 -0.178739 0.507222 200.515
0.505681 0.139469 -0.851373 22.9735 0.0862433 0.973731 0.210738 13.9973 0.858399 -0.179991 0.480369 201.12
0.47853 0.138755 -0.867039 21.963 0.0971687 0.973002 0.209341 14.2308 0.872678 -0.184425 0.452129 201.696
0.451796 0.139101 -0.88121 20.9361 0.104872 0.972639 0.207301 14.4603 0.885936 -0.186072 0.424847 202.239
0.423978 0.140738 -0.894671 19.8833 0.112425 0.972033 0.206185 14.6891 0.898667 -0.188001 0.396299 202.745
0.398508 0.141028 -0.906257 18.8049 0.118541 0.971899 0.203369 14.9165 0.909472 -0.188473 0.370593 203.215
0.37391 0.141885 -0.916548 17.706 0.123481 0.971815 0.200815 15.1423 0.919208 -0.188262 0.345852 203.655
0.351031 0.143141 -0.925358 16.596 0.129143 0.971401 0.199253 15.3666 0.927415 -0.189447 0.322506 204.068
0.329061 0.145801 -0.932985 15.4762 0.134713 0.970655 0.1992 15.5912 0.93465 -0.191234 0.299764 204.454
0.307667 0.147538 -0.939986 14.3153 0.14185 0.969753 0.198639 15.8259 0.940861 -0.194451 0.277433 204.828
0.287064 0.149002 -0.946252 13.1463 0.147543 0.969162 0.19737 16.0584 0.94648 -0.196271 0.256227 205.171
0.267843 0.14882 -0.9519 11.9764 0.154937 0.968486 0.195009 16.2846 0.950923 -0.199716 0.236344 205.471
0.248218 0.148816 -0.957205 10.7937 0.159448 0.968375 0.191899 16.5064 0.955492 -0.200257 0.21664 205.752
0.228767 0.148725 -0.962053 9.62599 0.166643 0.96769 0.189223 16.7198 0.959112 -0.203608 0.196592 205.992
0.209789 0.151964 -0.965865 8.45511 0.172359 0.96663 0.189521 16.9354 0.962435 -0.206235 0.176596 206.207
0.190137 0.154333 -0.969551 7.26288 0.176643 0.966071 0.18842 17.1482 0.965736 -0.20709 0.156425 206.402
0.17027 0.155739 -0.973013 6.06368 0.183081 0.965239 0.186533 17.3595 0.96824 -0.209901 0.135839 206.573
0.151153 0.154348 -0.976386 4.86948 0.187696 0.965283 0.18165 17.5623 0.970527 -0.210721 0.116935 206.717
0.133008 0.154574 -0.978987 3.66202 0.19326 0.964757 0.178585 17.7634 0.97209 -0.212952 0.0984478 206.842
0.114786 0.155667 -0.981118 2.43548 0.197305 0.964396 0.176097 17.9653 0.973599 -0.213792 0.0799853 206.949
0.0975217 0.158574 -0.982519 1.19928 0.201194 0.9637 0.175506 18.168 0.974685 -0.214792 0.0620776 207.033
0.0814845 0.160089 -0.983734 -0.0287206 0.205538 0.9631 0.173756 18.363 0.975251 -0.216353 0.0455734 207.09
0.0663052 0.160686 -0.984776 -1.28717 0.209287 0.962753 0.171184 18.5604 0.975604 -0.217451 0.030206 207.125
0.0525748 0.159469 -0.985802 -2.55817 0.216143 0.961949 0.167138 18.7545 0.974945 -0.221862 0.0161061 207.147
0.0384415 0.161397 -0.986141 -3.82189 0.221661 0.960906 0.165908 18.9463 0.974366 -0.224967 0.0011632 207.148
0.0255324 0.163065 -0.986285 -5.07863 0.227868 0.959684 0.164566 19.1345 0.973357 -0.228944 -0.0126543 207.133
0.0140973 0.163106 -0.986508 -6.33714 0.229822 0.959663 0.161951 19.3194 0.973131 -0.229004 -0.0239566 207.104
0.00480994 0.164929 -0.986294 -7.60089 0.233422 0.958872 0.161482 19.5033 0.972364 -0.230999 -0.033886 207.059
-0.00170985 0.167605 -0.985853 -8.87612 0.234032 0.958542 0.162556 19.6893 0.972228 -0.230443 -0.0408639 207.002
-0.00687448 0.166655 -0.985992 -10.1513 0.227211 0.960484 0.160759 19.8719 0.973822 -0.222923 -0.0444686 206.941
-0.0106564 0.168211 -0.985694 -11.4257 0.228257 0.960132 0.161381 20.0562 0.973543 -0.223271 -0.0486269 206.874
-0.0145984 0.16972 -0.985385 -12.7043 0.229289 0.959796 0.161915 20.2417 0.973249 -0.223574 -0.0529263 206.798
-0.0178169 0.172495 -0.98485 -13.9834 0.230074 0.959279 0.163854 20.4308 0.97301 -0.223669 -0.0567779 206.718
-0.0199156 0.17291 -0.984737 -15.2625 0.231367 0.958992 0.163711 20.6197 0.972663 -0.224575 -0.0591048 206.635
-0.0229962 0.174393 -0.984408 -16.5503 0.235074 0.958003 0.164224 20.812 0.971705 -0.227632 -0.0630257 206.544
-0.0253589 0.17577 -0.984105 -17.8435 0.236184 0.957605 0.164951 21.0062 0.971377 -0.228247 -0.0657979 206.452
-0.0287611 0.176195 -0.983935 -19.1485 0.235942 0.957724 0.164604 21.2015 0.971341 -0.227418 -0.069117 206.353
-0.0316403 0.17637 -0.983816 -20.4536 0.236699 0.95763 0.164064 21.3964 0.971068 -0.227677 -0.0720464 206.25
-0.034631 0.176356 -0.983717 -21.8056 0.234506 0.95826 0.163536 21.5981 0.971498 -0.225024 -0.0745419 206.145
-0.0365722 0.175025 -0.983885 -23.1634 0.229536 0.959691 0.162189 21.8049 0.972613 -0.219905 -0.0752724 206.03
-0.0383308 0.172872 -0.984198 -24.5391 0.221427 0.961906 0.160333 22.0105 0.974423 -0.211783 -0.0751491 205.908
-0.038435 0.171904 -0.984364 -25.9277 0.218533 0.962691 0.159587 22.2208 0.975072 -0.208982 -0.0745677 205.777
-0.0383647 0.170049 -0.984689 -27.3226 0.21664 0.963392 0.15793 22.4295 0.975498 -0.207263 -0.0737995 205.645
-0.0400127 0.168112 -0.984956 -28.7118 0.217172 0.963643 0.155652 22.635 0.975313 -0.207677 -0.0750672 205.513
-0.0408342 0.168046 -0.984933 -30.1007 0.219567 0.963168 0.15523 22.8405 0.974742 -0.20992 -0.0762277 205.38
-0.0411641 0.167197 -0.985064 -31.4802 0.217243 0.96381 0.154511 23.0432 0.975249 -0.207638 -0.0759967 205.252
-0.0417407 0.167758 -0.984944 -32.8475 0.216868 0.963821 0.15497 23.2464 0.975308 -0.207134 -0.0766119 205.128
-0.0412912 0.168861 -0.984775 -34.2137 0.217336 0.963533 0.156106 23.4506 0.975223 -0.207581 -0.0764849 205.004
-0.0402711 0.170169 -0.984592 -35.5797 0.219943 0.962731 0.157395 23.6565 0.974681 -0.210215 -0.0761978 204.881
-0.0390747 0.170773 -0.984536 -36.9452 0.221582 0.962238 0.158111 23.8633 0.974359 -0.211977 -0.0754393 204.759
-0.0381295 0.169157 -0.984852 -38.3116 0.223229 0.962103 0.156607 24.0681 0.97402 -0.213876 -0.0744452 204.638
-0.0372435 0.167279 -0.985206 -39.6787 0.224435 0.962103 0.154872 24.2706 0.973777 -0.215347 -0.0733753 204.519
-0.0362502 0.167312 -0.985238 -41.0286 0.224543 0.962039 0.155111 24.4699 0.97379 -0.215605 -0.0724429 204.405
-0.0355214 0.169009 -0.984975 -42.3876 0.222744 0.962142 0.157058 24.6728 0.97423 -0.213818 -0.0718224 204.291
-0.0344073 0.171314 -0.984616 -43.7193 0.224961 0.961243 0.159386 24.8879 0.97376 -0.216016 -0.0716127 204.183
-0.0337064 0.17069 -0.984748 -45.0393 0.222008 0.961969 0.159143 25.0957 0.974462 -0.213258 -0.0703191 204.075
-0.0331182 0.17026 -0.984843 -46.3861 0.221633 0.9621 0.158875 25.3061 0.974567 -0.213012 -0.0695983 203.968
-0.0331515 0.169156 -0.985032 -47.7333 0.22133 0.962345 0.157811 25.5149 0.974635 -0.212785 -0.0693425 203.862
-0.0336411 0.168835 -0.98507 -49.0601 0.221706 0.962331 0.157366 25.7256 0.974533 -0.213101 -0.0698056 203.769
-0.0340024 0.167461 -0.985292 -50.4187 0.220912 0.962736 0.156003 25.9362 0.974701 -0.212358 -0.0697294 203.672
-0.0350928 0.166852 -0.985358 -51.7759 0.218648 0.963359 0.15534 26.145 0.975172 -0.209995 -0.0702888 203.581
