1 0 0 0 0 1 0 0 0 0 1 0
0.996927 0.00524208 -0.0781628 0.19859 -0.00278196 0.999498 0.0315501 -0.112368 0.078289 -0.0312357 0.996441 0.82892
0.996599 0.0012533 -0.0823951 0.182181 0.00149785 0.999444 0.0333194 -0.103903 0.0823911 -0.0333295 0.996043 1.73817
0.996511 6.10119e-05 -0.0834566 0.120074 0.0030718 0.999295 0.0374092 -0.0672976 0.0834001 -0.0375351 0.995809 2.67429
0.996177 -0.00445127 -0.0872469 0.0897033 0.00820545 0.999054 0.0427181 -0.0232758 0.0869742 -0.0432706 0.99527 3.56044
0.995945 -0.00786804 -0.0896187 0.0200103 0.0117338 0.99902 0.0426905 0.0177822 0.089195 -0.043569 0.995061 4.50448
0.995646 -0.0116128 -0.0924942 -0.04428 0.015325 0.999101 0.0395256 0.0727535 0.0919521 -0.040771 0.994928 5.43972
0.995528 -0.0128223 -0.0935906 -0.124655 0.0162151 0.999235 0.0355819 0.114231 0.0930628 -0.0369404 0.994975 6.34286
0.995497 -0.0132056 -0.0938698 -0.221208 0.0165402 0.999256 0.0348348 0.161417 0.0933399 -0.0362306 0.994975 7.24064
0.995293 -0.0130323 -0.0960304 -0.3036 0.016613 0.999193 0.0365821 0.20251 0.0954761 -0.0380053 0.994706 8.15406
0.995131 -0.0129942 -0.0976986 -0.385129 0.0168763 0.999096 0.0390144 0.245498 0.0971034 -0.0404732 0.994451 9.07844
0.99501 -0.0134551 -0.098866 -0.474392 0.0175306 0.999027 0.0404708 0.287131 0.0982253 -0.042002 0.994277 10.0054
0.995006 -0.0145565 -0.0987522 -0.570774 0.0186551 0.998997 0.0407084 0.333179 0.0980606 -0.0423473 0.994279 10.9082
0.994884 -0.0161348 -0.0997265 -0.662535 0.0202459 0.998981 0.0403502 0.38655 0.0989738 -0.0421629 0.994196 11.8105
0.994702 -0.01703 -0.101377 -0.742244 0.0210649 0.999023 0.0388646 0.425478 0.100616 -0.0407942 0.994089 12.7163
0.994477 -0.0174472 -0.103494 -0.832386 0.0213485 0.999098 0.0367085 0.463228 0.10276 -0.0387153 0.993952 13.6546
0.994218 -0.0180786 -0.105845 -0.92184 0.0219291 0.999135 0.0353284 0.496475 0.105115 -0.0374453 0.993755 14.5658
0.993988 -0.0177563 -0.108043 -1.01478 0.0215962 0.999172 0.0344748 0.529061 0.107341 -0.0366009 0.993548 15.4777
0.993746 -0.0161219 -0.110492 -1.10655 0.0199145 0.999247 0.0333076 0.562416 0.109872 -0.0352997 0.993319 16.3541
0.993559 -0.0135534 -0.112504 -1.20307 0.0173527 0.99931 0.0328606 0.596242 0.111981 -0.0346012 0.993108 17.2278
0.993304 -0.0144698 -0.114621 -1.29626 0.0184212 0.999269 0.0334901 0.623529 0.114053 -0.0353773 0.992845 18.1059
0.993069 -0.0138893 -0.11671 -1.39961 0.0180783 0.999227 0.0349107 0.653746 0.116135 -0.0367787 0.992552 19.0066
0.992867 -0.0138168 -0.118425 -1.50631 0.0181132 0.999214 0.0352798 0.683469 0.117844 -0.0371733 0.992336 19.8825
0.992605 -0.0135431 -0.120632 -1.61162 0.0178324 0.999244 0.0345484 0.712576 0.120073 -0.036444 0.992096 20.7477
0.992546 -0.014086 -0.121049 -1.73892 0.0184144 0.999228 0.0347136 0.734057 0.120467 -0.0366839 0.992039 21.6194
0.992649 -0.0126395 -0.120367 -1.87668 0.0169935 0.999236 0.0352156 0.748684 0.11983 -0.0370023 0.992105 22.4546
0.99271 -0.0118994 -0.119939 -2.00073 0.0165877 0.999134 0.0381675 0.765482 0.11938 -0.0398788 0.992047 23.3009
0.992646 -0.0125818 -0.120396 -2.10846 0.0177943 0.998946 0.0423176 0.779276 0.119737 -0.0441488 0.991823 24.1456
0.992485 -0.0114344 -0.121831 -2.20799 0.016973 0.998865 0.0445209 0.796486 0.121184 -0.0462542 0.991552 24.9873
0.992284 -0.0122764 -0.123377 -2.307 0.0178754 0.998855 0.0443774 0.815187 0.122691 -0.0462404 0.991367 25.8155
0.991999 -0.0105769 -0.1258 -2.40367 0.0160534 0.998964 0.0425996 0.832767 0.125219 -0.0442784 0.99114 26.6273
0.991683 -0.00988352 -0.128324 -2.50609 0.015412 0.998992 0.0421611 0.85075 0.127778 -0.0437882 0.990836 27.4268
0.991488 -0.00893448 -0.129891 -2.60715 0.0146468 0.998964 0.043089 0.865873 0.129372 -0.0446247 0.990591 28.2293
0.991336 -0.00887 -0.131052 -2.71763 0.0147211 0.998935 0.0437458 0.874906 0.130525 -0.0452961 0.99041 29.0032
0.99119 -0.00701413 -0.13226 -2.82679 0.0130059 0.998925 0.0444936 0.875378 0.131806 -0.0458218 0.990216 29.7692
0.990976 -0.00897746 -0.133736 -2.93697 0.0152682 0.998821 0.0460871 0.891398 0.133165 -0.0477131 0.989945 30.5326
0.990535 -0.0104427 -0.13686 -3.01588 0.0172276 0.998676 0.0484854 0.909024 0.136173 -0.0503843 0.989403 31.2916
0.990155 -0.0120395 -0.139456 -3.11596 0.019411 0.998478 0.0516204 0.933276 0.138622 -0.0538192 0.988882 32.0169
0.989747 -0.0116848 -0.142349 -3.21539 0.0194396 0.998394 0.0532096 0.971912 0.141498 -0.0554312 0.988385 32.7572
0.989457 -0.0118865 -0.144338 -3.31531 0.0197289 0.998399 0.0530239 1.0187 0.143477 -0.0553126 0.988107 33.4653
0.989156 -0.00866994 -0.146611 -3.41298 0.0164637 0.99851 0.0520301 1.06477 0.145941 -0.0538797 0.987825 34.1682
0.988874 -0.0071152 -0.148586 -3.51223 0.0148042 0.998604 0.0507062 1.11005 0.148018 -0.0523418 0.987598 34.8597
0.988602 -0.00727212 -0.150377 -3.61263 0.0151496 0.998568 0.0513059 1.15527 0.149789 -0.0529993 0.987296 35.544
0.988456 -0.00538855 -0.151408 -3.71958 0.0134812 0.998532 0.0524737 1.19749 0.150903 -0.0539092 0.987077 36.2301
0.988479 -0.00186379 -0.151342 -3.82997 0.00991791 0.998573 0.0524806 1.2358 0.151028 -0.053377 0.987087 36.8941
0.988726 0.000595169 -0.149735 -3.93902 0.00699973 0.998715 0.0501902 1.27289 0.149572 -0.0506725 0.987451 37.5562
0.989034 0.00233293 -0.147666 -4.04613 0.00467272 0.998881 0.047078 1.3054 0.14761 -0.0472518 0.987916 38.2173
0.989406 0.00179357 -0.14516 -4.15037 0.00488938 0.998945 0.0456689 1.33655 0.145088 -0.0458948 0.988353 38.8712
0.989858 0.00281799 -0.142031 -4.25018 0.00385286 0.998903 0.0466707 1.37076 0.142007 -0.0467446 0.988761 39.5358
0.990333 0.00830263 -0.138459 -4.35062 -0.00150424 0.998791 0.049133 1.40313 0.1387 -0.0484497 0.989148 40.1933
0.99079 0.0138276 -0.1347 -4.44193 -0.00688283 0.998629 0.0518874 1.43184 0.135233 -0.0504824 0.989527 40.796
0.991366 0.018245 -0.129847 -4.54044 -0.0114383 0.998531 0.0529749 1.46773 0.130623 -0.0510323 0.990118 41.4164
0.992144 0.0204316 -0.12342 -4.63115 -0.0139327 0.998482 0.0532925 1.5064 0.124322 -0.0511543 0.990922 42.0042
0.992834 0.025178 -0.116814 -4.71373 -0.0188511 0.998311 0.0549547 1.53897 0.118 -0.0523589 0.991632 42.5516
0.993486 0.0309839 -0.109654 -4.79228 -0.0249806 0.998135 0.0557053 1.57005 0.111175 -0.0526033 0.992407 43.0966
0.994176 0.0353932 -0.101788 -4.86875 -0.0299021 0.99804 0.0549758 1.59774 0.103534 -0.051612 0.993286 43.635
0.994756 0.0384976 -0.0947499 -4.90699 -0.0333573 0.997915 0.0552498 1.62131 0.0966793 -0.0517995 0.993966 44.1432
0.995205 0.0427061 -0.0879887 -4.95349 -0.0379612 0.997769 0.0549118 1.64736 0.0901374 -0.0513084 0.994606 44.6575
0.995641 0.0468188 -0.0806677 -4.99906 -0.0427311 0.997749 0.0516769 1.68202 0.0829055 -0.0480046 0.9954 45.1231
0.996193 0.0492288 -0.0719442 -5.04811 -0.0458468 0.997798 0.0479289 1.71657 0.0741452 -0.0444481 0.996256 45.5919
0.996732 0.0491124 -0.0641382 -5.08107 -0.046118 0.997813 0.0473626 1.74953 0.066324 -0.0442499 0.996816 46.0272
0.997287 0.0477268 -0.0560418 -5.10835 -0.0450627 0.997836 0.0478769 1.77699 0.0582055 -0.0452217 0.997279 46.423
0.997669 0.0487302 -0.0477594 -5.14017 -0.046406 0.997739 0.0486212 1.79765 0.0500207 -0.0462916 0.997674 46.78
0.997924 0.0519184 -0.0381087 -5.18363 -0.0500342 0.997553 0.0488346 1.82453 0.0405508 -0.0468265 0.998079 47.1168
0.998071 0.0547012 -0.0293392 -5.21995 -0.0532666 0.997444 0.0476331 1.848 0.0318697 -0.0459785 0.998434 47.405
0.998136 0.0580912 -0.0186848 -5.26908 -0.0571696 0.997278 0.0465638 1.89159 0.0213388 -0.0454088 0.99874 47.7092
0.998374 0.0563862 -0.00836186 -5.31507 -0.0559472 0.997385 0.0457471 1.93196 0.0109194 -0.0452049 0.998918 47.9768
0.99851 0.0543627 0.00458644 -5.36909 -0.0545098 0.99759 0.0429211 1.96073 -0.00224216 -0.0431072 0.999068 48.2444
0.998497 0.0514162 0.0189594 -5.40727 -0.0521079 0.997919 0.0379943 1.98236 -0.0169665 -0.0389252 0.999098 48.4804
0.998195 0.0495779 0.0338807 -5.44739 -0.0507253 0.998138 0.0338879 2.00817 -0.0321376 -0.0355453 0.998851 48.7153
0.997476 0.0492104 0.051187 -5.48043 -0.0508399 0.998225 0.0310341 2.04118 -0.049569 -0.0335581 0.998206 48.9314
0.996266 0.0508883 0.0697424 -5.50864 -0.0529945 0.998183 0.0286889 2.0722 -0.0681558 -0.0322778 0.997152 49.1486
0.994701 0.0511691 0.0891704 -5.5328 -0.0537262 0.998204 0.0265143 2.10406 -0.0876536 -0.0311647 0.995663 49.3799
0.992743 0.0497666 0.109474 -5.54612 -0.0527333 0.998311 0.0243717 2.13637 -0.108076 -0.0299678 0.99369 49.603
0.990228 0.0485657 0.130726 -5.54835 -0.0520143 0.998379 0.0230943 2.16529 -0.129393 -0.0296683 0.991149 49.8199
0.987126 0.0483946 0.15245 -5.53501 -0.0522208 0.998411 0.0211925 2.18775 -0.151182 -0.0288807 0.988084 50.0248
0.983242 0.051006 0.175022 -5.50652 -0.0550634 0.998314 0.0184015 2.21094 -0.173788 -0.0277305 0.984392 50.2597
0.978639 0.0525125 0.198763 -5.45725 -0.0567568 0.998265 0.0157126 2.22945 -0.197593 -0.0266582 0.979921 50.4959
0.973308 0.0532484 0.223241 -5.39261 -0.057922 0.998217 0.014435 2.24228 -0.222074 -0.0269803 0.974656 50.7314
0.966919 0.0550571 0.249071 -5.30301 -0.0603836 0.99808 0.0137898 2.24783 -0.247834 -0.0283735 0.968387 50.9861
0.959533 0.0568067 0.275807 -5.19368 -0.0627259 0.99795 0.0126802 2.25383 -0.274522 -0.0294673 0.961129 51.2387
0.951075 0.0570945 0.30364 -5.05703 -0.06361 0.997908 0.0116017 2.25675 -0.302342 -0.0303487 0.952716 51.5011
0.941508 0.0546719 0.332526 -4.89317 -0.0614558 0.998061 0.00990976 2.25624 -0.331339 -0.0297658 0.943042 51.7726
0.929891 0.0514107 0.364224 -4.70239 -0.0580862 0.998285 0.00738904 2.25337 -0.363219 -0.0280274 0.931282 52.0425
0.916567 0.0486033 0.396917 -4.48536 -0.0545628 0.998504 0.00372831 2.24453 -0.396141 -0.0250742 0.917847 52.3097
0.901301 0.0493555 0.430372 -4.25137 -0.054535 0.998512 -0.000300984 2.23355 -0.429746 -0.0231991 0.902651 52.5778
0.884442 0.0497883 0.463986 -3.99661 -0.0541882 0.998523 -0.00385457 2.2204 -0.463493 -0.0217334 0.885834 52.8176
0.865664 0.0519891 0.497918 -3.72212 -0.0562267 0.998397 -0.00649168 2.20321 -0.497457 -0.0223767 0.867199 53.028
0.845112 0.0551039 0.531741 -3.41505 -0.0599385 0.998169 -0.00817753 2.18596 -0.531218 -0.0249608 0.846867 53.2408
0.822605 0.0581163 0.565635 -3.0857 -0.0637821 0.997916 -0.00977251 2.16233 -0.565024 -0.0280385 0.824597 53.4544
0.796678 0.0596132 0.601456 -2.75346 -0.0661725 0.997745 -0.0112404 2.1403 -0.60077 -0.0308449 0.798826 53.639
0.768128 0.0571881 0.637737 -2.42401 -0.0646549 0.99784 -0.0116056 2.11728 -0.637023 -0.0323182 0.770166 53.7998
0.737148 0.0553703 0.673459 -2.07139 -0.0635748 0.997899 -0.0124581 2.09415 -0.672734 -0.0336316 0.739119 53.9639
0.70412 0.0532509 0.708082 -1.72912 -0.0615304 0.998009 -0.0138687 2.07163 -0.70741 -0.0338034 0.705994 54.1067
0.66671 0.0521755 0.743489 -1.3469 -0.0598571 0.998073 -0.0163656 2.04893 -0.74291 -0.033592 0.668548 54.27
0.627157 0.0502629 0.77727 -0.941471 -0.0581286 0.998153 -0.0176443 2.02717 -0.776721 -0.0341159 0.62892 54.4364
0.586639 0.0476734 0.808444 -0.491764 -0.0580707 0.998173 -0.0167231 2.00186 -0.807763 -0.0371365 0.588336 54.6155
0.544717 0.0455235 0.837384 -0.0278287 -0.0601346 0.998076 -0.0151419 1.97736 -0.836461 -0.0421077 0.546406 54.7862
0.503065 0.0447133 0.863091 0.438011 -0.0635136 0.997873 -0.014676 1.95839 -0.861911 -0.0474351 0.504835 54.9317
0.461355 0.0439348 0.886127 0.949068 -0.0631347 0.997867 -0.0166044 1.93977 -0.884966 -0.0482849 0.463144 55.0895
0.420716 0.0390026 0.906353 1.43111 -0.0537039 0.998394 -0.0180347 1.92207 -0.905601 -0.0410872 0.422135 55.2012
0.381942 0.0313423 0.923655 1.92142 -0.0420451 0.998979 -0.0165122 1.90504 -0.923229 -0.0325285 0.38287 55.2957
0.343709 0.0296872 0.938607 2.44018 -0.0362052 0.999176 -0.0183449 1.89223 -0.938378 -0.0276771 0.344501 55.3965
0.309766 0.030579 0.950321 3.01533 -0.0357171 0.999152 -0.0205079 1.8769 -0.950141 -0.0275901 0.310595 55.5306
0.280593 0.0296491 0.959369 3.52497 -0.0290557 0.999327 -0.0223859 1.86237 -0.959387 -0.0215938 0.281266 55.6103
0.254316 0.0268579 0.966748 4.0468 -0.0230033 0.9995 -0.0217165 1.84939 -0.966847 -0.0167155 0.254807 55.6865
0.230918 0.0231007 0.972699 4.62457 -0.0160244 0.999673 -0.0199372 1.83523 -0.972841 -0.0109831 0.231212 55.7893
0.212241 0.021244 0.976986 5.19276 -0.0126583 0.99974 -0.0189888 1.82018 -0.977135 -0.00833687 0.212454 55.8878
0.197032 0.0222133 0.980145 5.77246 -0.0109576 0.999731 -0.0204544 1.79755 -0.980335 -0.00670991 0.197222 55.9855
0.185079 0.0211751 0.982495 6.33699 -0.0112373 0.999748 -0.0194302 1.77141 -0.982659 -0.00744451 0.18527 56.0721
0.173962 0.0202217 0.984545 6.94038 -0.0111338 0.999766 -0.0185671 1.74163 -0.984689 -0.00773176 0.174147 56.1791
0.164885 0.0209759 0.98609 7.54457 -0.00618696 0.999776 -0.0202325 1.71045 -0.986293 -0.0027649 0.164978 56.2803
0.158418 0.020546 0.987158 8.14451 -0.00232587 0.999789 -0.0204356 1.67937 -0.987369 0.000941322 0.158432 56.3762
0.154341 0.0185439 0.987844 8.76266 -0.00244945 0.999828 -0.0183862 1.65196 -0.988014 0.000418036 0.15436 56.4692
0.15077 0.0146896 0.98846 9.40624 -0.00499191 0.999888 -0.014098 1.62634 -0.988556 -0.00280879 0.150826 56.5813
0.148896 0.00606032 0.988834 10.0452 -0.00549985 0.999971 -0.00530045 1.60356 -0.988837 -0.00464926 0.148925 56.6842
0.14709 -0.000920482 0.989123 10.6811 -0.00321944 0.999994 0.00140932 1.58212 -0.989117 -0.00339176 0.147086 56.7785
0.146358 -0.00571644 0.989215 11.3439 0.000239926 0.999983 0.00574314 1.56464 -0.989231 -0.000603257 0.146357 56.8734
0.146923 -0.00561362 0.989132 12.0197 0.00366283 0.99998 0.00513109 1.54626 -0.989141 0.0028691 0.146941 56.9709
0.147442 -0.000817995 0.98907 12.7234 0.00562721 0.999984 -1.18688e-05 1.52844 -0.989054 0.00556742 0.147444 57.0821
0.149287 0.00486266 0.988782 13.4448 0.00751747 0.999953 -0.00605263 1.51256 -0.988765 0.00833667 0.149244 57.1937
0.150812 0.00377376 0.988555 14.1081 0.00986089 0.999937 -0.00532159 1.50064 -0.988513 0.0105505 0.150765 57.3001
0.152939 -0.00137273 0.988235 14.8295 0.00934081 0.999956 -5.65979e-05 1.49792 -0.988191 0.00923952 0.152945 57.418
0.154428 -0.00836031 0.987969 15.5467 0.010166 0.999925 0.00687242 1.50015 -0.987951 0.00898231 0.154501 57.538
0.156853 -0.0102421 0.987569 16.3143 0.00810335 0.999926 0.00908323 1.50691 -0.987588 0.00657784 0.156924 57.6804
0.159193 -0.00653814 0.987226 16.9751 0.0167836 0.999851 0.00391533 1.51587 -0.987104 0.0159459 0.159278 57.7763
0.162285 -0.00206421 0.986742 17.6614 0.0197433 0.999804 -0.00115559 1.5235 -0.986546 0.0196691 0.162293 57.8802
0.16582 -0.00100245 0.986155 18.3862 0.0141717 0.999899 -0.00136656 1.53096 -0.986054 0.014202 0.165817 58.008
0.169625 -0.00367377 0.985502 19.1328 0.00997838 0.999948 0.0020101 1.53882 -0.985458 0.0094927 0.169653 58.1421
0.173857 -0.00758552 0.984742 19.8692 0.0143608 0.999883 0.00516672 1.54699 -0.984666 0.0132433 0.173945 58.2788
0.176968 -0.00708855 0.984191 20.5222 0.0198092 0.999797 0.003639 1.5571 -0.984017 0.018852 0.177073 58.3751
0.179333 -0.00306473 0.983784 21.2738 0.0193636 0.999812 -0.00041516 1.555 -0.983597 0.019124 0.179359 58.527
0.183669 -0.00229077 0.982985 22.0247 0.0174279 0.999848 -0.000926349 1.5524 -0.982833 0.0173015 0.183681 58.683
0.187027 -0.00353498 0.982348 22.7985 0.0170288 0.999855 0.000355857 1.55005 -0.982207 0.0166617 0.18706 58.8497
0.190633 -0.00749357 0.981633 23.4718 0.0218955 0.999755 0.00337976 1.54946 -0.981417 0.020849 0.19075 58.9648
0.194033 -0.00857958 0.980957 24.1639 0.0265801 0.999641 0.00348541 1.54637 -0.980635 0.0253976 0.194191 59.0956
0.196629 -0.009555 0.980431 24.9671 0.0297445 0.99955 0.00377594 1.53643 -0.980026 0.0284199 0.196824 59.2824
0.198742 -0.0102419 0.979998 25.7007 0.0301978 0.999534 0.00432195 1.53413 -0.979586 0.0287348 0.198958 59.4432
0.201187 -0.0121628 0.979477 26.4238 0.0323226 0.999461 0.00577173 1.53293 -0.979019 0.030498 0.201472 59.603
0.20455 -0.0142032 0.978753 27.1457 0.0343935 0.999381 0.00731462 1.53344 -0.978251 0.0321665 0.204912 59.7657
0.207236 -0.0139669 0.978191 27.9089 0.0326655 0.999439 0.00734984 1.53975 -0.977745 0.0304299 0.207576 59.9416
0.209975 -0.0122372 0.97763 28.645 0.0302089 0.999525 0.00602299 1.5442 -0.97724 0.0282684 0.210245 60.1143
0.212566 -0.0128712 0.977062 29.4044 0.0320808 0.999466 0.00618691 1.54806 -0.97662 0.0300298 0.212865 60.294
0.215621 -0.0129711 0.976391 30.1215 0.0299094 0.99953 0.00667345 1.55417 -0.976019 0.0277643 0.215908 60.4575
0.218462 -0.0128363 0.975761 30.8681 0.0286612 0.999566 0.00673251 1.56115 -0.975424 0.0264957 0.218735 60.6289
0.222124 -0.0124434 0.974939 31.619 0.0261387 0.999635 0.00680323 1.56633 -0.974668 0.0239724 0.222368 60.8045
0.225977 -0.0103673 0.974078 32.3588 0.0249895 0.999676 0.0048424 1.57293 -0.973812 0.0232474 0.226163 60.97
0.228837 -0.0072869 0.973438 33.1658 0.0237481 0.999716 0.00190085 1.57189 -0.973175 0.0226823 0.228945 61.1859
0.232954 -0.00570604 0.972471 33.8729 0.0229466 0.999736 0.000369168 1.5656 -0.972217 0.0222289 0.233023 61.3372
0.236174 -0.00336894 0.971705 34.6472 0.0173996 0.999848 -0.000762515 1.56253 -0.971555 0.0170874 0.236196 61.5396
0.240565 -0.00375313 0.970626 35.3975 0.0133496 0.999911 0.000557698 1.56256 -0.970541 0.0128233 0.240593 61.7266
0.245352 -0.00439071 0.969424 36.1089 0.0169923 0.999855 0.000227921 1.56594 -0.969285 0.0164168 0.245391 61.8998
0.249471 -0.00334375 0.968377 36.8771 0.0166576 0.999861 -0.000838849 1.56882 -0.968239 0.01634 0.249492 62.1011
0.253451 -0.00215529 0.967346 37.6387 0.0128657 0.999916 -0.00114306 1.57423 -0.967262 0.0127352 0.253457 62.3116
0.258655 -0.00415553 0.965961 38.3833 0.0125888 0.99992 0.000930689 1.58241 -0.965887 0.0119195 0.258687 62.5111
0.264266 -0.00349232 0.964444 39.1155 0.0132872 0.999912 -2.0107e-05 1.59536 -0.964358 0.0128201 0.264289 62.6949
0.272543 0.000421898 0.962144 39.8258 0.00941229 0.999951 -0.0031047 1.60355 -0.962097 0.0099021 0.272525 62.8796
0.278988 0.0095632 0.960247 40.5799 0.00771402 0.999896 -0.0121993 1.60928 -0.960263 0.0108108 0.278885 63.1043
0.286169 0.013862 0.958079 41.2307 0.00716293 0.999836 -0.0166057 1.6104 -0.958152 0.0116146 0.286023 63.32
0.29138 0.0169147 0.956458 42.0107 0.00227184 0.999828 -0.0183739 1.59464 -0.956604 0.00752664 0.291291 63.6064
0.296163 0.0154066 0.955013 42.758 -0.00107276 0.999874 -0.0157977 1.58722 -0.955136 0.00365415 0.296142 63.9037
0.301203 0.0137636 0.953461 43.4935 -0.00102284 0.9999 -0.0141109 1.58078 -0.953559 0.00327497 0.301187 64.184
0.306356 0.0110225 0.951853 44.2343 -0.00187783 0.999938 -0.010975 1.57829 -0.951915 0.00157479 0.306357 64.4646
0.312745 0.00602797 0.949818 45.0081 -0.00314411 0.999981 -0.0053111 1.57753 -0.949831 -0.00132535 0.312758 64.7464
0.318711 -0.000241011 0.947852 45.7692 -0.00494908 0.999986 0.00191834 1.58525 -0.947839 -0.00530243 0.318705 65.0291
0.324458 -0.00266262 0.945896 46.5564 -0.00490901 0.999978 0.0044987 1.58253 -0.945887 -0.00610309 0.324438 65.3279
0.331065 -0.000716728 0.943608 47.2768 -0.00505994 0.999984 0.0025348 1.58059 -0.943594 -0.00561382 0.331056 65.5797
0.335818 0.00419466 0.941918 48.05 -0.00427578 0.999986 -0.00292887 1.56845 -0.941917 -0.00304391 0.335831 65.8909
0.340652 0.00710876 0.940163 48.8169 -0.00529789 0.99997 -0.00564141 1.55653 -0.940174 -0.00305916 0.340679 66.1989
0.346305 0.00974291 0.938071 49.5561 -0.00647799 0.999947 -0.00799413 1.54408 -0.938099 -0.00330845 0.34635 66.4845
0.352867 0.00951942 0.935625 50.2652 -0.00807772 0.999942 -0.00712736 1.53814 -0.935638 -0.00504274 0.352924 66.7553
0.358198 0.00519054 0.933631 50.9548 -0.00234407 0.999986 -0.00466014 1.53388 -0.933642 -0.00051928 0.358205 67.019
0.361731 -0.00218734 0.93228 51.6508 -0.000465732 0.999996 0.00252689 1.52878 -0.932282 -0.00134829 0.361729 67.3114
0.363434 -0.00859813 0.93158 52.3681 -0.00247301 0.999945 0.0101939 1.52263 -0.931616 -0.00600864 0.363393 67.6367
0.367399 -0.011597 0.929991 53.0556 -0.00520427 0.999881 0.0145245 1.51808 -0.930048 -0.0101763 0.367295 67.9377
0.36931 -0.011661 0.929233 53.7122 -0.0065734 0.999863 0.0151598 1.52249 -0.929283 -0.0117069 0.369183 68.2187
0.371945 -0.00998977 0.928201 54.3944 -0.00794562 0.999871 0.013945 1.52732 -0.92822 -0.0125619 0.371817 68.4927
0.373742 -0.00648433 0.92751 55.0675 -0.0124672 0.99985 0.0120137 1.51499 -0.927448 -0.0160535 0.373605 68.7782
0.376048 -0.00336193 0.926594 55.7092 -0.0131636 0.999873 0.00897008 1.50948 -0.926506 -0.0155706 0.375956 69.0378
0.379267 -1.20829e-05 0.925287 56.3584 -0.0123057 0.999911 0.00505701 1.50421 -0.925205 -0.0133043 0.379233 69.3015
0.381909 0.000862492 0.9242 57.005 -0.00987997 0.999946 0.0031495 1.51274 -0.924147 -0.0103339 0.381897 69.5615
0.384551 0.00129845 0.923103 57.652 -0.0116424 0.999926 0.00344351 1.52693 -0.92303 -0.0120714 0.384537 69.8486
0.384534 -6.2418e-05 0.923111 58.251 -0.0105528 0.999934 0.00446351 1.55615 -0.92305 -0.0114579 0.384508 70.1005
0.384611 0.000270602 0.923079 58.8707 -0.0123049 0.999912 0.00483382 1.57762 -0.922996 -0.0132176 0.384581 70.3682
0.38436 -0.000484908 0.923183 59.4661 -0.00999848 0.999939 0.00468797 1.59782 -0.923129 -0.0110323 0.384331 70.6081
0.383475 -0.000464381 0.923551 60.0719 -0.00975053 0.999942 0.00455135 1.61448 -0.923499 -0.0107505 0.383448 70.8595
0.383129 0.000910615 0.923694 60.6621 -0.00944115 0.999951 0.00293017 1.6273 -0.923646 -0.00984341 0.383119 71.0902
0.381947 0.0039143 0.924176 61.2518 -0.00981292 0.999951 -0.000179754 1.63551 -0.924132 -0.00900024 0.381967 71.3365
0.37979 0.00805749 0.925038 61.8116 -0.00792285 0.999953 -0.00545721 1.64512 -0.925038 -0.00525638 0.379836 71.5668
0.377794 0.00878177 0.925848 62.3668 -0.00584649 0.999957 -0.00709907 1.65249 -0.925871 -0.00273102 0.377829 71.7916
0.375042 0.00784435 0.926975 62.9132 -0.00595804 0.999963 -0.00605149 1.65586 -0.926988 -0.00325342 0.375075 72.0336
0.372005 0.0051139 0.928217 63.4511 -0.00558145 0.999979 -0.00327239 1.65985 -0.928213 -0.00396348 0.372026 72.2616
0.369049 0.00161618 0.929408 63.9764 -0.0047926 0.999988 0.00016409 1.66583 -0.929397 -0.00451487 0.369053 72.5011
0.365513 0.000274461 0.930806 64.4409 -0.000295426 0.999999 -0.00017889 1.66996 -0.930806 -0.000209634 0.365513 72.713
0.362485 0.00058139 0.93199 64.9231 0.00316822 0.999993 -0.00185608 1.66856 -0.931984 0.00362551 0.362481 72.9003
0.35793 0.00159458 0.933747 65.3738 0.0059092 0.999974 -0.00397286 1.65947 -0.933729 0.00693966 0.357911 73.0758
0.355949 0.00264694 0.934502 65.8219 0.00423304 0.999981 -0.0044448 1.64778 -0.934495 0.00553787 0.355931 73.2472
0.353363 0.00453859 0.935475 66.2937 0.00283847 0.999978 -0.00592376 1.63185 -0.935482 0.00474852 0.353342 73.4448
0.350487 0.00197234 0.936566 66.7918 0.00397735 0.999985 -0.00359436 1.61528 -0.936559 0.00498478 0.350474 73.6498
0.349559 -0.00204871 0.936912 67.3017 0.0101111 0.999947 -0.00158591 1.59697 -0.93686 0.0100276 0.349561 73.8533
0.349934 -0.00533409 0.936759 67.8071 0.0144487 0.999895 0.00029613 1.58223 -0.936663 0.0134313 0.349974 74.0437
0.351541 -0.00715385 0.936145 68.3107 0.0164824 0.999863 0.00145128 1.56854 -0.936027 0.0149197 0.35161 74.2345
0.354687 -0.00840552 0.934947 68.8349 0.0143654 0.99989 0.00353959 1.55338 -0.934874 0.0121755 0.354769 74.4442
0.359302 -0.00842162 0.933183 69.366 0.0128797 0.999908 0.00406469 1.53957 -0.933132 0.0105587 0.359377 74.6743
0.364747 -0.0117253 0.931033 69.8897 0.0151863 0.999862 0.00664264 1.52799 -0.930982 0.011716 0.364875 74.8913
0.371547 -0.0130627 0.928322 70.428 0.0143934 0.999861 0.00830852 1.5191 -0.928302 0.0102747 0.371684 75.1335
0.378632 -0.0156239 0.925415 70.9467 0.0146305 0.999833 0.0108942 1.51381 -0.925431 0.00941435 0.378798 75.3584
0.386512 -0.0155611 0.922153 71.4793 0.0110766 0.999863 0.0122298 1.50791 -0.922217 0.00548737 0.386631 75.6039
0.395472 -0.016064 0.918337 72.0081 0.0101148 0.999862 0.0131343 1.50333 -0.918422 0.0040945 0.39558 75.8465
0.404326 -0.0126716 0.914527 72.5617 0.00558379 0.999919 0.011386 1.49743 -0.914597 0.000502821 0.404364 76.1158
0.412543 -0.0104482 0.910878 73.0894 0.00218211 0.999942 0.0104815 1.49713 -0.910935 -0.00233648 0.412542 76.3788
0.422985 -0.00729384 0.906107 73.7399 -0.00244094 0.999954 0.0091887 1.49074 -0.906133 -0.00609847 0.422948 76.74
0.432646 -0.00611257 0.901543 74.2975 -0.00272208 0.999963 0.00808613 1.49089 -0.901559 -0.00595253 0.432613 77.0029
0.441942 -0.00540581 0.897027 74.8794 -0.00543538 0.999947 0.00870387 1.49468 -0.897027 -0.00872232 0.441889 77.3072
0.451689 -0.00505186 0.892161 75.4547 -0.00576298 0.999946 0.00857987 1.49571 -0.892156 -0.00901697 0.451636 77.6096
0.461512 -0.00426777 0.887124 76.0561 -0.00918301 0.999912 0.00958763 1.49777 -0.887086 -0.0125713 0.461431 77.9382
0.471291 -0.0101598 0.881919 76.665 -0.00695234 0.999859 0.0152337 1.50436 -0.88195 -0.0133109 0.471154 78.2816
0.480666 -0.0173147 0.876733 77.2535 -0.00250807 0.999774 0.0211197 1.51546 -0.8769 -0.0123504 0.480513 78.5954
0.490428 -0.0226674 0.871187 77.8572 0.000535837 0.999669 0.0257087 1.52773 -0.871481 -0.0121415 0.490278 78.9374
0.500717 -0.0260414 0.865219 78.5174 0.000573869 0.999557 0.0297526 1.54421 -0.86561 -0.0144011 0.50051 79.32
0.50884 -0.0299072 0.860341 79.158 0.00740022 0.999511 0.0303682 1.56223 -0.860829 -0.00908585 0.508812 79.6961
0.51685 -0.0361561 0.855312 79.7949 0.0139622 0.999331 0.0338069 1.59415 -0.855962 -0.00553112 0.517008 80.0687
0.523292 -0.0477301 0.850816 80.457 0.0255797 0.99886 0.0403026 1.63098 -0.851769 0.000673548 0.523916 80.4499
0.530216 -0.0519262 0.846271 81.1303 0.0308735 0.998643 0.0419323 1.66864 -0.8473 0.0038942 0.531099 80.8458
0.536636 -0.0514925 0.842241 81.7837 0.0318379 0.998661 0.04077 1.68342 -0.843213 0.00493653 0.537557 81.2632
0.543207 -0.0476594 0.838245 82.4565 0.0346734 0.998809 0.034319 1.69325 -0.838882 0.0104224 0.544213 81.6898
0.54929 -0.04613 0.834358 83.1159 0.0399968 0.998782 0.0288892 1.70021 -0.834674 0.017503 0.550466 82.1156
0.554392 -0.0445106 0.831064 83.7858 0.0381127 0.998879 0.028074 1.70639 -0.831382 0.01611 0.555467 82.5634
0.559484 -0.041718 0.82779 84.4446 0.03034 0.999094 0.029845 1.71811 -0.828285 0.00841732 0.560243 83.0033
0.563616 -0.0381483 0.825155 85.167 0.02399 0.999267 0.0298116 1.71133 -0.825688 0.00299315 0.564118 83.5503
0.566872 -0.036493 0.822997 85.8579 0.0239726 0.999326 0.0277996 1.70898 -0.823456 0.00397057 0.567365 84.0698
0.570945 -0.0341844 0.820276 86.5508 0.0225502 0.999409 0.0259537 1.70255 -0.820678 0.00367922 0.571378 84.5965
0.574653 -0.0298162 0.817854 87.2059 0.0176712 0.999555 0.0240239 1.70898 -0.818206 0.000647036 0.574924 85.0772
0.57885 -0.031559 0.814823 87.8192 0.0171478 0.999501 0.0265299 1.72296 -0.815254 -0.00138437 0.579102 85.5029
0.58299 -0.035626 0.811698 88.4407 0.0199842 0.999364 0.0295094 1.73769 -0.812233 -0.000982596 0.583331 85.9457
0.586711 -0.0382988 0.80889 89.0178 0.0207244 0.999264 0.0322805 1.76022 -0.809531 -0.00217562 0.587073 86.3397
0.591615 -0.0376698 0.80534 89.6188 0.0191575 0.999282 0.0326681 1.78585 -0.805993 -0.00389865 0.591912 86.7635
0.595386 -0.0350886 0.802673 90.2175 0.017027 0.999372 0.0310574 1.81118 -0.803259 -0.00482401 0.595609 87.2058
0.599046 -0.0349627 0.799951 90.782 0.0186529 0.999384 0.0297108 1.83496 -0.800497 -0.00287674 0.599329 87.6027
0.60004 -0.0367449 0.799125 91.3255 0.0210687 0.999324 0.0301304 1.86236 -0.799692 -0.00124295 0.600408 88.0385
0.601254 -0.0380135 0.798153 91.8772 0.0234447 0.999277 0.0299312 1.8884 -0.798714 0.000716236 0.60171 88.4572
0.603326 -0.0383874 0.79657 92.4225 0.0237132 0.999262 0.0301949 1.91549 -0.797142 0.00067185 0.603791 88.8686
0.606277 -0.0396965 0.794262 92.9501 0.0266505 0.999206 0.0295965 1.94252 -0.794807 0.00322375 0.606854 89.2395
0.609837 -0.035983 0.791709 93.4744 0.0247332 0.999346 0.0263685 1.96715 -0.79214 0.00350097 0.610328 89.6162
0.612648 -0.0368406 0.789497 93.98 0.0288446 0.99929 0.0242468 1.9891 -0.789829 0.00791791 0.613276 89.9839
0.615615 -0.0374496 0.787157 94.4858 0.0306591 0.999252 0.0235625 2.0061 -0.787451 0.00962811 0.616302 90.3937
0.618212 -0.039892 0.784998 94.9764 0.0346713 0.999123 0.0234685 2.02466 -0.785246 0.0127084 0.619053 90.7836
0.621464 -0.0413407 0.782351 95.4449 0.0370531 0.99904 0.0233575 2.04261 -0.782566 0.0144727 0.622399 91.1376
0.624429 -0.0417298 0.779966 95.9152 0.038136 0.999009 0.0229179 2.05627 -0.78015 0.0154342 0.625402 91.5367
0.627839 -0.0415511 0.777233 96.3408 0.0381937 0.999016 0.0225552 2.07382 -0.777405 0.0155244 0.628808 91.8522
0.630197 -0.0422913 0.775282 96.7813 0.0399502 0.998959 0.0220187 2.0842 -0.775406 0.0170966 0.631231 92.223
0.634201 -0.0409209 0.772084 97.2119 0.0394166 0.999011 0.0205706 2.09442 -0.772162 0.017387 0.635187 92.5892
0.637155 -0.0416049 0.769612 97.6463 0.0421175 0.998929 0.0191329 2.10574 -0.769584 0.0202235 0.638225 92.9728
0.641923 -0.0378563 0.765834 98.0533 0.0398635 0.999077 0.0159721 2.11352 -0.765732 0.0202759 0.64284 93.319
0.646402 -0.0324812 0.762305 98.4641 0.0369015 0.999255 0.0112866 2.11638 -0.762104 0.0208345 0.647119 93.6921
0.652467 -0.0254203 0.757391 98.8657 0.0316664 0.999479 0.00626588 2.11704 -0.757155 0.0198956 0.652932 94.0633
0.657291 -0.0193164 0.75339 99.26 0.0273312 0.999625 0.00178467 2.11731 -0.753141 0.019418 0.657572 94.442
0.662199 -0.0145271 0.749187 99.6621 0.0234214 0.999725 -0.00131685 2.11209 -0.748962 0.018419 0.662357 94.846
0.666717 -0.0136751 0.745186 100.075 0.019493 0.999809 0.000907313 2.10993 -0.745056 0.013921 0.666856 95.2531
0.671341 -0.0138737 0.741018 100.489 0.0141448 0.999882 0.00590538 2.11136 -0.741013 0.006517 0.671459 95.6746
0.675889 -0.0147057 0.736857 100.903 0.00806478 0.999888 0.0125576 2.11588 -0.736959 -0.00254496 0.675932 96.1077
0.680402 -0.0150285 0.732685 101.329 0.00214761 0.999826 0.0185136 2.12032 -0.732836 -0.0110232 0.680316 96.5648
0.68525 -0.0161818 0.728128 101.744 -0.000335886 0.999746 0.0225343 2.12701 -0.728308 -0.0156862 0.68507 96.9751
0.690889 -0.0126589 0.72285 102.179 -0.00486686 0.999742 0.0221596 2.13254 -0.722944 -0.0188279 0.69065 97.425
0.696432 -0.00899699 0.717566 102.614 -0.00820609 0.999756 0.0204995 2.13657 -0.717575 -0.0201649 0.696189 97.8969
0.700556 -0.00622148 0.71357 103.036 -0.0110395 0.999748 0.0195547 2.12279 -0.713512 -0.0215766 0.70031 98.3666
0.705258 -0.00441425 0.708936 103.479 -0.013971 0.9997 0.0201231 2.11494 -0.708812 -0.0240965 0.704985 98.8482
0.711318 -0.00334778 0.702862 103.943 -0.0176903 0.999587 0.0226642 2.10772 -0.702647 -0.0285553 0.710965 99.3354
0.717096 -0.00167644 0.696973 104.413 -0.0228307 0.999404 0.0258937 2.09615 -0.6966 -0.0344806 0.71663 99.8708
0.720593 -0.0034162 0.693349 104.833 -0.0267098 0.999109 0.032682 2.05559 -0.692843 -0.0420697 0.71986 100.357
0.725916 -0.00550087 0.687761 105.305 -0.0294229 0.998804 0.0390437 2.02536 -0.687154 -0.0485783 0.724886 100.929
0.732627 -0.00601408 0.680604 105.803 -0.0308948 0.998636 0.0420805 2.01983 -0.679929 -0.0518565 0.731442 101.488
0.740269 -0.00379338 0.6723 106.315 -0.0358808 0.998336 0.0451413 2.02177 -0.671353 -0.0575394 0.738901 102.066
0.747611 -0.00309395 0.66413 106.801 -0.0375977 0.998188 0.0469738 2.03429 -0.663072 -0.0600878 0.74614 102.609
0.753715 -0.00269615 0.657196 107.287 -0.0391959 0.998027 0.0490468 2.05476 -0.656031 -0.0627267 0.752122 103.202
0.756908 -0.00487624 0.653503 107.751 -0.0384007 0.997912 0.051923 2.07773 -0.652392 -0.0643959 0.755141 103.824
0.759652 -0.00722634 0.650289 108.26 -0.0368031 0.997858 0.0540811 2.112 -0.649287 -0.0650154 0.757759 104.442
0.762595 -0.0099264 0.6468 108.74 -0.0339073 0.997894 0.0552922 2.15089 -0.645987 -0.0640968 0.760652 105.053
0.765061 -0.0149469 0.643785 109.267 -0.0276894 0.998042 0.0560771 2.20524 -0.643362 -0.0607283 0.763149 105.711
0.766748 -0.0233442 0.641524 109.772 -0.0193364 0.998045 0.0594283 2.23083 -0.641657 -0.0579713 0.764797 106.339
0.769072 -0.0309126 0.638415 110.314 -0.0128942 0.997876 0.0638511 2.26574 -0.639032 -0.0573379 0.767039 106.995
0.770908 -0.0368771 0.635878 110.836 -0.00719644 0.997754 0.0665883 2.31984 -0.636905 -0.0559095 0.768912 107.637
0.773096 -0.0377796 0.633163 111.353 -0.00691331 0.997663 0.0679697 2.37902 -0.634251 -0.0569244 0.771028 108.292
0.77496 -0.0374016 0.630902 111.87 -0.00642497 0.997729 0.06704 2.4372 -0.631977 -0.0560069 0.77296 108.958
0.777825 -0.0325774 0.627636 112.402 -0.0116592 0.997736 0.0662366 2.49476 -0.628373 -0.0588382 0.775684 109.662
0.780715 -0.0295972 0.624185 112.948 -0.0168816 0.997514 0.0684143 2.55284 -0.624658 -0.0639494 0.778275 110.385
0.783229 -0.03266 0.620875 113.456 -0.0164614 0.99718 0.0732207 2.60446 -0.621515 -0.067569 0.780482 111.025
0.787171 -0.0352155 0.615728 114.013 -0.0186722 0.99655 0.0808671 2.66904 -0.616452 -0.0751533 0.783798 111.724
0.789687 -0.0405423 0.612169 114.541 -0.0173524 0.995939 0.0883426 2.73709 -0.613264 -0.0803856 0.785776 112.416
0.793248 -0.0449593 0.607237 115.088 -0.0145907 0.99558 0.092772 2.80801 -0.608724 -0.0824512 0.789086 113.138
0.796088 -0.0496001 0.603145 115.613 -0.00774221 0.995719 0.0921026 2.87152 -0.605131 -0.0779914 0.792296 113.843
0.798736 -0.0548846 0.599173 116.127 0.00305284 0.996188 0.0871815 2.93931 -0.601674 -0.0678058 0.795858 114.529
0.801512 -0.0559517 0.595356 116.668 0.0096372 0.996692 0.0806949 3.00846 -0.597902 -0.0589403 0.799399 115.313
0.805147 -0.0574746 0.590284 117.208 0.0139922 0.996857 0.0779763 3.07913 -0.59291 -0.054523 0.80342 116.091
0.80885 -0.0613442 0.584807 117.724 0.0165709 0.996526 0.0816127 3.15125 -0.587782 -0.0563216 0.807056 116.833
0.81154 -0.0681945 0.580304 118.248 0.0228712 0.996112 0.0850733 3.2297 -0.583849 -0.0557681 0.809944 117.668
0.814929 -0.072041 0.575066 118.733 0.0281446 0.995993 0.0848884 3.29589 -0.578877 -0.052993 0.813691 118.328
0.816269 -0.0720701 0.573159 119.226 0.030951 0.996218 0.0811872 3.35044 -0.576843 -0.0485307 0.815412 119.17
0.81821 -0.0721148 0.570379 119.72 0.0314565 0.996231 0.0808322 3.41886 -0.574059 -0.0481955 0.817394 119.916
0.819228 -0.0763786 0.56836 120.213 0.0352852 0.995926 0.0829771 3.48107 -0.572382 -0.0479224 0.818585 120.702
0.819937 -0.0822006 0.566522 120.726 0.0394759 0.9954 0.0872954 3.56196 -0.571091 -0.0492127 0.81941 121.436
0.820294 -0.0871435 0.565264 121.256 0.0436016 0.994976 0.0901164 3.65058 -0.570277 -0.0492755 0.819973 122.22
0.820158 -0.0921474 0.564668 121.794 0.0478766 0.994537 0.0927582 3.74355 -0.57013 -0.049042 0.820089 122.994
0.820518 -0.0932296 0.563967 122.328 0.0483569 0.994394 0.094029 3.83682 -0.569572 -0.0498808 0.820426 123.79
0.820579 -0.0938778 0.56377 122.86 0.0484101 0.994289 0.0951049 3.93076 -0.569479 -0.0507489 0.820438 124.572
0.820871 -0.0920862 0.563641 123.39 0.0473505 0.994491 0.0935175 4.02044 -0.569147 -0.0500771 0.820709 125.359
0.820866 -0.0889653 0.564149 123.912 0.0442033 0.994726 0.0925483 4.1071 -0.569407 -0.0510325 0.82047 126.119
0.819806 -0.0856773 0.566195 124.443 0.040816 0.994972 0.0914617 4.18789 -0.571184 -0.0518711 0.819181 126.882
0.818924 -0.0843111 0.567675 124.982 0.0378289 0.994929 0.0931951 4.27328 -0.572653 -0.0548452 0.817961 127.676
0.81757 -0.0827142 0.569857 125.517 0.0351611 0.994954 0.093971 4.35648 -0.574754 -0.0567911 0.816353 128.446
0.816249 -0.0839712 0.571566 126.047 0.0347887 0.994729 0.0964583 4.43752 -0.576652 -0.0588499 0.814867 129.18
0.814624 -0.0852656 0.573688 126.587 0.0331047 0.994358 0.10078 4.5212 -0.579044 -0.0631063 0.81285 129.952
0.811726 -0.0900432 0.577055 127.117 0.036806 0.993966 0.103324 4.60894 -0.582877 -0.0626315 0.810143 130.695
0.809814 -0.0863504 0.580298 127.64 0.0354595 0.994505 0.0985016 4.69529 -0.585614 -0.0591909 0.808425 131.42
0.808108 -0.077435 0.583923 128.179 0.0295918 0.995406 0.0910496 4.77067 -0.588291 -0.0562985 0.806687 132.17
0.805799 -0.0731187 0.587658 128.752 0.0271095 0.995862 0.0867363 4.84687 -0.591568 -0.0539608 0.804447 132.991
0.804188 -0.0737555 0.589781 129.246 0.0243691 0.995528 0.0912682 4.91746 -0.593875 -0.0590243 0.802389 133.611
0.800981 -0.0751513 0.593955 129.839 0.0208029 0.994985 0.0978384 5.00419 -0.598329 -0.0660106 0.798526 134.454
0.798129 -0.0767246 0.597582 130.387 0.0181523 0.99447 0.103438 5.08416 -0.602213 -0.0717091 0.795108 135.213
0.795156 -0.0784837 0.601305 130.948 0.0188548 0.99431 0.104846 5.16775 -0.606111 -0.0720316 0.792111 135.975
0.792611 -0.0818083 0.604215 131.501 0.0209761 0.99403 0.107071 5.24838 -0.609367 -0.0721917 0.789595 136.656
0.791017 -0.0840352 0.605996 132.078 0.0246273 0.994092 0.105707 5.33594 -0.611299 -0.068692 0.788413 137.346
0.788631 -0.087471 0.608613 132.657 0.0293096 0.994052 0.104888 5.42251 -0.614167 -0.0648798 0.786504 138.029
0.786398 -0.0895988 0.611187 133.252 0.0329792 0.994103 0.1033 5.51258 -0.616839 -0.0610784 0.784716 138.729
0.784332 -0.0914957 0.613558 133.845 0.034387 0.993955 0.104264 5.62065 -0.619388 -0.0606788 0.782736 139.43
0.781454 -0.0893877 0.617527 134.432 0.0312357 0.994049 0.104362 5.73235 -0.62318 -0.0622653 0.779595 140.156
0.778016 -0.0885599 0.621972 134.995 0.0303082 0.994153 0.103641 5.83296 -0.627513 -0.0617835 0.77615 140.809
0.774077 -0.084589 0.627415 135.568 0.0253155 0.994377 0.10283 5.92673 -0.632585 -0.063715 0.771865 141.487
0.76967 -0.0774195 0.633731 136.153 0.0194845 0.995006 0.0978905 6.01837 -0.638145 -0.0629954 0.767334 142.213
0.765476 -0.073643 0.639236 136.741 0.0168693 0.995385 0.0944721 6.10787 -0.643243 -0.0615326 0.763185 142.915
0.760643 -0.0710034 0.645276 137.331 0.0147027 0.99563 0.0922234 6.19506 -0.649004 -0.0606618 0.758363 143.61
0.755181 -0.0756013 0.651142 137.921 0.0129286 0.994852 0.100514 6.28619 -0.655389 -0.0674877 0.75227 144.297
0.750384 -0.0790378 0.65626 138.517 0.00707416 0.993729 0.111593 6.38962 -0.660964 -0.0790948 0.746237 144.994
0.744108 -0.0839723 0.662761 139.108 0.00701244 0.992996 0.11794 6.49566 -0.668022 -0.0831126 0.739485 145.678
0.73808 -0.0806817 0.669872 139.718 -0.00100404 0.992692 0.120669 6.60801 -0.674712 -0.0897363 0.732605 146.386
0.73066 -0.0796252 0.678083 140.326 -0.00157593 0.992977 0.1183 6.71596 -0.68274 -0.0875058 0.725402 147.065
0.723948 -0.080964 0.685087 140.914 0.00299474 0.993448 0.114242 6.81666 -0.689848 -0.0806534 0.719447 147.686
0.717374 -0.0731903 0.692833 141.532 0.00101305 0.994575 0.104017 6.9115 -0.696687 -0.0739173 0.713556 148.33
0.709678 -0.0725105 0.700785 142.195 0.00169329 0.994862 0.101224 7.01537 -0.704524 -0.0706499 0.706155 149.032
0.703019 -0.0764999 0.707045 142.853 0.00291148 0.994499 0.104706 7.12062 -0.711165 -0.0715521 0.699374 149.697
0.695355 -0.0819896 0.713975 143.515 0.00498767 0.993998 0.109288 7.22748 -0.71865 -0.0724331 0.691589 150.349
0.689203 -0.0834418 0.719748 144.178 0.00516724 0.993888 0.110275 7.33475 -0.72455 -0.0722829 0.685421 150.996
0.682924 -0.0815207 0.725927 144.834 0.00259391 0.994018 0.109187 7.43835 -0.730485 -0.0726833 0.67905 151.616
0.676122 -0.0840855 0.731976 145.512 0.00499672 0.993967 0.109566 7.54423 -0.736773 -0.0704226 0.672463 152.267
0.67016 -0.0899718 0.736743 146.195 0.00869763 0.993509 0.113417 7.65417 -0.742166 -0.0695994 0.666593 152.912
0.66525 -0.0922146 0.740905 146.875 0.0082378 0.99319 0.116218 7.76262 -0.746576 -0.0712105 0.661478 153.537
0.661279 -0.0924363 0.744423 147.56 0.00519273 0.992919 0.11868 7.8719 -0.750122 -0.0746148 0.657076 154.166
0.65682 -0.0912394 0.748507 148.266 0.00435112 0.993095 0.117235 7.98419 -0.754035 -0.0737457 0.652681 154.812
0.654034 -0.088808 0.751234 148.891 0.00524906 0.993594 0.112889 8.08931 -0.756447 -0.0698899 0.65031 155.298
0.651977 -0.0833349 0.753646 149.554 0.00414094 0.994319 0.106365 8.19341 -0.758228 -0.0662268 0.648617 155.847
0.649769 -0.0809208 0.755813 150.243 0.00151542 0.994453 0.105168 8.29814 -0.760131 -0.0671895 0.646287 156.445
0.64801 -0.0843814 0.756944 150.898 0.00129406 0.993964 0.109696 8.4004 -0.761631 -0.0701044 0.644207 156.977
0.646083 -0.0920409 0.757697 151.559 0.00463868 0.993158 0.116688 8.50823 -0.763253 -0.0718754 0.642089 157.525
0.643667 -0.0974813 0.759073 152.201 0.00915495 0.992764 0.119729 8.61312 -0.765251 -0.0701164 0.639901 158.033
0.641366 -0.10015 0.760671 152.859 0.0147193 0.992868 0.11831 8.7218 -0.767094 -0.0646832 0.638265 158.579
0.640258 -0.0985769 0.761809 153.484 0.0165028 0.993268 0.114658 8.81844 -0.767982 -0.0608385 0.637574 159.067
