1 0 0 0 0 1 0 0 0 0 1 0
0.99995 3.05057e-05 -0.00997093 0.11889 -5.6106e-05 0.999997 -0.00256723 0.0367718 0.00997082 0.00256766 0.999947 1.08442
0.999734 -0.00193817 -0.0229842 0.259315 0.00183971 0.999989 -0.00430416 0.0358576 0.0229923 0.00426073 0.999727 2.30421
0.999529 -0.00364742 -0.0304586 0.361941 0.003429 0.999968 -0.00722038 0.0370234 0.030484 0.00711253 0.99951 3.50505
0.999215 -0.00257746 -0.0395215 0.449458 0.00223197 0.999959 -0.00878332 0.0347288 0.0395425 0.00868822 0.99918 4.72118
0.998816 -0.00386787 -0.0484917 0.525819 0.003386 0.999944 -0.0100153 0.0286521 0.0485277 0.00983929 0.998773 5.95985
0.998423 -0.0066328 -0.0557405 0.589491 0.00607128 0.999929 -0.0102371 0.0197419 0.0558045 0.00988255 0.998393 7.21266
0.997887 -0.00701156 -0.0645884 0.63851 0.00630523 0.999918 -0.0111332 0.0083983 0.0646612 0.0107025 0.99785 8.49058
0.997327 -0.00760062 -0.0726744 0.667601 0.00661175 0.999882 -0.0138378 -0.00959072 0.072771 0.0133203 0.99726 9.78206
0.996763 -0.00604931 -0.0801689 0.67205 0.00471409 0.999847 -0.0168339 -0.0373081 0.0802585 0.0164015 0.996639 11.0922
0.996289 -0.00325178 -0.0860076 0.637955 0.0016859 0.999831 -0.0182727 -0.070624 0.0860526 0.0180599 0.996127 12.3941
0.995907 -0.00141889 -0.0903695 0.5696 -0.000248868 0.99983 -0.018441 -0.110108 0.0903803 0.018388 0.995738 13.7144
0.995751 -0.0011054 -0.0920789 0.465345 -0.000506351 0.999847 -0.0174788 -0.150665 0.0920842 0.0174512 0.995598 15.0457
0.995691 -0.00321703 -0.0926761 0.343229 0.0018467 0.999888 -0.0148683 -0.193762 0.0927136 0.014633 0.995585 16.3927
0.995738 -0.00712908 -0.091953 0.201658 0.00597063 0.999899 -0.0128672 -0.234256 0.0920355 0.0122634 0.99568 17.7268
0.995741 -0.010168 -0.0916314 0.0677323 0.0088428 0.99985 -0.0148563 -0.282123 0.0917688 0.0139828 0.995682 19.089
0.995729 -0.0106776 -0.0916986 -0.0509752 0.00921721 0.999824 -0.0163344 -0.330263 0.0918569 0.0154194 0.995653 20.3881
0.995717 -0.00840207 -0.0920687 -0.163623 0.00684994 0.999829 -0.0171614 -0.388225 0.0921972 0.0164572 0.995605 21.7474
0.995724 -0.0052308 -0.0922327 -0.279439 0.00391152 0.999888 -0.0144787 -0.444803 0.092298 0.0140561 0.995632 23.1307
0.995636 -0.00469302 -0.093199 -0.401383 0.00374997 0.99994 -0.0102913 -0.498887 0.0932417 0.00989685 0.995594 24.5341
0.995679 -0.00724606 -0.0925819 -0.544332 0.00654285 0.999947 -0.00789677 -0.542128 0.0926343 0.00725689 0.995674 25.893
0.995583 -0.0114857 -0.0931769 -0.677192 0.0106961 0.999903 -0.00896892 -0.591997 0.0932709 0.00793268 0.995609 27.282
0.99553 -0.0123702 -0.093628 -0.818715 0.0114421 0.99988 -0.0104432 -0.643897 0.0937459 0.00932525 0.995553 28.6569
0.99571 -0.0140017 -0.0914607 -0.956481 0.0129127 0.999839 -0.0124883 -0.695908 0.0916208 0.0112537 0.99573 30.0102
0.995907 -0.00885113 -0.0899434 -1.09055 0.00772906 0.999888 -0.0128159 -0.751831 0.0900468 0.0120683 0.995864 31.3572
0.995939 -0.00849655 -0.0896292 -1.22259 0.0073039 0.99988 -0.013626 -0.80769 0.0897343 0.0129161 0.995882 32.7151
0.996012 -0.00911366 -0.0887522 -1.34765 0.00804364 0.999891 -0.0124065 -0.860537 0.0888556 0.0116431 0.995977 34.0832
0.995974 -0.010208 -0.0890543 -1.47807 0.00935459 0.999906 -0.00999498 -0.910209 0.089148 0.00912168 0.995977 35.4578
0.995984 -0.0105134 -0.0889124 -1.60752 0.00983489 0.999919 -0.00806562 -0.956906 0.08899 0.00715878 0.996007 36.8329
0.99605 -0.00879998 -0.0883565 -1.73215 0.00824011 0.999944 -0.00669928 -1.00315 0.0884105 0.00594475 0.996066 38.216
0.996079 -0.00608805 -0.0882536 -1.85799 0.00553623 0.999964 -0.00649607 -1.04968 0.0882899 0.00598201 0.996077 39.6036
0.996034 -0.00409508 -0.0888758 -1.98152 0.00363763 0.999979 -0.00530844 -1.09358 0.0888957 0.00496409 0.996029 41.0178
0.996051 -0.00269629 -0.0887423 -2.10591 0.00229507 0.999987 -0.00462284 -1.13621 0.0887536 0.00440091 0.996044 42.4373
0.996053 -0.00262803 -0.0887227 -2.22614 0.00224885 0.999988 -0.0043735 -1.18004 0.0887331 0.00415671 0.996047 43.862
0.996021 -0.00132925 -0.0891065 -2.35256 0.00100263 0.999993 -0.00371011 -1.22931 0.0891108 0.00360601 0.996015 45.2744
0.995961 3.98233e-05 -0.0897883 -2.48565 -0.000303478 0.999996 -0.00292274 -1.27825 0.0897878 0.00293818 0.995957 46.6693
0.995828 -0.000124177 -0.0912466 -2.61632 0.000134541 1 0.000107436 -1.32663 0.0912466 -0.000119267 0.995828 48.093
0.995733 -0.000219052 -0.0922827 -2.74025 0.000337051 0.999999 0.00126309 -1.37637 0.0922823 -0.00128881 0.995732 49.5304
0.995516 0.0020404 -0.0945663 -2.86949 -0.00178439 0.999995 0.00279162 -1.42318 0.0945714 -0.00261037 0.995515 50.9676
0.995324 0.00291399 -0.0965481 -2.99784 -0.00246563 0.999986 0.00476285 -1.46449 0.0965606 -0.00450253 0.995317 52.398
0.995166 0.00241766 -0.0981796 -3.12933 -0.00174713 0.999975 0.00691496 -1.50283 0.0981938 -0.00671001 0.995145 53.8447
0.995132 0.00133457 -0.0985376 -3.26363 -0.000538299 0.999967 0.00810705 -1.53774 0.0985452 -0.00801455 0.9951 55.2906
0.995021 -0.0020129 -0.0996485 -3.40079 0.002914 0.999956 0.00889808 -1.56981 0.0996262 -0.00914415 0.994983 56.7227
0.995037 -0.0012267 -0.0994923 -3.54835 0.0022125 0.99995 0.00979859 -1.60164 0.0994752 -0.00997009 0.99499 58.1423
0.995266 -0.00150422 -0.097171 -3.69237 0.00259776 0.999935 0.0111282 -1.63164 0.0971479 -0.0113279 0.995206 59.5622
0.9953 -0.001068 -0.0968288 -3.83762 0.00231907 0.999915 0.0128088 -1.6647 0.0968069 -0.0129732 0.995219 60.997
0.995442 -0.00433553 -0.0952663 -3.97747 0.00569068 0.999886 0.0139577 -1.69255 0.095195 -0.0144363 0.995354 62.4216
0.995536 -0.00950984 -0.093899 -4.11149 0.0109965 0.999822 0.0153274 -1.71692 0.0937366 -0.0162916 0.995464 63.8387
0.995641 -0.00984357 -0.0927424 -4.24395 0.0113896 0.999805 0.0161557 -1.7401 0.0925653 -0.0171416 0.995559 65.2566
0.995599 -0.00989447 -0.0931948 -4.37717 0.0115976 0.999775 0.0177505 -1.76096 0.0929983 -0.0187533 0.99549 66.6745
0.995738 -0.00521477 -0.0920837 -4.50934 0.00702996 0.999787 0.019399 -1.7779 0.091963 -0.0199637 0.995562 68.0775
0.995816 -0.00196131 -0.091363 -4.64218 0.00396824 0.999755 0.0217901 -1.7898 0.0912979 -0.0220615 0.995579 69.4894
0.99593 0.00434809 -0.0900265 -4.77229 -0.00240797 0.999763 0.021648 -1.80085 0.0900993 -0.0213431 0.995704 70.8915
0.99585 0.00562745 -0.0908346 -4.91327 -0.00348576 0.999713 0.0237193 -1.80361 0.090942 -0.0233042 0.995583 72.3034
0.99595 0.0092697 -0.0894247 -5.05277 -0.00723859 0.999709 0.0230107 -1.80752 0.089612 -0.0222702 0.995728 73.7162
0.995935 0.0171449 -0.0884286 -5.19042 -0.0153571 0.999664 0.0208588 -1.81497 0.0887565 -0.019416 0.995864 75.1291
0.99596 0.0206264 -0.0873933 -5.33204 -0.0189147 0.999614 0.0203686 -1.82025 0.0877797 -0.0186333 0.995966 76.5412
0.996046 0.0198617 -0.0865846 -5.46791 -0.0181537 0.999626 0.0204699 -1.82316 0.0869588 -0.0188172 0.996034 77.9491
0.996279 0.0157145 -0.084745 -5.59107 -0.0140733 0.999702 0.0199291 -1.81899 0.085033 -0.0186623 0.996203 79.3364
0.996209 0.0147006 -0.0857379 -5.73151 -0.0130074 0.99971 0.0202741 -1.8092 0.0860111 -0.019082 0.996111 80.7282
0.996274 0.0160278 -0.0847383 -5.84957 -0.0144552 0.999712 0.0191388 -1.81065 0.0850207 -0.0178426 0.996219 82.0936
0.996135 0.0169805 -0.0861733 -5.97005 -0.0154193 0.999705 0.0187505 -1.81256 0.0864663 -0.0173493 0.996104 83.4589
0.996008 0.0139295 -0.0881655 -6.1072 -0.0121886 0.999721 0.0202529 -1.80865 0.0884231 -0.0190975 0.9959 84.8261
0.995941 0.0129834 -0.0890684 -6.26201 -0.0111258 0.999711 0.0213213 -1.79686 0.0893195 -0.0202438 0.995797 86.1957
0.996096 0.0121207 -0.0874388 -6.40615 -0.010336 0.999729 0.0208346 -1.78889 0.0876677 -0.0198495 0.995952 87.5593
0.99604 0.00933196 -0.0884156 -6.56918 -0.00743975 0.999737 0.0217068 -1.77166 0.0885949 -0.0209631 0.995847 88.9393
0.99615 0.0079012 -0.0873116 -6.71966 -0.00608489 0.99976 0.0210493 -1.75873 0.087457 -0.020437 0.995959 90.3039
0.996262 0.00705701 -0.0860948 -6.86679 -0.00534351 0.999783 0.0201167 -1.74821 0.0862181 -0.0195815 0.996084 91.6643
0.996355 0.00550743 -0.0851224 -7.02597 -0.00388538 0.999808 0.0192095 -1.73054 0.0852119 -0.0188087 0.996185 93.046
0.996477 0.00581816 -0.08366 -7.15899 -0.00431553 0.999826 0.0181308 -1.72321 0.083751 -0.0177059 0.996329 94.4249
0.996506 0.00566646 -0.0833283 -7.29967 -0.00423266 0.99984 0.0173732 -1.7158 0.0834135 -0.0169598 0.996371 95.7939
0.996568 0.0070664 -0.0824732 -7.43997 -0.00574879 0.999852 0.0162028 -1.71024 0.0825756 -0.0156731 0.996461 97.1637
0.996704 0.00817951 -0.0807158 -7.58176 -0.00690235 0.999847 0.0160894 -1.7026 0.080835 -0.0154792 0.996607 98.5045
0.996902 0.00571003 -0.078439 -7.71053 -0.00437216 0.999842 0.0172175 -1.69044 0.078525 -0.0168212 0.99677 99.8442
0.996981 0.00665026 -0.0773566 -7.83292 -0.00531274 0.999833 0.0174833 -1.68095 0.07746 -0.0170196 0.99685 101.175
0.996991 0.00481666 -0.0773597 -7.96285 -0.00362931 0.999873 0.0154817 -1.66702 0.0774245 -0.0151544 0.996883 102.529
0.997126 0.00545196 -0.0755604 -8.0804 -0.00454708 0.999916 0.0121425 -1.66173 0.0756202 -0.011764 0.997067 103.86
0.997055 0.00822282 -0.0762394 -8.19555 -0.00749767 0.999924 0.00979296 -1.66603 0.0763142 -0.0091925 0.997041 105.193
0.997198 0.00624475 -0.0745384 -8.29783 -0.00550992 0.999934 0.01006 -1.67645 0.0745963 -0.00962114 0.997167 106.503
0.997167 0.00436975 -0.0750914 -8.41722 -0.00344916 0.999917 0.0123849 -1.68185 0.0751393 -0.0120908 0.9971 107.836
0.997271 0.0030503 -0.0737662 -8.53137 -0.00209248 0.999912 0.0130584 -1.68619 0.0737997 -0.0128684 0.99719 109.164
0.99744 0.00319555 -0.0714289 -8.64368 -0.00242549 0.999938 0.010865 -1.69257 0.0714592 -0.0106639 0.997386 110.483
0.997569 0.0051796 -0.0694848 -8.73423 -0.0046278 0.999956 0.00810003 -1.71239 0.0695238 -0.00775877 0.99755 111.805
0.997531 0.00709246 -0.0698703 -8.84916 -0.00660061 0.999952 0.00726793 -1.72658 0.0699185 -0.00678878 0.99753 113.146
0.99766 0.0117758 -0.0673397 -8.95719 -0.0113316 0.999911 0.0069746 -1.7442 0.0674159 -0.00619521 0.997706 114.48
0.997835 0.0149452 -0.0640406 -9.0607 -0.0144711 0.999864 0.00786042 -1.76062 0.0641494 -0.00691665 0.997916 115.813
0.997893 0.0163664 -0.0627817 -9.16221 -0.0158065 0.999831 0.00940448 -1.77642 0.062925 -0.0083923 0.997983 117.147
0.997987 0.0138874 -0.0618685 -9.27089 -0.0132313 0.999852 0.0110019 -1.78606 0.0620121 -0.0101611 0.998024 118.485
0.998134 0.0123578 -0.0598007 -9.37736 -0.0116809 0.999864 0.011656 -1.79297 0.0599366 -0.0109358 0.998142 119.816
0.998196 0.0171723 -0.0575312 -9.47628 -0.0166262 0.999812 0.00995666 -1.80057 0.0576914 -0.00898216 0.998294 121.146
0.998303 0.0181994 -0.0553061 -9.59152 -0.0176794 0.999795 0.00987792 -1.80326 0.0554745 -0.00888338 0.99842 122.494
0.998482 0.0199571 -0.0513382 -9.68717 -0.0195901 0.999779 0.00764407 -1.81093 0.0514795 -0.00662673 0.998652 123.826
0.998482 0.0226207 -0.0502047 -9.78009 -0.0223505 0.999732 0.00593746 -1.82142 0.0503256 -0.00480634 0.998721 125.156
0.998586 0.0233185 -0.047777 -9.86162 -0.0231247 0.999722 0.00460549 -1.8371 0.0478712 -0.00349414 0.998847 126.478
0.998682 0.0224373 -0.0461628 -9.94625 -0.0221931 0.999737 0.00579626 -1.8475 0.0462808 -0.00476411 0.998917 127.808
0.998851 0.0204746 -0.0433112 -10.025 -0.0202206 0.999775 0.00629519 -1.85701 0.0434304 -0.00541217 0.999042 129.137
0.998935 0.0190673 -0.0420146 -10.0914 -0.0188256 0.999804 0.00614204 -1.87094 0.0421235 -0.00534454 0.999098 130.461
0.999028 0.0168911 -0.0407005 -10.156 -0.0166528 0.999842 0.00618676 -1.88458 0.0407987 -0.00550296 0.999152 131.784
0.999054 0.0154901 -0.040626 -10.218 -0.015239 0.999863 0.00648315 -1.89701 0.0407209 -0.00585791 0.999153 133.129
0.999064 0.0135824 -0.0410657 -10.2873 -0.0133345 0.999891 0.00630484 -1.90727 0.0411469 -0.00575134 0.999136 134.493
0.999094 0.0116374 -0.0409279 -10.3619 -0.0113984 0.999916 0.00606887 -1.91866 0.0409952 -0.00559685 0.999143 135.846
0.999077 0.0104834 -0.0416512 -10.4338 -0.0101896 0.999921 0.00725977 -1.9306 0.0417241 -0.00682866 0.999106 137.211
0.999078 0.00880454 -0.0420134 -10.5044 -0.00850474 0.999937 0.00730938 -1.94234 0.0420752 -0.00694532 0.99909 138.585
0.999065 0.00946082 -0.0421769 -10.5829 -0.00918199 0.999934 0.00680013 -1.95421 0.0422385 -0.0064065 0.999087 139.941
0.999045 0.00998107 -0.0425167 -10.6616 -0.00974054 0.999935 0.00586101 -1.96659 0.0425724 -0.00544127 0.999079 141.313
0.999045 0.0101118 -0.0424936 -10.745 -0.00988629 0.999936 0.00551306 -1.98246 0.0425467 -0.00508768 0.999081 142.68
0.999095 0.0091308 -0.0415197 -10.8246 -0.00903333 0.999956 0.00253502 -2.00248 0.0415411 -0.00215765 0.999134 144.043
0.999105 0.00298807 -0.0421756 -10.8991 -0.00288798 0.999992 0.00243423 -2.01541 0.0421826 -0.00231024 0.999107 145.419
0.999101 -0.00595246 -0.0419553 -10.957 0.0060997 0.999975 0.00338254 -2.01593 0.0419342 -0.00363541 0.999114 146.736
0.998946 -0.0118345 -0.0443297 -11.0061 0.0119978 0.999922 0.00341986 -2.01594 0.0442858 -0.00394811 0.999011 148.069
0.998818 -0.0157854 -0.0459577 -11.0517 0.0157754 0.999875 -0.000579727 -2.02392 0.0459611 -0.000145949 0.998943 149.431
0.998838 -0.0147963 -0.0458627 -11.1123 0.0145829 0.999881 -0.00498556 -2.03298 0.045931 0.00431097 0.998935 150.742
0.998911 -0.0110542 -0.0453239 -11.1716 0.0107198 0.999913 -0.00761452 -2.05345 0.0454041 0.00712038 0.998943 152.079
0.998916 -0.0115038 -0.0451049 -11.2332 0.0111405 0.999903 -0.00829689 -2.07572 0.0451961 0.00778541 0.998948 153.436
0.998944 -0.0141867 -0.0436825 -11.3158 0.0139461 0.999886 -0.00580819 -2.09597 0.04376 0.00519287 0.999029 154.748
0.9989 -0.0194922 -0.0426495 -11.3783 0.019352 0.999806 -0.00369896 -2.11863 0.0427133 0.00286955 0.999083 156.126
0.998897 -0.0220951 -0.041433 -11.4392 0.0219852 0.999753 -0.0031057 -2.14161 0.0414914 0.00219137 0.999137 157.492
0.99884 -0.0243142 -0.0415595 -11.5091 0.0242076 0.999702 -0.00306654 -2.1636 0.0416217 0.00205694 0.999131 158.854
0.998933 -0.023151 -0.0399399 -11.5816 0.0230587 0.99973 -0.00277163 -2.18482 0.0399933 0.00184772 0.999198 160.205
0.999097 -0.0191138 -0.0379223 -11.6533 0.0189939 0.999813 -0.00351762 -2.21319 0.0379824 0.00279417 0.999275 161.57
0.999186 -0.0178457 -0.0361739 -11.7198 0.0176625 0.999829 -0.00537848 -2.24036 0.0362638 0.00473519 0.999331 162.924
0.999223 -0.0155309 -0.0362076 -11.7918 0.0153374 0.999866 -0.00561574 -2.26757 0.0362901 0.00505606 0.999329 164.276
0.999303 -0.0130425 -0.0349655 -11.872 0.0128892 0.999906 -0.00460415 -2.29582 0.0350222 0.00415028 0.999378 165.639
0.999303 -0.0123746 -0.0352149 -11.957 0.0122324 0.999916 -0.00424915 -2.32085 0.0352645 0.00381543 0.999371 167.006
0.999343 -0.0099197 -0.0348486 -12.0303 0.00968193 0.999929 -0.00698484 -2.35339 0.0349154 0.00664286 0.999368 168.386
0.999405 -0.00797553 -0.0335457 -12.0991 0.0076608 0.999925 -0.00950001 -2.38766 0.0336189 0.00923739 0.999392 169.749
0.999478 -0.00291169 -0.0321758 -12.171 0.0025571 0.999935 -0.0110559 -2.42445 0.0322059 0.0109679 0.999421 171.11
0.999457 0.00229595 -0.0328574 -12.246 -0.00260703 0.999952 -0.0094276 -2.45812 0.0328342 0.00950816 0.999416 172.474
0.999513 0.00739189 -0.0303079 -12.3156 -0.00765928 0.999932 -0.00871518 -2.49209 0.0302415 0.00894309 0.999503 173.839
0.999537 0.010515 -0.028521 -12.3866 -0.0107287 0.999915 -0.00735139 -2.52452 0.0284413 0.007654 0.999566 175.199
0.999594 0.00720006 -0.02754 -12.4526 -0.00737326 0.999953 -0.00619213 -2.55584 0.0274941 0.00639269 0.999602 176.572
0.999601 0.0063962 -0.0274818 -12.5167 -0.00657964 0.999956 -0.00658938 -2.59057 0.0274385 0.00676759 0.999601 177.951
0.99955 0.00938832 -0.0284912 -12.583 -0.00972067 0.999886 -0.0115484 -2.63241 0.0283795 0.0118202 0.999527 179.33
0.999505 0.013758 -0.0282982 -12.6492 -0.0142239 0.999765 -0.0163307 -2.68063 0.0280669 0.0167251 0.999466 180.707
0.99944 0.0184518 -0.0279104 -12.7194 -0.0189278 0.999678 -0.0168868 -2.72863 0.0275899 0.0174056 0.999468 182.095
0.999378 0.0233804 -0.0263708 -12.787 -0.0238086 0.999588 -0.016044 -2.77527 0.0259848 0.0166619 0.999524 183.483
0.999399 0.0244267 -0.0245673 -12.8519 -0.0247382 0.999616 -0.0124527 -2.81677 0.0242537 0.013053 0.999621 184.869
0.999393 0.0261224 -0.0230284 -12.9148 -0.0263712 0.999596 -0.0105674 -2.85572 0.0227431 0.0111683 0.999679 186.256
0.999419 0.026088 -0.0218992 -12.9736 -0.0263083 0.999605 -0.00983234 -2.89374 0.0216341 0.0104028 0.999712 187.642
0.99953 0.0225804 -0.0206936 -13.0292 -0.0227587 0.999705 -0.00841734 -2.93088 0.0204974 0.00888437 0.99975 189.038
0.999623 0.0197834 -0.0190019 -13.0792 -0.0199415 0.999768 -0.00816689 -2.96887 0.0188359 0.00854276 0.999786 190.439
0.999689 0.0172583 -0.0179534 -13.1259 -0.0173989 0.999819 -0.00770501 -3.00622 0.0178171 0.008015 0.999809 191.853
0.999739 0.0142899 -0.0177752 -13.1574 -0.014407 0.999875 -0.00647427 -3.04094 0.0176805 0.00672869 0.999821 193.302
0.999824 0.00993607 -0.0159136 -13.2064 -0.0100222 0.999935 -0.00534393 -3.07144 0.0158595 0.00550249 0.999859 194.709
0.999866 0.00745697 -0.0145615 -13.2505 -0.00753724 0.999956 -0.00546437 -3.10096 0.0145201 0.00557341 0.999879 196.133
0.999871 0.00866959 -0.0135236 -13.2841 -0.00879806 0.999916 -0.00946808 -3.13613 0.0134404 0.00958585 0.999864 197.576
0.999792 0.015568 -0.0131295 -13.3331 -0.015756 0.999773 -0.0143324 -3.17191 0.0129034 0.0145363 0.999811 198.998
0.999562 0.0272252 -0.0115264 -13.3846 -0.027398 0.99951 -0.0151077 -3.21478 0.0111094 0.0154169 0.999819 200.407
0.999377 0.0338891 -0.00977708 -13.4354 -0.0340006 0.999356 -0.0114751 -3.24958 0.00938191 0.0118004 0.999886 201.858
0.999341 0.0354169 -0.00792538 -13.4848 -0.0354901 0.999327 -0.00929632 -3.28397 0.0075908 0.00957148 0.999925 203.312
0.999397 0.0338763 -0.00757995 -13.5174 -0.0339412 0.999386 -0.00860678 -3.31934 0.00728374 0.00885888 0.999934 204.802
0.99948 0.0315419 -0.00661359 -13.5604 -0.0316015 0.999459 -0.00909774 -3.35231 0.00632306 0.00930203 0.999937 206.238
0.999537 0.0296613 -0.00672087 -13.5866 -0.0297239 0.999514 -0.00941614 -3.39016 0.00643831 0.00961157 0.999933 207.702
0.999561 0.0288978 -0.00647801 -13.6169 -0.0289558 0.999539 -0.00905398 -3.42798 0.0062134 0.0092376 0.999938 209.167
0.999549 0.0294572 -0.00579322 -13.6321 -0.0295062 0.999528 -0.00856649 -3.4665 0.00553815 0.00873358 0.999946 210.615
0.999502 0.0311267 -0.00510285 -13.6421 -0.0311661 0.999483 -0.00782379 -3.50498 0.0048567 0.00797895 0.999956 212.07
0.999505 0.0310485 -0.00504787 -13.6508 -0.031088 0.999485 -0.00792633 -3.5447 0.00479917 0.00807935 0.999956 213.534
0.999573 0.0285384 -0.0061905 -13.6461 -0.0285863 0.999561 -0.00780083 -3.58845 0.00596516 0.00797448 0.99995 215.034
0.999609 0.0271397 -0.00666259 -13.6445 -0.0271938 0.999596 -0.00817479 -3.63402 0.00643805 0.00835279 0.999944 216.528
0.999519 0.0302037 -0.00702706 -13.6438 -0.0302652 0.999503 -0.00881053 -3.68344 0.00675747 0.00901898 0.999936 218.018
0.999431 0.0327361 -0.00810434 -13.6491 -0.0328034 0.999427 -0.00831165 -3.74101 0.00782761 0.00857279 0.999932 219.505
0.999388 0.03393 -0.00849001 -13.6666 -0.0339933 0.999394 -0.00743185 -3.79733 0.00823272 0.00771592 0.999936 220.965
0.999418 0.0330507 -0.00833405 -13.6768 -0.0331018 0.999433 -0.00607733 -3.85524 0.00812848 0.00634968 0.999947 222.437
0.999401 0.0330782 -0.010092 -13.6776 -0.0331269 0.99944 -0.0047026 -3.91544 0.00993076 0.00503412 0.999938 223.959
0.999383 0.0333803 -0.0108958 -13.6858 -0.0334204 0.999435 -0.00351837 -3.97018 0.0107722 0.00388035 0.999934 225.465
0.999383 0.0328382 -0.012419 -13.6966 -0.0328715 0.999456 -0.00248569 -4.02237 0.0123306 0.0028924 0.99992 226.991
0.999461 0.0306257 -0.0117649 -13.7169 -0.0306489 0.999528 -0.00179586 -4.06797 0.0117043 0.00215549 0.999929 228.505
0.999464 0.0303416 -0.012222 -13.7411 -0.0303563 0.999538 -0.00101713 -4.11115 0.0121855 0.00138761 0.999925 230.019
0.999546 0.0278431 -0.0115023 -13.7749 -0.0278367 0.999612 0.000720104 -4.14971 0.0115179 -0.00039958 0.999933 231.518
0.999558 0.0274125 -0.0114258 -13.7973 -0.0273898 0.999622 0.00213608 -4.19061 0.0114801 -0.00182217 0.999932 233.033
0.999582 0.0272076 -0.00972385 -13.8194 -0.0271892 0.999628 0.0020227 -4.2311 0.00977528 -0.00175746 0.99995 234.542
0.999594 0.0271385 -0.0086124 -13.8415 -0.0271204 0.999629 0.00221174 -4.26767 0.00866925 -0.00197726 0.99996 236.043
0.999621 0.0266397 -0.00686826 -13.8575 -0.0266128 0.999637 0.0039889 -4.29861 0.00697204 -0.00380459 0.999968 237.528
0.99965 0.0259948 -0.00476922 -13.8599 -0.0259638 0.999642 0.00646477 -4.32606 0.00493557 -0.00633867 0.999967 239.002
0.999691 0.0245972 -0.00345677 -13.8551 -0.024571 0.99967 0.00743352 -4.352 0.00363848 -0.00734628 0.999966 240.468
0.999714 0.0236779 -0.00331969 -13.8612 -0.0236534 0.999694 0.00725481 -4.37803 0.00349046 -0.00717421 0.999968 241.952
0.999714 0.0238128 -0.00213891 -13.8589 -0.0237989 0.999696 0.00632181 -4.40533 0.0022888 -0.00626909 0.999977 243.433
0.99971 0.0240169 -0.00167175 -13.8547 -0.0240034 0.999682 0.00768203 -4.43355 0.00185573 -0.00763966 0.999969 244.928
0.999709 0.0240223 -0.00202562 -13.8485 -0.0240019 0.999666 0.0095604 -4.46 0.00225461 -0.00950899 0.999952 246.426
0.99971 0.0239322 -0.00257657 -13.849 -0.0239029 0.999655 0.0108598 -4.48613 0.00283559 -0.0107951 0.999937 247.947
0.999693 0.0246245 -0.0025305 -13.8464 -0.0245947 0.999634 0.0112016 -4.5122 0.00280541 -0.0111359 0.999934 249.462
0.999652 0.0262221 -0.00257073 -13.8516 -0.0261883 0.99958 0.0124068 -4.53686 0.00289499 -0.0123351 0.999919 250.998
0.999591 0.0284803 -0.00242449 -13.8566 -0.0284478 0.999517 0.0125085 -4.56021 0.00277957 -0.0124344 0.999919 252.53
0.999572 0.0290573 -0.00313015 -13.8586 -0.0290126 0.999488 0.0134784 -4.58326 0.0035202 -0.0133818 0.999904 254.062
0.999609 0.0277419 -0.00322992 -13.8522 -0.0276939 0.999517 0.0140751 -4.60204 0.00361884 -0.0139802 0.999896 255.582
0.999649 0.0261463 -0.00420479 -13.8464 -0.0260772 0.999536 0.0157325 -4.62388 0.0046142 -0.0156173 0.999867 257.137
0.9997 0.0241556 -0.0038029 -13.842 -0.0240894 0.999572 0.016601 -4.63836 0.00420229 -0.0165044 0.999855 258.653
0.999723 0.022911 -0.00528443 -13.8393 -0.0228199 0.9996 0.0167076 -4.65337 0.00566512 -0.0165824 0.999846 260.192
0.999734 0.0221929 -0.00627956 -13.8446 -0.0220894 0.999626 0.0160971 -4.66848 0.00663446 -0.0159541 0.999851 261.738
0.999787 0.0198191 -0.0057499 -13.8634 -0.0197132 0.999645 0.0179183 -4.6779 0.006103 -0.0178012 0.999823 263.252
0.999864 0.0156386 -0.00512359 -13.8837 -0.0155278 0.999659 0.0210036 -4.68348 0.00545032 -0.0209212 0.999766 264.772
0.999882 0.0146556 -0.00439736 -13.9043 -0.01456 0.999672 0.0210548 -4.69247 0.0047045 -0.0209883 0.999768 266.324
0.999895 0.0138493 -0.00410166 -13.9203 -0.01376 0.999683 0.0210695 -4.70382 0.00439216 -0.0210109 0.999769 267.897
0.999908 0.0132652 -0.00274165 -13.9395 -0.0132028 0.999678 0.021648 -4.7132 0.00302794 -0.0216098 0.999762 269.443
0.999881 0.0153408 -0.00150309 -13.9472 -0.0153034 0.999632 0.0223763 -4.72246 0.00184582 -0.0223507 0.999748 271.014
0.999847 0.0174585 -0.000434958 -13.9551 -0.0174445 0.999597 0.0223761 -4.73111 0.000825442 -0.0223651 0.999749 272.57
0.999811 0.0193889 0.00102007 -13.9601 -0.0194064 0.99958 0.0214873 -4.74155 -0.000603019 -0.021503 0.999768 274.125
0.99981 0.0193537 0.00212937 -13.9646 -0.0193967 0.999558 0.0224959 -4.74978 -0.00169304 -0.0225329 0.999744 275.678
0.999819 0.0186719 0.00355395 -13.9665 -0.0187469 0.999573 0.0224013 -4.75805 -0.00313415 -0.0224639 0.999743 277.231
0.99981 0.0188652 0.00479297 -13.9672 -0.0189702 0.999558 0.0228912 -4.76554 -0.004359 -0.0229778 0.999726 278.786
0.999848 0.0159576 0.00696408 -13.9603 -0.0161201 0.999583 0.0239403 -4.7712 -0.00657915 -0.024049 0.999689 280.333
0.999868 0.0142445 0.00773565 -13.9524 -0.0144391 0.999565 0.0256976 -4.77404 -0.00736624 -0.0258059 0.99964 281.881
0.999893 0.0122895 0.00790238 -13.9443 -0.0124968 0.999564 0.0267471 -4.77525 -0.00757023 -0.0268429 0.999611 283.43
0.999928 0.00933589 0.00749253 -13.9368 -0.00952687 0.99962 0.0258707 -4.7778 -0.00724815 -0.0259402 0.999637 284.978
0.999919 0.00968595 0.00821003 -13.9261 -0.00988043 0.999663 0.0239871 -4.78277 -0.00797493 -0.0240663 0.999678 286.53
0.999942 0.00799898 0.00709586 -13.9177 -0.00817688 0.999644 0.0254044 -4.78524 -0.00689012 -0.025461 0.999652 288.082
0.999961 0.00579154 0.00662763 -13.9094 -0.00596436 0.999635 0.0263568 -4.78357 -0.00647256 -0.0263953 0.999631 289.631
0.999977 0.00324514 0.00583914 -13.9036 -0.00340158 0.99963 0.0269825 -4.77117 -0.00574941 -0.0270017 0.999619 291.175
0.999968 0.00572689 0.00542942 -13.8989 -0.00586727 0.999639 0.0261989 -4.76024 -0.00527742 -0.0262299 0.999642 292.721
0.999965 0.00629015 0.00535729 -13.8947 -0.00642872 0.999635 0.0262505 -4.75038 -0.00519021 -0.026284 0.999641 294.278
0.999967 0.00647312 0.00489278 -13.8915 -0.00660251 0.999616 0.0269041 -4.73946 -0.00471674 -0.0269355 0.999626 295.834
0.999981 0.00443811 0.00426477 -13.8887 -0.00455806 0.999582 0.028536 -4.72578 -0.00413634 -0.0285548 0.999584 297.391
0.99997 0.00610782 0.00455324 -13.8877 -0.00624129 0.999533 0.0298954 -4.70948 -0.00436851 -0.029923 0.999543 298.952
0.999968 0.005443 0.00576639 -13.8847 -0.00561321 0.999536 0.0299225 -4.69303 -0.00560085 -0.0299539 0.999536 300.514
0.999964 0.005346 0.00654068 -13.8792 -0.00553986 0.999535 0.0299882 -4.67458 -0.00637731 -0.0300233 0.999529 302.089
0.999967 0.00332795 0.00732062 -13.8703 -0.00354813 0.999535 0.03027 -4.6557 -0.00721648 -0.030295 0.999515 303.664
0.999974 0.000397872 0.00709324 -13.8568 -0.000607691 0.999561 0.029601 -4.63328 -0.00707835 -0.0296046 0.999537 305.258
0.999977 -0.00214637 0.0063933 -13.8438 0.00196624 0.999604 0.028048 -4.61197 -0.00645097 -0.0280347 0.999586 306.853
0.999981 -0.00342497 0.00502394 -13.8299 0.00328835 0.999631 0.026951 -4.5911 -0.00511439 -0.026934 0.999624 308.451
0.999993 -0.00293199 0.00211003 -13.8195 0.00287732 0.999672 0.0254599 -4.57362 -0.00218398 -0.0254536 0.999674 310.044
0.999997 -0.00193096 -0.00141516 -13.8182 0.00196793 0.999644 0.0266106 -4.55536 0.00136328 -0.0266133 0.999645 311.654
0.999994 -0.0016507 -0.00298612 -13.8089 0.00173819 0.999562 0.0295401 -4.53547 0.00293606 -0.0295451 0.999559 313.27
0.999986 -0.00308532 -0.00414704 -13.8044 0.00321864 0.999465 0.0325388 -4.51006 0.00404444 -0.0325517 0.999462 314.89
0.999977 -0.00380344 -0.00546044 -13.8168 0.00398318 0.999437 0.0332936 -4.4845 0.00533075 -0.0333146 0.999431 316.49
0.999974 -0.00391177 -0.00593372 -13.8307 0.00410007 0.999477 0.0320618 -4.46052 0.00580521 -0.0320853 0.999468 318.085
0.999969 -0.00587272 -0.0051358 -13.8478 0.00603328 0.999475 0.0318288 -4.42947 0.00494619 -0.0318588 0.99948 319.66
0.999959 -0.0058649 -0.00689847 -13.8625 0.00608093 0.999478 0.0317241 -4.40146 0.00670882 -0.0317648 0.999473 321.24
0.999949 -0.00596231 -0.00807919 -13.8707 0.0062153 0.999479 0.0316606 -4.37119 0.00788622 -0.0317092 0.999466 322.839
0.999943 -0.00172861 -0.0104456 -13.8857 0.00204323 0.999542 0.0301851 -4.34503 0.0103887 -0.0302048 0.99949 324.449
0.999939 -0.00111862 -0.0109289 -13.9012 0.00144538 0.99955 0.0299374 -4.31841 0.0108905 -0.0299514 0.999492 326.06
0.999933 -0.00257829 -0.0112641 -13.9133 0.00293024 0.999504 0.0313428 -4.29011 0.0111777 -0.0313737 0.999445 327.679
0.999914 -0.00403492 -0.0124278 -13.9305 0.00442565 0.999491 0.0315754 -4.26182 0.0122941 -0.0316277 0.999424 329.292
0.99989 -0.00673238 -0.0131601 -13.949 0.00712979 0.999512 0.0303885 -4.23553 0.0129491 -0.030479 0.999452 330.905
0.999885 -0.00592695 -0.0138871 -13.9628 0.00634845 0.999514 0.0305081 -4.21291 0.0136995 -0.0305928 0.999438 332.531
0.999868 -0.00390996 -0.0157409 -13.9884 0.00436371 0.999573 0.0288959 -4.19482 0.0156212 -0.0289608 0.999458 334.142
0.99985 -0.00446006 -0.0166767 -14.0192 0.0049087 0.999624 0.0269593 -4.1815 0.0165502 -0.0270371 0.999497 335.773
0.999829 -0.000981775 -0.0184607 -14.0558 0.00148362 0.999629 0.0271913 -4.16646 0.0184272 -0.027214 0.99946 337.403
0.999821 0.000550974 -0.0188669 -14.0967 1.01663e-05 0.999558 0.0297295 -4.14675 0.018875 -0.0297244 0.99938 339.013
0.99978 0.000810002 -0.0209495 -14.139 -0.000118075 0.999455 0.033009 -4.12148 0.0209648 -0.0329992 0.999235 340.627
0.999734 -0.000113424 -0.0230396 -14.1794 0.000841121 0.999501 0.0315779 -4.08025 0.0230245 -0.0315889 0.999236 342.259
0.99968 -0.00431962 -0.0248889 -14.2221 0.0050449 0.999562 0.0291522 -4.0222 0.0247521 -0.0292684 0.999265 343.862
0.999639 -0.0069622 -0.0259441 -14.2655 0.00768545 0.999581 0.0278828 -3.96899 0.0257392 -0.0280721 0.999274 345.46
0.999616 -0.0058856 -0.0270585 -14.3123 0.00656679 0.999662 0.0251556 -3.92287 0.0269013 -0.0253236 0.999317 347.057
0.99961 -0.00608898 -0.0272436 -14.3586 0.00670342 0.999723 0.0225198 -3.88326 0.027099 -0.0226936 0.999375 348.667
0.999578 -0.00805564 -0.0278912 -14.4065 0.00862253 0.999757 0.0202648 -3.84693 0.0277212 -0.0204968 0.999405 350.275
0.999569 -0.00813718 -0.0281925 -14.455 0.00866426 0.999789 0.0186246 -3.81331 0.0280351 -0.0188608 0.999429 351.884
0.999522 -0.0111485 -0.0288027 -14.5049 0.0116569 0.999778 0.0175438 -3.78105 0.0286008 -0.0178712 0.999431 353.491
0.999519 -0.0115453 -0.0287784 -14.5567 0.0120018 0.999804 0.0157426 -3.7483 0.028591 -0.0160804 0.999462 355.098
0.999547 -0.0110963 -0.0279592 -14.606 0.0114665 0.999848 0.0131176 -3.72475 0.0278094 -0.0134322 0.999523 356.707
0.999547 -0.0124251 -0.027394 -14.6507 0.0127498 0.99985 0.0117122 -3.70652 0.0272444 -0.0120562 0.999556 358.317
0.999546 -0.011755 -0.0277097 -14.6937 0.0120298 0.99988 0.00977003 -3.69486 0.0275916 -0.0100989 0.999568 359.939
0.999536 -0.0125501 -0.0277293 -14.7444 0.0127527 0.999893 0.00714099 -3.68987 0.0276368 -0.00749128 0.99959 361.542
0.999515 -0.0150412 -0.0272404 -14.7937 0.0152665 0.99985 0.00808279 -3.68358 0.0271148 -0.00849471 0.999596 363.144
0.999477 -0.0161545 -0.0280038 -14.8407 0.0163826 0.999834 0.00793422 -3.67844 0.0278711 -0.00838882 0.999576 364.756
0.999489 -0.0170576 -0.0270219 -14.9009 0.0172255 0.999833 0.00599116 -3.67696 0.0269152 -0.00645354 0.999617 366.337
0.99954 -0.0164641 -0.0254511 -14.9578 0.0165908 0.999851 0.00477613 -3.68009 0.0253687 -0.00519616 0.999665 367.899
0.999551 -0.0155831 -0.0255882 -15.0097 0.0157264 0.999861 0.00541117 -3.68698 0.0255003 -0.00581112 0.999658 369.507
0.999559 -0.0157384 -0.0251814 -15.0569 0.0158975 0.999854 0.00613067 -3.69221 0.0250813 -0.00652826 0.999664 371.119
0.999604 -0.013405 -0.0247127 -15.1033 0.0135293 0.999896 0.00486684 -3.69953 0.0246449 -0.00519923 0.999683 372.73
0.999604 -0.0137504 -0.0245316 -15.1548 0.0138464 0.999897 0.00374688 -3.71491 0.0244776 -0.00408505 0.999692 374.332
0.999617 -0.0132932 -0.0242466 -15.2007 0.013364 0.999907 0.00275849 -3.73293 0.0242077 -0.00308144 0.999702 375.929
0.99965 -0.0126738 -0.0232271 -15.2366 0.0127234 0.999917 0.00198912 -3.75167 0.0232 -0.00228392 0.999728 377.54
0.999657 -0.0120528 -0.0232469 -15.2803 0.0121049 0.999924 0.0021039 -3.76926 0.0232198 -0.00238455 0.999727 379.161
0.999704 -0.00891419 -0.022603 -15.3232 0.00896152 0.999957 0.00199418 -3.79657 0.0225843 -0.00219612 0.999742 380.77
0.999748 -0.00608375 -0.0216152 -15.3585 0.00610386 0.999981 0.000865027 -3.82515 0.0216096 -0.000996715 0.999766 382.377
0.999718 -0.00682331 -0.0227136 -15.3952 0.00683329 0.999976 0.000362361 -3.85393 0.0227106 -0.000517437 0.999742 383.98
0.999689 -0.011173 -0.0222991 -15.4265 0.0111901 0.999937 0.000642941 -3.88199 0.0222906 -0.000892242 0.999751 385.577
0.999692 -0.0131319 -0.0210359 -15.4494 0.0131555 0.999913 0.000985341 -3.90906 0.0210212 -0.00126175 0.999778 387.172
0.999688 -0.0122395 -0.0217359 -15.4742 0.0122762 0.999923 0.0015557 -3.9359 0.0217152 -0.00182202 0.999762 388.781
0.999695 -0.010349 -0.0223877 -15.5008 0.0103644 0.999946 0.000572197 -3.96409 0.0223806 -0.000804028 0.999749 390.39
0.999658 -0.00988618 -0.0241906 -15.5304 0.00991388 0.99995 0.00102574 -3.99094 0.0241792 -0.00126519 0.999707 391.998
