1 0 0 0 0 1 0 0 0 0 1 0
0.999996 -0.00128515 -0.00242744 0.0223334 0.00128226 0.999998 -0.00119083 0.000409397 0.00242897 0.00118771 0.999996 0.547846
0.999988 -0.00145326 -0.00465221 0.0381407 0.00143823 0.999994 -0.00323165 -0.00235963 0.00465688 0.00322492 0.999984 1.09114
0.99997 -0.00193507 -0.00745295 0.055179 0.00189743 0.999985 -0.00505423 -0.0061254 0.00746262 0.00503994 0.99996 1.6224
0.999943 -0.00398089 -0.00993919 0.0642388 0.00391085 0.999967 -0.00705654 -0.00994121 0.00996696 0.00701726 0.999926 2.16991
0.99991 -0.00590212 -0.0120227 0.0769667 0.00578607 0.999936 -0.00966431 -0.014961 0.0120789 0.00959388 0.999881 2.70137
0.999883 -0.00694747 -0.0135879 0.0753473 0.00680674 0.999923 -0.0103759 -0.01869 0.0136589 0.0102822 0.999854 3.26944
0.999852 -0.00648732 -0.0159193 0.0801499 0.00631821 0.999923 -0.0106505 -0.02325 0.0159872 0.0105484 0.999817 3.81931
0.999839 -0.0069843 -0.0165502 0.0608561 0.00679278 0.99991 -0.0116006 -0.0334912 0.0166297 0.0114863 0.999796 4.40231
0.999833 -0.00550202 -0.0174431 0.0392304 0.0052394 0.999873 -0.015066 -0.0465218 0.0175237 0.0149721 0.999735 4.98672
0.999828 -0.00335079 -0.0182456 0.0171357 0.00300306 0.999814 -0.0190528 -0.0619007 0.018306 0.0189948 0.999652 5.57126
0.999831 -0.00159615 -0.0183347 -0.02597 0.00118092 0.999743 -0.022636 -0.0794887 0.0183661 0.0226105 0.999576 6.20461
0.999832 0.000665873 -0.0183045 -0.0724749 -0.00107877 0.999745 -0.0225565 -0.0982641 0.0182848 0.0225725 0.999578 6.84836
0.999827 0.00224127 -0.0184587 -0.111158 -0.00252742 0.999877 -0.015494 -0.114131 0.0184217 0.015538 0.99971 7.4941
0.999827 0.00329396 -0.0183124 -0.131223 -0.00339908 0.999978 -0.00571196 -0.12078 0.0182932 0.00577321 0.999816 8.1028
0.999821 0.00428196 -0.0184057 -0.152264 -0.00427283 0.999991 0.00053562 -0.131891 0.0184078 -0.000456884 0.999831 8.72914
0.999804 0.00712777 -0.0184578 -0.182712 -0.00713459 0.999974 -0.000303676 -0.151211 0.0184552 0.000435301 0.99983 9.39011
0.99978 0.00976982 -0.0185449 -0.215333 -0.00989417 0.999929 -0.006626 -0.178395 0.0184789 0.00680803 0.999806 10.0549
0.999774 0.00935282 -0.019089 -0.250992 -0.0095602 0.999896 -0.0108015 -0.200958 0.018986 0.0109815 0.999759 10.7342
0.999805 0.00786638 -0.0181301 -0.293054 -0.0080187 0.999933 -0.00834408 -0.227646 0.0180632 0.00848783 0.999801 11.4448
0.999844 0.00808834 -0.0156835 -0.343786 -0.00806194 0.999966 0.00174594 -0.249711 0.0156971 -0.00161923 0.999876 12.1831
0.999884 0.00760109 -0.0132085 -0.400813 -0.0074714 0.999924 0.00984082 -0.263139 0.0132823 -0.00974099 0.999864 12.9505
0.999914 0.00625737 -0.0115367 -0.449479 -0.00611173 0.999902 0.0126156 -0.273988 0.0116145 -0.012544 0.999854 13.6968
0.999955 0.00456879 -0.00833641 -0.500084 -0.00446369 0.999911 0.0125824 -0.287585 0.00839315 -0.0125446 0.999886 14.4468
0.999985 0.00247518 -0.0048268 -0.547758 -0.00241852 0.999928 0.0117098 -0.301256 0.00485544 -0.0116979 0.99992 15.1966
0.999989 0.00462339 -0.000583069 -0.613832 -0.00461754 0.999942 0.0096637 -0.317818 0.00062771 -0.00966091 0.999953 15.9915
0.999991 0.00169534 0.00377492 -0.655932 -0.00171499 0.999985 0.00521016 -0.333885 -0.00376604 -0.0052166 0.999979 16.7722
0.999969 -0.00201473 0.00754202 -0.687958 0.00201574 0.999998 -0.00012635 -0.344633 -0.00754176 0.000141547 0.999972 17.593
0.999928 -0.0017697 0.0118183 -0.732125 0.00182093 0.999989 -0.00432483 -0.356651 -0.0118105 0.00434604 0.999921 18.4797
0.999895 -0.00162962 0.014357 -0.75608 0.00169424 0.999988 -0.00449031 -0.369473 -0.0143495 0.00451417 0.999887 19.3883
0.999876 -0.00174048 0.0156603 -0.764987 0.00180263 0.99999 -0.0039553 -0.375601 -0.0156533 0.00398304 0.99987 20.2902
0.999836 -0.000277482 0.0181057 -0.781856 0.000380029 0.999984 -0.0056605 -0.385382 -0.0181039 0.00566645 0.99982 21.2077
0.999805 0.001618 0.0196613 -0.78798 -0.00146629 0.999969 -0.00772814 -0.394684 -0.0196732 0.00769781 0.999777 22.1392
0.999765 0.00502495 0.0210822 -0.790785 -0.00484938 0.999953 -0.00837056 -0.407218 -0.0211233 0.00826636 0.999743 23.0984
0.99974 0.00620891 0.0219203 -0.786562 -0.00601878 0.999943 -0.00872894 -0.419209 -0.0219733 0.00859475 0.999722 24.0468
0.999732 0.00684515 0.0220894 -0.778493 -0.00664893 0.999938 -0.00894389 -0.440325 -0.0221493 0.00879463 0.999716 24.99
0.99972 0.00656246 0.0227522 -0.773409 -0.00636649 0.999942 -0.00867516 -0.461178 -0.0228079 0.00852788 0.999704 25.966
0.999721 0.00807184 0.0222068 -0.763437 -0.00790629 0.99994 -0.0075322 -0.481778 -0.0222663 0.00735453 0.999725 26.9477
0.999723 0.00916083 0.0216969 -0.7518 -0.00904381 0.999944 -0.00548506 -0.494621 -0.0217459 0.00528731 0.99975 27.9471
0.999746 0.00844325 0.020896 -0.732125 -0.00834668 0.999954 -0.00470453 -0.509677 -0.0209347 0.00452893 0.999771 28.9525
0.999752 0.0084129 0.0206225 -0.715783 -0.00829595 0.999949 -0.00574985 -0.521728 -0.0206698 0.00557734 0.999771 29.9413
0.999766 0.00887852 0.0197205 -0.693 -0.00873942 0.999936 -0.00712851 -0.533774 -0.0197825 0.0069545 0.99978 30.9625
0.999786 0.00785635 0.019144 -0.677499 -0.00772747 0.999947 -0.00679623 -0.538832 -0.0191964 0.00664684 0.999794 32.0056
0.999809 0.0064807 0.0184267 -0.661255 -0.00639373 0.999968 -0.0047746 -0.544761 -0.0184571 0.00465587 0.999819 33.0394
0.999828 0.00557466 0.0177029 -0.644903 -0.00556598 0.999984 -0.000539295 -0.557628 -0.0177056 0.000440666 0.999843 34.1226
0.999832 0.00609935 0.0172924 -0.641039 -0.00612366 0.99998 0.00135352 -0.565677 -0.0172839 -0.00145919 0.99985 35.1745
0.999827 0.00735389 0.017054 -0.635759 -0.00738778 0.99997 0.00192534 -0.580068 -0.0170394 -0.002051 0.999853 36.191
0.999828 0.00723348 0.0170616 -0.641146 -0.0072347 0.999973 9.60071e-06 -0.586919 -0.0170611 -0.000133037 0.999855 37.2466
0.999801 0.00796499 0.0183009 -0.654221 -0.00794429 0.999967 -0.00120312 -0.595466 -0.0183099 0.00105749 0.999832 38.3254
0.99981 0.00799765 0.0177877 -0.651204 -0.00798211 0.999967 -0.000944354 -0.605294 -0.0177947 0.000802189 0.999842 39.4377
0.999821 0.00760136 0.0173044 -0.652854 -0.00760695 0.99997 0.000257882 -0.606774 -0.0173019 -0.000389473 0.99985 40.5226
0.999816 0.0088157 0.017047 -0.638685 -0.00883999 0.999959 0.00135035 -0.61228 -0.0170345 -0.0015008 0.999854 41.6221
0.999797 0.011572 0.0164943 -0.628671 -0.0115708 0.999933 -0.000172099 -0.622586 -0.0164952 -1.87905e-05 0.999864 42.7163
0.999722 0.01605 0.0172947 -0.609965 -0.015958 0.999857 -0.00544243 -0.643035 -0.0173796 0.00516493 0.999836 43.8318
0.999669 0.0187119 0.0176689 -0.603731 -0.018538 0.999778 -0.00995419 -0.667705 -0.0178513 0.00962334 0.999794 44.934
0.999598 0.0223944 0.0173603 -0.585752 -0.0221975 0.999688 -0.0114516 -0.696259 -0.0176114 0.0110617 0.999784 45.9932
0.999555 0.0245324 0.0169624 -0.567877 -0.0243885 0.999665 -0.00863831 -0.735099 -0.0171687 0.00822079 0.999819 47.0591
0.999434 0.0299068 0.0154132 -0.528349 -0.0298028 0.999531 -0.00693413 -0.78594 -0.0156134 0.00647085 0.999857 48.1261
0.999537 0.0266208 0.0147032 -0.512088 -0.0265959 0.999644 -0.00188452 -0.851438 -0.0147481 0.0014926 0.99989 49.191
0.999629 0.0238861 0.0130518 -0.475929 -0.023916 0.999711 0.0021392 -0.924823 -0.012997 -0.00245056 0.999913 50.2594
0.999618 0.0245109 0.0127877 -0.437058 -0.0245505 0.999694 0.00295384 -0.989368 -0.0127113 -0.00326666 0.999914 51.29
0.999593 0.0244908 0.0145854 -0.463221 -0.0245547 0.999689 0.00421826 -1.04771 -0.0144775 -0.00457469 0.999885 52.403
0.99961 0.0230508 0.0157407 -0.450853 -0.0231044 0.999727 0.00322958 -1.08523 -0.015662 -0.00359201 0.999871 53.4155
0.999632 0.0217266 0.0162218 -0.431415 -0.0217548 0.999762 0.00156158 -1.12444 -0.016184 -0.00191391 0.999867 54.4633
0.999645 0.0211569 0.016197 -0.406467 -0.0211797 0.999774 0.00123794 -1.16031 -0.0161672 -0.00158055 0.999868 55.5305
0.999674 0.0194799 0.0165165 -0.389006 -0.0195622 0.999796 0.00483992 -1.19348 -0.0164189 -0.00516145 0.999852 56.6182
0.999701 0.0175345 0.0170546 -0.369871 -0.0177332 0.999775 0.0115703 -1.21998 -0.0168479 -0.0118692 0.999788 57.7013
0.999731 0.014871 0.0177816 -0.347754 -0.0151917 0.999721 0.0180388 -1.23231 -0.0175084 -0.0183041 0.999679 58.7517
0.999748 0.0143818 0.0172486 -0.330893 -0.014731 0.999685 0.0202896 -1.2616 -0.0169513 -0.0205386 0.999645 59.8643
0.999813 0.00887934 0.0171661 -0.308242 -0.00920784 0.999774 0.0191534 -1.27533 -0.0169922 -0.0193079 0.999669 60.9348
0.99979 0.00744627 0.0190698 -0.317681 -0.00777075 0.999825 0.0169982 -1.28319 -0.0189399 -0.0171428 0.999674 61.971
0.999754 0.00914538 0.0201906 -0.3182 -0.00941527 0.999866 0.013313 -1.28161 -0.0200661 -0.0134998 0.999708 63.0441
0.999765 0.00843509 0.0199652 -0.301286 -0.00861977 0.99992 0.00918256 -1.27177 -0.0198862 -0.0093525 0.999759 64.119
0.9997 0.0110599 0.0218397 -0.311232 -0.0111821 0.999922 0.0054813 -1.23053 -0.0217774 -0.00572387 0.999747 65.1442
0.999601 0.0154457 0.023639 -0.313324 -0.0155909 0.99986 0.00597123 -1.19684 -0.0235435 -0.0063374 0.999703 66.2138
0.999576 0.017259 0.0234614 -0.30317 -0.0173839 0.999835 0.00512934 -1.1667 -0.023369 -0.00553501 0.999712 67.2889
0.99958 0.0171673 0.023335 -0.28492 -0.0172269 0.999848 0.00235509 -1.13294 -0.0232911 -0.00275609 0.999725 68.3781
0.999629 0.0134547 0.0236646 -0.274095 -0.0134647 0.999909 0.000263608 -1.09973 -0.0236589 -0.000582142 0.99972 69.4522
0.999591 0.0110552 0.0263898 -0.28139 -0.0110324 0.999938 -0.00100948 -1.07073 -0.0263994 0.000717925 0.999651 70.4687
0.999611 0.00800905 0.026695 -0.264405 -0.00796632 0.999966 -0.00170667 -1.04599 -0.0267078 0.00149335 0.999642 71.534
0.999675 0.00507182 0.024967 -0.242412 -0.00498062 0.99998 -0.00371387 -1.0075 -0.0249854 0.00358832 0.999681 72.6231
0.999669 0.0045152 0.0253119 -0.233369 -0.00431447 0.999958 -0.00797923 -0.989625 -0.0253469 0.00786739 0.999648 73.6855
0.999687 0.00500111 0.0245228 -0.214912 -0.00466202 0.999892 -0.013865 -0.993086 -0.0245896 0.0137463 0.999603 74.8128
0.999724 0.00590404 0.0227376 -0.177783 -0.00551697 0.999839 -0.0170485 -1.01133 -0.0228347 0.0169184 0.999596 75.8877
0.999737 0.00752345 0.0216842 -0.166557 -0.00717463 0.999844 -0.0161194 -1.03475 -0.0218021 0.0159596 0.999635 76.9397
0.999746 0.00933089 0.0205084 -0.138693 -0.00908262 0.999884 -0.0121655 -1.06116 -0.0206196 0.0119762 0.999716 78.0073
0.999788 0.00941936 0.0183047 -0.11669 -0.00926274 0.999919 -0.00862243 -1.07348 -0.0183845 0.00845107 0.999795 79.0742
0.999807 0.00783167 0.0179952 -0.111245 -0.00766934 0.999929 -0.00907213 -1.07159 -0.018065 0.00893238 0.999797 80.0877
0.999815 0.00840113 0.0173028 -0.103278 -0.00818755 0.999889 -0.0123778 -1.07526 -0.0174049 0.0122339 0.999774 81.1281
0.999819 0.00908983 0.0166963 -0.0994746 -0.00884338 0.999851 -0.014776 -1.0852 -0.0168282 0.0146257 0.999752 82.1601
0.999853 0.00699692 0.0156468 -0.091662 -0.00675855 0.99986 -0.0152358 -1.10152 -0.0157513 0.0151279 0.999762 83.1884
0.999869 0.00404432 0.0157022 -0.0996513 -0.00378741 0.999858 -0.0163569 -1.10593 -0.0157662 0.0162953 0.999743 84.1912
0.999877 0.00130304 0.0156127 -0.104711 -0.00105131 0.999869 -0.0161215 -1.11069 -0.0156317 0.0161031 0.999748 85.1774
0.999879 -0.000292446 0.0155482 -0.11219 0.000527725 0.999885 -0.0151306 -1.10307 -0.015542 0.015137 0.999765 86.1153
0.999882 -0.00182721 0.0152311 -0.115993 0.00206954 0.999871 -0.0159104 -1.10991 -0.0152 0.0159401 0.999757 87.0929
0.999904 -0.00386059 0.0133103 -0.115209 0.00408168 0.999853 -0.0166238 -1.12804 -0.0132442 0.0166765 0.999773 88.0391
0.999938 -0.00465554 0.0101419 -0.122309 0.00483825 0.999824 -0.0180663 -1.15459 -0.0100561 0.0181143 0.999785 88.9763
0.999963 -0.00547024 0.00669963 -0.133479 0.00559771 0.9998 -0.0191584 -1.17845 -0.00659351 0.0191952 0.999794 89.8685
0.999971 -0.00661714 0.00377708 -0.150679 0.0066893 0.999788 -0.019426 -1.20728 -0.00364775 0.0194507 0.999804 90.7256
0.999982 -0.00560713 0.00213113 -0.178667 0.00564533 0.999815 -0.0183652 -1.24432 -0.00202778 0.0183769 0.999829 91.6012
0.999987 -0.00500927 -0.000661516 -0.20434 0.00499733 0.999843 -0.0169529 -1.28188 0.00074632 0.0169494 0.999856 92.4426
0.99999 -0.0035326 -0.00272586 -0.232921 0.00349036 0.999876 -0.0153443 -1.32165 0.00277971 0.0153347 0.999879 93.2509
0.999989 -0.00226117 -0.00423948 -0.254761 0.00220312 0.999904 -0.013645 -1.36306 0.00426991 0.0136355 0.999898 94.0486
0.999978 0.000204912 -0.00672597 -0.267284 -0.00029278 0.999914 -0.0130647 -1.39775 0.0067227 0.0130664 0.999892 94.8141
0.999949 0.00219216 -0.00982563 -0.277764 -0.00232244 0.999909 -0.0132674 -1.44107 0.00979564 0.0132896 0.999864 95.5459
0.999913 0.00345571 -0.0127728 -0.292192 -0.00366055 0.999864 -0.0160486 -1.48129 0.0127156 0.016094 0.99979 96.2578
0.999844 0.00687047 -0.016264 -0.307589 -0.00718078 0.999791 -0.0190993 -1.52333 0.0161293 0.0192131 0.999685 96.9704
0.999779 0.0080695 -0.0194398 -0.326441 -0.00847937 0.999741 -0.0210949 -1.56698 0.0192645 0.0212551 0.999589 97.681
0.999716 0.0108589 -0.0211964 -0.331875 -0.0113135 0.999705 -0.0214458 -1.60503 0.0209572 0.0216795 0.999545 98.3457
0.999686 0.0128542 -0.0214993 -0.330787 -0.0133075 0.999689 -0.0210762 -1.63794 0.0212217 0.0213557 0.999547 98.9798
0.999664 0.0169681 -0.0195997 -0.331538 -0.0173553 0.999654 -0.0197565 -1.66952 0.0192577 0.0200901 0.999613 99.6039
0.99969 0.0194785 -0.0155248 -0.323502 -0.0197661 0.999631 -0.0185935 -1.69768 0.0151569 0.0188946 0.999707 100.206
0.999768 0.0194294 -0.00929501 -0.302852 -0.0195847 0.999665 -0.016925 -1.72196 0.00896304 0.0171031 0.999814 100.764
0.999823 0.0187602 -0.0014981 -0.269489 -0.0187807 0.99971 -0.0150742 -1.73741 0.00121486 0.0150996 0.999885 101.265
0.999784 0.0186786 0.00915427 -0.242053 -0.0185445 0.999722 -0.0145249 -1.75115 -0.00942306 0.014352 0.999853 101.769
0.99961 0.0180818 0.0212637 -0.2028 -0.0177602 0.999726 -0.0152182 -1.7606 -0.021533 0.0148346 0.999658 102.239
0.999239 0.017566 0.0348201 -0.15352 -0.0169849 0.999712 -0.0169157 -1.77122 -0.0351072 0.0163115 0.999251 102.693
0.998568 0.0165719 0.0508617 -0.0869602 -0.0155189 0.999658 -0.0210275 -1.77556 -0.0511928 0.0202081 0.998485 103.129
0.997423 0.0160881 0.06991 -0.00487883 -0.0142454 0.99954 -0.0267777 -1.7825 -0.0703087 0.0257128 0.997194 103.543
0.995761 0.0137326 0.0909492 0.0959616 -0.0108031 0.999409 -0.0326247 -1.78597 -0.0913436 0.0315039 0.995321 103.936
0.993324 0.0113156 0.114802 0.22112 -0.00716369 0.999307 -0.0365143 -1.79347 -0.115136 0.0354482 0.992717 104.353
0.989958 0.00883885 0.141087 0.354969 -0.00342537 0.99925 -0.0385667 -1.79873 -0.141322 0.0376961 0.989246 104.726
0.985504 0.00606194 0.169545 0.511624 0.00102488 0.99913 -0.0416804 -1.80159 -0.16965 0.04125 0.984641 105.094
0.979623 0.00406031 0.200802 0.676053 0.00490459 0.999014 -0.0441278 -1.80526 -0.200783 0.0442135 0.978638 105.447
0.971797 0.000939072 0.235815 0.863539 0.0100596 0.998916 -0.0454339 -1.81623 -0.235602 0.0465248 0.970736 105.827
0.962325 -0.00179438 0.271896 1.05133 0.0151887 0.998771 -0.0471664 -1.82608 -0.271477 0.0495192 0.96117 106.173
0.950742 -0.00178836 0.309979 1.25609 0.0177985 0.998648 -0.0488286 -1.8384 -0.309473 0.0519406 0.949489 106.508
0.936454 0.000917632 0.350788 1.46987 0.0175436 0.998622 -0.0494461 -1.8519 -0.350351 0.0524581 0.935149 106.834
0.919993 0.000128097 0.391934 1.69285 0.0203226 0.998639 -0.04803 -1.86629 -0.391407 0.0521524 0.918739 107.138
0.901559 -0.000508268 0.432656 1.93457 0.0228006 0.998665 -0.0463383 -1.88171 -0.432055 0.0516416 0.900368 107.437
0.879965 -0.00196843 0.475034 2.17068 0.0271114 0.998569 -0.046084 -1.90064 -0.474264 0.0534312 0.87876 107.722
0.85638 -0.00171684 0.516343 2.42832 0.0306331 0.998402 -0.0474868 -1.92355 -0.515436 0.056484 0.855064 108
0.830585 0.000203982 0.556891 2.68151 0.0330149 0.998223 -0.0496063 -1.94726 -0.555912 0.059588 0.829103 108.263
0.801892 0.00429558 0.597453 2.94251 0.0335114 0.998076 -0.0521545 -1.97587 -0.596528 0.0618439 0.800206 108.517
0.769919 0.0106686 0.638052 3.21417 0.0306841 0.998084 -0.0537142 -2.00114 -0.637403 0.0609337 0.768117 108.765
0.735633 0.014438 0.677226 3.50857 0.0298041 0.998114 -0.0536536 -2.03273 -0.676725 0.0596535 0.733816 108.99
0.698656 0.0141627 0.715317 3.80275 0.0332562 0.99808 -0.0522428 -2.05618 -0.714684 0.0602885 0.696844 109.206
0.659798 0.0106794 0.751367 4.11053 0.0394884 0.998024 -0.0488613 -2.07742 -0.750404 0.0619089 0.658074 109.42
0.616934 0.00835011 0.78697 4.41179 0.0418767 0.998178 -0.0434198 -2.09999 -0.7859 0.0597429 0.615461 109.621
0.570337 0.00693247 0.821381 4.7197 0.0430344 0.998339 -0.0383075 -2.11732 -0.820283 0.0571959 0.569091 109.816
0.522797 0.00474057 0.852444 5.0581 0.0443571 0.998478 -0.0327565 -2.13778 -0.851303 0.054937 0.521791 109.985
0.473122 0.000182894 0.880997 5.41205 0.0483979 0.998484 -0.0261985 -2.15892 -0.879667 0.0550335 0.472396 110.121
0.422844 -0.000101182 0.906202 5.79014 0.0461434 0.998705 -0.0214195 -2.18599 -0.905027 0.0508724 0.422301 110.252
0.372755 0.0036992 0.927922 6.18293 0.0437856 0.998808 -0.0215709 -2.20604 -0.926896 0.0486704 0.372149 110.368
0.324298 0.00848807 0.945917 6.58127 0.042223 0.998833 -0.0234387 -2.2262 -0.945012 0.0475406 0.323561 110.464
0.278638 0.0089217 0.960355 6.96423 0.0448188 0.998746 -0.0222821 -2.23878 -0.95935 0.0492506 0.277889 110.53
0.237632 0.0083531 0.971319 7.37598 0.0517102 0.998436 -0.0212371 -2.24931 -0.969978 0.0552738 0.236828 110.593
0.203079 0.00825196 0.979127 7.79143 0.0587099 0.998063 -0.0205884 -2.2601 -0.977401 0.0616656 0.202201 110.639
0.172691 0.00853281 0.984939 8.22191 0.064314 0.997731 -0.0199199 -2.26565 -0.982874 0.0667854 0.171751 110.68
0.146417 0.00777275 0.989192 8.70175 0.0613922 0.99797 -0.0169288 -2.27386 -0.987316 0.0632074 0.145642 110.73
0.122862 0.00475104 0.992412 9.2001 0.0548221 0.998429 -0.0115669 -2.28227 -0.990909 0.0558273 0.122409 110.78
0.100551 0.00125141 0.994931 9.69076 0.0492901 0.998765 -0.00623763 -2.28552 -0.993711 0.0496675 0.100365 110.816
0.0770405 -0.000393603 0.997028 10.1748 0.0520339 0.998638 -0.00362643 -2.28792 -0.99567 0.0521587 0.076956 110.835
0.0565566 0.000819551 0.998399 10.6856 0.0609563 0.998131 -0.00427233 -2.28441 -0.996537 0.0611003 0.0564008 110.849
0.0384642 0.00281741 0.999256 11.1967 0.0667658 0.997754 -0.00538318 -2.28111 -0.997027 0.0669233 0.0381896 110.854
0.0236052 0.00976903 0.999673 11.7282 0.0629982 0.99795 -0.0112398 -2.27679 -0.997735 0.063243 0.0229412 110.859
0.0123732 0.015061 0.99981 12.2876 0.058886 0.99814 -0.0157646 -2.27609 -0.998188 0.0590699 0.0114632 110.87
0.00531715 0.0157289 0.999862 12.8471 0.0617578 0.997962 -0.0160274 -2.27588 -0.998077 0.0618346 0.00433478 110.876
0.000326078 0.013634 0.999907 13.4243 0.0676372 0.997617 -0.0136248 -2.27538 -0.99771 0.0676354 -0.000597012 110.884
-0.000711543 0.0130484 0.999914 14.0281 0.0683771 0.997575 -0.0129692 -2.279 -0.99766 0.0683621 -0.00160218 110.893
-3.84786e-06 0.0135059 0.999909 14.693 0.0677058 0.997614 -0.0134746 -2.27974 -0.997706 0.0676997 -0.000918414 110.918
0.000351826 0.014451 0.999895 15.4134 0.0642273 0.997831 -0.0144437 -2.28771 -0.997936 0.0642257 -0.000577233 110.954
-1.84541e-05 0.0163621 0.999866 16.1156 0.0622116 0.997929 -0.0163292 -2.29165 -0.998063 0.062203 -0.00103647 110.985
0.000112074 0.018003 0.999838 16.8293 0.0624152 0.997888 -0.0179749 -2.29493 -0.998051 0.0624071 -0.00101197 111.006
0.000400643 0.0184979 0.999829 17.542 0.0626782 0.997862 -0.0184866 -2.2983 -0.998034 0.0626749 -0.000759774 111.028
0.000562871 0.0177888 0.999841 18.2812 0.0622817 0.9979 -0.0177893 -2.30548 -0.998059 0.0622819 -0.000546375 111.043
0.00049274 0.0175556 0.999846 19.0457 0.0618696 0.99793 -0.0175525 -2.30082 -0.998085 0.0618687 -0.000594587 111.06
-0.000308986 0.0164431 0.999865 19.7865 0.0633399 0.997857 -0.0163905 -2.30036 -0.997992 0.0633263 -0.00134998 111.068
-0.00103581 0.0160613 0.99987 20.5468 0.0614721 0.997981 -0.0159672 -2.29603 -0.998109 0.0614477 -0.00202119 111.07
-0.00236945 0.0189654 0.999817 21.236 0.0597611 0.998036 -0.01879 -2.24585 -0.99821 0.0597057 -0.00349834 111.069
-0.00413285 0.0196911 0.999797 21.9572 0.0616237 0.997911 -0.0193992 -2.21222 -0.998091 0.0615311 -0.00533781 111.074
-0.00610424 0.0199646 0.999782 22.6697 0.0640738 0.997754 -0.0195329 -2.19772 -0.997927 0.0639406 -0.00736989 111.081
-0.00847577 0.0211479 0.99974 23.4593 0.0614489 0.997898 -0.0205879 -2.19446 -0.998075 0.0612585 -0.00975762 111.091
-0.00966967 0.0273356 0.999579 24.2566 0.0592505 0.997885 -0.0267161 -2.19018 -0.998197 0.0589673 -0.011269 111.097
-0.0102974 0.0362325 0.99929 24.9958 0.0589839 0.997625 -0.0355643 -2.12889 -0.998206 0.0585759 -0.0124102 111.095
-0.0118186 0.0429576 0.999007 25.794 0.0583636 0.997403 -0.0421981 -2.09477 -0.998226 0.057807 -0.0142952 111.09
-0.0138972 0.045244 0.998879 26.6272 0.053965 0.997554 -0.0444332 -2.08024 -0.998446 0.0532871 -0.0163049 111.09
-0.0147223 0.0449941 0.998879 27.4761 0.0505422 0.997743 -0.044198 -2.07651 -0.998614 0.0498348 -0.0169633 111.087
-0.0147538 0.0424169 0.998991 28.2804 0.049735 0.997894 -0.0416358 -2.08733 -0.998654 0.0490706 -0.0168325 111.08
-0.0133324 0.0386328 0.999164 29.0641 0.0464611 0.998198 -0.0379755 -2.09372 -0.998831 0.045916 -0.0151035 111.066
-0.0130305 0.0407737 0.999083 29.8518 0.0427143 0.998279 -0.0401837 -2.09742 -0.999003 0.0421516 -0.0147499 111.059
-0.0116554 0.0504745 0.998657 30.6378 0.0444027 0.997766 -0.0499113 -2.10801 -0.998946 0.0437614 -0.0138707 111.051
-0.0115354 0.0634118 0.997921 31.425 0.0459603 0.996966 -0.0628199 -2.13005 -0.998877 0.0451401 -0.014415 111.057
-0.0127052 0.0702626 0.997447 32.2186 0.0463471 0.996497 -0.0696053 -2.16384 -0.998845 0.0453445 -0.0159173 111.068
-0.0127938 0.0668458 0.997681 33.043 0.049214 0.996596 -0.0661419 -2.20094 -0.998707 0.0482537 -0.0160402 111.078
-0.012776 0.0616373 0.998017 33.8339 0.0528802 0.996743 -0.0608817 -2.23206 -0.998519 0.0519976 -0.0159939 111.086
-0.0123365 0.0610188 0.99806 34.6519 0.055731 0.996627 -0.0602423 -2.27067 -0.99837 0.0548798 -0.0156957 111.089
-0.0121411 0.0636833 0.997896 35.4653 0.0564428 0.996422 -0.0629025 -2.3126 -0.998332 0.0555604 -0.0156923 111.093
-0.0135499 0.0663134 0.997707 36.2792 0.0548645 0.996345 -0.0654777 -2.37506 -0.998402 0.0538515 -0.0171387 111.098
-0.0153235 0.0664321 0.997673 37.0837 0.0545628 0.996359 -0.0655066 -2.43825 -0.998393 0.0534321 -0.0188926 111.095
-0.0173248 0.0668381 0.997613 37.8631 0.0551784 0.996306 -0.0657923 -2.5089 -0.998326 0.0539069 -0.020949 111.09
-0.018867 0.0667629 0.997591 38.6462 0.0548995 0.996332 -0.0656404 -2.58801 -0.998314 0.0535288 -0.0224632 111.071
-0.0220097 0.06634 0.997554 39.4261 0.047367 0.996745 -0.065241 -2.64551 -0.998635 0.0458153 -0.0250806 111.069
-0.0236521 0.0655601 0.997568 40.2004 0.0457829 0.996872 -0.0644289 -2.70645 -0.998671 0.0441478 -0.0265798 111.066
-0.0264338 0.0651023 0.997529 40.9502 0.0441972 0.996977 -0.0638951 -2.75876 -0.998673 0.042399 -0.0292314 111.066
-0.0284357 0.0668496 0.997358 41.7009 0.0428078 0.996927 -0.0656003 -2.79828 -0.998679 0.0408294 -0.0312102 111.052
-0.029902 0.0695144 0.997133 42.4557 0.0433302 0.996731 -0.068187 -2.83614 -0.998613 0.0411671 -0.0328165 111.034
-0.0313353 0.071477 0.99695 43.2297 0.0452529 0.996518 -0.0700237 -2.88674 -0.998484 0.0429207 -0.0344609 111.02
-0.0324966 0.0725658 0.996834 44.0096 0.0501233 0.996224 -0.0708874 -2.9427 -0.998214 0.0476611 -0.0360113 111.008
-0.0339319 0.0733881 0.996726 44.7731 0.0520889 0.996075 -0.0715669 -2.99902 -0.998066 0.0494901 -0.0376216 110.986
-0.0355368 0.075085 0.996544 45.543 0.0532631 0.995899 -0.073137 -3.05713 -0.997948 0.05048 -0.0393904 110.967
-0.0367856 0.0762975 0.996406 46.2894 0.0532168 0.995816 -0.0742876 -3.1143 -0.997905 0.0502929 -0.0406921 110.942
-0.0371114 0.0760803 0.996411 47.0305 0.0523056 0.995879 -0.0740915 -3.17294 -0.997941 0.0493682 -0.040938 110.915
-0.0370495 0.0771484 0.996331 47.7375 0.0552232 0.99565 -0.0750422 -3.22721 -0.997787 0.0522403 -0.0411489 110.888
-0.0354074 0.0813891 0.996054 48.4279 0.0571173 0.995214 -0.0792901 -3.28408 -0.99774 0.0540845 -0.0398868 110.866
-0.0371887 0.0824204 0.995904 49.0467 0.0559868 0.9952 -0.0802714 -3.36401 -0.997739 0.0527723 -0.0416248 110.861
-0.034477 0.0844785 0.995829 49.731 0.0543221 0.995106 -0.0825366 -3.42734 -0.997928 0.0512499 -0.0388975 110.817
-0.0342419 0.0882764 0.995508 50.4099 0.0551026 0.994743 -0.0863133 -3.45811 -0.997894 0.0518996 -0.0389263 110.794
-0.0338042 0.0915994 0.995222 51.1023 0.0567432 0.994361 -0.0895928 -3.4808 -0.997817 0.0534435 -0.0388114 110.772
-0.0324798 0.0950274 0.994945 51.7752 0.0584401 0.993947 -0.0930244 -3.50653 -0.997763 0.0551233 -0.0378368 110.745
-0.0338031 0.0985604 0.994557 52.4423 0.0556757 0.993766 -0.0965897 -3.54608 -0.997877 0.0521076 -0.0390799 110.736
-0.033267 0.101355 0.994294 53.1327 0.0557816 0.993482 -0.0994056 -3.60372 -0.997889 0.0521565 -0.0387041 110.724
-0.033793 0.100297 0.994384 53.7807 0.0568042 0.993536 -0.0982815 -3.67864 -0.997813 0.0531639 -0.039272 110.707
-0.0337331 0.0996206 0.994454 54.4397 0.0584003 0.993516 -0.0975457 -3.76535 -0.997723 0.0547859 -0.0393324 110.673
-0.0393764 0.098247 0.994383 55.0907 0.0561785 0.993798 -0.0959646 -3.85684 -0.997644 0.0520842 -0.0446517 110.698
-0.045798 0.0966824 0.994261 55.7477 0.0516182 0.994205 -0.0942993 -3.94869 -0.997616 0.0470033 -0.0505233 110.683
-0.0517544 0.100262 0.993614 56.3754 0.0552685 0.99371 -0.097393 -4.01956 -0.997129 0.0498751 -0.0569704 110.656
-0.0587313 0.101883 0.993061 57.0005 0.0586079 0.993414 -0.0984533 -4.1053 -0.996552 0.052419 -0.0643158 110.626
-0.0658255 0.103008 0.9925 57.6486 0.0574332 0.993399 -0.0992921 -4.18155 -0.996177 0.0504666 -0.0713073 110.582
-0.0720314 0.102407 0.992131 58.3189 0.0537619 0.993668 -0.0986619 -4.2507 -0.995952 0.0462321 -0.077081 110.536
-0.0772177 0.102155 0.991767 58.9903 0.0542261 0.993695 -0.0981316 -4.32004 -0.995539 0.0462022 -0.0822705 110.483
-0.0817628 0.10343 0.991271 59.6839 0.0516033 0.993706 -0.0994276 -4.39378 -0.995315 0.0430234 -0.0865856 110.43
-0.0857369 0.104153 0.990859 60.3818 0.0495776 0.993735 -0.100165 -4.44659 -0.995084 0.0405366 -0.0903636 110.376
-0.0881053 0.103625 0.990707 61.0672 0.0507519 0.99375 -0.0994295 -4.49241 -0.994817 0.04152 -0.0928139 110.317
-0.0896157 0.103722 0.990561 61.7676 0.0539158 0.99361 -0.099163 -4.52999 -0.994516 0.0445204 -0.0946353 110.258
-0.0907839 0.104772 0.990344 62.444 0.0537684 0.993516 -0.100179 -4.56106 -0.994418 0.0441546 -0.0958288 110.201
-0.0910319 0.109075 0.989857 63.1802 0.055309 0.993003 -0.104335 -4.5958 -0.994311 0.0452502 -0.096428 110.132
-0.0892914 0.117525 0.989048 63.8709 0.0590145 0.991894 -0.112536 -4.63132 -0.994256 0.0483197 -0.0955034 110.059
-0.0887916 0.125678 0.98809 64.6011 0.0674571 0.990489 -0.119922 -4.68799 -0.993763 0.0560056 -0.0964252 109.996
-0.0885842 0.133636 0.987064 65.3375 0.0773985 0.988887 -0.126936 -4.76265 -0.993057 0.0651527 -0.0979431 109.926
-0.0893246 0.136511 0.986603 66.0929 0.0803657 0.988321 -0.129473 -4.8596 -0.992755 0.067724 -0.0992523 109.865
-0.0889841 0.135127 0.986825 66.8281 0.0793694 0.988566 -0.128208 -4.96153 -0.992866 0.0669152 -0.0986918 109.794
-0.0937574 0.126376 0.987542 67.5264 0.0775622 0.989823 -0.119304 -5.09428 -0.992569 0.0654104 -0.102605 109.762
-0.0930241 0.121853 0.98818 68.2668 0.0781163 0.990317 -0.114763 -5.22669 -0.992595 0.0665172 -0.101642 109.675
-0.0919455 0.120339 0.988466 69.0036 0.0789153 0.990429 -0.113238 -5.3405 -0.992632 0.0675934 -0.100562 109.579
-0.0928888 0.119541 0.988475 69.7464 0.076607 0.990682 -0.112609 -5.45254 -0.992725 0.065264 -0.101181 109.497
-0.0943029 0.119337 0.988365 70.4927 0.0774524 0.99066 -0.112224 -5.5502 -0.992526 0.0659682 -0.102665 109.417
-0.0974321 0.119019 0.9881 71.2238 0.0751198 0.990871 -0.111946 -5.63775 -0.992403 0.0633188 -0.105483 109.352
-0.0958797 0.1186 0.988302 71.9461 0.078029 0.990716 -0.11132 -5.73563 -0.99233 0.0664429 -0.104244 109.244
-0.0998197 0.117652 0.988026 72.6616 0.0769948 0.990921 -0.110218 -5.83526 -0.992022 0.0650709 -0.107972 109.193
-0.102891 0.116904 0.987799 73.3957 0.0743981 0.991192 -0.109556 -5.94451 -0.991906 0.062218 -0.110683 109.14
-0.104398 0.118626 0.987436 74.1447 0.0748529 0.990982 -0.111138 -6.0386 -0.991715 0.0623098 -0.112336 109.067
-0.104575 0.118404 0.987444 74.881 0.0727831 0.991136 -0.111139 -6.13594 -0.99185 0.0602469 -0.112266 108.982
-0.106061 0.117925 0.987343 75.6252 0.0693005 0.991405 -0.110966 -6.21895 -0.991942 0.0566543 -0.113321 108.901
-0.105835 0.116693 0.987513 76.3635 0.0690324 0.991557 -0.109772 -6.28985 -0.991985 0.0565526 -0.112997 108.82
-0.107701 0.115609 0.987439 77.1357 0.0660035 0.991856 -0.108927 -6.37379 -0.99199 0.0534429 -0.114455 108.748
-0.10909 0.114679 0.987395 77.8925 0.0642391 0.99206 -0.108123 -6.45911 -0.991954 0.0516342 -0.115591 108.668
-0.110769 0.115587 0.987102 78.6803 0.0657114 0.991892 -0.108774 -6.5341 -0.991671 0.052815 -0.117466 108.578
-0.1123 0.11934 0.986482 79.439 0.0668885 0.991418 -0.112322 -6.58226 -0.99142 0.0533706 -0.119319 108.491
-0.113191 0.124333 0.985763 80.1926 0.066489 0.990863 -0.117342 -6.62098 -0.991346 0.0522604 -0.120423 108.387
-0.11526 0.132365 0.984477 81.0211 0.0695706 0.989724 -0.124926 -6.66483 -0.990896 0.0540917 -0.123285 108.324
-0.115315 0.141512 0.983197 81.8046 0.0724664 0.988361 -0.133756 -6.7014 -0.990682 0.0558247 -0.124228 108.234
-0.115928 0.150303 0.98182 82.619 0.0740497 0.987041 -0.142359 -6.76061 -0.990494 0.0562002 -0.125555 108.13
-0.115209 0.155679 0.981066 83.4575 0.0769911 0.986071 -0.147432 -6.83997 -0.990353 0.0585478 -0.125591 108.039
-0.114224 0.159253 0.980608 84.269 0.0813188 0.985254 -0.150536 -6.92061 -0.990121 0.062547 -0.125491 107.939
-0.11345 0.161067 0.980402 85.1138 0.0827606 0.984875 -0.152225 -7.0177 -0.990091 0.0638688 -0.125064 107.836
-0.111679 0.162537 0.980362 85.9243 0.0833952 0.984586 -0.153738 -7.12213 -0.990239 0.0645883 -0.123512 107.735
-0.110112 0.162853 0.980487 86.744 0.082009 0.98461 -0.154328 -7.23085 -0.99053 0.0634154 -0.121773 107.646
-0.10824 0.162316 0.980785 87.5794 0.0826759 0.984633 -0.153828 -7.34205 -0.990681 0.0644369 -0.119996 107.556
-0.105745 0.162043 0.981102 88.4098 0.0846987 0.984515 -0.153478 -7.44924 -0.99078 0.0668686 -0.117832 107.462
-0.103816 0.164142 0.980959 89.2554 0.0842083 0.984197 -0.155772 -7.57344 -0.991025 0.0664334 -0.115997 107.369
-0.102205 0.170428 0.980056 90.095 0.0866304 0.982996 -0.161905 -7.71745 -0.990984 0.0683552 -0.115232 107.286
-0.100889 0.176592 0.9791 90.8851 0.0879299 0.981853 -0.168028 -7.87625 -0.991004 0.06914 -0.114586 107.207
-0.0989429 0.178453 0.978961 91.738 0.0857178 0.98166 -0.170282 -8.04932 -0.991394 0.0670662 -0.112425 107.117
-0.097312 0.175697 0.979623 92.5521 0.0865567 0.982059 -0.167536 -8.2197 -0.991483 0.0684896 -0.110774 107.023
-0.0959894 0.172672 0.980291 93.394 0.0853107 0.982642 -0.164733 -8.37767 -0.99172 0.0678168 -0.109054 106.936
-0.0944043 0.171621 0.98063 94.2412 0.0876184 0.982639 -0.163537 -8.52981 -0.991671 0.0704826 -0.107803 106.838
-0.0919901 0.170958 0.980975 95.0862 0.0890881 0.982614 -0.16289 -8.68353 -0.991767 0.072409 -0.105621 106.75
-0.0935089 0.170223 0.980959 95.8642 0.0879444 0.982837 -0.162166 -8.83663 -0.991727 0.0711059 -0.106874 106.688
-0.0925383 0.167949 0.981443 96.6418 0.0913013 0.982951 -0.159599 -8.98452 -0.991514 0.074838 -0.106295 106.607
-0.0918497 0.167951 0.981507 97.4658 0.0930438 0.982809 -0.159467 -9.12388 -0.991416 0.0766762 -0.105898 106.528
-0.0939115 0.170249 0.980916 98.2242 0.095007 0.982306 -0.161395 -9.25236 -0.991037 0.0780371 -0.108425 106.483
-0.0945825 0.173633 0.980258 99.0017 0.0961936 0.981658 -0.1646 -9.38161 -0.990859 0.0787263 -0.10955 106.419
-0.0948949 0.176869 0.979649 99.8257 0.0944601 0.981249 -0.168008 -9.50962 -0.990996 0.0765946 -0.109823 106.35
-0.0948765 0.174921 0.980001 100.68 0.0901368 0.981907 -0.166535 -9.63644 -0.9914 0.0725338 -0.108927 106.276
-0.0962865 0.174848 0.979876 101.527 0.0832828 0.982413 -0.167117 -9.76508 -0.991863 0.0655157 -0.109155 106.209
-0.0985166 0.176933 0.97928 102.361 0.0789924 0.982352 -0.169541 -9.89442 -0.991995 0.060653 -0.110754 106.132
-0.10017 0.182788 0.978036 103.194 0.0763238 0.981495 -0.175618 -10.0395 -0.992039 0.0570557 -0.112268 106.053
-0.100843 0.185882 0.977384 104.01 0.0749847 0.981017 -0.178837 -10.1832 -0.992073 0.0552545 -0.112867 105.958
-0.0993123 0.187877 0.977159 104.83 0.0740783 0.980684 -0.181026 -10.3156 -0.992295 0.0544082 -0.111312 105.837
-0.0972188 0.189441 0.977068 105.624 0.0756953 0.980282 -0.182532 -10.4462 -0.99238 0.0562139 -0.109642 105.727
-0.095853 0.193218 0.976463 106.454 0.0769202 0.979484 -0.186265 -10.5719 -0.992419 0.0572556 -0.108749 105.616
-0.0977877 0.197474 0.975419 107.26 0.0761973 0.978725 -0.190504 -10.7295 -0.992286 0.0556953 -0.110754 105.538
-0.0988546 0.20149 0.97449 108.072 0.0789074 0.97779 -0.194168 -10.8467 -0.991969 0.0577 -0.112558 105.474
-0.0997683 0.206054 0.973442 108.842 0.0842932 0.976556 -0.198074 -10.9376 -0.991434 0.062293 -0.114798 105.411
-0.102065 0.209776 0.972408 109.607 0.0857126 0.975732 -0.201497 -11.0424 -0.991078 0.0627818 -0.117569 105.333
-0.103975 0.214654 0.97114 110.387 0.0885706 0.974551 -0.205925 -11.1671 -0.990628 0.0646035 -0.120341 105.239
-0.106738 0.2205 0.969529 111.17 0.089719 0.973258 -0.21147 -11.3029 -0.990231 0.0644131 -0.123667 105.142
-0.108632 0.224555 0.968388 111.948 0.0902519 0.972357 -0.215351 -11.4485 -0.989977 0.0640047 -0.125896 105.045
-0.110661 0.226851 0.967622 112.711 0.0919983 0.97176 -0.2173 -11.6053 -0.989591 0.0649729 -0.128406 104.939
-0.112179 0.227335 0.967334 113.463 0.0941104 0.971533 -0.217408 -11.7559 -0.989222 0.0666475 -0.13038 104.836
-0.113956 0.229692 0.966569 114.21 0.0948111 0.970981 -0.219562 -11.9101 -0.988952 0.0666211 -0.132426 104.734
-0.114811 0.236903 0.964726 114.975 0.0917931 0.969522 -0.227157 -12.0627 -0.989137 0.0624749 -0.133058 104.624
-0.115519 0.246251 0.962297 115.727 0.0905834 0.967358 -0.236672 -12.2249 -0.989166 0.0598279 -0.134055 104.516
-0.116669 0.250948 0.960944 116.427 0.0961998 0.965858 -0.240551 -12.3792 -0.988501 0.0643777 -0.136827 104.413
-0.11772 0.251112 0.960773 117.189 0.099262 0.96563 -0.240219 -12.5537 -0.988074 0.0670898 -0.138599 104.29
-0.120557 0.245178 0.961953 117.931 0.0982109 0.967213 -0.23421 -12.7308 -0.987836 0.0662385 -0.140684 104.176
-0.120958 0.245041 0.961938 118.686 0.098962 0.967202 -0.233938 -12.9131 -0.987713 0.0668987 -0.14124 104.06
-0.12081 0.249762 0.960742 119.433 0.0990637 0.966032 -0.238681 -13.0824 -0.98772 0.0663397 -0.141448 103.931
-0.122612 0.254267 0.959331 120.161 0.0988871 0.964944 -0.243116 -13.2622 -0.987516 0.0650565 -0.143458 103.818
-0.122782 0.259423 0.957927 120.898 0.101977 0.963419 -0.24784 -13.4143 -0.987181 0.0672562 -0.144746 103.704
-0.122617 0.266131 0.956106 121.598 0.108034 0.961231 -0.253703 -13.5698 -0.986557 0.0721835 -0.146615 103.587
-0.124628 0.272922 0.95393 122.311 0.108974 0.959374 -0.260243 -13.7302 -0.986201 0.0715203 -0.149306 103.48
-0.127645 0.277499 0.952209 123.033 0.108617 0.958199 -0.264684 -13.9047 -0.985855 0.0696403 -0.152451 103.377
-0.12983 0.277609 0.951881 123.761 0.111223 0.958025 -0.264231 -14.0815 -0.985279 0.0715665 -0.155257 103.279
-0.132771 0.276943 0.95167 124.463 0.117005 0.957836 -0.262413 -14.2522 -0.984217 0.0765092 -0.159577 103.161
-0.137545 0.277479 0.950835 125.176 0.12053 0.957514 -0.261993 -14.4395 -0.983135 0.0785678 -0.165146 103.038
-0.143542 0.277474 0.94995 125.876 0.120165 0.957675 -0.261573 -14.6284 -0.982322 0.0766036 -0.170809 102.904
-0.151563 0.278124 0.948513 126.577 0.121048 0.957598 -0.261446 -14.8296 -0.981008 0.0751901 -0.178803 102.771
-0.163034 0.279187 0.946295 127.262 0.12168 0.957496 -0.261528 -15.0292 -0.979089 0.0725067 -0.190076 102.638
-0.17361 0.280565 0.944004 127.96 0.12425 0.957141 -0.261618 -15.2285 -0.976945 0.0718727 -0.20103 102.47
-0.184388 0.281691 0.941622 128.63 0.12832 0.956748 -0.261089 -15.4186 -0.974441 0.0726874 -0.212559 102.304
-0.193784 0.282347 0.939536 129.308 0.135073 0.956248 -0.25951 -15.6058 -0.971702 0.0766171 -0.223444 102.126
-0.203013 0.283379 0.937274 129.992 0.141523 0.955648 -0.258281 -15.7877 -0.968895 0.0802117 -0.234113 101.944
-0.211334 0.285017 0.934935 130.658 0.149478 0.954712 -0.257258 -15.9542 -0.965917 0.0853848 -0.244367 101.762
-0.218887 0.286956 0.932601 131.332 0.155491 0.953823 -0.256991 -16.1289 -0.963282 0.0887589 -0.253398 101.567
-0.226306 0.287122 0.930778 131.999 0.156786 0.953846 -0.256118 -16.3277 -0.961356 0.0879719 -0.260877 101.361
-0.231846 0.28795 0.929157 132.665 0.159384 0.953519 -0.255731 -16.511 -0.959607 0.0888022 -0.266965 101.161
-0.236149 0.286528 0.928512 133.336 0.161529 0.953819 -0.253256 -16.7012 -0.958198 0.090175 -0.271526 100.958
-0.236315 0.284554 0.929077 133.986 0.16691 0.953834 -0.249682 -16.876 -0.957234 0.0960688 -0.2729 100.749
-0.236444 0.283365 0.929408 134.646 0.171467 0.953687 -0.247146 -17.057 -0.956397 0.100927 -0.274081 100.544
-0.235971 0.282655 0.929744 135.283 0.173926 0.953599 -0.245764 -17.2302 -0.956069 0.103714 -0.274183 100.343
-0.233909 0.28832 0.928525 135.943 0.176229 0.951772 -0.251143 -17.4156 -0.956154 0.104889 -0.273438 100.138
-0.232624 0.291544 0.927841 136.577 0.173776 0.95112 -0.25529 -17.5921 -0.956916 0.10185 -0.271917 99.9435
-0.230576 0.2919 0.92824 137.211 0.175218 0.950807 -0.255471 -17.7677 -0.957149 0.103739 -0.270379 99.7428
-0.22729 0.290826 0.929387 137.842 0.176429 0.95087 -0.254401 -17.9387 -0.957713 0.106148 -0.267433 99.5416
-0.224408 0.289299 0.930563 138.46 0.17597 0.95125 -0.253295 -18.1103 -0.958477 0.106909 -0.264376 99.3404
-0.221528 0.290298 0.930942 139.105 0.175433 0.95095 -0.254791 -18.2933 -0.959244 0.106875 -0.26159 99.1591
-0.219803 0.29322 0.930435 139.705 0.175596 0.950074 -0.257927 -18.466 -0.959611 0.106687 -0.260317 99.0062
-0.216862 0.295257 0.930481 140.314 0.175843 0.949388 -0.260274 -18.6405 -0.960235 0.107175 -0.257805 98.86
-0.216896 0.294332 0.930766 140.864 0.171287 0.950146 -0.260546 -18.8153 -0.961051 0.102916 -0.256498 98.7288
-0.209653 0.2925 0.933 141.487 0.174529 0.950078 -0.258636 -18.9982 -0.962074 0.108612 -0.250236 98.5689
-0.203917 0.291564 0.934563 142.091 0.174115 0.950204 -0.258452 -19.1777 -0.963381 0.110019 -0.244528 98.4105
-0.199088 0.291036 0.935768 142.686 0.173196 0.950302 -0.258708 -19.3539 -0.964556 0.110566 -0.2396 98.258
-0.194514 0.289855 0.937096 143.282 0.172743 0.950535 -0.258155 -19.5297 -0.96557 0.111662 -0.234963 98.1177
-0.188701 0.288455 0.938715 143.867 0.177328 0.950184 -0.256333 -19.6995 -0.965892 0.11809 -0.230452 97.9791
-0.185257 0.28686 0.939889 144.446 0.176706 0.95058 -0.255293 -19.8649 -0.966673 0.118789 -0.226792 97.8434
-0.182382 0.286185 0.940657 145.008 0.172867 0.951134 -0.255856 -20.0244 -0.967913 0.115945 -0.222942 97.7143
-0.178154 0.287615 0.941031 145.596 0.17019 0.950924 -0.258419 -20.2011 -0.969174 0.114116 -0.21836 97.574
-0.172106 0.290577 0.941246 146.159 0.169528 0.949985 -0.262277 -20.3676 -0.970382 0.114429 -0.212759 97.4304
-0.164637 0.293569 0.941654 146.714 0.169825 0.948862 -0.266124 -20.5313 -0.971625 0.116103 -0.206073 97.2921
-0.157567 0.294551 0.942556 147.26 0.167459 0.948626 -0.268453 -20.6906 -0.973207 0.11554 -0.198798 97.1775
-0.14812 0.29374 0.94434 147.816 0.1629 0.949077 -0.269662 -20.8612 -0.975462 0.11389 -0.188427 97.0616
-0.138182 0.291907 0.946412 148.385 0.15962 0.949652 -0.2696 -21.0378 -0.97746 0.113812 -0.177819 96.976
-0.127945 0.290938 0.948148 148.931 0.158251 0.949746 -0.270073 -21.2062 -0.979075 0.11549 -0.167557 96.9196
-0.116683 0.289774 0.949956 149.471 0.153802 0.950223 -0.270964 -21.38 -0.981189 0.114489 -0.155443 96.8651
-0.10252 0.288961 0.951836 150.016 0.150583 0.950359 -0.272293 -21.5499 -0.983268 0.115415 -0.140943 96.8158
-0.0858959 0.287515 0.953917 150.557 0.144976 0.950872 -0.273542 -21.7283 -0.985701 0.114799 -0.123359 96.7737
-0.0678112 0.285584 0.955952 151.088 0.137792 0.951656 -0.274526 -21.9141 -0.988138 0.113106 -0.103884 96.7546
-0.0480821 0.28417 0.957568 151.621 0.130071 0.952295 -0.276074 -22.0938 -0.990339 0.111277 -0.0827504 96.7463
