1 0 0 0 0 1 0 0 0 0 1 0
0.999998 0.000501692 0.00191855 0.00205073 -0.00050307 1 0.000717748 -0.0494886 -0.00191819 -0.000718712 0.999998 1.19467
0.999993 0.000476824 0.00379494 -0.00734666 -0.00048719 0.999996 0.0027312 -0.0914064 -0.00379362 -0.00273303 0.999989 2.42396
0.999991 -1.91005e-05 0.00434123 -0.0107668 -2.13745e-06 0.999988 0.0048921 -0.132962 -0.00434127 -0.00489207 0.999979 3.63631
0.999983 -0.00169852 0.00548825 -0.0129431 0.00166183 0.999976 0.00668169 -0.167425 -0.00549947 -0.00667246 0.999963 4.85815
0.999977 -0.00298654 0.0061177 -0.0195371 0.00294021 0.999967 0.00756949 -0.200307 -0.00614011 -0.00755133 0.999953 6.06604
0.999974 -0.00255995 0.00675654 -0.0302137 0.00250918 0.999969 0.00751298 -0.214936 -0.00677556 -0.00749583 0.999949 7.26213
0.999965 -0.00277839 0.00792756 -0.0238752 0.00271758 0.999967 0.00767123 -0.241839 -0.00794861 -0.00764942 0.999939 8.4587
0.999957 -0.00478934 0.00797431 -0.020877 0.0047168 0.999948 0.00909132 -0.26276 -0.00801744 -0.00905331 0.999927 9.64847
0.999965 -0.00439701 0.00715342 -0.0204598 0.00432064 0.999934 0.0106575 -0.280614 -0.00719981 -0.0106262 0.999918 10.8402
0.999969 -0.00610711 0.00502288 -0.0261299 0.00605524 0.999929 0.0102779 -0.296083 -0.00508529 -0.0102472 0.999935 12.049
0.999982 -0.0049446 0.00350417 -0.0345514 0.00490877 0.999936 0.0101607 -0.31004 -0.00355419 -0.0101433 0.999942 13.2609
0.999982 -0.00567004 0.00217179 -0.0432063 0.00564891 0.999938 0.00961327 -0.327635 -0.00222616 -0.00960083 0.999952 14.4633
0.999993 -0.00346085 0.00154499 -0.0550712 0.0034456 0.999946 0.00976411 -0.343818 -0.0015787 -0.00975872 0.999951 15.6853
0.999986 -0.00519531 0.00125995 -0.0687583 0.00518239 0.999936 0.0100489 -0.360821 -0.00131208 -0.0100422 0.999949 16.8887
0.999983 -0.00569912 0.00130123 -0.0822339 0.00568466 0.999925 0.0108601 -0.37741 -0.00136303 -0.0108526 0.99994 18.113
0.999973 -0.00731688 0.00110613 -0.0990945 0.00730394 0.99991 0.0112841 -0.394688 -0.00118859 -0.0112757 0.999936 19.3357
0.999958 -0.00911541 0.000920956 -0.121292 0.0091048 0.999899 0.0109315 -0.418218 -0.00102051 -0.0109226 0.99994 20.5427
0.999951 -0.00962803 0.00206053 -0.142204 0.00960362 0.999887 0.0115429 -0.439736 -0.00217143 -0.0115226 0.999931 21.7199
0.999934 -0.01126 0.00229857 -0.180022 0.011229 0.999852 0.0130669 -0.476534 -0.00244536 -0.0130403 0.999912 22.9044
0.999922 -0.0121401 0.00293396 -0.211895 0.0120961 0.99982 0.014588 -0.510015 -0.00311053 -0.0145514 0.999889 24.0957
0.999922 -0.0119501 0.00348839 -0.247181 0.0118944 0.999808 0.015572 -0.541302 -0.00367381 -0.0155294 0.999873 25.2902
0.999931 -0.0110694 0.004 -0.282891 0.0109963 0.99978 0.0178677 -0.567997 -0.0041969 -0.0178225 0.999833 26.5038
0.999908 -0.012739 0.00469538 -0.309661 0.0126368 0.999696 0.0211841 -0.588726 -0.00496382 -0.0211228 0.999765 27.7358
0.999911 -0.012505 0.00454564 -0.338183 0.0123994 0.999669 0.0225541 -0.603001 -0.00482618 -0.0224957 0.999735 28.9351
0.999904 -0.01293 0.00488109 -0.355745 0.0128125 0.999644 0.0233898 -0.61561 -0.00518179 -0.0233251 0.999715 30.1476
0.999885 -0.0144107 0.00460421 -0.36561 0.0143019 0.999637 0.0228381 -0.614151 -0.00493165 -0.0227696 0.999729 31.373
0.999905 -0.0131573 0.00401926 -0.3819 0.0130628 0.999657 0.0226853 -0.61262 -0.00431636 -0.0226307 0.999735 32.5663
0.999887 -0.0144602 0.00395359 -0.399102 0.0143668 0.999638 0.0227291 -0.604392 -0.00428083 -0.0226697 0.999734 33.7676
0.999884 -0.0147434 0.00368705 -0.411919 0.0146543 0.999625 0.023147 -0.598232 -0.00402694 -0.0230903 0.999725 34.9805
0.999897 -0.0140097 0.00295934 -0.414288 0.0139358 0.999622 0.0236933 -0.59704 -0.00329016 -0.0236496 0.999715 36.1932
0.999916 -0.0128657 0.00116019 -0.411887 0.0128317 0.999588 0.0256625 -0.623276 -0.00148987 -0.0256455 0.99967 37.3656
0.999906 -0.0137214 0.000316052 -0.406391 0.0137073 0.999518 0.0278673 -0.646604 -0.000698277 -0.0278603 0.999612 38.5787
0.999924 -0.012293 -0.000477012 -0.402854 0.0123019 0.999447 0.0308991 -0.663835 9.69065e-05 -0.0309026 0.999523 39.7848
0.999927 -0.0119854 -0.00173971 -0.396092 0.0120369 0.999367 0.0334692 -0.679202 0.00133747 -0.0334877 0.999438 41.0157
0.999949 -0.00978188 -0.00260073 -0.395275 0.00986667 0.999343 0.034882 -0.689738 0.00225781 -0.0349059 0.999388 42.2406
0.999956 -0.00887909 -0.0030891 -0.403615 0.00898545 0.9993 0.0363175 -0.696326 0.00276447 -0.0363436 0.999336 43.4479
0.999976 -0.00600351 -0.00327253 -0.412052 0.00612785 0.999204 0.0394117 -0.694541 0.00303332 -0.0394308 0.999218 44.6694
0.99998 -0.00584096 -0.00251083 -0.423115 0.00594435 0.999042 0.0433612 -0.689825 0.00225515 -0.0433752 0.999056 45.8861
0.99998 -0.00627945 -0.000892934 -0.431842 0.00631442 0.998879 0.0469054 -0.681205 0.000597394 -0.0469102 0.998899 47.1066
0.999971 -0.00738709 -0.00165877 -0.412001 0.00746312 0.998629 0.0518108 -0.671336 0.00127376 -0.0518218 0.998656 48.3529
0.999977 -0.00670304 -0.000487338 -0.420472 0.00671971 0.998461 0.0550536 -0.654721 0.000117562 -0.0550556 0.998483 49.5506
0.999983 -0.00544215 0.00170024 -0.442837 0.0053394 0.998444 0.0555017 -0.625216 -0.00199964 -0.0554917 0.998457 50.7524
0.999986 -0.00415159 0.00308324 -0.470583 0.00397531 0.998471 0.0551322 -0.600218 -0.00330741 -0.0551192 0.998474 51.9471
0.99998 -0.00346188 0.00524166 -0.500792 0.00316182 0.998414 0.0562079 -0.570419 -0.00542794 -0.0561902 0.998405 53.1191
0.999967 -0.00452392 0.00667124 -0.526049 0.00413883 0.998386 0.0566488 -0.538405 -0.00691674 -0.0566193 0.998372 54.3234
0.999957 -0.00529254 0.00755902 -0.550203 0.00486377 0.998438 0.0556562 -0.507726 -0.00784178 -0.0556171 0.998421 55.5277
0.999954 -0.00607243 0.00732791 -0.566034 0.00564534 0.998361 0.0569593 -0.47319 -0.00766178 -0.0569154 0.99835 56.7458
0.999958 -0.00667718 0.00630284 -0.575216 0.00629723 0.998268 0.0584902 -0.435868 -0.00668248 -0.0584481 0.998268 57.9515
0.999944 -0.00901837 0.00555296 -0.58677 0.00867771 0.998245 0.0585842 -0.397037 -0.00607155 -0.0585328 0.998267 59.154
0.999942 -0.00929741 0.00533188 -0.593383 0.0089681 0.998231 0.0587745 -0.352449 -0.0058689 -0.0587233 0.998257 60.4034
0.999948 -0.00898344 0.00476055 -0.598849 0.00868765 0.998227 0.0588833 -0.310614 -0.00528109 -0.0588389 0.998254 61.6056
0.999939 -0.00996016 0.00474667 -0.60215 0.00966869 0.998275 0.0579086 -0.260434 -0.00531527 -0.0578592 0.998311 62.815
0.99992 -0.0120902 0.00356063 -0.594998 0.0118674 0.9983 0.0570707 -0.217356 -0.00424457 -0.0570239 0.998364 64.0295
0.999904 -0.0137608 0.00164563 -0.591435 0.0136438 0.99826 0.0573658 -0.173792 -0.00243216 -0.0573379 0.998352 65.234
0.99988 -0.0154627 0.000455358 -0.595554 0.0154087 0.99813 0.059157 -0.128861 -0.00136923 -0.059143 0.998249 66.4308
0.99989 -0.0147532 0.000962389 -0.599515 0.014673 0.998223 0.0577496 -0.0820136 -0.00181267 -0.0577292 0.998331 67.6202
0.999899 -0.0141249 0.000848522 -0.607657 0.0140547 0.998312 0.0563533 -0.031879 -0.00164308 -0.0563358 0.998411 68.8407
0.999921 -0.0124901 0.000335466 -0.623105 0.0124513 0.99833 0.0564057 0.0168043 -0.00103942 -0.0563971 0.998408 70.0457
0.999937 -0.011104 0.0010124 -0.635236 0.0110303 0.998385 0.0557291 0.0662676 -0.00162958 -0.0557145 0.998445 71.2442
0.999924 -0.0122044 0.00167157 -0.6512 0.0120927 0.998382 0.0555675 0.106441 -0.00234704 -0.0555431 0.998454 72.454
0.999898 -0.0139483 0.00272453 -0.66366 0.0137708 0.998286 0.0568787 0.148532 -0.00351322 -0.0568355 0.998377 73.6676
0.99992 -0.0117066 0.00462496 -0.673744 0.0114237 0.998304 0.0570854 0.187477 -0.00528539 -0.0570281 0.998359 74.8653
0.999847 -0.0157318 0.00754519 -0.681535 0.0152962 0.998387 0.0546831 0.221506 -0.00839329 -0.0545595 0.998475 76.0561
0.99977 -0.0197172 0.00833756 -0.658095 0.0192845 0.998606 0.049137 0.262991 -0.00929478 -0.048965 0.998757 77.2666
0.999636 -0.0253703 0.00911273 -0.625585 0.0248873 0.998454 0.0496953 0.275857 -0.0103594 -0.0494505 0.998723 78.4469
0.999504 -0.0296393 0.0105639 -0.609906 0.0290069 0.998026 0.0556937 0.294473 -0.0121938 -0.0553598 0.998392 79.6239
0.999404 -0.0303053 0.0164942 -0.629993 0.0293362 0.997993 0.0561248 0.355846 -0.018162 -0.0556075 0.998287 80.7977
0.999385 -0.0270543 0.0222931 -0.621034 0.0258263 0.998226 0.0536446 0.41853 -0.0237049 -0.0530359 0.998311 81.9908
0.999236 -0.0297739 0.0252924 -0.593438 0.0284253 0.998237 0.0521013 0.445733 -0.0267991 -0.0513426 0.998321 83.1566
0.999079 -0.0311759 0.0294771 -0.566925 0.0296485 0.998263 0.050906 0.461977 -0.0310129 -0.0499853 0.998268 84.3133
0.999014 -0.0298051 0.032903 -0.526014 0.0280941 0.998288 0.0512938 0.469045 -0.0343755 -0.0503189 0.998141 85.4772
0.99874 -0.0343567 0.036553 -0.490929 0.0322967 0.997935 0.0555262 0.490125 -0.0383852 -0.0542758 0.997788 86.6293
0.998636 -0.0330853 0.0403798 -0.453403 0.0307766 0.997927 0.0565173 0.511329 -0.042166 -0.0551976 0.997585 87.7995
0.998419 -0.0357087 0.0434037 -0.39768 0.0332406 0.99786 0.056312 0.536595 -0.0453216 -0.0547802 0.997469 88.9748
0.998274 -0.0366444 0.0458895 -0.343314 0.0341104 0.997913 0.0548362 0.555431 -0.0478032 -0.0531763 0.99744 90.1176
0.997997 -0.0409795 0.0481859 -0.293485 0.0382545 0.997688 0.0561751 0.577658 -0.0503765 -0.0542194 0.997257 91.2545
0.997834 -0.0417443 0.0508368 -0.248102 0.0387556 0.99754 0.0584201 0.605597 -0.0531505 -0.0563234 0.996997 92.401
0.997666 -0.0426706 0.0532936 -0.184018 0.0394115 0.997373 0.0607757 0.639444 -0.055747 -0.0585335 0.996728 93.5565
0.997463 -0.0451664 0.0550126 -0.110874 0.0417112 0.997178 0.062415 0.677926 -0.0576765 -0.0599621 0.996533 94.7222
0.997232 -0.0477544 0.0569742 -0.0537263 0.0440866 0.996977 0.0639823 0.716363 -0.0598575 -0.0612935 0.996323 95.8869
0.997104 -0.0479509 0.0590147 0.0154663 0.0442555 0.997069 0.0624081 0.750948 -0.0618343 -0.0596158 0.996304 97.0362
0.99704 -0.0472007 0.0606809 0.0868733 0.0434917 0.997186 0.0610551 0.78866 -0.063392 -0.0582353 0.996288 98.2041
0.99709 -0.045216 0.0613605 0.163429 0.0415466 0.997345 0.0598134 0.824484 -0.0639021 -0.0570902 0.996322 99.3652
0.997076 -0.0441107 0.0623848 0.242989 0.0403256 0.997342 0.060684 0.86321 -0.0648959 -0.0579909 0.996205 100.54
0.997104 -0.0452627 0.0610967 0.320712 0.0415358 0.997276 0.0609501 0.902193 -0.063689 -0.058236 0.996269 101.714
0.997215 -0.0455807 0.0590115 0.396173 0.041834 0.997121 0.0632411 0.94395 -0.0617243 -0.0605965 0.996252 102.888
0.997328 -0.0454807 0.0571649 0.469768 0.0417076 0.996977 0.0655485 0.988551 -0.0599733 -0.0629892 0.99621 104.063
0.997597 -0.0439791 0.0535256 0.539165 0.0403177 0.996893 0.0676614 1.03571 -0.056335 -0.0653409 0.996271 105.238
0.997736 -0.0457854 0.0492401 0.605048 0.0423845 0.996783 0.0680243 1.08379 -0.0521963 -0.0657834 0.996468 106.42
0.997984 -0.0459277 0.0437927 0.662948 0.042881 0.996754 0.0681394 1.13256 -0.0467801 -0.0661242 0.996714 107.598
0.998289 -0.0441926 0.038278 0.715096 0.0414956 0.996781 0.0685952 1.18278 -0.0411863 -0.0668896 0.99691 108.779
0.998543 -0.0429457 0.0326453 0.766772 0.0405629 0.996691 0.0704457 1.23674 -0.0355626 -0.069019 0.996981 109.97
0.998724 -0.0432465 0.0260613 0.811085 0.041298 0.996609 0.0711637 1.29221 -0.0290505 -0.0699968 0.997124 111.172
0.998899 -0.0426867 0.0194257 0.845598 0.0411849 0.99655 0.072061 1.34799 -0.0224347 -0.0711818 0.997211 112.373
0.998897 -0.0449853 0.0134298 0.868141 0.0438949 0.996388 0.0726994 1.406 -0.0166517 -0.0720298 0.997263 113.567
0.999001 -0.0441253 0.00693791 0.882549 0.0435026 0.996383 0.073004 1.46437 -0.0101341 -0.0726294 0.997307 114.762
0.999218 -0.0395119 0.000328913 0.887667 0.0393824 0.99655 0.0730556 1.52287 -0.00321436 -0.0729857 0.997328 115.956
0.999195 -0.0395963 -0.00627907 0.885943 0.0399512 0.996494 0.0735149 1.58195 0.00334612 -0.0737068 0.997274 117.161
0.999131 -0.0399777 -0.011692 0.877596 0.0407321 0.996454 0.0736226 1.64117 0.00870724 -0.074035 0.997217 118.367
0.999216 -0.0364472 -0.0154204 0.864707 0.037493 0.996548 0.0740716 1.70089 0.0126674 -0.0745918 0.997133 119.574
0.999215 -0.0348486 -0.0187727 0.848037 0.0361495 0.996595 0.074106 1.76065 0.0161263 -0.0747266 0.997073 120.78
0.999146 -0.0356344 -0.0208718 0.833594 0.0370947 0.996542 0.0743555 1.8227 0.01815 -0.0750664 0.997013 121.999
0.999147 -0.0340122 -0.0233646 0.814577 0.0356835 0.996523 0.0752931 1.88743 0.0207225 -0.0760628 0.996887 123.23
0.999139 -0.0328177 -0.0253589 0.790865 0.0346672 0.996481 0.076311 1.95181 0.0227653 -0.0771245 0.996761 124.469
0.999102 -0.0330528 -0.0264627 0.747519 0.0350122 0.996388 0.0773664 2.0206 0.0238099 -0.0782236 0.996651 125.702
0.999231 -0.0283107 -0.0270844 0.699432 0.0303872 0.996363 0.079607 2.08839 0.0247321 -0.0803689 0.996458 126.923
0.999207 -0.0276941 -0.0285917 0.655514 0.029983 0.996098 0.0830018 2.16151 0.0261815 -0.0837933 0.996139 128.128
0.99914 -0.0288538 -0.0297353 0.604506 0.0312342 0.996062 0.0829731 2.23826 0.0272241 -0.0838307 0.996108 129.357
0.999126 -0.0286931 -0.0303666 0.552235 0.0310982 0.996152 0.0819449 2.31664 0.0278985 -0.0828177 0.996174 130.626
0.99904 -0.0306654 -0.0312502 0.498335 0.0331647 0.996008 0.0828775 2.39678 0.0285839 -0.0838345 0.996069 131.896
0.998975 -0.0315359 -0.0324594 0.455582 0.0342068 0.995766 0.0853196 2.4802 0.0296313 -0.0863426 0.995824 133.158
0.998804 -0.0353358 -0.0337717 0.418187 0.0381491 0.995508 0.0866541 2.56898 0.030558 -0.0878389 0.995666 134.435
0.998668 -0.0373446 -0.0355836 0.371903 0.0403456 0.995327 0.0877333 2.6599 0.0321409 -0.0890522 0.995508 135.677
0.99848 -0.0420156 -0.0356324 0.320658 0.0449505 0.995279 0.0860152 2.74836 0.0318502 -0.0874864 0.995656 136.955
0.998339 -0.0451493 -0.0357577 0.271788 0.0480415 0.995252 0.0846488 2.83479 0.0317661 -0.0862262 0.995769 138.253
0.998172 -0.0480995 -0.0365617 0.22647 0.0510307 0.995159 0.0839889 2.91847 0.0323449 -0.0857014 0.995795 139.541
0.998236 -0.0472029 -0.0359763 0.164392 0.050131 0.995087 0.0853794 3.00797 0.0317694 -0.0870325 0.995698 140.809
0.99797 -0.0523131 -0.0363048 0.0991261 0.0552692 0.994773 0.0858646 3.07675 0.0316232 -0.0876969 0.995645 142.067
0.998052 -0.0502751 -0.0369133 0.0409226 0.0533657 0.994676 0.0881627 3.15112 0.0322844 -0.089961 0.995422 143.318
0.998099 -0.0498775 -0.036167 -0.0236148 0.0528724 0.994785 0.0872194 3.22463 0.0316281 -0.088966 0.995532 144.586
0.998213 -0.0481166 -0.0354001 -0.085609 0.0510356 0.994918 0.0867908 3.2983 0.0310442 -0.0884426 0.995597 145.853
0.998253 -0.0479828 -0.0344404 -0.150467 0.0507579 0.995102 0.0848264 3.37093 0.0302015 -0.0864265 0.9958 147.134
0.998259 -0.048991 -0.0328116 -0.21294 0.0515121 0.995382 0.0809994 3.43845 0.0286919 -0.0825487 0.996174 148.416
0.998318 -0.0488026 -0.0312743 -0.273864 0.051108 0.995663 0.0777351 3.50199 0.027345 -0.0792028 0.996483 149.695
0.998293 -0.0495796 -0.0308215 -0.33699 0.0518279 0.995681 0.0770238 3.56278 0.0268696 -0.0784899 0.996552 150.98
0.99832 -0.0494654 -0.030128 -0.392924 0.0516797 0.995629 0.0777933 3.62306 0.0261482 -0.0792198 0.996514 152.249
0.998333 -0.0492928 -0.0299864 -0.443461 0.051527 0.995545 0.078965 3.68511 0.0259604 -0.0803786 0.996426 153.542
0.998337 -0.0491959 -0.030017 -0.489323 0.0514819 0.995396 0.0808507 3.7449 0.0259012 -0.0822617 0.996274 154.803
0.998397 -0.0474272 -0.0308511 -0.530017 0.0498308 0.995347 0.0824732 3.81819 0.0267961 -0.0838785 0.996115 156.081
0.998167 -0.0508053 -0.0328438 -0.572014 0.0533507 0.995209 0.0819356 3.86696 0.0285237 -0.0835379 0.996096 157.355
0.998106 -0.0508981 -0.0345146 -0.611855 0.0536386 0.99504 0.0837732 3.91659 0.0300795 -0.085466 0.995887 158.607
0.998024 -0.0509388 -0.0367634 -0.65108 0.0539585 0.994793 0.0864555 3.97239 0.0321681 -0.0882685 0.995577 159.891
0.998029 -0.0501041 -0.0377495 -0.699311 0.0532831 0.994647 0.0885379 4.03469 0.0331114 -0.090375 0.995357 161.202
0.99802 -0.0493812 -0.038918 -0.75082 0.0526902 0.994622 0.089171 4.09703 0.0343054 -0.0910452 0.995255 162.456
0.997835 -0.0520208 -0.0402122 -0.805941 0.0554505 0.994443 0.0894936 4.16024 0.0353332 -0.0915298 0.995175 163.719
0.997876 -0.051711 -0.0395854 -0.863966 0.0551287 0.994345 0.0907687 4.22151 0.0346678 -0.0927584 0.995085 164.959
0.997772 -0.0527812 -0.0407846 -0.917927 0.05634 0.994192 0.091698 4.28977 0.0357078 -0.0937916 0.994951 166.24
0.997815 -0.0515847 -0.0412544 -0.98327 0.0552239 0.994173 0.0925764 4.3594 0.0362385 -0.0946525 0.99485 167.513
0.997713 -0.0526664 -0.0423481 -1.0397 0.0564581 0.993971 0.0939869 4.43197 0.0371429 -0.096163 0.994672 168.782
0.997684 -0.0529736 -0.0426447 -1.10469 0.056885 0.993712 0.0964431 4.50464 0.0372676 -0.0986458 0.994424 170.042
0.997746 -0.0510253 -0.0435529 -1.16881 0.0551104 0.993617 0.0984235 4.59073 0.0382528 -0.100602 0.994191 171.305
0.997666 -0.0513436 -0.0449873 -1.23049 0.0556107 0.993493 0.0993945 4.67489 0.0395913 -0.101665 0.99403 172.576
0.997651 -0.050512 -0.0462506 -1.3004 0.0549548 0.993423 0.100452 4.7563 0.0408724 -0.102758 0.993866 173.831
0.997633 -0.0497961 -0.0474028 -1.37487 0.0544061 0.993344 0.101528 4.83971 0.0420316 -0.103867 0.993702 175.094
0.99756 -0.0506646 -0.0480024 -1.44939 0.0553648 0.993215 0.102266 4.92442 0.0424954 -0.104674 0.993598 176.357
0.997501 -0.0515669 -0.0482754 -1.52504 0.0563453 0.993031 0.10351 5.01085 0.0426014 -0.105971 0.993456 177.621
0.997498 -0.0518371 -0.0480525 -1.60398 0.0565939 0.993009 0.103586 5.09863 0.042347 -0.106047 0.993459 178.897
0.997424 -0.0535221 -0.0477372 -1.68592 0.058222 0.992954 0.103213 5.18525 0.0418767 -0.105726 0.993513 180.159
0.99722 -0.0569034 -0.0480718 -1.75644 0.0616763 0.992614 0.104464 5.27571 0.0417723 -0.107139 0.993366 181.413
0.997143 -0.0570656 -0.049467 -1.81449 0.0621822 0.992099 0.10896 5.37805 0.0428583 -0.111724 0.992814 182.726
0.996949 -0.0591904 -0.0508547 -1.8719 0.0646541 0.991427 0.113539 5.4862 0.0436983 -0.11648 0.992231 184.019
0.996929 -0.058642 -0.0518735 -1.92488 0.0642235 0.991466 0.113445 5.5992 0.0447783 -0.116428 0.992189 185.264
0.997022 -0.0559146 -0.053086 -1.98888 0.0615153 0.991969 0.110511 5.73152 0.0464805 -0.113448 0.992456 186.52
0.99693 -0.0576603 -0.0529485 -2.06492 0.0632028 0.991944 0.109786 5.82368 0.0461916 -0.112796 0.992544 187.741
0.996861 -0.0583049 -0.0535358 -2.13672 0.0639677 0.991759 0.111002 5.92407 0.0466227 -0.114078 0.992377 188.968
0.996842 -0.0595488 -0.0525003 -2.21014 0.0651988 0.991402 0.113451 6.02931 0.0452931 -0.116516 0.992155 190.185
0.997018 -0.0589379 -0.0497857 -2.31023 0.0643933 0.991134 0.116217 6.1337 0.0424947 -0.119077 0.991975 191.406
0.997073 -0.0594071 -0.0480887 -2.39778 0.0647107 0.99096 0.117518 6.24439 0.0406725 -0.120286 0.991906 192.658
0.99719 -0.0586355 -0.046592 -2.4667 0.0637641 0.99102 0.117532 6.36976 0.0392821 -0.120173 0.991975 193.901
0.997293 -0.0586996 -0.0442463 -2.53744 0.0634964 0.991193 0.116211 6.49965 0.0370351 -0.118706 0.992238 195.128
0.997434 -0.0582833 -0.0415397 -2.60277 0.0626853 0.991498 0.11403 6.62255 0.0345405 -0.116341 0.992608 196.367
0.997406 -0.0598012 -0.0400358 -2.65718 0.0639793 0.991552 0.112834 6.7408 0.0329499 -0.115103 0.992807 197.599
0.997251 -0.0632319 -0.0385933 -2.70656 0.0672292 0.991316 0.113017 6.86536 0.0311119 -0.115301 0.992843 198.823
0.997098 -0.0667749 -0.0365263 -2.75892 0.0705542 0.990919 0.114465 6.99094 0.0285512 -0.11671 0.992755 200.023
0.997141 -0.0660582 -0.0366537 -2.80244 0.0698751 0.990893 0.115098 7.11193 0.0287167 -0.117331 0.992677 201.242
0.997056 -0.0680579 -0.0352747 -2.85915 0.0717097 0.990722 0.115446 7.20045 0.0270904 -0.117636 0.992687 202.425
0.997017 -0.0688523 -0.0348321 -2.9146 0.0724747 0.990545 0.116482 7.29049 0.0264827 -0.11866 0.992582 203.611
0.997032 -0.068936 -0.0342395 -2.97304 0.0725368 0.990316 0.118377 7.38189 0.0257475 -0.120509 0.992378 204.798
0.997079 -0.0688675 -0.0329729 -3.03338 0.0723494 0.990167 0.119729 7.47746 0.0244032 -0.121765 0.992259 205.998
0.997124 -0.0689494 -0.0314124 -3.09299 0.0722716 0.990008 0.121079 7.57536 0.0227502 -0.123001 0.992145 207.186
0.996986 -0.0713604 -0.0303796 -3.14839 0.0745556 0.98974 0.121883 7.67524 0.0213703 -0.123781 0.992079 208.37
0.996974 -0.0717309 -0.0299032 -3.19602 0.0748982 0.989515 0.123494 7.77516 0.0207313 -0.12536 0.991894 209.523
0.996926 -0.0724316 -0.0298192 -3.24329 0.0756155 0.989263 0.125065 7.87725 0.0204404 -0.126935 0.9917 210.674
0.996856 -0.0732524 -0.030161 -3.28832 0.0764813 0.989149 0.125442 7.98095 0.0206448 -0.127355 0.991642 211.823
0.996859 -0.0730476 -0.0305472 -3.32893 0.0763339 0.989121 0.125749 8.08048 0.0210293 -0.127686 0.991592 212.937
0.996736 -0.074118 -0.0319549 -3.36294 0.0775737 0.989037 0.12565 8.1878 0.0222917 -0.127719 0.99156 214.046
0.996735 -0.0738306 -0.0326365 -3.3958 0.0773844 0.989004 0.126026 8.28591 0.0229731 -0.12814 0.99149 215.122
0.996464 -0.076475 -0.0347502 -3.4201 0.080293 0.988704 0.126564 8.37818 0.0246786 -0.128907 0.991349 216.185
0.996419 -0.0759462 -0.0371284 -3.46432 0.0801353 0.988433 0.128763 8.47634 0.0269199 -0.131277 0.99098 217.23
0.99637 -0.0772303 -0.0357776 -3.55259 0.0813804 0.98755 0.134618 8.518 0.0249356 -0.137041 0.990251 218.239
0.996561 -0.0745503 -0.0361321 -3.63078 0.0789236 0.986932 0.140491 8.57959 0.0251862 -0.14286 0.989422 219.264
0.996576 -0.0737152 -0.0374179 -3.69345 0.078355 0.986576 0.143278 8.64497 0.0263539 -0.145719 0.988975 220.246
0.996537 -0.0729465 -0.0398819 -3.74992 0.0780019 0.986363 0.144932 8.73504 0.0287657 -0.147541 0.988637 221.289
0.996442 -0.0726146 -0.0427415 -3.79728 0.0781514 0.986095 0.146665 8.83058 0.0314972 -0.149483 0.988262 222.289
0.996316 -0.0726965 -0.0454545 -3.84858 0.0786962 0.985803 0.148325 8.91745 0.0340264 -0.151356 0.987893 223.229
0.996221 -0.0719132 -0.0486669 -3.896 0.078458 0.985623 0.149638 9.01294 0.0372063 -0.152891 0.987542 224.166
0.99605 -0.0720202 -0.0519185 -3.93987 0.0790885 0.985476 0.150274 9.11212 0.0403417 -0.153787 0.98728 225.077
0.995864 -0.0726938 -0.0544704 -3.99235 0.0801554 0.985366 0.150432 9.20816 0.0427378 -0.154176 0.987119 225.957
0.995652 -0.0730247 -0.0578036 -4.03649 0.0810187 0.985229 0.150866 9.30697 0.0459329 -0.154893 0.986863 226.832
0.995396 -0.0736088 -0.0613723 -4.08609 0.0821226 0.985226 0.150285 9.4046 0.0494034 -0.154633 0.986736 227.676
0.995288 -0.0726484 -0.0641908 -4.14014 0.0816318 0.985203 0.150705 9.49868 0.0522925 -0.155235 0.986492 228.503
0.995308 -0.0722814 -0.0643063 -4.20058 0.0813448 0.985059 0.151801 9.59188 0.0523731 -0.15632 0.986317 229.295
0.995251 -0.0730153 -0.0643601 -4.25424 0.0821635 0.984745 0.153386 9.68435 0.0521788 -0.157945 0.986068 230.08
0.995307 -0.0728551 -0.063658 -4.3065 0.0819629 0.984554 0.154711 9.77543 0.0514033 -0.159202 0.985907 230.829
0.995514 -0.0709143 -0.0626068 -4.36277 0.0798951 0.984664 0.155097 9.87276 0.0506481 -0.159403 0.985913 231.568
0.995456 -0.072659 -0.0615283 -4.41855 0.0813707 0.984786 0.153548 9.95993 0.0494355 -0.157857 0.986224 232.307
0.995483 -0.0731122 -0.0605455 -4.46421 0.0816151 0.984918 0.152563 10.0477 0.0484781 -0.156816 0.986437 233.041
0.995581 -0.073289 -0.0586895 -4.51784 0.0814863 0.984968 0.15231 10.1283 0.0466447 -0.156419 0.986588 233.754
0.995617 -0.0740105 -0.0571515 -4.57195 0.0819919 0.984814 0.153033 10.2126 0.0449576 -0.157048 0.986567 234.481
0.995666 -0.0752008 -0.0546966 -4.62837 0.0828567 0.984473 0.154755 10.3001 0.0422096 -0.158616 0.986437 235.195
0.995728 -0.0758085 -0.0526808 -4.67276 0.0831553 0.984377 0.155201 10.3905 0.0400922 -0.158919 0.986477 235.913
0.995779 -0.076342 -0.0509298 -4.7151 0.083392 0.984406 0.154891 10.4959 0.0383109 -0.158485 0.986618 236.622
0.995851 -0.0767757 -0.0488266 -4.74999 0.0834623 0.984506 0.154217 10.6034 0.03623 -0.157653 0.98683 237.327
0.99607 -0.0755739 -0.0461599 -4.77888 0.0818397 0.984705 0.153817 10.7072 0.0338293 -0.15699 0.98702 238.038
0.996068 -0.0773948 -0.0430796 -4.80403 0.0831626 0.984559 0.154039 10.8117 0.0304926 -0.157017 0.987125 238.743
0.996184 -0.0771196 -0.0408181 -4.82 0.0825335 0.984622 0.153978 10.9098 0.0283157 -0.15676 0.987231 239.443
0.99634 -0.0765406 -0.0380036 -4.84394 0.0815343 0.984618 0.154532 11.0009 0.025591 -0.157065 0.987256 240.131
0.996139 -0.0800195 -0.0360716 -4.85827 0.0846494 0.984483 0.153717 11.1116 0.0232115 -0.156177 0.987456 240.822
0.995939 -0.0833007 -0.0341055 -4.87386 0.0875513 0.984477 0.152123 11.2233 0.0209042 -0.154491 0.987773 241.527
0.995897 -0.0846683 -0.0318837 -4.891 0.0885024 0.984856 0.149083 11.3418 0.0187783 -0.151293 0.98831 242.202
0.995926 -0.0852524 -0.0293265 -4.91126 0.0886509 0.985228 0.146516 11.4608 0.0164025 -0.148519 0.988773 242.913
0.99596 -0.0855311 -0.0272835 -4.92497 0.088606 0.985408 0.145327 11.5685 0.0144554 -0.147157 0.989007 243.61
0.996038 -0.0852399 -0.0252808 -4.93934 0.0880071 0.985648 0.144062 11.6714 0.0126381 -0.145716 0.989245 244.309
0.996012 -0.0860218 -0.0235941 -4.95304 0.0885193 0.98581 0.142627 11.7702 0.0109902 -0.144147 0.989495 245.022
0.995938 -0.0875443 -0.0209569 -4.9727 0.0896274 0.986032 0.140387 11.8646 0.00837412 -0.141695 0.989875 245.725
0.996185 -0.0852295 -0.0186429 -4.98725 0.0869933 0.986583 0.138158 11.9599 0.00661758 -0.139253 0.990234 246.444
0.996106 -0.0862397 -0.0182371 -4.99564 0.0879252 0.986769 0.136223 12.0337 0.00624798 -0.137296 0.99051 247.166
0.995243 -0.0955125 -0.0190982 -5.00073 0.097234 0.985786 0.13701 12.1022 0.00574061 -0.138215 0.990385 247.902
0.993642 -0.109878 -0.0244562 -4.98639 0.112248 0.983503 0.141855 12.1505 0.00846602 -0.143698 0.989585 248.631
0.992603 -0.118818 -0.0248602 -5.00476 0.121182 0.981898 0.145571 12.2067 0.00711367 -0.147508 0.989035 249.361
0.992006 -0.12341 -0.0262603 -5.01282 0.125943 0.981077 0.147059 12.2898 0.0076148 -0.149191 0.988779 250.088
0.991896 -0.12467 -0.0244296 -5.03407 0.126913 0.981031 0.146534 12.3663 0.00569774 -0.148447 0.988904 250.79
0.992192 -0.123204 -0.0192837 -5.05894 0.124703 0.979878 0.155845 12.2757 -0.000305127 -0.157034 0.987593 251.422
0.991351 -0.129958 -0.0181921 -5.08274 0.131182 0.977896 0.16282 12.2736 -0.00336976 -0.163798 0.986488 252.188
0.990821 -0.133853 -0.0188176 -5.09532 0.135087 0.97572 0.172401 12.3193 -0.00471578 -0.173361 0.984847 252.957
0.990731 -0.134308 -0.0202151 -5.10535 0.135733 0.973701 0.182986 12.3751 -0.00489316 -0.184035 0.982907 253.764
0.989965 -0.139751 -0.0208516 -5.11446 0.141147 0.97126 0.191658 12.4382 -0.00653209 -0.192678 0.98124 254.564
0.989473 -0.143394 -0.0194447 -5.12633 0.144423 0.970179 0.194665 12.5087 -0.0090489 -0.195424 0.980677 255.34
0.98961 -0.143025 -0.0145542 -5.13824 0.143111 0.970426 0.194404 12.5942 -0.0136809 -0.194467 0.980813 256.131
0.989749 -0.142428 -0.0103998 -5.15247 0.141721 0.970647 0.194319 12.7091 -0.017582 -0.193802 0.980883 256.944
0.989507 -0.144141 -0.00978639 -5.11078 0.143242 0.969999 0.196427 12.8487 -0.0188205 -0.195768 0.980469 257.76
0.989231 -0.146154 -0.00751359 -5.10919 0.144686 0.969002 0.200252 12.9859 -0.0219871 -0.199183 0.979715 258.595
0.988561 -0.150729 -0.00494508 -5.11113 0.148538 0.967475 0.204767 13.1291 -0.02608 -0.203159 0.978798 259.425
0.988035 -0.154198 -0.0026073 -5.10685 0.151379 0.966469 0.207417 13.2739 -0.0294634 -0.20533 0.978249 260.244
0.987613 -0.156893 -0.00124323 -5.09957 0.15368 0.965731 0.209156 13.4173 -0.0316146 -0.206757 0.977881 261.051
0.987715 -0.156241 0.00175661 -5.11173 0.152405 0.965828 0.209643 13.5381 -0.0344515 -0.2068 0.977776 261.884
0.98727 -0.159014 0.00296249 -5.10954 0.154872 0.965461 0.209524 13.6562 -0.0361775 -0.206398 0.977799 262.674
0.986998 -0.160654 0.00459347 -5.10756 0.156045 0.964746 0.211934 13.7831 -0.0384796 -0.208462 0.977273 263.472
0.98691 -0.161124 0.00661954 -5.09922 0.155914 0.963872 0.215969 13.9228 -0.0411783 -0.21211 0.976377 264.291
0.986797 -0.161694 0.00914688 -5.0909 0.15578 0.963119 0.219398 14.0662 -0.0442849 -0.215077 0.975592 265.108
0.98683 -0.161401 0.0106027 -5.07493 0.155124 0.962946 0.220616 14.2161 -0.0458177 -0.216066 0.975303 265.934
0.98672 -0.161797 0.0142182 -5.06555 0.154644 0.962631 0.222321 14.369 -0.049658 -0.21717 0.974869 266.764
0.98606 -0.165559 0.0165068 -5.04858 0.157763 0.961894 0.223321 14.5298 -0.0528507 -0.217604 0.974605 267.597
0.98547 -0.168937 0.0174929 -5.03091 0.160763 0.961064 0.22475 14.6921 -0.0547805 -0.218673 0.974259 268.43
0.984957 -0.171868 0.0177907 -5.00981 0.163531 0.960491 0.2252 14.8588 -0.0557925 -0.218904 0.97415 269.266
0.984587 -0.174002 0.0175408 -4.98812 0.165615 0.959921 0.226107 15.0293 -0.0561811 -0.219718 0.973944 270.107
0.98435 -0.175299 0.0179415 -4.97552 0.16673 0.959484 0.227141 15.2036 -0.0570321 -0.220595 0.973696 270.949
0.984297 -0.175685 0.0170154 -4.96449 0.167303 0.95935 0.227283 15.3781 -0.0562539 -0.220868 0.97368 271.79
0.984291 -0.175634 0.0178859 -4.96787 0.167033 0.959283 0.227766 15.5569 -0.0571611 -0.221201 0.973551 272.636
0.983816 -0.178356 0.0170392 -4.97531 0.169936 0.95903 0.226679 15.7312 -0.0567707 -0.220116 0.97382 273.473
0.983665 -0.179178 0.0171291 -4.97916 0.170809 0.959242 0.22512 15.9012 -0.0567677 -0.218518 0.97418 274.315
0.983395 -0.180762 0.0159919 -4.97563 0.172662 0.959153 0.224086 16.068 -0.0558452 -0.217605 0.974438 275.167
0.983554 -0.179929 0.0156022 -4.97939 0.171884 0.959087 0.224963 16.2319 -0.0554413 -0.218582 0.974242 276.012
0.983738 -0.178934 0.0154095 -4.99681 0.170925 0.959127 0.225522 16.3937 -0.0551335 -0.219221 0.974116 276.835
0.983831 -0.178565 0.0136533 -4.98958 0.170926 0.959023 0.225962 16.5665 -0.0534429 -0.219975 0.97404 277.669
0.983622 -0.179951 0.01005 -4.97541 0.173028 0.958446 0.226812 16.7519 -0.0504476 -0.221359 0.973886 278.512
0.983108 -0.182949 0.00498277 -4.97089 0.177017 0.957445 0.227958 16.9394 -0.0464754 -0.223226 0.973658 279.339
0.982812 -0.184598 -0.000267991 -4.96942 0.179833 0.957115 0.22714 17.1246 -0.0416731 -0.223284 0.973862 280.165
0.982593 -0.185661 -0.00604831 -4.97029 0.182196 0.956883 0.22623 17.3048 -0.0362148 -0.223395 0.974055 280.974
0.982878 -0.183914 -0.0110294 -4.97511 0.181641 0.95722 0.225248 17.4894 -0.0308689 -0.223395 0.974239 281.797
0.982752 -0.184174 -0.0165794 -4.98037 0.183175 0.957281 0.223742 17.6597 -0.0253363 -0.22292 0.974507 282.614
0.982211 -0.186528 -0.0215644 -5.01428 0.186591 0.956737 0.223248 17.8165 -0.0210105 -0.2233 0.974523 283.374
0.982499 -0.184617 -0.0246566 -5.03417 0.185451 0.957348 0.22157 17.978 -0.0173006 -0.222265 0.974832 284.147
0.983329 -0.179785 -0.0271584 -5.06137 0.181322 0.958519 0.219917 18.1299 -0.0135059 -0.221176 0.97514 284.894
0.982716 -0.18253 -0.0307747 -5.10745 0.1848 0.957859 0.219898 18.2715 -0.0106604 -0.221785 0.975037 285.617
0.982211 -0.184701 -0.0338098 -5.13918 0.187589 0.957319 0.219892 18.4142 -0.00824738 -0.222323 0.974938 286.314
0.981814 -0.185988 -0.0380053 -5.17442 0.189783 0.957181 0.218606 18.5547 -0.00428014 -0.221844 0.975072 287.009
0.981657 -0.185797 -0.0427058 -5.21411 0.19064 0.957523 0.21635 18.6942 0.000694638 -0.220524 0.975381 287.689
0.981468 -0.18542 -0.0483221 -5.25667 0.191495 0.958024 0.213356 18.8338 0.00673333 -0.218656 0.975778 288.361
0.981214 -0.184752 -0.0555132 -5.30459 0.192365 0.958706 0.209473 18.9713 0.0145202 -0.216218 0.976237 288.99
0.980899 -0.183393 -0.0648053 -5.34848 0.192969 0.95936 0.205895 19.0992 0.024412 -0.214468 0.976425 289.612
0.979833 -0.184038 -0.0778017 -5.41294 0.196287 0.959373 0.202669 19.2209 0.0373422 -0.213853 0.976151 290.208
0.978672 -0.182546 -0.0941957 -5.48673 0.198178 0.959725 0.199133 19.3382 0.0540511 -0.213554 0.975434 290.797
0.97691 -0.180606 -0.114119 -5.57257 0.200324 0.960021 0.195529 19.4532 0.0742432 -0.213875 0.974035 291.382
0.974512 -0.178141 -0.136337 -5.67372 0.202236 0.960665 0.190326 19.5643 0.0970692 -0.213047 0.972207 291.964
0.971 -0.176767 -0.160958 -5.78893 0.205518 0.96115 0.184264 19.6715 0.122133 -0.212001 0.969607 292.537
0.9661 -0.1765 -0.188396 -5.92045 0.210333 0.961288 0.178005 19.7746 0.149685 -0.211597 0.965826 293.107
0.959662 -0.176431 -0.218899 -6.07028 0.215917 0.96116 0.171904 19.8739 0.180068 -0.212234 0.960485 293.672
0.951388 -0.17651 -0.252388 -6.24123 0.221999 0.961031 0.164731 19.9661 0.213477 -0.212753 0.9535 294.22
0.941665 -0.175387 -0.28723 -6.42961 0.22695 0.961144 0.157154 20.0529 0.248507 -0.213174 0.944881 294.754
0.93002 -0.173253 -0.324101 -6.63797 0.231237 0.961318 0.149657 20.1345 0.285636 -0.214129 0.934109 295.274
0.916364 -0.171943 -0.361535 -6.86785 0.236219 0.961338 0.141528 20.2107 0.323223 -0.215093 0.921553 295.783
0.900562 -0.169818 -0.400182 -7.11935 0.240167 0.961663 0.132383 20.2813 0.362359 -0.21533 0.906823 296.281
0.88213 -0.169119 -0.439592 -7.39284 0.245206 0.961758 0.122049 20.3458 0.402141 -0.215454 0.889866 296.768
0.860903 -0.168907 -0.479909 -7.68841 0.250552 0.961721 0.110978 20.4039 0.442794 -0.215784 0.87027 297.243
0.836752 -0.169054 -0.520828 -8.00666 0.255778 0.961676 0.0987794 20.4546 0.48417 -0.215871 0.847926 297.703
0.809967 -0.168038 -0.561882 -8.35313 0.259653 0.961807 0.0866558 20.4973 0.525861 -0.216083 0.822664 298.151
0.780216 -0.166927 -0.602821 -8.72198 0.263052 0.961933 0.0740931 20.5327 0.567506 -0.216382 0.794427 298.58
0.748041 -0.164545 -0.642927 -9.11211 0.263823 0.962667 0.0605801 20.5592 0.608957 -0.214936 0.763526 298.982
0.711842 -0.165102 -0.682655 -9.51148 0.266777 0.962691 0.0453541 20.5753 0.649698 -0.214402 0.72933 299.349
0.671827 -0.16591 -0.721885 -9.91591 0.271439 0.961939 0.031535 20.5833 0.689178 -0.217135 0.691292 299.672
0.627444 -0.16657 -0.760634 -10.3404 0.277061 0.960681 0.018169 20.5818 0.727701 -0.222143 0.648924 299.954
0.579065 -0.165932 -0.798214 -10.7767 0.279574 0.960119 0.00322924 20.5715 0.765846 -0.22503 0.602363 300.203
0.528304 -0.162191 -0.833417 -11.2066 0.275797 0.961139 -0.0122183 20.5511 0.803012 -0.223399 0.552506 300.404
0.47648 -0.156454 -0.86515 -11.6569 0.267335 0.963227 -0.0269558 20.5202 0.837554 -0.218442 0.500784 300.575
0.42233 -0.152961 -0.89344 -12.1066 0.260684 0.964515 -0.0419038 20.4817 0.868147 -0.215209 0.447218 300.709
0.366557 -0.151064 -0.918047 -12.5516 0.254685 0.965334 -0.0571547 20.4361 0.894857 -0.212863 0.392324 300.807
0.309668 -0.149253 -0.939055 -12.9974 0.250706 0.965473 -0.0707776 20.3851 0.917197 -0.21351 0.336395 300.874
0.252968 -0.146766 -0.956275 -13.4377 0.246062 0.965684 -0.083118 20.3301 0.93566 -0.214277 0.280401 300.91
0.195444 -0.142979 -0.970234 -13.8848 0.240336 0.966132 -0.0939612 20.269 0.95081 -0.214819 0.223188 300.919
0.135664 -0.140438 -0.980749 -14.3199 0.233575 0.966534 -0.106092 20.2039 0.962827 -0.214686 0.163927 300.899
0.074551 -0.137047 -0.987753 -14.7815 0.224096 0.96748 -0.11732 20.1268 0.971711 -0.212606 0.102838 300.845
0.012943 -0.132322 -0.99112 -15.2397 0.214273 0.968547 -0.126509 20.0455 0.976687 -0.210734 0.040889 300.759
-0.0495461 -0.126167 -0.990769 -15.6835 0.203475 0.969911 -0.133686 19.9596 0.977825 -0.208221 -0.0223835 300.633
-0.111777 -0.119927 -0.986468 -16.1394 0.192885 0.971194 -0.139926 19.8692 0.974833 -0.205916 -0.0854251 300.473
-0.173856 -0.114369 -0.978105 -16.5613 0.181186 0.972563 -0.145926 19.7796 0.967959 -0.202589 -0.148364 300.281
-0.235298 -0.108768 -0.965816 -16.9989 0.170957 0.973594 -0.151293 19.6821 0.956769 -0.200713 -0.210491 300.063
-0.294729 -0.105744 -0.94971 -17.4239 0.160493 0.974263 -0.158285 19.5912 0.942006 -0.199073 -0.270172 299.821
-0.353094 -0.103852 -0.929804 -17.8611 0.149594 0.974768 -0.165682 19.4957 0.92355 -0.197595 -0.328649 299.56
-0.408818 -0.103665 -0.906707 -18.2888 0.138389 0.974997 -0.173869 19.3944 0.902061 -0.19656 -0.38425 299.27
-0.461361 -0.104272 -0.881061 -18.7239 0.125786 0.975351 -0.181298 19.2902 0.878249 -0.194469 -0.436874 298.952
-0.510195 -0.105722 -0.853533 -19.1772 0.11208 0.975781 -0.187859 19.1846 0.852723 -0.191509 -0.48599 298.607
-0.555048 -0.106777 -0.824934 -19.609 0.0993816 0.976111 -0.193212 19.0872 0.825859 -0.189226 -0.531178 298.252
-0.594973 -0.10812 -0.796437 -20.0824 0.0861483 0.976625 -0.196937 18.9879 0.799114 -0.185784 -0.571752 297.863
-0.631813 -0.105878 -0.767853 -20.509 0.0778074 0.976961 -0.198734 18.8864 0.771204 -0.185308 -0.609019 297.466
-0.669364 -0.101342 -0.735988 -20.9321 0.0706107 0.977491 -0.198814 18.783 0.73957 -0.185048 -0.647142 297.061
-0.707262 -0.0997547 -0.699875 -21.3993 0.059967 0.977962 -0.19999 18.6891 0.704402 -0.183415 -0.685694 296.628
-0.742082 -0.101689 -0.662548 -21.8614 0.0465491 0.978222 -0.202275 18.5864 0.668689 -0.180946 -0.721188 296.157
-0.772703 -0.109222 -0.625297 -22.2991 0.0293189 0.977893 -0.207041 18.4793 0.634088 -0.178315 -0.75242 295.665
-0.801642 -0.11207 -0.587202 -22.7083 0.0185472 0.977135 -0.21181 18.3532 0.597514 -0.180687 -0.781235 295.129
-0.826443 -0.117834 -0.550548 -23.0837 0.00463863 0.976396 -0.215941 18.2153 0.562999 -0.181017 -0.806389 294.547
-0.849009 -0.120872 -0.514363 -23.4699 -0.00642988 0.975774 -0.218687 18.0589 0.528336 -0.182361 -0.829219 293.904
-0.869031 -0.123034 -0.479212 -23.8136 -0.0178461 0.975752 -0.218154 17.9008 0.494433 -0.181031 -0.850155 293.242
-0.887599 -0.126433 -0.44292 -24.1636 -0.0306083 0.975655 -0.217166 17.7171 0.459595 -0.1792 -0.869861 292.474
-0.904484 -0.12686 -0.407199 -24.4565 -0.0396909 0.975633 -0.215789 17.5467 0.424652 -0.179016 -0.887481 291.712
-0.920085 -0.124977 -0.371242 -24.7228 -0.0468039 0.976024 -0.212574 17.3693 0.388909 -0.178211 -0.903875 290.917
-0.934217 -0.121434 -0.335391 -24.9523 -0.0518775 0.976525 -0.209064 17.1964 0.352906 -0.177913 -0.918587 290.118
-0.946346 -0.119177 -0.300368 -25.1701 -0.0586845 0.977435 -0.202922 17.0132 0.317775 -0.174408 -0.931987 289.269
-0.957207 -0.115355 -0.265412 -25.3805 -0.0631251 0.978266 -0.197517 16.8142 0.282429 -0.172311 -0.943685 288.363
-0.966242 -0.114622 -0.230725 -25.5396 -0.0698807 0.978607 -0.193512 16.6299 0.24797 -0.170856 -0.953581 287.479
-0.973319 -0.116062 -0.197929 -25.7256 -0.0775464 0.978268 -0.192301 16.4074 0.215947 -0.171822 -0.961168 286.446
-0.978991 -0.117747 -0.166455 -25.8696 -0.0852424 0.977987 -0.190463 16.1892 0.185218 -0.172273 -0.967479 285.411
-0.983581 -0.117815 -0.136685 -25.97 -0.0913427 0.978306 -0.185943 15.9829 0.155627 -0.170405 -0.973006 284.39
-0.987247 -0.117859 -0.106996 -26.0393 -0.097247 0.978706 -0.180772 15.7839 0.126024 -0.168062 -0.977687 283.372
-0.989735 -0.118748 -0.0794878 -26.0929 -0.103168 0.978699 -0.177497 15.5795 0.0988726 -0.167475 -0.980905 282.28
-0.991462 -0.118627 -0.0540986 -26.1321 -0.107644 0.978895 -0.17372 15.3745 0.0735651 -0.166414 -0.983307 281.168
-0.992124 -0.121623 -0.0298793 -26.1421 -0.114928 0.978949 -0.168673 15.1759 0.0497653 -0.163911 -0.985218 280.053
-0.992416 -0.12264 -0.00810076 -26.1282 -0.119664 0.979175 -0.164008 14.9747 0.0280463 -0.161795 -0.986425 278.906
-0.99211 -0.124834 0.011381 -26.0901 -0.12503 0.978982 -0.161129 14.7713 0.00897299 -0.161281 -0.986867 277.74
-0.991168 -0.129713 0.0275062 -26.0249 -0.132458 0.978101 -0.160544 14.5682 -0.00607882 -0.16277 -0.986645 276.567
-0.990263 -0.133736 0.0385961 -25.95 -0.138219 0.977529 -0.159165 14.3602 -0.0164424 -0.162951 -0.986496 275.372
-0.98958 -0.136639 0.0453363 -25.8706 -0.142123 0.977424 -0.156349 14.1522 -0.0229491 -0.161163 -0.98666 274.186
-0.989016 -0.139605 0.0485064 -25.789 -0.145493 0.977367 -0.153581 13.9394 -0.0259675 -0.158952 -0.986944 272.951
-0.988366 -0.143762 0.0496072 -25.717 -0.149766 0.976782 -0.153195 13.7226 -0.0264315 -0.158843 -0.986949 271.71
-0.988279 -0.144803 0.0482838 -25.649 -0.150605 0.976523 -0.154022 13.5089 -0.024847 -0.159489 -0.986886 270.48
-0.9883 -0.145364 0.0461317 -25.5893 -0.150789 0.976681 -0.152833 13.2888 -0.0228392 -0.158001 -0.987174 269.212
-0.988225 -0.146368 0.0445361 -25.5322 -0.151503 0.976756 -0.151643 13.0684 -0.0213048 -0.156605 -0.987431 267.922
-0.988292 -0.146615 0.042174 -25.4771 -0.151362 0.976894 -0.15089 12.8481 -0.0190766 -0.155507 -0.98765 266.595
-0.988398 -0.14698 0.0382301 -25.429 -0.15111 0.976943 -0.150827 12.6213 -0.0151798 -0.154855 -0.98782 265.252
-0.988638 -0.146559 0.033325 -25.3822 -0.149923 0.977312 -0.149616 12.4016 -0.010641 -0.152913 -0.988182 263.931
-0.988633 -0.147785 0.0275413 -25.3346 -0.150252 0.977273 -0.149542 12.1832 -0.00481502 -0.151981 -0.988371 262.615
