1 0 0 0 0 1 0 0 0 0 1 0
0.999987 -0.000567776 -0.00501284 -0.0341033 0.000563944 1 -0.000765798 0.0157236 0.00501328 0.000762962 0.999987 0.106934
0.999944 0.000673907 -0.0106042 -0.0688931 -0.000695043 0.999998 -0.00198958 0.0267056 0.0106028 0.00199684 0.999942 0.189483
0.999858 0.00152893 -0.016773 -0.101174 -0.00158096 0.999994 -0.00308931 0.0370879 0.0167681 0.00311539 0.999855 0.270625
0.999682 0.00316795 -0.025031 -0.127371 -0.00329238 0.999982 -0.00493162 0.0460234 0.0250149 0.00501247 0.999674 0.368589
0.999352 0.00324497 -0.0358395 -0.15015 -0.00349429 0.99997 -0.00689603 0.0534293 0.035816 0.00701679 0.999334 0.489241
0.998795 0.00345412 -0.048963 -0.173905 -0.00387017 0.999957 -0.00840508 0.0584651 0.0489319 0.00858444 0.998765 0.596232
0.997892 0.00364966 -0.0647936 -0.203456 -0.00423427 0.999951 -0.00888756 0.0641103 0.0647581 0.00914318 0.997859 0.716349
0.996514 0.00238537 -0.0833959 -0.232679 -0.00317829 0.999951 -0.00937646 0.0689067 0.0833695 0.00960882 0.996472 0.854738
0.994685 0.000804291 -0.102959 -0.264808 -0.0018565 0.999947 -0.0101243 0.0734113 0.102946 0.0102616 0.994634 0.992615
0.992074 0.000540592 -0.125654 -0.305566 -0.00188091 0.999943 -0.0105483 0.0775574 0.125641 0.0107011 0.992018 1.16404
0.988788 0.00510946 -0.149242 -0.364804 -0.00701768 0.9999 -0.0122622 0.0742791 0.149164 0.0131721 0.988725 1.33196
0.984805 0.00869161 -0.173446 -0.443272 -0.0113083 0.999837 -0.0141041 0.0769614 0.173295 0.0158512 0.984742 1.47978
0.979792 0.011781 -0.19967 -0.519856 -0.0150963 0.999772 -0.0150895 0.0784688 0.199447 0.0177989 0.979747 1.64119
0.973748 0.0126717 -0.227276 -0.621815 -0.0165677 0.999747 -0.0152425 0.0825108 0.227026 0.0186079 0.973711 1.81084
0.966465 0.0147327 -0.256375 -0.732557 -0.0192497 0.9997 -0.0151181 0.0877905 0.256076 0.0195463 0.966459 1.98377
0.958014 0.0164736 -0.286249 -0.852309 -0.0213605 0.999674 -0.013958 0.0896824 0.285926 0.0194864 0.958054 2.14623
0.948022 0.0199406 -0.317579 -0.989537 -0.0253772 0.999594 -0.0129907 0.0925607 0.317191 0.0203747 0.948143 2.29736
0.936832 0.0226905 -0.349043 -1.13177 -0.0288747 0.999505 -0.0125244 0.0953498 0.348586 0.0218118 0.937023 2.46282
0.924492 0.026353 -0.38029 -1.27961 -0.0332111 0.999382 -0.0114824 0.0993392 0.379752 0.0232453 0.924796 2.61865
0.909916 0.0276975 -0.413868 -1.43653 -0.0352329 0.999323 -0.0105836 0.1051 0.413295 0.0242119 0.910275 2.7796
0.893489 0.0241009 -0.448438 -1.60227 -0.0324664 0.999413 -0.010975 0.106448 0.44791 0.0243652 0.893746 2.94401
0.874801 0.0194333 -0.484092 -1.77183 -0.0284863 0.99953 -0.0113526 0.107275 0.483644 0.0237213 0.874943 3.09936
0.852505 0.0216632 -0.522271 -1.96161 -0.0303437 0.999507 -0.00807169 0.109514 0.521838 0.0227288 0.852742 3.27049
0.825631 0.0270739 -0.563561 -2.16418 -0.0352216 0.999373 -0.00358983 0.111069 0.56311 0.0228134 0.826067 3.43205
0.795341 0.0311277 -0.605362 -2.38485 -0.0399262 0.999202 -0.00107721 0.107302 0.604845 0.0250265 0.79595 3.59779
0.762173 0.0310925 -0.646626 -2.6114 -0.0402979 0.999188 0.0005464 0.10722 0.646118 0.0256412 0.762807 3.7638
0.725213 0.0266112 -0.68801 -2.83831 -0.0349165 0.999389 0.00185033 0.11567 0.687639 0.022681 0.725698 3.92134
0.685638 0.0223818 -0.727598 -3.08711 -0.0298867 0.99955 0.0025842 0.127253 0.727329 0.0199737 0.685998 4.06817
0.643571 0.0218732 -0.765074 -3.36097 -0.0289592 0.999572 0.00421728 0.137341 0.764838 0.0194418 0.643929 4.22414
0.597928 0.022958 -0.801221 -3.64172 -0.0278354 0.999581 0.00786909 0.143376 0.801066 0.0175971 0.598317 4.35282
0.549388 0.0249432 -0.835195 -3.93929 -0.0294691 0.999511 0.0104658 0.150572 0.835048 0.0188627 0.549854 4.47403
0.498584 0.0257974 -0.866457 -4.25433 -0.0294951 0.999483 0.0127857 0.16276 0.866339 0.0191815 0.499088 4.58217
0.446384 0.027092 -0.894431 -4.57471 -0.0291679 0.999451 0.0157162 0.180945 0.894366 0.0190733 0.446929 4.68343
0.391593 0.0283679 -0.919701 -4.89865 -0.0291805 0.999405 0.0184018 0.193366 0.919676 0.0196314 0.392187 4.78687
0.337394 0.0304001 -0.940872 -5.21836 -0.0254217 0.999408 0.0231753 0.204891 0.94102 0.0160994 0.337967 4.85411
0.28562 0.0307352 -0.95785 -5.55095 -0.0210415 0.999446 0.0257956 0.22478 0.958112 0.0127868 0.286108 4.90587
0.235607 0.0300136 -0.971385 -5.9138 -0.0193459 0.99947 0.026189 0.242968 0.971656 0.012622 0.236063 4.95322
0.188143 0.0302073 -0.981677 -6.29844 -0.022716 0.999393 0.0263988 0.259924 0.981879 0.017333 0.188714 4.98919
0.145953 0.0305425 -0.98882 -6.68437 -0.0270883 0.999272 0.0268671 0.27689 0.988921 0.0228641 0.146674 5.00951
0.107711 0.0289043 -0.993762 -7.09136 -0.0290145 0.999243 0.0259189 0.292627 0.993759 0.0260417 0.108468 5.02165
0.0727127 0.0257914 -0.997019 -7.52881 -0.0273262 0.999342 0.0238586 0.31288 0.996979 0.02551 0.0733695 5.03325
0.0405335 0.0227557 -0.998919 -7.96732 -0.0269212 0.999402 0.0216743 0.332385 0.998815 0.0260136 0.0411218 5.03073
0.013313 0.0199364 -0.999713 -8.42925 -0.027781 0.999422 0.0195606 0.357929 0.999525 0.0275126 0.0138591 5.02248
-0.00808538 0.0165324 -0.999831 -8.9194 -0.0293442 0.999429 0.0167631 0.383562 0.999537 0.0294747 -0.00759575 5.00607
-0.0248764 0.0147949 -0.999581 -9.43124 -0.0296165 0.999441 0.0155299 0.408302 0.999252 0.0299904 -0.0244244 4.97858
-0.0378936 0.0141761 -0.999181 -9.95874 -0.0276855 0.999501 0.0152306 0.435179 0.998898 0.02824 -0.0374823 4.94384
-0.0472722 0.0138848 -0.998785 -10.493 -0.0288131 0.999468 0.015258 0.463012 0.998466 0.0294994 -0.0468471 4.90054
-0.0539833 0.0139932 -0.998444 -11.0531 -0.0297173 0.999436 0.0156138 0.482314 0.9981 0.030514 -0.0535372 4.86092
-0.0592071 0.0137652 -0.998151 -11.6275 -0.0279385 0.99949 0.0154409 0.499045 0.997855 0.028801 -0.0587925 4.82
-0.06043 0.0138162 -0.998077 -12.1903 -0.0254954 0.999557 0.0153803 0.50862 0.997847 0.0263758 -0.0600511 4.77625
-0.0595248 0.0150864 -0.998113 -12.8061 -0.0237533 0.999581 0.0165252 0.525726 0.997944 0.0246921 -0.0591417 4.73886
-0.0581104 0.0161549 -0.998179 -13.4525 -0.0234948 0.99957 0.0175452 0.542241 0.998034 0.0244716 -0.057706 4.69703
-0.0568995 0.0147485 -0.998271 -14.1023 -0.0240943 0.999579 0.0161412 0.560697 0.998089 0.0249711 -0.0565204 4.65536
-0.0563431 0.011275 -0.998348 -14.7853 -0.023885 0.999635 0.0126375 0.579434 0.998126 0.0245576 -0.0560533 4.61776
-0.0555154 0.0105164 -0.998402 -15.4557 -0.0246303 0.999626 0.0118988 0.596959 0.998154 0.0252515 -0.0552358 4.58383
-0.0533989 0.0121094 -0.9985 -16.1621 -0.02373 0.999629 0.0133922 0.610758 0.998291 0.0244096 -0.0530919 4.53808
-0.051645 0.0143727 -0.998562 -16.8739 -0.0225661 0.999624 0.0155551 0.635778 0.998411 0.023337 -0.0513014 4.49216
-0.0503977 0.0131484 -0.998643 -17.6075 -0.0217366 0.999662 0.0142588 0.669529 0.998493 0.0224257 -0.050095 4.44921
-0.0497911 0.0117784 -0.99869 -18.3524 -0.0235537 0.999638 0.0129639 0.672817 0.998482 0.0241684 -0.0494958 4.42563
-0.0495261 0.00886484 -0.998734 -19.0898 -0.0270731 0.999581 0.0102149 0.67696 0.998406 0.0275447 -0.0492655 4.40196
-0.0490128 0.00828007 -0.998764 -19.86 -0.0283174 0.999552 0.00967624 0.679641 0.998397 0.0287567 -0.0487565 4.36984
-0.0481496 0.00989548 -0.998791 -20.624 -0.0249362 0.999627 0.0111059 0.682963 0.998529 0.0254408 -0.047885 4.33757
-0.0480663 0.0111869 -0.998782 -21.4065 -0.0222724 0.999676 0.0122688 0.687101 0.998596 0.0228349 -0.0478017 4.3063
-0.0477127 0.0122675 -0.998786 -22.2168 -0.0208464 0.999694 0.0132745 0.692294 0.998644 0.0214544 -0.0474425 4.27874
-0.0481261 0.00708279 -0.998816 -23.0261 -0.0231971 0.999697 0.00820675 0.693368 0.998572 0.0235646 -0.0479474 4.25006
-0.0480761 -0.000329157 -0.998844 -23.8308 -0.0224479 0.999748 0.000751008 0.685068 0.998591 0.0224581 -0.0480715 4.21693
-0.0484723 -0.00533043 -0.99881 -24.6489 -0.017892 0.99983 -0.00446757 0.683505 0.998664 0.0176542 -0.0485596 4.19795
-0.0482983 -0.00650789 -0.998812 -25.4727 -0.0183919 0.999815 -0.00562507 0.702878 0.998664 0.0180984 -0.0484092 4.15084
-0.0473076 -0.00258612 -0.998877 -26.2914 -0.0183641 0.99983 -0.00171885 0.723364 0.998712 0.0182621 -0.0473472 4.11155
-0.0477156 0.00216924 -0.998859 -27.1303 -0.0186817 0.999821 0.00306375 0.739522 0.998686 0.0188065 -0.0476667 4.06857
-0.048956 0.00531373 -0.998787 -27.9391 -0.019113 0.999798 0.00625595 0.753473 0.998618 0.0193961 -0.0488447 4.04032
-0.0492853 0.00373921 -0.998778 -28.7877 -0.0207418 0.999773 0.00476646 0.761614 0.998569 0.0209513 -0.0491967 3.98372
-0.0494667 -0.000124024 -0.998776 -29.6414 -0.0190807 0.999817 0.000820867 0.766433 0.998594 0.0190979 -0.0494602 3.92828
-0.0504701 -0.00363841 -0.998719 -30.4695 -0.0183471 0.999828 -0.00271528 0.768693 0.998557 0.0181866 -0.0505283 3.88305
-0.0510332 -0.00385839 -0.99869 -31.302 -0.0195055 0.999806 -0.00286596 0.779395 0.998507 0.0193336 -0.0510987 3.8329
-0.0510945 -0.00306524 -0.998689 -32.1361 -0.0202836 0.999792 -0.00203088 0.775813 0.998488 0.0201532 -0.0511462 3.7834
-0.0510777 -0.00569728 -0.998678 -32.9667 -0.0208998 0.999771 -0.00463458 0.771362 0.998476 0.0206355 -0.0511852 3.73636
-0.0513153 -0.0109917 -0.998622 -33.7958 -0.0207823 0.999735 -0.00993604 0.763432 0.998466 0.0202438 -0.0515303 3.68889
-0.0515933 -0.0156321 -0.998546 -34.6272 -0.0210027 0.999673 -0.0145646 0.751499 0.998447 0.0202207 -0.0519049 3.62873
-0.0509892 -0.0152987 -0.998582 -35.4367 -0.0193225 0.99971 -0.0143293 0.740423 0.998512 0.0185644 -0.0512702 3.57576
-0.0507159 -0.0139313 -0.998616 -36.2514 -0.0172684 0.999765 -0.0130704 0.732989 0.998564 0.0165817 -0.0509447 3.534
-0.0503412 -0.0102885 -0.998679 -37.0608 -0.0165138 0.999819 -0.00946779 0.725304 0.998596 0.0160153 -0.0505021 3.48217
-0.0490789 -0.00501682 -0.998782 -37.9018 -0.0148251 0.999881 -0.00429384 0.712816 0.998685 0.0145963 -0.0491476 3.42179
-0.048344 -0.00221163 -0.998828 -38.7383 -0.0140648 0.9999 -0.00153325 0.6873 0.998732 0.0139742 -0.0483704 3.35674
-0.0480235 -0.00239401 -0.998843 -39.5695 -0.0118258 0.999928 -0.00182804 0.658152 0.998776 0.0117243 -0.0480485 3.29792
-0.0475078 -0.00623085 -0.998851 -40.3608 -0.0120241 0.999912 -0.00566556 0.626389 0.998799 0.0117411 -0.0475786 3.26116
-0.0471936 -0.00935781 -0.998842 -41.1995 -0.0137594 0.999867 -0.0087173 0.587225 0.998791 0.0133321 -0.0473162 3.2111
-0.048031 -0.0110433 -0.998785 -42.0078 -0.017465 0.999795 -0.0102146 0.548435 0.998693 0.0169532 -0.0482142 3.18363
-0.0496521 -0.0113906 -0.998702 -42.8528 -0.0206107 0.999734 -0.0103777 0.510452 0.998554 0.0200686 -0.0498737 3.1451
-0.051547 -0.0129279 -0.998587 -43.6533 -0.0188372 0.999751 -0.0119706 0.472538 0.998493 0.0181935 -0.0517778 3.1268
-0.0541158 -0.0154697 -0.998415 -44.4781 -0.0163712 0.999759 -0.0146032 0.438521 0.998401 0.0155549 -0.0543562 3.0977
-0.056189 -0.0162984 -0.998287 -45.3091 -0.0124417 0.9998 -0.0156228 0.403877 0.998343 0.0115426 -0.0563808 3.06081
-0.0596664 -0.0119159 -0.998147 -46.1407 -0.0118722 0.999866 -0.0112267 0.373994 0.998148 0.0111803 -0.0598001 3.02148
-0.0620239 -0.00656774 -0.998053 -46.9527 -0.009286 0.999939 -0.00600307 0.352535 0.998032 0.00889558 -0.0620812 2.98206
-0.0648073 -0.0036882 -0.997891 -47.7587 -0.00803259 0.999963 -0.00317418 0.332348 0.997866 0.00780993 -0.0648346 2.94101
-0.0669757 -0.00434485 -0.997745 -48.5913 -0.00854042 0.999956 -0.00378118 0.309583 0.997718 0.0082679 -0.0670101 2.88544
-0.0681558 -0.00850609 -0.997638 -49.3981 -0.0126545 0.999891 -0.00766077 0.27559 0.997595 0.0121024 -0.0682561 2.81817
-0.069514 -0.0107601 -0.997523 -50.1925 -0.0176325 0.999799 -0.00955589 0.246384 0.997425 0.0169245 -0.0696899 2.74693
-0.0719941 -0.012152 -0.997331 -50.9914 -0.0213535 0.999715 -0.0106396 0.231141 0.997177 0.0205305 -0.0722333 2.6884
-0.0737768 -0.0121074 -0.997201 -51.7989 -0.0208937 0.999726 -0.0105922 0.219486 0.997056 0.0200537 -0.0740097 2.61892
-0.0747696 -0.0113615 -0.997136 -52.5898 -0.0201748 0.999748 -0.00987848 0.213903 0.996997 0.0193784 -0.0749801 2.55366
-0.076168 -0.0131703 -0.997008 -53.375 -0.0221718 0.999688 -0.0115118 0.210446 0.996848 0.0212287 -0.0764364 2.48479
-0.075815 -0.0151955 -0.997006 -54.1428 -0.0198333 0.999709 -0.0137285 0.209151 0.996925 0.018733 -0.0760945 2.40526
-0.0791093 -0.0159784 -0.996738 -54.8959 -0.0183404 0.999726 -0.0145707 0.208647 0.996697 0.0171278 -0.0793809 2.37609
-0.0800806 -0.0144261 -0.996684 -55.6551 -0.0168828 0.999771 -0.0131143 0.199883 0.996645 0.0157766 -0.0803061 2.3179
-0.0803852 -0.011063 -0.996703 -56.4336 -0.0188281 0.999777 -0.0095786 0.177049 0.996586 0.017996 -0.0805758 2.25408
-0.081788 -0.00943261 -0.996605 -57.2062 -0.017218 0.999819 -0.00805 0.154595 0.996501 0.0165012 -0.0819359 2.18944
-0.0832954 -0.0101313 -0.996473 -57.959 -0.015585 0.999839 -0.0088628 0.134315 0.996403 0.0147918 -0.0834401 2.12925
-0.0845259 -0.0129004 -0.996338 -58.7059 -0.0143692 0.999828 -0.0117266 0.113742 0.996318 0.0133254 -0.0846969 2.07057
-0.0856057 -0.0168407 -0.996187 -59.4439 -0.0140265 0.999778 -0.0156961 0.0964231 0.99623 0.0126294 -0.0858232 2.00988
-0.0858162 -0.0206803 -0.996096 -60.1781 -0.0159681 0.999685 -0.0193791 0.0775936 0.996183 0.0142428 -0.0861195 1.94672
-0.0853722 -0.0232219 -0.996079 -60.9352 -0.0135929 0.999662 -0.0221404 0.0505842 0.996256 0.0116494 -0.0856592 1.87738
-0.0831596 -0.024511 -0.996235 -61.6291 -0.0156557 0.999606 -0.0232872 0.0283344 0.996413 0.0136602 -0.0835108 1.81068
-0.0793276 -0.0247829 -0.996541 -62.3276 -0.0139329 0.999621 -0.0237504 0.00421761 0.996751 0.0120006 -0.079643 1.74427
-0.0736498 -0.02392 -0.996997 -63.0032 -0.0114575 0.999667 -0.0231377 -0.0210586 0.997218 0.00971898 -0.0738995 1.69492
-0.0673075 -0.023826 -0.997448 -63.6632 -0.0086987 0.999691 -0.0232926 -0.0356381 0.997694 0.00710872 -0.0674941 1.65107
-0.0583244 -0.0246075 -0.997994 -64.2724 -0.0076125 0.999678 -0.0242041 -0.0356752 0.998268 0.00618553 -0.0584931 1.60343
-0.0480184 -0.0260549 -0.998507 -64.8838 -0.00659483 0.999646 -0.0257675 -0.0244306 0.998824 0.00534766 -0.0481734 1.58719
-0.0349105 -0.0270208 -0.999025 -65.4968 -0.00558955 0.999624 -0.0268417 -0.0153969 0.999375 0.00464704 -0.0350486 1.57865
-0.0170782 -0.0277263 -0.99947 -66.0822 -0.00500004 0.999605 -0.0276446 -0.0219904 0.999842 0.00452525 -0.0172103 1.58321
0.00386869 -0.0287212 -0.99958 -66.6438 -0.00321854 0.999582 -0.0287337 -0.0246842 0.999987 0.00332834 0.0037744 1.61261
0.0296067 -0.0295467 -0.999125 -67.1551 -0.000201931 0.999563 -0.0295656 -0.0355354 0.999562 0.00107708 0.0295876 1.62528
0.0582188 -0.0310666 -0.99782 -67.687 0.00436134 0.999514 -0.0308649 -0.044358 0.998294 -0.00255493 0.0583258 1.67385
0.0917516 -0.0322988 -0.995258 -68.2032 0.00829273 0.999464 -0.0316708 -0.0593306 0.995747 -0.00534758 0.09197 1.74482
0.129106 -0.0327089 -0.991091 -68.6558 0.0117258 0.999436 -0.0314568 -0.0722334 0.991561 -0.00756007 0.129417 1.83876
0.168773 -0.0335467 -0.985084 -69.1387 0.0148958 0.999393 -0.0314819 -0.0916126 0.985542 -0.00936031 0.16917 1.96911
0.212738 -0.0332739 -0.976543 -69.6098 0.0195966 0.999364 -0.0297824 -0.108994 0.976913 -0.012801 0.213255 2.12144
0.259575 -0.0355576 -0.965068 -70.0496 0.0263897 0.99921 -0.0297175 -0.124768 0.965362 -0.0177539 0.260308 2.30021
0.307332 -0.0413549 -0.950703 -70.4837 0.0382161 0.998786 -0.0310924 -0.143153 0.950835 -0.0267765 0.308539 2.50974
0.356751 -0.0466365 -0.933035 -70.9022 0.0462805 0.998409 -0.0322085 -0.16425 0.933052 -0.031691 0.358341 2.74629
0.40664 -0.0512937 -0.912148 -71.2984 0.05521 0.997978 -0.0315074 -0.182365 0.911919 -0.0375476 0.408649 3.00348
0.456014 -0.051373 -0.888488 -71.7145 0.0583769 0.997909 -0.027738 -0.199994 0.888056 -0.0392183 0.45806 3.28818
0.502348 -0.0519769 -0.863102 -72.0941 0.0629751 0.99774 -0.0234317 -0.218081 0.862369 -0.0425831 0.504486 3.58765
0.545497 -0.0564054 -0.836213 -72.4258 0.0739507 0.997081 -0.0190153 -0.233314 0.834844 -0.0514657 0.548075 3.8851
0.587259 -0.0638475 -0.806877 -72.7114 0.0878566 0.996022 -0.0148709 -0.246821 0.804617 -0.0621564 0.590532 4.19646
0.62814 -0.0689905 -0.775036 -73.0245 0.0925211 0.995617 -0.0136407 -0.25987 0.77258 -0.0631389 0.631769 4.54052
0.66821 -0.0738044 -0.740303 -73.3274 0.0924982 0.995588 -0.0157645 -0.274553 0.7382 -0.0579426 0.672089 4.88432
0.70815 -0.081066 -0.701393 -73.6087 0.0916378 0.995537 -0.0225421 -0.293981 0.70009 -0.0483109 0.712418 5.24566
0.747778 -0.0824524 -0.65881 -73.8846 0.0880794 0.995808 -0.0246551 -0.32463 0.658081 -0.039591 0.751905 5.62211
0.784865 -0.083411 -0.614027 -74.1184 0.0887898 0.995812 -0.0217802 -0.33676 0.613272 -0.0374248 0.788984 6.00199
0.81974 -0.0848084 -0.566422 -74.3379 0.0901574 0.995754 -0.0186127 -0.339549 0.565595 -0.0358095 0.823905 6.40811
0.851169 -0.0836261 -0.518188 -74.5906 0.0877565 0.996004 -0.0165892 -0.340513 0.517504 -0.0313541 0.855106 6.88321
0.877726 -0.0833538 -0.471857 -74.7935 0.0882466 0.996029 -0.0117967 -0.337447 0.470966 -0.0312855 0.881596 7.3619
0.899794 -0.0778594 -0.429313 -74.9911 0.0825837 0.996555 -0.00764683 -0.326002 0.42843 -0.0285737 0.903123 7.86091
0.918229 -0.0737465 -0.389124 -75.1788 0.0772405 0.99699 -0.00668188 -0.314923 0.388445 -0.0239206 0.921161 8.39931
0.932287 -0.0692331 -0.355033 -75.3504 0.0728382 0.997339 -0.00321883 -0.300037 0.354311 -0.0228591 0.934848 8.93807
0.942973 -0.0688448 -0.325672 -75.5295 0.0728656 0.997342 0.000148949 -0.292373 0.324796 -0.0238707 0.945482 9.49647
0.950613 -0.0701645 -0.302343 -75.6878 0.0745571 0.997212 0.00299666 -0.280575 0.30129 -0.0253905 0.953194 10.0811
0.956851 -0.0700211 -0.282018 -75.8487 0.0746559 0.997193 0.0057088 -0.278725 0.280827 -0.0265168 0.959392 10.6579
0.961725 -0.0692286 -0.265127 -75.9998 0.0746055 0.99716 0.0102513 -0.27902 0.263664 -0.0296388 0.964159 11.2752
0.965866 -0.0644964 -0.250886 -76.1561 0.0700462 0.997456 0.0132447 -0.278814 0.249394 -0.0303662 0.967926 11.9066
0.969027 -0.0614134 -0.239199 -76.3081 0.0671617 0.997615 0.015947 -0.278348 0.237649 -0.0315181 0.970839 12.5572
0.972124 -0.0620127 -0.226121 -76.447 0.0676173 0.997565 0.0171176 -0.278703 0.224509 -0.0319301 0.973949 13.1841
0.975068 -0.0614631 -0.213226 -76.5767 0.0668252 0.997602 0.018025 -0.27626 0.211607 -0.0318245 0.976836 13.8367
0.977879 -0.0613003 -0.19999 -76.7055 0.0666482 0.997574 0.0201125 -0.271644 0.198272 -0.0329966 0.979591 14.5357
0.980573 -0.0585822 -0.187202 -76.8214 0.0637632 0.997728 0.0217699 -0.265413 0.185502 -0.0332836 0.98208 15.2287
0.982594 -0.0591994 -0.176082 -76.9216 0.0637164 0.997766 0.0201054 -0.263174 0.174499 -0.0309748 0.98417 15.9048
0.984477 -0.0588341 -0.165363 -77.0445 0.0623575 0.997923 0.0161927 -0.260259 0.164067 -0.026253 0.9861 16.6333
0.985752 -0.062402 -0.156201 -77.138 0.064928 0.997828 0.0111169 -0.253486 0.155168 -0.0211004 0.987662 17.3403
0.986822 -0.0619143 -0.149499 -77.2249 0.0642997 0.997868 0.0111705 -0.242805 0.148489 -0.020636 0.988698 18.0627
0.987748 -0.0597587 -0.144166 -77.3246 0.06274 0.997898 0.0162184 -0.221232 0.142894 -0.0250647 0.98942 18.8167
0.988442 -0.0557829 -0.140965 -77.4195 0.0597504 0.997923 0.0240685 -0.199821 0.139329 -0.032213 0.989722 19.5294
0.988921 -0.0552349 -0.137785 -77.5215 0.0594762 0.997868 0.0268538 -0.180612 0.136009 -0.0347512 0.990098 20.2942
0.988984 -0.0592003 -0.13567 -77.6015 0.0631605 0.997688 0.0250693 -0.15418 0.133873 -0.0333621 0.990437 20.9856
0.989289 -0.0601483 -0.133006 -77.6979 0.0637031 0.997712 0.0226305 -0.127571 0.131341 -0.030861 0.990856 21.736
0.989614 -0.0612637 -0.130046 -77.7943 0.0648383 0.997621 0.0234291 -0.105254 0.128301 -0.0316177 0.991231 22.4819
0.989674 -0.0629429 -0.128776 -77.8762 0.0666855 0.997462 0.0249557 -0.0907219 0.126879 -0.0332855 0.991359 23.2304
0.989674 -0.067177 -0.12662 -77.9559 0.071038 0.997129 0.0262231 -0.0752799 0.124495 -0.0349471 0.991604 23.9791
0.989914 -0.0667523 -0.12496 -78.0336 0.0700599 0.997294 0.0222601 -0.0662376 0.123136 -0.0307903 0.991912 24.7261
0.9903 -0.0643269 -0.123157 -78.1312 0.0666453 0.997667 0.0147943 -0.0615345 0.121918 -0.0228586 0.992277 25.4818
0.990571 -0.0639913 -0.121137 -78.2275 0.0653383 0.997837 0.00717604 -0.053164 0.120416 -0.0150232 0.99261 26.2298
0.990731 -0.0629138 -0.120394 -78.3164 0.0636213 0.997972 0.00203743 -0.0446991 0.120022 -0.00967818 0.992724 26.9913
0.990774 -0.0641484 -0.119382 -78.402 0.0649287 0.997886 0.00265385 -0.0387875 0.118959 -0.0103807 0.992845 27.7401
0.990807 -0.0636847 -0.119355 -78.4829 0.0648832 0.997874 0.00617806 -0.0331137 0.118708 -0.0138654 0.992832 28.4838
0.991091 -0.0600892 -0.11886 -78.5637 0.0617739 0.998034 0.0105368 -0.0295008 0.117994 -0.0177854 0.992855 29.2489
0.990908 -0.064528 -0.118059 -78.641 0.0663076 0.997736 0.0112041 -0.024699 0.117069 -0.0189305 0.992943 30.0068
0.990629 -0.0680832 -0.118406 -78.7094 0.0697345 0.997517 0.00985437 -0.0212763 0.117441 -0.018019 0.992916 30.7332
0.990451 -0.0701983 -0.118657 -78.7831 0.0718522 0.997368 0.00971295 -0.0200685 0.117663 -0.018146 0.992887 31.4965
0.9907 -0.068841 -0.117365 -78.8853 0.0701453 0.997512 0.00701488 -0.00540684 0.11659 -0.0151822 0.993064 32.2665
0.990867 -0.0702529 -0.115096 -79.0149 0.0711946 0.997454 0.00408658 0.0170726 0.114516 -0.0122435 0.993346 33.0033
0.991133 -0.0712146 -0.112179 -79.131 0.0719871 0.997402 0.00284634 0.029119 0.111685 -0.0108966 0.993684 33.7678
0.991741 -0.0678789 -0.108825 -79.2512 0.0685566 0.997644 0.00249334 0.0389335 0.108399 -0.00993342 0.994058 34.5285
0.99168 -0.0691693 -0.108572 -79.3495 0.0696623 0.99757 0.000749839 0.0447235 0.108256 -0.00830696 0.994088 35.2942
0.991398 -0.0706804 -0.11016 -79.4469 0.071044 0.997473 -0.000625497 0.0491593 0.109926 -0.00720611 0.993913 36.0454
0.991188 -0.0714658 -0.111528 -79.544 0.071727 0.997423 -0.00167373 0.0525183 0.111361 -0.00634062 0.99376 36.8047
0.990911 -0.0704033 -0.114622 -79.6434 0.0705649 0.997504 -0.00265231 0.0518588 0.114523 -0.00546009 0.993405 37.5971
0.9909 -0.0652692 -0.11772 -79.7454 0.065193 0.997863 -0.00450232 0.0554642 0.117762 -0.00321314 0.993037 38.3704
0.990852 -0.062186 -0.119777 -79.8506 0.0612761 0.998057 -0.0112683 0.0535959 0.120245 0.00382571 0.992737 39.1447
0.990674 -0.0616682 -0.121501 -79.957 0.0601413 0.998058 -0.0161982 0.0476984 0.122264 0.00873997 0.992459 39.9185
0.990231 -0.0631265 -0.124333 -80.0458 0.0612718 0.997946 -0.0186887 0.0378762 0.125258 0.0108879 0.992064 40.7243
0.989835 -0.063381 -0.127315 -80.1589 0.0615707 0.997938 -0.0181088 0.0127142 0.128201 0.0100858 0.991697 41.5677
0.98938 -0.0645174 -0.130248 -80.2596 0.0626574 0.997867 -0.0183321 -0.0122232 0.131153 0.00997641 0.991312 42.4116
0.989118 -0.064338 -0.13231 -80.3738 0.0626516 0.997893 -0.0168739 -0.0449959 0.133117 0.00840088 0.991065 43.2489
0.988875 -0.0630489 -0.134731 -80.4781 0.0620273 0.998005 -0.011771 -0.09287 0.135204 0.00328303 0.990812 44.0773
0.988521 -0.0634006 -0.137139 -80.5897 0.0632237 0.997983 -0.00564938 -0.127271 0.137221 -0.0030859 0.990536 44.9086
0.988201 -0.0641065 -0.139104 -80.678 0.0642976 0.997926 -0.00312467 -0.151323 0.139016 -0.00585624 0.990273 45.7563
0.988423 -0.0627122 -0.13816 -80.7936 0.0628864 0.998016 -0.00310797 -0.158626 0.138081 -0.00561643 0.990405 46.6122
0.988506 -0.0639913 -0.13697 -80.9087 0.064001 0.99794 -0.00433761 -0.163133 0.136966 -0.00447851 0.990566 47.4511
0.988455 -0.0665718 -0.136108 -81.0124 0.0662547 0.997779 -0.00686337 -0.179008 0.136263 -0.00223367 0.99067 48.311
0.988373 -0.0700044 -0.134978 -81.123 0.069434 0.997547 -0.00893503 -0.194089 0.135272 -0.000540916 0.990808 49.1749
0.988377 -0.0725238 -0.133609 -81.2376 0.0719525 0.997366 -0.00910634 -0.210822 0.133918 -0.000613034 0.990992 50.041
0.988543 -0.073223 -0.131994 -81.3684 0.0729246 0.997312 -0.00709979 -0.225343 0.13216 -0.0026072 0.991225 50.906
0.988663 -0.0741474 -0.13057 -81.4922 0.0739667 0.997241 -0.00623984 -0.238309 0.130673 -0.00348876 0.991419 51.7589
0.988649 -0.0761786 -0.129499 -81.6101 0.076022 0.997087 -0.00615903 -0.24594 0.129591 -0.00375565 0.99156 52.6125
0.988793 -0.0757663 -0.128643 -81.7274 0.0751581 0.997126 -0.00958221 -0.256154 0.128999 -0.000193753 0.991645 53.4893
0.989173 -0.0732809 -0.127148 -81.8587 0.0717553 0.997285 -0.016544 -0.274828 0.128015 0.0072413 0.991746 54.3564
0.989702 -0.0698662 -0.124942 -81.9814 0.0675612 0.997459 -0.0225966 -0.292722 0.126203 0.0139227 0.991907 55.1709
0.990108 -0.0656333 -0.124011 -82.0969 0.0624619 0.997617 -0.0292952 -0.317864 0.125638 0.0212594 0.991848 56.0364
0.990347 -0.0653407 -0.122244 -82.2165 0.0618969 0.997577 -0.0317641 -0.33912 0.124023 0.023891 0.991992 56.8635
0.990306 -0.0677789 -0.121248 -82.3396 0.0649521 0.99752 -0.0271213 -0.362765 0.122786 0.0189831 0.992252 57.7361
0.990394 -0.0672472 -0.120824 -82.4676 0.0652374 0.997659 -0.020518 -0.376582 0.121921 0.0124386 0.992462 58.6266
0.990615 -0.0651811 -0.120145 -82.5967 0.0636046 0.997832 -0.0169145 -0.387919 0.120987 0.00911398 0.992612 59.4267
0.990192 -0.0683444 -0.121862 -82.705 0.0662798 0.997582 -0.0209209 -0.398903 0.122997 0.0126387 0.992326 60.2466
0.989741 -0.0727926 -0.122941 -82.8138 0.0700191 0.997187 -0.0267376 -0.414468 0.124542 0.0178551 0.992054 61.0785
0.989349 -0.074161 -0.12526 -82.9171 0.0708032 0.997007 -0.0310556 -0.436697 0.127188 0.021856 0.991638 61.8894
0.989043 -0.0726796 -0.128499 -83.0245 0.0686811 0.997014 -0.035285 -0.4694 0.13068 0.0260729 0.991082 62.7138
0.988477 -0.0726078 -0.132825 -83.1303 0.0677814 0.996877 -0.0405108 -0.508833 0.135352 0.0310409 0.990311 63.553
0.988148 -0.072588 -0.135263 -83.2544 0.0670211 0.996724 -0.0452715 -0.54759 0.138106 0.0356695 0.989775 64.3624
0.98763 -0.0712929 -0.139665 -83.3592 0.0647792 0.996614 -0.0506476 -0.580027 0.142803 0.0409737 0.988903 65.1585
0.987554 -0.0658529 -0.142832 -83.4828 0.058855 0.996875 -0.0526824 -0.623092 0.145855 0.0436204 0.988344 65.947
0.987528 -0.0619877 -0.144728 -83.6386 0.0546548 0.997038 -0.0541084 -0.647946 0.147654 0.0455235 0.987991 66.7596
0.987176 -0.0588358 -0.148399 -83.7809 0.0516273 0.997313 -0.0519721 -0.671421 0.151059 0.0436442 0.987561 67.5649
0.98672 -0.0564575 -0.152305 -83.9192 0.0495462 0.997579 -0.0488013 -0.713431 0.154692 0.0406071 0.987128 68.3448
0.985929 -0.0571838 -0.157083 -84.0575 0.0504036 0.997631 -0.0468166 -0.760304 0.159388 0.0382402 0.986475 69.1566
0.984793 -0.0585543 -0.163568 -84.1975 0.0510332 0.997454 -0.0498152 -0.774325 0.166068 0.0407103 0.985274 69.9377
0.983491 -0.0616572 -0.170133 -84.3273 0.0534997 0.997206 -0.0521272 -0.766214 0.172872 0.0421646 0.984041 70.7121
0.982405 -0.0603912 -0.176732 -84.4692 0.0506563 0.996967 -0.0590901 -0.771691 0.179765 0.0490977 0.982484 71.4963
0.981531 -0.0556192 -0.18304 -84.6239 0.0445902 0.996964 -0.0638312 -0.809408 0.186035 0.0544905 0.981031 72.258
0.980695 -0.0546665 -0.187749 -84.7904 0.0414819 0.996436 -0.0734524 -0.824839 0.191096 0.0642462 0.979467 73.0097
0.979783 -0.0547669 -0.192425 -84.953 0.0402352 0.996091 -0.0786341 -0.873577 0.19598 0.069302 0.978156 73.7403
0.978833 -0.0539776 -0.197416 -85.1202 0.0383035 0.995865 -0.0823731 -0.925803 0.201046 0.0730677 0.976853 74.496
0.978025 -0.0509665 -0.202164 -85.2867 0.0353564 0.99616 -0.0800906 -0.975618 0.205469 0.0711828 0.976071 75.2341
0.976799 -0.0507099 -0.208073 -85.461 0.0351042 0.996333 -0.0780223 -1.03052 0.211266 0.0689078 0.974997 75.9812
0.975673 -0.0505727 -0.213321 -85.6405 0.0343784 0.996285 -0.0789557 -1.08566 0.216521 0.0697012 0.973787 76.7135
0.97416 -0.0541533 -0.219275 -85.8277 0.0363875 0.995779 -0.0842665 -1.15513 0.222913 0.0741101 0.972017 77.4519
0.972577 -0.0529097 -0.226488 -86.018 0.0326822 0.995209 -0.0921479 -1.2366 0.230278 0.0822187 0.969645 78.1837
0.970325 -0.0541127 -0.235674 -86.2045 0.0325269 0.99499 -0.0945374 -1.30837 0.239609 0.0840661 0.967223 78.9227
0.968143 -0.0550428 -0.244277 -86.4315 0.0326144 0.994949 -0.0949312 -1.35741 0.248269 0.0839399 0.965048 79.6188
0.965709 -0.0537845 -0.253996 -86.6599 0.0317526 0.99543 -0.0900605 -1.43763 0.257679 0.0789072 0.963003 80.3265
0.963409 -0.0502354 -0.263287 -86.8938 0.0292989 0.996131 -0.0828537 -1.50555 0.266431 0.0721079 0.961153 81.0078
0.960862 -0.0497161 -0.272533 -87.1374 0.0290554 0.996425 -0.0793305 -1.60031 0.275503 0.068307 0.958871 81.7162
0.958082 -0.0468762 -0.282636 -87.3798 0.0241169 0.996218 -0.0834752 -1.69873 0.28548 0.0731597 0.955588 82.4282
0.954791 -0.0469844 -0.293545 -87.6149 0.0207452 0.995555 -0.0918708 -1.79683 0.296557 0.0816276 0.95152 83.1389
0.951325 -0.0484183 -0.304364 -87.862 0.0197554 0.995131 -0.0965582 -1.88451 0.307557 0.0858453 0.947649 83.8301
0.947449 -0.0486719 -0.316186 -88.1089 0.0201323 0.995471 -0.0929111 -1.95334 0.319276 0.0816629 0.944137 84.5219
0.943744 -0.0474789 -0.327254 -88.3759 0.020199 0.996068 -0.0862622 -2.03313 0.330063 0.0747991 0.940991 85.2146
0.939362 -0.0465155 -0.339759 -88.6301 0.019848 0.996472 -0.081549 -2.11896 0.342353 0.0698605 0.936971 85.9026
0.935141 -0.0479245 -0.351022 -88.9184 0.0198439 0.996338 -0.0831635 -2.21166 0.353723 0.0708039 0.932667 86.6073
0.931144 -0.0503487 -0.36116 -89.2112 0.0202654 0.996036 -0.0866076 -2.30616 0.36409 0.073325 0.928473 87.2817
0.928174 -0.0526178 -0.368409 -89.5063 0.019658 0.995504 -0.0926559 -2.40451 0.371628 0.0787586 0.925035 87.9482
0.925134 -0.0569386 -0.375348 -89.7967 0.0218926 0.995045 -0.0969845 -2.50796 0.37901 0.0815063 0.921796 88.6282
0.922078 -0.0575998 -0.382696 -90.0892 0.021601 0.994981 -0.0977094 -2.60199 0.386403 0.0818289 0.918693 89.2936
0.918813 -0.0521928 -0.391228 -90.3945 0.0150573 0.995132 -0.0973956 -2.69709 0.394407 0.0835975 0.915126 89.9821
0.915146 -0.0515174 -0.399819 -90.6978 0.0142253 0.99531 -0.0956875 -2.7945 0.402873 0.0818804 0.911586 90.6561
0.91112 -0.0509245 -0.408984 -91.0077 0.0154989 0.995869 -0.0894726 -2.87398 0.411851 0.0751814 0.908145 91.353
0.907905 -0.0458482 -0.416662 -91.3157 0.012163 0.996463 -0.0831448 -2.95299 0.419001 0.0704197 0.905251 92.022
0.905199 -0.0353373 -0.423518 -91.649 0.00325309 0.997084 -0.0762415 -3.0467 0.424978 0.0676359 0.902674 92.6949
0.902291 -0.0262575 -0.430329 -91.9725 -0.00822282 0.996914 -0.0780704 -3.14724 0.431051 0.0739806 0.89929 93.3533
0.899968 -0.02888 -0.434999 -92.3121 -0.00857643 0.996437 -0.0838982 -3.2441 0.435873 0.0792364 0.896514 94.0132
0.897666 -0.0365264 -0.439162 -92.642 -0.00341167 0.995953 -0.0898101 -3.34359 0.440666 0.0821177 0.893908 94.6818
0.894755 -0.0348501 -0.445198 -92.9733 -0.00552524 0.99601 -0.0890725 -3.44224 0.446526 0.0821578 0.890991 95.3412
0.891926 -0.0286472 -0.451276 -93.3216 -0.00997251 0.996502 -0.0829689 -3.53789 0.452074 0.0785024 0.888519 96.0417
0.889061 -0.0244591 -0.457136 -93.6585 -0.0125002 0.996902 -0.0776505 -3.62363 0.457619 0.0747503 0.886001 96.6881
0.88632 -0.0277197 -0.462245 -94.0117 -0.00997465 0.996832 -0.0789035 -3.71616 0.462968 0.0745443 0.883235 97.3609
0.882897 -0.0287643 -0.468686 -94.3603 -0.012146 0.996389 -0.0840311 -3.80315 0.46941 0.0798834 0.879359 98.0482
0.879791 -0.0308208 -0.474362 -94.7167 -0.0133484 0.995901 -0.089464 -3.89061 0.475175 0.0850415 0.875772 98.7167
0.876595 -0.0283756 -0.480394 -95.0731 -0.0170719 0.995798 -0.0899711 -3.97693 0.480928 0.0870693 0.872426 99.3741
0.873767 -0.0250675 -0.4857 -95.4296 -0.0190432 0.996141 -0.0856707 -4.06373 0.485973 0.0841055 0.869918 100.038
0.870914 -0.0233371 -0.490883 -95.8015 -0.0201467 0.996337 -0.0831109 -4.14411 0.491025 0.082272 0.867252 100.696
0.868309 -0.0237855 -0.495454 -96.1739 -0.0201195 0.996339 -0.0830923 -4.22458 0.495616 0.082118 0.864651 101.351
0.86565 -0.0245321 -0.50005 -96.5511 -0.0205481 0.996216 -0.0844452 -4.29918 0.50023 0.083375 0.86187 101.995
0.862904 -0.027105 -0.504641 -96.935 -0.0186093 0.996179 -0.0853272 -4.37648 0.505026 0.0830202 0.859102 102.646
0.85982 -0.0303064 -0.509699 -97.3209 -0.0151442 0.996284 -0.0847855 -4.45157 0.510375 0.0806191 0.856165 103.287
0.857554 -0.0292161 -0.513565 -97.73 -0.0169081 0.996245 -0.0849087 -4.52894 0.514117 0.0814971 0.85384 103.936
0.855298 -0.0286795 -0.517344 -98.1225 -0.0181734 0.996192 -0.0852702 -4.59894 0.517819 0.0823333 0.851519 104.558
0.852463 -0.0333558 -0.521724 -98.5259 -0.0160031 0.99583 -0.0898153 -4.66927 0.522544 0.0849134 0.848373 105.203
0.850366 -0.0365425 -0.524922 -98.9255 -0.0165409 0.995236 -0.0960795 -4.73693 0.525932 0.0903854 0.84571 105.822
0.847314 -0.0402798 -0.529564 -99.315 -0.0149423 0.994917 -0.0995837 -4.79832 0.530884 0.0922915 0.842404 106.464
0.844832 -0.0399912 -0.533537 -99.6907 -0.0146225 0.995104 -0.0977421 -4.85063 0.534834 0.0903772 0.84011 107.053
0.842821 -0.0373649 -0.536896 -100.09 -0.0137603 0.995765 -0.0909006 -4.91111 0.538019 0.0840008 0.838737 107.671
0.840905 -0.0362197 -0.53997 -100.488 -0.0105784 0.996467 -0.0833145 -4.96953 0.54108 0.0757715 0.837551 108.286
0.83922 -0.0364355 -0.542572 -100.887 -0.00857525 0.996742 -0.0801985 -5.02882 0.543726 0.0719568 0.836173 108.876
0.837248 -0.0391358 -0.545423 -101.27 -0.00682293 0.99661 -0.0819835 -5.10022 0.546783 0.0723618 0.834142 109.478
0.835586 -0.0401069 -0.547895 -101.659 -0.00860941 0.996253 -0.0860578 -5.17021 0.549294 0.0766256 0.832109 110.062
0.83419 -0.0407537 -0.54997 -102.031 -0.0104156 0.995924 -0.0895982 -5.24096 0.551379 0.0804701 0.830365 110.599
0.83283 -0.0414012 -0.551979 -102.396 -0.0110389 0.995758 -0.0913425 -5.31384 0.553419 0.082166 0.82884 111.135
0.831983 -0.0429421 -0.553138 -102.746 -0.0100723 0.995667 -0.0924472 -5.37754 0.554711 0.0824858 0.827944 111.632
0.831105 -0.0416973 -0.554552 -103.1 -0.0116807 0.995656 -0.0923706 -5.44098 0.555994 0.0832471 0.827007 112.132
0.830205 -0.0400845 -0.556017 -103.435 -0.0128594 0.995769 -0.0909882 -5.50885 0.557311 0.0826888 0.826176 112.605
0.829257 -0.0403515 -0.55741 -103.765 -0.0120246 0.995871 -0.0899814 -5.58153 0.558739 0.0813203 0.825347 113.066
0.828797 -0.0403742 -0.558092 -104.083 -0.0118907 0.995897 -0.089705 -5.64781 0.559424 0.0809833 0.824916 113.478
0.828321 -0.0405779 -0.558784 -104.392 -0.0125009 0.995787 -0.0908434 -5.71834 0.560115 0.0822327 0.824323 113.883
0.827657 -0.0404609 -0.559775 -104.692 -0.0145442 0.995517 -0.0934611 -5.78368 0.561047 0.0854951 0.823357 114.268
0.826459 -0.0429716 -0.561357 -104.976 -0.0142036 0.995174 -0.0970917 -5.84608 0.562819 0.0882154 0.821859 114.636
0.824584 -0.0464903 -0.563828 -105.26 -0.0117128 0.995001 -0.0991726 -5.90503 0.565619 0.0883801 0.819917 114.998
0.822246 -0.0503153 -0.566905 -105.532 -0.00722902 0.995081 -0.098803 -5.95761 0.569087 0.0853384 0.817837 115.333
0.819327 -0.0488358 -0.571245 -105.795 -0.00859391 0.995208 -0.0974067 -6.00654 0.573264 0.0847171 0.81498 115.664
0.815779 -0.0452446 -0.576593 -106.067 -0.0123508 0.995345 -0.0955781 -6.05394 0.578233 0.0850919 0.811422 115.994
0.812824 -0.0394765 -0.581172 -106.33 -0.0171749 0.995643 -0.0916506 -6.0932 0.582258 0.0844772 0.808604 116.305
0.809606 -0.0348759 -0.585939 -106.576 -0.0192678 0.996116 -0.0859133 -6.12031 0.586659 0.0808455 0.805789 116.589
0.805376 -0.033371 -0.591826 -106.805 -0.0195292 0.996378 -0.0827584 -6.1491 0.592444 0.0782094 0.801807 116.853
0.800411 -0.0368214 -0.598321 -107.024 -0.0158156 0.996467 -0.0824815 -6.16939 0.599244 0.0754818 0.797 117.087
0.793852 -0.0400896 -0.60679 -107.241 -0.0127445 0.996509 -0.0825114 -6.19388 0.607979 0.073235 0.790569 117.326
0.785848 -0.0423197 -0.616971 -107.447 -0.0111375 0.996526 -0.0825406 -6.20591 0.61832 0.0717358 0.782646 117.521
0.77649 -0.0425514 -0.628693 -107.654 -0.0127632 0.996451 -0.0832059 -6.22029 0.630002 0.0726326 0.77319 117.716
0.765064 -0.0424866 -0.642552 -107.852 -0.0158322 0.996279 -0.0847266 -6.22946 0.64376 0.0749942 0.761544 117.876
0.752152 -0.0450533 -0.657449 -108.035 -0.0174947 0.995943 -0.0882643 -6.24045 0.658759 0.07789 0.748312 118.007
0.738476 -0.0477093 -0.672591 -108.227 -0.021095 0.995371 -0.0937668 -6.25716 0.673951 0.0834327 0.73405 118.14
0.72432 -0.0517552 -0.68752 -108.393 -0.0233122 0.99477 -0.0994446 -6.26795 0.68907 0.0880572 0.719325 118.246
0.709726 -0.0516567 -0.702583 -108.578 -0.0300258 0.994184 -0.103428 -6.2814 0.703839 0.0945008 0.704046 118.367
0.695363 -0.0486048 -0.717014 -108.785 -0.0392971 0.993646 -0.105468 -6.29688 0.717584 0.101515 0.689034 118.492
0.680472 -0.0455108 -0.731361 -108.988 -0.0463613 0.993396 -0.104952 -6.30692 0.731307 0.105324 0.673867 118.605
0.662727 -0.0481957 -0.74731 -109.159 -0.0451576 0.993539 -0.104122 -6.31177 0.747499 0.102751 0.656268 118.684
0.644481 -0.0495011 -0.763018 -109.347 -0.044835 0.993739 -0.102339 -6.32036 0.763305 0.100165 0.638226 118.769
0.624757 -0.0473071 -0.779386 -109.54 -0.049088 0.993809 -0.0996712 -6.33075 0.779276 0.100529 0.618566 118.844
0.602711 -0.0438246 -0.796757 -109.75 -0.0551825 0.993811 -0.0964066 -6.33374 0.79605 0.102072 0.596562 118.923
0.580521 -0.0408161 -0.813223 -109.954 -0.0603317 0.993841 -0.0929495 -6.33882 0.812008 0.103022 0.574483 118.984
0.557942 -0.038561 -0.828985 -110.154 -0.0646207 0.993868 -0.0897232 -6.33908 0.827361 0.10363 0.552028 119.036
0.535373 -0.035266 -0.843881 -110.343 -0.0715621 0.993641 -0.0869249 -6.35702 0.841579 0.106927 0.529444 119.058
0.512335 -0.0314239 -0.858212 -110.574 -0.0778509 0.993516 -0.0828537 -6.36528 0.85525 0.109261 0.506566 119.094
0.488201 -0.0295847 -0.872231 -110.8 -0.0833333 0.993278 -0.0803335 -6.377 0.868744 0.111905 0.482454 119.122
0.462559 -0.030323 -0.886071 -111.004 -0.0859112 0.993178 -0.078837 -6.38368 0.882417 0.11259 0.456798 119.141
0.434222 -0.0331794 -0.900196 -111.239 -0.0895281 0.992784 -0.0797773 -6.39825 0.896346 0.115234 0.428117 119.167
0.403326 -0.0371625 -0.914303 -111.47 -0.0932534 0.992303 -0.0814699 -6.41345 0.910292 0.118121 0.396756 119.188
0.367251 -0.0395985 -0.92928 -111.712 -0.0955862 0.992197 -0.0800552 -6.42535 0.925198 0.118226 0.360599 119.209
0.329174 -0.0397743 -0.943433 -111.962 -0.100409 0.991973 -0.0768544 -6.43975 0.938916 0.120027 0.322537 119.227
0.287944 -0.041655 -0.956742 -112.246 -0.103295 0.991874 -0.0742726 -6.45382 0.95206 0.120213 0.281301 119.251
0.243004 -0.0429125 -0.969077 -112.533 -0.107502 0.991675 -0.0708704 -6.47399 0.96405 0.121399 0.236367 119.268
0.194799 -0.0445948 -0.97983 -112.851 -0.111151 0.991527 -0.067225 -6.48928 0.974525 0.122004 0.188192 119.28
0.145616 -0.0448892 -0.988324 -113.17 -0.114973 0.991434 -0.0619703 -6.5004 0.982638 0.122654 0.139207 119.282
0.0941518 -0.0440291 -0.994585 -113.515 -0.11926 0.991329 -0.0551747 -6.51373 0.988389 0.123809 0.0880844 119.274
0.0416878 -0.0423121 -0.998235 -113.866 -0.120168 0.991638 -0.047051 -6.52306 0.991878 0.121917 0.0362546 119.25
-0.0118746 -0.0412185 -0.999081 -114.227 -0.120244 0.991958 -0.0394956 -6.52961 0.992673 0.119664 -0.0167354 119.206
-0.0644313 -0.040089 -0.997118 -114.59 -0.120715 0.992168 -0.0320898 -6.53535 0.990594 0.118299 -0.068766 119.143
-0.117887 -0.0389336 -0.992265 -114.986 -0.121684 0.992267 -0.024477 -6.54027 0.985543 0.117857 -0.121712 119.067
-0.169428 -0.0382752 -0.9848 -115.389 -0.123424 0.992203 -0.0173288 -6.54561 0.977784 0.118611 -0.172831 118.967
-0.219808 -0.0372715 -0.974832 -115.792 -0.122927 0.992363 -0.010224 -6.55178 0.967767 0.117586 -0.222711 118.846
-0.268793 -0.035939 -0.962528 -116.215 -0.12044 0.992715 -0.00343257 -6.55932 0.955638 0.115004 -0.271163 118.696
-0.316273 -0.0343657 -0.948047 -116.649 -0.116866 0.993143 0.00298644 -6.56733 0.941442 0.111738 -0.318121 118.524
-0.361609 -0.0330018 -0.931747 -117.081 -0.114438 0.993387 0.0092281 -6.5726 0.92528 0.109964 -0.362994 118.327
-0.404636 -0.0315943 -0.913933 -117.527 -0.11195 0.993597 0.0152164 -6.57872 0.9076 0.108472 -0.405582 118.104
-0.443941 -0.0316682 -0.895497 -117.98 -0.112532 0.993433 0.0206557 -6.59546 0.888962 0.109942 -0.444589 117.853
-0.478318 -0.0302243 -0.877668 -118.434 -0.112175 0.993323 0.0269266 -6.60969 0.870993 0.111332 -0.478514 117.575
-0.508068 -0.0286388 -0.860842 -118.891 -0.111268 0.993255 0.032626 -6.62159 0.8541 0.11236 -0.507827 117.301
-0.530906 -0.0285442 -0.846951 -119.363 -0.112589 0.992948 0.0371109 -6.62368 0.839919 0.115059 -0.530376 116.971
-0.548516 -0.0303259 -0.835591 -119.838 -0.114841 0.992604 0.0393617 -6.62504 0.828217 0.11755 -0.547941 116.626
-0.562817 -0.029061 -0.826072 -120.34 -0.115149 0.992393 0.0435407 -6.6264 0.818522 0.119627 -0.561882 116.277
