1 0 0 0 0 1 0 0 0 0 1 0
0.999995 0.00280376 -0.00165962 0.00472763 -0.0027989 0.999992 0.00292545 -0.0448864 0.00166781 -0.00292079 0.999994 0.77544
0.999981 0.00596624 -0.00171764 0.00409734 -0.00595828 0.999972 0.00460519 -0.087412 0.00174506 -0.00459487 0.999988 1.54545
0.999981 0.00581944 -0.00222797 0.00534421 -0.00580808 0.99997 0.0050705 -0.101306 0.00225741 -0.00505746 0.999985 2.27882
0.999963 0.00608054 -0.00612716 0.105334 -0.00606299 0.999978 0.00287793 -0.0581987 0.00614452 -0.00284067 0.999977 2.95444
0.999936 0.00538399 -0.00994118 0.197771 -0.00538319 0.999986 0.000107447 -0.0196869 0.00994162 -5.39259e-05 0.999951 3.63593
0.999894 0.00412651 -0.0139779 0.286149 -0.00415237 0.99999 -0.00182134 0.0168009 0.0139703 0.00187918 0.999901 4.31762
0.999833 0.00517557 -0.0175273 0.372731 -0.00520586 0.999985 -0.00168272 0.0519772 0.0175183 0.00177368 0.999845 5.00726
0.999795 0.0044668 -0.0197241 0.457634 -0.00448217 0.99999 -0.00073492 0.0878078 0.0197206 0.000823175 0.999805 5.69684
0.999746 0.00292934 -0.0223247 0.534627 -0.0029364 0.999996 -0.000283327 0.122051 0.0223238 0.000348809 0.999751 6.37215
0.999695 0.00169887 -0.0246177 0.599344 -0.00173167 0.999998 -0.00131134 0.153352 0.0246154 0.00135357 0.999696 7.04138
0.999652 0.00230142 -0.0262809 0.658896 -0.00241882 0.999987 -0.00443606 0.181361 0.0262704 0.00449809 0.999645 7.69621
0.99961 0.00240712 -0.0278149 0.709269 -0.0026848 0.999947 -0.00995001 0.206077 0.0277895 0.0100208 0.999564 8.3436
0.99958 0.00192539 -0.0289213 0.748556 -0.00236807 0.99988 -0.0152798 0.223303 0.0288884 0.0153419 0.999465 8.93009
0.999587 0.000506225 -0.0287378 0.775634 -0.00105168 0.999819 -0.0189684 0.24097 0.028723 0.0189908 0.999407 9.50853
0.99962 -0.00252606 -0.0274345 0.794767 0.00188434 0.999725 -0.0233914 0.258368 0.0274861 0.0233308 0.99935 10.0585
0.999662 -0.00313145 -0.0258146 0.806804 0.00243806 0.999636 -0.0268483 0.272123 0.0258893 0.0267763 0.999306 10.5689
0.999712 0.00179491 -0.0239052 0.81448 -0.00253294 0.99952 -0.0308788 0.283198 0.0238383 0.0309305 0.999237 11.061
0.999759 0.0071067 -0.0207336 0.811999 -0.00779617 0.999413 -0.033365 0.293296 0.0204843 0.0335186 0.999228 11.513
0.999833 0.00722138 -0.0167427 0.802994 -0.00779669 0.999372 -0.0345552 0.303074 0.0164826 0.0346801 0.999263 11.9217
0.999911 0.00436514 -0.0125744 0.792175 -0.00481223 0.999349 -0.0357471 0.312978 0.0124102 0.0358045 0.999282 12.3137
0.999968 0.000514073 -0.00799261 0.77318 -0.000815697 0.999286 -0.0377808 0.326062 0.00796748 0.0377861 0.999254 12.6492
0.999989 -0.00230123 -0.0039615 0.755967 0.0021481 0.999266 -0.0382343 0.336187 0.00404657 0.0382254 0.999261 12.9521
0.999999 -0.0014575 8.60074e-05 0.739188 0.00145973 0.999252 -0.0386303 0.344767 -2.96469e-05 0.0386304 0.999254 13.2137
0.999994 -0.000149293 0.00322959 0.72391 0.000281218 0.999164 -0.0408863 0.350362 -0.00322079 0.040887 0.999159 13.4501
0.999976 0.00193644 0.00653824 0.709708 -0.00165106 0.999057 -0.0433739 0.355935 -0.00661608 0.0433621 0.999038 13.667
0.99994 0.0042648 0.0100914 0.697133 -0.00380084 0.998954 -0.0455567 0.361225 -0.0102751 0.0455156 0.998911 13.86
0.999901 0.00701447 0.0121345 0.688711 -0.00643489 0.998867 -0.0471603 0.359927 -0.0124516 0.0470776 0.998814 14.0417
0.999859 0.00882965 0.0142257 0.680126 -0.00811679 0.998745 -0.0494123 0.359748 -0.0146441 0.0492899 0.998677 14.2168
0.999818 0.00783825 0.0173444 0.672728 -0.00692925 0.99863 -0.0518624 0.35837 -0.0177272 0.0517328 0.998504 14.3804
0.999773 0.00754296 0.0199218 0.666479 -0.00645683 0.998518 -0.0540322 0.355887 -0.0202999 0.0538913 0.998341 14.5338
0.999731 0.00664544 0.0221997 0.660302 -0.00540672 0.99845 -0.0554 0.355057 -0.0225335 0.0552651 0.998218 14.684
0.99968 0.00786071 0.0240167 0.659084 -0.00647312 0.998335 -0.057317 0.351923 -0.0244273 0.0571432 0.998067 14.8198
0.999615 0.00888606 0.0262777 0.658261 -0.00730613 0.998194 -0.0596207 0.348405 -0.0267601 0.0594058 0.997875 14.9555
0.999591 0.00883061 0.0271732 0.660667 -0.0071238 0.998033 -0.0622801 0.345088 -0.0276698 0.0620611 0.997689 15.083
0.999576 0.00778081 0.0280331 0.660701 -0.00595142 0.997883 -0.0647609 0.342437 -0.0284776 0.0645666 0.997507 15.2143
0.999586 0.00698351 0.0279032 0.661691 -0.00510209 0.997744 -0.0669376 0.339435 -0.0283077 0.0667676 0.997367 15.335
0.99964 0.00683327 0.0259296 0.662729 -0.00504064 0.997633 -0.0685806 0.336817 -0.0263369 0.0684253 0.997309 15.4619
0.999716 0.00664289 0.0228674 0.661206 -0.00502688 0.997533 -0.0700143 0.333371 -0.0232762 0.0698795 0.997284 15.5848
0.999791 0.00770314 0.0189138 0.659406 -0.00633092 0.997416 -0.071568 0.329434 -0.0194163 0.0714334 0.997256 15.7211
0.999882 0.00813448 0.0130042 0.653343 -0.00716215 0.997296 -0.0731435 0.326752 -0.013564 0.0730417 0.997237 15.8318
0.99995 0.00736715 0.00672954 0.646288 -0.00684823 0.997226 -0.0741242 0.324028 -0.00725697 0.0740745 0.997226 15.9422
0.999968 0.00794507 -4.04505e-05 0.634819 -0.0079255 0.997122 -0.0754051 0.322696 -0.000558769 0.075403 0.997153 16.088
0.999944 0.00794058 -0.00696704 0.613634 -0.00845565 0.996971 -0.0773142 0.323357 0.00633201 0.0773688 0.996983 16.2414
0.99984 0.00814158 -0.0159109 0.594512 -0.0093789 0.996806 -0.0793052 0.327394 0.0152145 0.0794418 0.996723 16.4001
0.999563 0.00713208 -0.0286595 0.578841 -0.00945583 0.996605 -0.0817816 0.323627 0.027979 0.082017 0.996238 16.5434
0.998967 0.00633143 -0.0449926 0.558186 -0.0101065 0.9964 -0.0841782 0.318595 0.0442976 0.0845459 0.995435 16.6845
0.997914 0.006444 -0.0642262 0.524083 -0.0119211 0.996287 -0.0852636 0.309218 0.0634383 0.0858514 0.994286 16.8344
0.99634 0.0080876 -0.0850856 0.477397 -0.0153306 0.996278 -0.0848206 0.298904 0.0840829 0.0858146 0.992757 16.9975
0.994113 0.00819143 -0.108033 0.41298 -0.0173112 0.996336 -0.0837513 0.286148 0.106951 0.0851284 0.990613 17.1632
0.991011 0.00941319 -0.133445 0.342773 -0.0205136 0.996417 -0.0820541 0.273136 0.132195 0.084054 0.987654 17.3437
0.986656 0.0102072 -0.162492 0.259371 -0.0235142 0.996503 -0.080182 0.260977 0.161105 0.082933 0.983447 17.5297
0.980829 0.0102917 -0.194597 0.163765 -0.025675 0.996724 -0.0766956 0.248676 0.19317 0.0802216 0.97788 17.7139
0.97298 0.0115422 -0.230598 0.05454 -0.0288727 0.996992 -0.071922 0.231034 0.229075 0.0766366 0.970387 17.9266
0.963279 0.0135179 -0.268161 -0.0724675 -0.0323145 0.997309 -0.0658051 0.21618 0.26655 0.0720542 0.961124 18.1372
0.951484 0.0183691 -0.307146 -0.220801 -0.0387631 0.997419 -0.06043 0.199555 0.305243 0.0694042 0.949742 18.3589
0.937778 0.0232325 -0.346455 -0.39716 -0.0450659 0.997463 -0.0550958 0.183692 0.344297 0.067281 0.936447 18.5876
0.921862 0.0266024 -0.386603 -0.589383 -0.049127 0.997614 -0.0484978 0.169249 0.384391 0.063701 0.92097 18.816
0.90372 0.0302553 -0.427051 -0.799336 -0.0521445 0.997852 -0.0396528 0.156836 0.424934 0.0581034 0.903358 19.0484
0.883625 0.0371123 -0.46672 -1.02612 -0.0589048 0.997745 -0.0321846 0.145566 0.464473 0.0559311 0.883819 19.2755
0.860435 0.0410148 -0.507905 -1.27996 -0.0625905 0.997714 -0.0254656 0.135472 0.5057 0.0537016 0.861036 19.5121
0.834706 0.0452098 -0.548835 -1.54448 -0.0673957 0.997519 -0.0203303 0.127494 0.546555 0.0539589 0.835683 19.7362
0.805912 0.0489074 -0.59001 -1.85153 -0.072408 0.997243 -0.0162404 0.120795 0.58759 0.0558098 0.807232 19.9806
0.774722 0.0516093 -0.630191 -2.18406 -0.0751854 0.997111 -0.0107707 0.1175 0.627815 0.0557255 0.776365 20.2261
0.740301 0.0560007 -0.669937 -2.5267 -0.0792672 0.996844 -0.00426549 0.119019 0.667585 0.0562618 0.742405 20.465
0.70427 0.0569911 -0.70764 -2.87884 -0.0790811 0.996867 0.00158015 0.123207 0.705514 0.0548481 0.70657 20.6944
0.666221 0.0565863 -0.743604 -3.26251 -0.0781037 0.996928 0.00588783 0.129255 0.741653 0.0541556 0.668594 20.9364
0.626642 0.0557523 -0.777309 -3.64854 -0.0754222 0.997094 0.0107133 0.136802 0.775648 0.051913 0.629027 21.1572
0.584209 0.0558506 -0.809678 -4.06579 -0.0734909 0.997171 0.0157575 0.142184 0.808269 0.0502983 0.586661 21.3813
0.538975 0.0564557 -0.840427 -4.49965 -0.0719658 0.997189 0.0208338 0.156093 0.839242 0.0492531 0.541523 21.6081
0.490021 0.0567076 -0.869863 -4.95677 -0.0742873 0.996968 0.0231454 0.169267 0.868539 0.0532781 0.492748 21.826
0.438428 0.0547908 -0.897094 -5.42708 -0.0691747 0.997236 0.0271 0.193037 0.8961 0.0501747 0.441007 22.0232
0.386373 0.0533381 -0.920798 -5.88849 -0.0655269 0.997391 0.0302794 0.217573 0.920012 0.0486379 0.38886 22.177
0.332565 0.0523005 -0.941628 -6.43168 -0.0643317 0.997393 0.0326771 0.243862 0.940884 0.0497093 0.335062 22.3444
0.279334 0.0579688 -0.958442 -6.98456 -0.0654097 0.997006 0.0412379 0.275446 0.957964 0.0511723 0.282289 22.4749
0.228044 0.0623824 -0.97165 -7.5695 -0.0642517 0.996734 0.0489131 0.309609 0.971528 0.0512758 0.231308 22.5814
0.180539 0.0631761 -0.981536 -8.17507 -0.0612853 0.996718 0.0528808 0.34499 0.981657 0.0506067 0.183818 22.6564
0.136935 0.0636723 -0.988531 -8.773 -0.0595768 0.996655 0.0559427 0.380541 0.988787 0.051233 0.140271 22.7034
0.0964961 0.0614958 -0.993431 -9.41833 -0.0598524 0.996642 0.0558809 0.417683 0.993532 0.054067 0.0998527 22.7457
0.0601987 0.0575049 -0.996528 -10.087 -0.0612765 0.996669 0.0538115 0.464439 0.996304 0.0578244 0.0635217 22.7722
0.0307012 0.0568901 -0.997908 -10.7804 -0.0625611 0.996531 0.0548869 0.519041 0.997569 0.0607451 0.0341537 22.7886
0.00876528 0.0591098 -0.998212 -11.4538 -0.0645061 0.996206 0.0584245 0.576506 0.997879 0.0638787 0.0125448 22.7819
-0.00503973 0.0633155 -0.99798 -12.1681 -0.0642488 0.995911 0.0635086 0.631754 0.997921 0.0644391 -0.000951335 22.7736
-0.0142276 0.0648868 -0.99779 -12.8993 -0.0648837 0.995729 0.0656779 0.686996 0.997791 0.0656748 -0.00995691 22.7683
-0.0192668 0.0615165 -0.997919 -13.6486 -0.0643406 0.99596 0.062638 0.737394 0.997742 0.0654135 -0.0152311 22.7512
-0.0182698 0.0572148 -0.998194 -14.4127 -0.0575294 0.996647 0.0581791 0.782882 0.998176 0.0584884 -0.0149172 22.737
-0.0132922 0.0551543 -0.998389 -15.1858 -0.046646 0.997356 0.0557183 0.825967 0.998823 0.0473114 -0.0106845 22.729
-0.00848628 0.0552196 -0.998437 -15.9967 -0.0469697 0.99735 0.0555587 0.872436 0.99886 0.0473678 -0.00587031 22.7277
-0.000900011 0.0519287 -0.99865 -16.9699 -0.0523235 0.99728 0.0519046 0.958359 0.998629 0.0522996 0.00181937 22.699
0.0208807 0.037551 -0.999076 -18.1693 -0.0478188 0.998188 0.0365182 1.09316 0.998637 0.0470121 0.0226384 22.6351
0.0307137 0.0218711 -0.999288 -19.3499 -0.0509611 0.998495 0.0202874 1.20828 0.998228 0.0503018 0.0317818 22.5775
0.0376697 0.0089413 -0.99925 -20.524 -0.0584849 0.998266 0.00672774 1.30888 0.997577 0.0581876 0.0381272 22.5332
0.0439349 0.000956443 -0.999033 -21.7091 -0.0649342 0.997888 -0.00190027 1.40667 0.996922 0.0649549 0.043904 22.476
0.0464754 0.00252691 -0.998916 -22.7633 -0.074895 0.997191 -0.000961982 1.49924 0.996108 0.0748585 0.0465339 22.4082
0.0461435 0.00603781 -0.998916 -23.6762 -0.0818299 0.996644 0.00224408 1.58447 0.995577 0.0816376 0.0464826 22.3405
0.0445352 0.0120888 -0.998934 -24.6853 -0.0839541 0.996435 0.00831567 1.64606 0.995474 0.0834943 0.0453912 22.3209
0.0452788 0.0182711 -0.998807 -25.6909 -0.0864152 0.996157 0.0143052 1.70771 0.995229 0.0856644 0.0466835 22.3179
0.0449419 0.0213295 -0.998761 -26.6575 -0.0852641 0.996206 0.0174383 1.7661 0.995344 0.0843748 0.0465899 22.3504
0.0430969 0.0191894 -0.998886 -27.7087 -0.0839415 0.99635 0.015519 1.80976 0.995538 0.0831792 0.0445502 22.3905
0.041192 0.0132713 -0.999062 -28.6777 -0.0831589 0.996488 0.00980842 1.83965 0.995684 0.082677 0.0421508 22.4416
0.0378566 0.00792313 -0.999251 -29.8111 -0.0832376 0.996518 0.00474803 1.84714 0.99581 0.0829955 0.0383842 22.4977
0.0323638 0.00118637 -0.999475 -30.8385 -0.0836663 0.996493 -0.00152633 1.84868 0.995968 0.0836718 0.0323494 22.5363
0.0260798 -0.00515764 -0.999646 -31.8547 -0.0823035 0.996581 -0.00728902 1.84556 0.996266 0.0824645 0.025566 22.5677
0.0191029 -0.00804567 -0.999784 -32.8729 -0.0831392 0.996492 -0.0096077 1.83545 0.996354 0.0833049 0.0183668 22.5698
0.0135322 -0.00633302 -0.999888 -33.8974 -0.0831489 0.996509 -0.00743692 1.8237 0.996445 0.0832402 0.0129582 22.5554
0.00841174 -0.00236365 -0.999961 -34.9351 -0.0846654 0.996405 -0.00306745 1.81484 0.996374 0.084688 0.00818123 22.5302
0.00251328 -0.000680667 -0.999996 -35.9707 -0.0862358 0.996274 -0.000894855 1.80859 0.996271 0.0862377 0.00244507 22.4992
-0.000513174 0.00143258 -0.999998 -37.029 -0.0893487 0.995999 0.00147272 1.80437 0.996 0.0893494 -0.000383276 22.4624
-0.00274412 0.00236436 -0.999993 -38.1051 -0.0943704 0.995534 0.0026128 1.80346 0.995533 0.0943769 -0.00250889 22.4355
-0.00393261 0.00288981 -0.999987 -39.1813 -0.0968042 0.995298 0.00325697 1.80033 0.995295 0.0968158 -0.00363453 22.4126
-0.00529506 0.00238964 -0.999982 -40.2854 -0.0990883 0.995074 0.00290261 1.79432 0.995064 0.099102 -0.00503235 22.3889
-0.00674371 0.00105978 -0.999976 -41.3466 -0.0996795 0.995018 0.00172677 1.78874 0.994996 0.0996888 -0.00660464 22.3501
-0.00750218 0.000418783 -0.999971 -42.4581 -0.100561 0.99493 0.00117114 1.77546 0.994902 0.100567 -0.00742219 22.3259
-0.00782745 -0.000680809 -0.999969 -43.5352 -0.102557 0.994727 0.000125557 1.76445 0.994696 0.102555 -0.00785615 22.2899
-0.00889173 -0.00307519 -0.999955 -44.5937 -0.107369 0.994217 -0.00210278 1.7565 0.994179 0.107346 -0.00917065 22.2592
-0.00855103 -0.00734528 -0.999936 -45.716 -0.112632 0.993617 -0.00633566 1.73536 0.993599 0.112571 -0.00932392 22.2243
-0.00720848 -0.00822891 -0.99994 -46.8095 -0.112844 0.993585 -0.00736313 1.71449 0.993586 0.112784 -0.00809098 22.1897
-0.00492859 -0.00419344 -0.999978 -47.884 -0.112952 0.993594 -0.00360995 1.69761 0.993588 0.112932 -0.00537083 22.1391
-0.00306444 -0.000462856 -0.999995 -49.08 -0.112414 0.993661 -0.000115423 1.66881 0.993656 0.112413 -0.0030972 22.1435
-0.00114231 -0.000776325 -0.999998 -50.1225 -0.110469 0.993879 -0.00064537 1.65007 0.993878 0.110469 -0.00122124 22.099
0.0014728 -0.00105887 -0.999998 -51.2265 -0.109416 0.993995 -0.00121364 1.62509 0.993994 0.109417 0.00134794 22.0751
0.00528288 -5.09081e-05 -0.999985 -52.3287 -0.112495 0.993652 -0.000644878 1.60024 0.993638 0.112497 0.00524346 22.0528
0.010536 0.00140214 -0.999943 -53.4661 -0.115605 0.993295 0.000174745 1.57859 0.993239 0.115597 0.0106273 22.0538
0.0149736 0.00107182 -0.999887 -54.6586 -0.118116 0.992999 -0.000704369 1.5556 0.992886 0.118114 0.0149952 22.0902
0.019352 0.000138916 -0.999812 -55.8065 -0.119216 0.992866 -0.00216954 1.53601 0.992679 0.119235 0.0192304 22.1215
0.0242169 -0.00072748 -0.999706 -56.9166 -0.118118 0.992993 -0.00358388 1.5227 0.992704 0.11817 0.0239612 22.1436
0.0279887 -0.00256649 -0.999604 -58.0684 -0.113986 0.993466 -0.0057423 1.50781 0.993088 0.114102 0.0275132 22.1919
0.0316444 -0.00283429 -0.999494 -59.2077 -0.112704 0.993608 -0.00638584 1.49514 0.993124 0.112849 0.0311226 22.2376
0.0365108 -0.00323511 -0.999327 -60.3253 -0.10993 0.993913 -0.00723389 1.49895 0.993268 0.11012 0.0359328 22.2667
0.0419451 -0.00325773 -0.999114 -61.4798 -0.110382 0.993858 -0.00787467 1.49405 0.993003 0.110615 0.0413277 22.3095
0.0485432 -0.00576341 -0.998804 -62.5719 -0.110071 0.993862 -0.0110845 1.48963 0.992737 0.110477 0.0476108 22.327
0.0509224 -0.0114341 -0.998636 -63.7816 -0.108561 0.993946 -0.0169161 1.46578 0.992784 0.109274 0.0493727 22.417
0.0551318 -0.0180725 -0.998315 -64.9461 -0.107968 0.993866 -0.0239545 1.44624 0.992624 0.109107 0.0528422 22.4786
0.0599369 -0.0203384 -0.997994 -66.0639 -0.109431 0.993632 -0.0268216 1.43165 0.992185 0.110819 0.0573295 22.5147
0.0629772 -0.0199483 -0.997815 -67.2367 -0.10966 0.993608 -0.0267854 1.40485 0.991972 0.111107 0.060387 22.5721
0.0661809 -0.0214185 -0.997577 -68.3762 -0.110153 0.993502 -0.0286387 1.37099 0.991708 0.111782 0.0633914 22.6181
0.0687394 -0.0225531 -0.997379 -69.535 -0.113275 0.993102 -0.0302633 1.32932 0.991183 0.115059 0.0657104 22.6779
0.0703316 -0.0219313 -0.997282 -70.7009 -0.116056 0.992789 -0.0300171 1.28066 0.990749 0.117851 0.067279 22.7474
0.0716755 -0.0226395 -0.99717 -71.8334 -0.116939 0.992657 -0.0309425 1.23177 0.990549 0.118826 0.0685016 22.8087
0.0735426 -0.0244004 -0.996993 -73.0397 -0.116884 0.9926 -0.0329147 1.16883 0.990419 0.118953 0.0701463 22.8727
0.075605 -0.0253418 -0.996815 -74.2503 -0.116276 0.992633 -0.0340546 1.10486 0.990335 0.11848 0.0721012 22.9357
0.0771632 -0.0257306 -0.996686 -75.4454 -0.113742 0.992913 -0.0344391 1.04017 0.990509 0.116023 0.0736896 23.0011
0.0790027 -0.0252014 -0.996555 -76.6389 -0.112794 0.993035 -0.0340542 0.972453 0.990472 0.115096 0.0756097 23.0708
0.079212 -0.0225183 -0.996603 -77.8062 -0.113159 0.993079 -0.0314327 0.910886 0.990414 0.115265 0.0761156 23.143
0.0808958 -0.0192144 -0.996537 -78.9578 -0.114674 0.992995 -0.028455 0.8548 0.990103 0.116579 0.0781256 23.2185
0.0809018 -0.0191653 -0.996537 -80.1219 -0.116433 0.992788 -0.0285456 0.805447 0.989898 0.11834 0.0780867 23.3157
0.0803193 -0.0215013 -0.996536 -81.2905 -0.116728 0.992685 -0.0308263 0.759875 0.98991 0.1188 0.0772219 23.4044
0.0807714 -0.0251375 -0.996415 -82.4663 -0.117072 0.992523 -0.0345294 0.714001 0.989833 0.119441 0.0772244 23.4872
0.0806826 -0.0269617 -0.996374 -83.6546 -0.115013 0.992705 -0.0361757 0.662565 0.990082 0.117515 0.0769929 23.5753
0.080165 -0.026668 -0.996424 -84.8462 -0.115453 0.992665 -0.0358559 0.603638 0.990072 0.117915 0.0764979 23.6653
0.0801192 -0.0249567 -0.996472 -86.0413 -0.115153 0.992761 -0.0341224 0.547648 0.990111 0.117481 0.0766653 23.7599
0.0796266 -0.0234254 -0.996549 -87.2133 -0.116541 0.992649 -0.0326457 0.495064 0.989988 0.118738 0.0763112 23.8574
0.0788336 -0.0238626 -0.996601 -88.3733 -0.119275 0.992306 -0.0331947 0.44217 0.989726 0.121487 0.0753807 23.9457
0.0797459 -0.0266284 -0.996459 -89.526 -0.118222 0.992335 -0.0359794 0.387921 0.989779 0.120673 0.0759865 24.0365
0.0790606 -0.0284845 -0.996462 -90.6583 -0.11632 0.9925 -0.0376002 0.329756 0.99006 0.118882 0.0751541 24.1244
0.0789499 -0.0280845 -0.996482 -91.7899 -0.113452 0.992855 -0.0369709 0.275387 0.990401 0.115972 0.0751995 24.2107
0.0779353 -0.0263463 -0.99661 -92.9315 -0.11072 0.993238 -0.0349155 0.232261 0.990791 0.113066 0.0744911 24.3025
0.0779196 -0.0258583 -0.996624 -94.0293 -0.108976 0.993452 -0.0342961 0.209841 0.990985 0.11128 0.0745913 24.3755
0.0771329 -0.0263528 -0.996672 -95.1604 -0.109441 0.993386 -0.0347356 0.183063 0.990996 0.111756 0.0737385 24.4574
0.0768749 -0.0265361 -0.996687 -96.2744 -0.111945 0.993095 -0.0350749 0.15501 0.990736 0.114271 0.0733734 24.5203
0.0771868 -0.0289103 -0.996597 -97.4602 -0.113759 0.992796 -0.0376107 0.11509 0.990505 0.116275 0.0733418 24.6028
0.0770708 -0.0348499 -0.996416 -98.6417 -0.114979 0.99241 -0.0436032 0.065098 0.990373 0.117928 0.0724787 24.6824
0.0779274 -0.0376691 -0.996246 -99.8073 -0.117129 0.992019 -0.0466711 0.0125981 0.990054 0.120326 0.0728932 24.7521
0.0783622 -0.041056 -0.996078 -100.95 -0.118155 0.991727 -0.050172 -0.042426 0.989898 0.121624 0.0728627 24.8165
0.0781247 -0.041875 -0.996063 -102.109 -0.116415 0.991899 -0.0508307 -0.108138 0.990123 0.119928 0.0726168 24.8945
0.0771614 -0.0412423 -0.996165 -103.273 -0.11491 0.992118 -0.0499755 -0.163899 0.990374 0.118325 0.0718139 24.9791
0.0762788 -0.0415286 -0.996221 -104.451 -0.112626 0.992379 -0.049992 -0.215488 0.990705 0.116013 0.0710202 25.0684
0.0751152 -0.0442338 -0.996193 -105.592 -0.114835 0.991985 -0.0527058 -0.264257 0.99054 0.118357 0.0694335 25.143
0.0738216 -0.0448386 -0.996262 -106.761 -0.117931 0.991587 -0.0533667 -0.317803 0.990273 0.12143 0.0679125 25.2222
0.0730565 -0.0476693 -0.996187 -107.91 -0.120288 0.991144 -0.0562494 -0.380882 0.990047 0.123938 0.0666753 25.2912
0.0719851 -0.0532578 -0.995982 -109.084 -0.120486 0.990796 -0.0616887 -0.443846 0.990101 0.124443 0.0649057 25.3667
0.0701986 -0.0586997 -0.995804 -110.263 -0.119221 0.990618 -0.0667985 -0.517195 0.990382 0.12341 0.0625416 25.4331
0.0686994 -0.0610847 -0.995765 -111.45 -0.114923 0.990994 -0.0687208 -0.596742 0.990995 0.119158 0.0610605 25.4989
0.0674499 -0.0634001 -0.995706 -112.646 -0.108821 0.991558 -0.0705076 -0.688153 0.99177 0.11311 0.059981 25.5698
0.0662186 -0.0620009 -0.995876 -113.842 -0.108364 0.991717 -0.0689475 -0.777749 0.991903 0.112483 0.0589513 25.6392
0.0639263 -0.0585386 -0.996236 -115.039 -0.108175 0.991989 -0.0652304 -0.862842 0.992074 0.111938 0.0570817 25.7062
0.0624755 -0.0591371 -0.996292 -116.226 -0.106206 0.992181 -0.065553 -0.948108 0.992379 0.109908 0.0557062 25.7603
0.0617158 -0.0637955 -0.996052 -117.413 -0.106851 0.991798 -0.0701436 -1.03943 0.992357 0.110758 0.0543928 25.8125
0.059681 -0.0675051 -0.995932 -118.638 -0.107067 0.991522 -0.0736222 -1.14143 0.992458 0.111025 0.0519474 25.8756
0.0579683 -0.0691286 -0.995921 -119.885 -0.106157 0.991517 -0.0750018 -1.25031 0.992658 0.110072 0.0501379 25.9359
0.0574587 -0.0678874 -0.996036 -121.123 -0.10895 0.9913 -0.0738496 -1.35728 0.992384 0.112762 0.0495623 25.9854
0.0566224 -0.0633801 -0.996381 -122.343 -0.114313 0.991008 -0.0695344 -1.4606 0.991829 0.117836 0.048868 26.0261
0.0568276 -0.0600456 -0.996576 -123.584 -0.12019 0.990519 -0.0665342 -1.56236 0.991122 0.123559 0.0490718 26.0673
0.0567232 -0.0595776 -0.99661 -124.853 -0.127278 0.989641 -0.0664052 -1.6667 0.990243 0.130613 0.0485525 26.1114
0.0568109 -0.0614409 -0.996492 -126.123 -0.129997 0.989152 -0.0683996 -1.77414 0.989885 0.133427 0.0482074 26.1591
0.055902 -0.0627934 -0.996459 -127.363 -0.132919 0.988669 -0.0697593 -1.88084 0.989549 0.136348 0.0469221 26.2026
0.054251 -0.0638611 -0.996482 -128.619 -0.133029 0.988594 -0.070598 -1.98387 0.989626 0.136391 0.0451367 26.2632
0.0517812 -0.0671683 -0.996396 -129.874 -0.128187 0.989035 -0.0733338 -2.0661 0.990397 0.131523 0.0426032 26.3271
0.0506363 -0.0688047 -0.996344 -131.121 -0.12741 0.989027 -0.0747747 -2.13813 0.990556 0.13073 0.0413141 26.3515
0.0500029 -0.0668138 -0.996511 -132.363 -0.125242 0.989464 -0.0726257 -2.21168 0.990865 0.128436 0.0411081 26.385
0.0494297 -0.0655431 -0.996624 -133.634 -0.122053 0.989969 -0.071159 -2.2909 0.991291 0.125158 0.040934 26.4206
0.0489471 -0.0692647 -0.996396 -134.89 -0.122221 0.98968 -0.0748018 -2.37827 0.991295 0.125442 0.0399763 26.4604
0.0488935 -0.0727332 -0.996152 -136.13 -0.120326 0.989652 -0.0781646 -2.47287 0.991529 0.123685 0.0396358 26.4952
0.0491951 -0.0752058 -0.995953 -137.383 -0.117595 0.989789 -0.080549 -2.57482 0.991842 0.121082 0.0398489 26.5354
0.0493929 -0.0771564 -0.995794 -138.633 -0.118393 0.98953 -0.0825436 -2.68172 0.991737 0.121972 0.0397408 26.5771
0.0501169 -0.0761912 -0.995832 -139.879 -0.118207 0.989625 -0.0816652 -2.78546 0.991723 0.121807 0.0405905 26.5998
0.0513402 -0.0741477 -0.995924 -141.114 -0.118681 0.98972 -0.0798039 -2.88752 0.991604 0.122295 0.0420124 26.62
0.0527168 -0.0740834 -0.995857 -142.317 -0.119492 0.989611 -0.0799442 -2.99075 0.991434 0.123212 0.0433166 26.6314
0.0536208 -0.0773625 -0.995559 -143.537 -0.121461 0.989086 -0.0834014 -3.10058 0.991146 0.125394 0.0436389 26.6564
0.053925 -0.0805866 -0.995287 -144.764 -0.121005 0.988865 -0.0866228 -3.21513 0.991185 0.125106 0.0435731 26.6799
0.0544479 -0.0825821 -0.995095 -145.985 -0.119056 0.988928 -0.0885846 -3.33317 0.991393 0.123296 0.044013 26.7064
0.0539422 -0.0844971 -0.994962 -147.201 -0.116066 0.989128 -0.0902943 -3.45251 0.991775 0.120352 0.0435484 26.7304
0.0535464 -0.0843298 -0.994998 -148.419 -0.113871 0.989412 -0.0899844 -3.5721 0.992051 0.11812 0.0433767 26.7578
0.0530491 -0.0863921 -0.994847 -149.646 -0.111874 0.989464 -0.0918902 -3.69722 0.992305 0.116172 0.042825 26.7891
0.0529531 -0.0872421 -0.994778 -150.868 -0.111587 0.98942 -0.0927121 -3.82232 0.992342 0.115914 0.0426576 26.8116
0.0525971 -0.0857996 -0.994922 -152.074 -0.108825 0.989876 -0.0911176 -3.94262 0.992668 0.113065 0.0427273 26.8263
0.0524313 -0.0851454 -0.994987 -153.291 -0.106689 0.990178 -0.090356 -4.06715 0.992908 0.110892 0.0428322 26.8494
0.0529007 -0.087175 -0.994787 -154.508 -0.104061 0.990277 -0.0923136 -4.19441 0.993162 0.108402 0.0433148 26.8737
0.051905 -0.0873342 -0.994825 -155.724 -0.104033 0.990276 -0.0923628 -4.32178 0.993218 0.108289 0.0423145 26.8969
0.0514418 -0.0832769 -0.995197 -156.932 -0.104563 0.990591 -0.0882964 -4.44465 0.993186 0.108603 0.0422499 26.9179
0.0525295 -0.0768208 -0.99566 -158.156 -0.109616 0.990568 -0.0822111 -4.56549 0.992584 0.113458 0.0436132 26.9488
0.0537347 -0.0771366 -0.995571 -159.364 -0.113088 0.990127 -0.0828186 -4.68587 0.99213 0.117038 0.0444808 26.9704
0.0554053 -0.0811154 -0.995163 -160.568 -0.116649 0.989343 -0.0871355 -4.8119 0.991626 0.120913 0.0453528 26.9911
0.0573633 -0.0857393 -0.994664 -161.767 -0.120298 0.988452 -0.0921415 -4.94346 0.991078 0.124942 0.0463865 27.0113
0.058566 -0.0870364 -0.994482 -162.976 -0.122677 0.988014 -0.0936949 -5.08062 0.990716 0.127488 0.0471865 27.0394
0.0598714 -0.0906399 -0.994082 -164.136 -0.117868 0.98826 -0.097208 -5.21609 0.991222 0.122991 0.0484848 27.0523
0.0595864 -0.093633 -0.993822 -165.374 -0.115747 0.988227 -0.100046 -5.3766 0.991489 0.120993 0.0480471 27.1023
0.0588657 -0.09609 -0.99363 -166.571 -0.111156 0.988535 -0.102183 -5.53322 0.992057 0.116463 0.0475098 27.1321
0.0578314 -0.0919014 -0.994087 -167.782 -0.109591 0.989151 -0.0978206 -5.68559 0.992292 0.1146 0.0471323 27.17
0.057456 -0.0845407 -0.994762 -169.036 -0.110324 0.989767 -0.0904885 -5.83842 0.992233 0.114945 0.0475411 27.241
0.058238 -0.0807001 -0.995035 -170.258 -0.112662 0.989828 -0.0868718 -5.97852 0.991925 0.117162 0.0485536 27.2914
0.059912 -0.0830785 -0.99474 -171.467 -0.114646 0.989363 -0.0895345 -6.11834 0.991597 0.119407 0.04975 27.3329
0.0608724 -0.0816735 -0.994798 -172.697 -0.117635 0.989114 -0.088405 -6.25922 0.991189 0.122405 0.0506019 27.3857
0.0616057 -0.0803461 -0.994861 -173.909 -0.114754 0.989574 -0.0870252 -6.39356 0.991481 0.119525 0.0517433 27.4342
0.0616194 -0.0820157 -0.994724 -175.128 -0.114328 0.989478 -0.0886654 -6.52787 0.99153 0.119188 0.0515942 27.5014
0.0629582 -0.0835395 -0.994513 -176.294 -0.113219 0.989459 -0.0902824 -6.65296 0.991573 0.118282 0.0528362 27.5655
0.0639664 -0.0826023 -0.994527 -177.451 -0.113044 0.989554 -0.0894601 -6.76221 0.991528 0.118147 0.0539605 27.614
0.0660237 -0.0830402 -0.994356 -178.563 -0.112926 0.989506 -0.0901334 -6.85156 0.991407 0.11824 0.0559534 27.661
0.0674005 -0.0837737 -0.994202 -179.653 -0.113244 0.989386 -0.0910452 -6.94274 0.991278 0.118724 0.0571982 27.6992
0.0687835 -0.0847321 -0.994026 -180.718 -0.112854 0.98933 -0.0921409 -7.03806 0.991227 0.118518 0.0584872 27.7344
0.0697731 -0.0851152 -0.993925 -181.76 -0.112522 0.989323 -0.0926202 -7.13521 0.991196 0.118301 0.0594506 27.7634
0.0722189 -0.0869492 -0.993591 -182.78 -0.112626 0.98911 -0.0947433 -7.23637 0.991009 0.118746 0.0616397 27.791
0.0753165 -0.0881406 -0.993256 -183.763 -0.112468 0.988979 -0.0962893 -7.33986 0.990796 0.118962 0.0645733 27.8187
0.0771891 -0.0877737 -0.993145 -184.75 -0.111226 0.989141 -0.0960646 -7.45411 0.990792 0.117878 0.0665882 27.8713
0.0771312 -0.0895095 -0.992995 -185.72 -0.110165 0.989098 -0.0977155 -7.56624 0.990915 0.11693 0.0664295 27.9204
0.0739223 -0.0931942 -0.9929 -186.691 -0.107746 0.989049 -0.100855 -7.68433 0.991426 0.114437 0.0630714 27.9757
0.0691954 -0.0963876 -0.992935 -187.653 -0.10917 0.988612 -0.103576 -7.80259 0.991611 0.115566 0.0578847 28.025
0.0641614 -0.0991228 -0.993004 -188.596 -0.110656 0.988212 -0.105794 -7.92701 0.991785 0.11667 0.0524364 28.0677
0.0596767 -0.0993387 -0.993262 -189.561 -0.111935 0.988094 -0.105547 -8.06123 0.991921 0.117479 0.0478467 28.1167
0.0567357 -0.0977051 -0.993597 -190.496 -0.114151 0.988039 -0.103677 -8.20057 0.991841 0.119302 0.0449038 28.1527
0.0542251 -0.0950001 -0.993999 -191.426 -0.113478 0.988428 -0.100658 -8.33628 0.992059 0.118255 0.0428171 28.1853
0.0517914 -0.0926744 -0.994348 -192.337 -0.111224 0.988955 -0.0979649 -8.46553 0.992444 0.115669 0.0409117 28.2182
0.0496375 -0.0913409 -0.994582 -193.255 -0.109898 0.989263 -0.0963373 -8.59469 0.992702 0.114084 0.0390663 28.2524
0.0479544 -0.0916327 -0.994637 -194.161 -0.110188 0.98922 -0.0964462 -8.71666 0.992753 0.114222 0.0373406 28.281
0.0469529 -0.0917524 -0.994674 -195.047 -0.112204 0.988986 -0.0965243 -8.83666 0.992575 0.116138 0.0361407 28.3059
0.0472176 -0.0912888 -0.994704 -195.941 -0.115887 0.98859 -0.0962288 -8.95157 0.992139 0.119817 0.0360996 28.3244
0.0480679 -0.091787 -0.994618 -196.866 -0.118334 0.988233 -0.0969167 -9.07111 0.991809 0.122356 0.0366407 28.3473
0.0485603 -0.0933512 -0.994448 -197.753 -0.117976 0.988117 -0.0985179 -9.189 0.991828 0.122105 0.03697 28.3648
0.0497982 -0.0952302 -0.994209 -198.633 -0.118365 0.987866 -0.100551 -9.30819 0.99172 0.122687 0.0379219 28.3782
0.0503969 -0.0940809 -0.994288 -199.575 -0.118059 0.988012 -0.0994711 -9.4441 0.991726 0.122397 0.0386856 28.4095
0.0503717 -0.0903946 -0.994631 -200.492 -0.115157 0.988727 -0.0956901 -9.57014 0.992069 0.119359 0.0393942 28.439
0.0502373 -0.0877973 -0.99487 -201.421 -0.114262 0.989083 -0.0930564 -9.69938 0.992179 0.11835 0.0396569 28.4686
0.0510288 -0.089539 -0.994675 -202.371 -0.109123 0.98951 -0.0946723 -9.83416 0.992717 0.113373 0.0407226 28.4994
0.0528306 -0.0912056 -0.994429 -203.249 -0.108444 0.989407 -0.0965063 -9.95581 0.992697 0.112938 0.0423802 28.5142
0.0546478 -0.08802 -0.994618 -204.182 -0.111777 0.989307 -0.0936914 -10.0833 0.992229 0.116296 0.0442247 28.5289
0.0572958 -0.0825835 -0.994935 -205.136 -0.113245 0.989603 -0.0886625 -10.2008 0.991913 0.117751 0.0473479 28.5511
0.0597954 -0.0811007 -0.99491 -206.102 -0.110131 0.990073 -0.0873255 -10.3258 0.992116 0.114792 0.0502701 28.5808
0.0635321 -0.0780868 -0.99492 -207.052 -0.108548 0.990479 -0.0846697 -10.4459 0.992058 0.113376 0.054451 28.6141
0.0658611 -0.0712515 -0.995281 -208.012 -0.109227 0.990938 -0.0781685 -10.5642 0.991832 0.11386 0.0574816 28.6538
0.068442 -0.0654775 -0.995504 -208.988 -0.106426 0.991671 -0.0725423 -10.6781 0.991961 0.110913 0.0609033 28.6815
0.0701421 -0.0632925 -0.995527 -209.953 -0.104949 0.991978 -0.0704613 -10.7844 0.992 0.109421 0.0629369 28.7092
0.0721759 -0.0600405 -0.995583 -210.962 -0.108193 0.991825 -0.0676575 -10.895 0.991505 0.112599 0.0650898 28.768
0.0751459 -0.0566508 -0.995562 -211.97 -0.110654 0.991745 -0.0647859 -10.9989 0.991013 0.115032 0.0682568 28.8205
0.0785753 -0.0549528 -0.995392 -212.961 -0.110824 0.991809 -0.0635034 -11.0985 0.990728 0.115303 0.0718415 28.8695
0.0812857 -0.0555723 -0.99514 -213.988 -0.112617 0.991538 -0.0645701 -11.202 0.990307 0.117319 0.0743393 28.9427
0.0841636 -0.0571365 -0.994812 -215.014 -0.112217 0.99146 -0.0664379 -11.306 0.990112 0.117227 0.077033 29.0187
0.0850931 -0.0568136 -0.994751 -216.038 -0.110268 0.991703 -0.0660721 -11.4069 0.990252 0.115312 0.0781222 29.0958
0.0862165 -0.0537403 -0.994825 -217.059 -0.110094 0.991914 -0.0631244 -11.5031 0.990174 0.114967 0.0796028 29.1712
0.0869653 -0.0495881 -0.994976 -218.102 -0.111461 0.992005 -0.0591823 -11.5923 0.989955 0.116048 0.0807427 29.2533
0.0878491 -0.0493797 -0.994909 -219.142 -0.110601 0.992111 -0.0590068 -11.6781 0.989974 0.115222 0.0816946 29.3274
0.088793 -0.0518722 -0.994698 -220.163 -0.105404 0.992546 -0.061169 -11.7596 0.990456 0.110276 0.0826635 29.3885
0.0890549 -0.0546741 -0.994525 -221.181 -0.099667 0.992991 -0.0635145 -11.8426 0.991027 0.104778 0.0829815 29.4477
0.0896186 -0.0555539 -0.994425 -222.193 -0.0978862 0.993118 -0.0643025 -11.9252 0.991153 0.103103 0.0835638 29.5023
0.0912207 -0.0556286 -0.994275 -223.205 -0.0969035 0.993204 -0.0644592 -12.0079 0.991104 0.102229 0.0852101 29.5589
0.0905597 -0.0554855 -0.994344 -224.24 -0.0967724 0.993231 -0.064237 -12.0901 0.991177 0.102042 0.0845772 29.6164
0.0901686 -0.0544364 -0.994437 -225.297 -0.098547 0.993117 -0.0632997 -12.1704 0.991038 0.103707 0.0841833 29.6798
0.0896514 -0.0520572 -0.994612 -226.369 -0.0988951 0.993232 -0.0608992 -12.249 0.99105 0.103822 0.0838964 29.7407
0.0887681 -0.0500489 -0.994794 -227.466 -0.0997728 0.993267 -0.0588752 -12.3311 0.991042 0.10448 0.0831768 29.8141
0.0878142 -0.0475828 -0.994999 -228.556 -0.102282 0.993148 -0.0565214 -12.4079 0.990871 0.106734 0.0823456 29.8807
0.0866674 -0.046341 -0.995159 -229.67 -0.104492 0.992985 -0.05534 -12.4858 0.990741 0.108782 0.081217 29.9519
0.0853937 -0.0469195 -0.995242 -230.785 -0.106762 0.992708 -0.0559606 -12.5641 0.99061 0.111033 0.0797618 30.0197
0.0839651 -0.0512251 -0.995151 -231.884 -0.105437 0.992615 -0.0599908 -12.646 0.990874 0.109963 0.0779439 30.0751
0.0824061 -0.0571001 -0.994961 -233.056 -0.102099 0.992621 -0.065422 -12.743 0.991354 0.106975 0.0759681 30.1643
0.0804924 -0.0612393 -0.994872 -234.193 -0.0969874 0.992893 -0.0689646 -12.8408 0.992024 0.102041 0.0739808 30.2281
0.0782347 -0.0610418 -0.995064 -235.367 -0.0905938 0.993559 -0.0680723 -12.9371 0.992809 0.0954723 0.0722007 30.2947
0.0770873 -0.0576143 -0.995358 -236.496 -0.0859893 0.994225 -0.0642084 -13.026 0.993308 0.0905399 0.0716878 30.3381
0.0758595 -0.0549253 -0.995604 -237.672 -0.0838491 0.994594 -0.0612585 -13.1201 0.993586 0.0881276 0.0708439 30.3919
0.0747471 -0.0556528 -0.995648 -238.846 -0.0805758 0.994839 -0.0616568 -13.2153 0.993941 0.0848339 0.0698771 30.4435
0.0741102 -0.0541653 -0.995778 -240.044 -0.0800892 0.994975 -0.0600823 -13.3084 0.994028 0.0842038 0.0693997 30.4851
0.0731657 -0.052401 -0.995942 -241.236 -0.0790763 0.99517 -0.0581697 -13.4008 0.994179 0.0830115 0.0686686 30.5364
0.0725604 -0.0523998 -0.995986 -242.421 -0.0768986 0.995352 -0.0579688 -13.4917 0.994394 0.0807962 0.0681936 30.5869
0.0716601 -0.0536103 -0.995987 -243.649 -0.0765664 0.995312 -0.0590829 -13.5807 0.994485 0.0804931 0.0672194 30.6444
0.0704707 -0.0538511 -0.996059 -244.881 -0.0761893 0.995334 -0.0592024 -13.6704 0.994599 0.0800611 0.066039 30.7075
0.0675611 -0.0527918 -0.996317 -246.117 -0.0768676 0.995355 -0.0579533 -13.7587 0.994749 0.0804999 0.0631892 30.7811
0.0647762 -0.0524747 -0.996519 -247.358 -0.0782889 0.995271 -0.0574981 -13.8425 0.994823 0.0817409 0.0603616 30.8553
0.062025 -0.0519202 -0.996723 -248.606 -0.0800715 0.995168 -0.0568221 -13.9254 0.994856 0.0833336 0.0575679 30.9268
0.0590685 -0.0505459 -0.996973 -249.86 -0.0823944 0.995062 -0.0553307 -14.0056 0.994847 0.0854133 0.0546121 30.9898
0.0568235 -0.0507544 -0.997093 -251.088 -0.0837526 0.994944 -0.0554181 -14.083 0.994864 0.0866582 0.0522853 31.0445
0.0556914 -0.0510837 -0.99714 -252.353 -0.0875642 0.994592 -0.0558438 -14.1635 0.9946 0.0904239 0.0509171 31.0996
0.0550112 -0.0520575 -0.997127 -253.611 -0.0888352 0.994424 -0.0568175 -14.243 0.994525 0.0917056 0.0500799 31.1587
0.0549846 -0.0550486 -0.996968 -254.87 -0.0861251 0.994496 -0.0596621 -14.3056 0.994765 0.0891445 0.0499409 31.2086
0.0549854 -0.0574089 -0.996835 -256.07 -0.0847637 0.994473 -0.0619485 -14.3802 0.994882 0.0879017 0.0498152 31.2337
0.0543556 -0.0586849 -0.996795 -257.306 -0.0841712 0.994449 -0.0631367 -14.465 0.994967 0.0873334 0.0491142 31.2777
0.0535593 -0.0590867 -0.996815 -258.535 -0.0850296 0.994352 -0.0635095 -14.5497 0.994937 0.0881603 0.0482326 31.3198
0.0532969 -0.0600068 -0.996774 -259.805 -0.0845572 0.994336 -0.0643814 -14.6411 0.994991 0.0877158 0.047921 31.3714
0.0536061 -0.0601286 -0.99675 -261.042 -0.083911 0.994383 -0.0644987 -14.7305 0.995029 0.0870958 0.0482595 31.4095
0.0541795 -0.0601572 -0.996717 -262.267 -0.0811106 0.99462 -0.0644397 -14.8223 0.99523 0.0843356 0.0490085 31.4434
0.0535674 -0.0589414 -0.996823 -263.522 -0.0769841 0.995041 -0.0629731 -14.9152 0.995591 0.0801129 0.0487642 31.4871
0.053027 -0.0569382 -0.996968 -264.767 -0.0738228 0.995418 -0.0607762 -15.0063 0.99586 0.0768218 0.0485806 31.5366
0.0520649 -0.0556048 -0.997094 -266.023 -0.0715954 0.995671 -0.059264 -15.0956 0.996073 0.074473 0.0478585 31.5967
0.0503829 -0.0579233 -0.997049 -267.265 -0.0713099 0.99556 -0.0614404 -15.1918 0.99618 0.0741951 0.0460287 31.6673
0.0485825 -0.0594155 -0.99705 -268.479 -0.0730456 0.995345 -0.0628731 -15.2846 0.996143 0.0758848 0.0440162 31.7251
0.0470752 -0.0570382 -0.997261 -269.711 -0.0775216 0.995149 -0.0605768 -15.3644 0.995877 0.080161 0.042425 31.7956
0.0451295 -0.0518631 -0.997634 -270.927 -0.0816782 0.995116 -0.0554271 -15.4422 0.995635 0.0839864 0.040673 31.8648
0.0432212 -0.0527548 -0.997671 -272.151 -0.0834974 0.99492 -0.0562267 -15.5151 0.995569 0.0857332 0.0385967 31.9278
0.0425315 -0.0600335 -0.99729 -273.37 -0.0834175 0.994494 -0.0634228 -15.596 0.995605 0.085889 0.0372894 31.9887
0.040354 -0.0666912 -0.996957 -274.584 -0.0800644 0.994346 -0.0697574 -15.6829 0.995971 0.0826358 0.0347862 32.045
0.0390551 -0.0691253 -0.996843 -275.813 -0.0755743 0.994543 -0.0719268 -15.7693 0.996374 0.0781449 0.0336178 32.0974
0.0395189 -0.0692765 -0.996814 -277.034 -0.0715339 0.994838 -0.0719752 -15.8551 0.996654 0.0741505 0.0343592 32.1433
0.0403164 -0.0687449 -0.996819 -278.255 -0.0711047 0.994904 -0.0714887 -15.932 0.996653 0.0737608 0.0352228 32.1838
0.0414165 -0.0677949 -0.996839 -279.47 -0.073974 0.994749 -0.0707263 -16.0109 0.996399 0.0766695 0.036184 32.2217
0.0428759 -0.0674921 -0.996798 -280.668 -0.0758383 0.994617 -0.0706066 -16.0915 0.996197 0.0786229 0.0375266 32.2434
0.0432419 -0.0675249 -0.99678 -281.904 -0.0767703 0.994539 -0.0707036 -16.1817 0.99611 0.0795806 0.0378218 32.2871
0.0441985 -0.0692297 -0.996621 -283.127 -0.0769729 0.994394 -0.0724887 -16.273 0.996052 0.0799168 0.0386219 32.3203
0.0452944 -0.0717234 -0.996395 -284.344 -0.0778989 0.994128 -0.0751014 -16.3704 0.995931 0.0810198 0.0394412 32.3461
0.0458084 -0.0735085 -0.996242 -285.559 -0.0778622 0.993992 -0.0769228 -16.4771 0.99591 0.0810934 0.0398096 32.3709
0.0467618 -0.0741917 -0.996147 -286.759 -0.0789738 0.993842 -0.0777274 -16.5859 0.995778 0.0823043 0.0406145 32.3885
0.0481145 -0.0744778 -0.996061 -287.966 -0.0794658 0.99377 -0.0781452 -16.7015 0.995675 0.0829128 0.0418962 32.4108
0.048985 -0.0736527 -0.99608 -289.185 -0.0815646 0.993651 -0.0774844 -16.8155 0.995463 0.0850405 0.0426665 32.4311
0.0516204 -0.0738834 -0.99593 -290.357 -0.0801943 0.993732 -0.077877 -16.9292 0.995441 0.083888 0.0453717 32.4243
0.0529778 -0.0746585 -0.995801 -291.593 -0.0804707 0.993639 -0.0787776 -17.054 0.995347 0.0843063 0.0466329 32.4408
0.0538138 -0.0763414 -0.995628 -292.82 -0.0807113 0.993478 -0.0805391 -17.1834 0.995283 0.0846925 0.0473012 32.468
0.0543276 -0.0781052 -0.995464 -294.025 -0.0824787 0.993178 -0.0824272 -17.3124 0.99511 0.0865827 0.0475149 32.5009
0.0551937 -0.0784713 -0.995387 -295.222 -0.0841093 0.992998 -0.0829469 -17.4426 0.994926 0.0882995 0.048207 32.5249
0.0554611 -0.0774388 -0.995453 -296.439 -0.0870831 0.992813 -0.0820853 -17.5732 0.994655 0.0912397 0.0483188 32.5588
0.0558996 -0.0755015 -0.995577 -297.651 -0.090454 0.992653 -0.0803586 -17.7009 0.99433 0.094546 0.0486594 32.596
0.0568161 -0.0740426 -0.995635 -298.863 -0.0940765 0.992412 -0.0791714 -17.8271 0.993941 0.098164 0.0494192 32.634
0.0562255 -0.0733503 -0.99572 -300.075 -0.0964091 0.992238 -0.0785379 -17.9525 0.993752 0.100412 0.0487173 32.6709
0.0555543 -0.0747417 -0.995654 -301.28 -0.0974568 0.992027 -0.0799072 -18.0798 0.993687 0.101472 0.0478272 32.701
0.0545004 -0.0759138 -0.995624 -302.567 -0.0950878 0.992179 -0.0808564 -18.2238 0.993975 0.0990784 0.0468557 32.7636
0.0533066 -0.0757295 -0.995702 -303.834 -0.0927879 0.99243 -0.0804483 -18.3634 0.994257 0.0966776 0.0458762 32.8121
0.0525213 -0.0733791 -0.99592 -305.072 -0.0913948 0.992758 -0.0779661 -18.4919 0.994428 0.0951168 0.0454344 32.843
0.0520516 -0.0718283 -0.996058 -306.321 -0.0895197 0.993059 -0.0762902 -18.6189 0.994623 0.0931378 0.0452602 32.8742
0.052485 -0.0716679 -0.996047 -307.613 -0.0900475 0.993018 -0.0761949 -18.7535 0.994553 0.0936906 0.045665 32.9119
0.0537688 -0.0723335 -0.99593 -308.843 -0.0906482 0.992901 -0.0770076 -18.8777 0.994429 0.0944199 0.0468301 32.9297
0.0555237 -0.0718809 -0.995867 -310.023 -0.090339 0.992952 -0.0767074 -18.9937 0.994361 0.0942247 0.0486387 32.94
0.05682 -0.0720293 -0.995783 -311.25 -0.0879259 0.993157 -0.0768567 -19.1151 0.994504 0.0919221 0.0500979 32.9759
0.0576597 -0.071141 -0.995798 -312.494 -0.0845296 0.993528 -0.0758734 -19.234 0.99475 0.0885492 0.0512729 33.0162
