1 0 0 0 0 1 0 0 0 0 1 0
0.999912 -0.00414232 0.0125944 -0.0830196 0.00414366 0.999991 -8.0148e-05 0.0181348 -0.012594 0.000132328 0.999921 0.282897
0.999731 -0.00724874 0.0220348 -0.150414 0.00728242 0.999972 -0.00144867 0.0324682 -0.0220237 0.00160874 0.999756 0.561987
0.999594 -0.00985095 0.0267405 -0.193546 0.00995573 0.999943 -0.00378797 0.0438944 -0.0267017 0.00405266 0.999635 0.842638
0.999599 -0.0117234 0.0257659 -0.236066 0.0118919 0.999909 -0.00639805 0.05336 -0.0256885 0.0067019 0.999647 1.12898
0.999694 -0.0135113 0.020726 -0.277782 0.0136795 0.999875 -0.00799507 0.0615788 -0.0206154 0.00827615 0.999753 1.41936
0.999844 -0.0146142 0.00986912 -0.322303 0.0147162 0.999838 -0.0103481 0.0698623 -0.00971629 0.0104917 0.999898 1.71328
0.999888 -0.0140629 -0.00509813 -0.371408 0.0139991 0.999826 -0.0123396 0.0773677 0.00527078 0.0122669 0.999911 2.00613
0.999654 -0.0101332 -0.0242417 -0.424164 0.00982265 0.999869 -0.0128955 0.0839282 0.0243692 0.0126529 0.999623 2.31133
0.999041 -0.00637613 -0.0433163 -0.481649 0.0057315 0.999871 -0.0149897 0.0903629 0.0434063 0.0147271 0.998949 2.63322
0.998065 -0.00686526 -0.0617874 -0.545279 0.00579984 0.999832 -0.0174061 0.0958962 0.0618965 0.0170141 0.997937 2.95441
0.996647 -0.00763182 -0.0814643 -0.616237 0.00622751 0.999828 -0.0174786 0.101567 0.0815837 0.0169126 0.996523 3.30868
0.995055 -0.00803093 -0.0990019 -0.691204 0.00623308 0.99981 -0.0184556 0.107163 0.0991313 0.0177473 0.994916 3.65545
0.993271 -0.00683355 -0.115608 -0.771877 0.0045251 0.999785 -0.0202185 0.112016 0.115721 0.0195593 0.993089 4.00457
0.991377 -0.00570449 -0.130912 -0.849191 0.00296889 0.999773 -0.021082 0.117295 0.131003 0.0205116 0.99117 4.41433
0.989541 -0.00446009 -0.144184 -0.931268 0.00110185 0.999726 -0.0233628 0.121607 0.144249 0.0229596 0.989275 4.8191
0.987688 -0.00558117 -0.156336 -1.01126 0.0016116 0.999673 -0.0255065 0.123716 0.156427 0.0249405 0.987374 5.24522
0.986039 -0.00999221 -0.166213 -1.0945 0.00533407 0.999581 -0.0284478 0.123706 0.166428 0.0271641 0.985679 5.67775
0.984638 -0.00839928 -0.174403 -1.17607 0.00288375 0.999488 -0.0318545 0.121597 0.174582 0.0308622 0.984159 6.12719
0.982956 -0.00876627 -0.18363 -1.2499 0.00238827 0.999387 -0.0349253 0.120034 0.183823 0.0338915 0.982375 6.60838
0.981437 -0.00928793 -0.191557 -1.34226 0.00186093 0.999241 -0.0389152 0.113231 0.191773 0.0378364 0.980709 7.08814
0.980172 -0.00919777 -0.197932 -1.43784 0.000957458 0.99913 -0.0416876 0.105173 0.198143 0.0406715 0.979329 7.56717
0.978483 -0.0164331 -0.205669 -1.53149 0.00750684 0.998999 -0.0441064 0.0945389 0.206188 0.0416134 0.977627 8.06355
0.976181 -0.0207938 -0.215959 -1.62621 0.0111633 0.998892 -0.0457188 0.0851659 0.21667 0.042219 0.975331 8.56808
0.973966 -0.0158068 -0.226139 -1.73897 0.00443483 0.998704 -0.0507076 0.0697636 0.226647 0.0483846 0.972774 9.09315
0.971507 -0.0146029 -0.236558 -1.8564 0.00183428 0.998533 -0.0541072 0.0516499 0.237001 0.0521316 0.970109 9.61746
0.969221 -0.0203003 -0.245354 -1.9795 0.00667373 0.998395 -0.0562429 0.0313286 0.246102 0.0528744 0.967801 10.1425
0.966897 -0.0200437 -0.254379 -2.11296 0.00511383 0.998232 -0.0592178 0.00942068 0.255116 0.0559567 0.96529 10.6679
0.964579 -0.0204712 -0.262996 -2.27027 0.00418634 0.998047 -0.0623324 -0.0200289 0.263758 0.0590235 0.962781 11.2453
0.962426 -0.0200416 -0.270804 -2.43537 0.00208121 0.997788 -0.0664476 -0.0496201 0.271536 0.0633872 0.960338 11.8045
0.960236 -0.0213122 -0.278373 -2.61057 0.00142138 0.997442 -0.071461 -0.0849022 0.279184 0.0682238 0.957811 12.3837
0.958416 -0.0214438 -0.284567 -2.78963 -0.00149845 0.996781 -0.0801601 -0.125774 0.28537 0.0772531 0.955299 12.9616
0.95712 -0.0222401 -0.288837 -2.9748 -0.00346832 0.996097 -0.0881913 -0.170427 0.289671 0.0854114 0.953308 13.5569
0.955629 -0.0248713 -0.29352 -3.16134 -0.00380295 0.995305 -0.0967181 -0.221559 0.294547 0.0935428 0.951047 14.1682
0.954013 -0.0236223 -0.298833 -3.35629 -0.00856953 0.994334 -0.105958 -0.279821 0.299643 0.103647 0.948405 14.8034
0.952307 -0.0221866 -0.304334 -3.55707 -0.0133787 0.993358 -0.114282 -0.349911 0.304848 0.112903 0.945685 15.4512
0.950141 -0.0217666 -0.311059 -3.7608 -0.0166368 0.992601 -0.120276 -0.422831 0.311375 0.119454 0.942749 16.1093
0.94755 -0.0210628 -0.318912 -3.97082 -0.0207196 0.991679 -0.127058 -0.500651 0.318935 0.127002 0.939229 16.7646
0.945125 -0.0195907 -0.326122 -4.19284 -0.0251748 0.990866 -0.132481 -0.582655 0.325738 0.133422 0.935998 17.4371
0.942993 -0.0198648 -0.332217 -4.43387 -0.026939 0.990386 -0.135685 -0.65928 0.331719 0.1369 0.933392 18.1097
0.941152 -0.0205431 -0.337359 -4.67818 -0.0280378 0.989965 -0.138502 -0.737847 0.336819 0.13981 0.931131 18.781
0.938682 -0.0195112 -0.344231 -4.9285 -0.0305954 0.989745 -0.13953 -0.818185 0.343424 0.141506 0.928459 19.4493
0.936144 -0.0192896 -0.351086 -5.19676 -0.0320524 0.989655 -0.139839 -0.901189 0.350152 0.142163 0.925842 20.133
0.933605 -0.0189611 -0.357803 -5.47795 -0.0335676 0.989578 -0.140028 -0.987421 0.356729 0.142741 0.923238 20.8308
0.930562 -0.018902 -0.365646 -5.7828 -0.034204 0.989811 -0.138217 -1.07424 0.364533 0.141126 0.920434 21.5373
0.927351 -0.0165325 -0.373828 -6.09287 -0.0366124 0.990221 -0.134616 -1.15843 0.372398 0.138523 0.917677 22.2427
0.924017 -0.0145358 -0.382074 -6.41423 -0.0386678 0.990601 -0.131202 -1.24645 0.38039 0.136007 0.914771 22.9556
0.92041 -0.0104754 -0.390813 -6.7419 -0.0434414 0.99071 -0.128865 -1.33873 0.388532 0.135586 0.911405 23.6704
0.916876 -0.010012 -0.399046 -7.0823 -0.0448908 0.990757 -0.128002 -1.43085 0.39664 0.135276 0.907952 24.4001
0.913057 -0.00873023 -0.407739 -7.43074 -0.0483217 0.990413 -0.129414 -1.52484 0.40496 0.137865 0.903881 25.1285
0.909895 -0.00830864 -0.414755 -7.78627 -0.0496458 0.990433 -0.128755 -1.6187 0.411856 0.137744 0.900778 25.8564
0.906551 -0.00840892 -0.422013 -8.14749 -0.0511208 0.990255 -0.129547 -1.71383 0.418989 0.139015 0.897286 26.5814
0.903045 -0.0104515 -0.429419 -8.52139 -0.0493715 0.990553 -0.127934 -1.81056 0.4267 0.136731 0.893997 27.3195
0.899752 -0.00931433 -0.436301 -8.90559 -0.0501845 0.990931 -0.124647 -1.90542 0.433505 0.134047 0.891125 28.0613
0.896659 -0.00820611 -0.442646 -9.29774 -0.0501746 0.991503 -0.120019 -1.99764 0.439869 0.129826 0.888628 28.8047
0.893222 -0.00905388 -0.449525 -9.72742 -0.0489075 0.991908 -0.117159 -2.09381 0.446948 0.126634 0.885551 29.5901
0.890063 -0.0112655 -0.455698 -10.1545 -0.0466319 0.992199 -0.115609 -2.18824 0.453446 0.12415 0.882595 30.3688
0.887457 -0.0122895 -0.460726 -10.5886 -0.0457921 0.992347 -0.114675 -2.28348 0.458609 0.122867 0.880103 31.1529
0.88503 -0.0127181 -0.465361 -11.0259 -0.0456246 0.992445 -0.113893 -2.37854 0.463293 0.12203 0.877763 31.9453
0.882303 -0.0154955 -0.470427 -11.4767 -0.0426839 0.992706 -0.112754 -2.47796 0.468742 0.119563 0.875206 32.7702
0.879307 -0.0189734 -0.475878 -11.941 -0.0400247 0.992727 -0.113536 -2.57794 0.474571 0.11888 0.872152 33.6269
0.875832 -0.0225749 -0.482088 -12.4146 -0.0370107 0.992822 -0.11373 -2.6853 0.481195 0.117451 0.86871 34.5172
0.872338 -0.0258445 -0.488219 -12.8998 -0.0344159 0.992878 -0.114053 -2.78723 0.48769 0.116295 0.865236 35.4468
0.870248 -0.0266153 -0.491894 -13.38 -0.0350352 0.992667 -0.115695 -2.88928 0.491366 0.117917 0.862934 36.3678
0.868943 -0.0278077 -0.49413 -13.8605 -0.0338025 0.992754 -0.115311 -2.99073 0.493756 0.116902 0.861707 37.2855
0.866866 -0.0287214 -0.497712 -14.3501 -0.0342017 0.992561 -0.116847 -3.09755 0.497365 0.118313 0.859435 38.1975
0.865122 -0.0316497 -0.500562 -14.8447 -0.0327268 0.992318 -0.119305 -3.20796 0.500492 0.119595 0.857441 39.0962
0.862783 -0.0386049 -0.504097 -15.3573 -0.025342 0.992525 -0.119384 -3.31352 0.504938 0.115777 0.855356 40.0009
0.861118 -0.0428267 -0.506597 -15.8742 -0.0199176 0.992839 -0.117789 -3.41229 0.508014 0.11152 0.854099 40.9047
0.858162 -0.0450287 -0.5114 -16.3956 -0.0176321 0.992973 -0.117019 -3.51068 0.513075 0.109438 0.851338 41.804
0.854596 -0.0477334 -0.517095 -16.9233 -0.0140383 0.993279 -0.114891 -3.60723 0.519104 0.105445 0.848182 42.7004
0.849912 -0.048585 -0.52468 -17.4604 -0.0143256 0.993242 -0.115179 -3.7062 0.52673 0.105408 0.843472 43.5946
0.843931 -0.0556005 -0.533563 -18.0088 -0.0102942 0.992753 -0.119733 -3.81117 0.536353 0.106539 0.837242 44.4843
0.83684 -0.058815 -0.544278 -18.5712 -0.0111936 0.992166 -0.124425 -3.92229 0.547332 0.110216 0.829626 45.3707
0.830082 -0.0599017 -0.554415 -19.1389 -0.0127405 0.991917 -0.126247 -4.03941 0.557496 0.111859 0.822609 46.2361
0.824139 -0.056469 -0.563565 -19.7158 -0.0161573 0.992269 -0.123053 -4.15355 0.566157 0.110518 0.816855 47.0962
0.818133 -0.053184 -0.572564 -20.3206 -0.0196199 0.992552 -0.12023 -4.2675 0.574694 0.109598 0.810996 47.9749
0.813284 -0.0543908 -0.579319 -20.9184 -0.0220125 0.992033 -0.124042 -4.38719 0.58145 0.113634 0.805607 48.8329
0.808825 -0.0589286 -0.585089 -21.5267 -0.0216824 0.991301 -0.129815 -4.51505 0.587649 0.117684 0.800511 49.6915
0.804237 -0.0605419 -0.591216 -22.1703 -0.0263103 0.990196 -0.137188 -4.65798 0.593725 0.125887 0.794759 50.5968
0.800655 -0.0625114 -0.595855 -22.7831 -0.0270244 0.989762 -0.140149 -4.79938 0.598516 0.128314 0.790768 51.4161
0.795975 -0.0640682 -0.601928 -23.3973 -0.0240665 0.990247 -0.137225 -4.9408 0.60485 0.123714 0.786671 52.236
0.791748 -0.0607866 -0.607815 -24.0241 -0.0260142 0.990778 -0.132973 -5.07575 0.610293 0.121093 0.782866 53.0433
0.787788 -0.0593205 -0.613083 -24.6689 -0.0271325 0.991043 -0.130755 -5.21678 0.615348 0.119642 0.779123 53.8749
0.784065 -0.0595078 -0.617819 -25.314 -0.0287618 0.990841 -0.131938 -5.35745 0.620012 0.121218 0.775172 54.7023
0.779871 -0.0599053 -0.623067 -25.9675 -0.0308922 0.990513 -0.133901 -5.50394 0.625177 0.123673 0.770622 55.5366
0.774984 -0.0611901 -0.62901 -26.6275 -0.0324701 0.990132 -0.136325 -5.6529 0.631145 0.126074 0.76535 56.3606
0.769447 -0.0638756 -0.635508 -27.3 -0.0315714 0.989967 -0.137728 -5.80661 0.63793 0.126038 0.75971 57.1845
0.763506 -0.0633426 -0.642686 -27.986 -0.0334546 0.989963 -0.137314 -5.95902 0.644933 0.126341 0.753724 58.0013
0.757636 -0.0637226 -0.649558 -28.6853 -0.0341992 0.989979 -0.137008 -6.11434 0.65178 0.126017 0.747866 58.8274
0.750785 -0.0654602 -0.657294 -29.397 -0.0348795 0.989761 -0.138411 -6.27145 0.659624 0.126843 0.740815 59.6441
0.744021 -0.0674168 -0.664745 -30.1146 -0.0350161 0.989595 -0.139554 -6.43145 0.667237 0.127108 0.73392 60.4633
0.736777 -0.0681109 -0.672696 -30.8333 -0.036955 0.98937 -0.14065 -6.59366 0.675125 0.128487 0.726427 61.2614
0.730837 -0.0670367 -0.679252 -31.5638 -0.0419888 0.988865 -0.142771 -6.7641 0.681259 0.132863 0.719884 62.0441
0.724852 -0.0686856 -0.685471 -32.3009 -0.0418433 0.988791 -0.143326 -6.93501 0.687632 0.132573 0.713853 62.8217
0.718342 -0.0695871 -0.6922 -33.0532 -0.0422714 0.98878 -0.14327 -7.10531 0.694404 0.132178 0.707342 63.5982
0.711892 -0.0693715 -0.698853 -33.8185 -0.042395 0.98905 -0.141364 -7.27309 0.701008 0.130264 0.701156 64.3713
0.704794 -0.0708903 -0.70586 -34.5918 -0.041136 0.989237 -0.140424 -7.4401 0.708218 0.128006 0.694292 65.1369
0.697244 -0.0737773 -0.713026 -35.3786 -0.0384119 0.989415 -0.139937 -7.60715 0.715804 0.124959 0.68703 65.8956
0.690664 -0.0786538 -0.718885 -36.1713 -0.03354 0.989514 -0.140487 -7.77481 0.722398 0.121141 0.680784 66.6473
0.683747 -0.0776403 -0.725577 -36.9809 -0.0363083 0.989472 -0.140094 -7.94295 0.728815 0.122133 0.67373 67.3934
0.677367 -0.0792125 -0.731368 -37.7935 -0.0343392 0.989698 -0.138995 -8.10933 0.734843 0.119265 0.667668 68.1319
0.671484 -0.0798295 -0.736706 -38.6133 -0.0343114 0.989764 -0.138525 -8.27494 0.740224 0.118295 0.661872 68.8639
0.666758 -0.080896 -0.74087 -39.4378 -0.0337384 0.989796 -0.13844 -8.4404 0.74451 0.117302 0.657225 69.591
0.661259 -0.0835148 -0.745494 -40.2684 -0.0344922 0.989347 -0.141428 -8.60959 0.749364 0.119234 0.651335 70.3111
0.656307 -0.0858744 -0.749591 -41.1056 -0.0344399 0.989056 -0.143462 -8.78091 0.753708 0.119971 0.646167 71.0267
0.651602 -0.0875974 -0.753486 -41.945 -0.0334697 0.989022 -0.143924 -8.95227 0.757822 0.119 0.641517 71.7359
0.646823 -0.0872501 -0.757632 -42.811 -0.0330344 0.989296 -0.142132 -9.12326 0.761925 0.116962 0.637017 72.4476
0.641983 -0.0871892 -0.761745 -43.6809 -0.0328035 0.98948 -0.140902 -9.29254 0.766017 0.115445 0.63237 73.154
0.636966 -0.0887054 -0.765771 -44.5557 -0.0324612 0.98939 -0.14161 -9.46307 0.770208 0.115059 0.627329 73.8551
0.632502 -0.0899414 -0.769319 -45.4321 -0.0317316 0.989392 -0.141759 -9.63357 0.773909 0.114074 0.622938 74.5508
0.628422 -0.0910839 -0.772521 -46.3298 -0.0305577 0.989464 -0.14152 -9.8043 0.777272 0.112541 0.619017 75.2525
0.624154 -0.0928357 -0.775766 -47.2501 -0.0289601 0.989484 -0.141712 -9.97949 0.780765 0.110916 0.614902 75.9666
0.620174 -0.0952464 -0.778661 -48.1889 -0.0270229 0.989419 -0.142549 -10.16 0.783999 0.109447 0.611038 76.6945
0.615788 -0.0997717 -0.781569 -49.1187 -0.0246931 0.989019 -0.145709 -10.3427 0.787525 0.109025 0.606562 77.41
0.610108 -0.104141 -0.785444 -50.0584 -0.0201108 0.988969 -0.146747 -10.5248 0.792063 0.105328 0.601285 78.1312
0.602846 -0.107714 -0.790553 -51.0013 -0.0165243 0.988947 -0.147347 -10.7074 0.797686 0.101891 0.594403 78.8424
0.594136 -0.112033 -0.796524 -51.952 -0.0102822 0.989114 -0.14679 -10.8828 0.804299 0.0954036 0.586517 79.5478
0.584523 -0.112848 -0.803491 -52.9112 -0.00936876 0.989276 -0.145757 -11.0583 0.811323 0.0927259 0.577197 80.241
0.575564 -0.111658 -0.810098 -53.8938 -0.0102197 0.989575 -0.143657 -11.2313 0.817693 0.0909625 0.568423 80.9324
0.566405 -0.111965 -0.816485 -54.8817 -0.011945 0.989509 -0.143979 -11.4054 0.82404 0.0913031 0.559125 81.6115
0.556311 -0.11346 -0.823192 -55.8855 -0.0134645 0.989274 -0.145451 -11.5837 0.830865 0.0919996 0.548816 82.2834
0.545587 -0.116254 -0.829951 -56.8975 -0.0133963 0.988995 -0.147338 -11.7644 0.837947 0.0915039 0.538026 82.9425
0.53503 -0.118251 -0.836516 -57.9186 -0.0143856 0.988737 -0.14897 -11.9474 0.84471 0.0917375 0.527303 83.5885
0.524757 -0.119527 -0.842818 -58.9451 -0.0121227 0.988943 -0.147798 -12.1285 0.851166 0.0877751 0.517506 84.2219
0.514016 -0.120131 -0.849326 -59.9808 -0.0121809 0.989022 -0.147262 -12.3081 0.857694 0.0860408 0.506911 84.8412
0.503734 -0.120861 -0.855362 -61.0178 -0.0158257 0.988707 -0.149023 -12.49 0.863714 0.0886045 0.496133 85.4366
0.495348 -0.121582 -0.860144 -62.0604 -0.0195598 0.988345 -0.150967 -12.6743 0.868474 0.0916055 0.487197 86.0216
0.486096 -0.122649 -0.865256 -63.116 -0.0226244 0.988004 -0.152759 -12.861 0.873613 0.0938313 0.47749 86.5961
0.476806 -0.124192 -0.870191 -64.19 -0.0245518 0.987701 -0.154415 -13.0518 0.878665 0.0949909 0.467893 87.1588
0.468774 -0.124726 -0.874468 -65.2666 -0.0276665 0.987422 -0.155668 -13.2437 0.882885 0.0971665 0.459427 87.7115
0.460368 -0.123464 -0.8791 -66.3699 -0.027991 0.98777 -0.153385 -13.4355 0.887287 0.0952203 0.451282 88.2603
0.452568 -0.123288 -0.883166 -67.4781 -0.0273979 0.988006 -0.151963 -13.6258 0.891309 0.0929704 0.443762 88.8001
0.446154 -0.124075 -0.886313 -68.5934 -0.0288413 0.987835 -0.152805 -13.8181 0.894491 0.093737 0.437149 89.34
0.438765 -0.127026 -0.889578 -69.7072 -0.029327 0.987407 -0.155461 -14.0128 0.898123 0.0942993 0.429515 89.8703
0.430848 -0.130848 -0.892888 -70.8256 -0.0285777 0.986958 -0.158423 -14.2117 0.901972 0.0937731 0.42149 90.3923
0.424989 -0.133937 -0.895234 -71.9495 -0.0291279 0.986457 -0.161413 -14.4148 0.90473 0.094675 0.415332 90.9117
0.41948 -0.137973 -0.897218 -73.0836 -0.0282171 0.985922 -0.164807 -14.6262 0.907326 0.0944501 0.409682 91.4294
0.414352 -0.139211 -0.899407 -74.2266 -0.0265529 0.985963 -0.164841 -14.8337 0.909729 0.0921842 0.404839 91.9365
0.411115 -0.138014 -0.901075 -75.3688 -0.0240629 0.986485 -0.162074 -15.0373 0.911266 0.0883135 0.402238 92.4411
0.407762 -0.137709 -0.902644 -76.5002 -0.021081 0.986878 -0.160083 -15.2407 0.912845 0.0843045 0.399508 92.9352
0.404508 -0.137999 -0.904063 -77.6281 -0.0176852 0.987184 -0.1586 -15.4413 0.914364 0.0801433 0.396884 93.4225
0.401598 -0.140625 -0.904955 -78.7549 -0.0120141 0.987246 -0.158745 -15.6443 0.915737 0.0746239 0.394787 93.9073
0.399774 -0.140319 -0.905809 -79.8829 -0.010691 0.987432 -0.157682 -15.8458 0.916551 0.0727211 0.39325 94.3899
0.397082 -0.140276 -0.907 -81.0057 -0.00895508 0.987611 -0.156664 -16.046 0.91774 0.0703308 0.390906 94.8717
0.394157 -0.142172 -0.90798 -82.1227 -0.00629259 0.987521 -0.157358 -16.2452 0.919022 0.0677375 0.388344 95.3487
0.391192 -0.143708 -0.90902 -83.2409 -0.00375044 0.987476 -0.157725 -16.4448 0.920302 0.0651101 0.385753 95.8225
0.388315 -0.144019 -0.910203 -84.3399 -8.03023e-05 0.987707 -0.156316 -16.6399 0.921527 0.060773 0.38353 96.2921
0.385644 -0.142915 -0.911512 -85.4449 -0.000144989 0.987921 -0.154957 -16.8318 0.922648 0.0598902 0.380965 96.7572
0.383067 -0.146239 -0.912071 -86.5462 0.00431596 0.987661 -0.156546 -17.0264 0.92371 0.0560313 0.378972 97.2181
0.381603 -0.148566 -0.912309 -87.6461 0.0069219 0.98743 -0.157904 -17.2227 0.924301 0.0539417 0.377834 97.6783
0.37976 -0.151617 -0.912575 -88.7424 0.00920938 0.987048 -0.160158 -17.4217 0.925039 0.0524173 0.376238 98.1349
0.378986 -0.153619 -0.912563 -89.8215 0.0105657 0.986779 -0.161724 -17.6215 0.925342 0.0516493 0.375599 98.5919
0.378804 -0.154539 -0.912483 -90.8948 0.0110325 0.986644 -0.162519 -17.8215 0.925411 0.0514957 0.37545 99.0476
0.380969 -0.156201 -0.911298 -91.9487 0.0120768 0.986383 -0.164022 -18.0222 0.924509 0.0514818 0.377668 99.5049
0.383839 -0.158175 -0.909751 -92.9901 0.0129797 0.986046 -0.165964 -18.222 0.923309 0.0518952 0.380536 99.9625
0.387586 -0.159407 -0.907946 -94.0267 0.0137933 0.985828 -0.167193 -18.4227 0.92173 0.052278 0.384292 100.424
0.391963 -0.158115 -0.906291 -95.0619 0.0126408 0.985953 -0.166545 -18.6229 0.919894 0.0538234 0.388456 100.891
0.397431 -0.159187 -0.903719 -96.0888 0.0147324 0.985818 -0.16717 -18.8234 0.917514 0.0531245 0.39414 101.363
0.403722 -0.158887 -0.900979 -97.087 0.0154214 0.985846 -0.166944 -19.0189 0.914752 0.0535044 0.400458 101.838
0.410347 -0.15898 -0.897964 -98.0544 0.0163341 0.98581 -0.167068 -19.2104 0.911783 0.0538885 0.407121 102.313
0.416764 -0.163768 -0.894141 -99.0185 0.0224772 0.985193 -0.169968 -19.408 0.908737 0.0507387 0.414274 102.798
0.42512 -0.16503 -0.889965 -99.9799 0.0220933 0.984837 -0.172069 -19.6069 0.904867 0.0534877 0.42232 103.29
0.434669 -0.166823 -0.885004 -100.935 0.0231275 0.984438 -0.174207 -19.8081 0.900293 0.0552544 0.431763 103.791
0.445679 -0.165621 -0.879738 -101.882 0.02262 0.984506 -0.173886 -20.0084 0.894907 0.0575975 0.44252 104.304
0.456779 -0.163476 -0.87443 -102.819 0.0230548 0.984815 -0.17207 -20.2055 0.889281 0.0584381 0.453612 104.826
0.467674 -0.160746 -0.869161 -103.754 0.0222436 0.985153 -0.17023 -20.4012 0.883621 0.0602787 0.464307 105.359
0.477966 -0.161244 -0.863452 -104.676 0.0245632 0.985076 -0.170359 -20.596 0.878035 0.0602166 0.474793 105.9
0.487678 -0.161126 -0.858026 -105.592 0.0241923 0.984938 -0.171208 -20.7916 0.872688 0.0627366 0.48423 106.45
0.498037 -0.161713 -0.851944 -106.5 0.0239771 0.98465 -0.172886 -20.9889 0.866824 0.0656763 0.494269 107.01
0.507708 -0.163584 -0.845856 -107.397 0.0268551 0.984336 -0.174247 -21.1865 0.86111 0.0657508 0.504149 107.58
0.516047 -0.16427 -0.84066 -108.279 0.0283001 0.984172 -0.174941 -21.3842 0.856092 0.0664868 0.512528 108.152
0.525157 -0.162933 -0.835262 -109.143 0.0293618 0.984385 -0.173562 -21.5782 0.850498 0.0666225 0.521741 108.727
0.534383 -0.160734 -0.829819 -109.989 0.0309971 0.984819 -0.170796 -21.7631 0.844674 0.0655484 0.531253 109.296
0.544066 -0.157613 -0.824106 -110.828 0.0258735 0.984883 -0.171281 -21.9494 0.838643 0.0718654 0.539919 109.874
0.553589 -0.158377 -0.817591 -111.643 0.0257124 0.984532 -0.173305 -22.1341 0.832393 0.0749178 0.549099 110.443
0.562122 -0.158594 -0.811706 -112.442 0.0235156 0.98411 -0.175994 -22.3237 0.82672 0.0798424 0.55692 111.015
0.572539 -0.156575 -0.804787 -113.241 0.0205922 0.984032 -0.176798 -22.5056 0.819618 0.0846515 0.566621 111.583
0.578896 -0.160786 -0.799391 -114.029 0.0297284 0.983876 -0.176364 -22.6881 0.814859 0.0783316 0.574342 112.157
0.587408 -0.161542 -0.793004 -114.812 0.0344643 0.98398 -0.174917 -22.8675 0.808556 0.0754175 0.583566 112.744
0.5944 -0.162375 -0.787605 -115.549 0.0379793 0.983978 -0.174198 -23.0505 0.803272 0.0736305 0.591044 113.315
0.60314 -0.160107 -0.781401 -116.292 0.0348872 0.984005 -0.174691 -23.2303 0.796872 0.0781023 0.599078 113.889
0.609931 -0.159738 -0.776188 -117.016 0.0363193 0.984079 -0.173982 -23.4063 0.791622 0.0779262 0.606022 114.464
0.616237 -0.159584 -0.771222 -117.733 0.0410265 0.98443 -0.17092 -23.5846 0.786491 0.073687 0.61319 115.036
0.623764 -0.155917 -0.765903 -118.436 0.0407995 0.985061 -0.167304 -23.7612 0.780547 0.07311 0.620807 115.61
0.630737 -0.154665 -0.760427 -119.113 0.0419977 0.985304 -0.165568 -23.9356 0.774859 0.0724937 0.627963 116.188
0.638326 -0.153174 -0.754371 -119.794 0.0425931 0.985529 -0.16407 -24.1087 0.768586 0.0725991 0.635614 116.768
0.646787 -0.150018 -0.74777 -120.468 0.0407011 0.985856 -0.162579 -24.2801 0.761583 0.0747189 0.643745 117.342
0.656426 -0.147774 -0.739775 -121.136 0.0437813 0.986437 -0.158198 -24.4472 0.753119 0.0714566 0.653992 117.925
0.666993 -0.144194 -0.730977 -121.785 0.0445247 0.987055 -0.154082 -24.6029 0.743732 0.0702248 0.664779 118.498
0.678697 -0.142472 -0.720467 -122.424 0.0467807 0.987398 -0.151188 -24.7554 0.732927 0.0689071 0.676808 119.082
0.690611 -0.142082 -0.709132 -123.053 0.0480523 0.98736 -0.151031 -24.9079 0.721628 0.0702286 0.68871 119.676
0.701603 -0.143826 -0.697901 -123.668 0.0515559 0.987097 -0.151595 -25.0598 0.7107 0.0703787 0.699966 120.278
0.713678 -0.141825 -0.685966 -124.266 0.0520593 0.987319 -0.149968 -25.2073 0.698537 0.0713182 0.712012 120.89
0.72513 -0.140948 -0.674033 -124.847 0.0549295 0.987549 -0.147414 -25.3531 0.686418 0.0698702 0.723843 121.511
0.736454 -0.13835 -0.662189 -125.415 0.0562253 0.987996 -0.143889 -25.4946 0.674147 0.0687356 0.735392 122.14
0.748004 -0.137152 -0.649368 -125.975 0.0590539 0.988288 -0.140712 -25.6346 0.661062 0.0669051 0.747343 122.782
0.758729 -0.134327 -0.637406 -126.525 0.0605096 0.988811 -0.136356 -25.7707 0.64859 0.0648879 0.758367 123.433
0.76847 -0.131981 -0.626126 -127.068 0.0615353 0.989206 -0.132989 -25.9046 0.636919 0.0636694 0.768297 124.099
0.776609 -0.132838 -0.615819 -127.587 0.065643 0.989258 -0.130611 -26.0321 0.626554 0.0610091 0.776987 124.758
0.784602 -0.130745 -0.606057 -128.108 0.0653666 0.989508 -0.128844 -26.1609 0.616544 0.0614755 0.784917 125.435
0.792492 -0.129983 -0.595869 -128.62 0.0660442 0.989569 -0.128028 -26.2888 0.606296 0.0621076 0.79281 126.119
0.800349 -0.127744 -0.585767 -129.116 0.0658603 0.989857 -0.125882 -26.4123 0.595906 0.0621707 0.800644 126.803
0.80769 -0.125739 -0.576044 -129.603 0.065589 0.990093 -0.124154 -26.5343 0.585948 0.0624956 0.807935 127.494
0.814305 -0.127812 -0.56619 -130.094 0.0700938 0.98997 -0.122666 -26.6602 0.576189 0.0602009 0.815096 128.2
0.820464 -0.127507 -0.557298 -130.573 0.07024 0.989908 -0.123078 -26.7847 0.567367 0.0618363 0.82114 128.913
0.825322 -0.129575 -0.549595 -131.052 0.0746942 0.989815 -0.121196 -26.9062 0.559701 0.058974 0.826594 129.638
0.82852 -0.132289 -0.544108 -131.523 0.079969 0.989687 -0.118852 -27.0236 0.554219 0.0549594 0.830554 130.365
0.832167 -0.132728 -0.538406 -131.989 0.0835894 0.989863 -0.114825 -27.1402 0.548189 0.0505483 0.834826 131.095
0.836155 -0.129093 -0.533085 -132.468 0.0831 0.990505 -0.109519 -27.2606 0.542162 0.0472756 0.838943 131.841
0.841075 -0.125019 -0.526273 -132.932 0.0805635 0.991026 -0.106669 -27.3757 0.534886 0.0473178 0.843599 132.59
0.844703 -0.123881 -0.520702 -133.398 0.0823341 0.991342 -0.102287 -27.4908 0.528865 0.0435307 0.847589 133.349
0.848417 -0.124093 -0.514577 -133.865 0.0855251 0.991496 -0.0980943 -27.605 0.522374 0.0392155 0.851814 134.119
0.852589 -0.122341 -0.508059 -134.33 0.0865017 0.991838 -0.0936743 -27.7169 0.515373 0.0359177 0.856213 134.901
0.856046 -0.125334 -0.501474 -134.789 0.0930622 0.991676 -0.0889889 -27.8233 0.508454 0.0295102 0.860584 135.686
0.860075 -0.126709 -0.494182 -135.263 0.0970284 0.991613 -0.0853833 -27.9298 0.500856 0.0254863 0.865155 136.502
0.86454 -0.127922 -0.486012 -135.739 0.0998789 0.991507 -0.0833023 -28.0368 0.49254 0.0234758 0.869973 137.328
0.869683 -0.129916 -0.476208 -136.204 0.102889 0.991264 -0.0825271 -28.1432 0.482769 0.0227757 0.875452 138.161
0.875441 -0.130202 -0.465456 -136.66 0.104118 0.991225 -0.0814484 -28.2477 0.471977 0.0228409 0.881315 138.998
0.881696 -0.130972 -0.453276 -137.137 0.105742 0.991114 -0.0806929 -28.3622 0.459817 0.0232164 0.88771 139.872
0.889504 -0.127635 -0.438738 -137.603 0.103265 0.991505 -0.079083 -28.4758 0.445105 0.0250385 0.895128 140.756
0.898255 -0.123822 -0.421671 -138.053 0.101463 0.991997 -0.075156 -28.5859 0.427602 0.0247249 0.903629 141.653
0.907305 -0.121454 -0.402549 -138.485 0.102186 0.992363 -0.0690911 -28.6899 0.407867 0.0215517 0.912787 142.559
0.916964 -0.117977 -0.381128 -138.896 0.101361 0.992824 -0.0634585 -28.7891 0.38588 0.0195575 0.922342 143.481
0.926472 -0.11699 -0.357718 -139.279 0.102588 0.99297 -0.0590493 -28.8829 0.362112 0.0180101 0.931961 144.412
0.934586 -0.117506 -0.33577 -139.64 0.105495 0.99296 -0.0538617 -28.9718 0.339736 0.0149163 0.940403 145.355
0.943386 -0.111704 -0.312323 -139.979 0.101413 0.993634 -0.0490567 -29.0555 0.315815 0.0146058 0.948709 146.307
0.950594 -0.10818 -0.290977 -140.307 0.100061 0.994065 -0.0426852 -29.1313 0.293868 0.0114607 0.955778 147.283
0.957296 -0.102633 -0.270279 -140.618 0.0967908 0.994693 -0.0348951 -29.1965 0.272426 0.00724431 0.96215 148.279
0.963871 -0.0996968 -0.247011 -140.908 0.095635 0.995011 -0.0284189 -29.2545 0.248612 0.00376921 0.968596 149.291
0.970051 -0.0982318 -0.222153 -141.168 0.0949606 0.995157 -0.0253864 -29.3093 0.223571 0.00353021 0.974681 150.309
0.975269 -0.0988477 -0.197688 -141.414 0.0958602 0.99509 -0.0246498 -29.3617 0.199154 0.00508968 0.979955 151.362
0.979277 -0.0986038 -0.176902 -141.644 0.0963956 0.995121 -0.021056 -29.4083 0.178115 0.00356706 0.984003 152.453
0.982505 -0.10186 -0.155911 -141.831 0.100586 0.994799 -0.0160571 -29.4444 0.156736 9.36867e-05 0.987641 153.56
0.985701 -0.103532 -0.132945 -141.995 0.102852 0.994625 -0.0119921 -29.4755 0.133472 -0.00185306 0.991051 154.676
0.988526 -0.103809 -0.10973 -142.137 0.103533 0.994592 -0.00822594 -29.5043 0.109991 -0.00322916 0.993928 155.819
0.990844 -0.102744 -0.0875888 -142.253 0.102743 0.994698 -0.00453858 -29.5282 0.0875909 -0.00450216 0.996147 156.964
0.992653 -0.101517 -0.0658444 -142.368 0.101684 0.994817 -0.000810295 -29.5467 0.0655855 -0.00589104 0.99783 158.146
0.994067 -0.0986249 -0.0458699 -142.458 0.0988072 0.995105 0.00171576 -29.5616 0.0454763 -0.0062379 0.998946 159.331
0.995056 -0.09627 -0.024399 -142.52 0.096374 0.995341 0.00311433 -29.5749 0.0239857 -0.0054504 0.999698 160.514
0.995328 -0.0964593 -0.00417551 -142.557 0.096475 0.995329 0.00371886 -29.5873 0.00379749 -0.00410436 0.999984 161.698
0.995583 -0.0926099 0.0154118 -142.571 0.0925595 0.9957 0.00396114 -29.5987 -0.0157122 -0.00251717 0.999873 162.883
0.99524 -0.0906241 0.0358534 -142.56 0.0905178 0.995885 0.00458426 -29.6092 -0.0361211 -0.00131711 0.999347 164.068
0.994588 -0.088752 0.0540289 -142.527 0.0886462 0.996054 0.00435771 -29.6193 -0.0542023 0.000455292 0.99853 165.256
0.993514 -0.0859797 0.0744146 -142.469 0.0861564 0.996282 0.000839302 -29.6328 -0.0742098 0.00557739 0.997227 166.453
0.992267 -0.0814897 0.0936225 -142.388 0.0822713 0.9966 -0.0045117 -29.6526 -0.0929363 0.0121792 0.995598 167.649
0.990919 -0.078012 0.109518 -142.289 0.0792798 0.996826 -0.00726286 -29.6716 -0.108603 0.0158794 0.993958 168.852
0.989563 -0.0716795 0.125013 -142.172 0.0732965 0.997275 -0.00837655 -29.6898 -0.124072 0.0174521 0.99212 170.07
0.986953 -0.0716181 0.144204 -142.016 0.074083 0.997183 -0.0117884 -29.7109 -0.142954 0.0223176 0.989478 171.314
0.98384 -0.0746066 0.162767 -141.827 0.0774514 0.996934 -0.0111933 -29.7279 -0.161433 0.0236189 0.986601 172.6
0.980411 -0.07817 0.180787 -141.615 0.0812782 0.996643 -0.00983672 -29.7437 -0.179411 0.024338 0.983473 173.899
0.976422 -0.0835178 0.199059 -141.379 0.0879847 0.996028 -0.0136843 -29.765 -0.197126 0.0308758 0.979892 175.196
0.972392 -0.0833555 0.217958 -141.118 0.0890668 0.995889 -0.0164936 -29.7916 -0.215687 0.035451 0.975819 176.5
0.968135 -0.0836701 0.236038 -140.832 0.0894922 0.995889 -0.0140411 -29.8145 -0.233893 0.0347172 0.971642 177.801
0.962653 -0.0876359 0.256163 -140.519 0.093708 0.995533 -0.0115701 -29.8336 -0.254004 0.0351425 0.966565 179.119
0.957084 -0.0907682 0.275232 -140.18 0.098438 0.995043 -0.0141514 -29.8568 -0.272583 0.0406373 0.961274 180.431
0.950397 -0.0931475 0.296766 -139.811 0.102793 0.994557 -0.0170281 -29.8845 -0.293564 0.0466888 0.954799 181.732
0.946693 -0.0860652 0.310427 -139.425 0.0959205 0.995251 -0.0165924 -29.91 -0.307524 0.0454842 0.950453 183.03
0.940913 -0.0847083 0.327885 -139.014 0.096558 0.995127 -0.019998 -29.9404 -0.324593 0.0504763 0.944506 184.321
0.932766 -0.0834039 0.350702 -138.572 0.0981473 0.994872 -0.0244428 -29.9771 -0.346865 0.0572198 0.936168 185.6
0.926587 -0.0786941 0.367756 -138.104 0.0943589 0.99523 -0.0247795 -30.0138 -0.364052 0.0576614 0.929592 186.874
0.917459 -0.0753265 0.390633 -137.603 0.0919679 0.995472 -0.0240412 -30.0499 -0.387053 0.0579825 0.920232 188.137
0.905186 -0.0719681 0.418878 -137.054 0.0909225 0.995533 -0.0254371 -30.0888 -0.415176 0.0611106 0.907686 189.394
0.895602 -0.0622268 0.440482 -136.452 0.0822452 0.99626 -0.0264818 -30.1288 -0.437187 0.0599447 0.897371 190.662
0.883775 -0.0696963 0.462694 -135.805 0.0922655 0.995387 -0.026296 -30.1561 -0.458726 0.0659303 0.886128 191.932
0.870799 -0.0713754 0.486431 -135.121 0.0962032 0.995017 -0.0262192 -30.1842 -0.482136 0.0696279 0.873325 193.188
0.860316 -0.0740186 0.504359 -134.411 0.0998856 0.9947 -0.0244009 -30.2096 -0.499879 0.0713706 0.863149 194.43
0.84625 -0.0729898 0.527764 -133.666 0.102443 0.99438 -0.0267399 -30.2388 -0.522846 0.0766941 0.84897 195.656
0.833115 -0.0711023 0.548511 -132.892 0.104042 0.994145 -0.0291575 -30.2711 -0.543226 0.08136 0.835635 196.865
0.820393 -0.0702367 0.567471 -132.088 0.105651 0.993959 -0.0297152 -30.3045 -0.561956 0.0843318 0.822857 198.065
0.807429 -0.0705171 0.585736 -131.254 0.108411 0.993659 -0.0298162 -30.3391 -0.579919 0.0875748 0.809954 199.255
0.793457 -0.0729198 0.604243 -130.392 0.112982 0.993188 -0.0285041 -30.3713 -0.598049 0.0908856 0.79629 200.425
0.778871 -0.0716609 0.623077 -129.502 0.114136 0.993057 -0.0284609 -30.4033 -0.616712 0.0932826 0.781642 201.573
0.766574 -0.0704501 0.63828 -128.59 0.115625 0.992861 -0.0292781 -30.4365 -0.631661 0.0962447 0.769248 202.704
0.754332 -0.06976 0.652776 -127.656 0.118358 0.992496 -0.0307068 -30.4721 -0.645735 0.100424 0.756928 203.815
0.744543 -0.0675495 0.664149 -126.706 0.11934 0.99231 -0.0328592 -30.511 -0.656821 0.103724 0.746878 204.912
0.730124 -0.0634573 0.680362 -125.729 0.118285 0.992384 -0.0343769 -30.5524 -0.672999 0.105576 0.73207 205.982
0.720951 -0.0616496 0.690239 -124.717 0.117729 0.992452 -0.0343253 -30.5904 -0.682913 0.106008 0.722767 207.058
0.706708 -0.0597347 0.70498 -123.683 0.117399 0.992517 -0.0335884 -30.6273 -0.697697 0.106501 0.708432 208.112
0.695056 -0.0589669 0.716534 -122.632 0.115939 0.99278 -0.0307631 -30.6599 -0.709546 0.104456 0.696874 209.15
0.680906 -0.0576867 0.730096 -121.559 0.114207 0.993061 -0.0280476 -30.6886 -0.723411 0.102479 0.68277 210.169
0.666138 -0.0545745 0.74383 -120.463 0.111252 0.993432 -0.0267436 -30.7171 -0.737485 0.100567 0.667834 211.175
0.651481 -0.0506373 0.756974 -119.34 0.109942 0.993539 -0.0281575 -30.7477 -0.750657 0.101567 0.652838 212.163
0.636852 -0.0464608 0.769586 -118.209 0.108877 0.993599 -0.0301132 -30.7825 -0.76326 0.102967 0.637833 213.115
0.620681 -0.0450457 0.782768 -117.063 0.10939 0.993559 -0.0295627 -30.8165 -0.776395 0.103976 0.621611 214.036
0.603841 -0.0444808 0.795863 -115.896 0.108557 0.993728 -0.0268249 -30.8483 -0.789678 0.102594 0.604882 214.92
0.587002 -0.046175 0.808268 -114.722 0.111351 0.993489 -0.0241118 -30.8766 -0.801891 0.104155 0.588321 215.765
0.56994 -0.0446062 0.820475 -113.534 0.109211 0.993779 -0.0218348 -30.9053 -0.814396 0.102049 0.571266 216.584
0.553562 -0.0458247 0.831547 -112.324 0.112166 0.99349 -0.0199199 -30.9312 -0.82522 0.104298 0.555098 217.365
0.538527 -0.0438895 0.841465 -111.141 0.110165 0.993738 -0.0186721 -30.9706 -0.835375 0.102755 0.53999 218.107
0.522895 -0.0420012 0.851362 -109.953 0.106796 0.994143 -0.0165474 -31.0362 -0.84568 0.0995745 0.524318 218.793
0.508579 -0.0429569 0.859944 -108.738 0.10666 0.994205 -0.0134162 -31.1032 -0.854383 0.098545 0.510213 219.422
0.496151 -0.0471702 0.866954 -107.513 0.110985 0.993777 -0.00944516 -31.1581 -0.861114 0.100905 0.498299 220.039
0.481516 -0.0496446 0.87503 -106.283 0.110416 0.993876 -0.00437272 -31.2053 -0.869454 0.0987225 0.484049 220.633
0.469233 -0.0523355 0.881522 -105.056 0.111115 0.993808 -0.000144137 -31.2458 -0.876056 0.0980175 0.472143 221.206
0.455427 -0.0498563 0.888876 -103.877 0.11025 0.993904 -0.000740459 -31.2939 -0.88342 0.0983356 0.458147 221.759
0.442821 -0.0422879 0.895613 -102.687 0.106198 0.994329 -0.00555857 -31.351 -0.890299 0.0975733 0.444801 222.303
0.428036 -0.0356473 0.903059 -101.492 0.100912 0.994859 -0.00855941 -31.412 -0.89811 0.0947928 0.429432 222.833
0.412764 -0.0340797 0.9102 -100.299 0.0977575 0.995185 -0.00706994 -31.4675 -0.905577 0.091897 0.414108 223.338
0.398246 -0.0338812 0.916653 -99.1071 0.0935609 0.995606 -0.00384859 -31.5153 -0.912494 0.0872955 0.399666 223.82
0.383179 -0.0337351 0.923058 -97.9097 0.0870556 0.996203 0.000270088 -31.5574 -0.919562 0.0802538 0.384661 224.285
0.368382 -0.0354239 0.929 -96.7152 0.0854961 0.99633 0.00408918 -31.5936 -0.925735 0.0779194 0.370059 224.735
0.353107 -0.039065 0.934767 -95.5158 0.0857051 0.996277 0.00926077 -31.6207 -0.931649 0.0768441 0.355141 225.169
0.337024 -0.0398886 0.940651 -94.3143 0.0833645 0.996442 0.012386 -31.6437 -0.937798 0.0742424 0.33915 225.581
0.321053 -0.0415767 0.946148 -93.1088 0.0844475 0.996313 0.0151261 -31.6606 -0.943289 0.0750434 0.32338 225.973
0.305713 -0.0386194 0.95134 -91.8988 0.0789111 0.996767 0.0151056 -31.6766 -0.948848 0.0704532 0.307772 226.344
0.289149 -0.0371926 0.956562 -90.6825 0.0758948 0.99699 0.0158233 -31.6916 -0.954271 0.0680227 0.291101 226.695
0.274196 -0.0398594 0.960848 -89.49 0.073424 0.997092 0.0204101 -31.6951 -0.958866 0.0649527 0.276326 227.03
0.259504 -0.0449536 0.964696 -88.317 0.0738131 0.996917 0.0265995 -31.6903 -0.962917 0.0643044 0.262022 227.337
0.246873 -0.0489518 0.967811 -87.156 0.0751412 0.996683 0.031245 -31.6639 -0.96613 0.0650089 0.249732 227.631
0.23549 -0.0514156 0.970516 -86.0005 0.0760493 0.996512 0.0343401 -31.6323 -0.968897 0.0657202 0.238579 227.912
0.224862 -0.0500008 0.973107 -84.842 0.0725796 0.996768 0.0344453 -31.6006 -0.971684 0.0628821 0.227764 228.181
0.217085 -0.0470162 0.97502 -83.7147 0.0717053 0.996909 0.0321069 -31.574 -0.973515 0.062944 0.219786 228.445
0.210529 -0.0445749 0.976571 -82.5899 0.0686969 0.997165 0.0307055 -31.5497 -0.975171 0.0606229 0.212994 228.703
0.203838 -0.0393998 0.978212 -81.4812 0.0657168 0.997487 0.0264824 -31.5349 -0.976796 0.0588868 0.205915 228.957
0.197707 -0.0309602 0.979772 -80.3774 0.0651078 0.997709 0.0183891 -31.5296 -0.978096 0.0601551 0.19927 229.209
0.192042 -0.0280987 0.980985 -79.2673 0.0624504 0.997914 0.0163582 -31.5268 -0.979398 0.0581213 0.193396 229.451
0.187356 -0.0361713 0.981626 -78.1919 0.062872 0.997714 0.0247644 -31.5149 -0.980278 0.0570769 0.189202 229.694
0.182658 -0.0447751 0.982157 -77.1402 0.0623626 0.997478 0.0338758 -31.4991 -0.981197 0.0550621 0.18499 229.95
0.179296 -0.048092 0.982619 -76.1074 0.0627442 0.99733 0.0373633 -31.4796 -0.981792 0.0549545 0.181835 230.201
0.176023 -0.0458133 0.98332 -75.0734 0.0604624 0.997534 0.0356524 -31.4621 -0.982527 0.0531781 0.178359 230.449
0.173549 -0.0425188 0.983907 -74.0718 0.0600072 0.997668 0.0325291 -31.4473 -0.982995 0.053396 0.175695 230.691
0.173307 -0.0398966 0.98406 -73.0427 0.0583626 0.997839 0.030177 -31.4337 -0.983137 0.0522023 0.175261 230.923
0.173876 -0.0379494 0.984036 -72.0268 0.0543285 0.998105 0.0288924 -31.4215 -0.983268 0.0484374 0.175609 231.149
0.175471 -0.0357891 0.983834 -71.0142 0.0541084 0.998179 0.0266606 -31.4059 -0.982996 0.0485554 0.177088 231.367
0.17834 -0.0338539 0.983387 -70.0005 0.0525108 0.998311 0.0248449 -31.389 -0.982567 0.0472075 0.179816 231.58
0.183256 -0.0317001 0.982555 -69.0312 0.0501618 0.998479 0.0228584 -31.3772 -0.981785 0.0450977 0.184567 231.783
0.189266 -0.0318161 0.981411 -68.0232 0.0502485 0.998479 0.0226792 -31.3644 -0.980639 0.045022 0.190577 231.979
0.196223 -0.0354985 0.979917 -67.145 0.0525964 0.998287 0.025632 -31.3744 -0.979148 0.0465104 0.197754 232.168
0.203454 -0.0389305 0.978311 -66.2155 0.0554258 0.998065 0.0281901 -31.3918 -0.977514 0.0484881 0.205218 232.376
0.210389 -0.0404588 0.976781 -65.2701 0.0592004 0.997837 0.0285799 -31.4073 -0.975824 0.0518128 0.212329 232.589
0.216764 -0.0429193 0.975281 -64.3153 0.0599276 0.997734 0.0305882 -31.4226 -0.974383 0.0518157 0.218844 232.825
0.222567 -0.0459498 0.973834 -63.3639 0.0602357 0.997628 0.033306 -31.4327 -0.973055 0.0512467 0.224807 233.063
0.229218 -0.0495689 0.972113 -62.3953 0.0609953 0.997471 0.0364799 -31.435 -0.971462 0.0509323 0.231662 233.306
0.23488 -0.0525693 0.970602 -61.4282 0.0618347 0.997322 0.0390531 -31.4348 -0.970056 0.050844 0.237501 233.555
0.241084 -0.0543277 0.968983 -60.4655 0.0641421 0.997141 0.039948 -31.4304 -0.968382 0.0525216 0.243879 233.805
0.247341 -0.0535697 0.967447 -59.5235 0.0659542 0.997085 0.0383489 -31.4278 -0.966681 0.0543218 0.250153 234.06
0.253192 -0.0549391 0.965855 -58.5953 0.0704937 0.99678 0.0382188 -31.4202 -0.964844 0.0584099 0.25625 234.316
0.259645 -0.054141 0.964186 -57.6447 0.0704629 0.996828 0.0369992 -31.4038 -0.96313 0.0583325 0.262637 234.579
0.266076 -0.0545082 0.96241 -56.7181 0.0709146 0.996801 0.0368506 -31.3922 -0.96134 0.0584438 0.26909 234.855
0.272108 -0.0554977 0.960666 -55.7964 0.0715183 0.996741 0.0373245 -31.3778 -0.959606 0.0585488 0.27519 235.127
0.2781 -0.0587115 0.958757 -54.8606 0.0724444 0.99657 0.0400138 -31.3592 -0.957817 0.0583286 0.281399 235.405
0.284548 -0.0613432 0.956698 -53.9304 0.0741462 0.99637 0.041834 -31.3401 -0.95579 0.0590316 0.288063 235.688
0.291359 -0.0634366 0.954509 -53.0382 0.0780473 0.996049 0.042374 -31.3164 -0.953425 0.0621507 0.295159 235.968
0.298061 -0.0624673 0.952501 -52.1484 0.0798979 0.995988 0.0403174 -31.2952 -0.951198 0.0640857 0.301855 236.255
0.305167 -0.0625646 0.950242 -51.2663 0.0831902 0.995776 0.0388465 -31.2789 -0.948659 0.0671961 0.309082 236.549
0.312761 -0.0613645 0.947848 -50.3947 0.0869157 0.995573 0.0357749 -31.2427 -0.945847 0.0711938 0.31671 236.852
0.321633 -0.0582237 0.945073 -49.5264 0.0874608 0.995668 0.0315757 -31.211 -0.942817 0.0725009 0.325332 237.164
0.331182 -0.0573831 0.941821 -48.6523 0.0891498 0.995587 0.0293104 -31.1787 -0.939346 0.074256 0.334836 237.487
0.338552 -0.0572242 0.939206 -47.7656 0.0887448 0.995642 0.0286734 -31.147 -0.936754 0.0736422 0.342155 237.816
0.344298 -0.0570584 0.937125 -46.8837 0.087382 0.995767 0.028525 -31.1167 -0.934785 0.0720667 0.347826 238.149
0.34911 -0.0540901 0.93552 -46.0059 0.0843575 0.996093 0.0261127 -31.089 -0.933277 0.0698019 0.352309 238.486
0.351905 -0.0529658 0.934536 -45.1303 0.0859326 0.99601 0.0240916 -31.0621 -0.932083 0.0718291 0.355052 238.821
0.354473 -0.0494892 0.933756 -44.2663 0.0832655 0.996302 0.021195 -31.0406 -0.931352 0.0702365 0.357283 239.159
0.358337 -0.0487137 0.932321 -43.381 0.0848578 0.996204 0.0194367 -31.0055 -0.929728 0.0721497 0.36111 239.499
0.361165 -0.0468828 0.931323 -42.5107 0.0863163 0.996128 0.016672 -30.9753 -0.928499 0.0743669 0.363813 239.844
