1 0 0 0 0 1 0 0 0 0 1 0
0.999906 0.000709785 0.0137169 0.0650609 -0.000686221 0.999998 -0.00172252 0.04004 -0.0137181 0.00171294 0.999904 0.0751559
0.999422 0.00347751 0.0338255 0.129516 -0.00339062 0.999991 -0.00262569 0.0781484 -0.0338343 0.00250948 0.999424 0.169807
0.998207 0.00397713 0.0597216 0.190627 -0.00385392 0.99999 -0.00217806 0.110388 -0.0597297 0.00194399 0.998213 0.285091
0.995605 0.00339175 0.0935859 0.250415 -0.00330122 0.999994 -0.00112219 0.135047 -0.0935891 0.000808306 0.995611 0.43824
0.991289 0.00055816 0.131704 0.316576 -0.000540903 1 -0.000166806 0.159781 -0.131704 9.41135e-05 0.991289 0.589208
0.985208 -0.00237146 0.171347 0.393169 0.00255643 0.999996 -0.000858868 0.179574 -0.171344 0.0012842 0.98521 0.770105
0.976725 -0.00344495 0.214465 0.485266 0.00377701 0.999992 -0.00113855 0.198081 -0.21446 0.00192209 0.976731 0.96089
0.965232 -0.00268484 0.261382 0.598121 0.00249252 0.999996 0.00106731 0.209929 -0.261384 -0.0003787 0.965235 1.19728
0.951498 -0.00790062 0.307553 0.736774 0.00601063 0.999957 0.00709204 0.220302 -0.307595 -0.00489948 0.951505 1.42456
0.934861 -0.0199422 0.354454 0.886037 0.0165269 0.999783 0.0126603 0.229652 -0.35463 -0.00597757 0.934988 1.64608
0.914311 -0.0256658 0.404199 1.06263 0.0203361 0.99964 0.0174742 0.240716 -0.404502 -0.00775699 0.914504 1.87267
0.890224 -0.028515 0.454629 1.26441 0.0210754 0.999548 0.0214245 0.253905 -0.455035 -0.00949109 0.890423 2.10051
0.863212 -0.0285427 0.504034 1.48052 0.0174835 0.999492 0.0266572 0.26863 -0.504539 -0.0141985 0.863272 2.31935
0.832545 -0.0337629 0.552927 1.7213 0.0200004 0.999322 0.0309059 0.283665 -0.553596 -0.0146718 0.832656 2.53694
0.798103 -0.0395277 0.601223 1.97596 0.0232376 0.999123 0.0348407 0.3003 -0.602073 -0.0138355 0.798322 2.7408
0.762215 -0.0448162 0.645771 2.24655 0.0273632 0.998939 0.0370287 0.317392 -0.646746 -0.0105535 0.762633 2.93198
0.724429 -0.0498551 0.687544 2.52921 0.0327192 0.998744 0.0379463 0.335552 -0.688573 -0.00499352 0.72515 3.10974
0.684978 -0.0528622 0.726643 2.82906 0.0345167 0.998599 0.0401091 0.354987 -0.727746 -0.00239246 0.685843 3.27992
0.645074 -0.0536137 0.762237 3.14416 0.0314153 0.998553 0.0436491 0.378863 -0.763474 -0.00421091 0.645825 3.44957
0.60546 -0.0548847 0.793981 3.47734 0.0299098 0.998484 0.0462131 0.40195 -0.795313 -0.00423241 0.606184 3.61117
0.567527 -0.0565314 0.821412 3.8262 0.0295206 0.998396 0.0483155 0.42581 -0.822825 -0.00317173 0.568285 3.76471
0.5308 -0.0589381 0.845445 4.20366 0.0289705 0.998258 0.0514023 0.452574 -0.847002 -0.00279142 0.531583 3.92792
0.495433 -0.0585345 0.866672 4.60966 0.0267209 0.998282 0.0521483 0.480806 -0.868235 -0.00267776 0.496146 4.09007
0.461006 -0.0578144 0.885511 5.05287 0.0260315 0.998327 0.0516278 0.508706 -0.887015 -0.000749573 0.46174 4.25534
0.429458 -0.0563601 0.901326 5.52528 0.0271152 0.998405 0.0495108 0.536376 -0.90268 0.00317685 0.430302 4.41197
0.402181 -0.0545324 0.913935 6.05292 0.0296296 0.998477 0.0465382 0.57231 -0.915081 0.00836273 0.403184 4.57847
0.378917 -0.0520914 0.923963 6.57965 0.0304585 0.998576 0.0438068 0.605138 -0.924929 0.0115433 0.379964 4.73562
0.360755 -0.0512021 0.931254 7.16044 0.0318241 0.998586 0.042576 0.642738 -0.932117 0.0142768 0.361874 4.91437
0.347707 -0.0512568 0.936201 7.77376 0.0325207 0.998563 0.0425928 0.684479 -0.937039 0.0156361 0.348874 5.10772
0.337521 -0.0520723 0.939876 8.38072 0.0345076 0.998482 0.0429271 0.724134 -0.940685 0.0179441 0.338805 5.30014
0.327544 -0.0528837 0.943355 8.994 0.0334875 0.998455 0.0443454 0.761748 -0.944242 0.0170655 0.328809 5.49486
0.318229 -0.0540866 0.94647 9.6464 0.0327126 0.998403 0.0460555 0.803718 -0.947449 0.0163052 0.31949 5.69669
0.309353 -0.0549172 0.94936 10.3351 0.031833 0.998369 0.0473793 0.846129 -0.950414 0.0155641 0.310597 5.89809
0.300511 -0.0557755 0.952146 11.0313 0.0306832 0.998337 0.0487972 0.889533 -0.953285 0.0145508 0.301723 6.09278
0.291491 -0.0567099 0.954891 11.7293 0.0315079 0.998268 0.0496679 0.933551 -0.956055 0.0156088 0.292773 6.28086
0.282719 -0.0570843 0.957503 12.4627 0.0312888 0.998245 0.0502747 0.978047 -0.958692 0.0157456 0.284009 6.47289
0.273047 -0.0589732 0.960191 13.2032 0.0308441 0.998143 0.0525331 1.02536 -0.961506 0.0152722 0.274359 6.66415
0.2632 -0.0615944 0.962773 13.9773 0.0293771 0.998008 0.0558176 1.07131 -0.964294 0.0135923 0.264486 6.85977
0.252147 -0.0651612 0.965492 14.7529 0.0303984 0.997771 0.0594008 1.11991 -0.967211 0.0143717 0.253566 7.04648
0.240482 -0.0664206 0.968378 15.5382 0.0298405 0.99769 0.0610207 1.16675 -0.970195 0.0142226 0.241908 7.22979
0.22789 -0.0661433 0.971437 16.3369 0.0289592 0.997709 0.0611385 1.21279 -0.973256 0.0141993 0.229283 7.40086
0.214248 -0.0643967 0.974654 17.1237 0.0284259 0.997813 0.0596782 1.25241 -0.976365 0.0149195 0.21561 7.56873
0.198863 -0.0632705 0.977983 17.9231 0.0277742 0.997877 0.0589099 1.28957 -0.979633 0.0154477 0.200198 7.72479
0.179574 -0.0615859 0.981815 18.7342 0.0251398 0.998 0.058003 1.32522 -0.983423 0.0142668 0.180763 7.85964
0.155932 -0.0599068 0.985949 19.5721 0.0211105 0.998133 0.0573084 1.36426 -0.987542 0.0118777 0.156906 7.96797
0.125815 -0.058946 0.990301 20.4087 0.0173143 0.998211 0.0572172 1.40252 -0.991902 0.00994757 0.12661 8.0526
0.0940519 -0.0587326 0.993833 21.2587 0.0148891 0.998229 0.0575834 1.43901 -0.995456 0.00938142 0.09476 8.10694
0.0607545 -0.0572326 0.99651 22.0988 0.0130237 0.998315 0.0565422 1.47556 -0.998067 0.00954303 0.0613975 8.1387
0.029394 -0.0557575 0.998011 22.9607 0.011897 0.998392 0.0554283 1.51143 -0.999497 0.010244 0.0300101 8.12724
-0.00169398 -0.0532848 0.998578 23.8136 0.00826149 0.998544 0.053297 1.54427 -0.999964 0.00834003 -0.00125126 8.09221
-0.0314559 -0.0515927 0.998172 24.6583 0.00385307 0.998653 0.0517389 1.556 -0.999497 0.00547353 -0.0312147 8.03201
-0.0627283 -0.0503799 0.996758 25.5003 0.0034383 0.998708 0.0506948 1.54538 -0.998024 0.00660715 -0.062474 7.95191
-0.0915556 -0.0491661 0.994585 26.3397 0.0082843 0.998708 0.0501325 1.52317 -0.995765 0.0128293 -0.09103 7.8291
-0.121826 -0.0473357 0.991422 27.1696 0.0151095 0.998658 0.0495378 1.50997 -0.992436 0.0210149 -0.120947 7.70745
-0.148748 -0.0457923 0.987814 28.0341 0.0207097 0.998564 0.0494091 1.50448 -0.988658 0.0278068 -0.147586 7.54254
-0.176066 -0.0414874 0.983503 28.814 0.0285028 0.998477 0.0472216 1.51972 -0.983965 0.0363467 -0.174615 7.37672
-0.20033 -0.0311039 0.979234 29.6195 0.0361004 0.998583 0.0391039 1.52856 -0.979063 0.0431845 -0.198923 7.15627
-0.224207 -0.0161178 0.974408 30.4158 0.0410755 0.998818 0.0259729 1.5427 -0.973675 0.0458476 -0.22328 6.91461
-0.246218 0.0012379 0.969213 31.2075 0.0396612 0.999174 0.00879929 1.55857 -0.968402 0.0406067 -0.246063 6.66529
-0.269288 0.0172564 0.962905 32.0056 0.0385271 0.999232 -0.00713287 1.5623 -0.962288 0.0351771 -0.269746 6.40146
-0.292636 0.028436 0.955801 32.7916 0.040899 0.999015 -0.0171997 1.55731 -0.955348 0.0340581 -0.293511 6.12532
-0.315239 0.0338215 0.948409 33.5684 0.043708 0.998821 -0.0210913 1.5521 -0.948005 0.0348043 -0.316346 5.8261
-0.335901 0.0347467 0.941256 34.3365 0.0452812 0.998759 -0.0207102 1.54704 -0.940808 0.0356646 -0.337058 5.51168
-0.354656 0.0299086 0.934518 35.1002 0.0439299 0.998917 -0.0152979 1.54554 -0.933964 0.0356278 -0.355586 5.18128
-0.371583 0.0289903 0.927947 35.8401 0.0478918 0.99878 -0.0120256 1.53957 -0.927163 0.0399725 -0.372518 4.85979
-0.385063 0.0297829 0.922409 36.578 0.0497069 0.998697 -0.0114958 1.51797 -0.92155 0.0414235 -0.386042 4.5267
-0.396845 0.0332628 0.917282 37.2848 0.0534903 0.998482 -0.0130657 1.49809 -0.916325 0.0438806 -0.398022 4.20471
-0.402422 0.0344807 0.914804 37.958 0.0547947 0.998406 -0.0135276 1.46378 -0.913812 0.0446826 -0.40367 3.87903
-0.400452 0.0333847 0.915709 38.5708 0.048868 0.998692 -0.0150395 1.4411 -0.915014 0.0387263 -0.401559 3.5482
-0.408777 0.0344432 0.911984 39.2177 0.0507778 0.998598 -0.0149543 1.44442 -0.91122 0.0401956 -0.409952 3.23227
-0.41565 0.0381173 0.908725 39.9151 0.0534414 0.998418 -0.0174356 1.46418 -0.907953 0.0413165 -0.41703 2.87603
-0.421548 0.0421064 0.905828 40.549 0.0563515 0.998207 -0.0201761 1.47332 -0.905053 0.0425396 -0.423164 2.54782
-0.421596 0.0482845 0.905497 41.1956 0.0595665 0.997899 -0.0254778 1.48845 -0.904825 0.0431959 -0.423587 2.20748
-0.418039 0.0529765 0.906883 41.9521 0.0594291 0.997754 -0.0308902 1.49875 -0.906483 0.0409819 -0.420248 1.79574
-0.412441 0.0543892 0.909359 42.6958 0.0607279 0.997637 -0.032126 1.50177 -0.908958 0.0419733 -0.41477 1.4426
-0.404907 0.0551278 0.912694 43.4725 0.0577573 0.997729 -0.0346407 1.50222 -0.912532 0.0386885 -0.407171 1.10697
-0.397505 0.0549661 0.915952 44.2857 0.0544664 0.997857 -0.036244 1.48702 -0.915982 0.0354814 -0.399647 0.770078
-0.389769 0.0566786 0.919167 45.1018 0.0513285 0.997889 -0.0397673 1.48616 -0.919481 0.0316794 -0.391855 0.432543
-0.382802 0.0577227 0.922025 45.9644 0.0477447 0.997948 -0.0426534 1.47524 -0.922596 0.027694 -0.384772 0.0858707
-0.377848 0.0582748 0.924032 46.8473 0.0440745 0.998017 -0.0449182 1.4538 -0.924818 0.023754 -0.379667 -0.263688
-0.375249 0.0576526 0.925129 47.7109 0.0380517 0.99818 -0.0467706 1.44438 -0.926142 0.0176521 -0.37676 -0.618568
-0.37267 0.0593446 0.926064 48.5907 0.0345786 0.998148 -0.0500487 1.44729 -0.927319 0.0133703 -0.374032 -1.0032
-0.371194 0.0615794 0.926511 49.4871 0.0309158 0.998065 -0.0539492 1.43696 -0.92804 0.00861814 -0.37238 -1.38384
-0.369457 0.0655941 0.926929 50.3831 0.0338585 0.997793 -0.0571134 1.42448 -0.928631 0.0102834 -0.370863 -1.76203
-0.360998 0.0680753 0.930078 51.2689 0.0296062 0.997666 -0.061531 1.3929 -0.932096 0.00532349 -0.362171 -2.16588
-0.352109 0.0628957 0.933843 52.1512 0.032923 0.997954 -0.0548 1.28209 -0.93538 0.0114494 -0.353459 -2.5659
-0.343079 0.0605009 0.937356 53.0649 0.0339881 0.998069 -0.0519797 1.1908 -0.938691 0.0140258 -0.344473 -2.97692
-0.343119 0.0361358 0.938596 54.0157 0.0448093 0.998751 -0.0220711 0.943178 -0.938222 0.0344849 -0.34431 -3.32385
-0.343399 0.020504 0.938966 54.9913 0.0572071 0.998361 -0.000879265 0.787624 -0.937446 0.0534136 -0.344009 -3.6826
-0.340425 0.0147877 0.940155 55.9434 0.0675688 0.997676 0.00877386 0.702014 -0.937841 0.066512 -0.340633 -4.04787
-0.331351 0.00208091 0.943505 56.8643 0.0873445 0.995771 0.0284784 0.597514 -0.939456 0.0918463 -0.330131 -4.40346
-0.347254 -0.0117761 0.937697 56.8034 0.110001 0.992506 0.0532006 0.386265 -0.931297 0.121622 -0.343356 -4.30978
-0.358139 -0.0249613 0.933334 56.7451 0.126977 0.989052 0.0751752 0.178593 -0.924993 0.145436 -0.351049 -4.21939
-0.365956 -0.0381575 0.929849 56.7193 0.139278 0.98566 0.0952626 -0.00484703 -0.920151 0.164369 -0.355393 -4.14385
-0.362438 -0.0355098 0.931331 57.6836 0.140391 0.985791 0.0922211 0.10516 -0.921373 0.164175 -0.352303 -4.51751
-0.359114 -0.0355356 0.932617 58.5786 0.138046 0.98626 0.0907355 0.172616 -0.923028 0.161328 -0.349274 -4.87961
-0.359065 -0.0340821 0.93269 59.4932 0.138433 0.986334 0.089336 0.237836 -0.922989 0.161193 -0.34944 -5.2395
-0.36076 -0.0320443 0.932108 60.409 0.138009 0.986573 0.0873313 0.314227 -0.922391 0.160145 -0.351494 -5.60967
-0.36475 -0.0301932 0.930615 61.3301 0.137173 0.986825 0.0857814 0.405084 -0.920945 0.158945 -0.355803 -5.97411
-0.371001 -0.0311817 0.928109 62.2254 0.136109 0.986816 0.087562 0.491119 -0.918603 0.158809 -0.361866 -6.32413
-0.378271 -0.0329261 0.925109 63.1366 0.134109 0.986874 0.0899609 0.575533 -0.915928 0.158096 -0.36889 -6.67443
-0.384939 -0.0313398 0.92241 64.029 0.135628 0.986652 0.0901227 0.685201 -0.912922 0.159797 -0.37555 -7.01745
-0.392234 -0.0267863 0.919475 64.9239 0.134215 0.987212 0.0860139 0.77725 -0.910021 0.157145 -0.383623 -7.36836
-0.398852 -0.0231689 0.916722 65.8321 0.134238 0.987436 0.0833611 0.870635 -0.907136 0.156308 -0.390731 -7.73598
-0.404215 -0.0200516 0.914444 66.6956 0.131711 0.988063 0.0798866 0.951562 -0.905131 0.152734 -0.39675 -8.09883
-0.409333 -0.0181678 0.912204 67.6183 0.13059 0.98834 0.0782838 1.03483 -0.90299 0.151169 -0.402188 -8.4766
-0.412634 -0.0184728 0.910709 68.5127 0.13135 0.988138 0.0795567 1.10673 -0.901376 0.152449 -0.405313 -8.87768
-0.414682 -0.022189 0.909696 69.4153 0.13651 0.986872 0.0862991 1.21172 -0.899668 0.159969 -0.406209 -9.27898
-0.416147 -0.0270462 0.908895 70.2836 0.134322 0.986763 0.0908639 1.32965 -0.899321 0.159897 -0.407005 -9.6659
-0.416934 -0.0259438 0.908566 71.1614 0.135133 0.986714 0.090187 1.43948 -0.898835 0.16038 -0.407889 -10.0751
-0.417694 -0.0198963 0.90837 72.0308 0.132669 0.987709 0.0826391 1.54779 -0.898849 0.155031 -0.40992 -10.4713
-0.419334 -0.0115943 0.907758 72.9045 0.13313 0.988322 0.0741221 1.6554 -0.898017 0.151932 -0.412894 -10.8569
-0.420367 -0.00524339 0.907339 73.7695 0.138436 0.987905 0.0698461 1.75708 -0.896731 0.15497 -0.414557 -11.2435
-0.4203 -0.0022472 0.907382 74.6096 0.14022 0.987823 0.0673965 1.85106 -0.896485 0.15556 -0.414868 -11.6285
-0.420532 -0.00472357 0.907265 75.5036 0.136884 0.988209 0.068593 1.93201 -0.896892 0.153036 -0.414927 -12.0181
-0.419815 -0.00848483 0.90757 76.3544 0.134861 0.988272 0.0716221 2.00664 -0.897534 0.152464 -0.413747 -12.3894
-0.419449 -0.015395 0.907648 77.2498 0.127899 0.98888 0.0758784 2.09195 -0.898723 0.147914 -0.412816 -12.7948
-0.418663 -0.0188774 0.907946 78.1259 0.119313 0.989974 0.0755991 2.17193 -0.90027 0.13998 -0.412213 -13.1748
-0.417367 -0.0226608 0.908455 79.0108 0.110704 0.990975 0.0755795 2.25082 -0.901969 0.132114 -0.411092 -13.5558
-0.416282 -0.0215453 0.90898 79.8715 0.112177 0.990864 0.0748595 2.32941 -0.902289 0.13313 -0.410062 -13.9204
-0.413048 -0.0180354 0.91053 80.7365 0.114671 0.990816 0.0716445 2.39189 -0.90346 0.134004 -0.407187 -14.3065
-0.40756 -0.0159322 0.913039 81.5867 0.112816 0.991309 0.0676564 2.46448 -0.906183 0.130579 -0.40222 -14.7003
-0.397859 -0.0135429 0.917346 82.4094 0.117331 0.990929 0.0655162 2.5319 -0.909912 0.133699 -0.392661 -15.0736
-0.388199 -0.0109647 0.92151 83.264 0.12269 0.990413 0.0634694 2.58867 -0.913372 0.137699 -0.383132 -15.461
-0.377301 -0.0115621 0.926018 84.138 0.117556 0.991235 0.0602738 2.66031 -0.918599 0.1316 -0.372634 -15.8142
-0.365794 -0.0122218 0.930615 85.0071 0.112263 0.992033 0.0571552 2.74063 -0.9239 0.125381 -0.361508 -16.1392
-0.350106 -0.0148914 0.936592 85.8445 0.11009 0.992289 0.0569295 2.79775 -0.930218 0.123041 -0.345767 -16.4783
-0.336899 -0.016749 0.941391 86.6973 0.109661 0.992338 0.0569001 2.82069 -0.935132 0.122404 -0.332481 -16.7876
-0.321686 -0.0194301 0.946647 87.5359 0.116021 0.991446 0.0597753 2.82324 -0.939711 0.129059 -0.31668 -17.085
-0.308015 -0.0207528 0.951155 88.4098 0.11893 0.991079 0.0601374 2.82265 -0.943918 0.131645 -0.302799 -17.3826
-0.293076 -0.0134948 0.955994 89.26 0.123958 0.990924 0.0519891 2.88489 -0.948019 0.133739 -0.288743 -17.6527
-0.279627 -0.00100787 0.960108 90.1381 0.128887 0.990908 0.038578 2.95466 -0.951418 0.134533 -0.276955 -17.9151
-0.265555 0.00720548 0.964069 91.0299 0.130435 0.991046 0.0285215 3.01729 -0.955231 0.133323 -0.264117 -18.1557
-0.251328 0.00684154 0.967878 91.904 0.126858 0.991581 0.0259321 3.06949 -0.959552 0.129301 -0.25008 -18.4023
-0.237418 0.00502272 0.971394 92.7829 0.123425 0.992037 0.0250367 3.10146 -0.963534 0.125839 -0.236147 -18.6258
-0.225802 0.00725025 0.974146 93.6606 0.119025 0.992685 0.0202011 3.11892 -0.966874 0.120509 -0.225014 -18.8338
-0.216351 0.0142161 0.976212 94.5374 0.115822 0.993206 0.0112052 3.12975 -0.969421 0.115491 -0.216528 -19.0363
-0.208408 0.0207026 0.977823 95.4031 0.107364 0.994217 0.00183313 3.13887 -0.972131 0.105365 -0.209425 -19.2318
-0.204022 0.0246222 0.978656 96.2947 0.101946 0.994782 -0.00377503 3.1433 -0.973643 0.0990002 -0.205468 -19.4197
-0.19851 0.0233732 0.97982 97.1693 0.0966887 0.995305 -0.00415365 3.12235 -0.975317 0.093913 -0.199838 -19.6149
-0.19737 0.0209512 0.980105 98.0568 0.100086 0.994977 -0.00111425 3.06902 -0.975206 0.0978747 -0.198476 -19.7536
-0.192856 0.0135598 0.981133 98.9461 0.0985677 0.995114 0.00562188 3.01396 -0.976263 0.0977923 -0.193251 -19.9092
-0.186976 0.00795404 0.982332 99.836 0.0988441 0.995044 0.0107569 2.98761 -0.977378 0.0991091 -0.186836 -20.0883
-0.180245 0.00459026 0.983611 100.731 0.0973896 0.995158 0.0132023 2.97562 -0.978788 0.0981732 -0.179819 -20.2548
-0.173635 0.0037103 0.984803 101.608 0.0873875 0.996105 0.0116548 2.96253 -0.980924 0.0880832 -0.173283 -20.4084
-0.168808 0.00373624 0.985642 102.508 0.0818148 0.996594 0.0102344 2.94167 -0.982247 0.0823678 -0.168539 -20.5228
-0.162758 0.00663927 0.986644 103.371 0.0847856 0.996372 0.00728155 2.92192 -0.983016 0.0848384 -0.16273 -20.653
-0.157607 0.0106111 0.987445 104.22 0.0870698 0.996196 0.00319216 2.92033 -0.983655 0.0864798 -0.157931 -20.758
-0.151164 0.00878738 0.988469 105.115 0.085743 0.996308 0.00425539 2.90863 -0.984782 0.0853976 -0.15136 -20.8907
-0.142709 0.00668785 0.989742 106.007 0.0864063 0.996243 0.00572694 2.93662 -0.985985 0.0863373 -0.14275 -21.0242
-0.133914 0.00754414 0.990964 106.907 0.0801329 0.996778 0.00324038 2.94347 -0.987747 0.0798429 -0.134088 -21.1497
-0.129825 0.0120338 0.991464 107.809 0.0782292 0.996933 -0.00185663 2.93566 -0.988445 0.0773205 -0.130369 -21.2386
-0.122059 0.0128675 0.992439 108.683 0.0779837 0.996948 -0.00333486 2.90427 -0.989453 0.0769871 -0.12269 -21.3571
-0.112406 0.0135055 0.99357 109.57 0.0760793 0.997089 -0.00494624 2.89676 -0.990745 0.0750343 -0.113107 -21.4752
-0.100153 0.00882679 0.994933 110.433 0.0764253 0.997074 -0.00115261 2.84698 -0.992032 0.0759227 -0.100534 -21.5935
-0.0920068 0.00709586 0.995733 111.314 0.0852324 0.99636 0.000775217 2.82345 -0.992103 0.0849401 -0.0922768 -21.6737
-0.0829523 0.00989115 0.996504 112.198 0.0861927 0.996274 -0.00271392 2.83364 -0.992818 0.0856664 -0.0834958 -21.7594
-0.0791695 0.0114406 0.996795 113.09 0.0843468 0.996425 -0.00473717 2.82809 -0.993285 0.0837015 -0.0798515 -21.7992
-0.0740468 0.00732626 0.997228 113.904 0.077401 0.996998 -0.00157736 2.75495 -0.994246 0.0770698 -0.0743916 -21.8333
-0.0698501 0.00386227 0.99755 114.727 0.0745168 0.997218 0.00135679 2.70539 -0.99477 0.0744291 -0.0699437 -21.8678
-0.0649356 0.00223416 0.997887 115.57 0.078527 0.996907 0.00287801 2.67663 -0.994794 0.078548 -0.0649103 -21.9107
-0.0606122 0.00190012 0.998159 116.454 0.0807632 0.996728 0.00300685 2.65909 -0.994888 0.0807969 -0.0605674 -21.9601
-0.0546376 0.00229539 0.998504 117.339 0.0836586 0.996491 0.00228697 2.64488 -0.994994 0.0836585 -0.0546379 -22.0016
-0.0510853 0.000389716 0.998694 118.21 0.0906342 0.995875 0.00424749 2.63364 -0.994572 0.0907329 -0.0509099 -22.0331
-0.0512384 -0.00102241 0.998686 119.04 0.0937394 0.995579 0.00582859 2.62028 -0.994276 0.0939149 -0.0509161 -22.0438
-0.0496728 -0.00123885 0.998765 119.846 0.0953728 0.995423 0.00597797 2.61242 -0.9942 0.095552 -0.0493273 -22.032
-0.0459418 0.000903225 0.998944 120.753 0.0936576 0.995598 0.00340712 2.60541 -0.994543 0.0937152 -0.0458242 -22.0608
-0.044297 0.00375618 0.999011 121.643 0.0902273 0.995921 0.000256178 2.5938 -0.994935 0.0901495 -0.0444552 -22.0896
-0.0447418 0.00429177 0.998989 122.462 0.0880147 0.996119 -0.00033754 2.58665 -0.995113 0.0879107 -0.0449459 -22.0765
-0.045097 0.00366835 0.998976 123.355 0.0871144 0.996198 0.000274464 2.57896 -0.995176 0.0870377 -0.0452452 -22.0993
-0.0447973 -0.000533377 0.998996 124.248 0.0861303 0.996274 0.00439418 2.58129 -0.995275 0.0862408 -0.0445844 -22.1307
-0.0444182 -0.00411739 0.999004 125.146 0.0852374 0.996329 0.0078962 2.58625 -0.995369 0.0855033 -0.0439042 -22.1565
-0.0448256 -0.00456948 0.998984 126.015 0.0865882 0.996208 0.00844208 2.59038 -0.995234 0.0868788 -0.04426 -22.1825
-0.0440299 0.000452412 0.99903 126.891 0.082301 0.996602 0.00317589 2.5992 -0.995633 0.0823611 -0.0439176 -22.2154
-0.0437975 0.00532468 0.999026 127.741 0.0820699 0.996624 -0.00171394 2.60195 -0.995663 0.081915 -0.0440867 -22.241
-0.0431384 0.0054602 0.999054 128.62 0.0755147 0.997142 -0.0021891 2.60095 -0.99621 0.0753489 -0.0434275 -22.2738
-0.0423733 0.00644005 0.999081 129.489 0.0742325 0.997235 -0.00327981 2.59596 -0.996339 0.0740254 -0.0427342 -22.2955
-0.0423356 0.00641455 0.999083 130.363 0.0746464 0.997204 -0.0032394 2.59737 -0.99631 0.0744409 -0.0426961 -22.3328
-0.0418301 0.00910768 0.999083 131.246 0.0677032 0.997685 -0.00626033 2.60163 -0.996827 0.0673793 -0.0423499 -22.3739
-0.0411139 0.0135857 0.999062 132.107 0.0580055 0.998253 -0.0111876 2.60728 -0.997468 0.0574912 -0.0418301 -22.4001
-0.0400015 0.0190647 0.999018 132.974 0.0488435 0.998659 -0.0171021 2.60492 -0.998004 0.0481115 -0.0408791 -22.4291
-0.0400462 0.0232968 0.998926 133.826 0.0437753 0.998809 -0.0215391 2.58905 -0.998237 0.0428658 -0.0410183 -22.4669
-0.0337126 0.02527 0.999112 134.663 0.0388993 0.998955 -0.0239535 2.56489 -0.998673 0.0380573 -0.0346605 -22.5406
-0.023913 0.0229608 0.99945 135.47 0.0328822 0.999213 -0.0221686 2.52327 -0.999172 0.0323341 -0.0246492 -22.6082
-0.0210041 0.0155589 0.999658 136.166 0.0221115 0.999641 -0.015094 2.47202 -0.999534 0.021787 -0.0213406 -22.646
-0.0185244 0.00778845 0.999798 136.86 0.0175284 0.999818 -0.00746386 2.41934 -0.999674 0.0173866 -0.0186576 -22.6677
-0.0150648 0.00499214 0.999874 137.604 0.0370985 0.999301 -0.00443035 2.41113 -0.999197 0.0370272 -0.0152395 -22.6977
-0.00972673 0.0054599 0.999938 138.338 0.0411136 0.999141 -0.00505564 2.3979 -0.999106 0.041062 -0.00994291 -22.7186
-0.00511082 0.0108076 0.999928 139.102 0.0411772 0.999095 -0.0105882 2.38193 -0.999138 0.0411202 -0.00555127 -22.7308
0.00412358 0.01683 0.99985 139.896 0.0452927 0.998828 -0.0169996 2.3871 -0.998964 0.0453561 0.00335642 -22.7469
0.0122672 0.0184008 0.999755 140.656 0.0420706 0.998935 -0.0189019 2.38614 -0.999038 0.0422922 0.01148 -22.7363
0.0209069 0.0162282 0.99965 141.388 0.0431891 0.99892 -0.0171196 2.38864 -0.998847 0.043532 0.0201833 -22.7166
0.0314667 0.0149825 0.999392 142.072 0.0475501 0.998732 -0.0164698 2.3685 -0.998372 0.0480396 0.0307143 -22.6959
0.0365659 0.0399406 0.998533 142.168 0.0591411 0.997362 -0.0420596 2.5572 -0.997579 0.0605923 0.0341073 -22.7013
0.0485666 0.0623102 0.996874 142.264 0.0235759 0.997702 -0.0635105 2.67551 -0.998541 0.0265868 0.0469859 -22.7295
0.0580535 0.0739952 0.995567 142.367 0.0163461 0.997045 -0.0750582 2.76669 -0.998179 0.0206311 0.0566723 -22.7394
0.0392722 0.083339 0.995747 141.848 -9.37655e-05 0.996516 -0.0833997 2.85661 -0.999228 0.00318201 0.0391431 -22.6901
0.0535305 0.0906756 0.994441 142.065 -0.00576153 0.995879 -0.0904967 2.86447 -0.998549 -0.000885076 0.0538323 -22.7094
0.061073 0.099822 0.993129 142.173 -0.0121086 0.994987 -0.0992641 2.88385 -0.998059 -0.00596297 0.0619755 -22.7021
0.0702566 0.116278 0.990729 141.971 -0.0127139 0.993206 -0.115667 2.98205 -0.997447 -0.00446958 0.0712576 -22.725
0.0829908 0.116527 0.989714 142.345 -0.0203713 0.99313 -0.115221 2.93451 -0.996341 -0.0105993 0.0847944 -22.6923
0.0934771 0.117653 0.988645 142.493 -0.0203546 0.993011 -0.116248 2.94315 -0.995412 -0.00925684 0.0952185 -22.6704
0.0944424 0.121682 0.988066 142.379 -0.0294278 0.992409 -0.119404 2.97292 -0.995094 -0.0177997 0.0973062 -22.6118
0.0979348 0.14827 0.984086 142.279 -0.0227459 0.988914 -0.146734 3.013 -0.994932 -0.00801343 0.100222 -22.5545
0.103236 0.157646 0.982084 142.274 -0.0226758 0.987476 -0.156128 3.07998 -0.994397 -0.00615133 0.105518 -22.5345
0.103167 0.168967 0.980207 142.255 -0.0403083 0.985366 -0.165614 3.12637 -0.993846 -0.0224246 0.108468 -22.5153
0.100183 0.170511 0.98025 142.404 -0.0576217 0.984546 -0.165369 3.11988 -0.993298 -0.0399165 0.108459 -22.4739
0.094246 0.169105 0.981082 142.429 -0.0421761 0.985261 -0.165774 3.13445 -0.994654 -0.0257546 0.099989 -22.4242
0.0918189 0.168985 0.981332 142.529 -0.00321998 0.98554 -0.169408 3.15857 -0.99577 0.0123951 0.0910353 -22.3721
0.0960588 0.173667 0.980108 143.268 -0.000161284 0.984664 -0.174458 3.07558 -0.995375 0.0166002 0.0946136 -22.3762
0.0960446 0.176782 0.979553 144.007 -0.00172481 0.98413 -0.177439 2.96658 -0.995374 0.0153526 0.0948252 -22.3513
0.0926815 0.177385 0.979768 144.733 -0.00415798 0.984063 -0.17777 2.84291 -0.995686 0.0124022 0.0919418 -22.2976
0.0881986 0.178329 0.98001 145.458 -0.00290359 0.983885 -0.178773 2.72299 -0.996098 0.0129221 0.087295 -22.2416
0.0826098 0.180735 0.980056 146.172 -0.00814881 0.983507 -0.180684 2.61775 -0.996548 0.00694008 0.08272 -22.1837
0.0754295 0.192629 0.978368 146.049 0.0129614 0.980891 -0.194125 2.70317 -0.997066 0.0273239 0.0714912 -22.2149
0.0732194 0.191217 0.978813 146.128 0.0216682 0.98091 -0.193248 2.6986 -0.997079 0.0353586 0.0676783 -22.2583
0.0645781 0.193596 0.978954 146.445 0.0212004 0.980513 -0.195303 2.67131 -0.997686 0.0333666 0.0592153 -22.2417
0.0451381 0.190139 0.980719 146.524 0.00974891 0.981588 -0.190757 2.61677 -0.998932 0.0181714 0.0424534 -22.2039
0.0311732 0.191469 0.981004 146.593 0.0224782 0.981097 -0.192202 2.57587 -0.99926 0.0280428 0.02628 -22.1805
0.0197756 0.197423 0.980119 146.698 0.0363846 0.979519 -0.198036 2.5972 -0.999141 0.0395776 0.0121874 -22.1717
0.0152737 0.204197 0.978811 146.845 0.0390356 0.978056 -0.204648 2.64906 -0.99912 0.0413342 0.00696754 -22.1973
-0.00659801 0.201714 0.979422 146.723 0.0260588 0.979145 -0.201481 2.63451 -0.999638 0.0241932 -0.0117168 -22.1575
-0.0200397 0.205989 0.978349 146.791 0.0154545 0.978492 -0.205702 2.65976 -0.999679 0.0109977 -0.0227921 -22.1326
-0.036674 0.223188 0.974085 146.714 0.0313047 0.974519 -0.222109 2.76838 -0.998836 0.0223479 -0.0427263 -22.0787
-0.0451335 0.227496 0.972732 146.716 0.00729552 0.973773 -0.227401 2.78558 -0.998953 -0.00316675 -0.0456095 -22.0836
-0.0436627 0.230646 0.972058 146.614 0.0113616 0.973037 -0.230368 2.81937 -0.99898 0.00098571 -0.0451059 -22.115
-0.0341518 0.225943 0.973542 147.055 -0.00101702 0.974101 -0.226108 2.70291 -0.999415 -0.00871203 -0.0330375 -22.1237
-0.0402972 0.215441 0.975685 147.084 -0.00708088 0.976392 -0.21589 2.76825 -0.999161 -0.0156084 -0.0378204 -22.1129
-0.0517488 0.213259 0.975624 146.976 -0.0534267 0.974943 -0.215943 2.85393 -0.997229 -0.0632991 -0.0390584 -22.1292
-0.0514575 0.207708 0.976837 147.018 -0.103257 0.971783 -0.212073 2.83501 -0.993321 -0.111778 -0.0285582 -22.1447
-0.0375295 0.209989 0.976983 147.373 -0.112704 0.970544 -0.212934 2.84049 -0.992918 -0.118101 -0.0127576 -22.1711
-0.0481244 0.213723 0.975708 147.287 -0.122263 0.968233 -0.218116 2.92681 -0.991329 -0.12979 -0.0204653 -22.1393
-0.0432814 0.211375 0.976446 147.224 -0.15614 0.96392 -0.215585 2.95813 -0.986785 -0.161793 -0.00871562 -22.1728
-0.0317086 0.200224 0.979237 147.16 -0.184281 0.961761 -0.202618 3.00245 -0.982361 -0.18688 0.00640133 -22.1995
-0.0185749 0.199365 0.979749 147.708 -0.192797 0.960813 -0.199167 2.90502 -0.981062 -0.192592 0.0205899 -22.1682
-0.00413454 0.195143 0.980766 148.301 -0.199829 0.960831 -0.192019 2.77311 -0.979821 -0.196779 0.0350224 -22.1345
0.00865918 0.192738 0.981212 148.878 -0.199901 0.961775 -0.187156 2.66 -0.979777 -0.194525 0.0468567 -22.0977
0.0193905 0.19464 0.980683 149.474 -0.194859 0.962793 -0.187237 2.58095 -0.980638 -0.187464 0.0565963 -22.048
0.0277007 0.200495 0.979303 150.065 -0.200782 0.960828 -0.191034 2.49594 -0.979243 -0.191334 0.0668714 -21.9987
0.0370396 0.209338 0.977141 150.678 -0.202702 0.959059 -0.19778 2.39804 -0.978538 -0.190743 0.0779563 -21.9434
0.0475912 0.221165 0.974074 151.282 -0.200147 0.957513 -0.207626 2.29006 -0.978608 -0.185077 0.0898346 -21.8661
0.0554419 0.230074 0.971592 151.886 -0.193005 0.957205 -0.215653 2.17076 -0.979629 -0.175566 0.0974744 -21.7889
0.060807 0.228736 0.971587 152.487 -0.193989 0.957536 -0.213287 2.05509 -0.979116 -0.175508 0.102597 -21.7072
0.0659706 0.221969 0.972819 153.098 -0.197695 0.958523 -0.205301 1.93879 -0.97804 -0.178777 0.107116 -21.6274
0.0704304 0.21211 0.974704 153.737 -0.20198 0.959922 -0.194299 1.81653 -0.976853 -0.183186 0.11045 -21.5611
0.0712032 0.205884 0.975982 154.328 -0.202958 0.960987 -0.187914 1.71238 -0.976594 -0.184703 0.110211 -21.4779
0.0715373 0.207498 0.975616 154.96 -0.202327 0.960806 -0.189513 1.59758 -0.9767 -0.183836 0.110716 -21.4066
0.0737117 0.211065 0.974689 155.591 -0.19927 0.960755 -0.192978 1.48051 -0.977167 -0.180001 0.112878 -21.3343
0.074313 0.212454 0.974341 156.186 -0.197616 0.960804 -0.19443 1.3734 -0.977457 -0.178096 0.113384 -21.2558
0.0749693 0.211373 0.974526 156.803 -0.202383 0.960162 -0.192689 1.26664 -0.976431 -0.182782 0.114761 -21.1849
0.076856 0.209231 0.974841 157.423 -0.204428 0.960267 -0.189986 1.16145 -0.975858 -0.184683 0.116575 -21.1156
0.0789106 0.205962 0.975373 158.044 -0.204012 0.961052 -0.186433 1.05873 -0.975782 -0.184276 0.117856 -21.046
0.0831879 0.205533 0.975108 158.679 -0.205834 0.960943 -0.184988 0.950994 -0.975043 -0.185321 0.122244 -20.9685
0.0884812 0.206032 0.974536 159.301 -0.209155 0.960404 -0.184055 0.842464 -0.97387 -0.187544 0.12807 -20.8867
0.0965772 0.205294 0.973923 159.917 -0.211274 0.960427 -0.181499 0.730967 -0.972643 -0.188236 0.136129 -20.7979
0.104395 0.20662 0.972836 160.522 -0.216101 0.959522 -0.180602 0.608428 -0.970773 -0.191376 0.14482 -20.6974
0.116309 0.207775 0.971237 161.127 -0.217866 0.959395 -0.179151 0.490084 -0.969022 -0.190762 0.156853 -20.5843
0.127632 0.213246 0.968626 161.73 -0.22411 0.957555 -0.181278 0.369893 -0.966169 -0.193942 0.170005 -20.4548
0.139335 0.215705 0.966466 162.368 -0.227663 0.95682 -0.18073 0.239394 -0.963718 -0.194847 0.182426 -20.3118
0.150915 0.216726 0.964497 163.006 -0.229546 0.956686 -0.179054 0.109155 -0.961525 -0.194375 0.194127 -20.1611
0.162039 0.213658 0.963376 163.635 -0.232317 0.957096 -0.17319 -0.0141671 -0.959046 -0.195745 0.204723 -20.0058
0.173666 0.211587 0.961806 164.263 -0.234231 0.957494 -0.168345 -0.134465 -0.956543 -0.196048 0.215844 -19.8436
0.184744 0.210353 0.960011 164.9 -0.238074 0.95731 -0.163946 -0.25182 -0.953514 -0.198265 0.226937 -19.6626
0.193737 0.207799 0.958794 165.536 -0.243615 0.956889 -0.158161 -0.364572 -0.950324 -0.202935 0.236008 -19.4757
0.199585 0.208083 0.957532 166.17 -0.248106 0.956081 -0.156053 -0.479466 -0.947949 -0.206423 0.242446 -19.2912
0.203129 0.205276 0.957392 166.799 -0.250197 0.956199 -0.151936 -0.58945 -0.946646 -0.208674 0.245591 -19.1058
0.205578 0.201464 0.957679 167.445 -0.246576 0.957673 -0.148532 -0.699828 -0.947067 -0.205606 0.246553 -18.9205
0.206144 0.20235 0.957371 168.089 -0.241768 0.958584 -0.150548 -0.814712 -0.948183 -0.200426 0.246528 -18.74
0.206118 0.202123 0.957424 168.755 -0.239339 0.959129 -0.150957 -0.940778 -0.948804 -0.198033 0.246069 -18.5697
0.205108 0.205002 0.957029 169.455 -0.237993 0.958916 -0.1544 -1.04401 -0.949362 -0.196098 0.24547 -18.3852
0.205124 0.205061 0.957013 170.159 -0.236287 0.959257 -0.154897 -1.14736 -0.949784 -0.194356 0.24522 -18.2129
0.20589 0.200611 0.957791 170.826 -0.230035 0.961256 -0.151888 -1.24973 -0.951152 -0.189053 0.24406 -18.0431
0.203908 0.199446 0.958458 171.517 -0.230874 0.96121 -0.150902 -1.35457 -0.951376 -0.190513 0.242045 -17.8533
0.200911 0.199954 0.958985 172.209 -0.233147 0.960576 -0.151441 -1.4686 -0.951459 -0.193159 0.239609 -17.6724
0.198533 0.199153 0.959647 172.9 -0.232844 0.960688 -0.151198 -1.58173 -0.952032 -0.19343 0.2371 -17.4905
0.19528 0.199235 0.960297 173.618 -0.235099 0.960109 -0.151388 -1.70406 -0.952151 -0.196202 0.23433 -17.2988
0.194391 0.200799 0.960152 174.361 -0.234601 0.959934 -0.153257 -1.83076 -0.952456 -0.19546 0.23371 -17.1174
0.192932 0.204414 0.959683 175.071 -0.233296 0.959567 -0.157489 -1.96804 -0.953073 -0.193505 0.23282 -16.9311
0.191566 0.209762 0.958802 175.779 -0.2332 0.958647 -0.163135 -2.10447 -0.953372 -0.192342 0.23256 -16.7531
0.187992 0.208683 0.959745 176.447 -0.231063 0.959138 -0.163292 -2.22762 -0.954603 -0.191064 0.228529 -16.5387
0.182308 0.204993 0.961635 177.139 -0.232273 0.959322 -0.160466 -2.35325 -0.955411 -0.194107 0.222506 -16.3256
0.180175 0.199656 0.963158 177.835 -0.229595 0.960672 -0.15619 -2.47609 -0.956462 -0.192995 0.218928 -16.1176
0.174217 0.199367 0.964314 178.548 -0.232389 0.959952 -0.156481 -2.59755 -0.956892 -0.196834 0.21357 -15.9106
0.166538 0.1985 0.965848 179.271 -0.233335 0.95964 -0.15699 -2.72714 -0.958028 -0.199221 0.206133 -15.7171
0.155797 0.197916 0.967758 179.982 -0.233963 0.959237 -0.158509 -2.85474 -0.95968 -0.201724 0.195751 -15.5394
0.144347 0.19656 0.969808 180.706 -0.232106 0.959455 -0.159915 -2.98274 -0.961919 -0.202015 0.184116 -15.3727
0.132169 0.199114 0.971022 181.428 -0.225948 0.959878 -0.166074 -3.11086 -0.96513 -0.197451 0.171856 -15.2231
0.119187 0.202473 0.972008 182.148 -0.222594 0.959515 -0.172576 -3.2449 -0.967597 -0.195794 0.15943 -15.0865
0.106217 0.201122 0.97379 182.855 -0.225042 0.958782 -0.173475 -3.39368 -0.968541 -0.200718 0.147099 -14.9864
0.0956025 0.193435 0.976444 183.574 -0.219027 0.960984 -0.168927 -3.53456 -0.971022 -0.197718 0.13424 -14.8765
0.0867894 0.186295 0.978653 184.283 -0.212585 0.963196 -0.1645 -3.6714 -0.973279 -0.19377 0.123199 -14.7644
0.0792411 0.179834 0.9805 185.015 -0.210559 0.96442 -0.159868 -3.8059 -0.974363 -0.193785 0.114287 -14.6681
0.0714055 0.176995 0.981618 185.743 -0.220231 0.96264 -0.157553 -3.92987 -0.972829 -0.204932 0.107717 -14.5816
0.0707405 0.175627 0.981912 186.472 -0.214529 0.964021 -0.156971 -4.07496 -0.974151 -0.199544 0.105872 -14.5065
0.0681496 0.17449 0.982297 187.176 -0.215001 0.964021 -0.156327 -4.21379 -0.974232 -0.200541 0.103213 -14.4413
0.0669994 0.175947 0.982117 187.885 -0.217396 0.963254 -0.157737 -4.34964 -0.97378 -0.20294 0.102787 -14.3768
0.0687558 0.174909 0.982181 188.698 -0.225139 0.961834 -0.155525 -4.53616 -0.971897 -0.210433 0.10551 -14.312
0.072013 0.173223 0.982246 189.387 -0.229873 0.961174 -0.152654 -4.68081 -0.970552 -0.214798 0.109036 -14.296
0.0767784 0.171614 0.982168 190.1 -0.234481 0.960555 -0.149508 -4.82814 -0.969083 -0.218821 0.11399 -14.264
0.0816944 0.1691 0.982207 190.892 -0.234022 0.961203 -0.14602 -4.97775 -0.968792 -0.217929 0.118098 -14.1909
0.0863946 0.168404 0.981924 191.661 -0.232033 0.961906 -0.144556 -5.11998 -0.968862 -0.21535 0.122179 -14.1275
0.0919821 0.167355 0.981596 192.414 -0.232209 0.962202 -0.142289 -5.25216 -0.968306 -0.214847 0.127366 -14.065
0.0969987 0.167101 0.981157 193.202 -0.236712 0.961392 -0.140333 -5.36216 -0.966724 -0.218639 0.132808 -13.9606
0.101159 0.163722 0.981306 193.924 -0.237077 0.961917 -0.136047 -5.45957 -0.966208 -0.218883 0.136121 -13.8569
0.106764 0.160708 0.98121 194.671 -0.235577 0.96284 -0.132067 -5.56541 -0.965972 -0.21705 0.140656 -13.7297
0.109487 0.160602 0.980928 195.457 -0.236928 0.962633 -0.131161 -5.67605 -0.965337 -0.218049 0.143446 -13.5898
0.113304 0.165058 0.979754 196.211 -0.245374 0.960208 -0.133388 -5.7866 -0.962783 -0.225293 0.149296 -13.4629
0.11709 0.16997 0.978468 196.961 -0.251425 0.958222 -0.136366 -5.89606 -0.960767 -0.230044 0.154932 -13.3225
0.121427 0.172358 0.977521 197.737 -0.257154 0.956648 -0.136734 -6.01611 -0.95871 -0.23477 0.160485 -13.1855
0.126013 0.171917 0.977018 198.501 -0.260193 0.956118 -0.13468 -6.12737 -0.957297 -0.237242 0.165214 -13.0325
0.128602 0.17485 0.97616 199.246 -0.261308 0.955522 -0.136728 -6.23972 -0.956649 -0.237495 0.168571 -12.8843
0.141309 0.172713 0.974783 199.936 -0.26753 0.954689 -0.13037 -6.42179 -0.95313 -0.242361 0.181112 -12.8332
0.152989 0.168681 0.973725 200.668 -0.269987 0.954974 -0.123013 -6.5952 -0.950631 -0.244074 0.191641 -12.7498
0.164273 0.163737 0.97273 201.431 -0.270897 0.955699 -0.115122 -6.75464 -0.948487 -0.244598 0.201351 -12.6408
0.1733 0.160824 0.971649 202.186 -0.270485 0.956412 -0.110059 -6.8953 -0.946996 -0.243743 0.209246 -12.5018
0.181057 0.159181 0.970505 202.936 -0.268968 0.957207 -0.106821 -7.02679 -0.945976 -0.241694 0.216124 -12.351
0.189302 0.158651 0.969017 203.688 -0.268423 0.957632 -0.104349 -7.14819 -0.944516 -0.240353 0.223867 -12.1912
0.195573 0.155098 0.968347 204.42 -0.272771 0.957054 -0.0981988 -7.25604 -0.94199 -0.244932 0.229479 -12.0232
0.203464 0.152756 0.967092 205.137 -0.277429 0.956265 -0.0926782 -7.35612 -0.938953 -0.249443 0.236945 -11.8392
0.212066 0.153973 0.965049 205.877 -0.276968 0.956489 -0.091745 -7.4638 -0.937184 -0.247831 0.245484 -11.6742
0.220239 0.160409 0.962166 206.607 -0.276693 0.956144 -0.0960703 -7.56565 -0.935379 -0.245066 0.254964 -11.5121
0.226881 0.164116 0.959995 207.338 -0.281551 0.954665 -0.0966642 -7.66139 -0.932337 -0.248356 0.262802 -11.3319
0.231873 0.162103 0.959144 208.059 -0.288634 0.953076 -0.0913003 -7.7407 -0.928936 -0.255672 0.267781 -11.1303
0.236009 0.152751 0.95967 208.805 -0.287533 0.954323 -0.081188 -7.81038 -0.928236 -0.256775 0.26915 -10.925
0.240781 0.139713 0.960471 209.574 -0.28066 0.957331 -0.0688974 -7.8826 -0.929113 -0.252977 0.269719 -10.718
0.243391 0.131616 0.960957 210.329 -0.283796 0.957055 -0.0592015 -7.94455 -0.927479 -0.258306 0.270291 -10.5052
0.247491 0.128438 0.960339 211.106 -0.282524 0.957666 -0.0552704 -8.0191 -0.926782 -0.25764 0.2733 -10.2869
0.250257 0.133376 0.958948 211.853 -0.286209 0.95639 -0.0583279 -8.08551 -0.924907 -0.259863 0.277516 -10.0568
0.253859 0.138394 0.957289 212.587 -0.284936 0.956492 -0.0627175 -8.14821 -0.924318 -0.256845 0.282247 -9.82333
0.258578 0.14208 0.955484 213.344 -0.283651 0.956688 -0.0654955 -8.2083 -0.923405 -0.254089 0.28768 -9.58583
0.263294 0.145572 0.953669 214.096 -0.285055 0.956149 -0.0672506 -8.26483 -0.921638 -0.254141 0.293244 -9.34396
0.267422 0.14827 0.952104 214.867 -0.284712 0.956131 -0.0689283 -8.31295 -0.920555 -0.252643 0.297905 -9.10098
0.271627 0.146491 0.951188 215.633 -0.28134 0.95726 -0.0670853 -8.36327 -0.920361 -0.249385 0.301231 -8.85602
0.276552 0.145405 0.949935 216.429 -0.281716 0.957326 -0.0645207 -8.38596 -0.918777 -0.249768 0.305713 -8.60385
0.27901 0.142622 0.949638 217.151 -0.278549 0.958412 -0.0620999 -8.40634 -0.919 -0.247194 0.307133 -8.38524
0.283255 0.139221 0.948886 217.923 -0.278115 0.958816 -0.0576568 -8.45097 -0.917832 -0.247568 0.310308 -8.15641
0.286225 0.1354 0.948547 218.713 -0.277253 0.959318 -0.0532757 -8.5022 -0.917171 -0.247739 0.312121 -7.91718
0.288746 0.130186 0.948513 219.48 -0.276723 0.959775 -0.0474914 -8.54632 -0.916541 -0.248763 0.313156 -7.67474
0.291002 0.131883 0.947589 220.245 -0.279249 0.959032 -0.0477185 -8.59625 -0.91506 -0.250727 0.315908 -7.43142
0.293273 0.143345 0.945221 220.995 -0.288445 0.955888 -0.0554666 -8.65125 -0.911475 -0.256377 0.321683 -7.1734
0.294114 0.156728 0.942832 221.728 -0.289513 0.954727 -0.0683918 -8.71352 -0.910865 -0.252847 0.326173 -6.9153
0.295317 0.164235 0.941177 222.482 -0.290219 0.953984 -0.0754066 -8.78059 -0.910251 -0.250879 0.329392 -6.65259
0.296741 0.160888 0.941307 223.234 -0.289065 0.954595 -0.0720331 -8.84278 -0.910156 -0.250723 0.329774 -6.3926
0.295587 0.157056 0.942317 223.988 -0.290614 0.954427 -0.0679137 -8.88121 -0.910038 -0.253776 0.327758 -6.10088
0.303736 0.154065 0.940217 224.76 -0.290028 0.954956 -0.0627867 -8.99932 -0.907538 -0.253619 0.334737 -5.90625
0.307953 0.153081 0.939005 225.57 -0.2893 0.955301 -0.0608595 -9.10836 -0.906349 -0.252912 0.338474 -5.65544
0.314261 0.149927 0.937423 226.343 -0.285571 0.956645 -0.0572658 -9.20747 -0.905365 -0.249705 0.343451 -5.4092
0.318994 0.144448 0.936684 227.115 -0.284382 0.957364 -0.0507887 -9.30097 -0.904084 -0.250175 0.346471 -5.16031
0.322842 0.140887 0.935908 227.872 -0.286651 0.956969 -0.0451768 -9.38488 -0.901999 -0.253694 0.349334 -4.9032
0.325657 0.140963 0.934921 228.685 -0.289677 0.956146 -0.0432609 -9.45813 -0.900018 -0.256737 0.352209 -4.59789
0.330121 0.14336 0.932989 229.45 -0.2877 0.956653 -0.0451984 -9.5293 -0.899025 -0.2535 0.357056 -4.31438
0.332502 0.144045 0.932037 230.179 -0.287636 0.95667 -0.0452384 -9.591 -0.898168 -0.253046 0.359527 -4.03314
0.335196 0.141371 0.931481 230.957 -0.286184 0.95724 -0.0422959 -9.6393 -0.89763 -0.252397 0.361321 -3.73273
0.340261 0.137619 0.930206 231.74 -0.284217 0.958015 -0.0377692 -9.69059 -0.896348 -0.251529 0.365089 -3.43363
0.345651 0.135844 0.928478 232.51 -0.284438 0.958081 -0.0342849 -9.72772 -0.894214 -0.252244 0.3698 -3.13811
0.352245 0.134504 0.926192 233.271 -0.279086 0.959691 -0.033228 -9.75819 -0.893326 -0.246783 0.375584 -2.85073
