1.0000 0.0000 0.0000 0.0000 0.0000 1.0000 0.0000 0.0000 0.0000 0.0000 1.0000 -0.7500
1.0000 0.0027 0.0045 -0.0272 -0.0027 1.0000 0.0032 -0.0140 -0.0045 -0.0032 1.0000 -1.1775
1.0000 0.0013 0.0023 -0.0130 -0.0013 1.0000 0.0016 -0.0065 -0.0023 -0.0016 1.0000 -0.5888
1.0000 -0.0000 0.0010 0.0040 0.0000 1.0000 0.0018 0.0093 -0.0010 -0.0018 1.0000 -0.5573
1.0000 0.0013 0.0033 -0.0096 -0.0013 1.0000 0.0034 0.0018 -0.0033 -0.0034 1.0000 -1.1461
1.0000 0.0002 0.0025 -0.0081 -0.0002 1.0000 0.0018 0.0006 -0.0025 -0.0018 1.0000 -0.5808
1.0000 0.0036 0.0030 0.0495 -0.0037 1.0000 0.0048 -0.0099 -0.0030 -0.0048 1.0000 -1.2588
1.0000 0.0018 0.0015 0.0253 -0.0018 1.0000 0.0024 -0.0042 -0.0015 -0.0024 1.0000 -0.6294
1.0000 0.0002 0.0025 -0.0081 -0.0002 1.0000 0.0018 0.0006 -0.0025 -0.0018 1.0000 -0.5808
1.0000 0.0027 0.0015 -0.0026 -0.0027 1.0000 0.0021 0.0063 -0.0015 -0.0021 1.0000 -0.5362
1.0000 0.0045 0.0030 0.0217 -0.0045 1.0000 0.0045 0.0007 -0.0030 -0.0045 1.0000 -1.1656
1.0000 0.0009 0.0002 0.0375 -0.0009 1.0000 0.0010 -0.0021 -0.0002 -0.0010 1.0000 -0.6012
1.0000 0.0009 0.0002 0.0375 -0.0009 1.0000 0.0010 -0.0021 -0.0002 -0.0010 1.0000 -0.6012
1.0000 -0.0001 0.0005 0.0267 0.0001 1.0000 -0.0006 0.0132 -0.0005 0.0006 1.0000 -0.5839
1.0000 -0.0001 0.0005 0.0267 0.0001 1.0000 -0.0006 0.0132 -0.0005 0.0006 1.0000 -0.5839
1.0000 0.0002 -0.0005 0.0497 -0.0002 1.0000 -0.0000 0.0211 0.0005 0.0000 1.0000 -0.6018
1.0000 -0.0020 0.0013 0.0362 0.0020 1.0000 0.0054 0.0234 -0.0013 -0.0054 1.0000 -1.2080
1.0000 -0.0010 0.0006 0.0183 0.0010 1.0000 0.0027 0.0125 -0.0006 -0.0027 1.0000 -0.6040
1.0000 -0.0018 0.0011 0.0121 0.0018 1.0000 0.0037 0.0083 -0.0011 -0.0037 1.0000 -0.6087
1.0000 -0.0028 0.0018 0.0297 0.0028 1.0000 0.0064 0.0187 -0.0018 -0.0064 1.0000 -1.2128
1.0000 -0.0013 -0.0008 0.0635 0.0013 1.0000 0.0042 -0.0079 0.0008 -0.0042 1.0000 -0.6661
1.0000 -0.0045 -0.0003 0.0867 0.0045 1.0000 0.0005 -0.0031 0.0003 -0.0005 1.0000 -1.3553
1.0000 -0.0023 -0.0002 0.0433 0.0023 1.0000 0.0003 -0.0015 0.0002 -0.0003 1.0000 -0.6776
1.0000 -0.0022 0.0004 0.0264 0.0022 1.0000 -0.0068 0.0037 -0.0004 0.0068 1.0000 -0.6685
1.0000 -0.0012 0.0018 -0.0274 0.0013 0.9998 -0.0203 0.0169 -0.0018 0.0203 0.9998 -1.2482
1.0000 -0.0027 0.0043 -0.0490 0.0028 0.9997 -0.0230 0.0436 -0.0042 0.0230 0.9997 -1.9681
1.0000 -0.0054 0.0062 -0.0773 0.0055 0.9999 -0.0158 0.0711 -0.0061 0.0158 0.9999 -2.6522
1.0000 -0.0019 0.0018 -0.0203 0.0019 1.0000 0.0004 0.0251 -0.0018 -0.0004 1.0000 -0.6780
1.0000 -0.0045 0.0002 0.0694 0.0045 1.0000 -0.0065 0.0069 -0.0002 0.0065 1.0000 -1.3461
1.0000 -0.0025 0.0016 -0.0154 0.0025 1.0000 0.0060 0.0269 -0.0016 -0.0060 1.0000 -0.6791
1.0000 0.0009 0.0043 -0.0385 -0.0009 0.9999 0.0120 -0.0192 -0.0043 -0.0120 0.9999 -1.4175
1.0000 0.0037 0.0045 -0.0432 -0.0037 1.0000 0.0044 -0.0266 -0.0045 -0.0045 1.0000 -2.1404
1.0000 0.0054 0.0042 -0.0451 -0.0054 0.9998 -0.0151 0.0701 -0.0043 0.0150 0.9999 -2.9331
0.9999 0.0054 0.0059 -0.0475 -0.0053 0.9998 -0.0208 0.1011 -0.0061 0.0208 0.9998 -3.8106
1.0001 0.0060 0.0064 -0.0562 -0.0060 0.9997 -0.0177 0.1018 -0.0065 0.0176 0.9998 -4.5954
0.9997 0.0088 0.0036 0.0692 -0.0086 1.0002 -0.0179 0.1849 -0.0039 0.0179 0.9998 -5.0450
0.9999 0.0018 -0.0010 0.0549 -0.0017 1.0002 -0.0013 0.0474 0.0009 0.0013 1.0000 -0.6250
1.0000 -0.0060 0.0060 -0.0721 0.0061 0.9999 -0.0102 0.0617 -0.0060 0.0102 0.9999 -2.6535
1.0001 0.0007 -0.0009 -0.0001 -0.0007 0.9999 0.0019 0.0116 0.0009 -0.0019 1.0000 -0.7992
0.9998 -0.0043 -0.0022 0.0352 0.0044 1.0003 0.0055 0.0302 0.0021 -0.0055 1.0000 -1.7104
1.0005 0.0041 -0.0013 -0.0034 -0.0044 0.9991 0.0147 -0.0104 0.0015 -0.0147 0.9999 -2.5730
0.9988 0.0081 -0.0012 -0.0213 -0.0074 1.0015 0.0221 -0.0305 0.0011 -0.0220 0.9997 -3.5211
0.9993 0.0036 -0.0000 -0.0141 -0.0032 1.0010 0.0067 -0.0036 -0.0001 -0.0066 0.9999 -0.9037
1.0000 0.0077 0.0038 0.0136 -0.0076 0.9999 -0.0147 0.1348 -0.0039 0.0147 0.9999 -5.2197
1.0005 -0.0010 -0.0014 0.0167 0.0007 0.9992 0.0053 -0.0053 0.0015 -0.0053 1.0000 -0.9257
0.9990 -0.0012 -0.0008 0.0153 0.0018 1.0015 0.0020 0.0049 0.0006 -0.0020 0.9999 -1.8581
1.0024 -0.0022 0.0021 -0.0087 0.0008 0.9963 -0.0010 0.0204 -0.0015 0.0010 1.0002 -2.7887
0.9942 -0.0024 -0.0014 0.0336 0.0058 1.0089 0.0034 0.0219 0.0000 -0.0033 0.9996 -3.7219
0.9966 -0.0005 -0.0011 0.0143 0.0025 1.0052 0.0017 0.0092 0.0003 -0.0016 0.9998 -0.9320
1.0000 0.0036 -0.0026 0.0131 -0.0036 0.9998 0.0207 -0.0288 0.0027 -0.0207 0.9998 -3.5434
1.0024 -0.0028 0.0006 0.0021 0.0014 0.9963 0.0021 0.0011 -0.0001 -0.0021 1.0002 -0.9501
0.9951 -0.0062 -0.0005 0.0079 0.0090 1.0074 0.0020 0.0146 -0.0007 -0.0020 0.9997 -1.9521
1.0123 -0.0097 0.0032 -0.0119 0.0028 0.9817 0.0002 0.0267 -0.0004 -0.0003 1.0008 -2.8915
1.0074 -0.0033 0.0017 -0.0053 -0.0008 0.9890 -0.0004 0.0090 -0.0000 0.0003 1.0005 -0.9570
1.0000 -0.0047 0.0004 0.0166 0.0047 1.0000 0.0037 0.0127 -0.0004 -0.0037 1.0000 -3.7410
0.9951 0.0030 -0.0039 0.0519 -0.0003 1.0074 -0.0019 0.0335 0.0028 0.0020 0.9997 -0.9729
1.0098 -0.0015 0.0025 -0.0123 -0.0039 0.9853 -0.0015 0.0371 -0.0002 0.0014 1.0006 -1.9968
0.9759 0.0055 -0.0019 0.0260 0.0084 1.0377 -0.0003 0.0097 -0.0038 0.0007 0.9984 -3.0209
0.9855 0.0031 -0.0016 0.0134 0.0052 1.0224 0.0002 -0.0043 -0.0018 -0.0000 0.9991 -1.0127
1.0000 -0.0034 -0.0024 0.0564 0.0034 1.0000 -0.0013 0.0544 0.0025 0.0013 1.0000 -2.9059
1.0098 -0.0097 0.0044 -0.0168 0.0044 0.9853 -0.0028 0.0436 -0.0021 0.0026 1.0006 -1.0087
0.9806 0.0102 0.0020 -0.0152 0.0001 1.0301 -0.0006 -0.0120 -0.0065 0.0009 0.9988 -2.0304
0.9902 0.0051 0.0010 -0.0071 0.0000 1.0149 -0.0003 -0.0061 -0.0032 0.0005 0.9994 -1.0155
1.0000 -0.0075 0.0041 -0.0161 0.0075 1.0000 -0.0033 0.0632 -0.0040 0.0034 1.0000 -3.0200
1.0098 -0.0044 0.0003 0.0116 -0.0007 0.9853 0.0001 0.0254 0.0019 -0.0003 1.0006 -1.0131
0.9806 0.0097 -0.0055 0.0900 0.0004 1.0301 0.0043 -0.0218 0.0012 -0.0038 0.9988 -2.0927
0.9902 0.0048 -0.0028 0.0438 0.0002 1.0150 0.0021 -0.0097 0.0006 -0.0019 0.9994 -1.0467
1.0000 0.0006 0.0014 0.0041 -0.0006 1.0000 -0.0002 0.0193 -0.0014 0.0002 1.0000 -2.0292
1.0099 -0.0037 0.0019 -0.0263 -0.0014 0.9853 -0.0022 0.0337 0.0003 0.0019 1.0006 -1.0386
0.9805 0.0116 -0.0065 0.1338 -0.0017 1.0301 -0.0017 -0.0251 0.0021 0.0022 0.9988 -2.0927
0.9902 0.0058 -0.0033 0.0656 -0.0008 1.0150 -0.0009 -0.0129 0.0011 0.0011 0.9994 -1.0467
1.0000 0.0012 -0.0009 0.0159 -0.0012 1.0000 -0.0001 0.0263 0.0009 0.0001 1.0000 -2.0859
