1.0 0.0 0.0 8.673617379884035e-19 0.0 1.0000000000000002 1.734723475976807e-18 1.3877787807814457e-17 2.0328790734103208e-20 0.0 1.0 0.0
0.9999448488815206 -0.0025935871844857995 0.010177068816889411 0.014829892816212858 0.0025819725119794103 0.999995997776882 0.001154244344895648 -0.007910035139529356 -0.01018002263305573 -0.0011279038207037259 0.9999475433415975 0.2868600183888335
0.9998497345894551 -0.0041299723583572085 0.016836185095372578 0.018451556121037334 0.004104047327795145 0.9999903430927494 0.0015741138968021094 -0.015276724132504374 -0.01684252547144208 -0.0015047808167675675 0.999857022317796 0.5759084680661848
0.9997730932513338 -0.007357429925723566 0.019990971117472067 0.02508151380622635 0.007367465158387981 0.9999727632250073 -0.00042837106783318035 -0.017199828944000517 -0.019987277150377666 0.000575556570522974 0.9998000735236591 0.8928416276753242
0.9998109148905946 -0.008251557651710565 0.017608126314997346 0.026401866207349252 0.008275551621405463 0.9999649265901681 -0.0012902015141786072 -0.02239634334664775 -0.017596863981943708 0.0014356745846562224 0.9998441285192374 1.1959046703986564
0.9998828646537492 -0.011288662758991163 0.010335604511027928 0.030191429603018734 0.011322621326007715 0.9999306699553553 -0.0032329250548890215 -0.02190999187335496 -0.0102983941909485 0.0033495727065561004 0.999941355390896 1.5028270205404568
0.9999246396563237 -0.012181300736078815 -0.0015259833077387328 0.014369675821467184 0.012174530712829547 0.9999163408557206 -0.004370474844050017 -0.03418499656063813 0.0015790938071808369 0.004351567507490848 0.9999892894879557 1.8331165623826375
0.9997963531886027 -0.011776015199158048 -0.016388562037524892 -0.004444345112171617 0.01169510637992914 0.9999189898359633 -0.0050240402243446735 -0.04000649938182002 0.016446399360980316 0.004831351206317981 0.9998530769754344 2.165397775074442
0.9993031446435091 -0.00747550959521269 -0.03656979729019473 -0.04350183449963599 0.007281959638263323 0.9999587778970429 -0.0054229643679600805 -0.04282802786663187 0.036608832172781276 0.005152885563028923 0.9993163874594484 2.494009832145167
0.9984326578702779 -0.0042114974185953995 -0.05580756211612737 -0.08174390751078862 0.0038669714584844174 0.9999727993242581 -0.0062800187642258675 -0.051490665647705686 0.055832497507314255 0.006054369605229599 0.9984217928054643 2.8429771658895864
0.997187427083366 -0.003460212482242487 -0.07486832971426394 -0.13059941673556144 0.0029855482520909802 0.999974733278738 -0.006450978968693793 -0.05563092064006975 0.07488876705670854 0.0062093121398360375 0.9971725596378962 3.2108182800920155
0.99536541755619 -0.004509949413746349 -0.09605907991196165 -0.18625025196409217 0.003955579037420462 0.99997440604349 -0.005960785664552869 -0.06436167213401517 0.09608351267110257 0.005553190573559469 0.9953577864003201 3.5975330677457906
0.993259306423936 -0.005612704143476204 -0.11577755095036511 -0.2371962576052676 0.005057173609977588 0.9999742485002525 -0.005091445803746815 -0.06961959345700876 0.1158031611303977 0.004471618764536811 0.9932621150758114 3.975920496375595
0.9911866346056611 -0.004822305468823468 -0.1323850661440504 -0.3148373112721383 0.004242224766031182 0.9999801271328999 -0.0046634665040374435 -0.07884375505760431 0.13240493714167298 0.0040607584323260875 0.9911873882614392 4.379017203007292
0.9888450784431907 -0.003890927424938118 -0.14889684422975763 -0.39213387710336167 0.003326246680238879 0.9999862994562311 -0.0040412653250084425 -0.08718028472658916 0.14891053853285252 0.0035009175949286733 0.9888444721005781 4.798271213465712
0.9868083364562305 -0.003146001608695325 -0.16186232367296377 -0.47583796615766605 0.002516023478040825 0.9999884389970872 -0.004096891398356408 -0.09331810620783954 0.16187336172758024 0.003635596997384415 0.9868048445466825 5.210997616448562
0.9846113634235666 -0.004386938547219183 -0.17470324784415223 -0.5650794469173813 0.0035788353530157814 0.9999813933724265 -0.004940349255467005 -0.10107837953093743 0.1747216890049181 0.004239089852777822 0.9846087332040072 5.6494145345876445
0.9827629739578301 -0.007256659146780629 -0.18472758306345916 -0.6530208289613632 0.006098203394872331 0.9999580216231057 -0.0068385371868303945 -0.11153934112448491 0.1847694707717018 0.00559415464142304 0.9827659744190644 6.088057949021359
0.9812458022104446 -0.00676830930587417 -0.19264180048630322 -0.7478445991731326 0.005184825075866125 0.9999485176151149 -0.008722786775704358 -0.12175862397291254 0.1926909411673318 0.007560383464456751 0.9812303701744407 6.533621758401996
0.9797702999575476 -0.006669101681243114 -0.20001421774195177 -0.85499792586582 0.0046653241270756835 0.9999341219312293 -0.010487837643835384 -0.1237599196170302 0.2000710022302906 0.009342540569269007 0.9797368581112231 7.016477087473814
0.9780369384757155 -0.007127661399951095 -0.20830973014122597 -0.9743781563872255 0.0044867869906813785 0.9999035034969008 -0.0131473957016921 -0.1342543579205122 0.20838335378046668 0.011923998161157506 0.9779745380273839 7.478627995129661
0.9762284738804877 -0.010960081128556736 -0.21646672450357532 -1.0915798822608251 0.007899369203160396 0.9998563002551603 -0.014999613363376886 -0.14468365977777867 0.21660003407763012 0.012933099308274033 0.9761747558643523 7.993040648000539
0.9742576221486415 -0.016861418462927498 -0.22480609025620293 -1.204688408656064 0.013555334072649732 0.99977620464657 -0.01624181290907068 -0.16290014741254927 0.22502966005141573 0.012776388083838167 0.9742681432047885 8.497892436786973
0.9724904321140202 -0.01707148992724054 -0.23231641300524347 -1.3373330749140842 0.0131604788385325 0.9997445562328244 -0.018374465788906273 -0.18709012010002002 0.23257077049532465 0.01481159670046746 0.9724666916531555 9.025487332705525
0.9704811328177464 -0.013685552012054326 -0.2407884355133984 -1.4882231087550093 0.008445710471295251 0.9997048310947632 -0.022779792393549003 -0.19444151639235482 0.24102913474070486 0.020073729201071706 0.9703102660874907 9.560241599974592
0.9684885028153907 -0.010686263056490553 -0.24882889929330926 -1.6386259414632969 0.004378808490550496 0.9996552480212489 -0.02588828280267838 -0.2073506202278944 0.24901978603155528 0.0239829306431018 0.9682014091633606 10.094081573242242
0.9659275779988127 -0.013534195693098102 -0.25845838141275107 -1.8039351444728862 0.00656255606274132 0.9995914690845751 -0.027817683432512008 -0.23193191213439068 0.2587293001208575 0.025173720498513737 0.9656217929166122 10.653619672531773
0.9634069904525026 -0.015365990637917333 -0.2676020220691166 -1.9742992621221014 0.007689717039327618 0.9995289891889589 -0.029709890458895764 -0.26037900389879953 0.2679325201845099 0.026564932417178628 0.9630713803585388 11.19782052426328
0.9613321763071384 -0.015087239496691517 -0.2749778575089365 -2.1435503930668838 0.00648644395406982 0.9994616647578328 -0.03216073760957259 -0.28273987952451485 0.2753150617995361 0.029133523610929045 0.960912518935029 11.772724937023945
0.959186150445506 -0.014620751397193914 -0.28239717149696175 -2.331489663672597 0.004716520486752494 0.9993507046056911 -0.03572003690037813 -0.3067229133975281 0.28273608456064264 0.0329302333587162 0.9586323149488032 12.387381230503618
0.95690941915365 -0.0157096443096873 -0.2899613037298165 -2.5151459562386504 0.004000929232379577 0.9991540493572294 -0.04092900510739786 -0.3381603927174518 0.29035901157866556 0.03800523720059288 0.9561627714891208 12.950936403911387
0.9550713951481817 -0.016851642184374113 -0.295896330569778 -2.7222495976487573 0.0027532483738342264 0.9988436120473287 -0.04799858889981533 -0.37962864625113923 0.29636304333911 0.045027404368836565 0.9540133628044897 13.584228728474876
0.953760309510757 -0.01693967717973819 -0.30009051946465204 -2.9263748464405404 -1.850632665381137e-05 0.9984072652551773 -0.05641746892700656 -0.414908710801165 0.3005682731494439 0.053814296734800884 0.9522409052340659 14.199248852941256
0.9526627175022994 -0.017503481104411345 -0.3035249003959704 -3.140449657751985 -0.0022810053503788986 0.9979017812468841 -0.06470567450676867 -0.4588674309222678 0.3040206384722636 0.06233502637265086 0.9506239012508166 14.81772743690086
0.9511519656439248 -0.017020638540519946 -0.3082535197601297 -3.3549711861104203 -0.006122830349594169 0.9972426481598419 -0.07395681550655553 -0.5083988412185173 0.3086623725512791 0.07223155483222442 0.9484250861962336 15.462998869721542
0.9497050955618445 -0.01537924699938281 -0.31276779457618936 -3.5813874260500533 -0.010479377174843632 0.9966729755812405 -0.08082800471246258 -0.5661543003341177 0.3129703121620186 0.08004038165681239 0.9463842388569154 16.086707922747042
0.9481601830633819 -0.014388598007212566 -0.31746689476127593 -3.8218364586644773 -0.014161612743200009 0.9960690655135668 -0.08744065688709388 -0.6282404264143033 0.31747713335778555 0.08740359355894158 0.9442292614230516 16.76839093479314
0.946513758256772 -0.012808593150664366 -0.3224090949015813 -4.070523249269432 -0.018274813726646785 0.9954798197178814 -0.09319853744450662 -0.6976433017894269 0.32214552011471304 0.09410566637767254 0.9420012720253468 17.427314807327683
0.9450789673954453 -0.010802432082988077 -0.3266634952076049 -4.3104550646553275 -0.02267276368274934 0.9948792407419775 -0.09849483738163682 -0.7740614091388264 0.3260547396861258 0.1004917636809872 0.9399945318625776 18.09542929197856
0.9430584926188722 -0.008200624528358288 -0.33252580784508745 -4.582678791530957 -0.027236572639693063 0.9944351825751019 -0.1017685502425272 -0.8503382003400907 0.33150995469475647 0.10503055740028089 0.937587194806026 18.788873812714975
0.9415550478853509 -0.008347683430158397 -0.3367557002446295 -4.841998405365774 -0.028053566934101812 0.994277043377636 -0.10308329328848484 -0.9270094209650318 0.33568899082663084 0.10650579141586461 0.9359323787370134 19.47406287309709
0.9392292943219616 -0.006908330382629059 -0.3432209191115894 -5.121695805664056 -0.030129156354694275 0.9942805615804665 -0.10246170975813738 -1.0172984653198516 0.34196575580346805 0.10657599583704722 0.9336492840975723 20.19051158008272
0.9371796894254012 -0.007332557378837619 -0.34876990772893507 -5.396712624200388 -0.02974177253459513 0.9944593539861865 -0.1008266769109014 -1.1022103494926427 0.3475768498994436 0.10486575997418261 0.9317690265884127 20.936450558363738
0.93451279155277 -0.006980235732907253 -0.3558610794601363 -5.6775243880879325 -0.030248579245455022 0.9946331175396919 -0.09894438407001893 -1.18318440897417 0.3546418909833127 0.10322909034136442 0.9292862309075383 21.644529895377442
0.9319459765877767 -0.0062222863356200244 -0.36254373079234425 -5.957052458974374 -0.030587689194821077 0.9949397704111828 -0.09570396230782552 -1.2701027866793544 0.36130470473706655 0.10028029633535769 0.9270397930010408 22.358588650013527
0.9276372073165128 -0.003899261527802 -0.37346216929136083 -6.30465226057211 -0.03231071329531335 0.9953586619973707 -0.09064848901988226 -1.352629218066317 0.37208229413748317 0.0961557419546521 0.9232057506861169 23.16819425120807
0.924668694341161 -0.0022959904677560946 -0.3807657101206913 -6.61510780945368 -0.03244452794148735 0.9958700668492684 -0.08479477940771418 -1.4337259240774214 0.37938790077293155 0.09076084313607219 0.9207753788095708 23.886433057440392
0.9209956465810556 0.0007545575340701556 -0.3895721222830079 -6.963225293637567 -0.03498893153271782 0.9961169445946221 -0.08078869554361297 -1.5071272505306432 0.3879984626668146 0.0880367506769411 0.9174457688243226 24.64733955936739
0.9169857385025942 0.0010153043507205315 -0.39891868554744203 -7.291718275386067 -0.03542676495377875 0.9962529115261853 -0.0788991260061507 -1.5812427637756363 0.3973438257726876 0.0864817724690166 0.9135856799712208 25.36960141919427
0.9134305144286953 0.003273075346308745 -0.406981547102622 -7.6437727301716745 -0.03844903864154036 0.996189421505923 -0.07828345054005487 -1.6635430123905997 0.4051745120737493 0.08715454253844851 0.9100756640653818 26.1452786653671
0.909742310307773 0.0032076949929159687 -0.41516096939376146 -8.014793493621113 -0.03876158892848923 0.9962587062689893 -0.07724078804537814 -1.7304995601832822 0.4133599994497566 0.08636151284235791 0.9064630234232379 26.893542693422432
0.9058938128380193 0.003116048233594647 -0.42349342103008025 -8.40056139450094 -0.038755366597657735 0.9963870594981954 -0.07557013092309621 -1.8011593023392456 0.42172792131367665 0.08487115856439434 0.9027416376637855 27.683579365254797
0.9020395650331495 0.003832007324664384 -0.43163633242773597 -8.7901489965213 -0.039321924446083525 0.9965323559844046 -0.0733284174000559 -1.883323880039707 0.42985861837141676 0.08311790587612872 0.8990622889824459 28.478341641858634
0.8985242550760272 0.004512558473443548 -0.4389006477921993 -9.18325214661128 -0.03872969010377987 0.9968619052873398 -0.0690387811904961 -1.9545535874839963 0.43721182707898665 0.07903150710714528 0.8958793796366332 29.250151535501637
0.8946542932289745 0.005808290576181584 -0.44672132177800283 -9.609111159499005 -0.038218303629463685 0.9972450520514246 -0.0635740369216605 -2.0175187048882277 0.4451214143097435 0.07394971759670277 0.8924115547196012 30.05244000417234
0.8914296474940078 0.005002703544172983 -0.4531314767296134 -10.023166355434618 -0.0357807577233521 0.9975941956638319 -0.059376491424255017 -2.083833757284333 0.4517443324689644 0.06914335347921208 0.8894640368421604 30.837618234600928
0.8873483399037493 0.004689658635070915 -0.4610758121546631 -10.458137075212301 -0.0350748655102633 0.9977375715777931 -0.05735406671185232 -2.1527257485223896 0.4597637306178339 0.06706520910679636 0.8855052685184578 31.680957094677485
0.8837598613520695 0.004144719767873254 -0.4679223305860046 -10.898278529204307 -0.03437566250778881 0.9978339637051349 -0.05608641526243473 -2.2092445367207776 0.46667636589874195 0.0656520641646416 0.8819880849427958 32.47732146087475
0.8812057284100145 0.004607090950398834 -0.47271050019698635 -11.333438128212048 -0.03434990055209383 0.997933255033021 -0.054307568157718464 -2.269137775710589 0.47148337148806174 0.06409369995046821 0.8795427465569647 33.299006532891255
0.878243267718785 0.0027800218641431222 -0.4782060421552588 -11.823935163640064 -0.03198101981701254 0.9980858798444395 -0.052932021955814965 -2.3319145970701722 0.477143587509461 0.061780710046641506 0.8766511024367756 34.14713789596647
0.8753758434580817 0.001487576929683855 -0.4834406845079939 -12.302905759913788 -0.03078499410683104 0.9981372558476506 -0.05267167809737267 -2.389226006365636 0.48246184596390207 0.060990233634090396 0.8737910406942678 34.97926261772522
0.873034234617345 0.001973709906511906 -0.4876549021965136 -12.782380815896042 -0.03198911071952297 0.9980697904519492 -0.053229622453882734 -2.4531230179819024 0.4866086093642864 0.06207093041630978 0.8714122349307059 35.82087337892667
0.8719497500844043 0.0014144443440360986 -0.48959332100952563 -13.290477056891108 -0.03174532680862982 0.998054851828572 -0.053653987856571314 -2.5108932528691383 0.4885651370905783 0.06232588164614481 0.8702985780870238 36.681384951568226
0.8716604092436093 0.002367997003942579 -0.4901045763572841 -13.779518005003808 -0.03237246720294672 0.998082748454838 -0.05275269844604724 -2.5735600541690205 0.48904005011087265 0.0618483346129319 0.8700658823015526 37.542587639074554
0.8709586426439888 0.0026453012229888076 -0.4913491806191549 -14.296443257234527 -0.03187571549668519 0.9981832578977581 -0.05112847092500144 -2.6379525590794373 0.4903213178929761 0.06019289128359791 0.8694606594582533 38.43399595621769
0.871289689318775 0.0005839422654653819 -0.49076869414805285 -14.809559468501012 -0.02916967230093859 0.9982929958590253 -0.050598761020930555 -2.6970126728706885 0.4899014412875885 0.058401741258418814 0.8698194248222 39.346632734699654
0.8702869131459076 -0.0012315514539280796 -0.4925435450564908 -15.316789186333377 -0.027500166411209975 0.9983155212199297 -0.05108687480680802 -2.7613277978140855 0.4917768214504383 0.058005269165704754 0.868787065634163 40.247416526365974
0.8692807211350596 -0.003214321612549048 -0.4943082804854082 -15.854325195477486 -0.025908319241450463 0.9983081687758472 -0.05205351681886118 -2.825455041411046 0.4936393494203533 0.05805581648360011 0.8677267600890936 41.167148138877316
0.8678709997192061 -0.002984296011242273 -0.49678063058617955 -16.370503561465114 -0.0252347559043425 0.9984262235367217 -0.050082690808540636 -2.8904692844424464 0.49614831432198836 0.05600145277538329 0.8664298667440723 42.076179818346446
0.8654926445519971 -0.0021098256896471476 -0.5009171594418242 -16.916090749011758 -0.024395487585437796 0.9986270020194035 -0.0463570505834255 -2.9556054100031637 0.5003272535000073 0.05234180612675038 0.8642528534285998 42.99084656695848
0.8633796096185773 -0.0019634247664747626 -0.5045510650435303 -17.47969561414291 -0.02233060372410018 0.9988638700906162 -0.04209877198991335 -3.0239778703746905 0.5040605276600901 0.047614152394249584 0.8623548602908068 43.94552705041299
0.8596934442921068 -0.004307788477337793 -0.5107921301134709 -18.031331862367956 -0.01869229280342677 0.9990293931855699 -0.0398855928635112 -3.079645813039065 0.5104682229674814 0.04383725961858393 0.8587785025223234 44.83356397670442
0.8540372007388811 -0.007752070822126502 -0.5201541442426486 -18.576855342380313 -0.0164763652579719 0.9989842397287229 -0.04194068946237343 -3.141186526295716 0.5199509656374106 0.04438915974339122 0.8530419795323962 45.73911893561726
0.8487089019961238 -0.010671054976504366 -0.5287525867628019 -19.150545226238016 -0.015745824625324138 0.9988433323566975 -0.04543208531488969 -3.205792955329197 0.5286258452515827 0.04688426200349907 0.8475592056471786 46.61048603502295
0.8429774177990185 -0.010167265502247395 -0.537852833829692 -19.740340845448717 -0.016850093179587577 0.9988317416594225 -0.04529051998935835 -3.266698858673928 0.5376850080909366 0.04724175604958537 0.8418212805415592 47.531359084196346
0.8369087772215574 -0.005237124514975756 -0.5473173238496697 -20.352414211604263 -0.01990933338476201 0.9990011976647495 -0.04000273147532233 -3.3280234016258685 0.5469802101716816 0.04437536060226285 0.8359686051136932 48.42274308051688
0.832032678176972 -0.005419307291553047 -0.5547001218236061 -20.93765459579923 -0.01690188848960348 0.9992403512047574 -0.035114670994510364 -3.3823472707027196 0.5544690894695077 0.03859203411429109 0.8313090306182709 49.26997215200488
0.8280117591760019 -0.004090524326502679 -0.5606957872432955 -21.55486501971454 -0.01979077769410026 0.9991371025629405 -0.03651532728544028 -3.4385089112915703 0.5603613885731515 0.04133172670226578 0.8272163182610578 50.17158308774535
0.8247947289375651 -0.0059973956656747 -0.5654004415955295 -22.183271686109805 -0.020809022481593033 0.9989444094231616 -0.040951923349383426 -3.49220496375502 0.5650492622069251 0.04554236128329062 0.8237992816392733 51.02615515626061
0.8218968331365332 -0.007110478757889588 -0.5695919566762173 -22.774133039389007 -0.024530613891702836 0.9985526872460362 -0.047862018215566474 -3.5594778759748245 0.5691079517367803 0.053310082401788035 0.8205328696174305 51.884175448170204
0.8176692121684913 -0.00853383712713519 -0.5756250543768455 -23.385429899524944 -0.024493309019255234 0.998469031160586 -0.0495951227204852 -3.6178675872466695 0.575167076820193 0.05465136840834291 0.8162083666709228 52.75572504168334
0.8151055700129256 -0.0061679046282863805 -0.5792795885153775 -23.99882246651634 -0.024951812576877817 0.9986415750156543 -0.045742826808659785 -3.6846692010319297 0.5787748672876372 0.051739308402249856 0.8138444049714202 53.572853769871735
0.8116440050503251 -0.004802575091917822 -0.5841326231506797 -24.639355835681087 -0.02280657598836873 0.9989432732281132 -0.03990244319789268 -3.750167089765634 0.5837070389164817 0.04570864458064175 0.8106767817215619 54.48910732813778
0.809530713823136 -0.005465802302036445 -0.5870520591184772 -25.31562161796993 -0.020069504721979492 0.999114537141604 -0.036977711110891924 -3.8049844410492533 0.5867344076549197 0.041716436979009855 0.80870420903526 55.35688163519789
0.8063818595154222 -0.002739618293126118 -0.5913888452856838 -25.933673990572537 -0.02409375104997816 0.9990068524519777 -0.037480686312383285 -3.8622462912363997 0.5909042365080273 0.044472520782239414 0.8055149880326 56.201982174407796
0.8023636909758906 -0.0036026621727973484 -0.5968245158711564 -26.576888090673627 -0.024691455999811103 0.9989253006105148 -0.03922479032582406 -3.9218815109854814 0.5963244734794858 0.04620901394424218 0.8014124284135948 57.07907218871437
0.7982215543664536 -0.006099196064773635 -0.6023330557359124 -27.243369443207506 -0.02382449728249921 0.9988466286511216 -0.04168688323452501 -3.9807827390342716 0.6018926501933142 0.04762565202647206 0.797155606982425 57.924219502356486
0.7948934932886307 -0.006901276049975407 -0.6067097100840575 -27.894557823201374 -0.023662081185401026 0.9988220493408918 -0.04236289523809303 -4.0356622644613225 0.6062874461065458 0.048030004885765185 0.7937938573704776 58.745423993724415
0.7901316038954187 -0.007074668528858212 -0.6128963704339296 -28.574194604296576 -0.023061588687457408 0.998882244501775 -0.04126056362171964 -4.102806754791206 0.6125032562590608 0.04673563966889357 0.7890852716028066 59.635062088681714
0.784880854440065 -0.008681070695057039 -0.6195858779995982 -29.246861105071414 -0.02090411296901435 0.998961760473663 -0.040477510957130536 -4.1535154558453895 0.6192940337587588 0.044721916937586925 0.7838844850862723 60.44398754780136
0.7795674880541994 -0.008407675833210348 -0.6262617707163127 -29.959414287336934 -0.022224220478430597 0.9989088676837692 -0.04107512474464562 -4.222128459009507 0.6259238303634342 0.04593901250473668 0.7785300242620317 61.28425642895732
0.7750238442671634 -0.009635084554512337 -0.6318585056189493 -30.644644569495373 -0.021960761914991456 0.9988691422615715 -0.04216814607668684 -4.281332238206617 0.6315503197971457 0.04655741279838191 0.7739358134712652 62.13195495660436
0.7695176459791394 -0.01153563823398856 -0.6385213228744366 -31.321880439487376 -0.020675708870526204 0.9988626932279498 -0.042963074755763636 -4.34334011975388 0.6382907948537944 0.0462627249981717 0.7684039707929108 62.970622199043575
0.7630359127482268 -0.013491658781568473 -0.6462152393332569 -32.08192930880824 -0.01974742776081771 0.9988288043115521 -0.04417081377418977 -4.401644217470756 0.6460543877150046 0.04646500658132244 0.7618758229402213 63.78797029412416
0.7584679843896688 -0.013362027363565178 -0.6515732756438484 -32.770323288647695 -0.02124625246572423 0.9987513828601461 -0.045213556100020154 -4.473862058313729 0.651363915096029 0.048136525166199956 0.7572370627501853 64.5858449652908
0.7522351435556909 -0.013875952461417394 -0.6587485890118421 -33.51568683380376 -0.02121914520705858 0.9987494861425276 -0.04526823564726963 -4.536496057118708 0.6585530104640217 0.048030439805547116 0.7510000303017818 65.4223355650442
0.7460857444285593 -0.015277375903793387 -0.6656745632104031 -34.25543283010132 -0.018563044434105083 0.998870929913326 -0.04372969929323873 -4.594810463056962 0.6655911000539285 0.04498305234039109 0.7449597656581147 66.2667183389807
0.7408815025891601 -0.01704602354417873 -0.671419379475018 -34.97487464272022 -0.01601676552171634 0.9989451651950424 -0.04303505022809891 -4.659921092896864 0.6714447836418583 0.042637839666468766 0.7398269822157978 67.07830414116563
0.7323825730008585 -0.01815306477912266 -0.6806513024447521 -35.765188259674545 -0.015613014987715657 0.9989339714416134 -0.043441351806195454 -4.723516965779585 0.680714361278986 0.04244270799617666 0.7313184155575283 67.87166790144795
0.7271804741681374 -0.018198694722290784 -0.6862050165684678 -36.53047484312788 -0.01760497597637157 0.9988252703551196 -0.045145850734606294 -4.799193497385944 0.6862205637589814 0.04490980435911551 0.7260058454767432 68.68195347442824
0.7214569733680245 -0.019005832998143686 -0.6921983538465728 -37.28618273907857 -0.017130893830955368 0.9988274353394435 -0.04528001098952031 -4.854526323003159 0.6922473609996106 0.04452555686028847 0.720285441292532 69.46523600453708
0.715239439131369 -0.017153214308357173 -0.6986689242831807 -38.10741269466915 -0.01907673261579748 0.9988470818996954 -0.044052150616981 -4.92197013362003 0.6986191163134461 0.04483615563049608 0.714087598968936 70.27008503589313
0.7106011586161141 -0.015163955717475778 -0.7034315961479272 -38.9122291238387 -0.022289101999653914 0.9987807821905677 -0.044047108315137105 -4.9901810710492125 0.7032419411486182 0.04697878471358734 0.7093967891933185 71.06627941174602
0.7050580107953096 -0.018269254613739447 -0.7089142292546583 -39.7284362189174 -0.019192617483911267 0.998810327423086 -0.04482831027245765 -5.052314002565622 0.7088898905145934 0.04521247979726955 0.7038685917816047 71.88099246978803
0.7006844643687389 -0.019259920144031616 -0.7132112601322042 -40.565716690792414 -0.02097558985151069 0.9986474023936198 -0.047575157639161515 -5.125136869254543 0.7131629200714267 0.04829520151652279 0.6993327332376414 72.67140564175091
0.6959854310265338 -0.021485493701491446 -0.7177343587813027 -41.375742607889336 -0.020839126704026077 0.9985268444069733 -0.050098716031464215 -5.194875479627645 0.7177534809299952 0.04982493447799488 0.6945123945664929 73.46816888799977
0.6913793914670061 -0.021434304776188223 -0.7221738381630546 -42.22759556769017 -0.02239856706493111 0.9984434840183402 -0.05107751869688601 -5.267696860946118 0.7221446437724754 0.05148960376194599 0.6898231545146538 74.26282946180265
0.6849833217716754 -0.0220109433814605 -0.7282261521087442 -43.08246982257747 -0.020438975028847072 0.9985695471882556 -0.04940747357519941 -5.339203098841113 0.7282720219346046 0.048727491554869606 0.683553611040069 75.05116665927154
0.6804994615896905 -0.023026153609306977 -0.7323866724992476 -43.95450449735662 -0.018016524750611468 0.9986781721238417 -0.048138439462013315 -5.407649815510438 0.7325270849963115 0.04595324509447449 0.6791851062864678 75.81816413151027
0.6762801755025186 -0.023844849391934462 -0.7362584396646527 -44.83760837282735 -0.01761788905862938 0.9986665250243518 -0.04852600556931604 -5.487276104325835 0.7364338228482356 0.04578849520527416 0.6749582894731295 76.62058800607828
0.6711330091132928 -0.024845696543598285 -0.7409204654521269 -45.69563689148417 -0.017053188288232254 0.9986563495485872 -0.0489354397522271 -5.5555543016906785 0.7411408270977221 0.04547724559541329 0.6698075413381201 77.37295093759694
0.6670186573621965 -0.026101535114969668 -0.7445836237282912 -46.61198451540841 -0.015354033326903646 0.9986923120112001 -0.04876393556945995 -5.630056991476541 0.7448828136450536 0.0439588167102181 0.6657456506266036 78.17831495772998
0.6630947107454318 -0.025566312891553433 -0.7480987357991546 -47.48222536883104 -0.016120881705828524 0.9986969782811705 -0.0484196380556018 -5.704906456107898 0.7483619208869389 0.04416681803866133 0.6618185309733976 78.95528454480875
0.6590504402190955 -0.02905911991865229 -0.7515371209570185 -48.372285713831275 -0.012339106638338489 0.9987010412736872 -0.04943663493097921 -5.776945814442074 0.7519975467338789 0.04185453361333815 0.6578357985072172 79.69961534624271
0.6532215463639213 -0.03347471786051609 -0.756426477767904 -49.2736495545312 -0.009632601705850414 0.9985739906784369 -0.052509008791755386 -5.855205057983066 0.7571055964372367 0.04158637131135237 0.651967592957642 80.49045577984315
0.6493382263067338 -0.038078868224962044 -0.7595457981405404 -50.18183845332272 -0.005022620116540788 0.9985091588438452 -0.05435284703652471 -5.927249792933463 0.7604831907482454 0.0391082917989895 0.6481789148494211 81.26359268619815
0.6429005929539228 -0.04155846753441758 -0.7648213286910377 -51.08846061083303 0.00010158005307935036 0.9985315978769342 -0.05417230744227189 -6.010452101256812 0.7659496517460453 0.03474971838543606 0.6419607791691432 82.02532529714082
0.6352942043220081 -0.045784109692720405 -0.7709118208354467 -52.02615483798279 0.005833843335290021 0.9984971282503227 -0.05449273657568815 -6.091429767527124 0.772248205858045 0.030121541382038958 0.6346065374276691 82.79151816724193
0.6257719178056356 -0.045776703883408335 -0.7786616353359428 -52.95337667887544 0.006541838359056487 0.9985492990380794 -0.05344631573913896 -6.18010364637245 0.7799786938300577 0.028351325147248013 0.6251635731562853 83.53712470160148
0.6183745789239119 -0.04452468675392688 -0.7846211687990203 -53.87564610415743 0.007597190024670107 0.99868580716994 -0.050684667967162075 -6.251485584870905 0.7858468112890106 0.02538119426048501 0.6179001839061482 84.28597752813772
0.6097203371528194 -0.043483227125612464 -0.7914229445827545 -54.91622727843269 0.006016564351118978 0.9987191801695648 -0.05023750171501768 -6.341207887317783 0.7925938238930298 0.025869179211734095 0.6092010126776162 85.01393631768948
0.600748253001854 -0.04521068350975037 -0.7981588059007064 -55.86521359263152 0.005257132475722607 0.9986014189641229 -0.052607625512418654 -6.409364325360581 0.7994210127495776 0.027407912909844637 0.6001457380340233 85.71852054235791
0.5901414588578551 -0.04670211186831591 -0.8059478435341986 -56.879085384501145 0.005023108627038659 0.9985183922947466 -0.054182877099860985 -6.498540993543636 0.8072842696819095 0.02792719825583755 0.5895016888473986 86.41175413202262
0.5800122956667885 -0.04861899442856385 -0.813155505917104 -57.867969179783216 0.005445530304477673 0.9984264314367811 -0.05581222111310534 -6.575274747865988 0.8145895518655727 0.027943711380106626 0.5793643728964308 87.17845194243462
0.5722519223548712 -0.05036535449709291 -0.8185297799948121 -58.88189036073726 0.009516572497119045 0.9984529306392841 -0.054783051038924405 -6.654617218990034 0.8200226976213042 0.02356010881057438 0.5718459170058448 87.83400056097462
0.5601944900365384 -0.04958496406037879 -0.8268756861967758 -59.91739675579513 0.010109486501765741 0.9985417310789468 -0.05303019328445638 -6.743275143282405 0.8282994527889181 0.021347933711053188 0.5598788588845148 88.55413236367956
0.5504641020244114 -0.05124675062024927 -0.8332844516959941 -60.969564696493066 0.012281247846444021 0.9985032990869404 -0.053294722111003695 -6.826071866537761 0.8347685268275883 0.01910305828907501 0.5502695988886483 89.23379720231506
0.5414415782616436 -0.051800233975671996 -0.8391410466871562 -61.99261601773459 0.01027652254842875 0.9984333253762813 -0.055002605114369045 -6.906449888516385 0.8406755996665564 0.02115724522608698 0.5411256463620752 89.8746228460146
0.5309862888581496 -0.052301657365059526 -0.8457647660875973 -63.063929492701476 0.009263193208216945 0.9983920356759974 -0.05592445031469977 -6.989739376358736 0.847329820997686 0.021860633495743895 0.5306169554658529 90.52633759904981
0.5208751512893082 -0.05296863012442149 -0.8519878800367524 -64.10596615799798 0.007687711260682156 0.9983235948411863 -0.05736642159584283 -7.076065976563817 0.8535982868887665 0.02333090625246454 0.5204091538695057 91.15409535420982
0.5094762403926767 -0.05195100876959709 -0.8589150089069107 -65.23759731425619 0.005593985290849932 0.9983546912029106 -0.05706679951851711 -7.17028683573709 0.8604665797272496 0.024269419914382303 0.5089286084044127 91.82651170422581
0.5011327000556838 -0.05058264364970078 -0.863890821977297 -66.33772288064556 0.0055345611280884915 0.9984571395475912 -0.055251254197772 -7.255934438331006 0.8653527871600974 0.022906953342052658 0.500639470396725 92.45848614990966
0.49384143408244885 -0.04927098209381924 -0.868154912114912 -67.4000429939082 0.007066209518263874 0.9985878205271408 -0.0526539849026259 -7.339747497091414 0.8695233028464376 0.019868154281989996 0.49349219539041056 93.04585545400045
0.4848532129623407 -0.049741369991504976 -0.8731798753678586 -68.49634972812171 0.0073208598231432435 0.9985772359609829 -0.052819651771623545 -7.422418754065452 0.8745649368787486 0.019217349975628004 0.4845275310766767 93.60910868168608
0.4786700609297778 -0.05282055832361377 -0.876404525128612 -69.60407888405074 0.008953413619821611 0.9984304782968636 -0.0552848859995854 -7.512377911457932 0.8779492374787099 0.01861640665952819 0.4783917007733587 94.23026551536519
0.47329381169114954 -0.05639909958491029 -0.8790972843189592 -70.73226422766442 0.011819018012883396 0.9982650920209035 -0.05768119673653474 -7.598538941967626 0.8808253757871097 0.016910086298450637 0.473139276287947 94.83043055109025
0.4644774057746914 -0.05889539705579519 -0.8836243546889165 -71.89711228085389 0.012300153286373143 0.998118913068565 -0.060061117367852974 -7.695883252050214 0.8854995840484019 0.017028315448794497 0.464328101156744 95.41778964148955
0.45958502805942775 -0.062358977029668326 -0.8859418087004675 -73.01718221622549 0.01393675242683464 0.997915535821489 -0.06301076180407275 -7.791978126028287 0.8880244556312389 0.01661165096983978 0.4594961161190834 96.00186936980646
0.45596166083870365 -0.06258243512341462 -0.887796337281909 -74.1157725418031 0.015167319238705458 0.9979262042638207 -0.06255594156588895 -7.889245696510003 0.889870209250722 0.015057619362736635 0.45596529489747584 96.6011554219739
0.45130749106710877 -0.06104680897147693 -0.8902779214829784 -75.29035756239199 0.018246177844717368 0.9980800099772184 -0.05918934088111487 -7.989505776472957 0.8921819818697109 0.010468424374710277 0.45155484895567305 97.1643335538246
0.4478125900223752 -0.05989622352314694 -0.8921189670901759 -76.435433745791 0.022701287253304038 0.99819375163815 -0.05562275397248472 -8.093241695149265 0.8938392455648781 0.004656320533999565 0.4483634483394748 97.76650634181499
0.44498203720269003 -0.059691202614210986 -0.8935479202197615 -77.5490596097544 0.024754671062457913 0.998214751089286 -0.05435551213918933 -8.176930274768587 0.8951973279585065 0.0020677411820351262 0.445665271708024 98.29925669374038
0.44161861352971366 -0.05925821434714842 -0.8952437673591113 -78.66001525842579 0.02575820051529383 0.9982425547602526 -0.05336956537419846 -8.269141564481519 0.8968330869192088 0.0005091238513891885 0.4423688717100341 98.85519217130347
0.4390494576008349 -0.05798346310829614 -0.896589892497391 -79.80018222933825 0.027125379237523256 0.9983159118533069 -0.05127922205274892 -8.35728165749461 0.8980533676382987 -0.0018062267516864312 0.4398828805458581 99.40771908572779
0.436357197046414 -0.05698648000953257 -0.8979670761861906 -80.90843343842299 0.02830030520548124 0.9983678425206337 -0.04960585951388859 -8.440369123227036 0.8993283942742107 -0.003766869521387204 0.43725773043295246 99.9252260295002
0.43479545784278195 -0.05794444500730631 -0.898663048163459 -82.02213967512644 0.031018153571831998 0.9982992079252309 -0.04936148479248868 -8.53033956590099 0.899994916576764 -0.006412720056988676 0.43585329423198754 100.4617861167801
0.4315475441439811 -0.0577646697069691 -0.9002387966562271 -83.09598459715289 0.03220448239200753 0.9982980861943617 -0.04861887215492603 -8.610495425544244 0.9015151965969713 -0.008010370757112561 0.4326733696616572 100.98306086290748
0.4280626773346373 -0.05916013674673273 -0.9018105911997714 -84.24058039131928 0.039154499109678734 0.998132220683934 -0.046893504879400645 -8.70172390012663 0.9029005135060281 -0.015236583270557047 0.4295795419814288 101.5317261433217
0.42785746964024485 -0.05749269563144134 -0.9020158013573965 -85.29605673663626 0.03949129805018639 0.9982109737605822 -0.04489188933296237 -8.775959079513845 0.9029831016799695 -0.01641444476657339 0.42936248659917303 102.01733224814826
0.4257248851342129 -0.058358152760749044 -0.9029687585927586 -86.39153083329913 0.04139765819497697 0.998129297159842 -0.04499044968854633 -8.860322873722646 0.9039052085068099 -0.01822723885552749 0.4273443777059453 102.55143080107146
0.4243734984430324 -0.05890321413771101 -0.9035692995594226 -87.44245942640558 0.040919778186392475 0.9981099881314892 -0.045847747567491506 -8.936671900853536 0.9045622017941176 -0.017517287163771184 0.4259817334254785 103.02422682720727
0.4234890870878806 -0.060422032980828655 -0.9038839010211984 -88.48867001105897 0.041890112395392025 0.9980120036851483 -0.047087805849799644 -9.015609703013293 0.9049321980633339 -0.017922627565783646 0.42517827922697127 103.51795964670369
0.42454511497063724 -0.0610210000296806 -0.9033481173425453 -89.5334387983683 0.04142351484793538 0.9979906050338605 -0.04794633867480185 -9.09590031482243 0.9044587398620183 -0.01706447166513179 0.4262197399955024 104.00360955706833
0.4283036584534038 -0.06077085928050675 -0.9015890466605333 -90.57003510010496 0.03924155874674969 0.9980456695374931 -0.04863057113051908 -9.179112622382657 0.9027824462028481 -0.014551109939638256 0.42985135200910307 104.47728495602112
0.43134704958155223 -0.06043514869987374 -0.9001595731222732 -91.62654533556798 0.036389999650919685 0.9981073323183708 -0.04957348449810009 -9.259396375826732 0.9014519166035933 -0.011373431224354535 0.4327298781000771 104.96534231994048
0.43697098102717014 -0.0611673128489539 -0.8973933655094637 -92.60613200802172 0.03585605078616393 0.9980766333669067 -0.05057047920393909 -9.336460991681118 0.89876068211261 -0.010079150638648548 0.4383237456059235 105.46165521814062
0.44278791008676893 -0.06087283666542855 -0.8945576031069786 -93.61498553893644 0.03413730459710583 0.9981139050675124 -0.05102235871959267 -9.416070692767263 0.8959763319410678 -0.007945702922962934 0.44403080484571894 105.94997463905855
0.44934621282964726 -0.05988861691936193 -0.8913480115084906 -94.60888897322657 0.03349253484053152 0.9981783425463997 -0.05018216995438132 -9.49213095090157 0.8927296878497476 -0.007304337317372183 0.4505334746239533 106.42264534253886
0.4573151266643647 -0.05948980607676208 -0.8873126718774254 -95.61666855792356 0.03298071682491889 0.9982081887153016 -0.049926743679173866 -9.569807686416773 0.8886929809416284 -0.006431953968217979 0.4584577246203339 106.92838934006424
0.46658595298256833 -0.05840606071014128 -0.8825453001595561 -96.58900755745356 0.03208268589381097 0.9982782888835541 -0.049103622654805355 -9.643335175595416 0.8838938395394327 -0.00540336344892279 0.46765644813387763 107.46694849640564
0.47585579268739653 -0.05756808361095538 -0.8776372386861382 -97.57910952415578 0.030605280194822688 0.9983351128877219 -0.04889097462541103 -9.715346838222674 0.8789907029302186 -0.0035952809835187545 0.4768254344248818 107.98295202095318
0.4867557707633892 -0.05967666472985095 -0.8714972443709119 -98.55804526873841 0.03209408555015551 0.998211890318466 -0.050428129405980425 -9.79704580556122 0.8729483637892788 -0.0034237246700931237 0.48780066891814494 108.50990489651402
0.49647373725138877 -0.06047209545954768 -0.8659427755346402 -99.50044758131864 0.02957669519424102 0.9981697184993378 -0.05274870817050429 -9.872317240198358 0.8675477512681505 0.0005766221422202154 0.49735362424927365 109.04215837110637
0.5084397148645854 -0.05999540074894923 -0.8590049715888158 -100.42594269161361 0.02572928259340533 0.9981829350793121 -0.05448699076281799 -9.946039512070746 0.8607131469783866 0.005601768163683971 0.5090594900561025 109.58760867980239
0.5205652444305487 -0.058655566692038724 -0.8518047228023689 -101.3548714482741 0.0245071889239502 0.9982529443434516 -0.05376291168366877 -10.025330174267548 0.8534701401146764 0.007111763733533821 0.5210932812259995 110.16984128905041
0.5327004291903044 -0.055817235988295584 -0.8444611449130798 -102.28031391724481 0.0219963534554887 0.9983987347253901 -0.052116537134855964 -10.09801986043644 0.8460180098398212 0.009187434983977607 0.5330752060843056 110.72239337901338
0.5450133712966131 -0.053515160839372744 -0.8367176924057016 -103.16872573901249 0.02115363678102128 0.9985209181696268 -0.05008498464401864 -10.16945337436729 0.8381604918826298 0.009597364134113414 0.5453392905337604 111.29967199524562
0.5570190490412004 -0.053748294630243075 -0.8287586160253341 -104.06780982995605 0.02263299904437632 0.9985153764977794 -0.04954577530430823 -10.24523249749272 0.8301912928478246 0.008840647635862106 0.5574085744610202 111.88535504911977
