1.000000000000000000e+00 -3.306050084167601550e-19 -2.270457535318767223e-19 -8.673617379884035472e-19 7.546676715296109287e-19 1.000000000000000000e+00 6.237773588823049983e-19 1.387778780781445676e-17 -3.447385680526250622e-20 4.770700176052009879e-20 1.000000000000000222e+00 5.551115123125782702e-17
9.999382419965360258e-01 -2.441603696266714078e-03 1.084190103208373251e-02 2.005829599599300017e-02 2.430537532191131850e-03 9.999965136276017796e-01 1.033765261018039072e-03 -6.432798643760548329e-03 -1.084438859507778907e-02 -1.007349849307818132e-03 9.999406943758624156e-01 2.852709715646871702e-01
9.997715749422978471e-01 -7.550792213864314893e-03 1.999461490382958492e-02 3.564130551345746911e-02 7.561074141165682536e-03 9.999713158767987720e-01 -4.386617967421401116e-04 -1.482431598944380924e-02 -1.999073110827543839e-02 5.897423972175061535e-04 9.997999891809037365e-01 8.839613168308668723e-01
9.998029502059865292e-01 -8.504476861206311522e-03 1.793682440009028087e-02 4.123565990695288175e-02 8.530670847801090362e-03 9.999626521579587646e-01 -1.384304725719688383e-03 -2.047071189959759341e-02 -1.792438302934149311e-02 1.537045019021079104e-03 9.998381676360548198e-01 1.184741162020005678e+00
9.998730820070395042e-01 -1.143456815884833465e-02 1.109376224823374266e-02 3.373542002714165905e-02 1.147400966621492727e-02 9.999280501731488968e-01 -3.498122178604054066e-03 -2.173777952383371126e-02 -1.105296563556297865e-02 3.624968199986289795e-03 9.999323478198118842e-01 1.511248820759498512e+00
9.999223889343866745e-01 -1.243797816613863641e-02 -7.177432781780480496e-04 2.592363206555536523e-02 1.243453327276796208e-02 9.999120110750280288e-01 -4.620799497060725999e-03 -3.065260672904220052e-02 7.751535827047110853e-04 4.611516097261340874e-03 9.999890699905854552e-01 1.831716013007420374e+00
9.997998614054086630e-01 -1.148766722381230725e-02 -1.637900022656160748e-02 4.589981716702126388e-03 1.140736374232154127e-02 9.999224936943607034e-01 -4.987924733120843897e-03 -3.903709947723446594e-02 1.643503090790860918e-02 4.800085379307983402e-03 9.998534149002310523e-01 2.158313628537948503e+00
9.993277589352236312e-01 -7.989858757311811208e-03 -3.577966139230987636e-02 -2.765538388829488770e-02 7.790281508993723500e-03 9.999533339545411126e-01 -5.713913201755986201e-03 -4.305796802553256419e-02 3.582364736925131715e-02 5.431338615498002356e-03 9.993433671102354143e-01 2.490295577563092166e+00
9.984370632976429238e-01 -4.064650972835825299e-03 -5.573964710004111062e-02 -7.640950900098614218e-02 3.715650212960636134e-03 9.999728490841741646e-01 -6.363477460467539294e-03 -5.078062093488701356e-02 5.576400338919353106e-02 6.146422782375877969e-03 9.984250576181831205e-01 2.843553831137354049e+00
9.972080465910376779e-01 -3.488386630362644899e-03 -7.459178059900192781e-02 -1.249220966250904619e-01 2.998771812243402647e-03 9.999732253642416024e-01 -6.674918850178242213e-03 -5.648077407190588151e-02 7.461307429134043934e-02 6.432599214704933302e-03 9.971918080447210730e-01 3.215403933372935175e+00
9.953415680802215615e-01 -4.699321958863410774e-03 -9.629683591558332867e-02 -1.738065667434169903e-01 4.131925014221892595e-03 9.999729143475253323e-01 -6.090731442702596206e-03 -6.058527232059948697e-02 9.632285835643802918e-02 5.664466836535131909e-03 9.953340275722533104e-01 3.590446924652037186e+00
9.932542236407996272e-01 -5.695549326146171105e-03 -1.158170915433597709e-01 -2.346979300201652296e-01 5.095523720057766257e-03 9.999720236490561298e-01 -5.476220160147541455e-03 -6.881516382123158138e-02 1.158450509545221468e-01 4.849130073495008797e-03 9.932554627101443101e-01 3.978178449184508914e+00
9.911014767340057263e-01 -4.697909874887874065e-03 -1.330255159262412057e-01 -3.026375316439948171e-01 4.095166863967321207e-03 9.999800697625181867e-01 -4.804270065891037660e-03 -7.718792484392140996e-02 1.330454486598035002e-01 4.216757471493094364e-03 9.911009635034764287e-01 4.369444117089781976e+00
9.887987749124316217e-01 -4.155755422767633961e-03 -1.491968855006216566e-01 -3.825878095482512786e-01 3.527031156440494589e-03 9.999837530123548701e-01 -4.478405381860665023e-03 -8.562763979035542539e-02 1.492130836133144511e-01 3.902019759265958759e-03 9.887973620752138482e-01 4.793067199489218666e+00
9.867633641772740605e-01 -3.012326390554965171e-03 -1.621387879237420060e-01 -4.639949803915651705e-01 2.356265209655723954e-03 9.999882431506491587e-01 -4.238436739506045749e-03 -9.195950579427432381e-02 1.621496629686699498e-01 3.800292095098697399e-03 9.867588626720771305e-01 5.197571031252744334e+00
9.845974234537119285e-01 -4.496870068442318687e-03 -1.747789692602009504e-01 -5.528033229259458059e-01 3.634613313502975396e-03 9.999795968380028599e-01 -5.253192790078655555e-03 -9.983828023111088190e-02 1.747990429021594738e-01 4.537025978810449445e-03 9.845936797082854852e-01 5.633600859148375051e+00
9.828156530320834028e-01 -7.385287666443779431e-03 -1.844420012266415332e-01 -6.474500472541342422e-01 6.190759319110113006e-03 9.999559767059674753e-01 -7.051472404968027463e-03 -1.107596740275845898e-01 1.844859732812489106e-01 5.788461380720535780e-03 9.828181002619493789e-01 6.083292151905856926e+00
9.813228233591865246e-01 -6.662853810854222139e-03 -1.922527703199782279e-01 -7.385312623625208683e-01 5.056448391999743275e-03 9.999481007552317724e-01 -8.845127376300892727e-03 -1.208382346906059501e-01 1.923017396498706288e-01 7.707808952348873394e-03 9.813055758855819821e-01 6.533119499739261649e+00
9.798151619738451057e-01 -6.613502549520208253e-03 -1.997961451708057945e-01 -8.477575844062095189e-01 4.543954971687797287e-03 9.999311914265434087e-01 -1.081508267890885985e-02 -1.224240140768437513e-01 1.998539378303026692e-01 9.688916652500165552e-03 9.797777965996118388e-01 7.012502525659694896e+00
9.782677739460317046e-01 -7.169505612930724033e-03 -2.072215007644268858e-01 -9.586302238733181991e-01 4.479422410840807819e-03 9.998995351802558718e-01 -1.344798226746042602e-02 -1.371870718078110063e-01 2.072971177895364114e-01 1.222749439990860124e-02 9.782016108737126014e-01 7.488179452861807306e+00
9.763773450898520778e-01 -1.116226328298939620e-02 -2.157838860050639018e-01 -1.082053674377487784e+00 8.056919184488439342e-03 9.998510144918665299e-01 -1.526530601497361889e-02 -1.473020033338819923e-01 2.159221566239271362e-01 1.316614542479685457e-02 9.763218104182816992e-01 7.989958450589478289e+00
9.744882926643421150e-01 -1.645784990130922179e-02 -2.238340963454470700e-01 -1.191659186694933759e+00 1.312665724925617637e-02 9.997799595780566539e-01 -1.636236383601463382e-02 -1.641999176272443128e-01 2.240541547266962086e-01 1.300673873996509473e-02 9.744898977576014198e-01 8.500382684594574911e+00
9.726227636987716529e-01 -1.764192502391083439e-02 -2.317190591802305577e-01 -1.322853156322491230e+00 1.364170402668529215e-02 9.997291696328860500e-01 -1.885436317527573041e-02 -1.893416738872820138e-01 2.319889504462935570e-01 1.517713983775272578e-02 9.726000166683428372e-01 9.020523029999903741e+00
9.705632442845646413e-01 -1.382810940602337800e-02 -2.404490858310802115e-01 -1.479018473261749511e+00 8.551597527974011057e-03 9.996994881852091508e-01 -2.297404342339527672e-02 -1.931804146446488568e-01 2.406945333206329529e-01 2.024153848444526158e-02 9.703898275302264009e-01 9.559904778375678092e+00
9.685650136890349149e-01 -1.099704317246373055e-02 -2.485173559644795471e-01 -1.630892557868400816e+00 4.672438464626295015e-03 9.996503769520059812e-01 -2.602489610498355879e-02 -2.095127314861642831e-01 2.487166853073030370e-01 2.404562287392775916e-02 9.682777593589593224e-01 1.009457772484763183e+01
9.661568968593523543e-01 -1.357128570660325224e-02 -2.575978875035913607e-01 -1.787994030306471860e+00 6.574583126462457856e-03 9.995862084008793058e-01 -2.800330108186195599e-02 -2.320061713182698382e-01 2.578713572927939790e-01 2.536198350887228919e-02 9.658463347397685528e-01 1.065265236023627260e+01
9.636797888913494203e-01 -1.558164533244991469e-02 -2.666054465388175698e-01 -1.950857585190254317e+00 7.966445868840661693e-03 9.995294444499903674e-01 -2.962134201646441853e-02 -2.611954443316631957e-01 2.669415637735056968e-01 2.642159128079584612e-02 9.633504566586604811e-01 1.120948620530970885e+01
9.618274568498295096e-01 -1.534698358760782679e-02 -2.732259445659059871e-01 -2.122832683096750550e+00 6.740899599736742756e-03 9.994519588431590718e-01 -3.240903891342461485e-02 -2.857522539735027900e-01 2.735736053924549549e-01 2.933011517322443168e-02 9.614037843070120104e-01 1.180038217929733690e+01
9.593365657429900883e-01 -1.486461196607705496e-02 -2.818730091695416662e-01 -2.316626006595193132e+00 4.887642187806398239e-03 9.993374753443908798e-01 -3.606542667125429980e-02 -3.104498380168645988e-01 2.822223834514476781e-01 3.322118872173323439e-02 9.587736389126190195e-01 1.239002829432055464e+01
9.572815976151013428e-01 -1.590059321997179184e-02 -2.887197770144789288e-01 -2.499819249159167089e+00 4.192053562061374278e-03 9.991451589875319783e-01 -4.112646815232835762e-02 -3.416782964316437132e-01 2.891269242915774362e-01 3.815928247305622883e-02 9.565299233973670878e-01 1.297418231650413389e+01
9.551094459164604089e-01 -1.690145119838614221e-02 -2.957706506488440024e-01 -2.705456617912844752e+00 2.685506318787124567e-03 9.988242057002476582e-01 -4.840448505627961001e-02 -3.799233401368626861e-01 2.962410223782476759e-01 4.543728781863487498e-02 9.540318283832921464e-01 1.357215021662276655e+01
9.540059333345820569e-01 -1.705795993179130485e-02 -2.993020274214049925e-01 -2.912040225666075344e+00 1.634813657407864409e-04 9.984093293880675901e-01 -5.638072007326416085e-02 -4.171545282511983643e-01 2.997877080204414124e-01 5.373861144229842568e-02 9.524912072773505933e-01 1.420110571832278801e+01
9.526714170046716168e-01 -1.746671741434528344e-02 -3.034997128744495454e-01 -3.111394780401054216e+00 -2.465565574420939925e-03 9.978712717528831488e-01 -6.516780131032429146e-02 -4.632271177312721755e-01 3.039919348908250440e-01 6.283180074734064091e-02 9.506003712424454521e-01 1.481178947437328830e+01
9.512836094798109432e-01 -1.676207323916139094e-02 -3.078611984247587863e-01 -3.340672076239250998e+00 -6.367693987239024696e-03 9.972399425132669748e-01 -7.397259244699619374e-02 -5.080171080737326816e-01 3.082514431707545910e-01 7.232928237511851433e-02 9.485512780069221828e-01 1.545780390419177586e+01
9.499447914522910486e-01 -1.571311344606772173e-02 -3.120224095550299670e-01 -3.565751179400483917e+00 -1.019674187997494583e-02 9.966429280910400479e-01 -8.123360110209754126e-02 -5.679484329021280420e-01 3.122513965395097846e-01 8.034904881709446778e-02 9.465955304566693318e-01 1.609883586039913084e+01
9.481156172799743986e-01 -1.466314705378483386e-02 -3.175874158582465689e-01 -3.805503553686912177e+00 -1.390930112731134614e-02 9.960662468229711797e-01 -8.751319683788616466e-02 -6.273311117791128266e-01 3.176213533179130244e-01 8.739004869571925793e-02 9.441820058970549212e-01 1.675394701828210486e+01
9.465362347645248642e-01 -1.303878976177789972e-02 -3.223338918567901223e-01 -4.052216183138853012e+00 -1.806529452637222616e-02 9.954725471786843860e-01 -9.331693545713665161e-02 -6.980451831046532440e-01 3.220913084774159607e-01 9.415091904542420564e-02 9.420152880567910225e-01 1.742675217943111932e+01
9.449654810482263079e-01 -1.112884758659723333e-02 -3.269806886174762006e-01 -4.306017069543960574e+00 -2.236849355948459031e-02 9.948850856763430395e-01 -9.850543968116756699e-02 -7.731328529571729336e-01 3.264044928439464033e-01 1.003983096778620493e-01 9.398831332754310486e-01 1.808415216157994010e+01
9.434077961369604637e-01 -8.355647693170735121e-03 -3.315296384600209256e-01 -4.568595741104569008e+00 -2.711149492070001263e-02 9.943932201312457586e-01 -1.022110497341021107e-01 -8.523771680264563555e-01 3.305248862065363613e-01 1.054149729822602410e-01 9.378917837317941597e-01 1.879576951328736811e+01
9.415520922175274476e-01 -7.630048320484130939e-03 -3.367809749340143766e-01 -4.833215485122564381e+00 -2.895920111968561250e-02 9.942091342808119236e-01 -1.034870194238347724e-01 -9.294774001278747200e-01 3.356203564093450109e-01 1.071913323555458986e-01 9.358787335016608422e-01 1.948803341838108594e+01
9.392417777140251722e-01 -6.738849493607483761e-03 -3.431901130337610684e-01 -5.113313672098477980e+00 -3.033573126360195049e-02 9.942655888641798168e-01 -1.025460433589548692e-01 -1.019716480447562912e+00 3.419131922637040355e-01 1.067264604911572490e-01 9.336513534217952826e-01 2.020664548041995445e+01
9.372022526294151445e-01 -7.366036619906970659e-03 -3.487085778559494975e-01 -5.389679985501671489e+00 -2.978349329723495656e-02 9.944350898772653657e-01 -1.010534341698303140e-01 -1.101355674401407692e+00 3.475124417777151198e-01 1.050932654865411320e-01 9.317674174933199271e-01 2.094258261950452038e+01
9.347541510102369555e-01 -6.966368940135434472e-03 -3.552268714802966354e-01 -5.661522216855487954e+00 -3.030867765267193648e-02 9.945998163396347902e-01 -9.926025161285546849e-02 -1.186519018132622616e+00 3.540000931290218089e-01 1.035503922591885506e-01 9.294951626501284370e-01 2.164195254072570762e+01
9.317596159677677958e-01 -6.664642407420704948e-03 -3.630145967397744311e-01 -5.949003768532644010e+00 -3.026092246275607217e-02 9.949272636520001267e-01 -9.593756916434405257e-02 -1.271966009866392966e+00 3.618125343838122232e-01 1.003759106927562261e-01 9.268313603802325051e-01 2.235104804054309469e+01
9.281543933119621448e-01 -3.454874334877778858e-03 -3.721793516743962527e-01 -6.292446430120337553e+00 -3.269023062446135136e-02 9.953357763298477101e-01 -9.076360297439581282e-02 -1.356653878817672521e+00 3.707570340281108878e-01 9.640926801344479324e-02 9.237123403581903869e-01 2.317437884970953377e+01
9.245156807742672678e-01 -1.694083958303007568e-03 -3.811402182421543827e-01 -6.620017008743127818e+00 -3.314729157598533121e-02 9.958439075696815523e-01 -8.483027984355329121e-02 -1.436302816569075436e+00 3.796999001136465157e-01 9.106069107792386097e-02 9.206171516560515133e-01 2.388882519968338869e+01
9.212492043112868734e-01 6.586222360452298951e-04 -3.889723094890251143e-01 -6.955540122535119885e+00 -3.494988700560045652e-02 9.960938891554323993e-01 -8.108932789882679348e-02 -1.510676021731865548e+00 3.873995659432954985e-01 8.829801858384203617e-02 9.176737165332808921e-01 2.465171867100726644e+01
9.176170819422903024e-01 2.252127379523476483e-03 -3.974591791227489734e-01 -7.286296021970219527e+00 -3.680756614668292265e-02 9.961683702064353385e-01 -7.933330644149812205e-02 -1.590536738903583380e+00 3.957576261039125742e-01 8.742710380293791661e-02 9.141840178512747883e-01 2.537622695932600436e+01
9.133720511969289912e-01 2.691035027132002849e-03 -4.071169995287577947e-01 -7.647995408286788255e+00 -3.789911899591052319e-02 9.961980046363919650e-01 -7.844228826235238872e-02 -1.660925024652319948e+00 4.053580786892042598e-01 8.707637107702183299e-02 9.100013941666792450e-01 2.615111474582347029e+01
9.099605709546766397e-01 4.032026573362116652e-03 -4.146751619528103450e-01 -8.010907268621783928e+00 -3.963328067670462973e-02 9.962210240023785524e-01 -7.728442168958633840e-02 -1.734024478800204605e+00 4.127965335018225490e-01 8.676071410071202472e-02 9.066816550429448451e-01 2.689988855001212897e+01
9.055687617807247625e-01 3.332277271996778208e-03 -4.241864093656261825e-01 -8.400527751326800185e+00 -3.910617622024628592e-02 9.963666782532002442e-01 -7.565814994811616290e-02 -1.807612326066732278e+00 4.223931153030283103e-01 8.510196730625685380e-02 9.024088499660751772e-01 2.766516876777123457e+01
9.019958606861835371e-01 3.434021825884640399e-03 -4.317310154896205621e-01 -8.804382949902304745e+00 -3.894531494249806741e-02 9.965389159564602695e-01 -7.344011147937749839e-02 -1.881148139555290477e+00 4.299845939705690956e-01 8.305657824351919682e-02 8.990077133573562973e-01 2.845867806872453443e+01
8.983410241983569300e-01 4.113074703968204460e-03 -4.392795023239497998e-01 -9.180670607761236113e+00 -3.835514860465588649e-02 9.968718935935698688e-01 -6.910359387369166551e-02 -1.954793164845587183e+00 4.376211955487518956e-01 7.892722489196871138e-02 8.956886722080734664e-01 2.924180461624677818e+01
8.943509269811690254e-01 5.126697073864455723e-03 -4.473366911879959607e-01 -9.593426583760479076e+00 -3.757947842777090153e-02 9.972611152733011908e-01 -6.370276410182573734e-02 -2.014274481485294643e+00 4.457849379548010083e-01 7.378330660823670395e-02 8.920940677455301282e-01 3.003676546807308156e+01
8.912848905607773098e-01 4.318285735916009387e-03 -4.534231761674779593e-01 -1.000716712901877159e+01 -3.507937862492209458e-02 9.976144932318135039e-01 -5.945380654983251079e-02 -2.084307519681813492e+00 4.520848327891774932e-01 6.889608308345239462e-02 8.893102162074095762e-01 3.085618183217847488e+01
8.873445943676218084e-01 4.098613606516709335e-03 -4.610886547546158565e-01 -1.045173748294894622e+01 -3.446860445277833557e-02 9.977523645245048867e-01 -5.746427779605072644e-02 -2.151956375473796257e+00 4.598168062510523124e-01 6.688370005706117949e-02 8.854914411078737002e-01 3.167341341756134199e+01
8.834288881250305092e-01 5.072271835430327072e-03 -4.685377716766987444e-01 -1.090058988059730893e+01 -3.559491827937447117e-02 9.977784764934114481e-01 -5.631258414832072956e-02 -2.213220665885859528e+00 4.672113187881121732e-01 6.642572763738070762e-02 8.816468853815582207e-01 3.247442550999984689e+01
8.809591000735745858e-01 5.117328658803731167e-03 -4.731647209170083967e-01 -1.134581400706990273e+01 -3.503250471094900703e-02 9.979027106927141899e-01 -5.443264059115245773e-02 -2.269834466295891140e+00 4.718938540077630694e-01 6.452907584243403050e-02 8.792907392337117045e-01 3.329052809469094143e+01
8.779732763382585015e-01 3.724301131564551094e-03 -4.786951391170966574e-01 -1.181491613349752079e+01 -3.314568162093076142e-02 9.980428050919539773e-01 -5.302750365362372820e-02 -2.333381674794742899e+00 4.775607938037286782e-01 6.242340881389261964e-02 8.763783585697877410e-01 3.413515036851180184e+01
8.755488858329765200e-01 2.555306150929494407e-03 -4.831227587059779283e-01 -1.229738784147238029e+01 -3.214143390665522709e-02 9.980787058755699048e-01 -5.296996818381419919e-02 -2.397779008971830272e+00 4.820592268039330386e-01 6.190605552511420362e-02 8.739488282914539274e-01 3.499247507424767178e+01
8.734322156137768189e-01 3.369232548622722555e-03 -4.869340716553355874e-01 -1.277106056868431061e+01 -3.354959455134342433e-02 9.980162059633327365e-01 -5.327363139224173399e-02 -2.460735736842655896e+00 4.857886417734512685e-01 6.286734754574743733e-02 8.718125484228907984e-01 3.581114458693559754e+01
8.719779027429606089e-01 1.570947345730371687e-03 -4.895426938002978567e-01 -1.326662394041590254e+01 -3.204048311202709054e-02 9.980338829057830985e-01 -5.386809475055541474e-02 -2.513536929834145450e+00 4.884956171916292611e-01 6.265697320728300101e-02 8.703138243512564820e-01 3.668060259389862665e+01
8.718577781933677384e-01 2.577487185560061941e-03 -4.897523331421042569e-01 -1.376897662832177716e+01 -3.271460417571771251e-02 9.980592351479146140e-01 -5.298595448725103990e-02 -2.578643929179328609e+00 4.886653106629837984e-01 6.221827165152653272e-02 8.702500366587178071e-01 3.754691750379765125e+01
8.716795110196907670e-01 2.227730446023029522e-03 -4.900712580774110316e-01 -1.428699744924670156e+01 -3.146757585124473899e-02 9.981805545694939497e-01 -5.143325882430013068e-02 -2.638504503653988031e+00 4.890650662460659936e-01 6.025467283487940390e-02 8.701636344108155674e-01 3.844225633007591370e+01
8.713171115748381546e-01 5.822363513874038478e-04 -4.907200002423698915e-01 -1.479862807417303827e+01 -2.925489044156305216e-02 9.982823047940726502e-01 -5.076020642021044499e-02 -2.699910994112829421e+00 4.898475821673412556e-01 5.858419809451533011e-02 8.698374936310896421e-01 3.934020160202437211e+01
8.713011835665926963e-01 -7.612561409772505751e-04 -4.907480519025396171e-01 -1.530776175206689693e+01 -2.812224993375717075e-02 9.982780804567166211e-01 -5.147833712342084894e-02 -2.766265072548676152e+00 4.899422480937746793e-01 5.865407537946484146e-02 8.697794659766910907e-01 4.024127613288155203e+01
8.703337798377613899e-01 -3.211922579395066948e-03 -4.924518013231550806e-01 -1.585727963858374068e+01 -2.586476640742886579e-02 9.983004250399184487e-01 -5.222326540803952366e-02 -2.831504372822641002e+00 4.917826217021944446e-01 5.818882312054736439e-02 8.687715051223204865e-01 4.116824248505731987e+01
8.678979875553691770e-01 -3.495973703238962164e-03 -4.967301585266755137e-01 -1.635639483251765824e+01 -2.469001788126310576e-02 9.984356729913380635e-01 -5.016590931038462237e-02 -2.895398628755973203e+00 4.961285301962031768e-01 5.580316865698525114e-02 8.664539894532929942e-01 4.205939230744315438e+01
8.665166703711362217e-01 -2.221252265728370246e-03 -4.991431746987219920e-01 -1.691966042501411849e+01 -2.426558428284473698e-02 9.986202914617238191e-01 -4.656924249679049443e-02 -2.961431430851862778e+00 4.985579833821489615e-01 5.246502569722572007e-02 8.652672281671401899e-01 4.299418898137557221e+01
8.632564081340277085e-01 -3.252235006358807599e-03 -5.047551608704142767e-01 -1.743749950023479300e+01 -2.084471835506147147e-02 9.988965329214825051e-01 -4.208571513833774674e-02 -3.024162434346036932e+00 5.043351016847171797e-01 4.685224287728850801e-02 8.622360489444900189e-01 4.392350468411954978e+01
8.593180503626339783e-01 -4.286409113750794080e-03 -5.114235955932774358e-01 -1.800443634168404117e+01 -1.874510734869359874e-02 9.990290465757228899e-01 -3.986960156263524152e-02 -3.085364317888067198e+00 5.110979655195860838e-01 4.384735960752363798e-02 8.584033430616433424e-01 4.481471226189921708e+01
8.539414624776087148e-01 -7.307783197340930910e-03 -5.203177441626787303e-01 -1.856536709257941098e+01 -1.714777786378834587e-02 9.989631555572463517e-01 -4.217308276722724070e-02 -3.147192565321426549e+00 5.200864959872566473e-01 4.493563783367568454e-02 8.529307419651449562e-01 4.571306092496269002e+01
8.486877224404120179e-01 -1.082797429643631362e-02 -5.287833851657652851e-01 -1.911118381307871772e+01 -1.571192320834255418e-02 9.988329867437188980e-01 -4.567059716028166322e-02 -3.206693397105388588e+00 5.286608571050864791e-01 4.706828011603866185e-02 8.475271708158694794e-01 4.658912236656966144e+01
8.423336286886868862e-01 -1.044250640871434606e-02 -5.388552466294895815e-01 -1.970266817331079068e+01 -1.662609568385053915e-02 9.988329626814389517e-01 -4.534619999606787771e-02 -3.269308837736996320e+00 5.386999619077986745e-01 4.715568906338117594e-02 8.411769886298744447e-01 4.749662049483700343e+01
8.369447541668851853e-01 -6.555096772130048974e-03 -5.472480995260139425e-01 -2.030886448101467323e+01 -1.847658858643483684e-02 9.990198370276454076e-01 -4.022408533382480778e-02 -3.329449847493527681e+00 5.469754355439259141e-01 4.377661521665081323e-02 8.360032988054696412e-01 4.841018564836146254e+01
8.320277829131751401e-01 -3.833919069806621723e-03 -5.547206848496772924e-01 -2.091315053039455307e+01 -1.859687476001888745e-02 9.992212715164716652e-01 -3.479958445736464068e-02 -3.390200890483733964e+00 5.544221749496113238e-01 3.927029301572918657e-02 8.313085655703535970e-01 4.927123636208714430e+01
8.280337936835425738e-01 -3.175275247003328787e-03 -5.606691796985899812e-01 -2.152995257926601269e+01 -2.081587504950446407e-02 9.991204604448347126e-01 -3.640066217800037168e-02 -3.445497030091549284e+00 5.602916839431130169e-01 4.181179810032127631e-02 8.272394058716230347e-01 5.016167110125275741e+01
8.250133610726196887e-01 -5.127437992411346124e-03 -5.650899352274630916e-01 -2.214380611783603214e+01 -2.192048873862336572e-02 9.989159025326900254e-01 -4.106704579223829227e-02 -3.497568981653333076e+00 5.646879499198241836e-01 4.626790937684634869e-02 8.240065763946906596e-01 5.102601842829519541e+01
8.222365146707604211e-01 -6.960094618319383544e-03 -5.691033775892230251e-01 -2.274854160187463492e+01 -2.471966962427058281e-02 9.985449100663437161e-01 -4.792693424461568624e-02 -3.566612495490060653e+00 5.686089034475358961e-01 5.347532331600508143e-02 8.208680352628960897e-01 5.188319522713885590e+01
8.185822401551627880e-01 -6.599266259467046272e-03 -5.743514018554046752e-01 -2.338748709620195854e+01 -2.678648949529529102e-02 9.984074834529642617e-01 -4.964852430243590908e-02 -3.631830202176943079e+00 5.737644254624101325e-01 5.602625902059637369e-02 8.171018663918730995e-01 5.275593046872576508e+01
8.153541294729769184e-01 -7.983694238039226732e-03 -5.789074841951098449e-01 -2.398551745288172654e+01 -2.296699701518825978e-02 9.986718405540012666e-01 -4.612019286880814778e-02 -3.689860531727383375e+00 5.785068633703912555e-01 5.090005656381384191e-02 8.140878499730220819e-01 5.359269949476597361e+01
8.127156296496230725e-01 -4.815924453627717927e-03 -5.826406112113675650e-01 -2.463935252209604343e+01 -2.282530679345623481e-02 9.989351134844355329e-01 -4.009551972000495457e-02 -3.757073965596970933e+00 5.822133082722606989e-01 4.588520614185347818e-02 8.117402568659417561e-01 5.450334537890470443e+01
8.092436181663091865e-01 -4.163046833016420707e-03 -5.874584328325805904e-01 -2.526819912843336979e+01 -2.173234376353739075e-02 9.990783021438751632e-01 -3.701703371568541845e-02 -3.812863701972549535e+00 5.870711245879015605e-01 4.272264718551708335e-02 8.084072596898160823e-01 5.536259728705359606e+01
8.066939172487065379e-01 -2.376757389259000642e-03 -5.909646713733239798e-01 -2.589839194851883519e+01 -2.454530771252775440e-02 9.989942624364845924e-01 -3.752325135332059552e-02 -3.867757109407464089e+00 5.904595490466738594e-01 4.477518890284439695e-02 8.058242603148090266e-01 5.618477577975086490e+01
8.029703965191939963e-01 -3.195963897476448209e-03 -5.960103128059547339e-01 -2.655910599649356740e+01 -2.511750970826714946e-02 9.989158108701021721e-01 -3.919582196868156426e-02 -3.929406918889025491e+00 5.954894401059965814e-01 4.644338027631535193e-02 8.020195526107040118e-01 5.705300021709592073e+01
7.997506673495455853e-01 -4.463416583765972626e-03 -6.003156763604691193e-01 -2.723072694894585766e+01 -2.590268625152334497e-02 9.987845573142518640e-01 -4.193407231269372093e-02 -3.994249426087860044e+00 5.997732451846350399e-01 4.908659160409158811e-02 7.986630053362027137e-01 5.792891646133568884e+01
7.955076368767503014e-01 -5.139301146506541039e-03 -6.059217423242589939e-01 -2.786942194061666456e+01 -2.586052026149385924e-02 9.987649822335452621e-01 -4.242329042944711220e-02 -4.049776467214550202e+00 6.053914972764492530e-01 4.941750330690283105e-02 7.943922708897046547e-01 5.875181122775390463e+01
7.910737087602411899e-01 -6.429822153936184947e-03 -6.116870170172201693e-01 -2.853529863936985222e+01 -2.378194550398533141e-02 9.988655314138966679e-01 -4.125606200328985063e-02 -4.107410868373925439e+00 6.112584060816655951e-01 4.718369421167759037e-02 7.900233498258624198e-01 5.960939332287126291e+01
7.858887513747443432e-01 -6.333874550794032533e-03 -6.183354476627178631e-01 -2.919446859943642281e+01 -2.374013348372209717e-02 9.989013069770051878e-01 -4.040528201162733174e-02 -4.167736779836100247e+00 6.179120619771799605e-01 4.643342289466742545e-02 7.848749316482507288e-01 6.043302007507481477e+01
7.808096897346323839e-01 -7.091683162071196408e-03 -6.247286621463671308e-01 -2.991116030493876465e+01 -2.400068906156765242e-02 9.988570184575924493e-01 -4.133561964736889860e-02 -4.233268090326199662e+00 6.243078002492079559e-01 4.726917072230250177e-02 7.797470318077754925e-01 6.127605752000123829e+01
7.761550346693649738e-01 -8.692203434417044780e-03 -6.304821857750756431e-01 -3.060137993214784657e+01 -2.324594101550534267e-02 9.988307850889989181e-01 -4.238738784246563751e-02 -4.293925729811665981e+00 6.301135013997549716e-01 4.755533630422596747e-02 7.750454802416364419e-01 6.213536028776088926e+01
7.711294465317890534e-01 -9.077128731274024254e-03 -6.366136566402462726e-01 -3.126823750048133377e+01 -2.379091446339919036e-02 9.987892187028865054e-01 -4.305910103113606835e-02 -4.353107346692696389e+00 6.362337630711407677e-01 4.834976276732476375e-02 7.699798247653248939e-01 6.292470891744207506e+01
7.646184633587314039e-01 -9.066917834597693765e-03 -6.444193928942281158e-01 -3.201489763318088677e+01 -2.521885958220296611e-02 9.987142966485964557e-01 -4.397456818882313628e-02 -4.422732101400336013e+00 6.439896311280697283e-01 4.987528949266439166e-02 7.634067399926721675e-01 6.377906765967482272e+01
7.591211275156527494e-01 -1.217431994849861587e-02 -6.508355037402494547e-01 -3.270565983940988275e+01 -2.280459476932666235e-02 9.987139901435173606e-01 -4.528042947377735467e-02 -4.480053315923347768e+00 6.505498367502671186e-01 4.921537116420743319e-02 7.578672623408302389e-01 6.461428694083541302e+01
7.540333152975080555e-01 -1.415157931542611498e-02 -6.566836794622521456e-01 -3.347171725148092492e+01 -2.073894724931255040e-02 9.987564724148495499e-01 -4.533664843444927539e-02 -4.543086308743117030e+00 6.565087121422694683e-01 4.780427274845954616e-02 7.528021622876425178e-01 6.543622623948500916e+01
7.474722834808797955e-01 -1.431127919025258072e-02 -6.641387913298112400e-01 -3.419995379438397975e+01 -1.980471704455283657e-02 9.988434101992591518e-01 -4.381343662276090956e-02 -4.611358793739570139e+00 6.639977375119435754e-01 4.590241071594669542e-02 7.463243263198615640e-01 6.626908391863821635e+01
7.409855571352941261e-01 -1.468733244148335247e-02 -6.713602940271580222e-01 -3.494418418152353922e+01 -1.905977927258549476e-02 9.988980105650666630e-01 -4.288929013719532113e-02 -4.674517528463757010e+00 6.712504484319807840e-01 4.457632425677864052e-02 7.398890622996392441e-01 6.708959928516433990e+01
7.345759249998455864e-01 -1.447513638845764408e-02 -6.783720500461984937e-01 -3.571245237078145607e+01 -2.037035920276494480e-02 9.988513188360323980e-01 -4.337160299643340322e-02 -4.744143274254199127e+00 6.782206756947520843e-01 4.567841878821908563e-02 7.334372761641221317e-01 6.789611599927125951e+01
7.278376665969981119e-01 -1.770339741891647362e-02 -6.855208844493415610e-01 -3.645789182884198709e+01 -1.838460853444837464e-02 9.988036362557520809e-01 -4.531331975045423122e-02 -4.805246025428950851e+00 6.855030139379735266e-01 4.558377406652530661e-02 7.266414371472497136e-01 6.869339454410157941e+01
7.225738916291841729e-01 -1.658579141087978756e-02 -6.910946743558714633e-01 -3.727732579930594881e+01 -2.024075665047778833e-02 9.987759338163361145e-01 -4.513264429867772098e-02 -4.868571767098336167e+00 6.909973446060535540e-01 4.659995021512773616e-02 7.213536945544799517e-01 6.951256328709010290e+01
7.187268767337070541e-01 -1.768989474116730576e-02 -6.950674005200843109e-01 -3.802965606277657429e+01 -1.808007157347731042e-02 9.988627473659561495e-01 -4.411717327480185052e-02 -4.928302513320971912e+00 6.950574199409603748e-01 4.427506683218567635e-02 7.175896759003370651e-01 7.029131128597555289e+01
7.143829849941835120e-01 -1.489898021412541448e-02 -6.995962623104517997e-01 -3.885246920287517725e+01 -2.240254029992220022e-02 9.987738519236245560e-01 -4.414646743139698237e-02 -4.998830045357732565e+00 6.993962559698277959e-01 4.721021959004620405e-02 7.131732730821923605e-01 7.109757374543117692e+01
7.082036266135138813e-01 -1.783212288864436876e-02 -7.057829622860820606e-01 -3.966744224042034972e+01 -1.978947288281125358e-02 9.987867939601026146e-01 -4.509242356674175722e-02 -5.062676890574374866e+00 7.057308591573990819e-01 4.590169146177384280e-02 7.069915394263837083e-01 7.191548145782564916e+01
7.035752051235759641e-01 -1.891078197977975536e-02 -7.103691040335704532e-01 -4.053019569662453847e+01 -2.107279427670385313e-02 9.986510056632830201e-01 -4.745640771357847315e-02 -5.138275007906653258e+00 7.103083173989542809e-01 4.835861494991858245e-02 7.022275892131411013e-01 7.272818952380656299e+01
6.994136423352044218e-01 -2.053970180359099978e-02 -7.144218815435867675e-01 -4.135276948286789178e+01 -2.216246015535816918e-02 9.984830103592684525e-01 -5.040336785016355514e-02 -5.205608987734315463e+00 7.143734494701631244e-01 5.108615009800742540e-02 6.978974373055272240e-01 7.350994139168952302e+01
6.941420350300859798e-01 -2.081052446826348393e-02 -7.195371463547727275e-01 -4.217682198588175879e+01 -2.306907873382292237e-02 9.984254555764431327e-01 -5.113144308085260104e-02 -5.278495911607095081e+00 7.194683368901231280e-01 5.209154311817241340e-02 6.925690093934712133e-01 7.430308855792419820e+01
6.869855268479025945e-01 -2.086297748647421985e-02 -7.263715138090733880e-01 -4.302908368977746534e+01 -2.185371772840392565e-02 9.985424797676087927e-01 -4.934906660229732012e-02 -5.348584994024623285e+00 7.263424406906265896e-01 4.977601330053316175e-02 6.855282933844890625e-01 7.509746791231516738e+01
6.841203796727240993e-01 -2.198938075128153286e-02 -7.290375353971200179e-01 -4.387651700275772271e+01 -1.943924968074059456e-02 9.986406518656799625e-01 -4.836277017965716352e-02 -5.419612446583100152e+00 7.291100562338186375e-01 4.725789936119133977e-02 6.827629684615962313e-01 7.586511718813181915e+01
6.786389494739790695e-01 -2.277874551818304463e-02 -7.341186902155005800e-01 -4.473232647287717612e+01 -1.905436333216904005e-02 9.986365198316706770e-01 -4.860075085434064496e-02 -5.496027634072132351e+00 7.342248671786053560e-01 4.697052736376502308e-02 6.772796106943504979e-01 7.664561162362035418e+01
6.747568607528479090e-01 -2.285929109744556237e-02 -7.376859724910845850e-01 -4.560063462046210958e+01 -1.977040200717523552e-02 9.986016937700400442e-01 -4.902836920821568994e-02 -5.569539358402905371e+00 7.377752811162217039e-01 4.766657697584014697e-02 6.733614054771123181e-01 7.743249262938009281e+01
6.693634211275972801e-01 -2.320667579429453939e-02 -7.425725698291159027e-01 -4.651179321548589485e+01 -1.934906022215300211e-02 9.986284365871713753e-01 -4.865032661864222840e-02 -5.644596900197672795e+00 7.426831620665742539e-01 4.693282998047359350e-02 6.679963222852316473e-01 7.823255771550572035e+01
6.656798924824088859e-01 -2.445281140353357252e-02 -7.458366401737771545e-01 -4.739592610618094426e+01 -1.767344241864872434e-02 9.986660354364381709e-01 -4.851604793533594029e-02 -5.715875110046735763e+00 7.460281259664862663e-01 4.547765920436614567e-02 6.643597320811531759e-01 7.903944513186250731e+01
6.629795893181970046e-01 -2.773480499191070120e-02 -7.481235173639523284e-01 -4.829098187230190575e+01 -1.404585631578029147e-02 9.986768019695571041e-01 -4.947073728205445692e-02 -5.789468245099005372e+00 7.485057259478348213e-01 4.330612504653238992e-02 6.617127887122460361e-01 7.979035177008684343e+01
6.576519431806466809e-01 -3.254718521898740391e-02 -7.526184621692381116e-01 -4.917165725500284168e+01 -1.056561301771850175e-02 9.985694532704499915e-01 -5.241582927337823383e-02 -5.866110439833568613e+00 7.532478553456184445e-01 4.242324802710260856e-02 6.563672635489036233e-01 8.056021585247532357e+01
6.538567058811202148e-01 -3.522998830217414362e-02 -7.557977315562433018e-01 -5.011088518368843125e+01 -9.148867025544276527e-03 9.984742200956403524e-01 -5.445674255740315384e-02 -5.944684358271310920e+00 7.565631140586412950e-01 4.252159967211467662e-02 6.525367540232395180e-01 8.134983523774671710e+01
6.470305872881643161e-01 -3.969239446158509543e-02 -7.614301566454420023e-01 -5.101617976774263497e+01 -2.761583772807879068e-03 9.985155121244094767e-01 -5.439802990062182070e-02 -6.024148638178827397e+00 7.624590726005433527e-01 3.729994213543316728e-02 6.459604605874262884e-01 8.212062043058811867e+01
6.389849871168710171e-01 -4.226222763187301168e-02 -7.680573174068915376e-01 -5.195161541779163628e+01 2.395126066992244080e-04 9.985004471551272021e-01 -5.474306000169827657e-02 -6.115091947589577970e+00 7.692191995958383988e-01 3.479603445835658532e-02 6.380369157280020298e-01 8.289429524508817337e+01
6.306402751298699760e-01 -4.443130836909032350e-02 -7.748023335098620512e-01 -5.285673447144271364e+01 4.778111774033759647e-03 9.985631653846850364e-01 -5.337386936422366251e-02 -6.191648644173970872e+00 7.760606047790478135e-01 2.995761983597089798e-02 6.299464494854452035e-01 8.364568369430944017e+01
6.201987974319664865e-01 -4.366365496647058725e-02 -7.832285039998161391e-01 -5.381101437469697402e+01 6.680212106934032418e-03 9.987074475903888748e-01 -5.038651975895783869e-02 -6.265167972835459231e+00 7.844162639409689719e-01 2.601752634968551234e-02 6.196888449776449814e-01 8.439049290921187207e+01
6.130525400222438526e-01 -4.395965031059929223e-02 -7.888181560711153839e-01 -5.477956062263276493e+01 7.023927606073722581e-03 9.987145856203282213e-01 -5.019801658574599840e-02 -6.343553928729057212e+00 7.900109552966601001e-01 2.523341961585690366e-02 6.125732843574280828e-01 8.513624839130643807e+01
6.045204157034258508e-01 -4.403021507097715920e-02 -7.953718378766275743e-01 -5.572847941087880486e+01 3.768825652345270203e-03 9.986181748575393424e-01 -5.241704289119384491e-02 -6.419928548097247223e+00 7.965807653340815087e-01 2.868955479611208850e-02 6.038510094390351357e-01 8.584911473329998444e+01
5.926423382696707209e-01 -4.754127038553568330e-02 -8.040614559233331127e-01 -5.678018784868426394e+01 6.801944122175543860e-03 9.985164068122567294e-01 -5.402524632720767661e-02 -6.500237242642049829e+00 8.054370525486180821e-01 2.654846730773527397e-02 5.920864749180728692e-01 8.653773455113898194e+01
5.845061747806624686e-01 -4.759678215687967312e-02 -8.099919946836326989e-01 -5.776473911351422430e+01 3.761646521456361598e-03 9.984262016320855082e-01 -5.595508242976087593e-02 -6.589073495165517436e+00 8.113805743006501370e-01 2.965918767365284189e-02 5.837653235872521940e-01 8.727743214160824436e+01
5.759160021452917055e-01 -4.831521414134905268e-02 -8.160798633940945512e-01 -5.873687551021227193e+01 6.891350570103610233e-03 9.985034834053763131e-01 -5.425212955927617015e-02 -6.673029467391739189e+00 8.174798645123615426e-01 2.562077682378330334e-02 5.753870944493323369e-01 8.801015445631776402e+01
5.646045087557902686e-01 -4.931400643395148636e-02 -8.238870203972246120e-01 -5.979758304032620941e+01 9.813940156874595075e-03 9.985440174816508918e-01 -5.304272299111207484e-02 -6.750808348443955609e+00 8.253032772356641011e-01 2.186258190364719425e-02 5.642664137625590381e-01 8.869347522124306238e+01
5.539046389740966969e-01 -4.952923050392106508e-02 -8.311055566037577336e-01 -6.081106954820469213e+01 1.003057372284855107e-02 9.985535092000297208e-01 -5.282314020967512208e-02 -6.836680653270111208e+00 8.325197240689630185e-01 2.092251599788910038e-02 5.536002318258738120e-01 8.936674545585236729e+01
5.442222233501151640e-01 -5.015141980310103970e-02 -8.374407165722036472e-01 -6.186256051666976674e+01 8.300015214156601304e-03 9.984846186344132901e-01 -5.440190300156301506e-02 -6.917732777754501683e+00 8.389000732117840586e-01 2.265595366818573889e-02 5.438137780154718159e-01 9.001168915576653262e+01
5.340583349681264913e-01 -5.045877706832811727e-02 -8.439404877801273130e-01 -6.291422952668344948e+01 6.626688480288659908e-03 9.984365561474503048e-01 -5.550254960064648913e-02 -7.002248140619546035e+00 8.454216937969087908e-01 2.404906784742325693e-02 5.335577388844232605e-01 9.066014504382120265e+01
5.247844507755554666e-01 -5.154003272236178795e-02 -8.496733736575634577e-01 -6.395879545047854009e+01 5.950443792565236235e-03 9.983630505751700523e-01 -5.688416776985488060e-02 -7.086862157823556885e+00 8.512143881106435384e-01 2.479599252241936058e-02 5.242320886492746190e-01 9.130038535232273489e+01
5.146525387292869569e-01 -5.141203687665002464e-02 -8.558560102182308782e-01 -6.505215898600718560e+01 4.492184059995588986e-03 9.983485929127816627e-01 -5.727040473101277507e-02 -7.182090144878677584e+00 8.573871052497841205e-01 2.562969555004555172e-02 5.140335883579317811e-01 9.195264711316814044e+01
