-1.857739385241000086e-03 -9.999659513509999709e-01 -8.039975204515999174e-03 -4.784029760482999896e-03 -6.481465826010999673e-03 8.051860151134000373e-03 -9.999466081773999981e-01 -7.337429464231000342e-02 9.999773098287000339e-01 -1.805528627661000035e-03 -6.496203536139000256e-03 -3.339968064432999872e-01
8.999855543444500519e-03 -9.999434302645110462e-01 -5.668436532927255932e-03 1.183255231615585983e-02 -5.452216729801119023e-03 5.619510810906149824e-03 -9.999693790021820794e-01 -8.016373953563499244e-02 9.999446807016422190e-01 9.030486768528163746e-03 -5.401333594257835997e-03 -4.858023352712270704e-02
1.818578639327107435e-02 -9.998344328434065620e-01 -6.176386974520350339e-04 2.473426507398880647e-02 -6.933978259504321173e-03 4.916045102111194246e-04 -9.999758667979955495e-01 -8.808616671893848560e-02 9.998106187212092433e-01 1.818963147179498627e-02 -6.923890152514093621e-03 5.500836776825385188e-01
1.613416556853826747e-02 -9.998697705745543951e-01 3.491106005333845458e-04 3.108574076217719001e-02 -7.881344836073951587e-03 -4.763215566390258159e-04 -9.999688559862679460e-01 -9.342072379601942811e-02 9.998388176643048242e-01 1.613091236515932364e-02 -7.888003598438020694e-03 8.507713782571891814e-01
9.310119686937954817e-03 -9.999511373284569737e-01 3.322935521868037451e-03 2.608571965695772460e-02 -1.000035801094323329e-02 -3.416022210760355244e-03 -9.999441884316274676e-01 -9.399332526586189063e-02 9.999066976056276701e-01 9.276370554301293161e-03 -1.003167314048776515e-02 1.177061508160097691e+00
-2.494705866139297710e-03 -9.999871958826590523e-01 4.402625472763754648e-03 2.229232543619449197e-02 -1.112469030132723184e-02 -4.374615231319173986e-03 -9.999285796354772105e-01 -1.025366001480476075e-01 9.999350506499585789e-01 -2.543504800288702312e-03 -1.111363462816978773e-02 1.497380782053682413e+00
-1.816153924160033434e-02 -9.998287439070047133e-01 3.555089100333998046e-03 6.120342673250348670e-03 -1.148996693669979488e-02 -3.346733414899031971e-03 -9.999284183573113882e-01 -1.107943293850278677e-01 9.997690844614087746e-01 -1.820108566518920806e-02 -1.142721762448152024e-02 1.823934952493936112e+00
-3.758355408571224104e-02 -9.992934651975329263e-01 1.872937240252821897e-04 -1.989965473625420617e-02 -1.220941922650014069e-02 2.717847760908889947e-04 -9.999254595505483456e-01 -1.145576787565741328e-01 9.992189378017815038e-01 -3.758303830167136067e-02 -1.221100777825283486e-02 2.155948182372959820e+00
-5.756687331769750476e-02 -9.983351563371876125e-01 -3.600879185876239286e-03 -6.227095660398201948e-02 -1.285152563009422239e-02 4.347607276392418361e-03 -9.999079940020110246e-01 -1.220453180294276824e-01 9.982589703680044835e-01 -5.751529958764556999e-02 -1.308040820808374465e-02 2.509365284331905421e+00
-7.642003090342135152e-02 -9.970675034103203549e-01 -4.044764200399121080e-03 -1.045233951819466295e-01 -1.316163061875339976e-02 5.065026614468052212e-03 -9.999005833907645968e-01 -1.276380487785697682e-01 9.969888772730299831e-01 -7.635919778437175176e-02 -1.351010398337285090e-02 2.881516115476551398e+00
-9.811327766198911504e-02 -9.951716496337539297e-01 -2.677886627896202028e-03 -1.460606653265305588e-01 -1.257955955407871057e-02 3.930854723473978761e-03 -9.999131779146031018e-01 -1.319430619737338994e-01 9.950957864567755440e-01 -9.807107327931147145e-02 -1.290449022269488447e-02 3.257132100418909548e+00
-1.176227556162098842e-01 -9.930571533686750607e-01 -1.538122699836570479e-03 -2.003492421643482957e-01 -1.196684655712563182e-02 2.966172137380032690e-03 -9.999240265637586722e-01 -1.403827428107767283e-01 9.929862861889500181e-01 -1.175954132423411985e-01 -1.223265215598962931e-02 3.645524288986815797e+00
-1.348332564602890693e-01 -9.908653766038019173e-01 -2.406611426226589086e-03 -2.626041872861489823e-01 -1.129310545781045394e-02 3.965346493719826108e-03 -9.999283945278838459e-01 -1.489757376599667449e-01 9.908039807133883770e-01 -1.347964270630772343e-01 -1.172460802320680895e-02 4.037473665425709513e+00
-1.510034952392111385e-01 -9.885291899635700874e-01 -2.825170757970349358e-03 -3.371820434032156144e-01 -1.096621659248349367e-02 4.532904155990189442e-03 -9.999296266673765032e-01 -1.575218426479255140e-01 9.884724362637434814e-01 -1.509618865361781748e-01 -1.152490983579752999e-02 4.461811890556361959e+00
-1.639487338418574858e-01 -9.864612748254166785e-01 -3.868100856295861659e-03 -4.143408210010868786e-01 -1.072410751972614415e-02 5.703233123488268483e-03 -9.999262625218946487e-01 -1.639285858936355977e-01 9.864106096659075451e-01 -1.638951639463794852e-01 -1.151395487327290523e-02 4.866942149825440822e+00
-1.765749825979329168e-01 -9.842845389780309207e-01 -2.284109140493967034e-03 -4.988080940661143714e-01 -1.174115934215076533e-02 4.426691097866056364e-03 -9.999213024961044471e-01 -1.714739162885432766e-01 9.842172014636967337e-01 -1.765342718075460782e-01 -1.233828465321182115e-02 5.303580569577233561e+00
-1.862157640634825306e-01 -9.825086394769898535e-01 6.812526520677556147e-04 -5.900069369303428957e-01 -1.354399371379807863e-02 1.873688784902378208e-03 -9.999065529853019552e-01 -1.818051860045873658e-01 9.824155553776841021e-01 -1.862075901173777526e-01 -1.365600139328270075e-02 5.753726734446250823e+00
-1.940282650709982404e-01 -9.809959411293507348e-01 2.160002789721175882e-05 -6.785252464386861693e-01 -1.533544968500244812e-02 3.011136169603139887e-03 -9.998779056755819905e-01 -1.912786671657595861e-01 9.808761054780514854e-01 -1.940049051454240114e-01 -1.562825938905174072e-02 6.203881038957879568e+00
-2.015689877879369429e-01 -9.794743139291457457e-01 3.337626005230762334e-05 -7.852285137894475797e-01 -1.730429861253952178e-02 3.527032799350726059e-03 -9.998440795847188811e-01 -1.922027952782500715e-01 9.793214903597938781e-01 -2.015381361323274889e-01 -1.766005603516246011e-02 6.683592845959815953e+00
-2.089876965404294518e-01 -9.779180487546196288e-01 6.500272200856511626e-04 -8.935729091186082051e-01 -1.993681339658999810e-02 3.596062046864072215e-03 -9.997948023368095072e-01 -2.060838414745212455e-01 9.777150592043405419e-01 -2.089577765398838161e-01 -2.024810200230693982e-02 7.159574339414692012e+00
-2.175204966525474681e-01 -9.760443737596921077e-01 4.713393707942715484e-03 -1.013834540651241456e+00 -2.176042748018938017e-02 2.157763040290113193e-05 -9.997632415194276367e-01 -2.156053473523962816e-01 9.758131944930217294e-01 -2.175715697830349626e-01 -2.124383644290687295e-02 7.661871049191891991e+00
-2.255326918014920468e-01 -9.741834900915058437e-01 1.007618132478224453e-02 -1.120353711207943359e+00 -2.286641812088065565e-02 -5.046579171559905860e-03 -9.997258242568067832e-01 -2.321558880106452949e-01 9.739672494545774661e-01 -2.257012669518361492e-01 -2.113791885469377616e-02 8.172879928807464722e+00
-2.334063355160418962e-01 -9.723133221258456471e-01 1.132641435753110187e-02 -1.248818323006744446e+00 -2.535898854563960886e-02 -5.557517989730528102e-03 -9.996629894518038739e-01 -2.564640617724204263e-01 9.720486030839783353e-01 -2.336149045018383885e-01 -2.335972257943456226e-02 8.693454276512655454e+00
-2.421570571463549926e-01 -9.702074022124564934e-01 7.586072881233827357e-03 -1.402337822153142399e+00 -2.946892684690211039e-02 -4.603855925097813146e-04 -9.995656229774400048e-01 -2.589003134070866907e-01 9.697894666644971684e-01 -2.422754225734279898e-01 -2.847948566060895872e-02 9.233160976556154864e+00
-2.502397814766887940e-01 -9.681718768118862117e-01 4.823636652872369084e-03 -1.551715298195052162e+00 -3.251218552476716622e-02 3.423754355786352843e-03 -9.994655070637130656e-01 -2.741914936815226245e-01 9.676378873057489560e-01 -2.502628580616068077e-01 -3.233414442142951151e-02 9.768221846829616695e+00
-2.592989484584928839e-01 -9.657681742565600302e-01 7.476091924205803714e-03 -1.705583498365491613e+00 -3.449366339408121984e-02 1.524729850029216778e-03 -9.994037830131721201e-01 -2.960285441639931014e-01 9.651809789148226848e-01 -2.594022291843876005e-01 -3.370824308004032044e-02 1.032696818701986530e+01
-2.682886712124150086e-01 -9.632910743595942682e-01 9.564775036786229631e-03 -1.865279198019896389e+00 -3.611388541968522936e-02 1.353788625309536873e-04 -9.993477015117098183e-01 -3.246798903704591899e-01 9.626614395742416619e-01 -2.684590886439013335e-01 -3.482450478076219019e-02 1.088451450729106362e+01
-2.749070988211608779e-01 -9.614249624252082516e-01 9.388026627341316752e-03 -2.035051427256675094e+00 -3.889874009744006406e-02 1.365292766722893012e-03 -9.992422572339209053e-01 -3.482940696498117439e-01 9.606836392897892818e-01 -2.750639706505056958e-01 -3.777354885215627317e-02 1.147581552485379852e+01
-2.835524662700862897e-01 -9.589146596183213411e-01 8.981880554902087199e-03 -2.225980135972694729e+00 -4.255086000103515398e-02 3.224166985391009339e-03 -9.990891270649140399e-01 -3.717531656743572333e-01 9.580122665379804392e-01 -2.836763750474352030e-01 -4.171686465048849574e-02 1.206601321925057668e+01
-2.903885464883681489e-01 -9.568557410001455876e-01 1.007880638614919860e-02 -2.406800734519553231e+00 -4.760924793193031107e-02 3.927321278152722320e-03 -9.988583509053065024e-01 -4.012738136034612602e-01 9.557237690096672678e-01 -2.905368688643834019e-01 -4.669563145247487834e-02 1.265052127457607334e+01
-2.974287378186576403e-01 -9.546789914746118821e-01 1.114287888296587072e-02 -2.609999305110143553e+00 -5.488222067651844782e-02 5.444373622417108052e-03 -9.984780226726752694e-01 -4.370572658176051228e-01 9.531653423946612191e-01 -2.975876128623406447e-01 -5.401421725063851320e-02 1.324875547788599839e+01
-3.009569700188822194e-01 -9.535704006504219787e-01 1.133119201615802665e-02 -2.815386681344039133e+00 -6.285090043963888207e-02 7.977373498539476471e-03 -9.979910762472875563e-01 -4.715819102096246440e-01 9.515643626826945090e-01 -3.010645550122816316e-01 -6.233360472784898326e-02 1.387759947090019708e+01
-3.051494316945241314e-01 -9.522316419758195538e-01 1.177792617169118143e-02 -3.013302845885447390e+00 -7.162941081009926991e-02 1.061786388510007305e-02 -9.973748271995660497e-01 -5.146675855803005684e-01 9.496068219976111502e-01 -3.051920076872169929e-01 -7.144782715499678472e-02 1.448822744065008905e+01
-3.095128072244220374e-01 -9.508303332205551017e-01 1.111281065468734328e-02 -3.241168482935319339e+00 -8.042266108802170743e-02 1.453067336342860061e-02 -9.966549609367676421e-01 -5.564518125656122693e-01 9.474883045974674678e-01 -3.093711988462918838e-01 -8.096573670915202525e-02 1.513420901243565275e+01
-3.136782355581722581e-01 -9.494756015146006423e-01 1.010170300567257012e-02 -3.464928316607744030e+00 -8.767252208793924195e-02 1.836789376461331683e-02 -9.959800239500131713e-01 -6.138958599004513683e-01 9.454731907104230171e-01 -3.133029108260128037e-01 -8.900452955293307322e-02 1.577528660147716799e+01
-3.192465227828302221e-01 -9.476279876624457144e-01 9.102650601624793711e-03 -3.702890286280815957e+00 -9.394134063115963662e-02 2.208702123727184635e-02 -9.953327310556899787e-01 -6.711210992807229436e-01 9.430041089337957150e-01 -3.186116339306097611e-01 -9.607264907231037598e-02 1.643066155042261656e+01
-3.240004852181943562e-01 -9.460270099267904520e-01 7.521912307442831999e-03 -3.948129238164974186e+00 -9.973337876600907315e-02 2.624857156008917822e-02 -9.946679467588895873e-01 -7.398332957532676168e-01 9.407853158948550343e-01 -3.230230872405339682e-01 -1.028550213353769532e-01 1.710367292991915278e+01
-3.286566377161607155e-01 -9.444325411806643311e-01 5.654887466035888634e-03 -4.200510735419207720e+00 -1.049099634280124954e-01 3.055626191013828541e-02 -9.940122134291747846e-01 -8.131243305591399073e-01 9.386047044710927878e-01 -3.272819719667856009e-01 -1.091229053921715791e-01 1.776130601267241005e+01
-3.332205649699828132e-01 -9.428443666295857062e-01 2.923910290922019165e-03 -4.461766101834845344e+00 -1.086034901298656430e-01 3.530183193101638778e-02 -9.934581681352068205e-01 -8.910722027577225868e-01 9.365732301627177625e-01 -3.313582361255871800e-01 -1.141594924962936047e-01 1.847320066255203486e+01
-3.384730378235310533e-01 -9.409734020313521574e-01 2.247383223379376561e-03 -4.724676278840354016e+00 -1.098748051649006269e-01 3.715029678438151045e-02 -9.932509476426165662e-01 -9.677239184067779609e-01 9.345392461407842077e-01 -3.364355952174481468e-01 -1.159636472965772380e-01 1.916598220399668762e+01
-3.448835148113315041e-01 -9.386444185002988938e-01 1.416441916142364282e-03 -5.002688172630865182e+00 -1.089316591251183047e-01 3.852553566449322398e-02 -9.933024447155860415e-01 -1.058274838681134922e+00 9.323032392026453508e-01 -3.427279382939893426e-01 -1.155349249824286911e-01 1.988534220840011102e+01
-3.503940004206053116e-01 -9.366000491355750412e-01 2.095842357579278791e-03 -5.277155559845275512e+00 -1.074412083327958706e-01 3.797198635091487973e-02 -9.934860729513526056e-01 -1.140427638277557554e+00 9.304195295722583747e-01 -3.483367459186441639e-01 -1.139345965730866606e-01 2.062200162362349687e+01
-3.569101886413647007e-01 -9.341370438369428486e-01 1.758222855202005172e-03 -5.546838315488192173e+00 -1.056481584767152981e-01 3.849524153653102743e-02 -9.936582170283481119e-01 -1.226199473446570876e+00 9.281452740015825320e-01 -3.548324967524760232e-01 -1.124292052486004223e-01 2.132221264082337342e+01
-3.646941297605440502e-01 -9.311261203336006487e-01 1.531179068076388844e-03 -5.831726604825974825e+00 -1.023277624756998849e-01 3.844412533429947959e-02 -9.940076156297188437e-01 -1.312780485184796397e+00 9.254875939877906799e-01 -3.626654229145648278e-01 -1.093004004057747253e-01 2.203239339248623097e+01
-3.738727831832578397e-01 -9.274786285997181912e-01 -1.589895614925446740e-03 -6.172326534509479323e+00 -9.715204842344087044e-02 4.086729832422134057e-02 -9.944301860564047635e-01 -1.399214794767210890e+00 9.223777378465466414e-01 -3.716359253829179532e-01 -1.053856212792060321e-01 2.285701420323546529e+01
-3.828380991504782282e-01 -9.238096832162847605e-01 -3.263125208029027131e-03 -6.497016001358497661e+00 -9.122130425585159297e-02 4.131772233034907565e-02 -9.949731594821720204e-01 -1.480880540674025303e+00 9.193006724788509443e-01 -3.806159645176278583e-01 -1.000891233597491631e-01 2.357284400147365844e+01
-3.906791934086780160e-01 -9.205102332462007375e-01 -5.538564538483723917e-03 -6.830080222923162303e+00 -8.747870868854545900e-02 4.311551480496304822e-02 -9.952329368836444479e-01 -1.556512930391758642e+00 9.163609063380213637e-01 -3.883322983802455219e-01 -9.736938233848754787e-02 2.433688644444362126e+01
-3.991694511862301509e-01 -9.168500805794154163e-01 -7.047649995506188349e-03 -7.158101081138302568e+00 -8.571975873832568538e-02 4.497055985857507238e-02 -9.953038857365367198e-01 -1.636956730924555403e+00 9.128614045447214220e-01 -3.966907856933529208e-01 -9.654304286084200437e-02 2.506258419852679253e+01
-4.088220110587511003e-01 -9.125842228773943798e-01 -7.389665100027434375e-03 -7.516586682467697678e+00 -8.482692503036103060e-02 4.606070539535829511e-02 -9.953305307618609543e-01 -1.707639566283688959e+00 9.086633138878670302e-01 -4.062861836002625293e-01 -9.624234508715308334e-02 2.583884877389295909e+01
-4.163823559364754345e-01 -9.091484148364121776e-01 -8.654057470250555231e-03 -7.877056214376299437e+00 -8.366601230856506033e-02 4.779290281776157889e-02 -9.953471280188118664e-01 -1.781119136917816759e+00 9.053318772990159857e-01 -4.137209328853485024e-01 -9.596494425556324759e-02 2.658871893566595901e+01
-4.258806932993997041e-01 -9.047452166516560812e-01 -7.857248493838012854e-03 -8.263427616662939457e+00 -8.204170074323728634e-02 4.726405281597031299e-02 -9.955075769918854123e-01 -1.855263362713726716e+00 9.010520923355118672e-01 -4.233228292612373211e-01 -9.435568529290287720e-02 2.735550205571839300e+01
-4.334191501697549076e-01 -9.011579959743099000e-01 -7.881250282208936142e-03 -8.664753313456865058e+00 -7.982512779329029029e-02 4.710057911727812130e-02 -9.956955076490888734e-01 -1.929553401352539721e+00 8.976501870295634511e-01 -4.309243777863597247e-01 -9.234934626180339723e-02 2.815026108655715831e+01
-4.409650772519581041e-01 -8.974841872808434484e-01 -8.481845602817341193e-03 -9.038552140999076556e+00 -7.549196314235717686e-02 4.650528425648847025e-02 -9.960613833316429577e-01 -2.004674065046799125e+00 8.943437986370031956e-01 -4.385879757004657598e-01 -8.826005030443929977e-02 2.893476263788399550e+01
-4.490212404950083558e-01 -8.934715168903542004e-01 -9.410992432088080561e-03 -9.448672326731408333e+00 -7.009521963629741781e-02 4.572302309589183072e-02 -9.964919054885704730e-01 -2.065991511277873727e+00 8.907674497614199716e-01 -4.467863680915024061e-01 -8.315869166817986546e-02 2.973126245191035366e+01
-4.550966517840285275e-01 -8.904011047565258963e-01 -8.538434354651918204e-03 -9.860306020822903861e+00 -6.585329343491143350e-02 4.321818215346827363e-02 -9.968929674130874163e-01 -2.137481577137780864e+00 8.880036341988709614e-01 -4.531203733396725886e-01 -7.830429561322042875e-02 3.055193707123360625e+01
-4.627532125993170653e-01 -8.864488712533636905e-01 -8.237297561152599409e-03 -1.030228116060331445e+01 -6.386583809118492883e-02 4.260494674660702391e-02 -9.970486663375043301e-01 -2.205807967350522869e+00 8.841836249481848098e-01 -4.608613920572311451e-01 -7.632937736623687797e-02 3.137055478249820695e+01
-4.702011968704898903e-01 -8.825120089815319258e-01 -9.131030643889835596e-03 -1.074869828561945084e+01 -6.271224742185937950e-02 4.372935305780964454e-02 -9.970732030133538926e-01 -2.267453447391363230e+00 8.803283877109101541e-01 -4.682523988955809569e-01 -7.590590607948186075e-02 3.217284917210671580e+01
-4.748237449362532892e-01 -8.800335881424697915e-01 -9.126170422886768427e-03 -1.119236851629529994e+01 -6.083419655848652796e-02 4.316456466329428310e-02 -9.972141648666950076e-01 -2.324706949145775692e+00 8.779758891781156427e-01 -4.729457921669211196e-01 -7.403169701235431943e-02 3.298985546618649067e+01
-4.803394619075422312e-01 -8.770490972048707867e-01 -7.673284600861461982e-03 -1.165950700402395412e+01 -5.943350474638400827e-02 4.127639682259730269e-02 -9.973785498524407878e-01 -2.388742774839920813e+00 8.750666947082416103e-01 -4.786242351610179857e-01 -7.195278504709083645e-02 3.383557785687258956e+01
-4.847549003462319761e-01 -8.746262076369915039e-01 -6.456097277420531910e-03 -1.214040252865750880e+01 -5.937806890229762463e-02 4.027236848775084255e-02 -9.974228966080929126e-01 -2.453166764225808816e+00 8.726322158478708735e-01 -4.831222940655167664e-01 -7.145584394734298683e-02 3.469373045775787290e+01
-4.885674700307456875e-01 -8.724961744313866063e-01 -7.228203177362472684e-03 -1.261285188457799755e+01 -5.967870413401926699e-02 4.168052621853470668e-02 -9.973471057981643240e-01 -2.516010746985377633e+00 8.704828255894104805e-01 -4.868399847501198030e-01 -7.243319133788912734e-02 3.551302510534340939e+01
-4.911616757272381228e-01 -8.710516806769629250e-01 -5.401375208371133642e-03 -1.310740507945957134e+01 -6.027607211211344351e-02 4.017268181530411070e-02 -9.973730532603930499e-01 -2.568621907780864522e+00 8.689804702033183670e-01 -4.895458559149783451e-01 -7.223485623032158132e-02 3.638298616717783318e+01
-4.913776110057593294e-01 -8.709230771895887235e-01 -6.405533648970519398e-03 -1.360976102796613496e+01 -5.939286384316331407e-02 4.084539132929240757e-02 -9.973987147949830989e-01 -2.634022174344479161e+00 8.689192121410296288e-01 -4.897189608015694584e-01 -7.179712805110897988e-02 3.724935375956105332e+01
-4.916939305943003879e-01 -8.707470564499211196e-01 -6.052290518634632736e-03 -1.412764881299164799e+01 -5.784330639246085259e-02 3.959657887499581225e-02 -9.975401404429616870e-01 -2.694416211759544044e+00 8.688447962105441125e-01 -4.901343573948466203e-01 -6.983628681296902285e-02 3.814486360914970930e+01
-4.923313195817251575e-01 -8.703967473100586716e-01 -4.399756236231003835e-03 -1.463894028940842240e+01 -5.717503934348161510e-02 3.738357286745814384e-02 -9.976640474561471184e-01 -2.756065550975729028e+00 8.685280362453046132e-01 -4.909297082449929350e-01 -6.817007399401360523e-02 3.904303663740338237e+01
-4.923506332146329600e-01 -8.703915868097275021e-01 -3.056025185293825830e-03 -1.514796594412331743e+01 -5.789523052316580820e-02 3.625223351630078167e-02 -9.976642646227209532e-01 -2.822184884678217820e+00 8.684693811357091509e-01 -4.910237035354620971e-01 -6.824033170033505513e-02 3.994412496923071387e+01
-4.940366628821021844e-01 -8.694408722747721807e-01 -5.866437874202849821e-04 -1.569673033976514454e+01 -5.864448054694491180e-02 3.399635175903920059e-02 -9.976999189187243378e-01 -2.887187820670495952e+00 8.674610397342238377e-01 -4.928659407255925329e-01 -6.778335292139593682e-02 4.087145331026707851e+01
-4.983085568740553972e-01 -8.669997253713310759e-01 -2.552310408354433943e-04 -1.619438408110264049e+01 -5.659023011263226988e-02 3.281901761373261922e-02 -9.978579696019879153e-01 -2.951784770725109031e+00 8.651509656225280231e-01 -4.972267258625123754e-01 -6.541771177532246240e-02 4.176353143024320502e+01
-5.007272142304498574e-01 -8.656038345705578951e-01 -1.503103218544765392e-03 -1.675693065742756360e+01 -5.299562999334311159e-02 3.238959110391362306e-02 -9.980693553305370891e-01 -3.019034424803588301e+00 8.639813540328400432e-01 -4.996808318576595465e-01 -6.209157034561152422e-02 4.269895778996394853e+01
-5.063263340682500058e-01 -8.623418520681287447e-01 -4.095064920020357571e-04 -1.727280410236613761e+01 -4.852034989384097774e-02 2.896297077259694583e-02 -9.984022116247784906e-01 -3.083299546663753166e+00 8.609758902679980341e-01 -5.054974739186172128e-01 -5.650584393310028458e-02 4.362967009296255583e+01
-5.129805980767065954e-01 -8.583999153679872096e-01 6.995962070051642322e-04 -1.783741898489752131e+01 -4.630904601491678263e-02 2.686049698005624556e-02 -9.985659953491506924e-01 -3.145261372760233876e+00 8.571501837596254836e-01 -5.122773823267748883e-01 -5.353059631956462450e-02 4.452234590971567485e+01
-5.218449736044106224e-01 -8.530317795902403466e-01 3.821814806594215231e-03 -1.839513170562599242e+01 -4.861501530463648024e-02 2.526685033805414413e-02 -9.984979864554210938e-01 -3.206323071792346546e+00 8.516539548521863123e-01 -5.212469631450965535e-01 -5.465553287204883565e-02 4.542239955102384386e+01
-5.302778464425559335e-01 -8.477912775650466859e-01 7.439052422920885629e-03 -1.893783750347818184e+01 -5.211427409751860640e-02 2.383631133279928357e-02 -9.983566482623029703e-01 -3.264653063065065197e+00 8.462207547344415826e-01 -5.297941042777026821e-01 -5.682189624152762103e-02 4.630006826701610123e+01
-5.403401735207395973e-01 -8.414161113938981584e-01 7.170120734299186005e-03 -1.952595577940719096e+01 -5.178818584376054801e-02 2.474986677985669195e-02 -9.983513816272773234e-01 -3.327372476119657474e+00 8.398515000566784128e-01 -5.398206980221115225e-01 -5.694876259966467902e-02 4.720963289490789805e+01
-5.487480209702638723e-01 -8.359809659410771809e-01 3.380766751800808566e-03 -2.012960835645066737e+01 -4.666396088931804020e-02 2.659255323710232183e-02 -9.985566423782503698e-01 -3.389229114775836660e+00 8.346844553025377644e-01 -5.481137564745072188e-01 -5.360279442855359761e-02 4.812513439135912563e+01
-5.562289395088162447e-01 -8.310287595945653472e-01 7.478101002793574202e-04 -2.073157472775426413e+01 -4.124066522610531776e-02 2.670466314581508918e-02 -9.987923376760444727e-01 -3.451806128396229578e+00 8.300052020639837602e-01 -5.555880501296789342e-01 -4.912608648592051153e-02 4.898804815378242949e+01
-5.621741485716946762e-01 -8.270188628691784727e-01 1.599556513157677942e-04 -2.134641921850562341e+01 -4.283693089026397588e-02 2.892566695634788895e-02 -9.986632903528376293e-01 -3.506549500453788326e+00 8.259087579988022565e-01 -5.614295484464880692e-01 -5.168821249207041640e-02 4.987962741824370738e+01
-5.665765397401246739e-01 -8.240062698406602770e-01 2.165016498194600233e-03 -2.195863855044295931e+01 -4.749983070398557106e-02 3.003702125236476853e-02 -9.984195485180058505e-01 -3.557042600993497228e+00 8.226389526259157980e-01 -5.657839477852966148e-01 -5.615843059985815844e-02 5.074470650411819150e+01
-5.705728540779708702e-01 -8.212370278964467030e-01 4.045973189905433844e-03 -2.256188580314681502e+01 -5.435195878074886716e-02 3.284550537521170599e-02 -9.979815072830880984e-01 -3.623754321319375915e+00 8.194464839912204424e-01 -5.696410679948858968e-01 -6.337659548919262475e-02 5.160238396880441059e+01
-5.758163092725676613e-01 -8.175704970064242572e-01 3.748636606628431584e-03 -2.319908746749738171e+01 -5.606877943682096049e-02 3.491425671407459574e-02 -9.978162870272293539e-01 -3.688377051116347616e+00 8.156542891563220987e-01 -5.747690747679395917e-01 -6.594437946430560527e-02 5.247616526148802052e+01
-5.803573181229981781e-01 -8.143454173204244251e-01 5.188541836115919195e-03 -2.379547908242181009e+01 -5.254933710476600295e-02 3.109065234552259652e-02 -9.981342593977285960e-01 -3.747623501679210101e+00 8.126647562183769713e-01 -5.795471847746768157e-01 -6.083700012388626455e-02 5.331429440291206134e+01
-5.841059905805269237e-01 -8.116747606274312687e-01 2.066405810787531622e-03 -2.444828710934649152e+01 -4.652677027483551747e-02 3.094020906512616811e-02 -9.984377949604240632e-01 -3.816869152456169090e+00 8.103428343515455268e-01 -5.832896437048203930e-01 -5.583696673639430147e-02 5.422607460502111820e+01
-5.889214843960500767e-01 -8.081889117672607092e-01 1.472775484590183037e-03 -2.507555587287695431e+01 -4.345131263476088856e-02 2.984287788957228418e-02 -9.986097618420873845e-01 -3.873702828460420466e+00 8.070213862627990675e-01 -5.881667412789972627e-01 -5.269198152952901670e-02 5.508664853417757712e+01
-5.924344844738103077e-01 -8.056185840966783029e-01 -2.701418145547621291e-04 -2.570469649037007542e+01 -4.395174833182237395e-02 3.265598337540602525e-02 -9.984998219685212728e-01 -3.928407537163500773e+00 8.044188472079221164e-01 -5.915338599083154181e-01 -5.475487681687022518e-02 5.590952292629295783e+01
-5.974677844298741380e-01 -8.018926762342036829e-01 6.117354827896530605e-04 -2.636364738808616082e+01 -4.562270951293925791e-02 3.323055408152717632e-02 -9.984059087418072354e-01 -3.989490219641257163e+00 8.005940692811839288e-01 -5.965432781543187346e-01 -5.643870316632029066e-02 5.677887165834675898e+01
-6.017588539259914882e-01 -7.986754885866116371e-01 1.932975558106628158e-03 -2.703372196113365078e+01 -4.835858835675648643e-02 3.401959104469261946e-02 -9.982505611623170294e-01 -4.053404773024919194e+00 7.972125080900099858e-01 -6.007995942650263821e-01 -5.909441024056561603e-02 5.765569454103913927e+01
-6.073525295196664509e-01 -7.944279227986629222e-01 2.679356039469604593e-03 -2.767047465333873291e+01 -4.884774683127076494e-02 3.397815217186080095e-02 -9.982281480798139706e-01 -4.108767182278571184e+00 7.929292885061277607e-01 -6.064072796748894989e-01 -5.944273132269558418e-02 5.847996456082566397e+01
-6.131010718468565823e-01 -7.899941273775854533e-01 4.042909213593124870e-03 -2.833430986564349752e+01 -4.768505804599490472e-02 3.189835033061466651e-02 -9.983529861346018830e-01 -4.166808755693357291e+00 7.885640457436083883e-01 -6.122840868261735237e-01 -5.722782989546633392e-02 5.933914169832634400e+01
-6.197403412198889683e-01 -7.847965700443407799e-01 4.031843220753302155e-03 -2.899124150620387397e+01 -4.683460691260264708e-02 3.185529168619442159e-02 -9.983946227951844277e-01 -4.227421649992391117e+00 7.834082464837754944e-01 -6.189342616370068217e-01 -5.649764869285762298e-02 6.016451122510031269e+01
-6.261190633569408970e-01 -7.797122399766022172e-01 4.871978523432213271e-03 -2.970571799643140309e+01 -4.776415233993983045e-02 3.211716153874467211e-02 -9.983421981173921100e-01 -4.292637734538727656e+00 7.782631645103563756e-01 -6.253137942481957756e-01 -5.735146159443796354e-02 6.100916945238763134e+01
-6.318534355837241989e-01 -7.750602424098317345e-01 6.547212712936012480e-03 -3.039387626006829990e+01 -4.881712876472511786e-02 3.136412696100437242e-02 -9.983152018047537490e-01 -4.352945772688110004e+00 7.735490793711016222e-01 -6.311085047712693408e-01 -5.765374735484538049e-02 6.186999375151088998e+01
-6.379729362115963420e-01 -7.700268542052246534e-01 7.012354344660103565e-03 -3.105863365052865888e+01 -4.948754488235907606e-02 3.190995996395232931e-02 -9.982648924793466882e-01 -4.411897382435824078e+00 7.684670199362537701e-01 -6.372130152592521135e-01 -5.846443062513240196e-02 6.266094672394835641e+01
-6.457664658237859401e-01 -7.635019170253690701e-01 7.105199787885846385e-03 -3.180265629272751582e+01 -5.039985291331785383e-02 3.333890610341147531e-02 -9.981725467209461300e-01 -4.481204045351560694e+00 7.618697882771275909e-01 -6.449444680187736978e-01 -6.000953279014349662e-02 6.351735181675261543e+01
-6.521520779492346875e-01 -7.580182042545926535e-01 1.029831479775978990e-02 -3.249102123556760091e+01 -5.171016765628290435e-02 3.092707879498808252e-02 -9.981831677207675391e-01 -4.538100633800860706e+00 7.563225264027166883e-01 -6.514997621594417199e-01 -5.936640801215759683e-02 6.435443830258122944e+01
-6.579778536069701422e-01 -7.529359268367996627e-01 1.235436541909028761e-02 -3.325495595536753513e+01 -5.177049812348079316e-02 2.886194517373192117e-02 -9.982418902689248474e-01 -4.601127848893208139e+00 7.512556172261681819e-01 -6.574606514437423277e-01 -5.797039022704807837e-02 6.517814435938660722e+01
-6.654195725402692885e-01 -7.463629438775998270e-01 1.261523722444744811e-02 -3.398065940867800094e+01 -5.024961991425425795e-02 2.792569658659845369e-02 -9.983462296932066327e-01 -4.669919930154013521e+00 7.447763424379780783e-01 -6.649530394310477766e-01 -5.608675997577322603e-02 6.601326933513061590e+01
-6.726264233571728202e-01 -7.398664276946161911e-01 1.309033586784547412e-02 -3.472241921164498279e+01 -4.932723218837434254e-02 2.717955524032967737e-02 -9.984128198686841316e-01 -4.733394896920863459e+00 7.383363457723404188e-01 -6.722045618153790203e-01 -5.477725114985661226e-02 6.683599666276181495e+01
-6.796274881936712475e-01 -7.334426452993163537e-01 1.297523422203829442e-02 -3.548833040264980809e+01 -4.980679675705113052e-02 2.849058542143554501e-02 -9.983524603999625047e-01 -4.802849855930540812e+00 7.318646139752031932e-01 -6.791540289557211896e-01 -5.589341517691591432e-02 6.764455404165030927e+01
-6.867427185969677828e-01 -7.267177024062434487e-01 1.630393860356636401e-02 -3.623111306544513610e+01 -5.175184940739741002e-02 2.650802425696461434e-02 -9.983081319644340201e-01 -4.863310081125031381e+00 7.250560139070403309e-01 -6.864246112293329594e-01 -5.581317817393028485e-02 6.844407448057617671e+01
-6.923138470363251473e-01 -7.214350442183341539e-01 1.526492136047526843e-02 -3.704874222937696260e+01 -5.156755026330349378e-02 2.836355990278981165e-02 -9.982666813237817127e-01 -4.926685255303533850e+00 7.197515979485977766e-01 -6.919010255440122270e-01 -5.683912409724348885e-02 6.926490846645441479e+01
-6.962721800996102273e-01 -7.175898775233054971e-01 1.642570328280075487e-02 -3.779964619795904213e+01 -5.055667894946085095e-02 2.620181394275371278e-02 -9.983774587991680605e-01 -4.986771872269859962e+00 7.159951907910222513e-01 -6.959728862312710707e-01 -5.452255591779255756e-02 7.004506479870686064e+01
-7.008109585276885989e-01 -7.132154846443482521e-01 1.369928295762632559e-02 -3.862113071276031206e+01 -5.057736624820040328e-02 3.052347261274675205e-02 -9.982536252609396366e-01 -5.057262418692466177e+00 7.115518036629429055e-01 -7.002799671473856069e-01 -5.746374624498204464e-02 7.085256620071575639e+01
-7.069670274245896113e-01 -7.070487836531850201e-01 1.672214097673106054e-02 -3.943379263276197833e+01 -5.152823920126263502e-02 2.791230632540177281e-02 -9.982814304800685656e-01 -5.120806768185955704e+00 7.053669234102442065e-01 -7.066137294386848344e-01 -5.616606023393556218e-02 7.167260429980780145e+01
-7.115374754188055206e-01 -7.024209245566828130e-01 1.786774738054402664e-02 -4.029491304391248718e+01 -5.388890552499133596e-02 2.919875891661097636e-02 -9.981199746388732530e-01 -5.195599219544467573e+00 7.005786531017628160e-01 -7.111626475711516626e-01 -5.862870760299783435e-02 7.248670133622161416e+01
-7.155718720833386115e-01 -6.982653018927047484e-01 1.955636676257930390e-02 -4.111599378552693906e+01 -5.683268562350467235e-02 3.029235583981147034e-02 -9.979240833649284381e-01 -5.261931384566866932e+00 6.962233690642311013e-01 -7.151978612853044925e-01 -6.136065113593525827e-02 7.326967988233271001e+01
-7.206754722279296033e-01 -6.929868189478601836e-01 1.990278836091193340e-02 -4.193829271548153059e+01 -5.755868703364340477e-02 3.119979468674823064e-02 -9.978545127392788316e-01 -5.334566573305892234e+00 6.908790806615917601e-01 -7.202748593181002024e-01 -6.237233869261638725e-02 7.406450858237664647e+01
-7.274960497097060497e-01 -6.858186371333883091e-01 2.005717416891999658e-02 -4.278823367682210232e+01 -5.577936730981866015e-02 2.998219919339377773e-02 -9.979928808350405633e-01 -5.405265364665839734e+00 6.838407621416755511e-01 -7.271546611726099618e-01 -6.006646220520919788e-02 7.486137652787962793e+01
-7.301493873642471710e-01 -6.829578435758631993e-01 2.122387202411743501e-02 -4.363468019111164864e+01 -5.479821501789854110e-02 2.756682303668350070e-02 -9.981168671370681533e-01 -5.476640991275130155e+00 6.810866795255250405e-01 -7.299374651102030764e-01 -5.755277015936034052e-02 7.563012093786829837e+01
-7.352151275808258557e-01 -6.774737816966361903e-01 2.209027342417737433e-02 -4.448870842934053371e+01 -5.503687852965111899e-02 2.718234620333312423e-02 -9.981142838294744246e-01 -5.552978232101487777e+00 6.755958067826467461e-01 -7.350445154222973176e-01 -5.727091545030310593e-02 7.641244341364951254e+01
-7.387745949516302257e-01 -6.735860328668498154e-01 2.222520039175729031e-02 -4.535580063403470064e+01 -5.546293124361623139e-02 2.789885216079157279e-02 -9.980709247982155752e-01 -5.626341152379652044e+00 6.716665833045765144e-01 -7.385821295472921877e-01 -5.797001968045748660e-02 7.720056503000354553e+01
-7.436488102446761062e-01 -6.681867510825438838e-01 2.264767399286523805e-02 -4.626527582967042918e+01 -5.508585330777789751e-02 2.747705748459352421e-02 -9.981035096066105394e-01 -5.701528937139019426e+00 6.662972600396883660e-01 -7.434860646078292890e-01 -5.724091842992511808e-02 7.800245239550126541e+01
-7.468978867054153481e-01 -6.645074881937343969e-01 2.394456261294052035e-02 -4.714820947486233393e+01 -5.495493422812273293e-02 2.580155703028104083e-02 -9.981554506756560308e-01 -5.772862770633963692e+00 6.626639699189419419e-01 -7.468360654801042831e-01 -5.578909474470967328e-02 7.881064519109499145e+01
-7.491584234171309031e-01 -6.618295741023528800e-01 2.726294735987267598e-02 -4.804224769900978487e+01 -5.591641080526957297e-02 2.217590485138355369e-02 -9.981891804799393197e-01 -5.846155186959931527e+00 6.600265585990009454e-01 -7.493262868598445925e-01 -5.362040128858613919e-02 7.956258338182645673e+01
-7.536121775753051866e-01 -6.565327422250126777e-01 3.214710486438119436e-02 -4.892104319187822625e+01 -5.886720558007186438e-02 1.870023314209307008e-02 -9.980906866651887421e-01 -5.921822503327144993e+00 6.546780674232179909e-01 -7.540657120981076877e-01 -5.274097239087571776e-02 8.033427494653864187e+01
-7.567669357658340923e-01 -6.527534954415344925e-01 3.488093150263929521e-02 -4.985899424942965652e+01 -6.091008724968526716e-02 1.728645351136141872e-02 -9.979935909896073820e-01 -5.999714553333756584e+00 6.508408484629617519e-01 -7.573731499227518427e-01 -5.284108961303762841e-02 8.112515063297973938e+01
-7.623576289719601329e-01 -6.459533704342860227e-01 3.943457061006415409e-02 -5.076204753923268242e+01 -6.086350946564082764e-02 1.089961420724893867e-02 -9.980866158220647044e-01 -6.079232029807791093e+00 6.442875950848551136e-01 -7.632990780854111978e-01 -4.762439328998032545e-02 8.189848721582441726e+01
-7.689530364478089908e-01 -6.379167706136328331e-01 4.211200438333106977e-02 -5.169504268866469232e+01 -6.121400934978472874e-02 7.899121671718132773e-03 -9.980934390118435529e-01 -6.170073352219553442e+00 6.363679004498931091e-01 -7.700648298348859999e-01 -4.512349759438524788e-02 8.267495985081416165e+01
-7.756683383824198863e-01 -6.295776295678859880e-01 4.439187758429820330e-02 -5.259770985235836349e+01 -5.985368781996874832e-02 3.358709923074239094e-03 -9.982015386585901817e-01 -6.247113668803617514e+00 6.282962682525690123e-01 -7.769303527469720860e-01 -4.028778871639788345e-02 8.342937277569717480e+01
-7.840798956560578459e-01 -6.191151126583079867e-01 4.376295250841535922e-02 -5.354918181526533516e+01 -5.687087476506588052e-02 1.452442349030048322e-03 -9.983805124313864798e-01 -6.321650449002667926e+00 6.180489114357401448e-01 -7.852989320931312855e-01 -3.634844940468829472e-02 8.417785712560525724e+01
-7.896542265296392360e-01 -6.119613896052785718e-01 4.415269929874377636e-02 -5.451580523090246544e+01 -5.668306066774052299e-02 1.108455679481932686e-03 -9.983916380992843287e-01 -6.400101532447211916e+00 6.109282009513321565e-01 -7.908868991265028958e-01 -3.556314158546133170e-02 8.492601995033159312e+01
-7.961914518045188904e-01 -6.034182911112324632e-01 4.433443241042531874e-02 -5.546248911477883325e+01 -5.889536460893468606e-02 4.366677030927481294e-03 -9.982546462985133484e-01 -6.475712357539633146e+00 6.021715181259301719e-01 -7.974129088365700113e-01 -3.901525167299129543e-02 8.564151448264503586e+01
-8.048360495249982094e-01 -5.915531992821956297e-01 4.799724923886877076e-02 -5.651098080162438464e+01 -6.050850669207089721e-02 1.335746069957718506e-03 -9.981668226672540944e-01 -6.555490960643182596e+00 5.904046752560925260e-01 -8.062648930396507652e-01 -3.686905802003067473e-02 8.633417834948595271e+01
-8.107509790513502956e-01 -5.834070520340726151e-01 4.815669858591549446e-02 -5.749350828866258212e+01 -6.243206626392402980e-02 4.378698207485245443e-03 -9.980396417778641949e-01 -6.643661490455768259e+00 5.820525091914291460e-01 -8.121681412604984107e-01 -3.997334217373212095e-02 8.707639849702800916e+01
-8.168180948326418944e-01 -5.748119647751035455e-01 4.898370502122715436e-02 -5.846351754657164435e+01 -6.073546710737954407e-02 1.246648252904174756e-03 -9.981531448963479880e-01 -6.728206886595168967e+00 5.736893140872301178e-01 -8.182846133864565275e-01 -3.592975840229323259e-02 8.781218624987494081e+01
-8.245975872451547506e-01 -5.634948026170605306e-01 5.012410499379724854e-02 -5.952149011097816356e+01 -5.953178011087005561e-02 -1.677699067107582672e-03 -9.982250309074697237e-01 -6.806406661493660692e+00 5.625787104806058148e-01 -8.261179414857038328e-01 -3.216242197814195292e-02 8.849945961409719075e+01
-8.317946871249000118e-01 -5.527839968318194463e-01 5.047223734072845552e-02 -6.053249867040667453e+01 -5.931266628076001246e-02 -1.894645294010333797e-03 -9.982376903020084846e-01 -6.892354039097133622e+00 5.519054572889545707e-01 -8.333224537911090302e-01 -3.121113662900616703e-02 8.917632677238663064e+01
-8.381076832439522395e-01 -5.430954823495496298e-01 5.121339429021340428e-02 -6.158178174200852339e+01 -6.088773181170287208e-02 -1.618499042806573142e-04 -9.981446338026537246e-01 -6.972865528010834701e+00 5.420961372919501642e-01 -8.396709585714416946e-01 -3.293220480096126918e-02 8.982438140307333185e+01
-8.445864329895883538e-01 -5.329226793089557601e-01 5.164467639235356677e-02 -6.263120867272910886e+01 -6.198493331658182226e-02 1.513020111592701345e-03 -9.980759703520561965e-01 -7.057001746630788830e+00 5.318191859788253817e-01 -8.461626223713929473e-01 -3.431105294942143197e-02 9.047612935704729864e+01
-8.502949522053723230e-01 -5.236474661093556415e-01 5.283767810864427317e-02 -6.367373612804051675e+01 -6.336478742639209405e-02 2.191144468666786707e-03 -9.979880564410145150e-01 -7.141145679184329964e+00 5.224781448611491852e-01 -8.519322675902145647e-01 -3.504392954136319183e-02 9.111940188545221986e+01
