1 0 0 0 0 1 0 0 0 0 1 0
0.999852 -0.00308672 0.0168888 -0.00231981 0.0031163 0.999995 -0.00172723 0.000327759 -0.0168834 0.00177956 0.999856 0.0508757
0.999442 -0.00352478 0.0332081 -0.00784665 0.00363096 0.999988 -0.00313733 0.00223689 -0.0331967 0.00325607 0.999442 0.149304
0.99887 -0.00456642 0.0472555 -0.0118199 0.00479845 0.999979 -0.00479915 0.004208 -0.0472323 0.00502053 0.998873 0.295711
0.998127 -0.00267565 0.0610967 -0.01177 0.00307006 0.999977 -0.00636314 0.00729234 -0.0610783 0.00653869 0.998109 0.489471
0.997501 -0.00571008 0.0703952 -0.0102717 0.00626744 0.999949 -0.00769991 0.00820446 -0.0703476 0.00812206 0.997492 0.730674
0.996709 -0.00502754 0.0808815 -0.00264869 0.00584674 0.999936 -0.00989515 0.00950259 -0.0808267 0.0103353 0.996671 1.02143
0.995841 -0.00259223 0.091056 0.0103588 0.00369723 0.999923 -0.0119698 0.00737431 -0.0910178 0.0122569 0.995776 1.36077
0.995377 -0.00137876 0.0960198 0.0326308 0.00259385 0.999921 -0.0125314 0.000152771 -0.0959951 0.0127225 0.995297 1.76009
0.995212 0.000951973 0.0977185 0.0626264 0.000262556 0.999923 -0.0124164 -0.0165913 -0.0977228 0.0123827 0.995139 2.22214
0.995426 0.00241139 0.0954885 0.102394 -0.00129254 0.999931 -0.0117778 -0.0421491 -0.0955105 0.0116003 0.995358 2.74841
0.995534 0.000909733 0.0943858 0.15121 0.000259536 0.999921 -0.0123766 -0.0612169 -0.0943904 0.0123459 0.995458 3.34219
0.995502 -0.00319497 0.0946941 0.208272 0.00451724 0.999898 -0.0137528 -0.0647643 -0.0946409 0.0141186 0.995407 3.99084
0.99553 -0.00444615 0.0943385 0.26941 0.00582117 0.999879 -0.0143063 -0.0695616 -0.0942643 0.0147916 0.995435 4.67256
0.995585 -0.00617034 0.093645 0.332335 0.00754471 0.999869 -0.0143299 -0.0752748 -0.0935447 0.0149729 0.995498 5.38408
