1 0 0 0 0 1 0 0 0 0 1 0
0.998715 -0.000907688 0.0507554 0.144921 0.0010957 0.999999 -0.00367628 -0.0319711 -0.0507534 0.00372713 0.998714 0.540419
0.993342 -0.0024216 0.115176 0.32502 0.00363147 0.999942 -0.0102972 -0.0673732 -0.115145 0.0106469 0.993292 1.08054
0.985102 -0.00318576 0.171965 0.537017 0.00595416 0.999862 -0.0155849 -0.106188 -0.171894 0.0163765 0.984986 1.61733
0.972581 0.00121108 0.232564 0.783058 0.00339746 0.999806 -0.019415 -0.147772 -0.232544 0.0196727 0.972384 2.14783
