1 0 0 0 0 1 0 0 0 0 1 0
0.999988 -0.00436401 0.0025618 -0.00736714 0.00435437 0.999981 0.00373008 -0.000321133 -0.00257803 -0.00371877 0.999989 0.0335855
0.999935 -0.00839725 0.0078305 -0.0163608 0.00833577 0.999934 0.00782003 0.00191132 -0.00789559 -0.007754 0.99994 0.10116
0.999252 -0.0128297 0.0364632 -0.0189729 0.0123993 0.999846 0.0120023 0.00780466 -0.0366118 -0.0115412 0.999261 0.200336
0.997867 -0.0159014 0.0633256 -0.00875184 0.0149203 0.999758 0.0159324 0.0190085 -0.0635637 -0.0149533 0.997866 0.334591
0.99515 -0.0192946 0.0964622 0.015233 0.0174109 0.999636 0.0203318 0.0333583 -0.09682 -0.0185535 0.995126 0.504669
0.990155 -0.0218715 0.138267 0.0548092 0.0187528 0.999536 0.0238183 0.0490444 -0.138723 -0.0209905 0.99011 0.71248
0.984769 -0.0266071 0.171829 0.113009 0.0219793 0.999338 0.0287796 0.0697184 -0.172482 -0.0245642 0.984704 0.962086
0.975249 -0.0318498 0.218817 0.195157 0.0249745 0.999101 0.0341154 0.0952144 -0.219707 -0.0278057 0.975171 1.2454
0.96912 -0.0350778 0.24409 0.296785 0.0267283 0.998936 0.0374361 0.125681 -0.245144 -0.0297556 0.969029 1.57097
0.957941 -0.0366485 0.28463 0.430244 0.0261488 0.998829 0.0406031 0.161736 -0.285784 -0.0314521 0.957781 1.94253
0.945144 -0.0369972 0.324558 0.595611 0.0247322 0.998812 0.0418352 0.202996 -0.325722 -0.0315129 0.944939 2.35745
0.931555 -0.0368323 0.361743 0.798903 0.0223358 0.998771 0.0441761 0.247038 -0.362925 -0.033072 0.931237 2.8135
0.917123 -0.0377378 0.396819 1.03942 0.0208628 0.998684 0.0467583 0.293776 -0.398063 -0.034604 0.916706 3.30924
0.903615 -0.039868 0.426498 1.31461 0.0206818 0.998555 0.0495255 0.345557 -0.427856 -0.0359305 0.903138 3.84282
0.889563 -0.0405597 0.455016 1.62698 0.0194409 0.998505 0.0509994 0.399955 -0.456406 -0.0365209 0.889025 4.41289
0.877577 -0.0408999 0.477699 1.97206 0.0176544 0.998433 0.0530526 0.4578 -0.47912 -0.0381236 0.876928 5.0158
0.866198 -0.0411587 0.498013 2.35363 0.0168514 0.998436 0.053208 0.518209 -0.499426 -0.037696 0.86554 5.64729
0.855177 -0.0410435 0.51672 2.77007 0.01702 0.998545 0.0511478 0.578262 -0.518065 -0.0349453 0.854635 6.30527
0.845346 -0.0411089 0.532646 3.2181 0.0172189 0.998608 0.0497449 0.637907 -0.533952 -0.0328793 0.844882 6.98819
0.835114 -0.0427092 0.548428 3.69895 0.0179743 0.998567 0.0503946 0.699014 -0.549792 -0.032227 0.834688 7.69228
0.825123 -0.0465711 0.563043 4.21243 0.0204201 0.998398 0.052657 0.762018 -0.564595 -0.0319503 0.824757 8.41403
0.816359 -0.0494462 0.575436 4.75345 0.0224376 0.998294 0.0539501 0.827263 -0.577118 -0.0311308 0.816077 9.15168
0.807509 -0.0508257 0.587676 5.32128 0.0237033 0.998267 0.0537673 0.891969 -0.589393 -0.0294869 0.807318 9.90068
0.801369 -0.050656 0.596031 5.91022 0.0240478 0.998333 0.0525146 0.956118 -0.597694 -0.02775 0.801252 10.6609
0.795389 -0.0503069 0.604022 6.51861 0.0237847 0.998368 0.0518316 1.0204 -0.605646 -0.0268591 0.79529 11.4311
0.790611 -0.0500657 0.610277 7.14406 0.02383 0.998415 0.0510357 1.08357 -0.611861 -0.0258062 0.790552 12.21
0.786866 -0.0503339 0.615082 7.78255 0.0235011 0.998385 0.051637 1.14737 -0.61669 -0.0261755 0.786781 12.9968
0.783982 -0.0520461 0.618606 8.43211 0.0242525 0.99829 0.0532541 1.21281 -0.620314 -0.0267472 0.783904 13.7922
0.78167 -0.0539375 0.62137 9.09208 0.025236 0.998169 0.0549002 1.27886 -0.623196 -0.0272322 0.781603 14.5954
0.778873 -0.0544773 0.624818 9.76204 0.0254491 0.998148 0.0553032 1.34456 -0.626669 -0.0271728 0.778818 15.405
0.77576 -0.0546671 0.628672 10.441 0.0258827 0.998153 0.054859 1.40923 -0.630513 -0.0262849 0.775746 16.2184
0.773988 -0.0552949 0.630785 11.1252 0.0274 0.998174 0.0538792 1.47085 -0.632608 -0.024418 0.77409 17.0356
0.77088 -0.0550519 0.634614 11.8172 0.0276912 0.998207 0.0529576 1.53067 -0.636395 -0.0232498 0.771027 17.8539
0.769947 -0.0549731 0.635738 12.5132 0.0275449 0.998219 0.0529567 1.59018 -0.637513 -0.0232622 0.770091 18.6768
0.766338 -0.0558303 0.640024 13.2169 0.0276633 0.998154 0.0539494 1.64965 -0.641859 -0.0236374 0.766472 19.5007
0.762325 -0.0541507 0.644929 13.9279 0.0257399 0.998244 0.0533906 1.70847 -0.646683 -0.0241002 0.762381 20.3238
0.756783 -0.0532319 0.651512 14.6474 0.0237573 0.998254 0.0539683 1.76862 -0.653252 -0.0253632 0.75673 21.1443
0.751787 -0.0540395 0.657192 15.3745 0.0232677 0.998192 0.0554618 1.82924 -0.658996 -0.0264037 0.751686 21.9626
0.744285 -0.0524305 0.665817 16.1126 0.0204623 0.99823 0.0557346 1.88977 -0.667565 -0.0278572 0.744045 22.7747
0.736148 -0.0510475 0.674898 16.8607 0.0177927 0.998268 0.0560987 1.95066 -0.676588 -0.0292882 0.735783 23.5803
0.725725 -0.0500668 0.686177 17.6213 0.0149335 0.998254 0.0570448 2.01239 -0.687839 -0.0311507 0.72521 24.377
0.714456 -0.049813 0.697909 18.3949 0.0121338 0.998197 0.0588242 2.07587 -0.699576 -0.0335587 0.713774 25.1611
0.702537 -0.0503222 0.709882 19.1808 0.0103852 0.998109 0.060478 2.14096 -0.711588 -0.0351146 0.701735 25.9337
0.68884 -0.050663 0.723146 19.9813 0.00895458 0.998075 0.0613943 2.20699 -0.72486 -0.035815 0.687969 26.6911
0.673331 -0.0509745 0.737597 20.7976 0.00823818 0.99807 0.0614565 2.27288 -0.739311 -0.035303 0.672455 27.4323
0.657505 -0.0526565 0.751612 21.6291 0.00856099 0.998015 0.0624296 2.33928 -0.753402 -0.0346129 0.656653 28.1571
0.638897 -0.0584313 0.767084 22.4784 0.011971 0.99774 0.066032 2.40871 -0.769214 -0.033004 0.638157 28.8616
0.620749 -0.0627949 0.781496 23.3419 0.0152557 0.997569 0.0680386 2.47966 -0.783863 -0.0303123 0.620198 29.5465
0.601053 -0.0655771 0.796528 24.2198 0.0183233 0.997492 0.068297 2.54976 -0.799014 -0.0264542 0.600751 30.2093
0.579401 -0.0684139 0.812171 25.1144 0.0221261 0.997428 0.0682336 2.61908 -0.814744 -0.021564 0.579425 30.8478
0.557232 -0.069695 0.827439 26.023 0.0225524 0.997369 0.0688217 2.6891 -0.830064 -0.019688 0.557341 31.4613
0.532572 -0.0724914 0.843278 26.9468 0.02264 0.997191 0.0714234 2.76178 -0.846083 -0.0189459 0.532719 32.0469
0.507364 -0.0758559 0.858399 27.8855 0.0236398 0.996965 0.0741295 2.83652 -0.86142 -0.0173174 0.50762 32.604
0.480569 -0.0771812 0.873558 28.8382 0.0231552 0.99689 0.0753392 2.91204 -0.876652 -0.0159778 0.480863 33.1307
0.452149 -0.0737821 0.888897 29.8051 0.021968 0.997189 0.0715974 2.98414 -0.891685 -0.0128445 0.452501 33.6257
0.424223 -0.070618 0.902804 30.7844 0.0215921 0.997462 0.0678758 3.05177 -0.905301 -0.00930046 0.424673 34.0895
0.394578 -0.0694733 0.916245 31.7756 0.0219806 0.997564 0.0661742 3.11776 -0.918612 -0.00597057 0.395146 34.5202
0.36305 -0.0707742 0.929083 32.7791 0.019381 0.997472 0.0684102 3.18575 -0.931569 -0.00682927 0.363506 34.9164
0.329385 -0.0725848 0.941415 33.7933 0.0134212 0.9973 0.0721987 3.25803 -0.944113 -0.0111454 0.329472 35.2758
0.293051 -0.0738623 0.953244 34.8183 0.00971457 0.997192 0.0742808 3.33148 -0.956049 -0.0125072 0.292948 35.5967
0.256615 -0.0680195 0.964131 35.8528 0.00287317 0.997571 0.0696148 3.39975 -0.966522 -0.0150932 0.256189 35.8783
0.219706 -0.0600658 0.97372 36.8955 -0.00241708 0.998067 0.062113 3.45969 -0.975565 -0.0159996 0.219139 36.1204
0.182537 -0.0574435 0.981534 37.9447 -0.00562003 0.998216 0.0594658 3.51681 -0.983196 -0.0163701 0.181891 36.3224
0.147365 -0.0586778 0.987346 38.9983 -0.00737194 0.998147 0.06042 3.57447 -0.989057 -0.0161817 0.146663 36.4865
0.111049 -0.058745 0.992091 40.0545 -0.00817419 0.998166 0.0600202 3.63147 -0.993795 -0.0147738 0.110367 36.6116
0.0741401 -0.0557006 0.995699 41.1124 -0.010418 0.998344 0.0566245 3.68438 -0.997196 -0.0145704 0.07344 36.6974
0.0377512 -0.0533659 0.997875 42.1696 -0.0118767 0.998481 0.0538481 3.73438 -0.99923 -0.0138834 0.037063 36.7445
0.000847351 -0.05271 0.998617 43.2253 -0.0145325 0.998506 0.0527167 3.78306 -0.999897 -0.0145563 8.334e-05 36.7527
-0.0348308 -0.0507665 0.998116 44.2772 -0.0167569 0.9986 0.0502068 3.8288 -0.999266 -0.0149757 -0.0356291 36.7236
-0.0709258 -0.0462973 0.996415 45.3242 -0.0194212 0.998801 0.0450259 3.86929 -0.997296 -0.0161572 -0.0717364 36.6569
-0.107867 -0.0378801 0.993457 46.3656 -0.0215268 0.99913 0.0357595 3.89993 -0.993946 -0.0175277 -0.108584 36.5521
-0.144092 -0.031935 0.989057 47.3991 -0.0240386 0.999302 0.0287639 3.92343 -0.989276 -0.01963 -0.144756 36.41
-0.180244 -0.0294277 0.983194 48.4238 -0.0276942 0.999309 0.0248333 3.94282 -0.983246 -0.0227515 -0.18093 36.2305
-0.21744 -0.0323009 0.975548 49.4392 -0.0306666 0.99919 0.0262485 3.96386 -0.975596 -0.0242085 -0.218251 36.0127
-0.253176 -0.0370959 0.966722 50.4438 -0.0367877 0.998912 0.0286972 3.98724 -0.966736 -0.0282966 -0.25426 35.7583
-0.290815 -0.0395716 0.95597 51.4366 -0.0420656 0.998711 0.0285442 4.01051 -0.955859 -0.0319115 -0.292101 35.4646
-0.326931 -0.0423146 0.944114 52.4161 -0.0490054 0.998414 0.0277788 4.03238 -0.943793 -0.0371834 -0.32848 35.1347
-0.363519 -0.0429395 0.930607 53.381 -0.0547427 0.9982 0.0246745 4.05109 -0.929982 -0.0419734 -0.365211 34.7678
-0.398885 -0.0464084 0.915841 54.3296 -0.0589064 0.997955 0.0249138 4.07029 -0.915124 -0.0440094 -0.400797 34.3646
-0.433981 -0.0477639 0.899664 55.2602 -0.0609987 0.997863 0.0235527 4.08827 -0.898859 -0.0446561 -0.435964 33.9261
-0.467627 -0.048776 0.882595 56.1725 -0.0617111 0.997845 0.0224493 4.10464 -0.881787 -0.0439664 -0.469622 33.4544
-0.5005 -0.0485742 0.864382 57.0661 -0.0609674 0.997927 0.020777 4.11945 -0.863593 -0.0422994 -0.50242 32.9484
-0.531372 -0.0464049 0.845884 57.9393 -0.0560527 0.998238 0.0195525 4.13235 -0.845302 -0.037023 -0.53303 32.412
-0.56032 -0.0446346 0.827083 58.7927 -0.0559827 0.998308 0.0159484 4.14218 -0.826388 -0.0373652 -0.561868 31.8463
-0.586757 -0.0417998 0.808704 59.6261 -0.0572939 0.998311 0.0100311 4.14703 -0.807755 -0.0404463 -0.588153 31.2545
-0.610376 -0.0368937 0.791263 60.4407 -0.0526274 0.9986 0.00596466 4.14734 -0.790369 -0.0380006 -0.611459 30.639
-0.631306 -0.0368386 0.77468 61.2371 -0.0516683 0.998654 0.00538422 4.14715 -0.773833 -0.0366256 -0.632352 30.0025
-0.646298 -0.0420832 0.761935 62.0205 -0.055506 0.99843 0.00806318 4.15012 -0.761072 -0.0370797 -0.647614 29.3504
-0.660499 -0.0426315 0.749638 62.7905 -0.0550057 0.998456 0.00831737 4.15289 -0.748832 -0.0357392 -0.661816 28.6842
-0.67253 -0.04029 0.738984 63.5492 -0.0530149 0.99858 0.00619573 4.15333 -0.738177 -0.0350094 -0.673706 28.0059
-0.682439 -0.0361808 0.73007 64.2974 -0.0509218 0.998704 0.00189501 4.14971 -0.729191 -0.0358817 -0.68339 27.3183
-0.691212 -0.0343643 0.721847 65.0369 -0.0503271 0.998738 -0.000645422 4.14537 -0.720906 -0.0367736 -0.692064 26.6222
-0.69802 -0.0295596 0.715492 65.7695 -0.0460935 0.998934 -0.00369751 4.13784 -0.714618 -0.035559 -0.698631 25.9192
-0.701641 -0.025926 0.712072 66.4977 -0.0443906 0.998995 -0.00736816 4.12738 -0.711155 -0.0367781 -0.702081 25.2131
-0.704026 -0.022459 0.709847 67.2226 -0.0429039 0.999024 -0.0109429 4.11443 -0.708908 -0.0381575 -0.704291 24.5046
-0.706689 -0.0195797 0.707265 67.9454 -0.0421768 0.999012 -0.0144866 4.0974 -0.706273 -0.0400668 -0.706812 23.7946
-0.707638 -0.0173253 0.70639 68.6673 -0.0408909 0.999033 -0.0164593 4.07826 -0.705422 -0.0405302 -0.707651 23.0836
-0.709773 -0.0168672 0.704241 69.3874 -0.0417892 0.998968 -0.0181917 4.0575 -0.703197 -0.0423408 -0.70974 22.3704
-0.710498 -0.0145119 0.703577 70.1045 -0.0411013 0.998941 -0.0209007 4.03528 -0.702529 -0.043766 -0.710331 21.6553
-0.71291 -0.0123677 0.701158 70.8211 -0.039148 0.998994 -0.0221834 4.01171 -0.70017 -0.0432628 -0.712672 20.9387
-0.714486 -0.0121359 0.699572 71.5359 -0.0377147 0.999069 -0.0211865 3.98874 -0.698663 -0.0415197 -0.714268 20.2191
-0.715532 -0.012281 0.698484 72.2499 -0.0379827 0.999057 -0.0213444 3.96547 -0.697554 -0.0418021 -0.715319 19.4984
-0.717917 -0.0130504 0.696035 72.9615 -0.0389578 0.999016 -0.0214504 3.94231 -0.695069 -0.0425136 -0.717708 18.7748
-0.719315 -0.011549 0.6946 73.6718 -0.0391122 0.998956 -0.023895 3.91654 -0.69359 -0.0443546 -0.719011 18.0496
-0.721255 -0.0106904 0.692615 74.3821 -0.0392553 0.99891 -0.0254597 3.88807 -0.691588 -0.0455498 -0.720876 17.3221
-0.723166 -0.0094654 0.690622 75.0902 -0.0413947 0.99871 -0.0296582 3.8559 -0.689442 -0.0500352 -0.72262 16.5919
-0.724508 -0.00882949 0.689238 75.7985 -0.0432092 0.998539 -0.032628 3.82034 -0.687941 -0.0534187 -0.72382 15.8588
-0.725676 -0.0083494 0.687999 76.5055 -0.0451555 0.998356 -0.0355133 3.78162 -0.686563 -0.0568374 -0.724854 15.1246
-0.727841 -0.0101633 0.685702 77.2108 -0.0460977 0.99836 -0.0341327 3.74313 -0.684228 -0.0564501 -0.727105 14.3863
-0.729157 -0.013852 0.68422 77.9159 -0.0488966 0.998304 -0.0318984 3.70828 -0.682607 -0.0567143 -0.728591 13.6451
-0.730972 -0.0157346 0.682258 78.6198 -0.0496142 0.998321 -0.0301324 3.67445 -0.680636 -0.0558734 -0.730513 12.8993
-0.733038 -0.0159459 0.680014 79.3221 -0.0501762 0.998278 -0.0306809 3.6401 -0.678343 -0.0566102 -0.73257 12.1505
-0.733597 -0.013135 0.679487 80.0253 -0.0480493 0.998319 -0.0325773 3.60325 -0.677914 -0.0565454 -0.732986 11.3989
-0.734061 -0.0133567 0.678966 80.7291 -0.0500045 0.998164 -0.0344272 3.56591 -0.67725 -0.0592224 -0.733374 10.645
-0.734931 -0.0140747 0.678023 81.4342 -0.0510887 0.998098 -0.0346577 3.5285 -0.676243 -0.0601083 -0.734243 9.88983
-0.734591 -0.0164732 0.678324 82.1416 -0.053243 0.998031 -0.0334233 3.49295 -0.676428 -0.0606678 -0.734015 9.13316
-0.735038 -0.0177941 0.67782 82.8497 -0.0548827 0.997943 -0.0333174 3.45669 -0.67583 -0.0616882 -0.734491 8.37454
-0.734827 -0.0191774 0.677998 83.5594 -0.0577925 0.997747 -0.0344163 3.41929 -0.675798 -0.0644727 -0.734271 7.61455
-0.73532 -0.0226215 0.67737 84.2709 -0.0631771 0.997386 -0.0352727 3.37977 -0.674799 -0.068729 -0.734815 6.8523
-0.736022 -0.0259514 0.676474 84.9832 -0.0674213 0.997118 -0.0351056 3.33827 -0.673601 -0.0714466 -0.735642 6.08707
-0.736115 -0.0303385 0.676203 85.7005 -0.0693879 0.997122 -0.0307983 3.29992 -0.673319 -0.0695895 -0.73609 5.31942
-0.736703 -0.0344715 0.675352 86.4187 -0.0694036 0.997292 -0.024806 3.26752 -0.672656 -0.0651459 -0.737093 4.54548
-0.737758 -0.0349401 0.674187 87.1374 -0.065185 0.99769 -0.0196254 3.23864 -0.67194 -0.0584241 -0.738317 3.76711
-0.73734 -0.0303383 0.674855 87.8621 -0.0600709 0.99799 -0.0207697 3.20947 -0.672856 -0.0558531 -0.737672 2.98613
-0.737531 -0.0239757 0.674916 88.587 -0.0547047 0.998217 -0.0243192 3.17751 -0.673126 -0.0548557 -0.737512 2.20106
-0.737366 -0.0194072 0.675229 89.3142 -0.0527405 0.998203 -0.0289055 3.14155 -0.673442 -0.0569255 -0.737055 1.41579
-0.73759 -0.0180412 0.675035 90.0436 -0.0517958 0.99822 -0.029917 3.1028 -0.673291 -0.0570288 -0.737196 0.627018
-0.738692 -0.0192524 0.673785 90.7728 -0.0528538 0.998183 -0.0294253 3.06557 -0.67198 -0.0573478 -0.738357 -0.167952
-0.738653 -0.0218355 0.67376 91.5065 -0.0534367 0.998238 -0.0262324 3.03232 -0.671994 -0.0553787 -0.738503 -0.965142
-0.739323 -0.0228713 0.67298 92.2416 -0.0533375 0.998286 -0.0246703 3.00177 -0.671249 -0.0541339 -0.739266 -1.76639
-0.74007 -0.0251322 0.672088 92.9777 -0.0566459 0.998091 -0.025053 2.97052 -0.67017 -0.0566104 -0.740066 -2.57224
-0.739936 -0.0224668 0.672319 93.7167 -0.0562237 0.998024 -0.0285288 2.93606 -0.670337 -0.0589093 -0.739727 -3.38069
-0.740568 -0.0215038 0.671666 94.4564 -0.05682 0.997924 -0.0306999 2.89924 -0.669605 -0.0608977 -0.740237 -4.19264
-0.740284 -0.0219735 0.671953 95.1984 -0.0571688 0.997917 -0.030351 2.86292 -0.669873 -0.0608825 -0.739988 -5.00592
-0.740827 -0.023412 0.671319 95.9423 -0.0568592 0.998005 -0.027942 2.83025 -0.669316 -0.0588691 -0.740666 -5.8225
-0.742273 -0.0252045 0.669642 96.6852 -0.0571365 0.998048 -0.0257699 2.79976 -0.667671 -0.0573887 -0.742254 -6.64322
-0.742377 -0.0260941 0.669509 97.4313 -0.0603739 0.997795 -0.0280557 2.76692 -0.667295 -0.0612466 -0.742298 -7.46559
-0.743112 -0.0253319 0.668704 98.1786 -0.0612705 0.997675 -0.0302957 2.73128 -0.666368 -0.0634844 -0.742926 -8.292
-0.744478 -0.0258333 0.667184 98.9264 -0.061561 0.997664 -0.0300634 2.69611 -0.664843 -0.0634517 -0.744311 -9.12287
-0.744527 -0.0290433 0.666976 99.6775 -0.0630218 0.997662 -0.0269082 2.6654 -0.664623 -0.0620674 -0.744606 -9.95675
-0.745058 -0.028575 0.666422 100.431 -0.0617541 0.99776 -0.0262588 2.63535 -0.664173 -0.0607165 -0.745136 -10.7932
-0.745897 -0.028228 0.665479 101.186 -0.0614734 0.997767 -0.0265807 2.60484 -0.66323 -0.0607351 -0.745957 -11.6336
-0.746165 -0.0268069 0.665256 101.942 -0.0591134 0.997924 -0.0260909 2.57489 -0.66317 -0.0587917 -0.746183 -12.475
-0.747268 -0.0263072 0.664016 102.7 -0.0586445 0.997941 -0.0264619 2.54443 -0.661941 -0.0587147 -0.747262 -13.3209
-0.747136 -0.027591 0.664132 103.46 -0.0598475 0.997886 -0.0258708 2.51546 -0.662007 -0.0590736 -0.747191 -14.1703
-0.747591 -0.0267603 0.663634 104.224 -0.0579744 0.998016 -0.0250664 2.48668 -0.661635 -0.0572128 -0.747649 -15.0222
-0.748428 -0.0283098 0.662643 104.989 -0.0595899 0.997933 -0.0246703 2.45858 -0.660568 -0.057949 -0.74855 -15.8785
-0.748427 -0.0267504 0.66269 105.757 -0.0573568 0.998065 -0.0244906 2.42953 -0.660741 -0.0563389 -0.748504 -16.7378
-0.748435 -0.026916 0.662692 106.528 -0.0582759 0.997993 -0.0252812 2.39962 -0.660678 -0.0575386 -0.748483 -17.5992
-0.749054 -0.0270323 0.661968 107.301 -0.0596774 0.99787 -0.0267806 2.36751 -0.659822 -0.0595643 -0.749063 -18.464
-0.749029 -0.0278108 0.661983 108.076 -0.0601666 0.997859 -0.0261566 2.33598 -0.659834 -0.0594196 -0.74908 -19.3302
-0.750196 -0.0313207 0.660485 108.853 -0.0636329 0.997672 -0.0249669 2.3065 -0.658154 -0.0607585 -0.750435 -20.2008
-0.750878 -0.0321324 0.659686 109.633 -0.0651952 0.997558 -0.025618 2.27585 -0.657247 -0.0622427 -0.75112 -21.0743
-0.752429 -0.0330006 0.657858 110.412 -0.0664095 0.997467 -0.0259212 2.24375 -0.655324 -0.0631916 -0.752706 -21.9522
-0.754516 -0.0348677 0.65538 111.192 -0.0673025 0.997447 -0.024417 2.21304 -0.65285 -0.0625303 -0.754919 -22.8357
-0.755574 -0.0376844 0.653988 111.973 -0.0696372 0.99732 -0.0229882 2.18385 -0.651357 -0.0629111 -0.756164 -23.7245
-0.75768 -0.0391029 0.651478 112.754 -0.0706768 0.997263 -0.0223416 2.15469 -0.648813 -0.0629707 -0.758354 -24.6186
-0.759965 -0.03913 0.648795 113.534 -0.0707319 0.997249 -0.0227077 2.1253 -0.64611 -0.0631474 -0.760632 -25.5197
-0.762432 -0.0391007 0.645911 114.314 -0.0698147 0.997331 -0.022036 2.09589 -0.643317 -0.0618936 -0.763111 -26.4268
-0.766031 -0.0419181 0.641447 115.09 -0.0712808 0.99727 -0.0199564 2.0703 -0.638846 -0.0610099 -0.766918 -27.3423
-0.768517 -0.043129 0.6384 115.863 -0.0720894 0.997223 -0.0194132 2.04517 -0.635781 -0.0609399 -0.769476 -28.2613
-0.772725 -0.0432706 0.633277 116.634 -0.0756877 0.99685 -0.0242432 2.01456 -0.63022 -0.0666643 -0.773556 -29.1853
-0.778438 -0.0423562 0.626317 117.4 -0.0768727 0.996658 -0.0281433 1.978 -0.623024 -0.0700529 -0.779076 -30.1192
-0.784396 -0.0420609 0.618846 118.159 -0.0737699 0.996956 -0.0257464 1.94375 -0.615868 -0.0658473 -0.7851 -31.0622
-0.791573 -0.0432034 0.609572 118.908 -0.0733377 0.997018 -0.0245717 1.91174 -0.606685 -0.0641534 -0.792365 -32.0174
-0.800125 -0.042532 0.598337 119.644 -0.0718731 0.997107 -0.0252359 1.87733 -0.595522 -0.0631958 -0.800857 -32.9861
-0.808733 -0.0417757 0.586719 120.369 -0.0708796 0.997141 -0.0267027 1.84209 -0.583919 -0.0631802 -0.809365 -33.9649
-0.81803 -0.0423488 0.573628 121.079 -0.0698819 0.997228 -0.0260364 1.80791 -0.570926 -0.0613844 -0.818711 -34.9569
-0.82649 -0.0429956 0.561335 121.775 -0.0698483 0.99722 -0.026461 1.77233 -0.558631 -0.0610766 -0.827179 -35.9603
-0.835282 -0.0431021 0.548146 122.455 -0.0724516 0.99687 -0.0320195 1.73082 -0.545041 -0.0664588 -0.835779 -36.9754
-0.845049 -0.0427473 0.533007 123.118 -0.0726373 0.996749 -0.0352234 1.68579 -0.529764 -0.06848 -0.84539 -38.002
-0.853652 -0.0440924 0.51899 123.766 -0.0733938 0.996664 -0.0360481 1.64013 -0.51566 -0.0688627 -0.854029 -39.0403
-0.862296 -0.0466112 0.504288 124.396 -0.0741985 0.99665 -0.0347552 1.59611 -0.500974 -0.067385 -0.862849 -40.0903
-0.870479 -0.0485794 0.489818 125.009 -0.0750564 0.996593 -0.0345481 1.55254 -0.486463 -0.066837 -0.871148 -41.1506
-0.877606 -0.052278 0.476557 125.607 -0.0794789 0.996159 -0.0370881 1.5035 -0.472784 -0.0704232 -0.878373 -42.2202
-0.884993 -0.0516276 0.46275 126.188 -0.0788888 0.996104 -0.0397423 1.45201 -0.458887 -0.071677 -0.885606 -43.2977
-0.891438 -0.0526044 0.450115 126.754 -0.0793708 0.996023 -0.0407886 1.39934 -0.446176 -0.0720847 -0.892051 -44.384
-0.89833 -0.0518595 0.436269 127.302 -0.0779814 0.996076 -0.0421716 1.34384 -0.432363 -0.0719043 -0.898836 -45.4789
-0.904828 -0.0524596 0.422572 127.834 -0.0776381 0.996085 -0.0425858 1.28971 -0.418679 -0.0713386 -0.905341 -46.5815
-0.91036 -0.0547655 0.410198 128.35 -0.079012 0.995986 -0.0423819 1.23438 -0.406223 -0.0709927 -0.91102 -47.6924
-0.9169 -0.0532445 0.395593 128.85 -0.0772803 0.996003 -0.0450642 1.17758 -0.391609 -0.0718889 -0.917332 -48.8106
-0.923452 -0.0531151 0.380042 129.33 -0.0773014 0.995833 -0.0486565 1.11452 -0.375868 -0.074309 -0.923697 -49.9382
-0.928739 -0.0520305 0.367112 129.795 -0.0758861 0.995832 -0.0508432 1.05197 -0.362934 -0.0750768 -0.928798 -51.0721
-0.935077 -0.0481446 0.351184 130.241 -0.0711485 0.996076 -0.0528919 0.9867 -0.347254 -0.0744435 -0.934819 -52.2134
-0.941042 -0.0470178 0.335058 130.667 -0.0703426 0.995859 -0.0578191 0.915623 -0.33095 -0.0779769 -0.940433 -53.3626
-0.946197 -0.0466534 0.320237 131.074 -0.06991 0.995668 -0.0615118 0.839862 -0.315975 -0.0805891 -0.945346 -54.5179
-0.951958 -0.0489667 0.302346 131.462 -0.0707723 0.995603 -0.0615899 0.763213 -0.297999 -0.0800265 -0.951218 -55.6803
-0.957012 -0.0502153 0.285698 131.83 -0.0705886 0.995624 -0.0614626 0.687042 -0.281356 -0.0789866 -0.956356 -56.8507
-0.961894 -0.0512974 0.268634 132.177 -0.0702399 0.995653 -0.0613823 0.61094 -0.264316 -0.0779099 -0.961296 -58.0274
-0.966766 -0.0539067 0.24995 132.503 -0.0718594 0.995421 -0.0632628 0.532275 -0.245391 -0.0791207 -0.966199 -59.2122
-0.970948 -0.0563124 0.232644 132.807 -0.073046 0.99529 -0.0639486 0.453615 -0.227946 -0.0790824 -0.970469 -60.4043
-0.974901 -0.0579767 0.214996 133.092 -0.0735588 0.995173 -0.0651962 0.373244 -0.210175 -0.0793741 -0.974445 -61.6041
-0.978731 -0.0591839 0.196512 133.354 -0.0736403 0.99504 -0.0670915 0.290921 -0.191566 -0.0801337 -0.978215 -62.8109
-0.981933 -0.0618157 0.178895 133.593 -0.0749641 0.994901 -0.0676968 0.208069 -0.173795 -0.0798837 -0.981545 -64.0243
-0.98522 -0.0631257 0.159349 133.809 -0.074329 0.995106 -0.0653561 0.129167 -0.154442 -0.0762324 -0.98507 -65.2466
-0.987847 -0.064041 0.141679 134.004 -0.0739181 0.995121 -0.0655901 0.0494678 -0.136785 -0.075265 -0.987747 -66.4749
-0.990338 -0.064597 0.122859 134.174 -0.0730596 0.995179 -0.0656756 -0.0292549 -0.118024 -0.074015 -0.990262 -67.7097
-0.99241 -0.0673781 0.10296 134.32 -0.0747535 0.994789 -0.0695462 -0.115107 -0.0977365 -0.0767143 -0.992261 -68.9484
-0.994045 -0.0701937 0.0835719 134.442 -0.0763314 0.994446 -0.0726733 -0.20524 -0.0780068 -0.0786175 -0.993861 -70.1921
-0.995322 -0.0734617 0.0629066 134.539 -0.0779281 0.994388 -0.071785 -0.293839 -0.0572794 -0.0763506 -0.995446 -71.4411
-0.996248 -0.0765873 0.0407533 134.609 -0.0792829 0.994458 -0.0692745 -0.379422 -0.0352227 -0.0722436 -0.996778 -72.6947
-0.996748 -0.0786959 0.0178565 134.652 -0.0797607 0.994369 -0.0700085 -0.465654 -0.0122467 -0.0712044 -0.997398 -73.9517
-0.996648 -0.0816639 -0.00776366 134.662 -0.0808961 0.994132 -0.0720357 -0.555195 0.0135993 -0.0711642 -0.997385 -75.2092
-0.995765 -0.0857679 -0.0334159 134.643 -0.0830937 0.993768 -0.0745177 -0.646811 0.0395975 -0.0714248 -0.996671 -76.4673
-0.99448 -0.0868414 -0.0592049 134.59 -0.0821752 0.993644 -0.0771434 -0.74116 0.0655255 -0.0718504 -0.995274 -77.7266
-0.992358 -0.0890494 -0.0855326 134.505 -0.0822287 0.993399 -0.0801977 -0.84098 0.0921069 -0.072551 -0.993115 -78.9845
-0.990301 -0.0855873 -0.109613 134.39 -0.076933 0.993766 -0.0808872 -0.941558 0.115849 -0.0716679 -0.990692 -80.2413
-0.987407 -0.0841534 -0.134039 134.241 -0.0738171 0.994051 -0.0803015 -1.04189 0.139995 -0.0693952 -0.98773 -81.4962
-0.983585 -0.0850644 -0.159252 134.059 -0.0724931 0.993912 -0.083157 -1.14562 0.165353 -0.0702453 -0.983743 -82.7469
-0.979366 -0.0854514 -0.183192 133.848 -0.0701789 0.993634 -0.088297 -1.25448 0.189567 -0.0736181 -0.979116 -83.9931
-0.974965 -0.0833542 -0.206234 133.608 -0.0660992 0.993834 -0.0891967 -1.36437 0.212393 -0.0733297 -0.974443 -85.2342
-0.969938 -0.0847119 -0.228175 133.34 -0.065791 0.993845 -0.0892993 -1.4747 0.23433 -0.0716022 -0.969529 -86.4697
-0.964876 -0.0846167 -0.24878 133.046 -0.0632843 0.993712 -0.0925413 -1.58901 0.255042 -0.0735449 -0.964143 -87.6992
-0.959278 -0.0867071 -0.268863 132.725 -0.0632197 0.9935 -0.0948315 -1.70678 0.275332 -0.0739716 -0.958511 -88.922
-0.954071 -0.0869614 -0.286748 132.382 -0.061474 0.993425 -0.0967351 -1.8259 0.29327 -0.0746624 -0.953124 -90.1396
-0.948497 -0.0895251 -0.303905 132.018 -0.0622984 0.993235 -0.0981499 -1.94746 0.31063 -0.0741612 -0.947646 -91.3519
-0.942604 -0.0905863 -0.321451 131.63 -0.0619088 0.993239 -0.0983597 -2.06933 0.328181 -0.0728114 -0.941819 -92.5571
-0.93764 -0.0909866 -0.335517 131.222 -0.0608997 0.993222 -0.0991499 -2.19213 0.342257 -0.0725333 -0.936815 -93.7578
-0.932237 -0.0921526 -0.349972 130.796 -0.0608116 0.993191 -0.0995329 -2.31489 0.356755 -0.0715037 -0.931473 -94.9533
-0.926337 -0.0935992 -0.364911 130.349 -0.061792 0.993292 -0.0979126 -2.43478 0.371619 -0.0681507 -0.925895 -96.141
-0.921439 -0.094545 -0.376894 129.887 -0.0625608 0.993405 -0.0962475 -2.55351 0.383502 -0.0651053 -0.921258 -97.3259
-0.916766 -0.094252 -0.388172 129.41 -0.0616274 0.993519 -0.0956832 -2.67282 0.394665 -0.0637964 -0.916622 -98.5051
-0.912909 -0.0916869 -0.397779 128.917 -0.0585682 0.993804 -0.0946515 -2.79261 0.403985 -0.0631091 -0.912602 -99.6811
-0.910658 -0.0903269 -0.403191 128.416 -0.0551557 0.993671 -0.0980314 -2.91687 0.409484 -0.067034 -0.909866 -100.854
-0.907998 -0.089198 -0.409417 127.906 -0.0533596 0.993756 -0.0981633 -3.04181 0.415608 -0.0672838 -0.907068 -102.022
-0.905478 -0.0891262 -0.414952 127.387 -0.0533891 0.993871 -0.0969642 -3.16495 0.421042 -0.0656443 -0.904676 -103.189
-0.903145 -0.0923047 -0.419342 126.862 -0.0575817 0.993854 -0.0947476 -3.28616 0.4255 -0.0614226 -0.90289 -104.355
-0.899599 -0.094971 -0.426287 126.326 -0.0608938 0.993828 -0.0929021 -3.40536 0.432469 -0.0576159 -0.899819 -105.519
-0.897303 -0.100294 -0.429916 125.784 -0.0657196 0.993367 -0.0945689 -3.52727 0.436539 -0.0566013 -0.897922 -106.681
-0.895328 -0.102122 -0.433564 125.236 -0.0676399 0.993262 -0.0942709 -3.64919 0.440259 -0.0550768 -0.896193 -107.843
-0.89392 -0.102653 -0.436359 124.683 -0.0672396 0.99314 -0.0958846 -3.77323 0.443198 -0.0563709 -0.894668 -109.002
-0.894369 -0.103941 -0.43511 124.132 -0.0682876 0.992971 -0.0968362 -3.8985 0.442107 -0.0568942 -0.89517 -110.163
-0.894672 -0.103641 -0.434581 123.579 -0.0671568 0.992888 -0.0985282 -4.0269 0.441691 -0.0589638 -0.895247 -111.324
-0.89498 -0.102532 -0.434185 123.026 -0.0655676 0.992909 -0.0993155 -4.15574 0.44128 -0.0604164 -0.895345 -112.485
-0.89611 -0.102533 -0.431874 122.474 -0.0654609 0.992865 -0.0998899 -4.28541 0.439024 -0.0612396 -0.896406 -113.648
-0.897021 -0.0990592 -0.430765 121.922 -0.0623263 0.993189 -0.0986028 -4.41292 0.43759 -0.0616003 -0.897074 -114.813
-0.898893 -0.100408 -0.426559 121.375 -0.0642472 0.993096 -0.0983737 -4.54018 0.433481 -0.0610202 -0.899114 -115.98
-0.900085 -0.102592 -0.42349 120.83 -0.0666729 0.992883 -0.0988206 -4.66817 0.430606 -0.0607111 -0.900508 -117.148
-0.90171 -0.100595 -0.420525 120.29 -0.0661547 0.993229 -0.0957369 -4.79208 0.427297 -0.0585054 -0.902236 -118.319
-0.904899 -0.0998447 -0.413776 119.757 -0.0669377 0.993399 -0.0933172 -4.91487 0.420353 -0.0567447 -0.905598 -119.495
-0.907811 -0.100635 -0.407178 119.233 -0.0695247 0.993485 -0.0905325 -5.03357 0.413626 -0.0538756 -0.908872 -120.674
-0.910701 -0.0985251 -0.401176 118.716 -0.0691966 0.993819 -0.086988 -5.1475 0.407258 -0.0514591 -0.911877 -121.857
-0.915063 -0.0984111 -0.391175 118.213 -0.0697011 0.993791 -0.086964 -5.26173 0.397294 -0.0523102 -0.91622 -123.046
-0.91979 -0.0919001 -0.381533 117.723 -0.0641328 0.994341 -0.0848946 -5.37416 0.387166 -0.0536156 -0.920466 -124.239
-0.923826 -0.0910309 -0.371889 117.245 -0.0641775 0.994419 -0.083985 -5.4845 0.377449 -0.0537187 -0.924491 -125.437
-0.928505 -0.0930306 -0.359512 116.782 -0.0674409 0.994271 -0.0831056 -5.59339 0.365176 -0.052917 -0.929449 -126.639
-0.933722 -0.0894047 -0.346718 116.335 -0.0647165 0.994535 -0.0821651 -5.70182 0.35216 -0.054279 -0.934385 -127.849
-0.939193 -0.085032 -0.332736 115.906 -0.0617534 0.994902 -0.0799406 -5.80676 0.337828 -0.054531 -0.939643 -129.064
-0.943884 -0.0847345 -0.319294 115.494 -0.0628862 0.994977 -0.0781439 -5.90871 0.324303 -0.0536777 -0.94445 -130.284
-0.9481 -0.0849799 -0.306452 115.099 -0.0643007 0.994975 -0.0769724 -6.00954 0.311445 -0.0532714 -0.948786 -131.509
-0.952925 -0.0828873 -0.291735 114.722 -0.0642168 0.995282 -0.0730177 -6.10639 0.296402 -0.0508444 -0.95373 -132.74
-0.957544 -0.0798838 -0.277049 114.364 -0.062705 0.995571 -0.0703339 -6.19912 0.281432 -0.0499745 -0.958296 -133.976
-0.962292 -0.0771736 -0.26093 114.027 -0.0620359 0.995925 -0.0657729 -6.28611 0.264934 -0.0471041 -0.963136 -135.218
-0.966359 -0.0770017 -0.245458 113.71 -0.0636096 0.996065 -0.062039 -6.36893 0.249261 -0.0443378 -0.967438 -136.464
-0.970833 -0.0757698 -0.227573 113.416 -0.0643494 0.996307 -0.0572006 -6.44514 0.231059 -0.0408868 -0.972101 -137.714
-0.975119 -0.072163 -0.209678 113.145 -0.0619853 0.996596 -0.0547185 -6.51924 0.212906 -0.0403595 -0.976255 -138.968
-0.979393 -0.0713241 -0.189071 112.9 -0.0625944 0.996717 -0.051754 -6.58998 0.192135 -0.0388514 -0.980621 -140.226
-0.982835 -0.0730749 -0.16948 112.681 -0.0651986 0.99656 -0.0515866 -6.66009 0.17266 -0.0396509 -0.984199 -141.487
-0.986507 -0.0684017 -0.148901 112.488 -0.0617352 0.996913 -0.0489449 -6.72686 0.151782 -0.0390908 -0.987661 -142.753
-0.989571 -0.0691349 -0.126485 112.324 -0.0636252 0.996884 -0.0470942 -6.79099 0.129341 -0.0385549 -0.990866 -144.021
-0.992278 -0.0668403 -0.104707 112.188 -0.0623326 0.997029 -0.0457454 -6.85423 0.107448 -0.0388643 -0.993471 -145.291
-0.994815 -0.0619463 -0.0808394 112.083 -0.0587109 0.997423 -0.041799 -6.91102 0.0832156 -0.0368357 -0.995868 -146.564
-0.996897 -0.0575256 -0.0541794 112.01 -0.0554814 0.997739 -0.0384981 -6.96376 0.056267 -0.0353716 -0.997808 -147.837
-0.998031 -0.0560582 -0.0286725 111.971 -0.055021 0.997869 -0.0357473 -7.01199 0.030612 -0.0340991 -0.998967 -149.111
-0.998416 -0.0566957 -0.000676337 111.967 -0.056636 0.99779 -0.0353199 -7.05984 0.00267353 -0.0352245 -0.999394 -150.383
-0.998076 -0.0553596 0.0284457 112.001 -0.0562768 0.997909 -0.0325459 -7.10441 -0.0265862 -0.034084 -0.999084 -151.654
-0.99699 -0.0535722 0.0564848 112.07 -0.0552803 0.998065 -0.0291375 -7.14569 -0.0548175 -0.0321712 -0.997996 -152.92
-0.995069 -0.0520243 0.0846203 112.175 -0.0545598 0.998145 -0.027935 -7.18462 -0.0830099 -0.032414 -0.99604 -154.184
-0.992135 -0.0531723 0.113545 112.317 -0.0565092 0.998074 -0.026379 -7.22158 -0.111926 -0.0325867 -0.9932 -155.443
-0.988666 -0.0528869 0.140613 112.493 -0.0566642 0.998155 -0.0229975 -7.25533 -0.139135 -0.0307044 -0.989817 -156.694
-0.984093 -0.0518698 0.170066 112.705 -0.0559621 0.998267 -0.0193602 -7.28501 -0.168767 -0.0285685 -0.98526 -157.939
-0.978506 -0.0505335 0.200007 112.954 -0.0552148 0.99834 -0.0178967 -7.31222 -0.198767 -0.0285553 -0.97965 -159.175
-0.971645 -0.046657 0.231903 113.243 -0.0520004 0.998524 -0.0169835 -7.33744 -0.230767 -0.0285602 -0.97261 -160.4
-0.963628 -0.0475673 0.263039 113.57 -0.0529341 0.998533 -0.0133523 -7.35768 -0.262012 -0.0267903 -0.964711 -161.614
-0.954388 -0.0475984 0.294837 113.937 -0.053736 0.998495 -0.0127491 -7.37693 -0.293785 -0.0280102 -0.955482 -162.814
-0.943807 -0.046432 0.327267 114.343 -0.0520399 0.998632 -0.00839559 -7.39114 -0.326423 -0.0249547 -0.944912 -163.999
-0.931937 -0.0450039 0.359887 114.789 -0.0504483 0.99873 -0.00574762 -7.40258 -0.359169 -0.0235115 -0.932997 -165.17
-0.918158 -0.0443305 0.393767 115.275 -0.0496322 0.998785 -0.00328646 -7.41117 -0.393134 -0.022561 -0.919222 -166.321
-0.902682 -0.0414993 0.428359 115.803 -0.046557 0.998934 -0.00133466 -7.416 -0.427844 -0.0211475 -0.903627 -167.45
-0.8878 -0.0387212 0.458632 116.367 -0.0427058 0.999108 0.00168341 -7.41792 -0.458278 -0.0180917 -0.888642 -168.558
-0.870884 -0.0385699 0.490022 116.966 -0.0414148 0.999147 0.00503838 -7.41443 -0.489795 -0.0159061 -0.871714 -169.644
-0.852552 -0.0376615 0.521315 117.604 -0.039613 0.99921 0.00740299 -7.40796 -0.521169 -0.0143394 -0.853351 -170.707
-0.832166 -0.0378763 0.553273 118.28 -0.0392435 0.999203 0.00937758 -7.40053 -0.553183 -0.0139084 -0.832966 -171.743
-0.810157 -0.0389368 0.584945 118.99 -0.0385416 0.999195 0.0131297 -7.38563 -0.58497 -0.0119077 -0.810986 -172.75
-0.788394 -0.0385351 0.614 119.734 -0.0362057 0.99923 0.0162222 -7.36886 -0.614148 -0.00944086 -0.789158 -173.731
-0.764862 -0.0364831 0.643185 120.512 -0.03374 0.999316 0.0165604 -7.35195 -0.643333 -0.00903464 -0.765551 -174.681
-0.740783 -0.0352578 0.670852 121.324 -0.0302677 0.999377 0.0190998 -7.33073 -0.671103 -0.00615666 -0.741364 -175.599
-0.716455 -0.034858 0.696786 122.167 -0.0295748 0.999392 0.0195868 -7.3068 -0.697027 -0.00657426 -0.717033 -176.484
-0.691612 -0.033922 0.721502 123.038 -0.0267746 0.999433 0.0213222 -7.28132 -0.72181 -0.00457167 -0.692104 -177.337
-0.666684 -0.032791 0.744642 123.941 -0.0253863 0.999471 0.0212843 -7.25436 -0.744928 -0.00471364 -0.667148 -178.155
-0.640192 -0.0332891 0.767521 124.868 -0.023718 0.999459 0.0235641 -7.22703 -0.767884 -0.00311905 -0.640612 -178.936
-0.61483 -0.0312042 0.788064 125.818 -0.0194319 0.999533 0.0244175 -7.19849 -0.788439 -0.000300823 -0.615133 -179.684
-0.58973 -0.0300974 0.807066 126.788 -0.0155288 0.999563 0.0259277 -7.16629 -0.807485 0.0027568 -0.589918 -180.4
-0.564048 -0.029879 0.825224 127.774 -0.0127543 0.999563 0.027474 -7.13291 -0.825662 0.00497163 -0.564166 -181.083
-0.539469 -0.0273817 0.841586 128.779 -0.00886486 0.99962 0.0268397 -7.09975 -0.841991 0.00701777 -0.539486 -181.733
-0.514284 -0.0250047 0.857279 129.802 -0.00390306 0.999655 0.0268163 -7.06584 -0.857629 0.0104453 -0.514188 -182.349
-0.488434 -0.0234902 0.872309 130.839 -0.000852624 0.999671 0.0264412 -7.03365 -0.872631 0.01217 -0.488273 -182.935
-0.46297 -0.0214333 0.886138 131.891 0.00550313 0.999642 0.027054 -7.00291 -0.886374 0.0174018 -0.462671 -183.487
-0.435814 -0.0205239 0.899825 132.957 0.0094711 0.999599 0.0273856 -6.97202 -0.900016 0.020456 -0.435426 -184.006
-0.408857 -0.0181604 0.912441 134.038 0.0150887 0.999555 0.0266557 -6.94393 -0.91249 0.024666 -0.408386 -184.494
-0.382003 -0.0174886 0.924017 135.129 0.0176169 0.999522 0.0261997 -6.91705 -0.924021 0.0262852 -0.381495 -184.952
-0.3549 -0.0167809 0.934777 136.235 0.0204964 0.999485 0.0257246 -6.89236 -0.934697 0.0282893 -0.354358 -185.379
-0.327001 -0.0163473 0.944902 137.354 0.0234667 0.999421 0.0254106 -6.87146 -0.944759 0.0304814 -0.326412 -185.772
-0.298315 -0.0135778 0.954396 138.486 0.027134 0.999403 0.0226996 -6.8544 -0.954098 0.0326682 -0.297754 -186.132
-0.268444 -0.0107622 0.963255 139.626 0.0292242 0.999408 0.0193095 -6.8383 -0.962877 0.0333322 -0.267956 -186.458
-0.23965 -0.00861034 0.970846 140.78 0.033106 0.999335 0.0170354 -6.82599 -0.970311 0.0362235 -0.239193 -186.746
-0.210562 -0.00965181 0.977552 141.941 0.0345301 0.999276 0.0173032 -6.81327 -0.976994 0.0373966 -0.210064 -187
-0.181892 -0.0107818 0.983283 143.109 0.0367532 0.999193 0.0177552 -6.80004 -0.982646 0.0393685 -0.181338 -187.218
-0.155423 -0.0102255 0.987814 144.282 0.037037 0.999203 0.0161701 -6.7882 -0.987177 0.0390969 -0.15491 -187.408
-0.130602 -0.0102336 0.991406 145.462 0.037983 0.999188 0.0153177 -6.77797 -0.990722 0.0396572 -0.130097 -187.565
-0.107549 -0.0100513 0.994168 146.646 0.0395445 0.999135 0.0143788 -6.76753 -0.993436 0.0408584 -0.107049 -187.696
-0.0861592 -0.01213 0.996231 147.835 0.0410228 0.999059 0.0157124 -6.75516 -0.995451 0.0422219 -0.0855716 -187.8
-0.0651137 -0.013096 0.997812 149.028 0.0429863 0.998971 0.0159157 -6.74235 -0.996975 0.0439265 -0.0644756 -187.879
-0.0460812 -0.0150195 0.998849 150.224 0.0469226 0.998775 0.0171832 -6.72799 -0.99785 0.0476601 -0.045312 -187.936
-0.0274174 -0.0157487 0.99952 151.422 0.0496281 0.998643 0.0170957 -6.71372 -0.998414 0.0500708 -0.0265918 -187.971
-0.00995592 -0.0137292 0.999881 152.62 0.0534594 0.998492 0.0142425 -6.70323 -0.998535 0.0535944 -0.00919979 -187.985
0.0086041 -0.0138568 0.999887 153.82 0.0554875 0.998392 0.0133581 -6.69326 -0.998445 0.0553639 0.00936491 -187.976
0.0281932 -0.0157813 0.999503 155.023 0.0564593 0.998329 0.0141702 -6.68275 -0.998021 0.0560312 0.0290435 -187.944
0.0469764 -0.0187299 0.998741 156.224 0.0583396 0.99819 0.015975 -6.66994 -0.997213 0.0575132 0.0479886 -187.887
0.065432 -0.0191266 0.9977 157.428 0.0608872 0.998056 0.0151401 -6.65737 -0.996013 0.0597559 0.0664748 -187.809
0.0848445 -0.0176564 0.996258 158.632 0.0625556 0.997986 0.0123593 -6.64661 -0.994451 0.0612703 0.0857814 -187.707
0.102414 -0.0166529 0.994628 159.835 0.0644592 0.997895 0.0100702 -6.63958 -0.992666 0.0630809 0.103276 -187.585
0.118651 -0.0173978 0.992804 161.039 0.0645025 0.99789 0.00977794 -6.63218 -0.990861 0.0628755 0.119525 -187.443
0.135199 -0.0182765 0.990677 162.243 0.0657922 0.997815 0.00942919 -6.62668 -0.988647 0.0639032 0.13611 -187.281
0.150217 -0.0188397 0.988494 163.452 0.0679388 0.997672 0.0086901 -6.62337 -0.986339 0.0658489 0.151149 -187.103
0.166195 -0.0182509 0.98595 164.662 0.0699971 0.997553 0.00666633 -6.62413 -0.983622 0.067905 0.167069 -186.905
0.180451 -0.0171222 0.983457 165.871 0.073885 0.997282 0.00380587 -6.62629 -0.980828 0.071973 0.181226 -186.69
0.192489 -0.0184478 0.981152 167.081 0.0767905 0.997069 0.00368141 -6.63095 -0.978307 0.0746336 0.193343 -186.459
0.205633 -0.0188805 0.978469 168.292 0.0791905 0.996879 0.00259306 -6.63702 -0.975443 0.0769491 0.206486 -186.212
0.21641 -0.0192878 0.976139 169.504 0.0809783 0.996742 0.0017416 -6.64306 -0.972956 0.078668 0.217268 -185.951
0.223808 -0.0202423 0.974446 170.719 0.0827273 0.996593 0.00170178 -6.64962 -0.971139 0.0802291 0.224719 -185.681
0.230333 -0.0225048 0.97288 171.933 0.0820117 0.996654 0.00363767 -6.65253 -0.969668 0.0789484 0.231409 -185.402
0.232245 -0.0232561 0.972403 173.152 0.0830038 0.996564 0.00400967 -6.65514 -0.969134 0.0797785 0.233375 -185.119
0.236399 -0.0233078 0.971405 174.373 0.0839975 0.996489 0.00346779 -6.65673 -0.968038 0.0807743 0.237527 -184.83
0.239018 -0.0236715 0.970751 175.598 0.0848915 0.996407 0.00339531 -6.65793 -0.967324 0.0815933 0.240166 -184.537
0.240238 -0.0251447 0.970419 176.826 0.0861211 0.996305 0.00449487 -6.65638 -0.966907 0.0824919 0.241515 -184.244
0.243636 -0.0260281 0.969542 178.056 0.0885421 0.996085 0.00449113 -6.65407 -0.965844 0.0847471 0.244985 -183.946
0.246687 -0.0263823 0.968766 179.289 0.0896073 0.995998 0.00430576 -6.65253 -0.964963 0.0857445 0.248064 -183.644
0.24798 -0.0272851 0.968407 180.525 0.0902211 0.995932 0.00495791 -6.65026 -0.964582 0.0861372 0.249431 -183.342
0.251462 -0.0274641 0.967508 181.763 0.089154 0.996033 0.0051017 -6.64838 -0.963772 0.0849723 0.252914 -183.033
0.253792 -0.0278245 0.966885 183.002 0.0899433 0.995957 0.00505267 -6.64719 -0.963097 0.0856784 0.255266 -182.72
0.254809 -0.0272111 0.966639 184.243 0.0905018 0.995915 0.00417835 -6.64701 -0.962767 0.0864158 0.256231 -182.407
0.256883 -0.0267183 0.966102 185.485 0.0881862 0.996117 0.00410046 -6.64667 -0.962441 0.084139 0.258239 -182.089
0.255724 -0.0265627 0.966413 186.73 0.0871296 0.996215 0.0043259 -6.6471 -0.962835 0.0830952 0.25707 -181.771
0.255655 -0.0262172 0.96644 187.976 0.0861602 0.996293 0.00423517 -6.64746 -0.962949 0.0821816 0.256964 -181.453
0.255327 -0.0262139 0.966527 189.224 0.0862001 0.996296 0.00424934 -6.64786 -0.963023 0.0822281 0.256641 -181.135
0.25369 -0.0230385 0.967038 190.474 0.0834306 0.996533 0.00185446 -6.6511 -0.963708 0.0802062 0.254731 -180.818
0.251837 -0.0221276 0.967544 191.725 0.0846087 0.996442 0.000765617 -6.65609 -0.964083 0.0816683 0.252813 -180.503
