1 0 0 0 0 1 0 0 0 0 1 0
0.999816 0.00214718 0.0191288 -0.00350959 -0.00210171 0.999995 -0.00239253 -0.000596855 -0.0191339 0.00235214 0.999814 0.0534068
0.999153 0.00343706 0.0410181 -0.00984108 -0.00335272 0.999993 -0.00212446 -0.0031313 -0.041025 0.00198547 0.999156 0.160888
0.997729 0.00785875 0.0669225 -0.0167351 -0.00800203 0.999966 0.00187727 -0.00265169 -0.0669055 -0.00240857 0.997757 0.330036
0.996226 0.00935142 0.0863045 -0.0176438 -0.00997438 0.99993 0.00679133 0.000546398 -0.0862345 -0.00762613 0.996247 0.558735
0.994969 0.0146662 0.0991207 -0.0128566 -0.0156881 0.999831 0.00954146 0.00707731 -0.0989642 -0.0110485 0.99503 0.848664
0.994598 0.0152976 0.102674 0.00109818 -0.0161473 0.999844 0.00745031 0.0151908 -0.102544 -0.00906754 0.994689 1.19835
0.993684 0.017729 0.110841 0.0256666 -0.018254 0.999826 0.00372511 0.0241087 -0.110756 -0.00572497 0.993834 1.61125
0.993389 0.0211083 0.112854 0.0609519 -0.0215711 0.999765 0.0028813 0.036327 -0.112767 -0.00529622 0.993609 2.09388
0.993025 0.0230361 0.115671 0.107218 -0.0235712 0.999716 0.00326134 0.0466734 -0.115563 -0.00596517 0.993284 2.6415
0.992498 0.0217012 0.120337 0.162666 -0.0224134 0.999739 0.00456814 0.0544905 -0.120206 -0.00723058 0.992725 3.25836
0.992342 0.0209949 0.121764 0.225801 -0.0217957 0.999748 0.00524935 0.0596407 -0.121624 -0.00786312 0.992549 3.93924
0.992314 0.0204773 0.122054 0.298315 -0.0214499 0.999749 0.00666017 0.0628261 -0.121887 -0.00922663 0.992504 4.67254
0.992514 0.0208292 0.120383 0.38009 -0.0218056 0.999739 0.00680111 0.0686299 -0.12021 -0.00937522 0.992707 5.44522
0.992553 0.0209088 0.120022 0.46617 -0.0216918 0.999752 0.00522037 0.0725162 -0.119883 -0.00778459 0.99276 6.24873
0.99266 0.021469 0.119061 0.556112 -0.0219843 0.999753 0.0030174 0.0742484 -0.118967 -0.00561281 0.992885 7.07214
0.992994 0.0204196 0.116382 0.644891 -0.0207555 0.999783 0.00167529 0.07398 -0.116323 -0.00407873 0.993203 7.90646
0.993221 0.0207174 0.1144 0.734979 -0.0209635 0.999778 0.000949442 0.0778663 -0.114355 -0.00334137 0.993435 8.75482
0.993155 0.0241428 0.114274 0.822475 -0.0242093 0.999704 -0.000807035 0.076237 -0.11426 -0.00196457 0.993446 9.60493
0.99342 0.0260564 0.111537 0.906989 -0.0260886 0.999657 -0.0011701 0.073306 -0.11153 -0.00174757 0.99376 10.4608
0.993644 0.02489 0.109773 0.992515 -0.0250728 0.999683 0.000285103 0.0684559 -0.109732 -0.00303516 0.993955 11.3239
0.993701 0.0263386 0.108946 1.07513 -0.0266415 0.999643 0.00132613 0.0576007 -0.108873 -0.00422031 0.994046 12.1868
0.993903 0.02639 0.107044 1.15501 -0.0267373 0.999638 0.00181059 0.0494464 -0.106958 -0.00466113 0.994251 13.0533
0.994049 0.0268292 0.105587 1.23311 -0.027222 0.999625 0.0022831 0.0337703 -0.105486 -0.00514387 0.994407 13.9217
0.994187 0.0261631 0.104434 1.31316 -0.0265203 0.999644 0.00203285 0.0206882 -0.104344 -0.00479014 0.994528 14.7899
0.994405 0.02671 0.102208 1.39635 -0.0270671 0.999628 0.00210982 0.00799909 -0.102115 -0.00486461 0.994759 15.6619
0.994424 0.0269177 0.101935 1.48062 -0.0274701 0.99961 0.00401903 -0.0048994 -0.101788 -0.00679631 0.994779 16.5294
0.994652 0.0259444 0.0999761 1.5631 -0.0267699 0.999614 0.0069253 -0.0133913 -0.0997585 -0.00956471 0.994964 17.3999
0.994853 0.0247101 0.0982377 1.64589 -0.0256738 0.999629 0.00855948 -0.020762 -0.0979909 -0.0110371 0.995121 18.2666
0.994829 0.0255146 0.0982993 1.72863 -0.0264292 0.999615 0.00801445 -0.0290271 -0.0980575 -0.0105711 0.995123 19.1291
0.994917 0.0268354 0.0970231 1.81099 -0.0275507 0.999599 0.0060419 -0.0377458 -0.0968228 -0.00868378 0.99526 19.9877
0.995022 0.0282693 0.0955604 1.89079 -0.0288174 0.999572 0.00436152 -0.0466825 -0.0953968 -0.00709371 0.995413 20.8399
0.99508 0.0285922 0.0948246 1.96824 -0.029197 0.999558 0.00499768 -0.0536135 -0.0946405 -0.00774123 0.995477 21.6839
0.995326 0.0286427 0.0922256 2.0444 -0.0292228 0.999557 0.00494726 -0.0612831 -0.0920436 -0.00761934 0.995724 22.5243
0.995502 0.0297281 0.0899113 2.11622 -0.0302088 0.999534 0.00399206 -0.0700833 -0.0897512 -0.00668976 0.995937 23.3622
0.995659 0.0301456 0.0880596 2.18821 -0.030609 0.99952 0.0039192 -0.0786284 -0.0878997 -0.00659772 0.996106 24.1928
0.995913 0.0299096 0.0851832 2.2568 -0.0305156 0.999515 0.00582282 -0.0855869 -0.0849683 -0.008398 0.996344 25.015
0.996171 0.0286625 0.082586 2.32047 -0.029393 0.999536 0.00764595 -0.0899846 -0.0823289 -0.0100442 0.996554 25.8283
0.996369 0.0286403 0.0801282 2.38096 -0.0295251 0.999512 0.00988146 -0.0938313 -0.0798069 -0.012211 0.996729 26.6377
0.996592 0.0294378 0.0770612 2.43836 -0.0303249 0.999484 0.0103689 -0.0961786 -0.0767165 -0.0126705 0.996972 27.442
0.996704 0.0311776 0.0748613 2.49042 -0.031995 0.999439 0.00974539 -0.0974772 -0.0745161 -0.0121081 0.997141 28.2384
0.996886 0.032742 0.0717357 2.53688 -0.0335034 0.999392 0.00943968 -0.101804 -0.0713833 -0.0118138 0.997378 29.0272
0.996973 0.033874 0.0699589 2.58167 -0.0346888 0.999341 0.0104668 -0.106424 -0.069559 -0.0128616 0.997491 29.8083
0.997082 0.0338598 0.0684081 2.62753 -0.0347876 0.999316 0.0124199 -0.109331 -0.0679409 -0.0147636 0.997581 30.5841
0.997124 0.0352373 0.0670887 2.67333 -0.0361914 0.999259 0.0130626 -0.109528 -0.0665794 -0.0154528 0.997657 31.3535
0.997012 0.0380286 0.0672253 2.71572 -0.0389208 0.999168 0.0120157 -0.109578 -0.0667126 -0.0145964 0.997665 32.1119
0.996853 0.0405553 0.0680846 2.75897 -0.0413059 0.999099 0.00965685 -0.111559 -0.0676321 -0.0124384 0.99763 32.8583
0.996808 0.0406132 0.0687234 2.7998 -0.0413224 0.999103 0.00893254 -0.115096 -0.0682993 -0.011744 0.997594 33.5907
0.996635 0.0411538 0.0708761 2.84401 -0.0419593 0.999069 0.00991722 -0.114481 -0.0704025 -0.0128574 0.997434 34.3127
0.996285 0.0444912 0.0737323 2.88822 -0.0455247 0.998887 0.0123988 -0.114133 -0.0730984 -0.0157095 0.997203 35.023
0.995893 0.0479815 0.076767 2.93075 -0.0493674 0.998647 0.0162608 -0.112073 -0.0758836 -0.0199835 0.996913 35.7254
0.995366 0.052458 0.0805899 2.97287 -0.0540002 0.998395 0.0170795 -0.106695 -0.0795643 -0.0213522 0.996604 36.4148
0.994797 0.0555332 0.0854121 3.01563 -0.0572205 0.998208 0.0174346 -0.0972985 -0.0842915 -0.0222309 0.996191 37.0923
0.994214 0.0582981 0.0902232 3.06044 -0.0602817 0.997993 0.0194197 -0.0905434 -0.0889096 -0.0247462 0.995737 37.7566
0.993485 0.0614956 0.0959722 3.10897 -0.0636919 0.997769 0.0199893 -0.0792069 -0.0945296 -0.0259713 0.995182 38.4077
0.992634 0.063879 0.102943 3.16244 -0.0663022 0.997592 0.0202907 -0.0678645 -0.101399 -0.0269666 0.994485 39.0428
0.991784 0.0664471 0.109329 3.21609 -0.069132 0.997386 0.0209496 -0.059161 -0.107652 -0.0283352 0.993783 39.6631
0.990771 0.0693805 0.116452 3.27305 -0.0722072 0.997184 0.0202301 -0.0512756 -0.11472 -0.0284521 0.992996 40.2649
0.989532 0.0734225 0.124246 3.33336 -0.0763191 0.996907 0.0187109 -0.0470705 -0.122489 -0.0279971 0.992073 40.8492
0.988446 0.0743844 0.132063 3.39496 -0.0773027 0.996858 0.0171041 -0.0426357 -0.130376 -0.0271153 0.991098 41.4177
0.987277 0.0750061 0.140217 3.46017 -0.0780633 0.996811 0.0164247 -0.0382115 -0.13854 -0.0271613 0.989983 41.9678
0.98625 0.0745816 0.147466 3.52842 -0.0779562 0.996806 0.0172318 -0.0360315 -0.145709 -0.0284907 0.988921 42.5016
0.984934 0.075382 0.15564 3.59858 -0.0791074 0.996705 0.0178747 -0.0312876 -0.153781 -0.0299175 0.987651 43.019
0.983219 0.0774132 0.165188 3.67016 -0.0815129 0.996506 0.0181766 -0.029228 -0.163203 -0.0313365 0.9861 43.5165
0.981386 0.0812808 0.174002 3.74324 -0.0855969 0.996175 0.0174338 -0.0270521 -0.17192 -0.0320031 0.984589 43.9969
0.979452 0.0837398 0.183467 3.8196 -0.0884097 0.995933 0.0174114 -0.0255906 -0.181262 -0.0332739 0.982877 44.4581
0.977731 0.0829642 0.192774 3.89749 -0.0880554 0.995952 0.0179794 -0.0232226 -0.190503 -0.0345534 0.981077 44.901
0.975715 0.0816071 0.203271 3.9767 -0.0867814 0.996089 0.0166597 -0.0215716 -0.201116 -0.0338953 0.978986 45.3278
0.973219 0.0810583 0.215121 4.06122 -0.08589 0.996214 0.0131927 -0.0204168 -0.21324 -0.0313158 0.976496 45.7374
0.970164 0.081845 0.228216 4.15066 -0.0862617 0.99623 0.00943071 -0.021162 -0.226582 -0.0288356 0.973571 46.1313
0.966379 0.0823148 0.243593 4.24373 -0.0867788 0.996195 0.0076327 -0.0222646 -0.242041 -0.0285145 0.969844 46.5095
0.962023 0.0829064 0.26007 4.34117 -0.0875612 0.996141 0.00634536 -0.0228998 -0.258538 -0.0288764 0.965575 46.8747
0.957313 0.0827375 0.276961 4.445 -0.0875726 0.996142 0.00511203 -0.0237494 -0.275472 -0.0291477 0.960864 47.2253
0.951964 0.0824312 0.294903 4.55577 -0.087464 0.996162 0.00389449 -0.0280403 -0.293448 -0.0295008 0.955525 47.5629
0.945892 0.0816279 0.314047 4.67163 -0.0868088 0.996218 0.0025226 -0.0323997 -0.312657 -0.0296479 0.9494 47.8898
0.939126 0.0815986 0.333741 4.79356 -0.0869554 0.996213 0.00111816 -0.0368037 -0.332383 -0.0300706 0.94267 48.2045
0.931413 0.0828027 0.35442 4.91882 -0.0882577 0.996094 -0.000776455 -0.0409948 -0.353104 -0.0305569 0.935081 48.5093
0.922516 0.0836256 0.376789 5.05122 -0.0889524 0.996032 -0.00327262 -0.0465225 -0.375565 -0.0304972 0.9263 48.8041
0.912534 0.0843524 0.400205 5.18534 -0.0900705 0.99592 -0.00453827 -0.0545008 -0.39896 -0.0319051 0.916409 49.0921
0.901418 0.085372 0.424449 5.32653 -0.091172 0.995814 -0.00666768 -0.0623972 -0.423239 -0.0326873 0.905433 49.3734
0.88841 0.0872268 0.450683 5.47537 -0.0935063 0.995578 -0.00836407 -0.0732897 -0.449426 -0.0347108 0.892639 49.6471
0.874492 0.0872606 0.477127 5.63122 -0.0934215 0.995568 -0.0108509 -0.0845294 -0.475956 -0.0350848 0.878774 49.9143
0.858685 0.0857167 0.505281 5.79631 -0.0916257 0.9957 -0.0132025 -0.0952643 -0.504247 -0.0349598 0.862848 50.1737
0.840352 0.0837292 0.535538 5.97054 -0.088229 0.995953 -0.0172659 -0.106707 -0.534812 -0.0327404 0.844341 50.4233
0.819604 0.083331 0.566834 6.15223 -0.0862487 0.996031 -0.0217185 -0.12004 -0.566402 -0.031088 0.823539 50.664
0.796758 0.0842209 0.598403 6.34315 -0.0850505 0.996016 -0.0269387 -0.135216 -0.598282 -0.0294307 0.80075 50.899
0.771251 0.0865074 0.630621 6.54304 -0.0856922 0.995809 -0.0318016 -0.152684 -0.630737 -0.029512 0.775432 51.1247
0.743324 0.0879521 0.663129 6.75434 -0.0852513 0.995694 -0.0364994 -0.170923 -0.663478 -0.0294016 0.747624 51.3431
0.712456 0.0899723 0.695919 6.97508 -0.0864159 0.995441 -0.0402267 -0.189689 -0.696375 -0.0314786 0.716984 51.5551
0.67926 0.0927886 0.728014 7.20772 -0.0884648 0.995097 -0.0442892 -0.210716 -0.728548 -0.0343196 0.684141 51.7587
0.643448 0.0928434 0.759834 7.45167 -0.0873467 0.995033 -0.0476147 -0.233008 -0.760491 -0.0357314 0.648362 51.9524
0.604272 0.0905224 0.791626 7.70797 -0.0837422 0.995242 -0.049883 -0.255819 -0.792367 -0.0361495 0.60898 52.1338
0.562853 0.0884513 0.821806 7.97739 -0.0807211 0.995381 -0.0518477 -0.279627 -0.822608 -0.0371544 0.567394 52.304
0.518489 0.0873519 0.850618 8.26099 -0.0773205 0.995487 -0.0550987 -0.303756 -0.851583 -0.0372018 0.522905 52.4631
0.470546 0.0865621 0.878113 8.55766 -0.0733181 0.995564 -0.0588518 -0.328025 -0.879325 -0.0366891 0.474806 52.6088
0.421176 0.0855883 0.902939 8.86794 -0.0695654 0.995658 -0.0619285 -0.354762 -0.904309 -0.0367302 0.425303 52.7402
0.371693 0.0827306 0.924656 9.1909 -0.0667565 0.995817 -0.0622628 -0.380982 -0.925954 -0.0385841 0.375662 52.8577
0.321809 0.0800504 0.943424 9.52514 -0.0652014 0.995934 -0.0622656 -0.407771 -0.944559 -0.0414747 0.325721 52.9601
0.272243 0.0789102 0.958982 9.87155 -0.0655433 0.995832 -0.0633353 -0.436629 -0.959995 -0.0456123 0.276281 53.0475
0.224405 0.0782212 0.971361 10.2299 -0.0605798 0.99597 -0.0662085 -0.465372 -0.972613 -0.0439869 0.228241 53.1178
0.178039 0.0745438 0.981189 10.6002 -0.0512258 0.99647 -0.0664093 -0.495814 -0.98269 -0.0384388 0.18123 53.1706
0.135081 0.0709211 0.988305 10.9839 -0.0394468 0.997035 -0.066157 -0.523064 -0.990052 -0.0300485 0.13748 53.2052
0.0944953 0.0693632 0.993099 11.3796 -0.0313219 0.997276 -0.0666743 -0.550826 -0.995034 -0.0248053 0.0964118 53.222
0.056965 0.0716138 0.995818 11.7865 -0.0266564 0.997185 -0.0701883 -0.580514 -0.998023 -0.0225463 0.0587145 53.2238
0.0245458 0.0724398 0.997063 12.2027 -0.0190339 0.997216 -0.071982 -0.612231 -0.999519 -0.0172112 0.0258578 53.2117
-0.00363343 0.071494 0.997447 12.63 -0.0117916 0.997378 -0.0715327 -0.645565 -0.999927 -0.0120211 -0.0027799 53.1868
-0.0275396 0.0701393 0.997149 13.0698 -0.00574508 0.997499 -0.0703222 -0.679437 -0.999606 -0.00766527 -0.0270663 53.1515
-0.046798 0.0697994 0.996476 13.519 -0.00124256 0.997561 -0.0699345 -0.715243 -0.998906 -0.0045107 -0.0465961 53.1058
-0.0624765 0.0708609 0.995519 13.979 0.000436238 0.997468 -0.0709721 -0.754286 -0.998048 -0.00399973 -0.0623478 53.0511
-0.0753025 0.0710449 0.994639 14.4509 0.00194582 0.997477 -0.071101 -0.793162 -0.997161 -0.00341839 -0.0752497 52.9912
-0.0868648 0.0723399 0.99358 14.9347 0.00296812 0.997363 -0.0723557 -0.831637 -0.996219 -0.0033361 -0.0868491 52.9264
-0.0952323 0.0745592 0.992672 15.4294 0.00805982 0.997225 -0.0741288 -0.871858 -0.995424 0.000941712 -0.0955681 52.8577
-0.101846 0.0759618 0.991886 15.9335 0.0123136 0.997088 -0.0750959 -0.912806 -0.994727 0.0045656 -0.102483 52.786
-0.106404 0.0758878 0.991437 16.4492 0.0122328 0.997112 -0.0750111 -0.956224 -0.994249 0.00414691 -0.107024 52.7102
-0.110169 0.0736878 0.991169 16.9764 0.0106837 0.997268 -0.0729537 -0.998788 -0.99386 0.00255222 -0.110653 52.6341
-0.112125 0.068292 0.991362 17.5171 0.00901368 0.997672 -0.0677089 -1.04004 -0.993655 0.00134429 -0.112479 52.5576
-0.113106 0.0636992 0.991533 18.0709 0.0100253 0.997957 -0.0629683 -1.07941 -0.993537 0.00281837 -0.113512 52.4784
-0.11301 0.0625746 0.99164 18.6369 0.013719 0.998028 -0.0614157 -1.11845 -0.993501 0.00666406 -0.113645 52.3972
-0.11281 0.0643968 0.99152 19.216 0.0165419 0.997873 -0.0629272 -1.15864 -0.993483 0.00930291 -0.113633 52.3176
-0.111719 0.0710509 0.991214 19.8056 0.0170296 0.997441 -0.0695793 -1.20262 -0.993595 0.00910691 -0.112643 52.2372
-0.109649 0.0781874 0.990881 20.4068 0.0166771 0.996897 -0.0768163 -1.25162 -0.993833 0.00810226 -0.110611 52.1576
-0.10766 0.0795322 0.991016 21.0211 0.0185386 0.996792 -0.0779828 -1.29915 -0.994014 0.00997687 -0.108788 52.0808
-0.105256 0.076826 0.991465 21.6484 0.017752 0.99699 -0.0753692 -1.34967 -0.994289 0.00966759 -0.106302 52.0047
-0.10283 0.0718851 0.992111 22.2885 0.0164374 0.997384 -0.0705639 -1.40131 -0.994563 0.00905218 -0.103741 51.9302
-0.100873 0.0707068 0.992375 22.9376 0.0167211 0.997443 -0.0693678 -1.44891 -0.99476 0.00959651 -0.101796 51.8596
-0.0976491 0.0750134 0.992401 23.593 0.020555 0.997111 -0.0733464 -1.50058 -0.995009 0.0132371 -0.0989071 51.7899
-0.0950833 0.0796406 0.99227 24.2539 0.0225965 0.996701 -0.0778308 -1.55541 -0.995214 0.0150216 -0.096568 51.7244
-0.0945368 0.0806584 0.992261 24.9173 0.0180567 0.996702 -0.079299 -1.61228 -0.995358 0.0104206 -0.0956797 51.6593
-0.0914913 0.0784546 0.992702 25.5888 0.013013 0.996891 -0.077586 -1.66788 -0.995722 0.00581983 -0.0922266 51.5987
-0.0874165 0.076219 0.993264 26.2647 0.0148217 0.997073 -0.0752067 -1.72715 -0.996063 0.00814796 -0.0882886 51.5368
-0.086027 0.0776758 0.993252 26.9433 0.0199585 0.996881 -0.0762308 -1.78634 -0.996094 0.013266 -0.0873077 51.475
-0.0829555 0.0817749 0.993206 27.6269 0.0188651 0.996595 -0.080478 -1.85012 -0.996375 0.0120611 -0.084214 51.4147
-0.0801083 0.0840002 0.993232 28.3143 0.0155532 0.996418 -0.0830149 -1.91558 -0.996666 0.008798 -0.0811264 51.3584
-0.077948 0.0838701 0.993435 29.0071 0.013947 0.996465 -0.0830313 -1.98288 -0.99686 0.00738366 -0.0788406 51.3044
-0.0743222 0.0828154 0.993781 29.7027 0.0152304 0.996517 -0.0819037 -2.05597 -0.99712 0.00904861 -0.0753231 51.249
-0.07103 0.0831983 0.99401 30.4031 0.0183568 0.996471 -0.0820922 -2.12866 -0.997305 0.0124162 -0.072305 51.1967
-0.0693918 0.0845208 0.993996 31.1043 0.0204363 0.99631 -0.0832903 -2.2007 -0.997383 0.0145341 -0.0708615 51.1447
-0.0664803 0.0848812 0.99418 31.8114 0.0208666 0.99629 -0.0836656 -2.27361 -0.997569 0.0151834 -0.0680032 51.0943
-0.0636451 0.0845681 0.994377 32.5209 0.0221423 0.996272 -0.0833115 -2.34345 -0.997729 0.0167156 -0.065279 51.0435
-0.0614096 0.0834012 0.994634 33.2333 0.0236835 0.996358 -0.0820837 -2.41189 -0.997831 0.0185159 -0.0631597 50.9914
-0.0592284 0.0845102 0.994655 33.9475 0.0225102 0.996264 -0.0833061 -2.4811 -0.997992 0.017456 -0.0609083 50.9388
-0.0569605 0.0864185 0.99464 34.6657 0.0199501 0.996161 -0.085408 -2.5512 -0.998177 0.0149785 -0.0584644 50.8878
-0.0556022 0.0862409 0.994716 35.3857 0.0212384 0.996135 -0.0851762 -2.62306 -0.99823 0.0163903 -0.0572176 50.8378
-0.0527548 0.0871197 0.994807 36.1106 0.0200902 0.996091 -0.0861663 -2.69558 -0.998404 0.0154404 -0.0542973 50.7901
-0.0525649 0.0876759 0.994755 36.8396 0.0182594 0.996051 -0.0868247 -2.76929 -0.998454 0.0135998 -0.0539569 50.7424
-0.0470005 0.0874577 0.995067 37.5723 0.0164844 0.996105 -0.0867699 -2.84394 -0.998758 0.0123251 -0.0482576 50.7003
-0.045955 0.0885106 0.995009 38.3073 0.0142313 0.996021 -0.0879424 -2.91815 -0.998846 0.0101191 -0.0470303 50.6593
-0.043435 0.0912749 0.994889 39.043 0.012831 0.9958 -0.0907984 -2.99577 -0.998973 0.00882178 -0.0444223 50.6204
-0.0408055 0.093102 0.994812 39.7812 0.0120324 0.995619 -0.0926829 -3.07422 -0.999098 0.00818828 -0.0417455 50.5829
-0.0387816 0.0951123 0.994723 40.5215 0.00739802 0.995474 -0.0948959 -3.15434 -0.99922 0.0036789 -0.0393083 50.5473
-0.0375924 0.0947811 0.994781 41.2641 0.00275115 0.995493 -0.0947442 -3.23425 -0.999293 -0.000824596 -0.0376824 50.514
-0.0347337 0.0941417 0.994966 42.0106 0.00380174 0.995571 -0.0940669 -3.31427 -0.999391 0.000515566 -0.0349364 50.4834
-0.0339094 0.0957192 0.994824 42.7573 0.00393241 0.995404 -0.0956401 -3.39534 -0.999421 0.000669311 -0.0341286 50.4535
-0.0320501 0.0960237 0.994878 43.5077 3.29064e-05 0.995386 -0.0960729 -3.47768 -0.999489 -0.0030462 -0.031904 50.4264
-0.0284568 0.0946418 0.995098 44.2608 -0.000592106 0.995502 -0.0946963 -3.55959 -0.999599 -0.00328362 -0.0282715 50.4014
-0.0250151 0.093938 0.99528 45.0167 0.000353411 0.995587 -0.0939596 -3.64049 -0.999691 -0.00199846 -0.0249365 50.3787
-0.0221512 0.0979681 0.994939 45.7748 -0.00393152 0.995167 -0.0980777 -3.72429 -0.999752 -0.00608374 -0.0216579 50.3603
-0.0168514 0.104773 0.994369 46.5345 -0.00609247 0.994476 -0.104889 -3.81444 -0.999844 -0.00782546 -0.0161184 50.3472
-0.010516 0.108477 0.994039 47.2947 -0.00858779 0.994047 -0.108568 -3.90563 -0.999913 -0.00967785 -0.0095207 50.3386
-0.00462329 0.110839 0.993841 48.0576 -0.0123102 0.993768 -0.110889 -3.99952 -0.999918 -0.0127469 -0.00322847 50.3362
0.00155662 0.109661 0.993964 48.8208 -0.0167231 0.993829 -0.10962 -4.09246 -0.999865 -0.016451 0.00338195 50.3389
0.00894614 0.108109 0.994113 49.5883 -0.0179783 0.994006 -0.107936 -4.18525 -0.999803 -0.0169065 0.0108377 50.3475
0.0155923 0.105984 0.994243 50.3616 -0.0196561 0.994205 -0.105671 -4.28102 -0.99969 -0.0178947 0.0175861 50.3608
0.0240566 0.101507 0.99456 51.1444 -0.0210009 0.994678 -0.101012 -4.37246 -0.999496 -0.0184563 0.0260617 50.3811
0.031963 0.0962401 0.994842 51.9356 -0.023096 0.995156 -0.0955281 -4.46086 -0.999227 -0.019923 0.0340317 50.4056
0.0398222 0.0934824 0.994842 52.7306 -0.0229348 0.995453 -0.0926225 -4.54645 -0.998949 -0.0191277 0.0417866 50.4343
0.048288 0.0953378 0.99427 53.5266 -0.0228913 0.995275 -0.0943222 -4.63321 -0.998576 -0.018205 0.050243 50.4709
0.0557898 0.100458 0.993394 54.3222 -0.0229768 0.994808 -0.0993116 -4.72282 -0.998183 -0.0172841 0.0578095 50.5122
0.0603138 0.104624 0.992678 55.1186 -0.023264 0.994365 -0.103388 -4.81253 -0.997913 -0.0168575 0.0624086 50.5576
0.0664152 0.1066 0.9921 55.9161 -0.0235509 0.994184 -0.105248 -4.90377 -0.99752 -0.0163743 0.0685405 50.6098
0.0713529 0.107735 0.991612 56.7131 -0.0270637 0.993989 -0.106045 -4.99612 -0.997089 -0.0192695 0.0738403 50.6643
0.0758649 0.104803 0.991614 57.5106 -0.0255052 0.994357 -0.103143 -5.08677 -0.996798 -0.0174659 0.0781106 50.7229
0.0823556 0.0999108 0.991579 58.3084 -0.0234427 0.994878 -0.0982959 -5.17227 -0.996332 -0.0151495 0.0842764 50.7859
0.0858694 0.093951 0.991884 59.1075 -0.0242898 0.995459 -0.0921878 -5.25168 -0.996017 -0.0161761 0.0877624 50.8518
0.0889117 0.0910284 0.991868 59.9067 -0.0275727 0.995656 -0.0889041 -5.32797 -0.995663 -0.0194432 0.0910355 50.9206
0.0930986 0.0900293 0.991596 60.7034 -0.0286912 0.995745 -0.0877134 -5.40411 -0.99525 -0.0202836 0.0952865 50.9937
0.0948421 0.0920503 0.991225 61.4957 -0.0320019 0.995479 -0.0893833 -5.4791 -0.994984 -0.0232429 0.0973593 51.0682
0.0974723 0.0949882 0.990715 62.2824 -0.034303 0.995177 -0.0920427 -5.55536 -0.994653 -0.0250122 0.100262 51.1474
0.0999209 0.0981018 0.990146 63.0646 -0.0348718 0.994858 -0.0950496 -5.63178 -0.99439 -0.02503 0.102828 51.2291
0.102553 0.102248 0.98948 63.8371 -0.0349812 0.994472 -0.0991405 -5.71096 -0.994118 -0.0244453 0.105564 51.315
0.106048 0.103274 0.988982 64.6014 -0.0343398 0.994376 -0.100155 -5.79225 -0.993774 -0.0233395 0.108998 51.4005
0.108782 0.102847 0.988754 65.3592 -0.0363212 0.994394 -0.0994395 -5.87304 -0.993409 -0.0250948 0.111909 51.487
0.110092 0.10085 0.988793 66.1115 -0.0372815 0.994557 -0.097287 -5.95197 -0.993228 -0.0261525 0.113253 51.5735
0.113567 0.0994132 0.988565 66.8578 -0.0379255 0.994704 -0.0956752 -6.02889 -0.992814 -0.0266255 0.116737 51.6625
0.11452 0.0983123 0.988546 67.598 -0.0371361 0.994818 -0.0946344 -6.10402 -0.992734 -0.0258725 0.117578 51.7501
0.114847 0.0975032 0.988606 68.3299 -0.0369387 0.994915 -0.0938357 -6.17749 -0.992704 -0.0257403 0.117866 51.8377
0.115402 0.0982444 0.988451 69.0543 -0.0388696 0.99478 -0.0943359 -6.25173 -0.992565 -0.0275334 0.118618 51.9232
0.114265 0.100838 0.988336 69.7703 -0.0380131 0.99456 -0.0970796 -6.32733 -0.992729 -0.0264761 0.117478 52.0085
0.114667 0.105332 0.987807 70.4769 -0.0387468 0.994078 -0.101503 -6.40648 -0.992653 -0.0266344 0.11807 52.0928
0.114606 0.106675 0.98768 71.1788 -0.0382662 0.993961 -0.102914 -6.48765 -0.992679 -0.0259995 0.117997 52.1755
0.113525 0.106562 0.987807 71.8723 -0.0394188 0.993928 -0.102693 -6.56745 -0.992758 -0.027279 0.117037 52.261
0.113127 0.103496 0.988186 72.5543 -0.0408959 0.994206 -0.0994468 -6.6394 -0.992743 -0.0291619 0.116705 52.3522
0.112937 0.101267 0.988433 73.2302 -0.0392122 0.99447 -0.0974067 -6.71022 -0.992833 -0.0277569 0.116284 52.4446
0.112117 0.0995942 0.9887 73.8978 -0.0356061 0.994735 -0.0961649 -6.7797 -0.993061 -0.0244214 0.115074 52.5344
0.112091 0.101106 0.988547 74.5543 -0.0326577 0.994647 -0.0980281 -6.84824 -0.993165 -0.0212948 0.114794 52.623
0.11161 0.103757 0.988329 75.2008 -0.029108 0.994455 -0.101113 -6.92062 -0.993329 -0.0174825 0.114013 52.7134
0.110268 0.105676 0.988275 75.8407 -0.0308031 0.994215 -0.102876 -6.99192 -0.993427 -0.0190971 0.112886 52.8001
0.111034 0.108098 0.987926 76.4706 -0.0312693 0.993958 -0.105244 -7.06507 -0.993328 -0.0192055 0.113745 52.8905
0.110548 0.107479 0.988048 77.095 -0.030549 0.994031 -0.104713 -7.13558 -0.993404 -0.0186073 0.113173 52.9824
0.111774 0.106635 0.988 77.7157 -0.0258853 0.994203 -0.104377 -7.20512 -0.993399 -0.0139075 0.113888 53.0754
0.116099 0.104987 0.987679 78.3302 -0.0214312 0.99443 -0.103186 -7.27323 -0.99301 -0.0091865 0.117703 53.1721
0.117887 0.105259 0.987438 78.9432 -0.0197312 0.994419 -0.103649 -7.34227 -0.992834 -0.00726404 0.119307 53.2667
0.120632 0.105205 0.987112 79.5533 -0.0220387 0.994404 -0.10329 -7.41042 -0.992455 -0.00929376 0.122277 53.3642
0.126853 0.106055 0.986241 80.1606 -0.0250719 0.994293 -0.103697 -7.47731 -0.991607 -0.011572 0.12879 53.4657
0.133895 0.105562 0.985362 80.7673 -0.0245168 0.994357 -0.103195 -7.54581 -0.990694 -0.0103398 0.135728 53.5683
0.141573 0.105599 0.984284 81.3728 -0.0259267 0.994349 -0.102951 -7.61372 -0.989591 -0.0109437 0.143513 53.6786
0.149739 0.10487 0.983154 81.9787 -0.0273811 0.994416 -0.101902 -7.68199 -0.988349 -0.0116602 0.151775 53.7948
0.158255 0.104462 0.981863 82.5831 -0.030341 0.994433 -0.10091 -7.74797 -0.986935 -0.0138207 0.160545 53.9192
0.166488 0.104339 0.980513 83.1884 -0.0326825 0.99442 -0.100271 -7.81427 -0.985504 -0.0153507 0.168971 54.0485
0.175837 0.106723 0.978623 83.7929 -0.0375224 0.994111 -0.101671 -7.88095 -0.983708 -0.0188423 0.178807 54.1856
0.180713 0.107814 0.977614 84.397 -0.0387033 0.99398 -0.102466 -7.94824 -0.982777 -0.0193191 0.183799 54.3257
0.191197 0.109799 0.975398 85.0015 -0.0420851 0.993729 -0.103614 -8.01708 -0.980653 -0.0212385 0.19462 54.4728
0.201277 0.110698 0.973264 85.6071 -0.0426246 0.993639 -0.104203 -8.08789 -0.97861 -0.0205106 0.204716 54.6257
0.21041 0.11207 0.971176 86.2168 -0.0456127 0.99345 -0.10476 -8.158 -0.976553 -0.0222548 0.214145 54.784
0.219344 0.112329 0.969163 86.8282 -0.0466238 0.993417 -0.10459 -8.22762 -0.974536 -0.022244 0.223138 54.9497
0.228192 0.113439 0.966993 87.4424 -0.0508955 0.99322 -0.104506 -8.29591 -0.97229 -0.0253675 0.23242 55.1232
0.239784 0.110637 0.964507 88.0593 -0.0524728 0.993507 -0.100921 -8.36251 -0.96941 -0.0264103 0.244034 55.303
0.24815 0.103718 0.963163 88.6823 -0.0481893 0.994343 -0.0946619 -8.42619 -0.967528 -0.0229232 0.251746 55.4884
0.258447 0.101065 0.960732 89.3118 -0.0487991 0.994606 -0.0915028 -8.48649 -0.964796 -0.0232333 0.261986 55.6782
0.268504 0.0975225 0.95834 89.9473 -0.047336 0.994996 -0.087992 -8.54491 -0.962121 -0.0217372 0.271778 55.8743
0.276563 0.0957129 0.956226 90.5868 -0.0428594 0.995263 -0.0872269 -8.60537 -0.960044 -0.0168585 0.279357 56.0742
0.284592 0.0944602 0.953994 91.2298 -0.0398442 0.995439 -0.0866794 -8.66286 -0.957827 -0.0133423 0.287059 56.2814
0.291994 0.0862577 0.952533 91.8818 -0.0309079 0.996253 -0.0807449 -8.71696 -0.955926 -0.00586286 0.293567 56.4929
0.296082 0.0821444 0.951634 92.5454 -0.0247918 0.996621 -0.0783156 -8.7704 -0.954849 -0.000404213 0.297119 56.7094
0.302749 0.0826433 0.949491 93.213 -0.0227396 0.996575 -0.0794933 -8.82263 -0.952805 0.00247644 0.303592 56.9356
0.307214 0.0876401 0.947608 93.8865 -0.0201888 0.996128 -0.0855838 -8.8802 -0.951435 0.00716213 0.307794 57.1634
0.313106 0.0923136 0.945231 94.5626 -0.0158507 0.995633 -0.091988 -8.94258 -0.949592 0.0138204 0.313202 57.3967
0.317205 0.092926 0.943806 95.2418 -0.0163629 0.995577 -0.0925256 -9.00494 -0.948225 0.0139067 0.317324 57.6364
0.318928 0.0941805 0.943098 95.9255 -0.0217168 0.995515 -0.0920736 -9.06637 -0.947535 0.00888487 0.319544 57.8803
0.321798 0.0946575 0.942077 96.6116 -0.0260379 0.9955 -0.0911328 -9.12906 -0.946458 0.00479711 0.322815 58.1282
0.324674 0.0969633 0.940854 97.299 -0.0253509 0.995265 -0.0938256 -9.19473 -0.945491 0.00661234 0.325597 58.3768
0.326975 0.100155 0.939724 97.9883 -0.0271825 0.994956 -0.0965854 -9.26245 -0.944655 0.00603736 0.328047 58.6274
0.330018 0.101647 0.938497 98.6772 -0.0290817 0.994809 -0.0975224 -9.33042 -0.94353 0.00489214 0.331262 58.8817
0.33303 0.100119 0.937601 99.3647 -0.0286486 0.994964 -0.0960712 -9.39849 -0.942495 0.00513399 0.33422 59.1381
0.334077 0.0942774 0.937831 100.053 -0.0254816 0.995525 -0.0910028 -9.46358 -0.942205 0.00650551 0.334985 59.3951
0.337966 0.0940354 0.936463 100.74 -0.0271043 0.995558 -0.0901898 -9.52719 -0.940782 0.0050992 0.339012 59.653
0.340558 0.0906733 0.935853 101.426 -0.0242185 0.995856 -0.0876764 -9.58924 -0.939915 0.00719495 0.341343 59.9125
0.344692 0.0916785 0.934242 102.106 -0.0263241 0.995775 -0.0880063 -9.6507 -0.938365 0.00574229 0.345645 60.174
0.34803 0.0912508 0.933043 102.783 -0.0244624 0.995799 -0.0882662 -9.71356 -0.937167 0.00789588 0.348801 60.4376
0.350749 0.0890823 0.932236 103.454 -0.0215316 0.995971 -0.0870736 -9.77638 -0.936237 0.0104686 0.351252 60.7003
0.352642 0.0870131 0.931717 104.123 -0.0181964 0.996118 -0.0861435 -9.8389 -0.935584 0.0134248 0.352858 60.9623
0.355373 0.0872177 0.930661 104.787 -0.0193556 0.996111 -0.0859629 -9.90132 -0.934543 0.0125356 0.355676 61.2268
0.358327 0.086654 0.92958 105.446 -0.0172767 0.996128 -0.0862013 -9.964 -0.933439 0.0148292 0.358439 61.4919
0.361585 0.0883294 0.92816 106.1 -0.018172 0.995981 -0.0877068 -10.0276 -0.932182 0.0148471 0.361734 61.7575
0.366425 0.0888131 0.926213 106.747 -0.0162961 0.995894 -0.0890511 -10.0913 -0.930308 0.017538 0.36637 62.0271
0.370986 0.0868009 0.924588 107.391 -0.013025 0.996011 -0.0882824 -10.1543 -0.928567 0.0207089 0.370634 62.2969
0.375487 0.0863787 0.922807 108.029 -0.0105631 0.995982 -0.0889335 -10.2171 -0.92677 0.0236468 0.374893 62.57
0.381854 0.0842717 0.920386 108.658 -0.00899724 0.996126 -0.0874761 -10.2789 -0.924198 0.0251223 0.38113 62.847
0.387597 0.0832461 0.918075 109.282 -0.00788175 0.996177 -0.0870037 -10.3401 -0.921797 0.0264875 0.386774 63.1268
0.39288 0.0823616 0.915907 109.901 -0.00738416 0.996231 -0.0864194 -10.4004 -0.919579 0.0271894 0.392004 63.4076
0.399224 0.0817744 0.913211 110.511 -0.00546556 0.996208 -0.0868205 -10.4604 -0.916838 0.0296709 0.39816 63.6931
0.404876 0.0824075 0.910664 111.118 -0.00635773 0.99616 -0.0873198 -10.5209 -0.914369 0.0295641 0.403841 63.9795
0.411543 0.081535 0.907747 111.718 -0.00411873 0.996145 -0.087611 -10.581 -0.911383 0.0323182 0.410295 64.2686
0.418858 0.0841915 0.904154 112.312 -0.00653476 0.995947 -0.0897138 -10.6416 -0.908047 0.0316691 0.417706 64.5615
0.426313 0.0895277 0.900146 112.898 -0.0104502 0.995512 -0.0940666 -10.7047 -0.904515 0.0306964 0.425339 64.8586
0.43355 0.0955178 0.896067 113.476 -0.0156938 0.995017 -0.0984743 -10.7698 -0.901012 0.0286312 0.432884 65.1592
0.441439 0.101424 0.891552 114.046 -0.0218285 0.994513 -0.102331 -10.8373 -0.897026 0.0257132 0.441233 65.4646
0.448597 0.106311 0.887402 114.611 -0.0252505 0.994013 -0.10632 -10.9066 -0.893396 0.0252878 0.448591 65.7734
0.455799 0.10662 0.883685 115.171 -0.0285289 0.994044 -0.105222 -10.9753 -0.889626 0.022751 0.456127 66.0871
0.46163 0.105009 0.880848 115.727 -0.0340952 0.994336 -0.100672 -11.041 -0.886436 0.0164411 0.46259 66.4045
0.467413 0.102496 0.878088 116.279 -0.0381875 0.994674 -0.0957797 -11.1043 -0.883215 0.0112381 0.468839 66.7263
0.474342 0.100143 0.874639 116.83 -0.0452189 0.99497 -0.0893988 -11.1631 -0.879198 0.00285612 0.476479 67.0529
0.480595 0.0982406 0.871436 117.378 -0.0464594 0.995168 -0.0865696 -11.2212 -0.875712 0.00111993 0.482839 67.3838
0.48416 0.100819 0.869165 117.925 -0.0495889 0.994905 -0.0877839 -11.2799 -0.873592 -0.000598557 0.486688 67.7168
0.49029 0.105051 0.865219 118.47 -0.0538426 0.994469 -0.0902356 -11.3395 -0.869896 -0.00234267 0.493236 68.0548
0.495679 0.107408 0.861852 119.013 -0.0568418 0.994208 -0.0912135 -11.3995 -0.866663 -0.00377573 0.498908 68.3964
0.50107 0.109041 0.858523 119.555 -0.0582407 0.994035 -0.0922628 -11.4604 -0.863446 -0.00376946 0.504434 68.7418
0.508186 0.10997 0.85421 120.094 -0.0603564 0.993923 -0.092052 -11.5216 -0.859149 -0.00477646 0.51173 69.0927
0.514476 0.111557 0.85023 120.635 -0.0636145 0.993743 -0.0918949 -11.583 -0.855143 -0.00680782 0.518354 69.4482
0.520638 0.109979 0.846677 121.178 -0.063378 0.99391 -0.0901346 -11.6442 -0.851441 -0.00673232 0.524432 69.8087
0.529409 0.107752 0.841509 121.72 -0.0635209 0.994159 -0.0873377 -11.7035 -0.845986 -0.00721463 0.533162 70.176
0.537266 0.107044 0.836605 122.263 -0.0635889 0.99423 -0.0863783 -11.7623 -0.841032 -0.00678978 0.540968 70.5498
0.544543 0.109468 0.831571 122.807 -0.0675377 0.99396 -0.0866194 -11.8202 -0.836011 -0.00899311 0.548646 70.9299
0.552781 0.109598 0.8261 123.351 -0.0682144 0.993936 -0.0862223 -11.8786 -0.830549 -0.00868906 0.5569 71.3177
0.559874 0.110252 0.821222 123.896 -0.0699883 0.99387 -0.0857156 -11.9365 -0.825619 -0.00948465 0.564156 71.7127
0.565436 0.108231 0.817673 124.441 -0.068084 0.994093 -0.0845048 -11.995 -0.821996 -0.00788771 0.569459 72.1127
0.570161 0.106464 0.814618 124.99 -0.0667654 0.994303 -0.0832184 -12.0532 -0.818817 -0.0069391 0.574019 72.5175
0.573904 0.104559 0.812234 125.54 -0.0634005 0.994509 -0.0832302 -12.1114 -0.816486 -0.00372925 0.577376 72.9259
0.578103 0.1017 0.809613 126.093 -0.0591101 0.994826 -0.0827591 -12.1696 -0.813821 -1.16592e-05 0.581122 73.338
0.582238 0.0958156 0.807367 126.649 -0.0522714 0.995385 -0.0804365 -12.2267 -0.811358 0.00463132 0.584554 73.7546
0.586271 0.0902905 0.805079 127.208 -0.04652 0.995893 -0.0778147 -12.2816 -0.808779 0.00816955 0.588062 74.1757
0.589954 0.0844146 0.803027 127.769 -0.0405785 0.99636 -0.0749294 -12.3352 -0.806438 0.0116195 0.591227 74.6012
0.593471 0.0833577 0.800539 128.332 -0.0395874 0.996451 -0.0744109 -12.3868 -0.803883 0.0124709 0.594663 75.0317
0.596113 0.084421 0.798467 128.897 -0.0418725 0.996369 -0.0740876 -12.4386 -0.801833 0.0107311 0.597477 75.4667
0.601404 0.0852536 0.794395 129.464 -0.043657 0.996321 -0.0738742 -12.4893 -0.797753 0.0097487 0.602912 75.9082
0.605644 0.0869393 0.790989 130.031 -0.0475781 0.99619 -0.0730671 -12.5398 -0.794337 0.00661945 0.607465 76.356
0.610472 0.0852209 0.787451 130.599 -0.0494763 0.996365 -0.069475 -12.5881 -0.790493 0.0034536 0.612468 76.8086
0.615865 0.0817674 0.783614 131.17 -0.0506023 0.99665 -0.0642303 -12.6318 -0.78625 -9.47757e-05 0.617932 77.2683
0.620697 0.0760479 0.780366 131.744 -0.0497898 0.997109 -0.0575686 -12.6724 -0.78247 -0.0031204 0.622688 77.7347
0.626828 0.07222 0.775822 132.319 -0.0474215 0.997386 -0.0545334 -12.7098 -0.777739 -0.00260688 0.628605 78.2095
0.632658 0.0697429 0.771296 132.897 -0.0442877 0.997577 -0.0538777 -12.7478 -0.773165 -7.15428e-05 0.634212 78.6916
0.639342 0.0692024 0.765821 133.478 -0.0379826 0.99757 -0.058437 -12.789 -0.76801 0.00827391 0.640409 79.182
0.643922 0.0737898 0.761535 134.06 -0.037154 0.997191 -0.0652088 -12.8349 -0.764189 0.0136966 0.644852 79.6803
0.649613 0.075323 0.756545 134.646 -0.0349644 0.99699 -0.0692419 -12.8842 -0.759488 0.0185285 0.650281 80.1869
0.654958 0.0746909 0.751976 135.234 -0.0357922 0.997064 -0.0678609 -12.9299 -0.754818 0.0175324 0.655706 80.7023
0.659721 0.0690858 0.748349 135.826 -0.029321 0.997377 -0.0662292 -12.9781 -0.750965 0.0217504 0.660006 81.2247
0.662754 0.067542 0.745796 136.425 -0.0274746 0.997456 -0.065919 -13.0236 -0.748335 0.0231987 0.662921 81.756
0.667051 0.0681955 0.741907 137.028 -0.0245448 0.997275 -0.0696028 -13.0738 -0.74464 0.0282182 0.666895 82.2948
0.668876 0.0689296 0.740185 137.638 -0.0233169 0.997159 -0.0717908 -13.1247 -0.74301 0.0307613 0.668583 82.8397
0.672511 0.0636408 0.73737 138.247 -0.0179709 0.997408 -0.0696962 -13.1746 -0.739905 0.0336195 0.671898 83.3912
0.674315 0.056546 0.736292 138.861 -0.0124863 0.997808 -0.0651964 -13.2216 -0.73834 0.0347702 0.673543 83.9479
0.674779 0.0518838 0.736217 139.477 -0.00796871 0.997981 -0.0630296 -13.2685 -0.738009 0.0366637 0.673818 84.5079
0.675702 0.0478732 0.735636 140.1 -0.00377782 0.998116 -0.0614865 -13.3145 -0.737169 0.0387684 0.674608 85.0719
0.67459 0.0446646 0.73686 140.725 -0.000778981 0.998211 -0.0597949 -13.3594 -0.73822 0.0397625 0.673408 85.639
0.672819 0.047088 0.738323 141.358 -0.00457417 0.99823 -0.0594974 -13.4028 -0.739798 0.0366546 0.671842 86.2068
0.671821 0.0439213 0.739427 141.993 -2.98256e-05 0.998242 -0.0592689 -13.4493 -0.740738 0.0397955 0.670632 86.7766
0.668372 0.0473958 0.742332 142.634 -0.00371973 0.99818 -0.0603833 -13.4954 -0.743822 0.0375979 0.667331 87.3468
0.666329 0.0487246 0.744082 143.277 -0.00590627 0.998176 -0.0600758 -13.5421 -0.745662 0.0356349 0.665391 87.9166
0.662192 0.0511897 0.747601 143.926 -0.00976577 0.99818 -0.0596985 -13.5869 -0.749276 0.0322316 0.661486 88.4855
0.658346 0.0521541 0.750924 144.579 -0.0116887 0.998186 -0.0590811 -13.6315 -0.752651 0.030118 0.657751 89.0529
0.654599 0.0516138 0.754228 145.236 -0.0121203 0.998267 -0.0577956 -13.6756 -0.755883 0.0286923 0.654089 89.6213
0.652302 0.0501247 0.756316 145.894 -0.0119634 0.998369 -0.05585 -13.719 -0.75789 0.0273826 0.651827 90.1885
0.648889 0.0462923 0.75949 146.557 -0.00771926 0.99851 -0.0542669 -13.7614 -0.760849 0.0293513 0.648277 90.7544
0.646143 0.0475933 0.761749 147.221 -0.00655265 0.998365 -0.0568201 -13.8078 -0.763213 0.031722 0.645389 91.3195
0.640346 0.0570736 0.76598 147.893 -0.0116545 0.997855 -0.0646086 -13.8586 -0.768003 0.0324455 0.639636 91.8826
0.636208 0.0621575 0.769028 148.57 -0.0149974 0.99756 -0.0682235 -13.9135 -0.771396 0.0318704 0.635578 92.4451
0.632816 0.0588045 0.772085 149.248 -0.0128565 0.997784 -0.0654584 -13.9683 -0.774201 0.0314977 0.632169 93.0083
0.630093 0.0569752 0.774443 149.929 -0.0173033 0.998089 -0.0593525 -14.0192 -0.77635 0.0239968 0.629865 93.5698
0.625641 0.0537919 0.778274 150.614 -0.0180588 0.998362 -0.0544882 -14.0653 -0.779908 0.0200363 0.625587 94.1309
0.621916 0.0531806 0.781291 151.304 -0.0172643 0.998382 -0.0542166 -14.113 -0.782915 0.0202295 0.621819 94.6895
0.619023 0.0491401 0.783853 151.997 -0.0132198 0.998561 -0.0521621 -14.1605 -0.785267 0.021928 0.618782 95.2478
0.615302 0.0479907 0.786845 152.695 -0.0104205 0.998555 -0.0527562 -14.209 -0.788245 0.0242615 0.614903 95.8014
0.61301 0.0486389 0.788594 153.393 -0.00904617 0.998481 -0.0545538 -14.2603 -0.790029 0.0263091 0.612518 96.3535
0.609541 0.0477162 0.791333 154.095 -0.00647134 0.998455 -0.0552223 -14.3117 -0.792751 0.0285388 0.608899 96.9017
0.604559 0.045906 0.795255 154.802 -0.00471493 0.998539 -0.0540576 -14.3618 -0.796552 0.0289321 0.603891 97.447
0.600275 0.0467812 0.798439 155.512 -0.0072 0.998564 -0.0530955 -14.41 -0.799784 0.0261228 0.599741 97.987
0.594655 0.0486244 0.802528 156.227 -0.00855024 0.998508 -0.0541646 -14.4599 -0.803941 0.0253482 0.594182 98.5231
0.587839 0.0492567 0.807492 156.949 -0.00810597 0.998454 -0.0550062 -14.5113 -0.80896 0.0257888 0.587321 99.0535
0.581967 0.0529022 0.81151 157.676 -0.00907267 0.998256 -0.0585712 -14.5674 -0.813168 0.0267248 0.58143 99.5798
0.576169 0.0583058 0.815264 158.405 -0.0126399 0.997971 -0.0624415 -14.6262 -0.817256 0.0256715 0.575728 100.102
0.568318 0.0596387 0.820665 159.143 -0.0118247 0.997873 -0.0643293 -14.6861 -0.82273 0.0268563 0.567812 100.617
0.561332 0.0536635 0.825865 159.887 -0.0113321 0.998303 -0.0571679 -14.739 -0.827536 0.022731 0.560978 101.129
0.553452 0.0499524 0.831402 160.638 -0.0149604 0.998649 -0.0500434 -14.7837 -0.832752 0.0152595 0.55345 101.635
0.543912 0.0450763 0.837946 161.395 -0.0128876 0.998888 -0.0453708 -14.8247 -0.839066 0.0138782 0.543881 102.134
0.537229 0.0448745 0.842261 162.156 -0.0149729 0.998948 -0.0436734 -14.8638 -0.843308 0.0108523 0.537334 102.629
0.528069 0.0471478 0.847907 162.923 -0.0150833 0.998821 -0.046148 -14.9053 -0.84909 0.0115797 0.528151 103.116
0.518991 0.0486118 0.853416 163.694 -0.00884697 0.998648 -0.0515056 -14.9534 -0.854739 0.0191817 0.518717 103.594
0.511539 0.0566324 0.857408 164.471 -0.00965396 0.998142 -0.0601709 -15.0077 -0.859227 0.0225018 0.51113 104.064
0.503138 0.0605916 0.8621 165.252 -0.00744018 0.997822 -0.0657896 -15.0672 -0.86418 0.026688 0.502489 104.525
0.494119 0.0564787 0.867574 166.041 -0.00413858 0.998031 -0.0626166 -15.1241 -0.869406 0.0273488 0.493374 104.974
0.485224 0.0550756 0.872674 166.834 -0.000657907 0.998052 -0.0626239 -15.1819 -0.874395 0.0298134 0.484313 105.415
0.476744 0.0546803 0.877354 167.633 -0.00145296 0.998112 -0.061419 -15.2385 -0.879061 0.0280058 0.475918 105.849
0.469001 0.0568867 0.881385 168.436 -0.00253745 0.998019 -0.063066 -15.2981 -0.883199 0.0273424 0.468215 106.277
0.462221 0.0577532 0.884894 169.244 -0.000413143 0.99789 -0.0649141 -15.3591 -0.886784 0.0296385 0.461265 106.7
0.4567 0.0522291 0.888107 170.055 0.0036138 0.998171 -0.060562 -15.4167 -0.889618 0.030869 0.455675 107.117
0.450544 0.0499197 0.891371 170.869 0.00633862 0.998229 -0.0591104 -15.474 -0.892752 0.0322812 0.449426 107.529
0.444897 0.0482217 0.894304 171.686 0.0056655 0.998392 -0.0566544 -15.5285 -0.895568 0.0302728 0.443907 107.935
0.438431 0.047388 0.897528 172.506 0.00551531 0.998446 -0.0554129 -15.582 -0.898768 0.0292442 0.437485 108.336
0.433835 0.0502289 0.899613 173.324 0.0071056 0.998235 -0.059164 -15.6391 -0.900969 0.0320603 0.432712 108.735
0.431704 0.0552256 0.900336 174.139 0.00646211 0.997907 -0.0643114 -15.7016 -0.902011 0.033581 0.430441 109.134
0.42832 0.0570947 0.901844 174.953 0.00532111 0.997838 -0.0657011 -15.7656 -0.903616 0.0329405 0.427091 109.53
0.424825 0.0529063 0.903741 175.767 0.00653497 0.998084 -0.0615035 -15.827 -0.905271 0.0320335 0.423662 109.923
