1 0 0 0 0 1 0 0 0 0 1 0
0.998173 -0.00263037 -0.0603694 -0.0033 0.00246066 0.999994 -0.00288273 0.00181659 0.0603765 0.00272888 0.998173 0.0237792
0.994413 -0.00239263 -0.105537 -0.0114838 0.00190679 0.999988 -0.0047046 0.00405678 0.105547 0.00447704 0.994405 0.064836
0.989214 -0.00315905 -0.146456 -0.0241239 0.00199367 0.999965 -0.00810128 0.00669411 0.146476 0.00772173 0.989186 0.123908
0.983999 -0.00492999 -0.178115 -0.0415667 0.0027674 0.999921 -0.0123888 0.0095056 0.178162 0.0116977 0.983934 0.201344
0.977998 -0.0039407 -0.208591 -0.0656902 0.000695966 0.999879 -0.0156261 0.0134463 0.208627 0.0151371 0.977881 0.299888
0.97216 -0.00275836 -0.234312 -0.0961203 -0.00125967 0.999855 -0.0169979 0.0169235 0.234325 0.0168198 0.972015 0.419871
0.971292 -0.00321492 -0.237879 -0.12998 -0.00182966 0.999779 -0.0209823 0.0204521 0.237893 0.0208152 0.971071 0.563859
0.968481 -0.0045175 -0.249058 -0.168426 -0.00263614 0.999595 -0.0283836 0.021795 0.249085 0.0281456 0.968076 0.738191
0.963543 -0.00298466 -0.267547 -0.212925 -0.00638105 0.999398 -0.0341291 0.0227285 0.267488 0.0345921 0.962941 0.946531
0.961185 -0.00311566 -0.2759 -0.260748 -0.00981286 0.99892 -0.045469 0.0188461 0.275743 0.0464115 0.960115 1.19287
0.95978 0.000371272 -0.280764 -0.307328 -0.0154444 0.998556 -0.0514751 0.0113761 0.28034 0.0537409 0.958397 1.48428
0.9611 -0.000666982 -0.276212 -0.350662 -0.0148025 0.998437 -0.0539204 0.0025936 0.275816 0.0559114 0.959588 1.8217
0.960933 -0.00304585 -0.276779 -0.391513 -0.0132022 0.998298 -0.0568218 -0.0106215 0.276481 0.058256 0.959253 2.21043
0.956721 -0.00344211 -0.291 -0.4318 -0.0136507 0.9983 -0.0566909 -0.0239661 0.290699 0.0582093 0.955047 2.65413
0.947773 -0.00638527 -0.318895 -0.478629 -0.0153288 0.997733 -0.0655363 -0.0451879 0.318591 0.0670019 0.945522 3.14929
0.937157 -0.00766975 -0.348836 -0.541796 -0.0182507 0.997313 -0.070962 -0.0652421 0.348442 0.0728687 0.934498 3.68445
0.922744 -0.00627546 -0.385373 -0.634295 -0.0251607 0.996754 -0.0764773 -0.0847346 0.384603 0.080265 0.919587 4.25219
0.905948 -0.0043565 -0.423378 -0.775549 -0.032168 0.996349 -0.0790888 -0.106326 0.422177 0.085269 0.902498 4.84234
0.888717 0.000321197 -0.458467 -0.981798 -0.0388409 0.996457 -0.0745942 -0.124821 0.45682 0.0841 0.885576 5.44358
0.871829 0.00388847 -0.489805 -1.24252 -0.0463941 0.996129 -0.0746741 -0.153137 0.487617 0.0878265 0.868635 6.05719
0.859025 0.00628476 -0.511905 -1.56043 -0.0513668 0.995936 -0.0739724 -0.186312 0.509361 0.0898383 0.855852 6.6905
0.845745 0.00688414 -0.533554 -1.93721 -0.0552836 0.995668 -0.0747873 -0.225034 0.530725 0.092747 0.84246 7.3493
0.833715 0.00990237 -0.552117 -2.36556 -0.0598602 0.995567 -0.0725365 -0.271336 0.548953 0.0935236 0.830608 8.0278
0.818151 0.0109856 -0.574909 -2.84402 -0.0647385 0.995223 -0.0731149 -0.322476 0.571355 0.097037 0.814952 8.728
0.806602 0.0128931 -0.590965 -3.3588 -0.0680647 0.995137 -0.071191 -0.377891 0.587175 0.0976454 0.803553 9.45021
0.797621 0.0162497 -0.602951 -3.90472 -0.0714643 0.995147 -0.0677209 -0.437791 0.598919 0.0971045 0.794908 10.1921
0.798199 0.0177336 -0.602142 -4.46953 -0.0716144 0.99527 -0.0656218 -0.500037 0.598132 0.0955001 0.79569 10.9578
0.79969 0.0194657 -0.60011 -5.0474 -0.0720718 0.995367 -0.0637583 -0.560832 0.596079 0.0942373 0.797387 11.743
0.803276 0.0207125 -0.595259 -5.63788 -0.073995 0.995122 -0.0652281 -0.623621 0.591006 0.096441 0.800886 12.5503
0.808166 0.0217781 -0.588566 -6.23686 -0.0748835 0.995012 -0.0660096 -0.689194 0.584183 0.0974197 0.805765 13.3761
0.812223 0.0207953 -0.582988 -6.84238 -0.0743684 0.9949 -0.0681237 -0.756044 0.5786 0.0986863 0.809623 14.2191
0.815643 0.0200632 -0.578221 -7.45691 -0.0734808 0.994904 -0.0691346 -0.82616 0.573879 0.0988765 0.812958 15.0794
0.820683 0.017746 -0.571122 -8.0749 -0.0705287 0.99502 -0.0704314 -0.900694 0.56703 0.0980811 0.817841 15.9559
0.823815 0.014544 -0.566685 -8.70007 -0.0686439 0.99488 -0.0742608 -0.987407 0.562697 0.100076 0.820592 16.8499
0.825209 0.0126618 -0.564703 -9.33612 -0.0675369 0.994786 -0.0763884 -1.07719 0.560796 0.101173 0.821754 17.7607
0.825618 0.012483 -0.564104 -9.98063 -0.0678503 0.994703 -0.077297 -1.17007 0.560146 0.102092 0.822087 18.6895
0.825656 0.0137632 -0.564021 -10.6303 -0.0690478 0.994649 -0.0768072 -1.26766 0.559951 0.102359 0.822182 19.6353
0.827217 0.0149592 -0.561699 -11.2807 -0.0707837 0.994464 -0.0777631 -1.36999 0.557418 0.104085 0.823694 20.5951
0.8289 0.0168311 -0.55916 -11.9333 -0.0730389 0.994243 -0.0783472 -1.48096 0.554627 0.10578 0.825353 21.5653
0.831601 0.0147238 -0.555196 -12.5865 -0.0701978 0.994424 -0.0787783 -1.58804 0.550931 0.104484 0.827998 22.5446
0.832813 0.0133388 -0.553414 -13.2492 -0.0693576 0.994344 -0.0804091 -1.69971 0.549215 0.105347 0.829023 23.5347
0.833644 0.0106711 -0.552217 -13.9193 -0.0664242 0.994499 -0.081062 -1.81113 0.548306 0.104256 0.829768 24.542
0.835429 0.00903079 -0.549545 -14.5894 -0.0650809 0.994453 -0.082597 -1.91359 0.545755 0.104766 0.831379 25.5544
0.836286 0.00733888 -0.548261 -15.2577 -0.0636821 0.994446 -0.0838291 -2.01209 0.544595 0.105018 0.832111 26.5782
0.838201 0.00806516 -0.545324 -15.9248 -0.0643569 0.994363 -0.0842165 -2.11706 0.541575 0.105683 0.833992 27.6094
0.838767 0.00799392 -0.544449 -16.5993 -0.0644425 0.994324 -0.0846829 -2.22835 0.540677 0.106114 0.834523 28.6491
0.839509 0.00483743 -0.543344 -17.2771 -0.0618299 0.994311 -0.086682 -2.34437 0.539837 0.106363 0.835033 29.6992
0.841186 0.00372575 -0.540749 -17.957 -0.0607925 0.994288 -0.087721 -2.46127 0.53733 0.106662 0.836612 30.753
0.841272 0.00420371 -0.540614 -18.6416 -0.0612842 0.99426 -0.0876383 -2.57894 0.537146 0.106856 0.836703 31.8102
0.842302 0.00754708 -0.538971 -19.3269 -0.0641597 0.994199 -0.0863508 -2.69705 0.535186 0.107312 0.837904 32.8738
0.842018 0.00939726 -0.539384 -20.0184 -0.0663135 0.994063 -0.086204 -2.81647 0.535375 0.108352 0.837643 33.9422
0.842647 0.0139536 -0.538303 -20.7125 -0.070964 0.993824 -0.0853282 -2.93807 0.533781 0.1101 0.838439 35.0154
0.842317 0.0155105 -0.538773 -21.4121 -0.0735093 0.993547 -0.0863241 -3.06237 0.533961 0.112315 0.838021 36.0918
0.841979 0.0173293 -0.539246 -22.1182 -0.0766404 0.993191 -0.0877529 -3.18984 0.534048 0.115213 0.837578 37.1719
0.84228 0.0153797 -0.538833 -22.8254 -0.0749623 0.993217 -0.0888319 -3.31753 0.533814 0.115212 0.837721 38.2533
0.841729 0.0161539 -0.539671 -23.5339 -0.0756736 0.993216 -0.0883028 -3.44392 0.534579 0.115165 0.837244 39.3357
0.841835 0.0145476 -0.539549 -24.2452 -0.0745755 0.993179 -0.0895816 -3.57188 0.534567 0.115649 0.83718 40.4184
0.840389 0.0111685 -0.541881 -24.9607 -0.071971 0.993234 -0.0911507 -3.69992 0.537192 0.115601 0.835509 41.5019
0.838169 0.00876837 -0.545351 -25.6809 -0.0706612 0.993185 -0.0926364 -3.83008 0.540823 0.116179 0.833079 42.5824
0.838316 0.00847657 -0.545129 -26.3995 -0.0704843 0.993172 -0.092953 -3.96272 0.540615 0.116347 0.833193 43.6647
0.836807 0.00995728 -0.547419 -27.124 -0.0724937 0.99304 -0.0927572 -4.09657 0.542688 0.117303 0.831707 44.7511
0.835894 0.00841585 -0.548837 -27.8503 -0.0710866 0.993121 -0.0930419 -4.23037 0.544275 0.116788 0.830745 45.8366
0.834562 0.00659429 -0.550886 -28.5829 -0.0693534 0.993223 -0.0931802 -4.365 0.546543 0.115969 0.829365 46.9248
0.833803 0.00580775 -0.552041 -29.3189 -0.0682231 0.993363 -0.092597 -4.49955 0.547836 0.114869 0.828668 48.0165
0.833601 0.0027197 -0.552372 -30.0571 -0.0647733 0.993562 -0.092862 -4.63533 0.548569 0.113187 0.828412 49.1102
0.832712 0.00182566 -0.553712 -30.7987 -0.0639176 0.993626 -0.0928509 -4.77167 0.55001 0.11271 0.827523 50.2066
0.832482 -0.000445904 -0.554062 -31.5405 -0.0614159 0.993754 -0.0930805 -4.90831 0.550649 0.111515 0.827257 51.3053
0.831881 3.30508e-06 -0.554963 -32.286 -0.0619884 0.993742 -0.092917 -5.0453 0.551487 0.111697 0.826677 52.4045
0.831825 7.68121e-05 -0.555048 -33.0332 -0.062328 0.993679 -0.0932736 -5.18289 0.551538 0.112181 0.826574 53.5038
0.831052 0.00155105 -0.556202 -33.7819 -0.0636788 0.993686 -0.0923783 -5.31935 0.552543 0.112189 0.825905 54.6024
0.830695 0.000844893 -0.556734 -34.5311 -0.0634717 0.993613 -0.0932004 -5.45724 0.553105 0.112757 0.825446 55.7027
0.830846 0.00112318 -0.556509 -35.2818 -0.0638666 0.993583 -0.0933476 -5.59525 0.552832 0.1131 0.825586 56.8021
0.830293 0.00199306 -0.55733 -36.0332 -0.0645245 0.993603 -0.0925766 -5.73525 0.553586 0.112826 0.825114 57.8997
0.830999 0.00177961 -0.556279 -36.7801 -0.0640765 0.993643 -0.0925447 -5.87249 0.552577 0.112549 0.825832 58.995
0.830119 0.00146991 -0.557591 -37.5312 -0.0643081 0.993565 -0.0931233 -6.01166 0.553872 0.11316 0.824876 60.0881
0.830025 0.000509442 -0.557734 -38.2782 -0.0642149 0.993435 -0.0946605 -6.15168 0.554022 0.114386 0.82461 61.183
0.830683 9.22711e-05 -0.556753 -39.0258 -0.0643102 0.993311 -0.0957901 -6.29193 0.553026 0.115375 0.825137 62.2725
0.830241 -0.00170652 -0.557406 -39.7698 -0.0620037 0.993503 -0.0953974 -6.43067 0.553946 0.113765 0.824745 63.3692
0.831004 -0.00248545 -0.556267 -40.5076 -0.0603905 0.993664 -0.0946603 -6.56282 0.552983 0.112255 0.825596 64.4621
0.830912 -0.00277997 -0.5564 -41.2487 -0.0599501 0.993715 -0.0944953 -6.6926 0.553166 0.111874 0.825526 65.5528
0.831086 -0.00261606 -0.556141 -41.9887 -0.0606145 0.993592 -0.0952586 -6.82648 0.552833 0.112877 0.825611 66.6356
0.831933 -0.00135699 -0.554879 -42.7268 -0.062907 0.993316 -0.0967489 -6.96244 0.5513 0.115395 0.826291 67.715
0.831678 -2.88787e-05 -0.555262 -43.4667 -0.065085 0.993088 -0.0975403 -7.10151 0.551433 0.11726 0.825936 68.7977
0.832856 0.0018007 -0.553492 -44.2057 -0.06729 0.992904 -0.0980262 -7.24237 0.549386 0.118887 0.827071 69.8754
0.832642 0.00460912 -0.553797 -44.9416 -0.0691641 0.992989 -0.095728 -7.37981 0.54948 0.118009 0.827129 70.9584
0.833564 0.00600661 -0.552399 -45.6796 -0.0694769 0.993139 -0.094044 -7.51222 0.548041 0.116771 0.828266 72.0381
0.833008 0.00709925 -0.553219 -46.4197 -0.0705432 0.993106 -0.0934791 -7.64523 0.548749 0.116894 0.827772 73.1255
0.833344 0.0078924 -0.552707 -47.1587 -0.0720442 0.992918 -0.0944492 -7.77855 0.548045 0.118528 0.828014 74.2174
0.834678 0.0099729 -0.55065 -47.8922 -0.0745869 0.992657 -0.0950844 -7.91643 0.545665 0.120435 0.829301 75.3115
0.834549 0.011918 -0.550812 -48.6336 -0.0775933 0.992343 -0.0960944 -8.05427 0.545449 0.122936 0.829083 76.4124
0.835887 0.0127134 -0.548755 -49.3668 -0.0788059 0.992137 -0.0970582 -8.19598 0.543214 0.124374 0.830328 77.5128
0.83547 0.0141166 -0.549362 -50.102 -0.0810029 0.991913 -0.0977034 -8.33903 0.543539 0.126129 0.829856 78.6088
0.835895 0.0142607 -0.548705 -50.834 -0.081514 0.991786 -0.098405 -8.48792 0.542803 0.126982 0.830202 79.7016
0.836683 0.014606 -0.5475 -51.5555 -0.081513 0.99183 -0.0981105 -8.63575 0.541592 0.126716 0.831039 80.7889
0.835861 0.0146947 -0.548744 -52.2817 -0.0822432 0.991692 -0.0987218 -8.78898 0.542745 0.127647 0.830137 81.8714
0.836381 0.0158961 -0.547921 -53.0064 -0.0835813 0.991585 -0.0988194 -8.94611 0.54174 0.128447 0.830675 82.9465
0.835474 0.015457 -0.549311 -53.7326 -0.0832009 0.991619 -0.0986445 -9.10124 0.543193 0.128117 0.829771 84.0259
0.834884 0.0144768 -0.550236 -54.4617 -0.082465 0.991654 -0.0990379 -9.25977 0.544213 0.128061 0.829113 85.1043
0.834677 0.0142177 -0.550556 -55.1914 -0.0823101 0.99164 -0.099182 -9.42004 0.544553 0.1281 0.828882 86.1813
0.833066 0.0126054 -0.55303 -55.9275 -0.0810848 0.991717 -0.0995412 -9.58064 0.547199 0.127768 0.827191 87.2567
0.83257 0.00869422 -0.55385 -56.6634 -0.0768707 0.991995 -0.0999861 -9.73945 0.548559 0.125819 0.826586 88.3331
0.830926 0.00718059 -0.556337 -57.4056 -0.0753217 0.992156 -0.0996946 -9.89902 0.551261 0.124744 0.824952 89.4108
0.830234 0.00508456 -0.557391 -58.1506 -0.0733367 0.992243 -0.100187 -10.059 0.552569 0.124055 0.824178 90.4891
0.828406 0.00471805 -0.560109 -58.901 -0.0736262 0.992199 -0.100538 -10.22 0.555269 0.124526 0.822294 91.5678
0.827417 0.00316661 -0.561579 -59.6536 -0.0728491 0.992122 -0.101743 -10.3807 0.556843 0.125093 0.821139 92.6468
0.827285 0.000222505 -0.561783 -60.4051 -0.0705876 0.992106 -0.103557 -10.5427 0.557331 0.125326 0.820774 93.726
0.825821 -0.00359255 -0.563919 -61.1593 -0.0668095 0.992294 -0.104163 -10.7086 0.55996 0.123694 0.819229 94.8074
0.825163 -0.00842701 -0.564833 -61.9132 -0.0590861 0.993109 -0.101137 -10.8706 0.561798 0.116829 0.818982 95.8903
0.823923 -0.0121085 -0.566572 -62.6697 -0.0541922 0.993487 -0.100043 -11.0326 0.564105 0.11313 0.81791 96.9734
0.823283 -0.0153622 -0.567424 -63.4271 -0.052014 0.993381 -0.102364 -11.1953 0.565243 0.113789 0.817038 98.058
0.824309 -0.0167005 -0.565894 -64.1838 -0.0513445 0.99322 -0.104106 -11.3606 0.563809 0.11487 0.817874 99.1443
0.824656 -0.0170951 -0.565379 -64.9424 -0.0526708 0.992877 -0.106848 -11.527 0.563178 0.117893 0.817883 100.231
0.824675 -0.0148916 -0.565411 -65.7012 -0.054925 0.9928 -0.106262 -11.6932 0.562935 0.118685 0.817931 101.319
0.824893 -0.0174024 -0.565025 -66.4616 -0.0503772 0.993284 -0.104142 -11.8559 0.563041 0.114371 0.818478 102.406
0.825404 -0.0211893 -0.564146 -67.2147 -0.0434162 0.993934 -0.100858 -12.0087 0.562873 0.10774 0.819487 103.498
0.825837 -0.0259193 -0.563316 -67.9605 -0.0365599 0.994379 -0.0993535 -12.1499 0.562725 0.102645 0.820247 104.585
0.825666 -0.0291794 -0.563407 -68.6914 -0.033865 0.994279 -0.101128 -12.2761 0.563147 0.102576 0.819962 105.667
0.826906 -0.0304132 -0.56152 -69.4117 -0.0336951 0.99406 -0.103463 -12.3843 0.561333 0.104474 0.820969 106.733
0.826849 -0.0255741 -0.561843 -70.1357 -0.0403966 0.993666 -0.104685 -12.4908 0.560974 0.109253 0.820587 107.781
0.827258 -0.0238852 -0.561316 -70.8671 -0.044532 0.993165 -0.107894 -12.6008 0.560057 0.114253 0.820536 108.832
0.827142 -0.0194407 -0.561656 -71.6 -0.0499987 0.992873 -0.108003 -12.7135 0.559765 0.117414 0.820284 109.877
0.827083 -0.0171804 -0.561816 -72.3294 -0.0529917 0.992695 -0.108371 -12.8311 0.559576 0.119404 0.820129 110.922
0.827364 -0.0144686 -0.561479 -73.0489 -0.0559854 0.992546 -0.108077 -12.9472 0.558871 0.120852 0.820394 111.962
0.826336 -0.0127953 -0.563033 -73.7772 -0.0595618 0.992148 -0.109966 -13.0669 0.560019 0.124405 0.819086 112.991
0.825934 -0.0103435 -0.563673 -74.5099 -0.0645984 0.991492 -0.112852 -13.1931 0.560057 0.129619 0.818245 114.02
0.824356 -0.00602826 -0.566042 -75.2506 -0.0709244 0.990962 -0.113848 -13.3262 0.561612 0.133998 0.816478 115.053
0.823689 -0.00312198 -0.567034 -75.996 -0.0745371 0.990693 -0.113732 -13.4616 0.562126 0.135943 0.815796 116.095
0.823279 -0.000693491 -0.567637 -76.7446 -0.0765708 0.990721 -0.112269 -13.5966 0.562449 0.135893 0.815586 117.142
0.821707 -0.00019143 -0.569911 -77.5004 -0.0765425 0.990882 -0.110695 -13.7296 0.564752 0.13458 0.814206 118.191
0.820481 -6.52488e-07 -0.571674 -78.2623 -0.0764874 0.991006 -0.109781 -13.8636 0.566534 0.133799 0.8131 119.243
0.81865 -0.00316955 -0.574285 -79.0288 -0.0741915 0.991 -0.111233 -14.0011 0.569485 0.133666 0.811053 120.304
0.818261 -0.00968242 -0.574766 -79.7896 -0.0703763 0.990646 -0.116881 -14.1464 0.570524 0.13609 0.809924 121.367
0.817035 -0.0119346 -0.576465 -80.5602 -0.0713272 0.989993 -0.121592 -14.2967 0.572165 0.14046 0.808013 122.432
0.81677 -0.0120539 -0.57684 -81.3229 -0.073119 0.989555 -0.124212 -14.4476 0.572316 0.143632 0.807354 123.504
0.817177 -0.00532933 -0.576363 -82.0796 -0.0811144 0.98892 -0.124152 -14.6008 0.570656 0.148203 0.807697 124.567
0.815831 0.00181566 -0.57829 -82.8367 -0.0892861 0.988397 -0.122861 -14.756 0.57136 0.151868 0.806523 125.637
0.815817 0.00271098 -0.578305 -83.6047 -0.089837 0.988421 -0.122102 -14.9096 0.571295 0.151565 0.806622 126.712
0.813848 0.00383265 -0.581068 -84.3814 -0.0911647 0.988434 -0.121169 -15.064 0.573886 0.151587 0.804781 127.801
0.812642 0.00664475 -0.582728 -85.1729 -0.0944623 0.98819 -0.120467 -15.2224 0.575063 0.15294 0.80368 128.893
0.81222 0.00956885 -0.583275 -85.9667 -0.0973988 0.98805 -0.119424 -15.3828 0.575167 0.153809 0.803443 129.985
0.810247 0.0154098 -0.585889 -86.7749 -0.103771 0.98761 -0.117536 -15.5491 0.576835 0.156029 0.801815 131.087
0.810113 0.0165163 -0.586044 -87.5842 -0.104095 0.987767 -0.116061 -15.7151 0.576963 0.155028 0.80192 132.194
0.808673 0.0167647 -0.588022 -88.4008 -0.103138 0.98813 -0.11367 -15.8816 0.579153 0.152567 0.80081 133.306
0.80894 0.0182261 -0.587611 -89.2184 -0.103734 0.988254 -0.112157 -16.0485 0.578671 0.151684 0.801328 134.42
0.807179 0.016046 -0.590089 -90.0419 -0.104645 0.987665 -0.116288 -16.2201 0.580962 0.155613 0.798909 135.536
0.806591 0.0189954 -0.590806 -90.8722 -0.110654 0.98666 -0.11935 -16.3936 0.580664 0.161642 0.797932 136.652
0.806982 0.0246269 -0.590063 -91.7002 -0.116557 0.986096 -0.118251 -16.564 0.578965 0.1642 0.798639 137.764
0.805618 0.0292725 -0.59171 -92.5414 -0.121619 0.985672 -0.116827 -16.7337 0.579818 0.166083 0.797634 138.875
0.805683 0.0340003 -0.59137 -93.3777 -0.124168 0.985841 -0.112489 -16.8937 0.579191 0.164058 0.798505 139.988
0.80406 0.0339461 -0.593578 -94.2114 -0.124756 0.985769 -0.112624 -17.0515 0.581313 0.16461 0.796851 141.104
0.80266 0.0338443 -0.595478 -95.0391 -0.124492 0.985882 -0.111774 -17.1998 0.583307 0.163846 0.795547 142.239
0.801974 0.0349577 -0.596335 -95.8816 -0.125798 0.985777 -0.111394 -17.3339 0.583965 0.164355 0.794962 143.39
0.79998 0.0373291 -0.598864 -96.729 -0.129346 0.985302 -0.111368 -17.4549 0.585925 0.16655 0.793057 144.544
0.799993 0.043058 -0.598463 -97.5917 -0.135731 0.984547 -0.110606 -17.5777 0.584458 0.169716 0.793473 145.686
0.798216 0.0491629 -0.600361 -98.4777 -0.14324 0.983542 -0.109906 -17.7022 0.585098 0.173723 0.792128 146.824
0.797544 0.0540149 -0.600837 -99.3639 -0.148423 0.982931 -0.108653 -17.8325 0.58472 0.175836 0.791944 147.962
0.797579 0.0564726 -0.600563 -100.247 -0.151567 0.982403 -0.108912 -17.9648 0.583866 0.17789 0.792111 149.104
0.795988 0.0597464 -0.602356 -101.135 -0.155536 0.981884 -0.108146 -18.102 0.584992 0.179772 0.790857 150.25
0.796262 0.0609559 -0.60187 -102.016 -0.15688 0.981656 -0.10813 -18.2427 0.58426 0.18052 0.791225 151.401
0.794693 0.0633924 -0.603692 -102.902 -0.159946 0.981244 -0.107515 -18.3866 0.585564 0.182001 0.789923 152.553
0.794424 0.0661331 -0.60375 -103.785 -0.163307 0.98068 -0.107461 -18.5332 0.585001 0.183964 0.789882 153.705
0.793078 0.0665657 -0.60547 -104.672 -0.164247 0.98055 -0.10734 -18.681 0.586561 0.184578 0.788583 154.858
0.792199 0.0671079 -0.606558 -105.561 -0.16544 0.980305 -0.107616 -18.8304 0.587413 0.185601 0.787706 156.014
0.791209 0.0683155 -0.607715 -106.453 -0.167494 0.979939 -0.107911 -18.9807 0.588164 0.187171 0.786776 157.166
0.789852 0.0703319 -0.609248 -107.35 -0.170274 0.979469 -0.107679 -19.1324 0.58919 0.188789 0.785618 158.318
0.789529 0.072843 -0.60937 -108.247 -0.173842 0.978796 -0.108238 -19.2862 0.588577 0.191394 0.785448 159.47
0.789158 0.0727616 -0.60986 -109.146 -0.174213 0.978667 -0.108668 -19.4416 0.588966 0.192001 0.785006 160.62
0.788643 0.0744841 -0.610317 -110.049 -0.175747 0.978518 -0.107681 -19.5968 0.589198 0.192187 0.784788 161.774
0.788707 0.075534 -0.610105 -110.953 -0.176854 0.97832 -0.107506 -19.7536 0.588781 0.192689 0.784975 162.928
0.78771 0.0768893 -0.611223 -111.861 -0.178954 0.977944 -0.107607 -19.9126 0.589482 0.194147 0.784091 164.082
0.787454 0.0769495 -0.611544 -112.772 -0.179639 0.977726 -0.108286 -20.0721 0.589615 0.195127 0.783746 165.235
0.786045 0.0783986 -0.613171 -113.687 -0.181356 0.977513 -0.107507 -20.2316 0.590968 0.195711 0.782583 166.389
0.783978 0.0807317 -0.61551 -114.605 -0.184722 0.976904 -0.107148 -20.3912 0.592669 0.1977 0.780792 167.541
0.784046 0.0806792 -0.615431 -115.522 -0.18421 0.977079 -0.106594 -20.5489 0.592738 0.196947 0.780931 168.693
0.782965 0.0807479 -0.616797 -116.443 -0.186106 0.976502 -0.108405 -20.7105 0.593575 0.199666 0.779601 169.846
0.783658 0.0797445 -0.616046 -117.364 -0.186122 0.976292 -0.110386 -20.876 0.592654 0.201168 0.779917 171
0.782936 0.0807584 -0.616829 -118.287 -0.18782 0.975923 -0.110625 -21.042 0.593071 0.202464 0.779261 172.154
0.782771 0.0808402 -0.617029 -119.213 -0.187114 0.976206 -0.109479 -21.2055 0.593512 0.201155 0.779267 173.31
0.780921 0.0847638 -0.618843 -120.141 -0.191856 0.975376 -0.108504 -21.3679 0.594435 0.203462 0.777961 174.464
0.780044 0.0858269 -0.619802 -121.075 -0.193409 0.975098 -0.108388 -21.531 0.595082 0.204427 0.777215 175.62
0.780298 0.0851657 -0.619573 -122.009 -0.193841 0.974801 -0.110129 -21.6978 0.594609 0.206032 0.777151 176.779
0.778725 0.0861949 -0.621407 -122.952 -0.195646 0.97447 -0.11001 -21.867 0.596077 0.207247 0.775703 177.942
0.779488 0.0860446 -0.620471 -123.893 -0.194959 0.974619 -0.109766 -22.0369 0.595306 0.206527 0.776486 179.112
0.778023 0.0847238 -0.622486 -124.839 -0.194234 0.974741 -0.1101 -22.21 0.597453 0.206572 0.774823 180.285
0.77794 0.0835368 -0.622752 -125.785 -0.193011 0.974944 -0.110327 -22.3854 0.597959 0.206025 0.774577 181.464
0.778649 0.0813274 -0.622156 -126.728 -0.189565 0.975708 -0.109706 -22.5614 0.598136 0.203367 0.775144 182.647
0.778282 0.0819395 -0.622536 -127.672 -0.19032 0.975562 -0.109527 -22.74 0.598376 0.203724 0.774863 183.832
0.779088 0.0800174 -0.621777 -128.615 -0.188224 0.975904 -0.110257 -22.9178 0.597988 0.202938 0.775371 185.018
0.779928 0.0790758 -0.620844 -129.558 -0.185678 0.976528 -0.108875 -23.0923 0.597692 0.200192 0.77631 186.207
0.7811 0.0777634 -0.619533 -130.502 -0.183321 0.977033 -0.108494 -23.2651 0.596885 0.198323 0.777411 187.399
0.782258 0.0750014 -0.61841 -131.444 -0.181228 0.977154 -0.110732 -23.4428 0.596007 0.198695 0.777986 188.59
0.781994 0.0737456 -0.618896 -132.392 -0.180137 0.977326 -0.111155 -23.6224 0.596684 0.198413 0.777542 189.781
0.783412 0.0742353 -0.617039 -133.339 -0.180765 0.977101 -0.11195 -23.8034 0.59463 0.199242 0.778898 190.972
0.78361 0.0751341 -0.616681 -134.285 -0.182981 0.976527 -0.113537 -23.9807 0.593691 0.201815 0.778957 192.158
0.784877 0.0762953 -0.614923 -135.225 -0.184094 0.976259 -0.113845 -24.1572 0.591671 0.202558 0.780296 193.337
0.786684 0.0781663 -0.612377 -136.16 -0.18618 0.975796 -0.114621 -24.3353 0.588612 0.204188 0.782187 194.511
0.787275 0.0767456 -0.611794 -137.094 -0.185415 0.975731 -0.116196 -24.5122 0.588062 0.204914 0.782406 195.676
0.789564 0.0772483 -0.608778 -138.02 -0.186398 0.97535 -0.117989 -24.6934 0.584676 0.206639 0.784493 196.836
0.790027 0.0766422 -0.608247 -138.95 -0.185606 0.975457 -0.118161 -24.8629 0.584297 0.206245 0.784872 198.002
0.791198 0.0761594 -0.606788 -139.875 -0.185292 0.975415 -0.119178 -25.0284 0.582813 0.206731 0.785852 199.164
0.793703 0.0752483 -0.603616 -140.79 -0.1837 0.975602 -0.119926 -25.1935 0.579899 0.20607 0.788171 200.338
0.793315 0.0758581 -0.604054 -141.714 -0.184388 0.975528 -0.119653 -25.3552 0.580214 0.206307 0.787883 201.51
0.794696 0.0734932 -0.602526 -142.634 -0.182924 0.975455 -0.122282 -25.5223 0.578784 0.207394 0.788644 202.696
0.793338 0.0745289 -0.604189 -143.555 -0.184589 0.975186 -0.122084 -25.6957 0.580118 0.208385 0.787407 203.882
0.793203 0.0759658 -0.604184 -144.473 -0.185613 0.975097 -0.121078 -25.8735 0.579974 0.208185 0.78756 205.068
0.793735 0.0757395 -0.603514 -145.395 -0.184487 0.975434 -0.120221 -26.0449 0.579604 0.206768 0.788209 206.255
0.792001 0.0773092 -0.605589 -146.315 -0.18638 0.975173 -0.119259 -26.2094 0.581368 0.207323 0.786761 207.444
0.792469 0.0801716 -0.604605 -147.231 -0.189111 0.974744 -0.11862 -26.3717 0.579846 0.208344 0.787617 208.636
0.791344 0.0814312 -0.605909 -148.145 -0.190531 0.974539 -0.117865 -26.5297 0.580919 0.208716 0.786725 209.84
0.790257 0.0830649 -0.607104 -149.071 -0.19141 0.974631 -0.115806 -26.6806 0.582105 0.207726 0.786112 211.04
0.790691 0.0875739 -0.605905 -149.991 -0.19495 0.974172 -0.1136 -26.8464 0.580342 0.207943 0.787355 212.241
0.78905 0.0907506 -0.607574 -150.919 -0.198407 0.973647 -0.112241 -27.0179 0.581399 0.209114 0.786267 213.438
0.790277 0.0932117 -0.605604 -151.841 -0.199584 0.973578 -0.110593 -27.1905 0.579328 0.208267 0.788016 214.637
0.790178 0.094329 -0.605558 -152.768 -0.201246 0.973203 -0.111003 -27.3701 0.578885 0.209581 0.787994 215.838
0.790422 0.0953494 -0.605081 -153.696 -0.201953 0.973103 -0.110467 -27.5573 0.578307 0.209512 0.788436 217.042
0.791917 0.0942114 -0.603301 -154.617 -0.200407 0.973369 -0.11106 -27.7456 0.576797 0.208859 0.789715 218.249
0.791751 0.0938336 -0.603578 -155.536 -0.200893 0.973119 -0.112238 -27.9367 0.576855 0.210118 0.789338 219.457
0.792266 0.0925587 -0.603099 -156.46 -0.199911 0.973218 -0.113253 -28.129 0.57649 0.210296 0.789559 220.663
0.790497 0.0931036 -0.605332 -157.389 -0.201028 0.973019 -0.112862 -28.3198 0.578526 0.210905 0.787904 221.868
0.789215 0.0933097 -0.60697 -158.324 -0.201274 0.973068 -0.112116 -28.5062 0.580188 0.210654 0.786749 223.072
0.789183 0.0964209 -0.606524 -159.263 -0.202765 0.973082 -0.109132 -28.686 0.579712 0.209106 0.78751 224.281
0.788832 0.0962281 -0.607013 -160.205 -0.201056 0.973698 -0.10692 -28.8607 0.580783 0.206389 0.787441 225.5
0.789134 0.0953077 -0.606765 -161.153 -0.199845 0.97393 -0.106926 -29.0366 0.580792 0.205637 0.787627 226.723
0.788317 0.0953848 -0.607814 -162.109 -0.200164 0.973897 -0.106771 -29.2194 0.581789 0.205835 0.786842 227.952
0.788801 0.0949281 -0.607256 -163.066 -0.199608 0.973968 -0.107025 -29.404 0.581325 0.205634 0.787234 229.187
0.787983 0.0953096 -0.608257 -164.032 -0.199876 0.974006 -0.106314 -29.5861 0.58234 0.205353 0.78656 230.428
0.787924 0.0956219 -0.608284 -165.002 -0.20023 0.973924 -0.106258 -29.7678 0.582298 0.20552 0.786544 231.674
0.78884 0.095659 -0.607091 -165.972 -0.20047 0.973803 -0.107045 -29.9509 0.580973 0.206148 0.787362 232.924
0.788303 0.0952363 -0.607853 -166.947 -0.200802 0.973629 -0.107864 -30.1375 0.581588 0.207087 0.786657 234.177
0.789828 0.09604 -0.605745 -167.921 -0.200143 0.973925 -0.10655 -30.3231 0.579743 0.205395 0.788464 235.434
0.789479 0.0953211 -0.606312 -168.9 -0.198582 0.974356 -0.105387 -30.5058 0.580754 0.203602 0.788181 236.696
0.789699 0.0944109 -0.606169 -169.877 -0.197719 0.974501 -0.105803 -30.6866 0.58075 0.203406 0.788239 237.959
0.790544 0.0953839 -0.604911 -170.853 -0.197868 0.974551 -0.104916 -30.8636 0.579547 0.202633 0.789317 239.223
0.78962 0.0946108 -0.606238 -171.834 -0.198623 0.974221 -0.106663 -31.0446 0.580548 0.204639 0.788067 240.486
0.789731 0.0957199 -0.605917 -172.816 -0.20159 0.97334 -0.108977 -31.233 0.579371 0.20821 0.787992 241.75
0.788809 0.0980978 -0.606739 -173.802 -0.202875 0.973375 -0.106375 -31.415 0.58018 0.207005 0.78772 243.016
0.788211 0.100575 -0.607109 -174.789 -0.203902 0.973461 -0.103455 -31.5948 0.580632 0.205335 0.787819 244.283
0.788569 0.102989 -0.606239 -175.772 -0.204687 0.973583 -0.100852 -31.7706 0.579868 0.203621 0.788829 245.548
0.787031 0.103804 -0.608095 -176.761 -0.206117 0.973291 -0.10062 -31.9462 0.581449 0.20453 0.787425 246.815
0.786563 0.103934 -0.608677 -177.751 -0.206471 0.973229 -0.100627 -32.1236 0.581955 0.204827 0.786977 248.081
0.784837 0.103771 -0.610929 -178.743 -0.205574 0.973602 -0.0987142 -32.2974 0.584598 0.203066 0.785471 249.345
0.784234 0.10377 -0.611703 -179.735 -0.204916 0.973875 -0.097502 -32.4703 0.585636 0.201816 0.785021 250.612
0.784897 0.103744 -0.610858 -180.725 -0.205169 0.973735 -0.0982459 -32.6442 0.58466 0.202442 0.785586 251.874
0.78401 0.103986 -0.611952 -181.719 -0.20566 0.973664 -0.0980325 -32.8188 0.585673 0.202716 0.78476 253.136
0.784787 0.103921 -0.61097 -182.709 -0.205187 0.973762 -0.0979281 -32.9924 0.584802 0.202215 0.78554 254.398
0.784086 0.10307 -0.612009 -183.702 -0.204047 0.974069 -0.0973717 -33.1637 0.586135 0.20123 0.784798 255.66
0.783406 0.10174 -0.613105 -184.698 -0.202785 0.974316 -0.0974275 -33.3354 0.587485 0.200653 0.783937 256.923
0.783238 0.10108 -0.613424 -185.694 -0.20318 0.974095 -0.0989122 -33.5097 0.587568 0.202111 0.783499 258.185
0.782655 0.101343 -0.614129 -186.693 -0.203162 0.974164 -0.0981528 -33.684 0.588355 0.201587 0.783044 259.447
0.783557 0.101049 -0.613024 -187.687 -0.202731 0.974226 -0.0985379 -33.8591 0.587298 0.201492 0.783861 260.707
0.782882 0.100043 -0.614054 -188.683 -0.201309 0.974577 -0.0978725 -34.0331 0.58869 0.200237 0.783139 261.966
0.782715 0.0993272 -0.61438 -189.68 -0.200053 0.974909 -0.0972488 -34.206 0.589337 0.199029 0.78296 263.226
0.783697 0.0989804 -0.613189 -190.672 -0.198605 0.97528 -0.0963967 -34.3795 0.588528 0.197327 0.784001 264.484
0.782856 0.0988806 -0.614271 -191.67 -0.199151 0.975134 -0.0968353 -34.5543 0.589454 0.198144 0.783095 265.745
0.783579 0.0997087 -0.613221 -192.663 -0.199828 0.97499 -0.0968055 -34.7294 0.588271 0.198392 0.783926 267.005
0.782564 0.101716 -0.61418 -193.659 -0.201527 0.974794 -0.0953367 -34.9018 0.589034 0.198384 0.783351 268.264
0.783154 0.102888 -0.613239 -194.653 -0.201291 0.975014 -0.0934729 -35.0714 0.588339 0.196642 0.784316 269.524
0.782715 0.102763 -0.613813 -195.652 -0.201412 0.974985 -0.0936013 -35.2452 0.588872 0.196895 0.783847 270.784
0.782625 0.102799 -0.613929 -196.652 -0.20125 0.975041 -0.0932798 -35.417 0.589055 0.196555 0.783799 272.045
0.783486 0.103726 -0.612666 -197.653 -0.201699 0.974997 -0.0928645 -35.588 0.587747 0.196335 0.784832 273.307
0.782959 0.104892 -0.613144 -198.656 -0.202735 0.974843 -0.0921112 -35.7517 0.588097 0.196425 0.784548 274.573
0.784192 0.106054 -0.611363 -199.658 -0.203453 0.974724 -0.0918795 -35.9176 0.586199 0.196438 0.785964 275.837
0.783807 0.10795 -0.611529 -200.668 -0.204751 0.974583 -0.0903905 -36.0798 0.586268 0.196059 0.786008 277.108
0.783576 0.108454 -0.611732 -201.677 -0.205172 0.974536 -0.0900306 -36.2437 0.586424 0.196059 0.78589 278.384
0.784865 0.109621 -0.609876 -202.684 -0.205935 0.974382 -0.08988 -36.4098 0.584438 0.196138 0.787352 279.659
0.782815 0.112578 -0.611961 -203.696 -0.208406 0.97409 -0.087393 -36.5696 0.586299 0.195952 0.78601 280.931
0.783074 0.114145 -0.611346 -204.708 -0.209656 0.973875 -0.0867103 -36.7298 0.585517 0.196072 0.786566 282.204
0.782166 0.115218 -0.612298 -205.724 -0.210558 0.973774 -0.0857321 -36.889 0.586395 0.195985 0.785928 283.481
0.782433 0.115937 -0.611828 -206.741 -0.211284 0.973611 -0.0857019 -37.04 0.585787 0.196325 0.7863 284.765
0.783212 0.116209 -0.610771 -207.753 -0.211335 0.973603 -0.0857559 -37.2015 0.584716 0.196246 0.787113 286.048
