1 0 0 0 0 1 0 0 0 0 1 0
0.999987 0.000102962 0.00524406 -0.00185039 -9.18908e-05 1 -0.00212145 -0.00307026 -0.00524426 0.00212096 0.999987 0.0642033
0.999938 0.000430237 0.0111384 -0.00497411 -0.000382285 0.999993 -0.00431415 -0.00566109 -0.0111402 0.00430968 0.999931 0.194022
0.999869 0.000840029 0.0163658 -0.00762617 -0.000726243 0.999977 -0.00696473 -0.0110191 -0.0163712 0.00695191 0.99985 0.385198
0.99984 0.00103505 0.0179262 -0.00786068 -0.000861429 0.999954 -0.00969755 -0.0196725 -0.0179354 0.00968067 0.999795 0.630022
0.999805 0.000233228 0.0199366 -0.00555937 1.01125e-05 0.999928 -0.0122124 -0.0360996 -0.0199379 0.0122102 0.999736 0.919976
0.999752 0.00049073 0.0223674 -0.00192462 -0.00018508 0.999908 -0.0136725 -0.0574239 -0.022372 0.013665 0.999661 1.25155
0.999694 0.00104226 0.0248381 0.00487749 -0.000686246 0.999899 -0.0143438 -0.0827601 -0.0248505 0.0143223 0.999597 1.62175
0.999633 0.00162036 0.0272012 0.0106687 -0.00119672 0.99988 -0.0155904 -0.110607 -0.0272232 0.0155522 0.999516 2.01899
0.999591 0.00245379 0.0285965 0.0183938 -0.00192834 0.999831 -0.0183939 -0.139569 -0.0286366 0.0183312 0.999431 2.44497
0.999569 0.00337403 0.0293104 0.0252958 -0.00272174 0.999752 -0.0222714 -0.168218 -0.0293782 0.0221821 0.999331 2.89548
0.999548 0.00478651 0.0298266 0.029089 -0.00401375 0.99966 -0.0259203 -0.19904 -0.0299403 0.0257888 0.999229 3.36888
0.999518 0.0067803 0.0304035 0.0330545 -0.00598483 0.999641 -0.0261834 -0.23204 -0.0305701 0.0259889 0.999203 3.86103
0.999511 0.00924818 0.0299704 0.0391088 -0.00860516 0.999734 -0.0215201 -0.26577 -0.0301613 0.0212517 0.999328 4.3806
0.999498 0.0098638 0.0301929 0.0418643 -0.0094603 0.999864 -0.0134826 -0.294508 -0.0303218 0.0131903 0.99946 4.92369
0.999511 0.011191 0.0292997 0.0403704 -0.0109626 0.999911 -0.0079485 -0.31806 -0.0293859 0.00762331 0.999548 5.49308
0.999526 0.0123864 0.0283145 0.0365862 -0.0121283 0.999884 -0.00927488 -0.347613 -0.028426 0.0089271 0.999564 6.08153
0.99948 0.016289 0.0279442 0.0355639 -0.0158331 0.999743 -0.0164648 -0.380694 -0.028205 0.0160137 0.999484 6.68474
0.999499 0.0174202 0.0265141 0.0312177 -0.0168017 0.999585 -0.0233805 -0.417449 -0.0269104 0.0229234 0.999381 7.31323
0.999525 0.0165553 0.0261245 0.027573 -0.0159525 0.999609 -0.0231219 -0.454137 -0.0264968 0.0226941 0.9994 7.95706
0.999575 0.0153891 0.0248959 0.0193996 -0.0149873 0.999755 -0.0162522 -0.487263 -0.0251398 0.0158722 0.999565 8.62891
0.999578 0.0145786 0.025272 0.0136057 -0.0142877 0.999833 -0.0116615 -0.516465 -0.0254376 0.0112954 0.999621 9.3231
0.999606 0.0147272 0.0240565 0.006139 -0.014497 0.999846 -0.00971921 -0.544144 -0.0241958 0.00936671 0.999671 10.0387
0.999629 0.0132624 0.0239531 -0.00248171 -0.013011 0.999862 -0.0106287 -0.574975 -0.0240905 0.0103131 0.999664 10.7743
0.99958 0.0144424 0.0252474 -0.00595404 -0.0141045 0.999807 -0.0135163 -0.606678 -0.0254376 0.0131545 0.999597 11.5219
0.999522 0.0178391 0.0253598 -0.00796578 -0.0173521 0.999666 -0.0193004 -0.641918 -0.0256953 0.0188511 0.999498 12.2919
0.999483 0.0162298 0.0278607 -0.00557675 -0.0155556 0.999582 -0.0242513 -0.679251 -0.0282425 0.0238054 0.999322 13.0745
0.999486 0.0145054 0.0286473 -0.00251639 -0.0136484 0.999461 -0.0298957 -0.723141 -0.0290652 0.0294895 0.999147 13.8725
0.999365 0.0166153 0.031606 0.00685393 -0.0154841 0.999239 -0.0357124 -0.769977 -0.0321752 0.0352004 0.998866 14.6815
0.99929 0.0188396 0.0326569 0.0176036 -0.0176054 0.999137 -0.0376806 -0.817877 -0.0333382 0.0370792 0.99876 15.5041
0.999229 0.0192351 0.0342839 0.0311283 -0.0179095 0.999092 -0.0385659 -0.865615 -0.0349946 0.0379223 0.99867 16.3406
0.999093 0.0205511 0.0372842 0.0483501 -0.019085 0.99905 -0.0392627 -0.914746 -0.0380553 0.0385159 0.998536 17.1853
0.998971 0.0241934 0.0383858 0.0676257 -0.022577 0.998857 -0.0420017 -0.96791 -0.0393582 0.041092 0.99838 18.0418
0.998732 0.0288003 0.0412959 0.0903083 -0.0269941 0.998685 -0.0436483 -1.0217 -0.0424983 0.0424786 0.998196 18.9072
0.998602 0.0309903 0.042834 0.114361 -0.0290959 0.998595 -0.044166 -1.07874 -0.0441426 0.0428581 0.998106 19.7825
0.998429 0.0325185 0.0456349 0.14331 -0.0305177 0.998572 -0.0438763 -1.1341 -0.0469962 0.0424151 0.997996 20.6683
0.998341 0.0332663 0.0469892 0.176527 -0.0312476 0.998578 -0.0430643 -1.18944 -0.048355 0.0415248 0.997966 21.5617
0.998245 0.0341874 0.0483483 0.212205 -0.0321367 0.998578 -0.042576 -1.24582 -0.0497348 0.0409479 0.997924 22.4649
0.998124 0.0344635 0.0505626 0.250126 -0.0323774 0.998608 -0.0415134 -1.30129 -0.051923 0.0397989 0.997855 23.3779
0.998078 0.034832 0.0512279 0.28728 -0.0327853 0.998652 -0.0402645 -1.35504 -0.0525609 0.038508 0.997876 24.3012
0.997962 0.0347994 0.0534295 0.326085 -0.0327001 0.998671 -0.0396759 -1.40519 -0.0547393 0.0378484 0.997779 25.2372
0.997864 0.0374339 0.0534968 0.364859 -0.0352741 0.998546 -0.040762 -1.45796 -0.0549446 0.0387884 0.997736 26.184
0.997882 0.0363259 0.0539177 0.405193 -0.0342 0.998615 -0.0398416 -1.50479 -0.0552904 0.0379137 0.997747 27.1433
0.997899 0.0349265 0.0545445 0.448062 -0.032927 0.99877 -0.037134 -1.55224 -0.0557738 0.0352604 0.997823 28.1225
0.997946 0.0346097 0.0538557 0.486219 -0.0328025 0.998877 -0.0340839 -1.60202 -0.0549747 0.0322477 0.997964 29.1167
0.997955 0.0333222 0.0545033 0.524056 -0.0316406 0.999005 -0.0314272 -1.64373 -0.055496 0.029639 0.99802 30.1261
0.997996 0.0329499 0.0539678 0.563735 -0.0313663 0.999055 -0.0299322 -1.68349 -0.054903 0.0281798 0.99809 31.1431
0.997919 0.0335046 0.0550563 0.603342 -0.0318815 0.999039 -0.0300973 -1.7234 -0.0560115 0.0282799 0.998031 32.1697
0.997956 0.0332144 0.0545445 0.643307 -0.0315894 0.999034 -0.0303876 -1.76355 -0.0555011 0.0286028 0.998045 33.2024
0.997942 0.0339537 0.0543353 0.68396 -0.0323869 0.999039 -0.0294585 -1.81117 -0.055283 0.0276387 0.99809 34.2463
0.997837 0.0349266 0.0556143 0.724682 -0.0334565 0.999067 -0.0271447 -1.85824 -0.0565105 0.0252257 0.998078 35.2933
0.997954 0.0345021 0.0537653 0.769621 -0.0332144 0.999141 -0.0246619 -1.90367 -0.0545699 0.0228262 0.998249 36.3467
0.997835 0.0367195 0.054495 0.817043 -0.0354198 0.999064 -0.0246242 -1.95016 -0.055348 0.0226411 0.998205 37.4034
0.997792 0.0392095 0.0535363 0.866192 -0.0378015 0.998914 -0.0270638 -1.99723 -0.0545393 0.0249809 0.998198 38.468
0.997594 0.0426791 0.0545774 0.91845 -0.0411364 0.998725 -0.0290829 -2.04649 -0.0557489 0.0267683 0.998082 39.5371
0.997518 0.0445505 0.0544687 0.968987 -0.042945 0.998614 -0.0302992 -2.09712 -0.055743 0.0278855 0.998054 40.6102
0.997467 0.0444174 0.0555116 1.02264 -0.0429763 0.998709 -0.0268892 -2.14474 -0.0566342 0.0244358 0.998092 41.6877
0.997282 0.0467814 0.0568904 1.07575 -0.0454444 0.998661 -0.0245723 -2.19178 -0.0579637 0.0219208 0.998077 42.7656
0.997307 0.0463684 0.0567693 1.13131 -0.0450707 0.998692 -0.0239288 -2.23947 -0.0578045 0.0213061 0.998097 43.8442
0.997272 0.0466225 0.0571919 1.1867 -0.0453668 0.998701 -0.0230601 -2.28271 -0.0581927 0.0204033 0.998096 44.9213
0.997292 0.0456632 0.0575846 1.24733 -0.0443081 0.998709 -0.0245919 -2.32805 -0.0586333 0.0219742 0.998033 45.9987
0.997277 0.0457373 0.0577948 1.30271 -0.0442931 0.998676 -0.0260272 -2.36961 -0.0589086 0.0233971 0.997987 47.0779
0.997255 0.0442804 0.0592671 1.36345 -0.0427536 0.998721 -0.0267836 -2.40663 -0.0603773 0.0241767 0.997878 48.1514
0.997429 0.0409289 0.0587453 1.42999 -0.0392954 0.998812 -0.0286959 -2.44137 -0.0598497 0.0263145 0.997861 49.2255
0.997432 0.0385306 0.0602663 1.50078 -0.0367184 0.998842 -0.0308912 -2.47293 -0.0613866 0.0285994 0.997701 50.2989
0.99751 0.0363427 0.0603354 1.56827 -0.0346203 0.998966 -0.0293503 -2.49803 -0.0613393 0.0271893 0.997747 51.3693
0.997443 0.0346313 0.0624094 1.64055 -0.0331331 0.999136 -0.0248785 -2.52047 -0.0632168 0.0227475 0.997739 52.4227
0.997519 0.0327217 0.0622373 1.71001 -0.0315644 0.999309 -0.0194845 -2.53978 -0.0628315 0.0174726 0.997871 53.4823
0.99755 0.0300595 0.0630726 1.7752 -0.0289839 0.999414 -0.0178954 -2.5599 -0.0635734 0.0160238 0.997847 54.5403
0.997538 0.0287124 0.0638989 1.8402 -0.0275665 0.99944 -0.0187409 -2.58671 -0.0644009 0.0169342 0.997779 55.5896
0.997628 0.026749 0.0633146 1.91017 -0.0253816 0.999422 -0.0222986 -2.61146 -0.0638743 0.0206391 0.997742 56.6452
0.997561 0.0276343 0.0639913 1.97382 -0.0261163 0.999356 -0.0244352 -2.63868 -0.064625 0.0227054 0.99765 57.6916
0.997525 0.0284312 0.0641983 2.03277 -0.0266799 0.999246 -0.0279699 -2.66943 -0.064945 0.0261883 0.997542 58.7319
0.99742 0.0302067 0.0650401 2.08657 -0.0284685 0.999213 -0.0274861 -2.6976 -0.065819 0.0255646 0.997502 59.7683
0.997223 0.0333581 0.0664789 2.14296 -0.0318224 0.999199 -0.0240237 -2.71948 -0.0672269 0.0218419 0.997497 60.7988
0.997179 0.0348763 0.0663795 2.19996 -0.0336391 0.999236 -0.0196644 -2.74022 -0.0670145 0.0173768 0.997598 61.828
0.997177 0.035104 0.0662674 2.25766 -0.0340294 0.999265 -0.0172728 -2.75856 -0.066825 0.0149693 0.99765 62.8529
0.997277 0.0337988 0.065449 2.31685 -0.0329323 0.999352 -0.014271 -2.77311 -0.0658887 0.0120776 0.997751 63.8801
0.99727 0.0331729 0.065858 2.37843 -0.0324336 0.999394 -0.0122587 -2.7901 -0.0662245 0.0100896 0.997753 64.9111
0.997393 0.0324455 0.0643471 2.44023 -0.0319841 0.999451 -0.00818485 -2.8092 -0.0645771 0.00610623 0.997891 65.9493
0.997485 0.0312465 0.0634983 2.50279 -0.0309585 0.999502 -0.0055076 -2.82882 -0.0636383 0.00352822 0.997966 66.9887
0.997473 0.0297685 0.06441 2.56589 -0.0295309 0.99955 -0.00463339 -2.84531 -0.0645187 0.00272035 0.99791 68.0236
0.997559 0.0304387 0.0627071 2.62878 -0.0301403 0.999525 -0.00569167 -2.86546 -0.0628503 0.00378807 0.998014 69.0626
0.997516 0.0314508 0.0629269 2.69055 -0.0311523 0.999495 -0.00571399 -2.88856 -0.0630746 0.00374027 0.997998 70.0979
0.997511 0.0328919 0.0622516 2.75336 -0.0327907 0.999456 -0.00263898 -2.90834 -0.0623041 0.000591431 0.998056 71.1324
0.997461 0.0346073 0.0621287 2.81847 -0.0347963 0.999389 0.00196601 -2.92763 -0.0620226 -0.00412217 0.998062 72.1642
0.997373 0.0357171 0.0628817 2.88489 -0.0361544 0.999327 0.00583838 -2.93886 -0.0626302 -0.00809622 0.998004 73.1888
0.997441 0.0349518 0.0622518 2.94822 -0.035561 0.999326 0.00870986 -2.94724 -0.0619051 -0.0109006 0.998019 74.2013
0.99746 0.0336816 0.0626289 3.0072 -0.0342928 0.999371 0.00871753 -2.95133 -0.0622954 -0.0108429 0.997998 75.206
0.997548 0.0326914 0.0617563 3.06427 -0.0333551 0.999394 0.00975188 -2.95169 -0.0613997 -0.0117873 0.99804 76.2077
0.997509 0.0328558 0.0622898 3.1216 -0.0335881 0.999376 0.0107535 -2.95219 -0.061897 -0.0128187 0.997999 77.205
0.997661 0.0311363 0.0607327 3.1775 -0.0319613 0.999407 0.0126652 -2.95372 -0.0603018 -0.0145761 0.998072 78.2042
0.997712 0.0303125 0.0602877 3.23216 -0.0312512 0.9994 0.0146964 -2.95524 -0.0598055 -0.0165466 0.998071 79.2016
0.997771 0.0286152 0.0601659 3.28673 -0.0296727 0.999417 0.0167632 -2.95472 -0.0596506 -0.0185106 0.998046 80.1994
0.997858 0.0282458 0.0588507 3.34109 -0.0293961 0.999389 0.0187818 -2.95528 -0.0582835 -0.0204714 0.998089 81.1903
0.997924 0.0276844 0.0580186 3.39502 -0.0288581 0.999391 0.019495 -2.95783 -0.057443 -0.0211284 0.998123 82.1593
0.998139 0.0268354 0.054588 3.44416 -0.0279737 0.999402 0.0202059 -2.9593 -0.0540124 -0.0216951 0.998304 83.1127
0.99829 0.0263164 0.0520618 3.48859 -0.0274169 0.999411 0.0205431 -2.95828 -0.0514899 -0.0219348 0.998431 84.0499
0.998395 0.0261085 0.0500927 3.53152 -0.0272568 0.999376 0.0223896 -2.95575 -0.049476 -0.0237188 0.998495 84.9687
0.998543 0.0271508 0.0464775 3.57202 -0.0283194 0.999292 0.0246779 -2.95733 -0.0457738 -0.0259576 0.998614 85.8769
0.998628 0.0278381 0.044201 3.60778 -0.0290333 0.999223 0.0266477 -2.95776 -0.0434238 -0.0278942 0.998673 86.7672
0.998757 0.0278541 0.0412076 3.64202 -0.0290355 0.999174 0.0283606 -2.95225 -0.0403827 -0.0295213 0.998751 87.6424
0.998785 0.0293778 0.039473 3.67348 -0.0305341 0.999114 0.0290313 -2.94761 -0.038584 -0.0302009 0.998806 88.5
0.998843 0.0312099 0.0364629 3.70158 -0.0323115 0.999024 0.0300283 -2.94405 -0.0354892 -0.0311712 0.998887 89.3376
0.998873 0.0324955 0.0345182 3.72581 -0.0335191 0.999004 0.0295158 -2.93968 -0.0335235 -0.0306392 0.998976 90.1476
0.998894 0.0341303 0.0322416 3.7492 -0.035009 0.999016 0.0270938 -2.93725 -0.0312842 -0.0281919 0.999116 90.9344
0.998877 0.0367952 0.0297845 3.76929 -0.0375282 0.999001 0.0244558 -2.93663 -0.0288536 -0.0255457 0.999266 91.6914
0.99886 0.0385053 0.0281387 3.78638 -0.0391858 0.998939 0.0240443 -2.93533 -0.0271821 -0.0251188 0.999319 92.4193
0.998819 0.0401775 0.027255 3.80184 -0.0408311 0.998885 0.0238817 -2.93375 -0.0262638 -0.024966 0.999352 93.1237
0.998748 0.041315 0.0280643 3.81396 -0.0420253 0.998795 0.0252136 -2.92887 -0.0269878 -0.0263608 0.99929 93.8022
0.998505 0.0446944 0.0314195 3.82232 -0.0455486 0.998601 0.0270333 -2.92414 -0.030166 -0.0284236 0.999149 94.4597
0.99821 0.0474283 0.0362903 3.83363 -0.0484848 0.998404 0.0288088 -2.91917 -0.0348652 -0.0305162 0.998929 95.0994
0.997874 0.0478306 0.0442441 3.85237 -0.0492217 0.998313 0.0309155 -2.91402 -0.0426896 -0.0330273 0.998549 95.7136
0.997444 0.0475358 0.0532362 3.8756 -0.0493507 0.998222 0.0333139 -2.90876 -0.0515573 -0.0358556 0.998028 96.3088
0.996784 0.046491 0.0652467 3.90663 -0.0488133 0.998216 0.0344671 -2.902 -0.0635269 -0.0375409 0.99728 96.8832
0.995882 0.0454351 0.0783681 3.94462 -0.048313 0.998207 0.0352264 -2.8963 -0.0766267 -0.0388672 0.996304 97.4327
0.994643 0.0439302 0.0935431 3.99092 -0.04739 0.998261 0.0350939 -2.88716 -0.091838 -0.0393387 0.995002 97.9651
0.99291 0.0432941 0.110638 4.04655 -0.0472586 0.998316 0.033464 -2.88075 -0.109004 -0.038455 0.993297 98.4771
0.990364 0.04325 0.13154 4.10833 -0.0475575 0.998424 0.0297837 -2.87566 -0.130044 -0.0357522 0.990868 98.97
0.98689 0.0423568 0.155679 4.18504 -0.0469518 0.998552 0.0259562 -2.86973 -0.154356 -0.032925 0.987464 99.4492
0.982476 0.0401441 0.181994 4.27253 -0.0452209 0.998694 0.0238321 -2.8676 -0.1808 -0.0316443 0.983015 99.9069
0.976535 0.037593 0.212009 4.37091 -0.0433926 0.998789 0.0227675 -2.8628 -0.210899 -0.0314325 0.977 100.345
0.969256 0.0351271 0.24352 4.48444 -0.0414217 0.998927 0.0207756 -2.86105 -0.24253 -0.0302237 0.969676 100.765
0.959711 0.0332549 0.278985 4.61294 -0.0401091 0.999007 0.0188943 -2.86092 -0.278084 -0.0293224 0.960107 101.168
0.948311 0.0297191 0.315938 4.7527 -0.0372503 0.99915 0.0178247 -2.86118 -0.31514 -0.0286721 0.948615 101.552
0.934294 0.0278328 0.355392 4.90746 -0.0360073 0.999208 0.0164063 -2.86535 -0.354659 -0.0281245 0.93457 101.919
0.91827 0.0278541 0.394965 5.07137 -0.0367337 0.999216 0.0149373 -2.86335 -0.39424 -0.028225 0.918577 102.27
0.898609 0.0303071 0.437681 5.24673 -0.0398176 0.999118 0.0125663 -2.86439 -0.436921 -0.0287192 0.899038 102.601
0.876182 0.0290606 0.481096 5.43494 -0.0401168 0.999113 0.0127105 -2.86096 -0.480303 -0.0304367 0.876577 102.919
0.852047 0.0288191 0.522654 5.63267 -0.0412007 0.999067 0.012078 -2.86624 -0.521827 -0.0318243 0.852454 103.217
0.824341 0.0271201 0.565437 5.84429 -0.0401526 0.999134 0.0106165 -2.86819 -0.564664 -0.0314552 0.824724 103.505
0.795535 0.027731 0.605256 6.06468 -0.040272 0.999151 0.0071546 -2.87317 -0.604555 -0.0300662 0.795991 103.778
0.763096 0.0287686 0.645638 6.29773 -0.0403947 0.999176 0.0032221 -2.87657 -0.645019 -0.028539 0.763637 104.038
0.728938 0.0336307 0.68374 6.53448 -0.0432028 0.99905 -0.00308096 -2.87906 -0.683206 -0.0272932 0.729711 104.284
0.690992 0.0386296 0.721824 6.7871 -0.0462055 0.998886 -0.009225 -2.87778 -0.721383 -0.0269777 0.692014 104.523
0.650707 0.0433981 0.758076 7.05047 -0.0506739 0.99861 -0.0136714 -2.88061 -0.757629 -0.0295182 0.652013 104.749
0.607728 0.0426269 0.792995 7.33028 -0.0497657 0.998637 -0.0155419 -2.88572 -0.792584 -0.0300185 0.609027 104.954
0.562864 0.0394653 0.825597 7.62445 -0.0471708 0.998754 -0.0155832 -2.89058 -0.825197 -0.0301724 0.564034 105.145
0.515954 0.0369438 0.855816 7.93362 -0.0464421 0.998804 -0.0151172 -2.89191 -0.855357 -0.0319459 0.517058 105.318
0.465992 0.0351043 0.884081 8.25192 -0.046801 0.99878 -0.0149902 -2.8868 -0.883546 -0.0343902 0.467074 105.481
0.416021 0.0328312 0.908758 8.58586 -0.0462477 0.998814 -0.0149128 -2.87854 -0.90818 -0.0358237 0.417051 105.623
0.362461 0.0285629 0.931552 8.93488 -0.0449759 0.998891 -0.0131276 -2.87728 -0.93091 -0.0371387 0.36335 105.744
0.309366 0.0277546 0.950535 9.2972 -0.0471727 0.998786 -0.0138104 -2.87953 -0.949774 -0.0405666 0.310303 105.848
0.256269 0.0316832 0.966078 9.66693 -0.0512637 0.998491 -0.0191475 -2.89225 -0.965242 -0.0446175 0.257511 105.931
0.204072 0.0353919 0.978313 10.046 -0.0523932 0.998305 -0.025186 -2.90821 -0.977555 -0.046117 0.205583 105.992
0.155788 0.0380974 0.987047 10.4271 -0.0516501 0.998192 -0.0303753 -2.92512 -0.986437 -0.0462487 0.157477 106.037
0.113165 0.0377854 0.992853 10.8176 -0.0449911 0.998443 -0.0328698 -2.94534 -0.99256 -0.0409496 0.11469 106.06
0.0773064 0.0375323 0.996292 11.2092 -0.0382409 0.998656 -0.0346539 -2.96395 -0.996271 -0.0354197 0.0786393 106.065
0.0455961 0.0384018 0.998217 11.6005 -0.0340125 0.998739 -0.0368679 -2.98566 -0.998384 -0.0322706 0.0468453 106.058
0.0171009 0.0365814 0.999174 12.0009 -0.0355751 0.998708 -0.0359552 -2.9962 -0.999219 -0.0349305 0.0183805 106.056
-0.00909708 0.0329264 0.999412 12.4106 -0.0401531 0.998638 -0.0332661 -3.00493 -0.999155 -0.040432 -0.00776247 106.051
-0.0337892 0.0294516 0.998985 12.8259 -0.0430018 0.998587 -0.0308938 -3.01362 -0.998502 -0.0440017 -0.0324755 106.044
-0.0562241 0.0273749 0.99804 13.2568 -0.0384 0.998824 -0.0295595 -3.02291 -0.997683 -0.0399864 -0.0551072 106.029
-0.0768083 0.0275631 0.996655 13.7082 -0.0326189 0.999004 -0.0301412 -3.04021 -0.99651 -0.0348246 -0.0758339 106.003
-0.0955412 0.0301802 0.994962 14.1633 -0.0269885 0.999093 -0.0328967 -3.05305 -0.995062 -0.0299953 -0.0946405 105.961
-0.10989 0.0352391 0.993309 14.6315 -0.0256822 0.998928 -0.038279 -3.06519 -0.99361 -0.0297164 -0.108868 105.917
-0.121919 0.0393359 0.991753 15.115 -0.0281011 0.998675 -0.0430646 -3.0801 -0.992144 -0.0331195 -0.120652 105.869
-0.128569 0.0404636 0.990863 15.6169 -0.0253894 0.998694 -0.0440772 -3.09866 -0.991373 -0.030824 -0.127376 105.813
-0.131923 0.0378133 0.990531 16.1393 -0.0196281 0.998974 -0.0407495 -3.1227 -0.991067 -0.0248177 -0.131047 105.751
-0.132436 0.0375619 0.990467 16.6793 -0.0180499 0.999013 -0.0402988 -3.14571 -0.991024 -0.0232145 -0.13163 105.684
-0.130937 0.0372925 0.990683 17.2363 -0.0182942 0.999027 -0.0400244 -3.17029 -0.991223 -0.023364 -0.130129 105.616
-0.129913 0.0377294 0.990794 17.8109 -0.0219763 0.99891 -0.0409193 -3.19289 -0.991278 -0.0270896 -0.128945 105.548
-0.128524 0.0389216 0.990933 18.3962 -0.0236565 0.998816 -0.0422995 -3.21787 -0.991423 -0.0288783 -0.127453 105.478
-0.12788 0.0391008 0.991005 19.004 -0.0249114 0.998769 -0.0426211 -3.25655 -0.991472 -0.0301375 -0.126751 105.403
-0.128026 0.0392929 0.990981 19.6361 -0.024096 0.998787 -0.0427154 -3.29235 -0.991477 -0.0293471 -0.126926 105.323
-0.128039 0.0383396 0.991014 20.2835 -0.0250197 0.998798 -0.0418725 -3.33668 -0.991449 -0.030156 -0.126929 105.243
-0.129541 0.0368982 0.990877 20.9471 -0.0237046 0.998899 -0.0402958 -3.37381 -0.991288 -0.0287081 -0.128525 105.16
-0.131428 0.0344724 0.990715 21.6257 -0.0238893 0.998984 -0.0379286 -3.41788 -0.991033 -0.0286521 -0.130474 105.073
-0.133444 0.0332895 0.990487 22.317 -0.0259005 0.998968 -0.0370639 -3.45865 -0.990715 -0.0305998 -0.132446 104.984
-0.13592 0.0322396 0.990183 23.0173 -0.0277931 0.998942 -0.0363392 -3.49819 -0.990325 -0.0324592 -0.134883 104.892
-0.137645 0.0307741 0.989995 23.722 -0.0260827 0.999051 -0.034682 -3.53509 -0.990138 -0.0305952 -0.136714 104.794
-0.141049 0.0284487 0.989581 24.4325 -0.0248303 0.999159 -0.0322626 -3.56915 -0.989687 -0.0291219 -0.140227 104.692
-0.143848 0.0280688 0.989191 25.1497 -0.0271369 0.999101 -0.0322961 -3.60313 -0.989226 -0.0314891 -0.142959 104.589
-0.146424 0.0308681 0.988727 25.8728 -0.0299762 0.998903 -0.0356244 -3.63955 -0.988763 -0.0348545 -0.145341 104.487
-0.148907 0.0355714 0.988202 26.6047 -0.029706 0.998733 -0.0404267 -3.67346 -0.988404 -0.0353752 -0.147664 104.381
-0.150254 0.0368676 0.987947 27.3442 -0.0287415 0.998707 -0.0416397 -3.70969 -0.988226 -0.0346514 -0.149003 104.273
-0.152342 0.0350796 0.987696 28.0827 -0.0316055 0.998681 -0.0403443 -3.74526 -0.987821 -0.0373627 -0.151034 104.17
-0.154114 0.0310539 0.987553 28.8236 -0.0350053 0.998696 -0.0368665 -3.78043 -0.987429 -0.0402512 -0.152829 104.065
-0.155855 0.0261495 0.987425 29.5685 -0.0368067 0.998799 -0.0322601 -3.81378 -0.987091 -0.0413719 -0.154708 103.962
-0.156508 0.0206312 0.98745 30.3121 -0.0416418 0.998746 -0.0274666 -3.84835 -0.986795 -0.0454179 -0.155455 103.86
-0.157536 0.0185708 0.987329 31.0645 -0.0440999 0.998689 -0.0258208 -3.87939 -0.986524 -0.047609 -0.156513 103.752
-0.157813 0.0258835 0.987118 31.8207 -0.0418416 0.998574 -0.0328725 -3.91627 -0.986578 -0.0464903 -0.156508 103.641
-0.156458 0.0360098 0.987019 32.5802 -0.0389137 0.99833 -0.0425908 -3.9575 -0.986913 -0.0450724 -0.154798 103.532
-0.15632 0.0412097 0.986836 33.3409 -0.0389042 0.998087 -0.0478417 -3.99941 -0.986936 -0.0458706 -0.15442 103.42
-0.153801 0.0369086 0.987403 34.1066 -0.0377119 0.998349 -0.0431918 -4.03634 -0.987377 -0.0438798 -0.152158 103.305
-0.152588 0.0305224 0.987809 34.8818 -0.0349623 0.998724 -0.0362596 -4.07209 -0.987669 -0.0400688 -0.151329 103.19
-0.152939 0.0271978 0.987851 35.6573 -0.0342361 0.998869 -0.0328014 -4.11221 -0.987637 -0.0388368 -0.151838 103.073
-0.152484 0.0271836 0.987922 36.4258 -0.0361365 0.998793 -0.0330596 -4.15603 -0.987642 -0.0407411 -0.15132 102.957
-0.154826 0.0274596 0.98755 37.1859 -0.0390365 0.998656 -0.0338884 -4.19949 -0.987165 -0.0437974 -0.153549 102.841
-0.156446 0.0266699 0.987315 37.943 -0.0405602 0.998611 -0.0334014 -4.23896 -0.98685 -0.0452713 -0.15515 102.728
-0.159525 0.0261802 0.986836 38.696 -0.0417805 0.998568 -0.0332453 -4.27754 -0.986304 -0.0465341 -0.158205 102.616
-0.1611 0.0259175 0.986587 39.4471 -0.0422077 0.998552 -0.0331233 -4.31978 -0.986031 -0.0469778 -0.159775 102.507
-0.162737 0.025486 0.98633 40.1882 -0.0440831 0.998476 -0.0330731 -4.35936 -0.985679 -0.0488629 -0.161368 102.399
-0.165731 0.0246563 0.985853 40.9214 -0.0440353 0.998498 -0.0323747 -4.3958 -0.985183 -0.048778 -0.164399 102.289
-0.167353 0.0236505 0.985603 41.6534 -0.0431536 0.998575 -0.0312891 -4.43347 -0.984947 -0.0477689 -0.166096 102.173
-0.170083 0.0237186 0.985133 42.3864 -0.0433955 0.998552 -0.0315332 -4.46495 -0.98447 -0.0481137 -0.168811 102.059
-0.171216 0.023799 0.984936 43.1241 -0.0435667 0.998543 -0.031701 -4.506 -0.984264 -0.0483382 -0.169932 101.941
-0.172403 0.0243195 0.984715 43.8549 -0.0429327 0.998551 -0.0321772 -4.54239 -0.984087 -0.0478239 -0.171112 101.825
-0.173491 0.0230105 0.984557 44.5872 -0.0404952 0.998715 -0.0304767 -4.57487 -0.983997 -0.0451575 -0.172338 101.702
-0.175632 0.0222082 0.984194 45.3223 -0.0395933 0.998769 -0.0296019 -4.60664 -0.983656 -0.0441665 -0.17454 101.575
-0.178147 0.0209542 0.983772 46.0589 -0.0393003 0.998825 -0.0283912 -4.64283 -0.983213 -0.0437205 -0.177117 101.452
-0.178572 0.021119 0.983687 46.7849 -0.0402657 0.998765 -0.0287516 -4.67869 -0.983097 -0.0447432 -0.177504 101.326
-0.180204 0.019908 0.983417 47.504 -0.0404082 0.998803 -0.0276234 -4.70776 -0.982793 -0.0447162 -0.179186 101.202
-0.17991 0.0189442 0.983488 48.21 -0.0401185 0.998832 -0.0265779 -4.74063 -0.982859 -0.0442379 -0.178944 101.077
-0.182447 0.0201487 0.982996 48.908 -0.0399631 0.99881 -0.0278895 -4.76907 -0.982397 -0.044372 -0.181427 100.942
-0.1821 0.0205661 0.983051 49.5921 -0.0414417 0.998722 -0.0285699 -4.79892 -0.9824 -0.0459421 -0.181019 100.813
-0.183184 0.0227589 0.982802 50.2688 -0.0415372 0.998658 -0.0308676 -4.82697 -0.982194 -0.0464774 -0.181995 100.686
-0.184722 0.0222491 0.982525 50.9399 -0.0406169 0.998706 -0.0302512 -4.85748 -0.981945 -0.0454955 -0.183583 100.559
-0.185086 0.0220471 0.982461 51.6138 -0.0385366 0.998816 -0.0296733 -4.88941 -0.981961 -0.043353 -0.184019 100.43
-0.187208 0.019893 0.982103 52.29 -0.0374324 0.998911 -0.0273682 -4.92507 -0.9816 -0.0418863 -0.186264 100.303
-0.18708 0.0197675 0.982131 52.9694 -0.0409138 0.998772 -0.027895 -4.96287 -0.981485 -0.0454016 -0.186043 100.178
-0.18913 0.0193018 0.981747 53.6428 -0.0430909 0.998667 -0.0279352 -5.00189 -0.981 -0.047588 -0.18805 100.055
-0.188486 0.0175147 0.981906 54.312 -0.0420164 0.998783 -0.0258804 -5.0415 -0.98117 -0.0461345 -0.187522 99.9342
-0.189841 0.0157974 0.981672 54.9827 -0.0432305 0.998752 -0.0244317 -5.07963 -0.980856 -0.0470767 -0.188925 99.8127
-0.193776 0.0139737 0.980933 55.6599 -0.049416 0.998491 -0.0239847 -5.11613 -0.979794 -0.0531218 -0.192795 99.6948
-0.198372 0.0147542 0.979999 56.3454 -0.0518496 0.998313 -0.0255247 -5.15109 -0.978747 -0.0558763 -0.197277 99.5739
-0.204373 0.0172059 0.978727 57.0237 -0.0504232 0.998332 -0.0280788 -5.18992 -0.977586 -0.0550895 -0.203166 99.4467
-0.211188 0.0199483 0.977225 57.6968 -0.0478352 0.998365 -0.030717 -5.22852 -0.976267 -0.053233 -0.209893 99.3182
-0.218774 0.0221394 0.975508 58.3692 -0.0469766 0.998343 -0.0331919 -5.26665 -0.974637 -0.0530879 -0.217373 99.1838
-0.225371 0.0208685 0.974033 59.0357 -0.0500771 0.998183 -0.0329722 -5.29847 -0.972979 -0.0562079 -0.223922 99.0476
-0.231954 0.0191505 0.972522 59.7043 -0.0506899 0.998209 -0.0317453 -5.33009 -0.971398 -0.0566609 -0.23057 98.9066
-0.236859 0.0186432 0.971348 60.3737 -0.0524199 0.998097 -0.0319384 -5.36148 -0.970122 -0.0584829 -0.235436 98.7565
-0.240883 0.0174921 0.970381 61.0487 -0.0538592 0.998055 -0.0313598 -5.38902 -0.969052 -0.0598184 -0.239475 98.6053
-0.244608 0.0144492 0.969498 61.7172 -0.0534776 0.998149 -0.0283681 -5.417 -0.96814 -0.0587855 -0.243388 98.4458
-0.248874 0.010279 0.968466 62.3854 -0.0534106 0.998275 -0.0243199 -5.44216 -0.967056 -0.0577793 -0.247898 98.2832
-0.251744 0.00774977 0.967748 63.0592 -0.0531874 0.998331 -0.0218299 -5.47285 -0.966325 -0.0569674 -0.250918 98.1153
-0.253064 0.00691231 0.967409 63.7306 -0.0536445 0.998334 -0.0211653 -5.49498 -0.965954 -0.0572527 -0.252274 97.9466
-0.254156 0.0100241 0.967096 64.3989 -0.050897 0.998406 -0.0237239 -5.52246 -0.965817 -0.0552517 -0.253247 97.7795
-0.255299 0.0156645 0.966718 65.0698 -0.044027 0.99864 -0.0278077 -5.54961 -0.965852 -0.0496611 -0.254265 97.6051
-0.25596 0.0191696 0.966481 65.741 -0.0392802 0.998756 -0.0302121 -5.57989 -0.965883 -0.0456965 -0.254894 97.4253
-0.257899 0.020684 0.965933 66.4184 -0.0380792 0.998773 -0.0315531 -5.60591 -0.965414 -0.0449196 -0.256798 97.2452
-0.257763 0.0175774 0.966033 67.1013 -0.0407808 0.998732 -0.0290531 -5.62994 -0.965341 -0.0468843 -0.256725 97.0676
-0.258676 0.012695 0.965862 67.7855 -0.0411508 0.998857 -0.0241488 -5.64979 -0.965081 -0.0459927 -0.25786 96.8862
-0.259259 0.0101751 0.965741 68.4732 -0.0396416 0.998977 -0.0211667 -5.66656 -0.964988 -0.0437709 -0.258596 96.7029
-0.259698 0.00972974 0.965622 69.1597 -0.0389723 0.999024 -0.0205468 -5.68574 -0.964896 -0.0429685 -0.259068 96.5189
-0.261894 0.0101972 0.965029 69.8486 -0.0422495 0.998853 -0.0220198 -5.70394 -0.964165 -0.0465388 -0.261168 96.3343
-0.264004 0.0098479 0.964451 70.541 -0.0438321 0.998788 -0.022196 -5.7268 -0.963517 -0.048134 -0.263255 96.1501
-0.266965 0.00977781 0.963641 71.2349 -0.0444957 0.998745 -0.0224604 -5.74914 -0.962671 -0.0488739 -0.2662 95.9635
-0.267691 0.00740317 0.963457 71.9289 -0.044732 0.998793 -0.0201024 -5.77008 -0.962458 -0.0484787 -0.267039 95.7761
-0.268915 0.00616051 0.963128 72.6197 -0.0475674 0.998662 -0.0196685 -5.78985 -0.961981 -0.0511025 -0.268268 95.6019
-0.270713 0.005765 0.962623 73.3143 -0.0497739 0.998557 -0.0199769 -5.80697 -0.961365 -0.0533218 -0.270038 95.4309
-0.271233 0.00652466 0.962474 74.0153 -0.0518459 0.998415 -0.0213782 -5.82777 -0.961111 -0.0556987 -0.270469 95.2653
-0.27191 0.00644097 0.96228 74.7228 -0.0529456 0.998357 -0.0216423 -5.84638 -0.960857 -0.0568335 -0.271126 95.0944
-0.272304 0.00564264 0.962176 75.4262 -0.0553481 0.998224 -0.0215173 -5.8625 -0.960611 -0.0591139 -0.271513 94.911
-0.273772 0.00399314 0.961765 76.1302 -0.0558085 0.998233 -0.0200298 -5.87799 -0.960167 -0.0591584 -0.273068 94.7261
-0.274011 0.00293585 0.961704 76.8341 -0.0587817 0.998063 -0.0197945 -5.88364 -0.959922 -0.0619544 -0.273312 94.5307
-0.275066 0.00248732 0.961401 77.5476 -0.0617696 0.997876 -0.0202535 -5.87488 -0.959432 -0.0649566 -0.274332 94.358
-0.277848 0.00298148 0.960603 78.2639 -0.0630189 0.997771 -0.0213242 -5.86318 -0.958548 -0.0664609 -0.277046 94.1998
-0.278997 0.0028698 0.960267 78.9761 -0.0642067 0.997691 -0.0216353 -5.8478 -0.958134 -0.067692 -0.278174 94.0292
-0.282636 0.0035195 0.959204 79.6919 -0.06555 0.997572 -0.0229746 -5.83975 -0.956978 -0.0693691 -0.281724 93.8439
-0.28352 0.00770731 0.958914 80.4008 -0.067734 0.997298 -0.0280415 -5.83043 -0.956561 -0.0729018 -0.282237 93.6537
-0.285634 0.00942634 0.958275 81.1215 -0.0670545 0.997293 -0.0297967 -5.84171 -0.955982 -0.0727678 -0.284234 93.442
-0.285257 0.012404 0.958349 81.8633 -0.0674414 0.997166 -0.0329796 -5.85763 -0.956065 -0.0740404 -0.283617 93.2238
-0.284873 0.013956 0.958445 82.6095 -0.0654536 0.997264 -0.033975 -5.87384 -0.956322 -0.0724123 -0.283184 92.9989
-0.285516 0.0141594 0.958248 83.3661 -0.0615975 0.997541 -0.0330922 -5.89053 -0.956384 -0.0684743 -0.283946 92.763
-0.283519 0.0125746 0.958865 84.1355 -0.0606287 0.997667 -0.0310096 -5.91256 -0.957041 -0.0669266 -0.282099 92.524
-0.284007 0.0106384 0.958742 84.9173 -0.0615346 0.997664 -0.0292974 -5.93652 -0.956837 -0.0673168 -0.282694 92.2846
-0.280536 0.00926232 0.959781 85.704 -0.0612018 0.997735 -0.0275169 -5.96209 -0.957883 -0.0664599 -0.279338 92.045
-0.28047 0.0070219 0.959818 86.4966 -0.0610487 0.997809 -0.0251379 -5.98641 -0.95791 -0.0656464 -0.279432 91.8044
-0.2784 0.00407783 0.960438 87.2918 -0.0613934 0.997859 -0.0220321 -6.01714 -0.958494 -0.0650983 -0.277558 91.5623
-0.278207 0.00370804 0.960494 88.0825 -0.0638232 0.997702 -0.0223369 -6.05023 -0.958389 -0.0675166 -0.277336 91.3216
-0.278273 0.00760995 0.960454 88.8837 -0.0627123 0.99768 -0.026074 -6.08522 -0.958446 -0.0674881 -0.277154 91.0834
-0.276268 0.0123241 0.960981 89.6818 -0.0618881 0.997603 -0.0305844 -6.12018 -0.959077 -0.0679231 -0.274848 90.8486
-0.276605 0.014838 0.96085 90.4823 -0.0644877 0.997329 -0.0339651 -6.16227 -0.958811 -0.0713582 -0.274913 90.6121
-0.274601 0.0150681 0.961421 91.2865 -0.0648001 0.997303 -0.0341374 -6.20579 -0.959364 -0.0716746 -0.272889 90.3806
-0.275122 0.0122789 0.961313 92.096 -0.0641879 0.997443 -0.03111 -6.24826 -0.959257 -0.070264 -0.273635 90.1473
-0.273371 0.0123031 0.961812 92.9069 -0.0618136 0.997616 -0.0303289 -6.29029 -0.959913 -0.0677442 -0.271964 89.9184
-0.274295 0.0125325 0.961546 93.7181 -0.061601 0.997623 -0.0305746 -6.33275 -0.959663 -0.067619 -0.272875 89.6888
-0.274571 0.0120769 0.961473 94.5311 -0.0628327 0.997547 -0.0304723 -6.37377 -0.959506 -0.0687787 -0.273143 89.457
-0.27392 0.0122566 0.961657 95.3441 -0.059537 0.997775 -0.0296749 -6.41317 -0.959901 -0.0653829 -0.272585 89.2265
-0.273179 0.0120624 0.961871 96.1588 -0.0554121 0.998053 -0.0282526 -6.45077 -0.96036 -0.061017 -0.271983 88.9954
-0.272246 0.013024 0.962121 96.976 -0.0551899 0.99804 -0.0291264 -6.48922 -0.960636 -0.0610291 -0.270998 88.7658
-0.272089 0.0150954 0.962136 97.7907 -0.0531914 0.998103 -0.0307009 -6.52546 -0.960797 -0.0595305 -0.270774 88.5406
-0.270566 0.0156122 0.962556 98.6042 -0.0559358 0.997913 -0.0319082 -6.56248 -0.961067 -0.0624748 -0.269133 88.3142
-0.269969 0.012711 0.962768 99.4169 -0.0567504 0.997959 -0.0290877 -6.60244 -0.961191 -0.0624903 -0.2687 88.0968
-0.270337 0.0107357 0.962688 100.23 -0.0597989 0.99781 -0.0279191 -6.64568 -0.9609 -0.0651155 -0.269107 87.8779
-0.270875 0.0114852 0.962528 101.042 -0.0625897 0.997596 -0.0295165 -6.68594 -0.960573 -0.0682399 -0.269509 87.659
-0.27242 0.0138493 0.96206 101.855 -0.0659201 0.997268 -0.0330216 -6.72747 -0.959911 -0.0724152 -0.270767 87.4404
-0.272169 0.0154045 0.962109 102.665 -0.067458 0.9971 -0.0350465 -6.77109 -0.959878 -0.0744408 -0.270344 87.2258
-0.272018 0.0156879 0.962145 103.472 -0.0672887 0.997098 -0.035281 -6.81501 -0.959929 -0.0743388 -0.270177 87.0084
-0.272607 0.0159532 0.961977 104.277 -0.0662294 0.997173 -0.0353038 -6.85478 -0.95984 -0.0733352 -0.270782 86.7906
-0.272403 0.016622 0.96202 105.081 -0.0654214 0.997205 -0.0357537 -6.89381 -0.95995 -0.0726764 -0.270558 86.5735
-0.273263 0.0188034 0.961738 105.884 -0.0654208 0.997122 -0.0380823 -6.93129 -0.959708 -0.0733241 -0.27125 86.357
-0.271797 0.0193031 0.962141 106.686 -0.0660404 0.997056 -0.0386588 -6.96916 -0.960079 -0.0740478 -0.269726 86.1417
-0.273438 0.018856 0.961688 107.479 -0.0678151 0.996933 -0.0388277 -7.00545 -0.959493 -0.0758338 -0.271324 85.9252
-0.274932 0.0182961 0.961271 108.265 -0.0677667 0.996952 -0.0383564 -7.03987 -0.959065 -0.0756878 -0.272858 85.7107
-0.277446 0.0191338 0.960535 109.047 -0.0675007 0.996932 -0.0393548 -7.07608 -0.958365 -0.0757552 -0.275307 85.4974
-0.280715 0.0200255 0.959563 109.824 -0.0677106 0.996866 -0.0406116 -7.11557 -0.957393 -0.0763732 -0.278484 85.2842
-0.283568 0.0209024 0.958708 110.598 -0.0684773 0.996757 -0.0419851 -7.15464 -0.956503 -0.0775549 -0.281221 85.0686
-0.286813 0.0206123 0.957746 111.37 -0.0678504 0.996809 -0.0417711 -7.1936 -0.955574 -0.0769642 -0.284504 84.8506
-0.289093 0.0201837 0.957074 112.143 -0.0673173 0.996862 -0.0413554 -7.23298 -0.954932 -0.0763825 -0.286831 84.6289
-0.292288 0.0206868 0.956088 112.913 -0.066107 0.996925 -0.0417793 -7.27239 -0.954037 -0.0754158 -0.290026 84.406
-0.294268 0.0229471 0.955434 113.68 -0.0689511 0.996585 -0.045171 -7.31441 -0.953233 -0.0791699 -0.291685 84.1831
-0.296479 0.0288305 0.954585 114.445 -0.0697411 0.996209 -0.0517472 -7.36039 -0.952484 -0.081916 -0.293349 83.9613
-0.299883 0.031636 0.953438 115.207 -0.066455 0.996318 -0.0539599 -7.40783 -0.951659 -0.0795417 -0.296682 83.7352
-0.302178 0.0293276 0.952782 115.967 -0.0655342 0.996511 -0.0514571 -7.45312 -0.950991 -0.0779891 -0.299206 83.5071
-0.305285 0.0232078 0.951966 116.726 -0.0662335 0.996754 -0.045539 -7.49352 -0.949957 -0.0769536 -0.302761 83.2774
-0.3069 0.0216412 0.951479 117.483 -0.0666919 0.996783 -0.0441824 -7.53524 -0.949398 -0.0770155 -0.304474 83.046
-0.308588 0.0236578 0.950889 118.24 -0.0674769 0.996617 -0.0466924 -7.57916 -0.948802 -0.078571 -0.305953 82.8133
-0.310533 0.0251664 0.950213 118.997 -0.0706102 0.996266 -0.049461 -7.62543 -0.947932 -0.0824541 -0.307601 82.5793
-0.312359 0.02836 0.949528 119.752 -0.0707378 0.996074 -0.0530193 -7.67406 -0.947329 -0.0837279 -0.309132 82.344
-0.314818 0.0314017 0.948617 120.504 -0.06872 0.996066 -0.0557778 -7.72585 -0.946657 -0.0827489 -0.311426 82.1076
-0.316414 0.0359064 0.94793 121.257 -0.0685185 0.995798 -0.0605899 -7.78142 -0.946145 -0.0841215 -0.31263 81.8696
-0.319337 0.0369373 0.946906 122.006 -0.069635 0.995616 -0.0623205 -7.83732 -0.945076 -0.0858393 -0.315369 81.6292
-0.321959 0.0360427 0.946055 122.754 -0.0682916 0.995779 -0.0611769 -7.89211 -0.944289 -0.0843034 -0.318143 81.3865
-0.325831 0.0340063 0.944803 123.498 -0.0657747 0.996111 -0.0585359 -7.94415 -0.943133 -0.0812173 -0.322332 81.1399
-0.330522 0.0324206 0.943229 124.242 -0.0662296 0.996141 -0.0574461 -7.99619 -0.941474 -0.0814562 -0.327105 80.8886
-0.336129 0.0315911 0.941274 124.983 -0.0651503 0.996259 -0.0567011 -8.04791 -0.939556 -0.0803834 -0.332818 80.6344
-0.344564 0.0315423 0.93822 125.72 -0.0664623 0.996099 -0.0578953 -8.1002 -0.93641 -0.0823041 -0.341129 80.374
-0.354139 0.0324562 0.934617 126.453 -0.0655329 0.996075 -0.0594212 -8.15297 -0.93289 -0.0822917 -0.350627 80.1074
-0.3661 0.0327179 0.929988 127.179 -0.0652103 0.996014 -0.0607103 -8.20635 -0.92829 -0.0828701 -0.362513 79.8332
-0.378275 0.0339775 0.925057 127.9 -0.0641015 0.995961 -0.0627938 -8.26106 -0.923467 -0.083051 -0.374575 79.5531
-0.390286 0.0342525 0.920044 128.615 -0.0604836 0.996185 -0.0627434 -8.31569 -0.918707 -0.0801346 -0.386732 79.2651
-0.401263 0.033689 0.915331 129.325 -0.0609339 0.996123 -0.0633742 -8.37071 -0.91393 -0.0812045 -0.39766 78.9697
-0.411217 0.0345518 0.91087 130.027 -0.0573787 0.996309 -0.0636954 -8.42754 -0.909732 -0.0784565 -0.407724 78.6679
-0.41983 0.0365867 0.906852 130.722 -0.0501954 0.996717 -0.0634496 -8.48118 -0.90621 -0.0721577 -0.416621 78.3608
-0.426983 0.037098 0.903485 131.408 -0.0483445 0.996782 -0.0637751 -8.53572 -0.902968 -0.0709086 -0.423823 78.0473
-0.433098 0.0360804 0.90061 132.086 -0.0510028 0.996617 -0.0644525 -8.58971 -0.899899 -0.0738482 -0.429796 77.7305
-0.43715 0.0350719 0.898691 132.76 -0.0469582 0.996975 -0.0617482 -8.64091 -0.898163 -0.0691934 -0.434189 77.4113
-0.439699 0.0348245 0.897455 133.429 -0.043105 0.997277 -0.0598157 -8.69194 -0.897107 -0.0649858 -0.437005 77.0908
-0.44005 0.0343917 0.897301 134.093 -0.0382181 0.997633 -0.0569786 -8.74045 -0.897161 -0.0593658 -0.437702 76.7738
-0.441309 0.0344905 0.896677 134.75 -0.0359129 0.997781 -0.056053 -8.79026 -0.896634 -0.0569389 -0.439094 76.4578
-0.441743 0.0376275 0.896339 135.399 -0.0347715 0.99764 -0.0590153 -8.84022 -0.896468 -0.0572358 -0.439401 76.145
-0.440729 0.0409316 0.896693 136.037 -0.0339744 0.997485 -0.0622296 -8.88745 -0.896996 -0.0578909 -0.438232 75.8303
-0.440391 0.0420922 0.896805 136.665 -0.0297609 0.997657 -0.0614389 -8.9235 -0.897313 -0.0537461 -0.438114 75.5203
-0.438766 0.0411451 0.897644 137.281 -0.0293296 0.997763 -0.0600692 -8.95298 -0.898121 -0.0526837 -0.436581 75.214
-0.437291 0.04121 0.898363 137.889 -0.0267837 0.9979 -0.0588123 -8.98192 -0.898922 -0.0497788 -0.435277 74.9159
-0.43582 0.0419852 0.899039 138.486 -0.0278922 0.997802 -0.0601173 -9.0022 -0.8996 -0.0512765 -0.433695 74.6276
-0.433516 0.0456175 0.89998 139.075 -0.0259623 0.997663 -0.0630743 -9.01424 -0.900773 -0.0507085 -0.431327 74.3432
-0.430523 0.0481212 0.901282 139.665 -0.0252731 0.997545 -0.0653322 -9.01546 -0.902225 -0.0509051 -0.428253 74.0577
-0.425873 0.0485136 0.903472 140.239 -0.0283877 0.997346 -0.0669353 -9.02986 -0.904338 -0.0541527 -0.423375 73.7667
-0.422353 0.0481604 0.905136 140.817 -0.0294006 0.997335 -0.0667837 -9.04396 -0.905953 -0.0548179 -0.419815 73.4784
-0.418254 0.046525 0.907129 141.396 -0.0296715 0.997447 -0.0648375 -9.06868 -0.907847 -0.0540337 -0.415815 73.1871
-0.415465 0.0460827 0.908427 141.984 -0.0306443 0.997442 -0.0646119 -9.07947 -0.909091 -0.0546823 -0.412992 72.9067
-0.413412 0.0436439 0.909489 142.581 -0.0323303 0.997508 -0.0625632 -9.09616 -0.909972 -0.0552678 -0.410981 72.6316
-0.409608 0.041028 0.911325 143.179 -0.0324444 0.997703 -0.0594981 -9.1097 -0.911683 -0.0539384 -0.407338 72.3613
-0.406755 0.038453 0.912719 143.776 -0.0327007 0.99785 -0.0566123 -9.13587 -0.912954 -0.0528732 -0.404633 72.0932
-0.403882 0.0369623 0.914051 144.377 -0.0344144 0.997864 -0.0555568 -9.1659 -0.914163 -0.053895 -0.40175 71.8291
-0.400984 0.0376538 0.915302 144.982 -0.0353801 0.997763 -0.0565453 -9.20475 -0.915404 -0.0550566 -0.398765 71.5662
-0.398022 0.0390427 0.916533 145.576 -0.0362068 0.997647 -0.0582206 -9.25592 -0.91666 -0.0563579 -0.395676 71.3074
-0.392468 0.0406936 0.918858 146.162 -0.0362194 0.997553 -0.0596488 -9.30695 -0.919055 -0.05669 -0.390044 71.0441
-0.387255 0.0419835 0.921004 146.737 -0.038106 0.997379 -0.0614864 -9.3545 -0.921186 -0.0589067 -0.384643 70.7909
-0.379472 0.0404791 0.92431 147.3 -0.0413161 0.997296 -0.0606371 -9.39031 -0.924285 -0.0611982 -0.376782 70.5483
-0.369725 0.0394604 0.92829 147.855 -0.0420048 0.997364 -0.0591258 -9.41508 -0.928191 -0.0608531 -0.367097 70.3199
-0.35781 0.0369284 0.933057 148.416 -0.0438185 0.997445 -0.0562798 -9.43531 -0.93277 -0.061022 -0.355286 70.0961
-0.344731 0.0359029 0.938002 148.991 -0.043492 0.997581 -0.0541665 -9.45224 -0.937694 -0.0594685 -0.342339 69.8863
-0.329951 0.0360393 0.943303 149.568 -0.0437992 0.997602 -0.0534334 -9.47951 -0.942987 -0.0589457 -0.327588 69.6844
-0.311965 0.0351026 0.949433 150.148 -0.0443289 0.997688 -0.0514516 -9.50303 -0.949059 -0.0581385 -0.309691 69.4891
