1 0 0 0 0 1 0 0 0 0 1 0
0.999988 -8.51832e-05 -0.00523335 0.000282957 8.53357e-05 1 2.97433e-05 -0.000690137 0.00523335 -3.018e-05 0.999988 0.0101209
0.999938 0.000625419 -0.0112029 0.00270605 -0.00062405 1 0.000120297 -0.000760839 0.0112029 -0.0001133 0.999938 0.0297092
0.999848 4.39146e-05 -0.0175484 0.0041833 -6.29115e-05 0.999999 -0.00107979 -0.00172411 0.0175483 0.00108073 0.999846 0.0582295
0.999675 0.000210971 -0.0255951 0.00384244 -0.000277252 0.999995 -0.00258778 -0.00105832 0.0255945 0.00259404 0.99967 0.0944793
0.999353 0.000200819 -0.0360344 0.0045128 -0.00033216 0.999993 -0.0036383 -0.000932927 0.0360333 0.0036479 0.999346 0.13795
0.998819 -0.000761279 -0.0486465 0.00212621 0.00053286 0.999988 -0.00470906 -0.000264733 0.0486495 0.00467759 0.998807 0.190564
0.997957 -0.00118838 -0.0639249 -0.00207068 0.000860596 0.999985 -0.00515449 -0.000410711 0.0639301 0.0050889 0.997943 0.252481
0.99671 -0.0017971 -0.0810802 -0.00766892 0.00139073 0.999985 -0.00506852 0.000153393 0.0810882 0.0049391 0.996698 0.324102
0.994997 -0.00466366 -0.0998306 -0.0168364 0.0041 0.999972 -0.00585026 0.0014422 0.0998553 0.00541165 0.994988 0.405326
0.992629 -0.00502775 -0.121117 -0.0297862 0.00425179 0.999966 -0.00666421 0.00315344 0.121147 0.00610014 0.992618 0.495187
0.98965 -0.00302357 -0.143494 -0.0477182 0.00197869 0.999968 -0.00742376 0.00390778 0.143512 0.00706296 0.989624 0.592662
0.985914 0.000554714 -0.167274 -0.0730276 -0.00231304 0.999942 -0.0103172 0.00480784 0.167259 0.0105588 0.985858 0.696067
0.981178 0.00261844 -0.193105 -0.105135 -0.0048365 0.999925 -0.0110158 0.00539668 0.193062 0.0117423 0.981117 0.807933
0.975239 0.00237742 -0.221155 -0.143951 -0.00509216 0.999915 -0.0117061 0.00549796 0.221108 0.0125425 0.97517 0.927358
0.96794 0.00293419 -0.251177 -0.190266 -0.00606434 0.999911 -0.0116888 0.00650861 0.251121 0.0128373 0.967871 1.05308
0.959591 0.00393211 -0.281382 -0.246087 -0.00750816 0.999901 -0.011632 0.00670268 0.281309 0.0132747 0.959527 1.18537
0.949331 0.00470287 -0.31425 -0.31018 -0.008508 0.999904 -0.0107382 0.00550619 0.31417 0.0128677 0.94928 1.323
0.937784 0.00630575 -0.347168 -0.383354 -0.0109374 0.99987 -0.0113833 0.00414482 0.347052 0.0144723 0.937734 1.46385
0.925204 0.00821378 -0.379389 -0.468094 -0.0135325 0.999842 -0.0113546 0.00386774 0.379236 0.0156394 0.925168 1.60903
0.910257 0.00768622 -0.413976 -0.561991 -0.0139342 0.999825 -0.0120751 0.00341015 0.413812 0.01676 0.910207 1.75539
0.893025 0.00380212 -0.449996 -0.664425 -0.0107906 0.999857 -0.012966 0.00221595 0.449882 0.0164348 0.892937 1.90506
0.873101 -0.000627216 -0.487541 -0.777471 -0.00726913 0.999868 -0.0143041 -0.00204701 0.487486 0.0160331 0.872983 2.05983
0.84968 -0.000186554 -0.527303 -0.902386 -0.00751237 0.999893 -0.0124588 -0.00579954 0.527249 0.0145474 0.849586 2.21417
0.822342 0.0034606 -0.568987 -1.0429 -0.0116156 0.999874 -0.0107067 -0.0101577 0.568877 0.0154138 0.822277 2.36837
0.791552 0.00547905 -0.611081 -1.1979 -0.014885 0.999834 -0.0103163 -0.0133114 0.610923 0.0172619 0.791501 2.51975
0.757451 0.00358785 -0.652886 -1.36429 -0.0148419 0.99982 -0.0117247 -0.0169921 0.652725 0.0185711 0.757367 2.66787
0.719223 -0.000509276 -0.694781 -1.54644 -0.0102529 0.99988 -0.0113465 -0.0231425 0.694705 0.0152844 0.719131 2.81405
0.678147 -0.00445821 -0.734916 -1.7415 -0.00655416 0.999905 -0.0121136 -0.0301301 0.734899 0.0130317 0.678052 2.95658
0.635107 -0.00561241 -0.772406 -1.94962 -0.0055664 0.99991 -0.0118423 -0.0358733 0.772405 0.0118208 0.635018 3.09225
0.587865 -0.00611849 -0.808939 -2.17444 -0.00465674 0.999929 -0.0109471 -0.0420699 0.808946 0.0102026 0.587794 3.22326
0.538049 -0.00511283 -0.8429 -2.41412 -0.00470841 0.999942 -0.00907091 -0.0497972 0.842902 0.0088495 0.537994 3.34607
0.48664 -0.00501097 -0.873592 -2.66322 -0.00499796 0.999951 -0.00851985 -0.0577818 0.873589 0.00851245 0.48659 3.45724
0.431981 -0.00388418 -0.901875 -2.92942 -0.00571366 0.999952 -0.00704329 -0.0624971 0.901865 0.00819572 0.431939 3.55775
0.378527 -0.00301693 -0.925588 -3.21154 -0.00611506 0.999965 -0.00576009 -0.0682439 0.92557 0.00784053 0.378494 3.6461
0.323472 -0.00227165 -0.946235 -3.51223 -0.00642149 0.999962 -0.00459579 -0.0756289 0.946216 0.00756303 0.323445 3.72599
0.270584 -0.00241026 -0.962697 -3.82857 -0.00442128 0.999985 -0.00374627 -0.0848425 0.962686 0.00527013 0.270568 3.79467
0.220773 -0.00219653 -0.975322 -4.1578 -0.00371946 0.999981 -0.00309393 -0.0963822 0.975318 0.0043109 0.22076 3.84932
0.173274 -0.00240893 -0.984874 -4.50345 -0.00721551 0.999969 -0.00371522 -0.10776 0.984848 0.00775022 0.17325 3.89115
0.131808 -0.00229045 -0.991271 -4.86262 -0.00986536 0.999936 -0.00362222 -0.119158 0.991225 0.0102569 0.131776 3.92088
0.0936844 -0.00412882 -0.995597 -5.23608 -0.0114642 0.999923 -0.00522548 -0.131175 0.995537 0.0119032 0.093628 3.93762
0.0596554 -0.00587849 -0.998201 -5.62222 -0.0116686 0.999902 -0.00658585 -0.145202 0.998149 0.0120407 0.0595799 3.94319
0.0288521 -0.00836455 -0.999552 -6.0196 -0.0123304 0.999887 -0.00872323 -0.161664 0.99951 0.0125765 0.0287441 3.93789
0.00141068 -0.0103095 -0.999945 -6.429 -0.0120091 0.999868 -0.0103256 -0.177807 0.999924 0.0120233 0.00128526 3.92307
-0.0204751 -0.0123652 -0.999718 -6.84304 -0.0120896 0.999855 -0.0121193 -0.19491 0.999719 0.011838 -0.0206231 3.89781
-0.03954 -0.0141406 -0.999116 -7.26447 -0.01103 0.999838 -0.0137143 -0.212979 0.999154 0.0104783 -0.0396911 3.86411
-0.054413 -0.0128354 -0.99844 -7.6926 -0.00868111 0.99989 -0.0123808 -0.231611 0.998483 0.00799396 -0.0545196 3.82266
-0.0660158 -0.0112637 -0.997751 -8.12774 -0.0070554 0.999907 -0.0108212 -0.250071 0.997791 0.00632548 -0.0660909 3.77507
-0.0754615 -0.0101576 -0.9971 -8.57068 -0.00858815 0.999922 -0.00953626 -0.269143 0.997114 0.00784374 -0.0755438 3.7229
-0.0826315 -0.00954835 -0.996529 -9.02146 -0.00628034 0.999929 -0.00906024 -0.287642 0.996558 0.00551022 -0.0826876 3.66729
-0.0875475 -0.00833828 -0.996128 -9.4818 -0.00473869 0.99996 -0.00795372 -0.305841 0.996153 0.00402416 -0.0875845 3.60883
-0.0904323 -0.00624599 -0.995879 -9.94932 -0.000381969 0.99997 -0.00623717 -0.323814 0.995901 -0.000183328 -0.0904341 3.54841
-0.0931271 -0.0040426 -0.995651 -10.4258 2.13854e-05 0.999994 -0.004062 -0.340512 0.99566 -0.000399387 -0.0931276 3.4852
-0.0949638 -0.00393076 -0.995468 -10.9094 0.000585182 0.999981 -0.00400463 -0.358154 0.995478 -0.000962568 -0.094962 3.42022
-0.097404 -0.00499827 -0.995235 -11.4011 -0.000164342 0.99999 -0.00500581 -0.376183 0.995247 -0.00032372 -0.097405 3.35337
-0.100355 -0.00556871 -0.994929 -11.9009 0.0023302 0.999968 -0.00583203 -0.393627 0.994946 -0.00290333 -0.100341 3.28503
-0.102783 -0.00348752 -0.994697 -12.4074 0.00424133 0.999985 -0.00394408 -0.410294 0.994697 -0.00462402 -0.102767 3.21494
-0.105 -0.00179729 -0.994464 -12.9243 0.00252105 0.999984 -0.0020735 -0.426859 0.994466 -0.00272451 -0.104996 3.14342
-0.106955 -0.000406211 -0.99426 -13.4527 0.0044417 0.999993 -0.000886066 -0.44204 0.994255 -0.0045108 -0.106954 3.07089
-0.11006 0.000191436 -0.993917 -13.9905 0.0027554 0.999986 -0.000112625 -0.45726 0.993918 -0.00275079 -0.110061 2.99632
-0.114781 -0.00152802 -0.993387 -14.5381 0.00349295 0.999995 -0.00194136 -0.473388 0.993386 -0.00369243 -0.114776 2.91965
-0.119144 -0.00140162 -0.992869 -15.0964 0.00423879 0.999979 -0.00192041 -0.488981 0.992866 -0.00443719 -0.119138 2.83859
-0.125859 -0.000276939 -0.992046 -15.666 0.00172702 1.00001 -0.00049794 -0.504109 0.992048 -0.00177568 -0.125859 2.75225
-0.130717 0.00069007 -0.991412 -16.2456 0.00285592 0.999986 0.000319456 -0.51897 0.991414 -0.00278939 -0.13072 2.66318
-0.136046 0.00123081 -0.990699 -16.8385 0.00634581 0.999988 0.000371312 -0.533819 0.990684 -0.00623603 -0.136053 2.57134
-0.138756 -0.0016514 -0.990318 -17.4455 0.00902961 0.999945 -0.00293272 -0.551001 0.990283 -0.00934891 -0.138736 2.47806
-0.142241 -0.00721991 -0.989804 -18.0666 0.0109335 0.999909 -0.00886433 -0.572389 0.989773 -0.0120826 -0.142149 2.38306
-0.145945 -0.00957805 -0.989238 -18.7045 0.0180843 0.999748 -0.012348 -0.59543 0.989125 -0.0196916 -0.145738 2.28768
-0.14974 -0.00846365 -0.988688 -19.3556 0.0202928 0.999734 -0.0116312 -0.61686 0.988519 -0.0218046 -0.149529 2.18991
-0.154119 -0.00333366 -0.988039 -20.0217 0.0196736 0.999774 -0.00644204 -0.63316 0.987854 -0.020431 -0.154021 2.08871
-0.157847 0.00245962 -0.987461 -20.7051 0.0178822 0.999852 -0.000367685 -0.645894 0.987303 -0.0177157 -0.157868 1.98319
-0.158529 0.00564201 -0.98733 -21.3987 0.0146243 0.999876 0.0033657 -0.661651 0.987243 -0.0139054 -0.158595 1.87321
-0.159968 0.00476073 -0.987112 -22.1059 0.0145089 0.999904 0.0024714 -0.677074 0.987018 -0.0139263 -0.160022 1.76076
-0.160157 0.00326355 -0.987077 -22.8211 0.0139768 0.999889 0.00103821 -0.693019 0.98699 -0.0136298 -0.160188 1.64872
-0.162327 0.00134163 -0.986737 -23.5443 0.0134918 0.999919 -0.000859613 -0.709633 0.986648 -0.0134521 -0.162332 1.53305
-0.163776 0.00149112 -0.986488 -24.2761 0.0133249 0.999898 -0.000700767 -0.719904 0.986406 -0.0132594 -0.163783 1.41041
-0.163982 0.00159567 -0.986462 -25.0094 0.0126008 0.999932 -0.000476993 -0.72841 0.986386 -0.0125081 -0.163991 1.2876
-0.165376 -0.000456804 -0.986223 -25.7514 0.0114902 0.999921 -0.00238981 -0.738638 0.986162 -0.0117269 -0.165361 1.16652
-0.165162 -0.00597095 -0.986249 -26.5084 0.00906825 0.99994 -0.00757214 -0.751158 0.986226 -0.0101938 -0.165098 1.04231
-0.166478 -0.0101237 -0.985983 -27.2788 0.00238616 0.999928 -0.0106699 -0.767253 0.986041 -0.00412889 -0.166444 0.909682
-0.167185 -0.0105425 -0.985868 -28.0661 0.00015872 0.999952 -0.0107199 -0.790479 0.985927 -0.00194826 -0.167175 0.772545
-0.167239 -0.00904504 -0.985865 -28.8638 0.00103543 0.999944 -0.00934988 -0.809281 0.985914 -0.00258426 -0.167223 0.635078
-0.169211 -0.00594317 -0.985561 -29.6641 0.00374363 0.999982 -0.00667263 -0.823074 0.985575 -0.00481826 -0.169186 0.492371
-0.168256 -0.00126012 -0.985732 -30.4662 0.00776628 0.999955 -0.00260387 -0.831269 0.985712 -0.00809338 -0.16824 0.349356
-0.16978 0.00100479 -0.985481 -31.2713 0.00524253 0.999996 0.000116505 -0.842031 0.985471 -0.00514605 -0.169785 0.202912
-0.170189 0.000786904 -0.985401 -32.075 0.00525185 0.999974 -0.000108362 -0.854365 0.985397 -0.00519348 -0.170191 0.0564007
-0.170276 -0.00349591 -0.98539 -32.8811 0.00205837 1 -0.00390322 -0.868827 0.985397 -0.00269226 -0.17027 -0.0931557
-0.17123 -0.00781037 -0.985189 -33.6877 -0.0032204 0.999956 -0.00736782 -0.884471 0.985225 0.00191124 -0.17125 -0.242131
-0.171839 -0.0100626 -0.985069 -34.4948 -0.00586058 0.999953 -0.00919177 -0.900981 0.985108 0.00419425 -0.17189 -0.391653
-0.175377 -0.0120813 -0.984416 -35.3015 -0.00868267 0.999893 -0.0107246 -0.91885 0.984463 0.00666661 -0.175466 -0.544348
-0.177281 -0.0136347 -0.984058 -36.1076 -0.0067229 0.999912 -0.0126426 -0.938097 0.984137 0.00437506 -0.177356 -0.69672
-0.178945 -0.0161596 -0.983715 -36.914 -0.00547981 0.999854 -0.0154282 -0.95864 0.983843 0.00262988 -0.17901 -0.849271
-0.181255 -0.0169184 -0.983282 -37.7224 -0.00431907 0.999867 -0.016407 -0.980115 0.983427 0.0012736 -0.181303 -1.00291
-0.183493 -0.0141362 -0.98291 -38.5303 -0.00218928 0.999889 -0.0139719 -0.998042 0.983019 -0.000411776 -0.183506 -1.15846
-0.186424 -0.00952906 -0.982415 -39.3394 -0.000880766 0.999967 -0.00953183 -1.01383 0.982469 -0.000911199 -0.186426 -1.31521
-0.18991 -0.00828397 -0.981757 -40.1479 0.00190941 0.999949 -0.00880688 -1.02879 0.9818 -0.00354692 -0.189887 -1.47504
-0.191541 -0.00990506 -0.981427 -40.9562 0.00146202 0.999958 -0.010377 -1.04564 0.981483 -0.00342202 -0.191518 -1.63593
-0.193804 -0.0135207 -0.980938 -41.7624 0.000529738 0.999894 -0.0138868 -1.06561 0.981041 -0.00321073 -0.193779 -1.79762
-0.195371 -0.0165931 -0.980581 -42.5677 -0.00285406 0.999879 -0.0163503 -1.08832 0.980725 -0.000395262 -0.195393 -1.96285
-0.196349 -0.01821 -0.980355 -43.3735 -0.00379947 0.999823 -0.0178109 -1.11203 0.980527 0.000227967 -0.196386 -2.13066
-0.198448 -0.0186243 -0.979926 -44.1792 -0.00621796 0.999842 -0.0177428 -1.13563 0.980092 0.0025726 -0.19853 -2.30151
-0.199115 -0.0183216 -0.979794 -44.98 -0.00539796 0.99982 -0.0175994 -1.15961 0.979961 0.00178498 -0.199181 -2.47263
-0.200683 -0.0186504 -0.979469 -45.7786 -0.00625474 0.999842 -0.0177561 -1.18515 0.979636 0.00256354 -0.200765 -2.64293
-0.202712 -0.0189978 -0.979044 -46.5772 -0.00626295 0.999806 -0.0181042 -1.2116 0.979218 0.00246216 -0.202794 -2.81407
-0.202534 -0.0183803 -0.979093 -47.3763 -0.00532136 0.999849 -0.0176684 -1.2385 0.979261 0.00163214 -0.202598 -2.98715
-0.203343 -0.0147335 -0.978986 -48.1762 -0.00312124 0.99988 -0.0143996 -1.26199 0.979102 0.000127948 -0.203368 -3.15973
-0.20171 -0.0121209 -0.979362 -48.9733 -0.0030567 0.999947 -0.0117454 -1.28254 0.979442 0.000624879 -0.201733 -3.32957
-0.202758 -0.0111841 -0.979154 -49.7743 -0.00315303 0.999927 -0.0107683 -1.30353 0.979222 0.000904408 -0.202781 -3.49977
-0.202387 -0.0123131 -0.979218 -50.5724 -0.00324585 0.999942 -0.0119021 -1.32541 0.979302 0.000769891 -0.202412 -3.67268
-0.200672 -0.0122949 -0.979571 -51.3686 -0.000557084 0.999912 -0.012436 -1.34677 0.979657 -0.00194927 -0.200664 -3.8448
-0.200511 -0.0152421 -0.979561 -52.1586 4.77263e-05 0.999893 -0.0155674 -1.37255 0.979692 -0.00316785 -0.200486 -4.01783
-0.197959 -0.0179499 -0.980036 -52.9456 0.00163441 0.999816 -0.0186424 -1.40376 0.980208 -0.00529153 -0.197896 -4.18862
-0.195115 -0.0201759 -0.980561 -53.7304 0.000926498 0.999796 -0.0207554 -1.43762 0.980783 -0.00495776 -0.195053 -4.35631
-0.190113 -0.020734 -0.981534 -54.5097 0.000264675 0.999767 -0.0211706 -1.47105 0.981762 -0.0042838 -0.190066 -4.51958
-0.183431 -0.0202141 -0.982813 -55.284 0.000952908 0.999795 -0.0207404 -1.50314 0.983036 -0.00474066 -0.183371 -4.67564
-0.175661 -0.0181654 -0.984274 -56.0548 0.00280863 0.999807 -0.0189534 -1.53443 0.984446 -0.00609315 -0.175579 -4.82311
-0.165166 -0.0164834 -0.986116 -56.8223 0.00311825 0.999857 -0.0172348 -1.56392 0.986264 -0.00592127 -0.165088 -4.9585
-0.153509 -0.0147269 -0.988028 -57.5865 0.00266315 0.99987 -0.015317 -1.59186 0.988143 -0.00498191 -0.153452 -5.08413
-0.138264 -0.0128503 -0.9903 -58.3449 0.000655738 0.999924 -0.0130662 -1.61889 0.990399 -0.00245561 -0.138242 -5.19717
-0.119794 -0.0105928 -0.992733 -59.0973 0.00115419 0.999932 -0.0108086 -1.64358 0.992798 -0.00243991 -0.119774 -5.29394
-0.0976891 -0.00970685 -0.995158 -59.8413 0.000288039 0.999962 -0.0097815 -1.66782 0.995221 -0.00124181 -0.0976802 -5.37394
-0.071522 -0.00863664 -0.997393 -60.5784 0.0012208 0.999952 -0.00874612 -1.69064 0.997438 -0.00184244 -0.0715073 -5.43186
-0.0412339 -0.00801254 -0.999106 -61.3098 0.00257169 0.999973 -0.00812519 -1.71256 0.99915 -0.00290418 -0.04121 -5.4658
-0.00676633 -0.00807498 -0.999936 -62.0326 0.00603247 0.999939 -0.00811579 -1.73408 0.999958 -0.00608631 -0.00671499 -5.47477
0.0327727 -0.00718761 -0.999427 -62.7456 0.00929964 0.99994 -0.00688603 -1.75429 0.999424 -0.00906846 0.0328397 -5.45333
0.076056 -0.00675968 -0.997072 -63.4465 0.0115256 0.999908 -0.00589963 -1.77273 0.997037 -0.0110425 0.0761311 -5.40057
0.123086 -0.00653124 -0.992365 -64.1329 0.0142006 0.999894 -0.00481919 -1.79008 0.992298 -0.0134989 0.123168 -5.31402
0.174922 -0.00582069 -0.984556 -64.802 0.0161099 0.999856 -0.00304882 -1.80553 0.98445 -0.0153272 0.174997 -5.19235
0.228772 -0.00621133 -0.97345 -65.451 0.020341 0.999801 -0.00159888 -1.81934 0.973271 -0.0194353 0.228854 -5.03535
0.284462 -0.00881697 -0.958637 -66.0771 0.0252694 0.999671 -0.00169594 -1.83314 0.958354 -0.0237413 0.2846 -4.84266
0.34022 -0.0121899 -0.940257 -66.6783 0.0302501 0.999554 -0.00201258 -1.84693 0.939863 -0.0277585 0.340437 -4.6157
0.397116 -0.0151513 -0.917633 -67.2509 0.0354077 0.999364 -0.00117778 -1.8596 0.917083 -0.032023 0.397411 -4.35687
0.45084 -0.0150362 -0.89247 -67.7946 0.036452 0.999348 0.00157766 -1.87055 0.891863 -0.033244 0.451094 -4.0669
0.501977 -0.0166803 -0.864709 -68.3074 0.0402133 0.999174 0.00407028 -1.87803 0.863942 -0.0368152 0.502247 -3.75197
0.54913 -0.0195855 -0.835499 -68.7892 0.0459868 0.998936 0.00680899 -1.88341 0.834471 -0.0421616 0.549444 -3.41516
0.594262 -0.0238761 -0.803905 -69.2401 0.0550523 0.998413 0.0110425 -1.88654 0.80238 -0.0508181 0.594649 -3.05739
0.637964 -0.0279687 -0.769549 -69.6575 0.0573001 0.998314 0.0112209 -1.88999 0.76793 -0.0512545 0.638487 -2.68342
0.680183 -0.0322034 -0.732322 -70.0426 0.0558068 0.998402 0.00792888 -1.89272 0.730909 -0.0462609 0.68091 -2.29477
0.720845 -0.0377751 -0.692057 -70.396 0.052893 0.99862 0.000586815 -1.90032 0.691072 -0.0370282 0.721843 -1.89404
0.760123 -0.0404932 -0.648502 -70.7205 0.0497447 0.998746 -0.00405677 -1.9078 0.647864 -0.0291753 0.761202 -1.47962
0.797699 -0.0399066 -0.601724 -71.0174 0.0478294 0.998869 -0.00283646 -1.91414 0.601151 -0.0265176 0.798702 -1.04937
0.831716 -0.0404398 -0.553709 -71.2845 0.0475043 0.99886 -0.001597 -1.9211 0.553152 -0.0249746 0.832709 -0.605286
0.86252 -0.0394045 -0.504475 -71.5255 0.0452554 0.998995 -0.000653934 -1.92341 0.503986 -0.0222663 0.863431 -0.146696
0.888794 -0.0378107 -0.456722 -71.7417 0.0440107 0.999018 0.00293908 -1.92511 0.456169 -0.0227121 0.889606 0.325236
0.910676 -0.0330315 -0.411784 -71.9386 0.0393219 0.999225 0.00681162 -1.92324 0.411233 -0.0223956 0.911261 0.811112
0.928364 -0.0285015 -0.370551 -72.1158 0.033238 0.999418 0.00640032 -1.92197 0.370159 -0.0182576 0.928791 1.30748
0.942199 -0.0247757 -0.334117 -72.2756 0.0296614 0.999536 0.00952946 -1.92057 0.33372 -0.0188894 0.942489 1.81509
0.952891 -0.0240716 -0.302326 -72.4212 0.0290348 0.999498 0.0119316 -1.91677 0.30189 -0.0201468 0.953132 2.33459
0.960153 -0.024075 -0.278413 -72.5547 0.0290006 0.999509 0.0135883 -1.91261 0.277943 -0.0211214 0.960371 2.86447
0.966331 -0.0234099 -0.256197 -72.6814 0.0283487 0.999468 0.0155995 -1.90735 0.255698 -0.0223365 0.966501 3.40595
0.97111 -0.0223009 -0.237558 -72.8012 0.0275405 0.999466 0.0187623 -1.90127 0.237008 -0.0247632 0.971196 3.95681
0.97491 -0.019 -0.22174 -72.9169 0.0242002 0.999485 0.0207573 -1.89148 0.221233 -0.0256021 0.974888 4.52042
0.978269 -0.0162531 -0.206667 -73.0295 0.0213552 0.999542 0.0224837 -1.88049 0.206202 -0.0264091 0.978157 5.09219
0.980952 -0.0170764 -0.193447 -73.1359 0.0220517 0.999472 0.0235943 -1.86969 0.192942 -0.0274102 0.98083 5.67517
0.983801 -0.0156601 -0.178542 -73.2364 0.0202901 0.999523 0.0241389 -1.8582 0.178075 -0.0273709 0.983639 6.26574
0.986798 -0.0142833 -0.161261 -73.3287 0.018688 0.999486 0.0258294 -1.84456 0.160809 -0.0285016 0.986578 6.86854
0.989263 -0.0125457 -0.145553 -73.4136 0.0165469 0.999538 0.0263169 -1.83014 0.145151 -0.0284433 0.989003 7.47908
0.991558 -0.0113073 -0.129086 -73.4906 0.0145351 0.999598 0.0240914 -1.81763 0.128761 -0.0257639 0.991344 8.09818
0.993293 -0.0109567 -0.115032 -73.5615 0.0133915 0.999726 0.0204216 -1.80642 0.114772 -0.0218255 0.993155 8.72326
0.994788 -0.01032 -0.101331 -73.6244 0.0119202 0.999808 0.0152025 -1.79899 0.101153 -0.0163309 0.994739 9.35742
0.995902 -0.00932789 -0.0898539 -73.6824 0.0107519 0.999847 0.0153868 -1.79159 0.0896922 -0.0162903 0.995839 9.99978
0.996694 -0.0101555 -0.0804672 -73.7363 0.0118895 0.9997 0.0211016 -1.78039 0.0802273 -0.0219881 0.996536 10.6506
0.997336 -0.00459618 -0.0726755 -73.7867 0.00665183 0.999607 0.0280775 -1.76363 0.0725136 -0.028487 0.996964 11.3079
0.997898 -0.00352652 -0.0645268 -73.8328 0.00551523 0.999509 0.0306732 -1.74586 0.0643849 -0.0309643 0.997448 11.9746
0.998235 -0.00446301 -0.0590723 -73.8765 0.00625899 0.999545 0.0302649 -1.72913 0.0589061 -0.030582 0.997797 12.6488
0.998606 -0.00275505 -0.0524927 -73.9166 0.00429409 0.999557 0.0292374 -1.71354 0.0523867 -0.0294217 0.998197 13.3328
0.998831 -0.00295838 -0.0480683 -73.9543 0.00445889 0.999529 0.0311547 -1.69781 0.0479493 -0.0313335 0.998362 14.0242
0.999041 -0.00311412 -0.0434239 -73.9906 0.00458512 0.999411 0.0338257 -1.67981 0.0432906 -0.0339919 0.998487 14.724
0.999242 -0.00487779 -0.038398 -74.024 0.00619188 0.999422 0.0342003 -1.66208 0.0382048 -0.0344131 0.998681 15.4308
0.999359 -0.00418131 -0.0352506 -74.0568 0.00530583 0.999472 0.0318792 -1.64536 0.0350963 -0.0320455 0.998874 16.1413
0.99946 -0.00119798 -0.0325453 -74.0899 0.00199049 0.999726 0.024353 -1.6349 0.0325032 -0.0244053 0.999178 16.8573
0.999569 0.000585952 -0.0289925 -74.1227 -1.33404e-05 0.9998 0.0197634 -1.62706 0.0289958 -0.0197542 0.999388 17.5742
0.999655 0.0016997 -0.0258633 -74.1548 -0.00127489 0.999888 0.0164633 -1.62181 0.0258845 -0.0164251 0.999534 18.2918
0.999718 0.00426126 -0.0228777 -74.1849 -0.00383686 0.999815 0.0185931 -1.61705 0.0229499 -0.0184997 0.999571 19.0113
0.999778 0.00564695 -0.0198039 -74.2126 -0.00521823 0.999773 0.0216737 -1.60755 0.0199181 -0.0215662 0.999571 19.7318
0.999798 0.0097599 -0.0169364 -74.2408 -0.0093245 0.999624 0.0256521 -1.59821 0.0171774 -0.0254886 0.999535 20.4471
0.99985 0.00707053 -0.0152656 -74.2666 -0.00666683 0.999653 0.0263999 -1.58985 0.0154431 -0.0262949 0.999537 21.1679
0.999878 0.00525553 -0.0140053 -74.2903 -0.00487309 0.999615 0.0272587 -1.58376 0.0141402 -0.0271866 0.999537 21.891
0.999907 0.00267396 -0.0127529 -74.3105 -0.00232776 0.999649 0.0271596 -1.57624 0.0128172 -0.0271279 0.999552 22.6177
0.999911 0.00189347 -0.0123037 -74.3313 -0.00157573 0.999663 0.0258402 -1.5632 0.0123455 -0.0258181 0.999598 23.3478
0.999917 0.0017814 -0.0120338 -74.3522 -0.00146496 0.999671 0.0263324 -1.54712 0.0120731 -0.0263131 0.999582 24.0788
0.999921 0.00194109 -0.0114391 -74.3691 -0.00164041 0.99965 0.0262976 -1.52926 0.0114832 -0.0262763 0.999596 24.813
0.999896 0.00466747 -0.0129487 -74.385 -0.00434252 0.999687 0.0250784 -1.51247 0.0130582 -0.0250198 0.999603 25.5486
0.999882 0.00416988 -0.0139648 -74.4016 -0.00383561 0.999703 0.0239269 -1.49149 0.0140574 -0.02387 0.999623 26.2817
0.999841 0.00507622 -0.0164176 -74.4164 -0.00469275 0.999722 0.0233657 -1.47283 0.0165283 -0.023285 0.999594 27.014
0.999749 0.00609226 -0.0210286 -74.4398 -0.00558776 0.999692 0.0240012 -1.45072 0.0211655 -0.0238769 0.999498 27.7579
0.999657 0.00725507 -0.0247656 -74.466 -0.00667405 0.999706 0.023499 -1.42262 0.0249255 -0.0233256 0.999418 28.5061
0.999461 0.0128002 -0.0298257 -74.5053 -0.0120752 0.999625 0.0243934 -1.38825 0.030124 -0.0240192 0.999264 29.2614
0.999283 0.0146027 -0.0346669 -74.5497 -0.0138788 0.999685 0.0210558 -1.3562 0.0349602 -0.0205591 0.999179 30.025
0.999105 0.0182087 -0.0378681 -74.5901 -0.0175384 0.99968 0.0179848 -1.32481 0.0381808 -0.0173037 0.999126 30.791
0.998886 0.0197305 -0.0426481 -74.6336 -0.0190909 0.999702 0.0153743 -1.29228 0.0429355 -0.0145424 0.998975 31.5675
0.998743 0.0203369 -0.0455541 -74.6768 -0.0195947 0.999664 0.0167029 -1.26021 0.045876 -0.0157882 0.998827 32.3506
0.998522 0.0219703 -0.0495365 -74.7217 -0.0211978 0.999648 0.0160861 -1.23021 0.0498696 -0.0150116 0.998644 33.1383
0.998266 0.0254957 -0.0528416 -74.7695 -0.0246935 0.999566 0.015799 -1.19997 0.0532197 -0.0144658 0.998483 33.929
0.998157 0.0259199 -0.0546911 -74.8124 -0.0249566 0.999523 0.0182411 -1.16266 0.0551355 -0.0168421 0.998338 34.7085
0.997874 0.0289869 -0.058164 -74.8635 -0.0278613 0.999407 0.0200892 -1.13341 0.0587101 -0.0184251 0.998112 35.493
0.997822 0.0289787 -0.0590758 -74.9185 -0.0277569 0.999387 0.0214148 -1.10446 0.0596581 -0.0197281 0.998025 36.2855
0.997813 0.0328755 -0.0571452 -74.9725 -0.0317711 0.999288 0.0201493 -1.07559 0.0577652 -0.0182888 0.99817 37.0805
0.997809 0.0332867 -0.056983 -75.0331 -0.0322358 0.999294 0.0192808 -1.03605 0.0575827 -0.0174015 0.998189 37.886
0.997961 0.0328665 -0.0545086 -75.0883 -0.0320068 0.999346 0.0165935 -1.00963 0.0550166 -0.0148142 0.998383 38.7009
0.998208 0.027471 -0.0529664 -75.1421 -0.0265892 0.999497 0.0173007 -0.992725 0.0534133 -0.015861 0.998446 39.5268
0.998327 0.0252079 -0.0517959 -75.1902 -0.0243432 0.999551 0.0172778 -0.97646 0.0522065 -0.0159872 0.998514 40.3619
0.998526 0.0218202 -0.0494993 -75.236 -0.0209379 0.999615 0.0182923 -0.959636 0.0498775 -0.0172287 0.998607 41.2045
0.998573 0.0184716 -0.0498559 -75.2793 -0.0174565 0.99963 0.0207381 -0.942585 0.0502187 -0.0198374 0.998549 42.0558
0.99871 0.0170374 -0.047623 -75.3204 -0.0160376 0.999646 0.0213183 -0.928679 0.0479675 -0.0205267 0.998638 42.9111
0.99866 0.0175917 -0.0484174 -75.3682 -0.0167292 0.999692 0.0181791 -0.916149 0.0487208 -0.0173441 0.998667 43.7618
0.998593 0.0224724 -0.0478126 -75.4154 -0.0219849 0.999702 0.0107182 -0.909507 0.0480375 -0.00965146 0.998799 44.6122
0.998682 0.0214754 -0.0463667 -75.459 -0.0211399 0.999745 0.00773242 -0.905792 0.0465194 -0.00674125 0.998901 45.4631
0.998597 0.0248708 -0.0465266 -75.5015 -0.0247701 0.999691 0.00276388 -0.908288 0.0465793 -0.00160688 0.998913 46.3122
0.998727 0.0239116 -0.0441538 -75.5402 -0.0238489 0.999711 0.00196485 -0.910223 0.0441866 -0.000908471 0.999029 47.1631
0.998805 0.021929 -0.0434288 -75.5812 -0.0216689 0.999749 0.00647359 -0.908026 0.0435581 -0.00552426 0.999035 48.0144
0.998952 0.0170981 -0.04219 -75.6212 -0.0164655 0.999745 0.0153138 -0.896659 0.0424399 -0.0146022 0.998998 48.8728
0.999045 0.0126028 -0.0416148 -75.6609 -0.0117602 0.999725 0.0204549 -0.88252 0.0418596 -0.0199456 0.998922 49.7321
0.99892 0.0104077 -0.0450341 -75.7031 -0.00962599 0.999796 0.0175568 -0.872188 0.0452065 -0.0171036 0.998836 50.5867
0.998939 0.00475967 -0.0455849 -75.7491 -0.00412088 0.999896 0.0141203 -0.862932 0.0456458 -0.0139171 0.998859 51.441
0.998797 0.00510817 -0.0485212 -75.7998 -0.00448998 0.999903 0.0128561 -0.853484 0.0485809 -0.0126222 0.998747 52.2905
0.9987 0.00522576 -0.0504985 -75.8474 -0.00469676 0.999938 0.0106118 -0.844542 0.0505492 -0.0103605 0.998666 53.1346
0.998525 0.00727803 -0.0535498 -75.9024 -0.00684708 0.999938 0.00824237 -0.83388 0.0536049 -0.007863 0.998542 53.9778
0.99823 0.00666593 -0.0589069 -75.9579 -0.00639789 0.999973 0.00475923 -0.825141 0.0589355 -0.00437351 0.99825 54.8156
0.998099 0.0073682 -0.0609719 -76.0134 -0.0073334 0.999969 0.000808142 -0.822271 0.0609745 -0.000358862 0.99815 55.6499
0.997844 0.0102066 -0.0646516 -76.0741 -0.0102924 0.99995 -0.000974074 -0.826388 0.0646369 0.00163784 0.997906 56.4771
0.997604 0.0131369 -0.0677251 -76.132 -0.0131409 0.99991 0.000399388 -0.832422 0.0677225 0.000492321 0.997719 57.3074
0.997362 0.0150294 -0.0708521 -76.1944 -0.014768 0.999886 0.00423184 -0.831108 0.0709063 -0.00317373 0.997477 58.1451
0.996986 0.014847 -0.0759635 -76.2692 -0.0141568 0.999851 0.00962851 -0.815054 0.0760934 -0.00852316 0.997079 58.9765
0.996645 0.0145384 -0.0803913 -76.3404 -0.013409 0.999808 0.0145903 -0.796337 0.0805871 -0.0134629 0.996653 59.8036
0.996036 0.0140913 -0.0876704 -76.4195 -0.0128138 0.999801 0.0151286 -0.777166 0.0878645 -0.0139443 0.996051 60.6256
0.995531 0.00637014 -0.0940926 -76.5005 -0.00477571 0.999846 0.0171763 -0.75154 0.0941869 -0.0166498 0.995414 61.4389
0.994933 0.00685582 -0.100167 -76.5807 -0.0051246 0.999829 0.0175396 -0.727698 0.100268 -0.0169365 0.994834 62.2498
0.99424 0.00964935 -0.106626 -76.6692 -0.00793465 0.999836 0.0165078 -0.705113 0.106768 -0.0155663 0.994161 63.058
0.993671 0.00696501 -0.111999 -76.7631 -0.00567268 0.999911 0.0118613 -0.687524 0.11207 -0.01115 0.993656 63.8645
0.993114 0.00976022 -0.116638 -76.8607 -0.00856197 0.999907 0.0107826 -0.674312 0.116733 -0.0097092 0.993115 64.6724
0.99242 0.0126741 -0.122135 -76.9616 -0.0113256 0.999864 0.0117363 -0.662644 0.122265 -0.0102632 0.992465 65.4802
0.992061 0.0119354 -0.125101 -77.0644 -0.0101175 0.999834 0.0151689 -0.652472 0.125262 -0.0137825 0.992027 66.2852
0.991305 0.0138095 -0.130759 -77.1727 -0.0113688 0.999747 0.019401 -0.639848 0.13099 -0.0177449 0.991254 67.0863
0.990426 0.00769819 -0.137752 -77.2858 -0.00497339 0.999786 0.0201238 -0.623816 0.137879 -0.0192459 0.990262 67.8847
0.989518 0.0041304 -0.14427 -77.4084 -0.00198119 0.999884 0.015044 -0.611145 0.144312 -0.0145997 0.989453 68.6821
0.988278 0.00314472 -0.152565 -77.5408 -0.00194087 0.999966 0.00804855 -0.607721 0.152587 -0.00765731 0.988259 69.4786
0.98703 0.000652953 -0.160462 -77.682 6.26672e-05 0.99999 0.00446013 -0.608607 0.16046 -0.00441136 0.98706 70.2681
0.985294 -0.00370472 -0.170764 -77.8288 0.00470832 0.999975 0.00548033 -0.611654 0.170742 -0.00620302 0.985295 71.0484
0.98338 -0.000769301 -0.181491 -77.9876 0.00279835 0.999936 0.010929 -0.611538 0.181468 -0.0112542 0.98336 71.8267
0.981547 -5.53488e-05 -0.191158 -78.154 0.0034607 0.99984 0.0174869 -0.603185 0.191131 -0.0178256 0.9814 72.6007
0.979387 -0.0027714 -0.201916 -78.3304 0.0070633 0.999765 0.0205427 -0.597737 0.201809 -0.0215446 0.979215 73.3714
0.977698 0.000602049 -0.209957 -78.5144 0.0034261 0.999817 0.0188273 -0.593608 0.209935 -0.0191265 0.977525 74.1399
0.975433 -0.00191902 -0.220234 -78.7064 0.00419467 0.999943 0.00986921 -0.595886 0.2202 -0.0105498 0.975425 74.9072
0.973281 -0.00592042 -0.229492 -78.9082 0.00748645 0.999954 0.00595892 -0.597191 0.229452 -0.00751726 0.973288 75.6742
0.970949 -0.00677973 -0.23914 -79.1208 0.00913759 0.999922 0.00875586 -0.595069 0.239059 -0.0106859 0.970974 76.441
0.968304 -0.00565779 -0.249666 -79.337 0.0100206 0.999819 0.0162112 -0.585724 0.249535 -0.0181994 0.968191 77.2043
0.965771 -0.00602029 -0.259283 -79.556 0.0118321 0.999718 0.0208636 -0.574297 0.25908 -0.0232167 0.965606 77.9632
0.963621 -0.0052957 -0.267178 -79.7767 0.0114288 0.999705 0.0214095 -0.565488 0.266994 -0.0236845 0.963403 78.7102
0.960443 -0.00537579 -0.278387 -80.0064 0.0109684 0.999774 0.0185387 -0.558641 0.27822 -0.0208583 0.960321 79.4463
0.958625 -0.0074268 -0.284535 -80.2344 0.0119542 0.999828 0.0141826 -0.557177 0.284388 -0.0169972 0.958556 80.1747
0.956097 -0.0100266 -0.292844 -80.4633 0.0136695 0.99986 0.0103989 -0.565886 0.292693 -0.0139447 0.956137 80.8987
0.95367 -0.00821844 -0.300707 -80.6992 0.0109392 0.999911 0.0073694 -0.581032 0.300629 -0.0103173 0.953683 81.6175
0.951356 -0.00714428 -0.307985 -80.9445 0.00931416 0.999948 0.00557847 -0.595487 0.307926 -0.00817495 0.951403 82.3287
0.948046 -0.00678174 -0.318026 -81.1925 0.00969906 0.999923 0.007595 -0.610948 0.31796 -0.0102849 0.948046 83.0387
0.945116 -0.00589022 -0.326653 -81.4419 0.00983779 0.999908 0.0104376 -0.618924 0.326557 -0.0130777 0.945113 83.7479
0.942307 -0.00215823 -0.334708 -81.6917 0.00845617 0.999812 0.0173643 -0.620468 0.334618 -0.0191931 0.942155 84.4608
0.940097 0.00359377 -0.340861 -81.9472 0.00344166 0.999805 0.0200372 -0.616795 0.340862 -0.0200094 0.939925 85.1737
0.938308 0.00801041 -0.345673 -82.21 -0.00188578 0.999834 0.0180555 -0.616224 0.345772 -0.01629 0.938174 85.8829
0.936189 0.0108202 -0.351305 -82.4773 -0.0073144 0.999921 0.0113087 -0.620477 0.351395 -0.0080169 0.936218 86.5923
0.934655 0.00822244 -0.355428 -82.744 -0.00652476 0.99996 0.00597959 -0.633246 0.355474 -0.00326968 0.934677 87.2999
0.932897 0.00947393 -0.359992 -83.0164 -0.00856591 0.999965 0.00412102 -0.64395 0.360016 -0.000760208 0.932967 88.0048
0.931121 0.0173976 -0.364264 -83.2952 -0.0166284 0.999848 0.00525367 -0.652267 0.364312 0.00116558 0.931273 88.7139
0.92961 0.0168709 -0.368134 -83.5769 -0.0145838 0.999866 0.00899784 -0.658201 0.368231 -0.00299506 0.929754 89.4266
0.927297 0.0180705 -0.373858 -83.8648 -0.0163913 0.999835 0.00767617 -0.663142 0.373948 -0.00098985 0.927445 90.1392
0.925411 0.020043 -0.378414 -84.1587 -0.0203641 0.999803 0.00315717 -0.669681 0.378397 0.00478502 0.925657 90.8503
0.923098 0.0133458 -0.384306 -84.4587 -0.0152361 0.999881 -0.00186963 -0.683809 0.384249 0.00758165 0.923196 91.5591
0.921239 0.0148796 -0.38869 -84.7646 -0.0173387 0.999863 -0.00281682 -0.698937 0.388587 0.00933521 0.92139 92.2677
0.919464 0.0139767 -0.392902 -85.0743 -0.0153801 0.999882 -0.000419174 -0.712676 0.392863 0.00642872 0.919573 92.9755
0.917364 0.0168337 -0.397673 -85.3896 -0.0177829 0.99986 0.00130367 -0.725789 0.397631 0.00587668 0.917552 93.6812
0.915041 0.0191385 -0.402882 -85.7104 -0.0200219 0.999797 0.00202403 -0.739116 0.402853 0.00621495 0.915243 94.3877
0.913262 0.0181253 -0.406948 -86.031 -0.0187155 0.999842 0.00253291 -0.751028 0.406922 0.00530374 0.913473 95.0929
0.911736 0.0167092 -0.410414 -86.354 -0.017173 0.99985 0.00256103 -0.763453 0.410409 0.0047136 0.911889 95.7941
0.910596 0.0138969 -0.413049 -86.675 -0.0135827 0.999922 0.00369951 -0.774922 0.413058 0.00224221 0.910731 96.4873
0.908273 0.0152857 -0.418078 -86.9998 -0.0144413 0.999883 0.00518794 -0.787977 0.418123 0.00132589 0.90839 97.1795
0.906254 0.0187064 -0.422306 -87.3246 -0.0179494 0.999842 0.00577147 -0.801154 0.422338 0.00235045 0.906464 97.8678
0.904097 0.0176515 -0.426942 -87.652 -0.0182337 0.999831 0.00272926 -0.816077 0.426932 0.00531777 0.904269 98.5536
0.902225 0.013852 -0.431031 -87.9825 -0.0163353 0.999884 -0.00205787 -0.834395 0.430944 0.00889836 0.902363 99.2361
0.900551 0.0109193 -0.434594 -88.3159 -0.0138908 0.999896 -0.00365716 -0.853376 0.434525 0.00933088 0.900612 99.916
0.898225 0.0118627 -0.439366 -88.6526 -0.0138967 0.999922 -0.00141081 -0.871256 0.439306 0.00737365 0.898336 100.594
0.896529 0.0139027 -0.442746 -88.9922 -0.013304 0.999901 0.00446215 -0.884544 0.442781 0.00189027 0.896628 101.272
0.895553 0.0141258 -0.444719 -89.3323 -0.0100508 0.999902 0.0115226 -0.89242 0.444829 -0.00584877 0.895626 101.949
0.894025 0.0131875 -0.447803 -89.6727 -0.00723303 0.999861 0.0150076 -0.896916 0.447955 -0.0101779 0.893999 102.625
0.893297 0.00745136 -0.449396 -90.0127 -0.000662061 0.999903 0.015266 -0.90044 0.449457 -0.0133391 0.893231 103.299
0.892183 0.00550743 -0.451621 -90.3533 0.000226251 0.999921 0.0126436 -0.90524 0.451671 -0.0113823 0.892113 103.973
0.891083 0.00330499 -0.453823 -90.6935 0.00179934 0.99996 0.010818 -0.911096 0.453832 -0.0104558 0.891056 104.644
0.890854 0.00274202 -0.454262 -91.034 0.0020436 0.999948 0.0100463 -0.91752 0.454282 -0.00987771 0.890804 105.315
0.889838 0.00116218 -0.45627 -91.3745 0.00392198 0.999962 0.0101988 -0.924243 0.456254 -0.0108642 0.889815 105.982
0.888949 0.000934117 -0.457984 -91.7146 0.00439846 0.999935 0.0105794 -0.929072 0.457981 -0.0114186 0.88889 106.644
0.887736 0.00171388 -0.460349 -92.0543 0.0042953 0.999941 0.0120088 -0.933493 0.460331 -0.0126374 0.887692 107.301
0.886401 -0.000699024 -0.462897 -92.3934 0.00794066 0.999876 0.0136978 -0.936629 0.462845 -0.0158171 0.8863 107.951
0.885507 -0.000934349 -0.464623 -92.7303 0.00871408 0.999876 0.0146001 -0.939016 0.464542 -0.0169767 0.88542 108.595
0.884314 -0.00312357 -0.466861 -93.0642 0.0114275 0.999824 0.0149582 -0.940834 0.466746 -0.0185625 0.8842 109.231
0.883711 -0.00100917 -0.468033 -93.3947 0.00836501 0.999894 0.0136413 -0.944619 0.467959 -0.0159694 0.88364 109.859
0.882494 -0.00205068 -0.470299 -93.7224 0.00803358 0.999911 0.0107166 -0.950054 0.470249 -0.0132349 0.882439 110.481
0.880149 -0.00622826 -0.474659 -94.0474 0.01239 0.999896 0.00985753 -0.955733 0.47454 -0.0145564 0.880145 111.093
0.877923 -0.0045254 -0.478762 -94.371 0.01101 0.999883 0.0107402 -0.961278 0.478672 -0.0146996 0.877876 111.695
0.875036 -0.00562294 -0.484029 -94.6931 0.0135216 0.999853 0.0128327 -0.964823 0.483876 -0.0177734 0.874988 112.287
0.871467 0.0005718 -0.490434 -95.0144 0.00881063 0.99982 0.0168238 -0.96672 0.490371 -0.0189819 0.871311 112.869
0.867908 0.00505209 -0.496703 -95.3353 0.00627371 0.999783 0.0211346 -0.964972 0.496692 -0.0214587 0.867693 113.438
0.863933 0.00926199 -0.503502 -95.6559 0.00551655 0.999597 0.0278555 -0.95951 0.503572 -0.0268423 0.863541 113.997
0.859747 0.0113692 -0.510597 -95.9765 0.00632956 0.999463 0.0329157 -0.951576 0.510688 -0.0315307 0.859219 114.546
0.854288 0.0112423 -0.519659 -96.2973 0.00824297 0.999348 0.0351726 -0.942418 0.519732 -0.0343306 0.853644 115.083
0.847567 0.00866133 -0.530623 -96.6192 0.0120621 0.999323 0.0355821 -0.933359 0.530561 -0.0365584 0.84689 115.609
0.838547 0.00750114 -0.544758 -96.9445 0.0151548 0.999197 0.0370881 -0.922933 0.544616 -0.0393555 0.837767 116.121
0.827504 0.00686906 -0.561423 -97.2737 0.0180635 0.99911 0.0388522 -0.912051 0.561178 -0.0422914 0.826646 116.619
0.815449 0.00837912 -0.578751 -97.6072 0.0180828 0.999038 0.0399441 -0.900595 0.578548 -0.0430373 0.814518 117.101
0.801749 0.00812166 -0.597611 -97.9454 0.0192288 0.999067 0.0393778 -0.890132 0.59736 -0.0430622 0.800848 117.567
0.787174 0.00605382 -0.616683 -98.2886 0.0204943 0.999142 0.0359703 -0.881064 0.616392 -0.040953 0.78638 118.016
0.772583 0.00302899 -0.634912 -98.6343 0.0226105 0.999252 0.0322834 -0.874412 0.63452 -0.0392971 0.771938 118.449
0.756487 0.00283124 -0.653984 -98.9832 0.0217456 0.999331 0.029482 -0.868854 0.653649 -0.0365237 0.755924 118.864
0.740763 0.00579833 -0.671747 -99.3331 0.0184823 0.999443 0.0290106 -0.863304 0.671523 -0.0339054 0.74024 119.261
0.725801 0.00718028 -0.687848 -99.6829 0.0182212 0.999395 0.0296605 -0.857323 0.687666 -0.0340608 0.725236 119.639
0.70882 0.00504068 -0.705378 -100.033 0.0230308 0.999308 0.030287 -0.851384 0.705025 -0.0377133 0.708212 119.999
0.690262 0.00436002 -0.723528 -100.384 0.0274383 0.999106 0.0321987 -0.844454 0.723043 -0.0420777 0.689529 120.341
0.669428 0.00564736 -0.742863 -100.736 0.0291502 0.999033 0.0338659 -0.836638 0.742317 -0.0443253 0.668615 120.665
0.647094 0.0092903 -0.762335 -101.089 0.028989 0.998905 0.0367813 -0.827449 0.761865 -0.0459002 0.646119 120.969
0.624186 0.0120827 -0.781192 -101.444 0.0288785 0.998873 0.0385264 -0.81783 0.780756 -0.0466072 0.623133 121.256
0.600628 0.0147195 -0.799374 -101.799 0.0292711 0.998757 0.0403856 -0.807359 0.799 -0.0476552 0.599454 121.524
0.576551 0.0164121 -0.816906 -102.153 0.0288211 0.9988 0.0404098 -0.796571 0.816569 -0.0468423 0.575384 121.775
0.552031 0.0198694 -0.833569 -102.507 0.0268009 0.998779 0.0415576 -0.786325 0.833401 -0.0452813 0.550828 122.009
0.526818 0.0225734 -0.849687 -102.859 0.0268682 0.998736 0.0431938 -0.77516 0.849569 -0.0455848 0.525544 122.225
0.499853 0.0218753 -0.865816 -103.21 0.0286771 0.998717 0.0417902 -0.765191 0.865645 -0.0457177 0.498587 122.424
0.470568 0.0191003 -0.882167 -103.558 0.0303802 0.998856 0.0378341 -0.757088 0.881857 -0.0446039 0.469447 122.604
0.438293 0.0146744 -0.898695 -103.907 0.0319255 0.998984 0.0318831 -0.752257 0.898276 -0.042665 0.437381 122.767
0.40221 0.0128144 -0.915468 -104.255 0.0335913 0.999057 0.0287444 -0.74805 0.914949 -0.0423131 0.401397 122.913
0.362487 0.0115403 -0.9319 -104.605 0.0350526 0.99905 0.0260077 -0.745081 0.931342 -0.0420926 0.36174 123.039
0.320706 0.0101946 -0.947134 -104.954 0.0369062 0.999081 0.023252 -0.743497 0.946478 -0.0424122 0.320033 123.148
0.275851 0.00782468 -0.961153 -105.305 0.0381645 0.999093 0.0190879 -0.742513 0.960456 -0.041947 0.275303 123.238
0.227627 0.00590869 -0.973741 -105.66 0.0395607 0.999131 0.0153122 -0.743706 0.972963 -0.0420073 0.227194 123.309
0.177703 0.00592207 -0.98405 -106.018 0.0421822 0.999021 0.0136308 -0.745331 0.983193 -0.0439313 0.17728 123.362
0.126293 0.00658237 -0.991982 -106.376 0.0436995 0.999001 0.0121938 -0.747705 0.991049 -0.044889 0.125878 123.392
0.0721843 0.00826671 -0.997341 -106.735 0.0481764 0.998773 0.0117668 -0.749871 0.996241 -0.0488973 0.0716978 123.403
0.0199502 0.00893587 -0.999772 -107.095 0.0475964 0.998849 0.00987861 -0.753266 0.998687 -0.0477823 0.0195007 123.395
-0.0344384 0.00973372 -0.999343 -107.458 0.0503911 0.998702 0.00799254 -0.757337 0.99815 -0.0500823 -0.0348843 123.368
-0.0884048 0.0107508 -0.996038 -107.821 0.052646 0.998627 0.00610697 -0.762289 0.994712 -0.0518972 -0.0888505 123.32
-0.140537 0.0125001 -0.98998 -108.185 0.0550059 0.998479 0.00480055 -0.768412 0.98856 -0.0537797 -0.141012 123.251
-0.191679 0.0136668 -0.981374 -108.552 0.0581797 0.998333 0.00254039 -0.773871 0.979751 -0.0566087 -0.192155 123.165
-0.241102 0.0147923 -0.970372 -108.92 0.0628338 0.998029 -0.000396091 -0.78096 0.968477 -0.0610673 -0.241557 123.059
-0.288871 0.0156543 -0.957251 -109.29 0.0656709 0.997869 -0.00349837 -0.78914 0.955133 -0.0638737 -0.289283 122.931
-0.335612 0.0168837 -0.941834 -109.666 0.0676241 0.997698 -0.00620986 -0.799565 0.939582 -0.0657746 -0.335982 122.786
-0.378764 0.0177375 -0.925334 -110.042 0.0703658 0.997507 -0.00968111 -0.810879 0.922833 -0.0687783 -0.379068 122.62
