1 0 0 0 0 1 0 0 0 0 1 0
0.999701 0.00183969 0.0244009 -0.00233461 -0.00175993 0.999993 -0.0032971 -0.00110325 -0.0244067 0.00325308 0.999698 0.0566953
0.999276 0.00297217 0.0379381 -0.00251363 -0.00273954 0.999977 -0.00618455 -0.00225753 -0.0379557 0.00607615 0.99926 0.168632
0.998882 0.00267591 0.0472194 -0.00388384 -0.00232986 0.99997 -0.00738628 -0.00786953 -0.0472378 0.00726791 0.998859 0.328837
0.998242 0.00392075 0.0591559 -0.00196479 -0.00334354 0.999947 -0.00985513 -0.0143682 -0.0591913 0.00963986 0.998202 0.535906
0.997869 0.0040575 0.0651335 0.00228374 -0.00331606 0.999927 -0.0114906 -0.0208829 -0.0651755 0.01125 0.99781 0.785362
0.997533 0.00439417 0.0700528 0.0107957 -0.00353318 0.999917 -0.0124112 -0.0284731 -0.0701014 0.012133 0.997466 1.07284
0.997211 0.00490752 0.0744788 0.023606 -0.004012 0.999916 -0.0121722 -0.036514 -0.0745325 0.0118394 0.997148 1.3946
0.997045 0.00422212 0.0766863 0.0392752 -0.00346073 0.999946 -0.0100597 -0.0440046 -0.0767242 0.00976449 0.997006 1.74478
0.996935 0.00434179 0.0781046 0.057336 -0.00372825 0.999959 -0.0080027 -0.0518344 -0.0781364 0.00768697 0.996912 2.12224
0.996902 0.00356351 0.0785415 0.0781725 -0.00303203 0.999974 -0.00688651 -0.0603071 -0.0785638 0.00662688 0.996886 2.52336
0.996762 0.00359083 0.0803117 0.100974 -0.00298356 0.999965 -0.00768379 -0.0699256 -0.0803366 0.00741935 0.996738 2.94225
0.996689 0.00447175 0.0811516 0.124296 -0.00373344 0.999954 -0.00924867 -0.0811406 -0.0811888 0.00891493 0.996658 3.37426
0.996589 0.00439577 0.0823767 0.150235 -0.00340788 0.999919 -0.0121326 -0.0930037 -0.0824236 0.0118106 0.996524 3.81591
0.99649 0.00351123 0.0836092 0.179704 -0.00240535 0.999911 -0.0133247 -0.105082 -0.0836483 0.0130766 0.996408 4.26331
0.996299 0.000547263 0.0859262 0.212272 0.000757489 0.999883 -0.0151543 -0.118371 -0.0859248 0.0151633 0.996183 4.71316
0.996091 -0.000711688 0.0882984 0.246014 0.00208751 0.999881 -0.0154908 -0.131932 -0.0882765 0.0156145 0.995972 5.16301
0.995917 0.00365737 0.0901706 0.280328 -0.00206257 0.999838 -0.0177769 -0.145624 -0.0902214 0.0175183 0.995764 5.61023
0.995643 0.00668923 0.0929867 0.314896 -0.0050382 0.99983 -0.0179797 -0.160158 -0.0930906 0.0174327 0.995503 6.05338
0.995359 0.00781851 0.0959017 0.350765 -0.00617797 0.999828 -0.0173951 -0.174323 -0.0960214 0.0167218 0.995236 6.48853
0.99508 0.00378502 0.098985 0.389152 -0.00218194 0.999869 -0.0162995 -0.187718 -0.0990331 0.0160032 0.994955 6.91394
0.994838 -0.0003284 0.101462 0.427378 0.00195447 0.999871 -0.0159301 -0.200492 -0.101444 0.0160462 0.99471 7.32822
0.994625 -0.0032021 0.103489 0.465432 0.00473527 0.99989 -0.0145734 -0.211358 -0.10343 0.0149848 0.994526 7.72774
0.994433 -0.00402489 0.105299 0.503428 0.00549693 0.999891 -0.0136953 -0.221445 -0.105233 0.0141978 0.994346 8.11197
0.994253 -0.00301035 0.107016 0.540869 0.00453066 0.9999 -0.0139667 -0.231674 -0.106962 0.0143709 0.994163 8.47958
0.994044 -0.00225283 0.108975 0.576827 0.0038233 0.999891 -0.0142067 -0.24142 -0.108931 0.0145386 0.993944 8.82876
0.993825 -0.000852521 0.110971 0.611036 0.00250838 0.999896 -0.014783 -0.250003 -0.110945 0.0149696 0.993719 9.16125
0.99365 0.00127548 0.112526 0.644494 0.000429023 0.999885 -0.0151245 -0.258518 -0.112533 0.0150766 0.993535 9.47736
0.993568 0.00189232 0.113228 0.675426 -0.000132186 0.999887 -0.0155504 -0.266385 -0.113243 0.015435 0.993453 9.77749
0.993369 0.00174245 0.114982 0.705728 0.000127032 0.999867 -0.016252 -0.273977 -0.114995 0.0161586 0.993238 10.0638
0.993227 0.00104754 0.116201 0.736136 0.000912584 0.999867 -0.0168142 -0.280705 -0.116201 0.016806 0.993089 10.3363
0.993063 0.000464736 0.117609 0.764922 0.00157494 0.999848 -0.0172513 -0.287649 -0.117599 0.0173167 0.992913 10.5965
0.992938 0.000912976 0.118651 0.793264 0.0012228 0.999847 -0.0179265 -0.293565 -0.118648 0.0179446 0.99278 10.844
0.992774 0.00153629 0.120027 0.8208 0.00076947 0.999814 -0.0191636 -0.299995 -0.120034 0.0191172 0.99259 11.0794
0.992705 0.00200946 0.120568 0.847002 0.00047317 0.999797 -0.0205592 -0.305729 -0.120583 0.0204659 0.992499 11.3045
0.992624 0.00128415 0.121258 0.873206 0.00138552 0.999756 -0.0219313 -0.311503 -0.121257 0.0219372 0.992383 11.5203
0.992685 0.000621933 0.120743 0.898908 0.00216755 0.999742 -0.0229703 -0.317014 -0.120724 0.0230637 0.992424 11.7275
0.992933 0.000686027 0.118702 0.922609 0.00212587 0.999717 -0.0235624 -0.322759 -0.118685 0.0236479 0.992655 11.9272
0.993291 0.000528533 0.115641 0.944341 0.00227212 0.999716 -0.0240857 -0.327762 -0.115619 0.0241866 0.993004 12.1195
0.993747 0.00129503 0.111671 0.964473 0.00149075 0.999686 -0.0248613 -0.332708 -0.111668 0.024872 0.993438 12.3063
0.99435 0.00149782 0.106133 0.982051 0.00122738 0.99968 -0.0256074 -0.337601 -0.106136 0.0255928 0.994026 12.4884
0.995032 0.00145388 0.0995705 0.99806 0.00113928 0.999658 -0.0259841 -0.341709 -0.0995744 0.0259681 0.994694 12.6656
0.995744 0.0016272 0.0921477 1.01116 0.0008165 0.999658 -0.0264757 -0.346372 -0.0921578 0.026438 0.995398 12.8401
0.996465 0.00168974 0.0840159 1.02195 0.000581983 0.999631 -0.0270106 -0.350401 -0.0840306 0.0269637 0.996101 13.0113
0.997239 0.00164076 0.0742424 1.03117 0.000489408 0.999598 -0.0286649 -0.353517 -0.0742583 0.0286219 0.996832 13.181
0.998118 1.12549e-05 0.061364 1.03733 0.00182337 0.999549 -0.0298453 -0.357277 -0.0613365 0.0299006 0.997672 13.3498
0.998975 -0.00123086 0.0452352 1.0408 0.00267694 0.999496 -0.0319211 -0.361476 -0.0451721 0.0320094 0.998471 13.5186
0.999659 -0.000920102 0.026214 1.03897 0.00176825 0.999471 -0.0323594 -0.365733 -0.0261699 0.0323944 0.999136 13.6888
0.999988 -0.000240448 0.00486466 1.03321 0.000394165 0.999509 -0.0316236 -0.371057 -0.00485403 0.031625 0.999492 13.8607
0.999832 -0.000236353 -0.0184967 1.02188 -0.000342366 0.999507 -0.0312671 -0.37693 0.0184958 0.0312678 0.999344 14.0365
0.998991 0.000462031 -0.0449328 1.00496 -0.00184529 0.999535 -0.0307491 -0.38322 0.0448978 0.0308008 0.998522 14.2208
0.997207 0.00100084 -0.074736 0.98125 -0.00321979 0.999554 -0.0295731 -0.38934 0.0746743 0.0297307 0.99677 14.411
0.994157 0.000489541 -0.107951 0.949102 -0.00345825 0.999631 -0.027315 -0.397003 0.107898 0.0275286 0.993787 14.609
0.989479 0.000640794 -0.144712 0.907389 -0.00421463 0.99969 -0.0243894 -0.403154 0.144653 0.0247423 0.989179 14.8123
0.982856 0.00107439 -0.184384 0.855363 -0.00498955 0.999783 -0.0207712 -0.408929 0.184321 0.0213348 0.982642 15.0204
0.974136 0.00420179 -0.225944 0.78962 -0.00827528 0.999817 -0.0170832 -0.414139 0.225833 0.0185108 0.973996 15.2356
0.963344 0.00676894 -0.268192 0.711112 -0.0110818 0.999845 -0.014571 -0.420194 0.268049 0.0170087 0.963264 15.4556
0.950211 0.00803317 -0.311514 0.619117 -0.0118395 0.999874 -0.0103282 -0.425943 0.311395 0.0135019 0.95019 15.6781
0.934598 0.0101846 -0.355565 0.511344 -0.0126136 0.999924 -0.00451414 -0.430459 0.355488 0.00870358 0.934648 15.9057
0.916378 0.0129776 -0.400111 0.387222 -0.0139044 0.999903 0.000587442 -0.434362 0.400082 0.00502485 0.916472 16.1358
0.895311 0.0163615 -0.445146 0.247194 -0.0164964 0.999874 0.00357097 -0.438721 0.445142 0.00414592 0.895459 16.3667
0.871379 0.0192281 -0.490238 0.0890307 -0.0186278 0.999806 0.00610531 -0.442605 0.490264 0.00381188 0.871572 16.601
0.844406 0.0219608 -0.535258 -0.0869464 -0.0218465 0.999759 0.00655317 -0.447019 0.535264 0.00615976 0.844672 16.8345
0.81488 0.0239595 -0.579138 -0.282801 -0.0233451 0.999689 0.0085114 -0.452102 0.579167 0.00658411 0.815189 17.0682
0.781941 0.0264655 -0.622794 -0.49892 -0.0253429 0.999642 0.0106594 -0.456052 0.622842 0.00744823 0.782321 17.3003
0.746828 0.026364 -0.664497 -0.732143 -0.0242976 0.999626 0.0123532 -0.460203 0.66458 0.00691987 0.747193 17.5282
0.709511 0.0263593 -0.704205 -0.987673 -0.0238102 0.999647 0.0134274 -0.464859 0.704297 0.00724023 0.709878 17.7526
0.670458 0.0249018 -0.741532 -1.26279 -0.020948 0.999672 0.0146311 -0.469278 0.741659 0.00572403 0.670763 17.9718
0.629269 0.0242162 -0.776814 -1.5571 -0.0178027 0.999723 0.0167428 -0.473071 0.776988 0.00329347 0.629517 18.1838
0.585825 0.0246468 -0.810064 -1.87406 -0.017915 0.999686 0.0174609 -0.475976 0.810246 0.00428311 0.586085 18.3882
0.539564 0.0237442 -0.841613 -2.21149 -0.0181633 0.999719 0.0165593 -0.478178 0.841754 0.00635155 0.539835 18.5785
0.490696 0.0227066 -0.871036 -2.57116 -0.0156342 0.999728 0.0172543 -0.481262 0.871198 0.00515124 0.490919 18.7576
0.439773 0.0208827 -0.897869 -2.95197 -0.0116302 0.999799 0.0175562 -0.484361 0.898039 0.00272155 0.439921 18.9229
0.388803 0.0204785 -0.921094 -3.35284 -0.011052 0.999783 0.0175632 -0.489597 0.921262 0.00335111 0.388947 19.0712
0.338769 0.0237341 -0.940573 -3.774 -0.0121432 0.99973 0.0208523 -0.490593 0.940796 0.00435738 0.33896 19.2021
0.289646 0.027679 -0.956735 -4.21486 -0.0114754 0.99961 0.0254458 -0.490062 0.957073 0.00360844 0.289852 19.3135
0.243216 0.0292272 -0.969535 -4.67292 -0.00749033 0.999594 0.0282534 -0.488407 0.969948 0.000390294 0.243332 19.4094
0.201801 0.0294849 -0.978985 -5.14907 -0.0065555 0.999564 0.0287541 -0.486559 0.979414 0.000614878 0.201907 19.4904
0.16371 0.0277985 -0.98612 -5.64303 -0.00692151 0.999631 0.0270295 -0.483685 0.986489 0.00240032 0.16384 19.5549
0.130238 0.0242932 -0.99119 -6.15465 -0.0116624 0.999669 0.0229691 -0.4844 0.991423 0.00856763 0.130479 19.6053
0.103459 0.0233441 -0.994363 -6.68471 -0.0140586 0.999683 0.0220053 -0.484583 0.994539 0.0117026 0.103752 19.6413
0.0851142 0.0266357 -0.996021 -7.23493 -0.0154711 0.99956 0.0254089 -0.481628 0.99626 0.0132464 0.0854893 19.6706
0.0738874 0.0310477 -0.996788 -7.80674 -0.0149543 0.99946 0.0300213 -0.476894 0.997161 0.012688 0.0743107 19.6947
0.0679316 0.0329998 -0.997152 -8.39963 -0.0142132 0.999387 0.0321063 -0.469778 0.997598 0.0119912 0.0683594 19.7179
0.0660231 0.0306243 -0.997356 -9.013 -0.0145052 0.999477 0.0297283 -0.463894 0.99772 0.0125039 0.0664319 19.746
0.0689785 0.026102 -0.997285 -9.64489 -0.00951893 0.999633 0.0255056 -0.459055 0.997582 0.00773346 0.0692021 19.7794
0.0749558 0.0236486 -0.996913 -10.2928 0.00326829 0.999731 0.0239603 -0.454676 0.997188 -0.00505439 0.0748573 19.8288
0.0836003 0.0221691 -0.996261 -10.9638 0.00594683 0.999727 0.0227457 -0.44884 0.99649 -0.00782624 0.0834461 19.894
0.0912887 0.0200781 -0.995626 -11.6573 0.00395393 0.999804 0.0205242 -0.442849 0.995823 -0.00581042 0.09119 19.9679
0.0975002 0.0150285 -0.99513 -12.372 0.00866399 0.999838 0.0159488 -0.443765 0.995207 -0.0101767 0.0973546 20.0578
0.10122 0.00505331 -0.994855 -13.1136 0.00673331 0.999984 0.00576422 -0.451047 0.994847 -0.00728215 0.101183 20.1508
0.10422 -0.00237847 -0.994559 -13.8759 0.000239014 1 -0.00236651 -0.462788 0.994564 8.68667e-06 0.104221 20.2464
0.105261 -0.00446557 -0.994439 -14.6622 -0.00420539 1 -0.00493586 -0.475764 0.994442 0.00470145 0.105241 20.3432
0.103215 0.00111529 -0.994667 -15.4739 -0.0110648 0.999943 -2.68128e-05 -0.4837 0.994607 0.0110079 0.103222 20.4394
0.100607 0.00776448 -0.994901 -16.3151 -0.0140381 0.99991 0.00638329 -0.488629 0.994833 0.0133241 0.100705 20.5383
0.0966436 0.01612 -0.995199 -17.1798 -0.0160239 0.999768 0.0146386 -0.48505 0.995199 0.0145314 0.0968798 20.6399
0.0952127 0.0235732 -0.995184 -18.0694 -0.0165042 0.999648 0.0220988 -0.477543 0.995327 0.0143203 0.0955661 20.7449
0.0953558 0.0288852 -0.995034 -18.9806 -0.0139626 0.999523 0.0276785 -0.463957 0.995354 0.0112532 0.095714 20.8542
0.0935242 0.0305017 -0.995158 -19.9111 -0.0129563 0.999512 0.0294164 -0.447836 0.995541 0.0101421 0.0938718 20.9647
0.0930593 0.0277506 -0.995282 -20.8539 -0.0140454 0.999551 0.0265573 -0.43404 0.995569 0.0115069 0.0934077 21.0772
0.0903879 0.0241018 -0.995622 -21.8054 -0.0193489 0.999593 0.0224401 -0.42517 0.995727 0.0172357 0.0908152 21.1874
0.0864064 0.0197306 -0.996075 -22.7661 -0.0204335 0.999632 0.0180291 -0.421051 0.996058 0.0187945 0.0867783 21.2936
0.0810705 0.0159993 -0.996588 -23.7344 -0.0189659 0.999747 0.0145062 -0.420377 0.996535 0.0177249 0.0813517 21.3949
0.073927 0.0140624 -0.997175 -24.7102 -0.0210074 0.999705 0.0125412 -0.421874 0.99705 0.0200199 0.074201 21.4885
0.0680676 0.0165433 -0.99755 -25.695 -0.019384 0.999727 0.0152557 -0.420762 0.9975 0.0182977 0.0683683 21.5766
0.0613166 0.0205396 -0.997917 -26.6879 -0.0210526 0.999597 0.0192813 -0.413458 0.997904 0.0198253 0.0617248 21.6575
0.054888 0.0238517 -0.998215 -27.6884 -0.0222398 0.999527 0.022659 -0.402922 0.998253 0.0209559 0.0553916 21.7314
0.0507501 0.0255765 -0.998395 -28.6933 -0.0252555 0.999391 0.024319 -0.391463 0.9984 0.0239794 0.0513657 21.7996
0.0467895 0.0275829 -0.998532 -29.7026 -0.0286552 0.999277 0.0262594 -0.377677 0.998502 0.027384 0.0475454 21.8626
0.0457115 0.0290654 -0.998542 -30.7171 -0.0317195 0.999121 0.027631 -0.362751 0.998459 0.0304087 0.0465938 21.9227
0.0432281 0.0289363 -0.998653 -31.7366 -0.0328443 0.999113 0.0275266 -0.346786 0.998533 0.0316096 0.0441396 21.9794
0.0416925 0.0283471 -0.998738 -32.76 -0.0333136 0.999087 0.026967 -0.331224 0.998583 0.0321456 0.0425994 22.0345
0.0412972 0.0286693 -0.998742 -33.7868 -0.0335004 0.999097 0.027293 -0.316422 0.998593 0.0323307 0.0422199 22.0881
0.0403122 0.0283714 -0.998795 -34.8168 -0.0351801 0.999024 0.0269586 -0.302143 0.998576 0.0340492 0.0412715 22.1394
0.039639 0.027098 -0.998853 -35.8506 -0.0388316 0.998955 0.0255582 -0.287371 0.998468 0.0377738 0.0406492 22.1885
0.0401797 0.0235065 -0.998926 -36.8886 -0.0438816 0.998807 0.0217391 -0.274513 0.998237 0.0429588 0.0411639 22.2366
0.0406676 0.0235237 -0.998902 -37.929 -0.044941 0.998789 0.0216898 -0.259962 0.99817 0.0440092 0.0416749 22.282
0.0428972 0.0258666 -0.998759 -38.9762 -0.0443869 0.998735 0.0239601 -0.243907 0.998103 0.0433018 0.0439918 22.3283
0.0432109 0.0281165 -0.998677 -40.0307 -0.0440283 0.998723 0.026211 -0.224664 0.998103 0.0428372 0.044393 22.3738
0.0454598 0.0280939 -0.998586 -41.0892 -0.0433101 0.998728 0.0261269 -0.205459 0.998037 0.0420588 0.0466195 22.4197
0.0482307 0.0282063 -0.998445 -42.1497 -0.0439964 0.998728 0.0260872 -0.187985 0.997875 0.0426696 0.0494094 22.4682
0.0523902 0.0294759 -0.998208 -43.2139 -0.0469796 0.998538 0.0270207 -0.168626 0.997532 0.0454772 0.053699 22.5212
0.0581216 0.0305723 -0.997849 -44.2814 -0.0519718 0.998305 0.0275572 -0.147958 0.996964 0.0502581 0.0596106 22.5804
0.0627326 0.030988 -0.997564 -45.3576 -0.0549762 0.998116 0.0275488 -0.125973 0.996526 0.0531114 0.0643185 22.6448
0.0690191 0.0309246 -0.997143 -46.4385 -0.0557673 0.998112 0.0270928 -0.103829 0.996064 0.0537377 0.0706116 22.7154
0.0735461 0.0305726 -0.996839 -47.5243 -0.05516 0.998134 0.0265435 -0.0826526 0.995776 0.0530308 0.0750955 22.7915
0.0784893 0.0303686 -0.99646 -48.6159 -0.0527994 0.998295 0.0262639 -0.0616992 0.995524 0.0505506 0.0799568 22.8743
0.0840832 0.0310675 -0.995991 -49.7115 -0.0517803 0.998309 0.0267694 -0.0401349 0.995124 0.0493193 0.08555 22.9634
0.0884948 0.0321388 -0.995565 -50.8133 -0.0502007 0.998389 0.0277657 -0.0187534 0.994819 0.0475206 0.0899631 23.0598
0.093543 0.0327908 -0.995091 -51.9188 -0.0511869 0.998302 0.0280859 0.00350526 0.994309 0.0483058 0.095063 23.1596
0.0989882 0.0329216 -0.99455 -53.0281 -0.0499356 0.998392 0.0280768 0.0259095 0.993842 0.0468838 0.10047 23.2648
0.102967 0.0290873 -0.994274 -54.1409 -0.0498905 0.998472 0.0240442 0.04426 0.993443 0.0471265 0.104261 23.3741
0.107087 0.0249439 -0.993944 -55.2551 -0.0489362 0.998643 0.0197878 0.0580713 0.993053 0.0465205 0.108159 23.487
0.109812 0.0241073 -0.993675 -56.3717 -0.0486254 0.998646 0.018855 0.0736837 0.992774 0.0462448 0.110835 23.6034
0.112852 0.0257937 -0.993286 -57.491 -0.0475974 0.998692 0.0205247 0.0919931 0.992481 0.044961 0.113929 23.724
0.115321 0.0260625 -0.993004 -58.6144 -0.0476385 0.998657 0.0206793 0.10884 0.992199 0.0449176 0.116408 23.8477
0.11484 0.0254443 -0.993067 -59.7417 -0.0491653 0.99863 0.0198996 0.126101 0.992177 0.0465387 0.11593 23.973
0.115762 0.0263702 -0.992945 -60.8731 -0.0502117 0.998532 0.0206657 0.143738 0.992022 0.0474622 0.116916 24.0989
0.115728 0.026827 -0.992927 -62.0092 -0.050694 0.998528 0.0210681 0.159712 0.991996 0.0478967 0.116914 24.2245
0.116203 0.0255017 -0.992916 -63.1495 -0.0511615 0.998504 0.0196585 0.173666 0.991921 0.0485117 0.117334 24.3515
0.117058 0.0245908 -0.992828 -64.2913 -0.0503098 0.998592 0.0188001 0.186449 0.991859 0.0477477 0.118126 24.478
0.115811 0.0245164 -0.992985 -65.4394 -0.0474457 0.9987 0.0191246 0.198757 0.992153 0.0448954 0.116824 24.6033
0.115539 0.0247972 -0.993 -66.5922 -0.0447694 0.998838 0.0197322 0.2133 0.992303 0.0421756 0.116512 24.7278
0.115541 0.0262563 -0.992972 -67.7452 -0.0443767 0.998799 0.0212476 0.229488 0.992326 0.0416073 0.116567 24.8524
0.115139 0.0285515 -0.992947 -68.9054 -0.0462782 0.998692 0.0233485 0.248063 0.992278 0.0432631 0.116306 24.9766
0.115365 0.0286554 -0.992925 -70.0679 -0.048073 0.998583 0.023234 0.266937 0.992172 0.04505 0.116579 25.1029
0.114263 0.0277173 -0.993072 -71.2291 -0.0501854 0.998535 0.0220934 0.284909 0.99219 0.0473129 0.115483 25.2275
0.114257 0.0264106 -0.993115 -72.4011 -0.0493868 0.998571 0.0208745 0.304114 0.992235 0.0466593 0.115398 25.353
0.115525 0.0260573 -0.99297 -73.5651 -0.0477356 0.998685 0.0206516 0.321723 0.992165 0.045014 0.116613 25.4801
0.114548 0.0274056 -0.993053 -74.7346 -0.0461231 0.998698 0.0222417 0.335491 0.992357 0.0432528 0.115663 25.6057
0.114848 0.0296704 -0.992947 -75.9057 -0.0450596 0.998719 0.024629 0.353816 0.992368 0.041913 0.116034 25.7289
0.115866 0.0312865 -0.992786 -77.075 -0.0454047 0.998635 0.0261725 0.373707 0.992237 0.0420424 0.117129 25.8585
0.115269 0.0309013 -0.99286 -78.248 -0.0455744 0.998664 0.0257888 0.394609 0.992296 0.042276 0.11652 25.99
0.116287 0.0292312 -0.992797 -79.4133 -0.0444553 0.998725 0.0241993 0.412514 0.992229 0.0413189 0.117438 26.1244
0.114483 0.0276158 -0.993048 -80.5803 -0.044171 0.998803 0.0226816 0.428752 0.99245 0.041267 0.115562 26.2604
0.114221 0.0283498 -0.993061 -81.7448 -0.0418296 0.998851 0.0237045 0.445283 0.992583 0.03883 0.115276 26.3979
0.115012 0.0304274 -0.992905 -82.9085 -0.0402462 0.998887 0.0259468 0.466144 0.992555 0.0369761 0.116106 26.5362
0.114213 0.0313898 -0.99297 -84.073 -0.0392305 0.998872 0.0270645 0.488034 0.992689 0.035862 0.115316 26.6718
0.113845 0.0334773 -0.992941 -85.2414 -0.0406806 0.998786 0.0290079 0.509979 0.992672 0.0370908 0.115065 26.8065
0.114946 0.0339398 -0.992802 -86.4035 -0.0428187 0.998666 0.0291833 0.531849 0.992457 0.0391542 0.116246 26.9399
0.115027 0.0345441 -0.992768 -87.5658 -0.0434337 0.998649 0.029714 0.55449 0.992419 0.0397013 0.116369 27.0733
0.115706 0.0317964 -0.992785 -88.7328 -0.0461411 0.99859 0.0266051 0.574079 0.99222 0.0427278 0.117009 27.2046
0.114446 0.0303646 -0.992972 -89.9017 -0.0471192 0.998609 0.025104 0.590783 0.992318 0.0439147 0.115714 27.3328
0.113949 0.0291778 -0.993066 -91.0667 -0.0464163 0.998642 0.0240158 0.606622 0.992409 0.043356 0.115148 27.4622
0.114266 0.0297417 -0.993012 -92.2279 -0.0459557 0.998675 0.024621 0.624021 0.992393 0.0428208 0.115478 27.5936
0.112455 0.0311072 -0.993178 -93.39 -0.0456804 0.998624 0.0261058 0.641686 0.992613 0.0424311 0.113721 27.7237
0.114325 0.0329976 -0.992902 -94.5519 -0.0457998 0.998596 0.027911 0.661551 0.992394 0.0422835 0.115673 27.8561
0.112254 0.033563 -0.993121 -95.7171 -0.0498682 0.998369 0.028104 0.679579 0.992434 0.0463682 0.113744 27.9854
0.111438 0.0341677 -0.993191 -96.8822 -0.053725 0.99819 0.0283092 0.699286 0.992325 0.050204 0.113069 28.1112
0.111901 0.0338202 -0.993151 -98.0509 -0.0564633 0.998031 0.0276248 0.718158 0.992121 0.052983 0.11359 28.237
0.110145 0.0311438 -0.993436 -99.2218 -0.0574628 0.998073 0.0249159 0.733422 0.99226 0.0543407 0.111719 28.3592
0.108845 0.028012 -0.993673 -100.396 -0.0579448 0.99809 0.0217897 0.742585 0.992375 0.055204 0.11026 28.4778
0.108724 0.0263084 -0.993731 -101.574 -0.0548745 0.998321 0.0204239 0.751363 0.992563 0.0523094 0.109982 28.5976
0.106884 0.0251714 -0.993962 -102.756 -0.0504679 0.998535 0.0198606 0.758726 0.992997 0.0480381 0.107998 28.7177
0.106582 0.0266848 -0.993954 -103.941 -0.0503638 0.998539 0.0214051 0.768915 0.993034 0.0477775 0.107767 28.8391
0.104381 0.0294998 -0.994108 -105.129 -0.0497142 0.998472 0.0244098 0.784522 0.993301 0.0468711 0.105688 28.9585
0.103336 0.0297816 -0.994208 -106.321 -0.0478011 0.998583 0.024942 0.802752 0.993505 0.0449465 0.10461 29.0791
0.103121 0.0265823 -0.994322 -107.519 -0.0484844 0.998596 0.0216685 0.816462 0.993494 0.0459723 0.104265 29.1985
0.100483 0.0237212 -0.994663 -108.724 -0.0497871 0.998622 0.0187838 0.826555 0.9937 0.0476336 0.101523 29.3113
0.0998683 0.0220433 -0.994763 -109.93 -0.0487296 0.99867 0.0172379 0.832167 0.993814 0.0467507 0.10081 29.4249
0.0980084 0.0232285 -0.994923 -111.142 -0.0511865 0.99856 0.0182689 0.838182 0.993875 0.0491359 0.0990532 29.5343
0.0969933 0.0264993 -0.994939 -112.363 -0.0559994 0.998215 0.0211276 0.849775 0.993715 0.0536643 0.0983042 29.6417
0.0970485 0.0299608 -0.994836 -113.589 -0.0609409 0.997888 0.0241053 0.863707 0.993418 0.0582866 0.0986663 29.7495
0.095655 0.0306903 -0.994948 -114.821 -0.0673609 0.997441 0.0242914 0.878049 0.99314 0.0646941 0.0974775 29.854
0.0952986 0.0289854 -0.995033 -116.058 -0.0712444 0.997245 0.0222242 0.890032 0.992901 0.068772 0.0970983 29.9571
0.0948573 0.0280042 -0.995103 -117.299 -0.0720009 0.997188 0.0211996 0.902471 0.992889 0.0696346 0.0966068 30.0614
0.0921777 0.0266415 -0.995392 -118.542 -0.0713562 0.997283 0.020082 0.914925 0.993188 0.0691758 0.0938256 30.1629
0.0915912 0.0262618 -0.995456 -119.79 -0.0695232 0.99739 0.0199161 0.923763 0.993372 0.0673805 0.093178 30.2641
0.0897382 0.0266431 -0.995615 -121.04 -0.0700319 0.997371 0.0203756 0.93285 0.993506 0.0678959 0.0913655 30.3635
0.088398 0.030111 -0.995635 -122.293 -0.0693035 0.997315 0.0240089 0.946117 0.993676 0.0668761 0.0902475 30.4625
0.087354 0.033644 -0.995615 -123.546 -0.0677605 0.99735 0.0277549 0.962923 0.993877 0.0650383 0.0893995 30.56
0.0858363 0.0328694 -0.99577 -124.803 -0.0690378 0.997256 0.0269676 0.98028 0.993918 0.0664284 0.0878701 30.6547
0.0854156 0.0310982 -0.995866 -126.06 -0.0688742 0.997342 0.0252344 0.995718 0.993968 0.0664335 0.0873277 30.75
0.0868316 0.0310805 -0.995742 -127.319 -0.0684414 0.997344 0.0251624 1.0091 0.993874 0.0659624 0.0887283 30.8474
0.0868642 0.0301424 -0.995769 -128.58 -0.0684183 0.997397 0.0242208 1.02215 0.993873 0.0660245 0.0886977 30.9456
0.0878691 0.0315008 -0.995639 -129.842 -0.0683287 0.997344 0.0255248 1.03612 0.993791 0.0657852 0.0897882 31.0447
0.0871723 0.0338324 -0.995624 -131.105 -0.06907 0.997259 0.0278378 1.05223 0.993801 0.0663408 0.0892673 31.143
0.0881641 0.0345342 -0.995513 -132.369 -0.0705073 0.997116 0.028346 1.06874 0.993613 0.067689 0.0903448 31.2442
0.089354 0.0325819 -0.995473 -133.632 -0.0731254 0.99702 0.0260661 1.08459 0.993318 0.070465 0.0914672 31.3467
0.0883044 0.0297274 -0.995655 -134.895 -0.0730097 0.997067 0.0232946 1.09573 0.993419 0.0706327 0.0902158 31.4482
0.0871482 0.0271486 -0.995832 -136.157 -0.0708385 0.997305 0.0209869 1.10413 0.99368 0.068714 0.0888335 31.548
0.086453 0.0257348 -0.995928 -137.42 -0.0701032 0.997353 0.0196864 1.11068 0.993791 0.0681132 0.0880283 31.6472
0.0848356 0.0251867 -0.996082 -138.683 -0.0676256 0.997558 0.0194621 1.11753 0.994104 0.0657092 0.0863288 31.7455
0.0842364 0.0251207 -0.996134 -139.946 -0.0663219 0.997614 0.0195499 1.12422 0.994241 0.0644162 0.0857015 31.8432
0.0831831 0.0249046 -0.996229 -141.209 -0.0654807 0.9977 0.0194716 1.13232 0.994387 0.0636137 0.0846198 31.9388
0.0821379 0.0266058 -0.996271 -142.47 -0.064587 0.997692 0.0213193 1.14061 0.99453 0.0625925 0.0836668 32.033
0.0809059 0.0277482 -0.996341 -143.732 -0.0633346 0.997772 0.0226428 1.15017 0.994714 0.0612706 0.0824804 32.1258
0.0803095 0.0262171 -0.99643 -144.99 -0.0615899 0.997883 0.0212915 1.15842 0.99487 0.0596577 0.0817541 32.2181
0.0798731 0.0261943 -0.996466 -146.247 -0.0627859 0.997839 0.0211953 1.16655 0.994831 0.0608709 0.0813424 32.3111
0.080333 0.0297331 -0.996331 -147.502 -0.0630937 0.997712 0.0246875 1.17876 0.994774 0.0608766 0.0820252 32.4041
0.0793438 0.0345803 -0.996253 -148.756 -0.0663219 0.997405 0.0293354 1.19758 0.994645 0.0637457 0.0814284 32.4938
0.0815282 0.0349595 -0.996067 -150.008 -0.0707423 0.997077 0.0292053 1.21664 0.994164 0.06808 0.0837631 32.5853
0.0819964 0.0313904 -0.996144 -151.255 -0.0734476 0.997017 0.0253695 1.2328 0.993928 0.0710842 0.0840541 32.6767
0.0834012 0.0266597 -0.99617 -152.5 -0.0751964 0.996972 0.0203858 1.24178 0.993682 0.0732049 0.0851533 32.7695
0.0850094 0.0250145 -0.996072 -153.74 -0.0768202 0.996913 0.018477 1.24942 0.993421 0.0749474 0.0866653 32.8634
0.0850409 0.0222632 -0.996139 -154.977 -0.072297 0.997265 0.0161165 1.25219 0.993759 0.0706444 0.0864176 32.9565
0.0846125 0.0177158 -0.996263 -156.209 -0.067723 0.997669 0.011987 1.25132 0.994116 0.0664554 0.0856121 33.0487
0.0846474 0.0162605 -0.996288 -157.434 -0.0637955 0.997915 0.0108669 1.24843 0.994374 0.0626363 0.085508 33.1412
0.0821616 0.0181766 -0.996461 -158.655 -0.0602582 0.998133 0.0132364 1.25066 0.994802 0.0589571 0.0831007 33.2293
0.0830195 0.0239779 -0.996269 -159.874 -0.059273 0.998069 0.0190824 1.26086 0.99479 0.0574653 0.0842804 33.3192
0.0824557 0.0259192 -0.996266 -161.093 -0.0601474 0.998006 0.0209841 1.27347 0.994784 0.0581923 0.0838476 33.4087
0.084237 0.0242202 -0.996163 -162.307 -0.0613665 0.997943 0.0190747 1.28322 0.994561 0.0595216 0.0855502 33.4993
0.0849983 0.0247111 -0.996083 -163.514 -0.0640748 0.997795 0.0192836 1.29244 0.994324 0.0621844 0.0863914 33.5902
0.0847176 0.0260101 -0.996078 -164.714 -0.0630736 0.997806 0.0206912 1.30236 0.994413 0.0610707 0.0861723 33.6814
0.0852747 0.0248658 -0.996056 -165.91 -0.0634264 0.997834 0.0194778 1.30962 0.994342 0.061515 0.0866643 33.7729
0.0865895 0.0250863 -0.995942 -167.103 -0.0644522 0.99774 0.0195285 1.31596 0.994165 0.0624967 0.0880106 33.8665
0.0875027 0.0262915 -0.995826 -168.29 -0.065445 0.997682 0.0205876 1.32472 0.994019 0.0633701 0.0890176 33.9603
0.0896569 0.0274002 -0.995611 -169.47 -0.0657496 0.997615 0.0215352 1.33447 0.993809 0.0635272 0.0912445 34.0566
0.0898671 0.0281557 -0.995565 -170.643 -0.0665523 0.997575 0.0222027 1.34394 0.993735 0.0642615 0.0915198 34.152
0.0906334 0.0292912 -0.995469 -171.806 -0.0676749 0.99745 0.0231888 1.35467 0.993592 0.0652634 0.0923843 34.2472
0.0922977 0.030187 -0.995283 -172.958 -0.0673316 0.99748 0.0240073 1.36534 0.993459 0.0647977 0.0940945 34.3436
0.0934271 0.0301141 -0.995186 -174.099 -0.0674275 0.99745 0.0238535 1.37776 0.993351 0.0648711 0.0952191 34.4405
0.0971378 0.0303168 -0.994817 -175.227 -0.0683047 0.997419 0.0237243 1.38823 0.99293 0.0656458 0.0989546 34.5386
0.100542 0.0310428 -0.994469 -176.343 -0.0682784 0.997383 0.024232 1.40061 0.992602 0.0654605 0.102398 34.639
0.102768 0.031003 -0.994233 -177.445 -0.0672725 0.99748 0.0241485 1.41279 0.992436 0.0644021 0.104591 34.7433
0.102831 0.0282708 -0.994316 -178.532 -0.0650491 0.997658 0.0216395 1.42149 0.992582 0.0624507 0.104429 34.845
0.100656 0.0265846 -0.994573 -179.6 -0.0636142 0.997805 0.0202308 1.429 0.992892 0.0612322 0.102123 34.9432
0.0975035 0.0253393 -0.994931 -180.655 -0.0654748 0.997684 0.0189937 1.4357 0.993092 0.0632874 0.0989364 35.0367
0.0957874 0.025384 -0.995085 -181.695 -0.0677528 0.997557 0.018923 1.44097 0.9931 0.0656067 0.0972701 35.1293
0.0939019 0.0273735 -0.995221 -182.726 -0.0692955 0.997388 0.0208957 1.4494 0.993177 0.0669987 0.0955532 35.2192
0.0938846 0.0297127 -0.995146 -183.746 -0.0687829 0.997394 0.0232883 1.45989 0.99321 0.0662621 0.0956807 35.3094
0.092662 0.0313055 -0.995219 -184.758 -0.06689 0.997454 0.0251488 1.46952 0.993459 0.0642366 0.0945196 35.3985
0.0924209 0.031956 -0.995214 -185.758 -0.0654863 0.997549 0.0259473 1.48161 0.993569 0.0627742 0.0942842 35.487
0.0926699 0.0324838 -0.995181 -186.749 -0.0660968 0.997474 0.0264049 1.49354 0.993511 0.063328 0.0945824 35.5771
0.0921269 0.0321609 -0.995234 -187.733 -0.0674677 0.997417 0.0259838 1.50579 0.993465 0.0647518 0.0940558 35.6648
0.0931817 0.0327824 -0.995122 -188.708 -0.07043 0.997182 0.0262564 1.51851 0.993166 0.0676365 0.0952273 35.7533
0.0936765 0.0320536 -0.995092 -189.677 -0.0726619 0.99707 0.0252747 1.53136 0.992954 0.069937 0.0957278 35.8419
0.0948982 0.0307737 -0.995024 -190.641 -0.0735779 0.997016 0.0238189 1.54241 0.992774 0.070948 0.0968787 35.9333
0.0960863 0.0294514 -0.994941 -191.599 -0.0733115 0.997091 0.0224327 1.5528 0.992676 0.0707847 0.0979625 36.0256
0.096112 0.0291284 -0.994956 -192.553 -0.0728148 0.997109 0.0221585 1.56414 0.992713 0.0703146 0.0979547 36.1171
0.0964862 0.031791 -0.99483 -193.503 -0.070748 0.997211 0.0250032 1.57857 0.992823 0.067969 0.0984631 36.209
0.0965317 0.0329253 -0.994798 -194.45 -0.0700767 0.997207 0.0262061 1.59376 0.992869 0.0671792 0.098569 36.3035
0.096373 0.03053 -0.994882 -195.394 -0.0658492 0.997568 0.0242315 1.60455 0.993171 0.0631762 0.0981459 36.3958
0.096513 0.0296352 -0.994902 -196.337 -0.0648517 0.997629 0.0234263 1.614 0.993224 0.0622571 0.0982058 36.4879
0.0957803 0.0299519 -0.994957 -197.282 -0.0678068 0.997456 0.0234974 1.62511 0.993097 0.0652136 0.0975641 36.5758
0.0966487 0.0330438 -0.994781 -198.227 -0.0671096 0.9974 0.0266119 1.64044 0.993061 0.0641844 0.0986148 36.6631
0.0983768 0.0338533 -0.994578 -199.171 -0.0642478 0.997586 0.0275984 1.65676 0.99308 0.0611837 0.100311 36.7524
0.0993758 0.0358952 -0.99441 -200.118 -0.0634121 0.997555 0.0296727 1.67372 0.993034 0.0601063 0.101409 36.8407
0.101127 0.0389306 -0.994119 -201.067 -0.0632704 0.997496 0.0326244 1.69616 0.992868 0.0595982 0.103333 36.9303
0.101407 0.0420376 -0.993965 -202.021 -0.0615159 0.997471 0.035911 1.71574 0.99295 0.0575005 0.103735 37.021
0.101767 0.0425803 -0.993904 -202.978 -0.061301 0.997486 0.0364548 1.73464 0.992926 0.0572165 0.104118 37.1123
0.104194 0.0435503 -0.993612 -203.938 -0.0631861 0.997324 0.0370882 1.75556 0.992557 0.0589155 0.106666 37.2083
0.106148 0.0449485 -0.993342 -204.906 -0.0640483 0.997245 0.0382787 1.78047 0.992295 0.0595576 0.108731 37.3054
0.10963 0.0459144 -0.99292 -205.878 -0.0649829 0.997138 0.0389357 1.80607 0.991855 0.0602516 0.112299 37.4052
0.111042 0.0445589 -0.992826 -206.859 -0.0678014 0.997037 0.0371628 1.83008 0.99151 0.063187 0.113731 37.5062
0.113164 0.0427628 -0.992665 -207.845 -0.0684842 0.997044 0.0351454 1.85189 0.991223 0.0640019 0.115758 37.6128
0.115779 0.0418276 -0.992402 -208.839 -0.0676303 0.997155 0.034136 1.87082 0.990981 0.0631628 0.118275 37.7235
0.116675 0.0442542 -0.992193 -209.838 -0.0674352 0.997064 0.0365429 1.89219 0.990888 0.0626422 0.119316 37.8352
0.118453 0.0467574 -0.991867 -210.844 -0.0678638 0.996965 0.0388912 1.91808 0.990649 0.0627036 0.121263 37.952
0.118748 0.0476903 -0.991787 -211.855 -0.0682143 0.996886 0.0397695 1.94545 0.990587 0.0629288 0.121631 38.072
0.11903 0.0456139 -0.991853 -212.874 -0.0677506 0.997019 0.0377191 1.97171 0.990587 0.0627075 0.121762 38.1951
0.119956 0.0434028 -0.991839 -213.903 -0.0645049 0.997282 0.0358409 2.00099 0.990689 0.0596766 0.122429 38.3235
0.119136 0.0422026 -0.991991 -214.941 -0.0624646 0.997466 0.0349318 2.02754 0.990923 0.0578012 0.121467 38.4517
0.120036 0.0422457 -0.991879 -215.989 -0.0636066 0.997377 0.0347835 2.05337 0.990737 0.0589121 0.122408 38.5804
0.119558 0.0423773 -0.991932 -217.048 -0.0628549 0.997438 0.0350347 2.08281 0.990847 0.0581578 0.121911 38.7136
0.118997 0.0428551 -0.991978 -218.108 -0.0645705 0.997294 0.0353403 2.11765 0.9908 0.0598444 0.121442 38.8441
0.119299 0.0437146 -0.991905 -219.177 -0.0638783 0.997328 0.0362687 2.15793 0.990812 0.059033 0.121769 38.9799
0.117075 0.0451738 -0.992103 -220.249 -0.0641107 0.997231 0.0378431 2.20331 0.991058 0.0591711 0.119647 39.1167
0.116747 0.0464441 -0.992085 -221.334 -0.0642199 0.997198 0.0391241 2.25013 0.991093 0.0591426 0.1194 39.257
0.11702 0.0476326 -0.991994 -222.433 -0.0653166 0.997062 0.0401722 2.29764 0.990987 0.0600898 0.119788 39.3958
0.114632 0.0468803 -0.992311 -223.539 -0.0661252 0.997061 0.0394638 2.34295 0.991215 0.0610917 0.117392 39.5226
0.113522 0.043983 -0.992569 -224.655 -0.0639449 0.997277 0.0368794 2.37757 0.991483 0.0592802 0.116025 39.6482
0.110665 0.0392699 -0.993092 -225.775 -0.0616608 0.997598 0.0325749 2.40631 0.991954 0.0576287 0.112817 39.7737
0.108 0.0347992 -0.993548 -226.907 -0.0577928 0.997921 0.0286713 2.43203 0.992477 0.0543208 0.109787 39.8963
0.107441 0.0350526 -0.993603 -228.056 -0.0520891 0.998238 0.0295815 2.46266 0.992858 0.0485765 0.109074 40.0241
0.103698 0.0377335 -0.993899 -229.21 -0.0471421 0.998347 0.0329851 2.49488 0.993498 0.0434316 0.105305 40.145
0.100954 0.0401557 -0.994092 -230.37 -0.0446472 0.998398 0.0357932 2.52863 0.9939 0.040769 0.102581 40.2606
0.0998723 0.0405019 -0.994182 -231.538 -0.0446044 0.998353 0.0361924 2.55472 0.994008 0.0407278 0.101514 40.3819
0.0959675 0.0407257 -0.994562 -232.713 -0.0445179 0.998376 0.0365839 2.58399 0.9944 0.040764 0.0976213 40.4962
0.0935672 0.0424139 -0.994715 -233.893 -0.0434025 0.998321 0.0384864 2.61695 0.994674 0.0395698 0.0952508 40.61
0.0923457 0.0418947 -0.994854 -235.085 -0.0424834 0.998404 0.0380985 2.64884 0.994829 0.0387457 0.0939752 40.7208
0.0882894 0.0404932 -0.995278 -236.283 -0.0426706 0.998413 0.036837 2.68208 0.995189 0.0392143 0.089877 40.8247
0.0871032 0.0403025 -0.995391 -237.49 -0.0434471 0.998418 0.0366208 2.7154 0.99526 0.0400564 0.0887136 40.9304
0.0826848 0.0408493 -0.995745 -238.704 -0.0428275 0.998386 0.0374029 2.74942 0.995665 0.0395502 0.0843007 41.0324
0.0798142 0.041281 -0.99596 -239.925 -0.0437289 0.998358 0.0378736 2.78059 0.995858 0.0405287 0.0814856 41.1307
0.0785108 0.0428669 -0.995998 -241.154 -0.0457523 0.998183 0.0393559 2.8143 0.995872 0.0424768 0.0803291 41.2287
0.0742672 0.0444693 -0.996253 -242.389 -0.0468777 0.998091 0.0410543 2.84915 0.996144 0.0436525 0.0762074 41.3211
0.0722833 0.045584 -0.996348 -243.631 -0.0496279 0.997886 0.0420555 2.87884 0.996158 0.0464041 0.0743925 41.4129
0.0721285 0.0459109 -0.996344 -244.875 -0.0520111 0.997791 0.0422097 2.91475 0.996047 0.048776 0.0743541 41.5009
0.0704949 0.0465958 -0.996429 -246.123 -0.0528491 0.997685 0.0429172 2.9521 0.99612 0.0496324 0.0727939 41.5827
0.0705865 0.045899 -0.996454 -247.375 -0.052809 0.997748 0.0422151 2.98755 0.996114 0.0496415 0.0728486 41.6672
0.0693136 0.0447772 -0.996595 -248.629 -0.0515381 0.997823 0.0412495 3.02278 0.996271 0.0485011 0.0714702 41.7503
0.0689965 0.0449727 -0.996607 -249.886 -0.0487567 0.997976 0.0416564 3.06266 0.996432 0.0457166 0.0710469 41.8319
0.0697117 0.0451336 -0.99655 -251.141 -0.048059 0.997971 0.0418377 3.10428 0.996416 0.0449743 0.0717391 41.9185
0.0690409 0.0458723 -0.996563 -252.399 -0.0464612 0.99804 0.0427189 3.15177 0.996538 0.0433516 0.0710343 42.0047
0.0681818 0.0460365 -0.996614 -253.657 -0.0446304 0.998079 0.0430524 3.19976 0.996682 0.0415417 0.0701052 42.0898
0.067269 0.0467673 -0.996642 -254.918 -0.0418961 0.998186 0.0440093 3.24919 0.996862 0.0387944 0.0691038 42.1726
0.0661452 0.0485247 -0.996634 -256.179 -0.0390166 0.998183 0.0460123 3.30003 0.997055 0.0358398 0.0679179 42.2562
0.0669103 0.0505785 -0.996481 -257.437 -0.0360643 0.998219 0.0482424 3.34956 0.997114 0.0327089 0.0686128 42.3384
0.0663362 0.0523498 -0.996427 -258.695 -0.0338299 0.998171 0.0501908 3.4034 0.997232 0.0303778 0.0679854 42.4206
0.0660287 0.0516289 -0.996485 -259.948 -0.0341873 0.998224 0.0494511 3.45641 0.997238 0.0308014 0.0676743 42.5035
0.0664644 0.0505717 -0.99651 -261.2 -0.0364303 0.998178 0.048228 3.50794 0.997134 0.0330957 0.068185 42.5843
0.0649234 0.0530572 -0.996482 -262.451 -0.040586 0.997934 0.0504873 3.56033 0.997071 0.0371649 0.0669402 42.6612
0.0659114 0.0573416 -0.99618 -263.702 -0.045813 0.997475 0.0543866 3.61752 0.996784 0.0420511 0.0683712 42.7396
0.064735 0.0581746 -0.996208 -264.954 -0.0489727 0.997316 0.0550539 3.67272 0.996706 0.0452227 0.0674077 42.813
0.064539 0.0523297 -0.996546 -266.205 -0.0502495 0.997534 0.0491286 3.71825 0.996659 0.0469028 0.0670087 42.8887
0.0642486 0.0464218 -0.996857 -267.453 -0.0467868 0.997995 0.0434566 3.75674 0.996843 0.0438472 0.0662892 42.9637
0.0634361 0.0442803 -0.997007 -268.703 -0.0424103 0.998238 0.0416378 3.79386 0.997094 0.0396398 0.0652016 43.037
0.0639059 0.045642 -0.996914 -269.952 -0.038231 0.998368 0.0432549 3.83435 0.99723 0.0353483 0.065544 43.111
0.0657115 0.0475088 -0.996711 -271.199 -0.0378372 0.998272 0.0450901 3.87766 0.997131 0.0347478 0.0673949 43.1877
0.0660784 0.0494579 -0.99659 -272.443 -0.0386787 0.998184 0.0469693 3.92285 0.997071 0.0354428 0.0678686 43.2655
0.0673172 0.050839 -0.996441 -273.685 -0.0400611 0.99804 0.0482157 3.96623 0.996937 0.0366706 0.0692213 43.344
0.0670988 0.0516093 -0.996413 -274.926 -0.0399746 0.998034 0.0489983 4.0121 0.996951 0.036543 0.0690273 43.4202
0.0660662 0.0516469 -0.996482 -276.167 -0.0392606 0.998027 0.0491255 4.05844 0.997052 0.0358748 0.067963 43.4963
0.0674624 0.0506298 -0.996438 -277.405 -0.0395728 0.998098 0.0480319 4.10682 0.996942 0.0361911 0.069335 43.5733
0.0665056 0.0500477 -0.996534 -278.642 -0.0400799 0.998075 0.0474517 4.15435 0.996989 0.0367831 0.0683829 43.6497
0.0663086 0.0501069 -0.996542 -279.879 -0.0417532 0.99804 0.0474009 4.2006 0.996931 0.0384654 0.068268 43.7263
0.0663306 0.0501809 -0.996539 -281.116 -0.0421877 0.997988 0.0474473 4.24686 0.996914 0.0388923 0.0683137 43.803
0.0651603 0.0505427 -0.996596 -282.352 -0.0430652 0.997966 0.0477933 4.29306 0.996951 0.039804 0.0672016 43.8785
0.0653141 0.050696 -0.99658 -283.59 -0.0420379 0.997968 0.0480129 4.34004 0.996987 0.0387562 0.067312 43.9535
0.0641935 0.049995 -0.996685 -284.83 -0.0420181 0.99803 0.0473531 4.38764 0.997057 0.0388388 0.0661651 44.0314
0.0650322 0.0478239 -0.996741 -286.06 -0.0421283 0.998099 0.0451415 4.43348 0.997001 0.0390534 0.0669229 44.103
0.0640994 0.0459528 -0.996888 -287.283 -0.0420185 0.998215 0.0433093 4.48376 0.997063 0.0391114 0.0659133 44.1714
0.0639827 0.0445409 -0.99696 -288.505 -0.0435073 0.998184 0.0418044 4.53038 0.997009 0.0406982 0.0658039 44.2436
0.0644097 0.0442751 -0.996942 -289.721 -0.0455684 0.998139 0.0413814 4.57467 0.996887 0.0427635 0.0663049 44.3148
0.0647706 0.0450606 -0.996886 -290.934 -0.0475038 0.997995 0.042025 4.61982 0.996777 0.0446317 0.0667806 44.3856
0.0636835 0.0456652 -0.996926 -292.147 -0.0495534 0.997901 0.0425414 4.66574 0.996743 0.0466917 0.0658102 44.4571
0.0645265 0.0455128 -0.996881 -293.359 -0.0502565 0.997848 0.0423047 4.71294 0.996657 0.0473677 0.0666743 44.5306
0.0631532 0.0434397 -0.997059 -294.57 -0.0496275 0.99799 0.040334 4.75624 0.996773 0.0469342 0.0651795 44.598
0.0625788 0.0406508 -0.997214 -295.784 -0.0489917 0.998097 0.0376129 4.79081 0.996843 0.0464993 0.0644508 44.6675
0.0616756 0.039513 -0.997315 -296.999 -0.0456259 0.99832 0.0367284 4.8239 0.997057 0.0432379 0.0633725 44.7369
0.0593309 0.0402635 -0.997428 -298.214 -0.0432594 0.998358 0.0377284 4.85856 0.997306 0.0409077 0.0609748 44.8044
0.0581906 0.0404984 -0.997485 -299.432 -0.0430556 0.998384 0.0380205 4.89517 0.997381 0.0407346 0.0598381 44.869
0.0574248 0.0382865 -0.997617 -300.653 -0.045486 0.998333 0.0356962 4.92667 0.997318 0.0433256 0.0590701 44.9333
0.0559811 0.0372144 -0.997737 -301.88 -0.0473467 0.998313 0.0345767 4.95625 0.997312 0.0453037 0.0576466 44.9962
0.0564778 0.0360061 -0.997756 -303.108 -0.0479291 0.998302 0.0333131 4.98446 0.997257 0.045938 0.0581072 45.0605
0.0557866 0.0365057 -0.997773 -304.341 -0.0464506 0.998378 0.033928 5.0134 0.997364 0.0444541 0.0573898 45.1264
0.0560404 0.0367856 -0.997752 -305.575 -0.0447961 0.998415 0.0342942 5.04022 0.997428 0.0427715 0.0575989 45.1953
0.0567741 0.0372779 -0.997689 -306.81 -0.0423703 0.998527 0.0348952 5.06914 0.99749 0.040291 0.0582678 45.2663
0.0559336 0.0383548 -0.9977 -308.048 -0.041142 0.99851 0.0360797 5.09998 0.997592 0.0390272 0.0574277 45.338
0.0566077 0.0381303 -0.997666 -309.29 -0.0398777 0.998594 0.0359003 5.13172 0.997603 0.0377521 0.0580465 45.4089
0.0555117 0.0380574 -0.997735 -310.531 -0.0408748 0.998531 0.0358138 5.16348 0.997628 0.038792 0.0569851 45.4785
