1 0 0 0 0 1 0 0 0 0 1 0
0.999997 -0.00223692 0.00151014 0.0028569 0.0022366 0.999996 0.000194647 -0.0014799 -0.0015106 -0.000191311 0.999999 0.0143495
0.99999 -0.00457583 -0.000256366 0.00710472 0.00457574 0.999989 -0.000397402 -0.00305337 0.000258184 0.000396175 1 0.0443254
0.999961 -0.00649264 -0.00589783 0.0127343 0.00648121 0.999975 -0.00196261 -0.00440133 0.0059104 0.00192427 0.999979 0.0883444
0.999846 -0.00807531 -0.0155079 0.0181754 0.00802367 0.999962 -0.00338742 -0.00665395 0.0155346 0.00326244 0.999872 0.146361
0.999492 -0.0105999 -0.030064 0.023369 0.0104535 0.999932 -0.00502503 -0.00857792 0.0301151 0.00470816 0.999536 0.217677
0.998714 -0.0117809 -0.0493065 0.0266194 0.0114672 0.99991 -0.00664092 -0.010619 0.0493804 0.00606692 0.998759 0.301963
0.99733 -0.0114225 -0.0721439 0.02652 0.0109058 0.999911 -0.00755377 -0.0128347 0.0722237 0.00674671 0.997366 0.399507
0.995069 -0.00864499 -0.0988067 0.0213595 0.00792409 0.999937 -0.00768604 -0.0155793 0.0988671 0.00686503 0.995075 0.511595
0.992072 -0.00596127 -0.12554 0.0112663 0.00480289 0.999942 -0.00952803 -0.0188698 0.12559 0.00884942 0.992042 0.634824
0.988331 -0.00628644 -0.152182 -0.00526521 0.00481948 0.999936 -0.0100063 -0.0220891 0.152236 0.00915602 0.988298 0.770675
0.983556 -0.00698078 -0.180473 -0.0296979 0.00532258 0.999938 -0.00967072 -0.0256657 0.180529 0.00855098 0.983532 0.919008
0.978249 -0.00778912 -0.207281 -0.0606852 0.00593308 0.999933 -0.00957405 -0.0306611 0.207342 0.00813584 0.97823 1.07739
0.972763 -0.00789795 -0.231671 -0.099587 0.0057797 0.999934 -0.00982039 -0.0352471 0.231733 0.00821385 0.972745 1.2453
0.966866 -0.0072731 -0.255173 -0.146674 0.00493927 0.999937 -0.00978538 -0.0403312 0.255229 0.00820068 0.966841 1.42394
0.961386 -0.00767908 -0.275104 -0.201235 0.00502538 0.999933 -0.0103494 -0.0457584 0.275164 0.0085672 0.961359 1.61342
0.955652 -0.00956954 -0.29434 -0.263978 0.00658267 0.999913 -0.0111365 -0.0518249 0.294422 0.008705 0.955631 1.81354
0.950401 -0.011829 -0.31081 -0.334461 0.00816847 0.999881 -0.013076 -0.0578849 0.310927 0.00988853 0.950384 2.02371
0.945538 -0.0120854 -0.325286 -0.411746 0.00747733 0.99985 -0.0154122 -0.065185 0.325425 0.0121405 0.945486 2.24266
0.940297 -0.0131432 -0.34011 -0.495471 0.00773015 0.999821 -0.0172652 -0.0724661 0.340275 0.0136052 0.940229 2.47231
0.935201 -0.0147365 -0.353811 -0.586384 0.0082668 0.999766 -0.0197896 -0.0797965 0.354022 0.0155823 0.935103 2.71194
0.929473 -0.0197338 -0.36837 -0.684466 0.0125446 0.999681 -0.0219005 -0.08802 0.368684 0.0157347 0.929423 2.96533
0.924052 -0.0244553 -0.381481 -0.791394 0.0170967 0.999592 -0.0226668 -0.0974245 0.381882 0.0144233 0.924094 3.22884
0.918363 -0.026025 -0.394888 -0.906279 0.0176907 0.999538 -0.0247318 -0.106699 0.395348 0.0157269 0.918397 3.5044
0.911891 -0.0247619 -0.409683 -1.032 0.0142284 0.999482 -0.0287398 -0.118082 0.410183 0.0203785 0.911772 3.79097
0.905809 -0.0236779 -0.423029 -1.16638 0.0113321 0.999433 -0.0316756 -0.129348 0.423538 0.0238982 0.905564 4.08823
0.898885 -0.0266433 -0.437373 -1.31099 0.01298 0.999328 -0.034199 -0.142696 0.437992 0.025064 0.898625 4.39982
0.892566 -0.0279067 -0.450057 -1.46459 0.0132989 0.999277 -0.0355872 -0.157791 0.450724 0.0257787 0.892291 4.72557
0.88592 -0.0289895 -0.46293 -1.63069 0.0126459 0.999178 -0.0383695 -0.175763 0.463665 0.0281381 0.885558 5.06589
0.878611 -0.0301171 -0.476591 -1.80634 0.0114111 0.999046 -0.0420957 -0.195002 0.477405 0.0315473 0.878116 5.42372
0.87196 -0.0323763 -0.488506 -1.99481 0.0108634 0.998837 -0.0468083 -0.217692 0.489458 0.0355081 0.871298 5.79497
0.865293 -0.0345344 -0.50008 -2.19394 0.00929554 0.998557 -0.0528739 -0.242129 0.501183 0.0411029 0.864365 6.1835
0.859626 -0.0370104 -0.509583 -2.4062 0.00773807 0.998195 -0.0594442 -0.269759 0.510867 0.0471565 0.858361 6.5873
0.854257 -0.0404602 -0.518279 -2.63003 0.00604788 0.997672 -0.0679161 -0.301216 0.519819 0.0548833 0.852512 7.00791
0.847918 -0.0429152 -0.52839 -2.86427 0.00327838 0.997118 -0.0757236 -0.335789 0.530121 0.0624749 0.845614 7.4428
0.841697 -0.0431775 -0.538226 -3.10985 -0.000925984 0.996681 -0.0814039 -0.372731 0.539951 0.0690157 0.838864 7.89226
0.833899 -0.043607 -0.550194 -3.37074 -0.00555193 0.996156 -0.0873671 -0.41433 0.551893 0.0759099 0.83045 8.35305
0.826775 -0.0437774 -0.560832 -3.64778 -0.0100879 0.995653 -0.0925904 -0.459738 0.562444 0.0822091 0.82274 8.82567
0.819552 -0.0427315 -0.571412 -3.94001 -0.015596 0.995178 -0.0967896 -0.50712 0.572796 0.0882358 0.814932 9.30654
0.811059 -0.0413763 -0.583504 -4.25251 -0.020881 0.994811 -0.0995666 -0.559827 0.584594 0.0929386 0.805987 9.79571
0.803457 -0.0411915 -0.593939 -4.58046 -0.0235961 0.994612 -0.100898 -0.616005 0.5949 0.0950819 0.798153 10.2898
0.794136 -0.0399335 -0.606432 -4.92381 -0.0264066 0.994627 -0.100076 -0.674699 0.607168 0.095488 0.788816 10.7955
0.784856 -0.0393658 -0.618429 -5.28359 -0.02788 0.994721 -0.0987007 -0.733659 0.619055 0.0947076 0.779613 11.3057
0.776549 -0.0382455 -0.628901 -5.66149 -0.029541 0.994847 -0.0969768 -0.794197 0.629366 0.0938855 0.771419 11.8218
0.767784 -0.0367678 -0.639654 -6.05998 -0.0307938 0.995076 -0.0941592 -0.852998 0.639971 0.0919915 0.76287 12.3382
0.753418 -0.0334501 -0.656698 -6.49563 -0.0332613 0.995486 -0.0888679 -0.912151 0.656702 0.0887971 0.748906 12.8644
0.744933 -0.0281639 -0.666545 -6.95851 -0.0376088 0.995742 -0.0841048 -0.965995 0.66608 0.0877206 0.7407 13.3914
0.735392 -0.023982 -0.677223 -7.44735 -0.0414775 0.995904 -0.0803081 -1.01649 0.676372 0.0871475 0.731388 13.9203
0.726783 -0.0216427 -0.686527 -7.96502 -0.0444103 0.995927 -0.0784105 -1.06246 0.685431 0.0874765 0.722861 14.45
0.71692 -0.0197581 -0.696882 -8.50622 -0.0472605 0.99592 -0.0768564 -1.10993 0.695553 0.088035 0.713062 14.9882
0.70892 -0.0187807 -0.705041 -9.06484 -0.0485317 0.995973 -0.0753289 -1.15796 0.70362 0.0876191 0.705152 15.5315
0.699386 -0.0169632 -0.714549 -9.64566 -0.0504126 0.996056 -0.0729894 -1.20532 0.712966 0.0870702 0.695774 16.0777
0.691048 -0.0148027 -0.722661 -10.2443 -0.0518256 0.996198 -0.069964 -1.25106 0.720952 0.0858008 0.687652 16.6347
0.683446 -0.0121658 -0.729905 -10.8545 -0.052221 0.996483 -0.0655066 -1.2938 0.728131 0.0828869 0.680408 17.1919
0.67462 -0.00773452 -0.738128 -11.4829 -0.0541132 0.996732 -0.0599014 -1.33544 0.736182 0.0803531 0.671996 17.755
0.667192 -0.00527905 -0.744873 -12.1216 -0.0542638 0.996972 -0.0556709 -1.376 0.742907 0.0775632 0.664886 18.3191
0.659269 -0.00390291 -0.751899 -12.7791 -0.0542191 0.997132 -0.0527153 -1.4166 0.749951 0.0755212 0.657166 18.8892
0.652225 -0.00258079 -0.758027 -13.4504 -0.0547298 0.997223 -0.0504863 -1.4586 0.756048 0.0744154 0.650273 19.462
0.646108 -0.00183514 -0.763245 -14.1305 -0.0548075 0.997298 -0.0487937 -1.49824 0.761276 0.0733579 0.644262 20.0336
0.638696 -0.00129292 -0.769464 -14.8302 -0.054398 0.997419 -0.0468296 -1.53597 0.767534 0.0717676 0.636979 20.61
0.63274 -0.00146103 -0.774364 -15.5416 -0.0541542 0.99746 -0.0461314 -1.57452 0.77247 0.0711246 0.631054 21.1901
0.628084 -0.00146247 -0.77815 -16.2646 -0.0543986 0.997467 -0.0457827 -1.61283 0.776242 0.0710861 0.626415 21.7683
0.623067 -0.000949494 -0.782169 -17.0028 -0.0552355 0.997442 -0.0452104 -1.64872 0.780217 0.0713728 0.621422 22.3519
0.620871 0.000103061 -0.783917 -17.7528 -0.0557427 0.997472 -0.0440178 -1.68856 0.781928 0.0710276 0.619308 22.9354
0.617403 0.00100566 -0.786647 -18.5137 -0.0555848 0.997549 -0.0423503 -1.7281 0.784681 0.0698732 0.615946 23.5274
0.614792 0.00101452 -0.788694 -19.2858 -0.0547608 0.997638 -0.0414033 -1.76825 0.786786 0.0686444 0.613397 24.1289
0.612421 -0.000563181 -0.790531 -20.0604 -0.052953 0.997718 -0.0417328 -1.81203 0.788756 0.0674194 0.610993 24.7327
0.607474 -0.00188043 -0.794343 -20.8522 -0.0510186 0.997839 -0.0413789 -1.85647 0.7927 0.0656634 0.606066 25.3451
0.603785 -0.00176241 -0.797144 -21.6533 -0.0499007 0.997946 -0.0400026 -1.89817 0.795582 0.0639315 0.602457 25.9553
0.597328 0.00114175 -0.802002 -22.4633 -0.050355 0.99808 -0.0360836 -1.93247 0.800414 0.0619391 0.596238 26.5642
0.590717 0.00380412 -0.806869 -23.286 -0.0495466 0.998267 -0.0315669 -1.96653 0.805355 0.0586251 0.589882 27.1688
0.583833 0.00373299 -0.81187 -24.1166 -0.0488978 0.998337 -0.0305735 -2.00364 0.810399 0.0575493 0.583044 27.7726
0.573901 0.0013954 -0.818923 -24.9605 -0.0470745 0.998397 -0.0312885 -2.0449 0.817569 0.0565075 0.573045 28.3719
0.565047 -0.00144339 -0.825063 -25.8091 -0.0465751 0.99835 -0.0336441 -2.08863 0.823743 0.0574387 0.564046 28.9598
0.553163 -0.00162025 -0.833069 -26.6713 -0.0462872 0.998389 -0.0326766 -2.13514 0.831785 0.0566365 0.552195 29.5388
0.542814 0.0013958 -0.839857 -27.548 -0.0465929 0.998514 -0.0284547 -2.1773 0.838558 0.0545781 0.542069 30.1075
0.534786 0.00554375 -0.844966 -28.4333 -0.0492458 0.998479 -0.024617 -2.21276 0.84355 0.0547764 0.534244 30.6695
0.526984 0.00546713 -0.849862 -29.3318 -0.0505661 0.998414 -0.0249327 -2.25022 0.848368 0.0561145 0.526422 31.227
0.521165 0.00281342 -0.853448 -30.2335 -0.051415 0.998277 -0.0281059 -2.28981 0.851905 0.0585284 0.52041 31.7774
0.516686 -0.00100245 -0.856179 -31.1348 -0.0535937 0.998005 -0.0335114 -2.33718 0.854496 0.0632018 0.515598 32.3199
0.510553 -0.00283298 -0.859838 -32.0448 -0.053465 0.99795 -0.0350342 -2.38519 0.858181 0.0638586 0.509353 32.8576
0.505861 -0.000226685 -0.862621 -32.9542 -0.0526066 0.998138 -0.0311123 -2.42994 0.86101 0.0611193 0.504902 33.3875
0.499101 0.00291749 -0.866535 -33.8707 -0.0524067 0.99826 -0.0268236 -2.4728 0.864956 0.0588006 0.498383 33.9126
0.493657 0.00492665 -0.869651 -34.7926 -0.0527225 0.998323 -0.0242728 -2.51346 0.868059 0.0578338 0.493085 34.4269
0.48913 0.00532859 -0.872191 -35.7198 -0.0531734 0.998298 -0.0237206 -2.54952 0.870588 0.0579804 0.488578 34.934
0.482096 0.00315473 -0.87612 -36.6534 -0.0525487 0.998303 -0.0253213 -2.58783 0.874542 0.0582473 0.481441 35.4359
0.475316 0.00161805 -0.87981 -37.5977 -0.0519824 0.998298 -0.0262472 -2.62671 0.878276 0.0582108 0.47459 35.9326
0.469304 0.000472399 -0.883045 -38.5411 -0.0506403 0.998372 -0.0263795 -2.66451 0.881586 0.0570986 0.468562 36.4172
0.46084 0.00052571 -0.88748 -39.4989 -0.0496791 0.998441 -0.025205 -2.69726 0.886091 0.0557051 0.460146 36.8957
0.454007 0.000878206 -0.891005 -40.4614 -0.0497681 0.998466 -0.0243749 -2.722 0.88961 0.055411 0.453352 37.3674
0.444507 0.000387851 -0.895771 -41.435 -0.0509928 0.998381 -0.0248713 -2.7437 0.894322 0.0567338 0.443807 37.8192
0.436055 0.000429806 -0.899926 -42.4214 -0.0510626 0.998401 -0.024265 -2.76427 0.898473 0.0565343 0.435379 38.2657
0.428353 2.75197e-05 -0.903608 -43.4048 -0.051712 0.998352 -0.0244829 -2.77361 0.902131 0.057215 0.427648 38.7075
0.418081 -0.000590823 -0.908416 -44.3963 -0.0523203 0.998323 -0.0247284 -2.78359 0.906904 0.0578679 0.417348 39.143
0.410057 -0.000518873 -0.912055 -45.3898 -0.0530507 0.998283 -0.0244187 -2.79246 0.910515 0.0583987 0.409325 39.5714
0.39937 -5.82162e-05 -0.916797 -46.395 -0.0533583 0.998301 -0.0233068 -2.80863 0.915238 0.0582275 0.398688 39.9956
0.389215 0.000875324 -0.921141 -47.4043 -0.0531308 0.998345 -0.0215 -2.82744 0.919613 0.0573096 0.388616 40.4126
0.380304 0.000965516 -0.924867 -48.4176 -0.0527268 0.998393 -0.0206388 -2.84994 0.923359 0.0566152 0.379744 40.8254
0.370206 0.000437606 -0.928943 -49.4375 -0.05213 0.998422 -0.0203038 -2.87733 0.927485 0.0559429 0.369644 41.2321
0.360364 -0.000899343 -0.932816 -50.4632 -0.0520003 0.99842 -0.0210511 -2.90685 0.931363 0.0560936 0.359748 41.6272
0.351607 -0.000671931 -0.936141 -51.4922 -0.0525469 0.998396 -0.0204519 -2.93354 0.934671 0.0563828 0.351007 42.0113
0.342028 -2.19221e-05 -0.939694 -52.5332 -0.0534699 0.998371 -0.019485 -2.96288 0.93817 0.0569105 0.34147 42.3856
0.335225 -4.40864e-05 -0.942132 -53.5755 -0.0537325 0.998357 -0.0191646 -2.99067 0.940604 0.0570481 0.334671 42.7556
0.32624 -0.000659608 -0.94529 -54.6257 -0.054862 0.998293 -0.0196305 -3.0188 0.943696 0.0582657 0.325647 43.1192
0.31733 -0.00191985 -0.948308 -55.6824 -0.0553558 0.998242 -0.0205435 -3.04738 0.946698 0.0590138 0.316665 43.4784
0.310068 -0.00435313 -0.950707 -56.7401 -0.0554261 0.998197 -0.0226472 -3.07623 0.9491 0.0597171 0.309267 43.8252
0.301127 -0.00542097 -0.953562 -57.8079 -0.05548 0.998175 -0.0231935 -3.10239 0.951969 0.0598882 0.300275 44.1611
0.29334 -0.00447561 -0.956001 -58.8849 -0.0563479 0.998159 -0.0219625 -3.12282 0.954349 0.060312 0.292547 44.4876
0.286296 -0.0035705 -0.958128 -59.9713 -0.0566635 0.998164 -0.0206499 -3.13881 0.956465 0.0602034 0.285567 44.8009
0.276905 -0.00364293 -0.960894 -61.0669 -0.0574426 0.998131 -0.0203372 -3.15554 0.959182 0.0608286 0.276177 45.1007
0.270504 -0.00387864 -0.962705 -62.1628 -0.0573354 0.998136 -0.0201305 -3.17156 0.96101 0.0606429 0.269776 45.3999
0.262137 -0.00375315 -0.965027 -63.2702 -0.0580206 0.998111 -0.0196419 -3.18813 0.963288 0.0611412 0.261423 45.6813
0.25548 -0.00473781 -0.966796 -64.3828 -0.0571854 0.998146 -0.0200016 -3.20455 0.965122 0.0603972 0.254734 45.9542
0.250486 -0.00641265 -0.968103 -65.4972 -0.0558325 0.998208 -0.0210577 -3.22214 0.966512 0.0593272 0.249678 46.2291
0.241788 -0.00886937 -0.970281 -66.6196 -0.0541664 0.998259 -0.0226217 -3.24226 0.968816 0.0580268 0.240884 46.4914
0.234122 -0.0108595 -0.972149 -67.7495 -0.0503529 0.998453 -0.0232793 -3.2661 0.970905 0.0544019 0.233211 46.7538
0.225506 -0.0120715 -0.974159 -68.885 -0.0465229 0.998632 -0.0231431 -3.29447 0.97313 0.05054 0.224634 47.0116
0.212677 -0.0132469 -0.977035 -70.0269 -0.0424454 0.998834 -0.0227813 -3.32448 0.976203 0.0463168 0.211863 47.2571
0.201909 -0.0123534 -0.979319 -71.1735 -0.0405768 0.998941 -0.0209656 -3.35389 0.978563 0.0439711 0.201191 47.4904
0.188544 -0.0114925 -0.982001 -72.3345 -0.039243 0.999039 -0.019226 -3.38216 0.981283 0.0421627 0.187909 47.7089
0.1755 -0.0112164 -0.984409 -73.5003 -0.0394543 0.999036 -0.0184159 -3.41335 0.983689 0.0420715 0.174885 47.9146
0.163464 -0.0118602 -0.986481 -74.6735 -0.03915 0.999056 -0.0184982 -3.44442 0.985774 0.0416456 0.162842 48.105
0.148347 -0.0137474 -0.988834 -75.8534 -0.038147 0.999065 -0.0196115 -3.48082 0.9882 0.0406306 0.14768 48.2779
0.134681 -0.0152725 -0.990773 -77.0398 -0.0364518 0.999119 -0.0203556 -3.51397 0.99022 0.038858 0.134002 48.438
0.122409 -0.0156095 -0.99235 -78.2271 -0.0338119 0.999215 -0.0198872 -3.55128 0.991904 0.0359877 0.121781 48.5834
0.106699 -0.0156701 -0.994169 -79.4206 -0.0321076 0.999291 -0.0191962 -3.58618 0.993774 0.0339696 0.106115 48.7084
0.0927377 -0.0158858 -0.995556 -80.6162 -0.0315687 0.999306 -0.0188853 -3.61933 0.99519 0.0331798 0.0921674 48.8175
0.0803134 -0.0167777 -0.99663 -81.8167 -0.0303217 0.999346 -0.0192663 -3.65274 0.996309 0.0317677 0.0797471 48.9081
0.064766 -0.018165 -0.997726 -83.0244 -0.0305201 0.999313 -0.020174 -3.68542 0.997433 0.0317574 0.0641621 48.9804
0.0533471 -0.0183862 -0.998408 -84.2359 -0.0300516 0.999337 -0.0200084 -3.71752 0.998125 0.031072 0.0527539 49.0357
0.0385785 -0.0179661 -0.999085 -85.4584 -0.0296429 0.999359 -0.0191147 -3.75164 0.998815 0.0303532 0.0380159 49.0738
0.0263614 -0.0169958 -0.99951 -86.686 -0.0293509 0.999398 -0.0177673 -3.78607 0.999224 0.0298055 0.0258411 49.0942
0.0173062 -0.0140078 -0.999743 -87.9184 -0.0262851 0.999533 -0.0144588 -3.81844 0.999503 0.0265285 0.0169242 49.1084
0.00614895 -0.0143527 -0.999881 -89.1572 -0.0236773 0.999602 -0.0144937 -3.85064 0.999703 0.0237643 0.0058006 49.106
-0.00446213 -0.0164465 -0.999845 -90.3987 -0.0214963 0.999617 -0.0163458 -3.8844 0.999756 0.0214199 -0.00482009 49.0918
-0.0128928 -0.0176939 -0.999763 -91.6403 -0.0184545 0.999665 -0.0174536 -3.92059 0.999749 0.0182257 -0.0132214 49.0676
-0.0221545 -0.0197576 -0.999551 -92.8833 -0.0177358 0.999638 -0.0193651 -3.95968 0.999595 0.0172985 -0.0225033 49.031
-0.0255922 -0.0226216 -0.999419 -94.1259 -0.0160359 0.999612 -0.0222149 -4.00286 0.999546 0.0154586 -0.0259516 48.9902
-0.0322366 -0.0231454 -0.999204 -95.3687 -0.0139729 0.999628 -0.0227034 -4.04364 0.999381 0.0132294 -0.0325545 48.9401
-0.0365126 -0.0205038 -0.999124 -96.6121 -0.013589 0.999694 -0.0200183 -4.07792 0.999243 0.0128468 -0.0367868 48.8886
-0.0395527 -0.01767 -0.999054 -97.8602 -0.0102869 0.999782 -0.0172747 -4.11015 0.999164 0.0095934 -0.0397325 48.8345
-0.0432015 -0.0154815 -0.998949 -99.1093 -0.00791641 0.999844 -0.0151522 -4.14208 0.999037 0.00725399 -0.0433241 48.7757
-0.0463114 -0.0145266 -0.998814 -100.357 -0.00419931 0.999874 -0.0143464 -4.17276 0.998918 0.00352924 -0.0463732 48.7113
-0.0479754 -0.0138715 -0.998755 -101.606 -0.00407645 0.999887 -0.0136906 -4.2025 0.998842 0.00341503 -0.0480334 48.6436
-0.0516101 -0.0120292 -0.998589 -102.852 -0.00199021 0.999913 -0.0119413 -4.22726 0.998666 0.00137035 -0.0516363 48.5699
-0.0522082 -0.0110076 -0.998576 -104.097 0.000296738 0.999929 -0.0110371 -4.25232 0.998639 -0.000872086 -0.0522079 48.4956
-0.0552589 -0.0104239 -0.998412 -105.34 0.00282071 0.999926 -0.0105949 -4.27711 0.998469 -0.00340249 -0.0552322 48.4183
-0.057198 -0.00849144 -0.99833 -106.585 0.0056958 0.999938 -0.00883045 -4.29991 0.998348 -0.00619098 -0.0571529 48.3387
-0.0578641 -0.00627632 -0.998299 -107.827 0.00771537 0.999934 -0.00673281 -4.31981 0.998295 -0.00809263 -0.0578187 48.2567
-0.0598437 -0.00614103 -0.998192 -109.067 0.00603606 0.999953 -0.00651279 -4.34078 0.998191 -0.00641444 -0.0598107 48.1724
-0.0608025 -0.00696839 -0.998119 -110.304 0.00733421 0.999932 -0.00742683 -4.3606 0.998124 -0.00777278 -0.0607542 48.0891
-0.0602433 -0.00757963 -0.998157 -111.538 0.00910289 0.999917 -0.00814148 -4.38187 0.998143 -0.00957616 -0.0601762 48.0077
-0.0601319 -0.00878921 -0.998146 -112.768 0.00808837 0.999911 -0.00929102 -4.40334 0.998158 -0.00863288 -0.0600624 47.9256
-0.0569003 -0.00970832 -0.998338 -113.997 0.0051685 0.999929 -0.0100175 -4.42381 0.998367 -0.00572943 -0.0568531 47.846
-0.0531966 -0.00937119 -0.998532 -115.221 0.00397475 0.999932 -0.00959504 -4.44617 0.998576 -0.00448014 -0.0531626 47.7703
-0.0474484 -0.0111213 -0.998818 -116.442 0.00268525 0.999926 -0.0112603 -4.46495 0.99887 -0.00321586 -0.0474218 47.7043
-0.038614 -0.0109881 -0.999186 -117.656 0.00313265 0.999918 -0.0111162 -4.48403 0.999249 -0.00356007 -0.0385831 47.6506
-0.0311268 -0.00951681 -0.999476 -118.862 0.000717746 0.999945 -0.0095429 -4.50306 0.999515 -0.00101387 -0.031125 47.6078
-0.0220583 -0.00976961 -0.9997 -120.062 0.00140101 0.999935 -0.00980182 -4.5208 0.999756 -0.00161749 -0.0220498 47.5753
-0.00996877 -0.00905949 -0.999914 -121.254 -0.00150915 0.999947 -0.00904401 -4.53617 0.999949 0.00141947 -0.00998818 47.5602
0.00048929 -0.00965421 -0.999945 -122.44 -0.003514 0.999931 -0.00965474 -4.54922 0.999994 0.00351798 0.000448979 47.5562
0.012517 -0.00944249 -0.999882 -123.621 -0.00496649 0.999929 -0.00950444 -4.56232 0.99991 0.00508561 0.0124634 47.5679
0.0237511 -0.0117563 -0.999639 -124.795 -0.00579932 0.999895 -0.011896 -4.57759 0.999702 0.00607926 0.0236743 47.5943
0.0374135 -0.0130926 -0.99922 -125.967 -0.00779813 0.999866 -0.0133925 -4.59311 0.99927 0.00829386 0.0373012 47.6325
0.0525532 -0.0125106 -0.99853 -127.133 -0.0100163 0.999848 -0.0130531 -4.61042 0.99857 0.0106872 0.0524141 47.6895
0.0670611 -0.0113464 -0.99769 -128.295 -0.0115411 0.999845 -0.0121461 -4.62738 0.997683 0.0123297 0.0669154 47.7598
0.0829561 -0.0100718 -0.996493 -129.452 -0.0115696 0.999856 -0.0110678 -4.6446 0.996488 0.0124468 0.0828221 47.8474
0.0969705 -0.00878255 -0.995252 -130.604 -0.012818 0.999852 -0.0100714 -4.66145 0.995206 0.0137346 0.0968399 47.9514
0.110607 -0.00963439 -0.993808 -131.747 -0.0127445 0.999842 -0.0111101 -4.68094 0.993785 0.0138941 0.110462 48.0721
0.125611 -0.0116018 -0.992014 -132.884 -0.0120719 0.999822 -0.0132212 -4.70188 0.992007 0.0136369 0.125446 48.2102
0.138969 -0.0126943 -0.990206 -134.014 -0.0100738 0.999832 -0.0142302 -4.72496 0.990248 0.0119523 0.138813 48.3592
0.152225 -0.0122557 -0.988272 -135.138 -0.010504 0.99983 -0.0140166 -4.74806 0.988291 0.0125151 0.152068 48.5239
0.167076 -0.0110088 -0.985874 -136.258 -0.00843206 0.99987 -0.0125929 -4.7691 0.985911 0.0104165 0.166957 48.7026
0.179122 -0.00839078 -0.983795 -137.371 -0.0113066 0.999865 -0.0105861 -4.78823 0.983762 0.0130203 0.179002 48.8928
0.193991 -0.00683337 -0.980972 -138.478 -0.0137211 0.999845 -0.00967709 -4.80635 0.980911 0.0153369 0.193863 49.0995
0.205706 -0.00692038 -0.978593 -139.577 -0.0156896 0.999807 -0.0103682 -4.82712 0.978488 0.0174872 0.205557 49.3173
0.219033 -0.00717103 -0.975683 -140.665 -0.0163275 0.999792 -0.0110123 -4.84861 0.975584 0.0183422 0.218866 49.5489
0.233895 -0.0076814 -0.972233 -141.741 -0.0158871 0.999788 -0.0117209 -4.86753 0.972132 0.0181882 0.233724 49.7945
0.246349 -0.00582588 -0.969157 -142.805 -0.0156243 0.999816 -0.00998038 -4.89114 0.969059 0.0176007 0.246209 50.0505
0.259222 -0.00414447 -0.96581 -143.856 -0.015027 0.999835 -0.00832338 -4.91549 0.965701 0.0166715 0.259118 50.3219
0.273019 -0.0028345 -0.961998 -144.895 -0.0151236 0.999847 -0.00723686 -4.93663 0.961894 0.0165244 0.272931 50.6077
0.282725 -0.00332487 -0.959196 -145.923 -0.0166683 0.999808 -0.00837845 -4.95448 0.959057 0.0183577 0.282617 50.899
0.293902 -0.00179536 -0.955827 -146.94 -0.0172874 0.999813 -0.0071923 -4.97092 0.955682 0.0186374 0.293813 51.1971
0.303299 1.18361e-05 -0.952896 -147.944 -0.0180864 0.999803 -0.00574401 -4.98272 0.952724 0.0189774 0.303242 51.5055
0.314146 0.00313869 -0.949362 -148.934 -0.0199204 0.999784 -0.00328509 -4.99753 0.949168 0.0199434 0.314138 51.8223
0.32555 0.00427823 -0.945516 -149.91 -0.020418 0.999772 -0.00250606 -5.01116 0.945305 0.0201223 0.325566 52.1492
0.335459 0.00613306 -0.942026 -150.873 -0.0218737 0.999748 -0.00127923 -5.02515 0.941803 0.0210345 0.335505 52.4842
0.347053 0.00689036 -0.937821 -151.82 -0.0234951 0.999707 -0.00134941 -5.0409 0.937551 0.0225035 0.347116 52.8271
0.361433 0.0110796 -0.932323 -152.753 -0.0254153 0.999661 0.00202831 -5.05025 0.932054 0.0229622 0.36159 53.1806
0.374988 0.013981 -0.926927 -153.673 -0.0268051 0.999619 0.00423372 -5.05737 0.926642 0.0232599 0.375223 53.5449
0.390264 0.0155898 -0.920562 -154.577 -0.0290356 0.999555 0.00461934 -5.06377 0.920248 0.0249264 0.39054 53.9238
0.404522 0.0158945 -0.914393 -155.468 -0.0302531 0.999521 0.00399064 -5.07045 0.914028 0.0260501 0.404813 54.3116
0.418985 0.0160797 -0.907841 -156.346 -0.0316726 0.999481 0.00308665 -5.07613 0.907444 0.0274606 0.419274 54.7102
0.434122 0.0161533 -0.900712 -157.21 -0.0320912 0.999469 0.0024574 -5.08239 0.900283 0.0278392 0.434415 55.123
0.448483 0.0180477 -0.893601 -158.061 -0.033094 0.999433 0.00357715 -5.08391 0.893182 0.0279687 0.448824 55.5447
0.464003 0.0200597 -0.885609 -158.903 -0.033482 0.999413 0.00509522 -5.08561 0.885202 0.0272889 0.464408 55.9785
0.477938 0.0213729 -0.878126 -159.734 -0.0333426 0.999414 0.00617892 -5.08603 0.877764 0.0263261 0.478369 56.4213
0.491343 0.0240253 -0.870637 -160.551 -0.0334709 0.999387 0.0086892 -5.08647 0.870325 0.0248727 0.491853 56.8742
0.504403 0.0250338 -0.863099 -161.358 -0.0329165 0.9994 0.00975173 -5.08558 0.862844 0.0234916 0.504923 57.3367
0.515408 0.025331 -0.856573 -162.155 -0.0320595 0.999419 0.0102652 -5.08508 0.856347 0.0221716 0.515927 57.8057
0.526123 0.0263151 -0.849995 -162.941 -0.0327514 0.999396 0.0106696 -5.08339 0.849782 0.0222252 0.526665 58.2821
0.537434 0.025878 -0.842911 -163.718 -0.0333013 0.999385 0.00944945 -5.08149 0.842651 0.0229925 0.537973 58.7678
0.547552 0.0273115 -0.83632 -164.487 -0.0351294 0.999327 0.00963625 -5.08021 0.836038 0.0241033 0.548141 59.262
0.558071 0.0271417 -0.829351 -165.249 -0.0355316 0.999314 0.00879506 -5.0793 0.829035 0.0245607 0.558661 59.7637
0.567507 0.0275991 -0.822899 -166.003 -0.0355932 0.999317 0.00897047 -5.07897 0.822603 0.0241991 0.568101 60.2721
0.576201 0.0263454 -0.816886 -166.749 -0.0348171 0.999349 0.00767153 -5.08073 0.816569 0.0240222 0.576751 60.789
0.585289 0.0259583 -0.810403 -167.491 -0.0342829 0.999376 0.00725273 -5.08254 0.810104 0.0235384 0.585813 61.3144
0.591192 0.0261723 -0.806108 -168.229 -0.0346779 0.999359 0.00701438 -5.08457 0.805788 0.0238081 0.59173 61.8427
0.596303 0.0291349 -0.802225 -168.963 -0.0351048 0.999323 0.0102003 -5.08326 0.801996 0.0220797 0.59692 62.3756
0.602163 0.0330631 -0.79769 -169.694 -0.0375504 0.999194 0.0130693 -5.0797 0.797492 0.0220846 0.602929 62.9151
0.607443 0.0364386 -0.793521 -170.421 -0.0380447 0.999126 0.0167577 -5.07289 0.793456 0.0200102 0.608298 63.4595
0.613528 0.0384911 -0.788736 -171.144 -0.040623 0.999012 0.017154 -5.06555 0.78863 0.0215171 0.614496 64.0098
0.618313 0.0406959 -0.784872 -171.866 -0.0418892 0.998936 0.0187964 -5.05511 0.784819 0.0212559 0.619359 64.5648
0.623524 0.0426021 -0.780645 -172.586 -0.0423951 0.998872 0.0206496 -5.04379 0.780657 0.0202209 0.624637 65.1266
0.629869 0.043329 -0.775486 -173.304 -0.0418049 0.998878 0.0218566 -5.03095 0.77558 0.0186526 0.630973 65.6964
0.635481 0.0437756 -0.770876 -174.02 -0.0417813 0.998863 0.0222797 -5.01769 0.770988 0.0180507 0.636598 66.2732
0.64173 0.042621 -0.76574 -174.733 -0.0406953 0.998932 0.0214966 -5.0041 0.765855 0.0173672 0.642778 66.8583
0.64875 0.0421568 -0.759834 -175.444 -0.039981 0.998958 0.0212882 -4.99067 0.759954 0.0165691 0.64977 67.4525
0.655493 0.041296 -0.754066 -176.153 -0.0395549 0.999003 0.0203266 -4.97619 0.75417 0.0165033 0.656472 68.0554
0.66368 0.03981 -0.746958 -176.858 -0.0395622 0.999037 0.0180939 -4.96297 0.746973 0.0175435 0.664627 68.6687
0.672871 0.0407954 -0.73863 -177.56 -0.0421503 0.99896 0.0167774 -4.95159 0.738565 0.0198447 0.67389 69.2941
0.684559 0.0436404 -0.727651 -178.257 -0.0455031 0.998802 0.0170946 -4.93915 0.727539 0.021409 0.685737 69.9344
0.698711 0.0469095 -0.713862 -178.947 -0.0480946 0.998661 0.0185518 -4.92637 0.713793 0.0213709 0.700032 70.5936
0.71193 0.0497262 -0.70049 -179.63 -0.0514099 0.998488 0.0186315 -4.91202 0.700371 0.0227487 0.713423 71.2695
0.726775 0.0512755 -0.684958 -180.304 -0.0532409 0.998405 0.0182503 -4.89798 0.684818 0.0232043 0.728347 71.9674
0.74036 0.0526243 -0.670151 -180.969 -0.0538348 0.998355 0.0189227 -4.88276 0.670057 0.0220686 0.741989 72.6845
0.754131 0.0546008 -0.654451 -181.626 -0.0548086 0.998284 0.0201321 -4.86707 0.654443 0.0206875 0.755831 73.4215
0.768405 0.0571382 -0.637412 -182.274 -0.0561843 0.998168 0.0217468 -4.84731 0.637498 0.0191029 0.770224 74.1799
0.781512 0.0605823 -0.620944 -182.912 -0.0579252 0.99801 0.0244691 -4.82454 0.621207 0.0168454 0.783469 74.9594
0.794917 0.0632021 -0.603422 -183.539 -0.0598053 0.997863 0.0257322 -4.80024 0.603769 0.0156336 0.797016 75.7593
0.807044 0.0644514 -0.586967 -184.153 -0.0615751 0.99778 0.0249009 -4.77653 0.587284 0.0160466 0.809225 76.577
0.819002 0.0633939 -0.570283 -184.755 -0.0621406 0.997815 0.0216783 -4.75615 0.570422 0.0176838 0.821171 77.4142
0.830663 0.0631938 -0.553183 -185.344 -0.0629258 0.997814 0.0195007 -4.73796 0.553222 0.0186112 0.832828 78.2718
0.840494 0.0638114 -0.538056 -185.922 -0.0629025 0.997801 0.020077 -4.72055 0.538165 0.0169711 0.84268 79.1468
0.850193 0.0645981 -0.5225 -186.488 -0.0633537 0.997772 0.020274 -4.70221 0.522661 0.0158657 0.852396 80.0406
0.860503 0.065755 -0.505193 -187.039 -0.0644628 0.997702 0.0200601 -4.68317 0.505361 0.0153049 0.862785 80.9537
0.869102 0.067219 -0.490051 -187.578 -0.0661909 0.997603 0.0194537 -4.66533 0.490199 0.0155298 0.871474 81.8826
0.878712 0.0678987 -0.472509 -188.103 -0.0669656 0.997562 0.0188156 -4.64738 0.472644 0.0151089 0.881137 82.8303
0.886701 0.068873 -0.457193 -188.618 -0.0688955 0.997469 0.0166477 -4.63224 0.457199 0.0167374 0.889209 83.7927
0.89473 0.0691229 -0.441238 -189.119 -0.0700204 0.997428 0.0142702 -4.61817 0.441098 0.0181282 0.89729 84.7718
0.902752 0.068617 -0.424665 -189.607 -0.0702875 0.997442 0.0117542 -4.60796 0.4244 0.0192379 0.905273 85.7687
0.909112 0.0690921 -0.410795 -190.084 -0.0719434 0.997356 0.00853392 -4.60175 0.410307 0.0217963 0.911699 86.7791
0.915608 0.069057 -0.39611 -190.546 -0.0722705 0.997346 0.00682811 -4.59709 0.395544 0.0223756 0.918177 87.8031
0.92296 0.0687531 -0.378717 -190.993 -0.0724773 0.997344 0.00442973 -4.59478 0.378025 0.0233605 0.925514 88.8419
0.929143 0.0676147 -0.363502 -191.42 -0.0733712 0.997288 -0.00203188 -4.59831 0.362391 0.0285591 0.931592 89.8907
0.936302 0.0668671 -0.344785 -191.829 -0.0743645 0.997178 -0.00855158 -4.60709 0.343249 0.0336474 0.938654 90.9623
0.942403 0.0663707 -0.327847 -192.22 -0.0753206 0.997037 -0.014659 -4.6241 0.325915 0.0385092 0.944618 92.0567
0.949079 0.0663441 -0.307987 -192.59 -0.0758939 0.996917 -0.0191214 -4.64863 0.305777 0.041523 0.951211 93.1752
0.955797 0.0673986 -0.286218 -192.936 -0.0773876 0.996705 -0.0237163 -4.68123 0.283687 0.0448188 0.957873 94.3198
0.96087 0.0664525 -0.268926 -193.265 -0.0756106 0.996837 -0.0238318 -4.71541 0.266499 0.0432339 0.962879 95.4789
0.965982 0.0651476 -0.250293 -193.572 -0.0736264 0.996967 -0.0246491 -4.75155 0.247938 0.0422398 0.967858 96.6545
0.970976 0.0631797 -0.230701 -193.858 -0.0717277 0.996993 -0.0288494 -4.79411 0.228191 0.0445605 0.97261 97.8474
0.974798 0.0626945 -0.21413 -194.126 -0.0716901 0.996817 -0.034494 -4.84398 0.211294 0.0489769 0.976199 99.049
0.978474 0.0638101 -0.196278 -194.374 -0.0720789 0.996761 -0.0352734 -4.89459 0.193397 0.0486626 0.979927 100.265
0.981592 0.0657605 -0.179345 -194.604 -0.0730192 0.996733 -0.0341652 -4.94554 0.17652 0.0466331 0.983196 101.491
0.984507 0.0674035 -0.161903 -194.817 -0.0745516 0.996461 -0.0384868 -5.00086 0.158741 0.0499616 0.986069 102.726
0.98725 0.0667146 -0.144569 -195.008 -0.07351 0.996391 -0.0421729 -5.06147 0.14124 0.0522638 0.9886 103.97
0.98935 0.06694 -0.129288 -195.182 -0.073326 0.996267 -0.0452828 -5.12639 0.125779 0.0542816 0.990587 105.221
0.991429 0.065134 -0.113312 -195.336 -0.0712004 0.996179 -0.0503288 -5.19774 0.109607 0.0579668 0.992288 106.479
0.993254 0.0660909 -0.0953384 -195.468 -0.0716548 0.995835 -0.0561719 -5.27719 0.0912333 0.0626254 0.993873 107.743
0.994784 0.067803 -0.0762948 -195.576 -0.0724624 0.995551 -0.0600451 -5.36126 0.0718889 0.0652622 0.99528 109.014
0.996145 0.0702068 -0.0527027 -195.655 -0.0734361 0.995354 -0.0620837 -5.44801 0.0481032 0.0657156 0.996694 110.291
0.996839 0.0743941 -0.0281414 -195.704 -0.0760927 0.994967 -0.0650559 -5.53907 0.0231637 0.0669934 0.997491 111.573
0.996968 0.0778592 -0.00234272 -195.719 -0.0778337 0.994557 -0.0691178 -5.63551 -0.00304794 0.0690915 0.997623 112.86
0.996509 0.080344 0.0230347 -195.702 -0.0784839 0.994256 -0.0726721 -5.73677 -0.0287384 0.0706127 0.997096 114.151
0.995553 0.0818145 0.0468404 -195.654 -0.0781593 0.994094 -0.0751512 -5.84174 -0.0527091 0.071157 0.996089 115.445
0.99396 0.0833579 0.0714905 -195.574 -0.0777425 0.993909 -0.0780324 -5.95114 -0.0775577 0.0720054 0.994392 116.742
0.992044 0.0832275 0.0945361 -195.463 -0.0754525 0.993675 -0.0830329 -6.06745 -0.100846 0.0752402 0.99207 118.04
0.989478 0.0839899 0.117884 -195.322 -0.0738137 0.993358 -0.0881922 -6.19082 -0.124507 0.0785649 0.989112 119.34
0.986511 0.0846826 0.140145 -195.15 -0.0722539 0.993167 -0.0915164 -6.31895 -0.146936 0.0801568 0.98591 120.641
0.983454 0.0852792 0.159888 -194.951 -0.0707398 0.992999 -0.0945308 -6.45177 -0.166829 0.0816585 0.982608 121.943
0.980068 0.085702 0.179273 -194.725 -0.0691843 0.992919 -0.0964504 -6.5868 -0.186268 0.082126 0.979078 123.246
0.97639 0.0861155 0.198155 -194.471 -0.0676593 0.992866 -0.0981096 -6.72394 -0.20519 0.0823885 0.975258 124.549
0.973007 0.0857157 0.21431 -194.195 -0.0652104 0.992735 -0.100995 -6.86505 -0.221409 0.084294 0.971549 125.852
0.969117 0.0856801 0.231282 -193.894 -0.0628482 0.992546 -0.104356 -7.01113 -0.2385 0.0865996 0.967284 127.155
0.965189 0.0869492 0.246718 -193.57 -0.061534 0.99213 -0.108928 -7.16402 -0.254248 0.0899551 0.962964 128.458
0.961134 0.0874927 0.261895 -193.223 -0.0598562 0.991928 -0.111718 -7.32043 -0.269557 0.0917023 0.958619 129.761
0.956209 0.0894937 0.278705 -192.85 -0.0598359 0.991758 -0.113175 -7.48014 -0.286537 0.0915425 0.953705 131.062
0.95101 0.0915468 0.295336 -192.454 -0.0601582 0.991686 -0.11369 -7.64092 -0.30329 0.0903553 0.948617 132.363
0.945095 0.09544 0.312585 -192.034 -0.0627678 0.9916 -0.112988 -7.80141 -0.320743 0.0871648 0.943167 133.662
0.938319 0.0989705 0.331345 -191.584 -0.0649205 0.991541 -0.112328 -7.96234 -0.339661 0.0838901 0.936813 134.96
0.931565 0.104175 0.348366 -191.111 -0.0683461 0.991158 -0.113635 -8.12613 -0.357124 0.0820492 0.930467 136.255
0.923996 0.107363 0.367058 -190.611 -0.0689141 0.990809 -0.116335 -8.29506 -0.376178 0.0821994 0.922909 137.545
0.916389 0.111325 0.384529 -190.084 -0.0704644 0.990402 -0.118809 -8.46828 -0.394066 0.0817794 0.915458 138.829
0.907872 0.113675 0.403577 -189.528 -0.0710277 0.990323 -0.119167 -8.64343 -0.413222 0.0795248 0.907167 140.106
0.897977 0.115318 0.424694 -188.944 -0.0710135 0.990367 -0.118769 -8.81942 -0.434301 0.0764926 0.897536 141.371
0.888124 0.116215 0.444699 -188.329 -0.0708005 0.990542 -0.11747 -8.99502 -0.454149 0.0728443 0.88796 142.624
0.877231 0.117096 0.465598 -187.686 -0.0706572 0.990716 -0.116042 -9.17068 -0.474867 0.0688973 0.877378 143.864
0.865759 0.116387 0.486771 -187.013 -0.0681501 0.990933 -0.115727 -9.34702 -0.495831 0.0670194 0.865848 145.091
0.854547 0.117 0.506052 -186.316 -0.0671123 0.99099 -0.115794 -9.52471 -0.515045 0.0649884 0.854718 146.306
0.842778 0.115842 0.525678 -185.594 -0.064066 0.991207 -0.115722 -9.70415 -0.534466 0.0638505 0.842796 147.505
0.830054 0.114449 0.545838 -184.846 -0.0603633 0.99139 -0.116082 -9.88337 -0.55443 0.0634049 0.829833 148.685
0.817867 0.11335 0.564158 -184.074 -0.0568766 0.991523 -0.116766 -10.0666 -0.572617 0.0634125 0.817388 149.844
0.804201 0.111856 0.58376 -183.277 -0.0537184 0.991777 -0.116038 -10.2502 -0.591946 0.0619589 0.803614 150.982
0.790487 0.112404 0.602099 -182.459 -0.052284 0.991804 -0.116518 -10.4313 -0.610269 0.0606268 0.789891 152.097
0.776637 0.11603 0.619192 -181.624 -0.0519241 0.991326 -0.12064 -10.6189 -0.627824 0.0615419 0.775941 153.189
0.76252 0.12133 0.635507 -180.772 -0.0503573 0.990402 -0.128667 -10.8125 -0.645025 0.0661103 0.761318 154.255
0.748918 0.127763 0.650251 -179.906 -0.0510879 0.989439 -0.135572 -11.0122 -0.660709 0.068312 0.74755 155.293
0.734569 0.132033 0.665585 -179.022 -0.0519385 0.988942 -0.138858 -11.216 -0.676567 0.0674329 0.733309 156.301
0.718842 0.134661 0.682028 -178.127 -0.0527715 0.988788 -0.139612 -11.4181 -0.693186 0.0643668 0.717903 157.273
0.704532 0.137207 0.696301 -177.222 -0.0540866 0.988651 -0.140092 -11.6202 -0.707632 0.0610397 0.703963 158.217
0.688633 0.139535 0.71158 -176.306 -0.0547862 0.988506 -0.140823 -11.8193 -0.723057 0.0579898 0.688377 159.125
0.6757 0.140464 0.723689 -175.387 -0.0538266 0.988451 -0.141599 -12.015 -0.735232 0.0567258 0.675462 160.002
0.661876 0.140992 0.736256 -174.465 -0.0526106 0.988456 -0.141997 -12.2121 -0.747784 0.0552486 0.661666 160.849
0.64676 0.142292 0.749319 -173.538 -0.0509322 0.988298 -0.143714 -12.4143 -0.761014 0.0547852 0.646443 161.672
0.634226 0.147138 0.75904 -172.605 -0.0537677 0.987731 -0.146547 -12.6156 -0.771295 0.0521314 0.634369 162.469
0.619739 0.149294 0.770491 -171.665 -0.0534916 0.98748 -0.148316 -12.8193 -0.783005 0.0507034 0.619972 163.242
0.606214 0.147019 0.781617 -170.717 -0.0515414 0.98795 -0.14586 -13.0209 -0.79365 0.0481356 0.606499 163.993
0.595744 0.143377 0.790288 -169.767 -0.0489525 0.988578 -0.142453 -13.2122 -0.801704 0.0461797 0.595963 164.727
0.58355 0.140912 0.79978 -168.805 -0.0476984 0.989067 -0.139464 -13.3945 -0.810694 0.0432351 0.583903 165.444
0.574575 0.138883 0.806597 -167.845 -0.0461221 0.989415 -0.137509 -13.572 -0.817174 0.0418083 0.574904 166.151
0.565651 0.140162 0.812668 -166.88 -0.0461011 0.989272 -0.138538 -13.7482 -0.823373 0.0408983 0.566057 166.839
0.557967 0.143936 0.8173 -165.92 -0.0469318 0.988728 -0.14209 -13.9288 -0.828559 0.0409248 0.558438 167.509
0.553537 0.147163 0.819742 -164.973 -0.0483135 0.988267 -0.144798 -14.1145 -0.831441 0.0405457 0.554166 168.177
0.548966 0.151184 0.822073 -164.034 -0.0483716 0.987591 -0.149325 -14.3026 -0.834468 0.0422101 0.549471 168.831
0.543596 0.158638 0.824243 -163.102 -0.0493651 0.986307 -0.157279 -14.4998 -0.837913 0.0448064 0.543997 169.466
0.540304 0.163069 0.825533 -162.181 -0.0526732 0.98566 -0.160229 -14.702 -0.839844 0.0430894 0.54115 170.089
0.535871 0.158742 0.829265 -161.263 -0.0521277 0.986498 -0.155161 -14.8962 -0.842709 0.0399175 0.536923 170.706
0.534476 0.151219 0.83156 -160.351 -0.0514109 0.987846 -0.146599 -15.0782 -0.843642 0.035603 0.535759 171.32
0.532122 0.149471 0.833394 -159.44 -0.0511508 0.988158 -0.144575 -15.2566 -0.845142 0.0343014 0.533479 171.929
0.530981 0.151046 0.833828 -158.536 -0.0515492 0.987909 -0.146133 -15.4339 -0.845837 0.0346114 0.532351 172.534
0.531511 0.154661 0.832839 -157.646 -0.0532701 0.987333 -0.149362 -15.6137 -0.845394 0.0350206 0.533033 173.136
0.532047 0.156602 0.832122 -156.764 -0.0535709 0.986993 -0.151499 -15.7959 -0.845042 0.0360274 0.53352 173.736
0.532411 0.157491 0.831733 -155.887 -0.0547696 0.986876 -0.151816 -15.976 -0.844731 0.0352733 0.534066 174.335
0.534926 0.159344 0.829751 -155.016 -0.0565049 0.986591 -0.153039 -16.1544 -0.84303 0.03498 0.536761 174.935
0.536856 0.160473 0.828299 -154.153 -0.0570401 0.986387 -0.154138 -16.3306 -0.841763 0.0355022 0.538717 175.535
0.540112 0.162574 0.825756 -153.298 -0.0604282 0.986111 -0.154622 -16.505 -0.839444 0.0336149 0.542439 176.133
0.544875 0.16037 0.823065 -152.445 -0.0595796 0.986448 -0.152771 -16.6764 -0.836418 0.0342017 0.547062 176.732
0.54947 0.158496 0.820358 -151.6 -0.0588838 0.986735 -0.151204 -16.8478 -0.83346 0.0347768 0.551519 177.332
0.555396 0.157773 0.816508 -150.754 -0.0592383 0.986832 -0.150399 -17.0187 -0.829494 0.035161 0.557446 177.934
0.561022 0.156734 0.812845 -149.91 -0.0576312 0.986911 -0.150525 -17.1836 -0.825817 0.0376032 0.562717 178.534
0.565875 0.155214 0.809781 -149.072 -0.0550975 0.987026 -0.150696 -17.3372 -0.822671 0.0406565 0.567105 179.122
0.571556 0.154459 0.805911 -148.251 -0.05535 0.987129 -0.149941 -17.4882 -0.818718 0.0410926 0.572756 179.713
0.575655 0.153 0.803281 -147.447 -0.0552475 0.987354 -0.148478 -17.6376 -0.815847 0.041091 0.576847 180.299
0.581436 0.151468 0.799386 -146.659 -0.054786 0.98756 -0.147281 -17.7824 -0.81177 0.0418394 0.582509 180.884
0.586495 0.152807 0.795438 -145.876 -0.0574568 0.987399 -0.14733 -17.9309 -0.807936 0.0407028 0.587903 181.478
0.591334 0.153762 0.79165 -145.098 -0.0582801 0.98722 -0.14822 -18.0832 -0.804343 0.0415103 0.592745 182.076
0.59665 0.155228 0.787376 -144.324 -0.0602421 0.98699 -0.148943 -18.2357 -0.800262 0.0414317 0.598258 182.677
0.601049 0.156622 0.783733 -143.553 -0.0624774 0.986799 -0.149296 -18.3935 -0.796791 0.0407686 0.602909 183.286
0.60511 0.158237 0.780291 -142.786 -0.0656139 0.986609 -0.149204 -18.5494 -0.793459 0.039085 0.607409 183.898
0.61053 0.158556 0.775978 -142.024 -0.0685114 0.986639 -0.147703 -18.7053 -0.789048 0.0370138 0.613245 184.521
0.614697 0.15759 0.772893 -141.264 -0.0707158 0.986883 -0.144992 -18.8565 -0.785613 0.034468 0.617798 185.154
0.61916 0.15505 0.769823 -140.509 -0.0703195 0.987303 -0.142303 -19.0096 -0.782134 0.0339747 0.622212 185.791
0.624889 0.154139 0.765378 -139.761 -0.0711916 0.987462 -0.140752 -19.1658 -0.777487 0.0334637 0.628048 186.426
0.629462 0.154773 0.761479 -139.022 -0.0729147 0.987383 -0.140423 -19.3204 -0.773628 0.032868 0.632815 187.06
0.635451 0.153698 0.756721 -138.299 -0.0726561 0.987521 -0.139576 -19.4718 -0.768743 0.0337112 0.638709 187.685
0.641708 0.153717 0.751406 -137.581 -0.0729809 0.987481 -0.139693 -19.6236 -0.763495 0.0348039 0.644904 188.305
0.64829 0.15384 0.745722 -136.879 -0.0719224 0.987348 -0.141173 -19.766 -0.758017 0.0378849 0.651173 188.932
0.655751 0.15373 0.739178 -136.178 -0.072623 0.987333 -0.140922 -19.9064 -0.751501 0.0387284 0.65862 189.569
0.6608 0.152752 0.734886 -135.483 -0.0739411 0.987536 -0.138793 -20.0422 -0.746939 0.0373742 0.66388 190.208
0.664957 0.15252 0.731161 -134.789 -0.0764802 0.987664 -0.13648 -20.1781 -0.74298 0.0348342 0.668431 190.854
