1 0 0 0 0 1 0 0 0 0 1 0
0.999898 0.000917361 0.0142655 0.000843561 -0.000910096 0.999999 -0.000515964 -0.00153816 -0.014266 0.000502926 0.999898 0.00665221
0.999438 0.0027185 0.0334358 0.0031771 -0.0027131 0.999997 -0.00020596 -0.00183057 -0.0334362 0.000115152 0.999441 0.0225886
0.998266 0.00422033 0.0587321 0.00743034 -0.00428743 0.999989 0.00101701 -0.00242484 -0.0587272 -0.00126706 0.998274 0.0465232
0.995942 0.00398843 0.089917 0.0147348 -0.00425932 0.999987 0.00282137 -0.00292993 -0.0899046 -0.00319293 0.995945 0.0809682
0.992172 0.000657436 0.124885 0.0247237 -0.00123341 0.999986 0.00453499 -0.00232814 -0.124881 -0.00465354 0.99216 0.125651
0.98663 -0.00135318 0.162974 0.0407855 0.000497473 0.999986 0.00529132 -0.00169444 -0.162979 -0.0051395 0.986616 0.177805
0.978956 -0.00141953 0.204068 0.0620226 0.00018628 0.999979 0.00606253 -0.000571951 -0.204073 -0.00589692 0.978937 0.239143
0.968192 -0.00146555 0.250207 0.0888454 -0.000740506 0.999964 0.00872269 0.00232277 -0.250209 -0.00863052 0.968153 0.3076
0.955325 -0.00519242 0.295515 0.123844 0.000822765 0.999885 0.0149094 0.00615043 -0.295559 -0.0140001 0.955221 0.385735
0.939829 -0.013082 0.341394 0.168173 0.00558469 0.999724 0.0229344 0.0100467 -0.341599 -0.019648 0.939641 0.470672
0.920424 -0.0178451 0.390514 0.222582 0.00758817 0.999581 0.0277928 0.0152816 -0.390848 -0.0226179 0.920177 0.562158
0.897764 -0.0187086 0.440078 0.288226 0.00539976 0.999495 0.0314746 0.022083 -0.440441 -0.0258806 0.897409 0.659116
0.871405 -0.0206657 0.49013 0.365905 0.00395091 0.999373 0.0351134 0.0301501 -0.490549 -0.0286615 0.870942 0.761821
0.842097 -0.0249948 0.538746 0.456946 0.0045682 0.999225 0.0392179 0.0406935 -0.539305 -0.0305644 0.841557 0.869288
0.808731 -0.0300568 0.587411 0.562744 0.00617352 0.999069 0.0426216 0.0514645 -0.588147 -0.030843 0.808166 0.977694
0.773538 -0.0334712 0.632867 0.684186 0.00633462 0.998967 0.0450909 0.0632125 -0.633718 -0.0308707 0.77295 1.08772
0.736847 -0.0361286 0.675094 0.81965 0.00632561 0.998893 0.0465534 0.0743639 -0.67603 -0.0300324 0.736262 1.19957
0.697949 -0.0371464 0.715184 0.969092 0.00448689 0.998864 0.0475019 0.0863527 -0.716132 -0.029945 0.697324 1.3125
0.659635 -0.0375162 0.75065 1.1357 0.000951487 0.998793 0.0490823 0.100839 -0.751586 -0.0316623 0.658877 1.42538
0.621252 -0.03777 0.782703 1.318 -0.00213785 0.998754 0.0498929 0.11512 -0.783608 -0.0326694 0.620398 1.53712
0.584827 -0.0387688 0.810233 1.51661 -0.00414676 0.9987 0.0507804 0.130447 -0.811149 -0.0330576 0.583908 1.64831
0.551324 -0.0393763 0.833364 1.73283 -0.00630452 0.998662 0.0513577 0.145693 -0.834268 -0.0335687 0.55034 1.75869
0.51707 -0.0390902 0.855052 1.96586 -0.00921868 0.998643 0.0512299 0.161453 -0.855895 -0.0343719 0.51601 1.86935
0.484771 -0.0386018 0.873792 2.21564 -0.0103014 0.998706 0.0498357 0.178543 -0.874582 -0.0331601 0.483748 1.97756
0.456132 -0.0375419 0.88912 2.48444 -0.0101533 0.998824 0.047383 0.194465 -0.889856 -0.0306405 0.455216 2.08363
0.429752 -0.0360925 0.902229 2.77033 -0.00819095 0.999009 0.0438657 0.210975 -0.902911 -0.0262415 0.429031 2.1884
0.408501 -0.0340218 0.912124 3.07521 -0.007746 0.999138 0.0407368 0.228076 -0.912727 -0.0237064 0.407888 2.2927
0.393677 -0.0331987 0.918651 3.39856 -0.00706389 0.999212 0.0391373 0.244969 -0.919222 -0.0218967 0.393133 2.39919
0.381887 -0.0333569 0.923608 3.74302 -0.00639741 0.999225 0.0387336 0.26197 -0.92419 -0.0207005 0.38138 2.50756
0.374605 -0.0329964 0.9266 4.10702 -0.00610568 0.99926 0.0380524 0.278684 -0.927166 -0.0199122 0.374127 2.62018
0.369105 -0.0333447 0.928791 4.48998 -0.00714849 0.99922 0.0387146 0.296598 -0.929363 -0.0209291 0.368581 2.7383
0.363649 -0.0336706 0.930932 4.89241 -0.00772913 0.999206 0.0391594 0.314616 -0.931507 -0.0214355 0.363101 2.86081
0.35829 -0.0338945 0.932996 5.31698 -0.00868038 0.999172 0.0396326 0.332648 -0.933573 -0.0222987 0.357702 2.98933
0.351698 -0.0342567 0.935492 5.76246 -0.00942117 0.999153 0.0401301 0.350128 -0.93607 -0.0229271 0.351079 3.12535
0.346422 -0.0350514 0.937426 6.2301 -0.00937664 0.999117 0.0408241 0.369631 -0.938036 -0.0229322 0.345791 3.26774
0.340491 -0.0354424 0.939586 6.71939 -0.00927973 0.999117 0.0410512 0.38846 -0.940207 -0.0226966 0.339863 3.41676
0.333488 -0.037165 0.942024 7.23389 -0.00945793 0.999035 0.0427633 0.409196 -0.942712 -0.0231704 0.332817 3.57023
0.326685 -0.0390998 0.944333 7.77085 -0.0104251 0.998939 0.0449676 0.430752 -0.945082 -0.024535 0.325932 3.73157
0.318907 -0.0424325 0.946839 8.32872 -0.0106271 0.998768 0.04834 0.455831 -0.947732 -0.0254778 0.318066 3.89811
0.310453 -0.043723 0.949593 8.90873 -0.0112748 0.998708 0.049671 0.480447 -0.950529 -0.0261271 0.30956 4.06636
0.300417 -0.0446282 0.952766 9.51039 -0.0115037 0.998656 0.0504059 0.505768 -0.953744 -0.0261029 0.299503 4.23632
0.288836 -0.0439509 0.956379 10.1311 -0.0128832 0.998682 0.0497862 0.533533 -0.957299 -0.0267013 0.287891 4.4055
0.275258 -0.0433364 0.960395 10.7749 -0.0137563 0.998697 0.0490084 0.563953 -0.961277 -0.0267013 0.274306 4.57295
0.256676 -0.0421563 0.965588 11.4377 -0.0161808 0.998727 0.0479047 0.595311 -0.966369 -0.0279201 0.255669 4.73311
0.233411 -0.0403016 0.971544 12.1215 -0.0197208 0.998733 0.0461682 0.627075 -0.972183 -0.0299356 0.232323 4.8851
0.204981 -0.0405738 0.977934 12.8234 -0.0224547 0.998689 0.0461418 0.660112 -0.978515 -0.0314176 0.203802 5.02049
0.172687 -0.0394935 0.984186 13.5469 -0.0250247 0.998692 0.0444673 0.692795 -0.984664 -0.0323077 0.171475 5.1418
0.140275 -0.039594 0.98933 14.2923 -0.0262776 0.998705 0.0436954 0.723907 -0.989771 -0.0321268 0.139054 5.24015
0.10634 -0.0396346 0.993541 15.0599 -0.0268431 0.998721 0.0427151 0.755718 -0.993973 -0.0312118 0.105143 5.31069
0.0752447 -0.0379525 0.996453 15.837 -0.0293736 0.998764 0.0402589 0.780656 -0.99674 -0.0322989 0.0740385 5.35868
0.0430833 -0.0355078 0.998444 16.6286 -0.0314979 0.998819 0.0368811 0.809473 -0.99858 -0.0330376 0.0419159 5.38133
0.00990459 -0.032708 0.999427 17.4249 -0.0285892 0.999056 0.0329793 0.829114 -0.99955 -0.0288997 0.00896203 5.38847
-0.0209986 -0.0299802 0.999334 18.2318 -0.0249331 0.999251 0.0294547 0.845252 -0.999474 -0.0242977 -0.0217285 5.36938
-0.052803 -0.0268032 0.998257 19.0462 -0.0203227 0.99947 0.025761 0.857434 -0.998406 -0.0189272 -0.0533174 5.32166
-0.0809965 -0.0227392 0.996459 19.8644 -0.0146315 0.999655 0.0216236 0.864562 -0.996612 -0.012828 -0.0812994 5.25338
-0.109681 -0.018985 0.993798 20.6871 -0.00701491 0.999816 0.018326 0.872805 -0.99395 -0.00496156 -0.109791 5.15555
-0.138273 -0.0120038 0.990326 21.5111 -0.00152606 0.999924 0.0119078 0.876982 -0.990398 0.000135431 -0.138279 5.03553
-0.163736 0.0010745 0.986517 22.3302 0.00142836 1.00001 -0.000851796 0.869502 -0.986511 0.0012694 -0.163735 4.89242
-0.188579 0.0174994 0.981906 23.1444 0.0020255 0.999842 -0.0174295 0.849338 -0.982062 -0.00129771 -0.188582 4.73117
-0.21712 0.0313109 0.975656 23.9523 0.00133803 0.999503 -0.031778 0.818235 -0.976152 -0.00559447 -0.21705 4.54809
-0.242137 0.0391173 0.969458 24.7624 0.00387255 0.999214 -0.0393501 0.78137 -0.97024 -0.00577336 -0.242096 4.34295
-0.268055 0.0426342 0.962473 25.5736 0.00756743 0.999089 -0.0421481 0.738735 -0.963382 -0.00401473 -0.268131 4.11439
-0.290681 0.0407677 0.955958 26.382 0.00947022 0.999162 -0.03973 0.703483 -0.95678 -0.00249517 -0.290822 3.86561
-0.311314 0.0358738 0.949644 27.1914 0.011551 0.999363 -0.0339649 0.671922 -0.950245 0.000395486 -0.311527 3.60323
-0.330801 0.0328735 0.943134 27.9972 0.0178777 0.999429 -0.0285647 0.636465 -0.943539 0.00741211 -0.331197 3.32134
-0.344372 0.0328002 0.938274 28.7958 0.0196165 0.999429 -0.0277379 0.598866 -0.938637 0.00885335 -0.344815 3.03083
-0.355926 0.0351304 0.93386 29.5876 0.0234712 0.999309 -0.0286463 0.56937 -0.934226 0.011723 -0.356502 2.72925
-0.367143 0.0372719 0.92943 30.3638 0.0247089 0.99924 -0.0303104 0.54291 -0.929845 0.0118368 -0.367782 2.41917
-0.378123 0.0363225 0.925048 31.1354 0.0188797 0.99932 -0.0315209 0.526497 -0.92557 0.00554583 -0.37855 2.10613
-0.391339 0.0350035 0.919594 31.9033 0.0191194 0.999374 -0.0299036 0.516771 -0.920058 0.00587952 -0.391759 1.78428
-0.399481 0.0344025 0.916101 32.676 0.0196862 0.99938 -0.0289449 0.503244 -0.916538 0.00647158 -0.399909 1.46301
-0.407198 0.0344397 0.912705 33.4495 0.0200728 0.999387 -0.028755 0.489456 -0.91313 0.00661131 -0.407637 1.12418
-0.412223 0.0367752 0.910346 34.2267 0.0213406 0.999293 -0.0307044 0.479796 -0.910841 0.00677 -0.412715 0.776395
-0.410331 0.0372205 0.91119 35.004 0.02037 0.999293 -0.031646 0.467472 -0.91172 0.00557528 -0.410796 0.427502
-0.406865 0.036846 0.91275 35.7895 0.0223569 0.999281 -0.0303726 0.456733 -0.913223 0.00804843 -0.407395 0.0779858
-0.401107 0.0357718 0.915346 36.5872 0.0216871 0.999328 -0.0295505 0.444421 -0.915786 0.00799811 -0.40161 -0.268283
-0.393023 0.0341438 0.9189 37.3962 0.0196458 0.999388 -0.0287311 0.429118 -0.919327 0.00676031 -0.393451 -0.610359
-0.385674 0.0330943 0.922055 38.2164 0.0176083 0.999438 -0.0285067 0.409834 -0.922478 0.00524115 -0.386038 -0.94945
-0.378613 0.0320487 0.925006 39.0508 0.0154008 0.999475 -0.0283242 0.390524 -0.925436 0.00352168 -0.378905 -1.28438
-0.372561 0.0295311 0.927551 39.9018 0.0111166 0.999562 -0.0273589 0.369135 -0.927953 0.000118141 -0.372724 -1.6139
-0.370743 0.0271526 0.928344 40.7674 0.00613516 0.999617 -0.0267861 0.347328 -0.928724 -0.00423561 -0.370764 -1.94496
-0.36945 0.0244115 0.92894 41.6453 0.00330649 0.999681 -0.0249555 0.324157 -0.929255 -0.00614854 -0.36941 -2.28088
-0.369897 0.023105 0.928791 42.5348 0.00252307 0.999708 -0.023863 0.30365 -0.929079 -0.00648419 -0.369844 -2.62553
-0.370801 0.0228511 0.928441 43.4356 0.00247793 0.999714 -0.0236156 0.283384 -0.928719 -0.00645656 -0.370749 -2.9788
-0.369817 0.0223684 0.92884 44.3444 0.00209736 0.999723 -0.0232391 0.261621 -0.929111 -0.00664683 -0.369758 -3.33836
-0.369716 0.021778 0.928897 45.2629 0.00311925 0.999744 -0.0221972 0.24274 -0.929149 -0.00530974 -0.369687 -3.69942
-0.370611 0.0208072 0.92856 46.1842 0.00334911 0.999768 -0.0210648 0.22698 -0.928791 -0.00469776 -0.370591 -4.06805
-0.370523 0.0197531 0.928619 47.1087 0.000645289 0.999773 -0.021009 0.208634 -0.928832 -0.00718567 -0.370449 -4.44741
-0.371463 0.019062 0.928258 48.021 0.000223032 0.999787 -0.0204403 0.187207 -0.928457 -0.00738659 -0.371385 -4.82925
-0.370867 0.0184747 0.928508 48.9247 -0.000776287 0.99979 -0.0202026 0.175217 -0.928695 -0.00821391 -0.370772 -5.19964
-0.370372 0.0168812 0.928737 49.8326 -0.00104613 0.999823 -0.0185891 0.164497 -0.928892 -0.00785739 -0.370285 -5.57539
-0.371366 0.0141721 0.928385 50.7462 -0.000995218 0.999871 -0.0156607 0.166949 -0.928496 -0.00674058 -0.371301 -5.9516
-0.369701 0.0130173 0.929067 51.6706 -0.00219877 0.999882 -0.0148832 0.162764 -0.929158 -0.00754614 -0.369626 -6.32179
-0.367431 0.0114319 0.929987 52.583 -0.00277209 0.9999 -0.0133858 0.154828 -0.930056 -0.00749709 -0.367359 -6.67911
-0.365669 0.0132293 0.930658 53.4844 -0.00113567 0.999886 -0.0146582 0.164789 -0.930754 -0.00641797 -0.36561 -7.03927
-0.365075 0.0149556 0.930865 54.3833 0.000717096 0.99987 -0.0157821 0.199945 -0.930987 -0.00509486 -0.365035 -7.42336
-0.366943 0.0162793 0.930107 55.2523 -0.00258091 0.999819 -0.0185162 0.248794 -0.93025 -0.00919593 -0.366831 -7.79952
-0.363024 0.0150231 0.931665 56.1212 -0.0148816 0.999644 -0.0219173 0.297846 -0.931671 -0.0218219 -0.362668 -8.13205
-0.364569 0.0133579 0.931085 56.9828 -0.0245047 0.999408 -0.0239317 0.345065 -0.930863 -0.0315419 -0.364022 -8.46204
-0.368937 0.0100828 0.929407 57.8425 -0.0299377 0.99929 -0.0227246 0.379675 -0.928983 -0.036209 -0.36837 -8.79074
-0.370991 0.00576799 0.928622 58.7241 -0.0346722 0.999191 -0.0200567 0.412854 -0.928 -0.0396396 -0.370487 -9.1252
-0.375783 0.00252842 0.926709 59.5973 -0.0397817 0.999026 -0.0188568 0.430165 -0.925864 -0.0439531 -0.375312 -9.45837
-0.379216 0.00352309 0.925305 60.4807 -0.0407505 0.998953 -0.0205028 0.436274 -0.924421 -0.045483 -0.378671 -9.79978
-0.383799 0.00398445 0.923413 61.369 -0.0419256 0.998879 -0.0217353 0.432334 -0.922474 -0.0470574 -0.383198 -10.1529
-0.390248 0.00390614 0.920706 62.2575 -0.045815 0.998664 -0.0236545 0.418715 -0.919578 -0.0514147 -0.389544 -10.5157
-0.394378 0.00400694 0.918944 63.1461 -0.0482145 0.998516 -0.0250455 0.395553 -0.917692 -0.0541846 -0.393597 -10.8819
-0.398556 0.00200148 0.917147 64.0188 -0.0493642 0.998495 -0.0236294 0.362281 -0.915824 -0.0546932 -0.397855 -11.2504
-0.402377 -0.00394891 0.91547 64.8883 -0.0489554 0.998646 -0.0172095 0.329302 -0.914173 -0.0517429 -0.402023 -11.6186
-0.403027 -0.0097329 0.915141 65.7601 -0.0488068 0.998742 -0.0108713 0.302181 -0.913894 -0.0490481 -0.402993 -11.9818
-0.405415 -0.0121483 0.914059 66.6322 -0.0482124 0.998797 -0.0081092 0.275652 -0.91287 -0.0473574 -0.405511 -12.3439
-0.406114 -0.00812971 0.913791 67.5067 -0.0476854 0.99878 -0.0123056 0.24682 -0.912587 -0.0485735 -0.406004 -12.71
-0.407189 -0.00318611 0.913346 68.3801 -0.0480616 0.998677 -0.0179431 0.210383 -0.912089 -0.0512039 -0.406802 -13.079
-0.40857 0.00105829 0.912731 69.252 -0.0436273 0.998825 -0.0206859 0.171534 -0.911694 -0.048273 -0.408042 -13.4558
-0.407938 -8.50879e-05 0.913017 70.1225 -0.0438472 0.998841 -0.0194982 0.126058 -0.911965 -0.047988 -0.407468 -13.8425
-0.407515 -0.00293174 0.913198 70.9924 -0.0453675 0.998816 -0.0170376 0.0801948 -0.912081 -0.0483737 -0.407164 -14.2353
-0.408122 -0.00615538 0.912915 71.855 -0.0477452 0.998746 -0.0146107 0.0358395 -0.911688 -0.0495509 -0.407903 -14.6336
-0.405653 -0.0112548 0.913963 72.7188 -0.0505894 0.99866 -0.0101548 -0.0045305 -0.912636 -0.0503572 -0.405677 -15.0313
-0.406639 -0.0154833 0.913466 73.5808 -0.0591776 0.998197 -0.00942402 -0.0434087 -0.91168 -0.0578897 -0.406821 -15.4301
-0.403861 -0.0166192 0.914675 74.4474 -0.0644555 0.997859 -0.0103275 -0.0830715 -0.912558 -0.0631279 -0.404065 -15.8267
-0.400671 -0.0164893 0.916082 75.316 -0.0619726 0.99803 -0.00914091 -0.12247 -0.914134 -0.0604354 -0.400902 -16.2216
-0.399278 -0.0136316 0.916734 76.1853 -0.0578398 0.998264 -0.0103467 -0.162927 -0.915015 -0.057156 -0.39937 -16.6151
-0.393168 -0.0120551 0.919397 77.056 -0.0567506 0.998321 -0.0111788 -0.203135 -0.917724 -0.0565722 -0.39319 -17.0029
-0.385295 -0.0107856 0.922737 77.9278 -0.0523594 0.998569 -0.0101897 -0.24178 -0.921318 -0.052241 -0.385305 -17.383
-0.376809 -0.0101248 0.926244 78.8014 -0.0481314 0.998797 -0.00866281 -0.278584 -0.925049 -0.0478461 -0.376842 -17.7585
-0.36411 -0.0105118 0.931303 79.6826 -0.0506224 0.998673 -0.00851834 -0.313834 -0.92999 -0.0502473 -0.364157 -18.1183
-0.353141 -0.013345 0.935484 80.5639 -0.0543624 0.998496 -0.00627788 -0.346419 -0.933999 -0.0530729 -0.353333 -18.4667
-0.339987 -0.0161014 0.940298 81.4499 -0.0541188 0.998522 -0.00246819 -0.376205 -0.938883 -0.0517278 -0.340354 -18.7985
-0.32812 -0.0187369 0.944459 82.3404 -0.0573248 0.998351 -0.000109712 -0.404951 -0.942904 -0.0541778 -0.328651 -19.1175
-0.315567 -0.020313 0.948692 83.2354 -0.0589382 0.998249 0.00177056 -0.430526 -0.947082 -0.0553563 -0.31621 -19.422
-0.302048 -0.0201816 0.953088 84.1353 -0.0570208 0.998365 0.00306947 -0.454549 -0.951595 -0.0534197 -0.302702 -19.7135
-0.288447 -0.0169227 0.957352 85.0394 -0.058062 0.998302 0.000153987 -0.477159 -0.955745 -0.0555422 -0.288937 -19.99
-0.277613 -0.0109085 0.960641 85.9451 -0.0590972 0.998232 -0.00574297 -0.505296 -0.958882 -0.0583663 -0.277764 -20.2551
-0.263332 -0.00684373 0.964687 86.8549 -0.0609391 0.998087 -0.00955274 -0.535449 -0.962789 -0.0613035 -0.263242 -20.5049
-0.251869 -0.00973074 0.967723 87.7687 -0.06307 0.997989 -0.00638024 -0.561411 -0.965713 -0.0626425 -0.251972 -20.7425
-0.238924 -0.0114225 0.970978 88.6862 -0.0616532 0.998083 -0.0034279 -0.583505 -0.96909 -0.0606838 -0.239167 -20.965
-0.229614 -0.00932903 0.973248 89.6036 -0.0636035 0.997964 -0.0054398 -0.602551 -0.97121 -0.0631524 -0.229735 -21.1768
-0.224708 -0.00448354 0.974423 90.5164 -0.0665488 0.997717 -0.0107546 -0.619833 -0.972163 -0.0672641 -0.22449 -21.3847
-0.219636 0.000859752 0.975592 91.4259 -0.0694181 0.997453 -0.0165072 -0.641376 -0.973117 -0.0713507 -0.219013 -21.5848
-0.216465 0.0034393 0.976292 92.3375 -0.0732437 0.99711 -0.0197511 -0.669032 -0.97355 -0.0757834 -0.215584 -21.784
-0.214869 0.00264819 0.976651 93.244 -0.0755267 0.996958 -0.0193197 -0.696528 -0.973727 -0.0779157 -0.214012 -21.9825
-0.211229 0.00302087 0.97744 94.151 -0.074205 0.997053 -0.0191161 -0.723933 -0.974628 -0.0765696 -0.210378 -22.1841
-0.205939 0.0010469 0.978577 95.0581 -0.0732143 0.997184 -0.0164748 -0.747015 -0.97583 -0.0750401 -0.205278 -22.3805
-0.198159 -0.00145767 0.980177 95.9623 -0.0716776 0.997335 -0.013006 -0.771245 -0.977558 -0.0728349 -0.197731 -22.5717
-0.19177 -0.00393752 0.981444 96.8639 -0.0719156 0.997363 -0.0100508 -0.795798 -0.978809 -0.0725101 -0.191543 -22.7591
-0.18626 -0.00406252 0.982501 97.762 -0.0784003 0.996857 -0.0107394 -0.821162 -0.979381 -0.0790294 -0.185989 -22.9419
-0.179231 -0.000770324 0.98382 98.6587 -0.0846433 0.996309 -0.0146403 -0.84976 -0.980166 -0.0858997 -0.178631 -23.1164
-0.17068 0.00284063 0.985331 99.5607 -0.0845 0.996262 -0.0175075 -0.881469 -0.98171 -0.0862495 -0.169798 -23.2806
-0.164871 0.00505703 0.986313 100.46 -0.0861885 0.99609 -0.0195143 -0.916906 -0.982548 -0.0882283 -0.163787 -23.4437
-0.157726 0.00582249 0.987474 101.362 -0.0778537 0.99679 -0.0183109 -0.948345 -0.984422 -0.0797677 -0.156763 -23.6061
-0.151284 0.00261182 0.988498 102.263 -0.0705994 0.997417 -0.0134402 -0.973481 -0.985972 -0.0718227 -0.150705 -23.7601
-0.144401 0.00187308 0.989528 103.167 -0.0637721 0.997896 -0.0111933 -0.99534 -0.987475 -0.0647219 -0.143974 -23.9075
-0.138611 0.00555712 0.990343 104.071 -0.0598592 0.998111 -0.0139787 -1.01748 -0.988542 -0.0612207 -0.138013 -24.0488
-0.133252 0.00823195 0.991057 104.973 -0.0592079 0.998106 -0.0162494 -1.04145 -0.989325 -0.0608449 -0.132509 -24.1818
-0.1264 0.0084637 0.991955 105.873 -0.057526 0.998222 -0.0158473 -1.06555 -0.990317 -0.0590681 -0.125685 -24.3078
-0.120938 0.00837198 0.992634 106.768 -0.055969 0.998309 -0.0152369 -1.08953 -0.991095 -0.0574005 -0.120261 -24.4283
-0.113263 0.00682507 0.993553 107.66 -0.0494953 0.998699 -0.0125025 -1.11249 -0.992339 -0.0505938 -0.112774 -24.5407
-0.106688 0.00795856 0.99427 108.552 -0.0452852 0.998883 -0.0128528 -1.13566 -0.993275 -0.0463979 -0.106205 -24.6459
-0.100763 0.00893422 0.994881 109.442 -0.0414991 0.999053 -0.0131745 -1.15675 -0.994052 -0.0426156 -0.100293 -24.7451
-0.0947542 0.00844032 0.995474 110.334 -0.0470374 0.998799 -0.0129437 -1.17617 -0.994403 -0.0480517 -0.0942399 -24.8344
-0.0890646 0.00947765 0.995991 111.223 -0.0485385 0.998723 -0.013844 -1.1966 -0.99485 -0.049578 -0.0884872 -24.9165
-0.0862845 0.00984941 0.996231 112.109 -0.0472644 0.998775 -0.0139661 -1.21794 -0.995167 -0.0482919 -0.0857092 -24.9957
-0.0819619 0.0103091 0.996594 112.994 -0.0486388 0.998712 -0.0143311 -1.24117 -0.995457 -0.0496488 -0.0813511 -25.07
-0.0784897 0.011149 0.996861 113.88 -0.0512277 0.998559 -0.0151993 -1.26596 -0.995622 -0.05226 -0.077801 -25.1405
-0.0747755 0.00871184 0.997173 114.761 -0.0513315 0.998599 -0.0125735 -1.29075 -0.995887 -0.0521277 -0.0742197 -25.2076
-0.0718281 0.00590865 0.997407 115.645 -0.0490604 0.998741 -0.00944738 -1.31463 -0.99624 -0.0496118 -0.0714426 -25.2666
-0.0702483 0.00588485 0.997524 116.532 -0.0428998 0.999036 -0.00891496 -1.33921 -0.996616 -0.0434204 -0.0699243 -25.324
-0.0650346 0.00742274 0.997861 117.42 -0.0474773 0.998805 -0.0105219 -1.3611 -0.996783 -0.0480598 -0.0645994 -25.3735
-0.0613493 0.00809168 0.998096 118.308 -0.0535399 0.998497 -0.0113858 -1.38358 -0.996688 -0.0541373 -0.06082 -25.4223
-0.0581955 0.00915105 0.998268 119.195 -0.0574963 0.998252 -0.0125006 -1.40586 -0.996679 -0.058124 -0.0575626 -25.4739
-0.0542686 0.00946555 0.998493 120.08 -0.0597757 0.998123 -0.0127108 -1.42766 -0.996744 -0.0603762 -0.053597 -25.5242
-0.0539035 0.00528725 0.998537 120.964 -0.0600874 0.998141 -0.00852672 -1.44604 -0.996767 -0.0604592 -0.0534806 -25.5762
-0.0538167 0.000545299 0.998563 121.85 -0.0639787 0.997934 -0.00399286 -1.45853 -0.996508 -0.0641025 -0.0536668 -25.6273
-0.0570271 -0.00224848 0.998378 122.736 -0.0625343 0.998029 -0.00132232 -1.46748 -0.996441 -0.0625085 -0.0570501 -25.6779
-0.058985 0.000281132 0.99827 123.621 -0.0658295 0.997813 -0.0041704 -1.4804 -0.996095 -0.0659626 -0.0588339 -25.7287
-0.0607136 0.00314333 0.99816 124.506 -0.0652591 0.997832 -0.00711008 -1.49418 -0.996047 -0.0655711 -0.0603718 -25.7779
-0.0641732 0.00499451 0.997936 125.391 -0.0667241 0.997717 -0.00928374 -1.51142 -0.995716 -0.0671832 -0.06369 -25.831
-0.0641475 0.00497777 0.997938 126.275 -0.0678119 0.997644 -0.00933351 -1.52695 -0.995662 -0.068271 -0.0636539 -25.8828
-0.0624262 0.00523425 0.998046 127.159 -0.0646816 0.997852 -0.00927829 -1.54322 -0.995962 -0.0651353 -0.06195 -25.9324
-0.0647223 0.00904459 0.997872 128.039 -0.0638089 0.997863 -0.0131814 -1.56272 -0.99589 -0.0645261 -0.064002 -25.9825
-0.0649463 0.0137848 0.997805 128.919 -0.0658214 0.99766 -0.0180665 -1.58567 -0.995728 -0.0668513 -0.0638832 -26.0285
-0.0650066 0.015251 0.997778 129.798 -0.0675587 0.997511 -0.0196465 -1.60849 -0.995623 -0.0686856 -0.0638096 -26.0699
-0.0649383 0.0149211 0.997788 130.676 -0.0703775 0.997324 -0.0194938 -1.63356 -0.995417 -0.0714891 -0.0637104 -26.1087
-0.0644855 0.017039 0.997781 131.551 -0.067627 0.997468 -0.0214022 -1.658 -0.995655 -0.068857 -0.0631646 -26.1473
-0.0643041 0.0203222 0.997734 132.428 -0.0659329 0.997515 -0.0245665 -1.6841 -0.995762 -0.0673644 -0.0628006 -26.1831
-0.0625866 0.017047 0.997902 133.302 -0.0626792 0.997799 -0.0209743 -1.70874 -0.996101 -0.0638601 -0.0613751 -26.2154
-0.0598106 0.0149974 0.99811 134.177 -0.06004 0.998015 -0.0185933 -1.73233 -0.996416 -0.0610395 -0.0587876 -26.2441
-0.0587097 0.0116767 0.998215 135.053 -0.0555914 0.998328 -0.0149457 -1.75267 -0.996758 -0.0563695 -0.057957 -26.2717
-0.0558462 0.0125815 0.998375 135.926 -0.0590691 0.998121 -0.015882 -1.77468 -0.996704 -0.059861 -0.0549943 -26.3017
-0.0545368 0.0137098 0.998427 136.792 -0.0716246 0.997265 -0.0176041 -1.80146 -0.995972 -0.0724718 -0.0534002 -26.3291
-0.0517252 0.0173349 0.998527 137.644 -0.0747901 0.996967 -0.0211814 -1.82702 -0.995871 -0.0757766 -0.0502678 -26.3575
-0.0456429 0.0169407 0.998824 138.486 -0.0853919 0.996118 -0.0207949 -1.85541 -0.995336 -0.08624 -0.0440133 -26.3818
-0.0378571 0.0142968 0.999197 139.319 -0.089758 0.995801 -0.0176481 -1.88049 -0.995258 -0.0903553 -0.0364105 -26.4051
-0.0286479 0.0103029 0.999545 140.146 -0.098144 0.995072 -0.0130679 -1.90372 -0.994795 -0.0984728 -0.0274896 -26.4174
-0.0166279 0.00965336 0.999831 140.971 -0.10584 0.99431 -0.0113594 -1.92695 -0.994258 -0.106013 -0.0155064 -26.4178
-0.00345778 0.00930362 0.999959 141.792 -0.11373 0.993452 -0.00963463 -1.95004 -0.993541 -0.113758 -0.00237077 -26.4067
0.00910532 0.00868212 0.999937 142.614 -0.121637 0.992538 -0.00750931 -1.97164 -0.992547 -0.121563 0.0100995 -26.3853
0.022371 0.0113763 0.999694 143.433 -0.128193 0.991702 -0.00841501 -1.99331 -0.991531 -0.127965 0.0236503 -26.3528
0.0343129 0.0162084 0.999296 144.25 -0.135122 0.990757 -0.0114291 -2.0178 -0.990249 -0.134637 0.0361926 -26.3088
0.0453803 0.0255622 0.998651 145.066 -0.142429 0.989615 -0.018857 -2.04819 -0.988798 -0.141381 0.0485566 -26.255
0.055828 0.0320682 0.997942 145.879 -0.15054 0.988322 -0.0233363 -2.08223 -0.98704 -0.148931 0.0600112 -26.1911
0.0679709 0.0336221 0.997129 146.691 -0.156525 0.987405 -0.0226228 -2.11496 -0.985366 -0.154538 0.0723842 -26.1179
0.0774709 0.0303468 0.996549 147.5 -0.16128 0.986747 -0.0175093 -2.1431 -0.983877 -0.159371 0.0813466 -26.0375
0.0867492 0.0281716 0.995839 148.308 -0.165942 0.986033 -0.0134372 -2.16798 -0.982346 -0.164086 0.0902193 -25.9497
0.0936868 0.0320068 0.995104 149.112 -0.170692 0.985195 -0.0156165 -2.19403 -0.980874 -0.168397 0.0977716 -25.8552
0.0986961 0.0361926 0.994465 149.915 -0.174181 0.984526 -0.0185429 -2.22222 -0.979788 -0.171387 0.10348 -25.756
0.10382 0.0390324 0.993846 150.716 -0.177874 0.983843 -0.0200569 -2.25104 -0.978575 -0.174701 0.109094 -25.6526
0.106305 0.035822 0.993695 151.517 -0.181698 0.983212 -0.0160049 -2.27656 -0.977624 -0.178852 0.111036 -25.5473
0.107758 0.0326448 0.993657 152.317 -0.185393 0.982583 -0.0121746 -2.29887 -0.976752 -0.182909 0.111942 -25.4411
0.1058 0.0310318 0.993911 153.117 -0.18921 0.981869 -0.0105136 -2.31985 -0.976255 -0.186946 0.10976 -25.337
0.102599 0.0304439 0.994274 153.917 -0.191075 0.981511 -0.0103351 -2.3404 -0.976212 -0.188923 0.106528 -25.2359
0.0982367 0.0290739 0.994747 154.717 -0.192177 0.981301 -0.00970119 -2.36039 -0.976466 -0.190214 0.101994 -25.1387
0.0943796 0.0278679 0.995164 155.517 -0.190343 0.981662 -0.00943688 -2.37933 -0.977183 -0.188535 0.0979625 -25.0451
0.090311 0.0277232 0.995536 156.316 -0.192539 0.98123 -0.00985713 -2.39901 -0.977158 -0.19079 0.0939608 -24.9537
0.0854539 0.0242756 0.996063 157.117 -0.191435 0.981467 -0.0074951 -2.41614 -0.97779 -0.190045 0.0885259 -24.8669
0.0801275 0.0237267 0.996509 157.918 -0.191043 0.981539 -0.00800759 -2.43325 -0.978338 -0.189735 0.0831881 -24.7851
0.0758995 0.0229781 0.996873 158.719 -0.193416 0.981079 -0.00788669 -2.45128 -0.978188 -0.192216 0.0789163 -24.7066
0.071138 0.0223973 0.997221 159.52 -0.190467 0.981647 -0.00845892 -2.46866 -0.979143 -0.189338 0.0741055 -24.6326
0.0652227 0.0237302 0.997611 160.321 -0.18795 0.982109 -0.0110725 -2.48887 -0.980021 -0.186782 0.0685243 -24.5637
0.0616002 0.024929 0.997796 161.121 -0.185467 0.982552 -0.0130966 -2.51012 -0.980745 -0.184253 0.0651563 -24.498
0.0604241 0.0242116 0.997899 161.921 -0.179659 0.983636 -0.0129858 -2.53113 -0.981882 -0.1785 0.0637932 -24.4349
0.0593307 0.0227828 0.997985 162.719 -0.176129 0.984284 -0.0119975 -2.55197 -0.982604 -0.175065 0.0624183 -24.3734
0.0629464 0.0192567 0.997851 163.518 -0.173177 0.984848 -0.00808029 -2.56951 -0.982888 -0.172299 0.0653358 -24.3094
0.0707166 0.0192522 0.997318 164.317 -0.169144 0.985556 -0.0070301 -2.58624 -0.983078 -0.168196 0.072959 -24.2397
0.0819175 0.0183633 0.99649 165.114 -0.164466 0.986363 -0.00465528 -2.60084 -0.982986 -0.16351 0.0838295 -24.1614
0.0958308 0.0185766 0.995232 165.91 -0.160116 0.987082 -0.00300546 -2.61407 -0.982462 -0.159067 0.0975747 -24.0724
0.112157 0.015212 0.993594 166.704 -0.154559 0.98797 0.00232196 -2.62237 -0.981608 -0.153831 0.113168 -23.9722
0.127867 0.0106311 0.991744 167.493 -0.150915 0.988497 0.00886262 -2.62603 -0.980269 -0.150804 0.128008 -23.859
0.145293 0.00631776 0.989388 168.279 -0.146746 0.989047 0.0152358 -2.62471 -0.978456 -0.147404 0.14464 -23.7327
0.162418 0.000499778 0.986733 169.062 -0.145812 0.989023 0.023501 -2.61701 -0.975916 -0.147696 0.160716 -23.5941
0.178793 -0.00591839 0.983889 169.842 -0.143897 0.989064 0.0321003 -2.60249 -0.973318 -0.14732 0.175998 -23.4439
0.195736 -0.0117399 0.980597 170.618 -0.143656 0.988786 0.0405139 -2.58201 -0.970104 -0.148801 0.191862 -23.2815
0.212264 -0.0139681 0.977133 171.39 -0.14362 0.988586 0.0453324 -2.5577 -0.966611 -0.14996 0.207847 -23.1064
0.229125 -0.0141173 0.973305 172.158 -0.144319 0.98834 0.0483103 -2.53094 -0.962665 -0.151537 0.224424 -22.9184
0.245618 -0.014595 0.969277 172.92 -0.144788 0.988109 0.0515703 -2.50204 -0.958503 -0.153009 0.240597 -22.7177
0.261617 -0.0148154 0.965069 173.676 -0.147311 0.987543 0.0550952 -2.47003 -0.953889 -0.156581 0.256184 -22.505
0.275009 -0.0168192 0.961314 174.428 -0.148332 0.987125 0.0597072 -2.43466 -0.949941 -0.159016 0.268987 -22.2822
0.28672 -0.0193331 0.957831 175.176 -0.150075 0.986537 0.0648367 -2.39557 -0.946212 -0.162338 0.279966 -22.0513
0.296355 -0.0198696 0.954891 175.92 -0.151661 0.98611 0.0675899 -2.35394 -0.94297 -0.164852 0.289239 -21.813
0.30547 -0.0154737 0.952088 176.66 -0.155893 0.985553 0.0660352 -2.31315 -0.93938 -0.168597 0.298653 -21.5669
0.313581 -0.00870941 0.949542 177.395 -0.160546 0.985067 0.0620569 -2.2763 -0.935901 -0.171907 0.307514 -21.314
0.322825 0.000329016 0.94647 178.124 -0.163494 0.984973 0.055423 -2.24359 -0.932257 -0.172635 0.318036 -21.0533
0.329632 0.00464069 0.944118 178.848 -0.16027 0.98574 0.0511138 -2.21407 -0.930417 -0.168165 0.32569 -20.7882
0.334776 0.00187346 0.942307 179.567 -0.156432 0.986221 0.0536157 -2.18169 -0.929249 -0.165358 0.330464 -20.5216
0.339513 -0.00671571 0.940598 180.277 -0.151461 0.986526 0.0617164 -2.14264 -0.928337 -0.16342 0.333936 -20.2524
0.340955 -0.0157062 0.93996 180.977 -0.152327 0.985714 0.0717254 -2.09569 -0.927683 -0.167638 0.333699 -19.9864
0.340706 -0.0229982 0.939909 181.669 -0.154126 0.9848 0.0799679 -2.04541 -0.927461 -0.172113 0.331997 -19.7212
0.339622 -0.0246373 0.94025 182.357 -0.151729 0.985117 0.080618 -1.99586 -0.928272 -0.170044 0.330836 -19.4571
0.339014 -0.0229744 0.940521 183.041 -0.145052 0.986461 0.0763831 -1.94988 -0.929543 -0.162321 0.331106 -19.1939
0.338217 -0.0237415 0.940777 183.722 -0.139984 0.987277 0.0752403 -1.90422 -0.930625 -0.157143 0.330598 -18.9325
0.338389 -0.0270522 0.940633 184.398 -0.139682 0.987059 0.0786386 -1.856 -0.930593 -0.158002 0.330244 -18.671
0.340019 -0.0295475 0.939964 185.07 -0.140572 0.986667 0.0818657 -1.8062 -0.929879 -0.15997 0.33134 -18.4112
0.341088 -0.0335883 0.939449 185.74 -0.138721 0.986609 0.0856421 -1.75456 -0.92975 -0.159535 0.331876 -18.1532
0.343564 -0.0361267 0.938445 186.406 -0.137636 0.986521 0.0883663 -1.70187 -0.929014 -0.159525 0.333969 -17.8963
0.347236 -0.0377526 0.937035 187.068 -0.13603 0.986583 0.0901591 -1.64885 -0.92787 -0.158774 0.337456 -17.6396
0.35423 -0.0402232 0.934305 187.728 -0.132952 0.986748 0.0928887 -1.59291 -0.925685 -0.157124 0.344197 -17.381
0.36205 -0.0415826 0.931248 188.383 -0.129616 0.987043 0.094468 -1.53657 -0.923114 -0.154909 0.351984 -17.1197
0.37219 -0.0391665 0.927341 189.035 -0.130694 0.98693 0.0941378 -1.48062 -0.918935 -0.156237 0.362215 -16.8536
0.382366 -0.036086 0.923324 189.682 -0.131 0.987014 0.0928268 -1.42497 -0.914689 -0.156451 0.37269 -16.5838
0.392619 -0.0331125 0.919116 190.324 -0.132053 0.986954 0.0919659 -1.37016 -0.910197 -0.157481 0.383133 -16.3112
0.403856 -0.0327195 0.914257 190.963 -0.129311 0.987273 0.0924558 -1.31305 -0.905649 -0.155564 0.394502 -16.0303
0.414871 -0.0341515 0.909253 191.6 -0.129608 0.986876 0.0962045 -1.25444 -0.900629 -0.15776 0.405008 -15.7442
0.426513 -0.0336267 0.903876 192.232 -0.131048 0.986455 0.098539 -1.19434 -0.894949 -0.160481 0.416347 -15.4501
0.438182 -0.0331563 0.898289 192.861 -0.131818 0.986134 0.100699 -1.13204 -0.889196 -0.162536 0.427744 -15.148
0.447438 -0.0333642 0.893712 193.484 -0.133497 0.985605 0.103633 -1.06701 -0.884306 -0.165679 0.43656 -14.8372
0.455508 -0.0311534 0.8897 194.107 -0.138012 0.984822 0.105144 -1.00163 -0.879495 -0.170685 0.444303 -14.5229
0.460162 -0.0332165 0.887234 194.727 -0.137831 0.984502 0.108347 -0.934695 -0.877082 -0.172148 0.44847 -14.2039
0.462486 -0.0353418 0.885937 195.349 -0.136241 0.984496 0.110396 -0.866568 -0.876123 -0.171759 0.450509 -13.8879
0.463891 -0.0351179 0.885216 195.971 -0.133345 0.985053 0.108959 -0.79973 -0.87581 -0.168587 0.452291 -13.5733
0.463989 -0.0342979 0.885192 196.594 -0.132662 0.985282 0.107713 -0.732683 -0.875877 -0.167411 0.452617 -13.259
0.463952 -0.0350651 0.885186 197.216 -0.129646 0.985762 0.107003 -0.66474 -0.876333 -0.164408 0.452817 -12.9461
0.465229 -0.0366554 0.884446 197.84 -0.127104 0.986013 0.107723 -0.596921 -0.876043 -0.162535 0.454071 -12.6313
0.465575 -0.0413363 0.884063 198.461 -0.124364 0.985933 0.111596 -0.523924 -0.876236 -0.161905 0.453903 -12.3119
0.467111 -0.0434562 0.883145 199.081 -0.125359 0.985439 0.114795 -0.449449 -0.875292 -0.164334 0.454871 -11.9895
0.467376 -0.0453492 0.882915 199.699 -0.124378 0.985369 0.116454 -0.374728 -0.875275 -0.164246 0.454915 -11.6685
0.467168 -0.0461246 0.882979 200.312 -0.125252 0.985105 0.117728 -0.300201 -0.875276 -0.165596 0.454442 -11.3474
0.467686 -0.0456743 0.882734 200.928 -0.126711 0.984876 0.118095 -0.22487 -0.874775 -0.167087 0.454843 -11.0268
0.467375 -0.0442364 0.882966 201.542 -0.129658 0.984508 0.117955 -0.147128 -0.874524 -0.169615 0.454408 -10.7048
0.467583 -0.0417733 0.882982 202.164 -0.128621 0.985029 0.114715 -0.0739474 -0.874551 -0.167211 0.455227 -10.3866
0.4689 -0.0368238 0.882499 202.783 -0.131151 0.985143 0.110791 -7.07284e-05 -0.873485 -0.167693 0.457113 -10.0782
0.468925 -0.0352739 0.882552 203.402 -0.132193 0.985137 0.109614 0.0692765 -0.873298 -0.168071 0.45731 -9.76837
0.470043 -0.0368132 0.881889 204.02 -0.133005 0.984757 0.111998 0.139299 -0.872587 -0.169942 0.457991 -9.44621
0.470072 -0.0394724 0.881766 204.64 -0.134471 0.984129 0.115744 0.212305 -0.872333 -0.172984 0.45732 -9.11847
0.46806 -0.0397473 0.882816 205.26 -0.136518 0.983734 0.116671 0.286502 -0.873111 -0.175132 0.455029 -8.7885
0.464954 -0.0391614 0.88449 205.882 -0.139316 0.983334 0.116775 0.35895 -0.874314 -0.177521 0.451766 -8.45878
0.458425 -0.0413196 0.887785 206.509 -0.140127 0.983054 0.118111 0.430334 -0.87764 -0.17855 0.444875 -8.13047
0.451439 -0.039758 0.891437 207.142 -0.141928 0.983085 0.115723 0.501212 -0.880952 -0.178765 0.438177 -7.80797
0.441728 -0.0392108 0.896304 207.781 -0.140472 0.983691 0.112262 0.56931 -0.886107 -0.175498 0.429024 -7.49035
0.43118 -0.0370557 0.901525 208.426 -0.143002 0.983713 0.108831 0.633835 -0.890872 -0.175849 0.418875 -7.18225
0.420956 -0.0363426 0.906364 209.078 -0.146099 0.983427 0.107287 0.696555 -0.895262 -0.177585 0.408678 -6.87549
0.410663 -0.0408753 0.910891 209.74 -0.145723 0.983204 0.10982 0.758789 -0.900077 -0.17784 0.397825 -6.57421
0.401875 -0.0467728 0.914511 210.411 -0.14545 0.982748 0.114179 0.820608 -0.904093 -0.178904 0.388146 -6.28426
0.394912 -0.0506941 0.917339 211.08 -0.145753 0.982366 0.117036 0.884483 -0.907094 -0.179927 0.380575 -5.99532
0.390121 -0.0505089 0.919389 211.752 -0.150575 0.981546 0.117815 0.949494 -0.908393 -0.184402 0.375324 -5.71169
0.388127 -0.0513563 0.920195 212.428 -0.15023 0.981558 0.118149 1.01587 -0.909289 -0.1841 0.37327 -5.42161
0.386328 -0.0518658 0.920914 213.107 -0.148895 0.981811 0.117756 1.07698 -0.910291 -0.182615 0.371584 -5.13893
0.384262 -0.0504044 0.921869 213.793 -0.150604 0.981702 0.116455 1.13364 -0.910867 -0.183589 0.369657 -4.85227
0.38391 -0.0475667 0.922155 214.478 -0.153502 0.981481 0.114532 1.19181 -0.910546 -0.185526 0.369506 -4.55765
0.384114 -0.0484865 0.922032 215.169 -0.153103 0.981439 0.115396 1.25704 -0.910512 -0.185494 0.369579 -4.2583
0.384859 -0.0494098 0.921663 215.855 -0.152741 0.98138 0.116391 1.32882 -0.910271 -0.185573 0.370155 -3.95919
0.386429 -0.0506402 0.920948 216.547 -0.151055 0.981524 0.117357 1.40613 -0.909873 -0.184467 0.371657 -3.66063
0.387592 -0.0525029 0.920345 217.242 -0.14721 0.98203 0.118017 1.4881 -0.910022 -0.18123 0.372907 -3.36656
0.391579 -0.0533932 0.918612 217.942 -0.145746 0.982102 0.119214 1.56727 -0.908536 -0.18057 0.376806 -3.06827
0.395557 -0.0545441 0.916833 218.647 -0.146837 0.981633 0.12175 1.65276 -0.90665 -0.182787 0.380291 -2.77135
0.399351 -0.0577812 0.914994 219.355 -0.146525 0.981149 0.125913 1.73916 -0.905021 -0.184357 0.383374 -2.47061
0.403809 -0.061397 0.912793 220.067 -0.146837 0.980454 0.130906 1.82836 -0.903006 -0.186896 0.386908 -2.17109
0.407384 -0.0623607 0.911143 220.781 -0.146251 0.980323 0.132489 1.91574 -0.901478 -0.187233 0.390265 -1.86942
0.410981 -0.0576606 0.909832 221.495 -0.152676 0.979545 0.131043 1.99722 -0.898792 -0.192769 0.393778 -1.56574
0.415232 -0.0510324 0.908302 222.209 -0.158578 0.979068 0.127506 2.07387 -0.895795 -0.196985 0.398465 -1.25674
0.418755 -0.048832 0.906798 222.923 -0.161794 0.978559 0.127412 2.15395 -0.893591 -0.200073 0.401884 -0.944613
0.422933 -0.0501434 0.904791 223.639 -0.160467 0.978533 0.129242 2.23573 -0.891846 -0.199853 0.405826 -0.63202
0.425881 -0.0491919 0.903454 224.356 -0.160847 0.978494 0.129098 2.3174 -0.890392 -0.200302 0.408816 -0.320162
0.429457 -0.0473457 0.901861 225.071 -0.161669 0.978452 0.128354 2.40046 -0.888505 -0.20093 0.412566 -0.00450325
0.433236 -0.0475224 0.900039 225.79 -0.160638 0.978542 0.128989 2.48679 -0.886875 -0.200467 0.416313 0.314833
0.437224 -0.0478606 0.898094 226.509 -0.158639 0.978811 0.129396 2.57333 -0.885256 -0.199052 0.420385 0.640351
0.441903 -0.0500655 0.895678 227.226 -0.154106 0.979356 0.130772 2.65968 -0.883754 -0.195821 0.425071 0.97186
0.447256 -0.0497333 0.893038 227.938 -0.153178 0.979432 0.131262 2.74728 -0.881198 -0.195506 0.430457 1.30923
0.451238 -0.0491897 0.891062 228.648 -0.150757 0.979925 0.130437 2.83528 -0.879608 -0.193195 0.434767 1.65045
0.455843 -0.0512689 0.888598 229.355 -0.148118 0.980038 0.13253 2.92593 -0.877656 -0.192034 0.439168 1.99702
0.461412 -0.0511137 0.885728 230.06 -0.148812 0.979735 0.134058 3.01772 -0.874647 -0.193666 0.444458 2.34952
0.465021 -0.049285 0.883942 230.766 -0.146158 0.980464 0.131559 3.10764 -0.873158 -0.190376 0.448751 2.70672
0.468955 -0.0460536 0.882037 231.47 -0.140327 0.982068 0.125882 3.19349 -0.872035 -0.182809 0.454086 3.06907
0.472132 -0.0437236 0.880459 232.17 -0.137089 0.982967 0.122328 3.27794 -0.87081 -0.17846 0.458114 3.43983
0.474399 -0.0464409 0.8791 232.871 -0.134981 0.982957 0.124767 3.36604 -0.869928 -0.177854 0.460051 3.81213
0.477984 -0.0551907 0.876649 233.573 -0.134057 0.981738 0.134902 3.46052 -0.868086 -0.182006 0.461875 4.18574
0.480563 -0.0667269 0.874434 234.275 -0.130637 0.980524 0.146614 3.56495 -0.867205 -0.184694 0.462492 4.55697
0.482797 -0.0737904 0.872634 234.971 -0.128877 0.979596 0.15414 3.67495 -0.866205 -0.186884 0.463455 4.92838
0.485678 -0.0775849 0.870706 235.664 -0.126688 0.979286 0.157924 3.78501 -0.864943 -0.18701 0.465792 5.30282
0.488096 -0.0760817 0.869484 236.356 -0.123302 0.980179 0.154987 3.88975 -0.864045 -0.182861 0.469061 5.68104
0.491988 -0.0708337 0.867735 237.044 -0.12119 0.981407 0.148823 3.99227 -0.862162 -0.178382 0.474259 6.06316
0.495897 -0.0666399 0.865838 237.731 -0.122634 0.981673 0.145795 4.09181 -0.859688 -0.178483 0.478656 6.449
0.498963 -0.0647667 0.864219 238.414 -0.119248 0.982584 0.142484 4.18824 -0.858413 -0.174152 0.482554 6.83786
0.503773 -0.0630431 0.861549 239.099 -0.119875 0.982571 0.141995 4.28275 -0.855488 -0.174815 0.487454 7.2338
0.507144 -0.0638376 0.859513 239.783 -0.117502 0.982818 0.142324 4.3803 -0.853848 -0.173175 0.490933 7.63595
0.509902 -0.070042 0.857395 240.468 -0.111475 0.982887 0.146591 4.48499 -0.852989 -0.170328 0.493388 8.0372
0.512826 -0.0783662 0.854929 241.153 -0.104697 0.982683 0.152877 4.59795 -0.852118 -0.16791 0.495744 8.44441
0.514028 -0.0852191 0.853548 241.841 -0.100478 0.982211 0.158578 4.71524 -0.851879 -0.167279 0.49634 8.85099
0.516255 -0.0941866 0.851262 242.529 -0.092594 0.981971 0.164801 4.84258 -0.851449 -0.163904 0.498229 9.26449
0.518727 -0.0981414 0.849306 243.218 -0.0919348 0.981215 0.169537 4.97192 -0.849994 -0.166027 0.499979 9.68223
0.518222 -0.101411 0.849235 243.91 -0.0882465 0.981305 0.17103 5.10441 -0.850716 -0.163576 0.499588 10.0916
0.519983 -0.0901935 0.84942 244.602 -0.0970032 0.981731 0.163627 5.22923 -0.848663 -0.167482 0.501753 10.5013
0.520629 -0.080106 0.850039 245.292 -0.0985647 0.983293 0.153031 5.34602 -0.848108 -0.163459 0.504039 10.9108
0.520751 -0.0739813 0.850515 245.982 -0.0992125 0.984233 0.14636 5.45918 -0.847936 -0.160602 0.505219 11.3225
0.52119 -0.0759976 0.850071 246.674 -0.0978275 0.984138 0.147962 5.576 -0.847847 -0.160279 0.505495 11.7357
0.520698 -0.0808729 0.84992 247.365 -0.0957606 0.98368 0.15227 5.69696 -0.848365 -0.160679 0.504473 12.1476
0.522399 -0.0831703 0.848656 248.056 -0.0931876 0.983701 0.153767 5.82011 -0.847625 -0.159414 0.506139 12.5594
0.52341 -0.0854393 0.847804 248.752 -0.0890443 0.984018 0.154142 5.94161 -0.847427 -0.156175 0.507455 12.9677
0.524516 -0.0880994 0.846851 249.446 -0.0844791 0.984336 0.154725 6.06506 -0.84723 -0.1527 0.508862 13.3714
0.527193 -0.090906 0.844886 250.143 -0.0840947 0.983789 0.158326 6.19185 -0.845586 -0.154522 0.51102 13.7772
0.528475 -0.0924832 0.843917 250.833 -0.0831212 0.983634 0.159845 6.32252 -0.8449 -0.154625 0.512143 14.1886
