1.000000e+00 0.000000e+00 0.000000e+00 0.000000e+00 0.000000e+00 1.000000e+00 0.000000e+00 0.000000e+00 0.000000e+00 0.000000e+00 1.000000e+00 0.000000e+00
9.999917e-01 6.010182e-04 4.032566e-03 -4.259749e-03 -6.118861e-04 9.999962e-01 2.694341e-03 -2.630787e-03 -4.030931e-03 -2.696786e-03 9.999883e-01 -6.351499e-01
9.999985e-01 -1.727591e-03 1.917496e-04 -6.828236e-03 1.727544e-03 9.999985e-01 2.444698e-04 -1.153805e-03 -1.921717e-04 -2.441382e-04 9.999999e-01 5.403662e-02
9.999968e-01 -1.416093e-03 -2.069347e-03 -4.490694e-02 1.412985e-03 9.999979e-01 -1.502277e-03 9.481799e-04 2.071470e-03 1.499348e-03 9.999967e-01 7.643368e-01
9.999716e-01 -4.233284e-03 -6.240102e-03 -4.556663e-02 4.213706e-03 9.999862e-01 -3.147345e-03 3.975090e-03 6.253339e-03 3.120961e-03 9.999756e-01 1.477904e+00
9.999345e-01 -2.849501e-03 -1.108637e-02 -6.775527e-02 2.805419e-03 9.999881e-01 -3.989770e-03 5.917172e-03 1.109761e-02 3.958406e-03 9.999306e-01 2.230286e+00
9.998760e-01 -5.876054e-03 -1.460731e-02 -1.195654e-01 5.819827e-03 9.999755e-01 -3.888739e-03 -3.613660e-03 1.462980e-02 3.803245e-03 9.998857e-01 2.976433e+00
9.997963e-01 -4.580068e-03 -1.965690e-02 -1.283908e-01 4.463564e-03 9.999722e-01 -5.966644e-03 1.249128e-04 1.968368e-02 5.877689e-03 9.997890e-01 3.812019e+00
9.996871e-01 -2.767449e-03 -2.485934e-02 -1.596729e-01 2.596624e-03 9.999728e-01 -6.901299e-03 -3.547767e-03 2.487776e-02 6.834589e-03 9.996671e-01 4.630294e+00
9.995808e-01 -3.004324e-03 -2.879593e-02 -1.931792e-01 2.841439e-03 9.999797e-01 -5.695786e-03 -1.140139e-02 2.881246e-02 5.611577e-03 9.995691e-01 5.412449e+00
9.994906e-01 -3.336427e-03 -3.174175e-02 -2.555976e-01 3.245756e-03 9.999905e-01 -2.907600e-03 -2.045344e-02 3.175115e-02 2.803093e-03 9.994919e-01 6.252952e+00
9.993861e-01 -4.518278e-03 -3.474351e-02 -2.827378e-01 4.501665e-03 9.999897e-01 -5.563656e-04 -2.677741e-02 3.474567e-02 3.996204e-04 9.993961e-01 7.058596e+00
9.993404e-01 -3.456848e-03 -3.614914e-02 -3.635653e-01 3.413583e-03 9.999934e-01 -1.258496e-03 -3.209485e-02 3.615325e-02 1.134268e-03 9.993456e-01 7.970804e+00
9.992599e-01 -4.232854e-03 -3.823308e-02 -4.116815e-01 4.191035e-03 9.999905e-01 -1.173861e-03 -4.390955e-02 3.823768e-02 1.012756e-03 9.992682e-01 8.833693e+00
9.991599e-01 -7.492297e-03 -4.029074e-02 -4.400980e-01 7.431647e-03 9.999710e-01 -1.654886e-03 -5.126835e-02 4.030197e-02 1.354069e-03 9.991866e-01 9.722931e+00
9.989967e-01 -7.092867e-03 -4.421911e-02 -4.272659e-01 7.075451e-03 9.999748e-01 -5.503382e-04 -5.858953e-02 4.422190e-02 2.369158e-04 9.990217e-01 1.057735e+01
9.989505e-01 -8.732203e-03 -4.496346e-02 -5.011283e-01 8.689683e-03 9.999616e-01 -1.141030e-03 -6.615754e-02 4.497169e-02 7.491137e-04 9.989880e-01 1.144511e+01
9.988586e-01 -8.816851e-03 -4.694498e-02 -5.523522e-01 8.693852e-03 9.999582e-01 -2.823590e-03 -8.012109e-02 4.696792e-02 2.412234e-03 9.988935e-01 1.233332e+01
9.988728e-01 -7.598733e-03 -4.685464e-02 -6.208888e-01 7.317392e-03 9.999542e-01 -6.173152e-03 -8.074921e-02 4.689940e-02 5.823340e-03 9.988827e-01 1.328371e+01
9.988570e-01 -4.089725e-03 -4.762375e-02 -6.844756e-01 3.711320e-03 9.999608e-01 -8.031450e-03 -8.919252e-02 4.765473e-02 7.845523e-03 9.988331e-01 1.417647e+01
9.988133e-01 -3.079904e-03 -4.860445e-02 -7.300976e-01 2.659952e-03 9.999586e-01 -8.702518e-03 -9.794810e-02 4.862924e-02 8.562907e-03 9.987802e-01 1.511810e+01
9.987503e-01 -2.941406e-03 -4.989169e-02 -7.761186e-01 2.590217e-03 9.999714e-01 -7.102219e-03 -1.204895e-01 4.991116e-02 6.964114e-03 9.987294e-01 1.602514e+01
9.986567e-01 -2.594630e-03 -5.174852e-02 -8.174630e-01 2.300224e-03 9.999808e-01 -5.747911e-03 -1.310028e-01 5.176244e-02 5.621157e-03 9.986436e-01 1.695666e+01
9.986182e-01 -3.786014e-03 -5.241460e-02 -8.645167e-01 3.552307e-03 9.999833e-01 -4.551252e-03 -1.532135e-01 5.243096e-02 4.358770e-03 9.986150e-01 1.789374e+01
9.984559e-01 -4.430696e-03 -5.537207e-02 -8.913470e-01 4.064392e-03 9.999691e-01 -6.726176e-03 -1.584141e-01 5.540017e-02 6.490736e-03 9.984431e-01 1.877787e+01
9.982141e-01 -5.797091e-03 -5.945610e-02 -8.703616e-01 5.417184e-03 9.999639e-01 -6.548889e-03 -1.790845e-01 5.949192e-02 6.215109e-03 9.982094e-01 1.978506e+01
9.982535e-01 -6.870266e-03 -5.867591e-02 -9.740108e-01 6.602668e-03 9.999669e-01 -4.753263e-03 -1.882878e-01 5.870662e-02 4.357543e-03 9.982657e-01 2.075608e+01
9.982426e-01 -5.600353e-03 -5.899422e-02 -1.013636e+00 5.509662e-03 9.999834e-01 -1.699830e-03 -2.021474e-01 5.900276e-02 1.371804e-03 9.982569e-01 2.170762e+01
9.983119e-01 -5.815763e-03 -5.778864e-02 -1.085754e+00 5.802065e-03 9.999831e-01 -4.048296e-04 -1.897524e-01 5.779002e-02 6.885275e-05 9.983287e-01 2.270897e+01
9.983511e-01 -8.180784e-03 -5.681717e-02 -1.143500e+00 8.342065e-03 9.999618e-01 2.601987e-03 -1.994373e-01 5.679372e-02 -3.071669e-03 9.983812e-01 2.368141e+01
9.984797e-01 -7.491600e-03 -5.460919e-02 -1.204107e+00 7.652422e-03 9.999670e-01 2.736455e-03 -2.075842e-01 5.458689e-02 -3.150187e-03 9.985040e-01 2.461687e+01
9.986307e-01 -8.610815e-03 -5.160064e-02 -1.289491e+00 8.600306e-03 9.999629e-01 -4.256965e-04 -2.097863e-01 5.160239e-02 -1.866763e-05 9.986677e-01 2.555510e+01
9.987288e-01 -7.743571e-03 -4.980869e-02 -1.347753e+00 7.486404e-03 9.999577e-01 -5.347593e-03 -2.150781e-01 4.984799e-02 4.967907e-03 9.987445e-01 2.657860e+01
9.987848e-01 -8.927171e-03 -4.846821e-02 -1.406250e+00 8.550094e-03 9.999316e-01 -7.981648e-03 -2.320462e-01 4.853615e-02 7.557541e-03 9.987928e-01 2.752144e+01
9.987499e-01 -1.350078e-02 -4.812829e-02 -1.425618e+00 1.319874e-02 9.998912e-01 -6.588213e-03 -2.410641e-01 4.821200e-02 5.944745e-03 9.988194e-01 2.851738e+01
9.987769e-01 -1.288715e-02 -4.773422e-02 -1.481452e+00 1.277288e-02 9.999148e-01 -2.697994e-03 -2.514418e-01 4.776492e-02 2.084991e-03 9.988564e-01 2.951964e+01
9.986140e-01 -1.962885e-02 -4.883583e-02 -1.528156e+00 1.968597e-02 9.998060e-01 6.889083e-04 -2.594157e-01 4.881283e-02 -1.649334e-03 9.988066e-01 3.054530e+01
9.984411e-01 -2.690852e-02 -4.890143e-02 -1.572948e+00 2.692631e-02 9.996374e-01 -2.949472e-04 -2.755108e-01 4.889164e-02 -1.022248e-03 9.988036e-01 3.154869e+01
9.983204e-01 -3.035798e-02 -4.934305e-02 -1.645179e+00 3.020432e-02 9.995363e-01 -3.856873e-03 -2.885562e-01 4.943726e-02 2.360022e-03 9.987745e-01 3.255096e+01
9.982775e-01 -3.069301e-02 -4.999865e-02 -1.713732e+00 3.033021e-02 9.995079e-01 -7.998968e-03 -3.016695e-01 5.021956e-02 6.468720e-03 9.987172e-01 3.355319e+01
9.983350e-01 -2.774700e-02 -5.056982e-02 -1.767358e+00 2.731670e-02 9.995847e-01 -9.180468e-03 -3.123499e-01 5.080355e-02 7.783781e-03 9.986783e-01 3.460077e+01
9.983011e-01 -2.684292e-02 -5.171386e-02 -1.815885e+00 2.644853e-02 9.996157e-01 -8.295768e-03 -3.276134e-01 5.191667e-02 6.913919e-03 9.986275e-01 3.562860e+01
9.983988e-01 -2.351165e-02 -5.144941e-02 -1.879918e+00 2.316025e-02 9.997042e-01 -7.415710e-03 -3.312998e-01 5.160855e-02 6.212255e-03 9.986480e-01 3.666927e+01
9.983862e-01 -2.326904e-02 -5.180319e-02 -1.984307e+00 2.290038e-02 9.997081e-01 -7.698730e-03 -3.384611e-01 5.196721e-02 6.499993e-03 9.986277e-01 3.773429e+01
9.983102e-01 -2.116557e-02 -5.411807e-02 -2.005922e+00 2.091281e-02 9.997676e-01 -5.232537e-03 -3.550737e-01 5.421625e-02 4.091934e-03 9.985209e-01 3.881111e+01
9.983147e-01 -2.301354e-02 -5.327483e-02 -2.108035e+00 2.283985e-02 9.997317e-01 -3.866890e-03 -3.624434e-01 5.334952e-02 2.643584e-03 9.985724e-01 3.981054e+01
9.983963e-01 -1.531612e-02 -5.449918e-02 -2.144125e+00 1.522408e-02 9.998819e-01 -2.103522e-03 -3.736815e-01 5.452496e-02 1.270449e-03 9.985116e-01 4.087957e+01
9.983109e-01 -1.719490e-02 -5.549496e-02 -2.193365e+00 1.709224e-02 9.998512e-01 -2.324095e-03 -3.927400e-01 5.552667e-02 1.371636e-03 9.984562e-01 4.189948e+01
9.983679e-01 -1.703788e-02 -5.450882e-02 -2.268717e+00 1.684256e-02 9.998500e-01 -4.040565e-03 -4.044330e-01 5.456949e-02 3.115903e-03 9.985051e-01 4.295483e+01
9.984054e-01 -1.339503e-02 -5.483809e-02 -2.319726e+00 1.308343e-02 9.998962e-01 -6.037334e-03 -4.286600e-01 5.491326e-02 5.310236e-03 9.984770e-01 4.395340e+01
9.983586e-01 -1.414474e-02 -5.549793e-02 -2.393445e+00 1.379279e-02 9.998823e-01 -6.719509e-03 -4.433518e-01 5.558644e-02 5.943009e-03 9.984362e-01 4.497806e+01
9.983029e-01 -1.567374e-02 -5.608630e-02 -2.473516e+00 1.532703e-02 9.998607e-01 -6.606583e-03 -4.532918e-01 5.618204e-02 5.735735e-03 9.984041e-01 4.604575e+01
9.982968e-01 -1.570318e-02 -5.618631e-02 -2.561703e+00 1.545507e-02 9.998688e-01 -4.847536e-03 -4.849230e-01 5.625506e-02 3.970916e-03 9.984086e-01 4.706828e+01
9.983068e-01 -1.336991e-02 -5.661155e-02 -2.604126e+00 1.292439e-02 9.998826e-01 -8.228654e-03 -5.061389e-01 5.671492e-02 7.483052e-03 9.983624e-01 4.813192e+01
9.984156e-01 -1.259194e-02 -5.484296e-02 -2.715438e+00 1.191422e-02 9.998488e-01 -1.266691e-02 -5.260698e-01 5.499416e-02 1.199342e-02 9.984146e-01 4.910511e+01
9.984065e-01 -1.152720e-02 -5.524114e-02 -2.779954e+00 1.070522e-02 9.998279e-01 -1.515273e-02 -5.402036e-01 5.540630e-02 1.453722e-02 9.983581e-01 5.012648e+01
9.983125e-01 -1.286784e-02 -5.662591e-02 -2.797047e+00 1.217651e-02 9.998473e-01 -1.253687e-02 -5.641828e-01 5.677859e-02 1.182621e-02 9.983168e-01 5.114514e+01
9.982581e-01 -1.514717e-02 -5.702096e-02 -2.839160e+00 1.466929e-02 9.998538e-01 -8.790168e-03 -5.958340e-01 5.714577e-02 7.938399e-03 9.983343e-01 5.211763e+01
9.982976e-01 -1.680917e-02 -5.585100e-02 -2.902525e+00 1.636775e-02 9.998311e-01 -8.351739e-03 -6.211523e-01 5.598195e-02 7.423365e-03 9.984042e-01 5.314514e+01
9.982570e-01 -1.979215e-02 -5.559938e-02 -2.934476e+00 1.930800e-02 9.997709e-01 -9.231610e-03 -6.448001e-01 5.576936e-02 8.142007e-03 9.984105e-01 5.418027e+01
9.981425e-01 -2.347324e-02 -5.621943e-02 -2.981944e+00 2.282109e-02 9.996650e-01 -1.221432e-02 -6.515278e-01 5.648730e-02 1.090864e-02 9.983437e-01 5.520818e+01
9.979795e-01 -2.647005e-02 -5.776007e-02 -3.032475e+00 2.584980e-02 9.996002e-01 -1.145944e-02 -6.698921e-01 5.804030e-02 9.943201e-03 9.982647e-01 5.618032e+01
9.978311e-01 -2.958790e-02 -5.880156e-02 -3.088085e+00 2.912726e-02 9.995381e-01 -8.675663e-03 -6.841455e-01 5.903109e-02 6.944118e-03 9.982320e-01 5.712971e+01
9.978077e-01 -3.084561e-02 -5.855157e-02 -3.168448e+00 3.062904e-02 9.995202e-01 -4.592910e-03 -6.981051e-01 5.866515e-02 2.789463e-03 9.982738e-01 5.813255e+01
9.978065e-01 -3.105557e-02 -5.846054e-02 -3.242635e+00 3.098081e-02 9.995176e-01 -2.184862e-03 -7.169029e-01 5.850019e-02 3.689147e-04 9.982873e-01 5.914470e+01
9.977121e-01 -3.084415e-02 -6.015878e-02 -3.307635e+00 3.049046e-02 9.995120e-01 -6.788630e-03 -7.323929e-01 6.033881e-02 4.938830e-03 9.981657e-01 6.001189e+01
9.976603e-01 -2.975715e-02 -6.155089e-02 -3.327204e+00 2.897418e-02 9.994880e-01 -1.357450e-02 -7.563716e-01 6.192332e-02 1.175935e-02 9.980116e-01 6.104018e+01
9.977136e-01 -2.737544e-02 -6.179223e-02 -3.411974e+00 2.620341e-02 9.994625e-01 -1.969880e-02 -7.738811e-01 6.229828e-02 1.803459e-02 9.978946e-01 6.197404e+01
9.977750e-01 -2.302978e-02 -6.256820e-02 -3.498781e+00 2.186198e-02 9.995750e-01 -1.928558e-02 -7.982895e-01 6.298576e-02 1.787481e-02 9.978544e-01 6.290590e+01
9.978989e-01 -1.911465e-02 -6.190616e-02 -3.574253e+00 1.807575e-02 9.996870e-01 -1.729877e-02 -8.263871e-01 6.221744e-02 1.614342e-02 9.979321e-01 6.383405e+01
9.978235e-01 -1.885583e-02 -6.318836e-02 -3.652169e+00 1.791183e-02 9.997199e-01 -1.547281e-02 -8.624362e-01 6.346241e-02 1.430731e-02 9.978817e-01 6.471263e+01
9.977805e-01 -1.767517e-02 -6.420052e-02 -3.710289e+00 1.672299e-02 9.997425e-01 -1.533846e-02 -8.893394e-01 6.445510e-02 1.423079e-02 9.978191e-01 6.560371e+01
9.976782e-01 -1.611629e-02 -6.617022e-02 -3.777338e+00 1.513031e-02 9.997673e-01 -1.537487e-02 -9.124627e-01 6.640260e-02 1.433800e-02 9.976899e-01 6.645365e+01
9.975949e-01 -1.633983e-02 -6.736079e-02 -3.852620e+00 1.537285e-02 9.997716e-01 -1.484876e-02 -9.376000e-01 6.758802e-02 1.377752e-02 9.976182e-01 6.731590e+01
9.974897e-01 -1.742308e-02 -6.863470e-02 -3.947009e+00 1.641807e-02 9.997500e-01 -1.517985e-02 -9.557153e-01 6.888201e-02 1.401489e-02 9.975263e-01 6.817610e+01
9.973141e-01 -1.813372e-02 -7.096288e-02 -3.997748e+00 1.720223e-02 9.997579e-01 -1.371566e-02 -9.822454e-01 7.119442e-02 1.245811e-02 9.973847e-01 6.904478e+01
9.973169e-01 -1.473994e-02 -7.170612e-02 -4.079613e+00 1.400477e-02 9.998442e-01 -1.074450e-02 -1.005258e+00 7.185332e-02 9.711443e-03 9.973679e-01 6.982944e+01
9.972740e-01 -1.399779e-02 -7.244786e-02 -4.173130e+00 1.353817e-02 9.998850e-01 -6.831319e-03 -1.025314e+00 7.253516e-02 5.831884e-03 9.973488e-01 7.064165e+01
9.972049e-01 -1.112915e-02 -7.388173e-02 -4.262050e+00 1.076460e-02 9.999279e-01 -5.330590e-03 -1.045898e+00 7.393572e-02 4.520384e-03 9.972528e-01 7.144801e+01
9.971320e-01 -8.341684e-03 -7.522085e-02 -4.327078e+00 7.656776e-03 9.999266e-01 -9.389088e-03 -1.067537e+00 7.529365e-02 8.786211e-03 9.971227e-01 7.222498e+01
9.969667e-01 -9.917728e-03 -7.719564e-02 -4.376900e+00 8.643552e-03 9.998211e-01 -1.682247e-02 -1.084255e+00 7.734866e-02 1.610420e-02 9.968740e-01 7.301317e+01
9.969121e-01 -1.066798e-02 -7.779839e-02 -4.465369e+00 8.867677e-03 9.996857e-01 -2.344953e-02 -1.101003e+00 7.802410e-02 2.268722e-02 9.966933e-01 7.369170e+01
9.969155e-01 -9.281390e-03 -7.793183e-02 -4.523776e+00 7.354089e-03 9.996608e-01 -2.498129e-02 -1.120643e+00 7.813726e-02 2.433112e-02 9.966456e-01 7.446027e+01
9.967794e-01 -6.173513e-03 -7.995398e-02 -4.566669e+00 4.433429e-03 9.997498e-01 -2.192284e-02 -1.147700e+00 8.006932e-02 2.149777e-02 9.965575e-01 7.519065e+01
9.966971e-01 -6.081230e-03 -8.098058e-02 -4.622136e+00 4.461835e-03 9.997867e-01 -2.016331e-02 -1.177237e+00 8.108593e-02 1.973539e-02 9.965117e-01 7.590049e+01
9.964279e-01 -9.344580e-03 -8.392903e-02 -4.647580e+00 7.384999e-03 9.996935e-01 -2.362826e-02 -1.206389e+00 8.412411e-02 2.292404e-02 9.961916e-01 7.657677e+01
9.963824e-01 -1.728909e-02 -8.320599e-02 -4.677684e+00 1.491882e-02 9.994674e-01 -2.902477e-02 -1.226739e+00 8.366348e-02 2.767844e-02 9.961096e-01 7.708987e+01
9.961343e-01 -2.090775e-02 -8.531880e-02 -4.651614e+00 1.805361e-02 9.992558e-01 -3.408823e-02 -1.255109e+00 8.596801e-02 3.241614e-02 9.957704e-01 7.790163e+01
9.963076e-01 -1.913279e-02 -8.369607e-02 -4.666932e+00 1.626216e-02 9.992604e-01 -3.484651e-02 -1.274649e+00 8.430088e-02 3.335676e-02 9.958819e-01 7.854655e+01
9.967539e-01 -1.315681e-02 -7.942589e-02 -4.703620e+00 1.073269e-02 9.994658e-01 -3.087071e-02 -1.314112e+00 7.978962e-02 2.991805e-02 9.963626e-01 7.919738e+01
9.970635e-01 -1.606771e-02 -7.487448e-02 -4.748442e+00 1.394354e-02 9.994878e-01 -2.880664e-02 -1.324754e+00 7.529897e-02 2.767803e-02 9.967768e-01 7.978908e+01
9.972525e-01 -2.047170e-02 -7.119185e-02 -4.727556e+00 1.873947e-02 9.995139e-01 -2.491528e-02 -1.348246e+00 7.166730e-02 2.351273e-02 9.971514e-01 8.037527e+01
9.977347e-01 -2.518835e-02 -6.237895e-02 -4.749469e+00 2.390536e-02 9.994888e-01 -2.122941e-02 -1.375694e+00 6.288180e-02 1.969013e-02 9.978268e-01 8.087027e+01
9.983892e-01 -2.187756e-02 -5.234820e-02 -4.793250e+00 2.073380e-02 9.995365e-01 -2.229332e-02 -1.387359e+00 5.281166e-02 2.117203e-02 9.983800e-01 8.147807e+01
9.991224e-01 -1.714784e-02 -3.821406e-02 -4.779558e+00 1.630866e-02 9.996213e-01 -2.216457e-02 -1.411638e+00 3.857967e-02 2.152190e-02 9.990237e-01 8.200995e+01
9.997059e-01 -1.290320e-02 -2.053577e-02 -4.797920e+00 1.246255e-02 9.996924e-01 -2.144286e-02 -1.426662e+00 2.080614e-02 2.118062e-02 9.995592e-01 8.252653e+01
9.998978e-01 -1.428081e-02 5.844875e-04 -4.750950e+00 1.429001e-02 9.996719e-01 -2.125954e-02 -1.436252e+00 -2.806923e-04 2.126572e-02 9.997738e-01 8.305496e+01
9.994982e-01 -1.875709e-02 2.552522e-02 -4.686040e+00 1.926656e-02 9.996171e-01 -1.986225e-02 -1.450624e+00 -2.514288e-02 2.034407e-02 9.994769e-01 8.352345e+01
9.983197e-01 -2.036229e-02 5.425142e-02 -4.646628e+00 2.134266e-02 9.996181e-01 -1.755330e-02 -1.467835e+00 -5.387328e-02 1.868168e-02 9.983730e-01 8.396404e+01
9.960974e-01 -2.111970e-02 8.569653e-02 -4.554162e+00 2.253169e-02 9.996253e-01 -1.554297e-02 -1.481189e+00 -8.533616e-02 1.741320e-02 9.962000e-01 8.442290e+01
9.922532e-01 -2.118124e-02 1.224125e-01 -4.449883e+00 2.307766e-02 9.996343e-01 -1.409490e-02 -1.492904e+00 -1.220692e-01 1.681071e-02 9.923792e-01 8.495867e+01
9.863010e-01 -2.161087e-02 1.635339e-01 -4.313766e+00 2.406120e-02 9.996257e-01 -1.301747e-02 -1.501926e+00 -1.631913e-01 1.677396e-02 9.864519e-01 8.541292e+01
9.778117e-01 -2.280733e-02 2.082405e-01 -4.199286e+00 2.574677e-02 9.996033e-01 -1.141573e-02 -1.515978e+00 -2.078975e-01 1.652396e-02 9.780110e-01 8.584336e+01
9.667036e-01 -2.148320e-02 2.549954e-01 -4.021272e+00 2.529768e-02 9.996116e-01 -1.168843e-02 -1.531846e+00 -2.546453e-01 1.775004e-02 9.668716e-01 8.630757e+01
9.515228e-01 -2.139961e-02 3.068327e-01 -3.813075e+00 2.645279e-02 9.995741e-01 -1.231923e-02 -1.546602e+00 -3.064384e-01 1.983861e-02 9.516837e-01 8.671790e+01
9.319407e-01 -2.227216e-02 3.619260e-01 -3.606101e+00 2.874869e-02 9.995083e-01 -1.251877e-02 -1.554621e+00 -3.614692e-01 2.207165e-02 9.321228e-01 8.710258e+01
9.081905e-01 -2.151110e-02 4.180040e-01 -3.371141e+00 2.962773e-02 9.994773e-01 -1.293711e-02 -1.556209e+00 -4.175072e-01 2.413387e-02 9.083531e-01 8.747823e+01
8.802086e-01 -2.143825e-02 4.741026e-01 -3.117406e+00 3.144832e-02 9.994183e-01 -1.319398e-02 -1.556609e+00 -4.735439e-01 2.652319e-02 8.803707e-01 8.780576e+01
8.478512e-01 -2.384157e-02 5.296980e-01 -2.843402e+00 3.589493e-02 9.992777e-01 -1.247732e-02 -1.568640e+00 -5.290179e-01 2.959238e-02 8.480946e-01 8.811256e+01
8.128933e-01 -2.510789e-02 5.818713e-01 -2.529543e+00 3.900319e-02 9.991744e-01 -1.137412e-02 -1.574553e+00 -5.811052e-01 3.194078e-02 8.132014e-01 8.840972e+01
7.754896e-01 -2.643309e-02 6.308068e-01 -2.216223e+00 4.193154e-02 9.990736e-01 -9.684223e-03 -1.568815e+00 -6.299664e-01 3.396071e-02 7.758795e-01 8.865540e+01
7.358647e-01 -2.825322e-02 6.765389e-01 -1.874055e+00 4.293470e-02 9.990655e-01 -4.977270e-03 -1.569925e+00 -6.757661e-01 3.270959e-02 7.363901e-01 8.888704e+01
6.931416e-01 -3.080784e-02 7.201428e-01 -1.533642e+00 4.633693e-02 9.989241e-01 -1.865406e-03 -1.571808e+00 -7.193105e-01 3.466219e-02 6.938234e-01 8.911674e+01
6.503714e-01 -3.309730e-02 7.588950e-01 -1.181819e+00 4.988502e-02 9.987546e-01 8.068106e-04 -1.581022e+00 -7.579767e-01 3.733276e-02 6.512125e-01 8.929790e+01
6.065869e-01 -3.601333e-02 7.942010e-01 -8.350238e-01 5.873727e-02 9.982734e-01 4.052948e-04 -1.564761e+00 -7.928444e-01 4.640335e-02 6.076549e-01 8.945918e+01
5.629541e-01 -3.371264e-02 8.258004e-01 -4.594994e-01 5.686285e-02 9.983800e-01 1.994256e-03 -1.561987e+00 -8.245298e-01 4.583468e-02 5.639591e-01 8.963177e+01
5.186492e-01 -3.147316e-02 8.544077e-01 -9.115792e-02 4.993913e-02 9.987313e-01 6.475056e-03 -1.585217e+00 -8.535275e-01 3.931009e-02 5.195630e-01 8.978699e+01
4.752718e-01 -2.891460e-02 8.793639e-01 2.594643e-01 4.880850e-02 9.987872e-01 6.461738e-03 -1.581422e+00 -8.784842e-01 3.984934e-02 4.761067e-01 8.989957e+01
4.355667e-01 -3.227124e-02 8.995778e-01 6.679380e-01 5.886134e-02 9.982394e-01 7.310517e-03 -1.568628e+00 -8.982299e-01 4.976613e-02 4.366995e-01 8.999918e+01
3.965914e-01 -3.944213e-02 9.171475e-01 1.046974e+00 7.555565e-02 9.970893e-01 1.020839e-02 -1.549874e+00 -9.148806e-01 6.524712e-02 3.984172e-01 9.008836e+01
3.630399e-01 -4.346577e-02 9.307593e-01 1.415010e+00 7.943928e-02 9.967182e-01 1.556095e-02 -1.543429e+00 -9.283811e-01 6.828961e-02 3.653013e-01 9.017631e+01
3.318355e-01 -3.976151e-02 9.424990e-01 1.761759e+00 7.586607e-02 9.969999e-01 1.534979e-02 -1.542130e+00 -9.402817e-01 6.641008e-02 3.338565e-01 9.026958e+01
3.027472e-01 -3.224533e-02 9.525253e-01 2.138788e+00 6.293806e-02 9.979223e-01 1.377812e-02 -1.549397e+00 -9.509905e-01 5.577881e-02 3.041477e-01 9.038406e+01
2.752735e-01 -2.785608e-02 9.609623e-01 2.550789e+00 5.911732e-02 9.981789e-01 1.200038e-02 -1.552339e+00 -9.595466e-01 5.350613e-02 2.764190e-01 9.046909e+01
2.504442e-01 -2.593867e-02 9.677835e-01 2.935516e+00 5.860923e-02 9.982138e-01 1.158730e-02 -1.545980e+00 -9.663554e-01 5.381908e-02 2.515171e-01 9.053263e+01
2.272487e-01 -2.383389e-02 9.735451e-01 3.327210e+00 6.539759e-02 9.978172e-01 9.162757e-03 -1.529008e+00 -9.716384e-01 6.158527e-02 2.283114e-01 9.059479e+01
2.073572e-01 -1.732383e-02 9.781119e-01 3.724290e+00 7.285061e-02 9.973404e-01 2.220251e-03 -1.507100e+00 -9.755489e-01 7.079566e-02 2.080678e-01 9.065309e+01
1.863372e-01 -9.316713e-03 9.824417e-01 4.130805e+00 7.493986e-02 9.971767e-01 -4.757205e-03 -1.471310e+00 -9.796236e-01 7.451048e-02 1.865093e-01 9.073053e+01
1.702216e-01 -8.942530e-03 9.853652e-01 4.565708e+00 7.426291e-02 9.972315e-01 -3.778672e-03 -1.473447e+00 -9.826035e-01 7.381930e-02 1.704144e-01 9.080033e+01
1.545097e-01 -1.233044e-02 9.879143e-01 5.011014e+00 7.344880e-02 9.972985e-01 9.601925e-04 -1.471358e+00 -9.852573e-01 7.241276e-02 1.549979e-01 9.087634e+01
1.400471e-01 -1.531342e-02 9.900265e-01 5.466321e+00 7.174918e-02 9.974087e-01 5.278105e-03 -1.473236e+00 -9.875420e-01 7.029440e-02 1.407830e-01 9.093118e+01
1.265574e-01 -1.672176e-02 9.918183e-01 5.967652e+00 7.313824e-02 9.972938e-01 7.481529e-03 -1.462437e+00 -9.892594e-01 7.159300e-02 1.274379e-01 9.097937e+01
1.139682e-01 -1.788526e-02 9.933234e-01 6.487301e+00 7.740749e-02 9.969583e-01 9.069416e-03 -1.463254e+00 -9.904643e-01 7.585705e-02 1.150060e-01 9.104926e+01
1.024994e-01 -1.702796e-02 9.945873e-01 6.969478e+00 8.021860e-02 9.967385e-01 8.797685e-03 -1.460694e+00 -9.914932e-01 7.888264e-02 1.035310e-01 9.111054e+01
9.534520e-02 -1.613790e-02 9.953136e-01 7.485335e+00 8.314084e-02 9.965041e-01 8.192787e-03 -1.449760e+00 -9.919663e-01 8.197004e-02 9.635365e-02 9.113150e+01
9.020281e-02 -1.600424e-02 9.957950e-01 8.011857e+00 8.459251e-02 9.963806e-01 8.350941e-03 -1.447458e+00 -9.923245e-01 8.348350e-02 9.123021e-02 9.116010e+01
8.590424e-02 -1.504891e-02 9.961898e-01 8.553370e+00 8.559367e-02 9.963006e-01 7.669592e-03 -1.441417e+00 -9.926199e-01 8.460868e-02 8.687454e-02 9.116394e+01
8.052152e-02 -1.377383e-02 9.966577e-01 9.132535e+00 8.661736e-02 9.962187e-01 6.769819e-03 -1.438389e+00 -9.929822e-01 8.578274e-02 8.141011e-02 9.121950e+01
7.486218e-02 -1.524346e-02 9.970775e-01 9.745485e+00 8.804915e-02 9.960788e-01 8.617311e-03 -1.440158e+00 -9.932992e-01 8.714670e-02 7.591081e-02 9.127294e+01
7.177353e-02 -1.560202e-02 9.972990e-01 1.037829e+01 8.949152e-02 9.959456e-01 9.140334e-03 -1.433981e+00 -9.933981e-01 8.859377e-02 7.287878e-02 9.131201e+01
6.877923e-02 -1.593901e-02 9.975046e-01 1.099730e+01 8.967827e-02 9.959233e-01 9.730295e-03 -1.427297e+00 -9.935932e-01 8.878524e-02 6.992823e-02 9.136430e+01
6.602281e-02 -1.656513e-02 9.976807e-01 1.164890e+01 9.092706e-02 9.958020e-01 1.051672e-02 -1.417738e+00 -9.936666e-01 9.002182e-02 6.725186e-02 9.139704e+01
6.492919e-02 -1.670872e-02 9.977501e-01 1.234590e+01 9.606297e-02 9.953207e-01 1.041667e-02 -1.409469e+00 -9.932554e-01 9.517048e-02 6.623042e-02 9.143746e+01
6.579405e-02 -1.653004e-02 9.976963e-01 1.297678e+01 9.919810e-02 9.950180e-01 9.943946e-03 -1.400766e+00 -9.928902e-01 9.831533e-02 6.710601e-02 9.147668e+01
6.755084e-02 -1.727219e-02 9.975663e-01 1.365878e+01 1.030699e-01 9.946214e-01 1.024176e-02 -1.401380e+00 -9.923777e-01 1.021272e-01 6.896776e-02 9.152662e+01
7.012653e-02 -1.764541e-02 9.973821e-01 1.439306e+01 1.052334e-01 9.943953e-01 1.019355e-02 -1.394720e+00 -9.919719e-01 1.042431e-01 7.159036e-02 9.157877e+01
7.495952e-02 -1.706987e-02 9.970405e-01 1.509979e+01 1.043988e-01 9.944932e-01 9.177344e-03 -1.380550e+00 -9.917066e-01 1.034019e-01 7.632881e-02 9.161407e+01
7.869303e-02 -1.810129e-02 9.967346e-01 1.592272e+01 1.065505e-01 9.942605e-01 9.644100e-03 -1.369164e+00 -9.911884e-01 1.054437e-01 8.017009e-02 9.170377e+01
8.140087e-02 -1.979581e-02 9.964848e-01 1.662470e+01 1.070514e-01 9.941926e-01 1.100545e-02 -1.365782e+00 -9.909157e-01 1.057792e-01 8.304733e-02 9.177334e+01
8.709425e-02 -2.133510e-02 9.959716e-01 1.747364e+01 1.036446e-01 9.945391e-01 1.224105e-02 -1.354735e+00 -9.907938e-01 1.021610e-01 8.882987e-02 9.181167e+01
8.998632e-02 -2.289818e-02 9.956799e-01 1.828749e+01 1.036083e-01 9.945264e-01 1.350786e-02 -1.356202e+00 -9.905393e-01 1.019451e-01 9.186620e-02 9.192797e+01
9.476960e-02 -2.169995e-02 9.952627e-01 1.910954e+01 1.015929e-01 9.947535e-01 1.201510e-02 -1.349148e+00 -9.903018e-01 9.997295e-02 9.647691e-02 9.199699e+01
9.894198e-02 -1.755829e-02 9.949383e-01 1.990818e+01 1.003214e-01 9.949262e-01 7.581581e-03 -1.348811e+00 -9.900233e-01 9.906349e-02 1.002014e-01 9.205733e+01
9.939367e-02 -1.274773e-02 9.949666e-01 2.078388e+01 9.509216e-02 9.954631e-01 3.254707e-03 -1.355367e+00 -9.904941e-01 9.429003e-02 1.001549e-01 9.221018e+01
1.000105e-01 -8.666286e-03 9.949486e-01 2.164582e+01 9.289447e-02 9.956757e-01 -6.649671e-04 -1.352735e+00 -9.906405e-01 9.249173e-02 1.003830e-01 9.230192e+01
1.008088e-01 -8.856054e-03 9.948664e-01 2.252778e+01 9.152103e-02 9.958031e-01 -4.093462e-04 -1.351673e+00 -9.906874e-01 9.109247e-02 1.011962e-01 9.237833e+01
1.007751e-01 -9.543468e-03 9.948634e-01 2.341921e+01 8.914500e-02 9.960185e-01 5.245695e-04 -1.359169e+00 -9.909074e-01 8.863423e-02 1.012247e-01 9.248193e+01
9.905046e-02 -9.562172e-03 9.950367e-01 2.421407e+01 9.053029e-02 9.958935e-01 5.585943e-04 -1.347854e+00 -9.909559e-01 9.002561e-02 9.950936e-02 9.261165e+01
9.837210e-02 -9.600614e-03 9.951035e-01 2.501132e+01 8.864033e-02 9.960634e-01 8.472208e-04 -1.353334e+00 -9.911943e-01 8.812295e-02 9.883583e-02 9.272859e+01
9.907591e-02 -9.443797e-03 9.950351e-01 2.588711e+01 8.705069e-02 9.962036e-01 7.872236e-04 -1.365440e+00 -9.912649e-01 8.654050e-02 9.952188e-02 9.281841e+01
9.902912e-02 -8.371335e-03 9.950493e-01 2.673713e+01 8.563227e-02 9.963268e-01 -1.401958e-04 -1.377497e+00 -9.913931e-01 8.522221e-02 9.938222e-02 9.291758e+01
9.803671e-02 -6.859628e-03 9.951593e-01 2.758500e+01 8.269267e-02 9.965743e-01 -1.276982e-03 -1.389998e+00 -9.917414e-01 8.241756e-02 9.826809e-02 9.300961e+01
9.613377e-02 -7.089963e-03 9.953432e-01 2.840292e+01 8.208092e-02 9.966253e-01 -8.285671e-04 -1.384322e+00 -9.919783e-01 8.177833e-02 9.639126e-02 9.307915e+01
9.175426e-02 -7.650613e-03 9.957525e-01 2.924841e+01 8.159360e-02 9.966657e-01 1.391246e-04 -1.384640e+00 -9.924334e-01 8.123425e-02 9.207255e-02 9.317818e+01
8.765906e-02 -8.441253e-03 9.961149e-01 3.007390e+01 8.223099e-02 9.966125e-01 1.209055e-03 -1.373071e+00 -9.927508e-01 8.180550e-02 8.805627e-02 9.324050e+01
8.132792e-02 -9.518246e-03 9.966421e-01 3.088741e+01 8.104187e-02 9.967065e-01 2.905678e-03 -1.372833e+00 -9.933872e-01 8.053342e-02 8.183146e-02 9.331955e+01
7.390130e-02 -9.682240e-03 9.972186e-01 3.171015e+01 8.246764e-02 9.965874e-01 3.564641e-03 -1.381714e+00 -9.938499e-01 8.197483e-02 7.444757e-02 9.339343e+01
6.587458e-02 -6.973601e-03 9.978036e-01 3.252422e+01 8.356269e-02 9.965014e-01 1.447722e-03 -1.372712e+00 -9.943228e-01 8.328377e-02 6.622684e-02 9.343610e+01
5.571467e-02 -6.329561e-03 9.984268e-01 3.333507e+01 8.595438e-02 9.962979e-01 1.519590e-03 -1.375376e+00 -9.947401e-01 8.573449e-02 5.605245e-02 9.350320e+01
4.555309e-02 -6.855534e-03 9.989384e-01 3.413377e+01 8.653279e-02 9.962448e-01 2.891028e-03 -1.377919e+00 -9.952070e-01 8.630923e-02 4.597527e-02 9.354694e+01
3.552479e-02 -7.674794e-03 9.993393e-01 3.494381e+01 8.866367e-02 9.960515e-01 4.497705e-03 -1.383832e+00 -9.954280e-01 8.844532e-02 3.606498e-02 9.357028e+01
2.507257e-02 -6.486664e-03 9.996646e-01 3.576120e+01 9.079839e-02 9.958605e-01 4.184661e-03 -1.370075e+00 -9.955537e-01 9.066301e-02 2.555776e-02 9.357850e+01
1.400471e-02 -5.650121e-03 9.998860e-01 3.659156e+01 9.337731e-02 9.956214e-01 4.318143e-03 -1.363540e+00 -9.955324e-01 9.330620e-02 1.447093e-02 9.359440e+01
2.999306e-03 -3.919858e-03 9.999880e-01 3.737573e+01 9.441174e-02 9.955267e-01 3.619187e-03 -1.356835e+00 -9.955289e-01 9.439974e-02 3.355980e-03 9.359996e+01
-8.235693e-03 -2.732670e-03 9.999625e-01 3.817427e+01 9.303946e-02 9.956563e-01 3.487166e-03 -1.364062e+00 -9.956285e-01 9.306468e-02 -7.945657e-03 9.360648e+01
-1.834428e-02 -5.020996e-04 9.998316e-01 3.893838e+01 9.352028e-02 9.956149e-01 2.215835e-03 -1.349807e+00 -9.954484e-01 9.354518e-02 -1.821685e-02 9.359068e+01
-2.823460e-02 1.639265e-03 9.996000e-01 3.974136e+01 9.473284e-02 9.955022e-01 1.043260e-03 -1.343283e+00 -9.951023e-01 9.472440e-02 -2.826285e-02 9.356797e+01
-3.775632e-02 3.240136e-03 9.992817e-01 4.054590e+01 9.473948e-02 9.955021e-01 3.517004e-04 -1.336556e+00 -9.947858e-01 9.468472e-02 -3.789341e-02 9.351891e+01
-4.685140e-02 3.136121e-03 9.988970e-01 4.133270e+01 9.564058e-02 9.954150e-01 1.360644e-03 -1.349933e+00 -9.943128e-01 9.559883e-02 -4.693651e-02 9.345988e+01
-5.435276e-02 3.248443e-03 9.985165e-01 4.207883e+01 9.606110e-02 9.953734e-01 1.990723e-03 -1.344811e+00 -9.938903e-01 9.602680e-02 -5.441332e-02 9.339446e+01
-6.132126e-02 4.225133e-03 9.981093e-01 4.279337e+01 9.788497e-02 9.951961e-01 1.800991e-03 -1.338127e+00 -9.933068e-01 9.781032e-02 -6.144023e-02 9.334264e+01
-6.735468e-02 2.875310e-03 9.977250e-01 4.353733e+01 1.004434e-01 9.949351e-01 3.913489e-03 -1.343948e+00 -9.926603e-01 1.004785e-01 -6.730235e-02 9.329634e+01
-7.225752e-02 1.804218e-03 9.973844e-01 4.428677e+01 1.035436e-01 9.946086e-01 5.702226e-03 -1.346331e+00 -9.919968e-01 1.036848e-01 -7.205474e-02 9.324859e+01
-7.587731e-02 8.586622e-04 9.971169e-01 4.503702e+01 1.067038e-01 9.942643e-01 7.263591e-03 -1.352668e+00 -9.913915e-01 1.069473e-01 -7.553375e-02 9.320915e+01
-7.858562e-02 1.358590e-04 9.969074e-01 4.573189e+01 1.053020e-01 9.944068e-01 8.165375e-03 -1.355003e+00 -9.913303e-01 1.056180e-01 -7.816041e-02 9.316564e+01
-8.022213e-02 6.537220e-04 9.967768e-01 4.641545e+01 1.071669e-01 9.942091e-01 7.972919e-03 -1.364647e+00 -9.909993e-01 1.074611e-01 -7.982755e-02 9.311975e+01
-8.081985e-02 1.932935e-03 9.967270e-01 4.712971e+01 1.086011e-01 9.940616e-01 6.878162e-03 -1.369392e+00 -9.907948e-01 1.088015e-01 -8.054984e-02 9.307428e+01
-7.951307e-02 3.382642e-03 9.968281e-01 4.782473e+01 1.126406e-01 9.936199e-01 5.613137e-03 -1.389224e+00 -9.904492e-01 1.127296e-01 -7.938671e-02 9.303791e+01
-7.566857e-02 4.646820e-03 9.971222e-01 4.841551e+01 1.118523e-01 9.937174e-01 3.857177e-03 -1.393551e+00 -9.908397e-01 1.118223e-01 -7.571292e-02 9.301517e+01
-6.883764e-02 5.884900e-03 9.976107e-01 4.906256e+01 1.121382e-01 9.936908e-01 1.876017e-03 -1.400948e+00 -9.913056e-01 1.119994e-01 -6.906331e-02 9.298901e+01
-5.927002e-02 6.672349e-03 9.982197e-01 4.965516e+01 1.110333e-01 9.938167e-01 -5.022928e-05 -1.411603e+00 -9.920477e-01 1.108327e-01 -5.964446e-02 9.298396e+01
-4.794514e-02 6.872042e-03 9.988264e-01 5.024228e+01 1.098483e-01 9.939471e-01 -1.565613e-03 -1.424770e+00 -9.927915e-01 1.096443e-01 -4.840982e-02 9.300145e+01
-3.137541e-02 8.966396e-03 9.994675e-01 5.085311e+01 1.085790e-01 9.940726e-01 -5.509478e-03 -1.427601e+00 -9.935926e-01 1.083483e-01 -3.216302e-02 9.300459e+01
-1.089513e-02 1.293544e-02 9.998569e-01 5.139077e+01 1.096279e-01 9.939042e-01 -1.166385e-02 -1.425043e+00 -9.939130e-01 1.094852e-01 -1.224685e-02 9.303115e+01
1.469100e-02 1.664808e-02 9.997536e-01 5.194815e+01 1.081689e-01 9.939670e-01 -1.814125e-02 -1.431761e+00 -9.940241e-01 1.084088e-01 1.280159e-02 9.304911e+01
4.387349e-02 1.879752e-02 9.988602e-01 5.248372e+01 1.079104e-01 9.938841e-01 -2.344368e-02 -1.439175e+00 -9.931921e-01 1.088160e-01 4.157674e-02 9.307815e+01
7.763749e-02 2.012453e-02 9.967785e-01 5.305038e+01 1.063366e-01 9.939260e-01 -2.834933e-02 -1.442851e+00 -9.912946e-01 1.081950e-01 7.502592e-02 9.312012e+01
1.153543e-01 1.866074e-02 9.931492e-01 5.357841e+01 1.054756e-01 9.939409e-01 -3.092661e-02 -1.460222e+00 -9.877086e-01 1.083205e-01 1.126871e-01 9.321839e+01
1.551063e-01 1.531977e-02 9.877790e-01 5.413325e+01 1.028305e-01 9.941979e-01 -3.156632e-02 -1.488513e+00 -9.825314e-01 1.064700e-01 1.526310e-01 9.336606e+01
1.995217e-01 1.230885e-02 9.798161e-01 5.463696e+01 9.964180e-02 9.944832e-01 -3.278334e-02 -1.508838e+00 -9.748142e-01 1.041716e-01 1.971945e-01 9.349182e+01
2.451825e-01 9.971239e-03 9.694257e-01 5.513417e+01 9.364932e-02 9.950272e-01 -3.391992e-02 -1.538750e+00 -9.649433e-01 9.910262e-02 2.430295e-01 9.368957e+01
2.926113e-01 9.185228e-03 9.561874e-01 5.562392e+01 8.871941e-02 9.953799e-01 -3.671152e-02 -1.570039e+00 -9.521068e-01 9.557458e-02 2.904445e-01 9.391190e+01
3.447347e-01 1.085769e-02 9.386374e-01 5.607367e+01 8.548439e-02 9.954150e-01 -4.291046e-02 -1.586716e+00 -9.347997e-01 9.503157e-02 3.422260e-01 9.414076e+01
3.981065e-01 1.358801e-02 9.172386e-01 5.652198e+01 8.510202e-02 9.950312e-01 -5.167703e-02 -1.610417e+00 -9.133832e-01 9.863183e-02 3.949720e-01 9.443181e+01
4.561684e-01 1.922119e-02 8.896860e-01 5.696198e+01 8.254043e-02 9.945430e-01 -6.380750e-02 -1.641046e+00 -8.860574e-01 1.025420e-01 4.520925e-01 9.471148e+01
5.102216e-01 2.587964e-02 8.596535e-01 5.732015e+01 7.898150e-02 9.939134e-01 -7.679861e-02 -1.664338e+00 -8.564087e-01 1.070810e-01 5.050721e-01 9.505128e+01
5.635334e-01 3.031214e-02 8.255370e-01 5.767245e+01 7.177136e-02 9.937513e-01 -8.548170e-02 -1.709077e+00 -8.229697e-01 1.074217e-01 5.578365e-01 9.539283e+01
6.157413e-01 3.491886e-02 7.871743e-01 5.801263e+01 6.254132e-02 9.936998e-01 -9.300118e-02 -1.761870e+00 -7.854624e-01 1.064956e-01 6.096781e-01 9.578214e+01
6.661314e-01 4.019168e-02 7.447507e-01 5.832304e+01 5.242379e-02 9.935541e-01 -1.005085e-01 -1.796842e+00 -7.439897e-01 1.059945e-01 6.597306e-01 9.616127e+01
7.137989e-01 4.533137e-02 6.988821e-01 5.862820e+01 4.085050e-02 9.935092e-01 -1.061641e-01 -1.822782e+00 -6.991583e-01 1.043295e-01 7.073140e-01 9.653901e+01
7.583476e-01 4.455230e-02 6.503260e-01 5.891348e+01 2.993347e-02 9.942290e-01 -1.030178e-01 -1.878811e+00 -6.511627e-01 9.758984e-02 7.526376e-01 9.694825e+01
8.005637e-01 4.022335e-02 5.978962e-01 5.915152e+01 2.417274e-02 9.947650e-01 -9.928914e-02 -1.916329e+00 -5.987599e-01 9.394007e-02 7.954004e-01 9.733671e+01
8.375871e-01 3.736218e-02 5.450246e-01 5.938974e+01 1.823300e-02 9.951910e-01 -9.624197e-02 -1.967405e+00 -5.459994e-01 9.054847e-02 8.328779e-01 9.781529e+01
8.696535e-01 3.748132e-02 4.922377e-01 5.957952e+01 8.815903e-03 9.957754e-01 -9.139844e-02 -1.995845e+00 -4.935839e-01 8.382449e-02 8.656491e-01 9.821438e+01
8.952377e-01 3.909066e-02 4.438710e-01 5.973582e+01 -5.742988e-04 9.962448e-01 -8.657863e-02 -2.048777e+00 -4.455886e-01 7.725354e-02 8.918984e-01 9.869454e+01
9.158471e-01 4.136292e-02 3.993909e-01 5.987186e+01 -8.466582e-03 9.964481e-01 -8.378234e-02 -2.104281e+00 -4.014378e-01 7.335034e-02 9.129444e-01 9.917355e+01
9.311420e-01 4.806219e-02 3.614755e-01 5.998941e+01 -1.920204e-02 9.963633e-01 -8.301415e-02 -2.128937e+00 -3.641508e-01 7.035691e-02 9.286787e-01 9.968804e+01
9.437666e-01 5.205462e-02 3.264888e-01 6.009782e+01 -2.578257e-02 9.961078e-01 -8.428859e-02 -2.172696e+00 -3.296056e-01 7.113104e-02 9.414353e-01 1.001192e+02
9.536872e-01 5.330116e-02 2.960401e-01 6.020727e+01 -2.970607e-02 9.960532e-01 -8.363899e-02 -2.217146e+00 -2.993298e-01 7.097124e-02 9.515066e-01 1.005919e+02
9.600672e-01 4.969448e-02 2.753208e-01 6.031834e+01 -2.710686e-02 9.959909e-01 -8.524906e-02 -2.246383e+00 -2.784534e-01 7.438173e-02 9.575652e-01 1.010529e+02
9.648119e-01 4.569318e-02 2.589406e-01 6.043756e+01 -2.426438e-02 9.960549e-01 -8.535687e-02 -2.289827e+00 -2.618193e-01 7.607028e-02 9.621143e-01 1.015091e+02
9.678543e-01 4.838813e-02 2.468130e-01 6.052814e+01 -2.771342e-02 9.958607e-01 -8.656467e-02 -2.318958e+00 -2.499800e-01 7.694195e-02 9.651890e-01 1.020202e+02
9.700504e-01 5.412137e-02 2.367976e-01 6.063376e+01 -3.436177e-02 9.956336e-01 -8.679315e-02 -2.362403e+00 -2.404610e-01 7.605695e-02 9.676745e-01 1.025051e+02
9.711496e-01 6.130295e-02 2.304570e-01 6.074522e+01 -4.168329e-02 9.951534e-01 -8.906274e-02 -2.399900e+00 -2.347999e-01 7.688704e-02 9.689981e-01 1.030334e+02
9.716014e-01 6.466863e-02 2.276152e-01 6.083798e+01 -4.424819e-02 9.946162e-01 -9.370581e-02 -2.434139e+00 -2.324496e-01 8.097313e-02 9.692320e-01 1.035636e+02
9.717330e-01 6.578167e-02 2.267330e-01 6.094604e+01 -4.452227e-02 9.942255e-01 -9.763931e-02 -2.477296e+00 -2.318466e-01 8.478468e-02 9.690504e-01 1.040581e+02
9.715494e-01 6.380372e-02 2.280808e-01 6.108289e+01 -4.128539e-02 9.939093e-01 -1.021757e-01 -2.528127e+00 -2.332108e-01 8.985232e-02 9.682661e-01 1.045803e+02
9.706239e-01 6.433772e-02 2.318402e-01 6.121051e+01 -4.004240e-02 9.933420e-01 -1.080195e-01 -2.596534e+00 -2.372463e-01 9.556287e-02 9.667377e-01 1.050999e+02
9.698687e-01 6.215849e-02 2.355655e-01 6.135829e+01 -3.621792e-02 9.929470e-01 -1.128920e-01 -2.656749e+00 -2.409213e-01 1.009587e-01 9.652794e-01 1.056640e+02
9.688810e-01 6.652168e-02 2.384207e-01 6.150059e+01 -4.030242e-02 9.927534e-01 -1.132090e-01 -2.711730e+00 -2.442239e-01 1.000772e-01 9.645410e-01 1.062003e+02
9.669223e-01 6.984783e-02 2.453214e-01 6.164024e+01 -4.396270e-02 9.930190e-01 -1.094552e-01 -2.786909e+00 -2.512541e-01 9.504971e-02 9.632429e-01 1.068464e+02
9.664377e-01 6.519700e-02 2.484905e-01 6.182705e+01 -3.937598e-02 9.934245e-01 -1.075046e-01 -2.839329e+00 -2.538656e-01 9.411192e-02 9.626501e-01 1.074203e+02
9.660557e-01 6.050813e-02 2.511476e-01 6.203469e+01 -3.575615e-02 9.941439e-01 -1.019773e-01 -2.924289e+00 -2.558473e-01 8.953568e-02 9.625620e-01 1.080242e+02
9.651992e-01 5.788799e-02 2.550285e-01 6.218785e+01 -3.374029e-02 9.946077e-01 -9.806646e-02 -2.991235e+00 -2.593302e-01 8.604893e-02 9.619477e-01 1.086435e+02
9.650228e-01 5.452411e-02 2.564334e-01 6.238255e+01 -2.996445e-02 9.946634e-01 -9.872646e-02 -3.049474e+00 -2.604479e-01 8.758941e-02 9.615066e-01 1.092305e+02
9.647738e-01 5.164142e-02 2.579625e-01 6.254887e+01 -2.603668e-02 9.944736e-01 -1.017067e-01 -3.126754e+00 -2.617892e-01 9.140752e-02 9.607867e-01 1.098718e+02
9.646230e-01 5.728129e-02 2.573349e-01 6.272015e+01 -2.947508e-02 9.934231e-01 -1.106427e-01 -3.152891e+00 -2.619802e-01 9.914350e-02 9.599671e-01 1.104991e+02
9.649118e-01 6.285959e-02 2.549389e-01 6.289991e+01 -3.344537e-02 9.924364e-01 -1.181158e-01 -3.209898e+00 -2.604353e-01 1.054448e-01 9.597160e-01 1.111399e+02
9.648904e-01 6.666200e-02 2.540524e-01 6.306703e+01 -3.608957e-02 9.917308e-01 -1.231568e-01 -3.275626e+00 -2.601615e-01 1.096641e-01 9.593173e-01 1.118426e+02
9.652522e-01 7.054404e-02 2.516185e-01 6.326002e+01 -4.083174e-02 9.917618e-01 -1.214139e-01 -3.328553e+00 -2.581106e-01 1.069210e-01 9.601806e-01 1.125759e+02
9.661043e-01 6.602099e-02 2.495671e-01 6.344137e+01 -3.795966e-02 9.925668e-01 -1.156293e-01 -3.404775e+00 -2.553459e-01 1.022364e-01 9.614292e-01 1.132640e+02
9.664692e-01 6.658793e-02 2.479985e-01 6.362947e+01 -4.002872e-02 9.930540e-01 -1.106413e-01 -3.498060e+00 -2.536433e-01 9.700438e-02 9.624215e-01 1.140164e+02
9.665316e-01 7.450622e-02 2.454902e-01 6.379268e+01 -4.793004e-02 9.924935e-01 -1.125138e-01 -3.563763e+00 -2.520304e-01 9.698178e-02 9.628475e-01 1.147255e+02
9.667238e-01 8.047260e-02 2.428360e-01 6.397924e+01 -5.301987e-02 9.916507e-01 -1.175490e-01 -3.658700e+00 -2.502680e-01 1.007623e-01 9.629189e-01 1.154829e+02
9.673520e-01 8.198614e-02 2.398088e-01 6.417097e+01 -5.375452e-02 9.910743e-01 -1.219923e-01 -3.767409e+00 -2.476700e-01 1.051187e-01 9.631249e-01 1.162750e+02
9.682431e-01 8.409271e-02 2.354435e-01 6.436217e+01 -5.517131e-02 9.903869e-01 -1.268460e-01 -3.826652e+00 -2.438470e-01 1.098281e-01 9.635748e-01 1.170147e+02
9.690191e-01 8.599634e-02 2.315312e-01 6.451969e+01 -5.753116e-02 9.902312e-01 -1.270130e-01 -3.914388e+00 -2.401921e-01 1.097578e-01 9.645004e-01 1.177770e+02
9.701942e-01 8.050171e-02 2.285664e-01 6.469509e+01 -5.244803e-02 9.906086e-01 -1.262692e-01 -4.006257e+00 -2.365847e-01 1.105178e-01 9.653049e-01 1.185911e+02
9.703392e-01 8.140655e-02 2.276289e-01 6.488478e+01 -5.422547e-02 9.908968e-01 -1.232198e-01 -4.130654e+00 -2.355876e-01 1.072217e-01 9.659203e-01 1.194638e+02
