1.000000e+00 0.000000e+00 0.000000e+00 0.000000e+00 0.000000e+00 1.000000e+00 0.000000e+00 0.000000e+00 0.000000e+00 0.000000e+00 1.000000e+00 0.000000e+00
9.999978e-01 -9.839191e-04 -1.847396e-03 9.119234e-02 9.848482e-04 9.999994e-01 5.020781e-04 -2.013386e-03 1.846901e-03 -5.038964e-04 9.999982e-01 4.811987e-02
9.999999e-01 1.433962e-04 2.425794e-04 2.827461e-02 -1.434226e-04 1.000000e+00 1.087505e-04 -2.879912e-03 -2.425638e-04 -1.087853e-04 9.999999e-01 7.018036e-02
9.999942e-01 -2.493528e-03 2.326312e-03 6.136237e-03 2.496994e-03 9.999958e-01 -1.487958e-03 -1.275964e-02 -2.322592e-03 1.493759e-03 9.999962e-01 4.662349e-02
9.999776e-01 -9.255725e-04 6.628272e-03 -2.009893e-02 9.489426e-04 9.999933e-01 -3.523528e-03 -1.708927e-02 -6.624967e-03 3.529739e-03 9.999718e-01 2.105741e-01
9.999274e-01 2.418863e-03 1.180296e-02 -3.609937e-02 -2.376944e-03 9.999908e-01 -3.564289e-03 -2.850359e-02 -1.181147e-02 3.535975e-03 9.999240e-01 2.939167e-01
9.998398e-01 1.929529e-03 1.779220e-02 -4.670083e-02 -1.909093e-03 9.999975e-01 -1.165509e-03 -4.131212e-02 -1.779441e-02 1.131355e-03 9.998410e-01 3.774156e-01
9.996443e-01 3.516494e-03 2.643788e-02 4.562020e-02 -3.463712e-03 9.999919e-01 -2.042006e-03 -4.427117e-02 -2.644485e-02 1.949706e-03 9.996484e-01 6.550710e-01
9.992841e-01 2.283464e-03 3.776312e-02 8.925559e-02 -2.221312e-03 9.999961e-01 -1.687709e-03 -6.583761e-02 -3.776682e-02 1.602617e-03 9.992853e-01 9.927044e-01
9.978925e-01 3.196752e-04 6.488761e-02 3.458411e-01 -5.867106e-05 9.999919e-01 -4.024269e-03 -8.089108e-02 -6.488837e-02 4.011980e-03 9.978845e-01 2.045110e+00
9.944845e-01 -3.428643e-04 1.048826e-01 4.441149e-01 1.023199e-03 9.999788e-01 -6.432895e-03 -9.129085e-02 -1.048782e-01 6.504730e-03 9.944638e-01 2.899498e+00
9.888991e-01 -1.716466e-03 1.485786e-01 6.965517e-01 2.560069e-03 9.999816e-01 -5.486763e-03 -1.194353e-01 -1.485665e-01 5.806227e-03 9.888854e-01 4.081946e+00
9.812224e-01 -2.673150e-03 1.928614e-01 9.734853e-01 3.769780e-03 9.999787e-01 -5.319361e-03 -1.458301e-01 -1.928431e-01 5.946521e-03 9.812116e-01 5.225183e+00
9.715263e-01 -3.601837e-03 2.369045e-01 1.172987e+00 5.297563e-03 9.999647e-01 -6.521666e-03 -1.588976e-01 -2.368726e-01 7.590986e-03 9.715111e-01 6.066064e+00
9.600713e-01 -4.697512e-03 2.797162e-01 1.528967e+00 7.032495e-03 9.999483e-01 -7.344686e-03 -1.800812e-01 -2.796672e-01 9.018525e-03 9.600546e-01 7.060958e+00
9.466606e-01 -6.720727e-03 3.221623e-01 1.887014e+00 9.536587e-03 9.999289e-01 -7.163042e-03 -1.991426e-01 -3.220913e-01 9.853298e-03 9.466574e-01 7.997646e+00
9.316728e-01 -7.284152e-03 3.632255e-01 2.361872e+00 1.079353e-02 9.999126e-01 -7.633068e-03 -2.306138e-01 -3.631382e-01 1.103201e-02 9.316700e-01 8.916956e+00
9.147573e-01 -1.063876e-02 4.038638e-01 2.842897e+00 1.498879e-02 9.998587e-01 -7.611106e-03 -2.430152e-01 -4.037257e-01 1.301574e-02 9.147875e-01 9.819031e+00
8.968869e-01 -9.822512e-03 4.421509e-01 3.398537e+00 1.482039e-02 9.998593e-01 -7.850444e-03 -2.581331e-01 -4.420116e-01 1.359381e-02 8.969063e-01 1.057757e+01
8.767953e-01 -1.050704e-02 4.807490e-01 3.948506e+00 1.679872e-02 9.998203e-01 -8.786064e-03 -2.855399e-01 -4.805703e-01 1.577955e-02 8.768142e-01 1.135386e+01
8.547879e-01 -1.229593e-02 5.188317e-01 4.533762e+00 2.094755e-02 9.997221e-01 -1.081893e-02 -2.959424e-01 -5.185544e-01 2.011614e-02 8.548079e-01 1.213669e+01
8.314275e-01 -1.139320e-02 5.555165e-01 5.270704e+00 2.126140e-02 9.997099e-01 -1.131814e-02 -3.273331e-01 -5.552264e-01 2.122127e-02 8.314285e-01 1.306562e+01
8.067285e-01 -1.171892e-02 5.908060e-01 6.057877e+00 2.411393e-02 9.996234e-01 -1.309886e-02 -3.543111e-01 -5.904300e-01 2.481388e-02 8.067073e-01 1.390629e+01
7.810072e-01 -1.224380e-02 6.244021e-01 6.841717e+00 2.855200e-02 9.994624e-01 -1.611476e-02 -3.828993e-01 -6.238691e-01 3.041367e-02 7.809368e-01 1.467934e+01
7.532386e-01 -1.175979e-02 6.576422e-01 7.587513e+00 3.012763e-02 9.994076e-01 -1.663590e-02 -4.018035e-01 -6.570570e-01 3.234400e-02 7.531467e-01 1.544915e+01
7.242646e-01 -1.497302e-02 6.893596e-01 8.183249e+00 3.503132e-02 9.992721e-01 -1.510071e-02 -4.338042e-01 -6.886317e-01 3.508608e-02 7.242619e-01 1.612766e+01
6.940776e-01 -1.794030e-02 7.196766e-01 8.791747e+00 4.045381e-02 9.990818e-01 -1.410947e-02 -4.600717e-01 -7.187627e-01 3.890673e-02 6.941661e-01 1.679919e+01
6.639562e-01 -1.816401e-02 7.475508e-01 9.428771e+00 4.333532e-02 9.989594e-01 -1.421661e-02 -4.883189e-01 -7.465147e-01 4.183456e-02 6.640524e-01 1.749640e+01
6.371989e-01 -1.941413e-02 7.704548e-01 1.023952e+01 4.517391e-02 9.989048e-01 -1.219006e-02 -5.088633e-01 -7.693744e-01 4.257195e-02 6.373780e-01 1.813513e+01
6.101848e-01 -2.167946e-02 7.919625e-01 1.106396e+01 4.849876e-02 9.987729e-01 -1.002618e-02 -5.267276e-01 -7.907733e-01 4.452702e-02 6.104875e-01 1.872598e+01
5.829509e-01 -2.237060e-02 8.121994e-01 1.196286e+01 5.052807e-02 9.986842e-01 -8.759204e-03 -5.426536e-01 -8.109347e-01 4.614505e-02 5.833143e-01 1.934673e+01
5.547512e-01 -2.105446e-02 8.317499e-01 1.287965e+01 4.929899e-02 9.987552e-01 -7.598945e-03 -5.692035e-01 -8.305545e-01 4.521995e-02 5.550985e-01 1.994868e+01
5.286869e-01 -1.870883e-02 8.486108e-01 1.369542e+01 5.010174e-02 9.987018e-01 -9.195716e-03 -5.738299e-01 -8.473371e-01 4.737853e-02 5.289378e-01 2.044878e+01
5.036615e-01 -1.917077e-02 8.636884e-01 1.459121e+01 5.361696e-02 9.985201e-01 -9.103274e-03 -5.750793e-01 -8.622357e-01 5.089331e-02 5.039439e-01 2.093650e+01
4.772539e-01 -2.010078e-02 8.785356e-01 1.552359e+01 5.501924e-02 9.984605e-01 -7.043900e-03 -5.860193e-01 -8.770415e-01 5.169809e-02 4.776250e-01 2.142701e+01
4.506493e-01 -2.022394e-02 8.924720e-01 1.646301e+01 5.508134e-02 9.984684e-01 -5.187166e-03 -5.922176e-01 -8.910002e-01 5.149614e-02 4.510731e-01 2.188629e+01
4.244111e-01 -2.102677e-02 9.052255e-01 1.740914e+01 5.670665e-02 9.983851e-01 -3.395962e-03 -6.025706e-01 -9.036922e-01 5.277359e-02 4.249181e-01 2.232764e+01
3.985074e-01 -2.215621e-02 9.168975e-01 1.838863e+01 6.059721e-02 9.981598e-01 -2.217260e-03 -6.065737e-01 -9.151611e-01 5.644502e-02 3.991167e-01 2.275897e+01
3.737403e-01 -2.417024e-02 9.272186e-01 1.938001e+01 6.458760e-02 9.979120e-01 -2.071986e-05 -6.175708e-01 -9.252821e-01 5.989456e-02 3.745210e-01 2.317078e+01
3.501994e-01 -2.580337e-02 9.363196e-01 2.038326e+01 6.863858e-02 9.976400e-01 1.821266e-03 -6.306619e-01 -9.341569e-01 6.362985e-02 3.511440e-01 2.356319e+01
3.304330e-01 -2.730991e-02 9.434343e-01 2.126228e+01 7.419322e-02 9.972397e-01 2.881645e-03 -6.321414e-01 -9.409088e-01 6.904423e-02 3.315471e-01 2.392974e+01
3.134273e-01 -2.876165e-02 9.491765e-01 2.203590e+01 7.925589e-02 9.968461e-01 4.035053e-03 -6.319880e-01 -9.462990e-01 7.396313e-02 3.147183e-01 2.424072e+01
3.000441e-01 -2.988176e-02 9.534572e-01 2.300444e+01 8.336426e-02 9.965066e-01 4.996991e-03 -6.323317e-01 -9.502758e-01 7.798494e-02 3.014870e-01 2.450679e+01
2.872144e-01 -3.115334e-02 9.573596e-01 2.399026e+01 8.583640e-02 9.962869e-01 6.668569e-03 -6.257738e-01 -9.540126e-01 8.026099e-02 2.888220e-01 2.476808e+01
2.745243e-01 -3.228367e-02 9.610381e-01 2.522159e+01 8.561745e-02 9.962873e-01 9.010823e-03 -6.216407e-01 -9.577610e-01 7.980794e-02 2.762691e-01 2.507024e+01
2.629554e-01 -3.062921e-02 9.643217e-01 2.636549e+01 8.520902e-02 9.963276e-01 8.410635e-03 -6.075652e-01 -9.610379e-01 7.995728e-02 2.645996e-01 2.539419e+01
2.520633e-01 -2.796314e-02 9.673067e-01 2.763861e+01 8.435792e-02 9.964122e-01 6.822311e-03 -6.049922e-01 -9.640270e-01 7.988033e-02 2.535179e-01 2.568968e+01
2.425823e-01 -2.540098e-02 9.697983e-01 2.900014e+01 8.346335e-02 9.964972e-01 5.223021e-03 -5.990887e-01 -9.665339e-01 7.967559e-02 2.438526e-01 2.596152e+01
2.352288e-01 -2.062916e-02 9.717211e-01 3.008257e+01 8.493828e-02 9.963861e-01 5.914015e-04 -5.767853e-01 -9.682215e-01 8.239720e-02 2.361309e-01 2.623748e+01
2.298327e-01 -1.958076e-02 9.730333e-01 3.131659e+01 8.418310e-02 9.964503e-01 1.677349e-04 -5.751667e-01 -9.695826e-01 8.187439e-02 2.306653e-01 2.648317e+01
2.240803e-01 -1.891194e-02 9.743872e-01 3.257988e+01 8.397041e-02 9.964682e-01 2.979130e-05 -5.768748e-01 -9.709464e-01 8.181302e-02 2.248769e-01 2.676603e+01
2.193965e-01 -1.733577e-02 9.754818e-01 3.386342e+01 8.334000e-02 9.965206e-01 -1.034428e-03 -5.711158e-01 -9.720698e-01 8.152360e-02 2.200779e-01 2.703763e+01
2.162813e-01 -1.504184e-02 9.762152e-01 3.511511e+01 8.263045e-02 9.965759e-01 -2.951269e-03 -5.722474e-01 -9.728281e-01 8.130341e-02 2.167836e-01 2.730190e+01
2.109568e-01 -1.411469e-02 9.773934e-01 3.645918e+01 8.174685e-02 9.966478e-01 -3.251179e-03 -5.751379e-01 -9.740712e-01 8.058470e-02 2.114035e-01 2.760469e+01
2.059781e-01 -1.356730e-02 9.784625e-01 3.775165e+01 8.089203e-02 9.967177e-01 -3.208316e-03 -5.769928e-01 -9.752074e-01 7.981067e-02 2.063995e-01 2.794754e+01
2.035016e-01 -1.400763e-02 9.789745e-01 3.906884e+01 8.141427e-02 9.966768e-01 -2.662860e-03 -5.721404e-01 -9.756839e-01 8.024438e-02 2.039658e-01 2.825117e+01
2.007740e-01 -1.530118e-02 9.795181e-01 4.047329e+01 7.937532e-02 9.968445e-01 -6.978868e-04 -5.811924e-01 -9.764166e-01 7.788968e-02 2.013550e-01 2.854443e+01
1.988403e-01 -1.664715e-02 9.798905e-01 4.187489e+01 8.042884e-02 9.967602e-01 6.130427e-04 -5.985929e-01 -9.767261e-01 7.868956e-02 1.995350e-01 2.881721e+01
1.965077e-01 -1.461121e-02 9.803934e-01 4.324585e+01 7.943719e-02 9.968393e-01 -1.065895e-03 -5.933400e-01 -9.772791e-01 7.808915e-02 1.970472e-01 2.914652e+01
1.957200e-01 -1.281461e-02 9.805761e-01 4.468271e+01 8.054449e-02 9.967464e-01 -3.050506e-03 -5.892621e-01 -9.773466e-01 7.957704e-02 1.961154e-01 2.946711e+01
1.944619e-01 -1.175538e-02 9.808397e-01 4.614803e+01 8.020001e-02 9.967710e-01 -3.954201e-03 -5.934308e-01 -9.776261e-01 7.943229e-02 1.947768e-01 2.981473e+01
1.959699e-01 -9.346613e-03 9.805654e-01 4.771585e+01 7.952071e-02 9.968127e-01 -6.391054e-03 -5.912263e-01 -9.773803e-01 7.922771e-02 1.960886e-01 3.011380e+01
1.956871e-01 -9.191613e-03 9.806233e-01 4.923726e+01 7.858364e-02 9.968874e-01 -6.337603e-03 -6.068357e-01 -9.775128e-01 7.830115e-02 1.958002e-01 3.047416e+01
1.967057e-01 -1.024748e-02 9.804090e-01 5.085775e+01 7.622703e-02 9.970786e-01 -4.872203e-03 -6.255575e-01 -9.774949e-01 7.569206e-02 1.969122e-01 3.080096e+01
1.987060e-01 -8.005891e-03 9.800264e-01 5.229576e+01 7.846609e-02 9.968866e-01 -7.765829e-03 -6.272855e-01 -9.769130e-01 7.844196e-02 1.987155e-01 3.113411e+01
1.980048e-01 -6.774279e-03 9.801776e-01 5.390838e+01 7.794743e-02 9.969181e-01 -8.856111e-03 -6.388521e-01 -9.770969e-01 7.815588e-02 1.979226e-01 3.151673e+01
1.987735e-01 -5.568613e-03 9.800296e-01 5.553158e+01 7.794768e-02 9.969058e-01 -1.014515e-02 -6.493866e-01 -9.769408e-01 7.840762e-02 1.985925e-01 3.186840e+01
1.999761e-01 -5.223856e-03 9.797868e-01 5.710648e+01 7.836869e-02 9.968672e-01 -1.068025e-02 -6.737469e-01 -9.766616e-01 7.892040e-02 1.997590e-01 3.223843e+01
2.017754e-01 -6.602529e-03 9.794096e-01 5.869527e+01 7.896204e-02 9.968319e-01 -9.547582e-03 -6.869532e-01 -9.762437e-01 7.926265e-02 2.016575e-01 3.257779e+01
2.025043e-01 -9.013085e-03 9.792399e-01 6.039713e+01 7.989401e-02 9.967763e-01 -7.347382e-03 -7.079913e-01 -9.760169e-01 7.972328e-02 2.025716e-01 3.294128e+01
2.034222e-01 -8.308224e-03 9.790558e-01 6.204336e+01 8.102122e-02 9.966772e-01 -8.376335e-03 -7.318362e-01 -9.757330e-01 8.102824e-02 2.034194e-01 3.330254e+01
2.043338e-01 -5.901575e-03 9.788834e-01 6.362380e+01 8.345222e-02 9.964464e-01 -1.141250e-02 -7.501462e-01 -9.753376e-01 8.402196e-02 2.041002e-01 3.368321e+01
2.054188e-01 -7.184416e-03 9.786478e-01 6.543803e+01 8.210117e-02 9.965746e-01 -9.917061e-03 -7.805732e-01 -9.752243e-01 8.238527e-02 2.053050e-01 3.401890e+01
2.045647e-01 -6.316119e-03 9.788328e-01 6.707097e+01 8.204008e-02 9.965714e-01 -1.071486e-02 -8.068709e-01 -9.754091e-01 8.249539e-02 2.043815e-01 3.444675e+01
2.072297e-01 -6.881090e-03 9.782682e-01 6.875424e+01 8.075030e-02 9.966832e-01 -1.009498e-02 -8.284753e-01 -9.749541e-01 8.108743e-02 2.070979e-01 3.481803e+01
2.078243e-01 -6.410613e-03 9.781451e-01 7.066341e+01 8.302519e-02 9.964855e-01 -1.110936e-02 -8.567551e-01 -9.746363e-01 8.351948e-02 2.076262e-01 3.520480e+01
2.068753e-01 -6.263962e-03 9.783472e-01 7.256537e+01 8.164329e-02 9.966022e-01 -1.088294e-02 -8.690988e-01 -9.749548e-01 8.212690e-02 2.066838e-01 3.562477e+01
2.068106e-01 -3.917564e-03 9.783733e-01 7.444207e+01 8.036737e-02 9.966806e-01 -1.299737e-02 -8.833454e-01 -9.750748e-01 8.131728e-02 2.064390e-01 3.603819e+01
2.062546e-01 -3.549230e-03 9.784918e-01 7.638277e+01 7.987139e-02 9.967175e-01 -1.322061e-02 -9.142452e-01 -9.752330e-01 8.088032e-02 2.058610e-01 3.638615e+01
2.047552e-01 -7.183902e-04 9.788130e-01 7.809273e+01 7.736000e-02 9.968835e-01 -1.545107e-02 -9.251451e-01 -9.757514e-01 7.888466e-02 2.041726e-01 3.679429e+01
2.023550e-01 1.050797e-03 9.793116e-01 7.976060e+01 7.667980e-02 9.969123e-01 -1.691401e-02 -9.554745e-01 -9.763056e-01 7.851606e-02 2.016495e-01 3.721441e+01
2.012480e-01 6.550796e-04 9.795401e-01 8.168634e+01 7.303080e-02 9.972066e-01 -1.567119e-02 -9.832063e-01 -9.768141e-01 7.469039e-02 2.006381e-01 3.758148e+01
1.987575e-01 1.478416e-03 9.800476e-01 8.345388e+01 7.418846e-02 9.971069e-01 -1.654987e-02 -1.013783e+00 -9.772367e-01 7.599763e-02 1.980728e-01 3.802597e+01
1.986018e-01 2.429081e-03 9.800773e-01 8.517232e+01 7.083631e-02 9.973460e-01 -1.682608e-02 -1.041155e+00 -9.775170e-01 7.276675e-02 1.979027e-01 3.843835e+01
1.977994e-01 3.170421e-03 9.802374e-01 8.720716e+01 7.086162e-02 9.973322e-01 -1.752468e-02 -1.072044e+00 -9.776779e-01 7.292758e-02 1.970471e-01 3.877161e+01
1.979367e-01 7.841635e-03 9.801835e-01 8.889812e+01 6.649277e-02 9.975572e-01 -2.140808e-02 -1.080937e+00 -9.779570e-01 6.941255e-02 1.969318e-01 3.916737e+01
1.952941e-01 7.729237e-03 9.807143e-01 9.094168e+01 6.623726e-02 9.975818e-01 -2.105230e-02 -1.128619e+00 -9.785054e-01 6.907121e-02 1.943098e-01 3.950066e+01
1.912847e-01 8.165005e-03 9.815006e-01 9.299710e+01 6.284411e-02 9.978118e-01 -2.054838e-02 -1.167199e+00 -9.795207e-01 6.561211e-02 1.903529e-01 3.985540e+01
1.881070e-01 1.044018e-02 9.820931e-01 9.465720e+01 6.026627e-02 9.979365e-01 -2.215182e-02 -1.195067e+00 -9.802979e-01 6.335399e-02 1.870896e-01 4.023612e+01
1.836471e-01 1.294106e-02 9.829071e-01 9.670599e+01 5.857730e-02 9.979923e-01 -2.408430e-02 -1.240772e+00 -9.812454e-01 6.199905e-02 1.825203e-01 4.060537e+01
1.789044e-01 1.489249e-02 9.837537e-01 9.876324e+01 5.637610e-02 9.980874e-01 -2.536198e-02 -1.287076e+00 -9.822500e-01 5.999757e-02 1.777226e-01 4.094575e+01
1.728278e-01 1.710514e-02 9.848036e-01 1.006743e+02 5.714692e-02 9.979907e-01 -2.736317e-02 -1.352986e+00 -9.832929e-01 6.100761e-02 1.715030e-01 4.136508e+01
1.680056e-01 1.868428e-02 9.856089e-01 1.027528e+02 5.554007e-02 9.980528e-01 -2.838747e-02 -1.415876e+00 -9.842202e-01 5.951005e-02 1.666408e-01 4.171834e+01
1.585795e-01 2.191371e-02 9.871030e-01 1.046444e+02 5.123722e-02 9.982240e-01 -3.039193e-02 -1.466351e+00 -9.860159e-01 5.539595e-02 1.571750e-01 4.219719e+01
1.537356e-01 2.166462e-02 9.878745e-01 1.067102e+02 4.827818e-02 9.984009e-01 -2.940865e-02 -1.539680e+00 -9.869319e-01 5.221394e-02 1.524439e-01 4.252405e+01
1.474147e-01 2.337997e-02 9.887985e-01 1.088349e+02 4.660759e-02 9.984458e-01 -3.055657e-02 -1.598735e+00 -9.879761e-01 5.059000e-02 1.460959e-01 4.286455e+01
1.410506e-01 2.430931e-02 9.897039e-01 1.108315e+02 4.515025e-02 9.985003e-01 -3.096010e-02 -1.661103e+00 -9.889722e-01 4.905233e-02 1.397415e-01 4.323779e+01
1.345198e-01 2.659254e-02 9.905542e-01 1.128679e+02 4.593888e-02 9.983976e-01 -3.304173e-02 -1.738218e+00 -9.898456e-01 4.994971e-02 1.330826e-01 4.357539e+01
1.270655e-01 3.054390e-02 9.914241e-01 1.149545e+02 4.512649e-02 9.983128e-01 -3.653976e-02 -1.803873e+00 -9.908674e-01 4.938243e-02 1.254728e-01 4.390078e+01
1.210003e-01 3.042752e-02 9.921860e-01 1.169841e+02 4.667839e-02 9.982499e-01 -3.630607e-02 -1.890256e+00 -9.915544e-01 5.070670e-02 1.193683e-01 4.420477e+01
1.144769e-01 2.982173e-02 9.929782e-01 1.190305e+02 4.699996e-02 9.982675e-01 -3.539904e-02 -1.984629e+00 -9.923135e-01 5.072232e-02 1.128770e-01 4.451143e+01
1.108831e-01 3.405348e-02 9.932500e-01 1.210742e+02 4.234864e-02 9.983432e-01 -3.895576e-02 -2.049530e+00 -9.929308e-01 4.638231e-02 1.092572e-01 4.474430e+01
1.052925e-01 3.431780e-02 9.938491e-01 1.234413e+02 4.426882e-02 9.982519e-01 -3.915985e-02 -2.151867e+00 -9.934556e-01 4.811976e-02 1.035892e-01 4.501958e+01
1.015294e-01 3.177519e-02 9.943249e-01 1.254382e+02 4.785257e-02 9.981769e-01 -3.678446e-02 -2.231049e+00 -9.936810e-01 5.131571e-02 9.982383e-02 4.521378e+01
9.921557e-02 3.459870e-02 9.944643e-01 1.274094e+02 4.798173e-02 9.980664e-01 -3.951106e-02 -2.278880e+00 -9.939084e-01 5.163623e-02 9.736365e-02 4.540515e+01
9.518623e-02 3.564128e-02 9.948213e-01 1.294234e+02 4.910565e-02 9.979740e-01 -4.045275e-02 -2.360418e+00 -9.942476e-01 5.270189e-02 9.324324e-02 4.560501e+01
9.182155e-02 3.765233e-02 9.950635e-01 1.315385e+02 4.843320e-02 9.979333e-01 -4.223021e-02 -2.441076e+00 -9.945970e-01 5.207174e-02 8.980817e-02 4.580737e+01
8.717734e-02 3.738238e-02 9.954913e-01 1.337312e+02 4.668520e-02 9.980444e-01 -4.156659e-02 -2.538323e+00 -9.950984e-01 5.009838e-02 8.526164e-02 4.601844e+01
8.222437e-02 3.731874e-02 9.959149e-01 1.358605e+02 4.421809e-02 9.981780e-01 -4.105426e-02 -2.652053e+00 -9.956324e-01 4.741311e-02 8.042443e-02 4.622792e+01
8.154523e-02 4.142554e-02 9.958085e-01 1.377305e+02 4.093614e-02 9.981535e-01 -4.487530e-02 -2.719010e+00 -9.958287e-01 4.442393e-02 7.969886e-02 4.634645e+01
7.700604e-02 4.247477e-02 9.961255e-01 1.398040e+02 4.035639e-02 9.981406e-01 -4.568047e-02 -2.815320e+00 -9.962136e-01 4.371770e-02 7.514876e-02 4.653337e+01
7.145387e-02 4.282619e-02 9.965240e-01 1.419610e+02 4.199544e-02 9.980627e-01 -4.590352e-02 -2.942956e+00 -9.965594e-01 4.512945e-02 6.951696e-02 4.674716e+01
6.476277e-02 3.979235e-02 9.971070e-01 1.443074e+02 4.245333e-02 9.981902e-01 -4.259295e-02 -3.089512e+00 -9.969972e-01 4.508895e-02 6.295627e-02 4.693260e+01
6.400621e-02 4.408343e-02 9.969753e-01 1.462812e+02 4.169596e-02 9.980333e-01 -4.680711e-02 -3.156165e+00 -9.970780e-01 4.456579e-02 6.204224e-02 4.703205e+01
6.003439e-02 4.465084e-02 9.971973e-01 1.483908e+02 4.090596e-02 9.980498e-01 -4.715169e-02 -3.263180e+00 -9.973579e-01 4.362204e-02 5.809087e-02 4.719751e+01
5.344307e-02 4.548616e-02 9.975344e-01 1.506408e+02 4.232547e-02 9.979610e-01 -4.777321e-02 -3.378428e+00 -9.976735e-01 4.477426e-02 5.140889e-02 4.736433e+01
4.759043e-02 4.631526e-02 9.977927e-01 1.528962e+02 4.384897e-02 9.978646e-01 -4.841001e-02 -3.499381e+00 -9.979041e-01 4.605603e-02 4.545790e-02 4.751063e+01
4.445845e-02 4.827724e-02 9.978442e-01 1.551396e+02 4.424739e-02 9.977563e-01 -5.024442e-02 -3.615295e+00 -9.980310e-01 4.638579e-02 4.222256e-02 4.759521e+01
4.018706e-02 4.951801e-02 9.979646e-01 1.574888e+02 4.328617e-02 9.977473e-01 -5.125034e-02 -3.746942e+00 -9.982542e-01 4.525766e-02 3.795308e-02 4.768895e+01
3.596115e-02 5.116582e-02 9.980426e-01 1.598405e+02 4.304382e-02 9.976824e-01 -5.269830e-02 -3.875651e+00 -9.984258e-01 4.485466e-02 3.367543e-02 4.777699e+01
3.304201e-02 5.370316e-02 9.980102e-01 1.621894e+02 4.185152e-02 9.976051e-01 -5.506699e-02 -4.000314e+00 -9.985775e-01 4.358777e-02 3.071535e-02 4.785254e+01
3.070945e-02 5.481010e-02 9.980245e-01 1.645349e+02 4.041777e-02 9.976106e-01 -5.603104e-02 -4.133672e+00 -9.987109e-01 4.205861e-02 2.842081e-02 4.792429e+01
2.317089e-02 5.421469e-02 9.982604e-01 1.672470e+02 3.972773e-02 9.976898e-01 -5.510584e-02 -4.295578e+00 -9.989419e-01 4.093548e-02 2.096349e-02 4.796220e+01
2.249175e-02 5.577351e-02 9.981902e-01 1.693819e+02 4.107699e-02 9.975480e-01 -5.666320e-02 -4.420655e+00 -9.989029e-01 4.227711e-02 2.014560e-02 4.800919e+01
1.813835e-02 5.416049e-02 9.983677e-01 1.717224e+02 4.260806e-02 9.975828e-01 -5.489203e-02 -4.571418e+00 -9.989274e-01 4.353416e-02 1.578683e-02 4.804963e+01
2.328146e-02 5.671870e-02 9.981187e-01 1.737068e+02 4.365470e-02 9.973794e-01 -5.769494e-02 -4.676522e+00 -9.987754e-01 4.491579e-02 2.074438e-02 4.804633e+01
1.786894e-02 5.531143e-02 9.983092e-01 1.764970e+02 4.209526e-02 9.975417e-01 -5.602237e-02 -4.845179e+00 -9.989538e-01 4.302514e-02 1.549661e-02 4.804576e+01
1.981223e-02 5.748183e-02 9.981500e-01 1.786498e+02 4.053127e-02 9.974790e-01 -5.824770e-02 -4.971622e+00 -9.989818e-01 4.161031e-02 1.743251e-02 4.803410e+01
1.536155e-02 5.981330e-02 9.980914e-01 1.810533e+02 3.929087e-02 9.974021e-01 -6.037671e-02 -5.123249e+00 -9.991097e-01 4.014335e-02 1.297152e-02 4.808182e+01
1.424509e-02 6.381154e-02 9.978603e-01 1.832351e+02 3.763853e-02 9.972200e-01 -6.430791e-02 -5.242785e+00 -9.991899e-01 3.847406e-02 1.180369e-02 4.811445e+01
1.256496e-02 6.651659e-02 9.977062e-01 1.854315e+02 3.641527e-02 9.970927e-01 -6.693429e-02 -5.391949e+00 -9.992577e-01 3.717277e-02 1.010621e-02 4.814822e+01
5.832851e-03 6.641635e-02 9.977749e-01 1.883131e+02 3.332845e-02 9.972247e-01 -6.657456e-02 -5.597551e+00 -9.994274e-01 3.364261e-02 3.603101e-03 4.810451e+01
-2.659917e-03 6.312653e-02 9.980020e-01 1.911653e+02 3.125883e-02 9.975231e-01 -6.301292e-02 -5.811487e+00 -9.995078e-01 3.102876e-02 -4.626632e-03 4.803171e+01
2.403498e-03 6.569551e-02 9.978369e-01 1.931013e+02 3.231896e-02 9.973133e-01 -6.573889e-02 -5.931219e+00 -9.994748e-01 3.240706e-02 2.738237e-04 4.798227e+01
1.411974e-03 6.590166e-02 9.978251e-01 1.951626e+02 3.254343e-02 9.972945e-01 -6.591267e-02 -6.077034e+00 -9.994693e-01 3.256572e-02 -7.364750e-04 4.799018e+01
-2.420306e-03 6.576890e-02 9.978321e-01 1.975132e+02 3.234689e-02 9.973179e-01 -6.565657e-02 -6.247945e+00 -9.994739e-01 3.211786e-02 -4.541278e-03 4.799872e+01
-5.164027e-03 6.843568e-02 9.976423e-01 1.998780e+02 3.152297e-02 9.971708e-01 -6.824018e-02 -6.403650e+00 -9.994898e-01 3.109626e-02 -7.306814e-03 4.801129e+01
-9.432197e-03 6.942210e-02 9.975428e-01 2.023919e+02 2.856730e-02 9.971987e-01 -6.912803e-02 -6.582522e+00 -9.995474e-01 2.784507e-02 -1.138902e-02 4.795809e+01
-1.387775e-02 6.947282e-02 9.974873e-01 2.049365e+02 2.784820e-02 9.972233e-01 -6.906699e-02 -6.774987e+00 -9.995158e-01 2.681972e-02 -1.577401e-02 4.791204e+01
-1.412332e-02 7.125030e-02 9.973585e-01 2.074002e+02 2.754462e-02 9.971071e-01 -7.084229e-02 -6.949416e+00 -9.995208e-01 2.647133e-02 -1.604509e-02 4.781159e+01
-1.947582e-02 7.073206e-02 9.973052e-01 2.098541e+02 2.744465e-02 9.971563e-01 -7.018555e-02 -7.134830e+00 -9.994336e-01 2.600377e-02 -2.136171e-02 4.790902e+01
-2.120996e-02 7.177062e-02 9.971958e-01 2.123410e+02 2.812502e-02 9.970681e-01 -7.116324e-02 -7.310203e+00 -9.993795e-01 2.653679e-02 -2.316630e-02 4.786346e+01
-2.215123e-02 7.343683e-02 9.970538e-01 2.148407e+02 2.949219e-02 9.969125e-01 -7.277121e-02 -7.498034e+00 -9.993195e-01 2.779333e-02 -2.424860e-02 4.780862e+01
-2.719343e-02 7.202332e-02 9.970322e-01 2.174899e+02 2.778897e-02 9.970700e-01 -7.126813e-02 -7.715911e+00 -9.992439e-01 2.576848e-02 -2.911520e-02 4.769633e+01
-2.479064e-02 7.755484e-02 9.966800e-01 2.196541e+02 2.761601e-02 9.966589e-01 -7.686631e-02 -7.856904e+00 -9.993113e-01 2.561877e-02 -2.684951e-02 4.766255e+01
-2.688563e-02 7.948993e-02 9.964730e-01 2.218736e+02 2.683743e-02 9.965315e-01 -7.877050e-02 -8.043482e+00 -9.992782e-01 2.462498e-02 -2.892578e-02 4.761625e+01
-2.840507e-02 8.120587e-02 9.962925e-01 2.241790e+02 2.672919e-02 9.964000e-01 -8.045255e-02 -8.238232e+00 -9.992391e-01 2.434483e-02 -3.047347e-02 4.748873e+01
-3.090549e-02 8.270880e-02 9.960946e-01 2.262805e+02 2.350951e-02 9.963549e-01 -8.200102e-02 -8.424715e+00 -9.992460e-01 2.088342e-02 -3.273737e-02 4.745716e+01
-3.217423e-02 8.380443e-02 9.959627e-01 2.285416e+02 2.415441e-02 9.962527e-01 -8.304854e-02 -8.624670e+00 -9.991904e-01 2.138488e-02 -3.407788e-02 4.736420e+01
-3.372598e-02 8.237930e-02 9.960302e-01 2.309222e+02 2.530238e-02 9.963481e-01 -8.154885e-02 -8.839734e+00 -9.991108e-01 2.245162e-02 -3.568721e-02 4.725933e+01
-3.529823e-02 8.210014e-02 9.959988e-01 2.333024e+02 2.451919e-02 9.963910e-01 -8.126350e-02 -9.049857e+00 -9.990760e-01 2.155262e-02 -3.718388e-02 4.715239e+01
-3.676367e-02 8.256842e-02 9.959071e-01 2.358493e+02 2.274802e-02 9.963917e-01 -8.176886e-02 -9.273779e+00 -9.990650e-01 1.964879e-02 -3.850925e-02 4.703819e+01
-3.850389e-02 8.340656e-02 9.957715e-01 2.383245e+02 2.080191e-02 9.963614e-01 -8.265162e-02 -9.494432e+00 -9.990419e-01 1.753154e-02 -4.009879e-02 4.690487e+01
-4.077959e-02 8.252238e-02 9.957547e-01 2.408120e+02 1.803328e-02 9.964820e-01 -8.184414e-02 -9.717006e+00 -9.990056e-01 1.461917e-02 -4.212427e-02 4.676231e+01
-4.432333e-02 8.274710e-02 9.955845e-01 2.432788e+02 1.644790e-02 9.964892e-01 -8.209004e-02 -9.934305e+00 -9.988819e-01 1.273678e-02 -4.552865e-02 4.666222e+01
-4.918599e-02 8.160809e-02 9.954501e-01 2.459438e+02 1.442392e-02 9.966105e-01 -8.099053e-02 -1.018283e+01 -9.986855e-01 1.037470e-02 -5.019629e-02 4.653851e+01
-5.508006e-02 7.970742e-02 9.952954e-01 2.487517e+02 1.283951e-02 9.967827e-01 -7.911599e-02 -1.044057e+01 -9.983994e-01 8.421400e-03 -5.592620e-02 4.640584e+01
-6.000257e-02 8.010505e-02 9.949790e-01 2.509771e+02 1.224170e-02 9.967589e-01 -7.951012e-02 -1.063540e+01 -9.981233e-01 7.409432e-03 -6.078875e-02 4.627837e+01
-6.509483e-02 8.195361e-02 9.945081e-01 2.531417e+02 1.156705e-02 9.966168e-01 -8.137027e-02 -1.082226e+01 -9.978121e-01 6.206740e-03 -6.582248e-02 4.616150e+01
-6.911123e-02 8.180811e-02 9.942490e-01 2.555714e+02 1.043705e-02 9.966367e-01 -8.127908e-02 -1.104239e+01 -9.975544e-01 4.759730e-03 -6.973267e-02 4.598100e+01
-7.447791e-02 8.387784e-02 9.936889e-01 2.578304e+02 1.110949e-02 9.964643e-01 -8.327945e-02 -1.123871e+01 -9.971608e-01 4.836897e-03 -7.514644e-02 4.584013e+01
-8.153129e-02 8.464931e-02 9.930696e-01 2.602340e+02 1.121350e-02 9.964016e-01 -8.401270e-02 -1.145396e+01 -9.966077e-01 4.286118e-03 -8.218718e-02 4.569658e+01
-8.498216e-02 8.473866e-02 9.927726e-01 2.629629e+02 9.813935e-03 9.963999e-01 -8.420818e-02 -1.170897e+01 -9.963342e-01 2.586812e-03 -8.550787e-02 4.546249e+01
-9.000015e-02 8.718873e-02 9.921180e-01 2.652679e+02 1.162606e-02 9.961848e-01 -8.649146e-02 -1.190317e+01 -9.958739e-01 3.750179e-03 -9.067047e-02 4.527989e+01
-9.376729e-02 8.767500e-02 9.917262e-01 2.677220e+02 1.254794e-02 9.961399e-01 -8.687879e-02 -1.213135e+01 -9.955151e-01 4.297741e-03 -9.450555e-02 4.505021e+01
-9.704256e-02 8.862188e-02 9.913270e-01 2.703865e+02 1.560582e-02 9.960409e-01 -8.751562e-02 -1.238312e+01 -9.951581e-01 6.977746e-03 -9.804142e-02 4.480189e+01
-1.012386e-01 8.984959e-02 9.907966e-01 2.729513e+02 1.669984e-02 9.959266e-01 -8.860843e-02 -1.262398e+01 -9.947220e-01 7.575561e-03 -1.023266e-01 4.451513e+01
-1.052043e-01 8.990368e-02 9.903784e-01 2.754221e+02 1.752926e-02 9.959180e-01 -8.854447e-02 -1.286099e+01 -9.942961e-01 8.045341e-03 -1.063508e-01 4.425440e+01
-1.084318e-01 9.489204e-02 9.895647e-01 2.776950e+02 1.880864e-02 9.954514e-01 -9.339558e-02 -1.306032e+01 -9.939260e-01 8.485315e-03 -1.097233e-01 4.401465e+01
-1.134499e-01 9.443428e-02 9.890456e-01 2.801884e+02 1.880929e-02 9.954984e-01 -9.289284e-02 -1.331877e+01 -9.933656e-01 8.064562e-03 -1.147155e-01 4.373701e+01
-1.175520e-01 9.298960e-02 9.887034e-01 2.833151e+02 2.031466e-02 9.956231e-01 -9.122510e-02 -1.363233e+01 -9.928589e-01 9.361480e-03 -1.189265e-01 4.336679e+01
-1.175467e-01 9.711362e-02 9.883075e-01 2.854723e+02 1.963357e-02 9.952397e-01 -9.545963e-02 -1.382173e+01 -9.928733e-01 8.183050e-03 -1.188939e-01 4.304472e+01
-1.203408e-01 9.748665e-02 9.879345e-01 2.879983e+02 1.774440e-02 9.952189e-01 -9.604401e-02 -1.407064e+01 -9.925741e-01 5.972285e-03 -1.214954e-01 4.271984e+01
-1.242570e-01 1.011171e-01 9.870843e-01 2.902725e+02 1.918581e-02 9.948528e-01 -9.949777e-02 -1.428417e+01 -9.920645e-01 6.574708e-03 -1.255574e-01 4.243392e+01
-1.282195e-01 1.011997e-01 9.865690e-01 2.927658e+02 1.748359e-02 9.948562e-01 -9.977751e-02 -1.454387e+01 -9.915917e-01 4.455351e-03 -1.293293e-01 4.210926e+01
-1.318679e-01 1.021121e-01 9.859939e-01 2.952581e+02 1.588464e-02 9.947701e-01 -1.008966e-01 -1.480190e+01 -9.911400e-01 2.357134e-03 -1.328002e-01 4.177761e+01
-1.373278e-01 1.013439e-01 9.853277e-01 2.981411e+02 1.707943e-02 9.948466e-01 -9.994256e-02 -1.510581e+01 -9.903784e-01 3.103945e-03 -1.383510e-01 4.139019e+01
-1.433808e-01 1.032998e-01 9.842618e-01 3.000273e+02 1.773376e-02 9.946462e-01 -1.018063e-01 -1.529069e+01 -9.895088e-01 2.857602e-03 -1.444449e-01 4.118584e+01
-1.445975e-01 1.043889e-01 9.839687e-01 3.024071e+02 1.877544e-02 9.945300e-01 -1.027502e-01 -1.553546e+01 -9.893124e-01 3.617031e-03 -1.457665e-01 4.083234e+01
-1.573086e-01 1.036206e-01 9.820982e-01 3.060392e+02 1.730281e-02 9.946164e-01 -1.021699e-01 -1.591083e+01 -9.873979e-01 9.208705e-04 -1.582546e-01 4.035446e+01
-1.579105e-01 1.029487e-01 9.820722e-01 3.082878e+02 1.654711e-02 9.946867e-01 -1.016104e-01 -1.615528e+01 -9.873148e-01 2.051124e-04 -1.587750e-01 3.998867e+01
-1.615176e-01 1.034091e-01 9.814370e-01 3.106427e+02 1.738089e-02 9.946387e-01 -1.019397e-01 -1.640199e+01 -9.867168e-01 5.931928e-04 -1.624490e-01 3.964314e+01
-1.645302e-01 1.025801e-01 9.810237e-01 3.133473e+02 1.752809e-02 9.947246e-01 -1.010730e-01 -1.669328e+01 -9.862165e-01 5.659216e-04 -1.654602e-01 3.920335e+01
-1.659495e-01 1.048138e-01 9.805482e-01 3.158358e+02 1.510585e-02 9.944890e-01 -1.037474e-01 -1.695224e+01 -9.860185e-01 -2.404820e-03 -1.666182e-01 3.879199e+01
-1.700585e-01 1.075330e-01 9.795493e-01 3.185734e+02 1.395495e-02 9.941914e-01 -1.067176e-01 -1.725031e+01 -9.853352e-01 -4.478673e-03 -1.705713e-01 3.834446e+01
-1.703199e-01 1.092992e-01 9.793084e-01 3.210827e+02 1.336943e-02 9.939942e-01 -1.086130e-01 -1.752160e+01 -9.852981e-01 -5.406152e-03 -1.707582e-01 3.788445e+01
-1.773777e-01 1.097450e-01 9.780049e-01 3.237256e+02 1.157813e-02 9.939269e-01 -1.094318e-01 -1.781277e+01 -9.840749e-01 -8.087272e-03 -1.775712e-01 3.747282e+01
-1.836550e-01 1.060979e-01 9.772482e-01 3.267381e+02 5.860347e-03 9.942586e-01 -1.068433e-01 -1.814971e+01 -9.829733e-01 -1.389530e-02 -1.832223e-01 3.686123e+01
-1.828787e-01 1.080886e-01 9.771757e-01 3.286981e+02 6.426716e-03 9.940481e-01 -1.087521e-01 -1.836248e+01 -9.831145e-01 -1.360842e-02 -1.824849e-01 3.650101e+01
-1.871263e-01 1.084577e-01 9.763303e-01 3.312666e+02 7.607507e-03 9.940165e-01 -1.089644e-01 -1.866162e+01 -9.823065e-01 -1.296265e-02 -1.868317e-01 3.601291e+01
-1.928917e-01 1.095274e-01 9.750881e-01 3.339902e+02 1.068048e-02 9.939260e-01 -1.095305e-01 -1.896862e+01 -9.811621e-01 -1.071310e-02 -1.928898e-01 3.551487e+01
-1.931126e-01 1.132735e-01 9.746162e-01 3.361839e+02 1.391798e-02 9.935300e-01 -1.127140e-01 -1.921641e+01 -9.810780e-01 -8.201797e-03 -1.934397e-01 3.508038e+01
-1.979212e-01 1.106496e-01 9.739528e-01 3.390218e+02 1.386171e-02 9.938249e-01 -1.100904e-01 -1.955830e+01 -9.801200e-01 -8.288560e-03 -1.982328e-01 3.448504e+01
-2.019643e-01 1.116470e-01 9.730084e-01 3.416070e+02 1.690060e-02 9.937305e-01 -1.105168e-01 -1.985711e+01 -9.792470e-01 -5.876016e-03 -2.025849e-01 3.400802e+01
-2.050358e-01 1.112136e-01 9.724155e-01 3.442899e+02 1.688550e-02 9.937775e-01 -1.100964e-01 -2.017434e+01 -9.786088e-01 -6.153976e-03 -2.056378e-01 3.342495e+01
-2.113712e-01 1.129058e-01 9.708628e-01 3.470666e+02 1.625033e-02 9.935743e-01 -1.120090e-01 -2.048744e+01 -9.772708e-01 -7.898636e-03 -2.118477e-01 3.282668e+01
-2.161412e-01 1.159369e-01 9.694543e-01 3.493898e+02 1.839982e-02 9.932323e-01 -1.146782e-01 -2.076270e+01 -9.761888e-01 -6.948899e-03 -2.168117e-01 3.241156e+01
-2.197229e-01 1.177467e-01 9.684307e-01 3.522247e+02 1.764618e-02 9.930068e-01 -1.167311e-01 -2.108543e+01 -9.754030e-01 -8.559359e-03 -2.202641e-01 3.167619e+01
-2.270707e-01 1.169925e-01 9.668255e-01 3.547623e+02 2.160281e-02 9.931189e-01 -1.151005e-01 -2.142081e+01 -9.736386e-01 -5.249809e-03 -2.280356e-01 3.119622e+01
-2.381316e-01 1.175226e-01 9.640964e-01 3.573615e+02 1.754186e-02 9.930106e-01 -1.167144e-01 -2.173644e+01 -9.710745e-01 -1.088133e-02 -2.385288e-01 3.075618e+01
-2.431695e-01 1.219354e-01 9.622893e-01 3.599765e+02 2.160661e-02 9.925020e-01 -1.203038e-01 -2.204444e+01 -9.697433e-01 -8.462391e-03 -2.439809e-01 3.017293e+01
-2.483935e-01 1.239957e-01 9.606903e-01 3.625775e+02 2.134061e-02 9.922330e-01 -1.225492e-01 -2.236436e+01 -9.684241e-01 -9.938702e-03 -2.491105e-01 2.960784e+01
-2.541001e-01 1.243166e-01 9.591551e-01 3.652871e+02 1.952077e-02 9.921621e-01 -1.234233e-01 -2.272700e+01 -9.669809e-01 -1.263841e-02 -2.545353e-01 2.896156e+01
-2.611068e-01 1.254210e-01 9.571276e-01 3.678878e+02 1.764553e-02 9.919779e-01 -1.251740e-01 -2.307903e+01 -9.651488e-01 -1.579474e-02 -2.612253e-01 2.837302e+01
-2.664706e-01 1.250342e-01 9.556987e-01 3.706117e+02 1.346856e-02 9.919363e-01 -1.260198e-01 -2.345487e+01 -9.637491e-01 -2.070867e-02 -2.660059e-01 2.767271e+01
-2.680478e-01 1.213256e-01 9.557356e-01 3.733222e+02 1.048344e-02 9.923472e-01 -1.230330e-01 -2.383729e+01 -9.633486e-01 -2.295933e-02 -2.672684e-01 2.692094e+01
-2.789353e-01 1.228726e-01 9.524167e-01 3.758286e+02 1.466979e-02 9.922100e-01 -1.237101e-01 -2.416960e+01 -9.601979e-01 -2.053536e-02 -2.785649e-01 2.632745e+01
-2.804307e-01 1.221479e-01 9.520707e-01 3.786314e+02 1.348337e-02 9.922736e-01 -1.233343e-01 -2.454586e+01 -9.597796e-01 -2.174962e-02 -2.799109e-01 2.565196e+01
-2.846484e-01 1.219554e-01 9.508428e-01 3.812529e+02 1.661718e-02 9.923534e-01 -1.223050e-01 -2.492485e+01 -9.584879e-01 -1.901358e-02 -2.844985e-01 2.485889e+01
-3.017808e-01 1.213842e-01 9.456184e-01 3.838020e+02 1.753733e-02 9.924006e-01 -1.217926e-01 -2.526636e+01 -9.532160e-01 -2.017105e-02 -3.016163e-01 2.426392e+01
-3.097763e-01 1.267847e-01 9.423186e-01 3.865182e+02 1.634374e-02 9.916334e-01 -1.280470e-01 -2.557653e+01 -9.506690e-01 -2.426491e-02 -3.092567e-01 2.347578e+01
-3.168806e-01 1.256986e-01 9.400992e-01 3.890903e+02 1.586104e-02 9.917429e-01 -1.272575e-01 -2.594928e+01 -9.483328e-01 -2.541448e-02 -3.162578e-01 2.264569e+01
-3.268318e-01 1.263395e-01 9.366000e-01 3.917361e+02 1.561315e-02 9.916110e-01 -1.283118e-01 -2.632292e+01 -9.449537e-01 -2.731307e-02 -3.260626e-01 2.192916e+01
-3.329556e-01 1.250788e-01 9.346101e-01 3.943410e+02 1.572355e-02 9.917620e-01 -1.271259e-01 -2.670290e+01 -9.428114e-01 -2.763187e-02 -3.321793e-01 2.107662e+01
-3.379797e-01 1.248181e-01 9.328398e-01 3.969526e+02 1.648757e-02 9.917998e-01 -1.267336e-01 -2.708132e+01 -9.410090e-01 -2.745313e-02 -3.372661e-01 2.018728e+01
-3.423826e-01 1.219118e-01 9.316179e-01 3.995245e+02 1.379699e-02 9.920917e-01 -1.247549e-01 -2.747881e+01 -9.394594e-01 -2.986037e-02 -3.413569e-01 1.923377e+01
-3.508012e-01 1.231656e-01 9.283150e-01 4.019965e+02 5.528400e-03 9.915681e-01 -1.294686e-01 -2.783559e+01 -9.364337e-01 -4.028565e-02 -3.485242e-01 1.833200e+01
-3.582810e-01 1.291713e-01 9.246348e-01 4.048295e+02 -2.091536e-03 9.902690e-01 -1.391509e-01 -2.824402e+01 -9.336114e-01 -5.178903e-02 -3.545244e-01 1.742486e+01
-3.578897e-01 1.398911e-01 9.232258e-01 4.075433e+02 1.067491e-02 9.892625e-01 -1.457592e-01 -2.867191e+01 -9.337031e-01 -4.231031e-02 -3.555402e-01 1.622097e+01
-3.631592e-01 1.391873e-01 9.212722e-01 4.102726e+02 1.797918e-02 9.896417e-01 -1.424294e-01 -2.910083e+01 -9.315537e-01 -3.516080e-02 -3.618999e-01 1.527503e+01
-3.667476e-01 1.285707e-01 9.213936e-01 4.128980e+02 1.744251e-02 9.911805e-01 -1.313660e-01 -2.951108e+01 -9.301571e-01 -3.210672e-02 -3.657557e-01 1.423417e+01
-3.723671e-01 1.188026e-01 9.204502e-01 4.155180e+02 1.091820e-02 9.922652e-01 -1.236549e-01 -2.987858e+01 -9.280213e-01 -3.599535e-02 -3.707840e-01 1.318060e+01
-3.838531e-01 1.162335e-01 9.160495e-01 4.181778e+02 7.301050e-03 9.923970e-01 -1.228615e-01 -3.024316e+01 -9.233654e-01 -4.047265e-02 -3.817832e-01 1.220057e+01
-3.902472e-01 1.215816e-01 9.126472e-01 4.212144e+02 9.850239e-03 9.917374e-01 -1.279059e-01 -3.063919e+01 -9.206574e-01 -4.092514e-02 -3.882204e-01 1.106075e+01
-3.921217e-01 1.257650e-01 9.112760e-01 4.241668e+02 1.584328e-02 9.913869e-01 -1.300037e-01 -3.110287e+01 -9.197770e-01 -3.653967e-02 -3.907368e-01 9.768593e+00
-3.942128e-01 1.308974e-01 9.096495e-01 4.269107e+02 1.967624e-02 9.907799e-01 -1.340449e-01 -3.153229e+01 -9.188085e-01 -3.494372e-02 -3.931538e-01 8.511855e+00
-3.948853e-01 1.327347e-01 9.090916e-01 4.293694e+02 1.829357e-02 9.904481e-01 -1.366673e-01 -3.192613e+01 -9.185485e-01 -3.733732e-02 -3.935416e-01 7.464659e+00
-3.994728e-01 1.327256e-01 9.070865e-01 4.318503e+02 2.083109e-02 9.905227e-01 -1.357603e-01 -3.233761e+01 -9.165086e-01 -3.533692e-02 -3.984517e-01 6.277730e+00
-4.043609e-01 1.321463e-01 9.050026e-01 4.344990e+02 2.114780e-02 9.905933e-01 -1.351950e-01 -3.274163e+01 -9.143550e-01 -3.552877e-02 -4.033518e-01 5.168617e+00
-4.081109e-01 1.315180e-01 9.034095e-01 4.370260e+02 2.187931e-02 9.906936e-01 -1.343410e-01 -3.313926e+01 -9.126703e-01 -3.506000e-02 -4.071903e-01 4.156268e+00
-4.108152e-01 1.314504e-01 9.021927e-01 4.395097e+02 2.244370e-02 9.907098e-01 -1.341277e-01 -3.353148e+01 -9.114424e-01 -3.485315e-02 -4.099489e-01 2.980609e+00
-4.131584e-01 1.316882e-01 9.010873e-01 4.420194e+02 2.255750e-02 9.906654e-01 -1.344366e-01 -3.392168e+01 -9.103797e-01 -3.521733e-02 -4.122722e-01 1.843462e+00
-4.160815e-01 1.333559e-01 8.994957e-01 4.453678e+02 2.411001e-02 9.904581e-01 -1.356890e-01 -3.444295e+01 -9.090077e-01 -3.477082e-02 -4.153266e-01 3.480963e-01
-4.175982e-01 1.329486e-01 8.988529e-01 4.491309e+02 2.421777e-02 9.905148e-01 -1.352549e-01 -3.502141e+01 -9.083090e-01 -3.471399e-02 -4.168570e-01 -1.298584e+00
-4.177079e-01 1.309441e-01 8.990961e-01 4.530311e+02 2.342175e-02 9.907833e-01 -1.334159e-01 -3.562943e+01 -9.082794e-01 -3.467049e-02 -4.169251e-01 -3.015819e+00
-4.183249e-01 1.291342e-01 8.990710e-01 4.568755e+02 2.561003e-02 9.911254e-01 -1.304400e-01 -3.625391e+01 -9.079363e-01 -3.154108e-02 -4.179196e-01 -4.826885e+00
-4.242574e-01 1.326925e-01 8.957670e-01 4.606186e+02 2.636600e-02 9.905964e-01 -1.342523e-01 -3.684043e+01 -9.051577e-01 -3.333975e-02 -4.237664e-01 -6.502861e+00
-4.270478e-01 1.340484e-01 8.942379e-01 4.643315e+02 2.238729e-02 9.902148e-01 -1.377445e-01 -3.744664e+01 -9.039520e-01 -3.880388e-02 -4.258701e-01 -8.227762e+00
-4.316014e-01 1.315798e-01 8.924164e-01 4.681176e+02 1.723374e-02 9.903266e-01 -1.376812e-01 -3.806466e+01 -9.018998e-01 -4.404372e-02 -4.296941e-01 -9.785572e+00
-4.339449e-01 1.306043e-01 8.914227e-01 4.718481e+02 1.776141e-02 9.904847e-01 -1.364718e-01 -3.866893e+01 -9.007644e-01 -4.338831e-02 -4.321356e-01 -1.156904e+01
-4.396454e-01 1.308842e-01 8.885838e-01 4.756357e+02 1.603755e-02 9.903117e-01 -1.379333e-01 -3.927129e+01 -8.980282e-01 -4.639104e-02 -4.374851e-01 -1.316167e+01
-4.423556e-01 1.294618e-01 8.874464e-01 4.793733e+02 1.365078e-02 9.903835e-01 -1.376740e-01 -3.987833e+01 -8.967358e-01 -4.878655e-02 -4.398690e-01 -1.494278e+01
-4.435077e-01 1.309106e-01 8.866585e-01 4.830130e+02 1.168178e-02 9.900358e-01 -1.403304e-01 -4.044680e+01 -8.961945e-01 -5.187988e-02 -4.406178e-01 -1.661207e+01
-4.455500e-01 1.315131e-01 8.855448e-01 4.853690e+02 1.478187e-02 9.900972e-01 -1.396030e-01 -4.084439e+01 -8.951350e-01 -4.911008e-02 -4.430817e-01 -1.776436e+01
-4.464604e-01 1.283342e-01 8.855529e-01 4.878653e+02 1.524128e-02 9.906088e-01 -1.358749e-01 -4.125401e+01 -8.946739e-01 -4.716574e-02 -4.442235e-01 -1.897135e+01
-4.458125e-01 1.259284e-01 8.862242e-01 4.902878e+02 2.118626e-02 9.912619e-01 -1.301961e-01 -4.165053e+01 -8.948756e-01 -3.926729e-02 -4.445848e-01 -2.021781e+01
-4.414531e-01 1.196837e-01 8.892665e-01 4.927697e+02 1.979543e-02 9.921222e-01 -1.236998e-01 -4.203833e+01 -8.970659e-01 -3.700425e-02 -4.403446e-01 -2.146803e+01
-4.408562e-01 1.196551e-01 8.895665e-01 4.951735e+02 1.413070e-02 9.918770e-01 -1.264139e-01 -4.239398e+01 -8.974665e-01 -4.316013e-02 -4.389659e-01 -2.264467e+01
-4.392614e-01 1.241877e-01 8.897341e-01 4.975075e+02 1.307361e-02 9.911778e-01 -1.318926e-01 -4.277814e+01 -8.982642e-01 -4.630331e-02 -4.370098e-01 -2.387412e+01
