1.000000e+00 0.000000e+00 0.000000e+00 0.000000e+00 0.000000e+00 1.000000e+00 0.000000e+00 0.000000e+00 0.000000e+00 0.000000e+00 1.000000e+00 0.000000e+00
9.999962e-01 2.066755e-03 -1.805840e-03 7.696044e-02 -2.071344e-03 9.999946e-01 -2.543107e-03 5.692470e-03 1.800574e-03 2.546838e-03 9.999951e-01 -4.128207e-02
9.999944e-01 1.125730e-04 -3.353947e-03 4.841778e-02 -1.154572e-04 9.999996e-01 -8.597581e-04 -8.856094e-03 3.353849e-03 8.601405e-04 9.999940e-01 1.600994e+00
9.999834e-01 4.519949e-04 -5.753334e-03 9.812193e-02 -4.478286e-04 9.999996e-01 7.254359e-04 -3.820190e-02 5.753660e-03 -7.228474e-04 9.999832e-01 3.259482e+00
9.999658e-01 4.342382e-06 -8.263728e-03 9.357877e-02 -1.144926e-05 9.999996e-01 -8.599618e-04 -4.560773e-02 8.263721e-03 8.600271e-04 9.999655e-01 4.884664e+00
9.999689e-01 6.577740e-04 -7.856680e-03 4.669857e-02 -6.828606e-04 9.999947e-01 -3.190765e-03 -4.811469e-02 7.854539e-03 3.196031e-03 9.999641e-01 6.472458e+00
9.999595e-01 8.560323e-04 -8.957225e-03 3.489690e-02 -8.761261e-04 9.999971e-01 -2.239618e-03 -8.141243e-02 8.955282e-03 2.247375e-03 9.999574e-01 8.083078e+00
9.999415e-01 -6.119537e-05 -1.082142e-02 3.424921e-03 2.258077e-05 9.999936e-01 -3.568436e-03 -9.063699e-02 1.082157e-02 3.567983e-03 9.999351e-01 9.673903e+00
9.999446e-01 -2.242970e-03 -1.028040e-02 -4.244466e-02 2.192573e-03 9.999855e-01 -4.910903e-03 -1.103146e-01 1.029127e-02 4.888090e-03 9.999351e-01 1.125928e+01
9.999557e-01 -3.573366e-03 -8.712492e-03 -1.181959e-01 3.515277e-03 9.999716e-01 -6.673488e-03 -1.201359e-01 8.736091e-03 6.642565e-03 9.999398e-01 1.282850e+01
9.999495e-01 -4.498580e-03 -8.991527e-03 -1.661078e-01 4.412790e-03 9.999447e-01 -9.538469e-03 -1.277716e-01 9.033940e-03 9.498308e-03 9.999141e-01 1.436082e+01
9.999563e-01 -4.794525e-03 -8.020934e-03 -2.421806e-01 4.717173e-03 9.999425e-01 -9.635129e-03 -1.607966e-01 8.066668e-03 9.596872e-03 9.999214e-01 1.592272e+01
9.999609e-01 -3.345973e-03 -8.184357e-03 -2.773595e-01 3.278939e-03 9.999611e-01 -8.190225e-03 -2.024193e-01 8.211442e-03 8.163069e-03 9.999329e-01 1.752595e+01
9.999985e-01 -5.557749e-04 -1.638246e-03 -4.281255e-01 5.430136e-04 9.999696e-01 -7.779830e-03 -2.476732e-01 1.642520e-03 7.778929e-03 9.999684e-01 2.012429e+01
9.999987e-01 7.452671e-04 -1.425938e-03 -4.196125e-01 -7.550286e-04 9.999762e-01 -6.857385e-03 -2.835140e-01 1.420793e-03 6.858453e-03 9.999754e-01 2.197668e+01
9.999994e-01 -2.819686e-04 -1.052591e-03 -4.246522e-01 2.738315e-04 9.999701e-01 -7.722715e-03 -3.133339e-01 1.054737e-03 7.722422e-03 9.999696e-01 2.380165e+01
9.999964e-01 3.956663e-04 -2.644580e-03 -4.110710e-01 -4.166245e-04 9.999685e-01 -7.929122e-03 -3.433496e-01 2.641359e-03 7.930195e-03 9.999651e-01 2.547980e+01
9.999955e-01 1.026413e-03 -2.803980e-03 -4.634321e-01 -1.048705e-03 9.999678e-01 -7.960283e-03 -3.730660e-01 2.795720e-03 7.963189e-03 9.999644e-01 2.707205e+01
9.999958e-01 1.067482e-03 -2.681235e-03 -4.922065e-01 -1.084582e-03 9.999790e-01 -6.384314e-03 -4.083882e-01 2.674363e-03 6.387196e-03 9.999760e-01 2.866838e+01
9.999946e-01 -5.501727e-04 -3.222051e-03 -5.008886e-01 5.245475e-04 9.999683e-01 -7.948515e-03 -4.352241e-01 3.226322e-03 7.946783e-03 9.999632e-01 3.023762e+01
9.999969e-01 2.520893e-04 -2.477998e-03 -5.843248e-01 -2.756152e-04 9.999549e-01 -9.498173e-03 -4.699568e-01 2.475492e-03 9.498827e-03 9.999518e-01 3.182363e+01
9.999965e-01 -1.894297e-03 -1.837483e-03 -6.138651e-01 1.875264e-03 9.999452e-01 -1.030505e-02 -4.975735e-01 1.856903e-03 1.030157e-02 9.999452e-01 3.335727e+01
9.999944e-01 -2.585171e-03 -2.113022e-03 -6.177329e-01 2.568895e-03 9.999673e-01 -7.669305e-03 -5.333350e-01 2.132779e-03 7.663834e-03 9.999683e-01 3.489529e+01
9.999891e-01 -4.426314e-03 -1.492516e-03 -6.146322e-01 4.416679e-03 9.999698e-01 -6.397530e-03 -5.685093e-01 1.520789e-03 6.390868e-03 9.999784e-01 3.642260e+01
9.999861e-01 -4.775846e-03 -2.259555e-03 -6.205217e-01 4.759306e-03 9.999623e-01 -7.269788e-03 -5.994332e-01 2.294190e-03 7.258933e-03 9.999710e-01 3.782353e+01
9.999872e-01 -4.572217e-03 -2.134530e-03 -6.195024e-01 4.549235e-03 9.999329e-01 -1.065033e-02 -6.180692e-01 2.183082e-03 1.064048e-02 9.999410e-01 3.923772e+01
9.999923e-01 -3.907057e-03 -5.331205e-04 -6.306388e-01 3.899670e-03 9.999050e-01 -1.321600e-02 -6.403701e-01 5.847055e-04 1.321382e-02 9.999125e-01 4.072279e+01
9.999971e-01 -2.352715e-03 -4.136096e-04 -6.217657e-01 2.346342e-03 9.998879e-01 -1.478734e-02 -6.737298e-01 4.483536e-04 1.478633e-02 9.998906e-01 4.210941e+01
9.999942e-01 -3.232365e-03 -1.076274e-03 -5.989208e-01 3.217007e-03 9.998971e-01 -1.397742e-02 -7.096016e-01 1.121343e-03 1.397388e-02 9.999017e-01 4.345335e+01
9.999956e-01 -2.284005e-03 -1.872285e-03 -5.477040e-01 2.258187e-03 9.999039e-01 -1.367754e-02 -7.338617e-01 1.903345e-03 1.367325e-02 9.999047e-01 4.479928e+01
9.999938e-01 -3.514925e-03 2.614465e-04 -5.644799e-01 3.518130e-03 9.999029e-01 -1.348254e-02 -7.683492e-01 -2.140310e-04 1.348337e-02 9.999090e-01 4.612327e+01
9.999937e-01 -3.452203e-03 8.223740e-04 -5.427760e-01 3.462770e-03 9.999067e-01 -1.321483e-02 -8.054531e-01 -7.766770e-04 1.321760e-02 9.999123e-01 4.746448e+01
9.999890e-01 -3.805035e-03 2.738996e-03 -5.137216e-01 3.842811e-03 9.998957e-01 -1.392107e-02 -8.428332e-01 -2.685740e-03 1.393144e-02 9.998993e-01 4.878846e+01
9.999808e-01 -4.083391e-03 4.660146e-03 -4.820315e-01 4.156786e-03 9.998658e-01 -1.584985e-02 -8.812078e-01 -4.594800e-03 1.586892e-02 9.998635e-01 5.010663e+01
9.999695e-01 -3.002628e-03 7.204851e-03 -4.823789e-01 3.130697e-03 9.998361e-01 -1.783041e-02 -9.194946e-01 -7.150133e-03 1.785243e-02 9.998150e-01 5.135013e+01
9.999653e-01 -2.163886e-03 8.045158e-03 -4.452714e-01 2.304792e-03 9.998434e-01 -1.754666e-02 -9.562841e-01 -8.005929e-03 1.756459e-02 9.998137e-01 5.251046e+01
9.999321e-01 -1.383982e-03 1.157096e-02 -4.021785e-01 1.586040e-03 9.998461e-01 -1.747153e-02 -9.991453e-01 -1.154500e-02 1.748869e-02 9.997804e-01 5.373854e+01
9.998597e-01 8.684798e-04 1.672697e-02 -3.884780e-01 -5.576289e-04 9.998272e-01 -1.857952e-02 -1.036440e+00 -1.674021e-02 1.856759e-02 9.996874e-01 5.496189e+01
9.997314e-01 2.121938e-03 2.307935e-02 -3.713477e-01 -1.689227e-03 9.998227e-01 -1.875219e-02 -1.075541e+00 -2.311505e-02 1.870817e-02 9.995577e-01 5.614461e+01
9.995506e-01 3.215198e-03 2.980453e-02 -3.451558e-01 -2.675635e-03 9.998322e-01 -1.812563e-02 -1.113330e+00 -2.985780e-02 1.803773e-02 9.993914e-01 5.729104e+01
9.992818e-01 5.449494e-03 3.749949e-02 -3.054534e-01 -4.793647e-03 9.998344e-01 -1.755723e-02 -1.150238e+00 -3.758896e-02 1.736486e-02 9.991424e-01 5.843556e+01
9.988219e-01 7.628240e-03 4.792443e-02 -2.500608e-01 -6.785796e-03 9.998200e-01 -1.771675e-02 -1.188308e+00 -4.805095e-02 1.737067e-02 9.986938e-01 5.957185e+01
9.980964e-01 9.852435e-03 6.088052e-02 -1.960866e-01 -8.790539e-03 9.998050e-01 -1.768560e-02 -1.221430e+00 -6.104289e-02 1.711676e-02 9.979883e-01 6.067152e+01
9.971219e-01 1.222025e-02 7.482402e-02 -1.787457e-02 -1.106840e-02 9.998141e-01 -1.578946e-02 -1.265416e+00 -7.500307e-02 1.491583e-02 9.970717e-01 6.195353e+01
9.957482e-01 1.240735e-02 9.127728e-02 9.338868e-02 -1.106122e-02 9.998227e-01 -1.523881e-02 -1.301049e+00 -9.145016e-02 1.416438e-02 9.957089e-01 6.306850e+01
9.940413e-01 1.300491e-02 1.082259e-01 2.680721e-01 -1.148183e-02 9.998263e-01 -1.468448e-02 -1.347031e+00 -1.083980e-01 1.335435e-02 9.940179e-01 6.431510e+01
9.918178e-01 1.180641e-02 1.271143e-01 3.931184e-01 -9.789534e-03 9.998163e-01 -1.647972e-02 -1.372911e+00 -1.272855e-01 1.510049e-02 9.917512e-01 6.525381e+01
9.888428e-01 8.300494e-03 1.487309e-01 4.640614e-01 -5.858634e-03 9.998409e-01 -1.684859e-02 -1.401940e+00 -1.488471e-01 1.578925e-02 9.887342e-01 6.622506e+01
9.855158e-01 5.112408e-03 1.695066e-01 6.671374e-01 -2.829370e-03 9.999021e-01 -1.370754e-02 -1.443119e+00 -1.695601e-01 1.302940e-02 9.854337e-01 6.720606e+01
9.811954e-01 -1.541827e-03 1.930110e-01 7.830313e-01 4.084460e-03 9.999101e-01 -1.277629e-02 -1.472070e+00 -1.929739e-01 1.332439e-02 9.811134e-01 6.820022e+01
9.765178e-01 -7.142204e-03 2.153184e-01 1.048451e+00 1.014008e-02 9.998664e-01 -1.282157e-02 -1.506450e+00 -2.151981e-01 1.470384e-02 9.764597e-01 6.921729e+01
9.710377e-01 -1.352922e-02 2.385427e-01 1.369033e+00 1.726059e-02 9.997591e-01 -1.356036e-02 -1.539529e+00 -2.383018e-01 1.728501e-02 9.710373e-01 7.028967e+01
9.639637e-01 -1.819666e-02 2.654108e-01 1.587187e+00 2.259569e-02 9.996531e-01 -1.353030e-02 -1.562320e+00 -2.650725e-01 1.903986e-02 9.640405e-01 7.125799e+01
9.562824e-01 -2.108937e-02 2.916835e-01 1.911036e+00 2.522548e-02 9.996274e-01 -1.042625e-02 -1.591334e+00 -2.913549e-01 1.732829e-02 9.564581e-01 7.225123e+01
9.471796e-01 -2.494055e-02 3.197322e-01 2.184722e+00 2.910681e-02 9.995422e-01 -8.257686e-03 -1.612700e+00 -3.193799e-01 1.712790e-02 9.474720e-01 7.313832e+01
9.375253e-01 -2.803876e-02 3.467855e-01 2.537557e+00 3.301325e-02 9.994193e-01 -8.444075e-03 -1.636521e+00 -3.463473e-01 1.936505e-02 9.379064e-01 7.404822e+01
9.265593e-01 -2.874733e-02 3.750485e-01 2.923893e+00 3.578961e-02 9.992894e-01 -1.182325e-02 -1.662831e+00 -3.744421e-01 2.437779e-02 9.269298e-01 7.496873e+01
9.149203e-01 -3.055993e-02 4.024760e-01 3.358585e+00 4.051090e-02 9.990472e-01 -1.623312e-02 -1.690886e+00 -4.015965e-01 3.115668e-02 9.152866e-01 7.585847e+01
9.023871e-01 -3.301768e-02 4.296596e-01 3.869653e+00 4.505817e-02 9.988244e-01 -1.787704e-02 -1.717468e+00 -4.285643e-01 3.549169e-02 9.028140e-01 7.676115e+01
8.885475e-01 -3.387641e-02 4.575323e-01 4.390168e+00 4.531125e-02 9.988742e-01 -1.403820e-02 -1.743219e+00 -4.565416e-01 3.320497e-02 8.890822e-01 7.761769e+01
8.726960e-01 -3.279834e-02 4.871611e-01 4.938121e+00 4.186627e-02 9.990933e-01 -7.734444e-03 -1.767989e+00 -4.864657e-01 2.714543e-02 8.732779e-01 7.850221e+01
8.541948e-01 -3.275798e-02 5.189202e-01 5.264116e+00 4.072662e-02 9.991624e-01 -3.965789e-03 -1.784252e+00 -5.183557e-01 2.452142e-02 8.548135e-01 7.912570e+01
8.352497e-01 -2.762199e-02 5.491766e-01 5.889193e+00 3.808761e-02 9.992450e-01 -7.668811e-03 -1.809581e+00 -5.485502e-01 2.732220e-02 8.356711e-01 7.995175e+01
8.153294e-01 -2.098220e-02 5.786171e-01 6.520956e+00 3.562194e-02 9.992679e-01 -1.395876e-02 -1.829257e+00 -5.779005e-01 3.199244e-02 8.154799e-01 8.074308e+01
7.947834e-01 -1.947417e-02 6.065808e-01 7.085026e+00 3.614884e-02 9.992296e-01 -1.528458e-02 -1.849793e+00 -6.058158e-01 3.407512e-02 7.948750e-01 8.142808e+01
7.732543e-01 -2.188362e-02 6.337183e-01 7.653450e+00 3.803622e-02 9.992054e-01 -1.190662e-02 -1.867777e+00 -6.329542e-01 3.331110e-02 7.734722e-01 8.207957e+01
7.508174e-01 -2.332224e-02 6.600980e-01 8.298201e+00 3.995252e-02 9.991501e-01 -1.014186e-02 -1.899766e+00 -6.593005e-01 3.398726e-02 7.511110e-01 8.274711e+01
7.273694e-01 -2.215102e-02 6.858885e-01 8.970245e+00 4.117345e-02 9.990870e-01 -1.139765e-02 -1.926379e+00 -6.850099e-01 3.653070e-02 7.276174e-01 8.345287e+01
7.039060e-01 -1.988740e-02 7.100147e-01 9.722322e+00 4.168639e-02 9.990416e-01 -1.334474e-02 -1.942588e+00 -7.090688e-01 3.899138e-02 7.040604e-01 8.409101e+01
6.789086e-01 -1.731671e-02 7.340185e-01 1.032381e+01 4.106677e-02 9.990524e-01 -1.441419e-02 -1.953857e+00 -7.330734e-01 3.992969e-02 6.789765e-01 8.462246e+01
6.533154e-01 -1.630750e-02 7.569102e-01 1.109493e+01 4.222077e-02 9.989969e-01 -1.491899e-02 -1.976696e+00 -7.559077e-01 4.170413e-02 6.533486e-01 8.521937e+01
6.269913e-01 -1.057258e-02 7.789546e-01 1.189482e+01 4.183062e-02 9.989223e-01 -2.011189e-02 -2.006076e+00 -7.779024e-01 4.519413e-02 6.267578e-01 8.578073e+01
6.003262e-01 -1.744242e-03 7.997533e-01 1.267581e+01 4.178942e-02 9.986999e-01 -2.919064e-02 -2.028719e+00 -7.986627e-01 5.094513e-02 5.996186e-01 8.627055e+01
5.731443e-01 6.313865e-03 8.194302e-01 1.346201e+01 4.143661e-02 9.984677e-01 -3.667592e-02 -2.055933e+00 -8.184062e-01 5.497500e-02 5.720044e-01 8.675073e+01
5.437554e-01 1.122750e-02 8.391687e-01 1.421498e+01 3.958330e-02 9.984546e-01 -3.900739e-02 -2.088023e+00 -8.383098e-01 5.442754e-02 5.424706e-01 8.722040e+01
5.149232e-01 1.055139e-02 8.571714e-01 1.503852e+01 3.888408e-02 9.986076e-01 -3.565100e-02 -2.125704e+00 -8.563539e-01 5.168785e-02 5.137960e-01 8.765230e+01
4.852685e-01 9.385839e-03 8.743148e-01 1.592236e+01 3.493726e-02 9.989357e-01 -3.011479e-02 -2.161223e+00 -8.736669e-01 4.515992e-02 4.844241e-01 8.808340e+01
4.534119e-01 1.120547e-02 8.912307e-01 1.673196e+01 3.101769e-02 9.991169e-01 -2.834212e-02 -2.193406e+00 -8.907613e-01 4.049457e-02 4.526639e-01 8.846167e+01
4.207592e-01 1.474486e-02 9.070525e-01 1.759959e+01 2.492782e-02 9.993024e-01 -2.780786e-02 -2.224501e+00 -9.068298e-01 3.431125e-02 4.200981e-01 8.882638e+01
3.873870e-01 1.658183e-02 9.217681e-01 1.858045e+01 1.984416e-02 9.994566e-01 -2.631919e-02 -2.256960e+00 -9.217036e-01 2.848742e-02 3.868474e-01 8.922107e+01
3.543410e-01 1.687043e-02 9.349641e-01 1.946258e+01 1.720947e-02 9.995503e-01 -2.455802e-02 -2.283764e+00 -9.349579e-01 2.479215e-02 3.538913e-01 8.947507e+01
3.208564e-01 1.626499e-02 9.469883e-01 2.037184e+01 1.652071e-02 9.996043e-01 -2.276621e-02 -2.311688e+00 -9.469839e-01 2.294961e-02 3.204607e-01 8.972276e+01
2.873086e-01 1.607316e-02 9.577033e-01 2.139317e+01 1.737575e-02 9.996072e-01 -2.198912e-02 -2.339164e+00 -9.576805e-01 2.295847e-02 2.869165e-01 8.997793e+01
2.549977e-01 1.531388e-02 9.668204e-01 2.232181e+01 2.013974e-02 9.995736e-01 -2.114450e-02 -2.359462e+00 -9.667319e-01 2.486331e-02 2.545805e-01 9.014945e+01
2.225476e-01 1.387395e-02 9.748231e-01 2.329828e+01 2.752705e-02 9.994107e-01 -2.050819e-02 -2.391391e+00 -9.745331e-01 3.139805e-02 2.220345e-01 9.030101e+01
1.899342e-01 1.694356e-02 9.816507e-01 2.429160e+01 3.030837e-02 9.992734e-01 -2.311194e-02 -2.424970e+00 -9.813289e-01 3.414198e-02 1.892827e-01 9.046185e+01
1.594850e-01 2.186529e-02 9.869582e-01 2.534945e+01 3.110658e-02 9.991469e-01 -2.716191e-02 -2.452689e+00 -9.867101e-01 3.503281e-02 1.586688e-01 9.059824e+01
1.306441e-01 2.550056e-02 9.911013e-01 2.630630e+01 3.730278e-02 9.988349e-01 -3.061668e-02 -2.483475e+00 -9.907273e-01 4.097072e-02 1.295406e-01 9.069795e+01
1.051064e-01 2.396542e-02 9.941722e-01 2.723294e+01 3.932256e-02 9.988276e-01 -2.823493e-02 -2.514329e+00 -9.936833e-01 4.206106e-02 1.040407e-01 9.075871e+01
8.434635e-02 2.094383e-02 9.962164e-01 2.829245e+01 4.050285e-02 9.988807e-01 -2.442908e-02 -2.546503e+00 -9.956130e-01 4.241010e-02 8.340365e-02 9.080711e+01
6.411427e-02 1.863776e-02 9.977686e-01 2.930036e+01 4.027327e-02 9.989628e-01 -2.124794e-02 -2.573888e+00 -9.971297e-01 4.154570e-02 6.329721e-02 9.088722e+01
4.728311e-02 2.148691e-02 9.986504e-01 3.031704e+01 4.172607e-02 9.988534e-01 -2.346689e-02 -2.607843e+00 -9.980097e-01 4.277935e-02 4.633230e-02 9.091385e+01
3.271693e-02 2.608469e-02 9.991242e-01 3.131919e+01 4.462162e-02 9.986245e-01 -2.753280e-02 -2.636863e+00 -9.984680e-01 4.548332e-02 3.150797e-02 9.092790e+01
1.959282e-02 3.075687e-02 9.993349e-01 3.231826e+01 4.924574e-02 9.982838e-01 -3.169003e-02 -2.673135e+00 -9.985946e-01 4.983389e-02 1.804453e-02 9.095422e+01
1.034546e-02 3.309345e-02 9.993989e-01 3.336568e+01 5.474631e-02 9.979344e-01 -3.361169e-02 -2.714182e+00 -9.984469e-01 5.506113e-02 8.512318e-03 9.098852e+01
3.955781e-03 3.918191e-02 9.992244e-01 3.435522e+01 5.886257e-02 9.974903e-01 -3.934696e-02 -2.752441e+00 -9.982584e-01 5.897256e-02 1.639485e-03 9.098922e+01
-6.650686e-04 4.368955e-02 9.990451e-01 3.538554e+01 6.062294e-02 9.972094e-01 -4.356893e-02 -2.800923e+00 -9.981607e-01 6.053607e-02 -3.311872e-03 9.100578e+01
-3.437638e-03 4.755538e-02 9.988629e-01 3.641406e+01 6.222002e-02 9.969434e-01 -4.724988e-02 -2.853616e+00 -9.980567e-01 6.198683e-02 -6.386042e-03 9.098209e+01
-6.509662e-03 5.033931e-02 9.987110e-01 3.744668e+01 6.241884e-02 9.968050e-01 -4.983639e-02 -2.910180e+00 -9.980288e-01 6.201396e-02 -9.631038e-03 9.097396e+01
-8.985519e-03 5.416062e-02 9.984919e-01 3.844635e+01 6.345083e-02 9.965507e-01 -5.348434e-02 -2.967968e+00 -9.979446e-01 6.287455e-02 -1.239109e-02 9.095402e+01
-1.241970e-02 5.718980e-02 9.982861e-01 3.945633e+01 6.429563e-02 9.963427e-01 -5.627857e-02 -3.030989e+00 -9.978536e-01 6.348647e-02 -1.605129e-02 9.096901e+01
-1.383603e-02 5.919705e-02 9.981505e-01 4.055803e+01 6.669588e-02 9.960775e-01 -5.814959e-02 -3.095042e+00 -9.976774e-01 6.576796e-02 -1.773000e-02 9.094711e+01
-1.561558e-02 5.849523e-02 9.981656e-01 4.167791e+01 6.654809e-02 9.961345e-01 -5.733511e-02 -3.159863e+00 -9.976611e-01 6.553069e-02 -1.944792e-02 9.090939e+01
-1.731431e-02 5.852564e-02 9.981359e-01 4.280877e+01 6.590866e-02 9.961810e-01 -5.726774e-02 -3.228170e+00 -9.976755e-01 6.479425e-02 -2.110553e-02 9.088789e+01
-2.008438e-02 6.005029e-02 9.979934e-01 4.381493e+01 6.449884e-02 9.961932e-01 -5.864396e-02 -3.284550e+00 -9.977158e-01 6.319159e-02 -2.388108e-02 9.086205e+01
-2.259445e-02 6.214909e-02 9.978111e-01 4.488795e+01 6.295977e-02 9.961733e-01 -6.062141e-02 -3.348879e+00 -9.977603e-01 6.145224e-02 -2.642095e-02 9.083505e+01
-2.556407e-02 6.550273e-02 9.975250e-01 4.587585e+01 6.120293e-02 9.960817e-01 -6.383950e-02 -3.406796e+00 -9.977981e-01 5.941946e-02 -2.947283e-02 9.078818e+01
-2.790582e-02 6.996100e-02 9.971594e-01 4.694471e+01 5.774903e-02 9.959946e-01 -6.826317e-02 -3.474057e+00 -9.979411e-01 5.568005e-02 -3.183424e-02 9.074256e+01
-3.138971e-02 7.446739e-02 9.967294e-01 4.805423e+01 5.462283e-02 9.958583e-01 -7.268209e-02 -3.558493e+00 -9.980137e-01 5.216271e-02 -3.532732e-02 9.076174e+01
-3.494179e-02 7.775176e-02 9.963602e-01 4.917583e+01 5.199561e-02 9.957603e-01 -7.588149e-02 -3.632356e+00 -9.980358e-01 4.915493e-02 -3.883636e-02 9.077580e+01
-3.740585e-02 7.608791e-02 9.963992e-01 5.025976e+01 4.921952e-02 9.960271e-01 -7.421175e-02 -3.713576e+00 -9.980873e-01 4.626634e-02 -4.100227e-02 9.068239e+01
-4.164183e-02 7.232433e-02 9.965115e-01 5.134264e+01 4.676488e-02 9.964246e-01 -7.036383e-02 -3.794178e+00 -9.980376e-01 4.367167e-02 -4.487514e-02 9.067717e+01
-4.539418e-02 7.070474e-02 9.964640e-01 5.239004e+01 4.617462e-02 9.965745e-01 -6.860910e-02 -3.870031e+00 -9.979016e-01 4.289689e-02 -4.850352e-02 9.067189e+01
-4.930985e-02 7.164875e-02 9.962103e-01 5.348081e+01 4.686881e-02 9.964908e-01 -6.934904e-02 -3.948121e+00 -9.976832e-01 4.327160e-02 -5.249500e-02 9.069932e+01
-5.128610e-02 7.413246e-02 9.959288e-01 5.457355e+01 4.834915e-02 9.962561e-01 -7.166705e-02 -4.028738e+00 -9.975129e-01 4.447678e-02 -5.467832e-02 9.066959e+01
-5.270600e-02 7.728613e-02 9.956148e-01 5.564656e+01 4.865297e-02 9.960154e-01 -7.474162e-02 -4.105727e+00 -9.974241e-01 4.450029e-02 -5.625618e-02 9.063369e+01
-5.418456e-02 7.797040e-02 9.954823e-01 5.677365e+01 4.745080e-02 9.960214e-01 -7.542988e-02 -4.192876e+00 -9.974030e-01 4.314929e-02 -5.766881e-02 9.060950e+01
-5.451179e-02 7.751233e-02 9.955000e-01 5.784704e+01 4.354536e-02 9.962184e-01 -7.518380e-02 -4.274093e+00 -9.975631e-01 3.925100e-02 -5.768085e-02 9.056114e+01
-5.556774e-02 7.712760e-02 9.954715e-01 5.893448e+01 4.004900e-02 9.963818e-01 -7.496256e-02 -4.363836e+00 -9.976514e-01 3.570213e-02 -5.845559e-02 9.054919e+01
-5.640471e-02 7.819159e-02 9.953416e-01 6.006944e+01 3.481681e-02 9.964762e-01 -7.630772e-02 -4.446463e+00 -9.978009e-01 3.035051e-02 -5.892837e-02 9.049371e+01
-5.789196e-02 7.882169e-02 9.952064e-01 6.122053e+01 3.141433e-02 9.965284e-01 -7.709901e-02 -4.536088e+00 -9.978285e-01 2.680033e-02 -6.016719e-02 9.049349e+01
-5.850828e-02 7.857776e-02 9.951896e-01 6.244562e+01 2.724538e-02 9.966517e-01 -7.709143e-02 -4.635751e+00 -9.979150e-01 2.260384e-02 -6.045330e-02 9.041414e+01
-5.989468e-02 7.343927e-02 9.954995e-01 6.359854e+01 2.702466e-02 9.970437e-01 -7.192724e-02 -4.720699e+00 -9.978388e-01 2.259498e-02 -6.170225e-02 9.039197e+01
-6.175721e-02 6.496007e-02 9.959750e-01 6.470045e+01 3.051631e-02 9.975361e-01 -6.316967e-02 -4.801692e+00 -9.976246e-01 2.649230e-02 -6.358743e-02 9.036833e+01
-6.211913e-02 5.894712e-02 9.963265e-01 6.589955e+01 3.637231e-02 9.977250e-01 -5.676211e-02 -4.885463e+00 -9.974058e-01 3.271269e-02 -6.412184e-02 9.029500e+01
-6.345677e-02 6.147269e-02 9.960897e-01 6.693906e+01 4.449624e-02 9.972828e-01 -5.871167e-02 -4.948345e+00 -9.969923e-01 4.059660e-02 -6.601965e-02 9.026702e+01
-6.347728e-02 6.707060e-02 9.957269e-01 6.810130e+01 4.969739e-02 9.967137e-01 -6.396886e-02 -5.016280e+00 -9.967450e-01 4.542445e-02 -6.660187e-02 9.020586e+01
-6.356585e-02 7.240744e-02 9.953475e-01 6.927083e+01 5.261097e-02 9.962207e-01 -6.911108e-02 -5.095415e+00 -9.965900e-01 4.797310e-02 -6.713510e-02 9.013094e+01
-6.334221e-02 7.687866e-02 9.950264e-01 7.043484e+01 5.296197e-02 9.958825e-01 -7.357331e-02 -5.182536e+00 -9.965855e-01 4.803826e-02 -6.715310e-02 9.004808e+01
-6.442606e-02 7.396001e-02 9.951781e-01 7.158141e+01 4.946614e-02 9.962605e-01 -7.083812e-02 -5.265170e+00 -9.966959e-01 4.466380e-02 -6.784368e-02 8.998644e+01
-6.587291e-02 7.094020e-02 9.953031e-01 7.265185e+01 5.056943e-02 9.964252e-01 -6.767330e-02 -5.343808e+00 -9.965458e-01 4.587407e-02 -6.922483e-02 8.998445e+01
-6.715894e-02 6.874683e-02 9.953710e-01 7.394921e+01 4.835644e-02 9.966753e-01 -6.557425e-02 -5.427171e+00 -9.965698e-01 4.372870e-02 -7.026005e-02 8.992299e+01
-6.842422e-02 7.008498e-02 9.951916e-01 7.523247e+01 4.737689e-02 9.966323e-01 -6.692906e-02 -5.512362e+00 -9.965308e-01 4.256952e-02 -7.151413e-02 8.986819e+01
-6.979311e-02 7.588850e-02 9.946707e-01 7.648786e+01 4.674908e-02 9.962555e-01 -7.272916e-02 -5.590991e+00 -9.964655e-01 4.142395e-02 -7.307947e-02 8.979203e+01
-6.893253e-02 7.919936e-02 9.944726e-01 7.770804e+01 4.404925e-02 9.961132e-01 -7.627672e-02 -5.674616e+00 -9.966484e-01 3.854783e-02 -7.215321e-02 8.968119e+01
-6.796515e-02 7.790716e-02 9.946412e-01 7.903748e+01 4.643547e-02 9.961131e-01 -7.484945e-02 -5.780999e+00 -9.966065e-01 4.109947e-02 -7.131863e-02 8.959663e+01
-7.004976e-02 7.181483e-02 9.949551e-01 8.019369e+01 4.719932e-02 9.965267e-01 -6.860520e-02 -5.866255e+00 -9.964262e-01 4.215542e-02 -7.319605e-02 8.955700e+01
-6.985128e-02 7.126595e-02 9.950085e-01 8.139344e+01 4.694378e-02 9.965746e-01 -6.808259e-02 -5.956251e+00 -9.964522e-01 4.195380e-02 -7.295752e-02 8.945087e+01
-7.086241e-02 7.489099e-02 9.946707e-01 8.263860e+01 4.313783e-02 9.964747e-01 -7.195359e-02 -6.037270e+00 -9.965529e-01 3.780914e-02 -7.384324e-02 8.939588e+01
-7.179821e-02 7.779028e-02 9.943811e-01 8.388137e+01 4.301511e-02 9.962680e-01 -7.483204e-02 -6.129013e+00 -9.964912e-01 3.740060e-02 -7.487643e-02 8.933365e+01
-7.267439e-02 7.761843e-02 9.943308e-01 8.522142e+01 4.226052e-02 9.963114e-01 -7.468427e-02 -6.229014e+00 -9.964600e-01 3.659331e-02 -7.568645e-02 8.928393e+01
-7.425559e-02 7.480631e-02 9.944296e-01 8.649986e+01 4.186846e-02 9.965371e-01 -7.183848e-02 -6.322428e+00 -9.963600e-01 3.630082e-02 -7.713044e-02 8.923266e+01
-7.434022e-02 7.350700e-02 9.945201e-01 8.771748e+01 4.215449e-02 9.966199e-01 -7.051115e-02 -6.420612e+00 -9.963416e-01 3.668167e-02 -7.718754e-02 8.914399e+01
-7.482946e-02 7.445846e-02 9.944127e-01 8.896600e+01 4.351091e-02 9.965025e-01 -7.134075e-02 -6.508939e+00 -9.962466e-01 3.792940e-02 -7.780743e-02 8.908304e+01
-7.489312e-02 7.538472e-02 9.943382e-01 9.020123e+01 4.507829e-02 9.963750e-01 -7.214388e-02 -6.594971e+00 -9.961723e-01 3.941999e-02 -7.801986e-02 8.900163e+01
-7.523942e-02 7.493159e-02 9.943462e-01 9.141716e+01 4.490167e-02 9.964158e-01 -7.168997e-02 -6.691364e+00 -9.961541e-01 3.925389e-02 -7.833433e-02 8.892377e+01
-7.604432e-02 7.598920e-02 9.942047e-01 9.262562e+01 4.732158e-02 9.962433e-01 -7.252551e-02 -6.779343e+00 -9.959809e-01 4.153219e-02 -7.935452e-02 8.888531e+01
-7.691503e-02 7.501169e-02 9.942120e-01 9.390770e+01 4.821806e-02 9.962789e-01 -7.143737e-02 -6.869565e+00 -9.958711e-01 4.244436e-02 -8.024573e-02 8.883517e+01
-7.576036e-02 7.461331e-02 9.943305e-01 9.522221e+01 4.711942e-02 9.963503e-01 -7.117473e-02 -6.960304e+00 -9.960121e-01 4.146006e-02 -7.899952e-02 8.876799e+01
-7.578981e-02 7.473761e-02 9.943190e-01 9.643588e+01 4.793886e-02 9.963070e-01 -7.123301e-02 -7.053224e+00 -9.959708e-01 4.226779e-02 -7.909274e-02 8.867491e+01
-7.459390e-02 7.562117e-02 9.943426e-01 9.771348e+01 4.523219e-02 9.963509e-01 -7.238066e-02 -7.150813e+00 -9.961876e-01 3.957714e-02 -7.774210e-02 8.857448e+01
-7.426107e-02 7.870281e-02 9.941283e-01 9.893549e+01 4.540739e-02 9.961138e-01 -7.546807e-02 -7.248332e+00 -9.962046e-01 3.953644e-02 -7.754624e-02 8.848912e+01
-7.564402e-02 7.772926e-02 9.941007e-01 1.002116e+02 4.491477e-02 9.962108e-01 -7.447655e-02 -7.352465e+00 -9.961228e-01 3.901610e-02 -7.884860e-02 8.844951e+01
-7.684445e-02 7.637125e-02 9.941139e-01 1.014962e+02 4.016763e-02 9.964898e-01 -7.344884e-02 -7.448979e+00 -9.962336e-01 3.428706e-02 -7.964230e-02 8.838995e+01
-7.810664e-02 7.802097e-02 9.938875e-01 1.027795e+02 3.700233e-02 9.964730e-01 -7.531604e-02 -7.541765e+00 -9.962582e-01 3.089347e-02 -8.071816e-02 8.831815e+01
-7.831788e-02 7.786294e-02 9.938831e-01 1.040575e+02 3.343176e-02 9.965897e-01 -7.544056e-02 -7.633215e+00 -9.963678e-01 2.731892e-02 -8.065391e-02 8.821368e+01
-7.999587e-02 7.574923e-02 9.939129e-01 1.053234e+02 3.101505e-02 9.968147e-01 -7.347412e-02 -7.735582e+00 -9.963127e-01 2.494864e-02 -8.209038e-02 8.811950e+01
-8.191419e-02 7.497611e-02 9.938152e-01 1.066405e+02 2.937139e-02 9.969148e-01 -7.278905e-02 -7.835195e+00 -9.962065e-01 2.322729e-02 -8.386362e-02 8.803738e+01
-8.307993e-02 7.431774e-02 9.937680e-01 1.079573e+02 2.691179e-02 9.970190e-01 -7.231102e-02 -7.937219e+00 -9.961796e-01 2.073649e-02 -8.483231e-02 8.792208e+01
-8.493936e-02 7.451012e-02 9.935963e-01 1.092170e+02 2.595567e-02 9.970271e-01 -7.254853e-02 -8.034014e+00 -9.960480e-01 1.962723e-02 -8.662081e-02 8.782111e+01
-8.750856e-02 7.288919e-02 9.934936e-01 1.105769e+02 2.512632e-02 9.971637e-01 -7.094528e-02 -8.135530e+00 -9.958468e-01 1.875451e-02 -8.909178e-02 8.772017e+01
-9.019697e-02 6.888708e-02 9.935388e-01 1.118385e+02 2.200838e-02 9.974992e-01 -6.716370e-02 -8.231717e+00 -9.956809e-01 1.580823e-02 -9.148753e-02 8.759538e+01
-9.440839e-02 6.907540e-02 9.931344e-01 1.130940e+02 2.101029e-02 9.975060e-01 -6.738221e-02 -8.324562e+00 -9.953120e-01 1.450460e-02 -9.562421e-02 8.748849e+01
-9.891129e-02 7.520080e-02 9.922507e-01 1.143893e+02 1.633337e-02 9.971287e-01 -7.394233e-02 -8.429869e+00 -9.949622e-01 8.893060e-03 -9.985554e-02 8.735045e+01
-1.057878e-01 7.872894e-02 9.912672e-01 1.156770e+02 1.587424e-02 9.968675e-01 -7.747964e-02 -8.527455e+00 -9.942620e-01 7.539215e-03 -1.067061e-01 8.717616e+01
-1.134716e-01 7.356434e-02 9.908141e-01 1.170773e+02 1.746308e-02 9.972487e-01 -7.204214e-02 -8.640373e+00 -9.933878e-01 9.127933e-03 -1.144441e-01 8.699957e+01
-1.232541e-01 7.159384e-02 9.897893e-01 1.183541e+02 1.954458e-02 9.973759e-01 -6.970879e-02 -8.753344e+00 -9.921827e-01 1.075313e-02 -1.243299e-01 8.680052e+01
-1.368436e-01 7.410206e-02 9.878172e-01 1.195293e+02 2.001511e-02 9.972014e-01 -7.203331e-02 -8.843496e+00 -9.903905e-01 9.913976e-03 -1.379437e-01 8.662897e+01
-1.518801e-01 7.465940e-02 9.855751e-01 1.207364e+02 2.173140e-02 9.971543e-01 -7.218767e-02 -8.934872e+00 -9.881600e-01 1.045405e-02 -1.530704e-01 8.645074e+01
-1.671878e-01 7.294390e-02 9.832230e-01 1.219486e+02 2.143269e-02 9.972926e-01 -7.034329e-02 -9.024974e+00 -9.856921e-01 9.312571e-03 -1.682986e-01 8.625912e+01
-1.817944e-01 7.521038e-02 9.804561e-01 1.233016e+02 2.511740e-02 9.971006e-01 -7.182994e-02 -9.128761e+00 -9.830158e-01 1.156822e-02 -1.831565e-01 8.599248e+01
-1.965170e-01 7.961785e-02 9.772626e-01 1.245060e+02 2.397591e-02 9.967899e-01 -7.638745e-02 -9.214496e+00 -9.802073e-01 8.419322e-03 -1.977952e-01 8.572565e+01
-2.115209e-01 8.382654e-02 9.737721e-01 1.256602e+02 2.279941e-02 9.964673e-01 -8.082780e-02 -9.306547e+00 -9.771076e-01 5.104667e-03 -2.126849e-01 8.545683e+01
-2.268090e-01 8.222423e-02 9.704623e-01 1.269149e+02 1.867253e-02 9.966139e-01 -8.007597e-02 -9.410260e+00 -9.737604e-01 -4.096075e-05 -2.275764e-01 8.514500e+01
-2.422773e-01 7.641689e-02 9.671932e-01 1.280930e+02 1.318807e-02 9.970606e-01 -7.547315e-02 -9.520700e+00 -9.701177e-01 -5.529996e-03 -2.425729e-01 8.483859e+01
-2.573990e-01 7.273442e-02 9.635639e-01 1.292834e+02 9.063583e-03 9.973010e-01 -7.285988e-02 -9.619669e+00 -9.662626e-01 -1.002072e-02 -2.573636e-01 8.451664e+01
-2.721423e-01 7.418868e-02 9.593929e-01 1.305000e+02 6.987696e-03 9.971495e-01 -7.512622e-02 -9.720344e+00 -9.622317e-01 -1.374107e-02 -2.718849e-01 8.416666e+01
-2.854593e-01 7.656949e-02 9.553272e-01 1.317094e+02 6.474121e-03 9.969347e-01 -7.796981e-02 -9.821956e+00 -9.583690e-01 -1.607230e-02 -2.850800e-01 8.377397e+01
-2.983137e-01 7.915871e-02 9.511797e-01 1.329091e+02 7.545195e-03 9.967194e-01 -8.058224e-02 -9.926764e+00 -9.544380e-01 -1.686196e-02 -2.979324e-01 8.336913e+01
-3.108091e-01 7.948209e-02 9.471433e-01 1.341040e+02 9.944579e-03 9.967148e-01 -8.037866e-02 -1.003274e+01 -9.504204e-01 -1.556347e-02 -3.105785e-01 8.294159e+01
-3.249192e-01 7.805154e-02 9.425155e-01 1.352667e+02 9.682669e-03 9.968109e-01 -7.920989e-02 -1.013659e+01 -9.456922e-01 -1.661075e-02 -3.246388e-01 8.255614e+01
-3.387973e-01 7.732940e-02 9.376761e-01 1.364411e+02 9.018135e-03 9.968378e-01 -7.895002e-02 -1.024234e+01 -9.408162e-01 -1.829197e-02 -3.384234e-01 8.211488e+01
-3.531909e-01 7.770044e-02 9.323190e-01 1.376046e+02 6.437742e-03 9.967234e-01 -8.062916e-02 -1.035390e+01 -9.355291e-01 -2.247545e-02 -3.525338e-01 8.165685e+01
-3.676839e-01 8.075837e-02 9.264376e-01 1.386832e+02 8.267924e-03 9.964666e-01 -8.358150e-02 -1.045284e+01 -9.299141e-01 -2.307186e-02 -3.670524e-01 8.122707e+01
-3.823237e-01 8.253796e-02 9.203349e-01 1.397341e+02 9.455477e-03 9.962999e-01 -8.542274e-02 -1.056156e+01 -9.239802e-01 -2.395692e-02 -3.816895e-01 8.077075e+01
-3.961596e-01 8.521862e-02 9.142185e-01 1.408252e+02 1.205372e-02 9.960805e-01 -8.762611e-02 -1.067227e+01 -9.181026e-01 -2.369420e-02 -3.956341e-01 8.025719e+01
-4.101208e-01 8.842427e-02 9.077345e-01 1.418979e+02 1.221554e-02 9.957322e-01 -9.147723e-02 -1.079014e+01 -9.119493e-01 -2.642826e-02 -4.094507e-01 7.973055e+01
-4.241655e-01 9.090141e-02 9.010109e-01 1.430384e+02 1.291700e-02 9.954554e-01 -9.434887e-02 -1.090496e+01 -9.054927e-01 -2.838117e-02 -4.234120e-01 7.915903e+01
-4.377719e-01 8.891432e-02 8.946787e-01 1.440901e+02 1.117621e-02 9.955592e-01 -9.347136e-02 -1.101312e+01 -8.990166e-01 -3.092002e-02 -4.368216e-01 7.858809e+01
-4.526824e-01 8.559539e-02 8.875542e-01 1.451717e+02 8.717338e-03 9.957591e-01 -9.158451e-02 -1.112730e+01 -8.916294e-01 -3.372157e-02 -4.515088e-01 7.800993e+01
-4.680696e-01 8.558119e-02 8.795379e-01 1.462771e+02 7.651425e-03 9.956546e-01 -9.280774e-02 -1.124447e+01 -8.836586e-01 -3.671076e-02 -4.666904e-01 7.739597e+01
-4.849346e-01 8.449504e-02 8.704591e-01 1.474068e+02 6.630612e-03 9.956484e-01 -9.295318e-02 -1.136404e+01 -8.745253e-01 -3.930453e-02 -4.833846e-01 7.680182e+01
-5.002044e-01 8.412419e-02 8.618113e-01 1.484109e+02 6.114294e-03 9.955879e-01 -9.363377e-02 -1.147836e+01 -8.658858e-01 -4.156666e-02 -4.985118e-01 7.617713e+01
-5.162733e-01 8.433159e-02 8.522618e-01 1.494705e+02 5.212026e-03 9.954310e-01 -9.534096e-02 -1.159865e+01 -8.564081e-01 -4.477997e-02 -5.143540e-01 7.554041e+01
-5.312426e-01 8.379891e-02 8.430653e-01 1.505466e+02 4.608683e-03 9.953675e-01 -9.603334e-02 -1.172294e+01 -8.472072e-01 -4.713158e-02 -5.291678e-01 7.484937e+01
-5.469052e-01 8.122119e-02 8.332455e-01 1.515752e+02 4.132225e-03 9.955326e-01 -9.432804e-02 -1.184143e+01 -8.371845e-01 -4.814532e-02 -5.447975e-01 7.414739e+01
-5.624332e-01 7.780151e-02 8.231741e-01 1.526352e+02 4.375705e-03 9.958294e-01 -9.113015e-02 -1.196513e+01 -8.268310e-01 -4.765266e-02 -5.604279e-01 7.342451e+01
-5.774081e-01 7.779674e-02 8.127407e-01 1.536202e+02 5.773892e-03 9.958141e-01 -9.121876e-02 -1.207497e+01 -8.164353e-01 -4.797777e-02 -5.754403e-01 7.271253e+01
-5.916997e-01 7.561768e-02 8.026043e-01 1.546836e+02 4.338406e-03 9.958754e-01 -9.062841e-02 -1.219912e+01 -8.061469e-01 -5.014277e-02 -5.895872e-01 7.191941e+01
-6.057476e-01 7.625155e-02 7.919947e-01 1.557165e+02 2.491867e-03 9.955742e-01 -9.394588e-02 -1.232979e+01 -7.956530e-01 -5.493394e-02 -6.032567e-01 7.105709e+01
-6.210210e-01 7.583120e-02 7.801170e-01 1.567664e+02 6.745250e-04 9.953601e-01 -9.621692e-02 -1.246119e+01 -7.837936e-01 -5.922652e-02 -6.181908e-01 7.023533e+01
-6.377509e-01 7.334001e-02 7.667432e-01 1.577824e+02 -3.707909e-04 9.954272e-01 -9.552234e-02 -1.258740e+01 -7.702427e-01 -6.120375e-02 -6.348073e-01 6.940686e+01
-6.538565e-01 6.651784e-02 7.536892e-01 1.587893e+02 -3.997535e-03 9.958104e-01 -9.135460e-02 -1.271226e+01 -7.566083e-01 -6.274568e-02 -6.508511e-01 6.851589e+01
-6.710294e-01 6.544636e-02 7.385367e-01 1.596654e+02 -3.905824e-03 9.957707e-01 -9.179029e-02 -1.282206e+01 -7.414206e-01 -6.447858e-02 -6.679358e-01 6.773027e+01
-6.909187e-01 6.315833e-02 7.201685e-01 1.606714e+02 -4.584420e-03 9.957737e-01 -9.172695e-02 -1.294085e+01 -7.229181e-01 -6.667740e-02 -6.877091e-01 6.690717e+01
-7.089900e-01 5.992467e-02 7.026682e-01 1.616147e+02 -7.132626e-03 9.957229e-01 -9.211364e-02 -1.306661e+01 -7.051828e-01 -7.031950e-02 -7.055302e-01 6.597865e+01
-7.261615e-01 5.835725e-02 6.850429e-01 1.624881e+02 -6.562159e-03 9.957575e-01 -9.178236e-02 -1.318596e+01 -6.874928e-01 -7.114418e-02 -7.226979e-01 6.505574e+01
-7.431222e-01 6.135753e-02 6.663367e-01 1.633441e+02 -3.100927e-03 9.954607e-01 -9.512216e-02 -1.330939e+01 -6.691486e-01 -7.275365e-02 -7.395588e-01 6.414893e+01
-7.592659e-01 6.089937e-02 6.479247e-01 1.642451e+02 7.860025e-04 9.956970e-01 -9.266590e-02 -1.343938e+01 -6.507800e-01 -6.984880e-02 -7.560467e-01 6.317160e+01
-7.737546e-01 6.279599e-02 6.303657e-01 1.650790e+02 5.395225e-03 9.956919e-01 -9.256672e-02 -1.357561e+01 -6.334628e-01 -6.822295e-02 -7.707599e-01 6.210804e+01
-7.881776e-01 6.385029e-02 6.121269e-01 1.658533e+02 7.397218e-03 9.955148e-01 -9.431638e-02 -1.371051e+01 -6.154035e-01 -6.981002e-02 -7.851148e-01 6.106634e+01
-8.026441e-01 6.552511e-02 5.928485e-01 1.666206e+02 8.489615e-03 9.951017e-01 -9.849063e-02 -1.384283e+01 -5.963982e-01 -7.401983e-02 -7.992688e-01 6.002702e+01
-8.160133e-01 6.560507e-02 5.742981e-01 1.673611e+02 1.154572e-02 9.951900e-01 -9.728059e-02 -1.398318e+01 -5.779179e-01 -7.275157e-02 -8.128458e-01 5.894918e+01
-8.286523e-01 6.427784e-02 5.560609e-01 1.680944e+02 1.329587e-02 9.953650e-01 -9.524542e-02 -1.411280e+01 -5.596057e-01 -7.153203e-02 -8.256662e-01 5.787735e+01
-8.410738e-01 6.347807e-02 5.371827e-01 1.688531e+02 1.231083e-02 9.950795e-01 -9.831181e-02 -1.420173e+01 -5.407802e-01 -7.607433e-02 -8.377168e-01 5.684442e+01
-8.526874e-01 6.197509e-02 5.187324e-01 1.695648e+02 9.823025e-03 9.946649e-01 -1.026897e-01 -1.428702e+01 -5.223292e-01 -8.246669e-02 -8.487470e-01 5.578041e+01
-8.619771e-01 6.053526e-02 5.033200e-01 1.701904e+02 8.943981e-03 9.945063e-01 -1.042939e-01 -1.442460e+01 -5.068684e-01 -8.539725e-02 -8.577831e-01 5.468356e+01
-8.711932e-01 5.921502e-02 4.873562e-01 1.709072e+02 9.612149e-03 9.945664e-01 -1.036598e-01 -1.456879e+01 -4.908463e-01 -8.562315e-02 -8.670286e-01 5.348741e+01
-8.805003e-01 5.727898e-02 4.705721e-01 1.716854e+02 8.767910e-03 9.944712e-01 -1.046431e-01 -1.471358e+01 -4.739643e-01 -8.801239e-02 -8.761345e-01 5.224597e+01
-8.883499e-01 5.548666e-02 4.558027e-01 1.722550e+02 8.869602e-03 9.945602e-01 -1.037851e-01 -1.485349e+01 -4.590819e-01 -8.815467e-02 -8.840096e-01 5.113558e+01
-8.953444e-01 5.269318e-02 4.422465e-01 1.728165e+02 7.452462e-03 9.946100e-01 -1.034189e-01 -1.498538e+01 -4.453123e-01 -8.929970e-02 -8.909111e-01 5.002908e+01
-8.996884e-01 4.829778e-02 4.338524e-01 1.733015e+02 5.139746e-03 9.949637e-01 -1.001040e-01 -1.512970e+01 -4.365022e-01 -8.783252e-02 -8.954055e-01 4.873232e+01
-9.064707e-01 4.428745e-02 4.199399e-01 1.739018e+02 3.725989e-03 9.952851e-01 -9.692135e-02 -1.526386e+01 -4.222523e-01 -8.629167e-02 -9.023618e-01 4.759953e+01
-9.101839e-01 4.524568e-02 4.117263e-01 1.743589e+02 7.080934e-03 9.955704e-01 -9.375237e-02 -1.539619e+01 -4.141444e-01 -8.241647e-02 -9.064724e-01 4.639142e+01
-9.133215e-01 4.920422e-02 4.042558e-01 1.749028e+02 1.114634e-02 9.953224e-01 -9.596366e-02 -1.552998e+01 -4.070867e-01 -8.313971e-02 -9.095979e-01 4.514048e+01
-9.149464e-01 5.557768e-02 3.997301e-01 1.753512e+02 1.776244e-02 9.950579e-01 -9.769426e-02 -1.565788e+01 -4.031843e-01 -8.228484e-02 -9.114120e-01 4.398124e+01
-9.180464e-01 5.936037e-02 3.920042e-01 1.759296e+02 2.197060e-02 9.948258e-01 -9.919077e-02 -1.580525e+01 -3.958639e-01 -8.244915e-02 -9.146005e-01 4.271750e+01
-9.197226e-01 5.657224e-02 3.884715e-01 1.763947e+02 1.955943e-02 9.949366e-01 -9.858264e-02 -1.593259e+01 -3.920816e-01 -8.307038e-02 -9.161721e-01 4.155815e+01
-9.223660e-01 4.922140e-02 3.831685e-01 1.769293e+02 1.377126e-02 9.954088e-01 -9.471885e-02 -1.606996e+01 -3.860715e-01 -8.208875e-02 -9.188091e-01 4.036465e+01
-9.252224e-01 4.309034e-02 3.769707e-01 1.774729e+02 8.486305e-03 9.956319e-01 -9.297911e-02 -1.620399e+01 -3.793305e-01 -8.282726e-02 -9.215466e-01 3.914906e+01
-9.278799e-01 3.686855e-02 3.710523e-01 1.780005e+02 1.967996e-03 9.955702e-01 -9.400069e-02 -1.633702e+01 -3.728742e-01 -8.649112e-02 -9.238421e-01 3.793148e+01
-9.293818e-01 3.510232e-02 3.674468e-01 1.784657e+02 -6.015832e-04 9.953226e-01 -9.660509e-02 -1.646317e+01 -3.691192e-01 -9.000407e-02 -9.250137e-01 3.677569e+01
-9.301726e-01 3.607816e-02 3.653456e-01 1.788899e+02 -5.917385e-04 9.950109e-01 -9.976465e-02 -1.658391e+01 -3.671222e-01 -9.301453e-02 -9.255105e-01 3.565752e+01
-9.309908e-01 3.665694e-02 3.631974e-01 1.794024e+02 -6.058736e-04 9.947888e-01 -1.019555e-01 -1.672369e+01 -3.650421e-01 -9.513970e-02 -9.261169e-01 3.441375e+01
-9.313509e-01 3.986328e-02 3.619341e-01 1.799124e+02 2.392477e-03 9.946377e-01 -1.033925e-01 -1.687020e+01 -3.641149e-01 -9.542882e-02 -9.264522e-01 3.317970e+01
-9.309968e-01 4.228557e-02 3.625700e-01 1.804139e+02 3.671996e-03 9.943023e-01 -1.065340e-01 -1.700738e+01 -3.650090e-01 -9.785143e-02 -9.258474e-01 3.197919e+01
-9.306226e-01 4.256297e-02 3.634973e-01 1.809006e+02 2.773495e-03 9.940060e-01 -1.092904e-01 -1.715648e+01 -3.659703e-01 -1.006999e-01 -9.251624e-01 3.074887e+01
-9.300287e-01 4.259999e-02 3.650097e-01 1.813890e+02 2.280774e-03 9.939083e-01 -1.101869e-01 -1.729997e+01 -3.674801e-01 -1.016445e-01 -9.244603e-01 2.953837e+01
-9.293686e-01 4.275258e-02 3.666696e-01 1.819073e+02 2.283084e-03 9.939178e-01 -1.101011e-01 -1.747010e+01 -3.691466e-01 -1.014873e-01 -9.238136e-01 2.826274e+01
-9.282887e-01 4.215495e-02 3.694631e-01 1.824200e+02 8.649263e-04 9.937958e-01 -1.112168e-01 -1.761288e+01 -3.718593e-01 -1.029217e-01 -9.225658e-01 2.707084e+01
-9.264855e-01 4.026312e-02 3.741707e-01 1.828789e+02 -1.001455e-03 9.939929e-01 -1.094396e-01 -1.776002e+01 -3.763294e-01 -1.017689e-01 -9.208797e-01 2.588803e+01
-9.251001e-01 3.773034e-02 3.778447e-01 1.834357e+02 -3.245938e-03 9.942292e-01 -1.072277e-01 -1.791571e+01 -3.797100e-01 -1.004228e-01 -9.196390e-01 2.466517e+01
-9.232965e-01 3.479456e-02 3.825087e-01 1.839404e+02 -6.129173e-03 9.944267e-01 -1.052517e-01 -1.805371e+01 -3.840390e-01 -9.952299e-02 -9.179375e-01 2.353773e+01
-9.201752e-01 3.611767e-02 3.898372e-01 1.844812e+02 -5.494803e-03 9.944461e-01 -1.051035e-01 -1.821513e+01 -3.914682e-01 -9.885571e-02 -9.148662e-01 2.226812e+01
-9.166007e-01 3.652590e-02 3.981321e-01 1.849905e+02 -6.061919e-03 9.944338e-01 -1.051886e-01 -1.836196e+01 -3.997582e-01 -9.882935e-02 -9.112773e-01 2.111906e+01
-9.130102e-01 3.762700e-02 4.061979e-01 1.855595e+02 -7.822899e-03 9.939390e-01 -1.096543e-01 -1.850389e+01 -4.078619e-01 -1.032931e-01 -9.071822e-01 1.986082e+01
-9.085677e-01 3.875385e-02 4.159365e-01 1.860966e+02 -8.049283e-03 9.938785e-01 -1.101849e-01 -1.864092e+01 -4.176604e-01 -1.034584e-01 -9.026939e-01 1.869573e+01
-9.029496e-01 4.121305e-02 4.277659e-01 1.866606e+02 -7.660327e-03 9.936892e-01 -1.119067e-01 -1.878850e+01 -4.296784e-01 -1.043229e-01 -8.969356e-01 1.752439e+01
