1.000000e+00 0.000000e+00 0.000000e+00 0.000000e+00 0.000000e+00 1.000000e+00 0.000000e+00 0.000000e+00 0.000000e+00 0.000000e+00 1.000000e+00 0.000000e+00
9.999995e-01 -4.810022e-04 -8.348743e-04 -3.015377e-04 4.838528e-04 9.999940e-01 3.417568e-03 4.612192e-03 8.332254e-04 -3.417970e-03 9.999938e-01 -9.551344e-01
9.999994e-01 4.733389e-05 1.105976e-03 -1.347467e-02 -4.720601e-05 1.000000e+00 -1.156525e-04 9.326534e-04 -1.105982e-03 1.156002e-04 9.999994e-01 4.456528e-02
9.999967e-01 -1.773889e-03 1.866000e-03 -2.629451e-02 1.776547e-03 9.999974e-01 -1.424036e-03 7.684167e-03 -1.863469e-03 1.427346e-03 9.999973e-01 1.011421e+00
9.999881e-01 -4.029482e-03 2.767627e-03 -3.507529e-02 4.024065e-03 9.999900e-01 1.959872e-03 1.782064e-02 -2.775497e-03 -1.948711e-03 9.999943e-01 2.005704e+00
9.999643e-01 -8.431927e-03 5.978982e-04 -1.987330e-02 8.427392e-03 9.999384e-01 7.220784e-03 2.750349e-02 -6.587465e-04 -7.215487e-03 9.999738e-01 2.980176e+00
9.999188e-01 -1.271219e-02 -9.275491e-04 -1.321499e-02 1.271860e-02 9.998928e-01 7.258378e-03 3.905042e-02 8.351798e-04 -7.269585e-03 9.999732e-01 3.982569e+00
9.998620e-01 -1.656295e-02 -1.307596e-03 -1.709119e-02 1.656806e-02 9.998547e-01 4.000500e-03 6.052558e-02 1.241146e-03 -4.021612e-03 9.999911e-01 5.057241e+00
9.998261e-01 -1.829435e-02 -3.624006e-03 9.754290e-04 1.829398e-02 9.998326e-01 -1.348122e-04 7.020254e-02 3.625865e-03 6.849124e-05 9.999934e-01 5.966418e+00
9.998144e-01 -1.861756e-02 -4.957960e-03 9.796037e-03 1.861261e-02 9.998263e-01 -1.041749e-03 8.040161e-02 4.976493e-03 9.492746e-04 9.999872e-01 6.909548e+00
9.998336e-01 -1.737626e-02 -5.551380e-03 -5.268549e-05 1.737944e-02 9.998488e-01 5.250460e-04 8.566726e-02 5.541417e-03 -6.214386e-04 9.999844e-01 7.866614e+00
9.998162e-01 -1.815140e-02 -6.165583e-03 -1.672722e-02 1.817341e-02 9.998286e-01 3.533824e-03 8.971997e-02 6.100383e-03 -3.645224e-03 9.999747e-01 8.843453e+00
9.998094e-01 -1.879480e-02 -5.287652e-03 -4.718422e-02 1.882344e-02 9.998081e-01 5.420614e-03 9.325098e-02 5.184758e-03 -5.519112e-03 9.999713e-01 9.799632e+00
9.997844e-01 -2.008020e-02 -5.286050e-03 -6.646303e-02 2.011027e-02 9.997815e-01 5.698597e-03 1.053381e-01 5.170466e-03 -5.803673e-03 9.999698e-01 1.073797e+01
9.997545e-01 -2.139577e-02 -5.750108e-03 -8.253659e-02 2.142911e-02 9.997535e-01 5.801491e-03 1.123476e-01 5.624563e-03 -5.923287e-03 9.999666e-01 1.165807e+01
9.997320e-01 -2.224374e-02 -6.414707e-03 -8.446177e-02 2.227178e-02 9.997426e-01 4.334397e-03 1.192727e-01 6.316642e-03 -4.476103e-03 9.999700e-01 1.259059e+01
9.997147e-01 -2.256232e-02 -7.846175e-03 -9.010398e-02 2.257478e-02 9.997440e-01 1.503350e-03 1.351189e-01 7.810248e-03 -1.680047e-03 9.999681e-01 1.359269e+01
9.996758e-01 -2.371376e-02 -9.269109e-03 -1.088557e-01 2.371410e-02 9.997188e-01 -7.411886e-05 1.406621e-01 9.268260e-03 -1.457137e-04 9.999570e-01 1.452218e+01
9.996865e-01 -2.260129e-02 -1.077829e-02 -1.143006e-01 2.259190e-02 9.997443e-01 -9.920656e-04 1.449219e-01 1.079796e-02 7.482525e-04 9.999414e-01 1.546972e+01
9.997028e-01 -2.105345e-02 -1.228854e-02 -1.295244e-01 2.103255e-02 9.997771e-01 -1.827434e-03 1.440396e-01 1.232427e-02 1.568431e-03 9.999228e-01 1.636629e+01
9.997497e-01 -1.819899e-02 -1.301300e-02 -1.463614e-01 1.816981e-02 9.998322e-01 -2.357587e-03 1.500187e-01 1.305372e-02 2.120554e-03 9.999126e-01 1.726214e+01
9.997318e-01 -1.856384e-02 -1.384703e-02 -1.601021e-01 1.853772e-02 9.998261e-01 -2.012142e-03 1.532690e-01 1.388198e-02 1.754910e-03 9.999021e-01 1.814975e+01
9.997489e-01 -1.752402e-02 -1.396368e-02 -1.898178e-01 1.751155e-02 9.998462e-01 -1.015248e-03 1.560097e-01 1.397933e-02 7.704675e-04 9.999020e-01 1.905581e+01
9.997454e-01 -1.707189e-02 -1.475815e-02 -2.131916e-01 1.706668e-02 9.998543e-01 -4.786585e-04 1.551079e-01 1.476417e-02 2.266639e-04 9.998910e-01 1.996092e+01
9.997246e-01 -1.730294e-02 -1.585448e-02 -2.396838e-01 1.729056e-02 9.998501e-01 -9.176156e-04 1.573484e-01 1.586798e-02 6.432301e-04 9.998739e-01 2.087534e+01
9.997162e-01 -1.693638e-02 -1.675489e-02 -2.721770e-01 1.691522e-02 9.998559e-01 -1.404162e-03 1.568608e-01 1.677625e-02 1.120351e-03 9.998586e-01 2.179720e+01
9.997076e-01 -1.656138e-02 -1.761678e-02 -3.086939e-01 1.655095e-02 9.998627e-01 -7.380278e-04 1.533503e-01 1.762659e-02 4.462376e-04 9.998446e-01 2.267468e+01
9.996759e-01 -1.749372e-02 -1.849184e-02 -3.299579e-01 1.751095e-02 9.998464e-01 7.706234e-04 1.626104e-01 1.847552e-02 -1.094184e-03 9.998287e-01 2.353481e+01
9.996439e-01 -1.815038e-02 -1.956428e-02 -3.519065e-01 1.821519e-02 9.998292e-01 3.139393e-03 1.643149e-01 1.950395e-02 -3.494642e-03 9.998037e-01 2.439119e+01
9.996074e-01 -1.885310e-02 -2.072847e-02 -3.668462e-01 1.894562e-02 9.998114e-01 4.276271e-03 1.707511e-01 2.064394e-02 -4.667306e-03 9.997760e-01 2.523198e+01
9.995952e-01 -1.630817e-02 -2.331393e-02 -3.548432e-01 1.639079e-02 9.998600e-01 3.357031e-03 1.603265e-01 2.325592e-02 -3.737805e-03 9.997225e-01 2.609461e+01
9.995916e-01 -1.358612e-02 -2.513925e-02 -3.728026e-01 1.361238e-02 9.999070e-01 8.737053e-04 1.587137e-01 2.512504e-02 -1.215553e-03 9.996836e-01 2.694345e+01
9.995449e-01 -1.346147e-02 -2.699730e-02 -3.937648e-01 1.343001e-02 9.999089e-01 -1.346044e-03 1.641163e-01 2.701296e-02 9.828571e-04 9.996346e-01 2.777039e+01
9.995677e-01 -1.165814e-02 -2.699197e-02 -4.383979e-01 1.161061e-02 9.999307e-01 -1.917172e-03 1.647691e-01 2.701245e-02 1.602950e-03 9.996338e-01 2.861116e+01
9.995608e-01 -1.211148e-02 -2.704687e-02 -4.829115e-01 1.204479e-02 9.999240e-01 -2.627291e-03 1.658423e-01 2.707664e-02 2.300363e-03 9.996307e-01 2.942105e+01
9.995365e-01 -1.176889e-02 -2.807561e-02 -5.365342e-01 1.167707e-02 9.999259e-01 -3.432367e-03 1.634023e-01 2.811392e-02 3.102936e-03 9.995999e-01 3.023619e+01
9.994724e-01 -1.336041e-02 -2.960460e-02 -5.654827e-01 1.326939e-02 9.999066e-01 -3.268805e-03 1.647899e-01 2.964550e-02 2.874245e-03 9.995564e-01 3.101421e+01
9.994211e-01 -1.380249e-02 -3.109709e-02 -5.931410e-01 1.374171e-02 9.999032e-01 -2.167327e-03 1.648660e-01 3.112399e-02 1.738745e-03 9.995140e-01 3.179118e+01
9.993483e-01 -1.514256e-02 -3.276714e-02 -6.370351e-01 1.515682e-02 9.998851e-01 1.868793e-04 1.582219e-01 3.276054e-02 -6.834031e-04 9.994630e-01 3.253976e+01
9.992544e-01 -1.509925e-02 -3.553344e-02 -6.540866e-01 1.517398e-02 9.998832e-01 1.834215e-03 1.588526e-01 3.550159e-02 -2.372031e-03 9.993668e-01 3.330096e+01
9.991881e-01 -1.384130e-02 -3.783568e-02 -6.824241e-01 1.393382e-02 9.999005e-01 2.182580e-03 1.557792e-01 3.780171e-02 -2.708004e-03 9.992816e-01 3.403605e+01
9.991573e-01 -1.116122e-02 -3.949781e-02 -7.217929e-01 1.121299e-02 9.999365e-01 1.089426e-03 1.637144e-01 3.948315e-02 -1.531397e-03 9.992191e-01 3.479631e+01
9.990624e-01 -9.866446e-03 -4.215546e-02 -7.449794e-01 9.893328e-03 9.999509e-01 4.290985e-04 1.658952e-01 4.214916e-02 -8.457539e-04 9.991110e-01 3.549949e+01
9.989424e-01 -1.065569e-02 -4.472809e-02 -7.715182e-01 1.073219e-02 9.999413e-01 1.470592e-03 1.689032e-01 4.470979e-02 -1.949067e-03 9.989981e-01 3.621864e+01
9.988841e-01 -9.637140e-03 -4.623502e-02 -8.036600e-01 9.785083e-03 9.999477e-01 2.974550e-03 1.760051e-01 4.620394e-02 -3.423644e-03 9.989262e-01 3.692908e+01
9.988945e-01 -7.141300e-03 -4.646309e-02 -8.342819e-01 7.321805e-03 9.999663e-01 3.715886e-03 1.729086e-01 4.643498e-02 -4.051972e-03 9.989131e-01 3.758761e+01
9.989114e-01 -4.700933e-03 -4.641005e-02 -8.557080e-01 4.764381e-03 9.999878e-01 1.256606e-03 1.755029e-01 4.640358e-02 -1.476353e-03 9.989217e-01 3.829895e+01
9.990219e-01 -2.240459e-03 -4.416088e-02 -9.241688e-01 2.176033e-03 9.999965e-01 -1.506923e-03 1.773937e-01 4.416410e-02 1.409354e-03 9.990233e-01 3.899216e+01
9.991346e-01 -1.237947e-03 -4.157535e-02 -9.671597e-01 1.087553e-03 9.999928e-01 -3.639794e-03 1.840844e-01 4.157956e-02 3.591429e-03 9.991288e-01 3.965548e+01
9.992555e-01 2.442902e-04 -3.858024e-02 -1.002286e+00 -3.367355e-04 9.999971e-01 -2.389701e-03 1.850429e-01 3.857954e-02 2.400914e-03 9.992527e-01 4.034547e+01
9.993527e-01 4.274683e-03 -3.571996e-02 -1.036649e+00 -4.262002e-03 9.999908e-01 4.311657e-04 1.822978e-01 3.572147e-02 -2.786481e-04 9.993618e-01 4.097797e+01
9.994488e-01 7.713797e-03 -3.228908e-02 -1.063022e+00 -7.615339e-03 9.999660e-01 3.171138e-03 1.842560e-01 3.231244e-02 -2.923498e-03 9.994735e-01 4.155901e+01
9.995027e-01 1.309836e-02 -2.868508e-02 -1.079270e+00 -1.296119e-02 9.999037e-01 4.962732e-03 1.819249e-01 2.874732e-02 -4.588471e-03 9.995762e-01 4.221286e+01
9.995679e-01 1.633549e-02 -2.443556e-02 -1.080917e+00 -1.621220e-02 9.998549e-01 5.235105e-03 1.842656e-01 2.451753e-02 -4.836689e-03 9.996877e-01 4.277756e+01
9.995944e-01 2.089664e-02 -1.934578e-02 -1.081249e+00 -2.076161e-02 9.997588e-01 7.154608e-03 1.901257e-01 1.949062e-02 -6.750057e-03 9.997873e-01 4.333904e+01
9.995803e-01 2.563933e-02 -1.348977e-02 -1.086807e+00 -2.551935e-02 9.996338e-01 8.992909e-03 1.902006e-01 1.371541e-02 -8.644884e-03 9.998686e-01 4.387826e+01
9.995526e-01 2.897524e-02 -7.415697e-03 -1.074586e+00 -2.890684e-02 9.995400e-01 9.169559e-03 1.891539e-01 7.677976e-03 -8.951092e-03 9.999304e-01 4.440803e+01
9.994881e-01 3.198650e-02 -6.491930e-04 -1.032691e+00 -3.197896e-02 9.994440e-01 9.437230e-03 1.853356e-01 9.506960e-04 -9.411639e-03 9.999552e-01 4.488211e+01
9.993038e-01 3.637172e-02 8.306731e-03 -1.099897e+00 -3.644664e-02 9.992946e-01 9.052422e-03 1.951983e-01 -7.971619e-03 -9.348872e-03 9.999245e-01 4.543834e+01
9.990592e-01 4.035396e-02 1.588450e-02 -1.130294e+00 -4.046259e-02 9.991594e-01 6.577660e-03 1.989774e-01 -1.560571e-02 -7.214199e-03 9.998522e-01 4.582358e+01
9.987329e-01 4.277346e-02 2.651471e-02 -1.202525e+00 -4.288954e-02 9.990725e-01 3.824418e-03 2.067676e-01 -2.632654e-02 -4.956776e-03 9.996411e-01 4.637167e+01
9.984350e-01 4.347814e-02 3.517450e-02 -1.214292e+00 -4.361387e-02 9.990436e-01 3.100244e-03 2.128437e-01 -3.500607e-02 -4.629488e-03 9.993764e-01 4.674122e+01
9.981378e-01 4.244627e-02 4.380977e-02 -1.237545e+00 -4.268178e-02 9.990788e-01 4.453955e-03 2.158048e-01 -4.358036e-02 -6.315540e-03 9.990299e-01 4.705789e+01
9.975968e-01 4.409541e-02 5.344358e-02 -1.305392e+00 -4.443586e-02 9.989987e-01 5.198211e-03 2.219872e-01 -5.316085e-02 -7.560530e-03 9.985573e-01 4.738640e+01
9.969078e-01 4.613069e-02 6.361360e-02 -1.385921e+00 -4.658095e-02 9.988987e-01 5.612406e-03 2.275435e-01 -6.328464e-02 -8.558234e-03 9.979588e-01 4.769395e+01
9.960848e-01 4.921146e-02 7.343891e-02 -1.441522e+00 -4.969705e-02 9.987528e-01 4.798401e-03 2.293791e-01 -7.311118e-02 -8.429311e-03 9.972882e-01 4.796683e+01
9.950944e-01 5.155618e-02 8.443473e-02 -1.514253e+00 -5.215370e-02 9.986271e-01 4.884824e-03 2.284683e-01 -8.406696e-02 -9.264444e-03 9.964170e-01 4.829504e+01
9.943912e-01 4.967508e-02 9.337272e-02 -1.504365e+00 -5.044515e-02 9.987094e-01 5.903650e-03 2.274735e-01 -9.295895e-02 -1.058074e-02 9.956137e-01 4.855503e+01
9.932562e-01 4.874922e-02 1.051936e-01 -1.525381e+00 -4.943626e-02 9.987695e-01 3.932061e-03 2.287552e-01 -1.048725e-01 -9.105921e-03 9.944440e-01 4.880999e+01
9.921671e-01 4.685947e-02 1.157959e-01 -1.492632e+00 -4.717897e-02 9.988865e-01 1.835515e-05 2.241763e-01 -1.156661e-01 -5.481341e-03 9.932730e-01 4.899776e+01
9.904175e-01 4.499214e-02 1.305715e-01 -1.531545e+00 -4.487146e-02 9.989853e-01 -3.867679e-03 2.392036e-01 -1.306130e-01 -2.028316e-03 9.914314e-01 4.930392e+01
9.881448e-01 4.742716e-02 1.460159e-01 -1.500248e+00 -4.709169e-02 9.988740e-01 -5.755190e-03 2.307007e-01 -1.461244e-01 -1.189175e-03 9.892655e-01 4.952930e+01
9.855226e-01 4.826539e-02 1.625291e-01 -1.495435e+00 -4.785403e-02 9.988335e-01 -6.447230e-03 2.271266e-01 -1.626507e-01 -1.423783e-03 9.866827e-01 4.981421e+01
9.826978e-01 4.891012e-02 1.786415e-01 -1.419494e+00 -4.842120e-02 9.988018e-01 -7.098612e-03 2.213541e-01 -1.787746e-01 -1.674244e-03 9.838886e-01 5.004460e+01
9.796765e-01 4.748946e-02 1.948814e-01 -1.305320e+00 -4.681582e-02 9.988710e-01 -8.063820e-03 2.197790e-01 -1.950443e-01 -1.223598e-03 9.807937e-01 5.027051e+01
9.762445e-01 4.611454e-02 2.117075e-01 -1.179626e+00 -4.549601e-02 9.989341e-01 -7.794523e-03 2.146156e-01 -2.118413e-01 -2.022485e-03 9.773020e-01 5.045468e+01
9.722243e-01 4.614533e-02 2.294569e-01 -1.030255e+00 -4.538236e-02 9.989327e-01 -8.603995e-03 2.092471e-01 -2.296091e-01 -2.048285e-03 9.732808e-01 5.064827e+01
9.673383e-01 4.787897e-02 2.489261e-01 -9.171748e-01 -4.689281e-02 9.988509e-01 -9.893444e-03 2.024903e-01 -2.491138e-01 -2.102537e-03 9.684719e-01 5.090057e+01
9.617178e-01 4.889841e-02 2.696437e-01 -7.687298e-01 -4.750860e-02 9.988025e-01 -1.168200e-02 1.964291e-01 -2.698921e-01 -1.575610e-03 9.628893e-01 5.114849e+01
9.552694e-01 4.984281e-02 2.915065e-01 -6.020325e-01 -4.825347e-02 9.987551e-01 -1.264363e-02 1.951103e-01 -2.917738e-01 -1.988130e-03 9.564853e-01 5.139591e+01
9.476601e-01 5.300903e-02 3.148497e-01 -4.250578e-01 -5.160921e-02 9.985855e-01 -1.278725e-02 1.825846e-01 -3.150822e-01 -4.131173e-03 9.490554e-01 5.164608e+01
9.385466e-01 5.474627e-02 3.407831e-01 -2.725076e-01 -5.321966e-02 9.984870e-01 -1.383374e-02 1.785778e-01 -3.410249e-01 -5.152749e-03 9.400402e-01 5.187997e+01
9.285687e-01 5.487244e-02 3.670819e-01 -7.336344e-02 -5.313822e-02 9.984769e-01 -1.483696e-02 1.696855e-01 -3.673369e-01 -5.728938e-03 9.300703e-01 5.209911e+01
9.171631e-01 5.174122e-02 3.951390e-01 1.589614e-01 -4.941274e-02 9.986491e-01 -1.607480e-02 1.580266e-01 -3.954369e-01 -4.781687e-03 9.184807e-01 5.235806e+01
9.041077e-01 4.830422e-02 4.245656e-01 4.028237e-01 -4.468391e-02 9.988301e-01 -1.848629e-02 1.511132e-01 -4.249618e-01 -2.257656e-03 9.052085e-01 5.257891e+01
8.888913e-01 4.671519e-02 4.557302e-01 6.727343e-01 -4.133568e-02 9.989081e-01 -2.177004e-02 1.414335e-01 -4.562496e-01 5.132829e-04 8.898517e-01 5.283102e+01
8.714943e-01 4.709728e-02 4.881389e-01 9.236596e-01 -3.948895e-02 9.988849e-01 -2.587455e-02 1.300329e-01 -4.888132e-01 3.273427e-03 8.723823e-01 5.308862e+01
8.526624e-01 4.864155e-02 5.201930e-01 1.232921e+00 -3.871100e-02 9.988017e-01 -2.994243e-02 1.252686e-01 -5.210261e-01 5.393596e-03 8.535237e-01 5.331191e+01
8.313468e-01 5.037044e-02 5.534666e-01 1.530543e+00 -3.899795e-02 9.987167e-01 -3.231446e-02 1.118592e-01 -5.543841e-01 5.280457e-03 8.322442e-01 5.353323e+01
8.079371e-01 5.367062e-02 5.868194e-01 1.866666e+00 -4.139579e-02 9.985527e-01 -3.433382e-02 1.033248e-01 -5.878128e-01 3.447716e-03 8.089896e-01 5.375275e+01
7.828783e-01 5.712865e-02 6.195465e-01 2.246499e+00 -4.459228e-02 9.983668e-01 -3.571163e-02 8.803638e-02 -6.205748e-01 3.308679e-04 7.841472e-01 5.399007e+01
7.550366e-01 5.772677e-02 6.531366e-01 2.616467e+00 -4.355432e-02 9.983324e-01 -3.788702e-02 8.006012e-02 -6.542345e-01 1.591700e-04 7.562917e-01 5.417027e+01
7.238894e-01 5.556136e-02 6.876751e-01 2.994529e+00 -4.021550e-02 9.984553e-01 -3.833781e-02 7.075088e-02 -6.887430e-01 9.713124e-05 7.250056e-01 5.433387e+01
6.895659e-01 5.391609e-02 7.222132e-01 3.394155e+00 -3.746876e-02 9.985454e-01 -3.877038e-02 5.887561e-02 -7.232530e-01 -3.257014e-04 6.905830e-01 5.451552e+01
6.512353e-01 5.343175e-02 7.569925e-01 3.750020e+00 -3.507549e-02 9.985715e-01 -4.030823e-02 5.409697e-02 -7.580648e-01 -3.017305e-04 6.521792e-01 5.469511e+01
6.092052e-01 5.224955e-02 7.912894e-01 4.172146e+00 -3.089175e-02 9.986333e-01 -4.215743e-02 3.854361e-02 -7.924107e-01 1.238210e-03 6.099867e-01 5.488575e+01
5.651544e-01 5.156170e-02 8.233722e-01 4.609162e+00 -2.832041e-02 9.986693e-01 -4.310041e-02 2.904665e-02 -8.244989e-01 1.040145e-03 5.658627e-01 5.505873e+01
5.202274e-01 4.970037e-02 8.525804e-01 5.108108e+00 -2.696815e-02 9.987634e-01 -4.176655e-02 1.428551e-02 -8.536019e-01 -1.264408e-03 5.209244e-01 5.526364e+01
4.742016e-01 4.714103e-02 8.791534e-01 5.601460e+00 -2.695266e-02 9.988748e-01 -3.902276e-02 -6.353477e-03 -8.800036e-01 -5.190866e-03 4.749386e-01 5.542388e+01
4.277281e-01 4.696816e-02 9.026864e-01 6.071703e+00 -3.094127e-02 9.988247e-01 -3.730920e-02 -2.254745e-02 -9.033777e-01 -1.197207e-02 4.286786e-01 5.555455e+01
3.822203e-01 4.601603e-02 9.229248e-01 6.695174e+00 -2.884717e-02 9.988667e-01 -3.785564e-02 -4.300653e-02 -9.236209e-01 -1.215457e-02 3.831145e-01 5.568352e+01
3.372706e-01 4.213758e-02 9.404643e-01 7.191209e+00 -1.924579e-02 9.990976e-01 -3.786270e-02 -6.869145e-02 -9.412110e-01 -5.330006e-03 3.377772e-01 5.576630e+01
2.962069e-01 3.512473e-02 9.544778e-01 7.725255e+00 -5.502283e-03 9.993697e-01 -3.506920e-02 -8.441274e-02 -9.551081e-01 5.135938e-03 2.962134e-01 5.581740e+01
2.568308e-01 3.371874e-02 9.658680e-01 8.300602e+00 2.862699e-03 9.993603e-01 -3.564918e-02 -1.000898e-01 -9.664521e-01 1.192080e-02 2.565700e-01 5.584857e+01
2.205442e-01 3.368687e-02 9.747952e-01 8.976728e+00 6.342055e-03 9.993328e-01 -3.596971e-02 -1.169576e-01 -9.753565e-01 1.411512e-02 2.201834e-01 5.590273e+01
1.881102e-01 3.414264e-02 9.815543e-01 9.462335e+00 1.363720e-02 9.992085e-01 -3.737023e-02 -1.346337e-01 -9.820533e-01 2.041538e-02 1.874957e-01 5.598151e+01
1.593215e-01 3.183818e-02 9.867132e-01 1.001133e+01 2.114676e-02 9.991404e-01 -3.565367e-02 -1.529258e-01 -9.870002e-01 2.654619e-02 1.585113e-01 5.603338e+01
1.340536e-01 2.889805e-02 9.905527e-01 1.063189e+01 2.732305e-02 9.990869e-01 -3.284471e-02 -1.730503e-01 -9.905974e-01 3.146787e-02 1.331416e-01 5.608048e+01
1.138026e-01 2.750430e-02 9.931227e-01 1.122042e+01 3.261021e-02 9.989747e-01 -3.140320e-02 -1.787411e-01 -9.929682e-01 3.595970e-02 1.127889e-01 5.613652e+01
9.828502e-02 2.891975e-02 9.947382e-01 1.180625e+01 3.651761e-02 9.987996e-01 -3.264596e-02 -1.889082e-01 -9.944882e-01 3.953407e-02 9.711099e-02 5.617344e+01
8.548623e-02 2.872105e-02 9.959253e-01 1.235903e+01 3.682194e-02 9.988105e-01 -3.196491e-02 -2.049587e-01 -9.956587e-01 3.940446e-02 8.432698e-02 5.620575e+01
7.358479e-02 2.813090e-02 9.968922e-01 1.303106e+01 3.822013e-02 9.987882e-01 -3.100560e-02 -2.311978e-01 -9.965563e-01 4.038289e-02 7.242048e-02 5.625141e+01
6.429178e-02 3.111020e-02 9.974461e-01 1.367071e+01 4.249086e-02 9.985222e-01 -3.388257e-02 -2.394336e-01 -9.970261e-01 4.456072e-02 6.287485e-02 5.628029e+01
5.760336e-02 3.261330e-02 9.978067e-01 1.427894e+01 4.681839e-02 9.982784e-01 -3.533154e-02 -2.508084e-01 -9.972411e-01 4.875092e-02 5.597728e-02 5.631507e+01
5.178523e-02 3.241016e-02 9.981322e-01 1.489277e+01 4.757686e-02 9.982583e-01 -3.488265e-02 -2.562767e-01 -9.975243e-01 4.929441e-02 5.015308e-02 5.636062e+01
4.796851e-02 2.992027e-02 9.984007e-01 1.558423e+01 4.461816e-02 9.984893e-01 -3.206663e-02 -2.668859e-01 -9.978520e-01 4.608499e-02 4.656106e-02 5.640468e+01
4.580075e-02 2.290511e-02 9.986880e-01 1.628638e+01 4.370299e-02 9.987339e-01 -2.491042e-02 -2.798573e-01 -9.979942e-01 4.478657e-02 4.474175e-02 5.644273e+01
4.408103e-02 1.886439e-02 9.988499e-01 1.686803e+01 4.504500e-02 9.987673e-01 -2.085074e-02 -2.749954e-01 -9.980119e-01 4.591231e-02 4.317695e-02 5.648764e+01
4.412758e-02 1.563291e-02 9.989037e-01 1.756249e+01 4.813197e-02 9.986832e-01 -1.775575e-02 -2.866030e-01 -9.978659e-01 4.886271e-02 4.331702e-02 5.649487e+01
4.402179e-02 1.736052e-02 9.988798e-01 1.824587e+01 5.096855e-02 9.985079e-01 -1.960031e-02 -3.013388e-01 -9.977297e-01 5.177429e-02 4.307127e-02 5.652965e+01
4.408336e-02 2.391931e-02 9.987416e-01 1.899922e+01 5.280860e-02 9.982599e-01 -2.623870e-02 -3.149531e-01 -9.976313e-01 5.389883e-02 4.274350e-02 5.659175e+01
4.649407e-02 3.141127e-02 9.984246e-01 1.967488e+01 5.443681e-02 9.979405e-01 -3.393102e-02 -3.239782e-01 -9.974342e-01 5.592864e-02 4.468840e-02 5.662679e+01
4.857033e-02 3.310867e-02 9.982709e-01 2.027859e+01 5.557450e-02 9.978126e-01 -3.579742e-02 -3.278356e-01 -9.972724e-01 5.721710e-02 4.662412e-02 5.667781e+01
4.946977e-02 2.880921e-02 9.983600e-01 2.100789e+01 5.486237e-02 9.979964e-01 -3.151721e-02 -3.443950e-01 -9.972677e-01 5.633154e-02 4.779011e-02 5.674055e+01
5.134535e-02 2.289907e-02 9.984186e-01 2.174505e+01 5.481902e-02 9.981652e-01 -2.571243e-02 -3.594293e-01 -9.971755e-01 5.605253e-02 4.999584e-02 5.684119e+01
5.333686e-02 2.025264e-02 9.983712e-01 2.261073e+01 5.293971e-02 9.983310e-01 -2.308007e-02 -3.855480e-01 -9.971723e-01 5.408450e-02 5.217564e-02 5.690844e+01
5.632538e-02 2.611525e-02 9.980710e-01 2.321066e+01 6.070272e-02 9.977189e-01 -2.953177e-02 -3.938960e-01 -9.965655e-01 6.224901e-02 5.461162e-02 5.695139e+01
5.883473e-02 3.152010e-02 9.977701e-01 2.387632e+01 6.259973e-02 9.974177e-01 -3.520025e-02 -4.094958e-01 -9.963031e-01 6.453113e-02 5.670965e-02 5.699402e+01
6.066656e-02 3.269656e-02 9.976225e-01 2.462069e+01 5.663264e-02 9.977406e-01 -3.614434e-02 -4.240388e-01 -9.965503e-01 5.869075e-02 5.867779e-02 5.707419e+01
6.367105e-02 2.920102e-02 9.975438e-01 2.539602e+01 5.266146e-02 9.980809e-01 -3.257803e-02 -4.437591e-01 -9.965807e-01 5.460638e-02 6.201106e-02 5.715159e+01
6.839931e-02 2.540417e-02 9.973347e-01 2.611547e+01 5.722262e-02 9.979301e-01 -2.934380e-02 -4.658039e-01 -9.960158e-01 5.907719e-02 6.680399e-02 5.719052e+01
7.081342e-02 2.783283e-02 9.971013e-01 2.659834e+01 6.131037e-02 9.975992e-01 -3.220096e-02 -4.747191e-01 -9.956037e-01 6.341291e-02 6.893700e-02 5.723063e+01
7.347703e-02 3.171318e-02 9.967926e-01 2.747603e+01 6.231667e-02 9.973952e-01 -3.632594e-02 -4.978579e-01 -9.953480e-01 6.478591e-02 7.130939e-02 5.731377e+01
7.942021e-02 3.288099e-02 9.962988e-01 2.827399e+01 5.772441e-02 9.976270e-01 -3.752634e-02 -5.124594e-01 -9.951685e-01 6.049110e-02 7.733369e-02 5.732583e+01
8.184093e-02 3.191247e-02 9.961344e-01 2.915752e+01 5.840661e-02 9.976159e-01 -3.675854e-02 -5.362050e-01 -9.949325e-01 6.118919e-02 7.978189e-02 5.740879e+01
8.575493e-02 2.964565e-02 9.958752e-01 2.980264e+01 6.318147e-02 9.973835e-01 -3.513113e-02 -5.508456e-01 -9.943110e-01 6.593353e-02 8.365750e-02 5.745733e+01
8.978462e-02 2.999339e-02 9.955096e-01 3.049969e+01 6.769305e-02 9.970512e-01 -3.614506e-02 -5.742452e-01 -9.936582e-01 7.063434e-02 8.748949e-02 5.752419e+01
9.217614e-02 2.986448e-02 9.952948e-01 3.137763e+01 7.154434e-02 9.967681e-01 -3.653454e-02 -5.987705e-01 -9.931692e-01 7.457532e-02 8.974159e-02 5.760276e+01
9.388721e-02 3.010690e-02 9.951275e-01 3.205924e+01 7.228231e-02 9.966986e-01 -3.697405e-02 -6.191766e-01 -9.929554e-01 7.540151e-02 9.140104e-02 5.769732e+01
9.589911e-02 2.826037e-02 9.949898e-01 3.275762e+01 7.516275e-02 9.965374e-01 -3.554866e-02 -6.426947e-01 -9.925492e-01 7.819525e-02 9.344292e-02 5.783429e+01
9.825104e-02 2.765797e-02 9.947773e-01 3.350636e+01 7.754083e-02 9.963619e-01 -3.536050e-02 -6.650533e-01 -9.921362e-01 8.061007e-02 9.574902e-02 5.793992e+01
9.956050e-02 2.819798e-02 9.946319e-01 3.431930e+01 7.633785e-02 9.964359e-01 -3.589038e-02 -6.881771e-01 -9.920989e-01 7.950133e-02 9.705305e-02 5.808204e+01
1.012161e-01 3.005184e-02 9.944106e-01 3.504219e+01 7.412466e-02 9.965376e-01 -3.766092e-02 -7.116378e-01 -9.920993e-01 7.752223e-02 9.863812e-02 5.820134e+01
1.035177e-01 3.016103e-02 9.941702e-01 3.590433e+01 7.487938e-02 9.964672e-01 -3.802752e-02 -7.350389e-01 -9.918050e-01 7.837937e-02 1.008936e-01 5.827589e+01
1.062782e-01 3.065484e-02 9.938638e-01 3.659182e+01 7.276314e-02 9.966051e-01 -3.852028e-02 -7.528684e-01 -9.916705e-01 7.641052e-02 1.036869e-01 5.835829e+01
1.094580e-01 3.108045e-02 9.935054e-01 3.738454e+01 7.148191e-02 9.966770e-01 -3.905508e-02 -7.773251e-01 -9.914178e-01 7.529255e-02 1.068726e-01 5.843172e+01
1.128345e-01 3.143984e-02 9.931164e-01 3.815742e+01 6.880197e-02 9.968530e-01 -3.937518e-02 -8.020148e-01 -9.912290e-01 7.277123e-02 1.103163e-01 5.851191e+01
1.173316e-01 3.337945e-02 9.925317e-01 3.891073e+01 6.781979e-02 9.968324e-01 -4.154136e-02 -8.252106e-01 -9.907743e-01 7.218740e-02 1.146961e-01 5.858672e+01
1.221995e-01 3.676197e-02 9.918246e-01 3.976806e+01 6.656165e-02 9.967604e-01 -4.514577e-02 -8.526384e-01 -9.902712e-01 7.153427e-02 1.193567e-01 5.866307e+01
1.268933e-01 3.929695e-02 9.911378e-01 4.048590e+01 6.702597e-02 9.965914e-01 -4.809439e-02 -8.791992e-01 -9.896494e-01 7.253482e-02 1.238269e-01 5.873177e+01
1.303716e-01 4.156121e-02 9.905937e-01 4.127151e+01 6.098689e-02 9.968929e-01 -4.985195e-02 -9.101264e-01 -9.895877e-01 6.691251e-02 1.274319e-01 5.883396e+01
1.335236e-01 4.152641e-02 9.901752e-01 4.203817e+01 5.719724e-02 9.971334e-01 -4.953119e-02 -9.361309e-01 -9.893937e-01 6.324888e-02 1.307657e-01 5.894231e+01
1.378371e-01 4.316380e-02 9.895139e-01 4.277220e+01 5.905278e-02 9.969145e-01 -5.171255e-02 -9.604475e-01 -9.886929e-01 6.556145e-02 1.348628e-01 5.903451e+01
1.410733e-01 4.459654e-02 9.889943e-01 4.353736e+01 5.849355e-02 9.968641e-01 -5.329514e-02 -9.921895e-01 -9.882697e-01 6.536831e-02 1.380224e-01 5.916360e+01
1.441423e-01 4.588971e-02 9.884924e-01 4.439395e+01 5.462503e-02 9.970320e-01 -5.425160e-02 -1.027907e+00 -9.880482e-01 6.181638e-02 1.412078e-01 5.930764e+01
1.487230e-01 4.494921e-02 9.878569e-01 4.517849e+01 5.398560e-02 9.971076e-01 -5.349775e-02 -1.053306e+00 -9.874043e-01 6.128639e-02 1.458662e-01 5.942309e+01
1.539019e-01 4.540619e-02 9.870423e-01 4.600901e+01 5.511753e-02 9.969937e-01 -5.445802e-02 -1.092417e+00 -9.865476e-01 6.278453e-02 1.509365e-01 5.954836e+01
1.583783e-01 4.846589e-02 9.861883e-01 4.686670e+01 5.294076e-02 9.969410e-01 -5.749642e-02 -1.143150e+00 -9.859582e-01 6.131575e-02 1.553280e-01 5.970982e+01
1.626440e-01 5.674320e-02 9.850519e-01 4.779408e+01 5.158595e-02 9.964906e-01 -6.591959e-02 -1.196435e+00 -9.853354e-01 6.153626e-02 1.591461e-01 5.989027e+01
1.692992e-01 6.244944e-02 9.835843e-01 4.854021e+01 5.137672e-02 9.960743e-01 -7.208568e-02 -1.231041e+00 -9.842248e-01 6.273738e-02 1.654262e-01 6.004431e+01
1.754259e-01 6.697211e-02 9.822121e-01 4.947623e+01 4.653465e-02 9.960042e-01 -7.622376e-02 -1.276994e+00 -9.833922e-01 5.907852e-02 1.716084e-01 6.022025e+01
1.806979e-01 6.477132e-02 9.814036e-01 5.027508e+01 3.627521e-02 9.967114e-01 -7.246068e-02 -1.380247e+00 -9.828696e-01 4.869412e-02 1.777540e-01 6.039684e+01
1.860857e-01 6.241367e-02 9.805491e-01 5.106371e+01 2.955131e-02 9.971734e-01 -6.907998e-02 -1.479173e+00 -9.820890e-01 4.183131e-02 1.837153e-01 6.056848e+01
1.936842e-01 6.020749e-02 9.792148e-01 5.185307e+01 2.984664e-02 9.972915e-01 -6.722248e-02 -1.514572e+00 -9.806098e-01 4.224620e-02 1.913626e-01 6.072750e+01
2.004253e-01 5.781095e-02 9.780018e-01 5.269822e+01 2.678753e-02 9.975609e-01 -6.445678e-02 -1.540971e+00 -9.793427e-01 3.911702e-02 1.983879e-01 6.090184e+01
2.084991e-01 5.108452e-02 9.766875e-01 5.350154e+01 2.591743e-02 9.979957e-01 -5.773176e-02 -1.582612e+00 -9.776791e-01 3.735026e-02 2.067572e-01 6.107212e+01
2.146167e-01 4.893031e-02 9.754719e-01 5.432489e+01 2.705173e-02 9.980634e-01 -5.601525e-02 -1.621723e+00 -9.763237e-01 3.841001e-02 2.128774e-01 6.127682e+01
2.225868e-01 5.224563e-02 9.735119e-01 5.507937e+01 2.616413e-02 9.978832e-01 -5.953581e-02 -1.657413e+00 -9.745617e-01 3.872297e-02 2.207486e-01 6.143649e+01
2.286241e-01 5.876380e-02 9.717396e-01 5.592271e+01 2.710238e-02 9.974054e-01 -6.669234e-02 -1.702049e+00 -9.731375e-01 4.158394e-02 2.264383e-01 6.163755e+01
2.339568e-01 6.284140e-02 9.702140e-01 5.675445e+01 2.624968e-02 9.971369e-01 -7.091505e-02 -1.741807e+00 -9.718926e-01 4.205887e-02 2.316374e-01 6.183534e+01
2.381099e-01 6.688953e-02 9.689321e-01 5.752783e+01 2.360807e-02 9.969323e-01 -7.462406e-02 -1.793558e+00 -9.709513e-01 4.064336e-02 2.358004e-01 6.203891e+01
2.442892e-01 6.679311e-02 9.673993e-01 5.827919e+01 2.152810e-02 9.970055e-01 -7.427354e-02 -1.848030e+00 -9.694634e-01 3.897049e-02 2.421198e-01 6.221085e+01
2.504477e-01 6.529818e-02 9.659255e-01 5.900673e+01 2.535422e-02 9.969382e-01 -7.396860e-02 -1.886256e+00 -9.677981e-01 4.301556e-02 2.480253e-01 6.237570e+01
2.552393e-01 5.782031e-02 9.651475e-01 5.975367e+01 2.856299e-02 9.973238e-01 -6.730159e-02 -1.934178e+00 -9.664559e-01 4.474551e-02 2.529047e-01 6.256135e+01
2.580820e-01 5.265261e-02 9.646872e-01 6.055088e+01 2.524939e-02 9.978052e-01 -6.121514e-02 -1.988136e+00 -9.657930e-01 4.015629e-02 2.561862e-01 6.278174e+01
2.618713e-01 4.903330e-02 9.638564e-01 6.133029e+01 2.260040e-02 9.981231e-01 -5.691685e-02 -2.036555e+00 -9.648381e-01 3.668844e-02 2.602717e-01 6.299189e+01
2.641205e-01 5.454575e-02 9.629461e-01 6.203752e+01 1.087950e-02 9.981675e-01 -5.952493e-02 -2.024492e+00 -9.644284e-01 2.619813e-02 2.630431e-01 6.323076e+01
2.637973e-01 6.112812e-02 9.626393e-01 6.273321e+01 -8.917197e-04 9.980050e-01 -6.312950e-02 -2.025021e+00 -9.645777e-01 1.579498e-02 2.633255e-01 6.345610e+01
2.626763e-01 6.815615e-02 9.624738e-01 6.344064e+01 -1.429779e-02 9.976676e-01 -6.674622e-02 -2.042480e+00 -9.647781e-01 3.771397e-03 2.630381e-01 6.370275e+01
2.660708e-01 7.418454e-02 9.610947e-01 6.412756e+01 -1.677056e-02 9.972396e-01 -7.233169e-02 -2.082187e+00 -9.638076e-01 3.127260e-03 2.665805e-01 6.387093e+01
2.690692e-01 7.913301e-02 9.598644e-01 6.481652e+01 -1.454073e-02 9.968390e-01 -7.810521e-02 -2.115783e+00 -9.630110e-01 7.058572e-03 2.693694e-01 6.406301e+01
2.707686e-01 8.144376e-02 9.591931e-01 6.549425e+01 -1.417903e-02 9.966440e-01 -8.062110e-02 -2.162978e+00 -9.625401e-01 8.229245e-03 2.710147e-01 6.424937e+01
2.730722e-01 8.008837e-02 9.586540e-01 6.620072e+01 -1.504344e-02 9.967622e-01 -7.898691e-02 -2.212502e+00 -9.618760e-01 7.147684e-03 2.733929e-01 6.443769e+01
2.756456e-01 7.878180e-02 9.580256e-01 6.683329e+01 -1.346603e-02 9.968545e-01 -7.810036e-02 -2.242657e+00 -9.611650e-01 8.627222e-03 2.758394e-01 6.459077e+01
2.766752e-01 7.710253e-02 9.578654e-01 6.746705e+01 -1.206910e-02 9.969762e-01 -7.676461e-02 -2.277014e+00 -9.608877e-01 9.678285e-03 2.767692e-01 6.478109e+01
2.775164e-01 7.715424e-02 9.576179e-01 6.809115e+01 -9.063450e-03 9.969360e-01 -7.769548e-02 -2.303782e+00 -9.606783e-01 1.288246e-02 2.773654e-01 6.495142e+01
2.771403e-01 7.606085e-02 9.578143e-01 6.872179e+01 -8.272299e-03 9.970137e-01 -7.678016e-02 -2.348065e+00 -9.607939e-01 1.335556e-02 2.769419e-01 6.511222e+01
2.751818e-01 7.763953e-02 9.582521e-01 6.929175e+01 -8.401138e-03 9.968899e-01 -7.835748e-02 -2.384828e+00 -9.613555e-01 1.351214e-02 2.749782e-01 6.528449e+01
2.747286e-01 8.049158e-02 9.581469e-01 6.994497e+01 -8.472349e-03 9.966539e-01 -8.129719e-02 -2.434420e+00 -9.614846e-01 1.421692e-02 2.744913e-01 6.545856e+01
2.724903e-01 8.484028e-02 9.584108e-01 7.050638e+01 -6.405306e-03 9.962427e-01 -8.636811e-02 -2.478465e+00 -9.621372e-01 1.739556e-02 2.720100e-01 6.560848e+01
2.714046e-01 8.508099e-02 9.586976e-01 7.108112e+01 -3.789712e-03 9.961719e-01 -8.733386e-02 -2.525816e+00 -9.624580e-01 2.006964e-02 2.706881e-01 6.576074e+01
2.697637e-01 8.360353e-02 9.592904e-01 7.166358e+01 -2.705516e-03 9.962857e-01 -8.606691e-02 -2.568806e+00 -9.629228e-01 2.062236e-02 2.689879e-01 6.592356e+01
2.673165e-01 8.154447e-02 9.601523e-01 7.223473e+01 -3.129711e-03 9.964812e-01 -8.375850e-02 -2.613043e+00 -9.636037e-01 1.938502e-02 2.666310e-01 6.610300e+01
2.640115e-01 7.769920e-02 9.613849e-01 7.276706e+01 -1.813293e-03 9.967882e-01 -8.006255e-02 -2.659481e+00 -9.645180e-01 1.939417e-02 2.633044e-01 6.628008e+01
2.637419e-01 7.645547e-02 9.615585e-01 7.328981e+01 2.881514e-03 9.967870e-01 -8.004691e-02 -2.703189e+00 -9.645890e-01 2.388246e-02 2.626741e-01 6.638358e+01
2.631828e-01 7.874586e-02 9.615270e-01 7.399642e+01 5.631782e-03 9.965209e-01 -8.315326e-02 -2.750636e+00 -9.647297e-01 2.729963e-02 2.618237e-01 6.656112e+01
2.626430e-01 8.093480e-02 9.614927e-01 7.467262e+01 1.020804e-02 9.961871e-01 -8.664368e-02 -2.794830e+00 -9.648391e-01 3.257132e-02 2.608154e-01 6.672054e+01
2.620235e-01 8.342979e-02 9.614485e-01 7.532877e+01 9.998769e-03 9.959680e-01 -8.915019e-02 -2.840414e+00 -9.650097e-01 3.297275e-02 2.601328e-01 6.689832e+01
2.612696e-01 8.746514e-02 9.612950e-01 7.593633e+01 9.441674e-03 9.956070e-01 -9.315323e-02 -2.880234e+00 -9.652197e-01 3.341434e-02 2.592960e-01 6.705582e+01
2.604403e-01 8.576983e-02 9.616727e-01 7.654756e+01 1.138721e-02 9.957042e-01 -9.188893e-02 -2.933786e+00 -9.654228e-01 3.488236e-02 2.583449e-01 6.721642e+01
2.607749e-01 8.454415e-02 9.616907e-01 7.715097e+01 1.646620e-02 9.956236e-01 -9.199230e-02 -2.981699e+00 -9.652593e-01 3.982468e-02 2.582415e-01 6.740685e+01
2.632203e-01 8.339254e-02 9.611248e-01 7.769420e+01 2.103646e-02 9.955240e-01 -9.213839e-02 -3.018391e+00 -9.645064e-01 4.447136e-02 2.602878e-01 6.752605e+01
2.645752e-01 8.242368e-02 9.608362e-01 7.821645e+01 2.482332e-02 9.954286e-01 -9.222645e-02 -3.062927e+00 -9.640455e-01 4.825199e-02 2.613198e-01 6.768327e+01
2.660409e-01 8.120285e-02 9.605355e-01 7.874900e+01 2.345945e-02 9.956051e-01 -9.066522e-02 -3.118644e+00 -9.636763e-01 4.665431e-02 2.629667e-01 6.786726e+01
2.689866e-01 8.119759e-02 9.597152e-01 7.928095e+01 2.261225e-02 9.956329e-01 -9.057416e-02 -3.173785e+00 -9.628785e-01 4.606455e-02 2.659758e-01 6.806105e+01
2.740279e-01 8.150408e-02 9.582618e-01 7.980437e+01 2.290953e-02 9.955664e-01 -9.122828e-02 -3.208717e+00 -9.614488e-01 4.695243e-02 2.709458e-01 6.822189e+01
2.806483e-01 8.220654e-02 9.562839e-01 8.038653e+01 2.125209e-02 9.955489e-01 -9.181899e-02 -3.254264e+00 -9.595755e-01 4.609188e-02 2.776520e-01 6.842967e+01
2.882102e-01 8.091585e-02 9.541423e-01 8.086861e+01 2.139968e-02 9.956302e-01 -9.089825e-02 -3.286842e+00 -9.573281e-01 4.661614e-02 2.852192e-01 6.854781e+01
2.974322e-01 8.201028e-02 9.512143e-01 8.145484e+01 1.674919e-02 9.957024e-01 -9.108315e-02 -3.332279e+00 -9.545961e-01 4.302314e-02 2.947804e-01 6.872243e+01
3.075719e-01 8.283615e-02 9.479123e-01 8.199615e+01 1.557284e-02 9.956318e-01 -9.205923e-02 -3.369093e+00 -9.513975e-01 4.307653e-02 3.049384e-01 6.888113e+01
3.165217e-01 8.824569e-02 9.444717e-01 8.256290e+01 8.927785e-03 9.953422e-01 -9.599070e-02 -3.413015e+00 -9.485433e-01 3.881518e-02 3.142595e-01 6.907546e+01
3.247277e-01 9.158826e-02 9.413626e-01 8.309753e+01 5.876115e-03 9.950858e-01 -9.884217e-02 -3.446394e+00 -9.457893e-01 3.762835e-02 3.225937e-01 6.928880e+01
3.355606e-01 9.507026e-02 9.372091e-01 8.379055e+01 9.243548e-04 9.948606e-01 -1.012494e-01 -3.496316e+00 -9.420182e-01 3.484162e-02 3.337481e-01 6.953845e+01
3.458212e-01 9.684682e-02 9.332891e-01 8.433309e+01 -9.420150e-05 9.946626e-01 -1.031806e-01 -3.550037e+00 -9.383005e-01 3.559413e-02 3.439845e-01 6.973413e+01
3.551136e-01 9.855776e-02 9.296132e-01 8.491369e+01 -3.373291e-03 9.945554e-01 -1.041543e-01 -3.596776e+00 -9.348171e-01 3.385076e-02 3.535126e-01 6.996741e+01
3.664615e-01 9.983850e-02 9.250613e-01 8.551706e+01 -4.718527e-03 9.944130e-01 -1.054541e-01 -3.649011e+00 -9.304213e-01 3.427996e-02 3.648851e-01 7.019263e+01
3.764291e-01 1.007549e-01 9.209504e-01 8.618613e+01 -8.422243e-03 9.943997e-01 -1.053480e-01 -3.709802e+00 -9.264072e-01 3.189960e-02 3.751696e-01 7.048216e+01
3.862169e-01 9.579627e-02 9.174201e-01 8.685776e+01 -7.173844e-03 9.948744e-01 -1.008639e-01 -3.768846e+00 -9.223801e-01 3.237392e-02 3.849245e-01 7.079446e+01
3.946446e-01 9.015556e-02 9.144002e-01 8.743855e+01 -3.218987e-03 9.953042e-01 -9.674304e-02 -3.817823e+00 -9.188283e-01 3.523568e-02 3.930817e-01 7.109779e+01
4.055030e-01 8.537640e-02 9.100980e-01 8.809312e+01 -1.040260e-03 9.956711e-01 -9.294054e-02 -3.877829e+00 -9.140932e-01 3.674093e-02 4.038364e-01 7.138972e+01
4.143136e-01 8.118167e-02 9.065064e-01 8.880732e+01 -2.750502e-03 9.961211e-01 -8.794996e-02 -3.959781e+00 -9.101300e-01 3.394552e-02 4.129298e-01 7.174913e+01
4.241966e-01 7.817280e-02 9.021897e-01 8.948579e+01 4.146887e-03 9.960889e-01 -8.825878e-02 -4.015510e+00 -9.055606e-01 4.118036e-02 4.222134e-01 7.206982e+01
4.322986e-01 7.360686e-02 8.987213e-01 9.015600e+01 9.535987e-03 9.962339e-01 -8.618028e-02 -4.056934e+00 -9.016801e-01 4.582582e-02 4.299687e-01 7.236369e+01
4.387363e-01 6.423020e-02 8.963175e-01 9.084630e+01 1.950108e-02 9.965268e-01 -8.095674e-02 -4.112225e+00 -8.984044e-01 5.299782e-02 4.359599e-01 7.271789e+01
4.461588e-01 5.945316e-02 8.929769e-01 9.156801e+01 2.507834e-02 9.965686e-01 -7.888007e-02 -4.162982e+00 -8.946025e-01 5.758741e-02 4.431369e-01 7.302898e+01
4.532854e-01 5.908849e-02 8.894048e-01 9.226260e+01 2.845879e-02 9.963323e-01 -8.069636e-02 -4.219885e+00 -8.909111e-01 6.188986e-02 4.499413e-01 7.337425e+01
4.606226e-01 6.430720e-02 8.852635e-01 9.314850e+01 3.121659e-02 9.955813e-01 -8.856358e-02 -4.290764e+00 -8.870470e-01 6.842929e-02 4.565797e-01 7.386546e+01
4.683543e-01 6.883291e-02 8.808554e-01 9.375056e+01 3.404916e-02 9.948140e-01 -9.584209e-02 -4.342184e+00 -8.828844e-01 7.488044e-02 4.635817e-01 7.414623e+01
4.731569e-01 7.166898e-02 8.780583e-01 9.446576e+01 3.188610e-02 9.946392e-01 -9.836695e-02 -4.404811e+00 -8.804010e-01 7.454085e-02 4.683352e-01 7.454650e+01
4.779514e-01 7.185470e-02 8.754423e-01 9.516426e+01 2.850304e-02 9.948550e-01 -9.721722e-02 -4.474464e+00 -8.779237e-01 7.141788e-02 4.734442e-01 7.493207e+01
4.785329e-01 7.677391e-02 8.747069e-01 9.583739e+01 2.011619e-02 9.949502e-01 -9.833291e-02 -4.559502e+00 -8.778392e-01 6.465130e-02 4.745719e-01 7.538633e+01
4.826931e-01 7.926416e-02 8.721953e-01 9.653939e+01 2.083962e-02 9.945744e-01 -1.019190e-01 -4.636071e+00 -8.755417e-01 6.737182e-02 4.784224e-01 7.579011e+01
4.862218e-01 8.362222e-02 8.698251e-01 9.730145e+01 1.796667e-02 9.942436e-01 -1.056266e-01 -4.713953e+00 -8.736507e-01 6.698579e-02 4.819204e-01 7.623505e+01
4.886882e-01 8.922234e-02 8.678844e-01 9.799212e+01 1.350804e-02 9.938641e-01 -1.097797e-01 -4.774819e+00 -8.723540e-01 6.537148e-02 4.844844e-01 7.666749e+01
4.926309e-01 8.534386e-02 8.660434e-01 9.861665e+01 1.714037e-02 9.940349e-01 -1.077067e-01 -4.838141e+00 -8.700696e-01 6.790395e-02 4.882295e-01 7.701326e+01
4.943228e-01 8.604781e-02 8.650092e-01 9.924672e+01 1.268788e-02 9.942685e-01 -1.061567e-01 -4.913980e+00 -8.691859e-01 6.345082e-02 4.903978e-01 7.742320e+01
4.973852e-01 8.522835e-02 8.633331e-01 9.984695e+01 1.181375e-02 9.944048e-01 -1.049739e-01 -4.967359e+00 -8.674493e-01 6.241167e-02 4.935954e-01 7.776837e+01
4.994735e-01 8.411498e-02 8.622360e-01 1.004462e+02 1.205941e-02 9.945037e-01 -1.040040e-01 -5.040170e+00 -8.662453e-01 6.234531e-02 4.957138e-01 7.814714e+01
5.022526e-01 8.676188e-02 8.603573e-01 1.010787e+02 8.498311e-03 9.944104e-01 -1.052414e-01 -5.117555e+00 -8.646792e-01 6.016936e-02 4.987079e-01 7.852469e+01
5.065204e-01 8.673604e-02 8.578542e-01 1.017296e+02 1.259743e-02 9.940768e-01 -1.079474e-01 -5.176916e+00 -8.621359e-01 6.548432e-02 5.024276e-01 7.889709e+01
5.083845e-01 8.379823e-02 8.570433e-01 1.023390e+02 1.516409e-02 9.942284e-01 -1.062067e-01 -5.254761e+00 -8.609967e-01 6.699014e-02 5.041796e-01 7.927026e+01
5.099607e-01 8.424294e-02 8.560627e-01 1.029350e+02 1.454144e-02 9.942064e-01 -1.064997e-01 -5.327813e+00 -8.600748e-01 6.675906e-02 5.057812e-01 7.962151e+01
5.110470e-01 8.490178e-02 8.553494e-01 1.035118e+02 1.352821e-02 9.941921e-01 -1.067660e-01 -5.389695e+00 -8.594463e-01 6.613380e-02 5.069304e-01 7.997746e+01
5.139723e-01 8.465780e-02 8.536190e-01 1.040570e+02 1.502381e-02 9.940771e-01 -1.076337e-01 -5.447384e+00 -8.576752e-01 6.814537e-02 5.096563e-01 8.026990e+01
5.164785e-01 8.662517e-02 8.519073e-01 1.045956e+02 1.456293e-02 9.938375e-01 -1.098861e-01 -5.510439e+00 -8.561763e-01 6.916009e-02 5.120342e-01 8.059363e+01
5.197266e-01 8.601305e-02 8.499918e-01 1.051339e+02 1.886563e-02 9.935209e-01 -1.120725e-01 -5.572592e+00 -8.541243e-01 7.428271e-02 5.147365e-01 8.090897e+01
5.220363e-01 8.356267e-02 8.488200e-01 1.056582e+02 2.128851e-02 9.936026e-01 -1.109086e-01 -5.650134e+00 -8.526575e-01 7.596845e-02 5.169177e-01 8.126849e+01
5.262519e-01 8.107854e-02 8.464545e-01 1.061830e+02 2.604400e-02 9.934400e-01 -1.113496e-01 -5.706985e+00 -8.499298e-01 8.064300e-02 5.206881e-01 8.156410e+01
5.292855e-01 8.107897e-02 8.445609e-01 1.066802e+02 2.661463e-02 9.933470e-01 -1.120420e-01 -5.766444e+00 -8.480263e-01 8.177989e-02 5.236062e-01 8.187527e+01
5.317587e-01 7.956886e-02 8.431498e-01 1.072025e+02 2.688910e-02 9.934884e-01 -1.107149e-01 -5.845979e+00 -8.464690e-01 8.154516e-02 5.261565e-01 8.223438e+01
