1.000000e+00 0.000000e+00 0.000000e+00 0.000000e+00 0.000000e+00 1.000000e+00 0.000000e+00 0.000000e+00 0.000000e+00 0.000000e+00 1.000000e+00 0.000000e+00
9.999797e-01 1.660292e-03 -6.141618e-03 6.402022e-02 -1.676896e-03 9.999949e-01 -2.699323e-03 1.240007e-02 6.137106e-03 2.709567e-03 9.999775e-01 -1.119117e-01
9.999948e-01 6.735335e-04 -3.172652e-03 -5.833419e-02 -6.780996e-04 9.999987e-01 -1.438318e-03 -6.486292e-03 3.171679e-03 1.440462e-03 9.999939e-01 1.184979e+00
9.999949e-01 2.030791e-04 -3.191056e-03 -7.504775e-02 -2.097330e-04 9.999978e-01 -2.084984e-03 -2.276224e-02 3.190625e-03 2.085642e-03 9.999927e-01 2.635149e+00
9.999988e-01 -1.132018e-03 -1.067472e-03 -1.625343e-01 1.128156e-03 9.999928e-01 -3.612037e-03 -4.232119e-02 1.071553e-03 3.610828e-03 9.999929e-01 3.937784e+00
9.999997e-01 -7.935835e-04 -1.065613e-04 -2.057413e-01 7.931676e-04 9.999923e-01 -3.847885e-03 -6.276888e-02 1.096141e-04 3.847799e-03 9.999926e-01 5.340292e+00
9.999974e-01 -1.952186e-03 1.213020e-03 -2.462770e-01 1.956591e-03 9.999915e-01 -3.640671e-03 -8.329352e-02 -1.205902e-03 3.643035e-03 9.999926e-01 6.681996e+00
9.999869e-01 -4.446431e-03 2.548797e-03 -2.904467e-01 4.454155e-03 9.999855e-01 -3.033038e-03 -1.017991e-01 -2.535274e-03 3.044351e-03 9.999921e-01 8.022697e+00
9.999910e-01 -3.688544e-03 2.082571e-03 -2.598078e-01 3.694172e-03 9.999895e-01 -2.705229e-03 -1.256208e-01 -2.072571e-03 2.712898e-03 9.999942e-01 9.434780e+00
9.999913e-01 -2.678727e-03 3.206469e-03 -3.012082e-01 2.695383e-03 9.999828e-01 -5.201215e-03 -1.454488e-01 -3.192482e-03 5.209812e-03 9.999813e-01 1.079606e+01
9.999929e-01 -2.252923e-04 3.753496e-03 -3.128934e-01 2.553650e-04 9.999679e-01 -8.013383e-03 -1.669063e-01 -3.751570e-03 8.014284e-03 9.999608e-01 1.215807e+01
9.999797e-01 3.018573e-03 5.610009e-03 -3.386817e-01 -2.963670e-03 9.999479e-01 -9.769202e-03 -1.902477e-01 -5.639206e-03 9.752377e-03 9.999365e-01 1.348698e+01
9.999564e-01 5.365131e-03 7.641700e-03 -3.941145e-01 -5.289522e-03 9.999372e-01 -9.880432e-03 -2.239814e-01 -7.694229e-03 9.839580e-03 9.999220e-01 1.489615e+01
9.999510e-01 5.760787e-03 8.051557e-03 -4.023138e-01 -5.691039e-03 9.999463e-01 -8.658879e-03 -2.619905e-01 -8.101006e-03 8.612634e-03 9.999301e-01 1.627013e+01
9.999521e-01 2.867723e-03 9.359356e-03 -4.096188e-01 -2.811509e-03 9.999779e-01 -6.013789e-03 -2.932991e-01 -9.376396e-03 5.987187e-03 9.999381e-01 1.766707e+01
9.999305e-01 -1.180554e-03 1.173275e-02 -4.418963e-01 1.239829e-03 9.999865e-01 -5.046129e-03 -3.166588e-01 -1.172664e-02 5.060325e-03 9.999185e-01 1.903778e+01
9.999089e-01 -3.483982e-03 1.304405e-02 -4.475248e-01 3.584039e-03 9.999643e-01 -7.655216e-03 -3.422009e-01 -1.301691e-02 7.701269e-03 9.998856e-01 2.041118e+01
9.998719e-01 -4.946616e-03 1.522252e-02 -4.660480e-01 5.102615e-03 9.999347e-01 -1.022622e-02 -3.687745e-01 -1.517094e-02 1.030259e-02 9.998319e-01 2.172180e+01
9.998745e-01 -3.362439e-03 1.547836e-02 -4.248207e-01 3.536684e-03 9.999306e-01 -1.124370e-02 -4.067047e-01 -1.543948e-02 1.129703e-02 9.998170e-01 2.312641e+01
9.998276e-01 -8.010936e-04 1.855210e-02 -4.484823e-01 9.856222e-04 9.999501e-01 -9.939499e-03 -4.366964e-01 -1.854321e-02 9.956071e-03 9.997785e-01 2.454224e+01
9.998244e-01 -5.014671e-04 1.873161e-02 -4.279071e-01 6.307766e-04 9.999760e-01 -6.898011e-03 -4.622292e-01 -1.872770e-02 6.908616e-03 9.998007e-01 2.593290e+01
9.997824e-01 -3.850678e-03 2.050374e-02 -4.131765e-01 3.970619e-03 9.999752e-01 -5.812188e-03 -4.862636e-01 -2.048085e-02 5.892336e-03 9.997729e-01 2.731152e+01
9.997787e-01 -7.533571e-03 1.964057e-02 -3.681596e-01 7.671284e-03 9.999465e-01 -6.945791e-03 -5.200422e-01 -1.958719e-02 7.094922e-03 9.997830e-01 2.870219e+01
9.997585e-01 -7.992439e-03 2.047100e-02 -3.545430e-01 8.193386e-03 9.999189e-01 -9.751198e-03 -5.488375e-01 -2.039141e-02 9.916570e-03 9.997429e-01 3.012226e+01
9.997349e-01 -9.062578e-03 2.116339e-02 -3.248832e-01 9.341170e-03 9.998705e-01 -1.310236e-02 -5.789274e-01 -2.104191e-02 1.329657e-02 9.996902e-01 3.151626e+01
9.997310e-01 -6.062890e-03 2.238535e-02 -2.696831e-01 6.381850e-03 9.998788e-01 -1.420475e-02 -6.165904e-01 -2.229652e-02 1.434379e-02 9.996485e-01 3.291251e+01
9.997459e-01 -5.357558e-03 2.189634e-02 -1.898105e-01 5.720941e-03 9.998464e-01 -1.656680e-02 -6.559813e-01 -2.180422e-02 1.668786e-02 9.996230e-01 3.431611e+01
9.997671e-01 -5.135167e-03 2.096130e-02 -1.094756e-01 5.467320e-03 9.998599e-01 -1.581958e-02 -6.999731e-01 -2.087713e-02 1.593050e-02 9.996551e-01 3.570898e+01
9.997830e-01 -5.113006e-03 2.019585e-02 -5.903521e-02 5.416646e-03 9.998727e-01 -1.500878e-02 -7.358319e-01 -2.011654e-02 1.511492e-02 9.996834e-01 3.715066e+01
9.997923e-01 -6.246054e-03 1.939978e-02 -1.554222e-02 6.506374e-03 9.998893e-01 -1.338469e-02 -7.804016e-01 -1.931403e-02 1.350813e-02 9.997222e-01 3.857792e+01
9.997976e-01 -3.851425e-03 1.974712e-02 -8.928479e-03 4.137080e-03 9.998871e-01 -1.444530e-02 -8.100799e-01 -1.968926e-02 1.452407e-02 9.997007e-01 4.001080e+01
9.997886e-01 -1.815525e-03 2.048023e-02 -9.222545e-03 2.128935e-03 9.998808e-01 -1.529169e-02 -8.503242e-01 -2.045003e-02 1.533206e-02 9.996733e-01 4.148626e+01
9.997848e-01 -1.548206e-03 2.068705e-02 1.653397e-02 1.877792e-03 9.998715e-01 -1.592208e-02 -8.851240e-01 -2.065974e-02 1.595750e-02 9.996592e-01 4.297385e+01
9.997882e-01 -2.000013e-04 2.057970e-02 4.515510e-02 5.404205e-04 9.998631e-01 -1.653727e-02 -9.265478e-01 -2.057358e-02 1.654489e-02 9.996514e-01 4.447986e+01
9.997730e-01 -1.004002e-03 2.128050e-02 5.008443e-02 1.383418e-03 9.998402e-01 -1.782204e-02 -9.600961e-01 -2.125921e-02 1.784743e-02 9.996147e-01 4.589762e+01
9.997852e-01 -1.793335e-03 2.064944e-02 1.202048e-01 2.188118e-03 9.998150e-01 -1.911164e-02 -9.990443e-01 -2.061135e-02 1.915272e-02 9.996041e-01 4.732910e+01
9.997739e-01 -2.508770e-03 2.111461e-02 1.347248e-01 2.923743e-03 9.998027e-01 -1.964546e-02 -1.043555e+00 -2.106116e-02 1.970275e-02 9.995840e-01 4.872813e+01
9.997855e-01 -2.115940e-03 2.060102e-02 1.332101e-01 2.501625e-03 9.998217e-01 -1.871387e-02 -1.090362e+00 -2.055775e-02 1.876139e-02 9.996126e-01 5.024208e+01
9.998139e-01 -1.864813e-03 1.919906e-02 1.916036e-01 2.244178e-03 9.998023e-01 -1.975700e-02 -1.137861e+00 -1.915842e-02 1.979641e-02 9.996204e-01 5.172103e+01
9.997954e-01 -1.631650e-03 2.015968e-02 1.584869e-01 2.012949e-03 9.998192e-01 -1.890811e-02 -1.190274e+00 -2.012518e-02 1.894482e-02 9.996179e-01 5.321828e+01
9.997910e-01 -1.817928e-03 2.036418e-02 1.784835e-01 2.215815e-03 9.998068e-01 -1.953304e-02 -1.229919e+00 -2.032473e-02 1.957409e-02 9.996018e-01 5.465054e+01
9.997948e-01 -3.635982e-03 1.992477e-02 2.000337e-01 4.017629e-03 9.998086e-01 -1.914798e-02 -1.279708e+00 -1.985134e-02 1.922410e-02 9.996181e-01 5.616108e+01
9.997797e-01 -5.301726e-03 2.030979e-02 2.398149e-01 5.725215e-03 9.997662e-01 -2.085040e-02 -1.316082e+00 -2.019450e-02 2.096208e-02 9.995763e-01 5.760237e+01
9.997311e-01 -9.023214e-03 2.136128e-02 2.500466e-01 9.445614e-03 9.997602e-01 -1.975651e-02 -1.383531e+00 -2.117789e-02 1.995297e-02 9.995766e-01 5.903458e+01
9.997615e-01 -8.867920e-03 1.996041e-02 3.532065e-01 9.301482e-03 9.997205e-01 -2.173404e-02 -1.422266e+00 -1.976210e-02 2.191452e-02 9.995645e-01 6.048576e+01
9.997591e-01 -1.026655e-02 1.939745e-02 4.066619e-01 1.067599e-02 9.997199e-01 -2.112356e-02 -1.477326e+00 -1.917515e-02 2.132556e-02 9.995887e-01 6.196632e+01
9.997697e-01 -1.153940e-02 1.809338e-02 4.880166e-01 1.190907e-02 9.997198e-01 -2.045818e-02 -1.534148e+00 -1.785224e-02 2.066894e-02 9.996270e-01 6.342791e+01
9.997503e-01 -1.387042e-02 1.751820e-02 5.447351e-01 1.425795e-02 9.996520e-01 -2.219408e-02 -1.581415e+00 -1.720427e-02 2.243832e-02 9.996002e-01 6.487007e+01
9.997416e-01 -1.291120e-02 1.870815e-02 5.883231e-01 1.337033e-02 9.996073e-01 -2.462801e-02 -1.630502e+00 -1.838283e-02 2.487178e-02 9.995216e-01 6.625106e+01
9.997339e-01 -1.215002e-02 1.960913e-02 5.975004e-01 1.263017e-02 9.996188e-01 -2.455124e-02 -1.694961e+00 -1.930336e-02 2.479237e-02 9.995062e-01 6.777533e+01
9.997899e-01 -1.063954e-02 1.752201e-02 7.266643e-01 1.109006e-02 9.996051e-01 -2.581831e-02 -1.752428e+00 -1.724040e-02 2.600720e-02 9.995131e-01 6.922311e+01
9.997520e-01 -1.064570e-02 1.956069e-02 6.990827e-01 1.114081e-02 9.996158e-01 -2.537925e-02 -1.797488e+00 -1.928299e-02 2.559088e-02 9.994865e-01 7.059711e+01
9.997312e-01 -6.540582e-03 2.224283e-02 6.984869e-01 7.079950e-03 9.996807e-01 -2.425744e-02 -1.852172e+00 -2.207707e-02 2.440840e-02 9.994583e-01 7.191866e+01
9.997069e-01 -2.657791e-03 2.406268e-02 6.975904e-01 3.230498e-03 9.997117e-01 -2.379316e-02 -1.909797e+00 -2.399251e-02 2.386392e-02 9.994273e-01 7.336047e+01
9.997255e-01 4.537789e-03 2.298745e-02 7.858514e-01 -3.960829e-03 9.996775e-01 -2.508259e-02 -1.970983e+00 -2.309386e-02 2.498466e-02 9.994211e-01 7.486105e+01
9.997628e-01 6.494216e-03 2.078590e-02 8.739433e-01 -5.936204e-03 9.996233e-01 -2.679573e-02 -2.028058e+00 -2.095209e-02 2.666598e-02 9.994248e-01 7.637939e+01
9.997282e-01 7.991661e-03 2.190123e-02 8.719599e-01 -7.404687e-03 9.996147e-01 -2.675226e-02 -2.085566e+00 -2.210659e-02 2.658282e-02 9.994022e-01 7.790023e+01
9.997290e-01 7.466127e-03 2.204807e-02 8.875208e-01 -6.869589e-03 9.996116e-01 -2.700917e-02 -2.149628e+00 -2.224116e-02 2.685039e-02 9.993920e-01 7.942423e+01
9.997057e-01 8.311147e-03 2.278942e-02 8.902732e-01 -7.659597e-03 9.995636e-01 -2.852974e-02 -2.202650e+00 -2.301659e-02 2.834679e-02 9.993331e-01 8.088805e+01
9.997590e-01 5.329760e-03 2.129627e-02 9.783444e-01 -4.682877e-03 9.995295e-01 -3.031070e-02 -2.255228e+00 -2.144780e-02 3.020367e-02 9.993137e-01 8.224925e+01
9.997311e-01 7.934369e-03 2.179136e-02 9.661961e-01 -7.243282e-03 9.994740e-01 -3.161168e-02 -2.322860e+00 -2.203072e-02 3.144533e-02 9.992626e-01 8.384022e+01
9.997638e-01 1.883052e-03 2.165186e-02 9.950214e-01 -1.225811e-03 9.995393e-01 -3.032828e-02 -2.409657e+00 -2.169900e-02 3.029457e-02 9.993054e-01 8.531232e+01
9.996802e-01 6.533246e-03 2.443157e-02 8.908096e-01 -5.731553e-03 9.994474e-01 -3.274110e-02 -2.455010e+00 -2.463198e-02 3.259060e-02 9.991652e-01 8.683679e+01
9.997065e-01 5.122151e-03 2.367927e-02 9.384107e-01 -4.353277e-03 9.994652e-01 -3.240862e-02 -2.525642e+00 -2.383261e-02 3.229603e-02 9.991941e-01 8.828468e+01
9.997281e-01 8.023142e-03 2.189149e-02 9.890411e-01 -7.298146e-03 9.994287e-01 -3.299899e-02 -2.592289e+00 -2.214374e-02 3.283026e-02 9.992156e-01 8.978362e+01
9.998024e-01 8.312243e-04 1.986324e-02 1.041434e+00 -2.025297e-04 9.994996e-01 -3.163224e-02 -2.663691e+00 -1.987959e-02 3.162196e-02 9.993022e-01 9.118790e+01
9.998240e-01 1.340648e-03 1.871493e-02 1.065457e+00 -7.394123e-04 9.994845e-01 -3.209604e-02 -2.726192e+00 -1.874831e-02 3.207655e-02 9.993095e-01 9.260618e+01
9.998419e-01 -3.295306e-05 1.778179e-02 1.105121e+00 6.258864e-04 9.994438e-01 -3.334044e-02 -2.792185e+00 -1.777080e-02 3.334630e-02 9.992859e-01 9.403779e+01
9.998281e-01 1.154165e-03 1.850666e-02 1.107376e+00 -5.070090e-04 9.993895e-01 -3.493545e-02 -2.851810e+00 -1.853568e-02 3.492006e-02 9.992182e-01 9.546098e+01
9.998206e-01 -1.684265e-03 1.886201e-02 1.111756e+00 2.363128e-03 9.993480e-01 -3.602681e-02 -2.923275e+00 -1.878904e-02 3.606492e-02 9.991728e-01 9.688319e+01
9.998370e-01 -2.953120e-04 1.805189e-02 1.146157e+00 9.552473e-04 9.993310e-01 -3.656001e-02 -2.998853e+00 -1.802901e-02 3.657129e-02 9.991684e-01 9.830542e+01
9.998150e-01 9.391007e-04 1.920824e-02 1.159932e+00 -2.094062e-04 9.992794e-01 -3.795540e-02 -3.071705e+00 -1.923004e-02 3.794436e-02 9.990948e-01 9.967670e+01
9.998069e-01 2.232567e-03 1.952384e-02 1.175977e+00 -1.472730e-03 9.992441e-01 -3.884658e-02 -3.142745e+00 -1.959581e-02 3.881033e-02 9.990544e-01 1.010899e+02
9.998175e-01 2.137247e-03 1.898375e-02 1.208477e+00 -1.373661e-03 9.991929e-01 -4.014550e-02 -3.214040e+00 -1.905422e-02 4.011210e-02 9.990135e-01 1.025049e+02
9.997888e-01 3.607525e-03 2.023483e-02 1.194288e+00 -2.799381e-03 9.992027e-01 -3.982536e-02 -3.281083e+00 -2.036237e-02 3.976031e-02 9.990017e-01 1.038623e+02
9.997491e-01 6.793289e-03 2.134383e-02 1.185809e+00 -5.917629e-03 9.991488e-01 -4.082503e-02 -3.344506e+00 -2.160300e-02 4.068848e-02 9.989383e-01 1.052265e+02
9.997387e-01 4.880821e-03 2.233230e-02 1.221110e+00 -3.938237e-03 9.991074e-01 -4.205819e-02 -3.425066e+00 -2.251764e-02 4.195925e-02 9.988655e-01 1.065949e+02
9.997178e-01 4.472374e-03 2.332929e-02 1.254673e+00 -3.412840e-03 9.989694e-01 -4.526016e-02 -3.497323e+00 -2.350766e-02 4.516777e-02 9.987028e-01 1.079187e+02
9.997134e-01 5.246446e-03 2.336063e-02 1.286837e+00 -4.135047e-03 9.988688e-01 -4.737242e-02 -3.575482e+00 -2.358275e-02 4.726224e-02 9.986041e-01 1.093105e+02
9.996799e-01 4.230887e-03 2.494633e-02 1.284274e+00 -3.029933e-03 9.988435e-01 -4.798425e-02 -3.646993e+00 -2.512049e-02 4.789330e-02 9.985365e-01 1.106677e+02
9.996778e-01 1.621735e-03 2.533286e-02 1.312307e+00 -4.263228e-04 9.988890e-01 -4.712253e-02 -3.731635e+00 -2.538113e-02 4.709655e-02 9.985678e-01 1.120858e+02
9.996982e-01 -1.175446e-03 2.454097e-02 1.390620e+00 2.306143e-03 9.989343e-01 -4.609651e-02 -3.820520e+00 -2.446064e-02 4.613920e-02 9.986355e-01 1.134650e+02
9.996426e-01 -2.707148e-03 2.659651e-02 1.448370e+00 4.026276e-03 9.987575e-01 -4.967012e-02 -3.892502e+00 -2.642900e-02 4.975946e-02 9.984115e-01 1.148175e+02
9.995913e-01 1.341077e-04 2.858819e-02 1.456232e+00 1.391583e-03 9.985754e-01 -5.334129e-02 -3.974710e+00 -2.855461e-02 5.335927e-02 9.981670e-01 1.162019e+02
9.994900e-01 1.527990e-03 3.189651e-02 1.472563e+00 2.619694e-04 9.984286e-01 -5.603825e-02 -4.060717e+00 -3.193201e-02 5.601802e-02 9.979190e-01 1.175616e+02
9.993640e-01 5.589311e-03 3.521873e-02 1.489713e+00 -3.496844e-03 9.982402e-01 -5.919731e-02 -4.135215e+00 -3.548763e-02 5.903651e-02 9.976248e-01 1.188781e+02
9.993295e-01 5.305490e-03 3.622720e-02 1.569711e+00 -3.184729e-03 9.982911e-01 -5.834924e-02 -4.228854e+00 -3.647487e-02 5.819474e-02 9.976387e-01 1.202845e+02
9.992687e-01 5.132543e-03 3.789064e-02 1.615654e+00 -2.927186e-03 9.983105e-01 -5.803084e-02 -4.307299e+00 -3.812447e-02 5.787749e-02 9.975955e-01 1.216207e+02
9.991658e-01 3.181401e-03 4.071387e-02 1.586902e+00 -7.461294e-04 9.982167e-01 -5.969026e-02 -4.385770e+00 -4.083116e-02 5.961009e-02 9.973863e-01 1.229691e+02
9.990949e-01 2.674069e-03 4.245268e-02 1.621166e+00 -3.784294e-05 9.980775e-01 -6.197770e-02 -4.469960e+00 -4.253680e-02 6.192000e-02 9.971743e-01 1.242624e+02
9.990077e-01 4.855228e-03 4.427220e-02 1.653916e+00 -2.077642e-03 9.980384e-01 -6.257027e-02 -4.573645e+00 -4.448915e-02 6.241619e-02 9.970582e-01 1.255946e+02
9.989328e-01 6.159198e-03 4.577424e-02 1.689398e+00 -3.250425e-03 9.979860e-01 -6.335087e-02 -4.671660e+00 -4.607224e-02 6.313448e-02 9.969410e-01 1.269337e+02
9.990198e-01 6.866954e-03 4.372931e-02 1.883853e+00 -3.989429e-03 9.978411e-01 -6.555354e-02 -4.772239e+00 -4.408505e-02 6.531483e-02 9.968904e-01 1.282899e+02
9.988489e-01 8.480708e-03 4.721121e-02 1.860799e+00 -5.341318e-03 9.977901e-01 -6.622998e-02 -4.883030e+00 -4.766855e-02 6.590158e-02 9.966869e-01 1.296373e+02
9.987654e-01 3.419782e-03 4.955736e-02 1.854207e+00 -2.074592e-04 9.979060e-01 -6.468097e-02 -5.013060e+00 -4.967478e-02 6.459084e-02 9.966747e-01 1.310985e+02
9.987504e-01 2.656015e-03 4.990602e-02 1.942059e+00 5.866936e-04 9.978949e-01 -6.484958e-02 -5.108083e+00 -4.997320e-02 6.479782e-02 9.966463e-01 1.324828e+02
9.986630e-01 1.724865e-03 5.166492e-02 1.993424e+00 1.594056e-03 9.979403e-01 -6.412935e-02 -5.217737e+00 -5.166912e-02 6.412596e-02 9.966033e-01 1.337715e+02
9.986727e-01 4.736048e-04 5.150395e-02 2.080689e+00 2.839162e-03 9.979312e-01 -6.422844e-02 -5.321216e+00 -5.142782e-02 6.428941e-02 9.966053e-01 1.351257e+02
9.985754e-01 -2.958807e-03 5.327599e-02 2.101775e+00 6.457034e-03 9.978244e-01 -6.561054e-02 -5.411623e+00 -5.296595e-02 6.586107e-02 9.964221e-01 1.364231e+02
9.986449e-01 -3.191636e-03 5.194375e-02 2.198569e+00 6.607892e-03 9.978155e-01 -6.573022e-02 -5.541148e+00 -5.162049e-02 6.598439e-02 9.964845e-01 1.379676e+02
9.985987e-01 -3.108418e-03 5.283015e-02 2.238816e+00 6.614859e-03 9.977760e-01 -6.632736e-02 -5.659419e+00 -5.250648e-02 6.658388e-02 9.963983e-01 1.394153e+02
9.985785e-01 -4.457933e-03 5.311450e-02 2.295180e+00 8.055509e-03 9.976724e-01 -6.771223e-02 -5.765683e+00 -5.268901e-02 6.804384e-02 9.962901e-01 1.408260e+02
9.986603e-01 -6.053574e-03 5.139142e-02 2.376330e+00 9.514426e-03 9.976828e-01 -6.736788e-02 -5.876418e+00 -5.086452e-02 6.776658e-02 9.964038e-01 1.422422e+02
9.986773e-01 -6.128488e-03 5.104962e-02 2.444287e+00 9.598314e-03 9.976388e-01 -6.800444e-02 -5.984388e+00 -5.051232e-02 6.840448e-02 9.963781e-01 1.436336e+02
9.986488e-01 -6.845193e-03 5.151477e-02 2.478419e+00 1.041072e-02 9.975438e-01 -6.926695e-02 -6.091692e+00 -5.091409e-02 6.970967e-02 9.962672e-01 1.449896e+02
9.986385e-01 -6.465155e-03 5.176340e-02 2.523473e+00 1.011735e-02 9.974529e-01 -7.060749e-02 -6.209929e+00 -5.117507e-02 7.103506e-02 9.961602e-01 1.463972e+02
9.986627e-01 -5.445419e-03 5.141298e-02 2.578568e+00 9.090101e-03 9.974402e-01 -7.092498e-02 -6.331808e+00 -5.089516e-02 7.129747e-02 9.961558e-01 1.477639e+02
9.986673e-01 -8.309541e-03 5.093738e-02 2.639148e+00 1.204622e-02 9.972228e-01 -7.349607e-02 -6.455611e+00 -5.018520e-02 7.401173e-02 9.959939e-01 1.491297e+02
9.986265e-01 -1.236215e-02 5.091505e-02 2.684643e+00 1.621395e-02 9.969800e-01 -7.594741e-02 -6.558177e+00 -4.982242e-02 7.666863e-02 9.958110e-01 1.505069e+02
9.984974e-01 -2.009239e-02 5.098172e-02 2.754819e+00 2.389727e-02 9.968854e-01 -7.515539e-02 -6.680989e+00 -4.931288e-02 7.626079e-02 9.958677e-01 1.518601e+02
9.984996e-01 -2.508593e-02 4.867399e-02 2.864759e+00 2.870510e-02 9.967597e-01 -7.514036e-02 -6.792639e+00 -4.663131e-02 7.642481e-02 9.959843e-01 1.532475e+02
9.985174e-01 -2.763765e-02 4.689563e-02 2.970825e+00 3.128708e-02 9.963866e-01 -7.896077e-02 -6.909253e+00 -4.454390e-02 8.031093e-02 9.957741e-01 1.545735e+02
9.985799e-01 -2.610810e-02 4.643803e-02 3.055293e+00 2.996114e-02 9.959890e-01 -8.431032e-02 -7.027731e+00 -4.405059e-02 8.558193e-02 9.953569e-01 1.559799e+02
9.986379e-01 -2.255944e-02 4.704647e-02 3.120661e+00 2.658570e-02 9.958718e-01 -8.679036e-02 -7.164655e+00 -4.489431e-02 8.792291e-02 9.951151e-01 1.573546e+02
9.986184e-01 -2.119739e-02 4.808181e-02 3.189490e+00 2.540298e-02 9.957420e-01 -8.861468e-02 -7.288811e+00 -4.599867e-02 8.971368e-02 9.949048e-01 1.587109e+02
9.983998e-01 -2.445057e-02 5.099028e-02 3.204951e+00 2.876428e-02 9.959093e-01 -8.565767e-02 -7.421537e+00 -4.868732e-02 8.698730e-02 9.950190e-01 1.599949e+02
9.982625e-01 -2.962540e-02 5.093525e-02 3.304239e+00 3.379723e-02 9.959682e-01 -8.309665e-02 -7.566506e+00 -4.826812e-02 8.467373e-02 9.952390e-01 1.614308e+02
9.981810e-01 -3.264139e-02 5.068628e-02 3.409078e+00 3.674104e-02 9.959401e-01 -8.217883e-02 -7.696122e+00 -4.779807e-02 8.389162e-02 9.953278e-01 1.627660e+02
9.980720e-01 -3.384094e-02 5.202962e-02 3.456198e+00 3.805516e-02 9.958838e-01 -8.226372e-02 -7.830749e+00 -4.903157e-02 8.408511e-02 9.952515e-01 1.641087e+02
9.980992e-01 -3.139855e-02 5.302878e-02 3.538800e+00 3.571811e-02 9.959443e-01 -8.257811e-02 -7.950176e+00 -5.022088e-02 8.431523e-02 9.951727e-01 1.653996e+02
9.981159e-01 -2.709246e-02 5.505180e-02 3.613743e+00 3.165677e-02 9.959792e-01 -8.380460e-02 -8.079990e+00 -5.255998e-02 8.538947e-02 9.949604e-01 1.667697e+02
9.979879e-01 -2.509109e-02 5.822950e-02 3.657980e+00 3.004982e-02 9.958498e-01 -8.590830e-02 -8.219738e+00 -5.583230e-02 8.748522e-02 9.945999e-01 1.681287e+02
9.978362e-01 -2.122295e-02 6.223013e-02 3.698281e+00 2.656163e-02 9.959188e-01 -8.625763e-02 -8.354704e+00 -6.014551e-02 8.772392e-02 9.943274e-01 1.695000e+02
9.977180e-01 -1.984355e-02 6.453647e-02 3.751530e+00 2.533036e-02 9.960295e-01 -8.534406e-02 -8.491380e+00 -6.258670e-02 8.678404e-02 9.942592e-01 1.708326e+02
9.976685e-01 -1.682680e-02 6.613924e-02 3.823121e+00 2.253504e-02 9.959943e-01 -8.653115e-02 -8.623122e+00 -6.441826e-02 8.781985e-02 9.940513e-01 1.721968e+02
9.976059e-01 -1.582780e-02 6.732051e-02 3.903383e+00 2.184979e-02 9.957310e-01 -8.967905e-02 -8.755566e+00 -6.561369e-02 9.093529e-02 9.936929e-01 1.735849e+02
9.975902e-01 -8.640505e-03 6.884088e-02 3.972521e+00 1.504907e-02 9.955407e-01 -9.312538e-02 -8.899528e+00 -6.772924e-02 9.393696e-02 9.932716e-01 1.749202e+02
9.974472e-01 -5.246067e-03 7.121481e-02 4.017184e+00 1.203901e-02 9.953762e-01 -9.529567e-02 -9.040224e+00 -7.038560e-02 9.590975e-02 9.928984e-01 1.763744e+02
9.973242e-01 -2.605776e-03 7.305945e-02 4.088476e+00 9.561466e-03 9.954296e-01 -9.501869e-02 -9.185643e+00 -7.247794e-02 9.546300e-02 9.927909e-01 1.777789e+02
9.972600e-01 2.211116e-03 7.394268e-02 4.197688e+00 4.776613e-03 9.955426e-01 -9.419169e-02 -9.330213e+00 -7.382137e-02 9.428680e-02 9.928043e-01 1.791628e+02
9.970258e-01 3.545396e-03 7.698595e-02 4.236521e+00 3.609505e-03 9.956968e-01 -9.260014e-02 -9.479716e+00 -7.698297e-02 9.260261e-02 9.927227e-01 1.805974e+02
9.969519e-01 5.316667e-04 7.801708e-02 4.340191e+00 6.639654e-03 9.957708e-01 -9.163165e-02 -9.633789e+00 -7.773585e-02 9.187035e-02 9.927320e-01 1.820211e+02
9.969169e-01 -5.693610e-03 7.825771e-02 4.431987e+00 1.281542e-02 9.957861e-01 -9.080629e-02 -9.795812e+00 -7.741092e-02 9.152924e-02 9.927890e-01 1.834174e+02
9.969494e-01 -8.184791e-03 7.762086e-02 4.486224e+00 1.555538e-02 9.953716e-01 -9.483303e-02 -9.961501e+00 -7.648542e-02 9.575115e-02 9.924625e-01 1.848885e+02
9.970151e-01 -1.432265e-03 7.719386e-02 4.586601e+00 9.247007e-03 9.948462e-01 -1.009733e-01 -1.010204e+01 -7.665139e-02 1.013858e-01 9.918898e-01 1.863152e+02
9.970082e-01 3.351702e-03 7.722319e-02 4.669641e+00 4.684206e-03 9.946033e-01 -1.036451e-01 -1.023470e+01 -7.715383e-02 1.036967e-01 9.916120e-01 1.876342e+02
9.971873e-01 5.438709e-03 7.475262e-02 4.852902e+00 2.281755e-03 9.946985e-01 -1.028086e-01 -1.041155e+01 -7.491547e-02 1.026900e-01 9.918883e-01 1.891114e+02
9.971031e-01 1.015756e-02 7.538074e-02 4.940153e+00 -2.484581e-03 9.948637e-01 -1.011930e-01 -1.056991e+01 -7.602144e-02 1.007126e-01 9.920069e-01 1.905825e+02
9.970952e-01 1.276222e-02 7.508782e-02 5.075144e+00 -5.181401e-03 9.949437e-01 -1.003005e-01 -1.072348e+01 -7.598821e-02 9.962007e-02 9.921198e-01 1.920424e+02
9.970956e-01 1.326430e-02 7.499637e-02 5.206859e+00 -5.637723e-03 9.948701e-01 -1.010037e-01 -1.085867e+01 -7.595138e-02 1.002875e-01 9.920554e-01 1.933276e+02
9.971836e-01 1.150004e-02 7.411282e-02 5.328352e+00 -3.973259e-03 9.948870e-01 -1.009161e-01 -1.103422e+01 -7.489442e-02 1.003374e-01 9.921306e-01 1.948414e+02
9.971378e-01 8.271614e-03 7.515216e-02 5.413612e+00 -5.382471e-04 9.947488e-01 -1.023453e-01 -1.118549e+01 -7.560407e-02 1.020119e-01 9.919060e-01 1.963086e+02
9.971258e-01 7.628598e-03 7.537892e-02 5.517707e+00 1.504539e-04 9.947166e-01 -1.026589e-01 -1.135839e+01 -7.576381e-02 1.023751e-01 9.918565e-01 1.977838e+02
9.971593e-01 2.914921e-03 7.526519e-02 5.632511e+00 4.765739e-03 9.948071e-01 -1.016670e-01 -1.153407e+01 -7.517070e-02 1.017369e-01 9.919672e-01 1.992852e+02
9.970298e-01 3.967787e-04 7.701532e-02 5.708962e+00 7.526941e-03 9.946976e-01 -1.025674e-01 -1.167533e+01 -7.664765e-02 1.028424e-01 9.917402e-01 2.006504e+02
9.969677e-01 -9.148076e-04 7.781163e-02 5.817146e+00 8.984497e-03 9.945971e-01 -1.034214e-01 -1.184312e+01 -7.729661e-02 1.038069e-01 9.915893e-01 2.021077e+02
9.969653e-01 -1.776675e-03 7.782669e-02 5.894792e+00 1.012773e-02 9.942031e-01 -1.070406e-01 -1.202973e+01 -7.718536e-02 1.075040e-01 9.912040e-01 2.035651e+02
9.968898e-01 8.637446e-03 7.833294e-02 6.006330e+00 3.574711e-04 9.934698e-01 -1.140951e-01 -1.219311e+01 -7.880690e-02 1.137682e-01 9.903768e-01 2.050456e+02
9.965395e-01 1.892187e-02 8.093847e-02 6.067643e+00 -9.546236e-03 9.933553e-01 -1.146913e-01 -1.237192e+01 -8.257083e-02 1.135217e-01 9.900984e-01 2.064678e+02
9.960521e-01 2.676770e-02 8.463862e-02 6.088815e+00 -1.722738e-02 9.936149e-01 -1.115025e-01 -1.255196e+01 -8.708285e-02 1.096042e-01 9.901533e-01 2.079085e+02
9.959121e-01 2.763366e-02 8.599640e-02 6.194224e+00 -1.808256e-02 9.937755e-01 -1.099234e-01 -1.272847e+01 -8.849871e-02 1.079190e-01 9.902129e-01 2.093674e+02
9.959642e-01 2.530290e-02 8.611060e-02 6.295543e+00 -1.579403e-02 9.938759e-01 -1.093670e-01 -1.291309e+01 -8.835056e-02 1.075656e-01 9.902645e-01 2.108616e+02
9.960000e-01 2.273818e-02 8.641163e-02 6.392595e+00 -1.307043e-02 9.937522e-01 -1.108413e-01 -1.308401e+01 -8.839207e-02 1.092684e-01 9.900743e-01 2.122832e+02
9.960133e-01 2.108837e-02 8.667661e-02 6.494738e+00 -1.133666e-02 9.937003e-01 -1.114956e-01 -1.326633e+01 -8.848182e-02 1.100685e-01 9.899777e-01 2.137283e+02
9.960133e-01 2.137419e-02 8.660579e-02 6.608385e+00 -1.161791e-02 9.936823e-01 -1.116272e-01 -1.346040e+01 -8.844458e-02 1.101760e-01 9.899691e-01 2.152224e+02
9.959769e-01 2.267372e-02 8.669485e-02 6.723037e+00 -1.282324e-02 9.935651e-01 -1.125345e-01 -1.363619e+01 -8.868855e-02 1.109701e-01 9.898586e-01 2.166359e+02
9.959372e-01 2.264024e-02 8.715840e-02 6.824627e+00 -1.276239e-02 9.935965e-01 -1.122637e-01 -1.382693e+01 -8.914195e-02 1.106953e-01 9.898486e-01 2.181413e+02
9.958665e-01 2.304380e-02 8.785751e-02 6.920186e+00 -1.299245e-02 9.934753e-01 -1.133051e-01 -1.401817e+01 -8.989525e-02 1.116953e-01 9.896681e-01 2.196484e+02
9.961020e-01 2.100127e-02 8.567280e-02 7.118415e+00 -1.118132e-02 9.934716e-01 -1.135300e-01 -1.422368e+01 -8.749778e-02 1.121296e-01 9.898339e-01 2.211824e+02
9.960771e-01 2.118647e-02 8.591581e-02 7.223763e+00 -1.124205e-02 9.933460e-01 -1.146186e-01 -1.441558e+01 -8.777248e-02 1.132030e-01 9.896874e-01 2.227183e+02
9.960808e-01 1.943887e-02 8.628610e-02 7.339040e+00 -9.468157e-03 9.933790e-01 -1.144925e-01 -1.461966e+01 -8.794040e-02 1.132268e-01 9.896697e-01 2.242360e+02
9.961580e-01 1.762243e-02 8.578268e-02 7.482483e+00 -7.797883e-03 9.935025e-01 -1.135428e-01 -1.482098e+01 -8.722620e-02 1.124377e-01 9.898229e-01 2.257384e+02
9.959757e-01 1.925671e-02 8.753096e-02 7.566301e+00 -9.022828e-03 9.932266e-01 -1.158420e-01 -1.497948e+01 -8.916882e-02 1.145860e-01 9.894034e-01 2.270796e+02
9.961941e-01 1.938089e-02 8.498033e-02 7.782435e+00 -9.486586e-03 9.932827e-01 -1.153234e-01 -1.519199e+01 -8.664456e-02 1.140783e-01 9.896863e-01 2.286342e+02
9.964755e-01 1.824017e-02 8.187746e-02 8.008173e+00 -8.722216e-03 9.933119e-01 -1.151319e-01 -1.540099e+01 -8.342988e-02 1.140119e-01 9.899701e-01 2.302164e+02
9.964008e-01 1.850576e-02 8.272167e-02 8.070519e+00 -8.782975e-03 9.931648e-01 -1.163891e-01 -1.558652e+01 -8.431012e-02 1.152437e-01 9.897528e-01 2.317009e+02
9.963403e-01 1.782119e-02 8.359677e-02 8.178768e+00 -7.947075e-03 9.931009e-01 -1.169931e-01 -1.578162e+01 -8.510498e-02 1.159006e-01 9.896081e-01 2.331873e+02
9.963164e-01 1.605416e-02 8.423645e-02 8.285840e+00 -6.127540e-03 9.931363e-01 -1.168021e-01 -1.597881e+01 -8.553344e-02 1.158557e-01 9.895764e-01 2.346802e+02
9.962292e-01 1.344003e-02 8.571310e-02 8.396670e+00 -3.357539e-03 9.931608e-01 -1.167060e-01 -1.617941e+01 -8.669543e-02 1.159782e-01 9.894609e-01 2.361903e+02
9.960045e-01 1.282785e-02 8.837707e-02 8.455400e+00 -2.445243e-03 9.931759e-01 -1.166008e-01 -1.637780e+01 -8.926971e-02 1.159188e-01 9.892390e-01 2.377125e+02
9.959998e-01 1.263931e-02 8.845696e-02 8.558159e+00 -2.352542e-03 9.933115e-01 -1.154419e-01 -1.659012e+01 -8.932441e-02 1.147720e-01 9.893677e-01 2.392838e+02
9.958795e-01 1.252370e-02 8.981785e-02 8.696830e+00 -2.056582e-03 9.932827e-01 -1.156949e-01 -1.679612e+01 -9.066344e-02 1.150335e-01 9.892156e-01 2.407891e+02
9.957804e-01 1.324270e-02 9.080735e-02 8.854848e+00 -2.611340e-03 9.932213e-01 -1.162088e-01 -1.699528e+01 -9.173072e-02 1.154814e-01 9.890650e-01 2.422675e+02
9.959378e-01 1.530954e-02 8.873306e-02 9.134597e+00 -4.895161e-03 9.931884e-01 -1.164164e-01 -1.717520e+01 -8.991093e-02 1.155091e-01 9.892288e-01 2.436438e+02
9.957694e-01 1.491235e-02 9.066888e-02 9.233123e+00 -4.523787e-03 9.935026e-01 -1.137194e-01 -1.737782e+01 -9.177560e-02 1.128282e-01 9.893670e-01 2.451311e+02
9.956831e-01 1.372449e-02 9.179810e-02 9.396954e+00 -3.315217e-03 9.936352e-01 -1.125974e-01 -1.757429e+01 -9.275915e-02 1.118070e-01 9.893912e-01 2.465605e+02
9.959206e-01 1.486099e-02 8.900156e-02 9.636342e+00 -4.576403e-03 9.933940e-01 -1.146619e-01 -1.778854e+01 -9.011761e-02 1.137868e-01 9.894096e-01 2.482321e+02
9.956228e-01 1.418043e-02 9.238103e-02 9.674412e+00 -3.249789e-03 9.930779e-01 -1.174127e-01 -1.798191e+01 -9.340652e-02 1.165986e-01 9.887770e-01 2.498062e+02
9.954052e-01 1.531496e-02 9.451970e-02 9.767452e+00 -4.194620e-03 9.931530e-01 -1.167456e-01 -1.819977e+01 -9.566048e-02 1.158127e-01 9.886539e-01 2.514211e+02
9.954610e-01 1.408726e-02 9.412119e-02 9.966928e+00 -3.067236e-03 9.932192e-01 -1.162164e-01 -1.840474e+01 -9.512014e-02 1.154002e-01 9.887543e-01 2.529866e+02
9.955187e-01 1.011851e-02 9.402164e-02 1.012665e+01 7.098674e-04 9.934313e-01 -1.144283e-01 -1.862920e+01 -9.456188e-02 1.139822e-01 9.889722e-01 2.545373e+02
9.952148e-01 1.651187e-02 9.630585e-02 1.025623e+01 -5.050797e-03 9.929940e-01 -1.180568e-01 -1.878307e+01 -9.758046e-02 1.170055e-01 9.883257e-01 2.560542e+02
9.956636e-01 1.693556e-02 9.147175e-02 1.051214e+01 -5.973869e-03 9.928996e-01 -1.188054e-01 -1.900004e+01 -9.283429e-02 1.177438e-01 9.886952e-01 2.577105e+02
9.955047e-01 2.156371e-02 9.222478e-02 1.065655e+01 -1.036783e-02 9.926961e-01 -1.201954e-01 -1.919704e+01 -9.414305e-02 1.186989e-01 9.884572e-01 2.592993e+02
9.956715e-01 1.908781e-02 9.096139e-02 1.084075e+01 -8.017593e-03 9.926752e-01 -1.205468e-01 -1.940117e+01 -9.259610e-02 1.192957e-01 9.885315e-01 2.608451e+02
9.954553e-01 1.869182e-02 9.337739e-02 1.094109e+01 -6.982438e-03 9.922346e-01 -1.241839e-01 -1.958143e+01 -9.497350e-02 1.229676e-01 9.878558e-01 2.623648e+02
9.953524e-01 1.881360e-02 9.444331e-02 1.106489e+01 -7.021203e-03 9.922981e-01 -1.236735e-01 -1.979865e+01 -9.604266e-02 1.224356e-01 9.878185e-01 2.639567e+02
9.952645e-01 1.614086e-02 9.585436e-02 1.118160e+01 -4.217657e-03 9.923592e-01 -1.233105e-01 -2.002163e+01 -9.711229e-02 1.223223e-01 9.877279e-01 2.655137e+02
9.953477e-01 1.478010e-02 9.520776e-02 1.133500e+01 -2.828370e-03 9.922202e-01 -1.244636e-01 -2.024371e+01 -9.630664e-02 1.236153e-01 9.876459e-01 2.670442e+02
9.954829e-01 1.461048e-02 9.381031e-02 1.150568e+01 -2.713390e-03 9.920627e-01 -1.257152e-01 -2.046877e+01 -9.490246e-02 1.248927e-01 9.876211e-01 2.686344e+02
9.949949e-01 1.371890e-02 9.897919e-02 1.157174e+01 -1.254887e-03 9.921681e-01 -1.249035e-01 -2.068960e+01 -9.991753e-02 1.241542e-01 9.872195e-01 2.701218e+02
9.948182e-01 1.087663e-02 1.010869e-01 1.170432e+01 1.646891e-03 9.924069e-01 -1.229873e-01 -2.090899e+01 -1.016570e-01 1.225165e-01 9.872465e-01 2.716535e+02
9.952091e-01 8.801260e-03 9.737264e-02 1.195427e+01 3.281965e-03 9.923713e-01 -1.232416e-01 -2.114268e+01 -9.771450e-02 1.229707e-01 9.875880e-01 2.732946e+02
9.951460e-01 4.613724e-03 9.830075e-02 1.201902e+01 7.623159e-03 9.922847e-01 -1.237456e-01 -2.138052e+01 -9.811325e-02 1.238943e-01 9.874330e-01 2.749116e+02
9.948150e-01 3.943944e-03 1.016249e-01 1.213676e+01 8.794568e-03 9.921686e-01 -1.245957e-01 -2.160097e+01 -1.013205e-01 1.248434e-01 9.869895e-01 2.764167e+02
9.947445e-01 5.923742e-03 1.022162e-01 1.226770e+01 6.934116e-03 9.921352e-01 -1.249785e-01 -2.182694e+01 -1.021527e-01 1.250304e-01 9.868801e-01 2.780421e+02
9.945816e-01 1.012089e-02 1.034655e-01 1.243061e+01 3.065880e-03 9.919614e-01 -1.265040e-01 -2.204039e+01 -1.039141e-01 1.261358e-01 9.865555e-01 2.795893e+02
9.945853e-01 7.317639e-03 1.036651e-01 1.260095e+01 5.887326e-03 9.919485e-01 -1.265052e-01 -2.227692e+01 -1.037561e-01 1.264305e-01 9.865344e-01 2.811818e+02
9.945242e-01 7.479034e-03 1.042386e-01 1.276778e+01 5.861050e-03 9.918745e-01 -1.270855e-01 -2.249987e+01 -1.043421e-01 1.270006e-01 9.863993e-01 2.827359e+02
9.944358e-01 1.069409e-02 1.048006e-01 1.297766e+01 2.810375e-03 9.917868e-01 -1.278714e-01 -2.273302e+01 -1.053073e-01 1.274544e-01 9.862382e-01 2.842785e+02
9.943526e-01 1.045593e-02 1.056106e-01 1.318049e+01 3.205769e-03 9.917214e-01 -1.283682e-01 -2.296387e+01 -1.060785e-01 1.279818e-01 9.860872e-01 2.858590e+02
9.943600e-01 8.210848e-03 1.057397e-01 1.337086e+01 5.419875e-03 9.917620e-01 -1.279795e-01 -2.320576e+01 -1.059194e-01 1.278308e-01 9.861239e-01 2.873470e+02
9.942067e-01 9.475417e-03 1.070664e-01 1.354117e+01 4.483561e-03 9.915837e-01 -1.293894e-01 -2.339579e+01 -1.073913e-01 1.291198e-01 9.857967e-01 2.890261e+02
9.942520e-01 6.557123e-03 1.068641e-01 1.372123e+01 7.322807e-03 9.916207e-01 -1.289759e-01 -2.363682e+01 -1.068143e-01 1.290171e-01 9.858729e-01 2.906040e+02
9.942331e-01 5.919836e-03 1.070773e-01 1.389771e+01 8.289365e-03 9.912457e-01 -1.317699e-01 -2.385972e+01 -1.069200e-01 1.318976e-01 9.854801e-01 2.921710e+02
9.944299e-01 2.704703e-03 1.053651e-01 1.408001e+01 1.151779e-02 9.908954e-01 -1.341403e-01 -2.409966e+01 -1.047686e-01 1.346067e-01 9.853449e-01 2.937787e+02
9.945139e-01 2.212317e-04 1.046047e-01 1.426064e+01 1.403871e-02 9.906688e-01 -1.355661e-01 -2.430295e+01 -1.036587e-01 1.362909e-01 9.852307e-01 2.953580e+02
9.945229e-01 -8.943983e-04 1.045150e-01 1.441375e+01 1.512732e-02 9.906663e-01 -1.354678e-01 -2.454434e+01 -1.034184e-01 1.363068e-01 9.852538e-01 2.968788e+02
9.945512e-01 -2.540543e-03 1.042185e-01 1.456288e+01 1.694544e-02 9.903474e-01 -1.375676e-01 -2.474969e+01 -1.028630e-01 1.385840e-01 9.849942e-01 2.983825e+02
9.948053e-01 -4.062586e-03 1.017145e-01 1.478992e+01 1.820957e-02 9.901884e-01 -1.385470e-01 -2.499928e+01 -1.001537e-01 1.396795e-01 9.851187e-01 3.000761e+02
9.947845e-01 -4.452983e-03 1.019022e-01 1.494285e+01 1.868507e-02 9.900963e-01 -1.391406e-01 -2.524974e+01 -1.002734e-01 1.403189e-01 9.850156e-01 3.017257e+02
9.948626e-01 -2.848916e-03 1.011943e-01 1.511670e+01 1.721556e-02 9.898052e-01 -1.413839e-01 -2.545713e+01 -9.975985e-02 1.423996e-01 9.847692e-01 3.032768e+02
9.950939e-01 -3.621813e-03 9.886818e-02 1.531892e+01 1.762979e-02 9.898268e-01 -1.411813e-01 -2.569673e+01 -9.735103e-02 1.422317e-01 9.850345e-01 3.049108e+02
9.953556e-01 -3.124478e-03 9.621570e-02 1.555347e+01 1.665425e-02 9.899916e-01 -1.401402e-01 -2.595458e+01 -9.481487e-02 1.410918e-01 9.854457e-01 3.065161e+02
9.953062e-01 -3.030309e-03 9.672838e-02 1.570617e+01 1.675162e-02 9.898165e-01 -1.413602e-01 -2.619183e+01 -9.531498e-02 1.423171e-01 9.852213e-01 3.081057e+02
9.953372e-01 -1.897240e-03 9.643823e-02 1.589334e+01 1.564229e-02 9.897470e-01 -1.419724e-01 -2.644268e+01 -9.518009e-02 1.428189e-01 9.851617e-01 3.097099e+02
9.953899e-01 -3.277004e-03 9.585556e-02 1.607214e+01 1.699032e-02 9.896346e-01 -1.425995e-01 -2.669338e+01 -9.439468e-02 1.435707e-01 9.851279e-01 3.112838e+02
9.954886e-01 -4.728426e-03 9.476271e-02 1.625328e+01 1.838778e-02 9.894367e-01 -1.437944e-01 -2.694683e+01 -9.308178e-02 1.448882e-01 9.850600e-01 3.128913e+02
9.955705e-01 -5.484744e-03 9.385712e-02 1.643183e+01 1.922686e-02 9.890761e-01 -1.461462e-01 -2.720162e+01 -9.203027e-02 1.473034e-01 9.848006e-01 3.144729e+02
9.956736e-01 -5.536784e-03 9.275439e-02 1.660470e+01 1.931405e-02 9.887530e-01 -1.483054e-01 -2.744185e+01 -9.089004e-02 1.494552e-01 9.845822e-01 3.160399e+02
9.959582e-01 -4.111453e-03 8.972381e-02 1.676606e+01 1.759166e-02 9.885334e-01 -1.499741e-01 -2.769404e+01 -8.807837e-02 1.509463e-01 9.846103e-01 3.176095e+02
9.962798e-01 -3.115982e-03 8.612048e-02 1.695119e+01 1.602371e-02 9.886168e-01 -1.495995e-01 -2.797142e+01 -8.467401e-02 1.504230e-01 9.849889e-01 3.192950e+02
9.963562e-01 -1.835619e-03 8.526993e-02 1.710982e+01 1.439595e-02 9.890434e-01 -1.469215e-01 -2.824348e+01 -8.406597e-02 1.476137e-01 9.854659e-01 3.209488e+02
9.962775e-01 -3.652561e-03 8.612641e-02 1.725047e+01 1.608073e-02 9.894391e-01 -1.440543e-01 -2.851602e+01 -8.469067e-02 1.449030e-01 9.858147e-01 3.226289e+02
9.961054e-01 -4.016589e-03 8.807874e-02 1.733884e+01 1.664259e-02 9.895699e-01 -1.430888e-01 -2.878311e+01 -8.658534e-02 1.439974e-01 9.857828e-01 3.242861e+02
9.959375e-01 -4.714283e-03 8.992320e-02 1.744563e+01 1.770458e-02 9.893878e-01 -1.442164e-01 -2.904990e+01 -8.828904e-02 1.452226e-01 9.854519e-01 3.259326e+02
9.957321e-01 -6.541786e-03 9.205858e-02 1.751600e+01 1.994378e-02 9.891680e-01 -1.454262e-01 -2.929556e+01 -9.011006e-02 1.466416e-01 9.850768e-01 3.274891e+02
9.955833e-01 -7.578285e-03 9.357627e-02 1.763363e+01 2.115313e-02 9.892140e-01 -1.449422e-01 -2.956836e+01 -9.146854e-02 1.462815e-01 9.850052e-01 3.291400e+02
9.953962e-01 -7.738178e-03 9.553295e-02 1.774842e+01 2.160113e-02 9.892039e-01 -1.449453e-01 -2.984364e+01 -9.337995e-02 1.463416e-01 9.848169e-01 3.308252e+02
9.952207e-01 -5.775958e-03 9.748031e-02 1.787417e+01 1.998306e-02 9.891704e-01 -1.454052e-01 -3.012410e+01 -9.558478e-02 1.466583e-01 9.845582e-01 3.325125e+02
9.950905e-01 -4.855154e-03 9.884989e-02 1.800682e+01 1.933619e-02 9.890851e-01 -1.460710e-01 -3.039542e+01 -9.706176e-02 1.472652e-01 9.843231e-01 3.341661e+02
9.949237e-01 -6.834976e-03 1.004002e-01 1.812112e+01 2.145039e-02 9.891661e-01 -1.452246e-01 -3.066138e+01 -9.831984e-02 1.466410e-01 9.842914e-01 3.358066e+02
9.948069e-01 -7.312689e-03 1.015166e-01 1.824888e+01 2.203325e-02 9.892368e-01 -1.446547e-01 -3.093050e+01 -9.936611e-02 1.461403e-01 9.842609e-01 3.374571e+02
9.946721e-01 -8.088376e-03 1.027720e-01 1.838304e+01 2.312852e-02 9.890127e-01 -1.460105e-01 -3.120123e+01 -1.004618e-01 1.476095e-01 9.839303e-01 3.391017e+02
9.946496e-01 -6.383621e-03 1.031086e-01 1.854012e+01 2.149196e-02 9.890376e-01 -1.460918e-01 -3.147485e+01 -1.010457e-01 1.475262e-01 9.838830e-01 3.407678e+02
9.946222e-01 -4.714431e-03 1.034618e-01 1.868173e+01 2.002327e-02 9.888694e-01 -1.474325e-01 -3.174928e+01 -1.016152e-01 1.487113e-01 9.836459e-01 3.423669e+02
9.946823e-01 -2.999488e-03 1.029472e-01 1.884227e+01 1.851391e-02 9.885002e-01 -1.500815e-01 -3.202238e+01 -1.013131e-01 1.511894e-01 9.832993e-01 3.440002e+02
9.946975e-01 -1.315641e-03 1.028356e-01 1.898692e+01 1.681380e-02 9.885449e-01 -1.499877e-01 -3.229886e+01 -1.014602e-01 1.509215e-01 9.833252e-01 3.456640e+02
9.946736e-01 -1.323014e-03 1.030662e-01 1.909469e+01 1.668336e-02 9.887994e-01 -1.483155e-01 -3.255709e+01 -1.017155e-01 1.492450e-01 9.835547e-01 3.472462e+02
9.947072e-01 2.865784e-04 1.027496e-01 1.924920e+01 1.476481e-02 9.892193e-01 -1.456954e-01 -3.282523e+01 -1.016837e-01 1.464414e-01 9.839793e-01 3.488640e+02
9.949464e-01 1.561471e-03 1.003959e-01 1.945444e+01 1.328063e-02 9.890478e-01 -1.469969e-01 -3.309504e+01 -9.952588e-02 1.475874e-01 9.840288e-01 3.504777e+02
9.951963e-01 8.678960e-04 9.789547e-02 1.967165e+01 1.370423e-02 9.888800e-01 -1.480829e-01 -3.336625e+01 -9.693540e-02 1.487132e-01 9.841179e-01 3.520776e+02
9.952643e-01 -9.062958e-04 9.720165e-02 1.979669e+01 1.533708e-02 9.888955e-01 -1.478186e-01 -3.362470e+01 -9.598831e-02 1.486094e-01 9.842263e-01 3.536466e+02
9.953262e-01 -2.571480e-03 9.653622e-02 1.994134e+01 1.687878e-02 9.888903e-01 -1.476853e-01 -3.390205e+01 -9.508397e-02 1.486245e-01 9.843118e-01 3.553108e+02
9.953887e-01 -2.597817e-03 9.588856e-02 2.010185e+01 1.683046e-02 9.888559e-01 -1.479215e-01 -3.418731e+01 -9.443569e-02 1.488533e-01 9.843397e-01 3.569778e+02
9.954271e-01 -3.491160e-03 9.546044e-02 2.024754e+01 1.773828e-02 9.887068e-01 -1.488096e-01 -3.446569e+01 -9.386286e-02 1.498224e-01 9.842474e-01 3.586383e+02
9.953905e-01 -4.834448e-03 9.578233e-02 2.038544e+01 1.917497e-02 9.885950e-01 -1.493727e-01 -3.474257e+01 -9.396780e-02 1.505208e-01 9.841309e-01 3.603020e+02
9.953554e-01 -5.387558e-03 9.611712e-02 2.054009e+01 1.986737e-02 9.884353e-01 -1.503358e-01 -3.501266e+01 -9.419562e-02 1.515471e-01 9.839516e-01 3.619526e+02
9.953415e-01 -5.939309e-03 9.622901e-02 2.067783e+01 2.044793e-02 9.883988e-01 -1.504980e-01 -3.529275e+01 -9.421878e-02 1.517646e-01 9.839158e-01 3.635724e+02
9.952796e-01 -4.407567e-03 9.694878e-02 2.082140e+01 1.918182e-02 9.881951e-01 -1.519951e-01 -3.557736e+01 -9.513438e-02 1.531373e-01 9.836150e-01 3.652498e+02
