1.000000e+00 0.000000e+00 0.000000e+00 0.000000e+00 0.000000e+00 1.000000e+00 0.000000e+00 0.000000e+00 0.000000e+00 0.000000e+00 1.000000e+00 0.000000e+00
9.999839e-01 1.259958e-03 5.535254e-03 -1.254874e-01 -1.263539e-03 9.999990e-01 6.434868e-04 1.033447e-02 -5.534438e-03 -6.504704e-04 9.999845e-01 -4.389942e-01
9.999987e-01 -7.016300e-05 1.631597e-03 -5.194453e-02 7.061110e-05 9.999999e-01 -2.745851e-04 1.816335e-03 -1.631578e-03 2.746999e-04 9.999986e-01 4.000718e-02
9.999998e-01 -2.290115e-04 -6.339722e-04 -3.182278e-02 2.275862e-04 9.999974e-01 -2.247309e-03 -8.054608e-03 6.344853e-04 2.247164e-03 9.999973e-01 6.353719e-01
9.999918e-01 -1.741268e-03 -3.643598e-03 -6.962792e-03 1.731024e-03 9.999945e-01 -2.812903e-03 -2.530881e-02 3.648476e-03 2.806573e-03 9.999894e-01 1.141470e+00
9.999822e-01 -3.269403e-03 -4.978045e-03 -2.220738e-02 3.247524e-03 9.999850e-01 -4.396840e-03 -3.629011e-02 4.992345e-03 4.380596e-03 9.999779e-01 1.692992e+00
9.999520e-01 -5.375366e-03 -8.187676e-03 3.473052e-02 5.318642e-03 9.999618e-01 -6.934056e-03 -4.557663e-02 8.224636e-03 6.890176e-03 9.999424e-01 2.186029e+00
9.999403e-01 -7.357792e-03 -8.078226e-03 -6.631787e-03 7.293791e-03 9.999420e-01 -7.923737e-03 -5.294151e-02 8.136058e-03 7.864344e-03 9.999360e-01 2.771255e+00
9.999192e-01 -7.230667e-03 -1.045200e-02 9.107007e-03 7.145659e-03 9.999413e-01 -8.147764e-03 -5.548119e-02 1.051030e-02 8.072419e-03 9.999122e-01 3.351553e+00
9.999338e-01 -6.402001e-03 -9.564419e-03 -5.270335e-02 6.308019e-03 9.999319e-01 -9.824278e-03 -6.147921e-02 9.626662e-03 9.763295e-03 9.999060e-01 3.965113e+00
9.999356e-01 -6.400249e-03 -9.372367e-03 -8.470336e-02 6.283914e-03 9.999035e-01 -1.238982e-02 -7.993238e-02 9.450760e-03 1.233013e-02 9.998793e-01 4.569987e+00
9.999366e-01 -4.352943e-03 -1.038200e-02 -9.407331e-02 4.176633e-03 9.998477e-01 -1.694386e-02 -9.146423e-02 1.045418e-02 1.689943e-02 9.998025e-01 5.154224e+00
9.999468e-01 -3.020698e-03 -9.858676e-03 -1.316001e-01 2.823110e-03 9.997961e-01 -1.999485e-02 -1.128762e-01 9.917065e-03 1.996595e-02 9.997514e-01 5.791424e+00
9.999340e-01 -8.238872e-04 -1.145808e-02 -1.308537e-01 5.978947e-04 9.998055e-01 -1.971287e-02 -1.267147e-01 1.147210e-02 1.970472e-02 9.997400e-01 6.408428e+00
9.999250e-01 2.075267e-03 -1.207002e-02 -1.612684e-01 -2.243328e-03 9.999005e-01 -1.392701e-02 -1.321456e-01 1.203992e-02 1.395304e-02 9.998302e-01 7.091761e+00
9.999030e-01 2.941324e-03 -1.361358e-02 -1.576178e-01 -3.001898e-03 9.999857e-01 -4.431168e-03 -1.386125e-01 1.360036e-02 4.471605e-03 9.998975e-01 7.688466e+00
9.998933e-01 3.735163e-03 -1.412262e-02 -1.719190e-01 -3.714117e-03 9.999920e-01 1.516205e-03 -1.496556e-01 1.412817e-02 -1.463590e-03 9.998991e-01 8.334780e+00
9.998815e-01 6.494329e-03 -1.395836e-02 -2.051587e-01 -6.485720e-03 9.999787e-01 6.619634e-04 -1.673500e-01 1.396237e-02 -5.713549e-04 9.999024e-01 9.027365e+00
9.998562e-01 8.653179e-03 -1.458061e-02 -2.215305e-01 -8.764555e-03 9.999328e-01 -7.592088e-03 -1.643823e-01 1.451393e-02 7.718789e-03 9.998649e-01 9.688788e+00
9.998448e-01 7.513438e-03 -1.593090e-02 -2.282742e-01 -7.738059e-03 9.998708e-01 -1.408530e-02 -1.623243e-01 1.582301e-02 1.420638e-02 9.997739e-01 1.036744e+01
9.998565e-01 6.105308e-03 -1.580570e-02 -2.401850e-01 -6.292043e-03 9.999107e-01 -1.179177e-02 -1.758327e-01 1.573230e-02 1.188953e-02 9.998056e-01 1.111932e+01
9.998621e-01 5.001776e-03 -1.583783e-02 -2.433970e-01 -5.065100e-03 9.999793e-01 -3.960676e-03 -1.761890e-01 1.581769e-02 4.040350e-03 9.998667e-01 1.189048e+01
9.998878e-01 3.387378e-03 -1.459287e-02 -2.836206e-01 -3.324054e-03 9.999850e-01 4.361447e-03 -1.934393e-01 1.460742e-02 -4.312451e-03 9.998840e-01 1.268933e+01
9.999037e-01 2.061796e-03 -1.372306e-02 -3.112026e-01 -1.978095e-03 9.999794e-01 6.110113e-03 -1.933432e-01 1.373538e-02 -6.082379e-03 9.998872e-01 1.346024e+01
9.999263e-01 -6.296168e-04 -1.212208e-02 -3.394039e-01 6.923579e-04 9.999864e-01 5.172264e-03 -1.989134e-01 1.211866e-02 -5.180276e-03 9.999132e-01 1.427242e+01
9.999099e-01 -1.803428e-03 -1.330230e-02 -3.167590e-01 1.823169e-03 9.999973e-01 1.472054e-03 -1.906327e-01 1.329961e-02 -1.496174e-03 9.999104e-01 1.506506e+01
9.999135e-01 2.635827e-04 -1.315367e-02 -3.253013e-01 -2.716651e-04 9.999998e-01 -6.126821e-04 -2.095065e-01 1.315351e-02 6.162025e-04 9.999133e-01 1.590761e+01
9.999085e-01 -4.656080e-03 -1.270041e-02 -3.287913e-01 4.591614e-03 9.999765e-01 -5.100326e-03 -2.327229e-01 1.272386e-02 5.041544e-03 9.999064e-01 1.674295e+01
9.999111e-01 -6.625186e-03 -1.157257e-02 -3.302557e-01 6.495063e-03 9.999157e-01 -1.124566e-02 -2.464688e-01 1.164610e-02 1.116949e-02 9.998698e-01 1.757502e+01
9.999349e-01 -5.347874e-03 -1.008403e-02 -3.353453e-01 5.174797e-03 9.998402e-01 -1.711208e-02 -2.567922e-01 1.017393e-02 1.705878e-02 9.998027e-01 1.849030e+01
9.999442e-01 -3.718250e-03 -9.893630e-03 -3.329427e-01 3.543734e-03 9.998388e-01 -1.759863e-02 -2.779832e-01 9.957471e-03 1.756259e-02 9.997962e-01 1.943723e+01
9.999391e-01 -3.509645e-03 -1.045784e-02 -3.341114e-01 3.328294e-03 9.998447e-01 -1.730836e-02 -3.038795e-01 1.051697e-02 1.727250e-02 9.997955e-01 2.033784e+01
9.999474e-01 -2.115320e-03 -1.003257e-02 -3.503904e-01 1.931575e-03 9.998308e-01 -1.828940e-02 -3.340099e-01 1.006956e-02 1.826906e-02 9.997824e-01 2.127301e+01
9.999584e-01 4.003089e-04 -9.110952e-03 -3.719635e-01 -5.826442e-04 9.997994e-01 -2.001891e-02 -3.638297e-01 9.101111e-03 2.002339e-02 9.997581e-01 2.221344e+01
9.999465e-01 2.879050e-03 -9.936086e-03 -3.701522e-01 -3.105341e-03 9.997344e-01 -2.283493e-02 -3.729225e-01 9.867704e-03 2.286457e-02 9.996899e-01 2.320380e+01
9.999430e-01 4.147407e-03 -9.841709e-03 -3.845221e-01 -4.372236e-03 9.997274e-01 -2.293410e-02 -4.064189e-01 9.743910e-03 2.297582e-02 9.996885e-01 2.412235e+01
9.999449e-01 4.024534e-03 -9.691480e-03 -4.216318e-01 -4.248471e-03 9.997219e-01 -2.319797e-02 -4.378338e-01 9.595423e-03 2.323786e-02 9.996839e-01 2.512845e+01
9.999500e-01 3.880668e-03 -9.218441e-03 -4.452788e-01 -4.089349e-03 9.997333e-01 -2.272738e-02 -4.750053e-01 9.127785e-03 2.276394e-02 9.996992e-01 2.615745e+01
9.999475e-01 2.635432e-03 -9.897219e-03 -4.743152e-01 -2.894236e-03 9.996518e-01 -2.622650e-02 -4.733890e-01 9.824655e-03 2.625377e-02 9.996070e-01 2.723468e+01
9.999509e-01 2.832036e-03 -9.499214e-03 -5.060224e-01 -3.060915e-03 9.997032e-01 -2.416711e-02 -5.147188e-01 9.427953e-03 2.419500e-02 9.996628e-01 2.822273e+01
9.999421e-01 3.492380e-03 -1.018349e-02 -5.143535e-01 -3.733275e-03 9.997113e-01 -2.373320e-02 -5.440749e-01 1.009767e-02 2.376984e-02 9.996665e-01 2.929707e+01
9.999406e-01 2.955343e-03 -1.049446e-02 -5.236542e-01 -3.212100e-03 9.996938e-01 -2.453394e-02 -5.844921e-01 1.041874e-02 2.456619e-02 9.996439e-01 3.028102e+01
9.999253e-01 2.749126e-03 -1.191501e-02 -5.262078e-01 -3.050765e-03 9.996734e-01 -2.537210e-02 -6.246054e-01 1.184137e-02 2.540655e-02 9.996071e-01 3.134880e+01
9.999196e-01 2.104304e-03 -1.250314e-02 -5.434870e-01 -2.396821e-03 9.997227e-01 -2.342679e-02 -6.706864e-01 1.245037e-02 2.345488e-02 9.996474e-01 3.242395e+01
9.999064e-01 -5.680431e-05 -1.368231e-02 -5.638655e-01 -2.461362e-04 9.997549e-01 -2.213834e-02 -7.003757e-01 1.368021e-02 2.213963e-02 9.996613e-01 3.346163e+01
9.998930e-01 -3.869256e-04 -1.462757e-02 -5.855954e-01 1.313067e-04 9.998474e-01 -1.747206e-02 -7.429532e-01 1.463210e-02 1.746827e-02 9.997404e-01 3.457141e+01
9.998915e-01 -1.026048e-03 -1.469744e-02 -6.248118e-01 8.017123e-04 9.998832e-01 -1.526136e-02 -7.775503e-01 1.471138e-02 1.524792e-02 9.997755e-01 3.565036e+01
9.998826e-01 -3.109805e-03 -1.500695e-02 -6.606311e-01 2.879692e-03 9.998783e-01 -1.533107e-02 -8.055807e-01 1.505280e-02 1.528605e-02 9.997699e-01 3.667081e+01
9.998857e-01 -3.044638e-03 -1.480494e-02 -6.983817e-01 2.795975e-03 9.998552e-01 -1.678774e-02 -8.360235e-01 1.485390e-02 1.674443e-02 9.997495e-01 3.775111e+01
9.998785e-01 -4.041920e-03 -1.505223e-02 -7.311224e-01 3.756750e-03 9.998139e-01 -1.892575e-02 -8.542399e-01 1.512592e-02 1.886690e-02 9.997076e-01 3.884808e+01
9.998522e-01 -4.585552e-03 -1.657206e-02 -7.665479e-01 4.299113e-03 9.998415e-01 -1.727899e-02 -8.943174e-01 1.664867e-02 1.720519e-02 9.997134e-01 3.997680e+01
9.998452e-01 -4.755548e-03 -1.693787e-02 -8.108267e-01 4.479553e-03 9.998572e-01 -1.629539e-02 -9.236465e-01 1.701295e-02 1.621700e-02 9.997237e-01 4.108080e+01
9.998244e-01 -6.280797e-03 -1.765572e-02 -8.345510e-01 6.015170e-03 9.998685e-01 -1.505786e-02 -9.495577e-01 1.774797e-02 1.494902e-02 9.997307e-01 4.217947e+01
9.998327e-01 -5.576040e-03 -1.741922e-02 -8.725389e-01 5.295529e-03 9.998562e-01 -1.610832e-02 -9.805521e-01 1.750653e-02 1.601338e-02 9.997185e-01 4.329538e+01
9.998439e-01 -4.971554e-03 -1.695531e-02 -9.038801e-01 4.625281e-03 9.997812e-01 -2.040114e-02 -1.013622e+00 1.705302e-02 2.031953e-02 9.996481e-01 4.441125e+01
9.998574e-01 -3.842805e-03 -1.644530e-02 -9.260374e-01 3.416378e-03 9.996592e-01 -2.588001e-02 -1.040686e+00 1.653915e-02 2.582013e-02 9.995298e-01 4.552380e+01
9.998551e-01 -3.736436e-03 -1.660773e-02 -9.432175e-01 3.303701e-03 9.996563e-01 -2.600775e-02 -1.088621e+00 1.669919e-02 2.594911e-02 9.995238e-01 4.656555e+01
9.998550e-01 -3.936016e-03 -1.657013e-02 -9.669181e-01 3.547939e-03 9.997202e-01 -2.338487e-02 -1.133441e+00 1.665754e-02 2.332269e-02 9.995892e-01 4.761451e+01
9.998683e-01 -3.250516e-03 -1.590080e-02 -9.970769e-01 2.914994e-03 9.997736e-01 -2.107881e-02 -1.181015e+00 1.596571e-02 2.102969e-02 9.996514e-01 4.871581e+01
9.998747e-01 -4.099722e-03 -1.529270e-02 -1.021812e+00 3.785713e-03 9.997826e-01 -2.050599e-02 -1.213170e+00 1.537345e-02 2.044553e-02 9.996728e-01 4.976477e+01
9.998634e-01 -4.773844e-03 -1.582330e-02 -1.027528e+00 4.422524e-03 9.997446e-01 -2.216378e-02 -1.252735e+00 1.592507e-02 2.209077e-02 9.996291e-01 5.093483e+01
9.998641e-01 -5.192137e-03 -1.564531e-02 -1.057979e+00 4.789310e-03 9.996588e-01 -2.567584e-02 -1.279777e+00 1.577329e-02 2.559742e-02 9.995479e-01 5.196494e+01
9.998788e-01 -5.756998e-03 -1.446241e-02 -1.085272e+00 5.385176e-03 9.996573e-01 -2.561828e-02 -1.336501e+00 1.460494e-02 2.553729e-02 9.995672e-01 5.305491e+01
9.998892e-01 -6.706583e-03 -1.328864e-02 -1.107896e+00 6.320701e-03 9.995632e-01 -2.887076e-02 -1.377377e+00 1.347646e-02 2.878357e-02 9.994948e-01 5.405621e+01
9.998634e-01 -8.443576e-03 -1.421037e-02 -1.093776e+00 7.979059e-03 9.994420e-01 -3.243379e-02 -1.426067e+00 1.447630e-02 3.231597e-02 9.993728e-01 5.512903e+01
9.998316e-01 -1.085031e-02 -1.480219e-02 -1.100988e+00 1.029910e-02 9.992688e-01 -3.681974e-02 -1.454209e+00 1.519087e-02 3.666109e-02 9.992123e-01 5.624478e+01
9.997948e-01 -1.301113e-02 -1.552391e-02 -1.099559e+00 1.246498e-02 9.993175e-01 -3.477383e-02 -1.506745e+00 1.596576e-02 3.457319e-02 9.992746e-01 5.732676e+01
9.997487e-01 -1.443692e-02 -1.714780e-02 -1.087631e+00 1.393555e-02 9.994821e-01 -2.900660e-02 -1.557587e+00 1.755769e-02 2.876035e-02 9.994321e-01 5.843497e+01
9.997336e-01 -1.636818e-02 -1.627400e-02 -1.118593e+00 1.597694e-02 9.995870e-01 -2.388669e-02 -1.597516e+00 1.665827e-02 2.362032e-02 9.995822e-01 5.947338e+01
9.996896e-01 -1.917592e-02 -1.590195e-02 -1.140780e+00 1.879021e-02 9.995339e-01 -2.406010e-02 -1.631707e+00 1.635591e-02 2.375383e-02 9.995840e-01 6.056965e+01
9.995814e-01 -2.404439e-02 -1.609077e-02 -1.157695e+00 2.362134e-02 9.993832e-01 -2.598453e-02 -1.687403e+00 1.670562e-02 2.559357e-02 9.995328e-01 6.166054e+01
9.995643e-01 -2.518181e-02 -1.539565e-02 -1.191644e+00 2.469968e-02 9.992221e-01 -3.074246e-02 -1.720328e+00 1.615782e-02 3.034880e-02 9.994088e-01 6.273085e+01
9.995679e-01 -2.495537e-02 -1.553430e-02 -1.210701e+00 2.442739e-02 9.991469e-01 -3.329705e-02 -1.786301e+00 1.635199e-02 3.290320e-02 9.993247e-01 6.394496e+01
9.996030e-01 -2.364649e-02 -1.532173e-02 -1.239090e+00 2.303462e-02 9.989756e-01 -3.895072e-02 -1.827179e+00 1.622709e-02 3.858233e-02 9.991236e-01 6.504861e+01
9.996846e-01 -2.093400e-02 -1.387491e-02 -1.270814e+00 2.035605e-02 9.989696e-01 -4.056280e-02 -1.875368e+00 1.470976e-02 4.026757e-02 9.990807e-01 6.611137e+01
9.997664e-01 -1.702389e-02 -1.331415e-02 -1.299681e+00 1.651586e-02 9.991646e-01 -3.737949e-02 -1.930280e+00 1.393938e-02 3.715087e-02 9.992124e-01 6.720025e+01
9.997965e-01 -1.569349e-02 -1.267987e-02 -1.334274e+00 1.523051e-02 9.992422e-01 -3.581971e-02 -1.982088e+00 1.323239e-02 3.561930e-02 9.992778e-01 6.826863e+01
9.997703e-01 -1.693309e-02 -1.313903e-02 -1.350009e+00 1.646819e-02 9.992614e-01 -3.471940e-02 -2.038729e+00 1.371723e-02 3.449505e-02 9.993107e-01 6.936639e+01
9.997414e-01 -1.875235e-02 -1.285964e-02 -1.381371e+00 1.830387e-02 9.992492e-01 -3.414842e-02 -2.092470e+00 1.349035e-02 3.390421e-02 9.993340e-01 7.047267e+01
9.997200e-01 -1.984881e-02 -1.288485e-02 -1.411445e+00 1.940709e-02 9.992487e-01 -3.354649e-02 -2.139302e+00 1.354103e-02 3.328704e-02 9.993541e-01 7.151450e+01
9.996402e-01 -2.312759e-02 -1.358503e-02 -1.432534e+00 2.269735e-02 9.992612e-01 -3.101349e-02 -2.198099e+00 1.429226e-02 3.069399e-02 9.994267e-01 7.259792e+01
9.995771e-01 -2.481162e-02 -1.516524e-02 -1.452067e+00 2.435416e-02 9.992639e-01 -2.964016e-02 -2.250392e+00 1.588950e-02 2.925829e-02 9.994456e-01 7.372298e+01
9.995374e-01 -2.610807e-02 -1.559834e-02 -1.458528e+00 2.562410e-02 9.992075e-01 -3.046011e-02 -2.307652e+00 1.638123e-02 3.004633e-02 9.994143e-01 7.477922e+01
9.995225e-01 -2.639762e-02 -1.605962e-02 -1.469725e+00 2.585439e-02 9.991162e-01 -3.314206e-02 -2.370115e+00 1.692030e-02 3.271102e-02 9.993216e-01 7.592337e+01
9.995316e-01 -2.617354e-02 -1.585992e-02 -1.500795e+00 2.559078e-02 9.990278e-01 -3.589563e-02 -2.417914e+00 1.678402e-02 3.547295e-02 9.992297e-01 7.696091e+01
9.995282e-01 -2.503938e-02 -1.779070e-02 -1.511795e+00 2.442720e-02 9.991290e-01 -3.383199e-02 -2.476917e+00 1.862234e-02 3.338145e-02 9.992692e-01 7.803568e+01
9.995364e-01 -2.431800e-02 -1.832148e-02 -1.540807e+00 2.376830e-02 9.992778e-01 -2.964564e-02 -2.529916e+00 1.902917e-02 2.919642e-02 9.993926e-01 7.912401e+01
9.995592e-01 -2.320188e-02 -1.852334e-02 -1.574248e+00 2.271484e-02 9.994016e-01 -2.608436e-02 -2.577818e+00 1.911746e-02 2.565210e-02 9.994881e-01 8.023756e+01
9.995872e-01 -2.215481e-02 -1.829335e-02 -1.604829e+00 2.169551e-02 9.994536e-01 -2.493535e-02 -2.631063e+00 1.883580e-02 2.452817e-02 9.995217e-01 8.133204e+01
9.995566e-01 -2.291288e-02 -1.901648e-02 -1.630677e+00 2.239770e-02 9.993878e-01 -2.687594e-02 -2.678665e+00 1.962064e-02 2.643810e-02 9.994579e-01 8.239868e+01
9.995317e-01 -2.375385e-02 -1.928800e-02 -1.669792e+00 2.320034e-02 9.993265e-01 -2.843058e-02 -2.717704e+00 1.995035e-02 2.796978e-02 9.994097e-01 8.342702e+01
9.995286e-01 -2.412323e-02 -1.898775e-02 -1.707035e+00 2.356475e-02 9.992985e-01 -2.910645e-02 -2.761749e+00 1.967657e-02 2.864529e-02 9.993960e-01 8.445464e+01
9.995019e-01 -2.523417e-02 -1.895087e-02 -1.745059e+00 2.466321e-02 9.992521e-01 -2.978116e-02 -2.803629e+00 1.968820e-02 2.929894e-02 9.993768e-01 8.547959e+01
9.994672e-01 -2.646095e-02 -1.910932e-02 -1.772447e+00 2.590203e-02 9.992459e-01 -2.892640e-02 -2.845276e+00 1.986033e-02 2.841602e-02 9.993989e-01 8.645753e+01
9.994175e-01 -2.683262e-02 -2.108758e-02 -1.786515e+00 2.625301e-02 9.992825e-01 -2.729836e-02 -2.887809e+00 2.180494e-02 2.672885e-02 9.994049e-01 8.739994e+01
9.993576e-01 -2.895976e-02 -2.110888e-02 -1.825434e+00 2.840431e-02 9.992543e-01 -2.615507e-02 -2.938152e+00 2.185058e-02 2.553869e-02 9.994350e-01 8.836413e+01
9.992737e-01 -3.049177e-02 -2.285530e-02 -1.858615e+00 2.989698e-02 9.992166e-01 -2.592913e-02 -2.982410e+00 2.362802e-02 2.522699e-02 9.994025e-01 8.930695e+01
9.991592e-01 -3.209870e-02 -2.550762e-02 -1.896411e+00 3.141388e-02 9.991468e-01 -2.680966e-02 -3.028766e+00 2.634641e-02 2.598582e-02 9.993151e-01 9.027029e+01
9.990693e-01 -3.257901e-02 -2.826887e-02 -1.934386e+00 3.179169e-02 9.991059e-01 -2.786732e-02 -3.073769e+00 2.915148e-02 2.694267e-02 9.992118e-01 9.118545e+01
9.989836e-01 -3.338920e-02 -3.027979e-02 -1.986776e+00 3.253217e-02 9.990680e-01 -2.836775e-02 -3.113310e+00 3.119874e-02 2.735385e-02 9.991388e-01 9.204965e+01
9.989263e-01 -3.228077e-02 -3.322850e-02 -2.022869e+00 3.139330e-02 9.991453e-01 -2.689217e-02 -3.161976e+00 3.406820e-02 2.582015e-02 9.990859e-01 9.293900e+01
9.988869e-01 -3.145032e-02 -3.515386e-02 -2.072101e+00 3.054204e-02 9.991931e-01 -2.608235e-02 -3.202034e+00 3.594580e-02 2.497965e-02 9.990415e-01 9.380619e+01
9.987969e-01 -3.094995e-02 -3.803782e-02 -2.109203e+00 3.000802e-02 9.992347e-01 -2.508959e-02 -3.239866e+00 3.878523e-02 2.391796e-02 9.989613e-01 9.459913e+01
9.987582e-01 -2.976640e-02 -3.994995e-02 -2.146179e+00 2.881851e-02 9.992942e-01 -2.409690e-02 -3.282764e+00 4.063902e-02 2.291568e-02 9.989111e-01 9.540303e+01
9.986793e-01 -2.878761e-02 -4.255518e-02 -2.187948e+00 2.777360e-02 9.993205e-01 -2.423050e-02 -3.316150e+00 4.322380e-02 2.301659e-02 9.988003e-01 9.620461e+01
9.985899e-01 -2.732308e-02 -4.551560e-02 -2.228936e+00 2.618264e-02 9.993327e-01 -2.546647e-02 -3.360693e+00 4.618105e-02 2.423884e-02 9.986390e-01 9.702046e+01
9.984521e-01 -2.628056e-02 -4.901744e-02 -2.265484e+00 2.484353e-02 9.992501e-01 -2.969915e-02 -3.397341e+00 4.976119e-02 2.843542e-02 9.983563e-01 9.777525e+01
9.983315e-01 -2.507948e-02 -5.201126e-02 -2.312375e+00 2.332915e-02 9.991498e-01 -3.399132e-02 -3.432324e+00 5.281953e-02 3.272123e-02 9.980679e-01 9.850307e+01
9.982577e-01 -2.384157e-02 -5.397360e-02 -2.369864e+00 2.187773e-02 9.990873e-01 -3.668831e-02 -3.468489e+00 5.479905e-02 3.544356e-02 9.978681e-01 9.921169e+01
9.981795e-01 -2.138766e-02 -5.639431e-02 -2.386977e+00 1.922987e-02 9.990723e-01 -3.853142e-02 -3.499159e+00 5.716609e-02 3.737681e-02 9.976648e-01 9.985287e+01
9.982168e-01 -1.917517e-02 -5.652933e-02 -2.413280e+00 1.698278e-02 9.990944e-01 -3.901188e-02 -3.530736e+00 5.722620e-02 3.798229e-02 9.976385e-01 1.004791e+02
9.983720e-01 -1.585534e-02 -5.478989e-02 -2.430813e+00 1.381005e-02 9.992009e-01 -3.750874e-02 -3.568715e+00 5.534082e-02 3.669102e-02 9.977931e-01 1.010796e+02
9.985731e-01 -1.364730e-02 -5.162864e-02 -2.430774e+00 1.175368e-02 9.992533e-01 -3.680511e-02 -3.594906e+00 5.209238e-02 3.614577e-02 9.979879e-01 1.016471e+02
9.988872e-01 -1.268962e-02 -4.542497e-02 -2.416289e+00 1.113295e-02 9.993475e-01 -3.435935e-02 -3.629314e+00 4.583133e-02 3.381540e-02 9.983767e-01 1.021957e+02
9.992209e-01 -1.307230e-02 -3.723791e-02 -2.412640e+00 1.186385e-02 9.994016e-01 -3.249032e-02 -3.650548e+00 3.764035e-02 3.202322e-02 9.987781e-01 1.026749e+02
9.995696e-01 -1.419279e-02 -2.567370e-02 -2.440909e+00 1.340288e-02 9.994394e-01 -3.068188e-02 -3.679758e+00 2.609477e-02 3.032457e-02 9.991995e-01 1.031635e+02
9.997962e-01 -1.527523e-02 -1.320042e-02 -2.416523e+00 1.485738e-02 9.994029e-01 -3.119297e-02 -3.697408e+00 1.366902e-02 3.099049e-02 9.994262e-01 1.036096e+02
9.998701e-01 -1.611242e-02 4.740699e-04 -2.390323e+00 1.611935e-02 9.993670e-01 -3.171398e-02 -3.722300e+00 3.721917e-05 3.171750e-02 9.994969e-01 1.040599e+02
9.997017e-01 -1.766139e-02 1.686607e-02 -2.343197e+00 1.823715e-02 9.992343e-01 -3.461662e-02 -3.740520e+00 -1.624177e-02 3.491388e-02 9.992583e-01 1.044680e+02
9.991776e-01 -1.882204e-02 3.591501e-02 -2.262051e+00 2.020515e-02 9.990526e-01 -3.854446e-02 -3.763358e+00 -3.515550e-02 3.923843e-02 9.986113e-01 1.049001e+02
9.980458e-01 -2.145979e-02 5.868620e-02 -2.198281e+00 2.394660e-02 9.988304e-01 -4.200494e-02 -3.789402e+00 -5.771614e-02 4.332818e-02 9.973924e-01 1.053204e+02
9.961482e-01 -2.360771e-02 8.444800e-02 -2.092503e+00 2.744448e-02 9.986295e-01 -4.456497e-02 -3.801961e+00 -8.328018e-02 4.671095e-02 9.954308e-01 1.057284e+02
9.933180e-01 -2.704924e-02 1.121951e-01 -1.976769e+00 3.224345e-02 9.984781e-01 -4.474280e-02 -3.823006e+00 -1.108141e-01 4.806138e-02 9.926783e-01 1.061210e+02
9.894459e-01 -3.021798e-02 1.417172e-01 -1.854745e+00 3.675522e-02 9.983666e-01 -4.373982e-02 -3.858748e+00 -1.401640e-01 4.848703e-02 9.889404e-01 1.065106e+02
9.836020e-01 -3.287254e-02 1.773313e-01 -1.743105e+00 4.150331e-02 9.981163e-01 -4.518172e-02 -3.869534e+00 -1.755120e-01 5.180066e-02 9.831135e-01 1.068868e+02
9.760370e-01 -3.684334e-02 2.144631e-01 -1.598388e+00 4.708450e-02 9.979718e-01 -4.283998e-02 -3.900334e+00 -2.124497e-01 5.191129e-02 9.757922e-01 1.073105e+02
9.666756e-01 -4.055999e-02 2.527710e-01 -1.441920e+00 5.260431e-02 9.977705e-01 -4.107174e-02 -3.930995e+00 -2.505416e-01 5.299989e-02 9.666540e-01 1.076791e+02
9.553634e-01 -4.107209e-02 2.925642e-01 -1.259027e+00 5.514221e-02 9.976767e-01 -4.000551e-02 -3.952343e+00 -2.902414e-01 5.435243e-02 9.554087e-01 1.080366e+02
9.418434e-01 -4.070243e-02 3.335781e-01 -1.042864e+00 5.593935e-02 9.977779e-01 -3.619578e-02 -3.989798e+00 -3.313636e-01 5.275090e-02 9.420273e-01 1.083627e+02
9.252592e-01 -4.352337e-02 3.768304e-01 -8.421880e-01 5.996701e-02 9.976870e-01 -3.200996e-02 -4.007945e+00 -3.745656e-01 5.221490e-02 9.257290e-01 1.086992e+02
9.072739e-01 -4.444664e-02 4.181848e-01 -6.050320e-01 6.171770e-02 9.977047e-01 -2.785905e-02 -4.023060e+00 -4.159868e-01 5.108520e-02 9.079347e-01 1.090166e+02
8.868397e-01 -4.537840e-02 4.598436e-01 -3.453224e-01 6.535003e-02 9.974807e-01 -2.759836e-02 -4.020532e+00 -4.574328e-01 5.452612e-02 8.875709e-01 1.093163e+02
8.641317e-01 -4.544222e-02 5.012099e-01 -9.139325e-02 6.812117e-02 9.973109e-01 -2.702588e-02 -4.029133e+00 -4.986340e-01 5.749692e-02 8.649036e-01 1.096057e+02
8.409106e-01 -4.262545e-02 5.394928e-01 2.177942e-01 6.876337e-02 9.972289e-01 -2.839058e-02 -4.038052e+00 -5.367877e-01 6.097128e-02 8.415114e-01 1.098576e+02
8.146779e-01 -3.907339e-02 5.785959e-01 5.254215e-01 7.017181e-02 9.970383e-01 -3.147232e-02 -4.027610e+00 -5.756525e-01 6.624093e-02 8.150070e-01 1.100964e+02
7.849317e-01 -3.508902e-02 6.185880e-01 8.119373e-01 6.981744e-02 9.970453e-01 -3.203518e-02 -4.034683e+00 -6.156362e-01 6.833366e-02 7.850622e-01 1.103334e+02
7.532983e-01 -3.316463e-02 6.568424e-01 1.135387e+00 7.164989e-02 9.969217e-01 -3.183595e-02 -4.031271e+00 -6.537645e-01 7.104465e-02 7.533556e-01 1.105426e+02
7.191178e-01 -3.513138e-02 6.939995e-01 1.482495e+00 7.695757e-02 9.966040e-01 -2.929323e-02 -4.046181e+00 -6.906136e-01 7.447380e-02 7.193793e-01 1.107496e+02
6.838499e-01 -3.958832e-02 7.285479e-01 1.846771e+00 8.553939e-02 9.959910e-01 -2.617056e-02 -4.033373e+00 -7.245911e-01 8.021628e-02 6.844948e-01 1.109203e+02
6.444838e-01 -4.304757e-02 7.634053e-01 2.202524e+00 8.970580e-02 9.957758e-01 -1.958095e-02 -4.033117e+00 -7.593375e-01 8.110148e-02 6.456230e-01 1.111015e+02
6.024019e-01 -4.684925e-02 7.968169e-01 2.577859e+00 9.164485e-02 9.957339e-01 -1.073980e-02 -4.068261e+00 -7.929144e-01 7.949384e-02 6.041254e-01 1.112818e+02
5.587701e-01 -5.108799e-02 8.277476e-01 2.972154e+00 9.323952e-02 9.956426e-01 -1.490879e-03 -4.083666e+00 -8.240646e-01 7.801184e-02 5.610987e-01 1.114361e+02
5.114571e-01 -5.405633e-02 8.576069e-01 3.343918e+00 9.275050e-02 9.956616e-01 7.443858e-03 -4.083729e+00 -8.542886e-01 7.573625e-02 5.142519e-01 1.115949e+02
4.635094e-01 -5.490170e-02 8.843895e-01 3.717944e+00 9.598678e-02 9.953164e-01 1.148112e-02 -4.062395e+00 -8.808777e-01 7.956809e-02 4.666084e-01 1.117362e+02
4.150096e-01 -4.886689e-02 9.085037e-01 4.138991e+00 8.845211e-02 9.959934e-01 1.316739e-02 -4.035728e+00 -9.055071e-01 7.489448e-02 4.176692e-01 1.118811e+02
3.672598e-01 -4.629123e-02 9.289657e-01 4.546517e+00 8.018420e-02 9.966182e-01 1.796218e-02 -4.102515e+00 -9.266557e-01 6.789159e-02 3.697296e-01 1.119951e+02
3.228102e-01 -4.310777e-02 9.454815e-01 4.964442e+00 8.219882e-02 9.964646e-01 1.736760e-02 -4.049605e+00 -9.428875e-01 7.211103e-02 3.252124e-01 1.120901e+02
2.849386e-01 -4.342048e-02 9.575619e-01 5.440773e+00 9.067452e-02 9.957148e-01 1.816879e-02 -4.042309e+00 -9.542474e-01 8.164947e-02 2.876548e-01 1.121522e+02
2.494040e-01 -4.360020e-02 9.674176e-01 5.854892e+00 9.223468e-02 9.955140e-01 2.108801e-02 -4.051286e+00 -9.639972e-01 8.397001e-02 2.523065e-01 1.122175e+02
2.196432e-01 -4.217306e-02 9.746683e-01 6.260458e+00 9.743023e-02 9.950187e-01 2.109754e-02 -4.022954e+00 -9.707029e-01 9.032822e-02 2.226580e-01 1.122927e+02
1.928660e-01 -4.252544e-02 9.803032e-01 6.725813e+00 9.629364e-02 9.950582e-01 2.422058e-02 -3.991040e+00 -9.764887e-01 8.972563e-02 1.960078e-01 1.123721e+02
1.692150e-01 -4.371676e-02 9.846091e-01 7.224156e+00 8.982053e-02 9.955425e-01 2.876564e-02 -3.962273e+00 -9.814778e-01 8.357054e-02 1.723873e-01 1.124398e+02
1.454694e-01 -4.535461e-02 9.883226e-01 7.714313e+00 8.370231e-02 9.959314e-01 3.338379e-02 -3.928139e+00 -9.858157e-01 7.786857e-02 1.486738e-01 1.125296e+02
1.230066e-01 -4.874808e-02 9.912078e-01 8.195672e+00 8.790997e-02 9.954016e-01 3.804492e-02 -3.915524e+00 -9.885045e-01 8.245728e-02 1.267264e-01 1.125650e+02
1.023951e-01 -4.861183e-02 9.935554e-01 8.755049e+00 9.915684e-02 9.943295e-01 3.843067e-02 -3.881688e+00 -9.897895e-01 9.458269e-02 1.066346e-01 1.126120e+02
8.489770e-02 -4.610596e-02 9.953225e-01 9.310947e+00 9.920114e-02 9.943568e-01 3.759969e-02 -3.871647e+00 -9.914392e-01 9.554499e-02 8.899236e-02 1.126330e+02
7.135469e-02 -4.102585e-02 9.966069e-01 9.923536e+00 9.998639e-02 9.944153e-01 3.377685e-02 -3.840856e+00 -9.924269e-01 9.723699e-02 7.505822e-02 1.126606e+02
6.029874e-02 -3.548606e-02 9.975494e-01 1.051711e+01 9.662617e-02 9.948820e-01 2.955042e-02 -3.812483e+00 -9.934926e-01 9.460752e-02 6.341904e-02 1.127099e+02
5.313563e-02 -3.509958e-02 9.979704e-01 1.109355e+01 9.731725e-02 9.948069e-01 2.980678e-02 -3.786432e+00 -9.938341e-01 9.553591e-02 5.627549e-02 1.127490e+02
4.887259e-02 -3.595411e-02 9.981577e-01 1.168070e+01 1.033986e-01 9.941646e-01 3.074759e-02 -3.756441e+00 -9.934385e-01 1.017054e-01 5.230504e-02 1.127860e+02
4.897362e-02 -3.762266e-02 9.980913e-01 1.226741e+01 1.053150e-01 9.939143e-01 3.229769e-02 -3.748606e+00 -9.932324e-01 1.035322e-01 5.263782e-02 1.128192e+02
4.926640e-02 -3.657584e-02 9.981157e-01 1.284154e+01 1.038542e-01 9.940998e-01 3.130249e-02 -3.705370e+00 -9.933716e-01 1.021164e-01 5.277425e-02 1.128791e+02
5.161619e-02 -3.565888e-02 9.980302e-01 1.364808e+01 1.024258e-01 9.942813e-01 3.022767e-02 -3.669891e+00 -9.934006e-01 1.006638e-01 5.497336e-02 1.129294e+02
5.212486e-02 -3.349649e-02 9.980786e-01 1.431938e+01 9.898832e-02 9.946886e-01 2.821304e-02 -3.653827e+00 -9.937224e-01 9.732753e-02 5.516380e-02 1.129789e+02
5.219930e-02 -3.191484e-02 9.981266e-01 1.500535e+01 9.830188e-02 9.947993e-01 2.666752e-02 -3.629054e+00 -9.937868e-01 9.672569e-02 5.506510e-02 1.130326e+02
5.303651e-02 -2.981080e-02 9.981475e-01 1.570409e+01 9.847561e-02 9.948384e-01 2.447947e-02 -3.575514e+00 -9.937252e-01 9.699488e-02 5.569839e-02 1.130783e+02
5.397171e-02 -3.116350e-02 9.980561e-01 1.647043e+01 9.809668e-02 9.948435e-01 2.575844e-02 -3.562046e+00 -9.937122e-01 9.651576e-02 5.675048e-02 1.131216e+02
5.580688e-02 -3.081438e-02 9.979660e-01 1.722353e+01 1.002736e-01 9.946432e-01 2.510441e-02 -3.515042e+00 -9.933936e-01 9.866861e-02 5.859780e-02 1.131220e+02
5.479074e-02 -3.333280e-02 9.979414e-01 1.794876e+01 1.008819e-01 9.945133e-01 2.767950e-02 -3.510485e+00 -9.933886e-01 9.915764e-02 5.785280e-02 1.131774e+02
5.382824e-02 -3.343208e-02 9.979904e-01 1.872616e+01 9.883662e-02 9.947099e-01 2.799127e-02 -3.487550e+00 -9.936468e-01 9.713128e-02 5.684775e-02 1.132268e+02
5.288297e-02 -3.390289e-02 9.980251e-01 1.952712e+01 9.778362e-02 9.947963e-01 2.861188e-02 -3.468502e+00 -9.938017e-01 9.607742e-02 5.592293e-02 1.132736e+02
5.172372e-02 -3.591144e-02 9.980156e-01 2.034106e+01 1.004928e-01 9.944679e-01 3.057558e-02 -3.445106e+00 -9.935924e-01 9.871186e-02 5.504644e-02 1.133206e+02
5.049270e-02 -3.687215e-02 9.980437e-01 2.117629e+01 1.015323e-01 9.943303e-01 3.159827e-02 -3.423991e+00 -9.935502e-01 9.973822e-02 5.395013e-02 1.133652e+02
4.928267e-02 -3.849949e-02 9.980427e-01 2.203327e+01 9.996000e-02 9.944299e-01 3.342417e-02 -3.418870e+00 -9.937703e-01 9.811710e-02 5.285656e-02 1.134159e+02
4.869336e-02 -3.321158e-02 9.982616e-01 2.283588e+01 9.542902e-02 9.950296e-01 2.844919e-02 -3.401014e+00 -9.942447e-01 9.387781e-02 5.162072e-02 1.134656e+02
4.746622e-02 -2.824376e-02 9.984735e-01 2.362920e+01 9.607928e-02 9.950943e-01 2.358068e-02 -3.384821e+00 -9.942413e-01 9.481333e-02 4.994702e-02 1.135084e+02
4.593748e-02 -2.579128e-02 9.986113e-01 2.445357e+01 9.679604e-02 9.950774e-01 2.124726e-02 -3.371599e+00 -9.942436e-01 9.568556e-02 4.820788e-02 1.135562e+02
4.489869e-02 -2.700796e-02 9.986264e-01 2.532536e+01 9.405214e-02 9.953087e-01 2.268961e-02 -3.355555e+00 -9.945543e-01 9.290422e-02 4.722822e-02 1.136056e+02
4.310900e-02 -3.049688e-02 9.986048e-01 2.617636e+01 9.214334e-02 9.953952e-01 2.642110e-02 -3.343957e+00 -9.948121e-01 9.087580e-02 4.572058e-02 1.136650e+02
4.288512e-02 -3.616746e-02 9.984252e-01 2.697338e+01 9.091819e-02 9.953393e-01 3.215048e-02 -3.340668e+00 -9.949346e-01 8.939623e-02 4.597354e-02 1.137065e+02
4.239321e-02 -4.052763e-02 9.982787e-01 2.779814e+01 8.870198e-02 9.953840e-01 3.664327e-02 -3.319756e+00 -9.951556e-01 8.699587e-02 4.579240e-02 1.137553e+02
4.288149e-02 -3.962021e-02 9.982943e-01 2.868649e+01 8.473257e-02 9.957575e-01 3.587986e-02 -3.293577e+00 -9.954806e-01 8.304945e-02 4.605669e-02 1.138067e+02
4.327118e-02 -3.366184e-02 9.984961e-01 2.953694e+01 8.788151e-02 9.956864e-01 2.975865e-02 -3.291178e+00 -9.951907e-01 8.646165e-02 4.604280e-02 1.138452e+02
4.339552e-02 -2.342881e-02 9.987832e-01 3.037996e+01 8.993275e-02 9.957579e-01 1.945041e-02 -3.285074e+00 -9.950020e-01 8.897927e-02 4.531842e-02 1.138929e+02
4.354942e-02 -1.755492e-02 9.988971e-01 3.125324e+01 9.146459e-02 9.957167e-01 1.351139e-02 -3.269437e+00 -9.948556e-01 9.077530e-02 4.496855e-02 1.139370e+02
4.446441e-02 -2.194562e-02 9.987699e-01 3.208386e+01 9.315400e-02 9.954939e-01 1.772650e-02 -3.257895e+00 -9.946584e-01 9.225120e-02 4.630834e-02 1.139828e+02
4.569429e-02 -2.822680e-02 9.985566e-01 3.294848e+01 9.373333e-02 9.953117e-01 2.384580e-02 -3.244560e+00 -9.945482e-01 9.250841e-02 4.812580e-02 1.140265e+02
4.608876e-02 -3.038056e-02 9.984753e-01 3.377399e+01 9.369838e-02 9.952622e-01 2.595776e-02 -3.235083e+00 -9.945333e-01 9.235916e-02 4.871702e-02 1.140733e+02
4.539698e-02 -2.942382e-02 9.985356e-01 3.461891e+01 9.323940e-02 9.953275e-01 2.509030e-02 -3.229360e+00 -9.946082e-01 9.196384e-02 4.792833e-02 1.141275e+02
4.400033e-02 -2.743519e-02 9.986548e-01 3.544108e+01 9.264663e-02 9.954273e-01 2.326455e-02 -3.218261e+00 -9.947264e-01 9.149835e-02 4.634088e-02 1.141791e+02
4.218453e-02 -2.667035e-02 9.987538e-01 3.629002e+01 9.055994e-02 9.956309e-01 2.276196e-02 -3.214863e+00 -9.949972e-01 8.948688e-02 4.441553e-02 1.142233e+02
4.042894e-02 -2.491231e-02 9.988718e-01 3.711318e+01 9.140118e-02 9.955899e-01 2.113103e-02 -3.189674e+00 -9.949932e-01 9.044376e-02 4.252768e-02 1.142599e+02
3.760129e-02 -2.491733e-02 9.989821e-01 3.791866e+01 8.880090e-02 9.958174e-01 2.149596e-02 -3.185376e+00 -9.953394e-01 8.790224e-02 3.965670e-02 1.143121e+02
3.531832e-02 -2.245494e-02 9.991239e-01 3.874081e+01 8.538061e-02 9.961601e-01 1.937017e-02 -3.162752e+00 -9.957224e-01 8.462168e-02 3.709996e-02 1.143552e+02
3.295851e-02 -2.255924e-02 9.992021e-01 3.954531e+01 8.435540e-02 9.962408e-01 1.970993e-02 -3.153383e+00 -9.958905e-01 8.363847e-02 3.473759e-02 1.144001e+02
2.963853e-02 -2.222315e-02 9.993136e-01 4.034115e+01 8.164030e-02 9.964664e-01 1.973847e-02 -3.129667e+00 -9.962211e-01 8.099924e-02 3.134811e-02 1.144458e+02
2.611351e-02 -2.268898e-02 9.994015e-01 4.116360e+01 8.414941e-02 9.962440e-01 2.041853e-02 -3.144937e+00 -9.961110e-01 8.356584e-02 2.792472e-02 1.144886e+02
2.388507e-02 -2.008528e-02 9.995130e-01 4.194003e+01 8.165483e-02 9.964968e-01 1.807338e-02 -3.123002e+00 -9.963745e-01 8.118338e-02 2.544147e-02 1.145231e+02
2.286780e-02 -2.026683e-02 9.995331e-01 4.274611e+01 8.818299e-02 9.959384e-01 1.817645e-02 -3.142885e+00 -9.958419e-01 8.772615e-02 2.456212e-02 1.145404e+02
2.173513e-02 -1.964119e-02 9.995708e-01 4.353897e+01 8.999685e-02 9.957864e-01 1.760990e-02 -3.116640e+00 -9.957048e-01 8.957548e-02 2.341115e-02 1.145659e+02
2.090472e-02 -1.768571e-02 9.996250e-01 4.433456e+01 9.228072e-02 9.956095e-01 1.568484e-02 -3.097834e+00 -9.955136e-01 9.191823e-02 2.244496e-02 1.145716e+02
1.991057e-02 -1.661066e-02 9.996637e-01 4.509979e+01 9.356637e-02 9.955049e-01 1.467797e-02 -3.088132e+00 -9.954139e-01 9.324266e-02 2.137530e-02 1.145818e+02
1.977402e-02 -1.580584e-02 9.996796e-01 4.584864e+01 9.446226e-02 9.954318e-01 1.387017e-02 -3.079394e+00 -9.953321e-01 9.415772e-02 2.117676e-02 1.145915e+02
1.908183e-02 -1.561921e-02 9.996960e-01 4.657437e+01 9.724689e-02 9.951661e-01 1.369222e-02 -3.069393e+00 -9.950774e-01 9.695604e-02 2.050853e-02 1.146050e+02
1.820254e-02 -1.512795e-02 9.997200e-01 4.730415e+01 9.608141e-02 9.952844e-01 1.331140e-02 -3.054030e+00 -9.952072e-01 9.581219e-02 1.957023e-02 1.146241e+02
1.856321e-02 -1.091529e-02 9.997683e-01 4.801529e+01 1.006112e-01 9.948851e-01 8.993867e-03 -3.042554e+00 -9.947528e-01 1.004209e-01 1.956648e-02 1.146378e+02
1.752949e-02 -7.504392e-03 9.998182e-01 4.871501e+01 1.016985e-01 9.947990e-01 5.683674e-03 -3.046708e+00 -9.946609e-01 1.015804e-01 1.820147e-02 1.146624e+02
1.785433e-02 -4.549351e-03 9.998302e-01 4.943250e+01 9.793979e-02 9.951885e-01 2.779284e-03 -3.034906e+00 -9.950322e-01 9.787354e-02 1.821399e-02 1.146745e+02
2.047563e-02 -8.589923e-04 9.997901e-01 5.011963e+01 1.064121e-01 9.943212e-01 -1.325027e-03 -3.010632e+00 -9.941114e-01 1.064169e-01 2.045071e-02 1.146771e+02
1.996523e-02 -5.912117e-04 9.998005e-01 5.084418e+01 1.073420e-01 9.942210e-01 -1.555625e-03 -3.020728e+00 -9.940217e-01 1.073516e-01 1.991332e-02 1.146881e+02
1.990706e-02 6.398597e-04 9.998018e-01 5.153828e+01 1.096266e-01 9.939688e-01 -2.818917e-03 -3.018320e+00 -9.937736e-01 1.096610e-01 1.971680e-02 1.147062e+02
2.028406e-02 5.451998e-03 9.997795e-01 5.219832e+01 1.096672e-01 9.939390e-01 -7.645136e-03 -2.977439e+00 -9.937614e-01 1.097981e-01 1.956320e-02 1.147280e+02
2.049696e-02 6.560665e-03 9.997684e-01 5.289605e+01 1.089889e-01 9.940044e-01 -8.757303e-03 -2.982165e+00 -9.938316e-01 1.091431e-01 1.965904e-02 1.147601e+02
1.955819e-02 6.049118e-03 9.997904e-01 5.358510e+01 1.102687e-01 9.938682e-01 -8.170398e-03 -2.994865e+00 -9.937094e-01 1.104054e-01 1.877129e-02 1.147828e+02
2.057469e-02 6.149952e-03 9.997694e-01 5.430547e+01 1.095737e-01 9.939435e-01 -8.369082e-03 -3.008362e+00 -9.937657e-01 1.097206e-01 1.977623e-02 1.147787e+02
1.548421e-02 5.858838e-03 9.998630e-01 5.501747e+01 1.046347e-01 9.944828e-01 -7.447724e-03 -3.024512e+00 -9.943902e-01 1.047357e-01 1.478577e-02 1.148141e+02
9.194255e-03 5.862304e-03 9.999406e-01 5.574789e+01 1.011201e-01 9.948512e-01 -6.762248e-03 -3.052504e+00 -9.948317e-01 1.011763e-01 8.554101e-03 1.148429e+02
2.733231e-03 9.032956e-03 9.999555e-01 5.644217e+01 1.029888e-01 9.946393e-01 -9.266444e-03 -3.073808e+00 -9.946788e-01 1.030096e-01 1.788318e-03 1.148415e+02
-2.901673e-03 1.297384e-02 9.999118e-01 5.709152e+01 1.065069e-01 9.942322e-01 -1.259109e-02 -3.073508e+00 -9.943079e-01 1.064609e-01 -4.266739e-03 1.148344e+02
-9.807825e-03 1.583385e-02 9.998267e-01 5.777392e+01 1.076764e-01 9.940775e-01 -1.468656e-02 -3.078315e+00 -9.941378e-01 1.075137e-01 -1.145470e-02 1.148280e+02
-1.764119e-02 1.603897e-02 9.997157e-01 5.850089e+01 1.068752e-01 9.941730e-01 -1.406412e-02 -3.099113e+00 -9.941159e-01 1.065967e-01 -1.925254e-02 1.148480e+02
-2.075386e-02 1.617557e-02 9.996539e-01 5.919205e+01 1.065540e-01 9.942101e-01 -1.387531e-02 -3.102675e+00 -9.940904e-01 1.062292e-01 -2.235734e-02 1.148130e+02
-2.657366e-02 1.731347e-02 9.994971e-01 5.992566e+01 1.058850e-01 9.942740e-01 -1.440785e-02 -3.115752e+00 -9.940234e-01 1.054489e-01 -2.825475e-02 1.148095e+02
-3.021538e-02 1.671932e-02 9.994036e-01 6.063182e+01 1.041813e-01 9.944668e-01 -1.348698e-02 -3.137673e+00 -9.940993e-01 1.037117e-01 -3.179002e-02 1.147940e+02
-3.185534e-02 1.546048e-02 9.993729e-01 6.131937e+01 1.049495e-01 9.944047e-01 -1.203832e-02 -3.128154e+00 -9.939672e-01 1.045002e-01 -3.329968e-02 1.147716e+02
-3.256965e-02 1.272236e-02 9.993886e-01 6.204664e+01 1.077417e-01 9.941369e-01 -9.144251e-03 -3.140239e+00 -9.936454e-01 1.073780e-01 -3.374946e-02 1.147456e+02
-3.332400e-02 1.150256e-02 9.993784e-01 6.275366e+01 1.073306e-01 9.941923e-01 -7.863961e-03 -3.143967e+00 -9.936648e-01 1.070018e-01 -3.436506e-02 1.147254e+02
-3.432727e-02 1.181813e-02 9.993408e-01 6.351926e+01 1.084501e-01 9.940695e-01 -8.030557e-03 -3.152330e+00 -9.935091e-01 1.081029e-01 -3.540528e-02 1.146976e+02
-3.417528e-02 1.647043e-02 9.992802e-01 6.422455e+01 1.125891e-01 9.935627e-01 -1.252567e-02 -3.164316e+00 -9.930538e-01 1.120800e-01 -3.580964e-02 1.146850e+02
-3.367507e-02 2.140084e-02 9.992037e-01 6.497507e+01 1.208829e-01 9.925181e-01 -1.718368e-02 -3.174467e+00 -9.920955e-01 1.202079e-01 -3.601003e-02 1.146504e+02
-3.252482e-02 2.604163e-02 9.991317e-01 6.571933e+01 1.293664e-01 9.913610e-01 -2.162784e-02 -3.200037e+00 -9.910635e-01 1.285506e-01 -3.561270e-02 1.146112e+02
-3.239596e-02 2.714206e-02 9.991065e-01 6.649773e+01 1.310548e-01 9.911157e-01 -2.267553e-02 -3.221070e+00 -9.908457e-01 1.302031e-01 -3.566527e-02 1.145727e+02
-3.288782e-02 2.563441e-02 9.991304e-01 6.726495e+01 1.297889e-01 9.913158e-01 -2.116175e-02 -3.242753e+00 -9.909962e-01 1.289800e-01 -3.592932e-02 1.145514e+02
-3.062034e-02 2.202792e-02 9.992885e-01 6.799905e+01 1.299987e-01 9.913532e-01 -1.786957e-02 -3.266456e+00 -9.910414e-01 1.293590e-01 -3.321922e-02 1.145131e+02
-3.044152e-02 2.053152e-02 9.993256e-01 6.879389e+01 1.324763e-01 9.910517e-01 -1.632602e-02 -3.273112e+00 -9.907186e-01 1.318899e-01 -3.288913e-02 1.144827e+02
-3.008270e-02 1.977387e-02 9.993518e-01 6.953635e+01 1.322488e-01 9.910933e-01 -1.562948e-02 -3.302397e+00 -9.907599e-01 1.316929e-01 -3.242981e-02 1.144420e+02
-3.113139e-02 2.199405e-02 9.992734e-01 7.030402e+01 1.328287e-01 9.909814e-01 -1.767341e-02 -3.316875e+00 -9.906501e-01 1.321820e-01 -3.377199e-02 1.144141e+02
-3.465414e-02 2.375272e-02 9.991171e-01 7.109204e+01 1.301300e-01 9.913138e-01 -1.905369e-02 -3.335587e+00 -9.908912e-01 1.293548e-01 -3.744400e-02 1.144008e+02
-3.759420e-02 2.469166e-02 9.989880e-01 7.181363e+01 1.264483e-01 9.917765e-01 -1.975487e-02 -3.354189e+00 -9.912606e-01 1.255777e-01 -4.040730e-02 1.143781e+02
-3.904486e-02 2.612775e-02 9.988959e-01 7.254790e+01 1.297676e-01 9.913250e-01 -2.085738e-02 -3.362771e+00 -9.907755e-01 1.288099e-01 -4.209673e-02 1.143312e+02
-4.075694e-02 2.750827e-02 9.987904e-01 7.330526e+01 1.343984e-01 9.906875e-01 -2.180082e-02 -3.375361e+00 -9.900889e-01 1.333473e-01 -4.407442e-02 1.142869e+02
-4.337800e-02 2.982652e-02 9.986134e-01 7.405028e+01 1.308591e-01 9.911124e-01 -2.391821e-02 -3.386194e+00 -9.904515e-01 1.296401e-01 -4.689550e-02 1.142733e+02
-4.509521e-02 3.195835e-02 9.984715e-01 7.473191e+01 1.315559e-01 9.909735e-01 -2.577676e-02 -3.400290e+00 -9.902827e-01 1.301924e-01 -4.889238e-02 1.142536e+02
-4.578793e-02 3.270658e-02 9.984156e-01 7.551260e+01 1.299517e-01 9.911659e-01 -2.650944e-02 -3.418068e+00 -9.904625e-01 1.285320e-01 -4.963362e-02 1.142057e+02
-4.855931e-02 3.422053e-02 9.982339e-01 7.627901e+01 1.248643e-01 9.917808e-01 -2.792525e-02 -3.447905e+00 -9.909848e-01 1.232878e-01 -5.243313e-02 1.141754e+02
-4.953802e-02 3.310635e-02 9.982234e-01 7.709311e+01 1.243468e-01 9.918789e-01 -2.672507e-02 -3.468419e+00 -9.910014e-01 1.228020e-01 -5.325246e-02 1.141276e+02
-5.103171e-02 3.130626e-02 9.982064e-01 7.791979e+01 1.222172e-01 9.921917e-01 -2.486948e-02 -3.497699e+00 -9.911907e-01 1.207288e-01 -5.445945e-02 1.140849e+02
-5.293751e-02 2.973589e-02 9.981550e-01 7.875797e+01 1.209056e-01 9.923940e-01 -2.315198e-02 -3.521394e+00 -9.912514e-01 1.194569e-01 -5.613017e-02 1.140423e+02
-5.543029e-02 3.018557e-02 9.980063e-01 7.955623e+01 1.221069e-01 9.922451e-01 -2.322939e-02 -3.532930e+00 -9.909680e-01 1.205758e-01 -5.868626e-02 1.140020e+02
