1.000000e+00 0.000000e+00 0.000000e+00 0.000000e+00 0.000000e+00 1.000000e+00 0.000000e+00 0.000000e+00 0.000000e+00 0.000000e+00 1.000000e+00 0.000000e+00
9.999977e-01 -1.042106e-03 -1.865746e-03 7.473736e-03 1.045208e-03 9.999981e-01 1.662611e-03 8.661915e-03 1.864010e-03 -1.664557e-03 9.999969e-01 -1.156598e+00
9.999999e-01 -2.937597e-04 -1.081058e-04 -1.237070e-02 2.937244e-04 9.999999e-01 -3.269111e-04 -3.552961e-04 1.082018e-04 3.268793e-04 9.999999e-01 5.895973e-02
9.999951e-01 -1.142854e-03 2.920027e-03 -3.856168e-02 1.143797e-03 9.999993e-01 -3.214429e-04 -1.597537e-02 -2.919658e-03 3.247813e-04 9.999957e-01 1.276677e+00
9.999861e-01 -1.841290e-03 4.942502e-03 -6.492521e-02 1.840122e-03 9.999983e-01 2.408282e-04 -3.921665e-02 -4.942937e-03 -2.317300e-04 9.999878e-01 2.524570e+00
9.999684e-01 -3.395841e-03 7.184207e-03 -8.194465e-02 3.393191e-03 9.999942e-01 3.810021e-04 -6.118272e-02 -7.185459e-03 -3.566127e-04 9.999741e-01 3.787263e+00
9.999546e-01 -3.191840e-03 8.976568e-03 -9.880544e-02 3.186204e-03 9.999947e-01 6.421051e-04 -8.732783e-02 -8.978571e-03 -6.134748e-04 9.999595e-01 5.015244e+00
9.999402e-01 -4.369289e-03 1.002581e-02 -1.086148e-01 4.370094e-03 9.999905e-01 -5.845429e-05 -1.120753e-01 -1.002546e-02 1.022645e-04 9.999498e-01 6.244182e+00
9.999555e-01 -2.020998e-03 9.219002e-03 -6.379225e-02 2.028525e-03 9.999976e-01 -8.072437e-04 -1.254554e-01 -9.217348e-03 8.259088e-04 9.999572e-01 7.447996e+00
9.999543e-01 -1.422039e-03 9.447895e-03 -5.947617e-02 1.412323e-03 9.999985e-01 1.034979e-03 -1.476441e-01 -9.449353e-03 -1.021589e-03 9.999548e-01 8.657910e+00
9.999720e-01 -3.205708e-03 6.757544e-03 -2.753666e-02 3.198628e-03 9.999943e-01 1.058268e-03 -1.622548e-01 -6.760898e-03 -1.036623e-03 9.999766e-01 9.902755e+00
9.999797e-01 -4.478432e-03 4.523271e-03 -2.530251e-02 4.479522e-03 9.999899e-01 -2.309486e-04 -1.767698e-01 -4.522191e-03 2.512060e-04 9.999897e-01 1.113084e+01
9.999889e-01 -3.942322e-03 2.579591e-03 -5.213865e-02 3.949309e-03 9.999886e-01 -2.708809e-03 -1.790763e-01 -2.568882e-03 2.718966e-03 9.999930e-01 1.232307e+01
9.999958e-01 -2.391875e-03 1.647005e-03 -7.030234e-02 2.397074e-03 9.999921e-01 -3.161854e-03 -1.961178e-01 -1.639429e-03 3.165789e-03 9.999936e-01 1.352471e+01
9.999997e-01 -6.483649e-04 4.316542e-04 -8.382324e-02 6.502273e-04 9.999904e-01 -4.328404e-03 -2.089572e-01 -4.288437e-04 4.328683e-03 9.999905e-01 1.474001e+01
9.999985e-01 -1.339539e-03 1.107770e-03 -1.349963e-01 1.344212e-03 9.999902e-01 -4.229021e-03 -2.365116e-01 -1.102094e-03 4.230503e-03 9.999905e-01 1.592575e+01
9.999957e-01 -2.602867e-03 1.341562e-03 -1.599515e-01 2.607325e-03 9.999911e-01 -3.332107e-03 -2.668824e-01 -1.332877e-03 3.335591e-03 9.999936e-01 1.715334e+01
9.999976e-01 -2.188174e-03 2.550126e-04 -1.635018e-01 2.188968e-03 9.999926e-01 -3.154782e-03 -2.897503e-01 -2.481075e-04 3.155332e-03 9.999950e-01 1.841199e+01
9.999936e-01 -3.552871e-03 -3.577999e-04 -2.076000e-01 3.551591e-03 9.999875e-01 -3.516220e-03 -3.214753e-01 3.702881e-04 3.514927e-03 9.999937e-01 1.962354e+01
9.999934e-01 -3.526083e-03 -8.318528e-04 -2.428298e-01 3.522105e-03 9.999826e-01 -4.736167e-03 -3.423173e-01 8.485384e-04 4.733207e-03 9.999884e-01 2.084047e+01
9.999971e-01 -1.727515e-03 -1.701814e-03 -2.694743e-01 1.718407e-03 9.999843e-01 -5.338836e-03 -3.576570e-01 1.711010e-03 5.335895e-03 9.999843e-01 2.205719e+01
9.999902e-01 -4.194508e-03 -1.459734e-03 -2.983008e-01 4.186600e-03 9.999768e-01 -5.378435e-03 -3.861318e-01 1.482260e-03 5.372270e-03 9.999844e-01 2.329229e+01
9.999859e-01 -5.277732e-03 -5.909847e-04 -3.402753e-01 5.273580e-03 9.999629e-01 -6.818701e-03 -4.090732e-01 6.269501e-04 6.815488e-03 9.999766e-01 2.453436e+01
9.999897e-01 -4.390663e-03 -1.133995e-03 -3.624305e-01 4.383240e-03 9.999695e-01 -6.467220e-03 -4.318383e-01 1.162356e-03 6.462183e-03 9.999784e-01 2.576208e+01
9.999712e-01 -7.316807e-03 -2.048640e-03 -3.815172e-01 7.304289e-03 9.999550e-01 -6.052895e-03 -4.506066e-01 2.092835e-03 6.037757e-03 9.999796e-01 2.706501e+01
9.999701e-01 -6.840936e-03 -3.593520e-03 -3.965098e-01 6.816369e-03 9.999536e-01 -6.804791e-03 -4.732091e-01 3.639905e-03 6.780093e-03 9.999704e-01 2.824190e+01
9.999655e-01 -7.715372e-03 -3.085306e-03 -4.251472e-01 7.691124e-03 9.999400e-01 -7.795410e-03 -5.052984e-01 3.145265e-03 7.771412e-03 9.999648e-01 2.948455e+01
9.999450e-01 -9.659063e-03 -4.078881e-03 -4.283865e-01 9.629063e-03 9.999269e-01 -7.311625e-03 -5.469407e-01 4.149206e-03 7.271947e-03 9.999650e-01 3.070187e+01
9.999323e-01 -1.086381e-02 -4.170293e-03 -4.887282e-01 1.082470e-02 9.998983e-01 -9.291252e-03 -5.615785e-01 4.270807e-03 9.245481e-03 9.999481e-01 3.193851e+01
9.999245e-01 -1.117653e-02 -5.099428e-03 -5.026473e-01 1.111991e-02 9.998776e-01 -1.100052e-02 -5.755708e-01 5.221752e-03 1.094298e-02 9.999265e-01 3.314903e+01
9.999125e-01 -1.179825e-02 -5.982396e-03 -5.128032e-01 1.173352e-02 9.998735e-01 -1.074252e-02 -6.089854e-01 6.108382e-03 1.067139e-02 9.999244e-01 3.439573e+01
9.998896e-01 -1.356143e-02 -6.079205e-03 -5.451861e-01 1.350143e-02 9.998608e-01 -9.804835e-03 -6.506044e-01 6.211327e-03 9.721674e-03 9.999335e-01 3.563939e+01
9.998612e-01 -1.400458e-02 -9.022516e-03 -5.341263e-01 1.391050e-02 9.998491e-01 -1.040707e-02 -6.794284e-01 9.166901e-03 1.028012e-02 9.999051e-01 3.679980e+01
9.998322e-01 -1.605002e-02 -8.831968e-03 -5.433933e-01 1.596525e-02 9.998266e-01 -9.586238e-03 -7.171258e-01 8.984296e-03 9.443625e-03 9.999151e-01 3.808707e+01
9.998316e-01 -1.625708e-02 -8.521134e-03 -5.858514e-01 1.617577e-02 9.998238e-01 -9.526522e-03 -7.438710e-01 8.674506e-03 9.387081e-03 9.999183e-01 3.929462e+01
9.998198e-01 -1.670773e-02 -9.010203e-03 -5.948186e-01 1.662179e-02 9.998164e-01 -9.530228e-03 -7.688120e-01 9.167778e-03 9.378745e-03 9.999140e-01 4.054978e+01
9.998272e-01 -1.599554e-02 -9.471412e-03 -6.194130e-01 1.589533e-02 9.998178e-01 -1.056256e-02 -7.928678e-01 9.638640e-03 1.041018e-02 9.998993e-01 4.177481e+01
9.998433e-01 -1.523020e-02 -9.022882e-03 -6.489996e-01 1.513111e-02 9.998255e-01 -1.095116e-02 -8.201129e-01 9.188096e-03 1.081292e-02 9.998993e-01 4.298669e+01
9.998839e-01 -1.222340e-02 -9.093701e-03 -6.558073e-01 1.213290e-02 9.998770e-01 -9.941000e-03 -8.427328e-01 9.214095e-03 9.829513e-03 9.999092e-01 4.421490e+01
9.999011e-01 -1.270840e-02 -6.032547e-03 -7.295758e-01 1.266513e-02 9.998942e-01 -7.158175e-03 -8.749384e-01 6.122877e-03 7.081064e-03 9.999562e-01 4.543137e+01
9.999192e-01 -1.248045e-02 -2.396246e-03 -7.848391e-01 1.246585e-02 9.999042e-01 -6.014182e-03 -8.918637e-01 2.471076e-03 5.983825e-03 9.999790e-01 4.668322e+01
9.999157e-01 -1.298167e-02 8.513953e-05 -7.923554e-01 1.298185e-02 9.999123e-01 -2.636655e-03 -9.197645e-01 -5.090389e-05 2.637538e-03 9.999965e-01 4.798519e+01
9.999033e-01 -1.383918e-02 1.410640e-03 -7.924950e-01 1.384128e-02 9.999031e-01 -1.487905e-03 -9.459074e-01 -1.389912e-03 1.507286e-03 9.999979e-01 4.919146e+01
9.998933e-01 -1.399884e-02 4.165432e-03 -8.052708e-01 1.401253e-02 9.998965e-01 -3.275348e-03 -9.589231e-01 -4.119150e-03 3.333367e-03 9.999859e-01 5.040391e+01
9.998986e-01 -1.287336e-02 6.086148e-03 -8.134341e-01 1.290581e-02 9.999025e-01 -5.322132e-03 -9.770538e-01 -6.017041e-03 5.400139e-03 9.999673e-01 5.160712e+01
9.998815e-01 -1.345483e-02 7.480101e-03 -8.299709e-01 1.349631e-02 9.998937e-01 -5.523269e-03 -1.010678e+00 -7.404991e-03 5.623568e-03 9.999568e-01 5.282638e+01
9.998620e-01 -1.469316e-02 7.748175e-03 -8.191760e-01 1.475261e-02 9.998617e-01 -7.672383e-03 -1.024768e+00 -7.634372e-03 7.785631e-03 9.999406e-01 5.410712e+01
9.998474e-01 -1.530949e-02 8.415258e-03 -8.359546e-01 1.538481e-02 9.998415e-01 -8.959863e-03 -1.058271e+00 -8.276754e-03 9.087963e-03 9.999244e-01 5.532393e+01
9.998429e-01 -1.551362e-02 8.567131e-03 -8.510647e-01 1.558839e-02 9.998404e-01 -8.730526e-03 -1.087751e+00 -8.430321e-03 8.862703e-03 9.999252e-01 5.658684e+01
9.998313e-01 -1.645773e-02 8.155245e-03 -8.702326e-01 1.652624e-02 9.998281e-01 -8.407035e-03 -1.121207e+00 -8.015483e-03 8.540392e-03 9.999314e-01 5.785762e+01
9.998199e-01 -1.765084e-02 6.972420e-03 -8.639465e-01 1.771824e-02 9.997957e-01 -9.726170e-03 -1.138739e+00 -6.799320e-03 9.847958e-03 9.999284e-01 5.906485e+01
9.998428e-01 -1.658797e-02 6.253828e-03 -8.525047e-01 1.665918e-02 9.997950e-01 -1.151239e-02 -1.156503e+00 -6.061579e-03 1.161476e-02 9.999142e-01 6.031083e+01
9.998242e-01 -1.789532e-02 5.587267e-03 -8.514997e-01 1.795624e-02 9.997777e-01 -1.105054e-02 -1.198642e+00 -5.388272e-03 1.114893e-02 9.999233e-01 6.153796e+01
9.998044e-01 -1.903509e-02 5.358705e-03 -8.421770e-01 1.910025e-02 9.997408e-01 -1.238452e-02 -1.226008e+00 -5.121576e-03 1.248445e-02 9.999089e-01 6.278563e+01
9.997435e-01 -2.221052e-02 4.426150e-03 -8.227107e-01 2.226969e-02 9.996567e-01 -1.380079e-02 -1.259602e+00 -4.118108e-03 1.389582e-02 9.998950e-01 6.400282e+01
9.997280e-01 -2.298203e-02 3.971337e-03 -8.333522e-01 2.303308e-02 9.996459e-01 -1.332581e-02 -1.290071e+00 -3.663677e-03 1.341366e-02 9.999033e-01 6.520174e+01
9.996858e-01 -2.476632e-02 3.864548e-03 -8.485904e-01 2.481122e-02 9.996197e-01 -1.203804e-02 -1.327252e+00 -3.564941e-03 1.213014e-02 9.999201e-01 6.640310e+01
9.996600e-01 -2.554811e-02 5.209396e-03 -8.600996e-01 2.561469e-02 9.995855e-01 -1.314177e-02 -1.369172e+00 -4.871489e-03 1.327074e-02 9.999001e-01 6.765091e+01
9.996898e-01 -2.429329e-02 5.482705e-03 -8.602466e-01 2.438367e-02 9.995570e-01 -1.706779e-02 -1.381351e+00 -5.065644e-03 1.719619e-02 9.998393e-01 6.886988e+01
9.997379e-01 -2.215980e-02 5.761767e-03 -8.704458e-01 2.226714e-02 9.995660e-01 -1.928599e-02 -1.401423e+00 -5.331893e-03 1.940923e-02 9.997974e-01 7.008936e+01
9.997701e-01 -2.049219e-02 6.309578e-03 -8.789675e-01 2.061245e-02 9.995949e-01 -1.962403e-02 -1.437213e+00 -5.904883e-03 1.974957e-02 9.997875e-01 7.130708e+01
9.998003e-01 -1.894123e-02 6.367154e-03 -8.684453e-01 1.907097e-02 9.995981e-01 -2.097398e-02 -1.462865e+00 -5.967322e-03 2.109122e-02 9.997597e-01 7.252071e+01
9.997733e-01 -1.918213e-02 9.247086e-03 -9.144173e-01 1.937237e-02 9.995930e-01 -2.094236e-02 -1.505595e+00 -8.841603e-03 2.111675e-02 9.997379e-01 7.373116e+01
9.997641e-01 -1.709949e-02 1.339482e-02 -9.403155e-01 1.738154e-02 9.996235e-01 -2.123116e-02 -1.542872e+00 -1.302673e-02 2.145897e-02 9.996849e-01 7.493302e+01
9.996834e-01 -1.827535e-02 1.729308e-02 -9.412599e-01 1.868848e-02 9.995363e-01 -2.403752e-02 -1.588216e+00 -1.684577e-02 2.435309e-02 9.995615e-01 7.615353e+01
9.995669e-01 -2.213368e-02 1.939490e-02 -9.089222e-01 2.269013e-02 9.993231e-01 -2.895643e-02 -1.635430e+00 -1.874086e-02 2.938397e-02 9.993925e-01 7.736988e+01
9.994888e-01 -2.264126e-02 2.256999e-02 -8.876373e-01 2.331593e-02 9.992751e-01 -3.009158e-02 -1.682890e+00 -2.187232e-02 3.060244e-02 9.992923e-01 7.854761e+01
9.993470e-01 -2.506086e-02 2.603080e-02 -8.631617e-01 2.574521e-02 9.993226e-01 -2.629649e-02 -1.736759e+00 -2.535416e-02 2.694949e-02 9.993152e-01 7.973287e+01
9.992442e-01 -2.463563e-02 3.006943e-02 -8.313981e-01 2.541080e-02 9.993473e-01 -2.567520e-02 -1.784410e+00 -2.941727e-02 2.641988e-02 9.992180e-01 8.092612e+01
9.989966e-01 -2.772639e-02 3.517087e-02 -7.869698e-01 2.865724e-02 9.992447e-01 -2.624446e-02 -1.842878e+00 -3.441664e-02 2.722603e-02 9.990367e-01 8.213199e+01
9.988943e-01 -2.885098e-02 3.712019e-02 -7.244126e-01 2.996528e-02 9.991060e-01 -2.982083e-02 -1.890922e+00 -3.622665e-02 3.090017e-02 9.988658e-01 8.328600e+01
9.986845e-01 -3.053598e-02 4.119205e-02 -6.879914e-01 3.190956e-02 9.989421e-01 -3.311092e-02 -1.948328e+00 -4.013740e-02 3.438178e-02 9.986024e-01 8.444690e+01
9.984129e-01 -3.235180e-02 4.609846e-02 -6.376784e-01 3.395924e-02 9.988267e-01 -3.452409e-02 -2.000685e+00 -4.492746e-02 3.603477e-02 9.983401e-01 8.560030e+01
9.981925e-01 -3.422701e-02 4.939914e-02 -5.938272e-01 3.592703e-02 9.987777e-01 -3.394639e-02 -2.054232e+00 -4.817687e-02 3.565980e-02 9.982021e-01 8.684688e+01
9.980140e-01 -3.456941e-02 5.265843e-02 -5.509520e-01 3.639242e-02 9.987569e-01 -3.406335e-02 -2.113176e+00 -5.141542e-02 3.591207e-02 9.980314e-01 8.806517e+01
9.979537e-01 -3.519598e-02 5.338308e-02 -4.662416e-01 3.720088e-02 9.986211e-01 -3.704000e-02 -2.169527e+00 -5.200581e-02 3.895010e-02 9.978869e-01 8.923490e+01
9.977586e-01 -3.625138e-02 5.624553e-02 -3.910975e-01 3.847180e-02 9.985018e-01 -3.890989e-02 -2.233473e+00 -5.475073e-02 4.098655e-02 9.976585e-01 9.035173e+01
9.975775e-01 -3.522577e-02 5.998488e-02 -3.542496e-01 3.761621e-02 9.985231e-01 -3.919890e-02 -2.292339e+00 -5.851548e-02 4.136034e-02 9.974293e-01 9.147455e+01
9.972612e-01 -3.720217e-02 6.392177e-02 -3.195111e-01 3.970271e-02 9.984771e-01 -3.830400e-02 -2.353126e+00 -6.239944e-02 4.073697e-02 9.972196e-01 9.263416e+01
9.970876e-01 -3.766796e-02 6.631297e-02 -2.433870e-01 4.018746e-02 9.985039e-01 -3.707894e-02 -2.416043e+00 -6.481707e-02 3.963590e-02 9.971097e-01 9.384091e+01
9.968774e-01 -3.978610e-02 6.820930e-02 -1.659521e-01 4.235610e-02 9.984300e-01 -3.665490e-02 -2.471702e+00 -6.664385e-02 3.942952e-02 9.969975e-01 9.504664e+01
9.966007e-01 -4.256723e-02 7.053366e-02 -1.102337e-01 4.524916e-02 9.982951e-01 -3.687157e-02 -2.527272e+00 -6.884389e-02 3.993783e-02 9.968277e-01 9.621404e+01
9.964478e-01 -4.392752e-02 7.184793e-02 -5.145675e-02 4.690078e-02 9.980890e-01 -4.023223e-02 -2.583344e+00 -6.994333e-02 4.345905e-02 9.966038e-01 9.735233e+01
9.962525e-01 -4.506762e-02 7.382312e-02 1.718097e-02 4.837176e-02 9.978774e-01 -4.359785e-02 -2.650832e+00 -7.170158e-02 4.700542e-02 9.963179e-01 9.851629e+01
9.961452e-01 -4.525981e-02 7.514138e-02 8.840175e-02 4.895072e-02 9.976459e-01 -4.802634e-02 -2.705385e+00 -7.279082e-02 5.151943e-02 9.960157e-01 9.967753e+01
9.961273e-01 -4.426458e-02 7.596756e-02 2.164123e-01 4.799383e-02 9.976943e-01 -4.798684e-02 -2.782198e+00 -7.366828e-02 5.144697e-02 9.959549e-01 1.008443e+02
9.961779e-01 -4.408240e-02 7.540780e-02 3.279560e-01 4.785368e-02 9.976538e-01 -4.895779e-02 -2.841931e+00 -7.307270e-02 5.237921e-02 9.959502e-01 1.020022e+02
9.963555e-01 -4.360282e-02 7.331134e-02 4.689164e-01 4.712265e-02 9.977834e-01 -4.698792e-02 -2.921141e+00 -7.110003e-02 5.027130e-02 9.962016e-01 1.032825e+02
9.965804e-01 -4.329140e-02 7.038025e-02 6.118802e-01 4.666091e-02 9.978064e-01 -4.695789e-02 -2.983246e+00 -6.819300e-02 5.008132e-02 9.964144e-01 1.045541e+02
9.968916e-01 -4.229727e-02 6.646893e-02 7.251966e-01 4.545899e-02 9.978695e-01 -4.679674e-02 -3.054979e+00 -6.434795e-02 4.967289e-02 9.966905e-01 1.057910e+02
9.971073e-01 -4.135367e-02 6.377166e-02 8.014077e-01 4.435591e-02 9.979375e-01 -4.640358e-02 -3.129024e+00 -6.172117e-02 4.909800e-02 9.968851e-01 1.070167e+02
9.973502e-01 -4.019894e-02 6.063463e-02 8.382228e-01 4.317239e-02 9.978871e-01 -4.855298e-02 -3.189068e+00 -5.855474e-02 5.104207e-02 9.969785e-01 1.082577e+02
9.976782e-01 -3.783728e-02 5.662714e-02 8.980696e-01 4.064795e-02 9.979548e-01 -4.933466e-02 -3.262988e+00 -5.464464e-02 5.152189e-02 9.971758e-01 1.094765e+02
9.979364e-01 -3.650824e-02 5.282104e-02 9.721744e-01 3.910229e-02 9.980360e-01 -4.893985e-02 -3.341491e+00 -5.093059e-02 5.090429e-02 9.974040e-01 1.107000e+02
9.981623e-01 -3.619016e-02 4.860314e-02 1.041275e+00 3.855870e-02 9.980683e-01 -4.871277e-02 -3.412148e+00 -4.674633e-02 5.049732e-02 9.976296e-01 1.119242e+02
9.984076e-01 -3.512481e-02 4.414150e-02 1.073386e+00 3.724648e-02 9.981431e-01 -4.819914e-02 -3.491182e+00 -4.236655e-02 4.976651e-02 9.978619e-01 1.131201e+02
9.986292e-01 -3.427928e-02 3.955472e-02 1.132494e+00 3.617374e-02 9.981816e-01 -4.821707e-02 -3.562462e+00 -3.782994e-02 4.958182e-02 9.980534e-01 1.142922e+02
9.988385e-01 -3.349263e-02 3.463773e-02 1.140636e+00 3.515388e-02 9.982035e-01 -4.851905e-02 -3.636086e+00 -3.295047e-02 4.968035e-02 9.982215e-01 1.154898e+02
9.989967e-01 -3.250573e-02 3.080576e-02 1.114554e+00 3.399315e-02 9.982173e-01 -4.905765e-02 -3.713365e+00 -2.915619e-02 5.005561e-02 9.983208e-01 1.167096e+02
9.991261e-01 -3.233715e-02 2.648225e-02 1.109970e+00 3.364508e-02 9.981556e-01 -5.053079e-02 -3.793292e+00 -2.479939e-02 5.137762e-02 9.983714e-01 1.181170e+02
9.992599e-01 -3.131444e-02 2.233727e-02 1.084683e+00 3.241882e-02 9.981762e-01 -5.092376e-02 -3.884260e+00 -2.070188e-02 5.161022e-02 9.984527e-01 1.194306e+02
9.993816e-01 -3.012858e-02 1.812822e-02 1.085353e+00 3.105270e-02 9.981083e-01 -5.306134e-02 -3.956228e+00 -1.649527e-02 5.359146e-02 9.984267e-01 1.207480e+02
9.994760e-01 -2.793946e-02 1.634177e-02 1.083238e+00 2.877927e-02 9.981456e-01 -5.363769e-02 -4.034323e+00 -1.481286e-02 5.407990e-02 9.984267e-01 1.219460e+02
9.995111e-01 -2.717529e-02 1.546184e-02 1.078654e+00 2.798338e-02 9.981107e-01 -5.469877e-02 -4.119810e+00 -1.394617e-02 5.510470e-02 9.983832e-01 1.232624e+02
9.995531e-01 -2.587218e-02 1.497294e-02 1.057246e+00 2.666387e-02 9.981114e-01 -5.534230e-02 -4.202185e+00 -1.351284e-02 5.571681e-02 9.983552e-01 1.245770e+02
9.995956e-01 -2.464060e-02 1.419125e-02 1.058032e+00 2.538827e-02 9.981543e-01 -5.516642e-02 -4.289932e+00 -1.280573e-02 5.550440e-02 9.983763e-01 1.258805e+02
9.995548e-01 -2.634851e-02 1.399544e-02 1.059224e+00 2.708896e-02 9.980825e-01 -5.565463e-02 -4.371657e+00 -1.250219e-02 5.600898e-02 9.983520e-01 1.271685e+02
9.996338e-01 -2.365516e-02 1.314232e-02 1.042085e+00 2.434006e-02 9.982083e-01 -5.466040e-02 -4.453818e+00 -1.182577e-02 5.496027e-02 9.984185e-01 1.284214e+02
9.996644e-01 -2.346659e-02 1.097047e-02 1.060756e+00 2.401968e-02 9.982872e-01 -5.334515e-02 -4.526197e+00 -9.699852e-03 5.359076e-02 9.985158e-01 1.296363e+02
9.996225e-01 -2.518008e-02 1.098998e-02 1.046267e+00 2.573287e-02 9.982389e-01 -5.345098e-02 -4.615449e+00 -9.624722e-03 5.371361e-02 9.985100e-01 1.309175e+02
9.996504e-01 -2.471670e-02 9.395060e-03 1.062950e+00 2.519653e-02 9.981713e-01 -5.494648e-02 -4.708019e+00 -8.019784e-03 5.516399e-02 9.984451e-01 1.322415e+02
9.995854e-01 -2.742664e-02 8.757806e-03 1.049950e+00 2.787058e-02 9.980752e-01 -5.539941e-02 -4.781034e+00 -7.221529e-03 5.562053e-02 9.984258e-01 1.335305e+02
9.995605e-01 -2.893130e-02 6.461641e-03 1.066756e+00 2.923901e-02 9.981069e-01 -5.410798e-02 -4.864429e+00 -4.883994e-03 5.427314e-02 9.985142e-01 1.347925e+02
9.994773e-01 -3.188632e-02 5.320914e-03 1.077994e+00 3.212333e-02 9.980848e-01 -5.286596e-02 -4.946447e+00 -3.625023e-03 5.300925e-02 9.985874e-01 1.360706e+02
9.994124e-01 -3.393956e-02 4.799147e-03 1.077585e+00 3.414161e-02 9.980945e-01 -5.139730e-02 -5.035309e+00 -3.045601e-03 5.153095e-02 9.986668e-01 1.373309e+02
9.992248e-01 -3.894034e-02 5.791260e-03 1.066253e+00 3.919539e-02 9.977901e-01 -5.365283e-02 -5.120016e+00 -3.689202e-03 5.383823e-02 9.985428e-01 1.386012e+02
9.991162e-01 -4.159664e-02 6.042127e-03 1.059177e+00 4.186428e-02 9.976403e-01 -5.441831e-02 -5.214151e+00 -3.764250e-03 5.462317e-02 9.984999e-01 1.399361e+02
9.990355e-01 -4.335575e-02 6.959225e-03 1.047351e+00 4.367166e-02 9.975538e-01 -5.458289e-02 -5.307473e+00 -4.575719e-03 5.483416e-02 9.984850e-01 1.412338e+02
9.990349e-01 -4.319908e-02 7.944689e-03 1.029876e+00 4.356819e-02 9.975690e-01 -5.438637e-02 -5.393477e+00 -5.575935e-03 5.468001e-02 9.984884e-01 1.425249e+02
9.990830e-01 -4.219791e-02 7.236614e-03 1.030746e+00 4.252376e-02 9.976797e-01 -5.316984e-02 -5.474262e+00 -4.976167e-03 5.342882e-02 9.985592e-01 1.437889e+02
9.991503e-01 -4.044439e-02 7.931070e-03 1.017831e+00 4.080017e-02 9.978387e-01 -5.151035e-02 -5.562447e+00 -5.830625e-03 5.179017e-02 9.986410e-01 1.450758e+02
9.991163e-01 -4.085269e-02 9.883327e-03 9.868730e-01 4.132108e-02 9.977363e-01 -5.305408e-02 -5.657324e+00 -7.693553e-03 5.341559e-02 9.985427e-01 1.464071e+02
9.991081e-01 -4.076836e-02 1.099939e-02 9.549695e-01 4.132326e-02 9.975693e-01 -5.610630e-02 -5.741103e+00 -8.685290e-03 5.651079e-02 9.983642e-01 1.477238e+02
9.990744e-01 -4.128998e-02 1.205976e-02 9.250684e-01 4.192961e-02 9.973917e-01 -5.875077e-02 -5.836305e+00 -9.602491e-03 5.920205e-02 9.981998e-01 1.490396e+02
9.989795e-01 -4.346873e-02 1.226264e-02 9.428726e-01 4.416934e-02 9.969560e-01 -6.424840e-02 -5.929728e+00 -9.432517e-03 6.472447e-02 9.978586e-01 1.503444e+02
9.989376e-01 -4.407055e-02 1.346956e-02 9.192434e-01 4.489266e-02 9.966419e-01 -6.848097e-02 -6.037286e+00 -1.040633e-02 6.901290e-02 9.975615e-01 1.516779e+02
9.988853e-01 -4.487397e-02 1.464503e-02 9.063455e-01 4.578973e-02 9.965149e-01 -6.972340e-02 -6.147431e+00 -1.146522e-02 7.031628e-02 9.974589e-01 1.530079e+02
9.989004e-01 -4.498070e-02 1.322323e-02 9.664117e-01 4.580501e-02 9.964529e-01 -7.059444e-02 -6.250251e+00 -1.000094e-02 7.112250e-02 9.974174e-01 1.542680e+02
9.989024e-01 -4.476849e-02 1.377459e-02 9.588675e-01 4.562899e-02 9.964846e-01 -7.025973e-02 -6.365193e+00 -1.058074e-02 7.081115e-02 9.974336e-01 1.556349e+02
9.989386e-01 -4.436922e-02 1.237226e-02 9.902015e-01 4.512991e-02 9.965189e-01 -7.009622e-02 -6.469862e+00 -9.219075e-03 7.058018e-02 9.974635e-01 1.569131e+02
9.990106e-01 -4.319657e-02 1.058130e-02 1.037777e+00 4.382957e-02 9.966159e-01 -6.953860e-02 -6.584153e+00 -7.541659e-03 6.993357e-02 9.975231e-01 1.582096e+02
9.990020e-01 -4.397750e-02 7.802689e-03 1.058005e+00 4.442504e-02 9.964291e-01 -7.180199e-02 -6.673930e+00 -4.617154e-03 7.207698e-02 9.973884e-01 1.594360e+02
9.989849e-01 -4.472807e-02 5.355163e-03 1.060892e+00 4.500020e-02 9.963058e-01 -7.314207e-02 -6.774662e+00 -2.063877e-03 7.330880e-02 9.973072e-01 1.606639e+02
9.989688e-01 -4.519204e-02 4.369909e-03 1.070488e+00 4.539037e-02 9.963123e-01 -7.281173e-02 -6.890425e+00 -1.063284e-03 7.293499e-02 9.973361e-01 1.620341e+02
9.989333e-01 -4.602122e-02 3.781322e-03 1.075953e+00 4.617441e-02 9.962776e-01 -7.279309e-02 -7.006159e+00 -4.172208e-04 7.289004e-02 9.973399e-01 1.633807e+02
9.990774e-01 -4.284612e-02 2.935569e-03 1.083005e+00 4.294600e-02 9.963769e-01 -7.340828e-02 -7.119283e+00 2.203262e-04 7.346662e-02 9.972976e-01 1.646554e+02
9.990492e-01 -4.357326e-02 1.465126e-03 1.079893e+00 4.355653e-02 9.960742e-01 -7.706495e-02 -7.212099e+00 1.898597e-03 7.705548e-02 9.970250e-01 1.659375e+02
9.991377e-01 -4.151656e-02 5.271398e-04 1.075516e+00 4.142943e-02 9.960425e-01 -7.863133e-02 -7.312170e+00 2.739449e-03 7.858536e-02 9.969036e-01 1.671752e+02
9.990808e-01 -4.286244e-02 -5.312980e-04 1.089912e+00 4.268518e-02 9.959328e-01 -7.934614e-02 -7.444953e+00 3.930106e-03 7.925053e-02 9.968470e-01 1.685132e+02
9.990914e-01 -4.249839e-02 -3.180131e-03 1.105210e+00 4.210909e-02 9.959157e-01 -7.986667e-02 -7.568805e+00 6.561347e-03 7.966019e-02 9.968005e-01 1.697698e+02
9.991065e-01 -4.200376e-02 -4.666689e-03 1.122603e+00 4.149855e-02 9.959503e-01 -7.975420e-02 -7.690623e+00 7.997766e-03 7.948928e-02 9.968036e-01 1.710507e+02
9.990813e-01 -4.244606e-02 -5.902319e-03 1.116566e+00 4.184482e-02 9.959664e-01 -7.937190e-02 -7.808162e+00 9.247536e-03 7.905200e-02 9.968276e-01 1.723200e+02
9.991027e-01 -4.173442e-02 -7.210731e-03 1.116581e+00 4.103867e-02 9.960504e-01 -7.873614e-02 -7.931530e+00 1.046826e-02 7.836957e-02 9.968694e-01 1.735898e+02
9.991550e-01 -4.020090e-02 -8.553514e-03 1.130468e+00 3.942278e-02 9.962373e-01 -7.718216e-02 -8.063469e+00 1.162412e-02 7.677974e-02 9.969803e-01 1.748843e+02
9.991172e-01 -4.106803e-02 -8.843882e-03 1.086354e+00 4.025799e-02 9.961581e-01 -7.777131e-02 -8.178206e+00 1.200382e-02 7.734662e-02 9.969320e-01 1.761378e+02
9.990759e-01 -4.194462e-02 -9.377979e-03 1.060468e+00 4.108284e-02 9.960759e-01 -7.839013e-02 -8.303144e+00 1.262922e-02 7.793242e-02 9.968786e-01 1.774209e+02
9.991252e-01 -4.081065e-02 -9.124554e-03 1.021662e+00 3.995819e-02 9.960327e-01 -7.951197e-02 -8.422613e+00 1.233329e-02 7.907781e-02 9.967921e-01 1.787288e+02
9.990806e-01 -4.207213e-02 -8.238688e-03 9.863684e-01 4.128943e-02 9.960032e-01 -7.920115e-02 -8.550069e+00 1.153792e-02 7.878817e-02 9.968246e-01 1.800694e+02
9.990004e-01 -4.394583e-02 -8.177902e-03 9.621995e-01 4.314873e-02 9.958325e-01 -8.034835e-02 -8.678122e+00 1.167479e-02 7.991517e-02 9.967333e-01 1.813611e+02
9.988590e-01 -4.712100e-02 -7.770340e-03 9.306018e-01 4.630807e-02 9.954193e-01 -8.364177e-02 -8.793615e+00 1.167603e-02 8.318650e-02 9.964656e-01 1.826490e+02
9.986408e-01 -5.153801e-02 -7.767763e-03 9.148568e-01 5.070642e-02 9.951794e-01 -8.394515e-02 -8.924203e+00 1.205668e-02 8.343717e-02 9.964401e-01 1.839402e+02
9.986810e-01 -5.058718e-02 -8.785526e-03 9.117393e-01 4.969577e-02 9.953705e-01 -8.226728e-02 -9.035851e+00 1.290652e-02 8.172217e-02 9.965716e-01 1.852660e+02
9.985687e-01 -5.265594e-02 -9.379149e-03 9.041420e-01 5.176279e-02 9.955829e-01 -7.832833e-02 -9.162422e+00 1.346217e-02 7.773072e-02 9.968835e-01 1.865477e+02
9.985529e-01 -5.271305e-02 -1.064706e-02 9.082798e-01 5.169636e-02 9.954530e-01 -8.000486e-02 -9.275727e+00 1.481595e-02 7.933867e-02 9.967376e-01 1.878166e+02
9.986655e-01 -5.063729e-02 -1.015658e-02 8.817980e-01 4.962396e-02 9.953177e-01 -8.294674e-02 -9.408433e+00 1.430922e-02 8.233204e-02 9.965022e-01 1.890845e+02
9.986430e-01 -5.099446e-02 -1.057384e-02 8.742453e-01 4.989528e-02 9.950168e-01 -8.632483e-02 -9.522527e+00 1.492323e-02 8.568010e-02 9.962109e-01 1.903172e+02
9.986469e-01 -5.106830e-02 -9.815928e-03 8.548775e-01 5.002505e-02 9.949569e-01 -8.693912e-02 -9.642539e+00 1.420626e-02 8.633044e-02 9.961653e-01 1.915462e+02
9.985166e-01 -5.356827e-02 -9.744783e-03 8.358691e-01 5.253391e-02 9.949000e-01 -8.610602e-02 -9.773772e+00 1.430763e-02 8.546636e-02 9.962384e-01 1.928513e+02
9.985240e-01 -5.343740e-02 -9.715148e-03 8.115259e-01 5.242009e-02 9.949905e-01 -8.512375e-02 -9.895568e+00 1.421527e-02 8.448883e-02 9.963230e-01 1.941275e+02
9.985434e-01 -5.310874e-02 -9.515983e-03 7.927518e-01 5.212116e-02 9.950775e-01 -8.428621e-02 -1.003054e+01 1.394547e-02 8.366745e-02 9.963961e-01 1.954067e+02
9.985231e-01 -5.359082e-02 -8.931203e-03 7.819356e-01 5.262018e-02 9.948586e-01 -8.653040e-02 -1.014508e+01 1.352252e-02 8.593264e-02 9.962092e-01 1.966718e+02
9.984918e-01 -5.431989e-02 -7.960571e-03 7.731295e-01 5.340238e-02 9.946256e-01 -8.870184e-02 -1.026756e+01 1.273606e-02 8.814295e-02 9.960264e-01 1.979123e+02
9.984890e-01 -5.451515e-02 -6.912954e-03 7.619361e-01 5.366775e-02 9.944473e-01 -9.052299e-02 -1.040401e+01 1.180944e-02 9.001520e-02 9.958704e-01 1.992139e+02
9.984122e-01 -5.599735e-02 -6.118809e-03 7.525436e-01 5.520250e-02 9.942576e-01 -9.167567e-02 -1.054303e+01 1.121727e-02 9.119233e-02 9.957701e-01 2.005149e+02
9.984359e-01 -5.569240e-02 -4.917840e-03 7.350747e-01 5.500492e-02 9.942368e-01 -9.201986e-02 -1.066851e+01 1.001430e-02 9.160542e-02 9.957450e-01 2.017573e+02
9.983555e-01 -5.726752e-02 -2.580484e-03 6.937189e-01 5.679753e-02 9.942518e-01 -9.076012e-02 -1.080202e+01 7.763258e-03 9.046431e-02 9.958695e-01 2.029873e+02
9.983488e-01 -5.742287e-02 -1.508234e-03 6.678142e-01 5.705089e-02 9.942591e-01 -9.052125e-02 -1.093618e+01 6.697566e-03 9.028574e-02 9.958934e-01 2.042348e+02
9.982915e-01 -5.842799e-02 -4.870256e-04 6.440643e-01 5.814056e-02 9.941402e-01 -9.113147e-02 -1.106288e+01 5.808800e-03 9.094746e-02 9.958388e-01 2.054151e+02
9.982756e-01 -5.869398e-02 8.863552e-04 6.136039e-01 5.852975e-02 9.941041e-01 -9.127573e-02 -1.119615e+01 4.476206e-03 9.117021e-02 9.958253e-01 2.066206e+02
9.982578e-01 -5.896786e-02 2.035989e-03 6.018977e-01 5.890745e-02 9.940847e-01 -9.124467e-02 -1.133720e+01 3.356557e-03 9.120563e-02 9.958264e-01 2.078518e+02
9.983599e-01 -5.710723e-02 4.026110e-03 5.925556e-01 5.723603e-02 9.941675e-01 -9.140564e-02 -1.146582e+01 1.217295e-03 9.148616e-02 9.958056e-01 2.090669e+02
9.982849e-01 -5.820058e-02 6.315987e-03 5.467665e-01 5.853488e-02 9.940488e-01 -9.187295e-02 -1.159644e+01 -9.313397e-04 9.208509e-02 9.957507e-01 2.102465e+02
9.981996e-01 -5.957484e-02 6.960352e-03 5.551066e-01 5.996413e-02 9.938673e-01 -9.290960e-02 -1.172486e+01 -1.382591e-03 9.315970e-02 9.956502e-01 2.114776e+02
9.980980e-01 -6.125087e-02 6.977029e-03 5.564811e-01 6.163473e-02 9.937429e-01 -9.314616e-02 -1.185535e+01 -1.228089e-03 9.339903e-02 9.956280e-01 2.126649e+02
9.979628e-01 -6.351496e-02 6.006024e-03 5.698068e-01 6.379828e-02 9.934618e-01 -9.467477e-02 -1.197231e+01 4.650848e-05 9.486507e-02 9.954901e-01 2.138312e+02
9.979318e-01 -6.403170e-02 5.660630e-03 5.982960e-01 6.427971e-02 9.933850e-01 -9.515440e-02 -1.210229e+01 4.697125e-04 9.532146e-02 9.954464e-01 2.149913e+02
9.979466e-01 -6.388019e-02 4.694117e-03 5.995156e-01 6.403409e-02 9.932248e-01 -9.697508e-02 -1.222878e+01 1.532474e-03 9.707653e-02 9.952757e-01 2.161437e+02
9.979616e-01 -6.363518e-02 4.806584e-03 5.946271e-01 6.380041e-02 9.931879e-01 -9.750544e-02 -1.235925e+01 1.430935e-03 9.761336e-02 9.952234e-01 2.172220e+02
9.979058e-01 -6.449455e-02 4.953283e-03 5.781555e-01 6.466834e-02 9.930168e-01 -9.866932e-02 -1.248244e+01 1.444940e-03 9.878301e-02 9.951079e-01 2.182748e+02
9.978666e-01 -6.520027e-02 3.329227e-03 5.778254e-01 6.520636e-02 9.928590e-01 -9.989545e-02 -1.259885e+01 3.207757e-03 9.989942e-02 9.949924e-01 2.193510e+02
9.977614e-01 -6.685896e-02 1.448764e-03 5.693842e-01 6.667138e-02 9.928072e-01 -9.944225e-02 -1.272796e+01 5.210263e-03 9.931623e-02 9.950423e-01 2.204191e+02
9.977601e-01 -6.689364e-02 1.146136e-04 5.445380e-01 6.658179e-02 9.929406e-01 -9.816249e-02 -1.284308e+01 6.452641e-03 9.795025e-02 9.951704e-01 2.214042e+02
9.977529e-01 -6.699927e-02 -4.956932e-04 5.209830e-01 6.663908e-02 9.931027e-01 -9.646887e-02 -1.297894e+01 6.955618e-03 9.621906e-02 9.953359e-01 2.225008e+02
9.977627e-01 -6.673516e-02 -3.991618e-03 5.232719e-01 6.602623e-02 9.930133e-01 -9.780177e-02 -1.308903e+01 1.049055e-02 9.731941e-02 9.951979e-01 2.234933e+02
9.977031e-01 -6.737985e-02 -6.963980e-03 5.286543e-01 6.637575e-02 9.929672e-01 -9.803195e-02 -1.321742e+01 1.352038e-02 9.734455e-02 9.951589e-01 2.245323e+02
9.976285e-01 -6.818948e-02 -9.365409e-03 5.155044e-01 6.695049e-02 9.929441e-01 -9.787516e-02 -1.334364e+01 1.597338e-02 9.701603e-02 9.951546e-01 2.255188e+02
9.975251e-01 -6.919523e-02 -1.247738e-02 4.949488e-01 6.764296e-02 9.928616e-01 -9.823608e-02 -1.344673e+01 1.918578e-02 9.714895e-02 9.950849e-01 2.264531e+02
9.975278e-01 -6.837787e-02 -1.620649e-02 4.904010e-01 6.641793e-02 9.927289e-01 -1.003894e-01 -1.354311e+01 2.295306e-02 9.906482e-02 9.948162e-01 2.273882e+02
9.974898e-01 -6.817888e-02 -1.912768e-02 4.754729e-01 6.589850e-02 9.926378e-01 -1.016254e-01 -1.364361e+01 2.591557e-02 1.001098e-01 9.946389e-01 2.282866e+02
9.972932e-01 -7.016148e-02 -2.198911e-02 4.421707e-01 6.757279e-02 9.924812e-01 -1.020539e-01 -1.375657e+01 2.898403e-02 1.002918e-01 9.945358e-01 2.291537e+02
9.972988e-01 -6.912841e-02 -2.482702e-02 4.252221e-01 6.623780e-02 9.924992e-01 -1.027516e-01 -1.386203e+01 3.174385e-02 1.008296e-01 9.943972e-01 2.300274e+02
9.972197e-01 -6.892733e-02 -2.831633e-02 4.020126e-01 6.565168e-02 9.924376e-01 -1.037183e-01 -1.396961e+01 3.525122e-02 1.015709e-01 9.942036e-01 2.308960e+02
9.972694e-01 -6.765360e-02 -2.960949e-02 3.555412e-01 6.427566e-02 9.925934e-01 -1.030874e-01 -1.408705e+01 3.636442e-02 1.009028e-01 9.942315e-01 2.317375e+02
9.973156e-01 -6.685304e-02 -2.986926e-02 3.054149e-01 6.341139e-02 9.925320e-01 -1.042078e-01 -1.417701e+01 3.661280e-02 1.020340e-01 9.941069e-01 2.325356e+02
9.972987e-01 -6.735440e-02 -2.930315e-02 2.833042e-01 6.400728e-02 9.926063e-01 -1.031297e-01 -1.427770e+01 3.603273e-02 1.009755e-01 9.942362e-01 2.333423e+02
9.973807e-01 -6.607556e-02 -2.942359e-02 2.691325e-01 6.276726e-02 9.928138e-01 -1.018870e-01 -1.437287e+01 3.594439e-02 9.977329e-02 9.943607e-01 2.340880e+02
9.973991e-01 -6.608706e-02 -2.876738e-02 2.539532e-01 6.282225e-02 9.927466e-01 -1.025065e-01 -1.446826e+01 3.533307e-02 1.004327e-01 9.943163e-01 2.348380e+02
9.974917e-01 -6.449502e-02 -2.916896e-02 2.330823e-01 6.112862e-02 9.926527e-01 -1.044216e-01 -1.455952e+01 3.568932e-02 1.023766e-01 9.941053e-01 2.355731e+02
9.975313e-01 -6.378695e-02 -2.936892e-02 2.239432e-01 6.033609e-02 9.925030e-01 -1.062894e-01 -1.465416e+01 3.592861e-02 1.042550e-01 9.939014e-01 2.363225e+02
9.975320e-01 -6.474325e-02 -2.717241e-02 1.788029e-01 6.148367e-02 9.923277e-01 -1.072632e-01 -1.475088e+01 3.390850e-02 1.053278e-01 9.938593e-01 2.370306e+02
9.976996e-01 -6.322137e-02 -2.446541e-02 1.328866e-01 6.024135e-02 9.923551e-01 -1.077142e-01 -1.484825e+01 3.108821e-02 1.059926e-01 9.938808e-01 2.378015e+02
9.977763e-01 -6.266554e-02 -2.270465e-02 1.011878e-01 5.986103e-02 9.923251e-01 -1.082014e-01 -1.494162e+01 2.931089e-02 1.066017e-01 9.938697e-01 2.385675e+02
9.977654e-01 -6.363326e-02 -2.037399e-02 7.326554e-02 6.106254e-02 9.922133e-01 -1.085545e-01 -1.503396e+01 2.712302e-02 1.070678e-01 9.938817e-01 2.392950e+02
9.978575e-01 -6.318331e-02 -1.698116e-02 1.860612e-02 6.096336e-02 9.921479e-01 -1.092061e-01 -1.511833e+01 2.374783e-02 1.079369e-01 9.938741e-01 2.400014e+02
9.978910e-01 -6.370507e-02 -1.245851e-02 -4.956570e-02 6.195396e-02 9.919896e-01 -1.100831e-01 -1.521306e+01 1.937156e-02 1.090791e-01 9.938443e-01 2.407715e+02
9.979459e-01 -6.354923e-02 -8.093257e-03 -8.191383e-02 6.227582e-02 9.919690e-01 -1.100871e-01 -1.529883e+01 1.502421e-02 1.093570e-01 9.938890e-01 2.414657e+02
9.978233e-01 -6.575458e-02 -5.001578e-03 -1.014588e-01 6.480405e-02 9.917866e-01 -1.102713e-01 -1.538620e+01 1.221135e-02 1.097072e-01 9.938889e-01 2.422218e+02
9.977124e-01 -6.758548e-02 -1.449820e-03 -1.013717e-01 6.702463e-02 9.917727e-01 -1.090631e-01 -1.548389e+01 8.808972e-03 1.087164e-01 9.940338e-01 2.429357e+02
9.977358e-01 -6.722777e-02 1.914420e-03 -9.703695e-02 6.702742e-02 9.916165e-01 -1.104717e-01 -1.556053e+01 5.528393e-03 1.103498e-01 9.938774e-01 2.436347e+02
9.975804e-01 -6.934395e-02 4.974544e-03 -8.286353e-02 6.946792e-02 9.914218e-01 -1.107115e-01 -1.565088e+01 2.745299e-03 1.107892e-01 9.938402e-01 2.443613e+02
9.975776e-01 -6.920560e-02 7.031708e-03 -5.561471e-02 6.955823e-02 9.913735e-01 -1.110866e-01 -1.574753e+01 7.167650e-04 1.113066e-01 9.937859e-01 2.451113e+02
9.975871e-01 -6.853726e-02 1.107507e-02 -6.350065e-02 6.934851e-02 9.912586e-01 -1.122374e-01 -1.583999e+01 -3.285816e-03 1.127346e-01 9.936197e-01 2.458158e+02
9.975725e-01 -6.814373e-02 1.433574e-02 -7.665160e-02 6.934009e-02 9.910026e-01 -1.144802e-01 -1.592696e+01 -6.405646e-03 1.151964e-01 9.933221e-01 2.465556e+02
9.974704e-01 -6.871429e-02 1.819457e-02 -8.520186e-02 7.034677e-02 9.909907e-01 -1.139683e-01 -1.601287e+01 -1.019941e-02 1.149599e-01 9.933178e-01 2.472560e+02
9.974425e-01 -6.833827e-02 2.093439e-02 -7.713433e-02 7.027244e-02 9.911362e-01 -1.127423e-01 -1.611870e+01 -1.304422e-02 1.139251e-01 9.934037e-01 2.479880e+02
9.974217e-01 -6.776912e-02 2.360693e-02 -6.834797e-02 7.002636e-02 9.910477e-01 -1.136692e-01 -1.621175e+01 -1.569233e-02 1.150292e-01 9.932382e-01 2.487349e+02
9.974102e-01 -6.652020e-02 2.735055e-02 -7.153961e-02 6.923531e-02 9.909940e-01 -1.146187e-01 -1.630835e+01 -1.947977e-02 1.162155e-01 9.930330e-01 2.494389e+02
9.972481e-01 -6.802535e-02 2.947624e-02 -6.052434e-02 7.102308e-02 9.906235e-01 -1.167081e-01 -1.639909e+01 -2.126075e-02 1.184804e-01 9.927288e-01 2.501702e+02
9.972982e-01 -6.673975e-02 3.069407e-02 -4.473337e-02 6.990891e-02 9.906067e-01 -1.175208e-01 -1.650732e+01 -2.256245e-02 1.193490e-01 9.925960e-01 2.509176e+02
9.974763e-01 -6.352843e-02 3.170548e-02 -3.484159e-02 6.685188e-02 9.907585e-01 -1.180187e-01 -1.661247e+01 -2.391493e-02 1.198404e-01 9.925051e-01 2.516491e+02
9.973496e-01 -6.510402e-02 3.248351e-02 -9.966949e-03 6.850363e-02 9.906775e-01 -1.177516e-01 -1.671145e+01 -2.451458e-02 1.196647e-01 9.925116e-01 2.523663e+02
9.974694e-01 -6.362974e-02 3.171696e-02 1.849778e-02 6.697329e-02 9.906540e-01 -1.188246e-01 -1.681043e+01 -2.385975e-02 1.206481e-01 9.924086e-01 2.531688e+02
9.975616e-01 -6.213230e-02 3.178816e-02 3.658995e-02 6.555571e-02 9.904432e-01 -1.213452e-01 -1.688831e+01 -2.394491e-02 1.231332e-01 9.921013e-01 2.538588e+02
9.974360e-01 -6.415579e-02 3.170784e-02 6.230253e-02 6.759226e-02 9.901121e-01 -1.229197e-01 -1.699130e+01 -2.350830e-02 1.247477e-01 9.919100e-01 2.545987e+02
9.971607e-01 -6.814127e-02 3.205255e-02 8.393673e-02 7.163288e-02 9.896075e-01 -1.246822e-01 -1.709496e+01 -2.322344e-02 1.266242e-01 9.916789e-01 2.553035e+02
9.969522e-01 -7.045192e-02 3.350752e-02 1.151311e-01 7.410935e-02 9.894314e-01 -1.246327e-01 -1.720468e+01 -2.437278e-02 1.267361e-01 9.916370e-01 2.560912e+02
9.971105e-01 -6.891935e-02 3.194967e-02 1.405254e-01 7.235099e-02 9.897758e-01 -1.229194e-01 -1.728708e+01 -2.315148e-02 1.248758e-01 9.919022e-01 2.568754e+02
9.975539e-01 -6.229289e-02 3.171398e-02 1.587939e-01 6.564698e-02 9.907339e-01 -1.188979e-01 -1.737257e+01 -2.401363e-02 1.206890e-01 9.923999e-01 2.576879e+02
9.973437e-01 -6.492362e-02 3.302233e-02 1.640346e-01 6.833445e-02 9.909427e-01 -1.155987e-01 -1.747983e+01 -2.521814e-02 1.175482e-01 9.927469e-01 2.584642e+02
9.972275e-01 -6.578399e-02 3.478196e-02 1.932614e-01 6.950770e-02 9.903702e-01 -1.197309e-01 -1.756739e+01 -2.657063e-02 1.218166e-01 9.921969e-01 2.592468e+02
9.971136e-01 -6.497908e-02 3.926930e-02 2.110993e-01 6.943429e-02 9.896677e-01 -1.254460e-01 -1.767595e+01 -3.071219e-02 1.278106e-01 9.913230e-01 2.600442e+02
9.970403e-01 -6.338872e-02 4.350322e-02 2.388684e-01 6.855400e-02 9.891589e-01 -1.298658e-01 -1.777873e+01 -3.479956e-02 1.324638e-01 9.905767e-01 2.608632e+02
9.968966e-01 -6.190873e-02 4.862567e-02 2.719656e-01 6.777442e-02 9.891854e-01 -1.300728e-01 -1.789019e+01 -4.004716e-02 1.329647e-01 9.903114e-01 2.616981e+02
9.965625e-01 -6.373450e-02 5.292513e-02 2.900067e-01 7.007470e-02 9.892747e-01 -1.281600e-01 -1.800277e+01 -4.418929e-02 1.314282e-01 9.903403e-01 2.625269e+02
9.961731e-01 -6.793079e-02 5.499608e-02 3.367189e-01 7.441898e-02 9.892208e-01 -1.261113e-01 -1.811566e+01 -4.583643e-02 1.297215e-01 9.904904e-01 2.633742e+02
9.957048e-01 -7.227179e-02 5.786744e-02 3.937591e-01 7.894317e-02 9.892855e-01 -1.228092e-01 -1.825216e+01 -4.837178e-02 1.268500e-01 9.907418e-01 2.642083e+02
9.954214e-01 -7.294388e-02 6.176955e-02 4.400441e-01 8.007090e-02 9.892824e-01 -1.221020e-01 -1.837221e+01 -5.220093e-02 1.264889e-01 9.905936e-01 2.650459e+02
9.953183e-01 -7.195064e-02 6.453405e-02 4.614837e-01 7.949530e-02 9.891939e-01 -1.231905e-01 -1.849057e+01 -5.497305e-02 1.277439e-01 9.902825e-01 2.658690e+02
9.952862e-01 -7.113188e-02 6.592066e-02 5.291990e-01 7.910137e-02 9.886861e-01 -1.274472e-01 -1.859061e+01 -5.610928e-02 1.320609e-01 9.896523e-01 2.667247e+02
9.948117e-01 -7.426595e-02 6.952880e-02 5.543865e-01 8.267737e-02 9.884296e-01 -1.271667e-01 -1.871534e+01 -5.928017e-02 1.322554e-01 9.894415e-01 2.675562e+02
9.945924e-01 -7.331689e-02 7.355643e-02 5.996856e-01 8.211864e-02 9.887766e-01 -1.248095e-01 -1.884472e+01 -6.358023e-02 1.301749e-01 9.894504e-01 2.684398e+02
9.943663e-01 -7.088495e-02 7.881004e-02 6.369213e-01 8.031609e-02 9.890550e-01 -1.237722e-01 -1.895461e+01 -6.917388e-02 1.294046e-01 9.891762e-01 2.692762e+02
9.941327e-01 -6.930751e-02 8.304614e-02 6.685795e-01 7.938121e-02 9.889910e-01 -1.248818e-01 -1.906525e+01 -7.347663e-02 1.307414e-01 9.886900e-01 2.701045e+02
9.936867e-01 -7.148708e-02 8.646516e-02 7.331552e-01 8.202762e-02 9.887305e-01 -1.252331e-01 -1.917488e+01 -7.653820e-02 1.315350e-01 9.883524e-01 2.709269e+02
9.932936e-01 -7.310228e-02 8.957608e-02 8.000681e-01 8.415589e-02 9.883799e-01 -1.265816e-01 -1.928082e+01 -7.928179e-02 1.332711e-01 9.879034e-01 2.717479e+02
9.926415e-01 -7.808620e-02 9.254909e-02 8.735361e-01 8.940762e-02 9.880856e-01 -1.252726e-01 -1.940022e+01 -8.166436e-02 1.326254e-01 9.877962e-01 2.725551e+02
9.922583e-01 -8.115233e-02 9.400965e-02 9.417186e-01 9.266806e-02 9.877658e-01 -1.254250e-01 -1.952342e+01 -8.268098e-02 1.331657e-01 9.876390e-01 2.734048e+02
9.920720e-01 -8.262592e-02 9.468918e-02 1.028016e+00 9.425352e-02 9.875746e-01 -1.257485e-01 -1.964381e+01 -8.312254e-02 1.336764e-01 9.875329e-01 2.742672e+02
9.918650e-01 -8.350584e-02 9.607602e-02 1.096177e+00 9.542273e-02 9.873031e-01 -1.269920e-01 -1.975185e+01 -8.425158e-02 1.351268e-01 9.872398e-01 2.751323e+02
