1.000000e+00 0.000000e+00 0.000000e+00 0.000000e+00 0.000000e+00 1.000000e+00 0.000000e+00 0.000000e+00 0.000000e+00 0.000000e+00 1.000000e+00 0.000000e+00
9.999786e-01 1.708914e-03 6.319154e-03 1.480755e-02 -1.711396e-03 9.999985e-01 3.874596e-04 -1.536331e-03 -6.318482e-03 -3.982659e-04 9.999800e-01 -7.959960e-02
9.999998e-01 5.810487e-04 -5.081496e-05 8.592676e-03 -5.810739e-04 9.999997e-01 -4.979327e-04 3.991974e-03 5.052562e-05 4.979621e-04 9.999999e-01 6.998431e-03
9.999722e-01 3.701139e-03 -6.476664e-03 -2.562091e-03 -3.707689e-03 9.999926e-01 -9.996211e-04 6.242621e-03 6.472916e-03 1.023607e-03 9.999785e-01 7.519234e-02
9.999078e-01 5.896220e-03 -1.223235e-02 -4.141367e-02 -5.935685e-03 9.999773e-01 -3.192507e-03 1.014117e-02 1.221325e-02 3.264820e-03 9.999201e-01 1.534183e-01
9.997204e-01 7.854220e-03 -2.230412e-02 -3.000476e-02 -7.934232e-03 9.999624e-01 -3.501101e-03 9.204863e-03 2.227578e-02 3.677088e-03 9.997451e-01 2.481244e-01
9.994237e-01 7.467104e-03 -3.311427e-02 -5.809515e-02 -7.621693e-03 9.999606e-01 -4.544594e-03 -1.585340e-02 3.307903e-02 4.794362e-03 9.994413e-01 3.770604e-01
9.989155e-01 8.549702e-03 -4.576831e-02 -8.605824e-02 -8.829735e-03 9.999435e-01 -5.919835e-03 6.471634e-03 4.571511e-02 6.317537e-03 9.989346e-01 4.905485e-01
9.980388e-01 9.564403e-03 -6.186432e-02 -1.042235e-01 -9.961024e-03 9.999318e-01 -6.105905e-03 1.196008e-02 6.180169e-02 6.710162e-03 9.980659e-01 6.170542e-01
9.967561e-01 9.132722e-03 -7.996152e-02 -1.317002e-01 -9.723407e-03 9.999282e-01 -7.000855e-03 1.693216e-02 7.989185e-02 7.755643e-03 9.967734e-01 7.558644e-01
9.950818e-01 8.454280e-03 -9.869484e-02 -1.899616e-01 -9.282449e-03 9.999254e-01 -7.935030e-03 1.982872e-02 9.862039e-02 8.812134e-03 9.950861e-01 9.222402e-01
9.927014e-01 7.854258e-03 -1.203424e-01 -2.387013e-01 -8.681763e-03 9.999421e-01 -6.353500e-03 -5.326279e-03 1.202855e-01 7.351913e-03 9.927121e-01 1.078121e+00
9.895100e-01 1.348718e-02 -1.438336e-01 -2.972479e-01 -1.477047e-02 9.998600e-01 -7.857913e-03 3.144205e-03 1.437075e-01 9.899973e-03 9.895707e-01 1.266127e+00
9.856948e-01 1.801778e-02 -1.675745e-01 -3.810604e-01 -1.973199e-02 9.997686e-01 -8.569960e-03 -1.883505e-02 1.673813e-01 1.175394e-02 9.858222e-01 1.432600e+00
9.808078e-01 2.116439e-02 -1.938250e-01 -4.593709e-01 -2.380137e-02 9.996530e-01 -1.128607e-02 1.332068e-03 1.935188e-01 1.568276e-02 9.809712e-01 1.615875e+00
9.751113e-01 2.011686e-02 -2.208015e-01 -5.791379e-01 -2.324932e-02 9.996625e-01 -1.159687e-02 -2.943516e-03 2.204936e-01 1.644173e-02 9.752498e-01 1.778383e+00
9.679112e-01 2.485014e-02 -2.500605e-01 -6.788703e-01 -2.856861e-02 9.995285e-01 -1.125111e-02 1.152808e-02 2.496630e-01 1.803396e-02 9.681649e-01 1.965412e+00
9.594659e-01 2.809109e-02 -2.804212e-01 -7.961319e-01 -3.238101e-02 9.994186e-01 -1.067579e-02 3.066699e-02 2.799583e-01 1.932338e-02 9.598176e-01 2.151278e+00
9.496686e-01 2.858713e-02 -3.119491e-01 -9.517576e-01 -3.287648e-02 9.994233e-01 -8.498570e-03 1.953240e-02 3.115263e-01 1.832662e-02 9.500608e-01 2.339104e+00
9.383134e-01 3.459548e-02 -3.440511e-01 -1.087492e+00 -3.980200e-02 9.991749e-01 -8.079637e-03 2.806384e-02 3.434877e-01 2.127515e-02 9.389161e-01 2.539323e+00
9.255239e-01 3.771257e-02 -3.768067e-01 -1.227246e+00 -4.327529e-02 9.990433e-01 -6.305168e-03 3.273485e-02 3.762085e-01 2.214200e-02 9.262704e-01 2.733760e+00
9.107621e-01 3.805065e-02 -4.111745e-01 -1.396912e+00 -4.461507e-02 9.989839e-01 -6.376195e-03 3.884841e-02 4.105141e-01 2.415178e-02 9.115343e-01 2.925542e+00
8.943779e-01 3.545893e-02 -4.459044e-01 -1.577569e+00 -4.193195e-02 9.991096e-01 -4.654925e-03 2.274987e-02 4.453424e-01 2.286090e-02 8.950685e-01 3.118746e+00
8.746331e-01 3.641082e-02 -4.834161e-01 -1.729582e+00 -4.402269e-02 9.990208e-01 -4.403119e-03 2.790751e-02 4.827825e-01 2.513239e-02 8.753796e-01 3.303158e+00
8.508363e-01 3.564755e-02 -5.242202e-01 -1.908708e+00 -4.184605e-02 9.991241e-01 2.323543e-05 3.756722e-02 5.237619e-01 2.191678e-02 8.515828e-01 3.503796e+00
8.237054e-01 4.476374e-02 -5.652483e-01 -2.112857e+00 -5.012292e-02 9.987247e-01 6.050673e-03 1.889140e-02 5.647983e-01 2.334792e-02 8.248986e-01 3.681086e+00
7.938083e-01 5.146066e-02 -6.059869e-01 -2.360074e+00 -5.682565e-02 9.983306e-01 1.034028e-02 1.828346e-02 6.055074e-01 2.622739e-02 7.954074e-01 3.849741e+00
7.608043e-01 4.985093e-02 -6.470639e-01 -2.597114e+00 -5.597534e-02 9.983704e-01 1.110155e-02 3.636471e-02 6.465629e-01 2.777351e-02 7.623550e-01 4.006927e+00
7.242016e-01 4.634402e-02 -6.880293e-01 -2.838574e+00 -5.265496e-02 9.985426e-01 1.183623e-02 5.004206e-02 6.875751e-01 2.765633e-02 7.255864e-01 4.152874e+00
6.850996e-01 4.474780e-02 -7.270737e-01 -3.099850e+00 -5.123550e-02 9.985996e-01 1.318122e-02 5.383662e-02 7.266454e-01 2.822153e-02 6.864329e-01 4.291703e+00
6.447299e-01 4.586439e-02 -7.630333e-01 -3.395746e+00 -5.208661e-02 9.985143e-01 1.600775e-02 6.889278e-02 7.626339e-01 2.942314e-02 6.461610e-01 4.420981e+00
6.004764e-01 4.641478e-02 -7.982942e-01 -3.692425e+00 -5.244717e-02 9.984505e-01 1.860161e-02 9.594785e-02 7.979206e-01 3.069844e-02 6.019803e-01 4.559048e+00
5.525767e-01 4.818511e-02 -8.320680e-01 -3.994975e+00 -5.348888e-02 9.983196e-01 2.229075e-02 1.071085e-01 8.317440e-01 3.218903e-02 5.542256e-01 4.685980e+00
5.024991e-01 4.958036e-02 -8.631549e-01 -4.310480e+00 -5.283349e-02 9.982495e-01 2.658246e-02 1.184667e-01 8.629619e-01 3.224582e-02 5.042390e-01 4.804323e+00
4.505230e-01 5.141598e-02 -8.912831e-01 -4.617120e+00 -5.453910e-02 9.980606e-01 3.000747e-02 1.519811e-01 8.910974e-01 3.509072e-02 4.524534e-01 4.906313e+00
3.981520e-01 5.382881e-02 -9.157388e-01 -4.989698e+00 -5.453555e-02 9.979001e-01 3.494702e-02 1.683710e-01 9.156970e-01 3.602609e-02 4.002515e-01 4.981441e+00
3.436142e-01 5.372833e-02 -9.375727e-01 -5.383414e+00 -5.184322e-02 9.979249e-01 3.818666e-02 2.190324e-01 9.376788e-01 3.548530e-02 3.456866e-01 5.071146e+00
2.905050e-01 5.735054e-02 -9.551533e-01 -5.745837e+00 -4.761142e-02 9.978322e-01 4.543235e-02 2.178769e-01 9.556882e-01 3.227788e-02 2.926058e-01 5.139770e+00
2.393963e-01 5.521782e-02 -9.693505e-01 -6.168719e+00 -4.335626e-02 9.979936e-01 4.614193e-02 2.537642e-01 9.699535e-01 3.098120e-02 2.413101e-01 5.199241e+00
1.913623e-01 5.663858e-02 -9.798840e-01 -6.566333e+00 -4.269437e-02 9.978691e-01 4.934033e-02 2.667001e-01 9.805905e-01 3.239364e-02 1.933727e-01 5.251518e+00
1.489087e-01 5.506642e-02 -9.873165e-01 -6.998030e+00 -4.174730e-02 9.979082e-01 4.936076e-02 3.060194e-01 9.879693e-01 3.386755e-02 1.508961e-01 5.274032e+00
1.108063e-01 5.459398e-02 -9.923415e-01 -7.414247e+00 -4.151193e-02 9.978729e-01 5.026302e-02 3.208825e-01 9.929747e-01 3.562455e-02 1.128369e-01 5.286551e+00
7.608473e-02 5.205010e-02 -9.957418e-01 -7.917622e+00 -3.984049e-02 9.979978e-01 4.912381e-02 3.420149e-01 9.963050e-01 3.593328e-02 7.800609e-02 5.296672e+00
4.323977e-02 4.998283e-02 -9.978136e-01 -8.353869e+00 -3.483640e-02 9.982158e-01 4.849336e-02 3.574244e-01 9.984572e-01 3.266340e-02 4.490381e-02 5.312031e+00
1.646882e-02 4.742869e-02 -9.987389e-01 -8.882513e+00 -3.486364e-02 9.982942e-01 4.683268e-02 3.831835e-01 9.992565e-01 3.404838e-02 1.809430e-02 5.295119e+00
-4.084587e-03 4.533337e-02 -9.989637e-01 -9.406357e+00 -3.668669e-02 9.982926e-01 4.545292e-02 4.146880e-01 9.993186e-01 3.683431e-02 -2.414465e-03 5.264511e+00
-2.059615e-02 4.084756e-02 -9.989532e-01 -9.976028e+00 -3.501364e-02 9.985226e-01 4.155185e-02 4.875052e-01 9.991747e-01 3.583279e-02 -1.913548e-02 5.237241e+00
-3.403294e-02 4.038838e-02 -9.986044e-01 -1.049631e+01 -3.441396e-02 9.985432e-01 4.155875e-02 5.149929e-01 9.988282e-01 3.578029e-02 -3.259337e-02 5.223933e+00
-4.429328e-02 3.946923e-02 -9.982387e-01 -1.104443e+01 -3.754753e-02 9.984475e-01 4.114352e-02 5.497670e-01 9.983129e-01 3.930377e-02 -4.274249e-02 5.195963e+00
-5.097580e-02 4.044142e-02 -9.978809e-01 -1.168185e+01 -3.826655e-02 9.983670e-01 4.241592e-02 5.731667e-01 9.979666e-01 4.034763e-02 -4.934490e-02 5.152811e+00
-5.559576e-02 4.024611e-02 -9.976420e-01 -1.226653e+01 -4.331506e-02 9.981494e-01 4.268041e-02 5.984774e-01 9.975135e-01 4.558576e-02 -5.374968e-02 5.121082e+00
-5.731130e-02 3.860085e-02 -9.976100e-01 -1.283631e+01 -4.127241e-02 9.983064e-01 4.099884e-02 6.375010e-01 9.975030e-01 4.352345e-02 -5.562103e-02 5.093661e+00
-5.663121e-02 3.955670e-02 -9.976113e-01 -1.348742e+01 -4.227968e-02 9.982234e-01 4.198106e-02 6.601379e-01 9.974996e-01 4.455612e-02 -5.485821e-02 5.070086e+00
-5.598211e-02 4.149968e-02 -9.975689e-01 -1.416646e+01 -4.149419e-02 9.981759e-01 4.385352e-02 6.902216e-01 9.975691e-01 4.384832e-02 -5.415797e-02 5.039384e+00
-5.469370e-02 4.155897e-02 -9.976380e-01 -1.483122e+01 -4.407276e-02 9.980592e-01 4.399272e-02 7.031842e-01 9.975301e-01 4.637478e-02 -5.275595e-02 5.006239e+00
-5.199480e-02 3.926432e-02 -9.978752e-01 -1.553277e+01 -4.389897e-02 9.981710e-01 4.156334e-02 7.323529e-01 9.976820e-01 4.596677e-02 -5.017602e-02 4.947106e+00
-5.158842e-02 3.858326e-02 -9.979229e-01 -1.623663e+01 -4.267591e-02 9.982554e-01 4.080229e-02 7.613252e-01 9.977562e-01 4.469219e-02 -4.985178e-02 4.931097e+00
-4.940319e-02 3.901483e-02 -9.980168e-01 -1.693553e+01 -4.207835e-02 9.982683e-01 4.110759e-02 8.127978e-01 9.978923e-01 4.402573e-02 -4.767597e-02 4.891259e+00
-4.817510e-02 4.162952e-02 -9.979711e-01 -1.768523e+01 -4.226763e-02 9.981512e-01 4.367742e-02 8.387867e-01 9.979443e-01 4.428603e-02 -4.632652e-02 4.862542e+00
-4.653931e-02 4.388941e-02 -9.979519e-01 -1.838658e+01 -4.246678e-02 9.980442e-01 4.587390e-02 8.628405e-01 9.980134e-01 4.451474e-02 -4.458439e-02 4.830760e+00
-4.539752e-02 4.353799e-02 -9.980199e-01 -1.917579e+01 -4.773957e-02 9.978138e-01 4.570056e-02 8.881953e-01 9.978278e-01 4.971972e-02 -4.321969e-02 4.795696e+00
-4.416192e-02 3.981801e-02 -9.982306e-01 -1.989347e+01 -5.149152e-02 9.977866e-01 4.207830e-02 9.237455e-01 9.976965e-01 5.325866e-02 -4.201388e-02 4.769955e+00
-4.307139e-02 3.812742e-02 -9.983444e-01 -2.068795e+01 -5.189043e-02 9.978374e-01 4.034676e-02 9.611564e-01 9.977237e-01 5.354229e-02 -4.099989e-02 4.741549e+00
-4.053760e-02 3.933433e-02 -9.984036e-01 -2.145214e+01 -4.959042e-02 9.979142e-01 4.132854e-02 9.952233e-01 9.979468e-01 5.118660e-02 -3.850234e-02 4.694571e+00
-3.930604e-02 4.079698e-02 -9.983940e-01 -2.225700e+01 -4.513013e-02 9.980741e-01 4.256065e-02 1.011392e+00 9.982075e-01 4.673054e-02 -3.738916e-02 4.666500e+00
-3.821599e-02 4.123013e-02 -9.984186e-01 -2.307803e+01 -4.669109e-02 9.979835e-01 4.299933e-02 1.056065e+00 9.981781e-01 4.826050e-02 -3.621376e-02 4.624744e+00
-3.776920e-02 3.652333e-02 -9.986190e-01 -2.389830e+01 -4.746360e-02 9.981384e-01 3.830089e-02 1.077076e+00 9.981588e-01 4.884464e-02 -3.596532e-02 4.593814e+00
-3.651464e-02 2.979724e-02 -9.988888e-01 -2.470926e+01 -4.715289e-02 9.983907e-01 3.150607e-02 1.092855e+00 9.982200e-01 4.825092e-02 -3.505075e-02 4.546805e+00
-3.694558e-02 2.537907e-02 -9.989949e-01 -2.549351e+01 -4.389407e-02 9.986714e-01 2.699417e-02 1.110616e+00 9.983528e-01 4.484726e-02 -3.578246e-02 4.525212e+00
-3.687572e-02 2.530661e-02 -9.989994e-01 -2.632529e+01 -4.138966e-02 9.987828e-01 2.682893e-02 1.134511e+00 9.984624e-01 4.233758e-02 -3.578341e-02 4.486656e+00
-3.589320e-02 3.010199e-02 -9.989022e-01 -2.718097e+01 -4.169119e-02 9.986309e-01 3.159189e-02 1.171594e+00 9.984856e-01 4.277936e-02 -3.458905e-02 4.427662e+00
-3.621161e-02 3.572739e-02 -9.987054e-01 -2.802686e+01 -4.400888e-02 9.983342e-01 3.730980e-02 1.198770e+00 9.983748e-01 4.530294e-02 -3.457892e-02 4.399611e+00
-3.673756e-02 3.932557e-02 -9.985510e-01 -2.883343e+01 -4.429306e-02 9.981793e-01 4.094051e-02 1.225281e+00 9.983430e-01 4.573292e-02 -3.492880e-02 4.382193e+00
-3.707147e-02 3.742097e-02 -9.986117e-01 -2.970871e+01 -4.433401e-02 9.982532e-01 3.905334e-02 1.266256e+00 9.983287e-01 4.572023e-02 -3.534770e-02 4.330449e+00
-3.788376e-02 3.494255e-02 -9.986711e-01 -3.056487e+01 -4.537413e-02 9.982975e-01 3.665071e-02 1.268691e+00 9.982515e-01 4.670230e-02 -3.623378e-02 4.304360e+00
-3.822386e-02 3.083298e-02 -9.987935e-01 -3.143229e+01 -4.659096e-02 9.983819e-01 3.260331e-02 1.295766e+00 9.981825e-01 4.778096e-02 -3.672540e-02 4.269724e+00
-3.810906e-02 3.145004e-02 -9.987785e-01 -3.227351e+01 -4.795794e-02 9.982953e-01 3.326469e-02 1.315699e+00 9.981221e-01 4.916704e-02 -3.653574e-02 4.230567e+00
-3.763962e-02 3.450299e-02 -9.986957e-01 -3.310720e+01 -5.165641e-02 9.980004e-01 3.642583e-02 1.311997e+00 9.979554e-01 5.296008e-02 -3.578210e-02 4.200533e+00
-3.912067e-02 3.110358e-02 -9.987503e-01 -3.395358e+01 -5.246884e-02 9.980726e-01 3.313766e-02 1.342276e+00 9.978560e-01 5.369964e-02 -3.741336e-02 4.193883e+00
-3.911400e-02 2.491973e-02 -9.989240e-01 -3.481259e+01 -5.278681e-02 9.982415e-01 2.696963e-02 1.367370e+00 9.978395e-01 5.378490e-02 -3.772986e-02 4.160022e+00
-3.952634e-02 2.179873e-02 -9.989808e-01 -3.571579e+01 -5.407343e-02 9.982504e-01 2.392229e-02 1.373148e+00 9.977544e-01 5.496387e-02 -3.827834e-02 4.126206e+00
-3.854752e-02 2.123692e-02 -9.990311e-01 -3.658910e+01 -5.585987e-02 9.981650e-01 2.337385e-02 1.391004e+00 9.976942e-01 5.670675e-02 -3.729045e-02 4.082679e+00
-3.910232e-02 2.331850e-02 -9.989631e-01 -3.748262e+01 -5.458304e-02 9.981852e-01 2.543688e-02 1.400202e+00 9.977433e-01 5.552108e-02 -3.775859e-02 4.067266e+00
-4.018569e-02 2.798462e-02 -9.988004e-01 -3.828773e+01 -5.171798e-02 9.982095e-01 3.004888e-02 1.407167e+00 9.978530e-01 5.286346e-02 -3.866637e-02 4.079641e+00
-4.022110e-02 3.372337e-02 -9.986215e-01 -3.922626e+01 -5.028351e-02 9.980956e-01 3.573086e-02 1.417147e+00 9.979247e-01 5.165134e-02 -3.844881e-02 4.047261e+00
-3.994358e-02 3.599573e-02 -9.985534e-01 -4.012990e+01 -5.172542e-02 9.979365e-01 3.804259e-02 1.438295e+00 9.978622e-01 5.317015e-02 -3.799927e-02 4.005606e+00
-3.977847e-02 3.652921e-02 -9.985406e-01 -4.102471e+01 -5.302900e-02 9.978460e-01 3.861630e-02 1.446170e+00 9.978004e-01 5.448770e-02 -3.775561e-02 3.957750e+00
-3.971720e-02 3.022476e-02 -9.987537e-01 -4.179378e+01 -5.147567e-02 9.981533e-01 3.225361e-02 1.473780e+00 9.978842e-01 5.269254e-02 -3.808796e-02 3.952566e+00
-4.002035e-02 2.578558e-02 -9.988661e-01 -4.266523e+01 -5.227790e-02 9.982437e-01 2.786407e-02 1.492312e+00 9.978303e-01 5.333375e-02 -3.860199e-02 3.921036e+00
-4.018831e-02 2.255592e-02 -9.989375e-01 -4.355162e+01 -5.809650e-02 9.980011e-01 2.487206e-02 1.498658e+00 9.975017e-01 5.903434e-02 -3.879762e-02 3.887243e+00
-4.101670e-02 2.072867e-02 -9.989434e-01 -4.444454e+01 -6.060348e-02 9.978924e-01 2.319524e-02 1.505904e+00 9.973189e-01 6.149083e-02 -3.967392e-02 3.856355e+00
-4.128444e-02 1.634995e-02 -9.990136e-01 -4.524936e+01 -5.834386e-02 9.981205e-01 1.874640e-02 1.533686e+00 9.974425e-01 5.906025e-02 -4.025292e-02 3.818579e+00
-4.366803e-02 1.163408e-02 -9.989784e-01 -4.609729e+01 -5.388137e-02 9.984494e-01 1.398322e-02 1.541248e+00 9.975921e-01 5.443694e-02 -4.297340e-02 3.803297e+00
-4.471731e-02 1.029278e-02 -9.989467e-01 -4.693232e+01 -5.090963e-02 9.986242e-01 1.256839e-02 1.534440e+00 9.977017e-01 5.141803e-02 -4.413188e-02 3.773864e+00
-4.750156e-02 1.198983e-02 -9.987992e-01 -4.778223e+01 -5.029301e-02 9.986310e-01 1.437968e-02 1.545490e+00 9.976043e-01 5.091568e-02 -4.683352e-02 3.739285e+00
-4.988658e-02 1.652747e-02 -9.986182e-01 -4.859881e+01 -4.686428e-02 9.987230e-01 1.887033e-02 1.554601e+00 9.976548e-01 4.774090e-02 -4.904830e-02 3.715488e+00
-5.329943e-02 1.904516e-02 -9.983969e-01 -4.945140e+01 -4.456888e-02 9.987764e-01 2.143170e-02 1.556860e+00 9.975834e-01 4.563973e-02 -5.238533e-02 3.691408e+00
-5.471563e-02 1.786339e-02 -9.983422e-01 -5.028704e+01 -4.487154e-02 9.987859e-01 2.033057e-02 1.564741e+00 9.974933e-01 4.590954e-02 -5.384767e-02 3.644584e+00
-5.542076e-02 1.320826e-02 -9.983757e-01 -5.107663e+01 -4.837009e-02 9.987029e-01 1.589766e-02 1.560440e+00 9.972907e-01 4.917258e-02 -5.471003e-02 3.590817e+00
-5.657566e-02 8.804334e-03 -9.983596e-01 -5.188596e+01 -5.322049e-02 9.985128e-01 1.182161e-02 1.566700e+00 9.969789e-01 5.380199e-02 -5.602300e-02 3.532483e+00
-5.900943e-02 7.031441e-03 -9.982327e-01 -5.272412e+01 -5.580741e-02 9.983881e-01 1.033153e-02 1.568355e+00 9.966963e-01 5.631844e-02 -5.852187e-02 3.480075e+00
-6.047797e-02 7.916050e-03 -9.981381e-01 -5.354668e+01 -5.775677e-02 9.982654e-01 1.141659e-02 1.564331e+00 9.964972e-01 5.833968e-02 -5.991590e-02 3.422418e+00
-6.144595e-02 7.559807e-03 -9.980819e-01 -5.434492e+01 -5.884647e-02 9.982044e-01 1.118355e-02 1.578480e+00 9.963743e-01 5.942077e-02 -6.089079e-02 3.369642e+00
-6.223488e-02 6.075801e-03 -9.980431e-01 -5.511904e+01 -6.071027e-02 9.981067e-01 9.861892e-03 1.586267e+00 9.962134e-01 6.120522e-02 -6.174827e-02 3.304622e+00
-6.312370e-02 4.073326e-03 -9.979975e-01 -5.592469e+01 -5.535008e-02 9.984382e-01 7.576028e-03 1.600005e+00 9.964697e-01 5.571746e-02 -6.279957e-02 3.242375e+00
-6.401598e-02 4.553958e-03 -9.979385e-01 -5.672126e+01 -5.165761e-02 9.986339e-01 7.870870e-03 1.605180e+00 9.966110e-01 5.205498e-02 -6.369328e-02 3.189699e+00
-6.501281e-02 6.072042e-03 -9.978660e-01 -5.747989e+01 -4.840003e-02 9.987854e-01 9.230989e-03 1.607322e+00 9.967099e-01 4.889687e-02 -6.464005e-02 3.127134e+00
-6.457818e-02 9.934786e-03 -9.978632e-01 -5.829116e+01 -5.030193e-02 9.986469e-01 1.319795e-02 1.608350e+00 9.966441e-01 5.104674e-02 -6.399107e-02 3.061863e+00
-6.640768e-02 1.127312e-02 -9.977289e-01 -5.906522e+01 -4.574400e-02 9.988504e-01 1.433047e-02 1.610888e+00 9.967435e-01 4.659177e-02 -6.581569e-02 3.014398e+00
-6.737447e-02 9.994724e-03 -9.976779e-01 -5.982384e+01 -4.481019e-02 9.989105e-01 1.303316e-02 1.612341e+00 9.967211e-01 4.558423e-02 -6.685317e-02 2.961612e+00
-6.674492e-02 6.705651e-03 -9.977476e-01 -6.064095e+01 -4.221857e-02 9.990628e-01 9.538728e-03 1.625585e+00 9.968765e-01 4.276014e-02 -6.639934e-02 2.870653e+00
-6.629765e-02 2.918543e-03 -9.977958e-01 -6.133099e+01 -4.368708e-02 9.990283e-01 5.824891e-03 1.618552e+00 9.968432e-01 4.397696e-02 -6.610572e-02 2.805757e+00
-6.485081e-02 -2.102778e-03 -9.978929e-01 -6.201370e+01 -4.191678e-02 9.991209e-01 6.187039e-04 1.640188e+00 9.970143e-01 4.186857e-02 -6.488192e-02 2.725759e+00
-6.445384e-02 -4.433025e-03 -9.979108e-01 -6.283361e+01 -3.901887e-02 9.992366e-01 -1.918731e-03 1.633612e+00 9.971576e-01 3.881368e-02 -6.457758e-02 2.658998e+00
-6.189466e-02 -5.696860e-03 -9.980664e-01 -6.347092e+01 -4.165888e-02 9.991270e-01 -3.119459e-03 1.616158e+00 9.972129e-01 4.138525e-02 -6.207788e-02 2.621348e+00
-5.807567e-02 -4.035039e-03 -9.983041e-01 -6.416798e+01 -4.030907e-02 9.991858e-01 -1.693650e-03 1.591271e+00 9.974981e-01 4.014235e-02 -5.819106e-02 2.574548e+00
-5.152893e-02 -3.155912e-03 -9.986666e-01 -6.487138e+01 -4.043236e-02 9.991817e-01 -1.071329e-03 1.588285e+00 9.978528e-01 4.032324e-02 -5.161440e-02 2.516581e+00
-4.509449e-02 -2.197637e-03 -9.989803e-01 -6.554219e+01 -3.868371e-02 9.992514e-01 -4.520308e-04 1.581872e+00 9.982335e-01 3.862388e-02 -4.514575e-02 2.488778e+00
-3.565526e-02 -2.992839e-03 -9.993598e-01 -6.614238e+01 -4.308505e-02 9.990703e-01 -1.454782e-03 1.588820e+00 9.984351e-01 4.300559e-02 -3.575110e-02 2.457932e+00
-2.387345e-02 -1.064306e-03 -9.997144e-01 -6.683932e+01 -4.784661e-02 9.988547e-01 7.919627e-05 1.580120e+00 9.985694e-01 4.783484e-02 -2.389705e-02 2.445083e+00
-9.819984e-03 2.072685e-03 -9.999496e-01 -6.749569e+01 -4.857552e-02 9.988163e-01 2.547372e-03 1.540634e+00 9.987713e-01 4.859809e-02 -9.707689e-03 2.441455e+00
8.903563e-03 1.322559e-03 -9.999595e-01 -6.805109e+01 -5.004317e-02 9.987467e-01 8.753744e-04 1.557014e+00 9.987074e-01 5.003334e-02 8.958578e-03 2.450986e+00
3.028023e-02 3.405278e-03 -9.995357e-01 -6.865788e+01 -5.307700e-02 9.985888e-01 1.794118e-03 1.511826e+00 9.981312e-01 5.299802e-02 3.041828e-02 2.489850e+00
5.580539e-02 1.370019e-03 -9.984408e-01 -6.917744e+01 -4.721389e-02 9.988840e-01 -1.268277e-03 1.531651e+00 9.973248e-01 4.721104e-02 5.580777e-02 2.541392e+00
8.341444e-02 1.337504e-03 -9.965140e-01 -6.973498e+01 -4.229557e-02 9.991027e-01 -2.199426e-03 1.517592e+00 9.956170e-01 4.233160e-02 8.339620e-02 2.629417e+00
1.147649e-01 1.317051e-03 -9.933919e-01 -7.031192e+01 -4.031948e-02 9.991813e-01 -3.333319e-03 1.497973e+00 9.925742e-01 4.043559e-02 1.147240e-01 2.765322e+00
1.497661e-01 1.296743e-03 -9.887206e-01 -7.076604e+01 -3.789310e-02 9.992720e-01 -4.429264e-03 1.482617e+00 9.879951e-01 3.812904e-02 1.497062e-01 2.930410e+00
1.885392e-01 6.281633e-04 -9.820656e-01 -7.127851e+01 -3.441041e-02 9.993899e-01 -5.966951e-03 1.468339e+00 9.814627e-01 3.491829e-02 1.884458e-01 3.103528e+00
2.336516e-01 9.867998e-04 -9.723198e-01 -7.175120e+01 -3.227366e-02 9.994563e-01 -6.741124e-03 1.456901e+00 9.717846e-01 3.295540e-02 2.335564e-01 3.262051e+00
2.806733e-01 -6.037263e-05 -9.598034e-01 -7.222689e+01 -2.519772e-02 9.996549e-01 -7.431395e-03 1.416566e+00 9.594725e-01 2.627065e-02 2.805749e-01 3.467391e+00
3.286391e-01 -5.139120e-03 -9.444417e-01 -7.267336e+01 -1.475777e-02 9.998352e-01 -1.057583e-02 1.388299e+00 9.443403e-01 1.741348e-02 3.285091e-01 3.718737e+00
3.768146e-01 -1.045878e-02 -9.262297e-01 -7.310902e+01 -5.781529e-03 9.998902e-01 -1.364262e-02 1.362365e+00 9.262707e-01 1.049576e-02 3.767128e-01 3.997838e+00
4.251314e-01 -1.592483e-02 -9.049915e-01 -7.351350e+01 3.178549e-03 9.998653e-01 -1.610113e-02 1.348032e+00 9.051260e-01 3.968536e-03 4.251248e-01 4.315358e+00
4.727548e-01 -1.700223e-02 -8.810300e-01 -7.392955e+01 8.119791e-03 9.998555e-01 -1.493832e-02 1.330475e+00 8.811566e-01 -9.162037e-05 4.728245e-01 4.643675e+00
5.167516e-01 -1.859944e-02 -8.559333e-01 -7.430617e+01 1.538221e-02 9.998043e-01 -1.243907e-02 1.306448e+00 8.559972e-01 -6.738241e-03 5.169365e-01 5.006147e+00
5.577183e-01 -2.369579e-02 -8.296920e-01 -7.463104e+01 2.800021e-02 9.995606e-01 -9.725478e-03 1.288052e+00 8.295579e-01 -1.780747e-02 5.581367e-01 5.334797e+00
5.992239e-01 -3.107994e-02 -7.999780e-01 -7.492429e+01 4.173695e-02 9.991001e-01 -7.552952e-03 1.266796e+00 7.994929e-01 -2.886274e-02 5.999818e-01 5.678297e+00
6.383797e-01 -3.487552e-02 -7.689312e-01 -7.524100e+01 4.662245e-02 9.988908e-01 -6.598788e-03 1.216501e+00 7.683084e-01 -3.163692e-02 6.392976e-01 6.082546e+00
6.767718e-01 -4.030570e-02 -7.350887e-01 -7.553652e+01 4.868535e-02 9.987647e-01 -9.940354e-03 1.188308e+00 7.345813e-01 -2.906070e-02 6.778980e-01 6.452354e+00
7.162598e-01 -4.883640e-02 -6.961227e-01 -7.581740e+01 4.978161e-02 9.985825e-01 -1.883375e-02 1.186839e+00 6.960558e-01 -2.116425e-02 7.176757e-01 6.794172e+00
7.547566e-01 -5.443721e-02 -6.537424e-01 -7.608205e+01 4.950958e-02 9.984357e-01 -2.598022e-02 1.217142e+00 6.541340e-01 -1.275776e-02 7.562711e-01 7.190187e+00
7.921575e-01 -4.915689e-02 -6.083339e-01 -7.634863e+01 4.484797e-02 9.987448e-01 -2.230442e-02 1.131703e+00 6.086668e-01 -9.613925e-03 7.933677e-01 7.593462e+00
8.271227e-01 -5.124326e-02 -5.596804e-01 -7.658693e+01 4.653303e-02 9.986596e-01 -2.266660e-02 1.124612e+00 5.600917e-01 -7.295564e-03 8.283985e-01 8.014033e+00
8.587887e-01 -4.986100e-02 -5.098978e-01 -7.685860e+01 4.464587e-02 9.987502e-01 -2.246982e-02 1.132947e+00 5.103809e-01 -3.468003e-03 8.599415e-01 8.531240e+00
8.859479e-01 -4.449739e-02 -4.616453e-01 -7.707669e+01 4.096518e-02 9.990042e-01 -1.767606e-02 1.065411e+00 4.619721e-01 -3.251307e-03 8.868885e-01 9.009261e+00
9.074979e-01 -4.013566e-02 -4.181347e-01 -7.727431e+01 3.650928e-02 9.991942e-01 -1.667221e-02 1.073664e+00 4.184670e-01 -1.357937e-04 9.082320e-01 9.554067e+00
9.258609e-01 -3.447050e-02 -3.762890e-01 -7.747472e+01 3.083940e-02 9.994015e-01 -1.567113e-02 1.084833e+00 3.766040e-01 2.904757e-03 9.263698e-01 1.009644e+01
9.398530e-01 -3.287847e-02 -3.399932e-01 -7.766259e+01 2.847348e-02 9.994336e-01 -1.793850e-02 1.176961e+00 3.403904e-01 7.178769e-03 9.402568e-01 1.067086e+01
9.500099e-01 -3.521683e-02 -3.102272e-01 -7.783837e+01 3.098973e-02 9.993476e-01 -1.854546e-02 1.258441e+00 3.106780e-01 8.004510e-03 9.504815e-01 1.126794e+01
9.578975e-01 -3.455554e-02 -2.850233e-01 -7.800368e+01 3.123806e-02 9.993810e-01 -1.617862e-02 1.233153e+00 2.854060e-01 6.593881e-03 9.583840e-01 1.190513e+01
9.635250e-01 -3.552242e-02 -2.652503e-01 -7.813776e+01 3.301399e-02 9.993581e-01 -1.391069e-02 1.219546e+00 2.655741e-01 4.646327e-03 9.640793e-01 1.246712e+01
9.677476e-01 -4.205440e-02 -2.483867e-01 -7.827824e+01 3.966283e-02 9.991060e-01 -1.462715e-02 1.301689e+00 2.487798e-01 4.303671e-03 9.685505e-01 1.308564e+01
9.714548e-01 -4.318237e-02 -2.332613e-01 -7.842829e+01 4.066272e-02 9.990511e-01 -1.560227e-02 1.343987e+00 2.337137e-01 5.671864e-03 9.722889e-01 1.377980e+01
9.752730e-01 -3.658556e-02 -2.179545e-01 -7.861014e+01 3.474372e-02 9.993208e-01 -1.227825e-02 1.301984e+00 2.182557e-01 4.402091e-03 9.758817e-01 1.447484e+01
9.781567e-01 -3.619374e-02 -2.046937e-01 -7.873994e+01 3.436890e-02 9.993315e-01 -1.246437e-02 1.284675e+00 2.050080e-01 5.157013e-03 9.787467e-01 1.511377e+01
9.809090e-01 -3.802817e-02 -1.907125e-01 -7.886897e+01 3.599749e-02 9.992524e-01 -1.410223e-02 1.297746e+00 1.911062e-01 6.967838e-03 9.815446e-01 1.578434e+01
9.834697e-01 -4.150911e-02 -1.762508e-01 -7.900140e+01 3.950158e-02 9.991086e-01 -1.488507e-02 1.317051e+00 1.767115e-01 7.676829e-03 9.842327e-01 1.648686e+01
9.860024e-01 -4.042501e-02 -1.617565e-01 -7.911671e+01 3.839298e-02 9.991398e-01 -1.566968e-02 1.328039e+00 1.622508e-01 9.240029e-03 9.867063e-01 1.722039e+01
9.881185e-01 -3.930206e-02 -1.485843e-01 -7.923298e+01 3.685579e-02 9.991364e-01 -1.918256e-02 1.316487e+00 1.492099e-01 1.347845e-02 9.887137e-01 1.794739e+01
9.896458e-01 -4.140638e-02 -1.374286e-01 -7.933835e+01 3.853692e-02 9.989814e-01 -2.347620e-02 1.297654e+00 1.382607e-01 1.793704e-02 9.902334e-01 1.872499e+01
9.906918e-01 -4.414254e-02 -1.287678e-01 -7.941251e+01 4.060961e-02 9.987265e-01 -2.993545e-02 1.291353e+00 1.299252e-01 2.442759e-02 9.912229e-01 1.944747e+01
9.917082e-01 -4.528549e-02 -1.202668e-01 -7.950067e+01 4.192369e-02 9.986601e-01 -3.033878e-02 1.275071e+00 1.214796e-01 2.504519e-02 9.922779e-01 2.021686e+01
9.926459e-01 -4.176391e-02 -1.136215e-01 -7.959552e+01 3.925121e-02 9.989347e-01 -2.426360e-02 1.242741e+00 1.145138e-01 1.962539e-02 9.932278e-01 2.102020e+01
9.930662e-01 -4.061076e-02 -1.103193e-01 -7.966326e+01 3.889604e-02 9.990873e-01 -1.765199e-02 1.238503e+00 1.109355e-01 1.323861e-02 9.937394e-01 2.178946e+01
9.934871e-01 -3.973212e-02 -1.067929e-01 -7.973835e+01 3.830070e-02 9.991472e-01 -1.542222e-02 1.231075e+00 1.073146e-01 1.123153e-02 9.941617e-01 2.258113e+01
9.935521e-01 -4.312290e-02 -1.048548e-01 -7.978989e+01 4.156541e-02 9.989913e-01 -1.699495e-02 1.220091e+00 1.054819e-01 1.252703e-02 9.943423e-01 2.332480e+01
9.939686e-01 -4.366769e-02 -1.005961e-01 -7.988137e+01 4.190192e-02 9.989294e-01 -1.960073e-02 1.213481e+00 1.013443e-01 1.526734e-02 9.947343e-01 2.411446e+01
9.939365e-01 -4.744981e-02 -9.919017e-02 -7.993626e+01 4.581547e-02 9.987750e-01 -1.869152e-02 1.207302e+00 9.995557e-02 1.403374e-02 9.948930e-01 2.488674e+01
9.939045e-01 -5.039177e-02 -9.805350e-02 -7.999027e+01 4.896950e-02 9.986579e-01 -1.685959e-02 1.190641e+00 9.877149e-02 1.195519e-02 9.950383e-01 2.569234e+01
9.939876e-01 -5.189529e-02 -9.641327e-02 -8.004086e+01 5.074824e-02 9.986089e-01 -1.431314e-02 1.143118e+00 9.702193e-02 9.334277e-03 9.952385e-01 2.644888e+01
9.939413e-01 -5.470789e-02 -9.532953e-02 -8.009258e+01 5.327414e-02 9.984262e-01 -1.752255e-02 1.114509e+00 9.613812e-02 1.233779e-02 9.952915e-01 2.724315e+01
9.943704e-01 -5.200982e-02 -9.231730e-02 -8.017139e+01 4.994565e-02 9.984506e-01 -2.453243e-02 1.073868e+00 9.345019e-02 1.978347e-02 9.954274e-01 2.804670e+01
9.945288e-01 -5.273270e-02 -9.017582e-02 -8.023991e+01 4.982024e-02 9.981707e-01 -3.425056e-02 1.078710e+00 9.181699e-02 2.957059e-02 9.953367e-01 2.879762e+01
9.947317e-01 -5.091828e-02 -8.897232e-02 -8.030507e+01 4.764539e-02 9.981208e-01 -3.853131e-02 1.051185e+00 9.076708e-02 3.408920e-02 9.952886e-01 2.955653e+01
9.944922e-01 -5.580794e-02 -8.871742e-02 -8.036772e+01 5.253455e-02 9.978645e-01 -3.881489e-02 1.023767e+00 9.069414e-02 3.394038e-02 9.953003e-01 3.028333e+01
9.945374e-01 -5.623082e-02 -8.794032e-02 -8.043088e+01 5.344097e-02 9.980000e-01 -3.376505e-02 9.708213e-01 8.966308e-02 2.888099e-02 9.955533e-01 3.107033e+01
9.946324e-01 -5.527927e-02 -8.746830e-02 -8.049620e+01 5.292767e-02 9.981777e-01 -2.898149e-02 9.265217e-01 8.891097e-02 2.419643e-02 9.957457e-01 3.186719e+01
9.945942e-01 -5.845988e-02 -8.581893e-02 -8.055177e+01 5.633755e-02 9.980480e-01 -2.694940e-02 8.883058e-01 8.722687e-02 2.196889e-02 9.959462e-01 3.263485e+01
9.944931e-01 -6.020311e-02 -8.578432e-02 -8.060632e+01 5.787048e-02 9.978904e-01 -2.942608e-02 8.703979e-01 8.737488e-02 2.429966e-02 9.958791e-01 3.338705e+01
9.944482e-01 -6.093533e-02 -8.578855e-02 -8.065520e+01 5.851581e-02 9.978222e-01 -3.044323e-02 8.440684e-01 8.745679e-02 2.525423e-02 9.958481e-01 3.413926e+01
9.941599e-01 -6.504481e-02 -8.611130e-02 -8.069692e+01 6.250320e-02 9.975350e-01 -3.189245e-02 8.033853e-01 8.797348e-02 2.632396e-02 9.957749e-01 3.491097e+01
9.939924e-01 -6.731001e-02 -8.630380e-02 -8.075245e+01 6.472281e-02 9.973760e-01 -3.243665e-02 7.625082e-01 8.826064e-02 2.665596e-02 9.957407e-01 3.568293e+01
9.939161e-01 -7.002717e-02 -8.501177e-02 -8.082198e+01 6.758115e-02 9.972221e-01 -3.132082e-02 7.101495e-01 8.696892e-02 2.538507e-02 9.958875e-01 3.644578e+01
9.942529e-01 -6.840107e-02 -8.235583e-02 -8.091315e+01 6.612526e-02 9.973586e-01 -3.005445e-02 6.608229e-01 8.419406e-02 2.443592e-02 9.961497e-01 3.724961e+01
9.940615e-01 -7.240695e-02 -8.123440e-02 -8.100104e+01 6.975488e-02 9.969490e-01 -3.502700e-02 6.968873e-01 8.352275e-02 2.915250e-02 9.960793e-01 3.805095e+01
9.937896e-01 -7.239114e-02 -8.450864e-02 -8.106152e+01 6.945530e-02 9.968919e-01 -3.718189e-02 6.761776e-01 8.693762e-02 3.108140e-02 9.957288e-01 3.880473e+01
9.934012e-01 -7.463281e-02 -8.708587e-02 -8.113147e+01 7.143953e-02 9.966732e-01 -3.923019e-02 6.725880e-01 8.972400e-02 3.274994e-02 9.954281e-01 3.959308e+01
9.937497e-01 -6.874598e-02 -8.795225e-02 -8.122235e+01 6.566538e-02 9.971384e-01 -3.745573e-02 5.935129e-01 9.027550e-02 3.144620e-02 9.954203e-01 4.041218e+01
9.935436e-01 -6.673556e-02 -9.174708e-02 -8.130990e+01 6.344321e-02 9.972484e-01 -3.834827e-02 5.446573e-01 9.405382e-02 3.227995e-02 9.950436e-01 4.116832e+01
9.934494e-01 -6.481894e-02 -9.411075e-02 -8.137406e+01 6.077131e-02 9.971251e-01 -4.525915e-02 5.235633e-01 9.677384e-02 3.924344e-02 9.945325e-01 4.195132e+01
9.930375e-01 -6.668191e-02 -9.710804e-02 -8.146641e+01 6.218241e-02 9.968784e-01 -4.864977e-02 4.775982e-01 1.000490e-01 4.227264e-02 9.940841e-01 4.280310e+01
9.928074e-01 -6.709495e-02 -9.915512e-02 -8.155997e+01 6.236799e-02 9.967985e-01 -5.003009e-02 4.199349e-01 1.021944e-01 4.348614e-02 9.938135e-01 4.362598e+01
9.927485e-01 -6.820974e-02 -9.898400e-02 -8.170194e+01 6.360228e-02 9.967725e-01 -4.898292e-02 3.682702e-01 1.020056e-01 4.233212e-02 9.938827e-01 4.447070e+01
9.921538e-01 -7.185525e-02 -1.023120e-01 -8.177693e+01 6.709655e-02 9.965317e-01 -4.922129e-02 3.365710e-01 1.054940e-01 4.197030e-02 9.935338e-01 4.531722e+01
9.921253e-01 -7.242843e-02 -1.021832e-01 -8.189724e+01 6.788256e-02 9.965720e-01 -4.728898e-02 2.906751e-01 1.052580e-01 3.998014e-02 9.936410e-01 4.615383e+01
9.921736e-01 -6.961111e-02 -1.036623e-01 -8.199621e+01 6.537987e-02 9.969042e-01 -4.367475e-02 2.253529e-01 1.063816e-01 3.655551e-02 9.936532e-01 4.702020e+01
9.919819e-01 -7.122306e-02 -1.043992e-01 -8.211050e+01 6.739772e-02 9.969350e-01 -3.972675e-02 1.771152e-01 1.069087e-01 3.237195e-02 9.937417e-01 4.790623e+01
9.919589e-01 -7.176457e-02 -1.042465e-01 -8.219283e+01 6.811100e-02 9.969462e-01 -3.819882e-02 1.458591e-01 1.066694e-01 3.079133e-02 9.938176e-01 4.876139e+01
9.924372e-01 -7.005067e-02 -1.008035e-01 -8.231219e+01 6.631961e-02 9.970002e-01 -3.990423e-02 1.195741e-01 1.032964e-01 3.291720e-02 9.941058e-01 4.965634e+01
9.924713e-01 -7.067413e-02 -1.000289e-01 -8.238648e+01 6.680629e-02 9.969022e-01 -4.150676e-02 7.601257e-02 1.026525e-01 3.451171e-02 9.941184e-01 5.052863e+01
9.924434e-01 -7.376815e-02 -9.805246e-02 -8.247295e+01 6.975909e-02 9.966058e-01 -4.370933e-02 2.303589e-02 1.009440e-01 3.653899e-02 9.942209e-01 5.141698e+01
9.921769e-01 -7.883959e-02 -9.679487e-02 -8.254464e+01 7.469122e-02 9.961561e-01 -4.576312e-02 -1.628311e-02 1.000307e-01 3.817539e-02 9.942517e-01 5.229312e+01
9.924957e-01 -7.875124e-02 -9.354459e-02 -8.263990e+01 7.459518e-02 9.960996e-01 -4.712931e-02 -5.868593e-02 9.689122e-02 3.979766e-02 9.944990e-01 5.317330e+01
9.928696e-01 -7.591468e-02 -9.190703e-02 -8.273762e+01 7.189610e-02 9.963380e-01 -4.627748e-02 -9.307670e-02 9.508361e-02 3.933975e-02 9.946917e-01 5.404446e+01
9.925831e-01 -7.938819e-02 -9.206705e-02 -8.281001e+01 7.537004e-02 9.960786e-01 -4.633406e-02 -1.355805e-01 9.538439e-02 3.905131e-02 9.946742e-01 5.489959e+01
9.925915e-01 -8.106809e-02 -9.049931e-02 -8.289708e+01 7.709152e-02 9.959340e-01 -4.660891e-02 -1.713185e-01 9.390984e-02 3.928688e-02 9.948053e-01 5.578025e+01
9.933638e-01 -7.645919e-02 -8.592055e-02 -8.303120e+01 7.157703e-02 9.957159e-01 -5.853779e-02 -8.918782e-02 9.002820e-02 5.199939e-02 9.945808e-01 5.671187e+01
9.936867e-01 -7.311536e-02 -8.509337e-02 -8.311360e+01 6.788201e-02 9.957116e-01 -6.285285e-02 -2.026350e-01 8.932396e-02 5.667973e-02 9.943886e-01 5.765483e+01
9.939916e-01 -7.135534e-02 -8.300050e-02 -8.321911e+01 6.575511e-02 9.954917e-01 -6.835638e-02 -2.998226e-01 8.750390e-02 6.248796e-02 9.942024e-01 5.851006e+01
9.945518e-01 -6.620330e-02 -8.052183e-02 -8.333098e+01 6.027450e-02 9.954382e-01 -7.395735e-02 -3.750553e-01 8.505073e-02 6.870101e-02 9.940053e-01 5.941723e+01
9.947851e-01 -6.372145e-02 -7.963780e-02 -8.340712e+01 5.767169e-02 9.954319e-01 -7.608730e-02 -4.593061e-01 8.412240e-02 7.109766e-02 9.939157e-01 6.024879e+01
9.945730e-01 -6.792799e-02 -7.880566e-02 -8.348445e+01 6.219755e-02 9.953888e-01 -7.302472e-02 -4.783040e-01 8.340270e-02 6.772690e-02 9.942118e-01 6.116991e+01
9.944177e-01 -7.084549e-02 -7.819403e-02 -8.357752e+01 6.590574e-02 9.957684e-01 -6.404407e-02 -5.501688e-01 8.240038e-02 5.853312e-02 9.948789e-01 6.211932e+01
9.941172e-01 -7.094400e-02 -8.184116e-02 -8.363502e+01 6.616636e-02 9.960220e-01 -5.968470e-02 -6.056424e-01 8.574986e-02 5.391845e-02 9.948567e-01 6.294594e+01
9.937209e-01 -7.229511e-02 -8.539345e-02 -8.368282e+01 6.719000e-02 9.958603e-01 -6.121924e-02 -7.000825e-01 8.946580e-02 5.509726e-02 9.944648e-01 6.381058e+01
9.931759e-01 -7.852889e-02 -8.622628e-02 -8.376603e+01 7.284864e-02 9.950792e-01 -6.715999e-02 -7.496233e-01 9.107598e-02 6.042021e-02 9.940093e-01 6.463174e+01
9.927826e-01 -8.102566e-02 -8.841729e-02 -8.385134e+01 7.467578e-02 9.945390e-01 -7.290843e-02 -7.649513e-01 9.384190e-02 6.577959e-02 9.934117e-01 6.547488e+01
9.931682e-01 -7.388599e-02 -9.032042e-02 -8.393488e+01 6.732724e-02 9.950106e-01 -7.362756e-02 -9.109055e-01 9.530981e-02 6.704353e-02 9.931874e-01 6.634084e+01
9.930874e-01 -7.353806e-02 -9.148575e-02 -8.404119e+01 6.630459e-02 9.946079e-01 -7.974233e-02 -9.309407e-01 9.685654e-02 7.312517e-02 9.926084e-01 6.718256e+01
9.923650e-01 -7.593890e-02 -9.718520e-02 -8.411150e+01 6.791522e-02 9.942020e-01 -8.336576e-02 -1.015252e+00 1.029524e-01 7.612891e-02 9.917687e-01 6.801443e+01
9.925832e-01 -7.238550e-02 -9.766793e-02 -8.422346e+01 6.379183e-02 9.940389e-01 -8.841496e-02 -1.085404e+00 1.034857e-01 8.152878e-02 9.912839e-01 6.883574e+01
9.926278e-01 -6.743615e-02 -1.007094e-01 -8.433273e+01 5.805997e-02 9.939441e-01 -9.329630e-02 -1.105734e+00 1.063911e-01 8.676132e-02 9.905319e-01 6.966654e+01
9.921425e-01 -6.840609e-02 -1.047562e-01 -8.444122e+01 5.821046e-02 9.935345e-01 -9.747148e-02 -1.110036e+00 1.107465e-01 9.060770e-02 9.897098e-01 7.048898e+01
9.920402e-01 -6.464851e-02 -1.080592e-01 -8.454218e+01 5.455424e-02 9.940863e-01 -9.389475e-02 -1.160468e+00 1.134904e-01 8.725227e-02 9.897004e-01 7.130166e+01
9.913269e-01 -6.661990e-02 -1.132822e-01 -8.464062e+01 5.646050e-02 9.942818e-01 -9.064210e-02 -1.231977e+00 1.186730e-01 8.345998e-02 9.894196e-01 7.208626e+01
9.908878e-01 -6.716097e-02 -1.167509e-01 -8.475523e+01 5.697076e-02 9.944428e-01 -8.853134e-02 -1.308117e+00 1.220480e-01 8.107323e-02 9.892074e-01 7.290820e+01
9.903281e-01 -6.607867e-02 -1.219991e-01 -8.487489e+01 5.509717e-02 9.942987e-01 -9.129294e-02 -1.340758e+00 1.273360e-01 8.368817e-02 9.883227e-01 7.368174e+01
9.894524e-01 -6.711822e-02 -1.283710e-01 -8.498453e+01 5.548256e-02 9.941968e-01 -9.216540e-02 -1.386391e+00 1.338120e-01 8.407092e-02 9.874343e-01 7.447256e+01
9.886432e-01 -6.870982e-02 -1.336550e-01 -8.510846e+01 5.671731e-02 9.941834e-01 -9.155650e-02 -1.486143e+00 1.391684e-01 8.293616e-02 9.867896e-01 7.528574e+01
9.881744e-01 -6.280871e-02 -1.398796e-01 -8.522527e+01 5.027059e-02 9.945415e-01 -9.143396e-02 -1.622897e+00 1.448589e-01 8.332088e-02 9.859379e-01 7.604932e+01
9.875990e-01 -6.042359e-02 -1.449040e-01 -8.536670e+01 4.653357e-02 9.941566e-01 -9.740242e-02 -1.678964e+00 1.499427e-01 8.945163e-02 9.846398e-01 7.684517e+01
9.866377e-01 -6.243688e-02 -1.504918e-01 -8.549151e+01 4.688512e-02 9.933916e-01 -1.047609e-01 -1.702479e+00 1.560382e-01 9.630519e-02 9.830450e-01 7.758143e+01
9.860319e-01 -6.148030e-02 -1.547940e-01 -8.564776e+01 4.485451e-02 9.930624e-01 -1.086979e-01 -1.766225e+00 1.604029e-01 1.002364e-01 9.819489e-01 7.840276e+01
9.855838e-01 -5.781586e-02 -1.590030e-01 -8.579760e+01 4.116174e-02 9.935021e-01 -1.061101e-01 -1.848823e+00 1.641046e-01 9.803560e-02 9.815593e-01 7.919939e+01
9.850159e-01 -5.225591e-02 -1.643563e-01 -8.593364e+01 3.539042e-02 9.939558e-01 -1.039202e-01 -1.917237e+00 1.687933e-01 9.654640e-02 9.809116e-01 7.996143e+01
9.842929e-01 -5.080009e-02 -1.690765e-01 -8.608018e+01 3.315074e-02 9.938539e-01 -1.056197e-01 -1.967469e+00 1.734029e-01 9.835575e-02 9.799274e-01 8.069882e+01
9.836180e-01 -4.916441e-02 -1.734313e-01 -8.624079e+01 3.045374e-02 9.935815e-01 -1.089423e-01 -2.080233e+00 1.776742e-01 1.018760e-01 9.788019e-01 8.144523e+01
9.823532e-01 -5.035543e-02 -1.801290e-01 -8.639316e+01 2.975156e-02 9.928840e-01 -1.153094e-01 -2.202397e+00 1.846536e-01 1.079154e-01 9.768609e-01 8.218482e+01
9.808888e-01 -5.171582e-02 -1.875702e-01 -8.655499e+01 2.984782e-02 9.926136e-01 -1.175903e-01 -2.297631e+00 1.922660e-01 1.097444e-01 9.751871e-01 8.290706e+01
9.788820e-01 -5.073561e-02 -1.980301e-01 -8.673743e+01 2.802473e-02 9.928717e-01 -1.158463e-01 -2.398417e+00 2.024960e-01 1.078501e-01 9.733261e-01 8.363367e+01
9.768699e-01 -4.901408e-02 -2.081414e-01 -8.692396e+01 2.596891e-02 9.933641e-01 -1.120420e-01 -2.471354e+00 2.122518e-01 1.040452e-01 9.716603e-01 8.437091e+01
9.743156e-01 -4.744546e-02 -2.201319e-01 -8.711221e+01 2.419006e-02 9.939474e-01 -1.071609e-01 -2.557091e+00 2.238838e-01 9.908357e-02 9.695661e-01 8.509513e+01
9.719526e-01 -4.737318e-02 -2.303560e-01 -8.730514e+01 2.386988e-02 9.943151e-01 -1.037675e-01 -2.657199e+00 2.339622e-01 9.535857e-02 9.675580e-01 8.582722e+01
9.695727e-01 -4.403083e-02 -2.408111e-01 -8.750178e+01 1.784925e-02 9.937888e-01 -1.098421e-01 -2.736482e+00 2.441518e-01 1.022016e-01 9.643364e-01 8.655134e+01
9.668931e-01 -4.273818e-02 -2.515772e-01 -8.769840e+01 1.223455e-02 9.925054e-01 -1.215865e-01 -2.795780e+00 2.548881e-01 1.144832e-01 9.601696e-01 8.726334e+01
9.639581e-01 -4.219785e-02 -2.626863e-01 -8.790322e+01 8.356567e-03 9.916569e-01 -1.286341e-01 -2.864197e+00 2.659228e-01 1.218027e-01 9.562684e-01 8.795998e+01
9.606146e-01 -4.294914e-02 -2.745450e-01 -8.811887e+01 8.434524e-03 9.920350e-01 -1.256797e-01 -2.952386e+00 2.777561e-01 1.184141e-01 9.533256e-01 8.865695e+01
9.568266e-01 -4.670348e-02 -2.868827e-01 -8.834481e+01 1.318025e-02 9.929628e-01 -1.176913e-01 -3.094432e+00 2.903605e-01 1.088290e-01 9.507087e-01 8.937115e+01
9.536899e-01 -4.515048e-02 -2.973837e-01 -8.859420e+01 1.167624e-02 9.934818e-01 -1.133911e-01 -3.180968e+00 3.005649e-01 1.046676e-01 9.480007e-01 9.005470e+01
