1.000000e+00 0.000000e+00 0.000000e+00 0.000000e+00 0.000000e+00 1.000000e+00 0.000000e+00 0.000000e+00 0.000000e+00 0.000000e+00 1.000000e+00 0.000000e+00
9.999850e-01 -5.457059e-03 -2.931022e-04 -2.485649e-02 5.456919e-03 9.999850e-01 -4.765611e-04 -1.891927e-02 2.956984e-04 4.749545e-04 9.999998e-01 -7.434115e-01
9.999991e-01 5.425328e-05 1.320274e-03 -6.414390e-02 -5.378975e-05 9.999999e-01 -3.511201e-04 7.434958e-03 -1.320293e-03 3.510488e-04 9.999990e-01 5.949650e-02
9.999976e-01 1.571874e-03 1.537159e-03 -8.882129e-02 -1.571686e-03 9.999987e-01 -1.232911e-04 -5.315386e-03 -1.537351e-03 1.208749e-04 9.999988e-01 8.394954e-01
9.999984e-01 5.196318e-04 1.720386e-03 -9.138279e-02 -5.173009e-04 9.999989e-01 -1.355100e-03 -1.278902e-02 -1.721088e-03 1.354208e-03 9.999976e-01 1.579001e+00
9.999959e-01 2.002144e-03 2.015485e-03 -1.062832e-01 -1.999669e-03 9.999973e-01 -1.229298e-03 -2.992326e-02 -2.017941e-03 1.225262e-03 9.999972e-01 2.338997e+00
9.999964e-01 2.046895e-03 1.767201e-03 -9.256996e-02 -2.042825e-03 9.999953e-01 -2.301772e-03 -3.916044e-02 -1.771904e-03 2.298154e-03 9.999958e-01 3.078635e+00
9.999940e-01 2.646602e-03 2.233582e-03 -9.586624e-02 -2.642258e-03 9.999946e-01 -1.945316e-03 -4.544115e-02 -2.238718e-03 1.939402e-03 9.999956e-01 3.779636e+00
9.999958e-01 1.743696e-03 2.326465e-03 -9.263463e-02 -1.743569e-03 9.999985e-01 -5.689103e-05 -5.728024e-02 -2.326560e-03 5.283444e-05 9.999973e-01 4.535822e+00
9.999935e-01 1.923775e-03 3.058102e-03 -7.484669e-02 -1.938305e-03 9.999868e-01 4.755643e-03 -8.755694e-02 -3.048913e-03 -4.761540e-03 9.999840e-01 5.215628e+00
9.999861e-01 2.917516e-03 4.392551e-03 -6.407631e-02 -2.943004e-03 9.999788e-01 5.807238e-03 -5.742116e-02 -4.375515e-03 -5.820085e-03 9.999735e-01 5.902878e+00
9.999862e-01 -2.281280e-04 5.255040e-03 -7.682430e-02 1.886063e-04 9.999717e-01 7.520001e-03 -7.114889e-02 -5.256607e-03 -7.518906e-03 9.999579e-01 6.530088e+00
9.999735e-01 -2.381874e-03 6.881298e-03 -1.051404e-01 2.326652e-03 9.999651e-01 8.021827e-03 -1.071780e-01 -6.900165e-03 -8.005603e-03 9.999442e-01 7.183846e+00
9.999682e-01 1.472003e-04 7.980295e-03 -8.331059e-02 -1.919821e-04 9.999843e-01 5.611071e-03 -1.180182e-01 -7.979343e-03 -5.612424e-03 9.999524e-01 7.819257e+00
9.999595e-01 -4.694155e-04 8.985713e-03 -1.063525e-01 4.454708e-04 9.999964e-01 2.666566e-03 -1.306427e-01 -8.986932e-03 -2.662455e-03 9.999561e-01 8.336076e+00
9.999393e-01 -1.046641e-03 1.096574e-02 -1.123273e-01 1.036374e-03 9.999990e-01 9.418938e-04 -1.454704e-01 -1.096672e-02 -9.304720e-04 9.999394e-01 8.928330e+00
9.999139e-01 -3.470142e-03 1.265643e-02 -9.112812e-02 3.490596e-03 9.999926e-01 -1.594384e-03 -1.427534e-01 -1.265081e-02 1.638425e-03 9.999186e-01 9.422540e+00
9.998555e-01 -8.126217e-03 1.493050e-02 -1.195537e-01 8.160848e-03 9.999641e-01 -2.259996e-03 -1.828197e-01 -1.491160e-02 2.381515e-03 9.998860e-01 9.856012e+00
9.998653e-01 -1.461562e-03 1.634742e-02 -9.408216e-02 1.542960e-03 9.999865e-01 -4.967788e-03 -1.785946e-01 -1.633993e-02 4.992342e-03 9.998540e-01 1.034126e+01
9.998353e-01 1.908412e-03 1.804939e-02 -4.785904e-02 -1.815257e-03 9.999850e-01 -5.176101e-03 -1.973300e-01 -1.805899e-02 5.142484e-03 9.998237e-01 1.072856e+01
9.997634e-01 -8.153694e-04 2.173392e-02 -7.080196e-02 8.784060e-04 9.999954e-01 -2.890991e-03 -2.318121e-01 -2.173147e-02 2.909399e-03 9.997596e-01 1.111263e+01
9.996595e-01 -6.135661e-03 2.536212e-02 -7.459262e-02 6.184282e-03 9.999792e-01 -1.839078e-03 -2.529372e-01 -2.535030e-02 1.995298e-03 9.996766e-01 1.140912e+01
9.995904e-01 -7.455135e-03 2.763109e-02 -8.345950e-03 7.534920e-03 9.999678e-01 -2.784533e-03 -2.544990e-01 -2.760944e-02 2.991590e-03 9.996143e-01 1.169030e+01
9.995358e-01 -8.706851e-03 2.919564e-02 5.909850e-02 8.817390e-03 9.999544e-01 -3.659521e-03 -2.330540e-01 -2.916245e-02 3.915252e-03 9.995670e-01 1.196043e+01
9.994612e-01 -8.012391e-03 3.182995e-02 7.259154e-02 8.126661e-03 9.999610e-01 -3.462296e-03 -2.261151e-01 -3.180097e-02 3.719102e-03 9.994873e-01 1.221050e+01
9.994017e-01 -8.008862e-03 3.364781e-02 1.012871e-01 8.140789e-03 9.999597e-01 -3.785682e-03 -2.392966e-01 -3.361614e-02 4.057337e-03 9.994266e-01 1.245883e+01
9.993507e-01 -5.770301e-03 3.556480e-02 1.159203e-01 5.977601e-03 9.999657e-01 -5.725228e-03 -2.378469e-01 -3.553054e-02 5.934103e-03 9.993510e-01 1.265123e+01
9.992805e-01 -2.603720e-03 3.783913e-02 1.302711e-01 2.864378e-03 9.999725e-01 -6.835993e-03 -2.440869e-01 -3.782029e-02 6.939460e-03 9.992605e-01 1.287945e+01
9.992202e-01 3.945438e-04 3.948203e-02 1.327533e-01 -4.580849e-05 9.999610e-01 -8.833274e-03 -2.207967e-01 -3.948398e-02 8.824578e-03 9.991812e-01 1.304403e+01
9.991363e-01 1.259777e-03 4.153444e-02 1.163200e-01 -8.568576e-04 9.999524e-01 -9.717220e-03 -2.281220e-01 -4.154470e-02 9.673237e-03 9.990898e-01 1.321402e+01
9.990079e-01 2.091315e-03 4.448475e-02 9.085104e-02 -1.540632e-03 9.999218e-01 -1.240982e-02 -2.219807e-01 -4.450722e-02 1.232897e-02 9.989330e-01 1.338606e+01
9.988979e-01 1.642390e-03 4.690830e-02 7.321360e-02 -9.837372e-04 9.999006e-01 -1.406092e-02 -2.173072e-01 -4.692674e-02 1.399928e-02 9.988002e-01 1.353195e+01
9.988000e-01 1.666424e-03 4.894720e-02 6.231596e-02 -9.355345e-04 9.998878e-01 -1.495133e-02 -2.314455e-01 -4.896662e-02 1.488759e-02 9.986895e-01 1.367894e+01
9.986803e-01 3.337830e-03 5.125006e-02 4.841509e-02 -2.513066e-03 9.998664e-01 -1.614895e-02 -2.340598e-01 -5.129712e-02 1.599884e-02 9.985553e-01 1.383938e+01
9.985796e-01 5.064836e-03 5.303878e-02 4.839928e-02 -4.096924e-03 9.998234e-01 -1.834198e-02 -2.417868e-01 -5.312231e-02 1.809863e-02 9.984240e-01 1.398327e+01
9.984638e-01 7.073254e-03 5.495481e-02 3.845035e-02 -5.899418e-03 9.997516e-01 -2.149297e-02 -2.225073e-01 -5.509318e-02 2.113575e-02 9.982575e-01 1.410623e+01
9.983779e-01 5.589829e-03 5.666001e-02 4.647464e-03 -4.269067e-03 9.997169e-01 -2.340461e-02 -2.415412e-01 -5.677480e-02 2.312476e-02 9.981192e-01 1.423600e+01
9.983148e-01 4.795625e-03 5.783178e-02 -1.162245e-02 -3.346006e-03 9.996784e-01 -2.513697e-02 -2.397368e-01 -5.793373e-02 2.490111e-02 9.980098e-01 1.432233e+01
9.983717e-01 6.996654e-03 5.661209e-02 -1.703803e-02 -5.401656e-03 9.995855e-01 -2.827830e-02 -2.190138e-01 -5.678648e-02 2.792646e-02 9.979957e-01 1.447264e+01
9.985067e-01 8.525943e-03 5.395970e-02 8.397908e-03 -6.944814e-03 9.995430e-01 -2.942203e-02 -2.203571e-01 -5.418589e-02 2.900335e-02 9.981096e-01 1.458974e+01
9.986929e-01 9.358281e-03 5.024799e-02 -1.606839e-03 -7.778691e-03 9.994722e-01 -3.153995e-02 -2.196157e-01 -5.051663e-02 3.110786e-02 9.982386e-01 1.472865e+01
9.989159e-01 9.322448e-03 4.560998e-02 -3.431677e-02 -7.841306e-03 9.994395e-01 -3.254591e-02 -2.315201e-01 -4.588782e-02 3.215298e-02 9.984290e-01 1.486726e+01
9.991781e-01 1.137807e-02 3.890588e-02 -3.739778e-02 -1.001242e-02 9.993330e-01 -3.511793e-02 -2.016329e-01 -3.927951e-02 3.469952e-02 9.986256e-01 1.499782e+01
9.993711e-01 1.192719e-02 3.339510e-02 -8.117829e-02 -1.069821e-02 9.992676e-01 -3.674106e-02 -1.868551e-01 -3.380886e-02 3.636068e-02 9.987667e-01 1.511957e+01
9.995967e-01 1.113524e-02 2.612521e-02 -8.793158e-02 -1.015202e-02 9.992462e-01 -3.747053e-02 -2.062876e-01 -2.652276e-02 3.719020e-02 9.989561e-01 1.526773e+01
9.998026e-01 1.071714e-02 1.672758e-02 -1.099914e-01 -1.005063e-02 9.991717e-01 -3.943263e-02 -1.932578e-01 -1.713633e-02 3.925672e-02 9.990822e-01 1.540742e+01
9.999449e-01 9.901284e-03 3.498900e-03 -8.550888e-02 -9.748813e-03 9.991036e-01 -4.119393e-02 -1.997657e-01 -3.903636e-03 4.115755e-02 9.991450e-01 1.557187e+01
9.998827e-01 9.901541e-03 -1.168525e-02 -1.266746e-01 -1.039882e-02 9.990084e-01 -4.329168e-02 -1.937566e-01 1.124501e-02 4.340812e-02 9.989941e-01 1.574131e+01
9.994560e-01 1.134070e-02 -3.096870e-02 -1.462529e-01 -1.272702e-02 9.989086e-01 -4.494137e-02 -1.932254e-01 3.042523e-02 4.531106e-02 9.985095e-01 1.592326e+01
9.985580e-01 1.150684e-02 -5.243492e-02 -1.830062e-01 -1.384555e-02 9.989153e-01 -4.445934e-02 -1.993212e-01 5.186645e-02 4.512122e-02 9.976342e-01 1.614529e+01
9.970928e-01 1.161503e-02 -7.530668e-02 -2.406509e-01 -1.482944e-02 9.989963e-01 -4.226667e-02 -2.064675e-01 7.474017e-02 4.326055e-02 9.962642e-01 1.638783e+01
9.947374e-01 1.299500e-02 -1.016295e-01 -2.945475e-01 -1.722318e-02 9.990174e-01 -4.083776e-02 -2.116008e-01 1.009990e-01 4.237324e-02 9.939837e-01 1.661273e+01
9.912511e-01 1.513727e-02 -1.311188e-01 -3.747213e-01 -2.036111e-02 9.990476e-01 -3.859193e-02 -2.221462e-01 1.304097e-01 4.092402e-02 9.906152e-01 1.688961e+01
9.866167e-01 1.546067e-02 -1.623218e-01 -5.266399e-01 -2.151681e-02 9.991338e-01 -3.561797e-02 -2.184939e-01 1.616306e-01 3.863394e-02 9.860948e-01 1.713599e+01
9.799327e-01 1.708293e-02 -1.985951e-01 -6.376070e-01 -2.372085e-02 9.992350e-01 -3.109328e-02 -2.266503e-01 1.979120e-01 3.518016e-02 9.795883e-01 1.743375e+01
9.712411e-01 1.966782e-02 -2.372845e-01 -7.671584e-01 -2.650073e-02 9.993199e-01 -2.564075e-02 -2.239549e-01 2.366188e-01 3.119156e-02 9.711018e-01 1.767781e+01
9.599056e-01 2.400677e-02 -2.792936e-01 -9.035198e-01 -3.075486e-02 9.993308e-01 -1.980372e-02 -2.306103e-01 2.786312e-01 2.759933e-02 9.600015e-01 1.797264e+01
9.466859e-01 2.893393e-02 -3.208562e-01 -1.074377e+00 -3.537617e-02 9.992722e-01 -1.426572e-02 -2.443892e-01 3.202099e-01 2.485581e-02 9.470205e-01 1.826978e+01
9.302880e-01 3.456550e-02 -3.651980e-01 -1.178742e+00 -4.032807e-02 9.991531e-01 -8.161278e-03 -2.580957e-01 3.646066e-01 2.232007e-02 9.308941e-01 1.857839e+01
9.123598e-01 3.611871e-02 -4.077928e-01 -1.401050e+00 -3.970301e-02 9.992115e-01 -3.266351e-04 -2.416196e-01 4.074595e-01 1.648861e-02 9.130744e-01 1.887115e+01
8.908728e-01 4.154419e-02 -4.523491e-01 -1.594931e+00 -4.284265e-02 9.990546e-01 7.378294e-03 -2.420692e-01 4.522279e-01 1.280671e-02 8.918105e-01 1.921812e+01
8.667508e-01 4.644581e-02 -4.965741e-01 -1.831338e+00 -4.642748e-02 9.988449e-01 1.238709e-02 -2.339774e-01 4.965759e-01 1.231816e-02 8.679059e-01 1.954492e+01
8.396192e-01 5.171925e-02 -5.407076e-01 -2.068292e+00 -5.041171e-02 9.985798e-01 1.723513e-02 -2.361865e-01 5.408311e-01 1.278705e-02 8.410340e-01 1.981613e+01
8.098241e-01 5.389186e-02 -5.841922e-01 -2.341985e+00 -5.201989e-02 9.984459e-01 1.999537e-02 -2.209233e-01 5.843619e-01 1.419688e-02 8.113689e-01 2.012479e+01
7.792849e-01 5.733291e-02 -6.240417e-01 -2.711343e+00 -5.435441e-02 9.982372e-01 2.383540e-02 -1.994124e-01 6.243081e-01 1.534485e-02 7.810274e-01 2.037387e+01
7.454428e-01 6.085931e-02 -6.637855e-01 -3.089467e+00 -5.546575e-02 9.980330e-01 2.921585e-02 -1.805657e-01 6.642579e-01 1.503862e-02 7.473522e-01 2.063258e+01
7.092922e-01 6.258208e-02 -7.021311e-01 -3.455433e+00 -5.559928e-02 9.979150e-01 3.277943e-02 -1.505152e-01 7.027185e-01 1.578779e-02 7.112928e-01 2.088707e+01
6.714931e-01 6.351560e-02 -7.382838e-01 -3.850034e+00 -5.466907e-02 9.978509e-01 3.612322e-02 -1.358706e-01 7.389915e-01 1.610480e-02 6.735222e-01 2.114488e+01
6.322929e-01 6.274353e-02 -7.721846e-01 -4.230115e+00 -4.991515e-02 9.979435e-01 4.021513e-02 -1.246641e-01 7.731197e-01 1.311597e-02 6.341244e-01 2.137036e+01
5.899693e-01 6.275892e-02 -8.049830e-01 -4.646286e+00 -4.623883e-02 9.979646e-01 4.391608e-02 -1.043695e-01 8.061007e-01 1.131234e-02 5.916703e-01 2.161507e+01
5.450616e-01 6.414185e-02 -8.359388e-01 -5.088550e+00 -4.473392e-02 9.978738e-01 4.739908e-02 -8.075032e-02 8.372017e-01 1.155940e-02 5.467720e-01 2.184928e+01
4.969943e-01 6.456454e-02 -8.653485e-01 -5.540136e+00 -4.487342e-02 9.978061e-01 4.867525e-02 -5.599756e-02 8.665928e-01 1.463982e-02 4.988012e-01 2.207374e+01
4.470998e-01 6.338602e-02 -8.922354e-01 -6.067544e+00 -3.950300e-02 9.979120e-01 5.109850e-02 -2.746061e-02 8.936114e-01 1.239984e-02 4.486703e-01 2.225409e+01
3.953221e-01 6.250672e-02 -9.164133e-01 -6.573971e+00 -3.459479e-02 9.979873e-01 5.314722e-02 -6.012347e-04 9.178908e-01 1.069285e-02 3.966888e-01 2.242845e+01
3.422067e-01 6.166219e-02 -9.375993e-01 -7.129288e+00 -3.304501e-02 9.980169e-01 5.357479e-02 3.795513e-02 9.390435e-01 1.264932e-02 3.435656e-01 2.259710e+01
2.911781e-01 6.569703e-02 -9.544104e-01 -7.700351e+00 -3.334184e-02 9.977301e-01 5.850679e-02 9.011227e-02 9.560876e-01 1.478590e-02 2.927076e-01 2.271453e+01
2.403328e-01 7.057758e-02 -9.681213e-01 -8.301549e+00 -3.135037e-02 9.973973e-01 6.492922e-02 1.281863e-01 9.701841e-01 1.474634e-02 2.419199e-01 2.284751e+01
1.933517e-01 7.125909e-02 -9.785383e-01 -8.896075e+00 -2.647785e-02 9.973747e-01 6.739897e-02 1.705287e-01 9.807722e-01 1.287788e-02 1.947309e-01 2.292790e+01
1.494095e-01 7.207617e-02 -9.861450e-01 -9.504759e+00 -2.404151e-02 9.973096e-01 6.924969e-02 2.078268e-01 9.884831e-01 1.336184e-02 1.507403e-01 2.297501e+01
1.072318e-01 7.030329e-02 -9.917453e-01 -1.013503e+01 -2.498212e-02 9.973724e-01 6.800102e-02 2.470508e-01 9.939201e-01 1.748403e-02 1.087064e-01 2.304391e+01
7.037538e-02 6.597082e-02 -9.953367e-01 -1.078589e+01 -2.821688e-02 9.975431e-01 6.412198e-02 3.001302e-01 9.971214e-01 2.357269e-02 7.206398e-02 2.308839e+01
4.034454e-02 6.572948e-02 -9.970215e-01 -1.146637e+01 -3.060088e-02 9.974472e-01 6.451927e-02 3.478415e-01 9.987171e-01 2.790674e-02 4.225290e-02 2.311551e+01
1.878464e-02 6.977866e-02 -9.973856e-01 -1.213046e+01 -3.093185e-02 9.971247e-01 6.917784e-02 3.896143e-01 9.993449e-01 2.955149e-02 2.088904e-02 2.311439e+01
3.913045e-03 7.581331e-02 -9.971144e-01 -1.284168e+01 -2.727218e-02 9.967592e-01 7.567928e-02 4.322493e-01 9.996204e-01 2.689734e-02 5.967975e-03 2.310590e+01
-5.112410e-03 7.845951e-02 -9.969042e-01 -1.359580e+01 -2.733253e-02 9.965338e-01 7.857053e-02 4.811969e-01 9.996133e-01 2.764961e-02 -2.950191e-03 2.310686e+01
-1.046324e-02 7.564870e-02 -9.970797e-01 -1.435572e+01 -2.534780e-02 9.967937e-01 7.589300e-02 5.296028e-01 9.996240e-01 2.606787e-02 -8.512259e-03 2.311334e+01
-9.931445e-03 7.096758e-02 -9.974294e-01 -1.545686e+01 -1.796319e-02 9.973047e-01 7.113759e-02 6.039576e-01 9.997895e-01 1.862350e-02 -8.629918e-03 2.311261e+01
-5.644083e-03 6.912790e-02 -9.975919e-01 -1.627673e+01 -5.804665e-03 9.975886e-01 6.916052e-02 6.612367e-01 9.999672e-01 6.181031e-03 -5.229235e-03 2.312641e+01
-5.161762e-05 6.883332e-02 -9.976283e-01 -1.713833e+01 -5.574147e-03 9.976127e-01 6.883254e-02 7.187721e-01 9.999846e-01 5.564471e-03 3.321767e-04 2.313591e+01
4.451275e-03 6.677307e-02 -9.977584e-01 -1.842247e+01 -7.016402e-03 9.977457e-01 6.674092e-02 7.940446e-01 9.999656e-01 6.703582e-03 4.909754e-03 2.315699e+01
8.451700e-03 5.953147e-02 -9.981907e-01 -1.931841e+01 -3.054442e-03 9.982232e-01 5.950755e-02 8.522720e-01 9.999597e-01 2.545972e-03 8.618474e-03 2.314299e+01
9.900808e-03 4.809412e-02 -9.987937e-01 -2.034478e+01 -6.654638e-03 9.988238e-01 4.802959e-02 9.214227e-01 9.999288e-01 6.171079e-03 1.020920e-02 2.316498e+01
1.063925e-02 3.986844e-02 -9.991483e-01 -2.140480e+01 -1.321264e-02 9.991232e-01 3.972675e-02 9.727196e-01 9.998561e-01 1.277872e-02 1.115674e-02 2.317782e+01
1.151043e-02 3.568637e-02 -9.992969e-01 -2.241208e+01 -1.984857e-02 9.991742e-01 3.545336e-02 1.037740e+00 9.997369e-01 1.942652e-02 1.220924e-02 2.312525e+01
1.059049e-02 4.211794e-02 -9.990566e-01 -2.336407e+01 -2.759914e-02 9.987442e-01 4.181221e-02 1.075349e+00 9.995631e-01 2.713028e-02 1.173961e-02 2.304267e+01
7.002354e-03 4.934828e-02 -9.987571e-01 -2.416882e+01 -3.290394e-02 9.982521e-01 4.909264e-02 1.109700e+00 9.994340e-01 3.251928e-02 8.613884e-03 2.297394e+01
1.842797e-03 5.792563e-02 -9.983191e-01 -2.524706e+01 -3.377377e-02 9.977549e-01 5.783054e-02 1.172666e+00 9.994278e-01 3.361043e-02 3.795028e-03 2.296645e+01
-2.216101e-04 6.742210e-02 -9.977245e-01 -2.625795e+01 -3.348004e-02 9.971647e-01 6.739170e-02 1.234349e+00 9.994394e-01 3.341879e-02 2.036333e-03 2.296188e+01
-2.887726e-03 7.448766e-02 -9.972177e-01 -2.719543e+01 -3.038308e-02 9.967550e-01 7.454107e-02 1.287810e+00 9.995341e-01 3.051380e-02 -6.152391e-04 2.298211e+01
-3.722548e-03 7.534390e-02 -9.971506e-01 -2.830091e+01 -2.994698e-02 9.967020e-01 7.542180e-02 1.360188e+00 9.995445e-01 3.014241e-02 -1.453996e-03 2.297368e+01
-8.108020e-03 7.227147e-02 -9.973521e-01 -2.927597e+01 -2.947239e-02 9.969342e-01 7.248079e-02 1.418445e+00 9.995328e-01 2.998202e-02 -5.953074e-03 2.296754e+01
-7.290006e-03 6.827216e-02 -9.976401e-01 -3.046045e+01 -2.978298e-02 9.972092e-01 6.846030e-02 1.485148e+00 9.995298e-01 3.021177e-02 -5.236387e-03 2.295484e+01
-1.189590e-02 6.273530e-02 -9.979594e-01 -3.145147e+01 -2.900465e-02 9.975883e-01 6.305771e-02 1.541302e+00 9.995086e-01 2.969558e-02 -1.004755e-02 2.293028e+01
-1.923525e-02 5.715133e-02 -9.981802e-01 -3.242375e+01 -2.716652e-02 9.979664e-01 5.766260e-02 1.593344e+00 9.994459e-01 2.822624e-02 -1.764345e-02 2.291157e+01
-2.523875e-02 5.551253e-02 -9.981390e-01 -3.346696e+01 -2.894728e-02 9.979978e-01 5.623663e-02 1.644262e+00 9.992623e-01 3.031275e-02 -2.358127e-02 2.286009e+01
-3.134274e-02 5.766929e-02 -9.978437e-01 -3.452700e+01 -2.808817e-02 9.978890e-01 5.855417e-02 1.697309e+00 9.991141e-01 2.986285e-02 -2.965677e-02 2.279106e+01
-3.814340e-02 6.228781e-02 -9.973291e-01 -3.560011e+01 -2.882903e-02 9.975713e-01 6.340552e-02 1.751644e+00 9.988564e-01 3.117053e-02 -3.625500e-02 2.274990e+01
-4.485035e-02 6.498645e-02 -9.968778e-01 -3.664386e+01 -3.053927e-02 9.973263e-01 6.638968e-02 1.802665e+00 9.985269e-01 3.342152e-02 -4.274583e-02 2.267527e+01
-4.947877e-02 6.749982e-02 -9.964918e-01 -3.774418e+01 -3.370471e-02 9.970326e-01 6.920999e-02 1.867158e+00 9.982065e-01 3.701087e-02 -4.705691e-02 2.257848e+01
-5.294216e-02 6.825541e-02 -9.962621e-01 -3.883466e+01 -3.812293e-02 9.967959e-01 7.031786e-02 1.935364e+00 9.978696e-01 4.170321e-02 -5.017054e-02 2.250990e+01
-5.691004e-02 6.993554e-02 -9.959268e-01 -3.991858e+01 -4.098815e-02 9.965389e-01 7.232070e-02 1.991634e+00 9.975376e-01 4.493698e-02 -5.384660e-02 2.246586e+01
-5.879092e-02 6.978710e-02 -9.958280e-01 -4.101176e+01 -4.208136e-02 9.964935e-01 7.231811e-02 2.051935e+00 9.973830e-01 4.615744e-02 -5.564797e-02 2.238965e+01
-6.098950e-02 6.824402e-02 -9.958027e-01 -4.203461e+01 -4.203697e-02 9.965991e-01 7.087322e-02 2.113544e+00 9.972528e-01 4.618304e-02 -5.791330e-02 2.229633e+01
-6.164241e-02 6.775757e-02 -9.957957e-01 -4.319813e+01 -4.282797e-02 9.965945e-01 7.046309e-02 2.180900e+00 9.971790e-01 4.699143e-02 -5.853057e-02 2.222562e+01
-6.248057e-02 6.711856e-02 -9.957868e-01 -4.429515e+01 -4.434158e-02 9.965643e-01 6.995317e-02 2.239904e+00 9.970607e-01 4.852547e-02 -5.928969e-02 2.214207e+01
-6.398797e-02 6.491829e-02 -9.958370e-01 -4.536695e+01 -4.694553e-02 9.965814e-01 6.798334e-02 2.294416e+00 9.968459e-01 5.110021e-02 -6.072164e-02 2.205433e+01
-6.446910e-02 6.040370e-02 -9.960901e-01 -4.656655e+01 -5.242462e-02 9.965830e-01 6.382664e-02 2.357591e+00 9.965419e-01 5.633448e-02 -6.108224e-02 2.199942e+01
-6.336260e-02 5.987976e-02 -9.961926e-01 -4.761361e+01 -5.341193e-02 9.965643e-01 6.329935e-02 2.411069e+00 9.965603e-01 5.721937e-02 -5.994666e-02 2.190896e+01
-6.192422e-02 6.312780e-02 -9.960824e-01 -4.863224e+01 -5.368326e-02 9.963425e-01 6.648165e-02 2.472524e+00 9.966361e-01 5.758978e-02 -5.830884e-02 2.181588e+01
-5.931604e-02 6.669828e-02 -9.960086e-01 -4.992650e+01 -5.227466e-02 9.961888e-01 6.982350e-02 2.540193e+00 9.968696e-01 5.620765e-02 -5.560327e-02 2.176321e+01
-5.954134e-02 6.549438e-02 -9.960750e-01 -5.090526e+01 -4.997138e-02 9.963986e-01 6.850275e-02 2.594772e+00 9.969743e-01 5.385398e-02 -5.605412e-02 2.171542e+01
-5.744851e-02 6.519708e-02 -9.962174e-01 -5.206973e+01 -4.887668e-02 9.964851e-01 6.803315e-02 2.654266e+00 9.971514e-01 5.260019e-02 -5.405998e-02 2.165610e+01
-5.424833e-02 6.562357e-02 -9.963687e-01 -5.320421e+01 -5.298179e-02 9.962433e-01 6.849995e-02 2.714230e+00 9.971209e-01 5.650541e-02 -5.056763e-02 2.160536e+01
-4.936552e-02 6.659084e-02 -9.965584e-01 -5.441397e+01 -5.651554e-02 9.959901e-01 6.935241e-02 2.780780e+00 9.971805e-01 5.974465e-02 -4.540420e-02 2.155548e+01
-4.430854e-02 6.637583e-02 -9.968106e-01 -5.562616e+01 -6.054408e-02 9.957779e-01 6.899828e-02 2.850809e+00 9.971818e-01 6.340818e-02 -4.010284e-02 2.152820e+01
-4.017806e-02 6.537846e-02 -9.970514e-01 -5.675074e+01 -6.259365e-02 9.957325e-01 6.781431e-02 2.910858e+00 9.972301e-01 6.513372e-02 -3.591430e-02 2.149565e+01
-3.601825e-02 6.468607e-02 -9.972554e-01 -5.787139e+01 -6.270201e-02 9.957905e-01 6.685569e-02 2.963606e+00 9.973822e-01 6.493794e-02 -3.181064e-02 2.146815e+01
-3.142953e-02 6.510620e-02 -9.973832e-01 -5.901942e+01 -6.003579e-02 9.959515e-01 6.690459e-02 3.020123e+00 9.977013e-01 6.198148e-02 -2.739358e-02 2.144173e+01
-2.697277e-02 6.496745e-02 -9.975230e-01 -6.018723e+01 -5.792492e-02 9.961075e-01 6.644154e-02 3.084768e+00 9.979566e-01 5.957352e-02 -2.310455e-02 2.142746e+01
-2.135193e-02 6.690836e-02 -9.975306e-01 -6.130695e+01 -5.610833e-02 9.961054e-01 6.801375e-02 3.136699e+00 9.981963e-01 5.742200e-02 -1.751459e-02 2.140431e+01
-1.577091e-02 6.695671e-02 -9.976314e-01 -6.248324e+01 -5.761373e-02 9.960367e-01 6.776047e-02 3.213428e+00 9.982145e-01 5.854590e-02 -1.185083e-02 2.138083e+01
-1.041806e-02 6.609789e-02 -9.977587e-01 -6.359026e+01 -5.622616e-02 9.961956e-01 6.658142e-02 3.269102e+00 9.983637e-01 5.679379e-02 -6.662011e-03 2.136581e+01
-6.227732e-03 6.148284e-02 -9.980887e-01 -6.481284e+01 -5.775904e-02 9.964196e-01 6.174041e-02 3.331670e+00 9.983112e-01 5.803315e-02 -2.654195e-03 2.137325e+01
-1.409054e-03 5.624979e-02 -9.984158e-01 -6.598396e+01 -5.771439e-02 9.967479e-01 5.623727e-02 3.386472e+00 9.983322e-01 5.770219e-02 1.841962e-03 2.136604e+01
2.690434e-03 5.497289e-02 -9.984843e-01 -6.709134e+01 -5.868081e-02 9.967759e-01 5.472071e-02 3.436248e+00 9.982733e-01 5.844463e-02 5.907595e-03 2.137972e+01
6.333411e-03 5.662754e-02 -9.983753e-01 -6.826368e+01 -5.891357e-02 9.966822e-01 5.615778e-02 3.487832e+00 9.982430e-01 5.846218e-02 9.648561e-03 2.138536e+01
8.016944e-03 5.686929e-02 -9.983495e-01 -6.939996e+01 -5.915678e-02 9.966599e-01 5.629801e-02 3.522889e+00 9.982166e-01 5.860780e-02 1.135439e-02 2.137950e+01
1.155198e-02 5.660545e-02 -9.983299e-01 -7.060444e+01 -6.083067e-02 9.965870e-01 5.580274e-02 3.579880e+00 9.980813e-01 6.008443e-02 1.495588e-02 2.132472e+01
1.350898e-02 5.768887e-02 -9.982432e-01 -7.181252e+01 -6.106178e-02 9.965187e-01 5.676287e-02 3.627635e+00 9.980426e-01 6.018770e-02 1.698452e-02 2.130202e+01
1.514763e-02 5.719931e-02 -9.982479e-01 -7.292851e+01 -6.056309e-02 9.965819e-01 5.618485e-02 3.671490e+00 9.980494e-01 5.960591e-02 1.856005e-02 2.127890e+01
1.902735e-02 5.442147e-02 -9.983367e-01 -7.415836e+01 -6.118657e-02 9.967093e-01 5.316660e-02 3.737448e+00 9.979450e-01 6.007318e-02 2.229464e-02 2.124299e+01
2.009445e-02 5.306281e-02 -9.983890e-01 -7.538150e+01 -5.938945e-02 9.968906e-01 5.178785e-02 3.784987e+00 9.980327e-01 5.825312e-02 2.318335e-02 2.124860e+01
2.049392e-02 5.263891e-02 -9.984033e-01 -7.657693e+01 -5.556231e-02 9.971297e-01 5.143125e-02 3.828417e+00 9.982449e-01 5.441957e-02 2.335984e-02 2.127393e+01
2.119792e-02 5.358221e-02 -9.983384e-01 -7.776798e+01 -5.345527e-02 9.971952e-01 5.238583e-02 3.869387e+00 9.983452e-01 5.225598e-02 2.400273e-02 2.130651e+01
2.071857e-02 5.565622e-02 -9.982351e-01 -7.892772e+01 -5.276584e-02 9.971187e-01 5.449881e-02 3.913552e+00 9.983920e-01 5.154356e-02 2.359563e-02 2.133284e+01
2.058566e-02 5.976378e-02 -9.980003e-01 -8.007487e+01 -5.197386e-02 9.969261e-01 5.862739e-02 3.952649e+00 9.984363e-01 5.066304e-02 2.362853e-02 2.136704e+01
1.982760e-02 5.931092e-02 -9.980426e-01 -8.120975e+01 -5.284301e-02 9.969058e-01 5.819356e-02 4.002655e+00 9.984059e-01 5.158574e-02 2.290040e-02 2.140036e+01
1.837403e-02 5.703928e-02 -9.982029e-01 -8.240417e+01 -5.213845e-02 9.970677e-01 5.601469e-02 4.056239e+00 9.984708e-01 5.101553e-02 2.129406e-02 2.143793e+01
1.840234e-02 5.372701e-02 -9.983862e-01 -8.358704e+01 -5.184267e-02 9.972632e-01 5.271101e-02 4.110470e+00 9.984858e-01 5.078898e-02 2.113736e-02 2.146828e+01
1.745468e-02 5.213882e-02 -9.984874e-01 -8.475591e+01 -4.879189e-02 9.974941e-01 5.123401e-02 4.169267e+00 9.986566e-01 4.782380e-02 1.995492e-02 2.151202e+01
1.710796e-02 5.372075e-02 -9.984095e-01 -8.592731e+01 -4.772524e-02 9.974613e-01 5.285195e-02 4.203773e+00 9.987140e-01 4.674514e-02 1.962835e-02 2.154919e+01
1.833934e-02 5.728941e-02 -9.981892e-01 -8.715567e+01 -4.971976e-02 9.971741e-01 5.631767e-02 4.228162e+00 9.985949e-01 4.859689e-02 2.113593e-02 2.155906e+01
1.733792e-02 5.917060e-02 -9.980974e-01 -8.834401e+01 -4.965314e-02 9.970666e-01 5.824697e-02 4.278041e+00 9.986160e-01 4.854878e-02 2.022505e-02 2.159120e+01
1.625520e-02 5.955205e-02 -9.980929e-01 -8.952049e+01 -5.085150e-02 9.969822e-01 5.865760e-02 4.320473e+00 9.985740e-01 4.980103e-02 1.923442e-02 2.162280e+01
1.620966e-02 5.736551e-02 -9.982216e-01 -9.071651e+01 -4.944185e-02 9.971775e-01 5.650265e-02 4.366735e+00 9.986454e-01 4.843804e-02 1.900017e-02 2.163156e+01
1.360941e-02 5.625315e-02 -9.983239e-01 -9.185300e+01 -4.752816e-02 9.973241e-01 5.554890e-02 4.404267e+00 9.987773e-01 4.669250e-02 1.624656e-02 2.167564e+01
1.314998e-02 5.695928e-02 -9.982900e-01 -9.304871e+01 -4.467295e-02 9.974128e-01 5.632078e-02 4.455182e+00 9.989153e-01 4.385593e-02 1.566052e-02 2.169271e+01
1.382470e-02 5.949503e-02 -9.981329e-01 -9.425381e+01 -4.054263e-02 9.974407e-01 5.889224e-02 4.511048e+00 9.990821e-01 3.965276e-02 1.620138e-02 2.171349e+01
1.427454e-02 6.168073e-02 -9.979939e-01 -9.538317e+01 -3.952674e-02 9.973502e-01 6.107559e-02 4.560695e+00 9.991165e-01 3.857561e-02 1.667476e-02 2.173495e+01
1.382959e-02 6.255784e-02 -9.979455e-01 -9.655563e+01 -4.019953e-02 9.972689e-01 6.195834e-02 4.617324e+00 9.990960e-01 3.926009e-02 1.630658e-02 2.175840e+01
1.297051e-02 6.458573e-02 -9.978279e-01 -9.767190e+01 -4.253510e-02 9.970441e-01 6.398209e-02 4.657351e+00 9.990109e-01 4.161282e-02 1.567936e-02 2.175821e+01
1.395875e-02 6.405812e-02 -9.978486e-01 -9.890585e+01 -4.510297e-02 9.969704e-01 6.337079e-02 4.715786e+00 9.988849e-01 4.412134e-02 1.680565e-02 2.178731e+01
1.545066e-02 6.007745e-02 -9.980743e-01 -1.001048e+02 -4.652070e-02 9.971555e-01 5.930199e-02 4.768049e+00 9.987980e-01 4.551484e-02 1.820159e-02 2.178167e+01
1.514184e-02 5.838068e-02 -9.981796e-01 -1.012735e+02 -4.762964e-02 9.972029e-01 5.760104e-02 4.815252e+00 9.987503e-01 4.667074e-02 1.788014e-02 2.180866e+01
1.400179e-02 5.601541e-02 -9.983318e-01 -1.024537e+02 -4.767149e-02 9.973316e-01 5.529069e-02 4.871005e+00 9.987650e-01 4.681779e-02 1.663476e-02 2.184514e+01
1.340085e-02 5.552785e-02 -9.983674e-01 -1.036255e+02 -4.534156e-02 9.974635e-01 5.486897e-02 4.930380e+00 9.988818e-01 4.453223e-02 1.588458e-02 2.187491e+01
1.303715e-02 5.752841e-02 -9.982588e-01 -1.048256e+02 -4.533302e-02 9.973511e-01 5.688405e-02 4.977116e+00 9.988869e-01 4.451247e-02 1.561052e-02 2.188782e+01
1.433021e-02 5.804421e-02 -9.982111e-01 -1.061134e+02 -4.390133e-02 9.973875e-01 5.736608e-02 5.051177e+00 9.989331e-01 4.300073e-02 1.684099e-02 2.191668e+01
1.209176e-02 5.681993e-02 -9.983112e-01 -1.073118e+02 -4.712366e-02 9.973073e-01 5.619203e-02 5.102650e+00 9.988159e-01 4.636462e-02 1.473677e-02 2.195885e+01
1.054186e-02 5.878190e-02 -9.982153e-01 -1.085150e+02 -5.225513e-02 9.969390e-01 5.815489e-02 5.148776e+00 9.985783e-01 5.154879e-02 1.358128e-02 2.197012e+01
9.609520e-03 5.693535e-02 -9.983316e-01 -1.096830e+02 -5.363254e-02 9.969700e-01 5.634145e-02 5.204824e+00 9.985145e-01 5.300164e-02 1.263404e-02 2.195508e+01
1.023585e-02 5.343831e-02 -9.985186e-01 -1.109169e+02 -5.492595e-02 9.970935e-01 5.279900e-02 5.253479e+00 9.984379e-01 5.430415e-02 1.314127e-02 2.194382e+01
9.718478e-03 4.940357e-02 -9.987316e-01 -1.120933e+02 -5.362027e-02 9.973676e-01 4.881433e-02 5.299302e+00 9.985141e-01 5.307785e-02 1.234192e-02 2.195936e+01
1.190066e-02 4.783662e-02 -9.987844e-01 -1.133298e+02 -4.911140e-02 9.976775e-01 4.719844e-02 5.353174e+00 9.987225e-01 4.849000e-02 1.422232e-02 2.190230e+01
1.181597e-02 4.677755e-02 -9.988354e-01 -1.145785e+02 -4.426110e-02 9.979506e-01 4.621251e-02 5.399179e+00 9.989501e-01 4.366351e-02 1.386219e-02 2.192452e+01
1.082736e-02 4.829630e-02 -9.987745e-01 -1.158333e+02 -4.338725e-02 9.979149e-01 4.778439e-02 5.445435e+00 9.989998e-01 4.281669e-02 1.290023e-02 2.195928e+01
9.787738e-03 5.204227e-02 -9.985971e-01 -1.170639e+02 -4.301286e-02 9.977424e-01 5.157613e-02 5.482434e+00 9.990267e-01 4.244769e-02 1.200414e-02 2.197621e+01
9.137094e-03 5.153195e-02 -9.986296e-01 -1.182472e+02 -4.101371e-02 9.978502e-01 5.111647e-02 5.537622e+00 9.991168e-01 4.049045e-02 1.123101e-02 2.196457e+01
8.945465e-03 4.683373e-02 -9.988626e-01 -1.194903e+02 -4.028521e-02 9.981086e-01 4.643760e-02 5.588344e+00 9.991481e-01 3.982399e-02 1.081526e-02 2.195754e+01
7.151663e-03 4.304598e-02 -9.990475e-01 -1.207794e+02 -3.977791e-02 9.982945e-01 4.272879e-02 5.628154e+00 9.991829e-01 3.943444e-02 8.851767e-03 2.198945e+01
7.482767e-03 4.178649e-02 -9.990985e-01 -1.220534e+02 -3.947835e-02 9.983599e-01 4.145993e-02 5.666557e+00 9.991924e-01 3.913253e-02 9.120107e-03 2.197897e+01
6.303549e-03 4.286494e-02 -9.990610e-01 -1.233020e+02 -4.189714e-02 9.982148e-01 4.256429e-02 5.703216e+00 9.991021e-01 4.158949e-02 8.088231e-03 2.198581e+01
4.516363e-03 4.706113e-02 -9.988818e-01 -1.245351e+02 -4.643048e-02 9.978245e-01 4.680140e-02 5.737543e+00 9.989113e-01 4.616719e-02 6.691575e-03 2.200472e+01
3.850818e-03 5.013439e-02 -9.987350e-01 -1.258382e+02 -5.228990e-02 9.973862e-01 4.986507e-02 5.779717e+00 9.986245e-01 5.203173e-02 6.462276e-03 2.199920e+01
4.871309e-03 4.996653e-02 -9.987391e-01 -1.271432e+02 -5.897585e-02 9.970267e-01 4.959321e-02 5.831316e+00 9.982476e-01 5.865989e-02 7.803679e-03 2.197336e+01
5.985796e-03 4.809568e-02 -9.988250e-01 -1.284245e+02 -6.356023e-02 9.968413e-01 4.761925e-02 5.869885e+00 9.979602e-01 6.320049e-02 9.023905e-03 2.196437e+01
4.535079e-03 4.609085e-02 -9.989271e-01 -1.296683e+02 -6.584325e-02 9.967833e-01 4.569300e-02 5.911864e+00 9.978198e-01 6.556538e-02 7.555246e-03 2.196008e+01
3.654420e-03 4.491143e-02 -9.989845e-01 -1.309540e+02 -6.412715e-02 9.969453e-01 4.458516e-02 5.957873e+00 9.979352e-01 6.389908e-02 6.523311e-03 2.197141e+01
2.613723e-03 4.377570e-02 -9.990380e-01 -1.322082e+02 -6.129212e-02 9.971700e-01 4.353350e-02 5.989718e+00 9.981165e-01 6.111937e-02 5.289435e-03 2.197756e+01
2.767622e-03 4.338178e-02 -9.990547e-01 -1.335146e+02 -5.943558e-02 9.972995e-01 4.314091e-02 6.042946e+00 9.982283e-01 5.926000e-02 5.338550e-03 2.196635e+01
7.370710e-04 4.779158e-02 -9.988571e-01 -1.347647e+02 -5.900639e-02 9.971190e-01 4.766488e-02 6.082532e+00 9.982574e-01 5.890381e-02 3.555000e-03 2.198263e+01
-4.703999e-04 5.151484e-02 -9.986721e-01 -1.360887e+02 -5.747380e-02 9.970201e-01 5.145669e-02 6.125630e+00 9.983469e-01 5.742169e-02 2.491772e-03 2.200574e+01
-1.669288e-03 5.030070e-02 -9.987327e-01 -1.373642e+02 -5.794952e-02 9.970509e-01 5.031285e-02 6.163899e+00 9.983181e-01 5.796007e-02 1.250565e-03 2.202255e+01
-1.826763e-03 4.924694e-02 -9.987850e-01 -1.386097e+02 -5.770884e-02 9.971169e-01 4.927024e-02 6.198015e+00 9.983318e-01 5.772872e-02 1.020491e-03 2.201508e+01
-6.664991e-04 4.885287e-02 -9.988058e-01 -1.398923e+02 -5.692030e-02 9.971848e-01 4.881157e-02 6.232298e+00 9.983786e-01 5.688486e-02 2.116024e-03 2.201169e+01
-4.903078e-04 4.900647e-02 -9.987985e-01 -1.411535e+02 -5.743454e-02 9.971483e-01 4.895369e-02 6.263399e+00 9.983493e-01 5.738952e-02 2.325714e-03 2.200277e+01
-9.298325e-05 5.089309e-02 -9.987041e-01 -1.424083e+02 -5.663263e-02 9.971010e-01 5.081667e-02 6.307301e+00 9.983951e-01 5.656396e-02 2.789497e-03 2.199286e+01
3.690720e-04 5.432151e-02 -9.985236e-01 -1.436672e+02 -5.603991e-02 9.969555e-01 5.421548e-02 6.346386e+00 9.984286e-01 5.593715e-02 3.412127e-03 2.198614e+01
1.013935e-03 5.594310e-02 -9.984335e-01 -1.448981e+02 -5.769457e-02 9.967741e-01 5.579153e-02 6.378051e+00 9.983338e-01 5.754762e-02 4.238248e-03 2.196582e+01
4.202724e-04 5.313663e-02 -9.985872e-01 -1.461465e+02 -5.854559e-02 9.968757e-01 5.302092e-02 6.426330e+00 9.982847e-01 5.844059e-02 3.529906e-03 2.198259e+01
1.392424e-03 5.002503e-02 -9.987471e-01 -1.474343e+02 -5.746277e-02 9.971017e-01 4.986250e-02 6.474158e+00 9.983467e-01 5.732134e-02 4.262984e-03 2.196153e+01
1.294076e-03 4.783411e-02 -9.988545e-01 -1.486985e+02 -5.469034e-02 9.973637e-01 4.769186e-02 6.514830e+00 9.985026e-01 5.456597e-02 3.906727e-03 2.195463e+01
5.924106e-04 4.768138e-02 -9.988624e-01 -1.499397e+02 -5.506487e-02 9.973487e-01 4.757646e-02 6.545504e+00 9.984826e-01 5.497404e-02 3.216445e-03 2.194143e+01
-3.457069e-04 4.717407e-02 -9.988868e-01 -1.511607e+02 -5.269331e-02 9.974981e-01 4.712673e-02 6.593501e+00 9.986109e-01 5.265093e-02 2.140880e-03 2.195183e+01
-6.006956e-04 4.468866e-02 -9.990009e-01 -1.524898e+02 -5.156346e-02 9.976707e-01 4.466016e-02 6.644263e+00 9.986697e-01 5.153875e-02 1.704991e-03 2.195940e+01
-7.395744e-04 4.432677e-02 -9.990168e-01 -1.537849e+02 -5.102143e-02 9.977142e-01 4.430674e-02 6.680086e+00 9.986973e-01 5.100403e-02 1.523733e-03 2.193548e+01
-1.266599e-03 4.643890e-02 -9.989203e-01 -1.550555e+02 -4.801252e-02 9.977663e-01 4.644613e-02 6.718463e+00 9.988459e-01 4.801951e-02 9.658933e-04 2.192509e+01
-2.266526e-03 4.732630e-02 -9.988769e-01 -1.563089e+02 -4.456972e-02 9.978821e-01 4.738030e-02 6.760410e+00 9.990037e-01 4.462706e-02 -1.524687e-04 2.192529e+01
-3.381491e-03 4.616205e-02 -9.989282e-01 -1.575817e+02 -4.334268e-02 9.979885e-01 4.626534e-02 6.793745e+00 9.990546e-01 4.345267e-02 -1.373887e-03 2.193928e+01
-4.147649e-03 4.616939e-02 -9.989250e-01 -1.588387e+02 -4.502430e-02 9.979119e-01 4.630951e-02 6.830603e+00 9.989773e-01 4.516798e-02 -2.060294e-03 2.192490e+01
-4.229665e-03 5.017786e-02 -9.987314e-01 -1.600525e+02 -4.702511e-02 9.976254e-01 5.032144e-02 6.871381e+00 9.988848e-01 4.717829e-02 -1.860023e-03 2.190106e+01
-3.922462e-03 5.692304e-02 -9.983710e-01 -1.613702e+02 -5.158560e-02 9.970378e-01 5.704969e-02 6.919510e+00 9.986610e-01 5.172532e-02 -9.744167e-04 2.189691e+01
-2.617717e-03 5.691732e-02 -9.983755e-01 -1.625562e+02 -5.839461e-02 9.966665e-01 5.697300e-02 6.957914e+00 9.982902e-01 5.844889e-02 7.146597e-04 2.183720e+01
-1.654387e-03 5.369860e-02 -9.985558e-01 -1.637767e+02 -6.222673e-02 9.966165e-01 5.369740e-02 7.002459e+00 9.980606e-01 6.222569e-02 1.692712e-03 2.181468e+01
1.797676e-04 4.872539e-02 -9.988123e-01 -1.650277e+02 -6.310495e-02 9.968221e-01 4.861694e-02 7.034484e+00 9.980070e-01 6.302125e-02 3.253996e-03 2.179071e+01
4.681945e-04 4.717466e-02 -9.988865e-01 -1.662722e+02 -6.475722e-02 9.967915e-01 4.704536e-02 7.067206e+00 9.979009e-01 6.466309e-02 3.521621e-03 2.179910e+01
2.518475e-03 4.289768e-02 -9.990763e-01 -1.674589e+02 -6.026536e-02 9.972700e-01 4.266820e-02 7.102972e+00 9.981793e-01 6.010224e-02 5.096853e-03 2.178618e+01
2.493858e-04 3.825141e-02 -9.992681e-01 -1.687161e+02 -5.611039e-02 9.976944e-01 3.817717e-02 7.152412e+00 9.984245e-01 5.605980e-02 2.395093e-03 2.183544e+01
1.885295e-04 3.476987e-02 -9.993955e-01 -1.698863e+02 -5.078135e-02 9.981062e-01 3.471543e-02 7.172398e+00 9.987099e-01 5.074410e-02 1.953840e-03 2.179993e+01
-9.744167e-04 3.720937e-02 -9.993072e-01 -1.711425e+02 -4.751898e-02 9.981769e-01 3.721362e-02 7.203354e+00 9.988700e-01 4.752231e-02 7.954836e-04 2.179925e+01
-1.543880e-03 4.408928e-02 -9.990264e-01 -1.724786e+02 -4.601805e-02 9.979661e-01 4.411361e-02 7.224163e+00 9.989394e-01 4.604136e-02 4.881024e-04 2.183605e+01
-4.818439e-04 4.733524e-02 -9.988790e-01 -1.736775e+02 -4.816967e-02 9.977185e-01 4.730349e-02 7.254835e+00 9.988391e-01 4.813846e-02 1.799405e-03 2.182330e+01
1.292706e-03 4.430472e-02 -9.990174e-01 -1.749025e+02 -5.055241e-02 9.977436e-01 4.418282e-02 7.280021e+00 9.987207e-01 5.044561e-02 3.529489e-03 2.181003e+01
1.488268e-03 4.357592e-02 -9.990491e-01 -1.761445e+02 -5.405140e-02 9.975932e-01 4.343190e-02 7.332545e+00 9.985372e-01 5.393536e-02 3.840029e-03 2.181463e+01
2.173185e-03 4.327134e-02 -9.990610e-01 -1.773804e+02 -5.182466e-02 9.977257e-01 4.310078e-02 7.373109e+00 9.986538e-01 5.168233e-02 4.410803e-03 2.181845e+01
1.565635e-03 4.194875e-02 -9.991185e-01 -1.786147e+02 -5.257855e-02 9.977412e-01 4.180854e-02 7.404598e+00 9.986156e-01 5.246675e-02 3.767669e-03 2.183590e+01
1.643360e-03 4.014252e-02 -9.991928e-01 -1.797359e+02 -5.067470e-02 9.979135e-01 4.000778e-02 7.428944e+00 9.987140e-01 5.056803e-02 3.674150e-03 2.186622e+01
4.271269e-03 4.222395e-02 -9.990991e-01 -1.809319e+02 -5.359963e-02 9.976816e-01 4.193490e-02 7.452803e+00 9.985534e-01 5.337223e-02 6.524563e-03 2.184500e+01
6.313503e-03 4.341839e-02 -9.990370e-01 -1.820441e+02 -5.499484e-02 9.975600e-01 4.300665e-02 7.478718e+00 9.984667e-01 5.467037e-02 8.685887e-03 2.183324e+01
6.974101e-03 4.445594e-02 -9.989871e-01 -1.831864e+02 -5.500624e-02 9.975158e-01 4.400645e-02 7.512496e+00 9.984617e-01 5.464361e-02 9.402156e-03 2.184061e+01
8.319020e-03 4.585626e-02 -9.989134e-01 -1.842536e+02 -5.509290e-02 9.974517e-01 4.533034e-02 7.526869e+00 9.984466e-01 5.465594e-02 1.082414e-02 2.181955e+01
9.488523e-03 4.722443e-02 -9.988394e-01 -1.853223e+02 -5.445062e-02 9.974266e-01 4.664037e-02 7.541781e+00 9.984716e-01 5.394486e-02 1.203549e-02 2.179315e+01
1.071870e-02 4.627380e-02 -9.988713e-01 -1.863249e+02 -5.429910e-02 9.974817e-01 4.562676e-02 7.559967e+00 9.984672e-01 5.374875e-02 1.320434e-02 2.178587e+01
1.195455e-02 4.577252e-02 -9.988803e-01 -1.873103e+02 -5.473858e-02 9.974838e-01 4.505342e-02 7.586759e+00 9.984291e-01 5.413871e-02 1.442999e-02 2.178948e+01
1.469165e-02 4.743075e-02 -9.987665e-01 -1.885205e+02 -5.442049e-02 9.974317e-01 4.656684e-02 7.607087e+00 9.984100e-01 5.366921e-02 1.723510e-02 2.180980e+01
1.484722e-02 4.494853e-02 -9.988791e-01 -1.895279e+02 -5.304380e-02 9.976178e-01 4.410333e-02 7.638843e+00 9.984820e-01 5.232951e-02 1.719606e-02 2.181393e+01
1.121348e-02 4.220053e-02 -9.990463e-01 -1.905452e+02 -4.907996e-02 9.979280e-01 4.160241e-02 7.656959e+00 9.987320e-01 4.856664e-02 1.326144e-02 2.183902e+01
6.711543e-03 3.771488e-02 -9.992661e-01 -1.914961e+02 -4.784410e-02 9.981562e-01 3.735164e-02 7.687814e+00 9.988323e-01 4.755830e-02 8.503616e-03 2.183436e+01
2.664387e-03 3.456348e-02 -9.993990e-01 -1.924375e+02 -4.877853e-02 9.982173e-01 3.439257e-02 7.705664e+00 9.988061e-01 4.865757e-02 4.345596e-03 2.180334e+01
-2.718925e-03 3.396504e-02 -9.994193e-01 -1.934703e+02 -4.985767e-02 9.981754e-01 3.405840e-02 7.723426e+00 9.987527e-01 4.992132e-02 -1.020551e-03 2.185000e+01
-6.527066e-03 3.434524e-02 -9.993887e-01 -1.944050e+02 -5.197041e-02 9.980477e-01 3.463858e-02 7.737342e+00 9.986272e-01 5.216474e-02 -4.729390e-03 2.185300e+01
-9.541035e-03 3.584707e-02 -9.993117e-01 -1.953432e+02 -5.107583e-02 9.980353e-01 3.628892e-02 7.754301e+00 9.986492e-01 5.138692e-02 -7.691383e-03 2.187664e+01
-1.177204e-02 3.761774e-02 -9.992229e-01 -1.962544e+02 -4.892539e-02 9.980736e-01 3.815086e-02 7.769302e+00 9.987331e-01 4.933648e-02 -9.908915e-03 2.187154e+01
-1.410472e-02 3.772381e-02 -9.991888e-01 -1.972012e+02 -4.724250e-02 9.981470e-01 3.835135e-02 7.799010e+00 9.987840e-01 4.774509e-02 -1.229644e-02 2.188997e+01
-1.524329e-02 3.650656e-02 -9.992172e-01 -1.981055e+02 -4.845369e-02 9.981322e-01 3.720610e-02 7.815868e+00 9.987091e-01 4.898290e-02 -1.344585e-02 2.187350e+01
-1.651061e-02 3.513543e-02 -9.992464e-01 -1.990157e+02 -5.020086e-02 9.980928e-01 3.592434e-02 7.833780e+00 9.986028e-01 5.075615e-02 -1.471531e-02 2.186966e+01
-1.505888e-02 3.408154e-02 -9.993056e-01 -1.999220e+02 -5.406468e-02 9.979291e-01 3.484932e-02 7.851879e+00 9.984239e-01 5.455193e-02 -1.318514e-02 2.182533e+01
-1.364338e-02 3.241253e-02 -9.993815e-01 -2.008731e+02 -5.748403e-02 9.977961e-01 3.314587e-02 7.871742e+00 9.982532e-01 5.790070e-02 -1.175010e-02 2.179866e+01
-1.193929e-02 2.946663e-02 -9.994945e-01 -2.017842e+02 -5.758746e-02 9.978864e-01 3.010712e-02 7.888169e+00 9.982691e-01 5.791780e-02 -1.021719e-02 2.176690e+01
-9.837389e-03 2.684685e-02 -9.995911e-01 -2.026875e+02 -5.665496e-02 9.980188e-01 2.736219e-02 7.900285e+00 9.983453e-01 5.690097e-02 -8.296847e-03 2.172483e+01
