1.000000e+00 0.000000e+00 0.000000e+00 0.000000e+00 0.000000e+00 1.000000e+00 0.000000e+00 0.000000e+00 0.000000e+00 0.000000e+00 1.000000e+00 0.000000e+00
9.999478e-01 3.379581e-03 -9.639394e-03 6.316555e-02 -3.411228e-03 9.999889e-01 -3.268472e-03 4.986885e-02 9.628240e-03 3.301184e-03 9.999482e-01 -1.748623e-01
9.999993e-01 5.203069e-04 1.079360e-03 5.110306e-02 -5.195419e-04 9.999996e-01 -7.088769e-04 2.682452e-03 -1.079729e-03 7.083156e-04 9.999992e-01 1.429676e-01
9.999683e-01 -4.169856e-04 7.943250e-03 3.222961e-03 4.300629e-04 9.999986e-01 -1.644708e-03 1.884058e-02 -7.942553e-03 1.648072e-03 9.999671e-01 4.577403e-01
9.999489e-01 -6.029848e-03 8.109408e-03 1.113751e-01 6.078548e-03 9.999636e-01 -5.994234e-03 4.857993e-02 -8.072969e-03 6.043221e-03 9.999492e-01 7.911648e-01
9.999108e-01 -8.282455e-03 1.047244e-02 8.009988e-03 8.378181e-03 9.999232e-01 -9.130134e-03 4.456210e-02 -1.039602e-02 9.217060e-03 9.999035e-01 1.250758e+00
9.999614e-01 -8.500603e-03 2.196599e-03 7.178146e-02 8.519808e-03 9.999242e-01 -8.886707e-03 1.946676e-02 -2.120891e-03 8.905079e-03 9.999581e-01 1.554964e+00
9.999099e-01 -1.257709e-02 -4.688863e-03 -1.754119e-01 1.252102e-02 9.998519e-01 -1.180091e-02 2.065578e-02 4.836590e-03 1.174114e-02 9.999194e-01 1.855179e+00
9.997590e-01 -5.192976e-03 -2.132953e-02 -2.967983e-01 5.052816e-03 9.999653e-01 -6.619842e-03 -6.379054e-02 2.136316e-02 6.510473e-03 9.997506e-01 2.112383e+00
9.992648e-01 -8.194319e-03 -3.745108e-02 -4.866550e-01 7.893727e-03 9.999355e-01 -8.167102e-03 -9.981620e-02 3.751559e-02 7.865470e-03 9.992651e-01 2.448785e+00
9.986280e-01 -2.349597e-03 -5.231204e-02 -6.280295e-01 1.498295e-03 9.998659e-01 -1.630680e-02 4.186218e-02 5.234334e-02 1.620605e-02 9.984977e-01 2.894363e+00
9.972827e-01 -8.253925e-03 -7.320619e-02 -6.163074e-01 7.380790e-03 9.998985e-01 -1.218958e-02 -5.218137e-02 7.329936e-02 1.161614e-02 9.972423e-01 3.289909e+00
9.957898e-01 -4.528560e-03 -9.155446e-02 -6.855107e-01 3.256247e-03 9.998961e-01 -1.404139e-02 -1.676529e-02 9.160854e-02 1.368415e-02 9.957011e-01 3.688347e+00
9.939031e-01 -5.908815e-03 -1.100987e-01 -7.177058e-01 4.275378e-03 9.998773e-01 -1.506628e-02 -1.672861e-02 1.101742e-01 1.450371e-02 9.938065e-01 4.090905e+00
9.919568e-01 -5.402650e-03 -1.264618e-01 -8.800942e-01 3.746960e-03 9.999042e-01 -1.332663e-02 -8.398618e-02 1.265216e-01 1.274560e-02 9.918820e-01 4.615880e+00
9.895629e-01 -1.298618e-03 -1.440955e-01 -9.009406e-01 -1.251541e-03 9.998443e-01 -1.760565e-02 -4.612151e-03 1.440959e-01 1.760225e-02 9.894072e-01 5.018717e+00
9.873405e-01 -8.825731e-04 -1.586124e-01 -9.727650e-01 -1.614349e-03 9.998768e-01 -1.561275e-02 -3.444330e-02 1.586067e-01 1.567116e-02 9.872175e-01 5.403223e+00
9.852971e-01 3.246502e-04 -1.708493e-01 -1.054945e+00 -3.548454e-03 9.998214e-01 -1.856425e-02 -2.022472e-02 1.708128e-01 1.889756e-02 9.851223e-01 5.862477e+00
9.834890e-01 -3.582517e-03 -1.809322e-01 -1.114841e+00 -2.345050e-04 9.997780e-01 -2.107062e-02 -3.226397e-02 1.809675e-01 2.076516e-02 9.832698e-01 6.276175e+00
9.816663e-01 -4.273233e-03 -1.905596e-01 -1.149125e+00 -1.549188e-04 9.997305e-01 -2.321668e-02 -3.360175e-02 1.906074e-01 2.282055e-02 9.814010e-01 6.727939e+00
9.804991e-01 -2.459206e-03 -1.965078e-01 -1.281076e+00 -2.097992e-03 9.997337e-01 -2.297940e-02 -6.618261e-02 1.965120e-01 2.294355e-02 9.802330e-01 7.210927e+00
9.787604e-01 -2.341448e-03 -2.049945e-01 -1.376052e+00 -3.377266e-03 9.996150e-01 -2.754260e-02 -6.566755e-02 2.049800e-01 2.764993e-02 9.783756e-01 7.695539e+00
9.772016e-01 -6.330461e-03 -2.122191e-01 -1.477398e+00 2.725373e-04 9.995919e-01 -2.856272e-02 -7.955097e-02 2.123133e-01 2.785369e-02 9.768046e-01 8.162619e+00
9.753854e-01 -1.370383e-02 -2.200807e-01 -1.595293e+00 7.163148e-03 9.995094e-01 -3.049008e-02 -9.889912e-02 2.203905e-01 2.816311e-02 9.750050e-01 8.666313e+00
9.732224e-01 -1.329531e-02 -2.294806e-01 -1.700149e+00 5.963095e-03 9.994502e-01 -3.261532e-02 -1.185867e-01 2.297880e-01 3.037354e-02 9.727666e-01 9.194039e+00
9.714180e-01 -1.071088e-02 -2.371337e-01 -1.849537e+00 2.025148e-03 9.993191e-01 -3.684134e-02 -1.426960e-01 2.373669e-01 3.530811e-02 9.707782e-01 9.737209e+00
9.696087e-01 -6.507905e-03 -2.445743e-01 -2.036224e+00 -3.288388e-03 9.992092e-01 -3.962480e-02 -1.603164e-01 2.446388e-01 3.922481e-02 9.688206e-01 1.027265e+01
9.674430e-01 -1.104051e-02 -2.528481e-01 -2.195213e+00 4.966840e-04 9.991289e-01 -4.172617e-02 -1.897939e-01 2.530886e-01 4.024210e-02 9.666058e-01 1.084254e+01
9.654223e-01 -1.188381e-02 -2.604201e-01 -2.356880e+00 3.526689e-04 9.990190e-01 -4.428107e-02 -2.131999e-01 2.606908e-01 4.265809e-02 9.644794e-01 1.142668e+01
9.633213e-01 -1.210935e-02 -2.680771e-01 -2.563019e+00 -4.084281e-04 9.989140e-01 -4.658975e-02 -2.497313e-01 2.683502e-01 4.499040e-02 9.622703e-01 1.205648e+01
9.612757e-01 -1.090261e-02 -2.753727e-01 -2.730249e+00 -2.958381e-03 9.987513e-01 -4.986994e-02 -2.722109e-01 2.755725e-01 4.875342e-02 9.600432e-01 1.255568e+01
9.584939e-01 -1.366249e-02 -2.847853e-01 -2.855358e+00 -2.355397e-03 9.984376e-01 -5.582723e-02 -3.058327e-01 2.851031e-01 5.418085e-02 9.569643e-01 1.316479e+01
9.570217e-01 -1.507347e-02 -2.896243e-01 -3.070508e+00 -3.373155e-03 9.980024e-01 -6.308705e-02 -3.458984e-01 2.899967e-01 6.135263e-02 9.550591e-01 1.375258e+01
9.557968e-01 -1.419783e-02 -2.936850e-01 -3.280446e+00 -7.042294e-03 9.974415e-01 -7.113919e-02 -3.804452e-01 2.939436e-01 7.006283e-02 9.532515e-01 1.433581e+01
9.540261e-01 -1.421217e-02 -2.993864e-01 -3.426004e+00 -1.019156e-02 9.967593e-01 -7.979363e-02 -4.310541e-01 2.995503e-01 7.917642e-02 9.507895e-01 1.500563e+01
9.529766e-01 -1.274457e-02 -3.027759e-01 -3.687295e+00 -1.455360e-02 9.960377e-01 -8.773262e-02 -5.010102e-01 3.026943e-01 8.801361e-02 9.490151e-01 1.571648e+01
9.511414e-01 -1.221772e-02 -3.085139e-01 -3.849833e+00 -1.813167e-02 9.952821e-01 -9.531452e-02 -5.600626e-01 3.082229e-01 9.625146e-02 9.464324e-01 1.639436e+01
9.496941e-01 -9.946023e-03 -3.130211e-01 -4.081289e+00 -2.328125e-02 9.944879e-01 -1.022336e-01 -6.302987e-01 3.123125e-01 1.043781e-01 9.442278e-01 1.707006e+01
9.478397e-01 -1.137586e-02 -3.185442e-01 -4.301787e+00 -2.453012e-02 9.937959e-01 -1.084807e-01 -7.074576e-01 3.178020e-01 1.106363e-01 9.416801e-01 1.775506e+01
9.461813e-01 -8.531086e-03 -3.235247e-01 -4.570710e+00 -2.981660e-02 9.931031e-01 -1.133891e-01 -7.922064e-01 3.222607e-01 1.169330e-01 9.394013e-01 1.844837e+01
9.452423e-01 -3.624825e-03 -3.263494e-01 -4.862357e+00 -3.693179e-02 9.923276e-01 -1.179917e-01 -8.571876e-01 3.242732e-01 1.235834e-01 9.378561e-01 1.917583e+01
9.435042e-01 -2.049942e-03 -3.313541e-01 -5.115554e+00 -4.004773e-02 9.919453e-01 -1.201694e-01 -9.348392e-01 3.289315e-01 1.266503e-01 9.358225e-01 1.987402e+01
9.416265e-01 -1.385898e-03 -3.366566e-01 -5.404873e+00 -4.140795e-02 9.919219e-01 -1.199012e-01 -1.031993e+00 3.341032e-01 1.268424e-01 9.339626e-01 2.060215e+01
9.398555e-01 -1.575493e-03 -3.415686e-01 -5.709542e+00 -4.136629e-02 9.921041e-01 -1.183990e-01 -1.129561e+00 3.390582e-01 1.254074e-01 9.323693e-01 2.134369e+01
9.370194e-01 -2.361919e-03 -3.492694e-01 -5.990429e+00 -4.116089e-02 9.922625e-01 -1.171365e-01 -1.222406e+00 3.468435e-01 1.241355e-01 9.296719e-01 2.210680e+01
9.341424e-01 -1.403608e-03 -3.568978e-01 -6.303853e+00 -4.220894e-02 9.925399e-01 -1.143809e-01 -1.309344e+00 3.543958e-01 1.219124e-01 9.271144e-01 2.282507e+01
9.309332e-01 -6.333642e-04 -3.651891e-01 -6.597101e+00 -4.207436e-02 9.931534e-01 -1.089777e-01 -1.403658e+00 3.627578e-01 1.168160e-01 9.245328e-01 2.357269e+01
9.278435e-01 4.292038e-03 -3.729451e-01 -6.956605e+00 -4.618247e-02 9.935607e-01 -1.034622e-01 -1.495023e+00 3.700995e-01 1.132202e-01 9.220670e-01 2.433780e+01
9.242404e-01 8.226674e-03 -3.817226e-01 -7.312446e+00 -4.979162e-02 9.938271e-01 -9.913883e-02 -1.596252e+00 3.785506e-01 1.106347e-01 9.189447e-01 2.517705e+01
9.207374e-01 7.982388e-03 -3.901011e-01 -7.661009e+00 -5.019611e-02 9.939061e-01 -9.813786e-02 -1.671839e+00 3.869405e-01 1.099408e-01 9.155272e-01 2.589634e+01
9.166371e-01 7.681495e-03 -3.996467e-01 -7.989384e+00 -5.094500e-02 9.939067e-01 -9.774479e-02 -1.753928e+00 3.964607e-01 1.099565e-01 9.114431e-01 2.663602e+01
9.130369e-01 7.534820e-03 -4.078074e-01 -8.389248e+00 -5.125550e-02 9.940231e-01 -9.638955e-02 -1.841858e+00 4.046437e-01 1.089096e-01 9.079660e-01 2.743303e+01
9.090087e-01 7.478516e-03 -4.167099e-01 -8.766644e+00 -5.149589e-02 9.941930e-01 -9.449048e-02 -1.929659e+00 4.135835e-01 1.073515e-01 9.041153e-01 2.823382e+01
9.049560e-01 5.047468e-03 -4.254751e-01 -9.169823e+00 -4.929969e-02 9.944392e-01 -9.305986e-02 -2.011414e+00 4.226394e-01 1.051909e-01 9.001727e-01 2.908580e+01
9.008136e-01 4.893627e-03 -4.341784e-01 -9.525674e+00 -4.876054e-02 9.947516e-01 -8.995429e-02 -2.092955e+00 4.314595e-01 1.022028e-01 8.963243e-01 2.991565e+01
8.973093e-01 6.518480e-03 -4.413543e-01 -9.979655e+00 -4.883485e-02 9.952187e-01 -8.458660e-02 -2.178713e+00 4.386926e-01 9.745381e-02 8.933373e-01 3.076555e+01
8.931656e-01 7.639749e-03 -4.496631e-01 -1.041035e+01 -4.919545e-02 9.955153e-01 -8.080315e-02 -2.264248e+00 4.470292e-01 9.429197e-02 8.895358e-01 3.166911e+01
8.889228e-01 6.316644e-03 -4.580134e-01 -1.086430e+01 -4.821157e-02 9.956412e-01 -7.983884e-02 -2.349046e+00 4.555127e-01 9.305212e-02 8.853527e-01 3.259528e+01
8.856391e-01 6.104268e-03 -4.643341e-01 -1.134153e+01 -4.818505e-02 9.957241e-01 -7.881479e-02 -2.433810e+00 4.618675e-01 9.217542e-02 8.821463e-01 3.349438e+01
8.822692e-01 4.631751e-03 -4.707224e-01 -1.179378e+01 -4.601334e-02 9.960117e-01 -7.644181e-02 -2.518068e+00 4.684910e-01 8.910177e-02 8.789636e-01 3.436406e+01
8.791819e-01 2.062922e-03 -4.764819e-01 -1.230913e+01 -4.335780e-02 9.961884e-01 -7.568879e-02 -2.602278e+00 4.745096e-01 8.720341e-02 8.759202e-01 3.528663e+01
8.764693e-01 9.701879e-04 -4.814568e-01 -1.281095e+01 -4.292785e-02 9.961725e-01 -7.614074e-02 -2.682105e+00 4.795401e-01 8.740292e-02 8.731564e-01 3.621679e+01
8.735551e-01 -8.590101e-05 -4.867252e-01 -1.330291e+01 -4.249346e-02 9.961682e-01 -7.644138e-02 -2.772573e+00 4.848667e-01 8.745840e-02 8.702042e-01 3.717254e+01
8.718421e-01 -3.430816e-04 -4.897869e-01 -1.382691e+01 -4.299681e-02 9.960855e-01 -7.723392e-02 -2.852686e+00 4.878961e-01 8.839505e-02 8.684145e-01 3.811183e+01
8.700594e-01 -1.714984e-03 -4.929438e-01 -1.429658e+01 -4.155843e-02 9.961787e-01 -7.681755e-02 -2.938910e+00 4.911919e-01 8.732181e-02 8.666634e-01 3.905871e+01
8.694903e-01 -1.243592e-03 -4.939484e-01 -1.477615e+01 -4.196593e-02 9.961953e-01 -7.638010e-02 -3.016456e+00 4.921641e-01 8.714075e-02 8.661299e-01 3.996363e+01
8.693031e-01 -3.431807e-03 -4.942675e-01 -1.531195e+01 -3.880138e-02 9.964162e-01 -7.516107e-02 -3.110879e+00 4.927540e-01 8.451601e-02 8.660545e-01 4.088210e+01
8.683954e-01 -5.977973e-03 -4.958363e-01 -1.582889e+01 -3.654331e-02 9.964368e-01 -7.601444e-02 -3.199997e+00 4.945239e-01 8.413009e-02 8.650827e-01 4.180375e+01
8.673098e-01 -7.411388e-03 -4.977135e-01 -1.636080e+01 -3.582262e-02 9.963672e-01 -7.726087e-02 -3.278373e+00 4.964780e-01 8.483851e-02 8.638935e-01 4.272822e+01
8.657774e-01 -8.330583e-03 -5.003601e-01 -1.687210e+01 -3.411440e-02 9.965529e-01 -7.562023e-02 -3.362824e+00 4.992653e-01 8.253977e-02 8.625088e-01 4.362797e+01
8.637148e-01 -8.699692e-03 -5.039057e-01 -1.743091e+01 -3.181001e-02 9.969164e-01 -7.173494e-02 -3.454746e+00 5.029759e-01 7.798778e-02 8.607748e-01 4.454148e+01
8.614078e-01 -8.598374e-03 -5.078412e-01 -1.797436e+01 -3.048177e-02 9.971793e-01 -6.858709e-02 -3.533397e+00 5.069985e-01 7.456134e-02 8.587160e-01 4.545786e+01
8.580810e-01 -9.617308e-03 -5.134242e-01 -1.855696e+01 -2.872283e-02 9.973605e-01 -6.668644e-02 -3.624078e+00 5.127104e-01 7.196937e-02 8.555399e-01 4.637973e+01
8.533361e-01 -1.234080e-02 -5.212151e-01 -1.914469e+01 -2.770609e-02 9.972338e-01 -6.897204e-02 -3.705559e+00 5.206245e-01 7.329717e-02 8.506336e-01 4.727746e+01
8.479138e-01 -1.643272e-02 -5.298793e-01 -1.972930e+01 -2.530377e-02 9.971257e-01 -7.141420e-02 -3.793232e+00 5.295299e-01 7.396103e-02 8.450609e-01 4.817301e+01
8.423507e-01 -1.684195e-02 -5.386665e-01 -2.034240e+01 -2.601972e-02 9.970750e-01 -7.186343e-02 -3.873499e+00 5.383013e-01 7.455016e-02 8.394486e-01 4.906855e+01
8.358025e-01 -1.411060e-02 -5.488489e-01 -2.088880e+01 -2.668356e-02 9.974443e-01 -6.627820e-02 -3.961254e+00 5.483814e-01 7.004073e-02 8.332899e-01 4.998428e+01
8.301757e-01 -1.009112e-02 -5.574105e-01 -2.151587e+01 -2.926915e-02 9.976684e-01 -6.165318e-02 -4.053882e+00 5.567330e-01 6.749791e-02 8.279447e-01 5.094018e+01
8.245746e-01 -1.116249e-02 -5.656430e-01 -2.208011e+01 -3.053238e-02 9.974703e-01 -6.419328e-02 -4.119368e+00 5.649287e-01 7.020258e-02 8.221479e-01 5.180415e+01
8.207089e-01 -1.239729e-02 -5.712121e-01 -2.267385e+01 -3.242044e-02 9.971432e-01 -6.822268e-02 -4.207996e+00 5.704260e-01 7.450990e-02 8.179624e-01 5.272051e+01
8.202373e-01 -1.299236e-02 -5.718759e-01 -2.343175e+01 -3.548706e-02 9.966606e-01 -7.354180e-02 -4.315046e+00 5.709217e-01 8.061592e-02 8.170370e-01 5.374818e+01
8.154815e-01 -1.587322e-02 -5.785654e-01 -2.400564e+01 -3.434011e-02 9.965359e-01 -7.574245e-02 -4.398099e+00 5.777635e-01 8.163457e-02 8.121116e-01 5.456124e+01
8.121666e-01 -1.402217e-02 -5.832570e-01 -2.466668e+01 -3.494924e-02 9.967465e-01 -7.262865e-02 -4.484232e+00 5.823779e-01 7.937095e-02 8.090342e-01 5.543016e+01
8.084697e-01 -1.188661e-02 -5.884178e-01 -2.527313e+01 -3.478871e-02 9.970827e-01 -6.794076e-02 -4.567215e+00 5.875087e-01 7.539833e-02 8.056976e-01 5.628177e+01
8.050754e-01 -9.851512e-03 -5.930907e-01 -2.587090e+01 -3.624235e-02 9.971771e-01 -6.575982e-02 -4.641887e+00 5.920643e-01 7.443661e-02 8.024458e-01 5.714402e+01
8.022777e-01 -8.956312e-03 -5.968838e-01 -2.652562e+01 -3.817208e-02 9.970714e-01 -6.626867e-02 -4.724136e+00 5.957293e-01 7.595018e-02 7.995862e-01 5.801512e+01
7.983634e-01 -1.096833e-02 -6.020761e-01 -2.719691e+01 -3.682806e-02 9.970731e-01 -6.699885e-02 -4.821313e+00 6.010487e-01 7.566272e-02 7.956228e-01 5.890311e+01
7.947288e-01 -1.373674e-02 -6.068093e-01 -2.789521e+01 -3.609465e-02 9.969050e-01 -6.984020e-02 -4.910124e+00 6.058905e-01 7.740659e-02 7.917733e-01 5.976345e+01
7.905922e-01 -1.539539e-02 -6.121494e-01 -2.859669e+01 -3.548052e-02 9.968526e-01 -7.089373e-02 -4.987608e+00 6.113142e-01 7.776741e-02 7.875577e-01 6.066143e+01
7.862333e-01 -1.582242e-02 -6.177272e-01 -2.930232e+01 -3.530284e-02 9.968892e-01 -7.046715e-02 -5.079252e+00 6.169205e-01 7.721114e-02 7.832289e-01 6.154387e+01
7.815927e-01 -1.544409e-02 -6.235979e-01 -3.001063e+01 -3.638665e-02 9.968625e-01 -7.029397e-02 -5.163263e+00 6.227270e-01 7.763189e-02 7.785785e-01 6.241097e+01
7.766063e-01 -1.596942e-02 -6.297838e-01 -3.072582e+01 -3.731878e-02 9.967570e-01 -7.129373e-02 -5.251588e+00 6.288800e-01 7.886992e-02 7.734918e-01 6.325121e+01
7.709752e-01 -1.826847e-02 -6.366031e-01 -3.142684e+01 -3.641802e-02 9.966882e-01 -7.270679e-02 -5.341369e+00 6.358230e-01 7.923896e-02 7.677566e-01 6.412336e+01
7.653271e-01 -2.042226e-02 -6.433175e-01 -3.217137e+01 -3.548685e-02 9.966373e-01 -7.385568e-02 -5.432212e+00 6.426625e-01 7.935306e-02 7.620289e-01 6.497068e+01
7.594978e-01 -2.280723e-02 -6.501100e-01 -3.289635e+01 -3.386465e-02 9.966438e-01 -7.452710e-02 -5.524887e+00 6.496279e-01 7.861891e-02 7.561764e-01 6.577223e+01
7.545279e-01 -2.395375e-02 -6.558306e-01 -3.369549e+01 -3.544673e-02 9.963874e-01 -7.717352e-02 -5.601392e+00 6.553099e-01 8.147662e-02 7.509530e-01 6.660487e+01
7.476164e-01 -2.587555e-02 -6.636266e-01 -3.444865e+01 -3.434989e-02 9.963967e-01 -7.754791e-02 -5.698929e+00 6.632420e-01 8.077158e-02 7.440336e-01 6.748339e+01
7.413675e-01 -2.640420e-02 -6.705796e-01 -3.524994e+01 -3.359906e-02 9.965122e-01 -7.638371e-02 -5.794053e+00 6.702576e-01 7.915924e-02 7.378947e-01 6.833817e+01
7.346097e-01 -2.822910e-02 -6.779024e-01 -3.603474e+01 -3.190515e-02 9.965916e-01 -7.607395e-02 -5.890207e+00 6.777394e-01 7.751324e-02 7.312052e-01 6.918983e+01
7.284880e-01 -3.055498e-02 -6.843769e-01 -3.685742e+01 -2.999132e-02 9.966245e-01 -7.642011e-02 -5.994884e+00 6.844018e-01 7.619651e-02 7.251126e-01 7.002161e+01
7.223470e-01 -3.283283e-02 -6.907508e-01 -3.760100e+01 -2.941476e-02 9.965094e-01 -7.812642e-02 -6.088175e+00 6.909049e-01 7.675266e-02 7.188599e-01 7.080160e+01
7.174352e-01 -3.172115e-02 -6.959026e-01 -3.844617e+01 -3.124399e-02 9.964923e-01 -7.763359e-02 -6.187256e+00 6.959243e-01 7.743984e-02 7.139276e-01 7.163572e+01
7.123985e-01 -3.213942e-02 -7.010388e-01 -3.925576e+01 -3.138930e-02 9.964917e-01 -7.758253e-02 -6.276752e+00 7.010728e-01 7.727480e-02 7.088904e-01 7.238554e+01
7.083853e-01 -3.145929e-02 -7.051245e-01 -4.009175e+01 -3.306583e-02 9.964303e-01 -7.767472e-02 -6.375875e+00 7.050509e-01 7.833916e-02 7.048164e-01 7.318668e+01
7.037810e-01 -3.201451e-02 -7.096952e-01 -4.091824e+01 -3.326353e-02 9.964034e-01 -7.793431e-02 -6.476316e+00 7.096378e-01 7.845566e-02 7.001849e-01 7.396368e+01
6.991549e-01 -3.342996e-02 -7.141883e-01 -4.175293e+01 -3.384637e-02 9.962388e-01 -7.976619e-02 -6.585078e+00 7.141687e-01 7.994160e-02 6.953937e-01 7.473605e+01
6.944450e-01 -3.661422e-02 -7.186136e-01 -4.259421e+01 -3.278128e-02 9.960576e-01 -8.242910e-02 -6.683661e+00 7.187986e-01 8.079954e-02 6.905070e-01 7.551722e+01
6.896198e-01 -3.808463e-02 -7.231695e-01 -4.344234e+01 -3.300967e-02 9.959250e-01 -8.392715e-02 -6.781456e+00 7.234190e-01 8.174942e-02 6.855524e-01 7.629102e+01
6.853470e-01 -3.782158e-02 -7.272339e-01 -4.434563e+01 -3.209388e-02 9.961113e-01 -8.205056e-02 -6.890463e+00 7.275091e-01 7.957286e-02 6.814680e-01 7.708349e+01
6.796529e-01 -3.767166e-02 -7.325659e-01 -4.516484e+01 -3.209723e-02 9.961966e-01 -8.100753e-02 -6.996808e+00 7.328312e-01 7.857034e-02 6.758587e-01 7.786932e+01
6.748407e-01 -3.956488e-02 -7.369021e-01 -4.606203e+01 -2.981723e-02 9.962845e-01 -8.079738e-02 -7.111433e+00 7.373608e-01 7.649774e-02 6.711537e-01 7.865762e+01
6.700913e-01 -4.138922e-02 -7.411239e-01 -4.690951e+01 -2.828797e-02 9.962950e-01 -8.121637e-02 -7.212546e+00 7.417395e-01 7.538727e-02 6.664377e-01 7.940582e+01
6.653579e-01 -4.180903e-02 -7.453528e-01 -4.775684e+01 -2.817338e-02 9.963129e-01 -8.103580e-02 -7.314485e+00 7.459927e-01 7.491692e-02 6.617268e-01 8.017637e+01
6.626140e-01 -4.254092e-02 -7.477519e-01 -4.870969e+01 -2.799791e-02 9.962808e-01 -8.149027e-02 -7.417449e+00 7.484376e-01 7.493209e-02 6.589586e-01 8.099757e+01
6.591246e-01 -4.563086e-02 -7.506481e-01 -4.968585e+01 -2.428085e-02 9.963458e-01 -8.188687e-02 -7.544471e+00 7.516417e-01 7.220002e-02 6.556081e-01 8.182813e+01
6.556085e-01 -5.154221e-02 -7.533398e-01 -5.063120e+01 -2.065611e-02 9.960701e-01 -8.612578e-02 -7.650883e+00 7.548184e-01 7.202587e-02 6.519674e-01 8.259017e+01
6.507668e-01 -5.525704e-02 -7.572643e-01 -5.155383e+01 -1.639021e-02 9.960936e-01 -8.676944e-02 -7.775163e+00 7.591007e-01 6.887840e-02 6.473191e-01 8.338597e+01
6.454712e-01 -5.951311e-02 -7.614625e-01 -5.249739e+01 -1.181599e-02 9.960623e-01 -8.786468e-02 -7.885977e+00 7.636932e-01 6.571157e-02 6.422263e-01 8.415707e+01
6.376989e-01 -6.318120e-02 -7.676902e-01 -5.343841e+01 -7.214843e-03 9.960968e-01 -8.797232e-02 -8.009769e+00 7.702519e-01 6.163862e-02 6.347540e-01 8.492790e+01
6.297806e-01 -6.469937e-02 -7.740739e-01 -5.439709e+01 -4.347289e-03 9.962159e-01 -8.680358e-02 -8.123285e+00 7.767609e-01 5.803233e-02 6.271162e-01 8.566373e+01
6.212417e-01 -6.291709e-02 -7.810891e-01 -5.538333e+01 -4.712833e-03 9.964535e-01 -8.401316e-02 -8.243816e+00 7.836049e-01 5.587362e-02 6.187420e-01 8.642843e+01
6.131817e-01 -6.254288e-02 -7.874622e-01 -5.630146e+01 -5.703967e-03 9.964843e-01 -8.358569e-02 -8.352606e+00 7.899214e-01 5.574488e-02 6.106691e-01 8.710907e+01
6.048226e-01 -6.415232e-02 -7.937721e-01 -5.733527e+01 -5.807385e-03 9.963682e-01 -8.495104e-02 -8.468815e+00 7.963391e-01 5.599005e-02 6.022534e-01 8.783878e+01
5.950060e-01 -6.732953e-02 -8.008962e-01 -5.837283e+01 -4.146778e-03 9.962145e-01 -8.683025e-02 -8.592032e+00 8.037106e-01 5.498566e-02 5.924743e-01 8.857583e+01
5.860390e-01 -6.882874e-02 -8.073543e-01 -5.941812e+01 -4.079679e-03 9.961225e-01 -8.788299e-02 -8.710451e+00 8.102726e-01 5.479661e-02 5.834858e-01 8.929601e+01
5.769817e-01 -6.991238e-02 -8.137594e-01 -6.043777e+01 -6.783422e-04 9.962884e-01 -8.607494e-02 -8.830722e+00 8.167568e-01 5.021567e-02 5.747927e-01 8.996970e+01
5.684814e-01 -7.100483e-02 -8.196263e-01 -6.148331e+01 9.296128e-04 9.963233e-01 -8.566746e-02 -8.943372e+00 8.226956e-01 4.793843e-02 5.664573e-01 9.062840e+01
5.592194e-01 -7.239407e-02 -8.258528e-01 -6.252987e+01 1.547791e-03 9.962693e-01 -8.628467e-02 -9.055908e+00 8.290183e-01 4.697381e-02 5.572451e-01 9.126142e+01
5.488731e-01 -7.410817e-02 -8.326142e-01 -6.365920e+01 1.597468e-03 9.961535e-01 -8.761118e-02 -9.183632e+00 8.359042e-01 4.675734e-02 5.468802e-01 9.198822e+01
5.399230e-01 -7.464397e-02 -8.383982e-01 -6.471146e+01 -6.577165e-04 9.960223e-01 -8.910108e-02 -9.297839e+00 8.417142e-01 4.865915e-02 5.377263e-01 9.263366e+01
5.312158e-01 -7.599856e-02 -8.438210e-01 -6.581294e+01 -1.793412e-03 9.958656e-01 -9.082144e-02 -9.422663e+00 8.472346e-01 4.975910e-02 5.288832e-01 9.327460e+01
5.220833e-01 -7.615738e-02 -8.494875e-01 -6.691320e+01 -2.786250e-03 9.958478e-01 -9.099111e-02 -9.553001e+00 8.528900e-01 4.987182e-02 5.197033e-01 9.393571e+01
5.133983e-01 -7.443172e-02 -8.549165e-01 -6.803219e+01 -3.407602e-03 9.960467e-01 -8.876532e-02 -9.683148e+00 8.581437e-01 4.848518e-02 5.111151e-01 9.458807e+01
5.048692e-01 -7.389666e-02 -8.600271e-01 -6.915441e+01 -2.133657e-03 9.962190e-01 -8.685132e-02 -9.809322e+00 8.631933e-01 4.568356e-02 5.028026e-01 9.524259e+01
4.975744e-01 -7.414403e-02 -8.642467e-01 -7.028858e+01 -2.079133e-03 9.962354e-01 -8.666441e-02 -9.933511e+00 8.674188e-01 4.491887e-02 4.955471e-01 9.586128e+01
4.915585e-01 -7.839834e-02 -8.673084e-01 -7.142776e+01 3.809333e-04 9.959587e-01 -8.981148e-02 -1.005187e+01 8.708445e-01 4.381721e-02 4.896019e-01 9.643848e+01
4.849664e-01 -8.292758e-02 -8.705922e-01 -7.259414e+01 4.432762e-03 9.957142e-01 -9.237672e-02 -1.018622e+01 8.745216e-01 4.094049e-02 4.832556e-01 9.704860e+01
4.794717e-01 -8.625817e-02 -8.733078e-01 -7.375495e+01 5.513011e-03 9.954339e-01 -9.529398e-02 -1.031828e+01 8.775400e-01 4.087622e-02 4.777580e-01 9.764146e+01
4.730603e-01 -9.069205e-02 -8.763498e-01 -7.490146e+01 1.144161e-02 9.952362e-01 -9.681915e-02 -1.048612e+01 8.809558e-01 3.577445e-02 4.718444e-01 9.824323e+01
4.687507e-01 -9.244438e-02 -8.784798e-01 -7.603010e+01 1.380051e-02 9.951537e-01 -9.735838e-02 -1.062005e+01 8.832227e-01 3.351334e-02 4.677548e-01 9.883574e+01
4.652669e-01 -9.097668e-02 -8.804828e-01 -7.716502e+01 1.561263e-02 9.953929e-01 -9.459981e-02 -1.075012e+01 8.850328e-01 3.026751e-02 4.645438e-01 9.939373e+01
4.621227e-01 -8.946419e-02 -8.822919e-01 -7.825210e+01 1.971106e-02 9.956888e-01 -9.063845e-02 -1.089093e+01 8.865970e-01 2.449518e-02 4.618938e-01 9.995787e+01
4.603472e-01 -8.933392e-02 -8.832327e-01 -7.937461e+01 2.335242e-02 9.957982e-01 -8.854783e-02 -1.102948e+01 8.874317e-01 2.013712e-02 4.604991e-01 1.004765e+02
4.578782e-01 -8.980118e-02 -8.844678e-01 -8.044773e+01 2.532863e-02 9.957991e-01 -8.799248e-02 -1.115277e+01 8.886541e-01 1.788749e-02 4.582293e-01 1.010474e+02
4.562099e-01 -8.980224e-02 -8.853294e-01 -8.160377e+01 2.978318e-02 9.958785e-01 -8.566839e-02 -1.128694e+01 8.893737e-01 1.271484e-02 4.570042e-01 1.015501e+02
4.527579e-01 -8.972890e-02 -8.871071e-01 -8.271095e+01 3.150738e-02 9.959121e-01 -8.465369e-02 -1.141123e+01 8.910767e-01 1.037720e-02 4.537342e-01 1.021597e+02
4.503119e-01 -9.139434e-02 -8.881814e-01 -8.383865e+01 3.468963e-02 9.957872e-01 -8.487923e-02 -1.153876e+01 8.921972e-01 7.411445e-03 4.515852e-01 1.027327e+02
4.484240e-01 -9.302695e-02 -8.889669e-01 -8.498907e+01 3.791836e-02 9.956537e-01 -8.506406e-02 -1.165684e+01 8.930164e-01 4.436610e-03 4.500024e-01 1.032913e+02
4.465591e-01 -9.253274e-02 -8.899565e-01 -8.606557e+01 4.273090e-02 9.957087e-01 -8.208691e-02 -1.178479e+01 8.937332e-01 -1.371992e-03 4.485967e-01 1.038214e+02
4.454934e-01 -9.272909e-02 -8.904702e-01 -8.716225e+01 4.380805e-02 9.956880e-01 -8.176923e-02 -1.189308e+01 8.942129e-01 -2.582105e-03 4.476347e-01 1.043620e+02
4.440832e-01 -9.493750e-02 -8.909416e-01 -8.825407e+01 4.778948e-02 9.954649e-01 -8.225504e-02 -1.201063e+01 8.947101e-01 -6.049554e-03 4.466062e-01 1.048843e+02
4.436890e-01 -9.520996e-02 -8.911090e-01 -8.932954e+01 4.836656e-02 9.954354e-01 -8.227462e-02 -1.213601e+01 8.948748e-01 -6.595518e-03 4.462687e-01 1.053756e+02
4.429062e-01 -9.826686e-02 -8.911664e-01 -9.038765e+01 4.971350e-02 9.951379e-01 -8.502413e-02 -1.224410e+01 8.951886e-01 -6.645289e-03 4.456379e-01 1.059065e+02
4.436166e-01 -9.850366e-02 -8.907869e-01 -9.143647e+01 4.853127e-02 9.951234e-01 -8.587241e-02 -1.236506e+01 8.949017e-01 -5.136599e-03 4.462337e-01 1.064205e+02
4.456602e-01 -9.918876e-02 -8.896902e-01 -9.252302e+01 4.761853e-02 9.950623e-01 -8.708347e-02 -1.248190e+01 8.939349e-01 -3.556096e-03 4.481828e-01 1.069445e+02
4.525868e-01 -1.004404e-01 -8.860458e-01 -9.353111e+01 4.736959e-02 9.949413e-01 -8.858850e-02 -1.259602e+01 8.904614e-01 -1.877631e-03 4.550551e-01 1.073582e+02
4.569766e-01 -1.014102e-01 -8.836789e-01 -9.449816e+01 4.676757e-02 9.948447e-01 -8.998261e-02 -1.270553e+01 8.882484e-01 -2.075732e-04 4.593634e-01 1.078640e+02
4.639245e-01 -1.024733e-01 -8.799280e-01 -9.552914e+01 4.685495e-02 9.947352e-01 -9.114005e-02 -1.282213e+01 8.846348e-01 1.053108e-03 4.662834e-01 1.083809e+02
4.697621e-01 -1.024114e-01 -8.768327e-01 -9.654273e+01 4.798485e-02 9.947420e-01 -9.047504e-02 -1.293704e+01 8.814881e-01 4.270714e-04 4.722063e-01 1.088856e+02
4.766157e-01 -1.009517e-01 -8.732961e-01 -9.750895e+01 4.603426e-02 9.948878e-01 -8.988354e-02 -1.304280e+01 8.779056e-01 2.638366e-03 4.788265e-01 1.094261e+02
4.830449e-01 -1.018251e-01 -8.696547e-01 -9.846239e+01 4.630680e-02 9.947959e-01 -9.075665e-02 -1.314956e+01 8.743703e-01 3.568617e-03 4.852463e-01 1.099746e+02
4.919080e-01 -1.004282e-01 -8.648357e-01 -9.941800e+01 4.564690e-02 9.949337e-01 -8.957234e-02 -1.327543e+01 8.694498e-01 4.584294e-03 4.940001e-01 1.105273e+02
5.010535e-01 -1.003565e-01 -8.595778e-01 -1.003776e+02 4.503193e-02 9.949313e-01 -8.990977e-02 -1.340526e+01 8.642439e-01 6.341157e-03 5.030330e-01 1.110903e+02
5.100614e-01 -1.025221e-01 -8.540062e-01 -1.013058e+02 4.397205e-02 9.946809e-01 -9.314731e-02 -1.350492e+01 8.590133e-01 9.958456e-03 5.118564e-01 1.116661e+02
5.206637e-01 -1.043759e-01 -8.473576e-01 -1.022388e+02 4.401744e-02 9.944606e-01 -9.544905e-02 -1.362876e+01 8.526264e-01 1.239834e-02 5.223740e-01 1.122453e+02
5.320873e-01 -1.041149e-01 -8.402638e-01 -1.031448e+02 4.262253e-02 9.944462e-01 -9.622900e-02 -1.371988e+01 8.456160e-01 1.538806e-02 5.335698e-01 1.128292e+02
5.443442e-01 -1.023428e-01 -8.325955e-01 -1.040579e+02 4.190472e-02 9.946082e-01 -9.486050e-02 -1.383213e+01 8.378146e-01 1.674709e-02 5.456979e-01 1.134181e+02
5.569208e-01 -1.019522e-01 -8.242845e-01 -1.050147e+02 4.377905e-02 9.946613e-01 -9.344649e-02 -1.394620e+01 8.294110e-01 1.595591e-02 5.584110e-01 1.140141e+02
5.679766e-01 -1.011193e-01 -8.168094e-01 -1.058916e+02 4.322657e-02 9.947193e-01 -9.308616e-02 -1.406393e+01 8.219088e-01 1.756290e-02 5.693483e-01 1.146523e+02
5.794987e-01 -1.032870e-01 -8.084016e-01 -1.068060e+02 4.451131e-02 9.944671e-01 -9.515236e-02 -1.417163e+01 8.137568e-01 1.915767e-02 5.808898e-01 1.153207e+02
5.911386e-01 -1.060266e-01 -7.995709e-01 -1.076573e+02 4.780351e-02 9.941852e-01 -9.649123e-02 -1.428552e+01 8.051522e-01 1.881739e-02 5.927697e-01 1.159039e+02
6.020801e-01 -1.092485e-01 -7.909263e-01 -1.085010e+02 5.044961e-02 9.938207e-01 -9.886977e-02 -1.439125e+01 7.968403e-01 1.962560e-02 6.038712e-01 1.165248e+02
6.121863e-01 -1.108713e-01 -7.829020e-01 -1.093113e+02 5.417003e-02 9.936752e-01 -9.836213e-02 -1.451521e+01 7.888559e-01 1.780612e-02 6.143203e-01 1.171637e+02
6.219124e-01 -1.100509e-01 -7.753153e-01 -1.101212e+02 5.561396e-02 9.937828e-01 -9.645071e-02 -1.461377e+01 7.811095e-01 1.686555e-02 6.241663e-01 1.178187e+02
6.318492e-01 -1.085502e-01 -7.674525e-01 -1.108752e+02 5.656176e-02 9.939622e-01 -9.402057e-02 -1.472726e+01 7.730248e-01 1.599835e-02 6.341740e-01 1.184373e+02
6.419799e-01 -1.071748e-01 -7.591939e-01 -1.116770e+02 5.583989e-02 9.940882e-01 -9.311603e-02 -1.481196e+01 7.646854e-01 1.738532e-02 6.441692e-01 1.191335e+02
6.521981e-01 -1.080977e-01 -7.503017e-01 -1.124130e+02 5.471472e-02 9.939116e-01 -9.563456e-02 -1.490443e+01 7.560714e-01 2.132014e-02 6.541418e-01 1.198044e+02
6.597796e-01 -1.077076e-01 -7.437001e-01 -1.131130e+02 5.196433e-02 9.938451e-01 -9.783467e-02 -1.499262e+01 7.496603e-01 2.590344e-02 6.613157e-01 1.205131e+02
6.691746e-01 -1.052901e-01 -7.356082e-01 -1.137962e+02 5.172785e-02 9.941100e-01 -9.523413e-02 -1.511651e+01 7.413027e-01 2.567684e-02 6.706796e-01 1.211473e+02
6.788329e-01 -1.038273e-01 -7.269152e-01 -1.145193e+02 5.705584e-02 9.944181e-01 -8.875360e-02 -1.528888e+01 7.320727e-01 1.877411e-02 6.809677e-01 1.217717e+02
6.864469e-01 -1.011233e-01 -7.201144e-01 -1.151670e+02 5.599192e-02 9.946939e-01 -8.630753e-02 -1.537214e+01 7.250211e-01 1.892495e-02 6.884666e-01 1.224405e+02
6.932800e-01 -1.023649e-01 -7.133612e-01 -1.158195e+02 5.721433e-02 9.945542e-01 -8.711146e-02 -1.544909e+01 7.183936e-01 1.957815e-02 6.953614e-01 1.231047e+02
7.012862e-01 -1.070502e-01 -7.047964e-01 -1.164853e+02 5.935810e-02 9.939962e-01 -9.191372e-02 -1.550665e+01 7.104043e-01 2.262246e-02 7.034302e-01 1.237405e+02
7.080840e-01 -1.106533e-01 -6.974044e-01 -1.171395e+02 6.043056e-02 9.935181e-01 -9.628015e-02 -1.556695e+01 7.035376e-01 2.602989e-02 7.101811e-01 1.243848e+02
7.128414e-01 -1.088154e-01 -6.928322e-01 -1.177162e+02 5.879758e-02 9.936845e-01 -9.557124e-02 -1.564558e+01 6.988562e-01 2.739029e-02 7.147375e-01 1.250334e+02
7.183861e-01 -1.062884e-01 -6.874767e-01 -1.182952e+02 5.662309e-02 9.939136e-01 -9.449668e-02 -1.573242e+01 6.933363e-01 2.895805e-02 7.200321e-01 1.257100e+02
7.242057e-01 -1.068768e-01 -6.812514e-01 -1.188948e+02 5.584713e-02 9.937615e-01 -9.653587e-02 -1.580874e+01 6.873189e-01 3.186590e-02 7.256565e-01 1.263936e+02
7.283296e-01 -1.065962e-01 -6.768849e-01 -1.194717e+02 5.865952e-02 9.938990e-01 -9.340191e-02 -1.593175e+01 6.827115e-01 2.832163e-02 7.301389e-01 1.270547e+02
7.349179e-01 -1.044997e-01 -6.700563e-01 -1.200335e+02 5.537226e-02 9.940038e-01 -9.428915e-02 -1.600470e+01 6.758918e-01 3.219225e-02 7.362975e-01 1.277472e+02
7.427806e-01 -1.029434e-01 -6.615736e-01 -1.205987e+02 5.454815e-02 9.941289e-01 -9.344637e-02 -1.608055e+01 6.673092e-01 3.332254e-02 7.440350e-01 1.284078e+02
7.509871e-01 -9.954815e-02 -6.527699e-01 -1.211303e+02 5.272736e-02 9.944545e-01 -9.099460e-02 -1.616471e+01 6.582084e-01 3.391694e-02 7.520714e-01 1.290852e+02
7.619296e-01 -9.782439e-02 -6.402295e-01 -1.217017e+02 5.216748e-02 9.945850e-01 -8.988454e-02 -1.625449e+01 6.455556e-01 3.508653e-02 7.629070e-01 1.297506e+02
7.719766e-01 -9.723798e-02 -6.281695e-01 -1.222371e+02 5.151037e-02 9.945498e-01 -9.064946e-02 -1.634352e+01 6.335604e-01 3.762203e-02 7.727780e-01 1.304158e+02
7.816953e-01 -9.882721e-02 -6.157805e-01 -1.227512e+02 5.293015e-02 9.943153e-01 -9.238709e-02 -1.642679e+01 6.214104e-01 3.962520e-02 7.824826e-01 1.310832e+02
7.902732e-01 -9.707353e-02 -6.050165e-01 -1.232553e+02 5.247713e-02 9.944659e-01 -9.101414e-02 -1.651558e+01 6.105034e-01 4.017651e-02 7.909940e-01 1.317944e+02
7.991674e-01 -9.563031e-02 -5.934529e-01 -1.237305e+02 5.301086e-02 9.946297e-01 -8.889029e-02 -1.660155e+01 5.987666e-01 3.957878e-02 7.999451e-01 1.325031e+02
8.084196e-01 -9.271146e-02 -5.812592e-01 -1.241911e+02 5.312974e-02 9.949799e-01 -8.480711e-02 -1.669000e+01 5.862038e-01 3.767759e-02 8.092871e-01 1.332018e+02
8.200071e-01 -9.216572e-02 -5.648840e-01 -1.247795e+02 5.538893e-02 9.950958e-01 -8.195384e-02 -1.678056e+01 5.696670e-01 3.591441e-02 8.210905e-01 1.339867e+02
8.295183e-01 -9.100905e-02 -5.510143e-01 -1.252385e+02 5.711355e-02 9.952841e-01 -7.840655e-02 -1.685829e+01 5.555515e-01 3.356929e-02 8.308042e-01 1.346710e+02
8.367426e-01 -9.217318e-02 -5.397831e-01 -1.257311e+02 6.016122e-02 9.952385e-01 -7.668791e-02 -1.693149e+01 5.442815e-01 3.169404e-02 8.383037e-01 1.354461e+02
8.438801e-01 -9.305845e-02 -5.284000e-01 -1.261151e+02 6.291609e-02 9.952125e-01 -7.479051e-02 -1.699922e+01 5.328302e-01 2.986936e-02 8.456949e-01 1.360723e+02
8.509301e-01 -9.332021e-02 -5.169229e-01 -1.266303e+02 6.459162e-02 9.952132e-01 -7.333889e-02 -1.708378e+01 5.212925e-01 2.901738e-02 8.528846e-01 1.368166e+02
8.579031e-01 -9.246629e-02 -5.054228e-01 -1.270689e+02 6.463032e-02 9.952807e-01 -7.238171e-02 -1.715916e+01 5.097305e-01 2.943085e-02 8.598306e-01 1.375374e+02
8.649544e-01 -9.116878e-02 -4.935000e-01 -1.275045e+02 6.437076e-02 9.953924e-01 -7.106573e-02 -1.722742e+01 4.977051e-01 2.970165e-02 8.668376e-01 1.382622e+02
8.719468e-01 -8.985510e-02 -4.812846e-01 -1.279199e+02 6.413661e-02 9.955067e-01 -6.966282e-02 -1.730297e+01 4.853816e-01 2.987431e-02 8.737919e-01 1.390244e+02
8.785492e-01 -9.089405e-02 -4.689238e-01 -1.283731e+02 6.633479e-02 9.954317e-01 -6.866881e-02 -1.738109e+01 4.730232e-01 2.922297e-02 8.805652e-01 1.397949e+02
8.840563e-01 -9.238079e-02 -4.581597e-01 -1.287556e+02 6.786931e-02 9.952553e-01 -6.971846e-02 -1.744309e+01 4.624265e-01 3.054006e-02 8.861315e-01 1.405279e+02
8.888849e-01 -9.305624e-02 -4.485802e-01 -1.291796e+02 6.913468e-02 9.951867e-01 -6.945371e-02 -1.751692e+01 4.528842e-01 3.072391e-02 8.910398e-01 1.413268e+02
8.920562e-01 -9.254135e-02 -4.423481e-01 -1.295709e+02 6.971596e-02 9.952722e-01 -6.762384e-02 -1.759198e+01 4.465148e-01 2.948554e-02 8.942903e-01 1.421002e+02
8.952955e-01 -9.097185e-02 -4.360850e-01 -1.299551e+02 7.009149e-02 9.955000e-01 -6.377171e-02 -1.765929e+01 4.399240e-01 2.652868e-02 8.976431e-01 1.428822e+02
8.986920e-01 -8.726825e-02 -4.298104e-01 -1.303463e+02 6.835055e-02 9.958979e-01 -5.929168e-02 -1.772474e+01 4.332215e-01 2.390718e-02 9.009703e-01 1.436797e+02
9.021503e-01 -8.421041e-02 -4.231234e-01 -1.306925e+02 6.653376e-02 9.961886e-01 -5.640436e-02 -1.778445e+01 4.262606e-01 2.273322e-02 9.043147e-01 1.444442e+02
9.050530e-01 -8.187710e-02 -4.173431e-01 -1.311391e+02 6.489427e-02 9.963892e-01 -5.474802e-02 -1.783985e+01 4.203188e-01 2.246669e-02 9.070984e-01 1.453544e+02
9.081966e-01 -7.979050e-02 -4.108678e-01 -1.315309e+02 6.434770e-02 9.966078e-01 -5.130474e-02 -1.790763e+01 4.135677e-01 2.015640e-02 9.102502e-01 1.462019e+02
9.116105e-01 -7.913967e-02 -4.033648e-01 -1.319612e+02 6.516548e-02 9.967059e-01 -4.827749e-02 -1.796531e+01 4.058568e-01 1.772481e-02 9.137648e-01 1.471314e+02
9.149674e-01 -7.945786e-02 -3.956274e-01 -1.323460e+02 6.626389e-02 9.966980e-01 -4.692847e-02 -1.801303e+01 3.980499e-01 1.672221e-02 9.172114e-01 1.479634e+02
9.184439e-01 -7.979023e-02 -3.874201e-01 -1.327641e+02 6.766482e-02 9.966990e-01 -4.486214e-02 -1.807448e+01 3.897208e-01 1.498865e-02 9.208111e-01 1.489008e+02
9.217457e-01 -8.138568e-02 -3.791586e-01 -1.331730e+02 6.973849e-02 9.965777e-01 -4.437722e-02 -1.812589e+01 3.814726e-01 1.446257e-02 9.242670e-01 1.498140e+02
9.249102e-01 -8.389948e-02 -3.708127e-01 -1.335391e+02 7.263160e-02 9.963756e-01 -4.427489e-02 -1.817848e+01 3.731834e-01 1.401758e-02 9.276517e-01 1.507518e+02
9.279979e-01 -8.573870e-02 -3.625861e-01 -1.338960e+02 7.448475e-02 9.962093e-01 -4.493276e-02 -1.823036e+01 3.650641e-01 1.469037e-02 9.308665e-01 1.516852e+02
9.317933e-01 -8.812913e-02 -3.521285e-01 -1.342691e+02 7.679678e-02 9.959826e-01 -4.605238e-02 -1.828703e+01 3.547724e-01 1.586897e-02 9.348180e-01 1.526632e+02
9.363590e-01 -8.740927e-02 -3.399875e-01 -1.346465e+02 7.623916e-02 9.960231e-01 -4.610298e-02 -1.834268e+01 3.426652e-01 1.724858e-02 9.392992e-01 1.536930e+02
9.412895e-01 -8.436356e-02 -3.268896e-01 -1.349814e+02 7.404203e-02 9.962877e-01 -4.391513e-02 -1.839578e+01 3.293810e-01 1.713328e-02 9.440417e-01 1.547002e+02
9.463049e-01 -8.213636e-02 -3.126670e-01 -1.352962e+02 7.314447e-02 9.965027e-01 -4.040126e-02 -1.844251e+01 3.148920e-01 1.536204e-02 9.490032e-01 1.557135e+02
9.515220e-01 -7.880970e-02 -2.973128e-01 -1.355617e+02 7.115418e-02 9.967972e-01 -3.650201e-02 -1.850244e+01 2.992373e-01 1.357741e-02 9.540821e-01 1.567469e+02
9.567317e-01 -7.751954e-02 -2.804554e-01 -1.357803e+02 7.056377e-02 9.968989e-01 -3.483102e-02 -1.853931e+01 2.822857e-01 1.353395e-02 9.592349e-01 1.577926e+02
9.620527e-01 -7.924352e-02 -2.611035e-01 -1.360907e+02 7.285519e-02 9.967604e-01 -3.407180e-02 -1.856739e+01 2.629576e-01 1.375612e-02 9.647093e-01 1.586462e+02
9.668259e-01 -8.128592e-02 -2.421576e-01 -1.363552e+02 7.588322e-02 9.966168e-01 -3.157058e-02 -1.860111e+01 2.439046e-01 1.214756e-02 9.697232e-01 1.595076e+02
9.713421e-01 -8.056820e-02 -2.236142e-01 -1.365845e+02 7.669608e-02 9.967164e-01 -2.596221e-02 -1.864225e+01 2.249717e-01 8.067859e-03 9.743319e-01 1.605729e+02
9.758110e-01 -7.950002e-02 -2.036482e-01 -1.368340e+02 7.707340e-02 9.968281e-01 -1.983217e-02 -1.868597e+01 2.045789e-01 3.656594e-03 9.788433e-01 1.617497e+02
9.799364e-01 -7.807317e-02 -1.833831e-01 -1.370405e+02 7.677772e-02 9.969476e-01 -1.416479e-02 -1.872402e+01 1.839292e-01 -1.991441e-04 9.829395e-01 1.629110e+02
9.834638e-01 -7.771236e-02 -1.635844e-01 -1.371992e+02 7.660629e-02 9.969758e-01 -1.306870e-02 -1.874353e+01 1.641053e-01 3.210022e-04 9.864428e-01 1.640606e+02
9.864141e-01 -8.009735e-02 -1.434283e-01 -1.373507e+02 7.882199e-02 9.967824e-01 -1.456127e-02 -1.875509e+01 1.441331e-01 3.058132e-03 9.895536e-01 1.651784e+02
9.889820e-01 -8.200350e-02 -1.232483e-01 -1.375148e+02 8.099692e-02 9.966274e-01 -1.316406e-02 -1.878246e+01 1.239122e-01 3.036283e-03 9.922885e-01 1.663583e+02
9.910390e-01 -8.426335e-02 -1.036405e-01 -1.376354e+02 8.356355e-02 9.964408e-01 -1.108357e-02 -1.879420e+01 1.042056e-01 2.323682e-03 9.945531e-01 1.675106e+02
9.927250e-01 -8.550178e-02 -8.477343e-02 -1.377443e+02 8.520209e-02 9.963380e-01 -7.153514e-03 -1.882271e+01 8.507463e-02 -1.214009e-04 9.963745e-01 1.686975e+02
9.941207e-01 -8.583172e-02 -6.600672e-02 -1.378242e+02 8.570564e-02 9.963092e-01 -4.744798e-03 -1.883454e+01 6.617036e-02 -9.402457e-04 9.978079e-01 1.698908e+02
9.952818e-01 -8.499839e-02 -4.679053e-02 -1.378790e+02 8.497743e-02 9.963799e-01 -2.440717e-03 -1.884871e+01 4.682860e-02 -1.546938e-03 9.989017e-01 1.710818e+02
9.959595e-01 -8.543171e-02 -2.767986e-02 -1.379279e+02 8.550744e-02 9.963363e-01 1.561686e-03 -1.887445e+01 2.744503e-02 -3.922210e-03 9.996156e-01 1.723708e+02
9.964885e-01 -8.334689e-02 -7.996527e-03 -1.379489e+02 8.338276e-02 9.965085e-01 4.261776e-03 -1.889352e+01 7.613402e-03 -4.913583e-03 9.999589e-01 1.736602e+02
9.965211e-01 -8.248121e-02 1.194517e-02 -1.379471e+02 8.243542e-02 9.965872e-01 4.277674e-03 -1.889837e+01 -1.225723e-02 -3.278087e-03 9.999195e-01 1.748990e+02
9.960476e-01 -8.294150e-02 3.178075e-02 -1.379114e+02 8.285804e-02 9.965536e-01 3.936698e-03 -1.890349e+01 -3.199774e-02 -1.287848e-03 9.994871e-01 1.761286e+02
9.953083e-01 -8.199178e-02 5.136766e-02 -1.378567e+02 8.188690e-02 9.966330e-01 4.146582e-03 -1.891142e+01 -5.153469e-02 7.920999e-05 9.986712e-01 1.773593e+02
9.940845e-01 -8.282026e-02 7.026260e-02 -1.377536e+02 8.271520e-02 9.965635e-01 4.408488e-03 -1.891621e+01 -7.038625e-02 1.429376e-03 9.975188e-01 1.785932e+02
9.924768e-01 -8.344676e-02 8.959004e-02 -1.376550e+02 8.343793e-02 9.965056e-01 3.850251e-03 -1.892445e+01 -8.959826e-02 3.653923e-03 9.959713e-01 1.799170e+02
9.906501e-01 -8.259625e-02 1.085834e-01 -1.374973e+02 8.304239e-02 9.965459e-01 4.144817e-04 -1.893576e+01 -1.082426e-01 8.606418e-03 9.940873e-01 1.812120e+02
9.885211e-01 -8.179795e-02 1.270241e-01 -1.373216e+02 8.298028e-02 9.965430e-01 -4.035345e-03 -1.895043e+01 -1.262549e-01 1.452952e-02 9.918914e-01 1.825374e+02
