1.000000e+00 0.000000e+00 0.000000e+00 0.000000e+00 0.000000e+00 1.000000e+00 0.000000e+00 0.000000e+00 0.000000e+00 0.000000e+00 1.000000e+00 0.000000e+00
9.999219e-01 -1.930657e-04 -1.249974e-02 -1.012074e-01 2.062116e-04 9.999994e-01 1.050415e-03 -1.901407e-03 1.249953e-02 -1.052910e-03 9.999213e-01 -5.275505e-02
9.999992e-01 1.140055e-03 5.352790e-04 -3.007680e-02 -1.140079e-03 9.999993e-01 4.497826e-05 -5.248657e-03 -5.352274e-04 -4.558849e-05 9.999999e-01 8.558179e-02
9.997751e-01 4.777218e-03 2.066450e-02 -1.238544e-02 -4.787212e-03 9.999884e-01 4.341970e-04 -8.536370e-03 -2.066219e-02 -5.330247e-04 9.997864e-01 2.959832e-01
9.989640e-01 6.858106e-03 4.498845e-02 6.373532e-02 -6.922293e-03 9.999752e-01 1.271122e-03 -6.847581e-03 -4.497861e-02 -1.581229e-03 9.989867e-01 4.681110e-01
9.970864e-01 6.481068e-03 7.600487e-02 1.712968e-01 -6.817195e-03 9.999681e-01 4.163835e-03 -1.595641e-02 -7.597546e-02 -4.669843e-03 9.970987e-01 7.094412e-01
9.939038e-01 2.598252e-03 1.102202e-01 3.140649e-01 -3.243503e-03 9.999787e-01 5.675309e-03 -1.671525e-02 -1.102031e-01 -5.998211e-03 9.938910e-01 9.177439e-01
9.892898e-01 -6.498754e-04 1.459637e-01 4.493030e-01 -1.353748e-04 9.999856e-01 5.369766e-03 -1.601768e-02 -1.459651e-01 -5.332014e-03 9.892754e-01 1.169424e+00
9.831318e-01 -2.050929e-03 1.828870e-01 6.219864e-01 8.009218e-04 9.999758e-01 6.908462e-03 -1.889805e-02 -1.828968e-01 -6.645450e-03 9.831097e-01 1.428122e+00
9.737335e-01 -2.500419e-03 2.276771e-01 7.905810e-01 3.275014e-04 9.999540e-01 9.581133e-03 -2.059137e-02 -2.276906e-01 -9.254905e-03 9.736896e-01 1.766950e+00
9.625873e-01 -7.987104e-03 2.708539e-01 1.012050e+00 3.318311e-03 9.998380e-01 1.769089e-02 -3.126759e-02 -2.709514e-01 -1.613025e-02 9.624579e-01 2.007540e+00
9.485371e-01 -1.743696e-02 3.161857e-01 1.183595e+00 9.975351e-03 9.996326e-01 2.520216e-02 -3.054219e-02 -3.165089e-01 -2.075111e-02 9.483625e-01 2.254669e+00
9.321691e-01 -2.431799e-02 3.612054e-01 1.549922e+00 1.421618e-02 9.994307e-01 3.059828e-02 -2.974537e-02 -3.617438e-01 -2.338782e-02 9.319841e-01 2.493876e+00
9.127564e-01 -2.812644e-02 4.075348e-01 1.919891e+00 1.466140e-02 9.992397e-01 3.612640e-02 -3.573050e-02 -4.082411e-01 -2.699957e-02 9.124748e-01 2.745819e+00
8.894405e-01 -3.191950e-02 4.559349e-01 2.219133e+00 1.501731e-02 9.990607e-01 4.064728e-02 -2.031296e-02 -4.568041e-01 -2.930643e-02 8.890845e-01 2.978693e+00
8.627919e-01 -4.117712e-02 5.038795e-01 2.545296e+00 2.080753e-02 9.987253e-01 4.598731e-02 -3.040242e-02 -5.051308e-01 -2.919299e-02 8.625489e-01 3.236976e+00
8.328195e-01 -4.823978e-02 5.514387e-01 2.876689e+00 2.501389e-02 9.984575e-01 4.956728e-02 -1.850116e-02 -5.529792e-01 -2.748698e-02 8.327416e-01 3.435285e+00
7.991977e-01 -5.586178e-02 5.984668e-01 3.263946e+00 2.954953e-02 9.981195e-01 5.370527e-02 -1.036194e-02 -6.003414e-01 -2.523672e-02 7.993456e-01 3.779732e+00
7.649811e-01 -6.133786e-02 6.411253e-01 3.624892e+00 3.414629e-02 9.979172e-01 5.473008e-02 1.610280e-02 -6.431469e-01 -1.997543e-02 7.654822e-01 3.983489e+00
7.278205e-01 -6.477187e-02 6.827019e-01 4.001263e+00 3.512909e-02 9.977439e-01 5.721101e-02 3.921515e-02 -6.848673e-01 -1.765665e-02 7.284539e-01 4.255064e+00
6.905693e-01 -6.745117e-02 7.201142e-01 4.447685e+00 3.330799e-02 9.975514e-01 6.149654e-02 5.328857e-02 -7.224989e-01 -1.848206e-02 6.911250e-01 4.504362e+00
6.532329e-01 -6.935165e-02 7.539742e-01 4.871036e+00 3.121627e-02 9.974165e-01 6.469848e-02 7.678263e-02 -7.565132e-01 -1.872692e-02 6.537102e-01 4.748501e+00
6.188762e-01 -7.088776e-02 7.822833e-01 5.289963e+00 3.066249e-02 9.973406e-01 6.611793e-02 1.099371e-01 -7.848899e-01 -1.693206e-02 6.194040e-01 4.896884e+00
5.836027e-01 -7.376164e-02 8.086823e-01 5.761642e+00 3.077086e-02 9.971595e-01 6.874660e-02 1.431749e-01 -8.114561e-01 -1.523685e-02 5.842147e-01 5.156387e+00
5.500113e-01 -7.424074e-02 8.318509e-01 6.219806e+00 2.842519e-02 9.971281e-01 7.019690e-02 1.689834e-01 -8.346733e-01 -1.496357e-02 5.505421e-01 5.396221e+00
5.165510e-01 -7.423936e-02 8.530321e-01 6.697400e+00 2.921635e-02 9.971823e-01 6.909288e-02 2.018768e-01 -8.557579e-01 -1.076752e-02 5.172645e-01 5.632757e+00
4.854246e-01 -7.326830e-02 8.712030e-01 7.179853e+00 3.039621e-02 9.972941e-01 6.693616e-02 2.405780e-01 -8.737500e-01 -6.011187e-03 4.863382e-01 5.861218e+00
4.581323e-01 -7.189405e-02 8.859718e-01 7.723269e+00 3.121806e-02 9.974102e-01 6.479422e-02 2.789384e-01 -8.883356e-01 -2.026001e-03 4.591902e-01 6.088004e+00
4.335370e-01 -6.992947e-02 8.984184e-01 8.249597e+00 3.298829e-02 9.975478e-01 6.172664e-02 3.219625e-01 -9.005318e-01 2.876504e-03 4.347808e-01 6.329905e+00
4.138967e-01 -6.976911e-02 9.076463e-01 8.821618e+00 3.365979e-02 9.975498e-01 6.133059e-02 3.572138e-01 -9.097013e-01 5.166641e-03 4.152310e-01 6.567249e+00
3.993775e-01 -7.073823e-02 9.140535e-01 9.417614e+00 3.423199e-02 9.974742e-01 6.223714e-02 3.953802e-01 -9.161473e-01 6.433761e-03 4.007902e-01 6.814920e+00
3.884446e-01 -7.195181e-02 9.186587e-01 1.000915e+01 3.625119e-02 9.973683e-01 6.278815e-02 4.325011e-01 -9.207588e-01 8.912748e-03 3.900306e-01 7.066796e+00
3.783322e-01 -7.300260e-02 9.227868e-01 1.062599e+01 3.437808e-02 9.973057e-01 6.480324e-02 4.719443e-01 -9.250314e-01 7.206473e-03 3.798226e-01 7.315304e+00
3.686380e-01 -7.420450e-02 9.266065e-01 1.132924e+01 3.304788e-02 9.972248e-01 6.671209e-02 5.208818e-01 -9.289854e-01 6.029775e-03 3.700672e-01 7.597519e+00
3.606204e-01 -7.528248e-02 9.296696e-01 1.208062e+01 3.066857e-02 9.971554e-01 6.885094e-02 5.694810e-01 -9.322084e-01 3.682582e-03 3.619034e-01 7.824555e+00
3.522869e-01 -7.679373e-02 9.327362e-01 1.281023e+01 2.994989e-02 9.970425e-01 7.077635e-02 6.190390e-01 -9.354128e-01 3.001765e-03 3.535450e-01 8.044178e+00
3.436540e-01 -7.774466e-02 9.358727e-01 1.357183e+01 3.010997e-02 9.969671e-01 7.176346e-02 6.780883e-01 -9.386135e-01 3.517303e-03 3.449526e-01 8.246495e+00
3.339708e-01 -7.885237e-02 9.392794e-01 1.436037e+01 3.075297e-02 9.968758e-01 7.275303e-02 7.302270e-01 -9.420816e-01 4.588254e-03 3.353523e-01 8.518591e+00
3.237523e-01 -8.122993e-02 9.426485e-01 1.510054e+01 3.048955e-02 9.966860e-01 7.541483e-02 7.803999e-01 -9.456505e-01 4.325204e-03 3.251561e-01 8.768802e+00
3.139814e-01 -8.450282e-02 9.456612e-01 1.589674e+01 2.881053e-02 9.964206e-01 7.947285e-02 8.389847e-01 -9.489920e-01 2.292000e-03 3.152921e-01 8.999359e+00
3.044406e-01 -8.806493e-02 9.484516e-01 1.669987e+01 2.806088e-02 9.961140e-01 8.348326e-02 8.918154e-01 -9.521179e-01 1.198683e-03 3.057288e-01 9.208452e+00
2.917474e-01 -9.020361e-02 9.522325e-01 1.753242e+01 2.722902e-02 9.959230e-01 8.599985e-02 9.515687e-01 -9.561078e-01 8.381235e-04 2.930140e-01 9.439003e+00
2.787850e-01 -9.021196e-02 9.561071e-01 1.831659e+01 2.625609e-02 9.959220e-01 8.631280e-02 1.013298e+00 -9.599946e-01 1.040908e-03 2.800168e-01 9.669347e+00
2.647229e-01 -8.952995e-02 9.601595e-01 1.910633e+01 2.472374e-02 9.959837e-01 8.605386e-02 1.065488e+00 -9.640076e-01 9.583030e-04 2.658732e-01 9.900893e+00
2.489877e-01 -8.828887e-02 9.644741e-01 1.992763e+01 2.398624e-02 9.960930e-01 8.499103e-02 1.125570e+00 -9.682097e-01 1.972384e-03 2.501326e-01 1.010899e+01
2.303903e-01 -8.696988e-02 9.692042e-01 2.076117e+01 2.165915e-02 9.962097e-01 8.424457e-02 1.179409e+00 -9.728574e-01 1.582988e-03 2.314008e-01 1.028468e+01
2.059637e-01 -8.529237e-02 9.748355e-01 2.164822e+01 1.701367e-02 9.963558e-01 8.358062e-02 1.241747e+00 -9.784117e-01 -6.290489e-04 2.066643e-01 1.044630e+01
1.789712e-01 -8.378496e-02 9.802802e-01 2.249813e+01 1.215308e-02 9.964796e-01 8.295072e-02 1.305834e+00 -9.837793e-01 -2.932352e-03 1.793594e-01 1.055562e+01
1.492546e-01 -8.365752e-02 9.852535e-01 2.334590e+01 9.246390e-03 9.964890e-01 8.321080e-02 1.365415e+00 -9.887555e-01 -3.309558e-03 1.495041e-01 1.063496e+01
1.161780e-01 -8.353318e-02 9.897095e-01 2.419970e+01 8.355590e-03 9.965040e-01 8.312582e-02 1.407865e+00 -9.931933e-01 -1.387787e-03 1.164699e-01 1.069798e+01
8.203596e-02 -8.163171e-02 9.932808e-01 2.507013e+01 6.299296e-03 9.966625e-01 8.138938e-02 1.476610e+00 -9.966096e-01 -4.198997e-04 8.227640e-02 1.076710e+01
4.766774e-02 -7.926258e-02 9.957135e-01 2.593172e+01 4.602623e-03 9.968535e-01 7.913299e-02 1.533087e+00 -9.988528e-01 8.107936e-04 4.788256e-02 1.081927e+01
1.382732e-02 -7.676285e-02 9.969536e-01 2.679034e+01 2.486507e-03 9.970484e-01 7.673567e-02 1.580015e+00 -9.999014e-01 1.417872e-03 1.397741e-02 1.083701e+01
-1.937985e-02 -7.247197e-02 9.971823e-01 2.765337e+01 6.459832e-03 9.973395e-01 7.260896e-02 1.627034e+00 -9.997915e-01 7.848757e-03 -1.886010e-02 1.082732e+01
-5.173051e-02 -6.751732e-02 9.963761e-01 2.850536e+01 1.150625e-02 9.976054e-01 6.819801e-02 1.669117e+00 -9.985948e-01 1.499247e-02 -5.082977e-02 1.077669e+01
-8.303034e-02 -6.228540e-02 9.945986e-01 2.935540e+01 1.723414e-02 9.978059e-01 6.392498e-02 1.708806e+00 -9.963980e-01 2.244877e-02 -8.177471e-02 1.069270e+01
-1.144623e-01 -5.749360e-02 9.917625e-01 3.023779e+01 2.362311e-02 9.978841e-01 6.057488e-02 1.743269e+00 -9.931467e-01 3.036205e-02 -1.128619e-01 1.060884e+01
-1.442447e-01 -5.156088e-02 9.881979e-01 3.107391e+01 3.174483e-02 9.978864e-01 5.670010e-02 1.780056e+00 -9.890327e-01 3.954885e-02 -1.423030e-01 1.048503e+01
-1.700242e-01 -3.865565e-02 9.846816e-01 3.191359e+01 4.298437e-02 9.979883e-01 4.660011e-02 1.858113e+00 -9.845021e-01 5.024905e-02 -1.680206e-01 1.030611e+01
-1.961709e-01 -2.301916e-02 9.802995e-01 3.273281e+01 4.732740e-02 9.983370e-01 3.291354e-02 1.878053e+00 -9.794270e-01 5.285170e-02 -1.947552e-01 1.012356e+01
-2.225412e-01 -5.718906e-03 9.749065e-01 3.356139e+01 4.864902e-02 9.986719e-01 1.696340e-02 1.883755e+00 -9.737087e-01 5.120331e-02 -2.219675e-01 9.952309e+00
-2.489763e-01 9.598021e-03 9.684620e-01 3.437988e+01 4.738960e-02 9.988739e-01 2.283699e-03 1.888168e+00 -9.673495e-01 4.646362e-02 -2.491508e-01 9.759949e+00
-2.746867e-01 2.009306e-02 9.613238e-01 3.521702e+01 5.217274e-02 9.986203e-01 -5.964881e-03 1.871754e+00 -9.601173e-01 4.851643e-02 -2.753559e-01 9.505025e+00
-2.981380e-01 2.442640e-02 9.542103e-01 3.606786e+01 5.492316e-02 9.984553e-01 -8.398562e-03 1.855579e+00 -9.529415e-01 4.990431e-02 -2.990190e-01 9.212814e+00
-3.206611e-01 2.413332e-02 9.468866e-01 3.683484e+01 5.855857e-02 9.982682e-01 -5.612148e-03 1.838096e+00 -9.453822e-01 5.364872e-02 -3.215190e-01 8.942555e+00
-3.413789e-01 1.951893e-02 9.397233e-01 3.761342e+01 6.242390e-02 9.980478e-01 1.946702e-03 1.820464e+00 -9.378508e-01 5.932574e-02 -3.419309e-01 8.651007e+00
-3.599340e-01 1.856643e-02 9.327930e-01 3.835876e+01 7.094935e-02 9.974515e-01 7.523614e-03 1.812364e+00 -9.302761e-01 6.888907e-02 -3.603340e-01 8.343680e+00
-3.746852e-01 1.903315e-02 9.269568e-01 3.914828e+01 7.486579e-02 9.971456e-01 9.787163e-03 1.797915e+00 -9.241246e-01 7.306445e-02 -3.750405e-01 8.009229e+00
-3.874177e-01 2.257281e-02 9.216279e-01 3.989164e+01 7.776141e-02 9.969377e-01 8.270651e-03 1.790229e+00 -9.186190e-01 7.487129e-02 -3.879865e-01 7.698584e+00
-3.972852e-01 2.642513e-02 9.173147e-01 4.053285e+01 8.072750e-02 9.967166e-01 6.250274e-03 1.788564e+00 -9.141377e-01 7.653566e-02 -3.981141e-01 7.405260e+00
-4.094865e-01 2.612264e-02 9.119420e-01 4.133049e+01 7.383882e-02 9.972596e-01 4.589060e-03 1.780762e+00 -9.093231e-01 6.921589e-02 -4.102933e-01 7.063562e+00
-4.201884e-01 2.599149e-02 9.070648e-01 4.207543e+01 7.396595e-02 9.972445e-01 5.688401e-03 1.777494e+00 -9.044176e-01 6.948210e-02 -4.209530e-01 6.717923e+00
-4.295200e-01 2.815870e-02 9.026183e-01 4.286753e+01 7.532965e-02 9.971474e-01 4.738677e-03 1.783148e+00 -8.999101e-01 7.002927e-02 -4.304159e-01 6.335975e+00
-4.372683e-01 3.166366e-02 8.987737e-01 4.361332e+01 7.820511e-02 9.969330e-01 2.926269e-03 1.782062e+00 -8.959244e-01 7.156825e-02 -4.384034e-01 5.963194e+00
-4.405957e-01 3.623265e-02 8.969741e-01 4.432470e+01 8.089510e-02 9.967225e-01 -5.260557e-04 1.785688e+00 -8.940533e-01 7.232904e-02 -4.420828e-01 5.608422e+00
-4.419196e-01 3.830447e-02 8.962366e-01 4.515341e+01 7.973468e-02 9.968107e-01 -3.287073e-03 1.781767e+00 -8.935041e-01 7.000851e-02 -4.435644e-01 5.204404e+00
-4.374999e-01 3.931281e-02 8.983589e-01 4.593093e+01 8.188090e-02 9.966351e-01 -3.737551e-03 1.781652e+00 -8.954830e-01 7.192326e-02 -4.392467e-01 4.824073e+00
-4.315864e-01 3.866428e-02 9.012427e-01 4.672338e+01 8.005245e-02 9.967808e-01 -4.427524e-03 1.773939e+00 -8.985126e-01 7.023583e-02 -4.332922e-01 4.452082e+00
-4.243491e-01 3.760581e-02 9.047175e-01 4.754913e+01 7.727241e-02 9.969965e-01 -5.197629e-03 1.767374e+00 -9.021956e-01 6.770409e-02 -4.259804e-01 4.066473e+00
-4.174305e-01 3.780018e-02 9.079223e-01 4.835936e+01 7.555313e-02 9.971188e-01 -6.777101e-03 1.761563e+00 -9.055625e-01 6.576741e-02 -4.190837e-01 3.710418e+00
-4.100814e-01 3.653848e-02 9.113170e-01 4.924331e+01 7.164259e-02 9.974002e-01 -7.751653e-03 1.750223e+00 -9.092310e-01 6.211029e-02 -4.116330e-01 3.304749e+00
-4.039723e-01 3.481457e-02 9.141085e-01 5.012100e+01 6.712241e-02 9.977099e-01 -8.335169e-03 1.739719e+00 -9.123054e-01 5.799000e-02 -4.053839e-01 2.907109e+00
-4.010625e-01 3.326878e-02 9.154464e-01 5.098257e+01 6.463484e-02 9.978774e-01 -7.947544e-03 1.724329e+00 -9.137676e-01 5.598228e-02 -4.023615e-01 2.531565e+00
-4.013630e-01 3.093878e-02 9.153963e-01 5.188471e+01 6.211560e-02 9.980478e-01 -6.497157e-03 1.706417e+00 -9.138104e-01 5.425267e-02 -4.025012e-01 2.140618e+00
-4.017265e-01 3.017126e-02 9.152625e-01 5.283567e+01 6.253696e-02 9.980277e-01 -5.450895e-03 1.686427e+00 -9.136218e-01 5.504797e-02 -4.028211e-01 1.730611e+00
-4.018947e-01 3.008963e-02 9.151915e-01 5.377619e+01 6.266613e-02 9.980205e-01 -5.293850e-03 1.675253e+00 -9.135392e-01 5.522393e-02 -4.029847e-01 1.319147e+00
-4.019951e-01 2.976088e-02 9.151583e-01 5.470025e+01 6.398036e-02 9.979417e-01 -4.348805e-03 1.658411e+00 -9.134040e-01 5.680395e-02 -4.030718e-01 9.095870e-01
-4.019570e-01 2.840813e-02 9.152180e-01 5.564962e+01 6.405012e-02 9.979426e-01 -2.845563e-03 1.638991e+00 -9.134158e-01 5.747601e-02 -4.029496e-01 5.003301e-01
-4.013435e-01 2.859310e-02 9.154812e-01 5.660088e+01 6.519826e-02 9.978690e-01 -2.583635e-03 1.618698e+00 -9.136042e-01 5.865085e-02 -4.023525e-01 8.850484e-02
-4.011325e-01 2.803663e-02 9.155909e-01 5.755519e+01 6.393079e-02 9.979511e-01 -2.549681e-03 1.607860e+00 -9.137864e-01 5.751169e-02 -4.021029e-01 -3.212052e-01
-4.012350e-01 2.621742e-02 9.155999e-01 5.852041e+01 6.148936e-02 9.981064e-01 -1.633999e-03 1.586019e+00 -9.139090e-01 5.564403e-02 -4.020873e-01 -7.304770e-01
-4.016238e-01 2.498691e-02 9.154638e-01 5.945248e+01 6.075602e-02 9.981525e-01 -5.895225e-04 1.561574e+00 -9.137872e-01 5.538317e-02 -4.023999e-01 -1.137792e+00
-4.022028e-01 2.225475e-02 9.152803e-01 6.030868e+01 6.101247e-02 9.981338e-01 2.541473e-03 1.531710e+00 -9.135156e-01 5.686569e-02 -4.028100e-01 -1.476871e+00
-4.001638e-01 1.967095e-02 9.162325e-01 6.128444e+01 6.100390e-02 9.981239e-01 5.214293e-03 1.514559e+00 -9.144110e-01 5.798033e-02 -4.006130e-01 -1.896395e+00
-3.973799e-01 1.903218e-02 9.174569e-01 6.221470e+01 6.219024e-02 9.980448e-01 6.232640e-03 1.505369e+00 -9.155445e-01 5.953359e-02 -3.977865e-01 -2.297154e+00
-3.934815e-01 1.973581e-02 9.191207e-01 6.318612e+01 6.261658e-02 9.980232e-01 5.376523e-03 1.504574e+00 -9.171976e-01 5.966775e-02 -3.939394e-01 -2.746231e+00
-3.908899e-01 1.924621e-02 9.202362e-01 6.419815e+01 6.381053e-02 9.979426e-01 6.233482e-03 1.483583e+00 -9.182230e-01 6.115736e-02 -3.913137e-01 -3.167746e+00
-3.878939e-01 1.982311e-02 9.214911e-01 6.506679e+01 6.327065e-02 9.979830e-01 5.164627e-03 1.473433e+00 -9.195301e-01 6.030666e-02 -3.883657e-01 -3.582084e+00
-3.892592e-01 2.093981e-02 9.208902e-01 6.607012e+01 6.283835e-02 9.980162e-01 3.868140e-03 1.455467e+00 -9.189824e-01 5.937292e-02 -3.898029e-01 -3.995126e+00
-3.913702e-01 2.268723e-02 9.199538e-01 6.700256e+01 6.231363e-02 9.980548e-01 1.896387e-03 1.435666e+00 -9.181212e-01 5.806784e-02 -3.920226e-01 -4.403731e+00
-3.962344e-01 2.361998e-02 9.178455e-01 6.795160e+01 6.104931e-02 9.981346e-01 6.688664e-04 1.422038e+00 -9.161175e-01 5.629887e-02 -3.969371e-01 -4.808572e+00
-4.017682e-01 2.337879e-02 9.154431e-01 6.887101e+01 6.293400e-02 9.980154e-01 2.132829e-03 1.416074e+00 -9.135764e-01 5.846940e-02 -4.024422e-01 -5.218374e+00
-4.082080e-01 2.052009e-02 9.126583e-01 6.980949e+01 6.317119e-02 9.979858e-01 5.816226e-03 1.399745e+00 -9.107006e-01 6.002794e-02 -4.086821e-01 -5.648088e+00
-4.127594e-01 1.856045e-02 9.106509e-01 7.070660e+01 5.997306e-02 9.981766e-01 6.838890e-03 1.384702e+00 -9.088635e-01 5.743735e-02 -4.131199e-01 -6.063316e+00
-4.179435e-01 2.110795e-02 9.082278e-01 7.162731e+01 6.118654e-02 9.981140e-01 4.959516e-03 1.367539e+00 -9.064102e-01 5.764411e-02 -4.184468e-01 -6.475934e+00
-4.231026e-01 2.418900e-02 9.057589e-01 7.257185e+01 6.494879e-02 9.978818e-01 3.689988e-03 1.358402e+00 -9.037511e-01 6.038918e-02 -4.237775e-01 -6.914866e+00
-4.271502e-01 2.716372e-02 9.037728e-01 7.344810e+01 6.255795e-02 9.980412e-01 -4.302877e-04 1.351201e+00 -9.020142e-01 5.635437e-02 -4.280128e-01 -7.317381e+00
-4.333283e-01 2.714277e-02 9.008273e-01 7.441131e+01 6.175397e-02 9.980913e-01 -3.676853e-04 1.329212e+00 -8.991179e-01 5.547033e-02 -4.341774e-01 -7.719867e+00
-4.368920e-01 2.838973e-02 8.990660e-01 7.532867e+01 6.482945e-02 9.978964e-01 -7.279521e-06 1.316481e+00 -8.971748e-01 5.828277e-02 -4.378134e-01 -8.157084e+00
-4.404476e-01 2.237178e-02 8.974996e-01 7.624093e+01 6.764314e-02 9.976748e-01 8.327014e-03 1.307638e+00 -8.952265e-01 6.437731e-02 -4.409367e-01 -8.567429e+00
-4.414270e-01 1.622758e-02 8.971505e-01 7.709660e+01 7.109420e-02 9.973257e-01 1.694110e-02 1.299181e+00 -8.944763e-01 7.126045e-02 -4.414002e-01 -8.984226e+00
-4.446890e-01 1.486769e-02 8.955619e-01 7.799831e+01 6.984126e-02 9.973935e-01 1.812124e-02 1.301721e+00 -8.929582e-01 7.060547e-02 -4.445683e-01 -9.418222e+00
-4.451671e-01 2.078171e-02 8.952064e-01 7.888868e+01 7.242949e-02 9.972906e-01 1.286610e-02 1.295830e+00 -8.925135e-01 7.056691e-02 -4.454662e-01 -9.861217e+00
-4.479265e-01 2.555321e-02 8.937053e-01 7.981062e+01 7.127932e-02 9.974304e-01 7.206333e-03 1.284042e+00 -8.912246e-01 6.693060e-02 -4.485970e-01 -1.030412e+01
-4.483938e-01 3.288483e-02 8.932309e-01 8.066875e+01 8.381169e-02 9.964671e-01 5.387180e-03 1.269971e+00 -8.898981e-01 7.727877e-02 -4.495658e-01 -1.072764e+01
-4.468417e-01 3.799410e-02 8.938058e-01 8.149651e+01 9.003137e-02 9.959353e-01 2.674076e-03 1.276334e+00 -8.900712e-01 8.166546e-02 -4.484462e-01 -1.115406e+01
-4.487519e-01 3.169258e-02 8.930942e-01 8.239848e+01 8.620715e-02 9.962454e-01 7.963374e-03 1.244259e+00 -8.894886e-01 8.056469e-02 -4.497992e-01 -1.159340e+01
-4.471879e-01 3.113423e-02 8.938982e-01 8.323490e+01 9.021454e-02 9.958676e-01 1.044555e-02 1.262448e+00 -8.898790e-01 8.531373e-02 -4.481486e-01 -1.199184e+01
-4.486428e-01 2.129787e-02 8.934577e-01 8.424072e+01 7.925440e-02 9.967254e-01 1.603744e-02 1.236436e+00 -8.901904e-01 7.800552e-02 -4.488616e-01 -1.248347e+01
-4.490225e-01 1.831043e-02 8.933327e-01 8.512836e+01 7.189622e-02 9.972886e-01 1.569655e-02 1.265582e+00 -8.906232e-01 7.127535e-02 -4.491216e-01 -1.289696e+01
-4.493078e-01 1.517197e-02 8.932483e-01 8.604903e+01 6.422857e-02 9.978170e-01 1.535916e-02 1.280744e+00 -8.910652e-01 6.427304e-02 -4.493014e-01 -1.331908e+01
-4.462758e-01 1.631040e-02 8.947468e-01 8.688464e+01 6.677607e-02 9.976534e-01 1.511983e-02 1.284096e+00 -8.924006e-01 6.649530e-02 -4.463178e-01 -1.374316e+01
-4.416236e-01 2.196587e-02 8.969315e-01 8.766486e+01 7.614341e-02 9.970112e-01 1.307403e-02 1.280130e+00 -8.939635e-01 7.406922e-02 -4.419762e-01 -1.415626e+01
-4.374171e-01 2.521049e-02 8.989053e-01 8.852839e+01 7.913901e-02 9.968077e-01 1.055366e-02 1.282789e+00 -8.957697e-01 7.575482e-02 -4.380159e-01 -1.456920e+01
-4.289941e-01 2.717583e-02 9.028985e-01 8.938087e+01 8.058380e-02 9.967134e-01 8.288260e-03 1.297519e+00 -8.997058e-01 7.631461e-02 -4.297740e-01 -1.498123e+01
-4.193283e-01 3.133214e-02 9.072941e-01 9.021075e+01 9.514941e-02 9.954167e-01 9.600278e-03 1.261399e+00 -9.028349e-01 9.035414e-02 -4.203876e-01 -1.539220e+01
-4.106035e-01 2.972685e-02 9.113293e-01 9.110917e+01 8.696680e-02 9.961888e-01 6.688379e-03 1.271607e+00 -9.076572e-01 8.200166e-02 -4.116238e-01 -1.577631e+01
-3.993069e-01 2.988677e-02 9.163300e-01 9.197855e+01 8.567178e-02 9.963117e-01 4.837556e-03 1.283206e+00 -9.128057e-01 8.043530e-02 -4.003946e-01 -1.614077e+01
-3.858558e-01 2.793806e-02 9.221359e-01 9.283036e+01 8.771027e-02 9.961247e-01 6.521514e-03 1.277255e+00 -9.183802e-01 8.339716e-02 -3.868109e-01 -1.650619e+01
-3.746936e-01 2.748214e-02 9.267415e-01 9.369353e+01 8.553065e-02 9.963228e-01 5.035594e-03 1.260390e+00 -9.231953e-01 8.115159e-02 -3.756664e-01 -1.684711e+01
-3.627985e-01 2.715983e-02 9.314718e-01 9.460076e+01 8.385460e-02 9.964715e-01 3.605385e-03 1.261934e+00 -9.280872e-01 7.941622e-02 -3.637958e-01 -1.717558e+01
-3.505418e-01 2.945231e-02 9.360839e-01 9.547771e+01 8.600024e-02 9.962947e-01 8.583572e-04 1.242626e+00 -9.325902e-01 8.080433e-02 -3.517759e-01 -1.750637e+01
-3.358843e-01 3.385005e-02 9.412947e-01 9.636246e+01 8.783424e-02 9.961250e-01 -4.479715e-03 1.213836e+00 -9.377989e-01 8.117324e-02 -3.375560e-01 -1.783136e+01
-3.235818e-01 4.378716e-02 9.451867e-01 9.724876e+01 9.137049e-02 9.957063e-01 -1.484716e-02 1.196660e+00 -9.417785e-01 8.155789e-02 -3.261933e-01 -1.814884e+01
-3.105342e-01 4.943786e-02 9.492759e-01 9.815212e+01 9.037630e-02 9.956582e-01 -2.228887e-02 1.180053e+00 -9.462562e-01 7.887058e-02 -3.136541e-01 -1.844347e+01
-2.994106e-01 4.779985e-02 9.529265e-01 9.908302e+01 8.812848e-02 9.958603e-01 -2.226340e-02 1.162959e+00 -9.500458e-01 7.731405e-02 -3.023837e-01 -1.871956e+01
-2.850145e-01 4.779603e-02 9.573310e-01 9.998121e+01 9.331780e-02 9.953952e-01 -2.191408e-02 1.161629e+00 -9.539700e-01 8.309018e-02 -2.881624e-01 -1.899819e+01
-2.742985e-01 4.840068e-02 9.604260e-01 1.008813e+02 9.042852e-02 9.956053e-01 -2.434710e-02 1.106543e+00 -9.573836e-01 8.017153e-02 -2.774699e-01 -1.926242e+01
-2.661552e-01 5.441258e-02 9.623932e-01 1.017904e+02 9.477267e-02 9.950453e-01 -3.004878e-02 1.033015e+00 -9.592599e-01 8.321093e-02 -2.699934e-01 -1.951560e+01
-2.642224e-01 5.967047e-02 9.626142e-01 1.026971e+02 8.143955e-02 9.959000e-01 -3.937993e-02 9.885564e-01 -9.610173e-01 6.798981e-02 -2.679986e-01 -1.972695e+01
-2.605840e-01 6.021086e-02 9.635718e-01 1.035690e+02 8.085036e-02 9.959085e-01 -4.036668e-02 9.007042e-01 -9.620599e-01 6.738621e-02 -2.643858e-01 -1.996653e+01
-2.567711e-01 5.664920e-02 9.648106e-01 1.044388e+02 8.101045e-02 9.960291e-01 -3.692240e-02 7.793984e-01 -9.630711e-01 6.867914e-02 -2.603407e-01 -2.020396e+01
-2.517380e-01 5.605907e-02 9.661707e-01 1.053401e+02 8.108234e-02 9.960328e-01 -3.666557e-02 7.312898e-01 -9.643931e-01 6.910927e-02 -2.552847e-01 -2.044321e+01
-2.456462e-01 5.229149e-02 9.679481e-01 1.062453e+02 7.613894e-02 9.964998e-01 -3.451137e-02 6.895506e-01 -9.663647e-01 6.522096e-02 -2.487679e-01 -2.066870e+01
-2.397294e-01 4.763858e-02 9.696704e-01 1.071076e+02 7.584840e-02 9.966615e-01 -3.021280e-02 6.260442e-01 -9.678724e-01 6.630504e-02 -2.425424e-01 -2.089359e+01
-2.348707e-01 4.492172e-02 9.709882e-01 1.080426e+02 7.428025e-02 9.968400e-01 -2.815021e-02 5.834260e-01 -9.691844e-01 6.551357e-02 -2.374654e-01 -2.109469e+01
-2.281494e-01 4.483670e-02 9.725932e-01 1.088994e+02 6.605349e-02 9.973503e-01 -3.048329e-02 5.484433e-01 -9.713829e-01 5.728843e-02 -2.305065e-01 -2.129558e+01
-2.228168e-01 4.563235e-02 9.737919e-01 1.098190e+02 5.981342e-02 9.976618e-01 -3.306479e-02 5.012891e-01 -9.730238e-01 5.087844e-02 -2.250253e-01 -2.147563e+01
-2.190557e-01 4.968190e-02 9.744469e-01 1.106870e+02 6.048287e-02 9.974736e-01 -3.725938e-02 4.561771e-01 -9.738361e-01 5.077546e-02 -2.215072e-01 -2.163247e+01
-2.098511e-01 5.343599e-02 9.762720e-01 1.115139e+02 6.272126e-02 9.971845e-01 -4.109861e-02 4.130108e-01 -9.757195e-01 5.260843e-02 -2.126118e-01 -2.185488e+01
-2.027004e-01 5.112631e-02 9.779052e-01 1.123613e+02 6.099946e-02 9.973559e-01 -3.949923e-02 3.649294e-01 -9.773390e-01 5.164517e-02 -2.052832e-01 -2.204799e+01
-1.956426e-01 4.733378e-02 9.795323e-01 1.132468e+02 6.153383e-02 9.974588e-01 -3.590985e-02 3.246503e-01 -9.787428e-01 5.324887e-02 -1.980581e-01 -2.222876e+01
-1.886446e-01 4.429872e-02 9.810458e-01 1.140955e+02 5.782982e-02 9.977496e-01 -3.393292e-02 2.713690e-01 -9.803413e-01 5.033244e-02 -1.907818e-01 -2.238655e+01
-1.834573e-01 4.726578e-02 9.818908e-01 1.150147e+02 5.715889e-02 9.976664e-01 -3.734557e-02 2.256191e-01 -9.813645e-01 4.927247e-02 -1.857308e-01 -2.253926e+01
-1.768180e-01 5.015149e-02 9.829651e-01 1.158805e+02 5.225698e-02 9.977707e-01 -4.150678e-02 1.879552e-01 -9.828554e-01 4.402764e-02 -1.790446e-01 -2.270006e+01
-1.717629e-01 4.966881e-02 9.838855e-01 1.167621e+02 4.641995e-02 9.980269e-01 -4.227889e-02 1.331929e-01 -9.840441e-01 3.840997e-02 -1.737297e-01 -2.283408e+01
-1.638002e-01 4.912885e-02 9.852694e-01 1.176509e+02 4.119331e-02 9.982286e-01 -4.292669e-02 6.297512e-02 -9.856331e-01 3.355511e-02 -1.655339e-01 -2.298720e+01
-1.571764e-01 4.674867e-02 9.864635e-01 1.185143e+02 4.144350e-02 9.983113e-01 -4.070681e-02 -2.073519e-02 -9.867006e-01 3.448435e-02 -1.588484e-01 -2.311111e+01
-1.506826e-01 4.548000e-02 9.875355e-01 1.195090e+02 3.358220e-02 9.986001e-01 -4.086545e-02 -1.255889e-01 -9.880117e-01 2.700590e-02 -1.519990e-01 -2.324477e+01
-1.463917e-01 4.500551e-02 9.882023e-01 1.205008e+02 3.265828e-02 9.986399e-01 -4.064288e-02 -1.752469e-01 -9.886874e-01 2.632320e-02 -1.476624e-01 -2.335940e+01
-1.411903e-01 4.370330e-02 9.890173e-01 1.214430e+02 2.208821e-02 9.989155e-01 -4.098741e-02 -2.394194e-01 -9.897360e-01 1.605860e-02 -1.420025e-01 -2.346157e+01
-1.356710e-01 4.269289e-02 9.898337e-01 1.222680e+02 1.951664e-02 9.989924e-01 -4.041288e-02 -2.872819e-01 -9.905617e-01 1.383537e-02 -1.363674e-01 -2.356418e+01
-1.292585e-01 4.490112e-02 9.905939e-01 1.231032e+02 2.473000e-02 9.988096e-01 -4.204660e-02 -3.031116e-01 -9.913025e-01 1.906250e-02 -1.302150e-01 -2.368105e+01
-1.255323e-01 4.734724e-02 9.909592e-01 1.240693e+02 2.853608e-02 9.986196e-01 -4.409837e-02 -3.373864e-01 -9.916791e-01 2.274233e-02 -1.267101e-01 -2.378969e+01
-1.194961e-01 4.970820e-02 9.915896e-01 1.249511e+02 3.097573e-02 9.984463e-01 -4.631905e-02 -3.753538e-01 -9.923514e-01 2.518026e-02 -1.208502e-01 -2.389541e+01
-1.154205e-01 4.756032e-02 9.921775e-01 1.258696e+02 3.575189e-02 9.984048e-01 -4.369980e-02 -4.316787e-01 -9.926732e-01 3.042837e-02 -1.169367e-01 -2.399841e+01
-1.104521e-01 4.811349e-02 9.927162e-01 1.267665e+02 4.461400e-02 9.980608e-01 -4.340866e-02 -4.582340e-01 -9.928796e-01 3.949446e-02 -1.123844e-01 -2.410433e+01
-1.048456e-01 4.825730e-02 9.933171e-01 1.275885e+02 4.677468e-02 9.979559e-01 -4.354556e-02 -5.040609e-01 -9.933881e-01 4.189653e-02 -1.068885e-01 -2.418764e+01
-1.003487e-01 5.111330e-02 9.936385e-01 1.285263e+02 4.663033e-02 9.978238e-01 -4.661934e-02 -5.490405e-01 -9.938590e-01 4.165550e-02 -1.025138e-01 -2.427857e+01
-9.511876e-02 5.374848e-02 9.940138e-01 1.294383e+02 4.848243e-02 9.976065e-01 -4.930338e-02 -6.013393e-01 -9.942846e-01 4.350253e-02 -9.749699e-02 -2.439126e+01
-9.403038e-02 5.479854e-02 9.940600e-01 1.303216e+02 4.512398e-02 9.976925e-01 -5.073040e-02 -6.543846e-01 -9.945462e-01 4.008574e-02 -9.628618e-02 -2.445322e+01
-9.504366e-02 5.381721e-02 9.940173e-01 1.312857e+02 4.343066e-02 9.978110e-01 -4.986995e-02 -7.124786e-01 -9.945253e-01 3.843100e-02 -9.717286e-02 -2.452856e+01
-9.464395e-02 4.880982e-02 9.943140e-01 1.321786e+02 4.846015e-02 9.978391e-01 -4.437017e-02 -7.841253e-01 -9.943311e-01 4.398523e-02 -9.680486e-02 -2.461149e+01
-9.344125e-02 4.343589e-02 9.946770e-01 1.330644e+02 4.775755e-02 9.980934e-01 -3.909869e-02 -8.393210e-01 -9.944789e-01 4.384990e-02 -9.533751e-02 -2.470863e+01
-9.223831e-02 4.217890e-02 9.948432e-01 1.339350e+02 4.606668e-02 9.982134e-01 -3.805064e-02 -8.844721e-01 -9.946707e-01 4.231939e-02 -9.401655e-02 -2.477830e+01
-9.140730e-02 4.876821e-02 9.946188e-01 1.348562e+02 4.530161e-02 9.979697e-01 -4.476922e-02 -9.198749e-01 -9.947827e-01 4.096560e-02 -9.343100e-02 -2.485569e+01
-9.224975e-02 5.364008e-02 9.942903e-01 1.357348e+02 4.084733e-02 9.979113e-01 -5.004565e-02 -9.525010e-01 -9.948979e-01 3.599741e-02 -9.424806e-02 -2.491150e+01
-9.271836e-02 5.316521e-02 9.942719e-01 1.366476e+02 3.873435e-02 9.980102e-01 -4.975302e-02 -1.013505e+00 -9.949386e-01 3.389946e-02 -9.459329e-02 -2.498417e+01
-9.195137e-02 5.359472e-02 9.943202e-01 1.375155e+02 3.753560e-02 9.980274e-01 -5.032338e-02 -1.057464e+00 -9.950559e-01 3.269510e-02 -9.378171e-02 -2.505587e+01
-9.217489e-02 5.389088e-02 9.942835e-01 1.384205e+02 3.781475e-02 9.980035e-01 -5.058690e-02 -1.097851e+00 -9.950246e-01 3.293574e-02 -9.402871e-02 -2.513485e+01
-9.295487e-02 5.724252e-02 9.940235e-01 1.392941e+02 3.212266e-02 9.979987e-01 -5.446753e-02 -1.143497e+00 -9.951520e-01 2.686765e-02 -9.460759e-02 -2.520738e+01
-9.502494e-02 6.138795e-02 9.935803e-01 1.401515e+02 1.414252e-02 9.980793e-01 -6.031335e-02 -1.175781e+00 -9.953745e-01 8.320460e-03 -9.571064e-02 -2.526396e+01
-9.519970e-02 6.489573e-02 9.933407e-01 1.410013e+02 9.851228e-03 9.978853e-01 -6.424851e-02 -1.228038e+00 -9.954095e-01 3.669193e-03 -9.563768e-02 -2.532689e+01
-9.521306e-02 6.940593e-02 9.930344e-01 1.418520e+02 1.214370e-02 9.975731e-01 -6.855880e-02 -1.284071e+00 -9.953828e-01 5.531419e-03 -9.582484e-02 -2.539688e+01
-9.589887e-02 7.106267e-02 9.928513e-01 1.427088e+02 9.617510e-03 9.974679e-01 -7.046416e-02 -1.344193e+00 -9.953446e-01 2.791323e-03 -9.633946e-02 -2.546581e+01
-9.505212e-02 7.232915e-02 9.928413e-01 1.435519e+02 5.918831e-03 9.973803e-01 -7.209317e-02 -1.403592e+00 -9.954548e-01 -9.761439e-04 -9.523129e-02 -2.553256e+01
-9.068811e-02 7.373483e-02 9.931459e-01 1.443672e+02 1.386344e-02 9.972521e-01 -7.277377e-02 -1.461431e+00 -9.957829e-01 7.168696e-03 -9.146118e-02 -2.563538e+01
-9.010637e-02 7.198925e-02 9.933269e-01 1.451488e+02 1.181032e-02 9.973912e-01 -7.121246e-02 -1.506553e+00 -9.958621e-01 5.314813e-03 -9.072149e-02 -2.569118e+01
-8.549964e-02 6.964911e-02 9.939010e-01 1.459996e+02 2.180181e-02 9.974456e-01 -6.802203e-02 -1.512383e+00 -9.960998e-01 1.585298e-02 -8.679974e-02 -2.580767e+01
-8.186412e-02 6.927496e-02 9.942330e-01 1.466594e+02 2.616133e-02 9.973870e-01 -6.734062e-02 -1.584337e+00 -9.963001e-01 2.049767e-02 -8.346260e-02 -2.586331e+01
-7.805324e-02 7.232907e-02 9.943219e-01 1.475586e+02 2.030316e-02 9.972732e-01 -7.094997e-02 -1.681509e+00 -9.967424e-01 1.465000e-02 -7.930899e-02 -2.593275e+01
-7.076240e-02 7.668208e-02 9.945413e-01 1.483487e+02 2.428394e-02 9.968777e-01 -7.513440e-02 -1.739650e+00 -9.971975e-01 1.883469e-02 -7.240367e-02 -2.599508e+01
-6.436336e-02 7.914082e-02 9.947836e-01 1.491025e+02 2.003817e-02 9.967519e-01 -7.800094e-02 -1.777078e+00 -9.977255e-01 1.491325e-02 -6.574011e-02 -2.603723e+01
-5.492091e-02 7.716655e-02 9.955044e-01 1.498027e+02 1.959742e-02 9.969004e-01 -7.619359e-02 -1.813745e+00 -9.982984e-01 1.532470e-02 -5.626285e-02 -2.607994e+01
-4.299271e-02 7.724995e-02 9.960844e-01 1.504994e+02 2.570579e-02 9.967617e-01 -7.619298e-02 -1.859530e+00 -9.987447e-01 2.232940e-02 -4.483914e-02 -2.611805e+01
-2.928627e-02 8.084234e-02 9.962967e-01 1.512025e+02 2.593307e-02 9.964500e-01 -8.009248e-02 -1.910902e+00 -9.992347e-01 2.349142e-02 -3.127885e-02 -2.614510e+01
-1.520252e-02 8.210821e-02 9.965075e-01 1.520689e+02 2.526521e-02 9.963360e-01 -8.170865e-02 -1.990663e+00 -9.995652e-01 2.393479e-02 -1.722121e-02 -2.615404e+01
-2.011538e-03 8.237281e-02 9.965997e-01 1.524841e+02 2.609247e-02 9.962666e-01 -8.229262e-02 -2.022146e+00 -9.996576e-01 2.583822e-02 -4.153252e-03 -2.617488e+01
1.081806e-02 8.480141e-02 9.963393e-01 1.532563e+02 2.342717e-02 9.961025e-01 -8.503564e-02 -2.094692e+00 -9.996672e-01 2.426134e-02 8.789241e-03 -2.616278e+01
2.540559e-02 9.169641e-02 9.954629e-01 1.539036e+02 2.248108e-02 9.954801e-01 -9.227175e-02 -2.166771e+00 -9.994245e-01 2.472330e-02 2.322930e-02 -2.614889e+01
3.855294e-02 9.950957e-02 9.942895e-01 1.547315e+02 2.003507e-02 9.947522e-01 -1.003327e-01 -2.264081e+00 -9.990557e-01 2.378878e-02 3.635693e-02 -2.610999e+01
5.327791e-02 1.097047e-01 9.925353e-01 1.555341e+02 2.182686e-02 9.935816e-01 -1.109920e-01 -2.321287e+00 -9.983411e-01 2.757734e-02 5.054140e-02 -2.606318e+01
6.577492e-02 1.119734e-01 9.915320e-01 1.562511e+02 2.327477e-02 9.932413e-01 -1.137104e-01 -2.386951e+00 -9.975630e-01 3.055696e-02 6.272417e-02 -2.601137e+01
7.841861e-02 1.117761e-01 9.906344e-01 1.569891e+02 1.874240e-02 9.933536e-01 -1.135666e-01 -2.449563e+00 -9.967443e-01 2.747260e-02 7.580245e-02 -2.595146e+01
8.731216e-02 1.094130e-01 9.901542e-01 1.576857e+02 1.347480e-02 9.937295e-01 -1.109963e-01 -2.556152e+00 -9.960899e-01 2.303345e-02 8.529037e-02 -2.586590e+01
9.590846e-02 1.161653e-01 9.885885e-01 1.584692e+02 9.951366e-03 9.930053e-01 -1.176498e-01 -2.656718e+00 -9.953404e-01 2.112141e-02 9.408158e-02 -2.578209e+01
1.020625e-01 1.256070e-01 9.868162e-01 1.592197e+02 6.073011e-03 9.918992e-01 -1.268821e-01 -2.736742e+00 -9.947595e-01 1.894285e-02 1.004729e-01 -2.569722e+01
1.047383e-01 1.310318e-01 9.858299e-01 1.599565e+02 4.265439e-03 9.912138e-01 -1.322006e-01 -2.792675e+00 -9.944907e-01 1.805146e-02 1.032591e-01 -2.561511e+01
1.047358e-01 1.284394e-01 9.861714e-01 1.607215e+02 3.627685e-03 9.915692e-01 -1.295277e-01 -2.879743e+00 -9.944935e-01 1.714372e-02 1.033868e-01 -2.552914e+01
1.030412e-01 1.268425e-01 9.865564e-01 1.614532e+02 1.391640e-03 9.918165e-01 -1.276642e-01 -2.936320e+00 -9.946761e-01 1.452760e-02 1.020215e-01 -2.545238e+01
1.019559e-01 1.245241e-01 9.869644e-01 1.622295e+02 1.181346e-02 9.919130e-01 -1.263689e-01 -3.032623e+00 -9.947188e-01 2.454352e-02 9.966028e-02 -2.538242e+01
9.919196e-02 1.257963e-01 9.870847e-01 1.629913e+02 1.361582e-02 9.917124e-01 -1.277543e-01 -3.119539e+00 -9.949752e-01 2.611217e-02 9.665704e-02 -2.530613e+01
9.379512e-02 1.256630e-01 9.876291e-01 1.637558e+02 1.191790e-02 9.917896e-01 -1.273242e-01 -3.227413e+00 -9.955202e-01 2.371285e-02 9.152740e-02 -2.522363e+01
8.965760e-02 1.250482e-01 9.880913e-01 1.644971e+02 1.117567e-02 9.918981e-01 -1.265440e-01 -3.330198e+00 -9.959099e-01 2.238822e-02 8.753371e-02 -2.516042e+01
8.478415e-02 1.258632e-01 9.884181e-01 1.652831e+02 1.120361e-02 9.918067e-01 -1.272558e-01 -3.430458e+00 -9.963365e-01 2.186313e-02 8.267933e-02 -2.509955e+01
7.874066e-02 1.255195e-01 9.889615e-01 1.660841e+02 1.158731e-02 9.918594e-01 -1.268098e-01 -3.527750e+00 -9.968278e-01 2.144449e-02 7.664526e-02 -2.503354e+01
7.351494e-02 1.263974e-01 9.892519e-01 1.668358e+02 1.626577e-02 9.916520e-01 -1.279128e-01 -3.610856e+00 -9.971615e-01 2.549445e-02 7.084525e-02 -2.497807e+01
6.702405e-02 1.280677e-01 9.894981e-01 1.674949e+02 1.446398e-02 9.914992e-01 -1.293064e-01 -3.687039e+00 -9.976466e-01 2.297873e-02 6.460196e-02 -2.493007e+01
6.114459e-02 1.296673e-01 9.896705e-01 1.681835e+02 1.896919e-02 9.911957e-01 -1.310391e-01 -3.790020e+00 -9.979486e-01 2.678559e-02 5.814660e-02 -2.488252e+01
5.603886e-02 1.338960e-01 9.894097e-01 1.689071e+02 1.739911e-02 9.906855e-01 -1.350541e-01 -3.877445e+00 -9.982769e-01 2.478312e-02 5.318725e-02 -2.483909e+01
5.355650e-02 1.374633e-01 9.890579e-01 1.696777e+02 1.643577e-02 9.902239e-01 -1.385154e-01 -3.978971e+00 -9.984295e-01 2.367433e-02 5.077362e-02 -2.479778e+01
5.244118e-02 1.417413e-01 9.885137e-01 1.703589e+02 1.998037e-02 9.895287e-01 -1.429468e-01 -4.048084e+00 -9.984241e-01 2.724716e-02 4.905999e-02 -2.476577e+01
5.319470e-02 1.431986e-01 9.882634e-01 1.710317e+02 2.236059e-02 9.892456e-01 -1.445445e-01 -4.116768e+00 -9.983338e-01 2.978716e-02 4.942060e-02 -2.473717e+01
5.679542e-02 1.393493e-01 9.886132e-01 1.717329e+02 2.370718e-02 9.897441e-01 -1.408707e-01 -4.235741e+00 -9.981043e-01 3.143805e-02 5.290937e-02 -2.469600e+01
6.297761e-02 1.411549e-01 9.879824e-01 1.724289e+02 2.116991e-02 9.895357e-01 -1.427263e-01 -4.331862e+00 -9.977905e-01 2.990406e-02 5.933034e-02 -2.464636e+01
7.471532e-02 1.460966e-01 9.864448e-01 1.731327e+02 1.847321e-02 9.888372e-01 -1.478501e-01 -4.397826e+00 -9.970337e-01 2.926946e-02 7.118243e-02 -2.459909e+01
8.861256e-02 1.463631e-01 9.852542e-01 1.738105e+02 1.928130e-02 9.887078e-01 -1.486103e-01 -4.500233e+00 -9.958796e-01 3.216572e-02 8.478981e-02 -2.453969e+01
1.029135e-01 1.466904e-01 9.838144e-01 1.744294e+02 1.479277e-02 9.887309e-01 -1.489708e-01 -4.584749e+00 -9.945803e-01 2.988446e-02 9.958380e-02 -2.447253e+01
1.182348e-01 1.420815e-01 9.827683e-01 1.751254e+02 1.057654e-02 9.894741e-01 -1.443234e-01 -4.693842e+00 -9.929295e-01 2.745833e-02 1.154875e-01 -2.437497e+01
1.323026e-01 1.364550e-01 9.817719e-01 1.757171e+02 4.509576e-03 9.903857e-01 -1.382600e-01 -4.795083e+00 -9.911991e-01 2.271952e-02 1.304152e-01 -2.428377e+01
1.482878e-01 1.303861e-01 9.803113e-01 1.763467e+02 2.436216e-03 9.912193e-01 -1.322055e-01 -4.878584e+00 -9.889413e-01 2.199271e-02 1.466681e-01 -2.418304e+01
1.644959e-01 1.245655e-01 9.784809e-01 1.769035e+02 -3.134423e-03 9.920549e-01 -1.257666e-01 -4.960685e+00 -9.863729e-01 1.762113e-02 1.635794e-01 -2.408377e+01
1.815595e-01 1.187007e-01 9.761898e-01 1.774697e+02 -7.830117e-03 9.928312e-01 -1.192679e-01 -5.047394e+00 -9.833489e-01 1.401056e-02 1.811873e-01 -2.397678e+01
1.982616e-01 1.193123e-01 9.728602e-01 1.780365e+02 -1.607856e-02 9.928257e-01 -1.184843e-01 -5.119073e+00 -9.800173e-01 7.848693e-03 1.987576e-01 -2.385115e+01
2.147924e-01 1.173300e-01 9.695865e-01 1.786880e+02 -1.746210e-02 9.930604e-01 -1.163022e-01 -5.217847e+00 -9.765036e-01 8.049822e-03 2.153507e-01 -2.368932e+01
2.308701e-01 1.168809e-01 9.659389e-01 1.793310e+02 -2.237002e-02 9.931338e-01 -1.148249e-01 -5.339149e+00 -9.727274e-01 4.901562e-03 2.318995e-01 -2.351492e+01
2.467992e-01 1.135584e-01 9.623901e-01 1.799765e+02 -2.931309e-02 9.935307e-01 -1.097157e-01 -5.450203e+00 -9.686232e-01 -1.132874e-03 2.485313e-01 -2.333096e+01
2.585029e-01 1.146197e-01 9.591864e-01 1.805480e+02 -3.855170e-02 9.933689e-01 -1.083146e-01 -5.516546e+00 -9.652409e-01 -8.978620e-03 2.612075e-01 -2.315066e+01
2.700798e-01 1.134338e-01 9.561327e-01 1.811738e+02 -3.551415e-02 9.935338e-01 -1.078392e-01 -5.550791e+00 -9.621828e-01 -4.831038e-03 2.723619e-01 -2.296954e+01
2.800825e-01 1.143693e-01 9.531388e-01 1.818162e+02 -3.643740e-02 9.934288e-01 -1.084965e-01 -5.604280e+00 -9.592842e-01 -4.341909e-03 2.824094e-01 -2.276934e+01
2.886984e-01 1.195178e-01 9.499310e-01 1.823742e+02 -4.180290e-02 9.928051e-01 -1.122076e-01 -5.663676e+00 -9.565071e-01 -7.315692e-03 2.916174e-01 -2.258498e+01
2.970102e-01 1.264941e-01 9.464588e-01 1.829608e+02 -4.558513e-02 9.919350e-01 -1.182669e-01 -5.737672e+00 -9.537856e-01 -8.017977e-03 3.003811e-01 -2.238228e+01
3.061264e-01 1.371732e-01 9.420564e-01 1.835481e+02 -4.814941e-02 9.905289e-01 -1.285849e-01 -5.814151e+00 -9.507725e-01 -5.996221e-03 3.098319e-01 -2.218081e+01
3.156300e-01 1.412671e-01 9.383076e-01 1.841803e+02 -4.186379e-02 9.899660e-01 -1.349622e-01 -5.919171e+00 -9.479584e-01 3.317026e-03 3.183770e-01 -2.198165e+01
3.225423e-01 1.411362e-01 9.359739e-01 1.847791e+02 -4.137766e-02 9.899784e-01 -1.350206e-01 -6.000614e+00 -9.456503e-01 4.821457e-03 3.251497e-01 -2.177156e+01
3.279644e-01 1.349539e-01 9.350010e-01 1.853678e+02 -4.411295e-02 9.908517e-01 -1.275419e-01 -6.083560e+00 -9.436596e-01 5.835636e-04 3.309172e-01 -2.155231e+01
3.317218e-01 1.259935e-01 9.349259e-01 1.859712e+02 -4.906354e-02 9.920042e-01 -1.162773e-01 -6.176514e+00 -9.421005e-01 -7.299054e-03 3.352511e-01 -2.132298e+01
3.340842e-01 1.189183e-01 9.350114e-01 1.865123e+02 -4.572988e-02 9.928858e-01 -1.099395e-01 -6.254418e+00 -9.414333e-01 -6.028921e-03 3.371455e-01 -2.112598e+01
3.369358e-01 1.160671e-01 9.343461e-01 1.871089e+02 -4.122360e-02 9.932395e-01 -1.085173e-01 -6.367381e+00 -9.406247e-01 -1.953752e-03 3.394426e-01 -2.092615e+01
