1 0 0 0 0 1 0 0 0 0 1 0
0.999028 0.000329573 0.0440843 0.0255353 -0.000204384 0.999996 -0.00284423 -0.0150136 -0.0440851 0.00283246 0.999024 1.00973
0.995963 -0.00459253 0.0896444 0.110537 0.00536228 0.999951 -0.00834777 -0.0282785 -0.0896016 0.00879477 0.995939 2.05875
0.990827 -0.00429172 0.135067 0.239928 0.00605042 0.999902 -0.0126131 -0.0440145 -0.135 0.0133146 0.990756 3.11065
0.983532 -0.0024756 0.180717 0.419774 0.00533397 0.999868 -0.0153326 -0.0703815 -0.180655 0.016044 0.983416 4.11649
0.973878 -0.00495943 0.227016 0.641955 0.00877257 0.999837 -0.0157909 -0.0932443 -0.226901 0.0173699 0.973763 5.14395
0.962532 -0.00599077 0.271104 0.930557 0.0110446 0.999792 -0.0171198 -0.12684 -0.270945 0.0194726 0.962398 6.12409
0.948974 -0.00852224 0.315239 1.24703 0.0156307 0.999677 -0.0200282 -0.152986 -0.314966 0.0239336 0.948801 7.11915
0.933805 -0.0102065 0.357638 1.61245 0.0192335 0.99958 -0.0216925 -0.184936 -0.357266 0.0271351 0.933608 8.09166
0.916365 -0.0103104 0.400211 2.01285 0.0211362 0.99952 -0.0226455 -0.219231 -0.399785 0.0292105 0.916143 9.01451
0.896419 -0.0104355 0.443084 2.45619 0.0221955 0.999525 -0.0213637 -0.250586 -0.442651 0.0289853 0.896225 9.95321
0.874127 -0.0104204 0.485586 2.94953 0.0232948 0.999519 -0.0204851 -0.277847 -0.485139 0.0292182 0.873949 10.8943
0.850078 -0.0106234 0.526551 3.45362 0.0243165 0.999522 -0.0190914 -0.323012 -0.526096 0.029033 0.84993 11.7083
0.824782 -0.0111051 0.565342 4.03113 0.0262606 0.999481 -0.0186788 -0.36193 -0.564841 0.0302522 0.824645 12.5395
0.797864 -0.0135288 0.602686 4.64269 0.030287 0.999385 -0.0176616 -0.40118 -0.602076 0.0323451 0.797783 13.322
0.769339 -0.0128817 0.638711 5.29824 0.0315536 0.999343 -0.0178518 -0.433359 -0.638061 0.0338877 0.76924 14.0996
0.738768 -0.0160456 0.673768 5.98865 0.0364444 0.999205 -0.0161645 -0.46354 -0.672973 0.0364969 0.738766 14.8458
0.706876 -0.0150032 0.707178 6.70464 0.0367399 0.999204 -0.0155255 -0.493103 -0.706383 0.0369563 0.706865 15.5522
0.673136 -0.0140482 0.739386 7.43204 0.0384233 0.999134 -0.0159971 -0.52625 -0.73852 0.0391778 0.673092 16.2058
0.637853 -0.0154037 0.770004 8.2005 0.0434814 0.998926 -0.0160358 -0.553959 -0.76893 0.0437093 0.637838 16.8397
0.601701 -0.0136384 0.798605 8.99983 0.0433023 0.998941 -0.0155659 -0.581603 -0.797547 0.0439474 0.601654 17.4395
0.56394 -0.0122851 0.825725 9.83096 0.0463697 0.998783 -0.016809 -0.60666 -0.824513 0.0477678 0.563823 18.0148
0.524911 -0.0113498 0.851082 10.6666 0.0510226 0.998532 -0.0181524 -0.64389 -0.849627 0.0529528 0.52472 18.5301
0.484264 -0.010326 0.874861 11.527 0.0529329 0.998444 -0.0175155 -0.666716 -0.873319 0.0547911 0.484057 19.0351
0.445436 -0.0115597 0.895239 12.4063 0.0592607 0.998104 -0.0165979 -0.68055 -0.893351 0.0604458 0.445277 19.4738
0.408483 -0.012168 0.912685 13.3146 0.064174 0.997819 -0.0154188 -0.701388 -0.910507 0.064869 0.408373 19.869
0.373327 -0.009819 0.927648 14.2414 0.0666713 0.997642 -0.0162717 -0.722972 -0.925301 0.0679222 0.373102 20.2353
0.340293 -0.0104855 0.940261 15.1867 0.067972 0.997596 -0.0134751 -0.74069 -0.93786 0.0684969 0.340188 20.5639
0.307192 -0.0116759 0.951576 16.1509 0.0707978 0.997434 -0.0106166 -0.756111 -0.949011 0.0706309 0.30723 20.8651
0.275415 -0.0113282 0.961259 17.1504 0.0723309 0.99734 -0.00897046 -0.765012 -0.958601 0.0719993 0.275502 21.1355
0.243822 -0.00805707 0.969787 18.1679 0.0702468 0.997485 -0.00937414 -0.774389 -0.967273 0.0704101 0.243775 21.393
0.213541 -0.00643444 0.976913 19.164 0.0705032 0.997472 -0.00884125 -0.792835 -0.974387 0.0707634 0.213455 21.5981
0.184067 -0.00589004 0.982896 20.2245 0.0728687 0.997312 -0.0076697 -0.80215 -0.980209 0.0730341 0.184001 21.7772
0.154546 -0.00561065 0.98797 21.2874 0.0750315 0.997162 -0.00607415 -0.809035 -0.985133 0.0750676 0.154528 21.924
0.124843 -0.00606909 0.992158 22.3454 0.0738171 0.997266 -0.003188 -0.817787 -0.989427 0.0736362 0.124949 22.0525
0.0961836 -0.006072 0.995345 23.4138 0.0745553 0.997216 -0.0011211 -0.823644 -0.992568 0.0743161 0.0963684 22.1513
0.0697725 -0.00572656 0.997547 24.5052 0.0775551 0.996988 0.000298847 -0.828151 -0.994544 0.0773439 0.0700063 22.2176
0.045416 -0.00479591 0.998957 25.6051 0.082164 0.996618 0.00104924 -0.829414 -0.995584 0.0820306 0.0456563 22.2571
0.0235608 -0.00436339 0.999713 26.7191 0.0861368 0.99628 0.00231839 -0.834711 -0.996005 0.0860575 0.0238488 22.2685
0.00442207 -0.00438375 0.999981 27.8416 0.0919527 0.995755 0.00395861 -0.837884 -0.995754 0.0919334 0.00480624 22.2523
-0.0117609 -0.00510298 0.999918 28.97 0.0964017 0.995323 0.0062134 -0.842383 -0.995273 0.0964669 -0.0112141 22.2088
-0.0254287 -0.00497504 0.999664 30.1059 0.0998981 0.994969 0.00749283 -0.84615 -0.994673 0.100055 -0.024804 22.1457
-0.0385954 -0.00543772 0.99924 31.2835 0.102316 0.994708 0.00936499 -0.840236 -0.994003 0.1026 -0.0378349 22.0783
-0.0505535 -0.00637449 0.998701 32.4603 0.10221 0.994696 0.0115227 -0.8317 -0.993477 0.102659 -0.049634 21.9971
-0.0611956 -0.0059331 0.998108 33.6362 0.102157 0.994694 0.0121762 -0.822501 -0.992884 0.102709 -0.0602649 21.9034
-0.0707459 -0.00299449 0.99749 34.8119 0.102568 0.994673 0.0102606 -0.815692 -0.992207 0.103036 -0.070062 21.798
-0.0801261 0.000516879 0.996785 36.0345 0.102992 0.994652 0.00776317 -0.806555 -0.99145 0.103282 -0.0797509 21.6865
-0.0882297 0.00326514 0.996095 37.2486 0.104158 0.994543 0.00596582 -0.799591 -0.99064 0.104278 -0.0880884 21.5685
-0.0943798 0.00436324 0.995527 38.5166 0.103656 0.994598 0.00546788 -0.791919 -0.990125 0.103709 -0.0943224 21.425
-0.0985384 0.00514088 0.99512 39.7846 0.103425 0.994624 0.00510303 -0.784784 -0.989744 0.103423 -0.0985405 21.2758
-0.102087 0.00679103 0.994752 41.081 0.104371 0.99453 0.00392169 -0.777528 -0.989285 0.104224 -0.102238 21.1184
-0.104738 0.00885131 0.994461 42.3809 0.103778 0.994598 0.00207749 -0.772423 -0.98907 0.10342 -0.105091 20.957
-0.107428 0.00994079 0.994163 43.7282 0.104265 0.994548 0.00132205 -0.764613 -0.988731 0.103798 -0.107879 20.7884
-0.109131 0.00912979 0.993986 45.0478 0.103889 0.994586 0.00227078 -0.766792 -0.988584 0.103512 -0.109488 20.6534
-0.110473 0.00725901 0.993853 46.39 0.104785 0.994485 0.00438394 -0.773878 -0.98834 0.104626 -0.110624 20.5201
-0.112015 0.00575674 0.99369 47.808 0.10469 0.994486 0.00603995 -0.77622 -0.988176 0.104706 -0.112 20.3552
-0.113667 0.00641547 0.993498 49.2512 0.107454 0.994192 0.00587393 -0.773523 -0.987691 0.107423 -0.113696 20.1799
-0.115211 0.0059488 0.993323 50.6577 0.107291 0.994206 0.00649008 -0.781645 -0.98753 0.107322 -0.115182 20.064
-0.116407 0.00675467 0.993179 52.0949 0.108597 0.994068 0.00596761 -0.785827 -0.987247 0.108551 -0.11645 19.9367
-0.116927 0.00673245 0.993118 53.5716 0.107997 0.994133 0.00597605 -0.787946 -0.987251 0.107953 -0.116968 19.7951
-0.116289 0.00788588 0.993184 55.0913 0.107683 0.994174 0.00471454 -0.789508 -0.987361 0.107497 -0.116461 19.6273
-0.115175 0.00787299 0.993314 56.6147 0.108158 0.994123 0.00466146 -0.789988 -0.98744 0.107971 -0.115349 19.4728
-0.113909 0.00642197 0.99347 58.1712 0.106923 0.99425 0.00583252 -0.792846 -0.987721 0.106889 -0.11394 19.3099
-0.113522 0.0070129 0.993511 59.6999 0.108395 0.994093 0.00536864 -0.804446 -0.987605 0.108301 -0.113612 19.1986
-0.113146 0.00746467 0.99355 61.3028 0.107965 0.994143 0.00482602 -0.803248 -0.987695 0.107815 -0.113289 19.0488
-0.112664 0.00812144 0.9936 62.9055 0.10874 0.994061 0.00420481 -0.803198 -0.987665 0.108518 -0.112879 18.8997
-0.111301 0.00810536 0.993754 64.5122 0.108364 0.994103 0.0040286 -0.804281 -0.987861 0.108135 -0.111523 18.7515
-0.110345 0.00623345 0.993874 66.1462 0.109543 0.993964 0.00592802 -0.804645 -0.987838 0.109526 -0.110362 18.6015
-0.109348 0.00444782 0.993993 67.8441 0.110842 0.993807 0.00774659 -0.796612 -0.987804 0.111024 -0.109164 18.4125
-0.107931 0.00572115 0.994142 69.5422 0.112154 0.993669 0.00645784 -0.791023 -0.987812 0.112194 -0.10789 18.226
-0.106483 0.00755517 0.994286 71.181 0.114168 0.99345 0.00467801 -0.799213 -0.987738 0.114014 -0.106648 18.0916
-0.105309 0.00706954 0.994414 72.9509 0.11281 0.993604 0.00488285 -0.794639 -0.98802 0.112694 -0.105433 17.883
-0.105993 0.00683115 0.994343 74.587 0.113677 0.993503 0.00529214 -0.821819 -0.987848 0.113595 -0.106081 17.8259
-0.106002 0.00565371 0.99435 76.224 0.113977 0.993462 0.00650178 -0.848927 -0.987812 0.114023 -0.105953 17.78
-0.106139 0.00595251 0.994333 77.8952 0.116451 0.993175 0.00648483 -0.879735 -0.987509 0.116479 -0.106108 17.7232
-0.106322 0.00584182 0.994314 79.5929 0.118781 0.992896 0.00686782 -0.915045 -0.987211 0.118836 -0.106261 17.6643
-0.106848 0.00696055 0.994251 81.291 0.120754 0.992664 0.00602753 -0.952073 -0.986915 0.120704 -0.106905 17.6041
-0.108329 0.00718836 0.994089 83.1302 0.120267 0.992723 0.00592744 -0.969161 -0.986813 0.120199 -0.108405 17.445
-0.110068 0.00718123 0.993898 84.9691 0.119271 0.992843 0.00603488 -0.985929 -0.986742 0.119208 -0.110136 17.2826
-0.111548 0.00659872 0.993737 86.8072 0.117651 0.993033 0.00661235 -1.00132 -0.98677 0.117652 -0.111547 17.1167
-0.111998 0.00503003 0.993696 88.6881 0.115955 0.993222 0.0080415 -1.003 -0.98692 0.116125 -0.111822 16.9045
-0.112377 0.00478013 0.993654 90.569 0.116196 0.993191 0.00836328 -1.00404 -0.986848 0.116398 -0.112168 16.6919
-0.111806 0.00356163 0.993723 92.4495 0.113376 0.993509 0.00919541 -1.00132 -0.987241 0.113693 -0.111484 16.4829
-0.112559 0.0045016 0.993635 94.3937 0.112962 0.993564 0.00829509 -0.985997 -0.987203 0.113177 -0.112343 16.2387
-0.114509 0.00581575 0.993405 96.3401 0.112072 0.993674 0.00710112 -0.97491 -0.98708 0.112146 -0.114436 16.0188
-0.117856 0.00665748 0.993008 98.2858 0.111882 0.993699 0.00661677 -0.964735 -0.986708 0.11188 -0.117859 15.7921
-0.121944 0.00607851 0.992518 100.264 0.110074 0.993895 0.00743712 -0.955119 -0.986414 0.110158 -0.121869 15.5415
-0.126026 0.00562489 0.992011 102.229 0.108362 0.994078 0.00812987 -0.946368 -0.986091 0.108521 -0.12589 15.292
-0.129511 0.00674041 0.991555 104.194 0.107152 0.994216 0.00723712 -0.939506 -0.985771 0.107185 -0.129484 15.0355
-0.133018 0.0089593 0.991073 106.157 0.108022 0.994133 0.00551133 -0.936097 -0.985209 0.107791 -0.133205 14.772
-0.136437 0.0112238 0.990585 108.119 0.108065 0.994137 0.0036202 -0.936721 -0.984737 0.107541 -0.136851 14.5018
-0.140724 0.0118262 0.989978 110.15 0.106603 0.994296 0.00327561 -0.934849 -0.984293 0.105995 -0.141182 14.2083
-0.145257 0.0120985 0.98932 112.152 0.104995 0.994467 0.00325441 -0.93875 -0.983807 0.104346 -0.145724 13.939
-0.150894 0.0115557 0.988482 114.211 0.102934 0.994679 0.0040851 -0.941872 -0.983176 0.102365 -0.151281 13.6421
-0.156744 0.0110824 0.987577 116.253 0.102021 0.994769 0.0050293 -0.948435 -0.982356 0.101542 -0.157055 13.3484
-0.162709 0.0110984 0.986612 118.271 0.102027 0.994765 0.00563585 -0.95271 -0.981385 0.101578 -0.16299 13.0555
-0.167894 0.0128219 0.985721 120.299 0.10251 0.994721 0.00452123 -0.958486 -0.98046 0.101806 -0.168323 12.7289
-0.172075 0.0137126 0.984988 122.332 0.102073 0.994768 0.00398311 -0.965713 -0.979781 0.101226 -0.172574 12.3709
-0.177499 0.013653 0.984026 124.366 0.102266 0.994746 0.00464507 -0.969183 -0.978793 0.101457 -0.177963 12.0116
-0.182588 0.0137592 0.983093 126.395 0.101507 0.994822 0.00492938 -0.974675 -0.977935 0.100691 -0.183039 11.6422
-0.186639 0.0148382 0.982316 128.417 0.101501 0.994826 0.00425786 -0.980292 -0.977171 0.1005 -0.18718 11.2508
-0.191101 0.0156257 0.981446 130.496 0.101124 0.994866 0.0038508 -0.97885 -0.976347 0.0999833 -0.1917 10.8531
-0.194946 0.0150023 0.980699 132.63 0.102004 0.994771 0.00505906 -0.974156 -0.975495 0.101021 -0.195457 10.4091
-0.198503 0.0152187 0.979982 134.754 0.104057 0.994555 0.00563259 -0.968787 -0.97456 0.103092 -0.199006 9.9713
-0.200985 0.0165498 0.979454 136.877 0.105529 0.994404 0.00485228 -0.965153 -0.973893 0.104336 -0.201607 9.52784
-0.203031 0.017644 0.979013 138.999 0.105822 0.994376 0.00402487 -0.963303 -0.973437 0.104418 -0.203757 9.07967
-0.205245 0.0177601 0.978549 141.144 0.104688 0.994497 0.00390813 -0.961204 -0.973095 0.103244 -0.205975 8.61454
-0.207954 0.0185319 0.977963 143.287 0.102988 0.994677 0.00305069 -0.961059 -0.972701 0.101352 -0.208756 8.14333
-0.210581 0.0190932 0.97739 145.379 0.1013 0.994853 0.00239085 -0.968757 -0.972313 0.0995126 -0.211431 7.69111
-0.213134 0.0185425 0.976847 147.487 0.0998419 0.994999 0.00289697 -0.977057 -0.971908 0.0981477 -0.21392 7.23389
-0.216651 0.0191458 0.976061 149.615 0.0997225 0.995011 0.00261734 -0.987782 -0.971142 0.0979022 -0.21748 6.76572
-0.221187 0.0185685 0.975055 151.804 0.098334 0.995147 0.00335553 -1.00218 -0.970261 0.0966232 -0.22194 6.28919
-0.22272 0.0170186 0.974734 153.872 0.0953975 0.995429 0.0044177 -1.01753 -0.970203 0.093971 -0.223326 5.79137
-0.225491 0.0155083 0.974122 156.053 0.0940793 0.995547 0.0059282 -1.03785 -0.969692 0.0929814 -0.225946 5.28121
-0.22753 0.0145019 0.973663 158.222 0.0938722 0.995558 0.00710852 -1.05151 -0.969235 0.0930173 -0.227881 4.76294
-0.230188 0.0149742 0.973031 160.403 0.0943053 0.995518 0.00698932 -1.05282 -0.968565 0.0933708 -0.230569 4.24797
-0.232316 0.0163404 0.972503 162.6 0.0945874 0.995499 0.00586868 -1.05349 -0.96803 0.0933499 -0.232816 3.71841
-0.234941 0.0184279 0.971835 164.835 0.0943803 0.995528 0.0039392 -1.05392 -0.967416 0.0926475 -0.23563 3.1878
-0.237387 0.0193631 0.971222 167.061 0.0944945 0.99552 0.00324901 -1.0556 -0.966808 0.0925464 -0.238154 2.66178
-0.238586 0.0202357 0.97091 169.235 0.0943599 0.995535 0.00243852 -1.06538 -0.966526 0.0921968 -0.23943 2.10449
-0.240289 0.019346 0.970508 171.465 0.0938186 0.995583 0.00338285 -1.08095 -0.966156 0.0918645 -0.241043 1.54072
-0.24283 0.0190633 0.969882 173.694 0.0935244 0.995609 0.00384681 -1.09555 -0.965549 0.0916417 -0.243547 0.971896
-0.245565 0.0196417 0.969181 175.905 0.0956918 0.995402 0.00407269 -1.11014 -0.964645 0.0937428 -0.246315 0.406798
-0.247422 0.0194319 0.968713 178.132 0.0974862 0.995224 0.00493561 -1.11897 -0.96399 0.0956573 -0.248135 -0.170468
-0.248233 0.0190826 0.968512 180.343 0.0984178 0.995129 0.00561776 -1.1284 -0.963687 0.0967133 -0.248902 -0.7507
-0.249542 0.0184864 0.968188 182.612 0.0982741 0.995139 0.00632827 -1.13441 -0.963364 0.0967269 -0.250145 -1.34494
-0.250771 0.0181717 0.967876 184.881 0.0962591 0.995336 0.00625298 -1.14059 -0.963248 0.0947349 -0.251351 -1.94186
-0.251916 0.019597 0.967551 187.172 0.0950776 0.995459 0.00459258 -1.14634 -0.963067 0.0931493 -0.252635 -2.55321
-0.253387 0.0215672 0.967124 189.462 0.0947525 0.995497 0.00262533 -1.15677 -0.962713 0.0923027 -0.25429 -3.16838
-0.254563 0.0227064 0.966789 191.752 0.0940434 0.995567 0.00138011 -1.17006 -0.962472 0.0912714 -0.25557 -3.78661
-0.255841 0.0234608 0.966434 194.053 0.092314 0.995729 0.000265979 -1.18828 -0.962301 0.0892834 -0.256914 -4.41502
-0.257954 0.0239075 0.965861 196.354 0.0933847 0.99563 0.000296054 -1.20639 -0.961633 0.0902729 -0.25906 -5.04857
-0.260213 0.0243415 0.965244 198.649 0.0941289 0.995559 0.00026952 -1.22469 -0.960952 0.0909275 -0.261349 -5.68399
-0.261771 0.0237959 0.964837 200.943 0.0939891 0.995572 0.000946294 -1.24137 -0.960542 0.0909318 -0.262848 -6.32286
-0.263154 0.0239644 0.964456 203.237 0.0943786 0.995535 0.00101472 -1.25801 -0.960126 0.091291 -0.264241 -6.96514
-0.263879 0.0242715 0.96425 205.535 0.0934239 0.995626 0.000505337 -1.2747 -0.96002 0.0902173 -0.264993 -7.61502
-0.264228 0.0243965 0.964152 207.834 0.0921166 0.995748 4.876e-05 -1.29253 -0.960051 0.0888272 -0.265352 -8.26568
-0.264954 0.0253402 0.963928 210.149 0.092237 0.995736 -0.000823336 -1.31089 -0.959839 0.0886916 -0.266162 -8.92745
-0.265406 0.0258639 0.96379 212.465 0.0927803 0.995685 -0.00117024 -1.33007 -0.959662 0.0891101 -0.266661 -9.59047
-0.266237 0.0253786 0.963573 214.811 0.0937611 0.995594 -0.000315657 -1.35006 -0.959336 0.0902616 -0.267444 -10.2557
-0.267582 0.0250202 0.96321 217.14 0.0954735 0.995431 0.000665582 -1.3701 -0.958793 0.0921391 -0.268748 -10.9198
-0.268939 0.0255507 0.962818 219.48 0.0962101 0.99536 0.000459534 -1.39045 -0.95834 0.0927564 -0.270149 -11.5866
-0.27073 0.0264628 0.962292 221.887 0.0958384 0.995396 -0.000410163 -1.40329 -0.957872 0.0921134 -0.27202 -12.2697
-0.272735 0.0268675 0.961714 224.239 0.0953029 0.995447 -0.000782728 -1.4295 -0.957357 0.0914406 -0.274054 -12.9269
-0.273035 0.0280104 0.961596 226.547 0.095154 0.99546 -0.00197883 -1.45965 -0.957286 0.0909594 -0.274461 -13.6159
-0.273694 0.0288894 0.961383 228.866 0.0946717 0.995504 -0.00296274 -1.48969 -0.957146 0.0902048 -0.275199 -14.2977
-0.273694 0.0292142 0.961373 231.184 0.0924978 0.995705 -0.00392421 -1.52212 -0.957358 0.0878508 -0.275221 -14.9794
-0.273905 0.0298413 0.961294 233.503 0.0929454 0.995661 -0.00442491 -1.5557 -0.957255 0.0881358 -0.27549 -15.6618
-0.275278 0.0299814 0.960897 235.88 0.0947057 0.995497 -0.0039296 -1.57607 -0.956688 0.0899207 -0.276878 -16.3308
-0.277744 0.0295097 0.960202 238.256 0.0944217 0.995526 -0.00328327 -1.59487 -0.956003 0.089752 -0.279288 -17.0057
-0.28119 0.0296732 0.959193 240.635 0.0946702 0.995503 -0.00304368 -1.62296 -0.954971 0.0899511 -0.282735 -17.6858
-0.284897 0.0302368 0.958081 243.032 0.0929963 0.995659 -0.00376912 -1.65348 -0.954036 0.0880242 -0.286472 -18.375
-0.289236 0.0301357 0.956783 245.423 0.0916738 0.995782 -0.00365092 -1.68386 -0.952857 0.0866559 -0.290779 -19.0746
-0.293402 0.0297192 0.955527 247.813 0.0903646 0.995903 -0.00322773 -1.71291 -0.951708 0.0853988 -0.294886 -19.786
-0.297682 0.0302722 0.954185 250.193 0.0897822 0.995954 -0.00358753 -1.74253 -0.950433 0.0846008 -0.299196 -20.5152
-0.302941 0.0297705 0.952544 252.534 0.0888611 0.996039 -0.00286906 -1.77282 -0.948857 0.0837749 -0.304387 -21.2287
-0.307321 0.0292444 0.951156 254.863 0.0873637 0.996173 -0.00240105 -1.8031 -0.947587 0.0823586 -0.3087 -21.9549
-0.311005 0.0281381 0.949992 257.139 0.0862115 0.996275 -0.00128539 -1.85986 -0.94649 0.0815004 -0.312273 -22.705
-0.31582 0.028328 0.948396 259.447 0.0863371 0.996265 -0.00100726 -1.90026 -0.944883 0.0815636 -0.317086 -23.4587
-0.318809 0.0280824 0.947403 261.76 0.0859489 0.996299 -0.000609167 -1.93725 -0.943914 0.081234 -0.320043 -24.2221
-0.324933 0.0276988 0.945331 264.096 0.0851348 0.996369 6.86457e-05 -1.97204 -0.941897 0.0805028 -0.326112 -24.9847
-0.329686 0.0274224 0.943692 266.431 0.0836075 0.996498 0.00025207 -2.00376 -0.940381 0.0789827 -0.330824 -25.7581
-0.334151 0.0278981 0.942106 268.789 0.0849663 0.996383 0.000631013 -2.0318 -0.938681 0.0802581 -0.335314 -26.5706
-0.338696 0.0280816 0.940476 271.142 0.0855871 0.996329 0.00107346 -2.05859 -0.936995 0.0808562 -0.339857 -27.3939
-0.342523 0.0283326 0.939082 273.492 0.0861536 0.99628 0.00136564 -2.08467 -0.935551 0.0813731 -0.34369 -28.2268
-0.345927 0.0302433 0.937774 275.85 0.0883312 0.99609 0.000459684 -2.10322 -0.934094 0.0829937 -0.347246 -29.0893
-0.349093 0.030639 0.936587 278.197 0.0888415 0.996045 0.000529724 -2.12033 -0.932867 0.0833926 -0.350435 -29.9528
-0.352827 0.0316706 0.935152 280.445 0.0884123 0.996083 -0.000376738 -2.13252 -0.931502 0.082546 -0.354245 -30.6846
-0.355621 0.03357 0.934027 282.792 0.0896829 0.995968 -0.00165043 -2.14555 -0.930317 0.0831792 -0.357198 -31.5661
-0.358694 0.0337961 0.932843 285.148 0.090065 0.995934 -0.00145034 -2.14993 -0.9291 0.0834963 -0.36028 -32.4716
-0.360954 0.0346855 0.931938 287.47 0.0902269 0.995918 -0.00212041 -2.16935 -0.928208 0.0833205 -0.362611 -33.3807
-0.363602 0.0344875 0.930916 289.809 0.0893569 0.995997 -0.00199708 -2.18914 -0.927259 0.0824575 -0.365228 -34.2996
-0.367751 0.0359325 0.92923 292.178 0.0906355 0.99588 -0.00263994 -2.21041 -0.925496 0.0832503 -0.369493 -35.2139
-0.372412 0.0366059 0.927345 294.528 0.0895753 0.995974 -0.00334249 -2.22746 -0.923734 0.0818224 -0.374192 -36.1168
-0.374362 0.0367623 0.926553 296.876 0.0881502 0.996099 -0.00390565 -2.24585 -0.923083 0.0802137 -0.376142 -37.0246
-0.375623 0.0368629 0.926039 299.224 0.088978 0.996026 -0.00355731 -2.26422 -0.922491 0.0810608 -0.377411 -37.9436
-0.377106 0.0372013 0.925422 301.564 0.0906692 0.995875 -0.00308603 -2.28659 -0.921721 0.0827435 -0.378925 -38.8691
-0.376988 0.0363711 0.925503 303.918 0.0911456 0.995835 -0.00200846 -2.31458 -0.921722 0.0835983 -0.378733 -39.8327
-0.377079 0.0352243 0.925511 306.351 0.0898692 0.995952 -0.00128993 -2.31723 -0.92181 0.0826884 -0.378719 -40.8947
-0.377396 0.0351188 0.925386 308.784 0.089831 0.995955 -0.00116152 -2.31956 -0.921684 0.0826899 -0.379025 -41.9575
-0.37832 0.0354548 0.924995 311.22 0.0910593 0.995844 -0.000927419 -2.32478 -0.921185 0.0838786 -0.379977 -42.977
-0.378838 0.0349552 0.924802 313.656 0.0905851 0.995888 -0.000534563 -2.32904 -0.921019 0.0835708 -0.380447 -43.998
-0.379182 0.0361444 0.924616 316.09 0.0900487 0.995934 -0.00200362 -2.33868 -0.92093 0.0825007 -0.380896 -45.0107
-0.380119 0.0381377 0.924151 318.524 0.0889918 0.996021 -0.00449981 -2.35495 -0.920646 0.0805313 -0.382001 -46.0263
-0.381833 0.0380937 0.923446 320.951 0.0875147 0.99615 -0.00490658 -2.37168 -0.920078 0.0789415 -0.383698 -47.0409
-0.384634 0.0370675 0.922324 323.375 0.0858251 0.9963 -0.00424917 -2.38678 -0.91907 0.0775242 -0.386393 -48.0625
-0.389935 0.0354326 0.92016 325.894 0.0834907 0.996503 -0.00299152 -2.3937 -0.917049 0.0756582 -0.391531 -49.1103
-0.392952 0.0347081 0.918904 328.327 0.0827268 0.996569 -0.00226501 -2.40953 -0.91583 0.0751279 -0.394476 -50.1625
-0.395328 0.0350815 0.91787 330.769 0.0832634 0.996524 -0.00222604 -2.42705 -0.914758 0.0755449 -0.396876 -51.2208
-0.398002 0.0355919 0.916694 333.241 0.0848615 0.99639 -0.00184182 -2.44483 -0.913451 0.0770589 -0.399586 -52.3111
-0.400445 0.0365627 0.915591 335.664 0.0862215 0.996273 -0.00207458 -2.46886 -0.912255 0.0781128 -0.402105 -53.3278
-0.404314 0.036371 0.913897 338.235 0.0865912 0.996242 -0.00133962 -2.48345 -0.910511 0.0785938 -0.405945 -54.4846
-0.407925 0.0349536 0.912346 340.732 0.0865072 0.99625 0.000510752 -2.50426 -0.908907 0.0791328 -0.40942 -55.5779
-0.411216 0.0343901 0.910889 343.225 0.0858453 0.996307 0.00113942 -2.52356 -0.907486 0.0786641 -0.41265 -56.68
-0.415258 0.0339345 0.90907 345.731 0.0847016 0.996404 0.00149669 -2.54312 -0.905751 0.0776212 -0.41664 -57.8015
-0.420258 0.0327641 0.906813 348.175 0.0837887 0.996479 0.00282772 -2.5748 -0.903527 0.077169 -0.421524 -58.8369
-0.425373 0.0321032 0.904448 350.706 0.0843451 0.996426 0.00430057 -2.59855 -0.901079 0.0781152 -0.426561 -59.9994
-0.430213 0.0310126 0.902194 353.2 0.0844413 0.996409 0.00601478 -2.61666 -0.898769 0.07877 -0.431288 -61.1554
-0.434203 0.0297398 0.900324 355.668 0.0828015 0.99654 0.00701498 -2.63516 -0.897001 0.0775941 -0.435164 -62.3019
-0.437644 0.028505 0.898696 358.142 0.0825371 0.99655 0.008585 -2.64868 -0.895352 0.0779329 -0.438488 -63.4729
-0.442209 0.0275316 0.896489 360.613 0.0825797 0.996532 0.0101299 -2.65812 -0.893102 0.0785113 -0.442949 -64.5799
-0.447 0.0269571 0.894127 363.146 0.0795183 0.996785 0.00970135 -2.65553 -0.890992 0.075436 -0.447707 -65.7835
-0.452186 0.0265678 0.891528 365.634 0.0758707 0.997078 0.00876865 -2.66483 -0.888691 0.0716058 -0.452881 -66.9267
-0.457269 0.0263285 0.888939 368.182 0.072198 0.99736 0.00759878 -2.66633 -0.886393 0.0676542 -0.457963 -68.1863
-0.462759 0.0242326 0.886153 370.738 0.0695792 0.997534 0.00905661 -2.6616 -0.883749 0.0658488 -0.463305 -69.494
-0.466924 0.023616 0.883982 373.132 0.0704874 0.997455 0.0105843 -2.67072 -0.881483 0.0672516 -0.467401 -70.6163
-0.471481 0.0240049 0.881549 375.654 0.069821 0.997507 0.0101801 -2.6632 -0.879108 0.0663503 -0.471982 -71.9453
-0.476033 0.0236299 0.87911 378.087 0.0677376 0.997653 0.00986332 -2.65832 -0.876815 0.064244 -0.476517 -73.1938
-0.482569 0.0198564 0.875632 380.478 0.0650567 0.997793 0.0132268 -2.67825 -0.873438 0.0633486 -0.482797 -74.3346
-0.490348 0.0176299 0.871348 382.881 0.0634304 0.997865 0.0155055 -2.69422 -0.869215 0.062873 -0.49042 -75.5098
-0.497879 0.01689 0.867082 385.368 0.0610383 0.998012 0.0156078 -2.67055 -0.865096 0.0606959 -0.497921 -76.8064
-0.50034 0.0163249 0.865675 387.755 0.060724 0.998021 0.0162765 -2.66823 -0.863697 0.060711 -0.500342 -78.1652
-0.50459 0.0154384 0.863221 390.199 0.0594 0.998091 0.0168714 -2.64445 -0.861313 0.0597884 -0.504545 -79.5353
-0.507619 0.0150163 0.861451 392.589 0.0592951 0.998085 0.0175422 -2.62954 -0.859539 0.0599845 -0.507538 -80.9224
-0.510762 0.0140064 0.859608 394.972 0.0560244 0.998283 0.0170226 -2.61012 -0.857895 0.0568534 -0.51067 -82.3112
-0.511243 0.0131705 0.859335 397.247 0.0478092 0.998769 0.0131356 -2.59621 -0.858105 0.0477995 -0.511244 -83.7047
-0.514234 0.0165282 0.857491 399.669 0.0392268 0.99922 0.00426405 -2.59538 -0.856753 0.0358293 -0.514482 -85.1104
-0.516217 0.0260034 0.856063 402.011 0.0493392 0.998781 -0.000586325 -2.62273 -0.855035 0.0419347 -0.516871 -86.5189
-0.516706 0.0265185 0.855752 404.349 0.0571293 0.998359 0.00355708 -2.64214 -0.854255 0.0507264 -0.517374 -87.9242
-0.518453 0.0171503 0.854934 406.698 0.0564935 0.998301 0.0142328 -2.64165 -0.853238 0.0556772 -0.518542 -89.3427
-0.522421 0.00663639 0.852662 409.078 0.0499508 0.99849 0.0228332 -2.61129 -0.851223 0.0545197 -0.521964 -90.7443
-0.523639 0.00105931 0.851939 411.389 0.0451998 0.998624 0.0265401 -2.58491 -0.85074 0.0524049 -0.522967 -92.181
-0.527609 0.000320012 0.849487 413.766 0.0434974 0.998697 0.0266397 -2.54539 -0.848373 0.0510058 -0.526936 -93.5882
-0.529965 0.0050233 0.848004 416.078 0.04906 0.998488 0.0247457 -2.52008 -0.846599 0.0547174 -0.529411 -95.0121
-0.531049 0.0114733 0.847263 418.428 0.0539812 0.998334 0.0203153 -2.49014 -0.84562 0.0565247 -0.530784 -96.5008
-0.532679 0.0144425 0.846194 420.713 0.0558945 0.998271 0.0181475 -2.4807 -0.844469 0.0569643 -0.532566 -97.9396
-0.534599 0.01456 0.84498 423.016 0.0562735 0.998245 0.0184021 -2.46658 -0.84323 0.0573877 -0.534481 -99.3996
-0.536722 0.014142 0.84364 425.329 0.0579199 0.998118 0.020117 -2.44476 -0.841769 0.0596607 -0.536532 -100.87
-0.538015 0.0131034 0.842833 427.593 0.0587162 0.998032 0.0219648 -2.42677 -0.840887 0.0613053 -0.537727 -102.32
-0.538997 0.0141089 0.842189 429.935 0.0600178 0.997961 0.0216927 -2.38961 -0.840166 0.0622386 -0.538745 -103.825
-0.538989 0.0146435 0.842185 432.233 0.0608915 0.997909 0.0216188 -2.36206 -0.840109 0.0629342 -0.538755 -105.315
-0.540219 0.0156569 0.841378 434.522 0.0625603 0.997806 0.0216 -2.33867 -0.839195 0.0643056 -0.540015 -106.782
-0.541266 0.0150286 0.840717 436.82 0.0645899 0.997628 0.0237504 -2.31266 -0.838367 0.0671571 -0.540954 -108.254
-0.542735 0.0137198 0.839791 439.1 0.0667003 0.997412 0.0268119 -2.28804 -0.837251 0.0705661 -0.542246 -109.703
-0.543896 0.0130591 0.839051 441.378 0.0691507 0.997175 0.0293053 -2.25083 -0.836298 0.07396 -0.543263 -111.169
-0.543999 0.0143247 0.838964 443.601 0.0702229 0.997123 0.0285087 -2.22847 -0.836142 0.0744232 -0.54344 -112.628
-0.545252 0.0153683 0.838131 445.877 0.0676874 0.997373 0.0257464 -2.19811 -0.835535 0.0707692 -0.544861 -114.105
-0.545831 0.0149047 0.837763 448.153 0.0651118 0.997572 0.0246746 -2.16772 -0.835362 0.0680164 -0.545476 -115.583
-0.544741 0.0151861 0.838466 450.462 0.0661025 0.997502 0.0248795 -2.11966 -0.835995 0.0689776 -0.544385 -117.13
-0.551335 0.0140188 0.834166 452.741 0.0642058 0.997606 0.0256707 -2.113 -0.83181 0.0677115 -0.550915 -118.466
-0.556845 0.0132543 0.83051 455.09 0.061009 0.997824 0.0249812 -2.07142 -0.828373 0.0645793 -0.556442 -119.935
-0.561448 0.013287 0.827405 457.361 0.0601272 0.997882 0.0247756 -2.03969 -0.825325 0.0636597 -0.561058 -121.372
-0.566151 0.0121151 0.824212 459.622 0.0606749 0.997791 0.027011 -2.01021 -0.822065 0.0653013 -0.565636 -122.828
-0.570867 0.0103938 0.820976 461.923 0.0626665 0.997554 0.030946 -1.96665 -0.818647 0.0691138 -0.570123 -124.317
-0.570481 0.00950599 0.821256 464.191 0.0679758 0.997048 0.0356782 -1.89896 -0.818493 0.0761792 -0.569443 -125.891
-0.570762 0.00779165 0.821079 466.499 0.0703766 0.996739 0.0394628 -1.81625 -0.818094 0.0803086 -0.569449 -127.461
-0.570319 0.00562411 0.821404 468.736 0.0643835 0.997205 0.037875 -1.75294 -0.818896 0.0744857 -0.569088 -128.975
-0.570098 0.00600925 0.821554 470.968 0.0571122 0.997843 0.032333 -1.69453 -0.819589 0.0653537 -0.569213 -130.499
-0.569942 0.00447556 0.821672 473.147 0.0519117 0.998183 0.0305708 -1.64985 -0.820043 0.060078 -0.569139 -131.914
-0.568124 0.0042523 0.822931 475.399 0.0492741 0.998367 0.0288584 -1.59133 -0.821466 0.0569444 -0.567407 -133.437
-0.565614 0.00502192 0.824654 477.622 0.0525983 0.998164 0.0299976 -1.55737 -0.822991 0.0603425 -0.564841 -134.962
-0.561701 0.00395646 0.827331 479.886 0.0510913 0.998245 0.0299137 -1.49207 -0.825761 0.059072 -0.560918 -136.519
-0.559135 0.005493 0.829058 482.116 0.0496013 0.998407 0.0268371 -1.44946 -0.827591 0.0561279 -0.558517 -138.026
-0.554348 0.00169002 0.832283 484.363 0.0446117 0.99862 0.0276862 -1.41355 -0.831088 0.0524773 -0.553659 -139.599
-0.554366 -0.00377599 0.832264 486.649 0.0361933 0.998933 0.0286403 -1.37621 -0.831486 0.0459995 -0.553638 -141.074
-0.553566 -0.00599192 0.832783 488.914 0.0296929 0.999195 0.0269267 -1.33064 -0.832276 0.0396334 -0.552944 -142.568
-0.552488 -0.00599852 0.833499 491.177 0.0282165 0.999265 0.0258949 -1.28867 -0.833043 0.037825 -0.551914 -144.058
-0.552076 -0.00384987 0.833785 493.433 0.0338872 0.999059 0.0270508 -1.25281 -0.833105 0.0431886 -0.551426 -145.55
-0.550106 -0.0056607 0.835076 495.727 0.0356861 0.998903 0.0302794 -1.21375 -0.834332 0.0464574 -0.549301 -147.064
-0.544909 -0.00787155 0.838458 498.044 0.0345781 0.998893 0.0318498 -1.14973 -0.837782 0.0463475 -0.544035 -148.647
-0.540967 -0.00601556 0.841022 500.164 0.0362161 0.998879 0.0304398 -1.09564 -0.840264 0.0469254 -0.540143 -150.16
-0.531625 -0.00476408 0.846966 502.305 0.0364936 0.998926 0.0285252 -1.04865 -0.846193 0.0460735 -0.53088 -151.649
-0.529272 -0.00261968 0.848448 504.585 0.0381675 0.998908 0.0268936 -1.00598 -0.847593 0.0466171 -0.528594 -153.098
-0.527872 -0.003535 0.849316 506.95 0.0389743 0.998836 0.0283809 -0.971201 -0.848429 0.048083 -0.52712 -154.553
-0.529134 -0.00425818 0.848528 509.215 0.0420726 0.998625 0.0312475 -0.959748 -0.847495 0.0522338 -0.528227 -155.897
-0.528032 -0.00403834 0.849214 511.578 0.0420591 0.998636 0.0309008 -0.886651 -0.848182 0.0520338 -0.527143 -157.388
-0.526107 -0.00516518 0.850402 514.008 0.0401695 0.998713 0.0309171 -0.833943 -0.849469 0.0504259 -0.525223 -158.829
-0.532876 -0.00410245 0.846183 516.425 0.0446227 0.99846 0.0329415 -0.786223 -0.845016 0.0553127 -0.531873 -160.292
-0.533368 -0.00555651 0.845865 518.797 0.0428254 0.998518 0.0335632 -0.718768 -0.844798 0.054126 -0.53234 -161.733
-0.532619 -0.0043761 0.846343 521.163 0.0422501 0.998601 0.0317522 -0.651827 -0.845299 0.0526699 -0.53169 -163.199
-0.535964 0.00350886 0.844233 523.517 0.0507067 0.998319 0.028042 -0.597578 -0.842717 0.0578378 -0.535241 -164.679
-0.535461 0.0030859 0.844554 525.842 0.0511968 0.998272 0.028812 -0.544625 -0.843006 0.0586662 -0.534694 -166.16
-0.533843 0.00335084 0.845577 528.099 0.0541534 0.998074 0.0302338 -0.503014 -0.843848 0.061931 -0.532996 -167.627
-0.529726 0.00240346 0.848165 530.276 0.0511352 0.998266 0.029108 -0.449419 -0.846626 0.0587903 -0.528931 -168.964
-0.529319 0.00305808 0.848417 532.592 0.0521093 0.998222 0.0289124 -0.391318 -0.846821 0.0595143 -0.528537 -170.425
-0.529273 0.00389276 0.848442 534.898 0.0526579 0.998211 0.0282691 -0.343257 -0.846815 0.0596393 -0.528532 -171.851
-0.526036 0.00434361 0.850451 537.212 0.0529896 0.99821 0.0276778 -0.282673 -0.84881 0.0596246 -0.525325 -173.356
-0.524919 0.00275052 0.851147 539.494 0.0523339 0.998206 0.0290496 -0.237765 -0.849541 0.0597925 -0.524122 -174.766
-0.523606 0.00243038 0.851957 541.696 0.0543389 0.998054 0.0305491 -0.18816 -0.850226 0.0622901 -0.52272 -176.199
-0.51972 0.00639211 0.854313 543.921 0.0593707 0.997824 0.0286522 -0.132568 -0.852271 0.0656122 -0.518969 -177.626
-0.518233 0.00634595 0.855216 546.282 0.0581059 0.997922 0.0278054 -0.0754431 -0.853263 0.0641027 -0.517525 -179.076
-0.517514 0.00706034 0.855645 548.712 0.0569565 0.998031 0.0262134 -0.0239054 -0.853777 0.0623004 -0.516898 -180.487
-0.51747 0.00930859 0.855651 550.983 0.0599409 0.997878 0.0253945 0.0219702 -0.853599 0.0644293 -0.51693 -181.872
-0.51635 0.0101381 0.856317 553.301 0.0615796 0.99778 0.0253191 0.069601 -0.85416 0.0658052 -0.515829 -183.3
-0.517691 0.00949948 0.855515 555.656 0.0590116 0.997952 0.0246281 0.103458 -0.85353 0.063235 -0.517192 -184.663
-0.518344 0.0107677 0.855104 557.945 0.060741 0.997858 0.0242544 0.129871 -0.853012 0.064512 -0.517888 -186.05
-0.512574 0.0102328 0.858582 560.272 0.0623507 0.997732 0.0253322 0.172847 -0.856376 0.0665178 -0.51205 -187.578
-0.507472 0.00974543 0.861613 562.577 0.0638056 0.997615 0.0262964 0.213839 -0.859303 0.0683204 -0.506884 -189.031
-0.510405 0.00815772 0.859895 564.986 0.0619509 0.997704 0.0273069 0.258277 -0.857699 0.0672089 -0.509739 -190.344
-0.509782 0.00976191 0.860248 567.329 0.0632098 0.997657 0.0261369 0.303722 -0.857978 0.0677002 -0.509205 -191.743
-0.509277 0.0118403 0.860521 569.625 0.067714 0.997356 0.0263517 0.333347 -0.857934 0.0716896 -0.508733 -193.133
-0.507211 0.012449 0.861732 571.97 0.0694592 0.997232 0.0264768 0.383788 -0.859018 0.0732845 -0.506672 -194.56
-0.504431 0.0120777 0.863367 574.321 0.0696981 0.997208 0.0267719 0.435389 -0.860634 0.0736796 -0.503865 -195.979
-0.504291 0.0120486 0.863449 576.646 0.0704179 0.997145 0.0272128 0.469325 -0.860657 0.0745254 -0.503701 -197.336
-0.504736 0.0120435 0.86319 578.998 0.0692086 0.997248 0.0265547 0.50745 -0.860495 0.0731433 -0.50418 -198.665
-0.506564 0.0113834 0.862127 581.355 0.0688816 0.99725 0.0273055 0.548253 -0.859446 0.0732167 -0.505956 -200.016
-0.507939 0.0100969 0.861334 583.694 0.0691797 0.997178 0.0291068 0.594077 -0.858611 0.0743712 -0.507204 -201.367
-0.508092 0.00919207 0.861253 586.039 0.0682259 0.997229 0.0296062 0.649463 -0.858596 0.0738025 -0.507312 -202.738
-0.509029 0.0117099 0.860669 588.361 0.0694178 0.997208 0.0274884 0.691181 -0.857945 0.0737381 -0.508421 -204.113
-0.513851 0.0141109 0.857763 590.764 0.0678774 0.997398 0.0242545 0.739222 -0.85519 0.0706859 -0.513472 -205.449
-0.5176 0.0134037 0.855517 593.134 0.0642946 0.997658 0.0232684 0.783743 -0.853203 0.0670488 -0.51725 -206.738
-0.519271 0.0121008 0.854524 595.32 0.0670533 0.997393 0.0266226 0.806956 -0.851975 0.071123 -0.518729 -208.072
-0.519149 0.0105937 0.854618 597.671 0.0679149 0.997271 0.0288938 0.845001 -0.851981 0.0730414 -0.518452 -209.468
-0.525242 0.0134984 0.850845 600.029 0.0738281 0.996826 0.0297611 0.877292 -0.847744 0.0784481 -0.524572 -210.917
-0.526993 0.0144658 0.849746 602.366 0.073202 0.996911 0.028427 0.929972 -0.846711 0.0771839 -0.526424 -212.315
-0.52906 0.0158422 0.848436 604.691 0.0746145 0.99682 0.0279146 0.971142 -0.845297 0.0780741 -0.52856 -213.726
-0.530065 0.0153473 0.847817 607.024 0.0747214 0.996791 0.0286726 1.01436 -0.844658 0.0785484 -0.529512 -215.146
-0.530324 0.0131372 0.847693 609.376 0.073005 0.996872 0.0302234 1.06857 -0.844646 0.077914 -0.529625 -216.579
-0.531848 0.0128707 0.846742 611.663 0.0745873 0.996709 0.0316989 1.09582 -0.843549 0.0800152 -0.531058 -217.97
-0.527174 0.012689 0.849662 613.949 0.0722419 0.996937 0.0299342 1.18138 -0.84668 0.0771618 -0.526477 -219.467
-0.523158 0.0143478 0.852114 616.219 0.074238 0.996823 0.0287943 1.24719 -0.848996 0.0783232 -0.522562 -220.937
-0.518811 0.0137296 0.854778 618.565 0.0737685 0.996859 0.0287623 1.30982 -0.8517 0.0779778 -0.518194 -222.417
-0.517462 0.0140071 0.855591 620.921 0.0747048 0.996787 0.0288628 1.36465 -0.852439 0.0788521 -0.516846 -223.91
-0.515478 0.0137254 0.856792 623.223 0.0752255 0.996735 0.0292912 1.40797 -0.853594 0.0795516 -0.514828 -225.336
-0.516615 0.0142901 0.856098 625.606 0.0755079 0.996724 0.028928 1.44211 -0.852882 0.0795868 -0.516002 -226.714
-0.518345 0.0148851 0.855041 627.994 0.0760979 0.996684 0.0287813 1.47461 -0.851779 0.0799854 -0.517759 -228.071
-0.511591 0.0164492 0.859071 630.309 0.0799145 0.996393 0.0285118 1.52268 -0.855505 0.0832386 -0.51106 -229.599
-0.512345 0.0153768 0.858641 632.674 0.079397 0.996404 0.0295317 1.56203 -0.855101 0.0833039 -0.511725 -230.96
-0.512964 0.0151868 0.858275 634.961 0.0803153 0.996305 0.0303726 1.60945 -0.854645 0.0845127 -0.512289 -232.289
-0.515067 0.0219191 0.856869 637.204 0.088861 0.995651 0.0279454 1.59214 -0.852531 0.0905359 -0.514775 -233.514
-0.517237 0.0190121 0.855631 639.452 0.0835939 0.996094 0.0284 1.62491 -0.85175 0.086215 -0.516806 -234.741
-0.518723 0.0185442 0.85474 641.768 0.0830872 0.996124 0.0288121 1.66043 -0.850895 0.0859635 -0.518254 -236.098
-0.519736 0.0178799 0.854139 644.082 0.0825787 0.99615 0.0293958 1.69708 -0.850326 0.0858117 -0.519212 -237.455
-0.519391 0.0173279 0.85436 646.41 0.0816729 0.996223 0.0294463 1.74438 -0.850624 0.0850722 -0.518845 -238.854
-0.519021 0.0166291 0.854599 648.729 0.0811045 0.996257 0.0298714 1.79422 -0.850905 0.0848157 -0.518427 -240.26
-0.519881 0.0165737 0.854077 650.991 0.0805957 0.996302 0.0297254 1.83255 -0.850428 0.0842886 -0.519295 -241.618
-0.521034 0.01812 0.853343 653.268 0.0818916 0.996222 0.0288474 1.86661 -0.849598 0.0849121 -0.520551 -242.99
-0.518999 0.018859 0.854566 655.609 0.0821119 0.996232 0.0278832 1.93394 -0.850822 0.0846414 -0.518593 -244.453
-0.516067 0.0185661 0.856346 657.957 0.0827098 0.996172 0.0282464 2.00118 -0.852546 0.0854053 -0.515628 -245.906
-0.51304 0.0178067 0.858179 660.233 0.0821503 0.996213 0.0284405 2.05873 -0.854424 0.0850908 -0.51256 -247.341
-0.512081 0.0188988 0.858729 662.542 0.0815168 0.996313 0.0266836 2.10278 -0.85506 0.0836649 -0.511734 -248.725
-0.512194 0.0210431 0.858612 664.85 0.0823752 0.996293 0.0247224 2.1415 -0.85491 0.083391 -0.512029 -250.11
-0.515087 0.0223902 0.856845 667.167 0.0821924 0.996341 0.023374 2.16464 -0.853188 0.0824658 -0.515043 -251.41
-0.515685 0.0225418 0.856481 669.479 0.0833923 0.996227 0.0239904 2.19168 -0.85271 0.0837954 -0.515619 -252.797
-0.515656 0.0216306 0.856522 671.81 0.0840358 0.996137 0.025436 2.22014 -0.852664 0.0850947 -0.515483 -254.194
-0.51806 0.0210705 0.855084 674.196 0.0828228 0.996233 0.0256302 2.2618 -0.851325 0.0840985 -0.517855 -255.525
-0.519691 0.0230217 0.854043 676.505 0.0880139 0.995759 0.0267152 2.30323 -0.849808 0.0890514 -0.519514 -256.995
-0.51853 0.0237124 0.85473 678.807 0.0887096 0.995712 0.0261929 2.34382 -0.850445 0.0894046 -0.518411 -258.413
-0.520096 0.0235536 0.853782 681.182 0.0871621 0.995863 0.025623 2.37483 -0.849648 0.0877439 -0.519999 -259.778
-0.520405 0.0230635 0.853607 683.482 0.0880175 0.995758 0.0267559 2.39975 -0.849371 0.0890564 -0.520228 -261.171
-0.520414 0.0224998 0.853617 685.793 0.088256 0.995715 0.0275608 2.4321 -0.84934 0.0896798 -0.520171 -262.565
-0.521281 0.0227748 0.853081 688.083 0.0895369 0.995585 0.0281329 2.46778 -0.848675 0.0910474 -0.521019 -263.949
-0.525687 0.0225928 0.850377 690.408 0.0872471 0.995806 0.027478 2.50591 -0.846192 0.0886378 -0.525455 -265.25
-0.526553 0.0244055 0.849791 692.755 0.0881534 0.995765 0.0260244 2.5523 -0.845559 0.0886153 -0.526476 -266.688
-0.529998 0.0245769 0.847642 695.094 0.0872933 0.995849 0.025707 2.59212 -0.843494 0.0876182 -0.529945 -268.037
-0.529697 0.0250182 0.847817 697.395 0.0872593 0.995867 0.0251307 2.65001 -0.843686 0.0872917 -0.529692 -269.458
-0.531149 0.024948 0.84691 699.656 0.0876976 0.995815 0.0256662 2.67182 -0.842727 0.0879046 -0.531115 -270.812
-0.529449 0.026371 0.847931 701.934 0.0882889 0.9958 0.0241579 2.71167 -0.843735 0.0876533 -0.529555 -272.285
-0.530892 0.0285298 0.846958 704.244 0.0900986 0.995667 0.0229367 2.74416 -0.842636 0.0884868 -0.531164 -273.686
-0.53192 0.0282799 0.846322 706.513 0.0906133 0.995603 0.023683 2.76019 -0.841932 0.0892855 -0.532144 -275.061
-0.531457 0.0288184 0.846594 708.736 0.0932441 0.995336 0.0246532 2.79736 -0.841937 0.0920421 -0.531667 -276.483
-0.531272 0.0280299 0.846737 711.033 0.0923492 0.995411 0.0249916 2.83411 -0.842152 0.0914729 -0.531424 -277.905
-0.530761 0.0274638 0.847076 713.281 0.0914966 0.995489 0.0250544 2.8612 -0.842568 0.0908025 -0.53088 -279.312
