1 0 0 0 0 1 0 0 0 0 1 0
0.999998 0.0014569 0.00161364 -0.0450916 -0.00145773 0.999999 0.000511789 -0.0246479 -0.0016129 -0.00051414 0.999999 1.35781
0.999997 0.000321612 0.0025421 -0.0785862 -0.00032297 1 0.000533511 -0.0478202 -0.00254193 -0.00053433 0.999997 2.70144
0.999994 -0.00110067 0.00336733 -0.0975786 0.00110227 0.999999 -0.000472455 -0.07153 -0.00336681 0.000476164 0.999994 4.0342
0.999991 -0.00119314 0.00408701 -0.104228 0.0011948 0.999999 -0.000403713 -0.0923123 -0.00408652 0.000408593 0.999992 5.41138
0.999988 -0.00195817 0.00456897 -0.109662 0.00195738 0.999998 0.000178579 -0.11157 -0.00456931 -0.000169634 0.99999 6.76816
0.99998 -0.00337271 0.00530799 -0.114048 0.00336667 0.999994 0.00114783 -0.129495 -0.00531183 -0.00112994 0.999985 8.12506
0.999983 -0.00273458 0.00510983 -0.0997136 0.00272796 0.999995 0.00130296 -0.141771 -0.00511337 -0.001289 0.999986 9.52489
0.999984 -0.00157904 0.00537762 -0.107924 0.00158269 0.999998 -0.000675394 -0.161619 -0.00537654 0.000683894 0.999985 10.895
0.999985 0.00108532 0.00536627 -0.0955918 -0.0010694 0.999995 -0.00296767 -0.182085 -0.00536946 0.00296189 0.999981 12.295
0.999963 0.00482189 0.00716545 -0.134981 -0.00479455 0.999981 -0.0038279 -0.208684 -0.00718377 0.0037934 0.999967 13.6372
0.999933 0.00749923 0.00884465 -0.17228 -0.00746445 0.999964 -0.00395824 -0.235024 -0.00887402 0.00389195 0.999953 14.9806
0.99991 0.00859721 0.0102961 -0.195957 -0.00856342 0.999958 -0.00332071 -0.258857 -0.0103242 0.00323224 0.999942 16.3371
0.999908 0.0062372 0.0120552 -0.207883 -0.00622668 0.99998 -0.000910187 -0.278712 -0.0120607 0.000835039 0.999927 17.7236
0.999899 0.00241798 0.0139666 -0.226166 -0.00242691 0.999997 0.000622345 -0.298424 -0.013965 -0.000656178 0.999902 19.0899
0.999882 0.000243965 0.0153453 -0.234841 -0.000217136 0.999998 -0.00174979 -0.321017 -0.0153457 0.00174626 0.999881 20.4674
0.999845 -0.000577686 0.0176101 -0.262518 0.000647077 0.999992 -0.00393479 -0.343521 -0.0176077 0.00394558 0.999837 21.8199
0.999804 0.00171416 0.0197268 -0.270653 -0.00160451 0.999983 -0.00557299 -0.371721 -0.019736 0.00554025 0.99979 23.2112
0.999741 0.00444996 0.0222934 -0.280391 -0.00436785 0.999983 -0.00373022 -0.396001 -0.0223096 0.00363188 0.999745 24.5992
0.999691 0.00456077 0.0244536 -0.276777 -0.00455389 0.99999 -0.000336966 -0.419582 -0.0244549 0.000225503 0.999701 26.0067
0.999645 0.00235289 0.0265448 -0.275535 -0.00239524 0.999996 0.00156371 -0.438993 -0.026541 -0.00162674 0.999646 27.3933
0.999616 -0.00113371 0.0276918 -0.272039 0.00113784 0.999999 -0.000133484 -0.461063 -0.0276917 0.000164942 0.999617 28.7766
0.999579 -0.00171453 0.0289547 -0.261969 0.00178983 0.999995 -0.00257476 -0.485895 -0.0289501 0.0026255 0.999578 30.1663
0.999504 -0.00189447 0.0314453 -0.268361 0.00205508 0.999985 -0.00507588 -0.513675 -0.0314352 0.00513798 0.999493 31.5405
0.999432 0.00180426 0.033666 -0.264176 -0.00159983 0.99998 -0.00609807 -0.539356 -0.0336763 0.00604074 0.999415 32.9326
0.999402 0.00304358 0.0344518 -0.230535 -0.00275439 0.999961 -0.0084385 -0.567852 -0.0344762 0.00833856 0.999371 34.3405
0.999389 0.00390919 0.0347439 -0.187228 -0.003624 0.999959 -0.00826729 -0.594545 -0.0347748 0.00813633 0.999362 35.7679
0.999376 0.00433508 0.0350618 -0.147875 -0.00407245 0.999963 -0.00755823 -0.619727 -0.0350933 0.00741073 0.999357 37.19
0.999376 0.00567262 0.0348623 -0.107378 -0.00545451 0.999965 -0.00634826 -0.646246 -0.0348971 0.00615414 0.999372 38.6312
0.999341 0.00875387 0.0352231 -0.067683 -0.00852897 0.999942 -0.00652992 -0.67178 -0.0352783 0.00622521 0.999358 40.0783
0.999301 0.0111896 0.0356727 -0.0273862 -0.0109396 0.999914 -0.00719688 -0.698333 -0.0357502 0.00680161 0.999338 41.5254
0.999251 0.0136545 0.0362 0.0136167 -0.0134023 0.999884 -0.00719829 -0.724857 -0.0362941 0.00670774 0.999319 42.9725
0.999223 0.0144001 0.0367013 0.0529953 -0.0141385 0.999873 -0.00737688 -0.754358 -0.0368029 0.00685225 0.999299 44.4316
0.999224 0.0136712 0.0369297 0.0939393 -0.0133944 0.99988 -0.00773014 -0.784693 -0.0370309 0.00722949 0.999288 45.892
0.99925 0.0128304 0.0365428 0.141403 -0.0125348 0.999887 -0.00830509 -0.814455 -0.0366452 0.0078408 0.999298 47.3479
0.99927 0.0124984 0.0361061 0.180786 -0.0122077 0.999891 -0.00825925 -0.847392 -0.0362054 0.00781244 0.999314 48.7842
0.999307 0.0129181 0.0349014 0.237602 -0.012662 0.999891 -0.00755046 -0.872953 -0.0349951 0.00710331 0.999362 50.2563
0.999339 0.0134898 0.0337495 0.290125 -0.0132139 0.999878 -0.00838431 -0.902189 -0.0338585 0.00793281 0.999395 51.7309
0.999366 0.0141497 0.0326775 0.33425 -0.0138892 0.99987 -0.00818535 -0.93499 -0.0327891 0.00772629 0.999433 53.2014
0.99938 0.0144696 0.0320933 0.366909 -0.0142342 0.99987 -0.00755168 -0.967442 -0.0321984 0.00709018 0.999457 54.6493
0.999398 0.013349 0.0320207 0.403762 -0.0131267 0.999888 -0.00714377 -0.994843 -0.0321125 0.00671915 0.999462 56.1128
0.999373 0.0124085 0.0331528 0.419413 -0.0121641 0.999897 -0.0075649 -1.02117 -0.0332433 0.00715689 0.999422 57.5555
0.999415 0.0100491 0.0326864 0.468843 -0.00977395 0.999916 -0.00856753 -1.05311 -0.0327697 0.00824305 0.999429 59.0243
0.999389 0.00963278 0.0335812 0.495471 -0.00933297 0.999915 -0.00907329 -1.08065 -0.0336658 0.00875434 0.999395 60.4785
0.999335 0.00894135 0.0353429 0.520631 -0.00862511 0.999922 -0.00909028 -1.10837 -0.0354214 0.00877941 0.999334 61.9272
0.999307 0.00824612 0.0363042 0.564201 -0.00791021 0.999925 -0.00938646 -1.13169 -0.0363789 0.00909278 0.999297 63.3953
0.999309 0.00660126 0.0365756 0.623879 -0.0062266 0.999927 -0.0103478 -1.16452 -0.0366413 0.0101129 0.999278 64.8657
0.999301 0.00473104 0.0370849 0.675031 -0.00431166 0.999926 -0.0113806 -1.20301 -0.037136 0.0112128 0.999248 66.3227
0.999264 0.00538509 0.0379901 0.723806 -0.00493466 0.999917 -0.0119403 -1.24456 -0.0380512 0.0117441 0.999207 67.7693
0.999211 0.00676073 0.0391329 0.77032 -0.00629042 0.999907 -0.012129 -1.28706 -0.0392113 0.0118733 0.999161 69.2203
0.99912 0.00974234 0.0407872 0.806862 -0.00931311 0.999899 -0.0107007 -1.33465 -0.0408873 0.0103114 0.999111 70.6417
0.99902 0.0128519 0.0423547 0.843656 -0.0124703 0.999879 -0.0092599 -1.37754 -0.0424686 0.00872265 0.99906 72.0703
0.998889 0.0166667 0.0440797 0.881713 -0.0162952 0.999829 -0.00877408 -1.42391 -0.0442184 0.00804604 0.99899 73.4879
0.998769 0.0208215 0.0450146 0.92883 -0.0204282 0.999749 -0.00918077 -1.45978 -0.0451944 0.00824991 0.998944 74.9495
0.998661 0.0237829 0.0459392 0.976132 -0.0233552 0.999679 -0.00982601 -1.49721 -0.0461582 0.00873994 0.998896 76.4084
0.998581 0.0255804 0.0466979 1.02851 -0.0251316 0.999632 -0.0101733 -1.53561 -0.046941 0.00898531 0.998857 77.8638
0.99855 0.0259012 0.0471814 1.08166 -0.0254576 0.999626 -0.00998019 -1.5733 -0.0474222 0.0087646 0.998837 79.3159
0.99854 0.0253484 0.047692 1.13696 -0.0248787 0.999636 -0.0104159 -1.61895 -0.0479387 0.00921418 0.998808 80.7551
0.998569 0.0237218 0.047937 1.20017 -0.0232132 0.999668 -0.01114 -1.66584 -0.0481854 0.0100113 0.998788 82.1659
0.998582 0.0233218 0.0478615 1.26302 -0.0228185 0.999679 -0.0110366 -1.71142 -0.0481036 0.00992884 0.998793 83.5772
0.998593 0.0227664 0.0478804 1.32708 -0.0222719 0.999693 -0.0108365 -1.75325 -0.0481124 0.00975485 0.998794 85.0012
0.998623 0.0224796 0.0473966 1.38997 -0.0219745 0.999696 -0.011152 -1.79547 -0.0476329 0.0100952 0.998814 86.4275
0.998647 0.0225504 0.0468449 1.452 -0.0220661 0.999698 -0.0108298 -1.83722 -0.047075 0.00978142 0.998844 87.8539
0.998723 0.0214955 0.0457104 1.50801 -0.0210505 0.999726 -0.0101955 -1.8721 -0.045917 0.0092203 0.998903 89.3126
0.998816 0.0192695 0.044661 1.56254 -0.0188573 0.999776 -0.00963213 -1.90622 -0.0448366 0.00877854 0.998956 90.7714
0.998907 0.0170731 0.0435106 1.61799 -0.0166786 0.999816 -0.00941269 -1.94014 -0.0436633 0.0086767 0.999009 92.227
0.998973 0.0148822 0.0428016 1.67723 -0.0144764 0.999847 -0.00977345 -1.974 -0.0429405 0.00914379 0.999036 93.6641
0.999014 0.0135971 0.0422683 1.73574 -0.0131574 0.999856 -0.0106643 -2.00927 -0.0424073 0.0100977 0.99905 95.101
0.999035 0.0126196 0.0420584 1.794 -0.0121501 0.999861 -0.011401 -2.0456 -0.0421965 0.010879 0.99905 96.538
0.999029 0.013396 0.0419582 1.85468 -0.0128928 0.999842 -0.0122414 -2.08422 -0.0421155 0.0116886 0.999045 97.9633
0.999002 0.0128167 0.0427967 1.89431 -0.0122867 0.999845 -0.0126254 -2.13016 -0.0429519 0.0120869 0.999004 99.3413
0.998954 0.013603 0.0436588 1.93552 -0.0130434 0.999829 -0.0130767 -2.17673 -0.0438292 0.0124935 0.998961 100.725
0.998883 0.0146665 0.0449111 1.97672 -0.0141144 0.999821 -0.0125849 -2.22215 -0.0450876 0.011937 0.998912 102.105
0.998849 0.0151014 0.0455271 2.02888 -0.0146104 0.999832 -0.011097 -2.26388 -0.0456871 0.0104191 0.998902 103.475
0.998827 0.0162874 0.0455925 2.08311 -0.0158555 0.999826 -0.00981688 -2.30757 -0.0457445 0.00908247 0.998912 104.841
0.99882 0.0152338 0.0461172 2.13719 -0.0147425 0.999831 -0.0109752 -2.34875 -0.0462766 0.0102823 0.998876 106.215
0.998809 0.0148394 0.046487 2.19475 -0.0142433 0.999812 -0.0131289 -2.39012 -0.0466731 0.0124512 0.998833 107.59
0.998823 0.0138717 0.0464855 2.25196 -0.0132211 0.999811 -0.0142739 -2.43357 -0.0466747 0.0136425 0.998817 108.945
0.998826 0.0116613 0.0470128 2.30896 -0.0110501 0.999851 -0.0132398 -2.47608 -0.0471602 0.0127048 0.998807 110.299
0.998806 0.00917742 0.0479707 2.36778 -0.00863837 0.999897 -0.0114323 -2.51677 -0.0480707 0.0110043 0.998784 111.663
0.998773 0.0076037 0.0489328 2.43397 -0.00706926 0.999914 -0.0110856 -2.55218 -0.0490129 0.0107261 0.998741 113.038
0.998733 0.00699703 0.0498317 2.49543 -0.0063656 0.999898 -0.0128185 -2.59045 -0.0499163 0.0124851 0.998676 114.39
0.998663 0.00936724 0.0508263 2.55441 -0.0086002 0.999846 -0.0152889 -2.6328 -0.0509617 0.0148314 0.998591 115.742
0.998524 0.0116621 0.0530339 2.59756 -0.0107403 0.999787 -0.0176336 -2.67358 -0.0532282 0.017038 0.998437 117.089
0.998362 0.0151468 0.0551683 2.64749 -0.0141759 0.999739 -0.0179487 -2.71665 -0.0554257 0.0171372 0.998316 118.427
0.998258 0.0164369 0.0566588 2.71832 -0.0155362 0.999747 -0.0163009 -2.75761 -0.0569124 0.0153923 0.998261 119.809
0.998156 0.0164945 0.0584102 2.77932 -0.015684 0.999775 -0.0143085 -2.79969 -0.058633 0.013366 0.99819 121.154
0.998084 0.0157843 0.0598262 2.84771 -0.0149813 0.999792 -0.0138473 -2.84149 -0.0600323 0.0129245 0.998113 122.51
0.997982 0.0163291 0.0613557 2.92189 -0.0154616 0.999774 -0.0145871 -2.88166 -0.06158 0.013609 0.99801 123.871
0.997839 0.0183507 0.0630869 2.99738 -0.0174222 0.999732 -0.0152362 -2.92266 -0.0633495 0.0141042 0.997892 125.231
0.997692 0.0201551 0.0648352 3.06862 -0.0191832 0.999695 -0.0155779 -2.96547 -0.0651293 0.0142982 0.997774 126.606
0.997557 0.0210634 0.0666061 3.14237 -0.0199881 0.99966 -0.0167696 -3.00996 -0.0669366 0.0153974 0.997639 127.98
0.997429 0.0222215 0.0681274 3.21819 -0.0210737 0.999625 -0.0175202 -3.05544 -0.0684912 0.0160394 0.997523 129.355
0.997342 0.0213363 0.0696626 3.29626 -0.0201466 0.99964 -0.0177363 -3.10109 -0.0700159 0.0162857 0.997413 130.729
0.997224 0.0210187 0.0714277 3.37443 -0.0198759 0.999664 -0.0166733 -3.1506 -0.0717541 0.0152074 0.997307 132.08
0.997113 0.0193834 0.0734064 3.45497 -0.0182832 0.999711 -0.0156299 -3.19874 -0.0736881 0.0142427 0.99718 133.433
0.997027 0.018507 0.074799 3.53743 -0.017418 0.999733 -0.0151861 -3.24637 -0.0750601 0.0138381 0.997083 134.785
0.996969 0.0163911 0.0760429 3.62142 -0.0152887 0.99977 -0.0150573 -3.29303 -0.0762722 0.0138491 0.996991 136.141
0.996908 0.0147971 0.0771628 3.70712 -0.0137308 0.999803 -0.0143321 -3.33899 -0.0773597 0.0132283 0.996916 137.496
0.996907 0.0135696 0.0774085 3.78612 -0.0124318 0.999808 -0.0151621 -3.37468 -0.0775994 0.0141529 0.996884 138.906
0.99693 0.0125482 0.077279 3.87588 -0.0113994 0.999818 -0.0152881 -3.42211 -0.0774567 0.0143602 0.996893 140.256
0.99696 0.0111464 0.0771117 3.9613 -0.010057 0.999844 -0.0145017 -3.46313 -0.0772614 0.0136821 0.996917 141.65
0.996985 0.00947148 0.0770111 4.04716 -0.00838348 0.999861 -0.0144387 -3.50558 -0.0771371 0.0137496 0.996926 143.027
0.996993 0.009317 0.0769294 4.12969 -0.00822155 0.999861 -0.014544 -3.54941 -0.0770542 0.0138678 0.996931 144.388
0.997049 0.00885949 0.0762448 4.22369 -0.00772394 0.999855 -0.0151755 -3.59306 -0.0763682 0.0145418 0.996974 145.775
0.997084 0.0086663 0.0758086 4.31475 -0.00750132 0.99985 -0.0156386 -3.63704 -0.0759327 0.0150244 0.997 147.163
0.997147 0.00636708 0.0752161 4.41042 -0.00502089 0.999824 -0.018073 -3.68302 -0.0753179 0.0176438 0.997004 148.562
0.997202 0.000871923 0.0747427 4.50553 0.000512818 0.999829 -0.0185054 -3.72924 -0.074746 0.018492 0.997031 149.961
0.997197 -0.00705496 0.0744799 4.60316 0.00825643 0.999841 -0.0158357 -3.78408 -0.0743563 0.0164063 0.997097 151.313
0.997116 -0.0132941 0.0747183 4.68763 0.0144431 0.999785 -0.0148577 -3.82147 -0.0745048 0.0158941 0.997094 152.699
0.997071 -0.0161619 0.074749 4.7829 0.0175885 0.999675 -0.018466 -3.86315 -0.0744262 0.0197267 0.997032 154.089
0.997006 -0.0149062 0.0758706 4.87046 0.0165997 0.999626 -0.0217393 -3.91071 -0.0755182 0.0229336 0.996881 155.468
0.996953 -0.0113367 0.0771717 4.96787 0.013225 0.999625 -0.0240012 -3.9613 -0.0768706 0.0249487 0.996729 156.849
0.996852 -0.0109484 0.0785232 5.0703 0.0128874 0.999623 -0.024229 -4.01093 -0.0782284 0.0251647 0.996618 158.232
0.996593 -0.0141429 0.0812462 5.13258 0.0158966 0.999654 -0.0209783 -4.06058 -0.0809213 0.0221984 0.996473 159.566
0.996554 -0.0192018 0.0806853 5.28463 0.0207855 0.999607 -0.018833 -4.10599 -0.0802919 0.0204452 0.996562 160.984
0.996532 -0.0230637 0.0799439 5.42728 0.024561 0.99954 -0.0177956 -4.15118 -0.0794967 0.0196974 0.996641 162.376
0.996423 -0.0243137 0.0809247 5.51488 0.0258549 0.999503 -0.0180516 -4.19714 -0.0804456 0.0200794 0.996557 163.723
0.996315 -0.0221879 0.0828435 5.6093 0.0237433 0.999559 -0.0178362 -4.23881 -0.0824112 0.0197375 0.996403 165.088
0.996171 -0.0178698 0.0855701 5.68405 0.0195427 0.999633 -0.0187525 -4.28745 -0.0852037 0.020353 0.996156 166.44
0.995988 -0.0138564 0.0884041 5.76098 0.0157648 0.999657 -0.0209254 -4.33773 -0.0880838 0.0222351 0.995865 167.776
0.995895 -0.0105965 0.0898898 5.86658 0.0126018 0.999684 -0.0217697 -4.38662 -0.0896306 0.0228131 0.995714 169.165
0.995748 -0.00851559 0.0917168 5.96272 0.0104692 0.999728 -0.0208403 -4.43694 -0.0915144 0.0217119 0.995567 170.535
0.995734 -0.00664976 0.0920202 6.07664 0.00863935 0.999737 -0.0212398 -4.48955 -0.0918547 0.0219442 0.995531 171.927
0.995629 -0.00436985 0.0932845 6.17067 0.00660661 0.999698 -0.0236823 -4.54436 -0.0931528 0.0241951 0.995358 173.289
0.995595 -0.000663241 0.0937508 6.27982 0.00313895 0.99965 -0.0262623 -4.60119 -0.0937006 0.0264409 0.995249 174.676
0.995525 0.00481936 0.0943684 6.38945 -0.00222075 0.999616 -0.0276225 -4.65991 -0.0944653 0.0272893 0.995154 176.063
0.995332 0.00953349 0.0960257 6.48302 -0.00699585 0.999618 -0.0267288 -4.71577 -0.0962438 0.0259322 0.99502 177.432
0.995169 0.0122515 0.097402 6.59582 -0.00984933 0.999636 -0.0251054 -4.76716 -0.0976742 0.0240248 0.994928 178.845
0.994939 0.0131964 0.0995997 6.68923 -0.0109363 0.999671 -0.023204 -4.81861 -0.0998731 0.0219973 0.994757 180.205
0.994962 0.0103872 0.0997034 6.81501 -0.00816232 0.999709 -0.0226973 -4.86759 -0.0999102 0.0217691 0.994758 181.608
0.995052 0.00846139 0.0989902 6.94015 -0.00621841 0.999717 -0.0229453 -4.91749 -0.0991564 0.0222162 0.994824 183.013
0.995166 0.00905359 0.0977826 7.06388 -0.0064061 0.999605 -0.0273554 -4.97418 -0.0979916 0.0265967 0.994832 184.417
0.995226 0.0111884 0.0969435 7.18715 -0.00816287 0.999469 -0.03155 -5.03579 -0.097245 0.0306081 0.99479 185.824
0.995149 0.0157983 0.0970944 7.30167 -0.012725 0.999401 -0.0321903 -5.10044 -0.0975448 0.0307987 0.994754 187.238
0.995031 0.0188511 0.0977507 7.41796 -0.0158664 0.999387 -0.0312217 -5.1671 -0.0982793 0.0295156 0.994721 188.646
0.994889 0.0205518 0.0988515 7.53609 -0.017875 0.999451 -0.0278891 -5.22898 -0.0993704 0.0259796 0.994711 190.053
0.994756 0.0209316 0.1001 7.65605 -0.0184061 0.99949 -0.0260876 -5.28871 -0.100595 0.0241083 0.994635 191.461
0.994661 0.0205827 0.101112 7.7777 -0.0181183 0.999517 -0.025232 -5.34739 -0.101582 0.0232653 0.994555 192.868
0.994602 0.0188928 0.102021 7.90258 -0.0164777 0.999565 -0.0244633 -5.40828 -0.102439 0.0226502 0.994481 194.3
0.99457 0.0163133 0.102774 8.04175 -0.0139256 0.999617 -0.023907 -5.46884 -0.103125 0.022346 0.994417 195.75
0.99453 0.0137206 0.103535 8.1821 -0.0113127 0.999652 -0.0238084 -5.52929 -0.103826 0.022507 0.994341 197.2
0.994478 0.0107168 0.104385 8.33276 -0.00837817 0.999704 -0.0228167 -5.58435 -0.104598 0.0218161 0.994275 198.664
0.99438 0.00613976 0.105683 8.46015 -0.00388237 0.99976 -0.0215525 -5.63721 -0.10579 0.021021 0.994166 200.082
0.994319 0.00369204 0.106364 8.60731 -0.00136223 0.999758 -0.0219685 -5.68913 -0.106419 0.0216988 0.994085 201.531
0.994242 0.00636295 0.106961 8.74757 -0.00356672 0.999647 -0.0263135 -5.74816 -0.107091 0.0257805 0.993915 202.978
0.994107 0.0139441 0.107488 8.88841 -0.010648 0.999457 -0.0311781 -5.8145 -0.107864 0.0298499 0.993718 204.424
0.993708 0.0230489 0.109596 9.01578 -0.0197104 0.999311 -0.031449 -5.87804 -0.110245 0.029091 0.993479 205.881
0.993314 0.0305275 0.111327 9.15194 -0.0275683 0.999227 -0.0280246 -5.93724 -0.112096 0.0247682 0.993389 207.351
0.993077 0.0316395 0.113112 9.28677 -0.0288431 0.999238 -0.0262743 -5.9932 -0.113857 0.0228299 0.993235 208.8
0.993197 0.0298026 0.112557 9.45575 -0.027038 0.999296 -0.0260094 -6.04965 -0.113253 0.0227891 0.993305 210.28
0.993176 0.0270451 0.113432 9.57129 -0.0241786 0.999354 -0.0265712 -6.10784 -0.114077 0.0236473 0.99319 211.715
0.993205 0.0253023 0.113586 9.71961 -0.0223432 0.999379 -0.0272505 -6.1694 -0.114205 0.0245274 0.993154 213.193
0.992935 0.0257743 0.115815 9.82787 -0.0227156 0.999359 -0.0276527 -6.23706 -0.116454 0.0248265 0.992886 214.65
0.992566 0.0269058 0.118683 9.93731 -0.0238154 0.999341 -0.0273817 -6.30358 -0.119341 0.0243517 0.992555 216.098
0.992433 0.0277671 0.119595 10.0928 -0.0247659 0.999341 -0.0265089 -6.36705 -0.120253 0.0233465 0.992469 217.572
0.992402 0.0274277 0.119928 10.2593 -0.0243553 0.999338 -0.0270105 -6.43095 -0.120589 0.0238845 0.992415 219.054
0.992423 0.0269633 0.119864 10.4318 -0.02376 0.999323 -0.0280748 -6.49205 -0.12054 0.0250141 0.992393 220.542
0.992402 0.0262056 0.120205 10.5879 -0.0229425 0.999332 -0.0284508 -6.556 -0.120871 0.0254768 0.992341 222.006
0.992486 0.0266543 0.119406 10.7808 -0.0234024 0.999318 -0.0285548 -6.6246 -0.120086 0.0255459 0.992435 223.556
0.992563 0.0271377 0.118657 10.9726 -0.0238858 0.999301 -0.0287428 -6.6935 -0.119354 0.0256949 0.992519 225.107
0.992585 0.027039 0.118492 11.1335 -0.0238001 0.999305 -0.0286651 -6.76602 -0.119185 0.0256324 0.992541 226.576
0.992616 0.0282119 0.117958 11.3145 -0.0248949 0.999254 -0.0295005 -6.82503 -0.118702 0.0263462 0.99258 228.1
0.992679 0.0281148 0.117454 11.4965 -0.0247577 0.999245 -0.0299442 -6.88768 -0.118207 0.0268171 0.992627 229.619
0.992652 0.028908 0.117492 11.655 -0.0255061 0.999213 -0.0303556 -6.94591 -0.118277 0.0271359 0.99261 231.115
0.992641 0.0285845 0.117663 11.8136 -0.0251082 0.999206 -0.0309218 -7.00506 -0.118454 0.0277399 0.992572 232.612
0.992568 0.0280584 0.118401 11.9722 -0.0244529 0.999195 -0.0317952 -7.06519 -0.119197 0.0286637 0.992457 234.113
0.992552 0.0274954 0.118671 12.1451 -0.0238485 0.999202 -0.0320435 -7.13009 -0.119457 0.0289747 0.992416 235.635
0.992523 0.0268382 0.11906 12.3227 -0.023181 0.999219 -0.0319971 -7.19427 -0.119826 0.028998 0.992371 237.166
0.992501 0.0273616 0.119121 12.5006 -0.0236759 0.999199 -0.0322475 -7.25929 -0.119908 0.0291854 0.992356 238.699
0.992462 0.028143 0.119266 12.684 -0.0243684 0.999158 -0.03299 -7.32839 -0.120094 0.029835 0.992314 240.227
0.992347 0.0293621 0.119924 12.8627 -0.0254487 0.999096 -0.0340348 -7.40233 -0.120815 0.0307225 0.992199 241.747
0.992188 0.0305785 0.120935 13.0429 -0.0266918 0.999078 -0.0336289 -7.47562 -0.121852 0.0301382 0.992091 243.266
0.992015 0.0304461 0.122376 13.2254 -0.0267481 0.999138 -0.0317489 -7.54597 -0.123237 0.0282222 0.991976 244.785
0.991812 0.0303761 0.124028 13.4106 -0.0266434 0.999144 -0.0316441 -7.61626 -0.124883 0.0280805 0.991774 246.304
0.991648 0.0311121 0.125157 13.5905 -0.0271125 0.99907 -0.0335349 -7.68762 -0.126084 0.0298615 0.99157 247.854
0.991452 0.0319678 0.126489 13.7725 -0.0277126 0.998994 -0.0352594 -7.76165 -0.127488 0.0314527 0.991341 249.403
0.991344 0.032734 0.12713 13.9548 -0.028483 0.998977 -0.0351136 -7.83625 -0.12815 0.0311886 0.991264 250.957
0.991328 0.0322842 0.127372 14.1396 -0.0281181 0.999013 -0.0343724 -7.91075 -0.128356 0.0304929 0.991259 252.505
0.991289 0.0326354 0.127584 14.3251 -0.028472 0.999005 -0.0343222 -7.9854 -0.128577 0.0303907 0.991234 254.053
0.991241 0.0331636 0.127821 14.5133 -0.0289632 0.998982 -0.0345813 -8.06223 -0.128838 0.0305763 0.991194 255.581
0.991145 0.0347953 0.128134 14.7025 -0.0305916 0.998932 -0.0346311 -8.13793 -0.129202 0.0304047 0.991152 257.144
0.990943 0.0360054 0.129355 14.8745 -0.0317613 0.998892 -0.0347249 -8.21594 -0.130462 0.0303019 0.99099 258.674
0.990783 0.0362387 0.130513 15.05 -0.0319869 0.998891 -0.034529 -8.29453 -0.13162 0.0300361 0.990845 260.208
0.990674 0.0347965 0.131728 15.2329 -0.030501 0.998939 -0.0344881 -8.37132 -0.132789 0.0301487 0.990686 261.745
0.990599 0.0328837 0.132779 15.4224 -0.0286176 0.999015 -0.0339117 -8.44795 -0.133764 0.0297931 0.990565 263.299
0.990456 0.0307487 0.134342 15.6145 -0.0264568 0.999084 -0.0336174 -8.52418 -0.135253 0.0297423 0.990364 264.852
0.990338 0.0295824 0.135474 15.8069 -0.0250891 0.999081 -0.0347561 -8.6008 -0.136378 0.0310214 0.990171 266.396
0.99039 0.028996 0.135218 16.0151 -0.0243537 0.99906 -0.0358612 -8.68517 -0.13613 0.0322235 0.990167 267.976
0.990099 0.0271169 0.137717 16.1635 -0.0225791 0.999153 -0.034406 -8.7588 -0.138534 0.0309559 0.989874 269.482
0.989681 0.0253974 0.14101 16.3176 -0.0209103 0.999229 -0.0332127 -8.83318 -0.141745 0.0299214 0.989451 270.982
0.989862 0.0242522 0.139938 16.5615 -0.0196984 0.999233 -0.0338357 -8.91558 -0.140651 0.0307362 0.989582 272.6
0.990254 0.0228397 0.137378 16.8423 -0.0183035 0.999247 -0.0341932 -9.00887 -0.138056 0.0313455 0.989928 274.245
0.98989 0.0232368 0.139915 17.0109 -0.0185897 0.999234 -0.0344292 -9.09206 -0.140608 0.0314802 0.989565 275.724
0.989851 0.0245846 0.13996 17.2423 -0.0199782 0.999214 -0.0342231 -9.17456 -0.140692 0.0310796 0.989566 277.316
0.98971 0.0260842 0.140679 17.4546 -0.02141 0.99917 -0.0346383 -9.25674 -0.141466 0.03127 0.989449 278.864
0.98956 0.0266131 0.141634 17.6701 -0.0219102 0.999159 -0.0346613 -9.34098 -0.142437 0.0311962 0.989312 280.418
0.989384 0.0262531 0.142923 17.8805 -0.0215115 0.999169 -0.034621 -9.42384 -0.143713 0.031179 0.989128 281.965
0.989159 0.0267839 0.144378 18.0866 -0.0218715 0.99913 -0.0355054 -9.50539 -0.145204 0.0319627 0.988885 283.527
0.989028 0.0255233 0.145494 18.2969 -0.0204761 0.999139 -0.0360835 -9.58139 -0.14629 0.0327085 0.988701 285.123
0.988784 0.0247462 0.147281 18.5181 -0.0196677 0.999164 -0.0358392 -9.66754 -0.148045 0.0325406 0.988445 286.666
0.988746 0.0231079 0.147801 18.7476 -0.018169 0.999233 -0.0346794 -9.75177 -0.148489 0.0316038 0.988409 288.265
0.988744 0.0218677 0.148001 18.9767 -0.0169362 0.999261 -0.0344995 -9.83274 -0.148646 0.0316046 0.988385 289.852
0.988763 0.0209635 0.148003 19.204 -0.0156811 0.9992 -0.036768 -9.91857 -0.148656 0.0340341 0.988303 291.424
0.988867 0.0195412 0.147506 19.434 -0.0139472 0.999147 -0.0388634 -10.002 -0.14814 0.0363735 0.988297 293.015
0.988959 0.0197584 0.146859 19.66 -0.0141646 0.999137 -0.0390383 -10.0877 -0.147504 0.0365271 0.988387 294.587
0.989047 0.0184512 0.146431 19.8856 -0.0128494 0.999152 -0.0391104 -10.1733 -0.147028 0.0368006 0.988447 296.159
0.989107 0.0186526 0.146003 20.1086 -0.0129643 0.999123 -0.0398152 -10.261 -0.146618 0.0374887 0.988482 297.73
0.989096 0.0186732 0.146071 20.3317 -0.0129413 0.999112 -0.0400932 -10.3491 -0.14669 0.0377658 0.988461 299.301
0.989124 0.0186036 0.145892 20.5573 -0.0129458 0.99913 -0.0396346 -10.4391 -0.146503 0.0373149 0.988506 300.915
0.989222 0.0183336 0.145261 20.7805 -0.0127278 0.999141 -0.0394267 -10.5297 -0.145859 0.0371529 0.988607 302.525
0.98937 0.0175599 0.144347 21.0157 -0.0121355 0.999189 -0.0383739 -10.6132 -0.144904 0.0362143 0.988783 304.155
0.989395 0.0192909 0.143954 21.2418 -0.0140682 0.999208 -0.0372108 -10.699 -0.144558 0.034791 0.988884 305.753
0.989395 0.0195498 0.143915 21.4979 -0.0142596 0.999187 -0.0376995 -10.7789 -0.144535 0.0352476 0.988871 307.429
0.98925 0.0199321 0.144862 21.7266 -0.0145308 0.999162 -0.0382483 -10.8603 -0.145503 0.0357322 0.988712 309.03
0.989327 0.0185576 0.144515 21.9827 -0.0130672 0.999159 -0.0388489 -10.9401 -0.145115 0.036546 0.988739 310.671
0.989374 0.0167352 0.144419 22.2203 -0.0110335 0.999131 -0.0401912 -11.023 -0.144966 0.0381707 0.9887 312.288
0.989413 0.0158316 0.14425 22.4595 -0.00980848 0.999053 -0.0423708 -11.1107 -0.144784 0.0405074 0.988633 313.902
0.989529 0.0154503 0.143491 22.7006 -0.00927454 0.999005 -0.0436089 -11.2006 -0.144022 0.0418216 0.98869 315.525
0.98987 0.0164904 0.141008 22.9306 -0.0102708 0.998946 -0.0447228 -11.295 -0.141597 0.0428215 0.988997 317.154
0.990221 0.017317 0.138415 23.1676 -0.011297 0.99896 -0.0441607 -11.3922 -0.139036 0.0421653 0.989389 318.812
0.990353 0.0178946 0.137399 23.4029 -0.0123224 0.99907 -0.041299 -11.4846 -0.13801 0.0392075 0.989654 320.47
0.990372 0.0160883 0.137483 23.6404 -0.0108837 0.999198 -0.0385242 -11.5745 -0.137993 0.036657 0.989754 322.14
0.990337 0.0154362 0.13781 23.8568 -0.0102792 0.999222 -0.0380552 -11.6615 -0.13829 0.0362709 0.989727 323.793
0.990291 0.0143505 0.138255 24.0741 -0.00899066 0.999186 -0.0393142 -11.7508 -0.138707 0.0376896 0.989616 325.445
0.990214 0.0135737 0.138886 24.3039 -0.00813622 0.99918 -0.0396437 -11.8395 -0.139311 0.0381258 0.989514 327.125
0.990102 0.0138168 0.139656 24.517 -0.00837805 0.999186 -0.0394568 -11.9325 -0.140088 0.0378962 0.989413 328.765
0.990093 0.0137226 0.139733 24.769 -0.00821816 0.99917 -0.0398938 -12.0205 -0.140164 0.0383503 0.989385 330.466
0.990081 0.0155693 0.139624 25.0072 -0.00992152 0.999107 -0.0410553 -12.1144 -0.140139 0.0392629 0.989353 332.122
0.989994 0.0163493 0.140146 25.2373 -0.010578 0.999068 -0.0418271 -12.2085 -0.140699 0.0399262 0.989247 333.77
0.98994 0.0147979 0.1407 25.4669 -0.00924364 0.999154 -0.0400477 -12.307 -0.141174 0.0383444 0.989242 335.412
0.989895 0.0139185 0.141104 25.684 -0.00838977 0.999176 -0.039701 -12.3964 -0.141541 0.038116 0.989198 337.028
0.989841 0.0129163 0.141579 25.9011 -0.00715713 0.999128 -0.0411121 -12.4897 -0.141987 0.0396812 0.989073 338.653
0.989709 0.0140258 0.142397 26.115 -0.0082258 0.999115 -0.0412383 -12.5836 -0.14285 0.0396427 0.98895 340.274
0.989637 0.0159651 0.142691 26.3297 -0.00990057 0.999021 -0.0431103 -12.6823 -0.143239 0.0412509 0.988828 341.896
0.98966 0.0180095 0.142285 26.557 -0.0115444 0.998868 -0.0461333 -12.7834 -0.142955 0.0440138 0.98875 343.551
0.98975 0.0186506 0.141576 26.7925 -0.0122831 0.998878 -0.0457174 -12.8828 -0.14227 0.0435098 0.988871 345.222
0.989895 0.0181444 0.140623 27.0143 -0.0123219 0.999034 -0.0421656 -12.9875 -0.141253 0.0400068 0.989165 346.824
0.990035 0.0191123 0.139506 27.2338 -0.0137646 0.999136 -0.0391981 -13.0878 -0.140135 0.0368873 0.989445 348.428
0.990307 0.0190029 0.13758 27.4715 -0.0135975 0.999102 -0.0401226 -13.1869 -0.138219 0.037863 0.989677 350.068
0.990495 0.0178527 0.136371 27.6827 -0.0122658 0.999054 -0.0416998 -13.2772 -0.136986 0.0396309 0.98978 351.664
0.990706 0.0160879 0.135052 27.8928 -0.0106912 0.999118 -0.0405912 -13.3698 -0.135586 0.0387702 0.990007 353.271
0.990813 0.0147274 0.134423 28.1066 -0.00939519 0.999146 -0.040216 -13.4658 -0.134901 0.0385836 0.990107 354.9
0.990802 0.0144724 0.134534 28.317 -0.00906111 0.999128 -0.0407478 -13.564 -0.135006 0.039154 0.990071 356.522
0.990787 0.0140773 0.134682 28.5279 -0.00854088 0.999097 -0.0415971 -13.6636 -0.135147 0.0400637 0.990015 358.143
0.990764 0.0134273 0.134919 28.7392 -0.00789008 0.999107 -0.0414917 -13.763 -0.135356 0.0400441 0.989987 359.765
0.990721 0.0127355 0.1353 28.9508 -0.00716539 0.999109 -0.0415762 -13.8614 -0.135709 0.040221 0.989932 361.381
0.990684 0.0121335 0.135626 29.163 -0.00648293 0.999095 -0.0420269 -13.9606 -0.136013 0.0407563 0.989868 362.998
0.990657 0.0117931 0.135851 29.3756 -0.00606778 0.999078 -0.042481 -14.0606 -0.136227 0.0412599 0.989818 364.614
0.990622 0.0109091 0.136183 29.5881 -0.00520138 0.999095 -0.0421981 -14.1588 -0.13652 0.0410941 0.989784 366.223
0.990588 0.0107712 0.136437 29.8035 -0.0049773 0.999073 -0.0427359 -14.2579 -0.136771 0.0416547 0.989726 367.836
0.990584 0.0093818 0.136572 30.0167 -0.00339835 0.999026 -0.0439791 -14.3554 -0.136851 0.0431009 0.989653 369.432
0.990566 0.00771966 0.136808 30.2329 -0.00194145 0.999102 -0.0423189 -14.451 -0.137012 0.0416541 0.989693 371.041
0.990547 0.00616675 0.137024 30.4485 -0.0004664 0.999134 -0.0415943 -14.5447 -0.137162 0.0411372 0.989694 372.663
0.990472 0.00570651 0.137585 30.6639 0.000172053 0.999088 -0.0426768 -14.64 -0.137704 0.0422939 0.98957 374.279
0.990319 0.00697924 0.138625 30.8711 -0.000972087 0.999059 -0.0433541 -14.734 -0.138798 0.0427997 0.989395 375.892
0.99016 0.00863642 0.139661 31.0786 -0.00267555 0.999079 -0.0428124 -14.8265 -0.139902 0.0420176 0.989273 377.505
0.990007 0.00970694 0.140673 31.2889 -0.00378455 0.999097 -0.0423067 -14.9173 -0.140957 0.0413516 0.989151 379.129
0.98983 0.010283 0.141869 31.4978 -0.00424653 0.999074 -0.042787 -15.0103 -0.142178 0.0417495 0.98896 380.736
0.98972 0.0104628 0.142625 31.7088 -0.00423472 0.999026 -0.043901 -15.1062 -0.142946 0.0428458 0.988802 382.339
0.989569 0.011244 0.143607 31.9215 -0.00490635 0.999001 -0.0444099 -15.2028 -0.143963 0.0432422 0.988637 383.941
0.989372 0.01188 0.144904 32.1427 -0.00536543 0.99896 -0.0452662 -15.2919 -0.145291 0.0440077 0.988409 385.564
0.989213 0.0134506 0.145854 32.3654 -0.00682932 0.998926 -0.0458022 -15.3817 -0.146314 0.0443122 0.988245 387.187
0.989013 0.0150663 0.147046 32.59 -0.00835537 0.998899 -0.0461498 -15.4723 -0.147579 0.0444142 0.988052 388.809
0.988936 0.0159361 0.147473 32.8306 -0.00908711 0.998853 -0.0469998 -15.5738 -0.148053 0.0451398 0.987948 390.452
0.988886 0.0172628 0.147655 33.0711 -0.0103137 0.998808 -0.0476998 -15.6771 -0.148302 0.0456469 0.987888 392.087
0.988912 0.017403 0.147465 33.3123 -0.0104317 0.998796 -0.0479169 -15.78 -0.148121 0.0458474 0.987906 393.714
0.988905 0.0185633 0.147372 33.5481 -0.0117106 0.998814 -0.0472322 -15.8816 -0.148074 0.0449824 0.987952 395.344
0.988871 0.0199729 0.147416 33.7837 -0.0131367 0.998798 -0.0472024 -15.983 -0.148182 0.0447406 0.987947 396.977
0.988856 0.0201679 0.14749 34.0194 -0.0132363 0.998767 -0.0478282 -16.0856 -0.148273 0.045343 0.987906 398.61
0.988873 0.0199595 0.147404 34.2595 -0.0130255 0.998769 -0.0478574 -16.1892 -0.148178 0.045405 0.987918 400.244
