1 0 0 0 0 1 0 0 0 0 1 0
0.999998 -0.00170698 0.00130095 -0.068415 0.00170756 0.999998 -0.000442662 -0.019582 -0.00130019 0.000444882 0.999999 0.560301
0.999997 -0.00164406 0.00195146 -0.105583 0.00164773 0.999997 -0.0018775 -0.0369128 -0.00194837 0.00188071 0.999996 1.09999
0.999997 -0.00225792 0.000297225 -0.113798 0.00225888 0.999992 -0.00324949 -0.0478134 -0.000289886 0.00325015 0.999995 1.67139
0.99999 -0.00435575 -0.00128518 -0.122908 0.00434939 0.999978 -0.0049055 -0.0596585 0.00130652 0.00489986 0.999987 2.24299
0.999975 -0.00657479 -0.00248906 -0.128268 0.0065576 0.999955 -0.00685245 -0.073 0.002534 0.00683596 0.999973 2.80602
0.999963 -0.00782182 -0.00348727 -0.134193 0.00779571 0.999942 -0.00743828 -0.0866002 0.00354524 0.00741082 0.999966 3.36916
0.99996 -0.0078926 -0.00430912 -0.140517 0.0078633 0.999946 -0.00677486 -0.0997511 0.00436236 0.0067407 0.999968 3.93232
0.999952 -0.00857082 -0.00481969 -0.146984 0.0085366 0.999938 -0.00707583 -0.11364 0.00488004 0.00703435 0.999963 4.49697
0.999957 -0.00765385 -0.0052707 -0.160924 0.00760131 0.999922 -0.00991723 -0.130063 0.0053462 0.00987674 0.999937 5.08686
0.999965 -0.00575432 -0.00603456 -0.178233 0.00567124 0.99989 -0.0136962 -0.148098 0.00611271 0.0136615 0.999888 5.69051
0.99997 -0.00441578 -0.0062993 -0.247679 0.00430617 0.999841 -0.0173078 -0.168289 0.00637473 0.0172801 0.99983 6.38824
0.999976 -0.002544 -0.00643221 -0.298906 0.00243358 0.99985 -0.0171164 -0.186679 0.0064748 0.0171003 0.999833 7.06062
0.999981 -1.08922e-05 -0.00620418 -0.349558 -5.32204e-05 0.999946 -0.0103337 -0.199967 0.00620396 0.0103339 0.999928 7.7328
0.999984 0.000391384 -0.00565834 -0.364233 -0.000392715 1 -0.000234274 -0.202611 0.00565825 0.000236488 0.999984 8.36482
0.999983 0.00100392 -0.00573454 -0.362362 -0.000969758 0.999982 0.0059568 -0.203876 0.00574041 -0.00595114 0.999966 9.00348
0.999974 0.0030261 -0.00656545 -0.381844 -0.00299535 0.999984 0.00468771 -0.212689 0.00657953 -0.00466793 0.999968 9.70133
0.99996 0.00541315 -0.00714094 -0.393801 -0.00542994 0.999982 -0.00233329 -0.223174 0.00712819 0.00237197 0.999972 10.3931
0.999957 0.00548824 -0.00744025 -0.405632 -0.00554483 0.999955 -0.00760792 -0.237092 0.00739816 0.00764885 0.999944 11.085
0.999965 0.00352173 -0.00762016 -0.429109 -0.00356538 0.999977 -0.00572258 -0.246639 0.00759983 0.00574954 0.999955 11.8348
0.999962 0.00241048 -0.00839319 -0.41267 -0.00238342 0.999992 0.00323217 -0.250174 0.00840091 -0.00321205 0.99996 12.5767
0.999955 0.00157473 -0.00942217 -0.409581 -0.00147592 0.999944 0.010485 -0.251203 0.00943815 -0.0104706 0.999901 13.3638
0.999947 0.000630418 -0.0103335 -0.410585 -0.000498147 0.999918 0.0127977 -0.251784 0.0103407 -0.0127919 0.999865 14.1598
0.999942 -0.00128941 -0.01066 -0.410681 0.00141592 0.999928 0.0118685 -0.2535 0.010644 -0.011883 0.999873 14.9588
0.999942 -0.0018833 -0.0105879 -0.409342 0.00198464 0.999952 0.00956871 -0.253219 0.0105694 -0.00958918 0.999898 15.781
0.999944 0.000584084 -0.0105675 -0.413532 -0.000517305 0.99998 0.00632079 -0.254616 0.010571 -0.00631498 0.999924 16.6305
0.999955 -0.00251601 -0.00917021 -0.428395 0.00252234 0.999996 0.000678781 -0.257915 0.00916846 -0.000701884 0.999958 17.4923
0.999948 -0.00540395 -0.00870886 -0.429459 0.00535546 0.99997 -0.0055815 -0.267838 0.00873876 0.00553456 0.999947 18.3795
0.999958 -0.00438904 -0.00806393 -0.434056 0.00430237 0.999933 -0.0107332 -0.281585 0.00811049 0.010698 0.99991 19.2995
0.999961 -0.00319262 -0.00822938 -0.439996 0.00309751 0.999928 -0.0115455 -0.296375 0.00826565 0.0115196 0.9999 20.2239
0.99996 -0.00289688 -0.00852699 -0.445007 0.00280131 0.999933 -0.011198 -0.313972 0.00855886 0.0111736 0.999901 21.1431
0.999962 -0.00123818 -0.00865487 -0.453804 0.0011292 0.99992 -0.0125864 -0.336009 0.00866976 0.0125762 0.999884 22.0869
0.99996 0.00167646 -0.00874504 -0.463574 -0.00180372 0.999892 -0.0145651 -0.360441 0.00871968 0.0145803 0.999856 23.0411
0.999943 0.0054726 -0.00920917 -0.473157 -0.00561336 0.999866 -0.0153299 -0.385051 0.00912405 0.0153808 0.99984 24.0157
0.999935 0.0070317 -0.00895956 -0.492729 -0.00716875 0.999856 -0.0153583 -0.410975 0.00885028 0.0154215 0.999842 24.9866
0.99993 0.00788124 -0.00881169 -0.512515 -0.00801729 0.999847 -0.0155131 -0.438152 0.00868809 0.0155827 0.999841 25.9597
0.999929 0.00793322 -0.00885771 -0.524234 -0.00806894 0.999849 -0.0153947 -0.466642 0.00873425 0.0154651 0.999842 26.9526
0.999919 0.00889828 -0.00909118 -0.541047 -0.00902701 0.999858 -0.0142196 -0.496045 0.00896336 0.0143005 0.999858 27.9568
0.999911 0.00939157 -0.00949646 -0.555007 -0.00950773 0.999879 -0.0122621 -0.523136 0.00938016 0.0123513 0.99988 28.9656
0.9999 0.0097771 -0.0102477 -0.564244 -0.00989116 0.999889 -0.0111402 -0.548869 0.0101377 0.0112404 0.999886 29.9925
0.999897 0.00951704 -0.0107701 -0.574044 -0.00964894 0.999878 -0.0122625 -0.575947 0.0106521 0.0123652 0.999867 31.0193
0.999878 0.0105211 -0.0115361 -0.583658 -0.0106726 0.999856 -0.0131577 -0.602292 0.011396 0.0132793 0.999847 32.0675
0.999872 0.00992347 -0.0125819 -0.593557 -0.0100788 0.999873 -0.0123453 -0.627196 0.0124578 0.0124705 0.999845 33.119
0.999881 0.00936491 -0.0123103 -0.625191 -0.0094859 0.999907 -0.00980753 -0.652703 0.0122173 0.00992314 0.999876 34.159
0.999874 0.0099256 -0.0124365 -0.649979 -0.0100051 0.99993 -0.00634501 -0.674699 0.0123726 0.00646863 0.999903 35.2219
0.99988 0.0100397 -0.0118214 -0.689955 -0.0100877 0.999941 -0.00401436 -0.698115 0.0117804 0.00413313 0.999922 36.2852
0.999893 0.0101253 -0.0105548 -0.741542 -0.010163 0.999942 -0.00353024 -0.719537 0.0105185 0.00363713 0.999938 37.3367
0.999895 0.00975092 -0.0106968 -0.764968 -0.00980452 0.999939 -0.00497037 -0.739988 0.0106477 0.00507473 0.99993 38.4338
0.99989 0.0102447 -0.0107863 -0.791876 -0.0103055 0.999931 -0.00560158 -0.758891 0.0107282 0.00571211 0.999926 39.5318
0.999887 0.00985981 -0.01136 -0.811563 -0.00991259 0.99994 -0.00460021 -0.779457 0.011314 0.0047123 0.999925 40.6183
0.999881 0.00993713 -0.0118179 -0.837205 -0.00996936 0.999946 -0.00267281 -0.801032 0.0117907 0.00279031 0.999927 41.6963
0.999875 0.010231 -0.0120416 -0.862204 -0.0102367 0.999947 -0.000411174 -0.819894 0.0120368 0.000534388 0.999927 42.78
0.999858 0.0114248 -0.0124118 -0.886849 -0.0114338 0.999934 -0.000651083 -0.840681 0.0124036 0.000792903 0.999923 43.8663
0.999837 0.0126005 -0.0129525 -0.901982 -0.0126591 0.99991 -0.00445641 -0.863569 0.0128952 0.00461965 0.999906 44.9758
0.999818 0.0138751 -0.0130845 -0.922389 -0.0139819 0.999869 -0.00810589 -0.893049 0.0129703 0.00828736 0.999882 46.0743
0.999821 0.014268 -0.0124462 -0.95535 -0.0143713 0.999862 -0.00825649 -0.921734 0.0123267 0.00843389 0.999888 47.1484
0.999834 0.0149658 -0.0103707 -1.00689 -0.0150236 0.999872 -0.00552089 -0.948629 0.0102867 0.00567578 0.999931 48.2282
0.999836 0.0158294 -0.00878387 -1.04503 -0.0158619 0.999867 -0.00363837 -0.972543 0.00872512 0.0037771 0.999955 49.3181
0.999874 0.014388 -0.00677217 -1.08764 -0.0144054 0.999893 -0.00252873 -0.994924 0.00673507 0.00262597 0.999974 50.3987
0.999887 0.0142335 -0.00491423 -1.12185 -0.0142507 0.999892 -0.00347289 -1.01667 0.00486428 0.00354253 0.999982 51.4974
0.999898 0.0135694 -0.00456998 -1.11948 -0.0135927 0.999894 -0.00512598 -1.04261 0.00449995 0.00518758 0.999976 52.5599
0.9999 0.0135331 -0.00422271 -1.13691 -0.0135639 0.999881 -0.00734766 -1.06468 0.00412278 0.00740421 0.999964 53.6775
0.999911 0.0126576 -0.004221 -1.13285 -0.0126987 0.99987 -0.00986082 -1.09586 0.00409565 0.00991354 0.999942 54.741
0.999926 0.011075 -0.00508242 -1.11826 -0.0111402 0.999853 -0.0130046 -1.13037 0.00493766 0.0130603 0.999902 55.8103
0.999938 0.00929254 -0.00614688 -1.1076 -0.00938199 0.999848 -0.0146887 -1.16251 0.00600946 0.0147454 0.999873 56.9102
0.999949 0.00749729 -0.00686092 -1.10547 -0.00758254 0.999893 -0.0124868 -1.19355 0.00676658 0.0125381 0.999898 58.0233
0.999952 0.00582817 -0.00792621 -1.08812 -0.00587943 0.999961 -0.00646036 -1.22528 0.00788826 0.00650665 0.999948 59.1046
0.999952 0.00431472 -0.00884605 -1.07888 -0.00431795 0.99999 -0.000347092 -1.25297 0.00884448 0.000385271 0.999961 60.1922
0.999959 0.0026765 -0.00864921 -1.09818 -0.00267406 0.999996 0.000292198 -1.27325 0.00864997 -0.000269059 0.999963 61.3144
0.999965 -0.000522543 -0.00836609 -1.11289 0.000501882 0.999996 -0.00247287 -1.29822 0.00836736 0.00246859 0.999962 62.4105
0.999968 -0.00184292 -0.0077936 -1.13173 0.00180129 0.999984 -0.0053463 -1.32535 0.00780334 0.00533209 0.999955 63.4886
0.999966 1.60588e-05 -0.00822092 -1.14674 -9.04692e-05 0.999959 -0.00905242 -1.35523 0.00822045 0.00905287 0.999925 64.6107
0.99997 3.98859e-05 -0.00778364 -1.16922 -0.000141131 0.999915 -0.0130088 -1.38921 0.00778247 0.0130095 0.999885 65.7059
0.999978 0.00312158 -0.0059353 -1.20617 -0.00320095 0.999905 -0.0134129 -1.42194 0.00589288 0.0134316 0.999892 66.7919
0.999967 0.00704904 -0.00403074 -1.24373 -0.00708873 0.999925 -0.00992228 -1.45119 0.00396051 0.00995053 0.999943 67.9165
0.999959 0.00832534 -0.00349885 -1.26026 -0.00835116 0.999937 -0.00743375 -1.48605 0.00343675 0.00746267 0.999966 68.9995
0.999966 0.00727498 -0.00385041 -1.25848 -0.00729855 0.999954 -0.00614924 -1.51723 0.00380551 0.00617714 0.999974 70.0874
0.999981 0.00507453 -0.00357968 -1.27021 -0.00509328 0.999973 -0.00525199 -1.54245 0.00355294 0.00527013 0.99998 71.1858
0.999987 0.00399032 -0.00318408 -1.28534 -0.00400274 0.999984 -0.00390946 -1.56892 0.00316844 0.00392216 0.999987 72.2792
0.999992 0.00224396 -0.00332206 -1.29386 -0.00224951 0.999996 -0.00167121 -1.59435 0.0033183 0.00167867 0.999993 73.3782
0.999994 0.00108621 -0.00327868 -1.31513 -0.00108629 0.999999 -2.60033e-05 -1.61755 0.00327866 2.95665e-05 0.999995 74.4791
0.999996 0.000264505 -0.00285792 -1.33676 -0.000267699 0.999999 -0.00112059 -1.64399 0.00285763 0.00112135 0.999995 75.5595
0.999989 0.000393374 -0.00462226 -1.32895 -0.000416946 0.999987 -0.00510192 -1.66268 0.0046202 0.0051038 0.999976 76.6821
0.999983 0.000514517 -0.00587777 -1.3309 -0.000557076 0.999973 -0.007243 -1.68672 0.0058739 0.00724616 0.999956 77.7559
0.999974 0.00226875 -0.00691516 -1.34094 -0.00230705 0.999982 -0.0055375 -1.71419 0.00690248 0.00555331 0.999961 78.8389
0.999966 0.00314882 -0.00769141 -1.35277 -0.00315863 0.999994 -0.00126464 -1.73739 0.0076874 0.00128889 0.99997 79.9235
0.999957 0.00455963 -0.0081075 -1.37531 -0.00453749 0.999986 0.00274526 -1.75909 0.00811991 -0.00270835 0.999963 81.0135
0.999949 0.00550341 -0.00848443 -1.39798 -0.00547444 0.999979 0.00343279 -1.7801 0.00850316 -0.00338616 0.999958 82.1038
0.999947 0.00525828 -0.00880066 -1.42098 -0.00524425 0.999985 0.001615 -1.80324 0.00880903 -0.00156876 0.99996 83.1955
0.999953 0.00508535 -0.00825268 -1.46355 -0.00507877 0.999987 0.000817374 -1.82058 0.00825674 -0.00077542 0.999966 84.2352
0.999957 0.00436011 -0.00815683 -1.49245 -0.00435499 0.99999 0.000643984 -1.84259 0.00815957 -0.000608432 0.999967 85.2916
0.999962 0.00325003 -0.00805457 -1.52468 -0.00324152 0.999994 0.00106752 -1.86578 0.00805801 -0.00104137 0.999967 86.3397
0.999971 0.00185227 -0.0074315 -1.56165 -0.00183238 0.999994 0.00268068 -1.88836 0.00743644 -0.00266698 0.999969 87.3711
0.999963 0.00196659 -0.00840948 -1.56704 -0.00192047 0.999983 0.00548735 -1.91118 0.00842014 -0.005471 0.99995 88.3852
0.999961 0.000881222 -0.00884623 -1.5903 -0.000823214 0.999978 0.00655762 -1.93207 0.00885183 -0.00655007 0.999939 89.3805
0.99995 -6.95842e-05 -0.0100189 -1.62174 0.000137325 0.999977 0.00675977 -1.94733 0.0100182 -0.00676081 0.999927 90.3342
0.999908 -0.000996026 -0.0135593 -1.63418 0.00107577 0.999982 0.00587422 -1.96544 0.0135533 -0.00588826 0.999891 91.2935
0.999862 -0.000983989 -0.0165925 -1.66174 0.00106863 0.999986 0.00509254 -1.98342 0.0165872 -0.00510957 0.999849 92.2181
0.999813 -0.00114311 -0.019297 -1.69134 0.00124886 0.999984 0.00546804 -2.00164 0.0192904 -0.00549112 0.999799 93.1184
0.999752 -0.000337797 -0.0222574 -1.7195 0.000485884 0.999977 0.00664787 -2.01839 0.0222546 -0.00665704 0.99973 94.01
0.99971 0.000540407 -0.024085 -1.76608 -0.000353117 0.999969 0.00777939 -2.03521 0.0240885 -0.00776862 0.99968 94.8623
0.999636 0.00145783 -0.0269339 -1.79085 -0.00120605 0.999955 0.00936136 -2.05205 0.0269464 -0.00932547 0.999593 95.6716
0.999579 0.00308601 -0.0288702 -1.83557 -0.0027985 0.999946 0.00999346 -2.06179 0.0288995 -0.00990845 0.999533 96.476
0.999486 0.00488998 -0.0316768 -1.86306 -0.00455422 0.999933 0.0106624 -2.07884 0.0317269 -0.0105127 0.999441 97.2469
0.999377 0.00679108 -0.0346426 -1.89513 -0.00646625 0.999934 0.00947966 -2.09279 0.0347047 -0.00924974 0.999355 97.9997
0.99927 0.00797949 -0.037361 -1.92813 -0.00776549 0.999952 0.00586929 -2.10803 0.0374061 -0.00557488 0.999285 98.7169
0.999141 0.0105212 -0.0400923 -1.95996 -0.0104365 0.999943 0.00232252 -2.12301 0.0401144 -0.0019021 0.999193 99.3977
0.999031 0.0123089 -0.0422584 -1.99569 -0.0123425 0.999923 -0.000534574 -2.13148 0.0422486 0.00105563 0.999107 100.075
0.998943 0.0143958 -0.0436622 -2.0175 -0.0144853 0.999893 -0.00173421 -2.14176 0.0436326 0.00236484 0.999045 100.732
0.998918 0.016777 -0.0433743 -2.03811 -0.0168614 0.999856 -0.00158098 -2.15338 0.0433416 0.00231062 0.999058 101.354
0.998937 0.0205818 -0.0412444 -2.05063 -0.0206091 0.999787 -0.000236992 -2.16661 0.0412308 0.00108675 0.999149 101.957
0.999053 0.023204 -0.0368064 -2.05148 -0.0231776 0.99973 0.00114288 -2.18027 0.036823 -0.000288711 0.999322 102.538
0.999246 0.0240942 -0.0304635 -2.04023 -0.0240149 0.999707 0.00296317 -2.19245 0.030526 -0.00222935 0.999531 103.096
0.999473 0.0240266 -0.0218434 -2.02392 -0.0239169 0.9997 0.00526969 -2.20149 0.0219635 -0.00474448 0.999747 103.628
0.999648 0.0237055 -0.0119022 -1.98337 -0.0236332 0.999701 0.0061773 -2.20879 0.0120451 -0.00589383 0.99991 104.159
0.999735 0.0230317 -0.000463788 -1.93262 -0.0230285 0.999717 0.00594528 -2.21481 0.000600604 -0.00593302 0.999982 104.652
0.999663 0.0232622 0.0115404 -1.85414 -0.0233161 0.999717 0.00455838 -2.21797 -0.0114311 -0.00482592 0.999923 105.125
0.999409 0.0224778 0.0260242 -1.75732 -0.022502 0.999746 0.000638767 -2.21794 -0.0260032 -0.00122398 0.999661 105.599
0.998787 0.0224293 0.0438449 -1.66096 -0.0222526 0.999742 -0.00451296 -2.22041 -0.0439348 0.00353182 0.999028 106.017
0.997663 0.0207368 0.0650979 -1.55731 -0.0201465 0.99975 -0.00971139 -2.225 -0.0652829 0.00837721 0.997832 106.428
0.996064 0.0191812 0.0865319 -1.3938 -0.0180695 0.999744 -0.013613 -2.22328 -0.0867708 0.0119958 0.996156 106.859
0.993699 0.0170313 0.110781 -1.22593 -0.0153326 0.999751 -0.0161676 -2.2185 -0.111029 0.0143672 0.993713 107.254
0.989942 0.0149697 0.140677 -1.09429 -0.0124472 0.999746 -0.0187935 -2.22377 -0.140923 0.0168535 0.989877 107.655
0.98456 0.0129339 0.174566 -0.958636 -0.00939765 0.999734 -0.021069 -2.23123 -0.174792 0.0191032 0.98442 108.049
0.977269 0.0100697 0.211766 -0.809373 -0.00550252 0.999739 -0.0221452 -2.24088 -0.211934 0.0204766 0.977069 108.453
0.967972 0.00868443 0.250909 -0.649683 -0.00279015 0.999712 -0.0238379 -2.24893 -0.251044 0.0223743 0.967717 108.845
0.956472 0.0100748 0.29165 -0.489463 -0.00269971 0.999666 -0.0256789 -2.25782 -0.291812 0.0237737 0.95618 109.211
0.942104 0.0128584 0.335074 -0.320806 -0.00403139 0.999626 -0.0270258 -2.26547 -0.335296 0.0241103 0.941804 109.558
0.925334 0.0131082 0.378927 -0.139728 -0.00328898 0.999642 -0.0265489 -2.27278 -0.379139 0.0233203 0.925046 109.888
0.906056 0.0128252 0.422963 0.0564805 -0.0019598 0.999657 -0.0261137 -2.27998 -0.423153 0.0228316 0.90577 110.208
0.883569 0.0117208 0.468154 0.251261 0.00100581 0.999637 -0.0269253 -2.29448 -0.4683 0.0242612 0.883236 110.51
0.858615 0.012058 0.512479 0.458798 0.00331922 0.999571 -0.0290797 -2.31294 -0.51261 0.0266693 0.858207 110.814
0.831264 0.0139342 0.555704 0.677538 0.00485222 0.999465 -0.0323198 -2.33255 -0.555857 0.0295626 0.830752 111.099
0.800947 0.0184751 0.598451 0.91241 0.00406586 0.999332 -0.0362925 -2.35419 -0.598722 0.0315016 0.800337 111.375
0.767463 0.0244656 0.640627 1.16285 0.00109322 0.99922 -0.0394699 -2.37516 -0.641093 0.030992 0.766837 111.638
0.731417 0.0287674 0.681323 1.44018 -0.000914387 0.99915 -0.0412053 -2.39714 -0.68193 0.0295153 0.730822 111.882
0.693516 0.0286884 0.719869 1.74004 0.00137718 0.999152 -0.0411453 -2.42165 -0.720439 0.0295263 0.692889 112.103
0.653846 0.0260308 0.756179 2.06309 0.00539207 0.999222 -0.0390597 -2.44335 -0.756608 0.0296164 0.653197 112.312
0.611343 0.0239451 0.791003 2.39383 0.00679256 0.999346 -0.0355018 -2.46261 -0.791336 0.0270767 0.610781 112.5
0.566666 0.0224679 0.823641 2.73831 0.00814819 0.999426 -0.0328691 -2.47423 -0.823908 0.025337 0.566157 112.676
0.520025 0.0198508 0.85392 3.09499 0.0110202 0.99949 -0.029946 -2.48486 -0.85408 0.024983 0.519541 112.835
0.471053 0.0160285 0.881959 3.46454 0.0150508 0.999543 -0.026204 -2.49489 -0.881977 0.0256177 0.470596 112.963
0.420233 0.0163927 0.907268 3.84005 0.0135693 0.999611 -0.0243463 -2.50819 -0.907315 0.0225421 0.419847 113.098
0.370014 0.0213951 0.92878 4.23038 0.0107368 0.999569 -0.0273032 -2.52063 -0.928964 0.0200746 0.369625 113.218
0.320653 0.0265427 0.946825 4.63905 0.0112369 0.99943 -0.0318229 -2.52743 -0.94713 0.0208435 0.320172 113.318
0.274876 0.0286795 0.961052 5.04315 0.0136605 0.999337 -0.0337291 -2.53903 -0.961383 0.0223998 0.274302 113.393
0.234096 0.0283373 0.971801 5.47905 0.022002 0.999164 -0.0344352 -2.55117 -0.971965 0.0294427 0.233277 113.461
0.199332 0.028149 0.979528 5.91706 0.0307444 0.998915 -0.0349626 -2.56316 -0.97945 0.0370842 0.198251 113.514
0.169015 0.0295015 0.985172 6.38114 0.0356811 0.998713 -0.0360284 -2.57532 -0.984968 0.0412413 0.167744 113.57
0.141385 0.0281527 0.989554 6.8592 0.0347 0.99884 -0.0333747 -2.59015 -0.989347 0.0390562 0.140243 113.622
0.116307 0.0247599 0.992905 7.35749 0.0294091 0.999165 -0.0283609 -2.6074 -0.992778 0.032499 0.115481 113.674
0.0923653 0.0211534 0.9955 7.86239 0.0246951 0.999418 -0.0235279 -2.62375 -0.995419 0.0267571 0.0917887 113.714
0.0697434 0.0186516 0.997391 8.3789 0.0286668 0.999374 -0.0206933 -2.64678 -0.997153 0.0300352 0.0691647 113.735
0.0488526 0.0192389 0.998621 8.91963 0.0370006 0.999093 -0.0210581 -2.66493 -0.99812 0.0379783 0.0480961 113.749
0.0318815 0.0214358 0.999262 9.48898 0.0424993 0.998836 -0.0227826 -2.68518 -0.998588 0.0431943 0.030933 113.745
0.0177113 0.0266737 0.999487 10.0623 0.0427864 0.998708 -0.0274111 -2.70243 -0.998927 0.0432499 0.0165467 113.745
0.00632652 0.0314353 0.999486 10.6625 0.0396321 0.998712 -0.0316618 -2.7176 -0.999194 0.039812 0.00507212 113.757
-0.00015675 0.0312001 0.999513 11.2683 0.0424608 0.998611 -0.0311653 -2.73688 -0.999098 0.0424352 -0.00148173 113.749
-0.00266048 0.0279806 0.999605 11.8884 0.0481229 0.998453 -0.0278202 -2.76373 -0.998838 0.0480298 -0.00400329 113.73
-0.00231275 0.0261558 0.999655 12.5569 0.0499351 0.998413 -0.0260078 -2.78922 -0.99875 0.0498578 -0.00361559 113.729
-0.000349633 0.0257973 0.999667 13.2368 0.0487045 0.998481 -0.0257496 -2.81447 -0.998813 0.0486793 -0.00160596 113.731
0.00100439 0.0260528 0.99966 13.9597 0.0451939 0.998637 -0.0260716 -2.83984 -0.998978 0.0452047 -0.000174823 113.747
0.00195172 0.0274921 0.99962 14.6731 0.0437616 0.998661 -0.0275511 -2.86097 -0.99904 0.0437987 0.000745596 113.758
0.00309302 0.0282313 0.999597 15.3906 0.0434204 0.998654 -0.0283391 -2.88884 -0.999052 0.0434905 0.00186262 113.758
0.00388804 0.0277319 0.999608 16.1403 0.0431018 0.998681 -0.0278738 -2.91757 -0.999063 0.0431933 0.0026872 113.766
0.00437785 0.0263599 0.999643 16.896 0.0420357 0.998764 -0.0265208 -2.94623 -0.999106 0.0421368 0.00326396 113.775
0.00453812 0.0250579 0.999676 17.674 0.0430396 0.998754 -0.0252302 -2.97602 -0.999063 0.0431401 0.00345357 113.786
0.00402937 0.0230945 0.999725 18.4506 0.0436504 0.998776 -0.0232485 -2.99993 -0.999039 0.0437321 0.00301594 113.788
0.0029033 0.0218181 0.999758 19.2311 0.0412845 0.998906 -0.0219194 -3.02294 -0.999143 0.0413382 0.00199897 113.791
0.0018925 0.0210693 0.999776 20.0267 0.0402333 0.998966 -0.0211284 -3.04585 -0.999188 0.0402643 0.00104243 113.794
0.000326628 0.0187187 0.999825 20.8388 0.0428012 0.998908 -0.0187155 -3.06887 -0.999083 0.0427999 -0.000475328 113.798
-0.00107558 0.0173419 0.999849 21.6627 0.0440745 0.998878 -0.0172776 -3.09371 -0.999028 0.0440493 -0.00183913 113.802
-0.00292221 0.0165879 0.999858 22.5083 0.0412909 0.999011 -0.0164532 -3.12085 -0.999143 0.041237 -0.00360467 113.811
-0.00369122 0.0212291 0.999768 23.337 0.0388492 0.999022 -0.0210698 -3.14874 -0.999238 0.0387624 -0.00451276 113.812
-0.0045182 0.0257774 0.999657 24.1541 0.0405735 0.998849 -0.0255731 -3.17668 -0.999166 0.040444 -0.0055593 113.807
-0.00574447 0.0276064 0.999602 24.9848 0.0408912 0.998789 -0.0273489 -3.20625 -0.999147 0.0407179 -0.00686679 113.802
-0.00717428 0.0256871 0.999644 25.8385 0.0375482 0.998971 -0.0254004 -3.23724 -0.999269 0.0373526 -0.00813183 113.803
-0.00855555 0.0218124 0.999725 26.7029 0.0346974 0.999166 -0.0215032 -3.26882 -0.999361 0.0345039 -0.00930567 113.811
-0.00849699 0.0167102 0.999824 27.535 0.0331585 0.999315 -0.0164198 -3.29794 -0.999414 0.0330131 -0.00904567 113.791
-0.0085535 0.0111657 0.999901 28.3813 0.0298748 0.999494 -0.0109056 -3.32374 -0.999517 0.0297786 -0.00888317 113.783
-0.00831642 0.0103032 0.999912 29.2352 0.0270863 0.999582 -0.0100745 -3.34984 -0.999598 0.0270002 -0.00859243 113.784
-0.00689378 0.0171374 0.999829 30.0785 0.0304973 0.999391 -0.0169196 -3.38112 -0.999511 0.0303755 -0.00741265 113.775
-0.00587594 0.0279179 0.999593 30.9258 0.0326854 0.999081 -0.0277115 -3.41594 -0.999448 0.0325093 -0.00678347 113.776
-0.00600973 0.0328314 0.999443 31.7613 0.034596 0.998869 -0.0326045 -3.44993 -0.999383 0.0343808 -0.00713919 113.782
-0.00324881 0.0276634 0.999612 32.6137 0.0369424 0.998938 -0.0275247 -3.4811 -0.999312 0.0368386 -0.00426774 113.765
-0.00187976 0.0203186 0.999792 33.4435 0.0413761 0.998938 -0.0202234 -3.50949 -0.999142 0.0413294 -0.00271889 113.755
-0.000641363 0.0177119 0.999843 34.2738 0.0427815 0.998928 -0.0176683 -3.53742 -0.999084 0.0427635 -0.00139884 113.745
-0.000691717 0.0185114 0.999828 35.1128 0.0422948 0.998934 -0.0184655 -3.56712 -0.999105 0.0422747 -0.00147433 113.75
-0.00115105 0.0196869 0.999805 35.9217 0.0389979 0.999046 -0.019627 -3.59562 -0.999238 0.0389677 -0.00191811 113.747
-0.00286263 0.0200694 0.999794 36.7425 0.037556 0.999095 -0.0199478 -3.6222 -0.99929 0.0374911 -0.00361418 113.748
-0.00474862 0.0198725 0.999791 37.5562 0.0379606 0.999085 -0.0196781 -3.65755 -0.999268 0.0378592 -0.00549907 113.745
-0.00669791 0.0202319 0.999773 38.3661 0.0369657 0.999116 -0.0199709 -3.69027 -0.999294 0.0368235 -0.0074403 113.741
-0.00901654 0.0206186 0.999747 39.1914 0.0352117 0.999173 -0.0202892 -3.72204 -0.999339 0.0350198 -0.00973553 113.746
-0.0108457 0.0196934 0.999747 40.0048 0.0331294 0.999263 -0.0193244 -3.75469 -0.999392 0.0329114 -0.0114905 113.74
-0.0127723 0.0185542 0.999746 40.8008 0.0337865 0.999264 -0.0181136 -3.78709 -0.999347 0.0335466 -0.0133902 113.731
-0.0144608 0.0186165 0.999722 41.5958 0.0336038 0.99927 -0.018122 -3.81918 -0.99933 0.0333324 -0.0150763 113.721
-0.0161073 0.01956 0.999679 42.384 0.0332453 0.999266 -0.0190162 -3.85072 -0.999317 0.0329283 -0.0167462 113.709
-0.0167767 0.0196327 0.999666 43.1629 0.0334007 0.999259 -0.0190641 -3.88277 -0.999301 0.0330697 -0.0174204 113.695
-0.0178104 0.0184139 0.999672 43.9468 0.0356686 0.999205 -0.0177698 -3.91432 -0.999205 0.0353404 -0.0184534 113.68
-0.0189629 0.0175392 0.999666 44.7149 0.0361937 0.999202 -0.0168444 -3.94706 -0.999165 0.0358621 -0.019583 113.665
-0.0204159 0.0168714 0.999649 45.4938 0.0344156 0.999276 -0.0161622 -3.9802 -0.999199 0.0340735 -0.0209822 113.658
-0.0213254 0.0157883 0.999648 46.2477 0.0323007 0.999363 -0.0150947 -4.01103 -0.999251 0.0319674 -0.0218222 113.643
-0.0220856 0.0145222 0.999651 46.9906 0.0312454 0.999415 -0.0138285 -4.03881 -0.999268 0.030929 -0.0225269 113.633
-0.022176 0.014198 0.999653 47.7105 0.0317747 0.999403 -0.0134895 -4.0659 -0.999249 0.0314645 -0.0226143 113.615
-0.0215372 0.0168452 0.999626 48.4206 0.0322769 0.999348 -0.016145 -4.09204 -0.999247 0.0319171 -0.0220673 113.597
-0.0214815 0.0196137 0.999577 49.1216 0.0322611 0.9993 -0.0189149 -4.11895 -0.999249 0.0318411 -0.0220996 113.585
-0.0213085 0.021346 0.999545 49.8308 0.0306219 0.999316 -0.0206883 -4.14557 -0.999304 0.0301671 -0.021948 113.575
-0.021208 0.0222326 0.999528 50.5312 0.0309251 0.999288 -0.021571 -4.17397 -0.999297 0.030453 -0.0218809 113.561
-0.0210483 0.0219464 0.999537 51.2409 0.0321567 0.999256 -0.0212631 -4.20217 -0.999261 0.0316942 -0.0217388 113.55
-0.0208371 0.0214804 0.999552 51.9258 0.032863 0.999243 -0.0207887 -4.22969 -0.999242 0.0324151 -0.0215276 113.529
-0.0208163 0.0217635 0.999546 52.6138 0.0291011 0.999352 -0.0211532 -4.2562 -0.99936 0.0286475 -0.0214366 113.521
-0.0206957 0.0221399 0.999541 53.3099 0.0267337 0.999409 -0.0215834 -4.2856 -0.999428 0.0262747 -0.0212757 113.52
-0.0201411 0.0206853 0.999583 53.9896 0.0284537 0.999392 -0.020108 -4.31516 -0.999392 0.0280368 -0.0207179 113.501
-0.0205663 0.0199651 0.999589 54.664 0.0282271 0.999413 -0.0193807 -4.3403 -0.99939 0.0278169 -0.0211182 113.481
-0.0237774 0.0195555 0.999526 55.3485 0.0251341 0.999504 -0.0189572 -4.36698 -0.999401 0.0246714 -0.0242575 113.47
-0.0290696 0.0191929 0.999393 56.028 0.0215127 0.999595 -0.018571 -4.39471 -0.999346 0.0209598 -0.0294711 113.46
-0.0350708 0.0227857 0.999125 56.6909 0.0248275 0.999451 -0.0219216 -4.4213 -0.999076 0.0240369 -0.0356176 113.437
-0.0416007 0.0254358 0.99881 57.3631 0.0269826 0.999339 -0.0243254 -4.44899 -0.99877 0.0259385 -0.04226 113.406
-0.0483349 0.0269945 0.998466 58.0413 0.0263723 0.99932 -0.0257409 -4.47645 -0.998483 0.0250877 -0.0490143 113.369
-0.0541157 0.0261735 0.998191 58.7336 0.0227358 0.999429 -0.0249733 -4.50549 -0.998276 0.0213432 -0.0546804 113.332
-0.0593781 0.0249595 0.997923 59.4203 0.0224464 0.999467 -0.0236625 -4.53364 -0.997983 0.0209948 -0.0599071 113.291
-0.063926 0.0254637 0.99763 60.1305 0.0199383 0.999507 -0.024234 -4.56107 -0.997755 0.0183419 -0.0644026 113.253
-0.0677179 0.0246674 0.997399 60.8361 0.0178068 0.999564 -0.0235119 -4.58865 -0.997545 0.0161683 -0.0681281 113.211
-0.0699869 0.0216804 0.997312 61.5382 0.0183125 0.999623 -0.0204455 -4.60971 -0.997379 0.0168323 -0.070358 113.16
-0.0713686 0.0189508 0.99727 62.2505 0.0204696 0.999636 -0.0175309 -4.62935 -0.99724 0.0191626 -0.071731 113.105
-0.0721266 0.0165627 0.997258 62.9618 0.0203644 0.999677 -0.01513 -4.65079 -0.997187 0.0192172 -0.0724411 113.049
-0.0731715 0.0165985 0.997181 63.7119 0.0193258 0.999697 -0.0152223 -4.66689 -0.997132 0.0181574 -0.0734706 113.003
-0.0727212 0.0205918 0.997139 64.4384 0.0211609 0.999593 -0.0190992 -4.68676 -0.997128 0.0197114 -0.0731278 112.943
-0.0726118 0.0246362 0.997056 65.1853 0.0270045 0.999376 -0.0227268 -4.71131 -0.996994 0.0252747 -0.0732322 112.885
-0.0728241 0.029437 0.99691 65.9269 0.0347609 0.999031 -0.0269603 -4.73915 -0.996739 0.0326901 -0.0737773 112.82
-0.0734832 0.0306221 0.996826 66.6947 0.035539 0.998973 -0.0280682 -4.7663 -0.996663 0.0333636 -0.0744965 112.769
-0.0737198 0.0286773 0.996866 67.4484 0.0337618 0.999085 -0.0262443 -4.79436 -0.996707 0.0317212 -0.0746209 112.719
-0.0731012 0.0238558 0.997039 68.1969 0.0340075 0.999192 -0.0214139 -4.82498 -0.996744 0.0323414 -0.0738538 112.662
-0.072946 0.0218721 0.997096 68.9631 0.0362057 0.999158 -0.0192685 -4.85425 -0.996678 0.0346949 -0.0736769 112.607
-0.0737324 0.0214832 0.997046 69.7154 0.0365554 0.999154 -0.0188253 -4.88504 -0.996608 0.0350594 -0.0744558 112.554
-0.0752152 0.022383 0.996916 70.4658 0.0351417 0.999186 -0.0197826 -4.91444 -0.996548 0.0335453 -0.075941 112.503
-0.0772486 0.0229471 0.996747 71.2328 0.0343569 0.999202 -0.0203409 -4.94409 -0.996419 0.0326738 -0.0779757 112.452
-0.0793318 0.0230844 0.996581 71.9743 0.0351793 0.999173 -0.0203439 -4.97319 -0.996227 0.033445 -0.0800788 112.393
-0.0805692 0.0231691 0.996479 72.7198 0.0365827 0.999124 -0.0202727 -5.00029 -0.996077 0.0348206 -0.0813467 112.327
-0.0825736 0.0228022 0.996324 73.4832 0.0361883 0.999147 -0.0198675 -5.02986 -0.995927 0.0344147 -0.0833288 112.268
-0.0840333 0.0232479 0.996191 74.2315 0.0339699 0.999213 -0.0204528 -5.05765 -0.995883 0.0321218 -0.0847574 112.207
-0.0851141 0.0247693 0.996063 74.9792 0.0340864 0.999178 -0.021934 -5.08674 -0.995788 0.0320853 -0.0858889 112.146
-0.0858978 0.0250586 0.995988 75.7419 0.0327599 0.999214 -0.0223143 -5.11679 -0.995765 0.0307116 -0.0866516 112.087
-0.0874088 0.0254324 0.995847 76.5123 0.0321181 0.999226 -0.0226995 -5.14471 -0.995654 0.0300005 -0.0881584 112.026
-0.0885108 0.0237193 0.995792 77.2917 0.0326283 0.999248 -0.0209014 -5.1745 -0.99554 0.030641 -0.0892186 111.96
-0.089413 0.0214276 0.995764 78.0807 0.030389 0.999361 -0.0187762 -5.20194 -0.99553 0.0285814 -0.0900075 111.894
-0.0912631 0.0194286 0.995637 78.8763 0.0273657 0.99948 -0.0169951 -5.22826 -0.99545 0.0256952 -0.0917478 111.831
-0.0928117 0.0189645 0.995503 79.674 0.0289256 0.999447 -0.0163429 -5.25286 -0.995263 0.0272786 -0.0933095 111.75
-0.0943438 0.0197856 0.995343 80.4636 0.0301472 0.9994 -0.0170087 -5.27735 -0.995083 0.0284021 -0.0948841 111.67
-0.0960849 0.0213138 0.995144 81.2647 0.02969 0.999387 -0.0185379 -5.30102 -0.99493 0.0277646 -0.0966592 111.587
-0.0977753 0.025132 0.994891 82.1023 0.0312001 0.999267 -0.0221762 -5.32545 -0.994719 0.0288723 -0.0984881 111.517
-0.09809 0.0290889 0.994752 82.9018 0.0333138 0.999108 -0.0259312 -5.35542 -0.994619 0.0305954 -0.0989719 111.433
-0.098933 0.0331624 0.994541 83.7284 0.0345028 0.998957 -0.0298774 -5.38596 -0.994495 0.0313585 -0.0999745 111.35
-0.0984335 0.0343965 0.994549 84.5658 0.0367621 0.998845 -0.0309066 -5.41873 -0.994464 0.0335194 -0.0995848 111.266
-0.0977566 0.034068 0.994627 85.3915 0.0409717 0.998704 -0.0301807 -5.45079 -0.994366 0.0378012 -0.0990262 111.175
-0.0976238 0.0322516 0.9947 86.2413 0.0415597 0.998734 -0.0283035 -5.48552 -0.994355 0.0385763 -0.098841 111.096
-0.0961038 0.0306264 0.9949 87.0788 0.0413195 0.998787 -0.0267547 -5.52351 -0.994513 0.0385375 -0.0972531 111.008
-0.0942345 0.0282813 0.995148 87.9248 0.0404206 0.99888 -0.0245597 -5.55849 -0.994729 0.0379101 -0.0952726 110.931
-0.0923689 0.0251488 0.995407 88.7772 0.040782 0.998937 -0.0214536 -5.59166 -0.994889 0.038613 -0.0932968 110.852
-0.0905525 0.0219448 0.99565 89.6298 0.0415653 0.998969 -0.0182376 -5.62268 -0.995023 0.039733 -0.0913717 110.77
-0.0889446 0.0217919 0.995798 90.4941 0.039768 0.99904 -0.0183107 -5.6565 -0.995242 0.0379722 -0.0897263 110.7
-0.0870798 0.0258007 0.995867 91.3511 0.0408207 0.998917 -0.0223103 -5.69337 -0.995364 0.0387092 -0.0880391 110.622
-0.0841447 0.0315991 0.995952 92.1877 0.0413879 0.998745 -0.0281909 -5.73145 -0.995593 0.0388483 -0.0853473 110.535
-0.0828853 0.0351029 0.99594 93.0818 0.0394483 0.998711 -0.0319175 -5.76719 -0.995777 0.0366427 -0.0841637 110.481
-0.0814662 0.0326434 0.996141 93.9536 0.0380608 0.998836 -0.029619 -5.80327 -0.995949 0.0355009 -0.0826143 110.418
-0.0805657 0.0302766 0.996289 94.8419 0.0390332 0.998867 -0.0271984 -5.84092 -0.995984 0.036697 -0.0816566 110.353
-0.0797461 0.0286511 0.996403 95.7123 0.0400826 0.99887 -0.025514 -5.87915 -0.996008 0.0379037 -0.0808048 110.283
-0.0785946 0.0283401 0.996503 96.5829 0.0395033 0.998899 -0.0252925 -5.91703 -0.996123 0.0373773 -0.0796279 110.213
-0.0779113 0.0282649 0.996559 97.4625 0.0390326 0.998917 -0.0252802 -5.95537 -0.996195 0.0369286 -0.0789307 110.148
-0.0761392 0.0265872 0.996742 98.3182 0.0427679 0.998811 -0.0233753 -5.98958 -0.996179 0.0408487 -0.0771862 110.066
-0.0741706 0.0259728 0.996907 99.1842 0.0455733 0.998704 -0.0226289 -6.02282 -0.996203 0.0437539 -0.0752586 109.987
-0.0729956 0.0272718 0.996959 100.048 0.0473832 0.998591 -0.0238471 -6.05665 -0.996205 0.0454983 -0.0741854 109.918
-0.071703 0.0296496 0.996985 100.901 0.0486626 0.998471 -0.026194 -6.08984 -0.996238 0.0466377 -0.0730366 109.85
-0.0711701 0.0316366 0.996962 101.77 0.0462523 0.998526 -0.0283844 -6.11987 -0.996391 0.0440917 -0.0725289 109.8
-0.0710715 0.0277548 0.997085 102.649 0.0415382 0.998827 -0.0248425 -6.15383 -0.996605 0.0396515 -0.0721415 109.753
-0.0711901 0.0258413 0.997128 103.517 0.0365194 0.999061 -0.0232841 -6.19366 -0.996793 0.0347569 -0.0720673 109.703
-0.0725414 0.0266163 0.99701 104.365 0.0327185 0.999169 -0.0242934 -6.22859 -0.996828 0.0308584 -0.0733523 109.653
-0.0737302 0.0315997 0.996777 105.224 0.0295049 0.999129 -0.0294918 -6.26217 -0.996841 0.0272354 -0.0745988 109.598
-0.0747185 0.0344691 0.996608 106.061 0.0288409 0.999058 -0.0323915 -6.2978 -0.996787 0.0263228 -0.0756426 109.544
-0.0746558 0.0354431 0.996579 106.912 0.0294967 0.999009 -0.0333198 -6.33069 -0.996772 0.0269082 -0.0756277 109.477
-0.0755043 0.035369 0.996518 107.744 0.0310392 0.998969 -0.0331042 -6.36774 -0.996662 0.0284315 -0.0765247 109.423
-0.0759776 0.0366775 0.996434 108.601 0.0319145 0.9989 -0.0343348 -6.40154 -0.996598 0.029192 -0.077065 109.36
-0.0761943 0.0400948 0.996286 109.418 0.0329234 0.998747 -0.0376758 -6.44532 -0.996549 0.0299305 -0.0774193 109.295
-0.0773561 0.041299 0.996147 110.242 0.0326339 0.99871 -0.0388711 -6.49217 -0.996469 0.0295013 -0.0786045 109.243
-0.078479 0.041771 0.99604 111.065 0.0318712 0.998715 -0.039372 -6.53408 -0.996406 0.0286551 -0.0797099 109.184
-0.0804091 0.0409964 0.995918 111.863 0.0303176 0.998791 -0.0386668 -6.57709 -0.9963 0.0270847 -0.0815553 109.117
-0.0832309 0.0424928 0.995623 112.661 0.0305014 0.99873 -0.0400755 -6.62145 -0.996063 0.0270323 -0.0844218 109.048
-0.0862354 0.0453567 0.995241 113.462 0.0304676 0.998615 -0.0428705 -6.6677 -0.995808 0.0266257 -0.0874984 108.98
-0.0891088 0.0466326 0.994929 114.26 0.0293433 0.998592 -0.0441762 -6.71431 -0.995589 0.0252579 -0.0903522 108.908
-0.0918358 0.0467534 0.994676 115.048 0.0302748 0.998566 -0.044141 -6.76243 -0.995313 0.0260598 -0.09312 108.831
-0.0940643 0.0454338 0.994528 115.827 0.0319518 0.998581 -0.0425968 -6.81027 -0.995053 0.0277701 -0.095383 108.748
-0.0962089 0.0462735 0.994285 116.609 0.0336338 0.998499 -0.0432151 -6.85864 -0.994792 0.0292838 -0.0976213 108.667
-0.0977318 0.0508942 0.99391 117.394 0.0292374 0.998407 -0.0482495 -6.90889 -0.994782 0.0243438 -0.0990646 108.596
-0.0991325 0.0578265 0.993392 118.164 0.0269155 0.9981 -0.0554145 -6.9642 -0.994709 0.0212442 -0.100501 108.522
-0.100441 0.0605602 0.993098 118.91 0.0319232 0.997827 -0.0576199 -7.01432 -0.99443 0.0259153 -0.102157 108.418
-0.103169 0.0587875 0.992925 119.692 0.0341531 0.997872 -0.0555317 -7.06332 -0.994076 0.0281822 -0.104958 108.336
-0.106195 0.0512946 0.993021 120.47 0.0329159 0.998302 -0.0480472 -7.11829 -0.9938 0.0275838 -0.107703 108.254
-0.108115 0.0491828 0.992921 121.25 0.0319337 0.998431 -0.0459786 -7.17218 -0.993625 0.0267367 -0.109516 108.172
-0.109392 0.0523883 0.992617 122.019 0.0319362 0.998279 -0.0491675 -7.22016 -0.993485 0.0263218 -0.110878 108.086
-0.111632 0.0559097 0.992175 122.781 0.0298455 0.998154 -0.0528885 -7.27002 -0.993301 0.0237079 -0.113095 108.001
-0.113727 0.058062 0.991814 123.55 0.0287224 0.998065 -0.0551344 -7.33281 -0.993096 0.022217 -0.115175 107.915
-0.115448 0.0621802 0.991365 124.288 0.0326752 0.997735 -0.0587745 -7.39043 -0.992775 0.0256076 -0.117218 107.822
-0.117452 0.0666618 0.990838 125.029 0.0326045 0.997464 -0.0632426 -7.44521 -0.992542 0.0248778 -0.119328 107.733
-0.120482 0.0690425 0.990311 125.785 0.0314192 0.997343 -0.0657102 -7.49891 -0.992217 0.0231978 -0.122331 107.649
-0.122688 0.066712 0.9902 126.54 0.0324613 0.997473 -0.0631799 -7.55521 -0.991913 0.0243918 -0.124544 107.559
-0.126244 0.0631603 0.989986 127.263 0.0369841 0.997576 -0.0589282 -7.6129 -0.991309 0.0291744 -0.128274 107.446
-0.131758 0.0618014 0.989353 128.015 0.0397395 0.997581 -0.057023 -7.66908 -0.990484 0.0318031 -0.133895 107.344
-0.137491 0.0606052 0.988647 128.758 0.0385928 0.997695 -0.0557927 -7.72498 -0.98975 0.0304836 -0.139513 107.235
-0.145398 0.0608321 0.987501 129.498 0.0380087 0.997714 -0.0558648 -7.78083 -0.988642 0.0294109 -0.147378 107.119
-0.155657 0.0611239 0.985918 130.224 0.0375221 0.997728 -0.055932 -7.83632 -0.987097 0.0282875 -0.157597 106.995
-0.167224 0.0619007 0.983973 130.944 0.0383196 0.99768 -0.0562506 -7.89077 -0.985173 0.0282989 -0.169209 106.861
-0.179546 0.0627374 0.981747 131.661 0.0396252 0.997615 -0.0565045 -7.94328 -0.98295 0.0287567 -0.181604 106.72
-0.190696 0.0627178 0.979643 132.374 0.0429375 0.997534 -0.055505 -7.99433 -0.980709 0.0314788 -0.192919 106.558
-0.201589 0.0627263 0.977459 133.105 0.0459777 0.997452 -0.0545269 -8.04602 -0.97839 0.0339493 -0.20396 106.395
-0.211437 0.0625938 0.975385 133.801 0.0502167 0.997324 -0.0531161 -8.09514 -0.9761 0.0377499 -0.214014 106.226
-0.219927 0.0631358 0.973471 134.512 0.0562366 0.997064 -0.0519609 -8.14369 -0.973893 0.0433171 -0.222832 106.048
-0.227186 0.063107 0.971804 135.218 0.0612916 0.996846 -0.0504045 -8.19186 -0.97192 0.0481122 -0.230338 105.865
-0.232934 0.0632536 0.970433 135.942 0.0617335 0.996831 -0.0501562 -8.24155 -0.97053 0.0482251 -0.236101 105.68
-0.237043 0.0610298 0.96958 136.674 0.0655508 0.996754 -0.0467143 -8.28844 -0.969284 0.0524835 -0.240274 105.493
-0.238424 0.0580542 0.969424 137.351 0.0720086 0.99652 -0.0419667 -8.33273 -0.968487 0.0598009 -0.241775 105.302
-0.238641 0.0564236 0.969467 138.033 0.0787294 0.996148 -0.0385966 -8.37472 -0.96791 0.0671149 -0.242164 105.109
-0.238375 0.0546329 0.969635 138.705 0.0814184 0.996025 -0.0361038 -8.41821 -0.967753 0.0703399 -0.241876 104.917
-0.237064 0.059705 0.969657 139.39 0.0836124 0.995659 -0.0408643 -8.46293 -0.967888 0.0713879 -0.241028 104.734
-0.235878 0.0627686 0.969753 140.061 0.0833946 0.995537 -0.0441529 -8.50589 -0.968197 0.0704575 -0.24006 104.571
-0.234904 0.0626848 0.969995 140.74 0.0854293 0.995387 -0.0436373 -8.54571 -0.968256 0.0726154 -0.239176 104.403
-0.232995 0.0609472 0.970566 141.409 0.0866478 0.995365 -0.0417036 -8.58629 -0.968609 0.0743806 -0.237197 104.237
-0.23075 0.0584507 0.971255 142.07 0.0886926 0.995301 -0.0388263 -8.62675 -0.968961 0.0771841 -0.23485 104.07
-0.228958 0.0588457 0.971655 142.752 0.089177 0.995241 -0.0392606 -8.67025 -0.969342 0.0776603 -0.233117 103.911
-0.225493 0.0610695 0.972328 143.393 0.0904991 0.995031 -0.0415076 -8.71006 -0.970031 0.0786352 -0.2299 103.744
-0.220756 0.0625809 0.973319 144.053 0.0917904 0.994843 -0.0431459 -8.75121 -0.970999 0.0798166 -0.225362 103.592
-0.214729 0.0613783 0.974743 144.68 0.0930313 0.99477 -0.0421452 -8.7921 -0.972232 0.0816317 -0.219317 103.438
-0.208421 0.0596933 0.976215 145.318 0.0949749 0.994653 -0.0405437 -8.83118 -0.973416 0.0842658 -0.212976 103.29
-0.203059 0.0576656 0.977467 145.954 0.0953272 0.994686 -0.0388781 -8.87092 -0.974514 0.0852846 -0.207478 103.15
-0.198229 0.0567387 0.978512 146.585 0.0957444 0.994669 -0.0382794 -8.90917 -0.975467 0.0860989 -0.202605 103.014
-0.193881 0.0553114 0.979464 147.225 0.0970001 0.994597 -0.0369651 -8.94511 -0.976217 0.0878413 -0.198199 102.889
-0.189837 0.0537641 0.980342 147.845 0.100065 0.994359 -0.0351558 -8.97852 -0.976702 0.0914241 -0.194146 102.763
-0.185614 0.0520638 0.981242 148.453 0.102127 0.994209 -0.0334333 -9.01058 -0.9773 0.0940052 -0.189857 102.634
-0.181963 0.0507827 0.981993 149.063 0.100672 0.994379 -0.0327687 -9.04521 -0.978137 0.0928969 -0.186053 102.518
-0.177782 0.0517967 0.982706 149.681 0.0978732 0.994592 -0.0347169 -9.08299 -0.97919 0.0900084 -0.18189 102.41
-0.172881 0.0551908 0.983395 150.279 0.0988586 0.994359 -0.0384267 -9.11771 -0.979968 0.0905738 -0.177362 102.304
-0.166658 0.0584371 0.984281 150.872 0.10047 0.994052 -0.0420056 -9.15019 -0.980882 0.0918899 -0.171538 102.195
-0.159069 0.0594074 0.985478 151.462 0.0995981 0.99406 -0.0438482 -9.18318 -0.98223 0.0911767 -0.164042 102.091
-0.149973 0.0579203 0.986992 152.049 0.0962597 0.994395 -0.0437281 -9.21977 -0.983992 0.0884495 -0.154708 102.003
-0.139065 0.0560851 0.988693 152.647 0.0954042 0.994509 -0.0429957 -9.258 -0.985676 0.0883462 -0.143653 101.929
