1 0 0 0 0 1 0 0 0 0 1 0
0.99993 -0.00218216 0.0116607 0.15964 0.00216121 0.999996 0.00180901 -0.0215248 -0.0116646 -0.00178369 0.99993 0.065783
0.999532 0.000636047 0.0305799 0.320665 -0.000741874 0.999994 0.00344944 -0.0433725 -0.0305775 -0.00347052 0.999526 0.128628
0.998312 -0.00227575 0.0580278 0.382492 0.0017353 0.999955 0.00936241 -0.0810608 -0.0580464 -0.00924592 0.998271 0.207439
0.995671 -0.00249157 0.0929146 0.423234 0.00136147 0.999924 0.0122242 -0.0872995 -0.092938 -0.0120447 0.995599 0.369292
0.991213 -0.00581565 0.132148 0.470264 0.00387834 0.999881 0.0149127 -0.0925979 -0.132219 -0.0142692 0.991118 0.573284
0.985015 -0.00877928 0.172247 0.543354 0.00615293 0.999857 0.0157756 -0.0943474 -0.172361 -0.0144794 0.984927 0.780997
0.976324 -0.00900431 0.216127 0.63348 0.00537084 0.999834 0.0173932 -0.0963311 -0.216248 -0.0158206 0.97621 1.01213
0.964266 -0.00829064 0.264807 0.721979 0.00292547 0.999782 0.0206486 -0.0897287 -0.264921 -0.0191361 0.96408 1.26216
0.949824 -0.0124056 0.312539 0.850773 0.00389919 0.999605 0.0278275 -0.0812681 -0.312761 -0.0252126 0.949497 1.50238
0.932685 -0.0209365 0.360083 0.995729 0.00862417 0.999323 0.0357658 -0.0736775 -0.360588 -0.0302528 0.932234 1.75073
0.911334 -0.0263185 0.410826 1.17108 0.0109173 0.999148 0.0397902 -0.0598932 -0.411523 -0.031777 0.910845 2.00204
0.886386 -0.0274587 0.462131 1.36031 0.0081997 0.999014 0.0436317 -0.0451497 -0.462874 -0.0348852 0.885737 2.24268
0.858392 -0.0296857 0.512134 1.56307 0.00589357 0.998829 0.0480186 -0.0290823 -0.51296 -0.0382005 0.857562 2.47225
0.826667 -0.0338459 0.561672 1.79281 0.00546619 0.998625 0.0521312 -0.0116187 -0.562664 -0.040025 0.825716 2.69387
0.79119 -0.0390593 0.610321 2.0355 0.0068667 0.998463 0.0549979 0.00674166 -0.611532 -0.0393229 0.790242 2.90133
0.753691 -0.0435869 0.655782 2.32994 0.00772392 0.998317 0.0574766 0.0175559 -0.657184 -0.0382543 0.752759 3.14123
0.714069 -0.0466263 0.698521 2.61137 0.00795986 0.998256 0.0584965 0.034206 -0.700031 -0.0362104 0.713194 3.35106
0.6723 -0.0483535 0.738698 2.93101 0.00667138 0.998219 0.0592695 0.0643322 -0.740249 -0.0349187 0.671425 3.58541
0.62994 -0.0483836 0.775135 3.27688 0.00168099 0.99814 0.0609373 0.0978848 -0.776642 -0.0370838 0.628849 3.81426
0.588292 -0.0490382 0.80716 3.62999 -0.00157859 0.998088 0.0617884 0.12348 -0.808647 -0.0376238 0.58709 4.03026
0.548365 -0.0502399 0.834728 4.00603 -0.00375135 0.998036 0.0625333 0.147492 -0.836231 -0.0374224 0.547099 4.23655
0.509805 -0.0521987 0.858705 4.42526 -0.00568817 0.997931 0.064039 0.17541 -0.860271 -0.0375318 0.508453 4.45491
0.472677 -0.0518433 0.879709 4.8541 -0.00896324 0.997933 0.0636265 0.200908 -0.88119 -0.0379598 0.471235 4.65478
0.436385 -0.0509254 0.898318 5.32998 -0.0101258 0.998056 0.0614984 0.232833 -0.899703 -0.0359331 0.435021 4.85592
0.403069 -0.0494198 0.913834 5.81724 -0.00911181 0.998275 0.0580053 0.262117 -0.915124 -0.0317068 0.401923 5.04222
0.373625 -0.0475305 0.926361 6.34757 -0.0072691 0.998505 0.054164 0.293568 -0.927551 -0.0269708 0.372721 5.23027
0.348412 -0.0457517 0.936224 6.89418 -0.00633632 0.99867 0.0511614 0.319698 -0.93732 -0.0237574 0.347658 5.41515
0.328888 -0.0448197 0.943304 7.50109 -0.00541025 0.998767 0.0493413 0.357637 -0.944353 -0.0213313 0.32824 5.59354
0.315006 -0.0451666 0.948014 8.12827 -0.00452103 0.998784 0.0490877 0.389665 -0.949079 -0.0197489 0.314418 5.77495
0.304419 -0.0464448 0.951405 8.7574 -0.00342231 0.998751 0.0498511 0.422263 -0.952532 -0.0184316 0.303879 5.94956
0.294342 -0.0480261 0.954493 9.4171 -0.00487579 0.998648 0.0517514 0.45582 -0.955688 -0.0198865 0.293709 6.13535
0.28463 -0.0492811 0.95737 10.1316 -0.00613724 0.998563 0.0532262 0.500464 -0.958618 -0.0210254 0.283919 6.329
0.275403 -0.050557 0.959998 10.8527 -0.00672608 0.99849 0.0545137 0.545517 -0.961305 -0.0214703 0.274647 6.51916
0.266026 -0.0517975 0.962573 11.5756 -0.00734397 0.998417 0.055756 0.59148 -0.963938 -0.0219017 0.265225 6.70224
0.256261 -0.0530491 0.965151 12.3043 -0.00747024 0.998354 0.0568575 0.627317 -0.966579 -0.0217802 0.255442 6.87893
0.246677 -0.0540644 0.967588 13.0733 -0.00739426 0.998308 0.057666 0.669207 -0.969069 -0.0213795 0.24586 7.0612
0.236879 -0.0564165 0.9699 13.8444 -0.00829774 0.998158 0.0600868 0.713057 -0.971504 -0.0222813 0.235975 7.23532
0.226231 -0.0598763 0.972232 14.6423 -0.00977857 0.997919 0.0637337 0.756081 -0.974025 -0.0239255 0.225174 7.41139
0.214475 -0.0635081 0.974662 15.4339 -0.0106384 0.997672 0.0673485 0.796158 -0.976672 -0.0248134 0.2133 7.58056
0.201863 -0.0655059 0.97722 16.258 -0.0115684 0.997531 0.0692571 0.841974 -0.979346 -0.0252853 0.200607 7.74571
0.18825 -0.0657975 0.979914 17.0766 -0.0121453 0.997521 0.069313 0.885851 -0.982046 -0.0249496 0.186984 7.89679
0.174324 -0.0646917 0.982561 17.8974 -0.0135134 0.997588 0.0680787 0.927981 -0.984596 -0.0251455 0.173029 8.0358
0.15819 -0.0636214 0.985357 18.7205 -0.0140345 0.997676 0.06667 0.968937 -0.987309 -0.0243755 0.156929 8.16124
0.13831 -0.0620452 0.988443 19.5505 -0.0165378 0.997751 0.0649436 1.00739 -0.990251 -0.025329 0.136973 8.26936
0.113544 -0.0608714 0.991666 20.3968 -0.0207046 0.997759 0.0636161 1.04539 -0.993317 -0.0277553 0.112029 8.35376
0.0828938 -0.0602825 0.994733 21.2506 -0.0248465 0.997733 0.0625348 1.08427 -0.996249 -0.0298994 0.081208 8.42891
0.0496589 -0.0600872 0.996957 22.1256 -0.0279812 0.997713 0.0615266 1.12451 -0.998374 -0.0309514 0.0478639 8.46438
0.0154144 -0.0593308 0.998119 22.9796 -0.0295161 0.997775 0.0597663 1.15857 -0.999445 -0.0303818 0.0136287 8.47041
-0.0182856 -0.0581452 0.99814 23.8389 -0.0305214 0.997874 0.0575707 1.19095 -0.999367 -0.0294119 -0.0200216 8.44607
-0.0507987 -0.0563666 0.997117 24.6995 -0.0324239 0.997972 0.0547632 1.222 -0.998182 -0.0295485 -0.0525236 8.39361
-0.0832138 -0.0535338 0.995092 25.5613 -0.0347035 0.998106 0.0507938 1.25051 -0.995927 -0.0303064 -0.0849143 8.31748
-0.116172 -0.049202 0.992009 26.4182 -0.0319512 0.99844 0.0457792 1.27494 -0.992715 -0.0263776 -0.117563 8.21336
-0.147429 -0.0433992 0.98812 27.2712 -0.0263731 0.998854 0.0399357 1.2959 -0.988721 -0.0201721 -0.148405 8.06821
-0.178081 -0.0371167 0.983315 28.1127 -0.0200885 0.999217 0.0340789 1.31247 -0.983811 -0.0136845 -0.178687 7.90173
-0.20686 -0.0315234 0.977862 28.9533 -0.0144574 0.99947 0.0291617 1.32458 -0.978264 -0.00810496 -0.207206 7.70794
-0.235073 -0.0251196 0.971653 29.778 -0.0059608 0.999684 0.0244023 1.33378 -0.97196 -5.55005e-05 -0.235149 7.48889
-0.26064 -0.0144928 0.965327 30.5971 0.000712151 0.999884 0.0152039 1.32794 -0.965436 0.00465023 -0.2606 7.23904
-0.285347 0.000763456 0.958424 31.4033 0.00539304 0.999985 0.000809128 1.31274 -0.958409 0.00539971 -0.285347 6.9733
-0.30976 0.0182764 0.950639 32.2084 0.0061509 0.999832 -0.0172179 1.29878 -0.950795 0.000513886 -0.309821 6.69774
-0.334594 0.0334406 0.941768 33.0055 0.00656022 0.999428 -0.0331572 1.27098 -0.94234 -0.004916 -0.334622 6.39978
-0.359036 0.0444319 0.932265 33.7925 0.010652 0.998996 -0.0435099 1.23476 -0.933263 -0.00569113 -0.359149 6.084
-0.382326 0.0490911 0.922722 34.5686 0.0139638 0.99878 -0.0473517 1.18883 -0.923922 -0.00521911 -0.382546 5.7461
-0.404522 0.0492184 0.913203 35.3376 0.0178636 0.998785 -0.0459179 1.14136 -0.914354 -0.00226174 -0.40491 5.3878
-0.424741 0.0446494 0.904213 36.0937 0.0209988 0.999 -0.039466 1.0897 -0.905071 0.00222459 -0.425254 5.01968
-0.442709 0.0434503 0.895612 36.8276 0.0288751 0.998997 -0.0341927 1.03923 -0.8962 0.0107235 -0.44352 4.64333
-0.456642 0.0435612 0.888583 37.5639 0.030912 0.998974 -0.0330872 0.991859 -0.889113 0.0123588 -0.45752 4.2532
-0.467918 0.047454 0.882496 38.275 0.0348637 0.998771 -0.0352209 0.944232 -0.883084 0.0142866 -0.468998 3.87277
-0.477859 0.0498383 0.877021 38.981 0.0354775 0.998669 -0.0374207 0.901488 -0.87772 0.0132327 -0.478992 3.48519
-0.488677 0.0495884 0.871054 39.6909 0.0299539 0.998748 -0.0400532 0.856759 -0.87195 0.00651846 -0.489551 3.09218
-0.500006 0.0483971 0.864668 40.3902 0.0291739 0.998811 -0.039035 0.816325 -0.86553 0.00570805 -0.500824 2.69508
-0.508925 0.0496421 0.859378 41.0852 0.0305886 0.998747 -0.0395781 0.778631 -0.860267 0.00614489 -0.509807 2.28166
-0.516191 0.0528918 0.854838 41.7797 0.0333835 0.998575 -0.0416267 0.739025 -0.855822 0.00705014 -0.517222 1.85956
-0.519194 0.0562169 0.852805 42.4741 0.0346653 0.998398 -0.0447098 0.696591 -0.853953 0.00634972 -0.520312 1.43526
-0.518748 0.0588769 0.852897 43.2143 0.0343949 0.998255 -0.0479915 0.660498 -0.854235 0.00443979 -0.519868 0.979109
-0.515703 0.0589521 0.854736 43.9591 0.0356067 0.998242 -0.0473665 0.618083 -0.856027 0.00600725 -0.516897 0.546592
-0.509655 0.0580179 0.85842 44.7217 0.0332457 0.998306 -0.0477339 0.573037 -0.859736 0.00421099 -0.510722 0.103014
-0.502309 0.0568157 0.862819 45.507 0.0307424 0.998381 -0.0478449 0.5265 -0.864141 0.00249224 -0.503243 -0.349696
-0.494904 0.0562543 0.867124 46.2992 0.0284183 0.998415 -0.0485522 0.477346 -0.868483 0.000613549 -0.495719 -0.793318
-0.488187 0.0548921 0.87101 47.1215 0.0253954 0.99849 -0.0486922 0.423971 -0.872369 -0.00165127 -0.488845 -1.25145
-0.48333 0.0528225 0.873843 47.9588 0.0209534 0.998589 -0.0487736 0.371777 -0.875187 -0.00526375 -0.483755 -1.71241
-0.481383 0.0505563 0.87505 48.8065 0.0168587 0.998684 -0.0484249 0.319329 -0.876348 -0.00855872 -0.481603 -2.17377
-0.481334 0.0482785 0.875206 49.6722 0.0134302 0.99877 -0.0477084 0.265767 -0.876434 -0.0112095 -0.481391 -2.64673
-0.481923 0.0472561 0.874938 50.5508 0.0125259 0.998813 -0.0470472 0.206888 -0.876124 -0.0117137 -0.481944 -3.12918
-0.481981 0.0467168 0.874934 51.4344 0.0123915 0.99884 -0.0465065 0.149961 -0.876094 -0.0115736 -0.482002 -3.6185
-0.482293 0.0467371 0.874762 52.3296 0.0131761 0.998849 -0.0461023 0.0923422 -0.875911 -0.010709 -0.482355 -4.10808
-0.481743 0.0460611 0.8751 53.2375 0.0129455 0.998882 -0.0454497 0.035288 -0.876216 -0.0105666 -0.481802 -4.61363
-0.481026 0.0460212 0.875497 54.1475 0.0120227 0.998873 -0.0459008 -0.0223375 -0.876624 -0.0115536 -0.481038 -5.11757
-0.481052 0.0450574 0.875533 55.0718 0.0106795 0.998905 -0.0455386 -0.0809561 -0.876627 -0.0125562 -0.481007 -5.61914
-0.480719 0.0448987 0.875724 55.986 0.0108012 0.998915 -0.0452854 -0.143057 -0.876808 -0.0123108 -0.480684 -6.12228
-0.479875 0.0439182 0.876236 56.9076 0.00870444 0.998935 -0.0453009 -0.206517 -0.877294 -0.0141117 -0.479747 -6.62522
-0.478647 0.0425739 0.876974 57.8218 0.0084491 0.999 -0.0438863 -0.268761 -0.877966 -0.0135965 -0.478529 -7.11839
-0.476237 0.0403746 0.878389 58.7313 0.00834206 0.999107 -0.0414004 -0.332484 -0.879277 -0.0123889 -0.476149 -7.6115
-0.47341 0.0395691 0.879953 59.642 0.00971144 0.999164 -0.0397049 -0.393761 -0.880789 -0.0102511 -0.473398 -8.10551
-0.470422 0.0395702 0.881553 60.5554 0.0107356 0.999176 -0.0391211 -0.454201 -0.882376 -0.00893943 -0.47046 -8.59989
-0.468173 0.0397572 0.882741 61.4762 0.011002 0.999172 -0.0391659 -0.515033 -0.883568 -0.00862448 -0.468223 -9.0853
-0.467424 0.0404369 0.883107 62.3726 0.0113898 0.999145 -0.0397216 -0.57718 -0.88396 -0.00850838 -0.467485 -9.55488
-0.468487 0.0416632 0.882487 63.2801 0.0107128 0.999081 -0.0414805 -0.640646 -0.883405 -0.00997927 -0.468504 -10.0296
-0.471831 0.043997 0.88059 64.1799 0.0100821 0.998958 -0.0445088 -0.697603 -0.881631 -0.0121225 -0.471783 -10.4986
-0.476797 0.0449364 0.877863 65.0768 0.00929573 0.998894 -0.0460828 -0.755997 -0.878964 -0.0138118 -0.476688 -10.9728
-0.482945 0.0435003 0.874569 65.9703 0.0105727 0.998982 -0.04385 -0.82143 -0.875586 -0.0119306 -0.482914 -11.4523
-0.489045 0.0407297 0.871307 66.8678 0.0109059 0.999116 -0.0405829 -0.884576 -0.87219 -0.0103445 -0.489057 -11.9444
-0.49507 0.038764 0.867987 67.7279 0.00863292 0.999174 -0.0396988 -0.94376 -0.86881 -0.0121604 -0.494996 -12.4207
-0.500358 0.0420845 0.864795 68.5987 0.0109167 0.999045 -0.0423014 -1.00437 -0.86575 -0.0117252 -0.50034 -12.9195
-0.505518 0.0436522 0.86171 69.4644 0.0119284 0.998977 -0.043608 -1.06562 -0.862733 -0.0117658 -0.505522 -13.4243
-0.51033 0.0449394 0.858803 70.2939 0.0109054 0.998891 -0.0457895 -1.12772 -0.859909 -0.0140022 -0.510255 -13.9136
-0.514471 0.0452184 0.856314 71.1788 0.00968284 0.998851 -0.0469276 -1.18628 -0.857453 -0.0158514 -0.514318 -14.425
-0.517512 0.0444758 0.854519 72.0194 0.0106766 0.998906 -0.0455247 -1.24891 -0.855609 -0.0144362 -0.517421 -14.9363
-0.519425 0.0374925 0.853693 72.8625 0.0112698 0.99925 -0.0370279 -1.3025 -0.854442 -0.00961223 -0.519458 -15.4528
-0.521623 0.0290062 0.852682 73.6971 0.0107583 0.999566 -0.0274214 -1.35478 -0.853108 -0.0051302 -0.521709 -15.9548
-0.523032 0.0278367 0.851858 74.5354 0.0117039 0.999606 -0.0254786 -1.3969 -0.852233 -0.00335608 -0.523152 -16.4685
-0.523281 0.0325106 0.851539 75.3579 0.0110785 0.999447 -0.0313495 -1.43457 -0.852088 -0.00697082 -0.523352 -16.9839
-0.525155 0.0386315 0.850129 76.184 0.0118783 0.999204 -0.038068 -1.47889 -0.850923 -0.00989352 -0.525196 -17.4801
-0.525987 0.0419587 0.849457 77.0047 0.0161928 0.999095 -0.0393233 -1.52495 -0.850338 -0.00692843 -0.526191 -17.9817
-0.526205 0.0426417 0.849287 77.8115 0.0181413 0.999077 -0.0389223 -1.57462 -0.850164 -0.0050739 -0.526494 -18.4682
-0.525703 0.0390909 0.849769 78.6591 0.0164258 0.999223 -0.0358042 -1.62571 -0.850509 -0.0048643 -0.525938 -19.0021
-0.525016 0.0343414 0.850399 79.469 0.0154239 0.999405 -0.0308363 -1.67463 -0.850952 -0.00307313 -0.525234 -19.4859
-0.524128 0.0275639 0.851193 80.3117 0.0117686 0.999615 -0.0251235 -1.71893 -0.851557 -0.00315057 -0.524251 -20.0089
-0.524418 0.0218564 0.85118 81.1469 0.00272974 0.999708 -0.0239883 -1.75969 -0.851456 -0.0102564 -0.524325 -20.4896
-0.523164 0.0166904 0.852068 81.9911 -0.00479465 0.999734 -0.0225267 -1.79691 -0.852218 -0.0158705 -0.522945 -20.9909
-0.521805 0.0171487 0.852892 82.808 -0.0025615 0.999761 -0.0216687 -1.8323 -0.853061 -0.0134915 -0.521637 -21.4728
-0.518396 0.0205002 0.854894 83.619 0.00132582 0.99973 -0.0231693 -1.8736 -0.855139 -0.0108775 -0.518284 -21.9686
-0.512893 0.0238551 0.85812 84.4457 0.00362026 0.999665 -0.0256261 -1.91015 -0.858444 -0.0100368 -0.512808 -22.4671
-0.504714 0.0262409 0.862887 85.2599 0.00822942 0.999638 -0.025586 -1.94538 -0.863247 -0.00581257 -0.504748 -22.9509
-0.496653 0.0298376 0.867436 86.0799 0.0155956 0.999554 -0.0254527 -1.98566 -0.867808 0.000886958 -0.496897 -23.4237
-0.487789 0.0290523 0.872477 86.9202 0.0126142 0.999576 -0.026232 -2.01866 -0.87287 -0.00179008 -0.48795 -23.8747
-0.476801 0.0267241 0.878605 87.7549 0.00969763 0.999636 -0.0251427 -2.05269 -0.878957 -0.00346768 -0.476887 -24.3194
-0.464893 0.0232827 0.88506 88.5843 0.0099118 0.999728 -0.0210927 -2.09566 -0.885311 -0.00103334 -0.464998 -24.7532
-0.45332 0.0224622 0.891064 89.4166 0.00938748 0.999747 -0.020426 -2.13625 -0.891298 -0.000894696 -0.453417 -25.1717
-0.442451 0.0213699 0.896537 90.2668 0.00917576 0.999771 -0.0193022 -2.16807 -0.896745 -0.000313866 -0.442547 -25.5724
-0.429924 0.0230391 0.902571 91.1105 0.0105784 0.999734 -0.0204804 -2.19778 -0.902803 0.000742773 -0.430054 -25.9782
-0.417288 0.0277226 0.908351 91.9447 0.0105846 0.999614 -0.0256454 -2.23405 -0.908712 -0.00108697 -0.417421 -26.3602
-0.405316 0.0370273 0.913426 92.7991 0.0127916 0.999311 -0.0348326 -2.27011 -0.914087 -0.00243402 -0.405511 -26.7437
-0.392218 0.0419223 0.918916 93.6576 0.0123638 0.99911 -0.0403036 -2.31168 -0.919789 -0.00444655 -0.392388 -27.1131
-0.380753 0.0384732 0.923876 94.5249 0.00923398 0.999242 -0.0378061 -2.35494 -0.92463 -0.00586375 -0.38082 -27.4635
-0.369576 0.0347251 0.928551 95.3906 0.0055052 0.999365 -0.0351821 -2.39655 -0.929184 -0.00789061 -0.369533 -27.7948
-0.359465 0.035377 0.932487 96.2505 0.00160691 0.999302 -0.0372923 -2.44681 -0.933157 -0.0119068 -0.359271 -28.1227
-0.352224 0.0398509 0.935066 97.11 -0.00351306 0.999029 -0.0439001 -2.50095 -0.935909 -0.0187477 -0.351743 -28.4367
-0.347046 0.0454968 0.936743 97.9721 -0.00735993 0.998659 -0.0512306 -2.55851 -0.937819 -0.0246738 -0.346246 -28.7452
-0.34362 0.0475706 0.937902 98.841 -0.010527 0.998458 -0.0544986 -2.61847 -0.939049 -0.0286002 -0.34259 -29.0552
-0.339649 0.0471381 0.93937 99.7067 -0.0122779 0.998435 -0.0545412 -2.68402 -0.940472 -0.0300583 -0.338539 -29.3635
-0.334705 0.0472353 0.941138 100.578 -0.0128254 0.998421 -0.0546714 -2.74787 -0.942235 -0.0303693 -0.333572 -29.6677
-0.329112 0.0428414 0.943318 101.445 -0.0161125 0.998569 -0.050972 -2.80976 -0.944153 -0.0319747 -0.327951 -29.9588
-0.322931 0.039747 0.945587 102.308 -0.0160348 0.998744 -0.0474574 -2.86712 -0.946286 -0.0304878 -0.321889 -30.2573
-0.316923 0.0368923 0.947733 103.186 -0.0185472 0.99881 -0.0450827 -2.92507 -0.94827 -0.0318656 -0.315862 -30.5442
-0.310686 0.0351593 0.949862 104.053 -0.0266801 0.998599 -0.0456899 -2.98329 -0.950138 -0.0395377 -0.309313 -30.8156
-0.304404 0.0351301 0.951894 104.93 -0.0338393 0.998289 -0.0476636 -3.0424 -0.951941 -0.0467205 -0.302695 -31.0774
-0.297892 0.0393058 0.953789 105.802 -0.0321561 0.998171 -0.0511779 -3.10198 -0.954057 -0.0459157 -0.296084 -31.338
-0.291161 0.0425954 0.955725 106.652 -0.0300333 0.998108 -0.0536339 -3.16373 -0.956202 -0.0443197 -0.289331 -31.5883
-0.284416 0.0408004 0.957832 107.531 -0.031228 0.998169 -0.0517913 -3.22106 -0.958192 -0.0446415 -0.282622 -31.8434
-0.277416 0.036585 0.960053 108.41 -0.031828 0.998376 -0.0472423 -3.27567 -0.960222 -0.0436623 -0.275801 -32.0891
-0.270412 0.0340438 0.962142 109.286 -0.0336483 0.998429 -0.0447845 -3.33384 -0.962156 -0.0444847 -0.268842 -32.3282
-0.263877 0.0372685 0.963836 110.171 -0.0354152 0.998204 -0.0482932 -3.39159 -0.963906 -0.0468779 -0.262083 -32.5657
-0.25751 0.0400903 0.965443 111.042 -0.0346868 0.998111 -0.0506986 -3.44866 -0.965653 -0.0465435 -0.255633 -32.791
-0.250224 0.0404073 0.967344 111.935 -0.0370047 0.997999 -0.0512597 -3.51139 -0.96748 -0.0486227 -0.248229 -33.0217
-0.242394 0.0398399 0.969359 112.807 -0.0370197 0.998048 -0.0502759 -3.57347 -0.969471 -0.048072 -0.240446 -33.2387
-0.233618 0.0397203 0.971516 113.682 -0.0331163 0.99826 -0.0487769 -3.6341 -0.971764 -0.0435682 -0.231896 -33.4557
-0.22546 0.0405905 0.973406 114.569 -0.0305525 0.998345 -0.0487069 -3.69696 -0.973773 -0.0407214 -0.223847 -33.6678
-0.2197 0.0410043 0.974705 115.453 -0.0304095 0.998342 -0.048853 -3.75501 -0.975093 -0.0403733 -0.21809 -33.8478
-0.211918 0.0407716 0.976436 116.341 -0.0346329 0.998188 -0.0491963 -3.80441 -0.976673 -0.0442424 -0.210123 -34.0415
-0.205459 0.039554 0.977866 117.218 -0.0384364 0.998085 -0.0484476 -3.85907 -0.97791 -0.0475397 -0.203545 -34.2169
-0.200511 0.03991 0.978878 118.09 -0.0354953 0.998217 -0.0479692 -3.91615 -0.979048 -0.044364 -0.198738 -34.391
-0.195435 0.0403342 0.979886 118.977 -0.0339886 0.998275 -0.0478699 -3.97346 -0.980127 -0.0426605 -0.193727 -34.5672
-0.190167 0.0415439 0.980872 119.858 -0.03313 0.998263 -0.0487035 -4.03205 -0.981192 -0.0417581 -0.188461 -34.7352
-0.184486 0.0405147 0.981999 120.751 -0.0272444 0.998555 -0.046316 -4.08672 -0.982457 -0.0352986 -0.183116 -34.9002
-0.179268 0.0394112 0.98301 121.645 -0.0200518 0.998843 -0.0437027 -4.13831 -0.983595 -0.0275457 -0.178271 -35.0668
-0.175968 0.0391753 0.983616 122.506 -0.0186732 0.998895 -0.0431243 -4.18829 -0.984218 -0.0259557 -0.175042 -35.1907
-0.172277 0.0412142 0.984186 123.404 -0.0207864 0.998749 -0.0454626 -4.23608 -0.984829 -0.0282899 -0.171205 -35.3345
-0.168765 0.0432978 0.984705 124.306 -0.0225118 0.998604 -0.0477671 -4.28688 -0.985399 -0.0302289 -0.167555 -35.4881
-0.168098 0.0429967 0.984832 125.157 -0.0247084 0.99855 -0.0478129 -4.33981 -0.98546 -0.0323709 -0.166793 -35.5929
-0.167803 0.0418681 0.984931 126.055 -0.0255639 0.998576 -0.0468034 -4.39316 -0.985489 -0.0330325 -0.166495 -35.7356
-0.167524 0.0377975 0.985143 126.948 -0.0260334 0.998746 -0.0427463 -4.43355 -0.985524 -0.0328076 -0.16633 -35.8785
-0.167028 0.0332988 0.985389 127.831 -0.0288394 0.998836 -0.0386415 -4.47274 -0.98553 -0.0348723 -0.165873 -36.0146
-0.166673 0.0316102 0.985505 128.712 -0.0295538 0.998876 -0.0370372 -4.51875 -0.985569 -0.0352986 -0.165552 -36.1502
-0.16591 0.0362424 0.985474 129.586 -0.0303772 0.998662 -0.0418415 -4.56795 -0.985672 -0.0368779 -0.164588 -36.2869
-0.165861 0.0400034 0.985337 130.448 -0.0307961 0.998479 -0.0457208 -4.61794 -0.985668 -0.0379278 -0.164377 -36.4239
-0.166043 0.0392014 0.985339 131.326 -0.034197 0.998379 -0.0454828 -4.67061 -0.985525 -0.0412478 -0.164434 -36.5633
-0.165622 0.0385589 0.985435 132.205 -0.0368457 0.998295 -0.0452547 -4.72305 -0.9855 -0.0438042 -0.163919 -36.7023
-0.164847 0.0394316 0.98553 133.08 -0.0322049 0.998452 -0.0453353 -4.77797 -0.985793 -0.0392123 -0.163322 -36.8512
-0.163984 0.0418659 0.985574 133.943 -0.0344085 0.998248 -0.0481292 -4.82986 -0.985862 -0.0418046 -0.162256 -36.9924
-0.164217 0.0432373 0.985476 134.804 -0.0431335 0.997768 -0.0509642 -4.88474 -0.98548 -0.0508762 -0.161986 -37.1198
-0.164253 0.0449591 0.985393 135.66 -0.0498182 0.997307 -0.0538067 -4.94043 -0.985159 -0.0579285 -0.161571 -37.2425
-0.164165 0.048515 0.985239 136.503 -0.0474631 0.997244 -0.0570145 -4.99986 -0.98529 -0.0561224 -0.16141 -37.3753
-0.163675 0.0494954 0.985271 137.344 -0.046958 0.997217 -0.0578961 -5.0635 -0.985396 -0.0557426 -0.160896 -37.5107
-0.161812 0.0507539 0.985515 138.185 -0.0471761 0.997136 -0.0590982 -5.12828 -0.985693 -0.0560556 -0.158954 -37.6445
-0.159585 0.0499791 0.985918 139.013 -0.0394338 0.997597 -0.056954 -5.18957 -0.986396 -0.0479675 -0.157231 -37.783
-0.155927 0.0467311 0.986662 139.846 -0.0358107 0.997956 -0.0529253 -5.2495 -0.987119 -0.0435855 -0.153935 -37.9257
-0.154051 0.0417928 0.987178 140.682 -0.0340149 0.998288 -0.0475711 -5.3052 -0.987477 -0.0409071 -0.152366 -38.0585
-0.149903 0.0413553 0.987835 141.491 -0.0334924 0.998338 -0.0468773 -5.36078 -0.988133 -0.040112 -0.148269 -38.1795
-0.144877 0.0465528 0.988354 142.326 -0.0323591 0.998135 -0.0517568 -5.42095 -0.98892 -0.0394806 -0.143101 -38.304
-0.137733 0.0497391 0.989219 143.145 -0.0298882 0.998074 -0.0543457 -5.48003 -0.990018 -0.0370512 -0.135982 -38.4194
-0.129164 0.0502997 0.990346 143.967 -0.0293933 0.998079 -0.0545259 -5.53519 -0.991187 -0.0361524 -0.127438 -38.5255
-0.119088 0.0461373 0.991811 144.779 -0.0286155 0.998345 -0.0498771 -5.58944 -0.992471 -0.034321 -0.117571 -38.621
-0.106378 0.0449554 0.993309 145.58 -0.0251824 0.998535 -0.0478887 -5.64355 -0.994006 -0.0301082 -0.10509 -38.7099
-0.0923123 0.0474174 0.9946 146.385 -0.0208526 0.998554 -0.0495412 -5.69783 -0.995511 -0.0253133 -0.0911904 -38.7865
-0.0782134 0.0482682 0.995767 147.199 -0.0220483 0.998498 -0.0501324 -5.75338 -0.996692 -0.025876 -0.0770321 -38.8473
-0.0637861 0.048154 0.996801 147.996 -0.0203813 0.998563 -0.0495433 -5.80788 -0.997755 -0.0234763 -0.0627134 -38.8974
-0.0499739 0.0498332 0.997506 148.795 -0.0197886 0.998508 -0.0508746 -5.86388 -0.998554 -0.0222816 -0.0489135 -38.9363
-0.0357034 0.0563141 0.997774 149.575 -0.0223627 0.998115 -0.0571335 -5.92483 -0.999112 -0.0243528 -0.0343771 -38.9568
-0.0230661 0.0656397 0.997576 150.363 -0.0296235 0.997359 -0.0663102 -5.98326 -0.999295 -0.0310813 -0.021061 -38.9618
-0.00934567 0.0735862 0.997245 151.139 -0.033565 0.996703 -0.0738607 -6.0453 -0.999392 -0.0341628 -0.00684524 -38.9552
0.00363993 0.0744539 0.997217 151.922 -0.0348028 0.996629 -0.0742829 -6.10651 -0.999387 -0.0344356 0.00621857 -38.9449
0.0152369 0.0707783 0.997375 152.698 -0.0403023 0.996724 -0.0701163 -6.17033 -0.999071 -0.0391282 0.0180392 -38.9173
0.0257954 0.0687311 0.997301 153.476 -0.0451875 0.996693 -0.0675204 -6.23851 -0.998645 -0.0433239 0.0288156 -38.8826
0.0348138 0.0754502 0.996541 154.242 -0.0489978 0.996075 -0.0737032 -6.30771 -0.998191 -0.0462625 0.0383738 -38.8439
0.0414331 0.083417 0.995653 155.005 -0.0523097 0.995323 -0.0812125 -6.37401 -0.997771 -0.0487174 0.0456026 -38.8025
0.0443919 0.0864728 0.995264 155.77 -0.0551106 0.994941 -0.0839865 -6.4395 -0.997492 -0.0511213 0.0489326 -38.7581
0.0439745 0.0823498 0.995633 156.533 -0.0589417 0.995074 -0.0797002 -6.50391 -0.997292 -0.0551795 0.0486114 -38.7114
0.0418102 0.078206 0.99606 157.287 -0.0615072 0.995242 -0.0755599 -6.57718 -0.99723 -0.0581057 0.0464212 -38.6647
0.0386199 0.0751823 0.996421 158.057 -0.0599636 0.995542 -0.0727918 -6.64774 -0.997453 -0.0569378 0.0429556 -38.6276
0.035904 0.0754197 0.996505 158.812 -0.058161 0.995615 -0.0732568 -6.71352 -0.997661 -0.0553275 0.0401328 -38.5981
0.0326959 0.0755586 0.996605 159.575 -0.0564681 0.995685 -0.0736362 -6.7823 -0.997868 -0.0538688 0.0368212 -38.577
0.0284941 0.0741852 0.996837 160.329 -0.0575163 0.995711 -0.0724572 -6.85168 -0.997937 -0.0552698 0.0326385 -38.5543
0.0235861 0.0744325 0.996947 161.085 -0.0576283 0.995667 -0.0729735 -6.91707 -0.998059 -0.0557312 0.0277731 -38.5365
0.0173264 0.0727385 0.9972 161.836 -0.0590824 0.995681 -0.071601 -6.98049 -0.998102 -0.0576764 0.0215488 -38.5149
0.0118426 0.0700042 0.997476 162.575 -0.0563545 0.996007 -0.0692319 -7.04985 -0.99834 -0.0553924 0.0157401 -38.5036
0.00664258 0.0698126 0.997538 163.32 -0.0567291 0.995979 -0.0693257 -7.11471 -0.998367 -0.0561289 0.010576 -38.4961
0.00114498 0.0709068 0.997482 164.058 -0.0579876 0.995808 -0.0707212 -7.18024 -0.998316 -0.0577607 0.00525161 -38.4875
-0.00311018 0.0733133 0.997304 164.798 -0.0587424 0.995573 -0.0733692 -7.24669 -0.998268 -0.0588122 0.00120991 -38.4843
-0.00594991 0.0755042 0.997127 165.531 -0.0587678 0.995395 -0.0757236 -7.31275 -0.998253 -0.0590495 -0.00148558 -38.4834
-0.00774464 0.0769153 0.997007 166.25 -0.0556195 0.99546 -0.0772279 -7.37723 -0.998421 -0.0560512 -0.00343177 -38.4828
-0.00674389 0.0753255 0.997136 166.97 -0.0526466 0.995748 -0.0755767 -7.44236 -0.99859 -0.0530055 -0.00274988 -38.4874
-0.00278682 0.0718026 0.997415 167.689 -0.050651 0.996128 -0.0718513 -7.50821 -0.998712 -0.0507203 0.000860557 -38.4864
0.00474832 0.0717085 0.997414 168.403 -0.0501892 0.996185 -0.0713811 -7.57477 -0.998728 -0.0497205 0.00832891 -38.4786
0.0163645 0.0723024 0.997248 169.112 -0.0479383 0.996291 -0.0714463 -7.63926 -0.998716 -0.0466372 0.0197696 -38.4643
0.0315599 0.0723547 0.996879 169.813 -0.0453503 0.996452 -0.0708878 -7.70057 -0.998472 -0.0429716 0.034729 -38.4437
0.047804 0.0698327 0.996412 170.506 -0.0462872 0.996635 -0.0676276 -7.7591 -0.997783 -0.0428883 0.0508752 -38.4078
0.0639675 0.0651359 0.995824 171.203 -0.0516037 0.996748 -0.0618814 -7.81655 -0.996616 -0.0474298 0.0671204 -38.3474
0.0801478 0.0585569 0.995061 171.892 -0.053445 0.997089 -0.0543713 -7.86918 -0.995349 -0.0488233 0.0830438 -38.2764
0.0978429 0.0510855 0.993889 172.583 -0.053916 0.997486 -0.0459625 -7.91753 -0.99374 -0.0490895 0.100351 -38.2034
0.11647 0.0435524 0.992238 173.257 -0.0542986 0.997822 -0.0374238 -7.96108 -0.991708 -0.0495184 0.118581 -38.1216
0.133764 0.0378717 0.990289 173.929 -0.0562951 0.997946 -0.0305603 -7.99951 -0.989412 -0.0516606 0.135621 -38.0176
0.151797 0.0355481 0.987772 174.589 -0.0570792 0.998 -0.0271444 -8.03588 -0.986761 -0.0522608 0.153523 -37.9045
0.169964 0.034125 0.984859 175.247 -0.0561285 0.998112 -0.0248977 -8.06644 -0.98385 -0.0510469 0.171558 -37.7834
0.188134 0.0336083 0.981568 175.893 -0.0575786 0.998072 -0.0231374 -8.09213 -0.980454 -0.0521644 0.189706 -37.6546
0.205034 0.032754 0.978206 176.535 -0.0625652 0.997834 -0.0202973 -8.11623 -0.976752 -0.05704 0.206639 -37.511
0.219384 0.0292254 0.9752 177.168 -0.0646412 0.99779 -0.0153604 -8.14004 -0.973494 -0.0596684 0.220788 -37.3552
0.231383 0.0255061 0.972528 177.795 -0.0615371 0.998037 -0.0115341 -8.15958 -0.970914 -0.0571778 0.232499 -37.1979
0.241484 0.024167 0.970103 178.401 -0.0597612 0.998162 -0.0099897 -8.1808 -0.968562 -0.0555622 0.242484 -37.0287
0.251664 0.0279089 0.967412 178.998 -0.0644579 0.997847 -0.0120187 -8.20522 -0.965665 -0.0593327 0.252921 -36.8664
0.260722 0.0351874 0.964772 179.605 -0.0684107 0.997496 -0.0178934 -8.22513 -0.962986 -0.0613355 0.262476 -36.6885
0.269439 0.0447804 0.961975 180.194 -0.0685219 0.997277 -0.0272314 -8.24857 -0.960576 -0.0585792 0.271774 -36.5069
0.277555 0.0501027 0.959402 180.779 -0.0631812 0.997428 -0.0338102 -8.27314 -0.958629 -0.051232 0.280006 -36.3332
0.284323 0.048201 0.957516 181.362 -0.0628067 0.997525 -0.0315652 -8.29546 -0.956668 -0.0511637 0.286647 -36.1556
0.290074 0.0409848 0.956126 181.966 -0.0657331 0.997575 -0.022819 -8.31497 -0.954743 -0.0562299 0.292065 -35.9568
0.293998 0.031491 0.955287 182.572 -0.0702893 0.997462 -0.0112491 -8.32792 -0.953217 -0.0638393 0.295466 -35.7521
0.295454 0.0247799 0.955035 183.18 -0.0719124 0.997403 -0.00363197 -8.3361 -0.952646 -0.0676058 0.296469 -35.547
0.296647 0.0244827 0.954673 183.823 -0.0690027 0.997607 -0.00414236 -8.34815 -0.95249 -0.0646462 0.297627 -35.3608
0.298196 0.0260437 0.954149 184.427 -0.0652022 0.997847 -0.00685892 -8.3646 -0.952274 -0.0601674 0.299253 -35.1752
0.299416 0.0251373 0.953791 185.013 -0.0616744 0.998071 -0.0069432 -8.37978 -0.952126 -0.0567457 0.300389 -34.9759
0.301487 0.0229788 0.953193 185.64 -0.063753 0.997957 -0.00389323 -8.38966 -0.951336 -0.0595952 0.302336 -34.7792
0.304295 0.0198167 0.952371 186.251 -0.064314 0.997929 -0.000215416 -8.39662 -0.950404 -0.0611853 0.304939 -34.5762
0.307464 0.0155544 0.951432 186.874 -0.064558 0.997902 0.00454849 -8.39952 -0.949367 -0.0628211 0.307823 -34.3709
0.311777 0.0133292 0.950061 187.495 -0.0639147 0.99793 0.00697388 -8.4017 -0.948002 -0.0628972 0.311984 -34.1623
0.317396 0.0115538 0.948222 188.107 -0.0624732 0.998007 0.00875117 -8.40111 -0.946232 -0.0620161 0.317485 -33.9425
0.324237 0.00890885 0.945933 188.712 -0.0614171 0.998043 0.0116524 -8.40197 -0.943979 -0.0618747 0.32415 -33.7123
0.333258 0.0072506 0.942807 189.328 -0.0592293 0.998155 0.0132599 -8.40663 -0.940973 -0.0602608 0.333073 -33.4809
0.343573 0.00983307 0.939074 189.948 -0.0612508 0.99805 0.0119589 -8.40911 -0.937126 -0.0616278 0.343506 -33.2312
0.355034 0.013482 0.934756 190.552 -0.0621927 0.99802 0.00922731 -8.41377 -0.932782 -0.061411 0.35517 -32.99
0.366255 0.016307 0.930371 191.189 -0.0630246 0.997984 0.00731868 -8.41308 -0.928377 -0.0613168 0.366545 -32.7158
0.377436 0.0165107 0.925888 191.818 -0.0618763 0.998055 0.00742622 -8.413 -0.923965 -0.0600934 0.377724 -32.4366
0.388779 0.0138969 0.921225 192.41 -0.0612666 0.998062 0.0108001 -8.41228 -0.919291 -0.0606392 0.388877 -32.1925
0.400368 0.0125457 0.916268 193.031 -0.0613652 0.998028 0.0131488 -8.40961 -0.914297 -0.0614913 0.400348 -31.9165
0.411419 0.0121836 0.911364 193.668 -0.0627237 0.997917 0.0149748 -8.40474 -0.909285 -0.0633251 0.411326 -31.6104
0.420942 0.0113922 0.907015 194.299 -0.0661292 0.997645 0.0181598 -8.39642 -0.904673 -0.0676245 0.420704 -31.305
0.428589 0.0125949 0.903411 194.923 -0.0692469 0.997418 0.0189462 -8.39271 -0.900841 -0.0706786 0.428355 -31.0091
0.433647 0.0098381 0.901029 195.562 -0.0691156 0.997356 0.0223742 -8.38901 -0.898428 -0.0719777 0.433181 -30.7069
0.43614 0.00616346 0.899857 196.204 -0.0663646 0.997473 0.0253335 -8.3835 -0.897427 -0.0707676 0.435448 -30.398
0.437168 0.00638685 0.899356 196.851 -0.0616821 0.997832 0.022897 -8.3804 -0.897261 -0.0654841 0.436615 -30.0948
0.436534 0.00667408 0.899662 197.513 -0.0604314 0.99793 0.0219196 -8.37806 -0.897655 -0.0639366 0.436034 -29.7774
0.436539 0.00784843 0.89965 198.185 -0.0573564 0.998169 0.0191234 -8.36979 -0.897854 -0.0599488 0.436191 -29.4606
0.436449 0.00574682 0.89971 198.873 -0.0539021 0.998349 0.0197712 -8.358 -0.898112 -0.0571254 0.436039 -29.1327
0.436009 0.000474328 0.899942 199.541 -0.051219 0.998391 0.0242888 -8.35179 -0.898483 -0.0566843 0.435332 -28.8142
0.434541 -0.00174162 0.900649 200.224 -0.0516182 0.998305 0.0268351 -8.34367 -0.899171 -0.0581509 0.433715 -28.4772
0.432632 -0.003917 0.901561 200.88 -0.051506 0.998249 0.0290533 -8.34432 -0.900097 -0.0590052 0.431673 -28.1578
0.431538 -0.0042527 0.902084 201.571 -0.051799 0.998221 0.0294856 -8.33107 -0.900605 -0.0594512 0.43055 -27.8279
0.429776 -0.00442606 0.902924 202.256 -0.0531114 0.998131 0.030173 -8.31807 -0.901371 -0.0609232 0.428738 -27.499
0.4288 -0.00310883 0.903393 202.96 -0.0533681 0.998159 0.0287665 -8.30684 -0.901821 -0.0605475 0.427845 -27.1737
0.427514 0.000374867 0.904008 203.645 -0.0527529 0.998305 0.0245335 -8.30225 -0.902467 -0.0581774 0.42681 -26.8472
0.427307 0.00598427 0.904086 204.326 -0.0526222 0.998446 0.0182626 -8.29668 -0.902573 -0.0553787 0.426958 -26.5324
0.42579 0.00911605 0.904776 205.023 -0.0560003 0.998296 0.0162957 -8.29589 -0.903086 -0.0576062 0.425575 -26.1871
0.423719 0.00692823 0.905767 205.711 -0.0576066 0.998151 0.0193136 -8.2916 -0.903959 -0.0603617 0.423335 -25.8508
0.422325 0.00406266 0.906435 206.399 -0.058891 0.997999 0.0229655 -8.28503 -0.904528 -0.0630798 0.421719 -25.516
0.420031 0.00447754 0.907498 207.105 -0.061812 0.997805 0.0236864 -8.28452 -0.905401 -0.0660433 0.419387 -25.1777
0.415284 0.00460368 0.90968 207.793 -0.0651608 0.997568 0.0246986 -8.28426 -0.907354 -0.0695324 0.414574 -24.8552
0.408846 0.00353645 0.912596 208.474 -0.0647191 0.997586 0.0251287 -8.27504 -0.910304 -0.0693362 0.408088 -24.5514
0.400398 0.00347011 0.916334 209.167 -0.0643096 0.997632 0.0243226 -8.27055 -0.914081 -0.0686679 0.399673 -24.2528
0.390907 0.00425737 0.920419 209.853 -0.0616887 0.997861 0.0215841 -8.27536 -0.918359 -0.0652169 0.390334 -23.9672
0.380693 0.00721888 0.924673 210.55 -0.0629703 0.997849 0.0181351 -8.27853 -0.922554 -0.0651309 0.380329 -23.683
0.370006 0.00712994 0.929001 211.248 -0.0662103 0.997629 0.0187139 -8.27411 -0.926666 -0.0684338 0.369601 -23.4118
0.35953 -0.000838669 0.933132 211.947 -0.0611604 0.997827 0.0244617 -8.27 -0.931126 -0.0658655 0.358698 -23.1524
0.349931 -0.00905118 0.936731 212.651 -0.0573175 0.997871 0.0310539 -8.26497 -0.935019 -0.0645578 0.348667 -22.8762
0.342551 -0.0143408 0.939389 213.381 -0.0569248 0.997728 0.0359893 -8.25049 -0.937772 -0.0658027 0.340957 -22.6016
0.337908 -0.0147175 0.941064 214.096 -0.0626553 0.997306 0.0380949 -8.22962 -0.93909 -0.0718352 0.336076 -22.3271
0.334931 -0.0165519 0.942097 214.808 -0.0612823 0.997345 0.0393096 -8.21218 -0.940246 -0.0708999 0.333028 -22.0638
0.33394 -0.0178326 0.942425 215.514 -0.0595671 0.997422 0.0399804 -8.19963 -0.940709 -0.0694886 0.332017 -21.8289
0.333118 -0.0156893 0.942754 216.226 -0.0595577 0.997513 0.0376451 -8.18015 -0.941001 -0.0686886 0.331355 -21.5735
0.332164 -0.0137006 0.943122 216.957 -0.0629264 0.997343 0.0366509 -8.16378 -0.941119 -0.0715213 0.33042 -21.2965
0.333032 -0.0143599 0.942806 217.679 -0.0639244 0.997238 0.0377694 -8.15006 -0.940745 -0.0728467 0.331195 -21.043
0.334898 -0.0156417 0.942124 218.4 -0.0644428 0.997139 0.0394628 -8.13498 -0.940047 -0.0739291 0.332933 -20.788
0.336011 -0.0175491 0.941694 219.146 -0.0631749 0.997153 0.0411245 -8.11763 -0.939736 -0.0733097 0.333947 -20.511
0.338183 -0.018704 0.940894 219.876 -0.0593449 0.997387 0.0411573 -8.09914 -0.939206 -0.069756 0.33619 -20.2579
0.342098 -0.0201754 0.939447 220.599 -0.0579425 0.997412 0.0425201 -8.07906 -0.937875 -0.06898 0.340045 -20.0073
0.346152 -0.0211667 0.937939 221.35 -0.0594371 0.997241 0.0444407 -8.05013 -0.936293 -0.0711317 0.343939 -19.715
0.351808 -0.0250757 0.935736 222.073 -0.0604072 0.996948 0.0494275 -8.02684 -0.93412 -0.0739142 0.34922 -19.4459
0.357194 -0.0285385 0.933594 222.803 -0.0608574 0.996697 0.0537517 -8.00046 -0.932044 -0.0760159 0.354278 -19.1688
0.361251 -0.0285058 0.932032 223.543 -0.0617054 0.996609 0.0543977 -7.97253 -0.930423 -0.0771627 0.358268 -18.874
0.366139 -0.0237152 0.930257 224.269 -0.0665462 0.996447 0.0515945 -7.94935 -0.928176 -0.0807959 0.363261 -18.5855
0.370841 -0.018085 0.92852 225.001 -0.0713153 0.996302 0.0478879 -7.92422 -0.925953 -0.0839765 0.368181 -18.2843
0.375236 -0.0147308 0.926812 225.74 -0.0756263 0.996052 0.04645 -7.8955 -0.923838 -0.0875211 0.372641 -17.9708
0.378929 -0.0147644 0.925308 226.463 -0.0778105 0.995822 0.0477544 -7.87379 -0.922148 -0.0900942 0.376198 -17.6543
0.382853 -0.0123224 0.923727 227.21 -0.0800764 0.995703 0.0464716 -7.8519 -0.920331 -0.0917605 0.380222 -17.3379
0.386736 -0.00978113 0.922138 227.958 -0.0806705 0.99575 0.0443945 -7.82911 -0.918654 -0.0915583 0.384304 -17.0191
0.391351 -0.00936353 0.920194 228.689 -0.0806733 0.995748 0.0444422 -7.80496 -0.916698 -0.0916276 0.388932 -16.7043
0.396386 -0.0107003 0.918021 229.44 -0.0802793 0.995696 0.0462691 -7.78163 -0.914566 -0.0920386 0.393822 -16.3832
0.400748 -0.0115765 0.916115 230.167 -0.0761536 0.996038 0.0458994 -7.76429 -0.913017 -0.0881596 0.398279 -16.0632
0.40509 -0.0117931 0.9142 230.894 -0.0729874 0.996307 0.0451938 -7.74575 -0.911358 -0.0850327 0.402734 -15.7392
0.409664 -0.0101128 0.91218 231.634 -0.0731958 0.996349 0.0439186 -7.72427 -0.909294 -0.0847596 0.407428 -15.4104
0.413688 -0.0100516 0.910363 232.36 -0.0781731 0.995852 0.0465191 -7.70057 -0.907055 -0.0904103 0.411187 -15.0635
0.418241 -0.0105465 0.908275 233.074 -0.0816568 0.995446 0.04916 -7.688 -0.904657 -0.0947276 0.415475 -14.7188
0.42266 -0.00863473 0.906247 233.824 -0.0782455 0.995872 0.0459814 -7.67162 -0.902903 -0.0903442 0.42024 -14.3792
0.426765 -0.00262959 0.904358 234.548 -0.0772133 0.996237 0.0393336 -7.65831 -0.901059 -0.0866147 0.424956 -14.0389
0.429924 0.00403033 0.902856 235.27 -0.0832561 0.995905 0.0351995 -7.63352 -0.899017 -0.0903014 0.4285 -13.6809
0.432234 0.0041105 0.901752 235.984 -0.0900416 0.995187 0.038623 -7.60256 -0.897254 -0.0978894 0.430524 -13.3099
0.43462 -0.00486106 0.9006 236.718 -0.0904047 0.994698 0.0489975 -7.57139 -0.896064 -0.102714 0.431877 -12.9485
0.436128 -0.0163406 0.899736 237.445 -0.0874016 0.994338 0.0604249 -7.53533 -0.895629 -0.104991 0.432231 -12.5882
0.437412 -0.0231508 0.898963 238.161 -0.0894258 0.993592 0.0691002 -7.49786 -0.894803 -0.110616 0.432539 -12.2272
0.439166 -0.0243578 0.898075 238.891 -0.0913717 0.993237 0.0716204 -7.45865 -0.893746 -0.113512 0.433971 -11.8589
0.441682 -0.0199343 0.89695 239.609 -0.0911701 0.993579 0.0669766 -7.42231 -0.892526 -0.111357 0.437029 -11.4957
0.445813 -0.0146212 0.895006 240.32 -0.0897424 0.994097 0.0609418 -7.38564 -0.890615 -0.107489 0.44187 -11.1411
0.450448 -0.0101424 0.892745 241.056 -0.0898628 0.994341 0.0566385 -7.34731 -0.888267 -0.105737 0.446988 -10.7731
0.454944 -0.00832663 0.890481 241.772 -0.0881273 0.994625 0.0543245 -7.31699 -0.886148 -0.10319 0.451765 -10.4126
0.459244 -0.00598689 0.88829 242.491 -0.0877571 0.994778 0.052075 -7.28506 -0.883964 -0.101869 0.456321 -10.0426
0.463086 -0.00729645 0.886283 243.207 -0.0866329 0.994804 0.053456 -7.25142 -0.882068 -0.101536 0.460048 -9.66622
0.467125 -0.0123036 0.884106 243.944 -0.0850431 0.994641 0.0587753 -7.21818 -0.880091 -0.102642 0.463575 -9.28155
0.470415 -0.0178938 0.882264 244.668 -0.083379 0.994419 0.0646255 -7.18514 -0.878496 -0.103963 0.466298 -8.90166
0.47337 -0.0235408 0.880549 245.403 -0.0817893 0.994148 0.0705466 -7.14775 -0.877057 -0.105414 0.468675 -8.51575
0.475586 -0.0287052 0.879201 246.126 -0.079765 0.993941 0.0755988 -7.1016 -0.876044 -0.106083 0.470415 -8.12755
0.477601 -0.0353787 0.877864 246.854 -0.0779158 0.993545 0.0824308 -7.05287 -0.875114 -0.107768 0.471762 -7.742
0.479269 -0.0358366 0.876936 247.567 -0.0780782 0.993462 0.0832705 -7.00505 -0.874187 -0.108379 0.473338 -7.35311
0.481344 -0.0244189 0.876191 248.28 -0.0864789 0.993411 0.0751938 -6.96047 -0.872254 -0.111966 0.476061 -6.95281
0.482461 -0.0115762 0.875841 248.985 -0.0880226 0.994209 0.0616285 -6.92254 -0.871482 -0.106827 0.478649 -6.56418
0.483942 -0.0043412 0.875089 249.697 -0.088193 0.994653 0.053707 -6.88351 -0.870644 -0.103168 0.480972 -6.18122
0.483905 -0.00593 0.8751 250.409 -0.0885036 0.994517 0.0556793 -6.84002 -0.870633 -0.104393 0.480728 -5.78913
0.4839 -0.0103413 0.875062 251.142 -0.0893612 0.994118 0.0611642 -6.79291 -0.870548 -0.107794 0.48013 -5.37016
0.485738 -0.0116165 0.874027 251.847 -0.0878557 0.994198 0.0620394 -6.75919 -0.869677 -0.106923 0.4819 -4.98788
0.487073 -0.0119332 0.87328 252.602 -0.0846385 0.994554 0.0607978 -6.71818 -0.869249 -0.103526 0.483411 -4.5702
0.488467 -0.0142807 0.872465 253.323 -0.0803657 0.994879 0.0612788 -6.67893 -0.868872 -0.100049 0.484819 -4.17054
