-0.007630258021585761 -0.9999569980465164 -0.005266012547457479 0.3311792324690022 0.0024227390342847076 0.00524766441253157 -0.9999833280566417 -0.08068119012084751 0.9999679473871559 -0.007642888245785228 0.0023825936090541926 -0.4087732193436905
-0.007125604403887962 -0.9999388649977018 -0.00845113544878268 0.7234555018969542 0.0035881544398674403 0.00842572820878647 -0.999958129150889 -0.09183824824474757 0.9999681502552342 -0.007155628985020551 0.0035278965951014906 -0.4101155626873358
-0.007012019521891319 -0.9999291117718726 -0.009613716844400917 2.0281255345983245 0.003084216168162661 0.009592281722530509 -0.9999492266156764 -0.08515395866797942 0.9999706408552645 -0.007041314024583464 0.0030167362993608108 -0.38343293201596823
-0.007030740710449767 -0.999911334999954 -0.011310081816530457 3.148767319291116 0.0029692452011204386 0.011289437406022118 -0.9999318977813935 -0.0856768704780893 0.9999708726341416 -0.007063843413630843 0.0028896085044276512 -0.3642867286327345
-0.007033911665470246 -0.9999128045752556 -0.011180421333050163 4.855766705444906 0.002213907073676388 0.011165099065155747 -0.9999352777886457 -0.0862370762959227 0.9999728048762383 -0.007058207636953762 0.0021351794003145012 -0.3401291131769554
-0.007257999625176712 -0.9999163963838271 -0.01070518556483448 6.1812020457353825 0.0022582303809484112 0.010689051343196337 -0.9999403698526427 -0.08691816387426649 0.9999710883694916 -0.007281740478363312 0.002180460081980374 -0.31521398087731095
-0.007448196905119642 -0.9999034295035616 -0.011733221468639988 7.3807048165165625 0.002388105759173282 0.011715727597219491 -0.999928568163811 -0.10391117433680169 0.9999694203525981 -0.007475684133217815 0.0023006138179001503 -0.29633386958712443
-0.006186354440350348 -0.9999148227987952 -0.011492571931003332 8.597162674877232 0.0025390604835529387 0.01147704931645656 -0.9999309515243607 -0.10618060278568958 0.9999776627347677 -0.006215106205691022 0.0024678428838937894 -0.27278522064896954
-0.005719011953076373 -0.9999263097509448 -0.010709058245636432 9.790687462395 0.0027869254195885935 0.010693255428741676 -0.9999389664940622 -0.12155059000961338 0.9999798181351697 -0.005748507638903409 0.0027255650243346937 -0.2578391247757296
-0.005760286035449641 -0.9999499457739823 -0.008180347697514662 10.999318949547016 0.0007960437687302576 0.008175895659371848 -0.9999662817354804 -0.1220353572720495 0.9999830746538787 -0.005766602647503623 0.0007489083760777929 -0.2382044304879339
-0.006013913985109926 -0.9999592626600884 -0.006725240889658312 12.180853856303179 0.0011264868247434453 0.006718583266662034 -0.9999768360605564 -0.1285911231595261 0.9999813279889262 -0.006021350281823662 0.001086036718447893 -0.22130535479172175
-0.006388148458197603 -0.9999670111095571 -0.005013405763796659 13.378472840872123 0.0017090653676766574 0.005002583503036396 -0.9999860383056705 -0.1253548057674972 0.9999781539265451 -0.006396627135240635 0.0016770516551612058 -0.19992789576947353
-0.006127769839754341 -0.999975527825999 -0.0033741446544648316 14.580052571344668 0.0020252275677246885 0.003361790927398947 -0.9999923859050788 -0.12351324118811702 0.9999791762169542 -0.006134555230974595 0.0020045774123553938 -0.18384904734753035
-0.006368713969030014 -0.999975239032578 -0.0029848286564222973 15.779551717079702 0.0019112794932661479 0.0029727118957146954 -0.9999938034847241 -0.12500875602667594 0.9999778114679798 -0.006374378517532472 0.0018922994733153189 -0.1658617610814316
-0.006275105068606755 -0.9999735065804848 -0.003695670930382871 16.964180852666445 0.0027662478177421196 0.0036783721633838204 -0.9999894350099472 -0.13894158381668692 0.9999764627515574 -0.0062852606676087695 0.002743092005222933 -0.14643674905803086
-0.005761306801663937 -0.9999788801918654 -0.0030022820074867753 18.146394059591206 0.002434715098185872 0.0029882970981905746 -0.9999925582224315 -0.14437188096501735 0.9999804875067276 -0.005768573850588434 0.002417447083473362 -0.133122862310099
-0.005682510239689393 -0.9999805982324258 -0.0025641817559071056 19.365445507711797 0.0009110536296456571 0.0025590466257538547 -0.9999962856134171 -0.14027827268978538 0.9999834584765617 -0.0056848253909354595 0.0008964936139355374 -0.1137446625817776
-0.006513927217658597 -0.9999778304952311 -0.0013513856017696646 20.57088152375245 0.001204784546464062 0.0013435649852355184 -0.9999984611031033 -0.13963635441678762 0.9999779972418927 -0.006515544053349052 0.0011960052324230819 -0.09769572580573035
-0.006398921887470757 -0.9999793578456706 -0.0003734472353619537 21.77983316401104 0.001900656609090635 0.00036129211606196823 -0.999998134976885 -0.13716945500457484 0.9999777048492358 -0.006399619454336815 0.0018983054714087873 -0.07729410148259794
-0.006590553311067096 -0.9999781747235159 -0.00045321931750048026 22.973216435207018 0.0017857807469776792 0.00044145944741273875 -0.9999983918936872 -0.12378594437770574 0.9999767160698749 -0.0065913503549474865 0.001782831963654357 -0.059341378219111764
-0.006537749790329892 -0.9999781901150555 0.0008594012042135446 24.165463967439013 0.0020796648088699152 -0.0008730145895471863 -0.9999974804574087 -0.12091803810275004 0.99997641591643 -0.006535945430088521 0.002085326879877079 -0.0428605699695379
-0.006066310949272435 -0.9999804841554203 0.0014660249775582763 25.371769354035774 0.002615649097394166 -0.001481915117885941 -0.9999955833704964 -0.1139185567305454 0.9999781415800091 -0.006062447757662504 0.0026245875671583783 -0.027246519748590502
-0.004345888321935073 -0.9999884806483539 0.0020292970926577038 26.574546310261226 0.0017673238700335596 -0.0020369932129078484 -0.9999963449647211 -0.11723770721686927 0.9999890142790867 -0.004342284878799963 0.0017761560348429225 -0.010261493330111872
-0.0039724949024155685 -0.9999875122852656 0.0030317897395857 27.790670072465836 0.0012209341762798205 -0.003036661186591404 -0.9999947052231324 -0.106384220003503 0.9999913691872749 -0.003968770899450238 0.0012329820890069725 0.0069177458134222925
-0.0047877017523720485 -0.9999850616676105 0.0026464734755411922 28.983322145222473 -0.0005271734978918018 -0.0026439790357116596 -0.9999963520276243 -0.08828411618942622 0.9999883920827629 -0.004789079440178574 -0.0005145072119162947 0.018962260422828302
-0.005249310408732668 -0.999979413110216 0.0036886135837906455 30.163502046313592 -0.000803342979566078 -0.0036844451534800695 -0.9999928844615947 -0.0873970703889666 0.9999859048586702 -0.005252236451573172 -0.0007839854377872659 0.03559541532732037
-0.005464532212152286 -0.9999745805681024 0.0045832536197813615 31.361151390836604 0.0006078564678312365 -0.004586642464081562 -0.9999893217117306 -0.0800433341625264 0.9999849076197462 -0.005461686973880259 0.0006329046762338489 0.05360177864824933
-0.005061605966180019 -0.999967963840556 0.006199894583885199 32.560821707616874 0.0001125177261570124 -0.006200541759973238 -0.9999807838529791 -0.06356754601419634 0.999987247775655 -0.0050608099849631175 0.00014389872615325346 0.07040808096724886
-0.004649231914608969 -0.9999663298396265 0.006754223486039083 33.76872286633416 -0.00044186656010813865 -0.006752246824494207 -0.9999771105428922 -0.05404690606464296 0.9999891033877377 -0.004652109970880009 -0.0004104592608968268 0.08244701596921633
-0.0044909343106171035 -0.9999668854597937 0.006782541016295426 34.98831091532829 -0.0013830064039907037 -0.006776390825591757 -0.9999760987315006 -0.040242555991429785 0.9999889289367004 -0.004500206723537233 -0.0013525288637911412 0.09963125865715193
-0.0044895796489065765 -0.9999572926393392 0.008075088086061536 36.183862632206555 -0.0014597333314476568 -0.008068606792266826 -0.9999664664740027 -0.026129419699372325 0.999988798605155 -0.00450121558329886 -0.001423446558826596 0.11349314721168727
-0.004115821102831422 -0.9999600673547402 0.007926208191225241 37.41578152269999 -0.002098563714792997 -0.007917617017173986 -0.9999665029698622 -0.010164205455110487 0.9999892609237646 -0.0041323157405043515 -0.0020658928799945917 0.12919115955618785
-0.002981254042553611 -0.999962764359571 0.008099695580526048 38.60702072492388 -0.0014016420005937649 -0.008095545487513067 -0.9999662461739429 0.007343493533266521 0.9999946080451184 -0.002992505788452787 -0.0013774544699333233 0.1461212495617095
-0.0021989830915414756 -0.9999630623157443 0.008312020196167577 39.8112401681195 -0.0006817027545040525 -0.008310538636131723 -0.9999652420382807 0.023636847839938913 0.9999973061170424 -0.002204572578626565 -0.0006634022723267997 0.15831599906470853
-0.002274151473901723 -0.9999675193338503 0.007729779053298466 40.990976451364986 8.188785739577162e-05 -0.007729979389494812 -0.9999701683725142 0.028379642069624567 0.9999974428155756 -0.0022734501158759622 9.94638633965394e-05 0.17140012437408786
-0.0019451167813912549 -0.9999680219057873 0.007747710401995011 42.18232354840405 0.0008319922481441163 -0.007749337874373538 -0.9999696754165336 0.03875579768723525 0.9999977005086921 -0.0019386122760575285 0.0008470386557647921 0.1865769158366659
-4.946171033295109e-05 -0.9999786909030678 0.006519270778077304 43.37302164279541 0.002946066421244037 -0.00651939054650992 -0.9999744835327133 0.04381865186772149 0.9999956266476395 -3.0253990559723706e-05 0.0029463258568428736 0.19478650562595115
0.002873965252002366 -0.9999824349456627 0.005188417750301766 44.5807167742708 0.003985859885506406 -0.005176940937403899 -0.9999787033584242 0.0587072239389701 0.999987910095883 0.0028945774590441228 0.003970910685401534 0.20708130115777237
0.00490200882753283 -0.9999807379037238 0.003797692419291429 45.79713422728873 0.004434389546442144 -0.003775962978259333 -0.9999830179504571 0.06821883878757995 0.9999781153202156 0.0049187700881210515 0.004415794150726501 0.20854503480785297
0.007443735377511756 -0.9999703744239778 0.001930504349737558 47.02321916976096 0.004264165088181447 -0.0018987976502901661 -0.9999890918659471 0.07863513257256571 0.9999631827251104 0.007451888858738376 0.00424990427277841 0.20823088062576342
0.008814529282392253 -0.999960639800606 0.0009811310613270932 48.220470175690885 0.002788424501988295 -0.0009565859892593405 -0.9999956939313862 0.0763878142344252 0.9999572433881 0.008817225444612928 0.0027798826068670805 0.21012967769584584
0.007178037842808443 -0.9999742353408032 -0.0002491844527588898 49.44669577238554 0.00203459789100279 0.00026379516725256406 -0.999997932348847 0.07969573612299191 0.9999721061938109 0.007177515002943773 0.002036438689938992 0.2068059615828191
0.007600708840064748 -0.9999685361499789 -0.0022470070312784647 50.65000755464087 0.0033075895196359355 0.00227220042361003 -0.9999920050529658 0.07351457665432581 0.9999656207191298 0.007593216345229151 0.0033247556363252186 0.21207340711523864
0.0072336638048053434 -0.9999705733554843 -0.0025309937291829792 51.83157006493582 0.004147993290269652 0.0025610434622376837 -0.9999882206688141 0.07719075417988519 0.999965185712343 0.007223074767096908 0.004166396732956977 0.20297692103746567
0.0067614866911528265 -0.9999729841994894 -0.002884087821615117 53.05280575560197 0.0045367819615429955 0.002914801149391958 -0.9999855463949824 0.0818704535161403 0.9999668309076322 0.0067483015564994905 0.004556367159455219 0.20871015087633954
0.005428028636218725 -0.9999828734232667 -0.002169259668257661 54.2096136090811 0.0034030209064018326 0.0021877504478483986 -0.9999919094206788 0.0825785171888147 0.9999795037848048 0.005420609409360027 0.0034148369159328787 0.2129497969900672
0.005977578587382364 -0.9999814200147071 -0.0011782229877215795 55.403662079236355 0.0042970428501925215 0.0012039199461014267 -0.9999900882623679 0.08850613687145564 0.9999728857073149 0.00597245635303101 0.004304159466516204 0.20897688975301262
0.006970636249929716 -0.9999754350902281 -0.0006008854001407727 56.605392829745426 0.00420744242210771 0.0006302243314387388 -0.9999909261278267 0.09753490719735092 0.9999668069150374 0.006968045459198985 0.0042117324186315445 0.2112947405175674
0.008228901920108955 -0.999965766173814 0.0008834213058576739 57.81280166233994 0.003928596609578162 -0.0008511144920944815 -0.9999919787658095 0.09575086097225605 0.9999584431153828 0.008232301935101277 0.0039214575719855186 0.21615883402223607
0.007632745071930571 -0.9999703529798433 0.0009692454020412342 59.030953074126664 0.004215174570874119 -0.0009370903558037977 -0.9999907543991267 0.0999351796913922 0.9999620068608418 0.0076367646042093725 0.004207897283873224 0.21590125456524126
0.00729033266448704 -0.9999713966350325 0.002033097555652074 60.23240223455004 0.004941284589039623 -0.001997101116001744 -0.9999858243821231 0.10985928965112784 0.999961202059876 0.0073002777360368625 0.004926583451514705 0.2189364153473563
0.007559094370043344 -0.9999678725744677 0.002648787174155391 61.450411199890844 0.003798582828698704 -0.002620128103331028 -0.999989371704081 0.1113277004786895 0.99996419908031 0.007569073385338335 0.0037786547332876795 0.21786785528813565
0.007219809868298323 -0.9999707061756742 0.0025247496774606333 62.655622898801376 0.002782592344169044 -0.0025047150017825422 -0.999993034882556 0.11466387750853368 0.9999700168840849 0.007226781633057445 0.00276442693348422 0.2247272581578022
0.008245184339195057 -0.999960381173356 0.0033611934512902423 63.855895630806174 0.0034580990347720148 -0.0033327727154563794 -0.9999885194798168 0.1189593175275428 0.9999600785620602 0.008256714463224814 0.0034304823762613206 0.22989102324825866
0.009462440082414102 -0.9999492389550051 0.0034534773587468464 65.05941559008512 0.002357939664531575 -0.003431308973870984 -0.9999914067802662 0.13100935334757663 0.999952499142507 0.009470500206329509 0.0023253511814568754 0.2245711261943963
0.008329460193228288 -0.9999588188341426 0.0035918194287378555 66.26533580351823 0.002407770474441498 -0.003571877571353882 -0.9999907245444344 0.13867944736470134 0.9999624221847746 0.008338036276584361 0.002377919338125589 0.22932094531194266
0.007885006206919903 -0.9999636262286025 0.0032586902378045086 67.47106302919633 0.0030420795928566492 -0.0032347882392560565 -0.9999901710614421 0.1463409649761489 0.9999643085810249 0.007894839540163245 0.0030164623323361596 0.23020984399183284
0.008005047615424392 -0.9999638558885133 0.0028494935573921062 68.65956087150734 0.006077982570117239 -0.0028008745300442785 -0.9999776116069525 0.16024696691613471 0.9999494994864712 0.00802218961089063 0.0060553419146198925 0.23088635797912627
0.008221966553046972 -0.999960419484801 0.0033888397581219986 69.8604574878012 0.007790483763859332 -0.003324796229730564 -0.9999641795849026 0.16964565163715878 0.9999359210291929 0.00824807566582257 0.007762838676683592 0.23472470997309397
0.008507651492477779 -0.9999582267738731 0.003334324829629454 71.05787817994715 0.008762358341212058 -0.0032597680465107854 -0.9999562844248426 0.19029331278145095 0.9999253951681508 0.00853650080336642 0.008734258554033007 0.2305848533055468
0.008813220921093505 -0.9999575816988063 0.002676724771889645 72.23471878503499 0.00992995200263583 -0.002589177466313876 -0.9999473546699773 0.20997406943319924 0.9999118112938498 0.008839338206024734 0.009906711545220376 0.23718419629676046
0.009198127195180629 -0.9999573518309118 0.0008293522616317928 73.42004985307734 0.012192223818175023 -0.0007171744197761298 -0.9999254719016196 0.21698711484559763 0.9998834125173064 0.009207556570221142 0.012185106224595501 0.23315515459338737
0.008143373996586266 -0.9999639996226404 -0.002363328592675398 74.59950633535662 0.010975607818104204 0.002452646416366288 -0.9999367828924307 0.21685518777807006 0.999906607062616 0.008116916847551364 0.010995185587047452 0.23606240781483873
0.003957844473674067 -0.9999795669178606 -0.0050139859608394136 75.76779506490449 0.008076215360726951 0.005045826453119592 -0.999954672687738 0.21102314214832307 0.9999595832429615 0.003917170718978838 0.008096021173206337 0.2481978662233532
0.0039672218012150925 -0.9999575998355366 -0.008299559671529306 76.93407499399011 0.00810106073495927 0.008331490309097104 -0.9999325507390591 0.21114009514481635 0.9999593150713137 0.0038997215319811606 0.008133770889687803 0.24695403545099526
0.006891088574725802 -0.9999282676608359 -0.00979223079215635 78.10678589163457 0.007740054658900673 0.00984550644595896 -0.9999216309084598 0.2046139716346581 0.9999463012623268 0.006814757995613143 0.007807345979315239 0.2510110492066059
0.007984209190354674 -0.9998894412970234 -0.012540152691131633 79.28861107874575 0.007095648306971853 0.01259688680076604 -0.9998955038583655 0.19892352335759816 0.9999429550449874 0.007894395421983886 0.007195440008879289 0.24884916428150428
0.006813086324672804 -0.9998348822882965 -0.016843116335130536 80.47353799283796 0.00764034936061459 0.01689506049744988 -0.9998281111557837 0.1987925205067897 0.9999476448564542 0.006683227918667413 0.00775419617787732 0.24606543158184196
0.004643863999928612 -0.9997819490664717 -0.020360035614769734 81.61532843156634 0.0065608004562461774 0.020390280398883638 -0.9997706303356113 0.18017440439440785 0.9999677636743377 0.0045092238665903756 0.006654058601187746 0.2570411958170469
0.0017412950709295577 -0.9996935399593084 -0.02469482190321154 82.76259463190026 0.0073638417647212545 0.024707007531602147 -0.9996676028877264 0.15331422193919875 0.9999713846453495 0.0015588675875074579 0.007404606397468302 0.26641697292461025
0.0007819356012821778 -0.9996056414650422 -0.02806921122552621 83.92300726194735 0.006296618027073208 0.028073584741841857 -0.999586035631242 0.13552567819797662 0.9999798769425376 0.0006048715158349285 0.00631608665687597 0.2737992769082552
0.002087782771529857 -0.999490662805471 -0.03184451064469951 85.08756477974383 0.006298438716804227 0.031857086898778364 -0.9994726686581789 0.11977812286594719 0.9999780234913421 0.001886111101975934 0.006361741329691778 0.28120706904603554
0.0017542398890845884 -0.9993832206009909 -0.0350721099219881 86.28499491203331 0.007056690585145055 0.03508366486169254 -0.9993595187177877 0.09414572496122381 0.9999734982732469 0.0015056240792537378 0.007113883249222874 0.2930478342417781
0.00034541746920361584 -0.9992615957446137 -0.03842060122447442 87.43958635541826 0.006585907022320247 0.03842203680195151 -0.9992398866583673 0.0527272725297932 0.9999782218457919 9.212172942106578e-05 0.006594315728844872 0.30991683877924375
-0.0010684611048825858 -0.9991012071200345 -0.04237511680859366 88.57262015165908 0.0063712081521845815 0.0423674699567866 -0.9990818684357526 -0.015273320841098115 0.9999791491948697 -0.0013374598252127367 0.006320213148095985 0.32094804826678347
-0.001426561116581673 -0.9989820578754764 -0.045086514404922506 89.73438872663054 0.006597016394095267 0.04507617341705744 -0.9989618026393251 -0.06856984838140684 0.9999772517146736 -0.0017225163944908283 0.006525996699524245 0.3288976370281255
-0.00033921337486409516 -0.9988731873945902 -0.047457547022499415 90.88474550073015 0.005177875658178215 0.04745515128019549 -0.9988599900631797 -0.1332452197973406 0.9999865552621356 -0.0005845556470806708 0.0051559440946686045 0.33988803865877065
0.0005172322943210062 -0.9987280160389368 -0.050417615722577844 92.0559627032188 0.005047218409295534 0.05041959041236186 -0.9987154232522502 -0.1981676031344139 0.9999871752034379 0.00026209908415908423 0.005066876293317136 0.35011836494331977
0.002464311393667774 -0.9985542012283224 -0.0536960950414031 93.16511718101891 0.004020371562294748 0.05370571316260146 -0.9985487702306404 -0.24916096028899437 0.9999889142618973 0.0022448566749786528 0.004146906443730765 0.3531277953696193
0.003675874031777956 -0.9984122814198275 -0.05620938297717971 94.3273884573481 0.0021328083902604025 0.056217461304222824 -0.9984163028227548 -0.3095016992531675 0.9999909858510139 0.003550166842355422 0.0023360700039992315 0.3612026265677753
0.0017963707311114095 -0.9983447714820113 -0.05748452921923449 95.49570646694667 0.0011816296028307554 0.057486698246104806 -0.9983455390546943 -0.37254605047472583 0.9999977068417771 0.001725474207922158 0.0012829407227837948 0.37035469213057876
-0.0013963168121644276 -0.9981885918258859 -0.06014675693998334 96.66175563829894 0.00037029557918491436 0.060146297788069285 -0.9981895177049324 -0.44102505932105035 0.9999989929381397 -0.001416060710340038 0.00028564102409513924 0.38083476676925193
-0.003705559544867428 -0.998055498406678 -0.062221479344731795 97.83812376501774 0.0006122080230641386 0.06221963062995953 -0.9980623474422231 -0.5019850749914743 0.9999929761548725 -0.003736470969407043 0.0003804589149079061 0.3834785571552002
-0.004402882787741274 -0.9979608870322777 -0.06367593954454749 99.00838325644388 0.0008353262676617524 0.06367286524618151 -0.9979705105565263 -0.5763974044446833 0.9999899288090559 -0.004447137078474316 0.0005532785415597618 0.397960239976164
-0.004426172997489223 -0.9978845168856434 -0.06485967806983733 100.1280878494492 0.0005261519278165707 0.06485798109109966 -0.9978944321143901 -0.6419985319790413 0.9999900134193456 -0.004450978022113151 0.00023796590638957752 0.4076953230232737
-0.002598113135772155 -0.9979211664739751 -0.06439315700577752 101.29365128309814 0.0010334521351702906 0.06439065962053002 -0.9979242920353617 -0.7223057031188649 0.9999961369807481 -0.002659267562703997 0.0008640095152421406 0.4219764578567629
-0.000843795262861935 -0.9980159191334778 -0.06295510989257348 102.46606424179225 0.0004380178167815008 0.06295476718478035 -0.998016282266876 -0.8016489154566048 0.9999995572330388 -0.0008696970748608172 0.00038402807808160137 0.43806041524603656
0.00012716958009258497 -0.9980693104032681 -0.062108949383086 103.64200965354685 0.0009689104024605561 0.062109043013771736 -0.9980689218070432 -0.8704337484750061 0.9999994952973019 6.674657046434364e-05 0.0009749384061356807 0.44161840441348116
0.0004362868317433488 -0.9982561856381467 -0.05902897448127759 104.8458117404493 0.0009813796562426291 0.05902938536021862 -0.9982557579752005 -0.9326518727715843 0.9999994068327729 0.0003775958750928052 0.0010054218080380384 0.4550433999538417
0.0004978348626120729 -0.9984161750673656 -0.05625772983252968 106.06217267861034 0.001491122025419349 0.0562584136187973 -0.9984152010400513 -0.9881527544369423 0.9999987065332802 0.00041316009537454776 0.001516767918590622 0.4618572377944583
-6.158682980609599e-05 -0.9986428387113093 -0.05208143890699159 107.27544575366444 0.0027166087792820535 0.05208108241739517 -0.9986392463260565 -1.0488157692615174 0.9999962356272845 -0.00020298683467133254 0.002709714012410942 0.4662209805778481
8.915919962639365e-05 -0.9988442577758634 -0.04806313722213494 108.49573985140286 0.0027126438769017095 0.0480632031269658 -0.9988406569540544 -1.0862745062617472 0.9999963485747575 -4.132162379683925e-05 0.00271379397340782 0.4708254294624909
0.0012551996252940668 -0.999014307846831 -0.04437136401740977 109.71351933519809 0.003450651010454287 0.04437546852308602 -0.9990090551780438 -1.145181137449847 0.9999932616430761 0.0011008472468015378 0.0035029498516199187 0.4745471607870212
0.0021174636762203124 -0.9992055601553417 -0.03979760898939251 110.93519991255447 0.003623099237895938 0.03980510121635422 -0.9992009457926213 -1.1890584646005053 0.9999912354797543 0.001971580868489059 0.003704506107425477 0.4841105395532561
0.002539421704414277 -0.9993349205632266 -0.036374467795341855 112.12361880052579 0.0035706317333450937 0.03638340955184465 -0.9993315422220874 -1.2159009217357513 0.9999903541099421 0.0024078432022176816 0.0036606497437410767 0.48689713463905737
0.003084350299869875 -0.9995211784300602 -0.03078634651848936 113.35614407317563 0.003949954877130989 0.030798426268832318 -0.999517885353436 -1.247016464266024 0.9999874569055751 0.002961261020128468 0.0040430574312978135 0.4930905308457556
0.003807402661710209 -0.9996582402375171 -0.025863387291642854 114.57108821980972 0.004827708458159835 0.025881648738675996 -0.9996533481489775 -1.2826804479924503 0.9999810589783275 0.0036812262587258837 0.0049246005996137964 0.5018169986490513
0.0036394706325662846 -0.9997708447756989 -0.021093577587851776 115.80557374855222 0.0054646915412599455 0.021113284191100642 -0.9997621994820498 -1.2969218999872814 0.999978452000294 0.003523326111105573 0.005540280176333074 0.5051564620850246
0.00336443784039475 -0.9998631148626301 -0.01619567104240271 117.02482116568689 0.006178846832791306 0.016216241102303318 -0.999849440838618 -1.30715077025246 0.9999751750388385 0.0032638551986718164 0.006232560057301934 0.5122307709244627
0.0028945759303367347 -0.9999095940391544 -0.013126666502930779 118.25542125952164 0.007914121863376821 0.013149216257767169 -0.9998822472006197 -1.3234260246541738 0.9999645441011038 0.0027903440840142454 0.007951467811896096 0.5187135233211895
0.0026880282815112417 -0.9999420202227955 -0.010426572975932746 119.51041768849916 0.010107764654109104 0.010453247031373188 -0.9998943202986292 -1.3323930073823769 0.999945328636457 0.002582351642090284 0.010135277687115567 0.5249589496052475
0.0025574404677118703 -0.9999488949647259 -0.009779444045221828 120.74604546571067 0.010880475313952752 0.009806722350395813 -0.9998927844225024 -1.3333676897074527 0.9999374821746618 0.0024507627380083996 0.010904999181892316 0.5357563901683247
0.0023737509312652307 -0.9999555305075629 -0.009121805743022212 121.97651413332918 0.013127265891966954 0.009152205954478462 -0.999871999520833 -1.330900676805011 0.999911032229239 0.002253703100709768 0.013148402114256313 0.5399748471028228
0.0034197744220197147 -0.9999650640585627 -0.007633463142871007 123.21238268430452 0.015315563052795533 0.007684988105994227 -0.9998532085973311 -1.3276748389986897 0.9998768954051105 0.003302357373518276 0.015341306471986055 0.5417655563045465
0.0047004408430698 -0.9999663962935799 -0.006710822024191347 124.46734496234473 0.01562751729845716 0.006783532409611637 -0.9998549067797615 -1.337760520711709 0.9998667919284163 0.004594881891640291 0.01565888074731856 0.5529793249283138
0.006749829265580577 -0.9999649901003843 -0.004930632586997175 125.72638587983035 0.018070375380414852 0.005051912847227222 -0.9998240482499035 -1.3276918143232344 0.9998139894427248 0.006659546609261498 0.018103844987192193 0.5494378037456038
0.009409719383989802 -0.9999479296399958 -0.003946872372642841 126.98991185870112 0.01931593593714493 0.004128075896279119 -0.9998049532071782 -1.319165487085924 0.9997690933781449 0.00933164581987968 0.019353782719731084 0.5391010675151043
0.010059140454463648 -0.9999424201309755 -0.0037433703616090268 128.245522877916 0.018096937413030756 0.003924994622582499 -0.9998286145617733 -1.323010095334254 0.9997856203243739 0.009989671615875108 0.018135373922953855 0.5436595290122875
0.00937607920811137 -0.9999499265250273 -0.003495083644980175 129.50304918191551 0.01871585013091703 0.0036701137462945015 -0.999818152822645 -1.3302497239946425 0.9997808438883646 0.009308961128792736 0.018749324045594123 0.5389890429503797
0.009841417233744546 -0.9999453343143352 -0.0035273839895935072 130.75976834007858 0.015940522394675583 0.003683991573499037 -0.9998661689082848 -1.3422493378087874 0.9998244912933533 0.009783876640212184 0.015975907192756423 0.5311801186192484
0.010999650503134685 -0.9999374752470187 -0.0019905959690958153 132.0212947024866 0.013352359467113625 0.0021374187612059996 -0.9999085853708747 -1.3454842612459654 0.9998503298085721 0.010972064668834514 0.01337503573565932 0.5350620528910013
0.013111857671940801 -0.9999126958538183 -0.0016372730994647054 133.3083791590946 0.010961752450041232 0.001781057129048802 -0.9999384028572297 -1.3468470760760993 0.999853937813735 0.013093103452289378 0.010984148199010405 0.5281113695573256
0.014346029090377669 -0.9998937742604491 -0.0025480902887656913 134.55417863135585 0.009046850203375525 0.0026780475761560077 -0.9999555450288994 -1.3354309282314794 0.9998561911292992 0.014322341359312265 0.00908430933346633 0.5201627575538682
0.013493849015758537 -0.9999066226689829 -0.0021408953698592538 135.8162697590515 0.0059031244313007426 0.002220715978957577 -0.999980147489943 -1.341462735285059 0.9998914792932142 0.013480939905352813 0.0059325390052838945 0.5185724486999096
0.012745867427746882 -0.9999143545495989 -0.0029663124599025106 137.07972006842732 0.004362596946824944 0.0030221352410259084 -0.9999859670594136 -1.35407871267753 0.9999092329117951 0.012732748517545644 0.004400743331227211 0.5059494357653831
0.012935495486340123 -0.9999141768342877 -0.0020768181054832083 138.3760259034946 0.0018078775809018453 0.0021003762808739805 -0.9999962013159606 -1.355813168015013 0.9999146680761358 0.012931689839235925 0.0018348914327859026 0.5013743620101841
0.012510960619289826 -0.9999184595739741 -0.0025702928371562636 139.63046096185005 0.0007218006015183888 0.002579525005414452 -0.99999648685184 -1.3501131318553425 0.9999214242533481 0.012509053811882321 0.0007540133752957209 0.49369944990374653
0.013808351491998452 -0.9998951981452685 -0.004336163160025888 140.8939739598289 -0.00027725597286855434 0.004332748130083027 -0.9999905528428922 -1.3369730460694282 0.9999045916224046 0.01380942984509542 -0.00021739912208147715 0.48766643234488255
0.015007544882793421 -0.999877573329158 -0.004418283800711678 142.17009605282126 0.0017270003953311012 0.00444469589934811 -0.9999886541186354 -1.3375861484791856 0.9998858945369168 0.014999745195499622 0.0017934928178584713 0.47688661600003657
0.013798457700781686 -0.9998902532434397 -0.005392841471338433 143.45143499404236 0.0022048068678759843 0.0054237677166562095 -0.999982910658267 -1.3288679688998382 0.9999023741777385 0.013786325514208242 0.002279404242562105 0.47631383665335486
0.012468054983837473 -0.9999039814924071 -0.006042028121901839 144.74665702435536 0.0039130564762835975 0.006091242716156037 -0.999973862085735 -1.3298780733279676 0.9999145530922492 0.012444086085255482 0.003988626600006494 0.46544077507885817
0.010935309655250018 -0.9999225852844764 -0.005923505261887923 146.01669330508238 0.00428603407313928 0.005970676277645851 -0.9999730187865863 -1.3229450822631248 0.9999310607492438 0.010909619480688248 0.004350992967104132 0.45724776318350585
0.0070414588718223856 -0.9999513626390022 -0.006898322120617966 147.2888614793739 0.003382420002360673 0.006922270525254538 -0.999970387059611 -1.3407759903137109 0.9999694167120512 0.007017910940021285 0.003430997602923074 0.46525543926102647
0.004253730937061889 -0.9999687070256845 -0.0066569150598193355 148.56039899650142 0.004417162760729623 0.006675700018232143 -0.9999679324095211 -1.3530730308613412 0.9999812461970202 0.004224192471183153 0.004445421044705972 0.4684383499331932
0.003915486580869461 -0.9999700083901217 -0.0066846557001310255 149.83525874958644 0.004067502743750267 0.006700578459730032 -0.9999693216868856 -1.3644405399642356 0.9999841154540617 0.0038881826939515945 0.00409361695940051 0.4756801079797478
0.003151629842818216 -0.99996761959746 -0.007406970815173633 151.1073668673067 0.0034953457299967913 0.007417979159516246 -0.9999663961765192 -1.3646306097259744 0.9999888610219394 0.0031256299620914477 0.0035186109976655415 0.48944569438537816
0.0034013781269864544 -0.9999702346307326 -0.00691716450381403 152.36764620384642 0.0030380504791858607 0.006927505962687949 -0.9999714531172472 -1.3608902854641716 0.9999895912430377 0.0033802724367155614 0.0030615230103256006 0.4964146599130481
0.004784029638120307 -0.9999613204432164 -0.007373549057476158 153.6383863772721 0.0037547078328495627 0.007391544554434987 -0.999965634321476 -1.3641280558276123 0.9999814791897804 0.0047561812710700795 0.0037899238074447037 0.5006926287088226
0.005132480232314581 -0.9999661562081312 -0.0064196607870351955 154.9011873867048 0.0043576943640619955 0.00644204956192457 -0.9999698097564863 -1.366459468639131 0.9999773016939224 0.005104354160269697 0.0043906112057608485 0.5045134733989622
0.005028919269064059 -0.9999709500378845 -0.0057365585731734454 156.1723711397639 0.004587114692120116 0.005759639549722454 -0.9999729554339042 -1.3613374621821186 0.9999768790984795 0.005002466688879166 0.00461594538121349 0.5093956036204383
0.005284085084775025 -0.9999720887009821 -0.005284349763133928 157.44802722106888 0.0044298160677989 0.005307779442684184 -0.9999762024529792 -1.3605112947231492 0.9999762236258731 0.005260558074309005 0.004457738952540792 0.512842177345859
0.006285066027298995 -0.9999731034546977 -0.003763492541549571 158.7193145823926 0.004756455121484017 0.0037934196856939527 -0.99998150787419 -1.355504634355358 0.9999689296874237 0.006267045214604878 0.004780168287007052 0.5158726704659279
0.006674801312487299 -0.9999701106009009 -0.0038951221052446806 159.98797578090623 0.005593310941762909 0.003932483365015351 -0.9999767245803318 -1.3536706119620951 0.9999620780128214 0.006652862750751701 0.0056193923224973534 0.5159458013855135
0.006193094617526504 -0.9999774157584168 -0.002604480927359961 161.24487544972203 0.006028082522856069 0.0026418177131596766 -0.9999783793980795 -1.3523000508272736 0.9999626115850694 0.006177251849459935 0.006044306669313819 0.5184175012075344
0.005626077553967813 -0.9999814720152063 -0.0023047739246518945 162.50358283420073 0.0061646717370342765 0.002339450292634343 -0.999978235023552 -1.3613770190373669 0.9999651675883267 0.005611748718006208 0.006177719153397842 0.5222863485178145
0.005423108645247143 -0.9999830953485142 -0.002102646445275997 163.7721689837679 0.006140289285325389 0.002135937268639732 -0.9999789568928609 -1.3629406254122074 0.9999663857456123 0.005410079835337174 0.006151768086113125 0.5286518254076564
0.004727184220028274 -0.9999886710247463 -0.0005928339739924657 165.04008553193833 0.005992838448747951 0.0006211601003450707 -0.999981946582604 -1.3563285089281243 0.9999708924289413 0.004723545779834483 0.005995705679626653 0.5323477905075042
0.003434623085325975 -0.9999936277079983 -0.0009295830487262395 166.30794283425868 0.006571362474629033 0.0009521377155523886 -0.9999780127768353 -1.3445810998247956 0.9999725177583334 0.0034284368061699537 0.0065745901991216375 0.5416825061101133
0.003949611799187191 -0.9999922002787274 5.546531294427226e-07 167.57161317504918 0.0074304452836763644 2.8793492639397206e-05 -0.9999724541470124 -1.3326593775238753 0.9999645383073466 0.003949509896507924 0.007430499708173412 0.5410236429651466
0.004938243991366527 -0.9999874113793554 0.000832805243558451 168.83829723059839 0.007325040552216006 -0.0007966193866507706 -0.9999728708384572 -1.3219873467079832 0.9999609864642901 0.004944210217085212 0.00732101439528424 0.5455256547107563
0.0053327312778854875 -0.9999853723055154 0.0008739407431165329 170.10405355104706 0.008178655754179719 -0.0008303076791574323 -0.9999662564921348 -1.3273325000770038 0.9999523648609593 0.005339698037446938 0.008174108401271944 0.5571866080095479
0.005655454913483186 -0.9999820511313752 0.001979311138212294 171.35925009343882 0.008259420725446883 -0.0019325641441156373 -0.9999640713265967 -1.3208425043159302 0.999949902707776 0.005671598483631055 0.008248343230632447 0.5641267973594761
0.006886470956835708 -0.999973865339869 0.0021777368819514854 172.62072206045556 0.008026235089855087 -0.002122443846782049 -0.9999655612680546 -1.324765202655258 0.9999440787169909 0.006903710992628098 0.00801140888994634 0.56582804263128
0.006338883178741669 -0.999974389426678 0.0033160498263251183 173.87855445111418 0.00835694836419111 -0.0032630257043523474 -0.9999597609189782 -1.3096106272623969 0.999944974699411 0.006366343451633769 0.00833604952561068 0.5676251410208472
0.0060507728346230385 -0.999974681121431 0.003742760861904295 175.1406469485962 0.009491522239841482 -0.0036852288012859287 -0.9999482097242949 -1.2906952532071663 0.9999367072037914 0.006085985690762422 0.009468982966662884 0.5713311873498952
0.0062308510908408166 -0.9999725057910539 0.004021556533219865 176.42803067497758 0.009704945451453399 -0.003960974477722643 -0.9999450672419351 -1.2769972121368034 0.9999334969977134 0.00626953630935817 0.00967999838688183 0.5713714473885296
0.005167735086624239 -0.9999764982802299 0.004502677056140922 177.69529869076842 0.009367787330923907 -0.004454127970959293 -0.9999462001590396 -1.2749890497503737 0.9999427971686865 0.005209644079441982 0.009344548884335056 0.5756635140036797
0.004165502120539415 -0.9999835676424651 0.003920479428072423 178.95205254169443 0.008422673320626442 -0.003885290034427974 -0.9999569906069665 -1.2650480825376837 0.9999558359089041 0.004198346321230659 0.008406349913888557 0.5783351881873969
0.0043452443138776945 -0.9999817813331076 0.004172961005089618 180.19959403343123 0.006202849247496865 -0.004145966059531741 -0.9999721911698352 -1.2546317011750707 0.9999712822195126 0.004371004807275366 0.006184721745654045 0.5844393443133707
0.007581495671530287 -0.9999598657469054 0.004776496479089164 181.47798944178118 0.006476516882205304 -0.0047274318801876014 -0.9999678960980439 -1.2519980213300301 0.999950213931628 0.007612185764801702 0.00644041520865731 0.5870543644382649
0.01175773740189744 -0.9999207475791648 0.004506913044025812 182.75659317222033 0.005022926387351373 -0.0044481047814232885 -0.9999775061853953 -1.2545482556193754 0.9999182793436228 0.011780110990674138 0.004970228379525848 0.585352862767304
0.01121733491904713 -0.9999243954776842 0.00504210470666347 184.01671396640785 0.005663233872591249 -0.00497881249216537 -0.9999716042080404 -1.239926170760881 0.9999210596655002 0.01124557054809338 0.005606956573118232 0.5902535265712082
0.00870018688921961 -0.9999547653980219 0.003842151046965338 185.27329876731923 0.006250593995163217 -0.0037878387899638703 -0.9999733155041313 -1.2285635968844617 0.9999426555243474 0.008723970874725156 0.0062173559007442595 0.5861381159264379
0.007508950604770127 -0.9999613615378933 0.0045629753382737 186.5073390035048 0.006853952495008836 -0.0045115304362614225 -0.9999663780058967 -1.2133216749177036 0.9999483549492986 0.007539965905908611 0.006819810831491291 0.5881406229542145
0.007154327630446088 -0.9999618183177715 0.005009440001620569 187.76266065460067 0.006872980261342924 -0.004960280973361726 -0.9999640810059779 -1.2072815706561864 0.9999508214816071 0.007188494278486253 0.00683723134291564 0.5953666693193175
0.007745484642475459 -0.9999589932431311 0.004679060591994551 189.02654013114426 0.007965697732255646 -0.004617353042850962 -0.9999576473360379 -1.1867446600790008 0.9999382402826176 0.007782434382319571 0.007929607400375495 0.6000859406465978
0.00953170775415485 -0.9999396716353742 0.005450538763550659 190.26810876217672 0.007505295794597283 -0.005379088621713423 -0.9999573882384175 -1.1656059159999541 0.9999264376998682 0.009572202912754395 0.007453571867558577 0.600575832339013
0.010413872306433179 -0.9999360775902972 0.00440731747159489 191.53003646633368 0.006307372526212477 -0.004341781114385791 -0.9999707426038025 -1.14496603299395 0.9999258563269009 0.010441368820116296 0.006261753807952618 0.5987919104775097
0.010617471668874928 -0.99993614623111 0.0038637188431098115 192.77751045662825 0.005340972306965415 -0.00380717061560764 -0.9999784766051567 -1.1397224181110375 0.9999293736181842 0.010637880945665033 0.00530020894673271 0.588113702828123
0.010098781069687144 -0.9999458619857085 0.0024901445541963907 194.01838466804995 0.005282533597194741 -0.0024368869714528393 -0.9999830971685235 -1.1434420183501928 0.9999350781516484 0.010111764946699112 0.005257637901765696 0.5904761867370293
0.00921864915277078 -0.9999570950386956 0.0008571711157188992 195.2380438788238 0.00595642609530291 -0.0008022782127306196 -0.9999819193879846 -1.1398494641608559 0.9999397631184196 0.009223587845546362 0.005948775059959838 0.5912766204245611
0.008583102573361966 -0.9999631910376099 -0.0001619846664666167 196.45319449395006 0.004710930957530829 0.0002024249637531065 -0.9999889234846078 -1.150037457211888 0.9999520364992026 0.00858224092249154 0.004712494462884922 0.5998836821596769
