1 0 0 0 0 1 0 0 0 0 1 0
0.999989 -0.00248196 -0.00392606 0.00953873 0.002471 0.999993 -0.00279404 0.00449758 0.00393297 0.00278431 0.999988 0.706866
0.999964 -0.00116694 -0.00837522 0.0062791 0.00112939 0.999989 -0.00448763 0.00436519 0.00838037 0.00447801 0.999955 1.41855
0.999923 -0.00104066 -0.0123878 -0.00160715 0.000961387 0.999979 -0.00640365 0.00555406 0.0123942 0.00639125 0.999903 2.13011
0.999836 0.00013845 -0.0181121 -0.00464584 -0.000276733 0.999971 -0.00763259 0.00845596 0.0181106 0.00763635 0.999807 2.89236
0.999756 -0.000696814 -0.02207 -0.0284079 0.000532301 0.999972 -0.00745916 -0.010925 0.0220746 0.00744559 0.999729 3.63624
0.999651 0.00113677 -0.026384 -0.0623486 -0.00135749 0.999964 -0.00834908 -0.0238965 0.0263736 0.00838198 0.999617 4.43114
0.99949 0.0033319 -0.0317458 -0.0853709 -0.00363057 0.99995 -0.00935523 -0.0285011 0.031713 0.00946572 0.999452 5.23886
0.999361 0.00432309 -0.0354716 -0.128835 -0.00460519 0.999958 -0.00787509 -0.0385456 0.0354361 0.00803341 0.99934 6.02793
0.999227 0.00338406 -0.0391751 -0.177075 -0.0036051 0.999978 -0.00557312 -0.0416405 0.0391553 0.00571004 0.999217 6.86102
0.999062 0.00318585 -0.0431776 -0.207682 -0.00332544 0.999989 -0.00316144 -0.0477642 0.0431671 0.00330206 0.999062 7.6928
0.998961 0.00510461 -0.0452917 -0.25757 -0.00528782 0.999978 -0.00392616 -0.0577513 0.0452707 0.00416157 0.998966 8.53878
0.998854 0.00461029 -0.0476427 -0.296404 -0.00483341 0.999978 -0.00456915 -0.0629425 0.0476206 0.00479419 0.998854 9.37852
0.998805 0.00177635 -0.0488299 -0.344603 -0.00204273 0.999983 -0.005406 -0.0664603 0.0488195 0.00549929 0.998792 10.2305
0.998714 0.00109739 -0.0506929 -0.388893 -0.00129992 0.999991 -0.00396254 -0.0842488 0.0506882 0.00402334 0.998706 11.0918
0.99861 -0.000939223 -0.0527005 -0.41913 0.000732998 0.999992 -0.00393239 -0.101714 0.0527037 0.00388829 0.998603 11.9586
0.998504 0.00121883 -0.054673 -0.470336 -0.00156028 0.99998 -0.00620298 -0.115032 0.0546643 0.006279 0.998485 12.846
0.998483 0.00131047 -0.0550418 -0.543227 -0.00179178 0.999961 -0.00869612 -0.125849 0.0550282 0.00878155 0.998446 13.7573
0.998312 0.00467416 -0.0578848 -0.585152 -0.00527114 0.999934 -0.0101649 -0.140833 0.0578335 0.0104529 0.998271 14.67
0.998254 0.00546903 -0.0588128 -0.643189 -0.00603796 0.999937 -0.00950033 -0.161275 0.0587571 0.00983886 0.998224 15.5835
0.998193 0.00446045 -0.0599191 -0.703538 -0.00493877 0.999957 -0.00783701 -0.180669 0.0598816 0.00811878 0.998172 16.4785
0.998072 0.00508941 -0.061861 -0.754535 -0.00550956 0.999963 -0.00662318 -0.191622 0.061825 0.00695124 0.998063 17.4152
0.998046 0.00478313 -0.0623001 -0.821336 -0.00519091 0.999966 -0.0063854 -0.210074 0.0622674 0.00669632 0.998037 18.3461
0.997989 0.00453585 -0.0632164 -0.887056 -0.00501674 0.99996 -0.00745049 -0.221881 0.0631801 0.00775265 0.997972 19.2559
0.997964 0.0030858 -0.0637021 -0.961341 -0.0036298 0.999958 -0.00842595 -0.231669 0.0636734 0.00864002 0.997933 20.2258
0.997996 0.00285237 -0.0632128 -1.04367 -0.00332536 0.999967 -0.00737858 -0.234803 0.0631897 0.00757399 0.997973 21.1617
0.998035 0.00436428 -0.0624968 -1.1174 -0.00460952 0.999982 -0.00378044 -0.252721 0.0624792 0.00406109 0.998038 22.1144
0.998079 0.00492813 -0.0617581 -1.17939 -0.00495588 0.999988 -0.000296166 -0.261856 0.0617558 0.000601662 0.998091 23.0945
0.998157 0.00364122 -0.0605654 -1.23333 -0.00348014 0.99999 0.00276493 -0.273059 0.0605748 -0.00254906 0.99816 24.068
0.998231 0.00418304 -0.0593015 -1.28591 -0.00397548 0.999985 0.00361758 -0.284814 0.0593158 -0.00337543 0.998233 25.0312
0.998294 0.00463088 -0.0581999 -1.33722 -0.00462899 0.999989 0.000167274 -0.285964 0.0582 0.000102416 0.998305 26.0129
0.998382 0.00585269 -0.056563 -1.40197 -0.00610897 0.999972 -0.0043591 -0.305291 0.0565359 0.00469759 0.998389 26.9869
0.998482 0.00541636 -0.0548065 -1.46301 -0.00581159 0.999958 -0.00705445 -0.326595 0.054766 0.00736226 0.998472 27.9546
0.998537 0.00215528 -0.0540213 -1.51601 -0.00244379 0.999983 -0.00527513 -0.34771 0.054009 0.00539943 0.998526 28.9486
0.998504 0.000391563 -0.0546665 -1.56484 -0.000374194 1 0.000327898 -0.368113 0.0546666 -0.000306953 0.998505 29.9519
0.998497 -0.00269654 -0.0547367 -1.62926 0.0029 0.999989 0.00363789 -0.38282 0.0547263 -0.00379116 0.998494 30.956
0.998374 -0.0106374 -0.055994 -1.67072 0.0108545 0.999935 0.00357458 -0.399686 0.0559523 -0.00417656 0.998425 31.9594
0.99818 -0.0131008 -0.0588637 -1.70302 0.0131811 0.999913 0.000975241 -0.427254 0.0588457 -0.00174936 0.998266 32.9714
0.998032 -0.0132328 -0.0612937 -1.74878 0.0131108 0.999911 -0.00239122 -0.445293 0.0613199 0.0015829 0.998117 33.9757
0.997954 -0.0118686 -0.0628135 -1.82199 0.0116934 0.999927 -0.00315674 -0.452509 0.0628464 0.00241578 0.99802 34.9852
0.997902 -0.0116079 -0.0636887 -1.89087 0.0114967 0.999932 -0.00211289 -0.460645 0.0637089 0.00137624 0.997967 36.0554
0.997797 -0.00892488 -0.0657324 -1.94942 0.00895836 0.99996 0.000214586 -0.46052 0.0657278 -0.000802969 0.997837 37.0867
0.997703 -0.00904454 -0.0671325 -2.01672 0.00916212 0.999957 0.00144377 -0.46827 0.0671165 -0.00205553 0.997743 38.1189
0.997694 -0.00713063 -0.0674951 -2.09455 0.00742126 0.999964 0.00405624 -0.483059 0.0674638 -0.00454779 0.997711 39.1253
0.997888 -0.00672477 -0.0646036 -2.21918 0.00716229 0.999953 0.00654313 -0.483376 0.0645565 -0.00699202 0.997889 40.1128
0.997806 -0.000662952 -0.0661985 -2.27409 0.00127588 0.999957 0.00921701 -0.491799 0.0661895 -0.00928125 0.997764 41.1735
0.997849 -0.00034186 -0.0655438 -2.36297 0.000885906 0.999965 0.00827161 -0.493105 0.0655386 -0.00831188 0.997815 42.2099
0.997731 -0.000294154 -0.0673165 -2.40308 0.000716122 0.99998 0.00624436 -0.493849 0.0673133 -0.0062784 0.997712 43.2942
0.9978 0.0019774 -0.0662547 -2.49243 -0.00169711 0.999989 0.00428656 -0.503803 0.0662625 -0.00416469 0.997793 44.3115
0.997669 0.00131715 -0.0682244 -2.54435 -0.0010142 0.99999 0.00447504 -0.51508 0.0682296 -0.00439541 0.99766 45.3352
0.997653 -0.000108299 -0.0684733 -2.63265 0.000487586 0.999985 0.0055225 -0.524477 0.0684716 -0.00554293 0.997638 46.3435
0.997566 0.000702412 -0.0697243 -2.69672 -0.00020937 0.999975 0.00707834 -0.545719 0.0697276 -0.00704651 0.997541 47.3628
0.997607 0.0035281 -0.069051 -2.78603 -0.00329382 0.999989 0.00350645 -0.555809 0.0690625 -0.00327062 0.997607 48.3662
0.997532 0.00466032 -0.0700477 -2.86339 -0.00471084 0.999989 -0.000555992 -0.569149 0.0700443 0.000884602 0.997543 49.3515
0.997397 0.00539325 -0.0719011 -2.91452 -0.00556449 0.999982 -0.00218154 -0.575259 0.071888 0.00257595 0.997409 50.3647
0.997409 0.0040068 -0.0718156 -2.98805 -0.00391758 0.999991 0.00138312 -0.592388 0.0718205 -0.00109819 0.997417 51.3574
0.997374 0.00234587 -0.0723814 -3.05363 -0.00202781 0.999988 0.00446731 -0.605842 0.072391 -0.00430881 0.997367 52.3558
0.997356 0.000541141 -0.07266 -3.12357 -0.000172564 0.999987 0.0050788 -0.616558 0.0726618 -0.00505283 0.997344 53.3555
0.997331 -0.00256839 -0.0729621 -3.18803 0.0028449 0.999989 0.00368602 -0.623946 0.0729518 -0.00388375 0.997328 54.3656
0.997226 -0.00550715 -0.0742211 -3.24757 0.00569057 0.999981 0.00225993 -0.632691 0.0742072 -0.00267602 0.997239 55.3611
0.997162 -0.00706879 -0.0749505 -3.32318 0.00733841 0.999968 0.00332252 -0.639209 0.0749246 -0.0038631 0.997182 56.3348
0.997032 -0.00978622 -0.0763523 -3.3887 0.010329 0.999924 0.00671771 -0.639067 0.0762808 -0.00748643 0.997058 57.2915
0.996966 -0.0102173 -0.0771561 -3.46022 0.0110526 0.999885 0.0104069 -0.628876 0.0770409 -0.0112281 0.996965 58.2838
0.997022 -0.00800915 -0.0766982 -3.55211 0.00886719 0.999902 0.0108532 -0.61505 0.0766038 -0.0115009 0.996995 59.2525
0.99695 -0.0063462 -0.0777717 -3.6353 0.00680132 0.999961 0.00558855 -0.609636 0.0777332 -0.00610046 0.996955 60.1634
0.996831 -0.00453422 -0.0794118 -3.70855 0.00436055 0.999988 -0.00236025 -0.616746 0.0794215 0.0020065 0.996839 61.1526
0.996745 -0.00327419 -0.0805461 -3.79067 0.00268299 0.999969 -0.00744703 -0.626895 0.080568 0.00720669 0.996723 62.0927
0.996642 0.00185975 -0.0818502 -3.87148 -0.00236019 0.999979 -0.0060177 -0.652196 0.0818373 0.00619068 0.996626 63.0365
0.996601 0.00461729 -0.0822397 -3.97066 -0.0049645 0.99998 -0.00401783 -0.66462 0.0822195 0.00441246 0.996604 63.9531
0.996615 0.00825426 -0.0817909 -4.06505 -0.00851834 0.99996 -0.00288019 -0.684821 0.0817638 0.00356717 0.996645 64.8272
0.996599 0.00960217 -0.081835 -4.16561 -0.00997631 0.999942 -0.00416409 -0.685259 0.0817902 0.00496634 0.996637 65.7312
0.996353 0.0105239 -0.0846704 -4.22035 -0.01094 0.99993 -0.00445245 -0.684 0.0846176 0.00536251 0.996399 66.598
0.996269 0.0113336 -0.0855458 -4.3074 -0.0117703 0.99992 -0.00460186 -0.69331 0.0854868 0.00559159 0.996323 67.4662
0.996162 0.0118382 -0.0867118 -4.38152 -0.0122581 0.999916 -0.0043116 -0.712394 0.0866535 0.00535798 0.996224 68.3068
0.996063 0.0117529 -0.087853 -4.46578 -0.0120818 0.999922 -0.00321226 -0.726882 0.0878084 0.00426103 0.996128 69.1535
0.99586 0.01399 -0.0898082 -4.53618 -0.0140651 0.999901 -0.000203151 -0.743472 0.0897965 0.00146547 0.995959 69.9812
0.995816 0.0161577 -0.0899291 -4.63692 -0.015894 0.999867 0.00364862 -0.751973 0.089976 -0.00220403 0.995941 70.8048
0.995594 0.0195006 -0.0917097 -4.7168 -0.0191069 0.999804 0.00516907 -0.761778 0.0917925 -0.00339401 0.995772 71.5903
0.995426 0.0220823 -0.0929363 -4.79159 -0.0220576 0.999756 0.00129287 -0.78061 0.0929421 0.000762993 0.995671 72.3386
0.995282 0.0218275 -0.0945226 -4.87396 -0.0224752 0.999731 -0.00579333 -0.796962 0.0943707 0.00789042 0.995506 73.1041
0.995151 0.0211198 -0.0960582 -4.94347 -0.022281 0.999691 -0.0110316 -0.820214 0.0957955 0.0131184 0.995314 73.7963
0.99511 0.0221546 -0.0962436 -5.02102 -0.0234697 0.999646 -0.0125533 -0.825999 0.0959314 0.0147507 0.995278 74.5111
0.9949 0.0246484 -0.097801 -5.07472 -0.0256145 0.999635 -0.00863492 -0.852761 0.0975524 0.011096 0.995168 75.1782
0.994763 0.0251497 -0.0990551 -5.15226 -0.0259203 0.999643 -0.00650062 -0.872513 0.0988562 0.00903413 0.995061 75.8531
0.994719 0.0222707 -0.100178 -5.21232 -0.0233754 0.999678 -0.00986668 -0.890059 0.099926 0.0121563 0.99492 76.4897
0.994952 0.0144402 -0.0992925 -5.29096 -0.0160279 0.999756 -0.0152111 -0.909222 0.0990486 0.0167258 0.994942 77.1424
0.995022 0.0105108 -0.0990881 -5.33748 -0.0125563 0.99972 -0.0200422 -0.925198 0.0988497 0.0211866 0.994877 77.8236
0.995204 0.0131485 -0.0969248 -5.37467 -0.0151455 0.999687 -0.0198961 -0.951502 0.0966329 0.0212686 0.995093 78.4425
0.99531 0.0178597 -0.0950656 -5.38811 -0.0196434 0.999648 -0.0178593 -0.954671 0.0947131 0.019643 0.995311 79.0924
0.995666 0.0162166 -0.0915613 -5.41493 -0.017697 0.999725 -0.0153801 -0.962078 0.0912867 0.0169338 0.99568 79.6887
0.996156 0.0122641 -0.0867192 -5.43299 -0.0133318 0.999842 -0.0117432 -0.97066 0.0865615 0.0128542 0.996163 80.2877
0.996909 0.00805644 -0.0781366 -5.47643 -0.00871896 0.999929 -0.00814157 -0.993969 0.0780654 0.00879768 0.996909 80.8392
0.997633 0.0117615 -0.0677353 -5.50311 -0.0123717 0.999887 -0.0085953 -1.0036 0.0676265 0.00941296 0.997666 81.4045
0.998389 0.0169133 -0.0541465 -5.50181 -0.0174042 0.999812 -0.00860592 -1.02541 0.0539908 0.00953444 0.998496 81.9331
0.999082 0.022141 -0.0366422 -5.50573 -0.0224331 0.99972 -0.00758098 -1.04599 0.036464 0.00839602 0.999299 82.441
0.99966 0.0201813 -0.0164447 -5.46377 -0.0202999 0.999769 -0.0070724 -1.05804 0.0162981 0.00740382 0.999839 82.9466
0.999826 0.0163999 0.00878589 -5.41786 -0.0163429 0.999845 -0.0065143 -1.0674 -0.0088914 0.00636959 0.99994 83.4498
0.999145 0.0157147 0.038219 -5.37083 -0.0155292 0.999866 -0.00514742 -1.08096 -0.0382948 0.00454952 0.999256 83.912
0.997517 0.0149656 0.0687997 -5.26623 -0.0147641 0.999885 -0.00343627 -1.10072 -0.0688433 0.00241197 0.997624 84.3834
0.994291 0.0148085 0.105656 -5.17456 -0.0145519 0.999889 -0.0031995 -1.10864 -0.105692 0.00164374 0.994397 84.874
0.989028 0.0146489 0.146996 -5.07453 -0.0142269 0.999891 -0.00392216 -1.11301 -0.147037 0.00178784 0.989129 85.3167
0.98138 0.0142915 0.191539 -4.93888 -0.0136564 0.999896 -0.00463544 -1.11917 -0.191585 0.0019334 0.981474 85.7697
0.970847 0.016113 0.239154 -4.77329 -0.0149678 0.999866 -0.00660422 -1.13696 -0.239228 0.00283209 0.970959 86.2069
0.956113 0.0158121 0.292568 -4.59143 -0.0143027 0.999871 -0.00729765 -1.18155 -0.292646 0.00279287 0.956216 86.6661
0.937729 0.014822 0.347049 -4.38085 -0.0130219 0.999887 -0.00751844 -1.21404 -0.347122 0.00253101 0.937816 87.0565
0.915435 0.014276 0.402211 -4.14567 -0.0121354 0.999896 -0.00786992 -1.24107 -0.402281 0.00232343 0.915513 87.4114
0.888789 0.0132822 0.458121 -3.90802 -0.010312 0.999907 -0.00898386 -1.25998 -0.458198 0.00326061 0.888844 87.7166
0.857143 0.0102989 0.514973 -3.65334 -0.00614106 0.999933 -0.00977602 -1.28277 -0.51504 0.00521698 0.85715 88.0277
0.821201 0.0101341 0.570547 -3.38584 -0.00504046 0.999932 -0.010506 -1.29478 -0.570615 0.00575173 0.821197 88.3466
0.782298 0.0084963 0.622845 -3.10995 -0.0038244 0.999954 -0.00883699 -1.31225 -0.622891 0.00453116 0.782295 88.6297
0.741906 0.00777408 0.670458 -2.7985 -0.00452151 0.999968 -0.00659146 -1.32045 -0.670488 0.00185877 0.741917 88.8791
0.698799 0.00729726 0.71528 -2.47282 -0.0030083 0.999969 -0.00726266 -1.31418 -0.715311 0.00292337 0.6988 89.1181
0.654192 0.00657464 0.756299 -2.14059 0.00146803 0.999949 -0.00996257 -1.30612 -0.756327 0.00762771 0.654149 89.3312
0.609308 0.00442495 0.79292 -1.80544 0.00751493 0.999907 -0.0113548 -1.30724 -0.792898 0.0128773 0.609218 89.5063
0.56396 0.00635153 0.825777 -1.45779 0.00554792 0.999919 -0.0114799 -1.32355 -0.825783 0.0110555 0.563879 89.6916
0.51858 0.00888324 0.854982 -1.10518 0.00154396 0.999935 -0.0113258 -1.34194 -0.855027 0.00719338 0.518533 89.8559
0.474461 0.0108507 0.880209 -0.758141 0.000991284 0.999917 -0.0128607 -1.35363 -0.880276 0.00697446 0.474411 89.9967
0.434178 0.00701549 0.900799 -0.389641 0.00836081 0.999895 -0.0118171 -1.37448 -0.900788 0.0126621 0.434074 90.1081
0.395323 -0.001578 0.91854 -0.0261102 0.0238369 0.999679 -0.00854156 -1.38382 -0.918232 0.0252718 0.395234 90.2027
0.361148 -0.0059614 0.932489 0.349137 0.02787 0.999602 -0.00440343 -1.39475 -0.932092 0.0275787 0.36117 90.3008
0.329091 -0.00134801 0.944296 0.715671 0.0252044 0.999655 -0.0073568 -1.397 -0.943961 0.0262215 0.329012 90.3994
0.298456 0.00668867 0.954399 1.09927 0.0149462 0.99982 -0.0116809 -1.40617 -0.954306 0.0177509 0.298303 90.52
0.270517 0.010379 0.962658 1.48384 0.0103408 0.999853 -0.0136859 -1.43069 -0.962659 0.0136569 0.27037 90.6165
0.245579 0.011088 0.969312 1.88818 0.0116591 0.999828 -0.0143909 -1.45321 -0.969306 0.0148354 0.245408 90.6971
0.222166 0.0134813 0.974915 2.2861 0.0184004 0.999668 -0.0180167 -1.45343 -0.974835 0.0219415 0.221845 90.7575
0.202042 0.0198565 0.979175 2.70339 0.0260384 0.999332 -0.025638 -1.45054 -0.97903 0.0306761 0.20139 90.8192
0.18325 0.0267298 0.982702 3.13432 0.0282183 0.999075 -0.0324372 -1.45062 -0.982661 0.0336743 0.182326 90.8773
0.165515 0.0274033 0.985826 3.57547 0.0259828 0.999146 -0.032136 -1.46442 -0.985864 0.0309335 0.164662 90.9452
0.150932 0.0239317 0.988254 4.03372 0.0245287 0.999308 -0.0279455 -1.47807 -0.988239 0.0284584 0.150241 90.9996
0.136226 0.0199444 0.990476 4.51001 0.025079 0.999407 -0.0235735 -1.50621 -0.99036 0.0280515 0.135645 91.0601
0.123697 0.0173935 0.992167 5.01272 0.0275332 0.999401 -0.020953 -1.52309 -0.991937 0.0299094 0.123144 91.1049
0.112558 0.0163242 0.99351 5.5106 0.0318458 0.999292 -0.0200271 -1.53611 -0.993134 0.0338933 0.111958 91.141
0.102981 0.0169774 0.994538 6.038 0.0348137 0.99918 -0.0206615 -1.55036 -0.994073 0.0367513 0.102305 91.1779
0.094912 0.0173078 0.995334 6.57821 0.0370926 0.999093 -0.0209102 -1.56649 -0.994794 0.0389042 0.0941838 91.2252
0.0896978 0.0179532 0.995806 7.14218 0.0385639 0.999025 -0.0214849 -1.57951 -0.995222 0.0403294 0.0889179 91.2659
0.0840888 0.0190045 0.996276 7.71671 0.0400608 0.998945 -0.0224367 -1.59395 -0.995652 0.0417983 0.0832387 91.3097
0.0787906 0.0195947 0.996698 8.30027 0.0402237 0.99893 -0.0228183 -1.61148 -0.996079 0.0418888 0.077918 91.3455
0.0736685 0.0183933 0.997112 8.92924 0.0423776 0.998869 -0.0215566 -1.64001 -0.996381 0.0438433 0.0728056 91.3989
0.0699859 0.018167 0.997382 9.57112 0.0434851 0.998828 -0.0212447 -1.65646 -0.996599 0.0448581 0.0691137 91.4536
0.0674512 0.0175973 0.997566 10.2114 0.0437584 0.99883 -0.0205784 -1.67212 -0.996762 0.0450399 0.0666021 91.4912
0.0650434 0.016518 0.997745 10.8765 0.0467708 0.998714 -0.0195831 -1.69319 -0.996785 0.0479391 0.064187 91.5341
0.0639288 0.0168396 0.997811 11.5428 0.0513552 0.998477 -0.0201411 -1.69966 -0.996632 0.0525305 0.0629665 91.5816
0.0654291 0.0160939 0.997727 12.2282 0.0551865 0.998281 -0.0197218 -1.72049 -0.996329 0.0563514 0.0644283 91.6191
0.0679853 0.0164311 0.99755 12.9459 0.0567335 0.998183 -0.0203081 -1.73289 -0.996071 0.0579752 0.0669294 91.6694
0.0714503 0.0173018 0.997293 13.6724 0.0588406 0.998035 -0.0215303 -1.73359 -0.995706 0.0602197 0.0702917 91.724
0.0752155 0.0170258 0.997021 14.4262 0.0591849 0.998015 -0.0215076 -1.74818 -0.995409 0.0606263 0.0740584 91.7936
0.0766251 0.0160388 0.99693 15.2078 0.0607595 0.997937 -0.020725 -1.75864 -0.995206 0.062161 0.0754924 91.9053
0.0808113 0.0148062 0.996619 16.0009 0.0607585 0.997957 -0.0197527 -1.77424 -0.994875 0.0621493 0.0797464 91.968
0.0846661 0.0132046 0.996321 16.8509 0.0578865 0.998158 -0.0181481 -1.78887 -0.994726 0.0592101 0.0837457 92.0556
0.0877205 0.0118497 0.996074 17.6515 0.0575465 0.998199 -0.0169429 -1.81542 -0.994481 0.0588068 0.0868805 92.151
0.0913391 0.01216 0.995745 18.4778 0.0555439 0.998307 -0.0172863 -1.84552 -0.994269 0.0568865 0.0905089 92.2437
0.0946274 0.0171785 0.995364 19.3021 0.0535864 0.998314 -0.0223237 -1.856 -0.994069 0.0554504 0.0935472 92.3204
0.0963691 0.0225119 0.99509 20.1447 0.0483062 0.99846 -0.0272664 -1.87854 -0.994172 0.0506967 0.0951331 92.4091
0.0945272 0.0261192 0.995179 20.9644 0.0451381 0.998515 -0.0304942 -1.90286 -0.994498 0.047803 0.0932077 92.5252
0.0937046 0.0254608 0.995273 21.8232 0.0431075 0.998632 -0.0296053 -1.94085 -0.994666 0.045678 0.0924787 92.6367
0.0918145 0.0232774 0.995503 22.668 0.0403168 0.99882 -0.0270734 -1.98462 -0.994959 0.0426213 0.0907675 92.7584
0.0914599 0.0218291 0.995568 23.5071 0.041368 0.998813 -0.0257006 -2.02007 -0.994949 0.0435353 0.0904482 92.8448
0.0920261 0.0212244 0.995529 24.3414 0.0391269 0.998924 -0.0249136 -2.05385 -0.994987 0.0412447 0.0910965 92.924
0.0919471 0.0209013 0.995543 25.2084 0.0383304 0.998964 -0.0245133 -2.09419 -0.995025 0.0404135 0.0910506 93.0165
0.0911927 0.0218742 0.995592 26.0421 0.0354197 0.999055 -0.0251946 -2.12317 -0.995203 0.0375612 0.0903316 93.1158
0.0897486 0.0234733 0.995687 26.875 0.0328145 0.99911 -0.0265118 -2.15586 -0.995423 0.0350524 0.0888983 93.2007
0.0886291 0.0229587 0.995799 27.7155 0.0303477 0.999208 -0.0257383 -2.18894 -0.995602 0.0325014 0.087862 93.2599
0.0856224 0.023145 0.996058 28.5557 0.0280131 0.999279 -0.0256278 -2.20526 -0.995933 0.030097 0.0849122 93.3247
0.081506 0.0208479 0.996454 29.3852 0.0261891 0.999391 -0.0230515 -2.23634 -0.996328 0.0279751 0.0809102 93.3887
0.0759484 0.018736 0.996935 30.2177 0.0241544 0.999495 -0.0206243 -2.26698 -0.996819 0.0256468 0.0754574 93.4463
0.0682065 0.0193607 0.997482 31.0446 0.0235454 0.999502 -0.0210099 -2.29509 -0.997393 0.0249191 0.0677165 93.5132
0.0596068 0.0205224 0.99801 31.8498 0.0243325 0.999462 -0.0220055 -2.3206 -0.997925 0.0255957 0.0590752 93.5582
0.0504093 0.0212745 0.998501 32.6591 0.0250357 0.999432 -0.0225582 -2.34405 -0.998414 0.0261353 0.0498479 93.5849
0.0405358 0.0202178 0.998972 33.4815 0.026316 0.999427 -0.0212948 -2.37336 -0.998831 0.0271522 0.0399804 93.6107
0.0290842 0.0186813 0.999401 34.2871 0.0247294 0.999506 -0.0194029 -2.40589 -0.99927 0.0252789 0.0286076 93.6418
0.0190484 0.0181355 0.999653 35.092 0.0259176 0.99949 -0.0186264 -2.42819 -0.999482 0.0262634 0.0185684 93.6392
0.00835692 0.0182851 0.999797 35.8979 0.0264233 0.999479 -0.0185001 -2.45727 -0.999615 0.0265725 0.00786921 93.6444
-0.00246342 0.0189545 0.999816 36.6882 0.0269832 0.999457 -0.0188812 -2.48166 -0.999632 0.0269317 -0.00297375 93.6344
-0.0128128 0.0195792 0.999725 37.4739 0.0268059 0.999456 -0.0192304 -2.51243 -0.999558 0.0265521 -0.0133309 93.6223
-0.0227593 0.0201392 0.999537 38.2501 0.0272134 0.999439 -0.0195176 -2.54377 -0.99937 0.0267566 -0.0232948 93.5987
-0.0317984 0.0207992 0.999277 38.9994 0.0274129 0.999425 -0.01993 -2.56925 -0.999118 0.0267594 -0.0323505 93.5636
-0.0424556 0.0205455 0.998886 39.764 0.0284707 0.999407 -0.0193461 -2.60516 -0.998692 0.0276177 -0.0430157 93.5444
-0.0503896 0.0204093 0.99852 40.5237 0.0292677 0.999392 -0.0189502 -2.63727 -0.9983 0.0282695 -0.0509565 93.481
-0.0592314 0.0202303 0.998038 41.2737 0.0307998 0.999355 -0.018429 -2.65773 -0.997768 0.0296478 -0.0598166 93.4373
-0.06569 0.0181958 0.997673 41.9936 0.0324817 0.999343 -0.0160876 -2.69515 -0.997311 0.0313494 -0.0662381 93.3626
-0.0704069 0.015704 0.997394 42.7506 0.0348399 0.999305 -0.0132747 -2.72935 -0.996909 0.0338145 -0.0709053 93.2942
-0.0751068 0.0141437 0.997074 43.4661 0.037533 0.999231 -0.0113471 -2.74672 -0.996468 0.036571 -0.0755801 93.2557
-0.0795752 0.0130789 0.996742 44.1966 0.0392961 0.999178 -0.00997362 -2.76271 -0.996053 0.0383745 -0.080024 93.2267
-0.0822365 0.0124898 0.996534 44.9113 0.0395067 0.999176 -0.00926268 -2.77622 -0.995829 0.0386081 -0.0826624 93.1897
-0.0812486 0.0123298 0.996616 45.608 0.0404608 0.99914 -0.00906246 -2.79914 -0.995872 0.0395876 -0.0816778 93.0875
-0.081854 0.0137322 0.996549 46.2902 0.0410927 0.999101 -0.0103921 -2.80973 -0.995796 0.0401003 -0.082345 93.0647
-0.0792117 0.0165176 0.99672 46.978 0.041904 0.999034 -0.0132258 -2.81205 -0.995976 0.0407189 -0.0798276 93.0201
-0.0749357 0.0173718 0.997036 47.6026 0.0412701 0.999045 -0.014305 -2.82639 -0.996333 0.0400759 -0.0755814 92.9953
-0.0684507 0.0184728 0.997482 48.228 0.0397268 0.999086 -0.0157763 -2.84275 -0.996863 0.0385469 -0.0691222 92.9857
-0.0573286 0.0197743 0.998158 48.844 0.038563 0.999101 -0.0175781 -2.84815 -0.99761 0.0374842 -0.0580399 92.9537
-0.0442349 0.0201492 0.998817 49.4272 0.0379262 0.99911 -0.0184754 -2.86963 -0.9983 0.0370641 -0.0449599 92.9484
-0.0267541 0.0218426 0.999402 49.9938 0.0369338 0.9991 -0.0208473 -2.89064 -0.998959 0.036354 -0.0275369 92.9487
-0.00470892 0.0247246 0.999682 50.5433 0.0348338 0.999092 -0.0245459 -2.90772 -0.999381 0.0347071 -0.00556608 92.945
0.0186903 0.0284891 0.999418 51.0806 0.0325978 0.999045 -0.029088 -2.92406 -0.999293 0.0331225 0.0177436 92.9987
0.0465702 0.0304135 0.998451 51.612 0.0306286 0.999023 -0.0318595 -2.94634 -0.998445 0.0320649 0.045593 93.0561
0.0802232 0.029487 0.99634 52.1464 0.0284344 0.999088 -0.0318578 -2.97537 -0.996371 0.0308861 0.0793115 93.1099
0.118339 0.027353 0.992595 52.675 0.0285381 0.999114 -0.030935 -2.99155 -0.992562 0.0319876 0.117454 93.1944
0.161481 0.0219868 0.98663 53.1966 0.0251046 0.999337 -0.0263788 -3.04067 -0.986556 0.0290286 0.160822 93.2828
0.205854 0.0161898 0.978448 53.7113 0.0221077 0.999531 -0.0211898 -3.08594 -0.978332 0.0259932 0.205399 93.4249
0.25451 0.0134651 0.966975 54.2225 0.0170786 0.999684 -0.0184157 -3.10308 -0.966919 0.0212015 0.2542 93.5792
0.304821 0.0108569 0.952347 54.7118 0.0135416 0.999784 -0.015732 -3.13583 -0.952313 0.0176917 0.304608 93.777
0.359794 0.0111043 0.932965 55.1698 0.0119381 0.999792 -0.0165036 -3.14795 -0.932955 0.0170757 0.359586 93.9772
0.417719 0.0112484 0.908505 55.6122 0.0141851 0.999721 -0.0188999 -3.16996 -0.908465 0.0207821 0.417443 94.2024
0.474978 0.0150096 0.879868 56.015 0.0142039 0.999593 -0.0247196 -3.18611 -0.879882 0.0242388 0.474572 94.4813
0.53119 0.0187504 0.847044 56.39 0.0149604 0.999391 -0.0315046 -3.20009 -0.84712 0.0294071 0.530586 94.7918
0.587171 0.0231168 0.809132 56.7393 0.0107506 0.999281 -0.0363509 -3.21572 -0.809391 0.0300429 0.5865 95.1208
0.641084 0.0268639 0.766999 57.0852 0.00559953 0.999197 -0.0396768 -3.23048 -0.767449 0.029731 0.640419 95.4805
0.691606 0.0285529 0.721709 57.3913 0.00330663 0.999083 -0.0426952 -3.24004 -0.722266 0.0319147 0.690877 95.8511
0.740345 0.0252569 0.671751 57.6959 0.00339238 0.999141 -0.0413052 -3.27425 -0.672217 0.0328589 0.739624 96.223
0.784039 0.021486 0.620338 57.972 0.00108447 0.999352 -0.0359842 -3.29789 -0.620709 0.0288858 0.783508 96.6361
0.824353 0.0164001 0.565837 58.2007 0.00028729 0.999568 -0.0293897 -3.31631 -0.566075 0.0243901 0.823992 97.0407
0.859796 0.0137904 0.51045 58.4161 -0.00230119 0.999729 -0.0231327 -3.33523 -0.510632 0.0187148 0.859595 97.4774
0.888957 0.0111481 0.457853 58.5672 -0.00389236 0.999851 -0.0167876 -3.34598 -0.457972 0.0131413 0.888869 97.9101
0.913224 0.0138237 0.40722 58.7192 -0.00927263 0.99987 -0.0131475 -3.34209 -0.40735 0.00823064 0.913235 98.3922
0.932351 0.0173497 0.361135 58.8509 -0.0144777 0.999838 -0.010657 -3.35029 -0.361262 0.00470766 0.932452 98.8521
0.946137 0.0248039 0.322811 58.9367 -0.023 0.999691 -0.009402 -3.34692 -0.322945 0.00147092 0.946416 99.3594
0.956672 0.030028 0.289614 59.0103 -0.0279341 0.999545 -0.0113618 -3.34641 -0.289824 0.00277936 0.957076 99.8317
0.965325 0.0324803 0.25902 59.1039 -0.0303819 0.999465 -0.0121013 -3.34154 -0.259275 0.00381215 0.965796 100.361
0.97128 0.0276181 0.236329 59.2206 -0.0253903 0.9996 -0.0124657 -3.34584 -0.236579 0.00610718 0.971593 100.838
0.974968 0.0245729 0.22098 59.3212 -0.0226505 0.99968 -0.0112298 -3.3668 -0.221186 0.00594341 0.975213 101.323
0.977133 0.0290498 0.21063 59.3741 -0.0273556 0.999566 -0.0109534 -3.38432 -0.210857 0.00494102 0.977504 101.86
0.979035 0.0347211 0.200706 59.4634 -0.0333538 0.999391 -0.0101911 -3.3927 -0.200938 0.0032831 0.979598 102.385
0.979825 0.0425016 0.195279 59.5432 -0.041016 0.99909 -0.0116471 -3.39426 -0.195597 0.00340256 0.980678 102.915
0.979545 0.0486881 0.195242 59.5928 -0.0466944 0.998799 -0.0148041 -3.41279 -0.195728 0.00538462 0.980643 103.478
0.979657 0.0506593 0.194177 59.7003 -0.0483764 0.998693 -0.0164842 -3.4425 -0.194758 0.00675526 0.980828 104.005
0.979449 0.0490689 0.195628 59.8268 -0.0459916 0.998736 -0.020245 -3.45628 -0.196375 0.0108316 0.980469 104.541
0.979042 0.0469773 0.198162 59.9655 -0.0422529 0.998714 -0.028005 -3.45178 -0.199224 0.0190451 0.979769 105.09
0.978613 0.0471989 0.200218 60.1167 -0.0411917 0.99857 -0.0340663 -3.44773 -0.20154 0.0250904 0.979158 105.649
0.97734 0.051996 0.205185 60.2234 -0.0462254 0.998391 -0.032821 -3.48161 -0.206562 0.0225925 0.978172 106.244
0.975803 0.0553181 0.211532 60.333 -0.0504212 0.998322 -0.0284784 -3.50719 -0.212753 0.0171236 0.976955 106.858
0.975582 0.0517247 0.213452 60.5125 -0.047399 0.998554 -0.0253375 -3.51415 -0.214454 0.0146014 0.976624 107.458
0.975637 0.0462557 0.214453 60.6997 -0.042641 0.99886 -0.0214538 -3.51694 -0.215202 0.0117866 0.976498 108.092
0.974576 0.0440349 0.219681 60.8204 -0.0413138 0.999002 -0.0169681 -3.53491 -0.22021 0.00746081 0.975424 108.735
0.974108 0.0391172 0.222669 60.9678 -0.0367366 0.999215 -0.0148252 -3.56749 -0.223074 0.00626129 0.974781 109.363
0.974289 0.0357229 0.222447 61.1297 -0.0326082 0.999312 -0.0176605 -3.59026 -0.222925 0.00995283 0.974784 110.025
0.974463 0.0346629 0.221854 61.2764 -0.0302268 0.99927 -0.0233611 -3.62559 -0.222502 0.0160586 0.974799 110.676
0.974374 0.0379809 0.221698 61.4112 -0.0319767 0.99902 -0.0306108 -3.63583 -0.222643 0.0227372 0.974634 111.359
0.97496 0.040516 0.218652 61.579 -0.0339506 0.998855 -0.033702 -3.66155 -0.219768 0.0254348 0.97522 112.071
0.975427 0.039174 0.216808 61.7123 -0.03363 0.999007 -0.0292033 -3.69081 -0.217737 0.0211944 0.975777 112.785
0.975894 0.0351638 0.215388 61.875 -0.0311829 0.999275 -0.0218542 -3.70943 -0.216001 0.014611 0.976283 113.515
0.976721 0.0357591 0.21151 62.051 -0.0330649 0.999321 -0.0162621 -3.7342 -0.211948 0.00888993 0.97724 114.258
0.976905 0.0394839 0.209989 62.1978 -0.0368129 0.999184 -0.0166146 -3.76046 -0.210474 0.00850054 0.977562 115.001
0.9771 0.0466836 0.207592 62.3431 -0.0428779 0.99882 -0.0227972 -3.75649 -0.208412 0.013374 0.977949 115.742
0.978009 0.0480031 0.202957 62.5087 -0.0430654 0.99866 -0.0286781 -3.76416 -0.204062 0.019307 0.978767 116.517
0.979124 0.0465933 0.197849 62.6737 -0.0411879 0.998659 -0.0313511 -3.79269 -0.199045 0.0225476 0.97973 117.27
0.98012 0.044 0.193463 62.8323 -0.0389274 0.998793 -0.0299456 -3.81798 -0.194547 0.0218193 0.98065 118.06
0.981054 0.0400257 0.189549 62.9921 -0.0353354 0.998981 -0.028061 -3.84692 -0.19048 0.0208316 0.98147 118.87
0.981619 0.0389477 0.186832 63.163 -0.0347736 0.999068 -0.0255683 -3.87441 -0.187654 0.0186015 0.982059 119.706
0.982087 0.0353742 0.185072 63.327 -0.0315918 0.999228 -0.0233475 -3.89907 -0.185755 0.0170825 0.982447 120.524
0.98243 0.030303 0.184152 63.4952 -0.0267944 0.999409 -0.0215122 -3.9353 -0.184695 0.0162 0.982662 121.368
0.982847 0.0306059 0.18186 63.6709 -0.0274429 0.999425 -0.0198842 -3.96237 -0.182364 0.0145524 0.983123 122.171
0.982329 0.0365606 0.18355 63.7893 -0.0330063 0.999204 -0.022383 -3.98165 -0.184223 0.0159292 0.982755 123.008
0.981913 0.0423477 0.184531 63.9254 -0.0381421 0.998926 -0.0262833 -3.9991 -0.185447 0.0187695 0.982474 123.886
0.981265 0.0513274 0.185698 64.0611 -0.046864 0.998499 -0.0283493 -4.01861 -0.186874 0.0191157 0.982197 124.739
0.980442 0.0570097 0.188365 64.2127 -0.0526703 0.99822 -0.0279674 -4.04442 -0.189624 0.0174992 0.9817 125.591
0.979658 0.059552 0.19163 64.3651 -0.0554615 0.998105 -0.0266446 -4.06813 -0.192854 0.0154745 0.981105 126.483
0.97925 0.0599375 0.193587 64.5299 -0.0556499 0.998071 -0.027516 -4.09567 -0.194864 0.0161719 0.980696 127.257
0.978698 0.0590011 0.196641 64.6761 -0.0541072 0.998079 -0.0301726 -4.12918 -0.198044 0.0188901 0.98001 128.16
0.979339 0.0530941 0.195126 64.899 -0.0486572 0.998438 -0.0274658 -4.18585 -0.19628 0.017404 0.980393 128.971
0.979206 0.046932 0.197363 65.047 -0.041999 0.998693 -0.0291092 -4.21849 -0.198471 0.0202149 0.979898 129.864
0.978771 0.0470023 0.199489 65.211 -0.0417515 0.998664 -0.0304492 -4.24019 -0.200654 0.0214738 0.979426 130.752
0.978695 0.0484899 0.199506 65.4017 -0.0437814 0.99865 -0.0279482 -4.27009 -0.200593 0.0186181 0.979497 131.586
0.978415 0.0511319 0.200221 65.5744 -0.0477586 0.998624 -0.0216453 -4.31181 -0.201053 0.0116158 0.979511 132.45
0.978306 0.0539605 0.200012 65.7594 -0.0516454 0.998524 -0.0167783 -4.35231 -0.200623 0.00608459 0.979649 133.284
0.978331 0.0525145 0.200274 65.9362 -0.048981 0.998545 -0.0225614 -4.39532 -0.201168 0.0122629 0.979479 134.151
0.978945 0.0473585 0.198548 66.1244 -0.04096 0.998504 -0.0362132 -4.43756 -0.199967 0.0273183 0.979421 134.98
0.979485 0.0452157 0.196376 66.3242 -0.0370213 0.998291 -0.0452022 -4.47297 -0.198085 0.0370047 0.979486 135.843
0.979921 0.0421321 0.194877 66.4961 -0.0356914 0.998698 -0.0364458 -4.50388 -0.19616 0.0287586 0.98015 136.675
0.980386 0.0374422 0.193492 66.6718 -0.0350142 0.999259 -0.0159544 -4.53483 -0.193946 0.00886655 0.980971 137.56
0.981029 0.0325256 0.191107 66.8571 -0.0329076 0.999458 -0.00117541 -4.56603 -0.191042 -0.00513578 0.981568 138.413
0.981169 0.0370182 0.189564 67.0191 -0.0363671 0.999314 -0.00691357 -4.58828 -0.189691 -0.000110524 0.981843 139.257
0.981308 0.0452787 0.187039 67.1677 -0.0416104 0.998857 -0.0234942 -4.60148 -0.18789 0.0152723 0.982071 140.083
0.981469 0.0434054 0.186636 67.3023 -0.037928 0.998741 -0.0328208 -4.59747 -0.187827 0.0251339 0.98188 140.929
0.98211 0.039351 0.184144 67.466 -0.0337562 0.998871 -0.0334213 -4.63823 -0.185252 0.0266075 0.98233 141.748
0.982611 0.0385997 0.181617 67.6111 -0.0332472 0.998921 -0.0324253 -4.67414 -0.182674 0.0258231 0.982834 142.599
0.983165 0.0381045 0.178698 67.7457 -0.0326319 0.998907 -0.0334662 -4.71177 -0.179778 0.0270715 0.983334 143.443
0.984026 0.0395265 0.173576 67.8871 -0.0339167 0.998806 -0.0351678 -4.74405 -0.17476 0.0287189 0.984192 144.236
0.98441 0.0447891 0.170086 68.0245 -0.0394447 0.99862 -0.0346743 -4.78549 -0.171404 0.0274248 0.984818 145.05
0.984635 0.0497982 0.16737 68.1556 -0.0444623 0.998381 -0.0354809 -4.81649 -0.168866 0.0274941 0.985255 145.885
0.98495 0.0508133 0.165195 68.2918 -0.0459302 0.998391 -0.033249 -4.85723 -0.166619 0.0251612 0.9857 146.675
0.985234 0.0491842 0.16399 68.4202 -0.0450643 0.99857 -0.0287517 -4.89371 -0.16517 0.020937 0.986042 147.495
0.985597 0.0482147 0.162088 68.5539 -0.0441259 0.998613 -0.0287339 -4.93004 -0.163249 0.0211677 0.986357 148.315
0.98618 0.0457784 0.159221 68.6858 -0.0411267 0.998629 -0.0323908 -4.9635 -0.160486 0.0253949 0.986711 149.14
0.987195 0.0409718 0.154163 68.8164 -0.0358129 0.998706 -0.0360945 -4.99691 -0.155443 0.0301113 0.987385 149.953
0.988397 0.0377855 0.147115 68.939 -0.0325689 0.998758 -0.0377088 -5.02058 -0.148357 0.0324799 0.9884 150.761
0.989448 0.0365604 0.140196 69.0566 -0.0323591 0.99896 -0.0321317 -5.05486 -0.141225 0.0272561 0.989602 151.563
0.990566 0.0341038 0.13272 69.1873 -0.0311067 0.999213 -0.0245912 -5.0754 -0.133455 0.0202308 0.990848 152.381
0.991097 0.0311594 0.129436 69.2849 -0.029278 0.999436 -0.0164133 -5.08319 -0.129875 0.0124775 0.991451 153.22
0.991318 0.0381741 0.125819 69.3605 -0.0366508 0.999224 -0.0144004 -5.10057 -0.126272 0.00966399 0.991948 154.047
0.991796 0.0412371 0.120994 69.4537 -0.0390487 0.999029 -0.0204043 -5.10708 -0.121718 0.0155123 0.992443 154.905
0.992565 0.0414402 0.114438 69.5249 -0.0382006 0.998809 -0.0303595 -5.13997 -0.11556 0.0257622 0.992966 155.716
0.993257 0.038207 0.109449 69.5789 -0.0344624 0.998761 -0.0359039 -5.16142 -0.110686 0.0318899 0.993343 156.525
0.994072 0.0375557 0.102025 69.6677 -0.0341323 0.998801 -0.0350963 -5.19064 -0.103221 0.0314059 0.994162 157.354
0.994677 0.0442967 0.0930303 69.7518 -0.0414558 0.99862 -0.032253 -5.22055 -0.094331 0.0282246 0.99514 158.176
0.995193 0.0501662 0.0840915 69.8209 -0.0474294 0.998288 -0.0342348 -5.25223 -0.0856653 0.0300818 0.995869 159.031
0.99594 0.0524399 0.0731525 69.8822 -0.0496135 0.99797 -0.0399352 -5.28859 -0.0750986 0.0361437 0.99652 159.861
0.996637 0.0508849 0.0642101 69.9382 -0.0482263 0.99794 -0.0422976 -5.32795 -0.0662306 0.0390588 0.997039 160.722
0.99706 0.0515283 0.0566872 69.9692 -0.0493278 0.997999 -0.0395577 -5.36235 -0.0586125 0.0366452 0.997607 161.569
0.997204 0.055071 0.0504915 69.9756 -0.0533873 0.997991 -0.0341106 -5.38304 -0.0522689 0.0313196 0.998141 162.402
0.997325 0.0589367 0.0432183 69.9937 -0.0576983 0.997902 -0.0293645 -5.40726 -0.0448587 0.0267923 0.998633 163.266
0.997644 0.0583028 0.0361194 70.0105 -0.0573441 0.997989 -0.0270357 -5.4306 -0.0376234 0.0249008 0.998981 164.106
0.997825 0.0591444 0.0290768 70.0379 -0.058428 0.997981 -0.0249022 -5.46458 -0.0304913 0.0231491 0.999266 164.957
0.997985 0.0581442 0.0253434 70.0505 -0.0574311 0.997957 -0.0280147 -5.48309 -0.0269209 0.0265028 0.999285 165.785
0.99783 0.0627773 0.0198123 70.0693 -0.0620777 0.997487 -0.0341479 -5.50783 -0.0219066 0.0328439 0.99922 166.633
0.997494 0.0689065 0.0160116 70.0642 -0.0681714 0.996762 -0.0426442 -5.52767 -0.0188986 0.0414458 0.998961 167.455
0.99753 0.0691853 0.0120543 70.0726 -0.0685834 0.996643 -0.0447149 -5.56585 -0.0151078 0.0437777 0.998926 168.316
0.997402 0.0713163 0.0100924 70.0583 -0.0708775 0.996736 -0.0386564 -5.60656 -0.0128167 0.0378406 0.999201 169.15
0.997266 0.0734461 0.00800511 70.0609 -0.0731917 0.996912 -0.0284471 -5.64043 -0.0100701 0.0277834 0.999563 170.018
0.99722 0.0743992 0.00399541 70.0644 -0.0742989 0.997011 -0.0211718 -5.67641 -0.00555903 0.020816 0.999767 170.855
0.997523 0.0703274 -0.000811864 70.0553 -0.0703259 0.997215 -0.0248224 -5.70495 -0.000936485 0.024818 0.999691 171.703
0.998381 0.0564473 -0.00687895 70.0699 -0.0566586 0.99775 -0.0358429 -5.72795 0.00483985 0.0361746 0.999333 172.497
0.998459 0.0534859 -0.0147441 70.0624 -0.0540572 0.997674 -0.0415359 -5.74424 0.0124879 0.0422689 0.999027 173.33
0.998088 0.0580195 -0.0212461 70.0247 -0.0588219 0.997494 -0.0393194 -5.79772 0.0189111 0.0404939 0.999 174.16
0.998023 0.0569228 -0.0266226 69.9621 -0.0577717 0.997808 -0.032281 -5.84848 0.0247263 0.0337552 0.999123 175.003
0.998012 0.0525932 -0.0347065 69.9555 -0.0535433 0.9982 -0.0270367 -5.90268 0.0332217 0.0288412 0.999031 175.82
0.998247 0.044154 -0.0393886 69.9169 -0.0450431 0.998743 -0.0219762 -5.94772 0.0383684 0.0237119 0.998981 176.647
0.998172 0.0394822 -0.0457324 69.8717 -0.0405401 0.998926 -0.0224389 -5.9737 0.044797 0.0242519 0.998701 177.533
0.998009 0.0358059 -0.0519092 69.8163 -0.0373997 0.998848 -0.0300625 -5.99823 0.0507726 0.031944 0.998198 178.39
0.997881 0.0266373 -0.0593576 69.764 -0.0290558 0.998767 -0.0402614 -6.0315 0.0582116 0.0419007 0.997424 179.244
0.997543 0.0143467 -0.068567 69.7817 -0.0174311 0.998853 -0.0445999 -6.05899 0.0678481 0.0456855 0.996648 180.048
0.997118 0.0187561 -0.0735063 69.6756 -0.0215284 0.99908 -0.0371056 -6.09797 0.0727423 0.0385812 0.996603 180.948
0.996518 0.0303782 -0.0776376 69.5593 -0.0322776 0.999207 -0.0233268 -6.13959 0.076867 0.0257516 0.996708 181.853
0.995957 0.0368575 -0.0819077 69.4773 -0.0382781 0.999142 -0.0158419 -6.17251 0.0812531 0.0189131 0.996513 182.696
0.995658 0.0365741 -0.0855969 69.3976 -0.0382724 0.9991 -0.0182832 -6.21022 0.0848508 0.0214799 0.996161 183.545
0.995431 0.0375535 -0.087775 69.3106 -0.0402777 0.998754 -0.029473 -6.23251 0.0865584 0.0328738 0.995703 184.392
0.994733 0.0475356 -0.0908034 69.2033 -0.0511659 0.997964 -0.0380771 -6.2721 0.0888081 0.0425225 0.99514 185.254
0.994597 0.0455053 -0.0932919 69.1216 -0.0496508 0.997858 -0.0426054 -6.29873 0.0911529 0.0470072 0.994726 186.106
0.994638 0.0403422 -0.0952127 69.0504 -0.0441266 0.998304 -0.0379809 -6.33715 0.0935186 0.0419787 0.994731 186.952
0.994594 0.0404292 -0.0956395 68.977 -0.0433983 0.998632 -0.0291692 -6.37869 0.0943289 0.0331621 0.994988 187.834
0.994589 0.0439829 -0.0941044 68.8694 -0.0463223 0.998666 -0.0228197 -6.43362 0.0929747 0.0270554 0.9953 188.687
0.994364 0.0435853 -0.0966335 68.7859 -0.0461648 0.998631 -0.0246191 -6.45536 0.0954277 0.0289414 0.995015 189.576
0.994231 0.0411685 -0.0990338 68.7 -0.0445854 0.998476 -0.0325389 -6.51086 0.0975428 0.0367667 0.994551 190.431
0.994175 0.0288169 -0.103843 68.6573 -0.0336742 0.998405 -0.045329 -6.52888 0.10237 0.0485618 0.99356 191.29
0.994098 0.0159577 -0.107299 68.5967 -0.0214196 0.998523 -0.0499447 -6.55563 0.106343 0.0519482 0.992971 192.15
0.993901 0.0188356 -0.108649 68.4836 -0.0238943 0.998681 -0.0454478 -6.60466 0.107649 0.0477667 0.99304 193.071
0.993541 0.0254791 -0.110571 68.3903 -0.0294913 0.998959 -0.0348025 -6.65106 0.109569 0.0378386 0.993258 193.926
0.993257 0.0264402 -0.112868 68.3001 -0.0301774 0.999047 -0.0315316 -6.69469 0.111926 0.0347251 0.993109 194.781
0.993059 0.0247072 -0.114989 68.2166 -0.0289864 0.998943 -0.0356909 -6.73259 0.113985 0.0387763 0.992725 195.638
0.992925 0.0242329 -0.116232 68.1294 -0.0292713 0.998696 -0.0418382 -6.77243 0.115066 0.0449444 0.99234 196.485
0.99275 0.0309856 -0.116123 68.007 -0.0360919 0.99846 -0.0421306 -6.81503 0.114639 0.0460163 0.99234 197.341
0.992601 0.0325399 -0.116974 67.8996 -0.0374312 0.998504 -0.0398643 -6.85427 0.115501 0.0439478 0.992334 198.182
0.992374 0.0363241 -0.117783 67.7851 -0.0408365 0.998513 -0.0361257 -6.90714 0.116295 0.04066 0.992381 199.029
0.992229 0.039927 -0.117838 67.674 -0.0442675 0.998426 -0.034448 -6.93746 0.116277 0.0393967 0.992434 199.865
0.991856 0.0427157 -0.119982 67.575 -0.0472316 0.998269 -0.0350487 -6.97468 0.118277 0.0404302 0.992157 200.697
0.991838 0.0413672 -0.120605 67.4756 -0.0464188 0.998146 -0.0393796 -7.01763 0.118752 0.0446565 0.991919 201.508
0.991407 0.0435065 -0.123364 67.3792 -0.0493288 0.997789 -0.0445395 -7.05994 0.121153 0.0502421 0.991361 202.33
0.991216 0.0449238 -0.124385 67.2696 -0.0508252 0.997708 -0.0446829 -7.09498 0.122092 0.0506122 0.991227 203.136
0.991159 0.0462988 -0.124334 67.1411 -0.0512334 0.998009 -0.0367864 -7.11577 0.122383 0.0428312 0.991557 203.939
0.99082 0.0458936 -0.127151 67.0554 -0.0497436 0.99839 -0.0272691 -7.16482 0.125695 0.0333437 0.991508 204.779
