1 0 0 0 0 1 0 0 0 0 1 0
0.999999 0.00107633 0.000484301 -0.0630836 -0.00107511 0.999996 -0.00250865 0.0142999 -0.000486999 0.00250813 0.999997 -0.04149
0.999972 -0.000539874 -0.00752756 -0.0645242 0.000511045 0.999993 -0.00383128 -0.00403039 0.00752957 0.00382733 0.999964 -0.117617
0.999759 0.00228124 -0.0218198 -0.0639156 -0.00238587 0.999986 -0.00477003 -0.0106991 0.0218086 0.00482094 0.999751 -0.194766
0.999497 0.00368761 -0.0314942 -0.0613991 -0.00391922 0.999966 -0.00729576 0.00499198 0.0314662 0.00741553 0.999477 -0.237328
0.99957 0.000675372 -0.0293277 -0.0941894 -0.000974521 0.999948 -0.0101871 0.0459698 0.0293193 0.0102113 0.999518 -0.185383
0.999778 -0.0014174 -0.0210116 -0.194084 0.00112918 0.999905 -0.0137229 0.0739238 0.021029 0.0136961 0.999685 -0.174759
0.999776 -0.00356638 -0.0208716 -0.277683 0.00328102 0.999901 -0.0136908 0.061182 0.0209184 0.0136193 0.999688 -0.220482
0.999945 -0.0048693 -0.00923643 -0.365492 0.00473009 0.999876 -0.0150342 0.0625791 0.00930849 0.0149897 0.999844 -0.100934
0.999994 -0.0032695 -0.000814049 -0.4524 0.00325716 0.999886 -0.0147266 0.0552114 0.000862103 0.0147238 0.999891 -0.105481
0.999806 -0.0020261 0.0196137 -0.581328 0.00230793 0.999894 -0.0143572 0.0650781 -0.0195826 0.0143997 0.999705 -0.0484191
0.999539 0.000867787 0.030355 -0.584682 -0.000554114 0.999946 -0.0103404 0.0372574 -0.0303623 0.0103188 0.999486 0.0198891
0.998263 0.0029187 0.0588461 -0.62735 -0.00240135 0.999958 -0.00886038 0.0180065 -0.0588695 0.00870368 0.998228 -0.00804478
0.997033 0.00587381 0.0767468 -0.748253 -0.0055031 0.999972 -0.00504084 -0.0138353 -0.0767743 0.00460354 0.997038 0.0966288
0.992344 0.00512085 0.123401 -1.00894 -0.00444882 0.999974 -0.00572085 0.00484332 -0.123427 0.00512806 0.992341 0.295857
0.984379 0.00542941 0.175981 -1.19906 -0.00371967 0.999942 -0.0100439 0.0468612 -0.176025 0.00923244 0.984342 0.532839
0.973359 0.00361499 0.229259 -1.35595 -0.00062836 0.999914 -0.013099 0.0925868 -0.229287 0.012606 0.973277 0.822597
0.960435 0.00405454 0.278476 -1.43426 0.000676241 0.999857 -0.01689 0.142023 -0.278504 0.01641 0.960295 1.05322
0.94525 0.00151888 0.326342 -1.37792 0.00593385 0.999744 -0.0218405 0.176866 -0.326292 0.0225812 0.944999 1.26378
0.932179 -0.00249992 0.361988 -1.25766 0.0139075 0.999485 -0.0289116 0.256018 -0.361729 0.0319852 0.931734 1.34936
0.916704 0.00164079 0.399563 -1.12443 0.0129442 0.999345 -0.0338011 0.295029 -0.399357 0.0361576 0.916082 1.39689
0.897566 -0.000494573 0.440879 -0.964656 0.022003 0.998803 -0.0436744 0.383232 -0.44033 0.0489014 0.896503 1.53382
0.882757 -0.00436615 0.469809 -0.959827 0.0318491 0.998213 -0.0505666 0.39694 -0.468748 0.0596011 0.881319 1.76402
0.870911 -0.0061686 0.491403 -1.06031 0.0368569 0.997925 -0.0527943 0.41733 -0.490057 0.0640907 0.869331 1.84945
0.858634 -0.0107948 0.512475 -1.1492 0.0442206 0.997611 -0.0530763 0.422809 -0.510677 0.0682351 0.85706 1.91361
0.845666 -0.0147665 0.533508 -1.26408 0.0512815 0.99724 -0.0536848 0.425919 -0.531243 0.0727585 0.844089 1.96838
0.834911 -0.0160276 0.550152 -1.40596 0.0570539 0.996711 -0.0575478 0.450826 -0.54742 0.0794356 0.833079 1.97743
0.82403 -0.0180838 0.566257 -1.55763 0.0616093 0.996423 -0.0578337 0.472115 -0.563186 0.0825434 0.822197 1.98489
0.813812 -0.0199576 0.580785 -1.64853 0.0644329 0.996347 -0.0560476 0.470014 -0.577544 0.0830339 0.812126 2.01952
0.799781 -0.0217542 0.599898 -1.67414 0.0697324 0.995944 -0.0568507 0.476852 -0.596228 0.0873005 0.798054 2.17806
0.79196 -0.0194481 0.610263 -1.78266 0.0682365 0.99605 -0.0568104 0.465827 -0.606748 0.0866338 0.790159 2.25845
0.776991 -0.0187272 0.629233 -1.87473 0.0703966 0.995873 -0.0572882 0.450644 -0.625563 0.0888083 0.775102 2.34393
0.767446 -0.0198804 0.640805 -2.03865 0.0721602 0.995846 -0.0555257 0.426763 -0.63704 0.0888536 0.765693 2.40691
0.755207 -0.0214553 0.655135 -2.261 0.0741304 0.995848 -0.0528404 0.405273 -0.651281 0.0884708 0.753662 2.59117
0.736748 -0.0201891 0.675865 -2.51768 0.0734363 0.996031 -0.0502986 0.387058 -0.672167 0.0866905 0.735307 2.63887
0.717966 -0.0203698 0.69578 -2.75815 0.074819 0.996039 -0.0480443 0.376233 -0.692046 0.0865518 0.716646 2.74879
0.701605 -0.019942 0.712287 -2.99964 0.0757484 0.996032 -0.0467264 0.360807 -0.708528 0.0867381 0.700331 2.83408
0.689174 -0.0200537 0.724318 -3.24926 0.0765669 0.996036 -0.0452753 0.34156 -0.720539 0.0866614 0.687978 2.8343
0.674828 -0.0236134 0.737597 -3.48024 0.0815633 0.995751 -0.0427444 0.32511 -0.733454 0.089006 0.673887 2.84059
0.662415 -0.0287813 0.748584 -3.70442 0.0890077 0.995207 -0.0404986 0.322604 -0.743831 0.0934567 0.661802 2.80816
0.652211 -0.0329871 0.75732 -3.88339 0.0952351 0.994703 -0.0386903 0.327002 -0.752032 0.0973577 0.651897 2.73362
0.642054 -0.0355573 0.765834 -4.05501 0.0996693 0.994318 -0.0373942 0.328126 -0.760153 0.100339 0.641949 2.6665
0.633217 -0.0358664 0.773143 -4.22465 0.101446 0.994154 -0.0369671 0.338645 -0.767297 0.101841 0.633153 2.64187
0.621109 -0.0391608 0.782745 -4.25369 0.105799 0.993798 -0.0342318 0.34657 -0.77655 0.104075 0.6214 2.71982
0.616753 -0.0392707 0.786177 -4.23137 0.104933 0.993942 -0.032671 0.334318 -0.780131 0.102646 0.617137 2.75305
0.617666 -0.0350882 0.785657 -4.27269 0.101521 0.994203 -0.0354116 0.333662 -0.77986 0.101633 0.617648 2.68045
0.616461 -0.0344674 0.786631 -4.36456 0.102444 0.994061 -0.0367263 0.333362 -0.780693 0.103226 0.61633 2.57335
0.616562 -0.0362697 0.78647 -4.42635 0.104876 0.993819 -0.0363869 0.321991 -0.78029 0.104917 0.616555 2.41177
0.616703 -0.037212 0.786315 -4.41698 0.105105 0.993831 -0.0354009 0.311669 -0.780147 0.104478 0.61681 2.38666
0.616156 -0.0372071 0.786745 -4.39581 0.104607 0.9939 -0.0349209 0.304871 -0.780647 0.103816 0.61629 2.35344
0.617969 -0.0388652 0.785241 -4.39018 0.105864 0.993795 -0.0341255 0.294588 -0.779043 0.104218 0.618248 2.34714
0.620369 -0.0386045 0.783359 -4.36397 0.105931 0.99376 -0.0349174 0.287119 -0.777123 0.104644 0.620588 2.269
0.620616 -0.0384543 0.783171 -4.40408 0.106519 0.993672 -0.03562 0.292925 -0.776846 0.105529 0.620785 2.22123
0.617017 -0.0803323 0.782838 -4.30647 0.149749 0.988585 -0.0165841 0.377 -0.77257 0.127462 0.622004 2.22628
0.610335 -0.117868 0.783325 -4.16776 0.200045 0.97975 -0.00844248 0.622337 -0.766468 0.161853 0.621555 2.21287
0.602369 -0.148729 0.784239 -4.11511 0.246302 0.969178 -0.00538046 0.916039 -0.759268 0.196401 0.620435 2.307
0.59656 -0.182533 0.781536 -4.0703 0.298433 0.954418 -0.00488866 1.23673 -0.74502 0.236153 0.623841 2.34475
0.592878 -0.200034 0.780052 -4.00719 0.331842 0.943278 -0.0103252 1.53679 -0.733741 0.264976 0.625629 2.31324
0.597777 -0.216713 0.771815 -3.93276 0.362879 0.931633 -0.0194653 1.82766 -0.71483 0.291712 0.635549 2.23998
0.610667 -0.210451 0.763411 -3.73771 0.360893 0.932067 -0.0317404 1.93911 -0.704871 0.294893 0.645132 2.27702
0.618256 -0.207713 0.758033 -3.44122 0.358466 0.932819 -0.0367597 1.94502 -0.699473 0.294457 0.651179 2.45051
0.622168 -0.208053 0.754733 -3.08472 0.359021 0.932518 -0.0388987 1.9419 -0.69571 0.295167 0.654878 2.73483
0.626662 -0.207433 0.751176 -2.62234 0.356732 0.933356 -0.0398592 1.92017 -0.692847 0.292947 0.658897 3.10344
0.629697 -0.208422 0.74836 -2.1287 0.358182 0.932724 -0.0416183 1.89676 -0.689339 0.294256 0.661986 3.49462
0.63369 -0.209902 0.744565 -1.63104 0.358917 0.932396 -0.0426162 1.86637 -0.685285 0.294243 0.666188 3.91355
0.639806 -0.211125 0.738969 -1.12187 0.359948 0.931867 -0.0454103 1.84319 -0.679033 0.295044 0.672208 4.35627
0.644182 -0.21191 0.734931 -0.499511 0.361653 0.931048 -0.0485383 1.83255 -0.673971 0.297058 0.676402 4.86149
0.664673 -0.219118 0.714281 0.374555 0.364083 0.929825 -0.0535573 1.84048 -0.652422 0.295656 0.697806 5.34868
0.68117 -0.22295 0.697353 1.64954 0.364944 0.929131 -0.0594234 1.86248 -0.634684 0.294972 0.71426 6.12248
0.694853 -0.22407 0.683354 2.82602 0.365871 0.928202 -0.0676713 1.84916 -0.619128 0.297041 0.726944 7.00195
0.704549 -0.225665 0.67282 3.95202 0.368035 0.92682 -0.0745334 1.77422 -0.606763 0.300134 0.736042 7.99198
0.71221 -0.226002 0.66459 5.1836 0.367353 0.926761 -0.0785185 1.68864 -0.598172 0.300061 0.743071 9.12014
0.717025 -0.228089 0.658673 6.25834 0.368549 0.926116 -0.0804981 1.53793 -0.591648 0.300473 0.748111 10.2643
0.720924 -0.228882 0.654127 7.2962 0.366973 0.926771 -0.0801655 1.38631 -0.587878 0.29784 0.752125 11.4493
0.723524 -0.230543 0.650663 8.38392 0.367817 0.926384 -0.0807675 1.23621 -0.584144 0.297762 0.755059 12.6823
0.723973 -0.231795 0.649718 9.56226 0.368898 0.925959 -0.0807117 1.07831 -0.582904 0.298113 0.755878 14.0356
0.723848 -0.231114 0.6501 10.7568 0.369137 0.925759 -0.0818994 0.922944 -0.582908 0.299259 0.755422 15.4457
0.722933 -0.229756 0.651598 11.9665 0.368087 0.926186 -0.081807 0.751711 -0.584705 0.298986 0.754141 16.8917
0.721928 -0.22838 0.653194 13.1583 0.367391 0.926433 -0.0821373 0.582823 -0.586382 0.299275 0.752723 18.3162
0.721523 -0.22719 0.654055 14.3336 0.366494 0.926766 -0.0823813 0.414118 -0.58744 0.299148 0.751947 19.707
0.720981 -0.226529 0.654882 15.5872 0.364871 0.92754 -0.0808555 0.248135 -0.589114 0.297243 0.751393 21.1577
0.720764 -0.226792 0.65503 16.7881 0.365341 0.927349 -0.0809269 0.0883996 -0.589088 0.297639 0.751257 22.5479
0.720514 -0.224731 0.656015 18.0225 0.362752 0.928414 -0.0803704 -0.0775472 -0.590991 0.295878 0.750457 24.0173
0.719606 -0.223921 0.657287 19.291 0.362774 0.928359 -0.0809013 -0.239252 -0.592083 0.296664 0.749285 25.472
0.719734 -0.221884 0.657838 20.4668 0.359888 0.92954 -0.0802232 -0.420105 -0.593687 0.294487 0.748875 26.8509
0.717547 -0.221876 0.660225 21.7495 0.360529 0.929353 -0.0795123 -0.5866 -0.595941 0.295084 0.746847 28.3139
0.715591 -0.220974 0.662646 23.0331 0.358744 0.930238 -0.0771989 -0.757141 -0.59936 0.292963 0.744943 29.7728
0.712656 -0.219976 0.666132 24.3459 0.358042 0.93063 -0.0757279 -0.91363 -0.603264 0.292471 0.741979 31.2381
0.710524 -0.218306 0.668953 25.6558 0.35693 0.931095 -0.0752564 -1.07832 -0.60643 0.292241 0.739485 32.7057
0.707285 -0.216811 0.67286 26.9872 0.35708 0.93103 -0.0753499 -1.23473 -0.610116 0.293559 0.735922 34.1941
0.704295 -0.215509 0.676405 28.3038 0.357062 0.931054 -0.0751425 -1.41193 -0.613576 0.294441 0.732686 35.6516
0.700824 -0.21364 0.680591 29.6928 0.355971 0.931552 -0.0741362 -1.57161 -0.618167 0.294227 0.728903 37.1709
0.698221 -0.211995 0.683773 30.9474 0.354488 0.93221 -0.0729585 -1.74132 -0.621953 0.293331 0.726038 38.5991
0.694829 -0.210413 0.687706 32.3296 0.352819 0.932993 -0.071011 -1.90059 -0.626683 0.291976 0.722508 40.0983
0.690296 -0.209894 0.692413 33.7265 0.352644 0.933235 -0.0686712 -2.06481 -0.63177 0.291579 0.718226 41.6182
0.685411 -0.209577 0.697344 35.0787 0.352507 0.933484 -0.0659289 -2.2347 -0.637143 0.291007 0.713697 43.1128
0.680662 -0.208597 0.702272 36.4961 0.353034 0.933355 -0.0649337 -2.39599 -0.641924 0.292124 0.708941 44.6014
0.679246 -0.208974 0.70353 37.9663 0.353044 0.933443 -0.0635915 -2.55268 -0.643417 0.291572 0.707814 46.0181
0.673304 -0.20904 0.7092 39.4033 0.353871 0.933312 -0.0608623 -2.6992 -0.649182 0.291944 0.702375 47.5049
0.668372 -0.207966 0.714163 40.8532 0.353153 0.933728 -0.0586056 -2.84443 -0.654646 0.291379 0.697522 48.9675
0.665306 -0.206623 0.717408 42.3135 0.353222 0.9337 -0.0586508 -2.97028 -0.657725 0.292425 0.69418 50.3771
0.662643 -0.205572 0.720169 43.8437 0.352744 0.933922 -0.0579805 -3.08966 -0.660663 0.292456 0.691371 51.8258
0.659054 -0.207075 0.723026 45.4596 0.354327 0.933465 -0.055632 -3.21352 -0.6634 0.292853 0.688577 53.3471
0.655578 -0.208947 0.725643 46.9334 0.357283 0.932416 -0.0542986 -3.34904 -0.665257 0.294857 0.685925 54.7786
0.654564 -0.209149 0.7265 48.4817 0.358396 0.931971 -0.0546072 -3.46066 -0.665657 0.296119 0.684993 56.1917
0.654224 -0.209484 0.72671 50.05 0.359197 0.931651 -0.0548086 -3.58458 -0.665559 0.29689 0.684754 57.619
0.654333 -0.208546 0.726881 51.6559 0.357546 0.932311 -0.0543751 -3.69825 -0.66634 0.295473 0.684607 59.0712
0.652129 -0.206219 0.729521 53.2759 0.35646 0.932691 -0.0549934 -3.81372 -0.669077 0.295908 0.681743 60.5816
0.649884 -0.204923 0.731886 54.8353 0.355665 0.933019 -0.0545768 -3.95121 -0.67168 0.295775 0.679238 62.0335
0.647544 -0.204658 0.734031 56.425 0.354881 0.933418 -0.0528179 -4.09461 -0.674349 0.294696 0.677059 63.5077
0.64469 -0.203662 0.736815 58.0202 0.354723 0.933505 -0.0523438 -4.21909 -0.67716 0.295111 0.674065 64.9891
0.641486 -0.203048 0.739775 59.6795 0.353054 0.934281 -0.0497112 -4.36608 -0.681064 0.29307 0.671016 66.5212
0.640623 -0.202062 0.740792 61.3117 0.351073 0.935089 -0.0485414 -4.48643 -0.682899 0.291169 0.669978 67.9408
0.637464 -0.201964 0.743539 62.9806 0.350576 0.93538 -0.0464885 -4.62377 -0.686102 0.290302 0.667075 69.4669
0.636135 -0.202515 0.744527 64.6512 0.35097 0.935282 -0.0454719 -4.73905 -0.687134 0.290233 0.666042 70.9286
0.634828 -0.202418 0.745668 66.3269 0.351735 0.934986 -0.0456412 -4.84911 -0.687951 0.291252 0.664753 72.398
0.63262 -0.201 0.747924 67.9683 0.351655 0.93499 -0.0461698 -4.96973 -0.690022 0.29222 0.662176 73.8825
0.632062 -0.200045 0.748651 69.6545 0.351251 0.935117 -0.0466798 -5.08993 -0.690738 0.29247 0.661318 75.3486
0.628484 -0.198959 0.751946 71.3795 0.351653 0.934973 -0.0465292 -5.21573 -0.693792 0.293667 0.65758 76.9327
0.627153 -0.197999 0.753309 73.0723 0.35076 0.935326 -0.0461785 -5.34337 -0.695447 0.293192 0.656043 78.3775
0.626875 -0.197192 0.753753 74.8042 0.350076 0.935572 -0.0463903 -5.45933 -0.696042 0.292952 0.655518 79.8793
0.624708 -0.196949 0.755613 76.5598 0.350351 0.935497 -0.04582 -5.57839 -0.697849 0.293354 0.653414 81.3886
0.621949 -0.197747 0.757677 78.2805 0.351633 0.935075 -0.0445968 -5.70203 -0.699666 0.294162 0.651104 82.8779
0.621073 -0.199158 0.758027 80.0646 0.353735 0.934294 -0.0443562 -5.80007 -0.699385 0.295689 0.650713 84.3665
0.619834 -0.199857 0.758856 81.8255 0.353827 0.934325 -0.0429358 -5.925 -0.700438 0.295117 0.649841 85.8676
0.619195 -0.20064 0.759171 83.6389 0.353853 0.934373 -0.0416668 -6.03104 -0.700988 0.294435 0.649556 87.3677
0.618858 -0.199285 0.759803 85.4318 0.352787 0.934753 -0.0421728 -6.13451 -0.701823 0.294148 0.648784 88.8706
0.618662 -0.196995 0.760559 87.2706 0.352015 0.934952 -0.0441745 -6.23558 -0.702384 0.295057 0.647763 90.3863
0.6179 -0.194815 0.761739 89.0749 0.3523 0.934721 -0.0467207 -6.33323 -0.702911 0.297229 0.646197 91.8824
0.617798 -0.193543 0.762146 90.8682 0.351781 0.934864 -0.0477515 -6.45694 -0.703261 0.29761 0.645641 93.3669
0.618132 -0.191545 0.76238 92.6965 0.349739 0.935591 -0.0485021 -6.57969 -0.703985 0.296615 0.64531 94.8853
0.61459 -0.191554 0.765236 94.5539 0.349769 0.935672 -0.0466952 -6.7164 -0.707065 0.296354 0.642054 96.5125
0.609205 -0.191667 0.769502 96.3931 0.351797 0.934964 -0.0456325 -6.85028 -0.71071 0.298508 0.637012 98.0943
0.607852 -0.192198 0.770439 98.2107 0.351336 0.935221 -0.0438876 -6.98219 -0.712095 0.29736 0.636001 99.602
0.606591 -0.192611 0.771329 100.066 0.352071 0.934967 -0.0434025 -7.09856 -0.712807 0.29789 0.634955 101.098
0.606358 -0.191556 0.771775 101.923 0.350542 0.93555 -0.0432047 -7.21507 -0.713758 0.296738 0.634426 102.582
0.605385 -0.19091 0.772698 103.814 0.349928 0.935792 -0.0429527 -7.34404 -0.714884 0.296392 0.633319 104.103
0.604434 -0.190235 0.773609 105.742 0.349446 0.935976 -0.042866 -7.45388 -0.715924 0.296244 0.632212 105.631
0.60353 -0.190275 0.774304 107.693 0.350275 0.935655 -0.0430958 -7.55694 -0.716281 0.297229 0.631345 107.158
0.600344 -0.190623 0.776691 109.653 0.351007 0.935443 -0.0417258 -7.68544 -0.718596 0.297674 0.628498 108.794
0.59671 -0.19135 0.779309 111.649 0.351696 0.935274 -0.0396456 -7.80564 -0.721281 0.297737 0.625384 110.427
0.595081 -0.191519 0.780512 113.635 0.353097 0.934738 -0.0398471 -7.90391 -0.721943 0.299309 0.623869 111.978
0.593048 -0.190542 0.782296 115.64 0.353366 0.93462 -0.040239 -8.00672 -0.723482 0.300301 0.621605 113.559
0.591706 -0.189964 0.783452 117.531 0.352891 0.934815 -0.0398581 -8.14298 -0.724811 0.300058 0.620172 115.078
0.592263 -0.188674 0.783343 119.464 0.353417 0.934517 -0.0421232 -8.22979 -0.7241 0.301795 0.620161 116.527
0.59075 -0.187172 0.784845 121.415 0.353408 0.934474 -0.0431533 -8.34133 -0.72534 0.302863 0.618188 118.052
0.589622 -0.184906 0.786229 123.326 0.351108 0.935332 -0.0433367 -8.47989 -0.727371 0.301604 0.616414 119.586
0.589613 -0.184578 0.786313 125.319 0.35204 0.934926 -0.0445128 -8.58274 -0.726928 0.303059 0.616223 121.072
0.588983 -0.185173 0.786645 127.286 0.353155 0.934509 -0.0444376 -8.67962 -0.726898 0.30398 0.615804 122.579
0.585557 -0.185476 0.789127 129.188 0.353324 0.934534 -0.0425255 -8.81091 -0.729579 0.303719 0.612756 124.088
0.583971 -0.184066 0.790631 131.088 0.351068 0.935429 -0.041528 -8.94094 -0.731935 0.301817 0.610883 125.571
0.581546 -0.18274 0.792723 132.979 0.350427 0.935676 -0.0413814 -9.06639 -0.734169 0.301857 0.608175 127.033
0.579131 -0.183869 0.794229 134.956 0.35175 0.93524 -0.039973 -9.17339 -0.735444 0.30252 0.606302 128.477
0.576783 -0.183765 0.79596 136.886 0.35047 0.935807 -0.0379119 -9.31095 -0.737897 0.300827 0.604161 129.962
0.5736 -0.182885 0.798459 138.789 0.350246 0.935917 -0.037242 -9.41829 -0.74048 0.301019 0.600896 131.403
0.571005 -0.182672 0.800365 140.74 0.349693 0.93618 -0.0358115 -9.52085 -0.742743 0.30033 0.598442 132.851
0.567659 -0.181921 0.802912 142.685 0.348689 0.936611 -0.0343099 -9.63127 -0.745774 0.299443 0.595109 134.304
0.566562 -0.179593 0.80421 144.565 0.346643 0.937349 -0.0348833 -9.72611 -0.74756 0.298538 0.593321 135.699
0.559357 -0.1793 0.809303 146.469 0.347955 0.936933 -0.0329155 -9.84808 -0.752361 0.300013 0.586468 137.164
0.554084 -0.178357 0.813129 148.465 0.348273 0.936853 -0.0318263 -9.95336 -0.756106 0.300826 0.581212 138.643
0.54892 -0.177519 0.816807 150.513 0.348444 0.936832 -0.030561 -10.0494 -0.759785 0.301387 0.5761 140.122
0.545093 -0.175816 0.819733 152.473 0.347188 0.937321 -0.0298312 -10.152 -0.763108 0.300862 0.571969 141.553
0.542879 -0.176119 0.821136 154.477 0.347567 0.937214 -0.0287717 -10.2494 -0.764512 0.301019 0.570007 142.944
0.540389 -0.174565 0.823108 156.384 0.344389 0.938437 -0.0270755 -10.3576 -0.767708 0.298101 0.567239 144.312
0.538681 -0.173292 0.824495 158.296 0.340568 0.939889 -0.0249636 -10.4667 -0.770607 0.294244 0.565318 145.649
0.537652 -0.17213 0.82541 160.367 0.340947 0.93972 -0.0261168 -10.5231 -0.771159 0.295463 0.563929 147.025
0.535597 -0.172008 0.82677 162.337 0.341346 0.939588 -0.0256507 -10.6232 -0.772411 0.295954 0.561954 148.412
0.53354 -0.170217 0.828469 164.276 0.341499 0.939497 -0.0268995 -10.7045 -0.773765 0.297274 0.559388 149.763
0.530705 -0.169232 0.830489 166.355 0.342981 0.93893 -0.0278455 -10.7816 -0.775058 0.29962 0.556338 151.166
0.526334 -0.169513 0.833209 168.51 0.341933 0.939395 -0.0248811 -10.8551 -0.778495 0.297998 0.552397 152.603
0.523479 -0.16902 0.835106 170.559 0.342549 0.939177 -0.0246407 -10.9422 -0.780147 0.298964 0.549537 153.975
0.518783 -0.167635 0.838309 172.613 0.341315 0.93966 -0.0233199 -11.0256 -0.783816 0.298226 0.544696 155.369
0.514571 -0.167636 0.840901 174.744 0.343507 0.938868 -0.0230358 -11.0926 -0.785633 0.300709 0.540699 156.745
0.510808 -0.165893 0.843537 176.855 0.342124 0.939387 -0.0224321 -11.1669 -0.788686 0.300053 0.536602 158.136
0.506326 -0.164078 0.846588 178.951 0.34077 0.939898 -0.021645 -11.2341 -0.792155 0.299451 0.531808 159.5
0.506269 -0.164868 0.846469 180.993 0.340553 0.94 -0.0205975 -11.3019 -0.792285 0.298696 0.532039 160.783
0.501937 -0.165205 0.84898 182.962 0.341672 0.939624 -0.0191602 -11.3674 -0.794556 0.29969 0.528078 162.072
0.496014 -0.166735 0.852156 184.961 0.345931 0.938091 -0.0178068 -11.4279 -0.79643 0.30362 0.522985 163.369
0.495746 -0.166736 0.852312 186.991 0.344753 0.938541 -0.0169208 -11.4807 -0.797108 0.302226 0.522761 164.625
0.49786 -0.16747 0.850935 189.079 0.344932 0.938472 -0.0171137 -11.5189 -0.795712 0.302035 0.524993 165.847
0.498868 -0.168883 0.850064 191.217 0.346366 0.937947 -0.0169259 -11.5689 -0.794456 0.302877 0.526407 167.128
0.501168 -0.169267 0.848634 193.413 0.347277 0.937589 -0.0180776 -11.5951 -0.792609 0.303771 0.528672 168.409
0.50324 -0.168176 0.847624 195.605 0.347536 0.937447 -0.0203366 -11.6389 -0.791182 0.304814 0.530207 169.712
0.504665 -0.165755 0.847254 197.809 0.346006 0.93796 -0.0225979 -11.6887 -0.790944 0.304559 0.530708 171.02
0.50507 -0.164589 0.84724 200.063 0.344908 0.938347 -0.0233241 -11.7195 -0.791166 0.304 0.530699 172.348
0.502959 -0.164447 0.848522 202.262 0.343119 0.939049 -0.0213919 -11.8006 -0.793285 0.301903 0.528728 173.721
0.498682 -0.162978 0.851325 204.64 0.341728 0.93958 -0.0203009 -11.8295 -0.796579 0.301046 0.524246 175.191
0.496248 -0.163014 0.852739 206.923 0.34221 0.93942 -0.0195638 -11.876 -0.797891 0.301525 0.52197 176.563
0.493383 -0.164375 0.854139 209.171 0.342391 0.939404 -0.0169943 -11.9606 -0.799588 0.300835 0.519767 177.938
0.488481 -0.16521 0.856791 211.539 0.344171 0.938784 -0.015201 -12.021 -0.801831 0.302308 0.515439 179.386
0.486229 -0.165707 0.857976 213.555 0.343917 0.938902 -0.0135665 -12.1034 -0.803307 0.301669 0.513511 180.76
0.481303 -0.165641 0.860761 216.029 0.344505 0.938708 -0.0119928 -12.1378 -0.806017 0.302308 0.508868 182.231
0.478812 -0.166858 0.861915 218.356 0.345076 0.938522 -0.0100087 -12.1827 -0.807255 0.302219 0.506954 183.599
0.476517 -0.167354 0.86309 220.698 0.343567 0.939098 -0.00759371 -12.2381 -0.809255 0.300148 0.504993 184.956
0.472114 -0.167028 0.865569 223.059 0.34221 0.939609 -0.00533915 -12.2948 -0.812405 0.298727 0.500761 186.369
0.469119 -0.167826 0.867042 225.269 0.339783 0.940502 -0.00179732 -12.3614 -0.815153 0.29545 0.498232 187.684
0.46361 -0.168369 0.869895 227.606 0.337638 0.941274 0.00224043 -12.4055 -0.819187 0.292671 0.493231 189.091
0.459307 -0.169736 0.87191 229.982 0.338021 0.941125 0.00514706 -12.4297 -0.821449 0.292359 0.48964 190.426
0.455096 -0.170202 0.874024 232.222 0.334864 0.942223 0.00912175 -12.4831 -0.825078 0.288528 0.485797 191.78
0.452801 -0.171745 0.874914 234.615 0.334497 0.942323 0.0118628 -12.4945 -0.826489 0.287284 0.484132 193.089
0.448537 -0.172257 0.877008 236.939 0.333711 0.942565 0.0144597 -12.5064 -0.829127 0.286181 0.480259 194.457
0.443652 -0.17014 0.879901 239.368 0.330395 0.943709 0.015891 -12.5051 -0.833074 0.283665 0.474892 195.849
0.440975 -0.167185 0.881811 241.784 0.326055 0.945213 0.0161517 -12.5007 -0.836199 0.280397 0.471326 197.186
0.438551 -0.163604 0.883689 244.268 0.32197 0.946624 0.0154709 -12.4664 -0.839052 0.277737 0.467818 198.519
0.435751 -0.163373 0.885116 246.797 0.319494 0.947425 0.0175835 -12.4283 -0.841454 0.275128 0.465038 199.833
0.430175 -0.163772 0.887766 249.054 0.319658 0.947325 0.0198654 -12.4291 -0.844256 0.275236 0.459867 201.163
0.428097 -0.161087 0.889261 251.553 0.317329 0.948126 0.0189853 -12.3721 -0.846189 0.274061 0.457007 202.454
0.422768 -0.158596 0.892253 254.038 0.317064 0.948228 0.0183143 -12.3296 -0.848963 0.275158 0.451166 203.748
0.419264 -0.160178 0.893622 256.446 0.316785 0.948257 0.0213441 -12.3108 -0.850802 0.274137 0.448313 204.963
0.416895 -0.159255 0.894895 258.93 0.313958 0.949167 0.0226528 -12.2731 -0.853012 0.271516 0.445702 206.226
0.414274 -0.158504 0.896244 261.444 0.313455 0.949325 0.0230021 -12.2161 -0.854472 0.271403 0.442965 207.452
0.413394 -0.155908 0.897106 263.857 0.309703 0.950568 0.0224847 -12.1896 -0.856264 0.268541 0.441244 208.706
0.411815 -0.15576 0.897857 266.376 0.308541 0.950922 0.0234488 -12.1403 -0.857444 0.267369 0.439662 209.924
0.411656 -0.155265 0.898016 268.864 0.307183 0.951356 0.0236735 -12.0718 -0.858008 0.266109 0.439326 211.083
0.408725 -0.152754 0.899784 271.337 0.304173 0.952327 0.0235042 -12.02 -0.860478 0.264083 0.435703 212.28
0.408101 -0.144707 0.901395 273.747 0.295491 0.955146 0.0195538 -11.9708 -0.863793 0.258374 0.432556 213.424
0.40874 -0.130881 0.903218 276.214 0.283367 0.958952 0.010723 -11.9606 -0.867545 0.251559 0.429049 214.68
0.383537 -0.134278 0.913712 278.723 0.297544 0.954585 0.0153889 -11.9605 -0.874281 0.265967 0.406072 215.818
0.382864 -0.140239 0.913098 281.21 0.302732 0.952878 0.0194122 -11.9325 -0.872793 0.268992 0.407278 216.935
0.381547 -0.149367 0.912202 283.693 0.302017 0.95284 0.0296966 -11.8743 -0.873617 0.26417 0.408665 218.017
0.380394 -0.15461 0.911809 286.274 0.296166 0.95437 0.0382706 -11.7807 -0.87612 0.255489 0.408827 219.14
0.379163 -0.155443 0.91218 288.788 0.291426 0.955684 0.0417202 -11.6925 -0.87824 0.250014 0.407661 220.236
0.378882 -0.153267 0.912665 291.342 0.28702 0.957023 0.041563 -11.6101 -0.879811 0.246205 0.406589 221.411
0.37573 -0.153525 0.913924 293.818 0.292959 0.955287 0.0400332 -11.527 -0.879205 0.2527 0.403906 222.474
0.375932 -0.150735 0.914305 296.419 0.297803 0.953992 0.0348313 -11.3945 -0.87749 0.259189 0.403526 223.484
0.374591 -0.147006 0.915462 298.84 0.296848 0.954396 0.0317925 -11.3411 -0.878386 0.259844 0.401146 224.586
0.37605 -0.148141 0.914681 301.356 0.299101 0.953702 0.0314926 -11.2513 -0.876997 0.261739 0.402949 225.577
0.373705 -0.148667 0.915557 303.855 0.298881 0.953725 0.0328694 -11.1811 -0.878074 0.261359 0.400845 226.681
0.371711 -0.14766 0.91653 306.332 0.296417 0.954469 0.0335564 -11.129 -0.879754 0.259202 0.398556 227.84
0.371803 -0.148187 0.916408 308.867 0.298319 0.953889 0.0332147 -11.0281 -0.879072 0.261032 0.398866 228.849
0.371107 -0.147222 0.916846 311.379 0.297891 0.954043 0.0326186 -10.9492 -0.879511 0.261015 0.397908 229.932
0.369134 -0.14687 0.917698 313.857 0.29867 0.953803 0.0325111 -10.8859 -0.880077 0.262088 0.395947 231.004
0.36717 -0.148037 0.918298 316.374 0.298421 0.953813 0.0344426 -10.8244 -0.880983 0.261393 0.394389 232.118
0.366406 -0.149547 0.918359 318.831 0.297107 0.954134 0.0368332 -10.765 -0.881745 0.259354 0.394032 233.216
0.36693 -0.152884 0.9176 321.376 0.300303 0.953059 0.038707 -10.667 -0.880443 0.261355 0.395617 234.223
0.36712 -0.15291 0.91752 323.79 0.303409 0.952132 0.0372781 -10.5905 -0.879299 0.264697 0.395941 235.174
0.366563 -0.148727 0.918429 326.304 0.300881 0.953047 0.0342456 -10.5134 -0.880399 0.263784 0.394101 236.225
0.370455 -0.143735 0.917663 328.738 0.292761 0.955667 0.0315022 -10.4645 -0.881507 0.256985 0.396111 237.338
0.364387 -0.145579 0.919799 331.234 0.295086 0.954858 0.0342264 -10.4065 -0.883259 0.258947 0.390896 238.414
0.362436 -0.141987 0.92113 333.613 0.289265 0.956658 0.0336471 -10.3776 -0.885983 0.254256 0.387799 239.549
0.358929 -0.140383 0.922748 336.15 0.286328 0.957518 0.0342975 -10.3139 -0.888361 0.251898 0.383877 240.63
0.356655 -0.138996 0.923839 338.53 0.284305 0.958117 0.0343953 -10.2744 -0.889926 0.250385 0.381234 241.682
0.353444 -0.142638 0.924517 340.992 0.288007 0.956893 0.0375279 -10.2166 -0.890016 0.253004 0.379289 242.677
0.353936 -0.146198 0.923773 343.476 0.28853 0.9566 0.0408451 -10.1468 -0.889652 0.252079 0.380757 243.714
0.355669 -0.15297 0.922009 346.005 0.29495 0.954473 0.044578 -10.0315 -0.88685 0.256092 0.384595 244.692
0.359705 -0.156457 0.919855 348.406 0.293915 0.954654 0.0474413 -9.92739 -0.885565 0.253295 0.389379 245.705
0.363262 -0.153296 0.91899 350.883 0.289338 0.956163 0.0451263 -9.83465 -0.885621 0.249506 0.391692 246.735
0.359907 -0.149218 0.920979 353.425 0.291028 0.95583 0.0411344 -9.74656 -0.886436 0.253226 0.387437 247.734
0.363804 -0.145471 0.920046 355.779 0.286317 0.957375 0.0381575 -9.68388 -0.886379 0.249543 0.389948 248.756
0.380755 -0.141919 0.91372 358.217 0.280398 0.959345 0.0321613 -9.59207 -0.881137 0.243959 0.40507 249.743
0.384206 -0.143463 0.912033 360.604 0.284039 0.958309 0.0310868 -9.52681 -0.878468 0.247109 0.408937 250.77
0.394945 -0.143813 0.907379 362.946 0.28195 0.958983 0.0292703 -9.45651 -0.87437 0.244276 0.419293 251.774
0.396421 -0.139665 0.907384 365.338 0.279799 0.959721 0.0254806 -9.41948 -0.874393 0.243784 0.419531 252.914
0.400387 -0.138319 0.905847 367.819 0.274767 0.961178 0.0253201 -9.37357 -0.874181 0.238758 0.422849 254.02
0.400073 -0.135183 0.906459 370.236 0.266168 0.96357 0.0262245 -9.34785 -0.876981 0.230778 0.42148 255.201
0.403725 -0.130678 0.9055 372.711 0.259645 0.965417 0.0235599 -9.29306 -0.877263 0.225597 0.423693 256.333
0.404171 -0.128654 0.905591 375.128 0.256121 0.966372 0.0229803 -9.27669 -0.878093 0.222653 0.423531 257.53
0.398573 -0.13292 0.907454 377.539 0.262804 0.964503 0.0258476 -9.26067 -0.878677 0.22818 0.419357 258.657
0.4019 -0.135746 0.905566 380.053 0.26474 0.963942 0.0270023 -9.20122 -0.876578 0.228887 0.423346 259.794
0.407108 -0.13747 0.902976 382.582 0.264637 0.963958 0.0274419 -9.12983 -0.874203 0.227789 0.428814 260.886
0.405278 -0.135482 0.904099 384.972 0.263291 0.964353 0.0264861 -9.10943 -0.875458 0.227307 0.426502 262.066
0.408342 -0.132442 0.90317 387.402 0.261387 0.964953 0.0233232 -9.05921 -0.874605 0.226553 0.428649 263.198
0.410792 -0.131372 0.902215 389.815 0.262018 0.964831 0.0211889 -9.03186 -0.873267 0.227692 0.430767 264.341
0.416884 -0.133498 0.899103 392.312 0.263498 0.964431 0.0210224 -8.99456 -0.869929 0.228148 0.437232 265.499
0.413674 -0.135269 0.900321 394.653 0.265982 0.963714 0.0225814 -8.98049 -0.870705 0.230127 0.434642 266.672
0.424301 -0.13468 0.89545 396.949 0.262631 0.964675 0.0206461 -8.94794 -0.866599 0.226413 0.444684 267.761
0.432548 -0.13293 0.891758 399.181 0.257622 0.966058 0.0190459 -8.93197 -0.864021 0.221498 0.452113 268.904
0.424775 -0.137076 0.894862 401.329 0.263219 0.964467 0.0227927 -8.91994 -0.866188 0.225863 0.445762 269.968
0.438295 -0.135925 0.888494 403.459 0.258491 0.965802 0.0202382 -8.88112 -0.86086 0.220797 0.458442 271.004
0.442285 -0.133518 0.886881 405.525 0.256136 0.966478 0.017767 -8.85807 -0.859522 0.219304 0.461657 272.07
0.430443 -0.136121 0.892295 407.592 0.264019 0.964316 0.0197451 -8.85351 -0.863141 0.227083 0.451021 273.112
0.442571 -0.135735 0.886401 409.661 0.260077 0.965421 0.0179817 -8.83003 -0.85819 0.222575 0.462569 274.137
0.440109 -0.138467 0.887204 411.65 0.262311 0.964767 0.0204497 -8.82015 -0.858776 0.223723 0.460924 275.144
0.44754 -0.136308 0.883815 413.606 0.257095 0.966203 0.018829 -8.80242 -0.85651 0.218797 0.467459 276.186
0.44677 -0.136988 0.884099 415.532 0.257535 0.966072 0.0195468 -8.78271 -0.85678 0.218954 0.46689 277.192
0.448465 -0.135852 0.883416 417.486 0.256417 0.966391 0.0184424 -8.77118 -0.85623 0.218252 0.468227 278.239
0.460768 -0.137194 0.876853 419.382 0.256975 0.966284 0.0161511 -8.72847 -0.849504 0.217887 0.480488 279.11
0.476687 -0.137592 0.868239 421.24 0.253376 0.967264 0.0141743 -8.69578 -0.841766 0.213234 0.495944 280.043
0.471385 -0.140877 0.870604 422.968 0.256734 0.966327 0.0173583 -8.69094 -0.843732 0.215331 0.49168 280.982
0.463276 -0.143055 0.874592 424.619 0.260642 0.965233 0.0198171 -8.7066 -0.847019 0.218774 0.484455 281.948
0.468664 -0.142016 0.871886 426.274 0.25832 0.965883 0.0184716 -8.68843 -0.844763 0.216569 0.489361 282.85
0.479898 -0.141081 0.865907 427.873 0.255398 0.966705 0.0159587 -8.67451 -0.839327 0.213492 0.499951 283.706
0.473787 -0.143138 0.868929 429.408 0.259195 0.965662 0.0177457 -8.68576 -0.841632 0.216814 0.494619 284.618
0.474764 -0.144656 0.868144 430.872 0.26116 0.965128 0.0179951 -8.66498 -0.840473 0.218181 0.495986 285.391
0.490834 -0.141054 0.85976 432.282 0.253344 0.967274 0.0140592 -8.66568 -0.833606 0.210914 0.510506 286.22
0.485956 -0.14131 0.862484 433.61 0.254876 0.966861 0.0148038 -8.67194 -0.835993 0.212632 0.505868 287.016
0.48997 -0.143865 0.859786 434.882 0.257163 0.96625 0.0151285 -8.64874 -0.832944 0.213693 0.510431 287.649
0.49312 -0.143643 0.858021 436.103 0.2562 0.966515 0.0145627 -8.63286 -0.831381 0.212644 0.513409 288.363
0.498608 -0.142735 0.854995 437.228 0.252807 0.967415 0.0140727 -8.62766 -0.829143 0.209132 0.518445 289.053
0.498406 -0.14347 0.85499 438.278 0.255332 0.966761 0.0133831 -8.61516 -0.828491 0.211636 0.518472 289.64
0.48917 -0.144364 0.860158 439.173 0.258403 0.965919 0.0151611 -8.64815 -0.833031 0.214851 0.509802 290.281
0.495501 -0.145464 0.85634 440.008 0.257843 0.966072 0.0149083 -8.63362 -0.829454 0.213415 0.516197 290.717
0.496767 -0.146084 0.855501 440.719 0.256937 0.966299 0.0158064 -8.63355 -0.828979 0.211958 0.51756 291.141
0.499724 -0.144334 0.854075 441.36 0.25392 0.967112 0.0148668 -8.62834 -0.828131 0.209437 0.519938 291.54
0.504634 -0.141941 0.851585 441.94 0.250293 0.968083 0.0130394 -8.62432 -0.826255 0.206566 0.524055 291.901
0.491135 -0.146386 0.858696 442.543 0.255492 0.966632 0.0186559 -8.64621 -0.832772 0.210228 0.512147 292.29
0.489487 -0.148152 0.859333 443.066 0.256547 0.966316 0.0204635 -8.63404 -0.833418 0.210443 0.511007 292.583
0.491615 -0.147882 0.858164 443.448 0.254821 0.966769 0.0206184 -8.61925 -0.832695 0.208542 0.512962 292.796
0.477749 -0.148532 0.865849 443.727 0.259737 0.965423 0.022298 -8.63201 -0.839221 0.21424 0.499809 292.989
0.479007 -0.144844 0.865779 443.881 0.257852 0.965999 0.0189489 -8.61862 -0.839085 0.214166 0.500068 293.075
0.494253 -0.138839 0.85816 443.889 0.249902 0.968188 0.0127096 -8.59893 -0.832624 0.208174 0.513225 293.083
0.492246 -0.142113 0.858777 444.002 0.252221 0.967545 0.0155402 -8.60005 -0.833113 0.208952 0.512114 293.123
0.492693 -0.142299 0.85849 444.088 0.250876 0.96788 0.0164512 -8.59543 -0.833256 0.207269 0.512567 293.202
0.486181 -0.146421 0.861504 444.304 0.257684 0.966048 0.0187675 -8.59113 -0.835001 0.212871 0.507404 293.252
0.489776 -0.143973 0.859879 444.422 0.255159 0.966758 0.0165323 -8.59137 -0.833674 0.211309 0.510231 293.35
0.483081 -0.146198 0.863284 444.522 0.25979 0.965495 0.0181325 -8.59995 -0.836147 0.215513 0.504393 293.387
0.486427 -0.14774 0.86114 444.562 0.261066 0.965152 0.018118 -8.59399 -0.833807 0.216001 0.508045 293.345
0.507934 -0.14613 0.848911 444.718 0.255219 0.966787 0.0137139 -8.55761 -0.822718 0.209692 0.528359 293.327
0.50637 -0.147677 0.849577 444.734 0.257014 0.966295 0.0147784 -8.56597 -0.823124 0.210869 0.527258 293.324
0.515295 -0.144952 0.844666 444.674 0.253242 0.967335 0.0115111 -8.54377 -0.818743 0.207973 0.535171 293.25
0.515318 -0.145262 0.844598 444.658 0.254157 0.967098 0.0112611 -8.54547 -0.818444 0.208857 0.535282 293.236
0.520238 -0.14455 0.8417 444.674 0.252333 0.967587 0.0102073 -8.52646 -0.815892 0.207078 0.53985 293.219
0.510683 -0.148935 0.846771 444.806 0.256263 0.966484 0.0154403 -8.54369 -0.82069 0.209111 0.531734 293.276
0.507725 -0.150103 0.848343 444.841 0.256803 0.96631 0.0172814 -8.55158 -0.822355 0.209082 0.529166 293.295
0.508744 -0.147644 0.848163 444.757 0.252853 0.967361 0.0167276 -8.55318 -0.822949 0.20595 0.529471 293.279
0.513637 -0.144765 0.845707 444.661 0.250559 0.968007 0.0135232 -8.54397 -0.820607 0.204954 0.533476 293.238
0.513333 -0.148343 0.845271 444.78 0.256387 0.966475 0.0139101 -8.53753 -0.818996 0.209576 0.534157 293.214
0.518754 -0.145761 0.842406 444.777 0.251337 0.967817 0.0126876 -8.5169 -0.817144 0.205146 0.538694 293.221
0.521084 -0.145103 0.841081 444.845 0.24953 0.968287 0.0124541 -8.51707 -0.816214 0.203385 0.540767 293.304
0.507917 -0.153744 0.847575 444.973 0.264255 0.964311 0.0165619 -8.57449 -0.819871 0.215564 0.530417 293.367
0.522113 -0.14899 0.839762 445.093 0.256848 0.966381 0.0117619 -8.53863 -0.813281 0.20955 0.542828 293.401
0.522017 -0.149348 0.839758 445.093 0.257346 0.966247 0.0118697 -8.5404 -0.813185 0.209912 0.542832 293.389
0.520093 -0.149306 0.840959 445.072 0.256844 0.96637 0.012726 -8.55231 -0.814576 0.209376 0.54095 293.415
0.523941 -0.147533 0.83888 445.065 0.25391 0.96716 0.0115075 -8.53127 -0.813028 0.206971 0.544195 293.4
0.524486 -0.147473 0.838551 445.1 0.25326 0.967328 0.0117142 -8.52654 -0.81288 0.206227 0.544698 293.405
0.520264 -0.147044 0.841251 445.033 0.252977 0.96739 0.012641 -8.5431 -0.815676 0.20624 0.540497 293.406
0.506585 -0.147908 0.849408 445.02 0.256295 0.966475 0.0154392 -8.58149 -0.823215 0.209878 0.52751 293.491
0.507965 -0.147372 0.848677 445.032 0.25413 0.967041 0.0158197 -8.57509 -0.823036 0.207638 0.528675 293.51
0.514778 -0.146012 0.844798 445.053 0.250177 0.968086 0.0148759 -8.55257 -0.820009 0.203691 0.534878 293.517
0.511736 -0.147361 0.846411 445.094 0.251345 0.967757 0.0165249 -8.54607 -0.821554 0.204285 0.532274 293.519
0.507829 -0.146277 0.848948 445.018 0.251081 0.967825 0.0165661 -8.55949 -0.824055 0.204742 0.528217 293.518
0.504184 -0.145522 0.851247 445.046 0.253053 0.967329 0.0154862 -8.54787 -0.825689 0.207602 0.524537 293.519
0.501424 -0.143969 0.85314 444.962 0.252846 0.967396 0.0146424 -8.56946 -0.827431 0.208371 0.521477 293.534
0.503194 -0.144363 0.85203 445.014 0.253571 0.967214 0.0141242 -8.55627 -0.826133 0.208943 0.523303 293.52
0.503406 -0.14598 0.851629 445.088 0.254311 0.967 0.0154297 -8.55511 -0.825777 0.208811 0.523917 293.539
0.524393 -0.143546 0.839289 445.221 0.247401 0.96885 0.0111269 -8.51883 -0.814741 0.201806 0.543572 293.523
0.511555 -0.147539 0.846489 445.322 0.253066 0.967323 0.0156653 -8.54226 -0.821139 0.206204 0.532175 293.61
0.510028 -0.148309 0.847275 445.315 0.254121 0.967036 0.0163003 -8.54974 -0.821762 0.206996 0.530904 293.598
0.519693 -0.144701 0.84201 445.232 0.248831 0.968462 0.012852 -8.52677 -0.817314 0.202839 0.539309 293.515
0.511683 -0.147977 0.846335 445.075 0.253102 0.967306 0.0161052 -8.54389 -0.821047 0.205968 0.532407 293.413
0.511424 -0.14825 0.846444 445.076 0.253549 0.967187 0.0162028 -8.54088 -0.821071 0.206328 0.532231 293.411
0.502341 -0.150525 0.851467 445.108 0.256404 0.966372 0.0195672 -8.56821 -0.825779 0.20849 0.524043 293.479
0.501886 -0.150294 0.851776 445.064 0.254935 0.966744 0.0203661 -8.58695 -0.826509 0.206926 0.523511 293.497
0.504891 -0.149523 0.850134 445.075 0.254826 0.966807 0.0187033 -8.57073 -0.824711 0.207193 0.526234 293.446
0.503088 -0.148594 0.851365 444.999 0.252934 0.96729 0.0193638 -8.58775 -0.826394 0.205597 0.524216 293.473
0.50403 -0.14794 0.850922 445.014 0.251071 0.967772 0.019537 -8.58356 -0.826388 0.203795 0.524929 293.515
0.502233 -0.148456 0.851894 444.996 0.252922 0.967292 0.0194563 -8.59032 -0.826917 0.205691 0.523353 293.52
0.500993 -0.149355 0.852466 445.038 0.255453 0.966631 0.0192265 -8.58497 -0.826891 0.208133 0.522429 293.499
0.504749 -0.147378 0.850593 445.04 0.253797 0.967109 0.0169607 -8.56018 -0.825115 0.207317 0.525551 293.455
0.501856 -0.145746 0.852584 444.973 0.251805 0.967626 0.0171925 -8.57849 -0.827487 0.206056 0.522308 293.509
0.494928 -0.149853 0.855915 445.01 0.256436 0.966336 0.0209018 -8.60789 -0.830233 0.209143 0.516694 293.561
0.500848 -0.149162 0.852586 445.011 0.252819 0.967292 0.0207131 -8.59027 -0.827788 0.205176 0.522177 293.529
0.497764 -0.149189 0.854385 444.952 0.252469 0.967359 0.0218279 -8.60789 -0.829753 0.20484 0.519182 293.548
0.496484 -0.150434 0.854911 444.976 0.253612 0.967036 0.0228807 -8.6111 -0.830171 0.205456 0.51827 293.561
0.494419 -0.150274 0.856135 444.964 0.254828 0.966725 0.0225212 -8.61029 -0.831031 0.207032 0.516261 293.579
0.496464 -0.150061 0.854989 444.941 0.255676 0.966531 0.0211753 -8.59893 -0.82955 0.208087 0.518215 293.525
0.497104 -0.147866 0.854999 444.881 0.253231 0.967199 0.0200394 -8.5975 -0.829916 0.20655 0.518242 293.531
0.487557 -0.149796 0.860145 444.962 0.256801 0.966198 0.0227026 -8.61343 -0.834471 0.209817 0.509544 293.608
0.50292 -0.147799 0.851603 445.141 0.251392 0.96769 0.0194842 -8.58521 -0.826966 0.204287 0.523826 293.644
0.482885 -0.146915 0.863272 445.145 0.253508 0.967066 0.0227745 -8.61465 -0.838185 0.207849 0.504225 293.805
0.482549 -0.148917 0.863117 445.172 0.255436 0.96653 0.0239505 -8.61964 -0.837794 0.208913 0.504436 293.774
0.487147 -0.144891 0.861217 445.152 0.24923 0.968197 0.0219123 -8.59283 -0.837001 0.203967 0.507765 293.755
0.503824 -0.139088 0.852535 445.204 0.241884 0.970185 0.0153357 -8.56094 -0.829248 0.198488 0.522446 293.756
0.48825 -0.142494 0.860992 445.303 0.248233 0.968504 0.0195193 -8.57938 -0.836655 0.204196 0.508244 293.848
0.476329 -0.145865 0.867084 445.397 0.252321 0.967343 0.0241193 -8.60936 -0.842285 0.207295 0.497578 293.959
0.478855 -0.144852 0.865861 445.429 0.25051 0.967833 0.0233683 -8.59638 -0.841393 0.205717 0.499738 293.985
