1 0 0 0 0 1 0 0 0 0 1 0
0.999958 -0.00295582 -0.00868595 0.0943391 0.00299254 0.999987 0.00421734 -0.0352478 0.00867336 -0.00424315 0.999953 1.42684
0.999941 -0.00346879 -0.0103083 0.0725143 0.00352012 0.999982 0.00496503 -0.0463609 0.0102909 -0.00500103 0.999935 3.03654
0.999918 -0.0028669 -0.012451 0.0688981 0.00291561 0.999988 0.00389571 -0.0520623 0.0124397 -0.0039317 0.999915 4.60676
0.999927 -0.00253246 -0.0118258 0.00697235 0.00255789 0.999994 0.00213547 -0.0389612 0.0118204 -0.00216556 0.999928 6.22198
0.999916 -0.0026317 -0.0127048 -0.0413305 0.00266513 0.999993 0.00261535 -0.055844 0.0126978 -0.00264899 0.999916 7.73509
0.999893 -0.00417403 -0.0140237 -0.0648102 0.00421462 0.999987 0.00286586 -0.0690784 0.0140115 -0.00292465 0.999898 9.30132
0.999874 -0.00697761 -0.0142564 -0.115672 0.00699092 0.999975 0.000883938 -0.0674343 0.0142499 -0.000983492 0.999898 10.8389
0.999883 -0.00755542 -0.0133223 -0.181577 0.00756093 0.999971 0.000363298 -0.074305 0.0133192 -0.000463985 0.999911 12.3966
0.999888 -0.00785358 -0.0127247 -0.229039 0.00785486 0.999969 5.05987e-05 -0.0936102 0.0127239 -0.000150543 0.999919 13.9327
0.999912 -0.00752554 -0.0109514 -0.29611 0.00752268 0.999972 -0.000302183 -0.109225 0.0109534 0.000219772 0.99994 15.4307
0.999946 -0.00595727 -0.00854548 -0.367555 0.00595284 0.999982 -0.00054353 -0.119854 0.00854856 0.000492631 0.999963 17.0034
0.999987 -0.0035191 -0.00376357 -0.470606 0.00351866 0.999994 -0.000123859 -0.13377 0.00376398 0.000110615 0.999993 18.6362
0.999996 -0.00253241 -0.00131548 -0.531779 0.00253228 0.999997 -0.000103946 -0.138787 0.00131574 0.000100614 0.999999 20.2048
0.999997 -0.00237955 0.000718157 -0.571197 0.00238007 0.999997 -0.000729978 -0.152916 -0.00071642 0.000731685 1 21.7547
0.999996 -0.00118545 0.00268581 -0.61723 0.00118878 0.999999 -0.00123947 -0.161074 -0.00268434 0.00124266 0.999996 23.3405
0.999992 -0.00122258 0.00394013 -0.640942 0.00122634 0.999999 -0.000952653 -0.176885 -0.00393896 0.000957477 0.999992 24.8885
0.999986 -3.87727e-05 0.0052157 -0.663173 3.72571e-05 1 0.000291007 -0.199329 -0.00521571 -0.000290808 0.999986 26.3907
0.999984 -0.000363162 0.00569739 -0.665864 0.00037251 0.999999 -0.00163941 -0.213772 -0.00569679 0.00164151 0.999983 27.9022
0.999961 0.000509381 0.0088 -0.73022 -0.00046421 0.999987 -0.00513412 -0.207465 -0.0088025 0.00512984 0.999948 29.5109
0.999956 -0.00102361 0.0093534 -0.735806 0.00107075 0.999987 -0.00503591 -0.237711 -0.00934812 0.0050457 0.999944 30.992
0.999942 -0.00206275 0.010552 -0.753908 0.0020896 0.999995 -0.0025331 -0.26038 -0.0105467 0.00255501 0.999941 32.4648
0.999927 -0.00352279 0.0115223 -0.759001 0.00353544 0.999993 -0.00107756 -0.2917 -0.0115184 0.00111822 0.999933 33.8998
0.999894 -0.00405159 0.0140015 -0.786066 0.00408735 0.999988 -0.0025261 -0.30138 -0.0139911 0.00258306 0.999899 35.4207
0.99989 -0.00445688 0.0141746 -0.762689 0.00451814 0.999981 -0.00429249 -0.330493 -0.0141552 0.00435606 0.99989 36.8497
0.99986 -0.00333863 0.0164064 -0.781153 0.00342812 0.999979 -0.0054289 -0.350853 -0.016388 0.00548438 0.999851 38.2897
0.999815 -0.00211389 0.0191424 -0.8026 0.00223746 0.999977 -0.00643646 -0.376296 -0.0191283 0.0064781 0.999796 39.7198
0.999755 -0.0015733 0.0220705 -0.809062 0.00169355 0.999984 -0.00543051 -0.406505 -0.0220616 0.00546656 0.999742 41.1017
0.999692 -0.000653963 0.0247922 -0.813311 0.000743531 0.999993 -0.00360366 -0.433881 -0.0247897 0.00362098 0.999686 42.4585
0.999618 -0.000975814 0.0276316 -0.799381 0.00102484 0.999998 -0.00176018 -0.473674 -0.0276298 0.00178783 0.999617 43.8211
0.999573 -0.00101796 0.0292004 -0.741409 0.00107388 0.999998 -0.00189937 -0.488848 -0.0291984 0.00192992 0.999572 45.2008
0.999397 -0.000835182 0.0347047 -0.746039 0.000939995 0.999995 -0.00300391 -0.506089 -0.0347021 0.00303472 0.999393 46.5324
0.999126 -0.000612664 0.0417929 -0.752952 0.00085278 0.999983 -0.00572778 -0.518392 -0.0417887 0.00575841 0.99911 47.8854
0.998807 6.55838e-06 0.0488401 -0.754741 0.000376413 0.999969 -0.00783212 -0.541851 -0.0488386 0.00784115 0.998776 49.183
0.998413 5.99616e-06 0.056312 -0.730382 0.000440575 0.999969 -0.00791786 -0.560654 -0.0563103 0.00793011 0.998382 50.5073
0.998147 2.7621e-05 0.060855 -0.64417 0.000449235 0.999969 -0.00782222 -0.595084 -0.0608533 0.00783507 0.998116 51.7511
0.997615 0.00219855 0.0689875 -0.59719 -0.00157814 0.999958 -0.00904632 -0.619109 -0.0690045 0.00891588 0.997576 53.0071
0.997131 0.00354628 0.0756147 -0.507717 -0.00289316 0.999958 -0.00874526 -0.6526 -0.0756425 0.0085014 0.997099 54.2229
0.996566 0.0029685 0.0827519 -0.380929 -0.00227746 0.999962 -0.00844397 -0.671599 -0.0827738 0.00822651 0.996534 55.4634
0.995509 0.00511425 0.0945243 -0.29267 -0.00436669 0.999958 -0.00811382 -0.694166 -0.0945618 0.00766462 0.995489 56.7299
0.994321 0.0063598 0.106227 -0.151285 -0.0055506 0.999953 -0.00791159 -0.726518 -0.106272 0.00727704 0.99431 57.9227
0.992282 0.00832164 0.123725 -0.0630434 -0.0074189 0.999942 -0.00775531 -0.748829 -0.123782 0.00677755 0.992286 59.113
0.990085 0.00954393 0.140146 0.093644 -0.00868676 0.99994 -0.00672668 -0.769768 -0.140202 0.00544258 0.990108 60.3022
0.987412 0.00960425 0.15788 0.25956 -0.00881548 0.999945 -0.00569555 -0.799235 -0.157926 0.00423207 0.987442 61.4245
0.983329 0.00991488 0.181564 0.369729 -0.00884993 0.999939 -0.00667463 -0.816424 -0.181619 0.00495653 0.983356 62.6196
0.97996 0.00861405 0.199009 0.620368 -0.00732828 0.999947 -0.00719652 -0.849859 -0.199061 0.00559391 0.979971 63.6764
0.975993 0.00515693 0.217742 0.892911 -0.00367575 0.999967 -0.00720693 -0.876885 -0.217772 0.00623355 0.97598 64.7271
0.970559 0.00128305 0.240859 1.11153 -0.000253234 0.999991 -0.00430648 -0.912985 -0.240862 0.0041187 0.97055 65.7714
0.965155 -0.0049694 0.261633 1.43497 0.00602795 0.999977 -0.00324356 -0.931633 -0.26161 0.00470765 0.965162 66.7962
0.958478 -0.00994375 0.284993 1.74943 0.0115951 0.999924 -0.00410777 -0.949364 -0.28493 0.00724174 0.958521 67.843
0.951296 -0.0152576 0.3079 2.09294 0.0179994 0.99982 -0.00606649 -0.962555 -0.307752 0.011313 0.951399 68.866
0.942291 -0.0185063 0.334281 2.43653 0.0212276 0.999765 -0.00448902 -0.992284 -0.33412 0.011326 0.942463 69.8449
0.931943 -0.0209182 0.362002 2.80687 0.0233326 0.999725 -0.00229885 -1.006 -0.361854 0.0105889 0.932175 70.8494
0.920939 -0.0250747 0.388899 3.19491 0.0270752 0.999633 0.000336553 -1.02159 -0.388765 0.0102196 0.92128 71.7604
0.909498 -0.0279584 0.414766 3.63789 0.0309498 0.999521 -0.000491294 -1.03125 -0.414554 0.0132838 0.909928 72.6615
0.896269 -0.0275455 0.442654 4.08885 0.0329834 0.999445 -0.00459007 -1.04306 -0.442282 0.0187142 0.89668 73.5473
0.882295 -0.0291676 0.469792 4.57054 0.0381595 0.999225 -0.00962748 -1.06312 -0.469147 0.0264213 0.882725 74.4104
0.867129 -0.0314761 0.497087 5.06603 0.0427914 0.999019 -0.0113872 -1.08953 -0.496241 0.0311453 0.867626 75.2362
0.850179 -0.0320931 0.525514 5.58706 0.0425649 0.999063 -0.00784913 -1.10542 -0.52477 0.0290416 0.850749 76.0751
0.831647 -0.0318589 0.55439 6.1549 0.0395902 0.999214 -0.00196831 -1.11931 -0.553891 0.0235853 0.832255 76.8967
0.810416 -0.0328695 0.584931 6.68859 0.0385751 0.999252 0.00270629 -1.15364 -0.584583 0.0203706 0.811078 77.652
0.787581 -0.0259389 0.615665 7.26881 0.0343639 0.999408 -0.00185294 -1.16395 -0.615252 0.022616 0.788006 78.4227
0.763827 -0.0184551 0.645157 7.87875 0.0314403 0.999469 -0.00863312 -1.17449 -0.644654 0.0268782 0.764001 79.1781
0.740078 -0.0157825 0.672335 8.5339 0.0309304 0.999466 -0.0105853 -1.18154 -0.671809 0.0286296 0.740171 79.8967
0.715378 -0.0185585 0.698491 9.19603 0.0327125 0.999441 -0.00694891 -1.19976 -0.697971 0.0278205 0.715585 80.5792
0.689787 -0.0194805 0.72375 9.87421 0.0336416 0.999421 -0.00516251 -1.23589 -0.72323 0.0279092 0.690043 81.2051
0.662728 -0.0175453 0.748655 10.5729 0.0345294 0.999378 -0.00714511 -1.25961 -0.748064 0.0305859 0.662921 81.8347
0.636043 -0.0148741 0.77151 11.3333 0.0347971 0.99935 -0.00942053 -1.26667 -0.770869 0.0328382 0.636147 82.4308
0.60733 -0.0125688 0.79435 12.0554 0.0332839 0.9994 -0.00963441 -1.2871 -0.793752 0.0322904 0.607384 82.9998
0.578919 -0.0108639 0.815313 12.865 0.0338726 0.999369 -0.0107352 -1.29464 -0.814681 0.0338316 0.578921 83.555
0.548175 -0.00390017 0.836354 13.6285 0.0321536 0.999348 -0.0164143 -1.31585 -0.835745 0.0358897 0.547943 84.0875
0.517264 0.00531408 0.855809 14.4116 0.031218 0.999198 -0.0250731 -1.34517 -0.855256 0.0396861 0.516684 84.5582
0.486139 0.0144601 0.873762 15.2816 0.0304596 0.998976 -0.0334793 -1.35733 -0.87335 0.0428901 0.485201 85.0329
0.453859 0.01906 0.890869 16.1198 0.0284291 0.998953 -0.0358559 -1.39487 -0.89062 0.0416001 0.452842 85.4508
0.421237 0.018597 0.90676 16.9892 0.0269944 0.99909 -0.033031 -1.42546 -0.906549 0.0383913 0.420351 85.844
0.386864 0.0174932 0.921971 17.8822 0.0223291 0.99935 -0.0283308 -1.45451 -0.921866 0.0315469 0.386221 86.2362
0.352067 0.0188534 0.935785 18.7636 0.0182863 0.999468 -0.0270162 -1.48529 -0.935796 0.0266236 0.351535 86.5661
0.316521 0.0221403 0.948327 19.6875 0.0108336 0.999578 -0.0269528 -1.50667 -0.948524 0.0188049 0.316148 86.8783
0.28158 0.0235924 0.959248 20.6448 0.00606729 0.999634 -0.0263667 -1.53959 -0.959519 0.0132444 0.281334 87.1304
0.246779 0.0230536 0.968798 21.5746 0.00349851 0.99969 -0.0246799 -1.56644 -0.969066 0.00947985 0.246621 87.3234
0.210204 0.0225238 0.977398 22.53 0.00290709 0.999716 -0.0236633 -1.5978 -0.977653 0.00781555 0.210079 87.5258
0.173783 0.0223014 0.984531 23.5019 0.00376489 0.999722 -0.0233101 -1.62253 -0.984777 0.00775759 0.173651 87.7018
0.137913 0.0206059 0.99023 24.4355 0.00654667 0.999743 -0.0217156 -1.65858 -0.990423 0.00947761 0.137743 87.8285
0.103202 0.0198975 0.994461 25.4177 0.0149168 0.999657 -0.0215495 -1.69088 -0.994548 0.0170581 0.10287 87.9189
0.0699596 0.0230124 0.997284 26.4148 0.0170507 0.999561 -0.0242611 -1.72891 -0.997404 0.0187017 0.0695366 87.9692
0.037393 0.028338 0.998899 27.4237 0.0178005 0.999421 -0.0290192 -1.75663 -0.999142 0.018866 0.036867 87.9982
0.00805765 0.0321924 0.999449 28.3896 0.024787 0.999168 -0.0323832 -1.79696 -0.99966 0.0250343 0.00725308 88.0031
-0.0180654 0.030322 0.999377 29.3542 0.0264337 0.999205 -0.0298389 -1.8369 -0.999487 0.0258782 -0.0188525 87.9924
-0.0406942 0.0275714 0.998791 30.3814 0.0281175 0.999255 -0.0264386 -1.87064 -0.998776 0.0270076 -0.0414391 87.9529
-0.0613685 0.0261779 0.997772 31.4079 0.027689 0.999316 -0.0245155 -1.89143 -0.997731 0.0261229 -0.0620513 87.9211
-0.0778875 0.0295323 0.996524 32.4125 0.0293302 0.999197 -0.0273191 -1.92583 -0.99653 0.0271005 -0.0786911 87.8363
-0.092739 0.0333735 0.995131 33.4128 0.0326504 0.999003 -0.0304606 -1.96958 -0.995155 0.0296665 -0.0937361 87.7376
-0.105221 0.0383964 0.993707 34.4169 0.0372005 0.998707 -0.0346506 -2.0152 -0.993753 0.0333205 -0.106514 87.637
-0.114281 0.0417254 0.992572 35.43 0.0427519 0.998399 -0.0370481 -2.06464 -0.992528 0.0382005 -0.115882 87.5099
-0.120629 0.0466461 0.991601 36.4327 0.0470668 0.998041 -0.0412234 -2.1215 -0.991581 0.0416988 -0.122588 87.389
-0.12433 0.0511845 0.99092 37.4569 0.0490683 0.997764 -0.0453815 -2.17707 -0.991027 0.0429805 -0.126564 87.2538
-0.127263 0.0554435 0.990318 38.4672 0.0511289 0.997476 -0.0492738 -2.23288 -0.99055 0.0443632 -0.129777 87.1235
-0.129754 0.0588699 0.989797 39.4896 0.05123 0.997301 -0.0526005 -2.28665 -0.990222 0.0438822 -0.132419 86.9785
-0.132844 0.0624582 0.989167 40.4886 0.0520264 0.997076 -0.0559705 -2.35137 -0.98977 0.0440275 -0.135705 86.8456
-0.134317 0.065524 0.988769 41.4981 0.0535806 0.996832 -0.0587799 -2.42829 -0.989489 0.0450837 -0.137402 86.6933
-0.13894 0.0666623 0.988054 42.4919 0.0560949 0.99666 -0.0593549 -2.50722 -0.988711 0.047178 -0.142215 86.596
-0.140718 0.0657599 0.987863 43.5499 0.0562426 0.996712 -0.0583374 -2.57123 -0.988451 0.0473509 -0.143953 86.4383
-0.14258 0.065767 0.987596 44.607 0.0555321 0.99675 -0.0583595 -2.63461 -0.988224 0.0465223 -0.145769 86.2773
-0.144739 0.0682774 0.987111 45.6663 0.0553884 0.996612 -0.0608131 -2.68323 -0.987918 0.0458725 -0.14803 86.1239
-0.14747 0.0719563 0.986445 46.7472 0.0542656 0.996437 -0.0645726 -2.73076 -0.987576 0.0440075 -0.15085 85.9724
-0.151065 0.0753024 0.985651 47.8255 0.0521346 0.996314 -0.0681267 -2.7887 -0.987148 0.041095 -0.154434 85.8259
-0.152595 0.0784029 0.985174 48.8703 0.050104 0.99618 -0.0715182 -2.87564 -0.987018 0.0384478 -0.155941 85.6492
-0.15494 0.0819354 0.98452 49.9131 0.0468707 0.996043 -0.0755181 -2.96958 -0.986811 0.0344443 -0.158168 85.4928
-0.157327 0.08528 0.983857 51.0208 0.0437674 0.995888 -0.0793241 -3.03498 -0.986576 0.0305811 -0.160412 85.3092
-0.159813 0.0842643 0.983544 52.1106 0.0417569 0.996036 -0.0785496 -3.11638 -0.986264 0.0285165 -0.162698 85.1208
-0.162589 0.0803918 0.983413 53.2073 0.038239 0.99644 -0.0751347 -3.19557 -0.985952 0.0253887 -0.165084 84.9339
-0.16751 0.0798264 0.982633 54.299 0.036696 0.996531 -0.0746999 -3.26607 -0.985187 0.0235458 -0.169858 84.7917
-0.170038 0.08083 0.982117 55.3963 0.0358447 0.996478 -0.0758061 -3.34642 -0.984785 0.0223139 -0.172336 84.6204
-0.172283 0.084103 0.98145 56.5067 0.03705 0.996197 -0.078863 -3.42757 -0.98435 0.022776 -0.174744 84.4428
-0.173544 0.0874604 0.980934 57.5988 0.0370946 0.995923 -0.0822342 -3.51012 -0.984127 0.0221161 -0.176081 84.2571
-0.174397 0.0881374 0.980723 58.6887 0.0359845 0.995892 -0.0831017 -3.60477 -0.984017 0.0207982 -0.176852 84.072
-0.173933 0.0870929 0.980898 59.787 0.0330897 0.996036 -0.0825695 -3.69773 -0.984201 0.0180961 -0.176126 83.8793
-0.173297 0.0861064 0.981098 60.8749 0.0294529 0.996179 -0.0822276 -3.80204 -0.984429 0.0146464 -0.175171 83.6769
-0.173088 0.087797 0.980985 62.0235 0.0252621 0.996087 -0.0846914 -3.88856 -0.984582 0.0101227 -0.174629 83.4724
-0.174014 0.0873908 0.980857 63.1289 0.0207557 0.996159 -0.0850718 -3.99174 -0.984524 0.00555466 -0.17516 83.2895
-0.173492 0.0867069 0.981011 64.2438 0.0176257 0.996231 -0.0849351 -4.09316 -0.984677 0.00255549 -0.174366 83.0829
-0.174091 0.0821341 0.981298 65.3808 0.0175308 0.996616 -0.0803062 -4.18097 -0.984573 0.00322238 -0.174942 82.8897
-0.175384 0.0735847 0.981746 66.4814 0.0205117 0.99726 -0.0710832 -4.27816 -0.984286 0.00767047 -0.176413 82.7073
-0.175582 0.0686389 0.982069 67.6164 0.0257068 0.997546 -0.0651246 -4.3671 -0.984129 0.0138111 -0.176916 82.5021
-0.176166 0.0714034 0.981767 68.7169 0.0339891 0.997212 -0.0664278 -4.45159 -0.983773 0.021667 -0.178102 82.317
-0.17488 0.0774759 0.981537 69.8653 0.0391897 0.996657 -0.071687 -4.52968 -0.983809 0.0259295 -0.177331 82.0953
-0.173794 0.0833103 0.981251 70.9997 0.0424642 0.996123 -0.0770519 -4.61933 -0.983866 0.0282769 -0.176658 81.8836
-0.1731 0.0878482 0.980978 72.1213 0.0432881 0.995731 -0.0815308 -4.71439 -0.983952 0.0283517 -0.176164 81.6804
-0.173216 0.0849738 0.981211 73.2778 0.0401686 0.996052 -0.079168 -4.80991 -0.984064 0.0257008 -0.175945 81.4781
-0.174939 0.0804232 0.981289 74.3873 0.0389295 0.996444 -0.0747252 -4.91098 -0.983809 0.0251288 -0.177447 81.3224
-0.174532 0.0782565 0.981536 75.5795 0.0364172 0.996668 -0.0729874 -5.00216 -0.983977 0.0230062 -0.1768 81.1017
-0.175267 0.0786717 0.981372 76.7273 0.0340815 0.99669 -0.0738129 -5.09467 -0.983931 0.0205097 -0.177368 80.9159
-0.175978 0.0840818 0.980796 77.8907 0.034361 0.996263 -0.0792426 -5.18301 -0.983794 0.0197562 -0.17821 80.7181
-0.176203 0.0867352 0.980525 79.0401 0.0334136 0.996063 -0.0821053 -5.28013 -0.983786 0.0182957 -0.178407 80.5262
-0.175707 0.0859452 0.980683 80.2217 0.033676 0.996124 -0.0812648 -5.37841 -0.983866 0.0187467 -0.17792 80.3053
-0.177181 0.0792816 0.980979 81.3835 0.0349409 0.996629 -0.0742355 -5.47952 -0.983558 0.0211232 -0.179354 80.1398
-0.177729 0.0776329 0.981012 82.5452 0.0342451 0.996768 -0.0726757 -5.57873 -0.983483 0.0206783 -0.179813 79.9328
-0.178447 0.0804772 0.980653 83.7323 0.0313331 0.996609 -0.0760852 -5.67384 -0.98345 0.0171498 -0.180363 79.7358
-0.178013 0.0834867 0.98048 84.9343 0.0309519 0.996377 -0.0792209 -5.77003 -0.983541 0.0162454 -0.179952 79.5159
-0.177925 0.0830325 0.980534 86.1355 0.0299572 0.996429 -0.0789426 -5.8686 -0.983588 0.0153282 -0.179777 79.2999
-0.177188 0.0791766 0.980987 87.3193 0.029952 0.996731 -0.0750374 -5.97639 -0.983721 0.0160869 -0.17898 79.0791
-0.176067 0.0782763 0.981261 88.529 0.0310491 0.996779 -0.0739432 -6.07508 -0.983888 0.0174483 -0.17793 78.8591
-0.175035 0.0788368 0.9814 89.7527 0.032732 0.996704 -0.0742284 -6.17225 -0.984018 0.0191307 -0.177039 78.6393
-0.174592 0.0795601 0.981421 90.9683 0.0350206 0.996601 -0.0745608 -6.26547 -0.984018 0.0213523 -0.176785 78.4306
-0.173866 0.0785766 0.981629 92.1635 0.0350609 0.996674 -0.0735709 -6.37252 -0.984145 0.0216254 -0.176043 78.221
-0.172937 0.0788878 0.981768 93.3858 0.0364879 0.996616 -0.0736536 -6.47664 -0.984257 0.0230853 -0.17523 78.0101
-0.171732 0.0769442 0.982134 94.6025 0.0366782 0.996753 -0.0716762 -6.57728 -0.98446 0.0237139 -0.173996 77.7936
-0.170339 0.0758556 0.982461 95.8513 0.035174 0.996865 -0.0708693 -6.67409 -0.984757 0.0224853 -0.172473 77.5804
-0.169608 0.0749472 0.982657 97.0512 0.0362905 0.996903 -0.06977 -6.77347 -0.984843 0.0238276 -0.171803 77.381
-0.167269 0.0756334 0.983006 98.308 0.034366 0.996895 -0.0708543 -6.86855 -0.985312 0.0219303 -0.169349 77.1593
-0.1656 0.0776801 0.983128 99.5202 0.0356999 0.996712 -0.07274 -6.97777 -0.985546 0.0230519 -0.167829 76.9498
-0.165703 0.076983 0.983166 100.768 0.0326583 0.99683 -0.0725487 -7.06568 -0.985634 0.020087 -0.167692 76.7611
-0.167025 0.075547 0.983054 102.016 0.0288148 0.997008 -0.0717237 -7.16516 -0.985531 0.0163469 -0.168703 76.5872
-0.167642 0.0767345 0.982857 103.253 0.0257779 0.996967 -0.0734393 -7.25613 -0.98551 0.0130245 -0.169112 76.3928
-0.166622 0.0761116 0.983078 104.509 0.0235563 0.997039 -0.0731999 -7.3501 -0.985739 0.0109609 -0.167922 76.1602
-0.167385 0.0739913 0.983111 105.777 0.0209115 0.997222 -0.071493 -7.44288 -0.985669 0.00859158 -0.168467 75.9439
-0.168707 0.0725039 0.982996 107.058 0.0188836 0.997346 -0.0703215 -7.54459 -0.985485 0.00669878 -0.169629 75.7341
-0.169577 0.0720702 0.982878 108.34 0.016994 0.997388 -0.0702023 -7.63951 -0.98537 0.00479839 -0.170359 75.5103
-0.170948 0.0724877 0.98261 109.617 0.0169741 0.997359 -0.0706228 -7.73673 -0.985133 0.00460614 -0.171727 75.2904
-0.173183 0.0714061 0.982297 110.898 0.0169079 0.997437 -0.0695258 -7.83152 -0.984744 0.00456795 -0.173946 75.071
-0.176444 0.0658829 0.982103 112.129 0.0134901 0.997826 -0.064514 -7.93756 -0.984218 0.00186562 -0.176949 74.847
-0.179827 0.0662405 0.981465 113.374 0.0130808 0.997803 -0.0649466 -8.0251 -0.983611 0.00115924 -0.180298 74.6094
-0.184673 0.0713613 0.980205 114.606 0.00755675 0.997434 -0.0711919 -8.1267 -0.982771 -0.00574003 -0.184739 74.3735
-0.191447 0.0746173 0.978662 115.873 0.00872582 0.997196 -0.0743235 -8.2263 -0.981464 -0.00568934 -0.191561 74.1284
-0.200369 0.070938 0.977149 117.169 0.0107907 0.997475 -0.070201 -8.32462 -0.979661 -0.00352196 -0.200629 73.8621
-0.21057 0.0687616 0.975157 118.39 0.0129138 0.997632 -0.0675579 -8.42975 -0.977493 -0.00163267 -0.210959 73.5916
-0.223543 0.0692582 0.97223 119.581 0.0129831 0.997596 -0.06808 -8.53637 -0.974607 -0.00259617 -0.223905 73.3223
-0.236972 0.0693135 0.96904 120.791 0.0150785 0.997594 -0.0676687 -8.63507 -0.971399 -0.00142385 -0.237447 73.0273
-0.25164 0.0670894 0.965492 122.008 0.0151752 0.997745 -0.0653754 -8.73041 -0.967701 -0.00179948 -0.252091 72.7223
-0.266087 0.0704491 0.961371 123.236 0.0200473 0.997515 -0.0675491 -8.8207 -0.96374 0.00129898 -0.266838 72.3766
-0.280503 0.0735375 0.957031 124.391 0.0200941 0.997292 -0.0707416 -8.9186 -0.959642 -0.00061255 -0.281222 72.0237
-0.294863 0.0771431 0.95242 125.572 0.0201152 0.997016 -0.0745278 -9.02194 -0.955327 -0.00281739 -0.295535 71.6552
-0.310557 0.0748316 0.947604 126.783 0.0170579 0.997175 -0.0731559 -9.12529 -0.950401 -0.00655489 -0.310956 71.276
-0.326457 0.0693301 0.942666 128.001 0.0114164 0.997523 -0.0694111 -9.21955 -0.945143 -0.0118978 -0.326439 70.8805
-0.340667 0.0657759 0.93788 129.172 0.00813929 0.997719 -0.0670162 -9.3114 -0.940148 -0.0151965 -0.340426 70.4453
-0.35523 0.0673435 0.93235 130.348 0.00656855 0.997557 -0.0695508 -9.40132 -0.934755 -0.0185823 -0.354804 70.0117
-0.36856 0.0697117 0.926986 131.493 0.00678363 0.99736 -0.0723069 -9.4925 -0.929579 -0.0203611 -0.36806 69.5511
-0.382495 0.0723052 0.921124 132.653 0.0086128 0.997169 -0.0746981 -9.58842 -0.923917 -0.0206381 -0.382035 69.0921
-0.39586 0.0720144 0.915482 133.782 0.01071 0.997215 -0.0738127 -9.69492 -0.918248 -0.0194146 -0.395528 68.5976
-0.409683 0.0701326 0.909527 134.909 0.0105528 0.997338 -0.0721503 -9.79591 -0.912166 -0.0199607 -0.409333 68.0972
-0.423842 0.0686807 0.903128 136.02 0.0104514 0.997426 -0.0709469 -9.89855 -0.905675 -0.0206313 -0.423469 67.579
-0.437911 0.0699667 0.896291 137.156 0.00910477 0.997261 -0.0734002 -9.99452 -0.898972 -0.0239822 -0.437348 67.0292
-0.452844 0.0722971 0.888653 138.244 0.0102499 0.997063 -0.0758937 -10.0926 -0.89153 -0.0252594 -0.452256 66.4988
-0.467241 0.073792 0.881045 139.314 0.0116746 0.996939 -0.0773075 -10.1989 -0.884053 -0.0258353 -0.466672 65.9395
-0.481208 0.0760629 0.8733 140.393 0.014349 0.996779 -0.078911 -10.3092 -0.876489 -0.0254415 -0.480749 65.3488
-0.494071 0.0800867 0.865724 141.476 0.0142828 0.996362 -0.0840206 -10.4049 -0.869303 -0.0291472 -0.493418 64.701
-0.507712 0.082551 0.857562 142.527 0.0153601 0.996108 -0.0867939 -10.5099 -0.861389 -0.030894 -0.507004 64.0607
-0.521643 0.0801943 0.849386 143.569 0.0144141 0.996259 -0.0852089 -10.619 -0.853042 -0.0322054 -0.520847 63.4078
-0.53574 0.076083 0.840948 144.605 0.0118959 0.996514 -0.0825791 -10.7298 -0.844299 -0.034237 -0.534777 62.7171
-0.552236 0.0762863 0.83019 145.654 0.0113642 0.996401 -0.0840002 -10.8321 -0.83361 -0.0369534 -0.551115 62.0564
-0.568496 0.0756151 0.819203 146.741 0.010137 0.996336 -0.0849303 -10.9341 -0.822623 -0.0399782 -0.567179 61.3517
-0.582284 0.0739267 0.809617 147.708 0.00958473 0.996412 -0.0840898 -11.0583 -0.812928 -0.0412042 -0.580904 60.6172
-0.59593 0.0732074 0.799692 148.714 0.00831828 0.996346 -0.0850111 -11.1749 -0.802993 -0.0440086 -0.594361 59.8519
-0.610756 0.0731022 0.788436 149.738 0.00819793 0.99626 -0.0860207 -11.2799 -0.791776 -0.0460741 -0.609071 59.0817
-0.625341 0.070461 0.777164 150.746 0.00786204 0.996434 -0.0840148 -11.3932 -0.780312 -0.0464277 -0.623664 58.2905
-0.639404 0.0677774 0.765877 151.729 0.0086125 0.996676 -0.081012 -11.4996 -0.768822 -0.0452032 -0.637862 57.4827
-0.652411 0.0662564 0.754963 152.656 0.0093517 0.996799 -0.0793989 -11.6092 -0.757807 -0.0447404 -0.650942 56.6624
-0.665355 0.065733 0.743627 153.622 0.00967434 0.996792 -0.0794554 -11.7119 -0.746464 -0.0456719 -0.663856 55.79
-0.678005 0.0672581 0.731973 154.554 0.00884534 0.99648 -0.0833694 -11.8174 -0.735003 -0.0500503 -0.676213 54.9003
-0.691104 0.067388 0.719606 155.469 0.00717818 0.996235 -0.0863992 -11.9193 -0.722719 -0.0545453 -0.688986 54.0018
-0.706165 0.0650023 0.705056 156.416 0.00606662 0.996296 -0.0857768 -12.0285 -0.708021 -0.0562952 -0.703944 53.0845
-0.72154 0.0581608 0.689925 157.33 0.00299117 0.996718 -0.0808954 -12.1401 -0.692366 -0.0563055 -0.719346 52.1514
-0.736658 0.055958 0.673946 158.189 0.00272739 0.996809 -0.0797842 -12.2582 -0.676259 -0.0569355 -0.734459 51.1929
-0.75523 0.0530333 0.653311 159.104 0.000876577 0.996803 -0.0799034 -12.3618 -0.655459 -0.0597727 -0.752861 50.2636
-0.770219 0.0498869 0.635825 159.919 -0.00145929 0.996796 -0.0799764 -12.4748 -0.637777 -0.0625271 -0.767678 49.2287
-0.784718 0.0485964 0.617944 160.72 -0.000541987 0.996868 -0.079084 -12.5832 -0.619852 -0.0623935 -0.782234 48.1858
-0.798483 0.0508365 0.599866 161.484 0.00189179 0.996635 -0.0819431 -12.7014 -0.602014 -0.0642953 -0.795892 47.1239
-0.812403 0.0501924 0.580932 162.252 0.00526406 0.996879 -0.0787688 -12.8204 -0.583072 -0.0609338 -0.810131 46.0432
-0.825739 0.0524493 0.561608 162.988 0.00982546 0.996854 -0.078651 -12.9271 -0.563967 -0.0594271 -0.823656 44.9526
-0.837694 0.0541554 0.543448 163.663 0.0117289 0.996626 -0.0812359 -13.0367 -0.546013 -0.0616767 -0.835502 43.8311
-0.851975 0.0558906 0.52059 164.384 0.0129225 0.996228 -0.0858066 -13.1426 -0.523422 -0.0663777 -0.849483 42.7493
-0.864219 0.0572388 0.499849 165.048 0.0164118 0.996186 -0.0857001 -13.2584 -0.502848 -0.0658601 -0.861862 41.6073
-0.874678 0.056388 0.481413 165.666 0.018393 0.996356 -0.0832851 -13.3725 -0.484355 -0.0639929 -0.872527 40.4662
-0.884387 0.0578454 0.463155 166.276 0.0209206 0.996206 -0.0844729 -13.4965 -0.466285 -0.0650172 -0.882242 39.2876
-0.892235 0.0608883 0.447446 166.835 0.02384 0.995838 -0.0879748 -13.6106 -0.45094 -0.0678271 -0.889973 38.1394
-0.900874 0.0592433 0.430018 167.408 0.0230605 0.995776 -0.0888765 -13.7382 -0.433467 -0.0701501 -0.898435 36.9825
-0.908584 0.0568537 0.413814 167.899 0.022275 0.995879 -0.0879155 -13.8413 -0.417107 -0.0706609 -0.906106 35.8573
-0.914852 0.0538954 0.400174 168.423 0.0203712 0.995951 -0.0875634 -13.9786 -0.403273 -0.0719555 -0.912246 34.6112
-0.920455 0.0525288 0.387301 168.92 0.0203784 0.99603 -0.0866583 -14.1045 -0.390315 -0.0718724 -0.917871 33.3792
-0.925899 0.0501079 0.374432 169.402 0.0192151 0.996128 -0.0857906 -14.2232 -0.377281 -0.0722387 -0.923277 32.1373
-0.930834 0.0459707 0.362537 169.862 0.0173512 0.996497 -0.0818084 -14.3374 -0.365028 -0.0698595 -0.928371 30.9208
-0.935565 0.043224 0.350497 170.336 0.0167275 0.996792 -0.0782766 -14.4492 -0.352756 -0.0673699 -0.933286 29.6899
-0.939379 0.0434878 0.340111 170.755 0.0194056 0.997078 -0.073892 -14.5695 -0.342331 -0.0628124 -0.937477 28.4848
-0.942462 0.0472709 0.330952 171.233 0.0235454 0.99688 -0.0753367 -14.6854 -0.33348 -0.0632096 -0.940635 27.2043
-0.9438 0.0524214 0.326331 171.588 0.0290779 0.996683 -0.076008 -14.8025 -0.329233 -0.0622473 -0.942194 26.0035
-0.944834 0.0562231 0.322688 171.996 0.0325891 0.996406 -0.0781862 -14.9197 -0.325924 -0.0633568 -0.94327 24.679
-0.947139 0.0533418 0.316357 172.457 0.030161 0.996519 -0.0777268 -15.0209 -0.319402 -0.0640763 -0.94545 23.4321
-0.949225 0.0458676 0.311234 172.903 0.0238802 0.996966 -0.0740947 -15.1302 -0.313688 -0.0629001 -0.94744 22.172
-0.95102 0.0397416 0.306563 173.327 0.0183933 0.99722 -0.0722157 -15.2381 -0.308581 -0.0630397 -0.949106 20.9063
-0.952544 0.0330634 0.302598 173.731 0.0113722 0.997255 -0.0731667 -15.347 -0.304186 -0.0662532 -0.950305 19.6477
-0.953554 0.0303469 0.299687 174.125 0.00781907 0.997071 -0.0760863 -15.4505 -0.301118 -0.0702091 -0.950998 18.3873
-0.954052 0.0310802 0.298023 174.508 0.00796796 0.996886 -0.0784554 -15.5617 -0.299533 -0.0724759 -0.951328 17.1625
-0.954217 0.0314704 0.297453 174.906 0.00783674 0.996739 -0.0803144 -15.679 -0.299011 -0.0743062 -0.951352 15.8928
-0.954056 0.0343411 0.297653 175.295 0.0100996 0.996532 -0.0826007 -15.7879 -0.299458 -0.0757994 -0.951093 14.6431
-0.954017 0.0354806 0.297642 175.693 0.0105736 0.996336 -0.0848777 -15.8997 -0.299563 -0.0778276 -0.950896 13.4227
-0.953812 0.0362354 0.298208 176.092 0.0107881 0.99619 -0.086542 -16.0282 -0.300208 -0.0793277 -0.950569 12.1745
-0.953042 0.0376026 0.300492 176.485 0.0118551 0.996133 -0.0870531 -16.1425 -0.302604 -0.0794029 -0.949802 10.9254
-0.952247 0.0374382 0.303023 176.891 0.0114741 0.996141 -0.0870153 -16.2716 -0.305111 -0.0793831 -0.949002 9.66322
-0.950819 0.036371 0.307603 177.29 0.00977265 0.99611 -0.0875722 -16.3874 -0.309592 -0.0802592 -0.947476 8.42071
-0.94947 0.0353617 0.311858 177.716 0.00903901 0.996302 -0.0854513 -16.5047 -0.313726 -0.0783145 -0.946278 7.18897
-0.947846 0.033406 0.316973 178.133 0.00729724 0.996506 -0.0832015 -16.618 -0.318645 -0.0765491 -0.944777 5.97634
-0.945496 0.0313309 0.324122 178.582 0.00532709 0.996716 -0.0808066 -16.7364 -0.32559 -0.0746757 -0.942557 4.70945
-0.943045 0.0334013 0.330982 179.04 0.00693865 0.996705 -0.0808133 -16.8584 -0.332591 -0.073914 -0.94017 3.45115
-0.94008 0.0337822 0.339275 179.485 0.00663116 0.996703 -0.0808694 -16.9802 -0.340889 -0.0737739 -0.937204 2.22364
-0.936947 0.0371028 0.347495 179.99 0.00828194 0.996426 -0.0840602 -17.0867 -0.349372 -0.075882 -0.933906 0.997579
-0.933143 0.0378785 0.357504 180.449 0.00863966 0.99651 -0.0830318 -17.2102 -0.359401 -0.0743918 -0.930213 -0.204329
-0.928573 0.039908 0.368996 180.917 0.00960746 0.996454 -0.0835924 -17.3409 -0.371024 -0.0740765 -0.925664 -1.38728
-0.923089 0.0423918 0.382241 181.423 0.0101953 0.996255 -0.0858668 -17.4507 -0.38445 -0.0753656 -0.920064 -2.60381
-0.917509 0.0455289 0.395099 181.932 0.0119118 0.996126 -0.0871257 -17.5565 -0.397536 -0.0752322 -0.914497 -3.78895
-0.911146 0.0448027 0.40964 182.431 0.0109919 0.996361 -0.084524 -17.6847 -0.411937 -0.0725109 -0.908322 -4.98025
-0.905789 0.0473311 0.421075 183 0.0124003 0.996277 -0.0853121 -17.8036 -0.423546 -0.0720533 -0.903004 -6.11883
-0.898827 0.0494282 0.435506 183.552 0.0142288 0.996388 -0.0837198 -17.9363 -0.438071 -0.0690529 -0.896284 -7.29672
-0.892424 0.0510443 0.4483 184.136 0.0159761 0.996532 -0.0816636 -18.0606 -0.450914 -0.0657165 -0.890144 -8.44086
-0.883922 0.0533881 0.464575 184.748 0.0181972 0.996636 -0.0799086 -18.1763 -0.467279 -0.062179 -0.88192 -9.67482
-0.87523 0.0569076 0.480346 185.383 0.0213636 0.996634 -0.0791472 -18.2856 -0.483233 -0.0590101 -0.8735 -10.8607
-0.866328 0.0606583 0.495778 186.013 0.0246395 0.99658 -0.0788759 -18.3938 -0.498867 -0.0561166 -0.864859 -11.9712
-0.855367 0.0672798 0.513634 186.641 0.0328763 0.996582 -0.0757903 -18.4939 -0.516977 -0.0479421 -0.854655 -13.0611
-0.844637 0.0704031 0.530689 187.302 0.0351809 0.996472 -0.0762021 -18.5941 -0.534182 -0.045693 -0.844133 -14.1392
-0.833105 0.0763745 0.547816 187.975 0.0418291 0.996284 -0.0752857 -18.6709 -0.55153 -0.0398062 -0.833204 -15.1541
-0.821651 0.0788179 0.564514 188.684 0.0428935 0.996135 -0.0766495 -18.7705 -0.568373 -0.0387651 -0.821856 -16.2046
-0.808652 0.0838422 0.582281 189.44 0.0470032 0.995836 -0.0781131 -18.8538 -0.586405 -0.0357972 -0.809226 -17.2488
-0.797053 0.0867152 0.59765 190.214 0.0499463 0.995713 -0.0778607 -18.9388 -0.60184 -0.0322086 -0.797966 -18.2099
-0.783302 0.0900141 0.615089 191.003 0.0530162 0.995529 -0.078174 -19.0324 -0.619376 -0.028624 -0.784572 -19.1797
-0.769112 0.0931713 0.632285 191.841 0.0545777 0.995278 -0.0802721 -19.1416 -0.636778 -0.0272296 -0.770565 -20.0997
-0.748268 0.0970033 0.656265 192.596 0.0553907 0.994933 -0.0839061 -19.2501 -0.661079 -0.0264332 -0.749849 -21.0809
-0.72922 0.098369 0.677171 193.396 0.0558221 0.994867 -0.0844061 -19.3771 -0.681998 -0.0237495 -0.730968 -22.0011
-0.710751 0.0983707 0.696531 194.253 0.0537623 0.994874 -0.0856457 -19.4881 -0.701386 -0.0234256 -0.712396 -22.8879
-0.691389 0.0983469 0.715757 195.114 0.0518789 0.994893 -0.0865881 -19.6045 -0.720617 -0.0227333 -0.692959 -23.7197
-0.671602 0.0983752 0.734352 196.003 0.0496881 0.994895 -0.0878358 -19.7305 -0.739244 -0.0225021 -0.673061 -24.5448
-0.650601 0.0979572 0.753075 196.915 0.0468755 0.994935 -0.0889205 -19.8518 -0.757971 -0.022551 -0.651898 -25.3546
-0.628916 0.0977802 0.771299 197.831 0.0451727 0.99498 -0.0893032 -19.974 -0.776159 -0.0213225 -0.630175 -26.1314
-0.606047 0.0972443 0.789461 198.773 0.0447489 0.995095 -0.0882214 -20.103 -0.794168 -0.0181388 -0.607426 -26.879
-0.582112 0.0978304 0.807201 199.734 0.044858 0.995088 -0.0882524 -20.232 -0.81187 -0.0151633 -0.583641 -27.5815
-0.557149 0.101457 0.82419 200.726 0.0446275 0.994732 -0.0922829 -20.3369 -0.829212 -0.0146338 -0.558742 -28.2647
-0.531354 0.102464 0.84093 201.734 0.0431734 0.994644 -0.0939136 -20.4497 -0.846048 -0.0135956 -0.532932 -28.9063
-0.504781 0.100142 0.857419 202.785 0.0384323 0.994871 -0.09357 -20.5857 -0.862391 -0.0142797 -0.50604 -29.5465
-0.477756 0.098735 0.872926 203.825 0.0358773 0.995028 -0.0929099 -20.697 -0.877759 -0.01307 -0.478922 -30.1242
-0.446151 0.100627 0.889282 204.847 0.0347228 0.994857 -0.0951527 -20.8113 -0.894283 -0.0115741 -0.44735 -30.6777
-0.413342 0.101197 0.904935 205.942 0.0357762 0.994843 -0.0949094 -20.9843 -0.909872 -0.00685491 -0.41483 -31.2322
-0.379332 0.101315 0.919696 207.019 0.0416994 0.994849 -0.0923943 -21.1594 -0.92432 0.0033027 -0.381603 -31.7194
-0.348327 0.102366 0.931766 208.146 0.0422709 0.994723 -0.0934798 -21.271 -0.936419 0.00682509 -0.350816 -32.1415
-0.315531 0.102161 0.943399 209.292 0.0393825 0.994741 -0.0945492 -21.3872 -0.948097 0.00732019 -0.317895 -32.5496
-0.281699 0.101455 0.954123 210.417 0.0393362 0.994779 -0.0941645 -21.5051 -0.958696 0.0110056 -0.284219 -32.8926
-0.247626 0.0996992 0.963712 211.579 0.0381856 0.994923 -0.0931163 -21.6309 -0.968102 0.013742 -0.250175 -33.2064
-0.212552 0.0983847 0.972184 212.731 0.0375662 0.995006 -0.0924811 -21.7554 -0.976427 0.0168643 -0.215186 -33.4825
-0.179416 0.0986589 0.978813 213.914 0.0353508 0.994963 -0.0938068 -21.8615 -0.983137 0.0177714 -0.182 -33.6915
-0.144441 0.0987347 0.984575 215.088 0.0338205 0.994921 -0.0948106 -21.9752 -0.988935 0.0196043 -0.147046 -33.8743
-0.108814 0.0991055 0.989109 216.264 0.0326312 0.994838 -0.0960897 -22.091 -0.993526 0.02182 -0.111486 -34.0188
-0.0739069 0.100053 0.992233 217.468 0.0297254 0.994733 -0.0980913 -22.2133 -0.996822 0.0222449 -0.0764915 -34.1209
-0.0396906 0.1002 0.994175 218.669 0.0269207 0.994705 -0.0991791 -22.3289 -0.998849 0.0228275 -0.0421776 -34.1773
-0.00603045 0.0997722 0.994991 219.87 0.024484 0.994727 -0.0995972 -22.4515 -0.999682 0.0237608 -0.00844118 -34.1923
0.0288784 0.100218 0.994546 221.052 0.0218831 0.994659 -0.100865 -22.5793 -0.999343 0.0246766 0.0265314 -34.1954
0.0623763 0.0997358 0.993056 222.257 0.0222383 0.994609 -0.101289 -22.7134 -0.997804 0.0284019 0.0598223 -34.1438
0.0951315 0.0971527 0.990712 223.431 0.0222816 0.994769 -0.0996901 -22.8481 -0.995215 0.0315583 0.0924694 -34.0492
0.125732 0.0958599 0.987422 224.624 0.0218703 0.994811 -0.099362 -22.9813 -0.991823 0.0340882 0.122983 -33.9028
0.156167 0.0957021 0.983083 225.821 0.0215747 0.994727 -0.100263 -23.1149 -0.987494 0.0368674 0.153279 -33.7277
0.186928 0.0944997 0.977817 226.993 0.0228583 0.994675 -0.100499 -23.2563 -0.982107 0.0411373 0.183773 -33.517
0.21615 0.0937198 0.971851 228.152 0.0231792 0.994609 -0.10107 -23.383 -0.976084 0.0443729 0.212813 -33.2564
0.245844 0.0916516 0.964966 229.348 0.0243933 0.994619 -0.100683 -23.5235 -0.969002 0.048291 0.242286 -32.9609
0.276695 0.0903157 0.956704 230.525 0.0248265 0.994569 -0.101071 -23.6564 -0.960636 0.0517173 0.27295 -32.6492
0.306325 0.0887692 0.947778 231.681 0.0262769 0.994475 -0.101635 -23.797 -0.951564 0.0560382 0.3023 -32.2942
0.334221 0.0863256 0.938533 232.797 0.0267113 0.994529 -0.100988 -23.9434 -0.942116 0.0588218 0.330086 -31.8938
0.36173 0.0835821 0.928528 233.919 0.0264212 0.994654 -0.0998274 -24.0848 -0.931908 0.0606435 0.357588 -31.4594
0.389553 0.0826923 0.917284 235.034 0.0254535 0.994614 -0.100473 -24.2169 -0.920652 0.0624877 0.38535 -30.9894
0.419176 0.0839351 0.904016 236.154 0.0248896 0.994281 -0.103857 -24.3488 -0.907563 0.0660349 0.41469 -30.5109
0.449066 0.0852287 0.889423 237.267 0.0240722 0.993925 -0.107396 -24.4855 -0.893173 0.0696385 0.444287 -29.9981
0.47753 0.0830517 0.87468 238.353 0.0246639 0.993863 -0.107833 -24.6195 -0.878268 0.0730667 0.472552 -29.4458
0.503798 0.0802482 0.860085 239.398 0.0244899 0.993949 -0.107083 -24.7624 -0.863474 0.0750115 0.498784 -28.8386
0.528929 0.0782217 0.845053 240.431 0.0221248 0.994134 -0.105869 -24.9064 -0.848377 0.074694 0.524095 -28.1974
0.550751 0.0785773 0.830962 241.433 0.0196713 0.99406 -0.107038 -25.0368 -0.834437 0.0752974 0.545934 -27.5194
0.571287 0.0788015 0.816958 242.459 0.0172674 0.994006 -0.107954 -25.1742 -0.820568 0.0757794 0.566503 -26.7822
0.591848 0.0772355 0.80234 243.472 0.0155279 0.994122 -0.107151 -25.3163 -0.805899 0.0758759 0.58717 -26.0746
0.611964 0.0752624 0.787295 244.486 0.0138994 0.994285 -0.105854 -25.4487 -0.790762 0.0757217 0.607421 -25.3382
0.630862 0.072019 0.772544 245.517 0.0142416 0.99444 -0.104334 -25.5857 -0.775763 0.0768229 0.626329 -24.5542
0.648116 0.0693805 0.758374 246.49 0.0139892 0.994589 -0.102946 -25.7262 -0.761412 0.0773301 0.643638 -23.7595
0.662719 0.0666109 0.745899 247.395 0.015627 0.994589 -0.102704 -25.8631 -0.748704 0.0797201 0.658093 -22.9331
0.678695 0.0659371 0.731453 248.337 0.0141574 0.994602 -0.102795 -26.0062 -0.734282 0.080122 0.674098 -22.096
0.69282 0.0639429 0.718269 249.198 0.014971 0.994571 -0.102981 -26.1384 -0.720954 0.0821004 0.688102 -21.2353
0.707494 0.0612201 0.704062 250.087 0.0139481 0.994837 -0.10052 -26.2701 -0.70658 0.0809376 0.702988 -20.3573
0.72066 0.0581064 0.690849 250.938 0.0134508 0.995122 -0.0977295 -26.4191 -0.693157 0.0797222 0.716363 -19.4143
0.736064 0.0553337 0.674646 251.83 0.0134324 0.995263 -0.0962855 -26.5597 -0.676778 0.0799344 0.731834 -18.5019
0.748709 0.0544871 0.660655 252.61 0.0133166 0.995179 -0.097168 -26.7061 -0.662764 0.0815482 0.744374 -17.5733
0.76207 0.0530331 0.645318 253.489 0.0129493 0.995193 -0.0970783 -26.8538 -0.647363 0.0823369 0.75772 -16.5847
0.773495 0.0516064 0.631697 254.292 0.0119484 0.995315 -0.0959426 -26.9958 -0.633688 0.0817589 0.769255 -15.5925
0.782835 0.0483394 0.620348 255.048 0.0120949 0.995607 -0.0928435 -27.1349 -0.622111 0.0801841 0.778811 -14.5605
0.791278 0.0454765 0.609762 255.774 0.0129099 0.995766 -0.0910178 -27.2758 -0.611319 0.0798923 0.78734 -13.52
0.801145 0.0463249 0.596673 256.582 0.0112834 0.995653 -0.0924511 -27.3951 -0.598362 0.0807993 0.79714 -12.4486
0.811091 0.04358 0.583293 257.372 0.0146787 0.99539 -0.0947803 -27.5225 -0.584735 0.0854374 0.806712 -11.397
0.81937 0.0418359 0.571735 258.104 0.0145871 0.995489 -0.0937486 -27.6514 -0.573078 0.0851547 0.815064 -10.3458
0.82714 0.0376071 0.560736 258.835 0.0175575 0.995542 -0.0926673 -27.782 -0.561721 0.0864939 0.822792 -9.2679
0.833602 0.03615 0.55118 259.544 0.0180275 0.995544 -0.0925591 -27.9151 -0.552069 0.0870938 0.829236 -8.17803
0.838811 0.0345835 0.543322 260.259 0.0185457 0.995586 -0.0920027 -28.0447 -0.544105 0.0872492 0.834467 -7.04369
0.843021 0.0332544 0.53685 260.992 0.018163 0.995758 -0.0902022 -28.1793 -0.537572 0.0857931 0.838841 -5.89147
0.845738 0.032557 0.532603 261.686 0.0176576 0.995883 -0.0889153 -28.3044 -0.533304 0.0846036 0.841681 -4.77965
0.847938 0.0324678 0.529099 262.38 0.017147 0.99592 -0.0885937 -28.4293 -0.529816 0.0841944 0.843922 -3.66798
0.850336 0.0315476 0.525292 263.081 0.0172629 0.995992 -0.0877613 -28.5639 -0.525955 0.0836947 0.846384 -2.53595
0.85258 0.0287312 0.521805 263.777 0.0187535 0.996163 -0.0854912 -28.6864 -0.522259 0.0826738 0.848769 -1.41081
0.85468 0.0272629 0.518438 264.475 0.0198445 0.996175 -0.0851003 -28.8084 -0.518775 0.0830216 0.850869 -0.275975
0.856708 0.0272508 0.51508 265.176 0.0206108 0.995997 -0.086975 -28.9104 -0.515388 0.0851284 0.852717 0.920139
0.859151 0.0264932 0.511035 265.879 0.0207068 0.996041 -0.0864492 -29.0402 -0.511302 0.0848548 0.855201 2.07167
0.860994 0.0273312 0.507879 266.572 0.019331 0.996075 -0.0863744 -29.1672 -0.508246 0.0841856 0.857086 3.26058
0.862445 0.0273738 0.505409 267.232 0.0192242 0.996045 -0.0867522 -29.2824 -0.505784 0.0845351 0.858508 4.42647
0.86477 0.0287267 0.501344 267.942 0.0174344 0.996043 -0.0871451 -29.4145 -0.501863 0.0841011 0.860848 5.62365
0.864726 0.0317254 0.50124 268.592 0.0149667 0.995932 -0.0888564 -29.5251 -0.50202 0.0843383 0.860733 6.82118
0.864027 0.0380756 0.502002 269.282 0.00936518 0.995748 -0.0916439 -29.6397 -0.503356 0.0838842 0.859997 8.10524
0.86524 0.0376848 0.499938 270.074 0.00951316 0.995758 -0.0915233 -29.8041 -0.501266 0.0839456 0.861211 9.49006
0.865481 0.0402777 0.499319 270.781 0.00697555 0.995697 -0.0924089 -29.9552 -0.500892 0.0834611 0.861476 10.7579
0.866872 0.039542 0.496958 271.477 0.00818985 0.995586 -0.0935026 -30.0957 -0.498461 0.0851249 0.862722 11.9688
0.867991 0.0397841 0.494983 272.189 0.00898278 0.995365 -0.095754 -30.217 -0.496497 0.08756 0.86361 13.2114
0.867647 0.0425584 0.495354 272.847 0.00640149 0.995291 -0.0967231 -30.3577 -0.497137 0.0870925 0.863289 14.389
