1 0 0 0 0 1 0 0 0 0 1 0
0.999999 0.000435624 0.000937466 0.000414282 -0.000431918 0.999992 -0.00394971 -0.00790286 -0.000939179 0.0039493 0.999992 0.988359
0.999996 -0.00239049 0.00132109 0.0107799 0.00239677 0.999986 -0.00476584 -0.00719438 -0.00130967 0.00476899 0.999988 1.93857
0.999991 -0.00400152 0.00153712 0.0104591 0.00400303 0.999991 -0.000976814 -0.00411023 -0.0015332 0.000982958 0.999998 2.90726
0.999974 -0.00719791 -0.0003941 0.0318552 0.00719973 0.999962 0.00482655 -0.00192536 0.000359344 -0.00482926 0.999988 3.86523
0.999947 -0.0101727 -0.00181936 0.0318128 0.0101817 0.999936 0.0049858 -0.000526406 0.00176853 -0.00500405 0.999986 4.83514
0.999912 -0.0127295 -0.00372427 0.0375381 0.0127384 0.999916 0.00236379 0.00681592 0.00369387 -0.00241102 0.99999 5.79968
0.999897 -0.0135164 -0.00477296 0.0384469 0.0135115 0.999908 -0.00107277 0.00746296 0.00478702 0.00100817 0.999988 6.73907
0.999893 -0.0134914 -0.0056428 0.0275227 0.0134814 0.999908 -0.00180224 0.0147246 0.00566659 0.00172598 0.999982 7.68094
0.999884 -0.0132376 -0.00750796 0.0249396 0.0132397 0.999912 0.000232362 0.013824 0.00750422 -0.000331737 0.999972 8.62735
0.99987 -0.013108 -0.00936563 0.0287754 0.0131361 0.999909 0.00295026 0.0172867 0.00932611 -0.0030729 0.999952 9.58196
0.999852 -0.0136097 -0.0105542 0.0150687 0.0136583 0.999896 0.00454548 0.0204434 0.0104912 -0.00468895 0.999934 10.5351
0.999831 -0.0147415 -0.0110469 0.00541861 0.014801 0.999876 0.0053205 0.0253612 0.0109671 -0.0054831 0.999925 11.4693
0.999808 -0.0153734 -0.0121732 -0.00565917 0.0154361 0.999868 0.00507463 0.0364118 0.0120935 -0.00526156 0.999913 12.3981
0.999792 -0.0158138 -0.012932 -0.0174218 0.0158662 0.999866 0.00395859 0.0370313 0.0128677 -0.00416295 0.999909 13.3235
0.999757 -0.0164233 -0.0147022 -0.0318289 0.0164528 0.999863 0.00188565 0.0426925 0.0146693 -0.00212708 0.99989 14.2862
0.999691 -0.0178078 -0.01733 -0.0320524 0.0178215 0.999841 0.000637495 0.0435396 0.0173159 -0.000946144 0.99985 15.2097
0.999657 -0.0174403 -0.0195259 -0.0464327 0.0174469 0.999848 0.000168667 0.0403412 0.0195199 -0.000509273 0.999809 16.1382
0.99964 -0.0159039 -0.0215931 -0.0627107 0.0158918 0.999873 -0.0007322 0.0413885 0.021602 0.000388786 0.999767 17.0473
0.999609 -0.0143259 -0.0240096 -0.0794486 0.0143107 0.999897 -0.000808151 0.0452105 0.0240187 0.000464245 0.999711 17.9569
0.999545 -0.0149604 -0.0261838 -0.0953111 0.0149822 0.999887 0.000633276 0.0373883 0.0261714 -0.00102528 0.999657 18.8619
0.999507 -0.0145178 -0.027845 -0.124304 0.0145845 0.999891 0.00219075 0.0356388 0.0278102 -0.00259577 0.99961 19.7927
0.999471 -0.0140956 -0.029325 -0.154128 0.014214 0.999892 0.00383491 0.0265152 0.0292678 -0.00424971 0.999563 20.6954
0.999388 -0.0151998 -0.0315134 -0.1767 0.0153197 0.999876 0.00356482 0.0310551 0.0314554 -0.00404541 0.999497 21.592
0.99935 -0.0153483 -0.0326205 -0.218156 0.0154711 0.999874 0.00351634 0.0291146 0.0325624 -0.00401873 0.999462 22.4909
0.999365 -0.0152971 -0.0321883 -0.276258 0.0154399 0.999872 0.00419258 0.0295995 0.03212 -0.0046869 0.999473 23.3678
0.999335 -0.0150585 -0.0332202 -0.311762 0.0152876 0.999861 0.00665544 0.0272455 0.0331154 -0.00715887 0.999426 24.2444
0.99927 -0.0158985 -0.0347256 -0.332192 0.0162514 0.999819 0.00990626 0.0263274 0.0345618 -0.0104634 0.999348 25.119
0.999218 -0.0155731 -0.0363469 -0.354735 0.016003 0.999805 0.0115663 0.0294323 0.0361597 -0.0121389 0.999272 25.985
0.99917 -0.015235 -0.0377862 -0.380456 0.015629 0.999826 0.0101556 0.0414927 0.037625 -0.0107377 0.999234 26.8431
0.99906 -0.0137936 -0.0410954 -0.39201 0.0141236 0.99987 0.00775211 0.0476575 0.0409831 -0.00832524 0.999125 27.6818
0.999002 -0.0135263 -0.0425717 -0.423113 0.0138047 0.999885 0.00625293 0.0508151 0.0424822 -0.00683438 0.999074 28.5044
0.998977 -0.0125359 -0.0434583 -0.460535 0.0128085 0.9999 0.00600047 0.0554043 0.0433787 -0.00655097 0.999037 29.3306
0.99894 -0.0128812 -0.044198 -0.506447 0.0131556 0.999896 0.00592239 0.0518448 0.0441171 -0.00649756 0.999005 30.1299
0.998878 -0.0124426 -0.0456843 -0.547721 0.0126861 0.999907 0.00504392 0.0538984 0.0456173 -0.00561782 0.998943 30.9255
0.998824 -0.0120007 -0.0469689 -0.597632 0.0122209 0.999916 0.00440398 0.0675849 0.0469121 -0.00497281 0.998887 31.7058
0.998702 -0.0118262 -0.0495432 -0.626555 0.012077 0.999916 0.00476628 0.0843781 0.0494827 -0.00535842 0.998761 32.4874
0.998627 -0.0120277 -0.0509718 -0.677498 0.012404 0.999898 0.00707238 0.088089 0.0508815 -0.00769493 0.998675 33.238
0.99851 -0.0108183 -0.0534787 -0.715326 0.011282 0.999901 0.0083766 0.0952966 0.0533827 -0.00896747 0.998534 34.004
0.998414 -0.0095073 -0.0554877 -0.754742 0.00998227 0.999916 0.00828904 0.104926 0.0554042 -0.00882979 0.998425 34.7553
0.998296 -0.00668481 -0.0579594 -0.795737 0.00711865 0.999948 0.00728196 0.113577 0.0579077 -0.00768214 0.998292 35.4996
0.9982 -0.00498301 -0.0597677 -0.844888 0.00539385 0.999963 0.00671432 0.117771 0.059732 -0.00702461 0.99819 36.2183
0.998116 -0.00448581 -0.0611856 -0.894002 0.00497566 0.999957 0.00785583 0.125121 0.0611477 -0.00814547 0.998095 36.9356
0.998078 -0.00300329 -0.0618993 -0.9476 0.00360381 0.999947 0.00959208 0.133794 0.0618672 -0.00979671 0.998036 37.6515
0.998103 -0.000377588 -0.061557 -1.00296 0.000998794 0.999949 0.010061 0.138957 0.0615501 -0.0101034 0.998053 38.3412
0.998188 0.0029298 -0.0601043 -1.05626 -0.00246132 0.999966 0.00786684 0.14498 0.0601253 -0.00770465 0.998161 39.024
0.998249 0.00414101 -0.0590019 -1.08866 -0.00384817 0.99998 0.00507594 0.146348 0.0590217 -0.00484001 0.998245 39.7116
0.998394 0.00455024 -0.0564568 -1.13539 -0.00435466 0.999984 0.00358663 0.149582 0.0564722 -0.00333503 0.998399 40.3743
0.998544 0.00572131 -0.0536418 -1.16742 -0.00551838 0.999977 0.00393026 0.164219 0.0536631 -0.00362852 0.998553 41.0586
0.998673 0.0103411 -0.0504348 -1.20776 -0.0100288 0.999929 0.00644055 0.169175 0.0504978 -0.0059262 0.998707 41.7296
0.99884 0.0143936 -0.0459349 -1.25719 -0.0139388 0.999851 0.0102065 0.167674 0.0460749 -0.00955443 0.998892 42.3421
0.998954 0.0196212 -0.0412829 -1.29289 -0.019184 0.999756 0.0109613 0.177284 0.0414879 -0.0101578 0.999087 42.9799
0.999112 0.0234366 -0.0349988 -1.33405 -0.0230802 0.999678 0.0105523 0.194782 0.0352348 -0.00973519 0.999332 43.5789
0.999225 0.0270615 -0.0285537 -1.36913 -0.0267074 0.999563 0.0127107 0.199151 0.0288851 -0.0119382 0.999511 44.1423
0.999251 0.0320543 -0.0216594 -1.39127 -0.0317579 0.999399 0.0138933 0.204394 0.0220917 -0.0131951 0.999669 44.7101
0.999265 0.0358602 -0.0134897 -1.42161 -0.0356803 0.999274 0.0133531 0.21172 0.0139587 -0.012862 0.99982 45.2545
0.999222 0.038821 -0.00696148 -1.41414 -0.038723 0.999156 0.0136926 0.211903 0.00748713 -0.0134124 0.999882 45.778
0.999051 0.0435426 0.000641792 -1.42747 -0.0435473 0.998967 0.0129515 0.222211 -7.72274e-05 -0.0129672 0.999916 46.3124
0.99884 0.0474294 0.00825419 -1.4319 -0.0475079 0.998825 0.00958992 0.237215 -0.0077897 -0.00997094 0.99992 46.8013
0.998646 0.0492977 0.0165885 -1.43042 -0.0494076 0.998759 0.00627876 0.24308 -0.0162585 -0.00708986 0.999843 47.2741
0.998496 0.0492976 0.0239881 -1.41092 -0.0494528 0.998759 0.00592047 0.252696 -0.0236666 -0.00709784 0.999695 47.6981
0.998315 0.0485562 0.0317522 -1.39233 -0.0487998 0.998784 0.00694068 0.258523 -0.0313766 -0.00847849 0.999471 48.0942
0.997942 0.0504188 0.0396206 -1.37463 -0.0507413 0.998686 0.0071767 0.270183 -0.0392067 -0.00917233 0.999189 48.4848
0.997349 0.0539456 0.0488209 -1.36512 -0.0543492 0.998498 0.00697509 0.279703 -0.0483713 -0.00960998 0.998783 48.8416
0.99669 0.0582696 0.0566848 -1.32693 -0.0587272 0.998253 0.00643986 0.280959 -0.0562106 -0.00974749 0.998371 49.1489
0.99595 0.0617808 0.0653117 -1.3014 -0.0622295 0.99805 0.00485604 0.316166 -0.0648844 -0.0089007 0.997853 49.4852
0.99536 0.0608449 0.0745388 -1.26486 -0.0614023 0.998099 0.00520656 0.324872 -0.0740804 -0.00975926 0.997204 49.7584
0.994527 0.0593864 0.0859577 -1.24608 -0.0598871 0.9982 0.00325663 0.326702 -0.0856096 -0.00838657 0.996293 50.0251
0.993603 0.0578616 0.0969719 -1.16996 -0.0580893 0.998311 -0.000476322 0.316141 -0.0968358 -0.00515976 0.995287 50.2345
0.992218 0.0593378 0.109464 -1.10944 -0.0593107 0.998233 -0.00350712 0.296903 -0.109478 -0.00301254 0.993984 50.4721
0.990313 0.060509 0.124973 -1.07269 -0.0603092 0.998165 -0.00538515 0.294105 -0.12507 -0.00220407 0.992145 50.7287
0.987991 0.0620642 0.141498 -1.03497 -0.0617352 0.99807 -0.00671848 0.295744 -0.141642 -0.00209762 0.989915 50.9901
0.985332 0.0624544 0.15881 -0.991353 -0.0619371 0.998046 -0.00821005 0.301759 -0.159012 -0.00174659 0.987275 51.2653
0.982345 0.0612841 0.176754 -0.930453 -0.0605078 0.99812 -0.00978418 0.310389 -0.177021 -0.00108353 0.984206 51.5216
0.978754 0.0604815 0.195912 -0.861416 -0.0596459 0.998168 -0.0101679 0.306242 -0.196168 -0.00173351 0.980568 51.7502
0.974604 0.0605806 0.215583 -0.783031 -0.0596242 0.998161 -0.0109433 0.29611 -0.21585 -0.00218855 0.976424 51.978
0.969508 0.0626524 0.236915 -0.712592 -0.0611004 0.998035 -0.013895 0.310403 -0.23732 -0.00100428 0.971431 52.2522
0.963822 0.0636784 0.258828 -0.60478 -0.0616905 0.99797 -0.015804 0.304053 -0.259309 -0.000735025 0.965794 52.5013
0.956867 0.0645866 0.283254 -0.511869 -0.0624971 0.99791 -0.0164171 0.292344 -0.283723 -0.00199357 0.958904 52.7484
0.948819 0.0666803 0.3087 -0.403648 -0.0647239 0.997765 -0.0165858 0.277398 -0.309116 -0.00424328 0.951015 52.9967
0.939583 0.0683873 0.33542 -0.27007 -0.0662859 0.997643 -0.0177241 0.270864 -0.335841 -0.00558035 0.941902 53.2569
0.929359 0.0686417 0.36274 -0.113275 -0.0662428 0.997622 -0.0190633 0.266877 -0.363186 -0.00631229 0.931695 53.5198
0.917562 0.0669748 0.39191 0.0554461 -0.0637893 0.997739 -0.0211598 0.259837 -0.392442 -0.00558431 0.91976 53.7811
0.904123 0.0645073 0.422374 0.266042 -0.0600762 0.99791 -0.0238088 0.246544 -0.423027 -0.00384856 0.906109 54.013
0.88849 0.0630419 0.454545 0.489766 -0.0569031 0.998009 -0.027189 0.224614 -0.455354 -0.00170783 0.890309 54.2491
0.870378 0.0646575 0.488119 0.69548 -0.0561905 0.997907 -0.0319905 0.214974 -0.489166 0.000416188 0.87219 54.4897
0.850822 0.0661611 0.521272 0.941337 -0.0556878 0.997808 -0.0357504 0.197219 -0.522495 0.00138877 0.852641 54.715
0.829179 0.0686772 0.554748 1.21227 -0.0568992 0.997639 -0.0384597 0.171009 -0.55608 0.000325223 0.831129 54.9104
0.805204 0.072332 0.588569 1.50517 -0.0597008 0.997378 -0.0408975 0.156012 -0.589984 -0.00220724 0.807412 55.1142
0.77907 0.0764132 0.622262 1.82909 -0.0634212 0.997059 -0.0430347 0.130123 -0.62372 -0.00593751 0.781625 55.3215
0.749946 0.0774289 0.656951 2.14323 -0.0633815 0.996968 -0.0451501 0.106725 -0.658455 -0.00777837 0.75258 55.5095
0.71692 0.0741819 0.693196 2.42945 -0.0595069 0.997205 -0.0451717 0.0775421 -0.69461 -0.00886545 0.719332 55.6855
0.679807 0.0732345 0.729724 2.73544 -0.0576679 0.997259 -0.0463609 0.0569763 -0.731119 -0.0105652 0.682167 55.9083
0.639601 0.0723327 0.765296 3.03499 -0.0558032 0.997305 -0.0476234 0.0331541 -0.766678 -0.0122459 0.641914 56.1151
0.595242 0.0725813 0.800261 3.43066 -0.0528664 0.997292 -0.0511288 0.0176331 -0.801805 -0.0118729 0.597467 56.3635
0.548104 0.0719745 0.833307 3.82905 -0.0501047 0.997327 -0.0531852 0.00346175 -0.834908 -0.0126016 0.550245 56.6079
0.50107 0.0690022 0.862651 4.26205 -0.04767 0.997503 -0.0520998 -0.0334527 -0.864092 -0.0150169 0.503109 56.8244
0.452717 0.066453 0.889174 4.71618 -0.0481009 0.997587 -0.0500651 -0.0680004 -0.890355 -0.0201048 0.454821 57.0268
0.403222 0.0669128 0.912652 5.16425 -0.0509277 0.997418 -0.0506271 -0.0758228 -0.913684 -0.0260653 0.405589 57.2115
0.354474 0.0673113 0.932639 5.67238 -0.0491985 0.997367 -0.0532836 -0.0936473 -0.93377 -0.0269968 0.356853 57.3919
0.309436 0.0633369 0.948808 6.13895 -0.0377737 0.99781 -0.0542888 -0.120405 -0.950169 -0.0190411 0.311151 57.4778
0.267074 0.0563256 0.962028 6.62799 -0.0250185 0.998359 -0.0515072 -0.155885 -0.963351 -0.0103123 0.268045 57.5433
0.226976 0.0550815 0.972341 7.16172 -0.0165165 0.998473 -0.0527063 -0.179127 -0.97376 -0.00409663 0.227539 57.601
0.190665 0.0563466 0.980036 7.74903 -0.0147956 0.998403 -0.0545241 -0.21201 -0.981543 -0.00410435 0.191194 57.6784
0.160078 0.0561998 0.985503 8.2754 -0.00697118 0.998417 -0.055804 -0.245462 -0.98708 0.00206291 0.160217 57.696
0.133053 0.0542361 0.989623 8.82695 -0.00040284 0.998504 -0.0546687 -0.277046 -0.991109 0.00687517 0.132876 57.712
0.108618 0.0524777 0.992697 9.42881 0.00734501 0.998536 -0.05359 -0.29717 -0.994056 0.0131122 0.108074 57.7558
0.0891314 0.0517881 0.994672 10.0215 0.0118875 0.998521 -0.0530537 -0.314392 -0.995949 0.0165529 0.0883842 57.7885
0.0737968 0.0530869 0.995859 10.6238 0.0139322 0.99843 -0.0542564 -0.346807 -0.997176 0.0178785 0.0729415 57.8124
0.0617893 0.0525303 0.996706 11.2168 0.0139543 0.998471 -0.0534884 -0.381613 -0.997992 0.0172134 0.060962 57.8139
0.0502947 0.0531433 0.997319 11.8672 0.0143718 0.998441 -0.0539278 -0.414075 -0.998631 0.0170456 0.0494528 57.8477
0.0424168 0.0556133 0.997551 12.5042 0.0189931 0.998224 -0.0564584 -0.444499 -0.998919 0.0213414 0.0412854 57.8504
0.0359476 0.0572688 0.997711 13.1403 0.0234906 0.998032 -0.0581336 -0.471006 -0.999077 0.0255266 0.0345318 57.8664
0.0319009 0.056266 0.997906 13.7976 0.0242065 0.998078 -0.0570496 -0.506756 -0.999198 0.0259757 0.0304778 57.8735
0.0273941 0.0540257 0.998163 14.4787 0.0216846 0.998271 -0.0546266 -0.53212 -0.999389 0.0231412 0.0261754 57.92
0.0251616 0.0467125 0.998591 15.1642 0.0199699 0.998685 -0.0472201 -0.565813 -0.999484 0.0211299 0.0241959 57.9369
0.0245457 0.0406246 0.998873 15.8342 0.0213446 0.998925 -0.0411512 -0.600172 -0.999471 0.0223306 0.0236523 57.9385
0.024992 0.0377688 0.998973 16.5669 0.0242671 0.998969 -0.0383757 -0.628068 -0.999393 0.0252013 0.0240499 57.9385
0.0251512 0.039576 0.9989 17.2741 0.0272084 0.998819 -0.0402579 -0.658809 -0.999313 0.028191 0.0240449 57.956
0.0255661 0.0466765 0.998582 18.0141 0.0281212 0.99848 -0.0473917 -0.685206 -0.999277 0.029293 0.0242149 57.9817
0.0277185 0.0542665 0.998141 18.7625 0.0290087 0.998061 -0.0550677 -0.714875 -0.999195 0.0304812 0.0260907 58.0041
0.0283473 0.0545207 0.99811 19.4685 0.0303739 0.998003 -0.0553775 -0.74979 -0.999137 0.0318863 0.0266349 58.05
0.0295379 0.0501913 0.998302 20.2373 0.0294169 0.998262 -0.0510597 -0.780854 -0.999131 0.0308752 0.0280103 58.0935
0.0307527 0.043888 0.998563 20.9953 0.028676 0.998586 -0.0447721 -0.815365 -0.999115 0.0300117 0.0294509 58.1412
0.0328781 0.0429633 0.998535 21.8015 0.0263261 0.998692 -0.0438368 -0.839937 -0.999112 0.0277288 0.0317042 58.1908
0.0348915 0.0476773 0.998253 22.5019 0.0340555 0.998225 -0.0488663 -0.876887 -0.998811 0.0357011 0.033206 58.2265
0.0387263 0.053559 0.997813 23.2334 0.0362089 0.997832 -0.0549653 -0.899249 -0.998593 0.0382583 0.0367032 58.2376
0.0399285 0.0542739 0.997727 23.9848 0.030304 0.997999 -0.0555014 -0.934104 -0.998743 0.0324512 0.038204 58.3034
0.0430547 0.0509269 0.997773 24.7593 0.0259365 0.998306 -0.0520733 -0.971199 -0.998736 0.0281208 0.0416611 58.352
0.0463227 0.0471331 0.997813 25.521 0.0302131 0.998363 -0.0485617 -1.01153 -0.998469 0.0323966 0.0448231 58.4078
0.0506416 0.048544 0.997536 26.2106 0.0352145 0.99811 -0.0503597 -1.03462 -0.998096 0.0376781 0.0488367 58.3977
0.0529689 0.0528748 0.997195 27.0102 0.0345831 0.997901 -0.0547492 -1.08035 -0.997997 0.0373861 0.0510293 58.458
0.0545225 0.0533344 0.997087 27.7705 0.0314029 0.997987 -0.0550998 -1.1219 -0.998018 0.0343157 0.0527381 58.5577
0.0587373 0.0525899 0.996887 28.5838 0.0305807 0.998048 -0.054453 -1.16501 -0.997805 0.0336839 0.0570147 58.6017
0.0636924 0.0491827 0.996756 29.3156 0.0347376 0.99807 -0.0514673 -1.20162 -0.997365 0.0379031 0.0618613 58.6107
0.0671018 0.0488437 0.996549 30.0644 0.0393428 0.997895 -0.0515588 -1.24651 -0.99697 0.0426668 0.0650391 58.6602
0.0697847 0.0491828 0.996348 30.8987 0.0423166 0.997739 -0.0522153 -1.29002 -0.996664 0.045806 0.0675459 58.7402
0.0734179 0.0493551 0.996079 31.6581 0.0428974 0.997694 -0.0525969 -1.3186 -0.996378 0.0465908 0.0711316 58.7787
0.0773858 0.0482056 0.995835 32.4272 0.0443885 0.997673 -0.051744 -1.3515 -0.996012 0.0482079 0.0750662 58.8306
0.0811076 0.0469013 0.995601 33.2082 0.0466119 0.997621 -0.0507937 -1.392 -0.995615 0.0505267 0.0787286 58.8867
0.084962 0.0480878 0.995223 34.0416 0.0448512 0.997638 -0.0520334 -1.41302 -0.995374 0.0490578 0.0826047 58.9434
0.0885867 0.0501322 0.994806 34.8213 0.0420328 0.997655 -0.0540188 -1.44482 -0.995181 0.0465998 0.0862719 59.0086
0.0911228 0.0494511 0.994611 35.5941 0.0436218 0.997609 -0.0535966 -1.49218 -0.994884 0.0482707 0.0887481 59.0914
0.0945152 0.0489978 0.994316 36.3393 0.0416906 0.997717 -0.0531283 -1.53034 -0.99465 0.0464752 0.0922569 59.1488
0.0978712 0.0494913 0.993967 37.1393 0.0398819 0.997765 -0.0536074 -1.56582 -0.994399 0.044888 0.0956789 59.2187
0.100852 0.0494249 0.993673 37.92 0.0368366 0.997895 -0.0533736 -1.60927 -0.994219 0.0419864 0.0988192 59.3031
0.104363 0.0515777 0.993201 38.6887 0.0355822 0.997821 -0.0555565 -1.6445 -0.993902 0.0411383 0.1023 59.3852
0.106976 0.0548916 0.992745 39.5133 0.0343652 0.997674 -0.0588673 -1.68965 -0.993667 0.0404133 0.104841 59.4979
0.111678 0.0561383 0.992157 40.2625 0.0340389 0.997601 -0.0602778 -1.74348 -0.993161 0.0405038 0.1095 59.5561
0.11424 0.0581422 0.99175 41.0655 0.0280011 0.997701 -0.0617165 -1.7923 -0.993058 0.0348207 0.11235 59.6658
0.117549 0.0569769 0.991431 41.8512 0.0239636 0.997899 -0.0601899 -1.84195 -0.992778 0.0308336 0.115937 59.7561
0.120727 0.0572589 0.991033 42.6146 0.026041 0.997809 -0.0608227 -1.88841 -0.992344 0.0331505 0.118971 59.8544
0.124665 0.0582879 0.990485 43.4248 0.0255073 0.997755 -0.0619261 -1.93579 -0.991871 0.0329846 0.122898 59.9593
0.128006 0.0588792 0.990024 44.238 0.0217457 0.99783 -0.062155 -1.98374 -0.991535 0.0294851 0.126448 60.0815
0.132294 0.0564149 0.989603 45.0344 0.0207562 0.998003 -0.0596685 -2.02916 -0.990993 0.0284343 0.130859 60.1911
0.137588 0.0559617 0.988907 45.8279 0.0211456 0.998009 -0.0594188 -2.07985 -0.990264 0.0290864 0.136131 60.2925
0.143312 0.0592484 0.987902 46.6242 0.0177827 0.997891 -0.0624272 -2.13008 -0.989518 0.0265142 0.141956 60.4075
0.1483 0.0681384 0.986592 47.432 0.0160205 0.997327 -0.0712879 -2.17671 -0.988812 0.0263778 0.146812 60.5564
0.155277 0.0731817 0.985156 48.2094 0.0142639 0.996982 -0.0763084 -2.21861 -0.987768 0.0259011 0.153765 60.6984
0.161438 0.0764061 0.98392 49.0482 0.00954677 0.996831 -0.0789751 -2.27532 -0.986837 0.0221429 0.160197 60.8688
0.167261 0.0751507 0.983044 49.8697 0.00590605 0.996997 -0.0772223 -2.33021 -0.985895 0.0187223 0.166315 61.0499
0.174528 0.0736917 0.98189 50.6853 0.00579546 0.997102 -0.0758634 -2.38193 -0.984635 0.0189308 0.173595 61.2085
0.181353 0.0707914 0.980866 51.4881 0.00543513 0.997319 -0.0729836 -2.43118 -0.983403 0.018567 0.180482 61.3678
0.189734 0.0654823 0.979649 52.3254 0.0036582 0.99772 -0.0673987 -2.48328 -0.981829 0.0163716 0.189062 61.5223
0.196243 0.0583658 0.978816 53.1515 0.00102629 0.998214 -0.0597282 -2.53387 -0.980555 0.0127258 0.195833 61.7065
0.203353 0.0548136 0.97757 53.9941 0.000610423 0.998425 -0.05611 -2.60372 -0.979105 0.0120069 0.202999 61.8959
0.210677 0.0565241 0.97592 54.7816 -0.000777471 0.998336 -0.0576546 -2.65908 -0.977555 0.0113878 0.210371 62.0546
0.214902 0.0625806 0.974628 55.5919 0.000160069 0.997943 -0.0641129 -2.7092 -0.976636 0.013934 0.21445 62.2748
0.219497 0.0666204 0.973336 56.4046 -0.000883515 0.997679 -0.0680873 -2.7512 -0.975613 0.0140851 0.219047 62.4823
0.224187 0.0695972 0.972057 57.1959 -0.00237115 0.997483 -0.0708707 -2.80781 -0.974543 0.0135834 0.223788 62.6758
0.231282 0.0698945 0.970372 57.9759 -0.00460532 0.997484 -0.0707496 -2.85194 -0.972876 0.0118943 0.231022 62.8419
0.238935 0.0673275 0.968698 58.7434 -0.000816812 0.997607 -0.0691353 -2.89451 -0.971035 0.0157276 0.238418 62.9876
0.243982 0.0607082 0.967877 59.5086 3.78288e-05 0.998038 -0.0626096 -2.94224 -0.96978 0.0153123 0.243501 63.1736
0.24726 0.0543348 0.967424 60.2887 -0.00202618 0.998453 -0.0555597 -2.99578 -0.968947 0.0117776 0.246988 63.3897
0.251265 0.0505942 0.966595 61.0509 -0.00607323 0.998696 -0.0506958 -3.04901 -0.967899 0.00686775 0.251245 63.5976
0.255173 0.0502872 0.965586 61.7718 -0.00778646 0.998721 -0.0499552 -3.09441 -0.966864 0.00522874 0.255238 63.7836
0.25876 0.0525257 0.964512 62.5055 -0.00933597 0.99861 -0.0518779 -3.13125 -0.965896 0.00441933 0.258891 63.9706
0.260348 0.0566226 0.963853 63.2218 -0.013417 0.998395 -0.0550277 -3.17481 -0.965422 0.00139441 0.26069 64.1781
0.263539 0.0602136 0.962767 63.9156 -0.0143864 0.998184 -0.0584907 -3.22144 -0.964541 0.00156386 0.263927 64.3569
0.266711 0.0651436 0.961572 64.6069 -0.0145099 0.997871 -0.0635782 -3.26307 -0.963667 0.0030047 0.267089 64.5444
0.268719 0.0672707 0.960866 65.2895 -0.0135451 0.997724 -0.066063 -3.30134 -0.963123 0.00473736 0.269019 64.7327
0.270157 0.0673575 0.960457 65.9806 -0.0158607 0.997726 -0.0655099 -3.33991 -0.962686 0.00246443 0.270611 64.9388
0.270249 0.0643328 0.960638 66.6245 -0.0152344 0.997926 -0.0625441 -3.37739 -0.96267 0.00226773 0.270669 65.1242
0.270196 0.0622338 0.960792 67.2843 -0.015714 0.998061 -0.0602288 -3.4182 -0.962677 0.00117576 0.27065 65.3199
0.270984 0.0611155 0.960642 67.9248 -0.0142171 0.998128 -0.0594899 -3.45202 -0.962479 0.00246329 0.271345 65.4833
0.270088 0.0595652 0.960991 68.5717 -0.0139187 0.998222 -0.057961 -3.49578 -0.962735 0.00227885 0.270437 65.6646
0.269939 0.0606177 0.960967 69.1978 -0.0150233 0.99816 -0.0587437 -3.53306 -0.96276 0.00142041 0.270353 65.8198
0.267503 0.0632069 0.961481 69.8203 -0.0158894 0.998 -0.0611868 -3.57476 -0.963426 0.00109039 0.267972 66.0026
0.265079 0.0668469 0.961906 70.4136 -0.0138768 0.997755 -0.0655141 -3.61183 -0.964127 0.00401823 0.265412 66.1646
0.263112 0.0679521 0.962369 71.0173 -0.0107414 0.997661 -0.0675074 -3.63255 -0.964705 0.0074249 0.263227 66.3299
0.260223 0.0668623 0.96323 71.6064 -0.0116852 0.997745 -0.0661013 -3.6709 -0.965478 0.00594555 0.260417 66.5001
0.257376 0.0635346 0.96422 72.1855 -0.0121442 0.99797 -0.0625169 -3.71414 -0.966235 0.00438075 0.257625 66.6612
0.254845 0.0596046 0.965143 72.7632 -0.0120689 0.998217 -0.0584604 -3.75568 -0.966906 0.00325016 0.25511 66.8192
0.253367 0.058159 0.96562 73.3166 -0.00793132 0.998282 -0.0580452 -3.79238 -0.967337 0.00704815 0.253393 66.9491
0.252569 0.0591366 0.96577 73.8725 -0.00366145 0.998182 -0.0601637 -3.82305 -0.967572 0.0116594 0.252327 67.0718
0.250091 0.0604529 0.966333 74.4161 0.000173117 0.998046 -0.0624817 -3.86119 -0.968222 0.0157935 0.249592 67.204
0.248429 0.0623294 0.966642 74.9608 -0.00073243 0.997939 -0.0641592 -3.89514 -0.96865 0.0152311 0.247963 67.3413
0.246271 0.0647222 0.967037 75.4953 -0.0014641 0.997791 -0.0664077 -3.93561 -0.9692 0.0149385 0.245822 67.4944
0.245123 0.0625947 0.967469 76.0598 -0.000118677 0.997915 -0.0645345 -3.98208 -0.969492 0.0157041 0.24462 67.633
0.245884 0.0596232 0.967463 76.6277 0.00637787 0.997985 -0.0631252 -4.02531 -0.969278 0.0216919 0.245009 67.7675
0.249025 0.0568249 0.966828 77.1919 0.0114512 0.998035 -0.0616085 -4.0636 -0.968429 0.0264135 0.247885 67.8806
0.251696 0.055431 0.966217 77.7509 0.0140741 0.998043 -0.0609231 -4.10278 -0.967704 0.0289328 0.250424 68.0052
0.255257 0.05491 0.965313 78.3247 0.0118307 0.998134 -0.0599054 -4.1414 -0.966801 0.0267116 0.254131 68.1659
0.25923 0.0554614 0.964222 78.907 0.010994 0.998116 -0.0603667 -4.17389 -0.965753 0.0262496 0.258132 68.3644
0.265938 0.054466 0.96245 79.4714 0.0128571 0.998113 -0.0600369 -4.19421 -0.963904 0.0283405 0.264736 68.5168
0.272583 0.0550774 0.960554 80.0666 0.0112937 0.998108 -0.0604356 -4.22097 -0.962066 0.0273219 0.271445 68.7205
0.281557 0.0530878 0.958075 80.645 0.0118893 0.998199 -0.0588051 -4.24826 -0.959471 0.0279479 0.280419 68.8786
0.290368 0.0533647 0.955426 81.2495 0.0080811 0.998271 -0.0582138 -4.28521 -0.956881 0.0246243 0.289435 69.0788
0.300123 0.0529237 0.952431 81.8226 0.0069512 0.998312 -0.0576636 -4.3207 -0.953875 0.0239268 0.299249 69.2563
0.309643 0.0567445 0.949158 82.4212 0.00166441 0.998184 -0.0602185 -4.35662 -0.950851 0.0202261 0.308986 69.4678
0.31777 0.0589339 0.946334 82.9842 -0.00196439 0.998105 -0.0614984 -4.38964 -0.948165 0.0176834 0.317284 69.6801
0.326756 0.0622874 0.943054 83.6558 -0.0063276 0.997948 -0.0637206 -4.42876 -0.945087 0.0148539 0.326479 70.006
0.337747 0.0642852 0.939039 84.2549 -0.00719094 0.997812 -0.0657224 -4.45318 -0.941209 0.015445 0.33747 70.1947
0.347815 0.0657287 0.935256 84.9084 -0.0101094 0.997745 -0.0663607 -4.48311 -0.937508 0.0136264 0.347695 70.4542
0.358191 0.0660956 0.931306 85.5411 -0.011084 0.997722 -0.0665463 -4.52377 -0.933582 0.0135137 0.358108 70.7016
0.368865 0.0667773 0.927081 86.1995 -0.0149053 0.997713 -0.0659344 -4.5629 -0.929363 0.0105025 0.369017 70.9718
0.37864 0.0617416 0.923482 86.8568 -0.0141453 0.998042 -0.0609267 -4.5997 -0.925436 0.0100064 0.378772 71.2625
0.390636 0.0545169 0.918929 87.5253 -0.0100934 0.998439 -0.0549433 -4.63435 -0.920489 0.0121878 0.390577 71.5083
0.400343 0.0499289 0.915004 88.1742 -0.00800387 0.998667 -0.0509922 -4.6686 -0.91633 0.0130909 0.40021 71.8075
0.411168 0.0467002 0.910362 88.8978 -0.00860817 0.998841 -0.0473512 -4.70623 -0.911518 0.0116328 0.411094 72.1346
0.420299 0.0429674 0.906367 89.5826 -0.00182358 0.998916 -0.0465093 -4.74388 -0.907383 0.017895 0.419922 72.4447
0.42841 0.0376032 0.902802 90.2714 0.00488726 0.999023 -0.0439302 -4.75849 -0.903571 0.0232324 0.427807 72.7681
0.435452 0.0271792 0.899801 90.9854 0.015282 0.999177 -0.0375766 -4.78466 -0.900082 0.0301136 0.434679 73.0943
0.442076 0.0230309 0.896682 91.7107 0.0199584 0.99917 -0.0355031 -4.80837 -0.896755 0.0335915 0.441249 73.4398
0.448401 0.0223433 0.893553 92.4076 0.022248 0.999099 -0.036147 -4.8485 -0.893555 0.0360882 0.4475 73.8023
0.456741 0.0270462 0.889188 93.1502 0.0245294 0.998775 -0.0429793 -4.89571 -0.889261 0.0414417 0.455518 74.1525
0.46126 0.0307631 0.886731 93.818 0.0281063 0.998391 -0.0492572 -4.93439 -0.886819 0.0476432 0.459653 74.5537
0.466173 0.0332787 0.884067 94.5472 0.0262834 0.99833 -0.0514393 -4.96664 -0.884302 0.047216 0.46452 74.9504
0.47098 0.0358628 0.881414 95.2423 0.0190214 0.998528 -0.0507919 -4.99582 -0.881938 0.0406878 0.469605 75.3304
0.474603 0.0396865 0.879305 95.9867 0.0126158 0.998574 -0.051879 -5.04527 -0.880109 0.0357151 0.473426 75.7808
0.477879 0.0422655 0.877408 96.6988 0.0119278 0.998437 -0.0545921 -5.09885 -0.878344 0.036554 0.476629 76.208
0.481471 0.0470004 0.875201 97.4459 0.00879612 0.998252 -0.0584476 -5.14381 -0.876417 0.0358392 0.480216 76.6851
0.48492 0.0511758 0.873059 98.1471 0.00584422 0.998074 -0.0617498 -5.16885 -0.874538 0.0350462 0.483688 77.1004
0.488909 0.0502506 0.870886 98.7929 0.00432824 0.998187 -0.0600258 -5.20703 -0.872324 0.0331166 0.487805 77.4582
0.493218 0.0475242 0.868606 99.467 0.00542395 0.998319 -0.0577011 -5.24629 -0.869888 0.0331706 0.492132 77.8428
0.49738 0.0450487 0.866362 100.073 0.00546516 0.998468 -0.0550555 -5.27531 -0.867515 0.0321184 0.496372 78.1535
0.50132 0.0451176 0.864085 100.719 0.00489118 0.998476 -0.0549725 -5.29817 -0.865248 0.0317852 0.500335 78.5392
0.505058 0.0481937 0.861738 101.349 0.00293207 0.998338 -0.0575518 -5.31704 -0.86308 0.0315937 0.504078 78.9118
0.508851 0.0478718 0.859523 101.949 0.00437343 0.998296 -0.0581901 -5.36153 -0.860843 0.0333692 0.507774 79.2422
0.508548 0.0464926 0.859777 102.53 0.0062116 0.998317 -0.0576583 -5.39739 -0.861011 0.0346626 0.507403 79.641
0.511689 0.0453297 0.857974 103.154 0.00829147 0.9983 -0.0576887 -5.43332 -0.85913 0.0366326 0.510444 79.9888
0.514371 0.0452814 0.856371 103.748 0.00760665 0.998325 -0.0573562 -5.46435 -0.857533 0.0360166 0.513165 80.3371
0.517531 0.0452795 0.854465 104.321 0.00894722 0.998258 -0.0583185 -5.49162 -0.855617 0.0378268 0.516225 80.6513
0.519779 0.0470763 0.853002 104.875 0.00876273 0.998134 -0.0604256 -5.52294 -0.854255 0.0388826 0.518397 80.9895
0.522054 0.0467924 0.851628 105.413 0.0125198 0.997966 -0.0625078 -5.55241 -0.85282 0.0432947 0.520407 81.3149
0.524013 0.0458209 0.850477 105.956 0.0135062 0.997979 -0.0620896 -5.60776 -0.851603 0.0440224 0.522335 81.6797
0.526729 0.0440633 0.84889 106.487 0.0160414 0.997962 -0.0617548 -5.65013 -0.849881 0.0461454 0.524949 82.0127
0.531306 0.042941 0.846091 107.015 0.0169985 0.997973 -0.0613237 -5.69056 -0.847009 0.0469639 0.529499 82.3042
0.534207 0.0423878 0.84429 107.548 0.0179658 0.997947 -0.0614698 -5.73234 -0.845162 0.048006 0.532349 82.6674
0.538184 0.0424456 0.841758 108.042 0.0168792 0.997988 -0.0611154 -5.77335 -0.842658 0.0470996 0.536385 82.9422
0.541822 0.0420024 0.839443 108.552 0.0176592 0.997961 -0.0613323 -5.82034 -0.840307 0.0480551 0.539976 83.2652
0.546008 0.0431035 0.83667 109.053 0.0165559 0.997925 -0.0622154 -5.86575 -0.837615 0.047822 0.544162 83.5919
0.550366 0.0428767 0.833822 109.557 0.0191775 0.997768 -0.0639654 -5.89679 -0.834703 0.051195 0.548315 83.9291
0.55566 0.0463153 0.830118 110.043 0.0159057 0.997672 -0.0663107 -5.94994 -0.831256 0.0500499 0.553631 84.2401
0.561384 0.0522323 0.825905 110.526 0.0125056 0.997357 -0.0715756 -5.98478 -0.82746 0.0505099 0.559247 84.5714
0.567758 0.0591923 0.821064 111.004 0.00757206 0.996994 -0.0771115 -6.02283 -0.82316 0.0499979 0.565603 84.9077
0.573685 0.0654605 0.816456 111.467 0.00295433 0.996629 -0.0819821 -6.05885 -0.81907 0.0494441 0.571558 85.2495
0.579832 0.0699101 0.811731 111.941 -0.000737783 0.996356 -0.085284 -6.10485 -0.814735 0.0488516 0.577771 85.6101
0.585425 0.070732 0.807635 112.427 -0.00454885 0.996458 -0.0839717 -6.13983 -0.810713 0.0454854 0.583673 85.9776
0.590831 0.0705109 0.803707 112.911 -0.0105585 0.996764 -0.0796863 -6.17862 -0.806725 0.0385953 0.589664 86.3539
0.596848 0.068847 0.799395 113.403 -0.0172146 0.997181 -0.0730284 -6.22644 -0.802169 0.0298257 0.596351 86.7344
0.602281 0.0676959 0.795408 113.896 -0.0236658 0.997474 -0.0669738 -6.27344 -0.797932 0.0215131 0.602362 87.1416
0.609123 0.0661805 0.790309 114.389 -0.0262069 0.997647 -0.0633444 -6.30938 -0.792641 0.0178731 0.609425 87.5036
0.615201 0.0698425 0.78527 114.885 -0.0312762 0.997446 -0.064211 -6.34747 -0.787749 0.0149425 0.615815 87.9159
0.621624 0.073782 0.779832 115.394 -0.0337839 0.997153 -0.0674133 -6.36859 -0.782586 0.0155601 0.622348 88.3412
0.627388 0.0769267 0.774898 115.893 -0.0366134 0.996922 -0.0693242 -6.4101 -0.777845 0.0151216 0.628274 88.7542
0.633982 0.0792037 0.76928 116.419 -0.0382885 0.996736 -0.0710676 -6.44135 -0.772398 0.0156011 0.634946 89.1934
0.640873 0.0802372 0.763441 116.949 -0.0413639 0.996687 -0.0700282 -6.48181 -0.76653 0.0133004 0.642069 89.6386
0.646694 0.0822782 0.758298 117.48 -0.0461332 0.996564 -0.0687876 -6.51608 -0.761352 0.00950187 0.648268 90.1317
0.65417 0.0805365 0.752047 118.012 -0.0478451 0.99673 -0.0651214 -6.57165 -0.754831 0.00661882 0.655885 90.5682
0.661275 0.0785515 0.746019 118.561 -0.0482772 0.996897 -0.0621744 -6.61818 -0.748588 0.00509876 0.663015 91.0775
0.668713 0.0786244 0.739351 119.116 -0.0487538 0.99689 -0.0619159 -6.65681 -0.741919 0.00535786 0.670467 91.588
0.676754 0.080856 0.731755 119.681 -0.053131 0.996723 -0.0609964 -6.69935 -0.734288 0.00240079 0.678833 92.1131
0.685226 0.0811356 0.723797 120.24 -0.0532374 0.996697 -0.0613265 -6.73256 -0.726381 0.00348953 0.687282 92.6205
0.692096 0.0820956 0.717121 120.798 -0.0553217 0.996622 -0.0607016 -6.76844 -0.719681 0.00233912 0.6943 93.1703
0.696863 0.0808034 0.712637 121.358 -0.0549021 0.996728 -0.0593286 -6.80724 -0.715099 0.00221871 0.699019 93.74
0.700714 0.0793023 0.709021 121.935 -0.0533535 0.996845 -0.0587665 -6.84349 -0.711443 0.0033498 0.702735 94.3155
0.704947 0.0768596 0.705082 122.517 -0.0496604 0.99702 -0.0590324 -6.8728 -0.707518 0.00660011 0.706664 94.8778
0.708328 0.0726684 0.702132 123.11 -0.0440229 0.997298 -0.0588059 -6.91164 -0.704508 0.010744 0.709614 95.4884
0.712571 0.0651787 0.698565 123.708 -0.0362159 0.997765 -0.0561533 -6.9675 -0.700663 0.0147142 0.71334 96.0616
0.716389 0.0587294 0.695224 124.311 -0.0303507 0.998131 -0.053043 -7.0117 -0.69704 0.016899 0.716833 96.6709
0.719838 0.0528821 0.692124 124.917 -0.0245821 0.998411 -0.0507177 -7.05171 -0.693705 0.0194948 0.719995 97.2801
0.722288 0.0513421 0.689683 125.499 -0.0242748 0.998508 -0.0489096 -7.09169 -0.691165 0.018585 0.722458 97.913
0.724731 0.0523474 0.68704 126.091 -0.0247948 0.998446 -0.0499192 -7.13372 -0.688584 0.0191431 0.724903 98.556
0.727625 0.0566488 0.683632 126.693 -0.0302837 0.998266 -0.0504883 -7.17799 -0.685306 0.0160338 0.728079 99.2273
0.730196 0.0605027 0.680553 127.308 -0.036454 0.998103 -0.0496205 -7.21114 -0.682263 0.0114239 0.731017 99.9252
0.732459 0.0571283 0.67841 127.883 -0.0363311 0.998333 -0.0448433 -7.25154 -0.67984 0.00819854 0.733314 100.566
0.736402 0.0549932 0.674305 128.503 -0.0396526 0.998486 -0.0381276 -7.28514 -0.67538 0.00133936 0.737468 101.241
0.739406 0.0495319 0.671435 129.103 -0.0388183 0.998768 -0.0309315 -7.31648 -0.672138 -0.0031929 0.740418 101.913
0.743332 0.0452639 0.66739 129.716 -0.0364753 0.998966 -0.0271265 -7.34326 -0.667927 -0.00417918 0.744215 102.613
0.74732 0.0414154 0.663172 130.31 -0.0302954 0.999142 -0.0282574 -7.36854 -0.663772 0.00102631 0.747933 103.288
0.751376 0.0378194 0.658789 130.895 -0.0199968 0.999203 -0.0345547 -7.38774 -0.65957 0.01279 0.751534 103.959
0.755159 0.0385108 0.654409 131.505 -0.0140626 0.998995 -0.0425616 -7.41465 -0.655389 0.0229381 0.754942 104.706
0.761004 0.0381142 0.647626 132.14 -0.0105532 0.998868 -0.0463849 -7.44269 -0.64866 0.0284647 0.760545 105.425
0.766624 0.0336098 0.641215 132.752 -0.00757667 0.999033 -0.0433068 -7.46998 -0.64205 0.0283418 0.766138 106.145
0.770827 0.0284455 0.636408 133.357 -0.00287597 0.999148 -0.0411755 -7.49649 -0.637036 0.029909 0.770253 106.932
0.776902 0.0244511 0.629146 133.953 0.00156751 0.999168 -0.0407672 -7.5433 -0.629618 0.0326584 0.776217 107.568
0.779974 0.0251316 0.625307 134.541 0.0039193 0.998978 -0.0450385 -7.59965 -0.625798 0.0375797 0.779078 108.379
0.784334 0.026102 0.619789 135.138 0.00388322 0.998888 -0.0469818 -7.62445 -0.620325 0.0392562 0.783361 109.091
0.786977 0.0230153 0.616553 135.728 0.00622904 0.998957 -0.045241 -7.67287 -0.61695 0.0394442 0.786013 109.856
0.789967 0.0168912 0.612915 136.333 0.0107951 0.999083 -0.041447 -7.6967 -0.613052 0.0393583 0.789061 110.571
0.791765 0.0125252 0.610697 136.942 0.014487 0.999124 -0.0392741 -7.72158 -0.610652 0.0399431 0.79089 111.335
0.793189 0.00784475 0.608924 137.552 0.0184399 0.999149 -0.036892 -7.74456 -0.608694 0.0404909 0.79237 112.082
0.793086 0.0064889 0.609074 138.134 0.0189627 0.999196 -0.0353368 -7.77938 -0.608813 0.0395749 0.792326 112.869
0.793051 0.00703264 0.609114 138.717 0.0174899 0.999258 -0.0343086 -7.81035 -0.608903 0.0378618 0.79234 113.622
0.793152 0.00917652 0.608954 139.311 0.0157423 0.999244 -0.0355621 -7.84428 -0.608818 0.0377925 0.792408 114.387
0.792095 0.0135311 0.610247 139.883 0.0112772 0.999259 -0.0367945 -7.87723 -0.610291 0.0360267 0.791357 115.136
0.790155 0.0182514 0.612634 140.454 0.00638862 0.999257 -0.0380094 -7.92076 -0.612872 0.0339473 0.789452 115.882
0.789193 0.0204278 0.613805 141.06 0.00302639 0.999305 -0.0371487 -7.95141 -0.614136 0.0311752 0.788584 116.663
0.787654 0.0221936 0.615717 141.656 0.000419812 0.999332 -0.0365582 -7.98509 -0.616116 0.0290537 0.787119 117.409
0.785936 0.021131 0.617946 142.249 -1.99995e-05 0.999417 -0.0341502 -8.01665 -0.618306 0.0268276 0.785479 118.142
0.784093 0.0203695 0.620308 142.849 -0.00178316 0.999531 -0.0305684 -8.0512 -0.620639 0.0228624 0.783763 118.901
0.782412 0.0159558 0.622555 143.452 0.00261091 0.999579 -0.0289002 -8.07562 -0.622754 0.0242373 0.782042 119.611
0.780765 0.0197757 0.62451 144.052 0.00201897 0.999414 -0.0341715 -8.10458 -0.624819 0.0279409 0.780269 120.314
0.778177 0.0296902 0.627342 144.644 -0.00396774 0.999095 -0.0423624 -8.14367 -0.628031 0.0304764 0.777591 121.054
0.775219 0.035606 0.630688 145.253 -0.00637569 0.998801 -0.0485514 -8.18036 -0.631659 0.033617 0.774517 121.835
0.772714 0.035214 0.633776 145.809 -0.00877583 0.998957 -0.0448046 -8.21104 -0.634692 0.0290593 0.772218 122.478
0.769722 0.0341728 0.637464 146.45 -0.0117857 0.999157 -0.0393315 -8.24792 -0.638269 0.0227614 0.769476 123.253
0.766832 0.0320825 0.641045 147.053 -0.013431 0.999334 -0.0339475 -8.28939 -0.641706 0.0174223 0.766753 123.977
0.763544 0.0318945 0.644967 147.656 -0.013051 0.999338 -0.0339683 -8.31958 -0.645622 0.0175189 0.763455 124.713
0.7615 0.0300367 0.647468 148.267 -0.0111928 0.999386 -0.0331984 -8.34678 -0.648067 0.0180337 0.761369 125.384
0.759484 0.0289559 0.649881 148.884 -0.00765177 0.999338 -0.035584 -8.37675 -0.650479 0.0220528 0.759203 126.07
0.757029 0.0276346 0.652796 149.503 -0.00403316 0.999284 -0.0376252 -8.40809 -0.653368 0.0258506 0.756599 126.751
0.753714 0.0275872 0.656623 150.117 -0.00103711 0.999168 -0.0407883 -8.43709 -0.657201 0.0300617 0.753115 127.44
0.750059 0.0283836 0.660761 150.735 -0.00169934 0.999158 -0.0409907 -8.46366 -0.661367 0.0296227 0.749476 128.142
0.745539 0.0305362 0.665761 151.354 -0.00436552 0.999152 -0.0409392 -8.4957 -0.666446 0.0276154 0.745041 128.861
0.740278 0.0305981 0.671604 151.947 -0.004028 0.999148 -0.0410811 -8.52718 -0.672288 0.0277062 0.739771 129.527
0.73462 0.0335469 0.677648 152.559 -0.00742413 0.999115 -0.0414127 -8.56974 -0.678437 0.0253917 0.734219 130.2
0.728906 0.040466 0.683416 153.196 -0.0112497 0.998825 -0.0471432 -8.60483 -0.68452 0.0266748 0.728505 130.911
0.724217 0.0454426 0.688072 153.847 -0.0133519 0.998563 -0.0518952 -8.63409 -0.689441 0.0283964 0.723784 131.581
0.71844 0.047533 0.693963 154.495 -0.0128502 0.998399 -0.055082 -8.6651 -0.695469 0.0306556 0.717901 132.259
0.712718 0.0433284 0.700111 155.155 -0.0146266 0.998792 -0.0469232 -8.70709 -0.701297 0.0232028 0.712491 132.913
0.706915 0.0400848 0.706161 155.825 -0.0198167 0.999123 -0.0368767 -8.73279 -0.70702 0.012075 0.70709 133.594
0.699682 0.0362716 0.713532 156.481 -0.0202457 0.999316 -0.0309465 -8.76833 -0.714166 0.00720679 0.699939 134.261
0.692153 0.0390881 0.720691 157.154 -0.0268431 0.999236 -0.0284154 -8.79624 -0.72125 0.000322307 0.692674 134.957
0.684945 0.0402974 0.727478 157.83 -0.0256687 0.999184 -0.0311801 -8.81796 -0.728141 0.00268328 0.685422 135.587
0.679251 0.0397164 0.73283 158.514 -0.0206748 0.999174 -0.0349879 -8.85441 -0.733613 0.00861452 0.679512 136.169
0.672824 0.0475042 0.738275 159.233 -0.0203635 0.998747 -0.0457062 -8.89322 -0.739521 0.0157184 0.672949 136.819
0.665665 0.0486585 0.744662 159.988 -0.0168904 0.998599 -0.050153 -8.91489 -0.746058 0.0208076 0.665555 137.498
0.659393 0.044291 0.750491 160.715 -0.0143493 0.998823 -0.0463391 -8.9606 -0.751659 0.0197868 0.659254 138.124
0.652931 0.0385203 0.756436 161.458 -0.0104959 0.99907 -0.0418164 -8.99884 -0.757343 0.0193638 0.652729 138.743
0.646 0.0377371 0.762403 162.187 -0.0103895 0.99912 -0.0406507 -9.04052 -0.763265 0.0183395 0.645824 139.384
0.638889 0.0393296 0.768292 162.889 -0.0122662 0.999086 -0.040944 -9.08328 -0.769199 0.0167347 0.638789 139.983
0.632369 0.0378311 0.773742 163.659 -0.00835465 0.999082 -0.0420207 -9.1058 -0.774621 0.0201083 0.632105 140.654
0.626419 0.0328818 0.778792 164.381 -0.00415152 0.999237 -0.0388501 -9.12964 -0.779474 0.0211033 0.626078 141.258
0.621297 0.0289598 0.783039 165.093 -0.00284116 0.999394 -0.0347072 -9.18028 -0.783569 0.0193388 0.621003 141.839
0.616721 0.0275838 0.786697 165.825 -0.00460949 0.999495 -0.0314315 -9.22811 -0.787166 0.0157583 0.616538 142.438
0.612401 0.0297379 0.789987 166.589 -0.00472675 0.999412 -0.0339573 -9.24928 -0.790531 0.0170615 0.612183 143.047
0.608433 0.0322542 0.792949 167.244 -0.00358453 0.999275 -0.0378964 -9.27413 -0.793596 0.0202151 0.608109 143.544
0.605104 0.0379776 0.795239 167.947 -0.00425584 0.999002 -0.0444702 -9.30203 -0.796134 0.0235247 0.604662 144.092
0.601418 0.0410672 0.797877 168.674 -0.00616356 0.998887 -0.0467674 -9.32395 -0.798909 0.0232091 0.601003 144.688
0.59914 0.0366884 0.799802 169.369 -0.00612662 0.99913 -0.0412425 -9.36035 -0.800619 0.01981 0.598845 145.189
