0.999994 -0.00176452 -0.00295803 0.054548 0.00176695 0.999998 0.000820435 -0.0156637 0.00295657 -0.000825657 0.999995 1.34327
0.999988 -0.0026536 -0.00410715 0.0468673 0.00265948 0.999995 0.00142707 -0.0400385 0.00410334 -0.00143798 0.999991 2.71508
0.999981 -0.00423862 -0.00452221 0.0397268 0.00424085 0.999991 0.000484519 -0.059628 0.00452012 -0.000503688 0.99999 4.04363
0.999995 -0.00252846 0.00186801 -0.0758759 0.0025305 0.999996 -0.00109044 -0.0591937 -0.00186524 0.00109516 0.999998 5.50964
