1 0 0 0 0 1 0 0 0 0 1 0
0.999786 -0.00129322 -0.0206363 0.217947 0.0013167 0.999999 0.00112471 -0.00504929 0.0206348 -0.00115164 0.999786 0.880231
0.999465 -0.00216325 -0.0326221 0.289786 0.00223583 0.999995 0.00218857 -0.0312078 0.0326172 -0.00226034 0.999465 2.0194
0.999355 -0.00415618 -0.0356761 0.280708 0.00417429 0.999991 0.000432991 -0.0402873 0.035674 -0.000581633 0.999363 3.30347
0.999367 -0.00422834 -0.0353248 0.224469 0.00422588 0.999991 -0.00014433 -0.05304 0.0353251 -5.03913e-06 0.999376 4.67194
0.999323 -0.0052471 -0.0364033 0.18413 0.005294 0.999985 0.00119204 -0.0815652 0.0363965 -0.00138396 0.999337 6.00009
0.999232 -0.00768224 -0.0384178 0.182454 0.00776023 0.999968 0.00188133 -0.096481 0.0384021 -0.00217802 0.99926 7.3571
0.999212 -0.00690854 -0.0390819 0.139285 0.00698983 0.999973 0.00194387 -0.105775 0.0390674 -0.00221551 0.999234 8.75587
0.999223 -0.00585598 -0.0389842 0.0663273 0.00585617 0.999983 -0.000109341 -0.122515 0.0389842 -0.000119041 0.99924 10.1169
0.999218 -0.00341999 -0.0393904 0.0216049 0.00332087 0.999991 -0.00258142 -0.141367 0.0393989 0.00244859 0.999221 11.5182
0.999295 0.000469696 -0.0375434 -0.0758185 -0.000605441 0.999993 -0.00360446 -0.163142 0.0375415 0.00362465 0.999289 12.8619
0.999339 0.00314552 -0.0362225 -0.159243 -0.0032789 0.999988 -0.00362346 -0.187723 0.0362106 0.00373983 0.999337 14.2353
0.999392 0.00443041 -0.0345827 -0.245864 -0.0045355 0.999985 -0.00296104 -0.207971 0.0345691 0.00311609 0.999398 15.5973
0.99946 0.00201097 -0.0327898 -0.322854 -0.00201452 0.999998 -7.5467e-05 -0.234227 0.0327896 0.000141484 0.999462 16.9749
0.999517 -0.00187862 -0.0310123 -0.401043 0.00193215 0.999997 0.00169606 -0.254817 0.031009 -0.00175516 0.999518 18.3364
0.999549 -0.00456892 -0.0296794 -0.468937 0.00455934 0.999989 -0.00039048 -0.279034 0.0296809 0.000254987 0.999559 19.7148
0.999593 -0.00528407 -0.0280311 -0.550805 0.00521877 0.999983 -0.00240207 -0.298688 0.0280433 0.00225481 0.999604 21.0561
0.999646 -0.00279582 -0.026447 -0.60806 0.00269166 0.999988 -0.00397333 -0.327098 0.0264578 0.00390074 0.999642 22.4535
0.999697 -0.00018617 -0.0246095 -0.670015 0.000139046 0.999998 -0.00191666 -0.354378 0.0246098 0.00191266 0.999695 23.852
0.999724 0.000185312 -0.0234857 -0.720973 -0.000133574 0.999997 0.00220439 -0.386867 0.0234861 -0.00220064 0.999722 25.2647
0.999776 -0.00160531 -0.0211171 -0.784544 0.0016742 0.999993 0.00324518 -0.392377 0.0211117 -0.0032798 0.999772 26.6458
0.999773 -0.0055063 -0.0205894 -0.828564 0.00554875 0.999983 0.00200528 -0.41893 0.020578 -0.00211907 0.999786 28.0488
0.999796 -0.00632125 -0.0191923 -0.887317 0.00633348 0.99998 0.000576255 -0.44985 0.0191882 -0.00069769 0.999816 29.4373
0.999829 -0.00738994 -0.0169584 -0.94874 0.00736296 0.999971 -0.00165269 -0.476284 0.0169702 0.00152754 0.999855 30.8131
0.999887 -0.0037888 -0.0145255 -1.00679 0.00374481 0.999988 -0.00305514 -0.493425 0.0145369 0.0030004 0.99989 32.2074
0.999901 -0.00289707 -0.0137412 -1.04564 0.00282989 0.999984 -0.00490576 -0.521967 0.0137552 0.0048664 0.999894 33.6058
0.999921 -0.00150307 -0.0124928 -1.08441 0.00144024 0.999986 -0.00503652 -0.545468 0.0125002 0.00501814 0.999909 35.018
0.999934 -0.00118047 -0.0114074 -1.12769 0.0011312 0.99999 -0.00432541 -0.56577 0.0114124 0.00431223 0.999926 36.4386
0.999938 -0.000391176 -0.0111041 -1.16177 0.000352468 0.999994 -0.00348797 -0.585172 0.0111054 0.00348384 0.999932 37.858
0.999938 0.00212974 -0.0109371 -1.18747 -0.00216198 0.999993 -0.00293761 -0.614636 0.0109307 0.00296107 0.999936 39.3141
0.999934 0.00473948 -0.0105117 -1.21854 -0.00477645 0.999982 -0.00349493 -0.63901 0.0104949 0.0035449 0.999939 40.7704
0.999916 0.00730501 -0.0106728 -1.23619 -0.00734012 0.999968 -0.00325504 -0.665665 0.0106487 0.00333311 0.999938 42.2535
0.999917 0.00848523 -0.00967638 -1.27626 -0.00851523 0.999959 -0.00306366 -0.693728 0.00965 0.00314581 0.999949 43.6928
0.999919 0.00731423 -0.0104396 -1.28343 -0.0073526 0.999966 -0.00364145 -0.715236 0.0104126 0.00371792 0.999939 45.1513
0.999926 0.007 -0.00995757 -1.31417 -0.00703685 0.999968 -0.00367079 -0.747166 0.00993157 0.00374059 0.999944 46.5928
0.99992 0.00666405 -0.0107633 -1.33764 -0.00670268 0.999971 -0.00355704 -0.77322 0.0107393 0.0036289 0.999936 48.0229
0.999891 0.00614223 -0.0134212 -1.3219 -0.00617313 0.999978 -0.00226253 -0.805464 0.013407 0.00234513 0.999907 49.5161
0.999876 0.00671992 -0.0142349 -1.34275 -0.00676519 0.999972 -0.00313498 -0.826135 0.0142135 0.0032309 0.999894 50.9904
0.999855 0.00725713 -0.0153933 -1.37229 -0.00731336 0.999967 -0.00359997 -0.840722 0.0153666 0.00371202 0.999875 52.4485
0.999843 0.00748093 -0.0160897 -1.4076 -0.0075322 0.999967 -0.0031283 -0.86731 0.0160658 0.003249 0.999866 53.8957
0.99985 0.006565 -0.0160163 -1.44407 -0.00661963 0.999972 -0.00336068 -0.880608 0.0159938 0.0034662 0.999866 55.3759
0.999868 0.00524301 -0.0153901 -1.48059 -0.00529779 0.99998 -0.00352106 -0.908497 0.0153714 0.00360213 0.999875 56.8413
0.999881 0.00292459 -0.0151521 -1.51435 -0.00299517 0.999985 -0.00463751 -0.932363 0.0151383 0.00468235 0.999875 58.2904
0.999908 0.00249671 -0.01334 -1.56574 -0.0025641 0.999984 -0.0050375 -0.956242 0.0133272 0.00507125 0.999898 59.7357
0.999935 0.00119867 -0.0113477 -1.60476 -0.00123885 0.999993 -0.00353399 -0.993305 0.0113434 0.00354783 0.999929 61.1822
0.999946 -0.000125523 -0.010405 -1.63176 0.000103187 0.999998 -0.00214748 -1.03058 0.0104052 0.0021463 0.999944 62.6398
0.999942 -0.00204844 -0.0106333 -1.63039 0.00201981 0.999994 -0.00270329 -1.06112 0.0106388 0.00268166 0.99994 64.1037
0.999938 -0.00469209 -0.010079 -1.64168 0.00465931 0.999984 -0.00327326 -1.09372 0.0100942 0.0032261 0.999944 65.5401
0.999951 -0.00469197 -0.00875015 -1.66995 0.0046633 0.999984 -0.00329428 -1.12999 0.00876546 0.00325332 0.999956 66.9593
0.999959 -0.00349727 -0.00834306 -1.68381 0.00345979 0.999984 -0.00450359 -1.14883 0.00835867 0.00447454 0.999955 68.42
0.999982 0.000625663 -0.00595397 -1.73117 -0.000646595 0.999994 -0.00351458 -1.182 0.00595173 0.00351837 0.999976 69.8387
0.999977 0.00441654 -0.00509308 -1.75224 -0.00442458 0.999989 -0.00157023 -1.22471 0.00508609 0.00159273 0.999986 71.3098
0.999953 0.00913506 -0.00339335 -1.77694 -0.00913878 0.999958 -0.00108361 -1.26345 0.00338331 0.00111457 0.999994 72.7127
0.999878 0.0155287 -0.00148375 -1.82194 -0.0155355 0.999869 -0.00465688 -1.23892 0.00141124 0.00467937 0.999988 74.1687
0.999821 0.0189293 -0.00048533 -1.84146 -0.0189314 0.999809 -0.0048594 -1.27689 0.000393254 0.00486772 0.999988 75.5965
0.999776 0.0211761 -0.000126007 -1.83138 -0.0211764 0.999763 -0.00502654 -1.31878 1.95359e-05 0.00502809 0.999987 77.051
0.999762 0.0218269 0.000711233 -1.85484 -0.0218226 0.999747 -0.00550903 -1.34054 -0.000831296 0.0054922 0.999985 78.506
0.99978 0.0209721 0.000118983 -1.84628 -0.0209709 0.999761 -0.00623062 -1.37328 -0.000249622 0.00622675 0.999981 79.9094
0.999812 0.0194021 -0.000168301 -1.83758 -0.0194028 0.999777 -0.00835259 -1.39512 6.20698e-06 0.00835429 0.999965 81.2955
0.999814 0.0192743 0.00040338 -1.86674 -0.0192699 0.999774 -0.00894746 -1.42508 -0.000575744 0.00893803 0.99996 82.6856
0.999845 0.0175889 -0.000279821 -1.83753 -0.0175904 0.999821 -0.00697912 -1.49693 0.000157018 0.00698297 0.999976 84.0363
0.999857 0.0168582 -0.00163842 -1.82909 -0.0168704 0.999828 -0.00777355 -1.52607 0.00150709 0.00780008 0.999969 85.472
0.999852 0.0171318 -0.00134867 -1.87876 -0.0171436 0.99981 -0.00927361 -1.52724 0.00118954 0.00929537 0.999956 86.9411
0.999852 0.0171796 -0.000383371 -1.94648 -0.0171826 0.999799 -0.01036 -1.53033 0.000205315 0.0103651 0.999946 88.3787
0.999887 0.0150675 0.000114814 -1.97405 -0.0150658 0.999842 -0.00944944 -1.5714 -0.000257174 0.00944664 0.999955 89.7721
0.999909 0.0134671 0.000241205 -2.02332 -0.0134635 0.999846 -0.0112855 -1.57238 -0.000393149 0.0112812 0.999936 91.2239
0.999935 0.0114056 0.00016148 -2.02476 -0.0114032 0.999876 -0.0108874 -1.62117 -0.000285636 0.0108849 0.999941 92.5778
0.999954 0.0096048 0.000908739 -2.04433 -0.0095945 0.999897 -0.01074 -1.67236 -0.0010118 0.0107308 0.999942 93.9203
0.99996 0.00875438 0.00199414 -2.07821 -0.00872791 0.999879 -0.012922 -1.68335 -0.00210702 0.0129041 0.999915 95.3761
0.999961 0.0088474 0.00044668 -2.04896 -0.00884124 0.999885 -0.0123219 -1.74928 -0.000555644 0.0123175 0.999924 96.7743
0.999958 0.0088754 0.00249713 -2.09071 -0.00884131 0.999872 -0.013349 -1.78275 -0.00261529 0.0133263 0.999908 98.1609
0.999943 0.00977927 0.00425091 -2.1239 -0.00971677 0.999848 -0.0144832 -1.82211 -0.0043919 0.0144411 0.999886 99.53
0.999925 0.0110509 0.00523211 -2.14105 -0.0109725 0.999831 -0.0147912 -1.85728 -0.00539467 0.0147327 0.999877 100.911
0.999925 0.010841 0.00566478 -2.13236 -0.0107647 0.999853 -0.0133244 -1.90389 -0.0058084 0.0132624 0.999895 102.283
0.999917 0.011939 0.00485727 -2.12207 -0.0118791 0.999855 -0.0121816 -1.947 -0.005002 0.0121229 0.999914 103.63
0.999914 0.0116628 0.00606617 -2.13531 -0.0115706 0.99982 -0.0150182 -1.97163 -0.00624023 0.0149467 0.999869 105.021
0.999929 0.0107083 0.00528839 -2.11453 -0.0106145 0.999791 -0.0174534 -2.01812 -0.00547418 0.0173961 0.999834 106.356
0.999925 0.0104688 0.00639565 -2.14465 -0.0103426 0.999757 -0.0194713 -2.05206 -0.00659794 0.0194037 0.99979 107.688
0.999956 0.00668281 0.00659518 -2.1348 -0.00656674 0.999826 -0.0174671 -2.11738 -0.00671076 0.017423 0.999826 108.997
0.999947 0.00523079 0.00884365 -2.16682 -0.00509109 0.999863 -0.0157471 -2.15642 -0.0089248 0.0157012 0.999837 110.391
0.999937 0.00449598 0.0102594 -2.15838 -0.00432764 0.999857 -0.0163727 -2.18545 -0.0103315 0.0163272 0.999813 111.779
0.999928 0.00399147 0.0112915 -2.14522 -0.00377865 0.999816 -0.0188081 -2.22277 -0.0113645 0.0187641 0.999759 113.134
0.999918 0.00461319 0.0119756 -2.12477 -0.00438177 0.999805 -0.0192794 -2.3094 -0.0120622 0.0192254 0.999742 114.499
0.999856 0.00787798 0.0150381 -2.16063 -0.00753667 0.999716 -0.0226207 -2.33176 -0.015212 0.0225042 0.999631 115.843
0.999808 0.0100697 0.0168153 -2.14969 -0.00970724 0.999722 -0.021498 -2.40173 -0.0170271 0.0213307 0.999628 117.184
0.999751 0.0120332 0.0187783 -2.1328 -0.0116758 0.999751 -0.0190288 -2.46179 -0.0190026 0.0188048 0.999643 118.531
0.999737 0.0110482 0.0201046 -2.11842 -0.0107268 0.999814 -0.0160274 -2.51857 -0.0202779 0.0158075 0.99967 119.884
0.999681 0.0120892 0.0222011 -2.12172 -0.0117076 0.999783 -0.0172375 -2.54023 -0.0224047 0.016972 0.999605 121.256
0.999596 0.013471 0.0250534 -2.11813 -0.0129869 0.999728 -0.019384 -2.56638 -0.0253077 0.0190508 0.999498 122.603
0.999487 0.0165554 0.0274212 -2.09982 -0.0159737 0.999646 -0.0212991 -2.59936 -0.0277641 0.0208501 0.999397 123.964
0.999331 0.0194329 0.0309879 -2.12052 -0.0187081 0.999549 -0.0235102 -2.62452 -0.0314308 0.0229147 0.999243 125.356
0.999291 0.0204715 0.0315881 -2.0613 -0.0197009 0.999505 -0.0245169 -2.68756 -0.0320743 0.0238772 0.9992 126.704
0.999259 0.021538 0.0318961 -1.97995 -0.0207772 0.999496 -0.0239956 -2.77281 -0.0323968 0.0233151 0.999203 128.033
0.999295 0.0198406 0.0318866 -1.90749 -0.0191089 0.999551 -0.0230903 -2.85079 -0.0323304 0.0224647 0.999225 129.372
0.999239 0.0193292 0.0338885 -1.88043 -0.0185943 0.999588 -0.0218677 -2.91034 -0.0342973 0.0212209 0.999186 130.691
0.999184 0.0183406 0.0359763 -1.85003 -0.017569 0.999611 -0.0216471 -2.95953 -0.0363593 0.0209974 0.999118 132.047
0.999195 0.0171754 0.0362585 -1.80013 -0.0164292 0.999649 -0.02078 -3.02483 -0.0366027 0.0201676 0.999126 133.402
0.999221 0.0148429 0.0365641 -1.75498 -0.0140909 0.999686 -0.020738 -3.07475 -0.0368604 0.0202066 0.999116 134.767
0.999254 0.0132601 0.0362778 -1.69981 -0.0125237 0.999712 -0.0204508 -3.12102 -0.0365385 0.0199812 0.999133 136.174
0.999258 0.0114728 0.0367672 -1.68028 -0.010702 0.99972 -0.0210925 -3.16385 -0.0369989 0.0206834 0.999101 137.592
0.999228 0.0103997 0.0378947 -1.67819 -0.00959748 0.999727 -0.0212915 -3.21779 -0.0381058 0.0209114 0.999055 138.935
0.999212 0.00968173 0.0384968 -1.66166 -0.0089062 0.999755 -0.0202665 -3.2739 -0.0386836 0.0199077 0.999053 140.317
0.999223 0.00799051 0.0386069 -1.63672 -0.00719838 0.999762 -0.0206139 -3.3185 -0.0387624 0.0203199 0.999042 141.696
0.999196 0.00802703 0.0392806 -1.61967 -0.00720112 0.999751 -0.0211227 -3.36707 -0.0394403 0.0208229 0.999005 143.083
0.999201 0.00771285 0.0392244 -1.59089 -0.00686436 0.999741 -0.0217211 -3.41649 -0.0393817 0.0214345 0.998994 144.48
0.999134 0.0074769 0.0409355 -1.5896 -0.00656509 0.999728 -0.0223639 -3.46446 -0.0410916 0.0220758 0.998912 145.858
0.999102 0.00535556 0.0420366 -1.56795 -0.00428603 0.999666 -0.0254924 -3.50941 -0.042159 0.0252893 0.998791 147.245
0.999122 0.000157562 0.0418898 -1.52824 0.000962694 0.999643 -0.0267218 -3.551 -0.0418791 0.0267386 0.998765 148.641
0.999145 -0.0073379 0.0406788 -1.46215 0.00837884 0.99964 -0.0254786 -3.59944 -0.0404772 0.0257976 0.998847 149.973
0.999071 -0.0133347 0.0409892 -1.43341 0.0143787 0.999577 -0.0252813 -3.64377 -0.0406347 0.0258471 0.99884 151.352
0.999041 -0.0169595 0.0403673 -1.38106 0.0181129 0.999433 -0.0283793 -3.70605 -0.0398631 0.0290832 0.998782 152.731
0.998992 -0.0157215 0.0420552 -1.35653 0.01708 0.999337 -0.0321424 -3.76313 -0.041522 0.0328283 0.998598 154.072
0.998991 -0.01242 0.0431617 -1.30237 0.0138737 0.999341 -0.0335445 -3.84247 -0.0427166 0.0341095 0.998505 155.462
0.998908 -0.0125138 0.0450131 -1.26541 0.0140704 0.999308 -0.0344319 -3.89758 -0.0445511 0.0350277 0.998393 156.849
0.998731 -0.0159122 0.0477896 -1.24453 0.0174353 0.999348 -0.0316247 -3.95726 -0.0472552 0.0324178 0.998357 158.175
0.998527 -0.0213669 0.0498695 -1.18928 0.0228441 0.999311 -0.029242 -4.02109 -0.0492103 0.0303381 0.998328 159.578
0.998414 -0.0245412 0.0506605 -1.12933 0.0260279 0.999243 -0.0288998 -4.07467 -0.0499129 0.0301726 0.998298 160.938
0.998292 -0.0259905 0.0523167 -1.09605 0.0275653 0.999181 -0.029608 -4.12714 -0.0515044 0.0309995 0.998192 162.291
0.99825 -0.0240814 0.0540119 -1.04611 0.0257275 0.999219 -0.0299923 -4.17807 -0.0532474 0.0313294 0.99809 163.652
0.998187 -0.0201705 0.0567076 -0.997025 0.021915 0.9993 -0.0303109 -4.25045 -0.0560565 0.0314987 0.997931 165.031
0.998096 -0.0170415 0.0592831 -0.948671 0.0189889 0.999293 -0.0324426 -4.31793 -0.0586883 0.0335066 0.997714 166.393
0.998017 -0.0144456 0.0612555 -0.905171 0.0164859 0.999321 -0.0329353 -4.3796 -0.0607381 0.0338799 0.997579 167.757
0.997798 -0.0130035 0.0650307 -0.878007 0.015116 0.99937 -0.0320994 -4.43968 -0.0645724 0.0330117 0.997367 169.121
0.997702 -0.0109826 0.0668591 -0.83203 0.0132139 0.999367 -0.0330232 -4.49199 -0.0664541 0.0338308 0.997216 170.498
0.997688 -0.00866958 0.0673989 -0.760062 0.0110762 0.999311 -0.0354162 -4.563 -0.0670454 0.0360809 0.997097 171.891
0.997727 -0.00579246 0.0671404 -0.683255 0.00833891 0.999254 -0.0377095 -4.63942 -0.0668719 0.0381836 0.997031 173.259
0.997599 -0.000280927 0.0692545 -0.622157 0.00296706 0.999247 -0.0386868 -4.72401 -0.0691914 0.0387994 0.996849 174.683
0.997447 0.00596235 0.0711596 -0.577776 -0.00323163 0.999256 -0.0384283 -4.78237 -0.0713358 0.0381003 0.996724 176.079
0.997439 0.00907059 0.0709414 -0.463254 -0.00648284 0.999308 -0.0366229 -4.86189 -0.0712245 0.0360692 0.996808 177.499
0.997213 0.0116109 0.0736912 -0.411266 -0.00903857 0.999341 -0.0351455 -4.92486 -0.0740507 0.0343815 0.996662 178.871
0.997237 0.00867044 0.0737713 -0.32034 -0.00605482 0.999348 -0.0356061 -4.98109 -0.0740319 0.035061 0.996639 180.275
0.997364 0.00633024 0.0722766 -0.223005 -0.00379217 0.999373 -0.0351996 -5.05787 -0.0724541 0.0348328 0.996763 181.69
0.997435 0.00635559 0.0712908 -0.136665 -0.00358996 0.999238 -0.0388551 -5.14011 -0.0714834 0.0384995 0.996699 183.099
0.997375 0.00852722 0.0719052 -0.0781073 -0.0054008 0.999036 -0.0435628 -5.21201 -0.0722073 0.0430601 0.99646 184.489
0.99724 0.013623 0.0729812 -0.00850711 -0.0104141 0.99897 -0.0441699 -5.29011 -0.0735077 0.043288 0.996355 185.907
0.997136 0.0159207 0.0739347 0.0703181 -0.0127763 0.999002 -0.0428106 -5.37675 -0.0745424 0.0417433 0.996344 187.315
0.996995 0.0182512 0.0752825 0.147558 -0.0153232 0.99911 -0.039289 -5.4591 -0.0759326 0.0380174 0.996388 188.706
0.996928 0.0181216 0.0761972 0.239806 -0.0153597 0.999209 -0.0366789 -5.54435 -0.0768016 0.0353958 0.996418 190.096
0.996812 0.0174251 0.0778571 0.31733 -0.0147075 0.999267 -0.0353429 -5.6244 -0.0784159 0.0340852 0.996338 191.507
0.996806 0.0150942 0.0784252 0.407384 -0.012437 0.999336 -0.0342602 -5.70424 -0.0788902 0.0331754 0.996331 192.962
0.996782 0.0121851 0.0792302 0.521116 -0.00958024 0.999404 -0.0331742 -5.79021 -0.0795871 0.0323083 0.996304 194.442
0.996749 0.00915488 0.080041 0.626412 -0.00657461 0.999452 -0.0324413 -5.87028 -0.0802941 0.0318096 0.996264 195.898
0.996771 0.00638056 0.0800402 0.757776 -0.0038581 0.999492 -0.0316302 -5.93585 -0.0802014 0.0312193 0.99629 197.387
0.996627 0.00217957 0.0820371 0.841955 0.000331279 0.999532 -0.0305803 -5.99848 -0.0820653 0.0305043 0.99616 198.798
0.996549 -0.000284177 0.0830084 0.949288 0.00286271 0.999517 -0.0309463 -6.06302 -0.0829595 0.0310771 0.996068 200.246
0.996488 0.00214087 0.0837071 1.05976 0.000824103 0.999374 -0.0353703 -6.13252 -0.0837304 0.0353151 0.995862 201.7
0.996336 0.0100236 0.0849345 1.14556 -0.00662664 0.99917 -0.0401837 -6.21017 -0.0852668 0.0394737 0.995576 203.141
0.996086 0.0186228 0.0863991 1.24655 -0.0151825 0.999072 -0.0403063 -6.29041 -0.0870695 0.0388368 0.995445 204.587
0.995725 0.0262772 0.088543 1.34418 -0.0230331 0.999032 -0.0374647 -6.35607 -0.0894417 0.0352651 0.995368 206.046
0.995541 0.0269033 0.0904048 1.43959 -0.0237747 0.999086 -0.0355073 -6.42681 -0.0912775 0.0331996 0.995272 207.492
0.995634 0.0256212 0.0897596 1.57814 -0.022529 0.999123 -0.035296 -6.49698 -0.0905851 0.0331197 0.995338 208.983
0.995618 0.022494 0.09077 1.6595 -0.0193492 0.999187 -0.0353794 -6.57058 -0.091492 0.033468 0.995243 210.418
0.995699 0.0207183 0.0903012 1.77677 -0.0174763 0.999179 -0.0365463 -6.63639 -0.0909842 0.034811 0.995244 211.884
0.99557 0.0213046 0.0915707 1.87465 -0.0180321 0.999174 -0.0364179 -6.72399 -0.0922709 0.0346053 0.995132 213.349
0.995326 0.0226709 0.0938655 1.95296 -0.0193241 0.99915 -0.0364117 -6.7997 -0.0946112 0.0344277 0.994919 214.8
0.995261 0.023292 0.0944032 2.07949 -0.0200174 0.999169 -0.0354874 -6.88 -0.0951514 0.0334296 0.994901 216.31
0.995289 0.0227123 0.0942547 2.21849 -0.0194915 0.999199 -0.0349521 -6.9718 -0.094973 0.0329502 0.994934 217.796
0.995358 0.021466 0.093819 2.3683 -0.0182227 0.999211 -0.0352911 -7.05547 -0.0945025 0.0334176 0.994964 219.32
0.995374 0.0192871 0.0941206 2.49537 -0.0159661 0.999227 -0.0359107 -7.12761 -0.0947405 0.0342418 0.994913 220.811
0.99531 0.0196494 0.094719 2.61235 -0.0162703 0.999208 -0.0363167 -7.20401 -0.0953575 0.0346053 0.994841 222.299
0.995287 0.0193138 0.0950219 2.73749 -0.0160073 0.999243 -0.0354385 -7.30137 -0.0956345 0.0337505 0.994844 223.797
0.995267 0.0195256 0.0951953 2.85127 -0.0161966 0.999234 -0.0356181 -7.37562 -0.0958179 0.0339077 0.994821 225.255
0.995262 0.0202176 0.095099 2.99778 -0.0168765 0.999216 -0.0358072 -7.45622 -0.0957484 0.0340326 0.994824 226.791
0.995387 0.0198229 0.0938651 3.1573 -0.0164931 0.999211 -0.0361181 -7.53501 -0.0945071 0.0344034 0.994929 228.337
0.995458 0.019794 0.0931113 3.29062 -0.0164746 0.999205 -0.0362853 -7.60832 -0.0937556 0.0345865 0.994994 229.811
0.995497 0.0193921 0.0927799 3.43171 -0.0160517 0.9992 -0.0366157 -7.68576 -0.0934158 0.0349616 0.995013 231.343
0.995412 0.0180692 0.0939505 3.5488 -0.0146014 0.999191 -0.0374684 -7.75446 -0.0945515 0.0359248 0.994871 232.865
0.995345 0.0172287 0.0948198 3.66941 -0.0136985 0.999193 -0.0377564 -7.82712 -0.0953938 0.0362817 0.994778 234.393
0.995206 0.0162342 0.0964403 3.77849 -0.0126606 0.999214 -0.0375518 -7.89834 -0.0969742 0.0361508 0.99463 235.91
0.995138 0.0162709 0.0971341 3.91008 -0.0126883 0.99922 -0.0373878 -7.97893 -0.0976666 0.0359736 0.994569 237.447
0.995038 0.0172586 0.0979852 4.05322 -0.0135686 0.999178 -0.0382009 -8.06449 -0.0985639 0.0366818 0.994454 238.981
0.994743 0.0181073 0.100783 4.14864 -0.014224 0.999133 -0.0391175 -8.1408 -0.101404 0.0374783 0.994139 240.466
0.994628 0.0186548 0.101816 4.29829 -0.0147994 0.999149 -0.0384919 -8.22166 -0.102447 0.0367783 0.994058 241.994
0.994472 0.0181769 0.103416 4.46098 -0.014487 0.999235 -0.0363199 -8.30413 -0.103997 0.0346209 0.993975 243.457
0.994274 0.0176812 0.105386 4.6043 -0.0140164 0.999274 -0.0354152 -8.38951 -0.105936 0.0337353 0.9938 244.928
0.994043 0.0187396 0.107362 4.72219 -0.0148146 0.999196 -0.0372402 -8.46628 -0.107974 0.0354278 0.993522 246.467
0.993908 0.0192484 0.108512 4.87955 -0.0151341 0.999139 -0.0386124 -8.54841 -0.109161 0.0367349 0.993345 247.992
0.993927 0.0197067 0.10826 5.05461 -0.0156717 0.999155 -0.0379974 -8.63786 -0.108917 0.03607 0.993396 249.562
0.994013 0.019288 0.10754 5.23747 -0.0154172 0.999207 -0.0367101 -8.72722 -0.108162 0.0348323 0.993523 251.114
0.993969 0.0193997 0.10793 5.38618 -0.0155662 0.999221 -0.0362484 -8.81031 -0.108549 0.0343497 0.993497 252.662
0.994037 0.0195864 0.107267 5.5568 -0.0157961 0.999224 -0.0360714 -8.90149 -0.10789 0.034162 0.993576 254.231
0.994092 0.0212325 0.106438 5.73653 -0.0174418 0.999184 -0.0364197 -8.97444 -0.107124 0.0343481 0.993652 255.811
0.993975 0.0222129 0.107332 5.87557 -0.018383 0.999163 -0.0365414 -9.05358 -0.108054 0.0343482 0.993551 257.361
0.994042 0.0219837 0.106755 6.04258 -0.0182458 0.99919 -0.0358659 -9.14381 -0.107457 0.0337044 0.993638 258.902
0.99406 0.0205738 0.106864 6.20191 -0.0168136 0.999211 -0.0359694 -9.22182 -0.10752 0.033959 0.993623 260.444
0.994282 0.0191624 0.105052 6.40845 -0.0155091 0.99925 -0.0354836 -9.30885 -0.105653 0.0336515 0.993834 262.045
0.994203 0.017003 0.106162 6.55192 -0.0132932 0.999279 -0.0355556 -9.37925 -0.10669 0.0339383 0.993713 263.589
0.994306 0.0157764 0.105387 6.7247 -0.0119911 0.999263 -0.0364562 -9.46031 -0.105884 0.0349849 0.993763 265.152
0.994281 0.0149426 0.105745 6.87397 -0.0109908 0.999223 -0.0378557 -9.53849 -0.106228 0.036477 0.993672 266.713
0.993884 0.0114548 0.109825 6.96504 -0.00764625 0.999357 -0.0350369 -9.63151 -0.110155 0.0339829 0.993333 268.247
0.99372 0.00863758 0.11156 7.10058 -0.0049721 0.99944 -0.0330932 -9.71651 -0.111784 0.0323307 0.993207 269.818
0.993837 0.00777137 0.110574 7.29087 -0.00405616 0.999421 -0.0337848 -9.80313 -0.110772 0.0331281 0.993294 271.428
0.994091 0.00730318 0.1083 7.50741 -0.00355358 0.999389 -0.0347751 -9.88883 -0.108488 0.0341847 0.99351 273.064
0.993734 0.00716205 0.111534 7.62804 -0.00338784 0.999416 -0.033992 -9.97943 -0.111713 0.0334012 0.993179 274.571
0.993768 0.00928628 0.11108 7.82789 -0.00542676 0.999373 -0.0349976 -10.053 -0.111335 0.0341767 0.993195 276.161
0.993687 0.010922 0.111648 7.99937 -0.00702087 0.999353 -0.035275 -10.1384 -0.111961 0.0342685 0.993122 277.712
0.993545 0.010368 0.112955 8.16135 -0.00649885 0.999381 -0.0345685 -10.2289 -0.113244 0.0336113 0.992999 279.26
0.993371 0.0108083 0.114437 8.3235 -0.00692013 0.999387 -0.0343197 -10.3179 -0.114738 0.0333003 0.992838 280.806
0.993104 0.0105717 0.116756 8.48965 -0.00654379 0.999372 -0.0348281 -10.3955 -0.117051 0.033824 0.99255 282.301
0.993013 0.00821653 0.117713 8.65041 -0.00415218 0.999388 -0.0347315 -10.478 -0.117926 0.0340001 0.99244 283.93
0.992675 0.00824352 0.120532 8.82843 -0.00406753 0.999384 -0.0348514 -10.5586 -0.120746 0.0341058 0.992097 285.436
0.992583 0.00667053 0.121378 9.0065 -0.00258688 0.999426 -0.0337709 -10.6413 -0.121533 0.0332064 0.992032 287.061
0.992537 0.00585705 0.121797 9.1868 -0.00172937 0.999421 -0.0339681 -10.7165 -0.121926 0.033504 0.991974 288.664
0.992583 0.00497662 0.121464 9.37821 -0.000551928 0.999336 -0.0364345 -10.7958 -0.121565 0.0360972 0.991927 290.245
0.992557 0.00422417 0.121702 9.55759 0.000534242 0.999237 -0.0390398 -10.8746 -0.121774 0.0388142 0.991799 291.829
0.99259 0.00348233 0.121455 9.74006 0.00121676 0.999254 -0.0385946 -10.9612 -0.121499 0.0384564 0.991846 293.401
0.992654 0.00247736 0.120954 9.92277 0.0023193 0.999217 -0.0395 -11.0301 -0.120958 0.0394904 0.991872 294.963
0.992521 0.0037535 0.122014 10.0788 0.00135915 0.999125 -0.041792 -11.0995 -0.122064 0.0416453 0.991648 296.53
0.992375 0.00408178 0.123181 10.2445 0.00122142 0.999076 -0.0429461 -11.1735 -0.123242 0.0427691 0.991454 298.105
0.992413 0.00414734 0.122877 10.4337 0.00113057 0.999081 -0.0428521 -11.2684 -0.122942 0.0426659 0.991496 299.753
0.99242 0.00300247 0.122851 10.6106 0.00222423 0.999099 -0.042386 -11.3644 -0.122867 0.042338 0.99152 301.315
0.992514 0.0020062 0.122108 10.8039 0.00305275 0.999145 -0.0412292 -11.4528 -0.122086 0.0412933 0.99166 302.942
0.992511 0.00391181 0.122085 10.99 0.00106098 0.999173 -0.0406406 -11.5347 -0.122143 0.0404658 0.991687 304.546
0.992305 0.00471915 0.123723 11.1676 0.000349651 0.999162 -0.0409153 -11.6242 -0.123813 0.0406437 0.991473 306.16
0.992186 0.00437989 0.124685 11.3591 0.000851982 0.999122 -0.0418766 -11.7042 -0.124759 0.0416556 0.991312 307.778
0.992126 0.00281339 0.125207 11.557 0.00250079 0.999103 -0.0422659 -11.7933 -0.125213 0.0422463 0.99123 309.374
0.992153 0.00117946 0.125017 11.7669 0.00433256 0.99903 -0.0438093 -11.8708 -0.124947 0.0440072 0.991187 310.991
0.992125 -0.000806941 0.125242 11.9659 0.00660839 0.998923 -0.0459134 -11.965 -0.12507 0.0463795 0.991063 312.598
0.992209 -0.00172406 0.124565 12.1694 0.00764196 0.998863 -0.0470463 -12.0631 -0.124342 0.0476318 0.991095 314.209
0.992428 -0.000885012 0.122816 12.3602 0.0067452 0.998857 -0.0473078 -12.1809 -0.122633 0.0477781 0.991301 315.855
0.992747 2.63869e-05 0.120215 12.5677 0.00560983 0.9989 -0.0465457 -12.2858 -0.120084 0.0468826 0.991656 317.523
0.992913 0.000695576 0.118838 12.7757 0.00440819 0.999079 -0.042679 -12.3987 -0.118759 0.0429004 0.991996 319.159
0.992927 -0.00128835 0.118716 12.9839 0.00602898 0.999198 -0.0395821 -12.4953 -0.11857 0.0400179 0.992139 320.825
0.992917 -0.00161454 0.118797 13.1429 0.00614171 0.999268 -0.0377524 -12.5985 -0.118649 0.0382147 0.9922 322.434
0.992959 -0.00223504 0.118428 13.3322 0.00679569 0.99925 -0.0381202 -12.6994 -0.118254 0.0386567 0.99223 324.056
0.993028 -0.00394451 0.117804 13.5258 0.00853445 0.999223 -0.0384837 -12.7834 -0.11756 0.0392209 0.992291 325.658
0.993327 -0.00423875 0.115245 13.739 0.00864133 0.99925 -0.0377292 -12.8821 -0.114999 0.0384734 0.99262 327.25
0.993265 -0.00428063 0.115777 13.9298 0.00876801 0.999228 -0.0382776 -12.9671 -0.115523 0.039035 0.992537 328.946
0.993194 -0.00111786 0.116459 14.0744 0.0056254 0.999247 -0.0383835 -13.0646 -0.116328 0.0387774 0.992453 330.566
0.993031 1.02236e-06 0.117852 14.2388 0.004617 0.999232 -0.0389119 -13.1536 -0.117762 0.0391849 0.992268 332.205
0.992779 -0.00135217 0.119944 14.4234 0.00575787 0.999321 -0.0363923 -13.2618 -0.119814 0.0368201 0.992113 333.88
0.992609 -0.00219655 0.121329 14.581 0.006497 0.999364 -0.0350605 -13.3557 -0.121175 0.0355896 0.991993 335.492
0.992576 -0.0032992 0.121578 14.7677 0.00770283 0.99933 -0.0357685 -13.4492 -0.121379 0.0364395 0.991937 337.118
0.992815 -0.00246443 0.119625 14.9799 0.00675077 0.999349 -0.0354396 -13.5381 -0.11946 0.0359925 0.992186 338.745
0.992876 -0.000843057 0.119142 15.1658 0.00536681 0.999276 -0.0376539 -13.6249 -0.119024 0.0380251 0.992163 340.372
0.992959 0.000842096 0.118451 15.3543 0.00398689 0.99917 -0.040525 -13.7164 -0.118387 0.0407119 0.992132 341.998
0.992852 0.00243306 0.119324 15.5193 0.00241063 0.999179 -0.0404319 -13.8052 -0.119324 0.0404305 0.992031 343.659
0.993045 0.00227896 0.117711 15.7133 0.00210381 0.999309 -0.0370958 -13.9003 -0.117714 0.0370854 0.992354 345.264
0.993452 0.00311902 0.114205 15.9078 0.000751456 0.999427 -0.033832 -13.9903 -0.114245 0.0336963 0.992881 346.867
0.993744 0.0031158 0.111632 16.1003 0.000988538 0.999326 -0.0366927 -14.0472 -0.111671 0.0365736 0.993072 348.5
0.993987 0.00219964 0.109468 16.2779 0.00202762 0.999257 -0.0384904 -14.1301 -0.109471 0.038481 0.993244 350.105
0.994169 -4.61073e-05 0.107828 16.4584 0.00414062 0.999278 -0.0377493 -14.2179 -0.107748 0.0379757 0.993452 351.69
0.994147 -0.000830577 0.108024 16.6067 0.00489965 0.999288 -0.0374085 -14.3096 -0.107916 0.0377189 0.993444 353.318
0.994142 -0.00148835 0.108061 16.773 0.00562816 0.999261 -0.0380153 -14.4016 -0.107924 0.0384008 0.993417 354.936
0.994089 -0.00211162 0.108541 16.9298 0.00642177 0.999204 -0.0393757 -14.4842 -0.108372 0.03984 0.993311 356.567
0.994069 -0.00267658 0.108713 17.0903 0.00700533 0.999196 -0.0394559 -14.5749 -0.10852 0.0399834 0.993289 358.176
0.994042 -0.00346449 0.108934 17.2618 0.00786723 0.999168 -0.0400127 -14.6608 -0.108705 0.0406314 0.993243 359.79
0.994028 -0.00368197 0.109061 17.4292 0.008197 0.999126 -0.0409801 -14.7471 -0.108814 0.0416293 0.99319 361.393
0.994004 -0.00404813 0.109266 17.6009 0.00865668 0.999091 -0.041736 -14.847 -0.108998 0.0424316 0.993135 363.013
0.994042 -0.00569889 0.108842 17.7885 0.0102401 0.999098 -0.04121 -14.9458 -0.108509 0.0420791 0.993204 364.621
0.994111 -0.00541515 0.108223 17.9726 0.00998851 0.999077 -0.0417614 -15.0463 -0.107897 0.0425965 0.993249 366.246
0.994158 -0.0069628 0.107704 18.1417 0.0116847 0.998995 -0.0432729 -15.1352 -0.107295 0.0442787 0.99324 367.838
0.994144 -0.00910008 0.107677 18.3164 0.0136123 0.999056 -0.0412446 -15.2344 -0.1072 0.0424688 0.99333 369.463
0.993997 -0.010358 0.108907 18.4622 0.0148907 0.999052 -0.0408899 -15.3229 -0.108381 0.0422661 0.99321 371.09
0.993735 -0.0105139 0.111258 18.5884 0.0153181 0.998982 -0.0424147 -15.4094 -0.110699 0.0438533 0.992885 372.675
0.993697 -0.0104827 0.1116 18.7681 0.0152927 0.998986 -0.0423325 -15.5104 -0.111043 0.0437724 0.992851 374.263
0.993703 -0.00878215 0.111694 18.9491 0.0135779 0.999014 -0.0422485 -15.5941 -0.111213 0.0434991 0.992844 375.909
0.993649 -0.00768228 0.112257 19.1184 0.0124871 0.999032 -0.0421616 -15.6786 -0.111825 0.0432957 0.992784 377.523
0.993635 -0.00680011 0.112431 19.2975 0.0116828 0.999014 -0.0428264 -15.7702 -0.112029 0.0438673 0.992736 379.144
0.993502 -0.00781766 0.113542 19.4468 0.0127277 0.999011 -0.0425839 -15.8852 -0.113097 0.0437523 0.99262 380.739
0.993301 -0.00791315 0.115275 19.5957 0.012933 0.998997 -0.0428646 -15.9791 -0.11482 0.0440684 0.992408 382.341
0.993105 -0.0068797 0.117022 19.7711 0.0120838 0.998966 -0.04382 -16.0663 -0.116599 0.044932 0.992162 383.973
0.993053 -0.00538492 0.117533 19.9535 0.0106205 0.998976 -0.0439649 -16.1594 -0.117176 0.0449078 0.992095 385.603
0.992883 -0.00409264 0.119018 20.1247 0.00915664 0.999074 -0.0420328 -16.2777 -0.118735 0.0428234 0.992002 387.205
0.992958 -0.00235041 0.118437 20.3466 0.00744572 0.999064 -0.0425973 -16.3798 -0.118226 0.0431792 0.992047 388.823
0.993011 -0.00143449 0.118002 20.5408 0.00659805 0.999036 -0.0433793 -16.4705 -0.117826 0.0438548 0.992065 390.451
0.99305 -0.000626753 0.117681 20.742 0.00583525 0.999018 -0.0439203 -16.5588 -0.117538 0.0443019 0.992079 392.063
0.993269 -0.000484868 0.115821 20.9576 0.00557009 0.999034 -0.0435863 -16.6479 -0.115688 0.0439381 0.992313 393.694
0.993333 0.000116938 0.115268 21.1487 0.00488091 0.999059 -0.0430753 -16.7485 -0.115165 0.0433508 0.9924 395.353
0.993267 0.00108964 0.115838 21.3289 0.00398733 0.999041 -0.0435876 -16.8469 -0.115774 0.043756 0.992311 396.982
0.99337 0.00223258 0.11493 21.5316 0.0029461 0.998988 -0.04487 -16.9284 -0.114914 0.0449112 0.992359 398.63
