1 0 0 0 0 1 0 0 0 0 1 0
0.999994 -0.00162784 -0.00300956 0.0311529 0.00162292 0.999997 -0.00163793 0.00734023 0.00301222 0.00163304 0.999994 0.619652
0.999994 -0.00191801 -0.00284983 0.0010342 0.00191033 0.999995 -0.00269593 -0.0142321 0.00285498 0.00269047 0.999992 1.14018
0.999984 -0.00229767 -0.00509135 7.88679e-05 0.00227413 0.999987 -0.00462312 -0.0149063 0.00510191 0.00461147 0.999976 1.72767
0.999969 -0.00393981 -0.00685034 -0.00847146 0.00389283 0.999969 -0.0068573 -0.0155528 0.00687714 0.00683042 0.999953 2.3224
0.999958 -0.00643188 -0.00651108 -0.0607389 0.00637323 0.999939 -0.00898916 -0.0236276 0.00656851 0.00894729 0.999938 2.86642
0.999954 -0.00767309 -0.00581715 -0.122243 0.00761487 0.999921 -0.00996571 -0.0272794 0.00589316 0.00992096 0.999933 3.45757
0.99995 -0.0073591 -0.00678961 -0.141767 0.00729005 0.999922 -0.0101385 -0.0305232 0.00686369 0.0100885 0.999926 4.05223
0.999948 -0.00755989 -0.00683181 -0.179636 0.0074869 0.999915 -0.0106464 -0.0447815 0.00691172 0.0105947 0.99992 4.65693
0.999947 -0.00664949 -0.00790209 -0.191055 0.00654412 0.99989 -0.013287 -0.0676542 0.00798957 0.0132346 0.999881 5.2623
0.999954 -0.00489727 -0.00825057 -0.225966 0.00475038 0.999832 -0.0177307 -0.070114 0.00833602 0.0176907 0.999809 5.88388
0.999965 -0.00348909 -0.00763562 -0.284775 0.00331836 0.999747 -0.0222597 -0.0724362 0.00771135 0.0222335 0.999723 6.52699
0.999967 -0.00119951 -0.00810454 -0.314789 0.0010149 0.999741 -0.0227453 -0.0832233 0.00812972 0.0227363 0.999709 7.18298
0.99995 0.0010383 -0.00993545 -0.318514 -0.00119568 0.999874 -0.0158474 -0.0986774 0.00991774 0.0158585 0.999825 7.86507
0.999933 0.00207199 -0.0114292 -0.30469 -0.0021345 0.999983 -0.00545993 -0.113223 0.0114177 0.00548395 0.99992 8.50251
0.99991 0.00354427 -0.0129513 -0.290076 -0.00351656 0.999991 0.00216112 -0.148299 0.0129588 -0.00211538 0.999914 9.15473
0.999875 0.00583249 -0.0147337 -0.293314 -0.00579672 0.99998 0.00246863 -0.185489 0.0147478 -0.00238291 0.999889 9.85494
0.999844 0.0083092 -0.0156278 -0.30597 -0.00836293 0.999959 -0.00337603 -0.21674 0.0155991 0.00350619 0.999872 10.5376
0.999807 0.0076037 -0.0181084 -0.298523 -0.00778659 0.999919 -0.0100508 -0.204958 0.0180305 0.0101898 0.999786 11.2603
0.999792 0.00578617 -0.0195766 -0.30125 -0.00595319 0.999946 -0.0084841 -0.213782 0.0195264 0.00859888 0.999773 12.0023
0.999765 0.00479255 -0.0211548 -0.296581 -0.00476772 0.999988 0.00122393 -0.232238 0.0211605 -0.00112278 0.999776 12.7751
0.999741 0.00435734 -0.0223274 -0.30711 -0.00417934 0.999959 0.00801265 -0.231142 0.0223614 -0.00791726 0.999719 13.5789
0.999712 0.003319 -0.0237772 -0.310992 -0.00308977 0.999948 0.00967107 -0.224604 0.0238081 -0.00959482 0.999671 14.3796
0.999706 0.00169606 -0.0242008 -0.317862 -0.00149321 0.999964 0.0083974 -0.22516 0.0242142 -0.00835879 0.999672 15.1851
0.999697 0.000913168 -0.0246231 -0.320751 -0.000766181 0.999982 0.00597822 -0.22377 0.0246282 -0.00595754 0.999679 16.0026
0.999707 0.00344856 -0.023958 -0.352233 -0.00338897 0.999991 0.00252729 -0.228876 0.0239665 -0.00244535 0.99971 16.8677
0.999745 0.000345505 -0.0225835 -0.375958 -0.000422467 0.999994 -0.00340325 -0.231791 0.0225822 0.00341192 0.999739 17.7146
0.999749 -0.00302617 -0.0222231 -0.389981 0.00279311 0.999941 -0.0105107 -0.23252 0.0222536 0.010446 0.999698 18.6053
0.999781 -0.00233694 -0.0207891 -0.425878 0.00200116 0.999867 -0.0161577 -0.240638 0.0208241 0.0161126 0.999653 19.5349
0.999787 -0.00140427 -0.0206277 -0.449571 0.00106322 0.999863 -0.0165352 -0.264806 0.020648 0.0165098 0.999651 20.4619
0.999783 -0.00142304 -0.0207871 -0.474299 0.00108852 0.99987 -0.016095 -0.28568 0.0208073 0.0160689 0.999655 21.3869
0.999807 3.53399e-05 -0.019663 -0.511743 -0.000374244 0.999851 -0.0172323 -0.314872 0.0196595 0.0172363 0.999658 22.3239
0.999809 0.00259993 -0.0194017 -0.538253 -0.00298039 0.999803 -0.0196066 -0.336023 0.0193469 0.0196607 0.99962 23.2727
0.999783 0.00629695 -0.0198947 -0.560949 -0.00669838 0.999774 -0.0201759 -0.365486 0.0197631 0.0203048 0.999599 24.252
0.999759 0.00803571 -0.0204539 -0.577555 -0.00845533 0.999754 -0.0205124 -0.392791 0.020284 0.0206804 0.999581 25.2098
0.999756 0.00875069 -0.0203014 -0.607462 -0.00915724 0.999758 -0.02002 -0.43151 0.0201212 0.020201 0.999594 26.1878
0.999743 0.00879516 -0.0208869 -0.62754 -0.00920412 0.999766 -0.0195649 -0.469147 0.02071 0.0197522 0.999591 27.1927
0.999718 0.00994949 -0.0215937 -0.654048 -0.0103409 0.999783 -0.0180915 -0.506093 0.021409 0.0183097 0.999603 28.2011
0.999687 0.0103199 -0.0227942 -0.669288 -0.0106951 0.999808 -0.0164011 -0.531599 0.0226206 0.0166397 0.999606 29.2082
0.999661 0.0102044 -0.0239524 -0.689628 -0.01057 0.999829 -0.0151852 -0.561074 0.0237934 0.0154332 0.999598 30.2262
0.999655 0.00986355 -0.0243757 -0.716816 -0.0102659 0.999812 -0.0164353 -0.587646 0.024209 0.0166799 0.999568 31.2542
0.99963 0.0109733 -0.0248948 -0.745315 -0.0114149 0.999779 -0.0176642 -0.613635 0.0246955 0.0179419 0.999534 32.2967
0.999618 0.0106037 -0.0255251 -0.7767 -0.0110309 0.9998 -0.0166551 -0.644351 0.0253434 0.0169303 0.999536 33.3444
0.999626 0.00989003 -0.0255136 -0.814983 -0.0102522 0.999848 -0.0141026 -0.67209 0.0253703 0.0143589 0.999575 34.3883
0.999612 0.0101699 -0.0259457 -0.850346 -0.0104418 0.999892 -0.0103669 -0.698488 0.0258374 0.0106338 0.99961 35.4595
0.999621 0.0105129 -0.0254468 -0.90529 -0.0107179 0.999911 -0.00793237 -0.726235 0.0253612 0.0082021 0.999645 36.526
0.999627 0.0105903 -0.025204 -0.953338 -0.010782 0.999914 -0.00748387 -0.749607 0.0251226 0.00775283 0.999654 37.5663
0.999633 0.0103745 -0.0250342 -1.00474 -0.0106198 0.999897 -0.00968474 -0.762605 0.0249311 0.00994704 0.99964 38.6445
0.999628 0.0106723 -0.0251156 -1.04976 -0.0109342 0.999887 -0.0103137 -0.785239 0.0250027 0.0105845 0.999631 39.7332
0.999605 0.0106185 -0.0260477 -1.08099 -0.010857 0.9999 -0.00903341 -0.814923 0.0259492 0.00931264 0.99962 40.8278
0.999586 0.0106107 -0.0267736 -1.12157 -0.0108096 0.999915 -0.00729637 -0.837982 0.0266939 0.00758276 0.999615 41.9156
0.999563 0.0109915 -0.0274648 -1.15429 -0.011136 0.999925 -0.00511227 -0.862545 0.0274066 0.00541589 0.99961 42.9984
0.999523 0.0124144 -0.0282835 -1.18831 -0.0125577 0.999909 -0.00489463 -0.89347 0.0282202 0.00524747 0.999588 44.0909
0.999492 0.0138163 -0.0287477 -1.21779 -0.0140592 0.999867 -0.00826318 -0.927034 0.0286297 0.00866315 0.999553 45.2003
0.999477 0.0146681 -0.0288287 -1.25746 -0.0149922 0.999826 -0.0110588 -0.969454 0.0286615 0.0114852 0.999523 46.2964
0.999482 0.0155526 -0.0282003 -1.30558 -0.0158818 0.999808 -0.0114862 -0.997977 0.0280162 0.0119281 0.999536 47.362
0.999522 0.0164456 -0.0261803 -1.36929 -0.0166809 0.999822 -0.00879529 -1.02973 0.026031 0.0092278 0.999619 48.4426
0.999527 0.0170775 -0.0255869 -1.41177 -0.0172394 0.999832 -0.00611953 -1.0655 0.0254781 0.00655774 0.999654 49.5317
0.999596 0.0147011 -0.0243413 -1.46447 -0.0147922 0.999884 -0.00356882 -1.10238 0.024286 0.00392744 0.999697 50.6129
0.999647 0.013872 -0.0226632 -1.51152 -0.0139484 0.999897 -0.00321671 -1.14021 0.0226163 0.00353169 0.999738 51.7077
0.999667 0.0129035 -0.0223863 -1.52806 -0.0129987 0.999907 -0.00411401 -1.17342 0.0223311 0.00440363 0.999741 52.7693
0.999708 0.0128429 -0.020497 -1.59771 -0.0129726 0.999896 -0.00620843 -1.19677 0.0204152 0.00647252 0.999771 53.8879
0.999722 0.0115622 -0.0205819 -1.59586 -0.0117434 0.999893 -0.00870357 -1.22324 0.020479 0.00894285 0.99975 54.9167
0.999726 0.010321 -0.0210357 -1.60487 -0.0105614 0.99988 -0.0113481 -1.26451 0.0209161 0.0115672 0.999714 55.9913
0.999712 0.00845108 -0.0224923 -1.60545 -0.00874271 0.999878 -0.0128994 -1.29684 0.0223805 0.0130923 0.999664 57.0996
0.999714 0.00689539 -0.0229127 -1.62138 -0.00713672 0.99992 -0.0104676 -1.3292 0.0228387 0.0106281 0.999683 58.202
0.999714 0.0054742 -0.0233152 -1.63525 -0.00557484 0.999975 -0.00425368 -1.35939 0.0232914 0.00438244 0.999719 59.3031
0.999729 0.00370808 -0.0230075 -1.65424 -0.00366853 0.999992 0.00176102 -1.38052 0.0230138 -0.00167613 0.999734 60.3629
0.999742 0.00225604 -0.0226243 -1.69264 -0.00218893 0.999993 0.00299082 -1.40778 0.0226309 -0.00294053 0.99974 61.4808
0.999761 -0.00191823 -0.0218089 -1.72006 0.00191861 0.999998 -3.06569e-06 -1.41987 0.0218089 -3.87765e-05 0.999762 62.5646
0.999799 -0.00329651 -0.0198188 -1.77467 0.0032362 0.99999 -0.00307367 -1.4377 0.0198287 0.00300892 0.999799 63.6349
0.999785 -0.00117769 -0.0207608 -1.79357 0.0010328 0.999975 -0.00698782 -1.46127 0.0207686 0.00696487 0.99976 64.7607
0.999801 -0.00126654 -0.0199234 -1.83736 0.00103986 0.999934 -0.0113831 -1.48171 0.0199365 0.0113601 0.999737 65.8385
0.999844 0.00138984 -0.0176471 -1.89166 -0.00162662 0.999909 -0.0134104 -1.48577 0.0176269 0.013437 0.999755 66.9161
0.999844 0.00519375 -0.0169034 -1.9194 -0.0053695 0.999932 -0.0103684 -1.50847 0.0168484 0.0104575 0.999804 68.0369
0.999852 0.00670671 -0.0158834 -1.96453 -0.00684751 0.999937 -0.00882721 -1.52674 0.0158232 0.00893467 0.999835 69.1305
0.999842 0.00635392 -0.0166238 -1.97966 -0.00652177 0.999928 -0.0100625 -1.52995 0.0165587 0.0101693 0.999811 70.244
0.999863 0.00411829 -0.0160865 -2.0174 -0.00427397 0.999944 -0.00965465 -1.54911 0.0160459 0.00972208 0.999824 71.3424
0.999919 0.00335095 -0.0122992 -2.07658 -0.00347577 0.999942 -0.0101413 -1.55004 0.0122645 0.0101833 0.999873 72.3963
0.999924 0.000629237 -0.0124098 -2.09409 -0.000742249 0.999958 -0.00910372 -1.56089 0.0124036 0.00911223 0.999882 73.4835
0.99993 -0.000851656 -0.0118891 -2.13169 0.00074448 0.999959 -0.0090155 -1.5661 0.0118963 0.00900601 0.999889 74.5769
0.999943 -0.0018857 -0.0105871 -2.1671 0.00177467 0.999943 -0.0104855 -1.59257 0.0106063 0.0104662 0.999889 75.6461
0.999919 -0.00178614 -0.012671 -2.17093 0.00160085 0.999891 -0.0146176 -1.61941 0.0126957 0.0145961 0.999813 76.7804
0.99989 -0.00160072 -0.0148178 -2.17085 0.00135227 0.999858 -0.0167614 -1.65248 0.0148426 0.0167395 0.99975 77.8487
0.999891 -7.71133e-05 -0.01484 -2.20553 -0.000146639 0.999886 -0.0150756 -1.68701 0.0148395 0.0150761 0.999777 78.9074
0.999864 0.00103337 -0.0165005 -2.20981 -0.00121289 0.99994 -0.010873 -1.71833 0.0164882 0.0108916 0.999805 79.9876
0.999848 0.00244367 -0.0172956 -2.23782 -0.00257054 0.999969 -0.00731688 -1.74063 0.0172772 0.00736023 0.999824 81.0621
0.999849 0.00342031 -0.017064 -2.27862 -0.00354454 0.999967 -0.00725497 -1.76205 0.0170386 0.00731435 0.999829 82.161
0.999849 0.00375474 -0.0170022 -2.3169 -0.0039211 0.999944 -0.00976169 -1.78263 0.0169646 0.00982688 0.999808 83.2387
0.99985 0.0035922 -0.0169943 -2.35396 -0.0037777 0.999933 -0.0108954 -1.80483 0.016954 0.010958 0.999797 84.2876
0.999845 0.00275129 -0.0174354 -2.3851 -0.00295214 0.999929 -0.011504 -1.82811 0.0174025 0.0115537 0.999782 85.3338
0.999846 0.00157403 -0.0174996 -2.42283 -0.00177252 0.999934 -0.0113321 -1.85757 0.0174807 0.0113614 0.999783 86.3715
0.999854 0.000260038 -0.0171194 -2.46642 -0.000432885 0.999949 -0.0100933 -1.88478 0.0171159 0.0100992 0.999803 87.3852
0.999853 0.000151147 -0.0171929 -2.50149 -0.000301542 0.999961 -0.00874489 -1.89401 0.0171909 0.00874879 0.999814 88.3754
0.999847 -0.000937983 -0.0175049 -2.53585 0.000794474 0.999966 -0.00820295 -1.91733 0.017512 0.00818779 0.999814 89.3667
0.999822 -0.00219649 -0.0187947 -2.57439 0.00203633 0.999961 -0.00853598 -1.9371 0.0188127 0.00849618 0.999787 90.3226
0.999763 -0.00339023 -0.0215444 -2.61017 0.00317467 0.999944 -0.0100317 -1.95864 0.0215772 0.00996088 0.999718 91.2762
0.999709 -0.00318416 -0.0239297 -2.65411 0.00291051 0.99993 -0.0114612 -1.98044 0.0239645 0.0113882 0.999648 92.1936
0.999659 -0.00357749 -0.0258935 -2.70524 0.00327816 0.999927 -0.011593 -2.0045 0.0259331 0.0115042 0.999598 93.0773
0.9996 -0.00244873 -0.0282036 -2.74782 0.00215343 0.999942 -0.0104955 -2.03525 0.0282277 0.0104306 0.999548 93.9602
0.999546 -0.00177981 -0.0301092 -2.80022 0.00150387 0.999956 -0.00918457 -2.06613 0.0301242 0.00913512 0.999505 94.8109
0.999471 -0.00085176 -0.0325349 -2.84102 0.000619817 0.999974 -0.0071382 -2.10059 0.0325402 0.00711426 0.999446 95.6193
0.999407 0.000700062 -0.0344443 -2.88958 -0.000916866 0.99998 -0.00627876 -2.12444 0.0344392 0.00630661 0.999387 96.4139
0.999316 0.00285299 -0.0368879 -2.92699 -0.00306294 0.999979 -0.00563622 -2.15299 0.0368711 0.00574535 0.999304 97.1748
0.999217 0.00497628 -0.0392766 -2.96774 -0.00524707 0.999963 -0.00679437 -2.17987 0.0392413 0.00699513 0.999206 97.9128
0.999122 0.00657789 -0.0413857 -3.01418 -0.00702348 0.999919 -0.0106307 -2.20095 0.0413124 0.010912 0.999087 98.6104
0.999017 0.00938261 -0.0433476 -3.06566 -0.0100146 0.999846 -0.0143858 -2.22629 0.043206 0.0148058 0.998957 99.2968
0.998913 0.0112155 -0.0452547 -3.11262 -0.0120197 0.999774 -0.0175383 -2.24024 0.0450477 0.0180632 0.998822 99.9649
0.998802 0.0135339 -0.0470473 -3.13146 -0.0144249 0.999722 -0.01865 -2.26258 0.0467818 0.0193063 0.998719 100.61
0.998736 0.0159515 -0.0476731 -3.13742 -0.0168395 0.999691 -0.0182837 -2.28824 0.0473667 0.0190634 0.998696 101.236
0.998785 0.0195976 -0.0452293 -3.16443 -0.0203575 0.999658 -0.0164019 -2.3218 0.0448924 0.0173027 0.998842 101.839
0.998915 0.0218424 -0.0411331 -3.16647 -0.0224984 0.999626 -0.0155524 -2.33797 0.040778 0.016461 0.999033 102.417
0.99907 0.022704 -0.0366739 -3.12476 -0.0232195 0.999637 -0.0136925 -2.3589 0.0363497 0.0145313 0.999234 102.964
0.999305 0.0224833 -0.0297538 -3.0822 -0.0228358 0.999672 -0.0115616 -2.37603 0.0294841 0.0122331 0.999491 103.476
0.999569 0.022359 -0.0190534 -3.06783 -0.0225798 0.999679 -0.0114557 -2.37957 0.0187912 0.011881 0.999753 103.987
0.999735 0.0217685 -0.007622 -3.02376 -0.0218569 0.999692 -0.0117238 -2.3902 0.00736445 0.0118873 0.999903 104.465
0.99975 0.021793 0.00507434 -2.96719 -0.0217252 0.999679 -0.0130529 -2.40267 -0.00535717 0.0129394 0.999902 104.929
0.999588 0.0210519 0.0195357 -2.88083 -0.0207042 0.999627 -0.017831 -2.39763 -0.0199038 0.0174192 0.999651 105.377
0.999113 0.0213406 0.0363126 -2.76609 -0.0204677 0.999497 -0.0242409 -2.38954 -0.0368116 0.0234762 0.999047 105.809
0.998204 0.0195991 0.0566111 -2.6515 -0.0178616 0.999359 -0.0310357 -2.37864 -0.0571831 0.0299688 0.997914 106.216
0.996637 0.0175399 0.0800445 -2.52588 -0.0147023 0.999247 -0.0359022 -2.37217 -0.0806139 0.0346046 0.996145 106.645
0.994151 0.0149494 0.106961 -2.40636 -0.0109217 0.999213 -0.0381429 -2.38017 -0.107447 0.0367516 0.993532 107.04
0.990645 0.0129242 0.135855 -2.25887 -0.00737119 0.99912 -0.0412986 -2.38479 -0.136269 0.0399108 0.989868 107.436
0.985584 0.0107198 0.16885 -2.11112 -0.00338017 0.999039 -0.0436957 -2.39626 -0.169157 0.042495 0.984673 107.827
0.978645 0.00804856 0.205402 -1.95279 0.00126854 0.998978 -0.0451883 -2.40822 -0.205556 0.0444839 0.977634 108.237
0.969672 0.00608858 0.244335 -1.79597 0.00559007 0.998876 -0.0470758 -2.42125 -0.244347 0.047014 0.968548 108.619
0.958699 0.00670594 0.284344 -1.62582 0.00742369 0.998791 -0.0485852 -2.4401 -0.284326 0.0486895 0.957491 108.979
0.94449 0.00934483 0.328409 -1.46373 0.00736296 0.998742 -0.0495946 -2.45407 -0.328459 0.0492597 0.943233 109.332
0.92807 0.00952262 0.372286 -1.28341 0.00906856 0.998799 -0.048155 -2.47455 -0.372298 0.0480673 0.926868 109.659
0.909724 0.00910906 0.415115 -1.07488 0.0112604 0.99885 -0.0465954 -2.49546 -0.415062 0.0470633 0.908575 109.97
0.887479 0.00731191 0.460792 -0.885084 0.0154428 0.998841 -0.0455924 -2.52905 -0.460592 0.0475782 0.886337 110.276
0.862824 0.00738441 0.505451 -0.678718 0.0186893 0.998744 -0.0464946 -2.55911 -0.505159 0.0495632 0.861602 110.584
0.835941 0.00928751 0.548742 -0.459937 0.0210471 0.998579 -0.0489637 -2.58456 -0.548417 0.0524802 0.834557 110.872
0.806002 0.0136847 0.591756 -0.228253 0.020757 0.998464 -0.0513622 -2.61934 -0.59155 0.053681 0.80448 111.147
0.773264 0.0203821 0.633758 0.024666 0.0191664 0.998275 -0.0554905 -2.62474 -0.633796 0.0550556 0.771539 111.41
0.738299 0.0249851 0.674011 0.308835 0.0176782 0.998254 -0.0563689 -2.65047 -0.674242 0.0535324 0.736568 111.647
0.700866 0.0254295 0.712841 0.605476 0.0209162 0.998202 -0.0561741 -2.67021 -0.712988 0.0542803 0.699073 111.868
0.662233 0.0227935 0.748952 0.931983 0.0268281 0.998175 -0.0541001 -2.6823 -0.748818 0.0559198 0.660413 112.075
0.619877 0.0210669 0.784417 1.25704 0.0286096 0.998368 -0.0494213 -2.70584 -0.784178 0.0530769 0.618262 112.267
0.575795 0.0197112 0.817357 1.60251 0.0304378 0.998499 -0.0455218 -2.72275 -0.817028 0.0510898 0.574331 112.446
0.529729 0.017088 0.847995 1.96254 0.0322162 0.99867 -0.0402492 -2.75051 -0.847555 0.0486403 0.528474 112.611
0.481202 0.0126388 0.876519 2.34264 0.0357869 0.998779 -0.0340484 -2.78021 -0.87588 0.047752 0.480163 112.748
0.430549 0.0130571 0.902474 2.71939 0.0338082 0.99896 -0.0305821 -2.79937 -0.901935 0.0436781 0.42966 112.893
0.380751 0.0177229 0.924508 3.11937 0.0325079 0.998942 -0.032538 -2.80959 -0.924106 0.0424427 0.379772 113.018
0.333002 0.0235847 0.942632 3.53058 0.0325502 0.998804 -0.0364891 -2.81422 -0.942365 0.0428338 0.331836 113.112
0.287891 0.0255245 0.957324 3.93553 0.0363799 0.998632 -0.0375662 -2.8171 -0.956972 0.0456423 0.286569 113.188
0.247353 0.0245012 0.968616 4.37299 0.0442883 0.998349 -0.0365631 -2.83897 -0.967913 0.0519423 0.24586 113.259
0.213924 0.022985 0.976581 4.81225 0.0526059 0.998001 -0.0350126 -2.86791 -0.975433 0.0588639 0.212287 113.299
0.183271 0.0239043 0.982772 5.26295 0.0579108 0.997706 -0.035067 -2.87755 -0.981356 0.0633399 0.181467 113.358
0.156147 0.0225401 0.987477 5.74891 0.0551674 0.99798 -0.0315032 -2.90156 -0.986193 0.0593956 0.154588 113.419
0.130514 0.0195851 0.991254 6.24653 0.0484565 0.998484 -0.026108 -2.92099 -0.990262 0.0514401 0.129367 113.493
0.107067 0.0161059 0.994122 6.75243 0.0437001 0.998826 -0.0208885 -2.93365 -0.993292 0.0456797 0.106237 113.54
0.0844388 0.0139969 0.996331 7.2659 0.047312 0.998717 -0.0180401 -2.94888 -0.995305 0.0486617 0.0836683 113.566
0.0636959 0.015305 0.997853 7.79893 0.0560996 0.998246 -0.018892 -2.95248 -0.996392 0.0571824 0.0627256 113.586
0.0463303 0.0171555 0.998779 8.34759 0.0631313 0.997804 -0.0200672 -2.96355 -0.99693 0.0639839 0.0451455 113.591
0.0322361 0.023344 0.999208 8.9198 0.0610514 0.997814 -0.0252811 -2.97919 -0.997614 0.061818 0.0307405 113.599
0.0205545 0.0282403 0.99939 9.52694 0.0578502 0.997893 -0.0293878 -2.99355 -0.998114 0.0584189 0.0188776 113.627
0.0137423 0.0278988 0.999517 10.1402 0.0590921 0.997841 -0.0286645 -3.01745 -0.998158 0.0594574 0.0120641 113.632
0.0108076 0.0251669 0.999626 10.7602 0.0648028 0.997564 -0.0258157 -3.03444 -0.99784 0.0650575 0.00915047 113.625
0.0104575 0.0244173 0.999648 11.414 0.0662233 0.99749 -0.0250573 -3.04525 -0.997751 0.066462 0.00881435 113.642
0.0117931 0.0249024 0.999621 12.1067 0.0653222 0.997535 -0.0256211 -3.05554 -0.997795 0.0655996 0.0101374 113.669
0.0124339 0.0261207 0.999582 12.8305 0.0608028 0.997789 -0.0268302 -3.07225 -0.998073 0.061111 0.0108183 113.708
0.013385 0.029054 0.999489 13.5366 0.059382 0.997791 -0.0297999 -3.07082 -0.998146 0.0597505 0.0116301 113.724
0.0144999 0.0299212 0.999448 14.2637 0.0590479 0.997782 -0.030728 -3.09827 -0.99815 0.0594608 0.012701 113.739
0.0158078 0.0299717 0.999426 15.0115 0.0583862 0.997817 -0.0308469 -3.12103 -0.998169 0.0588403 0.0140235 113.751
0.0162008 0.0284453 0.999465 15.7745 0.0573675 0.997922 -0.0293313 -3.15485 -0.998222 0.057812 0.0145353 113.773
0.0163494 0.0281528 0.999471 16.5496 0.0574682 0.997925 -0.0290494 -3.1674 -0.998214 0.0579127 0.0146977 113.795
0.0158353 0.0261694 0.999533 17.3217 0.0583165 0.997932 -0.0270513 -3.19466 -0.998173 0.0587176 0.0142765 113.81
0.0145352 0.0250807 0.99958 18.1154 0.0555812 0.99812 -0.0258523 -3.21677 -0.998349 0.0559336 0.0131139 113.827
0.0136619 0.0261402 0.999566 18.9078 0.0542175 0.998168 -0.0268447 -3.21396 -0.998436 0.0545607 0.0122196 113.837
0.0122963 0.0257442 0.999594 19.7204 0.0562723 0.998067 -0.0263971 -3.20879 -0.99834 0.056574 0.0108239 113.852
0.0104328 0.024764 0.99964 20.5124 0.0582393 0.997981 -0.0253307 -3.22801 -0.998249 0.0584825 0.00896957 113.868
0.00858669 0.0251633 0.999647 21.3641 0.0554916 0.998131 -0.0256018 -3.24528 -0.998423 0.0556918 0.00717433 113.884
0.00782678 0.0316141 0.99947 22.1912 0.0525818 0.998105 -0.0319827 -3.25181 -0.998586 0.0528042 0.00614966 113.895
0.00578383 0.0442048 0.999006 22.979 0.0524503 0.997634 -0.0444477 -3.18297 -0.998607 0.0526552 0.00345164 113.917
0.00440646 0.045209 0.998969 23.8068 0.0524025 0.997595 -0.045378 -3.23637 -0.998617 0.0525483 0.00202685 113.922
0.00292438 0.0431878 0.999063 24.66 0.0489352 0.997864 -0.0432792 -3.2834 -0.998798 0.0490159 0.000804774 113.933
0.00231463 0.0392373 0.999228 25.5256 0.0461058 0.998163 -0.0393023 -3.32899 -0.998934 0.0461611 0.00050136 113.937
0.00216798 0.0339685 0.999421 26.3618 0.0443977 0.998434 -0.0340312 -3.37481 -0.999012 0.0444457 0.000656515 113.937
0.00231005 0.0292728 0.999569 27.2082 0.0404617 0.99875 -0.0293423 -3.40483 -0.999179 0.0405121 0.00112278 113.938
0.00270243 0.0284262 0.999593 28.061 0.0374146 0.998893 -0.0285075 -3.44312 -0.999297 0.0374764 0.00163593 113.944
0.00443641 0.0359505 0.999344 28.8959 0.0404895 0.998528 -0.0361009 -3.47689 -0.999171 0.040623 0.0029743 113.94
0.00471091 0.0474392 0.998864 29.7278 0.0426408 0.997956 -0.0475972 -3.5147 -0.99908 0.0428165 0.00267849 113.957
0.00504272 0.0520346 0.998633 30.5613 0.0440441 0.997665 -0.0522065 -3.56793 -0.999017 0.0442471 0.00273918 113.969
0.00650325 0.0471269 0.998868 31.4083 0.0460516 0.997815 -0.047377 -3.61019 -0.998918 0.0463076 0.00431882 113.975
0.00777395 0.0402134 0.999161 32.2382 0.0500494 0.997923 -0.040553 -3.65049 -0.998717 0.0503227 0.0057452 113.975
0.00929066 0.0375726 0.999251 33.0672 0.0513767 0.997956 -0.0380015 -3.69674 -0.998637 0.0516913 0.00734137 113.973
0.00947266 0.0387099 0.999206 33.8971 0.0511872 0.997922 -0.0391454 -3.73944 -0.998645 0.0515173 0.00747157 113.985
0.00820487 0.0388009 0.999214 34.7202 0.0473597 0.998111 -0.0391469 -3.80857 -0.998845 0.0476436 0.00635182 114.001
0.00724565 0.039143 0.999208 35.5427 0.0456481 0.998179 -0.0394337 -3.84794 -0.998932 0.0458977 0.00544569 114.003
0.00548423 0.0383217 0.999251 36.3481 0.044744 0.998255 -0.0385291 -3.90828 -0.998984 0.0449218 0.00376004 114.006
0.00417029 0.037942 0.999272 37.1576 0.0439009 0.99831 -0.0380886 -3.96957 -0.999028 0.0440278 0.0024976 114.002
0.00191268 0.0386016 0.999253 37.9664 0.0415583 0.998388 -0.0386477 -4.01199 -0.999135 0.0416011 0.000305429 114.011
-0.000115763 0.0376589 0.999291 38.7573 0.0396151 0.998506 -0.0376247 -4.05709 -0.999216 0.0395827 -0.0016074 114.016
-0.00240265 0.037309 0.999301 39.5495 0.0403966 0.998492 -0.0371816 -4.09182 -0.999181 0.040279 -0.00390614 114.023
-0.00413098 0.0379415 0.999272 40.3315 0.0404074 0.99847 -0.037744 -4.13149 -0.999175 0.040222 -0.00565773 114.024
-0.00545634 0.0396048 0.999201 41.1131 0.0404393 0.998407 -0.0393525 -4.16635 -0.999168 0.0401922 -0.00704919 114.019
-0.00629578 0.0398074 0.999188 41.8933 0.0411688 0.998371 -0.0395154 -4.21279 -0.999133 0.0408865 -0.00792429 114.014
-0.00717925 0.0390716 0.999211 42.6804 0.0432591 0.998313 -0.0387256 -4.25428 -0.999039 0.0429469 -0.00885729 114.007
-0.00811746 0.0392015 0.999199 43.4555 0.0443149 0.998264 -0.0388048 -4.28968 -0.998985 0.0439643 -0.00984053 113.997
-0.00999218 0.0395859 0.999167 44.2356 0.0432473 0.998298 -0.039119 -4.32755 -0.999015 0.0428203 -0.0116871 114.001
-0.0103262 0.0396557 0.999161 44.9899 0.0419806 0.99835 -0.0391896 -4.36479 -0.999066 0.0415407 -0.0119739 113.986
-0.011356 0.0384741 0.999196 45.7334 0.0404677 0.998459 -0.0379858 -4.4091 -0.999117 0.0400038 -0.0128954 113.988
-0.010949 0.0383709 0.999204 46.4539 0.0408461 0.998447 -0.0378942 -4.45358 -0.999106 0.0403986 -0.0124992 113.971
-0.0100004 0.0414992 0.999089 47.1655 0.0414724 0.998296 -0.0410511 -4.49352 -0.99909 0.041024 -0.0117043 113.959
-0.00971466 0.0444435 0.998965 47.8648 0.0417969 0.998157 -0.0440011 -4.53615 -0.999079 0.0413261 -0.0115543 113.956
-0.00890526 0.0463979 0.998884 48.576 0.0400272 0.998139 -0.0460064 -4.58005 -0.999159 0.0395728 -0.0107458 113.949
-0.00819064 0.0502322 0.998705 49.2724 0.042378 0.997858 -0.049842 -4.59097 -0.999069 0.0419148 -0.0103018 113.94
-0.00764063 0.0513181 0.998654 49.9781 0.0438743 0.997738 -0.0509353 -4.61993 -0.999008 0.043426 -0.00987485 113.932
-0.00668193 0.0526344 0.998592 50.6635 0.0461666 0.997566 -0.0522714 -4.64632 -0.998912 0.0457522 -0.00909557 113.921
-0.0081422 0.0526255 0.998582 51.3441 0.0407975 0.997801 -0.0522517 -4.69781 -0.999135 0.0403142 -0.0102712 113.931
-0.00724925 0.0535237 0.998541 52.0388 0.0390261 0.997821 -0.0532017 -4.7442 -0.999213 0.0385834 -0.00932222 113.933
-0.00665947 0.0515295 0.99865 52.7134 0.0392478 0.997916 -0.0512299 -4.80024 -0.999208 0.0388536 -0.00866796 113.922
-0.00689049 0.0508321 0.998684 53.3808 0.0400988 0.997918 -0.0505164 -4.84774 -0.999173 0.0396979 -0.0089144 113.909
-0.010655 0.0503281 0.998676 54.0634 0.0368457 0.998074 -0.0499047 -4.89693 -0.999265 0.0362652 -0.0124888 113.918
-0.0160609 0.04967 0.998637 54.743 0.03279 0.998255 -0.0491237 -4.95259 -0.999334 0.0319563 -0.0176615 113.915
-0.0215194 0.0534166 0.998341 55.3988 0.0364041 0.997952 -0.052611 -4.99724 -0.999106 0.0352115 -0.0234198 113.895
-0.0279 0.0564074 0.998018 56.0643 0.0396045 0.997685 -0.0552814 -5.03992 -0.998826 0.0379836 -0.0300693 113.874
-0.0339564 0.0589591 0.997683 56.7441 0.0393226 0.997564 -0.0576138 -5.07263 -0.99865 0.0372751 -0.0361921 113.839
-0.0403166 0.0595069 0.997414 57.4301 0.0362237 0.997656 -0.0580571 -5.10477 -0.998531 0.0337893 -0.0423776 113.82
-0.045642 0.0589728 0.997216 58.109 0.0363665 0.997693 -0.0573364 -5.14811 -0.998296 0.0336483 -0.0476813 113.791
-0.0501865 0.0599601 0.996939 58.8257 0.0341533 0.997716 -0.0582875 -5.19416 -0.998156 0.0311234 -0.0521196 113.76
-0.0536608 0.0604524 0.996728 59.5254 0.0327873 0.997734 -0.0587482 -5.22935 -0.998021 0.0295275 -0.0555212 113.723
-0.0560128 0.0587614 0.9967 60.2298 0.0337524 0.997808 -0.0569299 -5.26063 -0.99786 0.0304521 -0.0578733 113.683
-0.057153 0.0565923 0.996761 60.9409 0.0359904 0.99786 -0.054591 -5.30032 -0.997717 0.0327538 -0.0590675 113.639
-0.0576076 0.0569679 0.996713 61.6526 0.0365981 0.99782 -0.0549159 -5.31816 -0.997669 0.0333142 -0.0595669 113.593
-0.0587713 0.0574947 0.996615 62.4061 0.0360932 0.99781 -0.0554352 -5.36236 -0.997619 0.0327129 -0.0607177 113.556
-0.0581546 0.0631007 0.996312 63.1246 0.0381369 0.997413 -0.0609444 -5.39403 -0.997579 0.034452 -0.0604105 113.507
-0.0573809 0.0670572 0.996098 63.8706 0.0442557 0.996932 -0.064564 -5.45033 -0.997371 0.0403782 -0.0601725 113.455
-0.057051 0.0717908 0.995787 64.6097 0.0522231 0.996261 -0.0688329 -5.50897 -0.997005 0.0480761 -0.0605867 113.399
-0.0571289 0.0731599 0.995683 65.3778 0.0531 0.996123 -0.0701455 -5.56677 -0.996954 0.0488634 -0.0607921 113.352
-0.0566991 0.0714556 0.995832 66.1299 0.051425 0.996321 -0.0685627 -5.62523 -0.997066 0.0473231 -0.060165 113.308
-0.0559543 0.0655579 0.996279 66.8725 0.0511165 0.996722 -0.0627162 -5.69417 -0.997124 0.047417 -0.0591219 113.266
-0.0544828 0.0625073 0.996557 67.6349 0.0531634 0.996805 -0.0596164 -5.7652 -0.997099 0.0497322 -0.0576318 113.206
-0.0539172 0.0628541 0.996566 68.3945 0.0537681 0.996752 -0.0599569 -5.81848 -0.997097 0.0503507 -0.0571216 113.15
-0.0551653 0.0634232 0.996461 69.1431 0.0528361 0.996768 -0.0605176 -5.88095 -0.997079 0.0493106 -0.058338 113.111
-0.0565843 0.0645598 0.996309 69.8992 0.0537671 0.996656 -0.0615286 -5.93228 -0.996949 0.050087 -0.0598662 113.067
-0.0587514 0.0642205 0.996205 70.6392 0.0543656 0.996654 -0.0610432 -5.99679 -0.996792 0.0505728 -0.0620461 113.023
-0.0588424 0.0653713 0.996125 71.3936 0.0561026 0.996493 -0.0620814 -6.04304 -0.99669 0.0522321 -0.0623035 112.962
-0.0613403 0.0643071 0.996044 72.1354 0.0549754 0.996625 -0.060959 -6.11 -0.996602 0.0510186 -0.0646686 112.922
-0.062826 0.0646829 0.995927 72.8947 0.0525842 0.996726 -0.0614177 -6.1679 -0.996639 0.0485113 -0.0660215 112.879
-0.0626737 0.0665137 0.995816 73.6599 0.053385 0.996572 -0.0632043 -6.22506 -0.996606 0.0492003 -0.0660096 112.818
-0.0630761 0.0666165 0.995784 74.4275 0.0524041 0.996615 -0.0633527 -6.28913 -0.996632 0.048187 -0.0663534 112.769
-0.0646742 0.066433 0.995693 75.1893 0.0510162 0.996697 -0.0631863 -6.35081 -0.996602 0.04671 -0.0678497 112.726
-0.0649465 0.0656488 0.995728 75.9602 0.0517276 0.996714 -0.0623399 -6.39401 -0.996548 0.0474578 -0.0681288 112.674
-0.065725 0.0638658 0.995792 76.7466 0.0495106 0.996929 -0.0606709 -6.45128 -0.996609 0.0453146 -0.0686851 112.625
-0.067273 0.062221 0.995793 77.5368 0.0470927 0.99714 -0.0591237 -6.50615 -0.996623 0.0429171 -0.0700107 112.575
-0.0690165 0.0625846 0.995651 78.346 0.0482273 0.997073 -0.059331 -6.55342 -0.99645 0.0439227 -0.0718327 112.519
-0.0698359 0.0644023 0.995478 79.136 0.0490473 0.996929 -0.0610553 -6.59429 -0.996352 0.0445616 -0.0727801 112.452
-0.0715267 0.0674191 0.995158 79.9335 0.0485873 0.996764 -0.0640358 -6.62635 -0.996255 0.0437718 -0.0745709 112.391
-0.0733982 0.0735426 0.994588 80.7696 0.0510456 0.996248 -0.0698983 -6.65829 -0.995996 0.0456389 -0.0768767 112.348
-0.0724637 0.0780084 0.994316 81.577 0.0532809 0.995816 -0.074243 -6.7163 -0.995947 0.0475981 -0.0763168 112.273
-0.0731371 0.0825362 0.993901 82.404 0.0540918 0.995431 -0.0786829 -6.78248 -0.995854 0.0480072 -0.0772674 112.205
-0.0726172 0.0834657 0.993862 83.2501 0.056324 0.995245 -0.0794665 -6.86137 -0.995769 0.0502075 -0.0769729 112.147
-0.0704606 0.0836937 0.993998 84.0739 0.0599754 0.995027 -0.0795289 -6.92324 -0.99571 0.0540117 -0.0751297 112.06
-0.0703508 0.0811695 0.994215 84.9263 0.0604112 0.995202 -0.0769753 -7.01293 -0.995692 0.0546464 -0.0749167 112.002
-0.0690558 0.0794585 0.994444 85.7523 0.0596568 0.995368 -0.0753898 -7.09129 -0.995828 0.0541192 -0.0734761 111.941
-0.0675524 0.0770514 0.994737 86.6035 0.0578597 0.995638 -0.073192 -7.17118 -0.996037 0.0526108 -0.0717159 111.89
-0.0655589 0.0733546 0.995149 87.4608 0.0581789 0.995879 -0.0695757 -7.2525 -0.996152 0.0533353 -0.0695563 111.833
-0.062944 0.0713757 0.995462 88.3172 0.0597726 0.995919 -0.067629 -7.30824 -0.996226 0.0552445 -0.0669534 111.773
-0.0609993 0.071736 0.995557 89.1861 0.0582352 0.995971 -0.0681977 -7.37954 -0.996438 0.0538164 -0.064931 111.722
-0.0597274 0.075831 0.995331 90.0385 0.0589839 0.995637 -0.0723149 -7.45849 -0.996471 0.0543893 -0.0639395 111.679
-0.0569472 0.0812461 0.995067 90.8736 0.0594976 0.995188 -0.0778511 -7.54361 -0.996603 0.0547706 -0.0615071 111.616
-0.0551072 0.0843421 0.994913 91.7601 0.0572395 0.995055 -0.0811837 -7.62875 -0.996839 0.0524744 -0.0596622 111.576
-0.0530498 0.0806968 0.995327 92.61 0.0554884 0.995428 -0.0777475 -7.72152 -0.997049 0.0511046 -0.0572849 111.521
-0.051548 0.0784675 0.995584 93.4945 0.0559671 0.995569 -0.0755686 -7.80165 -0.997101 0.0518245 -0.0557111 111.477
-0.0497993 0.0769261 0.995793 94.363 0.0578446 0.995578 -0.0740168 -7.87915 -0.997083 0.0539152 -0.0540287 111.424
-0.0485782 0.0763265 0.995899 95.2338 0.0573372 0.995645 -0.0735102 -7.9631 -0.997173 0.0535311 -0.0527429 111.381
-0.0480541 0.0766566 0.9959 96.1033 0.0571002 0.995631 -0.0738808 -8.03966 -0.997212 0.0533157 -0.0522212 111.342
-0.046321 0.0746765 0.996132 96.9455 0.0603367 0.995591 -0.0718302 -8.11389 -0.997103 0.056776 -0.0506224 111.289
-0.0441975 0.0741695 0.996266 97.8142 0.0628317 0.995473 -0.0713231 -8.18689 -0.997046 0.0594448 -0.0486576 111.238
-0.0436082 0.0763386 0.996129 98.6702 0.0649712 0.995183 -0.0734218 -8.2508 -0.996934 0.0615178 -0.0483578 111.203
-0.0419154 0.0795682 0.995948 99.5156 0.0659043 0.994873 -0.0767087 -8.31464 -0.996946 0.0624219 -0.0469443 111.153
-0.0413868 0.0827226 0.995714 100.384 0.0631769 0.99479 -0.0800199 -8.37641 -0.997144 0.0595942 -0.0463972 111.126
-0.0406118 0.0795837 0.996001 101.266 0.058483 0.995304 -0.0771434 -8.44565 -0.997463 0.0551162 -0.0450753 111.096
-0.0407941 0.0787766 0.996058 102.137 0.0538514 0.995612 -0.0765359 -8.51814 -0.997716 0.0505168 -0.0448573 111.07
-0.0424614 0.0795917 0.995923 102.981 0.0502117 0.995732 -0.0774357 -8.59581 -0.997836 0.0467189 -0.0462766 111.045
-0.0438295 0.0840149 0.995501 103.832 0.0472321 0.995518 -0.0819369 -8.68507 -0.997922 0.0434282 -0.0476012 111.014
-0.0443596 0.0871381 0.995209 104.668 0.0461709 0.995304 -0.0850884 -8.75602 -0.997949 0.0421752 -0.0481744 110.973
-0.0434133 0.0890609 0.99508 105.523 0.0464663 0.995121 -0.0870374 -8.82275 -0.997977 0.0424591 -0.0473397 110.92
-0.0432713 0.0889914 0.995093 106.355 0.0481013 0.995056 -0.0868965 -8.90128 -0.997905 0.0441051 -0.0473379 110.879
-0.0435821 0.0909066 0.994906 107.216 0.0488693 0.994854 -0.0887611 -8.97307 -0.997854 0.0447519 -0.0478003 110.838
-0.0446576 0.0939646 0.994574 108.04 0.0495355 0.994551 -0.0917382 -9.06489 -0.997774 0.0451698 -0.0490688 110.807
-0.0462069 0.0976883 0.994144 108.869 0.0498327 0.994194 -0.0953769 -9.11792 -0.997689 0.0451337 -0.0508066 110.788
-0.0469838 0.0987038 0.994008 109.683 0.0493724 0.99412 -0.0963812 -9.19597 -0.997675 0.0445481 -0.0515807 110.748
-0.0476656 0.0984063 0.994005 110.483 0.048352 0.994196 -0.0961067 -9.27949 -0.997693 0.0434811 -0.0521471 110.687
-0.0500307 0.0998705 0.993743 111.282 0.0491902 0.994027 -0.0974226 -9.36785 -0.997536 0.0440082 -0.0546444 110.638
-0.0528 0.102756 0.993305 112.083 0.0493164 0.993747 -0.10018 -9.45779 -0.997387 0.0436967 -0.0575373 110.591
-0.056064 0.103932 0.993004 112.877 0.0476137 0.993715 -0.101318 -9.55307 -0.997292 0.0416002 -0.0606601 110.549
-0.059024 0.103866 0.992839 113.659 0.048222 0.993708 -0.10109 -9.64922 -0.997092 0.0419099 -0.0636612 110.498
-0.0608101 0.102815 0.992841 114.446 0.0498438 0.993753 -0.0998565 -9.73956 -0.996904 0.0434146 -0.0655548 110.435
-0.0630981 0.103509 0.992626 115.225 0.0515684 0.993617 -0.100335 -9.83308 -0.996675 0.0448571 -0.068033 110.381
-0.0652793 0.10892 0.991906 116.01 0.047262 0.993248 -0.105957 -9.92379 -0.996748 0.0399626 -0.0699861 110.341
-0.0663277 0.116521 0.990972 116.784 0.0450253 0.992496 -0.113687 -10.0171 -0.996782 0.0370782 -0.0710763 110.286
-0.0664634 0.119205 0.990643 117.532 0.0507107 0.991959 -0.115961 -10.1045 -0.9965 0.042529 -0.0719739 110.199
-0.0689982 0.117439 0.990681 118.316 0.0533386 0.992061 -0.113887 -10.1982 -0.99619 0.0449835 -0.0747144 110.139
-0.0720717 0.110327 0.99128 119.09 0.0525206 0.992905 -0.106689 -10.2925 -0.996016 0.0443733 -0.0773547 110.082
-0.0740102 0.10857 0.991331 119.87 0.0516668 0.993139 -0.104911 -10.3906 -0.995919 0.0434544 -0.0791118 110.025
-0.0739404 0.112592 0.990887 120.638 0.0512197 0.992724 -0.108979 -10.4731 -0.995947 0.0426949 -0.0791692 109.944
-0.0763019 0.116568 0.990248 121.394 0.0494173 0.992365 -0.11301 -10.5632 -0.99586 0.0403125 -0.0814797 109.881
-0.0777556 0.120576 0.989655 122.157 0.050281 0.991871 -0.116896 -10.6409 -0.995704 0.0406715 -0.0831862 109.816
-0.0787967 0.125265 0.98899 122.883 0.0553575 0.991093 -0.121121 -10.7313 -0.995353 0.045204 -0.0850292 109.743
-0.0809946 0.129996 0.988202 123.629 0.0560334 0.990485 -0.125704 -10.8275 -0.995139 0.0451909 -0.0875079 109.68
-0.0835599 0.132786 0.987617 124.378 0.0552283 0.990176 -0.128457 -10.9253 -0.994971 0.0438105 -0.0900725 109.616
-0.0855222 0.130803 0.987714 125.128 0.0560533 0.990407 -0.126306 -11.0279 -0.994759 0.0445626 -0.0920336 109.549
-0.0888456 0.127364 0.98787 125.849 0.0604285 0.990654 -0.122288 -11.128 -0.994211 0.0488307 -0.0957115 109.464
-0.0940932 0.125666 0.987601 126.59 0.0628218 0.990774 -0.120085 -11.2379 -0.99358 0.0507437 -0.10112 109.386
-0.0998306 0.124458 0.987191 127.335 0.0621495 0.990989 -0.118652 -11.3415 -0.993062 0.0495083 -0.106666 109.302
-0.109414 0.124362 0.986187 128.08 0.0618905 0.99107 -0.118112 -11.4509 -0.992068 0.0481125 -0.116133 109.233
-0.119542 0.125201 0.984904 128.804 0.0618062 0.991032 -0.118478 -11.5493 -0.990904 0.04671 -0.126208 109.134
-0.129082 0.126718 0.983505 129.539 0.0629693 0.990848 -0.1194 -11.64 -0.989633 0.0465182 -0.13588 108.993
-0.142214 0.127394 0.981605 130.247 0.0647383 0.990758 -0.119203 -11.7391 -0.987717 0.046595 -0.149147 108.891
-0.153624 0.127878 0.979821 130.965 0.0688728 0.990565 -0.118482 -11.8248 -0.985727 0.0492813 -0.160981 108.762
-0.164681 0.128412 0.977953 131.681 0.0734324 0.990334 -0.117672 -11.9093 -0.98361 0.052435 -0.172518 108.634
-0.175305 0.12896 0.976032 132.376 0.0789303 0.990034 -0.116633 -11.9928 -0.981345 0.0565921 -0.183736 108.506
-0.183212 0.129266 0.974539 133.088 0.0859526 0.989628 -0.115109 -12.0876 -0.979309 0.0626748 -0.192422 108.35
-0.190168 0.127809 0.973398 133.793 0.0911578 0.989506 -0.112115 -12.2012 -0.977511 0.0674121 -0.199822 108.189
-0.196599 0.128121 0.972078 134.511 0.0921774 0.989451 -0.111768 -12.2958 -0.976142 0.0676301 -0.206335 108.037
-0.201473 0.125753 0.971389 135.228 0.0956532 0.989511 -0.10826 -12.3918 -0.974813 0.071105 -0.211388 107.887
-0.201829 0.123279 0.971632 135.91 0.10167 0.989325 -0.104404 -12.47 -0.97413 0.0777136 -0.212208 107.711
-0.201966 0.121199 0.971866 136.609 0.107552 0.989057 -0.100992 -12.5594 -0.97347 0.0841286 -0.212791 107.542
-0.202228 0.119541 0.972016 137.288 0.109947 0.98902 -0.0987575 -12.6446 -0.973148 0.0868984 -0.21315 107.381
-0.201109 0.124979 0.971564 137.985 0.112454 0.988217 -0.103844 -12.7307 -0.973093 0.0883722 -0.212793 107.225
-0.199257 0.128707 0.971459 138.666 0.112125 0.987822 -0.107877 -12.8088 -0.973512 0.0874295 -0.211262 107.074
-0.19758 0.128354 0.971848 139.347 0.114296 0.987646 -0.107204 -12.8929 -0.973601 0.0898973 -0.20981 106.918
-0.195303 0.126648 0.972532 140.016 0.116001 0.98765 -0.105322 -12.9761 -0.973859 0.0922451 -0.207582 106.77
-0.191698 0.12384 0.97361 140.675 0.117519 0.987767 -0.102502 -13.0596 -0.974393 0.0947679 -0.203907 106.605
-0.190515 0.124069 0.973814 141.356 0.11819 0.987665 -0.102711 -13.1496 -0.974544 0.0955272 -0.202828 106.473
-0.18824 0.126532 0.973939 141.998 0.118411 0.987357 -0.105389 -13.2296 -0.974959 0.0954863 -0.200843 106.343
-0.183527 0.128367 0.974598 142.657 0.11959 0.986989 -0.107479 -13.3101 -0.975713 0.0968274 -0.19649 106.211
-0.177801 0.127391 0.975787 143.29 0.120564 0.986936 -0.106878 -13.39 -0.976653 0.0986419 -0.190837 106.081
-0.169811 0.125578 0.977444 143.948 0.122296 0.986867 -0.105542 -13.4698 -0.977859 0.101615 -0.182938 105.937
-0.165142 0.123304 0.978533 144.584 0.120778 0.987216 -0.104015 -13.5594 -0.978847 0.101008 -0.177923 105.823
-0.160684 0.123043 0.979307 145.223 0.120625 0.98721 -0.104244 -13.636 -0.979608 0.101379 -0.173471 105.712
-0.157006 0.12156 0.980089 145.858 0.1209 0.987298 -0.103086 -13.7153 -0.98017 0.102307 -0.169708 105.612
-0.152132 0.119444 0.981117 146.477 0.12488 0.987039 -0.100801 -13.7911 -0.980439 0.107187 -0.165076 105.501
-0.148303 0.118007 0.981877 147.096 0.125821 0.987039 -0.0996236 -13.8629 -0.980906 0.108766 -0.161228 105.399
-0.144985 0.116703 0.982528 147.706 0.123259 0.987415 -0.0990952 -13.9416 -0.981727 0.106738 -0.157545 105.303
-0.141513 0.117754 0.982909 148.325 0.120233 0.987595 -0.101005 -14.0242 -0.982608 0.103884 -0.153916 105.216
-0.13535 0.12185 0.983278 148.923 0.121226 0.98699 -0.105623 -14.0866 -0.983354 0.104903 -0.14836 105.113
-0.128985 0.125473 0.983678 149.522 0.122856 0.986343 -0.109704 -14.1547 -0.984007 0.1067 -0.142638 105.021
-0.122381 0.126818 0.984349 150.107 0.12149 0.986259 -0.11196 -14.2262 -0.98502 0.105887 -0.136106 104.949
-0.113799 0.125095 0.985598 150.695 0.117415 0.986783 -0.111688 -14.3125 -0.986542 0.103014 -0.126983 104.882
-0.1048 0.123127 0.986843 151.291 0.115978 0.987049 -0.110836 -14.3959 -0.987708 0.102836 -0.117722 104.852
-0.0944694 0.121969 0.988029 151.871 0.116044 0.98705 -0.110753 -14.472 -0.988742 0.104192 -0.1074 104.831
-0.0820941 0.120334 0.989334 152.442 0.114302 0.987271 -0.110598 -14.556 -0.990049 0.104004 -0.0948035 104.802
-0.0673119 0.120483 0.990432 153.018 0.112245 0.987295 -0.112473 -14.6258 -0.991398 0.1036 -0.0799803 104.784
-0.0478366 0.120134 0.991606 153.602 0.109539 0.987385 -0.114339 -14.7013 -0.992831 0.10315 -0.0603925 104.752
