1 0 0 0 0 1 0 0 0 0 1 0
0.999999 0.000780564 0.0011503 0.00606563 -0.000779856 1 -0.000615683 -0.0242107 -0.00115078 0.000614785 0.999999 1.23682
0.999994 0.00114877 0.00316688 -0.00731733 -0.00114792 0.999999 -0.000271022 -0.0449053 -0.00316719 0.000267385 0.999995 2.48666
0.999994 0.000771184 0.00339562 -0.00248201 -0.000775124 0.999999 0.00115896 -0.0818077 -0.00339473 -0.00116158 0.999994 3.69914
0.999995 -4.6384e-05 0.00325267 0.00661421 4.33934e-05 1 0.000919537 -0.100529 -0.00325271 -0.000919391 0.999994 4.91684
0.999992 -0.000245765 0.00399034 0.00174244 0.000241802 1 0.000993641 -0.121619 -0.00399058 -0.000992669 0.999992 6.12819
0.999987 1.17285e-05 0.00513102 -0.00761698 -1.16815e-05 1 -9.18234e-06 -0.14156 -0.00513102 9.12208e-06 0.999987 7.33173
0.999988 2.72187e-05 0.00495278 0.00894088 -2.97316e-05 1 0.000507307 -0.173133 -0.00495277 -0.000507448 0.999988 8.53431
0.99999 -0.000594552 0.00454757 0.01241 0.000583796 0.999997 0.00236605 -0.201973 -0.00454896 -0.00236337 0.999987 9.72213
0.999993 -0.00114998 0.00348239 0.00793418 0.00113648 0.999992 0.0038761 -0.230443 -0.00348682 -0.00387212 0.999986 10.9349
0.999996 -0.00254015 0.00127169 -0.00246784 0.00253669 0.999993 0.00271518 -0.237725 -0.00127858 -0.00271195 0.999995 12.1625
0.999998 -0.00189666 -0.00110628 -0.00695948 0.00189847 0.999997 0.00164354 -0.241921 0.00110316 -0.00164563 0.999998 13.3739
0.999995 -0.00193189 -0.00259437 -0.0201196 0.00193814 0.999995 0.00240949 -0.28121 0.0025897 -0.00241451 0.999994 14.5877
0.999996 -0.000133942 -0.00289735 -0.0403287 0.000140743 0.999997 0.00234734 -0.298744 0.00289703 -0.00234774 0.999993 15.8084
0.999992 -0.000374427 -0.00407062 -0.0435869 0.000385735 0.999996 0.0027773 -0.323691 0.00406956 -0.00277885 0.999988 17.0127
0.999992 -0.00066075 -0.00401056 -0.0687783 0.000673407 0.999995 0.00315537 -0.341415 0.00400846 -0.00315804 0.999987 18.2529
0.999989 -0.000860386 -0.00468306 -0.0798113 0.000876776 0.999994 0.00349881 -0.361101 0.00468002 -0.00350287 0.999983 19.4748
0.999987 -0.000538138 -0.00497781 -0.100489 0.00054923 0.999997 0.00222699 -0.375041 0.0049766 -0.0022297 0.999985 20.6904
0.999978 -2.29581e-05 -0.00659456 -0.103767 3.47446e-05 0.999999 0.00178717 -0.394653 0.00659451 -0.00178736 0.999977 21.897
0.999969 0.000450139 -0.00782804 -0.122131 -0.000429645 0.999997 0.00261954 -0.423957 0.00782919 -0.0026161 0.999966 23.1143
0.999957 0.00034125 -0.00922541 -0.127429 -0.000324882 0.999998 0.00177574 -0.432911 0.009226 -0.00177267 0.999956 24.3511
0.999954 0.00116204 -0.0095705 -0.160291 -0.00114842 0.999998 0.00142885 -0.456723 0.00957214 -0.00141779 0.999953 25.5878
0.999959 0.0022142 -0.00883136 -0.209718 -0.00219327 0.999995 0.00237881 -0.474091 0.00883658 -0.00235934 0.999958 26.8247
0.99995 0.000987067 -0.00989622 -0.219742 -0.000941301 0.999989 0.00462819 -0.496785 0.00990068 -0.00461864 0.99994 28.0703
0.999939 0.000681021 -0.0110104 -0.243272 -0.000627022 0.999988 0.00490704 -0.516404 0.0110137 -0.00489983 0.999927 29.2684
0.999926 0.000287954 -0.0121929 -0.258353 -0.00023901 0.999992 0.00401535 -0.529114 0.012194 -0.00401214 0.999918 30.4854
0.999911 -0.000394242 -0.0132947 -0.279757 0.000423391 0.999998 0.00218976 -0.532325 0.0132938 -0.0021952 0.999909 31.7101
0.999902 0.000413929 -0.0139984 -0.309609 -0.000372768 0.999996 0.00294279 -0.559768 0.0139996 -0.00293728 0.999898 32.9048
0.999878 -0.000348202 -0.0156409 -0.324841 0.000390416 0.999996 0.00269595 -0.570061 0.0156399 -0.00270173 0.999874 34.1193
0.99986 -0.000960579 -0.0167283 -0.348347 0.00101175 0.999995 0.00305057 -0.58686 0.0167253 -0.00306706 0.999855 35.3366
0.999824 -0.000616052 -0.0187206 -0.362844 0.000677873 0.999994 0.00329612 -0.605416 0.0187185 -0.00330823 0.999819 36.5536
0.999804 -0.0011895 -0.0197584 -0.390212 0.00124684 0.999995 0.00288999 -0.620224 0.0197548 -0.00291406 0.999801 37.7466
0.999781 -0.00264055 -0.0207518 -0.40754 0.00271228 0.999991 0.00342885 -0.638072 0.0207426 -0.00348439 0.999779 38.9821
0.999768 -0.00236162 -0.0214216 -0.430437 0.00245333 0.999988 0.00425558 -0.649302 0.0214113 -0.00430714 0.999761 40.1971
0.999741 -0.00242807 -0.022644 -0.447231 0.00254451 0.999984 0.00511489 -0.66708 0.0226312 -0.00517118 0.99973 41.4288
0.999727 -0.00148712 -0.0232993 -0.478402 0.00160619 0.999986 0.00509267 -0.689986 0.0232914 -0.00512871 0.999715 42.6467
0.99972 -0.000652725 -0.0236609 -0.51477 0.000786041 0.999984 0.00562556 -0.716131 0.0236568 -0.00564258 0.999704 43.8683
0.999697 0.00214894 -0.0245047 -0.539307 -0.00195773 0.999968 0.0078243 -0.736452 0.0245207 -0.00777396 0.999669 45.0877
0.999703 0.00254517 -0.0242445 -0.56106 -0.0022683 0.999932 0.0114404 -0.754637 0.024272 -0.011382 0.99964 46.3022
0.999732 0.00291118 -0.0229713 -0.593197 -0.00258027 0.999893 0.0144216 -0.764475 0.0230108 -0.0143585 0.999632 47.5274
0.999776 0.0027908 -0.020998 -0.637521 -0.0024131 0.999835 0.0179917 -0.77118 0.0210448 -0.017937 0.999618 48.7673
0.999792 0.00279819 -0.0201863 -0.665121 -0.00240628 0.999809 0.0194128 -0.773832 0.0202368 -0.0193602 0.999608 49.9811
0.99982 0.000832712 -0.0189501 -0.694204 -0.000494249 0.99984 0.0178584 -0.769563 0.0189619 -0.0178458 0.999661 51.1982
0.999833 0.00192925 -0.0181927 -0.728178 -0.00161675 0.999851 0.0171763 -0.78379 0.0182231 -0.017144 0.999687 52.4096
0.999876 0.00250776 -0.0155704 -0.800431 -0.00224196 0.999852 0.0170653 -0.784759 0.0156109 -0.0170282 0.999733 53.6077
0.999903 0.00174294 -0.0138283 -0.854553 -0.00151182 0.999859 0.0167069 -0.789153 0.0138555 -0.0166844 0.999765 54.8389
0.999902 0.00124714 -0.0139218 -0.890852 -0.00102307 0.99987 0.0160903 -0.797323 0.01394 -0.0160744 0.999774 56.048
0.999886 0.00126564 -0.0150396 -0.923052 -0.00101075 0.999856 0.0169434 -0.805544 0.0150588 -0.0169263 0.999743 57.2785
0.999842 0.00147087 -0.0177392 -0.933356 -0.00113946 0.999825 0.0186782 -0.812009 0.0177636 -0.018655 0.999668 58.4801
0.999826 0.000924356 -0.0186373 -0.971419 -0.000571227 0.999821 0.0189438 -0.813605 0.0186515 -0.0189299 0.999647 59.7075
0.999805 0.00197825 -0.0196312 -1.00173 -0.00161344 0.999826 0.0185814 -0.811646 0.0196645 -0.0185461 0.999635 60.9585
0.99978 0.00268245 -0.0207902 -1.03073 -0.00226436 0.999795 0.0201074 -0.830202 0.0208399 -0.0200559 0.999582 62.1635
0.999767 0.00125974 -0.0215401 -1.05702 -0.000861848 0.999829 0.0184715 -0.820159 0.0215597 -0.0184486 0.999597 63.3868
0.999746 -4.75863e-05 -0.0225438 -1.08236 0.000424241 0.999861 0.0167032 -0.810865 0.0225398 -0.0167085 0.999606 64.6079
0.999723 -0.0007825 -0.0235418 -1.11362 0.0011913 0.999849 0.0173559 -0.803653 0.0235246 -0.0173791 0.999572 65.8277
0.999709 -0.00139547 -0.0240909 -1.15636 0.001864 0.99981 0.0194369 -0.813056 0.0240592 -0.0194761 0.999521 67.0281
0.999761 -0.000266695 -0.0218412 -1.22596 0.000657498 0.99984 0.0178877 -0.816791 0.021833 -0.0178978 0.999601 68.2556
0.999744 0.00171802 -0.0225414 -1.25186 -0.00135229 0.999868 0.0162301 -0.807448 0.0225663 -0.0161954 0.999614 69.4778
0.99974 0.00366213 -0.022524 -1.3 -0.00328238 0.999852 0.0168737 -0.815244 0.0225825 -0.0167953 0.999604 70.6849
0.999706 0.00498365 -0.0237149 -1.32258 -0.00458407 0.999847 0.0168737 -0.817466 0.0237953 -0.01676 0.999576 71.8977
0.999708 0.00591891 -0.0234251 -1.36337 -0.00548105 0.99981 0.0187122 -0.839093 0.0235314 -0.0185784 0.99955 73.1132
0.999726 0.00618414 -0.0225638 -1.40119 -0.0057132 0.999766 0.0208768 -0.851349 0.0226876 -0.0207422 0.999527 74.3226
0.999747 0.00875631 -0.0207045 -1.43578 -0.00828483 0.999707 0.022749 -0.862212 0.0208977 -0.0225717 0.999527 75.5162
0.999799 0.00724859 -0.0187028 -1.45858 -0.00686259 0.999764 0.0206211 -0.862849 0.0188479 -0.0204886 0.999612 76.7213
0.999846 0.00396983 -0.0171218 -1.47362 -0.0037224 0.999889 0.0144593 -0.853894 0.0171773 -0.0143933 0.999749 77.9324
0.999876 0.00377145 -0.0152716 -1.4928 -0.00354559 0.999885 0.0147899 -0.861261 0.0153257 -0.0147339 0.999774 79.1227
0.999917 0.00221549 -0.012685 -1.50995 -0.001986 0.999835 0.0180763 -0.861586 0.0127229 -0.0180496 0.999756 80.3137
0.999964 0.00382809 -0.00753645 -1.54599 -0.00368727 0.99982 0.0186118 -0.857755 0.00760635 -0.0185834 0.999798 81.4949
0.999978 0.00553386 -0.00363649 -1.55104 -0.00547519 0.999858 0.0159511 -0.845021 0.00372425 -0.0159308 0.999866 82.6924
0.999984 0.0057029 -0.000308535 -1.55491 -0.0056988 0.999912 0.0119648 -0.842557 0.000376749 -0.0119629 0.999928 83.8741
0.999976 0.0058204 0.00388597 -1.55899 -0.00585142 0.999951 0.00801976 -0.845192 -0.00383909 -0.0080423 0.99996 85.0447
0.999964 0.00427342 0.00739884 -1.55364 -0.00432631 0.999965 0.00714712 -0.86036 -0.00736803 -0.00717886 0.999947 86.2262
0.999929 0.00340167 0.0114073 -1.5496 -0.00350107 0.999956 0.00870502 -0.869083 -0.0113771 -0.00874434 0.999897 87.3869
0.999874 0.00487993 0.0151331 -1.54066 -0.00501325 0.999949 0.00878424 -0.883184 -0.0150895 -0.00885899 0.999847 88.5768
0.999871 0.003769 0.0156126 -1.49174 -0.00387022 0.999972 0.00645801 -0.894003 -0.0155878 -0.0065176 0.999857 89.7573
0.999822 0.00409722 0.0183989 -1.47184 -0.00417442 0.999983 0.00415902 -0.913225 -0.0183815 -0.00423508 0.999822 90.9122
0.999761 0.00327885 0.0216297 -1.45842 -0.00337225 0.999985 0.00428281 -0.931514 -0.0216153 -0.00435473 0.999757 92.0739
0.9997 0.00281304 0.0243378 -1.43388 -0.00292131 0.999986 0.00441414 -0.929515 -0.0243251 -0.00448391 0.999694 93.2418
0.999674 0.00148192 0.0254972 -1.38179 -0.00160758 0.999987 0.00490839 -0.935638 -0.0254896 -0.00494778 0.999663 94.4267
0.999655 -9.85885e-05 0.0262621 -1.32752 -6.78532e-05 0.99998 0.00633665 -0.951605 -0.0262622 -0.00633624 0.999635 95.5891
0.999535 -0.00157874 0.0304711 -1.33147 0.00133628 0.999968 0.00797585 -0.973748 -0.0304827 -0.00793141 0.999504 96.7508
0.999509 -0.00187671 0.031294 -1.28175 0.00167292 0.999978 0.00653686 -1.00408 -0.0313055 -0.00648129 0.999489 97.9135
0.999465 -0.00307727 0.0325755 -1.2447 0.00295194 0.999988 0.00389468 -1.0269 -0.0325871 -0.00379643 0.999461 99.0896
0.999459 -0.00215225 0.0328177 -1.19727 0.00209189 0.999996 0.00187335 -1.05334 -0.0328216 -0.00180368 0.999459 100.264
0.999451 -0.00161194 0.0331078 -1.15038 0.00154055 0.999997 0.00218173 -1.08001 -0.0331112 -0.00212952 0.999449 101.457
0.999489 -0.000735501 0.031955 -1.10923 0.000622661 0.999994 0.00354096 -1.10577 -0.0319574 -0.00351925 0.999483 102.636
0.999554 -0.00250567 0.0297678 -1.06975 0.00236054 0.999985 0.00490958 -1.12486 -0.0297797 -0.00483712 0.999545 103.826
0.999638 -0.00467495 0.0264914 -1.02786 0.00450464 0.999969 0.00648508 -1.14061 -0.0265208 -0.0063634 0.999628 104.987
0.999713 -0.00417722 0.0235729 -1.00463 0.0040108 0.999967 0.00710285 -1.13998 -0.0236017 -0.00700627 0.999697 106.166
0.999791 -0.00362983 0.0201384 -0.966474 0.0034778 0.999965 0.00757941 -1.14663 -0.0201652 -0.00750778 0.999768 107.41
0.999881 -0.00253094 0.0152229 -0.932237 0.00240871 0.999965 0.00804244 -1.1603 -0.0152427 -0.00800482 0.999851 108.65
0.999948 -0.000676861 0.0102099 -0.91715 0.000594133 0.999967 0.00810314 -1.17852 -0.010215 -0.00809664 0.999915 109.865
0.999985 -0.000947624 0.00534117 -0.89897 0.000900288 0.999961 0.00885708 -1.19511 -0.00534934 -0.00885214 0.999946 111.117
1 -0.000648257 0.000505986 -0.896663 0.000643086 0.999949 0.0101451 -1.21424 -0.00051252 -0.0101448 0.999948 112.365
0.999996 -0.000354223 -0.00294804 -0.944777 0.000387867 0.999935 0.0114212 -1.22275 0.00294382 -0.0114223 0.99993 113.576
0.999974 -0.00012976 -0.00721437 -0.97119 0.000217537 0.999926 0.0121681 -1.22895 0.00721227 -0.0121693 0.9999 114.804
0.999913 0.000594141 -0.0132085 -0.974709 -0.000428047 0.999921 0.0125745 -1.2333 0.0132149 -0.0125677 0.999833 116.055
0.999833 0.00146507 -0.0182379 -1.03475 -0.00122811 0.999915 0.0129974 -1.25626 0.0182554 -0.0129728 0.999749 117.298
0.999775 0.00208472 -0.0210836 -1.14163 -0.00179434 0.999904 0.0137825 -1.27407 0.0211103 -0.0137416 0.999682 118.677
0.999667 0.0032083 -0.0255957 -1.19522 -0.00287812 0.999913 0.0129264 -1.28999 0.0256349 -0.0128484 0.999588 119.951
0.999585 0.00437215 -0.0284631 -1.24576 -0.00398339 0.999899 0.013701 -1.29985 0.0285201 -0.0135819 0.999501 121.202
0.99942 0.00556062 -0.0335836 -1.2632 -0.00508183 0.999885 0.0143256 -1.32349 0.0336594 -0.0141467 0.999333 122.422
0.999387 0.00637535 -0.0344226 -1.32693 -0.00590594 0.999889 0.0137216 -1.31971 0.0345062 -0.0135099 0.999313 123.662
0.999345 0.00832415 -0.035222 -1.38999 -0.00785752 0.99988 0.0133663 -1.30997 0.035329 -0.0130808 0.99929 124.94
0.99931 0.00990119 -0.0358085 -1.45355 -0.00941784 0.999863 0.0136421 -1.30245 0.0359386 -0.0132955 0.999265 126.219
0.999367 0.00976935 -0.0342068 -1.55764 -0.00931925 0.999869 0.0132933 -1.29017 0.0343322 -0.0129661 0.999326 127.473
0.999312 0.0141549 -0.0342867 -1.62993 -0.0136258 0.999786 0.0156172 -1.29491 0.0345004 -0.0151392 0.99929 128.731
0.999191 0.0143381 -0.0375667 -1.64895 -0.0136591 0.99974 0.0182679 -1.28852 0.0378188 -0.01774 0.999127 129.958
0.999217 0.0116741 -0.0378096 -1.73026 -0.0110825 0.999814 0.0158188 -1.25098 0.0379872 -0.0153874 0.999159 131.269
0.99917 0.011643 -0.0390248 -1.78869 -0.0110956 0.999838 0.0142147 -1.248 0.0391839 -0.0137699 0.999137 132.589
0.999132 0.00801996 -0.0408769 -1.83971 -0.00740362 0.999857 0.0152071 -1.24944 0.040993 -0.0148913 0.999048 133.879
0.99905 0.00574473 -0.0431915 -1.88254 -0.00502619 0.999848 0.0167263 -1.24699 0.043281 -0.0164933 0.998926 135.152
0.998984 0.00210454 -0.04501 -1.93058 -0.00128176 0.999832 0.0183011 -1.24334 0.045041 -0.0182248 0.998818 136.433
0.998917 0.000556935 -0.0465293 -1.98467 0.00037267 0.999801 0.0199679 -1.25024 0.0465311 -0.0199636 0.998717 137.709
0.998934 -0.00365394 -0.0460144 -2.05556 0.00452117 0.999814 0.0187569 -1.25682 0.0459373 -0.0189449 0.998764 139.002
0.998853 -0.00657016 -0.0474239 -2.10803 0.00739687 0.999824 0.0172779 -1.24998 0.047302 -0.0176089 0.998725 140.303
0.998789 -0.00822904 -0.048498 -2.16177 0.00903198 0.999826 0.0163602 -1.24122 0.0483549 -0.0167784 0.998689 141.589
0.998761 -0.00797372 -0.0491068 -2.2222 0.00879495 0.999825 0.0165301 -1.23717 0.0489664 -0.0169415 0.998656 142.866
0.99871 -0.0076427 -0.0501887 -2.27713 0.00859019 0.999789 0.01869 -1.24434 0.0500352 -0.019097 0.998564 144.156
0.998661 -0.00546572 -0.0514445 -2.32911 0.0064893 0.999784 0.0197507 -1.23499 0.0513254 -0.0200581 0.99848 145.44
0.998734 -0.00492698 -0.0500452 -2.42064 0.00583618 0.999821 0.0180377 -1.23185 0.0499473 -0.0183069 0.998584 146.736
0.998734 -0.00414876 -0.0501191 -2.48867 0.00497882 0.999853 0.0164482 -1.23075 0.0500435 -0.0166769 0.998607 148.049
0.998745 -0.00439278 -0.0498866 -2.56432 0.00509446 0.99989 0.013947 -1.23522 0.0498199 -0.0141836 0.998657 149.36
0.998764 -0.00589028 -0.0493519 -2.64242 0.00640184 0.999928 0.0102139 -1.25041 0.0492881 -0.0105172 0.998729 150.64
0.998777 -0.00592985 -0.0490789 -2.7166 0.00629303 0.999954 0.00724856 -1.2691 0.0490336 -0.00754854 0.998768 151.927
0.998811 -0.00600837 -0.0483742 -2.80646 0.00636536 0.999954 0.00722891 -1.29807 0.0483285 -0.00752823 0.998803 153.231
0.998759 -0.00584571 -0.0494518 -2.86281 0.00625863 0.999947 0.00819913 -1.32014 0.0494012 -0.00849845 0.998742 154.492
0.998707 -0.00530951 -0.0505478 -2.93136 0.00577903 0.999942 0.0091469 -1.33886 0.0504963 -0.00942719 0.998679 155.798
0.998681 -0.0044711 -0.0511397 -2.99488 0.00500504 0.999934 0.0103173 -1.35309 0.0510902 -0.0105597 0.998638 157.065
0.998623 -0.00443082 -0.0522583 -3.06077 0.00497592 0.999935 0.0103053 -1.35321 0.0522092 -0.0105511 0.99858 158.35
0.99851 -0.00393159 -0.0544121 -3.11915 0.00453363 0.99993 0.0109453 -1.38573 0.0543652 -0.0111757 0.998458 159.619
0.998423 -0.00355413 -0.0560191 -3.18791 0.00424215 0.999917 0.0121678 -1.40706 0.0559711 -0.0123862 0.998355 160.884
0.998315 -0.00380344 -0.0579009 -3.25497 0.00459128 0.999899 0.0134797 -1.41816 0.0578437 -0.0137228 0.998231 162.19
0.998383 -0.00281414 -0.056771 -3.37116 0.00362806 0.999892 0.0142389 -1.43259 0.0567248 -0.0144218 0.998285 163.53
0.998253 -0.00219303 -0.059036 -3.43445 0.00302738 0.999897 0.0140472 -1.45012 0.058999 -0.0142013 0.998157 164.78
0.998271 -0.00225652 -0.0587308 -3.5342 0.00307676 0.999899 0.0138795 -1.47067 0.0586935 -0.0140362 0.998177 166.058
0.998208 -0.00160902 -0.0598039 -3.61305 0.00252447 0.999881 0.015235 -1.49886 0.0597722 -0.0153587 0.998093 167.317
0.998092 -0.00207232 -0.0617044 -3.686 0.0030028 0.999883 0.0149907 -1.51024 0.0616661 -0.0151474 0.997981 168.629
0.998032 -0.00165142 -0.0626715 -3.77601 0.00254168 0.999897 0.0141281 -1.51628 0.0626417 -0.0142596 0.997934 169.916
0.997896 -0.00129621 -0.0648052 -3.84954 0.00226787 0.999886 0.0149222 -1.52781 0.0647784 -0.0150378 0.997786 171.194
0.997863 -0.000737414 -0.0653315 -3.94698 0.00182547 0.999861 0.0165963 -1.53811 0.0653102 -0.0166801 0.997725 172.474
0.997736 -0.000478833 -0.0672404 -4.02709 0.00159017 0.999863 0.0164752 -1.53024 0.0672233 -0.0165449 0.9976 173.753
0.997612 1.3442e-05 -0.0690575 -4.12207 0.00117094 0.999853 0.0171102 -1.53908 0.0690475 -0.0171502 0.997465 175.022
0.997534 0.000848095 -0.0701657 -4.22595 0.000420864 0.999837 0.0180684 -1.5491 0.0701695 -0.0180534 0.997371 176.271
0.997578 0.00124881 -0.0695417 -4.35434 6.00579e-06 0.999838 0.018041 -1.56031 0.0695529 -0.0179977 0.997415 177.55
0.997499 0.00171099 -0.0706549 -4.4475 -0.000525554 0.999859 0.016793 -1.54977 0.0706736 -0.0167139 0.997359 178.84
0.997523 0.00256536 -0.0702848 -4.56563 -0.0013623 0.999852 0.0171595 -1.54992 0.0703183 -0.0170212 0.997379 180.119
0.997633 0.00240992 -0.0687151 -4.69822 -0.00131694 0.999872 0.0159469 -1.55301 0.0687447 -0.0158187 0.997508 181.406
0.997607 0.000867173 -0.0691297 -4.79151 0.000185896 0.999884 0.0152254 -1.56649 0.0691348 -0.0152018 0.997491 182.687
0.997433 -0.00222984 -0.0715613 -4.86061 0.00336018 0.999872 0.0156789 -1.57529 0.0715171 -0.0158791 0.997312 183.955
0.997271 -0.00160978 -0.0738078 -4.93693 0.00306074 0.999805 0.0195497 -1.5786 0.0737618 -0.0197222 0.99708 185.27
0.997231 -0.00261661 -0.0743127 -5.03305 0.00439032 0.99971 0.0237148 -1.57575 0.074229 -0.0239754 0.996952 186.57
0.997223 -0.00104453 -0.074457 -5.13324 0.00275624 0.999735 0.0228902 -1.5676 0.0744133 -0.0230318 0.996961 187.827
0.997222 0.000941249 -0.0744755 -5.23836 0.000537413 0.999804 0.0198318 -1.56172 0.0744794 -0.0198167 0.997025 189.091
0.997172 -0.000630919 -0.0751444 -5.33647 0.00200491 0.999833 0.0182106 -1.56931 0.0751203 -0.0183097 0.997006 190.328
0.997238 -0.000433629 -0.0742681 -5.44949 0.0017842 0.999835 0.0181197 -1.56582 0.0742479 -0.0182022 0.997073 191.579
0.997273 -0.000135381 -0.0737981 -5.55522 0.00156394 0.999813 0.0193001 -1.56457 0.0737817 -0.0193629 0.997086 192.828
0.99744 0.000382529 -0.0715004 -5.67759 0.00116202 0.999767 0.0215591 -1.56773 0.0714919 -0.021587 0.997207 194.087
0.997466 0.000881623 -0.0711359 -5.77182 0.000639768 0.999772 0.0213615 -1.55023 0.0711384 -0.0213529 0.997237 195.361
0.997437 0.00165808 -0.07152 -5.84891 -0.000261991 0.99981 0.0195252 -1.52759 0.0715387 -0.0194564 0.997248 196.617
0.997575 0.000546482 -0.0695959 -5.94836 0.00070733 0.999838 0.0179897 -1.5274 0.0695944 -0.0179953 0.997413 197.852
0.997742 0.000530983 -0.0671525 -6.05098 0.000620785 0.999854 0.0171295 -1.53807 0.0671516 -0.0171325 0.997595 199.101
0.997778 -7.31326e-05 -0.0666214 -6.13045 0.00122949 0.99985 0.0173163 -1.54834 0.06661 -0.0173597 0.997627 200.344
0.997804 -9.16619e-05 -0.0662252 -6.21166 0.00127001 0.999842 0.0177512 -1.54734 0.066213 -0.0177963 0.997646 201.587
0.99791 1.46341e-05 -0.0646059 -6.3001 0.00127156 0.999802 0.0198672 -1.55108 0.0645933 -0.0199078 0.997712 202.81
0.997937 0.00127742 -0.0641794 -6.38204 4.27937e-05 0.999789 0.020565 -1.5529 0.0641921 -0.0205253 0.997726 204.034
0.997964 0.00088065 -0.0637694 -6.46588 0.000459457 0.99978 0.0209972 -1.56122 0.0637738 -0.0209837 0.997743 205.228
0.997939 0.00119443 -0.0641558 -6.53747 0.000169364 0.999775 0.0212479 -1.56211 0.0641666 -0.021215 0.997713 206.449
0.99807 0.000796675 -0.0620878 -6.65793 0.000563013 0.999761 0.0218789 -1.57223 0.0620903 -0.0218716 0.99783 207.622
0.998232 0.00104759 -0.0594255 -6.77603 0.000257788 0.999759 0.0219547 -1.57546 0.0594341 -0.0219312 0.997991 208.849
0.998315 0.000974862 -0.0580147 -6.8666 0.000281916 0.999766 0.021651 -1.56823 0.0580222 -0.0216308 0.99808 210.049
0.998336 -0.000304155 -0.0576603 -6.94166 0.00151326 0.99978 0.0209269 -1.55976 0.0576412 -0.0209793 0.998116 211.233
0.998291 -6.44673e-05 -0.0584298 -7.00255 0.00135593 0.999756 0.0220634 -1.56286 0.058414 -0.0221049 0.998047 212.37
0.998261 -0.000423373 -0.0589426 -7.07502 0.00178321 0.999734 0.0230199 -1.56224 0.0589171 -0.023085 0.997995 213.535
0.998245 -0.00106691 -0.0591983 -7.15888 0.00239935 0.999746 0.0224415 -1.55776 0.0591592 -0.0225442 0.997993 214.695
0.998156 -0.000185736 -0.0606906 -7.21882 0.00154416 0.99975 0.0223366 -1.56625 0.0606711 -0.0223891 0.997906 215.799
0.998089 -0.00088406 -0.061772 -7.29306 0.00220772 0.99977 0.0213632 -1.56309 0.0617388 -0.0214587 0.997861 216.911
0.998033 -0.00022022 -0.0626805 -7.36363 0.00159074 0.999761 0.0218161 -1.56955 0.0626607 -0.0218729 0.997794 217.991
0.997938 -0.000715292 -0.064178 -7.43657 0.00211815 0.999761 0.0217934 -1.56869 0.0641469 -0.0218844 0.9977 219.065
0.997778 -0.00126695 -0.0666029 -7.507 0.00274611 0.999752 0.0221217 -1.55963 0.0665583 -0.0222555 0.997534 220.123
0.997596 -0.0019164 -0.0692634 -7.57785 0.00363115 0.99969 0.0246395 -1.57235 0.0691947 -0.0248317 0.997293 221.159
0.997446 -0.000510466 -0.0714109 -7.66114 0.00241608 0.999644 0.0266013 -1.56512 0.0713717 -0.0267059 0.997091 222.249
0.997006 0.000176704 -0.077322 -7.69237 0.00195904 0.999619 0.0275447 -1.57686 0.0772973 -0.0276137 0.996625 223.205
0.996785 0.0007472 -0.080115 -7.78409 0.00137009 0.999652 0.0263699 -1.5575 0.0801067 -0.0263949 0.996436 224.266
0.996437 0.00115327 -0.084332 -7.85562 0.00104498 0.999662 0.0260178 -1.54365 0.0843334 -0.0260132 0.996097 225.253
0.996223 0.00152712 -0.0868077 -7.95159 0.000821952 0.999635 0.0270184 -1.55278 0.0868172 -0.0269877 0.995858 226.195
0.995897 0.00182459 -0.0904701 -8.03467 0.000595589 0.999643 0.0267169 -1.55138 0.0904865 -0.0266612 0.99554 227.132
0.995538 0.0011297 -0.0943497 -8.11871 0.00134238 0.999658 0.0261337 -1.54922 0.0943468 -0.0261437 0.995195 228.043
0.995393 0.00119732 -0.095867 -8.23164 0.00127354 0.999669 0.0257085 -1.55158 0.095866 -0.0257122 0.995061 228.925
0.995229 0.00238801 -0.0975342 -8.33924 8.8718e-05 0.999678 0.0253812 -1.54922 0.0975633 -0.0252688 0.994908 229.795
0.994965 0.00264341 -0.100181 -8.43713 -0.000147529 0.99969 0.0249129 -1.55296 0.100216 -0.0247726 0.994657 230.63
0.994775 0.00449417 -0.10199 -8.54055 -0.001953 0.999686 0.025002 -1.55344 0.10207 -0.0246722 0.994471 231.464
0.994718 0.00547973 -0.102498 -8.63112 -0.00294728 0.999687 0.0248426 -1.54436 0.102602 -0.0244093 0.994422 232.256
0.994772 0.00553271 -0.101968 -8.7247 -0.00293711 0.999669 0.0255877 -1.54158 0.102076 -0.0251544 0.994458 233.046
0.994838 0.00574595 -0.101309 -8.81063 -0.00310689 0.999653 0.0261883 -1.54098 0.101424 -0.0257384 0.99451 233.806
0.994945 0.00648872 -0.100209 -8.89801 -0.00395366 0.999668 0.0254758 -1.53432 0.10034 -0.0249508 0.99464 234.558
0.995018 0.00701888 -0.0994376 -8.98188 -0.00463088 0.999696 0.0242256 -1.53892 0.0995774 -0.0236444 0.994748 235.293
0.995076 0.0066294 -0.098891 -9.05582 -0.00437993 0.999727 0.0229469 -1.54736 0.0990161 -0.0224007 0.994833 236.033
0.995188 0.00652768 -0.0977593 -9.13286 -0.0044 0.999749 0.0219643 -1.55017 0.0978781 -0.0214285 0.994967 236.754
0.995415 0.00686931 -0.0954013 -9.22073 -0.00481627 0.999752 0.0217338 -1.55068 0.0955269 -0.0211746 0.995201 237.492
0.995643 0.00668696 -0.0929992 -9.30165 -0.00466987 0.99975 0.0218901 -1.54961 0.0931222 -0.0213604 0.995425 238.223
0.995822 0.00717868 -0.0910239 -9.37131 -0.00526218 0.99976 0.0212776 -1.54043 0.0911547 -0.0207097 0.995621 238.944
0.995904 0.00734976 -0.0901109 -9.42843 -0.00554675 0.99978 0.020243 -1.52888 0.0902397 -0.0196603 0.995725 239.659
0.995919 0.00692704 -0.0899755 -9.4652 -0.00520757 0.9998 0.0193313 -1.52304 0.0900913 -0.0187838 0.995756 240.381
0.996077 0.00729308 -0.0881793 -9.51618 -0.00552938 0.99978 0.0202292 -1.52852 0.0883074 -0.0196622 0.995898 241.099
0.996266 0.00604321 -0.0861186 -9.56283 -0.00416354 0.99975 0.0219895 -1.54195 0.0862298 -0.0215489 0.996041 241.813
0.996458 0.00527634 -0.0839149 -9.61335 -0.00326089 0.999704 0.0241368 -1.56339 0.0840173 -0.0237777 0.99618 242.521
0.996829 0.00583127 -0.0793539 -9.69228 -0.0038254 0.99967 0.0254063 -1.57461 0.0794758 -0.0250221 0.996522 243.225
0.996963 0.0053996 -0.0776805 -9.73297 -0.00367832 0.999745 0.0222846 -1.53819 0.0777809 -0.0219311 0.996728 243.929
0.997131 0.00412852 -0.0755672 -9.77784 -0.00242926 0.999743 0.0225648 -1.5411 0.0756409 -0.0223165 0.996885 244.639
0.997358 0.00458559 -0.0724818 -9.83458 -0.00314374 0.999795 0.0199942 -1.52285 0.0725586 -0.0197135 0.997168 245.33
0.997508 0.00408406 -0.0704307 -9.87912 -0.00276178 0.999818 0.0188614 -1.51461 0.0704948 -0.0186199 0.997338 246.05
0.997584 0.00442925 -0.0693118 -9.91513 -0.00308871 0.999806 0.019436 -1.51131 0.0693844 -0.019175 0.997405 246.754
0.997732 0.00472343 -0.0671303 -9.96458 -0.00338039 0.999792 0.020106 -1.50925 0.0672113 -0.0198335 0.997541 247.463
0.997866 0.00402391 -0.0651622 -10.0105 -0.00275067 0.999804 0.0196175 -1.50648 0.0652283 -0.0193964 0.997681 248.186
0.998065 0.003637 -0.0620542 -10.0646 -0.00261452 0.99986 0.0165506 -1.49628 0.0621056 -0.0163563 0.997935 248.901
0.998152 0.00439245 -0.0606006 -10.1088 -0.00353403 0.999892 0.0142651 -1.49359 0.0606567 -0.0140245 0.998059 249.62
0.998177 0.00372346 -0.0602224 -10.1509 -0.0029727 0.999917 0.0125515 -1.49518 0.0602641 -0.0123495 0.998105 250.347
0.998167 0.00366678 -0.0604021 -10.1944 -0.00294625 0.999924 0.0120136 -1.4962 0.0604415 -0.0118136 0.998101 251.078
0.998126 0.00012421 -0.061177 -10.2333 0.00060896 0.999928 0.0119656 -1.50383 0.061174 -0.0119805 0.998054 251.813
0.998135 0.000505493 -0.0610228 -10.2822 0.000202348 0.999933 0.0115929 -1.50452 0.0610245 -0.0115836 0.998068 252.561
0.998089 0.00249705 -0.061736 -10.3248 -0.001839 0.999941 0.0107137 -1.50004 0.061759 -0.0105796 0.998034 253.302
0.998119 0.00198053 -0.0612556 -10.3728 -0.001468 0.999964 0.00841093 -1.49663 0.06127 -0.00830517 0.998086 254.054
0.998157 -0.00202794 -0.0606361 -10.4165 0.00246311 0.999972 0.00710298 -1.51832 0.0606199 -0.00723922 0.998134 254.799
0.998169 -0.00588384 -0.0601846 -10.463 0.0062609 0.999962 0.00607832 -1.51704 0.0601465 -0.00644399 0.998168 255.576
0.99821 -0.00280047 -0.0597268 -10.5124 0.00336626 0.999951 0.00937451 -1.50792 0.0596976 -0.00955877 0.99817 256.356
0.998253 0.000698737 -0.0590726 -10.5703 0.000285729 0.999861 0.0166553 -1.52971 0.059076 -0.0166431 0.998114 257.167
0.99824 -0.00130873 -0.0592683 -10.608 0.00266608 0.999736 0.0228285 -1.56407 0.0592227 -0.0229463 0.99798 257.968
0.998321 -0.0028284 -0.0578403 -10.651 0.00409178 0.999756 0.0217358 -1.57405 0.0577646 -0.021936 0.998088 258.747
0.998655 -0.00169645 -0.0518 -10.719 0.00253605 0.999867 0.0161471 -1.57218 0.0517656 -0.0162567 0.998526 259.545
0.998893 0.000206234 -0.0470216 -10.777 0.000356412 0.999929 0.011957 -1.5644 0.0470206 -0.0119605 0.998821 260.366
0.999053 0.000766056 -0.0434774 -10.8225 -0.00019609 0.999914 0.0131123 -1.57305 0.0434837 -0.0130913 0.998967 261.2
0.999246 -0.00015784 -0.0387877 -10.8757 0.00076382 0.999878 0.0156087 -1.57739 0.0387805 -0.0156265 0.999125 262.043
0.999357 -0.00291895 -0.0357093 -10.9095 0.00357105 0.999828 0.0182112 -1.5699 0.03565 -0.0183269 0.999195 262.882
0.999412 -0.00521479 -0.0338586 -10.9275 0.00586654 0.999799 0.0191783 -1.5651 0.0337517 -0.0193656 0.999242 263.729
0.999534 -0.00547503 -0.0300092 -10.9668 0.00606462 0.99979 0.019591 -1.56237 0.0298956 -0.0197639 0.999357 264.57
0.999621 -0.00344913 -0.0272781 -11.0026 0.0039359 0.999834 0.017811 -1.56232 0.0272121 -0.0179116 0.999468 265.422
0.99966 -0.00352445 -0.0258125 -11.0176 0.00394169 0.999862 0.016131 -1.56913 0.025752 -0.0162272 0.999536 266.267
0.999744 -0.00296674 -0.0223774 -11.0603 0.00332567 0.999866 0.0160198 -1.56378 0.0223268 -0.0160901 0.99962 267.1
0.999818 -0.00187454 -0.0189395 -11.084 0.00220375 0.999847 0.0173762 -1.55527 0.018904 -0.0174148 0.999669 267.967
0.999892 0.00064323 -0.0146389 -11.1202 -0.000371112 0.999827 0.018584 -1.55094 0.0146483 -0.0185766 0.999719 268.813
0.999905 0.00198798 -0.0135336 -11.1186 -0.00174155 0.999833 0.0181969 -1.54455 0.0135675 -0.0181716 0.999742 269.682
0.999955 0.00262424 -0.00893775 -11.1504 -0.00247287 0.999854 0.0169057 -1.53272 0.00898077 -0.0168828 0.999816 270.538
0.999975 0.00117024 -0.0067707 -11.1516 -0.00106505 0.999879 0.0155204 -1.51871 0.006788 -0.0155127 0.999856 271.413
0.999982 -0.00140895 -0.00570055 -11.1444 0.00149821 0.999876 0.0156841 -1.51195 0.0056777 -0.0156923 0.99986 272.272
0.999981 -0.0033056 -0.00495958 -11.1468 0.00338392 0.999869 0.0158671 -1.51479 0.00490643 -0.0158836 0.999861 273.143
0.999979 -0.00416938 -0.00478951 -11.1478 0.00424408 0.999868 0.0156931 -1.51216 0.0047234 -0.0157131 0.999864 274.001
0.999981 -0.00453915 -0.00401307 -11.1588 0.00459689 0.999885 0.0144983 -1.49846 0.00394675 -0.0145164 0.999886 274.873
0.999983 -0.00415508 -0.00382905 -11.172 0.0042115 0.999881 0.0148465 -1.49663 0.00376687 -0.0148624 0.999881 275.745
0.999988 -0.00400889 -0.00227888 -11.2061 0.00404128 0.999888 0.014391 -1.49239 0.00222089 -0.0144001 0.999893 276.616
0.999987 -0.0038861 -0.00307337 -11.2232 0.00392653 0.999905 0.0132617 -1.49136 0.0030215 -0.0132736 0.999906 277.475
0.999983 -0.00354725 -0.00427223 -11.2336 0.00359605 0.999928 0.0114681 -1.48986 0.0042312 -0.0114833 0.999924 278.342
0.999961 -0.00336463 -0.00796705 -11.225 0.00345073 0.999936 0.010817 -1.497 0.0079301 -0.010844 0.999909 279.214
0.999951 -0.00295141 -0.00934796 -11.2407 0.00304981 0.99994 0.0105295 -1.50595 0.00931628 -0.0105575 0.9999 280.068
0.99995 -0.000919913 -0.00982133 -11.2777 0.00101401 0.999954 0.00958051 -1.50125 0.00981202 -0.00958998 0.999905 280.896
0.999903 -0.000927546 -0.0137861 -11.2696 0.00106354 0.999951 0.00986079 -1.50489 0.0137762 -0.00987448 0.999855 281.769
0.999863 -0.00118458 -0.0164153 -11.2887 0.00134789 0.99995 0.00994114 -1.49706 0.0164026 -0.0099619 0.999815 282.655
0.999793 -0.00188514 -0.0202143 -11.3183 0.00211913 0.999931 0.0115605 -1.49042 0.020191 -0.0116009 0.999728 283.511
0.999669 -0.00284128 -0.0255206 -11.3367 0.00316733 0.999914 0.0127445 -1.4934 0.0254821 -0.0128211 0.999592 284.373
0.999462 -0.00373438 -0.0325352 -11.3468 0.00417733 0.9999 0.0135571 -1.49969 0.0324813 -0.0136857 0.999378 285.195
0.999283 -0.00206228 -0.0377638 -11.3757 0.00253871 0.999918 0.0125724 -1.48161 0.0377348 -0.0126592 0.999206 286.045
0.999039 -0.00361172 -0.0436485 -11.4012 0.00422035 0.999895 0.0138598 -1.50278 0.0435938 -0.0140307 0.99895 286.876
0.998837 -0.00469534 -0.0479556 -11.456 0.00535327 0.999893 0.0136003 -1.5044 0.0478866 -0.0138412 0.998756 287.662
0.998641 -0.00473405 -0.0518705 -11.5038 0.00540395 0.999904 0.0127822 -1.50644 0.051805 -0.0130451 0.998571 288.464
0.998432 -0.00414406 -0.055798 -11.5523 0.00481949 0.999917 0.0119757 -1.50638 0.0557436 -0.0122258 0.998369 289.233
0.998249 -0.00349603 -0.0590282 -11.6068 0.00423293 0.999915 0.0123633 -1.51735 0.0589799 -0.0125915 0.998179 289.981
0.998025 -0.00434269 -0.0626516 -11.6612 0.00511796 0.999912 0.012219 -1.51956 0.062593 -0.0125155 0.99796 290.708
0.997742 -0.00656167 -0.0668218 -11.7173 0.00733633 0.999909 0.0113541 -1.52475 0.0667411 -0.0118186 0.997699 291.421
0.997431 -0.00506019 -0.0714301 -11.7789 0.0057155 0.999944 0.00897263 -1.5184 0.0713806 -0.00935783 0.997404 292.107
0.996991 -0.0031568 -0.0774399 -11.8456 0.00363633 0.999975 0.00605207 -1.51049 0.0774188 -0.00631544 0.996978 292.778
0.996306 -0.00270839 -0.0858122 -11.9167 0.00308363 0.999986 0.00424056 -1.52569 0.0857995 -0.00448949 0.996301 293.412
0.995423 -0.00249894 -0.0955233 -11.996 0.00281442 0.999991 0.00316809 -1.53449 0.0955145 -0.00342241 0.995421 294.053
0.994211 -0.00251376 -0.1074 -12.1058 0.00273095 0.999995 0.00187519 -1.5235 0.107395 -0.00215762 0.994213 294.644
0.992323 -0.00131904 -0.123656 -12.2088 0.00169128 0.999995 0.00290534 -1.54146 0.123652 -0.00309216 0.99232 295.248
0.989552 0.000955218 -0.144162 -12.2924 -0.000396162 0.999992 0.00390665 -1.56336 0.144165 -0.00380871 0.989545 295.864
0.985955 0.00209192 -0.16699 -12.4186 -0.00146126 0.999992 0.00389942 -1.57679 0.166997 -0.00360062 0.98595 296.458
0.981244 0.00339255 -0.192732 -12.5449 -0.0027184 0.999989 0.00376226 -1.58741 0.192743 -0.00316775 0.981243 297.056
0.975312 0.00408754 -0.220787 -12.692 -0.00334442 0.999988 0.00373954 -1.59479 0.220799 -0.00290879 0.975314 297.636
0.967698 0.00509787 -0.252056 -12.8276 -0.00405453 0.999981 0.00465856 -1.59938 0.252075 -0.0034861 0.9677 298.206
0.958448 0.00484644 -0.285223 -13.005 -0.00327233 0.999977 0.00599522 -1.60451 0.285245 -0.00481275 0.958441 298.687
0.947361 0.00475363 -0.320128 -13.1886 -0.00240449 0.999968 0.00773304 -1.61077 0.320154 -0.00655622 0.947342 299.138
0.934053 0.00668915 -0.357069 -13.3968 -0.00335149 0.999945 0.00996536 -1.61118 0.357116 -0.00811145 0.934024 299.63
0.918642 0.00774765 -0.395011 -13.6184 -0.00333337 0.999924 0.0118602 -1.60728 0.395073 -0.00957852 0.918599 300.095
0.901398 0.00883414 -0.432899 -13.8502 -0.00316858 0.9999 0.0138072 -1.61063 0.432978 -0.0110741 0.901336 300.489
0.881726 0.00862598 -0.471681 -14.0802 -0.00211955 0.999895 0.0143237 -1.59077 0.471755 -0.0116298 0.881652 300.858
0.859306 0.00825412 -0.511393 -14.3683 -0.000472539 0.999882 0.0153446 -1.59356 0.511459 -0.012944 0.859209 301.259
0.834011 0.00800377 -0.551687 -14.6834 0.00111982 0.999869 0.0161988 -1.59762 0.551744 -0.0141278 0.833893 301.649
0.805933 0.00771477 -0.591954 -15.0385 0.00320649 0.999844 0.0173963 -1.60378 0.591996 -0.0159183 0.805783 302.044
0.774969 0.00773687 -0.63195 -15.3912 0.00538286 0.999808 0.0188416 -1.60139 0.631975 -0.0180033 0.774779 302.391
0.740892 0.00892869 -0.671563 -15.7801 0.0051792 0.999806 0.0190067 -1.59851 0.671603 -0.01756 0.740702 302.726
0.703417 0.00836294 -0.710726 -16.1515 0.00731954 0.999793 0.0190086 -1.59727 0.710738 -0.0185731 0.70321 303.012
0.66252 0.00657067 -0.749013 -16.5194 0.011728 0.999748 0.0191439 -1.56922 0.748951 -0.0214676 0.662277 303.253
0.618084 0.00519664 -0.786094 -16.9298 0.017868 0.999627 0.0206574 -1.54036 0.785908 -0.0268139 0.61776 303.459
0.569386 0.00442533 -0.822057 -17.3486 0.0229756 0.99951 0.0212943 -1.5133 0.821748 -0.0310119 0.569006 303.637
0.518178 0.00808771 -0.855233 -17.7517 0.0213356 0.999522 0.0223793 -1.49757 0.855005 -0.0298433 0.517758 303.754
0.466361 0.0143813 -0.884476 -18.2241 0.0153144 0.999587 0.0243278 -1.48966 0.884461 -0.0248907 0.465948 303.843
0.412618 0.0181754 -0.910721 -18.6876 0.0117586 0.999612 0.0252768 -1.48308 0.910827 -0.0211385 0.412245 303.892
0.358043 0.0201712 -0.933486 -19.1431 0.00966691 0.999633 0.0253084 -1.47669 0.933654 -0.0180854 0.357717 303.904
0.303164 0.0213749 -0.952697 -19.6129 0.0109384 0.999605 0.0259081 -1.45436 0.952875 -0.0182754 0.302811 303.886
0.24816 0.0232222 -0.968439 -20.048 0.0134675 0.999534 0.0274189 -1.42975 0.968625 -0.0198467 0.247731 303.85
0.192175 0.0263088 -0.981007 -20.4905 0.0148749 0.999448 0.0297173 -1.40813 0.981247 -0.0203033 0.191678 303.796
0.133355 0.0285786 -0.990655 -20.9072 0.0164929 0.999382 0.0310505 -1.38947 0.99093 -0.0204795 0.132802 303.728
0.0724621 0.0319809 -0.996857 -21.3666 0.0153508 0.999332 0.0331761 -1.37311 0.997252 -0.0177065 0.071923 303.628
0.00786768 0.0367366 -0.999293 -21.8152 0.016353 0.999187 0.0368615 -1.34684 0.999835 -0.0166314 0.00726067 303.561
-0.0571193 0.042898 -0.997444 -22.2291 0.0166367 0.998979 0.0420113 -1.3298 0.998228 -0.0141945 -0.0577745 303.454
-0.124596 0.0486793 -0.991011 -22.7122 0.0181837 0.99874 0.0467728 -1.29909 0.99204 -0.0121925 -0.125324 303.354
-0.190549 0.054636 -0.980155 -23.1468 0.0194372 0.998465 0.0518779 -1.28003 0.981484 -0.00916622 -0.191318 303.21
-0.256797 0.061787 -0.964487 -23.5962 0.022897 0.998063 0.0578416 -1.28172 0.966193 -0.00723033 -0.257714 303.056
-0.320735 0.065644 -0.94489 -24.0438 0.0264115 0.997828 0.0603566 -1.25522 0.9468 -0.00559748 -0.321772 302.866
-0.383842 0.0691929 -0.920802 -24.528 0.031028 0.997592 0.0620291 -1.24027 0.922877 -0.00476123 -0.385064 302.659
-0.440693 0.0710128 -0.894843 -24.9513 0.0350472 0.997467 0.0618968 -1.22995 0.896973 -0.00408426 -0.442065 302.374
-0.494835 0.0706294 -0.866111 -25.3958 0.037453 0.997499 0.0599459 -1.1938 0.868179 -0.00277517 -0.496242 302.063
-0.545506 0.0698872 -0.835187 -25.8533 0.0386826 0.997555 0.0582082 -1.15489 0.837213 -0.000554281 -0.546875 301.72
-0.590978 0.0692471 -0.803709 -26.2917 0.0399697 0.997599 0.0565624 -1.11478 0.805696 0.00130316 -0.592327 301.35
-0.630855 0.0693498 -0.772794 -26.7497 0.0404093 0.997583 0.0565349 -1.07781 0.774847 0.00443729 -0.632132 300.937
-0.667029 0.0731088 -0.741435 -27.1822 0.0448858 0.99731 0.057958 -1.04704 0.743677 0.0053798 -0.668516 300.504
-0.701759 0.0799799 -0.707909 -27.591 0.052504 0.996783 0.0605691 -1.0178 0.710476 0.00533685 -0.7037 300.031
-0.737226 0.0836842 -0.670442 -28.0501 0.0572194 0.996468 0.0614595 -0.963245 0.673217 0.00694727 -0.739411 299.53
-0.769286 0.0852717 -0.633186 -28.4887 0.0595689 0.99631 0.061801 -0.934606 0.636119 0.00982439 -0.771527 298.976
-0.798478 0.08152 -0.596478 -28.8938 0.0587227 0.996612 0.0575965 -0.89658 0.599152 0.0109627 -0.800559 298.384
-0.823255 0.0802621 -0.561966 -29.2212 0.0608036 0.996727 0.0532817 -0.879928 0.564403 0.00969488 -0.825441 297.765
-0.846288 0.0758762 -0.527292 -29.5821 0.0595883 0.997076 0.0478399 -0.846442 0.52938 0.00906595 -0.848335 297.071
-0.867681 0.0736072 -0.491638 -29.951 0.0601096 0.997256 0.0432213 -0.81344 0.493471 0.00795015 -0.869725 296.348
-0.88685 0.0724354 -0.456342 -30.2721 0.0598909 0.997325 0.0419146 -0.788356 0.458157 0.00984125 -0.888816 295.629
-0.905025 0.0691528 -0.419697 -30.6095 0.0576247 0.997533 0.0401014 -0.760505 0.421435 0.0121078 -0.906777 294.803
-0.920832 0.069181 -0.38377 -30.8801 0.0589357 0.997523 0.0384079 -0.733566 0.385476 0.0127495 -0.922629 293.996
-0.936479 0.071784 -0.343294 -31.1942 0.0623378 0.997313 0.0384892 -0.71068 0.345135 0.0146441 -0.938438 293.145
-0.949104 0.0756845 -0.305729 -31.4205 0.0673195 0.997014 0.0378287 -0.686011 0.307679 0.0153218 -0.951366 292.293
-0.959939 0.0772574 -0.269343 -31.6345 0.0691332 0.996824 0.0395347 -0.661294 0.271542 0.0193303 -0.962232 291.36
-0.969095 0.0805603 -0.233158 -31.8298 0.0730479 0.996498 0.0406931 -0.648232 0.23562 0.0224038 -0.971586 290.402
-0.976381 0.0814237 -0.200121 -31.918 0.0750339 0.996406 0.039323 -0.61991 0.202604 0.0233783 -0.978981 289.464
-0.982566 0.0796781 -0.167965 -32.0659 0.0748781 0.996588 0.0347306 -0.589574 0.170159 0.0215483 -0.98518 288.38
-0.98746 0.0780214 -0.137232 -32.1615 0.0744636 0.996746 0.0308799 -0.563895 0.139195 0.0202739 -0.990057 287.317
-0.991147 0.0774746 -0.107805 -32.2177 0.0746864 0.996766 0.0296728 -0.54093 0.109755 0.0213585 -0.993728 286.276
-0.994221 0.0763614 -0.0754337 -32.313 0.0743141 0.996796 0.0295901 -0.527486 0.0774516 0.0238133 -0.996711 285.206
-0.996149 0.0757177 -0.0441814 -32.4 0.0745863 0.996857 0.0267234 -0.490697 0.046066 0.0233251 -0.998665 284.032
-0.997067 0.0749167 -0.0155419 -32.446 0.0745151 0.996907 0.0249948 -0.460704 0.0173664 0.0237634 -0.999566 282.876
-0.997356 0.0722878 0.00720506 -32.3916 0.0724479 0.997055 0.0251713 -0.437125 -0.00536424 0.0256268 -0.999656 281.739
-0.996968 0.0713407 0.0310213 -32.3542 0.0721287 0.997081 0.025066 -0.4118 -0.0291425 0.0272276 -0.999204 280.563
-0.996273 0.068988 0.0517519 -32.2879 0.0702669 0.997256 0.0233086 -0.392694 -0.0500019 0.0268582 -0.998387 279.347
-0.995631 0.0639947 0.0679754 -32.1858 0.0655543 0.997629 0.0209624 -0.38071 -0.0664728 0.0253269 -0.997466 278.132
