1 0 0 0 0 1 0 0 0 0 1 0
0.999999 0.000734441 0.00133584 0.000174165 -0.0007344 1 -3.14112e-05 -0.0338296 -0.00133586 3.04301e-05 0.999999 1.23512
0.999993 0.00118587 0.00355084 -0.0171061 -0.00118514 0.999999 -0.000209217 -0.0467628 -0.00355109 0.000205008 0.999994 2.49275
0.999996 0.000958024 0.00256625 0.00152405 -0.000963909 0.999997 0.00229322 -0.10462 -0.00256404 -0.00229569 0.999994 3.70969
0.999997 0.000124943 0.00231691 0.012652 -0.000129922 0.999998 0.00214916 -0.122095 -0.00231664 -0.00214945 0.999995 4.93432
0.999997 8.99143e-05 0.00244885 0.0149016 -9.72894e-05 0.999995 0.00301174 -0.150443 -0.00244857 -0.00301197 0.999992 6.15203
0.999996 -6.97727e-05 0.00263176 0.0158126 6.53549e-05 0.999999 0.0016787 -0.164972 -0.00263188 -0.00167852 0.999995 7.35809
0.999997 -5.39506e-05 0.00252773 0.0255413 4.75791e-05 0.999997 0.00252065 -0.195458 -0.00252786 -0.00252052 0.999994 8.56305
0.999998 -0.000932653 0.00149936 0.033468 0.000927337 0.999993 0.00354262 -0.206252 -0.00150266 -0.00354122 0.999993 9.73432
0.999998 -0.00176794 0.000691656 0.0154085 0.00176499 0.999989 0.00423703 -0.218091 -0.00069914 -0.0042358 0.999991 10.9443
0.999996 -0.00238737 -0.00116666 -0.0023443 0.00239064 0.999993 0.00281274 -0.218173 0.00115993 -0.00281552 0.999995 12.1694
0.999996 -0.00128858 -0.00238336 -0.0295163 0.00129249 0.999998 0.00164171 -0.221581 0.00238123 -0.00164478 0.999996 13.3722
0.999991 -0.00161681 -0.00395667 -0.0461048 0.00162985 0.999993 0.00329536 -0.271754 0.00395132 -0.00330178 0.999987 14.5791
0.999992 0.00031121 -0.00407709 -0.0701136 -0.000292789 0.99999 0.004518 -0.304769 0.00407845 -0.00451677 0.999981 15.7987
0.999986 0.000355376 -0.00535929 -0.0737131 -0.000325595 0.999984 0.0055569 -0.335523 0.00536118 -0.00555508 0.99997 17.0036
0.999986 -0.00019193 -0.00524946 -0.0997573 0.000222086 0.999983 0.00574456 -0.345963 0.00524827 -0.00574564 0.99997 18.2379
0.999982 -0.000275753 -0.00589619 -0.113791 0.000315095 0.999978 0.00667256 -0.368212 0.00589422 -0.0066743 0.99996 19.4551
0.999978 -0.000142011 -0.00663762 -0.13153 0.000178959 0.999985 0.00556616 -0.381203 0.00663673 -0.00556723 0.999962 20.6731
0.999966 0.000524697 -0.00816849 -0.13814 -0.000476301 0.999982 0.00592552 -0.406003 0.00817145 -0.00592143 0.999949 21.8823
0.999955 0.00131298 -0.00940256 -0.162209 -0.00125392 0.999979 0.00628464 -0.419124 0.00941062 -0.00627257 0.999936 23.0914
0.999947 0.0013591 -0.0101624 -0.181384 -0.00130522 0.999985 0.00530607 -0.420994 0.0101694 -0.00529253 0.999934 24.3167
0.99994 0.00156266 -0.0107882 -0.208364 -0.00150687 0.999986 0.00517793 -0.444387 0.0107961 -0.00516137 0.999928 25.5558
0.999957 0.0018853 -0.00904719 -0.273058 -0.00183359 0.999982 0.0057196 -0.454816 0.0090578 -0.00570277 0.999943 26.7863
0.99997 0.000428663 -0.00769548 -0.320503 -0.000367784 0.999969 0.00791061 -0.46349 0.00769863 -0.00790755 0.999939 28.0433
0.99996 5.60756e-05 -0.00899135 -0.334914 9.47051e-06 0.999973 0.00728966 -0.468349 0.00899152 -0.00728945 0.999933 29.2455
0.99996 -0.00126329 -0.0088017 -0.364544 0.00132585 0.999974 0.00710587 -0.49041 0.00879249 -0.00711726 0.999936 30.4769
0.999947 -0.00169931 -0.0101856 -0.377347 0.00175796 0.999982 0.00575142 -0.49487 0.0101756 -0.00576902 0.999931 31.6949
0.999934 -0.00188487 -0.0113352 -0.39671 0.00195613 0.999978 0.00627909 -0.519115 0.0113231 -0.00630085 0.999916 32.8899
0.999917 -0.00387703 -0.0123047 -0.418336 0.00393274 0.999982 0.0045063 -0.508981 0.012287 -0.00455432 0.999914 34.1004
0.999901 -0.00477884 -0.0132232 -0.438071 0.00483836 0.999978 0.00447264 -0.517353 0.0132015 -0.00453618 0.999902 35.3166
0.999873 -0.00363554 -0.0155363 -0.447478 0.00372844 0.999975 0.00595446 -0.547231 0.0155142 -0.00601163 0.999862 36.5364
0.999865 -0.00354389 -0.0160612 -0.475742 0.00364254 0.999975 0.00611709 -0.565523 0.0160391 -0.00617477 0.999852 37.7265
0.999834 -0.00538575 -0.0173833 -0.483445 0.0055036 0.999962 0.00673885 -0.582446 0.0173463 -0.00683341 0.999826 38.9534
0.999797 -0.00482475 -0.0195679 -0.496507 0.00496813 0.999961 0.00728521 -0.595869 0.019532 -0.00738095 0.999782 40.1291
0.99976 -0.00481713 -0.0213698 -0.500327 0.00500928 0.999948 0.00894726 -0.621811 0.0213255 -0.00905216 0.999732 41.362
0.999767 -0.00318069 -0.0213744 -0.540484 0.00338505 0.999949 0.00953178 -0.64893 0.0213429 -0.00960191 0.999726 42.5854
0.999762 -0.00146541 -0.021757 -0.570934 0.0017235 0.999928 0.0118481 -0.692923 0.021738 -0.0118828 0.999693 43.8045
0.999751 0.00160614 -0.0222692 -0.599646 -0.00123847 0.999863 0.0165143 -0.746796 0.0222927 -0.0164826 0.999616 45.0279
0.999789 0.00178126 -0.0204521 -0.654858 -0.0013037 0.999727 0.0233395 -0.815784 0.0204881 -0.0233079 0.999518 46.2383
0.999813 -0.000639217 -0.0193146 -0.676196 0.00120094 0.999576 0.029085 -0.885788 0.0192878 -0.0291027 0.99939 47.4597
0.99985 -0.000178241 -0.0173248 -0.716596 0.000748644 0.999458 0.0329232 -0.878085 0.0173095 -0.0329312 0.999308 48.7
0.999859 0.000278816 -0.0167711 -0.733465 0.000306616 0.999391 0.0348944 -0.864684 0.0167706 -0.0348946 0.99925 49.9133
0.999875 -0.0020266 -0.0157135 -0.75642 0.00255295 0.999434 0.0335489 -0.846397 0.0156367 -0.0335848 0.999313 51.1343
0.99988 -0.0015418 -0.0154131 -0.780502 0.00204605 0.999462 0.0327534 -0.841601 0.0153543 -0.032781 0.999344 52.3422
0.999924 -0.00100651 -0.0122557 -0.859996 0.0014006 0.999481 0.0321895 -0.817167 0.0122169 -0.0322042 0.999406 53.5376
0.99994 -0.00183867 -0.0108234 -0.901401 0.00218978 0.999469 0.0325181 -0.813942 0.0107578 -0.0325398 0.999412 54.7693
0.999941 -0.00232447 -0.0106608 -0.936963 0.00267543 0.999451 0.0330258 -0.821935 0.0105782 -0.0330523 0.999397 55.9667
0.999938 -0.0022478 -0.0109507 -0.977209 0.0026167 0.999426 0.0337901 -0.8075 0.0108684 -0.0338166 0.999369 57.1946
0.999906 -0.00249164 -0.0134629 -0.987711 0.00296831 0.999365 0.0355026 -0.797079 0.0133659 -0.0355392 0.999279 58.3953
0.99989 -0.00375344 -0.0143776 -1.02109 0.00425932 0.999367 0.0353173 -0.772039 0.014236 -0.0353746 0.999273 59.6231
0.999875 -0.00418885 -0.0152788 -1.04732 0.00470663 0.99941 0.0340121 -0.739038 0.0151273 -0.0340797 0.999304 60.8775
0.999859 -0.00490791 -0.0160569 -1.08171 0.00542477 0.999463 0.0323061 -0.71191 0.0158897 -0.0323886 0.999349 62.0827
0.999846 -0.00648654 -0.0162851 -1.10744 0.00698098 0.999511 0.0304899 -0.683482 0.0160794 -0.0305989 0.999402 63.3025
0.999815 -0.00841133 -0.0173267 -1.1263 0.00890551 0.99955 0.0286444 -0.662898 0.017078 -0.0287934 0.999439 64.5218
0.999781 -0.00984092 -0.0184632 -1.15335 0.0103848 0.999508 0.0295953 -0.652175 0.0181629 -0.0297805 0.999391 65.7343
0.999745 -0.0116271 -0.0193722 -1.18888 0.0122377 0.999423 0.0317011 -0.652995 0.0189924 -0.03193 0.999309 66.9349
0.999804 -0.0101265 -0.0169964 -1.25527 0.0106174 0.999522 0.0290457 -0.624138 0.0166941 -0.0292204 0.999433 68.1637
0.999803 -0.0080673 -0.0181374 -1.26859 0.00854184 0.999619 0.0262397 -0.584488 0.0179188 -0.0263895 0.999491 69.3822
0.999811 -0.00623247 -0.0184142 -1.3068 0.0067162 0.999631 0.0263256 -0.571933 0.0182433 -0.0264442 0.999484 70.595
0.999814 -0.00459744 -0.0187241 -1.33613 0.00509573 0.999632 0.0266517 -0.562393 0.0185946 -0.0267422 0.999469 71.8018
0.999846 -0.00596427 -0.0165141 -1.39084 0.00646933 0.999508 0.0307013 -0.611196 0.0163229 -0.0308034 0.999392 73.0102
0.99987 -0.00532284 -0.0152066 -1.42452 0.00583468 0.999411 0.0338152 -0.618646 0.0150177 -0.0338996 0.999312 74.2177
0.999877 -0.00534895 -0.01475 -1.45721 0.0058531 0.999393 0.0343509 -0.632389 0.0145573 -0.034433 0.999301 75.419
0.999828 -0.0134131 -0.0128201 -1.4802 0.0138303 0.999359 0.0330204 -0.654793 0.012369 -0.033192 0.999372 76.6012
0.99979 -0.0168652 -0.0116143 -1.4821 0.0171776 0.999479 0.0273431 -0.634663 0.0111471 -0.0275368 0.999558 77.8117
0.999811 -0.0164648 -0.0103867 -1.48766 0.0167591 0.999442 0.028911 -0.638901 0.00990488 -0.0290796 0.999528 79.0064
0.999812 -0.0179639 -0.00724534 -1.50123 0.0181835 0.999339 0.0314773 -0.615852 0.00667511 -0.0316031 0.999478 80.2018
0.999834 -0.0181027 -0.00220765 -1.52488 0.0181674 0.999255 0.0340482 -0.613118 0.00158965 -0.0340826 0.999417 81.3828
0.9999 -0.0139536 0.00222613 -1.52521 0.0138816 0.999465 0.0296228 -0.56841 -0.00263827 -0.0295889 0.999558 82.58
0.999915 -0.0115543 0.00600899 -1.52138 0.0113996 0.999618 0.0251686 -0.546026 -0.00629749 -0.025098 0.999665 83.7611
0.999873 -0.0118702 0.0106581 -1.52204 0.0116288 0.999681 0.022432 -0.549453 -0.0109209 -0.0223052 0.999691 84.9306
0.986684 0.0263549 -0.160499 -0.934829 -0.0222574 0.99938 0.0272744 -0.789692 0.161118 -0.0233389 0.986659 84.9748
0.968647 0.0380431 -0.245511 -0.812279 -0.0288805 0.998749 0.040815 -0.571526 0.246757 -0.0324448 0.968534 84.6306
0.969119 0.0403772 -0.243264 -1.09184 -0.031343 0.998672 0.040896 -0.549402 0.244592 -0.0320085 0.969097 85.794
0.9692 0.0317874 -0.244214 -1.32737 -0.0229909 0.998983 0.0387867 -0.545008 0.245199 -0.0319773 0.968945 86.9455
0.96989 0.0312312 -0.241531 -1.60743 -0.0229426 0.99905 0.0370544 -0.530111 0.242459 -0.0303973 0.969685 88.0646
0.971092 0.0172001 -0.238084 -1.91097 -0.00844704 0.999252 0.0377361 -0.538728 0.238555 -0.0346341 0.970511 89.1363
0.971487 0.0164906 -0.23652 -2.17199 -0.00767625 0.999243 0.0381396 -0.500172 0.236969 -0.0352366 0.970877 90.2755
0.971704 0.0154897 -0.235693 -2.42896 -0.00649743 0.999223 0.0388815 -0.469591 0.236112 -0.0362499 0.971049 91.438
0.972105 0.0138363 -0.234139 -2.68944 -0.00466315 0.999201 0.0396865 -0.436566 0.234501 -0.0374876 0.971392 92.5656
0.973271 0.00850205 -0.229501 -3.01869 0.000748958 0.999192 0.0401921 -0.436225 0.229657 -0.0392897 0.972478 93.6688
0.973551 0.00784582 -0.228336 -3.28231 0.00108991 0.999239 0.0389818 -0.433067 0.228468 -0.0381996 0.972801 94.8103
0.97377 0.00403356 -0.227498 -3.54249 0.00381528 0.999413 0.0340503 -0.390054 0.227502 -0.0340252 0.973182 95.9629
0.973834 0.007241 -0.227146 -3.80156 0.00108916 0.999332 0.0365264 -0.449036 0.227259 -0.0358181 0.973175 97.1006
0.974176 0.00665619 -0.225693 -4.07214 0.00131203 0.999382 0.0351372 -0.415823 0.225787 -0.0345259 0.973564 98.2574
0.973502 0.0094833 -0.228481 -4.28146 -0.00105691 0.999316 0.0369742 -0.394034 0.228675 -0.035753 0.972846 99.3952
0.972254 0.00776379 -0.233797 -4.49244 0.00125852 0.999261 0.0384165 -0.368098 0.233922 -0.0376449 0.971526 100.46
0.972355 0.00833739 -0.23336 -4.78615 0.000494866 0.999287 0.0377641 -0.289687 0.233508 -0.0368356 0.971657 101.91
0.971656 0.010341 -0.236172 -5.07011 -0.00123948 0.999252 0.0386536 -0.24748 0.236395 -0.0372653 0.970942 103.068
0.970844 0.0116001 -0.239433 -5.35305 -0.00222954 0.999222 0.0393701 -0.214853 0.239703 -0.0376884 0.970114 104.3
0.969198 0.00934675 -0.246104 -5.62641 0.000144831 0.999258 0.038521 -0.184229 0.246282 -0.0373702 0.968477 105.343
0.968061 0.0118921 -0.250433 -5.93409 -0.00233512 0.999259 0.0384246 -0.155005 0.250704 -0.0366125 0.967371 106.522
0.966774 0.0120456 -0.255351 -6.2413 -0.0022133 0.999246 0.0387574 -0.127486 0.255625 -0.0369044 0.966071 107.756
0.965727 0.0146683 -0.259146 -6.58883 -0.00445001 0.999191 0.0399734 -0.107268 0.259522 -0.0374502 0.96501 108.971
0.964615 0.0141996 -0.26328 -6.94662 -0.00292574 0.999064 0.0431637 -0.118839 0.263647 -0.040866 0.963753 110.123
0.963107 0.0146132 -0.268722 -7.26214 -0.00280903 0.999016 0.0442591 -0.0931104 0.269105 -0.0418714 0.9622 111.307
0.96145 0.0152034 -0.274561 -7.60105 -0.00297789 0.998988 0.0448896 -0.0606479 0.274965 -0.0423415 0.960521 112.497
0.960745 0.0170214 -0.276912 -8.03014 -0.00417489 0.99889 0.0469159 -0.0650775 0.277403 -0.0439181 0.959749 113.674
0.959166 0.0183169 -0.28225 -8.43439 -0.00496826 0.998838 0.0479372 -0.0514448 0.2828 -0.0445775 0.958142 115.019
0.957851 0.0192351 -0.286622 -8.80415 -0.00604232 0.998884 0.0468421 -0.0138868 0.287203 -0.0431359 0.956897 116.23
0.956868 0.0204671 -0.2898 -9.16204 -0.00714807 0.998872 0.0469436 0.0300587 0.290434 -0.0428473 0.955935 117.401
0.954976 0.0219288 -0.29587 -9.46703 -0.00810712 0.998821 0.0478616 0.043634 0.296571 -0.0433081 0.954028 118.576
0.954709 0.0226002 -0.296682 -9.85914 -0.00887176 0.99883 0.0475385 0.0870671 0.297409 -0.0427533 0.953792 119.759
0.954286 0.0247314 -0.297871 -10.2453 -0.011133 0.99882 0.0472626 0.163471 0.298689 -0.0417858 0.953435 120.983
0.954369 0.0266125 -0.297442 -10.6588 -0.0128431 0.998757 0.0481519 0.201576 0.298354 -0.0421345 0.953524 122.185
0.955825 0.0265586 -0.292734 -11.1401 -0.0135523 0.998832 0.0463696 0.295816 0.293623 -0.040354 0.955068 123.351
0.955627 0.0311036 -0.292933 -11.5364 -0.0176572 0.99867 0.0484361 0.336591 0.294049 -0.0411145 0.954905 124.542
0.954485 0.0300142 -0.296746 -11.8697 -0.0159241 0.998633 0.0497862 0.400102 0.297834 -0.0427948 0.953657 125.726
0.954659 0.026581 -0.296511 -12.2994 -0.0131132 0.998794 0.047318 0.47852 0.297411 -0.0412844 0.953856 126.966
0.954436 0.0266794 -0.297219 -12.7094 -0.0136285 0.998853 0.0458964 0.522778 0.298103 -0.0397545 0.953705 128.23
0.95413 0.0234646 -0.298471 -13.0966 -0.00987611 0.998848 0.0469544 0.56129 0.299228 -0.0418528 0.953263 129.456
0.95342 0.0218067 -0.300858 -13.4645 -0.00764586 0.99881 0.0481658 0.607796 0.30155 -0.0436219 0.952451 130.668
0.95295 0.017785 -0.302604 -13.8425 -0.00304996 0.998789 0.049097 0.661344 0.303111 -0.0458641 0.95185 131.893
0.952421 0.0169583 -0.304314 -14.2221 -0.00145587 0.998693 0.051097 0.691785 0.304783 -0.0482228 0.9512 133.111
0.952333 0.00966618 -0.304907 -14.6244 0.00564862 0.998768 0.0493056 0.715693 0.305008 -0.0486776 0.951104 134.352
0.952239 0.003865 -0.30533 -15.0241 0.0120436 0.998667 0.0502023 0.697567 0.305117 -0.0514818 0.950922 135.6
0.951862 0.00294842 -0.306511 -15.4104 0.0130188 0.998663 0.0500359 0.74299 0.306249 -0.0516177 0.95055 136.828
0.951912 0.00332897 -0.306354 -15.8095 0.0128304 0.998631 0.0507184 0.784668 0.306104 -0.0522101 0.950565 138.042
0.951314 0.00393049 -0.308198 -16.1883 0.0128978 0.998535 0.0525461 0.824211 0.307953 -0.0539629 0.949869 139.28
0.950611 0.00559121 -0.310335 -16.5434 0.0113121 0.998549 0.0526416 0.890169 0.310179 -0.0535522 0.949168 140.507
0.951442 0.00582489 -0.307773 -16.9902 0.0105501 0.998616 0.0515141 0.927651 0.307647 -0.0522597 0.950064 141.727
0.951445 0.00616382 -0.307757 -17.4015 0.00964239 0.998712 0.0498122 0.972145 0.307668 -0.0503611 0.950159 142.974
0.952193 0.00501453 -0.305453 -17.8539 0.00982116 0.998846 0.0470133 1.01668 0.305337 -0.0477657 0.951045 144.203
0.952622 0.00282036 -0.304144 -18.2649 0.0104596 0.999062 0.0420251 1.04508 0.303977 -0.0432153 0.951698 145.414
0.953115 0.00265283 -0.302596 -18.6866 0.01013 0.999121 0.0406667 1.0465 0.302438 -0.0418254 0.95225 146.635
0.954214 0.00292193 -0.299109 -19.1332 0.00970327 0.999124 0.0407155 1.05751 0.298966 -0.0417537 0.953349 147.849
0.954034 0.00387225 -0.299674 -19.5088 0.00914159 0.999075 0.0420125 1.07268 0.299559 -0.0428209 0.953116 149.047
0.953853 0.00455276 -0.300239 -19.908 0.00878092 0.999034 0.0430459 1.09688 0.300145 -0.0436958 0.952891 150.291
0.953777 0.00591632 -0.300455 -20.291 0.00769988 0.998997 0.0441142 1.12739 0.300415 -0.0443886 0.952774 151.501
0.953569 0.00616094 -0.301109 -20.6837 0.00760242 0.99898 0.0445156 1.16543 0.301077 -0.0447379 0.952549 152.723
0.95291 0.00702067 -0.30317 -21.056 0.00685387 0.998978 0.0446766 1.18845 0.303174 -0.0446507 0.951888 153.938
0.952951 0.00719486 -0.303039 -21.4581 0.00686833 0.998949 0.0453158 1.21978 0.303047 -0.0452651 0.951899 155.137
0.95224 0.0063911 -0.305281 -21.8509 0.00815431 0.998892 0.046347 1.25093 0.305239 -0.0466229 0.951133 156.399
0.953002 0.00724028 -0.302878 -22.324 0.00751536 0.998842 0.0475242 1.27528 0.302871 -0.0475669 0.951843 157.667
0.952557 0.00812806 -0.304252 -22.7068 0.00674921 0.998833 0.0478142 1.2887 0.304286 -0.0475992 0.95139 158.85
0.952488 0.00743616 -0.304483 -23.1124 0.00780823 0.998777 0.0488181 1.29612 0.304474 -0.0488762 0.951265 160.062
0.951949 0.00875059 -0.30613 -23.4916 0.00677778 0.998745 0.049625 1.32225 0.30618 -0.0493154 0.950695 161.266
0.950828 0.00716857 -0.309637 -23.8601 0.00840955 0.998766 0.0489469 1.35939 0.309606 -0.049144 0.949594 162.535
0.950959 0.00724429 -0.309232 -24.278 0.0080437 0.998808 0.0481351 1.39455 0.309212 -0.0482618 0.949767 163.734
0.950269 0.00796962 -0.311327 -24.6681 0.00772053 0.998762 0.0491326 1.42583 0.311333 -0.0490929 0.949031 164.956
0.950088 0.00983169 -0.311827 -25.0814 0.00656878 0.998651 0.0515009 1.44864 0.311912 -0.0509787 0.948742 166.167
0.949479 0.00996884 -0.313673 -25.476 0.0064702 0.998661 0.0513236 1.49907 0.313764 -0.0507602 0.948142 167.379
0.94925 0.01083 -0.314336 -25.8914 0.0058175 0.998631 0.0519745 1.53832 0.314469 -0.0511654 0.947887 168.575
0.948925 0.0116944 -0.315283 -26.3021 0.00519076 0.998599 0.0526626 1.57216 0.315457 -0.0516095 0.947535 169.758
0.949209 0.0121423 -0.314411 -26.7523 0.0050007 0.998546 0.0536603 1.59613 0.314605 -0.0525072 0.947769 170.971
0.949378 0.0132011 -0.313859 -27.1845 0.00389828 0.998544 0.0537911 1.62913 0.314112 -0.0522916 0.947944 172.177
0.949654 0.0146629 -0.312956 -27.6247 0.00287545 0.998454 0.0555059 1.65829 0.313286 -0.0536114 0.948144 173.388
0.950728 0.0144727 -0.309689 -28.0981 0.00278094 0.998471 0.055199 1.68925 0.310014 -0.0533404 0.949234 174.596
0.950711 0.0131572 -0.309799 -28.5026 0.00400008 0.998495 0.0546819 1.72313 0.310052 -0.0532259 0.949228 175.807
0.949889 0.0106906 -0.312404 -28.8722 0.00720292 0.998401 0.0560668 1.75543 0.312504 -0.0555075 0.948293 177.019
0.949015 0.00689886 -0.315154 -29.2683 0.0127636 0.998099 0.0602834 1.76488 0.314971 -0.0612324 0.947123 178.286
0.948984 0.00704456 -0.315244 -29.682 0.0141923 0.997783 0.0650202 1.81567 0.315003 -0.0661772 0.94678 179.52
0.948958 0.00829251 -0.315292 -30.087 0.0126017 0.997859 0.0641731 1.87608 0.315149 -0.0648708 0.946822 180.715
0.948835 0.00943381 -0.315629 -30.4931 0.0103169 0.998093 0.0608462 1.93615 0.315602 -0.0609894 0.946929 181.913
0.948488 0.00877136 -0.316691 -30.8888 0.0105222 0.998193 0.0591606 1.98192 0.316637 -0.0594454 0.946681 183.088
0.948705 0.00888054 -0.316037 -31.3023 0.0102827 0.99821 0.0589168 2.03827 0.315995 -0.0591444 0.946915 184.272
0.948808 0.00963435 -0.315707 -31.7106 0.00978171 0.998159 0.0598579 2.09432 0.315703 -0.0598818 0.946966 185.454
0.949468 0.0104003 -0.313691 -32.1362 0.00954061 0.998032 0.0619665 2.14412 0.313718 -0.061828 0.9475 186.645
0.949323 0.00606176 -0.314243 -32.538 0.0149189 0.997818 0.0643176 2.16851 0.313947 -0.0657464 0.947161 187.854
0.949491 0.00643014 -0.313729 -32.9331 0.0139542 0.997935 0.0626854 2.24045 0.313484 -0.0638971 0.947441 189.046
0.950069 0.00515395 -0.311996 -33.3336 0.0147521 0.998003 0.0614084 2.29286 0.31169 -0.0629449 0.948096 190.217
0.951123 0.00501567 -0.30877 -33.7452 0.0144318 0.998053 0.0606675 2.33591 0.308474 -0.0621583 0.949199 191.395
0.951291 0.00209416 -0.308286 -34.1209 0.0171569 0.998067 0.0597216 2.3941 0.307815 -0.0621019 0.949417 192.579
0.951405 0.000220485 -0.307943 -34.4977 0.0190814 0.998035 0.0596673 2.45304 0.307352 -0.0626437 0.949531 193.752
0.951982 -3.93712e-05 -0.306153 -34.8846 0.0198888 0.997895 0.061716 2.5022 0.305506 -0.0648415 0.949979 194.914
0.952231 0.00110392 -0.305376 -35.2665 0.0190565 0.997829 0.0630293 2.54561 0.304783 -0.0658379 0.950143 196.079
0.952042 0.00117328 -0.305965 -35.631 0.019091 0.997816 0.06323 2.59112 0.305371 -0.0660388 0.94994 197.224
0.952223 0.000611763 -0.305404 -36.0217 0.0205118 0.997611 0.0659524 2.59279 0.304715 -0.0690657 0.949935 198.35
0.953256 0.00191529 -0.302158 -36.4576 0.0201829 0.997343 0.0699954 2.59264 0.30149 -0.072822 0.950684 199.485
0.954052 0.00237706 -0.299631 -36.8715 0.0194226 0.997374 0.0697559 2.65491 0.29901 -0.0723704 0.951501 200.653
0.954749 0.0024432 -0.297404 -37.2617 0.0189911 0.997424 0.0691605 2.72135 0.296807 -0.0716789 0.952243 201.793
0.954881 0.00094897 -0.296986 -37.6197 0.0202485 0.997459 0.0682911 2.78664 0.296297 -0.0712234 0.952436 202.919
0.954174 0.00166183 -0.299247 -37.9339 0.0203286 0.997314 0.0703578 2.82639 0.29856 -0.0732169 0.951577 204.019
0.954118 -6.29654e-05 -0.29943 -38.2876 0.0222987 0.997238 0.0708439 2.87783 0.298599 -0.0742703 0.951484 205.121
0.954015 -0.00173408 -0.299753 -38.6483 0.0238797 0.997244 0.0702322 2.93515 0.298805 -0.0741606 0.951427 206.227
0.953689 -0.000711701 -0.300794 -38.9783 0.0230053 0.99724 0.0705804 2.97466 0.299913 -0.0742315 0.951073 207.278
0.953518 -0.00167338 -0.301333 -39.3231 0.0237551 0.997289 0.0696309 3.03047 0.3004 -0.0735525 0.950972 208.333
0.95328 -0.000667978 -0.302086 -39.6517 0.0229575 0.997265 0.0702409 3.07356 0.301213 -0.0738944 0.950688 209.363
0.952745 -0.00170832 -0.303766 -39.979 0.0242419 0.997222 0.0704253 3.12283 0.302801 -0.0744612 0.95014 210.386
0.952194 -0.00261691 -0.305483 -40.3082 0.0254301 0.997171 0.0707237 3.18161 0.304434 -0.0751111 0.949567 211.391
0.95158 -0.00265171 -0.30739 -40.6322 0.026411 0.99697 0.0731593 3.21899 0.306265 -0.0777353 0.948766 212.373
0.950888 -0.00105254 -0.309533 -40.9745 0.0254663 0.99687 0.0748431 3.27775 0.308485 -0.07905 0.947938 213.413
0.949376 -0.00198187 -0.314136 -41.2417 0.0266612 0.99688 0.0742855 3.3307 0.313009 -0.0789001 0.946466 214.346
0.947711 -0.00237936 -0.319122 -41.5571 0.0263725 0.997135 0.0708848 3.43104 0.31804 -0.0755943 0.945058 215.364
0.946188 -0.00186447 -0.323611 -41.8588 0.0260746 0.997171 0.0704928 3.48767 0.322565 -0.0751375 0.94356 216.305
0.945694 -0.00173697 -0.325053 -42.1885 0.0269159 0.99697 0.0729802 3.49564 0.323942 -0.077766 0.942875 217.186
0.944306 -0.00561954 -0.32902 -42.4912 0.0318144 0.996729 0.0742854 3.51348 0.327526 -0.0806157 0.941396 218.089
0.943105 -0.0108337 -0.332318 -42.7868 0.0375635 0.996541 0.074116 3.53345 0.330366 -0.0823822 0.94025 218.948
0.942716 -0.0108851 -0.33342 -43.1099 0.0379095 0.996488 0.0746537 3.56042 0.331436 -0.083017 0.939817 219.775
0.940352 -0.0161314 -0.339822 -43.3287 0.0436715 0.996334 0.0735512 3.5951 0.33739 -0.0840045 0.937608 220.618
0.93945 -0.0160396 -0.342312 -43.6291 0.0439012 0.996306 0.0738002 3.62375 0.339863 -0.0843595 0.936683 221.406
0.938918 -0.0143927 -0.343842 -43.9364 0.0424542 0.996337 0.0742231 3.65896 0.341514 -0.0842869 0.936089 222.187
0.939451 -0.0171254 -0.342255 -44.2379 0.0455425 0.99613 0.0751658 3.66638 0.339643 -0.0862017 0.936595 222.922
0.939636 -0.0170078 -0.341754 -44.5192 0.0458175 0.996023 0.0764045 3.70377 0.339096 -0.0874507 0.936678 223.662
0.939939 -0.0164818 -0.340946 -44.7863 0.0456844 0.995921 0.0778012 3.73378 0.338273 -0.0887042 0.936857 224.377
0.940024 -0.01691 -0.340691 -45.02 0.0457926 0.995985 0.0769144 3.76886 0.338022 -0.0879024 0.937023 225.068
0.94057 -0.0174629 -0.339152 -45.2867 0.0460512 0.996011 0.076429 3.79332 0.336465 -0.0875052 0.937621 225.761
0.940764 -0.0174094 -0.338615 -45.5373 0.0455554 0.996116 0.0753514 3.82579 0.335988 -0.0863136 0.937902 226.46
0.941275 -0.0182846 -0.337146 -45.7916 0.0461649 0.996124 0.0748642 3.85377 0.33447 -0.0860321 0.93847 227.136
0.94222 -0.0174788 -0.334539 -46.0493 0.044798 0.996242 0.0741213 3.90085 0.331987 -0.0848253 0.939461 227.814
0.943244 -0.0172742 -0.331653 -46.3106 0.0444761 0.99622 0.0746046 3.94002 0.329111 -0.0851208 0.940446 228.496
0.943419 -0.0144401 -0.331288 -46.5221 0.0419131 0.996231 0.0759336 3.95799 0.328944 -0.0855225 0.940468 229.17
0.94371 -0.0141574 -0.330471 -46.7498 0.0411634 0.996343 0.074865 4.00812 0.328203 -0.0842542 0.940841 229.849
0.943149 -0.0162228 -0.331975 -46.9359 0.042033 0.99661 0.0707147 4.10581 0.329703 -0.0806483 0.940633 230.543
0.943511 -0.0164187 -0.330934 -47.1317 0.0426608 0.996478 0.0721896 4.11218 0.328584 -0.0822296 0.940888 231.23
0.944458 -0.0201916 -0.328012 -47.328 0.045335 0.996573 0.0691881 4.19803 0.325491 -0.0802156 0.942136 231.889
0.945046 -0.0201794 -0.326314 -47.5423 0.0458637 0.996406 0.071209 4.21188 0.323704 -0.0822617 0.942575 232.561
0.945872 -0.0219576 -0.323797 -47.7521 0.047305 0.996381 0.0706193 4.2531 0.321075 -0.082114 0.943486 233.206
0.945955 -0.0263158 -0.323228 -47.9535 0.0498735 0.99665 0.0648162 4.35597 0.320439 -0.0774337 0.944098 233.871
0.946612 -0.0274563 -0.321205 -48.1752 0.0508589 0.996608 0.0646952 4.39195 0.318339 -0.0775773 0.944796 234.551
0.947266 -0.0306129 -0.318985 -48.3949 0.051788 0.996965 0.0581123 4.48106 0.316238 -0.0715673 0.945976 235.202
0.948005 -0.0382645 -0.315947 -48.6381 0.0573564 0.997032 0.0513479 4.56006 0.313045 -0.0667996 0.947385 235.881
0.948469 -0.0382484 -0.314555 -48.8492 0.0571693 0.997053 0.0511442 4.5964 0.311672 -0.0664915 0.94786 236.553
0.949253 -0.0371851 -0.312308 -49.0731 0.0564906 0.996995 0.0529942 4.60965 0.309399 -0.0679473 0.948501 237.23
0.949506 -0.0393539 -0.311271 -49.2899 0.058348 0.996943 0.0519424 4.63382 0.308276 -0.0674817 0.9489 237.918
0.950254 -0.0418696 -0.30865 -49.5145 0.0597505 0.997024 0.048706 4.66843 0.305692 -0.0647251 0.949927 238.592
0.951064 -0.0415248 -0.306191 -49.7444 0.0584993 0.997205 0.0464672 4.69564 0.303405 -0.0621052 0.950835 239.274
0.951045 -0.0429815 -0.306049 -49.9618 0.0595997 0.9972 0.045159 4.71108 0.303251 -0.0611887 0.950943 239.969
0.941857 0.204679 -0.26648 -49.554 -0.335356 0.622164 -0.707422 4.08713 0.0210004 0.755656 0.65463 240.195
0.829372 0.367535 -0.420786 -49.3095 -0.329372 -0.286706 -0.899618 3.49638 -0.451283 0.884713 -0.11673 239.75
0.712615 0.302217 -0.633123 -49.2281 0.0722833 -0.929282 -0.362227 3.49026 -0.697821 0.212364 -0.684066 238.976
0.694375 0.0662263 -0.716559 -49.1661 0.516011 -0.739869 0.431655 4.10554 -0.501572 -0.669483 -0.54792 238.502
0.79071 -0.13268 -0.597641 -48.9626 0.611172 0.114783 0.78313 4.83191 -0.0353062 -0.984489 0.171851 238.696
0.916809 -0.119394 -0.381058 -48.5814 0.273992 0.882276 0.382774 5.06129 0.290498 -0.455338 0.841592 239.335
0.961662 0.0943874 -0.257481 -48.1427 -0.198692 0.886943 -0.416956 4.6231 0.189016 0.45213 0.871693 239.806
0.885782 0.320461 -0.335702 -47.8172 -0.390749 0.124675 -0.912014 3.93448 -0.250411 0.93902 0.235655 239.644
0.75597 0.359802 -0.546857 -47.6762 -0.133101 -0.73346 -0.666573 3.63303 -0.640932 0.576696 -0.506584 238.94
0.686507 0.177775 -0.705057 -47.6283 0.347431 -0.931999 0.103293 4.0155 -0.638749 -0.315869 -0.701588 238.263
0.738545 -0.0653702 -0.671027 -47.5003 0.627806 -0.296156 0.719826 4.77655 -0.245784 -0.952899 -0.177685 238.159
0.866273 -0.15558 -0.474728 -47.1894 0.461196 0.614301 0.640259 5.27756 0.192014 -0.773582 0.603904 238.667
0.957244 -0.0134375 -0.288971 -46.754 -0.00572367 0.997845 -0.0653614 5.10883 0.289227 0.0642204 0.955103 239.291
0.931371 0.235921 -0.27729 -46.362 -0.361898 0.516821 -0.775838 4.45027 -0.0397271 0.822943 0.566732 239.429
0.811432 0.372972 -0.449967 -46.143 -0.293766 -0.405298 -0.865699 3.91302 -0.505251 0.834641 -0.219305 238.909
0.703016 0.277061 -0.654986 -46.0744 0.138691 -0.95672 -0.255834 4.00142 -0.697519 0.0890148 -0.711015 238.138
0.701567 0.0326245 -0.711856 -46.0013 0.554758 -0.651997 0.516858 4.66901 -0.447266 -0.757518 -0.475518 237.744
0.808361 -0.145147 -0.570513 -45.7725 0.588147 0.240606 0.772134 5.35945 0.025196 -0.959708 0.279864 238.022
0.929382 -0.0997507 -0.355387 -45.3741 0.209465 0.935281 0.285259 5.49627 0.303932 -0.339556 0.890127 238.677
0.958087 0.128848 -0.255867 -44.9414 -0.247914 0.820467 -0.515142 4.99039 0.143556 0.556984 0.818022 239.082
0.869207 0.339401 -0.359565 -44.6399 -0.381333 -0.00275901 -0.924433 4.31854 -0.314745 0.940637 0.127027 238.828
0.740987 0.346547 -0.575191 -44.5197 -0.0733364 -0.809665 -0.582291 4.10355 -0.667503 0.473653 -0.574537 238.089
0.686307 0.143995 -0.712916 -44.4711 0.40493 -0.889887 0.210076 4.56606 -0.604165 -0.432858 -0.669043 237.465
0.753304 -0.0899377 -0.651494 -44.3216 0.632421 -0.172801 0.755105 5.33027 -0.180491 -0.980841 -0.0732932 237.453
0.882998 -0.149306 -0.444998 -43.9873 0.408864 0.710303 0.572975 5.75477 0.230535 -0.687879 0.688241 238.014
0.961211 0.0181542 -0.275218 -43.5472 -0.0689321 0.981978 -0.175975 5.49722 0.267063 0.18812 0.945139 238.603
0.919088 0.265019 -0.291621 -43.1732 -0.380336 0.403054 -0.832401 4.81572 -0.103063 0.875963 0.471238 238.65
0.793713 0.373959 -0.479766 -42.9793 -0.251202 -0.51681 -0.818416 4.34161 -0.554002 0.770105 -0.316259 238.063
0.695459 0.249069 -0.674019 -42.9206 0.204787 -0.967807 -0.146331 4.52364 -0.688766 -0.0362625 -0.724075 237.308
0.710826 0.000295609 -0.703368 -42.8336 0.586197 -0.552898 0.59218 5.23293 -0.388716 -0.833248 -0.393188 236.999
0.826285 -0.153351 -0.541976 -42.5793 0.557252 0.362649 0.746964 5.87642 0.0819986 -0.919222 0.385106 237.356
0.94019 -0.0766081 -0.331924 -42.1662 0.143435 0.972826 0.181757 5.91898 0.30898 -0.218495 0.92563 238.015
0.952266 0.162964 -0.258134 -41.7426 -0.29095 0.740461 -0.605859 5.35452 0.0924051 0.652042 0.75253 238.344
0.85188 0.354456 -0.385566 -41.466 -0.363488 -0.129882 -0.922501 4.71132 -0.377064 0.926008 0.0181968 238.003
0.727408 0.329288 -0.602036 -41.3645 -0.0103199 -0.871992 -0.489411 4.58701 -0.686127 0.362215 -0.630896 237.241
0.68843 0.109615 -0.716972 -41.312 0.45764 -0.832548 0.312137 5.12238 -0.562698 -0.542999 -0.623315 236.678
0.76926 -0.111171 -0.62919 -41.1393 0.628421 -0.0462744 0.776496 5.8775 -0.115439 -0.992723 0.034265 236.759
0.898739 -0.138701 -0.41597 -40.7831 0.351675 0.794628 0.494865 6.21895 0.261903 -0.59104 0.76294 237.361
0.962879 0.0512624 -0.26502 -40.3415 -0.128963 0.949866 -0.284821 5.87751 0.237133 0.308426 0.921217 237.904
0.905215 0.291483 -0.309231 -39.9879 -0.390361 0.282775 -0.87616 5.18514 -0.167943 0.913825 0.369756 237.859
0.776511 0.370481 -0.509681 -39.8181 -0.202395 -0.619368 -0.758564 4.78273 -0.596713 0.69219 -0.405962 237.214
0.690073 0.218711 -0.689903 -39.7663 0.269457 -0.962355 -0.0355592 5.05593 -0.671709 -0.161361 -0.723028 236.487
0.721997 -0.0302165 -0.691237 -39.6626 0.609798 -0.444237 0.656353 5.79558 -0.326905 -0.895399 -0.302312 236.266
0.844178 -0.157156 -0.512509 -39.3829 0.519007 0.478859 0.708044 6.38191 0.134146 -0.86371 0.485807 236.696
0.949054 -0.0503557 -0.311063 -38.9581 0.0770117 0.99428 0.0740062 6.3301 0.305557 -0.0941917 0.947503 237.346
0.944297 0.196162 -0.264244 -38.5467 -0.327074 0.648271 -0.68758 5.71713 0.0364247 0.735707 0.67632 237.594
0.834094 0.365374 -0.413268 -38.2955 -0.337511 -0.254556 -0.906249 5.11401 -0.436319 0.895379 -0.0890052 237.171
0.715463 0.308313 -0.626942 -38.2102 0.0548887 -0.919392 -0.389494 5.08307 -0.696491 0.244256 -0.674713 236.397
0.692842 0.0752138 -0.717156 -38.1506 0.504674 -0.760945 0.407757 5.68291 -0.515048 -0.644441 -0.565173 235.904
0.786145 -0.128714 -0.60449 -37.9536 0.615874 0.081295 0.783639 6.41683 -0.0517233 -0.988343 0.143181 236.074
0.913233 -0.123941 -0.38813 -37.5773 0.290592 0.865858 0.407242 6.67009 0.285591 -0.484695 0.826745 236.708
0.962222 0.0853305 -0.25855 -37.1376 -0.184807 0.902048 -0.39007 6.2511 0.19994 0.423116 0.88374 237.195
0.889985 0.314867 -0.329826 -36.8061 -0.391803 0.158006 -0.90638 5.56009 -0.233275 0.935891 0.263989 237.057
0.760116 0.362595 -0.53921 -36.6593 -0.148166 -0.711246 -0.68715 5.23676 -0.632669 0.602206 -0.486905 236.364
0.686947 0.186497 -0.70237 -36.611 0.331616 -0.940459 0.074619 5.59713 -0.646634 -0.284176 -0.70789 235.675
0.734891 -0.0583986 -0.675667 -36.4883 0.625166 -0.327841 0.708299 6.35531 -0.262875 -0.942925 -0.204419 235.546
0.861741 -0.156496 -0.482609 -36.1839 0.474054 0.587284 0.656026 6.87521 0.180762 -0.794107 0.580274 236.039
0.955825 -0.0214349 -0.293156 -35.7502 0.0113126 0.999281 -0.0361803 6.7305 0.29372 0.0312655 0.95538 236.67
0.934314 0.227883 -0.274094 -35.3538 -0.355681 0.545447 -0.758933 6.07994 -0.0234445 0.806571 0.590672 236.832
0.816146 0.37197 -0.442204 -35.1281 -0.303841 -0.374684 -0.875952 5.52763 -0.491514 0.849264 -0.192777 236.331
0.705351 0.283977 -0.64949 -35.0565 0.121193 -0.951069 -0.284219 5.59117 -0.698421 0.12176 -0.705253 235.558
0.699468 0.0413699 -0.713466 -34.9865 0.545242 -0.676283 0.495331 6.24599 -0.462013 -0.735479 -0.495595 235.142
0.803676 -0.142271 -0.57781 -34.7645 0.59499 0.207763 0.776415 6.94698 0.00958633 -0.967777 0.251623 235.399
0.926235 -0.105276 -0.361949 -34.3703 0.226643 0.922795 0.311581 7.1084 0.301202 -0.37063 0.878584 236.051
0.959249 0.119786 -0.255916 -33.9357 -0.235524 0.83933 -0.489953 6.6195 0.156108 0.530261 0.833338 236.474
0.873655 0.33478 -0.353059 -33.6278 -0.384639 0.0308466 -0.922552 5.94207 -0.297961 0.941791 0.155719 236.244
0.744805 0.350435 -0.567857 -33.5023 -0.0894276 -0.790902 -0.605374 5.70384 -0.661263 0.501668 -0.557728 235.513
0.686134 0.152969 -0.711211 -33.4542 0.390219 -0.902484 0.182351 6.14593 -0.613963 -0.402645 -0.678916 234.874
0.749292 -0.0837773 -0.656919 -33.3105 0.632041 -0.205669 0.747144 6.91049 -0.197702 -0.975029 -0.101155 234.838
0.878679 -0.151383 -0.452777 -32.9823 0.423149 0.686099 0.591788 7.35582 0.221063 -0.711583 0.666918 235.386
0.960387 0.00966817 -0.278502 -32.5431 -0.0525578 0.987747 -0.14695 7.12123 0.273669 0.155766 0.949127 235.985
0.922485 0.257595 -0.287519 -32.1641 -0.376288 0.433716 -0.818717 6.44462 -0.0861955 0.863443 0.497027 236.056
0.798339 0.374133 -0.471889 -31.9637 -0.263044 -0.488248 -0.832119 5.95301 -0.541722 0.788441 -0.291373 235.486
0.697243 0.256687 -0.669301 -31.9027 0.187479 -0.966489 -0.175357 6.11057 -0.691885 -0.00321302 -0.722001 234.726
0.708196 0.00865215 -0.705963 -31.8196 0.578661 -0.579985 0.573384 6.80995 -0.404487 -0.814581 -0.41575 234.394
0.821557 -0.151614 -0.549598 -31.572 0.566122 0.331003 0.754946 7.46683 0.0674583 -0.93137 0.357769 234.731
0.937527 -0.0830189 -0.337864 -31.1626 0.160901 0.964482 0.209489 7.53428 0.308472 -0.250765 0.917585 235.39
0.954011 0.154049 -0.257162 -30.7363 -0.280263 0.762764 -0.582789 6.9843 0.106376 0.62806 0.77086 235.74
0.856498 0.350885 -0.378538 -30.453 -0.368989 -0.0965664 -0.924403 6.33243 -0.360913 0.931426 0.0467643 235.421
0.730834 0.334204 -0.595139 -30.3468 -0.0271666 -0.856993 -0.514611 6.18392 -0.682015 0.392263 -0.61724 234.664
0.687647 0.118691 -0.716278 -30.2957 0.444279 -0.84907 0.285825 6.70088 -0.574245 -0.514774 -0.636593 234.084
0.764958 -0.105926 -0.63531 -30.1292 0.630308 -0.0797722 0.772236 7.45957 -0.13248 -0.991169 0.00574297 234.141
0.894706 -0.141904 -0.423516 -29.7786 0.367148 0.773645 0.516407 7.82344 0.25437 -0.617526 0.744283 234.733
0.962665 0.0424304 -0.26735 -29.3371 -0.113526 0.95987 -0.256441 7.50353 0.24574 0.277217 0.92885 235.289
0.909009 0.284797 -0.304293 -28.9779 -0.38855 0.314959 -0.865927 6.81284 -0.150774 0.905368 0.396959 235.268
0.780973 0.371828 -0.501823 -28.8019 -0.215805 -0.593337 -0.775487 6.39079 -0.586097 0.71393 -0.383137 234.638
0.691275 0.226904 -0.686043 -28.7486 0.252632 -0.965394 -0.064739 6.64031 -0.676991 -0.128563 -0.724675 233.902
0.71888 -0.0223895 -0.694773 -28.6495 0.60437 -0.47367 0.640605 7.3731 -0.343436 -0.880417 -0.326981 233.658
0.839487 -0.156586 -0.520329 -28.3765 0.529754 0.448943 0.719591 7.97541 0.12092 -0.879734 0.459834 234.069
0.946918 -0.0575444 -0.316282 -27.9545 0.0944732 0.990218 0.102684 7.94837 0.307279 -0.127114 0.943092 234.723
0.946596 0.187543 -0.262267 -27.5396 -0.318271 0.673639 -0.667019 7.34715 0.0515789 0.714869 0.697354 234.993
0.838804 0.362912 -0.405836 -27.2816 -0.345116 -0.222091 -0.911905 6.7324 -0.421074 0.90497 -0.061043 234.59
0.718438 0.314176 -0.620597 -27.1923 0.0375703 -0.908411 -0.416387 6.6767 -0.694576 0.275833 -0.66444 233.819
0.691462 0.0842395 -0.717485 -27.1349 0.492888 -0.781115 0.383302 7.26045 -0.528149 -0.618678 -0.581633 233.307
0.781626 -0.124471 -0.611202 -26.9444 0.619996 0.0477306 0.783152 8.00111 -0.0683071 -0.991075 0.114479 233.454
0.909552 -0.128217 -0.395317 -26.5732 0.306994 0.848447 0.431152 8.27801 0.280125 -0.513516 0.811068 234.08
0.962621 0.0763008 -0.259885 -26.1327 -0.170566 0.91612 -0.362812 7.87874 0.210403 0.393577 0.89489 234.583
0.894112 0.309033 -0.324134 -25.7952 -0.39226 0.191171 -0.89977 7.18618 -0.216093 0.931639 0.29215 234.469
0.764338 0.365093 -0.531502 -25.6425 -0.162919 -0.688185 -0.707007 6.84139 -0.623895 0.626985 -0.466525 233.788
0.687546 0.195127 -0.699432 -25.5936 0.315556 -0.947802 0.0457759 7.17929 -0.653991 -0.252182 -0.713232 233.088
0.731341 -0.0512329 -0.680085 -25.4761 0.621936 -0.359126 0.695863 7.93376 -0.279887 -0.931882 -0.23078 232.934
0.857167 -0.157104 -0.490494 -25.1781 0.486498 0.5596 0.670945 8.47198 0.169072 -0.813736 0.5561 233.412
0.954252 -0.0292807 -0.297566 -24.7465 0.0284757 0.99957 -0.00704017 8.35149 0.297644 -0.00175607 0.954675 234.049
0.937128 0.219706 -0.271146 -24.3458 -0.348908 0.573453 -0.741225 7.70974 -0.00736153 0.789228 0.614057 234.234
0.820869 0.37066 -0.434494 -24.1134 -0.313422 -0.343616 -0.885266 7.14306 -0.477431 0.862868 -0.16589 233.753
0.707825 0.290687 -0.643805 -24.0385 0.103694 -0.944289 -0.312355 7.1817 -0.698736 0.154334 -0.698534 232.978
0.697514 0.0501932 -0.714811 -23.9716 0.53523 -0.699762 0.473142 7.82302 -0.476449 -0.712611 -0.514959 232.542
0.799015 -0.139102 -0.585001 -23.7562 0.601279 0.174696 0.779708 8.5338 -0.00626214 -0.974747 0.223224 232.776
0.922969 -0.110552 -0.368655 -23.3665 0.243696 0.90925 0.337456 8.71966 0.297893 -0.401302 0.86615 233.424
0.960254 0.11071 -0.256234 -22.9302 -0.222719 0.857231 -0.464275 8.24836 0.168252 0.502889 0.847817 233.865
0.878045 0.329894 -0.346708 -22.616 -0.387356 0.0644348 -0.919676 7.56617 -0.281055 0.941817 0.184364 233.659
0.748716 0.354041 -0.560429 -22.485 -0.105274 -0.771196 -0.627833 7.30504 -0.654478 0.529067 -0.540135 232.937
0.686122 0.161892 -0.709245 -22.4372 0.375193 -0.91401 0.15433 7.72622 -0.623272 -0.371992 -0.687862 232.284
0.745368 -0.0773932 -0.662146 -22.2993 0.631064 -0.238278 0.73823 8.49029 -0.214909 -0.968108 -0.128765 232.223
0.874297 -0.153158 -0.460595 -21.9772 0.437081 0.661114 0.609827 8.95597 0.211106 -0.734488 0.644951 232.758
0.959405 0.0012973 -0.282029 -21.5391 -0.0359818 0.992381 -0.117837 8.74466 0.279728 0.123201 0.952142 233.366
0.925767 0.249997 -0.28365 -21.1553 -0.371661 0.463891 -0.804161 8.07376 -0.0694547 0.849886 0.522369 233.461
0.802996 0.373997 -0.46403 -20.9483 -0.274439 -0.459098 -0.844934 7.56527 -0.529037 0.805827 -0.266014 232.909
0.699175 0.264133 -0.664371 -20.8848 0.170094 -0.964026 -0.204262 7.69821 -0.694423 0.0298105 -0.718949 232.144
0.705702 0.0171245 -0.708302 -20.8054 0.57059 -0.606377 0.553836 8.38692 -0.420014 -0.794992 -0.437693 231.79
0.816832 -0.149573 -0.557147 -20.5646 0.574471 0.29899 0.761963 9.05645 0.052612 -0.942462 0.330149 232.106
0.934731 -0.0892066 -0.343977 -20.1589 0.17832 0.955031 0.236895 9.14876 0.307376 -0.282772 0.908603 232.764
0.955605 0.14508 -0.256457 -19.7301 -0.269109 0.784196 -0.559123 8.61394 0.119996 0.603315 0.788424 233.134
0.861079 0.347031 -0.371636 -19.4403 -0.37392 -0.0631199 -0.925311 7.9542 -0.344569 0.935727 0.0754113 232.839
0.734368 0.338858 -0.588115 -19.3292 -0.0438411 -0.840976 -0.539293 7.78171 -0.677334 0.421824 -0.602729 232.087
0.687024 0.127756 -0.715316 -19.2792 0.43054 -0.864583 0.259097 8.27969 -0.585349 -0.485977 -0.648993 231.491
0.760726 -0.10043 -0.641257 -19.1189 0.6316 -0.113159 0.766992 9.04112 -0.149593 -0.988488 -0.0226516 231.523
0.89059 -0.144815 -0.431136 -18.774 0.382334 0.751777 0.537264 9.42703 0.246314 -0.64332 0.724892 232.105
0.96229 0.0336751 -0.269934 -18.3328 -0.0978156 0.968772 -0.227845 9.12906 0.253832 0.245656 0.935533 232.673
0.912704 0.277906 -0.299567 -17.9682 -0.386146 0.346794 -0.854767 8.44089 -0.133656 0.895825 0.423833 232.677
0.785485 0.372867 -0.493947 -17.7858 -0.228823 -0.566596 -0.791587 7.99973 -0.575024 0.734807 -0.359731 232.062
0.692632 0.234959 -0.68195 -17.7308 0.235652 -0.967288 -0.0939265 8.22533 -0.681711 -0.0956454 -0.725343 231.318
0.715887 -0.0144102 -0.698067 -17.6362 0.598376 -0.502533 0.624026 8.95044 -0.359794 -0.864438 -0.351134 231.05
0.834779 -0.155707 -0.528109 -17.3698 0.540023 0.418522 0.730216 9.56809 0.107325 -0.89476 0.433458 231.443
0.94464 -0.0645396 -0.3217 -16.9508 0.111965 0.985019 0.131159 9.56588 0.308415 -0.159918 0.937713 232.099
