1 0 0 0 0 1 0 0 0 0 1 0
0.999983 0.000608977 -0.00571703 -0.0240819 -0.000611512 1 -0.000441549 0.0116009 0.00571676 0.000445038 0.999984 0.0730945
0.999926 0.00150914 -0.012045 -0.0465347 -0.00151803 0.999999 -0.000728322 0.0128884 0.0120439 0.000746553 0.999927 0.15082
0.999819 0.00203561 -0.0189419 -0.065853 -0.00205961 0.999997 -0.00124787 0.00899016 0.0189393 0.00128665 0.99982 0.236688
0.99961 0.00314905 -0.0277489 -0.085332 -0.0032229 0.999991 -0.0026169 0.0111691 0.0277404 0.00270531 0.999611 0.34401
0.99922 0.0035595 -0.0393187 -0.0993302 -0.00371703 0.999985 -0.00393412 0.00837172 0.0393041 0.0040772 0.999219 0.460486
0.998572 0.00324188 -0.0533304 -0.111392 -0.00347597 0.999985 -0.00429725 0.000747334 0.0533157 0.00447649 0.998568 0.570117
0.997623 0.00330179 -0.0688265 -0.147335 -0.00359643 0.999985 -0.00415741 -0.00166796 0.0688117 0.00439506 0.99762 0.698922
0.996216 0.00208109 -0.0868873 -0.18485 -0.00242671 0.99999 -0.00387245 -0.00730356 0.0868784 0.00406865 0.996211 0.836574
0.994267 0.00142346 -0.106916 -0.216834 -0.00185718 0.99999 -0.00395722 -0.00987852 0.106909 0.0041331 0.99426 0.992351
0.991634 0.00133528 -0.129074 -0.264435 -0.00186277 0.99999 -0.00396605 -0.0132122 0.129067 0.00417331 0.991627 1.16473
0.988239 0.005391 -0.152826 -0.328993 -0.00618248 0.99997 -0.00470425 -0.0244187 0.152796 0.00559376 0.988242 1.33599
0.984037 0.00971344 -0.177698 -0.40425 -0.0110099 0.99992 -0.0063115 -0.0236479 0.177622 0.00816719 0.984065 1.49798
0.978895 0.0127061 -0.203967 -0.484446 -0.0143369 0.999876 -0.00651941 -0.0346151 0.203859 0.00930607 0.978956 1.66184
0.972935 0.0138086 -0.230665 -0.604786 -0.015748 0.999855 -0.00656915 -0.0346203 0.230541 0.0100239 0.973011 1.83537
0.96557 0.0158117 -0.259664 -0.718702 -0.0180671 0.999817 -0.00630141 -0.0312759 0.259517 0.0107758 0.965678 2.00605
0.957044 0.0176368 -0.289407 -0.845368 -0.0200196 0.999786 -0.00527502 -0.0291339 0.289251 0.0108422 0.957192 2.16362
0.946824 0.0202098 -0.321117 -0.981669 -0.0228323 0.99973 -0.00440287 -0.0263876 0.320941 0.0115006 0.947029 2.33262
0.934603 0.0223859 -0.354987 -1.08405 -0.0255185 0.999666 -0.00414441 -0.0208917 0.354776 0.0129321 0.934862 2.51397
0.921219 0.0252952 -0.388222 -1.20138 -0.029006 0.999572 -0.00370027 -0.0141991 0.387962 0.0146695 0.921558 2.68595
0.905377 0.0252039 -0.423861 -1.32613 -0.0295101 0.999558 -0.00359786 -0.00121147 0.423583 0.0157656 0.90572 2.87746
0.887171 0.0206855 -0.460977 -1.45366 -0.0254087 0.999669 -0.00404181 -0.00341102 0.460741 0.0152986 0.887403 3.07231
0.866436 0.0155632 -0.499046 -1.58837 -0.0205759 0.999778 -0.00454459 -0.00186357 0.498865 0.0142059 0.866563 3.2511
0.842002 0.0166965 -0.539217 -1.75192 -0.0205441 0.999788 -0.00112233 -0.00769019 0.539084 0.0120227 0.842166 3.44016
0.813058 0.0227821 -0.581737 -1.93303 -0.0258737 0.999661 0.00298691 -0.0126768 0.581608 0.0126231 0.813371 3.61977
0.780675 0.0257093 -0.624409 -2.13072 -0.028891 0.99957 0.0050348 -0.0160118 0.624269 0.0141092 0.781081 3.79551
0.744939 0.0250854 -0.666661 -2.33595 -0.028353 0.999581 0.00593051 -0.013394 0.66653 0.014484 0.745337 3.96655
0.705915 0.0204615 -0.708001 -2.55791 -0.0223788 0.999728 0.0065797 -0.00961692 0.707943 0.0111995 0.70618 4.12821
0.664429 0.016717 -0.747164 -2.80789 -0.0174222 0.999825 0.006877 -0.00212718 0.747148 0.00844795 0.664604 4.28686
0.620149 0.0161732 -0.784318 -3.07595 -0.0150563 0.999849 0.00871285 0.000206166 0.78434 0.00640564 0.620298 4.44619
0.572538 0.0164245 -0.819714 -3.35495 -0.0117196 0.999861 0.0118483 0.00238124 0.819794 0.00282313 0.572651 4.58533
0.522176 0.0169299 -0.85267 -3.64805 -0.0102642 0.999855 0.0135665 0.00769801 0.852776 0.00166794 0.522274 4.70469
0.470463 0.0174374 -0.882248 -3.96796 -0.0108308 0.999844 0.0139861 0.0322219 0.882353 0.00297549 0.470578 4.80849
0.416745 0.0183737 -0.908838 -4.30231 -0.0100412 0.999828 0.0156088 0.051022 0.908968 0.00262091 0.416857 4.90357
0.360712 0.0199078 -0.932465 -4.63895 -0.00859504 0.999801 0.0180205 0.0535116 0.932637 0.00151436 0.360811 5.00085
0.306871 0.021593 -0.951506 -4.99329 -0.00688091 0.999767 0.020469 0.0704439 0.951726 0.000265894 0.306948 5.05697
0.257028 0.0226071 -0.96614 -5.38921 -0.00411761 0.999743 0.022298 0.085407 0.966395 -0.00175302 0.257055 5.07153
0.206211 0.0230823 -0.978235 -5.79185 -0.00243476 0.999731 0.0230762 0.0881701 0.978504 -0.0023768 0.206212 5.11607
0.158845 0.0234741 -0.987025 -6.21442 -0.0058874 0.999722 0.0228286 0.0975264 0.987286 0.00218481 0.158939 5.13972
0.116317 0.0237605 -0.992928 -6.6388 -0.00780321 0.999705 0.0230086 0.106644 0.993181 0.00507175 0.116468 5.15338
0.0783179 0.0222452 -0.99668 -7.07329 -0.00997925 0.999718 0.0215289 0.117401 0.996878 0.00826003 0.0785178 5.15168
0.043146 0.0192332 -0.998884 -7.55284 -0.00864351 0.999784 0.0188772 0.130049 0.999031 0.00781939 0.0433029 5.15311
0.0116916 0.0157636 -0.999808 -8.03745 -0.00888259 0.999838 0.0156602 0.146125 0.999892 0.0086978 0.0118297 5.13543
-0.0155613 0.0131674 -0.999792 -8.53884 -0.00932834 0.999868 0.0133136 0.161006 0.999835 0.00953358 -0.0154364 5.11786
-0.0365018 0.0107325 -0.999276 -9.05343 -0.0105638 0.999882 0.0111248 0.166967 0.999278 0.0109622 -0.0363841 5.07878
-0.0533431 0.00974311 -0.998529 -9.58485 -0.0109765 0.999886 0.0103427 0.17701 0.998516 0.0115121 -0.05323 5.03767
-0.065853 0.010263 -0.997777 -10.1241 -0.00983599 0.999892 0.010934 0.181828 0.997781 0.0105342 -0.0657449 4.98405
-0.0749589 0.0110374 -0.997126 -10.6845 -0.011782 0.999859 0.0119533 0.185036 0.997117 0.0126442 -0.0748183 4.92073
-0.0817979 0.012047 -0.996576 -11.2628 -0.0139599 0.999815 0.0132319 0.185933 0.996551 0.0149945 -0.0816146 4.86534
-0.0867451 0.0129996 -0.996146 -11.861 -0.0141885 0.999798 0.0142828 0.189349 0.99613 0.0153728 -0.0865431 4.80824
-0.0884578 0.0141994 -0.995979 -12.4553 -0.0116159 0.999816 0.0152858 0.189261 0.996012 0.0129213 -0.0882765 4.75881
-0.0867667 0.0154345 -0.996109 -13.0964 -0.0100832 0.999815 0.0163702 0.207314 0.996178 0.0114644 -0.086595 4.69311
-0.0857762 0.0177952 -0.996156 -13.7477 -0.0105296 0.999769 0.0187664 0.210808 0.996259 0.0120988 -0.0855689 4.63822
-0.0840388 0.0176059 -0.996307 -14.4106 -0.0127918 0.999743 0.0187456 0.21538 0.99638 0.0143199 -0.0837919 4.57279
-0.0829323 0.0145997 -0.996448 -15.098 -0.0141147 0.999775 0.0158232 0.225212 0.996455 0.0153768 -0.0827075 4.51173
-0.081442 0.014581 -0.996571 -15.7763 -0.0141813 0.999775 0.0157868 0.230666 0.996577 0.0154184 -0.0812169 4.45347
-0.079881 0.0169447 -0.99666 -16.4855 -0.0138176 0.999741 0.0181045 0.241021 0.996708 0.0152177 -0.0796261 4.39566
-0.0781569 0.0194986 -0.99675 -17.2064 -0.0147311 0.999677 0.020711 0.257187 0.996832 0.016302 -0.0778444 4.33485
-0.0763072 0.0207183 -0.996869 -17.9378 -0.015152 0.999645 0.0219358 0.270721 0.996969 0.0167785 -0.0759661 4.27369
-0.0755989 0.021442 -0.996908 -18.704 -0.0177882 0.999581 0.0228484 0.25807 0.996979 0.0194605 -0.0751857 4.22167
-0.0745355 0.0184102 -0.997049 -19.4628 -0.0201746 0.999597 0.0199655 0.266818 0.997014 0.0216032 -0.074134 4.16723
-0.0739242 0.016613 -0.997126 -20.2472 -0.0208439 0.999617 0.0181998 0.293979 0.997046 0.0221294 -0.0735495 4.11528
-0.0705871 0.018723 -0.99733 -21.0289 -0.0189107 0.999619 0.0201044 0.303156 0.997326 0.0202794 -0.0702061 4.03332
-0.0704265 0.0209009 -0.997298 -21.8284 -0.016074 0.999627 0.0220848 0.304533 0.997387 0.0175859 -0.0700642 3.98636
-0.0695481 0.0223856 -0.997328 -22.6464 -0.0145048 0.99962 0.0234485 0.315737 0.997473 0.0160968 -0.0691969 3.93162
-0.0690479 0.0171586 -0.997466 -23.4564 -0.0140286 0.999737 0.0181688 0.324976 0.997514 0.0152476 -0.0687889 3.87185
-0.0685445 0.0100313 -0.997598 -24.2675 -0.0126294 0.999861 0.0109218 0.32878 0.997568 0.0133477 -0.0684082 3.8115
-0.0698852 0.00440723 -0.997545 -25.0882 -0.00955309 0.999942 0.00508707 0.342706 0.997509 0.00988516 -0.0698389 3.77249
-0.0692811 0.00460249 -0.997587 -25.9173 -0.00844506 0.999951 0.0051999 0.34993 0.997561 0.00878494 -0.0692387 3.69792
-0.0694398 0.0122786 -0.997511 -26.7668 -0.00899801 0.999876 0.0129341 0.340309 0.997545 0.00987376 -0.0693206 3.6347
-0.0697109 0.0193735 -0.997379 -27.6134 -0.0101831 0.999746 0.0201312 0.342481 0.997515 0.0115597 -0.0694958 3.57143
-0.0708603 0.0255179 -0.99716 -28.4412 -0.0112637 0.999589 0.0263805 0.335095 0.997422 0.013101 -0.0705437 3.52235
-0.071 0.0250418 -0.997162 -29.2994 -0.0133498 0.999572 0.0260528 0.346882 0.997387 0.0151617 -0.0706352 3.44733
-0.0710083 0.0217095 -0.99724 -30.154 -0.013059 0.999657 0.022692 0.352711 0.99739 0.0146343 -0.0707004 3.37337
-0.0721945 0.0189055 -0.997212 -30.993 -0.013344 0.999713 0.019919 0.359582 0.997301 0.0147448 -0.0719214 3.32011
-0.073361 0.0195345 -0.997114 -31.8405 -0.0137659 0.999693 0.0205978 0.37149 0.99721 0.0152372 -0.0730695 3.26535
-0.073117 0.0219554 -0.997082 -32.6765 -0.0148433 0.999623 0.0230998 0.369568 0.997213 0.016489 -0.0727634 3.1989
-0.0730142 0.0205558 -0.997119 -33.5181 -0.0161161 0.999633 0.0217877 0.366319 0.9972 0.0176605 -0.072656 3.13385
-0.0727654 0.0156631 -0.997226 -34.3546 -0.0167832 0.999716 0.0169269 0.366319 0.997208 0.0179683 -0.0724818 3.06684
-0.0722362 0.0115099 -0.997321 -35.1943 -0.0181864 0.999752 0.0128552 0.366262 0.997221 0.0190663 -0.0720088 2.98841
-0.0715757 0.0121962 -0.997361 -36.0152 -0.0178744 0.999749 0.0135082 0.37123 0.997275 0.0187941 -0.0713397 2.92543
-0.0722649 0.0133678 -0.997296 -36.842 -0.0156873 0.999771 0.0145377 0.389818 0.997262 0.0166955 -0.0720385 2.88039
-0.0707132 0.0178991 -0.997336 -37.6687 -0.0152178 0.999703 0.0190205 0.394478 0.99738 0.0165223 -0.0704197 2.79468
-0.0697557 0.0233899 -0.99729 -38.5374 -0.0141145 0.999602 0.0244313 0.40114 0.997464 0.0157804 -0.0693977 2.7183
-0.0702033 0.0273047 -0.997159 -39.3708 -0.0149711 0.999484 0.0284224 0.38979 0.99742 0.0169239 -0.0697582 2.65797
-0.0697662 0.0272959 -0.99719 -40.2235 -0.0148283 0.999487 0.0283962 0.395625 0.997453 0.0167677 -0.0693256 2.58322
-0.0715709 0.0238685 -0.99715 -41.0222 -0.0153074 0.99957 0.0250251 0.385155 0.997318 0.0170548 -0.0711746 2.56383
-0.0708177 0.0192723 -0.997303 -41.8819 -0.0162835 0.999658 0.020474 0.397365 0.997356 0.0176895 -0.0704795 2.47875
-0.0730583 0.016432 -0.997192 -42.6896 -0.0200263 0.999639 0.0179395 0.396854 0.997126 0.0212807 -0.0727027 2.45704
-0.0750917 0.0146387 -0.997069 -43.5401 -0.0227682 0.999607 0.0163907 0.400483 0.996916 0.0239322 -0.0747287 2.40083
-0.0764808 0.0128446 -0.996988 -44.3687 -0.0207285 0.999681 0.0144694 0.392522 0.996855 0.0217727 -0.0761899 2.34855
-0.0782477 0.00816759 -0.996901 -45.209 -0.0170443 0.99981 0.00952924 0.405751 0.996788 0.0177371 -0.0780935 2.28535
-0.0796378 0.0067108 -0.996801 -46.0508 -0.0127497 0.999889 0.00775019 0.400508 0.996742 0.0133261 -0.0795433 2.22133
-0.0824179 0.0093219 -0.996554 -46.8891 -0.0120478 0.999874 0.0103493 0.406559 0.996525 0.0128593 -0.0822951 2.15923
-0.0849003 0.0140643 -0.99629 -47.7057 -0.0093697 0.999845 0.0149129 0.414932 0.996345 0.0106011 -0.0847552 2.10062
-0.0889048 0.0178651 -0.99588 -48.5303 -0.00759196 0.999798 0.0186132 0.408501 0.996011 0.00921548 -0.088751 2.05405
-0.0902511 0.0164141 -0.995784 -49.3558 -0.00808112 0.99982 0.017213 0.408699 0.995886 0.00960055 -0.0901021 1.9705
-0.0906678 0.0127899 -0.995799 -50.1576 -0.0119715 0.999832 0.0139317 0.396066 0.995809 0.0131844 -0.0904993 1.87662
-0.0920769 0.00876329 -0.995713 -50.9634 -0.0165601 0.99981 0.0103307 0.396399 0.995614 0.0174404 -0.0919141 1.78903
-0.0953783 0.00642604 -0.99542 -51.7725 -0.0203489 0.999758 0.0084038 0.400493 0.995233 0.0210573 -0.0952243 1.71969
-0.0966043 0.00705969 -0.995298 -52.583 -0.0218153 0.99972 0.00920844 0.396686 0.995084 0.0226023 -0.0964231 1.62952
-0.097912 0.00824235 -0.995161 -53.3795 -0.0212336 0.999721 0.0103692 0.392992 0.994968 0.0221462 -0.0977095 1.55045
-0.0988675 0.00709286 -0.995075 -54.17 -0.0218962 0.999717 0.00930147 0.394266 0.994859 0.0227079 -0.0986841 1.46077
-0.0987346 0.00642638 -0.995093 -54.9541 -0.0232616 0.999691 0.00876411 0.390963 0.994842 0.0240128 -0.0985545 1.37112
-0.0998202 0.0089561 -0.994965 -55.7293 -0.0218052 0.9997 0.0111863 0.374734 0.994766 0.022812 -0.0995948 1.30219
-0.0994788 0.0121989 -0.994965 -56.5051 -0.0211963 0.999672 0.0143758 0.367244 0.994814 0.0225197 -0.0991875 1.2142
-0.100604 0.0160369 -0.994797 -57.2845 -0.0209025 0.999616 0.0182285 0.367603 0.994707 0.0226276 -0.10023 1.13925
-0.101816 0.0181271 -0.994638 -58.0583 -0.0207583 0.999578 0.020342 0.36381 0.994586 0.0227182 -0.101397 1.05942
-0.102632 0.0174226 -0.994567 -58.8019 -0.0198154 0.999613 0.0195558 0.36905 0.994522 0.0217148 -0.102247 0.979326
-0.103039 0.0146634 -0.994569 -59.5477 -0.0189624 0.999681 0.0167033 0.375634 0.994496 0.0205805 -0.102728 0.900633
-0.10315 0.0107797 -0.994607 -60.2849 -0.0181525 0.999755 0.0127181 0.377024 0.9945 0.0193665 -0.102929 0.815988
-0.103123 0.00789065 -0.994637 -61.0159 -0.0181783 0.999787 0.0098162 0.371227 0.994502 0.0190931 -0.102958 0.734802
-0.101544 0.00518451 -0.994817 -61.7421 -0.0185689 0.999802 0.00710587 0.368503 0.994657 0.0191942 -0.101428 0.647479
-0.0995262 0.00344591 -0.995029 -62.44 -0.0207151 0.99977 0.00553432 0.371532 0.994819 0.021163 -0.0994318 0.571789
-0.0952802 0.00446867 -0.99544 -63.1449 -0.0208725 0.999761 0.0064859 0.358566 0.995231 0.0213953 -0.095164 0.489982
-0.0894407 0.0063687 -0.995972 -63.8186 -0.0195403 0.999776 0.00814778 0.348014 0.9958 0.0201904 -0.0892961 0.430528
-0.0823463 0.00744476 -0.996576 -64.4817 -0.0179737 0.999798 0.00895397 0.342511 0.996441 0.0186495 -0.0821957 0.373282
-0.0736462 0.00859641 -0.997247 -65.1151 -0.018695 0.999775 0.00999881 0.336421 0.997109 0.0193799 -0.0734689 0.31828
-0.0626818 0.00898116 -0.997993 -65.7486 -0.0194409 0.999759 0.0102181 0.343965 0.997844 0.0200424 -0.062492 0.281819
-0.0485116 0.0104505 -0.998768 -66.3681 -0.0215172 0.999702 0.0115054 0.339371 0.99859 0.0220488 -0.0482722 0.253552
-0.0305681 0.0118371 -0.999462 -66.9542 -0.0225474 0.999667 0.0125292 0.329598 0.999278 0.0229183 -0.0302909 0.247467
-0.00851516 0.0122148 -0.999889 -67.5243 -0.0228198 0.999663 0.0124063 0.328311 0.999703 0.0229229 -0.00823346 0.247017
0.0170026 0.0131061 -0.999769 -68.0639 -0.0214111 0.99969 0.0127409 0.312091 0.999626 0.0211895 0.017278 0.266124
0.0456449 0.0122127 -0.998883 -68.6059 -0.019057 0.999754 0.0113525 0.314959 0.998776 0.0185175 0.0458665 0.316136
0.0794034 0.0122202 -0.996767 -69.1148 -0.0171292 0.999794 0.0108927 0.308933 0.996695 0.0162089 0.0795965 0.383536
0.115498 0.0123036 -0.993231 -69.5793 -0.015575 0.999823 0.0105741 0.304489 0.993186 0.0142483 0.115669 0.496963
0.154139 0.0117754 -0.987979 -70.0795 -0.0143101 0.999851 0.00968426 0.299137 0.987945 0.0126454 0.154285 0.644556
0.199797 0.0122167 -0.979761 -70.5555 -0.0123484 0.999874 0.00994932 0.302858 0.979759 0.0101106 0.199923 0.762011
0.247103 0.0100933 -0.968936 -70.9859 -0.00775058 0.999934 0.00843963 0.302338 0.968958 0.00542436 0.247165 0.92743
0.29625 0.00577199 -0.955093 -71.403 0.0020714 0.999976 0.00668572 0.283585 0.955108 -0.00395902 0.29623 1.11604
0.347735 0.000772608 -0.937592 -71.8263 0.00914959 0.999949 0.00421739 0.27078 0.937548 -0.0100451 0.347711 1.3098
0.398514 -0.00405458 -0.917153 -72.2255 0.0160593 0.999868 0.00255769 0.264758 0.917021 -0.0157481 0.398527 1.55247
0.448884 -0.00493975 -0.893576 -72.6252 0.0175939 0.99984 0.00331103 0.267397 0.893417 -0.0172078 0.448899 1.80961
0.496342 -0.0057974 -0.868107 -73.0066 0.0205292 0.999777 0.00506085 0.260584 0.867884 -0.0203334 0.49635 2.08696
0.541753 -0.00943044 -0.840484 -73.3537 0.0291153 0.999548 0.00755173 0.24961 0.840033 -0.0285621 0.541783 2.36201
0.584602 -0.0158264 -0.811166 -73.6559 0.0412053 0.999099 0.0102032 0.23747 0.810273 -0.0393891 0.584727 2.67647
0.627696 -0.020374 -0.778191 -73.9817 0.0438495 0.998996 0.0092145 0.226003 0.777222 -0.0399072 0.62796 2.98873
0.6703 -0.0244088 -0.741689 -74.3032 0.0413016 0.999137 0.00444485 0.21421 0.74094 -0.0336123 0.670729 3.30022
0.710547 -0.0320567 -0.702919 -74.5841 0.039279 0.999211 -0.00586398 0.218204 0.702552 -0.0234433 0.711246 3.65043
0.750469 -0.0330069 -0.66008 -74.8661 0.0341552 0.999355 -0.0111398 0.200384 0.660022 -0.0141851 0.751112 4.02426
0.788034 -0.0345976 -0.614659 -75.1252 0.0335553 0.99935 -0.0132307 0.204862 0.614717 -0.0101988 0.788682 4.42274
0.823204 -0.0372505 -0.566522 -75.3698 0.0353845 0.999272 -0.0142884 0.212159 0.566641 -0.00828377 0.823923 4.83777
0.854715 -0.0364806 -0.517814 -75.6286 0.0332398 0.999327 -0.0155375 0.212261 0.518033 -0.00393189 0.855352 5.3074
0.881046 -0.0357941 -0.471673 -75.8274 0.033406 0.999352 -0.0134386 0.208567 0.471849 -0.00391666 0.881671 5.78557
0.903016 -0.031518 -0.428448 -76.0363 0.0290292 0.999503 -0.0123433 0.216332 0.428624 -0.00129137 0.903482 6.29632
0.921298 -0.0272722 -0.387899 -76.2324 0.0240014 0.999624 -0.0132756 0.214658 0.388115 0.00292064 0.921606 6.82839
0.93543 -0.022837 -0.352774 -76.4154 0.0202813 0.999735 -0.0109398 0.209802 0.35293 0.00307868 0.935644 7.37532
0.946341 -0.0218963 -0.322425 -76.6036 0.0204296 0.99976 -0.00793267 0.193194 0.322522 0.00092 0.946562 7.96127
0.953749 -0.0230839 -0.299716 -76.7506 0.0222099 0.999734 -0.00632301 0.195467 0.299782 -0.000626107 0.954007 8.55919
0.960158 -0.0223857 -0.27856 -76.9184 0.0223965 0.999744 -0.0031442 0.17666 0.27856 -0.00321985 0.960414 9.13428
0.964837 -0.0200116 -0.262086 -77.0607 0.0209244 0.999781 0.000691862 0.160666 0.262015 -0.00615151 0.965044 9.75961
0.968974 -0.0149598 -0.246708 -77.229 0.016105 0.999867 0.00262433 0.155756 0.246636 -0.00651614 0.969086 10.4019
0.971957 -0.0118408 -0.23486 -77.381 0.0132259 0.999903 0.00432312 0.149705 0.234787 -0.00730811 0.972019 11.0671
0.974951 -0.0124709 -0.222071 -77.5151 0.0138702 0.999893 0.00474235 0.13784 0.221988 -0.00770372 0.975019 11.7166
0.977721 -0.0121864 -0.209553 -77.6363 0.0134867 0.999898 0.00477697 0.133557 0.209474 -0.00749672 0.977786 12.3849
0.980348 -0.0121394 -0.1969 -77.7564 0.0135706 0.999891 0.00592076 0.131035 0.196807 -0.00847645 0.980406 13.0991
0.982929 -0.00984677 -0.183722 -77.871 0.0112984 0.999913 0.00685607 0.125705 0.183639 -0.0088148 0.982954 13.8063
0.985059 -0.00973757 -0.171938 -77.981 0.0107038 0.999932 0.00469317 0.115004 0.171881 -0.00646344 0.985097 14.5328
0.986944 -0.00953788 -0.160783 -78.1117 0.00968617 0.999953 0.000138338 0.105835 0.160774 -0.0016939 0.98699 15.286
0.988407 -0.0115903 -0.151385 -78.2112 0.0107894 0.999923 -0.00611096 0.100642 0.151444 0.00440677 0.988456 16.0161
0.989578 -0.011508 -0.143535 -78.3105 0.010732 0.999923 -0.00617989 0.0937624 0.143595 0.00457507 0.989626 16.7626
0.990551 -0.00908529 -0.13684 -78.4222 0.00907299 0.999959 -0.000713869 0.0927593 0.136841 -0.000534417 0.990593 17.5413
0.991272 -0.00419297 -0.131763 -78.5315 0.00521039 0.999959 0.00737748 0.0820374 0.131727 -0.00799963 0.991254 18.3078
0.991726 -0.00354782 -0.128324 -78.6322 0.0050675 0.999921 0.0115177 0.0694265 0.128273 -0.0120727 0.991665 19.104
0.992169 -0.00582972 -0.124767 -78.7265 0.00710951 0.999927 0.0098143 0.074509 0.124701 -0.0106245 0.992138 19.8539
0.992498 -0.00619869 -0.122102 -78.8182 0.00730862 0.999936 0.00864415 0.0715725 0.122041 -0.00947169 0.99248 20.6274
0.992869 -0.00693432 -0.119006 -78.9106 0.00827716 0.999908 0.010793 0.0666873 0.11892 -0.0117011 0.992835 21.3877
0.993155 -0.00808325 -0.116521 -78.9977 0.00977497 0.999855 0.0139541 0.0509346 0.116392 -0.0149976 0.99309 22.1493
0.993444 -0.0103223 -0.113847 -79.077 0.0122073 0.9998 0.0158727 0.0422181 0.11366 -0.0171584 0.993372 22.9108
0.99365 -0.0110253 -0.111971 -79.152 0.0125178 0.999842 0.0126352 0.0336846 0.111814 -0.0139566 0.993631 23.6808
0.994018 -0.00840492 -0.108887 -79.2611 0.00898916 0.999948 0.00487547 0.0332023 0.10884 -0.00582511 0.994042 24.446
0.99423 -0.00854331 -0.106927 -79.3493 0.00823814 0.999961 -0.00329568 0.0336966 0.106951 0.00239579 0.994262 25.2085
0.994282 -0.00773517 -0.106506 -79.4299 0.0069392 0.999945 -0.00784232 0.0259439 0.106561 0.00705841 0.994281 25.9906
0.994419 -0.00629769 -0.105313 -79.5022 0.00565221 0.999964 -0.00642681 0.0126361 0.105349 0.00579569 0.994419 26.7473
0.994508 -0.00350151 -0.1046 -79.5727 0.00325526 0.999992 -0.00252517 -0.00215186 0.104608 0.0021708 0.994511 27.5083
0.994603 -0.000523449 -0.103746 -79.6493 0.000775566 0.999997 0.00238952 -0.0152025 0.103745 -0.00245708 0.994601 28.2845
0.994713 -0.00336098 -0.102639 -79.7159 0.00374755 0.999987 0.00357334 -0.020508 0.102626 -0.00393909 0.994712 29.0527
0.994605 -0.00652355 -0.10353 -79.7707 0.00689995 0.999971 0.00327759 -0.0334105 0.103506 -0.00397426 0.994621 29.79
0.994528 -0.00875121 -0.104098 -79.8378 0.00915354 0.999952 0.00338747 -0.0456956 0.104064 -0.0043218 0.994561 30.5595
0.994555 -0.00844967 -0.103866 -79.9133 0.00865552 0.999961 0.00153101 -0.0537359 0.103849 -0.00242169 0.99459 31.3355
0.994541 -0.0100638 -0.103856 -79.9909 0.0101181 0.999949 -4.3901e-06 -0.0586591 0.103851 -0.00104646 0.994592 32.09
0.994641 -0.0108383 -0.102818 -80.0788 0.0109112 0.999941 0.000145691 -0.0681522 0.102811 -0.00126678 0.9947 32.861
0.994757 -0.00861157 -0.101897 -80.1709 0.00871313 0.999962 0.000551324 -0.07353 0.101889 -0.00143627 0.994795 33.6372
0.994715 -0.0090683 -0.10227 -80.2552 0.00910751 0.999959 -8.38514e-05 -0.0895015 0.102267 -0.000848012 0.994757 34.4177
0.994531 -0.00943055 -0.104008 -80.3431 0.00955101 0.999954 0.000659959 -0.116905 0.103997 -0.00164972 0.994576 35.191
0.994374 -0.0107705 -0.10537 -80.4366 0.0109239 0.99994 0.000878984 -0.125689 0.105354 -0.00202509 0.994433 35.9687
0.993999 -0.00992441 -0.108935 -80.5308 0.0100376 0.999949 0.000490891 -0.132548 0.108925 -0.0015814 0.994049 36.7727
0.993729 -0.00558524 -0.111676 -80.6332 0.00563479 0.999984 0.000127803 -0.148142 0.111673 -0.000756265 0.993745 37.5608
0.993446 -0.00433634 -0.114217 -80.7339 0.00372408 0.999977 -0.00557359 -0.153219 0.114238 0.00511172 0.99344 38.3541
0.993247 -0.00398959 -0.115948 -80.8437 0.0029719 0.999955 -0.00894885 -0.168323 0.115979 0.00854384 0.993215 39.1561
0.992797 -0.00528197 -0.119688 -80.9211 0.00401786 0.999934 -0.0108009 -0.182094 0.119737 0.0102422 0.992753 39.9883
0.992529 -0.00545187 -0.121887 -81.0368 0.00444725 0.999954 -0.00851307 -0.212066 0.121927 0.00790742 0.992508 40.8377
0.99204 -0.00665117 -0.125744 -81.1244 0.00571329 0.999953 -0.00781801 -0.234548 0.12579 0.00703737 0.992032 41.6882
0.991876 -0.00676961 -0.127025 -81.2408 0.00595947 0.999959 -0.00675695 -0.246233 0.127066 0.00594507 0.991877 42.5287
0.991887 -0.00595401 -0.126978 -81.3703 0.00566759 0.99998 -0.0026171 -0.271261 0.126992 0.00187621 0.991902 43.3661
0.991642 -0.00619239 -0.128871 -81.4716 0.00649501 0.999977 0.00192786 -0.281047 0.128856 -0.00274876 0.99166 44.2048
0.991459 -0.00612354 -0.130275 -81.5596 0.00668936 0.99997 0.00390585 -0.292008 0.130247 -0.00474394 0.99147 45.0639
0.991763 -0.00332186 -0.128037 -81.6829 0.0037316 0.999989 0.00296018 -0.289966 0.128026 -0.00341358 0.991765 45.9361
0.992053 -0.00363235 -0.125767 -81.8046 0.00385831 0.999991 0.00155288 -0.295624 0.12576 -0.00202579 0.992059 46.7891
0.992172 -0.00610905 -0.12473 -81.9058 0.0060491 0.999981 -0.000859586 -0.30638 0.124733 9.83604e-05 0.99219 47.6693
0.992319 -0.0102128 -0.123283 -82.0142 0.0100056 0.999947 -0.00229972 -0.319406 0.1233 0.00104853 0.992369 48.5435
0.992434 -0.0117607 -0.122213 -82.1155 0.0115728 0.99993 -0.00224717 -0.334562 0.122231 0.000815827 0.992501 49.4241
0.992612 -0.0134588 -0.120577 -82.234 0.0135032 0.999909 -0.000448617 -0.34036 0.120572 -0.00118287 0.992704 50.3007
0.992731 -0.0153891 -0.119361 -82.3476 0.0157584 0.999873 0.00215043 -0.359108 0.119313 -0.00401574 0.992849 51.1715
0.99286 -0.0161921 -0.118179 -82.4595 0.0165833 0.99986 0.00232723 -0.372281 0.118125 -0.00427042 0.99299 52.0496
0.992988 -0.015532 -0.117183 -82.5737 0.015572 0.999878 -0.000574551 -0.388941 0.117178 -0.00125425 0.99311 52.9319
0.993227 -0.0134468 -0.115402 -82.7012 0.0128386 0.999899 -0.00601303 -0.412021 0.115472 0.00449071 0.993301 53.7927
0.993568 -0.0112144 -0.112674 -82.8372 0.00999539 0.999885 -0.0113785 -0.427416 0.112789 0.0101791 0.993567 54.627
0.993609 -0.00683876 -0.112664 -82.9315 0.00486584 0.99983 -0.0177775 -0.446923 0.112767 0.0171157 0.993474 55.5049
0.993796 -0.00647966 -0.111023 -83.0416 0.00442758 0.999815 -0.0187203 -0.475804 0.111124 0.0181126 0.993641 56.3561
0.993986 -0.0090684 -0.109127 -83.1632 0.00768781 0.999885 -0.0130657 -0.500269 0.109233 0.0121481 0.993942 57.2246
0.993939 -0.00900431 -0.109557 -83.2668 0.00865795 0.999956 -0.00363708 -0.526279 0.109585 0.00266651 0.993974 58.1054
0.993635 -0.00984774 -0.112208 -83.347 0.0104614 0.999933 0.00488121 -0.560118 0.112153 -0.00602399 0.993673 58.946
0.993209 -0.0121399 -0.115706 -83.4283 0.0125035 0.999919 0.00241617 -0.57136 0.115668 -0.00384648 0.993281 59.7875
0.992925 -0.0174721 -0.117449 -83.5284 0.0173759 0.999847 -0.0018439 -0.579881 0.117463 -0.000209914 0.993077 60.6215
0.99225 -0.0188684 -0.122815 -83.5976 0.0185943 0.999821 -0.0033776 -0.598542 0.122857 0.00106777 0.992424 61.4552
0.992031 -0.0167841 -0.124865 -83.7195 0.0161217 0.99985 -0.00631397 -0.615843 0.124952 0.00425064 0.992154 62.2898
0.991555 -0.0157108 -0.128728 -83.8292 0.0145327 0.999843 -0.0100868 -0.636727 0.128866 0.00813086 0.991629 63.1304
0.990981 -0.0151066 -0.133145 -83.9422 0.0134211 0.999818 -0.0135476 -0.659575 0.133326 0.0116384 0.991004 63.9454
0.990657 -0.0137228 -0.135682 -84.0683 0.0113269 0.999766 -0.0184144 -0.679011 0.135903 0.0167055 0.990581 64.7583
0.990172 -0.00880613 -0.139574 -84.1897 0.00635559 0.999818 -0.0179936 -0.712898 0.139707 0.0169297 0.990048 65.5603
0.98972 -0.00560541 -0.142909 -84.3265 0.0031633 0.999845 -0.0173103 -0.729057 0.142984 0.0166802 0.989584 66.3679
0.989046 -0.00243655 -0.147588 -84.454 0.000711057 0.999931 -0.0117431 -0.755011 0.147607 0.0115095 0.988979 67.1816
0.988414 -0.00106947 -0.151773 -84.5893 0.000175934 0.999982 -0.00590083 -0.783853 0.151777 0.00580577 0.988398 67.9698
0.987536 -0.00192771 -0.157382 -84.7171 0.00157654 0.999996 -0.0023563 -0.807765 0.157385 0.00207883 0.987535 68.7858
0.986555 -0.00193964 -0.163414 -84.8619 0.00149847 0.999995 -0.0028231 -0.812533 0.163418 0.00254029 0.986554 69.5777
0.98566 -0.00253996 -0.168719 -85.0088 0.00225113 0.999996 -0.00190334 -0.806704 0.168723 0.00149625 0.985662 70.3577
0.984501 -0.00193779 -0.175365 -85.1525 0.00140167 0.999994 -0.00318116 -0.817779 0.17537 0.00288606 0.984498 71.1478
0.983335 0.00318434 -0.181773 -85.3072 -0.0040727 0.999981 -0.00451434 -0.837791 0.181755 0.00517943 0.98333 71.9215
0.982352 0.00456406 -0.186986 -85.472 -0.00679401 0.999913 -0.0112868 -0.82851 0.186918 0.012358 0.982298 72.685
0.981318 0.00343857 -0.192361 -85.6328 -0.00613395 0.999891 -0.0134185 -0.855176 0.192294 0.0143477 0.981232 73.4294
0.980337 0.00436684 -0.19728 -85.8044 -0.00764079 0.999845 -0.0158374 -0.86835 0.197181 0.0170334 0.980219 74.1943
0.979355 0.00678573 -0.202031 -85.9772 -0.00920964 0.999896 -0.0110602 -0.886853 0.201935 0.0126926 0.979317 74.9637
0.978263 0.00747293 -0.20723 -86.1602 -0.0091538 0.999932 -0.00715354 -0.903675 0.207163 0.00889501 0.978266 75.7196
0.977122 0.00735047 -0.212548 -86.3426 -0.00879242 0.999944 -0.00583976 -0.924186 0.212494 0.00757499 0.977133 76.4547
0.975689 0.0052928 -0.219094 -86.5262 -0.00749128 0.999929 -0.00920499 -0.953603 0.21903 0.0106225 0.97566 77.2075
0.973913 0.0042219 -0.22688 -86.7138 -0.00806683 0.999839 -0.0160225 -0.981077 0.226776 0.0174348 0.973791 77.9475
0.97182 0.00198538 -0.235712 -86.9035 -0.00643834 0.999815 -0.0181235 -1.00111 0.235632 0.0191304 0.971654 78.683
0.969842 0.00170493 -0.243726 -87.1373 -0.00591022 0.999846 -0.016524 -1.0138 0.243661 0.0174662 0.969703 79.3953
0.96732 0.00204232 -0.253549 -87.3623 -0.00458756 0.999945 -0.00944768 -1.0496 0.253516 0.0103021 0.967276 80.1153
0.964506 0.00376323 -0.264033 -87.5929 -0.00460751 0.999986 -0.00257852 -1.05987 0.26402 0.00370355 0.96451 80.834
0.961432 0.0047557 -0.275001 -87.8174 -0.00444437 0.999989 0.0017551 -1.09746 0.275006 -0.000465186 0.961442 81.5668
0.957924 0.00726815 -0.286929 -88.0396 -0.00855862 0.999958 -0.00324364 -1.11634 0.286894 0.00556289 0.957946 82.29
0.954153 0.00653934 -0.299246 -88.2691 -0.0107647 0.999864 -0.0124739 -1.13689 0.299124 0.0151234 0.954094 83.0059
0.950491 0.00358753 -0.310731 -88.518 -0.0098393 0.999779 -0.0185545 -1.14324 0.310596 0.0206933 0.950317 83.7029
0.946278 0.00284436 -0.323339 -88.7611 -0.0080104 0.999861 -0.0146476 -1.15066 0.323253 0.0164508 0.94617 84.4084
0.942859 0.00441815 -0.33316 -89.0443 -0.0072507 0.999947 -0.00725927 -1.17545 0.333111 0.00926014 0.942842 85.1066
0.938483 0.00483374 -0.345291 -89.3115 -0.00583187 0.999981 -0.00185202 -1.20128 0.345275 0.00375179 0.938494 85.8098
0.934624 0.00283122 -0.355626 -89.6198 -0.00427832 0.999985 -0.00328284 -1.22886 0.355612 0.00458972 0.934622 86.5144
0.930914 0.000652783 -0.365238 -89.9245 -0.00353615 0.999968 -0.00722574 -1.25384 0.365222 0.00801809 0.930886 87.1978
0.927796 -0.00356081 -0.373069 -90.2276 -0.00181734 0.999899 -0.0140634 -1.27765 0.373082 0.0137259 0.927697 87.8841
0.925106 -0.0081704 -0.379619 -90.5362 0.000660696 0.999802 -0.0199083 -1.30253 0.379707 0.0181665 0.924928 88.5888
0.922655 -0.00830019 -0.385536 -90.8525 -0.000446795 0.999745 -0.0225928 -1.32283 0.385625 0.0210176 0.922416 89.2594
0.920196 -0.00287927 -0.391447 -91.1895 -0.00676604 0.999707 -0.0232587 -1.34771 0.391399 0.0240511 0.919906 89.9454
0.916758 -0.00197212 -0.399437 -91.4982 -0.00709211 0.99975 -0.0212133 -1.37835 0.399379 0.0222804 0.916515 90.6282
0.91294 -0.00157774 -0.408089 -91.809 -0.00511709 0.99987 -0.0153132 -1.39209 0.408061 0.0160683 0.912813 91.3326
0.910108 0.00187366 -0.414366 -92.1375 -0.00515388 0.999964 -0.00679837 -1.42337 0.414339 0.00832286 0.910085 92.0229
0.907883 0.0136752 -0.418999 -92.4934 -0.014267 0.999897 0.00172071 -1.47054 0.418979 0.00441566 0.907985 92.7097
0.905048 0.0221681 -0.424729 -92.8322 -0.0246733 0.999695 -0.000398354 -1.50072 0.424591 0.01084 0.90532 93.3825
0.902692 0.0184072 -0.429893 -93.1805 -0.0241921 0.999675 -0.00799449 -1.5183 0.429607 0.0176166 0.902844 94.0764
0.900231 0.0109324 -0.435275 -93.5027 -0.0195227 0.999693 -0.0152683 -1.54029 0.434974 0.0222427 0.900168 94.7629
0.898504 0.0124737 -0.438788 -93.8575 -0.0211967 0.999663 -0.0149862 -1.5702 0.438453 0.022766 0.898466 95.461
0.89597 0.0183709 -0.443734 -94.2217 -0.0255024 0.999624 -0.0101084 -1.59118 0.443382 0.0203731 0.896101 96.1757
0.892657 0.0207672 -0.450257 -94.5492 -0.0261605 0.999641 -0.005758 -1.6133 0.449976 0.0169189 0.89288 96.8558
0.889994 0.0173659 -0.45564 -94.9067 -0.0232856 0.999702 -0.00738149 -1.64424 0.455376 0.0171793 0.890133 97.5512
0.886534 0.0144923 -0.462436 -95.2541 -0.0237012 0.999619 -0.0141104 -1.65893 0.462056 0.0234697 0.88654 98.2573
0.884894 0.01196 -0.465638 -95.641 -0.0242445 0.999498 -0.0204016 -1.68023 0.46516 0.0293424 0.88474 98.9157
0.882383 0.0126168 -0.470362 -96.0127 -0.0261299 0.999412 -0.0222109 -1.7006 0.469805 0.0318891 0.882194 99.592
0.879479 0.0153727 -0.475688 -96.3728 -0.0271893 0.999469 -0.0179695 -1.73226 0.47516 0.0287374 0.87943 100.287
0.878048 0.017428 -0.478255 -96.7713 -0.0285039 0.999467 -0.0159102 -1.7586 0.477723 0.027602 0.878077 100.944
0.875349 0.0180352 -0.483154 -97.1414 -0.0292014 0.999452 -0.0155977 -1.77989 0.482608 0.0277622 0.875397 101.613
0.873275 0.0160522 -0.486962 -97.5157 -0.0279167 0.999464 -0.0171171 -1.80083 0.486426 0.0285423 0.873255 102.265
0.870702 0.0136567 -0.491619 -97.8982 -0.0256054 0.999518 -0.0175839 -1.82942 0.491142 0.0278984 0.870633 102.939
0.86846 0.0133163 -0.49558 -98.2885 -0.0250419 0.999542 -0.0170261 -1.85875 0.495126 0.0271968 0.868396 103.598
0.866655 0.0146066 -0.498693 -98.7048 -0.0264973 0.999508 -0.0167731 -1.88544 0.498203 0.0277505 0.866616 104.265
0.864241 0.0149904 -0.502854 -99.0866 -0.0275553 0.999466 -0.0175639 -1.9064 0.502322 0.0290357 0.864193 104.909
0.861403 0.0113534 -0.507794 -99.4793 -0.0261455 0.999416 -0.0220072 -1.92869 0.507247 0.0322336 0.861198 105.578
0.8593 0.00840049 -0.511401 -99.8689 -0.0258623 0.9993 -0.0270413 -1.96004 0.510816 0.0364626 0.858917 106.207
0.856218 0.00591461 -0.516579 -100.242 -0.0249695 0.99924 -0.0299455 -1.98576 0.51601 0.0385387 0.855715 106.86
0.854294 0.00805712 -0.519725 -100.634 -0.0253726 0.999335 -0.0262137 -2.01395 0.519168 0.035581 0.853931 107.479
0.852536 0.0122895 -0.522522 -101.03 -0.0253075 0.999522 -0.0177829 -2.0457 0.522053 0.0283843 0.85244 108.111
0.850818 0.0140444 -0.525271 -101.424 -0.0215826 0.999733 -0.00822851 -2.07709 0.525016 0.0183377 0.850895 108.749
0.849896 0.0141512 -0.526759 -101.824 -0.0188247 0.999817 -0.00351296 -2.09852 0.526613 0.0129017 0.850007 109.337
0.8474 0.0112176 -0.530834 -102.184 -0.0155555 0.999872 -0.0037029 -2.13134 0.530725 0.0113953 0.847467 109.962
0.846047 0.00975051 -0.533019 -102.568 -0.0163095 0.999838 -0.00759773 -2.14781 0.532858 0.0151213 0.846069 110.541
0.844164 0.00780983 -0.536027 -102.925 -0.0158798 0.999819 -0.0104412 -2.16677 0.535849 0.0173261 0.844136 111.1
0.842383 0.00627703 -0.538841 -103.269 -0.0146597 0.999829 -0.0112708 -2.19465 0.538678 0.0173936 0.842332 111.643
0.841064 0.00436389 -0.540917 -103.611 -0.0128356 0.999847 -0.0118917 -2.20915 0.540782 0.0169447 0.840992 112.16
0.839879 0.0052986 -0.542747 -103.957 -0.0132849 0.999854 -0.0107968 -2.23245 0.542611 0.0162784 0.839827 112.673
0.838553 0.00589398 -0.544787 -104.278 -0.0124895 0.999887 -0.00840662 -2.26453 0.544676 0.0138535 0.838532 113.154
0.837458 0.00487713 -0.546479 -104.605 -0.0101754 0.999926 -0.00666945 -2.30206 0.546407 0.011146 0.837446 113.625
0.83702 0.00423017 -0.547154 -104.915 -0.00911128 0.999939 -0.00620749 -2.32453 0.547095 0.0101811 0.837008 114.039
0.836091 0.00347825 -0.548578 -105.215 -0.00829852 0.999946 -0.00630775 -2.35956 0.548527 0.00982626 0.836075 114.461
0.835176 0.00384492 -0.549968 -105.501 -0.0104234 0.999907 -0.0088385 -2.39133 0.549883 0.0131143 0.835139 114.85
0.833997 0.00181856 -0.551765 -105.779 -0.0101153 0.999877 -0.0119939 -2.42059 0.551676 0.0155842 0.833913 115.226
0.832293 -0.00145311 -0.554333 -106.055 -0.00746373 0.999877 -0.0138274 -2.4426 0.554285 0.0156459 0.83218 115.592
0.829641 -0.00507053 -0.558272 -106.3 -0.00268849 0.999911 -0.0130771 -2.46297 0.558289 0.0123503 0.829554 115.943
0.826135 -0.00379743 -0.563458 -106.547 -0.00344887 0.999924 -0.0117957 -2.47304 0.563461 0.0116882 0.82606 116.297
0.822544 -7.50836e-05 -0.568701 -106.801 -0.00698891 0.999923 -0.0102405 -2.47959 0.568658 0.0123979 0.82248 116.625
0.819075 0.00533185 -0.573661 -107.041 -0.0110185 0.999919 -0.0064387 -2.48036 0.57358 0.0115947 0.819068 116.931
0.814548 0.0105331 -0.58 -107.25 -0.0129696 0.999916 -5.53837e-05 -2.48328 0.579951 0.00756747 0.814616 117.237
0.809384 0.0130274 -0.587135 -107.439 -0.0126022 0.999909 0.00481352 -2.50469 0.587144 0.00350323 0.809475 117.507
0.803843 0.00987545 -0.594758 -107.637 -0.00846839 0.999951 0.00515784 -2.4993 0.59478 0.000890566 0.803888 117.771
0.796471 0.00732599 -0.604631 -107.828 -0.00512962 0.999972 0.00535889 -2.49801 0.604654 -0.00116665 0.796487 118.026
0.788193 0.00511781 -0.615407 -108.024 -0.00233994 0.999983 0.00531902 -2.48758 0.615424 -0.00275238 0.788191 118.236
0.778061 0.00510948 -0.628168 -108.216 -0.00219079 0.999983 0.00542018 -2.48692 0.628185 -0.00284103 0.778059 118.437
0.765526 0.0058858 -0.643377 -108.389 -0.0042457 0.999983 0.0040963 -2.48199 0.64339 -0.000404221 0.765538 118.613
0.751889 0.00441737 -0.659274 -108.562 -0.00451468 0.999989 0.00155131 -2.4902 0.659273 0.00181001 0.751901 118.761
0.737501 0.00162736 -0.675343 -108.743 -0.00582377 0.999975 -0.00395022 -2.49188 0.675321 0.00684635 0.737492 118.905
0.721683 -0.00223133 -0.692219 -108.886 -0.00589985 0.999939 -0.00937427 -2.49539 0.692198 0.0108493 0.721626 119.045
0.705906 -0.00231582 -0.708301 -109.059 -0.0106686 0.999846 -0.0139017 -2.49032 0.708224 0.0173699 0.705773 119.188
0.689723 0.00047244 -0.724072 -109.244 -0.0184509 0.999686 -0.0169234 -2.48002 0.723837 0.0250322 0.689516 119.332
0.672151 0.00173513 -0.740411 -109.426 -0.0218717 0.999607 -0.0175128 -2.47328 0.74009 0.0279654 0.671926 119.468
0.652597 0.000604688 -0.757704 -109.574 -0.019138 0.999694 -0.0156855 -2.48057 0.757463 0.0247372 0.652409 119.585
0.632232 -0.000394621 -0.774779 -109.751 -0.0166506 0.999762 -0.0140965 -2.48212 0.7746 0.0218128 0.632075 119.706
0.610406 0.00158279 -0.792086 -109.936 -0.0172 0.999789 -0.011257 -2.48875 0.791901 0.0204952 0.610305 119.806
0.587023 0.0051427 -0.809553 -110.14 -0.0216945 0.999721 -0.00938042 -2.47065 0.809279 0.0230694 0.586971 119.897
0.562986 0.00925722 -0.826414 -110.327 -0.024206 0.999693 -0.00529187 -2.4746 0.826112 0.0229834 0.563037 119.972
0.539326 0.0123071 -0.842007 -110.532 -0.0261733 0.999655 -0.0021534 -2.47934 0.84169 0.0231995 0.539462 120.024
0.514701 0.0170793 -0.857199 -110.722 -0.0296235 0.999559 0.00212849 -2.50845 0.856858 0.0242977 0.51498 120.073
0.490908 0.0206818 -0.870965 -110.951 -0.0345961 0.999392 0.00423171 -2.49646 0.870524 0.0280546 0.491325 120.109
0.464667 0.0234806 -0.885173 -111.163 -0.0373605 0.999278 0.0068952 -2.49784 0.884697 0.0298666 0.465209 120.151
0.436498 0.0223547 -0.899427 -111.362 -0.0376828 0.999268 0.00654844 -2.48964 0.898915 0.0310346 0.437022 120.196
0.404539 0.0188393 -0.914326 -111.587 -0.0383541 0.999258 0.00361966 -2.48589 0.913716 0.0336039 0.404961 120.262
0.369537 0.0146926 -0.929099 -111.81 -0.0385816 0.999255 0.000456712 -2.48975 0.928415 0.0356774 0.369829 120.324
0.32982 0.0109355 -0.94398 -112.039 -0.0390697 0.999234 -0.00207509 -2.46646 0.943235 0.0375655 0.329995 120.387
0.28748 0.00939378 -0.95774 -112.289 -0.0404125 0.99918 -0.00233023 -2.45612 0.956934 0.0393746 0.287624 120.447
0.242411 0.00506016 -0.97016 -112.581 -0.0414051 0.999129 -0.00513454 -2.42236 0.96929 0.0414142 0.242409 120.508
0.1942 0.00337436 -0.980956 -112.877 -0.040998 0.999148 -0.00467949 -2.4319 0.980105 0.041126 0.194173 120.547
0.144002 0.000354602 -0.989577 -113.199 -0.0417208 0.999113 -0.0057132 -2.41415 0.988698 0.0421087 0.14389 120.573
0.0924457 -0.00155353 -0.995716 -113.52 -0.0428455 0.999066 -0.00553673 -2.39285 0.994796 0.0431739 0.0922928 120.586
0.0399997 -0.000223739 -0.999199 -113.872 -0.0426327 0.999089 -0.00193042 -2.39218 0.99829 0.0426758 0.0399537 120.566
-0.0134928 0.000255968 -0.999908 -114.232 -0.0412664 0.999148 0.00081258 -2.36731 0.999057 0.0412736 -0.0134707 120.532
-0.0674262 0.00124305 -0.997723 -114.596 -0.039099 0.999228 0.0038872 -2.35209 0.996958 0.0392721 -0.0673257 120.474
-0.120402 0.00357408 -0.992718 -114.96 -0.035683 0.999332 0.00792568 -2.35781 0.992084 0.0363775 -0.120194 120.385
-0.174212 0.00485921 -0.984696 -115.369 -0.0336175 0.999376 0.0108792 -2.35148 0.984134 0.0349983 -0.17394 120.291
-0.225089 0.0067817 -0.974314 -115.772 -0.0317392 0.999394 0.0142887 -2.3516 0.973821 0.0341402 -0.224738 120.158
-0.274773 0.00884881 -0.961468 -116.174 -0.0281534 0.999455 0.0172442 -2.35351 0.961097 0.0318069 -0.274374 120.011
-0.322343 0.0108557 -0.94656 -116.584 -0.0230421 0.999548 0.0193102 -2.34787 0.946342 0.0280353 -0.321948 119.828
-0.368605 0.0124782 -0.929502 -117.012 -0.0185821 0.999611 0.0207883 -2.3444 0.929401 0.0249347 -0.36823 119.623
-0.411915 0.0142525 -0.91111 -117.43 -0.0147434 0.999643 0.0223029 -2.33574 0.911103 0.0226198 -0.411558 119.384
-0.453514 0.015654 -0.891111 -117.873 -0.0114802 0.99966 0.0234035 -2.32799 0.891175 0.020844 -0.453181 119.127
-0.491504 0.0162518 -0.870723 -118.303 -0.00973262 0.999661 0.0241522 -2.31712 0.870821 0.0203453 -0.491179 118.845
-0.52493 0.0162267 -0.85099 -118.761 -0.00945842 0.999645 0.0248956 -2.30716 0.851093 0.0211175 -0.52459 118.526
-0.553806 0.0162542 -0.832487 -119.223 -0.00912753 0.999631 0.0255896 -2.29895 0.832596 0.0217702 -0.553453 118.208
-0.575085 0.0146271 -0.817962 -119.702 -0.011018 0.999611 0.0256218 -2.28328 0.818019 0.023747 -0.574701 117.817
