1 0 0 0 0 1 0 0 0 0 1 0
-0.979545 0.00262175 -0.201206 -0.072898 -0.0146001 0.996354 0.0840613 0.0551017 0.200693 0.0852795 -0.975935 -0.112817
0.91909 -0.0171147 0.393675 0.0213528 0.0166251 0.999851 0.00465401 0.101583 -0.393696 0.00226742 0.919238 -0.0126459
-0.821033 0.0189297 -0.570566 -0.0910032 -0.0299489 0.996646 0.0761617 0.15494 0.570094 0.0796191 -0.817712 -0.0875267
0.689455 -0.0319494 0.723624 0.0342609 0.0300703 0.999428 0.0154763 0.203448 -0.723705 0.0110893 0.690021 -0.0324467
-0.52966 0.0316849 -0.847618 -0.0993963 -0.040941 0.997183 0.062859 0.25458 0.847222 0.0679962 -0.52687 -0.0569249
0.348252 -0.0421037 0.936455 0.0365863 0.03816 0.9988 0.0307157 0.30542 -0.936624 0.0250382 0.349441 -0.0554993
-0.152574 0.0388232 -0.987529 -0.0967683 -0.0457976 0.997877 0.0463059 0.354208 0.987231 0.0522914 -0.150473 -0.0252643
-0.049303 -0.0459343 0.997727 0.027903 0.039585 0.998067 0.047906 0.407307 -0.998 0.0418568 -0.0473896 -0.0773744
0.249202 0.0391895 -0.967659 -0.0835942 -0.0437327 0.998617 0.0291809 0.454012 0.967464 0.0350463 0.250571 0.00303063
-0.438879 -0.0428215 0.897526 0.00956692 0.0341147 0.99735 0.0642656 0.508934 -0.897899 0.0588236 -0.436255 -0.0938332
0.610654 0.0327245 -0.791222 -0.0620551 -0.0350807 0.999283 0.0142554 0.554153 0.791121 0.0190514 0.611364 0.0240801
-0.757433 -0.0332688 0.652065 -0.0155044 0.0226345 0.996763 0.0771471 0.610164 -0.652521 0.0731929 -0.754228 -0.101513
0.873291 0.0204745 -0.48677 -0.0356859 -0.0212414 0.999767 0.00394442 0.654734 0.486737 0.00689509 0.873522 0.0351768
-0.953418 -0.0188221 0.301066 -0.0433032 0.00700189 0.996402 0.0844661 0.710926 -0.301572 0.0826396 -0.949856 -0.0984735
0.994613 0.00442158 -0.103569 -0.00880321 -0.0044545 0.999991 -8.33869e-05 0.75579 0.103568 0.000544414 0.994623 0.0352239
-0.995119 -0.00181926 -0.0986733 -0.0693807 -0.0102533 0.996326 0.0850381 0.811226 0.0981561 0.0856349 -0.99148 -0.0845062
0.954988 -0.0128364 0.29637 0.0141934 0.0125637 0.999918 0.00282376 0.857279 -0.296382 0.0010271 0.95507 0.0249126
-0.875787 0.0149884 -0.482466 -0.0895662 -0.0263388 0.996545 0.0787707 0.911142 0.48198 0.0816942 -0.872366 -0.061173
0.760827 -0.0285068 0.648329 0.0295332 0.0270591 0.99956 0.0121954 0.959086 -0.648391 0.00826503 0.761263 0.00661063
-0.614734 0.0288811 -0.788207 -0.100643 -0.0386518 0.997026 0.0666779 1.01082 0.787788 0.0714552 -0.611789 -0.0315507
0.443551 -0.0400537 0.895355 0.0346844 0.0366863 0.998976 0.026515 1.06105 -0.895499 0.021087 0.444565 -0.0160216
-0.254202 0.0376106 -0.96642 -0.100868 -0.0451996 0.997691 0.0507168 1.11043 0.966095 0.0565746 -0.251915 0.000266109
0.0544998 -0.0456088 0.997472 0.028764 0.0398872 0.998259 0.0434654 1.16298 -0.997718 0.0374181 0.056224 -0.0386229
0.147466 0.0397644 -0.988268 -0.0902537 -0.0449228 0.99843 0.03347 1.21017 0.988047 0.0394606 0.149021 0.0298277
-0.343369 -0.044273 0.938157 0.0126807 0.0361439 0.997526 0.0603036 1.26469 -0.938506 0.0546156 -0.340919 -0.0568369
0.525273 0.0349939 -0.850215 -0.0705679 -0.0378661 0.999126 0.0177285 1.31021 0.850092 0.0228825 0.526139 0.0530493
-0.685672 -0.0362624 0.727008 -0.0110125 0.0260622 0.996896 0.0743049 1.36603 -0.727445 0.0698966 -0.682598 -0.0670173
0.818081 0.0240711 -0.5746 -0.0450452 -0.0251714 0.999666 0.00603966 1.41067 0.574553 0.00952294 0.818413 0.0668721
-0.917017 -0.0228735 0.398193 -0.0385309 0.0112734 0.99647 0.0832036 1.46691 -0.39869 0.0807884 -0.913521 -0.0668179
0.978509 0.0087635 -0.206024 -0.0178653 -0.00889302 0.999961 0.000294887 1.51161 0.206019 0.00154383 0.978548 0.0697581
-0.999969 -0.00627269 0.00492133 -0.0654709 -0.00582923 0.996317 0.0855597 1.56732 -0.0054398 0.0855284 -0.996322 -0.0555719
0.980595 -0.00845181 0.19587 0.00652421 0.0083349 0.999965 0.00142384 1.613 -0.195875 0.000236325 0.98063 0.0619393
-0.921104 0.0108535 -0.389168 -0.0875225 -0.0224782 0.996462 0.0809919 1.66733 0.38867 0.0833495 -0.917601 -0.0344003
0.824002 -0.024789 0.566047 0.0241271 0.0237245 0.999677 0.00924381 1.71474 -0.566093 0.00581203 0.824323 0.0453798
-0.693184 0.0257339 -0.720303 -0.101167 -0.0359795 0.996882 0.0702394 1.76705 0.719864 0.0746045 -0.690096 -0.00603027
0.53407 -0.0376045 0.844605 0.0320455 0.0347855 0.999143 0.0224894 1.81668 -0.844726 0.0173687 0.534919 0.0234582
-0.35309 0.0359603 -0.934899 -0.104245 -0.0441481 0.997509 0.0550421 1.86666 0.934548 0.0607083 -0.350623 0.0256463
0.157716 -0.0448244 0.986468 0.0289485 0.0397279 0.99845 0.0390172 1.91863 -0.986686 0.0330361 0.159252 0.000420738
0.0441416 0.039878 -0.99823 -0.0963088 -0.0456623 0.998241 0.0378594 1.96635 0.997983 0.0439097 0.045885 0.0562025
-0.244158 -0.0452803 0.968679 0.0152879 0.037752 0.99771 0.0561526 2.02041 -0.969002 0.0502791 -0.24189 -0.0193057
0.434232 0.0368531 -0.900048 -0.0786917 -0.0402771 0.998959 0.0214716 2.0663 0.899902 0.0269271 0.435264 0.0813924
-0.606521 -0.0388986 0.794117 -0.00677518 0.0291775 0.997042 0.0711229 2.12186 -0.794533 0.0663074 -0.603592 -0.0318302
0.754056 0.0273749 -0.656241 -0.054294 -0.0288638 0.999548 0.00853075 2.16665 0.656177 0.0125085 0.754505 0.0978388
-0.870735 -0.0267119 0.491029 -0.0337199 0.015392 0.996556 0.0815054 2.22287 -0.491514 0.0785272 -0.867324 -0.0344269
0.95186 0.0129774 -0.306261 -0.0271131 -0.0132694 0.999913 0.00113086 2.26746 0.306248 0.0029873 0.951949 0.103579
-0.994044 -0.0106922 0.108462 -0.0612356 -0.00137385 0.996328 0.0856202 2.3234 -0.108979 0.0849611 -0.990408 -0.0259769
0.995635 -0.00400979 0.0932571 -0.00159703 0.00398261 0.999994 0.000469416 2.36874 -0.0932586 -9.5889e-05 0.995643 0.0983837
-0.956496 0.00656808 -0.291678 -0.084919 -0.0184069 0.996398 0.0828013 2.4235 0.291171 0.084568 -0.952928 -0.00714858
0.878297 -0.0208377 0.477663 0.0180759 0.0201005 0.999777 0.00665347 2.4704 -0.477695 0.00375789 0.878519 0.0837917
-0.764164 0.0222759 -0.644639 -0.100987 -0.0329509 0.996752 0.0735049 2.52327 0.644182 0.0774116 -0.760947 0.0197101
0.618834 -0.0347832 0.784753 0.0286727 0.0324761 0.9993 0.0186823 2.57231 -0.784852 0.013925 0.619529 0.0628636
-0.448174 0.0338895 -0.893305 -0.106889 -0.0426523 0.997334 0.0592353 2.62289 0.89293 0.0646498 -0.445533 0.0509519
0.259232 -0.0435897 0.964832 0.0284292 0.0391068 0.998637 0.0346094 2.67427 -0.965025 0.0287603 0.260583 0.0396848
-0.0596588 0.0395294 -0.997437 -0.10172 -0.0459412 0.99805 0.0423017 2.72255 0.997163 0.0483477 -0.0577259 0.08222
-0.142317 -0.0458321 0.988761 0.0173353 0.0389195 0.997898 0.0518574 2.77612 -0.989057 0.0458629 -0.140234 0.0187051
0.338512 0.038283 -0.940185 -0.0863644 -0.0422854 0.998783 0.0254442 2.82242 0.940013 0.0311435 0.339719 0.109154
-0.520835 -0.0411475 0.852667 -0.00286321 0.0319446 0.9972 0.0676353 2.87766 -0.853061 0.0624655 -0.518062 0.00401833
0.681907 0.0303521 -0.730812 -0.0633577 -0.0322765 0.999416 0.0113908 2.92265 0.730729 0.0158211 0.682487 0.128093
-0.81507 -0.030294 0.578573 -0.0289472 0.0193108 0.996658 0.0793898 2.97879 -0.579043 0.0758813 -0.81176 -0.00130004
0.914956 0.01702 -0.403199 -0.036472 -0.0175341 0.999845 0.00241561 3.02334 0.403177 0.00485992 0.915111 0.136673
-0.977409 -0.0150279 0.210832 -0.0567452 0.00306243 0.996359 0.0852189 3.07944 -0.211345 0.0839394 -0.973803 0.00430958
0.999948 0.000444097 -0.0103614 -0.0101073 -0.000443896 1 -2.90573e-05 3.1245 0.0103611 3.37809e-05 0.999948 0.134203
-0.981581 0.00218048 -0.191046 -0.0818083 -0.0141711 0.996352 0.0841792 3.17964 0.190533 0.0853359 -0.977967 0.0206383
0.923129 -0.0166933 0.384132 0.0114205 0.0162286 0.99986 0.00445242 3.22608 -0.384152 0.00212363 0.92327 0.121782
-0.826911 0.0185464 -0.56203 -0.10013 -0.0296012 0.996637 0.0764391 3.27949 0.561557 0.0798447 -0.823579 0.0457428
0.696931 -0.0316189 0.716444 0.0245784 0.0297855 0.999444 0.0151349 3.32794 -0.716523 0.0107913 0.697483 0.102119
-0.538429 0.0314215 -0.842088 -0.108796 -0.0407308 0.997168 0.063251 3.37913 0.841689 0.0683544 -0.535623 0.0762594
0.357956 -0.0419176 0.932799 0.0271877 0.0380329 0.99882 0.0302896 3.42991 -0.932966 0.0246342 0.359127 0.0790956
-0.162816 0.0387224 -0.985898 -0.106452 -0.0457589 0.99786 0.046749 3.47876 0.985597 0.0527244 -0.160695 0.107949
-0.0389422 -0.0459227 0.998188 0.0187768 0.0396363 0.998089 0.0474644 3.5318 -0.998457 0.0414122 -0.0370479 0.0571351
0.239145 0.0392676 -0.970192 -0.0935272 -0.043872 0.998601 0.0296035 3.57856 0.969994 0.035484 0.240533 0.136382
-0.429537 -0.0429862 0.902028 0.000657223 0.0343362 0.997369 0.0638799 3.63344 -0.902399 0.0584103 -0.426931 0.0404905
0.602409 0.0329689 -0.797509 -0.0721628 -0.0353753 0.99927 0.014589 3.67869 0.797406 0.019423 0.603135 0.157657
-0.750623 -0.0335832 0.65988 -0.0242883 0.0229902 0.996778 0.0768797 3.73468 -0.660334 0.0728779 -0.747431 0.0325542
0.868193 0.0208455 -0.495794 -0.0458654 -0.0216438 0.99976 0.00413513 3.77926 0.495759 0.00714044 0.868433 0.16903
-0.950241 -0.0192354 0.310929 -0.0520725 0.00743442 0.99641 0.0843603 3.83545 -0.311435 0.0824738 -0.946684 0.0353094
0.993486 0.00485934 -0.11387 -0.0189397 -0.00489953 0.999991 -6.64294e-05 3.8803 0.113868 0.000623845 0.993498 0.169359
-0.996089 -0.00226447 -0.0883573 -0.0782488 -0.00981395 0.996326 0.0851111 3.93577 0.08784 0.0856452 -0.992449 0.0490091
0.958015 -0.0124028 0.28646 0.00420765 0.0121479 0.999925 0.00266421 3.98178 -0.286471 0.000927754 0.958091 0.15929
-0.880747 0.0145833 -0.473367 -0.0986308 -0.0259638 0.996538 0.0790107 4.03569 0.47288 0.0818789 -0.877317 0.0721354
0.767518 -0.0281475 0.640413 0.0197814 0.02674 0.999574 0.0118852 4.08358 -0.640474 0.00800299 0.767942 0.141151
-0.622882 0.0285816 -0.781797 -0.10997 -0.0384016 0.997013 0.0670461 4.13537 0.781377 0.0717844 -0.619922 0.101645
0.452822 -0.0398269 0.890714 0.0252121 0.0365153 0.998995 0.0261043 4.18554 -0.890856 0.0207046 0.45382 0.118577
-0.264219 0.0374652 -0.963738 -0.11048 -0.0451149 0.997674 0.0511536 4.23498 0.96341 0.0569951 -0.261913 0.133461
0.0648524 -0.0455512 0.996857 0.0195715 0.0398921 0.99828 0.0430207 4.28747 -0.9971 0.0369773 0.0665577 0.0959189
0.137201 0.0397966 -0.989746 -0.100128 -0.0450171 0.998414 0.0339048 4.33472 0.989522 0.0399044 0.138775 0.163134
-0.333611 -0.0443939 0.941668 0.00372277 0.0363238 0.997546 0.0598969 4.38919 -0.942014 0.0541878 -0.331179 0.0775426
0.516421 0.0351984 -0.855615 -0.0806398 -0.0381242 0.999112 0.0180909 4.43475 0.855489 0.0232777 0.517303 0.186562
-0.678087 -0.0365423 0.734076 -0.0198187 0.026388 0.996912 0.074002 4.49054 -0.734511 0.069551 -0.675027 0.0671207
0.812075 0.0244149 -0.583048 -0.0552171 -0.0255516 0.999657 0.00627109 4.5352 0.582999 0.00980565 0.812417 0.200652
-0.912834 -0.0232671 0.407675 -0.047293 0.0116924 0.99648 0.0830535 4.59144 -0.408171 0.0805809 -0.909345 0.0670384
0.976319 0.00919087 -0.216153 -0.0280237 -0.00933366 0.99996 0.000357904 4.63612 0.216146 0.00166833 0.976363 0.203823
-0.999864 -0.00671635 0.0152824 -0.0743035 -0.00538492 0.996319 0.0855867 4.69186 -0.0158008 0.0854926 -0.996217 0.0780081
0.982577 -0.00800999 0.185699 -0.00350945 0.00790507 0.999971 0.00130826 4.7375 -0.185704 0.000182517 0.982609 0.196261
-0.925093 0.0104316 -0.379604 -0.0965289 -0.0220805 0.996457 0.0811917 4.79188 0.379105 0.0834913 -0.921583 0.0989534
0.829835 -0.0244043 0.557481 0.0143093 0.0233751 0.99969 0.00896839 4.83923 -0.557525 0.00558863 0.830145 0.179888
-0.700623 0.025402 -0.713084 -0.110422 -0.0356926 0.996871 0.0705796 4.8916 0.712643 0.0749009 -0.697521 0.127184
0.54281 -0.037339 0.839029 0.0224996 0.034573 0.999161 0.0220987 4.94117 -0.839148 0.0170119 0.543644 0.158053
-0.362775 0.0357722 -0.931193 -0.113784 -0.0440186 0.997493 0.0554677 4.99121 0.93084 0.0611114 -0.36029 0.15883
0.167949 -0.0447212 0.984784 0.0196868 0.0396867 0.998471 0.0385745 5.04313 -0.985 0.0326037 0.169466 0.134988
0.0337786 0.0398641 -0.998637 -0.106121 -0.0457111 0.998224 0.0383015 5.0909 0.998387 0.0443543 0.0355409 0.189471
-0.234089 -0.0453561 0.97116 0.00627644 0.0378888 0.99773 0.0557295 5.14492 -0.97148 0.049841 -0.231839 0.115124
0.424868 0.0370156 -0.904502 -0.0887213 -0.0404962 0.998944 0.0218587 5.19084 0.904353 0.0273412 0.425917 0.214845
-0.598245 -0.0391411 0.800361 -0.0156107 0.0294701 0.99706 0.0707879 5.24637 -0.800776 0.0659345 -0.59533 0.102375
0.747206 0.0276876 -0.664021 -0.0644507 -0.0292179 0.999538 0.00880026 5.29118 0.663955 0.0128253 0.747667 0.231547
-0.865591 -0.0270818 0.500026 -0.0424823 0.0157931 0.996567 0.0813128 5.34739 -0.50051 0.07828 -0.862188 0.099503
0.948632 0.0133895 -0.316108 -0.037286 -0.0137011 0.999909 0.00123918 5.39198 0.316095 0.00315534 0.948726 0.237572
-0.992865 -0.0111298 0.118756 -0.0700395 -0.000929168 0.996333 0.085601 5.44794 -0.119273 0.0848796 -0.98923 0.107671
0.996552 -0.00356478 0.0829365 -0.0116724 0.00354311 0.999997 0.000399023 5.49325 -0.0829375 -0.00010369 0.996558 0.232644
-0.959471 0.00613373 -0.281753 -0.0938723 -0.0179906 0.996395 0.0829588 5.54804 0.281245 0.0846654 -0.955898 0.126256
0.883211 -0.0204318 0.468539 0.00819579 0.0197244 0.999789 0.00641575 5.5949 -0.46857 0.00357553 0.883424 0.218261
-0.770814 0.0219151 -0.636689 -0.110174 -0.0326303 0.996742 0.0738135 5.64783 0.63623 0.077672 -0.767585 0.15295
0.626949 -0.0344822 0.778302 0.0190541 0.0322242 0.999317 0.0183157 5.6968 -0.778399 0.0135976 0.627629 0.197447
-0.457422 0.0336605 -0.888617 -0.116355 -0.0424793 0.997319 0.0596452 5.74745 0.888239 0.0650312 -0.454764 0.184133
0.269235 -0.0434422 0.962098 0.019096 0.0390198 0.998658 0.0341733 5.79877 -0.962288 0.0283408 0.270568 0.17427
-0.070008 0.0394694 -0.996769 -0.111465 -0.0459438 0.998033 0.0427465 5.8471 0.996492 0.0487885 -0.0680564 0.215456
-0.132045 -0.045862 0.990186 0.00826529 0.0390116 0.997919 0.0514224 5.90062 -0.99048 0.0454194 -0.12998 0.15318
0.328736 0.0384017 -0.943645 -0.0963456 -0.0424632 0.998768 0.025852 5.94696 0.943471 0.0315723 0.329961 0.242551
-0.511956 -0.04135 0.858021 -0.0117349 0.0322009 0.997219 0.0672718 6.00218 -0.858413 0.0620696 -0.509198 0.138288
0.674286 0.0306302 -0.73784 -0.0734919 -0.0326007 0.999404 0.0116956 6.04719 0.737756 0.0161685 0.67488 0.261731
-0.80902 -0.0306363 0.586989 -0.0377176 0.0196897 0.996672 0.0791566 6.10331 -0.587458 0.0755972 -0.805721 0.132703
0.910724 0.0174125 -0.412659 -0.0466518 -0.0179523 0.99984 0.00256808 6.14787 0.412636 0.00506976 0.910887 0.270592
-0.975167 -0.0154546 0.220949 -0.0655276 0.00350272 0.996366 0.0851538 6.20398 -0.221461 0.083813 -0.971565 0.138028
0.999789 0.000887567 -0.0207216 -0.020218 -0.000888348 1 -5.35548e-05 6.24902 0.0207216 7.21291e-05 0.999789 0.268399
-0.98351 0.00173841 -0.180866 -0.0907141 -0.0137407 0.996351 0.0842928 6.30419 0.180352 0.0853877 -0.979893 0.154099
0.927069 -0.0162706 0.374548 0.00148249 0.0158298 0.99987 0.00425495 6.35058 -0.374567 0.00198428 0.927202 0.256206
-0.8327 0.0181605 -0.553434 -0.109251 -0.0292503 0.996629 0.0767129 6.40404 0.552959 0.0800664 -0.829358 0.179016
0.704332 -0.0312855 0.709187 0.0148887 0.0294969 0.99946 0.0147964 6.45244 -0.709264 0.0104968 0.704871 0.236684
-0.54714 0.0311542 -0.836466 -0.118188 -0.0405162 0.997155 0.0636407 6.50369 0.836065 0.0687101 -0.544319 0.209445
0.367621 -0.0417273 0.929044 0.0177817 0.0379012 0.99884 0.0298649 6.55441 -0.929208 0.0242323 0.368774 0.213691
-0.17304 0.038617 -0.984162 -0.116128 -0.0457154 0.997844 0.0471917 6.60331 0.983858 0.0531566 -0.170901 0.24116
-0.0285773 -0.0459064 0.998541 0.00964396 0.0396827 0.99811 0.0470222 6.65631 -0.998808 0.0409679 -0.0267016 0.191648
0.229063 0.0393411 -0.972621 -0.103455 -0.0440065 0.998585 0.0300275 6.70311 0.972421 0.0359228 0.230469 0.269729
-0.42015 -0.0431465 0.906433 -0.00825711 0.0345533 0.997389 0.0634918 6.75795 -0.906802 0.0579955 -0.41756 0.17482
0.5941 0.0332094 -0.803711 -0.0822673 -0.0356661 0.999257 0.0149257 6.80323 0.803605 0.0197974 0.594841 0.291228
-0.743732 -0.0338942 0.667625 -0.0330742 0.0233429 0.996793 0.0766086 6.8592 -0.668077 0.0725598 -0.740552 0.166629
0.863002 0.0212142 -0.504764 -0.0560444 -0.0220439 0.999752 0.00433008 6.90378 0.504729 0.00738981 0.863252 0.302876
-0.946962 -0.0196467 0.32076 -0.0608408 0.00786556 0.996418 0.08425 6.95999 -0.321264 0.0823039 -0.943411 0.1691
0.992253 0.00529645 -0.124158 -0.0290787 -0.00534412 0.999991 -4.4778e-05 7.00482 0.124156 0.000707902 0.992267 0.303487
-0.996952 -0.00270954 -0.0780319 -0.0871132 -0.0093741 0.996327 0.0851795 7.06031 0.0775142 0.085651 -0.99331 0.182531
0.960939 -0.0119679 0.276519 -0.0057832 0.0117308 0.999933 0.00250909 7.10629 -0.276529 0.00083293 0.96101 0.293662
-0.885613 0.0141765 -0.464217 -0.107689 -0.0255864 0.996532 0.0792466 7.16025 0.463728 0.0820595 -0.882174 0.205448
0.774126 -0.0277853 0.632428 0.0100229 0.0264178 0.999589 0.0115784 7.20808 -0.632487 0.00774466 0.774538 0.275689
-0.630962 0.0282788 -0.775304 -0.119289 -0.0381478 0.997001 0.0674116 7.25993 0.774881 0.0721105 -0.627988 0.234842
0.462046 -0.039596 0.885977 0.0157325 0.0363402 0.999014 0.0256955 7.31004 -0.886117 0.0203246 0.463027 0.253176
-0.274207 0.0373155 -0.960951 -0.120085 -0.0450257 0.997658 0.0515894 7.35954 0.960621 0.0574141 -0.271884 0.266655
0.075198 -0.0454888 0.996135 0.0103721 0.0398924 0.998302 0.0425761 7.41198 -0.996375 0.0365371 0.0768846 0.230464
0.126921 0.0398242 -0.991118 -0.109997 -0.045107 0.998397 0.0343404 7.45927 0.990892 0.0403483 0.128514 0.296437
-0.323817 -0.0445103 0.945077 -0.00524023 0.0364995 0.997567 0.0594884 7.5137 -0.945421 0.0537587 -0.321403 0.211928
0.507513 0.0353989 -0.860922 -0.0907078 -0.0383786 0.999098 0.018456 7.5593 0.860795 0.0236749 0.508411 0.320069
-0.67043 -0.0368186 0.741065 -0.0286275 0.0267106 0.996928 0.0736958 7.61506 -0.741499 0.0692024 -0.667384 0.201266
0.80598 0.0247557 -0.591432 -0.0653878 -0.0259293 0.999648 0.00650644 7.65973 0.591382 0.0100918 0.806335 0.334425
-0.908552 -0.0236585 0.417113 -0.0560547 0.0121098 0.99649 0.0828991 7.71597 -0.417608 0.0803693 -0.905072 0.200902
0.974025 0.00961693 -0.226258 -0.0381839 -0.00977365 0.999958 0.000425495 7.76065 0.226251 0.0017972 0.974073 0.337881
-0.99965 -0.00715961 0.0256416 -0.083133 -0.00494035 0.996322 0.0856091 7.81641 -0.0261601 0.0854522 -0.996004 0.211595
0.984454 -0.00756764 0.175509 -0.0135476 0.00747404 0.999977 0.00119719 7.86201 -0.175513 0.000133239 0.984482 0.330577
-0.928983 0.0100083 -0.37 -0.10553 -0.0216807 0.996453 0.0813873 7.91643 0.3695 0.0836287 -0.925466 0.232312
0.835579 -0.0240172 0.548854 0.00448504 0.0230227 0.999703 0.00869662 7.96374 -0.548897 0.00536919 0.835879 0.314393
-0.707986 0.025067 -0.705789 -0.119671 -0.0354022 0.99686 0.0709168 8.01616 0.705346 0.0751939 -0.704871 0.260401
0.551492 -0.0370699 0.833362 0.0129464 0.0343564 0.99918 0.0217102 8.06567 -0.833479 0.0166578 0.55231 0.292647
-0.37242 0.0355798 -0.927387 -0.123316 -0.0438846 0.997478 0.0558919 8.11578 0.927032 0.0615126 -0.369918 0.292014
0.178163 -0.0446135 0.982994 0.010418 0.0396409 0.998492 0.0381322 8.16763 -0.983208 0.0321723 0.179662 0.269558
0.0234121 0.0398455 -0.998937 -0.115926 -0.0457552 0.998207 0.0387441 8.21546 0.998684 0.0447987 0.025193 0.322736
-0.223994 -0.0454273 0.973536 -0.00274067 0.0380211 0.997751 0.055305 8.26943 -0.973854 0.0494022 -0.221762 0.24956
0.415457 0.0371737 -0.908858 -0.0987463 -0.0407114 0.998929 0.0222482 8.31539 0.908707 0.027757 0.416524 0.348293
-0.589903 -0.0393797 0.806519 -0.0244495 0.0297592 0.997077 0.0704499 8.37089 -0.806932 0.0655592 -0.587004 0.236588
0.740275 0.0279968 -0.671729 -0.0746055 -0.0295692 0.999528 0.00907347 8.41572 0.671662 0.0131452 0.740749 0.365248
-0.860353 -0.0274492 0.50897 -0.0512452 0.0161922 0.996579 0.0811159 8.47193 -0.509452 0.0780289 -0.85696 0.233441
0.945302 0.0137999 -0.325921 -0.0474599 -0.0141317 0.999905 0.00135197 8.51651 0.325907 0.00332764 0.945402 0.371558
-0.991577 -0.0115664 0.129037 -0.0788409 -0.000484686 0.996338 0.0855773 8.57248 -0.129554 0.0847934 -0.987946 0.241326
0.997361 -0.00311969 0.0726067 -0.0217517 0.00310289 1 0.000333168 8.61776 -0.0726075 -0.000106893 0.997366 0.366899
-0.962343 0.00569841 -0.271797 -0.102821 -0.0175726 0.996392 0.0831119 8.6726 0.271288 0.0847581 -0.958765 0.259667
0.888028 -0.0200241 0.459364 -0.00169033 0.0193458 0.9998 0.00618193 8.71941 -0.459394 0.00339738 0.888233 0.352726
-0.777381 0.0215515 -0.62867 -0.119353 -0.0323065 0.996732 0.0741188 8.77239 0.628209 0.0779287 -0.774139 0.286194
0.634995 -0.0341778 0.771766 0.00942832 0.0319684 0.999334 0.0179518 8.82131 -0.771861 0.0132734 0.635661 0.332029
-0.46662 0.0334276 -0.883832 -0.125813 -0.0423021 0.997305 0.0600533 8.87201 0.883452 0.0654103 -0.463946 0.317314
0.279209 -0.0432904 0.95926 0.00975561 0.0389283 0.998679 0.0337382 8.92328 -0.959447 0.0279229 0.280524 0.308857
-0.0803494 0.0394047 -0.995993 -0.121204 -0.0459418 0.998016 0.0431913 8.97166 0.995713 0.0492286 -0.0783792 0.34869
-0.121758 -0.0458873 0.991504 -0.000810869 0.0390992 0.99794 0.0509865 9.02513 -0.991795 0.0449755 -0.119712 0.287659
0.318925 0.0385158 -0.947003 -0.106322 -0.0426368 0.998752 0.0262616 9.07152 0.946827 0.0320022 0.320167 0.375943
-0.50302 -0.0415484 0.863282 -0.0206107 0.0324533 0.997238 0.0669056 9.12669 -0.863672 0.0616716 -0.50028 0.272565
0.666592 0.0309046 -0.744789 -0.0836235 -0.0329218 0.999393 0.0120037 9.17173 0.744703 0.0165187 0.667201 0.395363
-0.802882 -0.0309756 0.595341 -0.0464892 0.0200662 0.996686 0.0789196 9.22784 -0.595809 0.0753094 -0.799595 0.266714
0.906393 0.0178029 -0.422074 -0.0568319 -0.0183688 0.999834 0.00272485 9.2724 0.42205 0.00528364 0.906564 0.404505
-0.97282 -0.0158799 0.231042 -0.0743082 0.00394231 0.996373 0.0850841 9.32852 -0.231553 0.0836822 -0.969223 0.271754
0.999522 0.0013306 -0.0310795 -0.0303318 -0.00133302 1.00001 -7.34478e-05 9.37354 0.0310794 0.000115044 0.999523 0.402589
-0.985334 0.00129581 -0.170666 -0.0996155 -0.0133092 0.99635 0.0844018 9.42874 0.170152 0.0854349 -0.981714 0.287567
0.930909 -0.0158466 0.364923 -0.00846105 0.015429 0.99988 0.00406162 9.47509 -0.364941 0.00184932 0.931035 0.390625
-0.838399 0.0177723 -0.544778 -0.118365 -0.0288966 0.996621 0.076983 9.52861 0.544302 0.080284 -0.835046 0.312294
0.711657 -0.030949 0.701853 0.00519189 0.0292047 0.999476 0.0144609 9.57694 -0.701928 0.0102058 0.712183 0.371246
-0.555792 0.0308832 -0.830755 -0.127573 -0.0402976 0.997141 0.0640283 9.62825 0.830351 0.069063 -0.552955 0.342631
0.377246 -0.0415329 0.925188 0.00836825 0.037765 0.99886 0.0294416 9.67891 -0.925349 0.0238323 0.378382 0.348288
-0.183245 0.0385071 -0.982319 -0.125798 -0.0456673 0.997828 0.0476339 9.72788 0.982012 0.0535876 -0.181087 0.37437
-0.0182094 -0.0458855 0.998787 0.000504568 0.0397246 0.998132 0.0465796 9.78082 -0.999051 0.0405238 -0.0163527 0.326166
0.218956 0.0394101 -0.974945 -0.113376 -0.0441367 0.998568 0.0304529 9.82766 0.974742 0.0363622 0.220381 0.403072
-0.410717 -0.0433025 0.910741 -0.0171761 0.0347664 0.997409 0.0631015 9.88247 -0.911107 0.0575791 -0.408145 0.309156
0.585727 0.0334461 -0.809825 -0.0923685 -0.0359535 0.999244 0.0152654 9.92777 0.809718 0.0201741 0.586483 0.424793
-0.736761 -0.0342018 0.675297 -0.0418621 0.0236927 0.996808 0.0763338 9.98373 -0.675748 0.0722385 -0.733594 0.300712
0.857717 0.0215802 -0.513681 -0.066223 -0.022442 0.999745 0.00452918 10.0283 0.513644 0.00764293 0.857977 0.436715
-0.94358 -0.0200562 0.330555 -0.0696081 0.00829554 0.996427 0.0841351 10.0845 -0.331059 0.0821297 -0.940036 0.302898
0.990913 0.00573267 -0.134432 -0.0392202 -0.00578848 0.999991 -1.84849e-05 10.1293 0.13443 0.000796467 0.990929 0.437609
-0.997707 -0.00315464 -0.0676983 -0.0959738 -0.00893357 0.996328 0.0852432 10.1849 0.0671803 0.0856521 -0.994064 0.31606
0.963759 -0.0115322 0.266549 -0.015779 0.011312 0.999941 0.00235833 10.2308 -0.266558 0.000742614 0.963826 0.428029
-0.890383 0.0137678 -0.455018 -0.116742 -0.0252066 0.996526 0.0794787 10.2848 0.454528 0.0822357 -0.886936 0.338766
0.780651 -0.0274204 0.624376 0.000257671 0.0260924 0.999604 0.011275 10.3326 -0.624433 0.00749008 0.781051 0.410225
-0.638975 0.0279727 -0.768727 -0.128601 -0.0378902 0.996989 0.0677743 10.3845 0.768302 0.0724334 -0.635986 0.368042
0.471219 -0.0393611 0.881145 0.00624543 0.0361608 0.999034 0.0252886 10.4345 -0.881282 0.019947 0.472184 0.387775
-0.284166 0.0371615 -0.958061 -0.129682 -0.0449319 0.997643 0.0520242 10.4841 0.957729 0.0578314 -0.281825 0.399848
0.0855355 -0.045422 0.995306 0.00116591 0.0398881 0.998324 0.0421315 10.5365 -0.995543 0.0360976 0.0872033 0.365012
0.116628 0.0398472 -0.992383 -0.11986 -0.0451923 0.998381 0.034777 10.5838 0.992154 0.0407926 0.118239 0.429737
-0.313988 -0.0446222 0.948385 -0.0142084 0.0366709 0.997588 0.0590782 10.6382 -0.948726 0.0533284 -0.311592 0.346319
0.498551 0.0355952 -0.866137 -0.100772 -0.0386291 0.999085 0.0188236 10.6838 0.866007 0.0240741 0.499466 0.45357
-0.6627 -0.0370913 0.747974 -0.037439 0.02703 0.996946 0.0733862 10.7396 -0.748406 0.068851 -0.659668 0.335418
0.7998 0.0250935 -0.599753 -0.0755573 -0.0263045 0.99964 0.00674572 10.7843 0.599702 0.0103815 0.800165 0.468191
-0.904173 -0.0240478 0.426505 -0.0648162 0.0125255 0.996501 0.0827404 10.8405 -0.426999 0.0801536 -0.9007 0.334774
0.971626 0.0100416 -0.236338 -0.0483457 -0.0102129 0.999956 0.000497691 10.8852 0.236331 0.00193048 0.971678 0.471932
-0.99933 -0.00760243 0.035998 -0.0919593 -0.0044956 0.996326 0.0856269 10.941 -0.0365166 0.0854072 -0.995684 0.345189
0.986224 -0.00712482 0.1653 -0.02359 0.00704191 0.999983 0.00109063 10.9865 -0.165304 8.85352e-05 0.98625 0.464887
-0.932773 0.00958352 -0.360356 -0.114525 -0.0212788 0.996448 0.0815787 11.041 0.359854 0.0837617 -0.929249 0.365677
0.841233 -0.0236279 0.540169 -0.00534553 0.0226676 0.999716 0.00842858 11.0882 -0.54021 0.00515377 0.841523 0.448894
-0.715273 0.0247291 -0.698417 -0.128912 -0.0351084 0.996849 0.0712509 11.1407 0.697973 0.0754833 -0.712145 0.393621
0.560114 -0.0367971 0.827606 0.00338596 0.0341357 0.999198 0.0213241 11.1902 -0.827721 0.0163065 0.560917 0.427241
-0.382026 0.0353833 -0.923482 -0.132841 -0.0437463 0.997463 0.0563148 11.2403 0.923124 0.0619117 -0.379506 0.425198
0.188359 -0.0445014 0.981098 0.0011421 0.0395904 0.998514 0.0376905 11.2921 -0.98131 0.0317421 0.189839 0.40413
0.013043 0.0398223 -0.999128 -0.125725 -0.0457948 0.998191 0.0391872 11.34 0.998873 0.0452429 0.0148428 0.455998
-0.213875 -0.045494 0.975808 -0.0117635 0.038149 0.997773 0.0548792 11.3939 -0.976123 0.0489626 -0.211662 0.384
0.406002 0.0373275 -0.913117 -0.108767 -0.0409224 0.998915 0.0226398 11.4399 0.912963 0.0281745 0.407086 0.481734
-0.581499 -0.0396144 0.812591 -0.0332918 0.0300448 0.997096 0.0701089 11.4954 -0.813001 0.0651814 -0.578615 0.370807
0.733264 0.0283028 -0.679365 -0.0847583 -0.0299176 0.999518 0.00935033 11.5403 0.679296 0.0134683 0.733751 0.498943
-0.855022 -0.0278139 0.517858 -0.0600086 0.0165892 0.996592 0.080915 11.5965 -0.51834 0.0777741 -0.85164 0.367386
0.941869 0.0142085 -0.335699 -0.0576348 -0.0145611 0.999902 0.00146926 11.641 0.335684 0.00350418 0.941976 0.505537
-0.990184 -0.0120022 0.139305 -0.08764 -4.04926e-05 0.996343 0.0855489 11.697 -0.139821 0.0847028 -0.986555 0.374988
0.998063 -0.0026746 0.0622692 -0.0318347 0.00266201 1.00001 0.000271931 11.7423 -0.0622697 -0.00010547 0.998067 0.501148
-0.965112 0.00526214 -0.261812 -0.111764 -0.0171531 0.996389 0.0832607 11.7972 0.261302 0.0848464 -0.961529 0.393083
0.89275 -0.0196145 0.45014 -0.0115824 0.0189647 0.999812 0.0059521 11.8439 -0.450168 0.00322345 0.892947 0.487187
-0.783863 0.0211854 -0.620583 -0.128526 -0.0319796 0.996723 0.0744208 11.897 0.620121 0.0781816 -0.780611 0.419441
0.642974 -0.03387 0.765148 -0.000204638 0.0317089 0.999352 0.0175906 11.9458 -0.765241 0.0129523 0.643626 0.46661
-0.475768 0.0331907 -0.878952 -0.135264 -0.0421206 0.997291 0.0604595 11.9966 0.87857 0.0657869 -0.473077 0.450496
0.289153 -0.0431342 0.956318 0.000407979 0.0388323 0.9987 0.0333041 12.0478 -0.956503 0.0275066 0.290449 0.443446
-0.0906824 0.0393356 -0.99511 -0.130936 -0.0459352 0.998001 0.0436361 12.0962 0.994828 0.049668 -0.0886934 0.481921
-0.111458 -0.045908 0.992716 -0.0098931 0.0391822 0.997962 0.0505497 12.1496 -0.993004 0.0445314 -0.109431 0.422143
0.309079 0.0386255 -0.950259 -0.116293 -0.0428061 0.998737 0.026673 12.1961 0.950081 0.0324333 0.310339 0.509331
-0.494031 -0.0417426 0.86845 -0.0294904 0.0327019 0.997258 0.0665369 12.2512 -0.868838 0.0612715 -0.491307 0.406847
0.658827 0.0311754 -0.751658 -0.0937523 -0.0332396 0.999381 0.0123152 12.2963 0.75157 0.0168718 0.65945 0.528988
-0.796659 -0.0313119 0.60363 -0.0552621 0.0204402 0.9967 0.0786786 12.3524 -0.604097 0.0750182 -0.793382 0.400732
0.901965 0.0181909 -0.431444 -0.0670121 -0.0187838 0.999829 0.00288601 12.3969 0.431419 0.00550155 0.902144 0.53841
-0.970369 -0.016304 0.24111 -0.0830872 0.00438116 0.99638 0.0850099 12.4531 -0.241621 0.0835469 -0.966776 0.405487
0.999147 0.00177316 -0.0414341 -0.0404487 -0.0017779 1.00001 -8.86843e-05 12.4981 0.0414341 0.000162564 0.999149 0.536773
-0.987051 0.000852738 -0.160448 -0.108513 -0.0128765 0.99635 0.0845064 12.5533 0.159933 0.0854775 -0.983428 0.42104
0.934649 -0.0154212 0.35526 -0.01841 0.0150261 0.999889 0.00387248 12.5996 -0.355277 0.00171878 0.934768 0.525039
-0.844008 0.0173818 -0.536064 -0.127473 -0.0285401 0.996613 0.0772495 12.6532 0.535586 0.0804976 -0.840645 0.445575
0.718906 -0.0306096 0.694444 -0.00451179 0.0289091 0.999492 0.0141285 12.7015 -0.694517 0.00991838 0.719419 0.505806
-0.564384 0.0306086 -0.824954 -0.13695 -0.040075 0.997128 0.0644135 12.7528 0.824549 0.069413 -0.561532 0.475819
0.386831 -0.0413344 0.921232 -0.00105248 0.0376244 0.998881 0.0290198 12.8034 -0.921392 0.0234345 0.38795 0.482886
-0.193431 0.0383927 -0.98037 -0.13546 -0.0456145 0.997812 0.0480756 12.8524 0.980062 0.0540175 -0.191254 0.507578
-0.00783964 -0.04586 0.998925 -0.00864133 0.0397618 0.998154 0.0461365 12.9053 -0.999187 0.04008 -0.00600152 0.460686
0.208826 0.0394744 -0.977164 -0.123292 -0.0442624 0.998553 0.0308796 12.9522 0.976959 0.0368024 0.210269 0.536411
-0.40124 -0.0434542 0.91495 -0.0260997 0.0349754 0.997429 0.062709 13.007 -0.915314 0.0571612 -0.398685 0.443498
0.577291 0.0336788 -0.815853 -0.102466 -0.0362373 0.999232 0.0156081 13.0523 0.815744 0.0205533 0.578063 0.558351
-0.729711 -0.0345061 0.682896 -0.050652 0.0240397 0.996824 0.0760553 13.1083 -0.683346 0.071914 -0.726557 0.434802
0.852341 0.0219436 -0.522541 -0.076401 -0.0228379 0.999738 0.00473243 13.1529 0.522504 0.00789989 0.852611 0.570547
-0.940097 -0.0204639 0.340315 -0.0783745 0.00872429 0.996437 0.0840158 13.2091 -0.340819 0.0819513 -0.93656 0.436704
0.989465 0.00616793 -0.144693 -0.049364 -0.00623254 0.999991 1.2435e-05 13.2539 0.14469 0.000889562 0.989486 0.571724
-0.998355 -0.00359974 -0.0573573 -0.104831 -0.00849238 0.996329 0.0853024 13.3094 0.0568389 0.0856486 -0.994712 0.449595
0.966476 -0.0110955 0.256549 -0.0257798 0.0108917 0.999949 0.00221194 13.3553 -0.256558 0.000656821 0.966538 0.562391
-0.895057 0.0133573 -0.445769 -0.125789 -0.0248244 0.99652 0.0797068 13.4094 0.445278 0.0824077 -0.891602 0.472088
0.787092 -0.027053 0.616256 -0.00951429 0.0257639 0.999618 0.010975 13.4571 -0.616311 0.0072393 0.787481 0.544757
-0.646919 0.0276632 -0.762067 -0.137907 -0.0376288 0.996977 0.0681345 13.5091 0.761641 0.0727531 -0.643916 0.501243
0.480341 -0.0391224 0.876218 -0.00324899 0.0359772 0.999053 0.0248836 13.5591 -0.876353 0.0195718 0.48129 0.522374
-0.294095 0.0370031 -0.955068 -0.139273 -0.0448336 0.997627 0.0524581 13.6087 0.954733 0.0582471 -0.291735 0.53304
0.0958636 -0.0453506 0.994369 -0.00804718 0.0398791 0.998345 0.041687 13.661 -0.994604 0.0356588 0.0975128 0.499563
0.106322 0.0398655 -0.99354 -0.129716 -0.045273 0.998365 0.0352145 13.7084 0.99331 0.041237 0.107952 0.563032
-0.304126 -0.0447297 0.95159 -0.0231819 0.0368381 0.997609 0.0586661 13.7627 -0.951929 0.0528969 -0.301747 0.480715
0.489535 0.0357873 -0.871258 -0.110832 -0.0388758 0.999071 0.0191939 13.8084 0.871127 0.0244754 0.490466 0.587066
-0.654899 -0.0373602 0.754803 -0.0462533 0.0273462 0.996962 0.0730733 13.8641 -0.755233 0.0684967 -0.651882 0.469578
0.793533 0.0254283 -0.60801 -0.0857254 -0.0266773 0.999631 0.00698888 13.9088 0.607957 0.0106747 0.79391 0.601951
-0.899696 -0.0244347 0.435852 -0.0735777 0.0129395 0.996512 0.0825773 13.9651 -0.436345 0.0799339 -0.896232 0.468654
0.969122 0.0104649 -0.246393 -0.0585093 -0.0106513 0.999954 0.000574425 14.0097 0.246386 0.00206816 0.969179 0.605977
-0.998901 -0.00804475 0.0463506 -0.100783 -0.00405066 0.996329 0.0856401 14.0655 -0.0468692 0.0853577 -0.995257 0.47879
0.987889 -0.00668154 0.155073 -0.0336369 0.00660867 0.999989 0.000988543 14.1111 -0.155076 4.84586e-05 0.987912 0.599192
-0.936462 0.00915741 -0.350672 -0.123515 -0.020875 0.996444 0.081766 14.1656 0.35017 0.0838903 -0.932932 0.499046
0.846796 -0.0232364 0.531425 -0.0151825 0.0223097 0.999729 0.00816421 14.2128 -0.531465 0.00494243 0.847077 0.583392
-0.722483 0.0243881 -0.69097 -0.138146 -0.034811 0.996838 0.071582 14.2653 0.690524 0.0757693 -0.719343 0.526843
0.568676 -0.0365207 0.821761 -0.00618187 0.0339111 0.999217 0.0209403 14.3147 -0.821873 0.0159581 0.569464 0.561834
-0.39159 0.0351827 -0.919476 -0.142358 -0.0436035 0.997448 0.0567361 14.3649 0.919116 0.0623088 -0.389052 0.558381
0.198534 -0.0443848 0.979097 -0.00814091 0.0395354 0.998535 0.0372493 14.4167 -0.979306 0.031313 0.199996 0.538704
0.00267255 0.0397945 -0.999213 -0.135518 -0.0458297 0.998174 0.0396306 14.4646 0.998955 0.0456869 0.00449111 0.589256
-0.203734 -0.0455561 0.977975 -0.0207921 0.0382725 0.997794 0.0544521 14.5185 -0.978288 0.0485223 -0.201538 0.518445
0.396504 0.037477 -0.917277 -0.118782 -0.0411294 0.9989 0.0230336 14.5645 0.917122 0.0285935 0.397605 0.615171
-0.573031 -0.0398451 0.818575 -0.0421375 0.0303268 0.997114 0.069765 14.62 -0.818984 0.0648013 -0.570163 0.505034
0.726174 0.0286054 -0.686928 -0.0949091 -0.0302631 0.999507 0.00963078 14.6648 0.686858 0.0137946 0.726674 0.632631
-0.8496 -0.028176 0.526691 -0.0687726 0.016984 0.996605 0.0807099 14.721 -0.527172 0.0775155 -0.846227 0.501339
0.938336 0.0146153 -0.345441 -0.0678106 -0.0149893 0.999898 0.001591 14.7656 0.345425 0.00368495 0.938449 0.639509
-0.988684 -0.012437 0.149558 -0.0964367 0.000403388 0.996348 0.0855159 14.8216 -0.150074 0.0846077 -0.985058 0.508658
0.998657 -0.00222951 0.051925 -0.0419214 0.00222051 1.00001 0.000215277 14.8668 -0.0519251 -9.94429e-05 0.998661 0.635391
-0.967777 0.004825 -0.251799 -0.120703 -0.0167321 0.996387 0.0834052 14.9217 0.251288 0.0849302 -0.964189 0.526505
0.897376 -0.0192031 0.440867 -0.0214804 0.0185813 0.999823 0.00572623 14.9684 -0.440894 0.00305377 0.897565 0.621643
-0.790262 0.0208166 -0.61243 -0.137693 -0.0316495 0.996714 0.0747193 15.0215 0.611966 0.0784307 -0.786998 0.552692
0.650883 -0.0335589 0.758447 -0.00984484 0.0314456 0.999369 0.0172321 15.0703 -0.758538 0.0126344 0.651521 0.601189
-0.484865 0.03295 -0.873978 -0.144708 -0.0419349 0.997277 0.0608638 15.1212 0.873594 0.066161 -0.482158 0.583678
0.299065 -0.0429737 0.953274 -0.00894699 0.0387317 0.998721 0.0328709 15.1723 -0.953457 0.027092 0.300344 0.578036
-0.101006 0.0392619 -0.99412 -0.140662 -0.0459239 0.997984 0.0440808 15.2208 0.993835 0.0501067 -0.0989982 0.61515
-0.101146 -0.0459241 0.99382 -0.0189816 0.0392606 0.997984 0.0501121 15.2742 -0.994107 0.0440871 -0.0991378 0.556631
0.2992 0.0387307 -0.953413 -0.126258 -0.0429711 0.998721 0.0270861 15.3206 0.953233 0.0328656 0.300478 0.642713
-0.484989 -0.0419326 0.873525 -0.0383743 0.0329467 0.997277 0.0661656 15.3758 -0.873911 0.0608695 -0.482281 0.541136
0.650991 0.0314426 -0.758446 -0.103878 -0.0335541 0.999369 0.0126299 15.4208 0.758357 0.0172277 0.651628 0.662606
-0.790349 -0.0316452 0.611854 -0.0640364 0.0208116 0.996714 0.0784337 15.4769 -0.612319 0.0747235 -0.787084 0.534758
0.897439 0.0185768 -0.440767 -0.0771925 -0.019197 0.999823 0.00305143 15.5215 0.440742 0.00572348 0.897627 0.672309
-0.967812 -0.0167265 0.251152 -0.0918646 0.00481919 0.996387 0.0849311 15.5776 -0.251663 0.0834073 -0.964225 0.539228
0.998665 0.00221524 -0.0517844 -0.0505687 -0.00222289 1.00001 -9.93013e-05 15.6226 0.0517844 0.000214659 0.998669 0.67095
-0.988663 0.000409279 -0.150213 -0.117405 -0.0124427 0.996349 0.0846064 15.6779 0.149697 0.0855156 -0.985037 0.55452
0.938287 -0.0149944 0.345557 -0.0283645 0.0146214 0.999899 0.00368755 15.7241 -0.345574 0.00159264 0.938401 0.659448
-0.849525 0.0169892 -0.527291 -0.136575 -0.0281808 0.996606 0.0775122 15.7778 0.526812 0.0807072 -0.846154 0.57886
0.726077 -0.0302671 0.68696 -0.0142225 0.02861 0.999508 0.0137992 15.826 -0.687032 0.00963442 0.726578 0.640364
-0.572916 0.0303304 -0.819064 -0.146321 -0.0398483 0.997115 0.0647964 15.8774 0.818657 0.0697602 -0.570049 0.609008
0.396374 -0.0411317 0.917177 -0.0104807 0.0374795 0.998901 0.0285994 15.928 -0.917335 0.0230387 0.397476 0.617485
-0.203595 0.0382739 -0.978316 -0.145115 -0.0455572 0.997795 0.0485167 15.977 0.978005 0.0544462 -0.201401 0.640784
0.00253129 -0.0458299 0.998955 -0.0177939 0.0397944 0.998175 0.0456932 16.0299 -0.999215 0.0396364 0.00435063 0.595211
0.198673 0.0395343 -0.979278 -0.133203 -0.0443836 0.998537 0.0313076 16.0768 0.979071 0.0372432 0.200134 0.669745
-0.39172 -0.0436014 0.919061 -0.0350282 0.0351803 0.997449 0.0623143 16.1315 -0.919423 0.0567416 -0.389182 0.577846
0.568793 0.0339076 -0.821793 -0.112561 -0.0365175 0.999218 0.0159537 16.1769 0.821682 0.0209349 0.56958 0.691903
-0.722582 -0.034807 0.690423 -0.0594441 0.0243837 0.99684 0.0757733 16.2328 -0.69087 0.0715864 -0.719441 0.5689
0.846872 0.0223044 -0.531346 -0.0865784 -0.0232317 0.999731 0.00493978 16.2774 0.531307 0.00816055 0.847153 0.704372
-0.936513 -0.0208696 0.350039 -0.0871401 0.00915176 0.996446 0.0838921 16.3336 -0.350541 0.0817686 -0.932982 0.570518
0.987912 0.00660224 -0.154937 -0.0595102 -0.00667623 0.999991 4.79743e-05 16.3784 0.154935 0.00098715 0.987935 0.705833
-0.998896 -0.00404476 -0.04701 -0.113684 -0.00805063 0.996331 0.085357 16.434 0.0464914 0.0856405 -0.995252 0.583137
0.969088 -0.0106579 0.246523 -0.0357855 0.01047 0.999956 0.00206994 16.4799 -0.246531 0.00057555 0.969146 0.696748
-0.899635 0.0129451 -0.436472 -0.134829 -0.0244398 0.996514 0.0799308 16.534 0.43598 0.0825755 -0.896172 0.605416
0.793448 -0.0266829 0.608069 -0.019293 0.0254322 0.999633 0.0106785 16.5816 -0.608123 0.00699235 0.793826 0.679287
-0.654794 0.0273505 -0.755326 -0.147205 -0.0373637 0.996965 0.0684918 16.6337 0.754897 0.0730696 -0.651777 0.634446
0.489413 -0.0388797 0.871197 -0.0127508 0.0357894 0.999073 0.0244805 16.6836 -0.87133 0.0191992 0.490345 0.656973
-0.303991 0.0368405 -0.951973 -0.148856 -0.0447308 0.997611 0.0528909 16.7333 0.951635 0.0586611 -0.301614 0.666231
0.106182 -0.0452745 0.993325 -0.0172671 0.0398655 0.998367 0.0412426 16.7855 -0.993558 0.0352207 0.107812 0.634118
0.0960044 0.0398793 -0.994592 -0.139566 -0.0453492 0.998348 0.0356527 16.833 0.994358 0.0416816 0.0976528 0.696324
-0.29423 -0.0448327 0.954693 -0.0321605 0.0370008 0.997629 0.0582524 16.8873 -0.95503 0.0524644 -0.29187 0.615117
0.480466 0.0359752 -0.876286 -0.120887 -0.0391186 0.999057 0.0195667 16.933 0.876153 0.0248786 0.481414 0.720555
-0.647028 -0.0376255 0.76155 -0.0550704 0.0276591 0.99698 0.0727572 16.9887 -0.761979 0.0681397 -0.644025 0.603745
0.78718 0.02576 -0.616201 -0.0958922 -0.0270474 0.999622 0.00723589 17.0334 0.616147 0.0109714 0.787569 0.735703
-0.895122 -0.0248194 0.445152 -0.082339 0.0133518 0.996523 0.0824099 17.0896 -0.445644 0.0797102 -0.891667 0.60254
0.966514 0.0108867 -0.256422 -0.0686744 -0.0110889 0.999952 0.00065574 17.1343 0.256414 0.00221021 0.966576 0.740014
-0.998365 -0.00848654 0.0566984 -0.109603 -0.00360567 0.996333 0.0856486 17.1901 -0.0572168 0.0853035 -0.994722 0.612398
0.989447 -0.00623786 0.14483 -0.043688 0.00617443 0.999994 0.000891 17.2356 -0.144832 1.29342e-05 0.989468 0.733491
-0.940051 0.00872998 -0.340952 -0.1325 -0.0204693 0.99644 0.081949 17.2901 0.340449 0.0840144 -0.936514 0.632421
0.852269 -0.0228426 0.522624 -0.0250258 0.0219491 0.999742 0.00790363 17.3373 -0.522663 0.00473512 0.852539 0.717887
