1 0 0 0 0 1 0 0 0 0 1 0
0.999995 0.0030295 -8.05361e-05 -0.00693138 -0.00302938 0.999994 0.00142868 -0.0199212 8.48639e-05 -0.00142843 0.999999 0.800753
0.999985 0.00551139 -0.00012778 -0.0141373 -0.00551116 0.999983 0.00175053 -0.0390818 0.000137426 -0.0017498 0.999998 1.5731
0.999977 0.00675602 0.000282158 -0.0253307 -0.00675644 0.999976 0.00149398 -0.0524373 -0.000272058 -0.00149586 0.999999 2.31685
0.999967 0.00808216 -0.000746052 -0.00267326 -0.00808232 0.999967 -0.000211914 -0.0346151 0.000744315 0.000217937 1 3.03957
0.999968 0.00806117 8.73077e-05 -0.0308273 -0.0080611 0.999967 -0.000748246 -0.0446984 -9.33368e-05 0.000747518 1 3.77518
0.999968 0.00796405 -0.00062134 -0.019648 -0.00796365 0.999968 0.000638936 -0.0677934 0.000626409 -0.000633968 1 4.47727
0.999958 0.00912638 -0.00129519 -0.00378708 -0.00912247 0.999954 0.00299133 -0.0847427 0.00132243 -0.00297939 0.999995 5.22066
0.99996 0.00877403 -0.00186303 0.0402131 -0.00876082 0.999937 0.00698221 -0.0979718 0.00192417 -0.00696561 0.999974 5.90319
0.999973 0.00732219 -0.000867666 0.0459336 -0.00731395 0.999931 0.00914777 -0.0876205 0.000934588 -0.00914117 0.999958 6.48923
0.999979 0.00643081 0.00059556 0.03411 -0.00643618 0.999934 0.00950595 -0.0783719 -0.00053439 -0.00950959 0.999955 7.1506
0.999976 0.00686391 0.000778734 0.0525589 -0.00687035 0.999939 0.00859529 -0.0808094 -0.00071969 -0.00860043 0.999963 7.76304
0.999968 0.00749462 0.00283622 0.0338451 -0.00750711 0.999962 0.00442278 -0.0637694 -0.00280296 -0.00444393 0.999986 8.37745
0.999968 0.00742987 0.00302259 0.0418773 -0.00743442 0.999971 0.00149954 -0.0769922 -0.00301136 -0.00152197 0.999994 8.90893
0.999953 0.00662569 0.00706831 -0.00872077 -0.00660706 0.999975 -0.00265682 -0.0373123 -0.00708573 0.00260999 0.999971 9.4503
0.999947 0.0027287 0.00990253 -0.0237757 -0.00267211 0.99998 -0.00572345 -0.0385689 -0.00991794 0.00569669 0.999935 9.93223
0.999925 0.000911019 0.0122479 -0.0307177 -0.000833183 0.999979 -0.00635859 -0.0613637 -0.0122534 0.00634791 0.999905 10.3685
0.99987 0.00582806 0.0150353 -0.0326365 -0.00570591 0.99995 -0.00815405 -0.0804704 -0.0150821 0.0080672 0.999854 10.8359
0.999805 0.00988068 0.0171252 -0.022387 -0.00973923 0.999918 -0.0083234 -0.095282 -0.017206 0.00815498 0.999819 11.2085
0.999751 0.0101142 0.0199165 -0.00462494 -0.00998061 0.999927 -0.00679772 -0.132352 -0.0199838 0.00659724 0.999779 11.533
0.999734 0.00632268 0.0221732 0.0353355 -0.00619269 0.999963 -0.00592609 -0.148439 -0.0222098 0.00578721 0.999737 11.874
0.999683 0.00252648 0.0250586 0.0464625 -0.00232391 0.999964 -0.00810985 -0.120396 -0.0250782 0.00804905 0.999653 12.1617
0.999634 -0.00179438 0.026977 0.0646325 0.00197154 0.999977 -0.00654177 -0.139157 -0.0269646 0.00659256 0.999615 12.4249
0.999596 -0.0023046 0.0283175 0.0904524 0.00245651 0.999983 -0.00533099 -0.152682 -0.0283047 0.0053984 0.999585 12.6492
0.999574 -0.00123015 0.0291743 0.114483 0.00141041 0.99998 -0.00615897 -0.163392 -0.0291661 0.00619749 0.999555 12.8612
0.999525 0.000537289 0.0308269 0.129564 -0.000281874 0.999966 -0.00828917 -0.15566 -0.0308303 0.00827654 0.99949 13.0487
0.999432 0.00342896 0.0335298 0.125892 -0.00309026 0.999944 -0.0101482 -0.147013 -0.0335628 0.0100388 0.999386 13.2252
0.999383 0.00622429 0.0345554 0.141715 -0.00587376 0.99993 -0.0102363 -0.161976 -0.0346167 0.010027 0.99935 13.3936
0.999329 0.0076952 0.0358072 0.149234 -0.00725875 0.999898 -0.0123027 -0.161751 -0.0358983 0.0120345 0.999283 13.558
0.999303 0.00615771 0.0368275 0.176706 -0.00565177 0.999889 -0.0138266 -0.174105 -0.0369086 0.0136088 0.999226 13.7126
0.999254 0.00541728 0.0382325 0.183119 -0.00484421 0.999875 -0.0150659 -0.178286 -0.0383093 0.0148695 0.999155 13.8564
0.999123 0.00679578 0.0413061 0.167553 -0.00606384 0.999823 -0.0178196 -0.148534 -0.0414199 0.0175535 0.998988 13.9932
0.999098 0.00726559 0.0418279 0.186632 -0.006466 0.999794 -0.0192198 -0.15574 -0.0419589 0.018932 0.99894 14.1202
0.99906 0.0079931 0.0425993 0.203153 -0.00710815 0.999757 -0.0208849 -0.158887 -0.0427559 0.0205625 0.998874 14.2504
0.999026 0.00801028 0.0433914 0.206397 -0.00701022 0.999708 -0.0231507 -0.161391 -0.0435641 0.022824 0.99879 14.3714
0.999013 0.00734746 0.0438033 0.216022 -0.00622066 0.999648 -0.0258051 -0.162245 -0.0439775 0.0255072 0.998707 14.4974
0.999052 0.00671791 0.0430216 0.229507 -0.00552234 0.999597 -0.0278489 -0.166361 -0.0431913 0.0275849 0.998686 14.622
0.999125 0.00682814 0.0412741 0.226984 -0.00561629 0.999552 -0.0294059 -0.164532 -0.0414564 0.0291483 0.998715 14.7518
0.99923 0.00724415 0.0385609 0.223673 -0.00605911 0.999509 -0.0307602 -0.165137 -0.0387648 0.0305029 0.998783 14.872
0.9994 0.00767428 0.0337836 0.234236 -0.00658655 0.99946 -0.0321912 -0.166239 -0.0340124 0.0319493 0.998911 15.0088
0.99958 0.00809863 0.0278373 0.235104 -0.00717647 0.999427 -0.0330686 -0.175081 -0.0280892 0.0328549 0.999065 15.1237
0.999744 0.00860309 0.0209452 0.23322 -0.0078771 0.999374 -0.0345007 -0.168487 -0.0212288 0.0343269 0.999185 15.2478
0.999847 0.0102299 0.0141877 0.221719 -0.00969467 0.999257 -0.0372946 -0.141779 -0.0145587 0.0371513 0.999204 15.3902
0.999873 0.010909 0.0115989 0.141023 -0.010433 0.999132 -0.0403326 -0.116251 -0.0120288 0.0402064 0.999119 15.5846
0.999926 0.0119916 0.002227 0.135923 -0.0118842 0.998996 -0.0432043 -0.0903541 -0.00274285 0.0431746 0.999064 15.7408
0.999878 0.0101602 -0.0118399 0.153016 -0.010665 0.999002 -0.0433815 -0.12502 0.0113873 0.0435025 0.998988 15.8775
0.999566 0.00960325 -0.0278475 0.130513 -0.0108529 0.998925 -0.0450748 -0.131253 0.0273847 0.0453575 0.998595 16.036
0.998887 0.00981087 -0.0461376 0.0849564 -0.0119187 0.998887 -0.0456358 -0.139796 0.0456386 0.0461349 0.997892 16.1969
0.997754 0.0113317 -0.0660183 0.0174776 -0.0143338 0.998876 -0.0451783 -0.145713 0.0654322 0.0460231 0.996795 16.3824
0.996246 0.0110741 -0.0858575 -0.102044 -0.0149458 0.998894 -0.0445839 -0.149136 0.0852688 0.0456997 0.995309 16.578
0.993706 0.0115365 -0.111425 -0.179601 -0.0165265 0.998897 -0.0439641 -0.14505 0.110795 0.0455289 0.9928 16.7895
0.990239 0.0118916 -0.138872 -0.283199 -0.0182957 0.998823 -0.0449299 -0.108904 0.138175 0.0470321 0.98929 17.0033
0.98534 0.011833 -0.170191 -0.38113 -0.0192361 0.998936 -0.0419157 -0.111182 0.169514 0.044575 0.984519 17.2116
0.978559 0.013203 -0.205542 -0.49639 -0.0213798 0.999064 -0.0376117 -0.127144 0.204853 0.0411997 0.977925 17.4638
0.970902 0.0152388 -0.23899 -0.692154 -0.0236122 0.999202 -0.0322126 -0.130055 0.238309 0.0369183 0.970487 17.6774
0.960162 0.0193596 -0.27877 -0.853575 -0.0276574 0.999283 -0.0258633 -0.164346 0.27807 0.032543 0.960009 17.9575
0.948543 0.0248821 -0.31567 -1.05913 -0.0334286 0.999206 -0.0216876 -0.168258 0.314879 0.0311241 0.948621 18.1763
0.932967 0.0278511 -0.358883 -1.19542 -0.0356455 0.99925 -0.0151186 -0.181107 0.358192 0.0268977 0.93326 18.4411
0.915171 0.0319148 -0.4018 -1.38272 -0.0380066 0.999252 -0.00719658 -0.191899 0.401269 0.0218571 0.915699 18.7393
0.896931 0.0405765 -0.440304 -1.63731 -0.0452492 0.998976 -0.000114703 -0.204874 0.439848 0.0200263 0.897849 18.9686
0.873381 0.0437883 -0.485064 -1.84992 -0.0472557 0.99887 0.00508522 -0.192234 0.484739 0.0184807 0.874464 19.2632
0.84764 0.04766 -0.528426 -2.07772 -0.0511512 0.998659 0.00802046 -0.174955 0.5281 0.0202312 0.848941 19.5185
0.819376 0.0518217 -0.570909 -2.36517 -0.0562332 0.998368 0.00991579 -0.161576 0.570491 0.0239793 0.820953 19.8061
0.78918 0.0543893 -0.611749 -2.69729 -0.0574028 0.998243 0.0146999 -0.152523 0.611474 0.0235153 0.790915 20.0742
0.753405 0.0586126 -0.654939 -2.97632 -0.0607241 0.997965 0.0194575 -0.13334 0.654747 0.0251112 0.755431 20.3537
0.716587 0.0592506 -0.694976 -3.30545 -0.059224 0.997956 0.0240156 -0.114593 0.694979 0.02395 0.718631 20.6271
0.677414 0.0588701 -0.733242 -3.66736 -0.0567685 0.998003 0.0276809 -0.108292 0.733408 0.0228736 0.679403 20.9153
0.635816 0.057432 -0.769701 -4.01881 -0.0529412 0.998124 0.0307436 -0.0872727 0.770023 0.0212016 0.637664 21.1748
0.591976 0.057613 -0.803893 -4.41081 -0.0468835 0.998214 0.0370151 -0.0976089 0.80459 0.0157772 0.59362 21.4342
0.545029 0.0583903 -0.836382 -4.84216 -0.0442711 0.998184 0.040837 -0.080992 0.837248 0.0147702 0.546624 21.6979
0.495315 0.0581124 -0.866767 -5.29469 -0.0446779 0.998143 0.0413894 -0.0602171 0.867564 0.0182245 0.496992 21.9335
0.44487 0.0570572 -0.893776 -5.77799 -0.0401407 0.998235 0.0437461 -0.0401893 0.894695 0.0164155 0.446375 22.1289
0.391594 0.0543073 -0.918534 -6.19738 -0.0339078 0.99843 0.0445754 0.00798775 0.919513 0.0136901 0.39282 22.3111
0.338143 0.0546711 -0.939505 -6.74672 -0.0327586 0.998389 0.0463073 0.0232601 0.940525 0.0151183 0.339389 22.4792
0.285803 0.0614638 -0.956315 -7.30735 -0.0362451 0.99792 0.0533057 0.0362191 0.957603 0.0194268 0.287436 22.6048
0.235112 0.0691426 -0.969506 -7.89822 -0.0369168 0.997382 0.062178 0.0325273 0.971267 0.0211722 0.237049 22.7209
-0.110695 0.163548 -0.980305 -9.12377 0.161912 0.976157 0.144573 -0.172609 0.980577 -0.142719 -0.134536 22.9075
-0.418616 0.296928 -0.858251 -10.1321 0.369787 0.91888 0.137539 -0.176767 0.829469 -0.259794 -0.494458 22.5927
-0.148102 0.714659 0.683614 -9.49136 -0.159742 0.664873 -0.729675 -1.24717 -0.975986 -0.217269 0.0156921 22.4702
0.566115 0.379845 -0.731595 -10.3574 -0.258243 0.924553 0.280198 -1.16665 0.782831 0.0303052 0.621496 23.3729
-0.862763 0.505137 0.0218188 -10.6143 0.431041 0.757394 -0.490466 -1.85133 -0.264279 -0.413752 -0.871187 22.3548
0.740468 0.636744 0.215092 -10.3523 -0.588384 0.768824 -0.250425 -2.44588 -0.324824 0.0588751 0.94394 23.4268
-0.430879 0.298003 -0.851785 -11.541 0.375702 0.917445 0.130925 -2.4214 0.820482 -0.263605 -0.507268 23.0298
-0.134343 0.715789 0.685273 -10.8958 -0.168491 0.664971 -0.727615 -3.49103 -0.976505 -0.213212 0.0312699 22.9252
0.556062 0.376938 -0.740751 -11.7743 -0.249969 0.925829 0.283471 -3.4052 0.79266 0.0275376 0.609042 23.8153
-0.860218 0.508723 0.0350102 -12.0155 0.426371 0.755227 -0.497835 -4.09927 -0.279701 -0.413319 -0.866565 22.7998
0.746393 0.633836 0.202853 -11.7665 -0.589084 0.771062 -0.241748 -4.6839 -0.309641 0.0609413 0.948898 23.8803
-0.443033 0.299134 -0.845127 -12.9498 0.381507 0.915981 0.124219 -4.66612 0.811279 -0.267389 -0.519933 23.4669
-0.120555 0.716862 0.686713 -12.3004 -0.177206 0.665107 -0.725417 -5.73481 -0.976762 -0.209142 0.0468504 23.3803
0.545854 0.374065 -0.749745 -13.1911 -0.24164 0.927073 0.286612 -5.6438 0.80228 0.0247197 0.596436 24.2576
-0.85745 0.512308 0.0481566 -13.4166 0.421576 0.753074 -0.505126 -6.3472 -0.295046 -0.412819 -0.8617 23.2449
0.752112 0.630894 0.190525 -13.1809 -0.589637 0.773311 -0.233063 -6.92188 -0.294373 0.0629483 0.953615 24.3337
-0.455077 0.300321 -0.838279 -14.3584 0.387199 0.914488 0.117425 -6.91091 0.801861 -0.271144 -0.532446 23.9041
-0.106742 0.71788 0.687935 -13.705 -0.185884 0.665281 -0.723082 -7.9785 -0.976756 -0.205059 0.0624296 23.8355
0.535494 0.371228 -0.758574 -14.6079 -0.233256 0.928284 0.289619 -7.88247 0.811688 0.0218529 0.583682 24.6998
-0.854461 0.515892 0.0612547 -14.8177 0.416658 0.750935 -0.51234 -8.59512 -0.31031 -0.412252 -0.856595 23.6901
0.757624 0.627919 0.178112 -14.5953 -0.590043 0.775568 -0.224371 -9.15981 -0.279025 0.0648958 0.958088 24.7869
-0.467005 0.301562 -0.831244 -15.7669 0.392776 0.912966 0.110542 -9.15579 0.792233 -0.274869 -0.544807 24.3412
-0.0929065 0.718841 0.688937 -15.1098 -0.194524 0.665492 -0.72061 -10.2221 -0.976488 -0.200964 0.0780029 24.2908
0.524985 0.368428 -0.767237 -16.0247 -0.224822 0.929463 0.292494 -10.1212 0.820881 0.0189368 0.570785 25.1418
-0.85125 0.519472 0.0743006 -16.2188 0.411618 0.748811 -0.519472 -10.843 -0.325489 -0.411618 -0.85125 24.1355
0.762926 0.624912 0.165615 -16.0098 -0.590303 0.777833 -0.215677 -11.3977 -0.2636 0.0667828 0.962318 25.2401
-0.478816 0.302858 -0.824021 -17.1753 0.398238 0.911415 0.103574 -11.4007 0.782394 -0.278564 -0.55701 24.7785
-0.0790541 0.719746 0.689721 -16.5147 -0.203122 0.665741 -0.718004 -12.4656 -0.975957 -0.196859 0.093567 24.7461
0.514328 0.365664 -0.775729 -17.4413 -0.216338 0.930609 0.295233 -12.36 0.829857 0.0159733 0.557746 25.5837
-0.84782 0.52305 0.0872915 -17.6198 0.406457 0.746703 -0.526524 -13.0909 -0.340579 -0.410917 -0.845667 24.5811
0.768019 0.621873 0.153038 -17.4245 -0.590416 0.780106 -0.206981 -13.6356 -0.248103 0.0686093 0.9663 25.6931
-0.490506 0.304209 -0.816616 -18.5835 0.403583 0.909837 0.0965214 -13.6458 0.77235 -0.282228 -0.569054 25.2157
-0.0651867 0.720594 0.690285 -17.9197 -0.211677 0.666028 -0.715261 -14.7091 -0.975163 -0.192744 0.109117 25.2015
0.503528 0.362938 -0.784052 -18.858 -0.207808 0.931723 0.297838 -14.5988 0.838615 0.012962 0.54457 26.0255
-0.844169 0.526623 0.100223 -19.0208 0.401177 0.74461 -0.53349 -15.3388 -0.355576 -0.410149 -0.839847 25.0268
0.772899 0.618804 0.140386 -18.8392 -0.590384 0.782387 -0.198287 -15.8734 -0.232537 0.0703746 0.970038 26.146
-0.502072 0.305614 -0.809026 -19.9916 0.408809 0.908231 0.0893872 -15.8909 0.762101 -0.285859 -0.580935 25.653
-0.0513096 0.721386 0.69063 -19.3249 -0.220187 0.666353 -0.712385 -16.9524 -0.974107 -0.18862 0.12465 25.657
0.492586 0.36025 -0.792198 -20.2746 -0.199232 0.932803 0.300307 -16.8377 0.847151 0.00990528 0.531259 26.4671
-0.840302 0.530192 0.113094 -20.4217 0.395779 0.742535 -0.540371 -17.5867 -0.370476 -0.409314 -0.833792 25.4727
0.777567 0.615705 0.12766 -20.2541 -0.590203 0.784673 -0.189596 -18.1111 -0.216907 0.0720786 0.973526 26.5988
-0.513511 0.307073 -0.801258 -21.3996 0.413916 0.906599 0.0821722 -18.1361 0.751652 -0.289456 -0.59265 26.0903
-0.0374244 0.722119 0.690755 -20.7301 -0.228648 0.666713 -0.709374 -19.1957 -0.972789 -0.184488 0.14016 26.1125
0.481506 0.357601 -0.800172 -21.6911 -0.190615 0.93385 0.302639 -19.0767 0.855463 0.00680219 0.517818 26.9086
-0.836215 0.533754 0.125898 -21.8227 0.390264 0.740476 -0.547164 -19.8345 -0.385276 -0.408413 -0.827502 25.9188
0.782021 0.612576 0.114864 -21.669 -0.589878 0.786966 -0.180911 -20.3489 -0.201216 0.0737201 0.976769 27.0515
-0.52482 0.308584 -0.793309 -22.8074 0.418901 0.904939 0.0748793 -20.3813 0.741003 -0.29302 -0.604195 26.5277
-0.0235367 0.722796 0.690661 -22.1355 -0.237061 0.667113 -0.706232 -21.4388 -0.97121 -0.18035 0.155645 26.568
0.47029 0.354992 -0.807964 -23.1075 -0.181957 0.934862 0.304835 -21.3157 0.863549 0.00365529 0.504249 27.3499
-0.831914 0.537309 0.138634 -23.2236 0.384634 0.738435 -0.553868 -22.0824 -0.39997 -0.407446 -0.820982 26.3649
0.786259 0.60942 0.102003 -23.0841 -0.589404 0.789263 -0.172233 -22.5866 -0.18547 0.0752997 0.979759 27.5041
-0.535996 0.310149 -0.785186 -24.2151 0.423764 0.903253 0.0675094 -22.6267 0.73016 -0.296548 -0.61557 26.965
-0.00964892 0.723415 0.690346 -23.541 -0.24542 0.667548 -0.702955 -23.6819 -0.969368 -0.176207 0.171099 27.0237
0.458942 0.352424 -0.81558 -24.524 -0.173262 0.93584 0.306892 -23.5548 0.871408 0.00046359 0.490559 27.7911
-0.827396 0.540855 0.151297 -24.6245 0.378891 0.736412 -0.560479 -24.3302 -0.414556 -0.406414 -0.814229 26.8113
0.79028 0.606236 0.0890787 -24.4992 -0.588785 0.791567 -0.163567 -24.8242 -0.169672 0.0768155 0.982503 27.9565
-0.547035 0.311766 -0.776887 -25.6226 0.428502 0.901541 0.0600656 -24.8721 0.719123 -0.30004 -0.626767 27.4025
0.00423422 0.723976 0.689813 -24.9466 -0.253725 0.668023 -0.69955 -25.9249 -0.967267 -0.17206 0.186519 27.4793
0.447465 0.349896 -0.82301 -25.9403 -0.164531 0.936783 0.308811 -25.794 0.879035 -0.0027703 0.476747 28.2322
-0.822665 0.544394 0.163885 -26.0254 0.373036 0.734408 -0.567 -26.578 -0.429029 -0.405315 -0.807251 27.2578
0.794084 0.603025 0.0760952 -25.9144 -0.588019 0.793872 -0.154912 -27.0619 -0.153826 0.0782688 0.984992 28.4088
-0.557936 0.313436 -0.768418 -27.03 0.433116 0.899805 0.0525487 -27.1176 0.707897 -0.303495 -0.637788 27.84
0.0181102 0.724479 0.689058 -26.3524 -0.261973 0.668532 -0.696012 -28.1678 -0.964905 -0.16791 0.2019 27.9351
0.435861 0.347412 -0.83026 -27.3566 -0.155768 0.937693 0.310592 -28.0332 0.886432 -0.00604724 0.46282 28.6732
-0.817721 0.547921 0.176394 -27.4263 0.36707 0.732422 -0.573423 -28.8257 -0.443386 -0.404152 -0.800043 27.7045
0.79767 0.59979 0.0630554 -27.3297 -0.587108 0.796183 -0.146274 -29.2995 -0.137938 0.0796577 0.987233 28.861
-0.568695 0.315156 -0.759778 -28.4373 0.437603 0.898042 0.044962 -29.3631 0.696483 -0.306911 -0.648625 28.2775
0.031974 0.724925 0.688086 -27.7582 -0.270162 0.66908 -0.692347 -30.4106 -0.962284 -0.163757 0.21724 28.3908
0.424134 0.344968 -0.837321 -28.7727 -0.146973 0.938567 0.312233 -30.2725 0.893592 -0.00936442 0.44878 29.114
-0.812566 0.551438 0.18882 -28.8271 0.360996 0.730458 -0.579753 -31.0735 -0.457622 -0.402923 -0.792613 28.1513
0.801035 0.596528 0.049964 -28.7451 -0.586051 0.798495 -0.137651 -31.537 -0.122009 0.0809831 0.989218 29.3131
-0.579309 0.316929 -0.750972 -29.8445 0.441963 0.896257 0.0373061 -31.6087 0.684887 -0.310289 -0.65928 28.7151
0.045823 0.725312 0.686894 -29.1642 -0.27829 0.669663 -0.688551 -32.6534 -0.959403 -0.159604 0.232532 28.8467
0.412288 0.342569 -0.844196 -30.1889 -0.13815 0.939407 0.313735 -32.5119 0.900518 -0.0127231 0.434632 29.5548
-0.8072 0.554943 0.20116 -30.228 0.354814 0.728513 -0.585981 -33.3212 -0.471734 -0.40163 -0.784958 28.5983
0.804181 0.593244 0.036823 -30.1606 -0.584848 0.800811 -0.12905 -33.7746 -0.106047 0.0822433 0.990955 29.765
-0.589775 0.318751 -0.741999 -31.2515 0.446194 0.894446 0.0295848 -33.8544 0.673109 -0.313627 -0.669746 29.1527
0.0596523 0.725641 0.685484 -30.5703 -0.286355 0.670285 -0.684631 -34.896 -0.956265 -0.155451 0.247775 29.3025
0.400324 0.340213 -0.850879 -31.6049 -0.129301 0.940209 0.315096 -34.7514 0.907205 -0.01612 0.420378 29.9953
-0.801628 0.558436 0.213412 -31.6289 0.348527 0.72659 -0.592112 -35.5689 -0.485718 -0.400272 -0.777084 29.0454
0.807104 0.589935 0.0236375 -31.5762 -0.5835 0.803127 -0.120469 -36.0121 -0.0900531 0.0834395 0.992434 30.2168
-0.600091 0.320624 -0.732866 -32.6584 0.450295 0.892614 0.021798 -36.1002 0.661155 -0.316924 -0.680025 29.5904
0.0734598 0.72591 0.683854 -31.9766 -0.294354 0.67094 -0.680582 -37.1386 -0.952868 -0.1513 0.262961 29.7584
0.388247 0.337902 -0.857374 -33.0209 -0.120429 0.940978 0.316318 -36.9909 0.913653 -0.0195569 0.406025 30.4358
-0.795846 0.561913 0.225571 -33.0297 0.342136 0.724686 -0.598139 -37.8166 -0.499571 -0.398851 -0.76899 29.4927
0.809807 0.586606 0.0104092 -32.9918 -0.582008 0.805446 -0.111914 -38.2496 -0.0740338 0.0845698 0.993664 30.6684
-0.610254 0.322546 -0.72357 -34.0652 0.454265 0.890756 0.0139501 -38.3461 0.649025 -0.320179 -0.690108 30.0282
0.0872403 0.726123 0.682009 -33.3829 -0.302286 0.671635 -0.67641 -39.3811 -0.949217 -0.147151 0.27809 30.2144
0.376058 0.335635 -0.863671 -34.4368 -0.111534 0.941709 0.317397 -39.2304 0.919858 -0.0230301 0.391573 30.8762
-0.78986 0.565378 0.237635 -34.4305 0.335643 0.722806 -0.604066 -40.0642 -0.513288 -0.397366 -0.760682 29.9401
0.812285 0.583254 -0.00285637 -34.4076 -0.58037 0.807762 -0.103383 -40.4871 -0.0579917 0.0856355 0.994636 31.12
-0.620261 0.324519 -0.714119 -35.4718 0.458103 0.888878 0.00604089 -40.592 0.636726 -0.323392 -0.7 30.466
0.100991 0.726276 0.679944 -34.7894 -0.310147 0.672362 -0.672111 -41.6234 -0.945308 -0.143005 0.293155 30.6703
0.363764 0.333415 -0.869778 -35.8526 -0.102622 0.942406 0.318337 -41.4701 0.925821 -0.0265413 0.377029 31.3164
-0.783669 0.568825 0.2496 -35.8314 0.329049 0.720947 -0.609884 -42.3118 -0.526866 -0.395817 -0.752156 30.3877
0.814541 0.579882 -0.0161578 -35.8234 -0.578589 0.810081 -0.0948831 -42.7245 -0.0419326 0.0866347 0.995358 31.5714
-0.630108 0.326538 -0.70451 -36.8783 0.461808 0.886977 -0.00192516 -42.8379 0.624257 -0.326561 -0.709689 30.9039
0.114708 0.726371 0.677664 -36.1961 -0.317938 0.673129 -0.667693 -43.8657 -0.941147 -0.138865 0.308154 31.1263
0.351364 0.33124 -0.875683 -37.2684 -0.0936918 0.943065 0.319134 -43.7098 0.931538 -0.030087 0.362394 31.7565
-0.777278 0.572258 0.261463 -37.2322 0.322357 0.719112 -0.6156 -44.5594 -0.540302 -0.394206 -0.743422 30.8355
0.816571 0.576491 -0.0294891 -37.2393 -0.576664 0.812397 -0.086413 -44.9619 -0.0258595 0.0875688 0.995821 32.0226
-0.639796 0.328608 -0.694752 -38.2847 0.465379 0.885055 -0.00994831 -45.084 0.611625 -0.329687 -0.719182 31.3418
0.128388 0.726407 0.675166 -37.6028 -0.325653 0.673928 -0.663149 -46.1079 -0.936731 -0.13473 0.32308 31.5824
0.338865 0.329113 -0.881396 -38.6841 -0.0847488 0.94369 0.319791 -45.9496 0.93701 -0.0336688 0.347676 32.1965
-0.770684 0.575671 0.27322 -38.633 0.315568 0.717299 -0.621204 -46.8069 -0.553591 -0.392533 -0.734475 31.2834
0.818379 0.573081 -0.0428492 -38.6553 -0.574597 0.814713 -0.0779771 -47.1993 -0.00977793 0.0884358 0.996035 32.4737
-0.649318 0.330723 -0.684841 -39.691 0.468814 0.883111 -0.018024 -47.3301 0.598831 -0.332766 -0.728468 31.7798
0.142026 0.726385 0.672454 -39.0097 -0.333294 0.674765 -0.658489 -48.3501 -0.932064 -0.130602 0.337934 32.0384
0.326268 0.327032 -0.886903 -40.0996 -0.0757929 0.944276 0.320305 -48.1895 0.942233 -0.0372832 0.332874 32.6364
-0.763893 0.579068 0.28487 -40.0339 0.308684 0.715512 -0.626703 -49.0544 -0.56673 -0.390798 -0.725323 31.7315
0.819959 0.569653 -0.0562321 -40.0713 -0.572386 0.817025 -0.0695759 -49.4367 0.006309 0.0892371 0.995989 32.9247
-0.658675 0.332887 -0.674786 -41.0971 0.472114 0.881149 -0.0261526 -49.5763 0.58588 -0.335801 -0.737552 32.2179
0.15562 0.726304 0.669526 -40.4167 -0.340855 0.675635 -0.653705 -50.5921 -0.927145 -0.126481 0.352706 32.4945
0.313578 0.325001 -0.892215 -41.5151 -0.0668287 0.944827 0.320678 -50.4295 0.947208 -0.0409317 0.317996 33.0762
-0.756903 0.582443 0.296407 -41.4347 0.301706 0.713747 -0.632087 -51.3019 -0.579716 -0.389001 -0.715964 32.1797
0.821316 0.566209 -0.0696368 -41.4874 -0.570035 0.819336 -0.0612134 -51.674 0.0223957 0.089971 0.995693 33.3756
-0.667862 0.335096 -0.664582 -42.5031 0.475277 0.879164 -0.0343291 -51.8225 0.572774 -0.338788 -0.746424 32.656
0.169165 0.726165 0.666385 -41.8238 -0.348338 0.676542 -0.648807 -52.834 -0.921978 -0.122371 0.367398 32.9506
0.300796 0.323016 -0.897318 -42.9305 -0.0578566 0.945339 0.320909 -52.6695 0.951931 -0.0446111 0.303043 33.5159
-0.74972 0.585801 0.307831 -42.8356 0.294637 0.712009 -0.637363 -53.5493 -0.592545 -0.387144 -0.706406 32.6281
0.822445 0.562748 -0.083057 -42.9036 -0.567541 0.821642 -0.0528902 -53.9114 0.0384793 0.0906388 0.995138 33.8263
-0.676879 0.337352 -0.65424 -43.909 0.478303 0.877162 -0.0425543 -54.0688 0.559519 -0.341728 -0.75509 33.0943
0.182659 0.725967 0.663029 -43.2311 -0.355737 0.677482 -0.643789 -55.0759 -0.916561 -0.11827 0.382001 33.4068
0.287928 0.321083 -0.902223 -44.3459 -0.0488809 0.945817 0.320998 -54.9096 0.956403 -0.0483225 0.288022 33.9554
-0.742341 0.589135 0.319136 -44.2365 0.287479 0.710294 -0.642521 -55.7967 -0.605214 -0.385226 -0.696645 33.0766
0.823349 0.559274 -0.0964919 -44.3199 -0.564908 0.823946 -0.04461 -56.1487 0.0545542 0.0912388 0.994334 34.2768
-0.685721 0.339652 -0.643756 -45.3147 0.481189 0.87514 -0.0508233 -56.3152 0.546115 -0.344619 -0.763539 33.5326
0.196097 0.725711 0.659463 -44.6385 -0.363053 0.678458 -0.638659 -57.3177 -0.9109 -0.11418 0.396515 33.8629
0.274976 0.319197 -0.906918 -45.7611 -0.0399021 0.946255 0.320944 -57.1498 0.960621 -0.0520627 0.272934 34.3949
-0.734774 0.592449 0.330322 -45.6374 0.280233 0.708607 -0.647568 -58.0441 -0.617719 -0.383248 -0.68669 33.5253
0.824025 0.555784 -0.109935 -45.7362 -0.562134 0.826243 -0.0363736 -58.386 0.0706172 0.0917723 0.993271 34.7272
-0.694388 0.341998 -0.633139 -46.7204 0.483937 0.873101 -0.0591364 -58.5616 0.53257 -0.347462 -0.771777 33.971
0.209476 0.725396 0.655683 -46.0461 -0.370283 0.679467 -0.633411 -59.5594 -0.904991 -0.110103 0.410933 34.3191
0.261944 0.317363 -0.91141 -47.1762 -0.0309244 0.946658 0.320749 -59.39 0.964587 -0.0558331 0.257786 34.8343
-0.727015 0.595739 0.341383 -47.0383 0.272901 0.706943 -0.652495 -60.2914 -0.630057 -0.381211 -0.676538 33.9741
0.824476 0.552283 -0.123386 -47.1526 -0.559222 0.828537 -0.0281847 -60.6233 0.086663 0.0922377 0.991959 35.1775
-0.702875 0.344386 -0.622385 -48.1259 0.486544 0.871042 -0.0674887 -60.8081 0.518882 -0.350254 -0.779794 34.4094
0.222792 0.725023 0.651695 -47.4537 -0.377425 0.680511 -0.628055 -61.801 -0.89884 -0.10604 0.425254 34.7753
0.248835 0.315578 -0.915691 -48.5913 -0.0219484 0.947021 0.320411 -61.6304 0.968296 -0.0596303 0.242579 35.2735
-0.719071 0.599007 0.352319 -48.4392 0.265486 0.705309 -0.657308 -62.5387 -0.642225 -0.379115 -0.666197 34.4231
0.824699 0.548768 -0.136837 -48.569 -0.55617 0.830823 -0.0200438 -62.8606 0.102688 0.0926364 0.990388 35.6276
-0.711183 0.34682 -0.611503 -49.5313 0.489012 0.868969 -0.075881 -63.0547 0.505061 -0.352996 -0.787596 34.848
0.236042 0.724591 0.647496 -48.8616 -0.384477 0.681587 -0.622584 -64.0425 -0.892446 -0.101991 0.439471 35.2314
0.235653 0.313845 -0.919767 -50.0062 -0.0129783 0.94735 0.319932 -63.8708 0.97175 -0.0634557 0.227319 35.7127
-0.710941 0.602248 0.363124 -49.8401 0.257989 0.7037 -0.661998 -64.7859 -0.654219 -0.37696 -0.655664 34.8722
0.824696 0.545243 -0.15029 -49.9856 -0.552982 0.833106 -0.0119548 -65.0979 0.118688 0.0929667 0.98857 36.0776
-0.719307 0.349294 -0.600491 -50.9365 0.491337 0.866877 -0.0843078 -65.3013 0.491104 -0.355687 -0.795172 35.2866
0.249221 0.724102 0.64309 -50.2695 -0.391437 0.682699 -0.617006 -66.2839 -0.885813 -0.0979578 0.453584 35.6876
0.222401 0.312162 -0.923628 -51.4211 -0.00401476 0.947639 0.319311 -66.1113 0.974946 -0.0673058 0.212009 36.1517
-0.702629 0.605466 0.373798 -51.2411 0.250413 0.70212 -0.666572 -67.0331 -0.666037 -0.374748 -0.644947 35.3215
0.824465 0.541707 -0.163735 -51.4021 -0.549656 0.835378 -0.00391832 -67.3351 0.134659 0.0932302 0.986494 36.5274
-0.727247 0.351812 -0.589357 -52.3417 0.493521 0.86477 -0.0927702 -67.5479 0.477021 -0.358326 -0.802529 35.7253
0.262328 0.723555 0.638476 -51.6776 -0.398304 0.683841 -0.611317 -68.5253 -0.87894 -0.0939412 0.467585 36.1438
0.209083 0.310533 -0.927284 -52.8358 0.00493813 0.947892 0.318549 -68.3519 0.977885 -0.0711819 0.196655 36.5907
-0.694135 0.608655 0.384335 -52.6421 0.242758 0.700566 -0.671021 -69.2802 -0.677675 -0.372479 -0.634045 35.771
0.824009 0.538163 -0.177175 -52.8188 -0.546196 0.837646 0.00406221 -69.5724 0.150595 0.0934252 0.984171 36.9771
-0.734998 0.35437 -0.578098 -53.7467 0.495562 0.862646 -0.101263 -69.7946 0.462811 -0.360912 -0.809657 36.1641
0.275358 0.72295 0.633657 -53.0858 -0.405075 0.685019 -0.605524 -70.7665 -0.871832 -0.0899424 0.481475 36.6
0.195702 0.308955 -0.930722 -54.2505 0.0138797 0.948105 0.317645 -70.5925 0.980564 -0.0750808 0.181259 37.0295
-0.685464 0.61182 0.394736 -54.0431 0.235028 0.699042 -0.675351 -71.5273 -0.68913 -0.370153 -0.622965 36.2205
0.823324 0.534609 -0.190601 -54.2355 -0.5426 0.839902 0.0119859 -71.8097 0.166494 0.0935532 0.981592 37.4266
-0.742562 0.35697 -0.566723 -55.1516 0.49746 0.86051 -0.109786 -72.0414 0.448481 -0.363444 -0.816561 36.603
0.288308 0.722287 0.628632 -54.4941 -0.411749 0.686227 -0.599623 -73.0077 -0.864487 -0.0859625 0.495245 37.0562
0.182263 0.307431 -0.933953 -55.6651 0.0228059 0.948283 0.3166 -72.8333 0.982985 -0.0790035 0.165826 37.4683
-0.676615 0.614954 0.404995 -55.4442 0.227225 0.697545 -0.679553 -73.7744 -0.700398 -0.367772 -0.611705 36.6703
0.822415 0.531049 -0.204013 -55.6522 -0.538871 0.842152 0.0198493 -74.0469 0.18235 0.0936126 0.978767 37.876
-0.749932 0.359608 -0.55523 -56.5564 0.499214 0.858356 -0.118335 -74.2882 0.434032 -0.365922 -0.823233 37.042
0.301173 0.721567 0.623406 -55.9026 -0.418325 0.687469 -0.593622 -75.2488 -0.856912 -0.0820026 0.508897 37.5124
0.168767 0.305959 -0.936965 -57.0795 0.0317159 0.948421 0.315413 -75.0741 0.985144 -0.082947 0.15036 37.907
-0.667595 0.618061 0.415112 -56.8453 0.21935 0.69608 -0.683634 -76.0214 -0.711479 -0.365335 -0.600272 37.1202
0.821278 0.527481 -0.217404 -57.069 -0.535007 0.844391 0.0276516 -76.2842 0.19816 0.0936049 0.975687 38.3252
-0.757111 0.362288 -0.543627 -57.9611 0.500825 0.856191 -0.12691 -76.5351 0.419472 -0.368346 -0.829677 37.4811
0.313952 0.720789 0.617977 -57.3112 -0.424799 0.688741 -0.587516 -77.4898 -0.849104 -0.0780635 0.522422 37.9686
0.155221 0.304542 -0.939767 -58.4939 0.0406058 0.948523 0.314087 -77.315 0.987044 -0.0869124 0.134865 38.3456
-0.658401 0.621137 0.425081 -58.2464 0.211405 0.694641 -0.687585 -78.2683 -0.722366 -0.362844 -0.588666 37.5702
0.819916 0.523909 -0.230775 -58.4858 -0.531014 0.846621 0.0353897 -78.5214 0.213919 0.0935285 0.972363 38.7743
-0.764094 0.365004 -0.531911 -59.3657 0.502291 0.854011 -0.135507 -78.7821 0.404799 -0.370714 -0.835885 37.9203
0.32664 0.719955 0.612349 -58.72 -0.431171 0.690046 -0.581312 -79.7307 -0.841069 -0.0741466 0.535821 38.4248
0.141625 0.303177 -0.942349 -59.9081 0.0494748 0.948585 0.31262 -79.556 0.988681 -0.0908963 0.119345 38.7841
-0.64904 0.624185 0.434902 -59.6475 0.203394 0.693235 -0.691414 -80.5152 -0.733059 -0.360298 -0.576894 38.0204
0.818327 0.520331 -0.244117 -59.9027 -0.526888 0.848839 0.0430622 -80.7587 0.229624 0.0933852 0.968786 39.2233
-0.770881 0.36776 -0.520092 -60.7701 0.503612 0.851821 -0.144125 -81.029 0.390023 -0.373027 -0.841862 38.3596
0.339234 0.719063 0.60652 -60.1288 -0.437438 0.69138 -0.575007 -81.9715 -0.832805 -0.0702528 0.549086 38.881
0.127986 0.301868 -0.94472 -61.3222 0.0583189 0.948612 0.311014 -81.797 0.990059 -0.0949 0.103805 39.2226
-0.639512 0.627199 0.444571 -61.0487 0.195317 0.691857 -0.695109 -82.762 -0.743554 -0.357699 -0.564955 38.4707
0.816515 0.516751 -0.257432 -61.3197 -0.522633 0.851048 0.0506665 -82.9959 0.245269 0.0931732 0.964967 39.672
-0.777467 0.370552 -0.508167 -62.1745 0.504787 0.849616 -0.152759 -83.2761 0.375143 -0.375282 -0.8476 38.799
0.351731 0.718116 0.600496 -61.5378 -0.443601 0.692748 -0.568608 -84.2123 -0.824319 -0.0663831 0.562218 39.3371
0.114305 0.300613 -0.94687 -62.7363 0.0671373 0.948598 0.309268 -84.0382 0.991173 -0.0989199 0.0882479 39.6609
-0.629821 0.630183 0.454087 -62.4499 0.187177 0.690511 -0.698681 -85.0088 -0.753849 -0.355048 -0.552856 38.9212
0.814476 0.513167 -0.270712 -62.7366 -0.518249 0.853243 0.0582013 -85.2332 0.26085 0.0928944 0.960897 40.1207
-0.783854 0.373381 -0.496144 -63.5787 0.505818 0.847402 -0.161411 -85.5232 0.360167 -0.37748 -0.853105 39.2385
0.364127 0.717111 0.594274 -62.947 -0.449655 0.694143 -0.56211 -86.453 -0.815609 -0.0625384 0.575209 39.7933
0.100587 0.299414 -0.948807 -64.1502 0.0759263 0.948549 0.307383 -86.2794 0.992026 -0.102958 0.0726787 40.0992
-0.619967 0.633132 0.463445 -63.8512 0.178976 0.689195 -0.702118 -87.2556 -0.76394 -0.352345 -0.540596 39.3718
0.812215 0.509583 -0.283957 -64.1537 -0.513739 0.855427 0.0656638 -87.4704 0.276365 0.092547 0.956586 40.5691
-0.790038 0.376244 -0.484022 -64.9828 0.506702 0.845175 -0.170074 -87.7703 0.345095 -0.37962 -0.858366 39.6781
0.376419 0.716051 0.58786 -64.3563 -0.455601 0.695571 -0.555522 -88.6936 -0.806682 -0.05872 0.58806 40.2494
0.0868351 0.298268 -0.950522 -65.564 0.0846849 0.94846 0.30536 -88.5208 0.992615 -0.107009 0.0571015 40.5374
-0.609957 0.636049 0.472646 -65.2525 0.170717 0.687912 -0.705428 -89.5022 -0.773826 -0.349591 -0.528183 39.8225
0.809729 0.505996 -0.297159 -65.5707 -0.509101 0.857596 0.0730528 -89.7077 0.291808 0.0921331 0.952026 41.0174
-0.796019 0.379144 -0.471808 -66.3868 0.507441 0.842939 -0.178751 -90.0175 0.329935 -0.381703 -0.863391 40.1178
0.388604 0.714934 0.581252 -65.7657 -0.461435 0.697026 -0.548839 -90.9341 -0.797535 -0.0549287 0.600763 40.7055
0.0730536 0.29718 -0.952023 -66.9777 0.0934093 0.948335 0.303199 -90.7622 0.992943 -0.111077 0.0415201 40.9755
-0.599788 0.63893 0.481683 -66.6539 0.162402 0.686658 -0.708602 -91.7488 -0.783502 -0.346786 -0.515616 40.2734
0.807021 0.502411 -0.31032 -66.9878 -0.50434 0.859754 0.0803654 -91.945 0.307175 0.0916507 0.947229 41.4656
-0.801793 0.382076 -0.459502 -67.7907 0.508033 0.840692 -0.187434 -92.2647 0.314687 -0.383726 -0.868171 40.5576
0.400678 0.713763 0.574456 -67.1753 -0.467158 0.698513 -0.542069 -93.1745 -0.788175 -0.0511658 0.61332 41.1616
0.0592453 0.296147 -0.953301 -68.3913 0.102099 0.94817 0.3009 -93.0037 0.993006 -0.115156 0.0259391 41.4136
-0.589469 0.641778 0.490558 -68.0553 0.154032 0.685439 -0.711648 -93.9954 -0.792968 -0.343932 -0.502901 40.7244
0.80409 0.498826 -0.323431 -68.4049 -0.499453 0.861896 0.0876005 -94.1823 0.322462 0.091102 0.942185 41.9136
-0.807362 0.385044 -0.447111 -69.1946 0.508478 0.838438 -0.196125 -94.5119 0.299359 -0.385689 -0.872712 40.9976
0.412638 0.712535 0.567468 -68.585 -0.472766 0.700026 -0.535207 -95.4149 -0.7786 -0.0474319 0.625721 41.6176
0.0454148 0.295171 -0.954365 -69.8047 0.110749 0.94797 0.298465 -95.2452 0.992809 -0.119249 0.0103621 41.8515
-0.578997 0.644588 0.499265 -69.4567 0.14561 0.68425 -0.714556 -96.2419 -0.80222 -0.341029 -0.49004 41.1756
0.800939 0.495245 -0.336494 -69.8221 -0.494446 0.864025 0.0947556 -96.4196 0.337666 0.0904851 0.936906 42.3615
-0.81272 0.388042 -0.434633 -70.5983 0.508777 0.836174 -0.204818 -96.7592 0.283952 -0.387592 -0.877005 41.4376
0.424482 0.711254 0.560296 -69.9948 -0.47826 0.70157 -0.528263 -97.6551 -0.768818 -0.0437285 0.63797 42.0736
0.0315649 0.29425 -0.955205 -71.2181 0.11936 0.94773 0.295894 -97.4869 0.992347 -0.123352 -0.00520584 42.2895
-0.568379 0.647363 0.507805 -70.8582 0.137139 0.683096 -0.717334 -98.4883 -0.811256 -0.338077 -0.477038 41.6269
0.797566 0.491665 -0.3495 -71.2393 -0.489315 0.866136 0.101829 -98.6569 0.352781 0.0898023 0.931383 42.8092
-0.81787 0.391073 -0.422078 -72.0019 0.50893 0.833903 -0.213516 -99.0066 0.268473 -0.389436 -0.881056 41.8778
0.436206 0.709917 0.552937 -71.4047 -0.483636 0.70314 -0.52123 -99.8953 -0.758826 -0.040056 0.650056 42.5296
0.0177003 0.293387 -0.95583 -72.6313 0.127927 0.947454 0.293187 -99.7287 0.991624 -0.127465 -0.0207618 42.7273
-0.557615 0.650098 0.516172 -72.2598 0.12862 0.681972 -0.719973 -100.735 -0.820072 -0.335079 -0.463896 42.0783
0.793975 0.488091 -0.36245 -72.6565 -0.484067 0.868235 0.108819 -100.894 0.367805 0.0890515 0.925628 43.2567
-0.822807 0.394134 -0.409443 -73.4054 0.508936 0.831624 -0.22221 -101.254 0.252923 -0.391217 -0.884858 42.318
0.447806 0.708527 0.545397 -72.8148 -0.488895 0.70474 -0.514119 -102.135 -0.748632 -0.0364158 0.661984 42.9856
0.00382364 0.29258 -0.956231 -74.0444 0.13645 0.947139 0.290346 -101.97 0.990637 -0.131587 -0.0363005 43.1651
-0.54671 0.652797 0.524369 -73.6614 0.120056 0.680884 -0.72248 -102.981 -0.828669 -0.332033 -0.450621 42.5299
0.790164 0.48452 -0.375337 -74.0737 -0.478699 0.870314 0.115724 -103.132 0.382733 0.0882353 0.919633 43.7041
-0.827533 0.397227 -0.396736 -74.8088 0.508795 0.829339 -0.230904 -103.501 0.237309 -0.392938 -0.888416 42.7584
0.45928 0.707082 0.537674 -74.2251 -0.494034 0.706364 -0.506923 -104.375 -0.738234 -0.0328086 0.673742 43.4415
-0.0100605 0.291832 -0.956417 -75.4574 0.144925 0.946788 0.287371 -104.212 0.98939 -0.135717 -0.0518189 43.6028
-0.535665 0.655456 0.532387 -75.0631 0.111448 0.679827 -0.724847 -105.227 -0.837041 -0.328943 -0.437212 42.9816
0.786136 0.480957 -0.388162 -75.491 -0.473216 0.872378 0.122541 -105.369 0.397561 0.0873516 0.913408 44.1513
-0.832043 0.400346 -0.383957 -76.2121 0.508508 0.827047 -0.239591 -105.749 0.221633 -0.394596 -0.891721 43.1989
0.470625 0.705585 0.529774 -75.6354 -0.499052 0.708018 -0.499651 -106.615 -0.727638 -0.0292358 0.685336 43.8974
-0.0239489 0.291139 -0.956378 -76.8703 0.153351 0.946398 0.284263 -106.454 0.987879 -0.139853 -0.0673114 44.0405
-0.524486 0.658077 0.540231 -76.4648 0.102801 0.678807 -0.727082 -107.473 -0.845189 -0.325807 -0.423677 43.4335
0.781891 0.477399 -0.400916 -76.9083 -0.467616 0.874423 0.129269 -107.606 0.412284 0.0864027 0.906946 44.5984
-0.83634 0.403497 -0.371113 -77.6153 0.508074 0.824751 -0.248272 -107.996 0.205901 -0.396192 -0.894782 43.6396
0.481837 0.704034 0.521696 -77.0459 -0.503947 0.709695 -0.4923 -108.855 -0.716845 -0.0256978 0.696755 44.3532
-0.0378375 0.290506 -0.956125 -78.2831 0.161725 0.945973 0.281023 -108.696 0.986109 -0.143995 -0.0827756 44.4781
-0.513171 0.660655 0.547892 -77.8667 0.0941149 0.677818 -0.729174 -109.72 -0.853108 -0.322627 -0.410017 43.8854
0.777431 0.47385 -0.413601 -78.3256 -0.461903 0.876452 0.135906 -109.844 0.4269 0.0853869 0.900257 45.0453
-0.840418 0.406673 -0.358204 -79.0184 0.507494 0.822449 -0.256941 -110.244 0.190115 -0.397725 -0.897589 44.0803
0.492913 0.702431 0.513444 -78.4566 -0.50872 0.711401 -0.484877 -111.095 -0.70586 -0.0221959 0.708002 44.809
-0.0517232 0.289928 -0.955647 -79.6957 0.170046 0.945508 0.277651 -110.939 0.984076 -0.148141 -0.0982056 44.9157
-0.501728 0.663194 0.555374 -79.2685 0.085393 0.676866 -0.731132 -111.966 -0.860798 -0.319404 -0.396237 44.3375
0.772756 0.470309 -0.426208 -79.7429 -0.456077 0.87846 0.142451 -112.081 0.441405 0.0843065 0.893336 45.4921
-0.844281 0.409877 -0.345236 -80.4214 0.506767 0.820144 -0.2656 -112.491 0.174281 -0.399195 -0.900149 44.5212
0.503852 0.700775 0.505019 -79.8673 -0.513367 0.71313 -0.477378 -113.335 -0.694683 -0.0187309 0.719068 45.2648
-0.0656016 0.28941 -0.954954 -81.1082 0.178309 0.945008 0.274149 -113.181 0.981784 -0.152292 -0.113599 45.3532
-0.490157 0.66569 0.562671 -80.6705 0.0766374 0.675946 -0.732948 -114.212 -0.868256 -0.316138 -0.38234 44.7898
0.767869 0.466779 -0.43874 -81.1603 -0.450141 0.880451 0.148901 -114.318 0.455793 0.0831597 0.886191 45.9387
-0.847924 0.413106 -0.33221 -81.8243 0.505895 0.817834 -0.274243 -114.739 0.158402 -0.400601 -0.902453 44.9622
0.514649 0.699068 0.496425 -81.2782 -0.517889 0.714887 -0.46981 -115.575 -0.68332 -0.0153039 0.729958 45.7205
-0.0794697 0.288949 -0.954037 -82.5206 0.186515 0.94447 0.270517 -115.423 0.979231 -0.156443 -0.12895 45.7907
-0.478463 0.668145 0.569784 -82.0724 0.0678506 0.675064 -0.734628 -116.458 -0.875481 -0.312831 -0.36833 45.2421
0.762769 0.463259 -0.451187 -82.5776 -0.444095 0.88242 0.155255 -116.556 0.470062 0.0819489 0.878817 46.3851
-0.85135 0.416361 -0.319132 -83.2272 0.504876 0.815522 -0.282871 -116.987 0.142484 -0.401943 -0.90451 45.4034
0.525302 0.697309 0.487661 -82.6892 -0.522282 0.716665 -0.462171 -117.814 -0.67177 -0.0119155 0.74066 46.1761
-0.0933231 0.288547 -0.952906 -83.9329 0.194659 0.943896 0.266757 -117.666 0.97642 -0.160597 -0.144256 46.2281
-0.466647 0.670556 0.576707 -83.4745 0.0590347 0.674214 -0.736165 -118.703 -0.882469 -0.309484 -0.354209 45.6946
0.75746 0.459751 -0.463553 -83.995 -0.437942 0.884372 0.161511 -118.793 0.484208 0.0806722 0.871224 46.8314
-0.854553 0.419639 -0.306003 -84.6299 0.503712 0.813206 -0.291477 -119.234 0.126529 -0.403221 -0.906309 45.8446
0.535809 0.6955 0.478734 -84.1004 -0.526548 0.71847 -0.454468 -120.054 -0.660041 -0.00856704 0.751179 46.6318
-0.107159 0.288202 -0.951552 -85.345 0.202742 0.943285 0.262869 -119.908 0.973349 -0.164749 -0.159512 46.6655
-0.454714 0.672924 0.583443 -84.8767 0.0501923 0.673402 -0.737566 -120.949 -0.88922 -0.306097 -0.339984 46.1472
0.751941 0.456255 -0.475827 -85.4123 -0.431682 0.8863 0.167668 -121.031 0.498227 0.0793323 0.863406 47.2775
-0.857537 0.422942 -0.292829 -86.0326 0.502403 0.810891 -0.300065 -121.482 0.110544 -0.404434 -0.90786 46.286
0.546165 0.69364 0.469642 -85.5117 -0.530683 0.720296 -0.446697 -122.293 -0.648132 -0.00525886 0.761505 47.0873
-0.120972 0.287917 -0.949983 -86.757 0.210758 0.942638 0.258855 -122.151 0.970022 -0.168902 -0.174715 47.1028
-0.442666 0.675246 0.589986 -86.2789 0.0413255 0.672623 -0.738822 -123.195 -0.895731 -0.302671 -0.325655 46.5999
0.746216 0.452773 -0.488013 -86.8297 -0.425319 0.888209 0.173724 -123.268 0.512116 0.0779272 0.855372 47.7235
-0.860297 0.426265 -0.279611 -87.4352 0.500949 0.808573 -0.308627 -123.73 0.09453 -0.405582 -0.909154 46.7276
0.556369 0.691731 0.46039 -86.9231 -0.534689 0.722147 -0.438866 -124.532 -0.63605 -0.00199246 0.771644 47.5428
-0.134761 0.287688 -0.948192 -88.1689 0.218709 0.941954 0.254715 -124.394 0.966437 -0.173051 -0.189859 47.5401
-0.430508 0.677525 0.596339 -87.6812 0.032437 0.671883 -0.739942 -125.44 -0.902002 -0.299207 -0.31123 47.0528
0.740283 0.449304 -0.500101 -88.2471 -0.418852 0.890095 0.179677 -125.506 0.525869 0.0764596 0.847118 48.1693
