1 0 0 0 0 1 0 0 0 0 1 0
0.999996 0.00293026 6.64001e-05 -0.00476084 -0.00293035 0.999995 0.00147027 -0.0202159 -6.20915e-05 -0.00147046 0.999999 0.79945
0.999987 0.00516036 -0.000259985 -0.00963541 -0.00515986 0.999985 0.001884 -0.0411891 0.000269703 -0.00188263 0.999998 1.56718
0.999981 0.00622796 0.000189707 -0.0265603 -0.00622833 0.999979 0.00201973 -0.0624318 -0.000177124 -0.00202087 0.999998 2.31339
0.999966 0.00814722 -0.00103472 -0.000479758 -0.00814597 0.999966 0.0012088 -0.064627 0.00104453 -0.00120033 0.999999 3.03508
0.999966 0.00823643 -0.000369083 -0.0243851 -0.008236 0.999965 0.00114713 -0.0831412 0.000378519 -0.00114405 0.999999 3.76785
0.999966 0.00828651 -0.000131527 -0.0326362 -0.00828613 0.999962 0.00265126 -0.108161 0.000153491 -0.00265007 0.999997 4.49156
0.999958 0.00921627 0.000327416 -0.0327716 -0.0092179 0.999943 0.00538085 -0.121215 -0.000277806 -0.00538364 0.999986 5.2115
0.99996 0.00883887 0.00120801 -0.0261756 -0.00884994 0.999916 0.00948834 -0.13235 -0.00112405 -0.00949865 0.999954 5.90725
0.999963 0.00845922 0.0015638 -0.00153862 -0.00847866 0.999881 0.0128773 -0.140009 -0.00145468 -0.0128901 0.999916 6.56123
0.999966 0.00755223 0.00338559 -0.0172446 -0.00760138 0.999862 0.0147489 -0.144419 -0.00327374 -0.0147741 0.999886 7.20711
0.999958 0.00785477 0.00474451 -0.0191789 -0.00792111 0.999869 0.0141291 -0.147429 -0.00463291 -0.0141661 0.999889 7.83356
0.999944 0.00834614 0.00647633 -0.0304416 -0.00841162 0.999913 0.0101489 -0.134029 -0.00639106 -0.0102028 0.999928 8.45146
0.999938 0.00824578 0.00746568 -0.0371366 -0.00830223 0.999937 0.00756208 -0.147078 -0.00740286 -0.00762359 0.999944 8.97823
0.99993 0.00670869 0.00972875 -0.0504836 -0.00676207 0.999962 0.00546404 -0.143458 -0.00969173 -0.00552945 0.999938 9.50672
0.999918 0.00296785 0.0124928 -0.0639381 -0.00300765 0.99999 0.00316756 -0.152843 -0.0124833 -0.00320487 0.999917 9.98018
0.999893 0.00123099 0.0145904 -0.0610787 -0.00126617 0.999996 0.00240178 -0.169499 -0.0145874 -0.00241999 0.999891 10.4385
0.999864 0.00551888 0.015525 -0.0256435 -0.00552603 0.999985 0.000417084 -0.181663 -0.0155225 -0.000502816 0.99988 10.8849
0.999768 0.00950723 0.0193071 -0.0437422 -0.00951123 0.999955 0.000115143 -0.200449 -0.0193051 -0.000298747 0.999814 11.2655
0.999695 0.0097541 0.0226845 -0.0413977 -0.00978022 0.999952 0.00104071 -0.209399 -0.0226733 -0.00126225 0.999742 11.6189
0.999647 0.00583947 0.0259375 -0.029062 -0.00587232 0.999982 0.00119009 -0.212397 -0.0259301 -0.00134197 0.999663 11.95
0.999571 0.00110113 0.0292816 -0.0256539 -0.00111081 0.999999 0.000314234 -0.205374 -0.0292812 -0.000346621 0.999571 12.2476
0.999487 -0.00288639 0.0318937 -0.0206052 0.00283687 0.999995 0.00159762 -0.214113 -0.0318981 -0.00150632 0.99949 12.509
0.999398 -0.00261518 0.0346039 -0.00983227 0.00253646 0.999994 0.00231844 -0.213413 -0.0346097 -0.00222927 0.999399 12.7433
0.999354 -0.00196034 0.0358923 0.0135699 0.00191862 0.999997 0.00119654 -0.214752 -0.0358945 -0.0011269 0.999355 12.9635
0.9993 -0.000668273 0.0374206 0.0296442 0.000678547 1 -0.000261966 -0.218193 -0.0374204 0.000287178 0.9993 13.1515
0.999217 0.00113052 0.0395541 0.0421638 -0.00108895 0.999999 -0.00107257 -0.225108 -0.0395553 0.00102866 0.999217 13.3321
0.999146 0.00373317 0.0411509 0.0483873 -0.00369122 0.999992 -0.00109537 -0.242419 -0.0411547 0.000942547 0.999153 13.5002
0.999089 0.0051588 0.0423668 0.0592487 -0.00504621 0.999983 -0.00276391 -0.245553 -0.0423804 0.0025476 0.999098 13.667
0.999029 0.00402058 0.0438821 0.0799955 -0.00383554 0.999983 -0.00430016 -0.252868 -0.0438987 0.00412768 0.999028 13.8224
0.99897 0.00274753 0.0453061 0.0940145 -0.00248829 0.99998 -0.00577741 -0.256624 -0.0453211 0.00565873 0.998957 13.9735
0.998926 0.00175448 0.0462952 0.105799 -0.00141785 0.999972 -0.00730329 -0.253838 -0.0463068 0.00722982 0.998901 14.1134
0.998893 0.00227417 0.0469878 0.124535 -0.00188071 0.999963 -0.00841623 -0.263266 -0.0470052 0.00831855 0.99886 14.2412
0.998857 0.00261694 0.047727 0.137014 -0.0021423 0.999948 -0.00999354 -0.271437 -0.0477507 0.00987988 0.998811 14.368
0.998829 0.00260433 0.0483065 0.14434 -0.00201762 0.999924 -0.0121903 -0.274374 -0.0483346 0.0120785 0.998758 14.4911
0.998813 0.00164531 0.0486863 0.155698 -0.000953299 0.999898 -0.0142336 -0.281488 -0.0487047 0.0141703 0.998713 14.6112
0.998843 0.000810254 0.0480932 0.163235 -4.13606e-05 0.999872 -0.0159865 -0.285853 -0.0481 0.015966 0.998715 14.7322
0.998939 0.000341839 0.0460494 0.165142 0.000444808 0.999854 -0.0170714 -0.291869 -0.0460486 0.0170738 0.998794 14.8592
0.999096 0.000153439 0.042521 0.17231 0.000617322 0.999836 -0.018113 -0.295916 -0.0425168 0.0181228 0.998932 14.9799
0.999281 0.000364999 0.0379246 0.180027 0.00037022 0.999812 -0.0193776 -0.297903 -0.0379246 0.0193777 0.999093 15.1143
0.999489 0.000461591 0.0319643 0.178472 0.000189585 0.999792 -0.020366 -0.303013 -0.0319671 0.0203617 0.999282 15.2258
0.999687 0.000758291 0.0250077 0.178513 -0.000228516 0.999775 -0.0211807 -0.303778 -0.0250182 0.0211684 0.999463 15.347
0.999849 0.000990967 0.0173818 0.180466 -0.000603138 0.999751 -0.0223036 -0.301939 -0.0173996 0.0222898 0.9996 15.4804
0.999955 0.00180697 0.00933318 0.173937 -0.00158465 0.999716 -0.0237736 -0.294674 -0.00937351 0.0237577 0.999674 15.6082
0.999999 0.00129042 -0.00027608 0.16158 -0.00129705 0.999673 -0.0255247 -0.286775 0.000243036 0.0255251 0.999674 15.7604
0.999898 -0.000188326 -0.0142843 0.169566 -0.000189983 0.999649 -0.0264781 -0.301583 0.0142842 0.0264781 0.999548 15.9048
0.999528 -0.000967657 -0.0307019 0.152054 0.000109108 0.999609 -0.0279532 -0.311132 0.030717 0.0279367 0.999138 16.0578
0.998778 -0.000587169 -0.0494116 0.112752 -0.000825898 0.999591 -0.0285725 -0.32095 0.0494082 0.0285784 0.99837 16.2206
0.997596 0.00058817 -0.0693022 0.0413146 -0.00255223 0.999597 -0.0282554 -0.32446 0.0692577 0.0283643 0.997196 16.4082
0.995803 0.00108122 -0.0915144 -0.029191 -0.00355416 0.999633 -0.0268638 -0.335907 0.0914517 0.0270763 0.995442 16.5954
0.993093 0.00211079 -0.117315 -0.105897 -0.00515773 0.999657 -0.0256749 -0.337902 0.11722 0.0261027 0.992763 16.8081
0.989373 0.00319453 -0.145363 -0.213604 -0.00676134 0.999688 -0.0240498 -0.344081 0.14524 0.0247771 0.989086 17.0244
0.984354 0.00298351 -0.176177 -0.33385 -0.00680516 0.999754 -0.0210919 -0.346709 0.176071 0.0219608 0.984133 17.2195
0.977363 0.00381593 -0.211538 -0.461776 -0.00760938 0.999824 -0.0171216 -0.352703 0.211435 0.0183437 0.97722 17.4567
0.968292 0.00544165 -0.249764 -0.595117 -0.0087464 0.999888 -0.0121235 -0.352359 0.249671 0.0139236 0.968231 17.6996
0.957044 0.0098155 -0.289779 -0.749194 -0.0125525 0.999892 -0.00758786 -0.353963 0.289673 0.0108994 0.957064 17.9629
0.944122 0.0139418 -0.329301 -0.952409 -0.0160221 0.999865 -0.00360434 -0.352421 0.329206 0.00867904 0.944218 18.2272
0.928024 0.0175482 -0.372108 -1.11138 -0.0178957 0.999836 0.00252006 -0.368223 0.372092 0.00432046 0.928186 18.5024
0.909247 0.0201469 -0.415769 -1.30031 -0.0177871 0.999796 0.00954833 -0.362006 0.415877 -0.00128645 0.90942 18.7991
0.888476 0.0255466 -0.458211 -1.51299 -0.0203692 0.99966 0.0162378 -0.368507 0.45847 -0.00509348 0.888695 19.0823
0.864135 0.0297638 -0.502379 -1.73847 -0.0222533 0.999533 0.0209403 -0.364768 0.502768 -0.00691566 0.864394 19.3709
0.837132 0.0323283 -0.546045 -1.96417 -0.0228161 0.999447 0.0241928 -0.361179 0.546525 -0.00779398 0.837407 19.6291
0.80702 0.0359601 -0.589428 -2.23667 -0.0257388 0.999337 0.0257277 -0.354103 0.589963 -0.00559158 0.807411 19.9117
0.773624 0.037856 -0.632514 -2.5295 -0.0259152 0.999269 0.0281096 -0.33912 0.633115 -0.00535454 0.774039 20.2002
0.737141 0.0413114 -0.674475 -2.83917 -0.0273 0.999135 0.0313602 -0.317628 0.675187 -0.00470375 0.737631 20.4773
0.698237 0.0424063 -0.71461 -3.15929 -0.0252915 0.999082 0.0345754 -0.306717 0.71542 -0.00606831 0.698669 20.7481
0.657169 0.0420988 -0.752567 -3.5213 -0.0224447 0.999089 0.0362898 -0.295874 0.753409 -0.00695733 0.657515 21.0326
0.614765 0.0408182 -0.787654 -3.88785 -0.0181014 0.999127 0.0376491 -0.275984 0.788503 -0.00888771 0.614967 21.2797
0.570179 0.0402409 -0.820534 -4.28984 -0.0123657 0.999107 0.0404057 -0.265503 0.821427 -0.012892 0.570167 21.5234
0.522717 0.0408682 -0.851526 -4.72801 -0.0103321 0.999081 0.0416075 -0.240339 0.852444 -0.0129509 0.522658 21.7658
0.472307 0.0403082 -0.880512 -5.18724 -0.00961273 0.99913 0.0405821 -0.218753 0.881382 -0.0107031 0.472283 21.9826
0.420977 0.038995 -0.906233 -5.67557 -0.00518147 0.999163 0.0405867 -0.196594 0.907057 -0.0123905 0.420826 22.1633
0.369337 0.0383262 -0.928505 -6.18241 -0.000358613 0.999155 0.0410998 -0.18244 0.929295 -0.0148467 0.369039 22.3013
0.315315 0.0370959 -0.948262 -6.73671 0.00136823 0.999217 0.0395442 -0.153066 0.948986 -0.0137663 0.315017 22.4591
0.262168 0.0426971 -0.964077 -7.30058 0.00137702 0.999003 0.0446184 -0.12318 0.965021 -0.0130251 0.261848 22.5713
0.211284 0.046814 -0.976303 -7.89699 0.00244411 0.998824 0.0484228 -0.0863939 0.977422 -0.0126172 0.210921 22.6613
0.163586 0.0471399 -0.985402 -8.50562 0.00624914 0.998788 0.0488177 -0.0502402 0.986509 -0.0141438 0.163093 22.7235
0.120756 0.0478104 -0.99153 -9.1303 0.00754681 0.998766 0.0490785 -0.0244861 0.992653 -0.0134094 0.120246 22.7515
0.0801199 0.0457096 -0.995737 -9.79661 0.00719677 0.998895 0.0464337 0.00366074 0.996759 -0.0108864 0.0797025 22.7871
0.0442386 0.0405025 -0.9982 -10.4753 0.00373947 0.999164 0.0407074 0.0515542 0.999014 -0.00553358 0.0440502 22.7936
0.0154419 0.0396823 -0.999093 -11.1791 0.00129377 0.99921 0.0397069 0.0912878 0.99988 -0.00190574 0.0153783 22.7895
-0.00502039 0.0436815 -0.999033 -11.8831 -0.000277399 0.999045 0.0436834 0.118324 0.999987 0.000496438 -0.00500346 22.758
-0.0168255 0.0492322 -0.998646 -12.6152 0.000950647 0.998787 0.0492231 0.148231 0.999858 -0.000121159 -0.0168518 22.7215
-0.0249889 0.0515562 -0.998358 -13.3587 0.000219156 0.99867 0.0515668 0.181014 0.999688 0.0010698 -0.0249669 22.6939
-0.0280468 0.0490416 -0.998403 -14.133 0.00109157 0.998797 0.0490303 0.208627 0.999606 0.000285312 -0.0280666 22.6541
-0.027221 0.0450922 -0.998612 -14.9373 0.00827618 0.998958 0.0448822 0.240133 0.999595 -0.00704296 -0.0275658 22.6347
-0.0232308 0.0433325 -0.998791 -15.7525 0.0196011 0.998888 0.0428808 0.274897 0.999538 -0.0185812 -0.0240543 22.6295
-0.017787 0.0431422 -0.998911 -16.6034 0.0191573 0.9989 0.0428006 0.312295 0.999658 -0.0183752 -0.0185939 22.618
-0.0130852 0.0408177 -0.999081 -17.4775 0.0166003 0.999038 0.0405985 0.35513 0.999776 -0.0160538 -0.0137502 22.6149
-0.00993295 0.0335658 -0.999387 -18.3362 0.0198179 0.999247 0.0333641 0.398144 0.999754 -0.0194744 -0.0105906 22.605
-0.00963565 0.0220546 -0.999711 -19.231 0.0175804 0.999606 0.0218828 0.432039 0.999799 -0.0173645 -0.0100196 22.6257
-0.0109986 0.0133099 -0.999851 -20.1794 0.0103464 0.999859 0.0131962 0.457444 0.999886 -0.0101997 -0.0111347 22.6403
-0.011659 0.0103648 -0.999878 -21.1712 0.00466491 0.999936 0.010311 0.471019 0.999921 -0.00454412 -0.0117066 22.6017
-0.0131993 0.0156226 -0.999791 -22.1148 -0.00462252 0.999866 0.0156848 0.494434 0.999902 0.00482859 -0.0131253 22.5323
-0.0171961 0.0237879 -0.999569 -23.0211 -0.0101921 0.999661 0.0239654 0.501653 0.9998 0.0105998 -0.0169478 22.4776
-0.0233803 0.0332093 -0.999175 -24.0572 -0.01126 0.999376 0.0334794 0.524653 0.999663 0.0120334 -0.0229918 22.4751
-0.0263283 0.0423637 -0.998755 -25.071 -0.0123884 0.999011 0.0427012 0.562606 0.999577 0.0134973 -0.0257775 22.4599
-0.0297552 0.0492249 -0.998344 -26.0584 -0.0102355 0.998719 0.0495485 0.601343 0.999505 0.0116929 -0.0292132 22.4658
-0.0334583 0.0494798 -0.998215 -27.1324 -0.00868452 0.998721 0.049796 0.650631 0.999402 0.0103351 -0.0329858 22.4541
-0.0373807 0.0466141 -0.998213 -28.1199 -0.00876473 0.998857 0.0469724 0.68071 0.999263 0.0105049 -0.0369294 22.4541
-0.0410991 0.0418099 -0.99828 -29.2534 -0.0083845 0.999074 0.0421884 0.72036 0.99912 0.010104 -0.0407105 22.4246
-0.0463945 0.0365005 -0.998256 -30.278 -0.00817851 0.999285 0.0369182 0.746322 0.99889 0.00987706 -0.0460628 22.3774
-0.0523447 0.0311873 -0.998142 -31.2967 -0.00753212 0.999471 0.0316238 0.776207 0.998601 0.00917347 -0.0520821 22.3233
-0.057157 0.029152 -0.99794 -32.3419 -0.00856679 0.999522 0.0296889 0.798572 0.998328 0.0102461 -0.0568799 22.2192
-0.0623553 0.0319762 -0.997542 -33.3957 -0.00861197 0.999432 0.0325751 0.813506 0.998017 0.010622 -0.0620445 22.123
-0.0670942 0.0363751 -0.997083 -34.479 -0.0103562 0.999256 0.0371513 0.842781 0.997693 0.0128186 -0.0666675 22.0157
-0.0725917 0.0394302 -0.996582 -35.5286 -0.013313 0.999091 0.0404992 0.862541 0.997273 0.0162074 -0.0720008 21.9149
-0.0764642 0.0415058 -0.996208 -36.6195 -0.0167135 0.998939 0.0429025 0.896003 0.996932 0.0199306 -0.0756894 21.8077
-0.0801586 0.0420845 -0.995893 -37.7118 -0.0208539 0.998819 0.0438866 0.936874 0.996564 0.0242862 -0.0791863 21.7202
-0.0827524 0.0428089 -0.99565 -38.7915 -0.0243527 0.998691 0.0449637 0.972917 0.996273 0.0279676 -0.0816016 21.6362
-0.084513 0.0424996 -0.995516 -39.8979 -0.0263366 0.998645 0.0448691 1.00098 0.996074 0.0300106 -0.0832792 21.5341
-0.0853692 0.042021 -0.995463 -40.9611 -0.0268267 0.998651 0.0444562 1.02514 0.995988 0.0305002 -0.0841267 21.4137
-0.0874902 0.0412844 -0.99531 -42.0798 -0.0279253 0.998646 0.0438775 1.05877 0.995774 0.0316332 -0.0862189 21.3235
-0.0876792 0.0407183 -0.995316 -43.1457 -0.0303277 0.998592 0.0435239 1.08401 0.995687 0.0340018 -0.0863208 21.1927
-0.0895804 0.0378846 -0.995259 -44.2303 -0.0349525 0.998541 0.0411555 1.12113 0.995366 0.0384735 -0.0881255 21.0924
-0.089389 0.0332358 -0.995442 -45.3864 -0.0407592 0.998484 0.0369975 1.14716 0.995162 0.0438806 -0.0878988 20.9687
-0.0893499 0.0324431 -0.995472 -46.4786 -0.0416151 0.998475 0.0362762 1.17421 0.99513 0.0446679 -0.0878635 20.8705
-0.0874141 0.0368813 -0.995489 -47.5515 -0.0425055 0.998266 0.0407166 1.19743 0.995265 0.045873 -0.0856949 20.7409
-0.0861726 0.0396919 -0.995489 -48.7512 -0.0415033 0.998196 0.0433925 1.23283 0.995415 0.0450554 -0.0843697 20.6558
-0.0855666 0.0393423 -0.995556 -49.8133 -0.0394203 0.998304 0.042839 1.26142 0.995552 0.0429107 -0.0838706 20.5553
-0.0832887 0.0385192 -0.995781 -50.9556 -0.0389715 0.998362 0.0418787 1.29334 0.995763 0.0422952 -0.0816511 20.4563
-0.0793482 0.0392833 -0.996073 -52.0846 -0.0438439 0.998119 0.0428567 1.32084 0.995882 0.0470723 -0.0774766 20.349
-0.0750469 0.0400858 -0.996374 -53.2555 -0.0479165 0.997892 0.0437559 1.3567 0.996028 0.0510266 -0.072968 20.2758
-0.0686892 0.0394649 -0.996857 -54.4315 -0.0517517 0.997731 0.0430654 1.39652 0.996295 0.0545472 -0.0664909 20.1717
-0.0639977 0.0380482 -0.997225 -55.5701 -0.052844 0.997742 0.0414592 1.43626 0.99655 0.0553507 -0.0618426 20.1038
-0.0593156 0.0370202 -0.997553 -56.6965 -0.0519226 0.997845 0.0401185 1.47236 0.996888 0.0541752 -0.0572656 20.043
-0.0549874 0.035862 -0.997843 -57.8447 -0.0492353 0.998042 0.0385823 1.51116 0.997272 0.0512507 -0.053114 19.9867
-0.0507205 0.036224 -0.998056 -58.9936 -0.0477537 0.998111 0.0386528 1.5418 0.997571 0.0496214 -0.0488949 19.9407
-0.0455444 0.036979 -0.998278 -60.1413 -0.0459799 0.998178 0.039073 1.57792 0.997904 0.0476802 -0.0437611 19.8848
-0.0410766 0.0379652 -0.998435 -61.3086 -0.04663 0.998116 0.0398715 1.60966 0.998067 0.0481948 -0.0392289 19.8436
-0.0366123 0.0370306 -0.998643 -62.4701 -0.0456022 0.99821 0.0386864 1.63647 0.998288 0.0469568 -0.034858 19.8036
-0.0329091 0.0327133 -0.998923 -63.6532 -0.0455005 0.998379 0.0341945 1.65622 0.998422 0.0465768 -0.0313673 19.7765
-0.0294022 0.0273987 -0.999192 -64.8228 -0.0451337 0.998568 0.0287097 1.67595 0.998548 0.0459414 -0.0281234 19.7474
-0.0251289 0.026095 -0.999344 -65.9654 -0.0454126 0.998598 0.0272175 1.70781 0.998652 0.0460667 -0.0239086 19.6902
-0.0220204 0.0277341 -0.999373 -67.1552 -0.044626 0.998592 0.0286957 1.73484 0.998761 0.0452299 -0.0207517 19.6536
-0.0185078 0.0276315 -0.999447 -68.3098 -0.0444565 0.998607 0.0284315 1.74949 0.99884 0.0449582 -0.0172536 19.5867
-0.0156292 0.0275153 -0.999499 -69.4911 -0.0462857 0.99853 0.0282123 1.76712 0.998806 0.0467035 -0.0143326 19.52
-0.0136855 0.0287575 -0.999493 -70.6724 -0.0474374 0.998442 0.0293768 1.77966 0.99878 0.0478154 -0.0123 19.4684
-0.0106469 0.0285683 -0.999535 -71.8291 -0.0481963 0.998415 0.0290497 1.7933 0.998781 0.0484833 -0.0092531 19.4064
-0.00959762 0.0266117 -0.9996 -73.042 -0.0486779 0.998448 0.0270484 1.80603 0.998768 0.048918 -0.00828731 19.3876
-0.00798684 0.0253801 -0.999646 -74.252 -0.0472931 0.99855 0.0257301 1.82086 0.998849 0.0474819 -0.00677492 19.3583
-0.00763483 0.0250035 -0.999658 -75.45 -0.0441494 0.998704 0.0253168 1.83794 0.998996 0.0443276 -0.00652103 19.346
-0.00695286 0.0253651 -0.999654 -76.6471 -0.0421685 0.998782 0.0256363 1.85398 0.999086 0.0423322 -0.00587475 19.3285
-0.00578923 0.0273045 -0.999611 -77.8247 -0.0426911 0.998709 0.0275271 1.87607 0.999071 0.0428338 -0.00461608 19.2955
-0.00505944 0.0306355 -0.999518 -79.0159 -0.0450465 0.998509 0.0308326 1.89373 0.998972 0.0451808 -0.00367185 19.2807
-0.00501776 0.0300611 -0.999536 -80.2101 -0.0474475 0.998415 0.0302656 1.91659 0.998861 0.0475774 -0.00358346 19.2813
-0.00449683 0.0282786 -0.99959 -81.4064 -0.0480764 0.998438 0.0284623 1.93013 0.998833 0.0481847 -0.00313025 19.2687
-0.00327679 0.0247086 -0.99969 -82.6051 -0.0486445 0.998507 0.0248388 1.95983 0.998811 0.0487108 -0.00206994 19.2441
-0.00322129 0.0241378 -0.999704 -83.8144 -0.0466747 0.998615 0.0242619 1.96921 0.998905 0.0467391 -0.00209018 19.2371
-0.00383714 0.0259205 -0.999657 -85.0271 -0.0457618 0.998612 0.0260691 1.97106 0.998945 0.0458462 -0.00264563 19.2423
-0.00431941 0.0281801 -0.999594 -86.237 -0.0452456 0.998574 0.0283468 1.98779 0.998966 0.0453497 -0.0030382 19.2471
-0.00431344 0.030153 -0.999536 -87.4247 -0.0459019 0.998486 0.0303193 2.00408 0.998936 0.0460114 -0.0029228 19.2474
-0.00432799 0.0300223 -0.99954 -88.606 -0.047024 0.998437 0.0301928 2.02242 0.998884 0.0471331 -0.00290943 19.2382
-0.00374321 0.0269517 -0.99963 -89.7838 -0.0468182 0.998536 0.0270975 2.04498 0.998896 0.0469023 -0.00247587 19.2279
-0.00447733 0.0252369 -0.999672 -90.9542 -0.0451915 0.998655 0.0254136 2.05906 0.998968 0.0452905 -0.0033308 19.2318
-0.00458856 0.0259455 -0.999653 -92.1378 -0.0434647 0.998713 0.0261206 2.07152 0.999044 0.0435695 -0.00345492 19.225
-0.00569061 0.0286982 -0.999572 -93.32 -0.0408032 0.998749 0.0289068 2.08485 0.999151 0.0409503 -0.00451248 19.2332
-0.00566111 0.0302943 -0.999525 -94.4741 -0.0394447 0.998756 0.0304944 2.11404 0.999205 0.0395986 -0.0044591 19.2102
-0.0071588 0.0319731 -0.999463 -95.6579 -0.0398576 0.998685 0.0322337 2.1295 0.999179 0.040067 -0.00587499 19.2234
-0.00638697 0.033931 -0.999404 -96.8161 -0.0424374 0.998514 0.034172 2.14435 0.999078 0.0426304 -0.00493751 19.1895
-0.00606619 0.033172 -0.999432 -98.0404 -0.044184 0.998465 0.0334081 2.16122 0.999005 0.0443616 -0.00459118 19.1804
-0.0063646 0.0293135 -0.99955 -99.2123 -0.0468004 0.998466 0.0295797 2.17233 0.998884 0.0469677 -0.00498292 19.1656
-0.00458505 0.0278082 -0.999603 -100.385 -0.0486279 0.998424 0.0279984 2.18434 0.998806 0.048737 -0.00322555 19.1278
-0.00532124 0.0258638 -0.999652 -101.521 -0.0487901 0.998468 0.0260929 2.19796 0.998794 0.048912 -0.00405117 19.12
-0.00657573 0.0261474 -0.999637 -102.697 -0.0468077 0.998554 0.026427 2.20976 0.998882 0.0469645 -0.0053423 19.1277
-0.00733486 0.0276861 -0.99959 -103.872 -0.0461355 0.998543 0.0279956 2.23092 0.998908 0.046322 -0.00604683 19.1196
-0.00795529 0.0286183 -0.999559 -105.076 -0.044229 0.998602 0.028943 2.26122 0.998989 0.0444398 -0.00667838 19.1162
-0.00826434 0.0267105 -0.999609 -106.24 -0.0479226 0.998484 0.0270766 2.28586 0.998816 0.0481277 -0.00697174 19.0922
-0.00951461 0.027277 -0.999583 -107.443 -0.0513784 0.998294 0.0277309 2.30881 0.998633 0.0516208 -0.0080969 19.0814
-0.0100429 0.0264767 -0.999599 -108.615 -0.0546434 0.998141 0.0269871 2.31898 0.998455 0.0548925 -0.00857747 19.0599
-0.0113062 0.0218724 -0.999697 -109.816 -0.0550003 0.998233 0.0224624 2.34069 0.998422 0.0552376 -0.0100832 19.0492
-0.0117557 0.0179473 -0.99977 -111.016 -0.0550006 0.998314 0.0185679 2.34921 0.998417 0.0552063 -0.0107488 19.0161
-0.0132871 0.0170815 -0.999766 -112.221 -0.0508731 0.998548 0.0177367 2.35552 0.998616 0.0510969 -0.0123987 19.0034
-0.0145324 0.0164732 -0.999759 -113.442 -0.0463552 0.998778 0.0171308 2.35636 0.998819 0.046593 -0.013751 18.9931
-0.015755 0.0185916 -0.999703 -114.682 -0.0455947 0.998774 0.0192928 2.35881 0.998835 0.0458851 -0.014888 18.9824
-0.0175873 0.0219886 -0.999604 -115.909 -0.0446007 0.998746 0.0227544 2.37602 0.99885 0.0449833 -0.0165845 18.966
-0.0169914 0.0223908 -0.999605 -117.136 -0.0430851 0.998804 0.0231052 2.38155 0.998926 0.0434607 -0.0160063 18.9069
-0.0174841 0.0184953 -0.999676 -118.378 -0.0431095 0.998885 0.0192346 2.38447 0.998917 0.0434319 -0.0166673 18.8716
-0.0204773 0.015284 -0.999674 -119.634 -0.0433104 0.998931 0.0161598 2.38413 0.998851 0.0436272 -0.0197934 18.8691
-0.0216044 0.0140979 -0.999668 -120.903 -0.0422975 0.998992 0.0150025 2.38409 0.998871 0.0426076 -0.0209863 18.8326
-0.0220102 0.0150368 -0.999645 -122.16 -0.0444057 0.998885 0.0160031 2.39047 0.998771 0.0447422 -0.0213179 18.7875
-0.0228159 0.0201606 -0.999537 -123.415 -0.0491133 0.998567 0.0212621 2.38611 0.998532 0.0495757 -0.021793 18.7492
-0.0233461 0.0235917 -0.999449 -124.683 -0.054681 0.998195 0.0248393 2.38985 0.99823 0.0552309 -0.0220139 18.7048
-0.0234689 0.0234776 -0.999449 -125.981 -0.0622358 0.997751 0.0248991 2.4019 0.997785 0.0627858 -0.0219549 18.6554
-0.0239693 0.0214477 -0.999483 -127.271 -0.0655737 0.997583 0.0229795 2.41338 0.997559 0.0660906 -0.0225049 18.6202
-0.0266909 0.0202704 -0.999439 -128.532 -0.0676592 0.997465 0.0220372 2.41678 0.997351 0.0682094 -0.0252517 18.6023
-0.0290973 0.0195459 -0.999386 -129.809 -0.0671147 0.997514 0.0214634 2.42284 0.99732 0.0676981 -0.0277131 18.5799
-0.0309462 0.0178833 -0.999361 -131.076 -0.0639089 0.997758 0.0198336 2.43583 0.997475 0.0644819 -0.0297339 18.5457
-0.0317062 0.0177737 -0.99934 -132.34 -0.0634716 0.997788 0.0197599 2.4516 0.997479 0.0640563 -0.0305079 18.4949
-0.0351106 0.0221746 -0.999138 -133.594 -0.0619671 0.997782 0.0243221 2.46383 0.99746 0.0627676 -0.0336585 18.4878
-0.0359879 0.0257218 -0.999022 -134.895 -0.0601723 0.997799 0.0278579 2.48003 0.997538 0.061116 -0.0343609 18.4344
-0.0370774 0.0243655 -0.999016 -136.168 -0.0608281 0.997794 0.0265933 2.49167 0.997459 0.0617543 -0.0355135 18.3912
-0.0380816 0.0234575 -0.999 -137.427 -0.0605582 0.997833 0.0257386 2.49725 0.997437 0.0614778 -0.0365785 18.3502
-0.0377763 0.0226551 -0.99903 -138.714 -0.0591978 0.997936 0.0248687 2.50918 0.997531 0.0600798 -0.0363572 18.301
-0.0382081 0.0220318 -0.999027 -139.978 -0.0593982 0.997939 0.0242795 2.51657 0.997502 0.0602681 -0.0368207 18.2566
-0.0383324 0.0239686 -0.998978 -141.243 -0.0591023 0.997908 0.0262107 2.52724 0.997515 0.0600467 -0.0368356 18.2072
-0.0376629 0.0277803 -0.998905 -142.491 -0.0601715 0.997736 0.0300165 2.53339 0.997477 0.0612361 -0.0359061 18.1465
-0.0377581 0.0296619 -0.998847 -143.727 -0.061042 0.997624 0.031933 2.52997 0.99742 0.0621773 -0.0358577 18.0971
-0.0376341 0.0263631 -0.998944 -145.015 -0.0627885 0.997614 0.0286935 2.553 0.997316 0.063802 -0.035889 18.0511
-0.0371282 0.023305 -0.999039 -146.258 -0.0615621 0.997776 0.0255634 2.56796 0.997412 0.0624521 -0.0356109 17.9724
-0.0367884 0.0224915 -0.99907 -147.496 -0.058841 0.997963 0.0246333 2.56948 0.997589 0.0596926 -0.03539 17.9026
-0.0380177 0.0220861 -0.999033 -148.733 -0.0574908 0.998051 0.0242522 2.5763 0.997621 0.0583572 -0.0366738 17.8568
-0.0395773 0.0225236 -0.998963 -149.977 -0.0545429 0.998207 0.0246674 2.57782 0.997726 0.0554626 -0.0382777 17.8217
-0.0408097 0.0213648 -0.998939 -151.237 -0.0524547 0.998347 0.023495 2.58039 0.997788 0.0533579 -0.0396215 17.7787
-0.0406089 0.0219125 -0.998935 -152.491 -0.0520954 0.998353 0.0240175 2.58512 0.997815 0.0530153 -0.0394004 17.7077
-0.0418136 0.0243866 -0.998828 -153.711 -0.0495392 0.998422 0.0264505 2.59602 0.997896 0.0505872 -0.0405395 17.654
-0.0433865 0.025703 -0.998728 -154.956 -0.0468048 0.998519 0.0277309 2.60733 0.997961 0.0479484 -0.0421192 17.6147
-0.0443385 0.0245882 -0.998714 -156.206 -0.0445753 0.998653 0.0265657 2.61488 0.998021 0.045696 -0.0431826 17.5603
-0.0461435 0.0244791 -0.998635 -157.453 -0.0453891 0.998616 0.0265759 2.62934 0.997902 0.0465535 -0.0449685 17.508
-0.0471121 0.0289685 -0.99847 -158.678 -0.046451 0.998434 0.0311592 2.64507 0.997808 0.0478479 -0.0456927 17.4505
-0.0468172 0.0354525 -0.998274 -159.987 -0.0513422 0.997964 0.0378493 2.66697 0.997582 0.0530257 -0.0449016 17.3885
-0.0450613 0.0355207 -0.998353 -161.204 -0.0560004 0.997706 0.0380253 2.68808 0.997413 0.0576217 -0.0429687 17.2863
-0.0438492 0.0319077 -0.998529 -162.465 -0.0597449 0.997617 0.0345021 2.70755 0.997249 0.06117 -0.0418383 17.2138
-0.0433475 0.0267233 -0.998703 -163.697 -0.0614989 0.997675 0.0293651 2.72195 0.997165 0.062692 -0.0416032 17.1546
-0.0430836 0.0251146 -0.998756 -164.94 -0.0640117 0.997561 0.0278458 2.7354 0.997018 0.0651318 -0.0413709 17.093
-0.0430145 0.022799 -0.998815 -166.144 -0.0584908 0.997967 0.0252986 2.73236 0.99736 0.0595097 -0.0415935 17.0447
-0.0435132 0.0188913 -0.998875 -167.393 -0.0554037 0.998237 0.0212928 2.73965 0.997515 0.0562679 -0.0423898 16.9923
-0.0449311 0.015984 -0.998863 -168.581 -0.0497981 0.998593 0.0182198 2.73529 0.997747 0.0505602 -0.0440718 16.9356
-0.0476681 0.0193077 -0.998677 -169.832 -0.047761 0.998625 0.0215864 2.74222 0.99772 0.0487268 -0.0466804 16.8995
-0.0498986 0.0254144 -0.998431 -171.123 -0.048269 0.998447 0.0278271 2.75385 0.997586 0.0495819 -0.0485943 16.8895
-0.0507429 0.0282844 -0.998312 -172.331 -0.0500877 0.998269 0.0308291 2.77033 0.997454 0.0515675 -0.0492383 16.8385
-0.0494669 0.0250711 -0.998461 -173.547 -0.0509344 0.998321 0.027591 2.78129 0.997475 0.0522209 -0.0481068 16.763
-0.0496517 0.0251106 -0.998451 -174.8 -0.0533879 0.998188 0.0277588 2.79745 0.997338 0.0546836 -0.048221 16.7065
-0.049831 0.0257472 -0.998426 -176.017 -0.0518285 0.998254 0.0283295 2.8112 0.997411 0.0531586 -0.0484095 16.6467
-0.0505844 0.0233032 -0.998448 -177.236 -0.0519386 0.998313 0.0259314 2.8276 0.997368 0.0531697 -0.0492887 16.5965
-0.0494114 0.0221183 -0.998534 -178.416 -0.0513103 0.998378 0.0246539 2.83437 0.997459 0.0524533 -0.0481963 16.5349
-0.0468564 0.0232552 -0.998631 -179.589 -0.0526184 0.998284 0.025716 2.85077 0.997514 0.0537514 -0.0455522 16.4545
-0.0455847 0.0241156 -0.99867 -180.719 -0.0527951 0.998253 0.0265154 2.86374 0.997564 0.0539336 -0.0442318 16.3914
-0.044471 0.0257013 -0.99868 -181.826 -0.0538232 0.998155 0.0280845 2.86525 0.997559 0.0550012 -0.0430056 16.3239
-0.0435221 0.0268141 -0.998693 -182.903 -0.0541744 0.998106 0.0291592 2.86923 0.997582 0.0553727 -0.0419869 16.2523
-0.0433264 0.0278635 -0.998673 -183.945 -0.0538523 0.998093 0.0301836 2.87328 0.997608 0.0550886 -0.0417432 16.1874
-0.0431076 0.0269407 -0.998708 -184.956 -0.0541092 0.998106 0.02926 2.87907 0.997603 0.0553007 -0.0415682 16.1393
-0.0420433 0.0266842 -0.99876 -185.948 -0.054475 0.998095 0.0289596 2.88325 0.997629 0.055625 -0.0405096 16.0926
-0.0416437 0.0272577 -0.998761 -186.955 -0.0544327 0.998081 0.0295087 2.89272 0.997648 0.0555941 -0.0400801 16.0632
-0.0426216 0.0254357 -0.998768 -187.911 -0.052846 0.998219 0.0276769 2.90138 0.997692 0.0539606 -0.0412014 16.0199
-0.0464826 0.0222569 -0.998671 -188.873 -0.0504438 0.998424 0.0245992 2.90617 0.997644 0.0515202 -0.0452865 15.9864
-0.0521902 0.018611 -0.998464 -189.82 -0.050443 0.998501 0.0212483 2.9085 0.997362 0.0514746 -0.0511731 15.9437
-0.0576573 0.0154607 -0.998217 -190.747 -0.0519126 0.998481 0.0184633 2.90806 0.996985 0.0528847 -0.056767 15.8858
-0.0617837 0.0145726 -0.997984 -191.726 -0.053512 0.998407 0.0178916 2.90747 0.996653 0.0545095 -0.0609054 15.8205
-0.0649514 0.0152366 -0.997773 -192.667 -0.0554261 0.998285 0.0188525 2.90545 0.996347 0.0565272 -0.0639954 15.7506
-0.0670862 0.0172166 -0.997599 -193.605 -0.0542084 0.998311 0.0208743 2.90299 0.996273 0.0554787 -0.0660396 15.6779
-0.0697183 0.0189787 -0.997387 -194.522 -0.0512169 0.998432 0.0225788 2.90285 0.99625 0.0526573 -0.0686369 15.6237
-0.0718256 0.0195189 -0.997227 -195.458 -0.0495079 0.998506 0.0231097 2.90558 0.996187 0.0510305 -0.070752 15.5636
-0.0736222 0.018267 -0.997119 -196.37 -0.0495264 0.998531 0.0219496 2.91104 0.996055 0.0509998 -0.0726094 15.497
-0.0755615 0.0172777 -0.996992 -197.291 -0.0511345 0.998467 0.0211787 2.90948 0.995828 0.0525811 -0.0745621 15.4341
-0.0761833 0.0163661 -0.99696 -198.204 -0.0548352 0.998283 0.0205781 2.91367 0.995584 0.0562362 -0.075155 15.3624
-0.0756057 0.0142925 -0.997036 -199.132 -0.0574852 0.998172 0.018668 2.91935 0.995478 0.0587263 -0.0746458 15.2802
-0.075339 0.0126538 -0.997078 -200.036 -0.0575884 0.998195 0.0170193 2.90529 0.995493 0.0587024 -0.0744742 15.2089
-0.0752928 0.0105427 -0.997106 -200.949 -0.0573996 0.99824 0.014889 2.89937 0.995507 0.0583546 -0.0745552 15.1391
-0.073873 0.0108487 -0.997209 -201.901 -0.0575993 0.998225 0.0151267 2.89021 0.995602 0.058556 -0.073117 15.0504
-0.0744154 0.0135811 -0.997135 -202.845 -0.0548551 0.998337 0.0176913 2.89258 0.995716 0.0560145 -0.0735467 14.9923
-0.0740009 0.0149305 -0.997147 -203.79 -0.0542574 0.998347 0.018975 2.89222 0.99578 0.0555068 -0.0730684 14.9062
-0.07325 0.0116817 -0.997246 -204.755 -0.0493091 0.998666 0.0153202 2.89155 0.996093 0.0502955 -0.0725762 14.8361
-0.0721278 0.00816337 -0.997362 -205.669 -0.0477092 0.998793 0.0116254 2.89771 0.996253 0.048422 -0.0716513 14.7497
-0.0710771 0.00857949 -0.997434 -206.624 -0.0517938 0.998582 0.0122802 2.89845 0.996124 0.0525338 -0.070532 14.6619
-0.0690849 0.0126009 -0.997532 -207.596 -0.0529037 0.998467 0.0162766 2.89549 0.996206 0.0538976 -0.0683123 14.5778
-0.067285 0.0128742 -0.997651 -208.579 -0.0503509 0.998599 0.0162823 2.89183 0.996462 0.0513283 -0.0665425 14.5075
-0.0653542 0.0143498 -0.997759 -209.557 -0.0486635 0.998661 0.0175503 2.89744 0.996674 0.0497015 -0.0645683 14.4382
-0.0635862 0.0193245 -0.99779 -210.539 -0.0490164 0.998545 0.0224628 2.90064 0.996771 0.0503365 -0.0625464 14.3669
-0.0622609 0.0231293 -0.997792 -211.546 -0.0456019 0.998621 0.025994 2.91122 0.997017 0.0471197 -0.0611203 14.3018
-0.0613107 0.0240489 -0.997829 -212.531 -0.0452685 0.998614 0.0268492 2.91575 0.997091 0.0468165 -0.060137 14.2383
-0.0597582 0.0249538 -0.997901 -213.573 -0.04867 0.998426 0.0278814 2.92693 0.997025 0.0502341 -0.0584496 14.1788
-0.0565199 0.0264986 -0.99805 -214.598 -0.0515142 0.998239 0.0294208 2.94263 0.99707 0.0530767 -0.0550553 14.1027
-0.0529809 0.0266059 -0.998242 -215.612 -0.0526831 0.998178 0.0294003 2.95724 0.997204 0.0541481 -0.0514827 14.0324
-0.0510059 0.0240896 -0.998408 -216.666 -0.0553 0.998107 0.0269074 2.97034 0.997165 0.0565844 -0.0495772 13.985
-0.0486031 0.0207803 -0.998602 -217.722 -0.0551424 0.998203 0.0234558 2.98545 0.997294 0.0562054 -0.0473698 13.9334
-0.0480245 0.0192949 -0.99866 -218.773 -0.0545239 0.998272 0.0219094 3.00527 0.997356 0.0555031 -0.0468895 13.8937
-0.0460907 0.021157 -0.998714 -219.835 -0.0545966 0.998228 0.0236663 3.01657 0.997443 0.0556172 -0.0448539 13.8295
-0.0450472 0.024126 -0.998694 -220.931 -0.0560098 0.998075 0.0266374 3.03356 0.997412 0.0571366 -0.0436091 13.7798
-0.0420879 0.0236632 -0.998834 -222.002 -0.0563835 0.99807 0.0260209 3.04837 0.997521 0.057413 -0.0406725 13.6985
-0.0401488 0.0208426 -0.998977 -223.068 -0.0551652 0.998211 0.0230437 3.06374 0.997669 0.056034 -0.0389272 13.6267
-0.0392299 0.0179694 -0.999069 -224.154 -0.0530172 0.998393 0.020039 3.07332 0.997822 0.053754 -0.0382142 13.5574
-0.037961 0.0167841 -0.999139 -225.248 -0.0518034 0.998481 0.0187413 3.08533 0.997934 0.0524703 -0.0370339 13.487
-0.0372827 0.0158238 -0.99918 -226.355 -0.051923 0.998493 0.0177504 3.09283 0.997954 0.0525423 -0.0364049 13.4243
-0.0347356 0.0158856 -0.999271 -227.441 -0.0531329 0.99843 0.0177192 3.09905 0.997982 0.0537097 -0.033837 13.3227
-0.0339084 0.0167023 -0.999286 -228.56 -0.0555863 0.998281 0.0185717 3.10771 0.997877 0.0561764 -0.0329217 13.2477
-0.0325509 0.0190757 -0.999288 -229.685 -0.0566954 0.998173 0.0209012 3.11753 0.99786 0.0573355 -0.0314099 13.1619
-0.0338865 0.0205481 -0.999215 -230.834 -0.0568353 0.998131 0.0224533 3.12982 0.997807 0.0575516 -0.0326553 13.1242
-0.0350781 0.0221847 -0.999139 -231.952 -0.0579003 0.998029 0.0241928 3.14357 0.997705 0.0586991 -0.0337245 13.0771
-0.0367769 0.0229486 -0.99906 -233.115 -0.0600745 0.997877 0.0251329 3.15681 0.997515 0.0609424 -0.0353203 13.0382
-0.0374163 0.0213584 -0.999072 -234.267 -0.0620059 0.997795 0.0236533 3.17288 0.997373 0.0628334 -0.0360094 12.9677
-0.0370984 0.0170416 -0.999167 -235.399 -0.0604097 0.997988 0.0192644 3.17983 0.997483 0.0610742 -0.0359943 12.8694
-0.0392728 0.0108388 -0.99917 -236.6 -0.0574364 0.998263 0.0130865 3.18612 0.997575 0.0579027 -0.0385821 12.8407
-0.0400477 0.00710022 -0.999173 -237.755 -0.052406 0.998583 0.0091965 3.178 0.997821 0.052731 -0.0396189 12.7553
-0.0407641 0.00788273 -0.999138 -238.953 -0.0463853 0.998876 0.00977314 3.17309 0.99809 0.0467438 -0.0403526 12.6733
-0.0410815 0.011743 -0.999087 -240.117 -0.041827 0.999034 0.0134623 3.17349 0.998279 0.042342 -0.0405507 12.5773
-0.0425996 0.014952 -0.998981 -241.336 -0.0394833 0.999082 0.0166372 3.16402 0.998311 0.0401519 -0.0419701 12.5057
-0.0437631 0.0144228 -0.998938 -242.538 -0.0376124 0.999163 0.0160739 3.1673 0.998332 0.038276 -0.043184 12.4251
-0.0439726 0.0150316 -0.99892 -243.756 -0.0376919 0.99915 0.0166942 3.17729 0.99832 0.0383854 -0.0433686 12.326
-0.0451995 0.0164626 -0.998843 -244.982 -0.0368858 0.999155 0.0181369 3.18105 0.998296 0.037663 -0.0445541 12.2436
-0.0463672 0.0158713 -0.998799 -246.199 -0.0362619 0.999188 0.0175608 3.18657 0.998265 0.0370327 -0.045754 12.1571
-0.0463395 0.0143575 -0.998823 -247.462 -0.0365245 0.999204 0.0160575 3.19474 0.998257 0.0372257 -0.0457782 12.0548
-0.0491773 0.0139898 -0.998693 -248.713 -0.0361095 0.999223 0.0157753 3.19844 0.998136 0.0368382 -0.0486339 11.9961
-0.0528734 0.0151226 -0.998487 -249.958 -0.0363734 0.999193 0.0170594 3.19935 0.997937 0.0372204 -0.0522806 11.9453
-0.0569331 0.0152824 -0.998261 -251.217 -0.0366089 0.999178 0.0173843 3.20437 0.997705 0.0375351 -0.0563268 11.8945
-0.0598111 0.0158726 -0.998084 -252.485 -0.0379939 0.999113 0.0181658 3.21158 0.997485 0.0390077 -0.0591549 11.8196
-0.0618666 0.0173394 -0.997934 -253.761 -0.0401562 0.998996 0.0198473 3.21734 0.997275 0.0413013 -0.0611081 11.7279
-0.0641451 0.018696 -0.997766 -255.03 -0.0415487 0.998908 0.0213885 3.21356 0.997074 0.0428279 -0.0632982 11.6429
-0.0653363 0.0190634 -0.997682 -256.332 -0.0448388 0.998752 0.0220203 3.21547 0.996854 0.0461737 -0.0643999 11.5481
-0.0665716 0.0187126 -0.997607 -257.601 -0.0456901 0.998718 0.0217825 3.22768 0.996734 0.047031 -0.0656312 11.472
-0.0674758 0.0171995 -0.997573 -258.867 -0.0440314 0.998826 0.0201994 3.24071 0.996748 0.0452876 -0.0666392 11.3891
-0.0671584 0.0169447 -0.997599 -260.08 -0.0419096 0.998925 0.0197886 3.23277 0.99686 0.0431381 -0.0663761 11.279
-0.0675009 0.0167052 -0.99758 -261.343 -0.0409721 0.99897 0.0195008 3.23338 0.996876 0.0421894 -0.0667468 11.1768
-0.0700992 0.0166706 -0.997401 -262.604 -0.0407939 0.998976 0.019564 3.24092 0.996704 0.0420594 -0.0693473 11.125
-0.0705133 0.0161427 -0.997381 -263.896 -0.0400231 0.999018 0.0189987 3.24785 0.996706 0.041258 -0.069798 11.0314
-0.0712808 0.0167488 -0.997316 -265.139 -0.0393023 0.999035 0.0195867 3.25058 0.99668 0.0405931 -0.0705537 10.9468
-0.0709572 0.0182128 -0.997313 -266.41 -0.0365756 0.999113 0.020848 3.24439 0.996807 0.0379568 -0.0702281 10.8406
-0.0720072 0.0205762 -0.997192 -267.698 -0.0322345 0.999217 0.0229456 3.25077 0.996882 0.0337964 -0.0712875 10.7532
-0.0735482 0.0238085 -0.997008 -268.946 -0.0287836 0.999248 0.0259853 3.25686 0.996875 0.0306088 -0.0728075 10.6729
-0.0747132 0.0254331 -0.996881 -270.214 -0.0266102 0.999268 0.0274884 3.27634 0.996849 0.0285811 -0.0739816 10.5879
-0.0760733 0.023611 -0.996823 -271.463 -0.0272471 0.999297 0.025749 3.28761 0.996729 0.0291195 -0.0753764 10.5028
-0.0757338 0.0219793 -0.996886 -272.698 -0.0299474 0.999256 0.0243066 3.29584 0.996677 0.0316951 -0.0750192 10.3924
-0.0768568 0.0239088 -0.996756 -273.955 -0.0350606 0.999029 0.0266668 3.31999 0.996424 0.0369965 -0.0759438 10.2986
-0.077406 0.0295597 -0.996562 -275.193 -0.0394282 0.998688 0.0326853 3.33477 0.996219 0.0418228 -0.0761389 10.1948
-0.0777829 0.0288015 -0.996555 -276.452 -0.043039 0.998554 0.0322186 3.35269 0.99604 0.0453968 -0.0764307 10.0921
-0.0777709 0.0215739 -0.996738 -277.689 -0.0425237 0.998784 0.0249361 3.37191 0.996063 0.0443244 -0.0767589 9.98897
-0.0792804 0.0161361 -0.996722 -278.932 -0.0394898 0.999033 0.0193146 3.37966 0.996069 0.0408918 -0.0785664 9.90055
-0.0799535 0.0150668 -0.996685 -280.189 -0.0341385 0.999258 0.0178442 3.38803 0.996213 0.0354522 -0.0793797 9.81048
-0.0790312 0.0162016 -0.996741 -281.43 -0.031096 0.999341 0.0187094 3.39381 0.996386 0.0324734 -0.0784753 9.70954
-0.0778228 0.0182859 -0.9968 -282.659 -0.0305907 0.999317 0.0207204 3.39562 0.996497 0.0321055 -0.0772102 9.60787
-0.0764795 0.0212395 -0.996845 -283.888 -0.0322831 0.999196 0.0237664 3.39198 0.996547 0.0339991 -0.0757323 9.49551
-0.0742095 0.0228088 -0.996982 -285.107 -0.0335719 0.999115 0.0253564 3.39973 0.996676 0.0353524 -0.073378 9.35862
-0.0728177 0.0235772 -0.997067 -286.367 -0.0345372 0.999062 0.0261467 3.41195 0.996746 0.03634 -0.071935 9.244
-0.0710079 0.0225745 -0.997221 -287.606 -0.0343013 0.999098 0.0250594 3.4255 0.996885 0.0359855 -0.0701694 9.12572
-0.0689851 0.0212291 -0.997392 -288.834 -0.0349431 0.999109 0.0236825 3.4312 0.997005 0.0364858 -0.0681817 8.99436
-0.0675924 0.0205919 -0.997501 -290.07 -0.0350559 0.999121 0.0230007 3.42813 0.997096 0.0365231 -0.066811 8.87842
-0.0672613 0.0202916 -0.997529 -291.313 -0.0360546 0.999091 0.0227544 3.43693 0.997083 0.0374962 -0.0664684 8.77709
-0.066259 0.0201094 -0.9976 -292.541 -0.0362612 0.999088 0.0225478 3.44299 0.997142 0.0376683 -0.0654693 8.67381
-0.0655106 0.0196785 -0.997658 -293.796 -0.0374143 0.999054 0.0221628 3.46117 0.997149 0.0387787 -0.0647123 8.56214
-0.0632066 0.0206819 -0.997787 -295.012 -0.036738 0.99906 0.0230355 3.45394 0.997323 0.0381128 -0.0623872 8.44306
-0.0626463 0.0195539 -0.997845 -296.269 -0.0370223 0.999075 0.0219023 3.45548 0.997348 0.0383147 -0.0618644 8.34037
-0.0634728 0.0172103 -0.997836 -297.508 -0.0369449 0.999126 0.0195826 3.45939 0.997298 0.038108 -0.0627814 8.26218
-0.0645377 0.0140581 -0.997817 -298.726 -0.0378943 0.999145 0.0165278 3.46528 0.997194 0.0388784 -0.0639497 8.18166
-0.0658898 0.013105 -0.997741 -299.955 -0.0397097 0.999088 0.015745 3.45929 0.997035 0.0406576 -0.0653092 8.09949
-0.0655674 0.0128209 -0.997766 -301.197 -0.0430244 0.998951 0.0156634 3.46388 0.996919 0.0439554 -0.064947 7.98637
-0.0657124 0.0141056 -0.997739 -302.425 -0.0459577 0.998796 0.0171473 3.45995 0.996779 0.0469807 -0.064985 7.88274
-0.0655524 0.0151477 -0.997734 -303.653 -0.0499133 0.998584 0.0184399 3.46119 0.996599 0.0510091 -0.0647034 7.76956
-0.0648631 0.0148748 -0.997784 -304.885 -0.0523674 0.998461 0.0182892 3.4694 0.996518 0.0534377 -0.0639842 7.6523
-0.0650021 0.0134394 -0.997795 -306.113 -0.0519811 0.998506 0.0168353 3.45589 0.996529 0.0529609 -0.0642063 7.5444
-0.0651095 0.0113645 -0.997814 -307.358 -0.0509276 0.998595 0.0146965 3.45604 0.996576 0.0517732 -0.0644391 7.44004
-0.0657775 0.0113883 -0.99777 -308.642 -0.0481982 0.998732 0.0145767 3.44813 0.996668 0.0490497 -0.0651451 7.34082
-0.0664988 0.013416 -0.997697 -309.885 -0.0465165 0.998781 0.016531 3.45014 0.9967 0.0475088 -0.0657936 7.24477
-0.0675067 0.0146723 -0.997611 -311.152 -0.0450151 0.998829 0.0177363 3.44956 0.996702 0.046105 -0.0667671 7.15583
-0.0686546 0.014253 -0.997539 -312.453 -0.045978 0.998791 0.0174353 3.44649 0.996579 0.047062 -0.0679161 7.07164
