1 0 0 0 0 1 0 0 0 0 1 0
0.999937 -0.00276692 0.0109248 0.0240208 0.00275917 0.999996 0.000724584 0.000470527 -0.0109268 -0.000694394 0.99994 0.309424
0.99984 -0.00504661 0.0171643 0.0361831 0.00503502 0.999987 0.000718727 -0.00530165 -0.0171677 -0.00063219 0.999852 0.604749
0.999811 -0.00828889 0.0175934 0.0711752 0.00831211 0.999965 -0.00124705 -0.00172225 -0.0175824 0.00139305 0.999844 0.899675
0.999822 -0.00997648 0.0159979 0.0556143 0.0100373 0.999943 -0.00372811 0.00783077 -0.0159598 0.00388802 0.999865 1.2255
0.999882 -0.0124638 0.008982 0.0601314 0.0125077 0.99991 -0.00484163 0.0012509 -0.00892084 0.0049534 0.999948 1.54338
0.999892 -0.0144171 -0.00281646 0.0388245 0.0143967 0.999871 -0.00713448 0.00413852 0.00291896 0.00709317 0.999971 1.87249
0.999721 -0.0138853 -0.0190952 0.0138705 0.0137616 0.999884 -0.00659549 -0.0137594 0.0191846 0.00633087 0.999796 2.16877
0.999201 -0.00952279 -0.0388145 -0.0158055 0.00929532 0.999939 -0.00603659 -0.0303209 0.0388697 0.00567098 0.999228 2.52298
0.998287 -0.00577543 -0.0582193 -0.0690094 0.00537097 0.99996 -0.00710134 -0.0357591 0.058258 0.00677648 0.998279 2.8933
0.99693 -0.00560448 -0.0780968 -0.124418 0.00499701 0.999956 -0.00797159 -0.0359905 0.078138 0.00755687 0.996914 3.26801
0.99513 -0.00674963 -0.0983379 -0.195723 0.0059649 0.999948 -0.00827181 -0.0284914 0.0983886 0.00764496 0.995119 3.65147
0.993096 -0.0075816 -0.117063 -0.260514 0.00665071 0.999943 -0.00834066 -0.0244504 0.117119 0.00750453 0.993089 4.0102
0.991061 -0.00601735 -0.133277 -0.355602 0.00497801 0.999955 -0.00813015 -0.0316097 0.13332 0.00739402 0.991045 4.38379
0.988708 -0.00485646 -0.149775 -0.425208 0.00365765 0.999959 -0.00827846 -0.0290702 0.149809 0.00763716 0.988685 4.81949
0.986563 -0.00406893 -0.163331 -0.512037 0.00264468 0.999957 -0.00893656 -0.0323949 0.16336 0.00838453 0.986531 5.23862
0.984426 -0.00535589 -0.175718 -0.590938 0.00363262 0.999942 -0.0101272 -0.0413675 0.175762 0.00933117 0.984388 5.67373
0.982844 -0.00896352 -0.184222 -0.701997 0.00687689 0.999905 -0.0119625 -0.054438 0.184312 0.0104904 0.982812 6.12272
0.980995 -0.0083945 -0.19385 -0.774342 0.00570458 0.99988 -0.0144303 -0.0589359 0.193948 0.0130503 0.980925 6.585
0.979618 -0.00768066 -0.200721 -0.891032 0.00424838 0.999837 -0.0175249 -0.0533153 0.200823 0.016315 0.979491 7.07591
0.978339 -0.00849254 -0.206835 -1.02527 0.0043158 0.999778 -0.0206364 -0.0597041 0.206965 0.0192968 0.978158 7.56535
0.977059 -0.0125703 -0.212598 -1.16619 0.00791717 0.99971 -0.0227242 -0.0654281 0.212822 0.0205197 0.976875 8.04087
0.975189 -0.0192683 -0.220534 -1.27761 0.0143862 0.999615 -0.0237223 -0.0848715 0.220906 0.0199611 0.975091 8.55474
0.973574 -0.0197757 -0.227515 -1.42288 0.014358 0.999573 -0.0254434 -0.10833 0.227921 0.0215044 0.973442 9.06157
0.971893 -0.0150822 -0.234939 -1.5928 0.00826671 0.999517 -0.0299675 -0.124155 0.235277 0.027183 0.971548 9.61307
0.969814 -0.0123409 -0.243536 -1.74581 0.00460994 0.999468 -0.0322892 -0.148445 0.243804 0.0301918 0.969354 10.1606
0.967687 -0.0152737 -0.251691 -1.89906 0.00674325 0.999374 -0.0347203 -0.165967 0.252063 0.0319012 0.967185 10.7003
0.965756 -0.0175131 -0.258863 -2.06394 0.00797276 0.999251 -0.037859 -0.176278 0.259332 0.0344987 0.965172 11.2467
0.963177 -0.0172473 -0.268315 -2.22673 0.00660048 0.999156 -0.040532 -0.202414 0.268788 0.0372685 0.962478 11.8636
0.96091 -0.0163855 -0.276376 -2.4027 0.00421154 0.998997 -0.0445848 -0.226095 0.27683 0.041678 0.960015 12.449
0.958377 -0.0172659 -0.284985 -2.58896 0.00350804 0.998806 -0.0487158 -0.273045 0.285486 0.0456883 0.957293 13.1117
0.956897 -0.018228 -0.289854 -2.79482 0.00180955 0.998383 -0.0568114 -0.308435 0.290421 0.0538382 0.955383 13.7275
0.955604 -0.0192991 -0.294021 -2.99427 -0.000131794 0.997825 -0.0659242 -0.335275 0.294654 0.0630361 0.953523 14.3472
0.953744 -0.021184 -0.299873 -3.18975 -0.00113446 0.997253 -0.0740574 -0.387539 0.300618 0.070972 0.9511 15.0193
0.952126 -0.0209057 -0.304991 -3.39678 -0.00486556 0.996496 -0.0834945 -0.432381 0.305668 0.0809812 0.948688 15.6834
0.950591 -0.0193875 -0.309842 -3.61368 -0.00891143 0.995933 -0.089658 -0.515836 0.31032 0.0879892 0.946551 16.3551
0.948413 -0.0173914 -0.316561 -3.82491 -0.0137586 0.995296 -0.0959007 -0.582016 0.31674 0.0953088 0.943712 17.0281
0.946999 -0.0158673 -0.320844 -4.07903 -0.0176792 0.994691 -0.101374 -0.658269 0.320749 0.101673 0.941691 17.6989
0.945297 -0.0131054 -0.325947 -4.33068 -0.0231522 0.993977 -0.10711 -0.729126 0.325387 0.108798 0.939301 18.3974
0.943897 -0.010036 -0.330088 -4.60649 -0.0281117 0.993468 -0.110592 -0.80147 0.329041 0.113667 0.93745 19.0772
0.941572 -0.00880427 -0.336697 -4.8442 -0.0305608 0.993301 -0.111437 -0.896193 0.335422 0.115216 0.934996 19.7925
0.939427 -0.00838175 -0.342646 -5.10409 -0.0314697 0.993369 -0.11058 -0.982298 0.3413 0.114665 0.932934 20.4843
0.937612 -0.00807949 -0.347589 -5.41044 -0.0322127 0.993411 -0.109984 -1.05822 0.346188 0.114319 0.931174 21.1995
0.935169 -0.00750868 -0.354121 -5.70456 -0.0328171 0.993638 -0.107733 -1.15569 0.352677 0.11237 0.928973 21.9277
0.932865 -0.00658212 -0.360165 -6.04798 -0.033427 0.993937 -0.104744 -1.24328 0.358671 0.109751 0.92699 22.6675
0.929519 -0.00440542 -0.368748 -6.3583 -0.0343864 0.994537 -0.098561 -1.33812 0.367167 0.104294 0.924289 23.4204
0.926152 -0.000643409 -0.377151 -6.68407 -0.0371138 0.994989 -0.092836 -1.43236 0.375321 0.0999777 0.921487 24.1798
0.923266 0.00369485 -0.384144 -7.04402 -0.0407182 0.995262 -0.0882906 -1.52406 0.381998 0.0971573 0.919042 24.9414
0.919697 0.00437244 -0.392604 -7.39503 -0.0420004 0.995296 -0.0873037 -1.59108 0.390375 0.0967825 0.915555 25.7221
0.916434 0.00469586 -0.400158 -7.77232 -0.0434839 0.995179 -0.0879076 -1.65142 0.397816 0.0979619 0.91222 26.4952
0.913437 0.00399016 -0.40696 -8.15553 -0.043371 0.995212 -0.0875898 -1.71147 0.404662 0.0976581 0.909237 27.2483
0.909479 0.00470809 -0.415724 -8.55287 -0.0445419 0.995284 -0.0861727 -1.79186 0.413358 0.0968893 0.905399 28.0779
0.905254 0.00310685 -0.42486 -8.92137 -0.0425904 0.9956 -0.0834672 -1.87329 0.422731 0.093654 0.901403 28.9011
0.901608 0.0032106 -0.432542 -9.3138 -0.0418848 0.995921 -0.0799139 -1.94256 0.430522 0.0901679 0.898065 29.687
0.898224 0.00581277 -0.439499 -9.72583 -0.0431365 0.996251 -0.0749837 -2.00866 0.437416 0.0863106 0.895108 30.4836
0.89399 0.0046725 -0.448062 -10.1579 -0.0409576 0.996612 -0.0713272 -2.07415 0.44621 0.0821174 0.891153 31.3362
0.889028 0.00344703 -0.457841 -10.5184 -0.0395027 0.99682 -0.0692008 -2.14807 0.456146 0.0796073 0.886337 32.1651
0.884441 0.00161643 -0.466649 -10.944 -0.0373315 0.997034 -0.0673009 -2.21814 0.465156 0.0769444 0.881878 33.0391
0.876222 0.0014062 -0.481907 -11.3324 -0.037719 0.997128 -0.0656725 -2.28686 0.48043 0.0757207 0.873758 34.0003
0.868249 -0.00108456 -0.496127 -11.7394 -0.0354782 0.997302 -0.0642689 -2.35784 0.494858 0.073403 0.865868 34.9554
0.86138 -0.00338289 -0.50795 -12.1847 -0.034908 0.99722 -0.0658382 -2.41538 0.50676 0.0744432 0.858867 35.9002
0.853868 -0.00691333 -0.520445 -12.6694 -0.030925 0.997472 -0.0639869 -2.49327 0.519571 0.0707311 0.851495 36.8779
0.849375 -0.010099 -0.527694 -13.2083 -0.0288336 0.997436 -0.0654995 -2.53657 0.527002 0.0708489 0.846906 37.8295
0.847207 -0.00816349 -0.531201 -13.7749 -0.0314957 0.997352 -0.0655594 -2.62269 0.530329 0.0722729 0.844706 38.7494
0.84546 -0.00931318 -0.533958 -14.3038 -0.0292312 0.997542 -0.063683 -2.69043 0.533239 0.0694496 0.843109 39.6675
0.84508 -0.0114324 -0.534517 -14.8759 -0.0263116 0.997671 -0.0629375 -2.7624 0.533991 0.0672513 0.842811 40.5584
0.844168 -0.0143656 -0.535887 -15.4298 -0.0234391 0.997696 -0.0636684 -2.83572 0.535566 0.0663076 0.841886 41.4514
0.843275 -0.0179871 -0.537182 -16.0106 -0.019793 0.997723 -0.0644793 -2.89578 0.537118 0.0650062 0.840998 42.3368
0.841691 -0.0211322 -0.539547 -16.5785 -0.016675 0.99774 -0.065091 -2.92003 0.539703 0.0637834 0.839436 43.2146
0.838454 -0.020715 -0.544579 -17.1611 -0.0151483 0.998005 -0.0612855 -2.99984 0.544762 0.0596345 0.836467 44.1646
0.835263 -0.0201885 -0.54948 -17.7541 -0.0129498 0.998326 -0.0563646 -3.09161 0.549698 0.054195 0.833604 45.0647
0.830415 -0.019601 -0.5568 -18.3639 -0.0126741 0.998458 -0.0540508 -3.17924 0.557001 0.0519415 0.828886 45.9867
0.824889 -0.023735 -0.564797 -18.9861 -0.009876 0.998361 -0.056379 -3.24917 0.565209 0.0520843 0.823302 46.8673
0.818527 -0.0273756 -0.573816 -19.6167 -0.00833607 0.998193 -0.0595129 -3.31991 0.574408 0.0534962 0.816819 47.7495
0.812115 -0.0268891 -0.582877 -20.2622 -0.00838938 0.998296 -0.057742 -3.41789 0.583437 0.0517831 0.810506 48.6123
0.806163 -0.0228101 -0.591253 -20.8994 -0.0100061 0.998588 -0.0521679 -3.49495 0.591608 0.047972 0.804797 49.4646
0.799931 -0.0189324 -0.599793 -21.5742 -0.0131211 0.998712 -0.0490235 -3.54651 0.599948 0.0470854 0.798652 50.3652
0.795105 -0.0189351 -0.606177 -22.2149 -0.0145573 0.998629 -0.0502885 -3.61969 0.606298 0.0488089 0.793738 51.2084
0.790341 -0.0214445 -0.612292 -22.8535 -0.0152314 0.998391 -0.0546275 -3.69153 0.612478 0.0525004 0.788742 52.0673
0.787911 -0.0236399 -0.615336 -23.5803 -0.018579 0.997895 -0.0621266 -3.75335 0.615509 0.0603826 0.785813 52.9492
0.784577 -0.0252886 -0.619515 -24.2157 -0.0172532 0.997891 -0.0625839 -3.84905 0.619791 0.0597904 0.782486 53.7454
0.780482 -0.0234953 -0.624736 -24.8832 -0.0162053 0.998198 -0.0577859 -3.93662 0.624968 0.0552249 0.778695 54.5711
0.778549 -0.0210454 -0.62723 -25.5981 -0.0157412 0.998468 -0.0530402 -4.00522 0.627386 0.0511678 0.777026 55.3856
0.776305 -0.0193925 -0.630059 -26.3123 -0.0158541 0.99861 -0.0502702 -4.07191 0.630158 0.049014 0.774918 56.2156
0.772019 -0.0195952 -0.635298 -26.9888 -0.0173644 0.998501 -0.0518992 -4.12045 0.635363 0.0510987 0.770521 57.0384
0.769176 -0.0202178 -0.638717 -27.7028 -0.0182268 0.998399 -0.0535527 -4.19357 0.638777 0.0528332 0.767576 57.863
0.765759 -0.022498 -0.642735 -28.3913 -0.0175724 0.998283 -0.0558793 -4.2674 0.642888 0.0540845 0.764048 58.6496
0.761249 -0.0238049 -0.648022 -29.1062 -0.0161802 0.998318 -0.0556802 -4.35149 0.648257 0.0528716 0.759584 59.4792
0.75701 -0.0240884 -0.652959 -29.846 -0.0154069 0.998384 -0.0546936 -4.42342 0.653222 0.0514636 0.755416 60.2913
0.750649 -0.0236478 -0.660278 -30.5839 -0.016086 0.998409 -0.0540457 -4.49808 0.660505 0.0511905 0.749074 61.1652
0.745251 -0.0250415 -0.666314 -31.3266 -0.01559 0.998367 -0.0549578 -4.57134 0.666602 0.0513451 0.743643 61.9639
0.738044 -0.0265635 -0.674229 -32.0619 -0.0155046 0.998293 -0.0563033 -4.64283 0.674574 0.0520079 0.736373 62.8057
0.732059 -0.0277794 -0.680675 -32.8054 -0.0150616 0.998264 -0.0569393 -4.7182 0.681074 0.0519349 0.73037 63.6026
0.726538 -0.0277654 -0.686565 -33.5529 -0.0160013 0.998229 -0.0573024 -4.81214 0.686939 0.0526183 0.724807 64.3793
0.719655 -0.0296669 -0.693698 -34.3137 -0.014697 0.998212 -0.0579368 -4.89395 0.694176 0.0518897 0.717933 65.1825
0.712782 -0.030723 -0.700713 -35.1196 -0.0145237 0.99818 -0.0585394 -4.9655 0.701235 0.0519028 0.711038 65.9986
0.705794 -0.0309737 -0.70774 -35.9545 -0.0141183 0.99823 -0.0577662 -5.03281 0.708276 0.0507631 0.704108 66.8287
0.698463 -0.0309294 -0.714978 -36.7627 -0.0136337 0.998309 -0.0565048 -5.1194 0.715516 0.0492143 0.69686 67.6193
0.691359 -0.0332321 -0.721747 -37.5945 -0.0117596 0.998292 -0.0572299 -5.19226 0.722416 0.0480538 0.689787 68.4021
0.684637 -0.0343751 -0.728073 -38.4212 -0.0126854 0.998174 -0.0590562 -5.27442 0.728774 0.0496679 0.682951 69.1767
0.677756 -0.0342801 -0.734487 -39.2763 -0.0127412 0.998215 -0.0583459 -5.35206 0.735176 0.0489025 0.67611 69.9496
0.671336 -0.0342581 -0.740361 -40.0916 -0.0125832 0.998261 -0.0576018 -5.42021 0.741046 0.0479862 0.669737 70.7183
0.666894 -0.0339219 -0.74438 -40.9277 -0.0142859 0.998198 -0.0582874 -5.4938 0.745016 0.0495056 0.665207 71.4472
0.661889 -0.0356642 -0.748752 -41.8054 -0.0138111 0.998118 -0.0597507 -5.5675 0.749474 0.0498894 0.660151 72.207
0.656697 -0.037266 -0.753233 -42.7201 -0.0148545 0.997946 -0.0623239 -5.65615 0.754008 0.0521168 0.654794 72.9751
0.650756 -0.0410513 -0.758177 -43.6071 -0.0132195 0.997774 -0.0653707 -5.72397 0.759172 0.052563 0.648764 73.7441
0.646166 -0.0421859 -0.76203 -44.4819 -0.0132405 0.997701 -0.0664599 -5.80596 0.763082 0.0530338 0.644122 74.4676
0.642568 -0.0415936 -0.765099 -45.4153 -0.0126902 0.997811 -0.0649025 -5.89638 0.766123 0.0514135 0.640633 75.1947
0.637099 -0.0425282 -0.769608 -46.3299 -0.0115349 0.997839 -0.064689 -5.97361 0.770696 0.0500906 0.635231 75.9426
0.631158 -0.0434319 -0.774437 -47.1984 -0.0110506 0.997827 -0.0649661 -6.0686 0.775575 0.0495619 0.629306 76.6799
0.625923 -0.0441732 -0.778633 -48.089 -0.0104171 0.997832 -0.0649828 -6.15838 0.779815 0.0487853 0.624106 77.4094
0.62056 -0.0454832 -0.782839 -49.0289 -0.00903634 0.997836 -0.0651377 -6.24386 0.784107 0.0474958 0.618805 78.1609
0.614797 -0.0463709 -0.787321 -49.995 -0.00837861 0.99783 -0.0653119 -6.33769 0.78864 0.0467502 0.613074 78.9419
0.609384 -0.048877 -0.791367 -50.9721 -0.00594702 0.997788 -0.0662056 -6.43062 0.792853 0.0450509 0.607746 79.7159
0.605056 -0.0537166 -0.794369 -51.9123 -0.0026894 0.997578 -0.0695065 -6.52138 0.796178 0.0441917 0.603446 80.4255
0.599153 -0.0584342 -0.7985 -52.8755 0.00209442 0.997444 -0.0714214 -6.60787 0.800632 0.0411199 0.597744 81.1663
0.592352 -0.0619701 -0.803292 -53.8405 0.00749474 0.997418 -0.0714193 -6.70635 0.805644 0.0362849 0.591287 81.8701
0.582711 -0.0667736 -0.809931 -54.814 0.0131446 0.997263 -0.0727609 -6.78659 0.812573 0.0317524 0.581994 82.5896
0.574244 -0.0667615 -0.815957 -55.791 0.0152431 0.997369 -0.0708769 -6.89853 0.818542 0.0282629 0.573751 83.2558
0.56526 -0.0657855 -0.822286 -56.8405 0.0148686 0.997466 -0.0695795 -6.97988 0.824779 0.0271042 0.564805 83.9586
0.555072 -0.0660061 -0.829179 -57.8355 0.0144668 0.997462 -0.0697177 -7.07719 0.831676 0.0267028 0.554618 84.6502
0.545299 -0.0672303 -0.835541 -58.8793 0.0135612 0.997356 -0.0714 -7.18179 0.838132 0.0276034 0.544769 85.3157
0.534875 -0.0690838 -0.842102 -59.9232 0.0138947 0.997237 -0.0729852 -7.28961 0.844817 0.0273372 0.534357 85.9785
0.52427 -0.0705645 -0.848623 -61.0138 0.0135674 0.997127 -0.074531 -7.3964 0.851444 0.0275608 0.523721 86.6549
0.51335 -0.0711223 -0.855227 -62.0939 0.0163727 0.997191 -0.0731005 -7.50348 0.858023 0.0235237 0.513072 87.314
0.503269 -0.0713089 -0.861183 -63.1813 0.0172288 0.99722 -0.0725048 -7.60517 0.863958 0.0216523 0.503098 87.9323
0.494047 -0.071975 -0.866451 -64.275 0.0172807 0.997184 -0.0729814 -7.70843 0.869263 0.0210833 0.493899 88.5133
0.485005 -0.0728796 -0.871469 -65.3937 0.0160202 0.997095 -0.0744696 -7.81106 0.874364 0.022157 0.484764 89.0907
0.475292 -0.0734196 -0.876759 -66.507 0.014456 0.99703 -0.0756543 -7.91747 0.879709 0.0232835 0.474941 89.6745
0.466069 -0.0745879 -0.881599 -67.6395 0.013456 0.996923 -0.0772312 -8.02866 0.884646 0.0241323 0.465638 90.2459
0.4555 -0.0738979 -0.887164 -68.7281 0.0116162 0.996958 -0.0770793 -8.14266 0.89016 0.0248041 0.454972 90.8291
0.44595 -0.0720012 -0.892157 -69.8968 0.0107184 0.997118 -0.0751143 -8.25041 0.894993 0.0239347 0.445436 91.4123
0.438135 -0.0712487 -0.896082 -71.0405 0.0114247 0.997215 -0.073704 -8.34628 0.898836 0.0220547 0.437728 91.9604
0.429387 -0.0722548 -0.900226 -72.1909 0.0123659 0.997172 -0.0741377 -8.44887 0.903036 0.0207016 0.429066 92.5233
0.422131 -0.0757032 -0.903368 -73.3314 0.0140952 0.996935 -0.0769577 -8.55392 0.906425 0.0197531 0.421904 93.0481
0.414509 -0.0793571 -0.906579 -74.5083 0.016814 0.996689 -0.0795571 -8.66605 0.90989 0.0177339 0.414471 93.5922
0.407352 -0.082093 -0.909574 -75.6787 0.0175417 0.996472 -0.0820799 -8.77964 0.913102 0.0174799 0.407355 94.1383
0.402104 -0.085577 -0.911586 -76.8577 0.0194319 0.996196 -0.0849485 -8.90696 0.915388 0.0164443 0.402237 94.6454
0.398693 -0.086494 -0.912997 -78.0354 0.0212736 0.996147 -0.0850815 -9.02402 0.916838 0.0144987 0.398997 95.127
0.39457 -0.084804 -0.914944 -79.2309 0.0229323 0.996331 -0.082458 -9.13195 0.918579 0.0115536 0.395067 95.6384
0.390891 -0.0824899 -0.916733 -80.3838 0.0262432 0.99657 -0.0784839 -9.25759 0.920063 0.00662064 0.391714 96.1242
0.388178 -0.0821082 -0.91792 -81.5687 0.0281413 0.996615 -0.0772469 -9.3737 0.921154 0.00415404 0.389174 96.608
0.385764 -0.0811586 -0.919021 -82.6899 0.0289669 0.996698 -0.0758593 -9.50453 0.922142 0.00264261 0.386841 97.085
0.38429 -0.0801122 -0.91973 -83.8375 0.0292809 0.996785 -0.0745896 -9.61691 0.922748 0.00173353 0.3854 97.5531
0.382055 -0.0792012 -0.92074 -84.9798 0.0308385 0.996859 -0.0729526 -9.72488 0.923625 -0.00052232 0.383297 98.0389
0.381502 -0.0800618 -0.920895 -86.1286 0.0329076 0.996787 -0.0730271 -9.83699 0.923782 -0.00244441 0.38291 98.4874
0.378737 -0.0799336 -0.922046 -87.2433 0.0347751 0.996789 -0.0721291 -9.9477 0.924851 -0.00474629 0.3803 98.9673
0.375972 -0.0789247 -0.923264 -88.3302 0.0373146 0.996848 -0.0700197 -10.0501 0.925879 -0.00812574 0.377732 99.4399
0.374089 -0.0793254 -0.923994 -89.5146 0.040095 0.996787 -0.0693419 -10.1394 0.926525 -0.0111075 0.376068 99.8963
0.37318 -0.0809735 -0.924219 -90.6244 0.0427966 0.996626 -0.070037 -10.2392 0.926771 -0.013417 0.375386 100.317
0.371414 -0.0815435 -0.92488 -91.7594 0.043969 0.996563 -0.0702065 -10.3572 0.927426 -0.0145904 0.373722 100.788
0.371124 -0.0836516 -0.924808 -92.8939 0.0442269 0.996396 -0.0723789 -10.4542 0.927529 -0.0140398 0.373486 101.226
0.371331 -0.0844769 -0.92465 -93.9641 0.0435178 0.996342 -0.0735504 -10.5592 0.92748 -0.0129272 0.373649 101.658
0.37242 -0.0844255 -0.924216 -95.0603 0.0417589 0.99637 -0.0741895 -10.6634 0.927124 -0.0109645 0.374594 102.109
0.375828 -0.0845918 -0.922821 -96.118 0.0398866 0.996379 -0.0750904 -10.7759 0.925831 -0.00858706 0.377841 102.554
0.380832 -0.0859272 -0.920643 -97.1754 0.0387714 0.996281 -0.0769487 -10.8703 0.923831 -0.00639006 0.382747 102.984
0.386239 -0.0866275 -0.918322 -98.2118 0.038859 0.996225 -0.0776325 -10.9698 0.921579 -0.00570034 0.388147 103.426
0.394265 -0.0857275 -0.91499 -99.2796 0.0380665 0.996309 -0.0769438 -11.0708 0.918208 -0.00449418 0.396073 103.857
0.400894 -0.0843028 -0.912237 -100.296 0.0375353 0.996433 -0.0755882 -11.1794 0.915355 -0.00393826 0.402628 104.325
0.408841 -0.0840257 -0.908729 -101.3 0.0382352 0.996455 -0.0749352 -11.2746 0.911804 -0.00410886 0.410605 104.789
0.416524 -0.0831699 -0.905313 -102.274 0.0378469 0.99653 -0.074137 -11.3772 0.908337 -0.00338345 0.418226 105.274
0.424792 -0.082991 -0.901479 -103.258 0.0362434 0.99655 -0.0746649 -11.4932 0.904565 -0.000955597 0.426334 105.774
0.436595 -0.0853167 -0.895604 -104.27 0.0353619 0.996352 -0.0776757 -11.5808 0.898963 0.00224254 0.438019 106.229
0.44935 -0.0867326 -0.889136 -105.255 0.0346817 0.996219 -0.079651 -11.6782 0.892682 0.00495446 0.450659 106.686
0.462872 -0.0850534 -0.882335 -106.207 0.0325849 0.996346 -0.0789496 -11.7767 0.885826 0.00779276 0.463953 107.16
0.475626 -0.0823651 -0.875783 -107.14 0.0314585 0.996563 -0.0766395 -11.877 0.879085 0.00890093 0.476582 107.67
0.487542 -0.0807841 -0.869354 -108.124 0.0316864 0.996692 -0.0748468 -11.9705 0.872524 0.00894426 0.488489 108.221
0.500248 -0.0804204 -0.86214 -109.016 0.0324308 0.996719 -0.0741564 -12.0653 0.865274 0.00913671 0.501215 108.723
0.512265 -0.0812746 -0.854973 -109.972 0.033346 0.996644 -0.0747625 -12.1626 0.85818 0.00978829 0.513256 109.277
0.523735 -0.0831289 -0.847816 -110.897 0.0341699 0.996477 -0.0765969 -12.2528 0.851195 0.0111468 0.52473 109.832
0.534762 -0.0853324 -0.840683 -111.8 0.0365251 0.996293 -0.0778936 -12.3415 0.844213 0.0109485 0.535896 110.405
0.544553 -0.0852118 -0.834387 -112.657 0.0374734 0.996304 -0.0772911 -12.44 0.837889 0.0108218 0.545734 110.991
0.554932 -0.0818697 -0.827858 -113.507 0.0363104 0.996581 -0.0742158 -12.545 0.831103 0.0111249 0.556007 111.576
0.56638 -0.0795005 -0.820301 -114.364 0.0363538 0.996778 -0.0715035 -12.6215 0.823342 0.0106771 0.567445 112.133
0.57767 -0.0779813 -0.812537 -115.215 0.0347491 0.996873 -0.0709679 -12.7052 0.81553 0.0127611 0.578573 112.708
0.588819 -0.0780263 -0.80449 -116.035 0.0338412 0.996837 -0.0719129 -12.7924 0.807556 0.0151187 0.589596 113.278
0.598477 -0.0771912 -0.797413 -116.836 0.0321841 0.996861 -0.0723433 -12.8912 0.800493 0.0176318 0.599083 113.88
0.609713 -0.0763764 -0.788935 -117.635 0.0323905 0.996916 -0.0714787 -12.9845 0.79196 0.0180275 0.610306 114.461
0.618796 -0.0738759 -0.782071 -118.394 0.0323336 0.99712 -0.0686067 -13.075 0.784886 0.0171664 0.619402 115.076
0.625154 -0.0733302 -0.777049 -119.127 0.033252 0.997175 -0.0673516 -13.1399 0.779793 0.0162666 0.625826 115.735
0.632262 -0.0721207 -0.771391 -119.852 0.0342864 0.997287 -0.0651383 -13.237 0.773995 0.0147362 0.633019 116.363
0.640028 -0.0713942 -0.765028 -120.597 0.0325735 0.9973 -0.0658193 -13.3112 0.767661 0.0172065 0.640625 116.995
0.646891 -0.0707512 -0.759294 -121.325 0.0325627 0.997341 -0.0651903 -13.3912 0.761887 0.0174463 0.647475 117.637
0.654909 -0.0675704 -0.752681 -122.038 0.0315096 0.99757 -0.0621383 -13.4742 0.755051 0.0169782 0.655446 118.248
0.662666 -0.0643867 -0.746142 -122.73 0.0311427 0.997805 -0.0584449 -13.5562 0.748267 0.0154925 0.663216 118.858
0.669081 -0.0626451 -0.740545 -123.398 0.0307516 0.997921 -0.0566335 -13.634 0.742553 0.0151194 0.669616 119.492
0.677527 -0.0620991 -0.732872 -124.085 0.0305213 0.997945 -0.0563435 -13.6982 0.734865 0.015806 0.678029 120.106
0.686018 -0.0593847 -0.725158 -124.735 0.0276708 0.998072 -0.0555571 -13.7551 0.727058 0.0180474 0.686338 120.715
0.696138 -0.056868 -0.715652 -125.386 0.02708 0.998228 -0.0529809 -13.8111 0.717397 0.0175021 0.696444 121.327
0.706604 -0.0534456 -0.705588 -126.013 0.0251981 0.998412 -0.0503916 -13.8588 0.70716 0.0178274 0.706829 121.929
0.717775 -0.0522271 -0.694313 -126.628 0.0239674 0.998445 -0.050327 -13.9017 0.695862 0.0194826 0.717911 122.551
0.729097 -0.050674 -0.682532 -127.22 0.021575 0.998461 -0.051083 -13.9637 0.68407 0.0225187 0.729068 123.162
0.739896 -0.0522888 -0.670686 -127.784 0.0222091 0.99833 -0.0533321 -14.012 0.672355 0.0245649 0.739821 123.781
0.751019 -0.0517828 -0.658247 -128.339 0.022169 0.998336 -0.0532433 -14.0593 0.659908 0.025394 0.750917 124.416
0.761643 -0.0502733 -0.646045 -128.879 0.0221881 0.998425 -0.0515363 -14.1135 0.647617 0.0249177 0.761558 125.073
0.772004 -0.0484034 -0.633772 -129.399 0.022516 0.998553 -0.048836 -14.1626 0.635219 0.0234316 0.771977 125.733
0.782549 -0.0472782 -0.620791 -129.959 0.0234641 0.998644 -0.0464767 -14.2138 0.622146 0.021804 0.782597 126.44
0.792574 -0.0463348 -0.608013 -130.47 0.0250077 0.99874 -0.0435123 -14.2579 0.609263 0.0192817 0.792734 127.115
0.80065 -0.0459295 -0.59737 -131.003 0.0266255 0.9988 -0.041108 -14.3124 0.598541 0.0170078 0.800912 127.865
0.80885 -0.045749 -0.586233 -131.46 0.0287372 0.998853 -0.0382995 -14.3768 0.587312 0.0141318 0.809237 128.489
0.815445 -0.0452286 -0.577066 -131.971 0.0282147 0.998863 -0.038418 -14.4165 0.578147 0.015046 0.815794 129.255
0.821991 -0.0451129 -0.567711 -132.435 0.0278253 0.998848 -0.0390848 -14.4486 0.56882 0.0163307 0.8223 129.98
0.829373 -0.0438024 -0.556975 -132.89 0.0272515 0.998907 -0.0379781 -14.4815 0.558029 0.0163196 0.82966 130.656
0.83481 -0.0429272 -0.548862 -133.356 0.0262355 0.998925 -0.0382235 -14.5159 0.549912 0.0175097 0.835039 131.447
0.841494 -0.0438049 -0.538488 -133.822 0.0278814 0.998901 -0.0376884 -14.5618 0.539547 0.0167008 0.84179 132.165
0.846559 -0.0457619 -0.530324 -134.273 0.0295024 0.9988 -0.039092 -14.5977 0.531477 0.0174478 0.846893 132.92
0.850819 -0.0465955 -0.523389 -134.723 0.0301945 0.99875 -0.0398312 -14.6303 0.524591 0.0180857 0.851162 133.686
0.854259 -0.0469957 -0.517719 -135.168 0.0308593 0.998733 -0.0397403 -14.6589 0.518931 0.017972 0.854627 134.446
0.857885 -0.0454393 -0.511829 -135.619 0.0316254 0.998863 -0.0356695 -14.704 0.512868 0.0144134 0.858346 135.203
0.862241 -0.040729 -0.504858 -136.092 0.0287919 0.999091 -0.0314277 -14.7465 0.505679 0.0125624 0.86263 135.966
0.86585 -0.0381573 -0.498846 -136.533 0.0275537 0.999211 -0.0286058 -14.7818 0.499544 0.0110232 0.866218 136.755
0.869322 -0.0352915 -0.492985 -136.985 0.0256852 0.999326 -0.0262462 -14.8176 0.493578 0.010154 0.869642 137.566
0.873482 -0.0331435 -0.485727 -137.449 0.025086 0.999419 -0.023083 -14.8653 0.48621 0.00797758 0.873805 138.37
0.876844 -0.0317976 -0.479722 -137.9 0.0253592 0.99948 -0.0198971 -14.8989 0.480105 0.00528129 0.877195 139.22
0.880899 -0.0318279 -0.472234 -138.361 0.0265296 0.999488 -0.0178762 -14.9257 0.472561 0.00321894 0.881292 140.061
0.885211 -0.032061 -0.464083 -138.849 0.0271513 0.999482 -0.0172593 -14.9453 0.464396 0.00267765 0.885623 140.945
0.890042 -0.0323743 -0.454729 -139.326 0.0270732 0.999468 -0.0181667 -14.9615 0.455075 0.00385812 0.890445 141.816
0.895167 -0.0351856 -0.44434 -139.778 0.0300393 0.999375 -0.0186196 -14.9856 0.444717 0.00331994 0.895665 142.67
0.90132 -0.0370142 -0.431569 -140.239 0.0315246 0.999305 -0.0198688 -15.0002 0.432004 0.00430308 0.901861 143.505
0.907205 -0.0380466 -0.418965 -140.731 0.0318911 0.999256 -0.021688 -15.0362 0.419479 0.00631414 0.907743 144.45
0.914077 -0.0358121 -0.403957 -141.168 0.0293936 0.999324 -0.0220814 -15.0681 0.404475 0.00831034 0.914511 145.366
0.921128 -0.0319572 -0.387946 -141.579 0.026037 0.999451 -0.0205086 -15.0981 0.388388 0.00879004 0.921454 146.329
0.928804 -0.0282306 -0.369495 -141.976 0.0237151 0.999578 -0.0167581 -15.1313 0.369812 0.00680239 0.929081 147.305
0.93594 -0.0227393 -0.351425 -142.318 0.0189533 0.99972 -0.0142101 -15.1732 0.351649 0.00663911 0.936108 148.304
0.942682 -0.0196661 -0.333114 -142.615 0.0163109 0.999784 -0.0128662 -15.2046 0.333295 0.00669536 0.942799 149.312
0.949647 -0.0159234 -0.312917 -142.927 0.0132965 0.999856 -0.0105274 -15.2379 0.31304 0.00583661 0.949722 150.34
0.956007 -0.0154454 -0.292936 -143.219 0.0137312 0.999875 -0.00790709 -15.256 0.293022 0.00353683 0.956099 151.384
0.96229 -0.0138963 -0.271669 -143.543 0.0132012 0.999903 -0.00438621 -15.2648 0.271704 0.000634434 0.96238 152.485
0.968186 -0.0115383 -0.249965 -143.846 0.0118855 0.999929 -0.000120464 -15.27 0.249949 -0.00285436 0.968254 153.617
0.973958 -0.00913166 -0.226544 -144.138 0.010197 0.999942 0.00353273 -15.2818 0.226498 -0.00575082 0.973994 154.742
0.978054 -0.00845396 -0.208182 -144.315 0.00938718 0.99995 0.00349509 -15.2875 0.208142 -0.00537265 0.978083 155.866
0.982024 -0.0100546 -0.188487 -144.507 0.0104638 0.999945 0.00117609 -15.2902 0.188465 -0.00312727 0.982074 157.022
0.985412 -0.0107753 -0.169844 -144.708 0.0112124 0.999936 0.0016143 -15.2964 0.169816 -0.00349513 0.985469 158.185
0.988028 -0.0138464 -0.153655 -144.841 0.0146425 0.999885 0.00405089 -15.3011 0.153581 -0.0062523 0.988116 159.349
0.990762 -0.0148646 -0.134792 -144.969 0.0157126 0.999863 0.00522949 -15.3004 0.134696 -0.00729914 0.99086 160.499
0.992975 -0.0148645 -0.117383 -145.064 0.0158105 0.99985 0.00713158 -15.3144 0.11726 -0.00893739 0.993061 161.7
0.995114 -0.0140561 -0.097722 -145.164 0.0149267 0.999855 0.00818351 -15.3184 0.0975929 -0.00960222 0.99518 162.898
0.996867 -0.012347 -0.0781309 -145.292 0.0131075 0.999872 0.00922821 -15.3162 0.078007 -0.0102234 0.9969 164.198
0.998207 -0.0109396 -0.0588537 -145.374 0.0114938 0.999893 0.00908656 -15.3085 0.0587481 -0.00974673 0.998225 165.48
0.999148 -0.0103944 -0.0399399 -145.413 0.0107405 0.999907 0.00845945 -15.3101 0.0398484 -0.00888123 0.999166 166.718
0.999698 -0.0123156 -0.0212588 -145.445 0.0124476 0.999904 0.0060876 -15.2979 0.0211819 -0.0063504 0.999755 168.011
0.999954 -0.00953012 -0.000516756 -145.488 0.0095325 0.999943 0.00479632 -15.3112 0.000471122 -0.00480104 0.999988 169.316
0.999804 -0.0115534 0.0160814 -145.444 0.0114844 0.999925 0.00437523 -15.3205 -0.0161306 -0.00418971 0.999861 170.648
0.999435 -0.0118415 0.0314541 -145.383 0.011769 0.999928 0.00248992 -15.3294 -0.0314811 -0.00211835 0.999502 171.983
0.998663 -0.011329 0.0504331 -145.327 0.0114844 0.99993 -0.00279239 -15.337 -0.0503978 0.00336782 0.998723 173.312
0.9975 -0.00965493 0.0699977 -145.259 0.0103328 0.999903 -0.00932803 -15.3534 -0.0699007 0.010028 0.997503 174.676
0.996165 -0.00733455 0.0871847 -145.153 0.00856096 0.99987 -0.0137012 -15.3824 -0.0870726 0.014395 0.996098 176.019
0.994368 -0.00444874 0.105884 -145.052 0.00635104 0.999824 -0.0176353 -15.4049 -0.105787 0.0182085 0.994222 177.438
0.992589 -0.00149657 0.121512 -144.868 0.00390197 0.999801 -0.01956 -15.4471 -0.121459 0.0198892 0.992397 178.813
0.990028 -0.00200916 0.140858 -144.699 0.0048686 0.999789 -0.0199584 -15.4794 -0.140788 0.0204451 0.989828 180.19
0.98734 -0.00291156 0.158592 -144.497 0.00621161 0.999774 -0.0203166 -15.5223 -0.158497 0.0210445 0.987135 181.613
0.984739 -0.00464014 0.173974 -144.244 0.00938021 0.999607 -0.0264336 -15.5435 -0.173782 0.0276621 0.984395 182.976
0.981737 -0.00380758 0.190205 -143.985 0.00961846 0.999515 -0.0296368 -15.6011 -0.189999 0.030925 0.981296 184.352
0.979166 -0.00342736 0.203035 -143.655 0.00991322 0.999472 -0.0309361 -15.6262 -0.202822 0.0323043 0.978682 185.695
0.976916 -0.00365182 0.213593 -143.277 0.0103548 0.999488 -0.0302714 -15.6828 -0.213373 0.0317843 0.976453 187.089
0.975203 -0.00256941 0.221299 -142.858 0.00965058 0.999475 -0.0309229 -15.7571 -0.221103 0.0322917 0.974715 188.446
0.971028 -0.00666386 0.238872 -142.508 0.0151634 0.999315 -0.0337619 -15.8372 -0.238483 0.0364058 0.970463 189.772
0.967476 -0.00450106 0.252923 -142.149 0.0138405 0.999286 -0.0351591 -15.8966 -0.252584 0.0375161 0.966847 191.116
0.963389 -0.00817356 0.267984 -141.726 0.0194132 0.999038 -0.0393188 -15.9708 -0.267405 0.0430816 0.96262 192.441
0.95812 -0.0100826 0.286191 -141.306 0.0236484 0.998752 -0.0439847 -16.056 -0.285391 0.0489105 0.957162 193.749
0.952774 -0.00673879 0.303605 -140.785 0.0217274 0.998704 -0.0460179 -16.1323 -0.302901 0.0504411 0.951686 195.221
0.945364 -0.00538007 0.325971 -140.315 0.0213294 0.998742 -0.0453743 -16.2255 -0.325317 0.049848 0.94429 196.58
0.936499 -0.00642774 0.350611 -139.77 0.0242673 0.998623 -0.0465115 -16.3259 -0.349829 0.0520663 0.935365 198.013
0.92706 -0.00339342 0.374898 -139.229 0.0228164 0.998616 -0.0473821 -16.4187 -0.374218 0.0524799 0.925854 199.391
0.91627 -0.000492327 0.40056 -138.665 0.0232444 0.99838 -0.0519438 -16.4558 -0.399885 0.0569053 0.914797 200.777
0.905605 0.000365048 0.424122 -137.992 0.024234 0.998321 -0.0526048 -16.5546 -0.423429 0.0579173 0.904076 202.213
0.893275 0.00275337 0.449502 -137.304 0.0242914 0.998224 -0.0543877 -16.6368 -0.448853 0.0595021 0.891622 203.727
0.880559 0.00318172 0.473926 -136.551 0.0276608 0.997928 -0.0580937 -16.7391 -0.473129 0.064264 0.878646 205.157
0.865174 0.00664908 0.501427 -135.799 0.0289305 0.997585 -0.0631457 -16.8354 -0.500635 0.0691385 0.862892 206.667
0.85234 0.00951981 0.522901 -135.023 0.0291517 0.997415 -0.0656765 -16.9355 -0.522174 0.0712221 0.849859 208.029
0.840443 0.0110715 0.541787 -134.216 0.0302322 0.997276 -0.067277 -17.0467 -0.541056 0.0729219 0.837819 209.329
0.832078 0.00832423 0.554595 -133.323 0.0361965 0.996941 -0.0692705 -17.1235 -0.553475 0.0777129 0.829232 210.543
0.819278 0.00879635 0.573328 -132.448 0.0388219 0.996737 -0.0707684 -17.2328 -0.57208 0.0802367 0.816263 211.82
0.805256 0.00921012 0.592856 -131.551 0.0423804 0.996428 -0.0730434 -17.3431 -0.591411 0.0839441 0.801989 213.149
0.793643 0.00972469 0.608305 -130.586 0.0459035 0.996065 -0.0758129 -17.4587 -0.606649 0.0880917 0.790074 214.444
0.781707 0.0154452 0.623455 -129.608 0.0443492 0.995786 -0.0802756 -17.5832 -0.622067 0.0904017 0.777727 215.756
0.769023 0.0173535 0.638986 -128.644 0.0462761 0.995497 -0.0827291 -17.7084 -0.637544 0.0931903 0.764757 216.929
0.756254 0.0184664 0.654017 -127.646 0.0477188 0.995383 -0.0832832 -17.8305 -0.652535 0.0941921 0.751881 218.152
0.742237 0.0203207 0.669829 -126.621 0.0484446 0.995298 -0.0838759 -17.9528 -0.668383 0.0947053 0.737763 219.334
0.726683 0.0226066 0.686601 -125.589 0.0466546 0.995527 -0.0821563 -18.0832 -0.685386 0.0917346 0.722377 220.544
0.710102 0.0248444 0.703661 -124.544 0.0443469 0.995815 -0.0799125 -18.2223 -0.702701 0.0879511 0.706028 221.696
0.694512 0.0275676 0.718952 -123.467 0.0412871 0.996092 -0.0780779 -18.369 -0.718295 0.0839095 0.69066 222.782
0.679107 0.0309007 0.733388 -122.352 0.040937 0.995964 -0.0798712 -18.5009 -0.732896 0.0842638 0.675101 223.867
0.664341 0.0351174 0.746604 -121.253 0.0391995 0.995884 -0.081723 -18.6326 -0.746401 0.0835584 0.66023 224.863
0.647554 0.0359308 0.761172 -120.132 0.0405326 0.99585 -0.0814911 -18.7552 -0.76094 0.0836222 0.64341 225.856
0.631735 0.0353301 0.774379 -118.957 0.040578 0.996084 -0.0785484 -18.8864 -0.774121 0.0810445 0.627827 226.783
0.615743 0.0340566 0.787211 -117.79 0.041859 0.996241 -0.0758412 -19.0071 -0.786834 0.0796505 0.612003 227.666
0.596955 0.0327574 0.801606 -116.643 0.0419691 0.996523 -0.071977 -19.1412 -0.801176 0.0766097 0.593504 228.543
0.580421 0.0322882 0.813676 -115.453 0.0434715 0.99656 -0.0705551 -19.2587 -0.813154 0.0763234 0.577021 229.371
0.560878 0.0321254 0.827275 -114.29 0.0436473 0.99671 -0.0682972 -19.3895 -0.826747 0.0744147 0.55763 230.192
0.543831 0.0305437 0.838639 -113.127 0.044973 0.996841 -0.065469 -19.5262 -0.837988 0.0733201 0.540739 230.946
0.528665 0.0306154 0.848278 -111.92 0.0464082 0.996812 -0.0648988 -19.6462 -0.84756 0.0736768 0.525559 231.651
0.511355 0.029238 0.858872 -110.724 0.0508996 0.996636 -0.0642324 -19.7536 -0.85786 0.0765618 0.508146 232.359
0.492867 0.0280584 0.869652 -109.498 0.0529317 0.996662 -0.0621548 -19.8524 -0.868492 0.0766663 0.489737 233.052
0.476136 0.0274414 0.878943 -108.302 0.0539909 0.996715 -0.060366 -19.9596 -0.877712 0.0761974 0.473091 233.695
0.45686 0.032311 0.888952 -107.152 0.0524352 0.996624 -0.0631727 -20.0743 -0.887991 0.0754734 0.453623 234.331
0.438531 0.0412921 0.897767 -105.958 0.0500881 0.996268 -0.0702891 -20.1956 -0.897319 0.0757914 0.434826 234.969
0.4196 0.0496877 0.906348 -104.79 0.0463843 0.996022 -0.0760777 -20.3176 -0.906523 0.0739625 0.415626 235.548
0.399881 0.0550177 0.914914 -103.59 0.042825 0.995985 -0.0786103 -20.4365 -0.915565 0.070616 0.395919 236.121
0.380392 0.0574398 0.92304 -102.437 0.0403372 0.996089 -0.0786089 -20.5443 -0.923944 0.0671351 0.376588 236.659
0.360774 0.0588511 0.930795 -101.259 0.0359107 0.996391 -0.0769174 -20.6614 -0.931961 0.0611753 0.357359 237.165
0.340905 0.0601965 0.938168 -100.09 0.0338342 0.996516 -0.0762347 -20.772 -0.939488 0.057731 0.337681 237.653
0.321667 0.0595049 0.944981 -98.9069 0.0331092 0.996706 -0.0740322 -20.8821 -0.946273 0.0551012 0.318637 238.104
0.303974 0.0594028 0.950827 -97.7093 0.0331076 0.996793 -0.0728589 -20.9981 -0.952104 0.0536268 0.301032 238.499
0.285886 0.0607626 0.956335 -96.5272 0.0339134 0.996721 -0.0734666 -21.0953 -0.957662 0.0534357 0.282888 238.875
0.267218 0.0652128 0.961427 -95.3072 0.0301892 0.996651 -0.0759928 -21.1995 -0.963162 0.0493314 0.264355 239.253
0.247498 0.0672122 0.966554 -94.0841 0.0292571 0.996618 -0.0767943 -21.3109 -0.968446 0.047285 0.244694 239.615
0.231101 0.0652184 0.970741 -92.9336 0.0283067 0.996878 -0.0737133 -21.416 -0.972517 0.0445137 0.228533 239.908
0.218245 0.0600707 0.974043 -91.7663 0.030945 0.997176 -0.0684308 -21.5265 -0.975402 0.0450764 0.215769 240.129
0.205371 0.0575707 0.976989 -90.6075 0.0324489 0.997319 -0.0655897 -21.5989 -0.978145 0.0451725 0.202953 240.37
0.192462 0.0552172 0.97975 -89.4626 0.0338733 0.997447 -0.0628687 -21.6841 -0.980719 0.0452872 0.190101 240.612
0.182253 0.0560901 0.98165 -88.3069 0.0337365 0.997427 -0.0632551 -21.7678 -0.982672 0.0446459 0.179892 240.831
0.173067 0.05866 0.983162 -87.2664 0.0333266 0.997304 -0.0653704 -21.8566 -0.984345 0.044079 0.170646 241.064
0.16659 0.0612616 0.984121 -86.1148 0.0312666 0.997238 -0.0673709 -21.9425 -0.985529 0.0419935 0.164215 241.258
0.160221 0.065897 0.984879 -85.0172 0.0299006 0.996987 -0.0715714 -22.0405 -0.986627 0.0409157 0.157768 241.454
0.153609 0.0747917 0.985297 -83.8983 0.0301502 0.996312 -0.0803283 -22.1392 -0.987671 0.0420461 0.150788 241.653
0.148661 0.0771689 0.985873 -82.8139 0.0278249 0.99623 -0.0821753 -22.2492 -0.988496 0.0396481 0.145953 241.824
0.144464 0.0690741 0.987096 -81.7572 0.0289964 0.996837 -0.0739994 -22.3453 -0.989084 0.0393125 0.142004 242.009
0.140073 0.0596011 0.988346 -80.7059 0.0295923 0.997489 -0.0643464 -22.4383 -0.989698 0.0382606 0.137958 242.209
0.137309 0.0565564 0.988912 -79.6598 0.0299586 0.997675 -0.0612172 -22.5163 -0.990074 0.0380321 0.135295 242.399
0.135265 0.0592849 0.989034 -78.6063 0.0288267 0.99755 -0.0637379 -22.5952 -0.990389 0.0371321 0.133225 242.586
0.133805 0.0623328 0.989046 -77.5848 0.0289916 0.997347 -0.0667782 -22.6817 -0.990583 0.0376093 0.131643 242.766
0.13423 0.06523 0.988801 -76.5423 0.0263141 0.997245 -0.0693592 -22.7715 -0.9906 0.0353294 0.132144 242.939
0.137098 0.0660116 0.988356 -75.5153 0.0237337 0.997272 -0.0698993 -22.864 -0.990272 0.0330404 0.135158 243.079
0.140016 0.0686772 0.987765 -74.4852 0.0227549 0.997105 -0.0725522 -22.9428 -0.989887 0.0326349 0.138048 243.239
0.143951 0.0703971 0.987078 -73.4647 0.0206566 0.997036 -0.0741198 -23.0287 -0.989368 0.0310593 0.14207 243.394
0.149301 0.0722604 0.986148 -72.4831 0.0188096 0.996938 -0.0758988 -23.1126 -0.988612 0.0298808 0.147485 243.552
0.156078 0.0717442 0.985136 -71.4639 0.0181686 0.996982 -0.0754854 -23.1968 -0.987577 0.0296801 0.154304 243.709
0.162502 0.06967 0.984246 -70.4848 0.0192367 0.997091 -0.0737554 -23.2919 -0.98652 0.0309191 0.16069 243.884
0.168906 0.0680559 0.98328 -69.5091 0.0209017 0.997142 -0.0726059 -23.3883 -0.985409 0.0328159 0.167001 244.069
0.175405 0.0685146 0.982109 -68.546 0.0228686 0.997023 -0.0736394 -23.4806 -0.98423 0.0353762 0.173317 244.256
0.181743 0.0687899 0.980937 -67.5422 0.0222445 0.997007 -0.0740382 -23.5633 -0.983094 0.0352764 0.179669 244.461
0.189029 0.0680387 0.979612 -66.5673 0.0212935 0.997078 -0.0733608 -23.6463 -0.98174 0.0347267 0.187029 244.646
0.196079 0.0664731 0.978333 -65.5804 0.0206607 0.997198 -0.0718958 -23.727 -0.98037 0.0343104 0.194156 244.848
0.203174 0.064701 0.977003 -64.6086 0.0207836 0.997305 -0.0703676 -23.8153 -0.978921 0.0346026 0.201282 245.048
0.209774 0.0649779 0.975589 -63.644 0.0210645 0.997258 -0.0709505 -23.9001 -0.977522 0.0354339 0.20783 245.258
0.216216 0.0670268 0.974042 -62.7062 0.0219281 0.997056 -0.0734781 -23.9853 -0.976098 0.0372461 0.21411 245.473
0.222701 0.0690511 0.972438 -61.7603 0.0226915 0.996851 -0.0759813 -24.0579 -0.974622 0.0389872 0.220433 245.698
0.228976 0.0709121 0.970846 -60.7911 0.0209732 0.996752 -0.0777509 -24.1502 -0.973205 0.0381649 0.226745 245.934
0.234263 0.0711845 0.969564 -59.8556 0.0191648 0.996784 -0.0778135 -24.2448 -0.971983 0.0368103 0.232145 246.189
0.240361 0.0703891 0.968128 -58.9189 0.0187589 0.996844 -0.0771343 -24.3404 -0.970501 0.0367012 0.238282 246.436
0.246905 0.0681692 0.966639 -57.963 0.017916 0.997031 -0.0748887 -24.4289 -0.968873 0.0358088 0.244951 246.68
0.253595 0.0667848 0.965002 -57.0225 0.0177081 0.997126 -0.0736616 -24.5137 -0.967147 0.0357686 0.251684 246.93
0.26111 0.0670975 0.962975 -56.1039 0.0181668 0.997063 -0.0743987 -24.5851 -0.965137 0.0369204 0.259124 247.174
0.268188 0.0674946 0.961 -55.1751 0.0180696 0.997015 -0.0750669 -24.6775 -0.963196 0.0374969 0.266168 247.438
0.274721 0.0677116 0.959137 -54.2623 0.0203584 0.996884 -0.0762076 -24.7596 -0.961307 0.0404624 0.272487 247.711
0.281918 0.0698877 0.95689 -53.3652 0.0214965 0.996633 -0.0791237 -24.8324 -0.959197 0.0428762 0.279467 247.995
0.291779 0.0726676 0.953722 -52.4588 0.0215849 0.996356 -0.0825197 -24.9136 -0.956241 0.0446634 0.289147 248.269
0.300343 0.0739585 0.95096 -51.5508 0.0212388 0.996224 -0.0841867 -24.9999 -0.953594 0.0454822 0.297639 248.577
0.307777 0.0729074 0.948661 -50.6328 0.0200042 0.996344 -0.083062 -25.0926 -0.951247 0.0445418 0.305193 248.871
0.313482 0.0715453 0.946895 -49.7116 0.018432 0.996512 -0.0813964 -25.1846 -0.949414 0.0429695 0.31107 249.174
0.31802 0.0731108 0.945261 -48.8037 0.0160096 0.996466 -0.0824575 -25.2678 -0.947948 0.0413564 0.315726 249.48
