1 0 0 0 0 1 0 0 0 0 1 0
0.999933 -0.00289692 0.0111863 0.0169168 0.00289333 0.999996 0.000337338 0.00856864 -0.0111872 -0.00030495 0.999937 0.307821
0.999838 -0.00534459 0.0172163 0.0350594 0.00534245 0.999986 0.000169944 0.00360152 -0.017217 -7.7939e-05 0.999852 0.598668
0.999817 -0.00895535 0.0168797 0.081448 0.00899933 0.999956 -0.00253139 0.0155447 -0.0168563 0.00268283 0.999854 0.894099
0.999824 -0.0105141 0.0155565 0.0607722 0.0105823 0.999935 -0.0043099 0.0172387 -0.0155102 0.00447376 0.99987 1.21549
0.999888 -0.0122953 0.0085914 0.0655251 0.0123376 0.999912 -0.00489231 0.00436454 -0.0085305 0.00499776 0.999951 1.53421
0.99989 -0.014695 -0.00216746 0.0231057 0.0146746 0.99985 -0.00917229 0.0382827 0.00230192 0.00913947 0.999956 1.8723
0.999737 -0.0141122 -0.0180956 -0.0128839 0.0139469 0.99986 -0.00922828 0.0312683 0.0182233 0.00897347 0.999794 2.17918
0.999247 -0.00970731 -0.0375655 -0.0501251 0.00937088 0.999915 -0.00912153 0.0203497 0.0376509 0.00876264 0.999253 2.53724
0.998516 -0.00556697 -0.0541754 -0.146097 0.00496003 0.999924 -0.0113313 0.0255865 0.0542343 0.0110458 0.998467 2.92328
0.997259 -0.00532151 -0.0738024 -0.202713 0.00442382 0.999914 -0.0123215 0.0273456 0.0738617 0.0119612 0.997197 3.29757
0.995661 -0.00626983 -0.0928457 -0.292219 0.00521336 0.999919 -0.0116169 0.0225583 0.092911 0.0110825 0.995613 3.66812
0.993742 -0.00718629 -0.111472 -0.356723 0.00594966 0.999917 -0.0114223 0.0214519 0.111544 0.0106876 0.993702 4.03877
0.991944 -0.00555041 -0.126554 -0.468464 0.00420993 0.999932 -0.0108572 0.00854283 0.126605 0.0102369 0.991901 4.41636
0.989617 -0.00397987 -0.143676 -0.512236 0.00259543 0.999949 -0.00982204 -0.00468316 0.143708 0.00934715 0.989576 4.8316
0.987663 -0.00310977 -0.156564 -0.607686 0.0014244 0.99994 -0.0108758 -0.00706533 0.156588 0.0105186 0.987608 5.25295
0.985572 -0.00458239 -0.169197 -0.681958 0.00253514 0.999921 -0.0123139 -0.0106124 0.16924 0.0117073 0.985505 5.68973
0.98386 -0.00812539 -0.178753 -0.781352 0.00568771 0.999884 -0.0141454 -0.0255308 0.178847 0.0129004 0.983792 6.13729
0.981954 -0.00618098 -0.189019 -0.842315 0.00270346 0.999823 -0.01865 -0.0230499 0.189101 0.0178024 0.981796 6.57529
0.98045 -0.00554734 -0.196693 -0.945646 0.00117386 0.99975 -0.0223447 -0.0129674 0.196767 0.021677 0.980211 7.06218
0.978968 -0.00487938 -0.203956 -1.09801 -0.000875034 0.999605 -0.0281143 0.00772745 0.204013 0.0277014 0.978576 7.54436
0.976633 -0.00947409 -0.214703 -1.13119 0.00288111 0.999515 -0.0309996 0.0188186 0.214893 0.0296566 0.976187 8.05405
0.974882 -0.0161693 -0.222136 -1.24988 0.00935293 0.999454 -0.0317033 -0.0060892 0.222528 0.0288294 0.9745 8.56928
0.973269 -0.0163567 -0.229086 -1.39659 0.00881124 0.999386 -0.0339216 -0.0297852 0.2295 0.0309963 0.972815 9.06985
0.971545 -0.0102446 -0.236633 -1.57862 0.00110613 0.99925 -0.0387194 -0.0491569 0.236852 0.0373559 0.970827 9.63554
0.968641 -0.00952129 -0.248283 -1.68779 -0.000268213 0.999225 -0.0393652 -0.0970146 0.248465 0.0381973 0.967887 10.1838
0.96669 -0.012112 -0.255663 -1.85181 0.00164487 0.999153 -0.0411154 -0.128668 0.255944 0.0393253 0.965891 10.7109
0.964841 -0.0147113 -0.262421 -2.03078 0.00328397 0.999029 -0.0439315 -0.147901 0.262813 0.0415251 0.963953 11.2697
0.961982 -0.0148213 -0.272711 -2.19432 0.00208988 0.998897 -0.0469161 -0.173393 0.273105 0.0445625 0.960952 11.8996
0.959813 -0.0170003 -0.280127 -2.3692 0.00299572 0.998727 -0.0503462 -0.200457 0.280626 0.0474837 0.958642 12.4279
0.95692 -0.0167977 -0.289867 -2.53803 0.00140315 0.998581 -0.0532355 -0.274028 0.29035 0.0505354 0.955585 13.0835
0.955315 -0.0178357 -0.295053 -2.74692 -6.49979e-05 0.998165 -0.0605489 -0.320933 0.295591 0.0578624 0.953561 13.705
0.953944 -0.019173 -0.299373 -2.94405 -0.00170503 0.997593 -0.0693227 -0.346031 0.299982 0.0666404 0.951615 14.3306
0.951862 -0.0200227 -0.305874 -3.13428 -0.00395165 0.99698 -0.0775603 -0.397782 0.306503 0.0750354 0.948908 14.9926
0.950072 -0.0194168 -0.311427 -3.34508 -0.00848462 0.996085 -0.0879881 -0.431131 0.311916 0.0862373 0.946188 15.6601
0.948431 -0.0167561 -0.316542 -3.57041 -0.012829 0.995755 -0.0911487 -0.565952 0.316725 0.0905091 0.944189 16.3239
0.946014 -0.0164077 -0.323712 -3.77632 -0.0162019 0.995076 -0.0977847 -0.612549 0.323723 0.0977504 0.941089 16.9975
0.944581 -0.0153987 -0.327918 -4.03749 -0.019755 0.994423 -0.103602 -0.68643 0.327685 0.104338 0.939008 17.6684
0.942516 -0.0114731 -0.333965 -4.28326 -0.0264801 0.993703 -0.10887 -0.761934 0.333111 0.111455 0.936277 18.3584
0.941077 -0.00801619 -0.338099 -4.5634 -0.0314904 0.993299 -0.111202 -0.852794 0.336725 0.115297 0.934518 19.038
0.938573 -0.00717934 -0.345007 -4.78977 -0.0340717 0.99297 -0.113353 -0.924726 0.343396 0.118145 0.93173 19.7264
0.937178 -0.00639102 -0.348794 -5.08991 -0.0351381 0.993018 -0.112608 -1.01273 0.347078 0.11779 0.93041 20.4053
0.935047 -0.00649886 -0.354466 -5.41824 -0.0353176 0.993151 -0.111373 -1.12779 0.352762 0.116658 0.928413 21.1052
0.932495 -0.0059548 -0.361135 -5.71757 -0.0358345 0.993406 -0.108909 -1.22618 0.359402 0.114498 0.926132 21.8238
0.931381 -0.00463806 -0.364017 -6.11217 -0.0360817 0.993819 -0.104982 -1.32603 0.362254 0.110912 0.925457 22.5414
0.927698 -0.00251821 -0.373324 -6.4139 -0.0372766 0.994355 -0.0993385 -1.4152 0.371466 0.106072 0.922368 23.2963
0.924052 0.000674907 -0.382268 -6.73378 -0.0395588 0.994798 -0.0938686 -1.50764 0.380216 0.101861 0.919272 24.0544
0.920778 0.0048816 -0.390057 -7.08773 -0.0432137 0.995044 -0.0895582 -1.59779 0.387686 0.099319 0.916425 24.8161
0.916957 0.005251 -0.398952 -7.4341 -0.0442631 0.99508 -0.0886376 -1.66501 0.396524 0.0989356 0.912678 25.5873
0.913845 0.00536839 -0.406029 -7.81907 -0.0451037 0.995067 -0.0883579 -1.73474 0.403552 0.0990587 0.909579 26.3442
0.910813 0.00514074 -0.412789 -8.20757 -0.0455592 0.995066 -0.0881334 -1.79666 0.410299 0.0990792 0.906553 27.0922
0.906489 0.00617686 -0.422185 -8.594 -0.0464538 0.995282 -0.0851808 -1.90073 0.419667 0.0968274 0.902499 27.9154
0.904072 0.00430967 -0.427359 -9.04013 -0.0442005 0.99553 -0.0834662 -1.96168 0.425088 0.0943489 0.900221 28.6814
0.900857 0.0043058 -0.434095 -9.4465 -0.0433274 0.995849 -0.0800376 -2.02865 0.431949 0.0909106 0.897305 29.4623
0.896206 0.0078503 -0.443569 -9.82067 -0.045499 0.996197 -0.0742975 -2.11473 0.441299 0.0867678 0.893156 30.2971
0.891234 0.00691283 -0.453492 -10.2605 -0.0433849 0.996598 -0.0700713 -2.19206 0.451465 0.0821245 0.888502 31.1896
0.884998 0.00383539 -0.46558 -10.6164 -0.040046 0.996887 -0.0679093 -2.25708 0.46387 0.0787441 0.882397 32.0567
0.878719 0.00229723 -0.477335 -11.0124 -0.037797 0.997183 -0.0647809 -2.33906 0.475841 0.0749659 0.876331 32.959
0.868166 0.00197467 -0.496271 -11.3716 -0.0380497 0.997313 -0.062595 -2.41225 0.494814 0.0732257 0.865908 33.9426
0.857382 -0.00163231 -0.514678 -11.7704 -0.0350649 0.997486 -0.0615768 -2.46797 0.513485 0.070842 0.85517 34.9363
0.846045 -0.00293839 -0.533103 -12.2231 -0.0364874 0.99732 -0.0634034 -2.53036 0.531861 0.0730936 0.843671 35.9451
0.837113 -0.00689581 -0.546987 -12.7311 -0.0323309 0.997549 -0.0620554 -2.59964 0.546074 0.0696319 0.834838 36.9213
0.831226 -0.0104362 -0.555838 -13.3092 -0.0292778 0.997614 -0.0625142 -2.64972 0.555164 0.068237 0.828937 37.8711
0.828886 -0.00983677 -0.559331 -13.8999 -0.0307351 0.997534 -0.0630903 -2.71593 0.558573 0.0694857 0.82654 38.7757
0.826499 -0.00989257 -0.562852 -14.453 -0.0296119 0.997697 -0.0610178 -2.79014 0.562159 0.0670982 0.824303 39.6935
0.826294 -0.0112527 -0.563127 -15.0599 -0.0270821 0.99785 -0.0596779 -2.86814 0.562588 0.0645621 0.824213 40.5654
0.825121 -0.0143976 -0.564773 -15.6415 -0.0238515 0.997896 -0.0602855 -2.94125 0.564453 0.0632134 0.823042 41.4409
0.823427 -0.0211525 -0.567028 -16.2402 -0.016921 0.997945 -0.0617999 -2.97127 0.56717 0.0604824 0.821377 42.3092
0.821957 -0.0227716 -0.569094 -16.8467 -0.0146808 0.998021 -0.0611384 -3.02344 0.569361 0.0586078 0.819997 43.1667
0.818664 -0.021745 -0.573862 -17.4553 -0.0134338 0.998284 -0.0569919 -3.10695 0.574116 0.0543663 0.816967 44.0805
0.814732 -0.0211767 -0.579451 -18.0661 -0.0111662 0.998574 -0.0521941 -3.1904 0.57973 0.0489944 0.813335 44.9642
0.809919 -0.021537 -0.586147 -18.7129 -0.00982972 0.998687 -0.0502775 -3.26519 0.58646 0.0464823 0.808644 45.8589
0.803842 -0.0252868 -0.594306 -19.359 -0.00733492 0.998598 -0.0524097 -3.33248 0.594799 0.0464882 0.80253 46.7209
0.795876 -0.0285736 -0.604786 -19.9925 -0.0064657 0.998427 -0.0556802 -3.40031 0.605426 0.0482248 0.79444 47.6008
0.788798 -0.0278856 -0.61402 -20.6648 -0.00611979 0.998564 -0.0532113 -3.50355 0.614623 0.0457305 0.787495 48.451
0.782144 -0.0235043 -0.622655 -21.3153 -0.00806747 0.998822 -0.0478379 -3.57568 0.623046 0.0424393 0.781034 49.2707
0.774702 -0.0205557 -0.631993 -22.0132 -0.0106962 0.998902 -0.045601 -3.6073 0.632237 0.042087 0.773632 50.1666
0.769752 -0.0208116 -0.638005 -22.6843 -0.0120151 0.998819 -0.0470774 -3.67536 0.638231 0.0439036 0.768592 50.9831
0.764673 -0.0239931 -0.643973 -23.3541 -0.0125902 0.998559 -0.0521543 -3.73545 0.644296 0.0479887 0.763269 51.8191
0.762938 -0.025846 -0.645956 -24.1334 -0.0158749 0.99815 -0.0586877 -3.80092 0.646278 0.0550295 0.761116 52.6602
0.759839 -0.0268371 -0.649558 -24.8171 -0.0147483 0.998179 -0.0584928 -3.90297 0.649945 0.0540249 0.758059 53.4244
0.755188 -0.0246752 -0.655045 -25.5074 -0.014168 0.998443 -0.0539447 -3.98084 0.655356 0.050019 0.753662 54.2317
0.753042 -0.0219843 -0.657606 -26.2539 -0.0135151 0.998714 -0.0488643 -4.0489 0.657835 0.0456844 0.751776 55.019
0.750311 -0.0199424 -0.660785 -26.989 -0.013894 0.998848 -0.0459216 -4.11284 0.660939 0.0436363 0.74917 55.8131
0.745699 -0.0203761 -0.665972 -27.7026 -0.0152857 0.998746 -0.0476733 -4.15484 0.666108 0.0457297 0.744452 56.6119
0.743166 -0.0212786 -0.668769 -28.4578 -0.0149811 0.998714 -0.0484242 -4.23245 0.66894 0.046006 0.741892 57.3999
0.740138 -0.0230174 -0.672062 -29.1766 -0.0137873 0.998684 -0.0493877 -4.31684 0.672314 0.0458196 0.738847 58.1421
0.734273 -0.0231642 -0.67846 -29.9018 -0.0133477 0.998731 -0.0485448 -4.40205 0.678724 0.0447009 0.733033 58.9647
0.729816 -0.0231998 -0.683251 -30.6758 -0.0130963 0.998766 -0.047902 -4.46157 0.683519 0.0439076 0.728611 59.7438
0.723212 -0.0228999 -0.690247 -31.4438 -0.013364 0.998799 -0.0471387 -4.53053 0.690498 0.0433157 0.722037 60.5812
0.714569 -0.0237861 -0.699161 -32.1693 -0.0144918 0.998704 -0.048788 -4.60463 0.699416 0.0449945 0.713298 61.3772
0.70761 -0.0254729 -0.706145 -32.9438 -0.013879 0.998656 -0.0499326 -4.67128 0.706468 0.0451333 0.706305 62.1786
0.70107 -0.0264912 -0.712601 -33.7153 -0.0135248 0.998636 -0.0504306 -4.74085 0.712965 0.044993 0.699755 62.9414
0.695405 -0.0273476 -0.718098 -34.5015 -0.0136794 0.99859 -0.0512767 -4.81698 0.718488 0.0454812 0.694051 63.6858
0.687853 -0.029152 -0.725265 -35.2596 -0.0119801 0.998601 -0.0515008 -4.89293 0.725751 0.0441137 0.686542 64.4426
0.68199 -0.030963 -0.730706 -36.1033 -0.0118459 0.998504 -0.0533668 -4.94337 0.731266 0.0450514 0.680604 65.1927
0.674624 -0.0313349 -0.737497 -36.9593 -0.0114712 0.998533 -0.0529191 -5.00014 0.738073 0.0441604 0.673275 65.9745
0.667014 -0.0319732 -0.74436 -37.7693 -0.00819724 0.998703 -0.0502438 -5.09418 0.745001 0.0396149 0.665887 66.7346
0.66029 -0.0338595 -0.750248 -38.6237 -0.00719361 0.998652 -0.0514014 -5.15768 0.750977 0.0393367 0.659157 67.4623
0.653581 -0.0341526 -0.756087 -39.5061 -0.00818869 0.998603 -0.0521856 -5.25354 0.756813 0.0402988 0.652389 68.2095
0.648532 -0.0350021 -0.760383 -40.437 -0.00830769 0.998557 -0.0530514 -5.31726 0.761143 0.0407225 0.647306 68.8916
0.642427 -0.0344654 -0.765572 -41.2825 -0.00815925 0.998623 -0.0518039 -5.39203 0.766304 0.0395267 0.641262 69.6061
0.639288 -0.0344838 -0.768195 -42.131 -0.00949219 0.998563 -0.0527243 -5.44983 0.76891 0.0409978 0.638043 70.2607
0.633679 -0.0371195 -0.772706 -43.019 -0.00833169 0.998462 -0.0547971 -5.5047 0.773552 0.0411616 0.632396 70.9907
0.628419 -0.0396887 -0.776862 -43.8982 -0.00787845 0.998321 -0.0573758 -5.58785 0.777835 0.0421764 0.627052 71.6835
0.622269 -0.0439272 -0.781571 -44.8089 -0.00547779 0.998155 -0.0604613 -5.64577 0.782785 0.0419044 0.620881 72.4153
0.616495 -0.0447231 -0.786089 -45.6858 -0.00563892 0.998109 -0.0612081 -5.72641 0.787339 0.0421671 0.615077 73.1207
0.613015 -0.0437394 -0.78886 -46.6361 -0.0052941 0.998216 -0.0594614 -5.81416 0.790054 0.0406269 0.611691 73.8029
0.60735 -0.0452265 -0.793147 -47.5768 -0.00330769 0.998225 -0.0594533 -5.88213 0.794428 0.0387323 0.606123 74.5112
0.602196 -0.0455753 -0.797047 -48.4932 -0.00325384 0.99822 -0.0595368 -5.97306 0.798342 0.0384462 0.600977 75.2088
0.597706 -0.0459341 -0.8004 -49.4134 -0.00276338 0.998233 -0.0593512 -6.05926 0.801711 0.0376863 0.596523 75.89
0.592192 -0.0469254 -0.80443 -50.3821 -0.001819 0.998222 -0.0595692 -6.13944 0.805796 0.0367395 0.591054 76.6125
0.587122 -0.0473007 -0.808116 -51.3803 -0.000960502 0.998249 -0.0591275 -6.23493 0.809499 0.0354911 0.586049 77.3403
0.581741 -0.0502616 -0.81182 -52.3818 0.00196301 0.998172 -0.0603924 -6.31598 0.813372 0.033539 0.580777 78.0764
0.577019 -0.0550043 -0.814877 -53.3492 0.00550349 0.997968 -0.063466 -6.4037 0.816713 0.0321363 0.57615 78.7593
0.570998 -0.059657 -0.818782 -54.339 0.0101371 0.997792 -0.0656305 -6.48357 0.820889 0.0291747 0.570343 79.4666
0.564073 -0.0625831 -0.823351 -55.3313 0.015419 0.997747 -0.0652756 -6.58221 0.825582 0.0241248 0.563768 80.1381
0.553337 -0.0675928 -0.830211 -56.3155 0.0212647 0.997523 -0.0670418 -6.65105 0.832687 0.0194424 0.553404 80.8357
0.544863 -0.0653812 -0.835973 -57.3152 0.0229108 0.997743 -0.0631007 -6.78701 0.838212 0.0152283 0.545132 81.4551
0.535237 -0.0651922 -0.842183 -58.3814 0.0222551 0.997759 -0.0630913 -6.83578 0.844409 0.0150259 0.53549 82.1417
0.524671 -0.0645566 -0.848854 -59.4001 0.0220773 0.997816 -0.0622396 -6.94017 0.851019 0.0139147 0.524952 82.7941
0.514879 -0.0660466 -0.854716 -60.473 0.0209421 0.997698 -0.0644799 -7.02954 0.857008 0.0152996 0.515078 83.4289
0.503039 -0.0674462 -0.861629 -61.5311 0.0210391 0.99761 -0.0658074 -7.13602 0.864008 0.0149756 0.503256 84.0828
0.492653 -0.0690373 -0.867484 -62.6036 0.0219506 0.997516 -0.0669198 -7.234 0.86995 0.0139263 0.492946 84.6696
0.482931 -0.0692881 -0.872914 -63.6986 0.0253649 0.997552 -0.0651485 -7.33277 0.875292 0.00932067 0.483507 85.252
0.473351 -0.0700593 -0.878084 -64.8114 0.026326 0.997511 -0.0653964 -7.41451 0.880481 0.00783889 0.474018 85.8167
0.464357 -0.0701123 -0.88287 -65.9263 0.0267611 0.997516 -0.0651416 -7.52129 0.885245 0.00662227 0.46508 86.3541
0.455055 -0.0712893 -0.887606 -67.062 0.0250737 0.99742 -0.0672545 -7.60756 0.890111 0.00834883 0.455669 86.8916
0.445778 -0.0725778 -0.892197 -68.1949 0.0237713 0.997315 -0.0692518 -7.69719 0.894829 0.0096621 0.446307 87.4236
0.43709 -0.0731451 -0.896439 -69.3606 0.0222134 0.997261 -0.0705408 -7.81136 0.899144 0.0109196 0.437518 87.945
0.426327 -0.0728325 -0.901633 -70.4632 0.0203587 0.997272 -0.0709318 -7.90761 0.904341 0.011884 0.426647 88.5001
0.414318 -0.0712432 -0.90734 -71.6337 0.0207576 0.997411 -0.068837 -8.00663 0.909896 0.0096861 0.414725 89.0671
0.406139 -0.0705856 -0.911082 -72.7901 0.0223463 0.99748 -0.0673179 -8.09412 0.913539 0.00698107 0.406694 89.5789
0.396351 -0.0713393 -0.915324 -73.948 0.0230527 0.997435 -0.0677567 -8.18827 0.91781 0.00575459 0.396979 90.1103
0.389261 -0.0751634 -0.918057 -75.1074 0.0251785 0.99716 -0.0709641 -8.28033 0.920784 0.00450812 0.390049 90.588
0.381294 -0.0789507 -0.921077 -76.3029 0.0278199 0.996874 -0.0739312 -8.38004 0.924036 0.00256509 0.382299 91.0935
0.373129 -0.0811135 -0.924228 -77.4947 0.0290346 0.996703 -0.0757525 -8.50174 0.927326 0.00143072 0.374254 91.6163
0.368183 -0.0835658 -0.925991 -78.6885 0.0305529 0.996501 -0.0777809 -8.64258 0.929252 0.000345764 0.369448 92.0853
0.364905 -0.0848813 -0.927169 -79.8825 0.0315982 0.99639 -0.0787825 -8.74013 0.930509 -0.000548892 0.36627 92.5208
0.360559 -0.0831902 -0.92902 -81.0892 0.0334511 0.996526 -0.0762527 -8.83979 0.932137 -0.0035833 0.36209 92.9924
0.357986 -0.0814455 -0.930169 -82.2302 0.0395158 0.996617 -0.0720557 -8.95997 0.932891 -0.0109617 0.359993 93.4314
0.355436 -0.080815 -0.931201 -83.437 0.0414361 0.996637 -0.070678 -9.07134 0.933783 -0.013464 0.35759 93.875
0.352976 -0.0797767 -0.932226 -84.5866 0.0425182 0.996696 -0.069195 -9.19428 0.934667 -0.0152126 0.355202 94.3137
0.351643 -0.0790599 -0.932791 -85.7471 0.0430808 0.996737 -0.0682393 -9.29273 0.935143 -0.0161897 0.353902 94.7401
0.348008 -0.0782012 -0.934225 -86.8478 0.0458565 0.996741 -0.0663523 -9.39 0.93637 -0.0197493 0.350461 95.1628
0.349665 -0.0803901 -0.93342 -88.0131 0.0470564 0.99656 -0.0682005 -9.48007 0.935693 -0.0200762 0.352245 95.5471
0.345347 -0.0810052 -0.934974 -89.1634 0.0511634 0.99641 -0.0674302 -9.57513 0.93708 -0.0245498 0.348252 96.0067
0.342428 -0.0802748 -0.936109 -90.2726 0.054064 0.996375 -0.0656663 -9.66838 0.937988 -0.028124 0.345527 96.443
0.340438 -0.0812705 -0.936749 -91.4703 0.0575663 0.996189 -0.0655065 -9.74419 0.938504 -0.0316244 0.34382 96.8576
0.338318 -0.0823011 -0.937427 -92.5609 0.0606197 0.996004 -0.0655662 -9.84515 0.939078 -0.0346445 0.341956 97.2528
0.336519 -0.0834535 -0.937972 -93.7167 0.0621048 0.995862 -0.0663227 -9.95099 0.939627 -0.0359339 0.34031 97.6782
0.337101 -0.0829939 -0.937804 -94.813 0.0601359 0.99597 -0.0665253 -10.0848 0.939547 -0.0339701 0.340734 98.0482
0.336929 -0.0841613 -0.937762 -95.901 0.0597971 0.995898 -0.0678944 -10.1776 0.93963 -0.0332 0.34058 98.4521
0.338064 -0.0843571 -0.937336 -97.0078 0.0588671 0.995919 -0.0683982 -10.2722 0.939281 -0.0320554 0.341651 98.8601
0.342547 -0.0839321 -0.935745 -98.0837 0.055861 0.996058 -0.068893 -10.3838 0.937839 -0.0286727 0.345885 99.2546
0.347138 -0.0862162 -0.933843 -99.144 0.0550816 0.995919 -0.0714719 -10.4558 0.936196 -0.0266272 0.350471 99.6523
0.35034 -0.0915614 -0.932137 -100.195 0.0618713 0.995298 -0.0745115 -10.5308 0.934577 -0.0315684 0.354358 100.055
0.358248 -0.0902452 -0.929255 -101.286 0.0605972 0.995465 -0.0733138 -10.6348 0.931659 -0.0300459 0.362093 100.447
0.363786 -0.0909381 -0.927034 -102.322 0.0613095 0.995401 -0.0735858 -10.7227 0.929463 -0.0300666 0.367689 100.893
0.371449 -0.0914608 -0.923939 -103.338 0.0625144 0.995341 -0.0733964 -10.805 0.926347 -0.0304966 0.375436 101.325
0.379347 -0.0899352 -0.920874 -104.328 0.061491 0.995514 -0.0718941 -10.9093 0.92321 -0.0293528 0.383176 101.77
0.387748 -0.0888114 -0.917478 -105.355 0.0600368 0.995666 -0.0710072 -11.0523 0.919809 -0.0275497 0.3914 102.252
0.400118 -0.0908005 -0.911955 -106.384 0.058823 0.995571 -0.0733176 -11.1471 0.914575 -0.0243084 0.403688 102.662
0.413615 -0.0927973 -0.905712 -107.377 0.0595548 0.995418 -0.0747915 -11.2502 0.908503 -0.0230048 0.417247 103.079
0.426352 -0.0923159 -0.899835 -108.334 0.0583511 0.995512 -0.0744843 -11.3276 0.902674 -0.0207501 0.429826 103.528
0.438764 -0.0902509 -0.89406 -109.28 0.0574696 0.995724 -0.0723101 -11.4125 0.896764 -0.0196544 0.442075 104.009
0.45144 -0.0895946 -0.887793 -110.281 0.057467 0.995799 -0.0712727 -11.4843 0.89045 -0.0188436 0.454693 104.514
0.464421 -0.0893713 -0.881095 -111.186 0.0581413 0.995825 -0.0703627 -11.5694 0.883705 -0.0185502 0.467679 104.979
0.477002 -0.0905287 -0.874229 -112.17 0.0592902 0.995729 -0.0707603 -11.6613 0.876901 -0.0180806 0.480332 105.497
0.488904 -0.0924589 -0.867425 -113.119 0.0601176 0.995573 -0.0722345 -11.7488 0.870264 -0.0168319 0.492298 106.016
0.502158 -0.0947486 -0.859571 -114.037 0.0626946 0.995352 -0.0730897 -11.8344 0.862501 -0.0171881 0.505764 106.513
0.511296 -0.0923579 -0.854428 -114.937 0.0624305 0.995572 -0.0702558 -11.9578 0.857135 -0.017421 0.514799 107.102
0.522275 -0.0899669 -0.848019 -115.813 0.0637728 0.995754 -0.0663641 -12.0655 0.85039 -0.0194203 0.525796 107.642
0.534362 -0.0866919 -0.840799 -116.683 0.0658632 0.995971 -0.0608325 -12.1638 0.842686 -0.0228712 0.53792 108.155
0.546538 -0.0837465 -0.833237 -117.551 0.0651776 0.996222 -0.0573764 -12.2921 0.834895 -0.0229502 0.549932 108.707
0.55807 -0.0833632 -0.825597 -118.389 0.0653586 0.996265 -0.0564165 -12.382 0.827217 -0.0224756 0.561434 109.246
0.567987 -0.0818949 -0.818954 -119.207 0.0649838 0.996392 -0.0545691 -12.4862 0.820469 -0.0222244 0.57126 109.817
0.580088 -0.0817677 -0.81044 -120.037 0.0644417 0.996436 -0.0544082 -12.549 0.812001 -0.0206648 0.58329 110.368
0.589875 -0.0748105 -0.804023 -120.792 0.0613037 0.996973 -0.0477881 -12.6825 0.805165 -0.0211008 0.592676 110.956
0.597289 -0.0772401 -0.7983 -121.574 0.0637679 0.996773 -0.0487324 -12.702 0.799488 -0.0217987 0.600287 111.6
0.604719 -0.0750736 -0.792894 -122.321 0.0645534 0.996891 -0.0451557 -12.7942 0.793819 -0.0238775 0.607686 112.202
0.613256 -0.0744961 -0.786364 -123.092 0.0628428 0.996987 -0.0454409 -12.848 0.787381 -0.0215505 0.61609 112.802
0.618647 -0.0729433 -0.782276 -123.828 0.062569 0.997091 -0.0434925 -12.9191 0.783174 -0.0220398 0.621412 113.449
0.627358 -0.0694023 -0.775633 -124.554 0.0615033 0.997324 -0.039493 -12.9854 0.776299 -0.0229279 0.629948 114.022
0.635524 -0.0659349 -0.769262 -125.268 0.0606265 0.997531 -0.035414 -13.0496 0.769698 -0.0241314 0.637953 114.611
0.641422 -0.0646663 -0.764459 -125.953 0.0597517 0.997624 -0.0342552 -13.0957 0.764859 -0.0237058 0.643763 115.233
0.649416 -0.0640937 -0.757729 -126.648 0.059344 0.997673 -0.0335288 -13.1409 0.758115 -0.0231927 0.651709 115.834
0.657107 -0.0610606 -0.751321 -127.305 0.056011 0.997912 -0.0321141 -13.1789 0.751714 -0.02098 0.659156 116.435
0.668119 -0.0585021 -0.741752 -127.985 0.0547396 0.998066 -0.0294121 -13.2122 0.742039 -0.0209526 0.67003 117.014
0.67954 -0.0545258 -0.73161 -128.639 0.0511383 0.998328 -0.0269053 -13.2309 0.731855 -0.0191302 0.681193 117.581
0.69116 -0.0525922 -0.720787 -129.276 0.0491774 0.998458 -0.0256966 -13.2594 0.721028 -0.0176861 0.692681 118.181
0.70259 -0.0511218 -0.709757 -129.906 0.0471493 0.998567 -0.025251 -13.3136 0.710032 -0.0157236 0.703995 118.79
0.714781 -0.0532052 -0.697322 -130.483 0.0481805 0.998478 -0.0267964 -13.3319 0.697687 -0.0144439 0.716257 119.36
0.725689 -0.0518129 -0.68607 -131.06 0.0451282 0.998596 -0.0276811 -13.3347 0.686542 -0.0108733 0.72701 119.996
0.737739 -0.0523632 -0.673053 -131.635 0.0464015 0.998561 -0.0268268 -13.3464 0.67349 -0.0114396 0.739108 120.609
0.747917 -0.0496417 -0.661935 -132.155 0.0453933 0.998689 -0.023607 -13.3695 0.66224 -0.0123915 0.74919 121.25
0.758503 -0.0485129 -0.649863 -132.742 0.045789 0.998727 -0.0211124 -13.3973 0.65006 -0.0137429 0.759759 121.962
0.769407 -0.0473002 -0.637007 -133.334 0.0461442 0.998764 -0.018427 -13.4171 0.637091 -0.0152164 0.770639 122.653
0.778023 -0.0468013 -0.626492 -133.89 0.0474691 0.998749 -0.01566 -13.4463 0.626442 -0.0175553 0.779271 123.368
0.786096 -0.0464049 -0.616362 -134.349 0.0481839 0.998743 -0.0137411 -13.4671 0.616225 -0.0188971 0.787344 123.982
0.793525 -0.0464694 -0.606762 -134.905 0.0479576 0.998753 -0.0137715 -13.4838 0.606647 -0.018171 0.794765 124.714
0.800052 -0.0471223 -0.598079 -135.407 0.0483009 0.998732 -0.0140774 -13.5006 0.597985 -0.0176252 0.801314 125.429
0.806025 -0.0462236 -0.590076 -135.846 0.0487112 0.998743 -0.0116989 -13.5204 0.589876 -0.0193138 0.807264 126.118
0.812605 -0.0453264 -0.581051 -136.374 0.0466631 0.998829 -0.0126578 -13.5226 0.580945 -0.016828 0.813769 126.891
0.819402 -0.0458938 -0.57138 -136.862 0.0481296 0.998777 -0.0112014 -13.554 0.571196 -0.0183219 0.82061 127.597
0.824618 -0.0481855 -0.563636 -137.332 0.0498744 0.998677 -0.0124098 -13.563 0.563489 -0.0178778 0.825931 128.327
0.829594 -0.05039 -0.55609 -137.832 0.0529875 0.998529 -0.011433 -13.584 0.555848 -0.0199812 0.831044 129.074
0.833325 -0.0504493 -0.550479 -138.304 0.0531559 0.998524 -0.0110429 -13.5901 0.550224 -0.020059 0.834777 129.813
0.837572 -0.048553 -0.544167 -138.792 0.0539838 0.998523 -0.00600186 -13.6196 0.543655 -0.0243494 0.838956 130.546
0.842616 -0.0433082 -0.536772 -139.298 0.050402 0.998727 -0.00145979 -13.64 0.536153 -0.0258245 0.843727 131.288
0.846503 -0.0406388 -0.530833 -139.77 0.048628 0.998815 0.00107926 -13.6464 0.530161 -0.0267271 0.847476 132.064
0.850532 -0.0378423 -0.524562 -140.248 0.0466232 0.998905 0.00353345 -13.6513 0.523855 -0.0274622 0.851365 132.84
0.854873 -0.0360585 -0.517585 -140.742 0.0461235 0.998913 0.00658881 -13.6623 0.516785 -0.0295056 0.855607 133.633
0.85838 -0.0347195 -0.511841 -141.227 0.0463528 0.998874 0.0099791 -13.6656 0.510919 -0.0322912 0.859023 134.474
0.862521 -0.0348081 -0.504825 -141.711 0.0472748 0.99881 0.0119025 -13.66 0.503811 -0.0341318 0.86314 135.296
0.867119 -0.0349587 -0.496875 -142.242 0.0471618 0.998814 0.0120303 -13.6424 0.495866 -0.0338653 0.867739 136.17
0.872465 -0.0353528 -0.487398 -142.754 0.0467025 0.998845 0.0111495 -13.6277 0.486442 -0.0324904 0.873109 137.018
0.877933 -0.0380527 -0.477271 -143.233 0.0494894 0.998708 0.0114079 -13.6302 0.476221 -0.0336354 0.878683 137.851
0.884499 -0.0401031 -0.464818 -143.715 0.0507219 0.998658 0.0103567 -13.6121 0.46378 -0.032737 0.885346 138.665
0.890931 -0.0408648 -0.4523 -144.254 0.0507616 0.998662 0.00976076 -13.6328 0.451296 -0.0316557 0.891813 139.594
0.897948 -0.0374019 -0.438512 -144.725 0.0461086 0.998893 0.00921878 -13.64 0.437682 -0.0284973 0.898679 140.517
0.905086 -0.0321936 -0.42401 -145.149 0.0416572 0.999045 0.0130665 -13.6734 0.423185 -0.0294895 0.905564 141.455
0.913921 -0.0276766 -0.404951 -145.599 0.0386971 0.999068 0.0190521 -13.6952 0.404047 -0.0330827 0.91414 142.415
0.922083 -0.0157879 -0.386673 -145.974 0.0271475 0.999344 0.0239339 -13.7536 0.386042 -0.0325663 0.921907 143.399
0.929295 -0.013005 -0.369112 -146.309 0.0240141 0.999391 0.0252469 -13.74 0.36856 -0.0323259 0.929042 144.401
0.937171 -0.0101474 -0.348725 -146.661 0.0210682 0.999397 0.0275376 -13.7265 0.348236 -0.0331545 0.936821 145.406
0.94431 -0.00961718 -0.328919 -146.995 0.0205029 0.999349 0.0296426 -13.6897 0.328421 -0.0347357 0.943893 146.448
0.951709 -0.00868834 -0.306881 -147.365 0.0199397 0.999237 0.0335469 -13.6611 0.306356 -0.0380461 0.951157 147.526
0.958282 -0.0061795 -0.28576 -147.699 0.0176192 0.999141 0.0374783 -13.6148 0.285284 -0.0409498 0.957569 148.63
0.964923 -0.00429133 -0.262502 -148.033 0.0158219 0.998998 0.0418275 -13.5879 0.26206 -0.0445137 0.964025 149.746
0.969222 -0.00386614 -0.246164 -148.239 0.0145237 0.999032 0.0414933 -13.5448 0.245766 -0.0437915 0.96834 150.887
0.97403 -0.00527328 -0.226361 -148.48 0.0144198 0.999143 0.038772 -13.4949 0.225963 -0.0410293 0.973272 152.032
0.978072 -0.0054007 -0.208204 -148.713 0.0140909 0.999088 0.040278 -13.4702 0.207797 -0.0423287 0.977256 153.184
0.98125 -0.00793893 -0.192579 -148.883 0.0164894 0.998945 0.0428372 -13.4361 0.192036 -0.0452097 0.980347 154.343
0.984502 -0.00843687 -0.175176 -149.044 0.0163704 0.998901 0.0438925 -13.3897 0.174614 -0.0460801 0.983559 155.493
0.987128 -0.00718544 -0.159776 -149.182 0.015061 0.998726 0.0481346 -13.3872 0.159227 -0.0499216 0.98598 156.709
0.990427 -0.00704094 -0.137864 -149.354 0.0138645 0.998721 0.0485965 -13.3328 0.137346 -0.0500428 0.989259 157.888
0.993 -0.00503737 -0.118016 -149.537 0.0108764 0.998744 0.0488837 -13.2708 0.117622 -0.0498253 0.991808 159.18
0.99516 -0.00417072 -0.0981858 -149.673 0.00891986 0.998807 0.0479785 -13.2043 0.0978692 -0.0486223 0.994011 160.462
0.99704 -0.0042294 -0.0767764 -149.78 0.00789543 0.998838 0.0475073 -13.159 0.0764869 -0.0479731 0.995916 161.669
0.998396 -0.00531062 -0.0563916 -149.876 0.00782092 0.998982 0.0443862 -13.0945 0.0560991 -0.0447561 0.997422 162.952
0.9992 -0.00247959 -0.0399468 -149.922 0.00415594 0.99911 0.041933 -13.0395 0.0398079 -0.0420657 0.998322 164.154
0.999731 -0.00430902 -0.0228083 -149.936 0.00523148 0.999163 0.0405342 -12.9913 0.0226152 -0.0406428 0.998918 165.481
0.999954 -0.00484985 -0.0084289 -149.913 0.00516865 0.999255 0.0382051 -12.9506 0.00823791 -0.0382471 0.999235 166.812
0.999939 -0.00475688 0.0100645 -149.904 0.00442387 0.999449 0.0328675 -12.9104 -0.0102147 -0.0328211 0.99941 168.146
0.999557 -0.00399692 0.0295278 -149.889 0.00322247 0.999649 0.0262338 -12.8767 -0.0296218 -0.0261271 0.99922 169.52
0.998969 -0.00291178 0.0453124 -149.82 0.00195653 0.999774 0.0211145 -12.8468 -0.0453631 -0.0210042 0.99875 170.86
0.997875 -0.000532359 0.0651695 -149.797 -0.000453007 0.999884 0.0151065 -12.7787 -0.0651695 -0.015104 0.99776 172.255
0.996794 0.00330146 0.0799559 -149.66 -0.00434586 0.999906 0.0128936 -12.7694 -0.0799053 -0.0131999 0.996716 173.638
0.99511 0.00121116 0.0987729 -149.543 -0.00248655 0.999914 0.0127917 -12.764 -0.0987484 -0.0129749 0.995028 175.026
0.993319 0.00111838 0.115406 -149.386 -0.00264075 0.99991 0.0130406 -12.7679 -0.115381 -0.0132584 0.993234 176.436
0.991419 -0.000574055 0.130729 -149.198 -0.000235578 0.999979 0.00617875 -12.7373 -0.130729 -0.00615664 0.9914 177.799
0.989037 -0.000233319 0.147673 -149.011 -0.000297915 0.999992 0.0035762 -12.7613 -0.147672 -0.0035811 0.989031 179.195
0.988308 0.00206595 0.152464 -148.647 -0.00223043 0.999996 0.000908755 -12.734 -0.152461 -0.0012383 0.988309 180.582
0.985675 -0.00109952 0.168657 -148.398 0.00138397 0.999996 -0.00156824 -12.7157 -0.168654 0.00177908 0.985674 181.962
0.982515 0.00212484 0.186177 -148.182 -0.0012677 0.999987 -0.00472205 -12.7176 -0.186184 0.00440336 0.982506 183.242
0.978715 -0.000902568 0.205225 -147.94 0.00273742 0.999957 -0.00865629 -12.7423 -0.205208 0.00903373 0.978677 184.455
0.975609 0.00130534 0.219515 -147.704 0.0010913 0.99994 -0.0107957 -12.7523 -0.219515 0.0107718 0.97555 185.626
0.973177 -0.00160999 0.230058 -147.374 0.00502253 0.999884 -0.014248 -12.7964 -0.230008 0.0150212 0.973074 186.829
0.96729 -0.00439272 0.25364 -147.141 0.00957576 0.999768 -0.0192031 -12.8389 -0.253497 0.0210037 0.967109 188.023
0.962924 0.00156621 0.269773 -146.786 0.00428151 0.999767 -0.0210862 -12.8696 -0.269743 0.0214593 0.962694 189.295
0.956666 0.00247976 0.291181 -146.359 0.00371713 0.999777 -0.0207263 -12.9291 -0.291167 0.0209104 0.956444 190.664
0.948641 0.000644265 0.316358 -145.866 0.00683255 0.999721 -0.0225238 -12.9928 -0.316284 0.0235284 0.948373 192.123
0.939244 0.00379405 0.343231 -145.387 0.00497504 0.999682 -0.0246641 -13.0407 -0.343215 0.0248731 0.938928 193.544
0.929405 0.00943196 0.368943 -144.868 0.00138883 0.999575 -0.0290522 -13.0604 -0.36906 0.0275136 0.928999 194.961
0.919785 0.00963799 0.392306 -144.267 0.00251972 0.999531 -0.0304633 -13.1169 -0.392416 0.0290081 0.919331 196.367
0.908004 0.0112116 0.418814 -143.706 0.00248212 0.999479 -0.0321368 -13.1637 -0.418957 0.0302198 0.907504 197.757
0.895772 0.0112367 0.444374 -143.037 0.0052456 0.999342 -0.0358437 -13.2336 -0.444484 0.0344387 0.895125 199.164
0.881272 0.0140583 0.472403 -142.408 0.00626027 0.999121 -0.0414112 -13.2863 -0.47257 0.0394519 0.88041 200.579
0.868535 0.0150903 0.495401 -141.696 0.00823693 0.998957 -0.0448697 -13.3429 -0.495561 0.0430514 0.867506 201.956
0.857257 0.0161527 0.514637 -140.933 0.00897931 0.998885 -0.0463086 -13.4292 -0.514811 0.0443194 0.856158 203.281
0.852151 0.0124698 0.523149 -140.013 0.0146466 0.998755 -0.0476638 -13.4903 -0.523092 0.0482791 0.850909 204.495
0.840281 0.0129023 0.541999 -139.193 0.0166765 0.998627 -0.0496262 -13.5678 -0.541895 0.0507386 0.838914 205.793
0.829398 0.0128985 0.558511 -138.439 0.0196704 0.998438 -0.0522691 -13.6321 -0.558313 0.054338 0.82785 206.987
0.822955 0.0126612 0.567967 -137.716 0.0223921 0.998251 -0.0546979 -13.6999 -0.567666 0.0577319 0.821233 207.996
0.81214 0.0179314 0.583188 -136.821 0.020656 0.998016 -0.0594512 -13.7866 -0.583097 0.060329 0.81016 209.33
0.799707 0.0202691 0.60005 -135.926 0.0215543 0.997815 -0.0624312 -13.8847 -0.600005 0.0628603 0.797524 210.56
0.788125 0.0223991 0.61511 -134.978 0.0210559 0.99777 -0.0633117 -13.9811 -0.615156 0.0628492 0.785897 211.831
0.776476 0.0234838 0.62971 -134.083 0.0213375 0.997751 -0.0635196 -14.071 -0.629786 0.0627579 0.77423 212.966
0.76571 0.0236781 0.642752 -133.223 0.0207336 0.997893 -0.0614608 -14.1498 -0.642853 0.0603877 0.763606 214.045
0.750441 0.0264794 0.660408 -132.25 0.0177592 0.998027 -0.0601965 -14.252 -0.660699 0.0569022 0.748491 215.249
0.735892 0.0298733 0.676441 -131.255 0.0143071 0.998116 -0.0596435 -14.3534 -0.676948 0.0535691 0.734079 216.384
0.721244 0.0334444 0.691875 -130.213 0.014493 0.997885 -0.0633446 -14.4361 -0.69253 0.0557142 0.719235 217.549
0.706532 0.0381558 0.706653 -129.168 0.0119524 0.997758 -0.0658242 -14.543 -0.707581 0.0549531 0.704493 218.637
0.690799 0.0387839 0.722007 -128.097 0.0129893 0.997732 -0.0660226 -14.6438 -0.72293 0.0549867 0.68873 219.705
0.675329 0.0383594 0.736519 -126.992 0.0125035 0.997906 -0.0634375 -14.7557 -0.737411 0.0520503 0.673437 220.707
0.660078 0.0373542 0.750269 -125.877 0.0140896 0.99797 -0.0620824 -14.8408 -0.751066 0.0515501 0.658213 221.664
0.641954 0.0360672 0.765896 -124.783 0.0141284 0.998166 -0.0588471 -14.9547 -0.766613 0.048598 0.640268 222.62
0.625781 0.0351515 0.779208 -123.647 0.0154037 0.998231 -0.0574026 -15.0595 -0.779848 0.0479242 0.624133 223.527
0.606734 0.0351843 0.794127 -122.531 0.0155293 0.998303 -0.056095 -15.1672 -0.794754 0.046367 0.605159 224.422
0.591357 0.0331794 0.805728 -121.412 0.0163576 0.998453 -0.053121 -15.29 -0.806244 0.0445932 0.589901 225.236
0.576653 0.0333315 0.81631 -120.252 0.0176695 0.998423 -0.0532495 -15.3887 -0.816798 0.0451303 0.575156 226.021
0.558818 0.0324488 0.828657 -119.108 0.0210549 0.998356 -0.0532924 -15.4795 -0.829024 0.047228 0.557216 226.815
0.540774 0.0314358 0.840581 -117.923 0.0222633 0.998415 -0.051661 -15.5662 -0.840874 0.046651 0.539218 227.587
0.524692 0.0309155 0.850732 -116.769 0.0222432 0.9985 -0.0500038 -15.6633 -0.851002 0.0451596 0.523219 228.296
0.506053 0.0357298 0.861763 -115.664 0.0204 0.998365 -0.0533728 -15.7646 -0.862262 0.0445894 0.504497 228.993
0.488446 0.0453352 0.871417 -114.495 0.0176421 0.997931 -0.0618057 -15.8627 -0.872416 0.0455624 0.486637 229.702
0.46976 0.0544265 0.881116 -113.345 0.0138237 0.99752 -0.0689867 -15.9625 -0.882686 0.0445875 0.467844 230.37
0.4508 0.0598675 0.890616 -112.162 0.00975323 0.997357 -0.0719792 -16.0773 -0.892572 0.0411346 0.449025 231.017
0.430161 0.0629888 0.900553 -111.022 0.00621503 0.997331 -0.0727265 -16.1767 -0.902731 0.0368811 0.428623 231.657
0.410653 0.0641618 0.909532 -109.9 0.00179005 0.997461 -0.0711727 -16.2918 -0.91179 0.0308554 0.409497 232.225
0.391381 0.0662329 0.917843 -108.753 -0.00110146 0.997438 -0.0715068 -16.3911 -0.920228 0.0269754 0.390452 232.775
0.372266 0.0661352 0.925768 -107.548 -0.00146778 0.997497 -0.0706691 -16.4898 -0.928125 0.0249489 0.371432 233.315
0.355189 0.0668712 0.932401 -106.378 -0.000821089 0.997459 -0.0712241 -16.5896 -0.934794 0.0245324 0.354342 233.772
0.337879 0.0686666 0.938682 -105.239 -0.000175872 0.997338 -0.072894 -16.6807 -0.94119 0.0244642 0.336993 234.202
0.319742 0.073299 0.944666 -104.04 -0.00387281 0.997095 -0.0760561 -16.7849 -0.947497 0.0206598 0.319098 234.647
0.30177 0.075274 0.950405 -102.843 -0.00495909 0.996987 -0.0773887 -16.8961 -0.953368 0.0186404 0.301235 235.059
0.285328 0.0734322 0.955614 -101.717 -0.00531925 0.997165 -0.0750368 -16.9969 -0.958415 0.0163269 0.284911 235.419
0.271553 0.068884 0.959956 -100.589 -0.00462076 0.997516 -0.0702719 -17.1045 -0.962412 0.0146468 0.271198 235.717
0.25884 0.0658473 0.963674 -99.4433 -0.00363464 0.997731 -0.0671981 -17.1922 -0.965913 0.0138909 0.258493 236.023
0.247313 0.0657801 0.966701 -98.3479 -0.000157142 0.997694 -0.0678487 -17.228 -0.968936 0.0166279 0.246754 236.32
0.235715 0.0673023 0.96949 -97.1902 -0.00248653 0.997636 -0.0686515 -17.3162 -0.971819 0.0137715 0.235326 236.622
0.226837 0.0698774 0.971424 -96.1746 -0.00297605 0.997466 -0.0710557 -17.4103 -0.973928 0.0132271 0.226471 236.906
0.219651 0.0728292 0.972857 -95.0211 -0.00501339 0.997279 -0.0735254 -17.5012 -0.975566 0.0112726 0.21942 237.183
0.211554 0.0773436 0.974302 -93.9471 -0.00720493 0.996959 -0.0775776 -17.6153 -0.97734 0.0093921 0.211469 237.47
0.20484 0.0850502 0.975094 -92.8614 -0.00638533 0.996311 -0.0855593 -17.7348 -0.978775 0.0112997 0.204629 237.746
0.198676 0.0873855 0.976163 -91.7807 -0.0087422 0.996134 -0.0873939 -17.8535 -0.980026 0.00882928 0.198673 237.999
0.193456 0.0794645 0.977887 -90.7226 -0.00775709 0.996806 -0.0794672 -17.9528 -0.981078 0.00778781 0.193455 238.267
0.189786 0.0701846 0.979315 -89.6772 -0.00699889 0.997512 -0.0701322 -18.0491 -0.981801 0.00645595 0.189806 238.507
0.187828 0.0676826 0.979868 -88.6717 -0.00732278 0.99769 -0.0675098 -18.1328 -0.982175 0.00550487 0.187891 238.739
0.185079 0.0706102 0.980185 -87.632 -0.00857004 0.997492 -0.0702386 -18.2125 -0.982686 0.00459944 0.185221 238.986
0.184483 0.0751158 0.979962 -86.6582 -0.00854369 0.997159 -0.0748254 -18.2842 -0.982799 0.00543155 0.184602 239.203
0.185471 0.0782158 0.979533 -85.6171 -0.0114007 0.99693 -0.0774462 -18.3817 -0.982584 0.00319667 0.185794 239.417
0.189406 0.080762 0.978573 -84.6194 -0.0145389 0.996732 -0.0794465 -18.4753 -0.981791 0.000820232 0.189962 239.603
0.192928 0.0837986 0.977629 -83.5978 -0.0154845 0.996481 -0.0823587 -18.5599 -0.981091 0.000751246 0.193548 239.81
0.197705 0.0857187 0.976507 -82.6035 -0.0148715 0.996316 -0.0844465 -18.6475 -0.980149 0.00217341 0.198253 240.022
0.203045 0.087622 0.975242 -81.6302 -0.0174401 0.996152 -0.0858696 -18.7447 -0.979014 0.000427065 0.203793 240.233
0.209864 0.0876891 0.973791 -80.6229 -0.0185401 0.996146 -0.0857064 -18.8352 -0.977555 -6.75334e-05 0.210682 240.448
0.215632 0.085324 0.972741 -79.6593 -0.0166587 0.99635 -0.0837019 -18.9433 -0.976333 0.00184417 0.216267 240.687
0.166585 0.0723155 0.983373 -79.2946 -0.00113766 0.997319 -0.0731482 -19.1771 -0.986027 0.0110666 0.166221 240.96
0.173307 0.0720418 0.98223 -78.3326 0.000210021 0.997317 -0.0731852 -19.2803 -0.984868 0.0128898 0.172828 241.144
0.179675 0.0718025 0.981103 -77.3241 -0.000131679 0.997333 -0.072966 -19.3696 -0.983726 0.012981 0.179206 241.348
0.187891 0.0702695 0.979674 -76.3374 -0.000957419 0.997449 -0.0713606 -19.4616 -0.98219 0.01247 0.18748 241.518
0.194599 0.0689776 0.978455 -75.3489 -0.00161804 0.997544 -0.0700013 -19.5366 -0.980882 0.012039 0.194233 241.725
0.203143 0.0676482 0.97681 -74.3674 -0.00235372 0.99764 -0.0686011 -19.6218 -0.979146 0.0116367 0.202824 241.904
0.210914 0.0678829 0.975146 -73.4073 -0.00191745 0.997611 -0.0690319 -19.7041 -0.977503 0.01269 0.210541 242.101
0.21902 0.0693921 0.973251 -72.4557 -0.000910922 0.99748 -0.0709145 -19.7937 -0.97572 0.0146451 0.218533 242.299
0.223425 0.071187 0.972119 -71.5302 -0.000304176 0.997333 -0.0729633 -19.8663 -0.974721 0.0160062 0.222852 242.553
0.232661 0.0753439 0.969636 -70.5331 0.00265658 0.99694 -0.0781028 -19.8988 -0.972554 0.0207474 0.23175 242.768
0.238331 0.0756114 0.968237 -69.6039 0.000682424 0.99695 -0.0780214 -19.9924 -0.971184 0.0192556 0.237553 243.021
0.245329 0.074633 0.966564 -68.6638 8.80325e-05 0.997029 -0.0770076 -20.0917 -0.96944 0.0189773 0.244595 243.264
0.252847 0.0710907 0.964892 -67.7059 -0.000206252 0.997299 -0.0734241 -20.1919 -0.967507 0.018366 0.252179 243.5
0.2587 0.0690586 0.963487 -66.7706 0.000538542 0.997429 -0.0716359 -20.2821 -0.965958 0.0190511 0.257999 243.771
0.268993 0.0672264 0.960794 -65.8841 0.00645975 0.997411 -0.0715969 -20.3656 -0.963121 0.0254656 0.267864 243.999
0.275839 0.0674085 0.958838 -64.96 0.00619214 0.997391 -0.0719 -20.4589 -0.961184 0.0257701 0.274703 244.276
0.282312 0.0665968 0.957009 -64.0528 0.00935322 0.997347 -0.0721628 -20.5462 -0.959277 0.0293236 0.280941 244.558
0.28924 0.0687271 0.954787 -63.1562 0.0107078 0.997123 -0.0750181 -20.617 -0.957197 0.031922 0.287673 244.854
0.298468 0.0709779 0.951778 -62.2658 0.01062 0.99692 -0.0776745 -20.701 -0.954361 0.0332912 0.296796 245.14
0.308171 0.0740725 0.948444 -61.3628 0.0107751 0.996627 -0.0813365 -20.7473 -0.95127 0.0352852 0.306335 245.441
0.316119 0.0742518 0.94581 -60.4483 0.00937742 0.996638 -0.0813761 -20.8228 -0.948673 0.0345938 0.314361 245.739
0.321209 0.0739925 0.944114 -59.5362 0.0073518 0.996716 -0.0806161 -20.9025 -0.94698 0.0328356 0.319612 246.058
