1 0 0 0 0 1 0 0 0 0 1 0
0.999884 0.0010309 0.0152195 0.0216272 -0.00101299 0.999999 -0.00118411 0.0112192 -0.0152207 0.00116856 0.999883 0.150593
0.999341 0.00314891 0.0361729 0.0484838 -0.00314474 0.999995 -0.000172237 0.00484848 -0.0361733 5.83685e-05 0.999346 0.31941
0.997967 0.00446384 0.0635792 0.0720796 -0.00461036 0.999987 0.002158 -0.0115822 -0.0635687 -0.00244674 0.997974 0.474982
0.99517 0.00435151 0.0980648 0.11303 -0.0048482 0.999977 0.0048272 -0.0250768 -0.0980415 -0.00527933 0.995168 0.673984
0.990629 0.00180164 0.136567 0.173624 -0.00276535 0.999973 0.0068673 -0.0322813 -0.136551 -0.0071806 0.990607 0.861968
0.984233 -0.000566983 0.176876 0.243804 -0.000858781 0.999968 0.00798418 -0.0486861 -0.176874 -0.0080102 0.984201 1.07519
0.975438 -0.00090044 0.220274 0.338881 -0.000976255 0.999964 0.00841083 -0.0367117 -0.220273 -0.00841929 0.975402 1.29119
0.96324 0.000660367 0.268641 0.438883 -0.00377361 0.999932 0.0110726 -0.0373128 -0.268616 -0.0116794 0.963177 1.53556
0.948993 -0.00328817 0.31528 0.578698 -0.00280883 0.999818 0.0188821 -0.0529045 -0.315284 -0.0188045 0.948811 1.74746
0.932121 -0.0121885 0.361942 0.73535 0.00264905 0.999636 0.0268409 -0.0649418 -0.362137 -0.0240601 0.931814 1.99082
0.911447 -0.0183049 0.411009 0.985527 0.00633229 0.999516 0.0304724 -0.0501428 -0.411368 -0.0251713 0.911122 2.275
0.887197 -0.0204364 0.460937 1.25314 0.00629738 0.999462 0.0321919 -0.015106 -0.461347 -0.0256579 0.886849 2.54673
0.859675 -0.0212266 0.5104 1.52173 0.00310673 0.999335 0.0363278 0.0195894 -0.510832 -0.0296444 0.859169 2.80704
0.828198 -0.0263353 0.559816 1.76671 0.00423222 0.999161 0.0407421 0.0232828 -0.560419 -0.0313733 0.827615 3.04249
0.792727 -0.0325373 0.608707 2.01161 0.00778283 0.999033 0.0432657 0.0389939 -0.609526 -0.0295605 0.792214 3.26934
0.756096 -0.0379877 0.653357 2.2817 0.010118 0.998873 0.0463678 0.0342452 -0.654383 -0.0284478 0.755628 3.46108
0.716407 -0.0412792 0.69646 2.56807 0.012019 0.99883 0.0468374 0.0574925 -0.697578 -0.0251839 0.716066 3.69114
0.674612 -0.042733 0.736934 2.89034 0.0119365 0.998824 0.0469924 0.0890169 -0.738076 -0.0229052 0.674329 3.93399
0.632121 -0.041937 0.773734 3.23834 0.00759642 0.998822 0.0479309 0.134688 -0.774832 -0.0244205 0.631695 4.17607
0.590797 -0.042431 0.805703 3.62983 0.00495369 0.998788 0.0489671 0.153376 -0.806805 -0.0249385 0.590292 4.41102
0.550578 -0.0434969 0.833649 4.01267 0.0030323 0.998739 0.050108 0.171286 -0.834778 -0.0250605 0.550016 4.63005
0.512181 -0.0449554 0.8577 4.44832 0.00157072 0.998677 0.0514065 0.204643 -0.858876 -0.0249823 0.511574 4.86047
0.474945 -0.0446995 0.878879 4.89257 -0.00137994 0.99867 0.0515378 0.226876 -0.880014 -0.0256904 0.474252 5.0746
0.438316 -0.0444711 0.89772 5.36623 -0.0017909 0.99873 0.0503493 0.243728 -0.898819 -0.0236766 0.437679 5.2817
0.405705 -0.0431362 0.912985 5.84751 -0.000369789 0.998878 0.0473587 0.266453 -0.914004 -0.0195513 0.405234 5.45082
0.37556 -0.040911 0.925895 6.39265 0.00221291 0.999062 0.0432464 0.304454 -0.926796 -0.0141927 0.375298 5.66465
0.350799 -0.0399341 0.935599 6.93522 0.00380179 0.999143 0.0412209 0.309888 -0.936443 -0.0109033 0.35065 5.84447
0.330736 -0.0388278 0.942924 7.52284 0.00505743 0.999212 0.0393717 0.345521 -0.94371 -0.00825287 0.330672 6.03768
0.31614 -0.0388879 0.947915 8.14198 0.00605785 0.999222 0.0389724 0.377763 -0.948693 -0.00657841 0.31613 6.23746
0.304571 -0.0394784 0.951671 8.75976 0.0074357 0.999209 0.0390707 0.419143 -0.952461 -0.00482346 0.304623 6.43469
0.29337 -0.0406375 0.955135 9.40668 0.00593065 0.999154 0.0406888 0.45069 -0.955981 -0.0062723 0.293363 6.64468
0.284551 -0.0414921 0.957762 10.1345 0.00463268 0.999111 0.041907 0.495038 -0.95865 -0.00748769 0.28449 6.82214
0.276051 -0.0424299 0.960206 10.8535 0.00405397 0.999068 0.0429817 0.535361 -0.961135 -0.0079725 0.275966 6.99629
0.266408 -0.0439425 0.962858 11.5722 0.00326762 0.998996 0.0446876 0.56524 -0.963855 -0.00875887 0.266283 7.18578
0.256577 -0.0456728 0.965444 12.326 0.00364135 0.998922 0.0462889 0.587629 -0.966517 -0.00836115 0.256466 7.37112
0.246365 -0.0467625 0.968048 13.1148 0.00353627 0.998872 0.0473515 0.620386 -0.969171 -0.00824245 0.246252 7.56834
0.236321 -0.0491168 0.970433 13.8726 0.00247787 0.998749 0.0499466 0.657734 -0.971672 -0.00939881 0.236147 7.73844
0.225989 -0.0523505 0.972722 14.674 0.00135892 0.998571 0.053426 0.694048 -0.974129 -0.0107518 0.225737 7.91088
0.214691 -0.0557688 0.975088 15.4705 0.000929476 0.99838 0.0568962 0.729779 -0.976682 -0.0113088 0.214394 8.07114
0.202055 -0.0574349 0.977688 16.2823 9.32937e-06 0.998279 0.0586426 0.770038 -0.979374 -0.0118399 0.201708 8.23683
0.188057 -0.0578026 0.980456 17.1067 -0.000492443 0.998261 0.0589468 0.805966 -0.982158 -0.0115682 0.187701 8.39649
0.174141 -0.0571284 0.983062 17.9248 -0.00151036 0.998299 0.0582814 0.832815 -0.98472 -0.011634 0.173759 8.53571
0.158398 -0.0565053 0.985757 18.7482 -0.00184392 0.998343 0.057523 0.859567 -0.987374 -0.0109292 0.158031 8.65819
0.138895 -0.0554824 0.988751 19.5723 -0.0042977 0.998386 0.0566268 0.88435 -0.990298 -0.0121146 0.138433 8.75812
0.114614 -0.0542023 0.99193 20.4368 -0.00827564 0.998424 0.0555134 0.91678 -0.993376 -0.0145715 0.113984 8.83629
0.0834342 -0.053765 0.995062 21.2972 -0.011949 0.998418 0.0549482 0.94797 -0.996442 -0.0164746 0.0826596 8.91884
0.0503879 -0.0536185 0.997289 22.1574 -0.0145525 0.998413 0.0544141 0.978365 -0.998624 -0.0172549 0.0495274 8.95368
0.0162925 -0.0527666 0.998474 23.0028 -0.0156127 0.998472 0.0530212 1.00752 -0.999745 -0.0164527 0.0154436 8.96019
-0.0157063 -0.0517867 0.998534 23.859 -0.0160643 0.998542 0.0515344 1.0334 -0.999748 -0.0152313 -0.0165155 8.92006
-0.0476794 -0.0499054 0.997615 24.7106 -0.0183822 0.998626 0.0490774 1.05995 -0.998694 -0.0159984 -0.0485315 8.86417
-0.0795826 -0.0479633 0.995674 25.5675 -0.0204955 0.99871 0.0464713 1.07349 -0.996618 -0.0167085 -0.0804632 8.78582
-0.112561 -0.0434889 0.992693 26.4174 -0.0178778 0.998969 0.0417367 1.09343 -0.993484 -0.0130492 -0.113222 8.68394
-0.143696 -0.0380587 0.98889 27.2653 -0.0117953 0.999255 0.0367437 1.1063 -0.989552 -0.00638438 -0.144038 8.54287
-0.175576 -0.0320125 0.983945 28.1085 -0.00506379 0.999488 0.0316146 1.11735 -0.984453 0.000568261 -0.175648 8.39124
-0.204219 -0.0269418 0.978554 28.9616 0.000446898 0.999619 0.027615 1.12246 -0.978925 0.0060768 -0.204129 8.19307
-0.232224 -0.0201198 0.972454 29.781 0.00917695 0.999697 0.0228749 1.137 -0.972619 0.0142362 -0.231969 7.98179
-0.257536 -0.00979717 0.966219 30.5939 0.0161481 0.999766 0.0144414 1.12452 -0.966134 0.0193218 -0.257318 7.73164
-0.283234 0.00583626 0.959033 31.4098 0.020846 0.999783 7.22369e-05 1.11559 -0.958824 0.0200124 -0.283294 7.4791
-0.307509 0.0242836 0.951235 32.205 0.0205359 0.999611 -0.0188798 1.11562 -0.951323 0.0137287 -0.307888 7.20733
-0.332741 0.0398445 0.942176 33.0053 0.0204595 0.999177 -0.0350295 1.09259 -0.942796 0.0076206 -0.333283 6.91675
-0.357832 0.0488822 0.932505 33.8035 0.0234058 0.998785 -0.043375 1.03691 -0.933492 0.00630497 -0.358542 6.6063
-0.380941 0.0533626 0.923058 34.5796 0.0262739 0.998555 -0.0468841 0.991404 -0.924226 0.00639218 -0.381793 6.26559
-0.403047 0.0536372 0.913606 35.3459 0.0295465 0.998524 -0.045588 0.947382 -0.914702 0.00861968 -0.404037 5.90749
-0.422687 0.0494635 0.904925 36.0986 0.0322335 0.998699 -0.0395331 0.907953 -0.905702 0.0124588 -0.423732 5.53753
-0.440957 0.0484016 0.896222 36.8362 0.0395316 0.998624 -0.0344818 0.862077 -0.896657 0.020224 -0.442264 5.1665
-0.455169 0.0489914 0.889056 37.5677 0.0421407 0.998552 -0.0334504 0.816938 -0.889407 0.0222398 -0.456575 4.78281
-0.466696 0.0535722 0.882793 38.28 0.0461158 0.99828 -0.036201 0.774722 -0.883214 0.0238159 -0.468364 4.40397
-0.476738 0.0557213 0.877277 38.9828 0.0458293 0.998208 -0.0384973 0.738035 -0.87785 0.0218518 -0.478437 4.01992
-0.487317 0.0555667 0.871455 39.6815 0.0399082 0.998348 -0.0413411 0.701408 -0.872313 0.014632 -0.48873 3.62634
-0.498383 0.055644 0.865169 40.3759 0.0389524 0.998368 -0.0417722 0.68506 -0.866081 0.0128818 -0.499737 3.2322
-0.507125 0.0582431 0.859902 41.0686 0.0403922 0.998224 -0.0437908 0.668531 -0.860925 0.0125258 -0.508577 2.81727
-0.514116 0.0623798 0.855449 41.7542 0.0435298 0.997965 -0.0466112 0.638749 -0.856615 0.0132739 -0.515785 2.40089
-0.517546 0.0661818 0.853092 42.452 0.0444498 0.997738 -0.0504368 0.608504 -0.8545 0.0118164 -0.519317 1.98541
-0.51729 0.0683715 0.853074 43.2017 0.0443497 0.997606 -0.0530624 0.555804 -0.85466 0.010385 -0.519084 1.5252
-0.514965 0.0681657 0.854497 43.9568 0.0453965 0.997603 -0.0522235 0.509576 -0.856008 0.0118979 -0.516825 1.10024
-0.509963 0.0672828 0.85756 44.7327 0.0430746 0.997683 -0.0526615 0.4627 -0.859117 0.0100836 -0.51168 0.678754
-0.503062 0.0655476 0.861761 45.5182 0.0401424 0.997816 -0.0524628 0.409215 -0.863317 0.00820112 -0.504595 0.230005
-0.496235 0.0651709 0.865739 46.3146 0.037818 0.997855 -0.0534394 0.359754 -0.867364 0.00622205 -0.497635 -0.20151
-0.48963 0.0636333 0.869605 47.1385 0.0346144 0.997966 -0.0535365 0.303016 -0.871242 0.00388771 -0.490837 -0.659989
-0.486245 0.0612563 0.871672 47.9959 0.0307463 0.998122 -0.0529913 0.234414 -0.873281 0.00103389 -0.487216 -1.10821
-0.485367 0.0590826 0.872312 48.8468 0.0257342 0.998248 -0.0532935 0.190623 -0.873931 -0.00341869 -0.486037 -1.55329
-0.48565 0.0576048 0.872253 49.7138 0.0222168 0.998318 -0.0535605 0.143652 -0.873871 -0.00663306 -0.486113 -2.02552
-0.486596 0.0570053 0.871765 50.5927 0.0203334 0.998338 -0.0539325 0.0908591 -0.87339 -0.00851738 -0.486946 -2.51015
-0.485789 0.0563413 0.872258 51.4616 0.019096 0.998367 -0.0538519 0.0339294 -0.873867 -0.00950407 -0.486072 -3.00629
-0.485324 0.0559092 0.872545 52.3462 0.0201212 0.998404 -0.0527821 -0.0334361 -0.874103 -0.0080598 -0.485674 -3.50305
-0.484636 0.0546619 0.873006 53.2393 0.0208402 0.998484 -0.0509495 -0.10553 -0.874468 -0.00649837 -0.48504 -4.00538
-0.483383 0.054533 0.873708 54.1351 0.0206005 0.99849 -0.0509241 -0.172771 -0.875166 -0.00661709 -0.483777 -4.51095
-0.483486 0.0538182 0.873696 55.0559 0.0190459 0.998519 -0.0509674 -0.236852 -0.875145 -0.00800169 -0.483795 -5.0147
-0.483936 0.0531672 0.873487 55.9749 0.0172887 0.998539 -0.0512004 -0.300085 -0.874933 -0.00967626 -0.484148 -5.51769
-0.483129 0.0515199 0.874032 56.8798 0.0149955 0.998608 -0.0505743 -0.373449 -0.875421 -0.0113274 -0.483229 -6.02241
-0.482709 0.0501085 0.874346 57.7933 0.0144909 0.998682 -0.0492341 -0.44106 -0.875661 -0.0110957 -0.482799 -6.51107
-0.481015 0.0475851 0.87542 58.6973 0.0148728 0.998825 -0.046121 -0.517134 -0.876586 -0.00916503 -0.481158 -7.00007
-0.477594 0.0477381 0.877283 59.5694 0.0180598 0.998845 -0.0445214 -0.57877 -0.878395 -0.00541962 -0.477905 -7.4944
-0.474724 0.0471625 0.87887 60.4729 0.0176821 0.998873 -0.0440512 -0.644046 -0.879957 -0.00537195 -0.475023 -7.98582
-0.472685 0.0475276 0.879949 61.3964 0.0183954 0.998859 -0.0440688 -0.709547 -0.881039 -0.0046437 -0.47302 -8.47537
-0.471891 0.0470353 0.880401 62.2872 0.0182183 0.998883 -0.0436004 -0.789475 -0.881468 -0.00453523 -0.472221 -8.94552
-0.473015 0.0485443 0.879716 63.2002 0.0175591 0.998802 -0.0456744 -0.855953 -0.880879 -0.0061577 -0.473301 -9.42952
-0.47514 0.0504866 0.87846 64.0878 0.0159501 0.998683 -0.048769 -0.918133 -0.879765 -0.00916058 -0.47532 -9.92492
-0.480096 0.0511594 0.875723 64.9755 0.014766 0.998628 -0.0502443 -0.981883 -0.877092 -0.0111911 -0.480193 -10.4012
-0.486482 0.0501922 0.872248 65.8725 0.0155923 0.998689 -0.0487717 -1.04218 -0.873551 -0.0101262 -0.486626 -10.8812
-0.49257 0.0477984 0.868959 66.7698 0.0155551 0.998815 -0.046124 -1.10674 -0.870134 -0.00920257 -0.49273 -11.3816
-0.497983 0.0475618 0.865881 67.6355 0.0138961 0.998805 -0.0468713 -1.14934 -0.867075 -0.0113088 -0.498049 -11.8719
-0.503847 0.0509998 0.862286 68.5038 0.0158421 0.998633 -0.0498073 -1.21246 -0.863647 -0.0114348 -0.503967 -12.3668
-0.509288 0.0534283 0.858935 69.3685 0.0159991 0.998487 -0.0526226 -1.26631 -0.860447 -0.0130579 -0.509373 -12.8734
-0.514708 0.0556266 0.855559 70.1988 0.0156602 0.998337 -0.0554885 -1.3254 -0.857223 -0.0151622 -0.514723 -13.3519
-0.519525 0.0563746 0.852593 71.0822 0.0148171 0.998266 -0.0569779 -1.38944 -0.854327 -0.0169684 -0.519459 -13.8562
-0.521872 0.05572 0.851202 71.9135 0.0158802 0.998326 -0.0556147 -1.45997 -0.852876 -0.0155065 -0.521884 -14.3846
-0.5248 0.0488955 0.84982 72.7666 0.0163809 0.998744 -0.0473481 -1.52061 -0.851068 -0.0109275 -0.524942 -14.8973
-0.527402 0.0401938 0.848664 73.6001 0.0148081 0.999164 -0.0381192 -1.57509 -0.849487 -0.00753705 -0.527556 -15.3994
-0.528864 0.0393934 0.847792 74.4346 0.0153507 0.999203 -0.0368529 -1.61895 -0.848568 -0.00647595 -0.529047 -15.9222
-0.529539 0.0443764 0.847124 75.2575 0.0143292 0.998956 -0.0433729 -1.65911 -0.848165 -0.010829 -0.529622 -16.4418
-0.531867 0.0512624 0.845275 76.0813 0.0158351 0.998594 -0.0505968 -1.70783 -0.84668 -0.0135257 -0.531931 -16.9377
-0.532129 0.0553113 0.844855 76.8866 0.0209076 0.998418 -0.0521963 -1.76318 -0.846405 -0.0101113 -0.532443 -17.4498
-0.530381 0.0574536 0.84581 77.6565 0.0250373 0.998327 -0.0521136 -1.82256 -0.84739 -0.00646326 -0.530932 -17.9646
-0.530916 0.053526 0.845732 78.5218 0.0228286 0.998544 -0.0488666 -1.89276 -0.847117 -0.00663721 -0.531365 -18.4911
-0.529961 0.0485966 0.846629 79.3143 0.0222434 0.99881 -0.0434083 -1.96011 -0.847731 -0.00417277 -0.530411 -18.9786
-0.529344 0.0413633 0.847398 80.1506 0.0182313 0.999135 -0.0373814 -2.01891 -0.848212 -0.00433847 -0.52964 -19.4992
-0.529729 0.0355806 0.84742 80.9791 0.00820919 0.999288 -0.0368255 -2.05931 -0.848127 -0.0125509 -0.529644 -19.9856
-0.529485 0.0307367 0.847762 81.8167 0.000800485 0.999361 -0.0357332 -2.10277 -0.848319 -0.0182416 -0.529171 -20.4725
-0.527864 0.0314563 0.848746 82.628 0.00300027 0.999377 -0.0351731 -2.1458 -0.849324 -0.0160202 -0.527629 -20.9612
-0.524396 0.0348296 0.850761 83.43 0.00707603 0.999307 -0.0365494 -2.20234 -0.851445 -0.0131464 -0.52428 -21.4579
-0.519106 0.0378312 0.853872 84.2476 0.0082774 0.999196 -0.0392377 -2.24626 -0.85467 -0.0133007 -0.519002 -21.9584
-0.511212 0.0401821 0.858515 85.0543 0.0126973 0.999151 -0.0392038 -2.29354 -0.859361 -0.00914063 -0.511288 -22.4435
-0.502182 0.0435001 0.863667 85.8618 0.0205874 0.999052 -0.0383485 -2.3535 -0.864517 -0.00147725 -0.502602 -22.9329
-0.493249 0.0426389 0.868842 86.703 0.0160444 0.999074 -0.0399217 -2.38644 -0.86974 -0.00575131 -0.493477 -23.3957
-0.482608 0.0405079 0.874899 87.5345 0.0121605 0.999144 -0.0395526 -2.42434 -0.875752 -0.00844918 -0.482688 -23.844
-0.470147 0.0368928 0.881816 88.3492 0.0116692 0.999299 -0.0355864 -2.4802 -0.882511 -0.00644075 -0.470249 -24.2867
-0.459624 0.035786 0.887392 89.1814 0.00962776 0.99933 -0.0353136 -2.52874 -0.888061 -0.00768738 -0.459661 -24.7009
-0.448403 0.0351938 0.893138 90.0172 0.010074 0.99936 -0.0343218 -2.57608 -0.893775 -0.00639248 -0.448471 -25.1058
-0.435808 0.0360305 0.899318 90.8639 0.0116352 0.999341 -0.0343995 -2.63507 -0.899965 -0.00452786 -0.43594 -25.5225
-0.423207 0.0435375 0.904986 91.6941 0.0113969 0.999022 -0.0427318 -2.64591 -0.905962 -0.0077703 -0.423289 -25.9086
-0.411091 0.0543924 0.90997 92.5457 0.0135178 0.998473 -0.0535757 -2.68266 -0.911494 -0.00972369 -0.411198 -26.2974
-0.398501 0.0601445 0.915193 93.405 0.0125312 0.998112 -0.0601373 -2.73069 -0.917082 -0.0124963 -0.398503 -26.6676
-0.386395 0.0572773 0.920553 94.2578 0.0104272 0.998278 -0.0577367 -2.7927 -0.922275 -0.0127103 -0.386326 -27.0294
-0.375339 0.0536721 0.925332 95.1178 0.00901604 0.998486 -0.0542582 -2.86276 -0.926844 -0.0120224 -0.375255 -27.3664
-0.36522 0.0542835 0.929337 95.9712 0.00456046 0.998391 -0.0565249 -2.92849 -0.93091 -0.0164058 -0.36488 -27.6981
-0.358079 0.0591392 0.931816 96.826 -0.000687826 0.997975 -0.0636024 -2.99658 -0.933691 -0.0234157 -0.357314 -28.0181
-0.352671 0.064243 0.933539 97.674 -0.0070153 0.997431 -0.0712901 -3.06459 -0.935721 -0.031691 -0.351315 -28.3319
-0.349454 0.0665963 0.934584 98.5396 -0.0109038 0.997114 -0.0751293 -3.1399 -0.93689 -0.0364448 -0.34772 -28.6457
-0.34503 0.0660195 0.936267 99.3921 -0.0132452 0.997082 -0.0751889 -3.22198 -0.938498 -0.0383435 -0.343149 -28.9615
-0.340656 0.0662277 0.937852 100.258 -0.0135881 0.997065 -0.0753447 -3.30383 -0.94009 -0.0384102 -0.338757 -29.2631
-0.334982 0.0616673 0.940204 101.122 -0.0159595 0.997342 -0.0711011 -3.39069 -0.942089 -0.0388228 -0.333108 -29.5584
-0.327973 0.0582566 0.942889 101.978 -0.0176042 0.997547 -0.0677572 -3.46462 -0.944523 -0.0388213 -0.326143 -29.8726
-0.321774 0.0554091 0.945194 102.848 -0.0200208 0.997665 -0.0653009 -3.54458 -0.946605 -0.0399357 -0.319913 -30.1652
-0.315474 0.0540219 0.947395 103.706 -0.0289802 0.997364 -0.0665214 -3.61601 -0.948492 -0.0484415 -0.313077 -30.4432
-0.309552 0.0539219 0.949352 104.581 -0.0360684 0.997007 -0.0683893 -3.69539 -0.950199 -0.0554117 -0.30668 -30.7037
-0.303139 0.0580709 0.951175 105.449 -0.0346296 0.996811 -0.0718936 -3.77575 -0.952317 -0.0547326 -0.300162 -30.9674
-0.298018 0.0623383 0.952522 106.296 -0.0331566 0.996587 -0.075596 -3.8419 -0.953984 -0.0541114 -0.294934 -31.1985
-0.290998 0.0599558 0.954843 107.169 -0.0339558 0.996759 -0.0729362 -3.92824 -0.956121 -0.0536468 -0.28802 -31.4608
-0.283914 0.055926 0.957217 108.041 -0.0351835 0.997018 -0.068687 -3.99794 -0.958204 -0.0531795 -0.2811 -31.7113
-0.277114 0.0523679 0.959409 108.913 -0.0363126 0.99723 -0.0649209 -4.08775 -0.960151 -0.0528291 -0.274445 -31.9488
-0.271372 0.055588 0.960868 109.793 -0.038042 0.996931 -0.0684183 -4.16472 -0.961723 -0.0551201 -0.268424 -32.1821
-0.263916 0.0581411 0.962792 110.653 -0.0388174 0.996733 -0.0708313 -4.24089 -0.963764 -0.0560666 -0.260797 -32.4231
-0.257547 0.0591356 0.964455 111.534 -0.0438857 0.99638 -0.0728123 -4.30517 -0.965269 -0.0610783 -0.254019 -32.6519
-0.249381 0.0579082 0.966672 112.397 -0.0443029 0.996483 -0.0711233 -4.39404 -0.967392 -0.0605633 -0.245939 -32.8744
-0.240967 0.058119 0.968791 113.27 -0.0407062 0.996722 -0.0699195 -4.47038 -0.96968 -0.0562841 -0.237812 -33.0902
-0.233037 0.0595114 0.970645 114.154 -0.0392401 0.996738 -0.0705322 -4.54144 -0.971676 -0.0545249 -0.229941 -33.3051
-0.227643 0.0594544 0.971928 115.043 -0.0397876 0.996733 -0.0702908 -4.62575 -0.972932 -0.0546719 -0.224534 -33.4928
-0.220556 0.0579893 0.973649 115.91 -0.0455749 0.996528 -0.0696759 -4.70954 -0.974309 -0.0597414 -0.217148 -33.6765
-0.214591 0.0570012 0.975039 116.786 -0.0494012 0.996385 -0.0691215 -4.78248 -0.975454 -0.063001 -0.210999 -33.8591
-0.209583 0.0575063 0.976098 117.641 -0.0466059 0.996547 -0.0687181 -4.84992 -0.97668 -0.0598941 -0.20618 -34.032
-0.206106 0.0585092 0.976779 118.527 -0.0456632 0.996549 -0.0693286 -4.91675 -0.977464 -0.0588919 -0.202723 -34.2014
-0.201277 0.0594672 0.977727 119.401 -0.0446492 0.996561 -0.0698043 -4.99022 -0.978516 -0.0577048 -0.19793 -34.3641
-0.196069 0.0588614 0.978822 120.287 -0.0380721 0.996988 -0.0675801 -5.06442 -0.979851 -0.0505161 -0.193237 -34.5274
-0.192297 0.0580734 0.979617 121.168 -0.0315368 0.997366 -0.0653163 -5.12895 -0.98083 -0.0434541 -0.189959 -34.6831
-0.191139 0.0582072 0.979836 122.005 -0.0299704 0.997429 -0.0650988 -5.19052 -0.981106 -0.041809 -0.188903 -34.7883
-0.187556 0.0603423 0.980399 122.901 -0.0320959 0.997202 -0.0675168 -5.25826 -0.98173 -0.04413 -0.185095 -34.9437
-0.184233 0.0626126 0.980886 123.799 -0.0338203 0.996974 -0.0699919 -5.32947 -0.982301 -0.0460687 -0.181559 -35.1045
-0.185477 0.0627355 0.980644 124.656 -0.0361296 0.99685 -0.0706059 -5.39585 -0.981984 -0.048526 -0.182627 -35.2005
-0.186271 0.0615206 0.98057 125.566 -0.0370181 0.99689 -0.0695766 -5.47296 -0.981801 -0.0492589 -0.183414 -35.3511
-0.184267 0.057277 0.981206 126.434 -0.0353819 0.997267 -0.0648592 -5.54529 -0.982239 -0.0466684 -0.181737 -35.517
-0.185931 0.0524434 0.981162 127.32 -0.036284 0.997527 -0.060194 -5.61339 -0.981893 -0.0467925 -0.183569 -35.6427
-0.185661 0.0505773 0.981311 128.178 -0.0362939 0.99764 -0.0582858 -5.67982 -0.981944 -0.0464371 -0.183388 -35.7899
-0.184474 0.0559679 0.981242 129.043 -0.0374729 0.997251 -0.063926 -5.73825 -0.982123 -0.0485627 -0.18187 -35.9454
-0.184489 0.0593793 0.981039 129.881 -0.0395933 0.996914 -0.067786 -5.79784 -0.982037 -0.0513484 -0.181569 -36.0836
-0.185822 0.0580903 0.980865 130.758 -0.0436906 0.996775 -0.0673098 -5.86943 -0.981612 -0.0553622 -0.182685 -36.2216
-0.186919 0.0571774 0.98071 131.63 -0.0466113 0.996664 -0.0669916 -5.93781 -0.981269 -0.0582342 -0.18363 -36.357
-0.186622 0.0580303 0.980716 132.498 -0.0422994 0.996854 -0.0670345 -6.01167 -0.981521 -0.0539938 -0.18358 -36.5155
-0.186461 0.0607456 0.980582 133.362 -0.0458478 0.996462 -0.0704475 -6.0744 -0.981392 -0.0580933 -0.183016 -36.6702
-0.187623 0.0633754 0.980194 134.216 -0.0568258 0.995545 -0.0752453 -6.12395 -0.980596 -0.0698181 -0.183186 -36.8063
-0.187776 0.0652131 0.980044 135.067 -0.0649459 0.994786 -0.0786377 -6.18877 -0.980063 -0.0784161 -0.182562 -36.9475
-0.186719 0.0684464 0.980026 135.905 -0.0638262 0.994618 -0.081626 -6.26769 -0.980338 -0.0777925 -0.181345 -37.1066
-0.186413 0.0697633 0.979991 136.744 -0.0652704 0.994393 -0.0832043 -6.34289 -0.980301 -0.0794749 -0.180815 -37.259
-0.184268 0.0700917 0.980373 137.566 -0.0686736 0.994098 -0.0839807 -6.42452 -0.980474 -0.0828008 -0.178367 -37.4135
-0.181605 0.068675 0.98097 138.382 -0.0683451 0.994265 -0.0822584 -6.4921 -0.980994 -0.0819831 -0.17587 -37.5754
-0.177733 0.0658225 0.981875 139.211 -0.0633596 0.994925 -0.0781664 -6.57478 -0.982037 -0.076104 -0.17266 -37.735
-0.175635 0.0614428 0.982536 140.045 -0.0604752 0.995492 -0.0730635 -6.64796 -0.982596 -0.0722516 -0.171128 -37.884
-0.170941 0.0611435 0.983382 140.845 -0.0571713 0.995776 -0.0718522 -6.7291 -0.983621 -0.0685038 -0.166724 -38.0211
-0.166895 0.0658676 0.983772 141.682 -0.0607737 0.995182 -0.0769417 -6.80105 -0.9841 -0.0726286 -0.162088 -38.1576
-0.15929 0.0694265 0.984787 142.49 -0.0585078 0.995107 -0.0796178 -6.87761 -0.985497 -0.0703002 -0.154449 -38.2874
-0.151043 0.0706503 0.985999 143.306 -0.0589762 0.995022 -0.0803314 -6.94489 -0.986767 -0.070284 -0.146125 -38.4064
-0.141205 0.066125 0.987769 144.11 -0.057038 0.995566 -0.0748007 -7.02377 -0.988336 -0.0669027 -0.136807 -38.5137
-0.128386 0.0652008 0.989578 144.903 -0.0525675 0.995986 -0.0724431 -7.09663 -0.99033 -0.0613204 -0.124444 -38.6196
-0.114371 0.0675636 0.991138 145.697 -0.0488037 0.996098 -0.0735335 -7.17122 -0.992239 -0.0567814 -0.110628 -38.7083
-0.105741 0.0641473 0.992322 146.005 -0.0546675 0.996033 -0.0702126 -7.21692 -0.99289 -0.0616722 -0.101815 -38.7445
-0.101213 0.0602571 0.993038 146.048 -0.0452137 0.996854 -0.0650971 -7.26612 -0.993837 -0.0514876 -0.0981704 -38.7323
-0.095402 0.0827917 0.99199 145.563 -0.0162766 0.996272 -0.0847146 -7.19709 -0.995306 -0.0242282 -0.093699 -38.6847
-0.0823834 0.0897695 0.992549 145.821 -0.023845 0.995472 -0.0920132 -7.19367 -0.996316 -0.0312477 -0.07987 -38.7291
-0.0726933 0.099459 0.992382 145.861 -0.0346653 0.994162 -0.102177 -7.17248 -0.996752 -0.0418289 -0.0688214 -38.7402
-0.048532 0.132967 0.989931 145.771 -0.0656045 0.988535 -0.135996 -6.93376 -0.996665 -0.0715442 -0.0392525 -38.8363
-0.0341343 0.150968 0.987949 146.252 -0.075461 0.985314 -0.153172 -6.83825 -0.996565 -0.0797802 -0.0222411 -38.8841
-0.0167973 0.157292 0.987409 146.28 -0.0879313 0.98349 -0.158164 -6.78624 -0.995985 -0.089481 -0.00268926 -38.9132
-0.0134441 0.165054 0.986193 146.173 -0.0918638 0.981907 -0.16559 -6.76346 -0.995681 -0.0928217 0.00196146 -38.8485
-0.0131813 0.213087 0.976944 146.15 -0.103063 0.971536 -0.213298 -6.60258 -0.994588 -0.103498 0.00915503 -38.8013
-0.012966 0.230921 0.972886 146.248 -0.129941 0.964329 -0.230622 -6.41881 -0.991437 -0.129408 0.0175023 -38.8152
-0.0109912 0.257781 0.966141 146.35 -0.140817 0.956172 -0.256723 -6.28897 -0.989975 -0.138871 0.0257904 -38.8281
-0.00457271 0.32882 0.944381 146.524 -0.128533 0.936365 -0.326651 -6.22021 -0.991695 -0.122878 0.0379822 -38.8085
0.0522299 0.290985 0.955301 146.393 -0.167082 0.945669 -0.278916 -6.18516 -0.984559 -0.145046 0.0980105 -39.0169
0.148207 0.261314 0.953808 146.213 -0.153472 0.958852 -0.238849 -6.15875 -0.976976 -0.110983 0.182213 -39.2717
0.142822 0.252847 0.956906 145.886 -0.15412 0.960706 -0.230848 -6.1973 -0.977676 -0.114508 0.176179 -39.3105
0.134926 0.247959 0.959328 145.631 -0.133091 0.963944 -0.230433 -6.23541 -0.981877 -0.0965868 0.163062 -39.3027
0.1292 0.239155 0.962347 145.351 -0.100959 0.968611 -0.227157 -6.29383 -0.986466 -0.0678093 0.14929 -39.3032
0.12154 0.230198 0.965524 145.405 -0.0896046 0.971308 -0.220298 -6.38896 -0.988534 -0.0597406 0.138679 -39.2792
0.115013 0.229162 0.966569 146.124 -0.0901266 0.971421 -0.219588 -6.55735 -0.989267 -0.0618583 0.13238 -39.1744
0.110121 0.226076 0.967865 146.824 -0.0862818 0.972286 -0.217292 -6.73674 -0.990166 -0.0595808 0.126576 -39.0816
0.104479 0.226688 0.968347 147.54 -0.0866059 0.972051 -0.218211 -6.90336 -0.990749 -0.0610661 0.121192 -38.9895
0.0957549 0.234036 0.967501 147.86 -0.0933498 0.969795 -0.225352 -6.90762 -0.991018 -0.0687376 0.11471 -38.9688
0.0773706 0.226221 0.970998 147.938 -0.0990555 0.970843 -0.218292 -6.99938 -0.99207 -0.0792934 0.0975232 -38.9187
0.0626742 0.225256 0.972281 147.909 -0.0763602 0.972424 -0.220367 -7.05461 -0.995109 -0.0604324 0.0781464 -38.8855
0.0510788 0.2374 0.970068 148.074 -0.0723942 0.969661 -0.233489 -7.00227 -0.996067 -0.0583011 0.0667155 -38.8778
0.0479327 0.256723 0.965295 148.314 -0.0793459 0.964332 -0.252526 -6.87166 -0.995694 -0.0644881 0.0665928 -38.918
0.0294568 0.245919 0.968842 148.197 -0.0728391 0.967215 -0.243291 -6.9562 -0.996909 -0.0634031 0.0464035 -38.8713
0.0119156 0.242853 0.969989 148.218 -0.0849558 0.966797 -0.24101 -6.94835 -0.996313 -0.0795346 0.0321517 -38.8374
-0.00529945 0.261213 0.965266 148.096 -0.0736869 0.962554 -0.260883 -6.79356 -0.997267 -0.0725101 0.0141469 -38.8049
-0.0146866 0.248564 0.968504 148.061 -0.0757408 0.965549 -0.248954 -6.93943 -0.997019 -0.0770116 0.00464574 -38.7735
-0.0106784 0.258613 0.965922 147.923 -0.0725886 0.963228 -0.258694 -6.85135 -0.997305 -0.0728775 0.00848651 -38.8325
-0.00414112 0.253356 0.967364 148.297 -0.0811361 0.964098 -0.252848 -6.96419 -0.996694 -0.0795354 0.0165638 -38.8125
-0.00768687 0.246773 0.969042 148.315 -0.102226 0.963801 -0.246249 -6.83577 -0.994732 -0.100954 0.0178179 -38.8374
-0.0073415 0.223468 0.974683 148.113 -0.133001 0.965832 -0.22244 -6.85023 -0.991089 -0.131267 0.0226307 -38.8889
-0.0065408 0.198285 0.980122 148.246 -0.160783 0.967183 -0.19674 -6.98 -0.986968 -0.158874 0.0255547 -38.8615
0.00581863 0.196787 0.980429 148.535 -0.17698 0.965171 -0.192674 -6.99286 -0.984197 -0.172395 0.0404432 -38.8717
0.0146086 0.202196 0.979236 148.648 -0.176407 0.9645 -0.196521 -6.93673 -0.984209 -0.169873 0.0497585 -38.8786
0.0320749 0.153376 0.987647 148.884 -0.177946 0.973245 -0.145361 -7.25291 -0.983517 -0.171085 0.0585093 -38.8321
0.0498364 0.152487 0.987048 149.533 -0.181396 0.973222 -0.141192 -7.35943 -0.982146 -0.17201 0.0761624 -38.7725
0.0663545 0.150853 0.986326 150.176 -0.188605 0.972582 -0.136063 -7.45948 -0.979809 -0.176997 0.0929868 -38.7038
0.0810035 0.147196 0.985785 150.809 -0.193095 0.972615 -0.129362 -7.55597 -0.97783 -0.179872 0.107208 -38.6217
0.0934636 0.144313 0.985108 151.438 -0.190753 0.973705 -0.124545 -7.64199 -0.977178 -0.176272 0.118534 -38.5387
0.104107 0.143871 0.984105 152.049 -0.190127 0.974113 -0.122297 -7.72344 -0.976224 -0.174373 0.128766 -38.4416
0.114089 0.146898 0.98255 152.656 -0.196226 0.972856 -0.122664 -7.81804 -0.973899 -0.178807 0.139818 -38.3509
0.12277 0.153395 0.980509 153.274 -0.201322 0.971291 -0.126745 -7.90613 -0.971801 -0.181838 0.150127 -38.2364
0.131364 0.164207 0.977639 153.879 -0.201913 0.969946 -0.135784 -7.9834 -0.970553 -0.179561 0.160572 -38.1189
0.14035 0.170259 0.975353 154.474 -0.197498 0.970121 -0.140926 -8.07808 -0.970204 -0.172851 0.169782 -38.012
0.146983 0.168496 0.974682 155.076 -0.197828 0.970483 -0.137938 -8.16167 -0.969154 -0.172545 0.175977 -37.897
0.153387 0.16077 0.975 155.711 -0.200896 0.971144 -0.12853 -8.25302 -0.967529 -0.176159 0.181259 -37.7779
0.159206 0.150083 0.975771 156.356 -0.206129 0.971647 -0.115817 -8.34749 -0.965486 -0.182696 0.185628 -37.6786
0.160674 0.141608 0.976796 156.959 -0.20629 0.972616 -0.107069 -8.43733 -0.965209 -0.1843 0.185487 -37.5398
0.162241 0.141875 0.976498 157.606 -0.204021 0.973049 -0.107476 -8.51715 -0.965429 -0.18179 0.186814 -37.4259
0.163909 0.144704 0.975804 158.223 -0.201127 0.973307 -0.11055 -8.58897 -0.965754 -0.178141 0.188638 -37.3074
0.165646 0.145111 0.975451 158.822 -0.198455 0.973786 -0.111163 -8.65026 -0.966011 -0.175169 0.190102 -37.1808
0.167257 0.143982 0.975343 159.456 -0.201795 0.973335 -0.10908 -8.71148 -0.965041 -0.178575 0.191852 -37.0611
0.170222 0.140954 0.975272 160.083 -0.202813 0.973539 -0.105305 -8.781 -0.964309 -0.179873 0.194304 -36.9352
0.173432 0.137768 0.975162 160.731 -0.203929 0.973731 -0.101298 -8.83988 -0.963501 -0.181295 0.196971 -36.8083
0.178386 0.13424 0.97476 161.366 -0.202715 0.974413 -0.0970946 -8.92298 -0.962852 -0.180278 0.201034 -36.6721
0.184773 0.131848 0.973897 161.991 -0.201441 0.975001 -0.0937793 -8.99737 -0.961915 -0.178854 0.206714 -36.5272
0.192087 0.128741 0.972897 162.61 -0.201341 0.97544 -0.0893247 -9.07108 -0.960502 -0.178726 0.21329 -36.371
0.201909 0.127154 0.971115 163.251 -0.200898 0.97583 -0.0860024 -9.15059 -0.958578 -0.17773 0.222573 -36.2131
0.211672 0.129527 0.968719 163.874 -0.204026 0.975198 -0.0858119 -9.21341 -0.955807 -0.17948 0.232849 -36.0271
0.223493 0.133206 0.96556 164.505 -0.206426 0.974616 -0.0866751 -9.28307 -0.952596 -0.179945 0.245317 -35.856
0.235329 0.136475 0.962286 165.175 -0.208569 0.974118 -0.0871468 -9.33913 -0.949273 -0.180195 0.257703 -35.6573
0.247609 0.136246 0.959232 165.829 -0.207863 0.974479 -0.0847552 -9.40803 -0.946299 -0.178403 0.26961 -35.4624
0.258833 0.132658 0.956769 166.45 -0.208112 0.97492 -0.0788741 -9.47347 -0.943236 -0.1787 0.279949 -35.2662
0.269722 0.131397 0.953931 167.092 -0.210638 0.974706 -0.0747012 -9.53377 -0.939618 -0.180786 0.290577 -35.0576
0.280443 0.130335 0.950981 167.747 -0.21316 0.974457 -0.0706923 -9.59094 -0.935903 -0.182886 0.301061 -34.8188
0.289225 0.128676 0.948573 168.4 -0.218374 0.973665 -0.0654964 -9.64896 -0.93202 -0.1882 0.309708 -34.5843
0.296686 0.128807 0.946248 169.063 -0.222024 0.973015 -0.0628378 -9.70819 -0.928807 -0.191446 0.317278 -34.3565
0.301521 0.125794 0.945125 169.734 -0.22242 0.97319 -0.0585711 -9.76033 -0.927154 -0.192554 0.321416 -34.1254
0.304559 0.121432 0.944721 170.411 -0.219292 0.974135 -0.0545172 -9.82069 -0.926906 -0.190566 0.32331 -33.8945
0.30429 0.122504 0.944669 171.079 -0.215153 0.974909 -0.0571222 -9.8701 -0.927963 -0.185867 0.323012 -33.6523
0.303774 0.122711 0.944809 171.781 -0.213941 0.975132 -0.0578629 -9.9334 -0.928413 -0.184556 0.322472 -33.4151
0.302976 0.127074 0.944488 172.488 -0.211525 0.975317 -0.0633681 -9.95354 -0.929227 -0.180583 0.322377 -33.175
0.303799 0.126005 0.944367 173.204 -0.208688 0.975946 -0.0630846 -10.0034 -0.929599 -0.177913 0.322787 -32.9445
0.304135 0.119904 0.945053 173.892 -0.204923 0.977058 -0.0580163 -10.0661 -0.930327 -0.176018 0.321728 -32.717
0.302687 0.117232 0.945853 174.61 -0.205429 0.977105 -0.0553649 -10.1244 -0.930687 -0.177547 0.31984 -32.4666
0.301699 0.112956 0.946688 175.315 -0.204806 0.977455 -0.0513573 -10.2149 -0.931145 -0.178393 0.318031 -32.2314
0.300833 0.111806 0.9471 176.039 -0.204693 0.977529 -0.0503806 -10.2725 -0.931451 -0.178708 0.316958 -31.989
0.297519 0.11037 0.948315 176.754 -0.205813 0.977355 -0.0491791 -10.3354 -0.932268 -0.180543 0.313497 -31.7237
0.29716 0.114673 0.947917 177.505 -0.207855 0.976723 -0.0529981 -10.3602 -0.931929 -0.18128 0.314078 -31.4944
0.295067 0.11535 0.948488 178.202 -0.205091 0.977195 -0.0550389 -10.4412 -0.933206 -0.178286 0.311994 -31.2423
0.294592 0.122033 0.947799 178.911 -0.206126 0.976581 -0.0616716 -10.493 -0.933128 -0.177198 0.312847 -31.0128
0.291319 0.123043 0.94868 179.609 -0.206771 0.976351 -0.0631376 -10.5466 -0.934012 -0.177766 0.309871 -30.7443
0.288945 0.120948 0.949675 180.322 -0.208532 0.97612 -0.0608682 -10.596 -0.934358 -0.18045 0.307267 -30.505
0.287316 0.116727 0.950697 181.043 -0.20896 0.976279 -0.056717 -10.6573 -0.934765 -0.182361 0.304892 -30.2564
0.284009 0.117322 0.951617 181.785 -0.212276 0.975551 -0.0569198 -10.7114 -0.935028 -0.185839 0.30197 -30.0061
0.278622 0.115605 0.953418 182.508 -0.214642 0.975114 -0.0555103 -10.7866 -0.936108 -0.189177 0.296502 -29.7671
0.271769 0.114761 0.955495 183.217 -0.213732 0.975267 -0.0563448 -10.8349 -0.938328 -0.188907 0.289575 -29.5505
0.26217 0.115077 0.958136 183.935 -0.213221 0.975234 -0.0587881 -10.8879 -0.941171 -0.188882 0.280214 -29.3341
0.251396 0.117112 0.960773 184.651 -0.209264 0.975751 -0.0641822 -10.9455 -0.944991 -0.18492 0.269806 -29.1246
0.239261 0.12045 0.963455 185.374 -0.209002 0.975404 -0.0700413 -11.0058 -0.948194 -0.184606 0.25855 -28.9182
0.228777 0.1189 0.96619 186.095 -0.212549 0.974668 -0.0696153 -11.0882 -0.949991 -0.189437 0.248253 -28.7488
0.218795 0.111898 0.969334 186.822 -0.205812 0.976347 -0.0662521 -11.1467 -0.953819 -0.185005 0.236649 -28.5792
0.209266 0.103626 0.972353 187.532 -0.201937 0.977515 -0.0607164 -11.2119 -0.95678 -0.183648 0.225486 -28.3997
0.202951 0.0984257 0.97423 188.294 -0.200572 0.978018 -0.0570254 -11.2685 -0.958426 -0.18383 0.218231 -28.2325
0.196652 0.0975184 0.975612 189.012 -0.206561 0.97683 -0.0560042 -11.3145 -0.958468 -0.19051 0.212238 -28.0559
0.193895 0.0963331 0.976281 189.787 -0.204338 0.977306 -0.0558515 -11.3662 -0.959505 -0.188662 0.209179 -27.8805
0.19185 0.0958683 0.976731 190.504 -0.204265 0.977324 -0.0558048 -11.4184 -0.959932 -0.188806 0.207081 -27.7249
0.192522 0.097497 0.976437 191.252 -0.203372 0.977412 -0.057496 -11.4822 -0.959987 -0.18751 0.208001 -27.5713
0.192524 0.0989968 0.976286 192.019 -0.207225 0.976563 -0.0581601 -11.5431 -0.959162 -0.191114 0.208526 -27.4058
0.195654 0.0977102 0.975793 192.753 -0.208606 0.976399 -0.0559438 -11.6155 -0.958229 -0.19261 0.211419 -27.2813
0.197611 0.0959851 0.97557 193.496 -0.209665 0.976304 -0.0535878 -11.6782 -0.957596 -0.193953 0.213052 -27.1194
0.198534 0.0943553 0.975542 194.265 -0.208893 0.976559 -0.0519415 -11.7308 -0.957574 -0.193472 0.21359 -26.9291
0.201363 0.093869 0.975009 195.01 -0.205402 0.977313 -0.0516706 -11.785 -0.957738 -0.189864 0.216075 -26.7742
0.206071 0.0930133 0.974106 195.757 -0.204369 0.977611 -0.050114 -11.8326 -0.956957 -0.18875 0.220466 -26.6168
0.209527 0.0916768 0.973496 196.542 -0.206914 0.977206 -0.0474919 -11.8793 -0.955659 -0.191479 0.223719 -26.4188
0.214767 0.087738 0.972716 197.304 -0.209037 0.977007 -0.0419714 -11.924 -0.954032 -0.19432 0.228169 -26.2352
0.220302 0.0828938 0.971903 198.057 -0.2108 0.976884 -0.0355366 -11.9811 -0.952381 -0.197048 0.232682 -26.0467
0.224634 0.0825953 0.970937 198.841 -0.21186 0.976706 -0.0340707 -12.0242 -0.951133 -0.198049 0.236899 -25.8457
0.2294 0.0869164 0.969444 199.603 -0.217788 0.975336 -0.0359093 -12.0677 -0.948653 -0.202896 0.242671 -25.6483
0.233467 0.0928969 0.967917 200.357 -0.222699 0.974076 -0.0397718 -12.098 -0.946519 -0.206269 0.248102 -25.4381
0.236289 0.0957899 0.96695 201.135 -0.226891 0.973059 -0.0409509 -12.1339 -0.944821 -0.209716 0.251656 -25.2089
0.239516 0.0952259 0.966211 201.902 -0.229153 0.972607 -0.0390511 -12.1764 -0.943462 -0.212057 0.254775 -24.9784
0.242943 0.097393 0.965139 202.666 -0.231559 0.972007 -0.0397985 -12.2228 -0.941997 -0.213817 0.258694 -24.7565
0.246293 0.0993458 0.96409 203.441 -0.233532 0.971508 -0.0404505 -12.2761 -0.940639 -0.215183 0.262476 -24.5279
0.251442 0.0993263 0.962762 204.206 -0.233871 0.97148 -0.0391463 -12.3222 -0.939192 -0.215319 0.2675 -24.313
0.257522 0.0980782 0.961282 204.984 -0.233268 0.971722 -0.0366522 -12.3675 -0.937693 -0.214798 0.273118 -24.0989
0.262172 0.09722 0.960112 205.741 -0.23122 0.972261 -0.0353124 -12.4161 -0.936911 -0.212739 0.277378 -23.8657
0.266595 0.0983867 0.958774 206.497 -0.227895 0.973003 -0.0364786 -12.4501 -0.936477 -0.208775 0.281819 -23.6338
0.271404 0.10014 0.957242 207.272 -0.229648 0.972585 -0.0366335 -12.4956 -0.934666 -0.209886 0.286959 -23.3983
0.275242 0.0986932 0.956296 208.037 -0.234757 0.971505 -0.032695 -12.5377 -0.932272 -0.215498 0.290567 -23.1461
0.279221 0.0982222 0.95519 208.775 -0.237949 0.970806 -0.0302708 -12.5681 -0.930277 -0.218834 0.294441 -22.8827
0.282768 0.100878 0.953869 209.556 -0.235722 0.971266 -0.0328397 -12.6134 -0.929772 -0.215562 0.298422 -22.62
0.285755 0.108232 0.952171 210.307 -0.23619 0.970905 -0.039479 -12.6441 -0.92874 -0.213612 0.303004 -22.3576
0.288065 0.11431 0.950764 211.064 -0.241937 0.969329 -0.0432391 -12.6727 -0.926544 -0.217569 0.306885 -22.0907
0.28904 0.113131 0.950609 211.806 -0.249167 0.967659 -0.0393994 -12.699 -0.924322 -0.225472 0.30788 -21.805
0.291905 0.103133 0.950871 212.576 -0.248898 0.968108 -0.0285938 -12.7317 -0.923494 -0.228323 0.308265 -21.5445
0.29529 0.0892273 0.951232 213.344 -0.242805 0.96995 -0.0156092 -12.7808 -0.924039 -0.226355 0.308081 -21.292
0.296878 0.0811048 0.951465 214.102 -0.244815 0.96955 -0.00625906 -12.8015 -0.923 -0.231074 0.307693 -21.0263
0.29956 0.0767576 0.950985 214.878 -0.244051 0.969762 -0.00139714 -12.8524 -0.922335 -0.23167 0.309234 -20.7584
0.300718 0.0832646 0.950071 215.619 -0.247001 0.968992 -0.00674177 -12.8455 -0.921172 -0.232641 0.31196 -20.4828
0.305699 0.0892427 0.947937 216.391 -0.245981 0.969202 -0.0119188 -12.8693 -0.919805 -0.22953 0.318235 -20.2323
0.31042 0.0936025 0.94598 217.16 -0.245337 0.969316 -0.0154053 -12.8864 -0.918395 -0.227302 0.323858 -19.9664
0.313882 0.0968792 0.944507 217.898 -0.245573 0.969215 -0.017804 -12.8994 -0.917154 -0.226357 0.328009 -19.6862
0.318419 0.0997811 0.942684 218.66 -0.244846 0.969358 -0.0199006 -12.9143 -0.915783 -0.224476 0.333092 -19.4187
0.321578 0.096799 0.941922 219.421 -0.242605 0.969979 -0.0168554 -12.9541 -0.915276 -0.223095 0.335407 -19.1308
0.326846 0.0923889 0.940551 220.18 -0.241963 0.970221 -0.01122 -12.9716 -0.913578 -0.223912 0.339467 -18.8541
0.330834 0.0860235 0.93976 220.936 -0.239221 0.970954 -0.00466329 -12.9987 -0.912864 -0.223268 0.341803 -18.592
0.333727 0.0800321 0.939266 221.721 -0.238405 0.971164 0.0019567 -13.0253 -0.912024 -0.224579 0.343183 -18.2945
0.336512 0.0741986 0.938751 222.509 -0.236326 0.971642 0.00791725 -13.0427 -0.911542 -0.224516 0.344504 -18.0086
0.338617 0.0678957 0.938472 223.27 -0.234602 0.971986 0.014328 -13.0427 -0.911208 -0.225019 0.345059 -17.7313
0.339772 0.0676338 0.938073 224.027 -0.23583 0.971673 0.0153617 -13.0481 -0.910461 -0.226445 0.346096 -17.4358
0.340486 0.0784756 0.936969 224.776 -0.244529 0.969612 0.0076501 -13.056 -0.907895 -0.231721 0.349328 -17.1268
0.340319 0.0917842 0.93582 225.504 -0.246021 0.969249 -0.00559498 -13.0655 -0.907555 -0.228328 0.352434 -16.8229
0.341584 0.100035 0.934512 226.267 -0.246946 0.968936 -0.0134563 -13.0735 -0.906828 -0.226178 0.355676 -16.5331
0.340441 0.0974236 0.935205 227.016 -0.246168 0.969161 -0.0113491 -13.0811 -0.90747 -0.226354 0.353924 -16.2251
0.338421 0.0930599 0.936382 227.78 -0.247006 0.968989 -0.0070291 -13.0762 -0.907997 -0.228913 0.350912 -15.8925
0.341528 0.0915143 0.935406 228.538 -0.24566 0.969343 -0.00514136 -13.1053 -0.907199 -0.228035 0.353538 -15.6229
0.341305 0.091736 0.935465 229.336 -0.242357 0.970164 -0.00671459 -13.1157 -0.90817 -0.224425 0.353354 -15.2917
0.344046 0.0899831 0.934631 230.098 -0.238231 0.971192 -0.00580839 -13.1342 -0.908228 -0.220659 0.35557 -15.0119
0.348106 0.0855605 0.933542 230.875 -0.238299 0.971192 -0.000152573 -13.1609 -0.906662 -0.222409 0.358466 -14.7471
0.35024 0.0838262 0.932901 231.637 -0.239444 0.970907 0.00265358 -13.1729 -0.905537 -0.224307 0.360122 -14.4617
0.352062 0.0854297 0.93207 232.442 -0.240999 0.970524 0.00207607 -13.18 -0.904418 -0.225359 0.362273 -14.1433
0.354138 0.0895791 0.930893 233.209 -0.23906 0.971002 -0.00249368 -13.1857 -0.904122 -0.221656 0.365283 -13.8453
