1.000000000000000000e+00 -3.306050084167601550e-19 -2.270457535318767223e-19 -8.673617379884035472e-19 7.546676715296109287e-19 1.000000000000000000e+00 6.237773588823049983e-19 1.387778780781445676e-17 -3.447385680526250622e-20 4.770700176052009879e-20 1.000000000000000222e+00 5.551115123125782702e-17
9.999999999999988898e-01 1.244366564403995218e-07 -6.457577709948580279e-07 -8.975575041881775351e-06 -1.244367346123641690e-07 1.000000000000000222e+00 -9.956451171376531444e-08 -2.930623176911062444e-07 6.457578156636536974e-07 9.956459300333481948e-08 1.000000000000001110e+00 8.092554011018826543e-06
9.999803670848897985e-01 4.629592409396542790e-04 -6.248928873653961623e-03 -5.455141786472866156e-03 -4.619093638944606647e-04 9.999998748645068103e-01 1.694633677948464317e-04 -2.979441483009631630e-04 6.249007132136868287e-03 -1.665736210315607775e-04 9.999804580506036489e-01 9.271930390059762717e-02
9.999128718741077115e-01 9.945977464337978600e-04 -1.316276287102604962e-02 -1.601864113616974228e-02 -9.911474675890420867e-04 9.999994765828330578e-01 2.686446878823229461e-04 -1.838698825845502816e-03 1.316302399671968361e-02 -2.555750179963551302e-04 9.999133315430596136e-01 1.848737480016594825e-01
9.999126016531294514e-01 9.919702250807726010e-04 -1.318321108099429137e-02 -1.644502577737268906e-02 -9.885457034648360407e-04 9.999994769110864823e-01 2.662770917427422944e-04 -1.765079503541280848e-03 1.318346989867708041e-02 -2.532216087041145995e-04 9.999130614357842894e-01 1.850077844709101249e-01
9.997882172239204168e-01 1.449708584704048056e-03 -2.052849119792150498e-02 -2.489333936450109641e-02 -1.453435139344001065e-03 9.999989288565755974e-01 -1.666077579839784931e-04 -3.280465194287263131e-03 2.052822938485671794e-02 1.964092828768397190e-04 9.997892539195041284e-01 2.891819449896547711e-01
9.995537885823704283e-01 1.535633515473641643e-03 -2.983048643271375353e-02 -3.900646149808053437e-02 -1.586319815989144406e-03 9.999973425010965089e-01 -1.675553529081544183e-03 -5.557169245370266464e-03 2.982783607482048654e-02 1.722126649261879758e-03 9.995535689165333526e-01 3.911622340135083586e-01
9.991442307703303216e-01 2.057668834488434427e-03 -4.131070591741991399e-02 -5.908393324107347883e-02 -2.201609021691668198e-03 9.999916666238158891e-01 -3.439136575111645128e-03 -5.361478109073197773e-03 4.130328809803966023e-02 3.527143514998270103e-03 9.991404326058542784e-01 5.058716144115797952e-01
9.984886247880738752e-01 2.303078829749890827e-03 -5.491046438827485582e-02 -7.918541827107851427e-02 -2.533872109037638241e-03 9.999882432530002863e-01 -4.133831100469936327e-03 -7.933399174226030137e-03 5.490030235897928879e-02 4.266719412921849905e-03 9.984827219589261782e-01 6.344103081794365551e-01
9.974970387205790434e-01 2.235810432450821214e-03 -7.067283495974187313e-02 -1.026450673174662820e-01 -2.545207205386089497e-03 9.999875655976628863e-01 -4.288124592186817741e-03 -9.292262589769825776e-03 7.066237477765127672e-02 4.457268561861239299e-03 9.974903356817582667e-01 7.648769218865891784e-01
9.959962762689302807e-01 1.131836957283738170e-03 -8.938761367371039768e-02 -1.358833552680170087e-01 -1.502734534583307453e-03 9.999905428193835988e-01 -4.082127424250403536e-03 -9.698881030610159715e-03 8.938215489335160635e-02 4.200109651265102224e-03 9.959885509116864766e-01 9.234060200974330002e-01
9.939891903817484886e-01 2.332244797393567489e-04 -1.094780080458437610e-01 -1.683835844152867522e-01 -6.833902096488304965e-04 9.999914639645361980e-01 -4.074424673377193516e-03 -1.459350462919728475e-02 1.094761356436486505e-01 4.124750177687585076e-03 9.939808656537154619e-01 1.085291152076497845e+00
9.913219024191871620e-01 3.215216064030735482e-04 -1.314563988602270306e-01 -2.122322302651250270e-01 -9.452835360442390488e-04 9.999885881189173320e-01 -4.682634021393908969e-03 -2.125633449765353122e-02 1.314534058561448171e-01 4.766261215655115228e-03 9.913108894618959388e-01 1.245057684466534864e+00
9.878077956988975394e-01 3.658707533281103062e-03 -1.556353531249370925e-01 -2.754512707051455234e-01 -4.628908068387332410e-03 9.999720467098621723e-01 -5.871841062215182698e-03 -2.650926589423611979e-02 1.556095317668006739e-01 6.520672164141759139e-03 9.877971275912403870e-01 1.425985216753229867e+00
9.834315690781748609e-01 7.741013652677649487e-03 -1.811143770318159874e-01 -3.413554828923222595e-01 -9.280402088083328921e-03 9.999276476110563472e-01 -7.653651342410934706e-03 -3.098911508811669213e-02 1.810420401302686721e-01 9.207656924157351166e-03 9.834322533107690001e-01 1.594515297123625386e+00
9.780440936138367070e-01 1.100481115147312200e-02 -2.081072987610462499e-01 -4.111696306217318408e-01 -1.299879508658345617e-02 9.998817583626679051e-01 -8.216359913432037809e-03 -3.748614744266960674e-02 2.079922855042171115e-01 1.074110703131972260e-02 9.780714880234956388e-01 1.774235192960983198e+00
9.713432501743929359e-01 1.199779050186054567e-02 -2.373780613409647855e-01 -4.920000553277215638e-01 -1.443483319013904621e-02 9.998594148944864868e-01 -8.531003874881155913e-03 -4.544485274675948150e-02 2.372423539468755949e-01 1.171304598548300255e-02 9.713798849311207073e-01 1.968712018435931910e+00
9.633761895533650144e-01 1.421273247081001473e-02 -2.677765907133270451e-01 -5.743414974969788256e-01 -1.694205742939475234e-02 9.998253881896788098e-01 -7.884644177239514412e-03 -5.041296059023540888e-02 2.676178013123783894e-01 1.213256440745507161e-02 9.634487622569564147e-01 2.145050775137704147e+00
9.539594674932647678e-01 1.561947214780628514e-02 -2.995285628411211154e-01 -6.752898425311268937e-01 -1.851122738672067100e-02 9.998053931298130914e-01 -6.819138751472857661e-03 -5.339290991117773277e-02 2.993637874092617279e-01 1.204982355071696626e-02 9.540629593769224259e-01 2.349403365858264259e+00
9.426506271252800273e-01 1.843169665904345611e-02 -3.332717345150494892e-01 -7.858748869749150323e-01 -2.144032676924902125e-02 9.997558094916347837e-01 -5.351611097540983145e-03 -6.012659938951393779e-02 3.330917427659680907e-01 1.219015457097518372e-02 9.428156233830856658e-01 2.548100659269553425e+00
9.301773609521829522e-01 2.056560533450143419e-02 -3.665339273398879882e-01 -8.895158290767040121e-01 -2.410954401063471197e-02 9.996963478281554183e-01 -5.093089835850480272e-03 -5.987380819591475722e-02 3.663179209608012354e-01 1.357444288557576456e-02 9.303907412196620319e-01 2.722343081281052513e+00
9.163313205740865053e-01 2.378422553096736988e-02 -3.997139116679948589e-01 -1.028700608782657344e+00 -2.780509466022576884e-02 9.996042752503229156e-01 -4.262710702764239447e-03 -5.984976035505788772e-02 3.994543806810353370e-01 1.502013858335206863e-02 9.166300241755909184e-01 2.924674173852122916e+00
9.005029851727236467e-01 2.433915270184080701e-02 -4.341681202733201350e-01 -1.159635172242179157e+00 -2.883188294940641078e-02 9.995771841640889166e-01 -3.764286508731775824e-03 -5.712204573393619977e-02 4.338929654796337965e-01 1.590763552293257901e-02 9.008239906631877458e-01 3.117913345295178829e+00
8.821932003483441420e-01 2.000411279860520031e-02 -4.704624996119473046e-01 -1.291598111040532793e+00 -2.502163242912690960e-02 9.996771639464739900e-01 -4.413225611512478462e-03 -5.762847590065162118e-02 4.702223764682664231e-01 1.566505707540118489e-02 8.824089457051819130e-01 3.290178117775906408e+00
8.611365032580750034e-01 1.629859963227880612e-02 -5.081124386562315687e-01 -1.450660576594937190e+00 -2.156882441725615704e-02 9.997573003006557935e-01 -4.485339850606340217e-03 -6.579242467730340993e-02 5.079160550217350911e-01 1.482187733612709384e-02 8.612790564412696748e-01 3.490760140976141734e+00
8.364473211872919256e-01 1.793348340471376604e-02 -5.477538235497406705e-01 -1.608534033112533290e+00 -2.224192909778188385e-02 9.997518557546287710e-01 -1.232610702510904136e-03 -7.192391499767217256e-02 5.475958462667366300e-01 1.321411562757704265e-02 8.366386330580796171e-01 3.658059221038165276e+00
8.078163678798601088e-01 2.301914062906996669e-02 -5.889845576716700171e-01 -1.817630058303112195e+00 -2.662006470309456752e-02 9.996423480832875574e-01 2.558276084516836191e-03 -7.358206482581805541e-02 5.888328409084677695e-01 1.361218916271601971e-02 8.081402240368525947e-01 3.842730579922813750e+00
7.757792815322294144e-01 2.644882276795527953e-02 -6.304497823618575580e-01 -2.019667957593922480e+00 -3.021430221445850495e-02 9.995321389374312027e-01 4.753463022952942804e-03 -7.749544722069909297e-02 6.302805976553974565e-01 1.536096208878931328e-02 7.762154595303398796e-01 4.007695163778081771e+00
7.403446846287136118e-01 2.610448613462607384e-02 -6.717203767631443334e-01 -2.220220960326752646e+00 -3.037334390154747613e-02 9.995242177317456012e-01 5.367298143619613979e-03 -7.211090669673701770e-02 6.715409556781554157e-01 1.642874312817887636e-02 7.407853176395409189e-01 4.155610853275454986e+00
7.010087640836033529e-01 2.255303944588439580e-02 -7.127959246543580374e-01 -2.463523497909295479e+00 -2.492318932793657904e-02 9.996640285940011639e-01 7.118571434552738164e-03 -7.925754473282811685e-02 7.127170516318974691e-01 1.277496619957950615e-02 7.013353373223956133e-01 4.334340432061165593e+00
6.588982535318879119e-01 1.942989270603916185e-02 -7.519810632380216076e-01 -2.703848574408340255e+00 -2.031421760868104553e-02 9.997613812299757097e-01 8.032454687511129260e-03 -8.328462593791444157e-02 7.519577599271323187e-01 9.983336538018987641e-03 6.591357252381365717e-01 4.489214622596670701e+00
6.144181997246024318e-01 1.884046296418370389e-02 -7.887555127455703197e-01 -2.954657142774099743e+00 -1.755489294533216227e-02 9.997937993233944054e-01 1.020662502098825496e-02 -8.230409279287283220e-02 7.887852364317098353e-01 7.575382154917471508e-03 6.146222609520032298e-01 4.622329743538573510e+00
5.669985719400335578e-01 1.954865749731256666e-02 -8.234867364469314888e-01 -3.253163869379469109e+00 -1.551597265432846408e-02 9.997944405683795166e-01 1.305073273325991524e-02 -7.707074309106214105e-02 8.235726633741206060e-01 5.377450082661682819e-03 5.671853374915871715e-01 4.767199701225663055e+00
5.163866119024795864e-01 2.058505879673479602e-02 -8.561080941699245050e-01 -3.548153577866853148e+00 -1.406004819958721688e-02 9.997800960561066264e-01 1.555891314414977085e-02 -7.951939055105951282e-02 8.562401786192880282e-01 4.002505653093755243e-03 5.165624820414137508e-01 4.883781761187433901e+00
4.641375926707562716e-01 2.201544463916550384e-02 -8.854894372718642437e-01 -3.844735519047802974e+00 -1.340365499217412333e-02 9.997511701765187109e-01 1.783061997100523002e-02 -7.068485129243562426e-02 8.856617314779322570e-01 3.592933474034961435e-03 4.643171871527252415e-01 4.980158955041146918e+00
4.099427857343123094e-01 2.405994956281848687e-02 -9.117938168511953156e-01 -4.204634270656211648e+00 -1.226657381047405182e-02 9.997070521289049827e-01 2.086470349664898069e-02 -6.225712784162068525e-02 9.120287850658647111e-01 2.631251137216936414e-03 4.101178321367830448e-01 5.070528558342820347e+00
3.551560746388654488e-01 2.657985512438323927e-02 -9.344290195373151642e-01 -4.530710395487070663e+00 -1.215150600592213199e-02 9.996424960769683121e-01 2.381633093431612114e-02 -5.098654903079920253e-02 9.347280811518784427e-01 2.896204789475994006e-03 3.553520892841662837e-01 5.126824216758378405e+00
3.000392521486336395e-01 2.949351539567532030e-02 -9.534707678586775703e-01 -4.918330269577192659e+00 -9.973928468620558985e-03 9.995642827864614777e-01 2.778070843430831965e-02 -4.385460818196457167e-02 9.538747556121283111e-01 1.174545395224972253e-03 3.002026950649051007e-01 5.197953632178298200e+00
2.463632019793727257e-01 3.135738222826837257e-02 -9.686701263414495555e-01 -5.294697011829803124e+00 -5.681899529417786324e-03 9.995060046337079784e-01 3.091050186110245318e-02 -4.053645109282767722e-02 9.691609578057339691e-01 -2.111324483665723284e-03 2.464196633869193687e-01 5.247176624975737447e+00
1.951183260756072235e-01 3.249010811482714450e-02 -9.802413693995897237e-01 -5.683219719768076494e+00 -3.247351499688239454e-03 9.994670809395854727e-01 3.248095334652911781e-02 -3.988681186171152970e-02 9.807743772026414897e-01 -3.154441695425247785e-03 1.951198529848074403e-01 5.289922198122296138e+00
1.476637395094509142e-01 3.318599656219841515e-02 -9.884806700363524268e-01 -6.109591476439867996e+00 -5.014170856624976767e-03 9.994491884951837157e-01 3.280519872267914638e-02 -3.056690251136313929e-02 9.890249566119360125e-01 1.122717406329535222e-04 1.477488119953655199e-01 5.297877340559902670e+00
1.050223442615000474e-01 3.331754453652682746e-02 -9.939115512882303882e-01 -6.533609835039515978e+00 -7.259070373499158964e-03 9.994376763514215556e-01 3.273575340454906724e-02 -1.190181187935952789e-02 9.944434088266334015e-01 3.776887521314098266e-03 1.052051493870785337e-01 5.304686593719070586e+00
6.670926983092761997e-02 3.203937481931670023e-02 -9.972578705438176483e-01 -6.992478057941276859e+00 -8.593064487856650127e-03 9.994656938240528143e-01 3.153549175031623852e-02 1.999387843264061049e-03 9.977354903509098039e-01 6.465791015442925831e-03 6.694894434501977298e-02 5.287140736122549534e+00
3.216568212751214073e-02 2.946557419602048936e-02 -9.990480827836456523e-01 -7.456775719753432341e+00 -7.849780369712995240e-03 9.995419622579729824e-01 2.922740518567916099e-02 8.999603370531794599e-03 9.994517694680578046e-01 6.902187804975755056e-03 3.238224961451504486e-02 5.272950674155392647e+00
6.845685650712938835e-04 2.724706701808125853e-02 -9.996284533890105184e-01 -7.920763555307661186e+00 -7.373743124352198988e-03 9.996016919114685262e-01 2.724128638012341536e-02 1.558201575995606103e-02 9.999726196725031713e-01 7.352354380535708160e-03 8.852102934602473034e-04 5.249181977750035699e+00
-2.615709858430267931e-02 2.487096720741411790e-02 -9.993483694584263111e-01 -8.412148733454021254e+00 -7.578540942087870318e-03 9.996567990711525686e-01 2.507700414612311357e-02 2.138643336837646458e-02 9.996291588636034842e-01 8.229543635325712800e-03 -2.595963448684981967e-02 5.207589770905776128e+00
-4.712738113795677392e-02 2.251490661941260574e-02 -9.986350662279899204e-01 -8.913365537959084151e+00 -8.481449130942670181e-03 9.997008812388171739e-01 2.293918955616684047e-02 3.239641907817360916e-02 9.988529244292154718e-01 9.550936155116972540e-03 -4.692232410086027983e-02 5.163072016746985682e+00
-6.385422537398159626e-02 2.181679073518756964e-02 -9.977206970533928354e-01 -9.444754376787447114e+00 -8.276458017089370275e-03 9.997150464344575216e-01 2.239009334325852557e-02 4.861382111704292547e-02 9.979249629922256615e-01 9.687295279867200876e-03 -6.365546306047588365e-02 5.108601937453784103e+00
-7.700794331578718344e-02 2.233079455597846916e-02 -9.967803308991259881e-01 -9.986131246299798647e+00 -7.261657732845708951e-03 9.997100689781464045e-01 2.295743941306297928e-02 5.718185000885355612e-02 9.970040754116640258e-01 9.006182395495438212e-03 -7.682345666235917969e-02 5.053982148298002741e+00
-8.633630158858429660e-02 2.345316691063705980e-02 -9.959899115163095562e-01 -1.054148971102800481e+01 -7.583715573713996003e-03 9.996784384217688446e-01 2.419740734819050484e-02 6.406878745617658466e-02 9.962372242964071534e-01 9.642417979355662888e-03 -8.613067483318447015e-02 4.992329954593605734e+00
-9.335381587685386007e-02 2.467846198621302320e-02 -9.953270589232245946e-01 -1.111691458162915147e+01 -9.274074994135846767e-03 9.996278373045651700e-01 2.565493070672262080e-02 7.175208709400937579e-02 9.955898434799084207e-01 1.162572298851758355e-02 -9.309020242771123832e-02 4.915950746926170289e+00
-9.749795815314452052e-02 2.553086935566727111e-02 -9.949081523913619884e-01 -1.170728315632955407e+01 -9.358288613844453763e-03 9.996031876529138938e-01 2.656843307322543160e-02 8.380699430695960628e-02 9.951917706186567125e-01 1.190100593769184006e-02 -9.722034249976928277e-02 4.846314613420539708e+00
-9.944064657111344185e-02 2.635287618561390002e-02 -9.946944250725080483e-01 -1.230878756952110109e+01 -7.854522210639187582e-03 9.995973039316766728e-01 2.726799349761566474e-02 9.793921281155119896e-02 9.950125334357253770e-01 1.052439582651425003e-02 -9.919361136056323303e-02 4.780304270741851269e+00
-9.830205530096702837e-02 2.846135664948413330e-02 -9.947495005933556511e-01 -1.292922220035935155e+01 -6.376144709118076147e-03 9.995524101769911463e-01 2.922886991819049693e-02 1.128963334693614540e-01 9.951362387139733867e-01 9.215924092625902078e-03 -9.807658087602398600e-02 4.706582859905622307e+00
-9.664318429902596375e-02 3.120167047983201866e-02 -9.948298690220687135e-01 -1.356445324102032757e+01 -4.832272042134741312e-03 9.994820303870446399e-01 3.181701137479432673e-02 1.310788277165981786e-01 9.953073995821095643e-01 7.882185363092016409e-03 -9.644234908801857520e-02 4.628935266858007047e+00
-9.495463034292032922e-02 3.102974746112780596e-02 -9.949978333752217408e-01 -1.421532603176661347e+01 -6.349028940989095288e-03 9.994748715077578227e-01 3.177526586537669784e-02 1.496192024101876406e-01 9.954613981434424774e-01 9.334478071260027612e-03 -9.470775616483743942e-02 4.548458535605260700e+00
-9.284890127008814387e-02 2.854397499961790208e-02 -9.952709384104672097e-01 -1.487258634846114980e+01 -1.204697041686708311e-02 9.994836196622387536e-01 2.978865474992287155e-02 1.745899347495813436e-01 9.956073685250014238e-01 1.475584253722187801e-02 -9.245708639215050040e-02 4.459902588304103688e+00
-9.158140319059529522e-02 2.830624672125919492e-02 -9.953951570271458715e-01 -1.555498554128469024e+01 -1.187802565542461081e-02 9.994937427915784323e-01 2.951563562886956940e-02 2.082967834568980048e-01 9.957267952049987381e-01 1.452641183736757234e-02 -9.119881560098311302e-02 4.367934209981598315e+00
-8.908503623992868048e-02 3.114889309886755692e-02 -9.955367991379842074e-01 -1.624206453799772021e+01 -1.125619076095251553e-02 9.994155592728189985e-01 3.227750553876854167e-02 2.592431401167797911e-01 9.959604630098380929e-01 1.408139438100519843e-02 -8.868235203289025204e-02 4.248899547975036661e+00
-8.767085264952324819e-02 3.463857302600561322e-02 -9.955470343900559849e-01 -1.696091353117237688e+01 -1.182587227438625620e-02 9.992886326648668938e-01 3.581017644706981085e-02 2.835528471972347808e-01 9.960793454726153406e-01 1.491272001589422601e-02 -8.719885401534346880e-02 4.176484014224628005e+00
-8.549910781880261379e-02 3.669736442491111639e-02 -9.956621478561960004e-01 -1.768832926045797649e+01 -1.060214548128646239e-02 9.992313687435897540e-01 3.773933754212515507e-02 3.054177749311908219e-01 9.962818795679074801e-01 1.378283404644114508e-02 -8.504431792478711616e-02 4.102803747484774277e+00
-8.379428625649362750e-02 3.623756170337228549e-02 -9.958239123080082633e-01 -1.843999927018544938e+01 -1.290679845539590906e-02 9.992152554107857076e-01 3.744702035534041434e-02 3.235191650326367796e-01 9.963995272829097027e-01 1.599074414676289121e-02 -8.326081715429194119e-02 4.029038477705569221e+00
-8.245184475724579021e-02 3.348161302987336108e-02 -9.960324237076553233e-01 -1.919091596331374561e+01 -1.582236586291279473e-02 9.992655524468021522e-01 3.490007256613292946e-02 3.354874117624392360e-01 9.964694783856884452e-01 1.863716423278844250e-02 -8.186152768955629044e-02 3.958253360893191353e+00
-8.069202818862579452e-02 3.277007123557797164e-02 -9.962001989401327862e-01 -1.994667832214980052e+01 -1.824209947620879929e-02 9.992434368732852068e-01 3.434778462361059992e-02 3.580719450110604329e-01 9.965721811361699656e-01 2.094437500398368956e-02 -8.003318268465940688e-02 3.886614693066657633e+00
-7.938064590033003243e-02 3.502913924994496137e-02 -9.962286867860288275e-01 -2.073753560601985058e+01 -1.346091400870624843e-02 9.992536113451677693e-01 3.620808040290774549e-02 3.783420785903216510e-01 9.967535356355615717e-01 1.628436938080124116e-02 -7.884987144483765475e-02 3.825683561428566026e+00
-7.780905746042204862e-02 3.712778801725466482e-02 -9.962766703603466167e-01 -2.152064228484533714e+01 -1.282448961434053472e-02 9.991863661722280021e-01 3.823781165485147515e-02 3.969807358512055795e-01 9.968858334580773528e-01 1.575198690258308720e-02 -7.726960271180585704e-02 3.759779470361864551e+00
-7.675776244923469827e-02 3.883835476917895518e-02 -9.962930010290538263e-01 -2.233141312798641920e+01 -9.118869037924342419e-03 9.991718905493656155e-01 3.965312884408233457e-02 4.164813079925963613e-01 9.970081106285257899e-01 1.212875034336331759e-02 -7.634003510013086247e-02 3.692475129632206698e+00
-7.601605658730437032e-02 3.475618449595552911e-02 -9.965006154602725763e-01 -2.312512222340647838e+01 -9.524574651808654854e-03 9.993214017145212180e-01 3.558113000771413043e-02 4.304392876835566595e-01 9.970611424782949150e-01 1.219598074559466450e-02 -7.563343212721683473e-02 3.624055755279607549e+00
-7.542112363416816900e-02 2.764486694104294900e-02 -9.967684440117550171e-01 -2.392964732364229619e+01 -1.175174165030514785e-02 9.995215566386176365e-01 2.861042460948529098e-02 4.440791817240761219e-01 9.970825640015628100e-01 1.387159520115306514e-02 -7.506016200444942665e-02 3.555623513119217094e+00
-7.606011964533673786e-02 2.340953587994762386e-02 -9.968283519960068340e-01 -2.475621764450143658e+01 -1.055786329933004579e-02 9.996494162364629732e-01 2.428137147333961007e-02 4.542903864615007725e-01 9.970473790881734244e-01 1.237122045458278856e-02 -7.578629759112616437e-02 3.493848856046765317e+00
-7.625629095623119580e-02 2.405792376795504520e-02 -9.967979324675273478e-01 -2.558516734122147440e+01 -9.272084346307092259e-03 9.996485355902617886e-01 2.483604832087609599e-02 4.715643462828892907e-01 9.970451791684971088e-01 1.113629858396730267e-02 -7.600642163403044382e-02 3.417705126133854687e+00
-7.672366648978964920e-02 3.075078960825705643e-02 -9.965780408745518182e-01 -2.642137700994876326e+01 -8.201371964281681248e-03 9.994709986108303301e-01 3.147145391664200875e-02 4.887837409445947578e-01 9.970187074370504554e-01 1.058791109604486497e-02 -7.643088012104062856e-02 3.341833060942146272e+00
-7.658912269840659204e-02 3.816473240135407480e-02 -9.963320078476837205e-01 -2.726281815862760638e+01 -8.079686018274251022e-03 9.992105916813249777e-01 3.889608964864912227e-02 5.109301058627110370e-01 9.970300489491922269e-01 1.102906722215436786e-02 -7.622030198291832037e-02 3.264281494915164394e+00
-7.642839816143130738e-02 4.326660252520515837e-02 -9.961358441429616351e-01 -2.811305769432441792e+01 -8.459608244722258488e-03 9.989939612081968345e-01 4.403980358537190609e-02 5.407703758813279249e-01 9.970392269763517223e-01 1.179281020889727180e-02 -7.598548804676547030e-02 3.183435208048670528e+00
-7.702126546193739653e-02 4.387907425237858039e-02 -9.960633885859113690e-01 -2.895541979907286034e+01 -9.934389600320911104e-03 9.989477316989875399e-01 4.477431867159044343e-02 5.711003371259140149e-01 9.969800011643346060e-01 1.334385599401028549e-02 -7.650430523705006869e-02 3.096447517338733579e+00
-7.704744976120540823e-02 4.077384957864148285e-02 -9.961933092499406506e-01 -2.978396171467611708e+01 -1.128726290874519991e-02 9.990637334017740123e-01 4.176431140460210717e-02 5.860999644255419083e-01 9.969635714550547645e-01 1.446212853004419548e-02 -7.651508664056844156e-02 3.024086452911316947e+00
-7.802682967491829380e-02 3.796687333906952067e-02 -9.962280095112916456e-01 -3.061660627477703400e+01 -1.270309143032350915e-02 9.991555965273982709e-01 3.907337935852881611e-02 6.029616234660845064e-01 9.968703644632321836e-01 1.570394769919312983e-02 -7.747864485247991928e-02 2.949633299813865683e+00
-7.793171698026882255e-02 3.869202749980362593e-02 -9.962075559305072492e-01 -3.145001965985939663e+01 -1.446567567580478095e-02 9.990975273079655272e-01 3.993589700178867830e-02 6.270483443380753252e-01 9.968537864309293672e-01 1.752308779615965872e-02 -7.730167732769656352e-02 2.874074736026844157e+00
-7.745859704098372045e-02 4.100344808273933411e-02 -9.961520002789520101e-01 -3.229179263048177972e+01 -1.297135586017239377e-02 9.990279157539097010e-01 4.213044821231987092e-02 6.456229522692815692e-01 9.969112302526340619e-01 1.618480682811028470e-02 -7.685142871292587052e-02 2.804544091351276247e+00
-7.771846505295090801e-02 3.972928932117746059e-02 -9.961833838380387274e-01 -3.312188304795886040e+01 -1.342562758956678502e-02 9.990733741494677300e-01 4.089196141321828348e-02 6.597787184989185594e-01 9.968849863395312649e-01 1.655244699098158342e-02 -7.711305709651664064e-02 2.729849786687119639e+00
-7.731934493943459774e-02 3.494564698338620268e-02 -9.963937190218625783e-01 -3.396006836191752143e+01 -1.550816379887899957e-02 9.992224751054312737e-01 3.624827602905078550e-02 6.716624318605002308e-01 9.968858023945927904e-01 1.825492956104821096e-02 -7.671728316599656095e-02 2.657341759280754445e+00
-7.735787594604745521e-02 3.088676890509695419e-02 -9.965247998112889416e-01 -3.478740426139079034e+01 -1.825881658658537812e-02 9.993085032667227141e-01 3.239043562401516113e-02 6.808725739948578992e-01 9.968362278838663881e-01 2.070101845699746576e-02 -7.674042532067520961e-02 2.583602041823571671e+00
-7.683847253324321835e-02 3.145873698234945282e-02 -9.965470908128978289e-01 -3.561984056613662375e+01 -1.758125094842410974e-02 9.993039593901127393e-01 3.290136030857839650e-02 6.982219003876111163e-01 9.968885738849599942e-01 2.004863490666156794e-02 -7.623190385686945403e-02 2.516856152305191774e+00
-7.598250249441608484e-02 3.392237908720598105e-02 -9.965319141433713890e-01 -3.646577869550783646e+01 -1.598200854916831740e-02 9.992513098537528782e-01 3.523352540406925887e-02 7.067786452061015634e-01 9.969811016919569724e-01 1.860371329002018237e-02 -7.538346635933670936e-02 2.443842285901955513e+00
-7.573531799335819770e-02 3.858444307934722622e-02 -9.963811106507868276e-01 -3.729424027747191417e+01 -1.663973595051958937e-02 9.990629928927432513e-01 3.995308886726990638e-02 7.244600402310382714e-01 9.969891473088082767e-01 1.960537872958530853e-02 -7.502231689938496095e-02 2.376910513248729817e+00
-7.458759461198329055e-02 4.405460414600952807e-02 -9.962408288428273861e-01 -3.813786614905509964e+01 -1.426008901600985673e-02 9.988744247540592980e-01 4.523870098952197799e-02 7.468559305235772383e-01 9.971125472934334599e-01 1.758072893325937983e-02 -7.387541614207591978e-02 2.309565621280304182e+00
-7.512522857972139811e-02 4.701578777256828351e-02 -9.960650749633945811e-01 -3.897157255102394657e+01 -1.554239952155364937e-02 9.987113178272929437e-01 4.831293186366418524e-02 7.711799225975661809e-01 9.970530166820437135e-01 1.911076050652996475e-02 -7.429767624757152578e-02 2.239277268965330858e+00
-7.463372876590371185e-02 4.725103656313068418e-02 -9.960908908061877343e-01 -3.979761002927939728e+01 -1.380484449458607710e-02 9.987321106905907575e-01 4.841067514773764874e-02 7.946096840127703231e-01 9.971154946673143060e-01 1.736394858558129237e-02 -7.388680692468699296e-02 2.169864746697774738e+00
-7.419516896746185253e-02 4.294589041116328443e-02 -9.963185447047637755e-01 -4.062987936494813113e+01 -1.551302614108843007e-02 9.989016943268188564e-01 4.421247873073062828e-02 8.153721589860074559e-01 9.971231105431211938e-01 1.873626754683451953e-02 -7.344745835935692635e-02 2.103440416001366664e+00
-7.393199826566181077e-02 3.899652058790731984e-02 -9.965004957737600977e-01 -4.145596709558461868e+01 -1.604750964831998944e-02 9.990592626528714826e-01 4.028724371459849185e-02 8.325615945072314394e-01 9.971342005027121758e-01 1.896986707523436178e-02 -7.323664938720964024e-02 2.029430477001115118e+00
-7.360798910206030332e-02 3.604901113600499085e-02 -9.966354667158519032e-01 -4.229242843462021995e+01 -2.015594071342331414e-02 9.990885828206539365e-01 3.762638700790608970e-02 8.492849651123217658e-01 9.970835940035706058e-01 2.285772813247567703e-02 -7.281429871859355918e-02 1.963405376278183567e+00
-7.420093813654782267e-02 3.417013625539214172e-02 -9.966576874052277546e-01 -4.311891819467794562e+01 -2.426727577977798658e-02 9.990549765819800587e-01 3.605901884943413238e-02 8.690279472606954325e-01 9.969480488144596420e-01 2.686177993337865791e-02 -7.330159944543215844e-02 1.888139021724498434e+00
-7.474657571639858888e-02 3.213987077012093324e-02 -9.966844485374352081e-01 -4.394632610086686242e+01 -2.056724476523034972e-02 9.992181803984097055e-01 3.376401919253847750e-02 8.800600842629630050e-01 9.969904829683690073e-01 2.302279728099631412e-02 -7.402710768201090086e-02 1.822807119749037863e+00
-7.614669808971730181e-02 2.863119845490739654e-02 -9.966854291680917743e-01 -4.477214621318266552e+01 -1.830800848238876150e-02 9.993789936631971571e-01 3.010730337649291516e-02 8.869190868443196374e-01 9.969285760357226023e-01 2.053989681379984542e-02 -7.557522757347981401e-02 1.762520577839795877e+00
-7.688648617665641560e-02 2.752899558631960106e-02 -9.966596948254419219e-01 -4.559624624552625249e+01 -1.490337433360702096e-02 9.994753362278639974e-01 2.875647458177052820e-02 8.945737607645203315e-01 9.969285054712279104e-01 1.706457619160696090e-02 -7.643587005120748568e-02 1.699525669130499184e+00
-7.828442936902775540e-02 3.060833635798924576e-02 -9.964610349258146149e-01 -4.641405827732402400e+01 -1.317082619503359524e-02 9.994095767152083587e-01 3.173363788158128224e-02 9.048673797343312897e-01 9.968440977937005343e-01 1.560846445987273783e-02 -7.783507034618054876e-02 1.632287316499274610e+00
-8.015308146448296700e-02 3.668983045746604388e-02 -9.961070516972153621e-01 -4.723494301886831437e+01 -9.886036859748930858e-03 9.992439384369303790e-01 3.760086312971006040e-02 9.160243854337278835e-01 9.967335793794349641e-01 1.286137507990408289e-02 -7.972976197244739660e-02 1.565165959748061608e+00
-8.189892906382667537e-02 4.011048350666863299e-02 -9.958331338563491952e-01 -4.805336486276401331e+01 -7.499794521452376669e-03 9.991367230299682545e-01 4.086034011320684861e-02 9.314193489789479585e-01 9.966124671554690284e-01 1.081496181049742752e-02 -8.152740496614147014e-02 1.497540664668281174e+00
-8.341177835704191579e-02 3.984276806430007978e-02 -9.957183069664786723e-01 -4.886271901511742044e+01 -8.608211097740561465e-03 9.991343062615145598e-01 4.070056728686180514e-02 9.416417648601733692e-01 9.964780303371829628e-01 1.196625957897393469e-02 -8.299659190447246371e-02 1.426158325108680014e+00
-8.471169303346608170e-02 3.586428138109930969e-02 -9.957598111001831898e-01 -4.967687264852924045e+01 -1.188177714048684920e-02 9.992446066173841235e-01 3.700060236154502358e-02 9.531381319295183507e-01 9.963347037577480192e-01 1.496577985056144790e-02 -8.422156958391799342e-02 1.348154783551947178e+00
-8.613015764564689591e-02 3.247000705123414405e-02 -9.957545899067629103e-01 -5.047595278056656554e+01 -1.712439519408194555e-02 9.992728662978017651e-01 3.406594555562030696e-02 9.631916018666011325e-01 9.961367522759839721e-01 1.998580005525272055e-02 -8.551149865215482149e-02 1.266047829860992291e+00
-8.740441523687957071e-02 3.088274042290605967e-02 -9.956940539726560901e-01 -5.126468055872341267e+01 -2.072916955126494556e-02 9.992465365928694387e-01 3.281257986604856763e-02 9.804726877654834638e-01 9.959572536668861442e-01 2.350787537135978073e-02 -8.669838435598975490e-02 1.186296656444316477e+00
-8.825968812772060079e-02 3.173425073442831534e-02 -9.955918232314429073e-01 -5.206877466683765476e+01 -2.139888516580211453e-02 9.992013185731369873e-01 3.374632211177329422e-02 9.885827015411823293e-01 9.958676566486580617e-01 2.428299542109051135e-02 -8.751011744541620230e-02 1.109153750819130035e+00
-8.919701026605447725e-02 3.313738131775129103e-02 -9.954625709517849197e-01 -5.287100762186219782e+01 -2.127361394787871327e-02 9.991550167835372420e-01 3.516648827652327225e-02 1.001554572024604184e+00 9.957868262978003537e-01 2.431383206556327406e-02 -8.841668751748274491e-02 1.036258400423101245e+00
-9.027705177090747379e-02 3.296760850448645502e-02 -9.953708393646356622e-01 -5.366827275119481300e+01 -2.263514388620271184e-02 9.991258654005724660e-01 3.514491380627784989e-02 1.010411856071423031e+00 9.956594777530616280e-01 2.570314139999548692e-02 -8.945190962966488579e-02 9.620442621046805254e-01
-9.096843797074181948e-02 3.283916831133041475e-02 -9.953121313074364540e-01 -5.445042771242586355e+01 -2.471647883769846274e-02 9.990738149012146074e-01 3.522228757734295612e-02 1.020967480450917897e+00 9.955470448844999654e-01 2.780472812203287070e-02 -9.007251493047260804e-02 8.834011423748383551e-01
-9.093880717771818389e-02 3.444760704883566976e-02 -9.952604724001217207e-01 -5.522835321452492963e+01 -2.272019577521360717e-02 9.990696519377115781e-01 3.665543306637704390e-02 1.033844487807914270e+00 9.955973159601984035e-01 2.594591343554743940e-02 -9.007154475999341880e-02 8.130266839795725620e-01
-9.148704258568700343e-02 3.727355473596394991e-02 -9.951083974910769347e-01 -5.600971170106217301e+01 -2.296412510389179984e-02 9.989545134699112650e-01 3.952886271017632541e-02 1.042085390309752890e+00 9.955414838619089934e-01 2.646817185215370738e-02 -9.053543788422423189e-02 7.332117041451470252e-01
-9.112141634468157170e-02 4.141318232739528427e-02 -9.949782687418052829e-01 -5.676998946834294202e+01 -2.201694586299289547e-02 9.988069191360755550e-01 4.358887785444420099e-02 1.062373546864500584e+00 9.955964145361223538e-01 2.587826325628179644e-02 -9.010090779139390271e-02 6.648105576851035536e-01
-9.203293753580348013e-02 4.363421534742605717e-02 -9.947994331194203177e-01 -5.754289377050163523e+01 -2.135902786310515250e-02 9.987230745575469415e-01 4.578232349640885129e-02 1.075383492712369327e+00 9.955269060045884855e-01 2.546142992512210115e-02 -9.098343202174344335e-02 5.793006751614192540e-01
-9.276794461010762216e-02 4.375107029789349761e-02 -9.947260238346139483e-01 -5.830247182805413075e+01 -2.176114561360062080e-02 9.987064273508192702e-01 4.595557868462598478e-02 1.091175434806507916e+00 9.954499760695173505e-01 2.590958200958000737e-02 -9.169586774071161739e-02 5.106870488099711780e-01
-9.288733632592016676e-02 4.187270098625118370e-02 -9.947957292699138865e-01 -5.903568151186062352e+01 -2.135200862209899256e-02 9.988017816438818919e-01 4.403502877803521648e-02 1.104456399810177070e+00 9.954476951976266585e-01 2.533118272277617988e-02 -9.188196931796166478e-02 4.391795430879515405e-01
-9.305181578890639460e-02 3.817535765626780403e-02 -9.949291031140463648e-01 -5.978336696971351927e+01 -2.130313392114468324e-02 9.989596009468216797e-01 4.032240409565346351e-02 1.118723715205933056e+00 9.954333859388323491e-01 2.494717973361379112e-02 -9.214174815791520423e-02 3.610586747564220600e-01
-9.276364968085465401e-02 3.534341250590662675e-02 -9.950606363444811642e-01 -6.049348447553334296e+01 -2.229373745308630209e-02 9.990455387303245338e-01 3.756326370427274380e-02 1.131049660423803838e+00 9.954385815418524963e-01 2.566812529204517968e-02 -9.188717204946980632e-02 2.890004674679451657e-01
-9.143190445480908757e-02 3.300516474570117098e-02 -9.952641771046800701e-01 -6.121634925354662471e+01 -2.316872436959682702e-02 9.991095330244886830e-01 3.526112456796637318e-02 1.139801357351878375e+00 9.955418154638753236e-01 2.628299238804905624e-02 -9.058579856967954869e-02 2.178410335965632050e-01
-8.932402721276994084e-02 3.231001829739677672e-02 -9.954783805733699031e-01 -6.190849919902495913e+01 -2.529386216414038907e-02 9.990777639268541011e-01 3.469645351008444900e-02 1.148404712366092983e+00 9.956814369160770228e-01 2.827871946025534503e-02 -8.842440271408413821e-02 1.488204654693669471e-01
-8.529318662732358891e-02 3.315168107970922068e-02 -9.958041715375594016e-01 -6.258031577918275445e+01 -2.538622760549825996e-02 9.990495309627491771e-01 3.543411744246513506e-02 1.157318348129772190e+00 9.960324808465881308e-01 2.830199971211881660e-02 -8.437052033542548346e-02 8.578890543252545853e-02
-7.951539862242482104e-02 3.463495973144085915e-02 -9.962317193481707855e-01 -6.324937154994993449e+01 -2.521502244252541228e-02 9.990065456355776696e-01 3.674399402407951820e-02 1.165793232033052407e+00 9.965147241140475121e-01 2.804171832031209649e-02 -7.856308101315284675e-02 3.310386744765206335e-02
-7.218557738624514775e-02 3.611574818834523831e-02 -9.967370787128365661e-01 -6.389692661658815354e+01 -2.387611374834871028e-02 9.989952467894120947e-01 3.792672106733089438e-02 1.173881323665078025e+00 9.971054363579874291e-01 2.653597057761639469e-02 -7.125074340316692179e-02 -1.283010675056820565e-02
-6.347419241759011399e-02 3.762041309883212142e-02 -9.972741063774955839e-01 -6.453369085675085159e+01 -2.539752350300921238e-02 9.989046973369046789e-01 3.929841610469433227e-02 1.179675331098889224e+00 9.976603061290570951e-01 2.782272760847074450e-02 -6.244920191931453701e-02 -5.556829930222782765e-02
-5.170504857881402100e-02 3.912975610521923081e-02 -9.978954720525061717e-01 -6.516186419984941836e+01 -2.730339582128517989e-02 9.988031740423221061e-01 4.058004818191436602e-02 1.188096138271861113e+00 9.982891390377384155e-01 2.934412772171043210e-02 -5.057479046350803198e-02 -8.473827551666221480e-02
-3.687964908426723948e-02 4.081448049723720994e-02 -9.984858505443642285e-01 -6.576693626590719077e+01 -3.044422965338870052e-02 9.986559373528878236e-01 4.194590629857127689e-02 1.198675577480833754e+00 9.988559046992794288e-01 3.194508244990804796e-02 -3.558751326862043957e-02 -1.063779292480128008e-01
-1.878439011930266647e-02 4.194367918152628466e-02 -9.989433318509054471e-01 -6.635141216097061090e+01 -3.185660951457343348e-02 9.985872746388766430e-01 4.252776677223130825e-02 1.209850345409911210e+00 9.993159644965788901e-01 3.262180614545406171e-02 -1.742166751957382326e-02 -1.096027911030489493e-01
3.263169267800897569e-03 4.287608175772215924e-02 -9.990750303121225251e-01 -6.691498668842629627e+01 -3.292605339050173191e-02 9.985432757677107363e-01 4.274571686738488224e-02 1.217597914417095417e+00 9.994525034579883060e-01 3.275611097624919754e-02 4.670157364488452742e-03 -9.384866155718193936e-02
2.871882351910045802e-02 4.326087204416279031e-02 -9.986509116460406954e-01 -6.746221734897628153e+01 -3.226806431024036026e-02 9.985824675437828812e-01 4.232995257281689516e-02 1.225931840249301352e+00 9.990666085306678657e-01 3.100886517368176346e-02 3.007405993711673164e-02 -6.618540493907963673e-02
5.825830495175352008e-02 4.320734282686055500e-02 -9.973660318778968525e-01 -6.797791429716633615e+01 -3.161950887845165620e-02 9.986415528151417753e-01 4.141563405356997463e-02 1.227897179526168170e+00 9.978007150782575163e-01 2.912341939647311584e-02 5.954536123310479045e-02 -1.653614728116355875e-02
9.241250857679446373e-02 4.306300234104679103e-02 -9.947891314584476063e-01 -6.847710461902255474e+01 -3.022656529691139515e-02 9.987252535341537563e-01 4.042544532424755671e-02 1.234789037122997701e+00 9.952619568588029209e-01 2.633324230135399013e-02 9.359635488905185263e-02 4.880063879832404611e-02
1.296989852147550359e-01 4.329355579716338137e-02 -9.906077736263287914e-01 -6.894618336184467466e+01 -2.990831248861965455e-02 9.987625812700005046e-01 3.973409652525698027e-02 1.244061481841772565e+00 9.911022884445161996e-01 2.447393414382742147e-02 1.308333335152445376e-01 1.347775885555953235e-01
1.699670049368722513e-01 4.316874292478123376e-02 -9.845037271642176346e-01 -6.940083947622225935e+01 -2.905767306930838109e-02 9.988251854283005660e-01 3.878012769750906891e-02 1.243841107898153275e+00 9.850212892111979146e-01 2.201604515444570767e-02 1.710217096348273236e-01 2.468532015934556678e-01
2.148785201872794037e-01 4.383200737391733381e-02 -9.756566437038901585e-01 -6.984611318324803619e+01 -2.820637950654301604e-02 9.988541646881703429e-01 3.866199921404645662e-02 1.255066037618869368e+00 9.762334282144671249e-01 1.921210781298797812e-02 2.158686551245504182e-01 3.731911596382990748e-01
2.618732263948905237e-01 4.228455136245683893e-02 -9.641754738862599039e-01 -7.027131302125415857e+01 -2.506225852373291860e-02 9.990007634739619391e-01 3.700484452232732230e-02 1.263503563777212291e+00 9.647768579880624529e-01 1.447383685327551135e-02 2.626713001311475892e-01 5.398272224129616603e-01
