1.000000000000000000e+00 -3.306050084167601550e-19 -2.270457535318767223e-19 -8.673617379884035472e-19 7.546676715296109287e-19 1.000000000000000000e+00 6.237773588823049983e-19 1.387778780781445676e-17 -3.447385680526250622e-20 4.770700176052009879e-20 1.000000000000000222e+00 5.551115123125782702e-17
9.999789094064381878e-01 4.270731341940028425e-04 -6.480858548575369089e-03 -9.333913446905775513e-03 -4.257203496620160670e-04 9.999998834069867559e-01 2.101313516314630534e-04 8.528927650700013352e-05 6.480948098000058853e-03 -2.073679460441958851e-04 9.999789771865752463e-01 9.733094553850835107e-02
9.999097909872182166e-01 9.518298842718243401e-04 -1.339775405730211227e-02 -1.471557235197721962e-02 -9.472070508502258715e-04 9.999994897436755847e-01 3.513885150778052273e-04 -2.491581214042845605e-03 1.339808288485168017e-02 -3.386664588059975882e-04 9.999101892691064641e-01 1.883631061371291437e-01
9.997733309895684428e-01 1.395624186877509167e-03 -2.124481620910395260e-02 -2.984856434075107770e-02 -1.394967315263037242e-03 9.999990262124874851e-01 4.574373159220283970e-05 -5.380083009457969911e-03 2.124486123745060462e-02 -1.609755739885290255e-05 9.997743027979442143e-01 2.914751661213062506e-01
9.995429005403536626e-01 1.830713873010311483e-03 -3.017676861718921952e-02 -4.378745246335254138e-02 -1.874890318249134661e-03 9.999972105523617927e-01 -1.435687766642224474e-03 -6.314456435764864706e-03 3.017405850535625350e-02 1.491609644867284215e-03 9.995435489072848068e-01 3.941433223086080462e-01
9.991326839118366276e-01 2.057370229495879971e-03 -4.158899798915929175e-02 -5.866809622138255409e-02 -2.194520794599626699e-03 9.999923004329306364e-01 -3.252373156689405617e-03 -6.258375152601816649e-03 4.158199016111741725e-02 3.340820254918107010e-03 9.991295056552330633e-01 5.119839636764531576e-01
9.984716156076873794e-01 1.966934486050254342e-03 -5.523195372616188092e-02 -8.390776542746650191e-02 -2.199623883890128567e-03 9.999889556230465715e-01 -4.152469068471217190e-03 -8.119259162028588661e-03 5.522318147584033554e-02 4.267611931727559836e-03 9.984649187692664629e-01 6.369980387068477912e-01
9.974703862501740348e-01 1.926856497506406526e-03 -7.105713318858770944e-02 -1.058367669854506365e-01 -2.220966631418093591e-03 9.999892859271110046e-01 -4.060285777180456558e-03 -8.964673824310695482e-03 7.104855477413975218e-02 4.207830292853343215e-03 9.974639878227153922e-01 7.723544283862153748e-01
9.959614126068734308e-01 8.224886925320865983e-04 -8.977855986606701755e-02 -1.401868502272618222e-01 -1.204432002085495477e-03 9.999904494831468593e-01 -4.200187516993507224e-03 -8.392151615668419495e-03 8.977425578104585024e-02 4.291356767693976608e-03 9.959528979099800949e-01 9.200693433943333277e-01
9.939522587755084126e-01 -9.361773835769930359e-05 -1.098130018280944337e-01 -1.727061774276552331e-01 -3.610555977375174059e-04 9.999914453191630637e-01 -4.120540663560823269e-03 -1.432079550247833399e-02 1.098124602539521794e-01 4.135269245923901479e-03 9.939437259053288676e-01 1.084224684168042963e+00
9.912733762525358649e-01 -7.729868111334901092e-06 -1.318222219635064585e-01 -2.158722442438323896e-01 -5.836376845014227968e-04 9.999899384541310887e-01 -4.447460853590743529e-03 -2.028417316481674615e-02 1.318209427311869686e-01 4.485585872805559864e-03 9.912633952933334047e-01 1.246939919344855596e+00
9.877664390128063632e-01 3.312774832263024223e-03 -1.559053614657603948e-01 -2.758646791325016778e-01 -4.277870251165480364e-03 9.999737078297907811e-01 -5.855146345112096327e-03 -2.807434004881562140e-02 1.558818813333922582e-01 6.450460031271569410e-03 9.877546431574031338e-01 1.426734150977307714e+00
9.833580922997886553e-01 7.121727425673493421e-03 -1.815382851950942400e-01 -3.401318147086205834e-01 -8.643569021805325159e-03 9.999338174584793126e-01 -7.593257921844234586e-03 -3.207139827048235969e-02 1.814722021640937377e-01 9.036030230433877292e-03 9.833545602417324005e-01 1.600969813762050720e+00
9.779800866716964469e-01 1.081384848908442317e-02 -2.084178916076942500e-01 -4.153130233928953308e-01 -1.279126185558802052e-02 9.998850398047622878e-01 -8.142262841396090758e-03 -3.869351185397458537e-02 2.083058968217952334e-01 1.062889845926919853e-02 9.780059735235413498e-01 1.783162410444538715e+00
9.712838226282007881e-01 1.163424794319011489e-02 -2.376391725177280367e-01 -4.943191211101819471e-01 -1.400770661272390458e-02 9.998674259551011412e-01 -8.301459993030396375e-03 -4.524907947147975562e-02 2.375111095150762852e-01 1.139185312658488533e-02 9.713180214166984294e-01 1.974617068904592321e+00
9.632409899428190370e-01 1.352554508255440942e-02 -2.682980657358944865e-01 -5.790592059142556369e-01 -1.620125013577312229e-02 9.998386239766825501e-01 -7.761313760320970832e-03 -5.011940973743267413e-02 2.681498168755029887e-01 1.182277923158273590e-02 9.633046760804986341e-01 2.160408077537624649e+00
9.538199232640779401e-01 1.557874636789501228e-02 -2.999747541334566447e-01 -6.794067325530473989e-01 -1.846217498710168992e-02 9.998065675806493413e-01 -6.780091418140350712e-03 -5.411459702646594094e-02 2.998111241339331268e-01 1.200517227445400438e-02 9.539230391552731003e-01 2.354996096548391371e+00
9.426006369021359133e-01 1.810604816667185993e-02 -3.334309359377684023e-01 -7.894242382857584728e-01 -2.110831667303482775e-02 9.997627050095534429e-01 -5.383305476501275624e-03 -6.031759753227143583e-02 3.332543710849409924e-01 1.211247307548891060e-02 9.427591480883110719e-01 2.550711801832229675e+00
9.301268708701830867e-01 2.031654773066508823e-02 -3.666759163428325863e-01 -8.928009302038268924e-01 -2.383912695627404474e-02 9.997029000484414230e-01 -5.080506905761491242e-03 -6.003716348237581046e-02 3.664637849338004405e-01 1.346674994123852991e-02 9.303348590813759200e-01 2.730518821625101289e+00
9.162708405379689225e-01 2.341033954260485911e-02 -3.998745820787191207e-01 -1.034217554036509723e+00 -2.739161263379928657e-02 9.996157707955064531e-01 -4.243303135321535580e-03 -6.061642894152845240e-02 3.996216381897137460e-01 1.484122435146295084e-02 9.165600386665250232e-01 2.925023852865449303e+00
9.004342852234241690e-01 2.398728178627183502e-02 -4.343301747647590472e-01 -1.159307418698214853e+00 -2.841263504029697268e-02 9.995894425725672106e-01 -3.698282022486279116e-03 -5.835435421505073827e-02 4.340631810477712516e-01 1.567052511793353559e-02 9.007461422040088372e-01 3.118903393305758165e+00
8.821938102972363138e-01 1.978079349633268466e-02 -4.704708164894585987e-01 -1.295250383394245697e+00 -2.477489719235202378e-02 9.996832578320039575e-01 -4.424783426484947026e-03 -5.746221990331674967e-02 4.702343175437571077e-01 1.555938214360199148e-02 8.824044518707599982e-01 3.296895215998829176e+00
8.610746834175331266e-01 1.581838211617023898e-02 -5.082323650292701611e-01 -1.450361735806366514e+00 -2.105252066159154015e-02 9.997680169653822002e-01 -4.551222391773153582e-03 -6.630859738036612439e-02 5.080425200757292536e-01 1.461851415418266575e-02 8.612079496170849113e-01 3.495806662235518392e+00
8.363796974601894751e-01 1.756448666996246119e-02 -5.478690225038831407e-01 -1.613291438519653287e+00 -2.180400370345839459e-02 9.997615038965925738e-01 -1.234103600843077615e-03 -7.423464461402272396e-02 5.477167348286579029e-01 1.297791717096346241e-02 8.365631986432182643e-01 3.668289600046269250e+00
8.076595118560774278e-01 2.247407847867977787e-02 -5.892206641337509598e-01 -1.822803060531517083e+00 -2.602525849154282978e-02 9.996582685099891785e-01 2.455535131687523742e-03 -7.556245955590827623e-02 5.890745439511766435e-01 1.335138330399955088e-02 8.079684096339336818e-01 3.852029500433034492e+00
7.755576564256851935e-01 2.593287860621883850e-02 -6.307438306112368442e-01 -2.028433538524122781e+00 -2.965927229602854584e-02 9.995493539461818289e-01 4.627422072631863156e-03 -7.959137599503736393e-02 6.305796428982649582e-01 1.511857029282624200e-02 7.759773096281333826e-01 4.017452325504468291e+00
7.400181901802528328e-01 2.553665684730765939e-02 -6.721018706989461133e-01 -2.225399171164261336e+00 -2.984184578465858342e-02 9.995415179340285672e-01 5.120416964308179344e-03 -7.391021954210656719e-02 6.719245330632702684e-01 1.626755804771303979e-02 7.404409618857189512e-01 4.163595377221846583e+00
7.008463056521638812e-01 2.198751730054513548e-02 -7.129733240748430401e-01 -2.472690053954051059e+00 -2.445371647937768025e-02 9.996778940247429412e-01 6.791472551731459785e-03 -8.426129380629406029e-02 7.128930613202889566e-01 1.267506839386931851e-02 7.011582403230933735e-01 4.335708441838526106e+00
6.586132210592132719e-01 1.867973792581808373e-02 -7.522497260479925618e-01 -2.707923541466883854e+00 -1.957551105561073507e-02 9.997788306457067176e-01 7.687496225140205350e-03 -8.407326216950258835e-02 7.522270124272848468e-01 9.662585522141180563e-03 6.588332182950803473e-01 4.490328672954083444e+00
6.144938102381942713e-01 1.841544504794162887e-02 -7.887066455652275154e-01 -2.951810082207022123e+00 -1.716722571376532933e-02 9.998029346092522918e-01 9.969057116317311604e-03 -8.335919635837937824e-02 7.887348700553469261e-01 7.413980727732329828e-03 6.146888651525534986e-01 4.626470374850916834e+00
5.666330499343051885e-01 1.900825813860727853e-02 -8.237509446080585329e-01 -3.257158066097549209e+00 -1.503478034519199584e-02 9.998059509843090220e-01 1.272880536449780796e-02 -7.816193074959770781e-02 8.238331190179444263e-01 5.172352553444294586e-03 5.668088790813858857e-01 4.772529311685127951e+00
5.159026297086898305e-01 2.018885245522371655e-02 -8.564092667107926493e-01 -3.556292299161996073e+00 -1.383472564515790537e-02 9.997882293616412452e-01 1.523477898524433494e-02 -8.225130645385722583e-02 8.565355391450332201e-01 3.988524261315788688e-03 5.160726809296691808e-01 4.887790460888589372e+00
4.639518459192504829e-01 2.163825913843174173e-02 -8.855960712449667538e-01 -3.849649891502611165e+00 -1.309062261974684380e-02 9.997599458685564322e-01 1.756968654155071155e-02 -7.151734455409754221e-02 8.857637329425609440e-01 3.441514857434337625e-03 4.641237282121933871e-01 4.988174947180798569e+00
4.097722998724337429e-01 2.368442422323036728e-02 -9.118802783247264010e-01 -4.206068155934189257e+00 -1.183069304839432304e-02 9.997167740402712610e-01 2.064944860284781067e-02 -6.549276561466815805e-02 9.121111549526635942e-01 2.326603171014700669e-03 4.099364460872950700e-01 5.076479972845073796e+00
3.547857394169519063e-01 2.593810803008522042e-02 -9.345877249143386134e-01 -4.529746561479787381e+00 -1.157153381083732800e-02 9.996603454540702316e-01 2.335134705675555658e-02 -5.436166608808445933e-02 9.348760619765730251e-01 2.529888019082860828e-03 3.549653751289781889e-01 5.125548643874600963e+00
2.997145431928445736e-01 2.891967490836532678e-02 -9.535904595695460229e-01 -4.919521832644776715e+00 -9.516757197617558423e-03 9.995813447072555702e-01 2.732331941009553261e-02 -4.941488302805779886e-02 9.539815002904139529e-01 8.858920528900708982e-04 2.998642920998999539e-01 5.192182780130416120e+00
2.459370258764288220e-01 3.084294001218494674e-02 -9.687949282679562124e-01 -5.299823841979199202e+00 -5.318227180659034631e-03 9.995214959938099053e-01 3.047108334938191526e-02 -4.366837423559691289e-02 9.692712635735464266e-01 -2.341697080136794992e-03 2.459833781297613708e-01 5.243763417532124826e+00
1.948796170309052833e-01 3.205839604584536512e-02 -9.803030737468136913e-01 -5.678599177959084088e+00 -2.945811703030657997e-03 9.994803266951686194e-01 3.209992592046162496e-02 -4.617575998271690463e-02 9.808227898750725426e-01 -3.367833764167897127e-03 1.948727862739261796e-01 5.282378913815509058e+00
1.476051498283498520e-01 3.277380117938009929e-02 -9.885031694455217455e-01 -6.107118773398928724e+00 -4.704826277921204773e-03 9.994627891265691622e-01 3.243463215327310051e-02 -3.449321460746705703e-02 9.890352231681550643e-01 -1.367838860390002209e-04 1.476800510450811399e-01 5.290029773883579978e+00
1.046910434259725742e-01 3.284152322749182840e-02 -9.939623444202330127e-01 -6.527167219483809291e+00 -7.005901648735142137e-03 9.994541491691448787e-01 3.228506633821691396e-02 -1.619650820985038542e-02 9.944801571811032748e-01 3.583644468345153003e-03 1.048639774048826939e-01 5.297934781342491739e+00
6.642472824740613957e-02 3.130922950421721057e-02 -9.973000589284353179e-01 -6.990851851328466537e+00 -8.310476297239631147e-03 9.994902685927642416e-01 3.082447253174850840e-02 -4.929421566480185479e-03 9.977568697744561010e-01 6.240530767582162103e-03 6.665106515982975599e-02 5.278563085929226517e+00
3.174445072099788684e-02 2.896824405889004972e-02 -9.990761012987040557e-01 -7.449532951342885845e+00 -7.440023618802050868e-03 9.995590610570848078e-01 2.874584774559393180e-02 3.503363176816542968e-03 9.994683699352330253e-01 6.520627923602826358e-03 3.194597922191751843e-02 5.260497806389826003e+00
7.207156885934732846e-04 2.640402592968382062e-02 -9.996510488836730657e-01 -7.915124253641423024e+00 -7.099673196968498724e-03 9.996262938876609994e-01 2.639825206757865847e-02 6.045972514855446622e-03 9.999745760050162691e-01 7.078169560511687018e-03 9.079078337457563604e-04 5.238380606445426579e+00
-2.646407065927235819e-02 2.438870719416036739e-02 -9.993521669373293115e-01 -8.405075518467171491e+00 -7.331474663577472635e-03 9.996707218785836346e-01 2.459062623735978545e-02 1.727812908608367115e-02 9.996229230884804418e-01 7.977492610556340819e-03 -2.627655021931120383e-02 5.194403022519272106e+00
-4.724355454743672800e-02 2.210739780941781488e-02 -9.986386828974395113e-01 -8.903430752083769661e+00 -8.126432846656664322e-03 9.997134646575304151e-01 2.251563421424799052e-02 2.580860509749599574e-02 9.988503870633553827e-01 9.179088414340307034e-03 -4.705036211009352293e-02 5.144427249578732209e+00
-6.382993932619124289e-02 2.110484741007612186e-02 -9.977375600773494835e-01 -9.437480265380191469e+00 -7.669295752709520166e-03 9.997364565863823271e-01 2.163776885253879817e-02 4.210155689727166500e-02 9.979313591931326943e-01 9.033081052320646176e-03 -6.365125626019102478e-02 5.095226978393061046e+00
-7.696383343635539165e-02 2.181563262518900620e-02 -9.967951472653626688e-01 -9.977085865034371892e+00 -6.778759284048165717e-03 9.997260366341530480e-01 2.240317272619835737e-02 4.775007711094864105e-02 9.970108797944602363e-01 8.481267883207695146e-03 -7.679486419779754658e-02 5.036401644314041803e+00
-8.619480724037119346e-02 2.313711857771567904e-02 -9.960095567961912977e-01 -1.053441280685497539e+01 -7.167092475355477110e-03 9.996900251800228121e-01 2.384285487545671420e-02 5.441992320004816752e-02 9.962525627522983429e-01 9.193621946353348895e-03 -8.600226093965142316e-02 4.968802663116733243e+00
-9.379963001811270074e-02 2.425430696378969367e-02 -9.952955682854782715e-01 -1.110905472470748556e+01 -8.937438736348059590e-03 9.996424095284354161e-01 2.520252464376111778e-02 6.304329484777802806e-02 9.955510245560749150e-01 1.125937933979391514e-02 -9.354931551032261150e-02 4.900122542448126062e+00
-9.778904774033932157e-02 2.519856712966365986e-02 -9.948880634193676409e-01 -1.169094666481148970e+01 -8.695913318546659096e-03 9.996195984449414151e-01 2.617314052509314357e-02 7.632551682474943144e-02 9.951692187024994141e-01 1.121090676099299223e-02 -9.753272270460199012e-02 4.829426475766180893e+00
-9.957570004746667258e-02 2.596603819644158553e-02 -9.946910908336639157e-01 -1.229313841580514755e+01 -7.829664086360854300e-03 9.996080514480009116e-01 2.687819683039339644e-02 8.599397207087049189e-02 9.949992237303730835e-01 1.046451107289337115e-02 -9.933336440053415484e-02 4.758831787391478052e+00
-9.841596566878758889e-02 2.811741644903226200e-02 -9.947480237118951907e-01 -1.290933567421841488e+01 -5.637038399292028726e-03 9.995689716260003355e-01 2.881138680388871040e-02 1.029399430374593194e-01 9.951294425664198862e-01 8.442932704026866533e-03 -9.821504495721258832e-02 4.684758100422850902e+00
-9.694277344614066205e-02 3.061944190475525407e-02 -9.948188077316375555e-01 -1.354262178065209277e+01 -5.249558899076070193e-03 9.994970344098497161e-01 3.127498758518732630e-02 1.200941989445417080e-01 9.952761593018354391e-01 8.254243392986471139e-03 -9.673327396370896836e-02 4.608285695292253514e+00
-9.493429146964542376e-02 3.067023776884080302e-02 -9.950109193980826161e-01 -1.418725270924156590e+01 -6.264585539819842071e-03 9.994870793287478072e-01 3.140591562895617139e-02 1.374498455452143053e-01 9.954638745480196560e-01 9.214828454963113619e-03 -9.469345985910236629e-02 4.524073313696984400e+00
-9.303814910441475516e-02 2.827218934444500689e-02 -9.952610258733348703e-01 -1.484469789537882001e+01 -1.028050895990623680e-02 9.995162084972030181e-01 2.935409728348124803e-02 1.595469423521235774e-01 9.956095096536793365e-01 1.296284025785569317e-02 -9.270248339278823468e-02 4.428627581007863689e+00
-9.147791805191425596e-02 2.813911970197836496e-02 -9.954094146960572598e-01 -1.551826667865016596e+01 -8.856046048618074207e-03 9.995381578913219434e-01 2.906970153095268794e-02 1.886286616581560605e-01 9.957677666014236317e-01 1.147462726224517809e-02 -9.118646683940757891e-02 4.323710822919729857e+00
-8.912885639898768253e-02 3.079400656989296839e-02 -9.955439135600331335e-01 -1.619466828570693195e+01 -9.937471336513188647e-03 9.994447159926977964e-01 3.180434348698490954e-02 2.304023551925508118e-01 9.959705735336309429e-01 1.272787390071868779e-02 -8.877334859370988873e-02 4.208183107987816030e+00
-8.764426118596062298e-02 3.431589310978228752e-02 -9.955605563783185286e-01 -1.691733348576994445e+01 -9.479523026777120567e-03 9.993324898558750835e-01 3.528043649963718414e-02 2.487230439078755850e-01 9.961067728367494212e-01 1.252956720852832842e-02 -8.726045866991441469e-02 4.135988807324202376e+00
-8.563785671594655036e-02 3.623138802678445292e-02 -9.956672977645504297e-01 -1.763609278566219984e+01 -8.394131952225910090e-03 9.992768696697074127e-01 3.708471945611131054e-02 2.689260588222946446e-01 9.962910106757614237e-01 1.153361768540393968e-02 -8.527179595376084553e-02 4.063545207971963613e+00
-8.423399084950176918e-02 3.578629786889292452e-02 -9.958031429282639957e-01 -1.838353271481469164e+01 -1.167253418581462761e-02 9.992508820646903711e-01 3.689756625196596168e-02 2.858664687460608089e-01 9.963776778265944767e-01 1.473157475298208022e-02 -8.375317121518853491e-02 3.988530163484761193e+00
-8.228519026028373318e-02 3.317564265227294917e-02 -9.960564466901460356e-01 -1.912933165710798988e+01 -1.347199266397195241e-02 9.993174347685036540e-01 3.439718931654636019e-02 2.979849847255240380e-01 9.965178097691020920e-01 1.624924408218651750e-02 -8.178208150821986155e-02 3.911792543421711787e+00
-8.053669691871516434e-02 3.232740449724987031e-02 -9.962272277059047720e-01 -1.988827062905825827e+01 -1.564385461974684630e-02 9.993098178702359835e-01 3.369210789813291418e-02 3.171238451147690984e-01 9.966289183513259431e-01 1.829828455225124273e-02 -7.997538495152074767e-02 3.842379695968413778e+00
-7.951095695499843519e-02 3.438706092922910046e-02 -9.962406631383052824e-01 -2.067983462871162814e+01 -1.222045126028427353e-02 9.992960983456062873e-01 3.546784944211517354e-02 3.392021778288604739e-01 9.967591212545027224e-01 1.499459230064191517e-02 -7.903476239060776287e-02 3.777354151039105989e+00
-7.778330876254573034e-02 3.645534041577188494e-02 -9.963035114226227451e-01 -2.146043320820155031e+01 -1.211088865722548778e-02 9.992229530802954063e-01 3.750768308259876116e-02 3.526384682892772515e-01 9.968967708090610280e-01 1.498359227543396427e-02 -7.728135831774954334e-02 3.708581750474048810e+00
-7.696666435427308717e-02 3.824338657912772915e-02 -9.962998996435544763e-01 -2.226867115526787089e+01 -7.974049425341449976e-03 9.992085256623820522e-01 3.897104926884747966e-02 3.735487525676566278e-01 9.970018227261900901e-01 1.094401548119552925e-02 -7.660079030810885981e-02 3.644275088646415472e+00
-7.624139717540009964e-02 3.402323708069634328e-02 -9.965086998680791064e-01 -2.306387763758867138e+01 -8.260138547537602266e-03 9.993618046927407184e-01 3.475261830021712794e-02 3.861030869772397178e-01 9.970552114940693933e-01 1.088088777749602123e-02 -7.591170251734058461e-02 3.574080412729677914e+00
-7.614008178901135460e-02 2.718992270118579524e-02 -9.967263005880899751e-01 -2.386429038715911588e+01 -1.083412599095703692e-02 9.995465554062969993e-01 2.809447615437696971e-02 3.969703522700754883e-01 9.970383095516530680e-01 1.293777397143550979e-02 -7.581097661728555814e-02 3.508541049095434072e+00
-7.609056786736367872e-02 2.244833053296646161e-02 -9.968481416655754490e-01 -2.468154837898327258e+01 -7.566474098613880199e-03 9.997047473774332005e-01 2.309021566456013683e-02 4.088884917187557977e-01 9.970722395573511365e-01 9.299572937967163014e-03 -7.589824651006947531e-02 3.441790773265298586e+00
-7.670176228836848853e-02 2.345444122608626378e-02 -9.967781328734890423e-01 -2.551136144403226780e+01 -8.166183899112137642e-03 9.996749697813828162e-01 2.415098830145737813e-02 4.227595858837027709e-01 9.970206810081591042e-01 9.992295859758788465e-03 -7.648529749301428982e-02 3.366857469018204707e+00
-7.666185860460353330e-02 3.034572224056167680e-02 -9.965952118621124178e-01 -2.634433687135729940e+01 -6.741343728394198591e-03 9.994981174376424971e-01 3.095268202082009784e-02 4.353127626066665146e-01 9.970344022889326974e-01 9.091280771869049773e-03 -7.641881083303879441e-02 3.290831774318252911e+00
-7.667878537393403582e-02 3.737736416584448024e-02 -9.963549648351958110e-01 -2.718028734367950250e+01 -7.207650547997526171e-03 9.992502006597852038e-01 3.804066993987788997e-02 4.533474428565201775e-01 9.970298371333831122e-01 1.009829068775847452e-02 -7.635188628585108661e-02 3.210292452200889546e+00
-7.658517095494879467e-02 4.261576531522603961e-02 -9.961518604250443332e-01 -2.801938947798544888e+01 -7.998296336706152768e-03 9.990277651221239896e-01 4.335371320223933150e-02 4.820560427604146936e-01 9.970310014813630328e-01 1.128776823047616257e-02 -7.616985716717521171e-02 3.114751682206092109e+00
-7.689972183035101438e-02 4.341807677580297731e-02 -9.960929771428997936e-01 -2.884069998714771188e+01 -8.960383144133750657e-03 9.989809340673299065e-01 4.423570961781746191e-02 5.051853302011910518e-01 9.969986128786915147e-01 1.232708860201828065e-02 -7.643231123697877272e-02 3.019201783428033359e+00
-7.689364470975604271e-02 3.987821640316559918e-02 -9.962414458000675710e-01 -2.967214004126834936e+01 -1.092276721286859591e-02 9.991061557195790588e-01 4.083594513657543695e-02 5.252408571646326463e-01 9.969795076911874832e-01 1.402173775842546072e-02 -7.638933200982299387e-02 2.944068003178339055e+00
-7.749596826700558272e-02 3.747131498496832080e-02 -9.962882104941981343e-01 -3.049716373591633811e+01 -1.199938597371677518e-02 9.991860231961166017e-01 3.851367161117751764e-02 5.401404880025555411e-01 9.969204939343819794e-01 1.493950029705539903e-02 -7.698325392911102572e-02 2.870117490226238743e+00
-7.759529224327883778e-02 3.821856121575142873e-02 -9.962520946801162181e-01 -3.133204672382453992e+01 -1.384564638178985979e-02 9.991273041734793914e-01 3.940725808990373086e-02 5.616332368562617638e-01 9.968888367748902635e-01 1.685157182970965090e-02 -7.699841293020047439e-02 2.793121453774352503e+00
-7.753089067372916088e-02 4.053405176880633259e-02 -9.961655814387537777e-01 -3.217939227130742808e+01 -1.245583612514617085e-02 9.990558277975377655e-01 4.162108300503605807e-02 5.827615332888429478e-01 9.969121828935494367e-01 1.563499491474512615e-02 -7.695280012380853463e-02 2.722126943925620601e+00
-7.760001501572262594e-02 3.907701710105774412e-02 -9.962184238842454187e-01 -3.300636465390253704e+01 -1.321496115893130985e-02 9.991034755227647945e-01 4.021955585838557501e-02 5.956967801558448183e-01 9.968970287393621454e-01 1.628602608752324071e-02 -7.701404150704214968e-02 2.646423969228322459e+00
-7.708969512912046407e-02 3.445123510755201957e-02 -9.964287228205941371e-01 -3.384111740556132020e+01 -1.471856408078938902e-02 9.992545965034000943e-01 3.568765343715188387e-02 6.050369378580188195e-01 9.969155549192171284e-01 1.741714978999915273e-02 -7.652515837427958934e-02 2.572729182299049899e+00
-7.700181989528655235e-02 3.029779575159084748e-02 -9.965704566141962983e-01 -3.466228209139512728e+01 -1.762634061415450926e-02 9.993405974073235054e-01 3.174394343350540881e-02 6.156333693973081722e-01 9.968751742593524590e-01 2.001023217049152647e-02 -7.641700351203679908e-02 2.498769599741005987e+00
-7.674236917381230261e-02 3.075879928554449763e-02 -9.965763456742378068e-01 -3.548971624974647909e+01 -1.707036694670733407e-02 9.993369946524141012e-01 3.215852493939586748e-02 6.317716972843863132e-01 9.969048565263675110e-01 1.947984561509809309e-02 -7.616642347860178019e-02 2.426202433612289155e+00
-7.562381824533988273e-02 3.319123336806894392e-02 -9.965838117937412255e-01 -3.633872133024134854e+01 -1.424803826536069455e-02 9.993078416623367710e-01 3.436313998967648747e-02 6.399755063326840743e-01 9.970346638482474599e-01 1.679803601934183946e-02 -7.509856341699681914e-02 2.354661668000421315e+00
-7.565657706117426273e-02 3.800731543854179995e-02 -9.964092767382372040e-01 -3.716048313478444953e+01 -1.534928928289913848e-02 9.991105097194028506e-01 3.927580922953916726e-02 6.591472948313356062e-01 9.970158301957846581e-01 1.826564692165673701e-02 -7.500589465822854462e-02 2.286478829401838997e+00
-7.448834832850320664e-02 4.334409798840237193e-02 -9.962794204123972541e-01 -3.800940873692636757e+01 -1.295246734396434188e-02 9.989286313240731685e-01 4.442776336669468362e-02 6.804723075068326299e-01 9.971378077603515466e-01 1.621362743732217282e-02 -7.384712899556986065e-02 2.218090385154673605e+00
-7.500341522925382809e-02 4.667356538844342345e-02 -9.960903498991149352e-01 -3.882736012602501319e+01 -1.415174902207525648e-02 9.987536123954394718e-01 4.786395020636118047e-02 7.012981177522354947e-01 9.970828996121168242e-01 1.768638074570367744e-02 -7.424941716618556342e-02 2.143353877637779181e+00
-7.459631706205963053e-02 4.655993817384732059e-02 -9.961262313636571886e-01 -3.966297974858133557e+01 -1.293777122016223809e-02 9.987801695365905452e-01 4.765284746935074395e-02 7.259084725641266056e-01 9.971299224976192255e-01 1.644238026362157892e-02 -7.390293847453088816e-02 2.072742728446204108e+00
-7.398143578908569773e-02 4.255271046385609296e-02 -9.963513059585025200e-01 -4.048174899736797272e+01 -1.310948885185419382e-02 9.989614141575343664e-01 4.363759244413917965e-02 7.430157699739088351e-01 9.971734961473901482e-01 1.629002847551020566e-02 -7.334675436844849405e-02 1.999570364557105018e+00
-7.389068163255758936e-02 3.841985275413756923e-02 -9.965259633667811201e-01 -4.129501047217864595e+01 -1.530247373468022337e-02 9.990963020594713084e-01 3.965359944056200125e-02 7.642877697069203613e-01 9.971489798065517052e-01 1.817934300910994602e-02 -7.323598642691360461e-02 1.917028532729128099e+00
-7.289544658308649838e-02 3.552235643794897368e-02 -9.967067419118579297e-01 -4.214364947102102121e+01 -1.817947199980152542e-02 9.991521417212896328e-01 3.693908801901234912e-02 7.794179635779482362e-01 9.971739288622357700e-01 2.081229315266130975e-02 -7.218786313820299561e-02 1.856149667799934511e+00
-7.393584328275712436e-02 3.349071063097730505e-02 -9.967004484642189022e-01 -4.296735346649157350e+01 -2.235617133610418375e-02 9.991291235972078466e-01 3.523071050582026603e-02 7.999406760905871661e-01 9.970124262376355295e-01 2.488721759439772516e-02 -7.312272831445058852e-02 1.784703232843089404e+00
-7.422406089920342842e-02 3.151688086770004782e-02 -9.967433977217433627e-01 -4.380418030562815801e+01 -1.854847493219153806e-02 9.992839319282614818e-01 3.297845264613585153e-02 8.086592497406083213e-01 9.970691195869535450e-01 2.093586380315436493e-02 -7.358632002905801661e-02 1.721020983965764861e+00
-7.545116693280967679e-02 2.807488095727872848e-02 -9.967541552649752390e-01 -4.463391645255208573e+01 -1.648499748316907890e-02 9.994318387805081194e-01 2.939816189211412467e-02 8.150707777708962043e-01 9.970132683981862698e-01 1.864961483888070634e-02 -7.494548284769832203e-02 1.665554186180122631e+00
-7.617100929740495963e-02 2.698735557435960261e-02 -9.967294386941839557e-01 -4.546224587809287954e+01 -1.308334101991009447e-02 9.995205392983436132e-01 2.806276696352344099e-02 8.208977610656000845e-01 9.970089718731293127e-01 1.517812039660922964e-02 -7.578140200093860801e-02 1.604965115645961005e+00
-7.749969899219862068e-02 2.977475309538106171e-02 -9.965476300299944690e-01 -4.628460709572179610e+01 -1.189119214707303439e-02 9.994552525133539866e-01 3.078638169919955744e-02 8.336111553551412978e-01 9.969215012781194041e-01 1.423607481129257266e-02 -7.710342252115537365e-02 1.541944087525654705e+00
-7.949322512070648716e-02 3.578909261414456311e-02 -9.961926988199238941e-01 -4.711458752076653411e+01 -7.762451338833535955e-03 9.993027628280488628e-01 3.652024333786855342e-02 8.445558239865976757e-01 9.968052235425434171e-01 1.063600828930712922e-02 -7.915998770734229695e-02 1.478458129111449360e+00
-8.128614653354186703e-02 3.940687293702917204e-02 -9.959114257855911090e-01 -4.794227108555793393e+01 -6.079678796649755530e-03 9.991798866986486560e-01 4.003242151252401487e-02 8.572921649205557104e-01 9.966723065285992833e-01 9.308902434818031382e-03 -8.097990016510672739e-02 1.410906032509950503e+00
-8.253887148178197519e-02 3.906498781313968299e-02 -9.958218643402583226e-01 -4.874638149708493984e+01 -6.825087436984179391e-03 9.991858452890011177e-01 3.976265004483783144e-02 8.673409049108613544e-01 9.965645128415107079e-01 1.007853501019036029e-02 -8.220504880721909990e-02 1.344938808280376596e+00
-8.396689422260356084e-02 3.533509048632521576e-02 -9.958418080086532953e-01 -4.956144769162359154e+01 -9.840272114088423339e-03 9.992929490005648674e-01 3.628725153108081775e-02 8.783577913018902894e-01 9.964200001612403268e-01 1.284628162861933126e-02 -8.355981677796116280e-02 1.267364974645091458e+00
-8.503006353263607708e-02 3.157262251223062061e-02 -9.958779911585969868e-01 -5.037571750356386957e+01 -1.631170561122904580e-02 9.993197726444368323e-01 3.307446307177756145e-02 8.911959381394711777e-01 9.962449046736625569e-01 1.905679165353868151e-02 -8.445721911180061048e-02 1.192254082589849995e+00
-8.631741319149088820e-02 3.002066954946276331e-02 -9.958152321032121002e-01 -5.116698806716618719e+01 -1.978697456935342436e-02 9.992970719848696115e-01 3.184077241663908764e-02 9.032155143874835979e-01 9.960712177604257311e-01 2.245258307294364236e-02 -8.566271879337859774e-02 1.119435431653035051e+00
-8.757103894486166495e-02 3.104412593207592913e-02 -9.956743904563040148e-01 -5.197718749237647984e+01 -2.111100113177765206e-02 9.992319747606857039e-01 3.301179043115028133e-02 9.138343631991820981e-01 9.959346019950363615e-01 2.391055938024577374e-02 -8.684840881582396588e-02 1.045161062871304392e+00
-8.850213741831491898e-02 3.231669875039781814e-02 -9.955515635965321852e-01 -5.278587539697497988e+01 -2.136162104197297448e-02 9.991821099761506453e-01 3.433354481035192501e-02 9.232033803173682607e-01 9.958469485667217347e-01 2.430518713683587836e-02 -8.773941355783558549e-02 9.868672080241546185e-01
-8.986220428769779722e-02 3.223995729130062909e-02 -9.954322154788666221e-01 -5.359262230409014904e+01 -2.217817320186618590e-02 9.991633101239355552e-01 3.436292351311067556e-02 9.307452405690255226e-01 9.957072819103078842e-01 2.516479541577796783e-02 -8.907199283623767894e-02 9.216030349465145211e-01
-9.053520622731291156e-02 3.205634348606909573e-02 -9.953771606189555365e-01 -5.437565255357519334e+01 -2.356155771535749927e-02 9.991331113835565381e-01 3.432035989685385674e-02 9.400365484697230656e-01 9.956145432279787100e-01 2.655983699290475133e-02 -8.970142215624354876e-02 8.457746018758188766e-01
-9.057913245803321522e-02 3.365739480077199752e-02 -9.953203059263043828e-01 -5.515266953074636547e+01 -2.289400959957753334e-02 9.990942466914861653e-01 3.586848083865649961e-02 9.502949152403297184e-01 9.956261212474560862e-01 2.603580842253661390e-02 -8.972653523345287818e-02 7.755030083714127276e-01
-9.108512188152852185e-02 3.639639136518714457e-02 -9.951777370372394405e-01 -5.593213923463173387e+01 -2.173400656444134452e-02 9.990212047781228399e-01 3.852619225455789637e-02 9.613524474375749751e-01 9.956059506045819019e-01 2.513836208737028899e-02 -9.020492689659419250e-02 6.995167620640406758e-01
-9.112311554369832700e-02 4.074483822182958792e-02 -9.950057076053349103e-01 -5.669745881181635383e+01 -2.055516651897634078e-02 9.988727975248691271e-01 4.278564346649143396e-02 9.769784374723304854e-01 9.956275175035368408e-01 2.435126883325491876e-02 -9.018288298117066448e-02 6.259448309206123717e-01
-9.149946714684721594e-02 4.290117672516441383e-02 -9.948805226682724268e-01 -5.747717717856222919e+01 -2.047603282942894731e-02 9.987792587909899433e-01 4.495248228221569026e-02 9.924993959632590901e-01 9.955946285621269931e-01 2.448433366966877231e-02 -9.050932264414274231e-02 5.473325881569165441e-01
-9.225987084222946055e-02 4.295977239809720821e-02 -9.948077629073356354e-01 -5.823089378339614797e+01 -2.023438197820326759e-02 9.987816821039873227e-01 4.500794520802880311e-02 1.005447056526885818e+00 9.955293954060745465e-01 2.428174739651280806e-02 -9.127820326175778431e-02 4.761671497562790512e-01
-9.221376649521360880e-02 4.130756039800231871e-02 -9.948820178029604833e-01 -5.896990496832374617e+01 -1.894544107560677468e-02 9.988855045342568406e-01 4.322980121222674832e-02 1.019483439738412489e+00 9.955590256884279121e-01 2.283486084169789043e-02 -9.132840303904320167e-02 4.084243384465929827e-01
-9.267768303127664475e-02 3.781057367223385896e-02 -9.949779513285236243e-01 -5.971572612529952551e+01 -1.946693782193498548e-02 9.990189175320179915e-01 3.977739091207783267e-02 1.031656252968037757e+00 9.955058862610700610e-01 2.305564966628468812e-02 -9.185070150074119144e-02 3.330331990001149656e-01
-9.234756337451789643e-02 3.460385673340124479e-02 -9.951253299480026238e-01 -6.043069794484124202e+01 -1.980513692475021487e-02 9.991344130991827166e-01 3.658117956295271062e-02 1.044363954115940407e+00 9.955298889829424791e-01 2.308677603698034916e-02 -9.158229372466482332e-02 2.607994921868470595e-01
-9.094157705917985113e-02 3.244521525546543300e-02 -9.953275084810534468e-01 -6.114921794493383089e+01 -2.168533281867366866e-02 9.991676155427157147e-01 3.455174818838593898e-02 1.052785994119716406e+00 9.956201423976873688e-01 2.472619820967011592e-02 -9.016229148353591127e-02 1.864468027964370223e-01
-8.901666764966330303e-02 3.163921762361688456e-02 -9.955274489521215298e-01 -6.184612736237620823e+01 -2.334239358758933430e-02 9.991545832295624097e-01 3.384168801130996856e-02 1.060321985753509555e+00 9.957566251732513640e-01 2.625046789914647904e-02 -8.820287457989899049e-02 1.205545492994247042e-01
-8.468381367715298313e-02 3.255022353154633091e-02 -9.958760236523739318e-01 -6.251972989184618257e+01 -2.345068682047513065e-02 9.991243213985464555e-01 3.465050972542377261e-02 1.067988890068368057e+00 9.961319189394659546e-01 2.628831325811066544e-02 -8.384633072139331678e-02 6.459476159253088601e-02
-7.915383857299251869e-02 3.397151461843595649e-02 -9.962833560521167087e-01 -6.318854507549954036e+01 -2.364124406739393988e-02 9.990741021545626044e-01 3.594494847019043260e-02 1.075295053511311716e+00 9.965820805697898077e-01 2.639855851463645403e-02 -7.827741958157001523e-02 7.475237942208314001e-03
-7.183656034085134090e-02 3.546811674352688681e-02 -9.967855527319114950e-01 -6.383786949001157751e+01 -2.267484775594397553e-02 9.990511926141510957e-01 3.718286756575397978e-02 1.083832629239207535e+00 9.971586852941946022e-01 2.527304908663065633e-02 -7.096416527329968416e-02 -3.348126523683594979e-02
-6.278176794258635840e-02 3.688033607829488414e-02 -9.973455773521664458e-01 -6.448581464815528363e+01 -2.380322728086836995e-02 9.989774029809950218e-01 3.843906221795154871e-02 1.091804371975951149e+00 9.977434251306017687e-01 2.615331560130004437e-02 -6.183969403840856166e-02 -6.919761783682291945e-02
-5.116416832093839684e-02 3.871864935126746038e-02 -9.979393849292009788e-01 -6.511238325625878076e+01 -2.556525208643994559e-02 9.988699523792362589e-01 4.006547812792567859e-02 1.095493735411494640e+00 9.983630272197693278e-01 2.756248845340044523e-02 -5.011649705829780699e-02 -9.847643323088013656e-02
-3.661218891107770324e-02 4.012868560333793244e-02 -9.985234894044977549e-01 -6.572045912811299218e+01 -2.800584901150436276e-02 9.987597822270812831e-01 4.116505206841083314e-02 1.107470328977973262e+00 9.989370891108025896e-01 2.947164102225657140e-02 -3.544294231600352701e-02 -1.090540910063358127e-01
-1.846015290758535807e-02 4.131603883386213150e-02 -9.989755392449265470e-01 -6.631080077307494491e+01 -3.049122908347945415e-02 9.986578478167495998e-01 4.186634789568376147e-02 1.118101195145019044e+00 9.993645991183494059e-01 3.123285109288622199e-02 -1.717559890916413659e-02 -1.153430311869542563e-01
3.622908775199578778e-03 4.234121357956525944e-02 -9.990965996488946343e-01 -6.687197475934421220e+01 -3.136412335861742118e-02 9.986164682359218725e-01 4.220713180161252825e-02 1.123557142906201900e+00 9.995015005582180700e-01 3.118287564188049199e-02 4.945892988878620826e-03 -9.833032021085338914e-02
2.931414256645239677e-02 4.253254963528569493e-02 -9.986648977689621676e-01 -6.742026676841886967e+01 -3.149870290074455181e-02 9.986374241982549638e-01 4.160678588920827675e-02 1.135176170015610442e+00 9.990738711193141164e-01 3.023698161351530758e-02 3.061392123529271814e-02 -6.954167225451907131e-02
5.824945445625809293e-02 4.258962861227345853e-02 -9.973931226910458525e-01 -6.792868992202649281e+01 -3.015343632588550135e-02 9.987087708596272817e-01 4.088479501163723440e-02 1.135395281693668323e+00 9.978466047789199544e-01 2.769331275158296024e-02 5.945846668411472469e-02 -1.810622503808970163e-02
9.254383182721538648e-02 4.251473860435337621e-02 -9.948005039963552232e-01 -6.843316184717699002e+01 -2.863272436905988164e-02 9.987884850752006827e-01 4.002153984646266566e-02 1.142125538900465864e+00 9.952968825182250123e-01 2.478010125760736482e-02 9.364902809758406110e-02 4.549261922138935627e-02
1.296857885322046933e-01 4.265034101694259450e-02 -9.906374040381860091e-01 -6.890117378662658609e+01 -2.825228542243811425e-02 9.988277960516190879e-01 3.930441673576642869e-02 1.151972213275489043e+00 9.911526028613605321e-01 2.289054600185509714e-02 1.307387354161761994e-01 1.342796424218423157e-01
1.699083558810227379e-01 4.275503449365075648e-02 -9.845319034898740718e-01 -6.935473060666232925e+01 -2.721592539187467699e-02 9.988808999637895925e-01 3.868129855247578325e-02 1.148754420459055847e+00 9.850840155464989367e-01 2.022267106972920267e-02 1.708818341551877618e-01 2.467814304557632565e-01
2.153692221224320635e-01 4.326090821112974633e-02 -9.755739403582044389e-01 -6.980467945081805681e+01 -2.652002380677341564e-02 9.989088952758596873e-01 3.844107155785211200e-02 1.161323448630127819e+00 9.761725592102122873e-01 1.759321966666222564e-02 2.162815126017084422e-01 3.645916562973958719e-01
2.619740798181893759e-01 4.152595578318088454e-02 -9.641810521437739201e-01 -7.022495907302455009e+01 -2.369053998087122109e-02 9.990494807914305220e-01 3.659082068211772648e-02 1.169574111848278974e+00 9.647841277223877521e-01 1.325612283970428393e-02 2.627088393903802555e-01 5.327246658531243906e-01
3.120776614210152844e-01 3.715027660640882884e-02 -9.493299264641930080e-01 -7.063268685781913803e+01 -1.568371599100346764e-02 9.993004687929639696e-01 3.394999843959190661e-02 1.161884815888224454e+00 9.499271723649311827e-01 4.293984408860396750e-03 3.124419997860209963e-01 7.155012422174718001e-01
3.628426648142918931e-01 3.214813847316733836e-02 -9.312956656256596855e-01 -7.103633922955127389e+01 -9.970217771064033771e-03 9.994814502449438365e-01 3.061739433625745160e-02 1.157437400003194394e+00 9.317971171665124785e-01 -1.824076897470673295e-03 3.629750349407642185e-01 9.309387905829129561e-01
