1.0 -3.3881317890172014e-21 8.973255284975244e-20 -8.673617379884035e-19 -3.3881317890172014e-21 1.0 -4.336808689942018e-19 0.0 -4.72604679898497e-19 4.336808689942018e-19 1.0 0.0
0.999978900399195 0.00039801982940231565 -0.006484097622202154 -0.008474238059705985 -0.0003969833386273313 0.9999999043211433 0.00016114388335917692 0.00042263876698543645 0.0064841616757746355 -0.00015856641696797551 0.9999789652796618 0.09740867903821693
0.9999097613770302 0.0008921866843928005 -0.013404067635338811 -0.01303051624855746 -0.0008889085634664261 0.9999995736201656 0.00025052421175911265 -0.0018115295658647501 0.013404286750393882 -0.00023858664014818733 0.9999101350028042 0.1884949322390649
0.9997733388899719 0.0013049945351569243 -0.02125020478445989 -0.027228195640735645 -0.0013077433292468718 0.9999991384636747 -0.00011545169765265996 -0.004384928737983032 0.02125003765018138 0.00014321534260823858 0.9997741826463532 0.2917482673956693
0.9995432614447038 0.0017143326721291666 -0.03017165052917424 -0.04025165181188676 -0.0017654015105418729 0.999997052578698 -0.001666047060194319 -0.004996508281039036 0.030168707869173642 0.001718551189223066 0.9995433459765983 0.3945389839625104
0.9991337861625138 0.0019065008562319866 -0.04156970345215997 -0.05409082729801415 -0.0020568443206634714 0.9999914946434855 -0.0035741858135530245 -0.004560935672799471 0.041562539341311176 0.003656592130296287 0.9991292091940008 0.5125056776979997
0.9984735195090373 0.001762061906458242 -0.05520444523570644 -0.07820934952796373 -0.0020183852772506414 0.999987435604126 -0.004587750919640301 -0.006095585440095488 0.055195673079383036 0.004692171509887235 0.998464534886837 0.6377453053488141
0.997472854545887 0.0016473361299028403 -0.07102950946715064 -0.09893434069789299 -0.001981054371318493 0.9999873232155737 -0.00462811025177771 -0.006544171485665676 0.07102099149706376 0.0047571276036429445 0.9974634822385392 0.773293161850167
0.9959647356141667 0.00045343958858587295 -0.08974431243409503 -0.1319818780417423 -0.0008999862162255187 0.999987411682693 -0.004935360475861466 -0.005622898035995291 0.08974095274142749 0.0049962135237823615 0.9959526127031405 0.9213031731252953
0.9939563438940708 -0.0005638659670133604 -0.1097746123884191 -0.1630007673422753 1.1289734487176313e-05 0.9999873277777165 -0.005034290423886064 -0.011117984598600958 0.10977607203226189 0.005002625504437425 0.9939437583282126 1.0857636961721082
0.9912787400463334 -0.0005883888889686484 -0.1317805685946318 -0.20467806749021816 -0.00014415043454592074 0.9999845916094775 -0.005549171926798369 -0.016740001039371483 0.1317818156918606 0.00551977225397737 0.9912633783441891 1.2488787300714383
0.9877748325924618 0.002620606968533231 -0.15586534895359064 -0.26301483085100236 -0.003778710131632186 0.9999674105298678 -0.007134317159830447 -0.024252348164936335 0.15584158880969204 0.007636068896714352 0.9877525468776703 1.429228753724012
0.9833708599405111 0.006309939732365646 -0.18149915237973988 -0.32570589651566284 -0.008088385392974063 0.9999262473039477 -0.009060138333465254 -0.028029886411041552 0.18142860594276186 0.010377510749495757 0.983349362755541 1.604042561978433
0.9779964283042222 0.009860629058283556 -0.20838848637526217 -0.3992186442242421 -0.012172154129358372 0.9998777680324578 -0.009812914139193872 -0.03448687250134576 0.20826626707888335 0.012133531200704966 0.97799690366332 1.7869206408220184
0.9713036372952171 0.01051166322343643 -0.23761049144665436 -0.47647473699548804 -0.01332241905178944 0.9998589553935605 -0.010226534392294203 -0.04086895857567764 0.23746950267782835 0.01309861589034077 0.9713066773112227 1.9790939738137845
0.9632635427983179 0.012213739698535472 -0.2682800201546655 -0.5595281188676937 -0.015448423035806487 0.99983115984793 -0.009949396857588395 -0.04563626470209202 0.268113228113662 0.013728393907827159 0.963289587353752 2.1656477439667166
0.9538445666613607 0.014060083998260815 -0.299971421133023 -0.6581172262251331 -0.017644811098639038 0.9998015765029623 -0.009244585251084469 -0.04961735354879046 0.2997819399759795 0.014110835811922575 0.9539033868356769 2.361132841051954
0.942626765174321 0.016357892578941633 -0.33344741727150906 -0.766347721309994 -0.020229810143523697 0.9997622011381919 -0.008142682624787085 -0.05587957185178878 0.3332349535206086 0.014421088367220404 0.9427335236874872 2.557840518043656
0.9301576154155188 0.018340810266682463 -0.3667020742395362 -0.8681310638615564 -0.022920190124396982 0.9997041819584428 -0.008137402725852744 -0.055672404593268415 0.3664443767022438 0.015973948331223203 0.9303028326260383 2.7385543562549675
0.9163057066247059 0.021196321655292266 -0.3999181755339959 -1.007814792332792 -0.026438710939629878 0.9996215763607229 -0.0075956488793569674 -0.056570150059923455 0.39960587383164226 0.017533257055664244 0.9165193670145713 2.934306377364062
0.9004735807309697 0.021508475512392326 -0.43437853183785924 -1.1312015428660374 -0.02743968183308445 0.9995961681482423 -0.007387373101111608 -0.05449730883000464 0.4340442599713367 0.01857134319276993 0.9007001211207882 3.1292763239620895
0.8822392568926323 0.01700164389892866 -0.4704942362146247 -1.2655698152271735 -0.02380659808150279 0.9996803026267478 -0.008516373797288111 -0.053949496308849265 0.4701990724352667 0.01871434581338799 0.8823619604806199 3.308461260115218
0.861123961480719 0.012701440719347366 -0.5082363285485062 -1.4188412101053856 -0.020100053895533102 0.999756826525657 -0.009071141314586875 -0.06320605492402889 0.507997571469688 0.018026954022688314 0.8611698619936239 3.508775384845882
0.8364227410265321 0.014066979915129514 -0.5479042750372126 -1.580171303699598 -0.020857316795007522 0.9997634100817773 -0.0061723923870672 -0.07171763661337008 0.5476878724109888 0.016590542128467622 0.8365182488916906 3.68272775614074
0.8076986253749289 0.018574589650468088 -0.5893028748235364 -1.788034131602251 -0.025105833740160868 0.9996805897704429 -0.0029005260180168515 -0.07396017554594066 0.5890608182224547 0.017137690301725704 0.8079069748546281 3.86832206901833
0.7755998706721657 0.021615755991670975 -0.6308546369868541 -1.992155942787012 -0.028807345323549397 0.9995842993002105 -0.0011669887699266284 -0.07895001198168852 0.6305672166464327 0.019078363514219505 0.7759001500276238 4.035577035571621
0.7400672166500679 0.02076865032972535 -0.6722121288331006 -2.1878627021373593 -0.029101778973182 0.9995757847108275 -0.0011565242356837398 -0.0742418910915716 0.6719029968417097 0.020418473595621676 0.7403576686391045 4.183435836371055
0.7008839750994115 0.016698056019611433 -0.7130797888191538 -2.433531469082881 -0.02384761036081866 0.9997156049261766 -2.9588482038221068e-05 -0.08586211078676363 0.7128765605121501 0.017025986393075888 0.7010828599744118 4.3577764774532275
0.6586415809576965 0.012856048455232746 -0.7523469603735097 -2.6673838294440975 -0.019141584593166512 0.9998167337164876 0.0003273100994982915 -0.086920363326031 0.7522133484281182 0.01418553233831237 0.6587669553258159 4.514474268932317
0.6145081137464341 0.012061102957389797 -0.7888182636407007 -2.9100561085271095 -0.016919667174845082 0.9998546339349927 0.002107047701190952 -0.08760094832069472 0.7887290757591421 0.012051744390468862 0.6146228623185732 4.65276894976828
0.5666288133727414 0.012098900746474914 -0.8238843070681372 -3.214134226902986 -0.015005487875540258 0.9998778942388055 0.004363333694968849 -0.08425343293759135 0.823836567008549 0.009890395487293993 0.5667411723884531 4.801506661744195
0.5158826965475868 0.012720633081379315 -0.8565647524512381 -3.5121956325519497 -0.014059041355898597 0.9998808026461322 0.006381656655618141 -0.09027255564680137 0.8565438922705347 0.008750292778982344 0.5160000408062811 4.9194316915759675
0.463917759303297 0.013621456058479607 -0.8857735041447767 -3.804732627717705 -0.013594358815392156 0.9998735106164951 0.00825613909072055 -0.08148534770272195 0.8857739983991264 0.008211352984738672 0.46404425008020783 5.022367742793351
0.40971534810609456 0.015108015435010308 -0.9120882710066675 -4.16039419317212 -0.012637343084563563 0.9998608927280636 0.010885131702701702 -0.07796846884851613 0.9121259194137519 0.007066566757860928 0.40984927916584185 5.1138036964440925
0.3547123016788854 0.016822258524779178 -0.9348241105659981 -4.483706301972398 -0.012705765717549255 0.9998325264042442 0.013170981387208848 -0.06924696829645804 0.9348892013204932 0.00720574687449756 0.35486663191687046 5.165693588564276
0.299604563609159 0.01926276952291986 -0.9538689489266345 -4.872905129715381 -0.010983303194441366 0.9997995395100179 0.01674051969882096 -0.06716948122828786 0.9540002888881073 0.005461095615771675 0.29975607688082306 5.235759957159158
0.24578161690080502 0.020657186466519498 -0.9691050505757446 -5.252770837319893 -0.007130048165225344 0.9997843733626278 0.019502836970836372 -0.06427955016715646 0.9692990485162769 0.00211632650850126 0.24587590973656714 5.290686217459311
0.1946987672659917 0.021400846064236735 -0.9806295513296083 -5.631157450765368 -0.005109790368141718 0.9997705177268235 0.020804049475325735 -0.06968581634940905 0.9808498191475413 0.0009602884311821153 0.19476344500718473 5.332668839065032
0.14743575472335352 0.02172676145951425 -0.9888329309008604 -6.059673511062653 -0.007215421058366893 0.9997557272683634 0.020890934358268658 -0.06143630988674453 0.9890453597741974 0.004054774838152117 0.14755650800828315 5.34407021482668
0.10454224584294321 0.021456216085020647 -0.9942889282783344 -6.4797705153760505 -0.009843497216328385 0.9997405984061176 0.020538888899088874 -0.046503342500835876 0.9944717713051158 0.007640098227202489 0.10472632575093918 5.355623034414288
0.06630088046919629 0.019622653780389934 -0.9976066686919629 -6.94368438745896 -0.011458279775788312 0.9997556592143699 0.018903408589569504 -0.0390682369466884 0.9977339225076981 0.010177543237995516 0.06650952231643371 5.34031668562808
0.03163439755646918 0.01699474962627871 -0.9993549767867675 -7.40256052519857 -0.010881272121892435 0.9998020335694344 0.016657907526108146 -0.03442131555775217 0.9994403177267578 0.010347290024817971 0.03181305987409638 5.326284143025893
0.0006302979268289943 0.014180855375274103 -0.9998992040932143 -7.868334309966837 -0.010811988413884506 0.9998410980608882 0.014173216470937475 -0.03573738601797308 0.9999413884481066 0.01080196476895984 0.0007835214222828956 5.30828570647136
-0.02653484003867298 0.011953849661882262 -0.9995763693103862 -8.358729976563769 -0.011282277046972922 0.999861232251311 0.012256757002719727 -0.02865396597884952 0.9995842623927039 0.011602728139233381 -0.026396291212638128 5.268607697036279
-0.04728842103169564 0.009517371166954376 -0.9988358899386371 -8.857560040757946 -0.012267724914991993 0.9998736591374172 0.010108057349280327 -0.02436550945023172 0.9988059848846049 0.012731437656532745 -0.04716569010572157 5.223017568174961
-0.06386936543930252 0.008382485281237098 -0.9979230197186912 -9.392138020744149 -0.011957072198353335 0.999886512841701 0.009164258998735669 -0.012600234769196167 0.997886671268406 0.012517552160581445 -0.06376188640239852 5.178487030185691
-0.07701522287098454 0.008985561608187259 -0.996989385543069 -9.932270235497361 -0.011170341518784063 0.999888852945777 0.009874578216248637 -0.011564698976967769 0.9969673794787871 0.011897204207596561 -0.07690629107479244 5.124425540708638
-0.08625308126514156 0.01024175405546838 -0.9962205686181954 -10.490208307857925 -0.011623874758084126 0.9998687488127698 0.011285658625544842 -0.009688387597572012 0.9962054865762799 0.012553365045929925 -0.08612271054762821 5.061743698200386
-0.09385223132077065 0.011318724347735617 -0.9955217506474764 -11.065485527707443 -0.013446463636391659 0.9998297516173126 0.012635362978848375 -0.006003226335596995 0.9954953748478275 0.01457210274934647 -0.09368405629654188 4.998126150790586
-0.09785085770561912 0.012231880751439056 -0.9951258793364862 -11.64806789881109 -0.013230263404178301 0.9998201097455545 0.013590515077290819 0.0022734169395188936 0.9951131893104614 0.014495620963490859 -0.09767142403993528 4.932537612384362
-0.09965042282632813 0.012978994724966626 -0.9949378175983474 -12.250918368232902 -0.012373036412553455 0.9998214497805517 0.01428195321069885 0.0067727301165736165 0.9949456162420048 0.01373360314056288 -0.09947203995422355 4.867245510228019
-0.09852540186948483 0.015121566548631045 -0.9950196008629536 -12.867863182301722 -0.010153372557793253 0.9998172208815375 0.01619984995052251 0.01842125131059231 0.9950827801359565 0.011698900898622026 -0.0983538580120527 4.798568415069714
-0.09707527386751962 0.017633792081801093 -0.9951207730299974 -13.501918492974891 -0.009731167181627592 0.9997784273484133 0.018665614303003012 0.03012969449048547 0.9952295148319944 0.011495655726844882 -0.09688216648089372 4.727643371761779
-0.09505920770109548 0.0177087238432396 -0.9953140517599552 -14.147387809792324 -0.01072777939355228 0.9997654739675418 0.018812500082836883 0.041914956981061076 0.9954138592482843 0.012465810077980677 -0.09484693826644637 4.649078476066542
-0.09311212727801435 0.01535850499885471 -0.995537127474338 -14.805808198137036 -0.014745571448224352 0.9997500898638647 0.01680264632473577 0.058290210188736896 0.9955464734591356 0.016244293295305773 -0.09286238658585037 4.5593746193392075
-0.09156227633750001 0.015224097874960155 -0.995682931171358 -15.480491414930766 -0.01331056812652217 0.9997750906388915 0.01651069767766941 0.08147924851537286 0.9957104305586202 0.014764862297207132 -0.09133904130139146 4.46031403244068
-0.08922583431828972 0.017909015365316364 -0.9958503532016757 -16.158204074546603 -0.014347241692053187 0.999711492162871 0.0192639318660462 0.11729181983654222 0.9959081262847973 0.016006546006685086 -0.0889431468445813 4.350615193830372
-0.08777284820201685 0.021441511057511856 -0.9959096885719062 -16.8816037307149 -0.013845319609721107 0.9996454853864324 0.022742175947484095 0.12946207469039955 0.996044333427474 0.015784833587691224 -0.08744486718441546 4.284755692155065
-0.08579032978235118 0.023364167482942025 -0.9960391856810908 -17.601115260475378 -0.012726684723880947 0.9996177319493077 0.024544279122303853 0.143545102952698 0.9962319669165707 0.014781937515231621 -0.08546018516695648 4.218604422104944
-0.08435695516767241 0.02295864402865729 -0.9961710341009324 -18.349301564270277 -0.015994471568326847 0.99957452680654 0.024391515822673748 0.154122844333412 0.9963072670133809 0.01799082238075016 -0.08395385163886775 4.1501497399418
-0.08237338439673872 0.020376120364660806 -0.9963931757406146 -19.095823045148645 -0.01779982418109392 0.9996014063740389 0.021913268380650063 0.15988485545332423 0.9964426141439208 0.019540692929479474 -0.08197785897730012 4.0799781206992805
-0.08060109472785294 0.019559793889403855 -0.996554458344961 -19.855475939591663 -0.01996295579782894 0.9995752155555478 0.021233683252257537 0.17259173618005724 0.9965465537187312 0.021605630019349134 -0.08017638482769497 4.017218159302422
-0.0796188258780451 0.021598143259812876 -0.9965913327539722 -20.64773663862361 -0.016515287630303417 0.9995994387624152 0.02298276075604027 0.18799276988809285 0.9966885995800469 0.01828885188095534 -0.07923023388437021 3.9591223124334234
-0.07790846920632215 0.02368038478848907 -0.9966792022719857 -21.428995600904088 -0.016372648569054897 0.9995526608204172 0.02502847494959787 0.19482489552126264 0.9968261104047724 0.01826820794872994 -0.07748590561409499 3.8972185968162667
-0.07713887127914291 0.025438994980431465 -0.9966957242495363 -22.2379132087006 -0.012216141504518684 0.9995752840271489 0.0264579554159102 0.2089261533105558 0.9969455586974479 0.01421671194342354 -0.07679534174800606 3.839994313514929
-0.07637810760617879 0.021222694988817487 -0.996852999563461 -23.03378442015665 -0.012534321017300443 0.9996740095311427 0.022243123939686672 0.21475220781880566 0.9970001755009531 0.014193762838744746 -0.07608719692496398 3.776801593675454
-0.07620211582625455 0.014407121344467855 -0.9969882623588199 -23.834806700531722 -0.015167209874852688 0.9997631657968101 0.015606485754173817 0.21886891111860224 0.9969770676938546 0.01631077727300779 -0.07596555297055557 3.7183171601931577
-0.07614078949008184 0.009632490042248996 -0.9970505080367148 -24.652692242264706 -0.011944444669209329 0.9998727701980996 0.010571906115088245 0.22389509834847532 0.9970255696454698 0.012714167573408031 -0.07601604770801776 3.6587668541120038
-0.07675520756095884 0.010640178914505655 -0.9969931507691966 -25.483220095726466 -0.012539742679903057 0.9998536683096113 0.011636100877800211 0.23073793064886622 0.9969711517345308 0.013395167827402731 -0.07661055074865251 3.5911370924276116
-0.07678155141319708 0.017524928797150157 -0.9968938712777411 -26.316909026802588 -0.011053578251295725 0.9997691090368523 0.018426830047822442 0.23623269626928411 0.9969867083171996 0.012434084781755467 -0.0765701096236553 3.5224485281466698
-0.0768503138609508 0.0245673499048664 -0.9967398831186147 -27.153657183591037 -0.01145584784869006 0.9996086394114633 0.025521323427798764 0.2471655363607764 0.9969768675712594 0.013379822003706895 -0.0765387965505124 3.4492500757624955
-0.0767915032642287 0.0298189621955576 -0.9966011318502032 -27.993775985306776 -0.012197272217537672 0.9994497809454796 0.03084403776122019 0.2686827386890778 0.9969726023487552 0.014524374191818545 -0.07638554068125097 3.3610343332745027
-0.07710463846593747 0.03062846958781138 -0.9965524009613909 -28.81605920175758 -0.013153853936811257 0.9994097864092873 0.03173402192908203 0.28476468516527614 0.9969362766931451 0.015555345114706682 -0.07665624694334998 3.2726749720520734
-0.07705521564564588 0.027102628014215025 -0.9966583491693325 -29.64826593529738 -0.015146926743369734 0.9994832719270063 0.028350511021954808 0.2977776864044538 0.9969118023820193 0.017280865292874547 -0.07660487728136045 3.2048333826302424
-0.07763003169049583 0.02469851341218986 -0.9966762188103256 -30.474004437536397 -0.016249602423977806 0.9995289555797683 0.026034871709984624 0.3056919077766568 0.996849842943779 0.018216679272692948 -0.0771921228892726 3.138139609940981
-0.07772058147254349 0.025462477466441837 -0.9966499375521913 -31.309681980562253 -0.01808833382265584 0.9994732482338297 0.02694516965054357 0.320106332783059 0.9968111188977311 0.02012193065588031 -0.07721906776128618 3.0684603886610797
-0.07768538835239702 0.02776826354673722 -0.9965910989734569 -32.15776521548311 -0.016678030254044077 0.999435976002537 0.02914760233776366 0.33408100382279293 0.9968384574153253 0.01888551911369035 -0.07717845065013983 3.0048944285184653
-0.07773705005357658 0.02631606940840858 -0.9966264795869112 -32.98545178724086 -0.01745039076575841 0.9994625096359014 0.02775208906038659 0.34000773300296544 0.9968212063992936 0.01954888695928736 -0.07723604058232476 2.9364737478299094
-0.07717841862210749 0.021703085100970618 -0.9967810074268644 -33.8208712264214 -0.01899060474343109 0.9995496698295122 0.023233766274124705 0.3422851285782274 0.9968364603433334 0.020722618691282307 -0.0767315082074047 2.8701451360763857
-0.0770346978961928 0.017572759861277005 -0.9968734953541496 -34.6427161220656 -0.02193286487049294 0.9995728420850107 0.01931523502613847 0.3459274954062494 0.9967871814713936 0.023352235065365465 -0.07661637018881788 2.8034260204357158
-0.07678330729194188 0.018031089177526268 -0.99688470341148 -35.47086275792226 -0.021371042799234945 0.999576993674015 0.019725854157620445 0.3550667386649202 0.9968187814418714 0.02281908197629492 -0.07636548438207318 2.738131736191422
-0.07570640372806649 0.020448597030117668 -0.9969204129298609 -36.32050524301053 -0.018519759645335396 0.9995884038931577 0.02190971815311342 0.3561017250586438 0.9969581974681511 0.020121432104368935 -0.07529654016509132 2.6740881531406915
-0.07576842039710303 0.025279077392178342 -0.996804913595521 -37.142965849442355 -0.019576587914622422 0.9994481907656089 0.026834152784944505 0.3683387650993581 0.9969332910764616 0.021547219482607283 -0.0752317323685058 2.61311504155437
-0.07466109682745677 0.030608319881755643 -0.9967390633239464 -37.99260760458777 -0.01712332145488346 0.9993421123568124 0.03197088465456865 0.3825084214519867 0.9970619839107121 0.019454464572285314 -0.07408786152935568 2.552168211664586
-0.0751926024639473 0.03394841696658559 -0.9965909377679476 -38.81132939257716 -0.018295363974103064 0.9992051159267558 0.035417849682334496 0.3964024280365064 0.9970012258543596 0.020896154340421566 -0.07451173346280851 2.484601062757893
-0.07479426906134984 0.03382668276003485 -0.9966250451402091 -39.64771244629788 -0.017080052692160643 0.9992344296049938 0.03519706576134883 0.41395545400808875 0.9970527403653209 0.019654946872722883 -0.07415924654364389 2.4212999541559803
-0.07414678100106344 0.029821283398401864 -0.9968013129034291 -40.467208013211376 -0.017283257551355704 0.9993642375471613 0.031183568751617152 0.42413112380356843 0.9970976060434444 0.019540135262295692 -0.07358423254609779 2.355319630850294
-0.07400624877877401 0.025704763754498976 -0.9969264037251846 -41.28131279128689 -0.01951144897251527 0.9994390826019263 0.027217972455097217 0.43847611775650064 0.997066930629471 0.021465777597985593 -0.07346319982315219 2.279904087342774
-0.07296553800987003 0.022838002150297604 -0.9970729009776412 -42.13055131204418 -0.022404270629831555 0.9994479597342456 0.02453194282931238 0.44648538264876886 0.9970828259671983 0.02412867671978925 -0.07241358972437552 2.226489765837239
-0.07395697193170234 0.020834666764573583 -0.9970437323261554 -42.954993769785 -0.026604535707960984 0.9993846921043488 0.022857009855204703 0.4600437434095449 0.996906540045567 0.02821631955778464 -0.07335716817264644 2.162264802572188
-0.07425950330212322 0.018822205904855283 -0.9970612705739527 -43.79239365998424 -0.022820266887629045 0.9995279774383974 0.02056838928978858 0.46172527774299993 0.99697785690441 0.024280601475227707 -0.07379492313627427 2.105969230539768
-0.07547549906206691 0.01534916864683988 -0.9970294761265354 -44.62261206325223 -0.020799753134016084 0.9996397369895698 0.01696390221415644 0.46119204347677384 0.9969307446286884 0.022018325097387118 -0.0751290489275028 2.0578354632571214
-0.07621356869291791 0.014224460555033932 -0.9969900056070162 -45.451464341609615 -0.017416675460019893 0.9997266924990423 0.015594900973487232 0.4600639375637457 0.9969394349684323 0.018552794199192212 -0.07594499580612445 2.0045696334348344
-0.07757379347017024 0.016993551150114153 -0.9968417349834797 -46.27442626232401 -0.016211377028076655 0.9997010371162067 0.018303857804655696 0.4658598994022344 0.9968548442419436 0.01758007684095114 -0.0772751126460366 1.948790329278774
-0.07964763671648074 0.022961481200760674 -0.9965585532944733 -47.10499658068042 -0.01204815777754288 0.9996394644317291 0.023995389473454514 0.4698236285070843 0.9967503083524283 0.013917869719555494 -0.07934227771524835 1.8926210502605652
-0.08148235089947016 0.0265545140357495 -0.9963209282754019 -47.93332067332106 -0.01034885786460912 0.9995685796198532 0.027487435413464625 0.4755802811938466 0.9966210982572017 0.01255052412663374 -0.08117238872038314 1.8323579916469181
-0.08272635585936901 0.026209672762311925 -0.996227548198556 -48.73803747950974 -0.011107242407837118 0.9995677617265081 0.027219892157547068 0.47884677930364683 0.9965104383594017 0.013317142700480164 -0.08239948086713907 1.7734819175750935
-0.08410088556506129 0.022492401234820193 -0.9962033166222574 -49.55381966207693 -0.014165711830407662 0.9996171934037166 0.02376537006379318 0.48294356600820565 0.996356592703688 0.016110617167885196 -0.08375006983865538 1.7030928970978116
-0.08508292503747136 0.018776736568526985 -0.9961968912381428 -50.368798559413804 -0.020674345852059017 0.9995738884173463 0.02060613749661331 0.48887842330502546 0.9961594049087734 0.022348948592873837 -0.08465847337987481 1.6351520443921939
-0.0863304855000006 0.017245207898321353 -0.9961172439020314 -51.16075296843278 -0.02417113287165157 0.9995196017581603 0.01939895103346026 0.49419043818850494 0.9959733399124774 0.02575200203114198 -0.08587217625815967 1.5693028063230412
-0.087581737415512 0.01827240773810141 -0.995989696447952 -51.97163635556041 -0.025495004620349447 0.9994631268581005 0.020578019532064545 0.4979425511283298 0.9958310779752478 0.027195019633353586 -0.08706886244258841 1.5021715993558413
-0.08852088804249715 0.01954165029492142 -0.995882568375618 -52.78085702702188 -0.0257415386609237 0.999428733372746 0.02189931970511367 0.5005248875702326 0.9957416918524316 0.02757409621569929 -0.08796728633024883 1.4510119482510602
-0.08987385161659706 0.019462164836280188 -0.9957629445739089 -53.588183565202804 -0.026569240824797665 0.9994063690948601 0.021931417379109634 0.5012662737270841 0.9955987363441666 0.028427725105969234 -0.0893034044782629 1.392872721912607
-0.09053450947464706 0.019285992828169896 -0.9957065221545318 -54.37190267572788 -0.027958489188130604 0.9993691823209225 0.021899058001963054 0.5039039990990558 0.9955008357287105 0.02982106960010005 -0.08993818984627544 1.3239521572117543
-0.0905963299507779 0.02088233805604161 -0.9956686920789158 -55.149567720606456 -0.02727741777184102 0.9993530064718225 0.023441594594088355 0.5075809354729959 0.9955141058201362 0.029282992710622947 -0.08996809752104472 1.2605308144380503
-0.0911330040136067 0.023610016342360318 -0.9955587719061281 -55.92974228324225 -0.02609781287125126 0.9993189249072847 0.026088171480004467 0.5120129326909614 0.995496737460962 0.028359399041888896 -0.09045476489367793 1.191413508727055
-0.09121443561356925 0.02795242296277392 -0.9954388537477125 -56.695783523678706 -0.02488074151877452 0.999229953587507 0.030338761103390767 0.5211378553282703 0.9955204494543074 0.027534589054148424 -0.09044871897393779 1.1245658866391317
-0.09160827240498375 0.030107844898534408 -0.9953398216193103 -57.47626618326408 -0.024785050711001254 0.9991642251604743 0.032504674833561724 0.5300199440398865 0.9954866697755299 0.02764724378994651 -0.09078548375549057 1.0528063040131181
-0.09237098818232473 0.030158734082010252 -0.9952677844735034 -58.23066227438736 -0.024549402457854717 0.9991683886732287 0.03255536595447558 0.5365706773676004 0.9954220299144799 0.027440400223475988 -0.09155379249090403 0.988273345898171
-0.09232209955954354 0.028493121896077372 -0.9953214029318044 -58.97033261736088 -0.023276506954060073 0.9992555874244892 0.030764783784003602 0.5443435127670009 0.995457138928578 0.026007873930964823 -0.09159015286494572 0.9270279208802701
-0.09275442537499115 0.02499337120283374 -0.9953752380882407 -59.71686485931596 -0.023833301643402468 0.9993427461389822 0.027313908980375893 0.5501653503126809 0.9954037741823539 0.026256563088974862 -0.09209778776399101 0.8582026881779473
-0.09239639325940262 0.021788543848847514 -0.9954838462543278 -60.43252644156441 -0.02419765045456905 0.9994161672403562 0.024120531039639393 0.5567848929390738 0.9954282772575008 0.02631701949457606 -0.0918152179809536 0.7922589713582764
-0.09095865104165388 0.01965512161733189 -0.9956606410606701 -61.15171985192008 -0.026083952147927924 0.9994151697871688 0.022112141302084574 0.5590812748768887 0.9955130548940969 0.027982054052310173 -0.09039277174551505 0.7242457048266775
-0.08901447921245097 0.01887771651145054 -0.9958513763259526 -61.84922230963375 -0.027730788125453144 0.9993858353741721 0.021423442205266822 0.5607022729571003 0.9956442718584105 0.029522739567919558 -0.08843631516172125 0.6645045459587411
-0.08468825619192005 0.01982292267535364 -0.9962102546347601 -62.52333289050059 -0.027794977716197915 0.9993660200741071 0.022248580449256584 0.5626847657285087 0.996019789276573 0.029573833914858773 -0.08408358688218714 0.6144881727112789
-0.07916836556577005 0.021288627011869354 -0.9966338767991019 -63.19266378352007 -0.027926968777291294 0.999332177205337 0.023564664537691352 0.5643403240750897 0.9964700373834297 0.02969853836960978 -0.07852096763956691 0.5632711749738296
-0.07187092888942746 0.02283254644583911 -0.9971525268729303 -63.84237255062786 -0.026887775290134003 0.9993302738217023 0.024820379748787612 0.5674534005260033 0.9970515032437658 0.028595075405211386 -0.07120887793227469 0.5280384663566361
-0.06281897394486163 0.02432423031981134 -0.9977284295691149 -64.49065127957357 -0.027928461649946005 0.9992686037707363 0.026120210987229126 0.5700340461891366 0.9976341329224707 0.029505864322601764 -0.062093688825874724 0.4980357865390179
-0.051202749425451416 0.02626761135003595 -0.9983427335378225 -65.1174633502208 -0.029578259998305545 0.999175625193023 0.02780652877974621 0.5685326461439866 0.9982502154108689 0.03095301068227205 -0.05038358876757159 0.47429864978749503
-0.03664366175339116 0.027811138936618244 -0.9989412925354145 -65.72568615320672 -0.03188752986237442 0.9990711074753065 0.028984468348777437 0.5755469833682426 0.998819560629889 0.0329158670337615 -0.03572279472191525 0.469063245805026
-0.018482671311646295 0.029160444052926466 -0.9994038124606889 -66.31612719369231 -0.034216512261430396 0.9989706450285611 0.02978059574944883 0.5813772384628176 0.9992435712490568 0.0347465369775221 -0.017465877716914865 0.4679647190753852
0.0035978155833074356 0.030364318085985297 -0.999532382595654 -66.87715482213356 -0.03490607571051255 0.9989335759615755 0.030220483411648034 0.5823674734728528 0.9993841624940862 0.03478102380412145 0.004653878455117128 0.4899296792155898
0.02928703957256166 0.030757623199992725 -0.999097669608924 -67.42524745150426 -0.034839189840660215 0.9989505727071117 0.029731837260463502 0.5896746418191916 0.9989637564453627 0.03393699521066665 0.03032787572032654 0.5235300906016555
0.05820967644519095 0.031031926544206744 -0.9978219131915824 -67.93318145982171 -0.03327102864485879 0.9990218139758534 0.029128321233871986 0.5860008046590901 0.9977498418652404 0.03150301039696346 0.05918520157895561 0.5794702397435988
0.09249069397556542 0.031219975314250376 -0.995223940638986 -68.43710997980727 -0.03149072021423666 0.9991000536635257 0.028414993339295997 0.5889213820133254 0.9952154960401224 0.02871219505639362 0.09339059736090886 0.6475110173804185
0.12962635997592856 0.03165761114009564 -0.991057377249339 -68.90438397491543 -0.0308325035803807 0.9991355745387913 0.027882887959951433 0.5953598966252392 0.9910834679282776 0.026942422031629304 0.1304903854852802 0.740402486716363
0.1698375642897135 0.032090431785102166 -0.9849493987478926 -69.3568883004938 -0.02950069355070148 0.9991872954156362 0.02746742793299947 0.5889519580053556 0.9850304483032797 0.02439168908613611 0.1706462302946502 0.8569338873158675
0.21528628289094578 0.03297938497808249 -0.9759939029372637 -69.80586626168774 -0.02847504784161858 0.9992166250749693 0.027483023694352092 0.5983818721102749 0.976135782810491 0.021874754040263848 0.21605672203408507 0.978675652575038
0.26187965356575826 0.0316311232431213 -0.9645820052600345 -70.224697571809 -0.025332034475308362 0.9993436890273352 0.025893516492748764 0.6039469490211834 0.9647680591290632 0.017653839086313263 0.26250905740690644 1.150492721124385
0.3119512032872341 0.02764320715128154 -0.9496958566156176 -70.63071912240689 -0.01700586721055445 0.9995789750639574 0.023509177263456603 0.5937363353659694 0.9499459591572333 0.008816685281067608 0.3122899516488085 1.3369078245128687
0.3627069046378411 0.023073410603269492 -0.9316175391039985 -71.032403402945 -0.010986639877799813 0.9997298351155017 0.020482920242356126 0.5869389511575215 0.9318385412724768 0.0028060497621522637 0.362862410246657 1.5559326781832976
0.4145881715211478 0.01868277648850907 -0.909817304397786 -71.40924882330413 -0.005220276669667011 0.9998216024261303 0.01815219317934344 0.5841464166048479 0.9099942143057943 -0.002776186660795818 0.414611746052722 1.772117412200913
0.4647451541728108 0.01818651145849665 -0.8852576624993514 -71.78100040078537 -0.004988777632486327 0.999826953801142 0.017921171853744686 0.5940245628597958 0.88543047597702 -0.003912424240653224 0.4647554620260471 2.04379347539376
0.5129985820059066 0.01671719468940184 -0.8582266143820182 -72.13851430449837 -0.003320859646061974 0.999841508813663 0.01749065873917225 0.60725897668646 0.8583830675360806 -0.0061226332274926295 0.5129727891804303 2.292151552295405
0.5575503327153766 0.013056462028501078 -0.8300404186032624 -72.46383072384714 0.004712587497252629 0.9998104131316058 0.018892443652459068 0.6136941411947103 0.8301297938314335 -0.014445126484944119 0.5573831041530176 2.5805218531550174
0.6010761065255602 0.006740339880729104 -0.799163326999047 -72.77775842271444 0.01610575816452432 0.9996591956852545 0.02054502245810292 0.5972347383305889 0.7990295166728183 -0.025220254137636636 0.6007626977891853 2.9104279567685634
0.643435328175624 0.002374546399590022 -0.7654967632835088 -73.06333131336525 0.017987374595659522 0.9996721826867423 0.01822016844391188 0.5941330739817093 0.7652891439943871 -0.02549277641317821 0.6431816891376335 3.2057016245658856
0.6842494812731806 -0.002595757766592755 -0.7292433521579781 -73.34608380103344 0.01562910653199224 0.9998161783473448 0.01110593177740758 0.6055232228505858 0.7290805373717647 -0.018996649973014874 0.6841642703794747 3.545984418731156
0.7247347329676808 -0.007808868019326908 -0.6889837167538352 -73.6125528927991 0.01214102978491761 0.9999252630203861 0.00143797422618608 0.5948758136444352 0.6889210477343698 -0.009407121313432331 0.7247753740119333 3.8665741754928007
0.7637390705975888 -0.010492300178794323 -0.6454397800128202 -73.8798819387021 0.00784452355461471 0.9999449151384195 -0.006972848259474933 0.5974735271342431 0.6454774456510226 0.0002622689366059538 0.7637793042639914 4.253372430167986
0.8006115450743279 -0.01125397356436622 -0.5990780265841178 -74.12001797736828 0.006878063288543756 0.9999303349133003 -0.009592294911263628 0.5973211319603858 0.599144287743092 0.0035592053830615193 0.8006331800123718 4.641157067635906
0.834672556803842 -0.012689527235094845 -0.5506002768049678 -74.34980993018286 0.007685798809926814 0.9999055509602429 -0.01139339099211677 0.5930455302637169 0.5506928983138143 0.005277947583460489 0.834691262235915 5.07813393073561
0.8653799129536695 -0.011759117218890438 -0.5009783402421885 -74.58542667376558 0.0057974262917226 0.999892663641854 -0.013455431169504796 0.5924932064886576 0.5010828323650565 0.008739674700390224 0.8653552034044765 5.57979826702244
0.8912248376775458 -0.009168975810943909 -0.4534690843780471 -74.78138402107568 0.0045191313872154065 0.9999255241704975 -0.011336453276918498 0.5714903856426504 0.4535392958006556 0.00805404197576367 0.8911998981519567 6.043395569459416
0.9128695843812006 -0.00436124473780729 -0.4082279876195006 -74.98405754793586 8.928083176367296e-05 0.9999450440326766 -0.010483120123848957 0.5693708660673663 0.4082513146283127 0.009533274748947999 0.9128198015861229 6.554933594294917
0.9301451340886132 0.001024387796550552 -0.36719063492485343 -75.15990854895665 -0.005613858905671736 0.9999189081265728 -0.011431114942810232 0.5626575218791899 0.3671491756138097 0.01269395169669919 0.9300754577848138 7.0533763941033385
0.9438130181233081 0.006216880919535324 -0.33042144337422585 -75.33139463466772 -0.010057701456001225 0.9999002576992799 -0.00991560217726342 0.5559674562320306 0.3303268690710896 0.012681755289959988 0.9437814041774119 7.599085169102495
0.9540726027284817 0.006506741278846325 -0.29950479974945265 -75.48951041626327 -0.009284069340596163 0.99992608368304 -0.007851009143513736 0.5460696644738159 0.29943160278940306 0.010271056009683048 0.9540624835884783 8.175466833916648
0.9614339730827421 0.006145419611930896 -0.2749671537559146 -75.6332654140463 -0.008059013369225215 0.9999505260234408 -0.005830124946769868 0.5326207960135949 0.27491774766623617 0.007821244080119123 0.9614359408938171 8.735393373989615
0.9673852292667685 0.006637903696519517 -0.253222715434938 -75.77712493715264 -0.007777830610668186 0.9999636220451127 -0.003500852548719723 0.5221194575664787 0.25319028357121015 0.00535619637499362 0.9674016686881188 9.340924949514395
0.9718813970129215 0.008043173305401493 -0.23533348573030902 -75.91381245895744 -0.00849125953176127 0.9999635512347795 -0.0008907195547764881 0.517686915876083 0.23531776715133676 0.0028639514801335124 0.9719142717522987 9.945051227770909
0.9754561640257465 0.013718321314729746 -0.2197659339969515 -76.051263317617 -0.013823929891807168 0.9999038816211953 0.001057334173636477 0.511683838711127 0.21975933920239032 0.002006645759937879 0.975552054353058 10.5718319750262
0.978492676905092 0.015161002231008755 -0.20572365977397936 -76.18326323395638 -0.015094129718157495 0.9998842855773361 0.0018945548229586879 0.511562631426752 0.20572859568337667 0.0012514114616926728 0.9786082875175719 11.226110385664281
0.981053771232176 0.016300548593405156 -0.19304864272099503 -76.30654667391481 -0.016142069709449307 0.9998668395935444 0.002393913582083061 0.49907740156007263 0.19306197090374538 0.000767646657500638 0.9811862691742795 11.87612890023802
0.9836940321306669 0.015430353631711191 -0.17918694956640274 -76.42244831855051 -0.015274574247040217 0.9998808109388309 0.0022490968164029517 0.49532752846144834 0.17920030473369 0.000524581190018861 0.9838124669305023 12.551629675067334
0.986358151943606 0.016329483153845643 -0.1638015405739652 -76.53313556596252 -0.016072727859779985 0.9998666387183549 0.002892773338927042 0.48997313742396886 0.16382694410967813 -0.00022057289524333697 0.986489069338039 13.256310383625873
0.9884549174963175 0.017356424765939443 -0.15051785894302303 -76.62954544828563 -0.017022478350256748 0.9998489566798401 0.003506912862136056 0.48867303395876016 0.15055600436092662 -0.000904238188349783 0.9886010658238422 13.95909422480651
0.9903914902581843 0.01815026284570765 -0.1370957922002543 -76.72838226300448 -0.018186494778199124 0.9998341222777608 0.0009883928825369234 0.4763110102965913 0.13709099927157145 0.0015143959516341807 0.9905572974640549 14.687119196536784
0.9918218163478211 0.017743162642562937 -0.12639091275739892 -76.81897970697675 -0.018434763359824993 0.9998207970359059 -0.004304228791780579 0.4675593393067855 0.12629190243439894 0.00659901446668215 0.991971176616273 15.40825883049844
0.9929886080739956 0.018634333049657382 -0.11673210327942347 -76.89436306240752 -0.019943173032243414 0.9997505588700527 -0.010054275004938966 0.4529560452516888 0.1165156432612096 0.012311788494705862 0.9931125430559519 16.14675180164833
0.9939543659905509 0.020493702765866324 -0.10786440005689035 -76.97801170741563 -0.021741816640207738 0.999709439384164 -0.0104077295648672 0.4437500755199918 0.10761977319473358 0.01268997610823529 0.994111134625285 16.90301658943553
0.9945654495902269 0.019581957724043402 -0.10225516278281069 -77.05261462401998 -0.020127484962423316 0.9997881529623357 -0.004305797153920601 0.43182359310634444 0.10214919247876281 0.006340536283919552 0.9947488874474374 17.671813641522405
0.9950557182257886 0.02255951043505824 -0.09672217419829952 -77.13334729929376 -0.02235188234790707 0.9997449466805721 0.0032297693207044968 0.42691753158022 0.09677037560259955 -0.0010518777299923323 0.9953061750936391 18.449891487892483
0.9956016481586284 0.01833433856087341 -0.09187600776523469 -77.20768419321755 -0.01774747615165114 0.9998165775147753 0.007200579070266814 0.4141439984164376 0.09199118077908476 -0.005538341123583465 0.9957444243265959 19.22317467649556
0.9957654566308879 0.02242046372406451 -0.08915424852706326 -77.27206095387176 -0.021899573258220444 0.9997369346048003 0.0068166028502154655 0.40021098537466515 0.08928363414280709 -0.004835297713241727 0.9959945087643117 19.983350023376964
0.9961165926805265 0.022710574813017376 -0.08506445976069942 -77.33538995269699 -0.022295325675239164 0.9997344401024956 0.005828545781899433 0.38984238005156074 0.08517424662775512 -0.003909371287433168 0.9963583972169778 20.756260632342187
