0.9999999999999999 2.6801336378956836e-22 9.467889521019812e-20 -8.673617379884035e-19 1.1323179080273111e-21 1.0 -4.956378993858831e-19 1.3877787807814457e-17 -7.288425687518649e-19 4.589744003470271e-19 1.0 0.0
0.999978900399195 0.00039801982940231565 -0.006484097622202154 -0.008474238059705985 -0.0003969833386273313 0.9999999043211433 0.0001611438833591771 0.00042263876698543645 0.006484161675774635 -0.00015856641696797532 0.9999789652796618 0.09740867903821693
0.99990976137703 0.0008921866843928006 -0.01340406763533881 -0.01303051624855746 -0.0008889085634664262 0.9999995736201656 0.0002505242117591128 -0.0018115295658647501 0.013404286750393882 -0.00023858664014818684 0.9999101350028042 0.1884949322390649
0.9997733388899718 0.001304994535156924 -0.02125020478445989 -0.02722819564073565 -0.001307743329246872 0.9999991384636747 -0.00011545169765265985 -0.004384928737983032 0.02125003765018138 0.00014321534260823858 0.9997741826463532 0.2917482673956693
0.9995432614447037 0.0017143326721291666 -0.030171650529174237 -0.04025165181188676 -0.0017654015105418729 0.999997052578698 -0.001666047060194319 -0.00499650828103905 0.03016870786917364 0.001718551189223066 0.9995433459765983 0.3945389839625104
0.9991337861625137 0.0019065008562319868 -0.04156970345215997 -0.05409082729801414 -0.002056844320663472 0.9999914946434855 -0.0035741858135530254 -0.004560935672799471 0.041562539341311176 0.0036565921302962874 0.9991292091940008 0.5125056776979997
0.9984735195090373 0.0017620619064582417 -0.05520444523570644 -0.07820934952796373 -0.0020183852772506414 0.999987435604126 -0.004587750919640301 -0.006095585440095502 0.055195673079383036 0.004692171509887236 0.998464534886837 0.6377453053488141
0.997472854545887 0.0016473361299028406 -0.07102950946715066 -0.09893434069789298 -0.001981054371318493 0.9999873232155738 -0.004628110251777711 -0.006544171485665676 0.07102099149706376 0.0047571276036429445 0.9974634822385392 0.773293161850167
0.9959647356141665 0.00045343958858587295 -0.08974431243409503 -0.1319818780417423 -0.0008999862162255187 0.999987411682693 -0.004935360475861465 -0.005622898035995305 0.08974095274142749 0.0049962135237823615 0.9959526127031405 0.9213031731252953
0.9939563438940708 -0.0005638659670133605 -0.1097746123884191 -0.16300076734227528 1.1289734487176298e-05 0.9999873277777165 -0.005034290423886064 -0.011117984598600958 0.10977607203226188 0.005002625504437425 0.9939437583282126 1.0857636961721082
0.9912787400463334 -0.0005883888889686484 -0.1317805685946318 -0.2046780674902182 -0.00014415043454592074 0.9999845916094775 -0.005549171926798369 -0.016740001039371483 0.1317818156918606 0.005519772253977371 0.9912633783441891 1.2488787300714383
0.9877748325924618 0.002620606968533231 -0.1558653489535906 -0.2630148308510023 -0.003778710131632186 0.9999674105298679 -0.007134317159830447 -0.024252348164936335 0.15584158880969204 0.007636068896714353 0.9877525468776703 1.429228753724012
0.9833708599405111 0.006309939732365645 -0.18149915237973985 -0.3257058965156628 -0.008088385392974065 0.9999262473039477 -0.009060138333465256 -0.028029886411041552 0.18142860594276186 0.010377510749495757 0.983349362755541 1.604042561978433
0.9779964283042221 0.00986062905828356 -0.20838848637526217 -0.3992186442242421 -0.012172154129358374 0.9998777680324578 -0.00981291413919387 -0.03448687250134576 0.20826626707888335 0.012133531200704968 0.97799690366332 1.7869206408220184
0.9713036372952171 0.010511663223436428 -0.23761049144665436 -0.47647473699548804 -0.013322419051789441 0.9998589553935605 -0.010226534392294203 -0.04086895857567764 0.23746950267782838 0.01309861589034077 0.9713066773112227 1.9790939738137845
0.9632635427983178 0.012213739698535472 -0.2682800201546655 -0.5595281188676937 -0.01544842303580649 0.99983115984793 -0.009949396857588395 -0.045636264702092005 0.268113228113662 0.013728393907827157 0.963289587353752 2.1656477439667166
0.9538445666613607 0.014060083998260812 -0.29997142113302294 -0.6581172262251331 -0.017644811098639034 0.9998015765029622 -0.009244585251084469 -0.049617353548790474 0.2997819399759795 0.014110835811922575 0.9539033868356769 2.361132841051954
0.942626765174321 0.016357892578941633 -0.33344741727150906 -0.7663477213099941 -0.020229810143523697 0.9997622011381918 -0.008142682624787087 -0.055879571851788795 0.33323495352060867 0.014421088367220404 0.9427335236874872 2.557840518043656
0.9301576154155188 0.01834081026668246 -0.3667020742395362 -0.8681310638615564 -0.022920190124396986 0.9997041819584428 -0.008137402725852743 -0.055672404593268415 0.3664443767022438 0.015973948331223203 0.9303028326260383 2.7385543562549675
0.9163057066247059 0.02119632165529227 -0.3999181755339959 -1.007814792332792 -0.026438710939629885 0.9996215763607229 -0.0075956488793569674 -0.05657015005992347 0.39960587383164226 0.017533257055664244 0.9165193670145713 2.934306377364062
0.9004735807309697 0.021508475512392326 -0.43437853183785924 -1.1312015428660371 -0.027439681833084446 0.9995961681482421 -0.007387373101111608 -0.05449730883000464 0.4340442599713367 0.01857134319276993 0.9007001211207882 3.1292763239620895
0.8822392568926324 0.017001643898928658 -0.4704942362146247 -1.2655698152271735 -0.02380659808150279 0.9996803026267478 -0.008516373797288113 -0.053949496308849265 0.4701990724352667 0.018714345813387993 0.8823619604806199 3.308461260115218
0.861123961480719 0.012701440719347366 -0.5082363285485062 -1.4188412101053856 -0.020100053895533102 0.9997568265256571 -0.009071141314586873 -0.06320605492402889 0.507997571469688 0.018026954022688314 0.8611698619936239 3.5087753848458814
0.8364227410265321 0.014066979915129514 -0.5479042750372126 -1.580171303699598 -0.020857316795007522 0.9997634100817773 -0.006172392387067201 -0.07171763661337008 0.5476878724109888 0.016590542128467625 0.8365182488916906 3.68272775614074
0.8076986253749289 0.018574589650468088 -0.5893028748235364 -1.788034131602251 -0.025105833740160864 0.9996805897704429 -0.0029005260180168515 -0.07396017554594066 0.5890608182224547 0.0171376903017257 0.8079069748546281 3.86832206901833
0.7755998706721656 0.021615755991670975 -0.6308546369868541 -1.992155942787012 -0.028807345323549397 0.9995842993002105 -0.0011669887699266282 -0.07895001198168852 0.6305672166464327 0.019078363514219505 0.7759001500276238 4.035577035571621
0.740067216650068 0.02076865032972535 -0.6722121288331006 -2.187862702137359 -0.029101778973182 0.9995757847108275 -0.00115652423568374 -0.0742418910915716 0.6719029968417096 0.020418473595621676 0.7403576686391045 4.183435836371055
0.7008839750994115 0.016698056019611437 -0.7130797888191538 -2.433531469082881 -0.023847610360818665 0.9997156049261765 -2.9588482038221153e-05 -0.08586211078676363 0.7128765605121501 0.017025986393075884 0.7010828599744118 4.3577764774532275
0.6586415809576965 0.012856048455232742 -0.7523469603735097 -2.6673838294440975 -0.019141584593166512 0.9998167337164876 0.00032731009949829137 -0.08692036332603098 0.7522133484281182 0.014185532338312368 0.6587669553258159 4.514474268932317
0.6145081137464341 0.012061102957389795 -0.7888182636407007 -2.9100561085271095 -0.016919667174845082 0.9998546339349926 0.0021070477011909516 -0.08760094832069472 0.7887290757591421 0.012051744390468862 0.6146228623185732 4.65276894976828
0.5666288133727413 0.012098900746474912 -0.8238843070681371 -3.214134226902986 -0.015005487875540258 0.9998778942388056 0.004363333694968849 -0.08425343293759134 0.823836567008549 0.009890395487293993 0.5667411723884531 4.801506661744195
0.5158826965475867 0.012720633081379317 -0.856564752451238 -3.5121956325519497 -0.014059041355898597 0.9998808026461322 0.00638165665561814 -0.09027255564680138 0.8565438922705346 0.008750292778982342 0.5160000408062811 4.9194316915759675
0.46391775930329693 0.013621456058479607 -0.8857735041447767 -3.804732627717705 -0.013594358815392157 0.9998735106164951 0.00825613909072055 -0.08148534770272195 0.8857739983991264 0.008211352984738672 0.46404425008020783 5.022367742793351
0.4097153481060946 0.015108015435010308 -0.9120882710066675 -4.16039419317212 -0.012637343084563562 0.9998608927280636 0.010885131702701703 -0.07796846884851613 0.9121259194137519 0.007066566757860928 0.40984927916584185 5.1138036964440925
0.3547123016788854 0.016822258524779178 -0.9348241105659981 -4.483706301972398 -0.012705765717549255 0.9998325264042442 0.013170981387208848 -0.06924696829645806 0.9348892013204932 0.007205746874497558 0.35486663191687046 5.165693588564276
0.299604563609159 0.019262769522919863 -0.9538689489266345 -4.872905129715381 -0.010983303194441366 0.999799539510018 0.01674051969882096 -0.06716948122828788 0.9540002888881073 0.005461095615771676 0.299756076880823 5.235759957159158
0.24578161690080505 0.020657186466519494 -0.9691050505757446 -5.252770837319893 -0.007130048165225344 0.9997843733626278 0.01950283697083637 -0.06427955016715647 0.969299048516277 0.00211632650850126 0.24587590973656714 5.290686217459311
0.1946987672659917 0.02140084606423674 -0.9806295513296084 -5.631157450765368 -0.005109790368141718 0.9997705177268235 0.020804049475325735 -0.06968581634940905 0.9808498191475412 0.0009602884311821155 0.19476344500718473 5.332668839065032
0.14743575472335352 0.021726761459514254 -0.9888329309008604 -6.059673511062652 -0.007215421058366892 0.9997557272683634 0.020890934358268658 -0.06143630988674453 0.9890453597741973 0.004054774838152118 0.14755650800828315 5.34407021482668
0.10454224584294321 0.021456216085020643 -0.9942889282783345 -6.4797705153760505 -0.009843497216328387 0.9997405984061176 0.020538888899088874 -0.046503342500835876 0.9944717713051158 0.00764009822720249 0.1047263257509392 5.355623034414288
0.06630088046919629 0.01962265378038993 -0.9976066686919629 -6.94368438745896 -0.011458279775788314 0.99975565921437 0.0189034085895695 -0.039068236946688414 0.9977339225076981 0.010177543237995515 0.06650952231643371 5.34031668562808
0.031634397556469185 0.016994749626278713 -0.9993549767867675 -7.40256052519857 -0.010881272121892435 0.9998020335694345 0.016657907526108146 -0.03442131555775217 0.9994403177267578 0.01034729002481797 0.03181305987409638 5.326284143025893
0.0006302979268289941 0.014180855375274103 -0.9998992040932143 -7.868334309966837 -0.010811988413884506 0.9998410980608882 0.014173216470937474 -0.03573738601797309 0.9999413884481066 0.010801964768959837 0.0007835214222828953 5.30828570647136
-0.02653484003867298 0.011953849661882262 -0.9995763693103862 -8.358729976563769 -0.011282277046972922 0.9998612322513111 0.012256757002719727 -0.028653965978849505 0.9995842623927039 0.011602728139233381 -0.026396291212638128 5.268607697036279
-0.04728842103169564 0.009517371166954376 -0.9988358899386371 -8.857560040757946 -0.012267724914991993 0.9998736591374172 0.010108057349280325 -0.024365509450231707 0.9988059848846049 0.012731437656532745 -0.04716569010572157 5.223017568174961
-0.06386936543930252 0.008382485281237096 -0.9979230197186911 -9.392138020744149 -0.011957072198353335 0.999886512841701 0.009164258998735669 -0.012600234769196167 0.9978866712684061 0.012517552160581443 -0.06376188640239852 5.178487030185691
-0.07701522287098454 0.008985561608187257 -0.996989385543069 -9.932270235497361 -0.011170341518784065 0.999888852945777 0.009874578216248637 -0.011564698976967769 0.9969673794787871 0.011897204207596561 -0.07690629107479244 5.124425540708638
-0.08625308126514156 0.01024175405546838 -0.9962205686181954 -10.490208307857925 -0.011623874758084128 0.9998687488127698 0.011285658625544842 -0.009688387597572012 0.9962054865762799 0.012553365045929925 -0.0861227105476282 5.061743698200386
-0.09385223132077065 0.011318724347735617 -0.9955217506474764 -11.065485527707445 -0.013446463636391657 0.9998297516173126 0.012635362978848375 -0.006003226335597009 0.9954953748478274 0.014572102749346472 -0.09368405629654188 4.998126150790586
-0.09785085770561912 0.012231880751439056 -0.9951258793364862 -11.64806789881109 -0.013230263404178301 0.9998201097455545 0.013590515077290819 0.0022734169395188797 0.9951131893104616 0.014495620963490859 -0.0976714240399353 4.932537612384362
-0.09965042282632815 0.012978994724966627 -0.9949378175983474 -12.250918368232902 -0.012373036412553454 0.9998214497805517 0.014281953210698852 0.0067727301165736165 0.9949456162420048 0.013733603140562881 -0.09947203995422355 4.867245510228019
-0.09852540186948483 0.015121566548631045 -0.9950196008629535 -12.867863182301722 -0.010153372557793252 0.9998172208815376 0.01619984995052251 0.01842125131059231 0.9950827801359565 0.011698900898622026 -0.0983538580120527 4.798568415069714
-0.09707527386751959 0.01763379208180109 -0.9951207730299974 -13.501918492974893 -0.00973116718162759 0.9997784273484133 0.018665614303003012 0.03012969449048547 0.9952295148319944 0.01149565572684488 -0.09688216648089372 4.727643371761779
-0.09505920770109548 0.017708723843239595 -0.9953140517599554 -14.147387809792324 -0.01072777939355228 0.9997654739675418 0.01881250008283688 0.04191495698106107 0.9954138592482843 0.012465810077980675 -0.09484693826644637 4.649078476066542
-0.09311212727801435 0.01535850499885471 -0.9955371274743381 -14.805808198137036 -0.014745571448224352 0.9997500898638647 0.016802646324735767 0.05829021018873689 0.9955464734591356 0.01624429329530577 -0.09286238658585037 4.5593746193392075
-0.09156227633750003 0.015224097874960157 -0.995682931171358 -15.480491414930766 -0.013310568126522171 0.9997750906388915 0.01651069767766941 0.08147924851537286 0.9957104305586202 0.014764862297207132 -0.09133904130139146 4.46031403244068
-0.08922583431828972 0.017909015365316368 -0.9958503532016757 -16.158204074546603 -0.014347241692053187 0.999711492162871 0.019263931866046198 0.1172918198365422 0.9959081262847973 0.016006546006685086 -0.0889431468445813 4.350615193830372
-0.08777284820201685 0.021441511057511856 -0.9959096885719062 -16.881603730714897 -0.013845319609721105 0.9996454853864324 0.022742175947484095 0.12946207469039955 0.9960443334274739 0.015784833587691224 -0.08744486718441546 4.284755692155065
-0.08579032978235115 0.023364167482942025 -0.9960391856810908 -17.601115260475378 -0.012726684723880947 0.9996177319493077 0.02454427912230385 0.143545102952698 0.9962319669165707 0.014781937515231621 -0.08546018516695648 4.218604422104944
-0.08435695516767241 0.02295864402865729 -0.9961710341009324 -18.34930156427028 -0.015994471568326847 0.99957452680654 0.024391515822673748 0.154122844333412 0.9963072670133809 0.01799082238075016 -0.08395385163886775 4.1501497399418
-0.08237338439673872 0.020376120364660803 -0.9963931757406146 -19.095823045148645 -0.017799824181093923 0.9996014063740388 0.021913268380650067 0.15988485545332423 0.9964426141439208 0.01954069292947947 -0.08197785897730012 4.0799781206992805
-0.08060109472785294 0.019559793889403855 -0.996554458344961 -19.855475939591663 -0.019962955797828943 0.9995752155555478 0.021233683252257534 0.17259173618005727 0.9965465537187312 0.021605630019349138 -0.08017638482769497 4.017218159302422
-0.07961882587804511 0.021598143259812883 -0.9965913327539723 -20.64773663862361 -0.016515287630303417 0.9995994387624153 0.02298276075604027 0.18799276988809288 0.9966885995800469 0.01828885188095534 -0.07923023388437021 3.9591223124334234
-0.07790846920632215 0.023680384788489068 -0.9966792022719857 -21.428995600904088 -0.016372648569054897 0.9995526608204172 0.02502847494959787 0.19482489552126264 0.9968261104047724 0.018268207948729936 -0.077485905614095 3.8972185968162667
-0.0771388712791429 0.02543899498043146 -0.9966957242495363 -22.237913208700604 -0.012216141504518685 0.9995752840271489 0.0264579554159102 0.2089261533105558 0.9969455586974479 0.014216711943423542 -0.07679534174800606 3.839994313514929
-0.07637810760617877 0.021222694988817487 -0.996852999563461 -23.03378442015665 -0.012534321017300443 0.9996740095311427 0.022243123939686672 0.21475220781880566 0.9970001755009531 0.014193762838744744 -0.07608719692496398 3.776801593675454
-0.07620211582625454 0.014407121344467855 -0.9969882623588199 -23.834806700531722 -0.015167209874852688 0.9997631657968101 0.015606485754173815 0.21886891111860224 0.9969770676938546 0.01631077727300779 -0.07596555297055557 3.7183171601931577
-0.07614078949008184 0.009632490042248995 -0.9970505080367147 -24.652692242264706 -0.011944444669209327 0.9998727701980996 0.010571906115088245 0.22389509834847532 0.9970255696454698 0.012714167573408033 -0.07601604770801776 3.6587668541120038
-0.07675520756095884 0.010640178914505655 -0.9969931507691966 -25.483220095726466 -0.012539742679903055 0.9998536683096114 0.011636100877800213 0.23073793064886622 0.9969711517345308 0.013395167827402733 -0.07661055074865251 3.5911370924276116
-0.07678155141319708 0.017524928797150157 -0.9968938712777411 -26.316909026802588 -0.011053578251295725 0.9997691090368525 0.018426830047822446 0.23623269626928411 0.9969867083171996 0.01243408478175547 -0.0765701096236553 3.5224485281466698
-0.0768503138609508 0.024567349904866392 -0.9967398831186147 -27.153657183591033 -0.01145584784869006 0.9996086394114632 0.02552132342779876 0.24716553636077637 0.9969768675712595 0.013379822003706897 -0.0765387965505124 3.4492500757624955
-0.0767915032642287 0.0298189621955576 -0.996601131850203 -27.993775985306776 -0.01219727221753767 0.9994497809454796 0.03084403776122019 0.2686827386890778 0.9969726023487551 0.014524374191818545 -0.07638554068125097 3.3610343332745027
-0.07710463846593747 0.030628469587811378 -0.9965524009613909 -28.81605920175758 -0.013153853936811255 0.9994097864092873 0.03173402192908203 0.28476468516527614 0.9969362766931451 0.015555345114706682 -0.07665624694334998 3.2726749720520734
-0.0770552156456459 0.027102628014215025 -0.9966583491693325 -29.648265935297378 -0.015146926743369734 0.9994832719270063 0.028350511021954808 0.2977776864044539 0.9969118023820193 0.017280865292874547 -0.07660487728136045 3.2048333826302424
-0.07763003169049583 0.02469851341218986 -0.9966762188103256 -30.474004437536397 -0.016249602423977803 0.9995289555797684 0.026034871709984624 0.30569190777665683 0.9968498429437791 0.01821667927269295 -0.0771921228892726 3.138139609940981
-0.0777205814725435 0.025462477466441837 -0.9966499375521913 -31.30968198056225 -0.01808833382265584 0.9994732482338297 0.02694516965054357 0.320106332783059 0.9968111188977311 0.02012193065588031 -0.07721906776128618 3.0684603886610797
-0.07768538835239702 0.02776826354673722 -0.9965910989734569 -32.15776521548312 -0.016678030254044077 0.9994359760025369 0.029147602337763655 0.334081003822793 0.9968384574153253 0.018885519113690345 -0.07717845065013983 3.0048944285184653
-0.07773705005357656 0.026316069408408575 -0.9966264795869113 -32.985451787240855 -0.01745039076575841 0.9994625096359013 0.02775208906038659 0.34000773300296544 0.9968212063992935 0.01954888695928736 -0.07723604058232476 2.9364737478299094
-0.07717841862210749 0.021703085100970618 -0.9967810074268644 -33.820871226421396 -0.01899060474343109 0.9995496698295121 0.023233766274124705 0.34228512857822735 0.9968364603433334 0.02072261869128231 -0.0767315082074047 2.8701451360763857
-0.07703469789619279 0.017572759861277005 -0.9968734953541496 -34.64271612206561 -0.02193286487049294 0.9995728420850107 0.019315235026138466 0.3459274954062494 0.9967871814713936 0.023352235065365465 -0.0766163701888179 2.8034260204357158
-0.07678330729194188 0.01803108917752627 -0.9968847034114802 -35.470862757922255 -0.021371042799234945 0.999576993674015 0.01972585415762045 0.3550667386649203 0.9968187814418715 0.02281908197629492 -0.07636548438207318 2.738131736191422
-0.07570640372806649 0.020448597030117668 -0.9969204129298608 -36.32050524301053 -0.018519759645335396 0.9995884038931578 0.021909718153113423 0.3561017250586438 0.9969581974681511 0.020121432104368932 -0.07529654016509132 2.6740881531406915
-0.075768420397103 0.025279077392178342 -0.9968049135955209 -37.142965849442355 -0.019576587914622415 0.9994481907656089 0.026834152784944505 0.3683387650993581 0.9969332910764616 0.021547219482607283 -0.0752317323685058 2.61311504155437
-0.07466109682745678 0.030608319881755643 -0.9967390633239464 -37.99260760458777 -0.017123321454883465 0.9993421123568125 0.03197088465456865 0.3825084214519867 0.9970619839107121 0.01945446457228531 -0.07408786152935568 2.552168211664586
-0.0751926024639473 0.03394841696658559 -0.9965909377679475 -38.811329392577164 -0.018295363974103064 0.9992051159267559 0.035417849682334496 0.39640242803650644 0.9970012258543596 0.02089615434042157 -0.07451173346280851 2.484601062757893
-0.07479426906134984 0.033826682760034844 -0.9966250451402091 -39.64771244629788 -0.017080052692160643 0.9992344296049936 0.03519706576134883 0.41395545400808875 0.9970527403653208 0.019654946872722883 -0.07415924654364389 2.4212999541559803
-0.07414678100106342 0.029821283398401864 -0.996801312903429 -40.46720801321137 -0.017283257551355704 0.9993642375471613 0.031183568751617152 0.42413112380356843 0.9970976060434444 0.019540135262295692 -0.07358423254609779 2.355319630850294
-0.074006248778774 0.025704763754498976 -0.9969264037251846 -41.28131279128689 -0.01951144897251527 0.9994390826019262 0.02721797245509722 0.43847611775650064 0.997066930629471 0.021465777597985593 -0.07346319982315219 2.2799040873427745
-0.07296553800987005 0.022838002150297604 -0.9970729009776411 -42.13055131204418 -0.022404270629831555 0.9994479597342456 0.024531942829312377 0.4464853826487689 0.9970828259671982 0.024128676719789247 -0.07241358972437552 2.226489765837239
-0.07395697193170232 0.020834666764573583 -0.9970437323261554 -42.954993769785 -0.026604535707960984 0.9993846921043488 0.022857009855204703 0.4600437434095449 0.9969065400455669 0.028216319557784645 -0.07335716817264644 2.162264802572188
-0.07425950330212322 0.018822205904855283 -0.9970612705739527 -43.79239365998424 -0.022820266887629045 0.9995279774383975 0.02056838928978859 0.46172527774299993 0.99697785690441 0.024280601475227707 -0.07379492313627427 2.105969230539768
-0.07547549906206692 0.01534916864683988 -0.9970294761265353 -44.62261206325223 -0.020799753134016084 0.9996397369895698 0.01696390221415644 0.46119204347677384 0.9969307446286885 0.02201832509738712 -0.0751290489275028 2.057835463257121
-0.07621356869291789 0.014224460555033932 -0.9969900056070162 -45.45146434160961 -0.017416675460019893 0.9997266924990423 0.015594900973487232 0.4600639375637457 0.9969394349684324 0.018552794199192212 -0.07594499580612445 2.0045696334348344
-0.07757379347017024 0.016993551150114153 -0.9968417349834797 -46.27442626232401 -0.016211377028076655 0.9997010371162068 0.018303857804655696 0.46585989940223443 0.9968548442419436 0.017580076840951135 -0.0772751126460366 1.948790329278774
-0.07964763671648074 0.02296148120076067 -0.9965585532944733 -47.10499658068043 -0.01204815777754288 0.9996394644317291 0.023995389473454514 0.4698236285070843 0.9967503083524282 0.013917869719555491 -0.07934227771524836 1.8926210502605652
-0.08148235089947016 0.0265545140357495 -0.9963209282754018 -47.93332067332106 -0.01034885786460912 0.9995685796198532 0.027487435413464625 0.4755802811938466 0.9966210982572018 0.01255052412663374 -0.08117238872038314 1.8323579916469181
-0.08272635585936901 0.026209672762311925 -0.996227548198556 -48.73803747950974 -0.01110724240783712 0.999567761726508 0.027219892157547068 0.47884677930364683 0.9965104383594017 0.013317142700480164 -0.08239948086713907 1.773481917575094
-0.08410088556506129 0.02249240123482019 -0.9962033166222574 -49.55381966207694 -0.014165711830407662 0.9996171934037167 0.02376537006379318 0.48294356600820565 0.9963565927036881 0.016110617167885193 -0.08375006983865538 1.7030928970978116
-0.08508292503747136 0.018776736568526988 -0.9961968912381428 -50.36879855941381 -0.02067434585205902 0.9995738884173462 0.02060613749661331 0.4888784233050254 0.9961594049087734 0.022348948592873834 -0.08465847337987481 1.6351520443921939
-0.08633048550000061 0.017245207898321357 -0.9961172439020315 -51.16075296843278 -0.024171132871651565 0.9995196017581603 0.019398951033460263 0.49419043818850494 0.9959733399124774 0.025752002031141984 -0.08587217625815967 1.569302806323041
-0.08758173741551202 0.01827240773810141 -0.995989696447952 -51.97163635556041 -0.025495004620349447 0.9994631268581005 0.020578019532064545 0.4979425511283298 0.9958310779752478 0.027195019633353586 -0.08706886244258841 1.5021715993558413
-0.08852088804249715 0.019541650294921425 -0.995882568375618 -52.78085702702188 -0.0257415386609237 0.999428733372746 0.02189931970511367 0.5005248875702326 0.9957416918524316 0.02757409621569929 -0.08796728633024883 1.4510119482510602
-0.08987385161659707 0.01946216483628019 -0.9957629445739089 -53.5881835652028 -0.02656924082479767 0.99940636909486 0.021931417379109634 0.5012662737270842 0.9955987363441666 0.028427725105969234 -0.0893034044782629 1.392872721912607
-0.09053450947464706 0.019285992828169903 -0.9957065221545318 -54.37190267572788 -0.027958489188130604 0.9993691823209224 0.021899058001963057 0.5039039990990558 0.9955008357287105 0.02982106960010005 -0.08993818984627544 1.3239521572117543
-0.09059632995077792 0.02088233805604161 -0.9956686920789158 -55.149567720606456 -0.027277417771841023 0.9993530064718226 0.02344159459408835 0.5075809354729959 0.9955141058201363 0.029282992710622947 -0.08996809752104472 1.2605308144380503
-0.09113300401360669 0.02361001634236032 -0.9955587719061281 -55.92974228324225 -0.02609781287125126 0.9993189249072847 0.02608817148000447 0.5120129326909613 0.9954967374609621 0.028359399041888892 -0.09045476489367793 1.191413508727055
-0.09121443561356923 0.02795242296277392 -0.9954388537477123 -56.695783523678706 -0.024880741518774518 0.999229953587507 0.030338761103390767 0.5211378553282703 0.9955204494543073 0.027534589054148424 -0.09044871897393779 1.1245658866391317
-0.09160827240498375 0.030107844898534408 -0.9953398216193103 -57.47626618326407 -0.024785050711001257 0.9991642251604743 0.032504674833561724 0.5300199440398865 0.9954866697755299 0.027647243789946506 -0.09078548375549057 1.0528063040131181
-0.09237098818232473 0.030158734082010252 -0.9952677844735034 -58.23066227438736 -0.024549402457854717 0.9991683886732287 0.03255536595447558 0.5365706773676004 0.9954220299144799 0.027440400223475988 -0.09155379249090403 0.988273345898171
-0.09232209955954354 0.02849312189607737 -0.9953214029318044 -58.97033261736088 -0.02327650695406007 0.9992555874244892 0.030764783784003605 0.5443435127670009 0.995457138928578 0.026007873930964823 -0.09159015286494572 0.9270279208802701
-0.09275442537499115 0.02499337120283374 -0.9953752380882407 -59.71686485931596 -0.023833301643402468 0.9993427461389822 0.027313908980375893 0.5501653503126809 0.9954037741823538 0.026256563088974862 -0.09209778776399101 0.8582026881779473
-0.09239639325940262 0.021788543848847514 -0.9954838462543277 -60.43252644156442 -0.02419765045456905 0.9994161672403561 0.02412053103963939 0.5567848929390738 0.9954282772575008 0.02631701949457606 -0.0918152179809536 0.7922589713582764
-0.09095865104165389 0.01965512161733189 -0.9956606410606701 -61.15171985192007 -0.026083952147927924 0.9994151697871689 0.022112141302084574 0.5590812748768886 0.9955130548940969 0.027982054052310173 -0.09039277174551504 0.7242457048266775
-0.08901447921245097 0.01887771651145054 -0.9958513763259526 -61.84922230963376 -0.027730788125453144 0.9993858353741722 0.02142344220526682 0.5607022729571003 0.9956442718584106 0.029522739567919558 -0.08843631516172125 0.6645045459587411
-0.08468825619192005 0.01982292267535364 -0.9962102546347601 -62.52333289050059 -0.02779497771619792 0.9993660200741072 0.022248580449256584 0.5626847657285087 0.996019789276573 0.029573833914858773 -0.08408358688218714 0.6144881727112789
-0.07916836556577005 0.021288627011869354 -0.9966338767991019 -63.19266378352006 -0.027926968777291294 0.999332177205337 0.023564664537691352 0.5643403240750897 0.9964700373834298 0.02969853836960978 -0.07852096763956691 0.5632711749738296
-0.07187092888942746 0.02283254644583911 -0.9971525268729304 -63.84237255062786 -0.026887775290134003 0.9993302738217021 0.024820379748787612 0.5674534005260033 0.9970515032437658 0.028595075405211386 -0.07120887793227469 0.5280384663566361
-0.06281897394486163 0.02432423031981134 -0.9977284295691149 -64.49065127957357 -0.027928461649946005 0.9992686037707363 0.026120210987229126 0.5700340461891366 0.9976341329224706 0.029505864322601764 -0.062093688825874724 0.4980357865390179
-0.05120274942545141 0.026267611350035948 -0.9983427335378225 -65.1174633502208 -0.02957825999830554 0.999175625193023 0.02780652877974621 0.5685326461439866 0.9982502154108688 0.030953010682272047 -0.05038358876757159 0.47429864978749503
-0.03664366175339116 0.02781113893661824 -0.9989412925354145 -65.72568615320671 -0.03188752986237442 0.9990711074753064 0.028984468348777437 0.5755469833682426 0.998819560629889 0.0329158670337615 -0.03572279472191526 0.4690632458050259
-0.018482671311646295 0.029160444052926473 -0.999403812460689 -66.3161271936923 -0.034216512261430396 0.9989706450285611 0.029780595749448833 0.5813772384628176 0.9992435712490569 0.0347465369775221 -0.017465877716914865 0.4679647190753852
0.003597815583307435 0.030364318085985293 -0.999532382595654 -66.87715482213356 -0.03490607571051255 0.9989335759615755 0.030220483411648034 0.5823674734728528 0.9993841624940862 0.034781023804121465 0.004653878455117128 0.4899296792155898
0.029287039572561655 0.030757623199992725 -0.999097669608924 -67.42524745150426 -0.03483918984066022 0.9989505727071117 0.029731837260463505 0.5896746418191916 0.9989637564453627 0.03393699521066665 0.03032787572032654 0.5235300906016555
0.058209676445190955 0.031031926544206744 -0.9978219131915824 -67.93318145982171 -0.03327102864485879 0.9990218139758534 0.029128321233871986 0.5860008046590901 0.9977498418652404 0.03150301039696346 0.05918520157895561 0.5794702397435986
0.0924906939755654 0.031219975314250376 -0.9952239406389859 -68.43710997980727 -0.03149072021423666 0.9991000536635256 0.028414993339296 0.5889213820133254 0.9952154960401225 0.028712195056393615 0.09339059736090888 0.6475110173804185
0.12962635997592853 0.031657611140095646 -0.9910573772493391 -68.90438397491543 -0.0308325035803807 0.9991355745387912 0.027882887959951433 0.5953598966252391 0.9910834679282775 0.0269424220316293 0.1304903854852802 0.740402486716363
0.16983756428971347 0.03209043178510216 -0.9849493987478924 -69.3568883004938 -0.029500693550701475 0.9991872954156363 0.02746742793299947 0.5889519580053556 0.9850304483032797 0.024391689086136113 0.1706462302946502 0.8569338873158677
0.21528628289094573 0.03297938497808249 -0.9759939029372637 -69.80586626168774 -0.028475047841618584 0.9992166250749692 0.027483023694352092 0.598381872110275 0.976135782810491 0.021874754040263854 0.21605672203408505 0.978675652575038
0.26187965356575826 0.0316311232431213 -0.9645820052600345 -70.22469757180899 -0.025332034475308362 0.9993436890273353 0.02589351649274876 0.6039469490211834 0.9647680591290632 0.01765383908631326 0.26250905740690644 1.150492721124385
0.3119512032872341 0.02764320715128154 -0.9496958566156176 -70.63071912240689 -0.017005867210554446 0.9995789750639573 0.023509177263456603 0.5937363353659694 0.9499459591572333 0.008816685281067608 0.3122899516488085 1.3369078245128687
0.3627069046378411 0.02307341060326949 -0.9316175391039985 -71.03240340294501 -0.010986639877799815 0.9997298351155017 0.02048292024235613 0.5869389511575215 0.9318385412724768 0.002806049762152264 0.362862410246657 1.5559326781832976
0.4145881715211478 0.01868277648850907 -0.9098173043977861 -71.40924882330413 -0.005220276669667011 0.99982160242613 0.018152193179343436 0.5841464166048479 0.9099942143057944 -0.002776186660795818 0.414611746052722 1.772117412200913
0.46474515417281087 0.018186511458496646 -0.8852576624993513 -71.78100040078537 -0.004988777632486328 0.9998269538011421 0.017921171853744686 0.5940245628597957 0.88543047597702 -0.003912424240653224 0.4647554620260471 2.04379347539376
0.5129985820059065 0.016717194689401842 -0.8582266143820182 -72.13851430449839 -0.003320859646061974 0.999841508813663 0.017490658739172254 0.6072589766864599 0.8583830675360807 -0.0061226332274926295 0.5129727891804303 2.292151552295405
0.5575503327153766 0.01305646202850108 -0.8300404186032624 -72.46383072384714 0.004712587497252628 0.9998104131316058 0.018892443652459064 0.6136941411947103 0.8301297938314335 -0.014445126484944117 0.5573831041530176 2.580521853155017
0.6010761065255602 0.006740339880729104 -0.799163326999047 -72.77775842271444 0.016105758164524316 0.9996591956852545 0.020545022458102923 0.597234738330589 0.7990295166728183 -0.025220254137636636 0.6007626977891853 2.9104279567685634
0.6434353281756242 0.002374546399590022 -0.7654967632835088 -73.06333131336524 0.01798737459565952 0.9996721826867423 0.01822016844391188 0.5941330739817093 0.765289143994387 -0.02549277641317821 0.6431816891376335 3.2057016245658856
0.6842494812731806 -0.002595757766592756 -0.7292433521579781 -73.34608380103343 0.01562910653199224 0.9998161783473448 0.011105931777407582 0.6055232228505858 0.7290805373717647 -0.01899664997301487 0.6841642703794747 3.545984418731156
0.7247347329676807 -0.007808868019326908 -0.6889837167538352 -73.61255289279912 0.012141029784917611 0.9999252630203861 0.0014379742261860797 0.5948758136444351 0.6889210477343698 -0.009407121313432331 0.7247753740119333 3.8665741754928007
0.7637390705975888 -0.010492300178794321 -0.6454397800128202 -73.87988193870211 0.007844523554614711 0.9999449151384197 -0.006972848259474931 0.5974735271342431 0.6454774456510226 0.0002622689366059537 0.7637793042639914 4.253372430167986
0.8006115450743279 -0.011253973564366217 -0.5990780265841178 -74.12001797736829 0.006878063288543756 0.9999303349133003 -0.009592294911263627 0.5973211319603858 0.599144287743092 0.00355920538306152 0.8006331800123718 4.641157067635906
0.8346725568038419 -0.012689527235094845 -0.5506002768049678 -74.34980993018287 0.007685798809926813 0.999905550960243 -0.01139339099211677 0.5930455302637168 0.5506928983138144 0.005277947583460488 0.834691262235915 5.07813393073561
0.8653799129536695 -0.011759117218890438 -0.5009783402421885 -74.58542667376558 0.0057974262917226006 0.999892663641854 -0.013455431169504796 0.5924932064886576 0.5010828323650565 0.008739674700390224 0.8653552034044765 5.57979826702244
0.8912248376775458 -0.009168975810943907 -0.4534690843780471 -74.78138402107568 0.004519131387215407 0.9999255241704976 -0.011336453276918498 0.5714903856426504 0.45353929580065566 0.008054041975763671 0.8911998981519567 6.043395569459416
0.9128695843812006 -0.00436124473780729 -0.4082279876195006 -74.98405754793586 8.928083176367287e-05 0.9999450440326766 -0.010483120123848957 0.5693708660673662 0.4082513146283127 0.009533274748948 0.9128198015861229 6.554933594294917
0.9301451340886132 0.001024387796550552 -0.36719063492485343 -75.15990854895665 -0.0056138589056717375 0.9999189081265729 -0.011431114942810228 0.5626575218791899 0.3671491756138097 0.01269395169669919 0.9300754577848138 7.0533763941033385
0.9438130181233082 0.006216880919535322 -0.33042144337422585 -75.33139463466772 -0.010057701456001225 0.9999002576992799 -0.009915602177263418 0.5559674562320307 0.33032686907108955 0.012681755289959988 0.9437814041774119 7.599085169102495
0.9540726027284817 0.006506741278846325 -0.29950479974945265 -75.48951041626327 -0.009284069340596163 0.99992608368304 -0.007851009143513735 0.5460696644738158 0.29943160278940306 0.01027105600968305 0.9540624835884783 8.175466833916648
0.9614339730827421 0.006145419611930897 -0.2749671537559146 -75.6332654140463 -0.008059013369225213 0.9999505260234407 -0.0058301249467698655 0.5326207960135949 0.27491774766623617 0.007821244080119123 0.9614359408938171 8.735393373989615
0.9673852292667685 0.006637903696519517 -0.253222715434938 -75.77712493715264 -0.007777830610668186 0.9999636220451127 -0.003500852548719723 0.5221194575664787 0.25319028357121015 0.00535619637499362 0.9674016686881188 9.340924949514395
0.9718813970129215 0.008043173305401491 -0.23533348573030902 -75.91381245895744 -0.00849125953176127 0.9999635512347796 -0.0008907195547764879 0.517686915876083 0.23531776715133676 0.0028639514801335124 0.9719142717522987 9.945051227770909
0.9754561640257465 0.013718321314729746 -0.2197659339969515 -76.051263317617 -0.01382392989180717 0.9999038816211953 0.0010573341736364768 0.511683838711127 0.21975933920239032 0.002006645759937879 0.975552054353058 10.5718319750262
0.978492676905092 0.015161002231008757 -0.20572365977397936 -76.1832632339564 -0.015094129718157495 0.9998842855773361 0.001894554822958688 0.511562631426752 0.2057285956833767 0.0012514114616926728 0.9786082875175719 11.226110385664281
0.981053771232176 0.016300548593405156 -0.19304864272099503 -76.30654667391481 -0.01614206970944931 0.9998668395935445 0.0023939135820830616 0.49907740156007263 0.19306197090374538 0.000767646657500638 0.9811862691742795 11.87612890023802
0.9836940321306668 0.015430353631711191 -0.17918694956640277 -76.4224483185505 -0.015274574247040217 0.9998808109388309 0.0022490968164029517 0.49532752846144834 0.17920030473369 0.0005245811900188608 0.9838124669305023 12.551629675067334
0.986358151943606 0.01632948315384564 -0.1638015405739652 -76.53313556596252 -0.016072727859779985 0.9998666387183548 0.002892773338927042 0.4899731374239688 0.1638269441096781 -0.00022057289524333692 0.986489069338039 13.256310383625873
0.9884549174963175 0.01735642476593944 -0.15051785894302305 -76.62954544828563 -0.017022478350256748 0.9998489566798402 0.003506912862136056 0.48867303395876016 0.15055600436092662 -0.0009042381883497832 0.9886010658238422 13.95909422480651
0.9903914902581844 0.01815026284570765 -0.1370957922002543 -76.72838226300448 -0.018186494778199124 0.9998341222777607 0.0009883928825369234 0.4763110102965912 0.13709099927157145 0.0015143959516341805 0.9905572974640549 14.687119196536784
0.9918218163478212 0.017743162642562933 -0.12639091275739892 -76.81897970697675 -0.018434763359824993 0.9998207970359058 -0.00430422879178058 0.46755933930678545 0.12629190243439894 0.0065990144666821515 0.991971176616273 15.40825883049844
0.9929886080739956 0.018634333049657382 -0.11673210327942347 -76.89436306240752 -0.019943173032243418 0.9997505588700526 -0.010054275004938966 0.45295604525168875 0.1165156432612096 0.012311788494705862 0.9931125430559519 16.14675180164833
0.9939543659905509 0.020493702765866324 -0.10786440005689035 -76.97801170741563 -0.021741816640207735 0.9997094393841641 -0.0104077295648672 0.4437500755199918 0.10761977319473359 0.01268997610823529 0.994111134625285 16.90301658943553
0.9945654495902269 0.019581957724043402 -0.10225516278281069 -77.05261462401998 -0.020127484962423316 0.9997881529623358 -0.004305797153920601 0.43182359310634444 0.10214919247876281 0.006340536283919553 0.9947488874474374 17.671813641522405
0.9950557182257888 0.02255951043505824 -0.09672217419829952 -77.13334729929376 -0.02235188234790707 0.999744946680572 0.0032297693207044963 0.42691753158022 0.09677037560259955 -0.0010518777299923323 0.9953061750936391 18.449891487892483
0.9956016481586285 0.01833433856087341 -0.09187600776523469 -77.20768419321755 -0.017747476151651138 0.9998165775147753 0.007200579070266814 0.4141439984164376 0.09199118077908476 -0.005538341123583465 0.9957444243265959 19.22317467649556
0.9957654566308879 0.022420463724064515 -0.08915424852706326 -77.27206095387176 -0.021899573258220444 0.9997369346048003 0.0068166028502154655 0.4002109853746651 0.08928363414280709 -0.004835297713241726 0.9959945087643117 19.983350023376964
0.9961165926805264 0.022710574813017376 -0.08506445976069942 -77.33538995269699 -0.022295325675239164 0.9997344401024955 0.005828545781899432 0.38984238005156074 0.08517424662775512 -0.003909371287433168 0.9963583972169778 20.75626063234219
