1.000000000000000000e+00 -3.306050084167601550e-19 -2.270457535318767223e-19 -8.673617379884035472e-19 7.546676715296109287e-19 1.000000000000000000e+00 6.237773588823049983e-19 1.387778780781445676e-17 -3.447385680526250622e-20 4.770700176052009879e-20 1.000000000000000222e+00 5.551115123125782702e-17
9.999801715836788008e-01 3.635479717453959361e-04 -6.287248383128254438e-03 -6.556993884940192849e-03 -3.619330013121025997e-04 9.999999043034490942e-01 2.580026464430824006e-04 -9.132898677510353780e-04 6.287342076308719344e-03 -2.557219631718775821e-04 9.999802041128723618e-01 9.179177656188697298e-02
9.999096237515530117e-01 8.947187382312417293e-04 -1.341436124652940938e-02 -1.531275212401841598e-02 -8.897487979511581584e-04 9.999995318674272937e-01 3.764639226861522586e-04 -3.252569823207374089e-03 1.341469347346868624e-02 -3.644945475772661740e-04 9.999099543810200386e-01 1.848142115452476031e-01
9.997779061483008656e-01 1.157830224038002660e-03 -2.104298618528533185e-02 -2.803431521396870449e-02 -1.154036722560684456e-03 9.999993150942679820e-01 1.924231153077332753e-04 -5.956411973910419322e-03 2.104319623568801090e-02 -1.680959683080581076e-04 9.997785487574314400e-01 2.886375992885348851e-01
9.995370748652373516e-01 1.532823801595667229e-03 -3.038557752550895275e-02 -4.398395447136171921e-02 -1.572515292512478022e-03 9.999979419058399044e-01 -1.282406447315592160e-03 -7.404651224526145881e-03 3.038355141238021848e-02 1.329594525491394454e-03 9.995374332289230779e-01 3.936680312023975170e-01
9.991261012485548321e-01 1.762047344765303855e-03 -4.176031787729322931e-02 -6.157455263782313226e-02 -1.890436060720666021e-03 9.999936097081247866e-01 -3.035128393213970717e-03 -8.978732875021960824e-03 4.175470652199787108e-02 3.111421331874276389e-03 9.991230490433207212e-01 5.095895423078350417e-01
9.984756457780504801e-01 1.712934698090130348e-03 -5.516741911553349476e-02 -8.132645562498974634e-02 -1.935344163063496600e-03 9.999902163916503106e-01 -3.978363457116252354e-03 -8.053046722067719321e-03 5.516006941610927805e-02 4.079067120367655536e-03 9.984691878302994761e-01 6.355932399889725470e-01
9.974454436652212541e-01 1.825526735294144857e-03 -7.140907680836686144e-02 -1.083334899049081951e-01 -2.113384992835883654e-03 9.999899421056200888e-01 -3.955767140986836579e-03 -1.092753174406020655e-02 7.140114312053398582e-02 4.096576794078346691e-03 9.974392642291589617e-01 7.700830350891794129e-01
9.959546775734313684e-01 7.887808414904609643e-04 -8.985348923550126599e-02 -1.420722935089547001e-01 -1.147580580120468197e-03 9.999915701759968245e-01 -3.941571876778807160e-03 -1.123688094509518731e-02 8.984963104548629453e-02 4.028741022310655673e-03 9.959471922505720443e-01 9.229920644286384590e-01
9.939685677073669678e-01 -1.971538801714724232e-04 -1.096651210438880919e-01 -1.720972587209015914e-01 -2.415064223517410116e-04 9.999920246825739767e-01 -3.986702052381344875e-03 -1.654478697938790988e-02 1.096650435464465168e-01 3.989141332176969826e-03 9.939605976100593931e-01 1.082436196375585746e+00
9.912688495831841751e-01 -2.887751607269860949e-04 -1.318559064555909488e-01 -2.183252637284888442e-01 -2.881168899093889540e-04 9.999904704688383772e-01 -4.356071131730479377e-03 -2.339184848305306264e-02 1.318559209814892386e-01 4.356027602153541602e-03 9.912593199479774464e-01 1.245330435511875056e+00
9.877645383824310565e-01 3.301318678789840009e-03 -1.559176600499524723e-01 -2.759438149668042017e-01 -4.223950081771782675e-03 9.999754696908296214e-01 -5.586474038647801232e-03 -3.056883142470459558e-02 1.558954077583283859e-01 6.176709191704913941e-03 9.877542619267394297e-01 1.420884679451801080e+00
9.833851459416806939e-01 7.302268183744806476e-03 -1.813844817054308667e-01 -3.404295719803094866e-01 -8.772784399315653944e-03 9.999348259185353305e-01 -7.306209097542639037e-03 -3.230342323114272773e-02 1.813193290485097531e-01 8.776064521756311854e-03 9.833851181397843533e-01 1.598393360230933480e+00
9.780463601486297787e-01 1.061776471879976279e-02 -2.081167419412829345e-01 -4.125158124717429597e-01 -1.257841714220408851e-02 9.998880814295071362e-01 -8.099768966254462105e-03 -4.022495475113241348e-02 2.080074623704903924e-01 1.053972908658296591e-02 9.780704584218633535e-01 1.772856952499799910e+00
9.713385625296299120e-01 1.189254639229551935e-02 -2.374025074226248644e-01 -4.956070549245592538e-01 -1.425713940709840734e-02 9.998643620226230766e-01 -8.245806221714318401e-03 -4.631166683143439489e-02 2.372722618981468190e-01 1.139415056724090228e-02 9.713763654477475251e-01 1.966960433177463274e+00
9.633369927748296480e-01 1.351878586190266920e-02 -2.679535064734089311e-01 -5.775287720973446559e-01 -1.620753272085068489e-02 9.998380342120121167e-01 -7.824933561030870260e-03 -5.136920002700341714e-02 2.678043412728896011e-01 1.188091377992460916e-02 9.634000630131585030e-01 2.147957532137394487e+00
9.538694265626166402e-01 1.538377355153896543e-02 -2.998273755464254120e-01 -6.812944280710381273e-01 -1.825782131815739326e-02 9.998102826402540666e-01 -6.786310905838746285e-03 -5.586072198209432460e-02 2.996661171243372168e-01 1.194744978506507259e-02 9.539693307971294223e-01 2.348206389654954318e+00
9.426655169612709884e-01 1.785140038560527678e-02 -3.332612184837622227e-01 -7.891535505784981197e-01 -2.083583761959900693e-02 9.997684161384999824e-01 -5.383040631414245936e-03 -6.202664980494394797e-02 3.330879746870001323e-01 1.201818299938124494e-02 9.428191669002291553e-01 2.543709816481812158e+00
9.300882422938178129e-01 2.008937426173975846e-02 -3.667864007600141751e-01 -9.010775133725120734e-01 -2.361327460819704488e-02 9.997080468743976267e-01 -5.122650973109388502e-03 -6.063028284878010932e-02 3.665764329355213347e-01 1.342554502275765393e-02 9.302910708317847499e-01 2.719482322731222812e+00
9.163152503257933068e-01 2.315027416327815682e-02 -3.997879596307825634e-01 -1.031326930712461287e+00 -2.713488917335615119e-02 9.996224902630423959e-01 -4.308724066411396235e-03 -6.352456713400193855e-02 3.995373238741212751e-01 1.479635110060479979e-02 9.165975194111646296e-01 2.922143142411040007e+00
9.003850803439054085e-01 2.396456383734426113e-02 -4.344334190306283761e-01 -1.159552963812140458e+00 -2.840139678159884357e-02 9.995896701359092695e-01 -3.723151821740756668e-03 -5.963460539804840699e-02 4.341659712261920490e-01 1.569078618572072870e-02 9.006962495201854546e-01 3.113854359978241781e+00
8.821192522367474753e-01 1.942614084239316016e-02 -4.706253556632544743e-01 -1.295749367907143013e+00 -2.450994085435927172e-02 9.996886474820155799e-01 -4.675898280314560139e-03 -5.875291677642047183e-02 4.703880354465816982e-01 1.565969908855452744e-02 8.823207402812371924e-01 3.292358634956931152e+00
8.611887925938078725e-01 1.575073928403149595e-02 -5.080410904480211487e-01 -1.448959330262955092e+00 -2.091166672604573631e-02 9.997714144662153135e-01 -4.451910123429478339e-03 -6.715381887888784151e-02 5.078548892188092800e-01 1.445792091965959238e-02 8.613213129399769352e-01 3.494130301010728967e+00
8.362410695599385990e-01 1.728573622936538379e-02 -5.480894601536795419e-01 -1.617487766605765653e+00 -2.159199296539177082e-02 9.997658709682220035e-01 -1.412946535055203696e-03 -7.443248584902019405e-02 5.479367521262110685e-01 1.301590735264375812e-02 8.364185094718395996e-01 3.661445936103500998e+00
8.077712236286159753e-01 2.250122976443821865e-02 -5.890664834520321635e-01 -1.821351300868728540e+00 -2.607827957488673479e-02 9.996569680878403252e-01 2.424562902506031178e-03 -7.481138729442479707e-02 5.889190140845510513e-01 1.340334829837568249e-02 8.080809182835438920e-01 3.840075907668040411e+00
7.755642645229448018e-01 2.603613127963452442e-02 -6.307314438238724730e-01 -2.029247469607677434e+00 -2.966260923549977543e-02 9.995485062677375021e-01 4.786692158585274630e-03 -8.040810482156358907e-02 6.305713562150492280e-01 1.499675261951168709e-02 7.759864092093179400e-01 4.011212173077768561e+00
7.400308445706299532e-01 2.536089718202542281e-02 -6.720945876810295871e-01 -2.226762386309161457e+00 -2.956967119332549326e-02 9.995494080621522004e-01 5.158503235327295024e-03 -7.523283750563473926e-02 6.719226296450573344e-01 1.605616373262195445e-02 7.404473073672183103e-01 4.159759709226804603e+00
7.007766553902865514e-01 2.202766526270192454e-02 -7.130405412041791458e-01 -2.471848079145596788e+00 -2.447213795475322931e-02 9.996771700001041427e-01 6.831381415317621525e-03 -8.370570394734912212e-02 7.129608978326431590e-01 1.266235343180608167e-02 7.010894846096096256e-01 4.335066871738065153e+00
6.587703099359992764e-01 1.910701068582893944e-02 -7.521014266872131371e-01 -2.711901982535326994e+00 -1.982875685941687741e-02 9.997711316872256448e-01 8.030887557419477338e-03 -8.466776646389415073e-02 7.520828040477054444e-01 9.622726026313671577e-03 6.589984083767750356e-01 4.483590349069427106e+00
6.144464315030813140e-01 1.853105198798848247e-02 -7.887408479112456572e-01 -2.959742275376613829e+00 -1.714630454960064040e-02 9.998016527618698301e-01 1.013246750191319594e-02 -8.426718559485492366e-02 7.887722311929538099e-01 7.298131344595785303e-03 6.146422957350492489e-01 4.620246189051258057e+00
5.667505517489569433e-01 1.930940016540832679e-02 -8.236630944156544398e-01 -3.259649513255937325e+00 -1.526452747337645258e-02 9.997998112438060136e-01 1.293533204818651458e-02 -8.128476887971355924e-02 8.237480584560513686e-01 5.241720458977491490e-03 5.669318470072371996e-01 4.773889292724437183e+00
5.162986303536724053e-01 2.020619540943514175e-02 -8.561701778991857026e-01 -3.553529797866255890e+00 -1.368297658627745661e-02 9.997886378213871605e-01 1.534440556718737365e-02 -8.341334993549419374e-02 8.562993395590307033e-01 3.792660323035694763e-03 5.164659818249408563e-01 4.887161007605544505e+00
4.638582006310923433e-01 2.155532559341806140e-02 -8.856471519085220567e-01 -3.850973906572342287e+00 -1.301631595058692741e-02 9.997618670676288177e-01 1.751540337118958485e-02 -7.488588507943594319e-02 8.858138675294174869e-01 3.403199256999805532e-03 4.640283123012790556e-01 4.982211937409560143e+00
4.095018510414433210e-01 2.370726140024467105e-02 -9.120011719134918371e-01 -4.209184435873859265e+00 -1.182751498311077933e-02 9.997162525503345831e-01 2.067666711068733357e-02 -7.445846203206743508e-02 9.122326512506254703e-01 2.319573718616007967e-03 4.096660464082223507e-01 5.081715262388188492e+00
3.549942856158398441e-01 2.581344433520022311e-02 -9.345119792451125340e-01 -4.533559212754965095e+00 -1.159874721612884525e-02 9.996633914222421424e-01 2.320704936627795631e-02 -6.732424447962084835e-02 9.347965526719335116e-01 2.600797897086101762e-03 3.551742029619182062e-01 5.146439668797530231e+00
2.997766647427518305e-01 2.880933724469107726e-02 -9.535742732640662966e-01 -4.922874892551992509e+00 -9.501637916600174510e-03 9.995845145413687627e-01 2.721235022818020016e-02 -6.377396368833170015e-02 9.539621285346463475e-01 9.028890193087435500e-04 2.999258507158795162e-01 5.223791859949402649e+00
2.461242710300772241e-01 3.057698931067768383e-02 -9.687558019758539807e-01 -5.305368315600562212e+00 -5.224488493949806626e-03 9.995295850426386686e-01 3.022096028747630128e-02 -6.219181465522063967e-02 9.692242401596525836e-01 -2.376859130279768140e-03 2.461682439272842859e-01 5.280183470940665202e+00
1.952860682969902728e-01 3.183368170144840886e-02 -9.802295045210940305e-01 -5.688401974752090418e+00 -2.802134705886276909e-03 9.994871077779449164e-01 3.190083012484835195e-02 -6.576689492869715326e-02 9.807423583800513045e-01 -3.483053496104002774e-03 1.952751139250648860e-01 5.324692426064011386e+00
1.475747034931945423e-01 3.240884994389441748e-02 -9.885197421486813241e-01 -6.118410078197418223e+00 -4.545728016284837809e-03 9.994746658377056114e-01 3.208938272462420055e-02 -5.482193960181748482e-02 9.890405055036963766e-01 -2.420401083117942735e-04 1.476445006690999817e-01 5.333816660743569749e+00
1.048076920509301707e-01 3.246560214973182035e-02 -9.939623956962727602e-01 -6.537675271983727221e+00 -6.615757842303580070e-03 9.994676394513226647e-01 3.194782413766100726e-02 -3.730010071561264129e-02 9.944705394203203763e-01 3.227436190895961125e-03 1.049666784977473510e-01 5.346302360187450198e+00
6.663148832175394554e-02 3.098949951315497359e-02 -9.972962526920282622e-01 -7.001080285711502427e+00 -8.091092880638478188e-03 9.995014896253313630e-01 3.051743960040932679e-02 -2.820094557462680951e-02 9.977448898133743915e-01 6.035793637462543923e-03 6.684901205291486626e-02 5.332846911304032211e+00
3.193095911390537306e-02 2.867606241959679697e-02 -9.990785803814715704e-01 -7.462509699806591179e+00 -7.421158621682831698e-03 9.995675891587301187e-01 2.845291338645939902e-02 -2.229017164036625753e-02 9.994625671948083045e-01 6.505791187764795383e-03 3.212996272736460407e-02 5.319116655225380796e+00
6.298475277302972896e-04 2.624384800493402906e-02 -9.996553253302974396e-01 -7.926646965374809284e+00 -7.122614092111515666e-03 9.996303274774800407e-01 2.623870271762384146e-02 -1.931665443207704336e-02 9.999744787919148115e-01 7.103632072326039604e-03 8.165410447898067926e-04 5.297899690316698162e+00
-2.627839820475227559e-02 2.425003934213893278e-02 -9.993604469353750686e-01 -8.418541626586495852e+00 -7.209554887944273627e-03 9.996751240163344043e-01 2.444725066257624757e-02 -1.134912524311379456e-02 9.996287032902062553e-01 7.847378075300809330e-03 -2.609502781158204790e-02 5.262397541972072545e+00
-4.727335241919650849e-02 2.190482539534230680e-02 -9.986417381791975467e-01 -8.922077521217817164e+00 -8.090854077991377000e-03 9.997183266409882529e-01 2.231144061129746239e-02 -3.946123033922346868e-03 9.988492629954134339e-01 9.134600807754742965e-03 -4.708280722179172123e-02 5.220054239136242558e+00
-6.405556355596875306e-02 2.092930434995805139e-02 -9.977267972481890235e-01 -9.453732631765312533e+00 -7.945431490745644837e-03 9.997376708710674631e-01 2.148159368855039400e-02 1.049382494921638487e-02 9.979147459684948318e-01 9.303384760999960576e-03 -6.387246531509858938e-02 5.164835143670397422e+00
-7.714478624819258445e-02 2.148807055085506443e-02 -9.967882722110262828e-01 -9.993654326431151702e+00 -6.590931610419932876e-03 9.997348904485897636e-01 2.206168443215059810e-02 1.604773270872147939e-02 9.969981525693152324e-01 8.271706759196254671e-03 -7.698270620039708578e-02 5.111225087663759936e+00
-8.642691073738539842e-02 2.247818942993361213e-02 -9.960045368704396607e-01 -1.055795902673734332e+01 -7.945618557129816018e-03 9.996980819801118967e-01 2.325101527284542668e-02 1.944812673956690385e-02 9.962265497435784933e-01 9.923384750460525691e-03 -8.622221224272634543e-02 5.052229900709642507e+00
-9.385246421348440726e-02 2.398778189181471204e-02 -9.952970539370792347e-01 -1.112819560454998680e+01 -8.518547862085957753e-03 9.996537493498813820e-01 2.489604625032150464e-02 2.474100617473330016e-02 9.955497131191942684e-01 1.081504030412509809e-02 -9.361562613639690111e-02 4.986092713528287312e+00
-9.790791682249186390e-02 2.478425071241297309e-02 -9.948867756722519218e-01 -1.172074494348888862e+01 -8.167708334383044777e-03 9.996361708760440612e-01 2.570635774469480495e-02 3.799369816205627748e-02 9.951620041658080229e-01 1.064280023016254094e-02 -9.766986205355213113e-02 4.926434702878413674e+00
-9.986051653878383338e-02 2.561223455510201058e-02 -9.946717118756570608e-01 -1.232274512736143102e+01 -7.879132066495514453e-03 9.996169505962950730e-01 2.653059923188895095e-02 4.254708134424338428e-02 9.949702886688526204e-01 1.048650858574655398e-02 -9.962046205751105832e-02 4.861730606025611579e+00
-9.866160372016546942e-02 2.790619090070643390e-02 -9.947296402769111312e-01 -1.294231876684971283e+01 -5.292311752270326825e-03 9.995778617247619291e-01 2.856711621771662254e-02 5.239030403754968424e-02 9.951070146437648312e-01 8.082896089990064883e-03 -9.847226600459638157e-02 4.799324599772727851e+00
-9.727660465900329900e-02 3.032144276681262782e-02 -9.947953479923455911e-01 -1.357739912605783950e+01 -5.120286334977458900e-03 9.995073308636506226e-01 3.096575279034991662e-02 6.128183981370439321e-02 9.952442551267891568e-01 8.105879701943607268e-03 -9.707342420464716570e-02 4.731009536921234826e+00
-9.566212276869713593e-02 3.038191381644719108e-02 -9.949500515118298027e-01 -1.423469347950195463e+01 -5.894676859076186659e-03 9.994992837717052714e-01 3.108758767020348285e-02 7.226991937319326986e-02 9.953964477888904705e-01 8.838813177822958667e-03 -9.543513000300804516e-02 4.662185022867349815e+00
-9.389407004847366567e-02 2.773391770945917573e-02 -9.951957860886001539e-01 -1.489547194361723470e+01 -1.081567775467722273e-02 9.995245174958375944e-01 2.887497870010139953e-02 8.139656123362257190e-02 9.955234806087880362e-01 1.347490581504677369e-02 -9.354946244736378480e-02 4.589868267212136033e+00
-9.256952961539914593e-02 2.756381176015722592e-02 -9.953245840354884022e-01 -1.558514723900271015e+01 -1.092391338012133582e-02 9.995284828633810292e-01 2.869620068772714763e-02 9.267320034198119061e-02 9.956463421857137952e-01 1.352923270192751999e-02 -9.222477624798181006e-02 4.521601249993409510e+00
-9.069408898120870366e-02 3.029169794789784292e-02 -9.954179588182666683e-01 -1.627564874581630505e+01 -1.110035674121370199e-02 9.994444495765399950e-01 3.142559761517661060e-02 1.060127045277617780e-01 9.958169779382395337e-01 1.389961041705137061e-02 -9.030745459533121022e-02 4.458608966735968515e+00
-8.905888049969074016e-02 3.366768987136763147e-02 -9.954571400011157367e-01 -1.699957216174556862e+01 -1.090304507694097626e-02 9.993357148950422486e-01 3.477431101189450147e-02 1.259803516421698910e-01 9.959667328806336428e-01 1.395047547678462257e-02 -8.863263839535137634e-02 4.387746077223757091e+00
-8.695724765477623464e-02 3.579714260253333280e-02 -9.955686442369986455e-01 -1.772181214647139313e+01 -9.303633979145671182e-03 9.992814309102217019e-01 3.674325982543917568e-02 1.410740619574406274e-01 9.961686383396176625e-01 1.245749890069535598e-02 -8.656171725544534179e-02 4.318908467669409390e+00
-8.551954130974125101e-02 3.538727150302471702e-02 -9.957078188661572238e-01 -1.847070574651525732e+01 -1.100120656378743463e-02 9.992745987508280248e-01 3.645890577274314009e-02 1.560529031073578654e-01 9.962757979314347256e-01 1.407193604296160840e-02 -8.506820144108670489e-02 4.249113801843359184e+00
-8.349315776213422913e-02 3.260151730149302846e-02 -9.959748703232691458e-01 -1.921933481094170304e+01 -1.441565733812706293e-02 9.993206012249904457e-01 3.391950566346784574e-02 1.656256275628549823e-01 9.964041167396846532e-01 1.718967921245373801e-02 -8.296645846285617687e-02 4.175660356396908135e+00
-8.191439208955535178e-02 3.189095138935690854e-02 -9.961289665573707097e-01 -1.997684509332498948e+01 -1.694967888175485590e-02 9.992987897244844930e-01 3.338624942409016555e-02 1.839346812542176357e-01 9.964952661414707702e-01 1.961887947309474620e-02 -8.131640963492917096e-02 4.107939720838346354e+00
-8.049226443507093154e-02 3.403083083184119118e-02 -9.961740833556211872e-01 -2.076980887166586598e+01 -1.265701958191236924e-02 9.993015302381135223e-01 3.516037217374776841e-02 2.022685042394543609e-01 9.966749140675225105e-01 1.543873179267494372e-02 -8.000531280304261361e-02 4.046154716400421236e+00
-7.914782801649951349e-02 3.600840720420293156e-02 -9.962122894902910586e-01 -2.155376419815981137e+01 -1.200861880112847301e-02 9.992404440174501579e-01 3.707192944250759653e-02 2.162743758334166322e-01 9.967905995534678265e-01 1.489729530862097563e-02 -7.865529800095055757e-02 3.981793275517461428e+00
-7.812599155134040962e-02 3.764458396031813980e-02 -9.962324639947881533e-01 -2.235788526925613695e+01 -8.772388102278727909e-03 9.992221881207483669e-01 3.844549738280746837e-02 2.359368036539063462e-01 9.969049420455317057e-01 1.174293001244696572e-02 -7.773499056940783025e-02 3.913970416654456219e+00
-7.775733781692291402e-02 3.279367655520580571e-02 -9.964327782756650098e-01 -2.316553027824250321e+01 -9.885665547130864997e-03 9.993843777632366310e-01 3.366224949257074633e-02 2.454149628035315334e-01 9.969233456858908049e-01 1.246788813560536710e-02 -7.738527994631358431e-02 3.854646578875039697e+00
-7.724392690254935911e-02 2.681707466614113855e-02 -9.966514622512910870e-01 -2.396224494446151709e+01 -1.101164496079110218e-02 9.995542841892277597e-01 2.774861966799321150e-02 2.549961654438167580e-01 9.969514593141436398e-01 1.311818362287347009e-02 -7.691419628667819919e-02 3.782540536484674476e+00
-7.766778586638661830e-02 2.201461609713452339e-02 -9.967361701546610941e-01 -2.478412781333110004e+01 -8.508827517870151333e-03 9.997051256905216121e-01 2.274321511890529252e-02 2.657754803307806890e-01 9.969430249147260836e-01 1.024747124553235939e-02 -7.745756382413496177e-02 3.720821799614574932e+00
-7.776594230023163579e-02 2.334970801547320285e-02 -9.966981355567023915e-01 -2.561459591892161924e+01 -8.339356803572029256e-03 9.996754900638935570e-01 2.407012363096221186e-02 2.749992690691040464e-01 9.969368036568929670e-01 1.018365652469079702e-02 -7.754598376366191037e-02 3.649193647897270854e+00
-7.811270988145876948e-02 2.998794595486117126e-02 -9.964933739574620697e-01 -2.645370540672188397e+01 -6.933112034899635220e-03 9.995069885146143918e-01 3.062210438025546322e-02 2.868650083094855807e-01 9.969204692531931089e-01 9.300775143357595601e-03 -7.786628863315547822e-02 3.579609912901425606e+00
-7.846481504102802151e-02 3.714463903351940266e-02 -9.962246080706710361e-01 -2.729295330432436373e+01 -7.245631805495695958e-03 9.992579850200236091e-01 3.782842001540821092e-02 3.025063035670065847e-01 9.968905900838156420e-01 1.018647618767964946e-02 -7.813745497899544923e-02 3.506046278504323155e+00
-7.850524512613096806e-02 4.238167659777374030e-02 -9.960123675396523879e-01 -2.814763735148255819e+01 -7.835467393045436948e-03 9.990388261312599383e-01 4.312804332352562775e-02 3.204976889691711905e-01 9.968829457837116159e-01 1.118999935804496776e-02 -7.809770600512899730e-02 3.430064754357462498e+00
-7.922048881631332806e-02 4.315422127640059641e-02 -9.959225551373754870e-01 -2.898039155832869085e+01 -8.516031280412459173e-03 9.989967805499968545e-01 4.396483369553406961e-02 3.360203858049035097e-01 9.968207873433766464e-01 1.196422289329832252e-02 -7.877350873368339779e-02 3.356177815640478013e+00
-7.939258760649590962e-02 3.966248691396353360e-02 -9.960540237302366595e-01 -2.981932041956627089e+01 -1.103484640044641828e-02 9.991119513141444308e-01 4.066380612072131168e-02 3.530547182233754744e-01 9.967823882158690640e-01 1.421970747529318832e-02 -7.888441170764841359e-02 3.279008950472436457e+00
-8.008872108017024705e-02 3.703449913342067579e-02 -9.960994764935138246e-01 -3.064787804174320485e+01 -1.165972364287718062e-02 9.992063788839683491e-01 3.808747950380670516e-02 3.668563184830521684e-01 9.967195878283469090e-01 1.466462070857034276e-02 -7.959334780379809238e-02 3.208525067891158322e+00
-8.047562961736415277e-02 3.783180359551743116e-02 -9.960383225917229799e-01 -3.149279206024647948e+01 -1.352935090382214982e-02 9.991459369329086515e-01 3.904294902422532354e-02 3.881066360226771983e-01 9.966647918286500873e-01 1.661775806019010621e-02 -7.989505631554445764e-02 3.132118584268248629e+00
-7.986515904652516373e-02 4.023909294372913364e-02 -9.959931115583648964e-01 -3.232700481914804413e+01 -1.224568201079912280e-02 9.990698682387953999e-01 4.134533291705082270e-02 4.048537563111205828e-01 9.967304961144791697e-01 1.549866619365348683e-02 -7.929811719227020106e-02 3.059490052490365208e+00
-7.995563392216446796e-02 3.884877718117770579e-02 -9.960410582192048556e-01 -3.315679618757473435e+01 -1.295810126794352292e-02 9.991152988728961848e-01 4.000887181705821416e-02 4.186417310553324778e-01 9.967142408306374213e-01 1.610573512179912931e-02 -7.938148995073163183e-02 2.982673566701013801e+00
-7.945024639918023268e-02 3.397880354502978706e-02 -9.962595095634775300e-01 -3.398859889726750794e+01 -1.561661180546135459e-02 9.992538079163169051e-01 3.532632813344362133e-02 4.294420390394447784e-01 9.967165384154339502e-01 1.836488345879852546e-02 -7.886032651713657804e-02 2.909409709971049196e+00
-7.958141942538650426e-02 2.998110403046972544e-02 -9.963773621564175897e-01 -3.480861416195052271e+01 -1.869649058640891412e-02 9.993268730541976508e-01 3.156315713106168375e-02 4.354759095936260871e-01 9.966530635714543340e-01 2.114060108313734268e-02 -7.896730862881097546e-02 2.834153484209589902e+00
-7.918290915696009347e-02 3.072771824864140716e-02 -9.963863639858067112e-01 -3.564511210511309969e+01 -1.658493871649781293e-02 9.993458579137216580e-01 3.213699180871535527e-02 4.494106328658039051e-01 9.967221692801121469e-01 1.906970735520512397e-02 -7.862149375676144580e-02 2.763063253972381172e+00
-7.793811752212477517e-02 3.312525923929768995e-02 -9.964076910548371746e-01 -3.649105799509877102e+01 -1.502216581340305203e-02 9.992953683009426769e-01 3.439627780741715685e-02 4.571548927694790709e-01 9.968450598973148669e-01 1.764898204555355454e-02 -7.738558577881773926e-02 2.690863543229971455e+00
-7.805816750209026988e-02 3.786549778546628719e-02 -9.962294163361319344e-01 -3.731368596000115900e+01 -1.459826205657331101e-02 9.991279014159226701e-01 3.911949030259146559e-02 4.755422722656678647e-01 9.968419612008261321e-01 1.759681365951049417e-02 -7.743732091383226379e-02 2.624467645275107675e+00
-7.683089349624848408e-02 4.323101893529347761e-02 -9.961064229336782372e-01 -3.815713432217711443e+01 -1.348305060432658520e-02 9.989231422759028423e-01 4.439322675426488063e-02 4.961088169582597573e-01 9.969530082709381347e-01 1.684132412514142627e-02 -7.616526977965427936e-02 2.553816009231136608e+00
-7.755334527751457652e-02 4.628361986669305567e-02 -9.959132612017573827e-01 -3.898904426066791018e+01 -1.376943800820801603e-02 9.987768519186074334e-01 4.748894713636907933e-02 5.194214229516987968e-01 9.968931565478880152e-01 1.739609190015783957e-02 -7.682118464109269351e-02 2.483369931036341516e+00
-7.716632065565810772e-02 4.657958439137294820e-02 -9.959295278417977793e-01 -3.981605425806534981e+01 -1.249506627398937891e-02 9.987844442041293735e-01 4.768124616313111630e-02 5.371257072732247284e-01 9.969399722615150949e-01 1.612359157122278397e-02 -7.649050454847117209e-02 2.414132043472849265e+00
-7.696191789972743613e-02 4.240498976687845367e-02 -9.961318147483401164e-01 -4.065038046414580464e+01 -1.385445092328452428e-02 9.989531957953389218e-01 4.359549836670574552e-02 5.527586921639914275e-01 9.969378144787367502e-01 1.715605165016431330e-02 -7.629385389561142705e-02 2.344341641509771090e+00
-7.669168502024388545e-02 3.839030591939385229e-02 -9.963154588202943751e-01 -4.147615100614305561e+01 -1.496649680937956611e-02 9.991015496409348939e-01 3.964970879769686568e-02 5.660268166607359541e-01 9.969425612901237077e-01 1.795215480403042352e-02 -7.604821062069082316e-02 2.270942542811040354e+00
-7.630678554738574981e-02 3.553442042032024795e-02 -9.964509453873580114e-01 -4.230111076372107703e+01 -1.844757194578963699e-02 9.991433822765406481e-01 3.704312161618539961e-02 5.822079835972230333e-01 9.969137588320230448e-01 2.120874204557417902e-02 -7.558589472915480667e-02 2.196636884639310505e+00
-7.715503389155223268e-02 3.351992162201503089e-02 -9.964554352818681959e-01 -4.311885975631972912e+01 -2.212871784801116737e-02 9.991309171485707186e-01 3.532333572920998838e-02 6.017844805162838595e-01 9.967735497214649243e-01 2.477565414545863584e-02 -7.634622525701845186e-02 2.120870608604449092e+00
-7.777223508039785016e-02 3.151700055646167176e-02 -9.964728149404895596e-01 -4.393907747686974119e+01 -1.814565700877145485e-02 9.992898750550485154e-01 3.302232225686812378e-02 6.120175755381097593e-01 9.968060478077745978e-01 2.064987400961675740e-02 -7.714510997465055808e-02 2.051854501038707479e+00
-7.884561094915840118e-02 2.827199400797517775e-02 -9.964858162533153374e-01 -4.475921053527864757e+01 -1.661202354613520657e-02 9.994217116769791298e-01 2.966969353763627276e-02 6.171293199365734949e-01 9.967484567208515500e-01 1.889297062780126782e-02 -7.833035872782062592e-02 1.987418135509024131e+00
-7.977373150887211162e-02 2.684403484565469483e-02 -9.964514349415176664e-01 -4.558640035779018973e+01 -1.314380524137068358e-02 9.995220958232009512e-01 2.797901963281643201e-02 6.226072093360088822e-01 9.967263815651737913e-01 1.532915428565917622e-02 -7.938277231432863679e-02 1.920560114657651640e+00
-8.113869161360698357e-02 2.993933255072870475e-02 -9.962530130367575065e-01 -4.640743883087440480e+01 -1.203546857107954705e-02 9.994464387461607924e-01 3.101551426472131182e-02 6.320109755461129630e-01 9.966301960218890699e-01 1.450692921480097736e-02 -8.073344113255385979e-02 1.850773498439729270e+00
-8.326809378689668806e-02 3.596553857318465081e-02 -9.958779146222310752e-01 -4.722804872826063871e+01 -9.370711707133041676e-03 9.992760648814502655e-01 3.687177057141474701e-02 6.446018599227972823e-01 9.964831647889503818e-01 1.240232682291028329e-02 -8.287078909455354581e-02 1.777810876562636366e+00
-8.472271325132084419e-02 3.969367497198720424e-02 -9.956135758366818633e-01 -4.804333516755476552e+01 -5.770629051372868842e-03 9.991698865956026854e-01 4.032651622042856404e-02 6.572970658860192161e-01 9.963879033932594442e-01 9.161888177483073353e-03 -8.442332534428183266e-02 1.706383899786092062e+00
-8.633468728542129100e-02 3.925590578067632980e-02 -9.954924467603769589e-01 -4.884870692427433880e+01 -7.305526942037296814e-03 9.991715842544294235e-01 4.003456288289312937e-02 6.675599712762909643e-01 9.962394474727233051e-01 1.072896770567829949e-02 -8.597637996900805990e-02 1.631453186700013935e+00
-8.752557447952025171e-02 3.538121106755675455e-02 -9.955337059907154451e-01 -4.965141383312059276e+01 -1.087893276277350843e-02 9.992755040495323593e-01 3.647064929698881630e-02 6.769560089022506055e-01 9.961029137409348477e-01 1.402245874328506003e-02 -8.707725157001207361e-02 1.548318534645897415e+00
-8.868888565702270910e-02 3.178436599688953812e-02 -9.955520859270581280e-01 -5.045436123325658428e+01 -1.614645743530897584e-02 9.993135404833355384e-01 3.334286322704287792e-02 6.885233720761351206e-01 9.959285445292009875e-01 1.903178020131790146e-02 -8.811479782631273516e-02 1.467024002477920419e+00
-8.979363416007446475e-02 3.016893962629938961e-02 -9.955033215242012901e-01 -5.124431734432575070e+01 -1.941063939146746992e-02 9.992982569534913928e-01 3.203476904549144855e-02 7.007561845320281479e-01 9.957712657021537961e-01 2.219987334671253906e-02 -8.914502179341686483e-02 1.382637990712683340e+00
-9.126711022056009648e-02 3.113305358162358691e-02 -9.953396244937380288e-01 -5.204146213081465788e+01 -2.080290281440570418e-02 9.992334556635413811e-01 3.316235682039649080e-02 7.099890440296190430e-01 9.956091750117789241e-01 2.373258564600172135e-02 -9.054949044298113425e-02 1.299984083846603911e+00
-9.175303492518349646e-02 3.257301285470648455e-02 -9.952488630972295969e-01 -5.282539746583821483e+01 -2.083721190813761850e-02 9.991832061764914785e-01 3.462278019354135539e-02 7.196725381016851886e-01 9.955637964795438499e-01 2.391495653522250631e-02 -9.099935925130799019e-02 1.224168601535674972e+00
-9.289085430671432941e-02 3.243384057576845919e-02 -9.951478557984254625e-01 -5.361788343158661974e+01 -2.203800902528194744e-02 9.991574812385204396e-01 3.462163131643847952e-02 7.273688710996375484e-01 9.954324205478859433e-01 2.514710957238348171e-02 -9.209781293180589745e-02 1.139207443128981367e+00
-9.375999281163427401e-02 3.224668631964923426e-02 -9.950724296388278045e-01 -5.439752975732522344e+01 -2.375168995936256452e-02 9.991184116882873001e-01 3.461578686563539231e-02 7.375799895681470764e-01 9.953115108017569490e-01 2.688022740270241615e-02 -9.291142087665302252e-02 1.055656064024678154e+00
-9.376762740659812245e-02 3.394961733599850817e-02 -9.950150591748812001e-01 -5.516752466312071590e+01 -2.193039396173952424e-02 9.991055106456522283e-01 3.615584404039818428e-02 7.481393544756763658e-01 9.953525893258399204e-01 2.521131978917368413e-02 -9.293922323905397243e-02 9.805222508457622776e-01
-9.434977849198511457e-02 3.695570186046508165e-02 -9.948529052263314076e-01 -5.594916518552068396e+01 -2.136657280540289749e-02 9.990054158181925770e-01 3.913631340119540225e-02 7.572004385387007819e-01 9.953098357464383872e-01 2.494909923646016631e-02 -9.346632132620746880e-02 8.993677316235760832e-01
-9.382467971138376550e-02 4.101213071225647683e-02 -9.947436082540637159e-01 -5.671724684225760882e+01 -2.068757715316366791e-02 9.988551299400769690e-01 4.313290427759561979e-02 7.752267029911976692e-01 9.953738177289851441e-01 2.462576599131736585e-02 -9.286882022869311082e-02 8.306500229270655788e-01
-9.496820495378532900e-02 4.308238971971492526e-02 -9.945475683149540558e-01 -5.748606168206823952e+01 -2.070207270017963841e-02 9.987615405009759861e-01 4.524174755676850512e-02 7.898626946303387575e-01 9.952650634038842092e-01 2.488572359014400159e-02 -9.395869454719063540e-02 7.437923840824054444e-01
-9.564504620740874041e-02 4.328692637102889151e-02 -9.944738213687155381e-01 -5.823763232717137583e+01 -2.104181740511000195e-02 9.987428701680179932e-01 4.549647378364300720e-02 8.031427318452999398e-01 9.951931250605845491e-01 2.527704922757840686e-02 -9.461397096060915335e-02 6.681258269304714004e-01
-9.564621110549227645e-02 4.146544401774801547e-02 -9.945513283002921368e-01 -5.897621865039617006e+01 -1.946792274090757002e-02 9.988629731176716930e-01 4.351743911121719321e-02 8.167731131888306129e-01 9.952250389616751347e-01 2.352412572412026365e-02 -9.473021101217925233e-02 5.946179854116426799e-01
-9.584657443385712072e-02 3.803742786237090945e-02 -9.946690420179622460e-01 -5.972285345551628666e+01 -2.046405178342812145e-02 9.989831054719463532e-01 4.017432195970546682e-02 8.294974735033497915e-01 9.951857845146321324e-01 2.420552998418201013e-02 -9.497070703808917214e-02 5.148357474285929491e-01
-9.582548431634728414e-02 3.492679384442306384e-02 -9.947851541961376665e-01 -6.042487041599201802e+01 -1.991117671341073592e-02 9.991170009371844740e-01 3.699688327539782384e-02 8.405967909135982907e-01 9.951990270336794620e-01 2.335258728498137981e-02 -9.504543462083708816e-02 4.416193020780490031e-01
-9.483722680027847907e-02 3.280842007839481628e-02 -9.949519722595669968e-01 -6.114127295965208475e+01 -2.279458575409978871e-02 9.991231606014522315e-01 3.511870585908688502e-02 8.507472556948006970e-01 9.952318264725429353e-01 2.601007930390539929e-02 -9.400621380117368808e-02 3.616457306372522496e-01
-9.237855859932127267e-02 3.200429346813322973e-02 -9.952094425473012596e-01 -6.184010442780116534e+01 -2.369664741369318511e-02 9.991295858082238635e-01 3.432995618653730124e-02 8.564662763002383050e-01 9.954419914442043105e-01 2.675447932089355593e-02 -9.153975420890249348e-02 2.897751702730987367e-01
-8.811752193273365841e-02 3.292107300739752912e-02 -9.955658849008318656e-01 -6.251271932512798912e+01 -2.377671306180103097e-02 9.990994331466808154e-01 3.514239389301161004e-02 8.675051218060400027e-01 9.958263192337318825e-01 2.676794408761228733e-02 -8.725540921394704663e-02 2.276934597343610034e-01
-8.243252287334755513e-02 3.441460550828219500e-02 -9.960022209029554263e-01 -6.317901628066952924e+01 -2.351609635781831686e-02 9.990581513251591828e-01 3.646646638263727203e-02 8.739785685384559022e-01 9.963192058120078354e-01 2.642810702996268440e-02 -8.154558445181148141e-02 1.713667138020045222e-01
-7.519715453237792169e-02 3.579933094632775648e-02 -9.965258197252592209e-01 -6.382267354203266052e+01 -2.336044844317832284e-02 9.990178403865116463e-01 3.765161682348243388e-02 8.832284483677061981e-01 9.968950599307904170e-01 2.611058381071388115e-02 -7.428700885413361266e-02 1.228136577899460458e-01
-6.642135084944980616e-02 3.736890942749347688e-02 -9.970916161302639802e-01 -6.446271488650370429e+01 -2.455562372402160520e-02 9.989345668550089208e-01 3.907375356169368041e-02 8.883282230442994809e-01 9.974895015290736744e-01 2.707953791095338292e-02 -6.543296500555911832e-02 7.437237987914338544e-02
-5.466549384537711109e-02 3.901154895728840832e-02 -9.977423052984782936e-01 -6.508195260697037554e+01 -2.572248769907086591e-02 9.988498434705972429e-01 4.046416595794517096e-02 8.937140922279918076e-01 9.981733904858161033e-01 2.787640792284766175e-02 -5.359914462522008538e-02 4.006085527275912717e-02
-3.990702869796433627e-02 4.055135411399435341e-02 -9.983801516541258581e-01 -6.567913528858942129e+01 -2.815984702684619714e-02 9.987336312190137066e-01 4.169130798827731105e-02 9.032685837701973641e-01 9.988065581925404945e-01 2.977800880433472547e-02 -3.871457052104935320e-02 1.509711513756784723e-02
-2.151108250639184594e-02 4.169852011116424728e-02 -9.988986079634261106e-01 -6.627007886488493682e+01 -3.089374305480598049e-02 9.986249783041023509e-01 4.235238678277931934e-02 9.155892225147110874e-01 9.992912199336084766e-01 3.177076236687578770e-02 -2.019327979771046513e-02 3.193251572073349878e-03
3.525045844020436962e-04 4.259874590563939717e-02 -9.990921602591296136e-01 -6.682813068722495586e+01 -3.175690368305089661e-02 9.985888151437287696e-01 4.256607863490167315e-02 9.233448147368329417e-01 9.994956016475613492e-01 3.171306871542778349e-02 1.704812911869227690e-03 2.088889323601907447e-02
2.587127627721260564e-02 4.288281033383652824e-02 -9.987450441838675586e-01 -6.737121610288143359e+01 -3.138026492743088702e-02 9.986219750241280835e-01 4.206465717369050478e-02 9.323934367461206296e-01 9.991726827359733720e-01 3.025261746361213727e-02 2.718130069865946213e-02 3.978557807960725334e-02
5.485236759051920902e-02 4.296816085568340438e-02 -9.975694798675837083e-01 -6.788438479354401522e+01 -3.029928293839826564e-02 9.986851900259164916e-01 4.135017965887292923e-02 9.345137914812294833e-01 9.980346928487423552e-01 2.795748387446374966e-02 5.608215338356445367e-02 9.393868407217095817e-02
8.906452800888137178e-02 4.292149425466629253e-02 -9.951005852946286367e-01 -6.838424319043019750e+01 -2.891151037941340138e-02 9.987615088693768683e-01 4.049173021905864978e-02 9.404805775429071479e-01 9.956062024235321495e-01 2.516348363520598888e-02 9.019514812174186935e-02 1.502272835476671231e-01
1.266000810747196226e-01 4.307138926092945325e-02 -9.910182612180918893e-01 -6.885490333264385754e+01 -2.848325299823299336e-02 9.988027713294089782e-01 3.977105239938073800e-02 9.501920718719678582e-01 9.915448565579761953e-01 2.319240531572275277e-02 1.276753275958716072e-01 2.385766095766451433e-01
1.668487766550125484e-01 4.311382011584933421e-02 -9.850393902330591978e-01 -6.930829912265809867e+01 -2.757773294616607321e-02 9.988567323776336160e-01 3.904738933916993004e-02 9.486945756730182922e-01 9.855967956910353100e-01 2.065014295964105046e-02 1.678470109673539379e-01 3.474235917874995416e-01
2.121210152161489837e-01 4.366922410117607400e-02 -9.762671742369989358e-01 -6.975706287055245980e+01 -2.668906693591647367e-02 9.988873152355340901e-01 3.888210300875877268e-02 9.600666870876261028e-01 9.768789299924240943e-01 1.780794843648067505e-02 2.130504795483170732e-01 4.650379023561915792e-01
2.587204529792836993e-01 4.210985474719002031e-02 -9.650338918710126279e-01 -7.017987508775053129e+01 -2.384101462965161275e-02 9.990233515411143239e-01 3.720135618944227923e-02 9.702998801920690308e-01 9.656580180611730180e-01 1.338263441842759902e-02 2.594717154796021275e-01 6.329244052848578272e-01
3.090628734569617064e-01 3.752656205579088522e-02 -9.503009082067328528e-01 -7.059374092741606432e+01 -1.591632030861133210e-02 9.992853620932328207e-01 3.428450852945456179e-02 9.614212911498491998e-01 9.509084513142228579e-01 4.529224162362163741e-03 3.094392844498057848e-01 8.132736707791282660e-01
3.595864156224201635e-01 3.256826267489321830e-02 -9.325432112409537400e-01 -7.099232711390865802e+01 -1.014002917092092157e-02 9.994680830487087109e-01 3.099558404373971982e-02 9.559024390556427608e-01 9.330567338928298371e-01 -1.689576456793617397e-03 3.597253913288713800e-01 1.025815959489494222e+00
