1.000000000000000000e+00 6.052227578932375726e-19 -4.756376575484536442e-19 -5.551115123125782702e-17 7.855130909573354167e-20 1.000000000000000000e+00 -9.059422532615956870e-22 0.000000000000000000e+00 6.998588456719787483e-19 4.059807377574831132e-21 1.000000000000000000e+00 0.000000000000000000e+00
9.999840000408074525e-01 -5.656037640494945319e-03 6.691033258390837899e-04 7.541319565276527470e-02 5.656056445196235363e-03 9.999840002315847354e-01 -1.347297293570083695e-05 4.841090273111041745e-03 -6.690167521635812355e-04 1.725657382145034613e-05 9.999999997276076691e-01 1.301687387263979201e-02
9.999220025767810993e-01 -1.248961556739888040e-02 3.681432999011815545e-04 1.661374795606606614e-01 1.248972699906079897e-02 9.999220009042903978e-01 -1.285846303799478136e-04 1.273811955045662039e-02 -3.665087214019500939e-04 1.331711105124561633e-04 9.999999965189285689e-01 1.914028404970588570e-02
9.998079632978971176e-01 -1.957941984865433846e-02 -2.941145558458175581e-04 2.572968831330746942e-01 1.957960814124409116e-02 9.998080011856281812e-01 7.742857522915864380e-04 1.832576296459564880e-02 2.789007027200497962e-04 -7.798981054641014338e-04 1.000000035516474650e+00 1.952107893509481135e-02
9.995978962689571201e-01 -2.831219475809159530e-02 -1.751757518293066938e-03 3.634403847276951316e-01 2.831448460204752729e-02 9.995980148339378424e-01 1.303794252056541050e-03 2.875020255107432407e-02 1.714145812168132695e-03 -1.352865025558311297e-03 9.999980888971050641e-01 2.350015627966107329e-02
9.992268093485734415e-01 -3.922140296287472683e-02 -2.841524328446154175e-03 4.657614645386762287e-01 3.922622625028353988e-02 9.992290311598084340e-01 1.651178079782646526e-03 4.049876464489264583e-02 2.774566842575059648e-03 -1.761363502109559174e-03 9.999941594916180732e-01 2.588756667978240472e-02
9.985807450067599733e-01 -5.307428524883059384e-02 -4.496921859908576714e-03 5.923028800623788559e-01 5.308143921590993686e-02 9.985890445587149999e-01 1.496412456845963752e-03 6.142677885615525218e-02 4.411163250341534892e-03 -1.732985878048003050e-03 9.999892104345250443e-01 2.609917196830614794e-02
9.976327009836331028e-01 -6.865576709901440033e-02 -3.963788042045438519e-03 7.289528619051379721e-01 6.866187681668252385e-02 9.976390362910599885e-01 1.410586428479135767e-03 8.093124930837497510e-02 3.857580406301437583e-03 -1.679412517762013087e-03 9.999912627253070285e-01 3.080429565410496007e-02
9.962278479551703869e-01 -8.670286224905886241e-02 -3.571801184185409862e-03 8.743895499441221020e-01 8.670488740155535279e-02 9.962340065501856801e-01 4.251244597759704742e-04 1.038605493632303173e-01 3.521486234460910643e-03 -7.332145794003544536e-04 9.999931454946440201e-01 3.320104815306099827e-02
9.942370980393671065e-01 -1.071358379191743732e-01 -3.889663701046278989e-03 1.029536572319949439e+00 1.071338009522940227e-01 9.942439750938778520e-01 -7.057162005867642163e-04 1.327999159721867384e-01 3.942887564958338746e-03 2.849361890351940845e-04 9.999919268667549765e-01 3.831240367125346435e-02
9.916471391161744142e-01 -1.288979187589111841e-01 -4.566864319412724041e-03 1.193045717859728905e+00 1.288954325504225729e-01 9.916579675721217679e-01 -8.944833851788502486e-04 1.656518217898622081e-01 4.644058590916497545e-03 2.983651394452340941e-04 9.999888933117037082e-01 4.187653544079610740e-02
9.881947041060664683e-01 -1.530848353184355581e-01 -6.064437011114229975e-03 1.367232982819811760e+00 1.531026616005412011e-01 9.882061026400899006e-01 2.707424041053551559e-03 2.197976096479641317e-01 5.578454184314248811e-03 -3.603942741111116656e-03 9.999781932538437390e-01 4.854392580833473414e-02
9.839544026542312860e-01 -1.781894994795842624e-01 -9.062291728880374556e-03 1.541584574887927772e+00 1.782530085457419144e-01 9.839614077474424514e-01 6.763680728323066133e-03 2.776015993589591724e-01 7.711739952536772122e-03 -8.270535793546116704e-03 9.999361895983260862e-01 5.350343728012395272e-02
9.785940213530804899e-01 -2.055146065981272308e-01 -1.083545246364822634e-02 1.724954979742667094e+00 2.056212335847094064e-01 9.785816967034628444e-01 9.853085754475169114e-03 3.429698090969087731e-01 8.578419936986188613e-03 -1.187013402728000905e-02 9.998922819434566955e-01 5.978788384630710773e-02
9.719873693818880112e-01 -2.347511561709270389e-01 -1.154210046181908082e-02 1.914157449496107555e+00 2.348760844681850035e-01 9.719628148324750416e-01 1.104005202925705670e-02 4.100337425142489001e-01 8.626816017892060054e-03 -1.344173430882721759e-02 9.998728157856369148e-01 6.734785257411585180e-02
9.640989585372132797e-01 -2.652732749023343772e-01 -1.200704855365321809e-02 2.103067724297719820e+00 2.654209109491832419e-01 9.640439648537391104e-01 1.305306419010656728e-02 4.860046709627377504e-01 8.112707450873593920e-03 -1.577137533511554016e-02 9.998430766090475874e-01 7.219656064096356685e-02
9.547165408766552508e-01 -2.972582923256930076e-01 -1.238364286965164957e-02 2.306715934340604957e+00 2.974216064428562567e-01 9.546350659838875874e-01 1.457723959864364906e-02 5.751383310496800405e-01 7.488697208679561367e-03 -1.760023735693007699e-02 9.998173931394570557e-01 7.524474430764005461e-02
9.434982674318113105e-01 -3.311703574982798881e-01 -1.169587193041827893e-02 2.501358794613258940e+00 3.313327273272982931e-01 9.433590597242118569e-01 1.710256282094938657e-02 6.717317661308777055e-01 5.369517329040911571e-03 -2.001142799964167329e-02 9.997856728439767915e-01 8.228194439969634122e-02
9.309982439191248904e-01 -3.647963845930822790e-01 -1.290998368879341454e-02 2.684186669945431980e+00 3.649914117147329828e-01 9.308082749779573728e-01 1.942291663759403153e-02 7.772338817029467162e-01 4.931351814072033359e-03 -2.279472813995605390e-02 9.997284811029175655e-01 8.538901361642048382e-02
9.171870744153367561e-01 -3.981888456522690301e-01 -1.462084306930391125e-02 2.885495801794114357e+00 3.984314633571086062e-01 9.169275905611677935e-01 2.228722159202962266e-02 8.958299251083248205e-01 4.531777766926371222e-03 -2.626696837250118086e-02 9.996443350234952563e-01 8.456464945586331106e-02
9.011438166460888910e-01 -4.332392390638083457e-01 -1.564614663110313122e-02 3.083786124499201531e+00 4.335008869915085716e-01 9.008647093318469246e-01 2.281376359738010451e-02 1.017037702272369337e+00 4.211247542623483033e-03 -2.734109170329371633e-02 9.996174740220641342e-01 8.218149558591207604e-02
8.827228748891148280e-01 -4.696477710675921458e-01 -1.521839584029901875e-02 3.265157023583161955e+00 4.698711796107703509e-01 8.825354339508787449e-01 1.875221850308689958e-02 1.137438855406056160e+00 4.623811371723023263e-03 -2.370371210106596294e-02 9.997086911600064907e-01 8.166054974425336621e-02
8.614398058241948819e-01 -5.076704133580318690e-01 -1.383654048783558750e-02 3.467119817434796136e+00 5.078397402875346467e-01 8.613250564919440189e-01 1.476275120021726221e-02 1.282567013390586208e+00 4.423158896605566652e-03 -1.974401807074682366e-02 9.997951376838611903e-01 9.022933073742671339e-02
8.369848613890560340e-01 -5.470929335952219308e-01 -1.205063345338059505e-02 3.643384969806580109e+00 5.472240874243776698e-01 8.368308129563595266e-01 1.612996162147107074e-02 1.432453974201282509e+00 1.259719178892471222e-03 -2.009492051854675290e-02 9.997973256545843457e-01 9.774324941369995356e-02
8.086138597722365429e-01 -5.881962322192236803e-01 -1.296717475220339304e-02 3.831956305414504715e+00 5.883351805826603220e-01 8.083308739701483558e-01 2.152139890043443596e-02 1.625399705327960298e+00 -2.177020321064239861e-03 -2.503157556886783860e-02 9.996842662576151950e-01 9.946509906207218199e-02
7.767601584006710302e-01 -6.296263940239419377e-01 -1.464962585720456893e-02 4.006724808238550040e+00 6.297833115865880682e-01 7.763759911161737248e-01 2.477682523315023061e-02 1.821450473141091209e+00 -4.226551614860071110e-03 -2.847171446149798085e-02 9.995858504831551805e-01 1.048970687949565966e-01
7.414649504585604234e-01 -6.708082590478683382e-01 -1.565999087912742921e-02 4.165920340771559260e+00 6.709766988296483881e-01 7.410890571710141428e-01 2.403712773591416829e-02 2.006899971073992539e+00 -4.518873934904423482e-03 -2.833007951622064022e-02 9.995879923704256154e-01 1.030620163986207122e-01
7.023864797507302082e-01 -7.116952774657656633e-01 -1.200689891860112248e-02 4.357994364484917504e+00 7.117677579481233030e-01 7.021064377123756861e-01 2.081754017952996277e-02 2.234169421586707838e+00 -6.385604046881173876e-03 -2.316803911996092452e-02 9.997110825368941134e-01 1.090670286185470156e-01
6.601797557423952911e-01 -7.510584358799693439e-01 -8.586532126870147219e-03 4.518873097637520431e+00 7.510699553720522337e-01 6.599880624230564097e-01 1.762745644868663267e-02 2.463336067426463494e+00 -7.572226167338764850e-03 -1.808637688632078536e-02 9.998081818345483374e-01 1.115224738575406188e-01
6.159432352654574672e-01 -7.877641276633394751e-01 -6.446006015726646332e-03 4.668165221266419529e+00 7.877327179390229972e-01 6.157778132223975520e-01 1.715825836957302064e-02 2.702353121773223066e+00 -9.547344591223628357e-03 -1.564626705447091926e-02 9.998319515121449896e-01 1.108617624302696836e-01
5.680357131989599573e-01 -8.229940852708578225e-01 -3.996822321376011442e-03 4.828530570524640630e+00 8.229117546768583979e-01 5.678935305233487885e-01 1.770119791448166238e-02 2.988643995334417269e+00 -1.229816380484201506e-02 -1.334394507073194229e-02 9.998357562776911678e-01 1.089414832534222610e-01
5.173138577115899972e-01 -8.557906383217929180e-01 -2.849979628556430309e-03 4.957852793393246138e+00 8.556695125576622152e-01 5.171763193128896541e-01 1.893933771356341028e-02 3.271417141038244214e+00 -1.473422696350632638e-02 -1.223625684046255116e-02 9.998168229755203251e-01 1.092308896936472623e-01
4.648533937104361580e-01 -8.853855741757500342e-01 -2.060114593639322637e-03 5.063033413804491012e+00 8.852227340789267096e-01 4.647200885228157663e-01 2.038214591913608403e-02 3.569212709426696772e+00 -1.708860876685486946e-02 -1.129837509515676380e-02 9.997905177667479881e-01 1.045558041373760017e-01
4.107986119912909184e-01 -9.117254511094273761e-01 -1.108341002776264128e-03 5.180393925621340045e+00 9.115009202263600896e-01 4.106707411512510730e-01 2.271464242457797017e-02 3.909892849467036413e+00 -2.025431817228747974e-02 -1.034139405541915045e-02 9.997416468574579218e-01 1.016087417708783774e-01
3.562376188006686761e-01 -9.343950950334450889e-01 -1.071302933659800836e-03 5.256030018967461359e+00 9.341230574323745595e-01 3.561054704707972696e-01 2.453915514975909054e-02 4.234726964190263843e+00 -2.254784223187693282e-02 -9.742456437428772056e-03 9.996979107285340893e-01 9.827553068084592114e-02
3.006538913058053319e-01 -9.537330741205422013e-01 8.454377004102959408e-04 5.350819836391562667e+00 9.533699485904486570e-01 3.005639657516569474e-01 2.732123893016584135e-02 4.619956989162457894e+00 -2.631126366884417936e-02 -7.408210843809139891e-03 9.996261429425375988e-01 9.549659632544892085e-02
2.467835940735300104e-01 -9.690609024018054241e-01 4.392717373984806641e-03 5.423365260755766748e+00 9.686141075350155338e-01 2.468045549612166989e-01 2.956084561171276950e-02 4.999026029726208797e+00 -2.973032168009804438e-02 -3.040280082260194121e-03 9.995528509652532589e-01 9.381916424715103231e-02
1.957610280393490276e-01 -9.806369019073480908e-01 5.423764215600042349e-03 5.473935486652020010e+00 9.801609161624200706e-01 1.958354397474528219e-01 3.054000230901849494e-02 5.383629927591017328e+00 -3.101078277637853153e-02 -6.623758576881700385e-04 9.995185322131980854e-01 9.500744741892758194e-02
1.482071157389609761e-01 -9.889532027891683175e-01 2.368227947858498814e-03 5.505915064319195196e+00 9.884574561988822561e-01 1.482072774997001408e-01 3.141048275226343556e-02 5.816276085618705238e+00 -3.141451272176842141e-02 -2.314345262171837829e-03 9.995036067613388697e-01 8.692703593774461779e-02
1.053981530321491944e-01 -9.944300666638300479e-01 -9.363589501721652142e-04 5.527442783171820473e+00 9.939449151108464831e-01 1.053172964746898616e-01 3.132889919601685585e-02 6.233367045476977175e+00 -3.105573215456885680e-02 -4.232699139325292979e-03 9.995085504931608966e-01 7.437921345205070200e-02
6.735273669710013789e-02 -9.977233696082915548e-01 -3.350112727048142752e-03 5.524162664601734996e+00 9.972836178164536935e-01 6.722185223883055116e-02 3.011936646532458253e-02 6.690539633648349138e+00 -2.982553850055365274e-02 -5.369636344447230834e-03 9.995405110640693813e-01 6.187264115468905923e-02
3.317428169288165474e-02 -9.994420067406287744e-01 -3.786966982133520461e-03 5.520339660651381486e+00 9.990738102066120119e-01 3.305760620097928509e-02 2.755457942288512194e-02 7.155499542371497768e+00 -2.741410083070059192e-02 -4.697566049876385381e-03 9.996133121061390181e-01 5.406945731274005740e-02
1.485478794425868117e-03 -9.999886958002217607e-01 -4.488786525540444314e-03 5.505543869943193336e+00 9.996834080599390493e-01 1.372199590703657157e-03 2.513703207944971776e-02 7.621775146778816179e+00 -2.513057094497911023e-02 -4.524705737325915127e-03 9.996740010148705835e-01 5.008453062259112659e-02
-2.552673302368203834e-02 -9.996629490852215749e-01 -4.733507743415586548e-03 5.471242987141889280e+00 9.994065976167275656e-01 -2.562911141917395552e-02 2.301288175507323203e-02 8.114995207637464958e+00 -2.312645923270137752e-02 -4.143252919456958533e-03 9.997242444428561248e-01 4.321823190112218660e-02
-4.646794671820772549e-02 -9.989025169413515703e-01 -5.826590780878904488e-03 5.434219005602444419e+00 9.986950871108620786e-01 -4.658054014452138458e-02 2.095129429721999739e-02 8.621059743588824986e+00 -2.119964282986197199e-02 -4.845420278665597130e-03 9.997635868627290368e-01 3.311978827082903698e-02
-6.336308127253838240e-02 -9.979701053328400295e-01 -6.367825656507095783e-03 5.384107304966371466e+00 9.977875051763596126e-01 -6.347770279918656111e-02 1.978504547290765511e-02 9.154724582408825029e+00 -2.014915675302875880e-02 -5.100087643904943797e-03 9.997835840717248512e-01 1.991929507588219989e-02
-7.652861975081821921e-02 -9.970517696590012191e-01 -5.619325068361698781e-03 5.331907078485419227e+00 9.968489827617198484e-01 -7.662859758309181757e-02 2.050128292687405235e-02 9.698163777439686939e+00 -2.087148204701312626e-02 -4.032684265133318000e-03 9.997745173339100955e-01 1.415182757674735003e-02
-8.626636926714084663e-02 -9.962472074863398808e-01 -7.078290066465087876e-03 5.274893935415473578e+00 9.960321384202918127e-01 -8.639949339058380917e-02 2.135694914415095860e-02 1.025204491559809838e+01 -2.188834243328670673e-02 -5.207812856247692572e-03 9.997471626577246751e-01 1.344722249321562979e-02
-9.305969952501222386e-02 -9.956276173259037687e-01 -8.072571976816380127e-03 5.206983288670854471e+00 9.953863873020786235e-01 -9.322136128917341003e-02 2.272043191274404975e-02 1.082205192250359360e+01 -2.337362984779164238e-02 -5.920970649899440046e-03 9.997087608141856929e-01 1.018097511707304059e-02
-9.716772713511208359e-02 -9.952343472321525386e-01 -8.222104951463905104e-03 5.136719420365023048e+00 9.949604734114658733e-01 -9.733985371421079169e-02 2.407258471967148664e-02 1.141018734179098715e+01 -2.475822789245714362e-02 -5.841539292319789661e-03 9.996761808493228596e-01 1.319581085256704700e-03
-9.900752052104490331e-02 -9.950561376085154119e-01 -7.808401335323022358e-03 5.068941398854433622e+00 9.947573926370320008e-01 -9.917359098626625513e-02 2.495602115266797386e-02 1.200634664677957630e+01 -2.560706627696883453e-02 -5.296664476081337954e-03 9.996581115073110979e-01 -8.705451601831254438e-03
-9.804626685134920638e-02 -9.951601040775422957e-01 -6.554397077067979603e-03 5.008862641385108283e+00 9.948091583212094191e-01 -9.818767405800817027e-02 2.673143832271177717e-02 1.261856257402511083e+01 -2.724567962355315190e-02 -3.899454383543384667e-03 9.996208409093574332e-01 -1.673320832585380169e-02
-9.672749464935240238e-02 -9.952924546757092594e-01 -6.030640397856401776e-03 4.938100111724269325e+00 9.948686761684207847e-01 -9.686340144741044378e-02 2.922861657500894564e-02 1.325615884898910224e+01 -2.967518060033045788e-02 -3.172485780839117819e-03 9.995549960967627934e-01 -2.492018916152544117e-02
-9.479578424722941155e-02 -9.954754897144947323e-01 -6.493966382236803295e-03 4.863229267119081101e+00 9.950481764541949659e-01 -9.494683544830345712e-02 2.940231066989578562e-02 1.389471545638011918e+01 -2.988584050722629948e-02 -3.674596926359719861e-03 9.995465196955328757e-01 -3.416073797008331581e-02
-9.303289007593740223e-02 -9.956141510404600270e-01 -9.878245387530177127e-03 4.793305648052419876e+00 9.952671085164090936e-01 -9.327112460885839118e-02 2.728033471369657043e-02 1.455912086841168041e+01 -2.808198075197108207e-02 -7.293527437729301760e-03 9.995793146847957722e-01 -4.217557922583677066e-02
-9.206932705873241418e-02 -9.956917851386066776e-01 -1.104752546279944361e-02 4.721108316229754465e+00 9.953691152523883590e-01 -9.233620101025873106e-02 2.673674891544403423e-02 1.525176255625608768e+01 -2.764162316556438570e-02 -8.534735451066029904e-03 9.995810280689910732e-01 -5.441671099503256337e-02
-9.020948716993142102e-02 -9.958679763786996153e-01 -1.049377676843889565e-02 4.652277140498534358e+00 9.954594383244244060e-01 -9.048391154578541706e-02 2.955436347951233278e-02 1.594769145383971143e+01 -3.038176569932305587e-02 -7.780003888121652354e-03 9.995077987157169330e-01 -6.715482525629748456e-02
-8.898199548972586526e-02 -9.959654370312536198e-01 -1.158701037659383946e-02 4.577678572239348043e+00 9.954668488509957891e-01 -8.931758731759897874e-02 3.268121693792103849e-02 1.668112786069916353e+01 -3.358433139886822516e-02 -8.626465653786693014e-03 9.993983828073247366e-01 -8.009400168724088720e-02
-8.765830423617673728e-02 -9.960803729428068243e-01 -1.182993146316883154e-02 4.512167899422097506e+00 9.955013658913655084e-01 -8.802369353803314589e-02 3.506236144454784320e-02 1.739046248720688581e+01 -3.596623641338850264e-02 -8.703182839520824665e-03 9.993151977742098513e-01 -9.479511437514605288e-02
-8.590305790121553764e-02 -9.962034681967688599e-01 -1.414161834719511457e-02 4.437025570557947773e+00 9.956845908560976177e-01 -8.634126520465107424e-02 3.402083202406908785e-02 1.814252631897124601e+01 -3.511272031400112376e-02 -1.115811641261708204e-02 9.993216231058666965e-01 -1.055473404238850832e-01
-8.356957270489416556e-02 -9.963553176557469193e-01 -1.706500033468990804e-02 4.355542807194261457e+00 9.959605453725073332e-01 -8.407634462879681747e-02 3.152014061912065263e-02 1.888930865068158127e+01 -3.284004376046930490e-02 -1.436194676770310465e-02 9.993573173336908200e-01 -1.199657744202350523e-01
-8.196099912863710757e-02 -9.964788823763582881e-01 -1.767259171538407281e-02 4.279215943615325202e+00 9.961160985110482091e-01 -8.247805677597674912e-02 3.083376018105102312e-02 1.964839848259795829e+01 -3.218281100065251144e-02 -1.507680995631504282e-02 9.993682559046138669e-01 -1.408785948261175869e-01
-8.096934198346376899e-02 -9.966161140244415018e-01 -1.416187497283336386e-02 4.211914351123449585e+00 9.961287142316685994e-01 -8.140137206700703842e-02 3.319633789009217989e-02 2.042782431193597859e+01 -3.423673673517570876e-02 -1.141916475923788338e-02 9.993487140504709876e-01 -1.568425779001421660e-01
-7.947559875167227450e-02 -9.967514681528719667e-01 -1.307300566620992442e-02 4.141266468961297242e+00 9.961801447227092154e-01 -7.989227666642748082e-02 3.524048870973707503e-02 2.122049456629395081e+01 -3.617039216860853945e-02 -1.022235669190290491e-02 9.992934754180997636e-01 -1.694949642109958299e-01
-7.906465439849458265e-02 -9.968165098234322841e-01 -1.028072784138272903e-02 4.072688077962112629e+00 9.961677184953339204e-01 -7.939170414668972331e-02 3.669636425483815273e-02 2.199974753124250526e+01 -3.739573990712700968e-02 -7.339957532771987370e-03 9.992737585451842985e-01 -1.845198117044996033e-01
-7.799971123762497460e-02 -9.968972095639674347e-01 -1.055276971233961789e-02 3.999417573638475165e+00 9.964048890256659297e-01 -7.830363396922389307e-02 3.235417462228163538e-02 2.280955288784116775e+01 -3.308011518934395045e-02 -7.991189941896976318e-03 9.994208452068488180e-01 -1.986756682340615754e-01
-7.785696634532303373e-02 -9.969120950105163637e-01 -1.021141150289707651e-02 3.930560986863905093e+00 9.966072456376899869e-01 -7.809918472821014701e-02 2.597724225212568253e-02 2.360514013947186740e+01 -2.669458219129567517e-02 -8.154187540119076441e-03 9.996099510735332316e-01 -2.087778848872998139e-01
-7.792471405148461427e-02 -9.969353087908204847e-01 -6.970183750642813120e-03 3.863501866490238523e+00 9.967128478832889549e-01 -7.805893851018975982e-02 2.167106538914367886e-02 2.441272616391938399e+01 -2.214873670964189606e-02 -5.258559420568680899e-03 9.997404525616743198e-01 -2.222042214418273320e-01
-7.824279040774145821e-02 -9.969023895946895752e-01 -8.027540819558896118e-03 3.787232079362514270e+00 9.966733822269776555e-01 -7.840419603135247162e-02 2.226744885992009565e-02 2.523826657811169483e+01 -2.282786411574180135e-02 -6.258524640936486728e-03 9.997193864390938600e-01 -2.366026593912551879e-01
-7.827773125622200512e-02 -9.969075994538065810e-01 -6.946694662081831853e-03 3.710796573132835174e+00 9.964982567627020948e-01 -7.844724803461886053e-02 2.892551773981460669e-02 2.607381057944001768e+01 -2.938097882637370067e-02 -4.658144588592596017e-03 9.995573792908408750e-01 -2.428111324673180860e-01
-7.836667632768010150e-02 -9.968880846408106899e-01 -8.494011079918884974e-03 3.631923769358888165e+00 9.962451775578260449e-01 -7.862482723646919969e-02 3.623291303466481122e-02 2.691711330722029061e+01 -3.678798128283510688e-02 -5.622688440397963575e-03 9.993073035641493185e-01 -2.499650335406125579e-01
-7.842666230457127907e-02 -9.968672239091517229e-01 -1.020690040808168095e-02 3.550896625321267042e+00 9.960229056053858665e-01 -7.878623961735574388e-02 4.161732334817196816e-02 2.775834529092156799e+01 -4.229112525164852726e-02 -6.902414050596398544e-03 9.990814019219270703e-01 -2.646606844710169271e-01
-7.885754834793326506e-02 -9.968297162680731516e-01 -1.057029104582875648e-02 3.474496556355662236e+00 9.959547553955045984e-01 -7.923764326201399033e-02 4.238105521359103456e-02 2.857600571381930976e+01 -4.308426718311494236e-02 -7.185499054590483749e-03 9.990459916099472260e-01 -2.771999118242813309e-01
-7.918320455067201502e-02 -9.967976540321545897e-01 -1.115858112211851570e-02 3.395505472771997102e+00 9.960615043878300323e-01 -7.956277453380418418e-02 3.912310331424960486e-02 2.941888726027952927e+01 -3.988561973538169714e-02 -8.016713711050544797e-03 9.991722790844761448e-01 -2.906371724721367733e-01
-7.926640500977369386e-02 -9.967861457017054283e-01 -1.159844927256019516e-02 3.315122796147471185e+00 9.961490192617199479e-01 -7.964245904391140107e-02 3.666855226220776948e-02 3.024082720105220190e+01 -3.747443813309846161e-02 -8.647207839381913438e-03 9.992599640536850014e-01 -3.080099151808112223e-01
-7.978493884745965770e-02 -9.967232730512535221e-01 -1.329091833946988675e-02 3.232100019107041255e+00 9.960694382900942001e-01 -8.023289900230938521e-02 3.751727606703358919e-02 3.109275187373492244e+01 -3.846069084087212070e-02 -1.024530896334567565e-02 9.992080378497689708e-01 -3.252409667613846977e-01
-7.932200398581870648e-02 -9.967649213793025043e-01 -1.291416990115514321e-02 3.153193562148250972e+00 9.960118901741972230e-01 -7.977951897426487082e-02 3.993740535917387341e-02 3.192992265524552664e+01 -4.083857166667008431e-02 -9.694724690045418425e-03 9.991184229600836852e-01 -3.450425004744950286e-01
-7.939166933109952085e-02 -9.967420519249388100e-01 -1.420160895408839434e-02 3.075113265296908871e+00 9.960883306124784786e-01 -7.987801616414243189e-02 3.779093177843795281e-02 3.276080652067302168e+01 -3.880221768955140899e-02 -1.114570046021661799e-02 9.991848854952419812e-01 -3.563104796136282726e-01
-7.836182848376026244e-02 -9.968110833306877971e-01 -1.504482756191754048e-02 2.995203804079494603e+00 9.963340872883184041e-01 -7.882612389626159066e-02 3.325570457388411089e-02 3.360814881883282368e+01 -3.433558544827757658e-02 -1.238361284049007728e-02 9.993339523800218727e-01 -3.676180271830681856e-01
-7.894707593465574713e-02 -9.967295985058979291e-01 -1.723392419046765323e-02 2.922751062548166079e+00 9.964038732843701895e-01 -7.943112387945115704e-02 2.949187897167547187e-02 3.441524843509539977e+01 -3.076440199277181292e-02 -1.484364876314396044e-02 9.994160998141069507e-01 -3.807150010761671255e-01
-7.815214755111554723e-02 -9.967909013270594976e-01 -1.734901203114767865e-02 2.846278124137764820e+00 9.964678002893087028e-01 -7.863941043305761047e-02 2.944800428124619632e-02 3.523341200284565389e+01 -3.071779488608744266e-02 -1.498630742445051893e-02 9.994152579841732997e-01 -3.926987419548966241e-01
-7.735855999438603914e-02 -9.968894480151440085e-01 -1.504771310708380785e-02 2.772528981984389240e+00 9.964467223485771186e-01 -7.781071231187862425e-02 3.223197671964071059e-02 3.607593639317386902e+01 -3.330252111372486445e-02 -1.250080511361960703e-02 9.993676723062646650e-01 -3.992175756475193626e-01
-7.702428282538807680e-02 -9.968993209270048395e-01 -1.610728104785685150e-02 2.693099486867242653e+00 9.963057114534012992e-01 -7.757387472245155791e-02 3.685156509359963778e-02 3.691159706683723840e+01 -3.798683149912893131e-02 -1.320933057573165856e-02 9.991914575478395566e-01 -4.136063734960687688e-01
-7.613663659520608640e-02 -9.970014027841964666e-01 -1.383973045475868704e-02 2.624203388135952331e+00 9.961577536071501981e-01 -7.666011809971555457e-02 4.235555488100473109e-02 3.774260351014056880e+01 -4.328949255079087011e-02 -1.056182194296388828e-02 9.990069546949217338e-01 -4.306868996949911876e-01
-7.625362538092587961e-02 -9.969588043784932685e-01 -1.605333794037269723e-02 2.548111063968653500e+00 9.959873262577261244e-01 -7.691598427478092692e-02 4.575297954676808138e-02 3.857170208494432018e+01 -4.684853088983354646e-02 -1.250007804848752430e-02 9.988239096557067764e-01 -4.463295079304194779e-01
-7.647751665923484266e-02 -9.969684278928799825e-01 -1.432826891211495292e-02 2.473878731606572678e+00 9.959757802993868259e-01 -7.705918388073169922e-02 4.577353222123731191e-02 3.940250366967860884e+01 -4.673881595403749090e-02 -1.076993509881236412e-02 9.988487005399665497e-01 -4.671538978444577661e-01
-7.625196978517428947e-02 -9.969731182478074327e-01 -1.515610974283147783e-02 2.401243685484720114e+00 9.961659906607505111e-01 -7.682631206580749217e-02 4.184407666052880614e-02 4.022405473772064965e+01 -4.288176809454868205e-02 -1.190725189230187019e-02 9.990090818509818060e-01 -4.858635403180890933e-01
-7.634378422913208617e-02 -9.969405184591090263e-01 -1.679232595187501315e-02 2.325156816127194492e+00 9.963247905416792172e-01 -7.693102746905583489e-02 3.766171274416770659e-02 4.105877125279814521e+01 -3.883834872969336993e-02 -1.385535654633965157e-02 9.991499116981880091e-01 -5.064413760879705739e-01
-7.566798434257553108e-02 -9.969491118590929624e-01 -1.913190594771425543e-02 2.243041431145400111e+00 9.964777480398416820e-01 -7.629985680256555491e-02 3.479243413151340142e-02 4.188095223849040138e+01 -3.614606587525299314e-02 -1.643190130041730090e-02 9.992113411451409855e-01 -5.167461672099074033e-01
-7.571922735327421550e-02 -9.968709310760119902e-01 -2.268607081994693589e-02 2.165657793694148570e+00 9.965349425156235785e-01 -7.643975782056793011e-02 3.278087824801940997e-02 4.269875812877224774e+01 -3.441247973475643901e-02 -2.012539048166936753e-02 9.992046851738421998e-01 -5.359958960219127766e-01
-7.700658034521781770e-02 -9.968282628531180967e-01 -2.009822847728418363e-02 2.088131920529606056e+00 9.965151670352593305e-01 -7.759948423140990148e-02 3.060798122998838189e-02 4.352176578191454581e+01 -3.207045877726944633e-02 -1.767122980958569720e-02 9.993295645766275825e-01 -5.474250154293743842e-01
-7.798652237094393092e-02 -9.968185872716681661e-01 -1.643187612735984987e-02 2.019064330492549963e+00 9.965401149107876444e-01 -7.841842489233791236e-02 2.752512928631322547e-02 4.433545090722356719e+01 -2.872607418723946079e-02 -1.422843221807567823e-02 9.994857472632818762e-01 -5.528470376901325478e-01
-7.909336501979434553e-02 -9.967852777046092294e-01 -1.277965805712866394e-02 1.951585295968686351e+00 9.964945707595693758e-01 -7.940784416239618504e-02 2.632819162089239731e-02 4.514021182985236891e+01 -2.725834986926347486e-02 -1.065246930865975349e-02 9.995721091821905269e-01 -5.606319389185649982e-01
-8.042913974162187174e-02 -9.966852859604893311e-01 -1.223991808801520517e-02 1.875210608942883717e+00 9.963032572554079147e-01 -8.075798809820375346e-02 2.928823001615303220e-02 4.597657310232654737e+01 -3.017970215816634730e-02 -9.839069232285497027e-03 9.994963278398256712e-01 -5.702221809486816007e-01
-8.258473365866947358e-02 -9.965307039225598240e-01 -1.028820129293419976e-02 1.800531157016518335e+00 9.959475389295913139e-01 -8.289639073592945662e-02 3.486905107641347090e-02 4.678739202781075335e+01 -3.560100807457176192e-02 -7.366877660304016300e-03 9.993388243945988680e-01 -5.818327899911154288e-01
-8.447040457776786027e-02 -9.963891427027158354e-01 -8.602603466500106238e-03 1.724619097648217414e+00 9.956384914016098708e-01 -8.474370295343347514e-02 3.902055045152908602e-02 4.761678143584449430e+01 -3.960860702665534167e-02 -5.269019500998434365e-03 9.992018075312014691e-01 -5.899323653535035739e-01
-8.620371056158687706e-02 -9.962392492791165566e-01 -8.672918492495729909e-03 1.648826399573221302e+00 9.955074578830686027e-01 -8.647608349664510918e-02 3.855928471318374740e-02 4.841146470237467270e+01 -3.916425589803328861e-02 -5.309960472578435439e-03 9.992189940582320018e-01 -5.987155463191800031e-01
-8.693746127828336223e-02 -9.961451038415907178e-01 -1.165015669605456647e-02 1.560281985361321899e+00 9.955700039061621265e-01 -8.729566574011064783e-02 3.492344740298763267e-02 4.921706230307810870e+01 -3.580583100660281876e-02 -8.562424624782216317e-03 9.993224270183939106e-01 -6.125814332503016768e-01
-8.850205811718690752e-02 -9.959442489011524069e-01 -1.620358671748709303e-02 1.466689174351789360e+00 9.955390085907925846e-01 -8.897669402297839203e-02 3.138746858578495696e-02 5.001875789160686026e+01 -3.270194600313067190e-02 -1.335344843770541919e-02 9.993760521401652275e-01 -6.238886618411895180e-01
-8.952850023713684879e-02 -9.957735705721240116e-01 -2.048520672529992662e-02 1.377042084203241590e+00 9.954974263262861278e-01 -9.010885724183526069e-02 2.941895015004545449e-02 5.080070640842605201e+01 -3.114048874945942597e-02 -1.775914950305824969e-02 9.993574574789720888e-01 -6.368845233410547202e-01
-9.096204547823158459e-02 -9.956102811743192671e-01 -2.203476523197900674e-02 1.289979779157117257e+00 9.953292022456184940e-01 -9.161010465186388008e-02 3.044220621710324801e-02 5.159433757788345787e+01 -3.232717473930372259e-02 -1.916275702497420227e-02 9.992936501300954122e-01 -6.477424160601678027e-01
-9.140535763654664136e-02 -9.955805890066686814e-01 -2.154733289964793838e-02 1.205285687652915438e+00 9.952275337171987424e-01 -9.207264459720831962e-02 3.232942335585938659e-02 5.239463501266197198e+01 -3.417046572758613426e-02 -1.848944841091130359e-02 9.992446022337548861e-01 -6.532312542607650041e-01
-9.328901677574730211e-02 -9.953561505333997639e-01 -2.374319350265276934e-02 1.119704573037491713e+00 9.950674603983201694e-01 -9.401686958252117310e-02 3.164318496195943353e-02 5.316834146589899746e+01 -3.372842060107926476e-02 -2.067415675336575775e-02 9.992176863582685753e-01 -6.599715656483352566e-01
-9.308183774286130086e-02 -9.953539082095731461e-01 -2.461412778347355293e-02 1.032898569190150440e+00 9.950818442875762893e-01 -9.384057482274418827e-02 3.171242917823063195e-02 5.395555279885306277e+01 -3.387485735271893172e-02 -2.154121922834858344e-02 9.991940125656053606e-01 -6.717402157144614083e-01
-9.343230183417139401e-02 -9.953470575165258571e-01 -2.354116684142289889e-02 9.508990713668856731e-01 9.949917170050830428e-01 -9.419028210936128409e-02 3.346052855105154794e-02 5.473505465334531550e+01 -3.552212023238217331e-02 -2.029696873289118728e-02 9.991631839435327622e-01 -6.806965000290383649e-01
-9.413286602534087777e-02 -9.952873646601086977e-01 -2.327847811909879161e-02 8.665955017697584140e-01 9.948147717698848647e-01 -9.494111492602712310e-02 3.647137329093645686e-02 5.550116204771138229e+01 -3.850956861902230660e-02 -1.972466449152624271e-02 9.990631809513681461e-01 -6.895653911683585768e-01
-9.349221278535280177e-02 -9.953616644823923831e-01 -2.266770527689313669e-02 7.809461093499241446e-01 9.947046585015585363e-01 -9.435807667612769456e-02 4.073261165940658679e-02 5.626684135358433281e+01 -4.268249076499266992e-02 -1.873941368274715386e-02 9.989129894614805494e-01 -7.054556472740891593e-01
-9.428121252582070955e-02 -9.952823760317168755e-01 -2.289158363102509683e-02 6.977792206626096672e-01 9.945490084374617457e-01 -9.519036827420956914e-02 4.254825899173818315e-02 5.704995930516241742e+01 -4.452663157488358919e-02 -1.875533248764260641e-02 9.988325808000302342e-01 -7.177824799711802761e-01
-9.455025242741577074e-02 -9.952525738443049885e-01 -2.309386245025558948e-02 6.227940292230088604e-01 9.945011877307192716e-01 -9.547718711207869857e-02 4.302056523857400450e-02 5.779890018259105489e+01 -4.502118488713169331e-02 -1.889927203938743250e-02 9.988071395394945151e-01 -7.331042843378874352e-01
-9.468799667232154216e-02 -9.952667550817573261e-01 -2.186747955750624126e-02 5.520664105655745946e-01 9.945668969675204307e-01 -9.553023655047793161e-02 4.136879312573977369e-02 5.853127291269014165e+01 -4.326200236149840839e-02 -1.783154565750216802e-02 9.989044332227995371e-01 -7.467523977206660390e-01
-9.516701592188415992e-02 -9.952136959756522350e-01 -2.221634278172669383e-02 4.674733058255566287e-01 9.946694749286916215e-01 -9.595765251799363849e-02 3.774782543506571136e-02 5.926788538776440873e+01 -3.969888038334729030e-02 -1.850552981122930915e-02 9.990403684398776463e-01 -7.624505109251815682e-01
-9.484799930164981852e-02 -9.952262985277026131e-01 -2.299050865597537102e-02 3.845699009411549518e-01 9.948060195027806918e-01 -9.561458159189530071e-02 3.492019300776844776e-02 5.997796362572518092e+01 -3.695173169926699308e-02 -1.955893142366400828e-02 9.991260808935450433e-01 -7.732584579435697325e-01
-9.396234948278869847e-02 -9.952816517322604639e-01 -2.417777272104103259e-02 3.025952405738218109e-01 9.949726593295827870e-01 -9.472309920504647096e-02 3.252408656755367833e-02 6.069187522780138266e+01 -3.466082605274176109e-02 -2.100016829398997434e-02 9.991787486878351832e-01 -7.844213550517641353e-01
-9.127478937345986920e-02 -9.955071171035482225e-01 -2.520699726734772564e-02 2.274573834224247193e-01 9.952368200596455328e-01 -9.206177078236398026e-02 3.205687619508341968e-02 6.137806011213963586e+01 -3.423345319426597533e-02 -2.216095712614394100e-02 9.991681601558237702e-01 -7.937627684460112354e-01
-8.702647754666011093e-02 -9.959065638716962932e-01 -2.442944233299309056e-02 1.556383934224368493e-01 9.955945900219195233e-01 -8.780572371068101623e-02 3.287924512770383501e-02 6.204554455379143008e+01 -3.488969689238679422e-02 -2.146045999622325784e-02 9.991608012573410802e-01 -7.989071755815881914e-01
-8.178318159208947113e-02 -9.963273279690001427e-01 -2.537740845038678750e-02 9.525577075901171809e-02 9.959845678398034918e-01 -8.263222852481516556e-02 3.443671085657029618e-02 6.269616131481291887e+01 -3.640723469209023594e-02 -2.245913828340731846e-02 9.990843101169046836e-01 -8.075438426148650040e-01
-7.400478410726711587e-02 -9.969769736022394691e-01 -2.367825781502612761e-02 3.772038619722718755e-02 9.965421011301897058e-01 -7.483009142085199350e-02 3.610623622886836859e-02 6.335516812286994792e+01 -3.776894377274180731e-02 -2.092440458666208064e-02 9.990673755281191948e-01 -8.127350491807886490e-01
-6.561974298950892792e-02 -9.974910297901369294e-01 -2.657688511110226776e-02 -1.195633224015940632e-02 9.970772055161524206e-01 -6.659079556553793022e-02 3.746658127271911692e-02 6.398141938008814833e+01 -3.914240083401882703e-02 -2.404069734606347625e-02 9.989440385550468759e-01 -8.194142782213459375e-01
-5.343315011066668979e-02 -9.981765426130692065e-01 -2.807274214097784520e-02 -5.261555376075222057e-02 9.977476293410534325e-01 -5.450991256422794279e-02 3.910418674974031755e-02 6.460013624452204795e+01 -4.056317596091085081e-02 -2.592000226884879147e-02 9.988405626748947386e-01 -8.260019320157631073e-01
-3.848777059240097997e-02 -9.988035884943431419e-01 -3.018229773968432450e-02 -8.457965612984580384e-02 9.983831589371109372e-01 -3.970098674952853707e-02 4.068638565413802005e-02 6.520554115261302286e+01 -4.183601933605877315e-02 -2.856749133271403382e-02 9.987161573419296445e-01 -8.348024200185134580e-01
-1.983603794571529508e-02 -9.992802074332178819e-01 -3.234090950523789421e-02 -1.049446851841555617e-01 9.988931056255494489e-01 -2.118760022435846671e-02 4.199811944991863749e-02 6.578547486322302973e+01 -4.265309359043223392e-02 -3.147201988747650586e-02 9.985938381700736333e-01 -8.436128644372281604e-01
1.796165677524591293e-03 -9.994966432122325273e-01 -3.165629218139862089e-02 -1.030173671788555678e-01 9.990772998399989335e-01 4.351221928274548760e-04 4.294937875618481948e-02 6.634906657090733972e+01 -4.291399311673538969e-02 -3.170423399796330755e-02 9.985757425596479830e-01 -8.538444368705684351e-01
2.778694903802962982e-02 -9.991468954653511814e-01 -3.054354873234660719e-02 -9.007365600183653287e-02 9.987336530806144586e-01 2.646743200364041690e-02 4.278819288555165551e-02 6.689095836306309195e+01 -4.194324070281501421e-02 -3.169387668387542434e-02 9.986169189583300465e-01 -8.596042417910662037e-01
5.668620669568175119e-02 -9.979816536975305574e-01 -2.861352180878135032e-02 -5.309853681458441554e-02 9.975281474251419533e-01 5.542208009751389136e-02 4.319013317476540909e-02 6.740116854783927636e+01 -4.151710385888809918e-02 -3.099104302178262715e-02 9.986574132068043452e-01 -8.676260372458508563e-01
9.103310460032708329e-02 -9.955141082192273672e-01 -2.577321386091449909e-02 -3.472270578737335356e-03 9.950277750321935288e-01 8.987718464359767401e-02 4.292862986338630282e-02 6.789838765531352749e+01 -4.041965384378659598e-02 -2.955295102427649145e-02 9.987453107560753107e-01 -8.749505005087032661e-01
1.282934551311842031e-01 -9.914514193302077505e-01 -2.378387821631187254e-02 6.991786602457326916e-02 9.909455004323663996e-01 1.271967634645690126e-01 4.300014792760444016e-02 6.837524694752268317e+01 -3.960722038611694945e-02 -2.908516035193534771e-02 9.987917814042468478e-01 -8.824307213768051161e-01
1.683908624980763602e-01 -9.854707522749726056e-01 -2.219695071322327212e-02 1.587918851832547107e-01 9.849518537348406211e-01 1.673276788832608331e-01 4.327068052198435044e-02 6.882708731285650572e+01 -3.892775199044089945e-02 -2.914931700857699426e-02 9.988164586186628613e-01 -8.852938049106503504e-01
2.139365884083934966e-01 -9.766488848996370820e-01 -1.971696041404338157e-02 2.661912518308099385e-01 9.760808778695523324e-01 2.129253657849817516e-01 4.391144539752252218e-02 6.928058374924953000e+01 -3.868773617967165984e-02 -2.863959582062505435e-02 9.988410458066246944e-01 -8.932283091229852312e-01
2.603982381261599199e-01 -9.653903077490453288e-01 -1.463681167880501698e-02 4.166147242303304132e-01 9.647907301180582706e-01 2.595942021988379977e-01 4.230315024312079203e-02 6.970922460183162173e+01 -3.703950231261747550e-02 -2.513711864580921163e-02 9.989975596750022557e-01 -8.998293066357700987e-01
3.104805126505504331e-01 -9.505612116953832125e-01 -5.880644634232736617e-03 5.715553951295652135e-01 9.499612403626723767e-01 3.100503050250943415e-01 3.797419745693451226e-02 7.012759655557771055e+01 -3.427357156380098774e-02 -1.737662092593205213e-02 9.992611823243552349e-01 -8.954882780393835784e-01
