1.000000000000000000e+00 0.000000000000000000e+00 0.000000000000000000e+00 0.000000000000000000e+00 0.000000000000000000e+00 1.000000000000000000e+00 0.000000000000000000e+00 0.000000000000000000e+00 0.000000000000000000e+00 0.000000000000000000e+00 1.000000000000000000e+00 0.000000000000000000e+00
9.999839999999999840e-01 -5.420299899999999647e-06 -5.656100199999999911e-03 -6.198239999999999826e-03 9.202398699999999283e-06 1.000000000000000000e+00 6.687680099999999917e-04 -1.296390000000000042e-02 5.656090400000000039e-03 -6.688090000000000267e-04 9.999839999999999840e-01 7.540080000000000393e-02
9.999219999999999775e-01 -1.030049999999999938e-04 -1.248999999999999937e-02 -1.574510000000000146e-02 1.075760700000000063e-04 1.000000000000000000e+00 3.654150100000000249e-04 -1.939269999999999883e-02 1.248989999999999996e-02 -3.667300000000000074e-04 9.999219999999999775e-01 1.662150000000000016e-01
9.998080000000000300e-01 8.204799999999999507e-04 -1.957779999999999937e-02 -2.298839999999999911e-02 -8.259949300000000039e-04 1.000000000000000000e+00 -2.734889799999999952e-04 -2.019910000000000108e-02 1.957760000000000056e-02 2.896080000000000095e-04 9.998080000000000300e-01 2.574719999999999787e-01
9.995979999999999865e-01 1.379910000000000034e-03 -2.831140000000000045e-02 -3.554000000000000214e-02 -1.428730900000000107e-03 9.999980000000000535e-01 -1.704430000000000051e-03 -2.489979999999999971e-02 2.830900000000000083e-02 1.744190000000000063e-03 9.995979999999999865e-01 3.637779999999999903e-01
9.992290000000000338e-01 1.759539999999999976e-03 -3.922230000000000161e-02 -5.018360000000000182e-02 -1.869280899999999947e-03 9.999940000000000495e-01 -2.761410000000000167e-03 -2.787449999999999997e-02 3.921720000000000067e-02 2.832599999999999788e-03 9.992269999999999763e-01 4.662089999999999845e-01
9.985889999999999489e-01 1.647639999999999912e-03 -5.307780000000000137e-02 -7.485740000000000449e-02 -1.883660899999999982e-03 9.999890000000000168e-01 -4.397080000000000259e-03 -2.891849999999999976e-02 5.306999999999999912e-02 4.490850000000000224e-03 9.985810000000000519e-01 5.929010000000000113e-01
9.976390000000000535e-01 1.593180000000000030e-03 -6.865839999999999443e-02 -9.861000000000000321e-02 -1.861360899999999928e-03 9.999909999999999632e-01 -3.842149899999999871e-03 -3.374710000000000210e-02 6.865159999999999318e-02 3.960879999999999956e-03 9.976329999999999920e-01 7.294289999999999941e-01
9.962339999999999529e-01 6.456419999999999824e-04 -8.670360000000000567e-02 -1.266180000000000083e-01 -9.535609299999999681e-04 9.999930000000000208e-01 -3.510009900000000006e-03 -3.635530000000000012e-02 8.670079999999999454e-02 3.579469999999999961e-03 9.962280000000000024e-01 8.746490000000000098e-01
9.942440000000000166e-01 -4.369169999999999911e-04 -1.071349999999999941e-01 -1.613779999999999937e-01 1.547117400000000076e-05 9.999919999999999920e-01 -3.934599900000000303e-03 -4.195249999999999674e-02 1.071359999999999951e-01 3.910290000000000293e-03 9.942370000000000374e-01 1.029490000000000016e+00
9.916580000000000394e-01 -5.719129999999999570e-04 -1.288970000000000116e-01 -2.003689999999999916e-01 -2.516992400000000001e-05 9.999890000000000168e-01 -4.630579899999999992e-03 -4.611939999999999790e-02 1.288980000000000126e-01 4.595199999999999806e-03 9.916469999999999452e-01 1.192560000000000064e+00
9.882060000000000288e-01 3.094920000000000136e-03 -1.530960000000000099e-01 -2.611129999999999840e-01 -3.988570900000000183e-03 9.999770000000000048e-01 -5.530399899999999952e-03 -5.351120000000000182e-02 1.530759999999999899e-01 6.075810000000000065e-03 9.881959999999999633e-01 1.366239999999999899e+00
9.839609999999999745e-01 7.228739999999999992e-03 -1.782370000000000065e-01 -3.257990000000000053e-01 -8.726750900000000005e-03 9.999329999999999607e-01 -7.622029800000000056e-03 -5.960120000000000001e-02 1.781699999999999950e-01 9.055199999999999361e-03 9.839579999999999993e-01 1.539970000000000061e+00
9.785810000000000342e-01 1.039209999999999960e-02 -2.055980000000000030e-01 -3.988070000000000226e-01 -1.239410099999999938e-02 9.998869999999999703e-01 -8.452119799999999530e-03 -6.660839999999999816e-02 2.054870000000000030e-01 1.081930000000000044e-02 9.786000000000000254e-01 1.722320000000000073e+00
9.719619999999999926e-01 1.164980000000000009e-02 -2.348500000000000032e-01 -4.742520000000000069e-01 -1.403210099999999995e-02 9.998660000000000325e-01 -8.475379800000000172e-03 -7.461879999999999902e-02 2.347200000000000120e-01 1.153320000000000040e-02 9.719950000000000534e-01 1.910029999999999895e+00
9.640429999999999833e-01 1.373470000000000073e-02 -2.653900000000000148e-01 -5.589830000000000076e-01 -1.642710099999999951e-02 9.998340000000000005e-01 -7.927989800000000142e-03 -7.973349899999999935e-02 2.652370000000000005e-01 1.200249999999999928e-02 9.641089999999999938e-01 2.097080000000000055e+00
9.546339999999999826e-01 1.533340000000000050e-02 -2.973870000000000124e-01 -6.573059999999999459e-01 -1.832390100000000008e-02 9.998059999999999725e-01 -7.270879699999999862e-03 -8.304099900000000423e-02 2.972179999999999822e-01 1.239029999999999992e-02 9.547290000000000498e-01 2.298470000000000013e+00
9.433580000000000298e-01 1.793000000000000149e-02 -3.312919999999999754e-01 -7.637270000000000447e-01 -2.079690099999999958e-02 9.997709999999999653e-01 -5.110469700000000101e-03 -8.982059900000000097e-02 3.311250000000000027e-01 1.171089999999999978e-02 9.435139999999999638e-01 2.490219999999999878e+00
9.308070000000000510e-01 2.033439999999999900e-02 -3.649450000000000194e-01 -8.790790000000000548e-01 -2.365320099999999870e-02 9.997099999999999875e-01 -4.625579700000000127e-03 -9.320749899999999921e-02 3.647449999999999859e-01 1.293760000000000049e-02 9.310180000000000122e-01 2.669939999999999980e+00
9.169260000000000188e-01 2.328569999999999945e-02 -3.983780000000000099e-01 -1.007290000000000019e+00 -2.719820100000000171e-02 9.996209999999999818e-01 -4.171539600000000354e-03 -9.272249899999999989e-02 3.981299999999999839e-01 1.466010000000000056e-02 9.172120000000000273e-01 2.867840000000000167e+00
9.008629999999999693e-01 2.389809999999999851e-02 -4.334459999999999980e-01 -1.138870000000000049e+00 -2.834950099999999917e-02 9.995910000000000073e-01 -3.808269600000000182e-03 -9.068079900000000637e-02 4.331780000000000075e-01 1.571869999999999865e-02 9.011719999999999731e-01 3.061960000000000015e+00
8.825340000000000407e-01 1.991520000000000096e-02 -4.698260000000000214e-01 -1.270559999999999912e+00 -2.479770099999999838e-02 9.996840000000000170e-01 -4.205579600000000293e-03 -9.067409899999999412e-02 4.695940000000000114e-01 1.536219999999999947e-02 8.827490000000000059e-01 3.238259999999999916e+00
8.613239999999999785e-01 1.600120000000000015e-02 -5.078040000000000331e-01 -1.427380000000000093e+00 -2.092300100000000010e-02 9.997730000000000228e-01 -3.985549500000000293e-03 -9.959659899999999400e-02 5.076249999999999929e-01 1.405759999999999996e-02 8.614629999999999788e-01 3.434289999999999843e+00
8.368299999999999628e-01 1.744400000000000117e-02 -5.471850000000000325e-01 -1.589229999999999920e+00 -2.134120100000000061e-02 9.997719999999999940e-01 -7.655994900000000474e-04 -1.064429999999999960e-01 5.470469999999999500e-01 1.231830000000000078e-02 8.370109999999999495e-01 3.603580000000000005e+00
8.083299999999999930e-01 2.293370000000000131e-02 -5.882830000000000004e-01 -1.794349999999999890e+00 -2.634700099999999837e-02 9.996490000000000098e-01 2.768380500000000143e-03 -1.074640000000000040e-01 5.881399999999999961e-01 1.326169999999999953e-02 8.086499999999999799e-01 3.784400000000000208e+00
7.763750000000000373e-01 2.629350000000000090e-02 -6.297230000000000327e-01 -2.002969999999999917e+00 -2.986690100000000125e-02 9.995420000000000416e-01 4.912550600000000108e-03 -1.126159999999999939e-01 6.295629999999999837e-01 1.499389999999999924e-02 7.768049999999999677e-01 3.950330000000000119e+00
7.410879999999999690e-01 2.565289999999999931e-02 -6.709180000000000144e-01 -2.201340000000000074e+00 -2.981700099999999923e-02 9.995410000000000128e-01 5.282390599999999860e-03 -1.110239999999999977e-01 6.707450000000000356e-01 1.609009999999999954e-02 7.415129999999999777e-01 4.099429999999999907e+00
7.021060000000000079e-01 2.249869999999999995e-02 -7.117170000000000440e-01 -2.441380000000000106e+00 -2.473520099999999833e-02 9.996680000000000010e-01 7.200150699999999584e-03 -1.167860000000000009e-01 7.116430000000000256e-01 1.254919999999999994e-02 7.024299999999999988e-01 4.280070000000000263e+00
6.599880000000000191e-01 1.937219999999999914e-02 -7.510270000000000001e-01 -2.683059999999999778e+00 -1.973520100000000083e-02 9.997700000000000475e-01 8.445420699999999295e-03 -1.191549999999999970e-01 7.510170000000000456e-01 9.247770000000000643e-03 6.602179999999999715e-01 4.428499999999999659e+00
6.157780000000000475e-01 1.896950000000000025e-02 -7.876910000000000300e-01 -2.933600000000000207e+00 -1.736520100000000025e-02 9.997939999999999605e-01 1.050220099999999920e-02 -1.181360000000000049e-01 7.877279999999999838e-01 7.211359999999999992e-03 6.159810000000000008e-01 4.564820000000000100e+00
5.678940000000000099e-01 1.957329999999999834e-02 -8.228689999999999616e-01 -3.230789999999999829e+00 -1.512430099999999972e-02 9.997970000000000468e-01 1.334390100000000003e-02 -1.156250000000000056e-01 8.229630000000000001e-01 4.867380000000000144e-03 5.680739999999999679e-01 4.711289999999999978e+00
5.171769999999999978e-01 2.087589999999999932e-02 -8.556240000000000512e-01 -3.523839999999999861e+00 -1.407480000000000016e-02 9.997749999999999693e-01 1.588560099999999919e-02 -1.153639999999999943e-01 8.557620000000000227e-01 3.827049999999999810e-03 5.173550000000000093e-01 4.825829999999999842e+00
4.647209999999999952e-01 2.237839999999999968e-02 -8.851740000000000164e-01 -3.831010000000000026e+00 -1.318850000000000057e-02 9.997449999999999948e-01 1.835080099999999992e-02 -1.101120000000000015e-01 8.853590000000000071e-01 3.146069999999999943e-03 4.648979999999999779e-01 4.915770000000000195e+00
4.106719999999999815e-01 2.476199999999999929e-02 -9.114470000000000072e-01 -4.179829999999999934e+00 -1.227010000000000080e-02 9.996909999999999963e-01 2.163080100000000158e-02 -1.063469999999999971e-01 9.117009999999999836e-01 2.300389999999999813e-03 4.108479999999999910e-01 5.017619999999999969e+00
3.561070000000000069e-01 2.663580000000000114e-02 -9.340650000000000341e-01 -4.511919999999999931e+00 -1.170760000000000030e-02 9.996420000000000305e-01 2.404240100000000144e-02 -1.023929999999999979e-01 9.343719999999999803e-01 2.374049999999999945e-03 3.562919999999999976e-01 5.077510000000000190e+00
3.005659999999999998e-01 2.944630000000000164e-02 -9.533059999999999867e-01 -4.903080000000000105e+00 -9.392020299999999725e-03 9.995659999999999545e-01 2.791400100000000079e-02 -9.854139500000000385e-02 9.537149999999999794e-01 5.634840100000000152e-04 3.007119999999999793e-01 5.156469999999999665e+00
2.468069999999999986e-01 3.169389999999999707e-02 -9.685460000000000180e-01 -5.286929999999999907e+00 -5.036140199999999782e-03 9.994929999999999648e-01 3.142320099999999783e-02 -9.584699500000000427e-02 9.690520000000000245e-01 -2.877729999999999785e-03 2.468410000000000049e-01 5.213560000000000194e+00
1.958380000000000121e-01 3.269049999999999734e-02 -9.800910000000000455e-01 -5.675309999999999633e+00 -2.676730200000000063e-03 9.994579999999999576e-01 3.280160099999999967e-02 -9.669129499999999655e-02 9.806329999999999769e-01 -3.800350000000000082e-03 1.958189999999999931e-01 5.249819999999999709e+00
1.482100000000000084e-01 3.359990000000000199e-02 -9.883849999999999580e-01 -6.110759999999999970e+00 -4.345810099999999898e-03 9.994349999999999623e-01 3.332390100000000299e-02 -8.854049399999999737e-02 9.889459999999999917e-01 -6.436039900000000260e-04 1.482729999999999881e-01 5.269289999999999807e+00
1.053199999999999970e-01 3.355280000000000068e-02 -9.938719999999999777e-01 -6.529829999999999579e+00 -6.280100099999999866e-03 9.994330000000000158e-01 3.307500099999999971e-02 -7.615569399999999600e-02 9.944190000000000529e-01 2.758150000000000011e-03 1.054709999999999953e-01 5.279790000000000205e+00
6.722430000000000072e-02 3.236680000000000113e-02 -9.972130000000000161e-01 -6.988489999999999647e+00 -7.434070099999999688e-03 9.994619999999999616e-01 3.193860099999999702e-02 -6.404609299999999839e-02 9.977099999999999858e-01 5.266289999999999860e-03 6.742879999999999707e-02 5.267269999999999897e+00
3.305960000000000149e-02 2.980829999999999938e-02 -9.990090000000000359e-01 -7.454500000000000348e+00 -6.783729999999999968e-03 9.995389999999999553e-01 2.959970099999999910e-02 -5.702369300000000030e-02 9.994300000000000406e-01 5.798450000000000132e-03 3.324660000000000115e-02 5.255379999999999718e+00
1.373809799999999980e-03 2.739629999999999843e-02 -9.996239999999999570e-01 -7.921479999999999855e+00 -6.628979999999999595e-03 9.996030000000000193e-01 2.738660100000000000e-02 -5.375739300000000054e-02 9.999770000000000048e-01 6.588860000000000203e-03 1.554869599999999944e-03 5.233360000000000234e+00
-2.562779999999999919e-02 2.527259999999999923e-02 -9.993520000000000181e-01 -8.415190000000000836e+00 -6.261590000000000038e-03 9.996570000000000178e-01 2.544090099999999841e-02 -4.747689199999999971e-02 9.996519999999999850e-01 6.909529999999999665e-03 -2.546079999999999871e-02 5.193550000000000111e+00
-4.657950000000000285e-02 2.321660000000000043e-02 -9.986450000000000049e-01 -8.921569999999999112e+00 -6.976109999999999776e-03 9.996979999999999755e-01 2.356640100000000071e-02 -3.794359199999999821e-02 9.988899999999999446e-01 8.064369999999999525e-03 -4.640339999999999743e-02 5.153200000000000003e+00
-6.347679999999999989e-02 2.205170000000000047e-02 -9.977399999999999602e-01 -9.455479999999999663e+00 -7.236489900000000336e-03 9.997190000000000243e-01 2.255590099999999973e-02 -2.498989100000000019e-02 9.979569999999999830e-01 8.651910000000000503e-03 -6.329940000000000566e-02 5.101270000000000415e+00
-7.662760000000000404e-02 2.276020000000000126e-02 -9.968000000000000194e-01 -9.999000000000000554e+00 -6.162309900000000236e-03 9.997099999999999875e-01 2.330040099999999836e-02 -1.887209100000000056e-02 9.970409999999999551e-01 7.928040000000000781e-03 -7.646509999999999418e-02 5.048449999999999882e+00
-8.639840000000000020e-02 2.362399999999999917e-02 -9.959810000000000052e-01 -1.055300000000000082e+01 -7.328699900000000024e-03 9.996770000000000378e-01 2.434740100000000115e-02 -1.772359000000000087e-02 9.962339999999999529e-01 9.402819999999999234e-03 -8.619730000000000447e-02 4.992189999999999905e+00
-9.322010000000000018e-02 2.499279999999999904e-02 -9.953319999999999945e-01 -1.112320000000000064e+01 -8.030179900000000009e-03 9.996329999999999938e-01 2.585290100000000105e-02 -1.383409000000000028e-02 9.956129999999999702e-01 1.040270000000000084e-02 -9.298520000000000396e-02 4.926099999999999923e+00
-9.733840000000000547e-02 2.634490000000000096e-02 -9.949029999999999818e-01 -1.171160000000000068e+01 -7.940239899999999851e-03 9.995969999999999578e-01 2.724610099999999827e-02 -4.376129099999999904e-03 9.952199999999999935e-01 1.055189999999999947e-02 -9.708999999999999575e-02 4.858629999999999782e+00
-9.917199999999999627e-02 2.722489999999999979e-02 -9.946979999999999711e-01 -1.230809999999999960e+01 -7.389059899999999778e-03 9.995779999999999665e-01 2.809520100000000020e-02 6.062561499999999902e-03 9.950430000000000108e-01 1.013610000000000032e-02 -9.892900000000000305e-02 4.794419999999999682e+00
-9.818580000000000363e-02 2.899159999999999932e-02 -9.947460000000000191e-01 -1.292060000000000031e+01 -5.980579899999999630e-03 9.995399999999999840e-01 2.972170099999999968e-02 1.475001199999999985e-02 9.951499999999999790e-01 8.867399999999999241e-03 -9.796729999999999328e-02 4.738889999999999603e+00
-9.686110000000000553e-02 3.148519999999999791e-02 -9.948000000000000176e-01 -1.355850000000000044e+01 -5.236819900000000069e-03 9.994699999999999696e-01 3.214290100000000150e-02 2.387771299999999833e-02 9.952839999999999465e-01 8.322980000000000655e-03 -9.664480000000000293e-02 4.673029999999999795e+00
-9.494450000000000112e-02 3.166259999999999908e-02 -9.949789999999999468e-01 -1.419759999999999955e+01 -5.737799899999999897e-03 9.994600000000000151e-01 3.235270099999999760e-02 3.332601300000000155e-02 9.954659999999999620e-01 8.780700000000000657e-03 -9.471160000000000689e-02 4.603349999999999831e+00
-9.326919999999999655e-02 2.956500000000000100e-02 -9.952020000000000310e-01 -1.486270000000000024e+01 -9.369579899999999281e-03 9.994889999999999608e-01 3.057040100000000052e-02 4.085231400000000068e-02 9.955969999999999542e-01 1.217589999999999992e-02 -9.294449999999999934e-02 4.538960000000000328e+00
-9.233439999999999703e-02 2.902990000000000084e-02 -9.953049999999999953e-01 -1.555589999999999939e+01 -1.061400000000000017e-02 9.994889999999999608e-01 3.013660099999999897e-02 5.307361399999999813e-02 9.956720000000000015e-01 1.334680000000000068e-02 -9.197909999999999420e-02 4.472070000000000434e+00
-9.048159999999999537e-02 3.184379999999999850e-02 -9.953889999999999683e-01 -1.625209999999999866e+01 -9.840379899999999666e-03 9.994110000000000493e-01 3.286700099999999986e-02 6.684841499999999437e-02 9.958500000000000130e-01 1.276889999999999969e-02 -9.011500000000000066e-02 4.408739999999999881e+00
-8.931469999999999687e-02 3.497829999999999689e-02 -9.953889999999999683e-01 -1.698580000000000112e+01 -1.066450000000000037e-02 9.992919999999999581e-01 3.607240099999999700e-02 8.097971599999999326e-02 9.959459999999999980e-01 1.383709999999999975e-02 -8.887849999999999917e-02 4.339819999999999567e+00
-8.802029999999999577e-02 3.736119999999999719e-02 -9.954180000000000250e-01 -1.769539999999999935e+01 -1.072470000000000021e-02 9.992029999999999523e-01 3.845160100000000192e-02 9.658551599999999626e-02 9.960609999999999742e-01 1.406010000000000072e-02 -8.754950000000000232e-02 4.279790000000000205e+00
-8.633820000000000383e-02 3.633639999999999787e-02 -9.956030000000000157e-01 -1.844810000000000016e+01 -1.318579999999999926e-02 9.992060000000000386e-01 3.761140100000000264e-02 1.071780199999999988e-01 9.961790000000000367e-01 1.637510000000000007e-02 -8.579050000000000564e-02 4.210720000000000240e+00
-8.407399999999999596e-02 3.385699999999999821e-02 -9.958839999999999915e-01 -1.919569999999999865e+01 -1.640580000000000163e-02 9.992400000000000171e-01 3.535610100000000089e-02 1.209760200000000036e-01 9.963239999999999874e-01 1.931079999999999949e-02 -8.345460000000000378e-02 4.135519999999999641e+00
-8.247590000000000476e-02 3.317529999999999785e-02 -9.960409999999999542e-01 -1.995540000000000092e+01 -1.712549999999999836e-02 9.992510000000000003e-01 3.470030100000000284e-02 1.418060200000000048e-01 9.964460000000000539e-01 1.991959999999999911e-02 -8.184589999999999921e-02 4.065159999999999663e+00
-8.139849999999999863e-02 3.551320000000000171e-02 -9.960489999999999622e-01 -2.073509999999999920e+01 -1.345380000000000013e-02 9.992349999999999843e-01 3.672620099999999999e-02 1.585900199999999982e-01 9.965910000000000046e-01 1.639010000000000120e-02 -8.085849999999999982e-02 4.003440000000000332e+00
-7.988889999999999880e-02 3.754980000000000123e-02 -9.960959999999999814e-01 -2.152809999999999846e+01 -1.224369999999999972e-02 9.991780000000000106e-01 3.864790099999999839e-02 1.720140199999999897e-01 9.967289999999999761e-01 1.528340000000000080e-02 -7.936350000000000349e-02 3.938810000000000144e+00
-7.938789999999999736e-02 3.898599999999999982e-02 -9.960809999999999942e-01 -2.230770000000000053e+01 -9.352899899999999461e-03 9.991619999999999946e-01 3.985200099999999801e-02 1.875820199999999882e-01 9.968000000000000194e-01 1.247999999999999977e-02 -7.895670000000000466e-02 3.875669999999999948e+00
-7.830080000000000373e-02 3.464640000000000081e-02 -9.963279999999999914e-01 -2.311840000000000117e+01 -1.003459999999999942e-02 9.993180000000000396e-01 3.553900100000000062e-02 2.004370199999999935e-01 9.968789999999999596e-01 1.278050000000000019e-02 -7.789970000000000228e-02 3.808499999999999996e+00
-7.809750000000000025e-02 2.826769999999999977e-02 -9.965450000000000141e-01 -2.391499999999999915e+01 -1.024249999999999987e-02 9.995220000000000216e-01 2.915490100000000043e-02 2.085450199999999976e-01 9.968930000000000291e-01 1.248409999999999971e-02 -7.777069999999999816e-02 3.745280000000000165e+00
-7.805779999999999663e-02 2.393910000000000135e-02 -9.966610000000000191e-01 -2.472340000000000160e+01 -7.378949899999999971e-03 9.996699999999999475e-01 2.458930100000000091e-02 2.205970200000000048e-01 9.969219999999999748e-01 9.273699999999999305e-03 -7.785540000000000516e-02 3.683660000000000156e+00
-7.840300000000000047e-02 2.454280000000000003e-02 -9.966199999999999504e-01 -2.554939999999999856e+01 -8.374049899999999602e-03 9.996450000000000058e-01 2.527610099999999874e-02 2.353530199999999961e-01 9.968869999999999676e-01 1.032749999999999987e-02 -7.816960000000000575e-02 3.613199999999999967e+00
-7.844500000000000084e-02 3.119270000000000029e-02 -9.964300000000000379e-01 -2.638489999999999824e+01 -6.727669900000000230e-03 9.994709999999999983e-01 3.181750099999999803e-02 2.438800200000000029e-01 9.968960000000000043e-01 9.199580000000000604e-03 -7.819360000000000199e-02 3.542559999999999931e+00
-7.862109999999999932e-02 3.851020000000000137e-02 -9.961600000000000454e-01 -2.722810000000000130e+01 -7.640089899999999955e-03 9.992010000000000058e-01 3.923070099999999977e-02 2.536230300000000271e-01 9.968749999999999556e-01 1.069510000000000079e-02 -7.826410000000000311e-02 3.469720000000000137e+00
-7.878119999999999568e-02 4.390600000000000058e-02 -9.959249999999999492e-01 -2.806940000000000168e+01 -8.881059900000000049e-03 9.989590000000000414e-01 4.474230099999999821e-02 2.702780300000000024e-01 9.968519999999999603e-01 1.236970000000000083e-02 -7.830929999999999835e-02 3.394750000000000156e+00
-7.923239999999999450e-02 4.467209999999999931e-02 -9.958550000000000457e-01 -2.888749999999999929e+01 -9.158489900000000433e-03 9.989209999999999479e-01 4.553830100000000325e-02 2.832160300000000075e-01 9.968139999999999779e-01 1.272859999999999964e-02 -7.873779999999999668e-02 3.324009999999999909e+00
-7.955840000000000134e-02 4.141859999999999986e-02 -9.959689999999999932e-01 -2.973120000000000118e+01 -1.001209999999999947e-02 9.990529999999999688e-01 4.234660099999999761e-02 2.957350300000000098e-01 9.967799999999999994e-01 1.334079999999999988e-02 -7.906829999999999414e-02 3.250910000000000188e+00
-7.963870000000000671e-02 3.896739999999999926e-02 -9.960620000000000029e-01 -3.055389999999999873e+01 -1.065950000000000057e-02 9.991449999999999498e-01 3.994030099999999750e-02 3.124540299999999937e-01 9.967669999999999586e-01 1.379829999999999945e-02 -7.915519999999999501e-02 3.176349999999999785e+00
-8.022899999999999476e-02 3.982779999999999654e-02 -9.959799999999999764e-01 -3.140630000000000166e+01 -1.225049999999999924e-02 9.990869999999999473e-01 4.093880099999999689e-02 3.301540299999999872e-01 9.967009999999999481e-01 1.548579999999999922e-02 -7.966779999999999695e-02 3.099310000000000009e+00
-7.977499999999999869e-02 4.224510000000000071e-02 -9.959170000000000522e-01 -3.224380000000000024e+01 -1.168330000000000063e-02 9.989930000000000199e-01 4.331150100000000225e-02 3.508870299999999887e-01 9.967439999999999634e-01 1.509079999999999970e-02 -7.920109999999999650e-02 3.026460000000000150e+00
-7.987410000000000343e-02 4.010790000000000188e-02 -9.959980000000000500e-01 -3.307540000000000191e+01 -1.314850000000000046e-02 9.990609999999999769e-01 4.128570100000000104e-02 3.616150300000000040e-01 9.967179999999999929e-01 1.639360000000000123e-02 -7.927170000000000050e-02 2.954320000000000057e+00
-7.882329999999999892e-02 3.557930000000000120e-02 -9.962539999999999729e-01 -3.392369999999999663e+01 -1.441790000000000085e-02 9.992180000000000506e-01 3.682590100000000116e-02 3.715820300000000076e-01 9.967840000000000034e-01 1.726669999999999941e-02 -7.824870000000000436e-02 2.880799999999999805e+00
-7.942920000000000536e-02 3.183110000000000106e-02 -9.963319999999999954e-01 -3.473160000000000025e+01 -1.690279999999999908e-02 9.993030000000000523e-01 3.327360099999999987e-02 3.836120299999999927e-01 9.966970000000000551e-01 1.948369999999999963e-02 -7.883590000000000042e-02 2.814020000000000188e+00
-7.863749999999999907e-02 3.178820000000000257e-02 -9.963959999999999484e-01 -3.555030000000000001e+01 -1.704589999999999925e-02 9.993020000000000236e-01 3.322620099999999688e-02 3.957170300000000251e-01 9.967580000000000329e-01 1.959730000000000152e-02 -7.804079999999999351e-02 2.743599999999999817e+00
-7.780810000000000504e-02 3.455590000000000050e-02 -9.963689999999999491e-01 -3.639309999999999690e+01 -1.454249999999999987e-02 9.992539999999999756e-01 3.579150100000000334e-02 4.032370299999999963e-01 9.968620000000000259e-01 1.727460000000000107e-02 -7.724749999999999672e-02 2.675879999999999814e+00
-7.757029999999999481e-02 3.918250000000000205e-02 -9.962170000000000192e-01 -3.722890000000000299e+01 -1.521810000000000003e-02 9.990649999999999809e-01 4.047950100000000107e-02 4.193150299999999775e-01 9.968709999999999516e-01 1.830050000000000079e-02 -7.690139999999999476e-02 2.602549999999999919e+00
-7.665500000000000091e-02 4.467009999999999731e-02 -9.960569999999999702e-01 -3.805989999999999895e+01 -1.253360000000000064e-02 9.988740000000000396e-01 4.576100100000000254e-02 4.382830400000000126e-01 9.969789999999999486e-01 1.599189999999999987e-02 -7.600880000000000136e-02 2.539660000000000029e+00
-7.691000000000000614e-02 4.808260000000000312e-02 -9.958780000000000410e-01 -3.888920000000000243e+01 -1.444669999999999982e-02 9.986779999999999546e-01 4.933340099999999895e-02 4.552260399999999985e-01 9.969329999999999581e-01 1.818140000000000034e-02 -7.611370000000000635e-02 2.469559999999999977e+00
-7.705309999999999937e-02 4.809100000000000180e-02 -9.958669999999999467e-01 -3.972050000000000125e+01 -1.271740000000000023e-02 9.987070000000000114e-01 4.921210100000000115e-02 4.761570399999999759e-01 9.969459999999999988e-01 1.645680000000000059e-02 -7.634190000000000420e-02 2.401009999999999867e+00
-7.682139999999999802e-02 4.416790000000000299e-02 -9.960660000000000069e-01 -4.054290000000000305e+01 -1.388179999999999970e-02 9.988740000000000396e-01 4.536300100000000002e-02 4.937160400000000227e-01 9.969479999999999453e-01 1.731210000000000040e-02 -7.612180000000000335e-02 2.334330000000000016e+00
-7.692730000000000401e-02 3.999749999999999833e-02 -9.962339999999999529e-01 -4.137850000000000250e+01 -1.585819999999999938e-02 9.990200000000000191e-01 4.133390099999999928e-02 5.130830400000000457e-01 9.969109999999999916e-01 1.897820000000000062e-02 -7.621759999999999646e-02 2.264250000000000096e+00
-7.629700000000000371e-02 3.714510000000000034e-02 -9.963929999999999731e-01 -4.220150000000000290e+01 -1.845360000000000056e-02 9.990820000000000256e-01 3.865840100000000196e-02 5.226320399999999644e-01 9.969139999999999668e-01 2.133650000000000130e-02 -7.554149999999999754e-02 2.188340000000000174e+00
-7.643769999999999731e-02 3.515870000000000106e-02 -9.964539999999999509e-01 -4.302000000000000313e+01 -2.215900000000000161e-02 9.990710000000000424e-01 3.695090100000000127e-02 5.414250400000000241e-01 9.968280000000000474e-01 2.490480000000000124e-02 -7.558760000000000479e-02 2.116999999999999993e+00
-7.759760000000000268e-02 3.296759999999999968e-02 -9.964399999999999924e-01 -4.384369999999999834e+01 -1.972130000000000064e-02 9.992069999999999563e-01 3.459490099999999735e-02 5.522360400000000391e-01 9.967899999999999539e-01 2.233550000000000119e-02 -7.688589999999999314e-02 2.044659999999999922e+00
-7.841679999999999484e-02 2.985909999999999953e-02 -9.964730000000000532e-01 -4.465809999999999746e+01 -1.630209999999999992e-02 9.993790000000000173e-01 3.122900099999999929e-02 5.566940400000000011e-01 9.967869999999999786e-01 1.869349999999999831e-02 -7.788140000000000340e-02 1.980720000000000036e+00
-7.940619999999999623e-02 2.863639999999999936e-02 -9.964309999999999556e-01 -4.546340000000000003e+01 -1.273649999999999956e-02 9.994769999999999488e-01 2.973890100000000161e-02 5.641330399999999745e-01 9.967610000000000081e-01 1.505249999999999991e-02 -7.899989999999999790e-02 1.918269999999999920e+00
-8.075580000000000258e-02 3.159209999999999796e-02 -9.962330000000000352e-01 -4.629999999999999716e+01 -1.190240000000000048e-02 9.993959999999999511e-01 3.265730099999999969e-02 5.748340400000000461e-01 9.966629999999999656e-01 1.449480000000000039e-02 -8.033099999999999963e-02 1.847310000000000008e+00
-8.289299999999999446e-02 3.715820000000000234e-02 -9.958650000000000002e-01 -4.711079999999999757e+01 -9.391879900000000420e-03 9.992309999999999803e-01 3.806560099999999752e-02 5.883890400000000298e-01 9.965140000000000109e-01 1.250839999999999938e-02 -8.248030000000000639e-02 1.777490000000000014e+00
-8.473930000000000351e-02 4.129700000000000037e-02 -9.955469999999999597e-01 -4.794030000000000058e+01 -7.265639899999999825e-03 9.990890000000000049e-01 4.206230100000000333e-02 5.979630400000000012e-01 9.963769999999999571e-01 1.079759999999999921e-02 -8.436200000000000643e-02 1.706669999999999909e+00
-8.647180000000000144e-02 4.083590000000000136e-02 -9.954169999999999963e-01 -4.873550000000000182e+01 -7.309409900000000092e-03 9.991069999999999673e-01 4.162220099999999756e-02 6.067380500000000287e-01 9.962269999999999737e-01 1.087510000000000039e-02 -8.609600000000000586e-02 1.635909999999999975e+00
-8.729230000000000322e-02 3.722120000000000289e-02 -9.954870000000000108e-01 -4.954200000000000159e+01 -1.058519999999999947e-02 9.992109999999999603e-01 3.828860099999999850e-02 6.196420500000000553e-01 9.961259999999999559e-01 1.387970000000000002e-02 -8.682940000000000103e-02 1.553039999999999976e+00
-8.897430000000000616e-02 3.371720000000000272e-02 -9.954629999999999868e-01 -5.034459999999999980e+01 -1.539749999999999973e-02 9.992609999999999548e-01 3.522210099999999872e-02 6.300730500000000234e-01 9.959149999999999947e-01 1.846149999999999874e-02 -8.838940000000000685e-02 1.464930000000000065e+00
-9.010719999999999841e-02 3.177870000000000000e-02 -9.954250000000000043e-01 -5.112729999999999819e+01 -1.981370000000000006e-02 9.992360000000000131e-01 3.369390099999999832e-02 6.426950500000000455e-01 9.957350000000000367e-01 2.275910000000000086e-02 -8.940869999999999373e-02 1.380789999999999962e+00
-9.160840000000000649e-02 3.281239999999999851e-02 -9.952539999999999720e-01 -5.192139999999999844e+01 -2.120860000000000106e-02 9.991659999999999986e-01 3.489350100000000038e-02 6.541010499999999617e-01 9.955690000000000373e-01 2.430449999999999972e-02 -9.083610000000000295e-02 1.298969999999999958e+00
-9.207049999999999956e-02 3.469590000000000174e-02 -9.951480000000000325e-01 -5.272209999999999752e+01 -2.052230000000000026e-02 9.991139999999999466e-01 3.673290099999999836e-02 6.603620500000000337e-01 9.955410000000000093e-01 2.380470000000000155e-02 -9.127689999999999415e-02 1.219729999999999981e+00
-9.401510000000000422e-02 3.402469999999999800e-02 -9.949890000000000123e-01 -5.349640000000000128e+01 -2.270959999999999993e-02 9.990830000000000544e-01 3.631040099999999909e-02 6.671040499999999485e-01 9.953119999999999745e-01 2.600950000000000137e-02 -9.315610000000000557e-02 1.139140000000000041e+00
-9.383890000000000287e-02 3.410010000000000124e-02 -9.950029999999999708e-01 -5.428419999999999845e+01 -2.357559999999999864e-02 9.990569999999999729e-01 3.646240099999999845e-02 6.790780499999999886e-01 9.953079999999999705e-01 2.687940000000000121e-02 -9.294650000000000134e-02 1.058030000000000026e+00
-9.418809999999999683e-02 3.584040000000000142e-02 -9.949090000000000433e-01 -5.506410000000000338e+01 -2.231980000000000075e-02 9.990250000000000519e-01 3.810160099999999883e-02 6.887400500000000481e-01 9.953039999999999665e-01 2.579489999999999908e-02 -9.329629999999999868e-02 9.813329800000000214e-01
-9.493820000000000037e-02 3.884889999999999871e-02 -9.947249999999999703e-01 -5.583050000000000068e+01 -2.172639999999999988e-02 9.989190000000000014e-01 4.108630099999999868e-02 6.987590500000000482e-01 9.952459999999999640e-01 2.551240000000000105e-02 -9.399159999999999460e-02 9.021819800000000500e-01
-9.435399999999999343e-02 4.310549999999999798e-02 -9.946049999999999613e-01 -5.659640000000000271e+01 -2.071200000000000124e-02 9.987610000000000099e-01 4.525040100000000259e-02 7.161950500000000552e-01 9.953229999999999578e-01 2.486990000000000034e-02 -9.334430000000000505e-02 8.221199799999999724e-01
-9.518580000000000096e-02 4.492229999999999834e-02 -9.944450000000000234e-01 -5.737989999999999924e+01 -2.071479999999999849e-02 9.986760000000000081e-01 4.709620099999999726e-02 7.292860500000000190e-01 9.952440000000000175e-01 2.508260000000000003e-02 -9.412919999999999621e-02 7.442399800000000232e-01
-9.547250000000000181e-02 4.539590000000000292e-02 -9.943959999999999466e-01 -5.812930000000000064e+01 -2.085520000000000082e-02 9.986490000000000089e-01 4.759230099999999658e-02 7.449080500000000438e-01 9.952140000000000430e-01 2.528209999999999832e-02 -9.439680000000000293e-02 6.744799799999999790e-01
-9.552589999999999693e-02 4.373570000000000235e-02 -9.944659999999999611e-01 -5.886229999999999762e+01 -1.979989999999999875e-02 9.987530000000000019e-01 4.582620099999999697e-02 7.581110500000000085e-01 9.952299999999999480e-01 2.406789999999999971e-02 -9.454089999999999716e-02 6.087929800000000391e-01
-9.595430000000000625e-02 4.011750000000000038e-02 -9.945770000000000444e-01 -5.959980000000000189e+01 -2.049880000000000105e-02 9.988960000000000061e-01 4.226930100000000218e-02 7.727880599999999989e-01 9.951750000000000318e-01 2.444359999999999936e-02 -9.502599999999999936e-02 5.292799799999999832e-01
-9.561200000000000254e-02 3.729570000000000107e-02 -9.947200000000000486e-01 -6.031069999999999709e+01 -2.157150000000000040e-02 9.989860000000000406e-01 3.952910099999999705e-02 7.828380600000000022e-01 9.951849999999999863e-01 2.523709999999999842e-02 -9.471050000000000302e-02 4.515579699999999752e-01
-9.472120000000000539e-02 3.490839999999999915e-02 -9.948919999999999986e-01 -6.102539999999999765e+01 -2.302890000000000145e-02 9.990409999999999568e-01 3.724650100000000130e-02 7.933880599999999506e-01 9.952370000000000383e-01 2.643929999999999891e-02 -9.382649999999999324e-02 3.750129700000000010e-01
-9.206010000000000582e-02 3.444910000000000333e-02 -9.951569999999999583e-01 -6.171220000000000283e+01 -2.419309999999999863e-02 9.990289999999999448e-01 3.682120099999999785e-02 8.027190600000000398e-01 9.954600000000000115e-01 2.746569999999999914e-02 -9.113730000000000442e-02 3.056959699999999835e-01
-8.780380000000000129e-02 3.526689999999999686e-02 -9.955129999999999812e-01 -6.238020000000000209e+01 -2.348880000000000065e-02 9.990219999999999656e-01 3.746290099999999984e-02 8.082160600000000139e-01 9.958609999999999962e-01 2.667279999999999998e-02 -8.688959999999999739e-02 2.399419700000000044e-01
-8.263009999999999800e-02 3.683199999999999669e-02 -9.958989999999999787e-01 -6.303119999999999834e+01 -2.447759999999999866e-02 9.989400000000000501e-01 3.897540099999999980e-02 8.174530599999999536e-01 9.962800000000000544e-01 2.759779999999999872e-02 -8.164100000000000523e-02 1.859759699999999905e-01
-7.482740000000000224e-02 3.849099999999999744e-02 -9.964530000000000332e-01 -6.369060000000000343e+01 -2.293459999999999943e-02 9.989240000000000341e-01 4.030870100000000233e-02 8.232010600000000400e-01 9.969329999999999581e-01 2.586940000000000073e-02 -7.386410000000000198e-02 1.355549699999999969e-01
-6.658820000000000017e-02 3.987310000000000160e-02 -9.969839999999999813e-01 -6.431719999999999970e+01 -2.604209999999999858e-02 9.987909999999999844e-01 4.168480100000000049e-02 8.303930600000000162e-01 9.974410000000000220e-01 2.873919999999999947e-02 -6.546929999999999417e-02 9.331477300000000363e-02
-5.450719999999999871e-02 4.152299999999999741e-02 -9.976500000000000368e-01 -6.493619999999999948e+01 -2.791259999999999922e-02 9.986810000000000409e-01 4.309100099999999683e-02 8.374940600000000401e-01 9.981229999999999825e-01 3.019579999999999834e-02 -5.327629999999999866e-02 6.120137300000000335e-02
-3.969829999999999887e-02 4.312180000000000180e-02 -9.982809999999999739e-01 -6.554179999999999495e+01 -3.055209999999999870e-02 9.985490000000000199e-01 4.434840100000000257e-02 8.467320600000000086e-01 9.987449999999999939e-01 3.226020000000000276e-02 -3.832329999999999764e-02 3.866017299999999907e-02
-2.118509999999999838e-02 4.445029999999999815e-02 -9.987869999999999804e-01 -6.612179999999999325e+01 -3.345139999999999919e-02 9.984199999999999742e-01 4.514350100000000254e-02 8.557990599999999448e-01 9.992159999999999931e-01 3.436720000000000053e-02 -1.966470000000000024e-02 2.877717299999999964e-02
4.378308299999999912e-04 4.539769999999999917e-02 -9.989689999999999959e-01 -6.668519999999999470e+01 -3.368170000000000192e-02 9.984030000000000404e-01 4.535720099999999977e-02 8.660710600000000037e-01 9.994319999999999871e-01 3.362710000000000005e-02 1.966199599999999843e-03 4.185107200000000305e-02
2.647009999999999988e-02 4.522860000000000075e-02 -9.986260000000000137e-01 -6.722669999999999391e+01 -3.367669999999999692e-02 9.984490000000000309e-01 4.432790100000000288e-02 8.714390600000000431e-01 9.990820000000000256e-01 3.245699999999999974e-02 2.795219999999999996e-02 6.719527200000000033e-02
5.542500000000000204e-02 4.561500000000000277e-02 -9.974199999999999733e-01 -6.773600000000000421e+01 -3.297350000000000281e-02 9.984950000000000214e-01 4.383180099999999663e-02 8.791990600000000322e-01 9.979179999999999717e-01 3.045909999999999937e-02 5.684569999999999901e-02 1.172549700000000000e-01
8.988029999999999631e-02 4.532880000000000242e-02 -9.949210000000000553e-01 -6.823180000000000689e+01 -3.153670000000000084e-02 9.985920000000000352e-01 4.264710099999999976e-02 8.860130600000000189e-01 9.954530000000000323e-01 2.754339999999999913e-02 9.118329999999999491e-02 1.816109700000000104e-01
1.272000000000000075e-01 4.537809999999999760e-02 -9.908390000000000253e-01 -6.870650000000000546e+01 -3.106449999999999836e-02 9.986450000000000049e-01 4.174760100000000224e-02 8.930150599999999717e-01 9.913910000000000222e-01 2.546959999999999849e-02 1.284369999999999956e-01 2.706119699999999795e-01
1.673310000000000075e-01 4.562499999999999889e-02 -9.848449999999999704e-01 -6.915540000000000020e+01 -3.111890000000000142e-02 9.986749999999999794e-01 4.097840099999999763e-02 8.954040599999999461e-01 9.854100000000000081e-01 2.379030000000000034e-02 1.685290000000000121e-01 3.758729699999999729e-01
2.129290000000000072e-01 4.622949999999999976e-02 -9.759729999999999794e-01 -6.960479999999999734e+01 -3.058980000000000032e-02 9.987059999999999826e-01 4.063240099999999855e-02 9.029680599999999613e-01 9.765890000000000404e-01 2.120299999999999963e-02 2.140680000000000083e-01 5.014109700000000114e-01
2.595979999999999954e-01 4.456129999999999813e-02 -9.646879999999999900e-01 -7.002840000000000487e+01 -2.707239999999999994e-02 9.988780000000000436e-01 3.885550100000000062e-02 9.086570699999999556e-01 9.653370000000000006e-01 1.602960000000000149e-02 2.605140000000000233e-01 6.698859700000000528e-01
3.100539999999999963e-01 4.013880000000000225e-02 -9.498710000000000209e-01 -7.044070000000000675e+01 -1.929679999999999937e-02 9.991679999999999451e-01 3.592320100000000183e-02 9.030480699999999805e-01 9.505230000000000068e-01 7.191399999999999702e-03 3.105700000000000127e-01 8.436859700000000073e-01
3.604020000000000001e-01 3.501590000000000258e-02 -9.321399999999999686e-01 -7.083039999999999736e+01 -1.352210000000000044e-02 9.993859999999999966e-01 3.231380100000000311e-02 8.997930699999999726e-01 9.326989999999999448e-01 9.584800100000000125e-04 3.606539999999999746e-01 1.060890000000000111e+00
