9.999999999999998890e-01 2.680133637895683627e-22 9.467889521019811528e-20 -8.673617379884035472e-19 1.132317908027311147e-21 1.000000000000000000e+00 -4.956378993858831401e-19 1.387778780781445676e-17 -7.288425687518648529e-19 4.589744003470270786e-19 1.000000000000000000e+00 0.000000000000000000e+00
9.999999999999998890e-01 1.746610416368090788e-07 -1.660539361177968905e-07 -3.085246730430250828e-06 -1.746610586330862983e-07 1.000000000000000000e+00 -3.059648520056471352e-08 -1.136295413317611747e-07 1.660539400873090922e-07 3.059651372137971852e-08 1.000000000000000222e+00 1.552281387429133019e-06
9.999799502012790553e-01 2.813778127397997494e-04 -6.325403806858229810e-03 -1.322221864053507549e-02 -2.806231496208857492e-04 9.999999561128867231e-01 1.201988303990781303e-04 1.173521373007080371e-03 6.325437813356780958e-03 -1.184213412084464086e-04 9.999799836858338509e-01 8.979764870133921661e-02
9.999112312100608690e-01 1.045489849147901874e-03 -1.328321196713428375e-02 -1.773523068864917007e-02 -1.043071999970219925e-03 9.999994392263096277e-01 1.889633624592390549e-04 -1.667414314434789713e-03 1.328340319259109156e-02 -1.750912514328220940e-04 9.999117595636294320e-01 1.889505653161993037e-01
9.999111712170748456e-01 1.050382436794886163e-03 -1.328733994449335723e-02 -1.790464560453969636e-02 -1.047964107346492126e-03 9.999994290702463040e-01 1.889688214348053728e-04 -1.607823705202057751e-03 1.328753216948928666e-02 -1.750273872542109472e-04 9.999116997126787920e-01 1.888288141848986079e-01
9.997809759894721315e-01 1.539444072666202755e-03 -2.087182345918332446e-02 -2.709900134239369776e-02 -1.547730637258734046e-03 9.999987282266986632e-01 -3.808626406553819216e-04 -2.983566840168774825e-03 2.087121224393800878e-02 4.130831790107765411e-04 9.997820857838292108e-01 2.862903604123314683e-01
9.995330080474926771e-01 1.771401719029985647e-03 -3.050615487600241704e-02 -4.368430036204219019e-02 -1.830301934581920640e-03 9.999965169178175461e-01 -1.902941550359933632e-03 -3.182805505039992822e-03 3.050267979176646271e-02 1.957888292336379572e-03 9.995327650346897963e-01 3.936841899159833624e-01
9.991377359261868207e-01 2.247234483264048000e-03 -4.145768106574147793e-02 -5.639217016103049290e-02 -2.401408730752835688e-03 9.999903829758125529e-01 -3.669403693840807626e-03 -5.382019329793319429e-03 4.144903944143017022e-02 3.765796444012646602e-03 9.991335210980005765e-01 5.065548958024128634e-01
9.984776098110121900e-01 1.734880736736488282e-03 -5.513129899900506836e-02 -7.517917136767446329e-02 -1.993619925168684578e-03 9.999872590645271231e-01 -4.638489838964366709e-03 -4.924585994445979109e-03 5.512255349025117768e-02 4.741339090513975452e-03 9.984683411244608120e-01 6.343405902733614266e-01
9.974600320717295077e-01 1.987168176622292840e-03 -7.120061427298864098e-02 -1.012323442870364937e-01 -2.328417019597959700e-03 9.999861971435274333e-01 -4.710097745225206092e-03 -6.187767266771435071e-03 7.119027697360237605e-02 4.863918968644677550e-03 9.974508907847429162e-01 7.691997756315631651e-01
9.959789932689065983e-01 8.133052146488031330e-04 -8.958342794956679345e-02 -1.335994411221561040e-01 -1.254158838853773779e-03 9.999873797358220795e-01 -4.864970473945454642e-03 -7.052801737965921913e-03 8.957834802287865938e-02 4.957760113355111180e-03 9.959674369952713491e-01 9.266961413012948512e-01
9.939735655449942753e-01 -3.222782553601841226e-04 -1.096195489993418981e-01 -1.642607533339187353e-01 -2.371125851509112484e-04 9.999870166651576575e-01 -5.089946760330857876e-03 -1.306810801756695672e-02 1.096197760700256957e-01 5.085264660132554453e-03 9.939605877898478603e-01 1.083116501342566540e+00
9.912556847270971305e-01 -1.940536245150250823e-04 -1.319550620056553492e-01 -2.040029565778148646e-01 -5.446285575463378917e-04 9.999843828796658451e-01 -5.561868252029780052e-03 -1.829091560512682846e-02 1.319540887703786747e-01 5.585099930755262412e-03 9.912400923932369601e-01 1.247500113135979527e+00
9.877867277586697137e-01 2.630958525269788250e-03 -1.557898008499521703e-01 -2.627969259922688372e-01 -3.822357983733457292e-03 9.999656906174427817e-01 -7.348399819474795563e-03 -2.479323420361553842e-02 1.557651435198211254e-01 7.854136068958452940e-03 9.877628916238874179e-01 1.423840023420117173e+00
9.833914703558495063e-01 6.563144789681076528e-03 -1.813784309754569446e-01 -3.286796794952451251e-01 -8.347963678614582841e-03 9.999239433143795042e-01 -9.078642514810091740e-03 -2.653569655641342673e-02 1.813050682033136574e-01 1.044200002270288287e-02 9.833714663297711267e-01 1.598339827636998667e+00
9.780708988462573084e-01 9.570321126865861255e-03 -2.080521881136541684e-01 -3.955776422050003016e-01 -1.191239856083720072e-02 9.998789659464036861e-01 -1.000713672909374873e-02 -3.441547968574990013e-02 2.079312555728380918e-01 1.226608995060794738e-02 9.780665352073391050e-01 1.781729212365358306e+00
9.713620670040908900e-01 1.074086357425451180e-02 -2.373612480067249508e-01 -4.724741746757163963e-01 -1.360741930375641146e-02 9.998528910958806026e-01 -1.044166697611701410e-02 -4.125465981080743416e-02 2.372141925605664170e-01 1.337251273633612708e-02 9.713653319000283837e-01 1.973749059919423843e+00
9.633055347603948215e-01 1.254025654336589357e-02 -2.681141281710441304e-01 -5.606092235877220276e-01 -1.580023842581702517e-02 9.998251156238904258e-01 -1.000466585851323212e-02 -4.760381366986168872e-02 2.679417943318829209e-01 1.387381678208554625e-02 9.633352096157147271e-01 2.155611220524056293e+00
9.538953873032770536e-01 1.432921368833036183e-02 -2.997970278568419800e-01 -6.545796086411349579e-01 -1.792934503750899869e-02 9.997963610208562280e-01 -9.261002939292954997e-03 -4.925164495668063469e-02 2.996033008174777690e-01 1.420919192605283460e-02 9.539580516758667805e-01 2.358422723586281577e+00
9.426939665322725537e-01 1.657769159819511701e-02 -3.332465470554755727e-01 -7.664675237759727144e-01 -2.047431803285984508e-02 9.997568796573297334e-01 -8.184191367692139271e-03 -5.491151404181852935e-02 3.330298815341235508e-01 1.453818314757213473e-02 9.428041938103977060e-01 2.555421077815956288e+00
9.301523919216282410e-01 1.883052572616037909e-02 -3.666905034327849200e-01 -8.756222032516857157e-01 -2.343447626480976362e-02 9.996925019302953519e-01 -8.107372988416405857e-03 -5.437288012692274852e-02 3.664251099435956172e-01 1.613429189510618561e-02 9.303076561480764228e-01 2.730946864789812523e+00
9.164305389423467174e-01 2.151270299984066325e-02 -3.996151453343199100e-01 -1.002412813983073026e+00 -2.681684999177195300e-02 9.996108162249366380e-01 -7.686011900739713257e-03 -5.652255197850671042e-02 3.992943080258558042e-01 1.776011552293639897e-02 9.166507748327166194e-01 2.934734384130349927e+00
9.004556570946399274e-01 2.167485631769039411e-02 -4.344074000469545505e-01 -1.135503323238129969e+00 -2.762498992724399249e-02 9.995910646584943438e-01 -7.387266003777983106e-03 -5.440731312393469465e-02 4.340696767107501408e-01 1.865240537383689584e-02 9.006861982468656880e-01 3.125014566189034060e+00
8.822456473088882145e-01 1.699697292629389136e-02 -4.704824156252083722e-01 -1.261545464723425214e+00 -2.389762776731851543e-02 9.996765721691307505e-01 -8.697668307771565591e-03 -5.500107747234227185e-02 4.701824582283923304e-01 1.891689350754639440e-02 8.823664905219807952e-01 3.302767364680075701e+00
8.610489961149819793e-01 1.257540682700009071e-02 -5.083664596125954116e-01 -1.419748435005073528e+00 -2.001142667564769287e-02 9.997577521557974300e-01 -9.163579366308132954e-03 -6.271834021455460761e-02 5.081281217942491546e-01 1.806342828881498871e-02 8.610920717292207538e-01 3.501766170132633249e+00
8.363945335221415478e-01 1.435973765684702384e-02 -5.479397370593168670e-01 -1.580211562551280480e+00 -2.128869099167858547e-02 9.997535476647587682e-01 -6.295480970109164007e-03 -6.706594914341107438e-02 5.477143455386759285e-01 1.693042474630208558e-02 8.364940988130995514e-01 3.677503819460260726e+00
8.078034161580417427e-01 1.925068840689883598e-02 -5.891375164534983222e-01 -1.785202738065178707e+00 -2.580236499055184318e-02 9.996633810739978809e-01 -2.714185730391025474e-03 -7.073531668782034876e-02 5.888870085355492057e-01 1.739366928594050440e-02 8.080282127679602189e-01 3.859849894861532515e+00
7.756609360256706553e-01 2.205016077269394970e-02 -6.307645089910922653e-01 -1.990598806219007644e+00 -2.923845025772868131e-02 9.995719530754721971e-01 -1.012104297229026112e-03 -7.858802655086322142e-02 6.304722525280295198e-01 1.922762655005130425e-02 7.759736308988570697e-01 4.025267268730888581e+00
7.400482158799733812e-01 2.092266542388392450e-02 -6.722282630163655126e-01 -2.186534143741492908e+00 -2.935892206130493245e-02 9.995682025830129325e-01 -1.209982613415776795e-03 -7.332767494980914347e-02 6.719127386079334352e-01 2.063134297083338287e-02 7.403429315370136932e-01 4.182743810969893339e+00
7.008385022586398616e-01 1.717818651223335796e-02 -7.131130748575241762e-01 -2.431309064071096593e+00 -2.442151029553317476e-02 9.997017435159445409e-01 8.067549765282806774e-05 -8.260032605667519401e-02 7.129018319202976572e-01 1.735875704805221395e-02 7.010489942254154450e-01 4.357674893553961759e+00
6.586198832810625792e-01 1.343936786447890233e-02 -7.523557508825781115e-01 -2.666789257318455508e+00 -1.967615877508778477e-02 9.998062008412340607e-01 6.348801352320563402e-04 -8.562525712672292011e-02 7.522185498222342392e-01 1.438532626105518478e-02 6.587566858777030854e-01 4.510878337250572301e+00
6.145667418303523144e-01 1.266030086476327941e-02 -7.887632035932461427e-01 -2.915351609893308549e+00 -1.747950445332000641e-02 9.998442711925403792e-01 2.429130419668172006e-03 -8.555420123514791142e-02 7.886711838745406045e-01 1.229432702041430812e-02 6.146923269771074061e-01 4.642349223648414736e+00
5.668959335636366559e-01 1.258810045513972069e-02 -8.236931946231861312e-01 -3.212047624953387359e+00 -1.535390570122740009e-02 9.998710164594615257e-01 4.713418422692823052e-03 -8.366681781125630268e-02 8.236463564976710394e-01 9.974889858363667275e-03 5.670160899769018936e-01 4.796324025076383002e+00
5.161827723980144667e-01 1.319777075285745796e-02 -8.563767302476334997e-01 -3.508800994009765084e+00 -1.438951479012448229e-02 9.998737804137811658e-01 6.735922054753278390e-03 -8.807180293684403749e-02 8.563576090232863924e-01 8.845878555185720041e-03 5.163075271882044959e-01 4.916376768554888699e+00
4.641954978244011709e-01 1.388251021449548282e-02 -8.856239287247100744e-01 -3.801371724603648694e+00 -1.372845111442257127e-02 9.998698167635455825e-01 8.477660547256283402e-03 -8.266287475985743816e-02 8.856264074357765859e-01 8.222952338190108248e-03 4.643256554120531732e-01 5.012194627184429763e+00
4.094492288567944116e-01 1.555094026701871884e-02 -9.122003204343814842e-01 -4.160945509863243075e+00 -1.303695267897046414e-02 9.998523627633085775e-01 1.119345684224014315e-02 -7.730210412130969488e-02 9.122397922910078227e-01 7.309159730715828092e-03 4.095915083798969403e-01 5.105904657083451426e+00
3.548115503913407132e-01 1.743420128310685380e-02 -9.347752367747589330e-01 -4.483446487773718125e+00 -1.314178285450967945e-02 9.998203453619644021e-01 1.365912700382143109e-02 -7.123449116682378790e-02 9.348455082953405215e-01 7.438196882657866285e-03 3.549769242466949137e-01 5.170360168826515057e+00
2.995929968580510194e-01 1.986316209376357694e-02 -9.538602700703635584e-01 -4.873404822437789718e+00 -1.142052004148793633e-02 9.997862859154457160e-01 1.723251319548808197e-02 -6.465122219232863343e-02 9.539987836092084228e-01 5.730839614477326385e-03 2.997558172265032406e-01 5.236474627260529147e+00
2.459213834729050419e-01 2.128516834309692254e-02 -9.690560062597697311e-01 -5.252747166426534164e+00 -7.365911704315024865e-03 9.997710348605011177e-01 2.009054208140090975e-02 -6.443799981964616619e-02 9.692618277504001512e-01 2.197286555774104373e-03 2.460218616665939273e-01 5.296675558415545382e+00
1.949546104805622571e-01 2.194782839192684076e-02 -9.805666255559137845e-01 -5.632940364040148751e+00 -5.386401268699002147e-03 9.997584823033913715e-01 2.130648103282868286e-02 -6.823002410311998500e-02 9.807975160672930404e-01 1.127928251131136116e-03 1.950257472160462913e-01 5.338124256829478220e+00
1.473417449204674212e-01 2.218981983577114278e-02 -9.888366574897251571e-01 -6.063644063629793024e+00 -7.454738129578459757e-03 9.997448329975655579e-01 2.132380909253519738e-02 -5.990600168159644634e-02 9.890575860243135953e-01 4.229630635449464597e-03 1.474695720819670652e-01 5.346554513454648827e+00
1.045995689270378531e-01 2.201640927324915314e-02 -9.942706493824285952e-01 -6.483115438132035280e+00 -9.826870255350814848e-03 9.997290033842255452e-01 2.110346577717766084e-02 -4.359140428000986278e-02 9.944659110343885278e-01 7.563154849772779804e-03 1.047875676887366908e-01 5.356398978081693407e+00
6.634657506985915110e-02 2.028440636697006333e-02 -9.975903970933913678e-01 -6.944600716786389683e+00 -1.176828376789010831e-02 9.997397111896102473e-01 1.954543825552684452e-02 -3.709903309242479352e-02 9.977272824497063208e-01 1.044315344467698463e-02 6.656801874053057400e-02 5.346616692872959042e+00
3.180407286751896212e-02 1.737306957208147040e-02 -9.993430827981730769e-01 -7.404152809518219414e+00 -1.125165591131031297e-02 9.997917881232282200e-01 1.702278685185780460e-02 -3.329318686209155331e-02 9.994308335196846471e-01 1.070287002173195626e-02 3.199292700925289445e-02 5.333145578568119660e+00
5.807933432181277677e-04 1.467145026754214897e-02 -9.998921544004890638e-01 -7.867349983654204237e+00 -1.111534365524943432e-02 9.998306913368517623e-01 1.466409284052501080e-02 -3.420839755874041654e-02 9.999380925642845641e-01 1.110562760916071999e-02 7.437736099301221239e-04 5.320440614653570321e+00
-2.640840807642016660e-02 1.250644014663564868e-02 -9.995729639868277117e-01 -8.361690668484088818e+00 -1.152002344724831380e-02 9.998515269111719617e-01 1.281428233135764941e-02 -2.716148238704976792e-02 9.995848934144569986e-01 1.185350819551836410e-02 -2.626041183475176857e-02 5.274883132387239826e+00
-4.741400784852010247e-02 1.007178654805875734e-02 -9.988245001681473889e-01 -8.868446226889728834e+00 -1.250071610534681313e-02 9.998648699690790842e-01 1.067568429237727642e-02 -2.310128818212747737e-02 9.987971369200595584e-01 1.299219748602081434e-02 -4.728169512055905438e-02 5.237888463872544698e+00
-6.426886652926636079e-02 8.944525385320256650e-03 -9.978924910619851874e-01 -9.399834871871563635e+00 -1.246854871643883304e-02 9.998745750913822228e-01 9.765323883308765773e-03 -1.028748182261986222e-02 9.978547601727016936e-01 1.306987720524980037e-02 -6.414927956211588511e-02 5.182901116954546694e+00
-7.723898382366153892e-02 9.271782415161402766e-03 -9.969694540830702501e-01 -9.935800965018518838e+00 -1.144130216142627728e-02 9.998826759901817685e-01 1.018527649182765504e-02 -8.308245966917759961e-03 9.969469947290896528e-01 1.219332865111572711e-02 -7.712383916652031102e-02 5.133001220191256486e+00
-8.653073595163547627e-02 1.032198284815570057e-02 -9.961956653807285678e-01 -1.049800087823736661e+01 -1.275233105279016156e-02 9.998529256468310367e-01 1.146756011388762146e-02 -6.027761254730340523e-03 9.961675989998769465e-01 1.369611271609077335e-02 -8.638637969519555315e-02 5.069915077467497255e+00
-9.378588419988223568e-02 1.168399897893578412e-02 -9.955237897387279045e-01 -1.106784462586450246e+01 -1.282165836970461034e-02 9.998340340208953236e-01 1.294248433251587831e-02 -3.431574597293415851e-03 9.955098644860105317e-01 1.397808738970141886e-02 -9.362051082101312260e-02 5.006205254029558738e+00
-9.807026218905598447e-02 1.254007152775147953e-02 -9.951004417739610641e-01 -1.166228490402961882e+01 -1.353986579809090054e-02 9.998112398819790636e-01 1.393383356901579245e-02 4.960756749373240737e-03 9.950874235446582894e-01 1.484002080604504732e-02 -9.788195969292307064e-02 4.944086402591189255e+00
-9.972394498090872417e-02 1.321728513086443436e-02 -9.949273160469533916e-01 -1.226433578699109184e+01 -1.311701191802746962e-02 9.998074146145966568e-01 1.459686548750678201e-02 1.241194503228153223e-02 9.949287207439974079e-01 1.450612971088832866e-02 -9.953136863368798604e-02 4.878288132120179199e+00
-9.837926467189025970e-02 1.550542154130077691e-02 -9.950281500742881313e-01 -1.288320412008001625e+01 -1.056680162825925431e-02 9.998059645913494053e-01 1.662462329999657429e-02 2.129748951359196341e-02 9.950929323581014785e-01 1.214978267234056650e-02 -9.819633191945918715e-02 4.814825995160277650e+00
-9.703826580652297196e-02 1.790392327552428609e-02 -9.951195577364314593e-01 -1.351539318845513726e+01 -9.958489329730285666e-03 9.997706745933220285e-01 1.895869912184978620e-02 3.163309919846968299e-02 9.952308693487089686e-01 1.174960623843654579e-02 -9.683771578679904735e-02 4.744157378640432299e+00
-9.503438030019283056e-02 1.808214708894644376e-02 -9.953097061358239239e-01 -1.416498901485115347e+01 -1.087225286983137945e-02 9.997565271416298804e-01 1.920104195888004683e-02 4.736399751955443910e-02 9.954146623834612129e-01 1.264601714883170983e-02 -9.481464784143704694e-02 4.664312153465472122e+00
-9.284716900984182897e-02 1.539206514706616472e-02 -9.955613527347938474e-01 -1.482357305808410075e+01 -1.703251732659057452e-02 9.997096479708982297e-01 1.704467291936724235e-02 6.190074791665017145e-02 9.955347219403136716e-01 1.853946478823270336e-02 -9.255804496105630996e-02 4.586173257267886605e+00
-9.149238354269190188e-02 1.543926743862846819e-02 -9.956860421695432617e-01 -1.550521871136216312e+01 -1.585048110221608589e-02 9.997305467929340494e-01 1.695846472520215129e-02 8.147297983817108902e-02 9.956796614323359940e-01 1.733367325981291854e-02 -9.122301025024218135e-02 4.497506427037917476e+00
-8.906469021766551253e-02 1.810618167322076977e-02 -9.958612161288498132e-01 -1.619003933262764505e+01 -1.612069040975409179e-02 9.996775860571665007e-01 1.961732110390219247e-02 1.150395759303405874e-01 9.958954220007069091e-01 1.780118028766786500e-02 -8.874409083950106358e-02 4.401495483407846798e+00
-8.739689313237127000e-02 2.157427981257205307e-02 -9.959398822475820090e-01 -1.691391141333012627e+01 -1.545642228747816718e-02 9.996157372541280006e-01 2.301025842961622325e-02 1.297894032534973596e-01 9.960536921499149043e-01 1.740469207332722562e-02 -8.702984812175670881e-02 4.334618013192990560e+00
-8.541505544148077222e-02 2.363518419979132243e-02 -9.960650354182434274e-01 -1.763678673599969571e+01 -1.537632217518150428e-02 9.995682703115622569e-01 2.503686929531954639e-02 1.433307220911340107e-01 9.962268442702305604e-01 1.745434252717453436e-02 -8.501475687008154536e-02 4.270615451666241569e+00
-8.408414969911538750e-02 2.320276050174144636e-02 -9.961884375285705584e-01 -1.839097279383148731e+01 -1.778372593037647401e-02 9.995346956593685883e-01 2.478175168708577486e-02 1.556737824359938349e-01 9.962999913278963726e-01 1.979969421535748494e-02 -8.363239296025327951e-02 4.206237698865858299e+00
-8.213364132015854580e-02 2.058366635834317157e-02 -9.964086947609451794e-01 -1.914725728246879655e+01 -2.038629493633572348e-02 9.995428080704312768e-01 2.232884585294669239e-02 1.615636148707782771e-01 9.964128374172034341e-01 2.214702998984715079e-02 -8.167646475027275088e-02 4.140755301642207620e+00
-8.036114716244591172e-02 1.988409070542863227e-02 -9.965674194651713558e-01 -1.990531642637203191e+01 -2.224349440851640380e-02 9.995162534315196190e-01 2.173659733859115845e-02 1.748815691056064270e-01 9.965176315244181904e-01 2.391391957487995837e-02 -7.987998026907376647e-02 4.075999800529130468e+00
-7.925733727907485759e-02 2.189246289608969692e-02 -9.966137234117614652e-01 -2.069175369173496293e+01 -1.907352139999086288e-02 9.995424911561832104e-01 2.347365163943301511e-02 1.892379017876743008e-01 9.966717418903342507e-01 2.086939231824783136e-02 -7.880350987710840749e-02 4.019784740976109383e+00
-7.782824360983374434e-02 2.417077051178750241e-02 -9.966736936929589952e-01 -2.147623587579735016e+01 -1.755876144938734590e-02 9.995177752481232414e-01 2.561087196198357993e-02 1.991964451441945450e-01 9.968121915884795570e-01 1.949360445550824689e-02 -7.736630263828955800e-02 3.963229092150562849e+00
-7.692742165629122553e-02 2.578229395600664664e-02 -9.967032474739815351e-01 -2.228215826302167812e+01 -1.411763916472531973e-02 9.995372171373096970e-01 2.694522847139383184e-02 2.141479852231029102e-01 9.969367858517707015e-01 1.614392222717510317e-02 -7.652783548101843580e-02 3.903773092042042148e+00
-7.606436297003958680e-02 2.160761539494954891e-02 -9.968687160042977169e-01 -2.308585083707330199e+01 -1.320363618575413553e-02 9.996556817935728922e-01 2.267550613256101577e-02 2.209357775395011381e-01 9.970155249752509219e-01 1.488708914934952499e-02 -7.575287282353339313e-02 3.843180042044405109e+00
-7.556012143312908214e-02 1.493170808055872129e-02 -9.970294048570473855e-01 -2.389498712464065378e+01 -1.609258565992057258e-02 9.997393926354897209e-01 1.619187452452965081e-02 2.240710727578258954e-01 9.970114259405992163e-01 1.726823979909302906e-02 -7.530014020236069916e-02 3.779822663053406195e+00
-7.582933346758248538e-02 1.013163864656291789e-02 -9.970692925562256725e-01 -2.470642926387786886e+01 -1.391791068165243624e-02 9.998402114791729023e-01 1.121828351643558083e-02 2.308634691527958749e-01 9.970237136936570543e-01 1.472779568095210732e-02 -7.567620501159043334e-02 3.720828819066591464e+00
-7.586713310481560391e-02 1.123791543943346294e-02 -9.970545668533659089e-01 -2.553472048992679078e+01 -1.366902005099374789e-02 9.998308089288309164e-01 1.230930008876539306e-02 2.393667134304001964e-01 9.970242785464948909e-01 1.456262967042956484e-02 -7.570068482401523524e-02 3.658359620953277158e+00
-7.621009668188827302e-02 1.788441949854985627e-02 -9.969313332088086677e-01 -2.637264727111753970e+01 -1.344632822399511457e-02 9.997297762847365821e-01 1.896252306009152747e-02 2.479241129011748312e-01 9.970011511245664426e-01 1.485020106805828161e-02 -7.594902260284826234e-02 3.588597766913389719e+00
-7.636047085521524558e-02 2.510931539939511778e-02 -9.967640261022228110e-01 -2.721860907849110944e+01 -1.295968207904249145e-02 9.995734172239909565e-01 2.617290722215857499e-02 2.629292963486958845e-01 9.969960882616291098e-01 1.491631963541128515e-02 -7.600248836877578074e-02 3.520176230478280210e+00
-7.633667413315775585e-02 3.029125143583310045e-02 -9.966218294548043755e-01 -2.806583791522431781e+01 -1.413126410218737590e-02 9.994051637772826124e-01 3.145823912928988331e-02 2.850901260642655366e-01 9.969819934756048996e-01 1.648494295893578390e-02 -7.586321164412486440e-02 3.444720656723363916e+00
-7.653976535860562702e-02 3.100430645137986288e-02 -9.965843249981479746e-01 -2.890594948211617776e+01 -1.592441363041249142e-02 9.993509169583528751e-01 3.231340597680569526e-02 3.083864902102017025e-01 9.969393999706278597e-01 1.834328090898932478e-02 -7.599635859974730734e-02 3.361530519657213834e+00
-7.623052200810429002e-02 2.772333788534568286e-02 -9.967046859387790336e-01 -2.974747151641488685e+01 -1.701896225475680799e-02 9.994315870620044118e-01 2.910084082242081135e-02 3.171589932505354259e-01 9.969450045895876800e-01 1.918125108761115430e-02 -7.571536905390020833e-02 3.301153010417931633e+00
-7.727854082843300942e-02 2.480963039525088329e-02 -9.967007681029941280e-01 -3.058071269776934997e+01 -1.879981710100931194e-02 9.994763451662831422e-01 2.633635132766141973e-02 3.282964651404873813e-01 9.968323235472928978e-01 2.077302639513997282e-02 -7.677165633785010268e-02 3.237465857963165661e+00
-7.736392542980680131e-02 2.594829488648408081e-02 -9.966651505152129831e-01 -3.142097432342127306e+01 -2.000723985806278013e-02 9.994195513971650957e-01 2.757302485835508646e-02 3.398802179183373351e-01 9.968021987021198349e-01 2.207367465836519715e-02 -7.679986596735829951e-02 3.175527443944559547e+00
-7.684187718414693669e-02 2.834294087475155988e-02 -9.966403184192397235e-01 -3.226255063974792847e+01 -1.833433201742872692e-02 9.993866857391831005e-01 2.983463812229870254e-02 3.521655916452582358e-01 9.968747513542536298e-01 2.056528381647109924e-02 -7.627510055503620989e-02 3.108959302185876350e+00
-7.704845800187092031e-02 2.689944326603228159e-02 -9.966643744727212706e-01 -3.309668240026967112e+01 -1.870288551660210380e-02 9.994210933531433305e-01 2.841969757031032398e-02 3.634547287747981748e-01 9.968519557125891106e-01 2.083019295509475066e-02 -7.650075635127252804e-02 3.046695580076984822e+00
-7.635024048960038778e-02 2.188746295388501253e-02 -9.968407543976649521e-01 -3.393442895761043587e+01 -2.139186035826651580e-02 9.994929598732995579e-01 2.358414642256539615e-02 3.648706495965822749e-01 9.968515994216951004e-01 2.312493314085474483e-02 -7.584331338369919295e-02 2.982644329605525169e+00
-7.637124171609720180e-02 1.790442460259004595e-02 -9.969186411412152005e-01 -3.475849421869584432e+01 -2.392658971040287699e-02 9.995179415422548175e-01 1.978405942983333179e-02 3.689401395718228671e-01 9.967923717777845694e-01 2.536379602888221008e-02 -7.590603382615764005e-02 2.918111801205430567e+00
-7.588377981085232815e-02 1.843301736370650881e-02 -9.969462336995605911e-01 -3.559294953495310665e+01 -2.315078337070761855e-02 9.995270242484947110e-01 2.024288480454166164e-02 3.775478796514852298e-01 9.968479182793633653e-01 2.461619238077067395e-02 -7.542114843764238796e-02 2.858425968365642333e+00
-7.486612268135377224e-02 2.107306652474838157e-02 -9.969708629473224004e-01 -3.643668110221007339e+01 -2.032220274485706246e-02 9.995368130120225736e-01 2.265337088848761241e-02 3.769044430425836922e-01 9.969865364047523215e-01 2.195661399637834424e-02 -7.440319333066884588e-02 2.799031790255001706e+00
-7.475612116973197330e-02 2.566533097920476250e-02 -9.968714689138652441e-01 -3.726656295497918592e+01 -2.151543048842401509e-02 9.993945193627288281e-01 2.734374817631653187e-02 3.877749703441351614e-01 9.969697554375364090e-01 2.349223105036006912e-02 -7.415865719299682968e-02 2.742232626192692813e+00
-7.370601738183996110e-02 3.116859213004102847e-02 -9.967927838985988220e-01 -3.811566638528341144e+01 -1.910478338056413247e-02 9.992839361590695191e-01 3.265915624328891154e-02 4.036518876388685562e-01 9.970970477583899205e-01 2.145068517332722816e-02 -7.305776977722944210e-02 2.681629039333785602e+00
-7.427087703213709757e-02 3.433875890705228445e-02 -9.966466789383634506e-01 -3.894940671499210794e+01 -1.980512173309560697e-02 9.991590787388787698e-01 3.590121531036441493e-02 4.200886487070750186e-01 9.970414633984643338e-01 2.240512238699353745e-02 -7.352833670674172040e-02 2.622485945982459210e+00
-7.398272766796169797e-02 3.422546822593019317e-02 -9.966720078579169861e-01 -3.978059385215910737e+01 -1.920786019755288399e-02 9.991766117039697637e-01 3.573727126739837529e-02 4.331578301381263096e-01 9.970745687603962404e-01 2.178787699138270278e-02 -7.326441203600814189e-02 2.569422590159488262e+00
-7.350085669828575197e-02 3.042792278797528185e-02 -9.968308241167099792e-01 -4.062357688451798055e+01 -1.935695832182062620e-02 9.993026296191235280e-01 3.193065016304470066e-02 4.443157687352976559e-01 9.971073253279137960e-01 2.164254273058752523e-02 -7.286060692083778934e-02 2.509495902766440079e+00
-7.345391760555528005e-02 2.613009324629337118e-02 -9.969562010420445208e-01 -4.145851688213700470e+01 -2.155478443864851032e-02 9.993815910352876752e-01 2.778178059366472052e-02 4.568044619850941679e-01 9.970656973582797677e-01 2.352985647094653701e-02 -7.284526442973238147e-02 2.451196190203589254e+00
-7.285049916694394390e-02 2.346455626661284738e-02 -9.970667704170302903e-01 -4.228374899300909107e+01 -2.491937774665069563e-02 9.993682671729187117e-01 2.533944908808426558e-02 4.666468290255909035e-01 9.970315460468465174e-01 2.669227396035118299e-02 -7.221975500597478670e-02 2.388565869603870517e+00
-7.363160708375304786e-02 2.148974144211883777e-02 -9.970539099351116707e-01 -4.311094049064431033e+01 -2.895384733290671392e-02 9.993003057260714250e-01 2.367637604310893554e-02 4.782609198431995168e-01 9.968651562639901931e-01 3.061187507923883444e-02 -7.295787664231839775e-02 2.321515682995537677e+00
-7.424057170657394344e-02 1.912439529777477248e-02 -9.970569209057539295e-01 -4.394276618331731044e+01 -2.531736318480499320e-02 9.994576959819558848e-01 2.105556796073792744e-02 4.829752936617612291e-01 9.969189808240932482e-01 2.680602889172280928e-02 -7.371613127538202692e-02 2.262979265044545940e+00
-7.525783484921917676e-02 1.570935024328780003e-02 -9.970403167037108494e-01 -4.475962035103660952e+01 -2.339350587747315163e-02 9.995728968904904477e-01 1.751502455832604915e-02 4.812729839293971579e-01 9.968897087403537638e-01 2.464241063525635100e-02 -7.485819404127129484e-02 2.209817950476549164e+00
-7.619157678820105695e-02 1.452538579860862024e-02 -9.969873534923011649e-01 -4.558336094955678419e+01 -1.964382802491286897e-02 9.996779526543909666e-01 1.606580293009939042e-02 4.813123072942596115e-01 9.968997195651990717e-01 2.080872543068083141e-02 -7.588170486618978083e-02 2.157299507128016547e+00
-7.768732563392849455e-02 1.741371451984414370e-02 -9.968256366882987107e-01 -4.640749797576428648e+01 -1.786400253458382548e-02 9.996626155737281527e-01 1.885550100609360152e-02 4.850692387408641060e-01 9.968177584605412145e-01 1.927212848284956537e-02 -7.735003593979962455e-02 2.096365553797359116e+00
-7.980750367099441467e-02 2.346980274875712369e-02 -9.965339136006664544e-01 -4.722110715695565375e+01 -1.506443581540948574e-02 9.995802104060698134e-01 2.474798459011237281e-02 4.914683121571946089e-01 9.966964993807938544e-01 1.698729569036436238e-02 -7.942044173507541160e-02 2.033852396922175121e+00
-8.157226144212319230e-02 2.684095772353913695e-02 -9.963059004641120486e-01 -4.804345422144947264e+01 -1.260024078585874306e-02 9.995296437189842287e-01 2.795944839871403534e-02 4.983880957841556603e-01 9.965878158541702225e-01 1.483440829121444177e-02 -8.119569027686106277e-02 1.973441184798361725e+00
-8.281883440764352400e-02 2.670883041865424953e-02 -9.962066023591140684e-01 -4.885494363776716398e+01 -1.300118274443794186e-02 9.995267668351907053e-01 2.787868916806534800e-02 5.003831980478323782e-01 9.964798540521209169e-01 1.526074481839308911e-02 -8.243239542754732252e-02 1.911210777727457399e+00
-8.388043780189945176e-02 2.271569966402296747e-02 -9.962168359809261409e-01 -4.966381290981566110e+01 -1.697450751989773576e-02 9.995625015299666183e-01 2.422122443047990820e-02 5.056508083254046548e-01 9.963312839602180837e-01 1.894197670254749860e-02 -8.345815172806728133e-02 1.838392245108145584e+00
-8.504706546748505569e-02 1.925694881893376398e-02 -9.961907882037993600e-01 -5.046617294772636342e+01 -2.218531657700691453e-02 9.995287475913567921e-01 2.121548529030747171e-02 5.112566190493672558e-01 9.961299529710726519e-01 2.390512126861114514e-02 -8.457976412387173404e-02 1.763323433950778396e+00
-8.638428016435016621e-02 1.777412564762975711e-02 -9.961032864034385925e-01 -5.125891275714646866e+01 -2.583695575903149910e-02 9.994645828506977248e-01 2.007474246616673327e-02 5.171726694624689813e-01 9.959268508471326165e-01 2.747041817126636906e-02 -8.587879868634758218e-02 1.688353271838024972e+00
-8.760571810355202715e-02 1.876463558993349615e-02 -9.959784332818487629e-01 -5.205779629184792867e+01 -2.704681780330718890e-02 9.994091672509471946e-01 2.120829556643109501e-02 5.204415591803865926e-01 9.957880263012008903e-01 2.879601489547208015e-02 -8.704643414739524077e-02 1.619937749313948849e+00
-8.831202098918412846e-02 2.012773690147101266e-02 -9.958894398639795975e-01 -5.284797770927509220e+01 -2.681374446950414436e-02 9.993854801247746833e-01 2.257614596413056243e-02 5.248766858406248570e-01 9.957319391789741791e-01 2.869726874893133509e-02 -8.771805113559055789e-02 1.550066993112622082e+00
-8.939822436429084584e-02 1.984115939139152393e-02 -9.957982745853588558e-01 -5.365009923191075814e+01 -2.923869688655116386e-02 9.993183774253827645e-01 2.253621429357118358e-02 5.285957365391413809e-01 9.955667473135567658e-01 3.113054102417310218e-02 -8.875715906109192532e-02 1.480632846430465221e+00
-9.012085997294877471e-02 1.974848429287667795e-02 -9.957349806378954504e-01 -5.442497421457058948e+01 -3.029998889949260879e-02 9.992861935949153285e-01 2.256127300023363577e-02 5.306733042232645303e-01 9.954698492943411248e-01 3.220399897460732991e-02 -8.945815162196656123e-02 1.407793950337793865e+00
-9.022872007604416933e-02 2.148079389837622560e-02 -9.956893478639610162e-01 -5.520332940348136219e+01 -2.806703759765948047e-02 9.993154197343625533e-01 2.410243904670048704e-02 5.352681105974579356e-01 9.955255453016467193e-01 3.012078119290568026e-02 -8.956404865831843476e-02 1.346289971972257637e+00
-9.103308566697587700e-02 2.424399094471883787e-02 -9.955526757816686168e-01 -5.598096680368426803e+01 -2.714859007958741674e-02 9.992716370664587178e-01 2.681701739580740623e-02 5.399930724530703774e-01 9.954777843790320047e-01 2.946908674358343985e-02 -9.030859039948273270e-02 1.275319363814874540e+00
-9.064189370267651535e-02 2.825572259323354263e-02 -9.954825826837101488e-01 -5.674207448980267543e+01 -2.698906654833741273e-02 9.991605792065537672e-01 3.081756044254738494e-02 5.507402437732635825e-01 9.955178194079393750e-01 2.966050712818693244e-02 -8.980321150387721163e-02 1.208927427661044662e+00
-9.121515536701418903e-02 3.047980375046282012e-02 -9.953646046718679363e-01 -5.752448786747248732e+01 -2.687582293167709718e-02 9.990920533934324332e-01 3.305684491305313499e-02 5.594849907165745373e-01 9.954685123560945703e-01 2.976652703639539113e-02 -9.031316702641828398e-02 1.136987827447249133e+00
-9.180512449110492246e-02 3.050337125269201796e-02 -9.953096447410967329e-01 -5.827961950698532689e+01 -2.753066373475903869e-02 9.990708702454363932e-01 3.315800931924967054e-02 5.670821550624516316e-01 9.953963870778169687e-01 3.044560989056678199e-02 -9.088004775433143612e-02 1.074583607588577738e+00
-9.187315446258835505e-02 2.886309378775259518e-02 -9.953522763965270137e-01 -5.901938929657733013e+01 -2.623612589727655417e-02 9.991626508865227851e-01 3.139523788209860888e-02 5.758499658053298775e-01 9.954250756244427123e-01 2.899856660942969067e-02 -9.103896842393441324e-02 1.011997038519637959e+00
-9.245117126036454802e-02 2.529733697812553209e-02 -9.953957680645660888e-01 -5.975740423943718582e+01 -2.658758061077433690e-02 9.992580476774887144e-01 2.786491702237703719e-02 5.821774386099511922e-01 9.953622295105506446e-01 2.904130863882029359e-02 -9.170998141712416452e-02 9.366470052083917253e-01
-9.178025942698858630e-02 2.240876486768800593e-02 -9.955270725693504685e-01 -6.047390038826490866e+01 -2.715800005636705150e-02 9.993185374764935736e-01 2.499787636115195430e-02 5.867147945186290681e-01 9.954089210055832027e-01 2.933083516223568624e-02 -9.110913704950500402e-02 8.748164815657395454e-01
-9.092067580079925271e-02 2.009767638586893931e-02 -9.956552769234470190e-01 -6.118944659133512687e+01 -2.850943972645286068e-02 9.993340220709024946e-01 2.277534281015253584e-02 5.902343218960985904e-01 9.954500141238512567e-01 3.045632329230111776e-02 -9.028715127010331076e-02 8.076124646514745153e-01
-8.830117543033960681e-02 1.939391907853379657e-02 -9.959049594477739076e-01 -6.188617813958693148e+01 -3.039938925544026851e-02 9.992922568788541460e-01 2.215522225665803729e-02 5.915738017590732589e-01 9.956298854755659677e-01 3.223123390858846637e-02 -8.764911744851457132e-02 7.455855329757055117e-01
-8.402901396947808077e-02 2.031039591105819261e-02 -9.962562558925180944e-01 -6.255942120620772329e+01 -3.015082207219981977e-02 9.992826553721417815e-01 2.291515945603373600e-02 5.936530660256853498e-01 9.960070914137111320e-01 3.196348248978397866e-02 -8.335636040266375391e-02 6.913280247856935512e-01
-7.857772685700120663e-02 2.168361098122763980e-02 -9.966721054552685199e-01 -6.322494841538368604e+01 -3.018535381160391759e-02 9.992532684208492721e-01 2.411958372704967393e-02 5.975854336077096596e-01 9.964509403400273468e-01 3.198016148508025375e-02 -7.786452256384798765e-02 6.417162489330555664e-01
-7.117014869663507159e-02 2.341684730465869516e-02 -9.971892367926147305e-01 -6.387475076837070986e+01 -2.878119719297626139e-02 9.992599257054626261e-01 2.551960908507156303e-02 6.007611293458751112e-01 9.970489141854496085e-01 3.051653318890303751e-02 -7.044351200882753572e-02 6.006529000996714274e-01
-6.247217678074033081e-02 2.498720908877185079e-02 -9.977338275315953409e-01 -6.451720309527524932e+01 -3.069019198737654372e-02 9.991656973009332976e-01 2.694470740021363483e-02 5.996334269397167738e-01 9.975747705390635156e-01 3.230393611759184436e-02 -6.165319352019300869e-02 5.665223054806346470e-01
-5.087281326268035947e-02 2.656662537801160462e-02 -9.983516896992135070e-01 -6.513525482866633354e+01 -3.191519935685441234e-02 9.990923261662665311e-01 2.821263168301835211e-02 6.042140585298960698e-01 9.981951044575226861e-01 3.329784840422748277e-02 -4.997875690358609402e-02 5.407361262771449573e-01
-3.594593065403890036e-02 2.822627557878537238e-02 -9.989549976577681845e-01 -6.573723176889137676e+01 -3.424166495520433035e-02 9.989793152607006066e-01 2.945909974095364467e-02 6.105669244903659809e-01 9.987669817656873450e-01 3.526481606629066484e-02 -3.494272660666177671e-02 5.280773469829108668e-01
-1.783178231284589244e-02 2.968496364576829818e-02 -9.994001947963047083e-01 -6.632731984952303605e+01 -3.617353181076524843e-02 9.988856102241745472e-01 3.031510579299655575e-02 6.142426707126078522e-01 9.991864660101618112e-01 3.669240635182939581e-02 -1.673810091132870229e-02 5.246872043061262536e-01
4.280499340833978338e-03 3.075963216728026459e-02 -9.995176021877655304e-01 -6.688797740941468817e+01 -3.688683161793750859e-02 9.988514137059325559e-01 3.058116080051377292e-02 6.197942573077859230e-01 9.993103229572223301e-01 3.673813411011640079e-02 5.410208553233450922e-03 5.449504706563216283e-01
3.015954255822814178e-02 3.138112711611176775e-02 -9.990523179014634270e-01 -6.743283772010647681e+01 -3.664787946614503356e-02 9.988697189288683331e-01 3.026906136774040051e-02 6.245932204547395283e-01 9.988730711542165297e-01 3.570024769720631097e-02 3.127550651290356143e-02 5.783870588864868933e-01
5.895227204777246655e-02 3.139028572940872480e-02 -9.977671024977047276e-01 -6.794325558515619434e+01 -3.540701419112533832e-02 9.989423308967777526e-01 2.933526450316814235e-02 6.218500036322397451e-01 9.976327280883106052e-01 3.359857213985760482e-02 6.000135705544969167e-02 6.322957892201647168e-01
9.333549783003775024e-02 3.168923095244001453e-02 -9.951302365478160716e-01 -6.844967245619668006e+01 -3.361163650738677872e-02 9.990239345305661489e-01 2.866071303870297571e-02 6.244668721220736352e-01 9.950672512995292207e-01 3.077289305724760504e-02 9.430952363939605620e-02 6.998975876193672674e-01
1.305784362459000980e-01 3.200171356584678023e-02 -9.909213315093943208e-01 -6.891382952518839033e+01 -3.291869714117773987e-02 9.990677848489682988e-01 2.792695065511391697e-02 6.314159700429831101e-01 9.908913706854762804e-01 2.897318118853860203e-02 1.315101689051315914e-01 7.944346724624330447e-01
1.706450337012138108e-01 3.252476541096282342e-02 -9.847955791516321833e-01 -6.936475640912721019e+01 -3.202953697705928499e-02 9.991099776336886951e-01 2.744745968694589991e-02 6.268304982627518340e-01 9.848118901098966704e-01 2.685877299374823252e-02 1.715349086650975186e-01 9.073732568790928710e-01
2.157676969853557225e-01 3.348160173250433469e-02 -9.758704847380911263e-01 -6.980834537404773243e+01 -3.065175241762909189e-02 9.991516603302800226e-01 2.750317964167761642e-02 6.335170429426724148e-01 9.759635549392666753e-01 2.397784197569505574e-02 2.166109226843642155e-01 1.037391815965662767e+00
2.628951066114011414e-01 3.202080730995758573e-02 -9.642928774990366936e-01 -7.023546451845005834e+01 -2.732515784825846616e-02 9.992953093391813146e-01 2.573346125061955897e-02 6.405892829714293635e-01 9.644374375588334880e-01 1.958425439370542476e-02 2.635848240494175765e-01 1.207484750949737728e+00
