9.999999999999998890e-01 2.680133637895683627e-22 9.467889521019811528e-20 -8.673617379884035472e-19 1.132317908027311147e-21 1.000000000000000000e+00 -4.956378993858831401e-19 1.387778780781445676e-17 -7.288425687518648529e-19 4.589744003470270786e-19 1.000000000000000000e+00 0.000000000000000000e+00
9.999789003991950143e-01 3.980198294023156520e-04 -6.484097622202153813e-03 -8.474238059705985204e-03 -3.969833386273313117e-04 9.999999043211432737e-01 1.611438833591771053e-04 4.226387669854364537e-04 6.484161675774634606e-03 -1.585664169679753242e-04 9.999789652796617911e-01 9.740867903821692764e-02
9.999097613770300264e-01 8.921866843928005688e-04 -1.340406763533880975e-02 -1.303051624855746000e-02 -8.889085634664261812e-04 9.999995736201655605e-01 2.505242117591128105e-04 -1.811529565864750113e-03 1.340428675039388208e-02 -2.385866401481868417e-04 9.999101350028042345e-01 1.884949322390649107e-01
9.997733388899717744e-01 1.304994535156924059e-03 -2.125020478445989111e-02 -2.722819564073564874e-02 -1.307743329246872054e-03 9.999991384636747194e-01 -1.154516976526598479e-04 -4.384928737983032065e-03 2.125003765018138036e-02 1.432153426082385765e-04 9.997741826463532044e-01 2.917482673956692807e-01
9.995432614447037345e-01 1.714332672129166612e-03 -3.017165052917423693e-02 -4.025165181188675861e-02 -1.765401510541872877e-03 9.999970525786979758e-01 -1.666047060194319075e-03 -4.996508281039049870e-03 3.016870786917363878e-02 1.718551189223066055e-03 9.995433459765983297e-01 3.945389839625104145e-01
9.991337861625136929e-01 1.906500856231986779e-03 -4.156970345215996870e-02 -5.409082729801414219e-02 -2.056844320663471851e-03 9.999914946434854679e-01 -3.574185813553025417e-03 -4.560935672799470986e-03 4.156253934131117628e-02 3.656592130296287390e-03 9.991292091940008335e-01 5.125056776979997064e-01
9.984735195090372883e-01 1.762061906458241680e-03 -5.520444523570643830e-02 -7.820934952796372575e-02 -2.018385277250641426e-03 9.999874356041259515e-01 -4.587750919640301225e-03 -6.095585440095502294e-03 5.519567307938303552e-02 4.692171509887235921e-03 9.984645348868369519e-01 6.377453053488141288e-01
9.974728545458869666e-01 1.647336129902840550e-03 -7.102950946715065605e-02 -9.893434069789297514e-02 -1.981054371318493202e-03 9.999873232155738201e-01 -4.628110251777711043e-03 -6.544171485665675747e-03 7.102099149706375680e-02 4.757127603642944541e-03 9.974634822385392008e-01 7.732931618501670545e-01
9.959647356141665409e-01 4.534395885858729454e-04 -8.974431243409503045e-02 -1.319818780417423010e-01 -8.999862162255186900e-04 9.999874116826930059e-01 -4.935360475861465430e-03 -5.622898035995305133e-03 8.974095274142748768e-02 4.996213523782361450e-03 9.959526127031405052e-01 9.213031731252953049e-01
9.939563438940708373e-01 -5.638659670133605367e-04 -1.097746123884190961e-01 -1.630007673422752823e-01 1.128973448717629799e-05 9.999873277777164837e-01 -5.034290423886063695e-03 -1.111798459860095789e-02 1.097760720322618760e-01 5.002625504437425118e-03 9.939437583282125788e-01 1.085763696172108217e+00
9.912787400463334286e-01 -5.883888889686483869e-04 -1.317805685946318028e-01 -2.046780674902181907e-01 -1.441504345459207383e-04 9.999845916094775022e-01 -5.549171926798369264e-03 -1.674000103937148265e-02 1.317818156918605932e-01 5.519772253977371299e-03 9.912633783441890944e-01 1.248878730071438348e+00
9.877748325924617934e-01 2.620606968533231197e-03 -1.558653489535906100e-01 -2.630148308510023014e-01 -3.778710131632185849e-03 9.999674105298679283e-01 -7.134317159830446883e-03 -2.425234816493633538e-02 1.558415888096920388e-01 7.636068896714353141e-03 9.877525468776703343e-01 1.429228753724012035e+00
9.833708599405110995e-01 6.309939732365645211e-03 -1.814991523797398476e-01 -3.257058965156627850e-01 -8.088385392974064766e-03 9.999262473039477461e-01 -9.060138333465255975e-03 -2.802988641104155187e-02 1.814286059427618614e-01 1.037751074949575664e-02 9.833493627555409677e-01 1.604042561978433090e+00
9.779964283042220652e-01 9.860629058283559498e-03 -2.083884863752621663e-01 -3.992186442242420807e-01 -1.217215412935837397e-02 9.998777680324577588e-01 -9.812914139193870677e-03 -3.448687250134575832e-02 2.082662670788833492e-01 1.213353120070496775e-02 9.779969036633200385e-01 1.786920640822018402e+00
9.713036372952170705e-01 1.051166322343642830e-02 -2.376104914466543594e-01 -4.764747369954880352e-01 -1.332241905178944107e-02 9.998589553935605112e-01 -1.022653439229420300e-02 -4.086895857567764134e-02 2.374695026778283757e-01 1.309861589034077081e-02 9.713066773112226659e-01 1.979093973813784491e+00
9.632635427983178289e-01 1.221373969853547202e-02 -2.682800201546655106e-01 -5.595281188676937134e-01 -1.544842303580649077e-02 9.998311598479300288e-01 -9.949396857588395371e-03 -4.563626470209200536e-02 2.681132281136620055e-01 1.372839390782715739e-02 9.632895873537520304e-01 2.165647743966716554e+00
9.538445666613607488e-01 1.406008399826081182e-02 -2.999714211330229419e-01 -6.581172262251331340e-01 -1.764481109863903427e-02 9.998015765029621971e-01 -9.244585251084468797e-03 -4.961735354879047433e-02 2.997819399759795167e-01 1.411083581192257470e-02 9.539033868356768808e-01 2.361132841051953868e+00
9.426267651743209797e-01 1.635789257894163309e-02 -3.334474172715090612e-01 -7.663477213099940677e-01 -2.022981014352369725e-02 9.997622011381918083e-01 -8.142682624787086695e-03 -5.587957185178879516e-02 3.332349535206086677e-01 1.442108836722040370e-02 9.427335236874871960e-01 2.557840518043656086e+00
9.301576154155187792e-01 1.834081026668245989e-02 -3.667020742395362132e-01 -8.681310638615563624e-01 -2.292019012439698578e-02 9.997041819584427946e-01 -8.137402725852742671e-03 -5.567240459326841528e-02 3.664443767022437792e-01 1.597394833122320335e-02 9.303028326260383007e-01 2.738554356254967459e+00
9.163057066247058957e-01 2.119632165529226897e-02 -3.999181755339958899e-01 -1.007814792332792031e+00 -2.643871093962988500e-02 9.996215763607229077e-01 -7.595648879356967434e-03 -5.657015005992346857e-02 3.996058738316422554e-01 1.753325705566424406e-02 9.165193670145712623e-01 2.934306377364062079e+00
9.004735807309697249e-01 2.150847551239232561e-02 -4.343785318378592386e-01 -1.131201542866037135e+00 -2.743968183308444567e-02 9.995961681482421479e-01 -7.387373101111607832e-03 -5.449730883000464265e-02 4.340442599713367211e-01 1.857134319276992906e-02 9.007001211207882330e-01 3.129276323962089545e+00
8.822392568926323841e-01 1.700164389892865752e-02 -4.704942362146247170e-01 -1.265569815227173489e+00 -2.380659808150278889e-02 9.996803026267477854e-01 -8.516373797288112960e-03 -5.394949630884926517e-02 4.701990724352667073e-01 1.871434581338799266e-02 8.823619604806198780e-01 3.308461260115218128e+00
8.611239614807190135e-01 1.270144071934736600e-02 -5.082363285485061999e-01 -1.418841210105385553e+00 -2.010005389553310221e-02 9.997568265256571163e-01 -9.071141314586873491e-03 -6.320605492402889269e-02 5.079975714696880473e-01 1.802695402268831432e-02 8.611698619936238863e-01 3.508775384845881362e+00
8.364227410265321350e-01 1.406697991512951412e-02 -5.479042750372126180e-01 -1.580171303699597907e+00 -2.085731679500752236e-02 9.997634100817772707e-01 -6.172392387067200843e-03 -7.171763661337007822e-02 5.476878724109888186e-01 1.659054212846762522e-02 8.365182488916905745e-01 3.682727756140740105e+00
8.076986253749288691e-01 1.857458965046808810e-02 -5.893028748235363823e-01 -1.788034131602250998e+00 -2.510583374016086416e-02 9.996805897704429400e-01 -2.900526018016851525e-03 -7.396017554594065679e-02 5.890608182224547074e-01 1.713769030172570054e-02 8.079069748546281460e-01 3.868322069018330200e+00
7.755998706721656255e-01 2.161575599167097489e-02 -6.308546369868540671e-01 -1.992155942787011913e+00 -2.880734532354939717e-02 9.995842993002105326e-01 -1.166988769926628191e-03 -7.895001198168852263e-02 6.305672166464326711e-01 1.907836351421950474e-02 7.759001500276238028e-01 4.035577035571621174e+00
7.400672166500680271e-01 2.076865032972535080e-02 -6.722121288331005529e-01 -2.187862702137358895e+00 -2.910177897318199855e-02 9.995757847108275307e-01 -1.156524235683740022e-03 -7.424189109157160182e-02 6.719029968417096210e-01 2.041847359562167646e-02 7.403576686391044603e-01 4.183435836371055316e+00
7.008839750994114715e-01 1.669805601961143679e-02 -7.130797888191537925e-01 -2.433531469082880871e+00 -2.384761036081866487e-02 9.997156049261765043e-01 -2.958848203822115266e-05 -8.586211078676363184e-02 7.128765605121500926e-01 1.702598639307588424e-02 7.010828599744117762e-01 4.357776477453227493e+00
6.586415809576965374e-01 1.285604845523274226e-02 -7.523469603735096767e-01 -2.667383829444097465e+00 -1.914158459316651212e-02 9.998167337164876045e-01 3.273100994982913693e-04 -8.692036332603098048e-02 7.522133484281181559e-01 1.418553233831236840e-02 6.587669553258158617e-01 4.514474268932317180e+00
6.145081137464341037e-01 1.206110295738979481e-02 -7.888182636407007342e-01 -2.910056108527109497e+00 -1.691966717484508220e-02 9.998546339349926315e-01 2.107047701190951569e-03 -8.760094832069471871e-02 7.887290757591420842e-01 1.205174439046886176e-02 6.146228623185732154e-01 4.652768949768280038e+00
5.666288133727412912e-01 1.209890074647491237e-02 -8.238843070681370895e-01 -3.214134226902985780e+00 -1.500548787554025799e-02 9.998778942388055757e-01 4.363333694968848583e-03 -8.425343293759134100e-02 8.238365670085490144e-01 9.890395487293993093e-03 5.667411723884531183e-01 4.801506661744195270e+00
5.158826965475866722e-01 1.272063308137931677e-02 -8.565647524512379762e-01 -3.512195632551949664e+00 -1.405904135589859660e-02 9.998808026461322163e-01 6.381656655618139946e-03 -9.027255564680138067e-02 8.565438922705346236e-01 8.750292778982341965e-03 5.160000408062811461e-01 4.919431691575967491e+00
4.639177593032969282e-01 1.362145605847960711e-02 -8.857735041447767355e-01 -3.804732627717704929e+00 -1.359435881539215740e-02 9.998735106164950981e-01 8.256139090720550008e-03 -8.148534770272194971e-02 8.857739983991264054e-01 8.211352984738672436e-03 4.640442500802078318e-01 5.022367742793351297e+00
4.097153481060946123e-01 1.510801543501030797e-02 -9.120882710066674504e-01 -4.160394193172120225e+00 -1.263734308456356155e-02 9.998608927280635550e-01 1.088513170270170340e-02 -7.796846884851613146e-02 9.121259194137518733e-01 7.066566757860928347e-03 4.098492791658418510e-01 5.113803696444092495e+00
3.547123016788854000e-01 1.682225852477917810e-02 -9.348241105659981232e-01 -4.483706301972397945e+00 -1.270576571754925520e-02 9.998325264042442484e-01 1.317098138720884833e-02 -6.924696829645805851e-02 9.348892013204932461e-01 7.205746874497558421e-03 3.548666319168704564e-01 5.165693588564275629e+00
2.996045636091589914e-01 1.926276952291986269e-02 -9.538689489266345412e-01 -4.872905129715380923e+00 -1.098330319444136560e-02 9.997995395100179872e-01 1.674051969882095828e-02 -6.716948122828787782e-02 9.540002888881072840e-01 5.461095615771675849e-03 2.997560768808230081e-01 5.235759957159157985e+00
2.457816169008050500e-01 2.065718646651949417e-02 -9.691050505757445865e-01 -5.252770837319893360e+00 -7.130048165225343765e-03 9.997843733626278206e-01 1.950283697083636872e-02 -6.427955016715647396e-02 9.692990485162770176e-01 2.116326508501260167e-03 2.458759097365671442e-01 5.290686217459311003e+00
1.946987672659916957e-01 2.140084606423673860e-02 -9.806295513296083843e-01 -5.631157450765368111e+00 -5.109790368141717970e-03 9.997705177268234600e-01 2.080404947532573517e-02 -6.968581634940905489e-02 9.808498191475412131e-01 9.602884311821155167e-04 1.947634450071847323e-01 5.332668839065031641e+00
1.474357547233535182e-01 2.172676145951425372e-02 -9.888329309008604406e-01 -6.059673511062651841e+00 -7.215421058366891689e-03 9.997557272683633700e-01 2.089093435826865769e-02 -6.143630988674453342e-02 9.890453597741972747e-01 4.054774838152117727e-03 1.475565080082831548e-01 5.344070214826680321e+00
1.045422458429432072e-01 2.145621608502064348e-02 -9.942889282783344829e-01 -6.479770515376050533e+00 -9.843497216328387159e-03 9.997405984061176198e-01 2.053888889908887447e-02 -4.650334250083587584e-02 9.944717713051157704e-01 7.640098227202490010e-03 1.047263257509391948e-01 5.355623034414287886e+00
6.630088046919628553e-02 1.962265378038993008e-02 -9.976066686919629056e-01 -6.943684387458960217e+00 -1.145827977578831383e-02 9.997556592143700405e-01 1.890340858956950087e-02 -3.906823694668841440e-02 9.977339225076981011e-01 1.017754323799551462e-02 6.650952231643371404e-02 5.340316685628080151e+00
3.163439755646918483e-02 1.699474962627871288e-02 -9.993549767867675460e-01 -7.402560525198570218e+00 -1.088127212189243451e-02 9.998020335694345340e-01 1.665790752610814621e-02 -3.442131555775217178e-02 9.994403177267577876e-01 1.034729002481796917e-02 3.181305987409638325e-02 5.326284143025892703e+00
6.302979268289941265e-04 1.418085537527410261e-02 -9.998992040932143111e-01 -7.868334309966837026e+00 -1.081198841388450634e-02 9.998410980608881671e-01 1.417321647093747368e-02 -3.573738601797309122e-02 9.999413884481066495e-01 1.080196476895983748e-02 7.835214222828953056e-04 5.308285706471360221e+00
-2.653484003867297852e-02 1.195384966188226157e-02 -9.995763693103861813e-01 -8.358729976563768815e+00 -1.128227704697292236e-02 9.998612322513110717e-01 1.225675700271972729e-02 -2.865396597884950491e-02 9.995842623927039261e-01 1.160272813923338142e-02 -2.639629121263812814e-02 5.268607697036278736e+00
-4.728842103169564326e-02 9.517371166954375836e-03 -9.988358899386371448e-01 -8.857560040757945785e+00 -1.226772491499199258e-02 9.998736591374172145e-01 1.010805734928032530e-02 -2.436550945023170656e-02 9.988059848846049249e-01 1.273143765653274480e-02 -4.716569010572156662e-02 5.223017568174960878e+00
-6.386936543930252230e-02 8.382485281237096394e-03 -9.979230197186911289e-01 -9.392138020744148719e+00 -1.195707219835333464e-02 9.998865128417010473e-01 9.164258998735668599e-03 -1.260023476919616692e-02 9.978866712684061335e-01 1.251755216058144347e-02 -6.376188640239852101e-02 5.178487030185690898e+00
-7.701522287098454267e-02 8.985561608187257049e-03 -9.969893855430690399e-01 -9.932270235497361099e+00 -1.117034151878406462e-02 9.998888529457770069e-01 9.874578216248637227e-03 -1.156469897696776883e-02 9.969673794787871079e-01 1.189720420759656123e-02 -7.690629107479243776e-02 5.124425540708638316e+00
-8.625308126514155682e-02 1.024175405546838037e-02 -9.962205686181954123e-01 -1.049020830785792491e+01 -1.162387475808412778e-02 9.998687488127697698e-01 1.128565862554484212e-02 -9.688387597572012400e-03 9.962054865762799416e-01 1.255336504592992515e-02 -8.612271054762819789e-02 5.061743698200386277e+00
-9.385223132077065433e-02 1.131872434773561684e-02 -9.955217506474763889e-01 -1.106548552770744465e+01 -1.344646363639165690e-02 9.998297516173125787e-01 1.263536297884837456e-02 -6.003226335597008911e-03 9.954953748478273523e-01 1.457210274934647200e-02 -9.368405629654187605e-02 4.998126150790586308e+00
-9.785085770561911811e-02 1.223188075143905561e-02 -9.951258793364862187e-01 -1.164806789881109061e+01 -1.323026340417830099e-02 9.998201097455544639e-01 1.359051507729081877e-02 2.273416939518879687e-03 9.951131893104615544e-01 1.449562096349085900e-02 -9.767142403993529787e-02 4.932537612384361836e+00
-9.965042282632814719e-02 1.297899472496662730e-02 -9.949378175983474293e-01 -1.225091836823290237e+01 -1.237303641255345366e-02 9.998214497805516521e-01 1.428195321069885247e-02 6.772730116573616455e-03 9.949456162420048377e-01 1.373360314056288126e-02 -9.947203995422354561e-02 4.867245510228019434e+00
-9.852540186948482992e-02 1.512156654863104459e-02 -9.950196008629534905e-01 -1.286786318230172199e+01 -1.015337255779325161e-02 9.998172208815375717e-01 1.619984995052251020e-02 1.842125131059230841e-02 9.950827801359565239e-01 1.169890089862202567e-02 -9.835385801205269451e-02 4.798568415069714099e+00
-9.707527386751958753e-02 1.763379208180108904e-02 -9.951207730299973520e-01 -1.350191849297489277e+01 -9.731167181627590340e-03 9.997784273484132678e-01 1.866561430300301208e-02 3.012969449048547022e-02 9.952295148319943996e-01 1.149565572684487988e-02 -9.688216648089371941e-02 4.727643371761779179e+00
-9.505920770109548001e-02 1.770872384323959534e-02 -9.953140517599553538e-01 -1.414738780979232402e+01 -1.072777939355228083e-02 9.997654739675417845e-01 1.881250008283687908e-02 4.191495698106106893e-02 9.954138592482842940e-01 1.246581007798067478e-02 -9.484693826644637060e-02 4.649078476066542009e+00
-9.311212727801435052e-02 1.535850499885470927e-02 -9.955371274743380905e-01 -1.480580819813703641e+01 -1.474557144822435245e-02 9.997500898638647104e-01 1.680264632473576700e-02 5.829021018873688925e-02 9.955464734591356057e-01 1.624429329530576935e-02 -9.286238658585037331e-02 4.559374619339207513e+00
-9.156227633750002592e-02 1.522409787496015708e-02 -9.956829311713579767e-01 -1.548049141493076597e+01 -1.331056812652217126e-02 9.997750906388914727e-01 1.651069767766941143e-02 8.147924851537285962e-02 9.957104305586201853e-01 1.476486229720713229e-02 -9.133904130139146316e-02 4.460314032440679810e+00
-8.922583431828971789e-02 1.790901536531636778e-02 -9.958503532016756976e-01 -1.615820407454660312e+01 -1.434724169205318749e-02 9.997114921628710293e-01 1.926393186604619806e-02 1.172918198365422021e-01 9.959081262847973015e-01 1.600654600668508648e-02 -8.894314684458129450e-02 4.350615193830371652e+00
-8.777284820201684823e-02 2.144151105751185629e-02 -9.959096885719062042e-01 -1.688160373071489673e+01 -1.384531960972110523e-02 9.996454853864323864e-01 2.274217594748409454e-02 1.294620746903995534e-01 9.960443334274738936e-01 1.578483358769122366e-02 -8.744486718441546458e-02 4.284755692155065354e+00
-8.579032978235115459e-02 2.336416748294202483e-02 -9.960391856810908440e-01 -1.760111526047537822e+01 -1.272668472388094676e-02 9.996177319493076974e-01 2.454427912230384978e-02 1.435451029526980116e-01 9.962319669165706770e-01 1.478193751523162146e-02 -8.546018516695648437e-02 4.218604422104943907e+00
-8.435695516767241497e-02 2.295864402865728862e-02 -9.961710341009324399e-01 -1.834930156427028081e+01 -1.599447156832684708e-02 9.995745268065400202e-01 2.439151582267374760e-02 1.541228443334120013e-01 9.963072670133809039e-01 1.799082238075016063e-02 -8.395385163886774638e-02 4.150149739941800142e+00
-8.237338439673871915e-02 2.037612036466080259e-02 -9.963931757406145895e-01 -1.909582304514864504e+01 -1.779982418109392339e-02 9.996014063740388256e-01 2.191326838065006666e-02 1.598848554533242317e-01 9.964426141439207685e-01 1.954069292947947095e-02 -8.197785897730011651e-02 4.079978120699280453e+00
-8.060109472785294271e-02 1.955979388940385505e-02 -9.965544583449610361e-01 -1.985547593959166335e+01 -1.996295579782894278e-02 9.995752155555478469e-01 2.123368325225753403e-02 1.725917361800572702e-01 9.965465537187312428e-01 2.160563001934913754e-02 -8.017638482769497144e-02 4.017218159302421654e+00
-7.961882587804511302e-02 2.159814325981288322e-02 -9.965913327539722699e-01 -2.064773663862360920e+01 -1.651528763030341712e-02 9.995994387624153044e-01 2.298276075604026997e-02 1.879927698880928810e-01 9.966885995800468523e-01 1.828885188095534173e-02 -7.923023388437021308e-02 3.959122312433423385e+00
-7.790846920632214789e-02 2.368038478848906794e-02 -9.966792022719856980e-01 -2.142899560090408784e+01 -1.637264856905489702e-02 9.995526608204171604e-01 2.502847494959787103e-02 1.948248955212626421e-01 9.968261104047724253e-01 1.826820794872993647e-02 -7.748590561409500477e-02 3.897218596816266700e+00
-7.713887127914290098e-02 2.543899498043146121e-02 -9.966957242495363412e-01 -2.223791320870060417e+01 -1.221614150451868532e-02 9.995752840271489026e-01 2.645795541591020039e-02 2.089261533105558066e-01 9.969455586974479422e-01 1.421671194342354234e-02 -7.679534174800606294e-02 3.839994313514929036e+00
-7.637810760617877448e-02 2.122269498881748651e-02 -9.968529995634609620e-01 -2.303378442015664973e+01 -1.253432101730044337e-02 9.996740095311427154e-01 2.224312393968667229e-02 2.147522078188056627e-01 9.970001755009531008e-01 1.419376283874474419e-02 -7.608719692496397624e-02 3.776801593675453983e+00
-7.620211582625453783e-02 1.440712134446785544e-02 -9.969882623588198767e-01 -2.383480670053172190e+01 -1.516720987485268776e-02 9.997631657968101271e-01 1.560648575417381521e-02 2.188689111186022385e-01 9.969770676938546350e-01 1.631077727300778851e-02 -7.596555297055557210e-02 3.718317160193157722e+00
-7.614078949008183661e-02 9.632490042248994730e-03 -9.970505080367146888e-01 -2.465269224226470612e+01 -1.194444466920932708e-02 9.998727701980996141e-01 1.057190611508824520e-02 2.238950983484753188e-01 9.970255696454698446e-01 1.271416757340803304e-02 -7.601604770801775879e-02 3.658766854112003752e+00
-7.675520756095884078e-02 1.064017891450565537e-02 -9.969931507691965900e-01 -2.548322009572646607e+01 -1.253974267990305529e-02 9.998536683096114208e-01 1.163610087780021264e-02 2.307379306488662185e-01 9.969711517345307694e-01 1.339516782740273262e-02 -7.661055074865251446e-02 3.591137092427611588e+00
-7.678155141319707722e-02 1.752492879715015703e-02 -9.968938712777410949e-01 -2.631690902680258759e+01 -1.105357825129572522e-02 9.997691090368524547e-01 1.842683004782244560e-02 2.362326962692841148e-01 9.969867083171995992e-01 1.243408478175546915e-02 -7.657010962365530526e-02 3.522448528146669755e+00
-7.685031386095080019e-02 2.456734990486639236e-02 -9.967398831186147223e-01 -2.715365718359103298e+01 -1.145584784869006084e-02 9.996086394114631624e-01 2.552132342779876023e-02 2.471655363607763722e-01 9.969768675712594730e-01 1.337982200370689718e-02 -7.653879655051240571e-02 3.449250075762495538e+00
-7.679150326422870543e-02 2.981896219555759883e-02 -9.966011318502030480e-01 -2.799377598530677602e+01 -1.219727221753767049e-02 9.994497809454796489e-01 3.084403776122018881e-02 2.686827386890778269e-01 9.969726023487550659e-01 1.452437419181854504e-02 -7.638554068125097407e-02 3.361034333274502739e+00
-7.710463846593747228e-02 3.062846958781137788e-02 -9.965524009613908607e-01 -2.881605920175757873e+01 -1.315385393681125538e-02 9.994097864092873484e-01 3.173402192908202774e-02 2.847646851652761435e-01 9.969362766931451070e-01 1.555534511470668159e-02 -7.665624694334997880e-02 3.272674972052073361e+00
-7.705521564564589421e-02 2.710262801421502513e-02 -9.966583491693324914e-01 -2.964826593529737764e+01 -1.514692674336973362e-02 9.994832719270062560e-01 2.835051102195480788e-02 2.977776864044539007e-01 9.969118023820192631e-01 1.728086529287454695e-02 -7.660487728136045060e-02 3.204833382630242422e+00
-7.763003169049582930e-02 2.469851341218986043e-02 -9.966762188103256426e-01 -3.047400443753639721e+01 -1.624960242397780266e-02 9.995289555797683967e-01 2.603487170998462427e-02 3.056919077766568349e-01 9.968498429437790964e-01 1.821667927269295106e-02 -7.719212288927260190e-02 3.138139609940981067e+00
-7.772058147254350124e-02 2.546247746644183726e-02 -9.966499375521913340e-01 -3.130968198056224949e+01 -1.808833382265584086e-02 9.994732482338296586e-01 2.694516965054356838e-02 3.201063327830590000e-01 9.968111188977311077e-01 2.012193065588031154e-02 -7.721906776128617533e-02 3.068460388661079730e+00
-7.768538835239702234e-02 2.776826354673721936e-02 -9.965910989734568792e-01 -3.215776521548311706e+01 -1.667803025404407738e-02 9.994359760025368633e-01 2.914760233776365547e-02 3.340810038227929879e-01 9.968384574153252853e-01 1.888551911369034525e-02 -7.717845065013982653e-02 3.004894428518465332e+00
-7.773705005357656184e-02 2.631606940840857528e-02 -9.966264795869113069e-01 -3.298545178724085503e+01 -1.745039076575841119e-02 9.994625096359013305e-01 2.775208906038658871e-02 3.400077330029654399e-01 9.968212063992935024e-01 1.954888695928735931e-02 -7.723604058232476366e-02 2.936473747829909442e+00
-7.717841862210748916e-02 2.170308510097061772e-02 -9.967810074268643739e-01 -3.382087122642139576e+01 -1.899060474343108873e-02 9.995496698295120996e-01 2.323376627412470502e-02 3.422851285782273489e-01 9.968364603433333970e-01 2.072261869128231085e-02 -7.673150820740469447e-02 2.870145136076385661e+00
-7.703469789619278585e-02 1.757275986127700487e-02 -9.968734953541495969e-01 -3.464271612206560746e+01 -2.193286487049294145e-02 9.995728420850107376e-01 1.931523502613846643e-02 3.459274954062493967e-01 9.967871814713935574e-01 2.335223506536546548e-02 -7.661637018881789496e-02 2.803426020435715760e+00
-7.678330729194188242e-02 1.803108917752627161e-02 -9.968847034114801664e-01 -3.547086275792225507e+01 -2.137104279923494540e-02 9.995769936740149797e-01 1.972585415762044894e-02 3.550667386649202784e-01 9.968187814418715265e-01 2.281908197629492138e-02 -7.636548438207317602e-02 2.738131736191422139e+00
-7.570640372806648755e-02 2.044859703011766769e-02 -9.969204129298607775e-01 -3.632050524301052974e+01 -1.851975964533539645e-02 9.995884038931578397e-01 2.190971815311342288e-02 3.561017250586437921e-01 9.969581974681510639e-01 2.012143210436893176e-02 -7.529654016509132464e-02 2.674088153140691482e+00
-7.576842039710300625e-02 2.527907739217834238e-02 -9.968049135955209250e-01 -3.714296584944235491e+01 -1.957658791462241546e-02 9.994481907656088682e-01 2.683415278494450523e-02 3.683387650993580897e-01 9.969332910764615585e-01 2.154721948260728340e-02 -7.523173236850580481e-02 2.613115041554369800e+00
-7.466109682745677989e-02 3.060831988175564261e-02 -9.967390633239463504e-01 -3.799260760458776787e+01 -1.712332145488346460e-02 9.993421123568124731e-01 3.197088465456864731e-02 3.825084214519867132e-01 9.970619839107121019e-01 1.945446457228531059e-02 -7.408786152935567526e-02 2.552168211664585851e+00
-7.519260246394729452e-02 3.394841696658559144e-02 -9.965909377679474934e-01 -3.881132939257716430e+01 -1.829536397410306409e-02 9.992051159267558713e-01 3.541784968233449571e-02 3.964024280365064379e-01 9.970012258543595740e-01 2.089615434042156952e-02 -7.451173346280851040e-02 2.484601062757893164e+00
-7.479426906134983843e-02 3.382668276003484437e-02 -9.966250451402091093e-01 -3.964771244629788072e+01 -1.708005269216064312e-02 9.992344296049936458e-01 3.519706576134883080e-02 4.139554540080887524e-01 9.970527403653207665e-01 1.965494687272288307e-02 -7.415924654364389190e-02 2.421299954155980316e+00
-7.414678100106342207e-02 2.982128339840186410e-02 -9.968013129034289932e-01 -4.046720801321136918e+01 -1.728325755135570393e-02 9.993642375471613049e-01 3.118356875161715225e-02 4.241311238035684328e-01 9.970976060434444399e-01 1.954013526229569225e-02 -7.358423254609779141e-02 2.355319630850293944e+00
-7.400624877877400032e-02 2.570476375449897571e-02 -9.969264037251845956e-01 -4.128131279128688647e+01 -1.951144897251527038e-02 9.994390826019261542e-01 2.721797245509722032e-02 4.384761177565006385e-01 9.970669306294710488e-01 2.146577759798559346e-02 -7.346319982315219210e-02 2.279904087342774499e+00
-7.296553800987004568e-02 2.283800215029760383e-02 -9.970729009776411189e-01 -4.213055131204418302e+01 -2.240427062983155540e-02 9.994479597342456056e-01 2.453194282931237674e-02 4.464853826487689137e-01 9.970828259671982163e-01 2.412867671978924725e-02 -7.241358972437551833e-02 2.226489765837238899e+00
-7.395697193170232275e-02 2.083466676457358321e-02 -9.970437323261553964e-01 -4.295499376978499839e+01 -2.660453570796098358e-02 9.993846921043487708e-01 2.285700985520470324e-02 4.600437434095449030e-01 9.969065400455668913e-01 2.821631955778464498e-02 -7.335716817264643919e-02 2.162264802572187783e+00
-7.425950330212321981e-02 1.882220590485528255e-02 -9.970612705739526627e-01 -4.379239365998424205e+01 -2.282026688762904543e-02 9.995279774383974969e-01 2.056838928978858838e-02 4.617252777429999289e-01 9.969778569044099870e-01 2.428060147522770676e-02 -7.379492313627426803e-02 2.105969230539768144e+00
-7.547549906206692250e-02 1.534916864683988011e-02 -9.970294761265352523e-01 -4.462261206325222673e+01 -2.079975313401608364e-02 9.996397369895697604e-01 1.696390221415643856e-02 4.611920434767738386e-01 9.969307446286884700e-01 2.201832509738712099e-02 -7.512904892750280061e-02 2.057835463257120967e+00
-7.621356869291788516e-02 1.422446055503393154e-02 -9.969900056070162275e-01 -4.545146434160960780e+01 -1.741667546001989322e-02 9.997266924990423353e-01 1.559490097348723188e-02 4.600639375637456951e-01 9.969394349684324030e-01 1.855279419919221226e-02 -7.594499580612444622e-02 2.004569633434834408e+00
-7.757379347017023807e-02 1.699355115011415285e-02 -9.968417349834797214e-01 -4.627442626232401324e+01 -1.621137702807665462e-02 9.997010371162068365e-01 1.830385780465569601e-02 4.658598994022344342e-01 9.968548442419435940e-01 1.758007684095113515e-02 -7.727511264603660612e-02 1.948790329278774047e+00
-7.964763671648074361e-02 2.296148120076067084e-02 -9.965585532944732927e-01 -4.710499658068042805e+01 -1.204815777754287935e-02 9.996394644317291300e-01 2.399538947345451409e-02 4.698236285070843121e-01 9.967503083524281715e-01 1.391786971955549096e-02 -7.934227771524836326e-02 1.892621050260565152e+00
-8.148235089947016008e-02 2.655451403574949840e-02 -9.963209282754017515e-01 -4.793332067332106305e+01 -1.034885786460911991e-02 9.995685796198532369e-01 2.748743541346462468e-02 4.755802811938465990e-01 9.966210982572017985e-01 1.255052412663374035e-02 -8.117238872038314013e-02 1.832357991646918149e+00
-8.272635585936900793e-02 2.620967276231192522e-02 -9.962275481985559678e-01 -4.873803747950974241e+01 -1.110724240783711979e-02 9.995677617265079640e-01 2.721989215754706815e-02 4.788467793036468301e-01 9.965104383594016735e-01 1.331714270048016402e-02 -8.239948086713906605e-02 1.773481917575093991e+00
-8.410088556506128965e-02 2.249240123482018974e-02 -9.962033166222573621e-01 -4.955381966207693978e+01 -1.416571183040766201e-02 9.996171934037166862e-01 2.376537006379318001e-02 4.829435660082056492e-01 9.963565927036881487e-01 1.611061716788519255e-02 -8.375006983865537769e-02 1.703092897097811642e+00
-8.508292503747136304e-02 1.877673656852698811e-02 -9.961968912381428121e-01 -5.036879855941381123e+01 -2.067434585205902078e-02 9.995738884173461791e-01 2.060613749661330957e-02 4.888784233050254002e-01 9.961594049087734160e-01 2.234894859287383378e-02 -8.465847337987481014e-02 1.635152044392193860e+00
-8.633048550000060883e-02 1.724520789832135678e-02 -9.961172439020314906e-01 -5.116075296843278153e+01 -2.417113287165156485e-02 9.995196017581603476e-01 1.939895103346026342e-02 4.941904381885049435e-01 9.959733399124773845e-01 2.575200203114198436e-02 -8.587217625815966870e-02 1.569302806323040977e+00
-8.758173741551202041e-02 1.827240773810141078e-02 -9.959896964479519887e-01 -5.197163635556041328e+01 -2.549500462034944709e-02 9.994631268581004591e-01 2.057801953206454468e-02 4.979425511283298023e-01 9.958310779752478359e-01 2.719501963335358569e-02 -8.706886244258840724e-02 1.502171599355841325e+00
-8.852088804249715059e-02 1.954165029492142477e-02 -9.958825683756179492e-01 -5.278085702702188087e+01 -2.574153866092369902e-02 9.994287333727459588e-01 2.189931970511366927e-02 5.005248875702326128e-01 9.957416918524315541e-01 2.757409621569929109e-02 -8.796728633024883393e-02 1.451011948251060169e+00
-8.987385161659706967e-02 1.946216483628019148e-02 -9.957629445739089036e-01 -5.358818356520279735e+01 -2.656924082479766858e-02 9.994063690948600254e-01 2.193141737910963424e-02 5.012662737270842106e-01 9.955987363441666238e-01 2.842772510596923430e-02 -8.930340447826290440e-02 1.392872721912606915e+00
-9.053450947464705689e-02 1.928599282816990251e-02 -9.957065221545318146e-01 -5.437190267572788116e+01 -2.795848918813060441e-02 9.993691823209224223e-01 2.189905800196305721e-02 5.039039990990558104e-01 9.955008357287105092e-01 2.982106960010005164e-02 -8.993818984627544033e-02 1.323952157211754299e+00
-9.059632995077791795e-02 2.088233805604160914e-02 -9.956686920789158401e-01 -5.514956772060645562e+01 -2.727741777184102337e-02 9.993530064718225692e-01 2.344159459408835106e-02 5.075809354729958756e-01 9.955141058201363302e-01 2.928299271062294665e-02 -8.996809752104471813e-02 1.260530814438050262e+00
-9.113300401360668879e-02 2.361001634236032168e-02 -9.955587719061280705e-01 -5.592974228324224839e+01 -2.609781287125126012e-02 9.993189249072846891e-01 2.608817148000447048e-02 5.120129326909612644e-01 9.954967374609621222e-01 2.835939904188889207e-02 -9.045476489367793027e-02 1.191413508727054982e+00
-9.121443561356923357e-02 2.795242296277392069e-02 -9.954388537477123489e-01 -5.669578352367870622e+01 -2.488074151877451776e-02 9.992299535875069916e-01 3.033876110339076698e-02 5.211378553282702830e-01 9.955204494543072880e-01 2.753458905414842353e-02 -9.044871897393778892e-02 1.124565886639131707e+00
-9.160827240498374546e-02 3.010784489853440826e-02 -9.953398216193103387e-01 -5.747626618326407311e+01 -2.478505071100125731e-02 9.991642251604743175e-01 3.250467483356172388e-02 5.300199440398865036e-01 9.954866697755299088e-01 2.764724378994650594e-02 -9.078548375549057303e-02 1.052806304013118144e+00
-9.237098818232472586e-02 3.015873408201025230e-02 -9.952677844735033919e-01 -5.823066227438736320e+01 -2.454940245785471736e-02 9.991683886732286579e-01 3.255536595447557774e-02 5.365706773676004460e-01 9.954220299144799222e-01 2.744040022347598792e-02 -9.155379249090403460e-02 9.882733458981709518e-01
-9.232209955954354119e-02 2.849312189607736828e-02 -9.953214029318043776e-01 -5.897033261736088150e+01 -2.327650695406006942e-02 9.992555874244891667e-01 3.076478378400360550e-02 5.443435127670008811e-01 9.954571389285780114e-01 2.600787393096482339e-02 -9.159015286494572028e-02 9.270279208802700843e-01
-9.275442537499115070e-02 2.499337120283373972e-02 -9.953752380882406881e-01 -5.971686485931596167e+01 -2.383330164340246790e-02 9.993427461389822186e-01 2.731390898037589290e-02 5.501653503126808786e-01 9.954037741823538177e-01 2.625656308897486232e-02 -9.209778776399100975e-02 8.582026881779473149e-01
-9.239639325940261771e-02 2.178854384884751361e-02 -9.954838462543277311e-01 -6.043252644156441988e+01 -2.419765045456905017e-02 9.994161672403560903e-01 2.412053103963938960e-02 5.567848929390738499e-01 9.954282772575008265e-01 2.631701949457606118e-02 -9.181521798095360065e-02 7.922589713582763871e-01
-9.095865104165389015e-02 1.965512161733189156e-02 -9.956606410606700930e-01 -6.115171985192007043e+01 -2.608395214792792391e-02 9.994151697871689333e-01 2.211214130208457446e-02 5.590812748768886342e-01 9.955130548940969160e-01 2.798205405231017281e-02 -9.039277174551503535e-02 7.242457048266774944e-01
-8.901447921245096706e-02 1.887771651145054089e-02 -9.958513763259525531e-01 -6.184922230963375966e+01 -2.773078812545314367e-02 9.993858353741722489e-01 2.142344220526681831e-02 5.607022729571002895e-01 9.956442718584106455e-01 2.952273956791955783e-02 -8.843631516172124896e-02 6.645045459587410885e-01
-8.468825619192005272e-02 1.982292267535364083e-02 -9.962102546347600951e-01 -6.252333289050059051e+01 -2.779497771619791890e-02 9.993660200741072419e-01 2.224858044925658376e-02 5.626847657285086735e-01 9.960197892765729755e-01 2.957383391485877283e-02 -8.408358688218714461e-02 6.144881727112788683e-01
-7.916836556577004635e-02 2.128862701186935366e-02 -9.966338767991018699e-01 -6.319266378352006086e+01 -2.792696877729129376e-02 9.993321772053369578e-01 2.356466453769135230e-02 5.643403240750897165e-01 9.964700373834297631e-01 2.969853836960978030e-02 -7.852096763956691039e-02 5.632711749738296136e-01
-7.187092888942746283e-02 2.283254644583911086e-02 -9.971525268729304337e-01 -6.384237255062785721e+01 -2.688777529013400280e-02 9.993302738217021419e-01 2.482037974878761183e-02 5.674534005260033487e-01 9.970515032437657910e-01 2.859507540521138633e-02 -7.120887793227469176e-02 5.280384663566360937e-01
-6.281897394486163355e-02 2.432423031981133937e-02 -9.977284295691148941e-01 -6.449065127957356935e+01 -2.792846164994600491e-02 9.992686037707363411e-01 2.612021098722912618e-02 5.700340461891365562e-01 9.976341329224706067e-01 2.950586432260176445e-02 -6.209368882587472382e-02 4.980357865390179217e-01
-5.120274942545140900e-02 2.626761135003594788e-02 -9.983427335378225465e-01 -6.511746335022080245e+01 -2.957825999830554151e-02 9.991756251930230537e-01 2.780652877974620907e-02 5.685326461439865753e-01 9.982502154108687797e-01 3.095301068227204744e-02 -5.038358876757158961e-02 4.742986497874950302e-01
-3.664366175339116294e-02 2.781113893661824044e-02 -9.989412925354145267e-01 -6.572568615320670915e+01 -3.188752986237441966e-02 9.990711074753063636e-01 2.898446834877743683e-02 5.755469833682426151e-01 9.988195606298889695e-01 3.291586703376150197e-02 -3.572279472191525890e-02 4.690632458050258968e-01
-1.848267131164629470e-02 2.916044405292647287e-02 -9.994038124606889895e-01 -6.631612719369229580e+01 -3.421651226143039570e-02 9.989706450285611439e-01 2.978059574944883284e-02 5.813772384628176360e-01 9.992435712490569388e-01 3.474653697752209947e-02 -1.746587771691486546e-02 4.679647190753852271e-01
3.597815583307435207e-03 3.036431808598529306e-02 -9.995323825956540231e-01 -6.687715482213356211e+01 -3.490607571051255326e-02 9.989335759615755039e-01 3.022048341164803448e-02 5.823674734728527813e-01 9.993841624940862367e-01 3.478102380412146505e-02 4.653878455117128193e-03 4.899296792155897751e-01
2.928703957256165516e-02 3.075762319999272507e-02 -9.990976696089239883e-01 -6.742524745150426213e+01 -3.483918984066022156e-02 9.989505727071117391e-01 2.973183726046350547e-02 5.896746418191916028e-01 9.989637564453627272e-01 3.393699521066664837e-02 3.032787572032653867e-02 5.235300906016554512e-01
5.820967644519095541e-02 3.103192654420674351e-02 -9.978219131915824214e-01 -6.793318145982171075e+01 -3.327102864485879247e-02 9.990218139758534344e-01 2.912832123387198643e-02 5.860008046590901021e-01 9.977498418652404055e-01 3.150301039696346006e-02 5.918520157895561240e-02 5.794702397435985697e-01
9.249069397556540506e-02 3.121997531425037622e-02 -9.952239406389858933e-01 -6.843710997980727484e+01 -3.149072021423666295e-02 9.991000536635256113e-01 2.841499333929600052e-02 5.889213820133254451e-01 9.952154960401224937e-01 2.871219505639361486e-02 9.339059736090887798e-02 6.475110173804184965e-01
1.296263599759285290e-01 3.165761114009564559e-02 -9.910573772493390665e-01 -6.890438397491543299e+01 -3.083250358038069905e-02 9.991355745387912046e-01 2.788288795995143288e-02 5.953598966252391378e-01 9.910834679282775062e-01 2.694242203162930047e-02 1.304903854852801914e-01 7.404024867163629953e-01
1.698375642897134719e-01 3.209043178510215949e-02 -9.849493987478924462e-01 -6.935688830049379305e+01 -2.950069355070147545e-02 9.991872954156363340e-01 2.746742793299946847e-02 5.889519580053556025e-01 9.850304483032796821e-01 2.439168908613611325e-02 1.706462302946502030e-01 8.569338873158677261e-01
2.152862828909457293e-01 3.297938497808249048e-02 -9.759939029372637354e-01 -6.980586626168773989e+01 -2.847504784161858371e-02 9.992166250749692225e-01 2.748302369435209197e-02 5.983818721102750482e-01 9.761357828104909595e-01 2.187475404026385448e-02 2.160567220340850469e-01 9.786756525750379687e-01
2.618796535657582636e-01 3.163112324312129797e-02 -9.645820052600344585e-01 -7.022469757180898853e+01 -2.533203447530836191e-02 9.993436890273352802e-01 2.589351649274876030e-02 6.039469490211833991e-01 9.647680591290631602e-01 1.765383908631325965e-02 2.625090574069064431e-01 1.150492721124384943e+00
3.119512032872340801e-01 2.764320715128153888e-02 -9.496958566156176174e-01 -7.063071912240688732e+01 -1.700586721055444631e-02 9.995789750639573201e-01 2.350917726345660291e-02 5.937363353659693699e-01 9.499459591572333439e-01 8.816685281067607877e-03 3.122899516488085170e-01 1.336907824512868714e+00
3.627069046378411099e-01 2.307341060326948898e-02 -9.316175391039984710e-01 -7.103240340294500754e+01 -1.098663987779981491e-02 9.997298351155017304e-01 2.048292024235612990e-02 5.869389511575214824e-01 9.318385412724767836e-01 2.806049762152264173e-03 3.628624102466569967e-01 1.555932678183297613e+00
