1.000000000000000000e+00 0.000000000000000000e+00 0.000000000000000000e+00 0.000000000000000000e+00 0.000000000000000000e+00 1.000000000000000000e+00 0.000000000000000000e+00 0.000000000000000000e+00 0.000000000000000000e+00 0.000000000000000000e+00 1.000000000000000000e+00 0.000000000000000000e+00 0.000000000000000000e+00 0.000000000000000000e+00 0.000000000000000000e+00 1.000000000000000000e+00
9.999801900000000465e-01 -6.291414199999999582e-03 2.058727099999999922e-04 9.179977899999999802e-02 6.291347699999999890e-03 9.999801600000000068e-01 3.221549699999999789e-04 4.309742800000000360e-03 -2.078954399999999910e-04 -3.208533699999999980e-04 9.999999299999999813e-01 4.374510800000000021e-04 0.000000000000000000e+00 0.000000000000000000e+00 0.000000000000000000e+00 1.000000000000000000e+00
9.999098800000000287e-01 -1.342269199999999996e-02 2.586656600000000099e-04 1.848447599999999968e-01 1.342247899999999931e-02 9.999095900000000148e-01 8.063517400000000434e-04 1.053640299999999974e-02 -2.694656899999999899e-04 -8.028071300000000224e-04 9.999996399999999674e-01 2.260910000000000090e-03 0.000000000000000000e+00 0.000000000000000000e+00 0.000000000000000000e+00 1.000000000000000000e+00
9.997783999999999560e-01 -2.105093200000000137e-02 2.175889100000000055e-06 2.886948200000000186e-01 2.105091900000000127e-02 9.997778899999999469e-01 1.019318099999999994e-03 2.051964900000000092e-02 -2.363300100000000165e-05 -1.019046399999999934e-03 9.999994800000000517e-01 4.309395300000000255e-03 0.000000000000000000e+00 0.000000000000000000e+00 0.000000000000000000e+00 1.000000000000000000e+00
9.995371499999999854e-01 -3.038147600000000101e-02 -1.568441299999999948e-03 3.936788800000000088e-01 3.038357900000000084e-02 9.995374200000000098e-01 1.334605399999999912e-03 3.317763800000000235e-02 1.527168499999999925e-03 -1.381642499999999937e-03 9.999978800000000057e-01 4.684433200000000068e-03 0.000000000000000000e+00 0.000000000000000000e+00 0.000000000000000000e+00 1.000000000000000000e+00
9.991225999999999718e-01 -4.173977599999999927e-02 -3.438698300000000117e-03 5.095830599999999766e-01 4.174509600000000237e-02 9.991271800000000036e-01 1.490138999999999917e-03 4.676633100000000126e-02 3.373498799999999787e-03 -1.632380300000000001e-03 9.999929800000000313e-01 5.029476199999999807e-03 0.000000000000000000e+00 0.000000000000000000e+00 0.000000000000000000e+00 1.000000000000000000e+00
9.984686099999999787e-01 -5.513695999999999875e-02 -4.510125999999999719e-03 6.356874599999999820e-01 5.514355299999999793e-02 9.984775200000000073e-01 1.350722400000000083e-03 6.181541000000000119e-02 4.428784699999999651e-03 -1.597358299999999997e-03 9.999889199999999478e-01 3.092016999999999856e-03 0.000000000000000000e+00 0.000000000000000000e+00 0.000000000000000000e+00 1.000000000000000000e+00
9.974384699999999659e-01 -7.137823399999999874e-02 -4.651531100000000016e-03 7.704979699999999765e-01 7.138520399999999377e-02 9.974479099999999931e-01 1.349784400000000060e-03 8.313387799999999439e-02 4.543314799999999959e-03 -1.678377399999999913e-03 9.999882700000000124e-01 5.271177200000000222e-03 0.000000000000000000e+00 0.000000000000000000e+00 0.000000000000000000e+00 1.000000000000000000e+00
9.959468000000000210e-01 -8.982008199999999554e-02 -4.724439199999999617e-03 9.238717199999999519e-01 8.982193600000000500e-02 9.959578199999999937e-01 1.813807199999999977e-04 1.103487699999999988e-01 4.689050600000000367e-03 -6.050038300000000523e-04 9.999888200000000005e-01 4.815026899999999901e-03 0.000000000000000000e+00 0.000000000000000000e+00 0.000000000000000000e+00 1.000000000000000000e+00
9.939608300000000174e-01 -1.096289700000000061e-01 -4.833301299999999585e-03 1.083961500000000022e+00 1.096256399999999964e-01 9.939724899999999863e-01 -9.489986399999999871e-04 1.333425099999999974e-01 4.908206299999999696e-03 4.134137399999999779e-04 9.999878700000000009e-01 9.259990900000000802e-03 0.000000000000000000e+00 0.000000000000000000e+00 0.000000000000000000e+00 1.000000000000000000e+00
9.912596799999999764e-01 -1.318161499999999930e-01 -5.361528400000000090e-03 1.247736799999999979e+00 1.318115400000000048e-01 9.912740599999999569e-01 -1.205480099999999910e-03 1.717882699999999929e-01 5.473645699999999878e-03 4.882325300000000070e-04 9.999848999999999544e-01 1.523172199999999962e-02 0.000000000000000000e+00 0.000000000000000000e+00 0.000000000000000000e+00 1.000000000000000000e+00
9.877509799999999451e-01 -1.558654499999999887e-01 -7.346602500000000424e-03 1.424345399999999984e+00 1.558852699999999925e-01 9.877727099999999982e-01 2.203856399999999834e-03 2.212422800000000134e-01 6.913268400000000327e-03 -3.322088500000000121e-03 9.999705800000000533e-01 2.123165899999999995e-02 0.000000000000000000e+00 0.000000000000000000e+00 0.000000000000000000e+00 1.000000000000000000e+00
9.833763899999999891e-01 -1.812968899999999883e-01 -1.011529400000000037e-02 1.603108800000000000e+00 1.813626700000000036e-01 9.833979200000000365e-01 6.009537500000000296e-03 2.771611900000000017e-01 8.857848499999999500e-03 -7.744174000000000370e-03 9.999307800000000190e-01 2.165874599999999955e-02 0.000000000000000000e+00 0.000000000000000000e+00 0.000000000000000000e+00 1.000000000000000000e+00
9.780557399999999513e-01 -2.079944400000000027e-01 -1.205364499999999998e-02 1.779253600000000102e+00 2.081083599999999922e-01 9.780633300000000085e-01 9.112343099999999779e-03 3.401552999999999938e-01 9.893911000000000025e-03 -1.142084399999999944e-02 9.998858299999999755e-01 2.865951200000000157e-02 0.000000000000000000e+00 0.000000000000000000e+00 0.000000000000000000e+00 1.000000000000000000e+00
9.713573699999999977e-01 -2.372620699999999916e-01 -1.309813200000000018e-02 1.975561099999999959e+00 2.373993100000000023e-01 9.713591700000000495e-01 1.014504100000000048e-02 4.131214699999999906e-01 1.031595700000000060e-02 -1.296394799999999944e-02 9.998627500000000223e-01 3.400311500000000042e-02 0.000000000000000000e+00 0.000000000000000000e+00 0.000000000000000000e+00 1.000000000000000000e+00
9.633755499999999694e-01 -2.678017200000000209e-01 -1.377623700000000020e-02 2.159203300000000159e+00 2.679621799999999943e-01 9.633606799999999692e-01 1.150989399999999968e-02 4.845448099999999925e-01 1.018911500000000032e-02 -1.477986100000000004e-02 9.998388599999999959e-01 3.857502000000000153e-02 0.000000000000000000e+00 0.000000000000000000e+00 0.000000000000000000e+00 1.000000000000000000e+00
9.539380699999999713e-01 -2.996751200000000170e-01 -1.403497199999999973e-02 2.362644500000000036e+00 2.998542699999999783e-01 9.538951799999999537e-01 1.309232400000000067e-02 5.773472499999999785e-01 9.464447799999999369e-03 -1.669771199999999997e-02 9.998157899999999820e-01 4.283045600000000286e-02 0.000000000000000000e+00 0.000000000000000000e+00 0.000000000000000000e+00 1.000000000000000000e+00
9.427788400000000069e-01 -3.331120300000000034e-01 -1.429830600000000021e-02 2.561925200000000125e+00 3.333129799999999809e-01 9.426928399999999764e-01 1.525338600000000072e-02 6.737510300000000285e-01 8.397824800000000187e-03 -1.914638000000000104e-02 9.997814200000000318e-01 4.893459099999999951e-02 0.000000000000000000e+00 0.000000000000000000e+00 0.000000000000000000e+00 1.000000000000000000e+00
9.302405200000000152e-01 -3.666061400000000248e-01 -1.589037800000000014e-02 2.741793200000000041e+00 3.668522900000000253e-01 9.301206300000000038e-01 1.717580000000000148e-02 7.742645400000000011e-01 8.483215100000000147e-03 -2.180704699999999954e-02 9.997262099999999485e-01 4.725089899999999898e-02 0.000000000000000000e+00 0.000000000000000000e+00 0.000000000000000000e+00 1.000000000000000000e+00
9.165334499999999718e-01 -3.995779500000000151e-01 -1.743274599999999896e-02 2.949006799999999817e+00 3.998776900000000079e-01 9.163521300000000425e-01 1.991499099999999994e-02 8.932471699999999792e-01 8.016942799999999397e-03 -2.522372200000000050e-02 9.996496799999999849e-01 5.000903799999999871e-02 0.000000000000000000e+00 0.000000000000000000e+00 0.000000000000000000e+00 1.000000000000000000e+00
9.006232800000000260e-01 -4.342066399999999771e-01 -1.850162199999999882e-02 3.145985899999999891e+00 4.345304400000000178e-01 9.004265799999999764e-01 2.037832599999999869e-02 1.009555800000000003e+00 7.810947599999999713e-03 -2.639271300000000167e-02 9.996211400000000191e-01 4.596576000000000134e-02 0.000000000000000000e+00 0.000000000000000000e+00 0.000000000000000000e+00 1.000000000000000000e+00
8.822548599999999741e-01 -4.704025000000000012e-01 -1.865072300000000100e-02 3.330674500000000204e+00 4.706825399999999826e-01 8.821672200000000297e-01 1.545760099999999963e-02 1.132916000000000034e+00 9.181762399999999699e-03 -2.241611400000000087e-02 9.997065600000000218e-01 4.458788899999999861e-02 0.000000000000000000e+00 0.000000000000000000e+00 0.000000000000000000e+00 1.000000000000000000e+00
8.612625600000000103e-01 -5.078546200000000344e-01 -1.762070699999999934e-02 3.539679899999999879e+00 5.080732199999999921e-01 8.612388500000000002e-01 1.136841100000000014e-02 1.272809400000000091e+00 9.402137600000000719e-03 -1.874379600000000007e-02 9.997801099999999996e-01 5.285907200000000000e-02 0.000000000000000000e+00 0.000000000000000000e+00 0.000000000000000000e+00 1.000000000000000000e+00
8.363504000000000493e-01 -5.479517299999999702e-01 -1.633723100000000067e-02 3.715564999999999785e+00 5.481524800000000530e-01 8.362859000000000265e-01 1.244016400000000008e-02 1.427566099999999949e+00 6.845986600000000290e-03 -1.935962999999999920e-02 9.997891500000000153e-01 6.125561599999999884e-02 0.000000000000000000e+00 0.000000000000000000e+00 0.000000000000000000e+00 1.000000000000000000e+00
8.079866100000000495e-01 -5.889595100000000194e-01 -1.686205799999999921e-02 3.903795199999999799e+00 5.891903699999999633e-01 8.078119700000000458e-01 1.716205499999999898e-02 1.617631100000000099e+00 3.513616399999999924e-03 -2.380167299999999889e-02 9.997105299999999861e-01 6.319725299999999490e-02 0.000000000000000000e+00 0.000000000000000000e+00 0.000000000000000000e+00 1.000000000000000000e+00
7.758678300000000361e-01 -6.306219299999999972e-01 -1.857693700000000170e-02 4.085732400000000375e+00 6.308932299999999715e-01 7.756074099999999971e-01 2.017114500000000143e-02 1.811331000000000024e+00 1.688043900000000055e-03 -2.737020600000000109e-02 9.996239399999999886e-01 6.993859299999999335e-02 0.000000000000000000e+00 0.000000000000000000e+00 0.000000000000000000e+00 1.000000000000000000e+00
7.403209600000000279e-01 -6.719636900000000024e-01 -1.974011700000000147e-02 4.246178800000000031e+00 6.722509500000000138e-01 7.400809400000000204e-01 1.894366100000000053e-02 1.994556500000000065e+00 1.879832400000000037e-03 -2.729470200000000055e-02 9.996256599999999715e-01 6.532315199999999544e-02 0.000000000000000000e+00 0.000000000000000000e+00 0.000000000000000000e+00 1.000000000000000000e+00
7.009758000000000377e-01 -7.129958499999999866e-01 -1.642694199999999993e-02 4.435167599999999766e+00 7.131845999999999464e-01 7.008152899999999796e-01 1.502170499999999978e-02 2.225112799999999780e+00 8.018389300000000001e-04 -2.224529399999999879e-02 9.997522199999999692e-01 7.502051599999999543e-02 0.000000000000000000e+00 0.000000000000000000e+00 0.000000000000000000e+00 1.000000000000000000e+00
6.588983299999999765e-01 -7.521120300000000425e-01 -1.343427500000000073e-02 4.598211499999999674e+00 7.522319800000000223e-01 6.587979400000000263e-01 1.150331500000000007e-02 2.451392699999999980e+00 1.986907299999999936e-04 -1.768520599999999846e-02 9.998435799999999540e-01 7.717764400000000358e-02 0.000000000000000000e+00 0.000000000000000000e+00 0.000000000000000000e+00 1.000000000000000000e+00
6.145454599999999878e-01 -7.888030499999999501e-01 -1.111844099999999974e-02 4.750112999999999808e+00 7.888803100000000290e-01 6.144600700000000248e-01 1.032833300000000031e-02 2.686457199999999990e+00 -1.315182399999999946e-03 -1.511834999999999915e-02 9.998848500000000472e-01 7.840228400000000264e-02 0.000000000000000000e+00 0.000000000000000000e+00 0.000000000000000000e+00 1.000000000000000000e+00
5.668321100000000001e-01 -8.237838100000000052e-01 -9.032939199999999447e-03 4.920192899999999980e+00 8.238257900000000022e-01 5.667459500000000538e-01 1.049227999999999966e-02 2.974229900000000093e+00 -3.523988799999999873e-03 -1.338893000000000028e-02 9.999041499999999916e-01 7.757957699999999679e-02 0.000000000000000000e+00 0.000000000000000000e+00 0.000000000000000000e+00 1.000000000000000000e+00
5.163620899999999958e-01 -8.563373600000000474e-01 -7.517234400000000379e-03 5.050812200000000196e+00 8.563536999999999955e-01 5.162774100000000477e-01 1.076933899999999930e-02 3.256809200000000182e+00 -5.341209100000000008e-03 -1.199829000000000000e-02 9.999137500000000456e-01 8.194844499999999476e-02 0.000000000000000000e+00 0.000000000000000000e+00 0.000000000000000000e+00 1.000000000000000000e+00
4.639150300000000060e-01 -8.858518600000000465e-01 -7.023135800000000067e-03 5.163745399999999819e+00 8.858525699999999503e-01 4.638241900000000251e-01 1.150443299999999967e-02 3.544106199999999873e+00 -6.933723099999999744e-03 -1.155854199999999977e-02 9.999091599999999636e-01 7.572828199999999399e-02 0.000000000000000000e+00 0.000000000000000000e+00 0.000000000000000000e+00 1.000000000000000000e+00
4.095415000000000028e-01 -9.122730700000000192e-01 -5.796087000000000114e-03 5.282009000000000398e+00 9.122417299999999729e-01 4.094445500000000182e-01 1.304589100000000043e-02 3.893183099999999897e+00 -9.528238799999999911e-03 -1.063026599999999933e-02 9.998981000000000119e-01 7.840339100000000283e-02 0.000000000000000000e+00 0.000000000000000000e+00 0.000000000000000000e+00 1.000000000000000000e+00
3.550336499999999784e-01 -9.348348899999999739e-01 -5.902114200000000040e-03 5.365350699999999584e+00 9.347824900000000214e-01 3.549217700000000253e-01 1.456790999999999989e-02 4.209823499999999719e+00 -1.152380199999999966e-02 -1.068929100000000007e-02 9.998764599999999669e-01 7.412066800000000066e-02 0.000000000000000000e+00 0.000000000000000000e+00 0.000000000000000000e+00 1.000000000000000000e+00
2.997725299999999815e-01 -9.540023399999999487e-01 -3.995248300000000391e-03 5.461883399999999611e+00 9.538925600000000005e-01 2.996668699999999741e-01 1.699263399999999952e-02 4.592559800000000081e+00 -1.501376899999999973e-02 -8.904962599999999978e-03 9.998476299999999872e-01 7.436846900000000649e-02 0.000000000000000000e+00 0.000000000000000000e+00 0.000000000000000000e+00 1.000000000000000000e+00
2.460188600000000059e-01 -9.692649199999999743e-01 -4.869491000000000097e-04 5.537093099999999879e+00 9.691062499999999469e-01 2.459694299999999889e-01 1.822384100000000104e-02 4.969712799999999930e+00 -1.754395499999999997e-02 -4.955313900000000125e-03 9.998338100000000450e-01 7.635703800000000208e-02 0.000000000000000000e+00 0.000000000000000000e+00 0.000000000000000000e+00 1.000000000000000000e+00
1.951241099999999895e-01 -9.807781800000000549e-01 8.585206900000000481e-04 5.599355899999999941e+00 9.805984100000000314e-01 1.951049699999999887e-01 1.899483700000000053e-02 5.348605899999999913e+00 -1.879722299999999832e-02 -2.864486600000000060e-03 9.998192099999999582e-01 8.314926400000000051e-02 0.000000000000000000e+00 0.000000000000000000e+00 0.000000000000000000e+00 1.000000000000000000e+00
1.474732400000000054e-01 -9.890637300000000298e-01 -2.139457899999999864e-03 5.624833299999999703e+00 9.888908800000000276e-01 1.474060700000000002e-01 1.913813300000000162e-02 5.775687500000000085e+00 -1.861346399999999970e-02 -4.938053000000000407e-03 9.998145600000000188e-01 7.553129399999999882e-02 0.000000000000000000e+00 0.000000000000000000e+00 0.000000000000000000e+00 1.000000000000000000e+00
1.047756400000000032e-01 -9.944813500000000417e-01 -5.375847199999999639e-03 5.651953299999999736e+00 9.943301500000000237e-01 1.046579700000000029e-01 1.882173100000000127e-02 6.193013999999999797e+00 -1.815523600000000168e-02 -7.317426000000000139e-03 9.998084000000000415e-01 6.113546499999999995e-02 0.000000000000000000e+00 0.000000000000000000e+00 0.000000000000000000e+00 1.000000000000000000e+00
6.665071999999999663e-02 -9.977445700000000528e-01 -7.965971599999999847e-03 5.651803499999999758e+00 9.976407000000000469e-01 6.650788000000000533e-02 1.702174399999999838e-02 6.655077699999999652e+00 -1.645355299999999923e-02 -9.081688900000000828e-03 9.998233899999999785e-01 5.527512200000000292e-02 0.000000000000000000e+00 0.000000000000000000e+00 0.000000000000000000e+00 1.000000000000000000e+00
3.194356699999999910e-02 -9.994558000000000053e-01 -8.228667199999999474e-03 5.650439399999999779e+00 9.993895299999999704e-01 3.182274400000000003e-02 1.441794799999999988e-02 7.115617399999999648e+00 -1.414824299999999958e-02 -8.684204600000000260e-03 9.998622000000000343e-01 5.239974700000000346e-02 0.000000000000000000e+00 0.000000000000000000e+00 0.000000000000000000e+00 1.000000000000000000e+00
6.420344099999999738e-04 -9.999625399999999553e-01 -8.631828200000000312e-03 5.640472199999999603e+00 9.999310399999999932e-01 5.407516399999999501e-04 1.173085899999999973e-02 7.579267399999999988e+00 -1.172575200000000074e-02 -8.638764599999999502e-03 9.998939300000000419e-01 5.249057399999999818e-02 0.000000000000000000e+00 0.000000000000000000e+00 0.000000000000000000e+00 1.000000000000000000e+00
-2.626154199999999883e-02 -9.996127500000000499e-01 -9.201810300000000040e-03 5.614764100000000369e+00 9.996074400000000137e-01 -2.634906999999999874e-02 9.523566699999999607e-03 8.071085699999999363e+00 -9.762337899999999277e-03 -8.948094400000000323e-03 9.999123100000000264e-01 4.805401799999999696e-02 0.000000000000000000e+00 0.000000000000000000e+00 0.000000000000000000e+00 1.000000000000000000e+00
-4.724286400000000247e-02 -9.988297999999999899e-01 -1.035084799999999930e-02 5.580223499999999781e+00 9.988552899999999513e-01 -4.731677900000000325e-02 7.016320799999999774e-03 8.574701299999999193e+00 -7.497879100000000296e-03 -1.000752799999999991e-02 9.999218100000000220e-01 4.421532699999999871e-02 0.000000000000000000e+00 0.000000000000000000e+00 0.000000000000000000e+00 1.000000000000000000e+00
-6.402750499999999845e-02 -9.978938899999999501e-01 -1.040499299999999953e-02 5.531497899999999746e+00 9.979265299999999783e-01 -6.409124300000000607e-02 5.911877000000000278e-03 9.106700099999999409e+00 -6.566294900000000170e-03 -1.000489599999999923e-02 9.999283900000000003e-01 3.409918099999999924e-02 0.000000000000000000e+00 0.000000000000000000e+00 0.000000000000000000e+00 1.000000000000000000e+00
-7.713428599999999635e-02 -9.969775199999999504e-01 -9.279928700000000460e-03 5.483316699999999599e+00 9.969956700000000005e-01 -7.719497599999999848e-02 6.369332200000000187e-03 9.647027100000000743e+00 -7.066444899999999724e-03 -8.760754900000000678e-03 9.999366600000000327e-01 3.340818300000000102e-02 0.000000000000000000e+00 0.000000000000000000e+00 0.000000000000000000e+00 1.000000000000000000e+00
-8.639184599999999437e-02 -9.962020000000000319e-01 -1.086380600000000016e-02 5.428320600000000162e+00 9.962274500000000144e-01 -8.647358500000000558e-02 7.293014399999999710e-03 1.021172800000000080e+01 -8.204747800000000355e-03 -1.019276499999999946e-02 9.999143900000000418e-01 3.529928899999999758e-02 0.000000000000000000e+00 0.000000000000000000e+00 0.000000000000000000e+00 1.000000000000000000e+00
-9.380143800000000087e-02 -9.955221800000000343e-01 -1.169947000000000001e-02 5.365621199999999646e+00 9.955426099999999945e-01 -9.390618300000000418e-02 8.749192700000000059e-03 1.078241000000000049e+01 -9.808667999999999554e-03 -1.082663399999999991e-02 9.998932799999999954e-01 3.555130000000000096e-02 0.000000000000000000e+00 0.000000000000000000e+00 0.000000000000000000e+00 1.000000000000000000e+00
-9.785966799999999688e-02 -9.951338199999999468e-01 -1.149642700000000003e-02 5.308350100000000182e+00 9.951438200000000123e-01 -9.797058000000000155e-02 9.515364700000000786e-03 1.137532500000000013e+01 -1.059537299999999994e-02 -1.050942799999999948e-02 9.998886399999999952e-01 2.771448899999999840e-02 0.000000000000000000e+00 0.000000000000000000e+00 0.000000000000000000e+00 1.000000000000000000e+00
-9.981454600000000399e-02 -9.949416100000000318e-01 -1.132449800000000055e-02 5.245402200000000015e+00 9.949406600000000322e-01 -9.993201200000000062e-02 1.032875999999999933e-02 1.197757799999999939e+01 -1.140819300000000050e-02 -1.023624300000000077e-02 9.998825300000000471e-01 2.869367399999999887e-02 0.000000000000000000e+00 0.000000000000000000e+00 0.000000000000000000e+00 1.000000000000000000e+00
-9.866410800000000036e-02 -9.950807699999999478e-01 -8.925380800000000392e-03 5.183881799999999984e+00 9.950299400000000016e-01 -9.877233000000000540e-02 1.262749500000000073e-02 1.259747199999999978e+01 -1.344695800000000017e-02 -7.635140599999999667e-03 9.998804300000000422e-01 2.492998999999999910e-02 0.000000000000000000e+00 0.000000000000000000e+00 0.000000000000000000e+00 1.000000000000000000e+00
-9.728112499999999607e-02 -9.952166599999999752e-01 -8.954393600000000800e-03 5.116226400000000396e+00 9.951306599999999447e-01 -9.740816300000000594e-02 1.505373500000000038e-02 1.323288200000000003e+01 -1.585395900000000080e-02 -7.446347399999999998e-03 9.998465899999999795e-01 2.238984200000000008e-02 0.000000000000000000e+00 0.000000000000000000e+00 0.000000000000000000e+00 1.000000000000000000e+00
-9.564844399999999913e-02 -9.953679199999999616e-01 -9.699090100000000089e-03 5.047951799999999878e+00 9.952867899999999768e-01 -9.578805499999999695e-02 1.512762900000000008e-02 1.389032800000000023e+01 -1.598661399999999969e-02 -8.206442099999999157e-03 9.998385300000000031e-01 1.717406399999999930e-02 0.000000000000000000e+00 0.000000000000000000e+00 0.000000000000000000e+00 1.000000000000000000e+00
-9.377843299999999438e-02 -9.954896199999999640e-01 -1.435318200000000079e-02 4.975829100000000338e+00 9.954975400000000141e-01 -9.395942200000000077e-02 1.250110800000000036e-02 1.455102800000000052e+01 -1.379333999999999942e-02 -1.311622299999999977e-02 9.998188399999999865e-01 1.307383299999999998e-02 0.000000000000000000e+00 0.000000000000000000e+00 0.000000000000000000e+00 1.000000000000000000e+00
-9.245298799999999984e-02 -9.956126699999999774e-01 -1.441738300000000063e-02 4.908324300000000306e+00 9.956238600000000272e-01 -9.263273499999999383e-02 1.234092900000000048e-02 1.524084599999999945e+01 -1.362230600000000069e-02 -1.321333499999999966e-02 9.998198999999999836e-01 7.728818499999999883e-03 0.000000000000000000e+00 0.000000000000000000e+00 0.000000000000000000e+00 1.000000000000000000e+00
-9.055595399999999406e-02 -9.957814400000000177e-01 -1.479690399999999961e-02 4.845867600000000053e+00 9.957569200000000453e-01 -9.077786999999999662e-02 1.508428700000000004e-02 1.593171700000000079e+01 -1.636388399999999868e-02 -1.336814700000000036e-02 9.997767300000000024e-01 1.261176500000000091e-03 0.000000000000000000e+00 0.000000000000000000e+00 0.000000000000000000e+00 1.000000000000000000e+00
-8.890340900000000268e-02 -9.959294899999999728e-01 -1.485410700000000007e-02 4.775665599999999955e+00 9.958449600000000013e-01 -8.917139500000000052e-02 1.847367700000000085e-02 1.665613899999999958e+01 -1.972304100000000018e-02 -1.315001399999999980e-02 9.997190000000000243e-01 -1.130776000000000003e-02 0.000000000000000000e+00 0.000000000000000000e+00 0.000000000000000000e+00 1.000000000000000000e+00
-8.683578499999999867e-02 -9.961328799999999983e-01 -1.337252000000000059e-02 4.707494900000000371e+00 9.959862400000000227e-01 -8.709976899999999356e-02 2.061667799999999939e-02 1.737872499999999931e+01 -2.170169500000000001e-02 -1.152858000000000008e-02 9.996980199999999650e-01 -1.948060799999999995e-02 0.000000000000000000e+00 0.000000000000000000e+00 0.000000000000000000e+00 1.000000000000000000e+00
-8.535091899999999732e-02 -9.962380600000000364e-01 -1.499828400000000062e-02 4.638377400000000428e+00 9.961204799999999748e-01 -8.564526499999999820e-02 2.022061099999999945e-02 1.812777200000000022e+01 -2.142907399999999934e-02 -1.321425000000000030e-02 9.996830399999999672e-01 -2.808429999999999954e-02 0.000000000000000000e+00 0.000000000000000000e+00 0.000000000000000000e+00 1.000000000000000000e+00
-8.325282800000000094e-02 -9.963634199999999996e-01 -1.813560900000000045e-02 4.565316900000000011e+00 9.963490699999999478e-01 -8.356934700000000216e-02 1.745529599999999862e-02 1.887631000000000014e+01 -1.890740000000000129e-02 -1.661619400000000080e-02 9.996831600000000151e-01 -3.201768299999999817e-02 0.000000000000000000e+00 0.000000000000000000e+00 0.000000000000000000e+00 1.000000000000000000e+00
-8.161506000000000316e-02 -9.964514700000000058e-01 -2.057766999999999930e-02 4.498155200000000242e+00 9.964942799999999545e-01 -8.196470200000000039e-02 1.676125800000000110e-02 1.963397099999999895e+01 -1.838842300000000096e-02 -1.913756000000000138e-02 9.996477499999999461e-01 -4.398331800000000041e-02 0.000000000000000000e+00 0.000000000000000000e+00 0.000000000000000000e+00 1.000000000000000000e+00
-8.028859600000000374e-02 -9.966366800000000525e-01 -1.640348999999999974e-02 4.437598099999999768e+00 9.965677099999999955e-01 -8.059418100000000085e-02 1.890416899999999845e-02 2.042731099999999955e+01 -2.016261399999999884e-02 -1.482939999999999953e-02 9.996867299999999679e-01 -5.492407500000000276e-02 0.000000000000000000e+00 0.000000000000000000e+00 0.000000000000000000e+00 1.000000000000000000e+00
-7.894763300000000317e-02 -9.967524599999999513e-01 -1.586838299999999979e-02 4.374196399999999763e+00 9.966341699999999859e-01 -7.927085899999999907e-02 2.089152299999999865e-02 2.121160300000000021e+01 -2.208157800000000101e-02 -1.416563700000000002e-02 9.996558100000000335e-01 -6.156728200000000095e-02 0.000000000000000000e+00 0.000000000000000000e+00 0.000000000000000000e+00 1.000000000000000000e+00
-7.801593900000000636e-02 -9.968709900000000124e-01 -1.271799300000000035e-02 4.307668299999999562e+00 9.966761600000000332e-01 -7.828812500000000008e-02 2.252982400000000038e-02 2.201609200000000044e+01 -2.345499499999999932e-02 -1.091803499999999955e-02 9.996652700000000502e-01 -7.384862300000000213e-02 0.000000000000000000e+00 0.000000000000000000e+00 0.000000000000000000e+00 1.000000000000000000e+00
-7.763966699999999554e-02 -9.968907099999999577e-01 -1.345353200000000068e-02 4.249603600000000370e+00 9.968065799999999976e-01 -7.787173299999999854e-02 1.768133300000000047e-02 2.282348500000000158e+01 -1.867400599999999994e-02 -1.203779599999999991e-02 9.997531600000000296e-01 -7.804066099999999728e-02 0.000000000000000000e+00 0.000000000000000000e+00 0.000000000000000000e+00 1.000000000000000000e+00
-7.713421400000000649e-02 -9.969207700000000116e-01 -1.411736799999999993e-02 4.178698299999999755e+00 9.969390200000000091e-01 -7.730142500000000694e-02 1.170815499999999960e-02 2.361988699999999852e+01 -1.276339500000000030e-02 -1.317105600000000043e-02 9.998318000000000483e-01 -8.271807899999999991e-02 0.000000000000000000e+00 0.000000000000000000e+00 0.000000000000000000e+00 1.000000000000000000e+00
-7.762635900000000588e-02 -9.969190300000000393e-01 -1.125130799999999980e-02 4.118818700000000277e+00 9.969524100000000111e-01 -7.770678500000000044e-02 6.895854300000000409e-03 2.444156999999999869e+01 -7.748911399999999956e-03 -1.068171799999999977e-02 9.999129199999999829e-01 -8.814224700000000690e-02 0.000000000000000000e+00 0.000000000000000000e+00 0.000000000000000000e+00 1.000000000000000000e+00
-7.772300399999999831e-02 -9.969122500000000553e-01 -1.118452200000000056e-02 4.048712499999999714e+00 9.969336899999999835e-01 -7.781701200000000485e-02 8.230329300000000306e-03 2.527232000000000056e+01 -9.075262199999999807e-03 -1.051054099999999998e-02 9.999035800000000140e-01 -8.978083000000000591e-02 0.000000000000000000e+00 0.000000000000000000e+00 0.000000000000000000e+00 1.000000000000000000e+00
-7.808029900000000578e-02 -9.968939900000000076e-01 -1.028791000000000080e-02 3.980799300000000152e+00 9.968246299999999893e-01 -7.822828099999999674e-02 1.486585399999999953e-02 2.611215800000000087e+01 -1.562448599999999993e-02 -9.094511799999999840e-03 9.998365700000000356e-01 -9.226156200000000529e-02 0.000000000000000000e+00 0.000000000000000000e+00 0.000000000000000000e+00 1.000000000000000000e+00
-7.840427299999999655e-02 -9.968591799999999559e-01 -1.115957599999999918e-02 3.908737400000000139e+00 9.966601499999999669e-01 -7.863517200000000318e-02 2.202408000000000143e-02 2.695223000000000013e+01 -2.283244200000000140e-02 -9.395522700000000574e-03 9.996951600000000271e-01 -9.828484899999999358e-02 0.000000000000000000e+00 0.000000000000000000e+00 0.000000000000000000e+00 1.000000000000000000e+00
-7.840571200000000240e-02 -9.968474299999999788e-01 -1.215471700000000065e-02 3.834154100000000120e+00 9.965244199999999664e-01 -7.871275299999999642e-02 2.726505099999999848e-02 2.780760799999999833e+01 -2.813582800000000161e-02 -9.974736700000000345e-03 9.995543399999999856e-01 -1.071547600000000017e-01 0.000000000000000000e+00 0.000000000000000000e+00 0.000000000000000000e+00 1.000000000000000000e+00
-7.909198000000000617e-02 -9.967835600000000129e-01 -1.292283900000000020e-02 3.761886399999999853e+00 9.964462699999999673e-01 -7.942866699999999447e-02 2.803408900000000162e-02 2.864067299999999960e+01 -2.897036199999999950e-02 -1.065964299999999990e-02 9.995234299999999905e-01 -1.152286200000000038e-01 0.000000000000000000e+00 0.000000000000000000e+00 0.000000000000000000e+00 1.000000000000000000e+00
-7.919585399999999609e-02 -9.967434400000000361e-01 -1.518313699999999933e-02 3.686031400000000069e+00 9.965284599999999493e-01 -7.955264400000000569e-02 2.454390099999999991e-02 2.947955800000000082e+01 -2.567183099999999912e-02 -1.318665299999999957e-02 9.995834500000000400e-01 -1.261234300000000086e-01 0.000000000000000000e+00 0.000000000000000000e+00 0.000000000000000000e+00 1.000000000000000000e+00
-7.989077999999999458e-02 -9.966811199999999760e-01 -1.562732799999999936e-02 3.617197399999999785e+00 9.965361299999999645e-01 -8.022269999999999401e-02 2.191045999999999966e-02 3.030812099999999987e+01 -2.309140800000000077e-02 -1.382275399999999960e-02 9.996377899999999705e-01 -1.336643600000000098e-01 0.000000000000000000e+00 0.000000000000000000e+00 0.000000000000000000e+00 1.000000000000000000e+00
-8.021135499999999807e-02 -9.966228900000000390e-01 -1.757688899999999832e-02 3.542184400000000011e+00 9.964877199999999657e-01 -8.060098400000000052e-02 2.270906099999999914e-02 3.115339000000000169e+01 -2.404908399999999835e-02 -1.569362900000000061e-02 9.995875899999999703e-01 -1.473174800000000007e-01 0.000000000000000000e+00 0.000000000000000000e+00 0.000000000000000000e+00 1.000000000000000000e+00
-7.962227500000000624e-02 -9.966892299999999816e-01 -1.645813600000000168e-02 3.470886500000000208e+00 9.964766800000000035e-01 -8.002009300000000047e-02 2.511973799999999910e-02 3.198802900000000093e+01 -2.635355400000000126e-02 -1.440005800000000030e-02 9.995489600000000419e-01 -1.561130099999999965e-01 0.000000000000000000e+00 0.000000000000000000e+00 0.000000000000000000e+00 1.000000000000000000e+00
-7.970082100000000502e-02 -9.966727199999999565e-01 -1.706687000000000135e-02 3.395504199999999972e+00 9.965048499999999976e-01 -8.009373399999999976e-02 2.372934999999999975e-02 3.281792699999999741e+01 -2.501734499999999986e-02 -1.511596999999999941e-02 9.995727300000000204e-01 -1.631769999999999887e-01 0.000000000000000000e+00 0.000000000000000000e+00 0.000000000000000000e+00 1.000000000000000000e+00
-7.916365599999999891e-02 -9.966740499999999781e-01 -1.933773000000000089e-02 3.323366500000000112e+00 9.966540799999999978e-01 -7.952810899999999961e-02 1.886583299999999852e-02 3.364950600000000236e+01 -2.034097899999999862e-02 -1.777953900000000045e-02 9.996350000000000513e-01 -1.683807800000000077e-01 0.000000000000000000e+00 0.000000000000000000e+00 0.000000000000000000e+00 1.000000000000000000e+00
-7.926397899999999830e-02 -9.966082299999999838e-01 -2.211930599999999830e-02 3.249419800000000080e+00 9.967157399999999612e-01 -7.960259599999999769e-02 1.487147999999999942e-02 3.446935500000000019e+01 -1.658179400000000039e-02 -2.086788700000000163e-02 9.996447200000000421e-01 -1.686003299999999927e-01 0.000000000000000000e+00 0.000000000000000000e+00 0.000000000000000000e+00 1.000000000000000000e+00
-7.890855200000000680e-02 -9.966802099999999554e-01 -2.004972199999999899e-02 3.179832400000000003e+00 9.967342599999999830e-01 -7.922699299999999556e-02 1.561712099999999943e-02 3.530611700000000042e+01 -1.715375499999999970e-02 -1.875191999999999831e-02 9.996770000000000378e-01 -1.751437299999999975e-01 0.000000000000000000e+00 0.000000000000000000e+00 0.000000000000000000e+00 1.000000000000000000e+00
-7.767827400000000548e-02 -9.968043300000000162e-01 -1.863379999999999898e-02 3.108851800000000054e+00 9.967893599999999577e-01 -7.801400099999999949e-02 1.802196000000000006e-02 3.615239600000000308e+01 -1.941806500000000171e-02 -1.717405899999999846e-02 9.996639400000000286e-01 -1.748554300000000061e-01 0.000000000000000000e+00 0.000000000000000000e+00 0.000000000000000000e+00 1.000000000000000000e+00
-7.776055199999999668e-02 -9.967990399999999696e-01 -1.857333300000000090e-02 3.043898500000000062e+00 9.966797200000000467e-01 -7.817538500000000001e-02 2.276295600000000086e-02 3.697565800000000280e+01 -2.414207000000000158e-02 -1.674160400000000021e-02 9.995683499999999944e-01 -1.846262700000000090e-01 0.000000000000000000e+00 0.000000000000000000e+00 0.000000000000000000e+00 1.000000000000000000e+00
-7.651820400000000633e-02 -9.969089599999999551e-01 -1.781811700000000137e-02 2.974324300000000143e+00 9.966339400000000515e-01 -7.700002699999999867e-02 2.813862699999999939e-02 3.781979799999999869e+01 -2.942364499999999827e-02 -1.560502300000000085e-02 9.994452099999999728e-01 -1.961938699999999924e-01 0.000000000000000000e+00 0.000000000000000000e+00 0.000000000000000000e+00 1.000000000000000000e+00
-7.719797200000000359e-02 -9.968466599999999955e-01 -1.836327100000000045e-02 2.905460000000000154e+00 9.964853599999999867e-01 -7.774452599999999436e-02 3.118843500000000046e-02 3.865227099999999893e+01 -3.251773100000000111e-02 -1.589104699999999842e-02 9.993448200000000226e-01 -2.113361300000000109e-01 0.000000000000000000e+00 0.000000000000000000e+00 0.000000000000000000e+00 1.000000000000000000e+00
-7.686034199999999816e-02 -9.968953400000000187e-01 -1.709271299999999896e-02 2.837628500000000109e+00 9.965051799999999904e-01 -7.737009899999999774e-02 3.148493299999999967e-02 3.947953799999999802e+01 -3.270964800000000089e-02 -1.461303400000000044e-02 9.993580600000000480e-01 -2.218694099999999891e-01 0.000000000000000000e+00 0.000000000000000000e+00 0.000000000000000000e+00 1.000000000000000000e+00
-7.664358999999999755e-02 -9.968936499999999645e-01 -1.813325799999999932e-02 2.769137399999999971e+00 9.966475500000000487e-01 -7.712146599999999963e-02 2.731184199999999937e-02 4.031372600000000261e+01 -2.862546499999999924e-02 -1.597919000000000075e-02 9.994624800000000420e-01 -2.317009800000000008e-01 0.000000000000000000e+00 0.000000000000000000e+00 0.000000000000000000e+00 1.000000000000000000e+00
-7.637726599999999921e-02 -9.968991299999999667e-01 -1.893765299999999874e-02 2.697038399999999836e+00 9.967734700000000503e-01 -7.681024000000000185e-02 2.329901300000000036e-02 4.113936400000000049e+01 -2.468137100000000056e-02 -1.709703500000000001e-02 9.995491600000000476e-01 -2.391665900000000122e-01 0.000000000000000000e+00 0.000000000000000000e+00 0.000000000000000000e+00 1.000000000000000000e+00
-7.591895199999999788e-02 -9.968667799999999524e-01 -2.220208499999999988e-02 2.623762699999999892e+00 9.968694200000000061e-01 -7.637464600000000436e-02 2.045150100000000040e-02 4.196431499999999915e+01 -2.208309799999999892e-02 -2.057992299999999997e-02 9.995443000000000522e-01 -2.491151400000000127e-01 0.000000000000000000e+00 0.000000000000000000e+00 0.000000000000000000e+00 1.000000000000000000e+00
-7.669102299999999706e-02 -9.967219099999999887e-01 -2.576675900000000019e-02 2.549379200000000179e+00 9.968468999999999802e-01 -7.717726900000000667e-02 1.843718700000000071e-02 4.278218199999999882e+01 -2.036535600000000112e-02 -2.427154700000000095e-02 9.994979499999999684e-01 -2.622178000000000009e-01 0.000000000000000000e+00 0.000000000000000000e+00 0.000000000000000000e+00 1.000000000000000000e+00
-7.744821699999999975e-02 -9.967615199999999565e-01 -2.163895399999999844e-02 2.482386400000000215e+00 9.968329500000000509e-01 -7.781024300000000116e-02 1.642049099999999887e-02 4.360242800000000329e+01 -1.805104600000000115e-02 -2.029868400000000087e-02 9.996309899999999971e-01 -2.661502000000000034e-01 0.000000000000000000e+00 0.000000000000000000e+00 0.000000000000000000e+00 1.000000000000000000e+00
-7.860018300000000402e-02 -9.967079899999999881e-01 -1.987927299999999939e-02 2.419959400000000205e+00 9.967980199999999513e-01 -7.886981499999999590e-02 1.316288200000000075e-02 4.442245100000000235e+01 -1.468742500000000048e-02 -1.878101500000000160e-02 9.997157399999999638e-01 -2.653573300000000024e-01 0.000000000000000000e+00 0.000000000000000000e+00 0.000000000000000000e+00 1.000000000000000000e+00
-7.961849000000000010e-02 -9.966919600000000434e-01 -1.631062000000000137e-02 2.355213500000000071e+00 9.967408500000000116e-01 -7.981419800000000286e-02 1.172041799999999981e-02 4.524968299999999743e+01 -1.298346499999999959e-02 -1.532429899999999956e-02 9.997982800000000392e-01 -2.642954800000000271e-01 0.000000000000000000e+00 0.000000000000000000e+00 0.000000000000000000e+00 1.000000000000000000e+00
-8.098359600000000491e-02 -9.965953199999999512e-01 -1.547348299999999968e-02 2.287411800000000106e+00 9.965868300000000346e-01 -8.121276800000000462e-02 1.480463700000000070e-02 4.607117300000000171e+01 -1.601087600000000027e-02 -1.422173699999999992e-02 9.997706699999999724e-01 -2.656314100000000122e-01 0.000000000000000000e+00 0.000000000000000000e+00 0.000000000000000000e+00 1.000000000000000000e+00
-8.314549599999999929e-02 -9.964480799999999583e-01 -1.334352599999999965e-02 2.216776400000000091e+00 9.962978099999999504e-01 -8.341166199999999753e-02 2.081269900000000048e-02 4.689252799999999866e+01 -2.185178000000000120e-02 -1.156364300000000019e-02 9.996943400000000146e-01 -2.691950100000000123e-01 0.000000000000000000e+00 0.000000000000000000e+00 0.000000000000000000e+00 1.000000000000000000e+00
-8.469958599999999338e-02 -9.963554900000000103e-01 -1.008593099999999937e-02 2.147548299999999966e+00 9.960854799999999676e-01 -8.492489599999999972e-02 2.452510299999999949e-02 4.770836200000000105e+01 -2.529226799999999969e-02 -7.969182899999999875e-03 9.996483299999999739e-01 -2.737094700000000103e-01 0.000000000000000000e+00 0.000000000000000000e+00 0.000000000000000000e+00 1.000000000000000000e+00
-8.626081300000000562e-02 -9.962045600000000167e-01 -1.164252600000000026e-02 2.074452700000000149e+00 9.959590200000000282e-01 -8.652094999999999925e-02 2.407810900000000032e-02 4.851392500000000041e+01 -2.499404499999999946e-02 -9.518481500000000248e-03 9.996422799999999942e-01 -2.771172399999999869e-01 0.000000000000000000e+00 0.000000000000000000e+00 0.000000000000000000e+00 1.000000000000000000e+00
-8.735964100000000176e-02 -9.960648899999999806e-01 -1.493439600000000082e-02 1.992868599999999990e+00 9.959463299999999908e-01 -8.765210099999999616e-02 2.019942300000000107e-02 4.931653599999999926e+01 -2.142896700000000015e-02 -1.310924200000000012e-02 9.996844200000000180e-01 -2.807219799999999821e-01 0.000000000000000000e+00 0.000000000000000000e+00 0.000000000000000000e+00 1.000000000000000000e+00
