1.0 -3.3060500841676016e-19 -2.270457535318767e-19 -8.673617379884035e-19 7.546676715296109e-19 1.0 6.23777358882305e-19 1.3877787807814457e-17 -3.4473856805262506e-20 4.77070017605201e-20 1.0000000000000002 5.551115123125783e-17
0.9999789094064382 0.00042707313419400284 -0.006480858548575369 -0.009333913446905776 -0.00042572034966201607 0.9999998834069868 0.00021013135163146305 8.528927650700013e-05 0.006480948098000059 -0.00020736794604419589 0.9999789771865752 0.09733094553850835
0.9999097909872182 0.0009518298842718243 -0.013397754057302112 -0.01471557235197722 -0.0009472070508502259 0.9999994897436756 0.00035138851507780523 -0.0024915812140428456 0.01339808288485168 -0.0003386664588059976 0.9999101892691065 0.18836310613712914
0.9997733309895684 0.0013956241868775092 -0.021244816209103953 -0.029848564340751078 -0.0013949673152630372 0.9999990262124875 4.574373159220284e-05 -0.00538008300945797 0.021244861237450605 -1.6097557398852903e-05 0.9997743027979442 0.29147516612130625
0.9995429005403537 0.0018307138730103115 -0.03017676861718922 -0.04378745246335254 -0.0018748903182491347 0.9999972105523618 -0.0014356877666422245 -0.006314456435764865 0.030174058505356254 0.0014916096448672842 0.9995435489072848 0.39414332230860805
0.9991326839118366 0.00205737022949588 -0.04158899798915929 -0.058668096221382554 -0.0021945207945996267 0.9999923004329306 -0.0032523731566894056 -0.006258375152601817 0.04158199016111742 0.003340820254918107 0.9991295056552331 0.5119839636764532
0.9984716156076874 0.0019669344860502543 -0.05523195372616188 -0.0839077654274665 -0.0021996238838901286 0.9999889556230466 -0.004152469068471217 -0.008119259162028589 0.055223181475840336 0.00426761193172756 0.9984649187692665 0.6369980387068478
0.997470386250174 0.0019268564975064065 -0.07105713318858771 -0.10583676698545064 -0.0022209666314180936 0.999989285927111 -0.0040602857771804566 -0.008964673824310695 0.07104855477413975 0.004207830292853343 0.9974639878227154 0.7723544283862154
0.9959614126068734 0.0008224886925320866 -0.08977855986606702 -0.14018685022726182 -0.0012044320020854955 0.9999904494831469 -0.004200187516993507 -0.00839215161566842 0.08977425578104585 0.004291356767693977 0.9959528979099801 0.9200693433943333
0.9939522587755084 -9.36177383576993e-05 -0.10981300182809443 -0.17270617742765523 -0.0003610555977375174 0.9999914453191631 -0.004120540663560823 -0.014320795502478334 0.10981246025395218 0.0041352692459239015 0.9939437259053289 1.084224684168043
0.9912733762525359 -7.729868111334901e-06 -0.13182222196350646 -0.2158722442438324 -0.0005836376845014228 0.9999899384541311 -0.0044474608535907435 -0.020284173164816746 0.13182094273118697 0.00448558587280556 0.9912633952933334 1.2469399193448556
0.9877664390128064 0.0033127748322630242 -0.1559053614657604 -0.2758646791325017 -0.00427787025116548 0.9999737078297908 -0.005855146345112096 -0.02807434004881562 0.15588188133339226 0.006450460031271569 0.9877546431574031 1.4267341509773077
0.9833580922997887 0.007121727425673493 -0.18153828519509424 -0.3401318147086206 -0.008643569021805325 0.9999338174584793 -0.007593257921844235 -0.03207139827048236 0.18147220216409374 0.009036030230433877 0.9833545602417324 1.6009698137620507
0.9779800866716964 0.010813848489084423 -0.20841789160769425 -0.41531302339289533 -0.01279126185558802 0.9998850398047623 -0.00814226284139609 -0.038693511853974585 0.20830589682179523 0.010628898459269199 0.9780059735235413 1.7831624104445387
0.9712838226282008 0.011634247943190115 -0.23763917251772804 -0.49431912111018195 -0.014007706612723905 0.9998674259551011 -0.008301459993030396 -0.045249079471479756 0.23751110951507629 0.011391853126584885 0.9713180214166984 1.9746170689045923
0.963240989942819 0.01352554508255441 -0.2682980657358945 -0.5790592059142556 -0.016201250135773122 0.9998386239766826 -0.007761313760320971 -0.050119409737432674 0.268149816875503 0.011822779231582736 0.9633046760804986 2.1604080775376246
0.9538199232640779 0.015578746367895012 -0.29997475413345664 -0.6794067325530474 -0.01846217498710169 0.9998065675806493 -0.006780091418140351 -0.05411459702646594 0.2998111241339331 0.012005172274454004 0.9539230391552731 2.3549960965483914
0.9426006369021359 0.01810604816667186 -0.3334309359377684 -0.7894242382857585 -0.021108316673034828 0.9997627050095534 -0.005383305476501276 -0.060317597532271436 0.333254371084941 0.01211247307548891 0.9427591480883111 2.5507118018322297
0.9301268708701831 0.020316547730665088 -0.3666759163428326 -0.8928009302038269 -0.023839126956274045 0.9997029000484414 -0.005080506905761491 -0.06003716348237581 0.36646378493380044 0.01346674994123853 0.9303348590813759 2.7305188216251013
0.9162708405379689 0.02341033954260486 -0.3998745820787191 -1.0342175540365097 -0.027391612633799287 0.9996157707955065 -0.004243303135321536 -0.06061642894152845 0.39962163818971375 0.01484122435146295 0.916560038666525 2.9250238528654493
0.9004342852234242 0.023987281786271835 -0.43433017476475905 -1.1593074186982149 -0.028412635040296973 0.9995894425725672 -0.003698282022486279 -0.05835435421505074 0.43406318104777125 0.015670525117933536 0.9007461422040088 3.118903393305758
0.8821938102972363 0.019780793496332685 -0.4704708164894586 -1.2952503833942457 -0.024774897192352024 0.999683257832004 -0.004424783426484947 -0.05746221990331675 0.4702343175437571 0.015559382143601991 0.88240445187076 3.296895215998829
0.8610746834175331 0.01581838211617024 -0.5082323650292702 -1.4503617358063665 -0.02105252066159154 0.9997680169653822 -0.004551222391773154 -0.06630859738036612 0.5080425200757293 0.014618514154182666 0.8612079496170849 3.4958066622355184
0.8363796974601895 0.01756448666996246 -0.5478690225038831 -1.6132914385196533 -0.021804003703458395 0.9997615038965926 -0.0012341036008430776 -0.07423464461402272 0.5477167348286579 0.012977917170963462 0.8365631986432183 3.6682896000462692
0.8076595118560774 0.022474078478679778 -0.589220664133751 -1.822803060531517 -0.02602525849154283 0.9996582685099892 0.0024555351316875237 -0.07556245955590828 0.5890745439511766 0.013351383303999551 0.8079684096339337 3.8520295004330345
0.7755576564256852 0.02593287860621884 -0.6307438306112368 -2.028433538524123 -0.029659272296028546 0.9995493539461818 0.004627422072631863 -0.07959137599503736 0.630579642898265 0.015118570292826242 0.7759773096281334 4.017452325504468
0.7400181901802528 0.02553665684730766 -0.6721018706989461 -2.2253991711642613 -0.029841845784658583 0.9995415179340286 0.005120416964308179 -0.07391021954210657 0.6719245330632703 0.01626755804771304 0.740440961885719 4.163595377221847
0.7008463056521639 0.021987517300545135 -0.712973324074843 -2.472690053954051 -0.02445371647937768 0.9996778940247429 0.00679147255173146 -0.08426129380629406 0.712893061320289 0.012675068393869319 0.7011582403230934 4.335708441838526
0.6586132210592133 0.018679737925818084 -0.7522497260479926 -2.707923541466884 -0.019575511055610735 0.9997788306457067 0.007687496225140205 -0.08407326216950259 0.7522270124272848 0.00966258552214118 0.6588332182950803 4.4903286729540834
0.6144938102381943 0.01841544504794163 -0.7887066455652275 -2.951810082207022 -0.01716722571376533 0.9998029346092523 0.009969057116317312 -0.08335919635837938 0.7887348700553469 0.00741398072773233 0.6146888651525535 4.626470374850917
0.5666330499343052 0.01900825813860728 -0.8237509446080585 -3.257158066097549 -0.015034780345191996 0.999805950984309 0.012728805364497808 -0.07816193074959771 0.8238331190179444 0.005172352553444295 0.5668088790813859 4.772529311685128
0.5159026297086898 0.020188852455223717 -0.8564092667107926 -3.556292299161996 -0.013834725645157905 0.9997882293616412 0.015234778985244335 -0.08225130645385723 0.8565355391450332 0.003988524261315789 0.5160726809296692 4.887790460888589
0.4639518459192505 0.02163825913843174 -0.8855960712449668 -3.849649891502611 -0.013090622619746844 0.9997599458685564 0.01756968654155071 -0.07151734455409754 0.8857637329425609 0.0034415148574343376 0.4641237282121934 4.988174947180799
0.40977229987243374 0.023684424223230367 -0.9118802783247264 -4.206068155934189 -0.011830693048394323 0.9997167740402713 0.02064944860284781 -0.06549276561466816 0.9121111549526636 0.0023266031710147007 0.40993644608729507 5.076479972845074
0.3547857394169519 0.02593810803008522 -0.9345877249143386 -4.529746561479787 -0.011571533810837328 0.9996603454540702 0.023351347056755557 -0.05436166608808446 0.934876061976573 0.002529888019082861 0.3549653751289782 5.125548643874601
0.2997145431928446 0.028919674908365327 -0.953590459569546 -4.919521832644777 -0.009516757197617558 0.9995813447072556 0.027323319410095533 -0.0494148830280578 0.953981500290414 0.0008858920528900709 0.29986429209989995 5.192182780130416
0.24593702587642882 0.030842940012184947 -0.9687949282679562 -5.299823841979199 -0.005318227180659035 0.9995214959938099 0.030471083349381915 -0.04366837423559691 0.9692712635735464 -0.002341697080136795 0.24598337812976137 5.243763417532125
0.19487961703090528 0.032058396045845365 -0.9803030737468137 -5.678599177959084 -0.002945811703030658 0.9994803266951686 0.032099925920461625 -0.046175759982716905 0.9808227898750725 -0.003367833764167897 0.19487278627392618 5.282378913815509
0.14760514982834985 0.0327738011793801 -0.9885031694455217 -6.107118773398929 -0.004704826277921205 0.9994627891265692 0.0324346321532731 -0.03449321460746706 0.9890352231681551 -0.00013678388603900022 0.14768005104508114 5.29002977388358
0.10469104342597257 0.03284152322749183 -0.993962344420233 -6.527167219483809 -0.007005901648735142 0.9994541491691449 0.032285066338216914 -0.016196508209850385 0.9944801571811033 0.003583644468345153 0.1048639774048827 5.297934781342492
0.06642472824740614 0.03130922950421721 -0.9973000589284353 -6.9908518513284665 -0.008310476297239631 0.9994902685927642 0.03082447253174851 -0.0049294215664801855 0.9977568697744561 0.006240530767582162 0.06665106515982976 5.2785630859292265
0.03174445072099789 0.02896824405889005 -0.9990761012987041 -7.449532951342886 -0.007440023618802051 0.9995590610570848 0.028745847745593932 0.003503363176816543 0.999468369935233 0.006520627923602826 0.03194597922191752 5.260497806389826
0.0007207156885934733 0.02640402592968382 -0.9996510488836731 -7.915124253641423 -0.007099673196968499 0.999626293887661 0.02639825206757866 0.006045972514855447 0.9999745760050163 0.007078169560511687 0.0009079078337457564 5.238380606445427
-0.026464070659272358 0.024388707194160367 -0.9993521669373293 -8.405075518467171 -0.007331474663577473 0.9996707218785836 0.024590626237359785 0.01727812908608367 0.9996229230884804 0.00797749261055634 -0.026276550219311204 5.194403022519272
-0.04724355454743673 0.022107397809417815 -0.9986386828974395 -8.90343075208377 -0.008126432846656664 0.9997134646575304 0.02251563421424799 0.025808605097495996 0.9988503870633554 0.009179088414340307 -0.04705036211009352 5.144427249578732
-0.06382993932619124 0.021104847410076122 -0.9977375600773495 -9.437480265380191 -0.00766929575270952 0.9997364565863823 0.021637768852538798 0.042101556897271665 0.9979313591931327 0.009033081052320646 -0.06365125626019102 5.095226978393061
-0.07696383343635539 0.021815632625189006 -0.9967951472653627 -9.977085865034372 -0.006778759284048166 0.999726036634153 0.022403172726198357 0.04775007711094864 0.9970108797944602 0.008481267883207695 -0.07679486419779755 5.036401644314042
-0.0861948072403712 0.02313711857771568 -0.9960095567961913 -10.534412806854975 -0.007167092475355477 0.9996900251800228 0.023842854875456714 0.05441992320004817 0.9962525627522983 0.009193621946353349 -0.08600226093965142 4.968802663116733
-0.0937996300181127 0.024254306963789694 -0.9952955682854783 -11.109054724707486 -0.00893743873634806 0.9996424095284354 0.025202524643761118 0.06304329484777803 0.9955510245560749 0.011259379339793915 -0.09354931551032261 4.900122542448126
-0.09778904774033932 0.02519856712966366 -0.9948880634193676 -11.69094666481149 -0.008695913318546659 0.9996195984449414 0.026173140525093144 0.07632551682474943 0.9951692187024994 0.011210906760992992 -0.09753272270460199 4.829426475766181
-0.09957570004746667 0.025966038196441586 -0.9946910908336639 -12.293138415805148 -0.007829664086360854 0.9996080514480009 0.026878196830393396 0.08599397207087049 0.9949992237303731 0.010464511072893371 -0.09933336440053415 4.758831787391478
-0.09841596566878759 0.028117416449032262 -0.9947480237118952 -12.909335674218415 -0.005637038399292029 0.9995689716260003 0.02881138680388871 0.10293994303745932 0.9951294425664199 0.008442932704026867 -0.09821504495721259 4.684758100422851
-0.09694277344614066 0.030619441904755254 -0.9948188077316376 -13.542621780652093 -0.00524955889907607 0.9994970344098497 0.031274987585187326 0.12009419894454171 0.9952761593018354 0.008254243392986471 -0.09673327396370897 4.6082856952922535
-0.09493429146964542 0.030670237768840803 -0.9950109193980826 -14.187252709241566 -0.006264585539819842 0.9994870793287478 0.03140591562895617 0.1374498455452143 0.9954638745480197 0.009214828454963114 -0.09469345985910237 4.524073313696984
-0.09303814910441476 0.028272189344445007 -0.9952610258733349 -14.84469789537882 -0.010280508959906237 0.999516208497203 0.029354097283481248 0.15954694235212358 0.9956095096536793 0.012962840257855693 -0.09270248339278823 4.428627581007864
-0.09147791805191426 0.028139119701978365 -0.9954094146960573 -15.518266678650166 -0.008856046048618074 0.9995381578913219 0.029069701530952688 0.18862866165815606 0.9957677666014236 0.011474627262245178 -0.09118646683940758 4.32371082291973
-0.08912885639898768 0.03079400656989297 -0.9955439135600331 -16.194668285706932 -0.009937471336513189 0.9994447159926978 0.03180434348698491 0.2304023551925508 0.9959705735336309 0.012727873900718688 -0.08877334859370989 4.208183107987816
-0.08764426118596062 0.03431589310978229 -0.9955605563783185 -16.917333485769944 -0.00947952302677712 0.9993324898558751 0.035280436499637184 0.24872304390787559 0.9961067728367494 0.012529567208528328 -0.08726045866991441 4.135988807324202
-0.08563785671594655 0.03623138802678445 -0.9956672977645504 -17.6360927856622 -0.00839413195222591 0.9992768696697074 0.03708471945611131 0.26892605882229464 0.9962910106757614 0.01153361768540394 -0.08527179595376085 4.063545207971964
-0.08423399084950177 0.035786297868892925 -0.995803142928264 -18.38353271481469 -0.011672534185814628 0.9992508820646904 0.03689756625196596 0.2858664687460608 0.9963776778265945 0.01473157475298208 -0.08375317121518853 3.988530163484761
-0.08228519026028373 0.03317564265227295 -0.996056446690146 -19.12933165710799 -0.013471992663971952 0.9993174347685037 0.03439718931654636 0.29798498472552404 0.9965178097691021 0.016249244082186518 -0.08178208150821986 3.911792543421712
-0.08053669691871516 0.03232740449724987 -0.9962272277059048 -19.88827062905826 -0.015643854619746846 0.999309817870236 0.033692107898132914 0.3171238451147691 0.9966289183513259 0.018298284552251243 -0.07997538495152075 3.8423796959684138
-0.07951095695499844 0.0343870609292291 -0.9962406631383053 -20.679834628711628 -0.012220451260284274 0.9992960983456063 0.035467849442115174 0.3392021778288605 0.9967591212545027 0.014994592300641915 -0.07903476239060776 3.777354151039106
-0.07778330876254573 0.036455340415771885 -0.9963035114226227 -21.46043320820155 -0.012110888657225488 0.9992229530802954 0.03750768308259876 0.35263846828927725 0.996896770809061 0.014983592275433964 -0.07728135831774954 3.708581750474049
-0.07696666435427309 0.03824338657912773 -0.9962998996435545 -22.26867115526787 -0.00797404942534145 0.999208525662382 0.03897104926884748 0.37354875256765663 0.9970018227261901 0.01094401548119553 -0.07660079030810886 3.6442750886464155
-0.0762413971754001 0.03402323708069634 -0.9965086998680791 -23.06387763758867 -0.008260138547537602 0.9993618046927407 0.03475261830021713 0.3861030869772397 0.9970552114940694 0.010880887777496021 -0.07591170251734058 3.574080412729678
-0.07614008178901135 0.027189922701185795 -0.99672630058809 -23.864290387159116 -0.010834125990957037 0.999546555406297 0.02809447615437697 0.3969703522700755 0.9970383095516531 0.01293777397143551 -0.07581097661728556 3.508541049095434
-0.07609056786736368 0.02244833053296646 -0.9968481416655754 -24.681548378983273 -0.00756647409861388 0.9997047473774332 0.023090215664560137 0.4088884917187558 0.9970722395573511 0.009299572937967163 -0.07589824651006948 3.4417907732652986
-0.07670176228836849 0.023454441226086264 -0.996778132873489 -25.511361444032268 -0.008166183899112138 0.9996749697813828 0.024150988301457378 0.42275958588370277 0.9970206810081591 0.009992295859758788 -0.07648529749301429 3.3668574690182047
-0.07666185860460353 0.030345722240561677 -0.9965952118621124 -26.3443368713573 -0.006741343728394199 0.9994981174376425 0.030952682020820098 0.4353127626066665 0.9970344022889327 0.00909128077186905 -0.0764188108330388 3.290831774318253
-0.07667878537393404 0.03737736416584448 -0.9963549648351958 -27.180287343679502 -0.007207650547997526 0.9992502006597852 0.03804066993987789 0.4533474428565202 0.9970298371333831 0.010098290687758475 -0.07635188628585109 3.2102924522008895
-0.0765851709549488 0.04261576531522604 -0.9961518604250443 -28.01938947798545 -0.007998296336706153 0.999027765122124 0.04335371320223933 0.4820560427604147 0.997031001481363 0.011287768230476163 -0.07616985716717521 3.114751682206092
-0.07689972183035101 0.04341807677580298 -0.9960929771428998 -28.840699987147712 -0.00896038314413375 0.9989809340673299 0.04423570961781746 0.505185330201191 0.9969986128786915 0.01232708860201828 -0.07643231123697877 3.0192017834280334
-0.07689364470975604 0.0398782164031656 -0.9962414458000676 -29.67214004126835 -0.010922767212868596 0.9991061557195791 0.04083594513657544 0.5252408571646326 0.9969795076911875 0.01402173775842546 -0.076389332009823 2.944068003178339
-0.07749596826700558 0.03747131498496832 -0.9962882104941981 -30.497163735916338 -0.011999385973716775 0.9991860231961166 0.03851367161117752 0.5401404880025555 0.996920493934382 0.014939500297055399 -0.07698325392911103 2.8701174902262387
-0.07759529224327884 0.03821856121575143 -0.9962520946801162 -31.33204672382454 -0.01384564638178986 0.9991273041734794 0.03940725808990373 0.5616332368562618 0.9968888367748903 0.01685157182970965 -0.07699841293020047 2.7931214537743525
-0.07753089067372916 0.04053405176880633 -0.9961655814387538 -32.17939227130743 -0.01245583612514617 0.9990558277975378 0.04162108300503606 0.582761533288843 0.9969121828935494 0.015634994914745126 -0.07695280012380853 2.7221269439256206
-0.07760001501572263 0.039077017101057744 -0.9962184238842454 -33.00636465390254 -0.01321496115893131 0.9991034755227648 0.040219555858385575 0.5956967801558448 0.9968970287393621 0.01628602608752324 -0.07701404150704215 2.6464239692283225
-0.07708969512912046 0.03445123510755202 -0.9964287228205941 -33.84111740556132 -0.014718564080789389 0.9992545965034001 0.035687653437151884 0.6050369378580188 0.9969155549192171 0.017417149789999153 -0.07652515837427959 2.57272918229905
-0.07700181989528655 0.030297795751590847 -0.9965704566141963 -34.66228209139513 -0.01762634061415451 0.9993405974073235 0.03174394343350541 0.6156333693973082 0.9968751742593525 0.020010232170491526 -0.0764170035120368 2.498769599741006
-0.0767423691738123 0.030758799285544498 -0.9965763456742378 -35.48971624974648 -0.017070366946707334 0.9993369946524141 0.03215852493939587 0.6317716972843863 0.9969048565263675 0.019479845615098093 -0.07616642347860178 2.426202433612289
-0.07562381824533988 0.033191233368068944 -0.9965838117937412 -36.33872133024135 -0.014248038265360695 0.9993078416623368 0.03436313998967649 0.6399755063326841 0.9970346638482475 0.01679803601934184 -0.07509856341699682 2.3546616680004213
-0.07565657706117426 0.0380073154385418 -0.9964092767382372 -37.16048313478445 -0.015349289282899138 0.9991105097194029 0.03927580922953917 0.6591472948313356 0.9970158301957847 0.018265646921656737 -0.07500589465822854 2.286478829401839
-0.0744883483285032 0.04334409798840237 -0.9962794204123973 -38.00940873692637 -0.012952467343964342 0.9989286313240732 0.044427763366694684 0.6804723075068326 0.9971378077603515 0.016213627437322173 -0.07384712899556986 2.2180903851546736
-0.07500341522925383 0.04667356538844342 -0.9960903498991149 -38.82736012602501 -0.014151749022075256 0.9987536123954395 0.04786395020636118 0.7012981177522355 0.9970828996121168 0.017686380745703677 -0.07424941716618556 2.143353877637779
-0.07459631706205963 0.04655993817384732 -0.9961262313636572 -39.662979748581336 -0.012937771220162238 0.9987801695365905 0.047652847469350744 0.7259084725641266 0.9971299224976192 0.01644238026362158 -0.07390293847453089 2.072742728446204
-0.0739814357890857 0.04255271046385609 -0.9963513059585025 -40.48174899736797 -0.013109488851854194 0.9989614141575344 0.04363759244413918 0.7430157699739088 0.9971734961473901 0.016290028475510206 -0.0733467543684485 1.999570364557105
-0.07389068163255759 0.03841985275413757 -0.9965259633667811 -41.295010472178646 -0.015302473734680223 0.9990963020594713 0.039653599440562 0.7642877697069204 0.9971489798065517 0.018179343009109946 -0.0732359864269136 1.917028532729128
-0.0728954465830865 0.035522356437948974 -0.9967067419118579 -42.14364947102102 -0.018179471999801525 0.9991521417212896 0.03693908801901235 0.7794179635779482 0.9971739288622358 0.02081229315266131 -0.072187863138203 1.8561496677999345
-0.07393584328275712 0.033490710630977305 -0.9967004484642189 -42.96735346649157 -0.022356171336104184 0.9991291235972078 0.035230710505820266 0.7999406760905872 0.9970124262376355 0.024887217594397725 -0.07312272831445059 1.7847032328430894
-0.07422406089920343 0.03151688086770005 -0.9967433977217434 -43.80418030562816 -0.018548474932191538 0.9992839319282615 0.03297845264613585 0.8086592497406083 0.9970691195869535 0.020935863803154365 -0.07358632002905802 1.7210209839657649
-0.07545116693280968 0.02807488095727873 -0.9967541552649752 -44.633916452552086 -0.01648499748316908 0.9994318387805081 0.029398161892114125 0.8150707777708962 0.9970132683981863 0.018649614838880706 -0.07494548284769832 1.6655541861801226
-0.07617100929740496 0.026987355574359603 -0.996729438694184 -45.46224587809288 -0.013083341019910094 0.9995205392983436 0.02806276696352344 0.8208977610656001 0.9970089718731293 0.01517812039660923 -0.07578140200093861 1.604965115645961
-0.07749969899219862 0.02977475309538106 -0.9965476300299945 -46.284607095721796 -0.011891192147073034 0.999455252513354 0.030786381699199557 0.8336111553551413 0.9969215012781194 0.014236074811292573 -0.07710342252115537 1.5419440875256547
-0.07949322512070649 0.03578909261414456 -0.9961926988199239 -47.114587520766534 -0.007762451338833536 0.9993027628280489 0.03652024333786855 0.8445558239865977 0.9968052235425434 0.01063600828930713 -0.0791599877073423 1.4784581291114494
-0.08128614653354187 0.03940687293702917 -0.9959114257855911 -47.942271085557934 -0.0060796787966497555 0.9991798866986487 0.040032421512524015 0.8572921649205557 0.9966723065285993 0.009308902434818031 -0.08097990016510673 1.4109060325099505
-0.08253887148178198 0.03906498781313968 -0.9958218643402583 -48.74638149708494 -0.006825087436984179 0.9991858452890011 0.03976265004483783 0.8673409049108614 0.9965645128415107 0.01007853501019036 -0.0822050488072191 1.3449388082803766
-0.08396689422260356 0.035335090486325216 -0.9958418080086533 -49.56144769162359 -0.009840272114088423 0.9992929490005649 0.03628725153108082 0.8783577913018903 0.9964200001612403 0.012846281628619331 -0.08355981677796116 1.2673649746450915
-0.08503006353263608 0.03157262251223062 -0.995877991158597 -50.37571750356387 -0.016311705611229046 0.9993197726444368 0.03307446307177756 0.8911959381394712 0.9962449046736626 0.01905679165353868 -0.08445721911180061 1.19225408258985
-0.08631741319149089 0.030020669549462763 -0.9958152321032121 -51.16698806716619 -0.019786974569353424 0.9992970719848696 0.03184077241663909 0.9032155143874836 0.9960712177604257 0.022452583072943642 -0.0856627187933786 1.119435431653035
-0.08757103894486166 0.03104412593207593 -0.995674390456304 -51.97718749237648 -0.021111001131777652 0.9992319747606857 0.03301179043115028 0.9138343631991821 0.9959346019950364 0.023910559380245774 -0.08684840881582397 1.0451610628713044
-0.08850213741831492 0.03231669875039782 -0.9955515635965322 -52.78587539697498 -0.021361621041972974 0.9991821099761506 0.034333544810351925 0.9232033803173683 0.9958469485667217 0.02430518713683588 -0.08773941355783559 0.9868672080241546
-0.0898622042876978 0.03223995729130063 -0.9954322154788666 -53.59262230409015 -0.022178173201866186 0.9991633101239356 0.034362923513110676 0.9307452405690255 0.9957072819103079 0.025164795415777968 -0.08907199283623768 0.9216030349465145
-0.09053520622731291 0.032056343486069096 -0.9953771606189555 -54.37565255357519 -0.0235615577153575 0.9991331113835565 0.03432035989685386 0.9400365484697231 0.9956145432279787 0.02655983699290475 -0.08970142215624355 0.8457746018758189
-0.09057913245803322 0.033657394800772 -0.9953203059263044 -55.152669530746365 -0.022894009599577533 0.9990942466914862 0.0358684808386565 0.9502949152403297 0.9956261212474561 0.026035808422536614 -0.08972653523345288 0.7755030083714127
-0.09108512188152852 0.036396391365187145 -0.9951777370372394 -55.932139234631734 -0.021734006564441345 0.9990212047781228 0.038526192254557896 0.961352447437575 0.9956059506045819 0.02513836208737029 -0.09020492689659419 0.6995167620640407
-0.09112311554369833 0.04074483822182959 -0.9950057076053349 -56.697458811816354 -0.02055516651897634 0.9988727975248691 0.042785643466491434 0.9769784374723305 0.9956275175035368 0.02435126883325492 -0.09018288298117066 0.6259448309206124
-0.09149946714684722 0.042901176725164414 -0.9948805226682724 -57.47717717856223 -0.020476032829428947 0.9987792587909899 0.04495248228221569 0.9924993959632591 0.995594628562127 0.024484333669668772 -0.09050932264414274 0.5473325881569165
-0.09225987084222946 0.04295977239809721 -0.9948077629073356 -58.23089378339615 -0.020234381978203268 0.9987816821039873 0.0450079452080288 1.0054470565268858 0.9955293954060745 0.024281747396512808 -0.09127820326175778 0.47616714975627905
-0.09221376649521361 0.04130756039800232 -0.9948820178029605 -58.969904968323746 -0.018945441075606775 0.9988855045342568 0.04322980121222675 1.0194834397384125 0.9955590256884279 0.02283486084169789 -0.0913284030390432 0.408424338446593
-0.09267768303127664 0.03781057367223386 -0.9949779513285236 -59.715726125299526 -0.019466937821934985 0.999018917532018 0.03977739091207783 1.0316562529680378 0.9955058862610701 0.023055649666284688 -0.09185070150074119 0.33303319900011497
-0.0923475633745179 0.034603856733401245 -0.9951253299480026 -60.43069794484124 -0.019805136924750215 0.9991344130991827 0.03658117956295271 1.0443639541159404 0.9955298889829425 0.02308677603698035 -0.09158229372466482 0.26079949218684706
-0.09094157705917985 0.03244521525546543 -0.9953275084810534 -61.14921794493383 -0.02168533281867367 0.9991676155427157 0.03455174818838594 1.0527859941197164 0.9956201423976874 0.024726198209670116 -0.09016229148353591 0.18644680279643702
-0.0890166676496633 0.031639217623616885 -0.9955274489521215 -61.84612736237621 -0.023342393587589334 0.9991545832295624 0.03384168801130997 1.0603219857535096 0.9957566251732514 0.02625046789914648 -0.08820287457989899 0.1205545492994247
-0.08468381367715298 0.03255022353154633 -0.9958760236523739 -62.51972989184618 -0.02345068682047513 0.9991243213985465 0.03465050972542377 1.067988890068368 0.996131918939466 0.026288313258110665 -0.08384633072139332 0.06459476159253089
-0.07915383857299252 0.033971514618435956 -0.9962833560521167 -63.18854507549954 -0.02364124406739394 0.9990741021545626 0.03594494847019043 1.0752950535113117 0.9965820805697898 0.026398558514636454 -0.07827741958157002 0.007475237942208314
-0.07183656034085134 0.03546811674352689 -0.9967855527319115 -63.83786949001158 -0.022674847755943976 0.9990511926141511 0.03718286756575398 1.0838326292392075 0.9971586852941946 0.025273049086630656 -0.07096416527329968 -0.03348126523683595
-0.06278176794258636 0.036880336078294884 -0.9973455773521664 -64.48581464815528 -0.02380322728086837 0.998977402980995 0.03843906221795155 1.0918043719759511 0.9977434251306018 0.026153315601300044 -0.06183969403840856 -0.06919761783682292
-0.0511641683209384 0.03871864935126746 -0.997939384929201 -65.11238325625878 -0.025565252086439946 0.9988699523792363 0.04006547812792568 1.0954937354114946 0.9983630272197693 0.027562488453400445 -0.05011649705829781 -0.09847643323088014
-0.0366121889110777 0.04012868560333793 -0.9985234894044978 -65.72045912811299 -0.028005849011504363 0.9987597822270813 0.04116505206841083 1.1074703289779733 0.9989370891108026 0.02947164102225657 -0.03544294231600353 -0.10905409100633581
-0.018460152907585358 0.04131603883386213 -0.9989755392449265 -66.31080077307494 -0.030491229083479454 0.9986578478167496 0.04186634789568376 1.118101195145019 0.9993645991183494 0.031232851092886222 -0.017175598909164137 -0.11534303118695426
0.0036229087751995788 0.04234121357956526 -0.9990965996488946 -66.87197475934421 -0.03136412335861742 0.9986164682359219 0.04220713180161253 1.123557142906202 0.9995015005582181 0.031182875641880492 0.004945892988878621 -0.09833032021085339
0.029314142566452397 0.042532549635285695 -0.9986648977689622 -67.42026676841887 -0.03149870290074455 0.998637424198255 0.04160678588920828 1.1351761700156104 0.9990738711193141 0.030236981613515308 0.030613921235292718 -0.06954167225451907
0.05824945445625809 0.04258962861227346 -0.9973931226910459 -67.92868992202649 -0.0301534363258855 0.9987087708596273 0.040884795011637234 1.1353952816936683 0.99784660477892 0.02769331275158296 0.059458466684114725 -0.0181062250380897
0.09254383182721539 0.042514738604353376 -0.9948005039963552 -68.43316184717699 -0.02863272436905988 0.9987884850752007 0.040021539846462666 1.1421255389004659 0.995296882518225 0.024780101257607365 0.09364902809758406 0.045492619221389356
0.1296857885322047 0.042650341016942594 -0.990637404038186 -68.90117378662659 -0.028252285422438114 0.9988277960516191 0.03930441673576643 1.151972213275489 0.9911526028613605 0.022890546001855097 0.1307387354161762 0.13427964242184232
0.16990835588102274 0.042755034493650756 -0.9845319034898741 -69.35473060666233 -0.027215925391874677 0.9988808999637896 0.03868129855247578 1.1487544204590558 0.9850840155464989 0.020222671069729203 0.17088183415518776 0.24678143045576326
0.21536922212243206 0.043260908211129746 -0.9755739403582044 -69.80467945081806 -0.026520023806773416 0.9989088952758597 0.03844107155785211 1.1613234486301278 0.9761725592102123 0.017593219666662226 0.21628151260170844 0.36459165629739587
0.2619740798181894 0.041525955783180885 -0.9641810521437739 -70.22495907302455 -0.02369053998087122 0.9990494807914305 0.036590820682117726 1.169574111848279 0.9647841277223878 0.013256122839704284 0.26270883939038026 0.5327246658531244
0.3120776614210153 0.03715027660640883 -0.949329926464193 -70.63268685781914 -0.015683715991003468 0.999300468792964 0.03394999843959191 1.1618848158882245 0.9499271723649312 0.004293984408860397 0.312441999786021 0.7155012422174718
0.3628426648142919 0.03214813847316734 -0.9312956656256597 -71.03633922955127 -0.009970217771064034 0.9994814502449438 0.03061739433625745 1.1574374000031944 0.9317971171665125 -0.0018240768974706733 0.3629750349407642 0.930938790582913
0.4147326167475567 0.027295972857311872 -0.9095337876931971 -71.41509696358368 -0.00450947590176389 0.9995993504700981 0.02794267741369538 1.1568047382074298 0.9099321923237231 -0.0074872199831285515 0.4146895527823453 1.1437727365725168
0.46488431288823145 0.026300152809299867 -0.8849806851371507 -71.78915079691104 -0.0045772066358929515 0.9996167343307784 0.027302517160129294 1.168569465552134 0.8853596438207698 -0.008641773382806688 0.46482652278099046 1.4121940829967934
0.5131365240242497 0.0243458080481162 -0.8579616072820154 -72.14873408700248 -0.003180814253248137 0.9996447074755648 0.0264638469654702 1.1836718951427914 0.8583011441643784 -0.010850551010955894 0.5130316485001858 1.6574385551826283
0.5577217947159502 0.02027866499312353 -0.8297801610610626 -72.47653196984393 0.004599156023546379 0.9996106615250043 0.027520323431866594 1.1915469712069084 0.8300152432262764 -0.01916497388351162 0.5574113937590455 1.942948882954395
0.601288384126819 0.013573850896895074 -0.7989167477811742 -72.7934953668514 0.01575588977548931 0.9994598724462616 0.02883948938007095 1.1762627277774211 0.7988767619453676 -0.029928496356630946 0.6007497434269197 2.269996506257303
0.6436255967935447 0.008725728965073986 -0.7652907333156096 -73.0816909079373 0.017458910514631477 0.9995073971290943 0.026079541352131974 1.174249742524846 0.7651413716941531 -0.030146603530651676 0.6431562060773612 2.562720462468027
0.6843774965984141 0.003216183982847603 -0.7291207407176693 -73.36734815531194 0.014988838748554953 0.9997168943140646 0.018478827432335403 1.1865173786651324 0.7289738186126982 -0.0235751679884292 0.6841355390875217 2.9005377631055342
0.7247888833731676 -0.0025780193923917154 -0.6889661827765916 -73.63672676038766 0.011430777887362888 0.9999003564597287 0.008283624632137162 1.1766982173762655 0.6888762294527173 -0.01387929890815987 0.7247461301671039 3.2187133263396053
0.7637332565907932 -0.005846213513773682 -0.6455054605013805 -73.90744521513119 0.007078240177470606 0.999974711666651 -0.0006819134565614077 1.1798545391613133 0.6454931823564363 -0.0040482433813649405 0.7637553217425558 3.603142792636228
0.8005890430426541 -0.007131777248367322 -0.5991713454252974 -74.15100360392783 0.006033320449842752 0.9999744200360375 -0.00384094629379635 1.1800358596202263 0.5991834563986088 -0.0005399736696196292 0.8006115969213087 3.988787117830711
0.8346425219237062 -0.00906362038758216 -0.5507174200114371 -74.38468816931181 0.00678687124387908 0.9999579218339832 -0.006171274723911955 1.1758049990813007 0.5507502296620452 0.0014131594914381818 0.8346689262423105 4.423695185265399
0.8653399149529667 -0.008622679855364277 -0.5011112135334795 -74.62474057040275 0.004878844657105255 0.9999495407112297 -0.008781257356877077 1.1750748465814658 0.5011616874386962 0.005153928479025753 0.8653383243358039 4.923251964392684
0.8911939599556881 -0.006436960403815968 -0.4535767658483175 -74.82496426044862 0.0035747053837504273 0.999967919714631 -0.007167470606957246 1.1537316184047075 0.45360839236900846 0.0047662026569724745 0.8911883803296813 5.385007096560481
0.9128405945362172 -0.002009376487468978 -0.40831115472264334 -75.0321760370424 -0.0008453435077824797 0.9999764452383376 -0.006810964348267715 1.15112556014109 0.40831526539830754 0.006562488021547167 0.9128173902254454 5.894721420987167
0.9301128600237595 0.0030340667755780182 -0.36726127462629227 -75.2124882519135 -0.00650545673568203 0.999945102412526 -0.00821461137866959 1.1437625877656121 0.3672162161488433 0.01002971753304469 0.9300815375637148 6.3915585799751655
0.9437862684601922 0.007959695987200663 -0.3304604594698855 -75.38885477532592 -0.010917057798888042 0.9999152425580164 -0.007094183359281521 1.1361903485585159 0.3303760100502867 0.010303049580063362 0.9437931689817916 6.935698098157956
0.9540536196793741 0.008056900791522766 -0.2995275792022555 -75.55214986519734 -0.010113459657790062 0.9999347273699539 -0.005316396261849709 1.1251740089989943 0.2994652206861191 0.0081013872603932 0.9540728229506721 7.510613524392744
0.9614213147270718 0.007553795153312895 -0.2749763295374465 -75.7009680149349 -0.008861701385743877 0.9999545548778789 -0.0035143978800339626 1.110558698982885 0.2749373124861229 0.005815575025745778 0.9614445703950497 8.069186398575326
0.9673782984359988 0.007927741767307844 -0.2532120959392806 -75.85027121937802 -0.008557007743286542 0.9999624285422565 -0.0013838959842264154 1.0987014835519324 0.2531916295843861 0.00350548873956509 0.967409793021745 8.673373697806806
0.9718796106687391 0.00924267785312677 -0.23529680598780175 -75.99234140621853 -0.009254053702523673 0.999956622176132 0.0010559061947504728 1.0928604119103276 0.23529638212373943 0.0011512354335137301 0.9719229871551294 9.27624485610094
0.9754567549758801 0.014829653384331473 -0.21969111548801631 -76.1353884468576 -0.014567126927493162 0.999889927124378 0.002814948021828939 1.0853606075551387 0.21970870214240265 0.0004544081215352538 0.9755654178997423 9.901755992255412
0.9784943560530576 0.016194652696790986 -0.20563688145299508 -76.27318119313195 -0.01580987276953042 0.9998688437223355 0.003514248237423651 1.0835834903027572 0.20566684085634693 -0.00018757938488553336 0.9786220502246072 10.554836566318837
0.9810559482616963 0.017263802052114467 -0.19295381764312414 -76.40232029427906 -0.016829302419514035 0.9998508041711507 0.003890778649653865 1.0693898230249066 0.1929922118774301 -0.000569793615697797 0.9812001275671532 11.203681997192334
0.9836960420812214 0.016315779207314487 -0.1790974582160659 -76.52423344365774 -0.015922998073529294 0.999866633467495 0.0036305054873497417 1.0637649297593588 0.1791328153382912 -0.0007195454952219811 0.9838246344512838 11.878110717252474
0.9863607046414975 0.017134532845212005 -0.1637039051940447 -76.64120427790617 -0.016683250625469315 0.9998522880745688 0.0041312387878690805 1.0563715548170869 0.1637505219977011 -0.0013437783903151612 0.9865008672839339 12.581757222142814
0.9884578492746721 0.01809402343951567 -0.15041170689214536 -76.7438491729895 -0.017599189568260808 0.9998344459005458 0.004620467775986581 1.0529242298825663 0.15047042126884547 -0.0019200135765576115 0.9886126448247823 13.28365025471204
0.9903916908093255 0.018793777865690132 -0.13700760858374247 -76.84923408023087 -0.01869954631071889 0.9998231964729531 0.0019749350893810877 1.03832991129842 0.13702051035133936 0.0006060207147528881 0.9905680227177215 14.010714850984076
0.9918174725525585 0.018284751542065297 -0.12634780125557882 -76.94628996581051 -0.018866880847342223 0.9998161788758465 -0.0034120908956621486 1.0273075748744456 0.12626219658521792 0.0057679602106626045 0.9919801385715953 14.73098252919216
0.9929802347690952 0.01907448249505069 -0.11673223775961543 -77.0283340429175 -0.020292933602514846 0.9997512085883853 -0.0092583130828632 1.0102379131600108 0.11652661081979908 0.011562161154280614 0.9931202666425198 15.468712273750857
0.9939466683861468 0.02088466350868091 -0.10786034232475625 -77.11875675090789 -0.022058784144503536 0.999709576269737 -0.009703803370270927 0.998558387309749 0.10762636376228557 0.012024331207116969 0.9941186953441165 16.224162869612485
0.9945621883639506 0.02000092214771492 -0.10220577947745506 -77.20026750085522 -0.020479554640732152 0.9997836643749943 -0.0036357467609867042 0.9840327255076541 0.10211095856814108 0.005709105160058499 0.9947566372610552 16.992213487537903
0.9950571397770464 0.023015804779228297 -0.09659996912761669 -77.28793309203023 -0.022751944766421676 0.9997337942902259 0.0038322378253436867 0.9765382865358407 0.09666246446348092 -0.0016154585317584254 0.995315905932728 17.769520088835304
0.9956055396841015 0.018806066696109167 -0.09173838722623633 -77.36922446535205 -0.018166403547721817 0.9998045346504674 0.007802832820298531 0.9611447422811195 0.091867203336508 -0.006101987279993906 0.9957525756654315 18.54205538489755
0.9957686567242455 0.022872271042964836 -0.08900361357823514 -77.44044957349918 -0.022305396391793637 0.9997241195258249 0.007358664173825249 0.9445655147173623 0.08914737619847814 -0.005342266630253418 0.9960041237499299 19.301566525485992
0.9961190947217963 0.0231339917859039 -0.08492094067538378 -77.51071109449245 -0.022677823949548957 0.9997227712339589 0.006332551676065898 0.9314889321932691 0.08504390242409728 -0.004382153621430017 0.9963675640442451 20.073836689796465
