1.000000000000000000e+00 0.000000000000000000e+00 0.000000000000000000e+00 0.000000000000000000e+00 0.000000000000000000e+00 1.000000000000000000e+00 0.000000000000000000e+00 0.000000000000000000e+00 0.000000000000000000e+00 0.000000000000000000e+00 1.000000000000000000e+00 0.000000000000000000e+00
9.999790053654307176e-01 -1.489449169125314180e-04 -6.478166698651216353e-03 -5.120290000000000431e-03 1.474062497544040794e-04 9.999999608154471753e-01 -2.379926503674539232e-04 -3.557409999999999999e-03 6.478201892602686481e-03 2.370327315403972452e-04 9.999789881371122791e-01 9.499340000000000561e-02
9.999077390015145284e-01 1.167976269635382855e-03 -1.353326702288200865e-02 -1.307129999999999924e-02 -1.161025703320633061e-03 9.999991900613828255e-01 5.214363763302061602e-04 -4.769800000000000255e-03 1.353386508708010784e-02 -5.056757972260117950e-04 9.999082851880930489e-01 1.857370000000000132e-01
9.997740724325222539e-01 8.764966188798549614e-04 -2.123760451102786953e-02 -2.484079999999999969e-02 -8.771954724223342097e-04 9.999996149857186545e-01 -2.359062514079568926e-05 -1.037869999999999938e-02 2.123757565714365705e-02 4.221482589041212975e-05 9.997744563640919013e-01 2.891599999999999726e-01
9.995454585718980267e-01 1.204658705801954640e-04 -3.014733381691096781e-02 -3.785460000000000214e-02 -1.952350760865183895e-04 9.999969126884784565e-01 -2.477195344876613557e-03 -5.886879999999999717e-03 3.014694232520611500e-02 2.481955173978415540e-03 9.995423961828507897e-01 3.998749999999999805e-01
9.991254071331407971e-01 1.139555901838019622e-03 -4.179859128466083956e-02 -5.780169999999999753e-02 -1.291951426055931371e-03 9.999926163983166028e-01 -3.619117345678206366e-03 -1.321949999999999905e-03 4.179415847398115086e-02 3.669953841080696513e-03 9.991195022399752546e-01 5.089390000000000303e-01
9.984845235468593483e-01 1.470929582356372486e-03 -5.501356744990335002e-02 -7.440149999999999542e-02 -1.632726444587048742e-03 9.999944730818168814e-01 -2.896206169542257097e-03 -1.728649999999999978e-02 5.500900327908571363e-02 2.981639143675405244e-03 9.984814066302178936e-01 6.406169999999999920e-01
9.974359949981544959e-01 8.201979902431634495e-04 -7.155950780503088360e-02 -1.053069999999999978e-01 -1.080579553160515571e-03 9.999929360223243080e-01 -3.600035177720126937e-03 -1.376420000000000074e-02 7.155604956864770883e-02 3.668130410485979324e-03 9.974298354217306928e-01 7.736410000000000231e-01
9.959182258965972867e-01 1.353515990355614966e-04 -9.026000779370085825e-02 -1.341769999999999907e-01 -4.953186267775191174e-04 9.999920138121856095e-01 -3.965724562750543546e-03 -1.383050000000000078e-02 9.025875019316559333e-02 3.994244834042383861e-03 9.959103393487656053e-01 9.257760000000000433e-01
9.939376314037701166e-01 -1.524281961456381900e-03 -1.099348054256024110e-01 -1.637139999999999984e-01 1.027746133989470298e-03 9.999890149039190046e-01 -4.573161857378617821e-03 -9.290289999999999659e-03 1.099405685693281842e-01 4.432452593281922641e-03 9.939282794782836605e-01 1.080959999999999921e+00
9.912355228786624561e-01 -1.836186232952948449e-03 -1.320937795794437097e-01 -2.130569999999999964e-01 1.133642371608003943e-03 9.999848122294905384e-01 -5.393529950220561295e-03 -2.354469999999999827e-02 1.321016768948753140e-01 5.196511374811498690e-03 9.912225497995359458e-01 1.252860000000000085e+00
9.877871370103959991e-01 1.035188162365355356e-04 -1.558093746879812835e-01 -2.691810000000000036e-01 -1.342873558376623654e-03 9.999682939428603534e-01 -7.849063613674272730e-03 -1.433070000000000004e-02 1.558036220612706857e-01 7.962436364579468864e-03 9.877559571876692868e-01 1.428150000000000031e+00
9.833437155304630695e-01 5.040033712789581885e-03 -1.816858144900632133e-01 -3.282229999999999870e-01 -6.607570376628022282e-03 9.999459804827877107e-01 -8.023473688753305841e-03 -3.581739999999999924e-02 1.816355613321951612e-01 9.090334234237660779e-03 9.833238981551543079e-01 1.615739999999999954e+00
9.781159653470887783e-01 6.634568487560346672e-03 -2.079546605251165470e-01 -3.965319999999999956e-01 -8.919870853793414323e-03 9.999096761516368392e-01 -1.005362831420973831e-02 -3.451800000000000007e-02 2.078691757742937851e-01 1.168854307912257397e-02 9.780867976430329680e-01 1.790829999999999922e+00
9.713231546508120928e-01 7.610728818156761721e-03 -2.376413390932882730e-01 -4.743200000000000194e-01 -1.021358494512861897e-02 9.999005626000028180e-01 -9.723558750097251874e-03 -4.687170000000000225e-02 2.375437052876025468e-01 1.187188776288038497e-02 9.713043016270350716e-01 1.984769999999999923e+00
9.632316004431968892e-01 9.212633992630153007e-03 -2.685144526511661356e-01 -5.551540000000000363e-01 -1.216051282501951977e-02 9.998826477729971796e-01 -9.317328495495246984e-03 -4.996420000000000028e-02 2.683971047449469349e-01 1.224001868373849299e-02 9.632305934235849687e-01 2.168860000000000010e+00
9.538809519077164900e-01 1.060123425661116565e-02 -2.999979056924652054e-01 -6.640690000000000204e-01 -1.391220828931146423e-02 9.998635865651135379e-01 -8.902736751277720226e-03 -5.101470000000000310e-02 2.998626019498656925e-01 1.266578435724339570e-02 9.538983163096956819e-01 2.371410000000000018e+00
9.423679678338972021e-01 1.299306133244725048e-02 -3.343258792822090264e-01 -7.696840000000000348e-01 -1.675133702709506386e-02 9.998247318178344889e-01 -8.360523500360352023e-03 -5.666419999999999790e-02 3.341586537984847505e-01 1.347909502179830618e-02 9.424204518626374538e-01 2.571029999999999927e+00
9.300067064881492040e-01 1.546670135800927957e-02 -3.672169754193936320e-01 -8.774340000000000472e-01 -1.975612513382037430e-02 9.997734206288703129e-01 -7.924829571961587021e-03 -5.421039999999999887e-02 3.670112006557322837e-01 1.462492916734846327e-02 9.301015482408830914e-01 2.750000000000000000e+00
9.163007250841916917e-01 1.854759422240752006e-02 -4.000612052658261697e-01 -1.011619999999999964e+00 -2.370151253659117871e-02 9.996875598949023223e-01 -7.938570076148517007e-03 -5.805219999999999825e-02 3.997889687243288415e-01 1.675617318891830382e-02 9.164540420263312948e-01 2.959389999999999965e+00
9.001908482954495971e-01 1.885636066336765851e-02 -4.350872031072068324e-01 -1.141510000000000025e+00 -2.460505369731693856e-02 9.996684920688795328e-01 -7.582697230178515359e-03 -7.343189999999999440e-02 4.347999861748744754e-01 1.753121864747022099e-02 9.003563896563757663e-01 3.143759999999999888e+00
8.820578348182184225e-01 1.544873928223105403e-02 -4.708877918255963690e-01 -1.273150000000000004e+00 -2.138147664471343190e-02 9.997450876854825363e-01 -7.252041453163802359e-03 -5.812719999999999693e-02 4.706557218310302160e-01 1.646499630538929976e-02 8.821633042721599427e-01 3.323700000000000099e+00
8.609682894675294573e-01 1.168894187881927560e-02 -5.085243093197314712e-01 -1.424830000000000041e+00 -1.831648781134135109e-02 9.997999948818472316e-01 -8.029726552950960244e-03 -7.027519999999999600e-02 5.083287428481820802e-01 1.622771924861183060e-02 8.610101917645196501e-01 3.509440000000000115e+00
8.362425650712715930e-01 1.353319359680377892e-02 -5.481926896941361482e-01 -1.584920000000000107e+00 -1.907520664447655973e-02 9.998082986860951094e-01 -4.416148761820301236e-03 -8.467339999999999589e-02 5.480278358391027504e-01 1.414986040522799200e-02 8.363404047372229311e-01 3.680280000000000218e+00
8.074698569541887139e-01 1.816828090918575639e-02 -5.896289881605099037e-01 -1.790210000000000079e+00 -2.290896478923999668e-02 9.997373939892945094e-01 -5.677955437126706514e-04 -8.421180000000000332e-02 5.894638321751957122e-01 1.396626751494522978e-02 8.076740270239185504e-01 3.872700000000000031e+00
7.754585295516721599e-01 2.179390756812755320e-02 -6.310222615236884547e-01 -1.998660000000000103e+00 -2.661151390888363832e-02 9.996441896402787908e-01 1.822483445088509194e-03 -8.970870000000000233e-02 6.308374563015703984e-01 1.537919735689224736e-02 7.757625822477015598e-01 4.025619999999999976e+00
7.399680737219647142e-01 2.049732888842660181e-02 -6.723296136424788960e-01 -2.205769999999999786e+00 -2.599993584075410355e-02 9.996602121792946827e-01 1.861053982074340786e-03 -8.940040000000000486e-02 6.721393108638132885e-01 1.610340628833529381e-02 7.402495708188091550e-01 4.181180000000000341e+00
7.009445970003742588e-01 1.645974101189241062e-02 -7.130257701246178748e-01 -2.440990000000000215e+00 -2.096927557601688946e-02 9.997770812188810918e-01 2.465228442108544082e-03 -9.841429999999999623e-02 7.129074003107276347e-01 1.322364530967714766e-02 7.011334921303673529e-01 4.353860000000000063e+00
6.589210260991671397e-01 1.375744023802600267e-02 -7.520863076818495863e-01 -2.675520000000000120e+00 -1.667251858561268063e-02 9.998542225145862217e-01 3.682505093636967517e-03 -9.470760000000000289e-02 7.520273322748536327e-01 1.011269290789577717e-02 6.590543414269550704e-01 4.503389999999999560e+00
6.148041983763808949e-01 1.355083810627577025e-02 -7.885633598166941205e-01 -2.928459999999999841e+00 -1.495554481670906787e-02 9.998729119607018268e-01 5.521920541075276204e-03 -9.338390000000000579e-02 7.885379694967205033e-01 8.398494736799391736e-03 6.149287242828593847e-01 4.649429999999999730e+00
5.667049978153075873e-01 1.371378665552298523e-02 -8.238066384211278903e-01 -3.221909999999999830e+00 -1.298755772445743528e-02 9.998859278817926466e-01 7.710678849517273691e-03 -1.017870000000000025e-01 8.238184076576015036e-01 6.329556029715408157e-03 5.668184611716176047e-01 4.804289999999999949e+00
5.169020882282949758e-01 1.322748388443148113e-02 -8.559423256594540508e-01 -3.516649999999999832e+00 -1.247358140398661594e-02 9.998908416797078758e-01 7.919248196869193082e-03 -9.965530000000000221e-02 8.559536441608188717e-01 6.583190346070979214e-03 5.170106581615909747e-01 4.909049999999999692e+00
4.642303609187501956e-01 1.710030297360787266e-02 -8.855494066620213101e-01 -3.819609999999999950e+00 -1.111494218806929543e-02 9.998473531519432855e-01 1.348066968696628141e-02 -9.736839999999999384e-02 8.856447538722300727e-01 3.584694305520620336e-03 4.643495664963338543e-01 5.008980000000000210e+00
4.098934569036470910e-01 1.911873201710710679e-02 -9.119330173174101661e-01 -4.168960000000000221e+00 -1.087060692667206341e-02 9.998116940941991215e-01 1.607501967443310947e-02 -9.652539999999999731e-02 9.120686289378797662e-01 3.324219990564065454e-03 4.100241037656573440e-01 5.114760000000000417e+00
3.555841760177032573e-01 2.121818067148093997e-02 -9.344033832209746038e-01 -4.501920000000000144e+00 -1.026247411673390439e-02 9.997706476793319919e-01 1.879717169821939343e-02 -9.430869999999999531e-02 9.345879174217985863e-01 2.905313725119209115e-03 3.557203729916860180e-01 5.183580000000000076e+00
2.992553436544653223e-01 2.267422056256499646e-02 -9.539036214503683331e-01 -4.885229999999999961e+00 -1.070910608198058674e-02 9.997344608106126795e-01 2.040399261513263507e-02 -1.046689999999999982e-01 9.541129672848872589e-01 4.109451252132764396e-03 2.994187002664222552e-01 5.263880000000000337e+00
2.462458071657706027e-01 2.442096805798295994e-02 -9.688996948974589740e-01 -5.254400000000000404e+00 -7.464086753467722227e-03 9.997006468136285795e-01 2.330030406130612769e-02 -9.658600000000000518e-02 9.691786676677395240e-01 1.494349197338833493e-03 2.463543729229533685e-01 5.316309999999999647e+00
1.951507160092465498e-01 2.575865812973698529e-02 -9.804349491794106530e-01 -5.639380000000000059e+00 -5.418764098525572642e-03 9.996681115685169816e-01 2.518538680821975212e-02 -9.871960000000000457e-02 9.807582959306144765e-01 3.977994349592204465e-04 1.952255278361070268e-01 5.360990000000000144e+00
1.462308023717917849e-01 2.610784879096587213e-02 -9.889059271079378988e-01 -6.075630000000000308e+00 -7.981619593013328240e-03 9.996502820267757494e-01 2.521125527339209554e-02 -9.751400000000000345e-02 9.892183005719084044e-01 4.206408836023529940e-03 1.463880457494047826e-01 5.380679999999999907e+00
1.051141112935163324e-01 2.667848684964721842e-02 -9.941022492411869527e-01 -6.489849999999999675e+00 -8.215436904065686469e-03 9.996292722535828901e-01 2.595813264176615245e-02 -7.790510000000000490e-02 9.944262316549422609e-01 5.438418261352297861e-03 1.052943180013290458e-01 5.362639999999999851e+00
6.673977423092197769e-02 2.603709845061889100e-02 -9.974306352022072053e-01 -6.949309999999999654e+00 -8.109921995259894434e-03 9.996405940934176559e-01 2.555213896702161064e-02 -6.174639999999999990e-02 9.977374562984174799e-01 6.383740661396261271e-03 6.692694639927687650e-02 5.350850000000000328e+00
3.152072285375354110e-02 2.346855351995639355e-02 -9.992275371638121850e-01 -7.407130000000000436e+00 -7.394591868147287403e-03 9.997024171527774117e-01 2.324644381400708948e-02 -5.931689999999999879e-02 9.994757445990773981e-01 6.656135107943697907e-03 3.168488320231610533e-02 5.355809999999999960e+00
8.272514690707889230e-04 2.082348412343229191e-02 -9.997828254996021791e-01 -7.881170000000000009e+00 -9.111158572584016069e-03 9.997418260542989543e-01 2.081509133011914814e-02 -5.378659999999999691e-02 9.999581503465393428e-01 9.091960546391287742e-03 1.016763960177247128e-03 5.323330000000000339e+00
-2.618953038594104901e-02 1.833305755459500863e-02 -9.994888731240899604e-01 -8.360139999999999461e+00 -7.627387530760598028e-03 9.997990513179698668e-01 1.853860682853602365e-02 -5.800539999999999863e-02 9.996278964983015269e-01 8.109006374849608151e-03 -2.604443429973435364e-02 5.274409999999999599e+00
-4.687620780539991650e-02 1.755828412070877323e-02 -9.987463781163469223e-01 -8.876020000000000465e+00 -1.090542698527195362e-02 9.997769185891907107e-01 1.808824807911288066e-02 -3.386650000000000077e-02 9.988411749642950310e-01 1.173966417914476534e-02 -4.667427000936430481e-02 5.245829999999999771e+00
-6.324143223124104041e-02 1.582575629939589335e-02 -9.978727707913938039e-01 -9.418179999999999552e+00 -8.197575196143263437e-03 9.998322931541588909e-01 1.637636488967537940e-02 -2.128899999999999890e-02 9.979645890562675037e-01 9.215801845110761781e-03 -6.310109338281488789e-02 5.196740000000000137e+00
-7.619961996391494408e-02 1.738308040469741314e-02 -9.969410446124681302e-01 -9.965270000000000294e+00 -6.182545022076345320e-03 9.998205623811065035e-01 1.790584197902260130e-02 -1.009320000000000009e-02 9.970734145760810074e-01 7.528051246607836595e-03 -7.607847520832367039e-02 5.125409999999999577e+00
-8.543574809981427376e-02 1.864580492440068293e-02 -9.961691959227341187e-01 -1.051140000000000008e+01 -8.043789146611121654e-03 9.997793813656318251e-01 1.940324849914216998e-02 -1.471620000000000089e-03 9.963112116215446790e-01 9.670706017442423641e-03 -8.526691645846151690e-02 5.066469999999999807e+00
-9.296048419473240676e-02 1.881720710245312136e-02 -9.954919693775257095e-01 -1.108440000000000047e+01 -1.137338231720914916e-02 9.997360975580422693e-01 1.995949433435591225e-02 -5.923030000000000135e-03 9.956048385544074009e-01 1.317755501904580191e-02 -9.272193640542958359e-02 5.009269999999999889e+00
-9.690386219979520155e-02 1.990623713362750513e-02 -9.950946604288173347e-01 -1.165370000000000061e+01 -1.108673177776979026e-02 9.997163538727767973e-01 2.107833432244255942e-02 -5.381829999999999774e-03 9.952319960035707069e-01 1.307491959824838915e-02 -9.665568068276408908e-02 4.946259999999999657e+00
-9.905075344798608405e-02 2.225884547827216425e-02 -9.948333991374438412e-01 -1.227169999999999916e+01 -9.764109066123008093e-03 9.996799149263405626e-01 2.333944872976426166e-02 -1.090559999999999967e-03 9.950344769984260651e-01 1.202545179354367992e-02 -9.880171098533685470e-02 4.880869999999999820e+00
-9.805285153704239309e-02 2.512584790595805834e-02 -9.948639756632368103e-01 -1.288829999999999920e+01 -4.556218519434379957e-03 9.996594198166924850e-01 2.569601612229086007e-02 9.677289999999999850e-03 9.951707789009170968e-01 7.052385324167388669e-03 -9.790497782534646198e-02 4.827560000000000073e+00
-9.742691377103993022e-02 2.721258554044841613e-02 -9.948705803576934903e-01 -1.352529999999999966e+01 -7.965753730845483854e-03 9.995727788061253838e-01 2.812128441768076831e-02 3.652040000000000147e-02 9.952108034183259067e-01 1.066466398928498337e-02 -9.716852217382843104e-02 4.762419999999999654e+00
-9.565788107433984000e-02 2.797027335654134889e-02 -9.950212226865958742e-01 -1.417489999999999917e+01 -9.487925718295708855e-03 9.995341122949130686e-01 2.900926790500341426e-02 6.275269999999999460e-02 9.953690516858216819e-01 1.221565254828866839e-02 -9.534793536772534495e-02 4.696659999999999613e+00
-9.387120949340449494e-02 2.607863175180251403e-02 -9.952427347105827771e-01 -1.481969999999999921e+01 -9.037889240924341580e-03 9.995933572802806477e-01 2.704508530594871771e-02 5.977799999999999780e-02 9.955433253185490550e-01 1.153364847267060109e-02 -9.359734166414512835e-02 4.614659999999999762e+00
-9.274904331737571228e-02 2.504901978561573789e-02 -9.953743826176619791e-01 -1.550990000000000002e+01 -1.131628677931153376e-02 9.995924156570392682e-01 2.620962064687951121e-02 7.740410000000000346e-02 9.956252089100798841e-01 1.369485920719103883e-02 -9.242777836806026492e-02 4.539620000000000211e+00
-8.959939039872277800e-02 2.682969432953046310e-02 -9.956164506185912755e-01 -1.621079999999999899e+01 -1.134230455704978921e-02 9.995447953075178305e-01 2.795629269033129971e-02 9.883480000000000043e-02 9.959133001258256845e-01 1.379745178778692821e-02 -8.925429377151161692e-02 4.459329999999999572e+00
-8.354671025631169035e-02 3.151411879713669068e-02 -9.960054254479681068e-01 -1.694979999999999976e+01 -8.755126082925756767e-03 9.994380242530152003e-01 3.235712355110698102e-02 1.087909999999999988e-01 9.964654007905241473e-01 1.142348430512708443e-02 -8.322384894794598864e-02 4.378400000000000070e+00
-8.205004181695917109e-02 3.387073172381669522e-02 -9.960524906702097336e-01 -1.766629999999999967e+01 -1.061721905899107136e-02 9.993359122923187732e-01 3.485698010918811263e-02 1.286299999999999943e-01 9.965716558769310840e-01 1.343532416327108438e-02 -8.163594041437371995e-02 4.322759999999999714e+00
-8.435032744771815694e-02 3.318165600073316041e-02 -9.958835273085461237e-01 -1.841969999999999885e+01 -1.048773683397380592e-02 9.993604645835498790e-01 3.418580412177810168e-02 1.428679999999999950e-01 9.963809661146504348e-01 1.332814812343713351e-02 -8.394838195007503501e-02 4.257399999999999629e+00
-8.287587576760625796e-02 3.027600637675403189e-02 -9.960998708230148768e-01 -1.915060000000000073e+01 -1.496019872232417884e-02 9.993879764751206762e-01 3.162064090356506152e-02 1.452569999999999972e-01 9.964475809945754214e-01 1.752244032200969345e-02 -8.237221871007693874e-02 4.192459999999999631e+00
-7.949989980639132758e-02 2.990913151119176452e-02 -9.963860746633402821e-01 -1.991280000000000072e+01 -2.014418092588418294e-02 9.992974593320004262e-01 3.160379324439067245e-02 1.619750000000000079e-01 9.966313149332598487e-01 2.258387975648084439e-02 -7.884155293717798330e-02 4.116139999999999688e+00
-7.990024332356866765e-02 3.084710330740886991e-02 -9.963254525175883058e-01 -2.070619999999999905e+01 -1.493709962613391957e-02 9.993717769019335728e-01 3.213929972215974484e-02 1.865439999999999876e-01 9.966909421538824310e-01 1.745015041235783299e-02 -7.938928188989125001e-02 4.054059999999999775e+00
-7.917399248420443902e-02 3.212879008006878923e-02 -9.963429227741328331e-01 -2.148239999999999839e+01 -1.381790801776931407e-02 9.993490842575580846e-01 3.332376346682104640e-02 2.042730000000000101e-01 9.967650396819319747e-01 1.640575025931590575e-02 -7.867850422005584488e-02 3.991309999999999913e+00
-7.878682712974623137e-02 3.361122284307105357e-02 -9.963247068952072460e-01 -2.228940000000000055e+01 -1.073490367333248402e-02 9.993449004694926474e-01 3.456199862195523387e-02 2.268159999999999898e-01 9.968336860850717240e-01 1.341847996656779680e-02 -7.837440067672007959e-02 3.929780000000000051e+00
-7.778107965058671247e-02 2.787078285384919987e-02 -9.965808161466396253e-01 -2.308790000000000120e+01 -1.100265253362923620e-02 9.995242967310707938e-01 2.881183578813641816e-02 2.304940000000000044e-01 9.969097478135184875e-01 1.320604813605878725e-02 -7.743742639715500697e-02 3.860009999999999941e+00
-7.642554868428608206e-02 2.404883011304996543e-02 -9.967852272573565209e-01 -2.389189999999999969e+01 -1.177852583933913788e-02 9.996175536410637497e-01 2.502024743496822010e-02 2.329450000000000132e-01 9.970057180565006227e-01 1.365284669395634351e-02 -7.611306024456965247e-02 3.799920000000000186e+00
-7.885667623685438388e-02 1.584088754979312563e-02 -9.967600969614054396e-01 -2.471950000000000003e+01 -1.048219314697164395e-02 9.998052877233649660e-01 1.671856056091955076e-02 2.434939999999999882e-01 9.968308523715070368e-01 1.176660197484231604e-02 -7.867527463098000773e-02 3.733350000000000168e+00
-7.806994093867508644e-02 1.664113859081650659e-02 -9.968089871325562790e-01 -2.553559999999999874e+01 -1.216721450200397570e-02 9.997703063326542905e-01 1.764351061361935091e-02 2.520700000000000163e-01 9.968736345260083009e-01 1.350581659552328728e-02 -7.784953246483938827e-02 3.664940000000000087e+00
-7.910800605666884477e-02 2.392086662672316885e-02 -9.965790061593534643e-01 -2.638670000000000115e+01 -1.022326573296808080e-02 9.996400123211722777e-01 2.480585826533088928e-02 2.616370000000000084e-01 9.968136276232840709e-01 1.215063398975897019e-02 -7.883497877310396973e-02 3.587120000000000086e+00
-7.905360521498464021e-02 2.917414747287668669e-02 -9.964433735148945370e-01 -2.723880000000000123e+01 -1.187064183681611935e-02 9.994732455569419471e-01 3.020462345825331366e-02 2.772350000000000092e-01 9.967996866797736999e-01 1.421620677620013054e-02 -7.866564752165294827e-02 3.515390000000000015e+00
-7.897168120680936321e-02 3.239153198722576760e-02 -9.963504715826110303e-01 -2.806690000000000040e+01 -1.434663689055891422e-02 9.993315239429901853e-01 3.362557454841900301e-02 3.006240000000000023e-01 9.967736190215414904e-01 1.694974658516638921e-02 -7.845418098099110615e-02 3.440719999999999779e+00
-8.110464828611979593e-02 3.292104878202868623e-02 -9.961617542214099563e-01 -2.890810000000000102e+01 -1.657997535091779856e-02 9.992715107538623354e-01 3.437371398404184125e-02 3.219319999999999959e-01 9.965676798109340817e-01 1.930420531348138458e-02 -8.049973424469913930e-02 3.358179999999999943e+00
-8.101201992756809633e-02 3.082104736910363726e-02 -9.962364757758708222e-01 -2.974439999999999884e+01 -1.771132651869894784e-02 9.993194455916599717e-01 3.235667744570268345e-02 3.411629999999999940e-01 9.965557493387933174e-01 2.026594931032551020e-02 -8.041100520667543439e-02 3.285299999999999887e+00
-8.313493187393444783e-02 2.495131412249908601e-02 -9.962258855429708682e-01 -3.058289999999999864e+01 -1.880957047883713776e-02 9.994691205878630802e-01 2.660220009181709505e-02 3.732150000000000190e-01 9.963607695813387899e-01 2.095015309929244146e-02 -8.262147374864647897e-02 3.207440000000000069e+00
-8.235314161349278905e-02 2.587892587975677838e-02 -9.962671535595750694e-01 -3.141420000000000101e+01 -2.084474747865119881e-02 9.993993839279230462e-01 2.768335071914316062e-02 3.809739999999999793e-01 9.963851948764288480e-01 2.304674813933354702e-02 -8.176423931807141887e-02 3.139979999999999993e+00
-8.166738292272501809e-02 2.592556565814155625e-02 -9.963223893960519995e-01 -3.225970000000000226e+01 -1.975135867218838145e-02 9.994231983898813620e-01 2.762524842861015240e-02 4.010520000000000196e-01 9.964639092296094791e-01 2.193480260784787944e-02 -8.110821189866768144e-02 3.057789999999999786e+00
-8.183899067737172850e-02 2.300293824723033398e-02 -9.963800702728369263e-01 -3.308879999999999910e+01 -1.977537070782130202e-02 9.994993161099915424e-01 2.469922689128776008e-02 4.041020000000000167e-01 9.964493536142604579e-01 2.172514505482477445e-02 -8.134312358195694426e-02 2.980239999999999778e+00
-8.007398352437793132e-02 1.825372257130756376e-02 -9.966217731791870982e-01 -3.392830000000000013e+01 -1.931396587986100588e-02 9.996161948441211198e-01 1.986035567032146815e-02 4.028399999999999759e-01 9.966017900267531981e-01 2.083901671504301278e-02 -7.969069894172686741e-02 2.905180000000000096e+00
-8.057864718835229534e-02 1.735066403641323529e-02 -9.965972286108316647e-01 -3.476299999999999812e+01 -2.025660369544434597e-02 9.996134804726278800e-01 1.904099955687306792e-02 4.091839999999999922e-01 9.965423983072775327e-01 2.172197308935461604e-02 -8.019603644248640695e-02 2.830070000000000086e+00
-8.105635187500236094e-02 1.644989187469933153e-02 -9.965737648955175221e-01 -3.559579999999999700e+01 -1.867106114759599020e-02 9.996632878575837378e-01 1.801950014257663879e-02 4.013410000000000033e-01 9.965346252370452795e-01 2.006768464662250784e-02 -8.072192228004226866e-02 2.753680000000000128e+00
-7.953160204683969170e-02 1.877898018911508538e-02 -9.966554440622499289e-01 -3.644089999999999918e+01 -1.437299247914296772e-02 9.996969978523877476e-01 1.998323227401874527e-02 3.754319999999999879e-01 9.967287200452579210e-01 1.591421967863042644e-02 -7.923759365959237577e-02 2.685900000000000176e+00
-7.953156427256737049e-02 2.361073399170303400e-02 -9.965526897885185198e-01 -3.725030000000000285e+01 -1.840633255598859985e-02 9.995142280387437905e-01 2.514984830873595589e-02 4.032240000000000268e-01 9.966623988122541578e-01 2.034308699502397622e-02 -7.905834304686665259e-02 2.612400000000000055e+00
-7.886446690267458204e-02 2.711212190486732287e-02 -9.965165973058213167e-01 -3.811200000000000188e+01 -1.902438384845754615e-02 9.994071202172708501e-01 2.869635653193996702e-02 4.221190000000000220e-01 9.967038018786441578e-01 2.122123711844526792e-02 -7.830191834060784561e-02 2.543130000000000113e+00
-7.937941455115515854e-02 2.946982166573568554e-02 -9.964087706140014600e-01 -3.892810000000000059e+01 -2.208884839794305818e-02 9.992654873515242064e-01 3.131403143278733286e-02 4.501419999999999866e-01 9.965997146908927018e-01 2.449521175884462540e-02 -7.867015494404983045e-02 2.470250000000000057e+00
-7.961190132205545056e-02 2.936435622349322511e-02 -9.963933358626337888e-01 -3.974260000000000304e+01 -2.158997054685379835e-02 9.992807534980776563e-01 3.117449053473276416e-02 4.646290000000000142e-01 9.965921022864236978e-01 2.399396323857215518e-02 -7.892066515452567099e-02 2.397609999999999797e+00
-7.844436986756316010e-02 2.529539196020491945e-02 -9.965975235678946609e-01 -4.058729999999999905e+01 -2.442797744839714583e-02 9.993291079770981744e-01 2.728750387041125464e-02 5.015870000000000051e-01 9.966191623453070081e-01 2.648541287721807580e-02 -7.777382690122525144e-02 2.323920000000000208e+00
-7.944353971734378905e-02 2.222385804954639388e-02 -9.965916034818739222e-01 -4.140010000000000190e+01 -2.560895006710543764e-02 9.993759856022818022e-01 2.432737301741389954e-02 5.056580000000000519e-01 9.965103640573135246e-01 2.745431723539140320e-02 -7.882483613366519926e-02 2.240019999999999900e+00
-7.755760696437070945e-02 2.025001669436069657e-02 -9.967822000948044492e-01 -4.223190000000000310e+01 -2.761112855780550185e-02 9.993665910528206631e-01 2.245088566690547557e-02 5.073349999999999804e-01 9.966054601404333857e-01 2.926351843750572487e-02 -7.694935546795200754e-02 2.181259999999999977e+00
-7.745462698684280056e-02 1.906091003300534881e-02 -9.968136548357687809e-01 -4.304460000000000264e+01 -2.845225378900487212e-02 9.993677517862902260e-01 2.132055214908663149e-02 5.136760000000000215e-01 9.965898103094651406e-01 3.001297050159381502e-02 -7.686333058757832681e-02 2.134450000000000180e+00
-7.831749007981793353e-02 1.562128439789065883e-02 -9.968060725243191866e-01 -4.388400000000000034e+01 -2.576160272452186067e-02 9.995116227119799079e-01 1.768773271871176486e-02 5.093860000000000054e-01 9.965955601810906339e-01 2.706458086549460088e-02 -7.787681227370302217e-02 2.061830000000000052e+00
-7.932093309643563350e-02 1.377946683850104700e-02 -9.967538893158920388e-01 -4.470190000000000197e+01 -2.220073298300654155e-02 9.996320347491995939e-01 1.558597312304374483e-02 4.990979999999999861e-01 9.966018849208184704e-01 2.336496087781116809e-02 -7.898583148546534094e-02 1.995519999999999960e+00
-8.258862223175252038e-02 1.053226421138526644e-02 -9.965280682893192798e-01 -4.551950000000000074e+01 -2.030411032140921890e-02 9.997188164745808292e-01 1.224871792145704880e-02 4.919060000000000099e-01 9.963768677472980562e-01 2.124522057416567550e-02 -8.235155141731165251e-02 1.896619999999999973e+00
-8.539089802636598558e-02 1.355930500013709586e-02 -9.962552583460546618e-01 -4.634080000000000155e+01 -1.641825641372149022e-02 9.997524775568029654e-01 1.501414251189278279e-02 4.806750000000000189e-01 9.962122441480951718e-01 1.763884539723023157e-02 -8.514714171637560725e-02 1.808619999999999894e+00
-8.639637163159730182e-02 1.797901144543129909e-02 -9.960986005995289272e-01 -4.714620000000000033e+01 -1.446194700231056250e-02 9.997091670531553786e-01 1.929853359166384605e-02 4.760190000000000254e-01 9.961558708644933091e-01 1.607284845107636098e-02 -8.611123320956126648e-02 1.740510000000000002e+00
-8.742704381287275117e-02 2.275077947848483037e-02 -9.959110974596393495e-01 -4.795289999999999964e+01 -1.093530080151073822e-02 9.996570183993954695e-01 2.379631822805886032e-02 4.624739999999999962e-01 9.961109030657792074e-01 1.297102917859339899e-02 -8.714827132838365298e-02 1.664930000000000021e+00
-8.724454370261426617e-02 2.224632420921185405e-02 -9.959384974250676814e-01 -4.876129999999999853e+01 -1.176643651157779219e-02 9.996578687080109882e-01 2.336014773018347743e-02 4.621999999999999997e-01 9.961174331201828602e-01 1.375669252893375535e-02 -8.695293465273468136e-02 1.633340000000000014e+00
-8.891504987539121385e-02 1.871164660910189931e-02 -9.958634385229898633e-01 -4.955819999999999936e+01 -1.721451204588245881e-02 9.996453224303858409e-01 2.031969286362361043e-02 4.530890000000000195e-01 9.958904430110167016e-01 1.895002966292965579e-02 -8.856140183564864543e-02 1.534520000000000106e+00
-9.067238639898392294e-02 1.501335545883928507e-02 -9.957676021555332824e-01 -5.035869999999999891e+01 -1.791260983879391228e-02 9.997000169514633772e-01 1.670372760814059498e-02 4.498670000000000169e-01 9.957196677546733543e-01 1.935136339151211776e-02 -9.037625784138858531e-02 1.431100000000000039e+00
-9.085391971585979332e-02 1.378556091816372960e-02 -9.957688103081132613e-01 -5.116129999999999711e+01 -2.247015227270816179e-02 9.996212431173772117e-01 1.588907062451303323e-02 4.540009999999999879e-01 9.956106957687351766e-01 2.381866114291589578e-02 -9.050974451545834576e-02 1.381550000000000056e+00
-9.379671258683232316e-02 1.501955355669185727e-02 -9.954780709382105020e-01 -5.194389999999999930e+01 -2.371644387395131087e-02 9.995687519238330987e-01 1.731590215392332655e-02 4.449100000000000277e-01 9.953088500550353324e-01 2.523337449466864918e-02 -9.340005253603944624e-02 1.264110000000000067e+00
-9.298523322363161370e-02 1.553921461453619535e-02 -9.955462215344450527e-01 -5.273179999999999978e+01 -2.284547549562847280e-02 9.995816718094314712e-01 1.773599819690390572e-02 4.348679999999999768e-01 9.954053599673480246e-01 2.439291273762369400e-02 -9.259133413256992462e-02 1.190709999999999935e+00
-9.730169985940925748e-02 1.455889091831415703e-02 -9.951484401332787444e-01 -5.349240000000000350e+01 -2.221145972696840498e-02 9.996121984613378642e-01 1.679594427497581657e-02 4.259229999999999960e-01 9.950070503575673131e-01 2.373797342907481636e-02 -9.694059189118786612e-02 1.071110000000000007e+00
-9.605974176576650980e-02 1.571745208843429442e-02 -9.952514695853216242e-01 -5.429540000000000077e+01 -2.542766509368434708e-02 9.995102675783227308e-01 1.823893783621282488e-02 4.272719999999999851e-01 9.950507323045283403e-01 2.705894871124119722e-02 -9.561304008797510967e-02 9.962330000000000352e-01
-9.531279714286290672e-02 1.628146184792759327e-02 -9.953142140554902539e-01 -5.506080000000000041e+01 -2.459856594753961206e-02 9.995223859550668166e-01 1.870589554164868440e-02 4.248500000000000054e-01 9.951433973323282611e-01 2.626621356010427205e-02 -9.486677379929697729e-02 9.367790000000000283e-01
-9.611055031986723285e-02 2.048560696477028445e-02 -9.951598374253740609e-01 -5.583350000000000080e+01 -2.404808341289003601e-02 9.994485700674642370e-01 2.289640745330354804e-02 4.354939999999999922e-01 9.950801233073538477e-01 2.613227310024840433e-02 -9.556491250053589237e-02 8.259950000000000347e-01
-9.424173700799282072e-02 2.396065228224225629e-02 -9.952609618325868324e-01 -5.660649999999999693e+01 -2.541245588096591179e-02 9.993266826935119918e-01 2.646485108362730751e-02 4.314310000000000089e-01 9.952249504970293037e-01 2.778611881839720618e-02 -9.356938339647025149e-02 7.774189999999999712e-01
-9.778612256545794745e-02 2.532281821250444154e-02 -9.948852341407976585e-01 -5.734890000000000043e+01 -2.609938211437437539e-02 9.992671529713299527e-01 2.799962938719875380e-02 4.300410000000000066e-01 9.948651649780795303e-01 2.870386507683351032e-02 -9.705355038734975182e-02 6.760009999999999630e-01
-9.974322412440747576e-02 2.571556106477070752e-02 -9.946808529173524205e-01 -5.807800000000000296e+01 -2.452235472825102514e-02 9.992988069110481097e-01 2.829396799209340022e-02 4.246840000000000059e-01 9.947109848392393650e-01 2.721404830744279454e-02 -9.904267875451533421e-02 5.844589999999999508e-01
-9.938857194436483133e-02 2.455435479851339475e-02 -9.947456938470702337e-01 -5.881889999999999930e+01 -2.310750654310048113e-02 9.993689370312018871e-01 2.697722814683203504e-02 4.200050000000000172e-01 9.947803551077096795e-01 2.566732080982314992e-02 -9.875846158292078680e-02 4.638530000000000153e-01
-9.870085022388251639e-02 1.983742392090833209e-02 -9.949194031564889684e-01 -5.957359999999999900e+01 -2.427654363895041453e-02 9.994557231508901518e-01 2.233622371568968340e-02 4.179450000000000109e-01 9.948209846972611015e-01 2.635780857949644035e-02 -9.816554554861789406e-02 4.368520000000000181e-01
-9.804493957095197776e-02 1.900125275823628598e-02 -9.950005739788022607e-01 -6.027479999999999905e+01 -2.331400181544971903e-02 9.994994555708538453e-01 2.138447177079466285e-02 4.245769999999999822e-01 9.949088637377182520e-01 2.529408443063959830e-02 -9.755286848134248068e-02 3.565010000000000123e-01
-9.737537462095993690e-02 1.479436399998141846e-02 -9.951377609212024300e-01 -6.099470000000000169e+01 -2.457088429196016208e-02 9.995490072419442873e-01 1.726423374362903024e-02 4.217029999999999945e-01 9.949443743559431841e-01 2.613252600648486440e-02 -9.696794842617628696e-02 2.863430000000000142e-01
-9.634181976451013096e-02 1.521001607229127695e-02 -9.952320880958084315e-01 -6.165129999999999910e+01 -2.914377996275970689e-02 9.994114304327804676e-01 1.809510458068076810e-02 4.271280000000000077e-01 9.949215516079369381e-01 3.074814029147403954e-02 -9.584183853970529299e-02 2.132149999999999879e-01
-9.403786630640499633e-02 1.663976278222726105e-02 -9.954295545115635635e-01 -6.228379999999999939e+01 -3.368418702617373417e-02 9.992346783048667858e-01 1.988550269304413531e-02 4.464429999999999787e-01 9.949986207251367842e-01 3.540022552923244997e-02 -9.340540020552901002e-02 1.794860000000000066e-01
-8.923412609798866968e-02 1.772812201231954710e-02 -9.958528929663478246e-01 -6.295250000000000057e+01 -3.541650145345023870e-02 9.991528079038508592e-01 2.096038841835576663e-02 4.574340000000000073e-01 9.953808025898057688e-01 3.714000737435166344e-02 -8.853065959263539675e-02 1.259840000000000126e-01
-8.329989238567223064e-02 1.916075088266878598e-02 -9.963403000753042749e-01 -6.356479999999999819e+01 -3.660257929839785818e-02 9.990816459343648814e-01 2.227366035892790891e-02 4.553209999999999757e-01 9.958520869673564979e-01 3.832401835262955886e-02 -8.252206068723311194e-02 7.524619999999999920e-02
-7.509970144237435030e-02 2.084008887456547526e-02 -9.969582366072140545e-01 -6.419780000000000086e+01 -3.926904920221772205e-02 9.989442480406546254e-01 2.383969549396439472e-02 4.550080000000000235e-01 9.964025173683672687e-01 4.093995605995877363e-02 -7.420204431003640799e-02 3.697589999999999905e-02
-6.530533157981950609e-02 2.061890517374307188e-02 -9.976522813168354764e-01 -6.479399999999999693e+01 -4.141094972016323705e-02 9.988692044994759156e-01 2.335477565420184670e-02 4.379919999999999924e-01 9.970056905106029488e-01 4.283891982788756020e-02 -6.437763615927416527e-02 8.376919999999999505e-03
-4.940432802954161651e-02 2.302102740026330807e-02 -9.985135175196107049e-01 -6.539709999999999468e+01 -4.154159618672591259e-02 9.988218622423685744e-01 2.508352632597329532e-02 4.304749999999999965e-01 9.979145795899608817e-01 4.271908009453295740e-02 -4.838979270123433540e-02 -2.318800000000000028e-02
-3.210307828291319998e-02 2.283633671976685250e-02 -9.992236456819778567e-01 -6.597339999999999804e+01 -4.202772031233326100e-02 9.988238687489162659e-01 2.417746766715190773e-02 4.395040000000000058e-01 9.986005523181478161e-01 4.277126304739332918e-02 -3.110556167667200000e-02 -2.261289999999999828e-02
-9.362977696735712285e-03 2.402351117404211145e-02 -9.996675475174340297e-01 -6.653140000000000498e+01 -4.268796156970616762e-02 9.987904024683476045e-01 2.440225141538387293e-02 4.461370000000000058e-01 9.990445798790331677e-01 4.290224758665901056e-02 -8.326137540257905201e-03 -8.878230000000000843e-03
1.303075980540184184e-02 2.549719552241465695e-02 -9.995899620941506303e-01 -6.704970000000000141e+01 -4.050588423388666592e-02 9.988677260852478756e-01 2.495073401159162568e-02 4.158100000000000129e-01 9.990943261981446444e-01 4.016414826406731337e-02 1.404879186610452635e-02 1.079040000000000034e-02
4.356401450016761379e-02 2.581912459137628013e-02 -9.987169516164048355e-01 -6.756659999999999400e+01 -3.775936248675491880e-02 9.989942919227431384e-01 2.417923179861273739e-02 4.001049999999999884e-01 9.983368205096029291e-01 3.665757099307302008e-02 4.449511550344353861e-02 5.367240000000000205e-02
7.686072848364859655e-02 2.568573635189632526e-02 -9.967109266808628076e-01 -6.806069999999999709e+01 -3.747328623775861983e-02 9.990362151643678024e-01 2.285593158455670459e-02 4.112049999999999872e-01 9.963373832369767369e-01 3.559331030005213892e-02 7.774918022962262754e-02 1.214080000000000020e-01
1.076994929344397556e-01 2.499587267744430436e-02 -9.938692195509212235e-01 -6.846699999999999875e+01 -3.478762618959039404e-02 9.991664516299871845e-01 2.135937736063231104e-02 3.889710000000000112e-01 9.935746777599344659e-01 3.227395677994195078e-02 1.084792672726385687e-01 2.410789999999999877e-01
1.492512372523797926e-01 2.584388845702901075e-02 -9.884615124566330513e-01 -6.893189999999999884e+01 -3.203313526347781326e-02 9.992600454864748460e-01 2.128942788239774828e-02 3.923159999999999981e-01 9.882802974985515077e-01 2.848604787942201136e-02 1.499686589004038950e-01 3.522140000000000271e-01
1.969733718432520320e-01 2.707357248810132733e-02 -9.800349547120406069e-01 -6.941809999999999548e+01 -3.239465442668481437e-02 9.992525441460614610e-01 2.109358628112516926e-02 3.867949999999999999e-01 9.798735005852927671e-01 2.759301886990846858e-02 1.977031819682456559e-01 4.449339999999999962e-01
2.499970789148530659e-01 2.537675943657057009e-02 -9.679139840990722554e-01 -6.990460000000000207e+01 -2.729310816118699773e-02 9.994439501368738155e-01 1.915402781933333437e-02 3.715030000000000276e-01 9.678618428169085686e-01 2.162893005445424427e-02 2.505506787134232916e-01 5.569760000000000266e-01
3.018123173940358006e-01 2.078323786279068566e-02 -9.531407986720433767e-01 -7.033620000000000516e+01 -1.868478864166627992e-02 9.996992767181818174e-01 1.588190172997022004e-02 3.463570000000000260e-01 9.531842443843993040e-01 1.301588080318945642e-02 3.021098858102116980e-01 7.181049999999999933e-01
3.526861319587117349e-01 1.669192489228000023e-02 -9.355927917461702714e-01 -7.073430000000000462e+01 -1.278002599544360469e-02 9.998335559810367368e-01 1.302041742307146269e-02 3.279759999999999898e-01 9.356544037514910039e-01 7.364779542234818795e-03 3.528407526955132933e-01 9.319159999999999666e-01
