1.000000000000000000e+00 0.000000000000000000e+00 1.673470000000000219e-10 0.000000000000000000e+00 0.000000000000000000e+00 1.000000000000000000e+00 0.000000000000000000e+00 0.000000000000000000e+00 -1.673470000000000219e-10 0.000000000000000000e+00 1.000000000000000000e+00 0.000000000000000000e+00
9.999840041307930250e-01 -5.420296758798109915e-06 -5.656098758560420235e-03 -6.198239999999999826e-03 9.203059781723999436e-06 9.999997763324061095e-01 6.687678532142172843e-04 -1.296390000000000042e-02 5.656093868554192168e-03 -6.688092091061138529e-04 9.999837805166601479e-01 7.540080000000000393e-02
9.999219916132293662e-01 -1.030049908109397823e-04 -1.248999912749788367e-02 -1.574510000000000146e-02 1.075774079902753973e-04 9.999999274494962842e-01 3.654149744735500790e-04 -1.939269999999999883e-02 1.248996058177606790e-02 -3.667301107728265200e-04 9.999219301493950107e-01 1.662150000000000016e-01
9.998079997334445856e-01 8.204796933769401088e-04 -1.957780585461574296e-02 -2.298839999999999911e-02 -8.259922896872305860e-04 9.999996214701580843e-01 -2.734890817851344611e-04 -2.019910000000000108e-02 1.957757405159402109e-02 2.896076884934378195e-04 9.998082989861811765e-01 2.574719999999999787e-01
9.995981997598777369e-01 1.379909207214698218e-03 -2.831139147748561180e-02 -3.554000000000000214e-02 -1.428734630812563073e-03 9.999975268156811037e-01 -1.704429486919431785e-03 -2.489979999999999971e-02 2.830896950025411224e-02 1.744194112192691461e-03 9.995976990933566064e-01 3.637779999999999903e-01
9.992289608190575434e-01 1.759540922105302680e-03 -3.922228800324772946e-02 -5.018360000000000182e-02 -1.869281213631858278e-03 9.999944401881546430e-01 -2.761409155379677266e-03 -2.787449999999999997e-02 3.921721112229471784e-02 2.832597486846395729e-03 9.992266943708353333e-01 4.662089999999999845e-01
9.985890216328499047e-01 1.647638887858677952e-03 -5.307778405739022043e-02 -7.485740000000000449e-02 -1.883665039951105003e-03 9.999885586871010146e-01 -4.397078679279648600e-03 -2.891849999999999976e-02 5.306993198002987744e-02 4.490855262611507387e-03 9.985807000631673480e-01 5.929010000000000113e-01
9.976389564830877577e-01 1.593180092993370413e-03 -6.865838830417558825e-02 -9.861000000000000321e-02 -1.861356098106998862e-03 9.999908865794142621e-01 -3.842149345497249298e-03 -3.374710000000000210e-02 6.865164135555468228e-02 3.960875573450229996e-03 9.976328300551661199e-01 7.294289999999999941e-01
9.962339430886206770e-01 6.456425368922558963e-04 -8.670359729453742947e-02 -1.266180000000000083e-01 -9.535599110687065704e-04 9.999933852551549096e-01 -3.510009890475127362e-03 -3.635530000000000012e-02 8.670075756067398276e-02 3.579468067993609587e-03 9.962279689141212424e-01 8.746490000000000098e-01
9.942443903697163465e-01 -4.369175870242639876e-04 -1.071349677807081624e-01 -1.613779999999999937e-01 1.547012753854283638e-05 9.999922593164541906e-01 -3.934598816726321210e-03 -4.195249999999999674e-02 1.071358575782467848e-01 3.910295410270063846e-03 9.942367009976940118e-01 1.029490000000000016e+00
9.916578192687115489e-01 -5.719125017876184507e-04 -1.288970224610082871e-01 -2.003689999999999916e-01 -2.517169508475954574e-05 9.999892784864127249e-01 -4.630580806903929550e-03 -4.611939999999999790e-02 1.288982887768846120e-01 4.595196221468623998e-03 9.916471727999213170e-01 1.192560000000000064e+00
9.882064781249221275e-01 3.094918999836888517e-03 -1.530959766562212387e-01 -2.611129999999999840e-01 -3.988568177685541255e-03 9.999767527343118578e-01 -5.530399156735421595e-03 -5.351120000000000182e-02 1.530753014559492475e-01 6.075810013925242101e-03 9.881958493218057082e-01 1.366239999999999899e+00
9.839610322770762085e-01 7.228736976857722679e-03 -1.782370116500775481e-01 -3.257990000000000053e-01 -8.726747689495481519e-03 9.999328720098406009e-01 -7.622030498197575332e-03 -5.960120000000000001e-02 1.781699493040124205e-01 9.055210426653737682e-03 9.839580643142951111e-01 1.539970000000000061e+00
9.785813526806977913e-01 1.039210631280453219e-02 -2.055980065856646555e-01 -3.988070000000000226e-01 -1.239414168793455222e-02 9.998874671255502111e-01 -8.452120270736232510e-03 -6.660839999999999816e-02 2.054870347185803470e-01 1.081929811193663854e-02 9.786000313462747124e-01 1.722320000000000073e+00
9.719618277955934804e-01 1.164979865914243448e-02 -2.348499254831703242e-01 -4.742520000000000069e-01 -1.403210965313668457e-02 9.998656249107287231e-01 -8.475377310800731590e-03 -7.461879999999999902e-02 2.347196310642370720e-01 1.153318312867400441e-02 9.719946915904371654e-01 1.910029999999999895e+00
9.640433430688942762e-01 1.373469294269428868e-02 -2.653898846872656536e-01 -5.589830000000000076e-01 -1.642707822752425759e-02 9.998336352264242111e-01 -7.927986555265064544e-03 -7.973349999999999882e-02 2.652368446981999695e-01 1.200250305909433476e-02 9.641085810918079702e-01 2.097080000000000055e+00
9.546338579605554431e-01 1.533338161329854572e-02 -2.973870956239476615e-01 -6.573059999999999459e-01 -1.832395554520842990e-02 9.998056645784745289e-01 -7.270882337930875336e-03 -8.304100000000000370e-02 2.972178155638104946e-01 1.239033837696808076e-02 9.547293069904060347e-01 2.298470000000000013e+00
9.433578510024612784e-01 1.793000476092379558e-02 -3.312921367634482639e-01 -7.637270000000000447e-01 -2.079693499099891790e-02 9.997706589862478399e-01 -5.110472109696282891e-03 -8.982060000000000044e-02 3.311245270996974188e-01 1.171086501830965847e-02 9.435143894999825642e-01 2.490219999999999878e+00
9.308070487685004002e-01 2.033437654327071437e-02 -3.649448603466980967e-01 -8.790790000000000548e-01 -2.365318452416831363e-02 9.997095232555825994e-01 -4.625578229931849583e-03 -9.320749999999999869e-02 3.647447941023149176e-01 1.293762894397797528e-02 9.310176437278553374e-01 2.669939999999999980e+00
9.169257282642397922e-01 2.328568841813332888e-02 -3.983779431168184004e-01 -1.007290000000000019e+00 -2.719819061244382538e-02 9.996213566578131537e-01 -4.171539404358504295e-03 -9.272249999999999936e-02 3.981299627941893293e-01 1.466015103900892430e-02 9.172118690340911318e-01 2.867840000000000167e+00
9.008627072189162588e-01 2.389809740443538458e-02 -4.334458024743731985e-01 -1.138870000000000049e+00 -2.834948813472420656e-02 9.995908180927456366e-01 -3.808268264533718785e-03 -9.068080000000000584e-02 4.331774339282972730e-01 1.571869349289698597e-02 9.011715893270115796e-01 3.061960000000000015e+00
8.825343642096222796e-01 1.991521024248214811e-02 -4.698260107636821337e-01 -1.270559999999999912e+00 -2.479767559921770836e-02 9.996836441499526993e-01 -4.205580096349556367e-03 -9.067409999999999359e-02 4.695936235448622265e-01 1.536216195945684995e-02 8.827490202237200378e-01 3.238259999999999916e+00
8.613239086529331789e-01 1.600119403590967437e-02 -5.078041809322356714e-01 -1.427380000000000093e+00 -2.092295779608571715e-02 9.997731468773010111e-01 -3.985551420064571172e-03 -9.959659999999999347e-02 5.076252103864590248e-01 1.405761617358830887e-02 8.614633069421002709e-01 3.434289999999999843e+00
8.368297973538383339e-01 1.744401677292592434e-02 -5.471851574554629227e-01 -1.589229999999999920e+00 -2.134121409677280229e-02 9.997719572168336510e-01 -7.656002203055662855e-04 -1.064429999999999960e-01 5.470470206861650642e-01 1.231827267304573190e-02 8.370112408544719829e-01 3.603580000000000005e+00
8.083297232361058571e-01 2.293368654695716186e-02 -5.882831839806459406e-01 -1.794349999999999890e+00 -2.634697805820087474e-02 9.996490248155012193e-01 2.768380865787962129e-03 -1.074640000000000040e-01 5.881402003606293061e-01 1.326171960129210459e-02 8.086502528986035943e-01 3.784400000000000208e+00
7.763749544679026116e-01 2.629350441648253128e-02 -6.297226228272749804e-01 -2.002969999999999917e+00 -2.986690246919899289e-02 9.995418125412772747e-01 4.912547057627131113e-03 -1.126159999999999939e-01 6.295632598967775273e-01 1.499388566044370860e-02 7.768045347324796790e-01 3.950330000000000119e+00
7.410878111229467491e-01 2.565290479517465250e-02 -6.709178673135552939e-01 -2.201340000000000074e+00 -2.981710297785632180e-02 9.995414132175478583e-01 5.282388955309665415e-03 -1.110239999999999977e-01 6.707457018684560568e-01 1.609011307098155014e-02 7.415128533520882748e-01 4.099429999999999907e+00
7.021062197121574755e-01 2.249869306081505455e-02 -7.117167028053078548e-01 -2.441380000000000106e+00 -2.473523315819595170e-02 9.996681079857869801e-01 7.200146993402766447e-03 -1.167860000000000009e-01 7.116424836124620734e-01 1.254921059956186705e-02 7.024297066833196101e-01 4.280070000000000263e+00
6.599875391618262865e-01 1.937217407026289168e-02 -7.510267418826764851e-01 -2.683059999999999778e+00 -1.973518486723375293e-02 9.997695721556575377e-01 8.445417097428978281e-03 -1.191549999999999970e-01 7.510172904996083032e-01 9.247781543963499301e-03 6.602177730924412291e-01 4.428499999999999659e+00
6.157784072137627573e-01 1.896949544251438219e-02 -7.876909999815523422e-01 -2.933600000000000207e+00 -1.736517592061466442e-02 9.997940560237449370e-01 1.050219999975403849e-02 -1.181360000000000049e-01 7.877280011999875375e-01 7.211364797675617021e-03 6.159809999855736518e-01 4.564820000000000100e+00
5.678936269449984531e-01 1.957325996495595105e-02 -8.228691973634686407e-01 -3.230789999999999829e+00 -1.512429616231036368e-02 9.997965772660807326e-01 1.334390320050748112e-02 -1.156250000000000056e-01 8.229629907479737438e-01 4.867399857628547724e-03 5.680741362514019066e-01 4.711289999999999978e+00
5.171774179904509161e-01 2.087593596170815580e-02 -8.556235817334939542e-01 -3.523839999999999861e+00 -1.407475667368063288e-02 9.997747492230129041e-01 1.588559223442258597e-02 -1.153639999999999943e-01 8.557624784630996073e-01 3.827024142114190258e-03 5.173547470942048143e-01 4.825829999999999842e+00
4.647215628664391196e-01 2.237834229054052118e-02 -8.851740387083782968e-01 -3.831010000000000026e+00 -1.318848836370964742e-02 9.997446233336733101e-01 1.835080080247466355e-02 -1.101120000000000015e-01 8.853586464149173496e-01 3.146094680586588276e-03 4.648980203298420655e-01 4.915770000000000195e+00
4.106712582323832628e-01 2.476197148171624396e-02 -9.114471802744085194e-01 -4.179829999999999934e+00 -1.227010083025311532e-02 9.996907286415571692e-01 2.163080427833946606e-02 -1.063469999999999971e-01 9.117009171254829569e-01 2.300399193852786101e-03 4.108480812613127808e-01 5.017619999999999969e+00
3.561076045274365609e-01 2.663588433994600740e-02 -9.340652566406482116e-01 -4.511919999999999931e+00 -1.170764719035099349e-02 9.996423828959369873e-01 2.404240660581128536e-02 -1.023929999999999979e-01 9.343716096901688584e-01 2.374022654043286482e-03 3.562920978936257033e-01 5.077510000000000190e+00
3.005659394694912279e-01 2.944630341470644980e-02 -9.533063679877686880e-01 -4.903080000000000105e+00 -9.392033992377391352e-03 9.995662047608107059e-01 2.791401077514520795e-02 -9.854140000000000121e-02 9.537147926546531984e-01 5.634849402979327793e-04 3.007121160785076741e-01 5.156469999999999665e+00
2.468064898005672414e-01 3.169384411188402167e-02 -9.685463627714133716e-01 -5.286929999999999907e+00 -5.036144388748517095e-03 9.994934812252533884e-01 3.142321176964096158e-02 -9.584700000000000164e-02 9.690516982297788795e-01 -2.877713265010919952e-03 2.468410924549359065e-01 5.213560000000000194e+00
1.958376412416256707e-01 3.269048616115226985e-02 -9.800912969654735907e-01 -5.675309999999999633e+00 -2.676733794735630320e-03 9.994582980202895151e-01 3.280160993881454240e-02 -9.669129999999999392e-02 9.806326801453788544e-01 -3.800346422831552343e-03 1.958190593327371332e-01 5.249819999999999709e+00
1.482106761296486941e-01 3.359991093535037721e-02 -9.883848650532488511e-01 -6.110759999999999970e+00 -4.345829520519338407e-03 9.994351563547294592e-01 3.332389545020205540e-02 -8.854049999999999421e-02 9.889462620622876399e-01 -6.436049517652350782e-04 1.482729797559052543e-01 5.269289999999999807e+00
1.053200058805844330e-01 3.355276780922053503e-02 -9.938721789715487809e-01 -6.529829999999999579e+00 -6.280097437999888205e-03 9.994331415143190567e-01 3.307500595598222848e-02 -7.615570000000000672e-02 9.944185520883461749e-01 2.758154303074175639e-03 1.054710189926955088e-01 5.279790000000000205e+00
6.722432142285399148e-02 3.236672907416172917e-02 -9.972127583711897225e-01 -6.988489999999999647e+00 -7.434066896468961155e-03 9.994621858648554680e-01 3.193859226114588445e-02 -6.404609999999999470e-02 9.977101910167179843e-01 5.266296163787011902e-03 6.742878366172444515e-02 5.267269999999999897e+00
3.305962721677762478e-02 2.980836773468504425e-02 -9.990087698620475631e-01 -7.454500000000000348e+00 -6.783725547499319317e-03 9.995388132690362637e-01 2.959969318122824405e-02 -5.702369999999999661e-02 9.994303588124506810e-01 5.798446491986639431e-03 3.324659234110571848e-02 5.255379999999999718e+00
1.373805753712863467e-03 2.739627160686158858e-02 -9.996237076819429745e-01 -7.921479999999999855e+00 -6.628977911069805842e-03 9.996029367858777492e-01 2.738659199139106826e-02 -5.375739999999999685e-02 9.999770843922404229e-01 6.588859619952933469e-03 1.554869545312254075e-03 5.233360000000000234e+00
-2.562784551822758911e-02 2.527262111499341268e-02 -9.993520441546471789e-01 -8.415190000000000836e+00 -6.261590522732592493e-03 9.996567175956561080e-01 2.544090112406235255e-02 -4.747690000000000243e-02 9.996519424370761131e-01 6.909528772404152641e-03 -2.546080112494164549e-02 5.193550000000000111e+00
-4.657941984339328961e-02 2.321652577574378346e-02 -9.986447569471125218e-01 -8.921569999999999112e+00 -6.976111430726003593e-03 9.996979338433602535e-01 2.356639426434662191e-02 -3.794360000000000094e-02 9.988902299634127013e-01 8.064366076807275713e-03 -4.640338870621674161e-02 5.153200000000000003e+00
-6.347676758794949803e-02 2.205174652512005562e-02 -9.977396556475929268e-01 -9.455479999999999663e+00 -7.236497658121334060e-03 9.997193930438775800e-01 2.255589221522796145e-02 -2.498989999999999892e-02 9.979570797775972890e-01 8.651915809393456377e-03 -6.329937815332564721e-02 5.101270000000000415e+00
-7.662761236098440676e-02 2.276024599218673741e-02 -9.967999700171695787e-01 -9.999000000000000554e+00 -6.162306145475204139e-03 9.997095164974023618e-01 2.330039929914531557e-02 -1.887209999999999929e-02 9.970407388902543522e-01 7.928040546397362165e-03 -7.646509769999987327e-02 5.048449999999999882e+00
-8.639832624567958530e-02 2.362397580403408776e-02 -9.959805404671094875e-01 -1.055300000000000082e+01 -7.328699431925135566e-03 9.996766951494334696e-01 2.434738876642115329e-02 -1.772359999999999908e-02 9.962337172504159843e-01 9.402815659001445558e-03 -8.619726022966867074e-02 4.992189999999999905e+00
-9.322004231434204147e-02 2.499279393367350582e-02 -9.953317959164680317e-01 -1.112320000000000064e+01 -8.030182094923399294e-03 9.996335048462509087e-01 2.585289469910427573e-02 -1.383410000000000022e-02 9.956131477066958446e-01 1.040270350387509368e-02 -9.298518093425323094e-02 4.926099999999999923e+00
-9.733835351505004674e-02 2.634492153765969139e-02 -9.949026032954954024e-01 -1.171160000000000068e+01 -7.940289210405678672e-03 9.995972201012013336e-01 2.724608913597546117e-02 -4.376139999999999718e-03 9.952196726061209864e-01 1.055190386257188508e-02 -9.708996128663760494e-02 4.858629999999999782e+00
-9.917200231604780813e-02 2.722493426864393273e-02 -9.946978018024842383e-01 -1.230809999999999960e+01 -7.389024373019000350e-03 9.995779421187390712e-01 2.809519440192013301e-02 6.062549999999999883e-03 9.950428715766176380e-01 1.013610298560400913e-02 -9.892898028800500843e-02 4.794419999999999682e+00
-9.818579262761417681e-02 2.899164381245214472e-02 -9.947457135947554985e-01 -1.292060000000000031e+01 -5.980582111783573629e-03 9.995403211953961531e-01 2.972169144258860612e-02 1.474999999999999922e-02 9.951501307660526319e-01 8.867406253022118434e-03 -9.796727179345410264e-02 4.738889999999999603e+00
-9.686104029578401775e-02 3.148520078243208231e-02 -9.947997894071494152e-01 -1.355850000000000044e+01 -5.236816258551442449e-03 9.994695644052866701e-01 3.214289319555193453e-02 2.387770000000000170e-02 9.952841376352248304e-01 8.322977784208344595e-03 -9.664477954090899825e-02 4.673029999999999795e+00
-9.494452999302360752e-02 3.166257482923621330e-02 -9.949789030826668990e-01 -1.419759999999999955e+01 -5.737796291180772071e-03 9.994600445742395367e-01 3.235269684863961021e-02 3.332600000000000146e-02 9.954660285103279493e-01 8.780697856211695795e-03 -9.471159077448321195e-02 4.603349999999999831e+00
-9.326918770862005492e-02 2.956493979320636706e-02 -9.952018754801449374e-01 -1.486270000000000024e+01 -9.369571892581739572e-03 9.994887002864273340e-01 3.057039617502599338e-02 4.085230000000000111e-02 9.955968409686341003e-01 1.217589153911878552e-02 -9.294448837076718650e-02 4.538960000000000328e+00
-9.233434682162375284e-02 2.902988165224115041e-02 -9.953047947077725555e-01 -1.555589999999999939e+01 -1.061399510931533736e-02 9.994894340726755422e-01 3.013659378400616526e-02 5.307359999999999856e-02 9.956714877432434330e-01 1.334680292578121000e-02 -9.197908102833396438e-02 4.472070000000000434e+00
-9.048161427927392531e-02 3.184381290378050788e-02 -9.953888933764359903e-01 -1.625209999999999866e+01 -9.840420368054478284e-03 9.994112900449969583e-01 3.286699647936969226e-02 6.684840000000000226e-02 9.958495085124040580e-01 1.276890403848126958e-02 -9.011499034710812595e-02 4.408739999999999881e+00
-8.931474200957446874e-02 3.497833452730025883e-02 -9.953890661311582955e-01 -1.698580000000000112e+01 -1.066448194688852762e-02 9.992922748676410505e-01 3.607240239656013536e-02 8.097970000000000168e-02 9.959463568308123405e-01 1.383710603960029359e-02 -8.887850590486556790e-02 4.339819999999999567e+00
-8.802032927485471669e-02 3.736118504248579775e-02 -9.954177833887473126e-01 -1.769539999999999935e+01 -1.072471893863293640e-02 9.992029100761297133e-01 3.845159163261138019e-02 9.658550000000000468e-02 9.960609429337309306e-01 1.406009771000602850e-02 -8.754948094849912543e-02 4.279790000000000205e+00
-8.633822662229938272e-02 3.633645919642770894e-02 -9.956030194594546190e-01 -1.844810000000000016e+01 -1.318577371192046835e-02 9.992054432929994290e-01 3.761140073512969639e-02 1.071779999999999955e-01 9.961786215309657022e-01 1.637509776174885315e-02 -8.579050167680957184e-02 4.210720000000000240e+00
-8.407395234440370735e-02 3.385701335302489234e-02 -9.958841665495061779e-01 -1.919569999999999865e+01 -1.640579889473059091e-02 9.992401090515247164e-01 3.535610591287839666e-02 1.209760000000000002e-01 9.963244553356185307e-01 1.931080292246059940e-02 -8.345461395676867511e-02 4.135519999999999641e+00
-8.247579339915823982e-02 3.317531364357484414e-02 -9.960407331368683614e-01 -1.995540000000000092e+01 -1.712547184005867168e-02 9.992510235368214921e-01 3.470029070296230117e-02 1.418059999999999876e-01 9.964459150989757319e-01 1.991960153379507270e-02 -8.184587807153209660e-02 4.065159999999999663e+00
-8.139855152169905850e-02 3.551313120924293881e-02 -9.960487404348667972e-01 -2.073509999999999920e+01 -1.345379238229049701e-02 9.992347984368247227e-01 3.672619042934534284e-02 1.585900000000000087e-01 9.965908244012202655e-01 1.639009166031144341e-02 -8.085847892870023923e-02 4.003440000000000332e+00
-7.988894602178396587e-02 3.754977719196646996e-02 -9.960962656974284846e-01 -2.152809999999999846e+01 -1.224365181717295553e-02 9.991778780672315730e-01 3.864791030889357104e-02 1.720140000000000002e-01 9.967285735312839678e-01 1.528339667410746373e-02 -7.936352116932288148e-02 3.938810000000000144e+00
-7.938788479311673085e-02 3.898600346683493700e-02 -9.960811489440801747e-01 -2.230770000000000053e+01 -9.352884684890422698e-03 9.991618193111209134e-01 3.985200595907308768e-02 1.875819999999999987e-01 9.967999234029596423e-01 1.247999858072063734e-02 -7.895671180640218001e-02 3.875669999999999948e+00
-7.830073761532359289e-02 3.464638380849315025e-02 -9.963275679102183702e-01 -2.311840000000000117e+01 -1.003462058629037493e-02 9.993179108592961102e-01 3.553898458736606120e-02 2.004370000000000041e-01 9.968792809957409684e-01 1.278049783093087276e-02 -7.789966621628185983e-02 3.808499999999999996e+00
-7.809752285036131170e-02 2.826774365320086635e-02 -9.965448868934074778e-01 -2.391499999999999915e+01 -1.024257183890051222e-02 9.995224268224623954e-01 2.915489669095586156e-02 2.085450000000000081e-01 9.968931069311104398e-01 1.248410780521655612e-02 -7.777069117312429558e-02 3.745280000000000165e+00
-7.805780251840700734e-02 2.393912021198602025e-02 -9.966613757889253300e-01 -2.472340000000000160e+01 -7.378952676856622220e-03 9.996704041467622259e-01 2.458930927134363870e-02 2.205969999999999875e-01 9.969215267629594202e-01 9.273704573963870157e-03 -7.785542935521427843e-02 3.683660000000000156e+00
-7.840289168199472691e-02 2.454279580259218635e-02 -9.966196053410214528e-01 -2.554939999999999856e+01 -8.374092508046861172e-03 9.996454340662228599e-01 2.527608999072886165e-02 2.353530000000000066e-01 9.968865838953635539e-01 1.032750331614634004e-02 -7.816956904503769010e-02 3.613199999999999967e+00
-7.844497326927941938e-02 3.119267989255045809e-02 -9.964303301736169294e-01 -2.638489999999999824e+01 -6.727670569601195902e-03 9.994710523429665150e-01 3.181751054293733422e-02 2.438800000000000134e-01 9.968957441064182357e-01 9.199578771002773700e-03 -7.819362590996248308e-02 3.542559999999999931e+00
-7.862117776465306351e-02 3.851019035818475933e-02 -9.961604668151993192e-01 -2.722810000000000130e+01 -7.640068026780686902e-03 9.992009708239955046e-01 3.923071838408190987e-02 2.536229999999999873e-01 9.968752879710909287e-01 1.069509901596766253e-02 -7.826413667570641941e-02 3.469720000000000137e+00
-7.878120302664329277e-02 4.390598149062972799e-02 -9.959245889318224521e-01 -2.806940000000000168e+01 -8.881042435957785947e-03 9.989590859131857181e-01 4.474228153260965957e-02 2.702780000000000182e-01 9.968523707826177915e-01 1.236969930261307485e-02 -7.830926767782597775e-02 3.394750000000000156e+00
-7.923242775396228954e-02 4.467209065644693611e-02 -9.958547216881561415e-01 -2.888749999999999929e+01 -9.158450955387458653e-03 9.989206110438921815e-01 4.553828727339999383e-02 2.832160000000000233e-01 9.968140975970949391e-01 1.272859568370086208e-02 -7.873777799512737818e-02 3.324009999999999909e+00
-7.955837361525026907e-02 4.141861393302224970e-02 -9.959693587694168349e-01 -2.973120000000000118e+01 -1.001212667823576583e-02 9.990528121655508631e-01 4.234661525415448630e-02 2.957350000000000256e-01 9.967799268178884065e-01 1.334079922537193680e-02 -7.906832848209899289e-02 3.250910000000000188e+00
-7.963863598219465822e-02 3.896740561547659687e-02 -9.960618600059411021e-01 -3.055389999999999873e+01 -1.065949068181327314e-02 9.991452087373110524e-01 3.994029438648928620e-02 3.124540000000000095e-01 9.967668046826702044e-01 1.379830268091022417e-02 -7.915518887493200317e-02 3.176349999999999785e+00
-8.022903331448996700e-02 3.982779310288055152e-02 -9.959804461484053073e-01 -3.140630000000000166e+01 -1.225055387104428267e-02 9.990865513472293458e-01 4.093881833850111784e-02 3.301540000000000030e-01 9.967011719383472856e-01 1.548579393038321955e-02 -7.966783568712410002e-02 3.099310000000000009e+00
-7.977499890046224618e-02 4.224517662530370699e-02 -9.959173131351459762e-01 -3.224380000000000024e+01 -1.168333308301481265e-02 9.989932995351835654e-01 4.331151361795498173e-02 3.508870000000000045e-01 9.967444252557937645e-01 1.509080964374878188e-02 -7.920112490232422697e-02 3.026460000000000150e+00
-7.987405305843395253e-02 4.010789049383246818e-02 -9.959977373308398496e-01 -3.307540000000000191e+01 -1.314856611765635383e-02 9.990608625522277020e-01 4.128568911194586272e-02 3.616150000000000198e-01 9.967182404556803599e-01 1.639359742501225736e-02 -7.927167909410359758e-02 2.954320000000000057e+00
-7.882330524912424530e-02 3.557927409777460886e-02 -9.962534827062232701e-01 -3.392369999999999663e+01 -1.441797289109019581e-02 9.992176822670971736e-01 3.682588087856220743e-02 3.715820000000000234e-01 9.967843340499065174e-01 1.726669335587130427e-02 -7.824865937023550710e-02 2.880799999999999805e+00
-7.942928372965511741e-02 3.183116040200684171e-02 -9.963321565189270368e-01 -3.473160000000000025e+01 -1.690280878011390236e-02 9.993033384566133437e-01 3.327360522712125013e-02 3.836120000000000085e-01 9.966971876861782098e-01 1.948371055341148808e-02 -7.883591238473763863e-02 2.814020000000000188e+00
-7.863753555108506099e-02 3.178819927457976480e-02 -9.963963309794611201e-01 -3.555030000000000001e+01 -1.704590869297236203e-02 9.993024846846713105e-01 3.322621103696699746e-02 3.957169999999999854e-01 9.967575306960479997e-01 1.959730823153589888e-02 -7.804082592332994839e-02 2.743599999999999817e+00
-7.780813890907371799e-02 3.455583388836421660e-02 -9.963693029513638333e-01 -3.639309999999999690e+01 -1.454251562149761097e-02 9.992534628352004455e-01 3.579151088259845820e-02 4.032370000000000121e-01 9.968622817415178083e-01 1.727458700346972548e-02 -7.724752348751884323e-02 2.675879999999999814e+00
-7.757022335329696872e-02 3.918252423694409264e-02 -9.962166382084475247e-01 -3.722890000000000299e+01 -1.521806658050998962e-02 9.990644732545839179e-01 4.047948529924590144e-02 4.193149999999999933e-01 9.968707393130117334e-01 1.830049384475699106e-02 -7.690137207207181635e-02 2.602549999999999919e+00
-7.665496651129548311e-02 4.467007273224245234e-02 -9.960565248575244945e-01 -3.805989999999999895e+01 -1.253351458939080607e-02 9.988737877674420673e-01 4.576097817093317116e-02 4.382829999999999782e-01 9.969789000381049648e-01 1.599189523537669633e-02 -7.600876374202547581e-02 2.539660000000000029e+00
-7.691001573943861969e-02 4.808251846198377533e-02 -9.958779648618162339e-01 -3.888920000000000243e+01 -1.444670938069799251e-02 9.986778802017471923e-01 4.933339825933891198e-02 4.552260000000000195e-01 9.969333689204257221e-01 1.818139197360535420e-02 -7.611369731443318187e-02 2.469559999999999977e+00
-7.705305434238912676e-02 4.809090416814286451e-02 -9.958665029775825017e-01 -3.972050000000000125e+01 -1.271742420300704321e-02 9.987073839481861448e-01 4.921207543897236636e-02 4.761569999999999969e-01 9.969458831542209465e-01 1.645679749103198461e-02 -7.634186189889247132e-02 2.401009999999999867e+00
-7.682143152322018498e-02 4.416785462207059587e-02 -9.960660963393980216e-01 -4.054290000000000305e+01 -1.388185701753039125e-02 9.988741121275913626e-01 4.536300438750455466e-02 4.937159999999999882e-01 9.969482241844197512e-01 1.731209806463539225e-02 -7.612180736249252178e-02 2.334330000000000016e+00
-7.692732173004271368e-02 3.999753166800751325e-02 -9.962341013195187278e-01 -4.137850000000000250e+01 -1.585820886187919165e-02 9.990195321288605212e-01 4.133390420376223395e-02 5.130829999999999558e-01 9.969105799333938256e-01 1.897819500109302823e-02 -7.621760775152264245e-02 2.264250000000000096e+00
-7.629699365423744939e-02 3.714510557381275890e-02 -9.963929997201081967e-01 -4.220150000000000290e+01 -1.845354407557710588e-02 9.990820761185390531e-01 3.865839998914066822e-02 5.226319999999999855e-01 9.969143571392560244e-01 2.133650183558594149e-02 -7.554149997878023548e-02 2.188340000000000174e+00
-7.643768454572269500e-02 3.515876437149002831e-02 -9.964542847863913089e-01 -4.302000000000000313e+01 -2.215894051080952165e-02 9.990713746095339909e-01 3.695091056056122591e-02 5.414250000000000451e-01 9.968281003948107344e-01 2.490481326342829094e-02 -7.558762160292364918e-02 2.116999999999999993e+00
-7.759757388252339072e-02 3.296754003953197842e-02 -9.964395404796458910e-01 -4.384369999999999834e+01 -1.972122931890431252e-02 9.992068189879335094e-01 3.459488404614357443e-02 5.522359999999999491e-01 9.967896917814195179e-01 2.233549175095069297e-02 -7.688586454313761642e-02 2.044659999999999922e+00
-7.841686981187762084e-02 2.985905306473640372e-02 -9.964733972761063985e-01 -4.465809999999999746e+01 -1.630211091749965077e-02 9.993793023477138826e-01 3.122901245044825552e-02 5.566940000000000222e-01 9.967873573177687962e-01 1.869350125241307087e-02 -7.788143104993294763e-02 1.980720000000000036e+00
-7.940618739407420690e-02 2.863639104798332974e-02 -9.964309381544134148e-01 -4.546340000000000003e+01 -1.273649840301308879e-02 9.994765527740030464e-01 2.973889815419259938e-02 5.641329999999999956e-01 9.967609738608185221e-01 1.505249357224161880e-02 -7.899989509670513055e-02 1.918269999999999920e+00
-8.075582964399982688e-02 3.159219198337349932e-02 -9.962331199996289355e-01 -4.629999999999999716e+01 -1.190237141364778456e-02 9.993957344588352276e-01 3.265730393368206780e-02 5.748339999999999561e-01 9.966628464697783185e-01 1.449480428191348043e-02 -8.033100967614037469e-02 1.847310000000000008e+00
-8.289305918206921198e-02 3.715828382169727995e-02 -9.958654541065597998e-01 -4.711079999999999757e+01 -9.391863582955035233e-03 9.992311052372333524e-01 3.806561735761238019e-02 5.883890000000000509e-01 9.965141913880993796e-01 1.250840796437293137e-02 -8.248033761036432931e-02 1.777490000000000014e+00
-8.473928109309629420e-02 4.129695202583639341e-02 -9.955469933625438195e-01 -4.794030000000000058e+01 -7.265617599469718912e-03 9.990885715206634377e-01 4.206229971956455121e-02 5.979630000000000223e-01 9.963766682538905961e-01 1.079759279543231199e-02 -8.436199943754618680e-02 1.706669999999999909e+00
-8.647173727463347559e-02 4.083586680320346052e-02 -9.954170335267215064e-01 -4.873550000000000182e+01 -7.309449692166670315e-03 9.991066831403235815e-01 4.162220140188072071e-02 6.067379999999999995e-01 9.962274893807662179e-01 1.087509479370465937e-02 -8.609600289980645638e-02 1.635909999999999975e+00
-8.729230776792912261e-02 3.722119075814454142e-02 -9.954871350063219104e-01 -4.954200000000000159e+01 -1.058516425374526719e-02 9.992106569738553601e-01 3.828860519263743017e-02 6.196420000000000261e-01 9.961265016564264663e-01 1.387969554501263837e-02 -8.682941177566150248e-02 1.553039999999999976e+00
-8.897432905500524125e-02 3.371724093864897354e-02 -9.954630663327983520e-01 -5.034459999999999980e+01 -1.539749640848396030e-02 9.992608871614090393e-01 3.522210234702892462e-02 6.300729999999999942e-01 9.959148989113291162e-01 1.846150191287130454e-02 -8.838940588983879021e-02 1.464930000000000065e+00
-9.010720885535107583e-02 3.177867685425977279e-02 -9.954249377073547400e-01 -5.112729999999999819e+01 -1.981367920342510386e-02 9.992357776627610599e-01 3.369389789147131387e-02 6.426950000000000163e-01 9.957349592279676198e-01 2.275909348128061713e-02 -8.940869440489795927e-02 1.380789999999999962e+00
-9.160844218691155394e-02 3.281239952725032577e-02 -9.952543593259722821e-01 -5.192139999999999844e+01 -2.120860743883060118e-02 9.991659710724157817e-01 3.489351259793060239e-02 6.541010000000000435e-01 9.955692282762625966e-01 2.430449934025518538e-02 -9.083613279541724594e-02 1.298969999999999958e+00
-9.207046391762686854e-02 3.469589297116949800e-02 -9.951478406171246904e-01 -5.272209999999999752e+01 -2.052226976664749472e-02 9.991143732993857940e-01 3.673289411685978084e-02 6.603620000000000045e-01 9.955409916812155702e-01 2.380470704521769551e-02 -9.127688538109446359e-02 1.219729999999999981e+00
-9.401506161737467615e-02 3.402464049391913659e-02 -9.949891919153397435e-01 -5.349640000000000128e+01 -2.270955089284799541e-02 9.990824944124867546e-01 3.631040700361787971e-02 6.671040000000000303e-01 9.953117323167282038e-01 2.600948284343219605e-02 -9.315611796812284240e-02 1.139140000000000041e+00
-9.383895123903959745e-02 3.410006461422252638e-02 -9.950032345794979083e-01 -5.428419999999999845e+01 -2.357560179729845107e-02 9.990568971581411661e-01 3.646240859628713249e-02 6.790779999999999594e-01 9.953082146904308480e-01 2.687939422779510312e-02 -9.294652191284191733e-02 1.058030000000000026e+00
-9.418812955907995832e-02 3.584033052109163175e-02 -9.949090747190424411e-01 -5.506410000000000338e+01 -2.231979351264206865e-02 9.990245716081956884e-01 3.810160286148287639e-02 6.887400000000000189e-01 9.953041862002366402e-01 2.579488381830875171e-02 -9.329630700668145593e-02 9.813330000000000108e-01
-9.493822330101703288e-02 3.884887638728329318e-02 -9.947248356002236225e-01 -5.583050000000000068e+01 -2.172635596300983435e-02 9.989193570888809104e-01 4.108629320960210940e-02 6.987590000000000190e-01 9.952460495842296861e-01 2.551240554284115933e-02 -9.399158446585942350e-02 9.021820000000000395e-01
-9.435401960676872979e-02 4.310542309491224855e-02 -9.946050680968069324e-01 -5.659640000000000271e+01 -2.071207422545017982e-02 9.987609378628786727e-01 4.525040309812213002e-02 7.161950000000000260e-01 9.953232283862990526e-01 2.486989141656440264e-02 -9.334430639092750059e-02 8.221199999999999619e-01
-9.518586241189014308e-02 4.492236219637707473e-02 -9.944453896376626023e-01 -5.737989999999999924e+01 -2.071476476116325058e-02 9.986755452739998207e-01 4.709621845295947073e-02 7.292859999999999898e-01 9.952439651250313268e-01 2.508259648395122499e-02 -9.412923688115659715e-02 7.442400000000000126e-01
-9.547255165362900087e-02 4.539585695339168336e-02 -9.943964038813762896e-01 -5.812930000000000064e+01 -2.085520200037138672e-02 9.986491033843258869e-01 4.759231932996876857e-02 7.449080000000000146e-01 9.952135712651178912e-01 2.528209803693540550e-02 -9.439683833996737050e-02 6.744799999999999685e-01
-9.552593462770334054e-02 4.373569532144033073e-02 -9.944656780242615568e-01 -5.886229999999999762e+01 -1.979989305097682589e-02 9.987531852207427452e-01 4.582618516296727007e-02 7.581109999999999793e-01 9.952300035914682930e-01 2.406790323586216473e-02 -9.454086939073258478e-02 6.087930000000000286e-01
-9.595429721578976889e-02 4.011741237488213041e-02 -9.945769784537382696e-01 -5.959980000000000189e+01 -2.049883510560681840e-02 9.988959425857311114e-01 4.226929908428869731e-02 7.727880000000000305e-01 9.951746432687768040e-01 2.444359036859278592e-02 -9.502599794138133493e-02 5.292799999999999727e-01
-9.561199572806085289e-02 3.729570337679094516e-02 -9.947197478599326681e-01 -6.031069999999999709e+01 -2.157153844872966922e-02 9.989855453280043207e-01 3.952908998022564707e-02 7.828380000000000338e-01 9.951849149790467086e-01 2.523709046899468705e-02 -9.471047599293080932e-02 4.515580000000000149e-01
-9.472122744949743045e-02 3.490837615897980639e-02 -9.948915992933121677e-01 -6.102539999999999765e+01 -2.302889942425248582e-02 9.990407244685113319e-01 3.724648499845044369e-02 7.933879999999999821e-01 9.952374384345520353e-01 2.643929135539188971e-02 -9.382646221006341047e-02 3.750129999999999852e-01
-9.206015743488593639e-02 3.444913287458215706e-02 -9.951573667803771395e-01 -6.171220000000000283e+01 -2.419309398946818679e-02 9.990289747721905478e-01 3.682121357101805770e-02 8.027189999999999603e-01 9.954595027505043214e-01 2.746570242712079168e-02 -9.113733359005016244e-02 3.056960000000000233e-01
-8.780388200758085238e-02 3.526691224716509837e-02 -9.955132963476426289e-01 -6.238020000000000209e+01 -2.348879755470832664e-02 9.990219250233927095e-01 3.746291115208148781e-02 8.082160000000000455e-01 9.958608109037289102e-01 2.667279931138798535e-02 -8.688962586558690582e-02 2.399419999999999886e-01
-8.263015734086984199e-02 3.683203384343580744e-02 -9.958994218196831616e-01 -6.303119999999999834e+01 -2.447763833042395157e-02 9.989403196036138466e-01 3.897541650829138005e-02 8.174529999999999852e-01 9.962796305855038392e-01 2.759781065928657365e-02 -8.164103457959182020e-02 1.859760000000000024e-01
-7.482741335148787587e-02 3.849103648248530796e-02 -9.964533598325764352e-01 -6.369060000000000343e+01 -2.293454712692624339e-02 9.989240281817854950e-01 4.030871455601355013e-02 8.232009999999999605e-01 9.969327283017690444e-01 2.586940338661415997e-02 -7.386412667331998527e-02 1.355550000000000088e-01
-6.658812824725189594e-02 3.987313956980498286e-02 -9.969835274052298857e-01 -6.431719999999999970e+01 -2.604205582158858681e-02 9.987913648129402855e-01 4.168478024038654861e-02 8.303930000000000478e-01 9.974406410935505729e-01 2.873921216649664989e-02 -6.546926896595295364e-02 9.331480000000000330e-02
-5.450718469815036410e-02 4.152302799771577513e-02 -9.976496403859337336e-01 -6.493619999999999948e+01 -2.791264239115676463e-02 9.986811560515078678e-01 4.309098446736858018e-02 8.374939999999999607e-01 9.981231643494831163e-01 3.019580589294668799e-02 -5.327628079596369304e-02 6.120140000000000302e-02
-3.969836672679995238e-02 4.312185261745521414e-02 -9.982807949199781206e-01 -6.554179999999999495e+01 -3.055216394161135163e-02 9.985488398190690562e-01 4.434839088936799040e-02 8.467320000000000402e-01 9.987445143567548200e-01 3.226019719142685788e-02 -3.832329212712348721e-02 3.866019999999999873e-02
-2.118509036738400533e-02 4.445028350967621805e-02 -9.987869463714649232e-01 -6.612179999999999325e+01 -3.345141850941759504e-02 9.984202858647786005e-01 4.514349757608000779e-02 8.557989999999999764e-01 9.992157897800824085e-01 3.436720922046412885e-02 -1.966469894413025443e-02 2.877719999999999931e-02
4.378287716664565603e-04 4.539768076403323527e-02 -9.989688978577930811e-01 -6.668519999999999470e+01 -3.368168320058957665e-02 9.984028590932810809e-01 4.535719536233405458e-02 8.660710000000000353e-01 9.994325152418956915e-01 3.362709525975658698e-02 1.966199798960732714e-03 4.185110000000000219e-02
2.647009992405943007e-02 4.522854772923863564e-02 -9.986259120813533174e-01 -6.722669999999999391e+01 -3.367664859934373089e-02 9.984492580831013653e-01 4.432789609738883863e-02 8.714389999999999636e-01 9.990821873845651124e-01 3.245701008424163592e-02 2.795219753909894411e-02 6.719529999999999947e-02
5.542506819308340438e-02 4.561497162488008933e-02 -9.974203407688524425e-01 -6.773600000000000421e+01 -3.297353102746960335e-02 9.984946260484154346e-01 4.383181497514807012e-02 8.791989999999999528e-01 9.979182371654367056e-01 3.045908921974685435e-02 5.684571942135085987e-02 1.172549999999999981e-01
8.988025488008739849e-02 4.532879146449356883e-02 -9.949205196632839865e-01 -6.823180000000000689e+01 -3.153673211437298812e-02 9.985923398190597045e-01 4.264707941045775552e-02 8.860130000000000505e-01 9.954531502337198301e-01 2.754341153641047535e-02 9.118325597772392044e-02 1.816109999999999947e-01
1.271996377348745544e-01 4.537798750627653616e-02 -9.908385793912128925e-01 -6.870650000000000546e+01 -3.106449136480795431e-02 9.986451505665898676e-01 4.174758227824360013e-02 8.930150000000000032e-01 9.913905635703632591e-01 2.546961915131746093e-02 1.284369454788005793e-01 2.706120000000000192e-01
1.673307853989423333e-01 4.562492165527187032e-02 -9.848445434593845471e-01 -6.915540000000000020e+01 -3.111888893334367051e-02 9.986753161272490242e-01 4.097838100380876702e-02 8.954039999999999777e-01 9.854095711983558159e-01 2.379032328677771826e-02 1.685289218756924612e-01 3.758730000000000127e-01
2.129294879277854324e-01 4.622945315762026774e-02 -9.759732941180093713e-01 -6.960479999999999734e+01 -3.058981509836439239e-02 9.987057976638595846e-01 4.063241224492952774e-02 9.029679999999999929e-01 9.765886013993091419e-01 2.120300387542798856e-02 2.140680645112662539e-01 5.014110000000000511e-01
2.595988459799042913e-01 4.456138672488750563e-02 -9.646878883758501777e-01 -7.002840000000000487e+01 -2.707240327183410566e-02 9.988780383261129936e-01 3.885549550402601915e-02 9.086570000000000480e-01 9.653370002993716392e-01 1.602957775274259367e-02 2.605139698558978090e-01 6.698859999999999815e-01
3.100534770134267260e-01 4.013886914574627679e-02 -9.498714189697389232e-01 -7.044070000000000675e+01 -1.929682245497543747e-02 9.991682316839805011e-01 3.592321584502920079e-02 9.030479999999999619e-01 9.505232632792454117e-01 7.191382148659513154e-03 3.105701369864242167e-01 8.436860000000000470e-01
3.604016083120931691e-01 3.501583386324993302e-02 -9.321397814195669929e-01 -7.083039999999999736e+01 -1.352206277119433718e-02 9.993862980037692134e-01 3.231379242263565654e-02 8.997929999999999540e-01 9.326992197619062841e-01 9.585098761017291080e-04 3.606539154291118487e-01 1.060890000000000111e+00
