1.000000000000000000e+00 -7.113600000000000685e-33 5.144300000000000771e-22 0.000000000000000000e+00 7.113600000000000685e-33 1.000000000000000000e+00 -5.520940000000001596e-37 0.000000000000000000e+00 -5.144300000000000771e-22 5.520940000000001596e-37 1.000000000000000000e+00 0.000000000000000000e+00
9.999892210962867400e-01 -4.770292578419684686e-05 -4.642781027855748428e-03 -4.932940000000000241e-02 5.006243429622415561e-05 9.999998696664627040e-01 5.080952767330758736e-04 1.405920000000000086e-02 4.642756185114396521e-03 -5.083222289431695061e-04 9.999890931522789073e-01 4.371579999999999910e-02
9.999334280315739232e-01 4.362051518318688027e-04 -1.153036122984095989e-02 -5.419849999999999668e-02 -4.292806743761561918e-04 9.999997260478095118e-01 6.030111179745069848e-04 1.221560000000000007e-02 1.153062110762951599e-02 -5.980212130928539219e-04 9.999333413520627989e-01 1.324619999999999964e-01
9.998129546028429182e-01 8.224371704914831003e-04 -1.932302785368070208e-02 -6.860700000000000132e-02 -8.180624808772435580e-04 9.999996379383206957e-01 2.343010990396679244e-04 9.995089999999999877e-03 1.932321355548572567e-02 -2.184498299935016164e-04 9.998132654138776054e-01 2.337460000000000093e-01
9.996005656599041833e-01 1.222315306187794597e-03 -2.823499739138924519e-02 -8.221870000000000567e-02 -1.259892026396162469e-03 9.999983442130569999e-01 -1.313104423138467891e-03 9.552210000000000215e-03 2.823334561261420239e-02 1.348152972218462668e-03 9.996004505196474099e-01 3.363260000000000138e-01
9.992303597871724508e-01 1.339097592035080062e-03 -3.920325110544889413e-02 -1.043779999999999986e-01 -1.464060180626541386e-03 9.999939385376861445e-01 -3.159021315832330045e-03 1.282559999999999950e-02 3.919878323858251579e-02 3.213985924889077150e-03 9.992262635094663059e-01 4.407690000000000219e-01
9.986030501942275706e-01 1.193825842052093989e-03 -5.282540035478901913e-02 -1.285479999999999956e-01 -1.416381566620825974e-03 9.999902781991458767e-01 -4.175807760469423674e-03 1.156100000000000010e-02 5.281990160955084973e-02 4.244795289941380792e-03 9.985950328871577852e-01 5.660429999999999628e-01
9.976407861568373781e-01 1.072324801413660844e-03 -6.864191078261074053e-02 -1.486989999999999978e-01 -1.365685774684419857e-03 9.999901336225179849e-01 -4.227003664945932528e-03 1.124520000000000033e-02 6.863670081474228246e-02 4.310774540487461066e-03 9.976324075149767268e-01 7.008680000000000465e-01
9.961831016121758253e-01 -1.323427067731887223e-04 -8.728808938081671076e-02 -1.818259999999999876e-01 -2.651733940973489425e-04 9.999896478198332384e-01 -4.542459271902779365e-03 1.231860000000000073e-02 8.728778692014448060e-02 4.548267645356480864e-03 9.961727538514640878e-01 8.478320000000000300e-01
9.942235478506413759e-01 -1.152253773662192254e-03 -1.073229202478412497e-01 -2.126039999999999874e-01 6.569313955169237126e-04 9.999889706209489360e-01 -4.650492188627244894e-03 7.029610000000000372e-03 1.073270950898467108e-01 4.553125047259307459e-03 9.942133391339501580e-01 1.012119999999999909e+00
9.917126403351659292e-01 -1.316905401113084096e-03 -1.284690809479787088e-01 -2.730870000000000242e-01 6.724535830576756478e-04 9.999869738308123646e-01 -5.059641773157572825e-03 6.611970000000000000e-03 1.284740705575737052e-01 4.931321208212602336e-03 9.917006076762829858e-01 1.156169999999999920e+00
9.882958654689707467e-01 1.894256067724628834e-03 -1.525375169946329990e-01 -3.310319999999999929e-01 -2.945211042343112619e-03 9.999734570130571765e-01 -6.664157956671510653e-03 -7.222370000000000309e-04 1.525208445716653982e-01 7.035414934834792293e-03 9.882752121286056957e-01 1.336370000000000058e+00
9.839795500529702199e-01 5.584137415947812086e-03 -1.781938901502349570e-01 -3.936680000000000179e-01 -7.233201595770863065e-03 9.999368067200011811e-01 -8.606007278743291189e-03 -4.315770000000000023e-03 1.781345723665934688e-01 9.757047500481709490e-03 9.839577603494187308e-01 1.511300000000000088e+00
9.787101869457320857e-01 9.143145927521433014e-03 -2.050433438353905513e-01 -4.672760000000000247e-01 -1.130645855451878345e-02 9.998920711411647400e-01 -9.381367916610842614e-03 -1.068939999999999994e-02 2.049354385254173183e-01 1.149995441642767853e-02 9.787079324726121188e-01 1.693589999999999929e+00
9.721257546242721981e-01 9.785254972288140798e-03 -2.342557704333378121e-01 -5.450310000000000432e-01 -1.243101862891477817e-02 9.998745068433345651e-01 -9.820404301562011065e-03 -1.686239999999999961e-02 2.341302777772173160e-01 1.245870578855902584e-02 9.721254001814977341e-01 1.885299999999999976e+00
9.644231336170909774e-01 1.137026655775001324e-02 -2.641187921799513783e-01 -6.542850000000000055e-01 -1.438370017190850059e-02 9.998516246152457931e-01 -9.478286955894851817e-03 -1.630940000000000167e-02 2.639718328033414663e-01 1.294008472380914210e-02 9.644435834686160280e-01 2.051099999999999923e+00
9.551741706503513729e-01 1.321374108741531217e-02 -2.957493884505733583e-01 -7.528979999999999562e-01 -1.655945586411358694e-02 9.998240628417172093e-01 -8.810663094585450411e-03 -2.018340000000000065e-02 2.955809333226651625e-01 1.331316675913616840e-02 9.552249323834389738e-01 2.245820000000000149e+00
9.441351858118677276e-01 1.550992905690905775e-02 -3.291932456971735088e-01 -8.617690000000000072e-01 -1.912496816276508527e-02 9.997870949311766786e-01 -7.745992631781422472e-03 -2.628300000000000081e-02 3.290030189903479507e-01 1.360907453606005971e-02 9.442308015445740610e-01 2.441840000000000011e+00
9.318422202694489620e-01 1.749551762114065837e-02 -3.624416965340387375e-01 -9.636010000000000408e-01 -2.179615860952857295e-02 9.997321646817347585e-01 -7.779869577376203292e-03 -2.590020000000000169e-02 3.622085090016137765e-01 1.514944764475150904e-02 9.319739750888362817e-01 2.622510000000000119e+00
9.181486941174521466e-01 2.035000258466998502e-02 -3.957130941543646752e-01 -1.102360000000000007e+00 -2.529303434346406865e-02 9.996535899965182104e-01 -7.277528479743037085e-03 -2.671710000000000057e-02 3.954279174566681099e-01 1.669063815068341089e-02 9.183453515393897870e-01 2.818649999999999878e+00
9.029399303089412632e-01 2.056774860022930751e-02 -4.292743295041087093e-01 -1.247810000000000086e+00 -2.613187776371062726e-02 9.996334973375160526e-01 -7.070782510351737715e-03 -2.014540000000000081e-02 4.289715692423295978e-01 1.760223617282688155e-02 9.031464743127158856e-01 2.994619999999999838e+00
8.848993179458357616e-01 1.605867003160044854e-02 -4.655054416607939949e-01 -1.381669999999999954e+00 -2.248535568749305408e-02 9.997130824526655468e-01 -8.256001005142014210e-03 -1.952809999999999963e-02 4.652392995852796531e-01 1.777278508861680067e-02 8.850065097114213630e-01 3.174380000000000202e+00
8.640284035162103526e-01 1.175022913980450917e-02 -5.033059209192664030e-01 -1.534690000000000110e+00 -1.876268067202487705e-02 9.997846286567978469e-01 -8.868941063537371522e-03 -2.868079999999999935e-02 5.030933111573124839e-01 1.710638526255515643e-02 8.640627823555535603e-01 3.374169999999999892e+00
8.395587093547468571e-01 1.310377232929176364e-02 -5.431109138079751597e-01 -1.695219999999999949e+00 -1.950803245804806976e-02 9.997914923834403389e-01 -6.033939617594522714e-03 -3.712700000000000028e-02 5.429186036748118172e-01 1.566087189255825629e-02 8.396392837852201252e-01 3.549119999999999830e+00
8.111160545516949982e-01 1.761001137299153876e-02 -5.846200762443373167e-01 -1.903310000000000057e+00 -2.374592834782804016e-02 9.997140140281166598e-01 -2.832144539099566184e-03 -3.933140000000000247e-02 5.844030090061066440e-01 1.617954434567437164e-02 8.113022528067913575e-01 3.734989999999999810e+00
7.806276182013622833e-01 2.003508411455413168e-02 -6.246752092934302336e-01 -2.146370000000000111e+00 -2.675784982573948395e-02 9.996409965665519204e-01 -1.376755655249929308e-03 -3.583270000000000205e-02 6.244233653331459077e-01 1.778969892813899584e-02 7.808834659781668242e-01 3.874820000000000153e+00
7.447351795066262659e-01 1.983673915646232133e-02 -6.670652263346303901e-01 -2.323760000000000048e+00 -2.771641825286119687e-02 9.996150845980970034e-01 -1.217704057594469133e-03 -3.594819999999999960e-02 6.667843073771799745e-01 1.939552586494869973e-02 7.449983228249286160e-01 4.033260000000000289e+00
7.058531185169171218e-01 1.575057088446793832e-02 -7.081830939783552159e-01 -2.568340000000000067e+00 -2.247505977335363322e-02 9.997473901741732449e-01 -1.659159832742736207e-04 -4.775669999999999915e-02 7.080015866988765838e-01 1.603356968184799919e-02 7.060288081056822485e-01 4.208820000000000228e+00
6.639298503741460911e-01 1.190347380193014677e-02 -7.477001144132658927e-01 -2.802529999999999966e+00 -1.778861289414616215e-02 9.998417626674336312e-01 1.219728726201355778e-04 -4.893200000000000327e-02 7.475832522424953330e-01 1.321956646513798919e-02 6.640365381731697658e-01 4.365610000000000213e+00
6.200570162713051614e-01 1.110754589428942368e-02 -7.844781188770868496e-01 -3.043540000000000134e+00 -1.559488340726971137e-02 9.998767157385610727e-01 1.831102231561378829e-03 -4.980709999999999998e-02 7.844017441236603716e-01 1.109845701325275907e-02 6.201537938831662711e-01 4.506160000000000387e+00
5.727785163627994169e-01 1.145928987517830233e-02 -8.196300725746871185e-01 -3.358729999999999993e+00 -1.394056782764895031e-02 9.998938462750439626e-01 4.237540553370156698e-03 -4.505359999999999920e-02 8.195916249949563026e-01 8.998936429121702496e-03 5.728774627974744238e-01 4.645550000000000068e+00
5.222972729246877499e-01 1.211771144362188378e-02 -8.526773831671644599e-01 -3.656429999999999847e+00 -1.302428844458811651e-02 9.998957595188631142e-01 6.232014658838507318e-03 -5.121799999999999964e-02 8.526640174218368395e-01 7.850551927407701733e-03 5.224006529747915462e-01 4.765089999999999826e+00
4.705683884027652142e-01 1.305064127112312566e-02 -8.822670075427487824e-01 -3.948809999999999931e+00 -1.259518945188838404e-02 9.998880900427808971e-01 8.072706688025019575e-03 -4.253969999999999974e-02 8.822736270787512325e-01 7.313559530919402051e-03 4.706801024138288492e-01 4.869620000000000282e+00
4.165855016881543915e-01 1.455060664938644284e-02 -9.089800875868314645e-01 -4.304339999999999833e+00 -1.166420477247462513e-02 9.998751484649082144e-01 1.065991600828046504e-02 -3.918050000000000005e-02 9.090217082722802378e-01 6.161763417451612129e-03 4.167032116042937995e-01 4.963020000000000209e+00
3.617737805214040203e-01 1.626828537771603592e-02 -9.321239588263569020e-01 -4.627580000000000027e+00 -1.174917960747200521e-02 9.998478881728855017e-01 1.289020150239628300e-02 -3.065029999999999838e-02 9.321918732244999228e-01 6.288354879474126677e-03 3.619098894574551695e-01 5.016729999999999912e+00
3.071054028811366909e-01 1.913173028665867206e-02 -9.514831834654007281e-01 -5.025649999999999729e+00 -1.027277477013329235e-02 9.998063031074472251e-01 1.678768492501146736e-02 -2.800400000000000111e-02 9.516200615895700210e-01 4.618783698972241634e-03 3.072424534751102554e-01 5.078479999999999883e+00
2.534231482401875235e-01 2.050989236982889499e-02 -9.671380730025107564e-01 -5.405420000000000336e+00 -6.422575700625473248e-03 9.997888499354744551e-01 1.951937668244309657e-02 -2.517770000000000077e-02 9.673342020508741701e-01 1.264855596264834875e-03 2.535013642624412977e-01 5.136230000000000295e+00
2.024454740136183151e-01 2.125644637827939568e-02 -9.790628138882451204e-01 -5.783940000000000303e+00 -4.413505965803126568e-03 9.997740499954753668e-01 2.079350669643436483e-02 -3.063360000000000041e-02 9.792835907011263608e-01 1.115482504267673730e-04 2.024935469107512764e-01 5.180439999999999934e+00
1.552678559762072086e-01 2.160254349160591406e-02 -9.876361794786807646e-01 -6.212740000000000151e+00 -6.517438167928264574e-03 9.997615147396411439e-01 2.084314384216981453e-02 -2.246149999999999883e-02 9.878509077286303786e-01 3.200587475983814392e-03 1.553716201226258420e-01 5.194619999999999571e+00
1.124470619071163829e-01 2.137175511382999327e-02 -9.934278566417452661e-01 -6.633320000000000327e+00 -9.158788031410080438e-03 9.997484949379907837e-01 2.047103981281507903e-02 -7.575219999999999697e-03 9.936155065568638145e-01 6.796686882345119411e-03 1.126145202767854236e-01 5.208619999999999806e+00
7.461863110616000216e-02 1.996901452973468688e-02 -9.970121856580058672e-01 -7.106200000000000294e+00 -1.089495877414353026e-02 9.997561356300750379e-01 1.920856952842996818e-02 4.790490000000000004e-04 9.971526261135517100e-01 9.429089496343766308e-03 7.481799587076232161e-02 5.185080000000000133e+00
3.997905241229247897e-02 1.734049727203118563e-02 -9.990500400493330657e-01 -7.565690000000000026e+00 -1.031185398888489341e-02 9.998033160769934646e-01 1.694092172107370536e-02 5.204099999999999698e-03 9.991473069750661518e-01 9.624776143178977172e-03 4.015000185138983824e-02 5.174319999999999808e+00
9.033333461244272972e-03 1.454227189165827570e-02 -9.998534498689328753e-01 -8.032140000000000057e+00 -1.023982505306457631e-02 9.998431650928132353e-01 1.444960899359860537e-02 3.980540000000000293e-03 9.999067680886355447e-01 1.010779626893717684e-02 9.180827039273919965e-03 5.159370000000000012e+00
-1.806322849765181274e-02 1.233471169963523857e-02 -9.997607587135678431e-01 -8.523260000000000502e+00 -1.071063155758693146e-02 9.998641377458917789e-01 1.252950203726455568e-02 1.115589999999999984e-02 9.997794767586897224e-01 1.093439239057549146e-02 -1.792866183432784144e-02 5.122720000000000162e+00
-3.877026670642009371e-02 9.906390182890205745e-03 -9.991990441614007068e-01 -9.023099999999999454e+00 -1.171299744203747710e-02 9.998776518149414816e-01 1.036759817708244290e-02 1.558350000000000013e-02 9.991794994446370204e-01 1.210557039477926609e-02 -3.864948971178228110e-02 5.079500000000000348e+00
-5.474729685390285899e-02 9.176327977082768608e-03 -9.984580754804117664e-01 -9.568789999999999907e+00 -1.157771077555636192e-02 9.998847135528501351e-01 9.824266717288785561e-03 2.842439999999999897e-02 9.984331174897937977e-01 1.209771086577415833e-02 -5.463474436125714817e-02 5.022549999999999848e+00
-6.781609201688622302e-02 9.781628758835800297e-03 -9.976498871860713935e-01 -1.011050000000000004e+01 -1.081311855649511738e-02 9.998860008596375248e-01 1.053858396580141348e-02 2.976410000000000167e-02 9.976392404725465957e-01 1.150239208796944614e-02 -6.770259112924859046e-02 4.972839999999999705e+00
-7.701420862429815550e-02 1.102308500924197542e-02 -9.969690583297218245e-01 -1.066970000000000063e+01 -1.125004919194231602e-02 9.998656163861354695e-01 1.192415875238998953e-02 3.197379999999999667e-02 9.969665230403436107e-01 1.213428059887958731e-02 -7.687984892802335324e-02 4.913319999999999688e+00
-8.456229364932515979e-02 1.216341671144817796e-02 -9.963439515481936626e-01 -1.124619999999999997e+01 -1.311609123035886379e-02 9.998252694181781752e-01 1.331911347291427072e-02 3.612590000000000245e-02 9.963318657172431925e-01 1.419443294996761487e-02 -8.438798154729543199e-02 4.853360000000000340e+00
-8.850917297491839308e-02 1.311787843095375827e-02 -9.959889796402201512e-01 -1.182920000000000016e+01 -1.290001190207142046e-02 9.998143233154677123e-01 1.431462839754277586e-02 4.491119999999999834e-02 9.959918252637531833e-01 1.411524561260060068e-02 -8.832351809724048319e-02 4.790510000000000268e+00
-8.869837984313677648e-02 1.548248247190819361e-02 -9.959381959487798586e-01 -1.244609999999999950e+01 -1.252508394794614628e-02 9.997827974841509979e-01 1.665773474582053423e-02 6.208820000000000311e-02 9.959797787532134183e-01 1.395172359503550619e-02 -8.848519493919981826e-02 4.671730000000000160e+00
-8.849133436468260838e-02 1.612080990127798263e-02 -9.959464861278870540e-01 -1.306129999999999924e+01 -1.001446830273875627e-02 9.998040914834184223e-01 1.707305121030657305e-02 6.052729999999999916e-02 9.960266031421911581e-01 1.148469159982834845e-02 -8.831255681886607256e-02 4.646539999999999893e+00
-8.705675318821606834e-02 1.860902363681629298e-02 -9.960295306684490146e-01 -1.369650000000000034e+01 -9.592699555937514444e-03 9.997635010667959010e-01 1.951722444130939496e-02 7.236149999999999527e-02 9.961571672379594400e-01 1.125371822764996768e-02 -8.685765358618147136e-02 4.584050000000000402e+00
-8.505696841379493944e-02 1.868488550571809764e-02 -9.962008769208610115e-01 -1.434319999999999951e+01 -1.059476758595147110e-02 9.997506639927824512e-01 1.965606129900658583e-02 8.426809999999999856e-02 9.963197594266881563e-01 1.222640174494679655e-02 -8.483779862960139084e-02 4.513550000000000395e+00
-8.313233688286296441e-02 1.633975499316622781e-02 -9.964045498547050572e-01 -1.500220000000000020e+01 -1.459049098700601274e-02 9.997384377998872473e-01 1.761174489365586321e-02 1.004150000000000043e-01 9.964316996850072217e-01 1.600213711366129526e-02 -8.287218755796965652e-02 4.431390000000000384e+00
-8.146741199559023872e-02 1.584680913436848498e-02 -9.965500185254121401e-01 -1.568919999999999959e+01 -1.312965358633257779e-02 9.997697662272497787e-01 1.697135040629301275e-02 1.139980000000000021e-01 9.965895208055537413e-01 1.446696852036298206e-02 -8.124059233158731352e-02 4.346560000000000201e+00
-7.912970632049548536e-02 1.851995249760717693e-02 -9.966922799626365403e-01 -1.636830000000000140e+01 -1.415939225835169402e-02 9.997056656691745147e-01 1.970009238116904315e-02 1.494419999999999915e-01 9.967637639824726836e-01 1.567141947747038855e-02 -7.884418445931762331e-02 4.244989999999999597e+00
-7.768424618284029692e-02 2.203305134071521787e-02 -9.967345195906589517e-01 -1.709290000000000020e+01 -1.365614073339131880e-02 9.996384600165257872e-01 2.316158621637673387e-02 1.618239999999999956e-01 9.968844806271557335e-01 1.541083723897730684e-02 -7.735527377186424136e-02 4.187429999999999986e+00
-7.570574287156511817e-02 2.393758971935451563e-02 -9.968428322933825525e-01 -1.781340000000000146e+01 -1.252920916189160204e-02 9.996100430110079760e-01 2.495557711831600939e-02 1.760099999999999998e-01 9.970514828302711186e-01 1.437893285186696117e-02 -7.537630181960019993e-02 4.129330000000000389e+00
-7.428007088580974859e-02 2.353371930651726451e-02 -9.969596958377007212e-01 -1.856259999999999977e+01 -1.578054570457738948e-02 9.995685914682049811e-01 2.477105826432190669e-02 1.863360000000000016e-01 9.971125540511784902e-01 1.757256400957877066e-02 -7.387665089637207583e-02 4.069639999999999702e+00
-7.240257251726092691e-02 2.038402205138646617e-02 -9.971671670978201618e-01 -1.931909999999999883e+01 -1.744892933184886280e-02 9.996122268461522520e-01 2.170094018352537735e-02 1.758119999999999961e-01 9.972228448837578973e-01 1.897070332606021897e-02 -7.201881738309567904e-02 4.016070000000000029e+00
-7.063558826733856710e-02 1.957982176844428462e-02 -9.973100040858120519e-01 -2.007989999999999853e+01 -1.960155446544714630e-02 9.995870347964346259e-01 2.101282773473501023e-02 1.879450000000000010e-01 9.973095771788540453e-01 2.103307981222662590e-02 -7.022262328443285018e-02 3.962340000000000195e+00
-6.967040263075978401e-02 2.157952042366492740e-02 -9.973366328855832741e-01 -2.087340000000000018e+01 -1.616116929357062221e-02 9.996103764062098662e-01 2.275767976090775635e-02 2.022650000000000003e-01 9.974391468176555531e-01 1.770366287862793625e-02 -6.929450711526508044e-02 3.912910000000000110e+00
-6.795785982919727575e-02 2.365038637757922377e-02 -9.974078345950700974e-01 -2.165549999999999997e+01 -1.599644233112563693e-02 9.995646544598940642e-01 2.479143778040527463e-02 2.086169999999999969e-01 9.975599446249745483e-01 1.763974996035797688e-02 -6.754995263620766632e-02 3.859669999999999934e+00
-6.721196163482498487e-02 2.533833557321123198e-02 -9.974169243418612441e-01 -2.246549999999999869e+01 -1.181467447413167386e-02 9.995871736209056557e-01 2.618961243775159639e-02 2.216329999999999967e-01 9.976687655130179744e-01 1.354441150248580569e-02 -6.688485057755766405e-02 3.810989999999999878e+00
-6.661040937859040445e-02 2.074969696654108825e-02 -9.975632829240526078e-01 -2.326970000000000027e+01 -1.200761219221685439e-02 9.996946723699171589e-01 2.159581636903974006e-02 2.142509999999999970e-01 9.977068059364224695e-01 1.341685920775332469e-02 -6.634091706587574855e-02 3.767370000000000108e+00
-6.645808835325732467e-02 1.396185636683322344e-02 -9.976915300127704445e-01 -2.407179999999999964e+01 -1.463389585731666130e-02 9.997809116663445295e-01 1.496588653071342923e-02 2.174260000000000081e-01 9.976818989961018236e-01 1.559471815727677887e-02 -6.623921180937508701e-02 3.717659999999999965e+00
-6.640900399784475938e-02 9.139313896640485421e-03 -9.977506287291997289e-01 -2.489049999999999940e+01 -1.138847344919805167e-02 9.998859726235135303e-01 9.916875678718916481e-03 2.211079999999999990e-01 9.977274912823197450e-01 1.202142638079732595e-02 -6.629734871968806509e-02 3.666459999999999830e+00
-6.704062716335934535e-02 1.014592880714015009e-02 -9.976986591342017485e-01 -2.572210000000000107e+01 -1.196967835009486898e-02 9.998681590594815649e-01 1.097229689711883872e-02 2.265540000000000054e-01 9.976784457477964052e-01 1.267772170556276216e-02 -6.691034495963676942e-02 3.607689999999999841e+00
-6.708167487167880638e-02 1.702572519686634811e-02 -9.976022120955484462e-01 -2.655669999999999931e+01 -1.047326465674786045e-02 9.997872948000482429e-01 1.776727001627317545e-02 2.307919999999999972e-01 9.976925175743479590e-01 1.164001022002274753e-02 -6.688909132465226115e-02 3.547950000000000159e+00
-6.739660744990380592e-02 2.394398835770828599e-02 -9.974389117764405066e-01 -2.740240000000000009e+01 -1.077446134664907136e-02 9.996362323813664519e-01 2.472476275065809553e-02 2.285099999999999909e-01 9.976680852302201030e-01 1.241323212997707398e-02 -6.711410716946297761e-02 3.491800000000000015e+00
-6.738046808154234124e-02 2.922289423464364405e-02 -9.972993005982020431e-01 -2.824390000000000001e+01 -1.150752111704142489e-02 9.994817223383172244e-01 3.006432552664185798e-02 2.488769999999999871e-01 9.976609892537910973e-01 1.350219108818545045e-02 -6.700926321759570481e-02 3.412009999999999987e+00
-6.772082623178184158e-02 3.005084872248323796e-02 -9.972516413551512082e-01 -2.906729999999999947e+01 -1.246147003286354749e-02 9.994428437516542640e-01 3.096310446687040169e-02 2.636600000000000055e-01 9.976264839403096163e-01 1.452406846116863909e-02 -6.730861739948634792e-02 3.331910000000000149e+00
-6.768887967625371316e-02 2.655409156010149485e-02 -9.973530447086385031e-01 -2.990050000000000097e+01 -1.444930292656874081e-02 9.995148235911504031e-01 2.759230085527005286e-02 2.754380000000000162e-01 9.976018410233162825e-01 1.627874820031413941e-02 -6.727235051580160441e-02 3.272699999999999942e+00
-6.829839359726518067e-02 2.416841698829319193e-02 -9.973721557434381824e-01 -3.072729999999999961e+01 -1.555135169896698991e-02 9.995592809557368730e-01 2.528634642618779807e-02 2.824409999999999976e-01 9.975437258047229472e-01 1.723750200957565801e-02 -6.789244164192209663e-02 3.214669999999999916e+00
-6.860186330355352857e-02 2.537647385668372058e-02 -9.973213218045033912e-01 -3.158539999999999992e+01 -1.738808045507220928e-02 9.994941790030892337e-01 2.662781998265064537e-02 2.800400000000000111e-01 9.974925759169182005e-01 1.916822144961709273e-02 -6.812591487158137227e-02 3.179790000000000116e+00
-6.877764555193993656e-02 2.724720829621317397e-02 -9.972598583681159257e-01 -3.241749999999999687e+01 -1.590435820018154534e-02 9.994699784673783949e-01 2.840446325242482195e-02 3.002279999999999949e-01 9.975052314963427369e-01 1.781437011181721125e-02 -6.830784255813648898e-02 3.102879999999999860e+00
-6.885881565241716573e-02 2.578861034422810089e-02 -9.972930417301926198e-01 -3.324499999999999744e+01 -1.667273530191876879e-02 9.994964704108989517e-01 2.699676894940001085e-02 3.057590000000000030e-01 9.974870843296661516e-01 1.848656843951056519e-02 -6.839417652719204099e-02 3.040620000000000100e+00
-6.832941888622036386e-02 2.116310829624349146e-02 -9.974383255930728831e-01 -3.408059999999999690e+01 -1.820055274534832304e-02 9.995821596522215247e-01 2.245542216847629807e-02 3.076389999999999958e-01 9.974967821474088892e-01 1.968829480280537281e-02 -6.791568782926815651e-02 2.979929999999999968e+00
-6.819539155346689141e-02 1.706244678954365809e-02 -9.975260705768165259e-01 -3.490240000000000009e+01 -2.113765727959543775e-02 9.996045989154549449e-01 1.854306532919699352e-02 3.107070000000000110e-01 9.974480377521428576e-01 2.234991580804036870e-02 -6.780776686909695261e-02 2.919130000000000003e+00
-6.829830306642965809e-02 1.736387236650591137e-02 -9.975138283425878383e-01 -3.572619999999999862e+01 -2.044729252140402992e-02 9.996141516091214818e-01 1.880042901958434848e-02 3.125240000000000240e-01 9.974553874869743764e-01 2.168049444122496783e-02 -6.791690609850942195e-02 2.849289999999999878e+00
-6.723380985826836465e-02 1.977543789738820529e-02 -9.975412507099183923e-01 -3.657589999999999719e+01 -1.755253692995154685e-02 9.996253885311643383e-01 2.099978693324316623e-02 3.125749999999999917e-01 9.975828402991224753e-01 1.892127532396972386e-02 -6.686151419800201445e-02 2.791080000000000005e+00
-6.731093542140817454e-02 2.461195991666576682e-02 -9.974284382359245305e-01 -3.739829999999999899e+01 -1.857927080057079905e-02 9.994914389404458976e-01 2.591667766662628797e-02 3.236040000000000028e-01 9.975590452044501566e-01 2.027596887493138267e-02 -6.681943143254620576e-02 2.735129999999999839e+00
-6.620970395598414771e-02 2.993376076297665778e-02 -9.973566288287483150e-01 -3.824839999999999662e+01 -1.611635523805916848e-02 9.993874392794656059e-01 3.106459889123233675e-02 3.368639999999999968e-01 9.976755676049711141e-01 1.813053162533712070e-02 -6.568672336995529104e-02 2.681280000000000108e+00
-6.675947347341586180e-02 3.329022799146000300e-02 -9.972135846556789973e-01 -3.906689999999999685e+01 -1.726845859145048623e-02 9.992549996651223232e-01 3.451443150526772863e-02 3.497100000000000208e-01 9.976196534949718364e-01 1.952450676798444390e-02 -6.613486671975143949e-02 2.619180000000000064e+00
-6.664134454120804185e-02 3.309063329810797011e-02 -9.972281289582991537e-01 -3.989549999999999841e+01 -1.581782859912654604e-02 9.992892755569411367e-01 3.421607890001838320e-02 3.605639999999999956e-01 9.976516062715223843e-01 1.805418912091531769e-02 -6.607055894297830800e-02 2.542209999999999859e+00
-6.599183039671409345e-02 2.909248655876381026e-02 -9.973959622671029202e-01 -4.071529999999999916e+01 -1.600151281263687345e-02 9.994154793224538924e-01 3.021011880772197719e-02 3.696360000000000201e-01 9.976918511788090971e-01 1.795346530611308458e-02 -6.548773301087662535e-02 2.483109999999999928e+00
-6.586387271779754748e-02 2.499634582075543204e-02 -9.975154800634539187e-01 -4.152969999999999828e+01 -1.820397646921367157e-02 9.994897042364166984e-01 2.624778783266459511e-02 3.828639999999999821e-01 9.976625509215638621e-01 1.988752928368587095e-02 -6.537522977143905845e-02 2.413180000000000103e+00
-6.482616492516235507e-02 2.215995533703267115e-02 -9.976504922669845454e-01 -4.237910000000000110e+01 -2.107528909865555647e-02 9.995000072232885779e-01 2.357048472251329491e-02 3.896620000000000084e-01 9.976739951158916098e-01 2.255375667393038491e-02 -6.432672484581658523e-02 2.364020000000000010e+00
-6.581741642230053146e-02 2.019575271182360438e-02 -9.976272847451079784e-01 -4.320389999999999731e+01 -2.526409184186092366e-02 9.994409181991031899e-01 2.189923954705785825e-02 4.021319999999999895e-01 9.975118011125982953e-01 2.664549871434715445e-02 -6.527039175126980730e-02 2.306869999999999976e+00
-6.630133162581147710e-02 1.820465439829759002e-02 -9.976335619769830521e-01 -4.403390000000000271e+01 -2.125159050277165146e-02 9.995809859672439845e-01 1.965254166398602495e-02 3.976239999999999775e-01 9.975733072440075011e-01 2.250428961311031970e-02 -6.588667257695279833e-02 2.235990000000000144e+00
-6.752396564168923476e-02 1.471925881873915529e-02 -9.976090704699143163e-01 -4.486440000000000339e+01 -1.922178646059065008e-02 9.996863957790361743e-01 1.605095073768563266e-02 3.961830000000000074e-01 9.975324741527380468e-01 2.025965236984896348e-02 -6.721985939117580688e-02 2.193109999999999893e+00
-6.826515738502071662e-02 1.357316182383858094e-02 -9.975748781747175720e-01 -4.569310000000000116e+01 -1.582731694830292329e-02 9.997668805583300733e-01 1.468606744106992941e-02 3.942439999999999833e-01 9.975416604460269898e-01 1.679148048176759556e-02 -6.803441671546917036e-02 2.144750000000000156e+00
-6.962300340667801346e-02 1.634278282727335413e-02 -9.974394973361008221e-01 -4.651639999999999731e+01 -1.461560594248914602e-02 9.997417665177734669e-01 1.740069949328544238e-02 3.990369999999999751e-01 9.974663009142549219e-01 1.578967160463850758e-02 -6.936616474225809625e-02 2.094829999999999970e+00
-7.171024633622515021e-02 2.229584921757387858e-02 -9.971762811449462749e-01 -4.734689999999999799e+01 -1.043369927110336312e-02 9.996786633156405921e-01 2.310212178511662079e-02 4.020020000000000260e-01 9.973709332489681945e-01 1.206089628184377899e-02 -7.145457501770280384e-02 2.043350000000000222e+00
-7.362377232976216601e-02 2.601633169737838439e-02 -9.969466839470140229e-01 -4.816830000000000211e+01 -8.578923098000516140e-03 9.996061635075980112e-01 2.671928060595765708e-02 4.018999999999999795e-01 9.972491876288565038e-01 1.051990316653611014e-02 -7.337158449258651682e-02 1.972699999999999898e+00
-7.486384484294339448e-02 2.569010693328142858e-02 -9.968627905289111357e-01 -4.897310000000000230e+01 -9.307851712906227773e-03 9.996065432268548268e-01 2.645983058427422985e-02 4.041870000000000185e-01 9.971503239892276493e-01 1.125953568378868820e-02 -7.459526945030259260e-02 1.918809999999999905e+00
-7.623835576568974148e-02 2.201236642082607387e-02 -9.968466124909587389e-01 -4.978880000000000194e+01 -1.234710024404028252e-02 9.996587845688353902e-01 2.301876516936524411e-02 4.073570000000000246e-01 9.970131705377356379e-01 1.406307786062677492e-02 -7.594055316744940942e-02 1.853269999999999973e+00
-7.721448859264637421e-02 1.836480281138073989e-02 -9.968453524840624747e-01 -5.060410000000000252e+01 -1.883304550745126121e-02 9.996250840895261058e-01 1.987479951904643979e-02 4.123680000000000123e-01 9.968366160752172300e-01 2.030825636796819780e-02 -7.683967448527173616e-02 1.791889999999999983e+00
-7.844722417740762621e-02 1.686549793483675327e-02 -9.967755956072906764e-01 -5.139600000000000080e+01 -2.232207940974442403e-02 9.995764946233505199e-01 1.866965900384598073e-02 4.168270000000000031e-01 9.966683288786114536e-01 2.371468692403170750e-02 -7.803752837199895431e-02 1.731800000000000006e+00
-7.919147030657804065e-02 1.850711730946390937e-02 -9.966876128655235423e-01 -5.220510000000000161e+01 -2.334156158449983420e-02 9.995190985038230336e-01 2.041428982115099655e-02 4.117279999999999829e-01 9.965861139577849581e-01 2.488088292241030786e-02 -7.872140199159272100e-02 1.661550000000000082e+00
-8.074958078964893093e-02 1.929855242566561047e-02 -9.965475759222784946e-01 -5.300769999999999982e+01 -2.382289770589512967e-02 9.994895601850363187e-01 2.128587855873373402e-02 4.182910000000000239e-01 9.964496850053142785e-01 2.545947673061133010e-02 -8.024861554826379084e-02 1.609070000000000000e+00
-8.211731919287783288e-02 1.922926810742893108e-02 -9.964371435954338940e-01 -5.381510000000000105e+01 -2.465026369671469500e-02 9.994687864964049151e-01 2.131922416708181139e-02 4.186219999999999941e-01 9.963177758066233958e-01 2.631311588270138918e-02 -8.159969083450058225e-02 1.556929999999999925e+00
-8.282341184205278817e-02 1.904774070423603458e-02 -9.963821887332721117e-01 -5.459859999999999758e+01 -2.607001458053218382e-02 9.994337439337234175e-01 2.127312450937365179e-02 4.208669999999999911e-01 9.962231862341955901e-01 2.773761094046609671e-02 -8.227993770478192470e-02 1.492569999999999952e+00
-8.289688592326914518e-02 2.063206728463634274e-02 -9.963445308244465171e-01 -5.537599999999999767e+01 -2.541066965330007407e-02 9.994168335439942430e-01 2.280988155749283028e-02 4.241599999999999815e-01 9.962341111264936266e-01 2.720864988304703622e-02 -8.232426859405683750e-02 1.434330000000000105e+00
-8.369648874346853618e-02 2.324261521793337046e-02 -9.962201958451981643e-01 -5.614650000000000318e+01 -2.429524679084988856e-02 9.993831775329392597e-01 2.535755208093497942e-02 4.270820000000000172e-01 9.961950806721471263e-01 2.632575358839180091e-02 -8.308017779601295505e-02 1.353920000000000012e+00
-8.378394313995514431e-02 2.756798452605487004e-02 -9.961025334277044951e-01 -5.691270000000000095e+01 -2.310937219791912162e-02 9.992946467638861296e-01 2.960009908189511346e-02 4.356559999999999877e-01 9.962159443557094818e-01 2.549931721068555285e-02 -8.308776704936793323e-02 1.291330000000000089e+00
-8.419562203173616699e-02 2.970984405603994960e-02 -9.960062361234766071e-01 -5.769310000000000116e+01 -2.304446441329229683e-02 9.992300207106231680e-01 3.175402920185196182e-02 4.439609999999999945e-01 9.961827392053094199e-01 2.562598050442850550e-02 -8.344614570244168750e-02 1.223899999999999988e+00
-8.497099080225825607e-02 2.975600542959120839e-02 -9.959390096100044776e-01 -5.844700000000000273e+01 -2.278926416708819749e-02 9.992344502699415099e-01 3.179878665060045795e-02 4.499770000000000159e-01 9.961227736382725073e-01 2.539869159232172741e-02 -8.422782381489457570e-02 1.163689999999999891e+00
-8.492517978736677242e-02 2.807264458589639813e-02 -9.959917873476855643e-01 -5.918679999999999808e+01 -2.151890064960436041e-02 9.993181984543623164e-01 3.000125251985710090e-02 4.572069999999999745e-01 9.961549331067511837e-01 2.398051008385176930e-02 -8.426318521870856948e-02 1.106619999999999937e+00
-8.564567088541819029e-02 2.436271636571669258e-02 -9.960277491665929794e-01 -5.991890000000000072e+01 -2.225882480505524813e-02 9.994046890592251930e-01 2.635929067200703038e-02 4.618959999999999733e-01 9.960769868724423937e-01 2.442796630334051131e-02 -8.505239964515032280e-02 1.020350000000000090e+00
-8.530068925819003778e-02 2.115507884985018405e-02 -9.961306415580910567e-01 -6.063419999999999987e+01 -2.263732544877921499e-02 9.994753389715229641e-01 2.316459117458087580e-02 4.679150000000000253e-01 9.960980593840165209e-01 2.452568911602768381e-02 -8.477704090601534404e-02 9.556459999999999955e-01
-8.385724104092830145e-02 1.903056310675019236e-02 -9.962960407393194329e-01 -6.135289999999999822e+01 -2.453064699693894429e-02 9.994751976076297062e-01 2.115600919599640653e-02 4.694929999999999937e-01 9.961757929617217622e-01 2.621387104243691826e-02 -8.334640053448783004e-02 8.920620000000000216e-01
-8.190686444036791858e-02 1.826141326606238804e-02 -9.964726721506582674e-01 -6.205040000000000333e+01 -2.619396816658728713e-02 9.994472955658986191e-01 2.046898672868916955e-02 4.704639999999999933e-01 9.962957099120897109e-01 2.777812397440694928e-02 -8.138325527544021387e-02 8.358809999999999851e-01
-7.758829110616223546e-02 1.920312614928315967e-02 -9.968005302111953014e-01 -6.272379999999999711e+01 -2.626350204285873499e-02 9.994281477363963218e-01 2.129802743543584773e-02 4.718229999999999924e-01 9.966394962792062273e-01 2.783195031417202633e-02 -7.703958072341310359e-02 7.884499999999999842e-01
-7.218637585264248147e-02 2.051783518069606738e-02 -9.971800968635295970e-01 -6.338009999999999877e+01 -2.655924539227697695e-02 9.993943089979214767e-01 2.248603181443475582e-02 4.724099999999999966e-01 9.970374785460440759e-01 2.810753603688428623e-02 -7.159771499483347235e-02 7.155789999999999651e-01
-6.488714593629371641e-02 2.204470838358514248e-02 -9.976490811525490221e-01 -6.402840000000000487e+01 -2.553433576539989799e-02 9.993919258233010527e-01 2.374397389261758903e-02 4.748089999999999811e-01 9.975658654892228805e-01 2.701498531326968974e-02 -6.428479275273335514e-02 6.827779999999999960e-01
-5.582725826411530368e-02 2.353715998005457416e-02 -9.981629723320659675e-01 -6.467629999999999768e+01 -2.660129910293332345e-02 9.993321475384409069e-01 2.505254043493523528e-02 4.767060000000000186e-01 9.980860123860806343e-01 2.795104642551158106e-02 -5.516385485959851565e-02 6.565779999999999950e-01
-4.419550047749557647e-02 2.548639257633809885e-02 -9.986977528416636218e-01 -6.530249999999999488e+01 -2.823540825004525190e-02 9.992433181320645730e-01 2.674982036154548853e-02 4.745349999999999846e-01 9.986238127836213341e-01 2.938086046844876065e-02 -4.344243984442608397e-02 6.368840000000000057e-01
-2.962675215630514516e-02 2.703974952539527077e-02 -9.991952299236984691e-01 -6.590999999999999659e+01 -3.053562050589687937e-02 9.991429945241975252e-01 2.794373585509113064e-02 4.809060000000000001e-01 9.990945057585837175e-01 3.133892848875248494e-02 -2.877568633739502335e-02 6.360099999999999643e-01
-1.147503188221275262e-02 2.829645703026669595e-02 -9.995337083674749046e-01 -6.648609999999999332e+01 -3.300295481116891083e-02 9.990442053253553167e-01 2.866148599708741654e-02 4.855889999999999929e-01 9.993893778788296434e-01 3.331645727510003374e-02 -1.053019741516225682e-02 6.162779999999999925e-01
1.061285373612283998e-02 2.949567697960743876e-02 -9.995085654335785774e-01 -6.704670000000000130e+01 -3.368014482490370304e-02 9.990082490002150095e-01 2.912329435516963078e-02 4.859720000000000151e-01 9.993763130973983833e-01 3.335451197422920067e-02 1.159574710020117028e-02 6.412689999999999779e-01
3.630535777081685817e-02 2.989124582167756658e-02 -9.988936051554043738e-01 -6.759380000000000166e+01 -3.359173585649788407e-02 9.990242154445412304e-01 2.867424345237681513e-02 4.926800000000000068e-01 9.987760090627327836e-01 3.251354146577920684e-02 3.727403039748711233e-02 6.781789999999999763e-01
6.521697063178955034e-02 3.012600842317195160e-02 -9.974162472900164333e-01 -6.810070000000000334e+01 -3.200682492979863014e-02 9.990930187234629001e-01 2.808385828107235263e-02 4.885090000000000265e-01 9.973576639799411891e-01 3.009258304840426237e-02 6.612205793794811992e-02 7.368059999999999610e-01
9.948077901350567409e-02 3.030293262641130594e-02 -9.945779541499525367e-01 -6.860469999999999402e+01 -3.018737978020438403e-02 9.991679949538722072e-01 2.742334702155501194e-02 4.909379999999999855e-01 9.945814681105170640e-01 2.729560649808132969e-02 1.003127766390211617e-01 8.083110000000000017e-01
1.371904551796990779e-01 3.097066311803812338e-02 -9.900604006996825968e-01 -6.904900000000000659e+01 -2.918854716047347697e-02 9.992034484477499978e-01 2.721208049351125230e-02 4.948060000000000236e-01 9.901145427283896128e-01 2.516518698824853073e-02 1.379851645706837715e-01 8.825870000000000104e-01
1.766814107732653794e-01 3.097070398553161338e-02 -9.837807146828044802e-01 -6.951139999999999475e+01 -2.829179882796417286e-02 9.992516418050327864e-01 2.637670314926694043e-02 4.898930000000000229e-01 9.838613993882711073e-01 2.317265294667660014e-02 1.774254067183339556e-01 1.002280000000000060e+00
2.220563438723854588e-01 3.184148123770173811e-02 -9.745137763103289830e-01 -6.996080000000000609e+01 -2.723667705262286520e-02 9.992791682278904242e-01 2.644442037380676999e-02 4.990100000000000091e-01 9.746533453331803765e-01 2.067036570466444442e-02 2.227635347458721826e-01 1.126980000000000093e+00
2.685385650909309918e-01 3.044192544833603312e-02 -9.627877898238539345e-01 -7.037829999999999586e+01 -2.403827637224444438e-02 9.994010237045206635e-01 2.489488074700979894e-02 5.042799999999999505e-01 9.629689508639180939e-01 1.645852342569635238e-02 2.691094882732498750e-01 1.301220000000000043e+00
3.184662394543257280e-01 2.635579762654722755e-02 -9.475677423062099924e-01 -7.078329999999999700e+01 -1.568177981702799026e-02 9.996230969991186655e-01 2.253321387775947954e-02 4.938009999999999899e-01 9.478044820054344344e-01 7.683480810094231624e-03 3.187595143882776538e-01 1.489190000000000014e+00
3.687388102400414591e-01 2.143668782577554804e-02 -9.292858323668875542e-01 -7.117929999999999779e+01 -9.768930370359509008e-03 9.997682005286958606e-01 1.918627663285803892e-02 4.870780000000000109e-01 9.294817146249720885e-01 2.003403772017318951e-03 3.688627502895196475e-01 1.694280000000000008e+00
