1.000000000000000000e+00 6.096846912000000331e-38 2.811680000000000646e-19 -8.673619999999999689e-19 6.096846912000000331e-38 1.000000000000000000e+00 -4.336800000000000393e-19 0.000000000000000000e+00 -2.811680000000000646e-19 4.336800000000000393e-19 1.000000000000000000e+00 0.000000000000000000e+00
9.999788988415855284e-01 3.980200567238779963e-04 -6.484092195870213605e-03 -8.474239999999999204e-03 -3.969835254202644294e-04 9.999999082183657073e-01 1.611438507314257474e-04 4.226389999999999899e-04 6.484155739234244258e-03 -1.585663726304373429e-04 9.999789650692932907e-01 9.740870000000000084e-02
9.999097633241187388e-01 8.921873895807315132e-04 -1.340407440917885072e-02 -1.303050000000000042e-02 -8.889091871122878049e-04 9.999995735391524754e-01 2.505233926006288732e-04 -1.811529999999999998e-03 1.340429220667759165e-02 -2.385857813153942797e-04 9.999101299753208050e-01 1.884949999999999959e-01
9.997733354539877215e-01 1.304994058047116018e-03 -2.125028719139107625e-02 -2.722820000000000101e-02 -1.307742732939379954e-03 9.999991382395598816e-01 -1.154516430558678489e-04 -4.384930000000000425e-03 2.125011821502605786e-02 1.432153829090246952e-04 9.997741804853741421e-01 2.917480000000000073e-01
9.995432626046316660e-01 1.714333150691845680e-03 -3.017162977925961012e-02 -4.025170000000000137e-02 -1.765401773374657276e-03 9.999970538179149271e-01 -1.666046838717098830e-03 -4.996510000000000014e-03 3.016868472881826038e-02 1.718550941541330257e-03 9.995433442549624958e-01 3.945389999999999731e-01
9.991337873669750014e-01 1.906501390667336921e-03 -4.156970283958821150e-02 -5.409080000000000138e-02 -2.056844733776041177e-03 9.999914972526046109e-01 -3.574186933431106744e-03 -4.560940000000000306e-03 4.156253519054656925e-02 3.656593351926818065e-03 9.991292133621122451e-01 5.125060000000000171e-01
9.984735228693701892e-01 1.762061286596474296e-03 -5.520434103267182063e-02 -7.820929999999999549e-02 -2.018383541334839264e-03 9.999874392886449748e-01 -4.587743761219767805e-03 -6.095589999999999689e-03 5.519556374120409420e-02 4.692164208637656167e-03 9.984645378471534993e-01 6.377450000000000063e-01
9.974728500881372417e-01 1.647337009534477611e-03 -7.102956861635435770e-02 -9.893430000000000279e-02 -1.981055350070622893e-03 9.999873279196728193e-01 -4.628111901471412132e-03 -6.544170000000000195e-03 7.102104446393568693e-02 4.757129475808155594e-03 9.974634734978529149e-01 7.732930000000000081e-01
9.959647360911262348e-01 4.534387668057167603e-04 -8.974429706793604633e-02 -1.319819999999999882e-01 -8.999850494709755577e-04 9.999874160507468135e-01 -4.935358858421330479e-03 -5.622900000000000120e-03 8.974092984722148447e-02 4.996211908579027521e-03 9.959526110095402451e-01 9.213029999999999831e-01
9.939563395143178326e-01 -5.638660531430595042e-04 -1.097746655397881799e-01 -1.630010000000000070e-01 1.128901011829259006e-05 9.999873277894880674e-01 -5.034295680359052345e-03 -1.111799999999999941e-02 1.097761131205532148e-01 5.002630859172415602e-03 9.939437502558333692e-01 1.085760000000000058e+00
9.912787249919469135e-01 -5.883894166536014119e-04 -1.317806631347497037e-01 -2.046779999999999988e-01 -1.441506989368215397e-04 9.999845928237576231e-01 -5.549174324120685620e-03 -1.674000000000000141e-02 1.317818978422909126e-01 5.519774723469634756e-03 9.912633673691800817e-01 1.248879999999999990e+00
9.877748425514910613e-01 2.620602838207639236e-03 -1.558653035898033001e-01 -2.630149999999999988e-01 -3.778705532704658421e-03 9.999674109060248117e-01 -7.134319196572405132e-03 -2.425230000000000094e-02 1.558415278636418877e-01 7.636070106137868470e-03 9.877525543507644779e-01 1.429230000000000000e+00
9.833708537575197584e-01 6.309934213039741779e-03 -1.814991699992972440e-01 -3.257059999999999955e-01 -8.088379559649177403e-03 9.999262432691083946e-01 -9.060140055590359953e-03 -2.802989999999999995e-02 1.814286143261468476e-01 1.037751183834420207e-02 9.833493606810039811e-01 1.604039999999999910e+00
9.779964683474730025e-01 9.860620025900558236e-03 -2.083882819943938813e-01 -3.992189999999999905e-01 -1.217214115462800055e-02 9.998777653760326789e-01 -9.812914263521408526e-03 -3.448690000000000089e-02 2.082660483122057704e-01 1.213352707732666749e-02 9.779969481757505578e-01 1.786920000000000064e+00
9.713038654514422054e-01 1.051167056406399937e-02 -2.376095657608069123e-01 -4.764749999999999819e-01 -1.332241254117428643e-02 9.998589556931122280e-01 -1.022653628369665606e-02 -4.086900000000000255e-02 2.374685543038686231e-01 1.309860688132873964e-02 9.713069093827135791e-01 1.979090000000000016e+00
9.632632942704415502e-01 1.221373860584190445e-02 -2.682809171382206648e-01 -5.595280000000000253e-01 -1.544843194056665613e-02 9.998311635607742831e-01 -9.949388086002685858e-03 -4.563629999999999770e-02 2.681141023180882987e-01 1.372839983306063487e-02 9.632893434353922979e-01 2.165649999999999853e+00
9.538443754508049155e-01 1.406008132988435452e-02 -2.999720345863273741e-01 -6.581169999999999520e-01 -1.764481235555730512e-02 9.998015795442274367e-01 -9.244573424715248067e-03 -4.961739999999999901e-02 2.997825345442941547e-01 1.411083462679711686e-02 9.539032007118616319e-01 2.361130000000000173e+00
9.426266387249780943e-01 1.635788329130023755e-02 -3.334478064409447939e-01 -7.663480000000000292e-01 -2.022980088977646695e-02 9.997621977555326556e-01 -8.142671243955517876e-03 -5.587960000000000149e-02 3.332353149382723534e-01 1.442108155636536403e-02 9.427333967165557604e-01 2.557840000000000114e+00
9.301575209370988029e-01 1.834076149735822808e-02 -3.667023352964192129e-01 -8.681309999999999860e-01 -2.292014525182403673e-02 9.997041809448772298e-01 -8.137416234126049891e-03 -5.567239999999999689e-02 3.664446113477257128e-01 1.597394970034499845e-02 9.303027355356884298e-01 2.738550000000000040e+00
9.163054626432363126e-01 2.119631617078584010e-02 -3.999187608889492318e-01 -1.007810000000000095e+00 -2.643871179153107695e-02 9.996215787452845669e-01 -7.595645172666517196e-03 -5.657020000000000104e-02 3.996064234330684584e-01 1.753326802318321692e-02 9.165191164746419039e-01 2.934309999999999974e+00
9.004737002661077350e-01 2.150854840575274624e-02 -4.343782884474562400e-01 -1.131199999999999983e+00 -2.743975333943677458e-02 9.995961617967902280e-01 -7.387371507931993556e-03 -5.449729999999999852e-02 4.340439782622666498e-01 1.857136684799285536e-02 9.007002438478977080e-01 3.129280000000000062e+00
8.822390944404238100e-01 1.700156869455065126e-02 -4.704945556569867793e-01 -1.265570000000000084e+00 -2.380652262936750266e-02 9.996803092551438397e-01 -8.516382320986747023e-03 -5.394949999999999746e-02 4.701993510429787748e-01 1.871432471301804484e-02 8.823617989970424791e-01 3.308460000000000178e+00
8.611237947756753552e-01 1.270143833531036694e-02 -5.082366412758480001e-01 -1.418840000000000101e+00 -2.010005336143970422e-02 9.997568215891053933e-01 -9.071137796171527962e-03 -6.320610000000000117e-02 5.079978325997148714e-01 1.802695621185571723e-02 8.611696876479849605e-01 3.508779999999999788e+00
8.364226405706680634e-01 1.406697862259391474e-02 -5.479044501126291156e-01 -1.580170000000000075e+00 -2.085731587478676513e-02 9.997634089917841749e-01 -6.172391402499877340e-03 -7.171760000000000634e-02 5.476879939484617932e-01 1.659054410071508778e-02 8.365181499113762964e-01 3.682729999999999837e+00
8.076984316277359133e-01 1.857451305786243095e-02 -5.893031741054505224e-01 -1.788030000000000008e+00 -2.510576168513779100e-02 9.996805927555590943e-01 -2.900551344679910826e-03 -7.396020000000000372e-02 5.890610700736423899e-01 1.713767582134039305e-02 8.079067741955985316e-01 3.868320000000000203e+00
7.756004307225055072e-01 2.161584723327299867e-02 -6.308539664704120309e-01 -1.992159999999999931e+00 -2.880742830046748720e-02 9.995842987154914816e-01 -1.166977365866198046e-03 -7.895000000000000628e-02 6.305664944617477286e-01 1.907838855477115431e-02 7.759007095965151368e-01 4.035580000000000389e+00
7.400667574258807946e-01 2.076868260122319287e-02 -6.722126571079661828e-01 -2.187860000000000138e+00 -2.910181987410979942e-02 9.995757833082145050e-01 -1.156504986638882612e-03 -7.424189999999999956e-02 6.719034741933972432e-01 2.041850255966146110e-02 7.403572152144286544e-01 4.183440000000000047e+00
7.008843303964571447e-01 1.669811181090958066e-02 -7.130794685493757612e-01 -2.433530000000000193e+00 -2.384765926621913376e-02 9.997156036958565473e-01 -2.957281429709184006e-05 -8.586209999999999676e-02 7.128761775738001738e-01 1.702600331784868970e-02 7.010832123641161928e-01 4.357779999999999987e+00
6.586418588705460486e-01 1.285604548130938295e-02 -7.523467444191769271e-01 -2.667380000000000084e+00 -1.914156767051060706e-02 9.998167298332160113e-01 3.273113645204852457e-04 -8.692039999999999489e-02 7.522130696356366109e-01 1.418551515443079378e-02 6.587672343317755308e-01 4.514470000000000205e+00
6.145086569251752007e-01 1.206110736706946483e-02 -7.888178752114440861e-01 -2.910060000000000091e+00 -1.691966170465494801e-02 9.998546321367528522e-01 2.107045912799282439e-03 -8.760089999999999544e-02 7.887286197494149942e-01 1.205173364120839044e-02 6.146233969712054934e-01 4.652770000000000294e+00
5.666287570985798494e-01 1.209889932659544143e-02 -8.238843779706007675e-01 -3.214129999999999932e+00 -1.500548570647705637e-02 9.998778909048541275e-01 4.363333401562674227e-03 -8.425340000000000606e-02 8.238365657262559649e-01 9.890395075293410138e-03 5.667411164346762842e-01 4.801510000000000389e+00
5.158833823295312371e-01 1.272063553660262268e-02 -8.565643707671872775e-01 -3.512199999999999989e+00 -1.405904099007681228e-02 9.998808018535498832e-01 6.381649562727811920e-03 -9.027259999999999451e-02 8.565434485200864589e-01 8.750286637993440544e-03 5.160007299230020550e-01 4.919430000000000192e+00
4.639174887667771308e-01 1.362144942314126583e-02 -8.857736842624870377e-01 -3.804730000000000167e+00 -1.359435065129247291e-02 9.998735069111913676e-01 8.256137564592569075e-03 -8.148529999999999662e-02 8.857741005734458550e-01 8.211351455672631985e-03 4.640439811705077133e-01 5.022369999999999557e+00
4.097154104285785636e-01 1.510802136199739833e-02 -9.120882797996402447e-01 -4.160389999999999588e+00 -1.263734050132703408e-02 9.998608960249325550e-01 1.088513781596292355e-02 -7.796849999999999614e-02 9.121258575889595877e-01 7.066561451258807948e-03 4.098493425965944459e-01 5.113800000000000345e+00
3.547112325611312955e-01 1.682225722212753877e-02 -9.348245574207576514e-01 -4.483710000000000306e+00 -1.270575289370003656e-02 9.998325303839785683e-01 1.317099196623547699e-02 -6.924700000000000299e-02 9.348895685258056254e-01 7.205751031154505881e-03 3.548655686505943763e-01 5.165689999999999671e+00
2.996046139227812044e-01 1.926275895767610991e-02 -9.538689749821616104e-01 -4.872910000000000075e+00 -1.098328501909926098e-02 9.997995412678554183e-01 1.674051166407354227e-02 -6.716949999999999310e-02 9.540002320578178097e-01 5.461080289120575672e-03 2.997561239336159478e-01 5.235759999999999970e+00
2.457816219404914959e-01 2.065718083762063326e-02 -9.691050898618494003e-01 -5.252769999999999939e+00 -7.130044769106340559e-03 9.997843777771507900e-01 1.950283093158212966e-02 -6.427960000000000618e-02 9.692990027735981506e-01 2.116325257888367409e-03 2.458759125850089600e-01 5.290689999999999671e+00
1.946979979200889055e-01 2.140084338935208802e-02 -9.806297433323821755e-01 -5.631160000000000387e+00 -5.109783664132517764e-03 9.997705145317703490e-01 2.080404729337289454e-02 -6.968580000000000607e-02 9.808499272145637660e-01 9.602994863877195586e-04 1.947626712388224046e-01 5.332670000000000243e+00
1.474353227965440882e-01 2.172677397495538162e-02 -9.888330358986398005e-01 -6.059669999999999668e+00 -7.215413968066671478e-03 9.997557232065130695e-01 2.089094820948202841e-02 -6.143629999999999924e-02 9.890453798452064627e-01 4.054776006517940221e-03 1.475560754370645045e-01 5.344070000000000320e+00
1.045419343752274632e-01 2.145622267560939878e-02 -9.942889994692589717e-01 -6.479770000000000252e+00 -9.843492493949333386e-03 9.997405960426912763e-01 2.053889675045564300e-02 -4.650329999999999742e-02 9.944717641102773786e-01 7.640100306866339994e-03 1.047260199506017120e-01 5.355620000000000047e+00
6.630036987698582907e-02 1.962259007423887425e-02 -9.976067436184227200e-01 -6.943679999999999630e+00 -1.145821678941229271e-02 9.997556564241306676e-01 1.890335197689550079e-02 -3.906819999999999737e-02 9.977339175462472953e-01 1.017749511097651091e-02 6.650900969856898826e-02 5.340320000000000178e+00
3.163439144783492668e-02 1.699474793074830237e-02 -9.993550139067175486e-01 -7.402560000000000251e+00 -1.088125931762347690e-02 9.998020365920317065e-01 1.665790569334668278e-02 -3.442130000000000190e-02 9.994402750907069866e-01 1.034727834728175859e-02 3.181305325516703419e-02 5.326279999999999681e+00
6.304668845274272052e-04 1.418083974810384167e-02 -9.998992480722974641e-01 -7.868330000000000268e+00 -1.081198301201117921e-02 9.998410981193165403e-01 1.417319776574966009e-02 -3.573740000000000250e-02 9.999413500475191618e-01 1.080195795204127313e-02 7.836897006062715221e-04 5.308290000000000397e+00
-2.653447114782452737e-02 1.195385097334320142e-02 -9.995764239355650060e-01 -8.358729999999999549e+00 -1.128227750738970171e-02 9.998612314806251122e-01 1.225675308938073589e-02 -2.865399999999999892e-02 9.995842295950608802e-01 1.160272506590144005e-02 -2.639592233458776249e-02 5.268609999999999793e+00
-4.728847242431300640e-02 9.517368420114132727e-03 -9.988359325105053976e-01 -8.857559999999999434e+00 -1.226771969936198831e-02 9.998736571660759020e-01 1.010805415074785170e-02 -2.436549999999999827e-02 9.988059388235299707e-01 1.273143368566082879e-02 -4.716574145664143014e-02 5.223019999999999996e+00
-6.386968708433689301e-02 8.382479242322231697e-03 -9.979230416788167357e-01 -9.392139999999999489e+00 -1.195707284110365289e-02 9.998865159689720450e-01 9.164256243856852210e-03 -1.260020000000000064e-02 9.978866125371268492e-01 1.251755667782514063e-02 -6.376220897989659520e-02 5.178490000000000038e+00
-7.701468917730139307e-02 8.985571950870085284e-03 -9.969894669191041725e-01 -9.932270000000000820e+00 -1.117035025780891561e-02 9.998888517754667138e-01 9.874582029467801267e-03 -1.156470000000000067e-02 9.969673820772881889e-01 1.189720941458781607e-02 -7.690575714537839502e-02 5.124430000000000263e+00
-8.625331000514645241e-02 1.024175177579675529e-02 -9.962205945641354754e-01 -1.049019999999999975e+01 -1.162386976601340223e-02 9.998687511758457269e-01 1.128565787703407486e-02 -9.688389999999999849e-03 9.962054266891037235e-01 1.255336379691378984e-02 -8.612294057081115728e-02 5.061740000000000350e+00
-9.385215404120586524e-02 1.131872595541815948e-02 -9.955218026866976544e-01 -1.106550000000000011e+01 -1.344646252181590576e-02 9.998297556432669264e-01 1.263536212281660825e-02 -6.003230000000000025e-03 9.954953369190011614e-01 1.457210256179428814e-02 -9.368397941725881140e-02 4.998129999999999740e+00
-9.784999116559710275e-02 1.223188614965140322e-02 -9.951260021676221479e-01 -1.164809999999999945e+01 -1.323026691757914902e-02 9.998201128933238424e-01 1.359050739563359179e-02 2.273419999999999955e-03 9.951132293694934239e-01 1.449561365389981892e-02 -9.767055809513269793e-02 4.932540000000000369e+00
-9.965011042674042085e-02 1.297899233297677112e-02 -9.949378881367213490e-01 -1.225089999999999968e+01 -1.237303300624170536e-02 9.998214510984682057e-01 1.428194586111266109e-02 6.772730000000000243e-03 9.949456083355335823e-01 1.373359681124467629e-02 -9.947172850846253134e-02 4.867250000000000298e+00
-9.852507625764339583e-02 1.512157322004196482e-02 -9.950196718516555183e-01 -1.286790000000000056e+01 -1.015337203083438271e-02 9.998172202175137357e-01 1.619985163287434443e-02 1.842130000000000156e-02 9.950827696150852386e-01 1.169889652380006265e-02 -9.835353290704096363e-02 4.798569999999999780e+00
-9.707519079952947605e-02 1.763384880446758340e-02 -9.951208241754245787e-01 -1.350189999999999912e+01 -9.731206871687974463e-03 9.997784235761385530e-01 1.866567342561707005e-02 3.012969999999999884e-02 9.952294765249145581e-01 1.149570041156917563e-02 -9.688208259524611066e-02 4.727640000000000065e+00
-9.505936277304946613e-02 1.770878587575748508e-02 -9.953140792995889274e-01 -1.414739999999999931e+01 -1.072783912946610047e-02 9.997654728666549584e-01 1.881256844043278226e-02 4.191500000000000087e-02 9.954137988880775723e-01 1.246588009409057597e-02 -9.484709176714745116e-02 4.649079999999999657e+00
-9.311300334361428954e-02 1.535844542004415926e-02 -9.955370845742577135e-01 -1.480579999999999963e+01 -1.474551004331065528e-02 9.997500901487303970e-01 1.680259447728475047e-02 5.829020000000000035e-02 9.955463517797129569e-01 1.624424211482271979e-02 -9.286326537560651850e-02 4.559370000000000367e+00
-9.156246664424892712e-02 1.522404102026603777e-02 -9.956829531919453302e-01 -1.548049999999999926e+01 -1.331050905042139958e-02 9.997750893115376902e-01 1.651063720531231738e-02 8.147920000000000162e-02 9.957103720715372308e-01 1.476480162819840576e-02 -9.133923353105444232e-02 4.460309999999999775e+00
-8.922509205066726790e-02 1.790902441135735351e-02 -9.958504655786344362e-01 -1.615820000000000078e+01 -1.434723913613762669e-02 9.997114872935651819e-01 1.926392749307283270e-02 1.172919999999999935e-01 9.959081482133380625e-01 1.600653047731746825e-02 -8.894240442195311402e-02 4.350620000000000154e+00
-8.777287645379332204e-02 2.144151928966600215e-02 -9.959097265362850671e-01 -1.688159999999999883e+01 -1.384533218494788873e-02 9.996454870734835518e-01 2.274218437851517616e-02 1.294619999999999937e-01 9.960442906496254079e-01 1.578484792986027674e-02 -8.744489487737749922e-02 4.284760000000000346e+00
-8.578936891196896342e-02 2.336415833087123611e-02 -9.960393065974737503e-01 -1.760109999999999886e+01 -1.272666490914609906e-02 9.996177327881613506e-01 2.454425178623857728e-02 1.435450000000000059e-01 9.962320092137055827e-01 1.478189436256215072e-02 -8.545922663514837758e-02 4.218600000000000350e+00
-8.435687124387517000e-02 2.295862606280563850e-02 -9.961710795657803263e-01 -1.834929999999999950e+01 -1.599444437529981555e-02 9.995745259163048013e-01 2.439149212984020529e-02 1.541230000000000100e-01 9.963072297354211848e-01 1.799079288144017283e-02 -8.395376911388441332e-02 4.150150000000000006e+00
-8.237345523052616580e-02 2.037606999542011105e-02 -9.963932103566977005e-01 -1.909580000000000055e+01 -1.779977053546174387e-02 9.996014101899778348e-01 2.191321325348227073e-02 1.598849999999999993e-01 9.964425633433517948e-01 1.954063759833397917e-02 -8.197793264032193772e-02 4.079979999999999940e+00
-8.060176781248447331e-02 1.955973720349145351e-02 -9.965544499454269678e-01 -1.985549999999999926e+01 -1.996289558406093290e-02 9.995752175565459918e-01 2.123363479679306332e-02 1.725919999999999954e-01 9.965464554276443065e-01 2.160558092979805028e-02 -8.017706060516138766e-02 4.017220000000000013e+00
-7.961929087347517642e-02 2.159810623438354615e-02 -9.965913356676815438e-01 -2.064770000000000039e+01 -1.651523098352205426e-02 9.995994404950415690e-01 2.298272628651421012e-02 1.879929999999999934e-01 9.966885248995124291e-01 1.828880447399995612e-02 -7.923070089647021863e-02 3.959119999999999973e+00
-7.790853774506144303e-02 2.368040221076841631e-02 -9.966792354100503237e-01 -2.142899999999999849e+01 -1.637265316667602458e-02 9.995526553469472608e-01 2.502849210700885951e-02 1.948249999999999982e-01 9.968260610431040059e-01 1.826821666181747267e-02 -7.748597476502971926e-02 3.897219999999999906e+00
-7.713862572941915241e-02 2.543894086422113926e-02 -9.966957874438332476e-01 -2.223789999999999978e+01 -1.221608996391795876e-02 9.995752833719142583e-01 2.645789141165086691e-02 2.089260000000000006e-01 9.969455349047758874e-01 1.421665078926487649e-02 -7.679509928222005843e-02 3.839989999999999792e+00
-7.637909633776046592e-02 2.122269083854007310e-02 -9.968529635990450721e-01 -2.303379999999999939e+01 -1.253430815679235782e-02 9.996740139740943887e-01 2.224313161298671279e-02 2.147519999999999984e-01 9.970000625685326856e-01 1.419377252508393847e-02 -7.608818607279643764e-02 3.776800000000000157e+00
-7.620267602013926223e-02 1.440710559554919321e-02 -9.969882584442649742e-01 -2.383480000000000132e+01 -1.516719242143145518e-02 9.997631690323945941e-01 1.560647687194993173e-02 2.188690000000000080e-01 9.969769849105950543e-01 1.631076805862099674e-02 -7.596611352383975113e-02 3.718319999999999848e+00
-7.614033398186517698e-02 9.632489620481068590e-03 -9.970505828115450164e-01 -2.465269999999999939e+01 -1.194444249258839845e-02 9.998727745303985781e-01 1.057189890341888629e-02 2.238950000000000107e-01 9.970255662893863224e-01 1.271416126192307337e-02 -7.601559227378640315e-02 3.658770000000000078e+00
-7.675526341531960228e-02 1.064017590105534143e-02 -9.969931876371269652e-01 -2.548320000000000007e+01 -1.253973747655642325e-02 9.998536674050807482e-01 1.163609731092747450e-02 2.307379999999999987e-01 9.969711051590532946e-01 1.339516455311126099e-02 -7.661060660594665173e-02 3.591140000000000221e+00
-7.678140157485845163e-02 1.752498136656709810e-02 -9.968939218393809698e-01 -2.631690000000000040e+01 -1.105364051227413630e-02 9.997691068269756176e-01 1.842688432201007240e-02 2.362329999999999985e-01 9.969866766429859029e-01 1.243414904578534451e-02 -7.656995842940927943e-02 3.522450000000000081e+00
-7.685096402213435762e-02 2.456728874003426266e-02 -9.967398746176616697e-01 -2.715370000000000061e+01 -1.145578554560571644e-02 9.996086384300388872e-01 2.552126473309965574e-02 2.471659999999999968e-01 9.969767772151973961e-01 1.337977204617668212e-02 -7.653944991695882383e-02 3.449250000000000149e+00
-7.679212050287503866e-02 2.981901083471080738e-02 -9.966011222256931923e-01 -2.799380000000000024e+01 -1.219731617380510197e-02 9.994497822102123008e-01 3.084409697357824026e-02 2.686830000000000052e-01 9.969725150207642272e-01 1.452444259855315001e-02 -7.638615620891775482e-02 3.361029999999999962e+00
-7.710466699088916465e-02 3.062854012064295320e-02 -9.965524385893111958e-01 -2.881609999999999872e+01 -1.315390347447739985e-02 9.994097868322971978e-01 3.173409534249201774e-02 2.847649999999999904e-01 9.969362292301393591e-01 1.555540143809882626e-02 -7.665627394082874524e-02 3.272670000000000190e+00
-7.705622905184947302e-02 2.710260407429636656e-02 -9.966583097615255848e-01 -2.964829999999999899e+01 -1.514690680652399160e-02 9.994832766339478702e-01 2.835050164038838486e-02 2.977779999999999871e-01 9.969116855461690463e-01 1.728087328404214265e-02 -7.660589167967102320e-02 3.204829999999999846e+00
-7.762937392510088630e-02 2.469852404945597352e-02 -9.966763081431080362e-01 -3.047400000000000020e+01 -1.624959558105623647e-02 9.995289572104578690e-01 2.603486779737702525e-02 3.056920000000000193e-01 9.968498537630676726e-01 1.821665741987883377e-02 -7.719146614100413917e-02 3.138139999999999930e+00
-7.772074181414345695e-02 2.546247911910286266e-02 -9.966499628500311569e-01 -3.130969999999999942e+01 -1.808832194067826193e-02 9.994732464285398521e-01 2.694517179321075789e-02 3.201060000000000016e-01 9.968110647967496352e-01 2.012192413027426990e-02 -7.721922861610219790e-02 3.068459999999999965e+00
-7.768603881199812045e-02 2.776824380935553199e-02 -9.965910916767442007e-01 -3.215780000000000172e+01 -1.667801556519076661e-02 9.994359717698271250e-01 2.914759217000043034e-02 3.340810000000000168e-01 9.968383636129318770e-01 1.888552271571015267e-02 -7.717910249054737992e-02 3.004890000000000061e+00
-7.773719698672798550e-02 2.631608423932259994e-02 -9.966265057256680215e-01 -3.298550000000000182e+01 -1.745040000341523123e-02 9.994625076188203838e-01 2.775210629880383792e-02 3.400079999999999769e-01 9.968211533391369006e-01 1.954890213306565219e-02 -7.723618763911366258e-02 2.936469999999999914e+00
-7.717849672875159994e-02 2.170313023052142937e-02 -9.967810460582037235e-01 -3.382090000000000174e+01 -1.899064801770142252e-02 9.995496711677743784e-01 2.323381493129618447e-02 3.422850000000000059e-01 9.968364133249535408e-01 2.072266890607905171e-02 -7.673158451935668811e-02 2.870150000000000201e+00
-7.703347775805299835e-02 1.757278681410637949e-02 -9.968736331491999669e-01 -3.464269999999999783e+01 -2.193288912441668237e-02 9.995728438292488249e-01 1.931523372274327258e-02 3.459269999999999845e-01 9.967872349098155782e-01 2.335223849428836804e-02 -7.661515044787337025e-02 2.803430000000000089e+00
-7.678352950202960159e-02 1.803106157710433408e-02 -9.968847327628270749e-01 -3.547090000000000032e+01 -2.137100352466899875e-02 9.995769965191664275e-01 1.972582667648991456e-02 3.550670000000000215e-01 9.968187246463416917e-01 2.281904573212928389e-02 -7.636570792126173846e-02 2.738129999999999953e+00
-7.570746542854911443e-02 2.044854524568261861e-02 -9.969203762967834281e-01 -3.632050000000000267e+01 -1.851970564431763833e-02 9.995884084573011252e-01 2.190968234930595546e-02 3.561019999999999741e-01 9.969580734319939408e-01 2.012139843884937565e-02 -7.529760383725503381e-02 2.674090000000000078e+00
-7.576824838881698887e-02 2.527910116069401886e-02 -9.968049656681078341e-01 -3.714300000000000068e+01 -1.957661001904931891e-02 9.994481894904785335e-01 2.683417344295481108e-02 3.683390000000000275e-01 9.969332619971370546e-01 2.154724039667079913e-02 -7.523155956801297339e-02 2.613119999999999887e+00
-7.465991951279901673e-02 3.060834775548366971e-02 -9.967391963126674970e-01 -3.799260000000000304e+01 -1.712335443295533860e-02 9.993421100566909354e-01 3.197088989071053544e-02 3.825080000000000147e-01 9.970620277351385230e-01 1.945446260167385186e-02 -7.408668391535899733e-02 2.552169999999999828e+00
-7.519231442971656409e-02 3.394842864749497008e-02 -9.965909993789169308e-01 -3.881130000000000280e+01 -1.829538377602744209e-02 9.992051113099750248e-01 3.541785516527419519e-02 3.964019999999999766e-01 9.970012009938554742e-01 2.089616530338547426e-02 -7.451144537870058038e-02 2.484599999999999920e+00
-7.479463827720438107e-02 3.382672215623448719e-02 -9.966250623745857018e-01 -3.964770000000000039e+01 -1.708009300066555547e-02 9.992344237882767599e-01 3.519711265997899768e-02 4.139550000000000174e-01 9.970526728854752774e-01 1.965500406195717920e-02 -7.415961372103874183e-02 2.421300000000000008e+00
-7.414560356505674188e-02 2.982124715544977669e-02 -9.968014459710956565e-01 -4.046719999999999828e+01 -1.728323369375879201e-02 9.993642373011741853e-01 3.118350584089831651e-02 4.241309999999999802e-01 9.970976478284663269e-01 1.954007219884299623e-02 -7.358305697240119514e-02 2.355319999999999858e+00
-7.400741088871934381e-02 2.570479030364492337e-02 -9.969263598124959991e-01 -4.128130000000000166e+01 -1.951148010425334325e-02 9.994390833268176344e-01 2.721802459753295059e-02 4.384759999999999769e-01 9.970668008101011281e-01 2.146584436485611189e-02 -7.346436039341919244e-02 2.279900000000000038e+00
-7.296495333115540771e-02 2.283797576584680605e-02 -9.970729875231303385e-01 -4.213060000000000116e+01 -2.240423975109588628e-02 9.994479656423913561e-01 2.453189789765226891e-02 4.464850000000000207e-01 9.970828278666508115e-01 2.412863104703652506e-02 -7.241300668552752562e-02 2.226490000000000080e+00
-7.395715901940302928e-02 2.083459981271667399e-02 -9.970437593608530991e-01 -4.295499999999999829e+01 -2.660446509584790675e-02 9.993846920316310500e-01 2.285694139218408596e-02 4.600440000000000085e-01 9.969064856177546341e-01 2.821625034418772868e-02 -7.335735920663710719e-02 2.162259999999999849e+00
-7.426050450651784651e-02 1.882222008763183296e-02 -9.970612325737123749e-01 -4.379240000000000066e+01 -2.282026904703039066e-02 9.995279761816852071e-01 2.056842606437184542e-02 4.617249999999999965e-01 9.969777393658590947e-01 2.428062728014111424e-02 -7.379592365316856029e-02 2.105970000000000120e+00
-7.547633421063434933e-02 1.534918851294072087e-02 -9.970294506112236110e-01 -4.462259999999999849e+01 -2.079977895471387880e-02 9.996397320373380246e-01 1.696394198746204937e-02 4.611919999999999908e-01 9.969306355858260638e-01 2.201836833902877724e-02 -7.512988277727572495e-02 2.057840000000000114e+00
-7.621376501944437942e-02 1.422451138009606791e-02 -9.969900326971971039e-01 -4.545150000000000290e+01 -1.741673008934201128e-02 9.997266900409416124e-01 1.559495856929148105e-02 4.600639999999999730e-01 9.969393760578201258e-01 1.855285680913930368e-02 -7.594519056308735028e-02 2.004570000000000185e+00
-7.757295204876774042e-02 1.699356869087532279e-02 -9.968418408822875554e-01 -4.627439999999999998e+01 -1.621139309821047203e-02 9.997010350253550115e-01 1.830386033189022529e-02 4.658599999999999963e-01 9.968548679944612134e-01 1.758007941911960206e-02 -7.727427103093609251e-02 1.948790000000000022e+00
-7.964755204869855554e-02 2.296141413654090649e-02 -9.965585988357635872e-01 -4.710499999999999687e+01 -1.204808529614482746e-02 9.996394692859333908e-01 2.399531384321439142e-02 4.698240000000000194e-01 9.967502751910063408e-01 1.391779100963212723e-02 -7.934219558384758564e-02 1.892619999999999969e+00
-8.148228449550590224e-02 2.655453271895573397e-02 -9.963209794566564304e-01 -4.793330000000000268e+01 -1.034887986737457501e-02 9.995685772225775256e-01 2.748745376936188173e-02 4.755800000000000027e-01 9.966210603829742665e-01 1.255054665383412323e-02 -8.117232151297537612e-02 1.832359999999999989e+00
-8.272629776575854410e-02 2.620964473003630987e-02 -9.962275915578207020e-01 -4.873799999999999955e+01 -1.110721143843513073e-02 9.995677611550184416e-01 2.721985880944171113e-02 4.788470000000000226e-01 9.965104061233041044e-01 1.331710864524749890e-02 -8.239942418061985130e-02 1.773479999999999945e+00
-8.410033488359332232e-02 2.249240885712753060e-02 -9.962034055434015878e-01 -4.955380000000000251e+01 -1.416572970893941255e-02 9.996171964054170189e-01 2.376536876185875169e-02 4.829439999999999844e-01 9.963565956896559550e-01 1.611062364955719028e-02 -8.374951958872123292e-02 1.703089999999999993e+00
-8.508249463350005259e-02 1.877672431013464871e-02 -9.961969703482951299e-01 -5.036880000000000024e+01 -2.067432874044380225e-02 9.995738893448850027e-01 2.060611246867270069e-02 4.888779999999999792e-01 9.961593954975642706e-01 2.234892310874794091e-02 -8.465804390491660225e-02 1.635150000000000103e+00
-8.633082957167344251e-02 1.724527288754873489e-02 -9.961172563651833345e-01 -5.116080000000000183e+01 -2.417120276366105380e-02 9.995195999096596617e-01 1.939902970232592130e-02 4.941900000000000182e-01 9.959732631062062636e-01 2.575208650707191613e-02 -8.587251724566846711e-02 1.569299999999999917e+00
-8.758215884332282153e-02 1.827242840096142407e-02 -9.959897006559228494e-01 -5.197160000000000224e+01 -2.549502996248855652e-02 9.994631294886147099e-01 2.057805238686091082e-02 4.979430000000000245e-01 9.958309941448673097e-01 2.719505751338503058e-02 -8.706928245534639732e-02 1.502170000000000005e+00
-8.851963222577927115e-02 1.954162985508126060e-02 -9.958827237246458131e-01 -5.278090000000000259e+01 -2.574152657980981196e-02 9.994287348906961688e-01 2.189926218217142645e-02 5.005249999999999977e-01 9.957417579472868097e-01 2.757405623751310597e-02 -8.796603266407287958e-02 1.451009999999999911e+00
-8.987395138795546690e-02 1.946217435646029406e-02 -9.957629721129597211e-01 -5.358820000000000050e+01 -2.656924832647887189e-02 9.994063675464496255e-01 2.193142838432111594e-02 5.012659999999999894e-01 9.955986881797715959e-01 2.842773780886276649e-02 -8.930350395023278764e-02 1.392870000000000053e+00
-9.053451692189708189e-02 1.928603496255429373e-02 -9.957065582294525319e-01 -5.437189999999999657e+01 -2.795852293086222018e-02 9.993691761775201909e-01 2.189910276219083143e-02 5.039040000000000186e-01 9.955007896738422568e-01 2.982110933026596924e-02 -8.993819654112011897e-02 1.323949999999999960e+00
-9.059661055095902249e-02 2.088228992808375054e-02 -9.956687120342977426e-01 -5.514959999999999951e+01 -2.727737791226024847e-02 9.993530099104134257e-01 2.344154937773799269e-02 5.075809999999999489e-01 9.955140374755695465e-01 2.928295665325896663e-02 -8.996838132774065411e-02 1.260529999999999928e+00
-9.113390363526971405e-02 2.360994849685770988e-02 -9.955587285239243522e-01 -5.592969999999999686e+01 -2.609774278971995973e-02 9.993189269254935114e-01 2.608812200526879413e-02 5.120130000000000514e-01 9.954966194967608262e-01 2.835934802593135032e-02 -9.045566842417951392e-02 1.191410000000000080e+00
-9.121369627689440707e-02 2.795247032663515305e-02 -9.954389589593850562e-01 -5.669579999999999842e+01 -2.488078823048804275e-02 9.992299555902925956e-01 3.033879081393305380e-02 5.211379999999999901e-01 9.955204709038059097e-01 2.753461918495627922e-02 -9.044797818527161581e-02 1.124570000000000070e+00
-9.160860461522175868e-02 3.010779093372193543e-02 -9.953398336676492208e-01 -5.747630000000000194e+01 -2.478500110568069431e-02 9.991642273118870321e-01 3.250462398538064845e-02 5.300200000000000466e-01 9.954865982426100990e-01 2.764720212482390388e-02 -9.078581901390636588e-02 1.052810000000000024e+00
-9.237120839693574448e-02 3.015867525279034358e-02 -9.952678102733386600e-01 -5.823069999999999879e+01 -2.454935410330215742e-02 9.991683948312292118e-01 3.255530653357965876e-02 5.365710000000000202e-01 9.954219653355055319e-01 2.744035490625775647e-02 -9.155401602452006848e-02 9.882729999999999571e-01
-9.232221284545832907e-02 2.849314773059337391e-02 -9.953214302664844526e-01 -5.897030000000000172e+01 -2.327651976826831254e-02 9.992555879036371103e-01 3.076481221840918906e-02 5.443440000000000500e-01 9.954570872934679349e-01 2.600789448915745428e-02 -9.159026575704187767e-02 9.270279999999999632e-01
-9.275447463810773674e-02 2.499334739870861383e-02 -9.953752759740501777e-01 -5.971690000000000254e+01 -2.383327374306519475e-02 9.993427474547175171e-01 2.731388241068657269e-02 5.501650000000000151e-01 9.954037283923027335e-01 2.625653624269887881e-02 -9.209783823325656815e-02 8.582030000000000491e-01
-9.239564684964270136e-02 2.178853183260630322e-02 -9.954839548299186935e-01 -6.043249999999999744e+01 -2.419763296463321028e-02 9.994161676812890471e-01 2.412049618383365138e-02 5.567849999999999744e-01 9.954283093232506596e-01 2.631698420839552813e-02 -9.181447238878004402e-02 7.922590000000000465e-01
-9.095868741026952309e-02 1.965518892678989188e-02 -9.956606805196501764e-01 -6.115169999999999817e+01 -2.608400720332009620e-02 9.994151662886839871e-01 2.211221292361030197e-02 5.590810000000000501e-01 9.955130043112534466e-01 2.798211822600514195e-02 -9.039280561398599367e-02 7.242459999999999454e-01
-8.901457634176164480e-02 1.887775288070034710e-02 -9.958514124330357653e-01 -6.184920000000000329e+01 -2.773081178330646587e-02 9.993858296376696426e-01 2.142348237951853182e-02 5.607020000000000337e-01 9.956442172164392534e-01 2.952277029009844553e-02 -8.843641081513065050e-02 6.645050000000000123e-01
-8.468877270935552815e-02 1.982288726769121379e-02 -9.962102513613052546e-01 -6.252329999999999899e+01 -2.779493460010599298e-02 9.993660207339833956e-01 2.224855529914856328e-02 5.626849999999999907e-01 9.960197053209131068e-01 2.957380162738375978e-02 -8.408410592820270146e-02 6.144880000000000342e-01
-7.916781057439990776e-02 2.128860847061898875e-02 -9.966339613510272200e-01 -6.319270000000000209e+01 -2.792695227662841256e-02 9.993321738615233985e-01 2.356462649271000992e-02 5.643399999999999528e-01 9.964700412483030734e-01 2.969850896234860899e-02 -7.852041428837752690e-02 5.632709999999999662e-01
-7.187194372975816425e-02 2.283259262662121897e-02 -9.971524940641993684e-01 -6.384239999999999782e+01 -2.688782699318193609e-02 9.993302705494061522e-01 2.482045775636574150e-02 5.674529999999999852e-01 9.970513870729487138e-01 2.859515828943043000e-02 -7.120989017202050686e-02 5.280380000000000074e-01
-6.281898872346014517e-02 2.432426503624114666e-02 -9.977284724744543976e-01 -6.449070000000000391e+01 -2.792849607582667537e-02 9.992685984284396250e-01 2.612024697058488304e-02 5.700340000000000407e-01 9.976340881118206383e-01 2.950590322814251876e-02 -6.209370267577196678e-02 4.980359999999999787e-01
-5.120247087834742250e-02 2.626764311370211047e-02 -9.983427857711013598e-01 -6.511750000000000682e+01 -2.957827726975394145e-02 9.991756208196618250e-01 2.780655090796015083e-02 5.685329999999999551e-01 9.982501853191441121e-01 3.095302384088830655e-02 -5.038330899613341352e-02 4.742990000000000261e-01
-3.664290429895788320e-02 2.781118011682250785e-02 -9.989413575506058685e-01 -6.572570000000000334e+01 -3.188756467746722834e-02 9.990711100412952295e-01 2.898448377657517755e-02 5.755470000000000308e-01 9.988195436531457361e-01 3.291588281307158970e-02 -3.572203626836489843e-02 4.690630000000000077e-01
-1.848335949066064188e-02 2.916045311729891301e-02 -9.994038389939939870e-01 -6.631610000000000582e+01 -3.421650690204192102e-02 9.989706426780082804e-01 2.978062663729071080e-02 5.813770000000000326e-01 9.992435119015593559e-01 3.474655438285936815e-02 -1.746656466387919160e-02 4.679650000000000198e-01
3.597534968103464903e-03 3.036425924005011975e-02 -9.995324254384927443e-01 -6.687720000000000198e+01 -3.490602261925258160e-02 9.989335788854951659e-01 3.022043282152514498e-02 5.823669999999999680e-01 9.993841240119123448e-01 3.478098238720576940e-02 4.653594000703309419e-03 4.899299999999999766e-01
2.928714037957747332e-02 3.075763712091337046e-02 -9.990977085186040219e-01 -6.742520000000000380e+01 -3.483920992353358587e-02 9.989505727683556380e-01 2.973184517782369307e-02 5.896749999999999492e-01 9.989637094811257834e-01 3.393701407773422329e-02 3.032797743333348617e-02 5.235300000000000509e-01
5.820908432893755202e-02 3.103191478728068581e-02 -9.978219895182817156e-01 -6.793319999999999936e+01 -3.327101444436517813e-02 9.990218116778071256e-01 2.912832624499564482e-02 5.860009999999999941e-01 9.977498394384384239e-01 3.150301662741218645e-02 5.918460816752535436e-02 5.794700000000000406e-01
9.249061945017902908e-02 3.121998162435517948e-02 -9.952239939134795987e-01 -6.843710000000000093e+01 -3.149072064550321320e-02 9.991000562132797969e-01 2.841499934626190785e-02 5.889210000000000278e-01 9.952154640212086401e-01 2.871219988081916488e-02 9.339052281176529746e-02 6.475109999999999477e-01
1.296262129434323784e-01 3.165756623899235178e-02 -9.910574369923107474e-01 -6.890439999999999543e+01 -3.083245400557057744e-02 9.991355795972828302e-01 2.788285069350095180e-02 5.953600000000000003e-01 9.910834499162713973e-01 2.694238450147839331e-02 1.304902418552291721e-01 7.404020000000000046e-01
1.698378272571390846e-01 3.209044459233641178e-02 -9.849493975826579817e-01 -6.935689999999999600e+01 -2.950069571214780639e-02 9.991872943250604822e-01 2.746743183962331580e-02 5.889520000000000310e-01 9.850303657172574390e-01 2.439168352597408107e-02 1.706464895322938879e-01 8.569339999999999735e-01
2.152864614787334541e-01 3.297930293156709630e-02 -9.759939062730432768e-01 -6.980589999999999407e+01 -2.847495479748090447e-02 9.992166252594858467e-01 2.748295388646633530e-02 5.983819999999999695e-01 9.761357059616492249e-01 2.187467447054117220e-02 2.160568956630651849e-01 9.786759999999999904e-01
2.618791062721442797e-01 3.163104885860364146e-02 -9.645821947590613732e-01 -7.022469999999999857e+01 -2.533196753192156966e-02 9.993436945527273130e-01 2.589346594542824703e-02 6.039470000000000116e-01 9.647681716967371202e-01 1.765380711942923092e-02 2.625085102908577550e-01 1.150490000000000013e+00
3.119517292112204410e-01 2.764319657153702786e-02 -9.496957261804630512e-01 -7.063070000000000448e+01 -1.700586482182415982e-02 9.995789713394417353e-01 2.350916029221776504e-02 5.937360000000000415e-01 9.499457454001209999e-01 8.816673935827988584e-03 3.122904850566504686e-01 1.336910000000000043e+00
3.627062759826596428e-01 2.307336802448491445e-02 -9.316178277871229874e-01 -7.103239999999999554e+01 -1.098658245458776841e-02 9.997298364735303089e-01 2.048289702598120668e-02 5.869389999999999885e-01 9.318387480507339671e-01 2.806020779517234831e-03 3.628617834363735417e-01 1.555930000000000035e+00
