0.9999999999999999 0.0 -5.421010862427522e-20 0.0 -1.734723475976807e-18 1.0 8.673617379884035e-19 6.938893903907228e-18 2.710505431213761e-20 0.0 1.0 0.0
0.9999898410197883 -0.003007051794112298 -0.0033581593766431814 -0.0051475432175278075 0.003001986932618588 0.9999943537933957 -0.0015121623529798364 -0.01160374373112038 0.0033626871576639826 0.0015020658190871864 0.999993215186816 0.686645148210431
0.9999720792323776 -0.0015913351987541817 -0.007301104366759342 -0.01685047371014868 0.0015701015954425095 0.9999945273690566 -0.0029130620769041975 -0.019437261353082297 0.00730569902380321 0.002901517194514802 0.9999691033985658 1.3836085568872716
0.999931834399182 -0.0014397318752119555 -0.011586741668912354 -0.02601447292774794 0.0013896296900442915 0.9999896600467328 -0.004330974690967153 -0.026413617479998264 0.011592855763079682 0.004314578033412865 0.9999234955540853 2.095291990074527
0.9998638370422751 0.00022502809203837383 -0.01649995644170203 -0.043203793456071074 -0.00030970388748691353 0.9999867979110009 -0.0051295127492778534 -0.03325697870945754 0.016498581855819382 0.005133924406773712 0.999850705046724 2.83455900194542
0.999779414136671 -0.0005980025293769843 -0.020994318779674913 -0.061000162957639104 0.0004923597769782972 0.9999871913769686 -0.005036773939190948 -0.0463321372025319 0.02099705919667378 0.005025326008998268 0.9997669044863602 3.580975281637447
0.9996775760999397 0.0006482911434869659 -0.0253835217915847 -0.08978371251518398 -0.000806921155948076 0.9999802060212665 -0.006239588739864286 -0.061628890942416636 0.02537897100029738 0.006258059184710184 0.9996583178787939 4.33629509235511
0.9995280319789177 0.0036752423300562016 -0.030499237233788994 -0.11971300891357547 -0.003876524343633881 0.9999710815710863 -0.006543090524087489 -0.07562760363603264 0.03047430284579593 0.006658233344596399 0.9995133764499959 5.1187955069008275
0.9993833965454688 0.005681012049230725 -0.03464897810811125 -0.15714246192076523 -0.005880054714729327 0.9999667762666398 -0.0056453727751692535 -0.08500224455818388 0.03461575041819061 0.0058456295871013786 0.9993835971878914 5.909572921338966
0.9992262882149225 0.005818690577385352 -0.03889679119473972 -0.192822093606767 -0.005936641076038775 0.9999781242520972 -0.002917599367069334 -0.09781727737929187 0.038878958750414805 0.0031462581824291845 0.9992389775329804 6.711946561418456
0.9990863659368061 0.004088614373978377 -0.042540771825322475 -0.2279817204944301 -0.004108828925814776 0.9999914821754753 -0.0003877651918073096 -0.10886174093240106 0.04253881877440867 0.0005622037245590124 0.9990946518877185 7.529767720841698
0.998969515151186 0.004701867817892054 -0.045141987016279736 -0.2756013509449673 -0.004722463803216389 0.9999887919159874 -0.0003496259822573901 -0.1224130758205588 0.04513983122842732 0.0005624471120110781 0.9989805229328265 8.346733047421251
0.9988728086541961 0.004609342589785847 -0.047242719709429476 -0.319550852341884 -0.00466564416719646 0.9999885261611793 -0.0010815564383987132 -0.127386366212593 0.04723718620561656 0.0013007548816768707 0.9988828551846246 9.171573930117795
0.9987906535902571 0.0024691566005537527 -0.049103200517850124 -0.35875968509144796 -0.0025354371687394354 0.9999959613014061 -0.001287589258210418 -0.14633418548086266 0.049099815350439294 0.0014105301152343127 0.9987928851083366 10.00273654865216
0.9986693021156828 0.002420664908878451 -0.051514811484255484 -0.4021492218469844 -0.002454072805913603 0.9999968202933728 -0.0005852720272411663 -0.15325532638890188 0.05151322332545065 0.0007109143701007972 0.9986720575909444 10.842822098755995
0.998615810831382 -0.0012438036506001865 -0.0525823939179407 -0.4519085740516087 0.0012017772741202259 0.9999989355841779 -0.0008308573011583378 -0.16657355542831395 0.05258336426088488 0.0007665150038194879 0.99861624358444 11.704182281478184
0.9985110497160617 0.0013795209729232883 -0.05453234948047616 -0.5024411727149233 -0.0015405217610674638 0.9999945817938075 -0.0029104704278188655 -0.1779778340395261 0.054528031961987515 0.0029901452554052946 0.9985077584901307 12.561109182200699
0.9984180431722387 0.0028092762359616143 -0.05615621625317615 -0.5544601484713703 -0.003131761423827503 0.9999790987880453 -0.00565547012321545 -0.19732718267349478 0.05613914700908348 0.005822391053493274 0.9984059780397161 13.43008691377925
0.9983307677579961 0.007343433019371097 -0.0572866067305825 -0.6192834273214999 -0.007759043648712103 0.999945143668588 -0.007035895878834338 -0.21126105263782144 0.05723178916003268 0.007468640422448744 0.9983329785734159 14.314768213956917
0.9982495975990532 0.008278919269732454 -0.058559400759021704 -0.6793038979858673 -0.008702187378618144 0.9999377983984209 -0.006976706340270007 -0.22685852907592496 0.05849799141662714 0.007474089047443977 0.9982595440025258 15.20091232623637
0.9981585761156168 0.007109089209071342 -0.06024057849193125 -0.7298673883022193 -0.007453665972636128 0.999957115563844 -0.0054972428985296225 -0.243053361963532 0.06019890664413085 0.005936133135480639 0.998168748320539 16.09916584387713
0.9981182556021282 0.006916895460292036 -0.06092707005467983 -0.7946006759174735 -0.0071752259277034856 0.9999661701322332 -0.0040222391402901765 -0.25964524285192114 0.060897178679949183 0.004451835767605451 0.9981341142656384 17.000565178472492
0.9980313592875805 0.007227103369527816 -0.062299116605363275 -0.8519026398588936 -0.007460890634972 0.9999659677547186 -0.0035208543406940055 -0.2819127329799971 0.06227154253191079 0.003978729779816455 0.9980513129577011 17.901844108133723
0.9979559500718528 0.006471150974223952 -0.06357708144588708 -0.9171698925157501 -0.006767155333414298 0.9999672349738198 -0.004441610091078255 -0.29242623367737924 0.06354624804719981 0.004862767114026438 0.9979670449543274 18.810808011469696
0.997675898335459 0.019114929436684587 -0.06540193979407974 -1.0761972998830354 -0.0221481837243378 0.998697143458643 -0.04597243364133699 -0.27652220029880437 0.06443796237741206 0.04731412168097161 0.996799438205898 19.68363135017465
0.997848570973679 0.006033595807249226 -0.0652826720064296 -1.0394565141407186 -0.0062598404935208084 0.9999750845397148 -0.003261629979215898 -0.3332885193877954 0.0652613578802504 0.0036632717468117575 0.9978614844866062 20.646390604286204
0.997879249538903 0.006551988309082313 -0.06476165809050727 -1.108197994414845 -0.006568192857540308 0.9999784313683153 -3.732257415978331e-05 -0.3417533055887411 0.06476000793089258 0.0004626105553187385 0.9979007590927815 21.579963096429427
0.9979042160517031 0.007002160122802462 -0.06432835288895895 -1.1726151586416527 -0.006779280537397035 0.9999702398953614 0.0036823318997799784 -0.35652848271663734 0.06435221391512064 -0.00323851449957732 0.9979219940529355 22.517468085475723
0.9979996377457147 0.006456725304594912 -0.06288900824976155 -1.2301714977056968 -0.006058498358944056 0.9999603886617007 0.006520847925185833 -0.3662899920980547 0.06292861197642202 -0.006126790692304904 0.9979992235925846 23.452957231525364
0.9981610958566686 0.005195395228272334 -0.060394053743834435 -1.2928584931206302 -0.004758924138666101 0.9999615224892087 0.007368641237819547 -0.37438364317589046 0.060430005282627104 -0.007067680067696574 0.9981474116541229 24.396898157857823
0.9982054518989093 0.005701496136262561 -0.05961013630498834 -1.3533719455531907 -0.005433393927902425 0.9999743840833194 0.004658705996213965 -0.3825328397258384 0.05963516364831335 -0.004326460298948433 0.9982108640177711 25.34159289701091
0.9982610659449057 0.0084310065424732 -0.05834175823152442 -1.4170233655040487 -0.008449521879458313 0.999964296140689 -7.068789409971424e-05 -0.39695370915842004 0.05833907166751024 0.0005635248841719624 0.9982966679144053 26.29870129659398
0.9983163441506506 0.008570184449089972 -0.05736749018717553 -1.4697194847302655 -0.008757419542736615 0.9999571121211506 -0.0030131872249000036 -0.4122784163784683 0.05733919833224232 0.0035105051028180437 0.9983485837281987 27.259082133441975
0.9983730509615625 0.0060945280056024734 -0.05669302204985233 -1.5266892463853536 -0.006215363958943522 0.9999787686720136 -0.0019553360904393264 -0.428285159786787 0.05667989461695408 0.002304522577557858 0.9983897403664238 28.23575403867143
0.9984077362864754 0.0029807425250704426 -0.0563303537165143 -1.5824700516842796 -0.0028252589566399953 0.9999919789265873 0.002839638998892856 -0.4382532951691985 0.056338359073521756 -0.002675969516533804 0.9984081447869371 29.211956159335266
0.9983522260691622 -0.0019179463174540659 -0.05735108168612911 -1.6352654454050066 0.002285256877833675 0.9999772922251468 0.006339702207135526 -0.444986538507578 0.057337612496436284 -0.006460317532759268 0.9983339417056909 30.187827343308744
0.998233753316331 -0.010347992245677201 -0.058500346007519466 -1.6841731634836425 0.010709705530619623 0.9999254065152352 0.005872952583686584 -0.46273985287163283 0.058435200928154934 -0.006489100634504209 0.9982701101684338 31.17291978479911
0.998173212726306 -0.010199119483411099 -0.05955019500298607 -1.7401879342393465 0.010343664612265813 0.9999442591666963 0.0021195391989511795 -0.47743136281713155 0.05952525013379897 -0.0027316342406682077 0.9982230581069976 32.1543645316335
0.9980731879614142 -0.009122791616421528 -0.06137330523689915 -1.8072572558405533 0.009016509842814786 0.9999573329889103 -0.0020084413056251924 -0.49181021196405084 0.061389001094630524 0.001451198384282969 0.9981128590496756 33.134582835424524
0.9979490580734234 -0.008436085264859576 -0.06345474055929524 -1.875284117697582 0.008269860112065772 0.9999616512220162 -0.0028817675407529888 -0.49973330119300413 0.06347660979570124 0.002351095249444276 0.9979805607045602 34.12569325786153
0.9978850583763886 -0.01029883877334382 -0.0641820639152268 -1.939231676250613 0.010267649831377103 0.9999469524672251 -0.0008157511116309857 -0.523003145798116 0.06418705165946798 0.0001550269265676472 0.9979378691563864 35.132657753334776
0.9978096844668245 -0.008810826354298706 -0.06556063515445537 -2.01782998542859 0.008932157428539738 0.9999588957816694 0.001557792315910811 -0.5268260639124033 0.06554420622127538 -0.002139978025002552 0.997847369751506 36.14011281273615
0.9977730503752368 -0.006161769585682538 -0.06641512334270464 -2.0873551016594596 0.006374897817835961 0.9999751888470287 0.002997587629138416 -0.5479843553781265 0.0663949961985147 -0.0034143016555787864 0.9977875707777346 37.14892124974668
0.9977001907765174 -0.006265455793515116 -0.06749125430147573 -2.1613091222571 0.006653381596595924 0.9999626058006467 0.005524556566021768 -0.555933069497248 0.06745410756911908 -0.0059608959886718795 0.997704573422836 38.14174776489344
0.9977086151881229 -0.006165739077947997 -0.06737581739643277 -2.2315533694194123 0.00676680011064818 0.9999392889878922 0.00869645474877239 -0.5738799360340464 0.0673180979196291 -0.009132446242212208 0.9976897658239847 39.15414575382053
0.9977130276795577 -0.0014762587246080596 -0.06757621101387908 -2.3135175478566445 0.0021992181489111015 0.9999411268443845 0.010625295119845841 -0.5709326710053253 0.06755653735963116 -0.0107496098407747 0.9976575354760576 40.15126249068494
0.9976867527506218 -0.000480774627262307 -0.06797729373023936 -2.386196957958946 0.0012015045254647706 0.9999434942607676 0.010562025896762165 -0.5855319574089735 0.06796836571977839 -0.01061926840818832 0.9976309629886104 41.14976571257998
0.9977006906092517 -0.0006244656603224142 -0.06777131925367089 -2.4567728134332114 0.0012347727046850736 0.9999590582675736 0.008963876575653697 -0.593630912014581 0.06776293772848858 -0.009026947754608194 0.9976606111231747 42.13650182200097
0.9977177378442484 0.002936133903913768 -0.06745877831757023 -2.5326797865059687 -0.002509494849313513 0.9999763204450257 0.006408305717863448 -0.6053404939333812 0.06747598753100228 -0.006224392608302128 0.9977014817107258 43.14401186074303
0.9976479099412947 0.002981390520384054 -0.06848186057471421 -2.60233875745557 -0.002532950648773978 0.9999747851070653 0.006634199013080819 -0.6162155007197402 0.06849990331771443 -0.006445133338367303 0.9976303049516402 44.132673927754084
0.9975461331924775 -0.0003010344645368694 -0.07001158751946494 -2.6738416295600014 0.0008521336757868758 0.9999688922169037 0.007841811462661734 -0.6270114505979787 0.07000703968123333 -0.00788222758223825 0.9975153545906187 45.12786129272439
0.9975107929163844 -8.490052186561729e-05 -0.07051392518519217 -2.7464926223805106 0.0007116150672896396 0.9999604758557605 0.008862740709281001 -0.6353514090446869 0.07051037667038562 -0.008890857918982456 0.9974714212278547 46.122760633132394
0.9975025577647318 0.001592596546963327 -0.07061237388181582 -2.824382198423127 -0.0011748224121766928 0.9999815588200359 0.005957577848496225 -0.6564915008822118 0.0706205499634777 -0.00585974204712888 0.9974860434152323 47.08454724953042
0.9974309710248344 0.003641583302770658 -0.07154162713462542 -2.898996259612869 -0.0035688789635292453 0.9999929810829349 0.0011440477978626263 -0.6639867778775786 0.07154528158577589 -0.0008857851620141374 0.9974369578922306 48.07609673593027
0.9973842563919917 0.004006469757778349 -0.0721705484344055 -2.975713686764448 -0.004015377878555939 0.999991938706473 2.1648177489329637e-05 -0.67989242542256 0.07217004363337222 0.00026820051170885813 0.9973923049015353 49.051226383557655
0.9973724461781218 0.0035708679517317933 -0.07235642688818027 -3.047271976513519 -0.0033206333459392737 0.9999880839595053 0.0035783546023313347 -0.6920695773516996 0.07236833190386412 -0.003328682983494368 0.9973724198623728 50.01639392748191
0.9973852405219168 -0.0003486294500723757 -0.07226727811903079 -3.1192182624298534 0.0008475183601323712 0.9999760242143829 0.006872838293563655 -0.7100072613349208 0.07226313963878708 -0.0069161151250437475 0.9973616252637002 51.01055759475954
0.997340407785408 -0.0005355829618444155 -0.07288222256316228 -3.1947818850443706 0.0010853052049147527 0.9999712626697993 0.007503217926742087 -0.7184083276298597 0.07287609941489391 -0.007562361664210394 0.9973123295447927 51.96035566060515
0.9973349594130768 -0.003945249425391541 -0.07285197335382154 -3.264303069406683 0.00442335796086617 0.9999697156140029 0.006402572293754439 -0.7347958227502515 0.07282449737827566 -0.006707759413633181 0.9973222149729202 52.921467665336515
0.9972913310635487 -0.007290390709722308 -0.07319046738100915 -3.33292254721554 0.0076892030148379515 0.9999570751328917 0.005168685975128649 -0.7518452668419684 0.07314963461299674 -0.005717461972670867 0.9973045838035595 53.89742595213562
0.9971930731828246 -0.0077240909119391955 -0.07447361911505153 -3.400887216529474 0.008209913326892743 0.999946958521302 0.006219496496011924 -0.7602116060704485 0.07442161825544047 -0.006813460466687217 0.9972035882958732 54.83640322693788
0.997117893354042 -0.011388452604295933 -0.07500811667632112 -3.4727622489496364 0.012175493578342106 0.9998754302706695 0.010043843004146975 -0.7678283758399969 0.07488437956126101 -0.010928155712650009 0.9971323363752885 55.8106492661926
0.997004223763446 -0.01385740286518612 -0.07609561924370215 -3.542195287368849 0.015075390314995166 0.9997669059984882 0.015454987862594242 -0.7808851137335577 0.07586370667535104 -0.01655585878554214 0.9969807402380662 56.75834802009524
0.9969728154387016 -0.012350256339847716 -0.0767637892496746 -3.6209222111001043 0.01373841984771531 0.9997510383142574 0.017581867835891378 -0.7762235077786859 0.07652752720007405 -0.018583257131301947 0.996894276247041 57.703455640772276
0.99693020111181 -0.010986247297849524 -0.07752080851368832 -3.6975901809230134 0.012102171117113784 0.9998295930977109 0.013940080369565025 -0.7854285696209737 0.07735443923453084 -0.014835456467053252 0.9968932757904791 58.657269757783986
0.9968636578128715 -0.007761288423129981 -0.07875662973859515 -3.779117587199712 0.008283804542091315 0.9999457790092864 0.006310033140482181 -0.7963351763607712 0.07870337522354917 -0.006942647126280482 0.9968739031778423 59.56024479761095
0.996806337400236 -0.005355775122685068 -0.07967714612963617 -3.857870029112003 0.005482909293822608 0.9999840213522423 0.001376929045205453 -0.8156449395751805 0.0796684875614963 -0.0018093940342842531 0.9968197712475214 60.47757683493239
0.9967624362077975 -0.0008058134155681605 -0.08039899891449928 -3.94569379529274 0.0009627239922765157 0.9999977043722571 0.0019129064796392795 -0.8203579068552959 0.08039726226714083 -0.001984115323448353 0.9967609294199455 61.397829746479
0.9966893384226626 0.0009496512089539506 -0.08129855579861917 -4.023793411787144 -0.00060778190453422 0.9999908668400316 0.004229752405498801 -0.8363009407357899 0.08130181946932008 -0.004166337196855153 0.9966808147373056 62.294196224083365
0.9965706761984101 0.003016438922891356 -0.08269088194207987 -4.107769260082208 -0.002524963180078133 0.9999785222859611 0.00604745771741266 -0.8532797573818354 0.08270733672874278 -0.005817927415120333 0.9965568915156284 63.17004811887011
0.9965132912528788 0.004203290693021087 -0.08332828192631808 -4.18165556729199 -0.0037259238209955744 0.9999757509488877 0.005883427546729936 -0.8656529370031361 0.08335097951361305 -0.005552438727346586 0.9965047877982335 64.05099767522282
0.9963643459224225 0.005716627199782205 -0.08500245957229552 -4.265658335132438 -0.00517141392567815 0.9999646314168458 0.00663289105676172 -0.8793426907310335 0.08503735872292167 -0.006169192958256401 0.9963586626607318 64.89984055536364
0.9962456253020489 0.00669340555537862 -0.08631256811109488 -4.340751293324142 -0.006076223435253785 0.9999540732892216 0.007411280435236303 -0.8929713283774074 0.08635819938138384 -0.0068590010746631055 0.9962405414087295 65.75465200043776
0.9961164621214028 0.00617549827498562 -0.08782856904176303 -4.417749422945896 -0.005503181416411228 0.9999536889885153 0.007894949651845713 -0.9070421364568375 0.08787324469278426 -0.007380952553941331 0.9961043188900819 66.56557646718294
0.9959851225888811 0.006929990088891525 -0.08925032627280673 -4.493694304618746 -0.006160798327086088 0.9999414936789393 0.00889095602089964 -0.9181165973323737 0.08930670700344615 -0.008305406431100061 0.9959695437321795 67.38000994765396
0.9958880355073608 0.008980934484457715 -0.09014633665139374 -4.569126829611386 -0.007986592083161671 0.9999032927531035 0.011384974276613277 -0.9235666832006849 0.09023985489972396 -0.010618197292511993 0.9958634517395356 68.19234612181666
0.9957394637495566 0.010346540010906546 -0.09162894092164983 -4.652747041964146 -0.008974814464151732 0.9998415988692507 0.015369851217365869 -0.9294391459988227 0.09177343895318651 -0.0144820133238268 0.9956745973811928 68.96987075033131
0.9955831835310709 0.01198750309913722 -0.0931150870011872 -4.730406745911545 -0.010420708107425607 0.999796138126522 0.017294475290492387 -0.933798209996599 0.09330340919973425 -0.016247763081857547 0.995505138342407 69.74510306244156
0.9954354184725344 0.014925678817501002 -0.09426321113322028 -4.81388356834876 -0.013688402033796917 0.9998116481163529 0.013758776850659453 -0.9482405969077273 0.09445080318374806 -0.012405660018554043 0.9954522334111127 70.50101087309105
0.9952504225904211 0.01669866186949805 -0.09590487532051738 -4.8909594322252685 -0.01616473181281814 0.9998492324463266 0.006341559427376517 -0.957512333487999 0.09599629872142137 -0.004761162970400423 0.9953703049632523 71.22810825786817
0.9951724392459238 0.01631887757248867 -0.096775565478743 -4.96043784609559 -0.016365189936761046 0.9998660341777142 0.00031519160322044694 -0.9700542838943462 0.09676773193386144 0.0012700806494861019 0.9953061765763619 71.94195214279846
0.995060989272526 0.01748452778070571 -0.09771342041508083 -5.035117325618943 -0.01768183773097022 0.99984300010551 -0.0011536452970289804 -0.9763503644034653 0.09767789504846444 0.002875700350690019 0.9952139206219639 72.6351375777418
0.9949930025553169 0.018589103968360107 -0.09820066513331886 -5.108369247619812 -0.018447730907685304 0.9998270738775477 0.002347474964687359 -0.9913786396158624 0.09822730800646151 -0.0005241415430328727 0.9951638635671356 73.31012901659527
0.9948996048282978 0.017983127226540635 -0.09925418983878823 -5.180961981334735 -0.017585971732623957 0.9998334681551003 0.004874905429102431 -1.0076595649304128 0.09932531400201637 -0.0031045599615816483 0.9950501670166018 73.96592669309561
0.9948469880695869 0.015216722495829265 -0.10023930359154029 -5.244846160853276 -0.015123158184181012 0.9998842002153088 0.0016932492360336449 -1.0198243552841568 0.10025345600576989 -0.00016858896362928477 0.9949619117151044 74.58841678450126
0.9949241635314194 0.008544326698027831 -0.10026421605676242 -5.2985839567389865 -0.008915428158399127 0.9999549674851586 -0.0032537420895379808 -1.0403304353222333 0.10023188486999604 0.004131124960775457 0.9949555289834219 75.20506589204373
0.9950537864772174 0.004062048750699508 -0.09925457025519352 -5.353935080317289 -0.0048817274711819795 0.9999559486777271 -0.008016880632438862 -1.0559568143137472 0.09921761960938776 0.008461760999066455 0.9950297748450557 75.80160569253594
0.9953356051632539 0.00625944442776055 -0.09626973214728943 -5.417222012853997 -0.0071001101701825 0.999939576477397 -0.008392325046308689 -1.07104854307666 0.09621137152140216 0.009036705441941099 0.9953198983593491 76.37796217400006
0.9957026570171911 0.011609123817232999 -0.09187740457116421 -5.476689809813442 -0.012202706241083962 0.999908126868901 -0.005901460227021967 -1.0780418734390464 0.09180044059929596 0.006997252396454079 0.9957528361139077 76.94665529897264
0.9961286548137935 0.010128475006468327 -0.08732192624170095 -5.525524373131358 -0.010380699845892363 0.9999431511320562 -0.00243483320782621 -1.0923311176054102 0.08729228967829229 0.0033318697016314174 0.9961771740541503 77.50840272942867
0.9966206251177988 0.006513850786222403 -0.08188347213245774 -5.557211743713071 -0.006399750784938358 0.9999781531117129 0.0016558193452319483 -1.1077348422908313 0.08189245791194809 -0.0011261897425074935 0.9966405317704881 78.0420194977334
0.9972826756916143 0.0016922245375993383 -0.07365049792990855 -5.587169121836205 -0.001306286993686288 0.9999851603899351 0.005287974691295674 -1.1238753772804533 0.07365834362266327 -0.005177396695721358 0.9972700939184506 78.58095213667599
0.9979982218377748 0.004644391362838293 -0.06307130164431299 -5.618623672727881 -0.0043089743126201365 0.9999758520882818 0.00545303592029513 -1.1363406213182248 0.06309509619091105 -0.005170347317488725 0.9979941260739433 79.0825264202175
0.9988031700339085 0.009969212587461307 -0.04788367789771984 -5.64716008297412 -0.00974843630775127 0.9999407583659863 0.004841985480670304 -1.142311811496105 0.047929105470489626 -0.004369399294182754 0.9988411816001053 79.5879855566754
0.9994404754707115 0.015373140122058733 -0.02970528638227463 -5.660788953109487 -0.015221257296858316 0.9998699326682794 0.005332331985460695 -1.1475467329585296 0.029783394037835413 -0.0048771964569951625 0.9995444818610092 80.08558605663691
0.9998702768000468 0.013981595514053933 -0.007996233851120254 -5.653062524488847 -0.013934731088722192 0.9998855755392341 0.005886711073049283 -1.156416534870421 0.008077623424903372 -0.005774521927594282 0.9999506976607192 80.55629052441286
0.999786057594571 0.00965498223547362 0.018292564963933895 -5.623018425871104 -0.009782025840719516 0.9999285675406229 0.0068684538544995215 -1.1654415991777047 -0.018224940733000614 -0.00704592251882813 0.9998090848648058 81.02781631895213
0.9988391692084913 0.008348199356608639 0.04744061592449191 -5.5824579026537995 -0.008739918024059736 0.9999293609317659 0.008055627270092498 -1.1707369384039978 -0.04737000852335517 -0.008460902969463537 0.9988415798597428 81.47913911744074
0.9967146701731716 0.008232089463737971 0.08057357513456724 -5.527086878781073 -0.009043379644127056 0.9999119703552575 0.00970920512225057 -1.177155716829182 -0.08048654432510696 -0.010405964267507303 0.9967013794715709 81.92240504247413
0.992964647606304 0.007477442346687773 0.11817488267292002 -5.450192258285558 -0.00876014877758977 0.9999081863188983 0.010338602578883053 -1.1849605954476037 -0.11808671356998446 -0.011301096349019183 0.9929389760747979 82.37451764830443
0.9871789270733627 0.007527549899959716 0.15943995175641099 -5.351467371876099 -0.009318585668004146 0.9999015750235738 0.01048861207890128 -1.1895735229278206 -0.15934527896847425 -0.01183989126511431 0.9871519079030634 82.7956505042165
0.9788143003819834 0.0069951343847147775 0.20463051068569996 -5.238375693938828 -0.009303471200036979 0.9999034644215525 0.010320612420789766 -1.19384821797714 -0.20453852773197226 -0.012005737283558424 0.9787848851964638 83.20983271883489
0.9672302500395429 0.008700177117437789 0.2537517755981447 -5.097862156765375 -0.011216499560300774 0.9999012090782619 0.008471354171291749 -1.200119351182851 -0.25365297150596106 -0.011039957202368715 0.9672322808821952 83.63010957163051
0.9520016914463955 0.00906653950825282 0.3059584905019066 -4.937431199306459 -0.011411547667888907 0.9999176202019271 0.0058766818377212 -1.2128226763117818 -0.30587996501838205 -0.009086070151932763 0.9520267183516773 84.0029277798147
0.9322551726568026 0.009107346237250548 0.3616868430024513 -4.752038844097235 -0.011263287329283509 0.9999291480644746 0.0038529434399768737 -1.2199744107898425 -0.36162608242422223 -0.007665709536812224 0.9322916892787227 84.38392826819012
0.9082860957702339 0.009337499916458575 0.4182453904667045 -4.552012917666568 -0.011194770716978724 0.999935358137834 0.001987252750096223 -1.2238231418458247 -0.418199744031215 -0.006487155362428174 0.9083319160919322 84.72325958293331
0.8794431937110976 0.009681999424591144 0.4759054069924708 -4.322444665024948 -0.010687736425663777 0.9999427108513897 -0.000592947921240222 -1.2215314317204464 -0.47588382102382 -0.004564887574363926 0.8794962854375126 85.05149204123941
0.8461347862030518 0.0074080681562631 0.5329175111956492 -4.062321024260269 -0.007424643942088253 0.9999702033450246 -0.002112140150475968 -1.2391903070050616 -0.5329172139156563 -0.00216956782394154 0.8461645804519236 85.36612623180508
0.8098052136957626 0.00722368726878826 0.5866543958135997 -3.810833264602071 -0.006444041779817234 0.9999733913616363 -0.003417814538285129 -1.244549542888017 -0.5866633986374807 -0.0010126617362414899 0.809830224942601 85.63694417388263
0.7700172759205294 0.005203198676753409 0.6380018633605257 -3.5127963972543164 -0.004991458223810733 0.9999852741296015 -0.002131048206872218 -1.2612515922229708 -0.6380034689788285 -0.0015436158120518755 0.7700319099498688 85.91973136025207
0.7273945151769474 0.00445527036669887 0.6862051010205564 -3.2428264685971286 -0.005849149309804198 0.9999828502045313 -0.0002922655221941359 -1.2607098824156555 -0.6861945424459226 -0.003801124446631915 0.7274080946185212 86.1475479785276
0.682349045136252 0.0031834195775598453 0.7310196422701649 -2.931931005409253 -0.004794431351773102 0.9999885030040315 0.00012050729611061926 -1.2642320785661614 -0.7310107471051048 -0.003587051613537469 0.6823564618597162 86.36934564546159
0.6356446897334216 0.0015347344675801077 0.7719802807972782 -2.5915292635247464 -0.0013863005384334524 0.9999986835918278 -0.0008465731035914798 -1.2706914176347637 -0.7719804534806565 -0.0005320774075039895 0.6356459866747507 86.58555649180737
0.5890463972240515 -0.0014240438601013181 0.8080980174653928 -2.279946756142681 0.003935092225885965 0.9999916433389436 -0.0011062027055022215 -1.2950143735069861 -0.8080895817160494 0.0038315444069570424 0.589047079437005 86.75125782302788
0.5418816228935994 -0.0001820982970930675 0.8404548556863756 -1.9290762132062163 0.0030103809009117107 0.9999939814778688 -0.0017242723289058702 -1.295735134362687 -0.8404493752265708 0.0034644402762801746 0.5418789056285316 86.93251481726341
0.49488884182748466 0.0028004015101121115 0.8689518367838109 -1.608811631076167 -0.0006480371273403108 0.9999957146160521 -0.0028536486283725583 -1.2985405672685737 -0.8689559911735067 0.000849125381417556 0.49488853355646345 87.075680389349
0.44940311919922643 0.004831882533989435 0.8933160683608117 -1.259980172360337 -0.0015480365925508895 0.9999880843517001 -0.00463008840999532 -1.3061676498357437 -0.8933276760509865 0.000697889924731018 0.4494052464490735 87.2098114027035
0.4063735538639198 0.0029401857124030668 0.9137023654539672 -0.8895706398075688 0.005618286955274586 0.9999678729337819 -0.0057165388937692255 -1.3028844762971377 -0.9136896950789178 0.007456491412233417 0.4063439832022985 87.32813786381217
0.3671656395078035 -0.005397212001364012 0.9301399783265655 -0.5385462002326047 0.0199556957530251 0.999798705907834 -0.0020759469179061187 -1.3306365672862506 -0.9299414147748994 0.019323805641717724 0.36719944458436227 87.40499835871205
0.3316769798809785 -0.009373802489146063 0.9433465019091032 -0.177920604451967 0.025583052347655764 0.9996722547428952 0.0009385946296781049 -1.3335599623986005 -0.9430460017764298 0.023822371641764237 0.33180808537612627 87.4971311059014
0.2979274957283028 -0.005988070680116092 0.9545697859171594 0.2026489418028001 0.02266067758228817 0.9997428905777076 -0.0008011029709849389 -1.341637875688726 -0.9543194297668653 0.02186986739129633 0.29798659369398967 87.5795245504148
0.2673161180864025 0.0021492132187819948 0.963606558921243 0.5525103891045184 0.012177741113783525 0.9999101192909223 -0.005608437390889626 -1.3407698031816326 -0.9635318753502387 0.01323377595719422 0.26726592262267523 87.68859381588636
0.23884304332180614 0.006809725047278441 0.9710343716983814 0.9335436528663932 0.0067181821793183185 0.9999398862617123 -0.008664891298206832 -1.3503316395773295 -0.9710348803193052 0.00859313401362264 0.23878294041648154 87.77660087810561
0.21236426284938736 0.008489888807184168 0.9771537618940837 1.3346194745537932 0.008048485612421094 0.9999131408585965 -0.010436804520649944 -1.3696590682943783 -0.9771573657922048 0.01008101153187366 0.21227748629201615 87.83697327215152
0.18942566660350163 0.009858396931231259 0.981845638982568 1.7351133113412216 0.015753812919572667 0.999790365603726 -0.013077928683091856 -1.3779568714388368 -0.9817686059461062 0.017945106771170914 0.1892306477927724 87.88690856662285
0.16865752874384016 0.015141716938753604 0.9855584669968606 2.1375844694256125 0.022735854601558476 0.9995562073134778 -0.019247535104032164 -1.3889194183885958 -0.9854123982025074 0.02565375433993989 0.168238423942682 87.93836489031878
0.1487456986056997 0.02267941832995986 0.9886154466897518 2.5692551561764 0.023276387660122494 0.9993796779278141 -0.026428490613521483 -1.385367696967144 -0.9886014295814143 0.026942519469472657 0.14812553346648616 87.97191101742361
0.1311996432668003 0.023604004305830404 0.9910749884606976 3.0054747793175105 0.020583599555414143 0.9994361332316718 -0.02652801962226333 -1.397432497692717 -0.9911421926491198 0.023880356209008434 0.13063981350152792 88.03392067124034
0.1156474021987755 0.019519766968915272 0.9930985769731054 3.4611780551681277 0.020164152927579584 0.9995547229108379 -0.02199480359780137 -1.4097268547791126 -0.9930855682728793 0.022568632259239836 0.1152023148903866 88.08409510587181
0.10053438842752466 0.01587911400843 0.9948069272310448 3.932839385980808 0.020919487640135133 0.9996178511370074 -0.018070013666859543 -1.432206838974996 -0.9947135660593424 0.022627507851782913 0.1001637904354679 88.12370359137304
0.08756930081406858 0.013543881112977258 0.9960664237019847 4.411339586383351 0.02268310630642266 0.9996211955317915 -0.015586405493896947 -1.4452105622090017 -0.9959000790336252 0.023958769822026084 0.08722891365413994 88.15268287462581
0.07558401459696494 0.012689627272185432 0.9970587567812352 4.913233613229049 0.02761754934399762 0.9995087840475498 -0.014814412683345806 -1.4630601667923318 -0.9967568416905145 0.0286560514099057 0.07519643135548514 88.18236912883174
0.06580396745454456 0.013065256697861863 0.9977470999261858 5.419198154248794 0.03007003818689321 0.9994341757055418 -0.01507054502665018 -1.4751799756245878 -0.997379315861023 0.030993994269303063 0.0653738628399135 88.20282011061232
0.05794403091554656 0.013672031562300565 0.9982262720375156 5.951163539989613 0.03180993354969078 0.9993732107362588 -0.015534211699093997 -1.4892809917245402 -0.9978128451734726 0.03265362552220492 0.05747280734819457 88.2264013056306
0.05160855122591188 0.014194448589335515 0.9985665770690213 6.499102289635708 0.03368325809729967 0.9993053411934398 -0.01594578997723398 -1.501903792706541 -0.9980991268375327 0.03445791388399229 0.051094587580648276 88.25227179550689
0.04629245760897678 0.014969643073486546 0.9988158284512774 7.053529372700389 0.03447286066122764 0.9992681870242914 -0.016574149117315275 -1.5162075243532203 -0.9983328562858009 0.035199295695641064 0.04574253536673179 88.27803495233213
0.04034640128158892 0.015717859090280912 0.9990621892036051 7.647312699410718 0.034524411017762886 0.9992572890890311 -0.017115172895685867 -1.526679776695754 -0.9985890571740011 0.03518256686268194 0.03977378762937991 88.29573313174565
0.03558393984380079 0.01578778740559038 0.9992420477928786 8.25511069015051 0.03752713363874069 0.99914890416825 -0.017122693177962268 -1.5430059522804844 -0.9986617856648676 0.038107981049156345 0.03496118598794927 88.31375375737555
0.03289880074534554 0.01569646415631686 0.999335493749404 8.873275869423553 0.03978351860901113 0.9990636675720255 -0.01700189576954199 -1.5597281862430856 -0.998666518154962 0.040316422104827526 0.03224353768262898 88.33020302729531
0.02977484929933346 0.0152672011117864 0.9994400962089041 9.514647470960929 0.03958358728842888 0.9990809921387637 -0.016440971488560687 -1.5790189562418224 -0.998772476266651 0.040050949323484804 0.029143157561902836 88.34789739061276
0.027244160120548398 0.014986276839566031 0.9995165296715247 10.178702121081603 0.042950275860336576 0.9989466986347635 -0.016148443939306537 -1.5907644565660297 -0.998705611732897 0.04336945986863158 0.026571801244688175 88.3644610679363
0.026722934727143106 0.014491964869427797 0.999537898284607 10.848770072282319 0.046394955055482225 0.998799451784771 -0.015721642335227354 -1.6096085177693915 -0.998565595822015 0.046793641982389715 0.02601850048808589 88.37426676747059
0.027011869666661067 0.01394214172357755 0.9995379468812323 11.550237248248106 0.049227172412102005 0.9986710164664827 -0.015260382723562095 -1.6298198837866789 -0.9984222112601858 0.049616636117260145 0.026289640866856277 88.39517688740511
0.030261857781506307 0.01387942387074017 0.9994457039636077 12.25003154105094 0.05191954777296229 0.9985319251519269 -0.01543878787386739 -1.6498306171478405 -0.9981925948988829 0.0523579734416137 0.029496819066566912 88.40702281182901
0.03384425448417273 0.01371790110869256 0.9993330325904028 12.980794594776087 0.05264072797779225 0.9984933847271151 -0.015489151004079429 -1.6668414298854937 -0.9980397718464844 0.053129835682934494 0.03307114578871229 88.43117923087526
0.03728443178208426 0.013288958375350978 0.999216392619656 13.726871937390232 0.054317528085847194 0.9984064161794411 -0.015304972890452313 -1.6868162745776358 -0.9978273144768856 0.054845599745082366 0.03650319403847459 88.46703361655699
0.04202339705412741 0.011739051933788866 0.9990477293881116 14.481128195324878 0.05521167475660344 0.9983757668986092 -0.014053551051486991 -1.7028775007371777 -0.9975898778925049 0.05574967408213635 0.04130701004726347 88.49645358041583
0.04628379447491987 0.010188868228642102 0.9988764353324666 15.263166661814743 0.055558499964480285 0.9983739153361597 -0.01275809383173183 -1.722836702190942 -0.9973820376017832 0.05608656685455303 0.045642456188920405 88.532661815895
0.0495705377827036 0.00853349033663271 0.9987342353269604 16.06219624926599 0.05247500063151903 0.9985601345220918 -0.011136514315544566 -1.7385497911057175 -0.9973910935026136 0.05296062024999823 0.04905136969520456 88.58203682822098
0.05418574403961083 0.007138901394595864 0.9985054198188642 16.862872097346447 0.05184944531456013 0.9986053095868155 -0.009953322373613231 -1.7558604047486832 -0.9971837361616935 0.052311277841229964 0.05374002537357368 88.63100172715284
0.05795360540201671 0.007980318586269599 0.9982874442871826 17.66743410379308 0.049618607956762255 0.9987091442092211 -0.010864200709071892 -1.7753582736251161 -0.9970853763912911 0.05016325038035777 0.05748282438876224 88.68534924732808
0.061575301347125 0.011627948208357098 0.9980347736152252 18.46850084201115 0.047207866104050984 0.9987791218055847 -0.01454918366373574 -1.804525866068854 -0.9969853376076822 0.048010960466674496 0.06095119684729019 88.74096110914422
0.06292433760325473 0.017131660331138256 0.9978713224277505 19.283335102723523 0.04160566751225284 0.9989384267395712 -0.01977357550885651 -1.8215192619357645 -0.9971506224127676 0.042761339860370964 0.062144766657174125 88.80736844686453
0.06267611333243428 0.020399572058971575 0.9978254882918293 20.11196348516509 0.0382020068670607 0.9990093613139525 -0.022823348064336613 -1.8544186084892376 -0.9973024552751939 0.03954941263544848 0.06183472035361316 88.86956123553603
0.06332272822391331 0.020129287952422033 0.9977901482162326 20.924247726792224 0.03601061654685296 0.9990994077133304 -0.022441043388764143 -1.8804148091567718 -0.9973431361206642 0.03735206539791837 0.06254083406275632 88.92232519496076
0.06319190872707914 0.018046953002158885 0.9978382799453152 21.7506241223711 0.03541491024883042 0.9991662152511622 -0.020313754910805473 -1.911958291228908 -0.9973727650431332 0.0366220160399596 0.06250009102175862 88.98242567774125
0.0623328772865127 0.016859866716876018 0.997913070921209 22.56900864922247 0.034083149447758726 0.9992381669496682 -0.019011199251525286 -1.9469319768270696 -0.997473217702009 0.035197041188692574 0.06171075476381914 89.03950545308335
0.06287556849076639 0.016302846939977515 0.997888277847053 23.395688300297948 0.032496407416463695 0.9993029570462547 -0.01837351386247866 -1.9759085147324664 -0.9974921154092165 0.03358302776563778 0.06230195846297887 89.09706451237427
0.06338267576922223 0.016259603099555993 0.9978569059826096 24.21539302048606 0.031159199209208458 0.999347564323881 -0.01826308916159221 -2.0078042061319485 -0.9975026812741931 0.03224998424129928 0.06283468890689675 89.14894966385445
0.0630019417425439 0.01711472248717483 0.9978667163767304 25.02469333361267 0.02829692454706321 0.9994203381303237 -0.018927943115226647 -2.035401879466873 -0.9976120996570498 0.029429054727566205 0.06248112912713235 89.21345080845693
0.06210241062861423 0.01821161056757785 0.9979036836642077 25.843307880572954 0.0249127049541267 0.9994937035668621 -0.019791018281393926 -2.069015147388328 -0.997758748866028 0.026089548717128076 0.061617269804523644 89.26798122923499
0.058867337164721666 0.017841802862472576 0.9981064310579625 26.651677928928418 0.022295633918961395 0.9995673624282287 -0.019182893353522076 -2.0966666842682695 -0.9980167345712948 0.02338266005608825 0.05844407640704956 89.3280760615928
0.05517466321798616 0.016707736759417117 0.9983369835296396 27.473931152362137 0.019406176201960695 0.9996531813585329 -0.017802278124856415 -2.1258390775812614 -0.9982880419980521 0.020356136976488182 0.054831296423480835 89.37664919004878
0.05022468015351548 0.014356972812277099 0.998634811134351 28.292095890489634 0.017835647614356888 0.9997243271305324 -0.015269651107173316 -2.157246669411743 -0.9985786044305702 0.018578210868274506 0.04995476971595213 89.42432835324753
0.04396724120702875 0.012796887036311176 0.9989510791744556 29.10428861112843 0.016659633808116442 0.9997695241795147 -0.013540619531550512 -2.1827568800935215 -0.9988939927506041 0.017237501715375865 0.043743917613456466 89.45971341068132
0.036361864189990205 0.012385167754685657 0.9992620034123083 29.90551690424682 0.015763823269769592 0.9997916792874386 -0.012965358748377238 -2.212579300228623 -0.9992142816509472 0.016223633139464576 0.03615905352257108 89.49622165921065
