1 0 0 0 0 1 0 0 0 0 1 0
0.99999 -0.00262103 -0.00356653 0.00815194 0.00261285 0.999994 -0.00229483 -0.00485133 0.00357252 0.00228548 0.999991 0.671179
0.999966 -0.00143506 -0.00812994 0.00645165 0.00140244 0.999991 -0.00401655 -0.00527335 0.00813563 0.00400501 0.999959 1.40867
0.999929 -0.00173988 -0.0117725 -0.00942948 0.00167822 0.999985 -0.00524565 -0.0151168 0.0117815 0.00522552 0.999917 2.11713
0.999858 -0.000368947 -0.0168366 -0.0244798 0.000272003 0.999983 -0.00575989 -0.0218674 0.0168384 0.00575449 0.999842 2.88111
0.999781 -0.00161682 -0.0208867 -0.0455933 0.00148986 0.99998 -0.00609273 -0.0312239 0.0208962 0.00606027 0.999763 3.63638
0.999667 4.49218e-05 -0.0258094 -0.0663255 -0.000237536 0.999972 -0.00745994 -0.0368462 0.0258083 0.00746359 0.999639 4.43818
0.999514 0.00266055 -0.0310773 -0.0914067 -0.0029142 0.999963 -0.00811953 -0.0436071 0.0310546 0.00820614 0.999484 5.24991
0.999381 0.00313988 -0.0350471 -0.128441 -0.00337565 0.999972 -0.00667005 -0.0517903 0.0350252 0.00678422 0.999363 6.04955
0.999232 0.00246092 -0.0391011 -0.170579 -0.00262877 0.999988 -0.00424183 -0.0567375 0.0390902 0.00434136 0.999226 6.88535
0.999091 0.00216441 -0.042584 -0.207754 -0.00224599 0.999996 -0.00186803 -0.0624638 0.0425798 0.00196198 0.999091 7.72456
0.998976 0.00375559 -0.0450879 -0.25654 -0.00387704 0.999989 -0.00260637 -0.0700507 0.0450776 0.0027785 0.99898 8.57649
0.998895 0.00323122 -0.0468941 -0.303796 -0.00336792 0.99999 -0.00283634 -0.0790921 0.0468844 0.00299114 0.998896 9.41914
0.998835 0.000241945 -0.0482475 -0.349108 -0.000409503 0.999994 -0.00346303 -0.0843739 0.0482463 0.00347876 0.998829 10.2791
0.998762 0.000157991 -0.0497478 -0.401102 -0.000305887 0.999996 -0.00296533 -0.0895064 0.0497471 0.00297688 0.998757 11.1419
0.998698 -0.00107813 -0.051 -0.448648 0.000901492 0.999994 -0.00348628 -0.0987834 0.0510035 0.00343576 0.998693 12.0143
0.998607 0.000910977 -0.0527572 -0.497794 -0.00121631 0.999983 -0.00575575 -0.1102 0.052751 0.0058119 0.998591 12.886
0.998555 0.00112513 -0.0537209 -0.562272 -0.00158686 0.999962 -0.0085531 -0.116962 0.0537092 0.00862599 0.998519 13.7981
0.998453 0.00479606 -0.0553902 -0.620025 -0.00536775 0.999934 -0.0101769 -0.129969 0.0553378 0.0104585 0.998413 14.7002
0.998397 0.00565094 -0.0563076 -0.679549 -0.00621705 0.999932 -0.00988373 -0.143938 0.0562479 0.010218 0.998364 15.6186
0.998311 0.00433749 -0.0579379 -0.716579 -0.0048175 0.999955 -0.00814779 -0.164452 0.0578999 0.00841314 0.998287 16.5142
0.998215 0.00488028 -0.0595123 -0.769661 -0.0052695 0.999966 -0.00638497 -0.181738 0.0594791 0.00668718 0.998207 17.4515
0.998161 0.00406812 -0.0604775 -0.825295 -0.00444025 0.999972 -0.00602015 -0.199283 0.0604513 0.00627762 0.998151 18.3855
0.998091 0.00328292 -0.0616773 -0.878683 -0.00369978 0.999971 -0.00664573 -0.21658 0.0616537 0.00686123 0.998074 19.2969
0.998065 0.00187097 -0.0621479 -0.965421 -0.00235698 0.999967 -0.00774785 -0.222028 0.0621314 0.00787934 0.998037 20.2785
0.998051 0.00200572 -0.0623714 -1.03107 -0.0024034 0.999977 -0.00630158 -0.233188 0.0623574 0.0064392 0.998033 21.2229
0.998071 0.00312311 -0.0619976 -1.09498 -0.00332051 0.99999 -0.00308133 -0.243968 0.0619874 0.00328126 0.998071 22.1691
0.998135 0.00384423 -0.0609255 -1.16056 -0.00382513 0.999993 0.000430121 -0.252165 0.0609267 -0.00019627 0.998142 23.1344
0.998253 0.00278472 -0.0590173 -1.22208 -0.00260116 0.999992 0.00318677 -0.259916 0.0590257 -0.00302769 0.998252 24.0959
0.998366 0.00312954 -0.0570468 -1.28434 -0.00291182 0.999988 0.0038992 -0.268074 0.0570583 -0.00372672 0.998364 25.0628
0.998463 0.00310756 -0.0553328 -1.34345 -0.00305164 0.999995 0.00109512 -0.275927 0.0553359 -0.000924585 0.998467 26.0363
0.99853 0.00385517 -0.0540637 -1.40262 -0.00405311 0.999986 -0.00355208 -0.287984 0.0540492 0.00376598 0.998531 27.0112
0.998613 0.00260183 -0.0525799 -1.45077 -0.00292899 0.999977 -0.00614613 -0.304025 0.0525627 0.00629161 0.998598 27.9696
0.998688 -0.000486642 -0.0512102 -1.50374 0.000230169 0.999987 -0.00501403 -0.318174 0.051212 0.00499567 0.998675 28.9495
0.998669 -0.00283771 -0.0514932 -1.5463 0.00284598 0.999996 8.727e-05 -0.331048 0.0514928 -0.000233701 0.998673 29.9376
0.99862 -0.00728686 -0.0520005 -1.59628 0.00748969 0.999965 0.00370664 -0.342927 0.0519717 -0.004091 0.99864 30.9412
0.99852 -0.0145762 -0.0524001 -1.6466 0.0147627 0.999886 0.00317381 -0.355664 0.0523479 -0.00394268 0.998621 31.9449
0.998418 -0.017221 -0.0535146 -1.69737 0.0172346 0.999852 -0.000207513 -0.371426 0.0535102 -0.000715118 0.998567 32.9485
0.998356 -0.0172641 -0.0546521 -1.75541 0.0170824 0.999847 -0.00378996 -0.385197 0.0547091 0.00285014 0.998498 33.9591
0.998281 -0.0160668 -0.0563694 -1.81823 0.015833 0.999864 -0.00459105 -0.396712 0.0564355 0.00369066 0.998399 34.98
0.998218 -0.0164614 -0.0573512 -1.87733 0.0162949 0.999862 -0.00337054 -0.403399 0.0573987 0.00243001 0.998348 36.0324
0.998205 -0.0129958 -0.0584612 -1.94588 0.0129577 0.999916 -0.00103031 -0.411936 0.0584696 0.000270939 0.998289 37.0702
0.998156 -0.0127031 -0.05936 -2.01508 0.0127227 0.999919 -4.70796e-05 -0.419832 0.0593557 -0.000708226 0.998237 38.1078
0.998123 -0.0111761 -0.0602032 -2.08245 0.0113307 0.999933 0.00222714 -0.426732 0.0601743 -0.00290511 0.998184 39.1449
0.998125 -0.011552 -0.0601121 -2.13397 0.0118984 0.999915 0.00540729 -0.440728 0.0600445 -0.00611239 0.998177 40.1467
0.998142 -0.00608283 -0.0606151 -2.2129 0.00655021 0.99995 0.00751492 -0.442146 0.0605664 -0.007898 0.998133 41.2035
0.998153 -0.00622981 -0.0604321 -2.28561 0.00664631 0.999955 0.00669353 -0.444578 0.0603877 -0.00708282 0.99815 42.2462
0.998168 -0.00600137 -0.0601986 -2.36005 0.00630635 0.999968 0.00487735 -0.449203 0.0601674 -0.00524805 0.998174 43.3018
0.998176 -0.00366024 -0.0602604 -2.4196 0.00382072 0.999989 0.00254807 -0.455415 0.0602505 -0.00277366 0.998179 44.3182
0.998101 -0.00428164 -0.0614402 -2.47858 0.00444445 0.999987 0.00251334 -0.463786 0.0614287 -0.00278164 0.998107 45.347
0.998029 -0.00620727 -0.0624404 -2.54772 0.00644671 0.999973 0.00363379 -0.473899 0.0624161 -0.00402916 0.998042 46.3763
0.997985 -0.0055776 -0.0632053 -2.61043 0.00587621 0.999972 0.00453958 -0.485687 0.0631782 -0.00490184 0.99799 47.3765
0.997991 -0.00307197 -0.0632822 -2.68879 0.00315148 0.999994 0.00115662 -0.499241 0.0632783 -0.00135373 0.997995 48.3993
0.997972 -0.00237978 -0.0636108 -2.76491 0.00219743 0.999993 -0.00293644 -0.514827 0.0636173 0.0027907 0.99797 49.3954
0.997852 -0.00221318 -0.0654642 -2.80746 0.00196075 0.99999 -0.00392009 -0.532262 0.0654722 0.00378331 0.997847 50.3971
0.997785 -0.00372477 -0.0664174 -2.85388 0.00371369 0.999993 -0.00029035 -0.549982 0.066418 4.30525e-05 0.997792 51.3932
0.997711 -0.00607209 -0.0673496 -2.90411 0.00627554 0.999976 0.0028096 -0.563136 0.0673309 -0.00322582 0.997725 52.397
0.99767 -0.00845815 -0.0676919 -2.96781 0.008714 0.999956 0.00348514 -0.574094 0.0676595 -0.00406689 0.9977 53.3972
0.997647 -0.0116292 -0.0675609 -3.04117 0.0118089 0.999928 0.00226183 -0.583891 0.0675298 -0.00305433 0.997712 54.4072
0.997553 -0.0149163 -0.0683034 -3.1046 0.0150254 0.999886 0.00108414 -0.595504 0.0682795 -0.00210778 0.997664 55.4032
0.997463 -0.016622 -0.0692088 -3.17235 0.0168198 0.999856 0.00227627 -0.606759 0.069161 -0.00343457 0.997599 56.3837
0.99732 -0.0199687 -0.0703741 -3.2248 0.0204554 0.999771 0.00620138 -0.615759 0.0702342 -0.0076243 0.997501 57.3381
0.997237 -0.0212056 -0.0711923 -3.2898 0.0220618 0.999693 0.0112624 -0.620525 0.0709316 -0.0128019 0.997399 58.3299
0.997321 -0.0192992 -0.0705589 -3.38393 0.0202786 0.999707 0.0131907 -0.621571 0.0702837 -0.0145862 0.99742 59.3096
0.99705 -0.0190588 -0.0743507 -3.40997 0.0198459 0.999754 0.00986094 -0.6371 0.0741445 -0.0113074 0.997183 60.239
0.997045 -0.0175302 -0.0747883 -3.50532 0.017734 0.99984 0.002061 -0.639075 0.0747402 -0.0033812 0.997197 61.2082
0.99704 -0.0159052 -0.0752177 -3.5899 0.0157341 0.999872 -0.00286688 -0.646541 0.0752537 0.00167491 0.997163 62.1571
0.99703 -0.011375 -0.0761714 -3.67146 0.0112483 0.999934 -0.002093 -0.657177 0.0761902 0.00122998 0.997092 63.0975
0.996983 -0.00907571 -0.0770867 -3.75512 0.00909076 0.999959 -0.000155857 -0.666866 0.0770849 -0.00054539 0.997024 64.0356
0.996961 -0.00629704 -0.0776494 -3.83639 0.00643077 0.999978 0.00147215 -0.685916 0.0776385 -0.00196702 0.996979 64.9361
0.996906 -0.00601999 -0.078366 -3.92382 0.0061514 0.99998 0.00143542 -0.696855 0.0783558 -0.00191304 0.996923 65.8452
0.996779 -0.00471555 -0.0800541 -3.99332 0.0049215 0.999985 0.00237529 -0.710232 0.0800417 -0.00276163 0.996787 66.7153
0.996685 -0.00390675 -0.08126 -4.07354 0.004152 0.999987 0.00284909 -0.722441 0.0812478 -0.00317704 0.996689 67.5881
0.99656 -0.00414723 -0.0827658 -4.14467 0.00443917 0.999984 0.00334344 -0.735158 0.0827506 -0.00369935 0.996563 68.4345
0.996444 -0.00439663 -0.0841349 -4.21578 0.00479829 0.999978 0.00457225 -0.747121 0.0841129 -0.0049597 0.996444 69.2729
0.996376 -0.00157411 -0.0850344 -4.30645 0.0021827 0.999972 0.00706424 -0.752027 0.085021 -0.00722425 0.996353 70.1155
0.996316 -6.14784e-05 -0.0857541 -4.3951 0.00100772 0.999939 0.0109909 -0.756676 0.0857482 -0.0110369 0.996255 70.9411
0.99617 0.00279989 -0.0873926 -4.47448 -0.00169755 0.999918 0.0126853 -0.761193 0.087421 -0.0124884 0.996093 71.7433
0.996058 0.00552148 -0.0885278 -4.54742 -0.00475614 0.999949 0.00885377 -0.774597 0.0885722 -0.00839782 0.996034 72.5037
0.995961 0.00531986 -0.0896206 -4.62842 -0.00518306 0.999985 0.00175895 -0.784998 0.0896286 -0.00128734 0.995974 73.2648
0.995835 0.00454018 -0.0910582 -4.6876 -0.00489697 0.999981 -0.00369538 -0.801787 0.0910397 0.00412589 0.995838 73.9751
0.99579 0.00548747 -0.09149 -4.76007 -0.00596206 0.99997 -0.00491496 -0.809643 0.0914603 0.00543973 0.995794 74.6991
0.995674 0.00826788 -0.0925371 -4.81982 -0.00841752 0.999964 -0.001227 -0.825925 0.0925236 0.00200062 0.995708 75.383
0.99553 0.00833158 -0.0940713 -4.88539 -0.00826941 0.999965 0.00105059 -0.841091 0.0940767 -0.000267985 0.995565 76.0711
0.995462 0.00504244 -0.0950256 -4.94668 -0.00526533 0.999984 -0.00209507 -0.856471 0.0950135 0.00258589 0.995472 76.7211
0.995505 -0.00299019 -0.094659 -5.00705 0.00233065 0.999972 -0.00707739 -0.874676 0.0946775 0.00682495 0.995484 77.3722
0.995587 -0.00693429 -0.0935799 -5.06662 0.00589275 0.999918 -0.0114019 -0.895658 0.0936512 0.0108001 0.995546 78.0234
0.995841 -0.00452727 -0.090993 -5.11332 0.00351284 0.99993 -0.0113057 -0.914153 0.0910378 0.010939 0.995787 78.6402
0.996149 0.000379996 -0.0876709 -5.15842 -0.00109154 0.999967 -0.00806844 -0.930147 0.0876649 0.00813306 0.996116 79.2588
0.996523 -0.00125399 -0.0832982 -5.19992 0.00085175 0.999988 -0.00486449 -0.943172 0.0833033 0.00477662 0.996512 79.8503
0.996958 -0.00506243 -0.0777716 -5.23186 0.00502671 0.999987 -0.000655332 -0.954165 0.0777739 0.000262395 0.996971 80.4301
0.997523 -0.00940012 -0.0697034 -5.25716 0.00961592 0.99995 0.00276086 -0.966242 0.0696739 -0.00342429 0.997563 80.9846
0.998207 -0.00573377 -0.0595775 -5.27677 0.0059215 0.999978 0.00297471 -0.978438 0.0595591 -0.00332217 0.998219 81.5395
0.998977 -0.000735057 -0.0452107 -5.28627 0.000871398 0.999995 0.00299581 -0.990874 0.0452083 -0.00303215 0.998973 82.0625
0.999608 0.00435553 -0.0276444 -5.28563 -0.00424339 0.999982 0.0041135 -1.00179 0.0276618 -0.00399459 0.999609 82.5724
0.999977 0.00262967 -0.00612722 -5.26145 -0.00259862 0.999984 0.00506981 -1.00986 0.00614043 -0.00505379 0.999968 83.086
0.999805 -0.00101686 0.0196941 -5.22094 0.000890617 0.999979 0.00641867 -1.01646 -0.0197002 -0.00639989 0.999785 83.5888
0.998801 -0.0022102 0.0488954 -5.16859 0.00179971 0.999963 0.00843779 -1.02559 -0.0489123 -0.00833968 0.998768 84.0499
0.996653 -0.00252606 0.0817063 -5.10118 0.00167922 0.999944 0.0104316 -1.03393 -0.0817281 -0.0102595 0.996601 84.511
0.992903 -0.00251728 0.1189 -5.01077 0.00117721 0.999935 0.0113396 -1.03669 -0.11892 -0.0111191 0.992841 84.9887
0.987062 -0.00251654 0.160318 -4.89962 0.000638049 0.99993 0.0117678 -1.0393 -0.160336 -0.0115132 0.986995 85.4451
0.978701 -0.00264429 0.205272 -4.76752 0.000155855 0.999926 0.0121378 -1.04177 -0.205289 -0.0118473 0.978629 85.8958
0.967118 -0.000590672 0.254325 -4.61946 -0.00218614 0.999941 0.0106356 -1.04736 -0.254316 -0.0108419 0.96706 86.3288
0.951477 0.000334844 0.307718 -4.44724 -0.0030976 0.999959 0.00848985 -1.05398 -0.307702 -0.00903109 0.951439 86.7528
0.931502 0.000149814 0.363735 -4.25679 -0.00291205 0.999971 0.00704572 -1.0601 -0.363724 -0.00762233 0.931475 87.1455
0.907207 0.000274746 0.420684 -4.03781 -0.00316376 0.999976 0.00616962 -1.06745 -0.420672 -0.00692807 0.907186 87.516
0.878307 -4.52407e-05 0.478095 -3.80578 -0.00270522 0.999983 0.00506439 -1.07394 -0.478088 -0.00574146 0.878293 87.8502
0.844967 -0.00169777 0.534815 -3.55191 -0.000314892 0.999993 0.003672 -1.08019 -0.534818 -0.00327114 0.84496 88.1625
0.80806 -0.00203231 0.589096 -3.27276 0.000256509 0.999995 0.00309803 -1.08539 -0.589099 -0.00235229 0.808057 88.4711
0.767982 -0.00334879 0.640463 -2.99255 0.000436312 0.999989 0.00470548 -1.09242 -0.640471 -0.00333429 0.767974 88.7454
0.725134 -0.00396918 0.688596 -2.6888 -0.00171809 0.99997 0.00757326 -1.09815 -0.688605 -0.00667471 0.725105 89.0092
0.679656 -0.00509704 0.733513 -2.36806 -0.00181279 0.999961 0.00862824 -1.1027 -0.733528 -0.00719395 0.67962 89.2557
0.633195 -0.00648542 0.773965 -2.03606 0.000728649 0.999969 0.00778311 -1.10513 -0.773992 -0.00436429 0.63318 89.4664
0.58645 -0.00905324 0.809934 -1.70485 0.00559963 0.999959 0.00712277 -1.10838 -0.809965 0.000358174 0.586477 89.6405
0.54137 -0.00688775 0.840756 -1.34598 0.0031838 0.999976 0.00614207 -1.10962 -0.840778 -0.000648338 0.541378 89.8032
0.49559 -0.0038311 0.868548 -0.986012 -0.000891481 0.999987 0.00491956 -1.10737 -0.868556 -0.00321238 0.49558 89.9538
0.450756 -0.00158471 0.892646 -0.634294 -0.001669 0.999995 0.00261809 -1.10621 -0.892645 -0.00266996 0.450751 90.084
0.408353 -0.00414721 0.912814 -0.266237 0.00548979 0.999983 0.00208736 -1.10574 -0.912807 0.00415877 0.408369 90.203
0.369547 -0.0118728 0.929136 0.10668 0.0204535 0.99978 0.00464055 -1.1057 -0.928987 0.0172892 0.369708 90.2802
0.335597 -0.0156981 0.941875 0.491303 0.0246018 0.999666 0.00789551 -1.10405 -0.941684 0.0205221 0.335871 90.3621
0.30326 -0.0115871 0.952837 0.859058 0.0223136 0.999738 0.00505571 -1.10246 -0.952646 0.019728 0.303439 90.4452
0.273198 -0.00353788 0.961951 1.24625 0.0115044 0.999933 0.000410286 -1.10373 -0.961889 0.0109546 0.27322 90.5438
0.245007 0.00111087 0.96952 1.63495 0.00733593 0.999968 -0.00299961 -1.10778 -0.969493 0.00784725 0.244991 90.6309
0.219192 0.00279823 0.975677 2.04671 0.00810664 0.999956 -0.00468906 -1.1191 -0.975648 0.00893726 0.21916 90.7093
0.19595 0.0043177 0.980604 2.44915 0.0152636 0.999855 -0.00745251 -1.12285 -0.980495 0.0164279 0.195855 90.7559
0.176296 0.0104062 0.984282 2.86853 0.0221365 0.999649 -0.0145336 -1.12008 -0.984088 0.0243508 0.176004 90.796
0.157398 0.0169393 0.98739 3.30534 0.0240544 0.99949 -0.0209814 -1.11829 -0.987242 0.0270535 0.15691 90.8433
0.140333 0.017957 0.989941 3.75696 0.0216285 0.999541 -0.0211971 -1.12313 -0.989868 0.0243856 0.13988 90.8963
0.124937 0.0137679 0.992069 4.22083 0.0200728 0.999664 -0.0164012 -1.13623 -0.991961 0.0219627 0.124618 90.9477
0.110332 0.0103918 0.99384 4.69929 0.0206364 0.999705 -0.0127441 -1.15001 -0.99368 0.0219154 0.110085 90.9955
0.0969946 0.00780901 0.995254 5.2001 0.0233454 0.999676 -0.0101189 -1.16167 -0.995011 0.024216 0.0967807 91.0371
0.0849973 0.00689081 0.996357 5.70166 0.0269045 0.999595 -0.00920836 -1.17241 -0.996017 0.0275892 0.0847773 91.0716
0.0747655 0.00748725 0.997173 6.22422 0.0298768 0.999506 -0.00974484 -1.18164 -0.996753 0.0305208 0.0745047 91.0998
0.0668079 0.00797967 0.997734 6.76633 0.0321119 0.999432 -0.0101435 -1.19003 -0.997249 0.0327168 0.0665135 91.1298
0.0613516 0.00831758 0.998081 7.33234 0.0338328 0.999373 -0.010408 -1.19758 -0.997542 0.0344065 0.0610315 91.1599
0.0560527 0.00945209 0.998383 7.90768 0.0352445 0.999313 -0.0114396 -1.20454 -0.997805 0.0358287 0.0556808 91.1826
0.0504534 0.0100795 0.998675 8.49093 0.0358619 0.999285 -0.0118974 -1.21415 -0.998082 0.0364147 0.0500557 91.1994
0.0460403 0.0101748 0.998887 9.10743 0.0378837 0.999211 -0.0119242 -1.22487 -0.998221 0.0383906 0.0456183 91.2235
0.0429776 0.0103177 0.999022 9.74468 0.0390246 0.999166 -0.011998 -1.23384 -0.998313 0.0395021 0.0425389 91.2491
0.0396908 0.0101395 0.99916 10.3948 0.0394702 0.999152 -0.0117073 -1.24305 -0.998432 0.0399018 0.0392567 91.2755
0.0364811 0.00941433 0.99929 11.0788 0.0420266 0.999056 -0.0109464 -1.25466 -0.99845 0.0423961 0.0360508 91.3185
0.0355197 0.00906526 0.999328 11.7696 0.0466517 0.998853 -0.0107191 -1.26472 -0.998279 0.0470011 0.0350559 91.3407
0.0365847 0.00850408 0.999294 12.4619 0.0506003 0.998665 -0.0103512 -1.27742 -0.998048 0.0509433 0.0361053 91.3584
0.0389622 0.00847917 0.999205 13.1851 0.0524204 0.998569 -0.0105178 -1.28752 -0.997864 0.0527885 0.0384618 91.3851
0.0427122 0.00862897 0.99905 13.9327 0.0548726 0.998432 -0.0109696 -1.29413 -0.997579 0.055289 0.0421716 91.4191
0.0467934 0.00813616 0.998871 14.6867 0.0555597 0.998397 -0.0107351 -1.3057 -0.997358 0.0559993 0.0462662 91.4564
0.0507011 0.00660326 0.998692 15.4757 0.057099 0.998323 -0.00949958 -1.31489 -0.99708 0.0575059 0.0502388 91.5005
0.0549387 0.00501545 0.998477 16.2844 0.0573036 0.998323 -0.00816765 -1.32668 -0.996844 0.057665 0.0545589 91.5438
0.0591105 0.00301075 0.998247 17.114 0.05417 0.998512 -0.00621918 -1.3371 -0.99678 0.0544427 0.0588592 91.6024
0.0628499 0.00181121 0.998021 17.9356 0.0534946 0.998554 -0.00518097 -1.34984 -0.996588 0.0537143 0.062662 91.668
0.0667785 0.00273584 0.997764 18.7709 0.0509741 0.99868 -0.00614995 -1.36415 -0.996464 0.0512708 0.0665507 91.737
0.0700924 0.00669453 0.997518 19.5744 0.0489985 0.998747 -0.0101457 -1.38184 -0.996336 0.049588 0.0696763 91.7889
0.0717506 0.011748 0.997353 20.4281 0.043479 0.998943 -0.0148946 -1.40203 -0.996474 0.0444326 0.0711637 91.8617
0.0715064 0.0147822 0.99733 21.2727 0.0404333 0.999025 -0.0177062 -1.42368 -0.99662 0.0415914 0.0708388 91.932
0.0717488 0.0143087 0.99732 22.1242 0.0384886 0.999112 -0.0171033 -1.44471 -0.996679 0.0396126 0.0711341 92.0012
0.0717679 0.0127764 0.997339 22.9863 0.0355803 0.999248 -0.0153611 -1.46547 -0.996786 0.036588 0.0712592 92.074
0.0719839 0.0115349 0.997339 23.8219 0.0366946 0.999225 -0.0142052 -1.48922 -0.99673 0.0376195 0.0715046 92.1276
0.0731231 0.0108133 0.997264 24.6522 0.0344095 0.999318 -0.0133586 -1.51323 -0.996729 0.0352921 0.0727009 92.1794
0.0741237 0.0110509 0.997188 25.4967 0.0329501 0.999365 -0.0135243 -1.53742 -0.996704 0.0338598 0.0737123 92.2345
0.0752367 0.0115183 0.997099 26.3387 0.0302157 0.999447 -0.0138253 -1.56176 -0.996707 0.0311681 0.0748468 92.2908
0.0749974 0.0126469 0.997103 27.1776 0.0275426 0.999511 -0.0147491 -1.58696 -0.996803 0.0285689 0.0746122 92.3472
0.0737631 0.0120241 0.997203 28.0079 0.0247331 0.999597 -0.0138825 -1.61174 -0.996969 0.0256879 0.0734358 92.3905
0.0708072 0.0106903 0.997432 28.8465 0.0224128 0.999672 -0.0123054 -1.63224 -0.997238 0.0232265 0.0705442 92.4445
0.0668708 0.00838038 0.997726 29.6736 0.0205972 0.999739 -0.00977778 -1.65292 -0.997549 0.0212042 0.0666806 92.4898
0.0615122 0.00632054 0.998086 30.502 0.0188884 0.999793 -0.00749543 -1.67148 -0.997927 0.0193132 0.0613798 92.5311
0.0538179 0.00677888 0.998527 31.331 0.0187011 0.999794 -0.00779541 -1.68691 -0.998375 0.019093 0.0536799 92.5829
0.0455433 0.00763439 0.998933 32.1361 0.0190859 0.999781 -0.00851103 -1.70667 -0.99878 0.0194531 0.0453874 92.6091
0.0367048 0.0079583 0.999294 32.9427 0.0196634 0.999768 -0.00868431 -1.72472 -0.999132 0.0199682 0.0365396 92.6172
0.0275824 0.00700378 0.999595 33.7577 0.0211571 0.999747 -0.00758863 -1.74068 -0.999395 0.0213578 0.0274269 92.6205
0.0171402 0.00619359 0.999834 34.5664 0.0199444 0.999779 -0.00653515 -1.75877 -0.999654 0.020053 0.0170127 92.6286
0.0072071 0.00551801 0.999958 35.367 0.0214961 0.999752 -0.00567179 -1.77379 -0.999743 0.021536 0.00708645 92.6135
-0.00427557 0.00563428 0.999975 36.1747 0.0202161 0.99978 -0.00554673 -1.79957 -0.999786 0.0201918 -0.00438879 92.6214
-0.0158231 0.00613327 0.999856 36.9686 0.020214 0.999778 -0.00581289 -1.81921 -0.99967 0.0201191 -0.0159438 92.615
-0.026551 0.00698791 0.999623 37.7514 0.0196096 0.999786 -0.00646819 -1.84015 -0.999455 0.0194304 -0.0266826 92.5967
-0.0370129 0.00816379 0.999281 38.5341 0.0206445 0.999759 -0.00740302 -1.85287 -0.999101 0.0203556 -0.0371728 92.5659
-0.046397 0.00895337 0.998883 39.3056 0.0217807 0.999731 -0.00794927 -1.86916 -0.998685 0.0213875 -0.0465798 92.5228
-0.0553154 0.00951526 0.998423 40.0677 0.0225774 0.99971 -0.00827667 -1.88647 -0.998213 0.0220839 -0.0555144 92.4622
-0.0638559 0.00977063 0.997911 40.8175 0.0232066 0.999696 -0.00830311 -1.90578 -0.997689 0.0226279 -0.0640635 92.3928
-0.0725915 0.00936329 0.997317 41.5752 0.0243949 0.999673 -0.00760976 -1.92122 -0.997063 0.023777 -0.0727964 92.3378
-0.0796084 0.00818297 0.996792 42.2893 0.0264408 0.999631 -0.00609459 -1.93942 -0.996475 0.0258707 -0.0797957 92.2544
-0.084831 0.00648402 0.996374 43.0253 0.0295524 0.999555 -0.00398862 -1.95403 -0.995957 0.0291069 -0.0849851 92.1828
-0.0886275 0.00482404 0.996053 43.7389 0.0323684 0.999474 -0.0019605 -1.96863 -0.995538 0.0320668 -0.0887373 92.1068
-0.0921014 0.00382815 0.995742 44.4799 0.0345413 0.999403 -0.000647295 -1.97965 -0.99515 0.0343346 -0.0921789 92.0572
-0.0956397 0.00322726 0.99541 45.2149 0.0346941 0.999397 9.32608e-05 -1.98945 -0.994811 0.0345437 -0.0956943 92.0325
-0.0972484 0.00378945 0.995252 45.91 0.0358398 0.999357 -0.000303074 -2.00023 -0.994614 0.0356401 -0.097322 91.9828
-0.0970895 0.00492672 0.995263 46.605 0.036815 0.999321 -0.00135543 -2.01176 -0.994594 0.036509 -0.0972052 91.9332
-0.0938891 0.00677847 0.995559 47.2914 0.0378216 0.999279 -0.00323691 -2.02106 -0.994864 0.0373497 -0.094078 91.866
-0.0892788 0.00730144 0.995979 47.9227 0.0380889 0.999266 -0.00391126 -2.03509 -0.995278 0.0375865 -0.0894916 91.8244
-0.0821274 0.00785961 0.99659 48.5249 0.0374468 0.999287 -0.00479494 -2.05301 -0.995918 0.0369253 -0.0823634 91.7987
-0.0704236 0.00803646 0.997484 49.1342 0.0365198 0.999317 -0.00547288 -2.06444 -0.996848 0.0360424 -0.0706693 91.7546
-0.0568869 0.0081411 0.998347 49.7142 0.0359655 0.999334 -0.00609979 -2.08159 -0.997732 0.035559 -0.057142 91.7363
-0.0396793 0.00946272 0.999167 50.2883 0.0349513 0.999356 -0.00807649 -2.0987 -0.998601 0.0346017 -0.0399847 91.7276
-0.0178502 0.0120538 0.999768 50.8419 0.0335287 0.999372 -0.0114503 -2.11345 -0.999278 0.0333165 -0.0182434 91.7231
0.00675601 0.0147224 0.999868 51.3811 0.0315939 0.999389 -0.0149288 -2.13571 -0.999478 0.0316906 0.00628653 91.7443
0.0346421 0.016311 0.999266 51.9092 0.0301642 0.999394 -0.0173588 -2.15487 -0.998944 0.0307433 0.0341289 91.7891
0.0676662 0.0157579 0.997583 52.4365 0.0282969 0.999442 -0.0177066 -2.17114 -0.997306 0.0294266 0.0671823 91.8486
0.105629 0.0133523 0.994316 52.9497 0.0276677 0.999483 -0.0163609 -2.18626 -0.99402 0.0292386 0.105205 91.925
0.148176 0.00960587 0.988914 53.482 0.0256513 0.999579 -0.013553 -2.20301 -0.988628 0.0273751 0.147867 92.0224
0.193774 0.00522355 0.981032 53.9826 0.0232946 0.999679 -0.00992399 -2.22165 -0.980769 0.0247757 0.19359 92.1415
0.242603 0.00188276 0.970124 54.4796 0.0190378 0.999796 -0.0067012 -2.23836 -0.969939 0.0200947 0.242517 92.2878
0.294265 0.000226148 0.955724 54.9759 0.0158134 0.999861 -0.0051055 -2.25376 -0.955593 0.0166156 0.29422 92.4656
0.348833 -0.000271757 0.937185 55.4458 0.0149171 0.999874 -0.00526239 -2.26813 -0.937066 0.0158157 0.348793 92.6696
0.406548 3.68885e-06 0.913629 55.8902 0.0175798 0.999814 -0.00782673 -2.28242 -0.91346 0.0192434 0.406473 92.8974
0.465856 0.00326368 0.884854 56.3099 0.0185741 0.999736 -0.0134662 -2.29769 -0.884665 0.0227087 0.465672 93.1541
0.523959 0.00648153 0.851718 56.6933 0.020125 0.999597 -0.0199873 -2.31315 -0.851505 0.0276133 0.523618 93.4458
0.580958 0.0105817 0.813865 57.0473 0.0164747 0.999557 -0.0247561 -2.3262 -0.813767 0.0277904 0.580526 93.7648
0.635724 0.0136615 0.771795 57.3997 0.0129934 0.999512 -0.028395 -2.33571 -0.771806 0.0280796 0.635237 94.1176
0.686938 0.0148216 0.726564 57.7072 0.0116351 0.999439 -0.0313887 -2.34692 -0.726622 0.0300157 0.686381 94.4828
0.735712 0.011959 0.677188 58.0127 0.0121585 0.999449 -0.0308593 -2.37197 -0.677184 0.0309371 0.735162 94.8529
0.780053 0.0083726 0.625657 58.2936 0.010379 0.999599 -0.0263169 -2.39022 -0.625627 0.0270222 0.779654 95.2646
0.820524 0.00306912 0.571603 58.5219 0.0103438 0.999741 -0.0202162 -2.40861 -0.571518 0.0225003 0.82028 95.6693
0.856487 0.000420838 0.516168 58.7456 0.00836343 0.999856 -0.0146928 -2.42228 -0.5161 0.016901 0.856361 96.1083
0.886158 -0.00267432 0.463375 58.904 0.00750024 0.999934 -0.00857239 -2.4345 -0.463322 0.0110719 0.88612 96.5411
0.910801 -0.00193239 0.412839 59.0591 0.00399452 0.999983 -0.00413198 -2.44295 -0.412825 0.00541246 0.910794 97.0053
0.930133 0.000625952 0.36722 59.1891 0.000111726 0.999997 -0.00198751 -2.45005 -0.367221 0.00188963 0.930131 97.4723
0.944823 0.0070604 0.327505 59.3028 -0.00730867 0.999973 -0.000472635 -2.45301 -0.327499 -0.00194711 0.944849 97.9561
0.956001 0.0116374 0.293131 59.3962 -0.0115515 0.999931 -0.00202421 -2.45842 -0.293135 -0.00145101 0.95607 98.4255
0.96507 0.0132773 0.261652 59.5109 -0.0130995 0.999911 -0.00242372 -2.45834 -0.261661 -0.0010885 0.965159 98.9359
0.97086 0.00767262 0.239523 59.6228 -0.00717074 0.999969 -0.00296665 -2.46148 -0.239538 0.00116261 0.970886 99.423
0.974613 0.00477759 0.223843 59.7293 -0.0042916 0.999987 -0.00265746 -2.47218 -0.223853 0.00162931 0.974621 99.9015
0.977396 0.00865913 0.211238 59.8207 -0.00818252 0.999961 -0.00313015 -2.47664 -0.211257 0.00133089 0.977429 100.429
0.979537 0.0139451 0.200779 59.919 -0.0136342 0.999902 -0.0029313 -2.47782 -0.2008 0.000133815 0.979632 100.951
0.980523 0.0217054 0.195198 60.0002 -0.0213152 0.999764 -0.00409948 -2.48379 -0.195241 -0.000141099 0.980755 101.476
0.980923 0.0260088 0.192647 60.0873 -0.0248532 0.999655 -0.00841288 -2.47876 -0.1928 0.00346444 0.981231 102.004
0.98103 0.0269224 0.191976 60.1881 -0.025229 0.999618 -0.0112604 -2.48832 -0.192206 0.00620343 0.981334 102.548
0.980865 0.0249145 0.193087 60.3205 -0.0224628 0.999637 -0.0148763 -2.50249 -0.193387 0.0102543 0.981068 103.085
0.980289 0.0232716 0.19619 60.4529 -0.0194851 0.999585 -0.0212087 -2.51412 -0.196602 0.0169678 0.980336 103.647
0.979662 0.0233685 0.199287 60.5886 -0.0185827 0.999493 -0.0258516 -2.52471 -0.19979 0.0216225 0.979599 104.219
0.978827 0.0281442 0.202744 60.7101 -0.0234643 0.9994 -0.02545 -2.53932 -0.203339 0.0201538 0.9789 104.788
0.977585 0.0311704 0.208217 60.8318 -0.0273068 0.999397 -0.0214049 -2.5552 -0.208759 0.0152393 0.977848 105.402
0.977048 0.0281088 0.211153 61.0003 -0.0249203 0.999531 -0.0177468 -2.56099 -0.211553 0.0120775 0.977291 106.023
0.976749 0.0235263 0.21309 61.1734 -0.0211954 0.999687 -0.0132168 -2.56575 -0.213335 0.0083929 0.976942 106.658
0.975803 0.0212988 0.21761 61.3001 -0.0198676 0.999764 -0.00876311 -2.57806 -0.217746 0.00422763 0.975996 107.297
0.975064 0.0168504 0.22128 61.4302 -0.0154668 0.999848 -0.00798395 -2.59144 -0.221381 0.00436232 0.975177 107.929
0.975113 0.0128977 0.221333 61.592 -0.0106944 0.99988 -0.01115 -2.60711 -0.22145 0.00850541 0.975134 108.592
0.975177 0.0121172 0.221093 61.7339 -0.00844337 0.99981 -0.0175541 -2.62939 -0.221263 0.0152515 0.975094 109.245
0.975243 0.0141957 0.220679 61.8722 -0.00907996 0.999666 -0.0241791 -2.64514 -0.220949 0.0215767 0.975046 109.919
0.975808 0.0176629 0.217911 62.0321 -0.0118469 0.999538 -0.0279672 -2.65662 -0.218305 0.0247091 0.975567 110.631
0.97624 0.0171054 0.216013 62.1671 -0.0122525 0.999641 -0.023785 -2.67278 -0.216342 0.0205731 0.9761 111.327
0.976647 0.0132236 0.214442 62.3315 -0.00987947 0.999812 -0.0166588 -2.68523 -0.214622 0.0141511 0.976594 112.062
0.977373 0.0141245 0.21105 62.4938 -0.0120741 0.999866 -0.0110008 -2.70439 -0.211177 0.00820358 0.977413 112.792
0.97775 0.0177942 0.209014 62.6453 -0.01574 0.99981 -0.0114873 -2.72355 -0.209178 0.00794183 0.977844 113.535
0.978021 0.0241703 0.207102 62.7865 -0.0213789 0.999647 -0.0157062 -2.74154 -0.207408 0.0109333 0.978193 114.286
0.978772 0.0259137 0.203304 62.9428 -0.0221305 0.999537 -0.0208603 -2.75131 -0.203751 0.0159182 0.978893 115.067
0.979657 0.0250579 0.19911 63.0992 -0.0207203 0.9995 -0.0238394 -2.76929 -0.199608 0.0192288 0.979686 115.839
0.980502 0.023423 0.195109 63.2584 -0.0193859 0.999557 -0.0225753 -2.78789 -0.195552 0.0183528 0.980521 116.634
0.981366 0.0197722 0.191127 63.4251 -0.0160706 0.999652 -0.0208978 -2.8088 -0.191474 0.0174368 0.981342 117.444
0.981871 0.0185228 0.188641 63.596 -0.0153083 0.999711 -0.0184827 -2.82491 -0.188929 0.0152598 0.981871 118.272
0.982302 0.0151894 0.186686 63.7619 -0.0123327 0.999788 -0.0164542 -2.8435 -0.186897 0.0138606 0.982281 119.084
0.982503 0.0102546 0.185964 63.9258 -0.00754379 0.999854 -0.0152787 -2.86399 -0.186094 0.0136084 0.982437 119.903
0.982717 0.0109728 0.184788 64.0897 -0.00857914 0.999868 -0.0137482 -2.88545 -0.184915 0.0119252 0.982681 120.716
0.982587 0.0168959 0.185034 64.2389 -0.0142483 0.999776 -0.0156287 -2.90679 -0.185256 0.0127201 0.982607 121.573
0.982239 0.022733 0.186252 64.371 -0.0195169 0.999627 -0.0190831 -2.92449 -0.186617 0.0151091 0.982316 122.456
0.981766 0.0319481 0.187387 64.5141 -0.0285437 0.999375 -0.0208389 -2.94374 -0.187936 0.0151102 0.982064 123.307
0.981025 0.0380427 0.190111 64.6686 -0.0347928 0.999186 -0.0204044 -2.966 -0.190732 0.0134028 0.98155 124.159
0.980136 0.0409443 0.194053 64.8065 -0.0380113 0.999099 -0.0188155 -2.98772 -0.194649 0.0110655 0.98081 125.055
0.980138 0.0414749 0.193932 65.0157 -0.0383743 0.999068 -0.0197189 -3.01911 -0.194569 0.0118851 0.980816 125.856
0.979861 0.0398738 0.195656 65.1875 -0.0361005 0.999087 -0.0228152 -3.03658 -0.196387 0.0152924 0.980406 126.752
0.980368 0.0333181 0.194339 65.4118 -0.0297908 0.999334 -0.0210455 -3.07428 -0.194911 0.0148428 0.980708 127.562
0.980564 0.0264884 0.194403 65.5959 -0.0225316 0.999491 -0.0225366 -3.10527 -0.194901 0.0177183 0.980662 128.434
0.980241 0.0261136 0.196075 65.7661 -0.0220526 0.999494 -0.0228665 -3.129 -0.196573 0.0180907 0.980321 129.337
0.979953 0.0285887 0.197166 65.9418 -0.0251409 0.999484 -0.0199682 -3.15818 -0.197636 0.0146109 0.980166 130.195
0.97976 0.0305194 0.197838 66.1132 -0.0282331 0.999497 -0.0143672 -3.18385 -0.198177 0.00849078 0.980129 131.046
0.979486 0.0343062 0.19857 66.278 -0.0329057 0.999404 -0.0103493 -3.21051 -0.198807 0.00360282 0.980031 131.89
0.979383 0.0330619 0.19929 66.4582 -0.0303169 0.999398 -0.0168101 -3.23701 -0.199726 0.0104217 0.979796 132.762
0.979578 0.0282624 0.199068 66.6333 -0.0225252 0.999264 -0.0310266 -3.26872 -0.199798 0.0259089 0.979494 133.599
0.979872 0.0252585 0.198021 66.8194 -0.0176542 0.99904 -0.0400733 -3.2988 -0.198843 0.0357708 0.979377 134.449
0.980221 0.0221399 0.196662 66.9948 -0.0162775 0.999374 -0.0313759 -3.32669 -0.197234 0.0275541 0.979968 135.281
0.980622 0.0165036 0.195214 67.1741 -0.0147051 0.999834 -0.0106587 -3.35971 -0.195358 0.00758151 0.980702 136.163
0.980928 0.0135441 0.193901 67.347 -0.0146718 0.999882 0.00438149 -3.3916 -0.193819 -0.00714284 0.98101 137.022
0.98092 0.0177845 0.193598 67.4954 -0.017805 0.999839 -0.00163394 -3.40639 -0.193596 -0.00184427 0.981079 137.871
0.980973 0.025881 0.192412 67.6378 -0.0228998 0.99958 -0.0177017 -3.42023 -0.192789 0.0129586 0.981154 138.712
0.980988 0.0256666 0.192363 67.7775 -0.0210472 0.999439 -0.0260192 -3.43267 -0.192923 0.0214758 0.980978 139.548
0.981488 0.0214732 0.190315 67.9391 -0.0166482 0.999498 -0.0269154 -3.4639 -0.190798 0.0232487 0.981353 140.372
0.982 0.0210643 0.187702 68.0932 -0.0165558 0.999536 -0.0255552 -3.49887 -0.188154 0.0219876 0.981893 141.22
0.98259 0.0207149 0.184627 68.2358 -0.016001 0.999507 -0.0269857 -3.52386 -0.185095 0.0235616 0.982437 142.066
0.983732 0.0205703 0.178461 68.3947 -0.0156913 0.999464 -0.0287084 -3.55467 -0.178956 0.025441 0.983527 142.86
0.984288 0.0252282 0.174758 68.5379 -0.0204172 0.999362 -0.0292727 -3.58397 -0.175385 0.0252447 0.984175 143.672
0.984523 0.0310635 0.172482 68.6696 -0.0263133 0.99921 -0.0297589 -3.61315 -0.173271 0.0247597 0.984562 144.502
0.984884 0.0321658 0.170201 68.8053 -0.0277799 0.999218 -0.0280884 -3.64503 -0.170972 0.0229356 0.985008 145.304
0.985245 0.029766 0.168541 68.9472 -0.0261515 0.999378 -0.0236258 -3.67537 -0.169139 0.0188696 0.985411 146.128
0.985637 0.0282377 0.166502 69.0893 -0.0246283 0.999415 -0.0237033 -3.70634 -0.167074 0.0192622 0.985755 146.954
0.986149 0.0263461 0.163758 69.2256 -0.0222724 0.999395 -0.0266629 -3.73882 -0.164362 0.0226463 0.986139 147.775
0.987143 0.0212496 0.158418 69.3631 -0.0166201 0.999396 -0.0304911 -3.77109 -0.158971 0.0274661 0.9869 148.579
0.988304 0.0180724 0.151422 69.4902 -0.0133784 0.999399 -0.0319607 -3.79688 -0.151909 0.029561 0.987951 149.385
0.989431 0.0162809 0.144089 69.618 -0.0125362 0.99956 -0.0268588 -3.82646 -0.144464 0.0247686 0.989199 150.199
0.990484 0.0138398 0.136933 69.748 -0.011382 0.999759 -0.0187158 -3.85298 -0.13716 0.0169791 0.990403 151.024
0.991087 0.0112456 0.132742 69.8608 -0.01006 0.999902 -0.00959892 -3.87351 -0.132837 0.00817795 0.991103 151.849
0.991579 0.0180997 0.128234 69.9637 -0.017317 0.999823 -0.00721623 -3.89323 -0.128342 0.00493479 0.991717 152.696
0.992137 0.0210659 0.123374 70.0573 -0.0197639 0.999734 -0.0117677 -3.91656 -0.123589 0.00923677 0.99229 153.537
0.9929 0.0214649 0.117001 70.1277 -0.0190639 0.999584 -0.0216015 -3.94479 -0.117417 0.0192176 0.992896 154.342
0.993624 0.0181678 0.111272 70.2051 -0.0152713 0.999522 -0.0268273 -3.97008 -0.111707 0.0249569 0.993427 155.172
0.994352 0.0171159 0.104745 70.281 -0.0144757 0.999558 -0.0259138 -3.99533 -0.105143 0.0242512 0.99416 155.999
0.995059 0.0238843 0.0963651 70.3559 -0.0217738 0.9995 -0.0228939 -4.02181 -0.0968641 0.0206825 0.995082 156.831
0.995722 0.0291609 0.087683 70.4255 -0.0270889 0.999326 -0.0247288 -4.04979 -0.0883454 0.0222477 0.99584 157.693
0.996648 0.0313436 0.0755675 70.5067 -0.0291114 0.999111 -0.0304609 -4.08174 -0.0764555 0.0281589 0.996674 158.508
0.997352 0.0295747 0.0664478 70.5741 -0.0274494 0.999088 -0.0326725 -4.11626 -0.0673539 0.0307619 0.997254 159.375
0.997872 0.0295435 0.0581305 70.6177 -0.0278258 0.999157 -0.0301399 -4.14484 -0.0589724 0.0284581 0.997853 160.215
0.99813 0.0328485 0.0515436 70.6265 -0.0316419 0.999209 -0.0240544 -4.16797 -0.0522933 0.0223784 0.99838 161.05
0.998349 0.0367002 0.0441814 70.64 -0.0358851 0.999172 -0.0191028 -4.18871 -0.0448463 0.0174858 0.99884 161.908
0.998658 0.0363894 0.0368589 70.6602 -0.0358048 0.999223 -0.0163973 -4.20865 -0.0374274 0.0150556 0.999185 162.75
0.998837 0.0374492 0.0303551 70.6851 -0.0370187 0.999207 -0.0146231 -4.22948 -0.030879 0.0134824 0.999431 163.604
0.999012 0.0363504 0.0255692 70.7086 -0.0359344 0.999216 -0.0165418 -4.2558 -0.0261509 0.0156066 0.999535 164.445
0.998985 0.0402695 0.0201912 70.7246 -0.0398251 0.998965 -0.0219484 -4.27992 -0.0210546 0.021122 0.999554 165.298
0.998827 0.0456191 0.0162438 70.7274 -0.0451471 0.998578 -0.028326 -4.3124 -0.0175133 0.0275594 0.999466 166.131
0.998855 0.0461174 0.0127232 70.7379 -0.0457154 0.998495 -0.0302566 -4.34115 -0.0140998 0.0296402 0.99946 166.985
0.998805 0.0479794 0.00934667 70.7419 -0.0477369 0.998555 -0.0246352 -4.36542 -0.0105155 0.0241595 0.999652 167.826
0.998732 0.0499015 0.00658832 70.7486 -0.0498027 0.998654 -0.0144001 -4.38803 -0.00729842 0.0140537 0.999874 168.683
0.998692 0.0510475 0.00285616 70.7494 -0.0510256 0.99867 -0.00725294 -4.41168 -0.00322299 0.00709767 0.999969 169.519
0.998874 0.0474084 -0.00182126 70.7372 -0.0474252 0.998816 -0.010746 -4.4323 0.00130927 0.0108202 0.99994 170.363
0.999368 0.0347007 -0.00764684 70.7453 -0.0348507 0.999182 -0.0204448 -4.45894 0.00693076 0.0206984 0.999761 171.175
0.999361 0.032541 -0.0147831 70.732 -0.0329049 0.999143 -0.0250807 -4.47819 0.0139539 0.0255511 0.999575 172.006
0.999102 0.0364192 -0.021655 70.7035 -0.0369288 0.999038 -0.0236171 -4.50834 0.0207737 0.0243956 0.999485 172.834
0.998989 0.0347287 -0.0285354 70.657 -0.0352439 0.99922 -0.0177565 -4.53057 0.0278961 0.0187442 0.999434 173.692
0.99891 0.0292653 -0.0363589 70.6406 -0.0298084 0.99945 -0.0144863 -4.55056 0.0359146 0.0155543 0.999233 174.516
0.998899 0.0209683 -0.0419628 70.6155 -0.0214289 0.999714 -0.0105573 -4.5701 0.041729 0.0114449 0.999062 175.346
0.998718 0.0164564 -0.0478579 70.558 -0.0169998 0.999794 -0.0109704 -4.58641 0.0476671 0.0117699 0.998793 176.234
0.998472 0.0129556 -0.0537121 70.497 -0.0139518 0.999736 -0.0182133 -4.60904 0.0534615 0.0189349 0.998389 177.106
0.99811 0.00323147 -0.0613675 70.4556 -0.00498555 0.999582 -0.0284518 -4.63459 0.0612495 0.0287039 0.997708 177.944
0.997545 -0.00839947 -0.0695171 70.4498 0.00615571 0.999454 -0.0324279 -4.6612 0.0697511 0.0319203 0.997052 178.754
0.997127 -0.00525924 -0.0755594 70.3532 0.00335323 0.999673 -0.0253302 -4.68435 0.0756675 0.025004 0.996818 179.661
0.996707 0.00489135 -0.080934 70.2554 -0.00591259 0.999905 -0.0123834 -4.70595 0.0808654 0.0128212 0.996641 180.55
0.99631 0.0106684 -0.0851594 70.1661 -0.011149 0.999924 -0.00516946 -4.73095 0.0850974 0.00609979 0.996353 181.399
0.996014 0.0100648 -0.0886294 70.0827 -0.0108123 0.999909 -0.00795777 -4.75582 0.0885408 0.0088843 0.996032 182.247
0.995837 0.0112527 -0.0904524 69.9876 -0.0129786 0.999743 -0.018516 -4.78053 0.0902205 0.0196128 0.995728 183.11
0.995356 0.0213229 -0.0938713 69.8902 -0.024009 0.99933 -0.0275794 -4.80531 0.09322 0.0297051 0.995201 183.976
0.995224 0.019078 -0.0957325 69.795 -0.0221635 0.999264 -0.0312708 -4.83317 0.0950651 0.0332432 0.994915 184.835
0.995145 0.0139245 -0.0974237 69.715 -0.0166205 0.999498 -0.026917 -4.8617 0.0969996 0.0284056 0.994878 185.673
0.995048 0.01397 -0.0984038 69.6442 -0.0158381 0.999707 -0.0182284 -4.88826 0.09812 0.0196966 0.994979 186.543
0.994946 0.0155355 -0.099206 69.5689 -0.0169024 0.999772 -0.0129532 -4.91274 0.0989818 0.0145645 0.994982 187.404
0.994755 0.0153928 -0.101116 69.4765 -0.016892 0.999758 -0.0139869 -4.9368 0.100876 0.0156216 0.994775 188.279
0.994576 0.0118235 -0.103338 69.3871 -0.0142679 0.999634 -0.022948 -4.96913 0.103029 0.024298 0.99438 189.14
0.994456 0.000764744 -0.105151 69.2977 -0.00435652 0.999414 -0.033933 -5.00886 0.105063 0.034203 0.993876 190.005
0.994119 -0.00974645 -0.10785 69.2274 0.00571202 0.999273 -0.0376537 -5.04911 0.108138 0.0368162 0.993453 190.871
0.994013 -0.007283 -0.109018 69.1056 0.0036941 0.999445 -0.033086 -5.08446 0.109198 0.0324852 0.993488 191.793
0.993843 -0.00119243 -0.11079 69.0117 -0.0013467 0.999737 -0.0228406 -5.11744 0.110788 0.0228492 0.99358 192.645
0.993592 -0.000422712 -0.113022 68.922 -0.00180148 0.999806 -0.0195765 -5.1507 0.113008 0.0196546 0.993399 193.5
0.99343 -0.0019319 -0.114423 68.8345 -0.000706987 0.999734 -0.0230176 -5.18487 0.114436 0.0229472 0.993165 194.349
0.993331 -0.00158133 -0.115288 68.7469 -0.00170693 0.999594 -0.0284179 -5.22324 0.115285 0.0284251 0.992925 195.197
0.99331 0.00490571 -0.115368 68.6229 -0.00826599 0.999554 -0.0286663 -5.25518 0.115176 0.0294282 0.992908 196.061
0.993203 0.00764943 -0.116137 68.5174 -0.0107352 0.999604 -0.0259683 -5.28789 0.115892 0.0270385 0.992893 196.908
0.993014 0.0117654 -0.117406 68.412 -0.0145483 0.999631 -0.0228742 -5.32066 0.117094 0.0244224 0.99282 197.756
0.992932 0.0153521 -0.117687 68.3052 -0.0178615 0.999633 -0.0202983 -5.35058 0.117331 0.0222569 0.992842 198.599
0.992778 0.017946 -0.11861 68.2002 -0.0205481 0.999572 -0.0207513 -5.3793 0.118186 0.0230386 0.992723 199.434
0.992767 0.0157633 -0.119015 68.0995 -0.01877 0.99953 -0.024184 -5.41646 0.118578 0.026243 0.992597 200.244
0.992606 0.0176778 -0.120087 67.9933 -0.021375 0.999333 -0.0295694 -5.4451 0.119484 0.0319176 0.992322 201.069
