1 0 0 0 0 1 0 0 0 0 1 0
0.999007 -0.00176982 0.0445225 -0.0264456 0.00193587 0.999991 -0.00368683 -0.00144484 -0.0445156 0.00376936 0.999002 0.907954
0.995912 -0.0067599 0.0900789 0.0592858 0.00762401 0.999928 -0.00925213 -0.0132861 -0.0900099 0.00990106 0.995892 1.95793
0.990761 -0.00650747 0.135464 0.189845 0.00841886 0.999873 -0.0135419 -0.0283659 -0.135358 0.0145572 0.99069 3.00915
0.983457 -0.00459879 0.181085 0.370745 0.00763685 0.999842 -0.0160833 -0.0560922 -0.180983 0.0172001 0.983336 4.01398
0.973748 -0.00709673 0.22752 0.592265 0.0111277 0.999803 -0.0164392 -0.0795217 -0.227359 0.0185394 0.973635 5.04185
0.962338 -0.00813079 0.271735 0.879991 0.0134314 0.999754 -0.0176523 -0.113884 -0.271525 0.0206372 0.96221 6.02212
0.94868 -0.0107679 0.316054 1.19479 0.0181709 0.999625 -0.0204855 -0.140776 -0.315715 0.0251772 0.94852 7.01775
0.933423 -0.0124173 0.358563 1.55985 0.0217663 0.99952 -0.0220488 -0.173076 -0.358117 0.0283855 0.933245 7.98979
0.915942 -0.012345 0.40112 1.96096 0.0234447 0.999466 -0.0227753 -0.208746 -0.400624 0.030265 0.915742 8.91357
0.895997 -0.0125422 0.443882 2.40614 0.0245569 0.999471 -0.0213284 -0.241121 -0.44338 0.0300106 0.895831 9.85107
0.873703 -0.0125168 0.486299 2.90236 0.0256289 0.999465 -0.0203206 -0.26784 -0.485784 0.0302175 0.873556 10.7896
0.849598 -0.0126325 0.527279 3.4059 0.0265308 0.999471 -0.0188036 -0.312597 -0.526762 0.0299646 0.849484 11.6065
0.824285 -0.0131568 0.566022 3.9843 0.0284764 0.999428 -0.0182384 -0.351709 -0.565459 0.0311519 0.824188 12.4381
0.797325 -0.0155997 0.603348 4.59555 0.0324864 0.999326 -0.017093 -0.390904 -0.602675 0.0332293 0.797295 13.2199
0.768676 -0.0148783 0.639466 5.25021 0.0336424 0.999286 -0.0171899 -0.421852 -0.638754 0.0347266 0.768628 13.9989
0.737901 -0.017969 0.67467 5.9403 0.0384525 0.999141 -0.0154454 -0.450795 -0.673813 0.0373399 0.737958 14.7462
0.705901 -0.016839 0.708111 6.65605 0.0385899 0.999147 -0.0147096 -0.479498 -0.707259 0.0377094 0.705948 15.4534
0.672089 -0.0158475 0.740301 7.38361 0.0402062 0.999077 -0.0151144 -0.511656 -0.739378 0.0399229 0.672106 16.1062
0.636743 -0.0171576 0.770885 8.15253 0.0451845 0.998865 -0.0150902 -0.538112 -0.769751 0.0444406 0.636795 16.7391
0.600505 -0.0153711 0.799474 8.95364 0.0450033 0.99888 -0.0145981 -0.564532 -0.798354 0.0447452 0.600524 17.3395
0.562644 -0.0139378 0.826582 9.7854 0.0479655 0.998724 -0.0158091 -0.588203 -0.825307 0.0485422 0.562595 17.9139
0.523468 -0.0128712 0.851948 10.621 0.0524735 0.998475 -0.0171567 -0.623854 -0.850428 0.0536857 0.523345 18.4293
0.482943 -0.0119589 0.87557 11.4845 0.0543266 0.99839 -0.0163288 -0.646482 -0.873965 0.0554526 0.482815 18.9326
0.443882 -0.0130535 0.89599 12.364 0.0602522 0.998066 -0.0153089 -0.6599 -0.894058 0.0607808 0.44381 19.3731
0.40681 -0.0133317 0.913415 13.269 0.0644058 0.997824 -0.0141209 -0.678432 -0.91124 0.0645738 0.406784 19.7681
0.371477 -0.0107581 0.92838 14.1967 0.0661786 0.997696 -0.014919 -0.69807 -0.926081 0.066981 0.371333 20.1374
0.338511 -0.0113618 0.940894 15.1423 0.0672825 0.99766 -0.0121593 -0.714048 -0.938554 0.0674218 0.338483 20.4637
0.305515 -0.0124599 0.952106 16.1073 0.0697186 0.997523 -0.00931718 -0.727803 -0.949632 0.069226 0.305627 20.7625
0.273887 -0.0118249 0.961689 17.0999 0.0713687 0.997418 -0.00806145 -0.733032 -0.95911 0.0708425 0.274024 21.0263
0.242267 -0.00850922 0.970172 18.1181 0.069264 0.997562 -0.00854682 -0.740732 -0.967734 0.0692686 0.242266 21.283
0.211978 -0.00685679 0.97725 19.1145 0.0694529 0.997553 -0.00806597 -0.757874 -0.974803 0.0695826 0.211935 21.4865
0.182544 -0.00629071 0.983178 20.1734 0.0717721 0.997397 -0.00694404 -0.766228 -0.980575 0.0718323 0.18252 21.6629
0.153096 -0.00601102 0.988193 21.2359 0.0739569 0.997247 -0.00539169 -0.772491 -0.98544 0.0739092 0.153119 21.8073
0.123406 -0.00647942 0.992335 22.2964 0.0727298 0.997349 -0.00253245 -0.78044 -0.989688 0.0724849 0.12355 21.9335
0.0947407 -0.00649574 0.995481 23.3657 0.0734457 0.997299 -0.000482285 -0.785653 -0.992789 0.0731595 0.0949619 22.0307
0.0683142 -0.00612946 0.997645 24.4573 0.0764418 0.997074 0.000891573 -0.789219 -0.994731 0.0762009 0.0685828 22.0956
0.0439593 -0.00519261 0.99902 25.5571 0.0810625 0.996708 0.00161364 -0.789659 -0.995739 0.0809121 0.0442355 22.1332
0.0221052 -0.0047247 0.999745 26.6711 0.0850891 0.996369 0.00282736 -0.79411 -0.996128 0.0850048 0.022427 22.1427
0.00300051 -0.0047384 0.999984 27.7944 0.0908911 0.995851 0.00444609 -0.796234 -0.995856 0.0908763 0.00341877 22.1241
-0.0132149 -0.00533614 0.999899 28.9215 0.095379 0.995419 0.00657279 -0.798808 -0.995353 0.0954562 -0.0126454 22.0807
-0.0269015 -0.00512757 0.999625 30.0577 0.0989169 0.995066 0.0077662 -0.801158 -0.994732 0.0990887 -0.0262616 22.0164
-0.0400514 -0.00559335 0.999182 31.2349 0.10133 0.994806 0.00963057 -0.794574 -0.994046 0.101632 -0.0392766 21.9471
-0.0519922 -0.00649845 0.998626 32.4112 0.10125 0.994792 0.0117449 -0.785426 -0.993502 0.101722 -0.0510634 21.864
-0.0626169 -0.00602531 0.998019 33.5866 0.101224 0.994787 0.0123567 -0.775672 -0.992891 0.101797 -0.0616805 21.7683
-0.0721451 -0.00307224 0.997389 34.7613 0.101643 0.994767 0.0104164 -0.768345 -0.992202 0.102129 -0.0714553 21.6611
-0.0815076 0.000469823 0.996673 35.9834 0.102083 0.994745 0.00787941 -0.758842 -0.991431 0.102386 -0.0811272 21.5483
-0.0896112 0.0032154 0.995972 37.199 0.103225 0.99464 0.00607639 -0.751403 -0.990613 0.103353 -0.0894627 21.4284
-0.0957435 0.00431265 0.995397 38.4664 0.10275 0.994692 0.0055735 -0.743789 -0.990089 0.10281 -0.0956783 21.2828
-0.0998846 0.00506389 0.994986 39.7345 0.102498 0.994719 0.00522708 -0.736648 -0.989706 0.102507 -0.0998762 21.1315
-0.103384 0.00669811 0.994619 41.029 0.103449 0.994627 0.00405463 -0.729614 -0.989247 0.103311 -0.103521 20.9721
-0.106015 0.00874684 0.994326 42.3285 0.102866 0.994693 0.00221752 -0.72456 -0.989029 0.102517 -0.106353 20.8085
-0.108677 0.00983202 0.994029 43.6752 0.103395 0.994639 0.00146603 -0.71717 -0.988685 0.102936 -0.109111 20.6378
-0.110446 0.00896191 0.993842 44.9927 0.103017 0.994676 0.00247892 -0.720388 -0.988529 0.102657 -0.110781 20.5035
-0.111823 0.00704567 0.993703 46.3343 0.103927 0.994574 0.00464329 -0.728113 -0.988279 0.103792 -0.111949 20.3697
-0.113359 0.00551961 0.993539 47.7509 0.103836 0.994574 0.00632191 -0.730621 -0.988113 0.103882 -0.113317 20.2034
-0.114992 0.00618147 0.993347 49.192 0.106668 0.994276 0.00616084 -0.72821 -0.987623 0.106666 -0.114993 20.027
-0.116534 0.0056967 0.99317 50.5983 0.106517 0.994288 0.00679514 -0.736105 -0.987458 0.106582 -0.116475 19.9098
-0.117694 0.0064788 0.993029 52.0342 0.107849 0.994147 0.00629627 -0.740379 -0.987176 0.107839 -0.117704 19.7809
-0.118204 0.00639462 0.992969 53.5106 0.10721 0.994216 0.00635977 -0.742549 -0.987185 0.107208 -0.118206 19.6374
-0.117542 0.0075382 0.993039 55.0303 0.106923 0.994254 0.0051086 -0.743857 -0.987295 0.106779 -0.117672 19.467
-0.116279 0.00743288 0.993189 56.5526 0.107339 0.994209 0.00512631 -0.744014 -0.987399 0.107204 -0.116403 19.3082
-0.114916 0.00596434 0.993357 58.1066 0.106094 0.994336 0.00630317 -0.746185 -0.987693 0.106114 -0.114897 19.1431
-0.114693 0.00655519 0.993379 59.6304 0.107612 0.994175 0.00586426 -0.758675 -0.987555 0.107573 -0.114731 19.0381
-0.114434 0.00701107 0.993406 61.2334 0.107186 0.994224 0.00533035 -0.757055 -0.987631 0.10709 -0.114525 18.8892
-0.114072 0.00763113 0.993443 62.8363 0.107891 0.994151 0.00475203 -0.756479 -0.987597 0.107726 -0.114228 18.7407
-0.112798 0.00760962 0.993589 64.4424 0.107491 0.994195 0.00458871 -0.756784 -0.987787 0.107319 -0.112961 18.5932
-0.111951 0.00574893 0.993697 66.0757 0.108703 0.994053 0.00649565 -0.756886 -0.98775 0.108745 -0.11191 18.4436
-0.11098 0.00396848 0.993815 67.774 0.110001 0.993896 0.00831506 -0.748103 -0.987716 0.110244 -0.110739 18.2517
-0.109565 0.00523216 0.993966 69.4725 0.111315 0.99376 0.0070392 -0.74174 -0.987727 0.111414 -0.109464 18.0622
-0.108098 0.00702518 0.994115 71.1108 0.113306 0.993546 0.00529949 -0.749123 -0.987662 0.113212 -0.108197 17.9252
-0.106923 0.00654615 0.994246 72.88 0.111985 0.993694 0.0055006 -0.743562 -0.987941 0.111929 -0.106982 17.7137
-0.107501 0.00632723 0.994185 74.5175 0.112889 0.99359 0.00588325 -0.768963 -0.987775 0.112865 -0.107526 17.6511
-0.107614 0.00514164 0.994179 76.1554 0.113173 0.99355 0.00711185 -0.794813 -0.98773 0.113279 -0.107501 17.6044
-0.107832 0.00544698 0.994154 77.8275 0.115669 0.993262 0.00710401 -0.824943 -0.987417 0.115759 -0.107735 17.5466
-0.109008 0.00498612 0.994028 79.572 0.118006 0.992981 0.00796003 -0.865566 -0.987011 0.118169 -0.108831 17.4751
-0.110359 0.00543818 0.993877 81.3167 0.119418 0.992813 0.00782767 -0.906631 -0.986691 0.11955 -0.110215 17.401
-0.112355 0.005491 0.993653 83.1572 0.119025 0.992859 0.00797187 -0.928611 -0.986514 0.119166 -0.112206 17.2533
-0.114689 0.00516008 0.993388 84.9972 0.117917 0.992987 0.00845574 -0.94943 -0.986378 0.118107 -0.114493 17.101
-0.115221 0.00434848 0.99333 86.8227 0.116269 0.993176 0.0091388 -0.96084 -0.986512 0.116546 -0.114941 16.9074
-0.115214 0.00274658 0.993337 88.6968 0.114677 0.993346 0.0105544 -0.958621 -0.986699 0.115129 -0.114762 16.6807
-0.115221 0.00242483 0.993337 90.5708 0.114917 0.993315 0.0109049 -0.955717 -0.98667 0.115408 -0.114729 16.4543
-0.114392 0.00131438 0.993435 92.446 0.112157 0.993622 0.0116 -0.946521 -0.987084 0.112747 -0.11381 16.2374
-0.115038 0.0023132 0.993358 94.387 0.111807 0.993673 0.0106341 -0.926078 -0.987049 0.112288 -0.114568 15.9875
-0.117045 0.00348404 0.99312 96.3337 0.110691 0.993809 0.00955916 -0.909775 -0.986939 0.111048 -0.116706 15.7634
-0.12039 0.00441257 0.992717 98.2797 0.110637 0.99382 0.00899984 -0.89453 -0.986542 0.110914 -0.120135 15.5326
-0.124465 0.00395581 0.992216 100.26 0.109106 0.993982 0.00972349 -0.879901 -0.986207 0.109467 -0.124147 15.2756
-0.128496 0.00349766 0.991704 102.229 0.107334 0.994168 0.0104011 -0.865881 -0.985884 0.10778 -0.128123 15.0185
-0.131981 0.00461045 0.991241 104.197 0.106094 0.99431 0.0095014 -0.853769 -0.985558 0.106419 -0.13172 14.7542
-0.135538 0.00688132 0.990748 106.164 0.106983 0.99423 0.00773017 -0.845324 -0.984979 0.107041 -0.135492 14.4847
-0.139038 0.00911566 0.990245 108.127 0.107004 0.994241 0.00587177 -0.842099 -0.984489 0.106777 -0.139213 14.211
-0.143384 0.00973499 0.989619 110.159 0.10555 0.994398 0.00551095 -0.835947 -0.984022 0.105244 -0.143609 13.9135
-0.147925 0.00999375 0.988948 112.161 0.103924 0.99457 0.00549424 -0.835214 -0.983523 0.103589 -0.14816 13.6389
-0.153547 0.00948273 0.988095 114.22 0.101878 0.994776 0.00628474 -0.833584 -0.982875 0.101631 -0.153711 13.3368
-0.159385 0.00902027 0.987175 116.261 0.100961 0.994864 0.00721018 -0.835399 -0.98204 0.100815 -0.159477 13.0375
-0.165339 0.00903634 0.986195 118.279 0.10097 0.994858 0.00781214 -0.83527 -0.981054 0.100867 -0.165401 12.7388
-0.170619 0.0107787 0.985278 120.308 0.101475 0.994815 0.00668927 -0.83664 -0.980098 0.101123 -0.170828 12.4091
-0.17476 0.0116686 0.984542 122.34 0.101018 0.994865 0.00614017 -0.839113 -0.979415 0.10053 -0.175042 12.0453
-0.180122 0.0115616 0.983576 124.37 0.101152 0.994847 0.00682992 -0.838922 -0.978429 0.100721 -0.180364 11.6799
-0.185144 0.0117084 0.982641 126.399 0.100396 0.994922 0.0070614 -0.839377 -0.977569 0.0999607 -0.18538 11.3047
-0.189188 0.0127628 0.981858 128.42 0.100298 0.994936 0.00639297 -0.840436 -0.976805 0.0996876 -0.18951 10.9091
-0.193609 0.013555 0.980985 130.496 0.0999417 0.994975 0.00597637 -0.83525 -0.975975 0.0991984 -0.193991 10.5059
-0.197427 0.0128827 0.980233 132.628 0.100757 0.994884 0.00721803 -0.826554 -0.975126 0.10019 -0.197715 10.0568
-0.200907 0.0130774 0.979523 134.75 0.102803 0.994671 0.00780592 -0.817034 -0.974201 0.102266 -0.201181 9.61131
-0.203313 0.0144027 0.979008 136.872 0.104266 0.994524 0.00702225 -0.809254 -0.973546 0.103505 -0.203701 9.16036
-0.205286 0.0154735 0.978579 138.993 0.104571 0.994497 0.00621171 -0.803221 -0.973099 0.103607 -0.205775 8.70488
-0.207388 0.0155333 0.978135 141.135 0.103418 0.994619 0.00613198 -0.7969 -0.972777 0.102428 -0.207878 8.23353
-0.209972 0.0162994 0.977571 143.275 0.101766 0.994794 0.00527167 -0.792538 -0.972396 0.10059 -0.210538 7.75635
-0.212541 0.0168466 0.977007 145.366 0.100079 0.994968 0.00461516 -0.795948 -0.972013 0.098759 -0.213158 7.29873
-0.2149 0.0163004 0.9765 147.47 0.0986346 0.99511 0.00509556 -0.799565 -0.971642 0.0974117 -0.215457 6.83615
-0.218226 0.0168667 0.975752 149.596 0.0985248 0.995122 0.00483351 -0.805531 -0.970912 0.0971906 -0.218824 6.36334
-0.222708 0.0160646 0.974753 151.783 0.0969722 0.99527 0.00575313 -0.816166 -0.97005 0.0958053 -0.223212 5.88343
-0.225814 0.0150148 0.974054 153.882 0.0949275 0.995461 0.00666216 -0.830655 -0.969534 0.093969 -0.226215 5.38567
-0.228665 0.0136716 0.973409 156.067 0.0937494 0.995563 0.00804004 -0.843507 -0.96898 0.093095 -0.228932 4.87032
-0.230697 0.0129184 0.972939 158.233 0.0937754 0.995552 0.0090168 -0.851225 -0.968496 0.0933179 -0.230883 4.34615
-0.233401 0.0134392 0.972287 160.414 0.0942536 0.995508 0.00886573 -0.84827 -0.967802 0.0937108 -0.23362 3.82412
-0.235542 0.0148136 0.971751 162.61 0.0945367 0.995491 0.00773918 -0.844732 -0.967255 0.093689 -0.23588 3.28835
-0.238145 0.0168814 0.971083 164.842 0.0943273 0.995524 0.00582615 -0.840978 -0.966638 0.0929871 -0.238671 2.75045
-0.240604 0.0178915 0.970458 167.071 0.0945469 0.995507 0.00508747 -0.838325 -0.966007 0.0929779 -0.241214 2.21371
-0.241779 0.0187453 0.97015 169.24 0.0943245 0.995532 0.00427159 -0.844151 -0.965736 0.0925417 -0.242467 1.64931
-0.243497 0.0178256 0.969738 171.474 0.0937939 0.995577 0.00525064 -0.856079 -0.965356 0.092234 -0.244092 1.07705
-0.246152 0.0175025 0.969073 173.706 0.0934441 0.995607 0.00575381 -0.867086 -0.964716 0.0919705 -0.246706 0.502735
-0.24897 0.0180328 0.968343 175.915 0.0955663 0.995404 0.00603422 -0.878066 -0.963785 0.0940434 -0.249549 -0.0680647
-0.250844 0.017794 0.967864 178.14 0.0973426 0.995226 0.00693151 -0.882791 -0.963121 0.0959531 -0.251379 -0.652417
-0.251656 0.0174574 0.967659 180.349 0.0982534 0.995132 0.00759944 -0.887861 -0.962816 0.0969883 -0.252146 -1.23958
-0.252933 0.0168505 0.967337 182.616 0.0981586 0.995135 0.0083311 -0.889079 -0.962491 0.0970597 -0.253357 -1.8415
-0.254125 0.0165283 0.96703 184.881 0.096134 0.995333 0.00825093 -0.890486 -0.962381 0.0950612 -0.254528 -2.446
-0.255328 0.0180172 0.966686 187.176 0.0949765 0.995457 0.00653236 -0.890517 -0.962178 0.0934804 -0.255879 -3.0674
-0.256849 0.0200726 0.966243 189.47 0.0947492 0.99549 0.00450621 -0.895387 -0.961796 0.0927082 -0.257592 -3.69278
-0.258061 0.0213129 0.965893 191.763 0.0941193 0.995555 0.00317882 -0.903325 -0.961533 0.0917295 -0.25892 -4.32134
-0.259324 0.0222182 0.965534 194.062 0.0925127 0.995709 0.00193449 -0.91578 -0.961349 0.0898258 -0.260267 -4.9569
-0.261455 0.0227552 0.964947 196.362 0.093605 0.995607 0.00188426 -0.928343 -0.960666 0.0908165 -0.262436 -5.59766
-0.263741 0.023238 0.964313 198.656 0.0943312 0.995539 0.00180926 -0.941189 -0.95997 0.091442 -0.264756 -6.24031
-0.265313 0.0227515 0.963893 200.948 0.0941801 0.995552 0.00242439 -0.952585 -0.959551 0.0914228 -0.266276 -6.88643
-0.26672 0.0230042 0.963499 203.24 0.0945967 0.995512 0.00241809 -0.964096 -0.95912 0.0917888 -0.267699 -7.53602
-0.267488 0.0234155 0.963276 205.537 0.0937062 0.995597 0.0018197 -0.976298 -0.958994 0.0907517 -0.268505 -8.19327
-0.267859 0.0235628 0.963169 207.833 0.0923712 0.995723 0.00132936 -0.98974 -0.959019 0.0893252 -0.26889 -8.8514
-0.268566 0.0245606 0.962948 210.147 0.09259 0.995703 0.000427252 -1.00404 -0.958801 0.089274 -0.269687 -9.52044
-0.269043 0.0251524 0.962799 212.461 0.093175 0.995649 2.60678e-05 -1.01932 -0.95861 0.0897158 -0.270216 -10.1908
-0.270066 0.024709 0.962524 214.81 0.0942136 0.995551 0.000877727 -1.03614 -0.958221 0.0909199 -0.271192 -10.8635
-0.271536 0.0243672 0.962119 217.139 0.0958815 0.99539 0.00185054 -1.05333 -0.95764 0.092752 -0.272621 -11.5354
-0.272845 0.024844 0.961737 219.474 0.0965253 0.995328 0.00167246 -1.07092 -0.957203 0.0932883 -0.273969 -12.2108
-0.274759 0.025753 0.961168 221.883 0.0961304 0.995368 0.000810411 -1.08049 -0.956695 0.0926202 -0.275962 -12.9012
-0.276762 0.0261051 0.960583 224.23 0.0955782 0.995421 0.000485945 -1.1049 -0.956173 0.0919453 -0.27799 -13.5668
-0.277023 0.0272223 0.960477 226.532 0.0953642 0.995441 -0.000708132 -1.13106 -0.956119 0.091399 -0.278356 -14.2643
-0.277652 0.0280792 0.960271 228.847 0.0947974 0.995494 -0.00169958 -1.15634 -0.955993 0.0905593 -0.279063 -14.9552
-0.277626 0.0284624 0.960267 231.161 0.0926312 0.995696 -0.00273159 -1.18417 -0.956213 0.0881924 -0.279068 -15.646
-0.277782 0.0292464 0.960198 233.476 0.093165 0.995644 -0.00337368 -1.2135 -0.956115 0.0885197 -0.279297 -16.3373
-0.277264 0.0286368 0.960366 235.791 0.0946847 0.995504 -0.00234845 -1.24025 -0.956117 0.0902808 -0.278729 -17.0273
-0.279109 0.0281525 0.959846 238.109 0.0956274 0.995415 -0.00138875 -1.26503 -0.955486 0.0914 -0.280522 -17.7218
-0.282689 0.0279397 0.958804 240.471 0.0958314 0.995397 -0.000751687 -1.29666 -0.954412 0.091671 -0.284065 -18.3993
-0.286658 0.0282016 0.957617 242.883 0.0941814 0.995554 -0.00112616 -1.32893 -0.953392 0.0898669 -0.288039 -19.0848
-0.291341 0.0280765 0.956207 245.28 0.0930402 0.995661 -0.000887129 -1.35575 -0.952084 0.0887072 -0.292689 -19.7867
-0.295632 0.0276565 0.954901 247.674 0.0919126 0.995766 -0.000384395 -1.38065 -0.95087 0.0876538 -0.296923 -20.5008
-0.299896 0.0281442 0.953556 250.056 0.091216 0.99583 -0.000704216 -1.40339 -0.949601 0.0867684 -0.301213 -21.2384
-0.305066 0.0277033 0.951928 252.396 0.0902627 0.995917 -5.68994e-05 -1.42553 -0.948044 0.0859062 -0.306321 -21.9592
-0.309284 0.0271082 0.950583 254.721 0.0885921 0.996067 0.000419234 -1.4482 -0.946834 0.0843438 -0.310469 -22.6936
-0.313084 0.0258937 0.949372 256.997 0.0872604 0.996183 0.00160618 -1.4984 -0.945708 0.0833455 -0.314148 -23.4468
-0.317889 0.025997 0.947771 259.295 0.0872006 0.996188 0.00192266 -1.53406 -0.944109 0.0832574 -0.318945 -24.2036
-0.320577 0.0255773 0.946877 261.595 0.0866927 0.996231 0.00244043 -1.56598 -0.943247 0.0828697 -0.321586 -24.9681
-0.326768 0.0249677 0.944774 263.924 0.086318 0.996261 0.00352642 -1.59502 -0.941154 0.0827033 -0.327702 -25.7319
-0.331527 0.0246097 0.943124 266.253 0.0847109 0.996397 0.0037778 -1.621 -0.939635 0.0811453 -0.332418 -26.5072
-0.336326 0.0241953 0.941434 268.577 0.0848084 0.996385 0.00469007 -1.64471 -0.937919 0.0814189 -0.337162 -27.2943
-0.340831 0.0244516 0.939806 270.9 0.0856371 0.996312 0.00513547 -1.66592 -0.936216 0.0822326 -0.341668 -28.0948
-0.344626 0.0241839 0.938428 273.229 0.085556 0.996316 0.00574359 -1.68429 -0.934833 0.0822676 -0.345425 -28.9176
-0.347701 0.0259916 0.937245 275.568 0.0876191 0.996141 0.00488019 -1.69169 -0.933502 0.0838174 -0.348637 -29.7786
-0.350547 0.0263131 0.936175 277.905 0.0881498 0.996094 0.00501005 -1.69876 -0.932387 0.0842799 -0.351497 -30.6464
-0.353761 0.0285508 0.9349 280.142 0.0891026 0.996016 0.00329864 -1.70258 -0.931082 0.0844689 -0.354895 -31.3806
-0.356263 0.03043 0.933889 282.486 0.0903618 0.995906 0.00202071 -1.70618 -0.930006 0.0851078 -0.357555 -32.2674
-0.359264 0.0306179 0.932733 284.838 0.0906999 0.995875 0.00224455 -1.70156 -0.928818 0.0854052 -0.360559 -33.1753
-0.361601 0.0315216 0.931799 287.162 0.0907106 0.995875 0.00151258 -1.70958 -0.927909 0.085071 -0.362969 -34.0847
-0.364267 0.0313944 0.930764 289.502 0.0898434 0.995954 0.00156824 -1.71877 -0.92695 0.0841943 -0.365614 -35.0037
-0.368252 0.03297 0.929141 291.87 0.0912564 0.995826 0.000831847 -1.72946 -0.925236 0.0850963 -0.369724 -35.9198
-0.372869 0.0336964 0.927271 294.219 0.0902069 0.995922 8.23955e-05 -1.7373 -0.923488 0.083677 -0.374389 -36.8229
-0.37482 0.0339567 0.926475 296.567 0.0888801 0.996041 -0.000548631 -1.74666 -0.922827 0.0821396 -0.376355 -37.7311
-0.376174 0.0341304 0.92592 298.914 0.0897544 0.995963 -0.000247717 -1.75588 -0.922191 0.0830122 -0.377719 -38.6473
-0.377408 0.0343779 0.925408 301.25 0.0914383 0.99581 0.000297886 -1.77331 -0.921521 0.0847302 -0.37897 -39.5731
-0.377237 0.0334961 0.92551 303.602 0.0919119 0.995765 0.00142439 -1.79393 -0.921544 0.0856028 -0.378718 -40.5375
-0.377373 0.0325531 0.925488 306.036 0.0907136 0.995874 0.0019601 -1.7862 -0.921607 0.0846941 -0.378769 -41.597
-0.377745 0.0324053 0.925342 308.469 0.0905521 0.995888 0.00208949 -1.77817 -0.921471 0.084581 -0.379127 -42.6574
-0.378655 0.0328533 0.924954 310.906 0.0918871 0.995766 0.00224794 -1.77393 -0.920965 0.0858425 -0.38007 -43.678
-0.379155 0.0323479 0.924767 313.342 0.091358 0.995814 0.00262375 -1.76879 -0.920812 0.0854797 -0.380523 -44.7
-0.379421 0.0336371 0.924612 315.777 0.090918 0.995857 0.00107976 -1.76906 -0.920746 0.0844736 -0.380907 -45.7161
-0.380299 0.0357313 0.924173 318.212 0.0899441 0.995945 -0.0014941 -1.77617 -0.920479 0.0825557 -0.381971 -46.735
-0.381972 0.035795 0.92348 320.635 0.0886023 0.996064 -0.00196056 -1.78364 -0.919916 0.0810736 -0.38364 -47.7469
-0.384768 0.0348489 0.922355 323.055 0.0869698 0.996209 -0.00135916 -1.78962 -0.918906 0.0796941 -0.38634 -48.766
-0.390059 0.0332222 0.92019 325.576 0.0846418 0.99641 -9.52511e-05 -1.78818 -0.916891 0.0778494 -0.391471 -49.8175
-0.393049 0.0325779 0.91894 328.01 0.0839756 0.996467 0.000591713 -1.79631 -0.915674 0.0774011 -0.394396 -50.869
-0.395322 0.0328931 0.917953 330.449 0.0844056 0.99643 0.00064463 -1.80544 -0.914656 0.0777352 -0.396688 -51.9271
-0.397927 0.0334219 0.916807 332.921 0.0860084 0.996293 0.00101122 -1.81514 -0.913376 0.0792555 -0.399327 -53.0183
-0.400321 0.0336437 0.915757 335.337 0.0864647 0.996253 0.00119685 -1.83095 -0.912286 0.0796598 -0.40173 -54.023
-0.404292 0.033968 0.913998 337.907 0.0873467 0.996176 0.00161437 -1.83595 -0.910449 0.0804874 -0.405714 -55.1738
-0.407899 0.0325991 0.912444 340.404 0.0872643 0.996178 0.0034199 -1.84793 -0.908847 0.0810188 -0.409185 -56.2662
-0.411522 0.031444 0.910857 342.903 0.0859544 0.996288 0.00444058 -1.85992 -0.907337 0.0801196 -0.412697 -57.361
-0.415744 0.0309982 0.908953 345.414 0.0848363 0.996382 0.00482322 -1.87094 -0.905516 0.0791174 -0.41687 -58.4816
-0.420957 0.0297305 0.906593 347.861 0.0838598 0.996457 0.00626105 -1.89522 -0.903195 0.0786623 -0.421959 -59.5114
-0.426707 0.0287641 0.903932 350.364 0.0840237 0.996431 0.00795635 -1.90984 -0.900478 0.0793467 -0.427601 -60.6232
-0.432529 0.0276439 0.901196 352.861 0.0840573 0.996412 0.00977863 -1.91944 -0.897693 0.0799816 -0.433301 -61.7508
-0.437385 0.0261197 0.898894 355.336 0.0820358 0.996568 0.0109592 -1.92792 -0.895524 0.0785349 -0.438027 -62.8841
-0.441489 0.02478 0.896924 357.817 0.0815303 0.99659 0.0125978 -1.9301 -0.893554 0.0786882 -0.442005 -64.0545
-0.446429 0.0236592 0.894506 360.29 0.0813707 0.996581 0.0142513 -1.92818 -0.891111 0.0791487 -0.446828 -65.1672
-0.451356 0.0230589 0.892045 362.821 0.0782746 0.996835 0.0138377 -1.91392 -0.888903 0.0760702 -0.451733 -66.3804
-0.456622 0.0225767 0.889374 365.306 0.0744486 0.99714 0.012911 -1.91077 -0.88654 0.0721081 -0.456997 -67.5356
-0.461719 0.0224765 0.886741 367.851 0.0709206 0.997413 0.011646 -1.89996 -0.884186 0.0682654 -0.462119 -68.8069
-0.467399 0.0202514 0.883814 370.403 0.0680973 0.997591 0.0131544 -1.88271 -0.881419 0.0663336 -0.467653 -70.125
-0.47165 0.0198734 0.881561 372.788 0.0692878 0.997489 0.0145833 -1.88174 -0.879059 0.0679596 -0.471843 -71.2417
-0.47643 0.0202908 0.878978 375.308 0.068473 0.997553 0.0140862 -1.86053 -0.876541 0.0668973 -0.476654 -72.5851
-0.481226 0.0199151 0.87637 377.738 0.0662763 0.997706 0.0137207 -1.844 -0.874087 0.0646853 -0.481442 -73.8424
-0.487126 0.0169634 0.873167 380.138 0.0637716 0.997832 0.0161918 -1.83476 -0.871 0.0635707 -0.487152 -75.0469
-0.493333 0.0155487 0.869701 382.529 0.0621717 0.997912 0.0174257 -1.82377 -0.867615 0.0626674 -0.49327 -76.2671
-0.500139 0.015227 0.865811 385.001 0.060102 0.998044 0.0171656 -1.78909 -0.863857 0.0606221 -0.500076 -77.5804
-0.502931 0.0150245 0.864195 387.39 0.0600369 0.99804 0.0175879 -1.77878 -0.862238 0.0607291 -0.502848 -78.9428
-0.507194 0.0142515 0.861714 389.829 0.0587953 0.998105 0.0180989 -1.7498 -0.859824 0.0598443 -0.507071 -80.3191
-0.510337 0.0139918 0.85986 392.214 0.0588541 0.998091 0.0186895 -1.72959 -0.857958 0.0601442 -0.510186 -81.714
-0.513554 0.0129324 0.857959 394.595 0.0560504 0.998256 0.0185033 -1.70976 -0.856224 0.0575914 -0.513383 -83.1176
-0.514101 0.0122056 0.857642 396.864 0.0484942 0.998712 0.0148559 -1.69443 -0.856357 0.0492281 -0.514032 -84.5217
-0.51678 0.0155023 0.855977 399.276 0.0402534 0.999169 0.00620663 -1.69113 -0.855171 0.0376635 -0.516975 -85.942
-0.520011 0.0250657 0.853791 401.644 0.0501995 0.998738 0.00125343 -1.70943 -0.852683 0.0435117 -0.520613 -87.3604
-0.520974 0.0255204 0.853191 403.976 0.0583295 0.99828 0.00575683 -1.72951 -0.851577 0.0527653 -0.521567 -88.7686
-0.522898 0.0160146 0.852244 406.317 0.0576655 0.998197 0.0166236 -1.72531 -0.850442 0.0578375 -0.522879 -90.1948
-0.526964 0.00561561 0.849869 408.692 0.0513228 0.998363 0.0252261 -1.68705 -0.848336 0.0569108 -0.52639 -91.6103
-0.528786 0.00014089 0.848755 411.002 0.0466591 0.998492 0.0289035 -1.6529 -0.847471 0.0548859 -0.527995 -93.0526
-0.532508 -0.000680993 0.846424 413.372 0.0451436 0.998553 0.0292044 -1.6077 -0.845219 0.0537622 -0.531707 -94.4819
-0.534909 0.0041316 0.844899 415.676 0.0507609 0.998338 0.027255 -1.57413 -0.843383 0.0574668 -0.53423 -95.9189
-0.536502 0.0109595 0.843827 418.009 0.0560665 0.998168 0.0226828 -1.53376 -0.842034 0.0594797 -0.536134 -97.4125
-0.538799 0.0139027 0.842319 420.3 0.0575308 0.998136 0.0203256 -1.51332 -0.840467 0.0594107 -0.538594 -98.859
-0.54113 0.0141777 0.840819 422.597 0.0578847 0.998113 0.0204232 -1.48979 -0.838944 0.0597222 -0.540931 -100.333
-0.543738 0.0140295 0.839137 424.901 0.0596903 0.997974 0.0219925 -1.45841 -0.837129 0.0620465 -0.543474 -101.815
-0.544508 0.0135579 0.838645 427.138 0.0612882 0.997839 0.0236611 -1.42965 -0.836513 0.0642827 -0.544163 -103.292
-0.545499 0.0146024 0.837984 429.463 0.062336 0.997785 0.0231916 -1.38478 -0.83579 0.0648876 -0.545201 -104.813
-0.546134 0.0150708 0.837562 431.754 0.0628315 0.997758 0.0230161 -1.35085 -0.835338 0.0651951 -0.545857 -106.309
-0.547786 0.0159211 0.836467 434.039 0.0641017 0.997678 0.0229894 -1.32305 -0.834159 0.0662122 -0.547534 -107.792
-0.548981 0.0151181 0.835697 436.337 0.0656059 0.99753 0.0250517 -1.29061 -0.833255 0.0685796 -0.548618 -109.288
-0.553493 0.0133957 0.832745 438.65 0.0663254 0.997403 0.0280395 -1.25822 -0.830208 0.0707518 -0.552945 -110.731
-0.554533 0.012778 0.832063 440.911 0.0683959 0.997198 0.0302688 -1.21467 -0.829346 0.0736947 -0.553853 -112.228
-0.554023 0.0141222 0.832381 443.113 0.069262 0.997171 0.0291819 -1.18379 -0.829615 0.0738198 -0.553434 -113.726
-0.555079 0.015334 0.831656 445.367 0.0669388 0.99741 0.0262874 -1.14865 -0.829099 0.0702616 -0.554668 -115.233
-0.555386 0.0149099 0.831458 447.621 0.0644665 0.997601 0.0251722 -1.1159 -0.829089 0.0675815 -0.555016 -116.74
-0.554272 0.0152634 0.832195 449.911 0.0655067 0.997529 0.0253341 -1.06565 -0.829753 0.0685564 -0.553904 -118.314
-0.55726 0.0148116 0.830206 452.198 0.0635132 0.997671 0.0248327 -1.03159 -0.827905 0.0665673 -0.556903 -119.784
-0.561029 0.0141271 0.827675 454.521 0.0604695 0.997881 0.0239563 -0.99036 -0.825584 0.0634893 -0.560696 -121.292
-0.56461 0.0141953 0.825235 456.777 0.0596359 0.997939 0.0236357 -0.959904 -0.8232 0.0625586 -0.564294 -122.755
-0.56866 0.0130283 0.822469 459.028 0.0601298 0.997857 0.0257676 -0.931958 -0.820371 0.0641079 -0.568225 -124.226
-0.57322 0.0114751 0.81932 461.323 0.062223 0.997623 0.0295607 -0.890864 -0.817035 0.0679253 -0.572573 -125.723
-0.572965 0.0105371 0.819512 463.59 0.0673603 0.997139 0.0342742 -0.827028 -0.816806 0.0748405 -0.572036 -127.301
-0.572758 0.00869819 0.819678 465.884 0.0696126 0.996846 0.0380642 -0.746772 -0.816763 0.0788614 -0.571558 -128.882
-0.57219 0.00651265 0.820095 468.118 0.0636856 0.997301 0.0365143 -0.687604 -0.817644 0.0731214 -0.571061 -130.404
-0.571985 0.00696352 0.820234 470.344 0.0567317 0.997904 0.0310895 -0.634247 -0.818299 0.064316 -0.571182 -131.932
-0.572522 0.00515122 0.819872 472.539 0.0510594 0.998262 0.0293831 -0.59349 -0.818297 0.0586846 -0.571791 -133.336
-0.571715 0.00512972 0.820436 474.804 0.0485982 0.998435 0.0276227 -0.537388 -0.819011 0.055664 -0.57107 -134.861
-0.569266 0.00580271 0.822132 477.02 0.0519705 0.998228 0.0289402 -0.508093 -0.820508 0.0592013 -0.56856 -136.397
-0.565606 0.00468789 0.824662 479.279 0.0505811 0.998297 0.0290168 -0.446799 -0.823122 0.0581244 -0.564881 -137.959
-0.562916 0.00607111 0.826491 481.503 0.0489401 0.998462 0.0259984 -0.407944 -0.825063 0.0550835 -0.562348 -139.479
-0.559137 0.00221426 0.829071 483.721 0.0438601 0.998674 0.0269126 -0.377507 -0.827913 0.051411 -0.558494 -141.029
-0.559376 -0.00327011 0.828907 485.995 0.0354911 0.998979 0.0278917 -0.342277 -0.828153 0.0450208 -0.55869 -142.511
-0.558862 -0.00571317 0.82924 488.255 0.0287703 0.999239 0.026274 -0.299737 -0.828761 0.038541 -0.558273 -144.014
-0.558025 -0.00593777 0.829802 490.516 0.0270131 0.999313 0.0253165 -0.260065 -0.829384 0.0365427 -0.557482 -145.515
-0.557787 -0.00375345 0.829975 492.766 0.0328194 0.999107 0.0265747 -0.22662 -0.829334 0.0420622 -0.557166 -147.022
-0.555883 -0.00551667 0.831242 495.048 0.0346627 0.998953 0.02981 -0.188846 -0.830537 0.045384 -0.555111 -148.551
-0.55136 -0.00753077 0.834233 497.349 0.0337108 0.99894 0.0312977 -0.124824 -0.833586 0.0453789 -0.550522 -150.138
-0.54722 -0.00596262 0.836967 499.46 0.0350525 0.998933 0.0300343 -0.0765558 -0.836253 0.0457731 -0.546428 -151.671
-0.545772 -0.00453978 0.837921 501.717 0.0353326 0.99897 0.0284259 -0.0324301 -0.837188 0.04512 -0.54505 -153.156
-0.544272 -0.00235025 0.838905 503.976 0.0371924 0.998944 0.0269286 0.00765444 -0.838083 0.0458573 -0.54361 -154.637
-0.543176 -0.00341942 0.839611 506.315 0.0376661 0.998884 0.0284357 0.0398915 -0.838772 0.0470704 -0.542443 -156.127
-0.544567 -0.00409016 0.838707 508.56 0.040772 0.998675 0.0313432 0.050026 -0.837725 0.0512642 -0.543679 -157.512
-0.543451 -0.00395587 0.839431 510.891 0.0408726 0.998677 0.0311674 0.122414 -0.838444 0.0512477 -0.542571 -159.042
-0.540832 -0.00511075 0.841114 513.255 0.0389567 0.998755 0.0311175 0.177238 -0.840227 0.0495964 -0.539961 -160.54
-0.53849 -0.00494332 0.842617 515.537 0.0416415 0.998603 0.0324702 0.228094 -0.841601 0.0525727 -0.537533 -162.052
-0.534694 -0.00536724 0.845028 517.864 0.0405798 0.998662 0.03202 0.312269 -0.84407 0.051412 -0.533761 -163.575
-0.532457 -0.00373413 0.846448 520.211 0.0401884 0.998749 0.0296865 0.381905 -0.845501 0.0498241 -0.531642 -165.068
-0.532855 0.00308769 0.8462 522.532 0.0475172 0.998523 0.0262782 0.430492 -0.84487 0.0542115 -0.532216 -166.561
-0.530331 0.00281413 0.847785 524.857 0.0482308 0.998474 0.0268564 0.480355 -0.846417 0.0551321 -0.529658 -168.067
-0.528081 0.00284863 0.849188 527.114 0.0511325 0.998285 0.0284488 0.51456 -0.847652 0.0584444 -0.527322 -169.528
-0.524729 0.00118978 0.851268 529.297 0.0473879 0.998488 0.0278148 0.55823 -0.849948 0.054935 -0.523993 -170.837
-0.524456 0.00175918 0.851435 531.625 0.0483597 0.998443 0.0277251 0.611462 -0.850062 0.0557157 -0.523726 -172.282
-0.524381 0.002591 0.851479 533.941 0.0490765 0.998423 0.0271855 0.655993 -0.850067 0.0560432 -0.523682 -173.698
-0.522006 0.00278556 0.852937 536.274 0.0494217 0.998412 0.0269859 0.708545 -0.851508 0.0562404 -0.521315 -175.177
-0.520918 0.00114084 0.853605 538.562 0.0487493 0.998405 0.0284152 0.751545 -0.852212 0.0564146 -0.520144 -176.576
-0.519475 0.000890618 0.854485 540.778 0.0507686 0.998263 0.0298238 0.800103 -0.852975 0.0588737 -0.518619 -178.002
-0.516278 0.00507805 0.856405 543.041 0.0556639 0.998065 0.0276386 0.856193 -0.854609 0.0619401 -0.515563 -179.429
-0.51471 0.00522562 0.857348 545.41 0.0546322 0.998147 0.0267147 0.912559 -0.85562 0.0605891 -0.514043 -180.873
-0.512465 0.00598883 0.858687 547.847 0.0534187 0.99826 0.0249181 0.964114 -0.857044 0.0586396 -0.511894 -182.298
-0.511825 0.00805522 0.859052 550.119 0.0564464 0.998109 0.0242718 1.00408 -0.857232 0.0609132 -0.511313 -183.68
-0.510645 0.00872802 0.859747 552.448 0.0580405 0.998016 0.0243413 1.0458 -0.857829 0.0623299 -0.510139 -185.091
-0.511562 0.00836502 0.859205 554.81 0.0557499 0.998167 0.023475 1.07828 -0.857434 0.0599095 -0.511092 -186.452
-0.5119 0.00951581 0.858992 557.121 0.057396 0.998081 0.0231474 1.10077 -0.857124 0.0611518 -0.511465 -187.834
-0.509806 0.00876681 0.860244 559.454 0.0582338 0.998005 0.0243404 1.1333 -0.858315 0.0625041 -0.5093 -189.263
-0.506833 0.00804635 0.862006 561.783 0.0591788 0.997921 0.0254803 1.16743 -0.860009 0.0639268 -0.506256 -190.681
-0.510362 0.00627765 0.859936 564.21 0.0569226 0.998025 0.0264972 1.20796 -0.858072 0.0624729 -0.509713 -191.988
-0.510131 0.00764759 0.860062 566.552 0.0581254 0.997979 0.0256021 1.24739 -0.858129 0.0630518 -0.509546 -193.378
-0.509657 0.00958321 0.860324 568.841 0.0626144 0.997698 0.0259794 1.27467 -0.858095 0.0671092 -0.509085 -194.774
-0.507392 0.0100977 0.861656 571.184 0.0644037 0.997577 0.026234 1.3215 -0.859304 0.0688047 -0.506814 -196.205
-0.504314 0.00951784 0.863468 573.533 0.0645971 0.997552 0.0267325 1.36984 -0.8611 0.0692591 -0.503695 -197.627
-0.503758 0.00947491 0.863792 575.856 0.0654207 0.997485 0.0272116 1.40367 -0.861363 0.0702179 -0.503112 -198.991
-0.503909 0.00950431 0.863704 578.202 0.0643841 0.997569 0.0265861 1.44239 -0.861352 0.0690058 -0.503297 -200.321
-0.506009 0.00877453 0.862483 580.58 0.0649956 0.997491 0.0279841 1.47761 -0.860075 0.0702179 -0.50531 -201.695
-0.506895 0.00721724 0.861977 582.927 0.0653635 0.997406 0.0300866 1.5208 -0.859524 0.0715926 -0.506053 -203.057
-0.507316 0.00592077 0.861739 585.275 0.0647405 0.997411 0.0312606 1.57056 -0.859323 0.0716485 -0.506386 -204.422
-0.50798 0.00830509 0.861328 587.594 0.0662209 0.997369 0.0294379 1.61297 -0.858818 0.0719918 -0.507195 -205.796
-0.510827 0.0108755 0.859614 589.984 0.0651945 0.997529 0.0261216 1.66669 -0.857206 0.0693858 -0.510275 -207.141
-0.513308 0.0105067 0.85814 592.327 0.0620526 0.99776 0.0249015 1.71815 -0.855956 0.0660319 -0.512811 -208.432
-0.514362 0.00930696 0.857522 594.53 0.0646048 0.997518 0.0279251 1.74926 -0.855135 0.0697636 -0.513687 -209.767
-0.514904 0.00770534 0.857213 596.867 0.0655508 0.997384 0.0304093 1.78885 -0.854736 0.0718488 -0.514063 -211.133
-0.511629 0.0109009 0.859137 599.14 0.0690866 0.997202 0.0284895 1.84826 -0.856423 0.0739309 -0.510952 -212.577
-0.513113 0.0123205 0.858232 601.495 0.0683584 0.997306 0.0265526 1.9063 -0.855593 0.0722919 -0.512573 -213.942
-0.514777 0.0136743 0.857214 603.846 0.0698806 0.997213 0.0260574 1.9437 -0.85447 0.0733164 -0.514299 -215.321
-0.515579 0.0131833 0.85674 606.197 0.0699918 0.997186 0.026776 1.98299 -0.853977 0.0737699 -0.515052 -216.703
-0.516031 0.0109031 0.8565 608.558 0.0685546 0.997235 0.0286088 2.03071 -0.85382 0.0734801 -0.515353 -218.087
-0.517572 0.0105579 0.855574 610.869 0.0701415 0.99708 0.0301274 2.05382 -0.852758 0.0756043 -0.516803 -219.441
-0.512611 0.0105918 0.858555 613.18 0.0680372 0.997279 0.0283192 2.1375 -0.85592 0.0729304 -0.511938 -220.908
-0.508432 0.0121664 0.861016 615.474 0.0700272 0.997171 0.0272609 2.19794 -0.858248 0.0741548 -0.507846 -222.342
-0.504611 0.0114973 0.86327 617.823 0.0696833 0.99719 0.0274514 2.25485 -0.860528 0.0740078 -0.503995 -223.766
-0.501151 0.0112585 0.865286 620.132 0.0721183 0.996979 0.028797 2.27988 -0.862348 0.0768346 -0.500449 -225.185
-0.49889 0.0107072 0.866598 622.463 0.0729386 0.996893 0.0296729 2.31793 -0.863589 0.078012 -0.498122 -226.575
-0.49926 0.0110097 0.866382 624.865 0.0732642 0.996873 0.0295512 2.35214 -0.863347 0.0782285 -0.498507 -227.929
-0.500383 0.0115799 0.865726 627.276 0.0739137 0.99683 0.029388 2.38739 -0.862642 0.0786943 -0.499653 -229.251
-0.493356 0.013048 0.869729 629.621 0.0777928 0.996541 0.0291777 2.43635 -0.86634 0.0820537 -0.492665 -230.731
-0.493509 0.0118023 0.86966 632.017 0.0773612 0.996539 0.0303763 2.4774 -0.866291 0.0822689 -0.492715 -232.052
-0.493797 0.0114729 0.869501 634.329 0.0783068 0.996436 0.0313234 2.5266 -0.866042 0.0835552 -0.492936 -233.336
-0.49216 0.0149983 0.870375 636.576 0.083851 0.996018 0.0302508 2.57353 -0.866455 0.08787 -0.491458 -234.715
-0.485185 0.0136736 0.874304 638.857 0.0788605 0.996486 0.0281783 2.64268 -0.870846 0.0826198 -0.484559 -236.009
-0.485226 0.0136129 0.874282 641.218 0.0787047 0.996499 0.0281652 2.68561 -0.870837 0.0824766 -0.4846 -237.304
-0.486047 0.0129808 0.873836 643.575 0.0781615 0.996527 0.0286719 2.72016 -0.870428 0.0822362 -0.485375 -238.572
-0.486121 0.0123758 0.873803 645.952 0.0773747 0.996581 0.028931 2.76285 -0.870458 0.0816742 -0.485417 -239.868
-0.485957 0.0115759 0.873906 648.325 0.0766668 0.996621 0.0294311 2.80969 -0.870612 0.0813018 -0.485203 -241.178
-0.486856 0.0114885 0.873406 650.642 0.0761224 0.996666 0.0293225 2.84559 -0.870157 0.0807617 -0.486108 -242.452
-0.488001 0.0128765 0.872748 652.967 0.077398 0.996589 0.0285739 2.87708 -0.869403 0.0814931 -0.487334 -243.737
-0.4859 0.0137157 0.873906 655.364 0.0776474 0.996599 0.0275314 2.94364 -0.870556 0.0812341 -0.485314 -245.108
-0.483175 0.0134351 0.87542 657.767 0.0782386 0.996543 0.0278887 3.01031 -0.872019 0.0819668 -0.482557 -246.471
-0.48016 0.0126245 0.87709 660.102 0.0774657 0.996598 0.0280637 3.0664 -0.873752 0.0814195 -0.479505 -247.816
-0.479234 0.0137395 0.877579 662.467 0.0766605 0.99671 0.0262587 3.11178 -0.874331 0.0798597 -0.478711 -249.112
-0.479406 0.0159871 0.877447 664.831 0.0775969 0.996689 0.0242365 3.15129 -0.874154 0.0797064 -0.47906 -250.408
-0.481802 0.0173102 0.876108 667.187 0.077259 0.996749 0.0227937 3.1751 -0.872866 0.0786693 -0.481574 -251.624
-0.4826 0.0174473 0.875666 669.562 0.0783848 0.996648 0.023342 3.20279 -0.872324 0.0799038 -0.482351 -252.92
-0.482501 0.0164775 0.87574 671.945 0.0788608 0.996578 0.0246983 3.23161 -0.872337 0.0809785 -0.48215 -254.228
-0.48339 0.0163692 0.875251 674.388 0.0780058 0.996652 0.024442 3.28027 -0.871921 0.0800897 -0.483049 -255.503
-0.484359 0.0180558 0.874682 676.765 0.0826147 0.996262 0.0251827 3.32117 -0.870958 0.0844591 -0.484041 -256.884
-0.483542 0.0187819 0.875119 679.126 0.083121 0.996235 0.0245467 3.35895 -0.871364 0.0846101 -0.483284 -258.201
-0.484087 0.0191453 0.87481 681.54 0.0818632 0.996365 0.0234945 3.39477 -0.87118 0.0829881 -0.483896 -259.486
-0.484644 0.0189439 0.874506 683.899 0.0824193 0.996305 0.0240938 3.42043 -0.870818 0.0837531 -0.484416 -260.775
-0.484806 0.0186029 0.874423 686.264 0.0824154 0.996295 0.0244979 3.45047 -0.870728 0.0839427 -0.484544 -262.069
-0.485713 0.0190252 0.873911 688.616 0.0834632 0.996203 0.0247006 3.48085 -0.870123 0.0849368 -0.485457 -263.355
-0.490261 0.0188512 0.871371 691.023 0.0812105 0.996403 0.0241354 3.51088 -0.867782 0.0825972 -0.490029 -264.57
-0.490836 0.0205773 0.871008 693.429 0.0817776 0.996394 0.0225443 3.54978 -0.867404 0.0822946 -0.490749 -265.911
-0.494093 0.0207179 0.869161 695.819 0.0809311 0.99647 0.0222544 3.58078 -0.865632 0.081338 -0.494026 -267.168
-0.494241 0.0212743 0.869063 698.176 0.0812043 0.996458 0.0217885 3.62646 -0.865522 0.0813405 -0.494219 -268.483
-0.495125 0.0212301 0.868561 700.499 0.0813989 0.996436 0.0220459 3.64467 -0.864998 0.0816154 -0.49509 -269.755
-0.493337 0.0226272 0.869543 702.836 0.0818659 0.99643 0.0205177 3.67436 -0.865975 0.0813081 -0.49343 -271.13
-0.493927 0.0246808 0.869152 705.188 0.0840793 0.996267 0.0194907 3.69571 -0.865427 0.0827047 -0.494159 -272.449
-0.494502 0.0245068 0.86883 707.507 0.0848325 0.996189 0.020184 3.70493 -0.865025 0.0836861 -0.494698 -273.735
-0.494482 0.0244813 0.868842 709.807 0.0872122 0.995954 0.021572 3.7238 -0.864799 0.0864407 -0.494618 -275.051
-0.494328 0.0237318 0.86895 712.148 0.0870583 0.995951 0.0223254 3.74563 -0.864903 0.0866855 -0.494394 -276.367
-0.49376 0.0231945 0.869288 714.459 0.0861232 0.996032 0.0223421 3.76581 -0.865321 0.0858975 -0.493799 -277.678
