1 0 0 0 0 1 0 0 0 0 1 0
1 0.000159992 0.000656704 -0.0511668 -0.000162109 0.999995 0.00322374 -0.0508685 -0.000656185 -0.00322384 0.999995 1.60581
1 -0.000216011 -0.000464959 -0.0633132 0.000217903 0.999992 0.00407274 -0.068559 0.000464075 -0.00407284 0.999992 3.1872
0.999998 0.00083935 -0.00174677 -0.0707214 -0.000832387 0.999992 0.00398348 -0.0850084 0.0017501 -0.00398202 0.99999 4.76305
0.999994 0.00113464 -0.00313005 -0.0803582 -0.00112258 0.999992 0.00385326 -0.101602 0.0031344 -0.00384972 0.999988 6.33901
0.999989 0.00128325 -0.00449954 -0.0930941 -0.00126473 0.999991 0.00411616 -0.113318 0.00450478 -0.00411042 0.999981 7.9119
0.999982 0.000225098 -0.0060498 -0.109235 -0.000199384 0.999991 0.00425075 -0.124764 0.0060507 -0.00424947 0.999973 9.43969
0.999977 -0.00153677 -0.00664464 -0.137343 0.00155917 0.999993 0.00336698 -0.138872 0.00663942 -0.00337726 0.999972 10.977
0.999978 -0.00304487 -0.00591699 -0.191911 0.00306562 0.999989 0.00350065 -0.150682 0.00590627 -0.00351871 0.999976 12.5159
0.99998 -0.00304398 -0.00553387 -0.228299 0.00306266 0.99999 0.00336888 -0.16634 0.00552356 -0.00338576 0.999979 14.0368
0.999982 -0.00238505 -0.00540615 -0.261508 0.00240303 0.999992 0.00332109 -0.181159 0.00539818 -0.00333402 0.99998 15.5689
0.999985 -0.00131408 -0.00530126 -0.294145 0.00133521 0.999991 0.00398564 -0.194945 0.00529598 -0.00399265 0.999978 17.1366
0.999987 7.64621e-05 -0.00502275 -0.323286 -5.24789e-05 0.999989 0.00477508 -0.206935 0.00502306 -0.00477476 0.999976 18.6995
0.999986 0.000640242 -0.00526397 -0.339354 -0.000610943 0.999985 0.0055659 -0.215309 0.00526745 -0.00556261 0.999971 20.24
0.999984 0.000610568 -0.0055652 -0.350332 -0.000579999 0.999985 0.00549308 -0.226067 0.00556847 -0.00548977 0.999969 21.7712
0.999982 0.00137838 -0.0058555 -0.362811 -0.00134529 0.999983 0.00565129 -0.234815 0.00586319 -0.0056433 0.999967 23.2911
0.999981 0.00195549 -0.00584717 -0.374591 -0.00192038 0.99998 0.0060031 -0.241453 0.00585879 -0.00599176 0.999965 24.8024
0.999986 0.00254223 -0.00469804 -0.400571 -0.00250734 0.999969 0.0074197 -0.258118 0.00471676 -0.00740781 0.999961 26.2784
0.999987 0.00275452 -0.00415104 -0.420283 -0.00272929 0.999978 0.00607174 -0.268486 0.00416767 -0.00606033 0.999973 27.7725
0.999988 0.00339947 -0.00336116 -0.442235 -0.00338713 0.999988 0.00367094 -0.269499 0.00337359 -0.00365951 0.999987 29.286
0.999993 0.00168435 -0.0031838 -0.452986 -0.00167277 0.999992 0.00363806 -0.288388 0.0031899 -0.00363271 0.999988 30.7404
0.999993 0.00061838 -0.00351622 -0.455193 -0.000595245 0.999978 0.00657747 -0.3077 0.00352021 -0.00657534 0.999972 32.2004
0.999992 -0.000787366 -0.00388047 -0.458087 0.000818913 0.999967 0.00813527 -0.3267 0.00387393 -0.00813839 0.999959 33.6499
0.99999 -0.00157737 -0.0041989 -0.464647 0.00160882 0.999971 0.00749865 -0.342904 0.00418695 -0.00750533 0.999963 35.07
0.99999 -0.00204601 -0.003843 -0.471397 0.00206935 0.999979 0.00607822 -0.359907 0.00383049 -0.00608612 0.999974 36.5045
0.999994 -0.00158857 -0.00321098 -0.483521 0.0016059 0.999984 0.00540232 -0.372468 0.00320235 -0.00540744 0.99998 37.9313
0.999997 -0.000669146 -0.00244882 -0.49456 0.00067998 0.99999 0.00442688 -0.384537 0.00244584 -0.00442853 0.999987 39.3444
1 -4.80673e-05 -0.000886704 -0.508319 5.29106e-05 0.999985 0.00546521 -0.398889 0.000886429 -0.00546525 0.999985 40.7229
1 0.000469796 0.00060977 -0.516356 -0.00047427 0.999973 0.007355 -0.411365 -0.000606297 -0.00735529 0.999973 42.0754
0.999998 -2.94524e-05 0.00203511 -0.516662 1.24781e-05 0.999965 0.00833932 -0.424245 -0.00203528 -0.00833927 0.999963 43.4091
0.999992 3.80593e-05 0.00392505 -0.508274 -7.2298e-05 0.999962 0.00872287 -0.427939 -0.00392457 -0.00872308 0.999954 44.7869
0.999974 -0.000642072 0.00722304 -0.50042 0.000584048 0.999968 0.00803223 -0.438988 -0.00722796 -0.00802779 0.999942 46.1116
0.999942 -0.00153248 0.0106348 -0.485577 0.00146704 0.99998 0.00615888 -0.44933 -0.0106441 -0.00614293 0.999924 47.4318
0.999899 -0.00127554 0.0141463 -0.476322 0.00121209 0.999989 0.00449242 -0.46382 -0.0141519 -0.00447482 0.99989 48.6998
0.99983 -0.00126388 0.0183784 -0.461605 0.00117162 0.999987 0.00503001 -0.477456 -0.0183845 -0.00500763 0.999818 49.9677
0.999728 -0.000873474 0.0232962 -0.429595 0.000760352 0.999988 0.00486415 -0.491478 -0.0233002 -0.00484512 0.999717 51.2272
0.999562 0.000795724 0.0295822 -0.395468 -0.000906378 0.999993 0.00372726 -0.500031 -0.029579 -0.00375244 0.999555 52.4839
0.999308 0.0023601 0.037105 -0.357748 -0.00249159 0.999991 0.00349786 -0.508921 -0.0370964 -0.00358789 0.999305 53.7195
0.998976 0.00311168 0.0451317 -0.30467 -0.00330841 0.999985 0.00428484 -0.520559 -0.0451177 -0.00442976 0.998972 54.9361
0.998455 0.00497723 0.0553457 -0.239059 -0.00525501 0.999974 0.00487439 -0.531467 -0.0553201 -0.0051577 0.998455 56.1521
0.997642 0.00705359 0.0682602 -0.163168 -0.00739724 0.999961 0.00478294 -0.542535 -0.0682238 -0.0052766 0.997656 57.3467
0.99648 0.00917081 0.083322 -0.086304 -0.00964744 0.999939 0.00531942 -0.557712 -0.0832682 -0.00610454 0.996508 58.4929
0.995021 0.0111158 0.0990394 0.0293565 -0.011808 0.99991 0.00640588 -0.563365 -0.0989593 -0.00754344 0.995063 59.6701
0.993091 0.0111755 0.116809 0.153132 -0.012086 0.999902 0.00708968 -0.574102 -0.116719 -0.00845246 0.993129 60.8028
0.990667 0.0109272 0.135862 0.299987 -0.0118743 0.999911 0.00616286 -0.581293 -0.135783 -0.00771862 0.990708 61.9418
0.987722 0.0101022 0.155892 0.465006 -0.0110671 0.999925 0.00532255 -0.595204 -0.155826 -0.00698247 0.98776 63.0246
0.984238 0.00720051 0.176699 0.653317 -0.0082621 0.999952 0.00527279 -0.60908 -0.176653 -0.00664959 0.984251 64.104
0.980066 0.00217119 0.19866 0.864457 -0.00371506 0.999966 0.00739899 -0.621755 -0.198637 -0.00798953 0.98004 65.1751
0.975097 -0.00335988 0.22175 1.10376 0.00141468 0.999959 0.00893022 -0.633379 -0.221771 -0.00839413 0.975062 66.2313
0.969396 -0.0078454 0.245378 1.36873 0.00592194 0.999946 0.00857563 -0.645367 -0.245432 -0.00686007 0.969389 67.2817
0.962597 -0.013073 0.270622 1.65799 0.0116363 0.999908 0.00691283 -0.650633 -0.270688 -0.00350523 0.962661 68.3344
0.954893 -0.0165676 0.296486 1.96947 0.0149067 0.999858 0.00786177 -0.662398 -0.296574 -0.00308752 0.955005 69.3223
0.945988 -0.019057 0.323641 2.30997 0.0166836 0.99981 0.0101064 -0.663281 -0.323772 -0.00416106 0.946126 70.3318
0.936021 -0.0231046 0.351184 2.66405 0.0197707 0.999719 0.0130767 -0.670997 -0.351387 -0.00529696 0.936215 71.2725
0.924936 -0.0260688 0.379226 3.05299 0.02294 0.999655 0.0127674 -0.67604 -0.379428 -0.00310958 0.925216 72.2061
0.912678 -0.0252973 0.407896 3.46928 0.023661 0.999679 0.00905706 -0.681211 -0.407994 0.00138505 0.912983 73.1267
0.899587 -0.0265137 0.435935 3.9108 0.0276268 0.999611 0.00378638 -0.687084 -0.435866 0.00863732 0.89997 74.0097
0.885291 -0.0286558 0.464154 4.37375 0.0315757 0.9995 0.00148185 -0.696856 -0.463964 0.0133441 0.885753 74.8684
0.869399 -0.0290729 0.493254 4.86577 0.0308222 0.999514 0.00458565 -0.700333 -0.493147 0.0112164 0.869873 75.7274
0.851717 -0.0281882 0.523243 5.39039 0.0269269 0.999587 0.0100191 -0.701602 -0.52331 0.00555592 0.852124 76.5656
0.831538 -0.0287012 0.554725 5.89873 0.0251277 0.999585 0.0140514 -0.718519 -0.554898 0.00225467 0.831915 77.3523
0.809971 -0.0226401 0.586032 6.45736 0.0212199 0.999732 0.00929398 -0.722344 -0.586085 0.00490767 0.810234 78.1447
0.787765 -0.0156393 0.615777 7.05751 0.0181583 0.999833 0.00216346 -0.722526 -0.615708 0.00947716 0.787917 78.9202
0.764995 -0.0133329 0.643897 7.67507 0.0173443 0.999849 9.7174e-05 -0.725992 -0.643802 0.0110937 0.765111 79.6599
0.741384 -0.0158181 0.670894 8.31003 0.0183117 0.999827 0.00333786 -0.737433 -0.670831 0.00981056 0.741545 80.357
0.71696 -0.0163667 0.696921 8.96791 0.0189062 0.999813 0.00403012 -0.751264 -0.696857 0.0102867 0.717136 81.0107
0.691463 -0.0144976 0.722266 9.64778 0.0194904 0.999809 0.00140938 -0.765805 -0.722149 0.0131027 0.691614 81.6504
0.665209 -0.0124813 0.746552 10.3627 0.0197425 0.999805 -0.00087617 -0.774724 -0.746396 0.0153217 0.665326 82.2774
0.638086 -0.0101473 0.769897 11.0847 0.0179863 0.999837 -0.00172907 -0.785835 -0.769754 0.0149509 0.638165 82.8727
0.609911 -0.00872822 0.792421 11.8376 0.0180228 0.999833 -0.00285899 -0.796461 -0.792265 0.0160253 0.609967 83.4494
0.58108 -0.00240643 0.813842 12.6105 0.0167141 0.99982 -0.00897749 -0.813292 -0.813675 0.0188193 0.581016 83.9986
0.550998 0.00627162 0.834483 13.3847 0.0160272 0.999708 -0.0180959 -0.838085 -0.834352 0.0233452 0.550736 84.5076
0.519922 0.0145057 0.85409 14.1876 0.0151463 0.999542 -0.0261962 -0.859449 -0.854079 0.0265563 0.519464 84.9969
0.488027 0.0195123 0.87261 15.0065 0.0126995 0.999485 -0.0294518 -0.884018 -0.872736 0.025455 0.487528 85.456
0.455471 0.019382 0.890039 15.862 0.0106041 0.999574 -0.0271939 -0.909349 -0.890187 0.0218241 0.455072 85.8983
0.422181 0.018529 0.906322 16.7381 0.00580757 0.999715 -0.0231436 -0.932471 -0.906493 0.0150343 0.421953 86.314
0.387894 0.0202791 0.92148 17.6093 0.00151147 0.999742 -0.0226377 -0.955133 -0.921703 0.0101738 0.387763 86.6782
0.352602 0.0235089 0.935477 18.4982 -0.00582675 0.99972 -0.0229272 -0.979751 -0.935755 0.00263337 0.352641 87.0197
0.317572 0.0255361 0.94789 19.4423 -0.010519 0.999671 -0.0234069 -1.00345 -0.948176 -0.00253748 0.317736 87.3225
0.282199 0.0253122 0.959021 20.3878 -0.0132422 0.999659 -0.0224882 -1.02727 -0.959264 -0.00635336 0.282439 87.5866
0.246473 0.025166 0.968822 21.3432 -0.0139282 0.999651 -0.0224234 -1.0513 -0.969049 -0.00796718 0.246738 87.8167
0.210915 0.0248855 0.977187 22.3108 -0.0131159 0.999658 -0.0226268 -1.07679 -0.977416 -0.00804434 0.211169 88.0156
0.175692 0.0237307 0.984159 23.2671 -0.0107915 0.999696 -0.0221789 -1.1053 -0.984386 -0.00672389 0.175895 88.1777
0.141082 0.0228812 0.989733 24.2359 -0.00234557 0.999738 -0.0227781 -1.13689 -0.989995 0.000892096 0.141099 88.3043
0.107717 0.0263404 0.993832 25.2192 0.000334169 0.999648 -0.0265308 -1.17 -0.994181 0.00318992 0.10767 88.3979
0.0757281 0.0311614 0.996641 26.2281 0.00180253 0.999505 -0.0313879 -1.20396 -0.997127 0.00417342 0.0756346 88.4608
0.0468048 0.034885 0.998294 27.2072 0.0088865 0.999336 -0.035338 -1.24563 -0.998864 0.0105253 0.0464638 88.4982
0.0214798 0.0331923 0.999218 28.19 0.0108437 0.999382 -0.0334309 -1.28628 -0.99971 0.0115533 0.0211067 88.5129
-0.000525991 0.030235 0.999542 29.2178 0.0127509 0.999461 -0.0302258 -1.32315 -0.999918 0.0127292 -0.000911132 88.5031
-0.0196592 0.0280267 0.999413 30.2375 0.0130436 0.999529 -0.0277734 -1.35786 -0.999722 0.0124899 -0.0200155 88.4858
-0.0358148 0.0310273 0.998876 31.2633 0.0148654 0.999424 -0.0305113 -1.39794 -0.999248 0.013756 -0.0362553 88.4396
-0.0503481 0.0352182 0.99811 32.2764 0.0179129 0.999249 -0.0343548 -1.4391 -0.998571 0.0161494 -0.0509411 88.3834
-0.0618975 0.0404375 0.997262 33.2994 0.0222962 0.998985 -0.0391236 -1.48128 -0.997833 0.0198135 -0.0627362 88.308
-0.0704655 0.0441696 0.996535 34.3348 0.0280034 0.998713 -0.042286 -1.52398 -0.997121 0.0249267 -0.0716116 88.2182
-0.0767677 0.0494598 0.995821 35.3346 0.0318495 0.99838 -0.0471317 -1.57885 -0.99654 0.0280982 -0.0782186 88.1432
-0.0803497 0.0542605 0.995288 36.36 0.0339752 0.998086 -0.0516702 -1.63361 -0.996187 0.0296634 -0.0820394 88.0535
-0.0831324 0.058529 0.994818 37.3849 0.0360349 0.997797 -0.0556931 -1.69245 -0.995887 0.0312182 -0.0850584 87.9607
-0.0858106 0.0616001 0.994405 38.4193 0.0361803 0.997621 -0.0586772 -1.75421 -0.995654 0.0309428 -0.0878352 87.8666
-0.088516 0.0652883 0.993932 39.4366 0.0370603 0.997374 -0.0622139 -1.82171 -0.995385 0.0313285 -0.0907031 87.7734
-0.0909228 0.0690542 0.99346 40.4733 0.0383758 0.997095 -0.0657947 -1.8927 -0.995118 0.0321426 -0.0933086 87.6797
-0.0935624 0.0706353 0.993104 41.5097 0.040723 0.996916 -0.0670699 -1.96482 -0.99478 0.034167 -0.0961503 87.5832
-0.0959703 0.0698131 0.992932 42.546 0.0407419 0.996977 -0.0661596 -2.03602 -0.99455 0.0341046 -0.0985244 87.4843
-0.098872 0.0698592 0.992644 43.6065 0.0398924 0.997009 -0.0661929 -2.10586 -0.9943 0.0330544 -0.101363 87.3915
-0.101531 0.0716997 0.992245 44.6681 0.039599 0.9969 -0.0679842 -2.17298 -0.994044 0.0323894 -0.104056 87.2927
-0.103158 0.0738877 0.991916 45.7341 0.0386594 0.996781 -0.0702296 -2.25274 -0.993913 0.0311022 -0.105682 87.167
-0.105111 0.0761764 0.991538 46.7997 0.0370582 0.996669 -0.0726422 -2.33513 -0.99377 0.0291091 -0.107583 87.0393
-0.106788 0.0797089 0.991081 47.8649 0.0348226 0.996469 -0.0763903 -2.42164 -0.993672 0.0263545 -0.109186 86.9101
-0.109125 0.0836026 0.990506 48.9157 0.0316874 0.996243 -0.0805958 -2.5151 -0.993523 0.0225916 -0.111364 86.8051
-0.111469 0.0862983 0.990013 50.0275 0.0289105 0.996082 -0.0835723 -2.59888 -0.993347 0.0193061 -0.113527 86.6686
-0.114093 0.0851415 0.989815 51.1204 0.02665 0.996224 -0.082621 -2.68612 -0.993112 0.0169521 -0.115932 86.5383
-0.116788 0.0812296 0.989829 52.2245 0.0232238 0.9966 -0.0790452 -2.77262 -0.992885 0.0137561 -0.118277 86.4033
-0.119208 0.0800136 0.98964 53.3233 0.0232797 0.996698 -0.0777802 -2.85944 -0.992596 0.0137665 -0.120677 86.2726
-0.121055 0.0806315 0.989365 54.421 0.0219934 0.996669 -0.0785358 -2.9471 -0.992402 0.0122523 -0.122426 86.1381
-0.122028 0.0835942 0.989 55.5251 0.0234514 0.996411 -0.0813272 -3.03653 -0.992249 0.0132693 -0.12355 85.9957
-0.122238 0.086465 0.988727 56.6275 0.0241649 0.996162 -0.0841277 -3.12978 -0.992206 0.0136089 -0.123858 85.8535
-0.122259 0.0874176 0.988641 57.7298 0.0229273 0.996096 -0.0852416 -3.22435 -0.992233 0.0122453 -0.123786 85.7115
-0.122048 0.0862441 0.98877 58.8469 0.0198578 0.99623 -0.0844438 -3.32212 -0.992325 0.00932856 -0.123301 85.5774
-0.122442 0.0858007 0.98876 59.9562 0.0160284 0.996297 -0.08447 -3.42163 -0.992346 0.00550553 -0.123364 85.4439
-0.122258 0.0870188 0.988676 61.0972 0.012195 0.996205 -0.0861736 -3.51999 -0.992423 0.00152144 -0.122856 85.296
-0.122693 0.0872003 0.988606 62.2067 0.00798442 0.996187 -0.0868781 -3.62218 -0.992412 -0.0027659 -0.122921 85.1668
-0.122865 0.0866956 0.988629 63.3414 0.00465774 0.996216 -0.0867822 -3.72324 -0.992412 -0.00605771 -0.122804 85.0235
-0.123224 0.0817052 0.989009 64.4682 0.00482575 0.996642 -0.0817346 -3.82047 -0.992367 -0.00529895 -0.123205 84.8858
-0.123878 0.0735651 0.989567 65.5905 0.0075884 0.997289 -0.0731893 -3.91073 -0.992268 -0.00155731 -0.1241 84.7514
-0.123989 0.0684264 0.989921 66.7288 0.0127018 0.997647 -0.0673696 -3.99797 -0.992202 0.00422067 -0.124567 84.606
-0.123866 0.0707402 0.989774 67.8445 0.0209412 0.99742 -0.068666 -4.08491 -0.992078 0.0122217 -0.125028 84.4679
-0.122727 0.0763028 0.989503 68.9879 0.026794 0.996931 -0.0735525 -4.17065 -0.992079 0.0174859 -0.124395 84.3125
-0.121748 0.0819405 0.989173 70.1319 0.0304121 0.996426 -0.0787983 -4.26264 -0.992095 0.0204893 -0.123805 84.1596
-0.120932 0.0862999 0.988902 71.2746 0.0312425 0.996051 -0.0831033 -4.36083 -0.992169 0.0208459 -0.12315 84.0119
-0.121104 0.0835147 0.98912 72.4298 0.0282194 0.996341 -0.0806694 -4.45749 -0.992238 0.0181429 -0.123018 83.8746
-0.122152 0.0794469 0.989326 73.5609 0.0270637 0.996687 -0.0766966 -4.55419 -0.992142 0.0174062 -0.123897 83.7669
-0.121585 0.0775332 0.989548 74.7553 0.0242947 0.996878 -0.0751226 -4.64393 -0.992284 0.014907 -0.123089 83.6034
-0.121494 0.0782596 0.989502 75.9142 0.0221968 0.996852 -0.0761156 -4.73673 -0.992344 0.0127162 -0.122848 83.4662
-0.121396 0.0833928 0.989094 77.082 0.0231272 0.996432 -0.081173 -4.83424 -0.992335 0.013021 -0.122891 83.3227
-0.12141 0.0859543 0.988873 78.242 0.0222907 0.996228 -0.0838569 -4.93431 -0.992352 0.0118616 -0.122868 83.1943
-0.120889 0.084979 0.989022 79.441 0.0220446 0.996313 -0.0829111 -5.03103 -0.992421 0.0117795 -0.122317 83.0354
-0.121363 0.0786069 0.98949 80.6011 0.0227356 0.996818 -0.0764005 -5.12903 -0.992348 0.0132245 -0.122764 82.9186
-0.122202 0.0772507 0.989494 81.7893 0.0215738 0.996937 -0.0751676 -5.22353 -0.992271 0.0121615 -0.123494 82.7795
-0.122333 0.0801609 0.989246 82.9773 0.0190876 0.996739 -0.0784077 -5.32231 -0.992306 0.00929047 -0.123464 82.6406
-0.122346 0.0832053 0.988993 84.182 0.0186173 0.996497 -0.0815335 -5.42181 -0.992313 0.00843713 -0.123466 82.4918
-0.122421 0.0827819 0.989019 85.3889 0.0176908 0.996539 -0.0812216 -5.52175 -0.99232 0.00755333 -0.123462 82.3419
-0.122049 0.0797737 0.989313 86.5969 0.0171776 0.996785 -0.0782572 -5.61912 -0.992375 0.00744278 -0.123027 82.1927
-0.121165 0.0790118 0.989482 87.8091 0.0177302 0.99684 -0.0774283 -5.71711 -0.992474 0.00816211 -0.122183 82.0436
-0.119882 0.079725 0.989581 89.0388 0.0193968 0.996768 -0.0779543 -5.81592 -0.992599 0.00984939 -0.121041 81.8905
-0.11912 0.0801941 0.989636 90.2561 0.0218056 0.996704 -0.0781423 -5.91465 -0.99264 0.0122713 -0.120476 81.7451
-0.118497 0.0798664 0.989737 91.469 0.0214681 0.996733 -0.0778608 -6.01599 -0.992722 0.0120215 -0.119824 81.6076
-0.117692 0.0806046 0.989773 92.6943 0.0227786 0.996657 -0.0784567 -6.11871 -0.992789 0.0133119 -0.119134 81.468
-0.116935 0.0789636 0.989995 93.9202 0.0230036 0.996782 -0.0767879 -6.22012 -0.992873 0.0137943 -0.118375 81.3283
-0.115982 0.0781983 0.990168 95.1713 0.0212857 0.996863 -0.0762338 -6.32024 -0.993023 0.0122347 -0.117282 81.1874
-0.115067 0.0777094 0.990313 96.3901 0.0225703 0.996882 -0.0756025 -6.42122 -0.993101 0.0136523 -0.116462 81.0516
-0.113286 0.0785993 0.990448 97.6464 0.02084 0.996835 -0.0767225 -6.52272 -0.993344 0.0119494 -0.114565 80.9069
-0.111817 0.0809456 0.990426 98.8818 0.0213538 0.996642 -0.0790429 -6.62797 -0.993499 0.0123111 -0.11317 80.7678
-0.110727 0.0796789 0.990651 100.137 0.0192115 0.996766 -0.0780235 -6.73338 -0.993665 0.0103925 -0.1119 80.6325
-0.111727 0.0786575 0.990621 101.396 0.0151224 0.996882 -0.0774491 -6.83589 -0.993624 0.00632748 -0.112568 80.5229
-0.112037 0.0795922 0.990511 102.651 0.0122907 0.996822 -0.0787092 -6.94103 -0.993628 0.00335572 -0.112659 80.3923
-0.112301 0.0788835 0.990538 103.907 0.0100136 0.996883 -0.0782536 -7.04692 -0.993623 0.00113094 -0.112741 80.2508
-0.11343 0.0764282 0.990601 105.169 0.00778315 0.997074 -0.0760364 -7.1499 -0.993515 -0.000914797 -0.113693 80.1108
-0.115411 0.0749475 0.990486 106.46 0.00573546 0.997183 -0.0747861 -7.25533 -0.993301 -0.00295027 -0.115516 79.9811
-0.116742 0.0745323 0.990361 107.754 0.00391732 0.997207 -0.0745858 -7.35649 -0.993154 -0.00482772 -0.116708 79.8361
-0.118658 0.0747926 0.990114 109.034 0.00407343 0.997187 -0.0748388 -7.46199 -0.992926 -0.00484705 -0.118629 79.69
-0.120796 0.0736109 0.989944 110.329 0.00386636 0.997274 -0.0736843 -7.56253 -0.992669 -0.00507328 -0.120751 79.5347
-0.123149 0.0687661 0.990002 111.576 0.00140803 0.997607 -0.0691193 -7.66698 -0.992387 -0.00711801 -0.122951 79.3738
-0.126574 0.0688153 0.989567 112.845 0.00116277 0.9976 -0.0692253 -7.7667 -0.991956 -0.0076115 -0.126351 79.2046
-0.131224 0.0743302 0.988562 114.112 -0.00376696 0.99714 -0.0754753 -7.8723 -0.991345 -0.013628 -0.130568 79.0346
-0.137752 0.0773127 0.987444 115.374 -0.00275977 0.996915 -0.0784393 -7.98052 -0.990462 -0.0135303 -0.137114 78.8584
-0.146876 0.0732307 0.98644 116.662 -0.00103343 0.997244 -0.0741867 -8.08582 -0.989154 -0.0119157 -0.146396 78.6683
-0.156838 0.0713144 0.985046 117.915 0.00103076 0.997401 -0.0720448 -8.18973 -0.987623 -0.010284 -0.156503 78.4601
-0.169692 0.0722942 0.982841 119.128 0.00114251 0.997319 -0.0731619 -8.29336 -0.985496 -0.0112921 -0.16932 78.2607
-0.183626 0.0725661 0.980313 120.354 0.00320128 0.99731 -0.0732247 -8.39592 -0.982991 -0.0103077 -0.183365 78.0386
-0.198388 0.0703931 0.977592 121.579 0.00371918 0.997464 -0.0710694 -8.50073 -0.980116 -0.0104635 -0.198147 77.8031
-0.213315 0.0731883 0.974238 122.821 0.0082094 0.997289 -0.0731226 -8.60132 -0.976949 -0.00760021 -0.213337 77.5203
-0.227972 0.076498 0.970657 124.014 0.00955184 0.997036 -0.0763337 -8.70985 -0.97362 -0.00813038 -0.228027 77.2361
-0.242342 0.0801647 0.966873 125.191 0.00984531 0.996732 -0.0801728 -8.8195 -0.970141 -0.00991005 -0.242339 76.9318
-0.258073 0.0781277 0.962961 126.404 0.00683974 0.996847 -0.0790441 -8.92743 -0.966101 -0.0138127 -0.257793 76.6129
-0.274237 0.0723013 0.95894 127.617 0.00151368 0.997201 -0.0747533 -9.03682 -0.961661 -0.0190486 -0.273579 76.2867
-0.289609 0.0681523 0.954715 128.815 -0.00213992 0.997413 -0.0718495 -9.14375 -0.957142 -0.0228513 -0.288714 75.9339
-0.30445 0.0693559 0.949999 129.998 -0.00369193 0.997252 -0.0739889 -9.249 -0.952521 -0.0260333 -0.303357 75.5653
-0.31854 0.071311 0.945222 131.176 -0.00354407 0.997069 -0.0764169 -9.35269 -0.947902 -0.0276918 -0.317354 75.1744
-0.332334 0.0736383 0.940282 132.347 -0.00155538 0.996903 -0.0786224 -9.45866 -0.94316 -0.0275914 -0.33119 74.7663
-0.34603 0.0737356 0.935321 133.515 0.000741802 0.996928 -0.078318 -9.56206 -0.938223 -0.0264065 -0.345022 74.3321
-0.360118 0.0718075 0.930139 134.654 0.000659594 0.997052 -0.076718 -9.66942 -0.932906 -0.027014 -0.359104 73.9015
-0.374132 0.0705873 0.924685 135.8 0.000724806 0.997121 -0.0758237 -9.77418 -0.927375 -0.0276978 -0.373106 73.4357
-0.388402 0.0719405 0.918677 136.943 -0.000482426 0.996932 -0.0782726 -9.87858 -0.92149 -0.0308444 -0.387176 72.9506
-0.403003 0.0742014 0.912185 138.055 0.000680209 0.996732 -0.0807784 -9.98356 -0.915198 -0.0319334 -0.401736 72.465
-0.417491 0.0758944 0.905505 139.15 0.00198622 0.99658 -0.0826121 -10.0923 -0.908678 -0.0326913 -0.416214 71.9696
-0.43169 0.0785638 0.898594 140.254 0.00479005 0.996385 -0.0848125 -10.203 -0.902009 -0.0323084 -0.430506 71.4404
-0.446112 0.0818927 0.891222 141.361 0.00470238 0.996005 -0.0891672 -10.3173 -0.894964 -0.0355877 -0.444715 70.8876
-0.46071 0.0841906 0.883548 142.467 0.00618104 0.995771 -0.091661 -10.4331 -0.887529 -0.036768 -0.459283 70.3101
-0.475708 0.0816829 0.875802 143.556 0.00491908 0.99591 -0.0902132 -10.5477 -0.879589 -0.038607 -0.474164 69.7228
-0.491363 0.077577 0.867493 144.634 0.00235203 0.99614 -0.0877493 -10.6612 -0.870952 -0.0410764 -0.489648 69.1187
-0.507091 0.077809 0.858373 145.717 0.00230639 0.996036 -0.0889253 -10.7761 -0.861889 -0.0431135 -0.50526 68.4862
-0.522615 0.0770205 0.849082 146.817 0.00118919 0.995976 -0.0896133 -10.8907 -0.852568 -0.0458235 -0.520603 67.8231
-0.537844 0.0759863 0.839612 147.837 0.00106814 0.99599 -0.0894546 -11.0116 -0.843044 -0.0472158 -0.535768 67.1619
-0.553116 0.0754761 0.829677 148.884 4.37577e-05 0.99589 -0.0905675 -11.1331 -0.833104 -0.0500581 -0.550846 66.4711
-0.568108 0.0749336 0.819535 149.934 1.49689e-05 0.995847 -0.0910443 -11.2536 -0.822954 -0.0517108 -0.56575 65.7516
-0.58303 0.0724905 0.809209 150.978 -0.000139627 0.996002 -0.0893244 -11.3717 -0.81245 -0.0521918 -0.580689 65.0092
-0.597295 0.0694288 0.79901 151.997 0.000455211 0.996275 -0.0862297 -11.4883 -0.802021 -0.0511409 -0.595102 64.2474
-0.611772 0.0678413 0.788119 152.983 0.00134227 0.996403 -0.0847286 -11.606 -0.791032 -0.0507768 -0.609663 63.4913
-0.625602 0.0666157 0.777292 153.992 0.000962334 0.996413 -0.0846204 -11.7185 -0.780141 -0.0521907 -0.623422 62.6777
-0.639422 0.0681212 0.765831 154.994 0.000201951 0.996082 -0.0884337 -11.8338 -0.768855 -0.0563918 -0.636931 61.8304
-0.653988 0.0676304 0.753475 155.979 -0.00198272 0.995839 -0.0911056 -11.9482 -0.756501 -0.061076 -0.651133 60.9783
-0.669315 0.0650327 0.740126 156.935 -0.00320098 0.9959 -0.0904016 -12.0659 -0.742971 -0.0628763 -0.666363 60.1225
-0.6851 0.0581752 0.726121 157.881 -0.00614549 0.996309 -0.0856205 -12.1842 -0.728422 -0.063121 -0.682214 59.2378
-0.700816 0.056498 0.7111 158.783 -0.00591859 0.996364 -0.0849956 -12.3052 -0.713317 -0.063775 -0.697933 58.3341
-0.717973 0.0534378 0.694016 159.693 -0.00776881 0.996371 -0.0847556 -12.4238 -0.696027 -0.066244 -0.714953 57.412
-0.73516 0.0499803 0.676048 160.587 -0.0102634 0.996343 -0.0848208 -12.5428 -0.677816 -0.0692955 -0.731959 56.4575
-0.751672 0.0482358 0.65777 161.457 -0.00957963 0.996418 -0.0840169 -12.6607 -0.659467 -0.0694544 -0.748518 55.4811
-0.767116 0.0506889 0.639502 162.279 -0.00680517 0.996174 -0.0871231 -12.784 -0.641472 -0.0711854 -0.763836 54.4898
-0.781912 0.0502795 0.621356 163.101 -0.00306773 0.996419 -0.0844898 -12.9037 -0.62338 -0.0679698 -0.778959 53.4508
-0.796193 0.0521138 0.602793 163.89 0.00158454 0.99646 -0.084055 -13.0262 -0.60504 -0.0659689 -0.793457 52.4067
-0.810284 0.0533504 0.583602 164.658 0.00360431 0.996282 -0.0860716 -13.1498 -0.586025 -0.0676391 -0.807464 51.3338
-0.824302 0.0551827 0.563453 165.388 0.00511933 0.995924 -0.0900483 -13.275 -0.566126 -0.0713426 -0.821225 50.2952
-0.837088 0.0562095 0.544171 166.102 0.00875224 0.995956 -0.0894128 -13.4035 -0.546997 -0.0700838 -0.834195 49.1975
-0.848877 0.0548585 0.525734 166.79 0.0107541 0.996186 -0.0865845 -13.5293 -0.52848 -0.0678458 -0.84623 48.0884
-0.85941 0.0570102 0.508097 167.452 0.0141427 0.996034 -0.0878372 -13.6567 -0.51109 -0.0683023 -0.856808 46.9644
-0.869135 0.0601153 0.490907 168.093 0.0174532 0.995695 -0.0910304 -13.7819 -0.494266 -0.0705498 -0.866443 45.8387
-0.878563 0.0580979 0.474078 168.719 0.0160553 0.995606 -0.092257 -13.9089 -0.477355 -0.0734422 -0.875636 44.7122
-0.887177 0.0554278 0.458087 169.33 0.0150497 0.995707 -0.0913322 -14.0356 -0.461183 -0.0741338 -0.884202 43.5622
-0.894675 0.0533462 0.443519 169.921 0.0140874 0.995719 -0.0913472 -14.1624 -0.446494 -0.0754781 -0.891597 42.4023
-0.901579 0.0514725 0.429539 170.506 0.0137062 0.995797 -0.0905597 -14.293 -0.432395 -0.0757594 -0.898495 41.2176
-0.908136 0.0487008 0.415832 171.073 0.0123884 0.995902 -0.0895816 -14.4222 -0.418491 -0.0762008 -0.905018 40.0241
-0.914129 0.0439952 0.403028 171.624 0.010171 0.99627 -0.0856853 -14.546 -0.405295 -0.0742282 -0.911167 38.8222
-0.919626 0.0406144 0.390688 172.177 0.00902334 0.996562 -0.0823592 -14.6653 -0.39269 -0.0722144 -0.916831 37.5985
-0.924131 0.0414494 0.37982 172.689 0.0123288 0.996815 -0.0787848 -14.7823 -0.381877 -0.0681247 -0.921699 36.3879
-0.927579 0.0450367 0.370902 173.193 0.0162564 0.996633 -0.080361 -14.9022 -0.373272 -0.0685117 -0.925188 35.1666
-0.929261 0.0504969 0.365954 173.62 0.0221918 0.996455 -0.0811468 -15.0289 -0.368754 -0.0672854 -0.927088 33.9614
-0.930461 0.0540722 0.362376 174.081 0.0255753 0.996222 -0.0829835 -15.1518 -0.365495 -0.0679451 -0.92833 32.6936
-0.932282 0.0513682 0.358066 174.55 0.0235341 0.996382 -0.0816666 -15.2707 -0.360965 -0.0677096 -0.930118 31.468
-0.934185 0.0437747 0.354093 175.026 0.0171749 0.996812 -0.0779193 -15.3863 -0.356375 -0.0667096 -0.931958 30.2325
-0.936052 0.037797 0.349825 175.495 0.0118683 0.997039 -0.0759688 -15.4994 -0.351661 -0.066959 -0.933729 28.9946
-0.937716 0.0315383 0.345966 175.96 0.00517701 0.997028 -0.0768574 -15.6139 -0.347362 -0.0702794 -0.935093 27.7549
-0.938808 0.0295651 0.343167 176.413 0.00245559 0.996858 -0.0791655 -15.7288 -0.344429 -0.0734786 -0.935932 26.5153
-0.939541 0.0303272 0.34109 176.856 0.00264097 0.996682 -0.0813434 -15.8467 -0.342425 -0.0755246 -0.936504 25.3042
-0.939827 0.0309895 0.340241 177.314 0.00281557 0.996546 -0.0829894 -15.9677 -0.341637 -0.0770378 -0.936669 24.0631
-0.93979 0.0338679 0.340069 177.764 0.00534405 0.996412 -0.0844655 -16.0885 -0.34171 -0.0775625 -0.936599 22.8335
-0.939423 0.0354829 0.340917 178.21 0.00642409 0.996275 -0.085991 -16.2103 -0.342699 -0.0785919 -0.936152 21.6219
-0.939055 0.0366458 0.341805 178.664 0.0069179 0.996115 -0.0877902 -16.3356 -0.343695 -0.0800753 -0.935661 20.3947
-0.938379 0.0381065 0.3435 179.117 0.00836734 0.996116 -0.0876472 -16.4583 -0.345506 -0.0793722 -0.935054 19.1673
-0.93715 0.0386291 0.346779 179.569 0.00865388 0.99612 -0.0875754 -16.5824 -0.348817 -0.0790704 -0.933849 17.9189
-0.935744 0.0376918 0.350659 180.027 0.00730459 0.996131 -0.0875802 -16.7071 -0.352604 -0.0793912 -0.932398 16.7
-0.93424 0.0363859 0.354781 180.498 0.00642066 0.996337 -0.0852757 -16.8303 -0.356585 -0.0773901 -0.931052 15.4937
-0.932194 0.034395 0.360319 180.979 0.00482582 0.996567 -0.0826443 -16.9496 -0.361925 -0.0753018 -0.92916 14.2761
-0.92965 0.0322649 0.367026 181.458 0.00305418 0.996799 -0.0798918 -17.0664 -0.368429 -0.0731506 -0.926773 13.0723
-0.92675 0.0349884 0.374043 181.956 0.00546484 0.996804 -0.0797023 -17.1808 -0.375637 -0.0718201 -0.92398 11.8505
-0.923273 0.0355726 0.382491 182.452 0.00534216 0.996796 -0.0798094 -17.2973 -0.384105 -0.0716427 -0.920505 10.6494
-0.919105 0.0388969 0.392087 182.972 0.00702085 0.996574 -0.0824072 -17.4104 -0.393949 -0.0729881 -0.916229 9.43485
-0.914549 0.0407662 0.402413 183.495 0.0084392 0.996614 -0.0817821 -17.5225 -0.404385 -0.0713978 -0.911798 8.24132
-0.90928 0.042911 0.413965 184.034 0.0089499 0.996456 -0.0836329 -17.6373 -0.416087 -0.0723408 -0.906442 7.05477
-0.90298 0.0455392 0.427261 184.598 0.00991094 0.99631 -0.0852451 -17.7514 -0.429567 -0.0727401 -0.9001 5.85229
-0.896633 0.0481446 0.440147 185.171 0.0113058 0.996236 -0.0859401 -17.8668 -0.442628 -0.0720806 -0.893803 4.68235
-0.88981 0.0480731 0.453791 185.769 0.0110487 0.996413 -0.0838922 -17.981 -0.456197 -0.0696343 -0.88715 3.49739
-0.882662 0.0511397 0.467217 186.379 0.012775 0.996306 -0.0849174 -18.1005 -0.469834 -0.0689847 -0.880055 2.33009
-0.875123 0.0539511 0.480882 187.007 0.0151663 0.996335 -0.0841807 -18.2189 -0.483661 -0.0663754 -0.872735 1.17243
-0.867222 0.0563903 0.494718 187.648 0.017864 0.99645 -0.0822655 -18.3389 -0.497601 -0.0625048 -0.865151 0.0348811
-0.859042 0.0581773 0.508588 188.325 0.0202068 0.9966 -0.0798704 -18.4594 -0.511506 -0.0583351 -0.857297 -1.09778
-0.850356 0.0611492 0.522642 189.004 0.0235125 0.996648 -0.0783526 -18.5761 -0.525682 -0.054339 -0.848944 -2.20524
-0.840718 0.0647926 0.537582 189.693 0.0273966 0.996633 -0.0772752 -18.687 -0.540779 -0.0502388 -0.839663 -3.28261
-0.830253 0.0658639 0.55348 190.372 0.0276173 0.996635 -0.0771717 -18.8088 -0.556701 -0.0487864 -0.829279 -4.31494
-0.818899 0.068768 0.569802 191.098 0.0307801 0.996629 -0.0760449 -18.9239 -0.573111 -0.0447346 -0.818256 -5.35885
-0.806906 0.0699444 0.586524 191.858 0.0320186 0.996684 -0.0748076 -19.0387 -0.589811 -0.041583 -0.806469 -6.41095
-0.79362 0.0719506 0.604144 192.641 0.0326752 0.99659 -0.0757661 -19.1513 -0.607536 -0.040389 -0.793265 -7.4675
-0.781083 0.074743 0.619938 193.417 0.0345302 0.996461 -0.0766328 -19.2509 -0.623471 -0.03845 -0.7809 -8.43249
-0.768045 0.076207 0.635844 194.212 0.0362139 0.996474 -0.0756859 -19.3499 -0.63937 -0.0351039 -0.768097 -9.38069
-0.753653 0.0781225 0.652612 195.016 0.0374154 0.9964 -0.0760683 -19.4497 -0.656205 -0.0329115 -0.753864 -10.3075
-0.737794 0.0805933 0.670197 195.883 0.0380111 0.996232 -0.0779552 -19.5557 -0.673954 -0.03204 -0.738078 -11.2234
-0.718494 0.0834392 0.690509 196.707 0.0381089 0.996009 -0.0807018 -19.6682 -0.694487 -0.0316693 -0.718807 -12.1375
-0.700311 0.0843409 0.708837 197.573 0.0374316 0.995968 -0.081524 -19.7809 -0.712855 -0.0305593 -0.700645 -13.0022
-0.680748 0.0843742 0.727641 198.457 0.0359577 0.995995 -0.0818511 -19.8931 -0.731634 -0.0295557 -0.681056 -13.8451
-0.660653 0.0841225 0.745963 199.361 0.033794 0.996027 -0.0823931 -20.0047 -0.74993 -0.0292242 -0.660871 -14.6464
-0.640373 0.0840496 0.763451 200.282 0.0315269 0.996033 -0.0832107 -20.1257 -0.767416 -0.0292166 -0.640483 -15.4207
-0.619758 0.084303 0.780251 201.241 0.0287032 0.995983 -0.084813 -20.2301 -0.784267 -0.0301679 -0.619689 -16.1735
-0.59833 0.0846403 0.796766 202.212 0.0270943 0.995973 -0.0854558 -20.3383 -0.800791 -0.029543 -0.598215 -16.9052
-0.574714 0.084984 0.813929 203.183 0.0266292 0.996008 -0.0851925 -20.4501 -0.81792 -0.0272872 -0.574684 -17.6114
-0.550968 0.0856052 0.830123 204.176 0.0258053 0.995996 -0.0855833 -20.5642 -0.834127 -0.0257321 -0.550972 -18.2629
-0.524135 0.0887976 0.846993 205.192 0.0273855 0.995792 -0.0874509 -20.6815 -0.851194 -0.0226408 -0.524361 -18.9225
-0.497184 0.0893616 0.863031 206.22 0.0266509 0.995785 -0.0877543 -20.7983 -0.867235 -0.0206295 -0.49747 -19.5239
-0.468943 0.0885901 0.878774 207.286 0.0252296 0.995894 -0.0869339 -20.9197 -0.882868 -0.018596 -0.469253 -20.1158
-0.440296 0.0864482 0.893681 208.362 0.0236539 0.996125 -0.0847042 -21.037 -0.897541 -0.0161559 -0.440635 -20.6677
-0.409954 0.0878761 0.907863 209.437 0.0233307 0.996032 -0.0858753 -21.1506 -0.911808 -0.0140238 -0.410378 -21.1689
-0.379709 0.0877476 0.920934 210.541 0.0207409 0.996048 -0.0863531 -21.2714 -0.924873 -0.0136881 -0.380029 -21.631
-0.348132 0.0889776 0.933213 211.652 0.0219162 0.995985 -0.086787 -21.3914 -0.937189 -0.00976088 -0.348684 -22.0522
-0.316372 0.0892406 0.944428 212.788 0.0233524 0.995996 -0.0862907 -21.5084 -0.948348 -0.00524528 -0.317189 -22.4358
-0.282784 0.0888734 0.955057 213.953 0.0218148 0.996036 -0.0862277 -21.6217 -0.958935 -0.00354945 -0.283602 -22.8091
-0.248982 0.0878359 0.964516 215.094 0.0228081 0.996134 -0.0848276 -21.7353 -0.968239 0.000878187 -0.250023 -23.1114
-0.214094 0.0858352 0.973034 216.27 0.0218333 0.996303 -0.0830841 -21.8484 -0.976569 0.00345671 -0.215176 -23.3886
-0.178885 0.0846293 0.980223 217.446 0.0218072 0.99639 -0.0820455 -21.9593 -0.983628 0.00669918 -0.180084 -23.6218
-0.143667 0.0842838 0.98603 218.641 0.0213012 0.996399 -0.0820665 -22.0663 -0.989397 0.00921343 -0.144945 -23.8117
-0.108315 0.0841324 0.99055 219.826 0.0208394 0.996385 -0.0823494 -22.171 -0.993898 0.0117228 -0.109677 -23.9513
-0.072506 0.0843089 0.993798 221.016 0.0198097 0.996346 -0.0830799 -22.2759 -0.997171 0.013663 -0.0739112 -24.0524
-0.0372443 0.084991 0.995685 222.224 0.0170753 0.996285 -0.0844037 -22.3825 -0.99916 0.0138581 -0.0385572 -24.1125
-0.00226762 0.0846955 0.996404 223.427 0.0152613 0.996293 -0.0846515 -22.4888 -0.999881 0.0150145 -0.00355175 -24.1331
0.0317691 0.0842335 0.995939 224.631 0.0125063 0.996331 -0.0846657 -22.5968 -0.999417 0.0151452 0.0305991 -24.111
0.0652904 0.0848657 0.99425 225.83 0.0101419 0.996269 -0.0857041 -22.7057 -0.997815 0.0156792 0.0641861 -24.0479
0.0989261 0.0847516 0.991479 227.044 0.0102969 0.996226 -0.0861849 -22.8172 -0.995041 0.0187351 0.0976802 -23.9541
0.13097 0.0826269 0.987936 228.22 0.0100746 0.996358 -0.084667 -22.9271 -0.991335 0.0210419 0.129661 -23.8076
0.16126 0.0814503 0.983545 229.385 0.0107421 0.996384 -0.0842749 -23.035 -0.986853 0.0241555 0.159802 -23.6125
0.192204 0.0809153 0.978013 230.611 0.0110416 0.996353 -0.0846027 -23.1585 -0.981293 0.0270598 0.19061 -23.4021
0.222861 0.0796949 0.971587 231.8 0.0126886 0.996331 -0.0846351 -23.2815 -0.974768 0.0311899 0.221032 -23.1521
0.252825 0.0780825 0.964355 232.953 0.0148066 0.996309 -0.0845517 -23.3974 -0.967398 0.0356556 0.250736 -22.8581
0.28293 0.0758896 0.956133 234.123 0.0165786 0.996329 -0.0839859 -23.515 -0.958997 0.0396135 0.280634 -22.5303
0.313119 0.0740622 0.946821 235.288 0.0179827 0.996313 -0.0838807 -23.6306 -0.949543 0.0432911 0.310633 -22.1685
0.342544 0.0730829 0.936654 236.43 0.020014 0.996176 -0.0850465 -23.7435 -0.939288 0.0478784 0.339772 -21.7678
0.370771 0.0720147 0.925927 237.541 0.0203893 0.996117 -0.0856385 -23.8541 -0.9285 0.0506314 0.367864 -21.3291
0.398523 0.0702137 0.914466 238.659 0.02006 0.996159 -0.0852284 -23.9671 -0.916939 0.0523097 0.395584 -20.8541
0.425583 0.0692341 0.902267 239.754 0.0192122 0.996153 -0.0855004 -24.081 -0.904715 0.053722 0.422615 -20.3383
0.453466 0.0701652 0.888507 240.855 0.0195809 0.995871 -0.0886373 -24.1948 -0.891059 0.0575917 0.45022 -19.7865
0.481205 0.0707983 0.873744 241.939 0.0203421 0.995563 -0.0918725 -24.3136 -0.876372 0.0619834 0.47763 -19.2114
0.508329 0.0686919 0.858418 243.004 0.0211674 0.995515 -0.0921975 -24.4323 -0.860902 0.0650372 0.504596 -18.6022
0.533874 0.0657228 0.843005 244.019 0.0212825 0.995614 -0.0910988 -24.5575 -0.845296 0.0665765 0.530134 -17.9555
0.55807 0.0633169 0.827374 245.036 0.0202219 0.99575 -0.0898423 -24.6811 -0.829547 0.0668695 0.554419 -17.2673
0.580154 0.0634321 0.812033 246.045 0.0178411 0.995734 -0.0905286 -24.8056 -0.814311 0.0670081 0.576547 -16.5298
0.600242 0.0630174 0.797331 247.046 0.0161548 0.995732 -0.0908597 -24.9292 -0.799655 0.0674185 0.596663 -15.7615
0.619174 0.0613461 0.782854 248.025 0.0150057 0.995837 -0.0899043 -25.0527 -0.785111 0.0674136 0.615676 -14.9853
0.637134 0.0587059 0.768513 248.99 0.014471 0.996008 -0.0880812 -25.1729 -0.770617 0.0672407 0.633742 -14.1897
0.654266 0.0551795 0.754248 249.973 0.0153631 0.996159 -0.086204 -25.2948 -0.756108 0.067988 0.650905 -13.3568
0.670414 0.0524649 0.740129 250.912 0.0158154 0.99626 -0.0849469 -25.4108 -0.741818 0.0686551 0.667077 -12.5216
0.685948 0.0499744 0.725931 251.818 0.016998 0.996266 -0.0846467 -25.5282 -0.727452 0.0704026 0.682538 -11.687
0.701041 0.0491827 0.711422 252.725 0.0163335 0.996249 -0.084969 -25.6458 -0.712933 0.0711868 0.697609 -10.8162
0.715617 0.04773 0.696859 253.604 0.0163853 0.99624 -0.085062 -25.7604 -0.6983 0.0722901 0.712146 -9.9202
0.730284 0.0452627 0.681642 254.488 0.015713 0.996425 -0.0829995 -25.8696 -0.682963 0.0713238 0.726963 -9.00562
0.744364 0.042727 0.666405 255.353 0.0155993 0.996565 -0.0813199 -25.9768 -0.667591 0.0709271 0.741142 -8.07261
0.758563 0.0409829 0.650309 256.227 0.0153846 0.996615 -0.080753 -26.0874 -0.651418 0.071261 0.755365 -7.09561
0.771865 0.0397513 0.634542 257.031 0.0161304 0.996497 -0.0820476 -26.2089 -0.635582 0.0735651 0.768521 -6.13791
0.783796 0.0385702 0.619818 257.831 0.0160537 0.996477 -0.0823099 -26.3289 -0.62081 0.0744646 0.780417 -5.13388
0.794899 0.0375763 0.605577 258.615 0.0151679 0.996537 -0.0817455 -26.4471 -0.606552 0.0741647 0.791577 -4.10831
0.804301 0.0351709 0.59318 259.32 0.015083 0.996716 -0.0795489 -26.5607 -0.59403 0.0729282 0.80113 -3.07474
0.81312 0.0325818 0.581182 260.016 0.0161464 0.996785 -0.0784714 -26.6742 -0.581871 0.0731907 0.809982 -2.02163
0.821921 0.0324997 0.568672 260.739 0.0153113 0.996749 -0.0790946 -26.7839 -0.569395 0.0737167 0.818753 -0.93461
0.8302 0.0299571 0.556659 261.453 0.0186059 0.996509 -0.0813771 -26.8914 -0.557154 0.0779164 0.826746 0.146734
0.837961 0.0283215 0.544993 262.152 0.0189354 0.996542 -0.0809016 -26.9983 -0.5454 0.0781121 0.834529 1.23767
0.845056 0.0244888 0.534116 262.841 0.0217397 0.99655 -0.0800871 -27.1126 -0.534235 0.0792896 0.84161 2.3237
0.851174 0.0224977 0.524401 263.515 0.0230473 0.996515 -0.0801615 -27.2251 -0.524377 0.0803173 0.84769 3.44167
0.856199 0.0209853 0.516218 264.193 0.0234938 0.996559 -0.0794793 -27.337 -0.51611 0.080178 0.852762 4.5762
0.859676 0.0204176 0.51043 264.864 0.022567 0.996707 -0.0778771 -27.4499 -0.51034 0.0784679 0.856386 5.7281
0.862334 0.0194038 0.505967 265.536 0.0224191 0.996822 -0.0764378 -27.5645 -0.505843 0.0772582 0.859159 6.88597
0.864565 0.0191087 0.502156 266.195 0.0222985 0.996833 -0.0763245 -27.6755 -0.502025 0.0771848 0.861402 8.03281
0.866616 0.0183749 0.498636 266.851 0.0223525 0.996888 -0.0755842 -27.7893 -0.498473 0.0766482 0.86351 9.17251
0.868427 0.0164467 0.495542 267.504 0.0230114 0.997035 -0.0734183 -27.9033 -0.495281 0.0751616 0.865476 10.3176
0.870309 0.0149392 0.492278 268.161 0.024086 0.997052 -0.07284 -28.0123 -0.491915 0.0752503 0.867386 11.4777
0.872295 0.0144939 0.488764 268.814 0.0244762 0.997013 -0.0732485 -28.122 -0.488366 0.0758573 0.869336 12.6406
0.874146 0.0129391 0.485489 269.465 0.025499 0.997043 -0.0724854 -28.2316 -0.484992 0.0757423 0.871233 13.8159
0.875916 0.0140356 0.482258 270.114 0.0240079 0.99707 -0.072624 -28.3396 -0.481864 0.0751905 0.873014 15.0007
0.87767 0.0146962 0.479038 270.758 0.0230015 0.997086 -0.0727316 -28.4478 -0.478711 0.0748529 0.874776 16.1878
0.879302 0.0152577 0.476019 271.398 0.0219655 0.997123 -0.0725355 -28.5561 -0.475757 0.0742366 0.876439 17.3781
0.880244 0.0168609 0.47422 272.036 0.0200992 0.997146 -0.072762 -28.6648 -0.474093 0.0735798 0.877395 18.5696
0.880695 0.0193509 0.473288 272.674 0.0170012 0.99723 -0.0724089 -28.7761 -0.473378 0.0718165 0.877927 19.7856
0.881017 0.0192092 0.472693 273.303 0.0169158 0.997257 -0.0720547 -28.8963 -0.472781 0.0714774 0.878277 20.9618
0.881607 0.0212937 0.471502 273.952 0.014977 0.997216 -0.0730398 -29.007 -0.471744 0.0714541 0.878836 22.1786
0.882222 0.0221263 0.470311 274.594 0.0146615 0.997119 -0.0744134 -29.1204 -0.470603 0.0725447 0.879358 23.3811
0.882541 0.0230218 0.469669 275.241 0.0143255 0.99702 -0.0757897 -29.2295 -0.470015 0.0736158 0.879584 24.6035
