1 0 0 0 0 1 0 0 0 0 1 0
0.999999 -0.000912268 -0.00138699 0.0087929 0.000910357 0.999999 -0.00137842 -0.0399415 0.00138824 0.00137716 0.999998 0.963043
0.999991 -0.0038779 -0.00188175 0.0255659 0.0038736 0.99999 -0.00228414 -0.0379258 0.00189059 0.00227683 0.999996 1.92155
0.999981 -0.00575121 -0.00233191 0.0299574 0.00575503 0.999982 0.00163733 -0.0342376 0.00232245 -0.00165071 0.999996 2.89259
0.999955 -0.00808582 -0.00497847 0.0566349 0.00812383 0.999938 0.00766212 -0.0329803 0.0049162 -0.00770222 0.999958 3.85758
0.999909 -0.0116964 -0.00672769 0.0544333 0.011748 0.999902 0.00767454 -0.0272842 0.00663726 -0.00775288 0.999948 4.82829
0.999866 -0.0143713 -0.00789575 0.0474474 0.0144095 0.999885 0.00479867 -0.0181527 0.00782587 -0.0049118 0.999957 5.80636
0.999841 -0.0150729 -0.0095099 0.04832 0.0150872 0.999885 0.00143156 -0.0159762 0.00948723 -0.00157481 0.999954 6.75371
0.999831 -0.0147489 -0.0109789 0.0413591 0.014759 0.999891 0.000838548 -0.0113439 0.0109653 -0.00100044 0.999939 7.71423
0.99981 -0.0145634 -0.0129614 0.0367603 0.0145967 0.99989 0.00247194 -0.00469206 0.012924 -0.00266067 0.999913 8.66835
0.999789 -0.0142471 -0.0147724 0.0310661 0.014322 0.999885 0.00497989 0.003385 0.0146997 -0.00519042 0.999878 9.62281
0.999763 -0.0144036 -0.0163586 0.0196194 0.0145093 0.999874 0.00635667 0.00939536 0.016265 -0.00659251 0.999846 10.5798
0.999721 -0.015844 -0.0175453 0.0120653 0.0159728 0.999846 0.00722417 0.013929 0.0174281 -0.0075024 0.99982 11.5164
0.999694 -0.0159825 -0.0188965 -0.00100475 0.0161222 0.999844 0.00726213 0.0192739 0.0187774 -0.00756455 0.999795 12.4548
0.999667 -0.0164212 -0.0199258 -0.0159716 0.0165437 0.999845 0.00600024 0.0234032 0.0198242 -0.00632789 0.999784 13.3877
0.999622 -0.0169321 -0.0216658 -0.0349325 0.017022 0.999847 0.00397029 0.0297868 0.0215953 -0.00433758 0.999757 14.3367
0.999556 -0.0182366 -0.0235728 -0.0508774 0.018304 0.999829 0.00264697 0.0338931 0.0235205 -0.00307727 0.999719 15.2706
0.999506 -0.0179977 -0.0257666 -0.0690676 0.018053 0.999835 0.00191517 0.0374073 0.0257279 -0.00237939 0.999666 16.2042
0.999475 -0.0167055 -0.0277822 -0.092863 0.0167407 0.999859 0.00103275 0.0387823 0.027761 -0.0014973 0.999614 17.1193
0.999436 -0.0152872 -0.0299083 -0.11784 0.0153259 0.999882 0.0010661 0.038544 0.0298885 -0.00152387 0.999552 18.0247
0.999365 -0.0157849 -0.0319384 -0.142725 0.015857 0.999872 0.00200468 0.0392319 0.0319027 -0.00250985 0.999488 18.9336
0.999318 -0.0152324 -0.0336479 -0.17588 0.0153579 0.999876 0.00347341 0.0397325 0.0335908 -0.0039878 0.999428 19.8503
0.999266 -0.0150912 -0.035202 -0.21271 0.0152544 0.999874 0.00437072 0.0381062 0.0351316 -0.0049045 0.999371 20.7493
0.999193 -0.0160462 -0.0368178 -0.248722 0.0162207 0.999858 0.0044472 0.0380225 0.0367413 -0.00504082 0.999312 21.6442
0.999132 -0.0162414 -0.0383725 -0.288593 0.016414 0.999856 0.00418502 0.0391202 0.038299 -0.00481123 0.999255 22.5487
0.999132 -0.0158471 -0.038535 -0.347468 0.0160345 0.999861 0.00456009 0.0423161 0.0384574 -0.00517402 0.999247 23.4169
0.999109 -0.0154352 -0.0392771 -0.392859 0.0157026 0.999855 0.00650997 0.0467638 0.0391709 -0.00712092 0.999207 24.2975
0.99906 -0.0164762 -0.0401028 -0.427818 0.0168485 0.999818 0.00896389 0.0548283 0.0399478 -0.00963113 0.999155 25.1721
0.999035 -0.0165447 -0.0406844 -0.466166 0.0169748 0.999803 0.0102498 0.0631631 0.0405068 -0.0109306 0.99912 26.0326
0.998964 -0.0164636 -0.0424288 -0.490438 0.0168646 0.999816 0.00911051 0.0699257 0.042271 -0.00981662 0.999058 26.897
0.998902 -0.0151584 -0.0443328 -0.516129 0.0154719 0.999857 0.006736 0.0731382 0.0442244 -0.00741451 0.998994 27.7344
0.998858 -0.0149196 -0.0453889 -0.552302 0.0151633 0.999872 0.0050309 0.0793656 0.045308 -0.0057134 0.998957 28.5585
0.998807 -0.0140286 -0.0467818 -0.586858 0.0142622 0.999887 0.00466345 0.0853201 0.0467111 -0.0053251 0.998894 29.3869
0.998743 -0.0142007 -0.0480721 -0.627003 0.0144087 0.999888 0.00398285 0.0887006 0.0480102 -0.00467051 0.998836 30.1897
0.998657 -0.0138317 -0.0499404 -0.669654 0.0140028 0.999897 0.00307792 0.0904157 0.0498927 -0.0037731 0.998748 30.9873
0.998586 -0.0133621 -0.0514477 -0.719691 0.0135416 0.999903 0.00314025 0.0922625 0.0514008 -0.00383249 0.998671 31.7683
0.998481 -0.0130037 -0.0535429 -0.760757 0.013251 0.999903 0.00426645 0.0988936 0.0534822 -0.00496947 0.998557 32.5648
0.99839 -0.0129599 -0.0552203 -0.814477 0.0133422 0.999889 0.0065595 0.101502 0.0551292 -0.0072857 0.998453 33.3212
0.998307 -0.0117548 -0.0569641 -0.865426 0.0122308 0.999893 0.00801526 0.106686 0.0568638 -0.00869841 0.998344 34.0872
0.998228 -0.0101633 -0.0586275 -0.916406 0.0106698 0.999908 0.00833254 0.111799 0.0585374 -0.00894332 0.998245 34.845
0.998151 -0.00746193 -0.060327 -0.968253 0.00793972 0.999939 0.0076841 0.117003 0.060266 -0.00814887 0.998149 35.6023
0.998068 -0.00540693 -0.0618969 -1.02375 0.00584606 0.999959 0.00691544 0.12415 0.061857 -0.00726393 0.998059 36.3284
0.998002 -0.0047716 -0.0630104 -1.08113 0.00528197 0.999954 0.00793548 0.132516 0.0629697 -0.00825244 0.997981 37.0485
0.99797 -0.00314648 -0.063604 -1.13885 0.00376669 0.999946 0.00963337 0.142191 0.0635703 -0.0098534 0.997929 37.7685
0.99802 9.90672e-05 -0.0628965 -1.20306 0.000520542 0.999951 0.00983458 0.150923 0.0628944 -0.00984785 0.997972 38.4679
0.998102 0.00339829 -0.0614957 -1.257 -0.00294346 0.999967 0.00748503 0.15828 0.0615191 -0.00728981 0.998079 39.1602
0.99819 0.00486947 -0.059946 -1.29821 -0.00461345 0.999979 0.00440825 0.163268 0.0599663 -0.00412371 0.998192 39.845
0.998332 0.00520644 -0.0575092 -1.3402 -0.00506976 0.999984 0.00252206 0.169675 0.0575214 -0.0022263 0.998342 40.5218
0.998464 0.00627433 -0.0550502 -1.36567 -0.00610898 0.999976 0.00317091 0.179136 0.0550688 -0.00282974 0.998479 41.2055
0.998578 0.0110674 -0.0521477 -1.3997 -0.0107828 0.999925 0.00573533 0.183666 0.0522073 -0.00516488 0.998623 41.8626
0.998724 0.015342 -0.0481071 -1.44302 -0.0149151 0.999846 0.00921837 0.184086 0.0482412 -0.00848909 0.9988 42.4883
0.998832 0.0205954 -0.0437085 -1.47658 -0.0201784 0.999747 0.00996026 0.191844 0.0439026 -0.00906666 0.998995 43.1145
0.99898 0.0241348 -0.0381635 -1.50576 -0.0237572 0.999664 0.0103149 0.197545 0.0383996 -0.00939772 0.999218 43.7206
0.999109 0.0279976 -0.0315681 -1.53995 -0.0276176 0.999541 0.0124073 0.203274 0.031901 -0.0115244 0.999425 44.2946
0.999158 0.0327687 -0.0246726 -1.56594 -0.0324414 0.999382 0.0135528 0.210253 0.0251015 -0.012741 0.999604 44.8584
0.9992 0.0363009 -0.0167988 -1.5929 -0.0360849 0.999264 0.0129868 0.217851 0.0172579 -0.0123703 0.999775 45.4024
0.999182 0.0393414 -0.0094081 -1.60021 -0.0392169 0.999145 0.0130661 0.221355 0.00991412 -0.0126865 0.99987 45.9322
0.999041 0.0437389 -0.00192904 -1.60431 -0.0437112 0.998965 0.0125715 0.228823 0.00247692 -0.0124752 0.999919 46.454
0.998835 0.0479309 0.00565725 -1.60608 -0.0479844 0.9988 0.00973484 0.235871 -0.00518385 -0.00999496 0.999937 46.9421
0.998687 0.0494366 0.0134619 -1.59664 -0.0495295 0.99875 0.00665789 0.242621 -0.013116 -0.00731591 0.999887 47.4181
0.998535 0.0497768 0.021245 -1.58481 -0.0499256 0.998731 0.00652802 0.244612 -0.0208931 -0.00757912 0.999753 47.8534
0.998372 0.0490129 0.0291694 -1.56886 -0.0492613 0.998755 0.00785986 0.246588 -0.0287479 -0.00928399 0.999544 48.2657
0.998032 0.0506493 0.0369843 -1.54998 -0.0510006 0.998661 0.00861922 0.250764 -0.0364983 -0.0104885 0.999279 48.6646
0.997491 0.0540241 0.0457653 -1.53651 -0.0544812 0.998476 0.00879923 0.254671 -0.0452201 -0.0112705 0.998914 49.0305
0.996789 0.0586576 0.0545115 -1.52196 -0.0591862 0.998214 0.00813224 0.257135 -0.0539371 -0.0113325 0.99848 49.3683
0.996037 0.0621428 0.0636266 -1.50656 -0.0627834 0.997994 0.0081169 0.263408 -0.0629946 -0.0120794 0.997941 49.7038
0.995434 0.0614599 0.0730423 -1.47812 -0.0622608 0.998021 0.0087372 0.262551 -0.0723608 -0.013245 0.997291 49.9888
0.994667 0.0602734 0.083705 -1.44656 -0.0610686 0.998109 0.00697078 0.261107 -0.0831266 -0.0120454 0.996466 50.2736
0.993681 0.058856 0.0955794 -1.41155 -0.0593699 0.998233 0.00254037 0.258306 -0.095261 -0.00819886 0.995419 50.5578
0.992275 0.0596524 0.108777 -1.37253 -0.0598685 0.998205 -0.00128057 0.254818 -0.108658 -0.00524162 0.994066 50.8279
0.990372 0.0611705 0.124189 -1.32914 -0.0612274 0.998118 -0.00336156 0.250963 -0.124161 -0.00427456 0.992253 51.0975
0.988111 0.0626504 0.140403 -1.28181 -0.0626472 0.998026 -0.00444692 0.247234 -0.140404 -0.00440179 0.990085 51.3656
0.985543 0.0629613 0.157293 -1.22958 -0.0628894 0.998005 -0.00543937 0.243199 -0.157322 -0.00453134 0.987537 51.629
0.982553 0.0620946 0.175313 -1.17144 -0.0619054 0.99806 -0.00655345 0.23898 -0.17538 -0.00441372 0.984491 51.8784
0.978952 0.0611529 0.194717 -1.10675 -0.0610039 0.998114 -0.00676741 0.235404 -0.194764 -0.00525353 0.980836 52.1291
0.974695 0.0613575 0.214954 -1.0361 -0.061072 0.998101 -0.0079756 0.230411 -0.215036 -0.00535392 0.976592 52.3649
0.969682 0.0633013 0.236029 -0.955914 -0.0626319 0.997983 -0.0103401 0.232801 -0.236208 -0.00475637 0.971691 52.6295
0.963758 0.0646447 0.258829 -0.871226 -0.0636212 0.997898 -0.0123377 0.228352 -0.259082 -0.00457641 0.965845 52.8732
0.956744 0.0658569 0.28338 -0.774873 -0.0646378 0.997815 -0.0136609 0.229269 -0.28366 -0.00524703 0.958911 53.1388
0.948504 0.0688046 0.309203 -0.671266 -0.0675616 0.997606 -0.0147392 0.229811 -0.309477 -0.00691002 0.950882 53.4017
0.939045 0.0708241 0.336422 -0.54903 -0.0695232 0.997453 -0.0159274 0.225374 -0.336693 -0.00843256 0.941577 53.6703
0.928282 0.0713301 0.364973 -0.42311 -0.06988 0.997407 -0.0171981 0.216565 -0.365253 -0.0095396 0.93086 53.9237
0.915997 0.0694037 0.395137 -0.284248 -0.0672807 0.997548 -0.0192457 0.208453 -0.395504 -0.00895615 0.918421 54.1734
0.901672 0.0663713 0.427297 -0.11691 -0.0630681 0.997769 -0.0218968 0.197714 -0.427797 -0.0072051 0.903846 54.4223
0.884942 0.065484 0.461074 0.0598926 -0.0603334 0.997841 -0.02592 0.185847 -0.461776 -0.00488049 0.886983 54.6648
0.866135 0.0670544 0.495293 0.246763 -0.0596023 0.997745 -0.0308497 0.17366 -0.496245 -0.00280068 0.868178 54.9036
0.845016 0.0687241 0.530307 0.444063 -0.0590428 0.997634 -0.0352048 0.162326 -0.531472 -0.00156222 0.847075 55.1401
0.821225 0.0713218 0.56613 0.651384 -0.0599674 0.997451 -0.0386718 0.149865 -0.567445 -0.00219114 0.823409 55.3678
0.794498 0.074947 0.602624 0.876429 -0.0626632 0.997175 -0.0414015 0.133914 -0.604025 -0.00486895 0.796951 55.6112
0.765313 0.0790881 0.638782 1.12804 -0.0662222 0.996831 -0.0440787 0.116155 -0.640243 -0.00856753 0.768125 55.8588
0.732927 0.0801771 0.675566 1.39152 -0.0661613 0.996724 -0.0465136 0.0976803 -0.677083 -0.0106052 0.735831 56.0937
0.696656 0.0776388 0.713193 1.63223 -0.0626395 0.996913 -0.0473377 0.0811763 -0.714666 -0.011696 0.699368 56.3096
0.657614 0.076145 0.749498 1.92947 -0.059831 0.997015 -0.0487954 0.062385 -0.750976 -0.0127547 0.660206 56.5487
0.615459 0.0755296 0.784542 2.25786 -0.0578341 0.997042 -0.0506176 0.0419111 -0.786044 -0.0142202 0.618007 56.7814
0.569408 0.0751325 0.818615 2.61156 -0.0543676 0.997076 -0.0536949 0.0242916 -0.820256 -0.0139318 0.571828 57.0073
0.521115 0.074268 0.850249 3.01719 -0.0513955 0.997129 -0.0555976 0.00860846 -0.851938 -0.0147262 0.523436 57.2359
0.47239 0.072633 0.878392 3.43014 -0.0499267 0.997203 -0.0556073 -0.00937586 -0.879975 -0.0175869 0.474696 57.437
0.422698 0.0703793 0.903534 3.91119 -0.0498115 0.997277 -0.0543781 -0.037311 -0.904901 -0.0220209 0.425053 57.6458
0.372717 0.0699638 0.925304 4.38738 -0.0527927 0.997137 -0.0541301 -0.061703 -0.926442 -0.0286741 0.375344 57.8233
0.323215 0.0705611 0.943691 4.89001 -0.0511934 0.99706 -0.0570177 -0.0793654 -0.94494 -0.0298818 0.325877 57.9877
0.277078 0.0672669 0.95849 5.35749 -0.0402959 0.997482 -0.0583547 -0.105389 -0.960003 -0.0224544 0.27909 58.0623
0.234214 0.0610692 0.970265 5.84252 -0.0269916 0.998049 -0.0563023 -0.135632 -0.971811 -0.0130023 0.235406 58.1066
0.19284 0.0597865 0.979407 6.36187 -0.0178969 0.99819 -0.0574092 -0.163185 -0.981067 -0.00645758 0.193561 58.1563
0.154673 0.061519 0.986049 6.92741 -0.0147912 0.998092 -0.0599501 -0.182139 -0.987855 -0.00531221 0.155287 58.228
0.123008 0.0620498 0.990464 7.4476 -0.0057948 0.998071 -0.0618066 -0.21553 -0.992389 0.00186317 0.12313 58.2361
0.0946571 0.0602793 0.993684 7.99796 0.00180795 0.998153 -0.0607226 -0.248585 -0.995509 0.00754434 0.0943731 58.2452
0.069875 0.0585286 0.995838 8.58611 0.00908997 0.998199 -0.0593051 -0.276228 -0.997515 0.0131961 0.0692169 58.2626
0.0502371 0.0576151 0.997074 9.17511 0.0136723 0.998202 -0.0583691 -0.302105 -0.998644 0.0165645 0.0493588 58.2698
0.0346218 0.0592486 0.997643 9.77183 0.0164919 0.998071 -0.0598463 -0.330924 -0.999265 0.0185251 0.0335777 58.2697
0.0226589 0.0585623 0.998027 10.361 0.0173835 0.998109 -0.0589618 -0.368856 -0.999593 0.0186852 0.0215978 58.2393
0.010792 0.0595409 0.998168 11.0111 0.0183728 0.998045 -0.0597322 -0.397424 -0.999773 0.0189838 0.00967681 58.2529
0.00172114 0.0625477 0.998041 11.6536 0.0231207 0.997773 -0.0625707 -0.42677 -0.999732 0.0231831 0.000270972 58.2471
-0.00454359 0.064359 0.997917 12.2878 0.0274225 0.997559 -0.0642111 -0.460744 -0.999614 0.0270736 -0.00629758 58.23
-0.00884259 0.0636342 0.997934 12.9221 0.0278925 0.9976 -0.0633657 -0.494001 -0.999572 0.0272746 -0.0105965 58.2103
-0.0122702 0.0613232 0.998043 13.6048 0.0253785 0.997815 -0.0609971 -0.520346 -0.999603 0.0245803 -0.0137999 58.2053
-0.0147727 0.0547071 0.998393 14.2909 0.0232953 0.99825 -0.0543545 -0.547247 -0.99962 0.0224549 -0.0160214 58.1962
-0.0162881 0.0492234 0.998655 14.9734 0.0244491 0.998508 -0.0488173 -0.578277 -0.999569 0.0236211 -0.0174674 58.1886
-0.016607 0.046729 0.99877 15.6959 0.02722 0.998558 -0.0462665 -0.608325 -0.999492 0.0264181 -0.0178552 58.1702
-0.0163419 0.049034 0.998664 16.4105 0.03045 0.998358 -0.0485207 -0.640741 -0.999403 0.0296164 -0.0178083 58.1532
-0.015117 0.0559827 0.998317 17.146 0.0315921 0.99796 -0.0554842 -0.676752 -0.999387 0.0307002 -0.016855 58.1312
-0.0126791 0.0634787 0.997903 17.8772 0.0324897 0.997482 -0.0630391 -0.714321 -0.999392 0.0316223 -0.0147098 58.1159
-0.012646 0.0640334 0.997868 18.5898 0.0335157 0.997414 -0.0635795 -0.750484 -0.999358 0.0326402 -0.0147596 58.1523
-0.0119008 0.0599692 0.998129 19.3512 0.0325576 0.997694 -0.0595548 -0.784278 -0.999399 0.031788 -0.013826 58.1677
-0.0118178 0.05385 0.998479 20.101 0.0319307 0.99806 -0.0534494 -0.822418 -0.999421 0.0312505 -0.0135146 58.2098
-0.00895668 0.0525145 0.99858 20.8881 0.0297507 0.998192 -0.0522272 -0.857754 -0.999518 0.0292406 -0.010503 58.2039
-0.00692725 0.0576484 0.998313 21.6122 0.0378321 0.997637 -0.0573468 -0.900047 -0.99926 0.0373711 -0.00909204 58.2088
-0.00413262 0.0630533 0.998002 22.3513 0.0398188 0.997229 -0.0628396 -0.94015 -0.999199 0.0394795 -0.00663207 58.2099
-0.00190826 0.0634556 0.997983 23.1115 0.0339961 0.997412 -0.0633542 -0.982032 -0.99942 0.0338066 -0.00406076 58.2232
0.00102327 0.060169 0.998188 23.8833 0.029681 0.997746 -0.0601728 -1.02014 -0.999559 0.0296888 -0.00076511 58.243
0.0052105 0.0568921 0.998367 24.6456 0.034204 0.997786 -0.0570375 -1.05957 -0.999402 0.0344454 0.00325284 58.2504
0.010097 0.0574495 0.998297 25.357 0.0387853 0.997574 -0.0578002 -1.11072 -0.999197 0.0393029 0.00784414 58.1978
0.0135355 0.0620748 0.99798 26.1309 0.0386431 0.997293 -0.0625562 -1.15047 -0.999162 0.0394117 0.0110999 58.2007
0.0169738 0.0630329 0.997867 26.9183 0.0351819 0.997355 -0.0635989 -1.18804 -0.999237 0.0361864 0.0147111 58.2328
0.0203929 0.0623134 0.997848 27.7059 0.0346818 0.997411 -0.0629949 -1.23568 -0.999191 0.0358918 0.0181788 58.2644
0.0245803 0.0591131 0.997949 28.4505 0.0388307 0.99744 -0.0600394 -1.28034 -0.998944 0.0402268 0.0222218 58.2587
0.0288113 0.0596205 0.997805 29.2038 0.0435579 0.997196 -0.0608418 -1.32497 -0.998636 0.0452152 0.0261334 58.2516
0.0326998 0.0604433 0.997636 30.0055 0.0464037 0.997001 -0.0619258 -1.36854 -0.998388 0.0483189 0.0297967 58.2751
0.0355023 0.0605983 0.997531 30.7889 0.0467226 0.996968 -0.062227 -1.40761 -0.998277 0.0488164 0.0325631 58.3044
0.0388666 0.0594689 0.997473 31.5727 0.0481173 0.996958 -0.061313 -1.44594 -0.998085 0.0503787 0.0358867 58.3363
0.0422423 0.058788 0.997376 32.3572 0.0501534 0.996884 -0.0608831 -1.48578 -0.997848 0.0525936 0.0391621 58.3729
0.0446008 0.0594037 0.997237 33.1695 0.0484171 0.996929 -0.0615507 -1.52729 -0.997831 0.0510285 0.0415875 58.4325
0.0474316 0.0611595 0.997 33.9357 0.0457831 0.996942 -0.0633339 -1.56939 -0.997825 0.0486498 0.0444863 58.4772
0.0498294 0.0612538 0.996877 34.7017 0.047713 0.996832 -0.0636358 -1.6117 -0.997618 0.050735 0.0467487 58.5233
0.0530081 0.0610507 0.996726 35.432 0.0455669 0.996942 -0.0634872 -1.65239 -0.997554 0.0487831 0.0500639 58.5418
0.0570487 0.0616183 0.996468 36.2153 0.0440083 0.996968 -0.0641687 -1.69175 -0.997401 0.0475136 0.0541638 58.5594
0.0614572 0.0620248 0.99618 36.9989 0.0409868 0.997068 -0.0646086 -1.73203 -0.997268 0.0448009 0.0587347 58.5841
0.0659826 0.0642467 0.99575 37.7838 0.0395723 0.996971 -0.0669476 -1.77558 -0.997036 0.0438215 0.0632402 58.6185
0.0689439 0.0677472 0.995317 38.606 0.0385043 0.996767 -0.0705129 -1.82647 -0.996877 0.0431855 0.0661123 58.6976
0.0726567 0.0700264 0.994895 39.3471 0.0385425 0.99659 -0.0729604 -1.87529 -0.996612 0.0436468 0.0697097 58.73
0.0748791 0.0721283 0.99458 40.1521 0.0323896 0.996678 -0.0747188 -1.93066 -0.996667 0.037809 0.072294 58.8151
0.077246 0.0712474 0.994463 40.939 0.0287154 0.99687 -0.0736503 -1.98416 -0.996599 0.0342455 0.0749581 58.8849
0.0802262 0.0718393 0.994184 41.7044 0.03083 0.996743 -0.074512 -2.03856 -0.9963 0.0366286 0.07775 58.9407
0.0841508 0.0729417 0.99378 42.5144 0.0302642 0.99667 -0.0757165 -2.09484 -0.995994 0.0364476 0.0816629 59.0139
0.0874085 0.0735355 0.993455 43.3325 0.0264371 0.996749 -0.0761053 -2.15329 -0.995822 0.0329163 0.0851801 59.1044
0.0907841 0.0715595 0.993296 44.1308 0.0253831 0.996924 -0.0741408 -2.20784 -0.995547 0.0319437 0.0886884 59.1877
0.0957819 0.0714324 0.992836 44.9256 0.025916 0.996904 -0.0742252 -2.26687 -0.995065 0.0328398 0.093634 59.2519
0.101236 0.0747472 0.99205 45.7342 0.022654 0.996741 -0.0774124 -2.32833 -0.994605 0.0303108 0.0992125 59.3335
0.105913 0.0831514 0.990893 46.5544 0.0208727 0.996091 -0.0858187 -2.39215 -0.994156 0.0297719 0.103763 59.4565
0.112951 0.0876048 0.989731 47.349 0.0194861 0.995718 -0.0903585 -2.45794 -0.99341 0.029492 0.11076 59.5449
0.119244 0.0907775 0.988706 48.1936 0.0147746 0.995538 -0.0931867 -2.52449 -0.992755 0.0257196 0.117371 59.6828
0.125576 0.0893792 0.98805 49.0268 0.0107232 0.995752 -0.0914389 -2.59369 -0.992026 0.0220776 0.124084 59.8137
0.132946 0.0874171 0.987261 49.8515 0.0109297 0.995912 -0.0896549 -2.66564 -0.991063 0.0227097 0.131447 59.9313
0.140067 0.0838992 0.986581 50.6756 0.0104855 0.996221 -0.0862076 -2.73458 -0.990087 0.0224197 0.138658 60.0549
0.147156 0.0784662 0.985996 51.4992 0.00853581 0.99671 -0.0805928 -2.79861 -0.989077 0.0202759 0.146002 60.1845
0.154019 0.0713146 0.985491 52.3301 0.00625189 0.997301 -0.0731463 -2.85653 -0.988048 0.0174271 0.153157 60.3261
0.161321 0.0688068 0.9845 53.1627 0.00672383 0.997466 -0.0708147 -2.91585 -0.986879 0.0180435 0.160449 60.4735
0.168719 0.0705725 0.983134 53.9593 0.00634695 0.997334 -0.072681 -2.97659 -0.985644 0.0185026 0.167822 60.5997
0.174636 0.0767634 0.981636 54.7966 0.00687138 0.996837 -0.0791745 -3.04174 -0.984609 0.0205718 0.173556 60.7655
0.179984 0.0800963 0.980403 55.6301 0.00526301 0.996586 -0.0823846 -3.10838 -0.983656 0.0199878 0.178948 60.9353
0.18542 0.0829896 0.979149 56.429 0.00387555 0.996357 -0.0851821 -3.17496 -0.982652 0.0195892 0.184423 61.0876
0.191686 0.0825031 0.977982 57.2141 0.00181221 0.996428 -0.0844143 -3.23751 -0.981455 0.0179534 0.190852 61.2325
0.197734 0.079554 0.977022 57.9831 0.00588821 0.996586 -0.0823387 -3.29737 -0.980238 0.0220341 0.196591 61.3679
0.203306 0.0730463 0.976387 58.7636 0.0068371 0.997082 -0.0760182 -3.35299 -0.979092 0.0221306 0.202214 61.5175
0.206776 0.0668063 0.976105 59.5492 0.00534458 0.997573 -0.0694078 -3.41162 -0.978374 0.0195687 0.205917 61.6944
0.210974 0.0634805 0.975428 60.3248 0.00175922 0.997862 -0.0653209 -3.46708 -0.97749 0.015497 0.210412 61.8672
0.214784 0.0636663 0.974584 61.0542 -4.17815e-06 0.997873 -0.0651867 -3.51764 -0.976662 0.0139969 0.214327 62.02
0.218751 0.0659306 0.973551 61.8062 -0.00183566 0.99774 -0.0671563 -3.56462 -0.975779 0.0129034 0.218378 62.1705
0.219976 0.0702412 0.972973 62.5279 -0.00611583 0.997483 -0.0706279 -3.61687 -0.975486 0.00958588 0.219852 62.3492
0.222364 0.0743747 0.972123 63.2255 -0.00733326 0.997185 -0.0746147 -3.66892 -0.974936 0.00946278 0.222284 62.507
0.225794 0.0796228 0.970916 63.9291 -0.00785019 0.99677 -0.0799175 -3.72244 -0.974144 0.010423 0.22569 62.6552
0.227594 0.0814817 0.970341 64.6186 -0.00698222 0.996603 -0.0820493 -3.77634 -0.973731 0.0118988 0.22739 62.8149
0.228925 0.0815288 0.970024 65.3184 -0.00957618 0.996626 -0.0815047 -3.82899 -0.973397 0.00936927 0.228933 62.993
0.229355 0.0786861 0.970157 65.9687 -0.00952955 0.99686 -0.078599 -3.88364 -0.973297 0.00878184 0.229384 63.143
0.229864 0.076222 0.970233 66.6416 -0.00924265 0.997054 -0.0761392 -3.93586 -0.973179 0.00853413 0.229892 63.3101
0.230039 0.0747133 0.970309 67.2887 -0.00767256 0.997156 -0.0749615 -3.9848 -0.973151 0.00979929 0.229958 63.4526
0.229407 0.0737312 0.970534 67.944 -0.00740269 0.997229 -0.0740095 -4.03305 -0.973303 0.00979372 0.229318 63.6007
0.229059 0.0745773 0.970552 68.5746 -0.00830491 0.997173 -0.0746628 -4.08072 -0.973377 0.00904179 0.229031 63.728
0.227269 0.0776474 0.970732 69.216 -0.00898888 0.99694 -0.0776393 -4.12815 -0.973791 0.00891915 0.227271 63.8853
0.225432 0.0813046 0.97086 69.8202 -0.00705215 0.996621 -0.0818244 -4.17837 -0.974234 0.0115991 0.225243 64.0127
0.224033 0.0815641 0.971162 70.4361 -0.00462075 0.996569 -0.0826319 -4.22715 -0.974571 0.0140247 0.223641 64.1513
0.222353 0.0801974 0.971662 71.0408 -0.00512923 0.996693 -0.0810896 -4.2734 -0.974953 0.0130466 0.222029 64.2853
0.22052 0.0773578 0.97231 71.6332 -0.00529569 0.996929 -0.0781155 -4.31876 -0.975368 0.012077 0.220253 64.4116
0.218837 0.0734504 0.972993 72.2187 -0.00439322 0.997226 -0.0742917 -4.36481 -0.975752 0.0119831 0.218552 64.537
0.217408 0.0719616 0.973424 72.7832 -0.000153099 0.99728 -0.0736909 -4.41247 -0.976081 0.015872 0.216828 64.6474
0.216147 0.0725641 0.97366 73.3438 0.00402076 0.997159 -0.075208 -4.4597 -0.976353 0.0201708 0.215241 64.7556
0.213884 0.0736444 0.974079 73.8937 0.00888068 0.996966 -0.0773246 -4.50346 -0.976819 0.0251889 0.212581 64.8628
0.212587 0.075138 0.974249 74.4418 0.00842128 0.996861 -0.0787194 -4.54682 -0.977106 0.0249391 0.211286 64.9681
0.211256 0.0778947 0.974322 74.9922 0.00778816 0.996653 -0.0813687 -4.58756 -0.9774 0.0247778 0.209942 65.0844
0.209734 0.0764137 0.974768 75.5429 0.00973212 0.996728 -0.0802291 -4.628 -0.97771 0.0263133 0.208304 65.1994
0.209858 0.0743985 0.974897 76.1008 0.0162413 0.996697 -0.0795582 -4.66972 -0.977597 0.0325294 0.207956 65.3176
0.211847 0.0719797 0.974648 76.6451 0.0218114 0.996687 -0.0783481 -4.70726 -0.97706 0.0378563 0.209575 65.4122
0.213665 0.0709023 0.974331 77.201 0.0252241 0.996629 -0.0780564 -4.7459 -0.976582 0.0412545 0.211156 65.5221
0.217245 0.0701435 0.973594 77.7702 0.0236601 0.996743 -0.0770908 -4.78665 -0.975831 0.0397829 0.214878 65.6506
0.222476 0.070803 0.972364 78.351 0.022618 0.996715 -0.0777511 -4.82819 -0.974676 0.0392907 0.220144 65.7959
0.228888 0.0696998 0.970954 78.9161 0.0236964 0.996738 -0.0771367 -4.86935 -0.973165 0.0406638 0.22649 65.9219
0.236125 0.0697009 0.96922 79.5141 0.0220767 0.996781 -0.0770614 -4.91189 -0.971472 0.0395932 0.233826 66.0939
0.244282 0.0670624 0.967382 80.09 0.0232773 0.996912 -0.0749875 -4.95262 -0.969425 0.0408361 0.241966 66.2403
0.25305 0.0668254 0.965142 80.6795 0.0200141 0.997036 -0.0742811 -4.99577 -0.967246 0.0381133 0.250963 66.4053
0.262589 0.0664542 0.962617 81.2532 0.0190639 0.997073 -0.0740333 -5.03655 -0.96472 0.0377915 0.260553 66.5506
0.272113 0.0701352 0.959706 81.8628 0.0139259 0.996948 -0.0768054 -5.08002 -0.962165 0.0342645 0.270306 66.7407
0.281078 0.072441 0.956947 82.4449 0.010637 0.99685 -0.078586 -5.11913 -0.959626 0.0322678 0.279422 66.9107
0.291035 0.0751392 0.953757 83.1477 0.00717121 0.996711 -0.0807115 -5.166 -0.956686 0.0303295 0.289539 67.2256
0.301178 0.0770492 0.95045 83.7362 0.0059599 0.996558 -0.0826756 -5.20867 -0.95355 0.0305647 0.299682 67.3925
0.310827 0.0778055 0.947277 84.3772 0.00290282 0.996561 -0.082806 -5.2576 -0.950463 0.0284881 0.309532 67.6224
0.320816 0.0782535 0.943903 85.0031 0.00209871 0.996519 -0.0833289 -5.30419 -0.94714 0.0287142 0.319535 67.8342
0.330942 0.0790723 0.940332 85.6625 -0.00176235 0.996532 -0.0831779 -5.3508 -0.94365 0.0258698 0.329934 68.0863
0.340859 0.0741853 0.937183 86.341 -0.000801731 0.996903 -0.078621 -5.3961 -0.940115 0.0260472 0.339863 68.3614
0.352365 0.0669721 0.933463 86.9737 0.00297247 0.99735 -0.0726777 -5.43818 -0.935858 0.0283837 0.351232 68.5359
0.363208 0.0622978 0.929623 87.6579 0.00518297 0.997611 -0.0688789 -5.48538 -0.931694 0.0298356 0.362017 68.7992
0.373162 0.0587527 0.925904 88.3811 0.00484673 0.997855 -0.0652717 -5.53339 -0.927754 0.0288445 0.372077 69.1263
0.382518 0.0557842 0.922262 89.0731 0.0115193 0.997809 -0.0651315 -5.57354 -0.923877 0.0355378 0.381038 69.399
0.390995 0.0502875 0.919018 89.7816 0.0183817 0.99788 -0.0624231 -5.60717 -0.92021 0.0413002 0.389242 69.6855
0.397564 0.0402593 0.916691 90.5005 0.0288403 0.997994 -0.0563379 -5.64543 -0.917122 0.0488356 0.395606 69.9817
0.404787 0.0355949 0.913718 91.2421 0.0349241 0.99791 -0.0543465 -5.67992 -0.913744 0.0539096 0.402698 70.2955
0.411171 0.034934 0.910889 91.9511 0.0375349 0.997768 -0.0552091 -5.72976 -0.910786 0.0568905 0.408942 70.615
0.418222 0.0416996 0.907387 92.7184 0.0395126 0.997164 -0.064037 -5.76305 -0.907486 0.062635 0.415388 70.9931
0.424391 0.0457882 0.904321 93.42 0.0433272 0.996549 -0.0707911 -5.8074 -0.904442 0.0692249 0.420942 71.3297
0.428813 0.04834 0.902099 94.1234 0.0411717 0.996483 -0.0729687 -5.85558 -0.902455 0.0684309 0.425315 71.6748
0.432967 0.0502026 0.900011 94.8253 0.0343346 0.996804 -0.072119 -5.90399 -0.900756 0.0621266 0.429859 72.0253
0.436282 0.0540669 0.898184 95.5341 0.0277254 0.99691 -0.073477 -5.96031 -0.899384 0.0569592 0.433435 72.4049
0.439343 0.0572692 0.896492 96.2354 0.026792 0.996686 -0.0767996 -6.02133 -0.897921 0.0577602 0.436352 72.7797
0.442698 0.0615035 0.894559 96.9842 0.0232869 0.996519 -0.0800377 -6.0931 -0.896369 0.0562641 0.439725 73.2156
0.445847 0.064617 0.892774 97.6794 0.020146 0.996413 -0.0821791 -6.15439 -0.894883 0.0546252 0.442947 73.592
0.449743 0.0633261 0.89091 98.3386 0.0187866 0.996591 -0.0803216 -6.21078 -0.892961 0.0528613 0.44702 73.9235
0.453857 0.0602141 0.889038 98.9997 0.0200903 0.996768 -0.0777669 -6.26431 -0.890849 0.0531561 0.451181 74.2584
0.457446 0.0577743 0.887359 99.6592 0.019851 0.996974 -0.0751446 -6.31597 -0.889016 0.0519896 0.454915 74.5959
0.461521 0.0569061 0.885302 100.317 0.0191203 0.99707 -0.0740581 -6.3669 -0.886924 0.0511066 0.459081 74.9367
0.46568 0.0586277 0.883009 100.964 0.0172915 0.997009 -0.0753159 -6.41742 -0.884785 0.0503417 0.463273 75.2729
0.468347 0.0590978 0.881566 101.567 0.0183304 0.996895 -0.0765675 -6.46683 -0.883355 0.0520196 0.46581 75.5847
0.470565 0.0572505 0.880506 102.196 0.0206412 0.996904 -0.0758499 -6.51515 -0.882124 0.0538671 0.467927 75.9237
0.472803 0.0558372 0.879397 102.805 0.0230275 0.996865 -0.0756764 -6.56421 -0.880868 0.0560303 0.470035 76.238
0.475199 0.0558524 0.878104 103.412 0.0218652 0.996924 -0.0752428 -6.61316 -0.879607 0.0549552 0.472517 76.5634
0.477568 0.0551713 0.876861 103.992 0.0236217 0.996858 -0.0755867 -6.65862 -0.878278 0.0568108 0.474765 76.8628
0.480843 0.0568811 0.87496 104.57 0.0231916 0.996718 -0.0775418 -6.70518 -0.876501 0.0575772 0.477946 77.1653
0.484197 0.0566522 0.873123 105.14 0.0265356 0.996491 -0.0793724 -6.75176 -0.874557 0.0616008 0.480995 77.4631
0.487715 0.0556849 0.871225 105.713 0.0286875 0.996401 -0.079745 -6.80101 -0.872532 0.0638861 0.484363 77.7827
0.491366 0.0537652 0.869292 106.267 0.0320407 0.9963 -0.0797316 -6.84604 -0.870364 0.0670301 0.487826 78.0826
0.495414 0.052739 0.867055 106.803 0.0337244 0.996234 -0.0798658 -6.88887 -0.868003 0.0688075 0.491769 78.3627
0.498811 0.0522154 0.865136 107.348 0.0350175 0.996153 -0.080313 -6.9366 -0.866004 0.070356 0.495064 78.6924
0.503172 0.0511699 0.86267 107.854 0.0359731 0.996139 -0.0800688 -6.97723 -0.863438 0.0713214 0.499389 78.9417
0.507032 0.0506686 0.860437 108.381 0.0374764 0.996029 -0.0807371 -7.02432 -0.861113 0.0731824 0.50312 79.2471
0.511331 0.0520283 0.857807 108.898 0.0368738 0.995917 -0.0823851 -7.07261 -0.858593 0.0737567 0.507325 79.5541
0.515836 0.0522129 0.855095 109.411 0.0387791 0.995694 -0.0841916 -7.12127 -0.85581 0.0765889 0.51159 79.8632
0.521 0.0555197 0.851749 109.908 0.0365724 0.995513 -0.0872614 -7.17009 -0.852773 0.0766138 0.516632 80.1574
0.526947 0.0613226 0.847683 110.402 0.0329797 0.995166 -0.0924931 -7.22146 -0.849258 0.0766954 0.522378 80.4631
0.5332 0.0683584 0.843223 110.894 0.0275175 0.9948 -0.0980468 -7.27488 -0.845542 0.075482 0.528547 80.7819
0.539512 0.0745737 0.838669 111.377 0.0222 0.994462 -0.102708 -7.32941 -0.841686 0.0740306 0.534869 81.0998
0.546082 0.0789908 0.834 111.87 0.0183379 0.994178 -0.106169 -7.38796 -0.837532 0.0732707 0.541454 81.4326
0.551687 0.0793877 0.830264 112.367 0.0140085 0.994436 -0.104394 -7.44481 -0.833934 0.0692235 0.547506 81.7762
0.557292 0.0787139 0.826577 112.872 0.00753528 0.994975 -0.0998307 -7.50238 -0.830283 0.0618634 0.553899 82.1427
0.563067 0.0766714 0.822847 113.375 0.00139368 0.995596 -0.0937216 -7.55627 -0.826411 0.0539183 0.560481 82.5063
0.568599 0.075098 0.819179 113.884 -0.00458365 0.996097 -0.0881354 -7.60988 -0.822603 0.0463589 0.566725 82.9002
0.574937 0.0731354 0.814922 114.383 -0.00679478 0.996388 -0.0846274 -7.65916 -0.81817 0.0431182 0.573358 83.2409
0.581438 0.0767227 0.809965 114.899 -0.0118513 0.996236 -0.0858594 -7.7093 -0.813506 0.0403227 0.580159 83.6205
0.587513 0.0806681 0.805184 115.424 -0.0158653 0.995975 -0.0882063 -7.76178 -0.80906 0.0390478 0.586428 84.0279
0.594045 0.0839089 0.800043 115.943 -0.0188711 0.995724 -0.0904199 -7.81618 -0.804211 0.0386158 0.593089 84.4025
0.600552 0.0859799 0.794949 116.481 -0.0211091 0.995559 -0.0917304 -7.86896 -0.799308 0.0383082 0.599701 84.8157
0.607046 0.0867809 0.789914 117.025 -0.0238951 0.995562 -0.0910105 -7.92217 -0.794308 0.0363724 0.606426 85.2419
0.612849 0.0889098 0.785182 117.579 -0.0296739 0.995537 -0.0895683 -7.97743 -0.789644 0.0315923 0.612753 85.722
0.621635 0.086699 0.778494 118.137 -0.0302688 0.995771 -0.0867267 -8.03872 -0.782723 0.0303483 0.621631 86.1043
0.628784 0.0848943 0.772932 118.711 -0.0307272 0.995957 -0.0843934 -8.09347 -0.776973 0.0293152 0.628852 86.5929
0.63643 0.0848395 0.766655 119.287 -0.030922 0.995939 -0.0845431 -8.14553 -0.770716 0.0300991 0.636469 87.0763
0.644357 0.0871181 0.759746 119.864 -0.0351878 0.995814 -0.0843439 -8.19695 -0.763916 0.0276138 0.644726 87.5774
0.653056 0.0876864 0.752216 120.447 -0.0359618 0.995743 -0.0848534 -8.25128 -0.756456 0.0283629 0.65343 88.065
0.660022 0.088576 0.746006 121.029 -0.0377481 0.995679 -0.0848235 -8.30018 -0.750298 0.0278251 0.660515 88.5875
0.665168 0.0878447 0.741509 121.615 -0.0376274 0.995736 -0.0842089 -8.35029 -0.745746 0.028112 0.665638 89.1214
0.668906 0.0865902 0.738286 122.216 -0.0362494 0.995809 -0.083951 -8.40229 -0.742463 0.0293928 0.669243 89.6764
0.673083 0.0839428 0.734788 122.824 -0.032787 0.995947 -0.0837442 -8.46184 -0.738841 0.0322752 0.673108 90.217
0.676371 0.0800636 0.732197 123.448 -0.0272565 0.996113 -0.0837439 -8.51974 -0.736057 0.0366848 0.675925 90.8051
0.680345 0.073314 0.729216 124.068 -0.0193717 0.996434 -0.0821062 -8.58549 -0.732637 0.0417343 0.67934 91.3643
0.684325 0.0672157 0.726072 124.696 -0.0136985 0.99675 -0.0793628 -8.65035 -0.729049 0.0443638 0.683023 91.9415
0.687901 0.0615265 0.723192 125.329 -0.00819239 0.996994 -0.077028 -8.71409 -0.725759 0.047063 0.686338 92.526
0.691714 0.0599767 0.719677 125.958 -0.00804774 0.997122 -0.0753637 -8.77642 -0.722128 0.0463383 0.690207 93.114
0.693932 0.0614249 0.717416 126.575 -0.00884921 0.997006 -0.0768038 -8.83901 -0.719987 0.046948 0.692398 93.7395
0.696847 0.0658643 0.71419 127.203 -0.0142366 0.996847 -0.078041 -8.90104 -0.71708 0.044215 0.695588 94.3844
0.699376 0.0696012 0.711357 127.843 -0.0206209 0.996797 -0.077256 -8.96309 -0.714457 0.0393622 0.698572 95.0565
0.70251 0.0666382 0.708547 128.474 -0.0209328 0.997109 -0.0730228 -9.02223 -0.711367 0.0364674 0.701875 95.6684
0.706281 0.0642898 0.705006 129.115 -0.0243718 0.997484 -0.0665453 -9.07925 -0.707512 0.0298175 0.706073 96.3096
0.709732 0.0590714 0.70199 129.752 -0.0238283 0.99792 -0.0598824 -9.13108 -0.704069 0.0257731 0.709664 96.9533
0.713993 0.0549987 0.697989 130.392 -0.0216438 0.998166 -0.0565114 -9.1812 -0.699819 0.0252416 0.713875 97.6146
0.7186 0.051475 0.693516 131.028 -0.0156821 0.998201 -0.0578406 -9.22948 -0.695248 0.0306884 0.718116 98.2471
0.723459 0.0479529 0.6887 131.66 -0.0055077 0.997952 -0.0637001 -9.28295 -0.690346 0.0422912 0.722243 98.8832
0.728393 0.0490679 0.6834 132.308 0.000179337 0.997417 -0.0718055 -9.33857 -0.68516 0.0524252 0.726504 99.5814
0.733653 0.0490619 0.677751 132.951 0.0032353 0.997125 -0.0756835 -9.39775 -0.679517 0.0577182 0.731386 100.287
0.739223 0.0446384 0.67198 133.585 0.00579007 0.997341 -0.0726211 -9.45481 -0.673437 0.057574 0.737 100.975
0.744752 0.0390327 0.666199 134.24 0.0105293 0.997475 -0.0702133 -9.5171 -0.667259 0.0593061 0.742462 101.737
0.750131 0.035183 0.660352 134.853 0.0153456 0.997387 -0.070572 -9.57619 -0.661111 0.0630719 0.747633 102.346
0.754564 0.0367024 0.655199 135.492 0.0175127 0.996951 -0.0760152 -9.6463 -0.655993 0.0688327 0.751622 103.119
0.758246 0.0376246 0.650882 136.11 0.0170292 0.996848 -0.0774617 -9.70997 -0.651747 0.069819 0.755217 103.821
0.761348 0.0346934 0.647415 136.734 0.0194742 0.996892 -0.0763224 -9.77609 -0.648052 0.0707159 0.758307 104.547
0.764091 0.0288602 0.644463 137.358 0.0232311 0.997118 -0.0721963 -9.83818 -0.644691 0.0701361 0.76122 105.235
0.765825 0.0247387 0.642573 137.989 0.0261954 0.997229 -0.0696127 -9.90105 -0.642516 0.0701436 0.763055 105.963
0.766857 0.0200799 0.641503 138.616 0.0297082 0.997327 -0.0667312 -9.96069 -0.64113 0.0702313 0.764212 106.678
0.767322 0.0190597 0.640978 139.243 0.0299423 0.997402 -0.0655025 -10.0214 -0.640563 0.0694539 0.764759 107.434
0.76751 0.0194676 0.640741 139.863 0.0287025 0.997491 -0.0646882 -10.0807 -0.640394 0.0680398 0.765027 108.17
0.767476 0.0210465 0.640732 140.484 0.0276818 0.997439 -0.0659213 -10.1412 -0.64048 0.0683297 0.764929 108.906
0.766801 0.025047 0.641396 141.1 0.0235549 0.997466 -0.0671122 -10.2014 -0.641453 0.0665698 0.764269 109.627
0.765411 0.0287021 0.642901 141.717 0.0202067 0.997439 -0.0685877 -10.2633 -0.643225 0.0654887 0.762872 110.346
0.763965 0.0316943 0.644479 142.342 0.0159594 0.997558 -0.0679765 -10.3257 -0.645061 0.0622172 0.761595 111.092
0.762269 0.0332179 0.646406 142.968 0.0137817 0.997621 -0.0675185 -10.3859 -0.647113 0.0603759 0.76 111.812
0.76086 0.0323739 0.648108 143.597 0.0133874 0.997758 -0.065556 -10.4432 -0.648778 0.0585555 0.758722 112.512
0.759247 0.0313789 0.650045 144.232 0.0122667 0.997968 -0.0625013 -10.4989 -0.650687 0.0554279 0.757321 113.238
0.757283 0.0271105 0.652524 144.862 0.0166604 0.998009 -0.0607998 -10.5545 -0.652875 0.056914 0.755325 113.932
0.755552 0.0304944 0.654378 145.49 0.01665 0.997698 -0.0657177 -10.6135 -0.654877 0.0605486 0.753307 114.605
0.752747 0.0402448 0.657078 146.11 0.0113962 0.997182 -0.0741313 -10.6764 -0.658212 0.0632904 0.750169 115.315
0.75018 0.0465249 0.659594 146.755 0.00903543 0.996706 -0.0805797 -10.738 -0.661172 0.0664091 0.74729 116.046
0.746303 0.0454303 0.664054 147.339 0.00751297 0.997028 -0.0766539 -10.8016 -0.665565 0.0621961 0.743745 116.731
0.743722 0.0438067 0.667052 148.02 0.00500591 0.997456 -0.0710864 -10.8658 -0.668471 0.0562078 0.741612 117.468
0.740766 0.0420963 0.670442 148.661 0.00330595 0.997792 -0.0663031 -10.9281 -0.671755 0.0513315 0.738993 118.17
0.737875 0.0417441 0.673645 149.302 0.00398196 0.997797 -0.0661929 -10.9908 -0.674926 0.0515245 0.736085 118.872
0.735483 0.0397971 0.676373 149.941 0.00606148 0.997845 -0.0653036 -11.0502 -0.677516 0.0521296 0.733659 119.54
0.733149 0.0382544 0.678991 150.588 0.0103752 0.99767 -0.0674117 -11.1106 -0.67999 0.0564675 0.731045 120.208
0.729613 0.0370473 0.682856 151.214 0.0141108 0.997502 -0.069195 -11.1719 -0.683715 0.0601213 0.727269 120.87
0.72589 0.0369586 0.686817 151.853 0.0174072 0.997247 -0.0720608 -11.2335 -0.687592 0.0642638 0.723249 121.535
0.722157 0.0372047 0.690728 152.494 0.0172275 0.997274 -0.0717277 -11.2943 -0.691516 0.0636982 0.719548 122.199
0.717621 0.0388486 0.695349 153.132 0.0150656 0.997342 -0.0712689 -11.3596 -0.696272 0.0616199 0.715129 122.887
0.71294 0.0377668 0.700208 153.759 0.0167734 0.997343 -0.0708719 -11.4143 -0.701026 0.0622723 0.710413 123.486
0.707634 0.0405588 0.705414 154.41 0.0142384 0.997328 -0.0716262 -11.4729 -0.706436 0.0607292 0.705167 124.128
0.701911 0.0472381 0.710697 155.08 0.0109739 0.996961 -0.0771037 -11.5354 -0.712181 0.061919 0.69926 124.814
0.696655 0.0523655 0.715493 155.747 0.00888209 0.996625 -0.0815893 -11.595 -0.717352 0.0631947 0.693839 125.456
0.691189 0.0543542 0.720627 156.427 0.00958661 0.996389 -0.084349 -11.6566 -0.722611 0.0652095 0.688173 126.097
0.685289 0.0484671 0.726657 157.115 0.0101805 0.997046 -0.0761028 -11.7124 -0.728201 0.0595502 0.682772 126.727
0.678957 0.0448055 0.73281 157.81 0.00519525 0.997816 -0.0658222 -11.7684 -0.734161 0.0484976 0.677242 127.375
0.672446 0.0399862 0.739065 158.511 0.00628052 0.998194 -0.0597206 -11.8233 -0.74012 0.0448006 0.670982 127.994
0.665278 0.0413368 0.745451 159.231 0.00173003 0.998376 -0.0569061 -11.8749 -0.746595 0.039148 0.664127 128.684
0.657336 0.0425663 0.752394 159.939 0.00328302 0.998231 -0.0593428 -11.9247 -0.753591 0.0414783 0.656034 129.298
0.65098 0.0417241 0.757947 160.654 0.0091715 0.997981 -0.0628151 -11.9854 -0.75904 0.0478429 0.649285 129.881
0.644324 0.0492582 0.763164 161.393 0.0104921 0.997259 -0.0732262 -12.0483 -0.764681 0.0551886 0.642042 130.498
0.637289 0.0499951 0.769001 162.155 0.0146542 0.996925 -0.0769576 -12.1018 -0.770486 0.0603135 0.634598 131.126
0.630147 0.0461707 0.775102 162.892 0.017278 0.997148 -0.0734444 -12.1647 -0.776284 0.059673 0.627553 131.731
0.623357 0.0401951 0.780904 163.654 0.0216922 0.997403 -0.0686549 -12.2266 -0.781637 0.059736 0.620867 132.317
0.616872 0.0391584 0.786089 164.419 0.0225129 0.997473 -0.0673552 -12.2884 -0.786742 0.0592467 0.614433 132.904
0.609597 0.0408732 0.791657 165.147 0.0210112 0.997484 -0.0676795 -12.3494 -0.792433 0.0578909 0.607206 133.478
0.602783 0.0385672 0.796972 165.909 0.0257914 0.997366 -0.067772 -12.4081 -0.797489 0.0614069 0.600201 134.093
0.597106 0.0324326 0.801506 166.67 0.0310793 0.997495 -0.0635168 -12.4675 -0.801561 0.0628366 0.594603 134.681
0.591995 0.0295055 0.805401 167.396 0.0318284 0.997693 -0.0599451 -12.5291 -0.805313 0.0611219 0.589691 135.212
0.587659 0.0284026 0.80861 168.155 0.0303202 0.997907 -0.0570871 -12.5902 -0.808541 0.058065 0.585569 135.779
0.583215 0.0305287 0.811744 168.925 0.0299142 0.997807 -0.0590189 -12.6462 -0.811768 0.0587035 0.581023 136.348
0.57965 0.0323752 0.814222 169.587 0.0316202 0.997563 -0.062176 -12.6967 -0.814252 0.0617863 0.577215 136.765
0.57685 0.0377282 0.815978 170.309 0.0311666 0.997187 -0.0681399 -12.7523 -0.816255 0.0647379 0.574053 137.262
0.5736 0.0404455 0.818136 171.062 0.0291086 0.997141 -0.0697033 -12.8083 -0.818618 0.0637967 0.570784 137.823
0.570881 0.0358255 0.820251 171.778 0.0299504 0.997472 -0.0644111 -12.8587 -0.820487 0.061338 0.568366 138.319
0.56852 0.02779 0.8222 172.508 0.0338723 0.99779 -0.0571464 -12.905 -0.821972 0.0603387 0.566323 138.832
