1 0 0 0 0 1 0 0 0 0 1 0
0.999997 0.00187961 0.0017963 -0.0519332 -0.00187998 0.999998 0.000201908 -0.0169033 -0.00179592 -0.000205284 0.999998 1.35895
0.999996 0.000945186 0.00270302 -0.0856644 -0.000945547 1 0.000132612 -0.0376294 -0.0027029 -0.000135167 0.999996 2.69918
0.999994 -0.00043304 0.00353998 -0.104903 0.000436313 0.999999 -0.000924103 -0.0606127 -0.00353958 0.000925642 0.999993 4.03118
0.999991 -0.00052171 0.00424145 -0.111435 0.000525342 0.999999 -0.000855216 -0.081495 -0.004241 0.000857436 0.999991 5.40557
0.999988 -0.00127753 0.00465735 -0.115811 0.00127896 0.999999 -0.000304339 -0.101041 -0.00465695 0.000310292 0.999989 6.76187
0.999982 -0.00258302 0.00535124 -0.118651 0.00257947 0.999996 0.000670442 -0.119363 -0.00535295 -0.000656627 0.999985 8.12028
0.999985 -0.00186704 0.00512598 -0.104923 0.0018627 0.999998 0.000851405 -0.132228 -0.00512756 -0.000841844 0.999986 9.51735
0.999985 -0.000653489 0.00545093 -0.114755 0.000659513 0.999999 -0.00110341 -0.153075 -0.00545021 0.00110699 0.999985 10.8846
0.999984 0.00200427 0.00535832 -0.101069 -0.00198611 0.999992 -0.00339128 -0.174139 -0.00536507 0.00338058 0.99998 12.2848
0.999958 0.00581774 0.0071132 -0.139705 -0.00578738 0.999974 -0.00428181 -0.200803 -0.00713793 0.00424046 0.999966 13.6271
0.999926 0.00848137 0.00876344 -0.176435 -0.00844276 0.999954 -0.00443361 -0.227189 -0.00880065 0.00435929 0.999952 14.9713
0.999902 0.00960565 0.0101941 -0.199538 -0.00956705 0.999947 -0.00382833 -0.251202 -0.0102303 0.00373043 0.999941 16.329
0.999902 0.00727751 0.0119932 -0.21292 -0.0072609 0.999973 -0.00142767 -0.271628 -0.0120033 0.00134045 0.999927 17.7138
0.999897 0.00347718 0.0139064 -0.231347 -0.00347884 0.999994 9.54202e-05 -0.291792 -0.013906 -0.00014379 0.999903 19.0799
0.999885 0.00129797 0.0151213 -0.234843 -0.0012634 0.999997 -0.00229514 -0.315087 -0.0151243 0.00227577 0.999883 20.4598
0.999849 0.000478781 0.0173833 -0.263151 -0.000400497 0.99999 -0.00450668 -0.337921 -0.0173853 0.00449903 0.999839 21.8123
0.999804 0.00279292 0.0195942 -0.273378 -0.00267352 0.999978 -0.00611708 -0.366706 -0.0196109 0.00606349 0.999789 23.2025
0.999738 0.00556468 0.0222247 -0.284624 -0.00547131 0.999976 -0.00425951 -0.391807 -0.0222478 0.00413679 0.999744 24.5908
0.999676 0.00570726 0.0247917 -0.290264 -0.00568397 0.999983 -0.00100962 -0.414561 -0.024797 0.000868381 0.999692 25.9893
0.999626 0.0035913 0.0271243 -0.292824 -0.00361558 0.999993 0.000846229 -0.433856 -0.0271211 -0.000943984 0.999632 27.3763
0.99959 0.000172668 0.0286216 -0.292116 -0.000147034 1 -0.000897709 -0.455998 -0.0286217 0.000893131 0.99959 28.7612
0.999548 -0.000322968 0.0300517 -0.282673 0.000425055 0.999994 -0.00339073 -0.480932 -0.0300504 0.00340197 0.999543 30.1522
0.99947 -0.000420198 0.0325636 -0.287612 0.000613671 0.999982 -0.00593163 -0.509058 -0.0325605 0.00594847 0.999452 31.5266
0.999389 0.00327676 0.0347919 -0.282074 -0.00303583 0.999971 -0.00697541 -0.535646 -0.0348138 0.00686552 0.99937 32.9185
0.999355 0.0045912 0.0356262 -0.2478 -0.00426195 0.999948 -0.00931219 -0.565098 -0.0356671 0.00915434 0.999322 34.3259
0.99934 0.00543101 0.0359124 -0.202588 -0.00510522 0.999945 -0.00915737 -0.592798 -0.0359601 0.00896799 0.999313 35.7537
0.999326 0.0058672 0.0362261 -0.161755 -0.00556406 0.999949 -0.00846324 -0.619052 -0.0362739 0.00825597 0.999308 37.1756
0.999325 0.00724541 0.0360151 -0.119672 -0.00698871 0.999949 -0.00724836 -0.647013 -0.0360658 0.00699177 0.999325 38.6173
0.999283 0.0103129 0.0364266 -0.0790704 -0.0100483 0.999922 -0.00743824 -0.673838 -0.0365005 0.00706688 0.999309 40.0651
0.999237 0.0127603 0.0369058 -0.0378172 -0.0124693 0.999889 -0.00810592 -0.701681 -0.0370052 0.00763955 0.999286 41.5128
0.999184 0.0153285 0.0373676 0.00405908 -0.0150355 0.999854 -0.00810839 -0.72947 -0.0374864 0.00753993 0.999269 42.9606
0.999152 0.0161879 0.0378679 0.0449799 -0.0158843 0.999839 -0.00830398 -0.759781 -0.0379962 0.00769543 0.999248 44.4179
0.999158 0.0154626 0.0380118 0.0889296 -0.0151433 0.999848 -0.00867184 -0.791223 -0.0381401 0.0080889 0.99924 45.8807
0.999184 0.0147752 0.0375903 0.138156 -0.0144373 0.999853 -0.00924413 -0.822016 -0.0377214 0.00869388 0.99925 47.3379
0.999205 0.0144261 0.0371535 0.178979 -0.0140934 0.999858 -0.00919929 -0.856218 -0.0372809 0.00866836 0.999267 48.7739
0.999241 0.014799 0.0360348 0.235727 -0.0145024 0.999859 -0.00847833 -0.883359 -0.0361551 0.0079493 0.999315 50.2437
0.999273 0.0153986 0.0348626 0.290219 -0.0150788 0.999842 -0.00941789 -0.91247 -0.0350021 0.00888535 0.999348 51.7141
0.9993 0.0160581 0.033798 0.334809 -0.0157539 0.999833 -0.00924721 -0.945963 -0.0339408 0.00870829 0.999386 53.1807
0.999314 0.0164211 0.0332094 0.3686 -0.0161428 0.999832 -0.00863224 -0.979391 -0.0333456 0.00809022 0.999411 54.628
0.999332 0.0152899 0.0331999 0.406007 -0.0150246 0.999853 -0.00822534 -1.00823 -0.0333208 0.00772103 0.999415 56.0897
0.99931 0.0143313 0.0342769 0.424126 -0.0140425 0.999864 -0.00865158 -1.03595 -0.0343962 0.00816428 0.999375 57.5325
0.999358 0.0120341 0.033742 0.475815 -0.0117149 0.999885 -0.0096416 -1.06966 -0.0338542 0.00924013 0.999384 59.0013
0.99933 0.0116537 0.0347033 0.50294 -0.0113072 0.999884 -0.0101635 -1.09841 -0.0348177 0.00976429 0.999346 60.455
0.999274 0.0109609 0.0364826 0.528842 -0.0105943 0.999891 -0.0102272 -1.12722 -0.0365907 0.00983323 0.999282 61.9032
0.999251 0.0102517 0.0373184 0.576773 -0.0098644 0.999896 -0.0105467 -1.15246 -0.0374227 0.0101707 0.999248 63.3774
0.999259 0.00858327 0.0375312 0.638909 -0.00815675 0.9999 -0.0115026 -1.18693 -0.0376262 0.0111879 0.999229 64.8484
0.999253 0.00667575 0.038066 0.690782 -0.0062047 0.999903 -0.0124794 -1.22775 -0.0381456 0.0122339 0.999197 66.3045
0.999213 0.00731597 0.038978 0.740782 -0.00681314 0.999892 -0.0130175 -1.27118 -0.039069 0.0127417 0.999155 67.7507
0.999156 0.00860357 0.0401652 0.788531 -0.00807941 0.99988 -0.013194 -1.31544 -0.0402739 0.0128584 0.999106 69.2011
0.999062 0.0116685 0.041703 0.827751 -0.011186 0.999868 -0.0117858 -1.36406 -0.041835 0.0113083 0.99906 70.6255
0.998959 0.0146781 0.0432017 0.867243 -0.0142444 0.999845 -0.0103312 -1.40852 -0.0433467 0.00970502 0.999013 72.055
0.998819 0.0184017 0.0449636 0.906989 -0.0179787 0.99979 -0.00979279 -1.45695 -0.0451344 0.00897283 0.99894 73.4702
0.998692 0.0226148 0.0458564 0.956166 -0.0221656 0.999701 -0.0102804 -1.49308 -0.0460752 0.00925048 0.998895 74.9334
0.998579 0.0256023 0.0467397 1.00486 -0.0251167 0.999624 -0.0109481 -1.53123 -0.0470024 0.00975856 0.998847 76.3933
0.998496 0.0274232 0.0474797 1.0587 -0.0269144 0.999573 -0.0113224 -1.57074 -0.0477699 0.0100275 0.998808 77.8493
0.998466 0.0276905 0.0479506 1.11314 -0.027185 0.999568 -0.0111624 -1.60968 -0.048239 0.00984172 0.998787 79.3017
0.998459 0.0270089 0.0484796 1.17012 -0.0264794 0.999583 -0.0115307 -1.65806 -0.0487708 0.0102292 0.998757 80.7377
0.998493 0.0253011 0.0487107 1.23547 -0.0247324 0.999619 -0.012242 -1.70618 -0.0490019 0.0110188 0.998738 82.148
0.998505 0.0249938 0.0486117 1.29945 -0.024424 0.999626 -0.0122814 -1.75102 -0.0489005 0.0110758 0.998742 83.56
0.998516 0.0244744 0.0486433 1.36446 -0.0239084 0.99964 -0.0121843 -1.79338 -0.048924 0.0110032 0.998742 84.9838
0.998545 0.0242587 0.0481595 1.42851 -0.0236804 0.999641 -0.0125422 -1.83623 -0.0484464 0.0113835 0.998761 86.4089
0.998571 0.024302 0.0476041 1.49173 -0.0237432 0.999643 -0.0122701 -1.87866 -0.0478852 0.0111223 0.998791 87.8341
0.998652 0.0231808 0.0464344 1.54911 -0.0226628 0.999675 -0.0116508 -1.91506 -0.0466894 0.0105828 0.998853 89.2923
0.998748 0.0209962 0.0454031 1.60503 -0.0205119 0.999728 -0.0111052 -1.95073 -0.0456239 0.01016 0.998907 90.7506
0.998841 0.0188709 0.0442704 1.66154 -0.0184037 0.999771 -0.010936 -1.98634 -0.0444666 0.0101085 0.99896 92.2054
0.998912 0.0166795 0.0435506 1.72145 -0.0162022 0.999805 -0.0112906 -2.02258 -0.0437304 0.0105727 0.998987 93.6412
0.998955 0.0153807 0.0430466 1.78067 -0.0148693 0.999815 -0.0121753 -2.06022 -0.0432259 0.0115225 0.998999 95.0769
0.998978 0.0144173 0.0428487 1.83966 -0.0138759 0.99982 -0.0129051 -2.09892 -0.043027 0.0122973 0.998998 96.5125
0.998968 0.0151988 0.0427912 1.90042 -0.0146231 0.999798 -0.0137355 -2.13972 -0.0429913 0.0130956 0.998989 97.9391
0.998948 0.014652 0.0434658 1.94429 -0.0140446 0.9998 -0.0142478 -2.18651 -0.0436659 0.0136224 0.998953 99.3234
0.998903 0.0154695 0.0441927 1.98912 -0.0148295 0.999781 -0.0147734 -2.2341 -0.0444115 0.0141018 0.998914 100.708
0.998832 0.0165065 0.0454161 2.03196 -0.0158708 0.999771 -0.0143226 -2.28136 -0.0456421 0.0135851 0.998865 102.086
0.998798 0.0169609 0.0459866 2.08514 -0.0163876 0.999783 -0.0128144 -2.32561 -0.046194 0.0120453 0.99886 103.456
0.998773 0.0181502 0.0460818 2.13956 -0.0176356 0.999777 -0.0115493 -2.37113 -0.0462811 0.0107225 0.998871 104.821
0.998771 0.0170903 0.0465264 2.19511 -0.0165144 0.999782 -0.0127351 -2.41443 -0.0467339 0.0119511 0.998836 106.195
0.998763 0.0166303 0.0468599 2.25334 -0.0159493 0.999762 -0.0148687 -2.4587 -0.0470961 0.0141029 0.998791 107.571
0.998779 0.0156557 0.0468492 2.31117 -0.0149209 0.99976 -0.0159935 -2.50478 -0.0470884 0.0152749 0.998774 108.926
0.998785 0.0134362 0.0474195 2.36843 -0.0127413 0.999807 -0.0149259 -2.55 -0.0476109 0.0143035 0.998763 110.28
0.998769 0.0109526 0.0483843 2.42759 -0.0103292 0.99986 -0.0131148 -2.59313 -0.0485212 0.0125988 0.998743 111.643
0.998735 0.00936245 0.0494112 2.49349 -0.00874364 0.99988 -0.0127248 -2.63149 -0.0495244 0.0122767 0.998697 113.017
0.998695 0.00872699 0.0503143 2.55524 -0.00801011 0.999863 -0.0144321 -2.67239 -0.0504334 0.0140103 0.998629 114.369
0.998623 0.0110598 0.051278 2.6151 -0.0102052 0.999805 -0.0168985 -2.71715 -0.0514549 0.0163519 0.998541 115.721
0.99848 0.0133345 0.053472 2.65844 -0.0123211 0.999739 -0.0192378 -2.76005 -0.0537145 0.0185497 0.998384 117.067
0.99831 0.0168619 0.0556096 2.7084 -0.0157961 0.999684 -0.0195508 -2.80523 -0.0559217 0.0186393 0.998261 118.402
0.998207 0.0181073 0.0570587 2.781 -0.0171113 0.999693 -0.0178963 -2.8485 -0.0573653 0.0168879 0.99821 119.786
0.998103 0.0182043 0.0588065 2.84246 -0.0172945 0.999723 -0.0159429 -2.89264 -0.0590805 0.0148956 0.998142 121.132
0.998034 0.0175041 0.0601766 2.91236 -0.0166002 0.999742 -0.0154879 -2.93666 -0.0604322 0.0144585 0.998067 122.488
0.997934 0.0180549 0.061659 2.98793 -0.0170834 0.999722 -0.0162462 -2.97898 -0.0619351 0.0151593 0.997965 123.849
0.997791 0.0200336 0.0633297 3.06501 -0.019 0.999677 -0.016881 -3.02207 -0.0636474 0.0156404 0.99785 125.209
0.997644 0.0218247 0.0650441 3.13759 -0.0207458 0.999636 -0.0172173 -3.06703 -0.0653962 0.0158274 0.997734 126.583
0.997509 0.0227212 0.0667843 3.21263 -0.0215365 0.999598 -0.0184055 -3.11367 -0.0671757 0.0169213 0.997597 127.957
0.997382 0.0238653 0.0682667 3.28968 -0.0226067 0.999561 -0.0191493 -3.16128 -0.0686937 0.0175559 0.997483 129.331
0.997297 0.0230298 0.0697666 3.36886 -0.0217261 0.999576 -0.0193872 -3.20912 -0.0701835 0.0178191 0.997375 130.704
0.997181 0.0227103 0.0715107 3.44762 -0.0214508 0.999602 -0.0183319 -3.26073 -0.0718984 0.0167463 0.997271 132.056
0.997075 0.0210761 0.0734666 3.52879 -0.0198558 0.999653 -0.0173013 -3.31096 -0.0738057 0.0157919 0.997147 133.409
0.996991 0.0201908 0.0748419 3.61184 -0.0189793 0.999677 -0.0168638 -3.3607 -0.0751582 0.0153926 0.997053 134.761
0.996937 0.0181034 0.0760796 3.69614 -0.0168767 0.999717 -0.0167373 -3.40952 -0.0763611 0.015402 0.996961 136.116
0.996879 0.0165183 0.0771963 3.78212 -0.0153261 0.999754 -0.0160114 -3.45777 -0.0774418 0.0147783 0.996887 137.473
0.996879 0.0152832 0.0774471 3.86154 -0.0140212 0.99976 -0.0168134 -3.49595 -0.0776854 0.015675 0.996854 138.88
0.996905 0.0142603 0.0773034 3.95154 -0.0129882 0.999772 -0.0169337 -3.54568 -0.0775272 0.0158772 0.996864 140.231
0.996936 0.0128612 0.0771602 4.03664 -0.0116497 0.999802 -0.0161308 -3.58915 -0.0773524 0.0151824 0.996888 141.624
0.996965 0.0111546 0.0770486 4.12272 -0.00994522 0.999821 -0.0160622 -3.63374 -0.077214 0.0152472 0.996898 143.003
0.996971 0.0110357 0.0769806 4.20496 -0.00981726 0.999821 -0.0161879 -3.67965 -0.0771454 0.0153831 0.996901 144.365
0.997028 0.0105851 0.0763011 4.29886 -0.00932876 0.999815 -0.0168033 -3.72559 -0.0764648 0.0160415 0.996943 145.753
0.997064 0.0103911 0.0758617 4.3899 -0.00910721 0.99981 -0.0172499 -3.77185 -0.0760264 0.0165084 0.996969 147.141
0.997127 0.00808892 0.0753103 4.48525 -0.00662255 0.999784 -0.0197005 -3.81998 -0.0754533 0.0191452 0.996965 148.539
0.99719 0.00258695 0.0748649 4.58008 -0.00108203 0.999797 -0.0201354 -3.8684 -0.0749017 0.0199978 0.99699 149.937
0.997198 -0.005328 0.0746139 4.67783 0.00664894 0.999825 -0.0174663 -3.92541 -0.0745077 0.0179135 0.997059 151.29
0.997123 -0.011532 0.074919 4.76189 0.0128049 0.999781 -0.0165322 -3.9645 -0.074712 0.017444 0.997052 152.676
0.997087 -0.0144289 0.0748969 4.8581 0.0159804 0.999669 -0.0201566 -4.00816 -0.0745813 0.0212947 0.996987 154.066
0.997012 -0.0131971 0.076108 4.94464 0.0150217 0.999612 -0.0234518 -4.05793 -0.0757689 0.024525 0.996823 155.443
0.996951 -0.00957502 0.0774398 5.0411 0.0115981 0.999602 -0.0257171 -4.11061 -0.0771627 0.0265368 0.996665 156.823
0.996847 -0.00914936 0.078816 5.14307 0.0112273 0.9996 -0.0259618 -4.16245 -0.0785469 0.0267648 0.996551 158.205
0.996588 -0.0123043 0.0816086 5.20457 0.0142042 0.99964 -0.0227409 -4.21393 -0.0812994 0.0238225 0.996405 159.538
0.996549 -0.0173407 0.0811666 5.3547 0.0190701 0.999606 -0.02058 -4.26201 -0.0807777 0.0220568 0.996488 160.955
0.99653 -0.0211364 0.0804968 5.4962 0.0227743 0.999551 -0.0194846 -4.31088 -0.0800488 0.0212502 0.996564 162.345
0.996425 -0.0224104 0.0814487 5.58496 0.0240902 0.999516 -0.0197007 -4.3596 -0.0809677 0.0215924 0.996482 163.692
0.996319 -0.0202624 0.0832915 5.68095 0.021956 0.999569 -0.0194673 -4.40462 -0.0828612 0.0212244 0.996335 165.06
0.996183 -0.0158517 0.0858314 5.76056 0.0176574 0.999637 -0.0203196 -4.45792 -0.0854781 0.0217575 0.996102 166.416
0.996016 -0.0118563 0.0883824 5.8435 0.0138904 0.999652 -0.0224354 -4.51391 -0.0880856 0.0235737 0.995834 167.77
0.995912 -0.0086425 0.0899135 5.94856 0.0107678 0.999673 -0.0231791 -4.56693 -0.0896838 0.0240524 0.995679 169.158
0.995764 -0.00667133 0.0916972 6.04448 0.00873685 0.999716 -0.0221424 -4.62031 -0.0915234 0.0228498 0.99554 170.528
0.995734 -0.00475668 0.0921488 6.15562 0.00686592 0.999721 -0.0225859 -4.67501 -0.0920156 0.0231222 0.995489 171.92
0.995627 -0.00251787 0.0933824 6.25032 0.00487002 0.999676 -0.0249689 -4.73185 -0.0932893 0.0253145 0.995317 173.282
0.995592 0.00114282 0.0937776 6.36087 0.00144465 0.99962 -0.0275189 -4.79053 -0.0937734 0.0275331 0.995212 174.669
0.99552 0.00655811 0.0943176 6.47147 -0.00385069 0.999576 -0.0288586 -4.85109 -0.0944668 0.0283661 0.995123 176.058
0.995323 0.0112458 0.0959479 6.56559 -0.00859985 0.999572 -0.0279458 -4.9089 -0.0962211 0.0269899 0.994993 177.427
0.995152 0.0139579 0.0973485 6.6778 -0.0114448 0.999588 -0.0263263 -4.96205 -0.0976758 0.0250846 0.994902 178.84
0.994919 0.0149055 0.0995676 6.77073 -0.0125307 0.999623 -0.0244339 -5.0151 -0.0998942 0.0230621 0.99473 180.2
0.994944 0.0119945 0.099708 6.89626 -0.00965811 0.999668 -0.0238824 -5.06611 -0.0999614 0.0227986 0.994729 181.604
0.995031 0.0101166 0.0990451 7.02093 -0.00776075 0.999678 -0.0241425 -5.11773 -0.0992575 0.0232538 0.994789 183.009
0.995144 0.0107144 0.0978384 7.14455 -0.00795641 0.999561 -0.0285358 -5.17617 -0.0981012 0.0276188 0.994792 184.413
0.995199 0.0128124 0.0970244 7.26802 -0.00967358 0.999416 -0.0327528 -5.23919 -0.0973874 0.031657 0.994742 185.822
0.995111 0.0174833 0.0972025 7.38242 -0.0142943 0.999339 -0.0334076 -5.3053 -0.0977224 0.0318548 0.994703 187.235
0.994985 0.0205739 0.0978858 7.49865 -0.0174736 0.999321 -0.0324246 -5.37374 -0.0984864 0.0305516 0.994669 188.642
0.994838 0.0222913 0.0989928 7.61667 -0.019497 0.999386 -0.0291058 -5.43737 -0.0995808 0.0270255 0.994662 190.049
0.994705 0.0226357 0.10024 7.7366 -0.0199932 0.999427 -0.0272876 -5.49915 -0.1008 0.025139 0.994588 191.456
0.994614 0.0222143 0.101232 7.85912 -0.0196356 0.999458 -0.0263985 -5.56015 -0.101764 0.0242685 0.994512 192.863
0.99456 0.0205066 0.10212 7.98506 -0.0179786 0.99951 -0.0256146 -5.6229 -0.102595 0.0236393 0.994442 194.296
0.994535 0.0178943 0.102859 8.12406 -0.0153934 0.999567 -0.0250564 -5.68548 -0.103263 0.0233361 0.99438 195.745
0.994498 0.0153057 0.103626 8.26423 -0.012788 0.999608 -0.0249163 -5.7479 -0.103967 0.023454 0.994304 197.194
0.994454 0.0123132 0.104445 8.41554 -0.00986199 0.999664 -0.0239527 -5.80452 -0.104705 0.0227898 0.994241 198.659
0.994357 0.0076893 0.105806 8.54009 -0.00531542 0.999728 -0.0226997 -5.85854 -0.105952 0.0220092 0.994127 200.074
0.9943 0.00526609 0.106487 8.68747 -0.00281802 0.999728 -0.0231268 -5.91188 -0.10658 0.0226949 0.994044 201.524
0.994217 0.00796099 0.107093 8.82761 -0.00504316 0.999609 -0.0274891 -5.97224 -0.10727 0.02679 0.993868 202.97
0.994069 0.0155958 0.10762 8.96842 -0.0121729 0.999401 -0.0323895 -6.03994 -0.10806 0.0308874 0.993664 204.417
0.993645 0.0246915 0.109815 9.09401 -0.0212203 0.999241 -0.0326666 -6.10485 -0.110538 0.0301287 0.993414 205.872
0.993234 0.032179 0.111582 9.22967 -0.0290848 0.999149 -0.0292482 -6.1658 -0.112428 0.0258049 0.993324 207.342
0.992994 0.0333155 0.113367 9.36405 -0.0303835 0.99916 -0.0274939 -6.22344 -0.114188 0.0238568 0.993172 208.789
0.993105 0.0314494 0.112923 9.53067 -0.0285549 0.999223 -0.0271594 -6.28245 -0.113689 0.0237476 0.993232 210.267
0.993083 0.0286508 0.113858 9.64565 -0.0256554 0.999287 -0.0276872 -6.34258 -0.11457 0.0245747 0.99311 211.702
0.993107 0.0269122 0.114071 9.79384 -0.0238251 0.999314 -0.0283408 -6.40605 -0.114755 0.0254278 0.993068 213.18
0.992837 0.027374 0.116293 9.90267 -0.0241886 0.999295 -0.0287142 -6.47535 -0.116997 0.0256956 0.992799 214.636
0.992462 0.0285198 0.11918 10.0124 -0.0252985 0.999275 -0.0284552 -6.5435 -0.119905 0.0252257 0.992464 216.084
0.992341 0.0294346 0.11997 10.17 -0.0263059 0.999273 -0.02758 -6.60841 -0.120694 0.0242128 0.992394 217.56
0.992314 0.0291295 0.120265 10.3366 -0.0259291 0.999269 -0.0280905 -6.67373 -0.120996 0.0247562 0.992344 219.04
0.992329 0.0288032 0.120221 10.5076 -0.0254691 0.999249 -0.0291785 -6.73666 -0.120971 0.0258928 0.992317 220.527
0.992312 0.0280986 0.120526 10.665 -0.0247043 0.999257 -0.0295646 -6.80238 -0.121267 0.0263598 0.992269 221.993
0.992397 0.0284845 0.119729 10.8592 -0.0251049 0.999245 -0.0296413 -6.87329 -0.120482 0.0264101 0.992363 223.544
0.992474 0.0289556 0.118973 11.0522 -0.0255795 0.999228 -0.029807 -6.94446 -0.119744 0.0265394 0.992449 225.095
0.9925 0.0288139 0.118793 11.2138 -0.0254526 0.999234 -0.0297167 -7.0187 -0.119558 0.0264702 0.992474 226.564
0.992529 0.029901 0.118279 11.3945 -0.0264645 0.999184 -0.0305192 -7.07977 -0.119095 0.027161 0.992511 228.086
0.992593 0.0297635 0.117775 11.5762 -0.026283 0.999174 -0.0309957 -7.14381 -0.118601 0.0276706 0.992556 229.605
0.992566 0.0305607 0.1178 11.7356 -0.0270362 0.999141 -0.0314026 -7.20359 -0.118658 0.0279843 0.99254 231.101
0.992559 0.0302495 0.117938 11.8951 -0.0266504 0.999133 -0.0319755 -7.26424 -0.118803 0.0285945 0.992505 232.598
0.992492 0.029773 0.118626 12.0545 -0.0260481 0.999121 -0.0328286 -7.32588 -0.119499 0.0294921 0.992395 234.098
0.99248 0.0291975 0.11887 12.2284 -0.025432 0.999129 -0.0330724 -7.39275 -0.119732 0.0298006 0.992358 235.623
0.992451 0.0283995 0.119301 12.4031 -0.0246278 0.999153 -0.0329715 -7.45946 -0.120136 0.0297845 0.99231 237.147
0.992428 0.0288139 0.119397 12.581 -0.0250284 0.999139 -0.0330849 -7.52823 -0.120247 0.029846 0.992294 238.68
0.992397 0.0294997 0.119486 12.7655 -0.0256368 0.999102 -0.0337391 -7.60037 -0.120374 0.0304193 0.992262 240.209
0.992294 0.0306359 0.120048 12.9471 -0.0266456 0.999042 -0.0347047 -7.67655 -0.120996 0.0312385 0.99216 241.729
0.992148 0.0317978 0.120955 13.13 -0.0278446 0.999026 -0.0342349 -7.75198 -0.121925 0.0305982 0.992067 243.25
0.991987 0.0316419 0.122305 13.3151 -0.0278871 0.999089 -0.032292 -7.82437 -0.123216 0.0286225 0.991966 244.77
0.991795 0.0316039 0.123862 13.5028 -0.0278194 0.999095 -0.0321668 -7.89666 -0.124766 0.0284571 0.991777 246.29
0.991634 0.0322872 0.124972 13.6834 -0.0282459 0.999023 -0.0339758 -7.96968 -0.125946 0.0301616 0.991578 247.837
0.991437 0.0331792 0.126294 13.8661 -0.0288868 0.998946 -0.0356685 -8.04532 -0.127344 0.0317149 0.991351 249.383
0.991332 0.0339776 0.126906 14.0482 -0.0296944 0.998929 -0.0354922 -8.12218 -0.127976 0.0314161 0.991279 250.939
0.99132 0.0335086 0.127122 14.2329 -0.0293184 0.998968 -0.0346916 -8.19876 -0.128153 0.0306635 0.991279 252.488
0.991287 0.0337875 0.127304 14.4186 -0.0296133 0.998964 -0.0345409 -8.27545 -0.128339 0.03047 0.991261 254.036
0.991248 0.0342756 0.127483 14.6078 -0.030074 0.998944 -0.0347382 -8.35352 -0.128539 0.0306002 0.991231 255.565
0.991155 0.0359133 0.127749 14.7977 -0.0317108 0.998892 -0.0347801 -8.42996 -0.128857 0.0304214 0.991196 257.128
0.991009 0.0371283 0.128532 14.9779 -0.0328877 0.998847 -0.0349594 -8.507 -0.129682 0.030418 0.991088 258.669
0.99089 0.0375077 0.129337 15.1594 -0.0332483 0.998836 -0.0349367 -8.58402 -0.130497 0.0303182 0.990984 260.209
0.990801 0.0360529 0.13043 15.3428 -0.0317531 0.998886 -0.0348978 -8.66089 -0.131543 0.0304352 0.990842 261.75
0.990739 0.0341267 0.131417 15.5312 -0.0298533 0.998964 -0.0343523 -8.73758 -0.132453 0.0301109 0.990731 263.304
0.990606 0.0320256 0.132938 15.7221 -0.0277199 0.999034 -0.0341146 -8.81395 -0.133902 0.0301091 0.990536 264.858
0.990493 0.0308589 0.134051 15.9129 -0.0263507 0.99903 -0.0352759 -8.89082 -0.13501 0.0314082 0.990345 266.402
0.990546 0.030268 0.133794 16.1185 -0.0256117 0.99901 -0.0363875 -8.97567 -0.134763 0.0326168 0.99034 267.982
0.990256 0.0282912 0.136348 16.2639 -0.023732 0.999107 -0.0349485 -9.04972 -0.137215 0.0313722 0.990043 269.488
0.989839 0.026584 0.139683 16.415 -0.022069 0.999186 -0.0337734 -9.12478 -0.140467 0.0303476 0.989619 270.99
0.990017 0.0254113 0.138633 16.6555 -0.020834 0.999192 -0.03437 -9.20793 -0.139394 0.0311386 0.989746 272.608
0.990407 0.0240282 0.13607 16.9357 -0.0194658 0.999206 -0.0347616 -9.30216 -0.136797 0.0317794 0.990088 274.255
0.990044 0.0243915 0.138622 17.1017 -0.0197149 0.999193 -0.03501 -9.38574 -0.139364 0.0319285 0.989725 275.734
0.990001 0.025819 0.138668 17.3306 -0.0211778 0.999168 -0.0348419 -9.46879 -0.139452 0.0315568 0.989725 277.326
0.989855 0.0273997 0.139409 17.5405 -0.0226836 0.999119 -0.0353063 -9.5515 -0.140253 0.0317858 0.989604 278.874
0.989702 0.0279933 0.140372 17.7537 -0.0232422 0.999104 -0.0353726 -9.63636 -0.141237 0.0317458 0.989466 280.428
0.989529 0.0276766 0.14165 17.9625 -0.0228825 0.999113 -0.0353624 -9.72009 -0.142503 0.0317508 0.989284 281.976
0.989308 0.0281131 0.143099 18.1665 -0.0231512 0.999076 -0.0362226 -9.80263 -0.143985 0.0325223 0.989044 283.539
0.989184 0.0267886 0.144206 18.3747 -0.021693 0.999088 -0.0367932 -9.8796 -0.14506 0.033267 0.988863 285.135
0.98894 0.0260655 0.146004 18.5937 -0.0209358 0.999112 -0.0365609 -9.96697 -0.146827 0.0330998 0.988607 286.678
0.988901 0.0244305 0.146547 18.8211 -0.0194354 0.999184 -0.0354207 -10.0521 -0.147293 0.0321793 0.988568 288.274
0.988904 0.0231861 0.14673 19.0482 -0.0181996 0.999213 -0.035236 -10.1345 -0.147431 0.0321745 0.988548 289.862
0.988924 0.0222508 0.146738 19.2732 -0.01692 0.999154 -0.0374775 -10.2216 -0.147447 0.0345796 0.988464 291.434
0.989029 0.0208743 0.146232 19.5011 -0.0152337 0.9991 -0.0395872 -10.3058 -0.146927 0.0369252 0.988457 293.026
0.989115 0.021092 0.145616 19.7246 -0.015452 0.99909 -0.0397549 -10.3927 -0.146322 0.0370721 0.988541 294.597
0.989199 0.0198291 0.145222 19.9477 -0.0141809 0.999106 -0.0398259 -10.4796 -0.145882 0.0373364 0.988596 296.168
0.98926 0.0200013 0.144783 20.1689 -0.0142666 0.999076 -0.0405392 -10.5683 -0.14546 0.0380382 0.988632 297.739
0.98925 0.0200126 0.14485 20.39 -0.0142336 0.999065 -0.0408232 -10.6572 -0.145532 0.0383226 0.98861 299.311
0.989274 0.0199212 0.144703 20.6132 -0.0142178 0.999085 -0.0403423 -10.7481 -0.145374 0.0378522 0.988651 300.92
0.989376 0.0196515 0.144039 20.8353 -0.0139946 0.999094 -0.0401821 -10.8387 -0.144698 0.0377394 0.988755 302.53
0.989527 0.0188511 0.143107 21.0692 -0.0133764 0.999145 -0.0391215 -10.9233 -0.143722 0.0367975 0.988933 304.16
0.989549 0.0205923 0.142713 21.2933 -0.0153209 0.999162 -0.0379381 -11.0104 -0.143375 0.0353551 0.989036 305.758
0.989553 0.020788 0.142657 21.5475 -0.0154577 0.999144 -0.0383719 -11.092 -0.143333 0.0357658 0.989027 307.434
0.989399 0.0211526 0.143665 21.7735 -0.0157062 0.999118 -0.0389392 -11.1744 -0.144362 0.0362699 0.988859 309.035
0.989476 0.0197358 0.143339 22.0269 -0.0142017 0.999117 -0.0395294 -11.2555 -0.143992 0.0370777 0.988883 310.675
0.989519 0.0178943 0.14328 22.2619 -0.0121468 0.99909 -0.0408878 -11.3401 -0.143881 0.0387188 0.988836 312.292
0.989545 0.0168925 0.143221 22.499 -0.0108262 0.999015 -0.0430296 -11.4286 -0.143807 0.0410292 0.988754 313.906
0.989647 0.0164548 0.142566 22.7357 -0.0102334 0.998967 -0.0442623 -11.5191 -0.143147 0.0423451 0.988794 315.525
0.98997 0.017488 0.140185 22.9639 -0.0112293 0.99891 -0.0453131 -11.6154 -0.140825 0.0432844 0.989087 317.159
0.990306 0.0182289 0.13769 23.1982 -0.0121565 0.998921 -0.0448148 -11.7134 -0.138358 0.0427065 0.98946 318.818
0.990421 0.018776 0.136787 23.4311 -0.0131447 0.999033 -0.0419562 -11.8066 -0.137442 0.0397563 0.989711 320.478
0.990435 0.0169958 0.136921 23.6665 -0.0117298 0.999163 -0.0391759 -11.8976 -0.137472 0.0371952 0.989806 322.148
0.990393 0.0162854 0.137309 23.8796 -0.0110694 0.999191 -0.0386649 -11.9862 -0.137828 0.0367735 0.989772 323.798
0.99033 0.0152364 0.137885 24.0938 -0.00981361 0.999154 -0.0399225 -12.077 -0.138377 0.0381833 0.989642 325.447
0.990251 0.0144099 0.138541 24.3226 -0.00891495 0.999152 -0.0402022 -12.1674 -0.139002 0.0385752 0.989539 327.126
0.990156 0.0146296 0.139195 24.538 -0.00914089 0.999158 -0.0399896 -12.262 -0.139663 0.0383235 0.989456 328.766
0.990148 0.0144771 0.139264 24.7881 -0.00892616 0.999144 -0.040401 -12.3513 -0.13973 0.0387599 0.98943 330.466
0.990127 0.0164108 0.139203 25.0245 -0.0107095 0.999076 -0.0416077 -12.4457 -0.139757 0.0397061 0.989388 332.122
0.990044 0.0172213 0.139693 25.2543 -0.0114028 0.999038 -0.0423457 -12.5413 -0.140288 0.0403312 0.989288 333.769
0.98998 0.0156225 0.140335 25.4815 -0.0100341 0.999131 -0.0404414 -12.6422 -0.140845 0.038628 0.989277 335.41
0.989934 0.0147694 0.140751 25.6989 -0.00920742 0.999154 -0.0400858 -12.7328 -0.141224 0.0383863 0.989232 337.028
0.989879 0.0138471 0.141227 25.9162 -0.00804717 0.999103 -0.041557 -12.8265 -0.141676 0.0399999 0.989103 338.654
0.989753 0.0149729 0.141995 26.1306 -0.00913228 0.999088 -0.0416955 -12.9214 -0.14249 0.0399715 0.988988 340.276
0.98968 0.0169281 0.142285 26.3453 -0.0108106 0.998988 -0.0436582 -13.0199 -0.14288 0.0416694 0.988861 341.899
0.989709 0.0190205 0.141819 26.5715 -0.0125052 0.998831 -0.0466914 -13.1218 -0.142542 0.0444374 0.98879 343.549
0.989787 0.019601 0.141189 26.8046 -0.0131848 0.998843 -0.0462367 -13.2224 -0.141932 0.043903 0.988901 345.218
0.989945 0.0190557 0.140153 27.0272 -0.0131912 0.999003 -0.042654 -13.3287 -0.140826 0.0403763 0.98921 346.819
0.990088 0.0191993 0.13912 27.2478 -0.0138119 0.99912 -0.0395875 -13.4286 -0.139757 0.0372736 0.989483 348.428
0.990376 0.0187933 0.137112 27.4869 -0.013347 0.999089 -0.0405336 -13.5259 -0.137749 0.0383135 0.989725 350.068
0.990567 0.0177441 0.135865 27.6967 -0.0121053 0.999035 -0.0422172 -13.6155 -0.136483 0.0401743 0.989826 351.661
0.99078 0.0159764 0.134528 27.9063 -0.0105235 0.999097 -0.0411468 -13.7086 -0.135064 0.0393517 0.990054 353.27
0.990888 0.0146099 0.133883 28.1193 -0.00922006 0.999125 -0.0407897 -13.8052 -0.134362 0.0391836 0.990156 354.901
0.990876 0.014385 0.134001 28.3286 -0.00891298 0.999105 -0.0413463 -13.9043 -0.134476 0.0397747 0.990117 356.523
0.99086 0.0140757 0.13415 28.5383 -0.00847599 0.999072 -0.0422223 -14.0047 -0.13462 0.0406993 0.99006 358.145
0.990835 0.0134227 0.134402 28.7485 -0.00781872 0.999081 -0.0421369 -14.1047 -0.134844 0.0406998 0.990029 359.767
0.990792 0.0127131 0.134784 28.9591 -0.00707311 0.999082 -0.0422411 -14.2041 -0.135198 0.0408988 0.989973 361.384
0.990754 0.0120939 0.135124 29.1703 -0.00637135 0.999067 -0.0427024 -14.3041 -0.135515 0.0414466 0.989907 363
0.990724 0.0117703 0.135372 29.382 -0.00597189 0.99905 -0.0431595 -14.405 -0.135751 0.0419507 0.989853 364.617
0.990688 0.0108625 0.135706 29.5941 -0.00509058 0.99907 -0.0428072 -14.5053 -0.136045 0.0417178 0.989823 366.228
0.990652 0.0106638 0.135985 29.8083 -0.00481332 0.999051 -0.043279 -14.6061 -0.136318 0.0422199 0.989764 367.841
0.990642 0.00925065 0.136164 30.0192 -0.00321594 0.999005 -0.0444726 -14.7054 -0.13644 0.0436186 0.989686 369.437
0.990611 0.00758236 0.136493 30.2323 -0.00175313 0.999083 -0.0427764 -14.8024 -0.136693 0.0421355 0.989716 371.042
0.990589 0.00602906 0.136732 30.4463 -0.000282838 0.999117 -0.0420056 -14.8974 -0.136865 0.0415716 0.989716 372.663
0.990511 0.0055801 0.137311 30.6606 0.00034345 0.999071 -0.0430781 -14.9938 -0.137423 0.0427165 0.98959 374.281
0.990399 0.00673141 0.138064 30.8742 -0.000709865 0.999048 -0.0436169 -15.0904 -0.138226 0.0431002 0.989461 375.898
0.990223 0.00845016 0.139226 31.079 -0.00246338 0.999067 -0.0431167 -15.1828 -0.13946 0.0423522 0.98932 377.511
0.990067 0.00959222 0.140259 31.2884 -0.00363953 0.999084 -0.0426355 -15.274 -0.14054 0.0417015 0.989195 379.135
0.989883 0.0101275 0.141514 31.4955 -0.00405111 0.99906 -0.0431604 -15.3669 -0.141818 0.0421505 0.988994 380.741
0.989767 0.0102712 0.142313 31.7043 -0.00399884 0.999011 -0.0442906 -15.4625 -0.142627 0.0432683 0.988829 382.345
0.989606 0.0110521 0.143372 31.9148 -0.00466059 0.998983 -0.0448393 -15.559 -0.143721 0.0437051 0.988651 383.948
0.989398 0.011696 0.144748 32.1345 -0.00512091 0.998941 -0.0457135 -15.6485 -0.145129 0.0444876 0.988411 385.57
0.98923 0.0133448 0.145751 32.3559 -0.006658 0.998907 -0.0462698 -15.739 -0.146209 0.0448011 0.988238 387.193
0.989024 0.015028 0.146979 32.5792 -0.00824568 0.998877 -0.0466457 -15.8301 -0.147515 0.0449219 0.988038 388.814
0.988942 0.0158932 0.147442 32.8189 -0.00897596 0.998833 -0.0474618 -15.9327 -0.148024 0.0456136 0.98793 390.455
0.98889 0.0172946 0.147629 33.059 -0.0102798 0.998787 -0.0481473 -16.0368 -0.148283 0.0460948 0.987869 392.091
0.988925 0.0171739 0.147412 33.3007 -0.0101349 0.998778 -0.0483694 -16.1406 -0.148063 0.0463397 0.98789 393.719
0.988938 0.0182553 0.147194 33.5381 -0.0113463 0.9988 -0.0476417 -16.2436 -0.147887 0.0454446 0.987958 395.348
0.988916 0.0196006 0.14717 33.7743 -0.0127195 0.998788 -0.0475524 -16.3462 -0.147923 0.0451534 0.987966 396.981
0.988913 0.0196842 0.147178 34.0105 -0.0127192 0.998761 -0.0481162 -16.4501 -0.147943 0.0457107 0.987938 398.615
0.988934 0.0192988 0.147085 34.2501 -0.0123407 0.998767 -0.0480727 -16.5546 -0.147831 0.0457256 0.987954 400.248
