1 0 0 0 0 1 0 0 0 0 1 0
0.999998 -0.00141771 0.00131043 -0.0708639 0.00141883 0.999999 -0.000856292 -0.0102885 -0.00130921 0.00085815 0.999999 0.564987
0.999997 -0.0012912 0.00194232 -0.10758 0.001296 0.999996 -0.00247221 -0.0245167 -0.00193912 0.00247472 0.999995 1.10485
0.999998 -0.00187817 0.000323447 -0.116344 0.0018794 0.999991 -0.00386952 -0.0351351 -0.000316177 0.00387012 0.999992 1.67562
0.999991 -0.00399457 -0.00125708 -0.126049 0.00398754 0.999977 -0.00554301 -0.0465664 0.00127919 0.00553795 0.999984 2.24799
0.999978 -0.00620869 -0.00243757 -0.132479 0.00619018 0.999952 -0.00752796 -0.0595393 0.00248419 0.00751271 0.999969 2.81231
0.999966 -0.00745106 -0.003407 -0.139471 0.00742312 0.999939 -0.00814223 -0.0727879 0.00346746 0.00811666 0.999961 3.37679
0.999963 -0.00750661 -0.00423461 -0.146865 0.00747465 0.999944 -0.00751363 -0.0856087 0.00429078 0.0074817 0.999963 3.94129
0.999955 -0.00820172 -0.00474184 -0.154352 0.00816443 0.999936 -0.00783147 -0.0993668 0.00480576 0.0077924 0.999958 4.50762
0.99996 -0.00727413 -0.00514543 -0.167938 0.00721872 0.999917 -0.0107067 -0.115405 0.00522288 0.0106692 0.99993 5.09454
0.999968 -0.00541017 -0.00593667 -0.186664 0.00532347 0.99988 -0.0145237 -0.13304 0.00601454 0.0144916 0.999877 5.70191
0.999972 -0.00409643 -0.00631375 -0.247896 0.00398142 0.999828 -0.0181218 -0.152747 0.0063869 0.0180961 0.999816 6.38758
0.999977 -0.00219379 -0.00646098 -0.29888 0.00207746 0.999837 -0.0179571 -0.171412 0.00649932 0.0179432 0.999818 7.06016
0.99998 0.000317659 -0.00624393 -0.349346 -0.000387471 0.999937 -0.0111829 -0.184987 0.00623998 0.0111851 0.999918 7.73258
0.999984 0.000719861 -0.00566105 -0.364727 -0.000725981 0.999999 -0.00107916 -0.188171 0.00566026 0.00108326 0.999984 8.36445
0.99998 0.00142514 -0.00609545 -0.356471 -0.00139385 0.999986 0.00513444 -0.191196 0.00610268 -0.00512585 0.999968 9.00627
0.999969 0.00346665 -0.00712314 -0.372212 -0.00343911 0.999987 0.00387477 -0.200962 0.00713648 -0.00385016 0.999967 9.70426
0.999952 0.00586593 -0.00781414 -0.382646 -0.00589026 0.999978 -0.00309394 -0.212976 0.00779582 0.00313982 0.999965 10.397
0.999948 0.00599711 -0.00822641 -0.393146 -0.0060656 0.999947 -0.00832567 -0.228451 0.00817605 0.00837513 0.999932 11.0898
0.999956 0.00404844 -0.00850475 -0.416286 -0.00410302 0.999971 -0.00641017 -0.239102 0.00847855 0.00644478 0.999943 11.8419
0.999954 0.0029729 -0.00914806 -0.402247 -0.00294961 0.999992 0.00255816 -0.243362 0.0091556 -0.00253106 0.999955 12.5829
0.999947 0.00214789 -0.0100844 -0.40093 -0.00204893 0.99995 0.00981256 -0.244943 0.0101049 -0.00979138 0.999901 13.3691
0.999939 0.00120982 -0.010942 -0.403433 -0.00107726 0.999926 0.0121123 -0.246016 0.0109558 -0.0120998 0.999867 14.1649
0.999936 -0.000700873 -0.0112895 -0.403844 0.000827158 0.999937 0.0111853 -0.248438 0.011281 -0.0111939 0.999874 14.9649
0.999936 -0.00126607 -0.0112814 -0.402386 0.00136587 0.99996 0.00884299 -0.248327 0.0112697 -0.00885783 0.999897 15.7888
0.999936 0.00118746 -0.0112889 -0.407228 -0.00112415 0.999983 0.00561297 -0.250492 0.0112954 -0.00559992 0.999921 16.6402
0.99995 -0.00192724 -0.00984748 -0.423243 0.00192676 0.999998 -5.80139e-05 -0.254163 0.00984758 3.90355e-05 0.999952 17.5015
0.999943 -0.00482562 -0.00948064 -0.423514 0.00476581 0.999969 -0.00632073 -0.264734 0.00951085 0.00627518 0.999935 18.3881
0.999953 -0.00380113 -0.00887438 -0.427488 0.00369897 0.999927 -0.0114994 -0.279129 0.00891745 0.0114661 0.999895 19.307
0.999955 -0.00261528 -0.00908038 -0.433568 0.00250346 0.999921 -0.0123036 -0.294808 0.00911184 0.0122804 0.999883 20.2318
0.999954 -0.00227911 -0.00934325 -0.439961 0.00216701 0.999926 -0.0119904 -0.312876 0.00936989 0.0119696 0.999885 21.1525
0.999956 -0.000672914 -0.00935251 -0.451405 0.000548286 0.999911 -0.0133218 -0.335718 0.00936065 0.0133161 0.999868 22.097
0.999954 0.00216509 -0.00931203 -0.464566 -0.0023075 0.99988 -0.0153101 -0.360634 0.00927777 0.0153309 0.99984 23.0527
0.999936 0.0058946 -0.00965337 -0.47649 -0.00604956 0.999852 -0.0161026 -0.38581 0.00955703 0.01616 0.999824 24.0269
0.999927 0.0075347 -0.00949213 -0.49533 -0.00768737 0.99984 -0.0161516 -0.412256 0.00936892 0.0162234 0.999825 24.9966
0.999921 0.00837559 -0.00937494 -0.51527 -0.00852773 0.99983 -0.0163078 -0.440116 0.00923677 0.0163864 0.999823 25.9686
0.999921 0.00841038 -0.00934733 -0.528971 -0.00856095 0.999832 -0.0161877 -0.469221 0.00920962 0.0162665 0.999826 26.9617
0.999911 0.00939425 -0.00948461 -0.548131 -0.00953602 0.999842 -0.0150139 -0.499719 0.00934207 0.015103 0.999843 27.9657
0.999902 0.009882 -0.00988142 -0.562535 -0.0100104 0.999865 -0.0130349 -0.527944 0.00975128 0.0131325 0.999866 28.9752
0.999891 0.0102667 -0.010615 -0.572335 -0.010393 0.999875 -0.0119103 -0.554526 0.0104914 0.0120193 0.999873 30.0018
0.999888 0.0100023 -0.0111289 -0.582784 -0.010147 0.999863 -0.0130282 -0.582601 0.0109971 0.0131397 0.999853 31.0286
0.999869 0.0110266 -0.0118855 -0.592864 -0.0111915 0.999841 -0.013896 -0.610313 0.0117304 0.0140272 0.999833 32.0766
0.99986 0.0105209 -0.0130079 -0.60171 -0.0106904 0.999858 -0.0130369 -0.63709 0.0128689 0.0131741 0.999831 33.1294
0.999869 0.0099301 -0.0127646 -0.63338 -0.0100637 0.999895 -0.0104463 -0.664079 0.0126595 0.0105734 0.999864 34.1691
0.999861 0.0104874 -0.0129463 -0.658026 -0.0105774 0.99992 -0.00690733 -0.687967 0.0128728 0.00704331 0.999892 35.2329
0.999866 0.0106858 -0.0124006 -0.697737 -0.0107431 0.999932 -0.00456324 -0.712466 0.012351 0.00469585 0.999913 36.2969
0.99988 0.0107675 -0.0111171 -0.75026 -0.0108132 0.999933 -0.00406192 -0.734718 0.0110727 0.00418164 0.99993 37.3483
0.999883 0.0104031 -0.0112123 -0.775471 -0.0104654 0.99993 -0.00551191 -0.755959 0.0111542 0.0056286 0.999922 38.4447
0.999876 0.0108779 -0.0113647 -0.801987 -0.0109472 0.999922 -0.00605393 -0.776722 0.011298 0.00617759 0.999917 39.5425
0.999875 0.0105408 -0.011799 -0.825087 -0.0106 0.999931 -0.00496475 -0.79967 0.0117458 0.0050892 0.999918 40.6275
0.999868 0.0105397 -0.0123462 -0.849202 -0.0105781 0.999939 -0.00304791 -0.821237 0.0123133 0.0031781 0.999919 41.7079
0.999862 0.0108691 -0.0125764 -0.875003 -0.0108798 0.99994 -0.000787089 -0.840724 0.0125671 0.000923805 0.999921 42.7915
0.999843 0.012085 -0.0129396 -0.900537 -0.0120992 0.999926 -0.00102335 -0.862156 0.0129263 0.00117975 0.999916 43.8773
0.999821 0.0132438 -0.013493 -0.91616 -0.01331 0.999899 -0.00483343 -0.885597 0.0134277 0.00501215 0.999897 44.9869
0.999801 0.0145181 -0.013657 -0.936759 -0.0146348 0.999856 -0.00848843 -0.915369 0.0135318 0.00868661 0.999871 46.0853
0.999805 0.0149035 -0.0129761 -0.971128 -0.0150165 0.999849 -0.00865864 -0.94419 0.0128451 0.00885181 0.999878 47.1597
0.999819 0.015608 -0.0108886 -1.02347 -0.0156732 0.999859 -0.00593437 -0.971364 0.0107944 0.00610396 0.999923 48.2394
0.999821 0.0164822 -0.00932704 -1.06172 -0.0165207 0.999855 -0.00406665 -0.995534 0.00925867 0.00422 0.999948 49.3291
0.99986 0.0150526 -0.0073191 -1.10483 -0.0150746 0.999881 -0.00296967 -1.01821 0.00727354 0.00307959 0.999969 50.4097
0.999874 0.0149002 -0.00544257 -1.13975 -0.0149217 0.99988 -0.0039309 -1.04022 0.00538335 0.00401161 0.999977 51.5084
0.999886 0.0142219 -0.00511684 -1.13763 -0.0142503 0.999883 -0.00556033 -1.06687 0.00503717 0.00563261 0.999971 52.5708
0.999887 0.0142038 -0.00486519 -1.15458 -0.0142413 0.999868 -0.0077718 -1.08975 0.00475416 0.00784021 0.999958 53.6897
0.999899 0.0133181 -0.00487926 -1.15096 -0.0133676 0.999858 -0.0102616 -1.12177 0.0047419 0.0103258 0.999935 54.7531
0.999915 0.0117279 -0.00572033 -1.13754 -0.0118039 0.99984 -0.0134278 -1.15644 0.00556194 0.0134942 0.999893 55.8222
0.999928 0.00991833 -0.00678028 -1.12772 -0.0100197 0.999836 -0.0150865 -1.18914 0.00662954 0.0151534 0.999863 56.9218
0.999939 0.00812855 -0.00746597 -1.12697 -0.00822432 0.999883 -0.0128883 -1.22063 0.00736034 0.0129489 0.999889 58.036
0.999943 0.00644154 -0.00856023 -1.11074 -0.00650056 0.999955 -0.00688524 -1.25248 0.00851549 0.00694049 0.99994 59.1192
0.999943 0.00491229 -0.00948729 -1.10205 -0.00491995 0.999987 -0.000785347 -1.28046 0.00948332 0.000831973 0.999955 60.2073
0.999952 0.00331778 -0.00926118 -1.12234 -0.00331952 0.999994 -0.000173315 -1.30112 0.00926056 0.000204043 0.999957 61.329
0.99996 0.000105957 -0.0089121 -1.13816 -0.000132117 0.999995 -0.00293499 -1.3265 0.00891176 0.00293605 0.999956 62.4246
0.999964 -0.00118342 -0.00834825 -1.15751 0.00113499 0.999982 -0.00580365 -1.35423 0.00835497 0.00579397 0.999948 63.5027
0.999961 0.000665106 -0.00876721 -1.17331 -0.000748543 0.999954 -0.00951733 -1.38456 0.00876048 0.00952352 0.999916 64.625
0.999965 0.00068355 -0.00831568 -1.19656 -0.000795555 0.999908 -0.0134736 -1.419 0.00830572 0.0134797 0.999875 65.7194
0.999972 0.00375997 -0.00649526 -1.23361 -0.00384975 0.999896 -0.0138654 -1.45262 0.00644246 0.01389 0.999883 66.8055
0.99996 0.00769325 -0.00461187 -1.27175 -0.00774068 0.999916 -0.0103595 -1.48265 0.00453179 0.0103947 0.999936 67.9304
0.999952 0.00895892 -0.00406031 -1.28896 -0.0089906 0.999928 -0.00785662 -1.51814 0.00398964 0.00789275 0.999961 69.0129
0.999959 0.00793453 -0.00444414 -1.28737 -0.00796366 0.999946 -0.00657812 -1.54988 0.00439171 0.00661323 0.999968 70.1008
0.999975 0.00572718 -0.00415648 -1.2999 -0.00575071 0.999967 -0.00567095 -1.57548 0.00412387 0.00569471 0.999975 71.1993
0.999982 0.00463802 -0.00376709 -1.31544 -0.00465436 0.999979 -0.00434329 -1.60215 0.00374688 0.00436074 0.999983 72.2929
0.999988 0.00292055 -0.00388572 -1.32493 -0.00292882 0.999993 -0.00212476 -1.62787 0.0038795 0.00213611 0.99999 73.3918
0.999992 0.0017873 -0.00368333 -1.34874 -0.0017891 0.999998 -0.000485146 -1.65144 0.00368246 0.000491725 0.999993 74.4911
0.999994 0.000952991 -0.00321481 -1.37139 -0.000958059 0.999998 -0.00157685 -1.67837 0.00321331 0.00157992 0.999993 75.5703
0.999987 0.00105807 -0.00498753 -1.36384 -0.00108591 0.999983 -0.00558343 -1.69723 0.00498155 0.00558876 0.999972 76.6926
0.99998 0.00117686 -0.00629465 -1.36517 -0.00122569 0.999969 -0.0077596 -1.72147 0.00628534 0.00776715 0.99995 77.7663
0.999969 0.00296379 -0.00730392 -1.37647 -0.00300761 0.999977 -0.0059973 -1.75018 0.00728599 0.00601907 0.999955 78.85
0.99996 0.00384274 -0.00808 -1.38895 -0.00385665 0.999991 -0.00170733 -1.77425 0.00807337 0.00173841 0.999966 79.9343
0.999951 0.00525043 -0.00845522 -1.41251 -0.00523116 0.999983 0.00229838 -1.79649 0.00846716 -0.00225405 0.999961 81.024
0.999942 0.00618723 -0.00881282 -1.43617 -0.00616105 0.999976 0.00299356 -1.81805 0.00883115 -0.0029391 0.999957 82.1139
0.999941 0.00591361 -0.00910403 -1.46005 -0.00590306 0.999981 0.00118443 -1.84176 0.00911088 -0.00113063 0.999958 83.2054
0.999947 0.00572985 -0.00855412 -1.50325 -0.00572688 0.999983 0.000371715 -1.85917 0.00855612 -0.000322714 0.999963 84.245
0.999952 0.00501163 -0.00843647 -1.53282 -0.00501022 0.999987 0.000187129 -1.8815 0.00843731 -0.000144858 0.999964 85.3016
0.999958 0.00388805 -0.00833297 -1.56527 -0.00388322 0.999992 0.000595349 -1.90495 0.00833523 -0.000562972 0.999965 86.3497
0.999967 0.00248952 -0.00773202 -1.60223 -0.00247273 0.999994 0.0021799 -1.92772 0.00773742 -0.00216071 0.999968 87.3807
0.99996 0.00260232 -0.00860426 -1.61013 -0.00255986 0.999984 0.0049426 -1.95039 0.008617 -0.00492038 0.999951 88.3971
0.999958 0.0015248 -0.00906644 -1.63309 -0.00147055 0.99998 0.00598682 -1.9715 0.0090754 -0.00597324 0.999941 89.3936
0.999948 0.000560599 -0.0102386 -1.66496 -0.000497402 0.99998 0.00617375 -1.98705 0.0102418 -0.00616834 0.999928 90.3479
0.999903 -0.000386697 -0.0139539 -1.67486 0.00046094 0.999985 0.00531768 -2.00606 0.0139516 -0.0053236 0.999888 91.3075
0.999855 -0.00039858 -0.0170057 -1.70257 0.000475996 0.999989 0.00454852 -2.02462 0.0170037 -0.00455596 0.999845 92.2319
0.999805 -0.000601624 -0.0197349 -1.73228 0.000698903 0.999987 0.00492267 -2.04315 0.0197317 -0.00493551 0.999793 93.1328
0.999742 0.000172152 -0.0227041 -1.76086 -3.3473e-05 0.999981 0.00610829 -2.06035 0.0227048 -0.00610596 0.999723 94.0245
0.999701 0.00103151 -0.024442 -1.809 -0.000854794 0.999973 0.00723921 -2.07731 0.0244489 -0.00721616 0.999675 94.8751
0.999624 0.00193634 -0.0273392 -1.83318 -0.00169503 0.999959 0.00884678 -2.09501 0.0273552 -0.00879713 0.999587 95.6848
0.999564 0.00356534 -0.0293198 -1.87737 -0.00328783 0.999949 0.00950763 -2.1059 0.0293522 -0.00940709 0.999525 96.4891
0.999469 0.00537853 -0.0321333 -1.90489 -0.00505327 0.999934 0.0101945 -2.12365 0.032186 -0.0100267 0.999432 97.2595
0.999357 0.00726547 -0.0351186 -1.93697 -0.00695246 0.999934 0.00902667 -2.138 0.0351819 -0.00877671 0.999342 98.0125
0.999249 0.00844397 -0.0378168 -1.97107 -0.00824476 0.999951 0.00542056 -2.15359 0.0378607 -0.0051047 0.99927 98.7307
0.999116 0.0109655 -0.0405956 -2.00247 -0.0108982 0.999938 0.00187932 -2.16883 0.0406137 -0.00143524 0.999174 99.4124
0.999001 0.0127603 -0.0428373 -2.03682 -0.0128123 0.999917 -0.000940401 -2.17817 0.0428218 0.0014883 0.999082 100.09
0.998912 0.0148741 -0.044193 -2.06031 -0.0149833 0.999885 -0.00214122 -2.18901 0.044156 0.00280104 0.999021 100.75
0.998888 0.0172626 -0.0438755 -2.08212 -0.0173653 0.999847 -0.0019606 -2.2012 0.0438349 0.00272033 0.999035 101.371
0.99891 0.02106 -0.0416561 -2.09685 -0.0211046 0.999776 -0.000633074 -2.21456 0.0416335 0.00151152 0.999132 101.977
0.999026 0.0236868 -0.0372309 -2.09788 -0.0236754 0.999719 0.000746494 -2.22852 0.0372381 0.000135687 0.999306 102.557
0.999219 0.024582 -0.0309232 -2.08601 -0.0245143 0.999695 0.00256552 -2.24093 0.0309769 -0.00180546 0.999518 103.113
0.99945 0.0245097 -0.0223497 -2.06901 -0.0244068 0.99969 0.0048641 -2.25024 0.022462 -0.00431594 0.999738 103.645
0.999632 0.0241921 -0.0122618 -2.03169 -0.0241227 0.999692 0.00577746 -2.25802 0.0123978 -0.00547956 0.999908 104.177
0.999723 0.0235143 -0.000757638 -1.98257 -0.0235097 0.999708 0.00553696 -2.26438 0.000887612 -0.00551762 0.999984 104.67
0.999655 0.0237292 0.0112524 -1.90473 -0.0237772 0.999708 0.0041464 -2.26794 -0.0111508 -0.00441253 0.999928 105.142
0.999408 0.0229338 0.0256186 -1.80583 -0.0229449 0.999736 0.000141014 -2.26708 -0.0256087 -0.000728752 0.999672 105.616
0.998805 0.0228925 0.0431856 -1.70568 -0.0226934 0.999729 -0.00509425 -2.26851 -0.0432906 0.00410813 0.999054 106.033
0.997711 0.0212254 0.0642066 -1.59826 -0.0206 0.999733 -0.0103868 -2.27212 -0.06441 0.00904032 0.997883 106.445
0.996271 0.0198439 0.0839652 -1.40745 -0.0186506 0.999713 -0.0149727 -2.26218 -0.0842383 0.0133509 0.996356 106.88
0.994178 0.0178229 0.106264 -1.2084 -0.0159648 0.999704 -0.0183103 -2.24885 -0.106559 0.0165072 0.994169 107.282
0.991079 0.0162233 0.132282 -1.01703 -0.0133554 0.999656 -0.0225388 -2.23525 -0.132602 0.020571 0.990956 107.689
0.986181 0.0145136 0.165033 -0.868278 -0.010341 0.999605 -0.0261146 -2.22785 -0.165347 0.0240471 0.985942 108.083
0.979241 0.0119002 0.202349 -0.723526 -0.00644123 0.999597 -0.0276152 -2.23411 -0.202596 0.0257386 0.978924 108.489
0.970307 0.0107854 0.241636 -0.568384 -0.00372396 0.999553 -0.0296609 -2.23972 -0.241848 0.0278803 0.969914 108.883
0.959198 0.0123966 0.282462 -0.411414 -0.00354347 0.999486 -0.031832 -2.247 -0.282712 0.0295324 0.95875 109.251
0.945259 0.0153049 0.325963 -0.245323 -0.00464694 0.999429 -0.0334505 -2.25392 -0.326289 0.0301047 0.944791 109.6
0.928922 0.0157055 0.369941 -0.0666953 -0.00365839 0.99944 -0.033244 -2.2608 -0.370256 0.0295277 0.92846 109.932
0.910092 0.0155298 0.414115 0.126738 -0.00202036 0.999451 -0.0330405 -2.26785 -0.414401 0.0292333 0.909625 110.253
0.888 0.0144347 0.459617 0.317273 0.00130966 0.999423 -0.0339182 -2.28396 -0.459841 0.0307213 0.887469 110.557
0.863437 0.0147379 0.504241 0.52086 0.00399802 0.999341 -0.0360547 -2.30478 -0.50444 0.0331469 0.86281 110.864
0.83647 0.0165939 0.547762 0.736117 0.00589006 0.999211 -0.0392646 -2.32662 -0.547982 0.03607 0.835712 111.15
0.806525 0.0211064 0.590824 0.967845 0.00548834 0.999052 -0.0431818 -2.35048 -0.591175 0.0380698 0.805644 111.429
0.773437 0.0271098 0.633294 1.21573 0.00292203 0.998921 -0.04633 -2.3733 -0.633867 0.0376839 0.772524 111.694
0.737702 0.0314673 0.674393 1.49017 0.00127091 0.998846 -0.0479966 -2.39727 -0.675125 0.0362643 0.736811 111.941
0.70014 0.0314109 0.713315 1.78779 0.00395007 0.998846 -0.0478614 -2.42391 -0.713995 0.0363273 0.699208 112.165
0.660829 0.0287191 0.749987 2.10881 0.00836701 0.998923 -0.0456238 -2.44777 -0.75049 0.0364247 0.659877 112.377
0.618663 0.0266922 0.785203 2.43793 0.0100954 0.99907 -0.0419165 -2.46923 -0.785592 0.0338592 0.617818 112.568
0.574288 0.0251878 0.818266 2.78048 0.0117505 0.999169 -0.0390033 -2.48399 -0.818569 0.0320142 0.573515 112.747
0.527958 0.0225789 0.84897 3.13585 0.0148486 0.999248 -0.0358097 -2.49749 -0.84914 0.0315121 0.527226 112.908
0.479221 0.0186736 0.877496 3.50313 0.0193115 0.999307 -0.0318123 -2.50958 -0.877482 0.0321909 0.478528 113.041
0.428696 0.0190889 0.903247 3.87683 0.0182004 0.999391 -0.029759 -2.52441 -0.903265 0.029197 0.428087 113.179
0.37866 0.0241476 0.925221 4.26612 0.0156991 0.999348 -0.0325073 -2.53822 -0.925403 0.0268344 0.378034 113.302
0.329491 0.0293025 0.943704 4.67289 0.0165579 0.999185 -0.0368064 -2.54621 -0.944013 0.0277531 0.328737 113.405
0.283896 0.0314271 0.95834 5.07498 0.0192506 0.999074 -0.0384656 -2.55943 -0.958662 0.0293688 0.283028 113.484
0.24322 0.0310333 0.969475 5.51037 0.027629 0.99886 -0.0389055 -2.57386 -0.969578 0.0362482 0.242086 113.556
0.208523 0.0307295 0.977535 5.94788 0.0365885 0.998561 -0.0391953 -2.5879 -0.977333 0.0439397 0.207098 113.613
0.178289 0.0320296 0.983457 6.41165 0.0416763 0.998327 -0.0400693 -2.60175 -0.983095 0.0481308 0.176656 113.673
0.150678 0.0306267 0.988108 6.88907 0.0408006 0.998475 -0.0371697 -2.61929 -0.987741 0.0459161 0.149198 113.73
0.125649 0.0272838 0.991699 7.38641 0.0356081 0.998853 -0.0319922 -2.6386 -0.991435 0.0393324 0.124534 113.785
0.101728 0.023669 0.994531 7.89087 0.0310095 0.999155 -0.026951 -2.6574 -0.994329 0.0335816 0.100908 113.83
0.0791708 0.0211473 0.996637 8.40799 0.0350382 0.999097 -0.0239828 -2.6821 -0.996245 0.0368191 0.0783584 113.854
0.0583269 0.0216226 0.998063 8.94713 0.0434487 0.998762 -0.0241769 -2.70198 -0.997352 0.0447747 0.0573153 113.873
0.0413688 0.0237593 0.998861 9.51581 0.0489754 0.998466 -0.0257783 -2.7242 -0.997943 0.0499861 0.0401417 113.874
0.0271794 0.0290032 0.99921 10.0892 0.0492751 0.998324 -0.0303178 -2.74289 -0.998415 0.0500602 0.0257048 113.879
0.0158057 0.0337877 0.999304 10.6889 0.0462329 0.998334 -0.0344862 -2.76023 -0.998806 0.0467458 0.0142173 113.897
0.0093614 0.0334965 0.999395 11.2942 0.0491309 0.998215 -0.0339172 -2.78145 -0.998748 0.0494187 0.00769901 113.894
0.00690206 0.0302115 0.99952 11.9144 0.0548041 0.998029 -0.0305449 -2.81 -0.998473 0.0549886 0.00523276 113.88
0.00722646 0.0283574 0.999572 12.5835 0.0565152 0.997988 -0.028721 -2.83789 -0.998376 0.0566986 0.00560931 113.886
0.00919656 0.0279834 0.999566 13.2641 0.0552793 0.998065 -0.02845 -2.86531 -0.998429 0.055517 0.00763188 113.894
0.0105768 0.0282737 0.999544 13.9883 0.051729 0.998245 -0.0287843 -2.8927 -0.998605 0.0520099 0.00909565 113.917
0.0115642 0.0297557 0.99949 14.6999 0.0502289 0.998277 -0.0303007 -2.91521 -0.998671 0.0505538 0.0100497 113.933
0.0127109 0.0305161 0.999453 15.4174 0.0498886 0.998269 -0.0311144 -2.94482 -0.998674 0.0502568 0.0111666 113.94
0.0134937 0.0300257 0.999458 16.1657 0.0495498 0.9983 -0.0306599 -2.97535 -0.99868 0.0499367 0.0119831 113.955
0.0139498 0.0286637 0.999492 16.921 0.0484613 0.998394 -0.0293086 -3.00619 -0.998728 0.0488455 0.0125383 113.972
0.0140999 0.0273716 0.999526 17.6996 0.0494134 0.998384 -0.0280374 -3.0381 -0.998679 0.0497854 0.0127246 113.99
0.0136017 0.025406 0.999585 18.4762 0.0500294 0.998407 -0.0260569 -3.06402 -0.998655 0.0503631 0.012309 113.999
0.0124809 0.0241714 0.99963 19.2568 0.0476639 0.998556 -0.0247406 -3.08904 -0.998785 0.047955 0.0113108 114.009
0.0114667 0.0234777 0.999659 20.0511 0.0465637 0.998626 -0.0239876 -3.11391 -0.998849 0.0468229 0.0103577 114.019
0.00987687 0.0211391 0.999728 20.8611 0.0491389 0.998557 -0.0215998 -3.13885 -0.998743 0.0493389 0.00882389 114.031
0.00846168 0.0197326 0.99977 21.6844 0.05043 0.998524 -0.0201348 -3.16636 -0.998692 0.0505887 0.0074541 114.043
0.00662826 0.0190017 0.999798 22.5296 0.0476568 0.998676 -0.0192963 -3.19618 -0.998842 0.0477751 0.00571395 114.06
0.0058569 0.0236635 0.999703 23.3577 0.045202 0.998691 -0.0239044 -3.22663 -0.99896 0.0453286 0.00477961 114.068
0.00503318 0.0281877 0.99959 24.1745 0.0469358 0.998493 -0.0283931 -3.25702 -0.998885 0.0470595 0.00370261 114.071
0.00382718 0.0300161 0.999542 25.0053 0.0472373 0.998427 -0.0301635 -3.2891 -0.998876 0.0473312 0.00240329 114.073
0.00239112 0.0281245 0.999602 25.8587 0.0439029 0.998637 -0.0282023 -3.32249 -0.999033 0.0439529 0.00115313 114.082
0.00101343 0.024288 0.999705 26.7229 0.0410547 0.99886 -0.0243091 -3.35642 -0.999156 0.0410673 1.51531e-05 114.097
0.00108661 0.0192131 0.999815 27.5548 0.0394942 0.999033 -0.019241 -3.38767 -0.999219 0.0395079 0.000326774 114.085
0.000992955 0.0136938 0.999906 28.4013 0.036201 0.999249 -0.0137207 -3.41593 -0.999344 0.0362112 0.000496498 114.086
0.00123127 0.0128426 0.999917 29.2546 0.0334057 0.999358 -0.0128765 -3.44458 -0.999441 0.0334188 0.000801485 114.094
0.00269873 0.0196192 0.999804 30.0986 0.0367719 0.999128 -0.0197052 -3.4784 -0.99932 0.0368179 0.00197496 114.092
0.00375665 0.0303749 0.999532 30.9457 0.0388823 0.998777 -0.0304982 -3.5155 -0.999236 0.0389787 0.00257103 114.101
0.00355964 0.0352824 0.999371 31.7804 0.0408212 0.998538 -0.0353984 -3.55194 -0.99916 0.0409216 0.00211418 114.116
0.00636349 0.0301007 0.999527 32.6327 0.0431428 0.998607 -0.0303477 -3.5855 -0.999048 0.0433155 0.00505602 114.106
0.00773204 0.0227491 0.999711 33.4632 0.0473716 0.998609 -0.0230905 -3.61597 -0.998847 0.0475365 0.00664364 114.103
0.00895003 0.0199017 0.999762 34.2939 0.0484587 0.998617 -0.0203127 -3.64973 -0.998785 0.048629 0.00797326 114.102
0.00888017 0.0206359 0.999748 35.1322 0.0479847 0.998625 -0.021039 -3.68271 -0.998808 0.0481594 0.00787778 114.115
0.00843077 0.0217978 0.999727 35.9431 0.0447084 0.998753 -0.0221537 -3.71401 -0.998964 0.044883 0.00744573 114.119
0.00671636 0.0221784 0.999731 36.7646 0.0432241 0.998812 -0.0224484 -3.7431 -0.999042 0.0433633 0.00574976 114.128
0.00481977 0.0219638 0.999747 37.578 0.0435103 0.998806 -0.0221529 -3.78091 -0.999041 0.0436061 0.00385838 114.132
0.00284687 0.0223327 0.999747 38.3868 0.0425248 0.998842 -0.0224336 -3.81565 -0.999091 0.0425779 0.0018939 114.136
0.00051428 0.0227628 0.999741 39.2117 0.0407237 0.99891 -0.0227649 -3.84924 -0.99917 0.0407248 -0.000413254 114.148
-0.00131316 0.0218388 0.999761 40.0254 0.0387352 0.999011 -0.0217716 -3.8841 -0.999248 0.0386974 -0.00215778 114.15
-0.00322219 0.0206597 0.999781 40.8207 0.0394786 0.999009 -0.0205165 -3.91899 -0.999215 0.0394038 -0.0040346 114.148
-0.0049135 0.0206916 0.999774 41.6154 0.0392771 0.999017 -0.0204829 -3.95341 -0.999216 0.0391676 -0.00572136 114.145
-0.00655671 0.0216186 0.999745 42.4037 0.0388716 0.999015 -0.0213479 -3.98725 -0.999222 0.0387218 -0.00739059 114.141
-0.00722199 0.0217196 0.999738 43.1819 0.0388855 0.999013 -0.0214229 -4.02062 -0.999217 0.0387206 -0.00805943 114.133
-0.00826383 0.0204865 0.999756 43.9656 0.0411305 0.99895 -0.02013 -4.05389 -0.999119 0.0409542 -0.00909777 114.126
-0.00937885 0.0196358 0.999763 44.7356 0.0418724 0.998937 -0.0192268 -4.08799 -0.999079 0.0416822 -0.0101911 114.118
-0.0107349 0.0190195 0.999761 45.5149 0.0402878 0.999014 -0.0185727 -4.12247 -0.99913 0.0400788 -0.0114906 114.117
-0.0115891 0.018002 0.999771 46.269 0.0381933 0.999115 -0.0175475 -4.15465 -0.999203 0.0379812 -0.0122664 114.108
-0.0123198 0.0167733 0.999783 47.0119 0.0371453 0.999176 -0.0163054 -4.18396 -0.999233 0.0369364 -0.0129327 114.106
-0.0123675 0.0164299 0.999788 47.7318 0.0376769 0.999161 -0.0159535 -4.21268 -0.999213 0.0374717 -0.0129761 114.094
-0.0117004 0.0190752 0.999749 48.4422 0.0382162 0.999095 -0.0186155 -4.2406 -0.999201 0.0379889 -0.0124188 114.082
-0.0116286 0.0218195 0.999694 49.1433 0.038162 0.999042 -0.0213613 -4.26937 -0.999204 0.0379019 -0.0124501 114.077
-0.0114435 0.0235483 0.999657 49.8525 0.0365706 0.999063 -0.0231157 -4.29782 -0.999265 0.0362935 -0.012294 114.074
-0.0113515 0.0243905 0.999638 50.5525 0.0368661 0.999032 -0.0239571 -4.32833 -0.999255 0.0365808 -0.0122396 114.067
-0.0112217 0.0240864 0.999647 51.2628 0.0380215 0.998996 -0.0236439 -4.35866 -0.999214 0.0377428 -0.0121263 114.063
-0.0109971 0.0236048 0.999661 51.9476 0.0386592 0.998983 -0.0231635 -4.38798 -0.999192 0.0383913 -0.0118985 114.049
-0.0109305 0.0239198 0.999654 52.6358 0.0348543 0.999114 -0.0235258 -4.41632 -0.999332 0.0345851 -0.0117545 114.046
-0.0108355 0.0243213 0.999645 53.3317 0.0324238 0.999186 -0.0239587 -4.44754 -0.999415 0.0321527 -0.0116152 114.052
-0.0102756 0.0228252 0.999687 54.0113 0.0340497 0.999167 -0.0224634 -4.47892 -0.999367 0.0338082 -0.0110443 114.04
-0.0106933 0.0221168 0.999698 54.6856 0.0338986 0.999188 -0.0217429 -4.50555 -0.999368 0.0336558 -0.0114343 114.026
-0.0139126 0.021759 0.999666 55.3707 0.0308271 0.999296 -0.021322 -4.53349 -0.999427 0.0305201 -0.0145736 114.021
-0.0193096 0.0214216 0.999584 56.0503 0.0272031 0.99941 -0.0208923 -4.56329 -0.999443 0.0267884 -0.019881 114.019
-0.0253187 0.0249649 0.999367 56.7131 0.0304049 0.999244 -0.0241916 -4.5918 -0.999216 0.0297732 -0.0260586 114.003
-0.0318169 0.0275688 0.999113 57.3856 0.0325671 0.999116 -0.0265317 -4.62134 -0.998963 0.0316941 -0.0326867 113.978
-0.0385213 0.0291379 0.998833 58.0643 0.0319768 0.999098 -0.0279124 -4.65043 -0.998746 0.0308643 -0.0394183 113.947
-0.0443093 0.0283717 0.998615 58.7572 0.0284426 0.999226 -0.0271271 -4.68082 -0.998612 0.0272012 -0.045082 113.917
-0.0496341 0.0271847 0.998397 59.4426 0.028195 0.999268 -0.0258068 -4.70993 -0.998369 0.026869 -0.0503643 113.883
-0.0541748 0.027733 0.998146 60.1517 0.0257816 0.999319 -0.0263663 -4.73873 -0.998198 0.0243054 -0.0548529 113.852
-0.057979 0.0269573 0.997953 60.8576 0.0236022 0.999392 -0.0256249 -4.76755 -0.998038 0.0220682 -0.05858 113.816
-0.0602831 0.0239085 0.997895 61.5601 0.0240332 0.999457 -0.0224941 -4.79058 -0.997891 0.0226266 -0.060825 113.772
-0.0617067 0.0211221 0.99787 62.2724 0.0261419 0.999466 -0.0195393 -4.81224 -0.997751 0.0248805 -0.0622259 113.724
-0.0624962 0.0187394 0.997869 62.9845 0.0260413 0.999513 -0.0171393 -4.83514 -0.997705 0.0249147 -0.0629538 113.675
-0.0635263 0.0187738 0.997803 63.7349 0.0250805 0.999536 -0.0172096 -4.85355 -0.997664 0.0239321 -0.0639677 113.637
-0.0630092 0.022718 0.997754 64.462 0.0269196 0.999414 -0.0210558 -4.87539 -0.997649 0.0255324 -0.0635839 113.583
-0.0628289 0.0266307 0.997669 65.2091 0.0327546 0.999159 -0.0246077 -4.90239 -0.997486 0.0311322 -0.0636484 113.532
-0.0630025 0.0313021 0.997522 65.9515 0.0405099 0.998763 -0.0287825 -4.93211 -0.99719 0.0385962 -0.0641926 113.473
-0.0637706 0.0325001 0.997435 66.7189 0.041267 0.998699 -0.0299029 -4.9607 -0.99711 0.0392542 -0.0650289 113.431
-0.0640292 0.0305597 0.99748 67.4727 0.0394698 0.998825 -0.0280673 -4.99025 -0.997167 0.0375732 -0.0651602 113.388
-0.0633148 0.0256656 0.997663 68.2225 0.0397314 0.99894 -0.023177 -5.02316 -0.997202 0.0381711 -0.0642675 113.337
-0.0631126 0.0236157 0.997727 68.9883 0.0418269 0.998903 -0.0209977 -5.05409 -0.997129 0.0404066 -0.0640312 113.289
-0.0639167 0.0232122 0.997685 69.7411 0.0421284 0.9989 -0.0205415 -5.08616 -0.997065 0.0407179 -0.0648243 113.243
-0.0653996 0.0240825 0.997568 70.492 0.0407018 0.99894 -0.0214473 -5.11717 -0.997028 0.0392001 -0.0663106 113.2
-0.0674144 0.0246664 0.99742 71.2598 0.0399133 0.998959 -0.0220068 -5.14823 -0.996926 0.0383267 -0.0683288 113.156
-0.0694937 0.0247772 0.997274 72.0014 0.0406679 0.99893 -0.0219844 -5.17889 -0.996752 0.0390293 -0.0704269 113.104
-0.0706925 0.0248905 0.997187 72.748 0.041909 0.998879 -0.0219617 -5.20668 -0.996617 0.0402386 -0.0716565 113.044
-0.0725962 0.0245533 0.997059 73.5118 0.0415965 0.9989 -0.02157 -5.23692 -0.996493 0.0399083 -0.0735378 112.992
-0.074079 0.0250318 0.996938 74.2614 0.039467 0.998974 -0.0221503 -5.26595 -0.99647 0.0377052 -0.074991 112.939
-0.0751715 0.0265783 0.996816 75.0096 0.0396419 0.998933 -0.0236453 -5.29578 -0.996382 0.0377382 -0.0761449 112.885
-0.0759506 0.026893 0.996748 75.772 0.0383634 0.998973 -0.0240298 -5.32695 -0.996373 0.0364136 -0.0769044 112.833
-0.0774343 0.0273612 0.996621 76.5433 0.0378386 0.998982 -0.0244861 -5.35513 -0.996279 0.0358147 -0.0783909 112.78
-0.0785035 0.02566 0.996583 77.3233 0.0383671 0.999004 -0.0227001 -5.38618 -0.996175 0.036454 -0.0794099 112.721
-0.0794147 0.0233985 0.996567 78.1132 0.0361658 0.999133 -0.0205768 -5.415 -0.996185 0.0344075 -0.0801921 112.663
-0.0812643 0.0214407 0.996462 78.9094 0.0332047 0.99927 -0.0187932 -5.44292 -0.996139 0.03156 -0.081917 112.607
-0.082829 0.0209667 0.996343 79.7076 0.0347964 0.999228 -0.0181347 -5.4688 -0.995955 0.033167 -0.0834947 112.535
-0.0843607 0.0217781 0.996197 80.4977 0.0360509 0.999172 -0.0187903 -5.4945 -0.995782 0.0343286 -0.0850761 112.462
-0.0860874 0.0233332 0.996014 81.3 0.0356087 0.999158 -0.0203291 -5.5194 -0.99565 0.0337167 -0.0868458 112.387
-0.0878056 0.0271588 0.995767 82.1392 0.0371524 0.999021 -0.0239715 -5.54513 -0.995444 0.0348903 -0.0887287 112.325
-0.0881214 0.0310976 0.995624 82.9395 0.0392709 0.998843 -0.0277223 -5.57653 -0.995335 0.0366561 -0.0892407 112.249
-0.0889375 0.0351414 0.995417 83.7667 0.0404523 0.998679 -0.0316423 -5.60884 -0.995215 0.0374527 -0.0902416 112.174
-0.0883891 0.0363108 0.995423 84.605 0.0427121 0.998553 -0.0326323 -5.64375 -0.995169 0.0396323 -0.0898121 112.098
-0.0877224 0.035937 0.995496 85.4319 0.0469279 0.998387 -0.0319061 -5.67739 -0.995038 0.0439177 -0.0892675 112.015
-0.0876209 0.0340861 0.99557 86.2829 0.0474941 0.998419 -0.0300037 -5.71389 -0.99502 0.0446548 -0.0891014 111.945
-0.0860792 0.0324289 0.99576 87.121 0.0472407 0.998477 -0.0284336 -5.75383 -0.995167 0.0445928 -0.0874801 111.865
-0.0842137 0.0300629 0.995994 87.9681 0.0462751 0.998583 -0.0262284 -5.79059 -0.995372 0.0438809 -0.0854856 111.796
-0.0823422 0.0269326 0.99624 88.8215 0.0466208 0.998643 -0.0231442 -5.82497 -0.995512 0.0445398 -0.0834861 111.725
-0.0805225 0.0237249 0.99647 89.6748 0.0473962 0.998676 -0.0199475 -5.8573 -0.995625 0.0456227 -0.0815403 111.651
-0.0789182 0.0235955 0.996601 90.5393 0.045595 0.998758 -0.020036 -5.89237 -0.995837 0.0438589 -0.0798961 111.59
-0.0770374 0.0276405 0.996644 91.3972 0.0467158 0.998617 -0.0240842 -5.93053 -0.995933 0.0447037 -0.0782221 111.52
-0.0741161 0.0334605 0.996688 92.2344 0.0473 0.998429 -0.0300016 -5.97015 -0.996127 0.0449197 -0.0755824 111.441
-0.072871 0.0370859 0.996651 93.1284 0.0452813 0.9984 -0.0338402 -6.00633 -0.996312 0.0426638 -0.0744337 111.397
-0.0714745 0.0346543 0.99684 94.0006 0.0438618 0.998537 -0.0315684 -6.04402 -0.996477 0.0414669 -0.07289 111.342
-0.0705918 0.0322607 0.996983 94.8889 0.0448258 0.998568 -0.0291381 -6.08363 -0.996497 0.0426337 -0.0719368 111.287
-0.0697681 0.0306226 0.997092 95.7595 0.045862 0.998569 -0.0274589 -6.12375 -0.996508 0.0438129 -0.0710727 111.224
-0.0686177 0.0303254 0.997181 96.6304 0.0452679 0.998602 -0.0272537 -6.16346 -0.996615 0.0432703 -0.0698946 111.163
-0.067931 0.0302633 0.99723 97.5107 0.0446816 0.998628 -0.027262 -6.20332 -0.996688 0.042706 -0.06919 111.107
-0.0661432 0.0285594 0.997401 98.3671 0.0484025 0.998504 -0.0253811 -6.23906 -0.996635 0.046598 -0.0674266 111.033
-0.0641617 0.0278911 0.997549 99.2338 0.0511049 0.998388 -0.0246275 -6.27415 -0.996629 0.0493995 -0.0654837 110.962
-0.0630004 0.0291922 0.997586 100.098 0.0530042 0.998258 -0.0258645 -6.3099 -0.996604 0.0512468 -0.0644379 110.902
-0.0616608 0.0315646 0.997597 100.95 0.0542715 0.998126 -0.0282268 -6.34507 -0.99662 0.0524007 -0.0632583 110.84
-0.0609687 0.033453 0.997578 101.822 0.0516362 0.998204 -0.0303182 -6.37936 -0.996802 0.0496627 -0.0625866 110.796
-0.060623 0.0295951 0.997721 102.705 0.0468998 0.998539 -0.0267697 -6.41551 -0.997058 0.0451701 -0.0619225 110.756
-0.0607425 0.0276748 0.997769 103.574 0.0418631 0.998805 -0.025155 -6.45745 -0.997274 0.0402418 -0.0618285 110.715
-0.0620886 0.0285145 0.997663 104.421 0.0381295 0.998928 -0.0261777 -6.49325 -0.997341 0.0364151 -0.0631094 110.673
-0.0633127 0.0335254 0.99743 105.281 0.034956 0.998895 -0.0313558 -6.5286 -0.997381 0.032881 -0.0644147 110.627
-0.0643784 0.0363827 0.997262 106.119 0.0343491 0.998822 -0.0342222 -6.56583 -0.997333 0.0320519 -0.0655523 110.582
-0.0642054 0.0373945 0.997235 106.974 0.0351985 0.998759 -0.0351854 -6.59907 -0.997315 0.0328421 -0.065442 110.522
-0.0647251 0.0372722 0.997206 107.808 0.0363871 0.998724 -0.0349672 -6.63867 -0.997239 0.0340222 -0.0659988 110.471
-0.0649339 0.0386075 0.997142 108.67 0.0374287 0.998641 -0.0362281 -6.67358 -0.997187 0.0349694 -0.0662907 110.414
-0.0650683 0.0420517 0.996994 109.488 0.0384257 0.998475 -0.0396064 -6.71842 -0.99714 0.0357331 -0.066585 110.356
-0.0662132 0.0432706 0.996866 110.312 0.0380734 0.99844 -0.04081 -6.76718 -0.997078 0.0352519 -0.0677574 110.314
-0.0673305 0.0437583 0.99677 111.134 0.0373376 0.998447 -0.0413098 -6.81074 -0.997031 0.0344356 -0.0688598 110.263
-0.0692851 0.0429889 0.99667 111.932 0.0357577 0.998534 -0.0405836 -6.85545 -0.996955 0.0328268 -0.0707207 110.205
-0.0721355 0.0444871 0.996401 112.73 0.0358853 0.998472 -0.0419816 -6.9015 -0.996748 0.0327278 -0.0736217 110.144
-0.0751058 0.0473695 0.996049 113.533 0.0356749 0.998358 -0.0447893 -6.94908 -0.996536 0.0321701 -0.0766724 110.085
-0.0779493 0.0486745 0.995768 114.332 0.0345804 0.998337 -0.0460931 -6.99721 -0.996357 0.0308411 -0.0795029 110.021
-0.0806269 0.0487885 0.995549 115.12 0.0355097 0.998306 -0.0460478 -7.0467 -0.996111 0.0316389 -0.0822229 109.952
-0.0828147 0.047447 0.995434 115.9 0.0371943 0.998316 -0.0444899 -7.09587 -0.99587 0.0333401 -0.0844401 109.877
-0.08496 0.0482359 0.995215 116.683 0.0389797 0.998222 -0.045054 -7.1461 -0.995621 0.0349654 -0.0866893 109.804
-0.0865224 0.0529341 0.994842 117.469 0.034566 0.998144 -0.0501036 -7.19768 -0.995649 0.0300526 -0.0881916 109.742
-0.08793 0.0599121 0.994323 118.239 0.0322536 0.997836 -0.0572715 -7.25431 -0.995603 0.0270346 -0.0896722 109.677
-0.0891001 0.0626019 0.994053 118.987 0.0373822 0.997528 -0.05947 -7.30538 -0.99532 0.0318611 -0.0912201 109.579
-0.0918135 0.0607936 0.993918 119.769 0.0396393 0.997565 -0.057355 -7.35609 -0.994986 0.0341323 -0.0939998 109.505
-0.0948865 0.0531843 0.994066 120.548 0.0383002 0.998026 -0.0497404 -7.41371 -0.99475 0.0333533 -0.0967363 109.433
-0.0967924 0.0509713 0.993998 121.328 0.0373105 0.99817 -0.047552 -7.47013 -0.994604 0.0324839 -0.0985172 109.359
-0.0979705 0.0542329 0.99371 122.097 0.0373471 0.998009 -0.0507855 -7.51868 -0.994487 0.0321367 -0.099801 109.28
-0.100152 0.0578479 0.993288 122.86 0.0352507 0.997886 -0.0545614 -7.56896 -0.994346 0.0295497 -0.101979 109.203
-0.102284 0.0599031 0.992949 123.632 0.0342047 0.997805 -0.0566726 -7.63501 -0.994166 0.0281668 -0.104109 109.125
-0.103979 0.063992 0.992518 124.371 0.0381701 0.997448 -0.0603111 -7.6937 -0.993846 0.0316135 -0.106157 109.04
-0.105865 0.0683122 0.992031 125.114 0.0381657 0.99718 -0.0645939 -7.75287 -0.993647 0.0310234 -0.108174 108.957
-0.108788 0.0705394 0.991558 125.869 0.0369802 0.997074 -0.0668745 -7.80993 -0.993376 0.0293929 -0.111079 108.88
-0.111028 0.0682391 0.991471 126.625 0.038063 0.997198 -0.0643708 -7.86633 -0.993087 0.0305915 -0.113315 108.799
-0.114609 0.0646455 0.991304 127.349 0.0425754 0.997281 -0.060113 -7.92436 -0.992497 0.0353157 -0.11705 108.694
-0.120192 0.0632223 0.990735 128.103 0.0453041 0.997278 -0.0581437 -7.98226 -0.991715 0.0378959 -0.12273 108.602
-0.125971 0.0619987 0.990094 128.847 0.0441079 0.997406 -0.0568447 -8.04001 -0.991052 0.0365102 -0.128379 108.502
-0.133939 0.0621892 0.989036 129.588 0.0434818 0.997435 -0.0568288 -8.09738 -0.990034 0.0353935 -0.136299 108.395
-0.144238 0.0624833 0.987568 130.315 0.042961 0.997457 -0.0568344 -8.15373 -0.988609 0.0342292 -0.146555 108.279
-0.155781 0.0632725 0.985762 131.035 0.0437647 0.997407 -0.0571038 -8.2083 -0.98682 0.0342459 -0.158146 108.152
-0.16812 0.0641119 0.983679 131.753 0.0450844 0.997337 -0.0572967 -8.26088 -0.984734 0.0347159 -0.170563 108.019
-0.179284 0.0640673 0.981708 132.468 0.0484162 0.997241 -0.056239 -8.31218 -0.982604 0.0374479 -0.181891 107.865
-0.190106 0.0640292 0.979673 133.198 0.0515519 0.997144 -0.0551674 -8.36458 -0.980408 0.0400163 -0.192864 107.708
-0.199479 0.0637381 0.977826 133.897 0.0558863 0.996996 -0.0535867 -8.4158 -0.978306 0.0439577 -0.202442 107.538
-0.207712 0.0641414 0.976084 134.611 0.0619881 0.996704 -0.0523052 -8.46555 -0.976223 0.0496412 -0.211004 107.364
-0.214732 0.0640111 0.974572 135.322 0.0671251 0.996456 -0.0506584 -8.51431 -0.974362 0.0545404 -0.218268 107.185
-0.220326 0.0641278 0.973315 136.046 0.0676491 0.996437 -0.0503377 -8.56418 -0.973076 0.0547533 -0.22388 107.007
-0.224375 0.0618506 0.972538 136.781 0.0713834 0.996344 -0.0468957 -8.61122 -0.971884 0.0589009 -0.22797 106.827
-0.225744 0.0587798 0.972411 137.46 0.0778391 0.996073 -0.0421399 -8.65558 -0.971071 0.0661789 -0.229433 106.644
-0.225942 0.05703 0.972469 138.145 0.0845482 0.995664 -0.0387465 -8.69765 -0.970463 0.0734662 -0.229784 106.459
-0.225668 0.0551743 0.97264 138.819 0.0872183 0.995528 -0.0362366 -8.74138 -0.970291 0.0766546 -0.229471 106.276
-0.224396 0.0602183 0.972635 139.506 0.0893754 0.995152 -0.0409927 -8.78626 -0.97039 0.0777311 -0.228691 106.103
-0.223222 0.063271 0.972711 140.178 0.0891326 0.995034 -0.0442684 -8.82956 -0.970683 0.0768187 -0.227753 105.948
-0.222246 0.0631576 0.972942 140.858 0.0911919 0.99487 -0.0437504 -8.86954 -0.970715 0.0790011 -0.226866 105.788
-0.22041 0.0613956 0.973472 141.529 0.0924123 0.994841 -0.0418196 -8.91019 -0.971018 0.0807434 -0.224947 105.632
-0.218168 0.0588418 0.974135 142.192 0.094439 0.994767 -0.0389374 -8.95079 -0.97133 0.0835015 -0.222584 105.473
-0.216457 0.0592028 0.974495 142.877 0.0949608 0.994702 -0.0393376 -8.99479 -0.971661 0.084024 -0.220932 105.323
-0.213109 0.0613598 0.975099 143.52 0.0962698 0.994486 -0.0415399 -9.03514 -0.972272 0.0850202 -0.217841 105.166
-0.208461 0.0628184 0.976011 144.181 0.0975321 0.994294 -0.0431638 -9.07681 -0.973154 0.0861944 -0.213399 105.024
-0.202465 0.0615887 0.97735 144.81 0.0987717 0.994214 -0.04219 -9.11764 -0.974294 0.0879926 -0.207377 104.878
-0.196184 0.0598659 0.978737 145.45 0.100655 0.99409 -0.040629 -9.157 -0.975386 0.0905446 -0.20105 104.738
-0.19094 0.0578143 0.979897 146.087 0.100629 0.994156 -0.0390473 -9.19801 -0.976429 0.0911503 -0.195642 104.607
-0.186217 0.0568383 0.980863 146.719 0.100959 0.994146 -0.0384411 -9.23702 -0.977306 0.0918682 -0.190866 104.479
-0.181993 0.0554209 0.981736 147.359 0.102129 0.994074 -0.0371849 -9.27326 -0.97798 0.0934961 -0.186575 104.363
-0.178001 0.0538238 0.982557 147.98 0.105147 0.993825 -0.0353925 -9.30701 -0.978395 0.097013 -0.182561 104.245
-0.173801 0.0520712 0.983403 148.589 0.107182 0.993667 -0.0336719 -9.33942 -0.978929 0.0995511 -0.178282 104.124
-0.170142 0.0508057 0.984108 149.201 0.1057 0.993847 -0.0330342 -9.37425 -0.979733 0.0983995 -0.174465 104.014
-0.165944 0.0518434 0.984771 149.821 0.10289 0.994075 -0.0349952 -9.41236 -0.980751 0.0955163 -0.170295 103.914
-0.161009 0.0551974 0.985408 150.42 0.103848 0.993838 -0.0387016 -9.44777 -0.981473 0.0961016 -0.165749 103.814
-0.154814 0.0583767 0.986217 151.014 0.10541 0.993528 -0.0422626 -9.48112 -0.982303 0.0974139 -0.159966 103.713
-0.14724 0.0593072 0.987321 151.605 0.104563 0.993539 -0.0440872 -9.5148 -0.983557 0.0967457 -0.15249 103.616
-0.13814 0.0578745 0.98872 152.193 0.101261 0.993883 -0.0440289 -9.55122 -0.985221 0.094037 -0.143156 103.535
-0.127302 0.0560778 0.990277 152.793 0.100405 0.993998 -0.0433812 -9.58955 -0.986768 0.0939065 -0.132169 103.469
-0.115171 0.0546336 0.991842 153.374 0.101067 0.993947 -0.0430138 -9.62898 -0.988189 0.0952889 -0.119996 103.41
