1 0 0 0 0 1 0 0 0 0 1 0
0.999999 0.00105071 0.000136132 0.019846 -0.00105067 0.999999 -0.000251389 -0.0542702 -0.000136396 0.000251246 1 1.19873
0.999998 0.00154116 0.00129289 0.0190418 -0.00154192 0.999999 0.000581426 -0.0790488 -0.001292 -0.000583418 0.999999 2.43716
0.999997 0.00101307 0.00205672 0.0163852 -0.00101531 0.999999 0.00108777 -0.103486 -0.00205561 -0.00108985 0.999997 3.65118
0.999996 0.000868345 0.00256694 0.0155405 -0.000871479 0.999999 0.00122024 -0.123711 -0.00256588 -0.00122248 0.999996 4.88565
0.999995 0.000546588 0.00315832 0.0145651 -0.000550631 0.999999 0.00127951 -0.144708 -0.00315762 -0.00128124 0.999994 6.10307
0.999993 0.000968666 0.00350082 0.0143769 -0.000969875 1 0.000343732 -0.166399 -0.00350048 -0.000347125 0.999994 7.31396
0.999993 0.000889668 0.00351439 0.0221408 -0.000889316 1 -0.000101818 -0.186133 -0.00351448 9.86916e-05 0.999994 8.51983
0.999995 0.000759953 0.00295128 0.0278633 -0.000763885 0.999999 0.00133154 -0.205164 -0.00295027 -0.00133379 0.999995 9.72492
0.999999 0.000555937 0.00162197 0.023652 -0.000559523 0.999997 0.0022114 -0.221759 -0.00162073 -0.0022123 0.999996 10.9498
0.999999 -0.000432377 -0.000925685 0.0129365 0.000433985 0.999998 0.00173753 -0.242336 0.000924933 -0.00173793 0.999998 12.1825
0.999996 9.87208e-05 -0.00299034 -0.00470748 -9.46448e-05 0.999999 0.00136309 -0.262045 0.00299048 -0.0013628 0.999995 13.3974
0.999991 0.000145646 -0.0042651 -0.0235478 -0.000140422 0.999999 0.00122488 -0.28342 0.00426528 -0.00122427 0.99999 14.6234
0.999986 0.00168622 -0.00509471 -0.0430039 -0.0016808 0.999998 0.00106882 -0.304917 0.0050965 -0.00106024 0.999986 15.851
0.999983 0.00120531 -0.00561831 -0.0672305 -0.00119931 0.999999 0.00106988 -0.327657 0.00561959 -0.00106312 0.999984 17.0675
0.999981 0.000715489 -0.0060613 -0.087972 -0.000704872 0.999998 0.00175352 -0.352018 0.00606254 -0.00174922 0.99998 18.2927
0.999978 9.03181e-05 -0.00659538 -0.104022 -7.66423e-05 0.999998 0.00207379 -0.374795 0.00659555 -0.00207324 0.999976 19.526
0.999974 0.000379201 -0.00716396 -0.125479 -0.000369413 0.999999 0.00136758 -0.399942 0.00716447 -0.00136489 0.999973 20.7481
0.99997 -0.000147718 -0.00769417 -0.147552 0.000152946 1 0.000678809 -0.426068 0.00769407 -0.000679966 0.99997 21.9703
0.999964 0.000482672 -0.00852431 -0.170921 -0.000470781 0.999999 0.00139695 -0.451161 0.00852498 -0.00139289 0.999963 23.1922
0.999958 -0.00010063 -0.00921668 -0.195134 0.000113198 0.999999 0.00136312 -0.47628 0.00921654 -0.0013641 0.999957 24.414
0.999951 -0.000343839 -0.00988677 -0.224643 0.000353191 1 0.000944212 -0.503117 0.00988644 -0.000947658 0.999951 25.6348
0.999945 -2.73689e-05 -0.0104652 -0.254238 4.64677e-05 0.999999 0.00182477 -0.526802 0.0104651 -0.00182516 0.999944 26.866
0.99993 -0.00114386 -0.0117876 -0.261217 0.00118693 0.999993 0.00364779 -0.544695 0.0117833 -0.00366153 0.999924 28.1127
0.999916 -0.00153397 -0.0128653 -0.288401 0.00158234 0.999992 0.00375015 -0.564684 0.0128594 -0.00377019 0.99991 29.3016
0.999901 -0.00186281 -0.0139334 -0.307129 0.00190231 0.999994 0.002822 -0.582327 0.0139281 -0.00284822 0.999899 30.5204
0.999882 -0.00259509 -0.0151754 -0.326944 0.00262481 0.999995 0.00193881 -0.60254 0.0151703 -0.00197841 0.999883 31.7348
0.999862 -0.00221133 -0.0164736 -0.348348 0.00224378 0.999996 0.00195152 -0.622676 0.0164692 -0.00198821 0.999862 32.9492
0.999846 -0.00244481 -0.0173586 -0.373641 0.00248506 0.999995 0.00229754 -0.640059 0.0173529 -0.00234033 0.999847 34.1742
0.999821 -0.00291155 -0.0186911 -0.391478 0.0029571 0.999993 0.00241008 -0.654385 0.018684 -0.00246492 0.999822 35.4194
0.999792 -0.00386756 -0.0200364 -0.408661 0.00391143 0.99999 0.00215094 -0.670663 0.0200279 -0.00222886 0.999797 36.6508
0.999765 -0.00438991 -0.0212314 -0.427416 0.00442949 0.999989 0.00181776 -0.687322 0.0212231 -0.00191138 0.999773 37.8816
0.999743 -0.00541293 -0.0220371 -0.449055 0.00546183 0.999983 0.00215944 -0.704997 0.022025 -0.00227925 0.999755 39.1167
0.999728 -0.00510857 -0.0227581 -0.471627 0.00518362 0.999982 0.0032399 -0.721312 0.0227412 -0.00335698 0.999736 40.3519
0.999711 -0.00469077 -0.0236061 -0.495259 0.00478345 0.999981 0.00387118 -0.736874 0.0235875 -0.00398298 0.999714 41.587
0.999697 -0.00406717 -0.0242797 -0.527818 0.00414526 0.999987 0.003167 -0.751428 0.0242665 -0.00326668 0.9997 42.8177
0.999691 -0.0030824 -0.0246686 -0.561473 0.0031559 0.999991 0.00294117 -0.76644 0.0246593 -0.00301812 0.999692 44.0471
0.999693 -0.000444916 -0.0247747 -0.595295 0.000554222 0.99999 0.00440518 -0.779614 0.0247725 -0.00441756 0.999684 45.2766
0.999718 -0.000446668 -0.0237446 -0.627694 0.000614613 0.999975 0.00706604 -0.789551 0.0237409 -0.00707864 0.999693 46.5062
0.999747 0.000299936 -0.0225097 -0.658871 -8.53556e-05 0.999955 0.00953307 -0.796675 0.0225115 -0.00952874 0.999701 47.7359
0.999774 0.000878122 -0.0212321 -0.691818 -0.000611219 0.999921 0.0125738 -0.801735 0.0212415 -0.012558 0.999696 48.9769
0.999801 0.000517989 -0.019981 -0.724976 -0.000243876 0.999906 0.0137186 -0.807348 0.0199862 -0.013711 0.999707 50.2136
0.999829 -0.00127251 -0.0184637 -0.753455 0.00150174 0.999922 0.0124066 -0.814005 0.0184464 -0.0124322 0.999753 51.4498
0.999851 -0.000640627 -0.0172874 -0.784988 0.00082821 0.999941 0.0108458 -0.822952 0.0172794 -0.0108585 0.999792 52.6781
0.999882 -0.000364672 -0.0153662 -0.848568 0.000525811 0.999945 0.0104837 -0.832905 0.0153615 -0.0104906 0.999827 53.8731
0.999903 -0.000888369 -0.0139461 -0.899084 0.00103187 0.999947 0.0102857 -0.851885 0.0139362 -0.0102991 0.99985 55.0995
0.999903 -0.00164792 -0.0138455 -0.94046 0.00178205 0.999952 0.00968062 -0.868274 0.0138289 -0.00970435 0.999858 56.3211
0.999893 -0.00129231 -0.0146089 -0.981223 0.00144281 0.999946 0.0102961 -0.880767 0.0145949 -0.0103161 0.999841 57.5648
0.999865 -0.00176031 -0.0163251 -1.00494 0.00195094 0.99993 0.0116685 -0.89381 0.0163034 -0.0116988 0.999799 58.7805
0.999843 -0.00251221 -0.0175279 -1.03411 0.00272393 0.999924 0.0120656 -0.904309 0.0174963 -0.0121115 0.999774 60.0124
0.999831 -0.0014516 -0.0183548 -1.06733 0.00167268 0.999926 0.0120346 -0.914867 0.018336 -0.0120633 0.999759 61.2472
0.999816 -0.00145062 -0.0191251 -1.10094 0.00168181 0.999926 0.0120778 -0.928018 0.0191062 -0.0121078 0.999744 62.4504
0.999808 -0.00239501 -0.0194398 -1.13073 0.0026216 0.999929 0.011639 -0.937397 0.0194105 -0.0116877 0.999744 63.6753
0.999789 -0.0032555 -0.0203026 -1.15177 0.0034701 0.999939 0.0105437 -0.943906 0.020267 -0.0106119 0.999739 64.9053
0.999777 -0.00324895 -0.0208902 -1.18393 0.00349511 0.999925 0.0117578 -0.953313 0.0208504 -0.0118281 0.999713 66.1191
0.999788 -0.00332202 -0.0203303 -1.24011 0.00359368 0.999905 0.0133403 -0.965854 0.020284 -0.0134105 0.999705 67.3202
0.999793 -0.0029197 -0.0201609 -1.27854 0.00315359 0.999928 0.0115792 -0.971473 0.0201256 -0.0116403 0.99973 68.5354
0.999793 -0.00159332 -0.0202918 -1.31101 0.00180087 0.999946 0.0102139 -0.977286 0.0202745 -0.0102483 0.999742 69.7534
0.999788 0.000788856 -0.020574 -1.34546 -0.000577775 0.999947 0.0102635 -0.982404 0.020581 -0.0102494 0.999736 70.9665
0.99979 0.00283575 -0.0202845 -1.38528 -0.00263082 0.999945 0.0101225 -0.989802 0.0203121 -0.010067 0.999743 72.1749
0.999792 0.004705 -0.01987 -1.42277 -0.00449752 0.999935 0.0104733 -0.996809 0.019918 -0.0103818 0.999748 73.3946
0.999832 0.00552502 -0.0174782 -1.47447 -0.00532315 0.999919 0.0115752 -1.00753 0.0175408 -0.0114802 0.99978 74.6025
0.999864 0.00735796 -0.014776 -1.51703 -0.00717528 0.999898 0.0123778 -1.01745 0.0148656 -0.0122701 0.999814 75.8061
0.99992 0.00589508 -0.0112348 -1.55389 -0.00577927 0.99993 0.0103133 -1.02957 0.0112948 -0.0102476 0.999884 77.0098
0.999957 0.00315396 -0.00878381 -1.56295 -0.0031093 0.999982 0.0050925 -1.0381 0.00879972 -0.00506496 0.999949 78.2234
0.999968 0.00462655 -0.00652427 -1.57423 -0.0045976 0.99998 0.00444553 -1.04889 0.0065447 -0.00441539 0.999969 79.417
0.999984 0.00449953 -0.00354376 -1.58202 -0.0044727 0.999962 0.0075403 -1.05885 0.00357756 -0.00752432 0.999965 80.6146
0.999981 0.00615195 0.000564045 -1.59568 -0.00615651 0.999945 0.00847672 -1.07008 -0.000511863 -0.00848003 0.999964 81.7971
0.999972 0.00621013 0.00421993 -1.58927 -0.00623888 0.999957 0.0068342 -1.08443 -0.00417731 -0.00686033 0.999968 82.9994
0.999959 0.00536571 0.00733887 -1.58137 -0.00539605 0.999977 0.00412141 -1.10323 -0.00731658 -0.00416084 0.999965 84.1802
0.999933 0.00483186 0.0105256 -1.56664 -0.00483327 0.999988 0.000109672 -1.11742 -0.0105249 -0.000160532 0.999945 85.3689
0.999897 0.00422644 0.0137125 -1.54732 -0.00421245 0.999991 -0.00104879 -1.13628 -0.0137168 0.000990924 0.999906 86.5595
0.999856 0.00331403 0.0166322 -1.52373 -0.00331775 0.999994 0.000195855 -1.15255 -0.0166314 -0.000251002 0.999862 87.7444
0.999792 0.00444743 0.0199335 -1.50065 -0.0044509 0.99999 0.000129876 -1.16996 -0.0199328 -0.000218565 0.999802 88.9264
0.999727 0.00389269 0.0230626 -1.47118 -0.00383982 0.99999 -0.00233601 -1.18798 -0.0230714 0.00224682 0.999732 90.1153
0.999671 0.0034417 0.0254104 -1.4385 -0.00332872 0.999984 -0.00448695 -1.2163 -0.0254254 0.0044009 0.999667 91.2667
0.999587 0.00337227 0.0285371 -1.40518 -0.0032355 0.999983 -0.0048375 -1.23508 -0.0285529 0.00474318 0.999581 92.4648
0.999524 0.00173843 0.0308206 -1.37118 -0.00163746 0.999993 -0.00330098 -1.26587 -0.0308261 0.00324895 0.99952 93.618
0.999451 0.00111185 0.0331264 -1.32675 -0.00104445 0.999997 -0.00205169 -1.28483 -0.0331285 0.00201597 0.999449 94.807
0.999361 0.000358079 0.0357551 -1.29188 -0.000339675 1 -0.000520742 -1.30326 -0.0357553 0.00050827 0.999361 95.984
0.999245 -0.00161358 0.0388132 -1.26272 0.00161668 0.999998 -4.84975e-05 -1.31606 -0.0388131 0.000111215 0.999247 97.1618
0.999211 -0.00262018 0.0396242 -1.20219 0.00270871 0.999994 -0.00218065 -1.34264 -0.0396183 0.00228627 0.999212 98.3274
0.99918 -0.00458585 0.0402404 -1.13789 0.00481931 0.999972 -0.00570658 -1.36771 -0.0402131 0.00589583 0.999174 99.5065
0.999183 -0.00432945 0.0401897 -1.06965 0.00466776 0.999954 -0.00832788 -1.39771 -0.0401518 0.00850868 0.999158 100.674
0.999153 -0.00443558 0.0409114 -1.00837 0.00481252 0.999947 -0.00911975 -1.42598 -0.0408688 0.00930893 0.999121 101.857
0.999181 -0.00405282 0.0402668 -0.947229 0.00439855 0.999954 -0.0085012 -1.45311 -0.0402305 0.00867136 0.999153 103.047
0.999262 -0.00427447 0.0381894 -0.88879 0.00453849 0.999966 -0.00682945 -1.47803 -0.0381589 0.00699773 0.999247 104.238
0.999323 -0.00408482 0.0365772 -0.824142 0.00429021 0.999975 -0.00553858 -1.49542 -0.0365537 0.00569176 0.999316 105.511
0.999405 -0.00326213 0.0343305 -0.776909 0.00343657 0.999981 -0.0050236 -1.51429 -0.0343135 0.0051386 0.999398 106.757
0.999502 -0.00256649 0.0314706 -0.729697 0.00271512 0.999985 -0.00468088 -1.53327 -0.0314581 0.00476401 0.999494 108.011
0.999611 -0.00152452 0.0278651 -0.687051 0.0016651 0.999986 -0.00502242 -1.55274 -0.027857 0.00506687 0.999599 109.265
0.999719 0.000565105 0.0237069 -0.668207 -0.000429564 0.999983 -0.00572197 -1.57286 -0.0237098 0.00571019 0.999703 110.494
0.99981 0.00159619 0.0194525 -0.655057 -0.00148703 0.999983 -0.00562495 -1.59287 -0.0194611 0.00559497 0.999795 111.722
0.999879 0.00286696 0.0153208 -0.646519 -0.00279197 0.999984 -0.00491379 -1.61456 -0.0153347 0.00487043 0.999871 112.964
0.999927 0.00289811 0.0117147 -0.672291 -0.00285102 0.999988 -0.0040333 -1.64483 -0.0117263 0.00399962 0.999923 114.18
0.999948 0.00375895 0.0094838 -0.736241 -0.0037221 0.999985 -0.00389987 -1.66002 -0.00949832 0.00386438 0.999948 115.374
0.999972 0.00484065 0.0057518 -0.772648 -0.00481667 0.99998 -0.00417642 -1.67786 -0.0057719 0.00414861 0.999975 116.611
0.999977 0.00564001 0.00381488 -0.86189 -0.00562367 0.999975 -0.00428052 -1.7012 -0.00383892 0.00425898 0.999984 117.802
0.999984 0.00559164 0.00100346 -0.942712 -0.00558689 0.999974 -0.00466927 -1.72563 -0.00102954 0.00466359 0.999989 119.008
0.999979 0.00629925 -0.00160772 -1.01183 -0.00630778 0.999966 -0.00536011 -1.75118 0.0015739 0.00537015 0.999985 120.22
0.999958 0.00790931 -0.0046824 -1.04299 -0.00793503 0.999954 -0.00550107 -1.77289 0.00463867 0.005538 0.999974 121.477
0.99993 0.0101964 -0.00610512 -1.07784 -0.0102319 0.999931 -0.00581788 -1.79696 0.00604538 0.00587994 0.999965 122.717
0.999912 0.0116323 -0.00646781 -1.11155 -0.0116729 0.999912 -0.00627146 -1.8227 0.00639429 0.00634642 0.99996 123.971
0.999884 0.013688 -0.00669091 -1.15251 -0.0137295 0.999887 -0.00619682 -1.84906 0.00660533 0.00628798 0.999959 125.22
0.999871 0.0146698 -0.00652838 -1.19407 -0.0147055 0.999877 -0.00545277 -1.87446 0.00644759 0.00554808 0.999964 126.471
0.99988 0.0145645 -0.00542175 -1.24887 -0.014592 0.999881 -0.00505294 -1.90073 0.00534751 0.00513145 0.999973 127.73
0.999812 0.0187374 -0.00510537 -1.30063 -0.0187534 0.999819 -0.00309942 -1.92524 0.00504637 0.00319459 0.999982 128.989
0.999789 0.019744 -0.00583187 -1.3197 -0.019743 0.999805 0.000229999 -1.95019 0.00583528 -0.000114804 0.999983 130.226
0.999803 0.018272 -0.007804 -1.31968 -0.0182749 0.999833 -0.000299443 -1.97054 0.00779723 0.00044201 0.99997 131.495
0.99979 0.0182639 -0.00932215 -1.32913 -0.0182837 0.999831 -0.00203665 -1.9868 0.00928337 0.00220667 0.999955 132.785
0.999827 0.0150755 -0.0109386 -1.34058 -0.0150933 0.999885 -0.0015514 -2.00244 0.0109139 0.00171624 0.999939 134.076
0.999832 0.0128543 -0.0131039 -1.34933 -0.0128582 0.999917 -0.000213372 -2.01956 0.0131001 0.000381837 0.999914 135.376
0.999855 0.00956332 -0.0141388 -1.36205 -0.00954548 0.999954 0.00132777 -2.03644 0.0141508 -0.00119261 0.999899 136.665
0.999844 0.00760807 -0.0159586 -1.36644 -0.00757771 0.999969 0.00196123 -2.05481 0.015973 -0.00183998 0.999871 137.958
0.999869 0.00333299 -0.0158711 -1.38623 -0.00333059 0.999995 0.000177169 -2.07577 0.0158716 -0.000124277 0.999874 139.264
0.999865 0.000492734 -0.0164187 -1.40398 -0.000510191 0.999999 -0.00105955 -2.09568 0.0164181 0.00106779 0.999865 140.559
0.999875 -0.00109846 -0.0157995 -1.43568 0.00107222 0.999998 -0.00166975 -2.11631 0.0158013 0.00165261 0.999874 141.86
0.999883 -0.00120202 -0.0152647 -1.4665 0.00118046 0.999998 -0.00142195 -2.13852 0.0152663 0.00140377 0.999883 143.141
0.999877 -0.000861083 -0.0156901 -1.47687 0.000860333 1 -5.50917e-05 -2.15423 0.0156902 4.15946e-05 0.999877 144.457
0.999868 0.00170737 -0.0161543 -1.48788 -0.00169155 0.999998 0.000992491 -2.16872 0.016156 -0.000965026 0.999869 145.773
0.999862 0.00151184 -0.016578 -1.49984 -0.00153124 0.999998 -0.00115814 -2.18687 0.0165763 0.00118337 0.999862 147.095
0.999862 0.00215732 -0.0164669 -1.52357 -0.00221079 0.999992 -0.00323036 -2.20966 0.0164598 0.00326633 0.99986 148.413
0.999869 0.00229304 -0.0160655 -1.55574 -0.0023873 0.99998 -0.00585091 -2.23757 0.0160518 0.0058885 0.999854 149.724
0.999886 0.0012581 -0.0150568 -1.60416 -0.00140803 0.99995 -0.0099521 -2.2723 0.0150435 0.00997217 0.999837 151.003
0.999908 0.00132006 -0.0135192 -1.65903 -0.00150045 0.99991 -0.0133425 -2.31191 0.0135003 0.0133615 0.99982 152.299
0.999952 0.00118219 -0.00971829 -1.75282 -0.00131627 0.999904 -0.0138021 -2.36362 0.00970104 0.0138143 0.999858 153.583
0.999959 0.00121065 -0.00897081 -1.7988 -0.00133045 0.99991 -0.013362 -2.41066 0.00895382 0.0133734 0.999871 154.853
0.999959 0.00162175 -0.00894478 -1.82878 -0.00173539 0.999918 -0.0127119 -2.45483 0.00892342 0.012727 0.99988 156.16
0.999956 0.00262373 -0.0090399 -1.8491 -0.00272728 0.999931 -0.0114626 -2.49732 0.0090092 0.0114867 0.999894 157.444
0.999948 0.00291378 -0.0097799 -1.86398 -0.00302195 0.999934 -0.0110649 -2.53373 0.00974701 0.0110939 0.999891 158.735
0.999937 0.00307937 -0.0107993 -1.88016 -0.00320279 0.99993 -0.0114308 -2.57063 0.0107633 0.0114647 0.999877 160.025
0.99992 0.00353089 -0.0121872 -1.89548 -0.00366819 0.99993 -0.0112623 -2.60756 0.0121466 0.0113061 0.999863 161.319
0.999908 0.00293546 -0.0132989 -1.9115 -0.00307069 0.999944 -0.0101604 -2.64356 0.0132683 0.0102003 0.99986 162.613
0.999891 0.00363957 -0.0143206 -1.92974 -0.0037807 0.999944 -0.00984152 -2.67951 0.014284 0.0098946 0.999849 163.906
0.999877 0.0040216 -0.0151991 -1.95777 -0.0041876 0.999932 -0.0109062 -2.71503 0.0151542 0.0109685 0.999825 165.186
0.99986 0.00431587 -0.0161974 -1.98746 -0.00451431 0.999915 -0.0122355 -2.7525 0.0161433 0.0123069 0.999794 166.466
0.999853 0.00516255 -0.0164011 -2.03879 -0.00536092 0.999913 -0.0120746 -2.7923 0.0163374 0.0121608 0.999793 167.731
0.999835 0.00469464 -0.0175915 -2.05381 -0.00492879 0.9999 -0.0132914 -2.82755 0.0175273 0.0133759 0.999757 169.062
0.999818 0.0051592 -0.0184026 -2.09194 -0.00542516 0.999881 -0.014432 -2.86692 0.0183259 0.0145293 0.999727 170.354
0.999802 0.00542826 -0.0191764 -2.12788 -0.00570237 0.999882 -0.0142689 -2.90647 0.0190967 0.0143754 0.999715 171.655
0.999846 0.00596417 -0.0165629 -2.24563 -0.00617652 0.999899 -0.0128 -2.94914 0.0164849 0.0129004 0.999781 172.922
0.999865 0.00568025 -0.0154878 -2.31704 -0.00586985 0.999908 -0.0122248 -2.99402 0.015417 0.0123141 0.999806 174.215
0.999861 0.0064043 -0.0154248 -2.36357 -0.00658671 0.999909 -0.0118043 -3.0325 0.0153478 0.0119043 0.999812 175.507
0.999859 0.00722054 -0.0152171 -2.41365 -0.00739601 0.999906 -0.0115074 -3.06974 0.0151326 0.0116183 0.999818 176.791
0.999862 0.00769357 -0.0148007 -2.46329 -0.00787847 0.999891 -0.0124758 -3.10689 0.0147031 0.0125907 0.999813 178.088
0.999854 0.00891732 -0.0145922 -2.51297 -0.00910749 0.999874 -0.0130186 -3.14406 0.0144742 0.0131496 0.999809 179.377
0.999862 0.00886431 -0.0140953 -2.56018 -0.0090468 0.999875 -0.0129376 -3.18135 0.0139789 0.0130633 0.999817 180.669
0.999884 0.00887122 -0.0123929 -2.62013 -0.0090429 0.999863 -0.0138675 -3.22393 0.0122682 0.013978 0.999827 181.966
0.99991 0.00741483 -0.0112533 -2.66172 -0.00758581 0.999855 -0.0152289 -3.26799 0.0111387 0.0153129 0.999821 183.272
0.999918 0.00421339 -0.0121473 -2.67701 -0.00439663 0.999876 -0.0150987 -3.31164 0.0120822 0.0151508 0.999813 184.553
0.999908 0.00449464 -0.0128254 -2.68738 -0.0046419 0.999923 -0.0114763 -3.35211 0.0127728 0.0115347 0.999852 185.873
0.999914 0.00367805 -0.012663 -2.70949 -0.00377101 0.999966 -0.00732594 -3.39002 0.0126356 0.00737306 0.999893 187.163
0.99992 0.00477843 -0.0117256 -2.74556 -0.00487095 0.999957 -0.00787637 -3.42689 0.0116875 0.00793286 0.999901 188.432
0.999917 0.00650984 -0.0111555 -2.76891 -0.00663346 0.999916 -0.0110815 -3.45923 0.0110824 0.0111546 0.999877 189.719
0.999918 0.00685107 -0.0108998 -2.79781 -0.00699382 0.999889 -0.0131139 -3.495 0.0108088 0.013189 0.999855 190.979
0.999918 0.00743048 -0.0105179 -2.82507 -0.00756719 0.999886 -0.0130202 -3.53051 0.01042 0.0130987 0.99986 192.243
0.999926 0.00727614 -0.00979106 -2.85396 -0.0073948 0.999899 -0.0121392 -3.56771 0.00970174 0.0122107 0.999879 193.503
0.999935 0.0075472 -0.00859244 -2.89245 -0.00763437 0.999919 -0.0101594 -3.60696 0.00851507 0.0102243 0.999912 194.751
0.999938 0.00692264 -0.00874842 -2.89568 -0.00700404 0.999932 -0.00931002 -3.64588 0.00868338 0.00937073 0.999919 196.036
0.999947 0.00655774 -0.00805073 -2.90266 -0.00663715 0.999929 -0.00987864 -3.68469 0.00798538 0.00993154 0.999919 197.301
0.999965 0.00531585 -0.00650872 -2.91958 -0.00538787 0.999924 -0.0111013 -3.7266 0.0064492 0.011136 0.999918 198.558
0.999975 0.00531849 -0.00479201 -2.93602 -0.00537734 0.999909 -0.012355 -3.76756 0.00472586 0.0123805 0.999913 199.807
0.999988 0.00415485 -0.00290421 -2.95228 -0.00419186 0.999908 -0.0128589 -3.80856 0.00285051 0.012871 0.999914 201.049
0.999989 0.00457017 -0.00128501 -2.96665 -0.00458536 0.999916 -0.0120877 -3.84823 0.00122965 0.0120934 0.999927 202.289
0.999991 0.00428493 0.000759083 -2.982 -0.00427692 0.999938 -0.0102528 -3.88655 -0.000802973 0.0102494 0.999948 203.523
0.999987 0.00499264 0.00179472 -2.98542 -0.00497471 0.999939 -0.00985378 -3.92272 -0.00184381 0.00984472 0.99995 204.751
0.999983 0.00547907 0.00236816 -2.98865 -0.00545549 0.999936 -0.00984731 -3.95597 -0.00242196 0.00983422 0.999949 205.978
0.999978 0.00598776 0.00304282 -2.98992 -0.00595728 0.999933 -0.00992688 -3.98965 -0.00310206 0.00990854 0.999947 207.213
0.999974 0.00590692 0.00429238 -3.00882 -0.00586521 0.999936 -0.00966366 -4.02764 -0.00434919 0.00963823 0.999945 208.419
0.999967 0.00594369 0.00569755 -3.03203 -0.00588739 0.999934 -0.00984533 -4.06721 -0.00575569 0.00981146 0.999936 209.617
0.999963 0.00565926 0.00661645 -3.03778 -0.0055949 0.999937 -0.00970408 -4.10643 -0.00667095 0.0096667 0.999931 210.818
0.999961 0.00480503 0.0074563 -3.03972 -0.00473213 0.999941 -0.00976281 -4.1441 -0.00750278 0.00972715 0.999925 212.009
0.999964 0.00471473 0.00710899 -3.02938 -0.00465114 0.999949 -0.00893319 -4.18092 -0.00715075 0.00889981 0.999935 213.192
0.999971 0.00428789 0.00639765 -3.02011 -0.00423694 0.999959 -0.00795473 -4.21734 -0.0064315 0.00792739 0.999948 214.369
0.999972 0.00455957 0.00593052 -3.02108 -0.00451379 0.99996 -0.00770886 -4.25667 -0.00596544 0.00768189 0.999953 215.517
0.999971 0.00521563 0.00568077 -3.02298 -0.00516774 0.999951 -0.00841081 -4.29384 -0.00572436 0.00838121 0.999949 216.637
0.999966 0.00529553 0.00641997 -3.04012 -0.00523808 0.999946 -0.00893186 -4.33022 -0.00646693 0.00889793 0.99994 217.741
0.999969 0.00509272 0.00601265 -3.04552 -0.00503933 0.999948 -0.00885908 -4.36763 -0.00605746 0.00882852 0.999943 218.818
0.999979 0.00460288 0.00471781 -3.045 -0.00456125 0.999951 -0.00879495 -4.40092 -0.00475806 0.00877325 0.999951 219.903
0.999988 0.00402558 0.00282118 -3.04446 -0.00400248 0.999959 -0.0081457 -4.43107 -0.00285386 0.00813432 0.999963 220.973
0.999995 0.00309387 0.000259403 -3.04716 -0.0030921 0.999974 -0.00655726 -4.4611 -0.000279687 0.00655643 0.999979 222.017
0.999992 0.00333588 -0.00240105 -3.04323 -0.00334774 0.999982 -0.00495607 -4.49098 0.00238447 0.00496407 0.999985 223.101
0.999976 0.00340686 -0.00604702 -3.03707 -0.00343628 0.999982 -0.00486281 -4.52114 0.00603034 0.00488348 0.99997 224.13
0.999941 0.0037813 -0.0101712 -3.01651 -0.0038365 0.999978 -0.0054141 -4.54756 0.0101505 0.00545281 0.999934 225.2
0.999891 0.00390107 -0.0142641 -3.01416 -0.00397647 0.999978 -0.00526241 -4.57424 0.0142433 0.00531856 0.999885 226.201
0.999842 0.0046983 -0.0171437 -3.04169 -0.00477834 0.999978 -0.00463152 -4.60301 0.0171216 0.00471272 0.999843 227.145
0.999787 0.00521469 -0.0200069 -3.06625 -0.00531381 0.999974 -0.00490482 -4.62996 0.0199808 0.00501009 0.999788 228.099
0.999732 0.00476748 -0.0226728 -3.09529 -0.00489261 0.999973 -0.00546735 -4.65752 0.0226461 0.00557682 0.999728 229.03
0.999684 0.00480724 -0.0246873 -3.14494 -0.00495559 0.99997 -0.00595228 -4.68477 0.0246579 0.00607274 0.999678 229.912
0.999636 0.00604137 -0.0263187 -3.1965 -0.00620394 0.999962 -0.00610026 -4.71184 0.0262809 0.00626132 0.999635 230.782
0.999563 0.00672385 -0.0287864 -3.23557 -0.00692811 0.999951 -0.00700245 -4.73526 0.0287379 0.00719884 0.999561 231.627
0.999495 0.00886852 -0.0305259 -3.27625 -0.0090848 0.999934 -0.00695393 -4.7593 0.0304622 0.00722775 0.99951 232.465
0.999514 0.00978434 -0.0296113 -3.33152 -0.00998018 0.999929 -0.00647332 -4.78297 0.0295459 0.00676571 0.999541 233.262
0.999529 0.00976429 -0.0291054 -3.36354 -0.00992963 0.999935 -0.00554224 -4.80623 0.0290494 0.00582864 0.999561 234.06
0.999579 0.0102957 -0.0271406 -3.41147 -0.0104309 0.999934 -0.0048437 -4.82831 0.0270889 0.00512476 0.99962 234.819
0.999618 0.0105378 -0.0255771 -3.44928 -0.0106773 0.999929 -0.00532151 -4.84899 0.0255192 0.00559258 0.999659 235.576
0.999634 0.0113747 -0.0245557 -3.48304 -0.0115604 0.999905 -0.00743566 -4.86841 0.0244688 0.00771682 0.999671 236.317
0.999662 0.0116082 -0.0232627 -3.50846 -0.011835 0.999883 -0.00963415 -4.88899 0.0231481 0.00990621 0.999683 237.069
0.999697 0.0118936 -0.0215429 -3.5364 -0.0121302 0.999867 -0.0108856 -4.9116 0.0214106 0.0111436 0.999709 237.803
0.999726 0.0125409 -0.019757 -3.56181 -0.0127685 0.999853 -0.011439 -4.93321 0.0196106 0.0116881 0.99974 238.544
0.999769 0.012218 -0.0177009 -3.58207 -0.0124245 0.999855 -0.0116036 -4.95487 0.0175566 0.0118208 0.999776 239.282
0.999795 0.0123121 -0.0160679 -3.59589 -0.0125053 0.99985 -0.0119835 -4.97343 0.0159179 0.012182 0.999799 240.006
0.999805 0.0124836 -0.0152852 -3.59209 -0.012674 0.999842 -0.0124237 -4.9935 0.0151277 0.012615 0.999806 240.732
0.999813 0.0124005 -0.0148506 -3.57597 -0.0125889 0.999841 -0.0126596 -5.02077 0.0146913 0.0128442 0.99981 241.464
0.999808 0.0130086 -0.0146914 -3.54875 -0.0131801 0.999845 -0.0116392 -5.05421 0.0145377 0.0118306 0.999825 242.179
0.999831 0.0120585 -0.013872 -3.52409 -0.012197 0.999876 -0.00994338 -5.08964 0.0137504 0.0101109 0.999855 242.894
0.999865 0.0114709 -0.0117496 -3.5194 -0.0115588 0.999905 -0.00744091 -5.13965 0.0116631 0.00757572 0.999904 243.604
0.999905 0.0109769 -0.0083315 -3.53444 -0.0110331 0.999916 -0.00673334 -5.16811 0.00825688 0.00682463 0.999943 244.305
0.999932 0.0106153 -0.0048798 -3.54671 -0.0106487 0.99992 -0.00687465 -5.18976 0.00480642 0.00692615 0.999965 244.992
0.999945 0.0101636 -0.00253379 -3.53958 -0.0101804 0.999926 -0.00671037 -5.21317 0.0024654 0.0067358 0.999975 245.721
0.999941 0.0108667 0.000183784 -3.54155 -0.0108649 0.999911 -0.00779682 -5.22982 -0.000268501 0.00779437 0.99997 246.414
0.999938 0.0107948 0.00262116 -3.53352 -0.0107725 0.999907 -0.00836901 -5.24884 -0.00271127 0.00834026 0.999962 247.138
0.99993 0.0108067 0.00485509 -3.52502 -0.0107694 0.999913 -0.0076486 -5.26549 -0.00493733 0.00759577 0.999959 247.853
0.999917 0.0105964 0.0072846 -3.52158 -0.0105482 0.999922 -0.00661929 -5.28781 -0.00735418 0.0065419 0.999952 248.569
0.999906 0.00968751 0.00968773 -3.51461 -0.00962542 0.999933 -0.00643403 -5.30881 -0.00974942 0.00634018 0.999933 249.293
0.999875 0.00980835 0.0124045 -3.51182 -0.00970717 0.999919 -0.00818977 -5.32535 -0.0124838 0.00806834 0.99989 250.01
0.999838 0.00988528 0.0150708 -3.51241 -0.00972801 0.999898 -0.0104727 -5.34384 -0.0151728 0.0103244 0.999832 250.729
0.999832 0.00881221 0.0160908 -3.49925 -0.00861722 0.999889 -0.0121467 -5.36016 -0.0161961 0.012006 0.999797 251.46
0.999824 0.00924696 0.0163313 -3.48722 -0.00904141 0.999879 -0.0126152 -5.37694 -0.016446 0.0124653 0.999788 252.19
0.999828 0.00908418 0.0161795 -3.47241 -0.00887296 0.999875 -0.0130786 -5.39718 -0.0162963 0.0129328 0.999784 252.931
0.999815 0.0103499 0.0162159 -3.4606 -0.0101311 0.999857 -0.0135186 -5.41621 -0.0163535 0.0133518 0.999778 253.682
0.999801 0.0128099 0.015315 -3.44561 -0.0125743 0.999803 -0.0153848 -5.42616 -0.0155091 0.0151891 0.999765 254.435
0.999806 0.0122956 0.0153883 -3.43232 -0.0120258 0.999774 -0.0175072 -5.44855 -0.0156001 0.0173187 0.999729 255.193
0.999836 0.00916958 0.0156165 -3.41631 -0.00886599 0.999772 -0.0193991 -5.47889 -0.0157908 0.0192575 0.99969 255.943
0.999852 0.00558415 0.0162633 -3.40413 -0.00525407 0.999781 -0.0202683 -5.50256 -0.0163729 0.0201798 0.999663 256.704
0.999837 0.00783577 0.0162961 -3.38618 -0.00757177 0.99984 -0.0161989 -5.52373 -0.0164204 0.0160729 0.999736 257.512
0.999802 0.0116267 0.0161831 -3.36776 -0.0114583 0.99988 -0.0104591 -5.54069 -0.0163027 0.0102716 0.999815 258.322
0.999799 0.0109679 0.016799 -3.35499 -0.0108543 0.999918 -0.00683479 -5.56436 -0.0168726 0.00665108 0.999836 259.128
0.999774 0.0096335 0.0189677 -3.34443 -0.00946627 0.999916 -0.00888618 -5.58862 -0.0190517 0.00870463 0.999781 259.92
0.999676 0.0107279 0.0230802 -3.33195 -0.010379 0.999831 -0.0151823 -5.60576 -0.0232392 0.0149378 0.999619 260.729
0.999556 0.0128797 0.0268787 -3.318 -0.0123736 0.999745 -0.0189081 -5.62643 -0.0271154 0.0185672 0.99946 261.541
0.999433 0.0147691 0.0302481 -3.2986 -0.0142093 0.999725 -0.0186382 -5.65197 -0.0305151 0.0181979 0.999369 262.372
0.999324 0.0133716 0.0342608 -3.28215 -0.0128249 0.999788 -0.0161259 -5.68005 -0.0344691 0.0156756 0.999283 263.223
0.999235 0.0103628 0.0377231 -3.2568 -0.00987291 0.999865 -0.0131488 -5.70417 -0.0378543 0.0127663 0.999202 264.069
0.99914 0.00799829 0.0406849 -3.22312 -0.00753031 0.999904 -0.0116425 -5.728 -0.0407741 0.0113262 0.999104 264.922
0.998992 0.00831171 0.0441065 -3.19797 -0.00782605 0.999907 -0.0111722 -5.75248 -0.0441953 0.0108158 0.998965 265.763
0.998799 0.0107027 0.0478169 -3.18454 -0.0100853 0.999863 -0.0131341 -5.78052 -0.0479509 0.0126361 0.99877 266.625
0.998654 0.0127563 0.0502824 -3.15584 -0.012008 0.999813 -0.0151561 -5.80155 -0.0504664 0.014532 0.99862 267.462
0.998508 0.0135487 0.0529041 -3.1171 -0.0127495 0.9998 -0.0154155 -5.82192 -0.0531024 0.014718 0.998481 268.308
0.998335 0.0149736 0.0557118 -3.07294 -0.014231 0.999805 -0.0137024 -5.84335 -0.0559062 0.0128867 0.998353 269.158
0.998095 0.0170344 0.0592956 -3.0363 -0.0163253 0.999789 -0.0124224 -5.86436 -0.0594948 0.0114307 0.998163 270.006
0.997903 0.0178422 0.0622255 -2.99817 -0.0170861 0.999774 -0.0126625 -5.8874 -0.0624373 0.0115728 0.997982 270.843
0.997679 0.0192029 0.0653272 -2.95463 -0.0183562 0.99974 -0.013536 -5.90028 -0.0655702 0.0123055 0.997772 271.699
0.997634 0.0176743 0.0664352 -2.87295 -0.0167814 0.999761 -0.0139756 -5.92649 -0.0666664 0.0128277 0.997693 272.57
0.997579 0.0145923 0.0679926 -2.81553 -0.0137158 0.999817 -0.013339 -5.95134 -0.0681748 0.0123742 0.997597 273.415
0.997512 0.0136634 0.0691605 -2.7627 -0.0127489 0.999825 -0.0136474 -5.97258 -0.0693349 0.0127318 0.997513 274.278
0.997369 0.0127603 0.0713582 -2.7368 -0.0118293 0.999839 -0.0134539 -6.00044 -0.0715185 0.0125744 0.99736 275.12
0.997234 0.0135653 0.0730746 -2.69534 -0.0126321 0.999833 -0.0132173 -6.02392 -0.0732418 0.0122576 0.997239 275.989
0.997164 0.0143872 0.0738731 -2.65085 -0.0134893 0.999829 -0.0126393 -6.04737 -0.0740423 0.0116069 0.997188 276.857
0.997074 0.0154968 0.0748621 -2.61297 -0.0146142 0.999817 -0.0123233 -6.06881 -0.0750394 0.0111932 0.997118 277.713
0.997246 0.0153373 0.0725612 -2.54025 -0.0144019 0.999806 -0.0133962 -6.0908 -0.0727526 0.0123143 0.997274 278.568
0.997319 0.0158095 0.0714562 -2.48996 -0.0148127 0.999786 -0.0144582 -6.11452 -0.0716695 0.0133609 0.997339 279.437
0.997449 0.0179287 0.0691038 -2.41677 -0.0168653 0.99973 -0.015942 -6.12667 -0.0693711 0.0147359 0.997482 280.329
0.997504 0.0196615 0.0678157 -2.37016 -0.0185543 0.999684 -0.0169168 -6.14623 -0.0681269 0.0156163 0.997555 281.192
0.997529 0.022662 0.0665005 -2.33158 -0.0215451 0.999615 -0.0174653 -6.16543 -0.0668708 0.0159893 0.997634 282.044
0.997598 0.0235126 0.0651606 -2.29406 -0.0224183 0.999596 -0.0174748 -6.18459 -0.0655452 0.0159721 0.997722 282.896
0.997787 0.0234197 0.0622267 -2.24249 -0.0224545 0.999617 -0.0161641 -6.21145 -0.0625815 0.0147311 0.997931 283.755
0.998061 0.0221964 0.0581523 -2.19887 -0.0214129 0.999671 -0.0140616 -6.23588 -0.0584454 0.0127892 0.998209 284.603
0.998364 0.0213451 0.0530502 -2.15295 -0.0206954 0.999704 -0.0127663 -6.25808 -0.053307 0.0116475 0.998511 285.453
0.998614 0.0210695 0.0482258 -2.11934 -0.0205428 0.999724 -0.011391 -6.28503 -0.0484526 0.0103846 0.998772 286.281
0.998826 0.0211891 0.0435589 -2.08957 -0.0207409 0.999727 -0.0107172 -6.30813 -0.0437741 0.00980121 0.998994 287.119
0.999061 0.02052 0.0381682 -2.05186 -0.0201399 0.999744 -0.010316 -6.33029 -0.0383701 0.0095376 0.999218 287.943
0.999249 0.0190139 0.0337529 -2.03264 -0.0186846 0.999775 -0.0100433 -6.3558 -0.0339363 0.00940507 0.99938 288.744
0.999401 0.0185671 0.0292052 -2.00571 -0.0182725 0.999779 -0.0103226 -6.37934 -0.0293904 0.00978275 0.99952 289.548
0.999508 0.0186641 0.025227 -1.99054 -0.0184115 0.999778 -0.0102106 -6.40526 -0.025412 0.00974111 0.99963 290.324
0.99959 0.0185149 0.0218269 -1.98381 -0.0182985 0.999782 -0.0100728 -6.43062 -0.0220086 0.00966933 0.999711 291.084
0.999669 0.0183304 0.0180329 -1.97843 -0.0181501 0.999784 -0.0101116 -6.4515 -0.0182144 0.00978101 0.999786 291.817
0.999742 0.0179005 0.014007 -1.97864 -0.0177485 0.999783 -0.0109004 -6.4737 -0.0141991 0.010649 0.999843 292.535
0.999772 0.01936 0.00899737 -1.97781 -0.0192464 0.999736 -0.012537 -6.49592 -0.00923773 0.012361 0.999881 293.236
0.999777 0.020878 0.00312254 -1.99655 -0.020832 0.999683 -0.014113 -6.52555 -0.00341622 0.0140448 0.999896 293.901
0.999747 0.0219669 -0.004913 -2.01979 -0.0220409 0.999636 -0.0155619 -6.55204 0.00456935 0.0156663 0.999867 294.549
0.999653 0.0215838 -0.015107 -2.0496 -0.0218282 0.99963 -0.0162061 -6.57804 0.0147516 0.0165303 0.999755 295.196
0.999397 0.021443 -0.02731 -2.11511 -0.0218861 0.999632 -0.0160335 -6.60502 0.0269561 0.0166215 0.999499 295.788
0.998816 0.0224936 -0.0431388 -2.19024 -0.023154 0.999621 -0.0148699 -6.63122 0.042788 0.0158512 0.998959 296.379
0.997742 0.0248066 -0.0624194 -2.27688 -0.0256926 0.99958 -0.0134317 -6.65644 0.06206 0.0150051 0.99796 296.968
0.996069 0.0261722 -0.0846308 -2.37675 -0.0273516 0.999544 -0.0128064 -6.68124 0.084257 0.0150709 0.99633 297.555
0.993623 0.0273147 -0.109396 -2.4909 -0.0287996 0.999513 -0.0120171 -6.70539 0.109015 0.015091 0.993926 298.141
0.990214 0.0284996 -0.136614 -2.62115 -0.0302554 0.999484 -0.0107931 -6.72873 0.136236 0.0148209 0.990566 298.724
0.985574 0.0298699 -0.166588 -2.76911 -0.0317295 0.99946 -0.00851196 -6.75061 0.166244 0.0136749 0.98599 299.302
0.979453 0.0296326 -0.199483 -2.93641 -0.0313922 0.999491 -0.00566308 -6.77078 0.199213 0.0118089 0.979885 299.876
0.971419 0.0297304 -0.235502 -3.09494 -0.0312847 0.999506 -0.00286581 -6.78689 0.235301 0.0101515 0.97187 300.406
0.961506 0.0311753 -0.273011 -3.27392 -0.0322098 0.999481 0.00069284 -6.80102 0.272891 0.00812748 0.962011 300.93
0.949508 0.0329297 -0.31201 -3.47417 -0.0332388 0.999438 0.00432906 -6.81311 0.311977 0.00626035 0.950069 301.446
0.935486 0.0339735 -0.351726 -3.69541 -0.0334376 0.999412 0.00759998 -6.82343 0.351777 0.0046512 0.936072 301.952
0.919037 0.0337555 -0.392724 -3.91988 -0.0322313 0.999425 0.0104766 -6.83139 0.392852 0.00302957 0.919597 302.428
0.89987 0.0335616 -0.434865 -4.16621 -0.030915 0.999435 0.0131607 -6.83797 0.435062 0.00160091 0.900399 302.894
0.877728 0.0330815 -0.478016 -4.4348 -0.0292658 0.999452 0.0154305 -6.84338 0.478264 0.000445738 0.878216 303.346
0.852673 0.0322407 -0.521449 -4.72578 -0.0267575 0.999479 0.0180429 -6.84746 0.52176 -0.00143201 0.853091 303.785
0.824384 0.0327845 -0.565081 -5.03917 -0.0252825 0.999457 0.0211019 -6.84995 0.565466 -0.00310943 0.824766 304.208
0.792847 0.0344429 -0.608447 -5.37484 -0.0256596 0.999403 0.023138 -6.85144 0.608881 -0.00273243 0.793257 304.614
0.758146 0.0337708 -0.65121 -5.72525 -0.0232089 0.999423 0.0248086 -6.85284 0.651672 -0.00369467 0.758492 304.991
0.719568 0.032767 -0.693649 -6.07187 -0.0183579 0.999434 0.028168 -6.85249 0.69418 -0.00753479 0.719762 305.316
0.676574 0.0320416 -0.735677 -6.43749 -0.0114917 0.999391 0.0329588 -6.84995 0.736285 -0.0138449 0.67653 305.62
0.630597 0.0321336 -0.775445 -6.86191 -0.00661179 0.999329 0.0360344 -6.82194 0.776082 -0.0175961 0.630386 305.853
0.581212 0.0354102 -0.812982 -7.27154 -0.00624658 0.999217 0.0390561 -6.80153 0.813728 -0.0176215 0.580978 306.04
0.530452 0.0411408 -0.846716 -7.72118 -0.00955774 0.999048 0.0425546 -6.77417 0.847661 -0.0144805 0.530341 306.179
0.477716 0.0447143 -0.877376 -8.16116 -0.0113219 0.998934 0.0447448 -6.74566 0.878442 -0.0114417 0.477713 306.284
0.423335 0.0464685 -0.904781 -8.60678 -0.0108176 0.998872 0.0462395 -6.7167 0.905909 -0.00978724 0.423359 306.361
0.368486 0.0478648 -0.9284 -9.05703 -0.00788725 0.998799 0.0483638 -6.68708 0.9296 -0.0104988 0.368421 306.412
0.313131 0.0503485 -0.948374 -9.50937 -0.0047918 0.998665 0.0514362 -6.6564 0.949698 -0.0115618 0.312954 306.437
0.256796 0.0534926 -0.964984 -9.97805 -0.00190939 0.998493 0.054842 -6.62224 0.966464 -0.0122406 0.256511 306.437
0.197138 0.0559386 -0.978779 -10.3759 0.00102626 0.998359 0.0572643 -6.59606 0.980375 -0.0122934 0.196757 306.43
0.134941 0.0596182 -0.989058 -10.8088 0.00227569 0.998167 0.0604777 -6.56721 0.990851 -0.0104117 0.134558 306.403
0.0718047 0.0645913 -0.995325 -11.2546 0.00476054 0.997867 0.0650997 -6.53481 0.997407 -0.00941272 0.0713438 306.351
0.00647521 0.0710753 -0.99745 -11.6841 0.00764271 0.997438 0.0711241 -6.50646 0.99995 -0.00808375 0.00591522 306.283
-0.0605661 0.077505 -0.99515 -12.1708 0.0114669 0.996969 0.0769487 -6.46779 0.998098 -0.00675079 -0.0612715 306.204
-0.127422 0.0833478 -0.98834 -12.6179 0.015123 0.99651 0.0820871 -6.43344 0.991733 -0.00448692 -0.128238 306.097
-0.193847 0.0894688 -0.976943 -13.0725 0.0208485 0.995983 0.0870757 -6.403 0.98081 -0.00348838 -0.194934 305.965
-0.258625 0.0936168 -0.96143 -13.5323 0.0263748 0.995606 0.0898497 -6.3673 0.965618 -0.00212008 -0.259958 305.798
-0.321709 0.0962944 -0.941929 -13.994 0.0316868 0.995353 0.0909335 -6.3317 0.946308 -0.00059262 -0.323265 305.608
-0.38143 0.0975919 -0.919231 -14.4449 0.0368533 0.995226 0.090368 -6.29916 0.923662 0.00059243 -0.383206 305.373
-0.437937 0.0984412 -0.8936 -14.9019 0.0411792 0.99514 0.089446 -6.26438 0.898062 0.00237394 -0.439862 305.104
-0.490868 0.0990111 -0.865589 -15.3887 0.0451278 0.995077 0.088231 -6.21565 0.870064 0.00424763 -0.49292 304.798
-0.538622 0.099344 -0.83667 -15.8539 0.0485144 0.995034 0.0869156 -6.16876 0.841149 0.00622413 -0.540767 304.466
-0.58075 0.100362 -0.807872 -16.3405 0.051584 0.994914 0.0865167 -6.11599 0.812446 0.00857134 -0.582973 304.088
-0.618639 0.103662 -0.778807 -16.8123 0.0573041 0.994571 0.0868616 -6.06 0.783583 0.00910716 -0.621221 303.674
-0.656083 0.109654 -0.74668 -17.2807 0.0660383 0.993934 0.0879384 -6.00215 0.751793 0.00838545 -0.659345 303.23
-0.692864 0.114229 -0.711962 -17.7595 0.0727407 0.993408 0.0885958 -5.93904 0.717389 0.00959623 -0.696606 302.747
-0.726775 0.114539 -0.677258 -18.2131 0.0755238 0.993346 0.0869502 -5.87487 0.682711 0.0120441 -0.730589 302.22
-0.757871 0.111101 -0.642875 -18.6538 0.0763372 0.993726 0.0817422 -5.81445 0.647923 0.0128748 -0.761597 301.648
-0.78552 0.108475 -0.609255 -19.0488 0.078397 0.994028 0.0759047 -5.77269 0.61385 0.0118609 -0.789333 301.053
-0.81146 0.104233 -0.575036 -19.4625 0.0782676 0.994484 0.0698163 -5.72932 0.579142 0.0116465 -0.815143 300.401
-0.835477 0.101697 -0.540033 -19.8882 0.0795349 0.994757 0.0642818 -5.67545 0.543739 0.0107545 -0.839186 299.709
-0.857446 0.0999694 -0.504769 -20.273 0.0794757 0.994904 0.0620361 -5.62916 0.508399 0.0130757 -0.861022 299.006
-0.878015 0.0965394 -0.468795 -20.6517 0.0777174 0.995205 0.0593851 -5.58711 0.47228 0.0157075 -0.881308 298.23
-0.896425 0.0966742 -0.432524 -20.9922 0.0799473 0.995183 0.0567409 -5.54441 0.435925 0.0162848 -0.899835 297.438
-0.913486 0.0985089 -0.394764 -21.3156 0.0834641 0.994983 0.0551503 -5.50131 0.398216 0.0174304 -0.917126 296.627
-0.9284 0.102335 -0.357213 -21.6126 0.0889935 0.994587 0.0536356 -5.46006 0.360768 0.0180056 -0.932482 295.777
-0.941667 0.103621 -0.320197 -21.889 0.0910898 0.994382 0.0539114 -5.41834 0.323984 0.0215999 -0.945816 294.885
-0.953012 0.106655 -0.283534 -22.146 0.0953344 0.994008 0.0534703 -5.3787 0.287538 0.0239274 -0.95747 293.945
-0.96275 0.106113 -0.2487 -22.3455 0.0962788 0.994025 0.0514136 -5.33849 0.25267 0.0255539 -0.967215 293.022
-0.971129 0.104555 -0.214422 -22.5627 0.096777 0.99422 0.0464867 -5.29817 0.218043 0.0243934 -0.975634 292.006
-0.97798 0.102897 -0.18157 -22.7405 0.0968776 0.99442 0.0417408 -5.25735 0.184851 0.0232316 -0.982492 290.959
-0.983359 0.10198 -0.150347 -22.8834 0.0970642 0.994486 0.0397015 -5.21906 0.153566 0.0244476 -0.987836 289.919
-0.987706 0.100421 -0.119801 -23.0047 0.0964671 0.994596 0.0383744 -5.18729 0.123007 0.0263458 -0.992056 288.868
-0.990798 0.0999205 -0.0912938 -23.0954 0.0970239 0.994643 0.035645 -5.15414 0.0943664 0.0264594 -0.995186 287.747
-0.992927 0.0992531 -0.0651506 -23.1565 0.0972038 0.994686 0.0339131 -5.1256 0.0681704 0.0273404 -0.997299 286.627
-0.994493 0.0967719 -0.0402405 -23.1941 0.0954374 0.994859 0.0338644 -5.09375 0.0433108 0.0298375 -0.998616 285.455
-0.995321 0.0951247 -0.016934 -23.2096 0.0945157 0.994952 0.0337219 -5.06392 0.0200563 0.0319636 -0.999288 284.261
-0.9957 0.0925519 0.00388162 -23.2054 0.0926285 0.9952 0.0315703 -5.03387 -0.000941094 0.0317941 -0.999494 283.03
-0.995936 0.0878009 0.0200369 -23.1659 0.0883515 0.995682 0.0284826 -5.01059 -0.0174495 0.0301371 -0.999393 281.816
