1 0 0 0 0 1 0 0 0 0 1 0
0.999985 -0.00134767 -0.00528332 -0.0295591 0.00135747 0.999997 0.00185205 -0.0454889 0.00528081 -0.00185919 0.999984 0.113789
0.99993 -0.000794747 -0.0117798 -0.044546 0.000819633 0.999997 0.00210791 -0.0518609 0.0117781 -0.00211742 0.999928 0.198054
0.999813 -0.000543074 -0.0193264 -0.0557097 0.000572727 0.999999 0.00152883 -0.0549157 0.0193255 -0.00153962 0.999812 0.295504
0.999587 0.000118406 -0.0287413 -0.0646032 -0.0001136 1 0.000168847 -0.0564043 0.0287413 -0.000165512 0.999587 0.392756
0.999188 0.000118406 -0.0402851 -0.0782438 -0.00017084 0.999999 -0.00129815 -0.0580564 0.0402849 0.00130398 0.999187 0.503843
0.998535 -1.92564e-05 -0.054101 -0.0925365 -0.000105835 0.999997 -0.00230931 -0.0585995 0.0541009 0.00231166 0.998533 0.621954
0.997525 -4.75614e-05 -0.0703136 -0.117255 -0.000115449 0.999997 -0.00231427 -0.0590643 0.0703135 0.00231666 0.997522 0.752283
0.996081 -0.00145174 -0.0884317 -0.15176 0.0012427 0.999996 -0.00241894 -0.0620576 0.0884348 0.00229956 0.996079 0.886453
0.994123 -0.00246774 -0.108226 -0.1863 0.00218605 0.999994 -0.00272137 -0.0635961 0.108232 0.00246879 0.994123 1.0383
0.991488 -0.00267035 -0.130171 -0.235932 0.00227431 0.999992 -0.00319108 -0.0660478 0.130178 0.00286787 0.991486 1.2011
0.988125 0.00128464 -0.153648 -0.302196 -0.00201254 0.999987 -0.00458203 -0.0717642 0.15364 0.00483684 0.988115 1.36789
0.98392 0.00571776 -0.17852 -0.373595 -0.00691675 0.999957 -0.00609462 -0.0782959 0.178477 0.00723139 0.983917 1.53316
0.97875 0.00871755 -0.20487 -0.450187 -0.0103588 0.999922 -0.0069402 -0.084627 0.204794 0.00891493 0.978765 1.69712
0.972385 0.00993255 -0.23317 -0.543234 -0.0118925 0.999905 -0.0070013 -0.0911609 0.233079 0.00958094 0.972411 1.87767
0.964736 0.0123175 -0.262931 -0.639467 -0.0145159 0.999874 -0.00642013 -0.0966697 0.262819 0.0100104 0.964793 2.05384
0.955671 0.0147435 -0.294066 -0.744123 -0.0170802 0.99984 -0.00537955 -0.099986 0.293939 0.0101638 0.95577 2.23716
0.944793 0.0171777 -0.327216 -0.852061 -0.0196738 0.999797 -0.00431981 -0.102843 0.327076 0.0105189 0.94494 2.42121
0.932662 0.0197285 -0.360211 -0.96626 -0.0226412 0.999736 -0.00386808 -0.105686 0.36004 0.0117632 0.932863 2.60278
0.919121 0.0227544 -0.393318 -1.08714 -0.0260806 0.999655 -0.00311381 -0.107652 0.393111 0.0131199 0.919397 2.78371
0.903379 0.0235739 -0.428193 -1.21582 -0.0272095 0.999627 -0.00237121 -0.107511 0.427978 0.013793 0.903684 2.97193
0.885275 0.0193732 -0.464663 -1.34855 -0.0234549 0.99972 -0.00300489 -0.107989 0.464475 0.0135588 0.885482 3.16185
0.864323 0.0141474 -0.502737 -1.48091 -0.0184753 0.999823 -0.00362771 -0.10786 0.502597 0.0124238 0.864432 3.3374
0.839449 0.0155156 -0.543217 -1.64175 -0.0189288 0.999821 -0.000693982 -0.108732 0.543108 0.010865 0.839592 3.52924
0.810233 0.0208824 -0.585735 -1.81761 -0.0236808 0.999715 0.00288442 -0.109837 0.585629 0.0115336 0.810497 3.70866
0.777531 0.0235538 -0.628403 -2.01151 -0.0266019 0.999636 0.00455343 -0.109744 0.628281 0.0131763 0.777875 3.89012
0.741444 0.022982 -0.670621 -2.22107 -0.0261755 0.999643 0.00531767 -0.110583 0.670504 0.013611 0.741781 4.06609
0.701895 0.0189868 -0.712027 -2.437 -0.0204368 0.99977 0.0065137 -0.111798 0.711987 0.00997966 0.702121 4.22443
0.659681 0.0154677 -0.751386 -2.68265 -0.0152333 0.999858 0.00720849 -0.111893 0.751391 0.00669077 0.659823 4.38198
0.615191 0.0150198 -0.788235 -2.94935 -0.0126153 0.999878 0.00920682 -0.110494 0.788277 0.0042799 0.615305 4.53338
0.567709 0.015722 -0.823079 -3.23387 -0.00999423 0.999875 0.0122056 -0.108824 0.823168 0.00129679 0.567796 4.67001
0.516666 0.0161411 -0.856035 -3.52654 -0.00832076 0.99987 0.0138312 -0.101892 0.856146 -2.32364e-05 0.516733 4.79702
0.463851 0.0172676 -0.885744 -3.84331 -0.00743716 0.999851 0.0155974 -0.0921641 0.885882 -0.000647434 0.463911 4.91284
0.40923 0.0189363 -0.912234 -4.17011 -0.00623433 0.999819 0.0179577 -0.0806693 0.91241 -0.00166165 0.409274 5.01388
0.352998 0.0208747 -0.935391 -4.5177 -0.00533632 0.99978 0.0202979 -0.0758911 0.935609 -0.00217357 0.353032 5.10895
0.299449 0.0230179 -0.953834 -4.87791 -0.00336266 0.999728 0.0230698 -0.0613136 0.954106 -0.00370081 0.299445 5.15279
0.24833 0.0242635 -0.968371 -5.2538 -0.000163217 0.999687 0.0250063 -0.0481624 0.968675 -0.00605177 0.248257 5.17257
0.199244 0.0246394 -0.97964 -5.6428 0.000775421 0.999679 0.0253011 -0.0431145 0.979949 -0.00580073 0.199161 5.18807
0.152199 0.025755 -0.988014 -6.06063 -0.00230126 0.999667 0.0257043 -0.0371401 0.988347 -0.00163849 0.152208 5.20393
0.109742 0.0261441 -0.993616 -6.48471 -0.00488761 0.999656 0.0257632 -0.026877 0.993948 0.0020291 0.109832 5.2124
0.0715806 0.0247224 -0.997128 -6.93358 -0.00669596 0.999682 0.024305 -0.0160507 0.997412 0.00493696 0.0717235 5.2133
0.0368949 0.0221633 -0.999073 -7.39998 -0.00581066 0.999742 0.0219635 -0.00745182 0.999302 0.00499493 0.0370143 5.20591
0.00503976 0.0193964 -0.999799 -7.88073 -0.005564 0.999797 0.0193683 -0.00253145 0.999972 0.00546526 0.00514676 5.19049
-0.0220796 0.0174377 -0.999604 -8.37326 -0.0062276 0.999826 0.0175792 0.0029407 0.999737 0.00661327 -0.021967 5.16378
-0.0433364 0.0151505 -0.998946 -8.8929 -0.00696028 0.999856 0.0154662 0.0125695 0.999036 0.00762319 -0.0432246 5.12706
-0.0599028 0.0143145 -0.998101 -9.41661 -0.0066963 0.999869 0.0147417 0.0216419 0.998182 0.00756665 -0.0597989 5.08448
-0.0729847 0.0146959 -0.997225 -9.9638 -0.00576552 0.999868 0.0151568 0.0306609 0.997316 0.00685573 -0.0728903 5.03498
-0.0823653 0.0156439 -0.996479 -10.5255 -0.00690046 0.999844 0.016267 0.0347983 0.996578 0.00821601 -0.0822444 4.97305
-0.0892969 0.0172223 -0.995856 -11.1018 -0.00855848 0.9998 0.018058 0.0315313 0.995968 0.0101355 -0.0891315 4.91282
-0.0940698 0.0183598 -0.995396 -11.7035 -0.00855416 0.999778 0.019249 0.0350291 0.995529 0.0103255 -0.0938918 4.85252
-0.0958563 0.019068 -0.995212 -12.3042 -0.00657879 0.999782 0.0197892 0.041908 0.995373 0.00844421 -0.0957099 4.79759
-0.0951679 0.0210537 -0.995238 -12.9461 -0.0041429 0.999759 0.0215455 0.0533117 0.995452 0.00617361 -0.0950576 4.73944
-0.0940429 0.0234436 -0.995292 -13.5939 -0.0045116 0.999702 0.0239738 0.0601923 0.995558 0.00674492 -0.0939091 4.67944
-0.0926472 0.0233365 -0.995425 -14.2494 -0.00670795 0.999688 0.0240607 0.0658239 0.995676 0.00890642 -0.0924616 4.61552
-0.0913024 0.0207981 -0.995606 -14.9334 -0.00859296 0.999728 0.0216722 0.0754046 0.995786 0.0105339 -0.0910988 4.54868
-0.0903991 0.0209909 -0.995684 -15.6085 -0.00874042 0.999722 0.0218696 0.0817802 0.995867 0.0106797 -0.0901904 4.49459
-0.0890631 0.0236821 -0.995744 -16.3137 -0.00834453 0.999664 0.0245217 0.0940952 0.995991 0.010493 -0.0888355 4.437
-0.0876491 0.0269117 -0.995788 -17.0446 -0.00912736 0.999571 0.0278173 0.10774 0.996109 0.0115271 -0.0873658 4.37313
-0.0860535 0.0286754 -0.995878 -17.7763 -0.00900226 0.999522 0.0295582 0.123203 0.99625 0.0115087 -0.0857542 4.30935
-0.0840595 0.0279026 -0.99607 -18.5383 -0.0110631 0.99952 0.0289329 0.138747 0.996399 0.0134518 -0.0837104 4.23427
-0.082545 0.0248747 -0.996277 -19.2955 -0.0136087 0.999567 0.0260843 0.151653 0.996494 0.0157112 -0.0821706 4.16569
-0.0811846 0.0240305 -0.996409 -20.0741 -0.0146916 0.999571 0.0253038 0.17052 0.996591 0.0166931 -0.0807967 4.0974
-0.0793849 0.0259675 -0.996506 -20.8522 -0.0124976 0.999556 0.0270426 0.188384 0.996765 0.0146007 -0.079025 4.02616
-0.0787769 0.0279235 -0.996501 -21.6535 -0.0102098 0.999532 0.0288156 0.200272 0.99684 0.0124441 -0.0784549 3.96708
-0.0777 0.0294583 -0.996541 -22.4738 -0.00935948 0.999497 0.0302755 0.213958 0.996933 0.0116795 -0.0773852 3.90167
-0.0773314 0.0248514 -0.996696 -23.2823 -0.00962219 0.999624 0.025671 0.223714 0.996959 0.0115756 -0.0770631 3.83595
-0.0763577 0.0178065 -0.996921 -24.0939 -0.008588 0.999791 0.0185155 0.232708 0.997043 0.00997536 -0.0761888 3.75841
-0.0758134 0.0130249 -0.997037 -24.9253 -0.00634913 0.999888 0.0135449 0.244609 0.997101 0.0073572 -0.0757222 3.68446
-0.0749654 0.0138308 -0.99709 -25.7455 -0.00521419 0.999884 0.0142616 0.249309 0.997172 0.00626815 -0.0748846 3.59775
-0.0749146 0.0210253 -0.996968 -26.597 -0.00576815 0.999752 0.0215174 0.253618 0.997173 0.00736264 -0.0747747 3.52739
-0.075162 0.0279943 -0.996778 -27.448 -0.00685808 0.999567 0.0285897 0.264068 0.997148 0.00898485 -0.0749375 3.45715
-0.0756475 0.033302 -0.996578 -28.2781 -0.00851905 0.999384 0.0340424 0.272569 0.997098 0.0110651 -0.0753172 3.39427
-0.0759595 0.0335478 -0.996546 -29.1362 -0.00992686 0.999359 0.0343992 0.286036 0.997061 0.0125055 -0.0755777 3.31914
-0.0764361 0.0301207 -0.996619 -29.9832 -0.010086 0.999469 0.0309804 0.297676 0.997023 0.0124199 -0.0760916 3.2495
-0.0780488 0.0273273 -0.996575 -30.8313 -0.00974782 0.999555 0.0281724 0.312513 0.996902 0.0119133 -0.0777477 3.1951
-0.0784502 0.0283828 -0.996514 -31.6776 -0.0111313 0.999507 0.0293444 0.325804 0.996856 0.0133946 -0.0780956 3.12685
-0.078485 0.0303958 -0.996452 -32.522 -0.0116014 0.999439 0.0314007 0.338846 0.996848 0.0140247 -0.0780883 3.05812
-0.0786318 0.0285419 -0.996495 -33.3627 -0.0120677 0.999489 0.0295799 0.349662 0.99683 0.0143513 -0.0782472 2.9896
-0.0786112 0.023456 -0.996629 -34.2012 -0.012748 0.999617 0.0245319 0.356282 0.996824 0.0146335 -0.0782821 2.92183
-0.0783531 0.0196336 -0.996732 -35.0409 -0.0142806 0.999681 0.0208143 0.359 0.996823 0.0158648 -0.0780477 2.84559
-0.0781245 0.0205236 -0.996732 -35.8703 -0.0136575 0.999672 0.0216547 0.360801 0.99685 0.0153046 -0.0778185 2.78374
-0.0780178 0.0230128 -0.996686 -36.7063 -0.0124719 0.999632 0.0240571 0.363679 0.996874 0.0143074 -0.0777021 2.72749
-0.0792508 0.0278762 -0.996465 -37.5306 -0.01215 0.999507 0.0289276 0.370142 0.99678 0.0143996 -0.078873 2.69476
-0.0790966 0.0335065 -0.996303 -38.3938 -0.0114305 0.999338 0.034516 0.379723 0.996801 0.0141183 -0.0786613 2.62776
-0.0803585 0.036582 -0.996094 -39.2299 -0.0117892 0.999221 0.0376479 0.39036 0.996696 0.0147685 -0.0798646 2.57694
-0.0806251 0.0365549 -0.996074 -40.0828 -0.0115665 0.999225 0.0376068 0.402814 0.996677 0.0145531 -0.0801398 2.50825
-0.0815432 0.0325939 -0.996136 -40.8885 -0.0116931 0.999365 0.0336567 0.410024 0.996601 0.0143924 -0.0811103 2.46204
-0.0816351 0.0285588 -0.996253 -41.7363 -0.0129584 0.999474 0.029713 0.419334 0.996578 0.0153355 -0.081222 2.38766
-0.0835027 0.0259958 -0.996168 -42.5448 -0.0168325 0.99948 0.0274932 0.424835 0.996365 0.0190637 -0.0830217 2.35133
-0.0857749 0.0241811 -0.996021 -43.3935 -0.0198458 0.999465 0.0259738 0.435187 0.996117 0.0219948 -0.0852491 2.294
-0.0880211 0.0219803 -0.995876 -44.2185 -0.0172933 0.999572 0.0235904 0.443731 0.995968 0.0192985 -0.0876033 2.24789
-0.090634 0.0182736 -0.995716 -45.0492 -0.0138346 0.999712 0.0196062 0.449057 0.995788 0.0155524 -0.090355 2.19712
-0.0917653 0.0170383 -0.995635 -45.8823 -0.00946137 0.999793 0.0179815 0.451493 0.995735 0.0110702 -0.0915851 2.12631
-0.0943918 0.0203294 -0.995327 -46.7154 -0.009009 0.999733 0.0212737 0.457176 0.995494 0.010975 -0.0941834 2.05325
-0.0966561 0.0260521 -0.994977 -47.5403 -0.00645527 0.999619 0.0268007 0.465572 0.995296 0.0090133 -0.0964511 1.97962
-0.100091 0.0298151 -0.994531 -48.3634 -0.00436523 0.999528 0.0304042 0.470387 0.994968 0.00738454 -0.0999133 1.91787
-0.101618 0.0290768 -0.994398 -49.1973 -0.00445525 0.999549 0.0296827 0.476196 0.994813 0.00744659 -0.101443 1.82772
-0.10249 0.0252054 -0.994414 -49.9979 -0.00783587 0.999627 0.0261451 0.479632 0.994703 0.0104717 -0.102255 1.73217
-0.103746 0.0218992 -0.994363 -50.8051 -0.0123511 0.999652 0.0233043 0.483637 0.994527 0.0146992 -0.103439 1.63425
-0.10577 0.0204611 -0.99418 -51.6189 -0.0163896 0.999616 0.0223167 0.489353 0.994255 0.0186547 -0.105394 1.54232
-0.106907 0.0213419 -0.99404 -52.4307 -0.0182258 0.999559 0.0234205 0.493641 0.994102 0.020621 -0.106471 1.44558
-0.108001 0.0229626 -0.993885 -53.2214 -0.0177208 0.999529 0.0250187 0.49656 0.993992 0.0203144 -0.107543 1.35478
-0.108913 0.0224965 -0.993797 -54.0101 -0.0194199 0.999504 0.024754 0.500927 0.993861 0.0219955 -0.108422 1.25912
-0.108558 0.022409 -0.993837 -54.7862 -0.0203825 0.999485 0.0247628 0.50227 0.993881 0.0229451 -0.108045 1.15138
-0.108395 0.0240396 -0.993817 -55.5646 -0.0191097 0.999472 0.0262606 0.509122 0.993924 0.0218381 -0.107878 1.05176
-0.108225 0.0274333 -0.993748 -56.3386 -0.0180559 0.999399 0.0295557 0.50948 0.993962 0.0211417 -0.107665 0.956112
-0.108957 0.0318557 -0.993536 -57.1216 -0.017586 0.999267 0.0339681 0.51452 0.99389 0.0211734 -0.108317 0.869343
-0.109618 0.0337564 -0.9934 -57.8992 -0.0170323 0.999212 0.0358334 0.527117 0.993827 0.0208478 -0.108957 0.777659
-0.110123 0.0336871 -0.993347 -58.6478 -0.0166615 0.999222 0.0357335 0.537614 0.993778 0.0204857 -0.109476 0.68871
-0.110839 0.0317487 -0.993331 -59.3976 -0.0158481 0.999305 0.033708 0.546327 0.993712 0.0194786 -0.110259 0.605759
-0.111213 0.0281466 -0.993398 -60.1371 -0.0154594 0.999428 0.0300482 0.556014 0.993676 0.0186991 -0.110714 0.516894
-0.111598 0.02533 -0.99343 -60.8632 -0.0158004 0.999503 0.0272598 0.562141 0.993628 0.0187387 -0.111142 0.436437
-0.110804 0.0229773 -0.993576 -61.5935 -0.0160001 0.999561 0.0249001 0.569723 0.993713 0.0186564 -0.110388 0.349402
-0.108851 0.0220709 -0.993813 -62.2978 -0.0182444 0.99954 0.0241964 0.5743 0.99389 0.0207653 -0.108399 0.268799
-0.105241 0.0229892 -0.994181 -62.9887 -0.0184189 0.999515 0.0250624 0.577311 0.994276 0.0209494 -0.104767 0.19213
-0.0998033 0.0245127 -0.994705 -63.6597 -0.0177308 0.999493 0.0264097 0.579636 0.994849 0.0202727 -0.0993181 0.128713
-0.0929548 0.0259132 -0.995333 -64.319 -0.0165412 0.999482 0.027566 0.583675 0.995533 0.0190264 -0.0924781 0.0705052
-0.0846682 0.0271075 -0.99604 -64.9596 -0.0171898 0.99944 0.0286613 0.587161 0.996261 0.0195484 -0.0841549 0.0196219
-0.072992 0.0285718 -0.996923 -65.6015 -0.018879 0.99937 0.0300243 0.595375 0.997153 0.0210124 -0.0724067 -0.0324185
-0.0588675 0.0300967 -0.997812 -66.2167 -0.0219575 0.999264 0.031436 0.600616 0.998024 0.02376 -0.0581633 -0.0608529
-0.0411646 0.0311231 -0.998667 -66.8023 -0.0233123 0.999212 0.032101 0.608133 0.99888 0.0246026 -0.0404066 -0.0705847
-0.0193028 0.031801 -0.999308 -67.3801 -0.0240616 0.999189 0.032262 0.615541 0.999524 0.0246677 -0.0185219 -0.0705299
0.0056082 0.0320199 -0.999471 -67.9268 -0.0235172 0.999214 0.0318797 0.621047 0.999707 0.0233259 0.00635683 -0.0437786
0.0343218 0.0314994 -0.998914 -68.4771 -0.0216861 0.99929 0.0307662 0.628476 0.999175 0.0206066 0.0349806 0.0053554
0.0668791 0.0314817 -0.997264 -68.9949 -0.0200817 0.999341 0.0302006 0.632552 0.997559 0.018007 0.0674674 0.0961509
0.102844 0.0318252 -0.994188 -69.4753 -0.019118 0.999366 0.0300134 0.633973 0.994513 0.0159202 0.103387 0.205571
0.142429 0.0316441 -0.989299 -69.9734 -0.0186385 0.999396 0.0292838 0.637698 0.989629 0.0142681 0.142933 0.330974
0.187501 0.0323769 -0.981731 -70.4507 -0.0174191 0.999408 0.0296331 0.643829 0.982109 0.0115446 0.187954 0.458696
0.236079 0.0308433 -0.971244 -70.9033 -0.0139493 0.9995 0.02835 0.647486 0.971633 0.00685529 0.236392 0.60394
0.286989 0.0259316 -0.957583 -71.3476 -0.00604794 0.999662 0.0252586 0.649894 0.957914 -0.00145756 0.287049 0.773024
0.338822 0.0207987 -0.94062 -71.7868 -0.000494711 0.999758 0.0219282 0.650496 0.94085 -0.00696446 0.338751 0.971874
0.391136 0.0163129 -0.920188 -72.1934 0.00525571 0.999786 0.0199581 0.649944 0.920317 -0.0126426 0.390967 1.19351
0.442309 0.0160532 -0.896719 -72.5986 0.00544261 0.999772 0.0205827 0.652902 0.896846 -0.0139844 0.442122 1.43948
0.49057 0.0147938 -0.871276 -72.9892 0.00763089 0.999744 0.0212718 0.656236 0.871368 -0.0170839 0.490332 1.70707
0.536187 0.0107038 -0.844031 -73.3368 0.015612 0.999622 0.0225948 0.657124 0.843954 -0.0252921 0.535817 1.98401
0.580499 0.0040772 -0.81425 -73.6496 0.0265262 0.999361 0.0239153 0.657827 0.813828 -0.0354818 0.580021 2.27867
0.623035 -0.00109645 -0.782193 -73.9642 0.0285016 0.999366 0.0213014 0.659571 0.781674 -0.0355653 0.622671 2.59644
0.66474 -0.00600528 -0.74705 -74.277 0.0257207 0.999558 0.0148518 0.661947 0.746631 -0.0290872 0.664601 2.92187
0.705801 -0.0128597 -0.708293 -74.5593 0.0224687 0.999737 0.00423861 0.661376 0.708053 -0.0189061 0.705906 3.26481
0.745871 -0.0161154 -0.665895 -74.8421 0.0184785 0.999822 -0.00349887 0.662036 0.665833 -0.00969509 0.746037 3.63481
0.783855 -0.0171747 -0.620706 -75.109 0.0170954 0.999834 -0.00607605 0.661923 0.620708 -0.0058485 0.784019 4.03199
0.819079 -0.0190654 -0.573363 -75.3599 0.0177716 0.99981 -0.00785769 0.663996 0.573404 -0.00375355 0.819263 4.45164
0.850973 -0.0181701 -0.524895 -75.622 0.0152369 0.999834 -0.00990836 0.665961 0.524988 0.000433984 0.851109 4.917
0.877734 -0.0168762 -0.47885 -75.8249 0.0147712 0.999856 -0.0081624 0.654925 0.478919 9.12221e-05 0.877858 5.3912
0.899901 -0.011201 -0.43595 -76.0323 0.00906946 0.999933 -0.00697014 0.647994 0.435999 0.0023186 0.899943 5.89528
0.918463 -0.00737948 -0.395438 -76.2337 0.00448017 0.999955 -0.00825469 0.642285 0.395481 0.00580999 0.918455 6.41852
0.932996 -0.00220705 -0.359879 -76.4192 -0.000179377 0.999977 -0.00659751 0.636876 0.359885 0.00622 0.932975 6.94956
0.944009 -0.00107751 -0.329917 -76.6084 -0.000441985 0.999988 -0.00453046 0.626761 0.329918 0.0044226 0.943998 7.51743
0.952143 -0.00196778 -0.305646 -76.7897 0.00109951 0.999994 -0.00301272 0.619546 0.30565 0.00253246 0.95214 8.10884
0.958512 -0.00164384 -0.285048 -76.938 0.00146792 0.999997 -0.000830594 0.611277 0.285049 0.000377691 0.958512 8.68667
0.963493 0.00103076 -0.267731 -77.0825 -0.000540609 0.999997 0.00190468 0.603448 0.267732 -0.00169043 0.963491 9.2932
0.967483 0.00579074 -0.252868 -77.2499 -0.00508696 0.99998 0.0034371 0.600608 0.252883 -0.00203903 0.967494 9.93351
0.970807 0.00899867 -0.239692 -77.4111 -0.00813826 0.999955 0.00457937 0.597368 0.239722 -0.00249503 0.970838 10.581
0.973814 0.00773031 -0.227215 -77.5412 -0.0068764 0.999965 0.00454966 0.588856 0.227242 -0.00286812 0.973834 11.2296
0.976773 0.00800031 -0.214125 -77.6651 -0.00722121 0.999963 0.00442074 0.580608 0.214152 -0.00277184 0.976796 11.8941
0.979764 0.00839091 -0.199978 -77.8001 -0.00747483 0.999956 0.00533572 0.575733 0.200014 -0.00373297 0.979785 12.5934
0.982408 0.00976698 -0.186492 -77.9123 -0.00879839 0.999942 0.00602097 0.56908 0.18654 -0.00427424 0.982437 13.2889
0.984554 0.00936147 -0.174827 -78.0269 -0.00889194 0.999953 0.00346903 0.56165 0.174851 -0.00186092 0.984592 14.0168
0.986399 0.00976909 -0.164079 -78.1586 -0.0101661 0.999946 -0.00157955 0.552339 0.164054 0.00322608 0.986445 14.7737
0.987865 0.00777713 -0.155121 -78.2525 -0.00903387 0.99993 -0.00739809 0.539294 0.155053 0.00870965 0.987867 15.5015
0.989033 0.00770462 -0.147492 -78.3476 -0.00890249 0.999931 -0.00746282 0.52969 0.147424 0.00869401 0.989034 16.2477
0.989954 0.00915371 -0.14109 -78.4558 -0.00944882 0.999953 -0.00142153 0.521836 0.141071 0.00274037 0.989995 17.0187
0.990553 0.0136057 -0.136454 -78.5571 -0.0128732 0.999896 0.00624924 0.514013 0.136525 -0.00443363 0.990626 17.7839
0.991093 0.0142258 -0.132409 -78.6666 -0.0130507 0.999866 0.00973842 0.507296 0.13253 -0.00792368 0.991147 18.5682
0.991503 0.013156 -0.129416 -78.7536 -0.0121087 0.999886 0.00887644 0.496588 0.129517 -0.00723399 0.99155 19.3247
0.991853 0.0129235 -0.126733 -78.8507 -0.0119772 0.999893 0.00822633 0.487129 0.126825 -0.00664143 0.991902 20.0999
0.992159 0.011616 -0.124437 -78.9338 -0.0103852 0.999889 0.0105351 0.478632 0.124545 -0.00916022 0.992171 20.8644
0.992394 0.0099371 -0.122696 -79.0187 -0.0083985 0.999878 0.0130511 0.470611 0.122811 -0.0119214 0.992358 21.6373
0.992686 0.00774956 -0.120475 -79.0966 -0.00602714 0.999873 0.0146551 0.463236 0.120573 -0.0138218 0.992607 22.4019
0.992887 0.00695753 -0.118852 -79.1748 -0.00564585 0.999918 0.0113698 0.452941 0.118921 -0.010618 0.992846 23.1685
0.993007 0.00933813 -0.117683 -79.273 -0.00892974 0.999951 0.0039975 0.447298 0.117714 -0.0029187 0.993043 23.9431
0.993191 0.00956213 -0.116098 -79.3684 -0.0100348 0.999942 -0.00348678 0.43562 0.116058 0.00462804 0.993231 24.7063
0.993263 0.0103767 -0.115417 -79.4558 -0.0114127 0.999899 -0.00831821 0.432419 0.115319 0.00957938 0.993282 25.472
0.993374 0.0111129 -0.114383 -79.5292 -0.0119993 0.999902 -0.00706376 0.421534 0.114293 0.00838946 0.993411 26.2205
0.993452 0.0138864 -0.113397 -79.608 -0.0143652 0.99989 -0.0034054 0.40851 0.113337 0.00501205 0.993543 26.9978
0.993518 0.0170433 -0.11239 -79.6925 -0.0169817 0.999853 0.00150567 0.393597 0.112399 0.000412645 0.993662 27.7814
0.993734 0.0142874 -0.110851 -79.7704 -0.014018 0.999895 0.00320911 0.383646 0.110885 -0.00163512 0.993831 28.5577
0.993733 0.0111158 -0.111228 -79.8369 -0.0108732 0.999936 0.00278812 0.371658 0.111252 -0.00156127 0.99379 29.3088
0.993756 0.00921262 -0.111192 -79.9132 -0.00893512 0.999954 0.00299412 0.355588 0.111214 -0.00198193 0.993794 30.0798
0.993802 0.00932791 -0.110772 -79.9984 -0.00925714 0.999955 0.00115354 0.348282 0.110777 -0.000120978 0.993845 30.8533
0.993814 0.00758652 -0.110797 -80.0772 -0.00766049 0.999969 -0.000241512 0.338326 0.110792 0.00108876 0.993842 31.6168
0.993922 0.00624063 -0.109906 -80.1693 -0.00628149 0.999979 -2.51266e-05 0.325349 0.109904 0.000715331 0.993941 32.3899
0.993979 0.00966545 -0.109144 -80.2633 -0.0096163 0.999952 0.000977137 0.31552 0.109148 7.82849e-05 0.994025 33.1633
0.993942 0.00936673 -0.109505 -80.3529 -0.0094255 0.999954 -1.86111e-05 0.30698 0.1095 0.00105062 0.993986 33.947
0.993854 0.00932219 -0.110307 -80.4596 -0.00941261 0.999954 -0.000298628 0.296934 0.110299 0.00133505 0.993897 34.7025
0.993727 0.00810329 -0.111538 -80.5637 -0.00816668 0.999965 -0.00011099 0.286423 0.111533 0.00102117 0.99376 35.483
0.99337 0.00939306 -0.114577 -80.6677 -0.0094758 0.999954 -0.000177099 0.275245 0.11457 0.00126161 0.993414 36.2844
0.992956 0.0134518 -0.117719 -80.7652 -0.0135996 0.999906 -0.000451443 0.258078 0.117702 0.00204917 0.993046 37.0711
0.992609 0.013378 -0.120619 -80.8673 -0.0140834 0.999887 -0.00499674 0.240224 0.120538 0.00665851 0.992686 37.867
0.99228 0.0144824 -0.123167 -80.9701 -0.0156165 0.999843 -0.0082469 0.221659 0.123028 0.0101067 0.992351 38.6671
0.991903 0.0133547 -0.12629 -81.0546 -0.0146993 0.999844 -0.0097202 0.205527 0.12614 0.0114979 0.991945 39.4841
0.991613 0.0132084 -0.128567 -81.1803 -0.0143661 0.999863 -0.00808087 0.185471 0.128443 0.00986009 0.991667 40.3392
0.991253 0.0115933 -0.131467 -81.285 -0.0126822 0.999891 -0.00744803 0.168351 0.131366 0.00905016 0.991292 41.179
0.991043 0.0111083 -0.133077 -81.4082 -0.0119934 0.99991 -0.00585072 0.154998 0.132999 0.00739434 0.991088 42.024
0.990919 0.0109059 -0.134017 -81.5325 -0.0113306 0.999932 -0.00240572 0.142641 0.133981 0.00390234 0.990976 42.8723
0.990846 0.0106116 -0.134577 -81.657 -0.0104469 0.999942 0.00193022 0.133935 0.134589 -0.000506666 0.990901 43.7206
0.990819 0.0110107 -0.134744 -81.7623 -0.010546 0.999935 0.00416213 0.118259 0.134781 -0.00270293 0.990871 44.5739
0.990972 0.0139789 -0.13334 -81.8843 -0.0135617 0.999899 0.00403653 0.112261 0.133382 -0.00219179 0.991062 45.4603
0.991209 0.0140604 -0.131555 -82.0009 -0.0138309 0.9999 0.00265872 0.103821 0.131579 -0.000815846 0.991305 46.3202
0.991489 0.0118607 -0.129647 -82.1229 -0.011938 0.999927 0.000181013 0.0937297 0.129639 0.00136823 0.99156 47.1955
0.991799 0.0081329 -0.127547 -82.2366 -0.00838965 0.999962 -0.00147552 0.0800742 0.12753 0.00253348 0.991831 48.0631
0.992059 0.00687353 -0.125585 -82.35 -0.00713923 0.999972 -0.0016653 0.0658263 0.12557 0.00254863 0.992081 48.938
0.992198 0.00496472 -0.124576 -82.463 -0.00490162 0.999986 0.000813407 0.0502025 0.124578 -0.000196454 0.992209 49.8274
0.992371 0.00268956 -0.123256 -82.5782 -0.00229247 0.99999 0.00336386 0.0323815 0.123263 -0.00305565 0.992369 50.6943
0.992497 0.00243687 -0.122244 -82.6891 -0.00201762 0.99999 0.00355377 0.0182748 0.122251 -0.00328049 0.992493 51.5694
0.99262 0.00337845 -0.121215 -82.8037 -0.0033296 0.999993 0.000606032 -0.000356395 0.121216 -0.000197982 0.992626 52.4485
0.992718 0.00554084 -0.120337 -82.9214 -0.00616562 0.999968 -0.00481973 -0.0234695 0.120307 0.00552657 0.992721 53.3151
0.992817 0.00697638 -0.119436 -83.014 -0.00822046 0.999916 -0.00992632 -0.0473894 0.119357 0.0108368 0.992792 54.1348
0.992798 0.0110609 -0.119289 -83.1237 -0.0129934 0.999795 -0.0154347 -0.0753862 0.119093 0.0168735 0.992739 55.0132
0.992899 0.0110175 -0.118452 -83.2284 -0.0130352 0.999781 -0.016273 -0.101846 0.118247 0.0177015 0.992826 55.8692
0.992943 0.00808185 -0.118313 -83.3345 -0.00939432 0.999899 -0.0105394 -0.122055 0.118216 0.0115765 0.99292 56.7388
0.992968 0.00845243 -0.118079 -83.4597 -0.0087215 0.999959 -0.00176176 -0.144858 0.118059 0.00277918 0.993002 57.6161
0.992766 0.00774903 -0.119815 -83.5424 -0.00711196 0.999957 0.00574424 -0.16571 0.119854 -0.00485058 0.992779 58.4329
0.992368 0.00556118 -0.123188 -83.6329 -0.00511055 0.999978 0.00397419 -0.185669 0.123208 -0.00331432 0.992375 59.272
0.991999 0.000655737 -0.126247 -83.7222 -0.000547147 0.999998 0.000895263 -0.206707 0.126247 -0.00081904 0.991998 60.1099
0.991379 -0.000836697 -0.131026 -83.7989 0.000798228 0.999998 -0.000345667 -0.225941 0.131026 0.000238083 0.991378 60.9389
0.990972 0.00122319 -0.134062 -83.9163 -0.00163194 0.999993 -0.00293865 -0.242845 0.134057 0.00313089 0.990968 61.7742
0.990417 0.00246036 -0.138085 -84.0363 -0.00335621 0.999973 -0.00625485 -0.26286 0.138066 0.00665834 0.9904 62.6107
0.989647 0.00278921 -0.143498 -84.1406 -0.00421576 0.999943 -0.00963779 -0.28376 0.143462 0.010143 0.989603 63.4233
0.989174 0.00447659 -0.146676 -84.2731 -0.00653712 0.999885 -0.0135688 -0.306933 0.146598 0.0143807 0.989091 64.2431
0.988598 0.00900807 -0.150311 -84.3988 -0.0111896 0.999843 -0.0136737 -0.33192 0.150164 0.0151997 0.988544 65.0409
0.987889 0.012402 -0.154668 -84.5275 -0.0144018 0.999825 -0.0118158 -0.354531 0.154495 0.0139002 0.987895 65.848
0.987104 0.015822 -0.159297 -84.6643 -0.0170451 0.999834 -0.00631431 -0.373095 0.159171 0.00894811 0.98721 66.6662
0.986454 0.0167195 -0.163185 -84.8044 -0.0170861 0.999852 -0.000843062 -0.39323 0.163147 0.00361983 0.986595 67.4512
0.985572 0.0160358 -0.168496 -84.9451 -0.0158284 0.99987 0.00257455 -0.408578 0.168515 0.000129594 0.985699 68.2642
0.984413 0.0152528 -0.175212 -85.0892 -0.0149092 0.999882 0.00327751 -0.418884 0.175241 -0.000614169 0.984525 69.0487
0.98332 0.0133278 -0.181394 -85.2342 -0.0123376 0.999901 0.00658626 -0.427521 0.181464 -0.00423846 0.983388 69.8343
0.981908 0.0136111 -0.18887 -85.3849 -0.0127172 0.9999 0.00594406 -0.43731 0.188932 -0.00343464 0.981984 70.6332
0.980648 0.0178238 -0.194967 -85.5479 -0.0172234 0.999839 0.0047744 -0.446512 0.195021 -0.00132401 0.980798 71.4015
0.979502 0.0192863 -0.20051 -85.72 -0.0195462 0.999807 0.000683657 -0.454808 0.200485 0.00324956 0.979691 72.1652
0.978147 0.0175212 -0.207178 -85.8721 -0.0184063 0.999826 -0.00234479 -0.465549 0.207101 0.00610691 0.9783 72.9209
0.976881 0.0186891 -0.212966 -86.0412 -0.0199335 0.999793 -0.00369674 -0.480444 0.212853 0.00785641 0.977052 73.6883
0.97578 0.0209604 -0.217749 -86.2249 -0.0212145 0.999773 0.00117129 -0.489744 0.217724 0.00347649 0.976004 74.4583
0.974455 0.0218612 -0.223517 -86.411 -0.0213183 0.99976 0.00484172 -0.497792 0.223569 4.69538e-05 0.974688 75.214
0.973053 0.0211459 -0.229612 -86.5936 -0.0201803 0.999774 0.00655318 -0.509997 0.229699 -0.00174296 0.97326 75.96
0.971381 0.0189871 -0.236768 -86.7833 -0.0188453 0.999817 0.00286228 -0.52535 0.236779 0.00168158 0.971562 76.7121
0.969395 0.0166492 -0.244942 -86.9802 -0.0182516 0.999823 -0.00427333 -0.535467 0.244828 0.00861312 0.969528 77.452
0.96711 0.0138064 -0.253982 -87.1827 -0.0159345 0.999852 -0.00632305 -0.549732 0.253857 0.0101622 0.967188 78.194
0.964783 0.0137492 -0.262686 -87.4144 -0.0152619 0.999875 -0.00371874 -0.565054 0.262602 0.00759686 0.964874 78.9105
0.962022 0.0140246 -0.27261 -87.6514 -0.0139074 0.999899 0.00236244 -0.575957 0.272616 0.00151857 0.962121 79.6295
0.958914 0.0162219 -0.283234 -87.8907 -0.0139749 0.999851 0.00995225 -0.586361 0.283354 -0.0055852 0.958999 80.3422
0.955588 0.0164996 -0.294244 -88.125 -0.0130573 0.99982 0.0136595 -0.601378 0.294416 -0.00921086 0.955633 81.0682
0.951889 0.0190103 -0.305853 -88.3679 -0.0170255 0.999812 0.00915598 -0.614893 0.305969 -0.00350819 0.952035 81.7932
0.947988 0.0177311 -0.317812 -88.6149 -0.0186421 0.999825 0.000174785 -0.625908 0.31776 0.00575899 0.948153 82.4949
0.943692 0.0146866 -0.330499 -88.8633 -0.0172213 0.999839 -0.00474238 -0.634118 0.330376 0.010167 0.943794 83.203
0.939296 0.013954 -0.342825 -89.1124 -0.0148503 0.999888 1.07209e-05 -0.640436 0.342787 0.00508099 0.939399 83.8931
0.934992 0.0158585 -0.354315 -89.3856 -0.0143076 0.999872 0.00699682 -0.649926 0.354381 -0.0014726 0.9351 84.6029
0.930355 0.0159449 -0.366313 -89.6669 -0.0124462 0.99985 0.011911 -0.656142 0.366448 -0.00652226 0.930415 85.3073
0.925703 0.013458 -0.378012 -89.9814 -0.0104413 0.999894 0.0100293 -0.664706 0.378107 -0.00533722 0.925746 86.0163
0.921291 0.0114164 -0.388706 -90.2865 -0.0099983 0.999932 0.0056711 -0.675814 0.388745 -0.00133836 0.921344 86.7019
0.917712 0.00676898 -0.397189 -90.59 -0.0078471 0.999967 -0.00108901 -0.689475 0.397169 0.00411616 0.917736 87.3838
0.914598 0.00249591 -0.404357 -90.917 -0.00575873 0.999958 -0.00685298 -0.702309 0.404323 0.0085963 0.914576 88.0839
0.911166 0.0023699 -0.412033 -91.2131 -0.0066306 0.999937 -0.00891131 -0.718837 0.411986 0.0108517 0.911125 88.7617
0.907688 0.00700132 -0.419587 -91.5564 -0.0119437 0.999885 -0.00915318 -0.733672 0.419475 0.0133196 0.907669 89.4561
0.904044 0.00681048 -0.427386 -91.8691 -0.0108824 0.999914 -0.00708529 -0.750553 0.427302 0.0110564 0.904041 90.1293
0.900281 0.00810376 -0.435235 -92.2031 -0.00937738 0.999954 -0.000778461 -0.761643 0.435209 0.00478219 0.900316 90.821
0.897087 0.00978348 -0.441745 -92.5423 -0.0074614 0.999946 0.00699383 -0.767109 0.44179 -0.00297806 0.897113 91.5112
0.894261 0.0189526 -0.447145 -92.9253 -0.0145264 0.999804 0.0133259 -0.773146 0.44731 -0.00542144 0.894362 92.2087
0.891142 0.0255982 -0.453001 -93.2726 -0.0234249 0.99967 0.0104082 -0.783016 0.453118 0.00133627 0.891449 92.8709
0.888442 0.0217021 -0.458476 -93.6346 -0.0229396 0.999731 0.00287011 -0.792613 0.458415 0.00796732 0.888702 93.5518
0.886054 0.0140801 -0.463368 -93.9798 -0.0181765 0.999824 -0.00437589 -0.806141 0.463225 0.0122997 0.886155 94.2255
0.883935 0.0146118 -0.467383 -94.344 -0.0191284 0.999803 -0.00491956 -0.818724 0.467219 0.0132889 0.884041 94.9106
0.881348 0.0203136 -0.472031 -94.7287 -0.0230414 0.999733 1.71876e-06 -0.829149 0.471905 0.0108747 0.881582 95.602
0.878234 0.0227723 -0.477688 -95.0791 -0.0236208 0.99971 0.00423126 -0.84451 0.477646 0.00756732 0.878519 96.2717
0.875556 0.0192041 -0.482735 -95.4543 -0.0205972 0.999783 0.00241546 -0.863527 0.482677 0.00782811 0.875763 96.9499
0.872783 0.0175224 -0.487795 -95.837 -0.0221667 0.999745 -0.003749 -0.881133 0.487605 0.0140849 0.87295 97.6286
0.870239 0.014264 -0.492423 -96.2346 -0.0222154 0.999698 -0.0103022 -0.89367 0.492128 0.0199048 0.870295 98.3048
0.867751 0.0144788 -0.496788 -96.6303 -0.0234596 0.999653 -0.0118426 -0.908075 0.496444 0.0219309 0.867791 98.9743
0.86491 0.017016 -0.501639 -97.0057 -0.0241636 0.999676 -0.00775216 -0.923509 0.501345 0.0188263 0.865042 99.6483
0.862102 0.0181673 -0.50641 -97.3998 -0.0245377 0.99968 -0.00590917 -0.940417 0.50614 0.0175205 0.862273 100.324
0.85884 0.0184994 -0.511911 -97.7824 -0.0247938 0.999676 -0.00547058 -0.956103 0.511644 0.0173906 0.859021 100.992
0.856065 0.0163955 -0.516608 -98.1796 -0.022942 0.999715 -0.00628893 -0.975848 0.516358 0.0172357 0.856199 101.655
0.853362 0.0144506 -0.521118 -98.5803 -0.0211773 0.99975 -0.00695593 -0.996092 0.520888 0.0169718 0.853456 102.316
0.850811 0.013917 -0.525288 -98.9837 -0.0203773 0.999769 -0.00651715 -1.01473 0.525077 0.0162488 0.8509 102.965
0.848593 0.0151853 -0.528828 -99.4182 -0.0216867 0.999745 -0.0060922 -1.03304 0.5286 0.0166383 0.848708 103.621
0.845786 0.0151284 -0.533308 -99.8153 -0.021809 0.999741 -0.00622754 -1.05223 0.533076 0.0168981 0.845898 104.256
0.842618 0.0115445 -0.538387 -100.226 -0.0203318 0.999738 -0.0103836 -1.0712 0.538126 0.0196958 0.842634 104.909
0.839866 0.00762881 -0.54274 -100.627 -0.0186686 0.999714 -0.0148366 -1.0954 0.542472 0.0225929 0.83977 105.532
0.837353 0.00570419 -0.546632 -101.035 -0.0182595 0.999678 -0.0175387 -1.11638 0.546356 0.0246673 0.837189 106.156
0.834963 0.00763124 -0.550254 -101.436 -0.0182113 0.999738 -0.013769 -1.13799 0.550004 0.0215175 0.834884 106.77
0.832639 0.0116387 -0.553694 -101.841 -0.0174118 0.999833 -0.00516689 -1.15321 0.553541 0.013943 0.832705 107.383
0.830584 0.0133191 -0.556734 -102.242 -0.0134178 0.999901 0.0039035 -1.16696 0.556731 0.00422798 0.830682 107.997
0.829166 0.0130729 -0.558849 -102.668 -0.00992703 0.999912 0.00866181 -1.18543 0.558913 -0.00163438 0.829224 108.593
0.8276 0.010119 -0.561228 -103.075 -0.00686275 0.999943 0.0079092 -1.19617 0.561276 -0.0026941 0.827624 109.173
0.82563 0.00809171 -0.564155 -103.48 -0.00673128 0.999966 0.0044916 -1.2098 0.564172 8.90696e-05 0.825657 109.749
0.823832 0.00614027 -0.566802 -103.866 -0.00634086 0.999977 0.00161679 -1.221 0.566798 0.00226204 0.823853 110.3
0.822111 0.00421524 -0.569312 -104.231 -0.00504017 0.999986 0.000125904 -1.22768 0.569304 0.00276592 0.822122 110.827
0.820263 0.00252832 -0.571981 -104.585 -0.00329711 0.999993 -0.000307927 -1.2397 0.571976 0.00213846 0.820267 111.35
0.81859 0.00316998 -0.57437 -104.942 -0.00347163 0.999992 0.000571379 -1.25323 0.574367 0.00152627 0.818596 111.856
0.817149 0.00342758 -0.576416 -105.28 -0.00269564 0.999992 0.00212499 -1.26698 0.576419 -0.000182633 0.817154 112.33
0.815808 0.00239229 -0.578319 -105.623 -0.0010776 0.999994 0.00261662 -1.2778 0.578322 -0.00151147 0.815807 112.796
0.814685 0.000521171 -0.579903 -105.95 0.00115 0.999994 0.00251444 -1.28663 0.579902 -0.00271537 0.814682 113.236
0.813718 -0.000549015 -0.581259 -106.261 0.00166447 0.999996 0.00138573 -1.29859 0.581256 -0.00209508 0.813717 113.65
0.812314 -0.000810379 -0.583219 -106.561 -0.000469129 0.999996 -0.00204277 -1.31131 0.583219 0.00193298 0.812312 114.053
0.810747 -0.00353254 -0.585387 -106.857 3.95702e-05 0.99998 -0.0059795 -1.32586 0.585397 0.0048247 0.810733 114.444
0.808283 -0.00725502 -0.58875 -107.132 0.00322753 0.999962 -0.00789116 -1.34085 0.588785 0.00447809 0.808277 114.816
0.805527 -0.0108492 -0.59246 -107.402 0.0080058 0.999939 -0.00742599 -1.35375 0.592505 0.00123873 0.805566 115.174
0.801901 -0.00972344 -0.597378 -107.665 0.00768622 0.999951 -0.00595821 -1.36415 0.597407 0.000186325 0.801938 115.515
0.797591 -0.00618112 -0.603167 -107.921 0.00455373 0.999979 -0.00422588 -1.37314 0.60318 0.000623876 0.797604 115.846
0.793769 0.000123786 -0.60822 -108.168 7.68707e-06 0.999998 0.000213665 -1.3821 0.608219 -0.000174278 0.793769 116.142
0.789632 0.00558322 -0.613555 -108.399 -0.00165231 0.999972 0.00697315 -1.38989 0.613578 -0.00449245 0.789621 116.42
0.784323 0.00759946 -0.620307 -108.609 -0.000922907 0.999936 0.0110835 -1.39991 0.620352 -0.0081206 0.784281 116.682
0.778339 0.00532107 -0.627822 -108.812 0.0031341 0.999917 0.0123603 -1.40849 0.627835 -0.0115882 0.77826 116.934
0.770732 0.00385845 -0.637148 -109.014 0.00620648 0.999887 0.013563 -1.41643 0.637129 -0.0144079 0.770622 117.174
0.761176 0.00277225 -0.64854 -109.206 0.00899735 0.999848 0.014834 -1.42428 0.648483 -0.0171265 0.761037 117.393
0.749834 0.00362474 -0.661617 -109.395 0.00913934 0.999831 0.0158357 -1.43215 0.661563 -0.0179209 0.749675 117.597
0.736275 0.00536683 -0.676661 -109.575 0.00725178 0.999847 0.0158209 -1.44182 0.676643 -0.0165556 0.736125 117.779
0.721335 0.00434058 -0.692574 -109.753 0.00692103 0.999883 0.0134751 -1.45248 0.692552 -0.0145134 0.721222 117.939
0.70537 0.00206406 -0.708837 -109.93 0.00588625 0.999942 0.00876929 -1.46212 0.708814 -0.010358 0.705319 118.093
0.689104 -0.00122266 -0.724662 -110.092 0.0059902 0.999972 0.0040092 -1.47441 0.724637 -0.00710363 0.689094 118.227
0.6729 -0.000702886 -0.739734 -110.27 0.0016329 0.999997 0.000535282 -1.48148 0.739731 -0.00156811 0.6729 118.356
0.6561 0.00279248 -0.754669 -110.461 -0.00593048 0.99998 -0.0014556 -1.48228 0.75465 0.00543057 0.656105 118.494
0.637911 0.00457791 -0.770097 -110.649 -0.00868189 0.99996 -0.00124723 -1.48319 0.77006 0.00748152 0.637927 118.621
0.618076 0.00346862 -0.786111 -110.817 -0.00576574 0.999981 -0.000120898 -1.48455 0.786096 0.00460724 0.618086 118.735
0.596682 0.00282788 -0.802473 -110.995 -0.00301345 0.999993 0.00128335 -1.48516 0.802471 0.00165246 0.596688 118.852
0.573205 0.00452719 -0.8194 -111.177 -0.00325483 0.999988 0.00324813 -1.48316 0.819405 0.00080516 0.573214 118.954
0.548118 0.00889149 -0.836355 -111.376 -0.00714612 0.999955 0.00594753 -1.47923 0.83637 0.00271674 0.548158 119.05
0.522616 0.0126843 -0.852475 -111.57 -0.00960442 0.999912 0.00899007 -1.47535 0.852514 0.00348917 0.522693 119.133
0.497215 0.0152606 -0.867494 -111.772 -0.0119117 0.999869 0.010762 -1.46984 0.867545 0.00498234 0.497333 119.198
0.471288 0.0182475 -0.881791 -111.968 -0.0155643 0.9998 0.012371 -1.47078 0.881841 0.00789414 0.47148 119.252
0.444075 0.0219409 -0.895722 -112.182 -0.0202927 0.999688 0.0144271 -1.46391 0.895759 0.0117699 0.444383 119.318
0.415953 0.0246952 -0.909051 -112.39 -0.0232596 0.999591 0.0165121 -1.4635 0.909088 0.014276 0.416359 119.37
0.384465 0.0233911 -0.922844 -112.597 -0.0223599 0.99962 0.0160218 -1.45887 0.922868 0.0144749 0.384843 119.439
0.350333 0.0202979 -0.936406 -112.82 -0.0222154 0.999662 0.0133578 -1.46149 0.936362 0.0161229 0.350666 119.506
0.314908 0.0166007 -0.948978 -113.045 -0.0220375 0.999704 0.0101752 -1.4695 0.948866 0.0177088 0.315181 119.551
0.273398 0.013331 -0.961809 -113.295 -0.0218726 0.99973 0.00763934 -1.45721 0.961652 0.0189487 0.273617 119.611
0.230929 0.0120905 -0.972896 -113.571 -0.0215538 0.999739 0.00730813 -1.4521 0.972732 0.019282 0.23113 119.647
0.185204 0.00949482 -0.982655 -113.866 -0.0209874 0.999762 0.00570462 -1.44067 0.982476 0.0195669 0.18536 119.684
0.137516 0.00666327 -0.990478 -114.165 -0.0205668 0.999779 0.00387046 -1.43577 0.990286 0.0198388 0.137623 119.691
0.0874781 0.00476687 -0.996156 -114.488 -0.0204968 0.999784 0.00298436 -1.43183 0.995955 0.0201569 0.0875577 119.691
0.0361488 0.00432555 -0.999338 -114.819 -0.0199478 0.999793 0.00360603 -1.42799 0.999147 0.0198042 0.0362283 119.677
-0.0165208 0.00572921 -0.999848 -115.172 -0.0192779 0.999794 0.00604751 -1.42558 0.999678 0.0193749 -0.0164062 119.639
-0.070196 0.0080184 -0.997502 -115.54 -0.0163566 0.999822 0.00918817 -1.42129 0.997399 0.0169608 -0.0700517 119.586
-0.123638 0.00981772 -0.99228 -115.898 -0.0135539 0.999839 0.0115814 -1.41607 0.992235 0.0148811 -0.123484 119.507
-0.176849 0.0113516 -0.984173 -116.253 -0.010111 0.999858 0.0133494 -1.41058 0.984186 0.0123118 -0.176708 119.407
-0.23 0.0125957 -0.97311 -116.651 -0.00809718 0.999855 0.0148557 -1.40146 0.973157 0.0112963 -0.229865 119.291
-0.280832 0.0140009 -0.959656 -117.05 -0.00663764 0.999839 0.0165297 -1.3964 0.959734 0.0110119 -0.280694 119.14
-0.329501 0.0154751 -0.944029 -117.443 -0.00377987 0.999834 0.0177093 -1.39353 0.944148 0.00940353 -0.329387 118.969
-0.376568 0.0171852 -0.92623 -117.856 0.000592419 0.99983 0.01831 -1.38906 0.926389 0.00634623 -0.376514 118.766
-0.421717 0.0189104 -0.906531 -118.263 0.00495142 0.999814 0.018553 -1.38697 0.906714 0.00333549 -0.421732 118.543
-0.464222 0.0200897 -0.885492 -118.677 0.00845229 0.999796 0.0182519 -1.37357 0.885679 0.000988474 -0.464297 118.285
-0.504067 0.0212421 -0.863404 -119.09 0.0111227 0.999772 0.0181037 -1.36707 0.863593 -0.000477927 -0.504189 117.998
-0.540649 0.0220381 -0.84096 -119.505 0.0127227 0.999755 0.0180201 -1.36336 0.841153 -0.000956734 -0.540797 117.687
-0.572756 0.0221396 -0.819428 -119.937 0.0130774 0.999753 0.017871 -1.35364 0.819622 -0.000480262 -0.572904 117.347
-0.599551 0.0217191 -0.800043 -120.375 0.0125246 0.999762 0.0177552 -1.35058 0.800239 0.000624922 -0.59968 116.984
