1 0 0 0 0 1 0 0 0 0 1 0
0.999993 0.00358685 -0.00108846 0.0252019 -0.00358533 0.999993 0.0013915 -0.0156608 0.00109344 -0.00138759 0.999998 0.760035
0.99998 0.00626935 -0.000946708 0.0136608 -0.00626754 0.999979 0.00191165 -0.0377974 0.000958673 -0.00190568 0.999998 1.52318
0.999971 0.00759442 -0.00105348 0.00143554 -0.00759261 0.99997 0.0017117 -0.0544431 0.00106645 -0.00170365 0.999998 2.26857
0.999955 0.00929236 -0.00186173 -0.00304143 -0.00928979 0.999956 0.00138038 -0.0677423 0.00187447 -0.00136302 0.999997 3.012
0.999953 0.00946617 -0.00197397 -0.00758892 -0.00946411 0.999955 0.00104972 -0.0813145 0.00198381 -0.00103099 0.999998 3.75543
0.999954 0.00938845 -0.00191165 -0.0121122 -0.00938493 0.999954 0.00184087 -0.0942397 0.00192884 -0.00182285 0.999997 4.49886
0.999946 0.0102454 -0.00157761 -0.0107068 -0.0102381 0.999937 0.00453488 -0.106079 0.00162397 -0.00451848 0.999989 5.20423
0.999951 0.00990612 -0.000228298 -0.0132512 -0.00990384 0.999916 0.00842165 -0.116411 0.000311705 -0.00841897 0.999965 5.87732
0.999957 0.00920034 0.00109431 -0.0119372 -0.00921264 0.999888 0.0118319 -0.128215 -0.000985328 -0.0118414 0.999929 6.50336
0.999959 0.00849073 0.00313081 -0.0369506 -0.00853561 0.999857 0.0146113 -0.147897 -0.0030063 -0.0146374 0.999888 7.08501
0.999946 0.00910435 0.00502029 -0.0517269 -0.00917618 0.999853 0.0144761 -0.158355 -0.00488776 -0.0145213 0.999883 7.68381
0.999933 0.00999916 0.00588356 -0.0456668 -0.0100681 0.99988 0.0118143 -0.166841 -0.00576472 -0.0118727 0.999913 8.2778
0.999928 0.00997976 0.00669943 -0.0384205 -0.0100394 0.99991 0.00892446 -0.173342 -0.00660976 -0.00899107 0.999938 8.81298
0.999932 0.0083253 0.00820147 -0.0309021 -0.00838712 0.999936 0.00753259 -0.180985 -0.00813824 -0.00760086 0.999938 9.33234
0.999933 0.00444479 0.0107365 -0.0393025 -0.00450246 0.999976 0.00535314 -0.194049 -0.0107125 -0.00540112 0.999928 9.79886
0.999909 0.00255871 0.0132738 -0.0473242 -0.00261763 0.999987 0.00442282 -0.207149 -0.0132623 -0.00445716 0.999902 10.2405
0.999857 0.00680163 0.0155193 -0.0480457 -0.00683904 0.999974 0.00235868 -0.218435 -0.0155029 -0.00246448 0.999877 10.6668
0.999768 0.0112784 0.0183549 -0.0403117 -0.011307 0.999935 0.0014567 -0.225077 -0.0183373 -0.0016639 0.999831 11.0693
0.999702 0.0117439 0.021401 -0.0242793 -0.011798 0.999928 0.00240267 -0.231629 -0.0213712 -0.00265444 0.999768 11.436
0.999673 0.00757191 0.0244469 -0.010672 -0.00764625 0.999966 0.00294878 -0.238868 -0.0244238 -0.00313474 0.999697 11.7557
0.999625 0.0029357 0.0272495 0.000995042 -0.00301344 0.999991 0.00281225 -0.244875 -0.027241 -0.00289331 0.999625 12.0466
0.999558 -0.000827813 0.0297382 0.0147464 0.000699527 0.99999 0.00432387 -0.254636 -0.0297414 -0.00430115 0.999548 12.3126
0.999472 -0.00108969 0.0324762 0.0222906 0.000908687 0.999984 0.00558763 -0.262961 -0.0324817 -0.00555517 0.999457 12.5481
0.999418 -0.000434016 0.0341059 0.0381912 0.000271713 0.999989 0.00476319 -0.269181 -0.0341076 -0.00475115 0.999407 12.7644
0.999337 0.000451027 0.0364016 0.0422104 -0.000568767 0.999995 0.00322412 -0.27356 -0.0363999 -0.00324268 0.999332 12.9537
0.999242 0.00270366 0.0388512 0.0495129 -0.00279816 0.999993 0.00237795 -0.278245 -0.0388445 -0.00248486 0.999242 13.1368
0.99917 0.00552206 0.0403617 0.0551854 -0.00560178 0.999983 0.00186237 -0.287203 -0.0403507 -0.00208692 0.999184 13.3022
0.999104 0.00675381 0.0417877 0.062937 -0.00678112 0.999977 0.000511958 -0.29383 -0.0417833 -0.000794865 0.999127 13.4728
0.999029 0.00588529 0.043665 0.0717227 -0.00584261 0.999982 -0.00110507 -0.299993 -0.0436707 0.000848877 0.999046 13.62
0.998968 0.00449728 0.0451992 0.0803518 -0.00439567 0.999988 -0.00234729 -0.305496 -0.0452092 0.00214619 0.998976 13.7658
0.998915 0.00370617 0.0464237 0.0909082 -0.00354768 0.999988 -0.00349594 -0.307515 -0.046436 0.00332745 0.998916 13.9138
0.998841 0.00444009 0.047943 0.098622 -0.00421029 0.999979 -0.0048932 -0.310328 -0.0479637 0.00468568 0.998838 14.047
0.998783 0.00537028 0.0490418 0.107609 -0.00503812 0.999964 -0.00689408 -0.313217 -0.049077 0.00663861 0.998773 14.1792
0.998733 0.00563414 0.0500081 0.111045 -0.00519347 0.999947 -0.00893763 -0.317848 -0.0500557 0.0086666 0.998709 14.2965
0.998706 0.00482965 0.050633 0.121629 -0.00425824 0.999926 -0.0113872 -0.319396 -0.0506842 0.0111569 0.998653 14.4263
0.998742 0.00417129 0.0499881 0.131531 -0.00350578 0.999904 -0.0133937 -0.321266 -0.0500392 0.0132016 0.99866 14.5562
0.998856 0.00355556 0.0477067 0.141053 -0.00285683 0.999888 -0.0147067 -0.32325 -0.0477536 0.0145536 0.998753 14.6861
0.999 0.00373375 0.0445577 0.146596 -0.00303306 0.999871 -0.0157828 -0.325962 -0.0446108 0.0156319 0.998882 14.8119
0.999184 0.00416431 0.0401907 0.15132 -0.00348031 0.999848 -0.0170741 -0.328631 -0.0402557 0.0169202 0.999046 14.9376
0.999401 0.00443168 0.0343312 0.151536 -0.00380695 0.999826 -0.018241 -0.331494 -0.0344061 0.0180994 0.999244 15.058
0.999612 0.00435116 0.0275202 0.152373 -0.00382845 0.999812 -0.0190178 -0.33301 -0.0275978 0.0189051 0.99944 15.1861
0.999788 0.0042786 0.0201553 0.151532 -0.00387918 0.999796 -0.0198146 -0.334875 -0.020236 0.0197322 0.999601 15.316
0.999923 0.00418081 0.0117019 0.148285 -0.00393686 0.999776 -0.0207931 -0.337439 -0.0117862 0.0207455 0.999715 15.4492
0.999994 0.0030381 0.0016956 0.139556 -0.00299984 0.99975 -0.0221304 -0.33795 -0.00176243 0.0221252 0.999754 15.5961
0.999936 0.00152742 -0.0112385 0.128171 -0.00179442 0.999715 -0.0237863 -0.34093 0.011199 0.0238049 0.999654 15.7385
0.999624 0.000897483 -0.0274151 0.107528 -0.00159787 0.999672 -0.0255363 -0.347054 0.0273832 0.0255705 0.999298 15.8932
0.998927 0.00128887 -0.0463117 0.0705577 -0.00251333 0.999648 -0.0263909 -0.353959 0.0462614 0.026479 0.998578 16.0641
0.997697 0.0022133 -0.067796 0.0292446 -0.00399049 0.999651 -0.0260896 -0.357807 0.0677145 0.0263 0.997358 16.2486
0.995869 0.00308651 -0.0907562 -0.0320011 -0.00535453 0.999679 -0.0247574 -0.362256 0.0906506 0.0251411 0.995565 16.4476
0.993162 0.00420537 -0.116673 -0.0983914 -0.0069772 0.999703 -0.0233589 -0.36645 0.11654 0.0240132 0.992896 16.6556
0.989236 0.00491881 -0.146251 -0.181669 -0.0081283 0.999739 -0.0213556 -0.370975 0.146107 0.0223145 0.989017 16.8962
0.983847 0.00511441 -0.178942 -0.26033 -0.00845774 0.999803 -0.017926 -0.37783 0.178815 0.0191499 0.983696 17.1275
0.976513 0.00591856 -0.215377 -0.347547 -0.00912988 0.999861 -0.0139184 -0.383069 0.215265 0.0155579 0.976432 17.3609
0.966969 0.00759542 -0.254782 -0.456536 -0.0101327 0.999911 -0.00864782 -0.38728 0.254693 0.0109438 0.96696 17.6177
0.955187 0.0113403 -0.295787 -0.598563 -0.0130629 0.999907 -0.00384832 -0.387569 0.295715 0.0075397 0.955246 17.8921
0.941174 0.0153988 -0.337571 -0.764896 -0.0162133 0.999868 0.000406602 -0.390387 0.337533 0.00509045 0.9413 18.1771
0.924674 0.0184259 -0.380314 -0.912676 -0.017266 0.99983 0.00646137 -0.402806 0.380368 0.000591825 0.924835 18.4412
0.905575 0.022279 -0.423602 -1.08229 -0.0179652 0.999738 0.0141744 -0.409453 0.423807 -0.00522587 0.905737 18.7161
0.883927 0.0268277 -0.466856 -1.28388 -0.0192478 0.999594 0.0209984 -0.412819 0.46723 -0.00957513 0.884084 19.0016
0.85916 0.0316026 -0.510731 -1.50714 -0.0216698 0.999443 0.0253894 -0.405689 0.511249 -0.0107461 0.859366 19.2877
0.831429 0.0346702 -0.554549 -1.7449 -0.0226799 0.999337 0.0284746 -0.398447 0.555168 -0.0110975 0.831664 19.5635
0.800733 0.0382886 -0.597797 -2.00016 -0.0253211 0.999226 0.0300831 -0.390111 0.598486 -0.00895166 0.801083 19.8315
0.767248 0.0409537 -0.640043 -2.29238 -0.0257822 0.999122 0.0330234 -0.379864 0.640833 -0.00883543 0.76763 20.1072
0.730152 0.0447402 -0.681819 -2.60989 -0.0268887 0.998962 0.0367561 -0.36135 0.682755 -0.00850434 0.730598 20.3922
0.691258 0.0457302 -0.72116 -2.93686 -0.0248485 0.998909 0.0395247 -0.343455 0.722181 -0.00940209 0.69164 20.655
0.650048 0.0453426 -0.758539 -3.30471 -0.0220769 0.998923 0.0407925 -0.325837 0.759572 -0.00977095 0.650349 20.9347
0.607078 0.044009 -0.793423 -3.67883 -0.0169997 0.998956 0.0424023 -0.308515 0.79446 -0.0122536 0.607192 21.1868
0.562275 0.0438894 -0.825785 -4.07815 -0.0126331 0.99893 0.04449 -0.290341 0.826854 -0.0145834 0.562227 21.4233
0.51515 0.0450772 -0.855914 -4.51974 -0.0104031 0.998871 0.0463448 -0.268621 0.857037 -0.0149703 0.515038 21.657
0.465054 0.0446321 -0.884157 -4.98667 -0.00915384 0.998917 0.0456103 -0.246444 0.885235 -0.0131178 0.464959 21.8663
0.412709 0.043231 -0.909837 -5.47576 -0.00394177 0.998948 0.0456772 -0.223285 0.910854 -0.015265 0.412445 22.0515
0.359679 0.042455 -0.93211 -5.9807 0.000798922 0.99895 0.0458077 -0.203031 0.933076 -0.0172208 0.359267 22.2001
0.305589 0.0415223 -0.951258 -6.53894 0.00321865 0.998998 0.0446401 -0.176168 0.952158 -0.0167033 0.305149 22.3513
0.25208 0.0470472 -0.966562 -7.10285 0.00379161 0.998762 0.0496033 -0.144218 0.967699 -0.0161688 0.251589 22.4628
0.200859 0.0515765 -0.978262 -7.7003 0.00587361 0.998531 0.0538511 -0.109326 0.979602 -0.0165624 0.200261 22.5515
0.153268 0.0526742 -0.98678 -8.31333 0.0104248 0.998436 0.0549156 -0.0789734 0.988129 -0.0187038 0.15248 22.6098
0.109409 0.0537495 -0.992543 -8.94563 0.0120506 0.998392 0.0553945 -0.0529337 0.993924 -0.0180214 0.108585 22.6455
0.0690837 0.0519215 -0.996259 -9.60833 0.0118145 0.998532 0.0528592 -0.0219615 0.997541 -0.015422 0.0683688 22.6649
0.0326094 0.0478819 -0.998321 -10.2957 0.00917668 0.998795 0.0482044 0.0137517 0.999426 -0.0107332 0.0321307 22.6742
0.00369428 0.0475978 -0.99886 -10.9923 0.00703071 0.99884 0.0476229 0.0520208 0.999968 -0.00719863 0.00335535 22.6588
-0.016772 0.0512361 -0.998546 -11.6946 0.00540764 0.998676 0.0511519 0.0860147 0.999845 -0.00454186 -0.0170269 22.6184
-0.0293909 0.0571053 -0.997936 -12.4299 0.00650504 0.998356 0.0569378 0.121158 0.999547 -0.00481816 -0.029714 22.5794
-0.0375157 0.0595069 -0.997523 -13.1883 0.00569446 0.998222 0.0593345 0.158625 0.99928 -0.00345438 -0.0377879 22.5431
-0.0417646 0.056619 -0.997522 -13.9762 0.00708656 0.998384 0.0563712 0.195844 0.999102 -0.00471469 -0.0420984 22.5138
-0.0407823 0.0527711 -0.997774 -14.7739 0.0143787 0.998532 0.0522235 0.233877 0.999064 -0.0122169 -0.0414812 22.4837
-0.0362664 0.0513283 -0.998023 -15.5801 0.0260226 0.99839 0.0504015 0.272589 0.999003 -0.0241433 -0.0375437 22.4612
-0.0314077 0.0513785 -0.998186 -16.4249 0.0261667 0.998378 0.0505651 0.31223 0.999164 -0.0245311 -0.0327011 22.4465
-0.0270809 0.0499858 -0.998383 -17.3052 0.0248045 0.998475 0.0493176 0.346602 0.999325 -0.0234289 -0.0282794 22.4345
-0.0238579 0.0436897 -0.998761 -18.1621 0.0286458 0.998664 0.0430012 0.377031 0.999305 -0.0275843 -0.0250776 22.4155
-0.0224735 0.0327453 -0.999211 -19.0737 0.0263692 0.999135 0.0321498 0.41341 0.999399 -0.0256259 -0.0233175 22.4075
-0.0231954 0.0242291 -0.999438 -20.0157 0.0192811 0.999531 0.0237839 0.443805 0.999545 -0.0187186 -0.0236517 22.3996
-0.0261449 0.021113 -0.999435 -20.9776 0.0138559 0.999688 0.0207559 0.471088 0.999562 -0.0133054 -0.0264293 22.3936
-0.0282032 0.0269692 -0.999239 -21.9765 0.00446821 0.999629 0.0268536 0.494474 0.999592 -0.00370745 -0.0283132 22.3113
-0.033543 0.034707 -0.998835 -22.916 -0.000490629 0.999396 0.034743 0.515338 0.999437 0.00165544 -0.0335057 22.278
-0.03978 0.0441974 -0.998231 -23.9249 -0.00165023 0.999017 0.044298 0.548272 0.999207 0.00340948 -0.0396679 22.2572
-0.043267 0.0537651 -0.997616 -24.9467 -0.0026153 0.998541 0.0539284 0.591418 0.99906 0.00494238 -0.0430632 22.2338
-0.0460977 0.0608534 -0.997082 -25.9504 -0.000264677 0.998141 0.0609304 0.63854 0.998937 0.00307265 -0.0459959 22.216
-0.0494304 0.0615306 -0.996881 -27.0166 0.00131866 0.998103 0.0615407 0.69616 0.998776 0.00172743 -0.0494178 22.1812
-0.0545176 0.0582931 -0.99681 -28.0114 0.00114008 0.998297 0.0583177 0.74272 0.998512 0.00204289 -0.0544912 22.1811
-0.0602944 0.0530485 -0.99677 -29.1217 0.00151402 0.99859 0.0530538 0.803113 0.998179 0.00168971 -0.0602897 22.1557
-0.0658528 0.0478864 -0.99668 -30.1542 0.00221245 0.998852 0.0478446 0.840677 0.997827 0.000945589 -0.0658831 22.0957
-0.0713128 0.0430903 -0.996523 -31.1886 0.00269521 0.999071 0.0430076 0.874788 0.99745 0.000381147 -0.0713627 22.0146
-0.0761866 0.0406902 -0.996263 -32.2397 0.00101837 0.999169 0.040731 0.91526 0.997093 0.00208859 -0.0761648 21.8977
-0.0820443 0.0432476 -0.99569 -33.2834 0.000747568 0.99906 0.0433324 0.942266 0.996628 0.00281083 -0.0819995 21.7937
-0.0878768 0.0478492 -0.994982 -34.3615 -0.000785001 0.998841 0.0481042 0.978205 0.996131 0.00500829 -0.0877374 21.6824
-0.0938457 0.0507741 -0.994291 -35.4256 -0.00363248 0.998674 0.0513408 1.01144 0.99558 0.00842985 -0.0935368 21.5691
-0.0986836 0.0528094 -0.993717 -36.5399 -0.00687445 0.99853 0.0537479 1.05966 0.995095 0.0121353 -0.0981755 21.4494
-0.101059 0.0538103 -0.993424 -37.6502 -0.0115188 0.998405 0.0552519 1.10823 0.994814 0.0170267 -0.100278 21.3192
-0.102789 0.0547962 -0.993193 -38.7453 -0.0155179 0.998271 0.0566824 1.15487 0.994582 0.0212386 -0.101761 21.1921
-0.104231 0.0542804 -0.993071 -39.8468 -0.0170911 0.998264 0.0563581 1.20063 0.994406 0.0228469 -0.103122 21.0634
-0.105564 0.0536006 -0.992967 -40.9208 -0.0176907 0.998286 0.0557685 1.24041 0.994255 0.0234534 -0.104435 20.9311
-0.107133 0.0529353 -0.992835 -42.0372 -0.018964 0.998291 0.0552726 1.28632 0.994064 0.0247497 -0.105946 20.8113
-0.108644 0.0520356 -0.992718 -43.139 -0.0211913 0.99828 0.0546463 1.32905 0.993855 0.0269739 -0.107354 20.686
-0.110057 0.0495966 -0.992687 -44.2296 -0.0255098 0.998284 0.0527044 1.36766 0.993598 0.0311238 -0.108603 20.5588
-0.110183 0.0444791 -0.992916 -45.3677 -0.0314172 0.998343 0.0482085 1.41494 0.993414 0.0365064 -0.108603 20.4182
-0.109302 0.0435879 -0.993053 -46.4833 -0.0329238 0.998331 0.0474434 1.45986 0.993463 0.0378808 -0.107685 20.2758
-0.107449 0.0474971 -0.993075 -47.5937 -0.034239 0.998088 0.0514415 1.50352 0.993621 0.0395293 -0.105617 20.131
-0.10597 0.050576 -0.993082 -48.747 -0.0343776 0.997922 0.0544908 1.5497 0.993774 0.0399142 -0.104012 20.0078
-0.104965 0.0503983 -0.993198 -49.8592 -0.0323988 0.998011 0.0540666 1.59091 0.993948 0.0378536 -0.103124 19.8865
-0.102757 0.049654 -0.993466 -51.0013 -0.0322968 0.99806 0.0532241 1.63539 0.994182 0.0375549 -0.100953 19.7677
-0.0991786 0.0500548 -0.99381 -52.1411 -0.0367024 0.99787 0.0539221 1.6797 0.994392 0.0418231 -0.0971302 19.6493
-0.0939579 0.0508424 -0.994277 -53.3062 -0.0415194 0.997626 0.0549371 1.72733 0.99471 0.0464436 -0.0916239 19.5364
-0.0883627 0.0504073 -0.994812 -54.4729 -0.0452588 0.997484 0.0545627 1.77466 0.995059 0.0498453 -0.085859 19.4305
-0.0830353 0.0495759 -0.995313 -55.6213 -0.0468829 0.997461 0.0535942 1.8182 0.995443 0.0511133 -0.0805003 19.3316
-0.0776316 0.0488692 -0.995784 -56.7535 -0.0465348 0.997531 0.0525828 1.8602 0.995895 0.0504207 -0.0751658 19.2376
-0.0727682 0.0485985 -0.996164 -57.9185 -0.0445636 0.997656 0.0519266 1.9044 0.996352 0.0481712 -0.0704319 19.1574
-0.0679393 0.0492126 -0.996475 -59.0838 -0.0436313 0.99768 0.0522469 1.94899 0.996734 0.0470271 -0.0656345 19.0829
-0.062679 0.050818 -0.996739 -60.2397 -0.0425844 0.997657 0.0535427 1.99154 0.997124 0.0458015 -0.0603681 19.0083
-0.0575986 0.0520284 -0.996983 -61.4111 -0.0432839 0.997571 0.0545597 2.0373 0.997401 0.0462959 -0.0552067 18.94
-0.0527239 0.0511966 -0.997296 -62.5799 -0.042734 0.997654 0.0534742 2.08123 0.997694 0.0454378 -0.0504124 18.8788
-0.048712 0.0467703 -0.997717 -63.7638 -0.0429375 0.997881 0.0488743 2.12323 0.997889 0.0452203 -0.0466006 18.8289
-0.0444015 0.0415026 -0.998151 -64.943 -0.0426926 0.998145 0.0434014 2.16194 0.998101 0.0445408 -0.0425472 18.7719
-0.0405397 0.0407677 -0.998346 -66.1075 -0.0427237 0.998182 0.0424959 2.19993 0.998264 0.0443758 -0.0387242 18.7084
-0.0375283 0.0431253 -0.998365 -67.3071 -0.042069 0.998114 0.0446958 2.23423 0.998409 0.0436776 -0.0356433 18.6613
-0.0334466 0.0427689 -0.998525 -68.4562 -0.042657 0.998112 0.04418 2.2695 0.998529 0.0440717 -0.0315591 18.5598
-0.0306829 0.0424444 -0.998628 -69.6395 -0.0446569 0.998042 0.0437916 2.30845 0.998531 0.0459393 -0.0287274 18.4769
-0.0281417 0.0430958 -0.998675 -70.8231 -0.0459529 0.997958 0.0443598 2.34822 0.998547 0.0471404 -0.0261039 18.3973
-0.0253593 0.0424643 -0.998776 -71.9843 -0.0467532 0.997953 0.0436164 2.38385 0.998584 0.0478021 -0.0233221 18.3251
-0.0232099 0.0402727 -0.998919 -73.2078 -0.0473741 0.998021 0.0413372 2.4199 0.998607 0.0482823 -0.0212561 18.2724
-0.021757 0.0391435 -0.998997 -74.417 -0.0458192 0.998144 0.040108 2.45129 0.998712 0.0466458 -0.0199231 18.2299
-0.0209137 0.0389992 -0.99902 -75.6111 -0.0426607 0.998294 0.0398639 2.48105 0.99887 0.0434526 -0.0192143 18.1952
-0.0203114 0.0394737 -0.999014 -76.8088 -0.0405841 0.998364 0.0402731 2.51285 0.998969 0.0413621 -0.0186762 18.1629
-0.0192334 0.0418682 -0.998938 -77.9914 -0.0408777 0.998254 0.0426265 2.54517 0.998979 0.0416541 -0.0174884 18.1166
-0.017922 0.044884 -0.998831 -79.1831 -0.0439591 0.99799 0.0456349 2.58095 0.998872 0.0447256 -0.0159129 18.0718
-0.0173041 0.0446905 -0.998851 -80.3818 -0.0462419 0.997895 0.0454488 2.61577 0.99878 0.0469753 -0.0152011 18.0423
-0.016968 0.0424248 -0.998956 -81.5937 -0.0475506 0.997934 0.0431891 2.652 0.998724 0.0482338 -0.0149157 18.0165
-0.0165073 0.0399437 -0.999066 -82.801 -0.0475019 0.998042 0.0406876 2.68443 0.998734 0.0481291 -0.0145776 17.992
-0.0160344 0.0390378 -0.999109 -84.0089 -0.0454747 0.998174 0.0397311 2.71591 0.998837 0.0460713 -0.0142299 17.965
-0.0154118 0.0405243 -0.99906 -85.2012 -0.044064 0.998179 0.0411683 2.74396 0.99891 0.044657 -0.0135981 17.9371
-0.0154448 0.0430816 -0.998952 -86.4122 -0.0433868 0.998101 0.0437156 2.77644 0.998939 0.0440166 -0.0135463 17.9195
-0.0154704 0.0452183 -0.998857 -87.6148 -0.0438542 0.997984 0.045858 2.80961 0.998918 0.0445135 -0.0134562 17.9064
-0.0158498 0.0453365 -0.998846 -88.8056 -0.045086 0.997922 0.04601 2.842 0.998857 0.0457632 -0.0137728 17.8914
-0.0158265 0.0432327 -0.99894 -89.9974 -0.0446255 0.998038 0.0439006 2.87226 0.998878 0.045273 -0.0138662 17.8724
-0.0163661 0.0418534 -0.99899 -91.1749 -0.0428063 0.998178 0.0425207 2.90146 0.998949 0.0434589 -0.0145447 17.8596
-0.0173119 0.0426144 -0.998941 -92.3742 -0.041071 0.998217 0.0432952 2.93488 0.999006 0.041777 -0.0155309 17.8514
-0.0181417 0.0451963 -0.998813 -93.5776 -0.0385179 0.998204 0.0458683 2.97101 0.999093 0.0393044 -0.0163682 17.8425
-0.0188729 0.0476305 -0.998687 -94.7558 -0.037294 0.998135 0.0483089 3.00398 0.999126 0.0381568 -0.0170614 17.8236
-0.0192229 0.0493629 -0.998596 -95.9523 -0.03794 0.998025 0.050065 3.04071 0.999095 0.0388492 -0.0173121 17.8048
-0.0196143 0.0513116 -0.99849 -97.1234 -0.0401888 0.997834 0.0520673 3.07403 0.998999 0.0411494 -0.0175096 17.779
-0.0204641 0.0509049 -0.998494 -98.3174 -0.0418978 0.997781 0.0517272 3.10624 0.998912 0.0428932 -0.0182859 17.7654
-0.0208495 0.0472253 -0.998667 -99.5025 -0.0442739 0.99786 0.0481114 3.13991 0.998801 0.045218 -0.0187141 17.7403
-0.0205455 0.0454129 -0.998757 -100.678 -0.0460824 0.997862 0.0463202 3.17696 0.998726 0.0469768 -0.0184089 17.7046
-0.020314 0.0436136 -0.998842 -101.842 -0.0464687 0.997927 0.0445187 3.21046 0.998713 0.0473193 -0.0182452 17.6702
-0.0201485 0.0439466 -0.99883 -103.022 -0.0451033 0.997976 0.0448188 3.2479 0.998779 0.0459536 -0.0181256 17.6442
-0.0202727 0.0458585 -0.998742 -104.196 -0.0449357 0.997895 0.0467317 3.28517 0.998784 0.0458266 -0.0181694 17.6165
-0.0207844 0.0476882 -0.998646 -105.408 -0.0433187 0.99788 0.0485532 3.32887 0.998845 0.0442692 -0.0186746 17.5966
-0.0222501 0.0465335 -0.998669 -106.588 -0.0464045 0.997791 0.0475265 3.36886 0.998675 0.0474002 -0.0200416 17.5738
-0.0227672 0.0475087 -0.998611 -107.791 -0.0503355 0.997548 0.0486057 3.41323 0.998472 0.0513722 -0.0203201 17.537
-0.0233087 0.0465651 -0.998643 -108.965 -0.0533172 0.997434 0.0477531 3.44961 0.998305 0.054358 -0.0207662 17.5024
-0.0239177 0.042715 -0.998801 -110.172 -0.0539938 0.997572 0.0439555 3.48889 0.998254 0.0549804 -0.0215533 17.4678
-0.0250901 0.0387536 -0.998934 -111.374 -0.0538528 0.997744 0.0400601 3.52441 0.998233 0.0548005 -0.0229465 17.4338
-0.0262187 0.0376469 -0.998947 -112.585 -0.0502419 0.997977 0.0389291 3.5587 0.998393 0.0512096 -0.0242742 17.4027
-0.0270173 0.0366581 -0.998962 -113.822 -0.045449 0.998248 0.0378611 3.59548 0.998601 0.0464248 -0.0253039 17.3746
-0.0279405 0.0384054 -0.998871 -115.067 -0.0447895 0.998209 0.0396328 3.632 0.998605 0.0458463 -0.0261703 17.342
-0.0290689 0.0420896 -0.998691 -116.301 -0.0436702 0.998105 0.043336 3.66959 0.998623 0.0448727 -0.0271757 17.3017
-0.029943 0.0421295 -0.998663 -117.53 -0.0423251 0.998161 0.0433774 3.70423 0.998655 0.0435674 -0.0281048 17.258
-0.0310318 0.037817 -0.998803 -118.775 -0.0423347 0.998337 0.0391147 3.73741 0.998621 0.0434978 -0.0293792 17.2159
-0.0331397 0.0341516 -0.998867 -120.04 -0.0423684 0.998469 0.0355437 3.7689 0.998552 0.0434983 -0.0316421 17.1862
-0.0339182 0.0326127 -0.998892 -121.294 -0.0417982 0.998546 0.0340207 3.79791 0.99855 0.0429058 -0.0325058 17.1317
-0.0341328 0.0335562 -0.998854 -122.55 -0.0438527 0.998422 0.0350403 3.82841 0.998454 0.0449984 -0.0326075 17.0662
-0.0347959 0.0376571 -0.998684 -123.803 -0.0485752 0.998044 0.0393254 3.86066 0.998213 0.0498796 -0.0328987 17.004
-0.0350764 0.0403214 -0.998571 -125.069 -0.0542025 0.997638 0.0421876 3.89535 0.997913 0.0556049 -0.0328081 16.9397
-0.035198 0.0400076 -0.998579 -126.36 -0.0615494 0.997214 0.0421224 3.93284 0.997483 0.0629446 -0.0326375 16.8762
-0.0353556 0.0379319 -0.998654 -127.636 -0.0647819 0.99709 0.0401659 3.96537 0.997273 0.0661148 -0.0327954 16.8193
-0.0364318 0.0365112 -0.998669 -128.899 -0.067135 0.996984 0.0388987 3.99401 0.997078 0.0684628 -0.0338707 16.7659
-0.0373942 0.0358864 -0.998656 -130.168 -0.0670809 0.99701 0.038339 4.02059 0.997046 0.0684244 -0.0348751 16.7114
-0.0381632 0.0347861 -0.998666 -131.433 -0.064729 0.997208 0.0372088 4.04734 0.997173 0.0660627 -0.035805 16.6613
-0.0391144 0.0352937 -0.998611 -132.713 -0.0647058 0.997188 0.0377779 4.07646 0.997137 0.0660936 -0.0367207 16.6084
-0.0410519 0.0398713 -0.998361 -133.976 -0.0635715 0.997074 0.0424339 4.10993 0.997132 0.0652094 -0.0383972 16.5706
-0.0422566 0.0435816 -0.998155 -135.272 -0.0622092 0.996994 0.0461644 4.14808 0.997168 0.0640452 -0.0394184 16.5149
-0.0431724 0.0422637 -0.998173 -136.547 -0.0627137 0.997019 0.0449272 4.18378 0.997097 0.0645388 -0.0403932 16.4627
-0.0434277 0.0407796 -0.998224 -137.812 -0.0622567 0.997113 0.0434427 4.21836 0.997115 0.0640328 -0.0407635 16.4121
-0.0429353 0.0399424 -0.998279 -139.092 -0.0612758 0.997213 0.0425352 4.25321 0.997197 0.0629966 -0.0403682 16.3546
-0.0428062 0.0391586 -0.998315 -140.355 -0.0615808 0.997227 0.0417564 4.28516 0.997183 0.0632645 -0.0402761 16.2993
-0.0426901 0.0410638 -0.998244 -141.631 -0.0615605 0.997148 0.0436513 4.3198 0.99719 0.0633159 -0.0400405 16.245
-0.0424122 0.0446197 -0.998103 -142.894 -0.0625494 0.996923 0.0472248 4.35404 0.99714 0.0644337 -0.0394908 16.1903
-0.0417861 0.0455724 -0.998086 -144.149 -0.0640977 0.996778 0.0481961 4.38749 0.997068 0.065989 -0.0387305 16.1346
-0.0415357 0.0428022 -0.998219 -145.424 -0.0665463 0.996744 0.0455078 4.42611 0.996918 0.068318 -0.0385521 16.0796
-0.0413267 0.0400106 -0.998344 -146.672 -0.0653007 0.996953 0.042658 4.45597 0.997009 0.0669555 -0.0385881 16.0085
-0.0410787 0.0387464 -0.998404 -147.92 -0.062816 0.99717 0.041283 4.48413 0.997179 0.0644117 -0.0385286 15.9374
-0.0412141 0.0383072 -0.998415 -149.175 -0.0616564 0.997262 0.0408081 4.51153 0.997246 0.0632406 -0.0387395 15.873
-0.0417756 0.0388653 -0.99837 -150.449 -0.0592038 0.99739 0.0413044 4.53869 0.997371 0.0608329 -0.0393656 15.8209
-0.0423477 0.0376815 -0.998392 -151.723 -0.0574051 0.997545 0.0400844 4.56427 0.997452 0.0590103 -0.0400806 15.768
-0.0425628 0.0378635 -0.998376 -152.981 -0.0567425 0.997576 0.0402521 4.59402 0.997481 0.0583637 -0.0403112 15.7079
-0.0433891 0.0406052 -0.998232 -154.217 -0.0537841 0.997629 0.0429183 4.62096 0.997609 0.0555512 -0.0411023 15.6549
-0.0450559 0.0418395 -0.998108 -155.467 -0.0506808 0.997739 0.0441118 4.65483 0.997698 0.0525724 -0.0428336 15.6171
-0.0461912 0.0403397 -0.998117 -156.718 -0.0481475 0.997932 0.0425604 4.6879 0.997771 0.0500228 -0.0441535 15.5688
-0.0474699 0.0405141 -0.99805 -157.981 -0.0490643 0.997876 0.0428406 4.72236 0.997667 0.0510023 -0.0453813 15.5095
-0.0483929 0.0450476 -0.997812 -159.224 -0.0497858 0.997631 0.0474539 4.75692 0.997586 0.0519734 -0.0460356 15.4529
-0.0483151 0.0510401 -0.997527 -160.522 -0.0548486 0.99705 0.0536722 4.80661 0.997325 0.0573062 -0.0453732 15.3883
-0.0477532 0.0508525 -0.997563 -161.762 -0.0594315 0.996788 0.0536579 4.84973 0.997089 0.0618491 -0.0445777 15.3199
-0.0467862 0.0471206 -0.997793 -163.01 -0.0633662 0.996734 0.0500418 4.89127 0.996893 0.0655677 -0.0436476 15.2515
-0.0458225 0.0418678 -0.998071 -164.256 -0.0652272 0.996863 0.0448117 4.92612 0.996817 0.0671549 -0.0429479 15.187
-0.0457404 0.0402296 -0.998143 -165.498 -0.0678622 0.996754 0.0432835 4.95913 0.996645 0.069716 -0.0428619 15.1228
-0.0452271 0.0375132 -0.998272 -166.707 -0.0626183 0.997222 0.0403107 4.97857 0.997012 0.0643333 -0.0427525 15.0724
-0.0452388 0.0332058 -0.998424 -167.977 -0.059712 0.99757 0.0358829 5.01127 0.99719 0.0612413 -0.0431461 15.0153
-0.0459841 0.0302499 -0.998484 -169.191 -0.0538666 0.998011 0.0327163 5.02851 0.997488 0.0552894 -0.0442633 14.9607
-0.0476879 0.0332192 -0.998309 -170.449 -0.051552 0.998032 0.0356725 5.05618 0.997531 0.0531661 -0.0458816 14.908
-0.0479863 0.0394272 -0.998069 -171.736 -0.0517259 0.997781 0.0419027 5.08656 0.997507 0.0536368 -0.0458404 14.8622
-0.0473215 0.0427168 -0.997965 -172.962 -0.0534157 0.997546 0.0452317 5.11442 0.99745 0.0554475 -0.0449237 14.7989
-0.0458735 0.039577 -0.998163 -174.184 -0.0543729 0.997634 0.0420549 5.14311 0.997466 0.0562022 -0.0436131 14.7334
-0.0458629 0.0395484 -0.998164 -175.437 -0.0567618 0.997497 0.04213 5.17894 0.997333 0.0585898 -0.0435034 14.6781
-0.0457089 0.0406796 -0.998126 -176.651 -0.0546199 0.997573 0.0431584 5.20493 0.99746 0.0564903 -0.0433761 14.6206
-0.0452023 0.0385617 -0.998233 -177.867 -0.0549753 0.997643 0.0410283 5.23589 0.997464 0.0567327 -0.0429759 14.5585
-0.0438082 0.03727 -0.998344 -179.05 -0.0552108 0.997685 0.039668 5.25978 0.997513 0.0568572 -0.0416491 14.4999
-0.0423814 0.0389223 -0.998343 -180.233 -0.0568569 0.997527 0.0413041 5.28571 0.997482 0.0585132 -0.0400636 14.4441
-0.0415751 0.0407842 -0.998302 -181.376 -0.0567104 0.997459 0.0431114 5.30567 0.997524 0.0584065 -0.0391566 14.3939
-0.0415186 0.0422186 -0.998245 -182.515 -0.0574571 0.997352 0.0445705 5.32799 0.997484 0.0592068 -0.0389829 14.3443
-0.0412415 0.0435526 -0.998199 -183.601 -0.0577951 0.997272 0.0458999 5.34784 0.997476 0.059584 -0.0386119 14.2871
-0.0414784 0.044428 -0.998151 -184.658 -0.0570922 0.997272 0.0467614 5.36926 0.997506 0.0589263 -0.0388288 14.2337
-0.041054 0.0434935 -0.998209 -185.69 -0.0573739 0.9973 0.0458135 5.39184 0.997508 0.059152 -0.0384478 14.1812
-0.040152 0.0433705 -0.998251 -186.678 -0.0581419 0.997262 0.0456661 5.41119 0.9975 0.0598739 -0.0375204 14.1394
-0.0388987 0.0440803 -0.99827 -187.691 -0.0588332 0.997191 0.0463251 5.4373 0.997509 0.0605334 -0.0361961 14.0963
-0.0396231 0.0425685 -0.998307 -188.648 -0.0574197 0.997343 0.0448063 5.45522 0.997563 0.0590979 -0.0370736 14.0517
-0.0429266 0.0398134 -0.998284 -189.603 -0.055357 0.997575 0.0421655 5.47154 0.997543 0.0570721 -0.0406186 14.0061
-0.0483808 0.0362915 -0.998169 -190.549 -0.0548027 0.997737 0.038932 5.4886 0.997324 0.056586 -0.0462825 13.9621
-0.053803 0.0333032 -0.997996 -191.492 -0.0562759 0.997753 0.036329 5.50463 0.996964 0.0581177 -0.051808 13.9074
-0.058182 0.0320616 -0.997791 -192.459 -0.0579225 0.997691 0.0354359 5.52997 0.996624 0.0598563 -0.0561907 13.8537
-0.0614418 0.0323548 -0.997586 -193.424 -0.059619 0.99757 0.0360262 5.55453 0.996328 0.0616886 -0.0593635 13.7936
-0.0636429 0.0338111 -0.997399 -194.382 -0.0582337 0.997596 0.0375335 5.57685 0.996272 0.060471 -0.061521 13.7324
-0.0651921 0.0353214 -0.997247 -195.313 -0.055293 0.997709 0.0389524 5.59622 0.996339 0.0576802 -0.0630898 13.6653
-0.0667555 0.0355895 -0.997134 -196.264 -0.0537474 0.997783 0.0392109 5.62048 0.99632 0.0562109 -0.0646947 13.6001
-0.0678291 0.0343872 -0.997104 -197.187 -0.0541541 0.997804 0.0380953 5.6397 0.996226 0.0565813 -0.0658181 13.5308
-0.0687814 0.0330877 -0.997082 -198.108 -0.0558537 0.997753 0.0369628 5.6585 0.996066 0.0582331 -0.0667789 13.4617
-0.0691073 0.0322496 -0.997087 -199.028 -0.0594893 0.997564 0.0363881 5.67689 0.995833 0.0618308 -0.0670206 13.3923
-0.0684982 0.0304472 -0.997186 -199.957 -0.0619345 0.997475 0.0347104 5.69367 0.995726 0.0641379 -0.0664396 13.3207
-0.0677423 0.0279351 -0.997311 -200.874 -0.0621403 0.997548 0.0321625 5.70711 0.995765 0.064152 -0.0658403 13.2521
-0.0673712 0.0256147 -0.997399 -201.788 -0.0619147 0.997635 0.0298029 5.71796 0.995804 0.0637616 -0.065626 13.1847
-0.0660952 0.0255388 -0.997486 -202.75 -0.0620162 0.997633 0.0296519 5.72911 0.995884 0.0638202 -0.0643551 13.1025
-0.0658302 0.0283063 -0.997429 -203.685 -0.059287 0.997719 0.0322274 5.74574 0.996067 0.0612561 -0.064002 13.0397
-0.0658392 0.0294019 -0.997396 -204.631 -0.0587929 0.997714 0.0332922 5.76172 0.996096 0.0608318 -0.0639601 12.972
-0.0647102 0.0262081 -0.997559 -205.595 -0.0536481 0.998117 0.0297028 5.77372 0.99646 0.0554393 -0.0631824 12.9028
-0.0649381 0.023379 -0.997615 -206.52 -0.0518753 0.998293 0.0267716 5.78593 0.996539 0.0534901 -0.0636146 12.8428
-0.0637793 0.0238124 -0.997679 -207.481 -0.056084 0.998049 0.0274065 5.80148 0.996386 0.0577019 -0.0623195 12.7609
-0.0617083 0.0275643 -0.997713 -208.45 -0.0575581 0.997855 0.0311281 5.81603 0.996433 0.0593473 -0.0599895 12.6854
-0.0590134 0.0271412 -0.997888 -209.428 -0.0553022 0.998005 0.0304149 5.83417 0.996724 0.0569803 -0.0573947 12.6127
-0.0563939 0.028426 -0.998003 -210.41 -0.0538614 0.998051 0.0314708 5.85654 0.996954 0.0555286 -0.054753 12.5486
-0.0544934 0.0329359 -0.99797 -211.402 -0.054541 0.997864 0.0359105 5.87959 0.997023 0.0563872 -0.0525808 12.4874
-0.0532318 0.0370907 -0.997892 -212.405 -0.0514318 0.99788 0.0398338 5.90129 0.997256 0.0534438 -0.0512114 12.4365
-0.0523422 0.0376623 -0.997918 -213.407 -0.050946 0.997885 0.0403332 5.92371 0.997328 0.0529511 -0.0503128 12.3892
-0.0506782 0.038267 -0.997981 -214.438 -0.0540242 0.997696 0.0409994 5.95217 0.997252 0.0559929 -0.0484941 12.3387
-0.0484863 0.0396627 -0.998035 -215.468 -0.0565494 0.997498 0.0423886 5.98234 0.997221 0.0584936 -0.0461222 12.2897
-0.0462781 0.0395749 -0.998144 -216.497 -0.0572488 0.997466 0.0422023 6.00987 0.997286 0.0590956 -0.0438953 12.2525
-0.0440661 0.0368736 -0.998347 -217.549 -0.0598817 0.997423 0.0394825 6.0398 0.997232 0.0615226 -0.0417445 12.2097
-0.0417891 0.0336138 -0.99856 -218.605 -0.0595478 0.997572 0.0360725 6.06838 0.99735 0.0609695 -0.0396861 12.1709
-0.0406565 0.0325846 -0.998641 -219.668 -0.0588688 0.997652 0.0349489 6.09704 0.997437 0.0602097 -0.0386429 12.1332
-0.039495 0.0345405 -0.998622 -220.733 -0.0590834 0.997571 0.0368409 6.12266 0.997471 0.060457 -0.0373584 12.0918
-0.0388877 0.0374293 -0.998542 -221.822 -0.0605948 0.997369 0.0397452 6.15386 0.997404 0.062052 -0.0365174 12.0554
-0.0382282 0.0369446 -0.998585 -222.909 -0.0602995 0.997408 0.0392094 6.18231 0.997447 0.0617132 -0.0359014 12.0185
-0.0380595 0.0342134 -0.998689 -223.998 -0.0587313 0.997608 0.0364146 6.20923 0.997547 0.0600403 -0.0359591 11.9847
-0.0383878 0.0313342 -0.998771 -225.086 -0.0555394 0.997895 0.0334413 6.2328 0.997717 0.0567549 -0.0365668 11.949
-0.0389289 0.0302715 -0.998783 -226.191 -0.0537024 0.998031 0.0323418 6.25627 0.997797 0.0548961 -0.0372267 11.9137
-0.0393674 0.029291 -0.998795 -227.313 -0.0537986 0.998057 0.0313898 6.27996 0.997775 0.0549696 -0.0377152 11.8741
-0.039611 0.0290908 -0.998791 -228.435 -0.0537916 0.998063 0.0312029 6.3035 0.997765 0.0549626 -0.0379695 11.834
-0.0405955 0.0295705 -0.998737 -229.556 -0.0556876 0.99794 0.0318104 6.32724 0.997622 0.0569086 -0.0388653 11.7916
-0.0415476 0.0316877 -0.998633 -230.692 -0.0565317 0.99782 0.0340138 6.35256 0.997535 0.0578677 -0.0396657 11.7421
-0.0431318 0.0331531 -0.998518 -231.885 -0.0571956 0.997727 0.0355974 6.38236 0.99743 0.0586463 -0.0411376 11.7107
-0.0442261 0.0349855 -0.998408 -233.024 -0.0583434 0.997589 0.0375412 6.40702 0.997316 0.0599108 -0.0420783 11.6538
-0.0452794 0.0359072 -0.998328 -234.189 -0.0605903 0.997414 0.0386224 6.43552 0.997134 0.0622379 -0.0429867 11.5907
-0.0466128 0.0347187 -0.998309 -235.352 -0.0625655 0.997331 0.0376059 6.46122 0.996951 0.0642126 -0.0443162 11.5248
-0.0469899 0.0304432 -0.998431 -236.508 -0.060902 0.997587 0.0332837 6.4822 0.997036 0.0623704 -0.0450225 11.4407
-0.0491071 0.024586 -0.99849 -237.701 -0.057772 0.997952 0.027414 6.50154 0.99712 0.0590311 -0.0475862 11.3925
-0.0512101 0.0205904 -0.998475 -238.872 -0.0528281 0.99833 0.0232969 6.51177 0.997289 0.0539407 -0.0500369 11.3256
-0.0530523 0.0211763 -0.998366 -240.066 -0.0465564 0.998634 0.0236559 6.52349 0.997505 0.0477354 -0.051994 11.2512
-0.0544163 0.0253167 -0.998197 -241.244 -0.0421169 0.998729 0.0276262 6.53597 0.997629 0.0435443 -0.0532809 11.1608
-0.0560256 0.028034 -0.998035 -242.461 -0.040083 0.998735 0.0303037 6.55181 0.997624 0.041702 -0.0548312 11.0765
-0.0576686 0.0277659 -0.997949 -243.676 -0.0384574 0.998808 0.0300121 6.56691 0.997594 0.0401093 -0.0565321 10.9906
-0.0581666 0.0282896 -0.997905 -244.903 -0.0387016 0.998782 0.0305702 6.59339 0.997556 0.0403987 -0.0570009 10.8783
-0.0598084 0.0296506 -0.997769 -246.139 -0.0378879 0.998769 0.0319514 6.61677 0.99749 0.0397143 -0.0586115 10.7869
-0.0614966 0.0292172 -0.997679 -247.363 -0.0370347 0.998815 0.0315333 6.6384 0.997419 0.0388879 -0.0603418 10.6955
-0.0625532 0.0275833 -0.99766 -248.623 -0.0371471 0.99886 0.0299455 6.66418 0.997349 0.0389333 -0.0614573 10.5883
-0.0652043 0.0271584 -0.997501 -249.87 -0.0369426 0.998877 0.0296107 6.68553 0.997187 0.0387811 -0.0641279 10.5058
-0.068056 0.0279242 -0.99729 -251.112 -0.0371589 0.998842 0.0305034 6.70616 0.996988 0.0391342 -0.0669397 10.425
-0.0719551 0.0278191 -0.997019 -252.371 -0.0371616 0.998841 0.0305519 6.72924 0.996714 0.0392492 -0.070838 10.3499
-0.0749517 0.0287248 -0.996773 -253.648 -0.0382085 0.998767 0.0316553 6.75103 0.996454 0.0404578 -0.0737619 10.2536
-0.0776792 0.0302319 -0.996519 -254.934 -0.0397587 0.99865 0.0333957 6.77607 0.996184 0.0422145 -0.0763725 10.1515
-0.079461 0.031345 -0.996344 -256.201 -0.04133 0.998541 0.0347103 6.7917 0.99598 0.0439371 -0.0780497 10.0469
-0.0804713 0.0314814 -0.996259 -257.487 -0.0438375 0.998421 0.0350906 6.81723 0.995791 0.0464973 -0.0789642 9.93338
-0.0806373 0.0314133 -0.996248 -258.764 -0.0445878 0.998388 0.0350898 6.8409 0.995745 0.04725 -0.0791068 9.82493
-0.0807826 0.0304249 -0.996266 -260.042 -0.0433486 0.99848 0.0340074 6.86414 0.995788 0.045934 -0.079341 9.71767
-0.079587 0.0296922 -0.996385 -261.265 -0.0409322 0.998614 0.0330281 6.87916 0.995986 0.0434129 -0.0782614 9.59153
-0.0793907 0.029651 -0.996402 -262.527 -0.0397943 0.998665 0.032889 6.89574 0.996048 0.0422622 -0.0781049 9.47206
-0.0794902 0.0300622 -0.996382 -263.806 -0.0396955 0.998655 0.0332977 6.91587 0.996044 0.0421987 -0.0781901 9.36122
-0.0790149 0.030046 -0.99642 -265.094 -0.0390404 0.998684 0.0332101 6.93635 0.996108 0.0415247 -0.077738 9.2452
-0.0795321 0.0306199 -0.996361 -266.35 -0.0383752 0.998692 0.0337547 6.95654 0.996092 0.0409201 -0.0782531 9.14743
-0.0790783 0.0316454 -0.996365 -267.64 -0.0358034 0.998759 0.034563 6.97782 0.996224 0.0384065 -0.0778473 9.02909
-0.0797579 0.0342699 -0.996224 -268.919 -0.0312908 0.998829 0.0368647 7.00092 0.996322 0.0341129 -0.0785923 8.93034
-0.080772 0.0375282 -0.996025 -270.166 -0.0277617 0.998817 0.0398847 7.0269 0.996345 0.0308729 -0.0796348 8.84041
-0.0812603 0.0397322 -0.9959 -271.438 -0.0257526 0.998786 0.0419487 7.05706 0.996359 0.0290558 -0.0801385 8.74131
-0.0820613 0.0381788 -0.995895 -272.697 -0.0256194 0.998854 0.0404032 7.08482 0.996297 0.0288298 -0.0809892 8.64458
-0.0818842 0.0364825 -0.995973 -273.935 -0.0282585 0.998842 0.0389108 7.11135 0.99624 0.0313309 -0.0807586 8.53011
-0.0824586 0.0392462 -0.995821 -275.198 -0.0337362 0.99854 0.0421468 7.14303 0.996022 0.0370706 -0.0810144 8.41631
-0.083395 0.0450201 -0.995498 -276.446 -0.0385773 0.998083 0.0483687 7.17246 0.995769 0.0424374 -0.0814985 8.31051
-0.083512 0.0443964 -0.995516 -277.693 -0.0426714 0.99793 0.0480836 7.20616 0.995592 0.0464957 -0.0814448 8.19593
-0.0832706 0.0377295 -0.995812 -278.947 -0.0420558 0.998258 0.0413389 7.24135 0.995638 0.045322 -0.0815389 8.08351
-0.0841742 0.0324651 -0.995921 -280.19 -0.0389948 0.998595 0.035848 7.26889 0.995687 0.0418532 -0.0827901 7.97985
-0.0844063 0.0318367 -0.995922 -281.444 -0.0331287 0.998846 0.0347378 7.29375 0.99588 0.0359257 -0.0832543 7.87852
-0.0835977 0.0334544 -0.995937 -282.702 -0.0300074 0.998897 0.0360726 7.31874 0.996047 0.032901 -0.0825018 7.77243
-0.082241 0.0356647 -0.995973 -283.934 -0.0291212 0.998845 0.0381722 7.33873 0.996186 0.0321433 -0.0811075 7.66182
-0.0811566 0.0380718 -0.995973 -285.188 -0.0302959 0.998713 0.0406452 7.36417 0.99624 0.0334725 -0.0798988 7.54791
-0.0793631 0.0394974 -0.996062 -286.415 -0.031605 0.998611 0.0421167 7.39163 0.996344 0.0348231 -0.0780047 7.41182
-0.0776963 0.0405434 -0.996151 -287.681 -0.0331285 0.998514 0.0432234 7.42483 0.996426 0.0363594 -0.0762378 7.28994
-0.0761922 0.0399278 -0.996292 -288.92 -0.0329633 0.998549 0.0425391 7.45437 0.996547 0.0360823 -0.0747656 7.16663
-0.0749091 0.0383739 -0.996451 -290.145 -0.0337106 0.998589 0.0409904 7.48166 0.996619 0.0366616 -0.0735099 7.03461
-0.0736297 0.0373431 -0.996585 -291.37 -0.0336609 0.998635 0.0399068 7.50762 0.996716 0.0364843 -0.0722723 6.90404
-0.0727758 0.0373355 -0.996648 -292.604 -0.0342001 0.998616 0.0399065 7.53137 0.996761 0.0369898 -0.0713983 6.78046
-0.0714909 0.0371557 -0.996748 -293.858 -0.035039 0.998594 0.0397376 7.55987 0.996825 0.0377659 -0.0700886 6.6599
-0.070299 0.0375819 -0.996817 -295.113 -0.0360754 0.998539 0.040191 7.58931 0.996872 0.038786 -0.0688406 6.54116
-0.0703293 0.0380555 -0.996796 -296.338 -0.0355203 0.998541 0.0406282 7.61047 0.99689 0.0382639 -0.0688751 6.44556
-0.0708106 0.0366608 -0.996815 -297.584 -0.0355209 0.998596 0.0392496 7.63597 0.996856 0.0381871 -0.0694091 6.35118
-0.0715284 0.0345131 -0.99684 -298.829 -0.0356217 0.998674 0.0371326 7.65932 0.996801 0.0381652 -0.0702042 6.2577
-0.0729846 0.0319185 -0.996821 -300.053 -0.0367039 0.998723 0.0346668 7.67902 0.996656 0.0391174 -0.07172 6.16821
-0.0742441 0.0307882 -0.996764 -301.283 -0.0385395 0.998686 0.0337181 7.69947 0.996494 0.0409182 -0.0729601 6.07185
-0.0743107 0.0307681 -0.996759 -302.526 -0.0418518 0.998545 0.0339434 7.72197 0.996355 0.0442386 -0.072915 5.95089
-0.0742265 0.031785 -0.996734 -303.767 -0.0454542 0.998344 0.0352212 7.74604 0.996204 0.0479202 -0.0726589 5.82854
-0.0742615 0.0325678 -0.996706 -305.015 -0.0495123 0.998112 0.0363027 7.77303 0.996008 0.0520451 -0.072509 5.71106
-0.0743912 0.0323493 -0.996703 -306.275 -0.0513504 0.998022 0.0362247 7.80125 0.995905 0.0538759 -0.072583 5.6027
-0.0746284 0.0302806 -0.99675 -307.532 -0.0513807 0.998093 0.0341683 7.82628 0.995886 0.0537638 -0.0729304 5.49414
-0.0749513 0.0282046 -0.996787 -308.802 -0.0491467 0.998279 0.0319422 7.8494 0.995974 0.051383 -0.0734363 5.38738
-0.0757753 0.0280515 -0.996729 -310.064 -0.0464715 0.998417 0.0316319 7.86979 0.99604 0.0487165 -0.0743519 5.28247
-0.0755744 0.029961 -0.996689 -311.296 -0.0445869 0.998446 0.0333946 7.89396 0.996142 0.0469631 -0.0741212 5.15125
-0.075747 0.031201 -0.996638 -312.562 -0.0432318 0.998466 0.0345439 7.91663 0.996188 0.0457031 -0.0742821 5.03656
-0.0761575 0.030339 -0.996633 -313.843 -0.0445784 0.998432 0.0338002 7.94191 0.996098 0.0470025 -0.0746858 4.92912
-0.075686 0.0286865 -0.996718 -315.1 -0.0458861 0.998425 0.03222 7.96667 0.996074 0.0481742 -0.0742506 4.8134
-0.0720159 0.0280321 -0.997008 -316.328 -0.0462972 0.998432 0.0314162 7.99458 0.996327 0.0484212 -0.0706053 4.64398
