1 0 0 0 0 1 0 0 0 0 1 0
0.999879 -0.00351739 0.0151671 -0.200523 0.00357455 0.999987 -0.00374323 0.077543 -0.0151538 0.00379699 0.999878 0.231619
0.999758 -0.00598526 0.0211846 -0.173673 0.0060721 0.999973 -0.00403734 0.0754258 -0.0211599 0.00416499 0.999767 0.523928
0.999708 -0.00916723 0.0223418 -0.14935 0.00929655 0.999941 -0.00569124 0.0747225 -0.0222883 0.00589728 0.999734 0.826704
0.999749 -0.0107134 0.0196862 -0.135344 0.0108639 0.999912 -0.00755574 0.0741781 -0.0196035 0.00776771 0.999778 1.13808
0.999837 -0.0131554 0.0123867 -0.123831 0.0132707 0.999869 -0.00927205 0.0730978 -0.0122631 0.00943491 0.99988 1.44953
0.999888 -0.0149666 -0.000676991 -0.119085 0.0149577 0.999819 -0.0117208 0.0735777 0.000852291 0.0117094 0.999931 1.76938
0.999726 -0.0145371 -0.0183287 -0.120349 0.0143047 0.999816 -0.0127523 0.073804 0.0185108 0.0124866 0.999751 2.08939
0.999194 -0.0101135 -0.0388371 -0.133188 0.00959594 0.999863 -0.0134909 0.0763903 0.0389683 0.0131074 0.999155 2.43688
0.998251 -0.00647972 -0.0587591 -0.175127 0.00558235 0.999865 -0.0154233 0.0795317 0.0588511 0.0150683 0.998153 2.79777
0.996848 -0.00623049 -0.079083 -0.224635 0.00493448 0.99985 -0.0165728 0.0816684 0.0791745 0.0161304 0.99673 3.15464
0.995064 -0.00748492 -0.0989538 -0.30463 0.00590372 0.99985 -0.0162624 0.0766116 0.0990608 0.0155979 0.994959 3.53587
0.993066 -0.00896659 -0.117214 -0.388568 0.00713404 0.999846 -0.0160445 0.0714748 0.11734 0.015097 0.992977 3.90132
0.991119 -0.00777535 -0.132747 -0.499008 0.00581446 0.999868 -0.0151529 0.0547765 0.132848 0.0142464 0.991034 4.28246
0.989261 -0.00650758 -0.146012 -0.615531 0.00447174 0.999888 -0.0142668 0.038021 0.146089 0.0134607 0.98918 4.67544
0.98742 -0.00596312 -0.158003 -0.722948 0.00375044 0.999891 -0.0142985 0.0229471 0.158071 0.013526 0.987335 5.09448
0.985614 -0.00723204 -0.168857 -0.826242 0.00472714 0.999873 -0.0152317 0.00919191 0.168946 0.0142144 0.985523 5.53068
0.983776 -0.0109409 -0.179065 -0.917346 0.00794424 0.999816 -0.0174437 -0.00284742 0.179223 0.0157382 0.983683 6.00333
0.982261 -0.010274 -0.187236 -1.01203 0.00680548 0.999793 -0.019158 -0.0158493 0.187394 0.0175439 0.982128 6.47372
0.980835 -0.0104949 -0.194555 -1.10951 0.00663051 0.999768 -0.0205033 -0.0297281 0.194725 0.0188203 0.980677 6.93999
0.979212 -0.0108969 -0.202547 -1.22164 0.00631177 0.999709 -0.0232694 -0.0450407 0.202741 0.0215072 0.978996 7.437
0.977701 -0.0139661 -0.209536 -1.33638 0.00893556 0.999649 -0.0249355 -0.0616035 0.209811 0.0225071 0.977483 7.93941
0.975894 -0.0200673 -0.217322 -1.44872 0.0146403 0.99954 -0.0265535 -0.0783019 0.217755 0.0227317 0.975739 8.45873
0.974287 -0.0201589 -0.224406 -1.5924 0.014018 0.999483 -0.0289249 -0.101446 0.224873 0.0250354 0.974066 8.96209
0.972605 -0.0157569 -0.231927 -1.76981 0.00824857 0.999411 -0.0333082 -0.122583 0.232315 0.0304827 0.972163 9.50529
0.970449 -0.0132474 -0.240944 -1.9237 0.00460027 0.999326 -0.0364157 -0.142281 0.241264 0.0342312 0.969856 10.0658
0.968307 -0.0160737 -0.249243 -2.09108 0.00677469 0.99925 -0.0381222 -0.169708 0.249669 0.0352255 0.96769 10.654
0.96601 -0.0193025 -0.257784 -2.25038 0.00922638 0.999147 -0.0402401 -0.198044 0.258341 0.0364939 0.965364 11.2587
0.963509 -0.0195109 -0.266963 -2.41698 0.00839103 0.999051 -0.0427308 -0.226238 0.267544 0.0389314 0.962759 11.869
0.961212 -0.0186231 -0.275181 -2.58914 0.00617495 0.998921 -0.0460334 -0.259154 0.275741 0.0425486 0.960289 12.4509
0.959079 -0.0188838 -0.282509 -2.76571 0.00466014 0.998691 -0.0509353 -0.295104 0.283101 0.0475344 0.957911 13.0312
0.957732 -0.0195267 -0.286997 -2.96827 0.00280336 0.99828 -0.0585657 -0.338415 0.287647 0.0552857 0.956139 13.6214
0.956053 -0.0208496 -0.292453 -3.14837 0.00144467 0.997791 -0.0664117 -0.381436 0.293192 0.0630706 0.953971 14.2573
0.954531 -0.0207701 -0.297387 -3.34201 -0.00162126 0.997193 -0.0748498 -0.432844 0.298107 0.0719286 0.951818 14.9093
0.952998 -0.0202132 -0.302302 -3.55068 -0.0052547 0.996519 -0.0831967 -0.491033 0.302932 0.0808747 0.949574 15.5671
0.951479 -0.0194727 -0.307097 -3.76267 -0.00868957 0.995897 -0.0900716 -0.553758 0.307591 0.0883698 0.947406 16.2236
0.949488 -0.0179605 -0.313288 -3.98542 -0.0130635 0.995233 -0.0966475 -0.618037 0.313531 0.0958583 0.944727 16.9142
0.947713 -0.0165677 -0.318695 -4.21534 -0.0172229 0.994541 -0.102919 -0.687215 0.31866 0.103026 0.942253 17.6008
0.945482 -0.0144055 -0.325356 -4.44265 -0.0222634 0.993825 -0.1087 -0.761939 0.324913 0.110018 0.939323 18.3101
0.943717 -0.0123144 -0.330524 -4.74097 -0.0265887 0.993248 -0.112922 -0.831773 0.329683 0.115355 0.937018 19.06
0.942187 -0.0114602 -0.334893 -5.03259 -0.0288392 0.992933 -0.115115 -0.906967 0.333846 0.118117 0.935198 19.7831
0.940496 -0.0111309 -0.339624 -5.32609 -0.0296953 0.992947 -0.114776 -0.99359 0.338506 0.118032 0.933532 20.4958
0.938658 -0.0108225 -0.344679 -5.62402 -0.0302875 0.993058 -0.113662 -1.07998 0.343517 0.117129 0.931814 21.2112
0.936561 -0.0114228 -0.350319 -5.93098 -0.029805 0.993253 -0.112069 -1.16984 0.349236 0.115401 0.929902 21.938
0.933827 -0.01056 -0.357569 -6.24271 -0.0306059 0.99354 -0.109272 -1.26008 0.356414 0.112985 0.927472 22.671
0.930858 -0.00823665 -0.36529 -6.56956 -0.0319911 0.994069 -0.103936 -1.35222 0.36398 0.108436 0.925073 23.4136
0.927279 -0.00462131 -0.374344 -6.87978 -0.034764 0.99454 -0.0983907 -1.44794 0.372755 0.104249 0.922055 24.1602
0.923563 -0.000697566 -0.383447 -7.207 -0.0383077 0.994828 -0.094077 -1.53951 0.381529 0.101575 0.918759 24.9291
0.919765 0.00024236 -0.392469 -7.55381 -0.039668 0.994936 -0.092349 -1.62275 0.39046 0.100508 0.915117 25.7113
0.915788 0.000127233 -0.401663 -7.90849 -0.0403669 0.994966 -0.0917209 -1.70543 0.39963 0.100211 0.911183 26.4901
0.912069 0.000106016 -0.410037 -8.25591 -0.0407452 0.995074 -0.0903747 -1.78826 0.408007 0.0991349 0.90758 27.2478
0.908479 0.00167573 -0.417928 -8.62563 -0.0427681 0.995115 -0.0889778 -1.87008 0.415738 0.0987084 0.904112 28.0173
0.904374 4.07041e-05 -0.426741 -9.0005 -0.040823 0.995422 -0.0864195 -1.95318 0.424784 0.0955763 0.900235 28.8238
0.9004 0.000666739 -0.435062 -9.37943 -0.0406124 0.995761 -0.0825248 -2.03322 0.433163 0.0919742 0.89661 29.6184
0.896565 0.00353488 -0.442898 -9.7862 -0.0420954 0.996121 -0.077264 -2.11363 0.440907 0.0879161 0.893236 30.4282
0.892343 0.00394304 -0.451341 -10.2524 -0.04171 0.996403 -0.0737597 -2.18933 0.449427 0.0846444 0.889298 31.2967
0.888287 0.00175585 -0.459286 -10.6599 -0.0391425 0.996644 -0.0718938 -2.25889 0.457619 0.0818399 0.885374 32.1195
0.884726 0.000507153 -0.466112 -11.0736 -0.037802 0.996783 -0.0706672 -2.32712 0.464577 0.080141 0.881899 32.9394
0.881319 9.83225e-05 -0.472522 -11.4967 -0.0369465 0.996953 -0.0687028 -2.39338 0.471076 0.0780071 0.878637 33.7652
0.878038 -0.00203287 -0.478588 -11.9381 -0.0345781 0.997108 -0.0676738 -2.459 0.477341 0.0759687 0.875428 34.6081
0.875446 -0.00417215 -0.483299 -12.4254 -0.0326353 0.99717 -0.0677235 -2.5263 0.482214 0.0750608 0.872832 35.4701
0.869793 -0.00297817 -0.493409 -12.8813 -0.0354284 0.997024 -0.0684719 -2.61609 0.492145 0.077037 0.867098 36.3947
0.862927 -0.0044181 -0.505309 -13.3784 -0.0339514 0.997195 -0.0666983 -2.69556 0.504187 0.0747117 0.860357 37.384
0.860879 -0.000961626 -0.50881 -13.9594 -0.0378818 0.997101 -0.0659783 -2.79485 0.507399 0.0760739 0.858347 38.3394
0.860562 -0.000175999 -0.509346 -14.4909 -0.0377691 0.997225 -0.0641572 -2.87387 0.507944 0.0744487 0.858167 39.2317
0.860296 -0.00114304 -0.509793 -15.0235 -0.0363276 0.997318 -0.0635403 -2.95205 0.508499 0.073183 0.857947 40.1251
0.859887 -0.00278378 -0.510478 -15.5617 -0.0348811 0.997327 -0.064195 -3.03066 0.509292 0.0730064 0.857491 41.0194
0.858785 -0.00496501 -0.512313 -16.1223 -0.0327361 0.997378 -0.064541 -3.10524 0.51129 0.0721979 0.85637 41.9383
0.857293 -0.00511477 -0.514804 -16.6857 -0.0317745 0.997519 -0.0628242 -3.17787 0.513848 0.0702164 0.855003 42.8558
0.85468 -0.00442345 -0.519137 -17.2157 -0.0303978 0.997822 -0.0585474 -3.25865 0.518265 0.0658198 0.852683 43.772
0.851556 -0.00451193 -0.524245 -17.8014 -0.0283369 0.998105 -0.0546191 -3.33326 0.523498 0.0613667 0.849814 44.7083
0.847022 -0.00489795 -0.531535 -18.374 -0.0271906 0.998249 -0.0525279 -3.40845 0.530862 0.0589451 0.845406 45.6369
0.841552 -0.00850306 -0.540109 -18.9605 -0.0248725 0.998205 -0.0544693 -3.48562 0.539603 0.0592726 0.839831 46.5441
0.835546 -0.0117968 -0.549295 -19.5544 -0.0236708 0.998068 -0.057441 -3.5634 0.548911 0.0609967 0.833652 47.4271
0.829457 -0.0116864 -0.558448 -20.158 -0.0238314 0.99813 -0.056284 -3.63966 0.558062 0.0599938 0.827628 48.3038
0.823689 -0.00798626 -0.566986 -20.7808 -0.0252458 0.998393 -0.0507386 -3.71379 0.56648 0.0561068 0.822163 49.1854
0.818529 -0.00312825 -0.574458 -21.4221 -0.0285132 0.998531 -0.0460652 -3.7836 0.573758 0.0540852 0.817237 50.0689
0.814562 -0.00296159 -0.580069 -22.0415 -0.0299296 0.99844 -0.0471262 -3.85519 0.579304 0.0557485 0.813203 50.9218
0.810439 -0.00492654 -0.585803 -22.6598 -0.0305425 0.998249 -0.0506496 -3.92939 0.585027 0.0589403 0.808869 51.7906
0.806929 -0.00699253 -0.590607 -23.3224 -0.0331879 0.997813 -0.0571573 -4.00252 0.589715 0.0657229 0.804933 52.7019
0.80454 -0.00837767 -0.59384 -23.9798 -0.0323792 0.997794 -0.0579442 -4.07416 0.593015 0.0658465 0.802494 53.4462
0.800928 -0.00662655 -0.598724 -24.6317 -0.0319232 0.998044 -0.0537506 -4.14919 0.597909 0.0621635 0.79915 54.3083
0.798878 -0.00358903 -0.601483 -25.3213 -0.0323634 0.998277 -0.0489411 -4.21108 0.600622 0.058564 0.797385 55.1542
0.796519 -0.00150614 -0.604613 -26.005 -0.0332362 0.998376 -0.0462725 -4.27172 0.6037 0.0569519 0.795175 55.9985
0.793696 -0.00124811 -0.608314 -26.6774 -0.034193 0.998325 -0.0466616 -4.33559 0.607353 0.0578351 0.792324 56.8392
0.790614 -0.00272473 -0.61231 -27.35 -0.0338394 0.998267 -0.0481356 -4.40049 0.61138 0.0587768 0.789151 57.682
0.785824 -0.00483255 -0.618431 -27.9601 -0.0331056 0.998207 -0.0498666 -4.47836 0.617563 0.0596599 0.784255 58.524
0.781421 -0.00550352 -0.623981 -28.6293 -0.0329078 0.998206 -0.0500152 -4.55116 0.623136 0.0596168 0.779838 59.3667
0.776645 -0.00546713 -0.629915 -29.3377 -0.0325937 0.998274 -0.0488501 -4.6217 0.629094 0.0584705 0.775127 60.2275
0.771477 -0.00522203 -0.636236 -30.042 -0.0326396 0.998325 -0.0477716 -4.69029 0.635419 0.0576211 0.770014 61.0757
0.765908 -0.00649141 -0.642918 -30.7667 -0.0325015 0.998279 -0.0487985 -4.75624 0.642128 0.0582709 0.76438 61.9283
0.760029 -0.00797021 -0.649841 -31.4904 -0.0318867 0.998263 -0.049537 -4.82324 0.649107 0.0583708 0.758454 62.7763
0.754209 -0.00934443 -0.656568 -32.2059 -0.0314762 0.998234 -0.0503643 -4.88985 0.655879 0.0586515 0.752584 63.6007
0.7486 -0.0109924 -0.662931 -32.9715 -0.0307111 0.998214 -0.0512317 -4.95647 0.66231 0.0587113 0.746926 64.4388
0.742132 -0.0132298 -0.670124 -33.7251 -0.0293153 0.998207 -0.0521724 -5.02529 0.669613 0.0583637 0.740414 65.2753
0.735625 -0.0146398 -0.677231 -34.4868 -0.0281353 0.998243 -0.0521404 -5.09401 0.676804 0.0574099 0.733921 66.1044
0.728948 -0.0147412 -0.684411 -35.2591 -0.0271726 0.998357 -0.050444 -5.16105 0.684029 0.0553683 0.72735 66.927
0.721605 -0.01516 -0.69214 -36.002 -0.0260179 0.99846 -0.0489949 -5.23786 0.691816 0.0533629 0.720099 67.7408
0.714386 -0.0170914 -0.699543 -36.7593 -0.0240018 0.998515 -0.048907 -5.31401 0.699339 0.0517288 0.712915 68.5489
0.707121 -0.0177793 -0.706869 -37.5264 -0.0255817 0.998386 -0.0507025 -5.39195 0.70663 0.0539357 0.705525 69.3491
0.700093 -0.0170886 -0.713847 -38.3511 -0.0269739 0.998367 -0.0503538 -5.46362 0.713542 0.0545076 0.698489 70.166
0.69388 -0.0166656 -0.719899 -39.136 -0.0271921 0.998412 -0.0493225 -5.53156 0.719577 0.0537994 0.692325 70.9557
0.688203 -0.0158098 -0.725347 -39.9091 -0.0288823 0.998373 -0.049164 -5.60273 0.724943 0.0547845 0.686626 71.7286
0.682628 -0.0169428 -0.73057 -40.6917 -0.0285686 0.998348 -0.0498468 -5.67558 0.730207 0.0548981 0.681017 72.5
0.677014 -0.0186902 -0.735734 -41.5183 -0.0291631 0.998211 -0.0521936 -5.74919 0.735393 0.056792 0.675257 73.2731
0.671242 -0.0214064 -0.740929 -42.3962 -0.0285928 0.998091 -0.0547396 -5.82058 0.740687 0.0579287 0.669349 74.0684
0.665794 -0.0218788 -0.745815 -43.2456 -0.0291226 0.998046 -0.0552761 -5.89569 0.745567 0.0585226 0.663856 74.8368
0.66071 -0.0214475 -0.750335 -44.1293 -0.0285558 0.99815 -0.053676 -5.97178 0.750098 0.0568907 0.658875 75.61
0.655228 -0.0214673 -0.755127 -45.0021 -0.0282196 0.998203 -0.0528639 -6.04508 0.754904 0.0559473 0.653444 76.3781
0.649741 -0.0226864 -0.759817 -45.8685 -0.0274238 0.998204 -0.053255 -6.12009 0.75966 0.0554391 0.647953 77.1396
0.644442 -0.0240256 -0.764276 -46.7297 -0.0261725 0.998227 -0.0534488 -6.19317 0.764205 0.0544477 0.642671 77.8989
0.639314 -0.024862 -0.768544 -47.6337 -0.0249454 0.99828 -0.0530447 -6.26951 0.768541 0.0530839 0.637595 78.6654
0.635065 -0.0258013 -0.772028 -48.5698 -0.0234013 0.99834 -0.0526145 -6.34918 0.772104 0.0514801 0.633408 79.4303
0.630753 -0.0286756 -0.775454 -49.5249 -0.0206912 0.99834 -0.0537479 -6.42516 0.775708 0.0499468 0.629113 80.1989
0.626319 -0.0335121 -0.778847 -50.4757 -0.0174494 0.998222 -0.0569835 -6.50346 0.779372 0.0492803 0.624621 80.9579
0.621435 -0.0375602 -0.782565 -51.4339 -0.0131672 0.998208 -0.0583664 -6.58299 0.783355 0.0465751 0.619827 81.7106
0.614832 -0.0411634 -0.787583 -52.3984 -0.00829483 0.998244 -0.0586492 -6.66279 0.788614 0.0425923 0.613412 82.4555
0.606526 -0.0450034 -0.79379 -53.3703 -0.00346353 0.998237 -0.0592409 -6.74335 0.795056 0.0386805 0.605301 83.1905
0.597526 -0.0461003 -0.800524 -54.3506 -0.000557228 0.998321 -0.057907 -6.82225 0.801849 0.035047 0.596498 83.9146
0.588571 -0.0448309 -0.807202 -55.3812 -0.000215756 0.998452 -0.0556101 -6.898 0.808446 0.0329046 0.58765 84.6488
0.579379 -0.044722 -0.813831 -56.393 -0.000872136 0.998458 -0.0554887 -6.97908 0.815058 0.0328588 0.578447 85.3605
0.569736 -0.0460268 -0.820538 -57.4132 -0.00156301 0.998367 -0.0570871 -7.06223 0.821826 0.0338071 0.568734 86.0602
0.559722 -0.0481001 -0.827284 -58.4475 -0.00113848 0.998268 -0.0588118 -7.1479 0.82868 0.0338601 0.558698 86.7496
0.55006 -0.0497079 -0.833645 -59.4938 -0.000521548 0.998206 -0.0598643 -7.23489 0.835125 0.0333638 0.549048 87.428
0.54027 -0.0504525 -0.839978 -60.5481 0.00223411 0.998283 -0.058524 -7.32004 0.841489 0.0297422 0.539455 88.0944
0.530352 -0.0506456 -0.846264 -61.6099 0.00335024 0.998331 -0.0576466 -7.40416 0.847771 0.0277379 0.529637 88.7488
0.52018 -0.0513341 -0.852513 -62.6663 0.00339333 0.998308 -0.0580427 -7.48955 0.85405 0.0272998 0.519474 89.3941
0.510235 -0.0523062 -0.858443 -63.7527 0.00263296 0.998239 -0.0592593 -7.57616 0.860031 0.0279759 0.509474 90.0258
0.500581 -0.0527327 -0.864082 -64.8475 0.000670108 0.998166 -0.0605273 -7.66449 0.865689 0.0297198 0.499699 90.6458
0.490934 -0.0538157 -0.869533 -65.9502 -0.00038405 0.998076 -0.0619882 -7.75537 0.871196 0.0307661 0.48997 91.2568
0.480938 -0.0536284 -0.875113 -67.0385 -0.00117818 0.998087 -0.061812 -7.84558 0.876753 0.0307588 0.479956 91.8721
0.471672 -0.0515377 -0.880267 -68.1584 -0.00204369 0.998223 -0.0595389 -7.93435 0.881771 0.0298819 0.47073 92.48
0.46323 -0.0501999 -0.884815 -69.2842 -0.00136714 0.998352 -0.0573572 -8.02044 0.886237 0.0277793 0.462399 93.0774
0.454937 -0.0506763 -0.889081 -70.4154 -0.00109242 0.998347 -0.0574633 -8.10685 0.890523 0.0271135 0.45413 93.6642
0.446903 -0.0539794 -0.892953 -71.5568 0.000854073 0.998203 -0.0599144 -8.19542 0.894582 0.0260133 0.446147 94.2427
0.439651 -0.0575287 -0.896324 -72.7026 0.00382633 0.998057 -0.0621814 -8.28684 0.89816 0.0239085 0.439018 94.812
0.432908 -0.0603899 -0.899413 -73.8586 0.00523893 0.997905 -0.0644814 -8.38243 0.901423 0.0232026 0.432318 95.3767
0.427059 -0.063964 -0.901959 -75.0176 0.00731134 0.997706 -0.0672924 -8.48151 0.904194 0.0221433 0.426547 95.9327
0.421907 -0.0651624 -0.904294 -76.185 0.0100914 0.997689 -0.0671841 -8.58167 0.906583 0.0192199 0.42159 96.4863
0.417007 -0.0631275 -0.906709 -77.3556 0.0124077 0.997887 -0.0637692 -8.6772 0.908818 0.0153421 0.41691 97.0339
0.412479 -0.061378 -0.908897 -78.4944 0.015779 0.998059 -0.0602383 -8.77321 0.91083 0.0105056 0.412647 97.5789
0.408852 -0.0609138 -0.910566 -79.6689 0.0173987 0.998108 -0.058958 -8.86806 0.912434 0.00826249 0.409139 98.1078
0.405608 -0.0607783 -0.912025 -80.8272 0.0191202 0.998132 -0.0580133 -8.96264 0.913847 0.0060926 0.406013 98.6287
0.402616 -0.0598533 -0.91341 -81.977 0.0214613 0.998202 -0.0559497 -9.05472 0.915117 0.00292326 0.403177 99.1445
0.400518 -0.0587462 -0.914404 -83.1208 0.0227078 0.998272 -0.0541881 -9.14546 0.916007 0.000939233 0.40116 99.6476
0.39916 -0.0599004 -0.914923 -84.2644 0.0250797 0.998203 -0.0544112 -9.23226 0.916538 -0.00122723 0.399946 100.134
0.396735 -0.0603061 -0.91595 -85.3887 0.0275905 0.998171 -0.053769 -9.31819 0.917518 -0.00393945 0.397675 100.633
0.394212 -0.0598215 -0.917071 -86.5039 0.0310238 0.998176 -0.0517763 -9.39994 0.918496 -0.00804023 0.395349 101.125
0.391708 -0.059388 -0.918171 -87.6202 0.0330497 0.998178 -0.0504634 -9.48008 0.919496 -0.0105783 0.392958 101.614
0.389399 -0.0609114 -0.919053 -88.7042 0.035688 0.998059 -0.0510268 -9.55984 0.920377 -0.0129293 0.390818 102.094
0.387729 -0.0622056 -0.919672 -89.806 0.0366258 0.997971 -0.0520605 -9.64235 0.921045 -0.0134984 0.389221 102.568
0.386709 -0.0637228 -0.919998 -90.8952 0.036282 0.997888 -0.0538672 -9.72123 0.921488 -0.0125484 0.388205 103.035
0.386195 -0.0649692 -0.920127 -91.9845 0.0366671 0.997809 -0.0550645 -9.80142 0.921688 -0.0124728 0.387731 103.502
0.387316 -0.065065 -0.919648 -93.0262 0.0353996 0.99782 -0.0556869 -9.88191 0.921267 -0.0109868 0.388775 103.965
0.390308 -0.065596 -0.918345 -94.0539 0.0341389 0.997803 -0.0567622 -9.96442 0.920051 -0.00919648 0.39169 104.43
0.394762 -0.0661398 -0.9164 -95.0852 0.0335074 0.997778 -0.0575791 -10.0497 0.918172 -0.00797616 0.396101 104.884
0.401091 -0.0666681 -0.913609 -96.1734 0.0337561 0.997746 -0.0579883 -10.1303 0.915416 -0.00758123 0.402438 105.335
0.408616 -0.0658539 -0.910328 -97.2337 0.0334348 0.997803 -0.0571742 -10.2094 0.912094 -0.00707431 0.409921 105.782
0.416733 -0.0650132 -0.906701 -98.2554 0.032638 0.997865 -0.0565491 -10.2887 0.908443 -0.00602703 0.417966 106.244
0.425424 -0.0643924 -0.9027 -99.2786 0.0319798 0.997911 -0.0561127 -10.3672 0.904429 -0.00499648 0.426595 106.722
0.433602 -0.0633187 -0.898877 -100.249 0.0307305 0.997986 -0.0554764 -10.4536 0.90058 -0.00356827 0.434675 107.219
0.442213 -0.0634262 -0.894665 -101.216 0.029359 0.997985 -0.0562395 -10.5413 0.896429 -0.00139662 0.443184 107.726
0.452664 -0.0649349 -0.889314 -102.21 0.0274831 0.997886 -0.0588737 -10.6207 0.891258 0.00220897 0.453492 108.22
0.464474 -0.0657624 -0.883142 -103.196 0.0257973 0.99782 -0.0607342 -10.7021 0.885211 0.00542691 0.465159 108.726
0.475543 -0.0633378 -0.877409 -104.114 0.0230207 0.997958 -0.059563 -10.7885 0.879391 0.00812629 0.476031 109.253
0.487339 -0.0601974 -0.871136 -105.044 0.0207194 0.998136 -0.0573825 -10.8732 0.872967 0.00991538 0.487679 109.802
0.498526 -0.057546 -0.864962 -105.982 0.0196016 0.998286 -0.0551187 -10.9567 0.866653 0.0105236 0.498801 110.367
0.50917 -0.0568981 -0.858783 -106.896 0.0198262 0.998322 -0.0543885 -11.0376 0.860437 0.0106667 0.509445 110.934
0.521171 -0.0577552 -0.851496 -107.846 0.0196812 0.998255 -0.0556634 -11.1085 0.853225 0.0122517 0.521399 111.5
0.532845 -0.0589204 -0.844159 -108.78 0.0193781 0.99816 -0.0574377 -11.1821 0.84599 0.0142473 0.533008 112.073
0.544558 -0.0611222 -0.836493 -109.678 0.0216115 0.998031 -0.0588568 -11.2544 0.838445 0.0139731 0.544807 112.641
0.555369 -0.0608779 -0.829373 -110.568 0.0218303 0.998039 -0.0586403 -11.3344 0.831317 0.0144616 0.55561 113.238
0.565412 -0.0586163 -0.822723 -111.413 0.0209227 0.998169 -0.0567373 -11.4119 0.824543 0.0148664 0.565604 113.84
0.576451 -0.055477 -0.815246 -112.27 0.0207897 0.998364 -0.053238 -11.4843 0.816866 0.0137404 0.576663 114.421
0.587811 -0.0534704 -0.807229 -113.1 0.0189006 0.998448 -0.0523736 -11.5525 0.808777 0.0155287 0.58791 114.986
0.599027 -0.052865 -0.798982 -113.928 0.0163934 0.998418 -0.0537702 -11.6227 0.800561 0.0191118 0.598947 115.569
0.609112 -0.0524361 -0.791349 -114.749 0.0147983 0.998389 -0.0547646 -11.6954 0.792946 0.0216472 0.608907 116.178
0.618972 -0.0517119 -0.783709 -115.561 0.0143716 0.998408 -0.054528 -11.768 0.785281 0.0224882 0.618731 116.798
0.628362 -0.0499926 -0.776313 -116.334 0.0150795 0.998527 -0.0520971 -11.8386 0.777774 0.0210295 0.628192 117.418
0.63703 -0.0480508 -0.76934 -117.087 0.0152292 0.998644 -0.0497625 -11.9086 0.770688 0.0199838 0.636899 118.049
0.644906 -0.0474923 -0.762784 -117.815 0.0159773 0.998686 -0.0486719 -11.9782 0.764094 0.0192016 0.644819 118.681
0.652507 -0.0465545 -0.756351 -118.551 0.0150185 0.998709 -0.0485156 -12.0446 0.757633 0.0202975 0.652365 119.324
0.659509 -0.0457175 -0.750305 -119.272 0.014719 0.998742 -0.0479176 -12.1084 0.751552 0.0205584 0.659353 119.974
0.667151 -0.0427871 -0.743693 -119.985 0.0138913 0.998889 -0.0450079 -12.1722 0.744793 0.0196963 0.667005 120.606
0.674462 -0.0398573 -0.737233 -120.68 0.0131713 0.999032 -0.0419612 -12.2354 0.738192 0.0185909 0.674334 121.249
0.681442 -0.0383659 -0.730866 -121.354 0.0125749 0.99909 -0.0407216 -12.2945 0.731764 0.0185589 0.681305 121.894
0.688998 -0.0378027 -0.723776 -122.013 0.0121858 0.999101 -0.0405827 -12.3455 0.72466 0.0191417 0.68884 122.531
0.696806 -0.0353985 -0.716385 -122.653 0.0104143 0.999175 -0.0392424 -12.3945 0.717183 0.0198837 0.6966 123.168
0.706047 -0.0330842 -0.707392 -123.294 0.0106074 0.999289 -0.0361488 -12.4423 0.708085 0.0180192 0.705897 123.809
0.715936 -0.0297155 -0.697533 -123.903 0.00973198 0.999421 -0.0325875 -12.49 0.698097 0.0165422 0.715811 124.433
0.726664 -0.0280825 -0.686419 -124.514 0.00868197 0.999459 -0.0316985 -12.5295 0.686938 0.0170747 0.726515 125.072
0.737402 -0.0274673 -0.674895 -125.109 0.00732113 0.999438 -0.0326767 -12.567 0.675414 0.0191549 0.73719 125.709
0.747985 -0.0286196 -0.663098 -125.665 0.00763372 0.999374 -0.0345225 -12.6086 0.663671 0.0207605 0.747736 126.343
0.758901 -0.0275119 -0.650625 -126.209 0.00708282 0.999396 -0.0339984 -12.6502 0.651167 0.0211932 0.758638 126.985
0.769817 -0.0257343 -0.637745 -126.746 0.0066402 0.999455 -0.0323148 -12.6902 0.638229 0.0206418 0.769569 127.638
0.780592 -0.0231617 -0.624612 -127.272 0.00610988 0.999547 -0.0294293 -12.7277 0.625011 0.019156 0.780381 128.301
0.791175 -0.021613 -0.611208 -127.814 0.00640719 0.999612 -0.0270538 -12.7659 0.611556 0.0174882 0.791007 128.984
0.801113 -0.0200778 -0.598176 -128.345 0.00694657 0.999681 -0.0242512 -12.8017 0.598472 0.0152727 0.800998 129.678
0.810056 -0.0191141 -0.586041 -128.866 0.00754609 0.999725 -0.0221762 -12.8357 0.586303 0.0135416 0.809978 130.38
0.817849 -0.0198063 -0.575091 -129.314 0.00950364 0.999735 -0.020916 -12.8583 0.575353 0.0116407 0.817822 131.036
0.824899 -0.0198866 -0.564929 -129.809 0.00989802 0.999735 -0.0207398 -12.8852 0.565192 0.0115166 0.824879 131.757
0.83195 -0.0193167 -0.554514 -130.294 0.00932827 0.999738 -0.0208309 -12.9121 0.554772 0.0121576 0.831914 132.484
0.83898 -0.0174191 -0.543883 -130.77 0.00781214 0.999769 -0.0199692 -12.9383 0.544105 0.0125049 0.838924 133.217
0.845708 -0.0163607 -0.533395 -131.235 0.00697494 0.999782 -0.0196074 -12.9641 0.5336 0.0128617 0.845639 133.957
0.851962 -0.0170211 -0.523327 -131.687 0.00788167 0.999774 -0.0196865 -12.9906 0.523544 0.0126475 0.851905 134.697
0.857271 -0.0187829 -0.514522 -132.129 0.00940508 0.999738 -0.0208258 -13.0146 0.514779 0.0130143 0.857224 135.452
0.861828 -0.0197419 -0.506817 -132.569 0.010397 0.999719 -0.0212621 -13.0393 0.507094 0.0130549 0.861792 136.213
0.865172 -0.0197262 -0.501086 -133.006 0.0107606 0.999725 -0.0207771 -13.0593 0.501359 0.0125838 0.865148 136.992
0.868377 -0.0181317 -0.495572 -133.434 0.0108052 0.999785 -0.017646 -13.08 0.495786 0.0099687 0.868388 137.771
0.871492 -0.0142783 -0.490201 -133.867 0.00885461 0.99987 -0.0133819 -13.1046 0.490328 0.00732175 0.871507 138.566
0.875054 -0.0117226 -0.483882 -134.301 0.0076528 0.999916 -0.0103848 -13.1294 0.483964 0.00538427 0.875071 139.364
0.8788 -0.00863282 -0.477112 -134.761 0.00535483 0.999951 -0.00823002 -13.1497 0.47716 0.00467771 0.878804 140.182
0.882688 -0.0065082 -0.469914 -135.217 0.0041553 0.999972 -0.0060442 -13.1676 0.46994 0.00338254 0.882692 141.007
0.886486 -0.00500936 -0.462728 -135.683 0.00395524 0.999986 -0.00324834 -13.1838 0.462738 0.00104943 0.886494 141.859
0.890474 -0.00501876 -0.455005 -136.129 0.00501058 0.999986 -0.00122408 -13.1977 0.455005 -0.0011898 0.890488 142.709
0.894683 -0.00495474 -0.446673 -136.579 0.00541455 0.999984 -0.000247225 -13.2108 0.446668 -0.00219732 0.894697 143.579
0.89913 -0.0055415 -0.437647 -137.02 0.0060775 0.999981 -0.000175939 -13.2238 0.437639 -0.00250158 0.899147 144.453
0.903929 -0.00771793 -0.427613 -137.454 0.00820739 0.999965 -0.000698842 -13.2374 0.427604 -0.00287786 0.903961 145.334
0.909099 -0.00909738 -0.416481 -137.881 0.00923885 0.999955 -0.00167598 -13.2515 0.416477 -0.00232415 0.909143 146.222
0.914818 -0.0101311 -0.40374 -138.345 0.00955916 0.999947 -0.00343227 -13.2687 0.403753 -0.000719482 0.914867 147.159
0.921211 -0.00803081 -0.38898 -138.758 0.00698581 0.999966 -0.004101 -13.2834 0.388999 0.00106058 0.921237 148.083
0.928385 -0.00419157 -0.371595 -139.153 0.00340809 0.999989 -0.00276531 -13.2961 0.371603 0.00130088 0.928391 149.021
0.935896 -0.00138986 -0.352273 -139.539 0.00159796 0.999998 0.000299787 -13.3044 0.352271 -0.000843464 0.935897 150
0.942641 0.00104634 -0.333805 -139.878 -0.000532396 0.999997 0.00163093 -13.3034 0.333806 -0.00135964 0.942641 151.016
0.949218 0.00198185 -0.314611 -140.177 -0.00149251 0.999996 0.00179603 -13.3049 0.314613 -0.00123524 0.949219 152.03
0.955268 0.0016001 -0.295736 -140.451 -0.000875357 0.999995 0.00258277 -13.2958 0.295738 -0.00220834 0.955266 153.072
0.961102 0.00115598 -0.276191 -140.704 8.42803e-05 0.999989 0.00447842 -13.2847 0.276193 -0.00432748 0.961092 154.12
0.967156 0.0027764 -0.254168 -140.999 -0.000861622 0.999969 0.00764422 -13.2803 0.254182 -0.00717414 0.96713 155.208
0.972717 0.00609473 -0.231913 -141.27 -0.00364741 0.999932 0.0109797 -13.2719 0.231964 -0.00983429 0.972674 156.303
0.977743 0.00804795 -0.20965 -141.519 -0.005287 0.999891 0.0137261 -13.2645 0.209737 -0.0123122 0.97768 157.429
0.981906 0.00834574 -0.189185 -141.71 -0.00591252 0.999891 0.0134219 -13.2558 0.189276 -0.0120605 0.98185 158.557
0.985355 0.00706751 -0.170367 -141.836 -0.00523825 0.999923 0.0111838 -13.2535 0.170433 -0.0101276 0.985317 159.678
0.988499 0.00655731 -0.151086 -142.007 -0.00495039 0.999926 0.011009 -13.2528 0.151147 -0.0101344 0.988459 160.866
0.991118 0.00434747 -0.132911 -142.126 -0.0026301 0.99991 0.0130935 -13.254 0.132956 -0.0126277 0.991041 162.035
0.993444 0.00580638 -0.114167 -142.25 -0.00412555 0.999879 0.0149526 -13.256 0.11424 -0.0143836 0.993349 163.246
0.995451 0.00545117 -0.0951169 -142.349 -0.00387854 0.999852 0.01671 -13.2557 0.0951935 -0.016265 0.995326 164.459
0.99706 0.00765502 -0.0762416 -142.417 -0.00630567 0.999818 0.0179224 -13.2541 0.0763646 -0.017389 0.996928 165.666
0.998453 0.0096766 -0.0547469 -142.524 -0.008687 0.999794 0.0182838 -13.2366 0.0549121 -0.0177799 0.998333 166.952
0.999372 0.0114534 -0.0335427 -142.591 -0.01086 0.999781 0.0178166 -13.223 0.033739 -0.0174411 0.999278 168.222
0.999723 0.0122173 -0.0200889 -142.5 -0.0118825 0.999789 0.0167005 -13.2193 0.0202882 -0.0164572 0.999659 169.458
0.999926 0.00988319 -0.00702075 -142.436 -0.00977529 0.999835 0.0152295 -13.2117 0.00716965 -0.0151598 0.999859 170.782
0.999862 0.0127227 0.0107192 -142.419 -0.0128749 0.999814 0.0142675 -13.2215 -0.0105362 -0.0144035 0.99984 172.085
0.999502 0.0128513 0.028813 -142.375 -0.0132374 0.999823 0.0132522 -13.226 -0.0286381 -0.013627 0.999497 173.384
0.998828 0.0120945 0.0468512 -142.314 -0.0126253 0.999858 0.0110514 -13.229 -0.0467114 -0.0116299 0.99884 174.702
0.997815 0.0133906 0.0646885 -142.22 -0.0138332 0.999883 0.00639988 -13.2437 -0.0645958 -0.00728073 0.997885 176.005
0.996307 0.0151364 0.084521 -142.141 -0.0152029 0.999883 0.000144008 -13.2576 -0.0845095 -0.00142842 0.996421 177.341
0.994736 0.0168297 0.101077 -142.003 -0.0164185 0.999852 -0.00489873 -13.2713 -0.101145 0.00321344 0.994866 178.688
0.993059 0.0181171 0.116208 -141.827 -0.0172158 0.999812 -0.00875366 -13.2911 -0.116345 0.00669232 0.993186 180.052
0.99085 0.0182561 0.133728 -141.645 -0.0168303 0.999788 -0.0117844 -13.3221 -0.133915 0.00942594 0.990948 181.421
0.988414 0.0167899 0.15085 -141.44 -0.0152389 0.999817 -0.0114317 -13.3499 -0.151015 0.00900055 0.98849 182.802
0.98581 0.01528 0.167164 -141.192 -0.0133311 0.999828 -0.012774 -13.3667 -0.167331 0.0103643 0.985846 184.181
0.983147 0.0142382 0.182258 -140.922 -0.0110675 0.999768 -0.0184015 -13.391 -0.182479 0.0160743 0.983078 185.542
0.979759 0.0147715 0.199635 -140.666 -0.01065 0.999706 -0.0217029 -13.4436 -0.199898 0.0191375 0.97963 186.916
0.976347 0.0177895 0.215474 -140.362 -0.0134854 0.999678 -0.0214286 -13.495 -0.215787 0.0180161 0.976274 188.295
0.97256 0.0178592 0.231965 -140.026 -0.0134789 0.999699 -0.0204547 -13.5485 -0.232261 0.0167668 0.972509 189.698
0.968304 0.0197158 0.248997 -139.684 -0.0146141 0.999643 -0.0223207 -13.6115 -0.249349 0.0179744 0.968247 191.08
0.96386 0.0190524 0.265728 -139.273 -0.0123013 0.999557 -0.0270472 -13.6425 -0.266126 0.0228009 0.963668 192.497
0.959187 0.0307022 0.2811 -138.895 -0.02398 0.999338 -0.027323 -13.6765 -0.281753 0.0194671 0.959289 193.857
0.954437 0.0239708 0.297448 -138.429 -0.0142175 0.999288 -0.0349103 -13.7306 -0.298074 0.0290907 0.954099 195.274
0.948269 0.0264983 0.31636 -137.95 -0.0143957 0.999073 -0.040532 -13.7952 -0.317141 0.0338811 0.947773 196.706
0.940773 0.0327032 0.337455 -137.45 -0.0189414 0.998851 -0.0439939 -13.8536 -0.338507 0.0349964 0.940313 198.13
0.931819 0.0387936 0.360845 -136.938 -0.0241471 0.998693 -0.0450115 -13.9204 -0.36212 0.0332293 0.931539 199.508
0.921641 0.0439618 0.385546 -136.352 -0.0277053 0.99848 -0.0476225 -13.9979 -0.387054 0.0332092 0.921459 200.915
0.910536 0.0468198 0.410771 -135.753 -0.0282663 0.998291 -0.0511289 -14.0763 -0.412464 0.0349438 0.910304 202.28
0.899211 0.0497172 0.434682 -135.088 -0.0289014 0.998101 -0.0543715 -14.1604 -0.43656 0.0363286 0.898941 203.634
0.887211 0.048887 0.458766 -134.398 -0.0260539 0.998091 -0.0559727 -14.2637 -0.460628 0.0377071 0.886792 204.998
0.8743 0.0509968 0.4827 -133.674 -0.0262058 0.997973 -0.0579691 -14.3574 -0.484679 0.0380329 0.873865 206.358
0.861098 0.053675 0.505598 -132.926 -0.025285 0.997701 -0.0628536 -14.4525 -0.507811 0.0413391 0.860476 207.65
0.846918 0.0575723 0.528598 -132.127 -0.0255941 0.997381 -0.067623 -14.5833 -0.531108 0.0437422 0.846174 209.018
0.83345 0.0589309 0.549443 -131.299 -0.0233096 0.99716 -0.0715927 -14.6873 -0.552103 0.0468618 0.832458 210.297
0.820327 0.0589789 0.568845 -130.431 -0.0193476 0.996959 -0.0754654 -14.7968 -0.571568 0.0509006 0.818975 211.558
0.807284 0.0593644 0.587169 -129.531 -0.0171963 0.99687 -0.0771434 -14.9275 -0.589912 0.0521796 0.80578 212.803
0.794647 0.0594316 0.604156 -128.613 -0.0146446 0.996782 -0.0787926 -15.0642 -0.606896 0.0537647 0.792961 214.014
0.781726 0.0593763 0.620789 -127.64 -0.011259 0.996637 -0.0811468 -15.2085 -0.623521 0.0564452 0.779766 215.264
0.768705 0.0608221 0.636705 -126.64 -0.00860586 0.99636 -0.0847885 -15.3492 -0.639546 0.059698 0.766431 216.5
0.755802 0.0624087 0.651819 -125.616 -0.00561543 0.996027 -0.0888538 -15.4963 -0.654777 0.0634957 0.753151 217.715
0.740281 0.0643673 0.669209 -124.619 -0.00444365 0.995851 -0.0908695 -15.6562 -0.672283 0.0642953 0.737497 218.89
0.725752 0.0650928 0.68487 -123.581 -0.00333383 0.995833 -0.0911151 -15.8215 -0.687949 0.0638438 0.722946 220.068
0.710104 0.0679654 0.700809 -122.539 -0.00526488 0.995814 -0.0912406 -15.9737 -0.704078 0.0611007 0.70749 221.185
0.694374 0.0692047 0.716279 -121.449 -0.00642946 0.99592 -0.0899899 -16.1243 -0.719586 0.0578814 0.691987 222.278
0.678159 0.0717852 0.731401 -120.335 -0.00957295 0.995995 -0.0888783 -16.278 -0.734854 0.053272 0.676131 223.351
0.662474 0.0743341 0.745388 -119.215 -0.0119343 0.995984 -0.088718 -16.4306 -0.74899 0.0498777 0.660701 224.357
0.647664 0.0771471 0.75801 -118.069 -0.0120487 0.995772 -0.0910507 -16.5859 -0.761831 0.0498373 0.645856 225.33
0.632913 0.0809371 0.76998 -116.912 -0.0142414 0.995568 -0.0929436 -16.7495 -0.774092 0.0478597 0.631261 226.259
0.617136 0.0814826 0.782626 -115.752 -0.0145673 0.995635 -0.0921729 -16.915 -0.786722 0.0454825 0.615629 227.14
0.600221 0.0807964 0.795743 -114.571 -0.0155672 0.995875 -0.0893747 -17.0766 -0.799683 0.0412571 0.599003 227.995
0.584464 0.0791967 0.807546 -113.368 -0.015957 0.996153 -0.0861447 -17.2381 -0.811263 0.0374625 0.58348 228.799
0.565843 0.0781068 0.820805 -112.187 -0.0173452 0.996409 -0.0828595 -17.4023 -0.824331 0.0326485 0.565167 229.602
0.547612 0.0767159 0.833208 -110.982 -0.0167189 0.996591 -0.0807707 -17.5599 -0.836566 0.0303007 0.547028 230.388
0.5276 0.0763994 0.846051 -109.788 -0.016933 0.996694 -0.0794431 -17.719 -0.849325 0.027588 0.52715 231.165
0.50862 0.0752706 0.857694 -108.599 -0.0148284 0.996788 -0.0786839 -17.8656 -0.860864 0.027302 0.508103 231.872
0.491867 0.0758768 0.867357 -107.373 -0.0129033 0.99672 -0.0798762 -18.0005 -0.870575 0.0280967 0.491233 232.531
0.474222 0.0748562 0.877217 -106.159 -0.00897967 0.996737 -0.0802008 -18.14 -0.88036 0.0301559 0.473347 233.169
0.45695 0.0732732 0.886469 -104.936 -0.00695084 0.996864 -0.078815 -18.268 -0.889466 0.0298529 0.456027 233.761
0.439272 0.0729977 0.895383 -103.712 -0.00535849 0.996887 -0.0786441 -18.3992 -0.898339 0.0297482 0.438296 234.35
0.419518 0.077253 0.904454 -102.558 -0.00539323 0.996565 -0.0826189 -18.5403 -0.907732 0.0297822 0.418493 234.941
0.402018 0.0860318 0.911581 -101.323 -0.00608066 0.995804 -0.0912987 -18.6883 -0.915612 0.0311608 0.400854 235.483
0.384235 0.0924121 0.918599 -100.123 -0.00895629 0.995303 -0.0963823 -18.8781 -0.923192 0.0288062 0.383257 235.978
0.365406 0.09625 0.925859 -98.882 -0.0119914 0.995043 -0.0987096 -19.0447 -0.930771 0.0249668 0.364749 236.498
0.346259 0.0976666 0.933041 -97.6547 -0.0143581 0.995 -0.0988237 -19.2016 -0.938029 0.0208219 0.34593 236.979
0.32733 0.0983956 0.939773 -96.4319 -0.0180138 0.995031 -0.0979068 -19.3519 -0.944739 0.0151189 0.327476 237.432
0.308653 0.0991565 0.945992 -95.2463 -0.0200372 0.995007 -0.0977564 -19.503 -0.950964 0.0112177 0.309098 237.844
0.290076 0.0975416 0.95202 -94.052 -0.0200289 0.995192 -0.0958622 -19.652 -0.956794 0.00873939 0.290634 238.233
0.272175 0.0974696 0.957299 -92.8502 -0.0198005 0.995212 -0.0957002 -19.7992 -0.962044 0.00709209 0.272801 238.59
0.254405 0.0982909 0.96209 -91.6444 -0.0181571 0.99513 -0.0968651 -19.9316 -0.966928 0.00717418 0.25495 238.922
0.236308 0.102523 0.966254 -90.4331 -0.021495 0.994725 -0.100287 -20.0683 -0.971441 0.00292895 0.237265 239.232
0.218714 0.104419 0.970186 -89.2181 -0.0208271 0.99453 -0.102344 -20.2058 -0.975567 0.00217783 0.219692 239.519
0.201752 0.102157 0.974094 -88.0595 -0.0214948 0.994767 -0.0998727 -20.3476 -0.979201 -0.000788497 0.202892 239.783
0.188509 0.0978132 0.977188 -86.8812 -0.0181294 0.995203 -0.0961191 -20.4845 -0.981904 0.000403449 0.189378 239.983
0.175529 0.0942119 0.979956 -85.7171 -0.0166073 0.995551 -0.0927364 -20.6114 -0.984335 3.43699e-06 0.176312 240.19
0.16318 0.0906612 0.982422 -84.5603 -0.0149224 0.99588 -0.0894245 -20.7479 -0.986484 -6.78339e-05 0.16386 240.396
0.152819 0.0904785 0.984103 -83.4005 -0.0144275 0.995897 -0.0893224 -20.884 -0.988149 -0.000548047 0.153497 240.591
0.143841 0.0924237 0.985275 -82.3372 -0.0146484 0.995717 -0.0912647 -21.0166 -0.989493 -0.00130515 0.144578 240.783
0.137383 0.0944455 0.986005 -81.201 -0.0157643 0.995525 -0.0931609 -21.1389 -0.990393 -0.00274507 0.138256 240.947
0.131587 0.0987828 0.98637 -80.0972 -0.0164167 0.995102 -0.0974671 -21.2669 -0.991169 -0.00336758 0.132564 241.106
0.126286 0.107072 0.986198 -78.9927 -0.0154177 0.994248 -0.105972 -21.4045 -0.991874 -0.00182224 0.12721 241.259
0.12149 0.109335 0.986552 -77.8876 -0.0175851 0.993995 -0.107994 -21.5436 -0.992437 -0.00422848 0.122682 241.408
0.11807 0.101321 0.987822 -76.8083 -0.0165398 0.994842 -0.100065 -21.6701 -0.992868 -0.00452387 0.119136 241.545
0.11491 0.0918653 0.989119 -75.7525 -0.0156014 0.995757 -0.0906693 -21.7872 -0.993254 -0.00501288 0.115855 241.695
0.112844 0.0882355 0.989687 -74.6935 -0.0149985 0.996086 -0.0870958 -21.9014 -0.9935 -0.0050157 0.113725 241.843
0.112009 0.0900905 0.989615 -73.6331 -0.0160556 0.995914 -0.0888467 -22.017 -0.993578 -0.00593724 0.112998 241.989
0.111987 0.092971 0.989351 -72.6004 -0.0154728 0.995655 -0.0918119 -22.1316 -0.99359 -0.00502631 0.112939 242.124
0.113547 0.0954795 0.988934 -71.5592 -0.0178257 0.995406 -0.0940576 -22.2484 -0.993373 -0.00694859 0.114727 242.257
0.115841 0.0963712 0.988582 -70.5338 -0.0196288 0.995308 -0.0947268 -22.3626 -0.993074 -0.00843154 0.117188 242.388
0.119273 0.0979956 0.988014 -69.5076 -0.0202876 0.995149 -0.0962542 -22.4761 -0.992655 -0.00856394 0.120682 242.519
0.123232 0.0991206 0.987415 -68.4919 -0.0223666 0.995023 -0.0970929 -22.5896 -0.992126 -0.0101202 0.124835 242.655
0.128152 0.100425 0.986657 -67.5004 -0.0238383 0.994883 -0.0981662 -22.7024 -0.991468 -0.0109401 0.12989 242.795
0.134707 0.0996123 0.985866 -66.4773 -0.0247168 0.994961 -0.097154 -22.8115 -0.990578 -0.0112802 0.136489 242.938
0.140905 0.0981121 0.98515 -65.5014 -0.0235427 0.995127 -0.0957384 -22.9236 -0.989744 -0.00970309 0.142528 243.097
0.147293 0.0970862 0.984317 -64.5335 -0.0219019 0.995246 -0.0948867 -23.0364 -0.988851 -0.00758232 0.148718 243.263
0.155196 0.0976048 0.98305 -63.5445 -0.0202497 0.995211 -0.0956153 -23.1501 -0.987676 -0.00506736 0.156429 243.418
0.16246 0.0974322 0.981893 -62.5397 -0.0209314 0.995228 -0.0952922 -23.2591 -0.986493 -0.00507126 0.163724 243.588
0.169307 0.0963856 0.980839 -61.5719 -0.0219218 0.995327 -0.0940253 -23.3677 -0.98532 -0.00558266 0.170629 243.759
0.176423 0.0945317 0.979765 -60.5805 -0.0223402 0.995504 -0.0920276 -23.4733 -0.984061 -0.00565237 0.177741 243.94
0.183298 0.0930031 0.978648 -59.6031 -0.0223566 0.99565 -0.0904315 -23.5786 -0.982804 -0.00530343 0.184579 244.128
0.190088 0.0933271 0.977321 -58.6365 -0.0223776 0.995623 -0.0907224 -23.6848 -0.981513 -0.00462491 0.191344 244.323
0.197425 0.0952724 0.975678 -57.68 -0.0215027 0.995446 -0.0928518 -23.7899 -0.980083 -0.00264849 0.198574 244.516
0.203325 0.0965111 0.974343 -56.7274 -0.0211388 0.995329 -0.0941786 -23.8939 -0.978884 -0.00144768 0.204415 244.733
0.209515 0.0983602 0.972846 -55.7688 -0.0226435 0.995147 -0.0957384 -23.9995 -0.977544 -0.00196999 0.210725 244.954
0.215328 0.0990495 0.971506 -54.834 -0.0248085 0.995075 -0.0959538 -24.1069 -0.976227 -0.00344012 0.216724 245.181
0.222027 0.0987045 0.970032 -53.8871 -0.0250479 0.99511 -0.0955233 -24.2126 -0.974719 -0.00308856 0.223414 245.408
0.228717 0.0965588 0.968693 -52.9226 -0.0256284 0.995319 -0.0931619 -24.3166 -0.973156 -0.0035184 0.230121 245.639
0.2353 0.0952195 0.967247 -51.9697 -0.025587 0.99545 -0.0917714 -24.4183 -0.971587 -0.00315516 0.236665 245.878
0.242646 0.0945231 0.965499 -51.0488 -0.0253637 0.995518 -0.0910877 -24.522 -0.969784 -0.00238663 0.243956 246.107
0.24954 0.0955444 0.96364 -50.1222 -0.0254846 0.995422 -0.0920963 -24.6247 -0.96803 -0.00157635 0.250832 246.354
0.256645 0.0957677 0.96175 -49.2032 -0.0236345 0.995402 -0.0928117 -24.7217 -0.966217 0.00108916 0.257728 246.606
0.264406 0.0974061 0.95948 -48.2911 -0.0223527 0.995237 -0.0948763 -24.8197 -0.964153 0.00363886 0.265323 246.875
0.27308 0.0997116 0.95681 -47.3818 -0.0219757 0.994999 -0.0974194 -24.9203 -0.961741 0.00557667 0.273905 247.151
0.282088 0.100981 0.95406 -46.4655 -0.0223561 0.994865 -0.09869 -25.023 -0.959129 0.00651017 0.282897 247.436
0.289727 0.100256 0.951844 -45.5474 -0.0241325 0.994946 -0.0974503 -25.128 -0.956806 0.00526358 0.290682 247.718
