1 0 0 0 0 1 0 0 0 0 1 0
0.999906 -0.00259971 0.0134988 0.102473 0.00258249 0.999996 0.00129309 0.0022156 -0.0135021 -0.00125811 0.999908 0.0276209
0.999498 -0.00562839 0.0311807 0.20253 0.00568533 0.999982 -0.00173785 0.00235753 -0.0311704 0.00191425 0.999512 0.0957345
0.99823 -0.00400891 0.0593441 0.2494 0.00395933 0.999992 0.000952972 -0.0179127 -0.0593475 -0.000716321 0.998237 0.170312
0.995536 -0.00421596 0.0942912 0.290491 0.00387166 0.999985 0.00383401 -0.0241759 -0.0943059 -0.00345183 0.995537 0.328566
0.991024 -0.00755574 0.133468 0.338734 0.00672388 0.999955 0.00668227 -0.0319612 -0.133513 -0.00572486 0.99103 0.530939
0.984737 -0.0105015 0.17373 0.408533 0.00930313 0.999927 0.00771099 -0.0367582 -0.173798 -0.00597707 0.984763 0.738657
0.975949 -0.0107653 0.217732 0.493774 0.00889012 0.999915 0.00958998 -0.0431948 -0.217816 -0.00742368 0.975962 0.968203
0.963805 -0.0100204 0.266421 0.582188 0.00678485 0.999892 0.0130621 -0.0388714 -0.266523 -0.0107817 0.963768 1.21873
0.949272 -0.0141319 0.314139 0.711923 0.00812013 0.999758 0.0204375 -0.0320225 -0.314352 -0.0168499 0.949157 1.46086
0.932023 -0.0225676 0.361694 0.856366 0.0130934 0.999505 0.0286236 -0.0260602 -0.362161 -0.0219421 0.931857 1.71069
0.910581 -0.0278765 0.412388 1.0356 0.0156836 0.999335 0.0329223 -0.0132929 -0.413032 -0.0235107 0.910413 1.96561
0.885528 -0.0289602 0.463683 1.22654 0.0132676 0.999225 0.0370703 -0.000395882 -0.464397 -0.0266748 0.885225 2.20886
0.857426 -0.031152 0.513664 1.4311 0.0112663 0.999063 0.0417837 0.0139517 -0.514484 -0.0300393 0.856973 2.44084
0.825527 -0.0352277 0.563261 1.65643 0.0110713 0.998869 0.0462453 0.0297019 -0.564253 -0.0319408 0.824984 2.66201
0.789853 -0.0403498 0.611968 1.8947 0.0126885 0.998695 0.0494718 0.0464408 -0.613165 -0.0313105 0.789334 2.86923
0.752179 -0.0445966 0.657447 2.17891 0.0135101 0.998541 0.0522772 0.0563761 -0.65882 -0.0304396 0.751685 3.10418
0.712415 -0.0476564 0.700139 2.45626 0.0140108 0.998458 0.0537057 0.0701768 -0.701618 -0.0284512 0.711984 3.31209
0.670569 -0.0493516 0.740203 2.77872 0.0129704 0.998412 0.054817 0.0995611 -0.741733 -0.0271578 0.670145 3.54733
0.628138 -0.0493714 0.776534 3.12608 0.00820342 0.99835 0.0568385 0.131732 -0.778058 -0.0293322 0.627506 3.77653
0.586464 -0.0499833 0.808432 3.4811 0.0051088 0.998302 0.0580164 0.156957 -0.809959 -0.0298944 0.585724 3.99158
0.546491 -0.0511741 0.8359 3.8582 0.0030929 0.998248 0.0590911 0.17984 -0.837459 -0.0297074 0.545692 4.19704
0.507869 -0.0531413 0.859794 4.27774 0.00130377 0.998142 0.0609221 0.206352 -0.861433 -0.0298195 0.506994 4.41496
0.470688 -0.0527915 0.880719 4.70691 -0.00184821 0.998147 0.0608181 0.230495 -0.882298 -0.0302541 0.469718 4.61418
0.434358 -0.0518446 0.899247 5.18431 -0.00293491 0.998255 0.0589705 0.261563 -0.900735 -0.0282535 0.433449 4.81535
0.401008 -0.0502988 0.914692 5.67109 -0.00181372 0.998446 0.0556996 0.290324 -0.916072 -0.023995 0.400294 5.00047
0.371553 -0.0483938 0.927149 6.2009 0.000100219 0.998643 0.0520853 0.320829 -0.928411 -0.0192596 0.371054 5.18682
0.346323 -0.0466165 0.936956 6.74809 0.00109622 0.998784 0.0492874 0.345762 -0.938114 -0.0160423 0.345953 5.37048
0.326765 -0.0457348 0.943998 7.35294 0.00205703 0.99886 0.0476808 0.381608 -0.945103 -0.0136386 0.326487 5.54805
0.31287 -0.0460925 0.948677 7.97967 0.00298362 0.998864 0.047547 0.412468 -0.949791 -0.0120455 0.312652 5.72823
0.302271 -0.0473935 0.952043 8.60837 0.00409263 0.998818 0.0484226 0.443959 -0.953213 -0.0107404 0.302109 5.90165
0.292177 -0.0489998 0.955108 9.26814 0.00265977 0.998724 0.0504238 0.476309 -0.95636 -0.0121923 0.291935 6.08623
0.282462 -0.0502682 0.95796 9.98291 0.00141946 0.998647 0.0519846 0.519903 -0.959277 -0.0133239 0.282152 6.27874
0.273184 -0.0515689 0.960578 10.7053 0.000838285 0.998574 0.0533703 0.563788 -0.961961 -0.0137747 0.272838 6.46882
0.263748 -0.0528282 0.963144 11.4294 0.000179399 0.998502 0.0547185 0.60865 -0.964591 -0.0142591 0.263363 6.65176
0.253981 -0.0541629 0.965691 12.1608 1.59421e-05 0.998431 0.055995 0.642207 -0.967209 -0.0142063 0.253584 6.82709
0.244418 -0.0552192 0.968096 12.9296 5.85911e-05 0.998378 0.0569316 0.682713 -0.96967 -0.0138584 0.244025 7.0072
0.234681 -0.0576241 0.970363 13.7011 -0.000827692 0.998229 0.0594791 0.725152 -0.972072 -0.0147618 0.234218 7.17861
0.224039 -0.0611199 0.972662 14.4994 -0.00231147 0.997995 0.0632443 0.767383 -0.974577 -0.0164175 0.223449 7.35294
0.21229 -0.0647726 0.975058 15.2913 -0.00318989 0.99775 0.0669745 0.806892 -0.977201 -0.0173283 0.211606 7.52056
0.199682 -0.0667769 0.977583 16.1155 -0.00410259 0.997609 0.068983 0.85238 -0.979852 -0.0177853 0.198931 7.68404
0.186072 -0.0670552 0.980245 16.9357 -0.00464204 0.997597 0.0691234 0.896379 -0.982525 -0.0174123 0.185314 7.8337
0.172173 -0.0659871 0.982854 17.7574 -0.00600894 0.997665 0.0680341 0.938117 -0.985048 -0.0176196 0.171375 7.97091
0.156048 -0.0649458 0.985612 18.5816 -0.00654822 0.997746 0.0667821 0.978934 -0.987728 -0.0168752 0.155271 8.09467
0.136189 -0.0633723 0.988654 19.4117 -0.00908021 0.99783 0.0652113 1.01736 -0.990641 -0.0178583 0.135319 8.20115
0.111435 -0.062209 0.991823 20.2581 -0.0132532 0.997857 0.0640766 1.0556 -0.993683 -0.0202853 0.110372 8.2836
0.0809363 -0.0616472 0.994811 21.1116 -0.0173626 0.997847 0.0632479 1.09472 -0.996568 -0.0223916 0.0796921 8.35475
0.0477279 -0.0614788 0.996967 21.9867 -0.020488 0.997834 0.0625132 1.13556 -0.99865 -0.0234095 0.0463653 8.38826
0.0135177 -0.0607299 0.998063 22.8409 -0.0220718 0.997893 0.0610185 1.17068 -0.999665 -0.0228539 0.0121492 8.39236
-0.0201842 -0.0595357 0.998022 23.7001 -0.0231841 0.997985 0.0590646 1.20423 -0.999528 -0.0219461 -0.0215234 8.36656
-0.0526975 -0.0577776 0.996938 24.5605 -0.0252674 0.998082 0.0565084 1.23662 -0.998291 -0.0222122 -0.054056 8.31292
-0.0851301 -0.0549896 0.994851 25.4225 -0.0276069 0.998223 0.0528136 1.26656 -0.995987 -0.0229687 -0.0864965 8.2357
-0.118131 -0.0506773 0.991704 26.2794 -0.0249212 0.998534 0.0480578 1.2927 -0.992685 -0.0190374 -0.11922 8.13051
-0.149437 -0.0448909 0.987752 27.1323 -0.0194755 0.998909 0.0424516 1.31577 -0.98858 -0.0128932 -0.150147 7.98446
-0.180129 -0.0385961 0.982885 27.974 -0.0132577 0.999234 0.0368085 1.33481 -0.983554 -0.00640047 -0.180503 7.81667
-0.208953 -0.0330001 0.977369 28.8137 -0.00782025 0.999455 0.0320739 1.34936 -0.977894 -0.000941317 -0.209097 7.62184
-0.237186 -0.0265846 0.9711 29.6382 0.000644328 0.999621 0.0275228 1.36137 -0.971464 0.00715375 -0.237079 7.40151
-0.262614 -0.016106 0.964766 30.4569 0.00712178 0.999801 0.0186295 1.35694 -0.964875 0.0117632 -0.262447 7.14819
-0.287271 -0.000969167 0.957849 31.2626 0.011589 0.999923 0.00448747 1.34399 -0.957779 0.0123897 -0.287237 6.88024
-0.311718 0.0164882 0.950032 32.0658 0.0121883 0.999837 -0.0133534 1.33301 -0.950097 0.00741677 -0.311868 6.60406
-0.336563 0.0315353 0.941133 32.8606 0.0123853 0.999501 -0.0290619 1.30771 -0.94158 0.0018751 -0.336785 6.30533
-0.36099 0.0424755 0.931602 33.6467 0.0163803 0.999097 -0.0392055 1.27453 -0.932426 0.00110709 -0.36136 5.98781
-0.384257 0.0470504 0.922027 34.4223 0.019572 0.998891 -0.042816 1.23157 -0.923019 0.00159361 -0.384751 5.6478
-0.406447 0.0471801 0.912455 35.1903 0.0233604 0.998876 -0.0412429 1.18805 -0.913376 0.00455232 -0.407092 5.2878
-0.426656 0.0427038 0.903405 35.9461 0.0264639 0.999046 -0.0347264 1.14105 -0.904027 0.00909146 -0.427379 4.91782
-0.444623 0.0415145 0.894755 36.6792 0.0342207 0.998983 -0.0293454 1.09464 -0.895064 0.0175715 -0.445591 4.53965
-0.458534 0.0415919 0.887703 37.4144 0.0361493 0.99895 -0.0281316 1.0511 -0.887941 0.0191906 -0.459556 4.14786
-0.469821 0.0454699 0.88159 38.1249 0.0400384 0.998742 -0.0301748 1.00717 -0.881854 0.0211208 -0.47105 3.76559
-0.479757 0.0478971 0.876093 38.8303 0.0405389 0.998653 -0.0323981 0.969556 -0.876465 0.0199726 -0.481052 3.37633
-0.490497 0.0476322 0.87014 39.5384 0.0349076 0.998778 -0.0349966 0.928926 -0.870744 0.0132088 -0.49156 2.98169
-0.501797 0.0464069 0.863739 40.2366 0.0340533 0.998846 -0.0338822 0.891881 -0.864315 0.0124112 -0.502798 2.58291
-0.510705 0.0476391 0.858435 40.9305 0.035458 0.998781 -0.0343328 0.857542 -0.859025 0.0129045 -0.511772 2.16809
-0.517969 0.0508136 0.853889 41.6249 0.0382027 0.998612 -0.0362521 0.820914 -0.854546 0.0138435 -0.519191 1.74371
-0.520994 0.0540277 0.851849 42.3197 0.0394624 0.998452 -0.0391905 0.780966 -0.852648 0.013198 -0.522319 1.31734
-0.520528 0.0565035 0.851973 43.0586 0.039384 0.998335 -0.0421479 0.744642 -0.852936 0.011615 -0.521886 0.859156
-0.517502 0.0565152 0.853813 43.8023 0.0407211 0.998313 -0.0413984 0.705146 -0.854712 0.0133445 -0.51893 0.425464
-0.511449 0.0555223 0.857518 44.5648 0.0384775 0.998389 -0.0416942 0.663626 -0.858452 0.0116707 -0.512761 -0.020871
-0.504107 0.0542778 0.861934 45.349 0.0360494 0.998476 -0.0417924 0.621875 -0.862889 0.0100044 -0.505295 -0.474999
-0.496675 0.0537448 0.866271 46.1405 0.0338176 0.998522 -0.0425605 0.578206 -0.867278 0.00815652 -0.497758 -0.920616
-0.48992 0.0524354 0.870189 46.9616 0.0308367 0.998607 -0.0428123 0.531088 -0.871222 0.00585914 -0.490855 -1.38084
-0.485055 0.0504059 0.87303 47.7983 0.0264459 0.998726 -0.0429698 0.484843 -0.874084 0.0022454 -0.48577 -1.8437
-0.483007 0.0481033 0.874294 48.6446 0.0222909 0.998842 -0.0426412 0.438086 -0.875333 -0.0011072 -0.48352 -2.30792
-0.482988 0.0456777 0.874435 49.5101 0.0188174 0.998949 -0.0417882 0.388671 -0.875425 -0.00372855 -0.48334 -2.78274
-0.48355 0.0444053 0.87419 50.3882 0.0178097 0.999005 -0.0408941 0.332946 -0.875136 -0.00420522 -0.483859 -3.26813
-0.483615 0.0440791 0.87417 51.2717 0.0176951 0.99902 -0.0405851 0.284499 -0.875102 -0.00415899 -0.483921 -3.75924
-0.483853 0.0440776 0.874039 52.1657 0.0181662 0.999022 -0.0403239 0.234461 -0.874961 -0.00363288 -0.48418 -4.25167
-0.483224 0.0432244 0.874429 53.0727 0.0173936 0.999058 -0.0397729 0.184064 -0.875324 -0.00400974 -0.48352 -4.75937
-0.482507 0.0432041 0.874826 53.9819 0.0164397 0.999054 -0.0402719 0.132692 -0.875738 -0.00504953 -0.48276 -5.26492
-0.482493 0.0422304 0.874881 54.9055 0.015021 0.999089 -0.0399419 0.0800301 -0.875771 -0.0061301 -0.482688 -5.76891
-0.48216 0.0420521 0.875074 55.8186 0.015058 0.999098 -0.0397152 0.0234965 -0.875954 -0.00597222 -0.482358 -6.2738
-0.48136 0.0410764 0.87556 56.7398 0.0130378 0.999127 -0.0397055 -0.0342044 -0.876426 -0.0076972 -0.481474 -6.77833
-0.48014 0.0397265 0.876292 57.6531 0.0127256 0.999184 -0.0383251 -0.0906875 -0.8771 -0.00725003 -0.480254 -7.27331
-0.477677 0.0376034 0.877731 58.5619 0.0128452 0.999276 -0.0358199 -0.148584 -0.878442 -0.00583564 -0.477814 -7.76887
-0.474878 0.0367836 0.879283 59.4725 0.0141575 0.999316 -0.0341589 -0.203996 -0.879938 -0.00377289 -0.475074 -8.26482
-0.471904 0.0366514 0.880888 60.3856 0.0148451 0.999324 -0.0336265 -0.259596 -0.881525 -0.00279162 -0.472129 -8.76131
-0.469605 0.0368373 0.882108 61.3061 0.0151973 0.999319 -0.0336415 -0.315291 -0.882746 -0.00239252 -0.469845 -9.24941
-0.468851 0.0375103 0.88248 62.2019 0.0155783 0.999294 -0.0341989 -0.371985 -0.88314 -0.00228666 -0.469104 -9.72066
-0.469885 0.0386975 0.881879 63.1088 0.0148235 0.999244 -0.0359492 -0.430256 -0.882604 -0.00381939 -0.470103 -10.1974
-0.473215 0.0410198 0.879992 64.0075 0.0141822 0.999141 -0.0389473 -0.48173 -0.880833 -0.00595016 -0.47339 -10.6683
-0.478146 0.0419385 0.877279 64.9035 0.0132619 0.99909 -0.0405334 -0.534693 -0.878181 -0.00774648 -0.478267 -11.1442
-0.484305 0.0404579 0.873963 65.7957 0.0144992 0.999164 -0.038219 -0.595231 -0.874779 -0.00583787 -0.484487 -11.6252
-0.490323 0.0376688 0.870727 66.6932 0.0148789 0.999282 -0.0348517 -0.653492 -0.871414 -0.0041331 -0.490531 -12.1201
-0.496354 0.0357212 0.867385 67.5536 0.0126456 0.999345 -0.0339192 -0.706974 -0.868028 -0.00586727 -0.496481 -12.5982
-0.501677 0.0390536 0.864173 68.4239 0.0149494 0.999223 -0.0364782 -0.761803 -0.864926 -0.00538144 -0.501871 -13.0981
-0.506843 0.0406125 0.861081 69.2883 0.0158642 0.99916 -0.037787 -0.817094 -0.861893 -0.00549173 -0.507061 -13.6037
-0.511673 0.0418898 0.858159 70.118 0.0148132 0.999093 -0.0399369 -0.87375 -0.859053 -0.0077225 -0.511829 -14.0946
-0.515831 0.0421159 0.855655 71.0017 0.0134954 0.999067 -0.0410391 -0.926588 -0.856585 -0.00962181 -0.515917 -14.6067
-0.518784 0.0414482 0.8539 71.8416 0.0146405 0.999108 -0.0396018 -0.983749 -0.85478 -0.00804327 -0.518928 -15.1216
-0.520613 0.0345127 0.853095 72.6835 0.0153057 0.9994 -0.031091 -1.03174 -0.853656 -0.00312918 -0.520828 -15.6404
-0.522888 0.0259988 0.852005 73.5186 0.0147041 0.999661 -0.0214804 -1.07804 -0.852275 0.00129617 -0.523093 -16.1433
-0.524344 0.0248413 0.851145 74.3559 0.0156742 0.999687 -0.0195205 -1.11443 -0.851363 0.0031056 -0.524569 -16.657
-0.524659 0.0295178 0.850801 75.1784 0.0150472 0.999564 -0.0253999 -1.14606 -0.85118 -0.000524073 -0.524874 -17.1731
-0.526349 0.0357699 0.849516 76.0045 0.0159573 0.999354 -0.0321921 -1.1839 -0.850119 -0.00338821 -0.526579 -17.6756
-0.527095 0.0392225 0.848901 76.8242 0.020483 0.999231 -0.03345 -1.22484 -0.84956 -0.000243281 -0.527492 -18.1797
-0.527293 0.0399278 0.848745 77.6299 0.0225094 0.999201 -0.0330215 -1.26929 -0.849386 0.00169281 -0.52777 -18.667
-0.5267 0.0363055 0.849276 78.478 0.0207291 0.999339 -0.0298648 -1.3152 -0.849799 0.00187499 -0.527104 -19.2054
-0.526007 0.0315324 0.849896 79.2872 0.019766 0.999496 -0.0248494 -1.35942 -0.850251 0.00372812 -0.526365 -19.6899
-0.525102 0.0247664 0.850679 80.1292 0.0161952 0.999686 -0.0191076 -1.39852 -0.850886 0.00374348 -0.525338 -20.2141
-0.525295 0.0190215 0.850708 80.9637 0.00725909 0.999814 -0.0178731 -1.43527 -0.85089 -0.00321328 -0.525335 -20.6972
-0.524026 0.0138351 0.85159 81.8075 -0.000167263 0.999866 -0.0163469 -1.46758 -0.851702 -0.00870864 -0.523954 -21.1995
-0.522669 0.0142756 0.852416 82.6239 0.00212278 0.999879 -0.0154436 -1.49792 -0.852533 -0.00626237 -0.522636 -21.6826
-0.51933 0.0176015 0.854393 83.4355 0.00586867 0.999838 -0.0170307 -1.53247 -0.854554 -0.00383037 -0.519349 -22.1794
-0.513799 0.0209551 0.857655 84.2612 0.0083884 0.999777 -0.0194022 -1.56457 -0.85787 -0.0027745 -0.51386 -22.6793
-0.505639 0.0233116 0.86243 85.0749 0.0130683 0.999727 -0.0193609 -1.59437 -0.862646 0.00148085 -0.505806 -23.1642
-0.497632 0.0268558 0.866973 85.8947 0.0204865 0.999606 -0.0192053 -1.62929 -0.867146 0.00820409 -0.497986 -23.6377
-0.488833 0.0259642 0.871991 86.7345 0.0174202 0.999648 -0.0199996 -1.6567 -0.872204 0.0054138 -0.489113 -24.0889
-0.477856 0.0236597 0.87812 87.5695 0.0146388 0.999713 -0.0189696 -1.68521 -0.878317 0.00378992 -0.478064 -24.5354
-0.465996 0.0202443 0.884556 88.3991 0.0149722 0.999776 -0.0149937 -1.72237 -0.88466 0.00625674 -0.466194 -24.9702
-0.454445 0.0193962 0.890564 89.231 0.0144646 0.999792 -0.0143941 -1.75719 -0.890658 0.00634033 -0.45463 -25.3897
-0.443655 0.0182993 0.896011 90.0811 0.0143024 0.999809 -0.0133374 -1.78357 -0.896084 0.00689788 -0.443831 -25.7914
-0.431159 0.019918 0.902056 90.924 0.0156601 0.999771 -0.0145904 -1.80767 -0.90214 0.00783547 -0.431372 -26.198
-0.418525 0.0246056 0.907872 91.7578 0.0157075 0.99968 -0.0198527 -1.83855 -0.90807 0.00595154 -0.418777 -26.5813
-0.406545 0.0338897 0.913002 92.6115 0.0180355 0.999415 -0.0290663 -1.8697 -0.913453 0.0046497 -0.406918 -26.9664
-0.393434 0.0387584 0.918536 93.4695 0.0176814 0.999245 -0.0345906 -1.90648 -0.919183 0.00263187 -0.393822 -27.3375
-0.381974 0.035288 0.923499 94.3363 0.0146559 0.999377 -0.0321255 -1.9452 -0.924057 0.00126361 -0.382252 -27.6892
-0.37076 0.0314199 0.928197 95.2017 0.0109234 0.999506 -0.0294705 -1.98212 -0.928665 -0.000787454 -0.37092 -28.0224
-0.360645 0.0320092 0.932154 96.0614 0.00697588 0.999476 -0.031622 -2.02723 -0.932677 -0.00490169 -0.360679 -28.3518
-0.353395 0.0364966 0.934762 96.9205 0.0019218 0.999265 -0.0382884 -2.0763 -0.935472 -0.0117345 -0.353205 -28.667
-0.348234 0.0421062 0.936462 97.7829 -0.00200469 0.998955 -0.0456615 -2.12889 -0.937406 -0.0177782 -0.347785 -28.9772
-0.344827 0.0441335 0.937628 98.6515 -0.0052232 0.998789 -0.0489332 -2.18384 -0.938652 -0.0217709 -0.344178 -29.2886
-0.340879 0.0437032 0.939091 99.5168 -0.00698155 0.998774 -0.0490149 -2.24404 -0.940081 -0.0232644 -0.340156 -29.5982
-0.335928 0.0437836 0.94087 100.388 -0.00756127 0.998762 -0.0491773 -2.30347 -0.941858 -0.0236342 -0.335181 -29.9042
-0.330307 0.0393757 0.943052 101.254 -0.0108213 0.998906 -0.0454979 -2.36063 -0.943812 -0.0252333 -0.329519 -30.1969
-0.324304 0.0362452 0.945259 102.119 -0.0109096 0.999056 -0.0420508 -2.41278 -0.94589 -0.0239496 -0.323601 -30.4955
-0.31824 0.0334153 0.947421 102.996 -0.0135307 0.999117 -0.0397835 -2.4651 -0.947914 -0.02548 -0.317507 -30.7851
-0.311996 0.031693 0.949555 103.863 -0.0216576 0.998947 -0.0404575 -2.51845 -0.949837 -0.0331877 -0.31098 -31.0583
-0.305736 0.0316509 0.95159 104.74 -0.0287488 0.998685 -0.042454 -2.57303 -0.951683 -0.0403368 -0.304423 -31.321
-0.299251 0.0358246 0.953502 105.61 -0.0270558 0.998575 -0.0460093 -2.62795 -0.953791 -0.0395661 -0.297855 -31.5827
-0.292542 0.0390886 0.955454 106.46 -0.0248993 0.998514 -0.0484739 -2.68543 -0.955929 -0.0379708 -0.291133 -31.8346
-0.285799 0.0372674 0.957565 107.339 -0.026088 0.998571 -0.0466496 -2.73854 -0.957935 -0.0383134 -0.284418 -32.0914
-0.278864 0.0329963 0.959764 108.217 -0.0266125 0.99876 -0.0420693 -2.78914 -0.959962 -0.0372733 -0.27764 -32.3384
-0.271877 0.0304452 0.961851 109.093 -0.0284355 0.998809 -0.0396525 -2.84255 -0.961912 -0.0381313 -0.270686 -32.579
-0.265352 0.0336583 0.963564 109.978 -0.0302168 0.998609 -0.0432037 -2.8959 -0.963678 -0.04058 -0.263966 -32.8183
-0.258987 0.0365005 0.965191 110.848 -0.0294521 0.998523 -0.0456637 -2.94826 -0.965432 -0.0402531 -0.257528 -33.0455
-0.251716 0.0368407 0.9671 111.741 -0.0318351 0.998419 -0.0463197 -3.00598 -0.967278 -0.0424471 -0.250145 -33.2781
-0.244097 0.0362897 0.969072 112.615 -0.0319232 0.998457 -0.0454311 -3.06248 -0.969226 -0.0420255 -0.242561 -33.4956
-0.235267 0.0362125 0.971256 113.49 -0.0279934 0.998639 -0.0440142 -3.11856 -0.971528 -0.0375438 -0.233932 -33.7154
-0.227139 0.0370958 0.973156 114.376 -0.0253383 0.998711 -0.043984 -3.17746 -0.973533 -0.0346486 -0.225906 -33.9293
-0.221368 0.0375058 0.974469 115.26 -0.0251507 0.998708 -0.0441521 -3.23127 -0.974866 -0.0342824 -0.220139 -34.1115
-0.213537 0.0373261 0.976222 116.149 -0.0292919 0.998576 -0.044588 -3.27597 -0.976496 -0.0381166 -0.212139 -34.3085
-0.207126 0.0360734 0.977649 117.027 -0.0331748 0.998486 -0.0438707 -3.32637 -0.977752 -0.0415201 -0.205615 -34.4857
-0.202219 0.0364163 0.978663 117.899 -0.0303565 0.998595 -0.0434304 -3.3794 -0.97887 -0.0384912 -0.200829 -34.6615
-0.197167 0.0368374 0.979678 118.787 -0.0288458 0.998643 -0.0433559 -3.43268 -0.979946 -0.036808 -0.195837 -34.8399
-0.191956 0.0380149 0.980667 119.669 -0.0282036 0.998623 -0.0442315 -3.48699 -0.980998 -0.0361489 -0.190619 -35.0102
-0.18638 0.0370324 0.98178 120.561 -0.0223064 0.998872 -0.0419118 -3.53731 -0.982225 -0.0297115 -0.185344 -35.1765
-0.181239 0.0359567 0.982782 121.456 -0.0150607 0.999113 -0.0393315 -3.58468 -0.983324 -0.0219298 -0.180536 -35.3447
-0.177874 0.0356823 0.983406 122.314 -0.013709 0.999156 -0.0387333 -3.63132 -0.983958 -0.0203712 -0.177234 -35.4699
-0.174138 0.0377523 0.983998 123.212 -0.0157851 0.999029 -0.0411224 -3.67501 -0.984595 -0.0226934 -0.173372 -35.6162
-0.170456 0.0398498 0.984559 124.113 -0.0174304 0.998904 -0.043448 -3.72212 -0.985211 -0.0245672 -0.169574 -35.7731
-0.169507 0.0396057 0.984733 124.963 -0.0194047 0.998864 -0.0435142 -3.77202 -0.985338 -0.0264844 -0.168546 -35.8834
-0.169213 0.0385463 0.984826 125.861 -0.0200579 0.998893 -0.0425432 -3.8211 -0.985376 -0.0269524 -0.168252 -36.0273
-0.168971 0.0341509 0.985029 126.754 -0.0204713 0.999062 -0.038149 -3.862 -0.985409 -0.0266109 -0.168113 -36.1713
-0.168467 0.0295136 0.985266 127.638 -0.0229807 0.999162 -0.0338592 -3.89988 -0.98544 -0.0283462 -0.167647 -36.3093
-0.16799 0.0278126 0.985396 128.519 -0.0236795 0.9992 -0.032239 -3.94182 -0.985505 -0.0287495 -0.167196 -36.4483
-0.167183 0.0323647 0.985395 129.395 -0.0245833 0.999014 -0.0369828 -3.98753 -0.98562 -0.0304072 -0.166222 -36.5878
-0.167102 0.0361307 0.985277 130.257 -0.0249128 0.998855 -0.0408537 -4.03367 -0.985625 -0.0313728 -0.16601 -36.7265
-0.167279 0.0353319 0.985276 131.136 -0.0282809 0.998775 -0.0406174 -4.08219 -0.985504 -0.0346589 -0.166074 -36.8678
-0.166817 0.0346992 0.985377 132.014 -0.0307349 0.998712 -0.0403719 -4.13092 -0.985509 -0.0370202 -0.165535 -37.0083
-0.166139 0.0355956 0.98546 132.89 -0.0259833 0.998843 -0.0404595 -4.18163 -0.98576 -0.0323274 -0.165021 -37.1577
-0.165274 0.0380194 0.985515 133.753 -0.0280686 0.998671 -0.0432341 -4.2299 -0.985849 -0.0348075 -0.163986 -37.3003
-0.165421 0.0393934 0.985436 134.614 -0.0366965 0.998264 -0.0460662 -4.28072 -0.985541 -0.0437823 -0.163688 -37.4299
-0.165385 0.0411041 0.985372 135.469 -0.0433023 0.997865 -0.0488931 -4.33266 -0.985278 -0.0507551 -0.163251 -37.5543
-0.165342 0.0446425 0.985225 136.312 -0.0409903 0.997801 -0.0520914 -4.38789 -0.985385 -0.0489976 -0.163148 -37.6883
-0.164895 0.0456003 0.985257 137.153 -0.0405463 0.997773 -0.0529655 -4.44751 -0.985478 -0.0486822 -0.162678 -37.8251
-0.163057 0.0468346 0.985505 137.995 -0.0407899 0.997699 -0.054163 -4.50827 -0.985774 -0.0490303 -0.160771 -37.9604
-0.160843 0.0460291 0.985906 138.823 -0.0330249 0.998102 -0.0519862 -4.56595 -0.986428 -0.0409211 -0.159017 -38.1005
-0.157193 0.0427884 0.986641 139.656 -0.0292343 0.998422 -0.0479569 -4.6219 -0.987135 -0.0363822 -0.155693 -38.2449
-0.155325 0.0378725 0.987137 140.491 -0.0272217 0.998721 -0.0426002 -4.6736 -0.987489 -0.0334884 -0.154095 -38.3792
-0.151162 0.0374395 0.9878 141.301 -0.0265904 0.998767 -0.0419242 -4.72537 -0.988152 -0.0326033 -0.149979 -38.5018
-0.146161 0.0426393 0.988342 142.136 -0.0253639 0.998581 -0.046832 -4.78156 -0.988936 -0.0319131 -0.144871 -38.6278
-0.139006 0.0458616 0.989229 142.955 -0.0226727 0.998518 -0.0494781 -4.83653 -0.990032 -0.0293062 -0.137759 -38.7449
-0.130495 0.0464649 0.99036 143.777 -0.0224751 0.998506 -0.0498085 -4.88671 -0.991195 -0.0287582 -0.129255 -38.8526
-0.120471 0.0423607 0.991813 144.59 -0.0219935 0.99873 -0.0453275 -4.93589 -0.992474 -0.027274 -0.119386 -38.9495
-0.10778 0.0411643 0.993322 145.391 -0.0184939 0.998886 -0.0434016 -4.98648 -0.994003 -0.0230482 -0.106898 -39.04
-0.0937575 0.0436293 0.994639 146.196 -0.014108 0.998881 -0.0451452 -5.03718 -0.995496 -0.018265 -0.0930363 -39.1181
-0.0796717 0.044475 0.995829 147.01 -0.0152026 0.998834 -0.0458255 -5.08918 -0.996706 -0.0187902 -0.0789019 -39.1805
-0.0652737 0.0443644 0.996881 147.807 -0.0135544 0.99888 -0.0453408 -5.14013 -0.997776 -0.0164716 -0.0645985 -39.232
-0.051478 0.0460519 0.997612 148.606 -0.0129632 0.998821 -0.0467767 -5.19267 -0.99859 -0.0153402 -0.0508196 -39.2724
-0.0371995 0.0525464 0.997926 149.387 -0.0154484 0.998467 -0.0531508 -5.25045 -0.999189 -0.0173935 -0.03633 -39.2944
-0.0245048 0.0618213 0.997787 150.175 -0.0224315 0.997801 -0.062373 -5.30642 -0.999448 -0.0239102 -0.0230635 -39.3013
-0.0107382 0.0697423 0.997507 150.951 -0.0262285 0.997202 -0.0700033 -5.3659 -0.999599 -0.0269148 -0.00887828 -39.2965
0.00226917 0.0706102 0.997502 151.735 -0.0274797 0.997132 -0.0705214 -5.42426 -0.99962 -0.027251 0.0042037 -39.288
0.0139025 0.0669197 0.997662 152.511 -0.0326314 0.997257 -0.0664379 -5.48577 -0.999371 -0.0316314 0.0160488 -39.2621
0.0244995 0.0648133 0.997597 153.289 -0.0374353 0.997256 -0.0638717 -5.5516 -0.998999 -0.0357804 0.0268593 -39.2292
0.0335401 0.0715277 0.996875 154.056 -0.0409095 0.996698 -0.0701386 -5.61858 -0.9986 -0.0384292 0.0363563 -39.1918
0.040168 0.0794599 0.996029 154.819 -0.0441519 0.996 -0.0776771 -5.68251 -0.998218 -0.0408564 0.0435163 -39.1521
0.0431588 0.0824731 0.995659 155.584 -0.0467428 0.995662 -0.0804472 -5.74602 -0.997975 -0.0430678 0.0468274 -39.1091
0.0427489 0.0783386 0.99601 156.347 -0.0506566 0.995809 -0.0761486 -5.80824 -0.997801 -0.0471992 0.0465388 -39.064
0.0405906 0.0741874 0.996418 157.102 -0.0532401 0.995984 -0.0719862 -5.87889 -0.997757 -0.0501274 0.044378 -39.019
0.0373923 0.0711594 0.996764 157.873 -0.0518438 0.996256 -0.0691783 -5.94639 -0.997955 -0.0490892 0.0409422 -38.9837
0.0347379 0.0714563 0.996839 158.628 -0.0500865 0.996312 -0.0696731 -6.00893 -0.998141 -0.0475078 0.0381894 -38.9565
0.0315279 0.0716216 0.996934 159.391 -0.0485208 0.996363 -0.0700461 -6.07455 -0.998325 -0.0461636 0.0348891 -38.9372
0.0273112 0.0702318 0.997157 160.145 -0.0495797 0.996396 -0.0688203 -6.14131 -0.998397 -0.0475592 0.0306955 -38.9158
0.0223938 0.0704148 0.997266 160.901 -0.0497019 0.996361 -0.0692348 -6.20441 -0.998514 -0.0480155 0.0258128 -38.8995
0.0160912 0.0686969 0.997508 161.652 -0.0511726 0.996386 -0.0677941 -6.26528 -0.998561 -0.0499541 0.0195492 -38.8791
0.010528 0.0659785 0.997766 162.392 -0.0484894 0.99668 -0.0653951 -6.33166 -0.998769 -0.0476925 0.0136929 -38.8689
0.00531661 0.0657859 0.99782 163.137 -0.0488763 0.996658 -0.0654489 -6.39373 -0.998791 -0.0484217 0.00851489 -38.8631
-0.000186549 0.0668594 0.997762 163.876 -0.0501543 0.996506 -0.0667846 -6.45642 -0.998742 -0.0500545 0.00316806 -38.8561
-0.00443787 0.0692698 0.997588 164.616 -0.0509299 0.996287 -0.069406 -6.51994 -0.998693 -0.051115 -0.000892823 -38.8545
-0.00725106 0.0714927 0.997415 165.349 -0.0509782 0.996117 -0.0717703 -6.58292 -0.998674 -0.0513668 -0.00357766 -38.8554
-0.00902248 0.0729217 0.997297 166.068 -0.0478817 0.996162 -0.0732718 -6.64436 -0.998813 -0.0484133 -0.00549556 -38.8566
-0.00806454 0.071359 0.997418 166.789 -0.0449277 0.996417 -0.0716506 -6.70633 -0.998958 -0.0453895 -0.00482897 -38.8627
-0.00413536 0.067809 0.99769 167.508 -0.0429201 0.996767 -0.0679241 -6.76955 -0.99907 -0.0431018 -0.00121094 -38.8632
0.00338723 0.0677222 0.997699 168.223 -0.0424344 0.996815 -0.0675181 -6.83339 -0.999094 -0.042108 0.00625088 -38.857
0.0150015 0.0683726 0.997547 168.931 -0.0402151 0.996893 -0.0677229 -6.89474 -0.999079 -0.0391005 0.0177052 -38.8444
0.0301825 0.0684414 0.997199 169.633 -0.0375675 0.997025 -0.0672924 -6.95343 -0.998839 -0.0354311 0.0326646 -38.8253
0.0464374 0.06593 0.996743 170.326 -0.038468 0.997197 -0.0641678 -7.0095 -0.998181 -0.0353629 0.0488441 -38.791
0.0626334 0.0612339 0.996156 171.024 -0.0437622 0.997324 -0.0585541 -7.06462 -0.997077 -0.0399265 0.0651462 -38.7322
0.0788097 0.0546549 0.99539 171.712 -0.0455759 0.997649 -0.0511704 -7.11504 -0.995848 -0.0413331 0.0811161 -38.6625
0.0964826 0.0471805 0.994216 172.404 -0.045939 0.998022 -0.042903 -7.16115 -0.994274 -0.0415339 0.0984599 -38.5907
0.115118 0.0396371 0.992561 173.078 -0.0462536 0.998333 -0.034503 -7.20287 -0.992275 -0.0419375 0.11676 -38.5102
0.132407 0.0339408 0.990614 173.751 -0.048189 0.998452 -0.0277683 -7.2396 -0.990024 -0.04406 0.133838 -38.4074
0.150477 0.0316 0.988108 174.411 -0.0489201 0.998502 -0.0244823 -7.27443 -0.987403 -0.0446543 0.151799 -38.2959
0.168631 0.0301834 0.985217 175.069 -0.0479019 0.998601 -0.0223944 -7.30296 -0.984515 -0.0434174 0.169841 -38.176
0.186779 0.029674 0.981954 175.716 -0.0493212 0.998566 -0.0207945 -7.32716 -0.981164 -0.0445471 0.187975 -38.0481
0.203829 0.0288715 0.978581 176.359 -0.0543978 0.998355 -0.0181243 -7.34972 -0.977494 -0.0495384 0.205065 -37.9066
0.2182 0.0253632 0.975575 176.992 -0.0564496 0.998316 -0.0133287 -7.37213 -0.974271 -0.0521625 0.219265 -37.752
0.230165 0.0216335 0.972911 177.619 -0.0532859 0.998533 -0.0095972 -7.39058 -0.971692 -0.0496335 0.230981 -37.5956
0.240308 0.0202917 0.970485 178.226 -0.0514967 0.99864 -0.00812895 -7.41071 -0.96933 -0.0480233 0.241027 -37.4277
0.2505 0.0240331 0.967818 178.822 -0.0561887 0.998367 -0.0102483 -7.43405 -0.966485 -0.0518132 0.251442 -37.2663
0.259604 0.0312709 0.965209 179.43 -0.0601146 0.99806 -0.0161667 -7.4536 -0.963843 -0.0538262 0.260981 -37.0897
0.268344 0.0408375 0.962457 180.02 -0.0602283 0.997857 -0.0255471 -7.47667 -0.961439 -0.0511117 0.27023 -36.9091
0.27641 0.0461412 0.959932 180.604 -0.0547759 0.997979 -0.0321974 -7.50059 -0.959478 -0.0436814 0.278379 -36.7359
0.283154 0.0442227 0.958055 181.186 -0.0543936 0.998069 -0.0299936 -7.52228 -0.957531 -0.0436192 0.285013 -36.5587
0.289027 0.0370662 0.956603 181.789 -0.0572992 0.998128 -0.0213629 -7.54018 -0.955605 -0.0486381 0.290611 -36.3628
0.292991 0.0276099 0.955717 182.396 -0.0619199 0.998032 -0.00984973 -7.55197 -0.954108 -0.056292 0.294125 -36.1592
0.294485 0.0209317 0.955427 183.003 -0.0636309 0.997971 -0.00225119 -7.55899 -0.953536 -0.0601317 0.29522 -35.9552
0.295522 0.0207145 0.955112 183.647 -0.0608716 0.998141 -0.00281339 -7.56893 -0.953395 -0.0573078 0.296234 -35.768
0.297009 0.0223315 0.954614 184.253 -0.0571572 0.998349 -0.00557131 -7.58397 -0.953163 -0.0529083 0.297796 -35.5827
0.298178 0.0214463 0.95427 184.839 -0.0535925 0.998546 -0.00569538 -7.59824 -0.953005 -0.0494434 0.298895 -35.3837
0.300231 0.0193664 0.95367 185.468 -0.0557911 0.998438 -0.00271152 -7.6073 -0.952234 -0.0523922 0.300843 -35.188
0.303022 0.0162065 0.952846 186.079 -0.0563323 0.998411 0.000933193 -7.6135 -0.951317 -0.0539588 0.303454 -34.9856
0.306192 0.0119736 0.951895 186.703 -0.0565419 0.998384 0.00562922 -7.61568 -0.950289 -0.0555455 0.306375 -34.7813
0.3105 0.00973393 0.950524 187.324 -0.055862 0.998406 0.00802376 -7.61753 -0.948931 -0.0555895 0.31055 -34.5733
0.316177 0.00790072 0.948668 187.936 -0.0543758 0.998472 0.00980717 -7.61674 -0.947141 -0.0546853 0.316124 -34.3553
0.323112 0.00527077 0.946346 188.543 -0.0532313 0.998502 0.0126136 -7.61686 -0.944863 -0.0544508 0.32291 -34.127
0.33217 0.00356198 0.943213 189.161 -0.0507847 0.998609 0.0141137 -7.61902 -0.941851 -0.0525889 0.33189 -33.8965
0.342451 0.00620466 0.939515 189.783 -0.0527982 0.998525 0.0126505 -7.62041 -0.938051 -0.0539368 0.342275 -33.6452
0.353931 0.0098778 0.93522 190.387 -0.053738 0.998507 0.00979079 -7.62464 -0.933726 -0.0537221 0.353934 -33.4046
0.365129 0.0126848 0.930871 191.024 -0.0545843 0.998478 0.00780438 -7.62413 -0.929356 -0.0536605 0.365267 -33.1312
0.376315 0.0128253 0.926403 191.653 -0.0533542 0.998544 0.00784901 -7.62458 -0.924954 -0.0523811 0.376453 -32.8527
0.38776 0.0102009 0.921704 192.246 -0.0528108 0.998542 0.0111662 -7.62469 -0.920246 -0.0530058 0.387734 -32.6106
0.399406 0.00883648 0.916732 192.867 -0.0529358 0.998507 0.0134387 -7.62236 -0.915245 -0.0538954 0.399278 -32.336
0.4104 0.00840062 0.911867 193.505 -0.0541808 0.998415 0.015187 -7.61795 -0.910295 -0.0556384 0.410205 -32.029
0.419915 0.00757127 0.907532 194.137 -0.0575689 0.998173 0.0183097 -7.61032 -0.905736 -0.0599342 0.419585 -31.723
0.427433 0.00869709 0.904005 194.76 -0.0605912 0.99798 0.0190477 -7.60672 -0.902014 -0.0629163 0.427098 -31.4256
0.432572 0.00591965 0.90158 195.399 -0.0605135 0.997914 0.0224818 -7.60375 -0.899567 -0.0642828 0.432029 -31.1254
0.434932 0.00213482 0.900461 196.042 -0.0577433 0.998005 0.0255246 -7.59947 -0.89861 -0.0630971 0.434189 -30.8152
0.435867 0.00225424 0.900008 196.689 -0.0530174 0.998324 0.0231755 -7.59697 -0.898448 -0.0578176 0.435257 -30.5117
0.435304 0.00254074 0.90028 197.35 -0.0517854 0.998411 0.0222217 -7.59453 -0.898793 -0.0562946 0.434745 -30.1968
0.435367 0.00363573 0.900246 198.023 -0.0486507 0.998625 0.0194949 -7.58704 -0.898938 -0.052285 0.434946 -29.8821
0.435205 0.00141952 0.90033 198.711 -0.0451068 0.998777 0.0202292 -7.57571 -0.899201 -0.0494148 0.434738 -29.5546
0.434766 -0.00397423 0.900535 199.378 -0.0422373 0.998799 0.0247995 -7.56992 -0.899553 -0.0488181 0.434077 -29.237
0.433215 -0.00626085 0.901269 200.061 -0.0426813 0.998711 0.0274536 -7.56218 -0.900279 -0.0503607 0.432391 -28.8999
0.431286 -0.00843665 0.902176 200.719 -0.0425783 0.998651 0.0296935 -7.56258 -0.90121 -0.0512195 0.430346 -28.5813
0.430183 -0.00883516 0.902698 201.409 -0.0428228 0.998626 0.0301814 -7.54992 -0.901725 -0.0516397 0.429215 -28.2524
0.428447 -0.00898151 0.903522 202.097 -0.0442103 0.998544 0.0308905 -7.5367 -0.902485 -0.05318 0.427427 -27.9247
0.427546 -0.00758731 0.903962 202.802 -0.0445645 0.998572 0.0294591 -7.52436 -0.902895 -0.0528798 0.426599 -27.6016
0.426352 -0.00414391 0.904548 203.486 -0.0440078 0.99871 0.0253181 -7.52009 -0.903487 -0.0506016 0.42562 -27.2782
0.426179 0.00145136 0.904638 204.168 -0.0439021 0.998853 0.01908 -7.51416 -0.903573 -0.047847 0.425755 -26.9649
0.424552 0.00453003 0.905392 204.867 -0.0472232 0.998737 0.0171466 -7.51336 -0.904171 -0.0500352 0.424231 -26.6175
0.422404 0.00222812 0.906405 205.554 -0.0487219 0.998607 0.0202507 -7.50932 -0.905098 -0.0527158 0.421925 -26.2814
0.420942 -0.000587253 0.907087 206.241 -0.0502137 0.998451 0.0239486 -7.50309 -0.905697 -0.0556293 0.420262 -25.9472
0.41864 -0.000166448 0.908152 206.947 -0.053118 0.998283 0.0246694 -7.50176 -0.906598 -0.0585669 0.417913 -25.6105
0.413983 3.68321e-05 0.910284 207.636 -0.0566713 0.998061 0.0257329 -7.50131 -0.908519 -0.0622401 0.413184 -25.2893
0.407469 -0.00109638 0.913218 208.318 -0.0562872 0.998067 0.0263131 -7.49239 -0.911483 -0.0621243 0.406621 -24.9855
0.398935 -0.00109096 0.916978 209.01 -0.0559906 0.998104 0.0255465 -7.48657 -0.915268 -0.0615336 0.398119 -24.6879
0.389407 -0.000256759 0.921066 209.695 -0.0534436 0.998309 0.0228731 -7.49042 -0.919514 -0.058132 0.388736 -24.4035
0.379133 0.00271242 0.925338 210.392 -0.0546022 0.998318 0.0194455 -7.49167 -0.92373 -0.057898 0.378645 -24.12
0.368459 0.00270074 0.92964 211.092 -0.0578216 0.998126 0.0200177 -7.48522 -0.927844 -0.061129 0.367925 -23.8499
0.35798 -0.00528727 0.933714 211.79 -0.0527663 0.998271 0.0258832 -7.48029 -0.932237 -0.0585343 0.357084 -23.5922
0.348331 -0.0134706 0.937275 212.494 -0.0489621 0.99827 0.0325437 -7.47367 -0.936092 -0.057227 0.34707 -23.3169
0.340985 -0.0187525 0.939881 213.225 -0.0484906 0.998119 0.0375066 -7.45805 -0.938817 -0.0583647 0.339435 -23.044
0.336373 -0.0191719 0.941534 213.94 -0.0542385 0.997738 0.0396937 -7.43636 -0.940166 -0.0644193 0.334573 -22.7713
0.333409 -0.021053 0.942547 214.651 -0.0528285 0.997762 0.0409735 -7.4188 -0.941301 -0.0634544 0.331552 -22.5102
0.332302 -0.0222893 0.942909 215.356 -0.0511782 0.997821 0.0416237 -7.40427 -0.941784 -0.0620882 0.330438 -22.2752
0.331508 -0.0201264 0.943238 216.069 -0.051124 0.99792 0.0392612 -7.38339 -0.942066 -0.0612376 0.32979 -22.0218
0.330572 -0.0181419 0.943606 216.801 -0.0544471 0.997783 0.0382579 -7.36552 -0.942209 -0.0640237 0.328853 -21.7466
0.331444 -0.0187836 0.943288 217.523 -0.0554348 0.997686 0.0393451 -7.35055 -0.941845 -0.0653317 0.329637 -21.4943
0.333291 -0.0200455 0.942611 218.244 -0.0560118 0.997587 0.0410195 -7.33424 -0.941159 -0.0664688 0.331365 -21.2406
0.334369 -0.021952 0.942186 218.99 -0.0546871 0.997592 0.0426506 -7.31556 -0.940854 -0.0657866 0.332365 -20.9644
0.336455 -0.023092 0.941416 219.719 -0.0510043 0.997785 0.0427032 -7.29697 -0.940317 -0.0623841 0.334533 -20.7126
0.340322 -0.0246018 0.939987 220.442 -0.049694 0.99779 0.0441063 -7.2764 -0.938995 -0.0617221 0.338348 -20.4632
0.34427 -0.0255894 0.938522 221.192 -0.0512003 0.997629 0.0459825 -7.24667 -0.937474 -0.0638831 0.342144 -20.1707
0.350024 -0.0295806 0.936274 221.915 -0.0522701 0.997327 0.0510507 -7.22321 -0.935281 -0.0668082 0.347543 -19.9051
0.355473 -0.0331044 0.9341 222.646 -0.052761 0.997068 0.0554143 -7.19644 -0.933196 -0.0689824 0.352685 -19.6301
0.359609 -0.0331009 0.932516 223.386 -0.0535828 0.996988 0.0560529 -7.16723 -0.931563 -0.070124 0.356753 -19.3377
0.364609 -0.02831 0.93073 224.113 -0.0583951 0.996875 0.053198 -7.14271 -0.929328 -0.0737467 0.361817 -19.0516
0.369378 -0.0227173 0.929001 224.846 -0.0630866 0.996781 0.0494586 -7.11652 -0.927135 -0.0768765 0.366757 -18.752
0.373949 -0.0194508 0.927245 225.588 -0.0673489 0.996571 0.0480662 -7.08734 -0.925001 -0.0804234 0.371357 -18.4411
0.377814 -0.0195214 0.925676 226.313 -0.0695103 0.996358 0.0493826 -7.06512 -0.923268 -0.0830015 0.375082 -18.1278
0.381756 -0.0170879 0.924105 227.059 -0.0718587 0.996253 0.0481075 -7.0427 -0.921465 -0.0847705 0.379099 -17.8126
0.385648 -0.014617 0.92253 227.808 -0.0723574 0.996315 0.0460339 -7.01923 -0.919804 -0.0845049 0.383171 -17.4947
0.390234 -0.0142363 0.920606 228.54 -0.0723092 0.996318 0.0460582 -6.9942 -0.917872 -0.0845419 0.387769 -17.1798
0.395215 -0.0155583 0.918457 229.292 -0.0718936 0.996265 0.0478125 -6.96938 -0.915771 -0.0849274 0.392622 -16.8591
0.399501 -0.0164976 0.916584 230.019 -0.0676415 0.996582 0.0474197 -6.95137 -0.914234 -0.0809435 0.397021 -16.5392
0.403766 -0.0167228 0.91471 230.747 -0.0643288 0.996839 0.04662 -6.93161 -0.912598 -0.0776658 0.401415 -16.2155
0.408342 -0.0150013 0.912706 231.487 -0.0645729 0.996885 0.0452746 -6.90878 -0.910542 -0.0774237 0.406102 -15.8878
0.412497 -0.0148505 0.910838 232.212 -0.069737 0.996418 0.0478281 -6.8838 -0.908285 -0.0832482 0.409985 -15.5441
0.417105 -0.0153342 0.908729 232.925 -0.0732193 0.99604 0.0504151 -6.87078 -0.905904 -0.087565 0.414331 -15.2015
0.421562 -0.0133891 0.906701 233.674 -0.0698073 0.996444 0.0471706 -6.85341 -0.904108 -0.0831797 0.41913 -14.864
0.425804 -0.0074065 0.904785 234.404 -0.0687589 0.99681 0.0405187 -6.83962 -0.902199 -0.0794652 0.423937 -14.5261
0.42874 -0.000614784 0.903428 235.124 -0.0749152 0.996531 0.0362307 -6.81265 -0.900316 -0.0832141 0.427208 -14.1655
0.431075 -0.000572965 0.902316 235.839 -0.0815806 0.995879 0.039607 -6.78096 -0.89862 -0.0906851 0.429253 -13.796
0.43351 -0.00956592 0.901098 236.576 -0.0819651 0.99538 0.0499995 -6.74934 -0.897413 -0.0955339 0.430724 -13.4358
0.434992 -0.0209518 0.900191 237.302 -0.0791136 0.994973 0.0613873 -6.7124 -0.896952 -0.0979204 0.431149 -13.0768
0.436318 -0.0277602 0.899364 238.017 -0.0811144 0.994241 0.0700406 -6.67374 -0.896129 -0.103511 0.431554 -12.717
0.438367 -0.0292846 0.898319 238.757 -0.0825301 0.993935 0.0726752 -6.63483 -0.894999 -0.105997 0.433293 -12.3497
0.440977 -0.0248449 0.897174 239.476 -0.0823812 0.994276 0.0680257 -6.59828 -0.893729 -0.103908 0.436408 -11.9886
0.445159 -0.0196551 0.895236 240.189 -0.0807548 0.994804 0.0619969 -6.56125 -0.891802 -0.0998932 0.44126 -11.6346
0.449805 -0.01513 0.892999 240.924 -0.080919 0.995054 0.0576182 -6.52219 -0.889453 -0.0981776 0.446357 -11.2676
0.454313 -0.0133229 0.890743 241.641 -0.0791991 0.995325 0.0552818 -6.49137 -0.887314 -0.0956613 0.451135 -10.9078
0.458587 -0.0110519 0.888581 242.359 -0.078724 0.995486 0.0530102 -6.45885 -0.885155 -0.0942625 0.455648 -10.5385
0.462484 -0.0123037 0.886542 243.076 -0.0777209 0.995492 0.0543606 -6.42508 -0.883214 -0.0940439 0.459444 -10.1626
0.466524 -0.0172844 0.88434 243.815 -0.0762074 0.995306 0.0596557 -6.39194 -0.881219 -0.0952241 0.463018 -9.77776
0.469803 -0.0228927 0.882475 244.54 -0.0745358 0.995065 0.0654942 -6.35853 -0.879619 -0.0965454 0.465779 -9.39827
0.472737 -0.0285632 0.880741 245.275 -0.0728935 0.994781 0.0713872 -6.32014 -0.878183 -0.0979477 0.468188 -9.01214
0.475025 -0.0338001 0.879323 245.998 -0.0706855 0.994567 0.0764154 -6.27371 -0.877128 -0.0984546 0.470056 -8.62598
0.477014 -0.0404452 0.877965 246.725 -0.0688892 0.994146 0.0832262 -6.22428 -0.876191 -0.100182 0.471437 -8.24025
0.478706 -0.0409234 0.877021 247.439 -0.068966 0.994073 0.0840291 -6.17599 -0.875262 -0.10071 0.473048 -7.8519
0.480736 -0.0293944 0.876373 248.15 -0.0775013 0.994102 0.0758566 -6.12963 -0.873433 -0.104387 0.475623 -7.45148
0.481842 -0.0163804 0.876105 248.85 -0.0791678 0.994922 0.0621428 -6.0899 -0.872674 -0.0993024 0.4781 -7.06735
0.483362 -0.00907148 0.875374 249.561 -0.0794243 0.995368 0.0541713 -6.05035 -0.87181 -0.0957103 0.480403 -6.6858
0.48345 -0.0110524 0.875302 250.272 -0.0793034 0.995255 0.0563682 -6.0104 -0.871772 -0.0966656 0.480281 -6.29642
0.483424 -0.0155278 0.875249 251.004 -0.0800968 0.994863 0.0618896 -5.96378 -0.871714 -0.100024 0.479698 -5.87834
0.484972 -0.0169025 0.874366 251.707 -0.0784912 0.994936 0.0627688 -5.92965 -0.871 -0.0990712 0.481191 -5.49231
0.486001 -0.0172104 0.873789 252.457 -0.0752592 0.995268 0.0614623 -5.88751 -0.870711 -0.0956314 0.482407 -5.07143
0.487138 -0.0195818 0.873105 253.177 -0.0709179 0.995559 0.0618959 -5.84714 -0.87044 -0.0920707 0.483588 -4.66909
