1.000000e+00 0.000000e+00 0.000000e+00 0.000000e+00 0.000000e+00 1.000000e+00 0.000000e+00 0.000000e+00 0.000000e+00 0.000000e+00 1.000000e+00 0.000000e+00
9.999903e-01 -2.972960e-03 -3.263633e-03 2.416050e-03 2.967686e-03 9.999943e-01 -1.619641e-03 -1.184097e-02 3.268429e-03 1.609939e-03 9.999934e-01 6.800926e-01
9.999673e-01 -2.278669e-03 -7.756422e-03 -1.052709e-03 2.253438e-03 9.999921e-01 -3.260100e-03 -2.025378e-02 7.763790e-03 3.242515e-03 9.999646e-01 1.376963e+00
9.999267e-01 -1.998573e-03 -1.194379e-02 -9.852566e-03 1.942354e-03 9.999870e-01 -4.716665e-03 -2.703500e-02 1.195307e-02 4.693120e-03 9.999175e-01 2.098648e+00
9.998559e-01 -7.263417e-04 -1.696034e-02 -2.083097e-02 6.319513e-04 9.999843e-01 -5.570053e-03 -3.608512e-02 1.696411e-02 5.558532e-03 9.998406e-01 2.822957e+00
9.997511e-01 -1.756302e-03 -2.224127e-02 -3.153663e-02 1.626914e-03 9.999817e-01 -5.834229e-03 -5.078720e-02 2.225110e-02 5.796592e-03 9.997356e-01 3.556451e+00
9.996273e-01 -3.144301e-04 -2.729809e-02 -5.495403e-02 1.292131e-04 9.999770e-01 -6.786478e-03 -6.587510e-02 2.729959e-02 6.780421e-03 9.996043e-01 4.318884e+00
9.994708e-01 2.294986e-03 -3.244623e-02 -8.483676e-02 -2.535877e-03 9.999695e-01 -7.385126e-03 -8.028516e-02 3.242829e-02 7.463498e-03 9.994462e-01 5.094875e+00
9.993059e-01 3.125415e-03 -3.712208e-02 -1.194843e-01 -3.368726e-03 9.999732e-01 -6.493611e-03 -8.983054e-02 3.710079e-02 6.614158e-03 9.992896e-01 5.871828e+00
9.991359e-01 2.658530e-03 -4.147810e-02 -1.576503e-01 -2.820953e-03 9.999886e-01 -3.857825e-03 -1.018395e-01 4.146737e-02 3.971499e-03 9.991320e-01 6.664090e+00
9.989754e-01 1.632769e-03 -4.522771e-02 -1.899267e-01 -1.694259e-03 9.999977e-01 -1.321270e-03 -1.187526e-01 4.522545e-02 1.396544e-03 9.989758e-01 7.471785e+00
9.988558e-01 3.063586e-03 -4.772598e-02 -2.376443e-01 -3.131320e-03 9.999942e-01 -1.344534e-03 -1.325991e-01 4.772158e-02 1.492441e-03 9.988596e-01 8.291559e+00
9.987690e-01 2.388641e-03 -4.954503e-02 -2.848070e-01 -2.494176e-03 9.999948e-01 -2.068362e-03 -1.429941e-01 4.953982e-02 2.189390e-03 9.987697e-01 9.118450e+00
9.986736e-01 -1.352718e-04 -5.148797e-02 -3.218313e-01 7.109142e-06 9.999969e-01 -2.489352e-03 -1.589724e-01 5.148814e-02 2.485685e-03 9.986705e-01 9.959207e+00
9.985637e-01 -5.505206e-04 -5.357526e-02 -3.683216e-01 4.491341e-04 9.999981e-01 -1.904433e-03 -1.699990e-01 5.357621e-02 1.877635e-03 9.985620e-01 1.079227e+01
9.984801e-01 -2.641183e-03 -5.504998e-02 -4.188162e-01 2.537810e-03 9.999949e-01 -1.947620e-03 -1.877610e-01 5.505484e-02 1.804954e-03 9.984817e-01 1.164763e+01
9.983843e-01 -1.085762e-03 -5.681196e-02 -4.718039e-01 8.538349e-04 9.999912e-01 -4.106483e-03 -2.017586e-01 5.681591e-02 4.051340e-03 9.983765e-01 1.250878e+01
9.983193e-01 -5.746381e-04 -5.795063e-02 -5.265540e-01 1.890836e-04 9.999778e-01 -6.658419e-03 -2.191947e-01 5.795317e-02 6.636270e-03 9.982972e-01 1.337706e+01
9.982695e-01 2.889180e-03 -5.873353e-02 -5.848850e-01 -3.375573e-03 9.999608e-01 -8.183823e-03 -2.353782e-01 5.870758e-02 8.367920e-03 9.982402e-01 1.425925e+01
9.981918e-01 4.030135e-03 -5.997463e-02 -6.469534e-01 -4.515385e-03 9.999581e-01 -7.957597e-03 -2.549559e-01 5.994005e-02 8.214016e-03 9.981682e-01 1.515581e+01
9.981234e-01 3.032235e-03 -6.115919e-02 -7.009482e-01 -3.421307e-03 9.999746e-01 -6.257909e-03 -2.762522e-01 6.113866e-02 6.455410e-03 9.981084e-01 1.604438e+01
9.980707e-01 3.128608e-03 -6.200930e-02 -7.597477e-01 -3.421538e-03 9.999835e-01 -4.618354e-03 -2.953938e-01 6.199383e-02 4.821611e-03 9.980649e-01 1.692469e+01
9.979858e-01 3.147397e-03 -6.335951e-02 -8.213277e-01 -3.397508e-03 9.999869e-01 -3.840144e-03 -3.186337e-01 6.334659e-02 4.047674e-03 9.979834e-01 1.782933e+01
9.979334e-01 2.712957e-03 -6.419874e-02 -8.833088e-01 -3.051942e-03 9.999819e-01 -5.182761e-03 -3.337025e-01 6.418352e-02 5.367981e-03 9.979237e-01 1.872554e+01
9.978442e-01 1.322228e-03 -6.561367e-02 -9.449096e-01 -1.692073e-03 9.999830e-01 -5.581468e-03 -3.557676e-01 6.560517e-02 5.680459e-03 9.978295e-01 1.964466e+01
9.978159e-01 1.153125e-03 -6.604681e-02 -1.009383e+00 -1.409851e-03 9.999916e-01 -3.840559e-03 -3.743415e-01 6.604183e-02 3.925287e-03 9.978091e-01 2.056464e+01
9.978701e-01 1.952022e-03 -6.520364e-02 -1.077501e+00 -2.011472e-03 9.999976e-01 -8.461155e-04 -3.863951e-01 6.520184e-02 9.754686e-04 9.978716e-01 2.148028e+01
9.979006e-01 2.271584e-03 -6.472448e-02 -1.143862e+00 -2.097327e-03 9.999940e-01 2.760108e-03 -4.027002e-01 6.473036e-02 -2.618565e-03 9.978994e-01 2.241615e+01
9.980134e-01 1.165928e-03 -6.299130e-02 -1.203228e+00 -8.117084e-04 9.999837e-01 5.648607e-03 -4.138453e-01 6.299686e-02 -5.586255e-03 9.979981e-01 2.335325e+01
9.981803e-01 5.241294e-04 -6.029777e-02 -1.267452e+00 -1.310803e-04 9.999787e-01 6.522239e-03 -4.246395e-01 6.029990e-02 -6.502467e-03 9.981591e-01 2.430021e+01
9.982449e-01 7.787996e-04 -5.921527e-02 -1.331481e+00 -5.591186e-04 9.999929e-01 3.726349e-03 -4.380862e-01 5.921775e-02 -3.686700e-03 9.982383e-01 2.525344e+01
9.983762e-01 1.560303e-03 -5.694352e-02 -1.392232e+00 -1.613261e-03 9.999983e-01 -8.840603e-04 -4.484539e-01 5.694204e-02 9.744895e-04 9.983770e-01 2.618591e+01
9.984635e-01 6.394331e-04 -5.540997e-02 -1.450675e+00 -8.546557e-04 9.999922e-01 -3.860577e-03 -4.633465e-01 5.540706e-02 3.902001e-03 9.984562e-01 2.713106e+01
9.985355e-01 -2.081608e-03 -5.406063e-02 -1.505736e+00 1.935814e-03 9.999943e-01 -2.749077e-03 -4.804523e-01 5.406605e-02 2.640399e-03 9.985339e-01 2.809323e+01
9.985764e-01 -5.286230e-03 -5.307788e-02 -1.562189e+00 5.384865e-03 9.999840e-01 1.715463e-03 -4.974095e-01 5.306797e-02 -1.998838e-03 9.985889e-01 2.906216e+01
9.985120e-01 -9.891918e-03 -5.362724e-02 -1.614339e+00 1.017540e-02 9.999356e-01 5.015727e-03 -5.106520e-01 5.357418e-02 -5.553942e-03 9.985484e-01 3.004135e+01
9.983629e-01 -1.828289e-02 -5.419622e-02 -1.660447e+00 1.857157e-02 9.998159e-01 4.827682e-03 -5.290494e-01 5.409798e-02 -5.826287e-03 9.985186e-01 3.102218e+01
9.982946e-01 -2.053475e-02 -5.464694e-02 -1.715214e+00 2.064297e-02 9.997859e-01 1.416601e-03 -5.430104e-01 5.460615e-02 -2.542260e-03 9.985047e-01 3.199964e+01
9.982071e-01 -2.079197e-02 -5.612684e-02 -1.773566e+00 2.068500e-02 9.997830e-01 -2.486256e-03 -5.555247e-01 5.616635e-02 1.320815e-03 9.984206e-01 3.297752e+01
9.981227e-01 -2.106651e-02 -5.750920e-02 -1.839732e+00 2.088346e-02 9.997748e-01 -3.782174e-03 -5.690399e-01 5.757592e-02 2.574082e-03 9.983378e-01 3.397306e+01
9.980834e-01 -2.289846e-02 -5.749148e-02 -1.901608e+00 2.281103e-02 9.997374e-01 -2.176621e-03 -5.911144e-01 5.752622e-02 8.610089e-04 9.983436e-01 3.498397e+01
9.980855e-01 -2.046360e-02 -5.836605e-02 -1.968884e+00 2.047611e-02 9.997903e-01 -3.837658e-04 -6.030848e-01 5.836167e-02 -8.120788e-04 9.982952e-01 3.598673e+01
9.980768e-01 -2.006462e-02 -5.865250e-02 -2.031931e+00 2.016542e-02 9.997960e-01 1.127168e-03 -6.216135e-01 5.861792e-02 -2.307752e-03 9.982778e-01 3.698999e+01
9.980311e-01 -1.988657e-02 -5.948425e-02 -2.097626e+00 2.011178e-02 9.997926e-01 3.189696e-03 -6.333546e-01 5.940848e-02 -4.379750e-03 9.982241e-01 3.798797e+01
9.980604e-01 -1.980460e-02 -5.901927e-02 -2.163930e+00 2.024570e-02 9.997713e-01 6.885127e-03 -6.553808e-01 5.886942e-02 -8.066658e-03 9.982331e-01 3.899082e+01
9.981626e-01 -1.510188e-02 -5.868010e-02 -2.231425e+00 1.562048e-02 9.998428e-01 8.389198e-03 -6.558714e-01 5.854419e-02 -9.290396e-03 9.982416e-01 3.998858e+01
9.981604e-01 -1.508280e-02 -5.872213e-02 -2.298881e+00 1.559638e-02 9.998439e-01 8.297370e-03 -6.684059e-01 5.858782e-02 -9.197959e-03 9.982399e-01 4.098671e+01
9.981722e-01 -1.594601e-02 -5.829168e-02 -2.360176e+00 1.638140e-02 9.998413e-01 6.998982e-03 -6.830940e-01 5.817083e-02 -7.941089e-03 9.982751e-01 4.197344e+01
9.982445e-01 -1.376108e-02 -5.760698e-02 -2.431149e+00 1.405283e-02 9.998904e-01 4.662344e-03 -6.941347e-01 5.753651e-02 -5.463700e-03 9.983285e-01 4.298227e+01
9.981993e-01 -1.426227e-02 -5.826501e-02 -2.488908e+00 1.457715e-02 9.998813e-01 4.982841e-03 -7.083916e-01 5.818703e-02 -5.823207e-03 9.982887e-01 4.396162e+01
9.980944e-01 -1.665591e-02 -5.941468e-02 -2.549730e+00 1.706953e-02 9.998334e-01 6.460733e-03 -7.233639e-01 5.929717e-02 -7.462602e-03 9.982125e-01 4.495645e+01
9.980929e-01 -1.648577e-02 -5.948724e-02 -2.613312e+00 1.696878e-02 9.998270e-01 7.623497e-03 -7.367957e-01 5.935127e-02 -8.618384e-03 9.982000e-01 4.594256e+01
9.981013e-01 -1.447816e-02 -5.986865e-02 -2.684156e+00 1.480671e-02 9.998776e-01 5.047901e-03 -7.583247e-01 5.978824e-02 -5.924774e-03 9.981935e-01 4.693009e+01
9.981142e-01 -1.329547e-02 -5.992763e-02 -2.748825e+00 1.334243e-02 9.999109e-01 3.834897e-04 -7.668959e-01 5.991719e-02 -1.182346e-03 9.982027e-01 4.790314e+01
9.980946e-01 -1.278329e-02 -6.036401e-02 -2.818041e+00 1.275885e-02 9.999183e-01 -7.903328e-04 -7.849422e-01 6.036918e-02 1.865179e-05 9.981761e-01 4.887580e+01
9.980703e-01 -1.452625e-02 -6.037032e-02 -2.878421e+00 1.468866e-02 9.998896e-01 2.247333e-03 -7.967679e-01 6.033101e-02 -3.129756e-03 9.981735e-01 4.985199e+01
9.980621e-01 -1.745011e-02 -5.972826e-02 -2.938476e+00 1.782387e-02 9.998247e-01 5.730547e-03 -8.201391e-01 5.961779e-02 -6.784031e-03 9.981982e-01 5.083013e+01
9.980130e-01 -1.898281e-02 -6.008103e-02 -2.998050e+00 1.936309e-02 9.997960e-01 5.753488e-03 -8.290113e-01 5.995955e-02 -6.905410e-03 9.981769e-01 5.178949e+01
9.979676e-01 -2.223334e-02 -5.971925e-02 -3.051781e+00 2.255521e-02 9.997345e-01 4.720979e-03 -8.458717e-01 5.959843e-02 -6.058364e-03 9.982040e-01 5.274802e+01
9.979299e-01 -2.479813e-02 -5.933759e-02 -3.105844e+00 2.504882e-02 9.996802e-01 3.484515e-03 -8.675461e-01 5.923220e-02 -4.963638e-03 9.982319e-01 5.370832e+01
9.978407e-01 -2.549231e-02 -6.053160e-02 -3.163013e+00 2.579765e-02 9.996581e-01 4.267926e-03 -8.798494e-01 6.040210e-02 -5.820283e-03 9.981572e-01 5.465410e+01
9.977428e-01 -2.842366e-02 -6.083937e-02 -3.213435e+00 2.896703e-02 9.995478e-01 8.067867e-03 -8.931721e-01 6.058255e-02 -9.811992e-03 9.981150e-01 5.560690e+01
9.976206e-01 -3.020604e-02 -6.197402e-02 -3.268978e+00 3.109428e-02 9.994264e-01 1.341825e-02 -9.105927e-01 6.153316e-02 -1.531336e-02 9.979876e-01 5.656568e+01
9.976462e-01 -2.861581e-02 -6.231591e-02 -3.331121e+00 2.962503e-02 9.994435e-01 1.533175e-02 -9.123717e-01 6.184250e-02 -1.714177e-02 9.979387e-01 5.750921e+01
9.976601e-01 -2.782855e-02 -6.244847e-02 -3.395820e+00 2.862963e-02 9.995184e-01 1.196972e-02 -9.234555e-01 6.208529e-02 -1.372958e-02 9.979764e-01 5.844474e+01
9.976086e-01 -2.623607e-02 -6.394272e-02 -3.456850e+00 2.659680e-02 9.996347e-01 4.796656e-03 -9.323416e-01 6.379352e-02 -6.485857e-03 9.979420e-01 5.935739e+01
9.975912e-01 -2.561512e-02 -6.446496e-02 -3.522735e+00 2.568508e-02 9.996701e-01 2.566575e-04 -9.488547e-01 6.443712e-02 -1.911827e-03 9.979199e-01 6.027011e+01
9.976780e-01 -2.125720e-02 -6.470455e-02 -3.591373e+00 2.132661e-02 9.997725e-01 3.821952e-04 -9.575795e-01 6.468170e-02 -1.761237e-03 9.979044e-01 6.117625e+01
9.976601e-01 -1.901753e-02 -6.567128e-02 -3.656465e+00 1.923293e-02 9.998115e-01 2.649341e-03 -9.790848e-01 6.560852e-02 -3.906193e-03 9.978378e-01 6.207900e+01
9.976349e-01 -1.704710e-02 -6.658796e-02 -3.722889e+00 1.737710e-02 9.998394e-01 4.379731e-03 -9.991002e-01 6.650261e-02 -5.526478e-03 9.977709e-01 6.295899e+01
9.976121e-01 -1.594802e-02 -6.719943e-02 -3.787004e+00 1.626244e-02 9.998592e-01 4.134356e-03 -1.015972e+00 6.712403e-02 -5.217310e-03 9.977310e-01 6.383026e+01
9.974976e-01 -1.397691e-02 -6.930563e-02 -3.850222e+00 1.434182e-02 9.998858e-01 4.770391e-03 -1.032876e+00 6.923103e-02 -5.752423e-03 9.975841e-01 6.468025e+01
9.974170e-01 -1.289748e-02 -7.066103e-02 -3.919291e+00 1.329618e-02 9.998982e-01 5.174993e-03 -1.049798e+00 7.058710e-02 -6.101148e-03 9.974870e-01 6.552416e+01
9.972510e-01 -1.297859e-02 -7.295240e-02 -3.985767e+00 1.342679e-02 9.998939e-01 5.656740e-03 -1.067949e+00 7.287124e-02 -6.620706e-03 9.973194e-01 6.635640e+01
9.971492e-01 -1.275244e-02 -7.437010e-02 -4.049880e+00 1.329613e-02 9.998883e-01 6.820189e-03 -1.082016e+00 7.427483e-02 -7.789581e-03 9.972074e-01 6.716764e+01
9.971208e-01 -1.045293e-02 -7.510504e-02 -4.119371e+00 1.118711e-02 9.998936e-01 9.361261e-03 -1.093668e+00 7.499920e-02 -1.017452e-02 9.971317e-01 6.796281e+01
9.970328e-01 -9.123896e-03 -7.643549e-02 -4.188278e+00 1.014731e-02 9.998639e-01 1.301165e-02 -1.100964e+00 7.630636e-02 -1.374865e-02 9.969896e-01 6.875107e+01
9.969428e-01 -7.182202e-03 -7.780445e-02 -4.257811e+00 8.386998e-03 9.998498e-01 1.516924e-02 -1.111928e+00 7.768381e-02 -1.577541e-02 9.968532e-01 6.951724e+01
9.968983e-01 -4.057153e-03 -7.859565e-02 -4.329198e+00 4.981295e-03 9.999207e-01 1.156570e-02 -1.125687e+00 7.854249e-02 -1.192133e-02 9.968395e-01 7.027164e+01
9.968275e-01 -3.261021e-03 -7.952575e-02 -4.392094e+00 3.589852e-03 9.999856e-01 3.992283e-03 -1.136772e+00 7.951158e-02 -4.265103e-03 9.968248e-01 7.099412e+01
9.967630e-01 -3.931119e-03 -8.029970e-02 -4.453787e+00 3.825981e-03 9.999916e-01 -1.463142e-03 -1.154683e+00 8.030477e-02 1.151181e-03 9.967697e-01 7.170939e+01
9.966975e-01 -2.827813e-03 -8.115458e-02 -4.516453e+00 2.596236e-03 9.999923e-01 -2.958917e-03 -1.163778e+00 8.116232e-02 2.738449e-03 9.966971e-01 7.240932e+01
9.966490e-01 -4.072970e-04 -8.179598e-02 -4.581370e+00 4.417429e-04 9.999998e-01 4.030231e-04 -1.182489e+00 8.179580e-02 -4.378053e-04 9.966490e-01 7.309806e+01
9.965732e-01 -5.216023e-04 -8.271332e-02 -4.640427e+00 7.487875e-04 9.999960e-01 2.715662e-03 -1.205531e+00 8.271157e-02 -2.768291e-03 9.965697e-01 7.376248e+01
9.964661e-01 -2.711438e-03 -8.395256e-02 -4.687061e+00 2.708310e-03 9.999963e-01 -1.511455e-04 -1.224536e+00 8.395266e-02 -7.675819e-05 9.964697e-01 7.440129e+01
9.964792e-01 -8.963896e-03 -8.335940e-02 -4.734007e+00 8.616926e-03 9.999527e-01 -4.521191e-03 -1.249688e+00 8.339598e-02 3.786971e-03 9.965093e-01 7.501114e+01
9.965543e-01 -1.288169e-02 -8.193698e-02 -4.777255e+00 1.217907e-02 9.998847e-01 -9.069165e-03 -1.268779e+00 8.204436e-02 8.039999e-03 9.965962e-01 7.560807e+01
9.968050e-01 -1.096880e-02 -7.911661e-02 -4.828667e+00 1.027429e-02 9.999051e-01 -9.180066e-03 -1.287697e+00 7.920979e-02 8.337868e-03 9.968231e-01 7.619500e+01
9.971739e-01 -7.129497e-03 -7.478941e-02 -4.882032e+00 6.639278e-03 9.999548e-01 -6.801229e-03 -1.296531e+00 7.483452e-02 6.285460e-03 9.971762e-01 7.675850e+01
9.975152e-01 -8.356550e-03 -6.995416e-02 -4.922265e+00 8.141133e-03 9.999612e-01 -3.363957e-03 -1.313477e+00 6.997956e-02 2.786092e-03 9.975445e-01 7.730965e+01
9.978272e-01 -1.202150e-02 -6.477880e-02 -4.953452e+00 1.211623e-02 9.999260e-01 1.069746e-03 -1.329639e+00 6.476115e-02 -1.852297e-03 9.978991e-01 7.784943e+01
9.982636e-01 -1.629320e-02 -5.660637e-02 -4.977717e+00 1.658499e-02 9.998515e-01 4.688719e-03 -1.349309e+00 5.652157e-02 -5.619394e-03 9.983856e-01 7.838392e+01
9.988414e-01 -1.323368e-02 -4.626775e-02 -5.001367e+00 1.347813e-02 9.998968e-01 4.975258e-03 -1.361180e+00 4.619714e-02 -5.593097e-03 9.989167e-01 7.888134e+01
9.994632e-01 -8.066494e-03 -3.175319e-02 -5.025316e+00 8.213522e-03 9.999561e-01 4.502645e-03 -1.367742e+00 3.171547e-02 -4.761034e-03 9.994856e-01 7.937072e+01
9.999064e-01 -3.305963e-03 -1.327486e-02 -5.030624e+00 3.374579e-03 9.999810e-01 5.149768e-03 -1.372230e+00 1.325759e-02 -5.194083e-03 9.998986e-01 7.984710e+01
9.999551e-01 -4.690310e-03 8.233008e-03 -5.018540e+00 4.636926e-03 9.999682e-01 6.491289e-03 -1.381951e+00 -8.263192e-03 -6.452822e-03 9.999450e-01 8.030612e+01
9.993730e-01 -8.291689e-03 3.442106e-02 -4.980435e+00 8.009907e-03 9.999333e-01 8.316173e-03 -1.393446e+00 -3.448772e-02 -8.035249e-03 9.993728e-01 8.075910e+01
9.979531e-01 -9.290815e-03 6.327195e-02 -4.934991e+00 8.650944e-03 9.999087e-01 1.037948e-02 -1.402378e+00 -6.336261e-02 -9.810875e-03 9.979423e-01 8.120171e+01
9.952914e-01 -9.793067e-03 9.643200e-02 -4.869229e+00 8.622977e-03 9.998842e-01 1.254311e-02 -1.408657e+00 -9.654366e-02 -1.165252e-02 9.952605e-01 8.164261e+01
9.909495e-01 -1.000578e-02 1.338617e-01 -4.788423e+00 8.233887e-03 9.998711e-01 1.378384e-02 -1.414096e+00 -1.339823e-01 -1.255689e-02 9.909042e-01 8.206867e+01
9.845705e-01 -9.907533e-03 1.747076e-01 -4.687674e+00 7.448801e-03 9.998639e-01 1.472354e-02 -1.416727e+00 -1.748297e-01 -1.319500e-02 9.845103e-01 8.247466e+01
9.756005e-01 -1.016381e-02 2.193180e-01 -4.567223e+00 6.917418e-03 9.998549e-01 1.556507e-02 -1.421292e+00 -2.194444e-01 -1.366817e-02 9.755293e-01 8.286861e+01
9.632750e-01 -8.418963e-03 2.683848e-01 -4.423187e+00 4.693748e-03 9.998836e-01 1.451875e-02 -1.426985e+00 -2.684758e-01 -1.272582e-02 9.632024e-01 8.325908e+01
9.472084e-01 -7.678946e-03 3.205265e-01 -4.265179e+00 3.701048e-03 9.999084e-01 1.301789e-02 -1.434384e+00 -3.205971e-01 -1.114437e-02 9.471501e-01 8.361163e+01
9.265901e-01 -7.609784e-03 3.759957e-01 -4.072316e+00 3.412592e-03 9.999242e-01 1.182761e-02 -1.438109e+00 -3.760573e-01 -9.676231e-03 9.265459e-01 8.397291e+01
9.019171e-01 -7.326040e-03 4.318471e-01 -3.871139e+00 2.729235e-03 9.999328e-01 1.126326e-02 -1.440362e+00 -4.319006e-01 -8.979910e-03 9.018765e-01 8.428843e+01
8.724065e-01 -7.074809e-03 4.887298e-01 -3.644934e+00 2.538015e-03 9.999473e-01 9.944667e-03 -1.436884e+00 -4.887744e-01 -7.435389e-03 8.723785e-01 8.459945e+01
8.381411e-01 -8.967674e-03 5.453798e-01 -3.381654e+00 4.609367e-03 9.999456e-01 9.358407e-03 -1.444994e+00 -5.454341e-01 -5.329809e-03 8.381368e-01 8.489834e+01
8.011308e-01 -9.756002e-03 5.984097e-01 -3.122464e+00 5.201306e-03 9.999429e-01 9.338950e-03 -1.449066e+00 -5.984666e-01 -4.369209e-03 8.011358e-01 8.514655e+01
7.604391e-01 -1.168712e-02 6.493041e-01 -2.831611e+00 5.661497e-03 9.999194e-01 1.136749e-02 -1.456171e+00 -6.493846e-01 -4.968250e-03 7.604439e-01 8.540673e+01
7.173525e-01 -1.237287e-02 6.966005e-01 -2.546757e+00 3.777546e-03 9.998967e-01 1.386987e-02 -1.455707e+00 -6.967001e-01 -7.318148e-03 7.173252e-01 8.564490e+01
6.718322e-01 -1.354580e-02 7.405795e-01 -2.241030e+00 3.487625e-03 9.998795e-01 1.512474e-02 -1.454595e+00 -7.406951e-01 -7.578422e-03 6.717985e-01 8.586100e+01
6.245450e-01 -1.497375e-02 7.808453e-01 -1.912151e+00 5.890047e-03 9.998781e-01 1.446295e-02 -1.457662e+00 -7.809666e-01 -4.433546e-03 6.245570e-01 8.606041e+01
5.775980e-01 -1.812210e-02 8.161202e-01 -1.590004e+00 1.030987e-02 9.998358e-01 1.490488e-02 -1.464917e+00 -8.162563e-01 -1.949371e-04 5.776899e-01 8.622280e+01
5.298713e-01 -1.638848e-02 8.479197e-01 -1.252400e+00 8.140157e-03 9.998655e-01 1.423843e-02 -1.467115e+00 -8.480390e-01 -6.423363e-04 5.299335e-01 8.638958e+01
4.828489e-01 -1.350544e-02 8.755995e-01 -9.269702e-01 3.737258e-03 9.999037e-01 1.336183e-02 -1.467524e+00 -8.756957e-01 -3.179402e-03 4.828529e-01 8.653439e+01
4.368410e-01 -1.144781e-02 8.994659e-01 -5.778218e-01 1.964214e-03 9.999288e-01 1.177248e-02 -1.470347e+00 -8.995366e-01 -3.375959e-03 4.368324e-01 8.666173e+01
3.938159e-01 -1.325028e-02 9.190938e-01 -2.191082e-01 8.024636e-03 9.999076e-01 1.097692e-02 -1.468100e+00 -9.191543e-01 3.052506e-03 3.938858e-01 8.676108e+01
3.544146e-01 -2.132984e-02 9.348451e-01 1.369526e-01 2.135789e-02 9.996636e-01 1.471165e-02 -1.476190e+00 -9.348444e-01 1.475230e-02 3.547510e-01 8.682663e+01
3.186612e-01 -2.479667e-02 9.475443e-01 5.007095e-01 2.624037e-02 9.995054e-01 1.733176e-02 -1.473587e+00 -9.475054e-01 1.934095e-02 3.191543e-01 8.689952e+01
2.847862e-01 -2.121856e-02 9.583562e-01 8.612278e-01 2.252552e-02 9.996271e-01 1.543861e-02 -1.476858e+00 -9.583264e-01 1.719076e-02 2.851580e-01 8.699094e+01
2.539493e-01 -1.304024e-02 9.671296e-01 1.220099e+00 1.180938e-02 9.998764e-01 1.038087e-02 -1.478342e+00 -9.671454e-01 8.784991e-03 2.540719e-01 8.708432e+01
2.254100e-01 -8.549880e-03 9.742265e-01 1.597508e+00 6.423068e-03 9.999528e-01 7.289530e-03 -1.484472e+00 -9.742428e-01 4.614390e-03 2.254543e-01 8.716117e+01
1.989957e-01 -7.030397e-03 9.799751e-01 1.995969e+00 7.910352e-03 9.999532e-01 5.567428e-03 -1.493686e+00 -9.799684e-01 6.644054e-03 1.990420e-01 8.722678e+01
1.759488e-01 -5.894887e-03 9.843817e-01 2.390376e+00 1.538898e-02 9.998763e-01 3.237043e-03 -1.496782e+00 -9.842790e-01 1.457907e-02 1.760178e-01 8.727183e+01
1.548219e-01 -9.053967e-04 9.879420e-01 2.794873e+00 2.181230e-02 9.997590e-01 -2.502012e-03 -1.497046e+00 -9.877016e-01 2.193665e-02 1.548043e-01 8.731075e+01
1.347745e-01 5.734758e-03 9.908597e-01 3.208224e+00 2.259961e-02 9.997053e-01 -8.859901e-03 -1.487216e+00 -9.906185e-01 2.358713e-02 1.346051e-01 8.735631e+01
1.172436e-01 6.298633e-03 9.930832e-01 3.640792e+00 2.104822e-02 9.997395e-01 -8.825808e-03 -1.487855e+00 -9.928801e-01 2.193740e-02 1.170805e-01 8.740499e+01
1.015801e-01 2.127887e-03 9.948251e-01 4.094432e+00 2.115243e-02 9.997670e-01 -4.298299e-03 -1.494015e+00 -9.946025e-01 2.147959e-02 1.015114e-01 8.744862e+01
8.640231e-02 -1.455291e-03 9.962593e-01 4.564085e+00 2.203574e-02 9.997571e-01 -4.506878e-04 -1.504440e+00 -9.960166e-01 2.199226e-02 8.641339e-02 8.748230e+01
7.347907e-02 -4.059628e-03 9.972885e-01 5.049854e+00 2.404948e-02 9.997081e-01 2.297540e-03 -1.510951e+00 -9.970067e-01 2.381545e-02 7.355525e-02 8.750458e+01
6.122757e-02 -5.353371e-03 9.981095e-01 5.536882e+00 2.716745e-02 9.996241e-01 3.694947e-03 -1.513839e+00 -9.977540e-01 2.688986e-02 6.134999e-02 8.751942e+01
5.131883e-02 -4.976887e-03 9.986699e-01 6.041361e+00 2.966636e-02 9.995539e-01 3.456822e-03 -1.518301e+00 -9.982416e-01 2.944950e-02 5.144358e-02 8.752969e+01
4.326972e-02 -4.692206e-03 9.990524e-01 6.566732e+00 3.138499e-02 9.995018e-01 3.335009e-03 -1.520039e+00 -9.985703e-01 3.121095e-02 4.339542e-02 8.754045e+01
3.687926e-02 -4.283333e-03 9.993105e-01 7.121491e+00 3.286106e-02 9.994552e-01 3.071225e-03 -1.521596e+00 -9.987793e-01 3.272514e-02 3.699992e-02 8.755027e+01
3.185189e-02 -3.522971e-03 9.994864e-01 7.685332e+00 3.345938e-02 9.994371e-01 2.456505e-03 -1.526354e+00 -9.989324e-01 3.336395e-02 3.195184e-02 8.756137e+01
2.564392e-02 -2.608787e-03 9.996677e-01 8.280270e+00 3.358158e-02 9.994345e-01 1.746729e-03 -1.525291e+00 -9.991069e-01 3.352563e-02 2.571702e-02 8.757238e+01
2.050415e-02 -2.576286e-03 9.997864e-01 8.883079e+00 3.515912e-02 9.993800e-01 1.854177e-03 -1.527936e+00 -9.991714e-01 3.511359e-02 2.058202e-02 8.757559e+01
1.779765e-02 -2.751298e-03 9.998378e-01 9.494107e+00 3.606380e-02 9.993473e-01 2.107993e-03 -1.533403e+00 -9.991910e-01 3.602044e-02 1.788525e-02 8.757521e+01
1.460720e-02 -3.200716e-03 9.998882e-01 1.012466e+01 3.657195e-02 9.993275e-01 2.664648e-03 -1.539675e+00 -9.992243e-01 3.652894e-02 1.471443e-02 8.757915e+01
1.162425e-02 -3.396238e-03 9.999267e-01 1.077611e+01 3.831581e-02 9.992613e-01 2.948553e-03 -1.541731e+00 -9.991981e-01 3.827873e-02 1.174579e-02 8.758280e+01
1.131627e-02 -3.933800e-03 9.999282e-01 1.145118e+01 4.198004e-02 9.991125e-01 3.455499e-03 -1.549620e+00 -9.990544e-01 4.193792e-02 1.147137e-02 8.758249e+01
1.192416e-02 -4.303078e-03 9.999196e-01 1.214818e+01 4.540270e-02 9.989617e-01 3.757523e-03 -1.554609e+00 -9.988976e-01 4.535424e-02 1.210715e-02 8.758380e+01
1.471798e-02 -4.659530e-03 9.998808e-01 1.284939e+01 4.738013e-02 9.988691e-01 3.957392e-03 -1.559947e+00 -9.987685e-01 4.731624e-02 1.492210e-02 8.758884e+01
1.891217e-02 -4.963408e-03 9.998088e-01 1.357536e+01 4.952560e-02 9.987648e-01 4.021409e-03 -1.564744e+00 -9.985938e-01 4.944008e-02 1.913463e-02 8.759718e+01
2.300655e-02 -5.620504e-03 9.997195e-01 1.431776e+01 5.033023e-02 9.987227e-01 4.456650e-03 -1.568830e+00 -9.984676e-01 5.021358e-02 2.326004e-02 8.761323e+01
2.769946e-02 -7.259741e-03 9.995899e-01 1.508053e+01 5.214332e-02 9.986227e-01 5.807782e-03 -1.573999e+00 -9.982554e-01 5.196107e-02 2.803986e-02 8.762832e+01
3.142500e-02 -8.939879e-03 9.994661e-01 1.585709e+01 5.190818e-02 9.986252e-01 7.300271e-03 -1.576390e+00 -9.981573e-01 5.165105e-02 3.184585e-02 8.765411e+01
3.512015e-02 -1.088860e-02 9.993238e-01 1.663555e+01 4.966688e-02 9.987240e-01 9.136577e-03 -1.579564e+00 -9.981482e-01 4.931242e-02 3.561614e-02 8.769048e+01
3.948503e-02 -1.251958e-02 9.991417e-01 1.743324e+01 4.860966e-02 9.987617e-01 1.059381e-02 -1.583603e+00 -9.980371e-01 4.814964e-02 4.004470e-02 8.772862e+01
4.305037e-02 -1.186086e-02 9.990025e-01 1.824668e+01 4.689871e-02 9.988512e-01 9.838037e-03 -1.587911e+00 -9.979715e-01 4.642840e-02 4.355718e-02 8.776922e+01
4.726052e-02 -8.789984e-03 9.988439e-01 1.906087e+01 4.435000e-02 9.989936e-01 6.692871e-03 -1.599005e+00 -9.978976e-01 4.398242e-02 4.760280e-02 8.781244e+01
4.948634e-02 -3.502799e-03 9.987687e-01 1.987274e+01 3.992039e-02 9.992017e-01 1.526368e-03 -1.602293e+00 -9.979767e-01 3.979570e-02 4.958667e-02 8.786433e+01
4.884047e-02 -9.284231e-04 9.988062e-01 2.069206e+01 3.700634e-02 9.993146e-01 -8.806713e-04 -1.617701e+00 -9.981208e-01 3.700517e-02 4.884135e-02 8.791631e+01
4.953121e-02 -9.921687e-04 9.987721e-01 2.151292e+01 3.506000e-02 9.993849e-01 -7.459216e-04 -1.627100e+00 -9.981570e-01 3.505389e-02 4.953553e-02 8.796272e+01
4.907904e-02 -2.573768e-03 9.987916e-01 2.232858e+01 3.364478e-02 9.994334e-01 9.221709e-04 -1.642998e+00 -9.982281e-01 3.355886e-02 4.913783e-02 8.801133e+01
4.855366e-02 -4.248115e-03 9.988115e-01 2.314384e+01 3.423945e-02 9.994103e-01 2.586233e-03 -1.660975e+00 -9.982335e-01 3.407319e-02 4.867048e-02 8.805952e+01
5.022778e-02 -4.880076e-03 9.987259e-01 2.396534e+01 3.288564e-02 9.994539e-01 3.229753e-03 -1.674271e+00 -9.981962e-01 3.268152e-02 5.036084e-02 8.810606e+01
5.062222e-02 -4.830987e-03 9.987062e-01 2.478490e+01 3.171721e-02 9.994917e-01 3.227111e-03 -1.690046e+00 -9.982141e-01 3.151281e-02 5.074971e-02 8.815385e+01
5.017393e-02 -4.265739e-03 9.987314e-01 2.560691e+01 2.969258e-02 9.995552e-01 2.777572e-03 -1.704768e+00 -9.982990e-01 2.951555e-02 5.027828e-02 8.820447e+01
4.928572e-02 -3.185551e-03 9.987796e-01 2.641824e+01 2.675372e-02 9.996403e-01 1.868109e-03 -1.717748e+00 -9.984263e-01 2.662900e-02 4.935322e-02 8.825505e+01
4.621321e-02 -3.345531e-03 9.989260e-01 2.723016e+01 2.385420e-02 9.997129e-01 2.244603e-03 -1.732320e+00 -9.986467e-01 2.372485e-02 4.627975e-02 8.830357e+01
4.293184e-02 -4.463644e-03 9.990680e-01 2.802832e+01 2.153594e-02 9.997618e-01 3.541304e-03 -1.744865e+00 -9.988459e-01 2.136384e-02 4.301774e-02 8.834529e+01
3.851097e-02 -6.692239e-03 9.992358e-01 2.885211e+01 1.976295e-02 9.997871e-01 5.934258e-03 -1.757769e+00 -9.990627e-01 1.951931e-02 3.863503e-02 8.838493e+01
3.230675e-02 -8.359928e-03 9.994430e-01 2.967377e+01 1.809674e-02 9.998060e-01 7.777992e-03 -1.770365e+00 -9.993142e-01 1.783538e-02 3.245177e-02 8.841603e+01
2.518017e-02 -8.097135e-03 9.996501e-01 3.048678e+01 1.692120e-02 9.998274e-01 7.672343e-03 -1.785726e+00 -9.995397e-01 1.672209e-02 2.531283e-02 8.844332e+01
1.612927e-02 -6.892109e-03 9.998462e-01 3.129448e+01 1.648310e-02 9.998422e-01 6.626181e-03 -1.794556e+00 -9.997340e-01 1.637369e-02 1.624032e-02 8.845875e+01
5.996590e-03 -6.479877e-03 9.999610e-01 3.210400e+01 1.636353e-02 9.998457e-01 6.381000e-03 -1.806789e+00 -9.998481e-01 1.632463e-02 6.101699e-03 8.846685e+01
-3.785412e-03 -7.221501e-03 9.999668e-01 3.290145e+01 1.698658e-02 9.998292e-01 7.284811e-03 -1.816628e+00 -9.998486e-01 1.701359e-02 -3.662097e-03 8.846595e+01
-1.466695e-02 -8.431282e-03 9.998569e-01 3.369031e+01 1.645853e-02 9.998269e-01 8.672461e-03 -1.825403e+00 -9.997570e-01 1.658337e-02 -1.452564e-02 8.845864e+01
-2.543516e-02 -9.234610e-03 9.996338e-01 3.447899e+01 1.763686e-02 9.997976e-01 9.684883e-03 -1.836640e+00 -9.995209e-01 1.787674e-02 -2.526714e-02 8.843404e+01
-3.670797e-02 -8.876751e-03 9.992866e-01 3.527384e+01 1.782355e-02 9.997957e-01 9.536006e-03 -1.849178e+00 -9.991671e-01 1.816089e-02 -3.654226e-02 8.840372e+01
-4.795954e-02 -8.266794e-03 9.988151e-01 3.606441e+01 1.815543e-02 9.997933e-01 9.146650e-03 -1.859530e+00 -9.986843e-01 1.857258e-02 -4.779954e-02 8.836744e+01
-5.829431e-02 -7.143405e-03 9.982739e-01 3.683240e+01 1.899899e-02 9.997854e-01 8.263669e-03 -1.867035e+00 -9.981186e-01 1.944792e-02 -5.814608e-02 8.831936e+01
-6.894962e-02 -6.270997e-03 9.976004e-01 3.759125e+01 2.036769e-02 9.997630e-01 7.692313e-03 -1.872317e+00 -9.974122e-01 2.084919e-02 -6.880555e-02 8.827078e+01
-7.884922e-02 -5.202754e-03 9.968730e-01 3.835826e+01 2.289462e-02 9.997132e-01 7.028463e-03 -1.875920e+00 -9.966236e-01 2.337721e-02 -7.870749e-02 8.821063e+01
-8.803372e-02 -4.737670e-03 9.961062e-01 3.910830e+01 2.475318e-02 9.996695e-01 6.942250e-03 -1.883619e+00 -9.958099e-01 2.526795e-02 -8.788735e-02 8.814329e+01
-9.801706e-02 -4.352838e-03 9.951752e-01 3.986176e+01 2.636562e-02 9.996281e-01 6.969124e-03 -1.887547e+00 -9.948354e-01 2.692150e-02 -9.786584e-02 8.806726e+01
-1.063412e-01 -4.897994e-03 9.943176e-01 4.059631e+01 2.817721e-02 9.995714e-01 7.937397e-03 -1.895590e+00 -9.939304e-01 2.886117e-02 -1.061576e-01 8.798421e+01
-1.136698e-01 -6.290189e-03 9.934987e-01 4.132643e+01 2.912192e-02 9.995292e-01 9.660317e-03 -1.903411e+00 -9.930917e-01 3.003068e-02 -1.134331e-01 8.789436e+01
-1.195479e-01 -7.906731e-03 9.927969e-01 4.204100e+01 3.169484e-02 9.994282e-01 1.177609e-02 -1.911988e+00 -9.923224e-01 3.287434e-02 -1.192290e-01 8.780353e+01
-1.235430e-01 -9.471970e-03 9.922940e-01 4.274757e+01 3.453485e-02 9.993077e-01 1.383859e-02 -1.919281e+00 -9.917381e-01 3.597839e-02 -1.231304e-01 8.770966e+01
-1.264752e-01 -1.031774e-02 9.919161e-01 4.344906e+01 3.611470e-02 9.992351e-01 1.499871e-02 -1.924122e+00 -9.913121e-01 3.771972e-02 -1.260058e-01 8.762040e+01
-1.288337e-01 -1.079099e-02 9.916075e-01 4.412936e+01 3.681232e-02 9.991995e-01 1.565641e-02 -1.930192e+00 -9.909827e-01 3.852044e-02 -1.283333e-01 8.753121e+01
-1.298642e-01 -9.974745e-03 9.914816e-01 4.479702e+01 3.721012e-02 9.991960e-01 1.492613e-02 -1.930998e+00 -9.908333e-01 3.883152e-02 -1.293886e-01 8.744343e+01
-1.293151e-01 -8.661261e-03 9.915657e-01 4.546759e+01 3.841282e-02 9.991675e-01 1.373727e-02 -1.938388e+00 -9.908593e-01 3.986527e-02 -1.288747e-01 8.735394e+01
-1.267906e-01 -7.338871e-03 9.919024e-01 4.609792e+01 3.933605e-02 9.991488e-01 1.242065e-02 -1.945420e+00 -9.911492e-01 4.059235e-02 -1.263940e-01 8.727631e+01
-1.213755e-01 -6.485591e-03 9.925855e-01 4.672260e+01 4.003273e-02 9.991331e-01 1.142366e-02 -1.951821e+00 -9.917991e-01 4.112246e-02 -1.210107e-01 8.720051e+01
-1.135481e-01 -5.862910e-03 9.935152e-01 4.732472e+01 3.947147e-02 9.991665e-01 1.040743e-02 -1.959332e+00 -9.927481e-01 4.039725e-02 -1.132221e-01 8.714294e+01
-1.021367e-01 -5.690202e-03 9.947541e-01 4.789916e+01 3.864034e-02 9.992063e-01 9.683079e-03 -1.967670e+00 -9.940196e-01 3.942663e-02 -1.018358e-01 8.709478e+01
-8.816923e-02 -5.759063e-03 9.960889e-01 4.845713e+01 3.829968e-02 9.992242e-01 9.167303e-03 -1.980229e+00 -9.953689e-01 3.895816e-02 -8.788026e-02 8.706254e+01
-7.142749e-02 -4.332694e-03 9.974364e-01 4.899480e+01 3.768151e-02 9.992650e-01 7.039051e-03 -1.989826e+00 -9.967338e-01 3.808769e-02 -7.121173e-02 8.703971e+01
-5.003941e-02 -1.971406e-03 9.987453e-01 4.952249e+01 3.709520e-02 9.993044e-01 3.831063e-03 -2.004173e+00 -9.980581e-01 3.724036e-02 -4.993147e-02 8.703160e+01
-2.551101e-02 1.131926e-03 9.996739e-01 5.005678e+01 3.563454e-02 9.993649e-01 -2.222061e-04 -2.017034e+00 -9.990392e-01 3.561725e-02 -2.553515e-02 8.703573e+01
2.103418e-03 2.807355e-03 9.999938e-01 5.056373e+01 3.454085e-02 9.993991e-01 -2.878340e-03 -2.029914e+00 -9.994011e-01 3.454669e-02 2.005186e-03 8.706369e+01
3.549126e-02 2.227849e-03 9.993675e-01 5.107105e+01 3.351664e-02 9.994323e-01 -3.418294e-03 -2.044365e+00 -9.988078e-01 3.361676e-02 3.539644e-02 8.711264e+01
7.306284e-02 -5.043474e-06 9.973273e-01 5.158596e+01 3.307034e-02 9.994501e-01 -2.417633e-03 -2.056520e+00 -9.967789e-01 3.315859e-02 7.302283e-02 8.717497e+01
1.143695e-01 -3.512791e-03 9.934321e-01 5.208124e+01 3.144610e-02 9.995054e-01 -8.598679e-05 -2.071859e+00 -9.929405e-01 3.124940e-02 1.144234e-01 8.726319e+01
1.593349e-01 -7.575142e-03 9.871955e-01 5.259212e+01 2.961712e-02 9.995571e-01 2.889748e-03 -2.084371e+00 -9.867802e-01 2.877745e-02 1.594887e-01 8.737819e+01
2.073907e-01 -1.072444e-02 9.781994e-01 5.307209e+01 2.647078e-02 9.996353e-01 5.347312e-03 -2.094812e+00 -9.779000e-01 2.478472e-02 2.075989e-01 8.752391e+01
2.580998e-01 -1.220785e-02 9.660411e-01 5.353060e+01 2.384688e-02 9.996960e-01 6.261908e-03 -2.106162e+00 -9.658239e-01 2.142087e-02 2.583125e-01 8.769056e+01
3.123726e-01 -1.211505e-02 9.498824e-01 5.398743e+01 2.300882e-02 9.997218e-01 5.184180e-03 -2.113936e+00 -9.496810e-01 2.023627e-02 3.125644e-01 8.788631e+01
3.694328e-01 -1.202808e-02 9.291796e-01 5.442079e+01 2.575826e-02 9.996646e-01 2.699261e-03 -2.130938e+00 -9.289004e-01 2.293686e-02 3.696187e-01 8.810282e+01
4.290532e-01 -8.659295e-03 9.032377e-01 5.483133e+01 2.701481e-02 9.996298e-01 -3.249089e-03 -2.145453e+00 -9.028752e-01 2.579482e-02 4.291283e-01 8.833534e+01
4.890818e-01 -5.455637e-03 8.722209e-01 5.523333e+01 2.863053e-02 9.995420e-01 -9.802026e-03 -2.165363e+00 -8.717679e-01 2.976614e-02 4.890140e-01 8.861191e+01
5.469366e-01 -1.299339e-03 8.371730e-01 5.558919e+01 2.554695e-02 9.995590e-01 -1.513880e-02 -2.179021e+00 -8.367842e-01 2.966718e-02 5.467286e-01 8.890643e+01
6.032559e-01 1.917852e-03 7.975454e-01 5.593294e+01 2.234654e-02 9.995639e-01 -1.930636e-02 -2.191808e+00 -7.972345e-01 2.946906e-02 6.029500e-01 8.924214e+01
6.563983e-01 2.974731e-03 7.544086e-01 5.624273e+01 2.132671e-02 9.995194e-01 -2.249724e-02 -2.208726e+00 -7.541130e-01 3.085621e-02 6.560194e-01 8.959191e+01
7.056441e-01 1.269717e-03 7.085653e-01 5.651751e+01 2.158502e-02 9.994958e-01 -2.328708e-02 -2.225443e+00 -7.082376e-01 3.172679e-02 7.052609e-01 8.994655e+01
7.520487e-01 -2.436777e-03 6.591030e-01 5.678914e+01 2.047736e-02 9.995968e-01 -1.966943e-02 -2.247687e+00 -6.587893e-01 2.828906e-02 7.517954e-01 9.034259e+01
7.947830e-01 -7.033638e-03 6.068529e-01 5.703181e+01 2.013921e-02 9.996878e-01 -1.478919e-02 -2.261928e+00 -6.065595e-01 2.397574e-02 7.946765e-01 9.073772e+01
8.325660e-01 -9.762298e-03 5.538398e-01 5.723660e+01 1.842161e-02 9.997796e-01 -1.006981e-02 -2.278285e+00 -5.536194e-01 1.858641e-02 8.325624e-01 9.113819e+01
8.652437e-01 -1.219536e-02 5.012032e-01 5.743161e+01 1.689326e-02 9.998456e-01 -4.834977e-03 -2.289655e+00 -5.010669e-01 1.265039e-02 8.653161e-01 9.158286e+01
8.922739e-01 -1.262671e-02 4.513179e-01 5.759936e+01 1.438121e-02 9.998965e-01 -4.576976e-04 -2.306378e+00 -4.512654e-01 6.898887e-03 8.923631e-01 9.201674e+01
9.138076e-01 -1.027356e-02 4.060173e-01 5.774412e+01 1.031806e-02 9.999446e-01 2.079384e-03 -2.321784e+00 -4.060162e-01 2.289156e-03 9.138630e-01 9.244796e+01
9.304639e-01 -4.996007e-03 3.663495e-01 5.787824e+01 4.299128e-03 9.999871e-01 2.718057e-03 -2.326918e+00 -3.663584e-01 -9.540703e-04 9.304733e-01 9.291789e+01
9.432674e-01 5.670608e-04 3.320335e-01 5.799549e+01 -1.118147e-03 9.999983e-01 1.468683e-03 -2.334224e+00 -3.320321e-01 -1.756623e-03 9.432665e-01 9.337396e+01
9.536004e-01 2.842684e-03 3.010617e-01 5.811804e+01 -2.834903e-03 9.999959e-01 -4.627194e-04 -2.331130e+00 -3.010617e-01 -4.122313e-04 9.536046e-01 9.384509e+01
9.604364e-01 -1.113101e-03 2.784971e-01 5.824565e+01 1.172246e-03 9.999993e-01 -4.584445e-05 -2.346033e+00 -2.784969e-01 3.704978e-04 9.604371e-01 9.431634e+01
9.646859e-01 -3.928694e-03 2.633737e-01 5.836396e+01 4.083015e-03 9.999917e-01 -3.859685e-05 -2.355893e+00 -2.633714e-01 1.112593e-03 9.646939e-01 9.478723e+01
9.681789e-01 2.943257e-05 2.502592e-01 5.847340e+01 2.206280e-04 9.999995e-01 -9.711528e-04 -2.363367e+00 -2.502591e-01 9.954638e-04 9.681784e-01 9.528643e+01
9.705131e-01 5.747305e-03 2.409800e-01 5.857622e+01 -5.623972e-03 9.999835e-01 -1.199568e-03 -2.364962e+00 -2.409829e-01 -1.910688e-04 9.705293e-01 9.578133e+01
9.720572e-01 1.288512e-02 2.343904e-01 5.868359e+01 -1.264251e-02 9.999169e-01 -2.537674e-03 -2.372067e+00 -2.344036e-01 -4.965188e-04 9.721393e-01 9.629904e+01
9.725408e-01 1.943197e-02 2.319199e-01 5.879038e+01 -1.848952e-02 9.998096e-01 -6.236875e-03 -2.380646e+00 -2.319969e-01 1.777527e-03 9.727149e-01 9.681823e+01
9.728183e-01 2.063977e-02 2.306481e-01 5.891588e+01 -1.919651e-02 9.997796e-01 -8.499968e-03 -2.398110e+00 -2.307727e-01 3.841284e-03 9.730001e-01 9.735051e+01
9.723638e-01 1.878008e-02 2.327141e-01 5.905146e+01 -1.649702e-02 9.997948e-01 -1.175315e-02 -2.412051e+00 -2.328871e-01 7.589253e-03 9.724742e-01 9.788968e+01
9.714348e-01 1.711791e-02 2.366883e-01 5.919041e+01 -1.350007e-02 9.997661e-01 -1.689760e-02 -2.429736e+00 -2.369222e-01 1.321961e-02 9.714387e-01 9.842716e+01
9.706303e-01 1.737764e-02 2.399477e-01 5.933516e+01 -1.285956e-02 9.997096e-01 -2.038244e-02 -2.446501e+00 -2.402323e-01 1.669819e-02 9.705718e-01 9.898581e+01
9.695802e-01 2.100391e-02 2.438711e-01 5.947352e+01 -1.659497e-02 9.996598e-01 -2.011967e-02 -2.458968e+00 -2.442108e-01 1.546060e-02 9.695989e-01 9.955394e+01
9.682322e-01 2.272193e-02 2.490182e-01 5.961799e+01 -1.932652e-02 9.996840e-01 -1.607188e-02 -2.473414e+00 -2.493047e-01 1.074865e-02 9.683654e-01 1.001471e+02
9.672318e-01 1.968211e-02 2.531308e-01 5.978496e+01 -1.748298e-02 9.997874e-01 -1.093441e-02 -2.496246e+00 -2.532922e-01 6.150634e-03 9.673703e-01 1.007525e+02
9.665793e-01 1.473572e-02 2.559439e-01 5.995356e+01 -1.398082e-02 9.998909e-01 -4.768804e-03 -2.513460e+00 -2.559862e-01 1.031123e-03 9.666799e-01 1.013589e+02
9.659116e-01 1.144694e-02 2.586188e-01 6.012348e+01 -1.190674e-02 9.999291e-01 2.116287e-04 -2.528330e+00 -2.585981e-01 -3.283722e-03 9.659794e-01 1.019788e+02
9.652113e-01 7.141272e-03 2.613738e-01 6.030141e+01 -7.647974e-03 9.999703e-01 9.214820e-04 -2.538899e+00 -2.613594e-01 -2.888405e-03 9.652372e-01 1.026109e+02
9.651959e-01 3.900081e-03 2.614988e-01 6.048184e+01 -3.564953e-03 9.999921e-01 -1.755925e-03 -2.552359e+00 -2.615036e-01 7.625802e-04 9.652022e-01 1.032355e+02
9.654699e-01 2.592133e-03 2.605017e-01 6.065800e+01 -4.252200e-04 9.999648e-01 -8.374242e-03 -2.568629e+00 -2.605143e-01 7.974308e-03 9.654371e-01 1.038781e+02
9.656574e-01 6.087789e-03 2.597474e-01 6.083325e+01 -2.340587e-03 9.998887e-01 -1.473318e-02 -2.583635e+00 -2.598082e-01 1.361925e-02 9.655642e-01 1.045336e+02
9.663374e-01 9.608252e-03 2.570987e-01 6.100531e+01 -5.188605e-03 9.998270e-01 -1.786336e-02 -2.594319e+00 -2.572259e-01 1.592805e-02 9.662200e-01 1.051967e+02
9.671662e-01 8.435569e-03 2.540048e-01 6.118771e+01 -4.956915e-03 9.998850e-01 -1.433217e-02 -2.611410e+00 -2.540964e-01 1.260251e-02 9.670968e-01 1.058961e+02
9.676696e-01 4.551906e-03 2.521801e-01 6.137185e+01 -2.890399e-03 9.999716e-01 -6.958623e-03 -2.632120e+00 -2.522046e-01 6.004747e-03 9.676553e-01 1.065929e+02
9.686627e-01 3.992642e-03 2.483480e-01 6.155169e+01 -3.758503e-03 9.999919e-01 -1.416916e-03 -2.650861e+00 -2.483516e-01 4.390968e-04 9.686698e-01 1.072944e+02
9.691917e-01 7.969309e-03 2.461786e-01 6.172756e+01 -7.764240e-03 9.999682e-01 -1.803646e-03 -2.663885e+00 -2.461852e-01 -1.633109e-04 9.692228e-01 1.080202e+02
9.696267e-01 1.345600e-02 2.442193e-01 6.189776e+01 -1.218877e-02 9.999033e-01 -6.699491e-03 -2.673313e+00 -2.442858e-01 3.519273e-03 9.696969e-01 1.087456e+02
9.706878e-01 1.549606e-02 2.398440e-01 6.207638e+01 -1.310171e-02 9.998472e-01 -1.157427e-02 -2.689497e+00 -2.399867e-01 8.092636e-03 9.707424e-01 1.094867e+02
9.718801e-01 1.495694e-02 2.350008e-01 6.225233e+01 -1.193727e-02 9.998270e-01 -1.426702e-02 -2.701631e+00 -2.351736e-01 1.106056e-02 9.718905e-01 1.102315e+02
9.728317e-01 1.196757e-02 2.312041e-01 6.243259e+01 -9.132809e-03 9.998695e-01 -1.332730e-02 -2.721727e+00 -2.313334e-01 1.085368e-02 9.728140e-01 1.109813e+02
9.738975e-01 8.722510e-03 2.268204e-01 6.261551e+01 -6.373238e-03 9.999182e-01 -1.108770e-02 -2.744951e+00 -2.268986e-01 9.352701e-03 9.738735e-01 1.117628e+02
9.744526e-01 6.480459e-03 2.244997e-01 6.279188e+01 -4.563412e-03 9.999486e-01 -9.057017e-03 -2.763552e+00 -2.245469e-01 7.801150e-03 9.744321e-01 1.125443e+02
9.747478e-01 2.896198e-03 2.232896e-01 6.297739e+01 -1.374435e-03 9.999748e-01 -6.970306e-03 -2.780142e+00 -2.233042e-01 6.487393e-03 9.747272e-01 1.133349e+02
