1.000000e+00 0.000000e+00 0.000000e+00 0.000000e+00 0.000000e+00 1.000000e+00 0.000000e+00 0.000000e+00 0.000000e+00 0.000000e+00 1.000000e+00 0.000000e+00
9.989432e-01 -1.304476e-03 4.594424e-02 4.914459e-02 1.414332e-03 9.999962e-01 -2.358650e-03 -2.274514e-02 -4.594099e-02 2.421138e-03 9.989412e-01 9.454156e-01
9.957339e-01 -4.790273e-03 9.214676e-02 1.617092e-01 5.445851e-03 9.999616e-01 -6.864371e-03 -4.573075e-02 -9.211034e-02 7.336904e-03 9.957218e-01 1.898512e+00
9.904514e-01 -5.119128e-03 1.377674e-01 2.870294e-01 6.618555e-03 9.999237e-01 -1.042786e-02 -7.788896e-02 -1.377035e-01 1.124011e-02 9.904097e-01 2.829439e+00
9.827718e-01 -3.125485e-03 1.847969e-01 4.568215e-01 5.702720e-03 9.998937e-01 -1.341646e-02 -1.007857e-01 -1.847353e-01 1.423916e-02 9.826852e-01 3.781239e+00
9.730151e-01 -5.342761e-03 2.306794e-01 7.379230e-01 8.480747e-03 9.998845e-01 -1.261383e-02 -1.264866e-01 -2.305854e-01 1.422978e-02 9.729480e-01 4.549835e+00
9.606579e-01 -6.306459e-03 2.776629e-01 1.042045e+00 1.044025e-02 9.998556e-01 -1.341181e-02 -1.518006e-01 -2.775382e-01 1.578303e-02 9.605850e-01 5.371655e+00
9.466389e-01 -8.964735e-03 3.221715e-01 1.385227e+00 1.487283e-02 9.997633e-01 -1.588156e-02 -1.831313e-01 -3.219529e-01 1.982570e-02 9.465481e-01 6.273342e+00
9.308848e-01 -1.091723e-02 3.651496e-01 1.740618e+00 1.826381e-02 9.996942e-01 -1.667154e-02 -2.229445e-01 -3.648559e-01 2.218831e-02 9.307996e-01 7.061803e+00
9.125899e-01 -1.050693e-02 4.087412e-01 2.143882e+00 1.916751e-02 9.996701e-01 -1.709787e-02 -2.411796e-01 -4.084267e-01 2.343790e-02 9.124902e-01 7.807460e+00
8.922762e-01 -1.144612e-02 4.513448e-01 2.588235e+00 2.070141e-02 9.996644e-01 -1.557368e-02 -2.722516e-01 -4.510151e-01 2.323950e-02 8.922137e-01 8.581304e+00
8.702293e-01 -1.142389e-02 4.925144e-01 3.038809e+00 2.096200e-02 9.996843e-01 -1.385028e-02 -3.056343e-01 -4.922007e-01 2.237701e-02 8.701941e-01 9.327380e+00
8.449317e-01 -1.174230e-02 5.347453e-01 3.546713e+00 2.206776e-02 9.996730e-01 -1.291697e-02 -3.322835e-01 -5.344188e-01 2.271459e-02 8.449145e-01 1.005414e+01
8.187162e-01 -1.193948e-02 5.740743e-01 4.060469e+00 2.288493e-02 9.996679e-01 -1.184646e-02 -3.547707e-01 -5.737422e-01 2.283654e-02 8.187175e-01 1.068600e+01
7.902527e-01 -1.382257e-02 6.126252e-01 4.641005e+00 2.590788e-02 9.996053e-01 -1.086580e-02 -3.851272e-01 -6.122332e-01 2.445855e-02 7.902989e-01 1.134213e+01
7.593965e-01 -1.340191e-02 6.504900e-01 5.241909e+00 2.706018e-02 9.995733e-01 -1.099666e-02 -4.050189e-01 -6.500651e-01 2.595320e-02 7.594352e-01 1.199559e+01
7.285970e-01 -1.628172e-02 6.847491e-01 5.883948e+00 3.140315e-02 9.994602e-01 -9.649238e-03 -4.352115e-01 -6.842224e-01 2.853369e-02 7.287150e-01 1.260943e+01
6.968928e-01 -1.562289e-02 7.170051e-01 6.524949e+00 3.143177e-02 9.994674e-01 -8.772602e-03 -4.600442e-01 -7.164862e-01 2.865030e-02 6.970127e-01 1.320685e+01
6.606143e-01 -1.476094e-02 7.505804e-01 7.216785e+00 3.299967e-02 9.994113e-01 -9.389806e-03 -4.802989e-01 -7.499999e-01 3.097195e-02 6.607125e-01 1.378150e+01
6.245365e-01 -1.574126e-02 7.808369e-01 7.924864e+00 3.668591e-02 9.992845e-01 -9.197424e-03 -5.093237e-01 -7.801335e-01 3.438984e-02 6.246672e-01 1.430985e+01
5.878282e-01 -1.452298e-02 8.088554e-01 8.665734e+00 3.740082e-02 9.992576e-01 -9.239052e-03 -5.327623e-01 -8.081208e-01 3.568283e-02 5.879350e-01 1.484049e+01
5.494736e-01 -1.385165e-02 8.353962e-01 9.377656e+00 4.012288e-02 9.991465e-01 -9.823649e-03 -5.595277e-01 -8.345471e-01 3.891633e-02 5.495604e-01 1.528408e+01
5.101907e-01 -1.259900e-02 8.599690e-01 1.012621e+01 4.402554e-02 9.989644e-01 -1.148351e-02 -5.869479e-01 -8.589338e-01 4.371939e-02 5.102170e-01 1.574032e+01
4.698714e-01 -1.175208e-02 8.826566e-01 1.090471e+01 4.638303e-02 9.988588e-01 -1.139219e-02 -6.081920e-01 -8.815154e-01 4.629315e-02 4.698803e-01 1.619308e+01
4.323388e-01 -1.363042e-02 9.016082e-01 1.169161e+01 5.099148e-02 9.986553e-01 -9.353850e-03 -6.340733e-01 -9.002683e-01 5.001837e-02 4.324525e-01 1.660680e+01
3.938796e-01 -1.472327e-02 9.190441e-01 1.252032e+01 5.516613e-02 9.984479e-01 -7.647510e-03 -6.608779e-01 -9.175051e-01 5.371231e-02 3.940805e-01 1.695896e+01
3.580670e-01 -1.284355e-02 9.336076e-01 1.336162e+01 5.607453e-02 9.983963e-01 -7.771446e-03 -6.840235e-01 -9.320106e-01 5.513430e-02 3.582129e-01 1.730578e+01
3.246283e-01 -1.358349e-02 9.457441e-01 1.413313e+01 5.679987e-02 9.983723e-01 -5.157279e-03 -7.010360e-01 -9.441346e-01 5.539234e-02 3.248715e-01 1.761454e+01
2.904484e-01 -1.538152e-02 9.567670e-01 1.496666e+01 5.885126e-02 9.982651e-01 -1.816966e-03 -7.141076e-01 -9.550792e-01 5.683468e-02 2.908497e-01 1.786439e+01
2.583750e-01 -1.570642e-02 9.659170e-01 1.580113e+01 5.965803e-02 9.982188e-01 2.736229e-04 -7.351270e-01 -9.642008e-01 5.755401e-02 2.588518e-01 1.813824e+01
2.252786e-01 -1.330331e-02 9.742036e-01 1.672447e+01 5.675181e-02 9.983882e-01 5.100542e-04 -7.515292e-01 -9.726401e-01 5.517291e-02 2.256705e-01 1.837975e+01
1.933340e-01 -1.138851e-02 9.810669e-01 1.765488e+01 5.649413e-02 9.984028e-01 4.567270e-04 -7.611154e-01 -9.795052e-01 5.533622e-02 1.936686e-01 1.859610e+01
1.626258e-01 -1.133943e-02 9.866227e-01 1.854884e+01 5.796170e-02 9.983170e-01 1.919959e-03 -7.723029e-01 -9.849839e-01 5.687410e-02 1.630093e-01 1.873978e+01
1.314795e-01 -1.211484e-02 9.912449e-01 1.940833e+01 5.917108e-02 9.982384e-01 4.351819e-03 -7.832358e-01 -9.895514e-01 5.808085e-02 1.319647e-01 1.886963e+01
1.000874e-01 -1.292325e-02 9.948947e-01 2.032982e+01 5.840605e-02 9.982677e-01 7.091356e-03 -7.951021e-01 -9.932629e-01 5.739811e-02 1.006688e-01 1.903547e+01
6.959707e-02 -1.323513e-02 9.974874e-01 2.125767e+01 5.864384e-02 9.982370e-01 9.153357e-03 -7.997785e-01 -9.958500e-01 5.785945e-02 7.025053e-02 1.913487e+01
4.121570e-02 -1.302284e-02 9.990654e-01 2.227281e+01 6.094687e-02 9.980858e-01 1.049575e-02 -8.022576e-01 -9.972897e-01 6.045732e-02 4.193051e-02 1.919036e+01
1.544851e-02 -1.256874e-02 9.998017e-01 2.328263e+01 6.494452e-02 9.978221e-01 1.154036e-02 -8.078283e-01 -9.977693e-01 6.475336e-02 1.623113e-02 1.923697e+01
-8.127463e-03 -1.188925e-02 9.998963e-01 2.431154e+01 6.957417e-02 9.974994e-01 1.242627e-02 -8.098824e-01 -9.975437e-01 6.966795e-02 -7.279955e-03 1.926680e+01
-2.971150e-02 -1.227799e-02 9.994831e-01 2.534385e+01 7.486757e-02 9.970884e-01 1.447415e-02 -8.138609e-01 -9.967508e-01 7.525892e-02 -2.870577e-02 1.926579e+01
-4.813327e-02 -1.270349e-02 9.987601e-01 2.637719e+01 7.944657e-02 9.967025e-01 1.650608e-02 -8.129776e-01 -9.956764e-01 8.014256e-02 -4.696530e-02 1.924238e+01
-6.437094e-02 -1.258609e-02 9.978467e-01 2.744690e+01 8.222272e-02 9.964537e-01 1.787270e-02 -8.094014e-01 -9.945330e-01 8.319615e-02 -6.310780e-02 1.917538e+01
-7.979173e-02 -1.317297e-02 9.967245e-01 2.850296e+01 8.426282e-02 9.962446e-01 1.991220e-02 -8.045825e-01 -9.932437e-01 8.557565e-02 -7.838209e-02 1.907855e+01
-9.401292e-02 -1.406831e-02 9.954716e-01 2.955638e+01 8.429925e-02 9.961967e-01 2.203982e-02 -7.974901e-01 -9.919956e-01 8.598953e-02 -9.246941e-02 1.900543e+01
-1.065983e-01 -1.384706e-02 9.942057e-01 3.064582e+01 8.420883e-02 9.961849e-01 2.290346e-02 -7.938272e-01 -9.907299e-01 8.616237e-02 -1.050256e-01 1.891432e+01
-1.192428e-01 -1.118986e-02 9.928021e-01 3.172796e+01 8.413180e-02 9.962262e-01 2.133331e-02 -7.868097e-01 -9.892942e-01 8.607006e-02 -1.178514e-01 1.881594e+01
-1.301479e-01 -7.754636e-03 9.914643e-01 3.283322e+01 8.464434e-02 9.962319e-01 1.890305e-02 -7.800337e-01 -9.878749e-01 8.638203e-02 -1.290011e-01 1.869364e+01
-1.412909e-01 -5.365335e-03 9.899536e-01 3.395657e+01 8.538281e-02 9.961930e-01 1.758539e-02 -7.736727e-01 -9.862792e-01 8.700967e-02 -1.402949e-01 1.857139e+01
-1.495480e-01 -4.213798e-03 9.887455e-01 3.509317e+01 8.532122e-02 9.962059e-01 1.715045e-02 -7.676205e-01 -9.850663e-01 8.692578e-02 -1.486211e-01 1.844062e+01
-1.565994e-01 -3.424526e-03 9.876563e-01 3.628197e+01 8.553086e-02 9.961902e-01 1.701560e-02 -7.589589e-01 -9.839518e-01 8.713973e-02 -1.557099e-01 1.828609e+01
-1.633407e-01 -2.147628e-03 9.865674e-01 3.750304e+01 8.611161e-02 9.961501e-01 1.642553e-02 -7.536386e-01 -9.828045e-01 8.763786e-02 -1.625269e-01 1.812131e+01
-1.684153e-01 -4.391071e-04 9.857160e-01 3.872695e+01 8.575990e-02 9.962015e-01 1.509635e-02 -7.468996e-01 -9.819784e-01 8.707736e-02 -1.677379e-01 1.794565e+01
-1.733257e-01 2.645313e-04 9.848645e-01 3.998018e+01 8.591005e-02 9.961922e-01 1.485169e-02 -7.414335e-01 -9.811104e-01 8.718394e-02 -1.726885e-01 1.775342e+01
-1.787171e-01 -5.151271e-04 9.839004e-01 4.126024e+01 8.617165e-02 9.961490e-01 1.617389e-02 -7.382219e-01 -9.801197e-01 8.767487e-02 -1.779845e-01 1.756943e+01
-1.817497e-01 -2.525843e-03 9.833416e-01 4.256462e+01 8.682448e-02 9.960499e-01 1.860614e-02 -7.286098e-01 -9.795042e-01 8.875978e-02 -1.808125e-01 1.736290e+01
-1.845116e-01 -3.169160e-03 9.828252e-01 4.389116e+01 8.747798e-02 9.959729e-01 1.963432e-02 -7.175674e-01 -9.789296e-01 8.959833e-02 -1.834913e-01 1.713551e+01
-1.876879e-01 -2.985102e-03 9.822242e-01 4.524827e+01 8.903278e-02 9.958271e-01 2.003924e-02 -7.060287e-01 -9.781853e-01 9.121127e-02 -1.866389e-01 1.690157e+01
-1.883186e-01 -2.368237e-03 9.821051e-01 4.664686e+01 8.975924e-02 9.957704e-01 1.961252e-02 -6.864816e-01 -9.779976e-01 9.184641e-02 -1.873095e-01 1.665619e+01
-1.897482e-01 -1.617777e-03 9.818314e-01 4.805221e+01 9.108225e-02 9.956574e-01 1.924307e-02 -6.771259e-01 -9.775989e-01 9.307876e-02 -1.887769e-01 1.640233e+01
-1.888348e-01 -7.986657e-04 9.820086e-01 4.949876e+01 9.123565e-02 9.956602e-01 1.835387e-02 -6.587537e-01 -9.777615e-01 9.306004e-02 -1.879424e-01 1.614633e+01
-1.888329e-01 2.599639e-04 9.820092e-01 5.095629e+01 9.112078e-02 9.956903e-01 1.725824e-02 -6.513122e-01 -9.777725e-01 9.274036e-02 -1.880427e-01 1.589383e+01
-1.887460e-01 4.269486e-04 9.820258e-01 5.244801e+01 9.129499e-02 9.956768e-01 1.711408e-02 -6.403748e-01 -9.777731e-01 9.288426e-02 -1.879690e-01 1.562669e+01
-1.868350e-01 -9.118950e-05 9.823913e-01 5.397106e+01 9.159311e-02 9.956425e-01 1.751195e-02 -6.276307e-01 -9.781122e-01 9.325212e-02 -1.860125e-01 1.535878e+01
-1.855515e-01 4.480362e-04 9.826344e-01 5.550499e+01 9.239815e-02 9.955771e-01 1.699367e-02 -6.181898e-01 -9.782807e-01 9.394680e-02 -1.847723e-01 1.508277e+01
-1.853779e-01 1.471872e-03 9.826662e-01 5.704348e+01 9.240402e-02 9.955940e-01 1.594059e-02 -6.056867e-01 -9.783131e-01 9.375734e-02 -1.846972e-01 1.481594e+01
-1.837289e-01 2.295931e-03 9.829743e-01 5.862894e+01 9.358056e-02 9.954962e-01 1.516608e-02 -5.961797e-01 -9.785123e-01 9.477373e-02 -1.831163e-01 1.453056e+01
-1.840505e-01 2.387180e-03 9.829139e-01 6.022789e+01 9.322928e-02 9.955311e-01 1.503935e-02 -5.870885e-01 -9.784854e-01 9.440436e-02 -1.834506e-01 1.426136e+01
-1.830775e-01 9.883536e-04 9.830980e-01 6.185261e+01 9.488581e-02 9.953486e-01 1.666944e-02 -5.777855e-01 -9.785087e-01 9.633385e-02 -1.823197e-01 1.397626e+01
-1.826882e-01 -4.568803e-04 9.831708e-01 6.347365e+01 9.674930e-02 9.951380e-01 1.843995e-02 -5.667076e-01 -9.783990e-01 9.848985e-02 -1.817558e-01 1.368429e+01
-1.834084e-01 6.753890e-04 9.830366e-01 6.509830e+01 9.843161e-02 9.949867e-01 1.768111e-02 -5.574887e-01 -9.780964e-01 1.000047e-01 -1.825554e-01 1.339540e+01
-1.821897e-01 2.451064e-03 9.832603e-01 6.676270e+01 1.000211e-01 9.948558e-01 1.605309e-02 -5.512937e-01 -9.781629e-01 1.012715e-01 -1.814976e-01 1.308897e+01
-1.812938e-01 2.576646e-03 9.834256e-01 6.843958e+01 9.963136e-02 9.948996e-01 1.576026e-02 -5.422432e-01 -9.783691e-01 1.008373e-01 -1.806259e-01 1.279720e+01
-1.817568e-01 2.178055e-03 9.833411e-01 7.013077e+01 9.988144e-02 9.948665e-01 1.625810e-02 -5.380780e-01 -9.782577e-01 1.011725e-01 -1.810413e-01 1.249997e+01
-1.803929e-01 1.824264e-03 9.835929e-01 7.186376e+01 9.984048e-02 9.948672e-01 1.646576e-02 -5.256010e-01 -9.785143e-01 1.011727e-01 -1.796491e-01 1.220657e+01
-1.804466e-01 1.898848e-03 9.835829e-01 7.359338e+01 1.012961e-01 9.947168e-01 1.666329e-02 -5.220401e-01 -9.783548e-01 1.026400e-01 -1.796856e-01 1.191309e+01
-1.794623e-01 2.190408e-03 9.837624e-01 7.534749e+01 1.022886e-01 9.946188e-01 1.644536e-02 -5.100633e-01 -9.784326e-01 1.035790e-01 -1.787206e-01 1.161701e+01
-1.793928e-01 2.937110e-03 9.837731e-01 7.710472e+01 1.025608e-01 9.946023e-01 1.573270e-02 -5.038028e-01 -9.784168e-01 1.037189e-01 -1.787257e-01 1.131918e+01
-1.803354e-01 4.072658e-03 9.835967e-01 7.885223e+01 1.022382e-01 9.946524e-01 1.462621e-02 -4.967499e-01 -9.782773e-01 1.031988e-01 -1.797874e-01 1.102711e+01
-1.804488e-01 4.723114e-03 9.835730e-01 8.064732e+01 1.016784e-01 9.947205e-01 1.387752e-02 -4.920493e-01 -9.783148e-01 1.025123e-01 -1.799763e-01 1.072311e+01
-1.816136e-01 5.197528e-03 9.833562e-01 8.243083e+01 1.011493e-01 9.947807e-01 1.342310e-02 -4.908508e-01 -9.781540e-01 1.019036e-01 -1.811915e-01 1.041189e+01
-1.832511e-01 4.950893e-03 9.830537e-01 8.423217e+01 1.008507e-01 9.948060e-01 1.378951e-02 -4.850969e-01 -9.778794e-01 1.016686e-01 -1.827986e-01 1.009886e+01
-1.833476e-01 4.206511e-03 9.830391e-01 8.606500e+01 1.005754e-01 9.948237e-01 1.450149e-02 -4.848742e-01 -9.778897e-01 1.015284e-01 -1.828216e-01 9.786772e+00
-1.837785e-01 3.975453e-03 9.829596e-01 8.789398e+01 9.897907e-02 9.949841e-01 1.448149e-02 -4.762231e-01 -9.779717e-01 9.995382e-02 -1.832502e-01 9.473915e+00
-1.863500e-01 4.804838e-03 9.824717e-01 8.973912e+01 9.889300e-02 9.950011e-01 1.389138e-02 -4.735707e-01 -9.774937e-01 9.974823e-02 -1.858936e-01 9.155168e+00
-1.885782e-01 5.979672e-03 9.820400e-01 9.159310e+01 9.807391e-02 9.950972e-01 1.277366e-02 -4.678433e-01 -9.771488e-01 9.872134e-02 -1.882401e-01 8.825505e+00
-1.934706e-01 6.811586e-03 9.810824e-01 9.344623e+01 9.855817e-02 9.950524e-01 1.252721e-02 -4.687271e-01 -9.761431e-01 9.911733e-02 -1.931848e-01 8.494826e+00
-1.974336e-01 6.368904e-03 9.802956e-01 9.534016e+01 9.705255e-02 9.951933e-01 1.308089e-02 -4.694830e-01 -9.755003e-01 9.772280e-02 -1.971027e-01 8.149253e+00
-2.021728e-01 5.908632e-03 9.793320e-01 9.722989e+01 9.595301e-02 9.952901e-01 1.380358e-02 -4.690056e-01 -9.746380e-01 9.676057e-02 -2.017876e-01 7.794833e+00
-2.074820e-01 6.686254e-03 9.782160e-01 9.912200e+01 9.521320e-02 9.953668e-01 1.339147e-02 -4.732591e-01 -9.735942e-01 9.591756e-02 -2.071573e-01 7.431250e+00
-2.113639e-01 8.134583e-03 9.773736e-01 1.010430e+02 9.566897e-02 9.953359e-01 1.240501e-02 -4.772514e-01 -9.727141e-01 9.612630e-02 -2.111563e-01 7.038188e+00
-2.161258e-01 9.920299e-03 9.763151e-01 1.029628e+02 9.565389e-02 9.953532e-01 1.106105e-02 -4.817896e-01 -9.716687e-01 9.577892e-02 -2.160704e-01 6.641376e+00
-2.220897e-01 1.051762e-02 9.749695e-01 1.048851e+02 9.454489e-02 9.954620e-01 1.079782e-02 -4.864858e-01 -9.704316e-01 9.457647e-02 -2.220762e-01 6.229637e+00
-2.267694e-01 1.017736e-02 9.738953e-01 1.068366e+02 9.312690e-02 9.955903e-01 1.128032e-02 -4.939406e-01 -9.694860e-01 9.325389e-02 -2.267172e-01 5.809604e+00
-2.333839e-01 9.764642e-03 9.723356e-01 1.087728e+02 9.124360e-02 9.957575e-01 1.190080e-02 -4.962606e-01 -9.680943e-01 9.149686e-02 -2.332847e-01 5.376657e+00
-2.384780e-01 9.245948e-03 9.711039e-01 1.107471e+02 9.075227e-02 9.957912e-01 1.280542e-02 -5.020711e-01 -9.668983e-01 9.118369e-02 -2.383134e-01 4.917779e+00
-2.442288e-01 9.267307e-03 9.696733e-01 1.127139e+02 9.107724e-02 9.957534e-01 1.342280e-02 -5.037441e-01 -9.654311e-01 9.159340e-02 -2.440357e-01 4.446256e+00
-2.507410e-01 1.061434e-02 9.679960e-01 1.146821e+02 9.202444e-02 9.956729e-01 1.291935e-02 -5.108276e-01 -9.636703e-01 9.231870e-02 -2.506328e-01 3.959905e+00
-2.558028e-01 1.168550e-02 9.666584e-01 1.166611e+02 9.194901e-02 9.956878e-01 1.229566e-02 -5.148833e-01 -9.623463e-01 9.202854e-02 -2.557742e-01 3.474951e+00
-2.621510e-01 1.178844e-02 9.649549e-01 1.186346e+02 9.323786e-02 9.955568e-01 1.316780e-02 -5.242778e-01 -9.605121e-01 9.342228e-02 -2.620853e-01 2.966894e+00
-2.690196e-01 1.195027e-02 9.630606e-01 1.206118e+02 9.339099e-02 9.955348e-01 1.373444e-02 -5.301090e-01 -9.585961e-01 9.363601e-02 -2.689344e-01 2.454791e+00
-2.740714e-01 1.263715e-02 9.616263e-01 1.226098e+02 9.340129e-02 9.955365e-01 1.353736e-02 -5.351890e-01 -9.571630e-01 9.352734e-02 -2.740284e-01 1.923456e+00
-2.803490e-01 1.302336e-02 9.598098e-01 1.246037e+02 9.306370e-02 9.955663e-01 1.367427e-02 -5.385891e-01 -9.553761e-01 9.315702e-02 -2.803180e-01 1.382643e+00
-2.845760e-01 1.257955e-02 9.585709e-01 1.266083e+02 9.489232e-02 9.953729e-01 1.510868e-02 -5.423503e-01 -9.539454e-01 9.526059e-02 -2.844530e-01 8.192460e-01
-2.888725e-01 1.256910e-02 9.572851e-01 1.286179e+02 9.769196e-02 9.950813e-01 1.641438e-02 -5.424562e-01 -9.523702e-01 9.826071e-02 -2.886796e-01 2.385148e-01
-2.938488e-01 1.328402e-02 9.557596e-01 1.306403e+02 9.947044e-02 9.948995e-01 1.675422e-02 -5.426066e-01 -9.506621e-01 9.999303e-02 -2.936714e-01 -3.524494e-01
-2.967289e-01 1.393991e-02 9.548600e-01 1.326586e+02 1.005550e-01 9.947909e-01 1.672526e-02 -5.375526e-01 -9.496529e-01 1.009788e-01 -2.965849e-01 -9.590735e-01
-3.005731e-01 1.378351e-02 9.536592e-01 1.346770e+02 1.000863e-01 9.948307e-01 1.716649e-02 -5.304462e-01 -9.484928e-01 1.006080e-01 -3.003989e-01 -1.579990e+00
-3.054583e-01 1.420616e-02 9.520995e-01 1.367091e+02 9.913920e-02 9.949290e-01 1.696123e-02 -5.253387e-01 -9.470304e-01 9.957133e-02 -3.053177e-01 -2.217602e+00
-3.089109e-01 1.446346e-02 9.509810e-01 1.387275e+02 9.783260e-02 9.950637e-01 1.664544e-02 -5.167801e-01 -9.460459e-01 9.817890e-02 -3.088011e-01 -2.866758e+00
-3.136757e-01 1.451013e-02 9.494193e-01 1.407705e+02 9.784363e-02 9.950546e-01 1.711867e-02 -5.096673e-01 -9.444756e-01 9.826434e-02 -3.135442e-01 -3.531043e+00
-3.174782e-01 1.450859e-02 9.481546e-01 1.427689e+02 9.820220e-02 9.950098e-01 1.765626e-02 -5.073916e-01 -9.431670e-01 9.871634e-02 -3.173187e-01 -4.185729e+00
-3.222583e-01 1.524300e-02 9.465291e-01 1.448112e+02 9.835218e-02 9.949985e-01 1.746173e-02 -4.993432e-01 -9.415288e-01 9.872038e-02 -3.221457e-01 -4.865511e+00
-3.273591e-01 1.524571e-02 9.447770e-01 1.468976e+02 9.841840e-02 9.949815e-01 1.804548e-02 -4.961856e-01 -9.397605e-01 9.889079e-02 -3.272167e-01 -5.571305e+00
-3.303786e-01 1.469721e-02 9.437341e-01 1.489344e+02 9.923729e-02 9.948776e-01 1.924690e-02 -4.901111e-01 -9.386170e-01 1.000124e-01 -3.301448e-01 -6.259456e+00
-3.339407e-01 1.484463e-02 9.424772e-01 1.510062e+02 1.004137e-01 9.947465e-01 1.991091e-02 -4.797151e-01 -9.372303e-01 1.012867e-01 -3.336770e-01 -6.978153e+00
-3.381995e-01 1.535054e-02 9.409492e-01 1.531401e+02 1.015110e-01 9.946281e-01 2.025921e-02 -4.715730e-01 -9.355836e-01 1.023684e-01 -3.379409e-01 -7.721628e+00
-3.402049e-01 1.649071e-02 9.402067e-01 1.551994e+02 1.020457e-01 9.945890e-01 1.947974e-02 -4.599830e-01 -9.347980e-01 1.025712e-01 -3.400468e-01 -8.436756e+00
-3.436614e-01 1.803063e-02 9.389205e-01 1.572981e+02 1.027072e-01 9.945397e-01 1.849393e-02 -4.542942e-01 -9.334603e-01 1.027896e-01 -3.436368e-01 -9.175964e+00
-3.476769e-01 1.927563e-02 9.374162e-01 1.594285e+02 1.035093e-01 9.944667e-01 1.794166e-02 -4.466497e-01 -9.318834e-01 1.032692e-01 -3.477483e-01 -9.939586e+00
-3.499824e-01 1.986188e-02 9.365457e-01 1.615019e+02 1.035319e-01 9.944704e-01 1.759902e-02 -4.441734e-01 -9.310174e-01 1.031217e-01 -3.501035e-01 -1.067578e+01
-3.538330e-01 1.999891e-02 9.350948e-01 1.636163e+02 1.034172e-01 9.944776e-01 1.786336e-02 -4.346797e-01 -9.295736e-01 1.030255e-01 -3.539473e-01 -1.145145e+01
-3.562598e-01 2.037785e-02 9.341647e-01 1.657249e+02 1.041209e-01 9.944015e-01 1.801644e-02 -4.312916e-01 -9.285676e-01 1.036846e-01 -3.563870e-01 -1.222271e+01
-3.599494e-01 2.092166e-02 9.327372e-01 1.678519e+02 1.060717e-01 9.941839e-01 1.863384e-02 -4.256784e-01 -9.269224e-01 1.056443e-01 -3.600751e-01 -1.300710e+01
-3.638693e-01 2.158530e-02 9.311999e-01 1.699884e+02 1.090717e-01 9.938410e-01 1.958277e-02 -4.210091e-01 -9.250419e-01 1.086931e-01 -3.639825e-01 -1.380637e+01
-3.655743e-01 2.154311e-02 9.305328e-01 1.721189e+02 1.106356e-01 9.936504e-01 2.046056e-02 -4.151154e-01 -9.241835e-01 1.104299e-01 -3.656364e-01 -1.459898e+01
-3.682318e-01 2.102310e-02 9.294963e-01 1.742554e+02 1.112659e-01 9.935557e-01 2.160741e-02 -4.105265e-01 -9.230522e-01 1.113778e-01 -3.681979e-01 -1.539790e+01
-3.722124e-01 2.184392e-02 9.278905e-01 1.764083e+02 1.111315e-01 9.935798e-01 2.118874e-02 -4.010589e-01 -9.214704e-01 1.110046e-01 -3.722503e-01 -1.621649e+01
-3.740988e-01 2.375891e-02 9.270845e-01 1.785481e+02 1.109755e-01 9.936354e-01 1.931658e-02 -3.916674e-01 -9.207250e-01 1.101100e-01 -3.743544e-01 -1.703661e+01
-3.774793e-01 2.509901e-02 9.256778e-01 1.807046e+02 1.106622e-01 9.936917e-01 1.818345e-02 -3.882803e-01 -9.193820e-01 1.093014e-01 -3.778756e-01 -1.787712e+01
-3.816526e-01 2.647001e-02 9.239268e-01 1.828624e+02 1.101528e-01 9.937687e-01 1.703060e-02 -3.783508e-01 -9.177187e-01 1.082729e-01 -3.821901e-01 -1.872805e+01
-3.840573e-01 2.736187e-02 9.229038e-01 1.850305e+02 1.091264e-01 9.939000e-01 1.594515e-02 -3.777955e-01 -9.168377e-01 1.068370e-01 -3.847004e-01 -1.958712e+01
-3.887266e-01 2.809800e-02 9.209246e-01 1.871970e+02 1.104730e-01 9.937453e-01 1.631135e-02 -3.784034e-01 -9.147061e-01 1.080779e-01 -3.893993e-01 -2.046244e+01
-3.919777e-01 2.760645e-02 9.195604e-01 1.893681e+02 1.103566e-01 9.937431e-01 1.720782e-02 -3.727256e-01 -9.133318e-01 1.082247e-01 -3.925717e-01 -2.135721e+01
-3.957491e-01 2.699842e-02 9.179617e-01 1.915461e+02 1.104347e-01 9.937133e-01 1.838392e-02 -3.689288e-01 -9.116945e-01 1.086502e-01 -3.962427e-01 -2.226446e+01
-4.008223e-01 2.685340e-02 9.157622e-01 1.937222e+02 1.107248e-01 9.936632e-01 1.932568e-02 -3.630907e-01 -9.094402e-01 1.091437e-01 -4.012557e-01 -2.318234e+01
-4.038768e-01 2.706918e-02 9.144128e-01 1.958889e+02 1.097479e-01 9.937768e-01 1.905477e-02 -3.528524e-01 -9.082064e-01 1.080507e-01 -4.043342e-01 -2.411286e+01
-4.076212e-01 2.787548e-02 9.127255e-01 1.980714e+02 1.092652e-01 9.938415e-01 1.844475e-02 -3.444126e-01 -9.065904e-01 1.072476e-01 -4.081567e-01 -2.506131e+01
-4.118982e-01 2.828560e-02 9.107908e-01 2.002549e+02 1.094564e-01 9.938169e-01 1.863677e-02 -3.392925e-01 -9.046321e-01 1.073684e-01 -4.124474e-01 -2.602560e+01
-4.134820e-01 2.900035e-02 9.100503e-01 2.024256e+02 1.105159e-01 9.937013e-01 1.854695e-02 -3.370099e-01 -9.037803e-01 1.082439e-01 -4.140826e-01 -2.699821e+01
-4.169623e-01 2.901699e-02 9.084605e-01 2.045970e+02 1.119275e-01 9.935223e-01 1.963821e-02 -3.318566e-01 -9.020059e-01 1.098701e-01 -4.175092e-01 -2.798001e+01
-4.187694e-01 2.896147e-02 9.076307e-01 2.067691e+02 1.135005e-01 9.933229e-01 2.067191e-02 -3.215628e-01 -9.009716e-01 1.116733e-01 -4.192603e-01 -2.896765e+01
-4.210450e-01 2.939052e-02 9.065635e-01 2.089443e+02 1.145334e-01 9.931975e-01 2.099483e-02 -3.110110e-01 -8.997795e-01 1.126716e-01 -4.215470e-01 -2.995897e+01
-4.242464e-01 3.007544e-02 9.050472e-01 2.111254e+02 1.144372e-01 9.932161e-01 2.063777e-02 -3.022315e-01 -8.982868e-01 1.123266e-01 -4.248101e-01 -3.096084e+01
-4.260274e-01 3.064831e-02 9.041910e-01 2.133109e+02 1.143644e-01 9.932331e-01 2.021857e-02 -2.946420e-01 -8.974528e-01 1.120209e-01 -4.266496e-01 -3.195300e+01
-4.285204e-01 3.175307e-02 9.029740e-01 2.154893e+02 1.144870e-01 9.932352e-01 1.940452e-02 -2.916948e-01 -8.962494e-01 1.116940e-01 -4.292569e-01 -3.295624e+01
-4.325457e-01 3.268320e-02 9.010194e-01 2.176713e+02 1.146676e-01 9.932218e-01 1.901992e-02 -2.927979e-01 -8.942905e-01 1.115447e-01 -4.333615e-01 -3.397751e+01
-4.341370e-01 3.316642e-02 9.002361e-01 2.198469e+02 1.133593e-01 9.933897e-01 1.806891e-02 -2.892904e-01 -8.936860e-01 1.098945e-01 -4.350270e-01 -3.498961e+01
-4.367321e-01 3.409965e-02 8.989451e-01 2.220216e+02 1.144493e-01 9.932674e-01 1.792503e-02 -2.904693e-01 -8.922816e-01 1.107121e-01 -4.376944e-01 -3.602467e+01
-4.406321e-01 3.375761e-02 8.970528e-01 2.241995e+02 1.166021e-01 9.929792e-01 1.990743e-02 -2.916376e-01 -8.900828e-01 1.133701e-01 -4.414747e-01 -3.707643e+01
-4.422029e-01 3.321518e-02 8.962998e-01 2.263690e+02 1.173505e-01 9.928663e-01 2.110289e-02 -2.849729e-01 -8.892050e-01 1.145130e-01 -4.429462e-01 -3.812012e+01
-4.460739e-01 3.281132e-02 8.943945e-01 2.285474e+02 1.168554e-01 9.929084e-01 2.185559e-02 -2.741314e-01 -8.873347e-01 1.142641e-01 -4.467447e-01 -3.919869e+01
-4.479334e-01 3.297948e-02 8.934585e-01 2.307218e+02 1.159557e-01 9.930221e-01 2.147954e-02 -2.661417e-01 -8.865156e-01 1.132230e-01 -4.486319e-01 -4.026185e+01
-4.511340e-01 3.289929e-02 8.918496e-01 2.329031e+02 1.150301e-01 9.931282e-01 2.155158e-02 -2.590919e-01 -8.850120e-01 1.123122e-01 -4.518183e-01 -4.131585e+01
-4.554855e-01 3.241902e-02 8.896527e-01 2.350813e+02 1.145198e-01 9.931675e-01 2.244090e-02 -2.506492e-01 -8.828466e-01 1.121044e-01 -4.560860e-01 -4.239179e+01
-4.574481e-01 3.248410e-02 8.886428e-01 2.372495e+02 1.143665e-01 9.931823e-01 2.256712e-02 -2.437661e-01 -8.818512e-01 1.119543e-01 -4.580444e-01 -4.346997e+01
-4.608556e-01 3.225503e-02 8.868888e-01 2.394109e+02 1.140951e-01 9.931997e-01 2.316603e-02 -2.327797e-01 -8.801104e-01 1.118659e-01 -4.614018e-01 -4.455838e+01
-4.656236e-01 3.164462e-02 8.844169e-01 2.415715e+02 1.137641e-01 9.932092e-01 2.435678e-02 -2.243743e-01 -8.776402e-01 1.119560e-01 -4.660617e-01 -4.566042e+01
-4.681782e-01 3.204123e-02 8.830530e-01 2.437280e+02 1.137416e-01 9.932140e-01 2.426532e-02 -2.111079e-01 -8.762831e-01 1.118004e-01 -4.686456e-01 -4.676067e+01
-4.718999e-01 3.288488e-02 8.810387e-01 2.458876e+02 1.145366e-01 9.931223e-01 2.427939e-02 -1.997394e-01 -8.741807e-01 1.123686e-01 -4.724208e-01 -4.788487e+01
-4.759051e-01 3.336512e-02 8.788635e-01 2.480452e+02 1.159122e-01 9.929430e-01 2.507047e-02 -1.913436e-01 -8.718249e-01 1.138021e-01 -4.764141e-01 -4.901096e+01
-4.784108e-01 3.363521e-02 8.774918e-01 2.501796e+02 1.164308e-01 9.928734e-01 2.542045e-02 -1.798045e-01 -8.703832e-01 1.143285e-01 -4.789175e-01 -5.012739e+01
-4.828299e-01 3.386561e-02 8.750591e-01 2.523273e+02 1.159038e-01 9.929324e-01 2.552461e-02 -1.638879e-01 -8.680102e-01 1.137467e-01 -4.833426e-01 -5.127673e+01
-4.854508e-01 3.469068e-02 8.735754e-01 2.544477e+02 1.169872e-01 9.928038e-01 2.558509e-02 -1.458761e-01 -8.664015e-01 1.146175e-01 -4.860158e-01 -5.240650e+01
-4.890308e-01 3.551192e-02 8.715433e-01 2.565612e+02 1.182134e-01 9.926508e-01 2.588404e-02 -1.240082e-01 -8.642190e-01 1.156862e-01 -4.896348e-01 -5.355965e+01
-4.935284e-01 3.672865e-02 8.689538e-01 2.586844e+02 1.200385e-01 9.924227e-01 2.622929e-02 -1.064254e-01 -8.614061e-01 1.172528e-01 -4.941976e-01 -5.472584e+01
-4.952959e-01 3.881011e-02 8.678570e-01 2.608071e+02 1.225820e-01 9.921284e-01 2.559149e-02 -9.174867e-02 -8.600323e-01 1.190590e-01 -4.961546e-01 -5.589006e+01
-4.979960e-01 4.023134e-02 8.662456e-01 2.629325e+02 1.246518e-01 9.918704e-01 2.559528e-02 -7.284187e-02 -8.581736e-01 1.207254e-01 -4.989624e-01 -5.707250e+01
-5.016432e-01 4.226074e-02 8.640418e-01 2.650832e+02 1.270702e-01 9.915716e-01 2.527578e-02 -5.474713e-02 -8.556911e-01 1.224734e-01 -5.027852e-01 -5.827530e+01
-5.035883e-01 4.467031e-02 8.627882e-01 2.671907e+02 1.295388e-01 9.912769e-01 2.428586e-02 -3.733855e-02 -8.541771e-01 1.239946e-01 -5.049820e-01 -5.946179e+01
-5.075622e-01 4.559220e-02 8.604080e-01 2.693142e+02 1.312625e-01 9.910344e-01 2.491892e-02 -1.519895e-02 -8.515579e-01 1.255872e-01 -5.089961e-01 -6.066730e+01
-5.102215e-01 4.644078e-02 8.587883e-01 2.714484e+02 1.321510e-01 9.909161e-01 2.492739e-02 2.391204e-03 -8.498295e-01 1.262082e-01 -5.117239e-01 -6.185639e+01
-5.140952e-01 4.711063e-02 8.564384e-01 2.736002e+02 1.325412e-01 9.908608e-01 2.505574e-02 2.461855e-02 -8.474308e-01 1.263944e-01 -5.156409e-01 -6.305841e+01
-5.185231e-01 4.843880e-02 8.536905e-01 2.757630e+02 1.340634e-01 9.906518e-01 2.521876e-02 5.003952e-02 -8.444885e-01 1.275252e-01 -5.201697e-01 -6.432498e+01
-5.213768e-01 4.917815e-02 8.519083e-01 2.779202e+02 1.344985e-01 9.905951e-01 2.513034e-02 7.208023e-02 -8.426603e-01 1.276827e-01 -5.230877e-01 -6.558307e+01
-5.245950e-01 4.935223e-02 8.499202e-01 2.801034e+02 1.342341e-01 9.906258e-01 2.533055e-02 9.584223e-02 -8.407028e-01 1.273765e-01 -5.263022e-01 -6.685666e+01
-5.282488e-01 4.983435e-02 8.476259e-01 2.822629e+02 1.360693e-01 9.903428e-01 2.657461e-02 1.235397e-01 -8.381159e-01 1.293738e-01 -5.299284e-01 -6.816249e+01
-5.300547e-01 5.024469e-02 8.464736e-01 2.844005e+02 1.383591e-01 9.899897e-01 2.787586e-02 1.535389e-01 -8.365995e-01 1.318931e-01 -5.317005e-01 -6.945742e+01
-5.321514e-01 5.043246e-02 8.451458e-01 2.865653e+02 1.401619e-01 9.896981e-01 2.919549e-02 1.856369e-01 -8.349668e-01 1.339937e-01 -5.337379e-01 -7.076825e+01
-5.356181e-01 5.031227e-02 8.429602e-01 2.887547e+02 1.409346e-01 9.895493e-01 3.048860e-02 2.208844e-01 -8.326167e-01 1.351325e-01 -5.371113e-01 -7.208498e+01
-5.371747e-01 5.027438e-02 8.419714e-01 2.909480e+02 1.415553e-01 9.894375e-01 3.123211e-02 2.632932e-01 -8.315079e-01 1.359626e-01 -5.386174e-01 -7.342501e+01
-5.410946e-01 5.031368e-02 8.394553e-01 2.931420e+02 1.434183e-01 9.891064e-01 3.316112e-02 3.054718e-01 -8.286421e-01 1.383365e-01 -5.424161e-01 -7.476955e+01
-5.419748e-01 5.055359e-02 8.388728e-01 2.953332e+02 1.449368e-01 9.888549e-01 3.404794e-02 3.473356e-01 -8.278023e-01 1.400366e-01 -5.432615e-01 -7.611998e+01
-5.440118e-01 5.164435e-02 8.374867e-01 2.975377e+02 1.455733e-01 9.887772e-01 3.358718e-02 3.954326e-01 -8.263532e-01 1.401875e-01 -5.454245e-01 -7.749645e+01
-5.478899e-01 5.334822e-02 8.348476e-01 2.997755e+02 1.457338e-01 9.887913e-01 3.245599e-02 4.346179e-01 -8.237586e-01 1.394478e-01 -5.495235e-01 -7.887836e+01
-5.501130e-01 5.326262e-02 8.333899e-01 3.019945e+02 1.452692e-01 9.888519e-01 3.269257e-02 4.790346e-01 -8.223579e-01 1.390505e-01 -5.517177e-01 -8.027744e+01
-5.547240e-01 5.159318e-02 8.304333e-01 3.042331e+02 1.440553e-01 9.889580e-01 3.478597e-02 5.262601e-01 -8.194689e-01 1.389249e-01 -5.560311e-01 -8.169736e+01
-5.608576e-01 4.961506e-02 8.264243e-01 3.064605e+02 1.422532e-01 9.891326e-01 3.715759e-02 5.833276e-01 -8.155996e-01 1.384016e-01 -5.618205e-01 -8.315048e+01
-5.641849e-01 4.865762e-02 8.242135e-01 3.086660e+02 1.416318e-01 9.891684e-01 3.855303e-02 6.477320e-01 -8.134100e-01 1.384858e-01 -5.649653e-01 -8.463186e+01
-5.686168e-01 4.887806e-02 8.211491e-01 3.108991e+02 1.423259e-01 9.890240e-01 3.968504e-02 7.124831e-01 -8.101964e-01 1.394364e-01 -5.693323e-01 -8.612611e+01
-5.736144e-01 5.022707e-02 8.175841e-01 3.131347e+02 1.443611e-01 9.886941e-01 4.054433e-02 7.819741e-01 -8.063042e-01 1.412842e-01 -5.743800e-01 -8.765589e+01
-5.761536e-01 5.138791e-02 8.157244e-01 3.153136e+02 1.456334e-01 9.885056e-01 4.058967e-02 8.597594e-01 -8.042624e-01 1.421826e-01 -5.770149e-01 -8.920393e+01
-5.808663e-01 5.118129e-02 8.123883e-01 3.175213e+02 1.463344e-01 9.883276e-01 4.236502e-02 9.304089e-01 -8.007375e-01 1.434888e-01 -5.815758e-01 -9.074610e+01
-5.838070e-01 5.032317e-02 8.103314e-01 3.197240e+02 1.469266e-01 9.881464e-01 4.448813e-02 1.004431e+00 -7.984873e-01 1.450317e-01 -5.842806e-01 -9.230046e+01
-5.881038e-01 4.883048e-02 8.073101e-01 3.218925e+02 1.460668e-01 9.881749e-01 4.663558e-02 1.080668e+00 -7.954863e-01 1.453477e-01 -5.882819e-01 -9.385571e+01
-5.932270e-01 4.814610e-02 8.035942e-01 3.240342e+02 1.451468e-01 9.882480e-01 4.794050e-02 1.161502e+00 -7.918422e-01 1.450787e-01 -5.932437e-01 -9.541908e+01
-5.964897e-01 4.757065e-02 8.012097e-01 3.261868e+02 1.447399e-01 9.882517e-01 4.908088e-02 1.250620e+00 -7.894621e-01 1.452432e-01 -5.963674e-01 -9.700648e+01
-6.009639e-01 4.765190e-02 7.978545e-01 3.283231e+02 1.461512e-01 9.879426e-01 5.107981e-02 1.337708e+00 -7.858004e-01 1.473045e-01 -6.006822e-01 -9.858798e+01
-6.061274e-01 4.700454e-02 7.939774e-01 3.304798e+02 1.470577e-01 9.876641e-01 5.379371e-02 1.431526e+00 -7.816544e-01 1.493663e-01 -6.055626e-01 -1.002033e+02
-6.093383e-01 4.517126e-02 7.916227e-01 3.325919e+02 1.451005e-01 9.878692e-01 5.531925e-02 1.537717e+00 -7.795208e-01 1.485730e-01 -6.085009e-01 -1.018145e+02
-6.129538e-01 4.417064e-02 7.888831e-01 3.347076e+02 1.448269e-01 9.878011e-01 5.722064e-02 1.646792e+00 -7.767321e-01 1.493251e-01 -6.118735e-01 -1.034380e+02
-6.166065e-01 4.312305e-02 7.860896e-01 3.368462e+02 1.448690e-01 9.876630e-01 5.945390e-02 1.762552e+00 -7.738278e-01 1.505396e-01 -6.152466e-01 -1.051051e+02
-6.183887e-01 4.191741e-02 7.847537e-01 3.389791e+02 1.426086e-01 9.879829e-01 5.960321e-02 1.881058e+00 -7.728248e-01 1.487705e-01 -6.169353e-01 -1.067741e+02
-6.219158e-01 4.096950e-02 7.820117e-01 3.410836e+02 1.389891e-01 9.885500e-01 5.874480e-02 2.003541e+00 -7.706509e-01 1.452254e-01 -6.204891e-01 -1.084247e+02
-6.239140e-01 3.969293e-02 7.804844e-01 3.432192e+02 1.353937e-01 9.890969e-01 5.793056e-02 2.124733e+00 -7.696752e-01 1.418164e-01 -6.224855e-01 -1.101082e+02
-6.267600e-01 3.772763e-02 7.782985e-01 3.453407e+02 1.337035e-01 9.892204e-01 5.971879e-02 2.245644e+00 -7.676557e-01 1.414906e-01 -6.250481e-01 -1.117866e+02
-6.303952e-01 3.694968e-02 7.753945e-01 3.474525e+02 1.346675e-01 9.889267e-01 6.235952e-02 2.371692e+00 -7.645042e-01 1.437316e-01 -6.283905e-01 -1.134705e+02
-6.324974e-01 3.729271e-02 7.736642e-01 3.495717e+02 1.346612e-01 9.889236e-01 6.242140e-02 2.499743e+00 -7.627669e-01 1.436639e-01 -6.305135e-01 -1.151712e+02
-6.362001e-01 3.576333e-02 7.706948e-01 3.516412e+02 1.326617e-01 9.891180e-01 6.361172e-02 2.626697e+00 -7.600331e-01 1.427114e-01 -6.340214e-01 -1.168479e+02
-6.405382e-01 3.310150e-02 7.672125e-01 3.537292e+02 1.313205e-01 9.890757e-01 6.696438e-02 2.765308e+00 -7.566146e-01 1.436440e-01 -6.378877e-01 -1.185389e+02
-6.440910e-01 3.112128e-02 7.643155e-01 3.557976e+02 1.301388e-01 9.890643e-01 6.939578e-02 2.905391e+00 -7.537975e-01 1.441643e-01 -6.410975e-01 -1.202195e+02
-6.482354e-01 3.067821e-02 7.608218e-01 3.578639e+02 1.294148e-01 9.890896e-01 7.038142e-02 3.051121e+00 -7.503617e-01 1.440853e-01 -6.451331e-01 -1.219312e+02
-6.528196e-01 3.082868e-02 7.568858e-01 3.598998e+02 1.295671e-01 9.889916e-01 7.147005e-02 3.191151e+00 -7.463504e-01 1.447246e-01 -6.496275e-01 -1.236315e+02
-6.554736e-01 3.044342e-02 7.546042e-01 3.619518e+02 1.299920e-01 9.888224e-01 7.302258e-02 3.333927e+00 -7.439465e-01 1.459569e-01 -6.521044e-01 -1.253713e+02
-6.596128e-01 2.965708e-02 7.510203e-01 3.639975e+02 1.296342e-01 9.887356e-01 7.481206e-02 3.480493e+00 -7.403418e-01 1.467049e-01 -6.560272e-01 -1.271283e+02
-6.620165e-01 2.798928e-02 7.489664e-01 3.660460e+02 1.271649e-01 9.890084e-01 7.544216e-02 3.626895e+00 -7.386225e-01 1.451862e-01 -6.582991e-01 -1.288982e+02
-6.652443e-01 2.418971e-02 7.462338e-01 3.680735e+02 1.180685e-01 9.903073e-01 7.315285e-02 3.769482e+00 -7.372312e-01 1.367712e-01 -6.616523e-01 -1.306528e+02
-6.697064e-01 2.586146e-02 7.421755e-01 3.700951e+02 1.095068e-01 9.919073e-01 6.425061e-02 3.925134e+00 -7.345077e-01 1.243023e-01 -6.671187e-01 -1.324168e+02
-6.714975e-01 3.577144e-02 7.401429e-01 3.721024e+02 1.193777e-01 9.910094e-01 6.040997e-02 4.038007e+00 -7.313276e-01 1.289217e-01 -6.697307e-01 -1.342266e+02
-6.727011e-01 3.767219e-02 7.389547e-01 3.740969e+02 1.275405e-01 9.896581e-01 6.565229e-02 4.153021e+00 -7.288393e-01 1.384111e-01 -6.705488e-01 -1.360270e+02
-6.754149e-01 2.982895e-02 7.368344e-01 3.761156e+02 1.274683e-01 9.888639e-01 7.681130e-02 4.305398e+00 -7.263378e-01 1.458025e-01 -6.716956e-01 -1.378500e+02
-6.778889e-01 1.991632e-02 7.348945e-01 3.780912e+02 1.221162e-01 9.887963e-01 8.584639e-02 4.481819e+00 -7.249512e-01 1.479368e-01 -6.727262e-01 -1.396295e+02
-6.819241e-01 1.329408e-02 7.313021e-01 3.801185e+02 1.158276e-01 9.891812e-01 9.002487e-02 4.676939e+00 -7.221935e-01 1.460951e-01 -6.760863e-01 -1.414596e+02
-6.846445e-01 1.243309e-02 7.287711e-01 3.821034e+02 1.145194e-01 9.892711e-01 9.070802e-02 4.871645e+00 -7.198244e-01 1.455612e-01 -6.787229e-01 -1.432743e+02
-6.874857e-01 1.681639e-02 7.260032e-01 3.840547e+02 1.193437e-01 9.887555e-01 9.010950e-02 5.057027e+00 -7.163243e-01 1.485929e-01 -6.817621e-01 -1.450967e+02
-6.906929e-01 2.263532e-02 7.227939e-01 3.860226e+02 1.239146e-01 9.884313e-01 8.745708e-02 5.239157e+00 -7.124525e-01 1.499707e-01 -6.855073e-01 -1.469571e+02
-6.929497e-01 2.527867e-02 7.205426e-01 3.879657e+02 1.252274e-01 9.884149e-01 8.575544e-02 5.419141e+00 -7.100273e-01 1.496559e-01 -6.880875e-01 -1.487960e+02
-6.960033e-01 2.520599e-02 7.175960e-01 3.899433e+02 1.254554e-01 9.882802e-01 8.696650e-02 5.607035e+00 -7.069938e-01 1.505553e-01 -6.910086e-01 -1.506779e+02
-6.995053e-01 2.443633e-02 7.142095e-01 3.919426e+02 1.259909e-01 9.879774e-01 8.959380e-02 5.801698e+00 -7.034335e-01 1.526552e-01 -6.941741e-01 -1.525885e+02
-7.013167e-01 2.374545e-02 7.124542e-01 3.938905e+02 1.266443e-01 9.876963e-01 9.174550e-02 5.996920e+00 -7.015098e-01 1.545709e-01 -6.956952e-01 -1.544536e+02
-7.032038e-01 2.374983e-02 7.105915e-01 3.958486e+02 1.272156e-01 9.875161e-01 9.288764e-02 6.193613e+00 -6.995145e-01 1.557173e-01 -6.974464e-01 -1.563381e+02
-7.053504e-01 2.391025e-02 7.084554e-01 3.978124e+02 1.276374e-01 9.873798e-01 9.375415e-02 6.395384e+00 -6.972729e-01 1.565550e-01 -6.995006e-01 -1.582406e+02
-7.060163e-01 2.425632e-02 7.077801e-01 3.997350e+02 1.286536e-01 9.871766e-01 9.450150e-02 6.593039e+00 -6.964117e-01 1.577781e-01 -7.000834e-01 -1.601144e+02
-7.081153e-01 2.425415e-02 7.056801e-01 4.016923e+02 1.304235e-01 9.867058e-01 9.696063e-02 6.799858e+00 -6.939470e-01 1.606966e-01 -7.018648e-01 -1.620309e+02
-7.087089e-01 2.384572e-02 7.050979e-01 4.036079e+02 1.325056e-01 9.861417e-01 9.983380e-02 7.012971e+00 -6.929459e-01 1.641825e-01 -7.020471e-01 -1.639215e+02
-7.100061e-01 2.363881e-02 7.037986e-01 4.055301e+02 1.345816e-01 9.855696e-01 1.026658e-01 7.235296e+00 -6.912157e-01 1.676117e-01 -7.029418e-01 -1.658344e+02
-7.121808e-01 2.336379e-02 7.016072e-01 4.074414e+02 1.335168e-01 9.857104e-01 1.027044e-01 7.460091e+00 -6.891820e-01 1.668205e-01 -7.051235e-01 -1.677453e+02
-7.130707e-01 2.268021e-02 7.007251e-01 4.093309e+02 1.297350e-01 9.864839e-01 1.000914e-01 7.681755e+00 -6.889840e-01 1.622808e-01 -7.063752e-01 -1.696311e+02
-7.145954e-01 2.176027e-02 6.991994e-01 4.112353e+02 1.269734e-01 9.869479e-01 9.905381e-02 7.902355e+00 -6.879180e-01 1.595631e-01 -7.080314e-01 -1.715295e+02
-7.164472e-01 2.066897e-02 6.973351e-01 4.131523e+02 1.263406e-01 9.868776e-01 1.005522e-01 8.122917e+00 -6.861061e-01 1.601421e-01 -7.096569e-01 -1.734521e+02
-7.169364e-01 1.884935e-02 6.968837e-01 4.150351e+02 1.246635e-01 9.869882e-01 1.015545e-01 8.339005e+00 -6.859018e-01 1.596841e-01 -7.099576e-01 -1.753398e+02
-7.181155e-01 1.725846e-02 6.957100e-01 4.169065e+02 1.216944e-01 9.874034e-01 1.011191e-01 8.557843e+00 -6.852012e-01 1.572792e-01 -7.111699e-01 -1.772274e+02
-7.196883e-01 1.594346e-02 6.941142e-01 4.188088e+02 1.204202e-01 9.874508e-01 1.021757e-01 8.778595e+00 -6.837746e-01 1.571200e-01 -7.125767e-01 -1.791507e+02
-7.197237e-01 1.432713e-02 6.941128e-01 4.206698e+02 1.207369e-01 9.871353e-01 1.048164e-01 8.997555e+00 -6.836815e-01 1.592439e-01 -7.121944e-01 -1.810453e+02
-7.204739e-01 1.288304e-02 6.933623e-01 4.225522e+02 1.225811e-01 9.864497e-01 1.090455e-01 9.232933e+00 -6.825622e-01 1.635575e-01 -7.122905e-01 -1.829718e+02
-7.194671e-01 1.192122e-02 6.944242e-01 4.244164e+02 1.270297e-01 9.852452e-01 1.146969e-01 9.480965e+00 -6.828108e-01 1.707331e-01 -7.103658e-01 -1.848870e+02
-7.184857e-01 1.049465e-02 6.954625e-01 4.262776e+02 1.300805e-01 9.842717e-01 1.195339e-01 9.742221e+00 -6.832696e-01 1.763495e-01 -7.085503e-01 -1.868052e+02
-7.178452e-01 7.253338e-03 6.961649e-01 4.281220e+02 1.246978e-01 9.851149e-01 1.183173e-01 1.000877e+01 -6.849443e-01 1.717438e-01 -7.080645e-01 -1.886837e+02
-7.168352e-01 4.808354e-03 6.972261e-01 4.299982e+02 1.165939e-01 9.867226e-01 1.130682e-01 1.027203e+01 -6.874251e-01 1.623436e-01 -7.078781e-01 -1.905885e+02
-7.154306e-01 1.839738e-03 6.986813e-01 4.318704e+02 1.112962e-01 9.875278e-01 1.113640e-01 1.052560e+01 -6.897624e-01 1.574338e-01 -7.067124e-01 -1.924903e+02
