1.000000e+00 0.000000e+00 0.000000e+00 0.000000e+00 0.000000e+00 1.000000e+00 0.000000e+00 0.000000e+00 0.000000e+00 0.000000e+00 1.000000e+00 0.000000e+00
9.999963e-01 -2.325947e-03 -1.387484e-03 -1.999639e-03 2.329795e-03 9.999934e-01 2.778306e-03 -2.834261e-02 1.381013e-03 -2.781528e-03 9.999952e-01 1.512736e+00
9.999951e-01 -2.587042e-03 -1.749454e-03 -6.838668e-04 2.594141e-03 9.999884e-01 4.067692e-03 -5.732164e-02 1.738910e-03 -4.072211e-03 9.999902e-01 3.007080e+00
9.999921e-01 -1.276088e-03 -3.753587e-03 -2.116305e-02 1.290427e-03 9.999919e-01 3.820166e-03 -8.004189e-02 3.748681e-03 -3.824979e-03 9.999857e-01 4.524237e+00
9.999915e-01 -6.356553e-04 -4.075906e-03 -2.572554e-02 6.497883e-04 9.999938e-01 3.467048e-03 -1.031368e-01 4.073677e-03 -3.469667e-03 9.999857e-01 6.016338e+00
9.999810e-01 -3.738320e-04 -6.148908e-03 -4.479138e-02 3.987823e-04 9.999917e-01 4.056964e-03 -1.282511e-01 6.147340e-03 -4.059339e-03 9.999729e-01 7.523137e+00
9.999701e-01 -8.029783e-04 -7.695453e-03 -5.971287e-02 8.352088e-04 9.999909e-01 4.185954e-03 -1.514587e-01 7.692022e-03 -4.192256e-03 9.999616e-01 9.023138e+00
9.999602e-01 -2.054410e-03 -8.684032e-03 -5.987118e-02 2.088004e-03 9.999904e-01 3.861269e-03 -1.783516e-01 8.676016e-03 -3.879247e-03 9.999548e-01 1.050729e+01
9.999397e-01 -2.897860e-03 -1.058866e-02 -8.186278e-02 2.941321e-03 9.999873e-01 4.091170e-03 -1.996526e-01 1.057667e-02 -4.122068e-03 9.999356e-01 1.200136e+01
9.999278e-01 -2.638757e-03 -1.172704e-02 -1.008458e-01 2.690147e-03 9.999868e-01 4.368587e-03 -2.267565e-01 1.171536e-02 -4.399819e-03 9.999217e-01 1.347910e+01
9.999245e-01 -1.754577e-03 -1.215974e-02 -1.209538e-01 1.807101e-03 9.999891e-01 4.309877e-03 -2.475037e-01 1.215204e-02 -4.331525e-03 9.999168e-01 1.494520e+01
9.999139e-01 -5.277943e-04 -1.311190e-02 -1.529319e-01 5.930971e-04 9.999874e-01 4.977035e-03 -2.713526e-01 1.310911e-02 -4.984384e-03 9.999016e-01 1.643297e+01
9.999086e-01 1.306304e-03 -1.345631e-02 -1.774855e-01 -1.226742e-03 9.999817e-01 5.919198e-03 -2.897271e-01 1.346380e-02 -5.902150e-03 9.998919e-01 1.789535e+01
9.999102e-01 1.902284e-03 -1.326893e-02 -2.055691e-01 -1.815094e-03 9.999767e-01 6.580003e-03 -3.093952e-01 1.328114e-02 -6.555328e-03 9.998903e-01 1.935532e+01
9.998957e-01 2.308752e-03 -1.425630e-02 -2.334227e-01 -2.208584e-03 9.999728e-01 7.038028e-03 -3.306151e-01 1.427216e-02 -7.005808e-03 9.998736e-01 2.082070e+01
9.999004e-01 2.956557e-03 -1.379786e-02 -2.623325e-01 -2.861573e-03 9.999721e-01 6.898647e-03 -3.497146e-01 1.381787e-02 -6.858477e-03 9.998810e-01 2.228556e+01
9.998986e-01 4.013598e-03 -1.366360e-02 -2.932026e-01 -3.908545e-03 9.999627e-01 7.706504e-03 -3.671437e-01 1.369402e-02 -7.652318e-03 9.998770e-01 2.374280e+01
9.999097e-01 4.439823e-03 -1.268679e-02 -3.121232e-01 -4.331164e-03 9.999538e-01 8.579476e-03 -3.838857e-01 1.272430e-02 -8.523752e-03 9.998827e-01 2.518411e+01
9.999237e-01 4.749305e-03 -1.140437e-02 -3.244560e-01 -4.662936e-03 9.999603e-01 7.587989e-03 -4.019730e-01 1.143996e-02 -7.534232e-03 9.999062e-01 2.660425e+01
9.999197e-01 4.881137e-03 -1.169769e-02 -3.469422e-01 -4.816499e-03 9.999730e-01 5.547530e-03 -4.205605e-01 1.172445e-02 -5.490742e-03 9.999162e-01 2.803867e+01
9.999363e-01 3.427911e-03 -1.075412e-02 -3.586314e-01 -3.368466e-03 9.999790e-01 5.540928e-03 -4.413762e-01 1.077289e-02 -5.504350e-03 9.999268e-01 2.943291e+01
9.999557e-01 1.863415e-03 -9.228243e-03 -3.585372e-01 -1.791082e-03 9.999677e-01 7.840303e-03 -4.598716e-01 9.242554e-03 -7.823427e-03 9.999267e-01 3.082669e+01
9.999572e-01 3.540595e-04 -9.250387e-03 -3.662182e-01 -2.679870e-04 9.999567e-01 9.304332e-03 -4.775346e-01 9.253280e-03 -9.301454e-03 9.999139e-01 3.221327e+01
9.999695e-01 -4.356844e-04 -7.803412e-03 -3.678254e-01 5.024754e-04 9.999632e-01 8.559296e-03 -4.972894e-01 7.799396e-03 -8.562956e-03 9.999329e-01 3.357724e+01
9.999697e-01 -1.767965e-04 -7.783405e-03 -3.829982e-01 2.307534e-04 9.999759e-01 6.931941e-03 -5.146468e-01 7.781993e-03 -6.933527e-03 9.999457e-01 3.492883e+01
9.999760e-01 5.993990e-04 -6.896711e-03 -3.906511e-01 -5.586313e-04 9.999824e-01 5.911586e-03 -5.332835e-01 6.900132e-03 -5.907592e-03 9.999587e-01 3.626709e+01
9.999855e-01 1.357099e-03 -5.209663e-03 -3.882166e-01 -1.330278e-03 9.999859e-01 5.148454e-03 -5.590756e-01 5.216577e-03 -5.141449e-03 9.999732e-01 3.757657e+01
9.999889e-01 2.089331e-03 -4.230250e-03 -3.936661e-01 -2.063959e-03 9.999799e-01 5.993173e-03 -5.801793e-01 4.242687e-03 -5.984375e-03 9.999731e-01 3.888727e+01
9.999947e-01 2.347200e-03 -2.240438e-03 -4.015820e-01 -2.329298e-03 9.999656e-01 7.959925e-03 -6.003250e-01 2.259045e-03 -7.954665e-03 9.999658e-01 4.017013e+01
9.999982e-01 1.877666e-03 3.230932e-04 -3.942726e-01 -1.880601e-03 9.999546e-01 9.337808e-03 -6.240900e-01 -3.055453e-04 -9.338398e-03 9.999563e-01 4.142700e+01
9.999950e-01 2.208764e-03 2.261986e-03 -3.982879e-01 -2.230838e-03 9.999495e-01 9.803481e-03 -6.416032e-01 -2.240219e-03 -9.808478e-03 9.999494e-01 4.267754e+01
9.999772e-01 1.996345e-03 6.457227e-03 -3.881022e-01 -2.056550e-03 9.999544e-01 9.330487e-03 -6.594164e-01 -6.438305e-03 -9.343553e-03 9.999356e-01 4.390942e+01
9.999555e-01 1.452857e-03 9.323462e-03 -3.793273e-01 -1.525497e-03 9.999685e-01 7.788758e-03 -6.789922e-01 -9.311852e-03 -7.802634e-03 9.999262e-01 4.511616e+01
9.998963e-01 1.621518e-03 1.430793e-02 -3.565848e-01 -1.711557e-03 9.999788e-01 6.282903e-03 -6.974404e-01 -1.429744e-02 -6.306741e-03 9.998779e-01 4.629656e+01
9.998539e-01 1.970704e-03 1.698068e-02 -3.444681e-01 -2.084433e-03 9.999755e-01 6.682419e-03 -7.155467e-01 -1.696710e-02 -6.716837e-03 9.998335e-01 4.748418e+01
9.997253e-01 2.248993e-03 2.333011e-02 -3.139566e-01 -2.408815e-03 9.999738e-01 6.824640e-03 -7.383452e-01 -2.331415e-02 -6.878963e-03 9.997045e-01 4.865779e+01
9.995406e-01 3.959459e-03 3.004897e-02 -2.800729e-01 -4.138872e-03 9.999740e-01 5.910837e-03 -7.564039e-01 -3.002478e-02 -6.032490e-03 9.995310e-01 4.982771e+01
9.992485e-01 5.665780e-03 3.834477e-02 -2.369457e-01 -5.899605e-03 9.999647e-01 5.987564e-03 -7.729190e-01 -3.830949e-02 -6.209283e-03 9.992466e-01 5.097572e+01
9.988843e-01 6.672041e-03 4.675110e-02 -1.882743e-01 -7.011815e-03 9.999502e-01 7.107497e-03 -7.901955e-01 -4.670135e-02 -7.427377e-03 9.988813e-01 5.208191e+01
9.982755e-01 8.598952e-03 5.806999e-02 -1.183267e-01 -9.059212e-03 9.999296e-01 7.667349e-03 -8.078519e-01 -5.799997e-02 -8.180195e-03 9.982831e-01 5.317831e+01
9.974439e-01 1.104651e-02 7.059529e-02 -4.865307e-02 -1.163110e-02 9.999013e-01 7.875031e-03 -8.240561e-01 -7.050133e-02 -8.676002e-03 9.974740e-01 5.427405e+01
9.962343e-01 1.293638e-02 8.573122e-02 3.907039e-02 -1.371724e-02 9.998696e-01 8.525398e-03 -8.406084e-01 -8.560975e-02 -9.669290e-03 9.962818e-01 5.535665e+01
9.946048e-01 1.480638e-02 1.026749e-01 1.459254e-01 -1.586473e-02 9.998290e-01 9.498789e-03 -8.549291e-01 -1.025167e-01 -1.107645e-02 9.946696e-01 5.641836e+01
9.926422e-01 1.528183e-02 1.201161e-01 2.728281e-01 -1.667376e-02 9.998049e-01 1.059171e-02 -8.689636e-01 -1.199308e-01 -1.251656e-02 9.927033e-01 5.744816e+01
9.901264e-01 1.458327e-02 1.394168e-01 4.220984e-01 -1.615311e-02 9.998182e-01 1.013511e-02 -8.861752e-01 -1.392436e-01 -1.228705e-02 9.901819e-01 5.849394e+01
9.870164e-01 1.384936e-02 1.600214e-01 5.935365e-01 -1.547927e-02 9.998402e-01 8.943452e-03 -8.987890e-01 -1.598720e-01 -1.130435e-02 9.870730e-01 5.953660e+01
9.835194e-01 1.124384e-02 1.804527e-01 7.837442e-01 -1.300455e-02 9.998787e-01 8.577050e-03 -9.094246e-01 -1.803344e-01 -1.078240e-02 9.835463e-01 6.054452e+01
9.791823e-01 6.209604e-03 2.028879e-01 1.008375e+00 -8.611051e-03 9.999029e-01 1.095575e-02 -9.267923e-01 -2.028001e-01 -1.247475e-02 9.791407e-01 6.152877e+01
9.742942e-01 9.732270e-04 2.252772e-01 1.257945e+00 -3.814653e-03 9.999186e-01 1.217809e-02 -9.373343e-01 -2.252470e-01 -1.272440e-02 9.742186e-01 6.250243e+01
9.684868e-01 -3.952477e-03 2.490336e-01 1.533920e+00 1.092224e-03 9.999319e-01 1.162254e-02 -9.526768e-01 -2.490625e-01 -1.098428e-02 9.684251e-01 6.341810e+01
9.614802e-01 -9.239291e-03 2.747189e-01 1.844512e+00 6.686343e-03 9.999253e-01 1.022796e-02 -9.697591e-01 -2.747929e-01 -7.997119e-03 9.614702e-01 6.433875e+01
9.538835e-01 -1.236419e-02 2.999223e-01 2.151098e+00 9.577051e-03 9.998962e-01 1.076119e-02 -9.795473e-01 -3.000242e-01 -7.392550e-03 9.539029e-01 6.523838e+01
9.447139e-01 -1.490801e-02 3.275568e-01 2.492163e+00 1.137898e-02 9.998548e-01 1.268778e-02 -9.890227e-01 -3.276984e-01 -8.259061e-03 9.447463e-01 6.611968e+01
9.349544e-01 -1.924856e-02 3.542454e-01 2.857987e+00 1.476939e-02 9.997732e-01 1.534386e-02 -9.987570e-01 -3.544604e-01 -9.113817e-03 9.350266e-01 6.699196e+01
9.236394e-01 -2.208675e-02 3.826257e-01 3.239755e+00 1.750036e-02 9.997273e-01 1.546342e-02 -1.012834e+00 -3.828629e-01 -7.586541e-03 9.237740e-01 6.785358e+01
9.109247e-01 -2.153845e-02 4.120100e-01 3.662817e+00 1.858232e-02 9.997648e-01 1.118003e-02 -1.018886e+00 -4.121539e-01 -2.528062e-03 9.111107e-01 6.872425e+01
8.976587e-01 -2.206520e-02 4.401387e-01 4.088105e+00 2.151205e-02 9.997491e-01 6.246178e-03 -1.031113e+00 -4.401661e-01 3.861351e-03 8.979081e-01 6.953245e+01
8.830662e-01 -2.365662e-02 4.686518e-01 4.533519e+00 2.478104e-02 9.996858e-01 3.768021e-03 -1.043580e+00 -4.685937e-01 8.286267e-03 8.833749e-01 7.031177e+01
8.666090e-01 -2.426834e-02 4.983974e-01 5.011086e+00 2.410512e-02 9.996865e-01 6.763716e-03 -1.058133e+00 -4.984053e-01 6.152431e-03 8.669223e-01 7.110783e+01
8.487800e-01 -2.306445e-02 5.282430e-01 5.499800e+00 1.969936e-02 9.997340e-01 1.199806e-02 -1.066619e+00 -5.283791e-01 2.223407e-04 8.490085e-01 7.188411e+01
8.283608e-01 -2.296301e-02 5.597241e-01 6.033649e+00 1.771778e-02 9.997336e-01 1.479332e-02 -1.076551e+00 -5.599147e-01 -2.337134e-03 8.285470e-01 7.267269e+01
8.072376e-01 -1.741594e-02 5.899697e-01 6.551055e+00 1.377826e-02 9.998482e-01 1.066320e-02 -1.089773e+00 -5.900658e-01 -4.789785e-04 8.073550e-01 7.337001e+01
7.848411e-01 -1.021929e-02 6.196128e-01 7.111963e+00 1.015913e-02 9.999418e-01 3.623858e-03 -1.101636e+00 -6.196138e-01 3.450577e-03 7.848992e-01 7.406304e+01
7.612477e-01 -7.340838e-03 6.484196e-01 7.710243e+00 8.676328e-03 9.999617e-01 1.134639e-03 -1.111995e+00 -6.484031e-01 4.762159e-03 7.612823e-01 7.474656e+01
7.378654e-01 -9.687824e-03 6.748783e-01 8.313961e+00 9.379180e-03 9.999476e-01 4.099618e-03 -1.132035e+00 -6.748827e-01 3.304839e-03 7.379176e-01 7.537277e+01
7.134738e-01 -1.015825e-02 7.006083e-01 8.922543e+00 9.680528e-03 9.999424e-01 4.640050e-03 -1.146415e+00 -7.006151e-01 3.471704e-03 7.135310e-01 7.597057e+01
6.871476e-01 -8.647581e-03 7.264664e-01 9.580610e+00 1.040363e-02 9.999438e-01 2.062401e-03 -1.170118e+00 -7.264433e-01 6.140713e-03 6.871989e-01 7.656980e+01
6.603261e-01 -6.007059e-03 7.509550e-01 1.023420e+01 9.691331e-03 9.999529e-01 -5.228834e-04 -1.185019e+00 -7.509165e-01 7.623027e-03 6.603532e-01 7.712121e+01
6.328674e-01 -3.519896e-03 7.742522e-01 1.093996e+01 7.840886e-03 9.999675e-01 -1.863035e-03 -1.198533e+00 -7.742205e-01 7.249877e-03 6.328744e-01 7.769064e+01
6.048200e-01 -2.236640e-03 7.963590e-01 1.164054e+01 8.164199e-03 9.999609e-01 -3.392086e-03 -1.220019e+00 -7.963203e-01 8.553235e-03 6.048147e-01 7.821370e+01
5.762552e-01 3.666180e-03 8.172616e-01 1.235166e+01 6.847708e-03 9.999332e-01 -9.313986e-03 -1.244285e+00 -8.172411e-01 1.096360e-02 5.761916e-01 7.870009e+01
5.457516e-01 1.280099e-02 8.378492e-01 1.309433e+01 5.739333e-03 9.998027e-01 -1.901382e-02 -1.269220e+00 -8.379273e-01 1.518552e-02 5.455705e-01 7.916719e+01
5.143751e-01 2.094385e-02 8.573095e-01 1.385495e+01 4.698229e-03 9.996179e-01 -2.723929e-02 -1.302082e+00 -8.575525e-01 1.803905e-02 5.140801e-01 7.961612e+01
4.826995e-01 2.583643e-02 8.754049e-01 1.462944e+01 2.328911e-03 9.995234e-01 -3.078379e-02 -1.336877e+00 -8.757830e-01 1.689806e-02 4.824092e-01 8.003328e+01
4.494409e-01 2.586913e-02 8.929354e-01 1.542968e+01 -2.278900e-04 9.995839e-01 -2.884412e-02 -1.376250e+00 -8.933101e-01 1.276024e-02 4.492598e-01 8.044531e+01
4.161113e-01 2.428234e-02 9.089894e-01 1.624866e+01 -3.968427e-03 9.996824e-01 -2.488843e-02 -1.417075e+00 -9.093050e-01 6.749101e-03 4.160755e-01 8.081794e+01
3.813328e-01 2.531483e-02 9.240911e-01 1.708813e+01 -8.557098e-03 9.996788e-01 -2.385435e-02 -1.455260e+00 -9.243982e-01 1.188909e-03 3.814270e-01 8.117163e+01
3.462384e-01 2.795370e-02 9.377300e-01 1.794660e+01 -1.532586e-02 9.995911e-01 -2.413900e-02 -1.495089e+00 -9.380214e-01 -6.013674e-03 3.465252e-01 8.149352e+01
3.108625e-01 3.020827e-02 9.499747e-01 1.881703e+01 -2.088828e-02 9.994705e-01 -2.494686e-02 -1.526749e+00 -9.502253e-01 -1.208829e-02 3.113290e-01 8.178289e+01
2.755823e-01 2.949496e-02 9.608249e-01 1.969540e+01 -2.370158e-02 9.994338e-01 -2.388211e-02 -1.562835e+00 -9.609852e-01 -1.619158e-02 2.761254e-01 8.203924e+01
2.400800e-01 2.885893e-02 9.703240e-01 2.056864e+01 -2.439617e-02 9.994217e-01 -2.368817e-02 -1.597370e+00 -9.704465e-01 -1.798514e-02 2.406452e-01 8.225981e+01
2.043197e-01 2.787086e-02 9.785074e-01 2.146203e+01 -2.332858e-02 9.994493e-01 -2.359617e-02 -1.634917e+00 -9.786262e-01 -1.800603e-02 2.048574e-01 8.245080e+01
1.687695e-01 2.681339e-02 9.852908e-01 2.237643e+01 -2.088991e-02 9.995027e-01 -2.362194e-02 -1.667075e+00 -9.854342e-01 -1.659598e-02 1.692457e-01 8.261050e+01
1.355680e-01 2.542567e-02 9.904418e-01 2.328550e+01 -1.379410e-02 9.996222e-01 -2.377326e-02 -1.707804e+00 -9.906720e-01 -1.043936e-02 1.358675e-01 8.272630e+01
1.014605e-01 2.831963e-02 9.944364e-01 2.420929e+01 -1.090678e-02 9.995663e-01 -2.735293e-02 -1.751642e+00 -9.947798e-01 -8.070861e-03 1.017254e-01 8.281776e+01
6.829883e-02 3.397737e-02 9.970862e-01 2.511371e+01 -1.032481e-02 9.993904e-01 -3.334866e-02 -1.781039e+00 -9.976115e-01 -8.017052e-03 6.860801e-02 8.287820e+01
3.901397e-02 3.650788e-02 9.985715e-01 2.604450e+01 -3.936493e-03 9.993302e-01 -3.638182e-02 -1.833433e+00 -9.992309e-01 -2.511470e-03 3.913156e-02 8.291098e+01
1.246780e-02 3.551834e-02 9.992912e-01 2.702089e+01 -1.035693e-03 9.993688e-01 -3.550817e-02 -1.881252e+00 -9.999217e-01 -5.922500e-04 1.249671e-02 8.292494e+01
-9.866347e-03 3.249546e-02 9.994232e-01 2.799136e+01 -9.395618e-06 9.994718e-01 -3.249713e-02 -1.924249e+00 -9.999513e-01 -3.300182e-04 -9.860831e-03 8.291402e+01
-3.027302e-02 3.023039e-02 9.990844e-01 2.893967e+01 1.151572e-03 9.995429e-01 -3.020937e-02 -1.970422e+00 -9.995410e-01 2.359885e-04 -3.029400e-02 8.288181e+01
-4.758688e-02 3.237927e-02 9.983422e-01 2.986975e+01 3.029134e-03 9.994745e-01 -3.227161e-02 -2.016270e+00 -9.988625e-01 1.488407e-03 -4.765995e-02 8.283608e+01
-6.278317e-02 3.748145e-02 9.973231e-01 3.083033e+01 6.014202e-03 9.992906e-01 -3.717679e-02 -2.061192e+00 -9.980091e-01 3.664026e-03 -6.296405e-02 8.276692e+01
-7.566253e-02 4.174249e-02 9.962594e-01 3.179535e+01 9.175967e-03 9.991102e-01 -4.116506e-02 -2.113138e+00 -9.970913e-01 6.026991e-03 -7.597823e-02 8.268134e+01
-8.535077e-02 4.597046e-02 9.952899e-01 3.274638e+01 1.521622e-02 9.988787e-01 -4.483136e-02 -2.169415e+00 -9.962348e-01 1.131816e-02 -8.595456e-02 8.257845e+01
-9.016313e-02 5.077946e-02 9.946316e-01 3.373141e+01 1.813946e-02 9.986174e-01 -4.933861e-02 -2.231525e+00 -9.957618e-01 1.359356e-02 -9.095958e-02 8.247666e+01
-9.409156e-02 5.596960e-02 9.939890e-01 3.470805e+01 2.022091e-02 9.983199e-01 -5.429934e-02 -2.292721e+00 -9.953582e-01 1.499025e-02 -9.506524e-02 8.236813e+01
-9.790348e-02 5.958456e-02 9.934106e-01 3.567974e+01 2.155534e-02 9.980988e-01 -5.774142e-02 -2.364081e+00 -9.949624e-01 1.576022e-02 -9.900171e-02 8.225779e+01
-9.978710e-02 6.283081e-02 9.930231e-01 3.668269e+01 2.202461e-02 9.978993e-01 -6.092612e-02 -2.436248e+00 -9.947650e-01 1.579130e-02 -1.009613e-01 8.214691e+01
-1.028615e-01 6.616868e-02 9.924924e-01 3.765644e+01 2.250391e-02 9.976844e-01 -6.418253e-02 -2.511674e+00 -9.944411e-01 1.573305e-02 -1.041124e-01 8.204369e+01
-1.041322e-01 6.994198e-02 9.921011e-01 3.866164e+01 2.393483e-02 9.974115e-01 -6.780413e-02 -2.591212e+00 -9.942754e-01 1.668518e-02 -1.055367e-01 8.193471e+01
-1.060421e-01 7.099873e-02 9.918237e-01 3.964186e+01 2.607899e-02 9.973031e-01 -6.860270e-02 -2.674170e+00 -9.940196e-01 1.859099e-02 -1.076077e-01 8.181375e+01
-1.084286e-01 7.021808e-02 9.916212e-01 4.059965e+01 2.668647e-02 9.973484e-01 -6.770560e-02 -2.748720e+00 -9.937460e-01 1.912164e-02 -1.100149e-01 8.170263e+01
-1.100266e-01 6.953720e-02 9.914932e-01 4.159090e+01 2.619525e-02 9.974060e-01 -6.704499e-02 -2.831894e+00 -9.935834e-01 1.859568e-02 -1.115628e-01 8.158577e+01
-1.124561e-01 7.041880e-02 9.911583e-01 4.257241e+01 2.585439e-02 9.973553e-01 -6.792565e-02 -2.915236e+00 -9.933203e-01 1.798714e-02 -1.139794e-01 8.145739e+01
-1.165003e-01 7.247868e-02 9.905425e-01 4.355723e+01 2.476750e-02 9.972356e-01 -7.005544e-02 -2.993864e+00 -9.928818e-01 1.637179e-02 -1.179733e-01 8.133451e+01
-1.197246e-01 7.469313e-02 9.899934e-01 4.458000e+01 2.318364e-02 9.971043e-01 -7.242592e-02 -3.081672e+00 -9.925364e-01 1.428049e-02 -1.211096e-01 8.120016e+01
-1.242754e-01 7.804444e-02 9.891737e-01 4.557928e+01 2.114009e-02 9.968839e-01 -7.599682e-02 -3.169538e+00 -9.920225e-01 1.146669e-02 -1.255380e-01 8.106756e+01
-1.264817e-01 8.187257e-02 9.885845e-01 4.660453e+01 1.758289e-02 9.966166e-01 -8.028818e-02 -3.261640e+00 -9.918131e-01 7.227186e-03 -1.274934e-01 8.093480e+01
-1.300842e-01 8.400236e-02 9.879381e-01 4.763182e+01 1.528029e-02 9.964561e-01 -8.271463e-02 -3.359207e+00 -9.913852e-01 4.336112e-03 -1.309068e-01 8.079235e+01
-1.338659e-01 8.234345e-02 9.875725e-01 4.865299e+01 1.309958e-02 9.966019e-01 -8.132066e-02 -3.458406e+00 -9.909129e-01 2.050718e-03 -1.344897e-01 8.064553e+01
-1.363712e-01 7.900692e-02 9.875023e-01 4.969638e+01 1.081736e-02 9.968741e-01 -7.826288e-02 -3.547933e+00 -9.905987e-01 9.361513e-06 -1.367996e-01 8.049908e+01
-1.385165e-01 7.663890e-02 9.873903e-01 5.072218e+01 1.050773e-02 9.970589e-01 -7.591527e-02 -3.645916e+00 -9.903044e-01 -1.402890e-04 -1.389144e-01 8.034369e+01
-1.409947e-01 7.713244e-02 9.870011e-01 5.174767e+01 1.040678e-02 9.970207e-01 -7.642883e-02 -3.735998e+00 -9.899556e-01 -5.045588e-04 -1.413774e-01 8.019574e+01
-1.420680e-01 7.964050e-02 9.866479e-01 5.277475e+01 1.182553e-02 9.968235e-01 -7.875909e-02 -3.829927e+00 -9.897863e-01 4.784897e-04 -1.425585e-01 8.003995e+01
-1.431798e-01 8.188748e-02 9.863032e-01 5.378857e+01 1.218342e-02 9.966415e-01 -8.097717e-02 -3.922214e+00 -9.896217e-01 4.222468e-04 -1.436966e-01 7.988906e+01
-1.443774e-01 8.259513e-02 9.860696e-01 5.482410e+01 1.142268e-02 9.965830e-01 -8.180328e-02 -4.019882e+00 -9.894568e-01 -5.469912e-04 -1.448275e-01 7.973969e+01
-1.442670e-01 8.112662e-02 9.862076e-01 5.584907e+01 8.710566e-03 9.966991e-01 -8.071544e-02 -4.112760e+00 -9.895005e-01 -3.054144e-03 -1.444974e-01 7.960220e+01
-1.456246e-01 8.056364e-02 9.860542e-01 5.688644e+01 5.467202e-03 9.967292e-01 -8.062841e-02 -4.209876e+00 -9.893248e-01 -6.350521e-03 -1.455887e-01 7.945773e+01
-1.457556e-01 8.097137e-02 9.860015e-01 5.793974e+01 1.366093e-03 9.966606e-01 -8.164476e-02 -4.308850e+00 -9.893197e-01 -1.055321e-02 -1.453795e-01 7.930507e+01
-1.467033e-01 8.104144e-02 9.858552e-01 5.898770e+01 -2.708248e-03 9.966016e-01 -8.232786e-02 -4.407515e+00 -9.891768e-01 -1.474771e-02 -1.459853e-01 7.915249e+01
-1.482584e-01 8.029440e-02 9.856837e-01 6.004230e+01 -6.094027e-03 9.966054e-01 -8.210071e-02 -4.505941e+00 -9.889299e-01 -1.817890e-02 -1.472658e-01 7.900083e+01
-1.483580e-01 7.553846e-02 9.860445e-01 6.110914e+01 -6.143512e-03 9.969889e-01 -7.730122e-02 -4.602607e+00 -9.889146e-01 -1.752603e-02 -1.474472e-01 7.883644e+01
-1.488176e-01 6.738899e-02 9.865658e-01 6.217003e+01 -3.272516e-03 9.976362e-01 -6.863882e-02 -4.693135e+00 -9.888592e-01 -1.344322e-02 -1.482453e-01 7.866450e+01
-1.498657e-01 6.238732e-02 9.867361e-01 6.322987e+01 2.224935e-03 9.980260e-01 -6.276321e-02 -4.778705e+00 -9.887039e-01 -7.210631e-03 -1.497087e-01 7.848989e+01
-1.488802e-01 6.414924e-02 9.867723e-01 6.430328e+01 9.754498e-03 9.979403e-01 -6.340354e-02 -4.866234e+00 -9.888071e-01 1.859394e-04 -1.491993e-01 7.829753e+01
-1.488415e-01 6.931388e-02 9.864288e-01 6.537201e+01 1.446015e-02 9.975862e-01 -6.791600e-02 -4.951937e+00 -9.887553e-01 4.155188e-03 -1.494845e-01 7.810751e+01
-1.477400e-01 7.527136e-02 9.861577e-01 6.645250e+01 1.765704e-02 9.971415e-01 -7.346446e-02 -5.034402e+00 -9.888686e-01 6.558988e-03 -1.486468e-01 7.792414e+01
-1.476327e-01 7.811834e-02 9.859524e-01 6.752592e+01 1.825187e-02 9.969213e-01 -7.625446e-02 -5.138232e+00 -9.888738e-01 6.737827e-03 -1.486040e-01 7.774846e+01
-1.488840e-01 7.736555e-02 9.858236e-01 6.859936e+01 1.602531e-02 9.969926e-01 -7.582185e-02 -5.223138e+00 -9.887248e-01 4.509464e-03 -1.496761e-01 7.758339e+01
-1.482254e-01 7.243172e-02 9.862976e-01 6.970385e+01 1.481197e-02 9.973650e-01 -7.101848e-02 -5.319221e+00 -9.888427e-01 4.082266e-03 -1.489077e-01 7.742475e+01
-1.482736e-01 7.001856e-02 9.864646e-01 7.079921e+01 1.256645e-02 9.975433e-01 -6.891608e-02 -5.409749e+00 -9.888665e-01 2.177922e-03 -1.487892e-01 7.726113e+01
-1.488997e-01 7.074470e-02 9.863184e-01 7.190758e+01 1.084482e-02 9.974944e-01 -6.990911e-02 -5.497373e+00 -9.887928e-01 2.870017e-04 -1.492938e-01 7.709487e+01
-1.488001e-01 7.490224e-02 9.860265e-01 7.301499e+01 1.076800e-02 9.971908e-01 -7.412534e-02 -5.592663e+00 -9.888087e-01 -4.123271e-04 -1.491886e-01 7.692058e+01
-1.497878e-01 7.811832e-02 9.856273e-01 7.413877e+01 1.133183e-02 9.969440e-01 -7.729314e-02 -5.691267e+00 -9.886532e-01 -4.086127e-04 -1.502153e-01 7.675773e+01
-1.496021e-01 7.645342e-02 9.857860e-01 7.527722e+01 1.085689e-02 9.970730e-01 -7.568115e-02 -5.782568e+00 -9.886867e-01 -6.194861e-04 -1.499943e-01 7.660153e+01
-1.497546e-01 7.095536e-02 9.861739e-01 7.643562e+01 1.323138e-02 9.974761e-01 -6.975931e-02 -5.882824e+00 -9.886347e-01 2.601661e-03 -1.503155e-01 7.642444e+01
-1.515089e-01 6.894460e-02 9.860485e-01 7.757810e+01 1.213876e-02 9.976191e-01 -6.788846e-02 -5.980142e+00 -9.883814e-01 1.683704e-03 -1.519851e-01 7.623843e+01
-1.511153e-01 7.135772e-02 9.859372e-01 7.871797e+01 9.226911e-03 9.974495e-01 -7.077671e-02 -6.073956e+00 -9.884731e-01 -1.598287e-03 -1.513883e-01 7.604894e+01
-1.510451e-01 7.388372e-02 9.857619e-01 7.985190e+01 8.070408e-03 9.972619e-01 -7.350905e-02 -6.168323e+00 -9.884939e-01 -3.147680e-03 -1.512278e-01 7.587036e+01
-1.522607e-01 7.342638e-02 9.856091e-01 8.098866e+01 7.576140e-03 9.972939e-01 -7.312649e-02 -6.264442e+00 -9.883113e-01 -3.667181e-03 -1.524050e-01 7.569822e+01
-1.521367e-01 7.025316e-02 9.858595e-01 8.213695e+01 7.008836e-03 9.975222e-01 -7.000266e-02 -6.359010e+00 -9.883346e-01 -3.740245e-03 -1.522521e-01 7.552226e+01
-1.523592e-01 6.878995e-02 9.859283e-01 8.328136e+01 7.759978e-03 9.976273e-01 -6.840703e-02 -6.457167e+00 -9.882947e-01 -2.771661e-03 -1.525316e-01 7.533905e+01
-1.526993e-01 6.924907e-02 9.858435e-01 8.444431e+01 9.279675e-03 9.975985e-01 -6.863743e-02 -6.551887e+00 -9.882291e-01 -1.332579e-03 -1.529752e-01 7.514972e+01
-1.522481e-01 6.900019e-02 9.859308e-01 8.561323e+01 1.058772e-02 9.976166e-01 -6.818306e-02 -6.647910e+00 -9.882856e-01 5.801814e-05 -1.526158e-01 7.496293e+01
-1.523820e-01 6.920569e-02 9.858957e-01 8.678033e+01 1.084881e-02 9.976024e-01 -6.835064e-02 -6.739707e+00 -9.882621e-01 2.803912e-04 -1.527674e-01 7.477877e+01
-1.512905e-01 6.900954e-02 9.860775e-01 8.795146e+01 1.117191e-02 9.976157e-01 -6.810296e-02 -6.834867e+00 -9.884262e-01 7.130327e-04 -1.517008e-01 7.459049e+01
-1.505597e-01 6.755044e-02 9.862904e-01 8.913724e+01 1.218928e-02 9.977138e-01 -6.647210e-02 -6.930003e+00 -9.885258e-01 2.014149e-03 -1.510389e-01 7.440741e+01
-1.510271e-01 6.687436e-02 9.862650e-01 9.032500e+01 1.080874e-02 9.977612e-01 -6.599871e-02 -7.022473e+00 -9.884705e-01 6.926897e-04 -1.514118e-01 7.422199e+01
-1.498679e-01 6.612053e-02 9.864926e-01 9.152269e+01 1.179801e-02 9.978099e-01 -6.508672e-02 -7.115424e+00 -9.886356e-01 1.884236e-03 -1.503198e-01 7.403741e+01
-1.491609e-01 6.683623e-02 9.865515e-01 9.271985e+01 9.957453e-03 9.977640e-01 -6.609034e-02 -7.206771e+00 -9.887628e-01 -3.455189e-05 -1.494929e-01 7.386055e+01
-1.497099e-01 6.891644e-02 9.863252e-01 9.390658e+01 9.975026e-03 9.976224e-01 -6.819173e-02 -7.301111e+00 -9.886796e-01 -3.703610e-04 -1.500414e-01 7.367423e+01
-1.489218e-01 6.799390e-02 9.865086e-01 9.511071e+01 7.794537e-03 9.976829e-01 -6.758743e-02 -7.394814e+00 -9.888183e-01 -2.375864e-03 -1.491067e-01 7.349514e+01
-1.499647e-01 6.713044e-02 9.864097e-01 9.631515e+01 4.846023e-03 9.977302e-01 -6.716411e-02 -7.489859e+00 -9.886795e-01 -5.292079e-03 -1.499496e-01 7.331765e+01
-1.501263e-01 6.738723e-02 9.863676e-01 9.755734e+01 2.026795e-03 9.976933e-01 -6.785250e-02 -7.590207e+00 -9.886647e-01 -8.187281e-03 -1.499166e-01 7.313137e+01
-1.514041e-01 6.684088e-02 9.862095e-01 9.879279e+01 -7.013472e-04 9.977036e-01 -6.772757e-02 -7.685858e+00 -9.884717e-01 -1.094591e-02 -1.510095e-01 7.294893e+01
-1.537098e-01 6.460830e-02 9.860016e-01 1.000190e+02 -2.961484e-03 9.978255e-01 -6.584474e-02 -7.783277e+00 -9.881116e-01 -1.304101e-02 -1.531842e-01 7.276621e+01
-1.552296e-01 6.306146e-02 9.858636e-01 1.012603e+02 -5.046822e-03 9.978968e-01 -6.462582e-02 -7.880411e+00 -9.878655e-01 -1.500732e-02 -1.545849e-01 7.257731e+01
-1.575365e-01 6.247167e-02 9.855351e-01 1.025095e+02 -6.576629e-03 9.979085e-01 -6.430726e-02 -7.977143e+00 -9.874913e-01 -1.661224e-02 -1.567962e-01 7.238566e+01
-1.608902e-01 6.284005e-02 9.849698e-01 1.037442e+02 -6.405528e-03 9.978835e-01 -6.471025e-02 -8.072978e+00 -9.869515e-01 -1.672049e-02 -1.601471e-01 7.219556e+01
-1.633049e-01 6.065750e-02 9.847092e-01 1.049711e+02 -7.049455e-03 9.980109e-01 -6.264597e-02 -8.174186e+00 -9.865505e-01 -1.717206e-02 -1.625525e-01 7.198950e+01
-1.676619e-01 5.754451e-02 9.841637e-01 1.062061e+02 -8.635254e-03 9.981710e-01 -5.983463e-02 -8.262971e+00 -9.858067e-01 -1.853049e-02 -1.668583e-01 7.178477e+01
-1.719718e-01 5.668556e-02 9.834696e-01 1.074356e+02 -9.899913e-03 9.981932e-01 -5.926532e-02 -8.360405e+00 -9.850521e-01 -1.992823e-02 -1.710999e-01 7.158103e+01
-1.786608e-01 6.151085e-02 9.819861e-01 1.086575e+02 -1.473423e-02 9.977647e-01 -6.517993e-02 -8.452116e+00 -9.838004e-01 -2.611390e-02 -1.773551e-01 7.137655e+01
-1.881280e-01 6.455141e-02 9.800209e-01 1.098751e+02 -1.494109e-02 9.975342e-01 -6.857310e-02 -8.549052e+00 -9.820309e-01 -2.754310e-02 -1.866996e-01 7.114458e+01
-1.968342e-01 6.109281e-02 9.785315e-01 1.110853e+02 -1.290261e-02 9.978089e-01 -6.489175e-02 -8.653248e+00 -9.803519e-01 -2.539853e-02 -1.956147e-01 7.091421e+01
-2.080197e-01 5.880960e-02 9.763551e-01 1.123099e+02 -1.096685e-02 9.979879e-01 -6.244919e-02 -8.747600e+00 -9.780632e-01 -2.369820e-02 -2.069561e-01 7.065724e+01
-2.229265e-01 5.925656e-02 9.730326e-01 1.135218e+02 -9.650406e-03 9.979677e-01 -6.298604e-02 -8.851334e+00 -9.747875e-01 -2.343142e-02 -2.219016e-01 7.040024e+01
-2.375040e-01 5.901057e-02 9.695925e-01 1.147090e+02 -8.637395e-03 9.979853e-01 -6.285434e-02 -8.945420e+00 -9.713482e-01 -2.330291e-02 -2.365158e-01 7.010871e+01
-2.529924e-01 5.831917e-02 9.657089e-01 1.159037e+02 -7.235311e-03 9.980395e-01 -6.216709e-02 -9.032365e+00 -9.674412e-01 -2.271501e-02 -2.520744e-01 6.979916e+01
-2.681663e-01 5.900963e-02 9.615637e-01 1.170527e+02 -4.101679e-03 9.980433e-01 -6.239222e-02 -9.136300e+00 -9.633639e-01 -2.067552e-02 -2.673996e-01 6.947523e+01
-2.839102e-01 6.297066e-02 9.567809e-01 1.182040e+02 -3.483640e-03 9.977669e-01 -6.670187e-02 -9.230245e+00 -9.588445e-01 -2.227042e-02 -2.830569e-01 6.912832e+01
-3.011377e-01 6.562578e-02 9.513198e-01 1.193641e+02 -3.956933e-03 9.975345e-01 -7.006641e-02 -9.334164e+00 -9.535725e-01 -2.486394e-02 -3.001355e-01 6.876334e+01
-3.174347e-01 6.341011e-02 9.461577e-01 1.204978e+02 -7.951081e-03 9.975487e-01 -6.952184e-02 -9.436242e+00 -9.482468e-01 -2.959162e-02 -3.161524e-01 6.838583e+01
-3.338852e-01 5.772259e-02 9.408447e-01 1.216444e+02 -1.339833e-02 9.977318e-01 -6.596750e-02 -9.531870e+00 -9.425185e-01 -3.463132e-02 -3.323545e-01 6.799594e+01
-3.497626e-01 5.395358e-02 9.352834e-01 1.227776e+02 -1.667756e-02 9.978235e-01 -6.379813e-02 -9.626745e+00 -9.366899e-01 -3.791245e-02 -3.481016e-01 6.759622e+01
-3.641732e-01 5.406567e-02 9.297606e-01 1.238967e+02 -1.904230e-02 9.976726e-01 -6.547334e-02 -9.723939e+00 -9.311366e-01 -4.154842e-02 -3.622961e-01 6.717312e+01
-3.796755e-01 5.590584e-02 9.234290e-01 1.250045e+02 -1.921842e-02 9.974803e-01 -6.829083e-02 -9.817463e+00 -9.249201e-01 -4.367520e-02 -3.776444e-01 6.673018e+01
-3.931639e-01 5.764253e-02 9.176598e-01 1.260934e+02 -1.790687e-02 9.973637e-01 -7.032116e-02 -9.917972e+00 -9.192940e-01 -4.408015e-02 -3.910951e-01 6.626793e+01
-4.078646e-01 5.767474e-02 9.112190e-01 1.271714e+02 -1.573646e-02 9.974106e-01 -7.017385e-02 -1.001984e+01 -9.129068e-01 -4.296079e-02 -4.059009e-01 6.578815e+01
-4.229163e-01 5.554911e-02 9.044646e-01 1.282431e+02 -1.610041e-02 9.975011e-01 -6.879144e-02 -1.011967e+01 -9.060257e-01 -4.365526e-02 -4.209651e-01 6.528948e+01
-4.365400e-01 5.396898e-02 8.980647e-01 1.293089e+02 -1.623156e-02 9.975643e-01 -6.783838e-02 -1.022118e+01 -8.995384e-01 -4.419115e-02 -4.346007e-01 6.478729e+01
-4.516500e-01 5.501478e-02 8.904974e-01 1.303610e+02 -1.773816e-02 9.973461e-01 -7.061246e-02 -1.031615e+01 -8.920188e-01 -4.768790e-02 -4.494755e-01 6.426209e+01
-4.668781e-01 5.674075e-02 8.824995e-01 1.313913e+02 -1.707611e-02 9.971749e-01 -7.314783e-02 -1.041826e+01 -8.841568e-01 -4.922078e-02 -4.645902e-01 6.371779e+01
-4.800556e-01 5.808717e-02 8.753128e-01 1.324067e+02 -1.656405e-02 9.970272e-01 -7.524870e-02 -1.051782e+01 -8.770817e-01 -5.062228e-02 -4.776663e-01 6.315450e+01
-4.942638e-01 6.045719e-02 8.672071e-01 1.334230e+02 -1.411230e-02 9.968893e-01 -7.754125e-02 -1.062586e+01 -8.691974e-01 -5.056412e-02 -4.918731e-01 6.255595e+01
-5.090308e-01 6.331350e-02 8.584166e-01 1.344311e+02 -1.450342e-02 9.965186e-01 -8.209973e-02 -1.073561e+01 -8.606261e-01 -5.424127e-02 -5.063404e-01 6.194414e+01
-5.231220e-01 6.471600e-02 8.497971e-01 1.354368e+02 -1.475177e-02 9.962758e-01 -8.495200e-02 -1.084451e+01 -8.521301e-01 -5.697628e-02 -5.202192e-01 6.132081e+01
-5.383889e-01 6.218884e-02 8.403987e-01 1.364438e+02 -1.553145e-02 9.963716e-01 -8.368070e-02 -1.096023e+01 -8.425534e-01 -5.810537e-02 -5.354695e-01 6.067780e+01
-5.523823e-01 5.808989e-02 8.315644e-01 1.374473e+02 -1.842946e-02 9.964741e-01 -8.185195e-02 -1.106823e+01 -8.333872e-01 -6.053885e-02 -5.493640e-01 6.001860e+01
-5.675702e-01 5.696076e-02 8.213523e-01 1.384428e+02 -1.942082e-02 9.964001e-01 -8.252049e-02 -1.118390e+01 -8.230959e-01 -6.278751e-02 -5.644208e-01 5.933914e+01
-5.835034e-01 5.569748e-02 8.101985e-01 1.394222e+02 -2.106704e-02 9.962715e-01 -8.366160e-02 -1.129435e+01 -8.118374e-01 -6.588531e-02 -5.801544e-01 5.863775e+01
-5.983316e-01 5.453297e-02 7.993906e-01 1.403958e+02 -2.161155e-02 9.962199e-01 -8.413622e-02 -1.141022e+01 -8.009570e-01 -6.761744e-02 -5.948913e-01 5.791851e+01
-6.128233e-01 5.346183e-02 7.884095e-01 1.413474e+02 -2.309237e-02 9.960711e-01 -8.549279e-02 -1.152415e+01 -7.898825e-01 -7.059821e-02 -6.091810e-01 5.718630e+01
-6.282107e-01 5.266278e-02 7.762589e-01 1.422919e+02 -2.326441e-02 9.959891e-01 -8.639709e-02 -1.164305e+01 -7.776954e-01 -7.233478e-02 -6.244659e-01 5.643207e+01
-6.420421e-01 4.956276e-02 7.650656e-01 1.432349e+02 -2.422829e-02 9.960981e-01 -8.486194e-02 -1.176147e+01 -7.662864e-01 -7.302117e-02 -6.383361e-01 5.564275e+01
-6.560639e-01 4.643623e-02 7.532754e-01 1.441530e+02 -2.398044e-02 9.963187e-01 -8.230453e-02 -1.187645e+01 -7.543243e-01 -7.206091e-02 -6.525351e-01 5.484307e+01
-6.698122e-01 4.419727e-02 7.412140e-01 1.450673e+02 -2.354882e-02 9.964604e-01 -8.069749e-02 -1.199277e+01 -7.421571e-01 -7.150688e-02 -6.664005e-01 5.401632e+01
-6.834008e-01 4.284333e-02 7.287851e-01 1.459707e+02 -2.389583e-02 9.964288e-01 -8.098513e-02 -1.210936e+01 -7.296522e-01 -7.276022e-02 -6.799365e-01 5.316086e+01
-6.977381e-01 4.245300e-02 7.150939e-01 1.468611e+02 -2.603843e-02 9.960797e-01 -8.454075e-02 -1.222725e+01 -7.158796e-01 -7.760722e-02 -6.938973e-01 5.229367e+01
-7.113947e-01 4.186851e-02 7.015444e-01 1.477405e+02 -2.800454e-02 9.957423e-01 -8.782412e-02 -1.234751e+01 -7.022345e-01 -8.212404e-02 -7.071933e-01 5.140722e+01
-7.260061e-01 3.789393e-02 6.866434e-01 1.486077e+02 -3.018960e-02 9.957618e-01 -8.687356e-02 -1.246840e+01 -6.870253e-01 -8.380022e-02 -7.217851e-01 5.051140e+01
-7.412244e-01 3.224387e-02 6.704825e-01 1.494756e+02 -3.199537e-02 9.960133e-01 -8.326999e-02 -1.258679e+01 -6.704944e-01 -8.317407e-02 -7.372376e-01 4.958521e+01
-7.565867e-01 2.885567e-02 6.532564e-01 1.503122e+02 -3.315178e-02 9.960484e-01 -8.239312e-02 -1.270897e+01 -6.530525e-01 -8.399415e-02 -7.526403e-01 4.864204e+01
-7.730824e-01 2.648692e-02 6.337524e-01 1.511235e+02 -3.418275e-02 9.959363e-01 -8.332175e-02 -1.282839e+01 -6.333839e-01 -8.607798e-02 -7.690354e-01 4.767745e+01
-7.895078e-01 2.175367e-02 6.133549e-01 1.519108e+02 -3.756761e-02 9.957848e-01 -8.367405e-02 -1.294396e+01 -6.125897e-01 -8.910359e-02 -7.853626e-01 4.669022e+01
-8.046082e-01 2.053278e-02 5.934510e-01 1.526474e+02 -3.669857e-02 9.957721e-01 -8.420904e-02 -1.306159e+01 -5.926710e-01 -8.953409e-02 -8.004529e-01 4.569428e+01
-8.199445e-01 2.031259e-02 5.720825e-01 1.533650e+02 -3.578757e-02 9.955964e-01 -8.664304e-02 -1.319091e+01 -5.713232e-01 -9.151593e-02 -8.156069e-01 4.465826e+01
-8.337514e-01 2.113467e-02 5.517353e-01 1.540509e+02 -3.194875e-02 9.957462e-01 -8.642203e-02 -1.330971e+01 -5.512149e-01 -8.968175e-02 -8.295296e-01 4.360279e+01
-8.470178e-01 2.142861e-02 5.311324e-01 1.546954e+02 -2.837002e-02 9.959407e-01 -8.542417e-02 -1.344048e+01 -5.308069e-01 -8.742403e-02 -8.429716e-01 4.253149e+01
-8.602409e-01 2.261536e-02 5.093860e-01 1.553321e+02 -2.637708e-02 9.957045e-01 -8.875168e-02 -1.356620e+01 -5.092051e-01 -8.978394e-02 -8.559492e-01 4.143794e+01
-8.723919e-01 2.324055e-02 4.882542e-01 1.559393e+02 -2.566001e-02 9.953144e-01 -9.322447e-02 -1.369729e+01 -4.881331e-01 -9.385689e-02 -8.677079e-01 4.034315e+01
-8.840913e-01 2.323590e-02 4.667362e-01 1.565030e+02 -2.349893e-02 9.952891e-01 -9.406091e-02 -1.382432e+01 -4.667231e-01 -9.412624e-02 -8.793804e-01 3.924439e+01
-8.945873e-01 2.175031e-02 4.463637e-01 1.570430e+02 -2.148618e-02 9.955665e-01 -9.157364e-02 -1.396389e+01 -4.463764e-01 -9.151126e-02 -8.901538e-01 3.811828e+01
-9.036187e-01 2.269813e-02 4.277360e-01 1.575614e+02 -1.940987e-02 9.953994e-01 -9.382614e-02 -1.409034e+01 -4.278978e-01 -9.308535e-02 -8.990209e-01 3.699703e+01
-9.123220e-01 2.493033e-02 4.087140e-01 1.580629e+02 -1.631815e-02 9.951384e-01 -9.712545e-02 -1.423510e+01 -4.091483e-01 -9.527913e-02 -9.074798e-01 3.585376e+01
-9.197702e-01 2.229460e-02 3.918237e-01 1.585494e+02 -1.814199e-02 9.949025e-01 -9.919620e-02 -1.437124e+01 -3.920379e-01 -9.834616e-02 -9.146772e-01 3.469364e+01
-9.268679e-01 1.957599e-02 3.748769e-01 1.590147e+02 -1.924069e-02 9.948493e-01 -9.952265e-02 -1.450927e+01 -3.748943e-01 -9.945724e-02 -9.217172e-01 3.352411e+01
-9.332399e-01 1.684434e-02 3.588586e-01 1.594528e+02 -2.024851e-02 9.948461e-01 -9.935457e-02 -1.465334e+01 -3.586826e-01 -9.998800e-02 -9.280890e-01 3.235426e+01
-9.385854e-01 1.535331e-02 3.447054e-01 1.598865e+02 -2.026000e-02 9.948337e-01 -9.947547e-02 -1.479823e+01 -3.444518e-01 -1.003499e-01 -9.334253e-01 3.117043e+01
-9.436742e-01 1.202202e-02 3.306576e-01 1.603043e+02 -2.200761e-02 9.948462e-01 -9.897876e-02 -1.493888e+01 -3.301433e-01 -1.006807e-01 -9.385461e-01 2.998272e+01
-9.484317e-01 7.909346e-03 3.168830e-01 1.607074e+02 -2.377331e-02 9.950983e-01 -9.599106e-02 -1.507717e+01 -3.160890e-01 -9.857431e-02 -9.435947e-01 2.879257e+01
-9.522987e-01 4.028797e-03 3.051409e-01 1.611010e+02 -2.547741e-02 9.953724e-01 -9.265311e-02 -1.521512e+01 -3.041022e-01 -9.600764e-02 -9.477892e-01 2.757682e+01
-9.560235e-01 4.986903e-03 2.932476e-01 1.614589e+02 -2.254888e-02 9.956462e-01 -9.044388e-02 -1.534865e+01 -2.924219e-01 -9.307888e-02 -9.517488e-01 2.635312e+01
-9.588569e-01 8.151299e-03 2.837728e-01 1.618019e+02 -1.847610e-02 9.956767e-01 -9.103055e-02 -1.548484e+01 -2.832880e-01 -9.252829e-02 -9.545609e-01 2.514671e+01
-9.604347e-01 1.399492e-02 2.781534e-01 1.621477e+02 -1.255686e-02 9.955451e-01 -9.344703e-02 -1.561974e+01 -2.782220e-01 -9.324251e-02 -9.559803e-01 2.392273e+01
-9.620012e-01 1.613900e-02 2.725680e-01 1.624890e+02 -1.021584e-02 9.954252e-01 -9.499585e-02 -1.575804e+01 -2.728542e-01 -9.417063e-02 -9.574354e-01 2.269886e+01
-9.635821e-01 1.405414e-02 2.670431e-01 1.628289e+02 -1.158064e-02 9.954880e-01 -9.417818e-02 -1.589443e+01 -2.671618e-01 -9.384093e-02 -9.590717e-01 2.148289e+01
-9.648033e-01 6.914928e-03 2.628816e-01 1.631742e+02 -1.756218e-02 9.957282e-01 -9.064705e-02 -1.602720e+01 -2.623854e-01 -9.207335e-02 -9.605605e-01 2.024346e+01
-9.664042e-01 1.150715e-03 2.570244e-01 1.635050e+02 -2.236667e-02 9.958200e-01 -8.855637e-02 -1.616002e+01 -2.560519e-01 -9.133002e-02 -9.623389e-01 1.901270e+01
-9.673057e-01 -5.633829e-03 2.535506e-01 1.638435e+02 -2.942124e-02 9.954959e-01 -9.012353e-02 -1.628801e+01 -2.519009e-01 -9.463678e-02 -9.631146e-01 1.776852e+01
-9.681628e-01 -8.602801e-03 2.501735e-01 1.641601e+02 -3.283212e-02 9.951397e-01 -9.283896e-02 -1.642302e+01 -2.481589e-01 -9.809696e-02 -9.637397e-01 1.652418e+01
-9.689077e-01 -8.924537e-03 2.472614e-01 1.644693e+02 -3.336587e-02 9.949337e-01 -9.483538e-02 -1.655704e+01 -2.451623e-01 -1.001368e-01 -9.642967e-01 1.530732e+01
-9.688587e-01 -8.330438e-03 2.474739e-01 1.647639e+02 -3.326409e-02 9.947533e-01 -9.674342e-02 -1.669479e+01 -2.453696e-01 -1.019627e-01 -9.640526e-01 1.407293e+01
-9.688808e-01 -6.440312e-03 2.474441e-01 1.650568e+02 -3.165982e-02 9.946751e-01 -9.807702e-02 -1.684126e+01 -2.454948e-01 -1.028590e-01 -9.639255e-01 1.284175e+01
-9.688145e-01 -5.469424e-03 2.477267e-01 1.653647e+02 -3.117968e-02 9.945007e-01 -9.998107e-02 -1.697941e+01 -2.458175e-01 -1.045872e-01 -9.636572e-01 1.162899e+01
-9.681801e-01 -5.096434e-03 2.502027e-01 1.656624e+02 -3.143036e-02 9.943524e-01 -1.013682e-01 -1.712712e+01 -2.482730e-01 -1.060067e-01 -9.628723e-01 1.038667e+01
-9.679867e-01 -4.165066e-03 2.509669e-01 1.659688e+02 -3.051417e-02 9.943990e-01 -1.011909e-01 -1.727563e+01 -2.491398e-01 -1.056095e-01 -9.626921e-01 9.161709e+00
-9.670160e-01 -4.949245e-03 2.546674e-01 1.662713e+02 -3.165671e-02 9.943948e-01 -1.008808e-01 -1.742833e+01 -2.527406e-01 -1.056153e-01 -9.617524e-01 7.913325e+00
-9.658468e-01 -7.506559e-03 2.590051e-01 1.665752e+02 -3.478000e-02 9.942905e-01 -1.008800e-01 -1.757517e+01 -2.567691e-01 -1.064429e-01 -9.605933e-01 6.699294e+00
-9.647232e-01 -9.530586e-03 2.630938e-01 1.668814e+02 -3.670682e-02 9.944525e-01 -9.857401e-02 -1.772132e+01 -2.606948e-01 -1.047540e-01 -9.597212e-01 5.497619e+00
-9.627376e-01 -1.301592e-02 2.701239e-01 1.671995e+02 -4.016903e-02 9.946437e-01 -9.523792e-02 -1.787124e+01 -2.674374e-01 -1.025397e-01 -9.581038e-01 4.254829e+00
-9.602923e-01 -1.569765e-02 2.785539e-01 1.675342e+02 -4.312331e-02 9.947687e-01 -9.260487e-02 -1.801328e+01 -2.756430e-01 -1.009399e-01 -9.559456e-01 3.009711e+00
-9.579140e-01 -1.538111e-02 2.866431e-01 1.678678e+02 -4.328547e-02 9.948852e-01 -9.126793e-02 -1.816029e+01 -2.837732e-01 -9.983431e-02 -9.536802e-01 1.797749e+00
-9.549128e-01 -1.630450e-02 2.964384e-01 1.682161e+02 -4.536528e-02 9.947785e-01 -9.142042e-02 -1.829881e+01 -2.934000e-01 -1.007465e-01 -9.506664e-01 5.793320e-01
-9.516309e-01 -1.659831e-02 3.067950e-01 1.685651e+02 -4.700133e-02 9.946512e-01 -9.197799e-02 -1.844247e+01 -3.036273e-01 -1.019489e-01 -9.473209e-01 -6.159372e-01
-9.480129e-01 -1.573370e-02 3.178427e-01 1.689384e+02 -4.723012e-02 9.946722e-01 -9.163305e-02 -1.858132e+01 -3.147075e-01 -1.018811e-01 -9.437052e-01 -1.816307e+00
-9.435996e-01 -1.683503e-02 3.306605e-01 1.693212e+02 -4.980367e-02 9.945600e-01 -9.148742e-02 -1.872324e+01 -3.273215e-01 -1.027956e-01 -9.393049e-01 -3.008740e+00
