1.000000e+00 0.000000e+00 0.000000e+00 0.000000e+00 0.000000e+00 1.000000e+00 0.000000e+00 0.000000e+00 0.000000e+00 0.000000e+00 1.000000e+00 0.000000e+00
9.999982e-01 8.822450e-04 1.650993e-03 1.182278e-04 -8.741716e-04 9.999877e-01 -4.884386e-03 -2.105507e-02 -1.655281e-03 4.882934e-03 9.999867e-01 9.510661e-01
9.999961e-01 -1.179933e-03 2.545080e-03 1.113577e-02 1.194645e-03 9.999825e-01 -5.786784e-03 -4.488581e-02 -2.538207e-03 5.789801e-03 9.999800e-01 1.903259e+00
9.999869e-01 -3.479773e-03 3.740767e-03 1.953993e-02 3.488725e-03 9.999911e-01 -2.389425e-03 -6.424374e-02 -3.732419e-03 2.402444e-03 9.999901e-01 2.859526e+00
9.999735e-01 -7.024024e-03 1.913473e-03 2.821208e-02 7.018534e-03 9.999713e-01 2.860786e-03 -8.731872e-02 -1.933512e-03 -2.847281e-03 9.999941e-01 3.816469e+00
9.999504e-01 -9.945786e-03 4.239288e-04 3.092350e-02 9.944336e-03 9.999451e-01 3.295854e-03 -1.079206e-01 -4.566854e-04 -3.291475e-03 9.999945e-01 4.758224e+00
9.999189e-01 -1.272657e-02 4.363971e-04 3.109060e-02 1.272642e-02 9.999190e-01 3.488970e-04 -1.272034e-01 -4.408020e-04 -3.433149e-04 9.999998e-01 5.693287e+00
9.999137e-01 -1.306418e-02 -1.418288e-03 2.474207e-02 1.306028e-02 9.999110e-01 -2.726791e-03 -1.460597e-01 1.453785e-03 2.708032e-03 9.999953e-01 6.621508e+00
9.998987e-01 -1.405340e-02 -2.240264e-03 1.137366e-02 1.404530e-02 9.998949e-01 -3.594462e-03 -1.656827e-01 2.290543e-03 3.562633e-03 9.999910e-01 7.550637e+00
9.998848e-01 -1.502170e-02 -2.176942e-03 -2.149434e-03 1.501783e-02 9.998856e-01 -1.784643e-03 -1.800264e-01 2.203501e-03 1.751745e-03 9.999960e-01 8.473669e+00
9.998631e-01 -1.614026e-02 -3.632929e-03 -1.321736e-02 1.614344e-02 9.998693e-01 8.477739e-04 -1.967645e-01 3.618771e-03 -9.063059e-04 9.999930e-01 9.384983e+00
9.998496e-01 -1.681918e-02 -4.219055e-03 -2.398304e-02 1.682770e-02 9.998564e-01 1.992079e-03 -2.148581e-01 4.184944e-03 -2.062777e-03 9.999891e-01 1.029734e+01
9.998246e-01 -1.840169e-02 -3.481899e-03 -3.675239e-02 1.841089e-02 9.998270e-01 2.628903e-03 -2.355342e-01 3.432920e-03 -2.692546e-03 9.999905e-01 1.120968e+01
9.998096e-01 -1.898597e-02 -4.495477e-03 -4.598014e-02 1.899798e-02 9.998160e-01 2.644488e-03 -2.549942e-01 4.444442e-03 -2.729389e-03 9.999864e-01 1.210913e+01
9.997945e-01 -1.979759e-02 -4.369926e-03 -5.610051e-02 1.980208e-02 9.998034e-01 9.854269e-04 -2.722654e-01 4.349558e-03 -1.071758e-03 9.999900e-01 1.300163e+01
9.997671e-01 -2.111593e-02 -4.446516e-03 -6.276447e-02 2.111103e-02 9.997765e-01 -1.146368e-03 -2.890379e-01 4.469728e-03 1.052230e-03 9.999895e-01 1.389080e+01
9.997455e-01 -2.176775e-02 -5.929383e-03 -7.146199e-02 2.175351e-02 9.997604e-01 -2.454948e-03 -3.060766e-01 5.981400e-03 2.325338e-03 9.999794e-01 1.478845e+01
9.997505e-01 -2.120513e-02 -7.024160e-03 -7.937784e-02 2.118214e-02 9.997701e-01 -3.331166e-03 -3.237672e-01 7.093182e-03 3.181548e-03 9.999698e-01 1.568301e+01
9.997691e-01 -2.006220e-02 -7.699266e-03 -8.976305e-02 2.003063e-02 9.997907e-01 -4.155441e-03 -3.450871e-01 7.781022e-03 4.000260e-03 9.999617e-01 1.658255e+01
9.997813e-01 -1.858301e-02 -9.587802e-03 -1.010738e-01 1.854187e-02 9.998186e-01 -4.362494e-03 -3.646478e-01 9.667131e-03 4.183764e-03 9.999445e-01 1.747793e+01
9.997677e-01 -1.850361e-02 -1.105652e-02 -1.132532e-01 1.846738e-02 9.998238e-01 -3.369613e-03 -3.855121e-01 1.111692e-02 3.164646e-03 9.999332e-01 1.835995e+01
9.997642e-01 -1.848363e-02 -1.139696e-02 -1.255160e-01 1.846109e-02 9.998274e-01 -2.079490e-03 -4.080453e-01 1.143343e-02 1.868600e-03 9.999329e-01 1.922832e+01
9.997514e-01 -1.822771e-02 -1.284292e-02 -1.399726e-01 1.821236e-02 9.998333e-01 -1.310540e-03 -4.292286e-01 1.286467e-02 1.076314e-03 9.999167e-01 2.009199e+01
9.997336e-01 -1.874087e-02 -1.346883e-02 -1.504505e-01 1.872586e-02 9.998239e-01 -1.239761e-03 -4.511293e-01 1.348969e-02 9.872153e-04 9.999085e-01 2.095573e+01
9.997288e-01 -1.868688e-02 -1.389615e-02 -1.582911e-01 1.866693e-02 9.998245e-01 -1.563812e-03 -4.721161e-01 1.392293e-02 1.303990e-03 9.999022e-01 2.182669e+01
9.997105e-01 -1.882779e-02 -1.498306e-02 -1.724110e-01 1.880966e-02 9.998222e-01 -1.349782e-03 -4.917422e-01 1.500581e-02 1.067565e-03 9.998868e-01 2.269117e+01
9.997074e-01 -1.877747e-02 -1.524573e-02 -1.820977e-01 1.878535e-02 9.998235e-01 3.737900e-04 -5.080956e-01 1.523602e-02 -6.600770e-04 9.998837e-01 2.353981e+01
9.996668e-01 -2.001262e-02 -1.630556e-02 -1.953274e-01 2.006653e-02 9.997937e-01 3.149253e-03 -5.265773e-01 1.623917e-02 -3.475400e-03 9.998621e-01 2.438163e+01
9.996521e-01 -2.023756e-02 -1.691576e-02 -2.082648e-01 2.032043e-02 9.997823e-01 4.741543e-03 -5.447998e-01 1.681612e-02 -5.083629e-03 9.998457e-01 2.520958e+01
9.996605e-01 -2.009459e-02 -1.658590e-02 -2.206213e-01 2.016390e-02 9.997886e-01 4.022273e-03 -5.625551e-01 1.650157e-02 -4.355344e-03 9.998544e-01 2.603013e+01
9.996639e-01 -1.946650e-02 -1.711871e-02 -2.339983e-01 1.950186e-02 9.998080e-01 1.901101e-03 -5.777028e-01 1.707841e-02 -2.234309e-03 9.998517e-01 2.683443e+01
9.996479e-01 -1.982577e-02 -1.763396e-02 -2.435928e-01 1.983717e-02 9.998031e-01 4.719056e-04 -5.919951e-01 1.762113e-02 -8.215473e-04 9.998444e-01 2.762701e+01
9.996405e-01 -1.976047e-02 -1.812314e-02 -2.528314e-01 1.976951e-02 9.998045e-01 3.199652e-04 -6.061337e-01 1.811328e-02 -6.781358e-04 9.998357e-01 2.842258e+01
9.995975e-01 -2.060442e-02 -1.950245e-02 -2.591813e-01 2.061042e-02 9.997876e-01 1.069792e-04 -6.253753e-01 1.949610e-02 -5.088899e-04 9.998098e-01 2.919884e+01
9.995627e-01 -2.062294e-02 -2.119079e-02 -2.666298e-01 2.061742e-02 9.997873e-01 -4.787614e-04 -6.419109e-01 2.119615e-02 4.165255e-05 9.997753e-01 2.996902e+01
9.995171e-01 -2.112578e-02 -2.278706e-02 -2.774378e-01 2.111904e-02 9.997768e-01 -5.361768e-04 -6.569875e-01 2.279330e-02 5.467703e-05 9.997402e-01 3.073512e+01
9.994327e-01 -2.205092e-02 -2.545789e-02 -2.874157e-01 2.207003e-02 9.997563e-01 4.696435e-04 -6.683376e-01 2.544133e-02 -1.031233e-03 9.996758e-01 3.148339e+01
9.993391e-01 -2.367926e-02 -2.758102e-02 -2.957598e-01 2.375649e-02 9.997147e-01 2.475945e-03 -6.812522e-01 2.751453e-02 -3.129537e-03 9.996165e-01 3.222606e+01
9.992985e-01 -2.375093e-02 -2.895468e-02 -3.064795e-01 2.387691e-02 9.997069e-01 4.013139e-03 -6.941490e-01 2.885088e-02 -4.701672e-03 9.995727e-01 3.295255e+01
9.992334e-01 -2.320887e-02 -3.152626e-02 -3.236301e-01 2.335440e-02 9.997182e-01 4.255896e-03 -7.088825e-01 3.141860e-02 -4.988910e-03 9.994939e-01 3.366296e+01
9.992450e-01 -2.073743e-02 -3.285279e-02 -3.378189e-01 2.085790e-02 9.997769e-01 3.328350e-03 -7.221320e-01 3.277644e-02 -4.011077e-03 9.994547e-01 3.436742e+01
9.992101e-01 -1.895380e-02 -3.492635e-02 -3.523069e-01 1.904275e-02 9.998162e-01 2.215892e-03 -7.352905e-01 3.487793e-02 -2.879236e-03 9.993874e-01 3.505456e+01
9.991549e-01 -1.839230e-02 -3.675909e-02 -3.814623e-01 1.851901e-02 9.998237e-01 3.109354e-03 -7.461006e-01 3.669542e-02 -3.787468e-03 9.993193e-01 3.573160e+01
9.991355e-01 -1.766312e-02 -3.763277e-02 -4.050067e-01 1.785836e-02 9.998287e-01 4.858367e-03 -7.582015e-01 3.754051e-02 -5.526227e-03 9.992798e-01 3.640137e+01
9.991540e-01 -1.565583e-02 -3.802808e-02 -4.341832e-01 1.587148e-02 9.998596e-01 5.375333e-03 -7.691116e-01 3.793858e-02 -5.974347e-03 9.992622e-01 3.705403e+01
9.992482e-01 -1.296734e-02 -3.653656e-02 -4.651960e-01 1.310855e-02 9.999075e-01 3.627998e-03 -7.836691e-01 3.648613e-02 -4.104212e-03 9.993257e-01 3.770581e+01
9.993415e-01 -1.130425e-02 -3.447743e-02 -4.884850e-01 1.132736e-02 9.999357e-01 4.750712e-04 -7.939446e-01 3.446984e-02 -8.652965e-04 9.994054e-01 3.834511e+01
9.994052e-01 -1.127452e-02 -3.258978e-02 -5.086503e-01 1.124407e-02 9.999362e-01 -1.117268e-03 -8.040205e-01 3.260030e-02 7.501614e-04 9.994682e-01 3.897411e+01
9.995249e-01 -1.053781e-02 -2.896314e-02 -5.294169e-01 1.053141e-02 9.999445e-01 -3.732820e-04 -8.145371e-01 2.896547e-02 6.808188e-05 9.995804e-01 3.957808e+01
9.996580e-01 -7.151714e-03 -2.515450e-02 -5.515460e-01 7.207406e-03 9.999718e-01 2.124019e-03 -8.266706e-01 2.513860e-02 -2.304591e-03 9.996813e-01 4.019605e+01
9.997615e-01 -3.026140e-03 -2.163056e-02 -5.718105e-01 3.144939e-03 9.999801e-01 5.460280e-03 -8.374631e-01 2.161361e-02 -5.527005e-03 9.997511e-01 4.080446e+01
9.998569e-01 1.223056e-03 -1.687298e-02 -5.899423e-01 -1.110660e-03 9.999771e-01 6.669066e-03 -8.501299e-01 1.688076e-02 -6.649372e-03 9.998354e-01 4.138347e+01
9.999297e-01 4.755871e-03 -1.086301e-02 -5.994686e-01 -4.680435e-03 9.999648e-01 6.959240e-03 -8.582666e-01 1.089572e-02 -6.907907e-03 9.999168e-01 4.195195e+01
9.999559e-01 7.812546e-03 -5.206853e-03 -6.132143e-01 -7.766603e-03 9.999312e-01 8.786206e-03 -8.643560e-01 5.275138e-03 -8.745379e-03 9.999478e-01 4.249707e+01
9.999211e-01 1.246450e-02 1.530715e-03 -6.158198e-01 -1.247954e-02 9.998696e-01 1.025083e-02 -8.747751e-01 -1.402744e-03 -1.026912e-02 9.999463e-01 4.304019e+01
9.998299e-01 1.578548e-02 9.534595e-03 -6.102140e-01 -1.588274e-02 9.998217e-01 1.021346e-02 -8.855433e-01 -9.371671e-03 -1.036316e-02 9.999024e-01 4.354375e+01
9.996868e-01 1.873239e-02 1.659223e-02 -6.096527e-01 -1.890768e-02 9.997664e-01 1.047128e-02 -8.966911e-01 -1.639220e-02 -1.078173e-02 9.998075e-01 4.403884e+01
9.994357e-01 2.289813e-02 2.457362e-02 -5.989668e-01 -2.315366e-02 9.996802e-01 1.016491e-02 -9.051907e-01 -2.433301e-02 -1.072814e-02 9.996463e-01 4.450278e+01
9.990983e-01 2.727842e-02 3.253375e-02 -5.786732e-01 -2.753612e-02 9.995927e-01 7.499378e-03 -9.121041e-01 -3.231593e-02 -8.388469e-03 9.994425e-01 4.495386e+01
9.987824e-01 2.872576e-02 4.010714e-02 -5.614752e-01 -2.894036e-02 9.995697e-01 4.780442e-03 -9.232634e-01 -3.995257e-02 -5.935337e-03 9.991839e-01 4.538561e+01
9.983998e-01 2.920759e-02 4.842183e-02 -5.365993e-01 -2.945785e-02 9.995561e-01 4.462632e-03 -9.279576e-01 -4.826999e-02 -5.881895e-03 9.988170e-01 4.578041e+01
9.980527e-01 2.804022e-02 5.571859e-02 -5.038546e-01 -2.842837e-02 9.995767e-01 6.185705e-03 -9.391503e-01 -5.552156e-02 -7.757649e-03 9.984274e-01 4.617437e+01
9.975397e-01 2.928254e-02 6.369495e-02 -4.818160e-01 -2.980641e-02 9.995291e-01 7.289954e-03 -9.445714e-01 -6.345149e-02 -9.170537e-03 9.979428e-01 4.653119e+01
9.968379e-01 3.189273e-02 7.278055e-02 -4.606601e-01 -3.254462e-02 9.994399e-01 7.788379e-03 -9.509856e-01 -7.249140e-02 -1.013237e-02 9.973176e-01 4.686611e+01
9.960124e-01 3.654403e-02 8.138729e-02 -4.340589e-01 -3.727541e-02 9.992770e-01 7.484738e-03 -9.587504e-01 -8.105492e-02 -1.048864e-02 9.966544e-01 4.718030e+01
9.950724e-01 4.021140e-02 9.063086e-02 -4.046921e-01 -4.106738e-02 9.991275e-01 7.598992e-03 -9.648070e-01 -9.024622e-02 -1.128352e-02 9.958556e-01 4.747143e+01
9.942497e-01 3.941589e-02 9.956856e-02 -3.628879e-01 -4.045313e-02 9.991460e-01 8.419221e-03 -9.734484e-01 -9.915167e-02 -1.239867e-02 9.949951e-01 4.774893e+01
9.931669e-01 3.829069e-02 1.102421e-01 -3.170314e-01 -3.932196e-02 9.992007e-01 7.194895e-03 -9.814958e-01 -1.098785e-01 -1.148067e-02 9.938787e-01 4.798586e+01
9.918813e-01 3.714408e-02 1.216216e-01 -2.693868e-01 -3.782675e-02 9.992788e-01 3.308206e-03 -9.896073e-01 -1.214110e-01 -7.881898e-03 9.925710e-01 4.823906e+01
9.901316e-01 3.805217e-02 1.348754e-01 -2.198111e-01 -3.833900e-02 9.992647e-01 -4.710839e-04 -9.969013e-01 -1.347941e-01 -4.704551e-03 9.908625e-01 4.848573e+01
9.878464e-01 3.964074e-02 1.502936e-01 -1.751489e-01 -3.974956e-02 9.992071e-01 -2.281187e-03 -1.001358e+00 -1.502649e-01 -3.720643e-03 9.886388e-01 4.872112e+01
9.850948e-01 4.095144e-02 1.670668e-01 -1.268819e-01 -4.100934e-02 9.991539e-01 -3.104796e-03 -1.008092e+00 -1.670526e-01 -3.792780e-03 9.859407e-01 4.895321e+01
9.820731e-01 4.107112e-02 1.839719e-01 -7.840423e-02 -4.106895e-02 9.991490e-01 -3.823709e-03 -1.013874e+00 -1.839724e-01 -3.800371e-03 9.829241e-01 4.916435e+01
9.786095e-01 4.028662e-02 2.017436e-01 -7.310964e-03 -4.023760e-02 9.991807e-01 -4.345690e-03 -1.020607e+00 -2.017534e-01 -3.864946e-03 9.794287e-01 4.939244e+01
9.745376e-01 3.886373e-02 2.208303e-01 7.478778e-02 -3.889464e-02 9.992344e-01 -4.209955e-03 -1.028684e+00 -2.208249e-01 -4.486358e-03 9.753032e-01 4.962496e+01
9.697618e-01 3.878693e-02 2.409514e-01 1.467794e-01 -3.880420e-02 9.992359e-01 -4.675088e-03 -1.034919e+00 -2.409486e-01 -4.816202e-03 9.705259e-01 4.983709e+01
9.641242e-01 4.044689e-02 2.623519e-01 2.190764e-01 -4.023819e-02 9.991711e-01 -6.170120e-03 -1.039758e+00 -2.623840e-01 -4.607804e-03 9.649525e-01 5.004436e+01
9.574565e-01 4.157821e-02 2.855665e-01 3.008591e-01 -4.114920e-02 9.991248e-01 -7.505276e-03 -1.046457e+00 -2.856287e-01 -4.564859e-03 9.583295e-01 5.025099e+01
9.499310e-01 4.240207e-02 3.095694e-01 3.867201e-01 -4.205148e-02 9.990849e-01 -7.808459e-03 -1.055260e+00 -3.096172e-01 -5.600355e-03 9.508448e-01 5.045823e+01
9.412171e-01 4.460956e-02 3.348439e-01 4.828731e-01 -4.453015e-02 9.989767e-01 -7.918227e-03 -1.063833e+00 -3.348544e-01 -7.457875e-03 9.422404e-01 5.068997e+01
9.311456e-01 4.640900e-02 3.616824e-01 5.860820e-01 -4.660176e-02 9.988799e-01 -8.195017e-03 -1.073572e+00 -3.616576e-01 -9.224282e-03 9.322654e-01 5.091879e+01
9.198034e-01 4.669976e-02 3.895907e-01 6.950900e-01 -4.702651e-02 9.988557e-01 -8.704471e-03 -1.082512e+00 -3.895514e-01 -1.031469e-02 9.209470e-01 5.113312e+01
9.067966e-01 4.470557e-02 4.191913e-01 8.395174e-01 -4.479750e-02 9.989497e-01 -9.629016e-03 -1.093640e+00 -4.191815e-01 -1.004716e-02 9.078469e-01 5.134279e+01
8.914751e-01 4.162534e-02 4.511535e-01 9.976714e-01 -4.095275e-02 9.990976e-01 -1.125875e-02 -1.104886e+00 -4.512151e-01 -8.439080e-03 8.923753e-01 5.154952e+01
8.737261e-01 4.032522e-02 4.847438e-01 1.155888e+00 -3.820143e-02 9.991683e-01 -1.426339e-02 -1.114367e+00 -4.849158e-01 -6.055605e-03 8.745399e-01 5.174090e+01
8.537501e-01 4.174603e-02 5.190068e-01 1.320396e+00 -3.784591e-02 9.991195e-01 -1.810828e-02 -1.122887e+00 -5.193057e-01 -4.182336e-03 8.545783e-01 5.195098e+01
8.314717e-01 4.333144e-02 5.538748e-01 1.481545e+00 -3.787270e-02 9.990554e-01 -2.130523e-02 -1.131418e+00 -5.542748e-01 -3.262042e-03 8.323274e-01 5.214955e+01
8.067081e-01 4.554489e-02 5.891923e-01 1.675604e+00 -3.910372e-02 9.989545e-01 -2.367985e-02 -1.142574e+00 -5.896549e-01 -3.936891e-03 8.076457e-01 5.236352e+01
7.790880e-01 4.879213e-02 6.250130e-01 1.889299e+00 -4.211491e-02 9.987880e-01 -2.547429e-02 -1.156464e+00 -6.254984e-01 -6.475652e-03 7.801986e-01 5.258861e+01
7.492254e-01 5.265335e-02 6.602188e-01 2.114996e+00 -4.607233e-02 9.985635e-01 -2.735328e-02 -1.167498e+00 -6.607107e-01 -9.924049e-03 7.505750e-01 5.280197e+01
7.163058e-01 5.352674e-02 6.957305e-01 2.364056e+00 -4.669315e-02 9.984956e-01 -2.874625e-02 -1.181663e+00 -6.962225e-01 -1.189475e-02 7.177275e-01 5.301260e+01
6.799748e-01 5.104371e-02 7.314567e-01 2.663411e+00 -4.427216e-02 9.986120e-01 -2.853062e-02 -1.199314e+00 -7.318977e-01 -1.298306e-02 6.812908e-01 5.323192e+01
6.414008e-01 4.938590e-02 7.656148e-01 2.966719e+00 -4.244253e-02 9.986819e-01 -2.886324e-02 -1.217215e+00 -7.660311e-01 -1.398173e-02 6.426514e-01 5.343607e+01
5.994778e-01 4.867152e-02 7.989102e-01 3.290010e+00 -4.147474e-02 9.986974e-01 -2.972165e-02 -1.230407e+00 -7.993161e-01 -1.531712e-02 6.007156e-01 5.364020e+01
5.536276e-01 4.803136e-02 8.313781e-01 3.625768e+00 -3.939206e-02 9.987282e-01 -3.146793e-02 -1.249233e+00 -8.318322e-01 -1.532818e-02 5.548155e-01 5.381440e+01
5.062855e-01 4.635526e-02 8.611191e-01 4.009595e+00 -3.699425e-02 9.988025e-01 -3.201658e-02 -1.269821e+00 -8.615721e-01 -1.564692e-02 5.073941e-01 5.398633e+01
4.577350e-01 4.404191e-02 8.879972e-01 4.418180e+00 -3.612874e-02 9.988688e-01 -3.091756e-02 -1.289788e+00 -8.883543e-01 -1.793017e-02 4.588084e-01 5.415257e+01
4.084237e-01 4.102281e-02 9.118702e-01 4.823754e+00 -3.644357e-02 9.989259e-01 -2.861628e-02 -1.309075e+00 -9.120647e-01 -2.154424e-02 4.094800e-01 5.429706e+01
3.587079e-01 4.040846e-02 9.325748e-01 5.260023e+00 -4.000572e-02 9.988101e-01 -2.789054e-02 -1.321780e+00 -9.325922e-01 -2.730377e-02 3.598976e-01 5.443801e+01
3.090518e-01 4.097765e-02 9.501620e-01 5.708737e+00 -3.975701e-02 9.987546e-01 -3.014185e-02 -1.332876e+00 -9.502139e-01 -2.846021e-02 3.102961e-01 5.455681e+01
2.623981e-01 3.726276e-02 9.642400e-01 6.178017e+00 -3.070944e-02 9.990704e-01 -3.025183e-02 -1.362655e+00 -9.644709e-01 -2.167324e-02 2.632985e-01 5.462664e+01
2.183626e-01 3.161590e-02 9.753554e-01 6.659862e+00 -1.867777e-02 9.994274e-01 -2.821461e-02 -1.384625e+00 -9.756889e-01 -1.205645e-02 2.188281e-01 5.467066e+01
1.759585e-01 2.931524e-02 9.839610e-01 7.166995e+00 -1.042284e-02 9.995559e-01 -2.791598e-02 -1.411306e+00 -9.843424e-01 -5.343618e-03 1.761859e-01 5.471145e+01
1.376088e-01 3.149099e-02 9.899859e-01 7.668487e+00 -7.882193e-03 9.994976e-01 -3.069793e-02 -1.420718e+00 -9.904553e-01 -3.578955e-03 1.377879e-01 5.474652e+01
1.049013e-01 3.150976e-02 9.939833e-01 8.198878e+00 -9.000988e-04 9.995005e-01 -3.158967e-02 -1.449258e+00 -9.944822e-01 2.419114e-03 1.048773e-01 5.477222e+01
7.567671e-02 2.985934e-02 9.966852e-01 8.730243e+00 6.605782e-03 9.995146e-01 -3.044567e-02 -1.477946e+00 -9.971105e-01 8.887914e-03 7.544274e-02 5.477895e+01
5.082197e-02 2.801363e-02 9.983148e-01 9.266613e+00 1.208255e-02 9.995161e-01 -2.866244e-02 -1.497683e+00 -9.986346e-01 1.351886e-02 5.045890e-02 5.478415e+01
3.062087e-02 2.688195e-02 9.991695e-01 9.825927e+00 1.734507e-02 9.994735e-01 -2.742169e-02 -1.517562e+00 -9.993806e-01 1.817034e-02 3.013848e-02 5.478918e+01
1.416111e-02 2.806560e-02 9.995058e-01 1.039585e+01 1.902000e-02 9.994176e-01 -2.833260e-02 -1.537642e+00 -9.997188e-01 1.941182e-02 1.361905e-02 5.478989e+01
1.186473e-03 2.812263e-02 9.996038e-01 1.095493e+01 1.955791e-02 9.994126e-01 -2.814047e-02 -1.560739e+00 -9.998080e-01 1.958355e-02 6.357566e-04 5.477922e+01
-1.089330e-02 2.899229e-02 9.995203e-01 1.154969e+01 2.008484e-02 9.993843e-01 -2.876945e-02 -1.581642e+00 -9.997389e-01 1.976181e-02 -1.146890e-02 5.477407e+01
-2.027588e-02 3.149847e-02 9.992981e-01 1.215898e+01 2.467245e-02 9.992150e-01 -3.099524e-02 -1.609341e+00 -9.994899e-01 2.402668e-02 -2.103711e-02 5.475409e+01
-2.781618e-02 3.310805e-02 9.990646e-01 1.278069e+01 2.885870e-02 9.990614e-01 -3.230445e-02 -1.636665e+00 -9.991964e-01 2.793312e-02 -2.874552e-02 5.473697e+01
-3.268984e-02 3.274825e-02 9.989289e-01 1.338586e+01 2.876643e-02 9.990798e-01 -3.181182e-02 -1.659001e+00 -9.990515e-01 2.769570e-02 -3.360181e-02 5.471021e+01
-3.718536e-02 2.982557e-02 9.988632e-01 1.401988e+01 2.635400e-02 9.992361e-01 -2.885561e-02 -1.683587e+00 -9.989608e-01 2.525104e-02 -3.794297e-02 5.469738e+01
-3.947218e-02 2.314443e-02 9.989526e-01 1.466376e+01 2.444621e-02 9.994548e-01 -2.219011e-02 -1.705472e+00 -9.989216e-01 2.354471e-02 -4.001646e-02 5.467312e+01
-4.101316e-02 1.734336e-02 9.990081e-01 1.532971e+01 2.499500e-02 9.995542e-01 -1.632670e-02 -1.728670e+00 -9.988459e-01 2.430059e-02 -4.142837e-02 5.464325e+01
-4.201909e-02 1.505428e-02 9.990034e-01 1.599812e+01 2.772911e-02 9.995189e-01 -1.389574e-02 -1.749158e+00 -9.987319e-01 2.711758e-02 -4.241632e-02 5.460332e+01
-4.258283e-02 1.676012e-02 9.989524e-01 1.667764e+01 3.160228e-02 9.993816e-01 -1.542019e-02 -1.776996e+00 -9.985930e-01 3.091253e-02 -4.308616e-02 5.456852e+01
-4.132214e-02 2.423756e-02 9.988519e-01 1.736021e+01 3.249928e-02 9.992093e-01 -2.290175e-02 -1.796904e+00 -9.986172e-01 3.151561e-02 -4.207717e-02 5.453246e+01
-3.959444e-02 3.193591e-02 9.987054e-01 1.805416e+01 3.199472e-02 9.990171e-01 -3.067743e-02 -1.819496e+00 -9.987035e-01 3.073864e-02 -4.057730e-02 5.449942e+01
-3.805947e-02 3.331605e-02 9.987199e-01 1.875222e+01 3.259365e-02 9.989537e-01 -3.208175e-02 -1.840292e+00 -9.987438e-01 3.133091e-02 -3.910554e-02 5.447168e+01
-3.563277e-02 2.899570e-02 9.989442e-01 1.948058e+01 3.244437e-02 9.990857e-01 -2.784250e-02 -1.870312e+00 -9.988382e-01 3.141801e-02 -3.654093e-02 5.443937e+01
-3.298098e-02 2.277516e-02 9.991965e-01 2.019987e+01 3.236837e-02 9.992402e-01 -2.170776e-02 -1.901384e+00 -9.989317e-01 3.162642e-02 -3.369311e-02 5.441259e+01
-3.075032e-02 2.131237e-02 9.992999e-01 2.092946e+01 3.083051e-02 9.993172e-01 -2.036403e-02 -1.929182e+00 -9.990515e-01 3.018272e-02 -3.138639e-02 5.439308e+01
-2.756902e-02 2.640598e-02 9.992711e-01 2.165938e+01 3.747536e-02 9.989756e-01 -2.536426e-02 -1.963766e+00 -9.989172e-01 3.674878e-02 -2.853035e-02 5.435884e+01
-2.470579e-02 3.172645e-02 9.991912e-01 2.235842e+01 3.962550e-02 9.987419e-01 -3.073242e-02 -1.996697e+00 -9.989091e-01 3.883418e-02 -2.593188e-02 5.433299e+01
-2.276245e-02 3.276040e-02 9.992040e-01 2.309174e+01 3.404434e-02 9.989087e-01 -3.197517e-02 -2.021681e+00 -9.991611e-01 3.328941e-02 -2.385292e-02 5.431965e+01
-1.900561e-02 2.988161e-02 9.993727e-01 2.383295e+01 2.898020e-02 9.991498e-01 -2.932381e-02 -2.048983e+00 -9.993993e-01 2.840470e-02 -1.985543e-02 5.431379e+01
-1.496399e-02 2.600110e-02 9.995499e-01 2.455786e+01 3.316500e-02 9.991247e-01 -2.549354e-02 -2.086338e+00 -9.993379e-01 3.276859e-02 -1.581322e-02 5.429185e+01
-1.236123e-02 2.694032e-02 9.995606e-01 2.528036e+01 3.801980e-02 9.989268e-01 -2.645306e-02 -2.124686e+00 -9.992005e-01 3.767611e-02 -1.337223e-02 5.427535e+01
-9.187147e-03 3.122622e-02 9.994701e-01 2.600988e+01 3.791460e-02 9.988045e-01 -3.085692e-02 -2.160739e+00 -9.992387e-01 3.761102e-02 -1.036009e-02 5.426102e+01
-5.640678e-03 3.274948e-02 9.994477e-01 2.673779e+01 3.396172e-02 9.988933e-01 -3.253964e-02 -2.186299e+00 -9.994072e-01 3.375942e-02 -6.746664e-03 5.425711e+01
-2.400067e-03 3.178087e-02 9.994920e-01 2.745423e+01 3.219886e-02 9.989791e-01 -3.168725e-02 -2.221614e+00 -9.994786e-01 3.210645e-02 -3.420925e-03 5.425608e+01
1.705223e-03 2.971420e-02 9.995570e-01 2.819008e+01 3.654953e-02 9.988887e-01 -2.975669e-02 -2.256425e+00 -9.993304e-01 3.658408e-02 6.172882e-04 5.424616e+01
5.310752e-03 2.966344e-02 9.995458e-01 2.892980e+01 4.104869e-02 9.987110e-01 -2.985676e-02 -2.295716e+00 -9.991430e-01 4.118861e-02 4.086261e-03 5.423796e+01
8.438053e-03 3.069099e-02 9.994933e-01 2.966380e+01 4.368829e-02 9.985632e-01 -3.103126e-02 -2.332770e+00 -9.990096e-01 4.392800e-02 7.085091e-03 5.424018e+01
1.158000e-02 3.054251e-02 9.994664e-01 3.038214e+01 4.359483e-02 9.985676e-01 -3.102015e-02 -2.366428e+00 -9.989822e-01 4.393079e-02 1.023192e-02 5.424123e+01
1.515846e-02 2.953298e-02 9.994489e-01 3.110297e+01 4.455450e-02 9.985509e-01 -3.018219e-02 -2.396526e+00 -9.988919e-01 4.498746e-02 1.382067e-02 5.424303e+01
1.853216e-02 2.827783e-02 9.994283e-01 3.183762e+01 4.697553e-02 9.984714e-01 -2.912181e-02 -2.436688e+00 -9.987241e-01 4.748836e-02 1.717547e-02 5.425136e+01
2.192475e-02 2.873309e-02 9.993466e-01 3.255419e+01 4.525565e-02 9.985338e-01 -2.970259e-02 -2.466799e+00 -9.987348e-01 4.587730e-02 2.059227e-02 5.426873e+01
2.446024e-02 3.030103e-02 9.992415e-01 3.328555e+01 4.220004e-02 9.986183e-01 -3.131514e-02 -2.497089e+00 -9.988097e-01 4.293400e-02 2.314773e-02 5.429319e+01
2.690877e-02 3.054868e-02 9.991710e-01 3.401186e+01 4.381654e-02 9.985362e-01 -3.170930e-02 -2.533280e+00 -9.986771e-01 4.463347e-02 2.553084e-02 5.431103e+01
2.983187e-02 3.004879e-02 9.991032e-01 3.472942e+01 4.211703e-02 9.986225e-01 -3.129189e-02 -2.564686e+00 -9.986672e-01 4.301276e-02 2.852521e-02 5.433884e+01
3.078794e-02 3.039661e-02 9.990636e-01 3.543765e+01 4.050415e-02 9.986785e-01 -3.163310e-02 -2.596080e+00 -9.987049e-01 4.144014e-02 2.951607e-02 5.437045e+01
3.536097e-02 3.037464e-02 9.989129e-01 3.619523e+01 3.800042e-02 9.987743e-01 -3.171562e-02 -2.635540e+00 -9.986519e-01 3.908061e-02 3.416338e-02 5.440651e+01
3.722144e-02 3.248056e-02 9.987790e-01 3.692993e+01 3.627939e-02 9.987688e-01 -3.383225e-02 -2.667245e+00 -9.986483e-01 3.749438e-02 3.599724e-02 5.443870e+01
3.949371e-02 3.587275e-02 9.985757e-01 3.767113e+01 3.601312e-02 9.986550e-01 -3.729992e-02 -2.705552e+00 -9.985706e-01 3.743494e-02 3.814870e-02 5.447199e+01
4.270299e-02 3.811699e-02 9.983604e-01 3.842911e+01 3.562148e-02 9.985785e-01 -3.964896e-02 -2.744403e+00 -9.984526e-01 3.725620e-02 4.128450e-02 5.450786e+01
4.509118e-02 4.032731e-02 9.981686e-01 3.920163e+01 3.019997e-02 9.986732e-01 -4.171195e-02 -2.783575e+00 -9.985263e-01 3.202551e-02 4.381347e-02 5.455131e+01
4.704001e-02 4.038395e-02 9.980763e-01 3.995429e+01 2.603148e-02 9.987935e-01 -4.163984e-02 -2.815904e+00 -9.985538e-01 2.794014e-02 4.593200e-02 5.459596e+01
5.040548e-02 4.044677e-02 9.979095e-01 4.073283e+01 2.805697e-02 9.987279e-01 -4.189713e-02 -2.865290e+00 -9.983347e-01 3.011016e-02 4.920655e-02 5.463416e+01
5.386891e-02 4.142466e-02 9.976884e-01 4.150675e+01 2.784997e-02 9.986881e-01 -4.296989e-02 -2.915194e+00 -9.981596e-01 3.010034e-02 5.264456e-02 5.467722e+01
5.671922e-02 4.260968e-02 9.974805e-01 4.227990e+01 2.380049e-02 9.987472e-01 -4.401715e-02 -2.954417e+00 -9.981064e-01 2.623715e-02 5.563403e-02 5.473076e+01
6.135416e-02 4.150636e-02 9.972527e-01 4.307001e+01 2.283962e-02 9.988150e-01 -4.297655e-02 -2.992391e+00 -9.978547e-01 2.541367e-02 6.033347e-02 5.478633e+01
6.593945e-02 4.049374e-02 9.970016e-01 4.386576e+01 2.345901e-02 9.988371e-01 -4.211981e-02 -3.050244e+00 -9.975478e-01 2.616603e-02 6.491283e-02 5.484186e+01
7.067080e-02 4.515187e-02 9.964773e-01 4.465080e+01 2.034945e-02 9.987019e-01 -4.669587e-02 -3.089267e+00 -9.972921e-01 2.357780e-02 6.966025e-02 5.490694e+01
7.707685e-02 5.316650e-02 9.956066e-01 4.544563e+01 1.784851e-02 9.983436e-01 -5.469443e-02 -3.144076e+00 -9.968654e-01 2.198576e-02 7.600024e-02 5.497748e+01
8.415042e-02 5.830111e-02 9.947460e-01 4.623021e+01 1.671111e-02 9.980639e-01 -5.990924e-02 -3.196286e+00 -9.963129e-01 2.166469e-02 8.301322e-02 5.505233e+01
9.094337e-02 6.147946e-02 9.939565e-01 4.701985e+01 1.225965e-02 9.979478e-01 -6.284804e-02 -3.251926e+00 -9.957806e-01 1.790117e-02 9.000302e-02 5.513937e+01
9.881054e-02 6.046569e-02 9.932675e-01 4.782663e+01 9.431203e-03 9.980505e-01 -6.169507e-02 -3.312038e+00 -9.950616e-01 1.546383e-02 9.804764e-02 5.523362e+01
1.060171e-01 5.860684e-02 9.926357e-01 4.862658e+01 9.075853e-03 9.981630e-01 -5.990251e-02 -3.374418e+00 -9.943229e-01 1.535970e-02 1.052904e-01 5.532586e+01
1.128521e-01 5.560490e-02 9.920547e-01 4.942776e+01 8.823846e-03 9.983374e-01 -5.696082e-02 -3.434502e+00 -9.935726e-01 1.518188e-02 1.121738e-01 5.541801e+01
1.206065e-01 4.984618e-02 9.914481e-01 5.024225e+01 7.006897e-03 9.986709e-01 -5.106168e-02 -3.492856e+00 -9.926757e-01 1.310535e-02 1.200969e-01 5.552755e+01
1.277288e-01 4.339966e-02 9.908591e-01 5.104477e+01 4.623062e-03 9.990053e-01 -4.435241e-02 -3.541376e+00 -9.917984e-01 1.024588e-02 1.274011e-01 5.564005e+01
1.348354e-01 3.979897e-02 9.900684e-01 5.183362e+01 4.490113e-03 9.991582e-01 -4.077586e-02 -3.596123e+00 -9.908578e-01 9.943546e-03 1.345431e-01 5.575335e+01
1.423613e-01 4.170876e-02 9.889356e-01 5.261887e+01 4.653274e-03 9.990726e-01 -4.280615e-02 -3.647146e+00 -9.898038e-01 1.069573e-02 1.420351e-01 5.587032e+01
1.483869e-01 4.772494e-02 9.877771e-01 5.340186e+01 4.286462e-03 9.987944e-01 -4.890118e-02 -3.696854e+00 -9.889201e-01 1.149036e-02 1.480034e-01 5.598663e+01
1.531410e-01 5.169889e-02 9.868511e-01 5.416385e+01 2.926919e-03 9.986025e-01 -5.276872e-02 -3.747611e+00 -9.882000e-01 1.096949e-02 1.527757e-01 5.610525e+01
1.585829e-01 5.429499e-02 9.858517e-01 5.494760e+01 1.301762e-03 9.984745e-01 -5.519958e-02 -3.807054e+00 -9.873448e-01 1.003705e-02 1.582703e-01 5.622944e+01
1.639315e-01 5.446364e-02 9.849671e-01 5.570997e+01 -6.948386e-04 9.984809e-01 -5.509524e-02 -3.861701e+00 -9.864715e-01 8.347450e-03 1.637203e-01 5.635880e+01
1.687460e-01 5.113090e-02 9.843325e-01 5.646193e+01 2.552321e-03 9.986276e-01 -5.231101e-02 -3.918235e+00 -9.856563e-01 1.133961e-02 1.683839e-01 5.648140e+01
1.738354e-01 4.487562e-02 9.837517e-01 5.722440e+01 3.805054e-03 9.989231e-01 -4.624006e-02 -3.968201e+00 -9.847674e-01 1.178139e-02 1.734775e-01 5.661263e+01
1.773789e-01 3.786225e-02 9.834140e-01 5.796755e+01 2.960164e-03 9.992346e-01 -3.900529e-02 -4.022355e+00 -9.841382e-01 9.829782e-03 1.771311e-01 5.675122e+01
1.802330e-01 3.455463e-02 9.830168e-01 5.869088e+01 1.076044e-04 9.993821e-01 -3.514962e-02 -4.063927e+00 -9.836239e-01 6.440898e-03 1.801179e-01 5.689504e+01
1.836571e-01 3.383076e-02 9.824080e-01 5.941492e+01 -1.230936e-03 9.994147e-01 -3.418629e-02 -4.112350e+00 -9.829896e-01 5.069274e-03 1.835913e-01 5.704018e+01
1.852612e-01 3.536935e-02 9.820526e-01 6.012448e+01 -2.936540e-03 9.993675e-01 -3.543899e-02 -4.152414e+00 -9.826849e-01 3.681635e-03 1.852479e-01 5.718450e+01
1.872988e-01 3.916753e-02 9.815218e-01 6.082479e+01 -6.149044e-03 9.992319e-01 -3.870086e-02 -4.195307e+00 -9.822837e-01 1.213204e-03 1.873958e-01 5.733451e+01
1.888735e-01 4.327810e-02 9.810473e-01 6.150850e+01 -7.287947e-03 9.990627e-01 -4.266974e-02 -4.238644e+00 -9.819744e-01 9.093618e-04 1.890118e-01 5.747905e+01
1.898440e-01 4.810728e-02 9.806350e-01 6.217708e+01 -8.340843e-03 9.988418e-01 -4.738573e-02 -4.281397e+00 -9.817788e-01 8.165726e-04 1.900253e-01 5.761740e+01
1.918929e-01 4.972720e-02 9.801552e-01 6.285744e+01 -7.405985e-03 9.987604e-01 -4.922119e-02 -4.329058e+00 -9.813879e-01 2.186184e-03 1.920234e-01 5.775834e+01
1.930550e-01 4.991839e-02 9.799173e-01 6.352280e+01 -9.147685e-03 9.987532e-01 -4.907571e-02 -4.368510e+00 -9.811453e-01 5.103378e-04 1.932709e-01 5.790170e+01
1.930376e-01 4.682923e-02 9.800732e-01 6.418154e+01 -8.838166e-03 9.989029e-01 -4.598815e-02 -4.420792e+00 -9.811516e-01 2.153924e-04 1.932397e-01 5.803919e+01
1.937916e-01 4.464281e-02 9.800264e-01 6.483072e+01 -8.843044e-03 9.990030e-01 -4.375861e-02 -4.461702e+00 -9.810029e-01 -1.863654e-04 1.939932e-01 5.817400e+01
1.933021e-01 4.342795e-02 9.801777e-01 6.547005e+01 -8.239065e-03 9.990565e-01 -4.263957e-02 -4.504952e+00 -9.811047e-01 1.665680e-04 1.934775e-01 5.830626e+01
1.916842e-01 4.228115e-02 9.805455e-01 6.609402e+01 -8.042996e-03 9.991057e-01 -4.150917e-02 -4.547152e+00 -9.814237e-01 7.012769e-05 1.918528e-01 5.843619e+01
1.901819e-01 4.272430e-02 9.808188e-01 6.672531e+01 -9.075407e-03 9.990864e-01 -4.176030e-02 -4.588354e+00 -9.817069e-01 -9.592761e-04 1.903959e-01 5.856667e+01
1.874134e-01 4.569598e-02 9.812177e-01 6.734170e+01 -9.345174e-03 9.989551e-01 -4.473708e-02 -4.626735e+00 -9.822367e-01 -7.853194e-04 1.876446e-01 5.869076e+01
1.852467e-01 4.902629e-02 9.814683e-01 6.794379e+01 -7.633728e-03 9.987964e-01 -4.845104e-02 -4.668341e+00 -9.826624e-01 1.483133e-03 1.853980e-01 5.880902e+01
1.834250e-01 4.949596e-02 9.817868e-01 6.854965e+01 -5.062892e-03 9.987659e-01 -4.940606e-02 -4.708184e+00 -9.830207e-01 4.091628e-03 1.834493e-01 5.892357e+01
1.803586e-01 4.824906e-02 9.824168e-01 6.910663e+01 -4.897451e-03 9.988278e-01 -4.815594e-02 -4.740822e+00 -9.835887e-01 3.874000e-03 1.803835e-01 5.902680e+01
1.778410e-01 4.531913e-02 9.830151e-01 6.968210e+01 -5.009349e-03 9.989677e-01 -4.514832e-02 -4.776110e+00 -9.840465e-01 3.104956e-03 1.778844e-01 5.913883e+01
1.755517e-01 4.154227e-02 9.835933e-01 7.025582e+01 -3.518424e-03 9.991294e-01 -4.157047e-02 -4.814396e+00 -9.844639e-01 3.837069e-03 1.755451e-01 5.924408e+01
1.731957e-01 4.005364e-02 9.840726e-01 7.080989e+01 1.474704e-04 9.991716e-01 -4.069415e-02 -4.854651e+00 -9.848874e-01 7.193174e-03 1.730463e-01 5.934171e+01
1.712382e-01 4.152750e-02 9.843541e-01 7.136374e+01 4.077250e-03 9.990729e-01 -4.285773e-02 -4.888701e+00 -9.852212e-01 1.135234e-02 1.709101e-01 5.944193e+01
1.690782e-01 4.323779e-02 9.846538e-01 7.192128e+01 8.175106e-03 9.989414e-01 -4.526896e-02 -4.926356e+00 -9.855687e-01 1.570364e-02 1.685457e-01 5.954348e+01
1.671245e-01 4.539289e-02 9.848903e-01 7.246316e+01 7.865802e-03 9.988464e-01 -4.737085e-02 -4.959248e+00 -9.859044e-01 1.566378e-02 1.665747e-01 5.963901e+01
1.663295e-01 4.750034e-02 9.849255e-01 7.300499e+01 7.026989e-03 9.987566e-01 -4.935406e-02 -4.998718e+00 -9.860452e-01 1.513010e-02 1.657889e-01 5.974477e+01
1.652488e-01 4.665010e-02 9.851480e-01 7.353860e+01 8.719020e-03 9.987726e-01 -4.875780e-02 -5.033272e+00 -9.862134e-01 1.664669e-02 1.646392e-01 5.983559e+01
1.654887e-01 4.466237e-02 9.851999e-01 7.407536e+01 1.455548e-02 9.987546e-01 -4.772180e-02 -5.070545e+00 -9.861043e-01 2.223747e-02 1.646325e-01 5.992138e+01
1.682030e-01 4.305824e-02 9.848115e-01 7.462256e+01 1.948673e-02 9.987051e-01 -4.699398e-02 -5.104121e+00 -9.855598e-01 2.709528e-02 1.671461e-01 6.001171e+01
1.703109e-01 4.191943e-02 9.844983e-01 7.517382e+01 2.203243e-02 9.986830e-01 -4.633485e-02 -5.140867e+00 -9.851440e-01 2.958222e-02 1.691630e-01 6.010607e+01
1.733553e-01 4.182959e-02 9.839706e-01 7.571773e+01 2.008606e-02 9.987397e-01 -4.599619e-02 -5.178314e+00 -9.846545e-01 2.773777e-02 1.722966e-01 6.021143e+01
1.792254e-01 4.219771e-02 9.829026e-01 7.627552e+01 1.891431e-02 9.987473e-01 -4.632684e-02 -5.213656e+00 -9.836262e-01 2.689387e-02 1.782028e-01 6.033088e+01
1.857153e-01 4.102498e-02 9.817468e-01 7.683033e+01 2.062631e-02 9.987451e-01 -4.563715e-02 -5.249038e+00 -9.823871e-01 2.872534e-02 1.846361e-01 6.044531e+01
1.930921e-01 4.072703e-02 9.803350e-01 7.738808e+01 1.908866e-02 9.987931e-01 -4.525366e-02 -5.282341e+00 -9.809949e-01 2.745140e-02 1.920816e-01 6.057185e+01
2.011276e-01 3.931391e-02 9.787758e-01 7.795503e+01 1.953918e-02 9.988345e-01 -4.413468e-02 -5.313035e+00 -9.793702e-01 2.800118e-02 2.001250e-01 6.071001e+01
2.100913e-01 3.850541e-02 9.769232e-01 7.853651e+01 1.727250e-02 9.989220e-01 -4.308701e-02 -5.353140e+00 -9.775292e-01 2.592611e-02 2.091997e-01 6.085657e+01
2.191259e-01 3.852159e-02 9.749359e-01 7.910687e+01 1.590791e-02 9.989464e-01 -4.304574e-02 -5.388014e+00 -9.755669e-01 2.494163e-02 2.182823e-01 6.100529e+01
2.284912e-01 4.175980e-02 9.726499e-01 7.970242e+01 1.195335e-02 9.988840e-01 -4.569417e-02 -5.423139e+00 -9.734726e-01 2.206714e-02 2.277370e-01 6.117414e+01
2.375151e-01 4.423208e-02 9.703763e-01 8.029265e+01 8.843332e-03 9.988229e-01 -4.769329e-02 -5.457576e+00 -9.713436e-01 1.990924e-02 2.368444e-01 6.134685e+01
2.487164e-01 4.675011e-02 9.674475e-01 8.090129e+01 5.899761e-03 9.987428e-01 -4.977914e-02 -5.492862e+00 -9.685584e-01 1.808860e-02 2.481279e-01 6.153572e+01
2.590947e-01 4.819551e-02 9.646487e-01 8.151382e+01 4.706470e-03 9.986794e-01 -5.115985e-02 -5.536808e+00 -9.658404e-01 1.779534e-02 2.585257e-01 6.172729e+01
2.689633e-01 4.944446e-02 9.618804e-01 8.212879e+01 1.742187e-03 9.986548e-01 -5.182197e-02 -5.576453e+00 -9.631489e-01 1.561398e-02 2.685153e-01 6.192663e+01
2.785704e-01 4.972666e-02 9.591276e-01 8.274654e+01 1.541817e-03 9.986343e-01 -5.222272e-02 -5.616282e+00 -9.604146e-01 1.602650e-02 2.781133e-01 6.213252e+01
2.880966e-01 5.052893e-02 9.562673e-01 8.337480e+01 -1.505502e-03 9.986296e-01 -5.231377e-02 -5.654235e+00 -9.576002e-01 1.363176e-02 2.877779e-01 6.235033e+01
3.009463e-01 4.634942e-02 9.525141e-01 8.405430e+01 -1.204933e-03 9.988359e-01 -4.822274e-02 -5.693539e+00 -9.536403e-01 1.336474e-02 3.006518e-01 6.259230e+01
3.100587e-01 3.945706e-02 9.498983e-01 8.468989e+01 2.351067e-03 9.991035e-01 -4.226837e-02 -5.733230e+00 -9.507145e-01 1.533895e-02 3.096880e-01 6.280924e+01
3.211557e-01 3.492431e-02 9.463822e-01 8.536821e+01 4.380566e-03 9.992543e-01 -3.836200e-02 -5.774557e+00 -9.470163e-01 1.646586e-02 3.207632e-01 6.305015e+01
3.316083e-01 3.191590e-02 9.428771e-01 8.604145e+01 5.554271e-03 9.993442e-01 -3.578070e-02 -5.806177e+00 -9.434008e-01 1.710217e-02 3.312136e-01 6.329582e+01
3.406255e-01 2.964808e-02 9.397315e-01 8.671563e+01 9.251756e-03 9.993486e-01 -3.488247e-02 -5.842319e+00 -9.401535e-01 2.057602e-02 3.401293e-01 6.354115e+01
3.488671e-01 2.523721e-02 9.368323e-01 8.741502e+01 1.614705e-02 9.993271e-01 -3.293375e-02 -5.868528e+00 -9.370331e-01 2.661658e-02 3.482248e-01 6.379637e+01
3.571210e-01 1.606528e-02 9.339200e-01 8.814522e+01 2.553640e-02 9.993104e-01 -2.695498e-02 -5.900787e+00 -9.337090e-01 3.347514e-02 3.564645e-01 6.406233e+01
3.624688e-01 1.120275e-02 9.319286e-01 8.884571e+01 3.159656e-02 9.992052e-01 -2.430080e-02 -5.935292e+00 -9.314602e-01 3.825402e-02 3.618267e-01 6.433223e+01
3.701414e-01 1.168407e-02 9.289020e-01 8.956500e+01 3.510036e-02 9.990310e-01 -2.655269e-02 -5.966698e+00 -9.283121e-01 4.243304e-02 3.693726e-01 6.461611e+01
3.767411e-01 1.735631e-02 9.261560e-01 9.026744e+01 3.724831e-02 9.987319e-01 -3.386824e-02 -6.002296e+00 -9.255694e-01 4.725730e-02 3.756169e-01 6.490028e+01
3.836369e-01 2.188036e-02 9.232248e-01 9.097870e+01 4.074839e-02 9.983445e-01 -4.059328e-02 -6.037095e+00 -9.225846e-01 5.319301e-02 3.821102e-01 6.518961e+01
3.888051e-01 2.369580e-02 9.210152e-01 9.168397e+01 3.961805e-02 9.983145e-01 -4.240925e-02 -6.078908e+00 -9.204678e-01 5.297776e-02 3.872110e-01 6.548845e+01
3.928237e-01 2.581972e-02 9.192513e-01 9.237933e+01 3.228368e-02 9.986024e-01 -4.184431e-02 -6.122189e+00 -9.190470e-01 4.611425e-02 3.914412e-01 6.579509e+01
3.971282e-01 2.908801e-02 9.173021e-01 9.307548e+01 2.711586e-02 9.986894e-01 -4.340812e-02 -6.166937e+00 -9.173625e-01 4.211202e-02 3.958189e-01 6.610844e+01
4.006058e-01 3.141484e-02 9.157118e-01 9.376025e+01 2.622957e-02 9.986093e-01 -4.573368e-02 -6.221630e+00 -9.158750e-01 4.233990e-02 3.992247e-01 6.641166e+01
4.043459e-01 3.481526e-02 9.139433e-01 9.442726e+01 2.493340e-02 9.984842e-01 -4.906673e-02 -6.268069e+00 -9.142662e-01 4.262764e-02 4.028650e-01 6.671126e+01
4.079595e-01 3.716116e-02 9.122435e-01 9.509901e+01 2.223618e-02 9.984705e-01 -5.061783e-02 -6.321059e+00 -9.127292e-01 4.093484e-02 4.065092e-01 6.702256e+01
4.118262e-01 3.570887e-02 9.105625e-01 9.575687e+01 2.224502e-02 9.985402e-01 -4.921993e-02 -6.367639e+00 -9.109909e-01 4.052554e-02 4.104306e-01 6.732582e+01
4.150991e-01 3.181835e-02 9.092196e-01 9.640369e+01 2.382267e-02 9.986654e-01 -4.582463e-02 -6.421420e+00 -9.094643e-01 4.068180e-02 4.137871e-01 6.762367e+01
4.187466e-01 2.904247e-02 9.076386e-01 9.705256e+01 2.432114e-02 9.987713e-01 -4.317928e-02 -6.467649e+00 -9.077774e-01 4.015598e-02 4.175257e-01 6.792710e+01
4.217617e-01 2.737618e-02 9.062933e-01 9.767342e+01 2.412681e-02 9.988513e-01 -4.139996e-02 -6.516531e+00 -9.063856e-01 3.932689e-02 4.206168e-01 6.822777e+01
4.255410e-01 2.876011e-02 9.044820e-01 9.829940e+01 2.277993e-02 9.988377e-01 -4.247788e-02 -6.558539e+00 -9.046524e-01 3.868012e-02 4.243913e-01 6.853222e+01
4.282629e-01 2.895782e-02 9.031901e-01 9.891356e+01 2.399602e-02 9.987695e-01 -4.340038e-02 -6.603790e+00 -9.033355e-01 4.025974e-02 4.270411e-01 6.882842e+01
4.306416e-01 2.699299e-02 9.021193e-01 9.950754e+01 2.667512e-02 9.987353e-01 -4.261772e-02 -6.643391e+00 -9.021287e-01 4.241711e-02 4.293770e-01 6.911407e+01
4.318190e-01 2.538106e-02 9.016031e-01 1.000822e+02 2.914744e-02 9.986892e-01 -4.207418e-02 -6.686386e+00 -9.014892e-01 4.444785e-02 4.305132e-01 6.939509e+01
4.343169e-01 2.527503e-02 9.004054e-01 1.006656e+02 2.855144e-02 9.987177e-01 -4.180671e-02 -6.726338e+00 -9.003075e-01 4.386524e-02 4.330384e-01 6.968499e+01
4.364634e-01 2.424804e-02 8.993952e-01 1.012268e+02 3.059382e-02 9.986587e-01 -4.177096e-02 -6.767428e+00 -8.992017e-01 4.574743e-02 4.351362e-01 6.996064e+01
4.379715e-01 2.573545e-02 8.986204e-01 1.017844e+02 3.122706e-02 9.985514e-01 -4.381687e-02 -6.805539e+00 -8.984464e-01 4.725181e-02 4.365334e-01 7.023932e+01
4.409140e-01 2.573435e-02 8.971804e-01 1.023508e+02 3.380190e-02 9.984037e-01 -4.524955e-02 -6.847992e+00 -8.969126e-01 5.027756e-02 4.393403e-01 7.051650e+01
4.437842e-01 2.470892e-02 8.957930e-01 1.028858e+02 3.668878e-02 9.982807e-01 -4.571183e-02 -6.891148e+00 -8.953823e-01 5.315174e-02 4.421147e-01 7.078246e+01
4.465137e-01 2.330452e-02 8.944733e-01 1.033991e+02 3.928652e-02 9.981861e-01 -4.561815e-02 -6.928977e+00 -8.939139e-01 5.550987e-02 4.447882e-01 7.103730e+01
4.500744e-01 2.244262e-02 8.927090e-01 1.039190e+02 4.081378e-02 9.981225e-01 -4.566966e-02 -6.968784e+00 -8.920579e-01 5.698957e-02 4.483134e-01 7.130276e+01
4.529489e-01 2.203936e-02 8.912640e-01 1.044213e+02 4.160964e-02 9.980824e-01 -4.582721e-02 -7.007999e+00 -8.905650e-01 5.784256e-02 4.511632e-01 7.156213e+01
