1.000000e+00 0.000000e+00 0.000000e+00 0.000000e+00 0.000000e+00 1.000000e+00 0.000000e+00 0.000000e+00 0.000000e+00 0.000000e+00 1.000000e+00 0.000000e+00
9.999996e-01 -5.459737e-04 -7.132449e-04 -5.495870e-03 5.471831e-04 9.999984e-01 1.696533e-03 -2.599117e-02 7.123175e-04 -1.696922e-03 9.999983e-01 1.292295e+00
9.999978e-01 -1.988193e-03 -7.034769e-04 -6.257742e-03 1.989506e-03 9.999963e-01 1.869781e-03 -4.941549e-02 6.997568e-04 -1.871176e-03 9.999980e-01 2.559393e+00
9.999933e-01 -3.091865e-03 -1.959714e-03 -7.553423e-03 3.094514e-03 9.999943e-01 1.350301e-03 -7.802780e-02 1.955528e-03 -1.356356e-03 9.999972e-01 3.875465e+00
9.999926e-01 -3.506266e-03 -1.571819e-03 -1.482289e-02 3.508455e-03 9.999929e-01 1.391842e-03 -1.022495e-01 1.566928e-03 -1.397346e-03 9.999978e-01 5.157806e+00
9.999896e-01 -3.770017e-03 -2.576348e-03 -2.201600e-02 3.775694e-03 9.999904e-01 2.202194e-03 -1.249300e-01 2.568021e-03 -2.211898e-03 9.999943e-01 6.466734e+00
9.999827e-01 -5.022196e-03 -3.077450e-03 -2.923335e-02 5.033661e-03 9.999804e-01 3.729196e-03 -1.519415e-01 3.058661e-03 -3.744622e-03 9.999883e-01 7.773545e+00
9.999829e-01 -5.103300e-03 -2.844105e-03 -3.945915e-02 5.114650e-03 9.999789e-01 3.997790e-03 -1.741011e-01 2.823643e-03 -4.012269e-03 9.999880e-01 9.074017e+00
9.999852e-01 -4.034843e-03 -3.652728e-03 -5.982936e-02 4.044888e-03 9.999880e-01 2.746866e-03 -1.997842e-01 3.641601e-03 -2.761601e-03 9.999896e-01 1.039323e+01
9.999950e-01 -1.207439e-03 -2.917724e-03 -7.009792e-02 1.209156e-03 9.999991e-01 5.868928e-04 -2.228033e-01 2.917013e-03 -5.904178e-04 9.999956e-01 1.169344e+01
9.999926e-01 2.127477e-03 -3.202351e-03 -8.461589e-02 -2.128182e-03 9.999977e-01 -2.168555e-04 -2.508017e-01 3.201883e-03 2.236691e-04 9.999948e-01 1.302386e+01
9.999866e-01 4.375223e-03 -2.770678e-03 -1.009200e-01 -4.375847e-03 9.999904e-01 -2.189170e-04 -2.769011e-01 2.769693e-03 2.310381e-04 9.999961e-01 1.435356e+01
9.999858e-01 4.960379e-03 -1.968770e-03 -1.075249e-01 -4.958992e-03 9.999875e-01 7.087651e-04 -3.030727e-01 1.972261e-03 -6.989919e-04 9.999978e-01 1.566946e+01
9.999935e-01 2.705791e-03 -2.383036e-03 -1.059308e-01 -2.697473e-03 9.999903e-01 3.486666e-03 -3.287814e-01 2.392447e-03 -3.480216e-03 9.999911e-01 1.701381e+01
9.999985e-01 -1.377264e-03 -1.054297e-03 -1.080874e-01 1.383032e-03 9.999840e-01 5.489984e-03 -3.538244e-01 1.046719e-03 -5.491434e-03 9.999844e-01 1.835319e+01
9.999911e-01 -3.714157e-03 -1.979866e-03 -1.073472e-01 3.721838e-03 9.999855e-01 3.890273e-03 -3.794195e-01 1.965389e-03 -3.897608e-03 9.999905e-01 1.970889e+01
9.999885e-01 -4.670475e-03 -1.119647e-03 -1.016402e-01 4.672311e-03 9.999877e-01 1.643379e-03 -4.002542e-01 1.111958e-03 -1.648592e-03 9.999980e-01 2.104351e+01
9.999964e-01 -2.461712e-03 -1.059047e-03 -1.097215e-01 2.462658e-03 9.999966e-01 8.930575e-04 -4.319549e-01 1.056845e-03 -8.956623e-04 9.999990e-01 2.240592e+01
1.000000e+00 5.221425e-05 -2.952135e-04 -1.140746e-01 -5.161747e-05 9.999980e-01 2.021148e-03 -4.482895e-01 2.953184e-04 -2.021132e-03 9.999979e-01 2.376498e+01
9.999992e-01 2.638900e-04 1.219594e-03 -1.169584e-01 -2.714736e-04 9.999806e-01 6.222110e-03 -4.703173e-01 -1.217928e-03 -6.222436e-03 9.999799e-01 2.512341e+01
9.999971e-01 -2.008072e-03 1.309271e-03 -1.096952e-01 1.998092e-03 9.999693e-01 7.579998e-03 -4.880467e-01 -1.324452e-03 -7.577360e-03 9.999704e-01 2.650242e+01
9.999845e-01 -5.107734e-03 2.221840e-03 -9.598471e-02 5.091820e-03 9.999618e-01 7.110151e-03 -5.141809e-01 -2.258071e-03 -7.098727e-03 9.999723e-01 2.786529e+01
9.999823e-01 -5.513931e-03 2.254155e-03 -7.790125e-02 5.504457e-03 9.999761e-01 4.187496e-03 -5.304589e-01 -2.277191e-03 -4.175014e-03 9.999887e-01 2.923618e+01
9.999783e-01 -5.049894e-03 4.219812e-03 -5.718128e-02 5.038946e-03 9.999839e-01 2.601085e-03 -5.609563e-01 -4.232880e-03 -2.579766e-03 9.999877e-01 3.059601e+01
9.999865e-01 -1.800292e-03 4.880024e-03 -3.477966e-02 1.794092e-03 9.999976e-01 1.274488e-03 -5.829149e-01 -4.882307e-03 -1.265716e-03 9.999873e-01 3.198309e+01
9.999806e-01 -2.282295e-04 6.220552e-03 -4.331987e-03 2.303172e-04 9.999999e-01 -3.349055e-04 -6.141045e-01 -6.220475e-03 3.363317e-04 9.999806e-01 3.334583e+01
9.999715e-01 8.384072e-04 7.498268e-03 3.021456e-02 -8.373356e-04 9.999996e-01 -1.460426e-04 -6.418140e-01 -7.498387e-03 1.397599e-04 9.999719e-01 3.471138e+01
9.999735e-01 8.995640e-04 7.227610e-03 7.232189e-02 -9.111976e-04 9.999983e-01 1.606473e-03 -6.737950e-01 -7.226152e-03 -1.613016e-03 9.999726e-01 3.609457e+01
9.999623e-01 2.667702e-03 8.261081e-03 1.071268e-01 -2.695282e-03 9.999908e-01 3.329204e-03 -7.001540e-01 -8.252124e-03 -3.351344e-03 9.999603e-01 3.744495e+01
9.999536e-01 5.397688e-03 7.982099e-03 1.352071e-01 -5.425969e-03 9.999791e-01 3.525609e-03 -7.251292e-01 -7.962902e-03 -3.568756e-03 9.999619e-01 3.883017e+01
9.999328e-01 8.144895e-03 8.252674e-03 1.659762e-01 -8.174046e-03 9.999605e-01 3.504741e-03 -7.507858e-01 -8.223802e-03 -3.571964e-03 9.999598e-01 4.021351e+01
9.999086e-01 1.001927e-02 9.072632e-03 1.940055e-01 -1.005425e-02 9.999422e-01 3.817413e-03 -7.746085e-01 -9.033860e-03 -3.908283e-03 9.999516e-01 4.159260e+01
9.999029e-01 1.133027e-02 8.110655e-03 2.262029e-01 -1.136317e-02 9.999273e-01 4.022031e-03 -7.988307e-01 -8.064495e-03 -4.113803e-03 9.999590e-01 4.298778e+01
9.999096e-01 1.052135e-02 8.369328e-03 2.508022e-01 -1.055645e-02 9.999356e-01 4.159917e-03 -8.251932e-01 -8.325021e-03 -4.247892e-03 9.999563e-01 4.438525e+01
9.999267e-01 1.009753e-02 6.687642e-03 2.760675e-01 -1.012204e-02 9.999421e-01 3.640158e-03 -8.507522e-01 -6.650499e-03 -3.707583e-03 9.999710e-01 4.580119e+01
9.999287e-01 1.002639e-02 6.487114e-03 2.978225e-01 -1.005392e-02 9.999405e-01 4.224471e-03 -8.764033e-01 -6.444372e-03 -4.289391e-03 9.999700e-01 4.719603e+01
9.999387e-01 1.019076e-02 4.333088e-03 3.189541e-01 -1.021277e-02 9.999349e-01 5.088157e-03 -9.005409e-01 -4.280953e-03 -5.132098e-03 9.999777e-01 4.862656e+01
9.999338e-01 1.106850e-02 3.146085e-03 3.314577e-01 -1.108444e-02 9.999256e-01 5.093037e-03 -9.244165e-01 -3.089479e-03 -5.127572e-03 9.999821e-01 5.003177e+01
9.999312e-01 1.153247e-02 2.160130e-03 3.377700e-01 -1.154342e-02 9.999202e-01 5.129729e-03 -9.482871e-01 -2.100799e-03 -5.154311e-03 9.999845e-01 5.144635e+01
9.999306e-01 1.176883e-02 6.231524e-04 3.369514e-01 -1.177238e-02 9.999124e-01 6.049838e-03 -9.703801e-01 -5.518983e-04 -6.056754e-03 9.999815e-01 5.285808e+01
9.999437e-01 1.060384e-02 3.559436e-04 3.389104e-01 -1.060605e-02 9.999199e-01 6.899800e-03 -9.938169e-01 -2.827507e-04 -6.903187e-03 9.999761e-01 5.427093e+01
9.999550e-01 9.432816e-03 -1.046323e-03 3.426313e-01 -9.425167e-03 9.999305e-01 7.089345e-03 -1.017687e+00 1.113123e-03 -7.079164e-03 9.999743e-01 5.568762e+01
9.999666e-01 8.041369e-03 -1.493905e-03 3.322314e-01 -8.031195e-03 9.999453e-01 6.695547e-03 -1.042665e+00 1.547665e-03 -6.683325e-03 9.999765e-01 5.709827e+01
9.999700e-01 7.702159e-03 -8.077512e-04 3.190744e-01 -7.696183e-03 9.999448e-01 7.157946e-03 -1.066844e+00 8.628382e-04 -7.151515e-03 9.999741e-01 5.850186e+01
9.999726e-01 7.399418e-03 -3.057672e-04 3.035709e-01 -7.396741e-03 9.999407e-01 7.986791e-03 -1.092205e+00 3.648467e-04 -7.984310e-03 9.999681e-01 5.991183e+01
9.999750e-01 7.002891e-03 9.398830e-04 2.914250e-01 -7.011165e-03 9.999339e-01 9.109961e-03 -1.117353e+00 -8.760249e-04 -9.116323e-03 9.999581e-01 6.130801e+01
9.999798e-01 6.104877e-03 1.794497e-03 2.809532e-01 -6.120969e-03 9.999398e-01 9.102924e-03 -1.142845e+00 -1.738817e-03 -9.113724e-03 9.999570e-01 6.271312e+01
9.999793e-01 5.731768e-03 2.915673e-03 2.708445e-01 -5.756631e-03 9.999465e-01 8.591708e-03 -1.165609e+00 -2.866272e-03 -8.608315e-03 9.999588e-01 6.410983e+01
9.999668e-01 6.689307e-03 4.644661e-03 2.643877e-01 -6.728884e-03 9.999407e-01 8.558358e-03 -1.191867e+00 -4.587136e-03 -8.589327e-03 9.999526e-01 6.549984e+01
9.999416e-01 9.232693e-03 5.611110e-03 2.557487e-01 -9.281005e-03 9.999196e-01 8.645839e-03 -1.214717e+00 -5.530835e-03 -8.697411e-03 9.999469e-01 6.688970e+01
9.998977e-01 1.251348e-02 6.922437e-03 2.498674e-01 -1.258113e-02 9.998727e-01 9.817081e-03 -1.236289e+00 -6.798710e-03 -9.903170e-03 9.999278e-01 6.826503e+01
9.998359e-01 1.638446e-02 7.724646e-03 2.440982e-01 -1.646962e-02 9.998028e-01 1.109200e-02 -1.254821e+00 -7.541386e-03 -1.121741e-02 9.999086e-01 6.965691e+01
9.997488e-01 2.052048e-02 9.009329e-03 2.425140e-01 -2.062472e-02 9.997196e-01 1.163297e-02 -1.273568e+00 -8.768088e-03 -1.181587e-02 9.998917e-01 7.102836e+01
9.996332e-01 2.540363e-02 9.392524e-03 2.440634e-01 -2.550807e-02 9.996122e-01 1.117216e-02 -1.291328e+00 -9.105068e-03 -1.140764e-02 9.998935e-01 7.241613e+01
9.995215e-01 2.911562e-02 1.044279e-02 2.467621e-01 -2.922523e-02 9.995177e-01 1.050172e-02 -1.310405e+00 -1.013199e-02 -1.080189e-02 9.998903e-01 7.378868e+01
9.994372e-01 3.158096e-02 1.131299e-02 2.505007e-01 -3.169798e-02 9.994442e-01 1.031882e-02 -1.329545e+00 -1.098083e-02 -1.067161e-02 9.998828e-01 7.515601e+01
9.994050e-01 3.248963e-02 1.157936e-02 2.590104e-01 -3.261293e-02 9.994116e-01 1.062280e-02 -1.350892e+00 -1.122742e-02 -1.099412e-02 9.998765e-01 7.653576e+01
9.994237e-01 3.181183e-02 1.184190e-02 2.729393e-01 -3.193606e-02 9.994352e-01 1.045433e-02 -1.372043e+00 -1.150264e-02 -1.082649e-02 9.998752e-01 7.790000e+01
9.994417e-01 3.133525e-02 1.159327e-02 2.858289e-01 -3.144530e-02 9.994609e-01 9.435756e-03 -1.391817e+00 -1.129135e-02 -9.795042e-03 9.998883e-01 7.927847e+01
9.994381e-01 3.156181e-02 1.128498e-02 2.986576e-01 -3.166792e-02 9.994547e-01 9.351203e-03 -1.415340e+00 -1.098368e-02 -9.703320e-03 9.998926e-01 8.066144e+01
9.994287e-01 3.195261e-02 1.101761e-02 3.098381e-01 -3.205510e-02 9.994433e-01 9.254705e-03 -1.434270e+00 -1.071577e-02 -9.602588e-03 9.998965e-01 8.198413e+01
9.994093e-01 3.272262e-02 1.050108e-02 3.181487e-01 -3.281792e-02 9.994205e-01 9.035427e-03 -1.458752e+00 -1.019933e-02 -9.374714e-03 9.999040e-01 8.335971e+01
9.993723e-01 3.404968e-02 9.777463e-03 3.244680e-01 -3.413989e-02 9.993746e-01 9.212556e-03 -1.478478e+00 -9.457663e-03 -9.540575e-03 9.999098e-01 8.467901e+01
9.993739e-01 3.430756e-02 8.649462e-03 3.276804e-01 -3.439389e-02 9.993579e-01 1.003891e-02 -1.502882e+00 -8.299498e-03 -1.033012e-02 9.999122e-01 8.605855e+01
9.994027e-01 3.373947e-02 7.479242e-03 3.316921e-01 -3.382261e-02 9.993642e-01 1.128375e-02 -1.525407e+00 -7.093778e-03 -1.152997e-02 9.999084e-01 8.738695e+01
9.994480e-01 3.261882e-02 6.308272e-03 3.328432e-01 -3.269243e-02 9.993941e-01 1.194038e-02 -1.544853e+00 -5.914969e-03 -1.214002e-02 9.999088e-01 8.869445e+01
9.994847e-01 3.165257e-02 5.326546e-03 3.321366e-01 -3.171473e-02 9.994247e-01 1.202153e-02 -1.564492e+00 -4.942969e-03 -1.218427e-02 9.999136e-01 9.004673e+01
9.995108e-01 3.089937e-02 4.840466e-03 3.294689e-01 -3.095435e-02 9.994520e-01 1.172679e-02 -1.581729e+00 -4.475463e-03 -1.187089e-02 9.999195e-01 9.134090e+01
9.995241e-01 3.051507e-02 4.525200e-03 3.273351e-01 -3.056540e-02 9.994666e-01 1.150352e-02 -1.601216e+00 -4.171755e-03 -1.163636e-02 9.999236e-01 9.267418e+01
9.994852e-01 3.175451e-02 4.579660e-03 3.238279e-01 -3.180375e-02 9.994323e-01 1.111497e-02 -1.617580e+00 -4.224110e-03 -1.125490e-02 9.999277e-01 9.394917e+01
9.994679e-01 3.231585e-02 4.416358e-03 3.219362e-01 -3.236178e-02 9.994183e-01 1.075675e-02 -1.637143e+00 -4.066176e-03 -1.089395e-02 9.999324e-01 9.527788e+01
9.994154e-01 3.387399e-02 4.619062e-03 3.210091e-01 -3.391945e-02 9.993730e-01 1.014869e-02 -1.657437e+00 -4.272389e-03 -1.029943e-02 9.999378e-01 9.658269e+01
9.993523e-01 3.563751e-02 5.004597e-03 3.192587e-01 -3.568703e-02 9.993111e-01 1.018228e-02 -1.672976e+00 -4.638279e-03 -1.035429e-02 9.999356e-01 9.786551e+01
9.993066e-01 3.688012e-02 5.108436e-03 3.199492e-01 -3.693739e-02 9.992501e-01 1.161149e-02 -1.694404e+00 -4.676372e-03 -1.179214e-02 9.999195e-01 9.921120e+01
9.992718e-01 3.781862e-02 5.052266e-03 3.224400e-01 -3.787977e-02 9.992027e-01 1.261306e-02 -1.708094e+00 -4.571229e-03 -1.279526e-02 9.999077e-01 1.005112e+02
9.992856e-01 3.746282e-02 4.987596e-03 3.253842e-01 -3.751738e-02 9.992317e-01 1.133716e-02 -1.726557e+00 -4.559042e-03 -1.151618e-02 9.999233e-01 1.018496e+02
9.992711e-01 3.784245e-02 5.019361e-03 3.287159e-01 -3.788566e-02 9.992432e-01 8.812566e-03 -1.743236e+00 -4.682074e-03 -8.996304e-03 9.999486e-01 1.031698e+02
9.992688e-01 3.793126e-02 4.799879e-03 3.333880e-01 -3.796687e-02 9.992504e-01 7.559154e-03 -1.761041e+00 -4.509552e-03 -7.735863e-03 9.999599e-01 1.044549e+02
9.993421e-01 3.594752e-02 4.820306e-03 3.377931e-01 -3.598836e-02 9.993146e-01 8.671539e-03 -1.782970e+00 -4.505282e-03 -8.839308e-03 9.999508e-01 1.057956e+02
9.994160e-01 3.375924e-02 5.293235e-03 3.456878e-01 -3.381239e-02 9.993752e-01 1.029644e-02 -1.799249e+00 -4.942328e-03 -1.046940e-02 9.999330e-01 1.070844e+02
9.994665e-01 3.208763e-02 6.097418e-03 3.511752e-01 -3.215288e-02 9.994233e-01 1.092131e-02 -1.819277e+00 -5.743463e-03 -1.111154e-02 9.999218e-01 1.084299e+02
9.994697e-01 3.186339e-02 6.706954e-03 3.587974e-01 -3.192740e-02 9.994435e-01 9.663413e-03 -1.837607e+00 -6.395312e-03 -9.872425e-03 9.999308e-01 1.097319e+02
9.993927e-01 3.407853e-02 7.273343e-03 3.647316e-01 -3.413035e-02 9.993920e-01 7.124090e-03 -1.853741e+00 -7.026142e-03 -7.368006e-03 9.999482e-01 1.109864e+02
9.992790e-01 3.709656e-02 8.080195e-03 3.726823e-01 -3.713889e-02 9.992968e-01 5.152535e-03 -1.876534e+00 -7.883371e-03 -5.448910e-03 9.999541e-01 1.123193e+02
9.991351e-01 4.047978e-02 9.512693e-03 3.747010e-01 -4.052570e-02 9.991675e-01 4.684546e-03 -1.894935e+00 -9.315145e-03 -5.066003e-03 9.999438e-01 1.136012e+02
9.990407e-01 4.242652e-02 1.085139e-02 3.819138e-01 -4.249801e-02 9.990758e-01 6.444239e-03 -1.917198e+00 -1.056795e-02 -6.899219e-03 9.999204e-01 1.149372e+02
9.990153e-01 4.276982e-02 1.179649e-02 3.942727e-01 -4.287107e-02 9.990447e-01 8.468065e-03 -1.937024e+00 -1.142304e-02 -8.965455e-03 9.998946e-01 1.162251e+02
9.990197e-01 4.250989e-02 1.234883e-02 4.082132e-01 -4.262424e-02 9.990493e-01 9.148702e-03 -1.957798e+00 -1.194818e-02 -9.666093e-03 9.998819e-01 1.175660e+02
9.989805e-01 4.314425e-02 1.328475e-02 4.227870e-01 -4.325870e-02 9.990282e-01 8.451505e-03 -1.974881e+00 -1.290721e-02 -9.017570e-03 9.998760e-01 1.188725e+02
9.988929e-01 4.473644e-02 1.454902e-02 4.338861e-01 -4.485661e-02 9.989611e-01 8.040594e-03 -1.991498e+00 -1.417420e-02 -8.684312e-03 9.998618e-01 1.201475e+02
9.987761e-01 4.697757e-02 1.547249e-02 4.474607e-01 -4.709962e-02 9.988611e-01 7.620757e-03 -2.008878e+00 -1.509686e-02 -8.340178e-03 9.998513e-01 1.214943e+02
9.987021e-01 4.812982e-02 1.666389e-02 4.632419e-01 -4.824656e-02 9.988131e-01 6.675464e-03 -2.028424e+00 -1.632283e-02 -7.470775e-03 9.998389e-01 1.227754e+02
9.985946e-01 5.003674e-02 1.746630e-02 4.815946e-01 -5.014831e-02 9.987237e-01 6.008752e-03 -2.048967e+00 -1.714335e-02 -6.876213e-03 9.998294e-01 1.241140e+02
9.986127e-01 4.936471e-02 1.832525e-02 5.009739e-01 -4.947888e-02 9.987582e-01 5.829769e-03 -2.071200e+00 -1.801471e-02 -6.728394e-03 9.998151e-01 1.254321e+02
9.985695e-01 4.987931e-02 1.926288e-02 5.230169e-01 -5.001866e-02 9.987250e-01 6.820989e-03 -2.093079e+00 -1.889809e-02 -7.774734e-03 9.997912e-01 1.267333e+02
9.985947e-01 4.918138e-02 1.974126e-02 5.471876e-01 -4.934448e-02 9.987509e-01 7.861581e-03 -2.111739e+00 -1.932995e-02 -8.824656e-03 9.997742e-01 1.280722e+02
9.986070e-01 4.885014e-02 1.994253e-02 5.722744e-01 -4.902270e-02 9.987635e-01 8.257576e-03 -2.132638e+00 -1.951449e-02 -9.223710e-03 9.997670e-01 1.293834e+02
9.986642e-01 4.766505e-02 1.994638e-02 5.986869e-01 -4.784627e-02 9.988167e-01 8.708911e-03 -2.152117e+00 -1.950766e-02 -9.651637e-03 9.997631e-01 1.307259e+02
9.987266e-01 4.644895e-02 1.968741e-02 6.217439e-01 -4.664352e-02 9.988660e-01 9.541573e-03 -2.170973e+00 -1.922189e-02 -1.044771e-02 9.997607e-01 1.320567e+02
9.987837e-01 4.538311e-02 1.927539e-02 6.494601e-01 -4.557140e-02 9.989164e-01 9.444259e-03 -2.190412e+00 -1.882589e-02 -1.031118e-02 9.997696e-01 1.333733e+02
9.988252e-01 4.496217e-02 1.807441e-02 6.741036e-01 -4.514240e-02 9.989336e-01 9.689876e-03 -2.209009e+00 -1.761946e-02 -1.049441e-02 9.997897e-01 1.347300e+02
9.988946e-01 4.386145e-02 1.690401e-02 6.978693e-01 -4.404370e-02 9.989737e-01 1.056410e-02 -2.225259e+00 -1.642331e-02 -1.129694e-02 9.998013e-01 1.360365e+02
9.989406e-01 4.326851e-02 1.566632e-02 7.200266e-01 -4.344360e-02 9.989952e-01 1.101376e-02 -2.243934e+00 -1.517403e-02 -1.168269e-02 9.998166e-01 1.373988e+02
9.989796e-01 4.275555e-02 1.455022e-02 7.394141e-01 -4.291809e-02 9.990175e-01 1.104812e-02 -2.261154e+00 -1.406356e-02 -1.166132e-02 9.998331e-01 1.387330e+02
9.989678e-01 4.350797e-02 1.305029e-02 7.527813e-01 -4.364897e-02 9.989894e-01 1.072131e-02 -2.279007e+00 -1.257064e-02 -1.127988e-02 9.998574e-01 1.400924e+02
9.989794e-01 4.352529e-02 1.206998e-02 7.685203e-01 -4.364775e-02 9.989962e-01 1.007462e-02 -2.294511e+00 -1.161937e-02 -1.059116e-02 9.998764e-01 1.414448e+02
9.990654e-01 4.178068e-02 1.107435e-02 7.829925e-01 -4.186766e-02 9.990932e-01 7.741359e-03 -2.313445e+00 -1.074087e-02 -8.197782e-03 9.999087e-01 1.427770e+02
9.992755e-01 3.666885e-02 1.019066e-02 8.000814e-01 -3.674397e-02 9.992982e-01 7.283772e-03 -2.337093e+00 -9.916425e-03 -7.652940e-03 9.999215e-01 1.441537e+02
9.995178e-01 2.957429e-02 9.464286e-03 8.244507e-01 -2.966869e-02 9.995098e-01 9.993865e-03 -2.355630e+00 -9.164086e-03 -1.026984e-02 9.999053e-01 1.454753e+02
9.997059e-01 2.295227e-02 7.829441e-03 8.491876e-01 -2.304102e-02 9.996691e-01 1.143995e-02 -2.374888e+00 -7.564277e-03 -1.161699e-02 9.999039e-01 1.468496e+02
9.997679e-01 2.044966e-02 6.783893e-03 8.650564e-01 -2.051043e-02 9.997490e-01 9.013928e-03 -2.392904e+00 -6.597858e-03 -9.150976e-03 9.999364e-01 1.481774e+02
9.997356e-01 2.171874e-02 7.551393e-03 8.716353e-01 -2.176298e-02 9.997462e-01 5.826876e-03 -2.414693e+00 -7.422924e-03 -5.989676e-03 9.999545e-01 1.494909e+02
9.996418e-01 2.541354e-02 8.391837e-03 8.776863e-01 -2.544253e-02 9.996706e-01 3.365953e-03 -2.435426e+00 -8.303532e-03 -3.578257e-03 9.999591e-01 1.508470e+02
9.995973e-01 2.660617e-02 9.871195e-03 8.903550e-01 -2.664484e-02 9.996377e-01 3.806826e-03 -2.464424e+00 -9.766334e-03 -4.068310e-03 9.999440e-01 1.521465e+02
9.996442e-01 2.441181e-02 1.075313e-02 9.147445e-01 -2.448667e-02 9.996764e-01 6.885152e-03 -2.488676e+00 -1.058157e-02 -7.146010e-03 9.999185e-01 1.534893e+02
9.997272e-01 2.029972e-02 1.155424e-02 9.467747e-01 -2.042191e-02 9.997357e-01 1.055664e-02 -2.517343e+00 -1.133689e-02 -1.078972e-02 9.998775e-01 1.548206e+02
9.997748e-01 1.763182e-02 1.181069e-02 9.811332e-01 -1.777323e-02 9.997703e-01 1.197630e-02 -2.536833e+00 -1.159681e-02 -1.218352e-02 9.998585e-01 1.561321e+02
9.997893e-01 1.690003e-02 1.164933e-02 1.011444e+00 -1.704467e-02 9.997774e-01 1.243116e-02 -2.557127e+00 -1.143665e-02 -1.262710e-02 9.998549e-01 1.574765e+02
9.997394e-01 1.898131e-02 1.268308e-02 1.039600e+00 -1.914713e-02 9.997311e-01 1.308296e-02 -2.571434e+00 -1.243134e-02 -1.332240e-02 9.998340e-01 1.587896e+02
9.996440e-01 2.298245e-02 1.355267e-02 1.060091e+00 -2.315327e-02 9.996527e-01 1.258504e-02 -2.586294e+00 -1.325873e-02 -1.289435e-02 9.998290e-01 1.601298e+02
9.995327e-01 2.720679e-02 1.393471e-02 1.084518e+00 -2.736060e-02 9.995654e-01 1.096872e-02 -2.602830e+00 -1.363023e-02 -1.134485e-02 9.998427e-01 1.614427e+02
9.994067e-01 3.136545e-02 1.423175e-02 1.107305e+00 -3.151974e-02 9.994453e-01 1.075001e-02 -2.622607e+00 -1.388667e-02 -1.119222e-02 9.998409e-01 1.627994e+02
9.993215e-01 3.398532e-02 1.419293e-02 1.126439e+00 -3.416166e-02 9.993397e-01 1.237282e-02 -2.638841e+00 -1.376307e-02 -1.284928e-02 9.998227e-01 1.641215e+02
9.992453e-01 3.638754e-02 1.359296e-02 1.144286e+00 -3.656480e-02 9.992464e-01 1.302799e-02 -2.656937e+00 -1.310866e-02 -1.351518e-02 9.998227e-01 1.654369e+02
9.991325e-01 3.970345e-02 1.256353e-02 1.157739e+00 -3.984633e-02 9.991415e-01 1.133458e-02 -2.673723e+00 -1.210273e-02 -1.182536e-02 9.998568e-01 1.667768e+02
9.989643e-01 4.397203e-02 1.169703e-02 1.164195e+00 -4.407920e-02 9.989869e-01 9.067232e-03 -2.689471e+00 -1.128647e-02 -9.573437e-03 9.998905e-01 1.680694e+02
9.986697e-01 5.032947e-02 1.121166e-02 1.161443e+00 -5.042295e-02 9.986941e-01 8.217200e-03 -2.705563e+00 -1.078345e-02 -8.771594e-03 9.999034e-01 1.694338e+02
9.984064e-01 5.522556e-02 1.160761e-02 1.162853e+00 -5.533375e-02 9.984254e-01 9.215500e-03 -2.720204e+00 -1.108040e-02 -9.843107e-03 9.998902e-01 1.707991e+02
9.981746e-01 5.908523e-02 1.250387e-02 1.165714e+00 -5.922924e-02 9.981784e-01 1.147822e-02 -2.734501e+00 -1.180290e-02 -1.219787e-02 9.998559e-01 1.721276e+02
9.981059e-01 6.017518e-02 1.278673e-02 1.171665e+00 -6.035011e-02 9.980823e-01 1.376545e-02 -2.747014e+00 -1.193387e-02 -1.451106e-02 9.998235e-01 1.735167e+02
9.981551e-01 5.946981e-02 1.223609e-02 1.182255e+00 -5.965229e-02 9.981045e-01 1.513179e-02 -2.759025e+00 -1.131301e-02 -1.583378e-02 9.998106e-01 1.748800e+02
9.982515e-01 5.814670e-02 1.062302e-02 1.192123e+00 -5.830924e-02 9.981752e-01 1.569114e-02 -2.771296e+00 -9.691250e-03 -1.628312e-02 9.998205e-01 1.762882e+02
9.982119e-01 5.914397e-02 8.657348e-03 1.197190e+00 -5.924637e-02 9.981702e-01 1.209131e-02 -2.785283e+00 -7.926378e-03 -1.258261e-02 9.998894e-01 1.776248e+02
9.980037e-01 6.274924e-02 7.155975e-03 1.196685e+00 -6.280830e-02 9.979907e-01 8.350507e-03 -2.804075e+00 -6.617608e-03 -8.783292e-03 9.999395e-01 1.790427e+02
9.976772e-01 6.778633e-02 6.721615e-03 1.194077e+00 -6.783403e-02 9.976711e-01 7.141767e-03 -2.819496e+00 -6.221846e-03 -7.581133e-03 9.999519e-01 1.804279e+02
9.973039e-01 7.306673e-02 6.788996e-03 1.190625e+00 -7.312339e-02 9.972866e-01 8.509262e-03 -2.840995e+00 -6.148831e-03 -8.982755e-03 9.999407e-01 1.817869e+02
9.970619e-01 7.627028e-02 7.105732e-03 1.191699e+00 -7.635029e-02 9.970116e-01 1.176469e-02 -2.859084e+00 -6.187201e-03 -1.227265e-02 9.999055e-01 1.832297e+02
9.969341e-01 7.785444e-02 7.818606e-03 1.197460e+00 -7.795965e-02 9.968554e-01 1.419899e-02 -2.875324e+00 -6.688565e-03 -1.476499e-02 9.998686e-01 1.845992e+02
9.968410e-01 7.902065e-02 7.984473e-03 1.206538e+00 -7.913349e-02 9.967516e-01 1.497359e-02 -2.889797e+00 -6.775313e-03 -1.555813e-02 9.998560e-01 1.860455e+02
9.968314e-01 7.912962e-02 8.105757e-03 1.219689e+00 -7.924941e-02 9.967310e-01 1.571118e-02 -2.904233e+00 -6.836040e-03 -1.630377e-02 9.998437e-01 1.874655e+02
9.969274e-01 7.789768e-02 8.226184e-03 1.238988e+00 -7.802497e-02 9.968150e-01 1.649115e-02 -2.919362e+00 -6.915361e-03 -1.708233e-02 9.998302e-01 1.888532e+02
9.969995e-01 7.696338e-02 8.287703e-03 1.257579e+00 -7.709443e-02 9.968812e-01 1.686333e-02 -2.933149e+00 -6.963996e-03 -1.745166e-02 9.998235e-01 1.902949e+02
9.971451e-01 7.500645e-02 8.698623e-03 1.275799e+00 -7.515402e-02 9.970076e-01 1.810176e-02 -2.943267e+00 -7.314845e-03 -1.870381e-02 9.997983e-01 1.916835e+02
9.973564e-01 7.211131e-02 8.954429e-03 1.294418e+00 -7.227829e-02 9.971843e-01 1.998426e-02 -2.952256e+00 -7.488125e-03 -2.057864e-02 9.997602e-01 1.931191e+02
9.975588e-01 6.921477e-02 9.264020e-03 1.307950e+00 -6.939412e-02 9.973748e-01 2.068683e-02 -2.959911e+00 -7.807866e-03 -2.127920e-02 9.997431e-01 1.944937e+02
9.973446e-01 7.228170e-02 8.889370e-03 1.315349e+00 -7.242548e-02 9.972275e-01 1.708436e-02 -2.967430e+00 -7.629837e-03 -1.768281e-02 9.998145e-01 1.959476e+02
9.967936e-01 7.952208e-02 8.879099e-03 1.317671e+00 -7.963016e-02 9.967453e-01 1.256549e-02 -2.976399e+00 -7.850966e-03 -1.323224e-02 9.998816e-01 1.973594e+02
9.959623e-01 8.922460e-02 9.903090e-03 1.314877e+00 -8.934192e-02 9.959273e-01 1.211382e-02 -2.981555e+00 -8.781907e-03 -1.294967e-02 9.998776e-01 1.987635e+02
9.951583e-01 9.761863e-02 1.142574e-02 1.311723e+00 -9.779200e-02 9.950822e-01 1.575024e-02 -2.991170e+00 -9.832039e-03 -1.679133e-02 9.998107e-01 2.002062e+02
9.948874e-01 1.002175e-01 1.247219e-02 1.322038e+00 -1.004348e-01 9.947768e-01 1.821864e-02 -3.000755e+00 -1.058122e-02 -1.937814e-02 9.997562e-01 2.016019e+02
9.949982e-01 9.918278e-02 1.188533e-02 1.340455e+00 -9.939427e-02 9.948712e-01 1.876607e-02 -3.005324e+00 -9.963097e-03 -1.985354e-02 9.997533e-01 2.030677e+02
9.952360e-01 9.692172e-02 1.055939e-02 1.363315e+00 -9.711059e-02 9.950894e-01 1.914683e-02 -3.013667e+00 -8.651790e-03 -2.008105e-02 9.997609e-01 2.045256e+02
9.953467e-01 9.589323e-02 9.459997e-03 1.381719e+00 -9.606046e-02 9.951908e-01 1.917641e-02 -3.022946e+00 -7.575614e-03 -1.999591e-02 9.997714e-01 2.059444e+02
9.952445e-01 9.702082e-02 8.679757e-03 1.393057e+00 -9.716892e-02 9.950926e-01 1.867901e-02 -3.026937e+00 -6.824909e-03 -1.943359e-02 9.997879e-01 2.074089e+02
9.950427e-01 9.907771e-02 8.586501e-03 1.402508e+00 -9.922748e-02 9.948786e-01 1.924903e-02 -3.032634e+00 -6.635377e-03 -2.000562e-02 9.997778e-01 2.088450e+02
9.948710e-01 1.008140e-01 8.257580e-03 1.409663e+00 -1.009633e-01 9.946835e-01 2.027587e-02 -3.035465e+00 -6.169586e-03 -2.100559e-02 9.997603e-01 2.103329e+02
9.948904e-01 1.006532e-01 7.875798e-03 1.417067e+00 -1.007944e-01 9.947013e-01 2.024385e-02 -3.039639e+00 -5.796457e-03 -2.093425e-02 9.997641e-01 2.117903e+02
9.948695e-01 1.008999e-01 7.337690e-03 1.425948e+00 -1.010249e-01 9.946962e-01 1.932521e-02 -3.041235e+00 -5.348860e-03 -1.996735e-02 9.997863e-01 2.132187e+02
9.948804e-01 1.008197e-01 6.953032e-03 1.434312e+00 -1.009356e-01 9.947108e-01 1.904010e-02 -3.044828e+00 -4.996639e-03 -1.964443e-02 9.997945e-01 2.147120e+02
9.948160e-01 1.014895e-01 6.410791e-03 1.440541e+00 -1.015947e-01 9.946432e-01 1.906170e-02 -3.046395e+00 -4.441888e-03 -1.961418e-02 9.997978e-01 2.161491e+02
9.947683e-01 1.019776e-01 6.052683e-03 1.446316e+00 -1.020754e-01 9.945958e-01 1.896947e-02 -3.051676e+00 -4.085511e-03 -1.948806e-02 9.998017e-01 2.176452e+02
9.947047e-01 1.026055e-01 5.886976e-03 1.452026e+00 -1.026989e-01 9.945363e-01 1.871938e-02 -3.056301e+00 -3.934101e-03 -1.922484e-02 9.998074e-01 2.190991e+02
9.945108e-01 1.044990e-01 5.312140e-03 1.455649e+00 -1.045807e-01 9.943419e-01 1.862692e-02 -3.060338e+00 -3.335590e-03 -1.908022e-02 9.998124e-01 2.206007e+02
9.944493e-01 1.050969e-01 5.018226e-03 1.461585e+00 -1.051732e-01 9.942781e-01 1.870136e-02 -3.067834e+00 -3.024058e-03 -1.912534e-02 9.998125e-01 2.220845e+02
9.943072e-01 1.064474e-01 4.716875e-03 1.464429e+00 -1.065178e-01 9.941340e-01 1.874824e-02 -3.071005e+00 -2.693505e-03 -1.914394e-02 9.998131e-01 2.235258e+02
9.943062e-01 1.064653e-01 4.513025e-03 1.469212e+00 -1.065325e-01 9.941274e-01 1.901357e-02 -3.079485e+00 -2.462236e-03 -1.938609e-02 9.998090e-01 2.250127e+02
9.943111e-01 1.064179e-01 4.539419e-03 1.474023e+00 -1.064851e-01 9.941357e-01 1.884499e-02 -3.084160e+00 -2.507355e-03 -1.922116e-02 9.998121e-01 2.264366e+02
9.943346e-01 1.062020e-01 4.449482e-03 1.476766e+00 -1.062689e-01 9.941484e-01 1.938675e-02 -3.089274e+00 -2.364535e-03 -1.974975e-02 9.998022e-01 2.279482e+02
9.944075e-01 1.055158e-01 4.489155e-03 1.481308e+00 -1.055860e-01 9.942002e-01 2.043290e-02 -3.095416e+00 -2.307125e-03 -2.079262e-02 9.997811e-01 2.294257e+02
9.943424e-01 1.061373e-01 4.242890e-03 1.483267e+00 -1.062033e-01 9.941243e-01 2.092423e-02 -3.097672e+00 -1.997119e-03 -2.125646e-02 9.997721e-01 2.308967e+02
9.942553e-01 1.069603e-01 3.980144e-03 1.480362e+00 -1.070205e-01 9.940375e-01 2.088341e-02 -3.099822e+00 -1.722716e-03 -2.118939e-02 9.997740e-01 2.323940e+02
9.941168e-01 1.082351e-01 4.128946e-03 1.481595e+00 -1.082971e-01 9.939101e-01 2.035956e-02 -3.100975e+00 -1.900183e-03 -2.068694e-02 9.997842e-01 2.338413e+02
9.939429e-01 1.098108e-01 4.363334e-03 1.479521e+00 -1.098790e-01 9.937193e-01 2.117945e-02 -3.100761e+00 -2.010197e-03 -2.153061e-02 9.997662e-01 2.353548e+02
9.939041e-01 1.101446e-01 4.774775e-03 1.478730e+00 -1.102262e-01 9.936367e-01 2.315836e-02 -3.097903e+00 -2.193624e-03 -2.354349e-02 9.997204e-01 2.368432e+02
9.938966e-01 1.101885e-01 5.303143e-03 1.481758e+00 -1.102840e-01 9.936172e-01 2.371455e-02 -3.096930e+00 -2.656225e-03 -2.415466e-02 9.997047e-01 2.383191e+02
9.937858e-01 1.111822e-01 5.324635e-03 1.483537e+00 -1.112741e-01 9.935397e-01 2.229117e-02 -3.095010e+00 -2.811856e-03 -2.274514e-02 9.997373e-01 2.398416e+02
9.936668e-01 1.122315e-01 5.509010e-03 1.482127e+00 -1.123235e-01 9.934493e-01 2.102332e-02 -3.095892e+00 -3.113443e-03 -2.150897e-02 9.997638e-01 2.413205e+02
9.934706e-01 1.139554e-01 5.509812e-03 1.481640e+00 -1.140484e-01 9.932433e-01 2.146362e-02 -3.094677e+00 -3.026688e-03 -2.195186e-02 9.997544e-01 2.428478e+02
9.934261e-01 1.143479e-01 5.395564e-03 1.482250e+00 -1.144418e-01 9.931704e-01 2.270937e-02 -3.095484e+00 -2.761945e-03 -2.317756e-02 9.997275e-01 2.443725e+02
9.933141e-01 1.153306e-01 5.104781e-03 1.482910e+00 -1.154195e-01 9.930376e-01 2.354942e-02 -3.095303e+00 -2.353271e-03 -2.398116e-02 9.997096e-01 2.458567e+02
9.932123e-01 1.162301e-01 4.469541e-03 1.481130e+00 -1.163040e-01 9.929283e-01 2.380575e-02 -3.091822e+00 -1.670988e-03 -2.416398e-02 9.997066e-01 2.474035e+02
9.929994e-01 1.180427e-01 4.260052e-03 1.476261e+00 -1.181113e-01 9.927101e-01 2.400657e-02 -3.086312e+00 -1.395196e-03 -2.434167e-02 9.997027e-01 2.489042e+02
9.927897e-01 1.198070e-01 3.846197e-03 1.468543e+00 -1.198654e-01 9.924910e-01 2.436990e-02 -3.082131e+00 -8.976298e-04 -2.465521e-02 9.996956e-01 2.504510e+02
9.926737e-01 1.207795e-01 3.351102e-03 1.461471e+00 -1.208254e-01 9.923747e-01 2.436597e-02 -3.073224e+00 -3.826396e-04 -2.459235e-02 9.996975e-01 2.519515e+02
9.927828e-01 1.199003e-01 2.484646e-03 1.450271e+00 -1.199249e-01 9.924703e-01 2.491283e-02 -3.071090e+00 5.211192e-04 -2.503100e-02 9.996865e-01 2.534961e+02
9.929157e-01 1.188044e-01 1.968699e-03 1.438290e+00 -1.188157e-01 9.925870e-01 2.556925e-02 -3.060871e+00 1.083633e-03 -2.562202e-02 9.996711e-01 2.550158e+02
9.931610e-01 1.167378e-01 1.854732e-03 1.426672e+00 -1.167456e-01 9.928022e-01 2.672682e-02 -3.058561e+00 1.278648e-03 -2.676056e-02 9.996411e-01 2.565137e+02
9.932816e-01 1.157178e-01 9.806831e-04 1.410198e+00 -1.157042e-01 9.929460e-01 2.589931e-02 -3.050094e+00 2.023246e-03 -2.583878e-02 9.996641e-01 2.580570e+02
9.932753e-01 1.157734e-01 8.319884e-04 1.392252e+00 -1.157575e-01 9.929577e-01 2.520362e-02 -3.046398e+00 2.091780e-03 -2.513044e-02 9.996820e-01 2.595571e+02
9.934049e-01 1.146502e-01 1.439336e-03 1.375560e+00 -1.146467e-01 9.930312e-01 2.729894e-02 -3.041066e+00 1.700524e-03 -2.728392e-02 9.996263e-01 2.610862e+02
9.935547e-01 1.133360e-01 2.024668e-03 1.362227e+00 -1.133469e-01 9.931308e-01 2.904763e-02 -3.029251e+00 1.281382e-03 -2.908989e-02 9.995760e-01 2.626005e+02
9.936613e-01 1.123908e-01 2.347395e-03 1.347863e+00 -1.124115e-01 9.932373e-01 2.903974e-02 -3.020166e+00 9.322810e-04 -2.911954e-02 9.995755e-01 2.641069e+02
9.936165e-01 1.127866e-01 2.327460e-03 1.330259e+00 -1.128073e-01 9.932172e-01 2.817944e-02 -3.009633e+00 8.665915e-04 -2.826212e-02 9.996002e-01 2.656213e+02
9.934338e-01 1.143591e-01 3.364972e-03 1.310406e+00 -1.144085e-01 9.930385e-01 2.802276e-02 -2.997603e+00 -1.368903e-04 -2.822374e-02 9.996016e-01 2.671459e+02
9.931404e-01 1.168455e-01 4.379404e-03 1.289807e+00 -1.169229e-01 9.927390e-01 2.825323e-02 -2.986966e+00 -1.046341e-03 -2.857148e-02 9.995912e-01 2.686668e+02
9.928770e-01 1.190161e-01 5.511599e-03 1.267597e+00 -1.191242e-01 9.924883e-01 2.786283e-02 -2.976703e+00 -2.154071e-03 -2.832093e-02 9.995966e-01 2.701749e+02
9.926117e-01 1.211289e-01 7.053423e-03 1.253116e+00 -1.212797e-01 9.922292e-01 2.779401e-02 -2.967552e+00 -3.631953e-03 -2.844410e-02 9.995888e-01 2.716905e+02
9.925295e-01 1.217612e-01 7.706806e-03 1.237469e+00 -1.219296e-01 9.921547e-01 2.760845e-02 -2.958092e+00 -4.284707e-03 -2.834189e-02 9.995891e-01 2.732091e+02
9.923794e-01 1.228710e-01 9.267682e-03 1.228831e+00 -1.230798e-01 9.920298e-01 2.698659e-02 -2.949454e+00 -5.877946e-03 -2.792160e-02 9.995928e-01 2.747218e+02
9.924113e-01 1.225537e-01 1.001713e-02 1.223749e+00 -1.227810e-01 9.920772e-01 2.660062e-02 -2.941479e+00 -6.677762e-03 -2.762867e-02 9.995960e-01 2.762455e+02
9.923524e-01 1.228834e-01 1.167775e-02 1.224264e+00 -1.231584e-01 9.920246e-01 2.681679e-02 -2.933764e+00 -8.289279e-03 -2.804991e-02 9.995722e-01 2.777508e+02
9.924158e-01 1.221824e-01 1.350303e-02 1.227114e+00 -1.225211e-01 9.920705e-01 2.801421e-02 -2.926164e+00 -9.973115e-03 -2.945615e-02 9.995163e-01 2.792430e+02
9.924996e-01 1.214832e-01 1.364990e-02 1.228554e+00 -1.218318e-01 9.921400e-01 2.855211e-02 -2.916302e+00 -1.007401e-02 -3.000095e-02 9.994991e-01 2.807964e+02
9.925908e-01 1.206532e-01 1.436582e-02 1.239525e+00 -1.210003e-01 9.923009e-01 2.641625e-02 -2.909846e+00 -1.106801e-02 -2.795880e-02 9.995478e-01 2.823188e+02
9.925942e-01 1.206677e-01 1.400261e-02 1.248115e+00 -1.209855e-01 9.923484e-01 2.464262e-02 -2.899737e+00 -1.092190e-02 -2.615423e-02 9.995983e-01 2.838659e+02
9.926092e-01 1.205813e-01 1.367627e-02 1.254037e+00 -1.208926e-01 9.923548e-01 2.483751e-02 -2.890121e+00 -1.057678e-02 -2.630730e-02 9.995979e-01 2.853881e+02
9.927102e-01 1.196871e-01 1.419623e-02 1.261676e+00 -1.200166e-01 9.924516e-01 2.521442e-02 -2.882986e+00 -1.107123e-02 -2.673440e-02 9.995813e-01 2.869062e+02
9.926766e-01 1.200569e-01 1.339877e-02 1.269735e+00 -1.203614e-01 9.924185e-01 2.487285e-02 -2.874948e+00 -1.031103e-02 -2.630339e-02 9.996008e-01 2.884570e+02
9.925947e-01 1.206670e-01 1.397448e-02 1.268050e+00 -1.209854e-01 9.923451e-01 2.477504e-02 -2.867030e+00 -1.087797e-02 -2.628228e-02 9.995954e-01 2.899979e+02
9.925261e-01 1.212551e-01 1.375191e-02 1.269950e+00 -1.215721e-01 9.922625e-01 2.520542e-02 -2.857699e+00 -1.058922e-02 -2.668889e-02 9.995877e-01 2.915553e+02
9.924881e-01 1.215559e-01 1.384273e-02 1.274613e+00 -1.218798e-01 9.922139e-01 2.563146e-02 -2.852065e+00 -1.061929e-02 -2.712606e-02 9.995756e-01 2.931110e+02
9.923828e-01 1.223155e-01 1.467176e-02 1.292331e+00 -1.226753e-01 9.920843e-01 2.682547e-02 -2.846035e+00 -1.127445e-02 -2.842099e-02 9.995325e-01 2.946587e+02
9.921511e-01 1.241764e-01 1.471320e-02 1.305306e+00 -1.245529e-01 9.918102e-01 2.826705e-02 -2.837686e+00 -1.108260e-02 -2.987775e-02 9.994921e-01 2.962439e+02
9.919965e-01 1.251116e-01 1.702908e-02 1.327849e+00 -1.255508e-01 9.916984e-01 2.777127e-02 -2.828400e+00 -1.341321e-02 -2.968701e-02 9.994692e-01 2.978165e+02
9.918167e-01 1.263590e-01 1.824687e-02 1.360142e+00 -1.268292e-01 9.915448e-01 2.744430e-02 -2.821412e+00 -1.462476e-02 -2.953396e-02 9.994568e-01 2.993900e+02
9.917640e-01 1.266099e-01 1.933931e-02 1.399685e+00 -1.271070e-01 9.915189e-01 2.709321e-02 -2.817127e+00 -1.574502e-02 -2.932823e-02 9.994458e-01 3.009642e+02
9.918532e-01 1.257264e-01 2.049529e-02 1.450092e+00 -1.262362e-01 9.916637e-01 2.583599e-02 -2.815435e+00 -1.707617e-02 -2.821276e-02 9.994561e-01 3.025389e+02
9.918393e-01 1.257804e-01 2.083665e-02 1.491523e+00 -1.262717e-01 9.916998e-01 2.422798e-02 -2.818420e+00 -1.761629e-02 -2.666134e-02 9.994893e-01 3.041218e+02
9.917915e-01 1.261434e-01 2.091455e-02 1.519330e+00 -1.266224e-01 9.916744e-01 2.342179e-02 -2.815348e+00 -1.778592e-02 -2.587778e-02 9.995069e-01 3.056994e+02
9.916143e-01 1.279383e-01 1.824436e-02 1.544911e+00 -1.283480e-01 9.914532e-01 2.339484e-02 -2.815890e+00 -1.509533e-02 -2.554028e-02 9.995598e-01 3.073055e+02
9.914277e-01 1.296586e-01 1.611635e-02 1.568317e+00 -1.300295e-01 9.912045e-01 2.461634e-02 -2.812617e+00 -1.278288e-02 -2.650093e-02 9.995671e-01 3.088804e+02
9.912216e-01 1.311585e-01 1.665102e-02 1.579926e+00 -1.315872e-01 9.909097e-01 2.797758e-02 -2.801008e+00 -1.283016e-02 -2.992304e-02 9.994699e-01 3.104543e+02
9.913726e-01 1.300090e-01 1.667610e-02 1.599331e+00 -1.304848e-01 9.909465e-01 3.160403e-02 -2.787609e+00 -1.241632e-02 -3.350735e-02 9.993613e-01 3.120906e+02
9.914661e-01 1.291636e-01 1.765812e-02 1.626995e+00 -1.296886e-01 9.910121e-01 3.280060e-02 -2.771083e+00 -1.326277e-02 -3.481074e-02 9.993059e-01 3.136864e+02
9.915604e-01 1.285077e-01 1.713926e-02 1.646079e+00 -1.290073e-01 9.911205e-01 3.220513e-02 -2.754123e+00 -1.284847e-02 -3.414443e-02 9.993343e-01 3.153175e+02
9.916202e-01 1.278851e-01 1.829906e-02 1.672864e+00 -1.284220e-01 9.912028e-01 3.201107e-02 -2.735071e+00 -1.404434e-02 -3.409282e-02 9.993200e-01 3.169147e+02
9.916231e-01 1.279007e-01 1.802840e-02 1.696888e+00 -1.284378e-01 9.911785e-01 3.269512e-02 -2.717081e+00 -1.368763e-02 -3.473677e-02 9.993028e-01 3.185470e+02
9.916205e-01 1.277908e-01 1.893104e-02 1.719594e+00 -1.283637e-01 9.911781e-01 3.299473e-02 -2.702712e+00 -1.454761e-02 -3.514830e-02 9.992762e-01 3.201766e+02
9.913914e-01 1.293197e-01 2.048066e-02 1.743888e+00 -1.299305e-01 9.910069e-01 3.199055e-02 -2.684171e+00 -1.615947e-02 -3.437622e-02 9.992783e-01 3.217826e+02
9.913026e-01 1.299600e-01 2.072717e-02 1.764986e+00 -1.305713e-01 9.909377e-01 3.152286e-02 -2.668130e+00 -1.644262e-02 -3.395507e-02 9.992881e-01 3.234195e+02
9.913532e-01 1.292153e-01 2.285284e-02 1.789398e+00 -1.299285e-01 9.909707e-01 3.310019e-02 -2.651802e+00 -1.836944e-02 -3.578321e-02 9.991907e-01 3.250234e+02
9.915246e-01 1.279443e-01 2.256501e-02 1.821946e+00 -1.286690e-01 9.910948e-01 3.428405e-02 -2.634184e+00 -1.797762e-02 -3.689689e-02 9.991574e-01 3.266569e+02
9.915486e-01 1.277568e-01 2.257265e-02 1.852696e+00 -1.284648e-01 9.911537e-01 3.333347e-02 -2.616728e+00 -1.811439e-02 -3.595154e-02 9.991893e-01 3.282741e+02
9.914420e-01 1.283745e-01 2.372318e-02 1.880123e+00 -1.291243e-01 9.910670e-01 3.336354e-02 -2.602654e+00 -1.922823e-02 -3.614126e-02 9.991617e-01 3.298943e+02
9.912461e-01 1.300898e-01 2.253515e-02 1.907520e+00 -1.307534e-01 9.909297e-01 3.101439e-02 -2.579108e+00 -1.829609e-02 -3.368944e-02 9.992649e-01 3.315208e+02
9.908982e-01 1.326596e-01 2.284963e-02 1.928599e+00 -1.332908e-01 9.906596e-01 2.876034e-02 -2.570665e+00 -1.882087e-02 -3.154422e-02 9.993251e-01 3.331162e+02
9.907662e-01 1.337919e-01 2.195681e-02 1.949328e+00 -1.344043e-01 9.904934e-01 2.929741e-02 -2.555979e+00 -1.782832e-02 -3.197797e-02 9.993296e-01 3.347249e+02
9.906879e-01 1.343948e-01 2.180629e-02 1.975727e+00 -1.350600e-01 9.903007e-01 3.260851e-02 -2.545686e+00 -1.721237e-02 -3.525001e-02 9.992303e-01 3.363128e+02
9.905322e-01 1.353967e-01 2.266668e-02 1.998992e+00 -1.361377e-01 9.900655e-01 3.516891e-02 -2.525522e+00 -1.767974e-02 -3.792173e-02 9.991243e-01 3.378452e+02
9.904859e-01 1.360835e-01 2.046929e-02 2.014674e+00 -1.367338e-01 9.899999e-01 3.470022e-02 -2.505195e+00 -1.554247e-02 -3.716892e-02 9.991881e-01 3.394462e+02
9.904786e-01 1.362966e-01 1.937443e-02 2.037850e+00 -1.368893e-01 9.900183e-01 3.354256e-02 -2.487960e+00 -1.460930e-02 -3.587534e-02 9.992495e-01 3.410174e+02
9.907076e-01 1.349619e-01 1.684675e-02 2.054474e+00 -1.354845e-01 9.901555e-01 3.515612e-02 -2.468096e+00 -1.193617e-02 -3.711191e-02 9.992398e-01 3.426254e+02
9.909254e-01 1.334623e-01 1.596140e-02 2.078846e+00 -1.339663e-01 9.903183e-01 3.636881e-02 -2.453943e+00 -1.095300e-02 -3.817706e-02 9.992110e-01 3.442071e+02
9.909419e-01 1.332941e-01 1.633710e-02 2.097518e+00 -1.338027e-01 9.903721e-01 3.549498e-02 -2.433044e+00 -1.144854e-02 -3.735941e-02 9.992363e-01 3.457657e+02
9.910163e-01 1.328676e-01 1.526262e-02 2.112983e+00 -1.333323e-01 9.904490e-01 3.511688e-02 -2.413943e+00 -1.045095e-02 -3.683640e-02 9.992667e-01 3.473620e+02
9.910178e-01 1.327723e-01 1.597484e-02 2.127293e+00 -1.332605e-01 9.904679e-01 3.485716e-02 -2.391973e+00 -1.119450e-02 -3.667288e-02 9.992646e-01 3.489264e+02
9.911130e-01 1.321362e-01 1.532985e-02 2.145242e+00 -1.326038e-01 9.905472e-01 3.510644e-02 -2.374498e+00 -1.054611e-02 -3.682725e-02 9.992660e-01 3.505287e+02
9.911915e-01 1.315813e-01 1.502356e-02 2.162330e+00 -1.320347e-01 9.906340e-01 3.480022e-02 -2.357568e+00 -1.030379e-02 -3.647732e-02 9.992814e-01 3.521131e+02
9.911980e-01 1.314752e-01 1.551553e-02 2.175281e+00 -1.319407e-01 9.906657e-01 3.425203e-02 -2.339612e+00 -1.086741e-02 -3.599767e-02 9.992928e-01 3.536857e+02
