1.000000e+00 0.000000e+00 0.000000e+00 0.000000e+00 0.000000e+00 1.000000e+00 0.000000e+00 0.000000e+00 0.000000e+00 0.000000e+00 1.000000e+00 0.000000e+00
9.999976e-01 -1.726176e-03 -1.364596e-03 -1.746919e-04 1.725211e-03 9.999983e-01 -7.083480e-04 -1.584432e-02 1.365817e-03 7.059921e-04 9.999988e-01 5.586696e-01
9.999961e-01 -2.077485e-03 -1.844721e-03 -2.116740e-03 2.073670e-03 9.999957e-01 -2.067548e-03 -3.209615e-02 1.849008e-03 2.063714e-03 9.999962e-01 1.116914e+00
9.999891e-01 -2.400463e-03 -4.004726e-03 -5.456051e-03 2.385987e-03 9.999906e-01 -3.615717e-03 -4.678990e-02 4.013368e-03 3.606122e-03 9.999854e-01 1.672630e+00
9.999745e-01 -4.164934e-03 -5.795305e-03 -7.844211e-03 4.134210e-03 9.999774e-01 -5.303471e-03 -6.213850e-02 5.817263e-03 5.279377e-03 9.999691e-01 2.228983e+00
9.999595e-01 -6.221970e-03 -6.504714e-03 -1.106638e-02 6.175697e-03 9.999557e-01 -7.109809e-03 -7.841009e-02 6.548662e-03 7.069350e-03 9.999536e-01 2.791399e+00
9.999386e-01 -7.196717e-03 -8.427222e-03 -1.594397e-02 7.129713e-03 9.999429e-01 -7.954153e-03 -9.166090e-02 8.483985e-03 7.893581e-03 9.999329e-01 3.357442e+00
9.999315e-01 -7.309182e-03 -9.139587e-03 -1.811345e-02 7.241674e-03 9.999464e-01 -7.397805e-03 -1.078489e-01 9.193169e-03 7.331112e-03 9.999309e-01 3.920176e+00
9.999137e-01 -7.509749e-03 -1.078033e-02 -2.708977e-02 7.426797e-03 9.999427e-01 -7.714224e-03 -1.262354e-01 1.083764e-02 7.633495e-03 9.999121e-01 4.495421e+00
9.999159e-01 -6.662425e-03 -1.112623e-02 -3.327941e-02 6.548496e-03 9.999261e-01 -1.024496e-02 -1.474843e-01 1.119366e-02 1.017124e-02 9.998856e-01 5.080893e+00
9.999057e-01 -4.852055e-03 -1.285074e-02 -4.835435e-02 4.672111e-03 9.998911e-01 -1.399587e-02 -1.671543e-01 1.291725e-02 1.393451e-02 9.998195e-01 5.676714e+00
9.998972e-01 -3.036017e-03 -1.401538e-02 -6.404535e-02 2.790281e-03 9.998426e-01 -1.751971e-02 -1.837892e-01 1.406636e-02 1.747880e-02 9.997483e-01 6.279754e+00
9.998939e-01 -1.076230e-03 -1.452432e-02 -7.753244e-02 8.232441e-04 9.998480e-01 -1.741285e-02 -2.010309e-01 1.454086e-02 1.739905e-02 9.997429e-01 6.893897e+00
9.998682e-01 1.277013e-03 -1.618611e-02 -1.040295e-01 -1.457045e-03 9.999372e-01 -1.111568e-02 -2.140805e-01 1.617090e-02 1.113780e-02 9.998072e-01 7.532999e+00
9.998680e-01 2.014161e-03 -1.612014e-02 -1.190944e-01 -2.026024e-03 9.999977e-01 -7.196055e-04 -2.303953e-01 1.611865e-02 7.521704e-04 9.998698e-01 8.191044e+00
9.998472e-01 3.036826e-03 -1.721701e-02 -1.387260e-01 -2.932290e-03 9.999771e-01 6.093644e-03 -2.482294e-01 1.723512e-02 -6.042228e-03 9.998332e-01 8.858775e+00
9.998261e-01 4.521886e-03 -1.809157e-02 -1.632215e-01 -4.420960e-03 9.999745e-01 5.614759e-03 -2.660368e-01 1.811650e-02 -5.533800e-03 9.998206e-01 9.529634e+00
9.998108e-01 7.165022e-03 -1.808288e-02 -1.849397e-01 -7.193727e-03 9.999730e-01 -1.522846e-03 -2.742691e-01 1.807148e-02 1.652641e-03 9.998353e-01 1.020616e+01
9.997813e-01 7.552797e-03 -1.950263e-02 -2.033132e-01 -7.699243e-03 9.999426e-01 -7.444893e-03 -2.795291e-01 1.944528e-02 7.593420e-03 9.997821e-01 1.091114e+01
9.997835e-01 6.150944e-03 -1.987833e-02 -2.152196e-01 -6.277323e-03 9.999604e-01 -6.301500e-03 -2.876328e-01 1.983879e-02 6.424919e-03 9.997825e-01 1.162770e+01
9.997748e-01 5.150399e-03 -2.058797e-02 -2.262093e-01 -5.096656e-03 9.999835e-01 2.662051e-03 -2.995533e-01 2.060134e-02 -2.556522e-03 9.997845e-01 1.238390e+01
9.997851e-01 4.253019e-03 -2.029177e-02 -2.401927e-01 -4.052235e-03 9.999425e-01 9.925722e-03 -3.087867e-01 2.033282e-02 -9.841361e-03 9.997448e-01 1.313848e+01
9.997631e-01 3.669871e-03 -2.145518e-02 -2.544435e-01 -3.399285e-03 9.999144e-01 1.263457e-02 -3.161225e-01 2.149971e-02 -1.255865e-02 9.996900e-01 1.392781e+01
9.997641e-01 1.853461e-03 -2.164201e-02 -2.729937e-01 -1.591729e-03 9.999255e-01 1.210468e-02 -3.219227e-01 2.166283e-02 -1.206737e-02 9.996925e-01 1.472470e+01
9.997969e-01 1.872353e-03 -2.006869e-02 -3.017950e-01 -1.675079e-03 9.999502e-01 9.842214e-03 -3.262471e-01 2.008612e-02 -9.806598e-03 9.997502e-01 1.553860e+01
9.997878e-01 4.107630e-03 -2.018447e-02 -3.287951e-01 -3.982965e-03 9.999728e-01 6.212605e-03 -3.242786e-01 2.020944e-02 -6.130893e-03 9.997770e-01 1.638091e+01
9.998286e-01 1.742860e-03 -1.843289e-02 -3.563990e-01 -1.719885e-03 9.999977e-01 1.262183e-03 -3.365395e-01 1.843504e-02 -1.230264e-03 9.998293e-01 1.722486e+01
9.998318e-01 -9.116944e-04 -1.831791e-02 -3.794344e-01 8.267042e-04 9.999889e-01 -4.646769e-03 -3.509348e-01 1.832194e-02 4.630844e-03 9.998214e-01 1.809961e+01
9.998734e-01 5.498567e-04 -1.590530e-02 -4.117093e-01 -7.011650e-04 9.999545e-01 -9.509059e-03 -3.677820e-01 1.589935e-02 9.519006e-03 9.998283e-01 1.897146e+01
9.998774e-01 2.148139e-03 -1.550757e-02 -4.384737e-01 -2.318624e-03 9.999370e-01 -1.098411e-02 -3.824803e-01 1.548300e-02 1.101872e-02 9.998194e-01 1.986683e+01
9.998925e-01 2.162228e-03 -1.450118e-02 -4.644856e-01 -2.310262e-03 9.999453e-01 -1.019944e-02 -4.063063e-01 1.447833e-02 1.023185e-02 9.998428e-01 2.075277e+01
9.999126e-01 3.398301e-03 -1.277334e-02 -4.902449e-01 -3.539783e-03 9.999325e-01 -1.107011e-02 -4.323857e-01 1.273485e-02 1.111436e-02 9.998571e-01 2.166210e+01
9.999052e-01 6.589756e-03 -1.209119e-02 -5.119776e-01 -6.747588e-03 9.998920e-01 -1.305948e-02 -4.581672e-01 1.200383e-02 1.313982e-02 9.998416e-01 2.258760e+01
9.998796e-01 1.098420e-02 -1.095623e-02 -5.352497e-01 -1.113445e-02 9.998435e-01 -1.374850e-02 -4.829992e-01 1.080350e-02 1.386884e-02 9.998455e-01 2.353686e+01
9.998578e-01 1.294392e-02 -1.081306e-02 -5.474675e-01 -1.308978e-02 9.998228e-01 -1.352967e-02 -5.140104e-01 1.063602e-02 1.366929e-02 9.998500e-01 2.449212e+01
9.998431e-01 1.433171e-02 -1.041289e-02 -5.579133e-01 -1.447097e-02 9.998052e-01 -1.342365e-02 -5.461620e-01 1.021848e-02 1.357223e-02 9.998557e-01 2.546423e+01
9.998252e-01 1.511242e-02 -1.101101e-02 -5.632539e-01 -1.525586e-02 9.997983e-01 -1.306126e-02 -5.780239e-01 1.081140e-02 1.322696e-02 9.998541e-01 2.643053e+01
9.997934e-01 1.651455e-02 -1.185239e-02 -5.682113e-01 -1.665444e-02 9.997916e-01 -1.180273e-02 -6.103936e-01 1.165500e-02 1.199768e-02 9.998601e-01 2.740739e+01
9.997687e-01 1.789581e-02 -1.192918e-02 -5.738283e-01 -1.801248e-02 9.997903e-01 -9.745966e-03 -6.429904e-01 1.175226e-02 9.958586e-03 9.998813e-01 2.840985e+01
9.997324e-01 1.964644e-02 -1.220976e-02 -5.759264e-01 -1.974835e-02 9.997707e-01 -8.283132e-03 -6.749400e-01 1.204423e-02 8.522039e-03 9.998911e-01 2.940536e+01
9.997161e-01 2.087097e-02 -1.149437e-02 -5.782157e-01 -2.097056e-02 9.997430e-01 -8.612588e-03 -7.117562e-01 1.131166e-02 8.851186e-03 9.998968e-01 3.042847e+01
9.996554e-01 2.339422e-02 -1.191167e-02 -5.821669e-01 -2.350266e-02 9.996828e-01 -9.046719e-03 -7.425058e-01 1.169625e-02 9.323557e-03 9.998881e-01 3.144836e+01
9.996324e-01 2.430895e-02 -1.200246e-02 -5.873196e-01 -2.440479e-02 9.996709e-01 -7.904160e-03 -7.731473e-01 1.180637e-02 8.194172e-03 9.998967e-01 3.247977e+01
9.996456e-01 2.393855e-02 -1.164516e-02 -5.949376e-01 -2.399509e-02 9.997008e-01 -4.739460e-03 -8.026252e-01 1.152822e-02 5.017207e-03 9.999210e-01 3.352471e+01
9.996276e-01 2.430780e-02 -1.239752e-02 -6.113472e-01 -2.432235e-02 9.997036e-01 -1.024240e-03 -8.274759e-01 1.236895e-02 1.325396e-03 9.999226e-01 3.457562e+01
9.996324e-01 2.437692e-02 -1.186473e-02 -6.271746e-01 -2.435856e-02 9.997019e-01 1.688877e-03 -8.507522e-01 1.190236e-02 -1.399249e-03 9.999282e-01 3.563012e+01
9.996118e-01 2.458644e-02 -1.310816e-02 -6.502500e-01 -2.455208e-02 9.996947e-01 2.775831e-03 -8.717593e-01 1.317241e-02 -2.452921e-03 9.999102e-01 3.669037e+01
9.996147e-01 2.475175e-02 -1.256410e-02 -6.723773e-01 -2.473244e-02 9.996927e-01 1.690368e-03 -8.918234e-01 1.260208e-02 -1.378976e-03 9.999196e-01 3.775855e+01
9.995860e-01 2.542592e-02 -1.346921e-02 -6.971681e-01 -2.540761e-02 9.996760e-01 1.529029e-03 -9.107225e-01 1.350372e-02 -1.186176e-03 9.999081e-01 3.883503e+01
9.995998e-01 2.467670e-02 -1.383319e-02 -7.192295e-01 -2.463983e-02 9.996924e-01 2.829613e-03 -9.296232e-01 1.389876e-02 -2.487633e-03 9.999003e-01 3.991161e+01
9.996197e-01 2.419773e-02 -1.322406e-02 -7.404349e-01 -2.413058e-02 9.996952e-01 5.213951e-03 -9.501492e-01 1.334619e-02 -4.892864e-03 9.998990e-01 4.099094e+01
9.996131e-01 2.391049e-02 -1.420869e-02 -7.616538e-01 -2.379731e-02 9.996841e-01 8.082017e-03 -9.686034e-01 1.439744e-02 -7.740762e-03 9.998664e-01 4.206744e+01
9.996048e-01 2.474110e-02 -1.334712e-02 -7.810734e-01 -2.463065e-02 9.996615e-01 8.377162e-03 -9.851139e-01 1.354987e-02 -8.045103e-03 9.998758e-01 4.314709e+01
9.995580e-01 2.611183e-02 -1.421506e-02 -8.036353e-01 -2.603826e-02 9.996467e-01 5.336778e-03 -1.004907e+00 1.434940e-02 -4.964284e-03 9.998847e-01 4.420987e+01
9.995322e-01 2.769147e-02 -1.298106e-02 -8.232982e-01 -2.767101e-02 9.996155e-01 1.753482e-03 -1.022909e+00 1.302462e-02 -1.393463e-03 9.999142e-01 4.528053e+01
9.995107e-01 2.832258e-02 -1.327570e-02 -8.471667e-01 -2.830349e-02 9.995981e-01 1.623601e-03 -1.038695e+00 1.331635e-02 -1.247058e-03 9.999106e-01 4.635828e+01
9.995396e-01 2.742241e-02 -1.298089e-02 -8.659645e-01 -2.736674e-02 9.996156e-01 4.446867e-03 -1.059553e+00 1.309785e-02 -4.089575e-03 9.999059e-01 4.744833e+01
9.995432e-01 2.787783e-02 -1.167527e-02 -8.849839e-01 -2.780455e-02 9.995929e-01 6.392525e-03 -1.074014e+00 1.184873e-02 -6.064979e-03 9.999114e-01 4.853161e+01
9.995869e-01 2.613001e-02 -1.196821e-02 -9.019186e-01 -2.603480e-02 9.996287e-01 8.043171e-03 -1.091851e+00 1.217393e-02 -7.728259e-03 9.998960e-01 4.961890e+01
9.995893e-01 2.660944e-02 -1.064208e-02 -9.145250e-01 -2.653280e-02 9.996214e-01 7.279226e-03 -1.104439e+00 1.083175e-02 -6.993872e-03 9.999169e-01 5.068865e+01
9.996170e-01 2.552139e-02 -1.070355e-02 -9.275177e-01 -2.545856e-02 9.996581e-01 5.965378e-03 -1.124433e+00 1.085214e-02 -5.690596e-03 9.999249e-01 5.176503e+01
9.996058e-01 2.608754e-02 -1.038168e-02 -9.386187e-01 -2.605219e-02 9.996544e-01 3.525656e-03 -1.138477e+00 1.047007e-02 -3.253800e-03 9.999399e-01 5.283787e+01
9.996464e-01 2.493767e-02 -9.228119e-03 -9.480842e-01 -2.492411e-02 9.996881e-01 1.581979e-03 -1.161963e+00 9.264691e-03 -1.351417e-03 9.999562e-01 5.390839e+01
9.996745e-01 2.364367e-02 -9.587599e-03 -9.591500e-01 -2.365799e-02 9.997192e-01 -1.382571e-03 -1.186102e+00 9.552218e-03 1.608945e-03 9.999531e-01 5.497102e+01
9.997172e-01 2.230733e-02 -8.238722e-03 -9.660488e-01 -2.233149e-02 9.997466e-01 -2.851711e-03 -1.212819e+00 8.173020e-03 3.034888e-03 9.999620e-01 5.603659e+01
9.997451e-01 2.090592e-02 -8.519322e-03 -9.737059e-01 -2.091227e-02 9.997811e-01 -6.567095e-04 -1.237416e+00 8.503728e-03 8.347005e-04 9.999635e-01 5.711403e+01
9.997889e-01 1.923732e-02 -7.218438e-03 -9.781352e-01 -1.920030e-02 9.998023e-01 5.162793e-03 -1.258633e+00 7.316329e-03 -5.023107e-03 9.999606e-01 5.820071e+01
9.998157e-01 1.783496e-02 -7.106183e-03 -9.815321e-01 -1.775639e-02 9.997822e-01 1.097026e-02 -1.275728e+00 7.300289e-03 -1.084206e-02 9.999146e-01 5.927938e+01
9.998530e-01 1.574983e-02 -6.772196e-03 -9.805349e-01 -1.566529e-02 9.998009e-01 1.236031e-02 -1.290033e+00 6.965520e-03 -1.225240e-02 9.999007e-01 6.034896e+01
9.998976e-01 1.297527e-02 -6.042839e-03 -9.806973e-01 -1.291686e-02 9.998704e-01 9.606804e-03 -1.304104e+00 6.166707e-03 -9.527765e-03 9.999356e-01 6.142931e+01
9.999177e-01 1.099654e-02 -6.603737e-03 -9.845446e-01 -1.095457e-02 9.999198e-01 6.358713e-03 -1.317423e+00 6.673131e-03 -6.285849e-03 9.999580e-01 6.250841e+01
9.998981e-01 1.288959e-02 -6.135511e-03 -9.942717e-01 -1.287392e-02 9.999138e-01 2.586999e-03 -1.334896e+00 6.168327e-03 -2.507747e-03 9.999778e-01 6.359876e+01
9.998995e-01 1.262735e-02 -6.439881e-03 -1.001709e+00 -1.263665e-02 9.999192e-01 -1.404979e-03 -1.357004e+00 6.421620e-03 1.486216e-03 9.999783e-01 6.468321e+01
9.998721e-01 1.498708e-02 -5.590102e-03 -1.014608e+00 -1.499919e-02 9.998852e-01 -2.131444e-03 -1.379080e+00 5.557516e-03 2.215018e-03 9.999821e-01 6.577549e+01
9.998379e-01 1.751855e-02 -4.152253e-03 -1.027265e+00 -1.751540e-02 9.998463e-01 7.936453e-04 -1.397740e+00 4.165518e-03 -7.207883e-04 9.999911e-01 6.687536e+01
9.998306e-01 1.788226e-02 -4.354260e-03 -1.036103e+00 -1.786802e-02 9.998350e-01 3.286324e-03 -1.421500e+00 4.412308e-03 -3.207966e-03 9.999851e-01 6.796189e+01
9.998483e-01 1.704393e-02 -3.592942e-03 -1.045853e+00 -1.702866e-02 9.998460e-01 4.237419e-03 -1.441177e+00 3.664611e-03 -4.175593e-03 9.999846e-01 6.905458e+01
9.998852e-01 1.458682e-02 -4.104633e-03 -1.050022e+00 -1.456455e-02 9.998793e-01 5.404915e-03 -1.460844e+00 4.182979e-03 -5.344512e-03 9.999770e-01 7.014743e+01
9.999092e-01 1.293673e-02 -3.772444e-03 -1.056259e+00 -1.291022e-02 9.998924e-01 6.970350e-03 -1.478381e+00 3.862212e-03 -6.921014e-03 9.999686e-01 7.123136e+01
9.999366e-01 1.033227e-02 -4.483649e-03 -1.062619e+00 -1.029131e-02 9.999060e-01 9.062852e-03 -1.494008e+00 4.576867e-03 -9.016134e-03 9.999489e-01 7.231904e+01
9.999513e-01 8.538496e-03 -4.940037e-03 -1.069704e+00 -8.484731e-03 9.999056e-01 1.080387e-02 -1.508478e+00 5.031820e-03 -1.076143e-02 9.999294e-01 7.340608e+01
9.999637e-01 7.143688e-03 -4.650567e-03 -1.077059e+00 -7.098550e-03 9.999282e-01 9.651213e-03 -1.525119e+00 4.719178e-03 -9.617850e-03 9.999426e-01 7.449132e+01
9.999602e-01 7.128876e-03 -5.358490e-03 -1.087408e+00 -7.095506e-03 9.999555e-01 6.220930e-03 -1.542440e+00 5.402600e-03 -6.182661e-03 9.999663e-01 7.556431e+01
9.999576e-01 7.660458e-03 -5.114166e-03 -1.098491e+00 -7.638616e-03 9.999617e-01 4.276737e-03 -1.561118e+00 5.146732e-03 -4.237490e-03 9.999778e-01 7.664251e+01
9.999414e-01 9.018629e-03 -5.980236e-03 -1.110646e+00 -8.984196e-03 9.999431e-01 5.760025e-03 -1.579050e+00 6.031843e-03 -5.705960e-03 9.999655e-01 7.772154e+01
9.999350e-01 9.524994e-03 -6.271575e-03 -1.124728e+00 -9.462145e-03 9.999055e-01 9.975687e-03 -1.597097e+00 6.366000e-03 -9.915696e-03 9.999306e-01 7.879989e+01
9.999265e-01 1.057567e-02 -5.922604e-03 -1.139390e+00 -1.049216e-02 9.998475e-01 1.395712e-02 -1.610879e+00 6.069307e-03 -1.389395e-02 9.998851e-01 7.987097e+01
9.999131e-01 1.131015e-02 -6.772262e-03 -1.154213e+00 -1.120795e-02 9.998255e-01 1.494341e-02 -1.623970e+00 6.940093e-03 -1.486621e-02 9.998654e-01 8.093051e+01
9.999126e-01 1.148806e-02 -6.550051e-03 -1.165851e+00 -1.140151e-02 9.998492e-01 1.310054e-02 -1.634261e+00 6.699563e-03 -1.302472e-02 9.998927e-01 8.198381e+01
9.999102e-01 1.105253e-02 -7.572127e-03 -1.174939e+00 -1.095862e-02 9.998639e-01 1.233319e-02 -1.646472e+00 7.707409e-03 -1.224911e-02 9.998953e-01 8.303076e+01
9.999151e-01 1.076779e-02 -7.338136e-03 -1.184087e+00 -1.067739e-02 9.998680e-01 1.224961e-02 -1.658260e+00 7.469069e-03 -1.217022e-02 9.998980e-01 8.407425e+01
9.999230e-01 9.122765e-03 -8.417966e-03 -1.193720e+00 -9.015371e-03 9.998786e-01 1.270877e-02 -1.673547e+00 8.532884e-03 -1.263190e-02 9.998838e-01 8.509743e+01
9.999258e-01 8.104198e-03 -9.100229e-03 -1.203179e+00 -7.970905e-03 9.998618e-01 1.458918e-02 -1.686320e+00 9.217205e-03 -1.451556e-02 9.998522e-01 8.610199e+01
9.999290e-01 7.466008e-03 -9.288304e-03 -1.214897e+00 -7.307151e-03 9.998284e-01 1.702081e-02 -1.696625e+00 9.413788e-03 -1.695173e-02 9.998120e-01 8.708884e+01
9.999222e-01 6.696073e-03 -1.052305e-02 -1.225800e+00 -6.499854e-03 9.998064e-01 1.857138e-02 -1.708450e+00 1.064537e-02 -1.850154e-02 9.997722e-01 8.805556e+01
9.999153e-01 5.380239e-03 -1.185067e-02 -1.239394e+00 -5.156204e-03 9.998089e-01 1.885500e-02 -1.717167e+00 1.194985e-02 -1.879230e-02 9.997520e-01 8.900970e+01
9.998709e-01 4.648226e-03 -1.537967e-02 -1.256322e+00 -4.363582e-03 9.998195e-01 1.848992e-02 -1.728853e+00 1.546284e-02 -1.842042e-02 9.997108e-01 8.993563e+01
9.998159e-01 4.548881e-03 -1.863842e-02 -1.276214e+00 -4.218149e-03 9.998336e-01 1.774568e-02 -1.736577e+00 1.871604e-02 -1.766379e-02 9.996688e-01 9.083845e+01
9.997629e-01 4.327781e-03 -2.133943e-02 -1.298251e+00 -3.940782e-03 9.998276e-01 1.814422e-02 -1.746658e+00 2.141427e-02 -1.805582e-02 9.996076e-01 9.173204e+01
9.996702e-01 4.915849e-03 -2.520431e-02 -1.324798e+00 -4.427402e-03 9.998020e-01 1.939879e-02 -1.753399e+00 2.529468e-02 -1.928081e-02 9.994941e-01 9.257554e+01
9.995973e-01 5.779496e-03 -2.778064e-02 -1.356517e+00 -5.214507e-03 9.997790e-01 2.036712e-02 -1.760599e+00 2.789221e-02 -2.021406e-02 9.994065e-01 9.339766e+01
9.994873e-01 6.148567e-03 -3.142082e-02 -1.389506e+00 -5.459345e-03 9.997436e-01 2.197413e-02 -1.766271e+00 3.154787e-02 -2.179133e-02 9.992647e-01 9.419041e+01
9.994094e-01 7.733860e-03 -3.348129e-02 -1.424787e+00 -6.972913e-03 9.997161e-01 2.278496e-02 -1.769852e+00 3.364800e-02 -2.253804e-02 9.991796e-01 9.496240e+01
9.992966e-01 9.383829e-03 -3.630822e-02 -1.462288e+00 -8.539918e-03 9.996914e-01 2.332866e-02 -1.775772e+00 3.651593e-02 -2.300218e-02 9.990683e-01 9.570158e+01
9.991859e-01 1.093991e-02 -3.883147e-02 -1.499787e+00 -1.008418e-02 9.997035e-01 2.216514e-02 -1.783301e+00 3.906244e-02 -2.175552e-02 9.989999e-01 9.641502e+01
9.991025e-01 1.242565e-02 -4.049466e-02 -1.535352e+00 -1.168076e-02 9.997591e-01 1.857975e-02 -1.791252e+00 4.071577e-02 -1.809007e-02 9.990070e-01 9.710214e+01
9.989568e-01 1.467085e-02 -4.324368e-02 -1.576820e+00 -1.404146e-02 9.997915e-01 1.482240e-02 -1.799052e+00 4.345212e-02 -1.419973e-02 9.989546e-01 9.775873e+01
9.988521e-01 1.649997e-02 -4.497007e-02 -1.614875e+00 -1.596684e-02 9.997982e-01 1.218888e-02 -1.805488e+00 4.516211e-02 -1.145686e-02 9.989140e-01 9.838814e+01
9.987745e-01 1.817251e-02 -4.603607e-02 -1.653871e+00 -1.766286e-02 9.997784e-01 1.145358e-02 -1.815275e+00 4.623401e-02 -1.062641e-02 9.988741e-01 9.898988e+01
9.987720e-01 2.052644e-02 -4.508976e-02 -1.689412e+00 -2.000396e-02 9.997278e-01 1.200842e-02 -1.825906e+00 4.532398e-02 -1.109170e-02 9.989108e-01 9.955473e+01
9.988494e-01 2.383354e-02 -4.161510e-02 -1.721627e+00 -2.327961e-02 9.996345e-01 1.374516e-02 -1.834269e+00 4.192748e-02 -1.276056e-02 9.990392e-01 1.001001e+02
9.989777e-01 2.661440e-02 -3.654126e-02 -1.751550e+00 -2.606822e-02 9.995424e-01 1.534284e-02 -1.842154e+00 3.693288e-02 -1.437459e-02 9.992144e-01 1.006284e+02
9.992091e-01 2.742554e-02 -2.879351e-02 -1.768334e+00 -2.693174e-02 9.994858e-01 1.739959e-02 -1.848509e+00 2.925590e-02 -1.661037e-02 9.994339e-01 1.011224e+02
9.994355e-01 2.724138e-02 -1.965963e-02 -1.777646e+00 -2.684942e-02 9.994407e-01 1.993352e-02 -1.853540e+00 2.019165e-02 -1.939442e-02 9.996080e-01 1.016084e+02
9.996258e-01 2.625947e-02 -7.659423e-03 -1.774184e+00 -2.609095e-02 9.994320e-01 2.132857e-02 -1.859638e+00 8.215150e-03 -2.112074e-02 9.997432e-01 1.020616e+02
9.996561e-01 2.567877e-02 5.314227e-03 -1.766230e+00 -2.578826e-02 9.994324e-01 2.167785e-02 -1.865313e+00 -4.754550e-03 -2.180744e-02 9.997509e-01 1.024789e+02
9.994766e-01 2.498122e-02 2.055367e-02 -1.749933e+00 -2.541251e-02 9.994565e-01 2.099694e-02 -1.870827e+00 -2.001797e-02 -2.150827e-02 9.995682e-01 1.028866e+02
9.989945e-01 2.400419e-02 3.786486e-02 -1.731137e+00 -2.471469e-02 9.995250e-01 1.840887e-02 -1.878652e+00 -3.740499e-02 -1.932618e-02 9.991133e-01 1.032927e+02
9.980051e-01 2.339631e-02 5.863863e-02 -1.694983e+00 -2.426192e-02 9.996063e-01 1.409359e-02 -1.883815e+00 -5.828581e-02 -1.548816e-02 9.981798e-01 1.036947e+02
9.963013e-01 2.187876e-02 8.309643e-02 -1.646307e+00 -2.274364e-02 9.996964e-01 9.475781e-03 -1.890233e+00 -8.286389e-02 -1.133065e-02 9.964965e-01 1.041003e+02
9.937685e-01 1.934867e-02 1.097718e-01 -1.585392e+00 -2.022358e-02 9.997719e-01 6.862421e-03 -1.896515e+00 -1.096140e-01 -9.039637e-03 9.939331e-01 1.044814e+02
9.900493e-01 1.690428e-02 1.397017e-01 -1.508144e+00 -1.788725e-02 9.998233e-01 5.783487e-03 -1.902727e+00 -1.395793e-01 -8.224817e-03 9.901767e-01 1.048482e+02
9.850045e-01 1.448109e-02 1.719201e-01 -1.423531e+00 -1.540905e-02 9.998730e-01 4.064266e-03 -1.909816e+00 -1.718394e-01 -6.652445e-03 9.851025e-01 1.052048e+02
9.781416e-01 1.222026e-02 2.075803e-01 -1.321453e+00 -1.301295e-02 9.999123e-01 2.453613e-03 -1.918260e+00 -2.075322e-01 -5.101215e-03 9.782149e-01 1.055624e+02
9.694793e-01 8.429376e-03 2.450284e-01 -1.201060e+00 -9.223646e-03 9.999553e-01 2.094184e-03 -1.928818e+00 -2.449998e-01 -4.290323e-03 9.695136e-01 1.058972e+02
9.585825e-01 6.053502e-03 2.847506e-01 -1.061509e+00 -6.782682e-03 9.999758e-01 1.574729e-03 -1.941175e+00 -2.847342e-01 -3.440881e-03 9.586003e-01 1.062278e+02
9.455860e-01 6.267320e-03 3.253119e-01 -9.184571e-01 -6.836725e-03 9.999764e-01 6.072289e-04 -1.954096e+00 -3.253005e-01 -2.798255e-03 9.456066e-01 1.065296e+02
9.295376e-01 8.259578e-03 3.686347e-01 -7.632304e-01 -8.811427e-03 9.999612e-01 -1.863751e-04 -1.959459e+00 -3.686219e-01 -3.074955e-03 9.295743e-01 1.068433e+02
9.107153e-01 7.586347e-03 4.129650e-01 -5.811658e-01 -8.675549e-03 9.999621e-01 7.625229e-04 -1.969169e+00 -4.129436e-01 -4.277140e-03 9.107466e-01 1.071626e+02
8.898724e-01 6.875727e-03 4.561577e-01 -3.913369e-01 -8.511944e-03 9.999626e-01 1.532528e-03 -1.974493e+00 -4.561301e-01 -5.246543e-03 8.898976e-01 1.074513e+02
8.658463e-01 5.231468e-03 5.002827e-01 -1.692977e-01 -6.649301e-03 9.999773e-01 1.051253e-03 -1.986126e+00 -5.002659e-01 -4.236754e-03 8.658615e-01 1.077185e+02
8.401516e-01 5.062024e-03 5.423280e-01 4.536690e-02 -5.419448e-03 9.999849e-01 -9.381591e-04 -1.999013e+00 -5.423245e-01 -2.150922e-03 8.401663e-01 1.079637e+02
8.117225e-01 6.737049e-03 5.840045e-01 2.751569e-01 -5.183903e-03 9.999772e-01 -4.330456e-03 -2.012102e+00 -5.840203e-01 4.877061e-04 8.117389e-01 1.082199e+02
7.807752e-01 1.077325e-02 6.247192e-01 5.172594e-01 -6.900609e-03 9.999390e-01 -8.619498e-03 -2.023169e+00 -6.247740e-01 2.418947e-03 7.808019e-01 1.084533e+02
7.462579e-01 1.622921e-02 6.654590e-01 7.722484e-01 -1.052803e-02 9.998655e-01 -1.257838e-02 -2.032777e+00 -6.655736e-01 2.380742e-03 7.463284e-01 1.086869e+02
7.084308e-01 2.104109e-02 7.054666e-01 1.036138e+00 -1.381825e-02 9.997774e-01 -1.594283e-02 -2.037608e+00 -7.056450e-01 1.546083e-03 7.085639e-01 1.089036e+02
6.685533e-01 2.121105e-02 7.433617e-01 1.313811e+00 -1.251302e-02 9.997725e-01 -1.727369e-02 -2.048320e+00 -7.435590e-01 2.246679e-03 6.686666e-01 1.090987e+02
6.267824e-01 1.812644e-02 7.789835e-01 1.633832e+00 -9.021103e-03 9.998312e-01 -1.600690e-02 -2.065760e+00 -7.791421e-01 3.005553e-03 6.268401e-01 1.092919e+02
5.828151e-01 1.600753e-02 8.124471e-01 1.954665e+00 -7.903357e-03 9.998703e-01 -1.403077e-02 -2.072574e+00 -8.125664e-01 1.756284e-03 5.828660e-01 1.094797e+02
5.361942e-01 1.390333e-02 8.439802e-01 2.298686e+00 -7.507331e-03 9.999033e-01 -1.170240e-02 -2.084512e+00 -8.440613e-01 -6.127806e-05 5.362467e-01 1.096560e+02
4.882857e-01 1.164773e-02 8.726061e-01 2.637016e+00 -6.850882e-03 9.999313e-01 -9.513734e-03 -2.092467e+00 -8.726570e-01 -1.332701e-03 4.883319e-01 1.098092e+02
4.370573e-01 6.388972e-03 8.994110e-01 3.015473e+00 -4.068081e-03 9.999786e-01 -5.126522e-03 -2.113142e+00 -8.994244e-01 -1.418293e-03 4.370740e-01 1.099314e+02
3.855768e-01 6.174071e-03 9.226551e-01 3.378836e+00 -6.433960e-03 9.999713e-01 -4.002696e-03 -2.122047e+00 -9.226533e-01 -4.392979e-03 3.856054e-01 1.100462e+02
3.344223e-01 9.902298e-03 9.423713e-01 3.749198e+00 -9.605148e-03 9.999287e-01 -7.098494e-03 -2.134093e+00 -9.423744e-01 -6.677722e-03 3.344935e-01 1.101399e+02
2.834582e-01 1.466221e-02 9.588725e-01 4.147676e+00 -1.195976e-02 9.998594e-01 -1.175345e-02 -2.142529e+00 -9.589100e-01 -8.136278e-03 2.835937e-01 1.102128e+02
2.367000e-01 1.670322e-02 9.714392e-01 4.542886e+00 -1.041296e-02 9.998384e-01 -1.465431e-02 -2.150906e+00 -9.715270e-01 -6.646879e-03 2.368357e-01 1.102781e+02
1.944039e-01 1.606349e-02 9.807900e-01 4.958642e+00 -3.595166e-03 9.998709e-01 -1.566339e-02 -2.166257e+00 -9.809150e-01 -4.810777e-04 1.944366e-01 1.103288e+02
1.594433e-01 1.557987e-02 9.870841e-01 5.382621e+00 4.277765e-03 9.998552e-01 -1.647243e-02 -2.179257e+00 -9.871978e-01 6.848933e-03 1.593535e-01 1.103538e+02
1.277964e-01 1.610891e-02 9.916696e-01 5.825027e+00 7.907941e-03 9.998198e-01 -1.726040e-02 -2.192373e+00 -9.917689e-01 1.004788e-02 1.276459e-01 1.103869e+02
9.998818e-02 1.438753e-02 9.948846e-01 6.271499e+00 6.770207e-03 9.998625e-01 -1.513994e-02 -2.203869e+00 -9.949656e-01 8.249389e-03 9.987702e-02 1.104163e+02
7.431741e-02 1.119324e-02 9.971718e-01 6.747427e+00 1.678460e-03 9.999342e-01 -1.134934e-02 -2.209136e+00 -9.972332e-01 2.517166e-03 7.429373e-02 1.104489e+02
4.966325e-02 7.516485e-03 9.987377e-01 7.249394e+00 -2.415545e-03 9.999697e-01 -7.405641e-03 -2.216677e+00 -9.987631e-01 -2.044707e-03 4.967990e-02 1.104693e+02
2.799209e-02 4.567138e-03 9.995977e-01 7.764657e+00 1.797172e-03 9.999877e-01 -4.619247e-03 -2.230289e+00 -9.996065e-01 1.925752e-03 2.798354e-02 1.104577e+02
7.760786e-03 4.611403e-03 9.999593e-01 8.295794e+00 8.650316e-03 9.999516e-01 -4.678504e-03 -2.247019e+00 -9.999325e-01 8.686273e-03 7.720521e-03 1.104358e+02
-1.046827e-02 6.475013e-03 9.999242e-01 8.850290e+00 1.449764e-02 9.998749e-01 -6.322917e-03 -2.260825e+00 -9.998401e-01 1.443035e-02 -1.056083e-02 1.104073e+02
-2.406742e-02 1.140365e-02 9.996453e-01 9.410928e+00 1.489114e-02 9.998281e-01 -1.104722e-02 -2.267690e+00 -9.995994e-01 1.461998e-02 -2.423309e-02 1.103867e+02
-3.580689e-02 1.594144e-02 9.992316e-01 1.000170e+01 1.205846e-02 9.998069e-01 -1.551851e-02 -2.270537e+00 -9.992860e-01 1.149352e-02 -3.599220e-02 1.103655e+02
-4.177776e-02 1.598977e-02 9.989990e-01 1.060550e+01 1.396409e-02 9.997836e-01 -1.541835e-02 -2.280783e+00 -9.990293e-01 1.330597e-02 -4.199200e-02 1.103350e+02
-4.399859e-02 1.257734e-02 9.989524e-01 1.125027e+01 2.041470e-02 9.997233e-01 -1.168789e-02 -2.301442e+00 -9.988230e-01 1.987906e-02 -4.424318e-02 1.102904e+02
-4.397855e-02 1.060945e-02 9.989761e-01 1.189233e+01 2.196364e-02 9.997122e-01 -9.650351e-03 -2.315774e+00 -9.987910e-01 2.151674e-02 -4.419891e-02 1.102599e+02
-4.171544e-02 9.942363e-03 9.990801e-01 1.255038e+01 2.167376e-02 9.997242e-01 -9.043810e-03 -2.333141e+00 -9.988944e-01 2.127655e-02 -4.191942e-02 1.102363e+02
-4.040474e-02 1.051047e-02 9.991281e-01 1.324584e+01 1.825619e-02 9.997855e-01 -9.779102e-03 -2.342243e+00 -9.990166e-01 1.784515e-02 -4.058796e-02 1.102186e+02
-3.904201e-02 1.100249e-02 9.991770e-01 1.395712e+01 1.776497e-02 9.997890e-01 -1.031507e-02 -2.358086e+00 -9.990796e-01 1.734763e-02 -3.922923e-02 1.101987e+02
-3.771576e-02 1.147253e-02 9.992226e-01 1.469512e+01 1.772375e-02 9.997845e-01 -1.081000e-02 -2.374145e+00 -9.991313e-01 1.730226e-02 -3.791097e-02 1.101747e+02
-3.699376e-02 1.057096e-02 9.992596e-01 1.544577e+01 1.770764e-02 9.997940e-01 -9.921056e-03 -2.392157e+00 -9.991586e-01 1.732751e-02 -3.717332e-02 1.101521e+02
-3.683186e-02 8.964626e-03 9.992813e-01 1.619318e+01 1.682814e-02 9.998235e-01 -8.349233e-03 -2.407335e+00 -9.991798e-01 1.650853e-02 -3.697622e-02 1.101391e+02
-3.767310e-02 7.132555e-03 9.992647e-01 1.694115e+01 1.761703e-02 9.998239e-01 -6.472370e-03 -2.424113e+00 -9.991348e-01 1.736024e-02 -3.779212e-02 1.101214e+02
-3.796229e-02 4.663843e-03 9.992683e-01 1.772003e+01 1.796685e-02 9.998306e-01 -3.983906e-03 -2.440341e+00 -9.991176e-01 1.780246e-02 -3.803965e-02 1.100959e+02
-3.873304e-02 3.044387e-03 9.992450e-01 1.850810e+01 1.653069e-02 9.998605e-01 -2.405495e-03 -2.455756e+00 -9.991129e-01 1.642504e-02 -3.877797e-02 1.100708e+02
-4.015890e-02 1.994295e-03 9.991913e-01 1.929355e+01 1.471102e-02 9.998908e-01 -1.404434e-03 -2.466558e+00 -9.990850e-01 1.464273e-02 -4.018386e-02 1.100452e+02
-4.094971e-02 -6.668031e-04 9.991610e-01 2.009225e+01 1.606627e-02 9.998701e-01 1.325738e-03 -2.479697e+00 -9.990320e-01 1.610708e-02 -4.093367e-02 1.100101e+02
-4.236462e-02 -2.795730e-03 9.990983e-01 2.089149e+01 1.700451e-02 9.998492e-01 3.518871e-03 -2.496817e+00 -9.989575e-01 1.713825e-02 -4.231070e-02 1.099747e+02
-4.306509e-02 -3.289874e-03 9.990669e-01 2.172043e+01 1.532149e-02 9.998748e-01 3.952973e-03 -2.509065e+00 -9.989548e-01 1.547743e-02 -4.300930e-02 1.099421e+02
-4.363212e-02 5.453774e-04 9.990475e-01 2.255204e+01 1.260197e-02 9.999206e-01 4.520779e-06 -2.522811e+00 -9.989682e-01 1.259016e-02 -4.363553e-02 1.099124e+02
-4.482443e-02 4.961218e-03 9.989826e-01 2.337125e+01 1.298306e-02 9.999061e-01 -4.383254e-03 -2.536664e+00 -9.989105e-01 1.277337e-02 -4.488464e-02 1.098774e+02
-4.568413e-02 6.515101e-03 9.989347e-01 2.421288e+01 1.334080e-02 9.998935e-01 -5.911241e-03 -2.556026e+00 -9.988668e-01 1.305654e-02 -4.576618e-02 1.098380e+02
-4.697280e-02 4.625532e-03 9.988855e-01 2.504869e+01 9.913070e-03 9.999422e-01 -4.164261e-03 -2.570901e+00 -9.988470e-01 9.706414e-03 -4.701594e-02 1.098065e+02
-4.746678e-02 8.857914e-04 9.988724e-01 2.589503e+01 7.026524e-03 9.999752e-01 -5.528663e-04 -2.589041e+00 -9.988481e-01 6.992359e-03 -4.747183e-02 1.097740e+02
-4.788805e-02 -4.101289e-03 9.988443e-01 2.673603e+01 5.814566e-03 9.999735e-01 4.384696e-03 -2.608115e+00 -9.988358e-01 6.017820e-03 -4.786293e-02 1.097380e+02
-4.742257e-02 -9.347406e-03 9.988312e-01 2.759288e+01 2.626302e-03 9.999516e-01 9.482583e-03 -2.619942e+00 -9.988715e-01 3.072921e-03 -4.739572e-02 1.097052e+02
-4.700598e-02 -1.039417e-02 9.988405e-01 2.843106e+01 -1.295895e-04 9.999459e-01 1.039958e-02 -2.633249e+00 -9.988946e-01 3.594029e-04 -4.700478e-02 1.096747e+02
-4.640627e-02 -4.148259e-03 9.989140e-01 2.925187e+01 2.000950e-03 9.999890e-01 4.245681e-03 -2.657938e+00 -9.989206e-01 2.195803e-03 -4.639746e-02 1.096380e+02
-4.459778e-02 6.319060e-03 9.989850e-01 3.007474e+01 3.379506e-03 9.999752e-01 -6.174452e-03 -2.679715e+00 -9.989993e-01 3.100709e-03 -4.461803e-02 1.096009e+02
-4.419591e-02 1.165329e-02 9.989549e-01 3.089944e+01 3.848898e-03 9.999265e-01 -1.149434e-02 -2.698721e+00 -9.990155e-01 3.336872e-03 -4.423751e-02 1.095676e+02
-4.215613e-02 7.639787e-03 9.990818e-01 3.173425e+01 4.816413e-03 9.999607e-01 -7.443280e-03 -2.719272e+00 -9.990994e-01 4.498211e-03 -4.219127e-02 1.095336e+02
-4.111284e-02 7.112429e-04 9.991543e-01 3.256179e+01 7.771058e-03 9.999697e-01 -3.920627e-04 -2.744160e+00 -9.991243e-01 7.748367e-03 -4.111712e-02 1.094995e+02
-4.160194e-02 -2.459183e-03 9.991312e-01 3.338527e+01 8.523450e-03 9.999597e-01 2.816123e-03 -2.769053e+00 -9.990979e-01 8.633201e-03 -4.157930e-02 1.094673e+02
-4.111343e-02 -2.316113e-03 9.991518e-01 3.420928e+01 6.712699e-03 9.999741e-01 2.594235e-03 -2.792330e+00 -9.991319e-01 6.813663e-03 -4.109682e-02 1.094397e+02
-4.302147e-02 -1.766746e-03 9.990726e-01 3.502509e+01 3.685584e-03 9.999914e-01 1.927077e-03 -2.813743e+00 -9.990673e-01 3.765072e-03 -4.301459e-02 1.094116e+02
-4.396502e-02 -2.011473e-03 9.990310e-01 3.583969e+01 1.097719e-03 9.999973e-01 2.061726e-03 -2.833861e+00 -9.990325e-01 1.187299e-03 -4.396269e-02 1.093826e+02
-4.678646e-02 -2.265108e-03 9.989023e-01 3.664993e+01 -1.214155e-04 9.999974e-01 2.261905e-03 -2.853594e+00 -9.989049e-01 -1.545573e-05 -4.678662e-02 1.093497e+02
-4.824922e-02 -2.183331e-03 9.988329e-01 3.746084e+01 -1.388052e-03 9.999968e-01 2.118824e-03 -2.876190e+00 -9.988344e-01 -1.284200e-03 -4.825210e-02 1.093161e+02
-5.032360e-02 -2.133158e-03 9.987307e-01 3.826972e+01 -3.223569e-03 9.999929e-01 1.973426e-03 -2.893892e+00 -9.987278e-01 -3.120168e-03 -5.033011e-02 1.092826e+02
-5.299790e-02 -3.379387e-03 9.985889e-01 3.907028e+01 -5.400162e-03 9.999806e-01 3.097495e-03 -2.911801e+00 -9.985800e-01 -5.228382e-03 -5.301513e-02 1.092503e+02
-5.429648e-02 -5.092359e-03 9.985119e-01 3.985978e+01 -5.784672e-03 9.999718e-01 4.785250e-03 -2.933606e+00 -9.985081e-01 -5.516241e-03 -5.432441e-02 1.092171e+02
-5.681362e-02 -5.206608e-03 9.983712e-01 4.064455e+01 -6.233875e-03 9.999688e-01 4.860193e-03 -2.950168e+00 -9.983653e-01 -5.947596e-03 -5.684430e-02 1.091827e+02
-5.829939e-02 -4.744916e-03 9.982879e-01 4.143042e+01 -7.068034e-03 9.999656e-01 4.340121e-03 -2.967413e+00 -9.982741e-01 -6.802906e-03 -5.833093e-02 1.091473e+02
-6.019857e-02 -4.778884e-03 9.981750e-01 4.220943e+01 -7.163801e-03 9.999649e-01 4.355414e-03 -2.981730e+00 -9.981607e-01 -6.888537e-03 -6.023069e-02 1.091101e+02
-6.126476e-02 -6.323914e-03 9.981015e-01 4.297628e+01 -6.395446e-03 9.999619e-01 5.943141e-03 -2.996589e+00 -9.981011e-01 -6.019199e-03 -6.130287e-02 1.090713e+02
-6.317381e-02 -7.291800e-03 9.979759e-01 4.374558e+01 -6.595882e-03 9.999545e-01 6.888725e-03 -3.009412e+00 -9.979807e-01 -6.147344e-03 -6.321903e-02 1.090343e+02
-6.583772e-02 -7.871277e-03 9.977993e-01 4.451818e+01 -7.456947e-03 9.999448e-01 7.396171e-03 -3.023320e+00 -9.978025e-01 -6.953589e-03 -6.589278e-02 1.089970e+02
-6.744901e-02 -9.048238e-03 9.976817e-01 4.526797e+01 -8.633825e-03 9.999267e-01 8.484903e-03 -3.035501e+00 -9.976854e-01 -8.041511e-03 -6.752219e-02 1.089610e+02
-6.953533e-02 -1.039507e-02 9.975253e-01 4.597571e+01 -9.569454e-03 9.999066e-01 9.752822e-03 -3.044640e+00 -9.975336e-01 -8.867607e-03 -6.962832e-02 1.089283e+02
-7.023416e-02 -1.072997e-02 9.974728e-01 4.667855e+01 -1.026901e-02 9.998969e-01 1.003299e-02 -3.054121e+00 -9.974777e-01 -9.538399e-03 -7.033711e-02 1.088902e+02
-7.166640e-02 -8.500500e-03 9.973924e-01 4.738084e+01 -1.044841e-02 9.999152e-01 7.771244e-03 -3.067427e+00 -9.973739e-01 -9.864230e-03 -7.174914e-02 1.088495e+02
-7.201710e-02 -6.238090e-03 9.973839e-01 4.806881e+01 -1.034081e-02 9.999314e-01 5.507354e-03 -3.083839e+00 -9.973498e-01 -9.917132e-03 -7.207666e-02 1.088098e+02
-7.271255e-02 -4.598761e-03 9.973423e-01 4.876930e+01 -1.170601e-02 9.999244e-01 3.757225e-03 -3.095115e+00 -9.972842e-01 -1.140170e-02 -7.276089e-02 1.087708e+02
-7.369486e-02 -4.067120e-03 9.972725e-01 4.946710e+01 -1.139845e-02 9.999298e-01 3.235652e-03 -3.110564e+00 -9.972157e-01 -1.112891e-02 -7.373605e-02 1.087270e+02
-7.403676e-02 -4.158885e-03 9.972468e-01 5.014729e+01 -9.980221e-03 9.999443e-01 3.429191e-03 -3.124935e+00 -9.972056e-01 -9.698858e-03 -7.407415e-02 1.086819e+02
-7.550483e-02 -5.177926e-03 9.971320e-01 5.084291e+01 -9.062157e-03 9.999488e-01 4.506348e-03 -3.140579e+00 -9.971043e-01 -8.695916e-03 -7.554789e-02 1.086377e+02
-7.568625e-02 -5.428426e-03 9.971169e-01 5.151868e+01 -1.226656e-02 9.999146e-01 4.512563e-03 -3.147218e+00 -9.970562e-01 -1.188965e-02 -7.574637e-02 1.086006e+02
-7.627194e-02 -5.649030e-03 9.970711e-01 5.219477e+01 -1.388149e-02 9.998931e-01 4.603140e-03 -3.156583e+00 -9.969904e-01 -1.348974e-02 -7.634220e-02 1.085601e+02
-7.670801e-02 -7.241262e-03 9.970273e-01 5.286813e+01 -1.258676e-02 9.999010e-01 6.293749e-03 -3.165654e+00 -9.969741e-01 -1.206656e-02 -7.679156e-02 1.085148e+02
-7.836798e-02 -8.413836e-03 9.968890e-01 5.354641e+01 -1.265433e-02 9.998922e-01 7.444394e-03 -3.172442e+00 -9.968442e-01 -1.203156e-02 -7.846601e-02 1.084665e+02
-8.235730e-02 -9.043661e-03 9.965618e-01 5.423937e+01 -1.521701e-02 9.998537e-01 7.815978e-03 -3.176735e+00 -9.964867e-01 -1.452099e-02 -8.248287e-02 1.084178e+02
-8.736809e-02 -8.793996e-03 9.961373e-01 5.491876e+01 -1.738176e-02 9.998223e-01 7.302028e-03 -3.179577e+00 -9.960244e-01 -1.667666e-02 -8.750542e-02 1.083716e+02
-9.374900e-02 -5.951644e-03 9.955781e-01 5.558032e+01 -1.521634e-02 9.998739e-01 4.544473e-03 -3.189871e+00 -9.954796e-01 -1.472301e-02 -9.382774e-02 1.083096e+02
-1.006342e-01 -2.833414e-03 9.949195e-01 5.625756e+01 -1.281841e-02 9.999166e-01 1.551089e-03 -3.197100e+00 -9.948409e-01 -1.259719e-02 -1.006621e-01 1.082418e+02
-1.083870e-01 -1.178674e-03 9.941081e-01 5.694593e+01 -1.389160e-02 9.999035e-01 -3.290484e-04 -3.203937e+00 -9.940117e-01 -1.384542e-02 -1.083929e-01 1.081737e+02
-1.154235e-01 -1.106942e-03 9.933158e-01 5.761892e+01 -1.570472e-02 9.998764e-01 -7.106372e-04 -3.211435e+00 -9.931922e-01 -1.568177e-02 -1.154266e-01 1.081099e+02
-1.213468e-01 -1.919668e-03 9.926083e-01 5.829561e+01 -1.591296e-02 9.998734e-01 -1.164935e-05 -3.221496e+00 -9.924826e-01 -1.579675e-02 -1.213620e-01 1.080356e+02
-1.265769e-01 -1.424702e-03 9.919558e-01 5.899079e+01 -1.724927e-02 9.998509e-01 -7.650232e-04 -3.231218e+00 -9.918068e-01 -1.720735e-02 -1.265826e-01 1.079579e+02
-1.312621e-01 -1.603683e-03 9.913464e-01 5.969991e+01 -1.901580e-02 9.998188e-01 -9.004540e-04 -3.237908e+00 -9.911653e-01 -1.896944e-02 -1.312688e-01 1.078799e+02
-1.344171e-01 -4.458164e-03 9.909148e-01 6.040351e+01 -1.812603e-02 9.998336e-01 2.039504e-03 -3.246794e+00 -9.907590e-01 -1.768721e-02 -1.344756e-01 1.077943e+02
-1.368181e-01 -7.956269e-03 9.905642e-01 6.111921e+01 -1.684006e-02 9.998419e-01 5.704816e-03 -3.257469e+00 -9.904530e-01 -1.590064e-02 -1.369305e-01 1.077037e+02
-1.393565e-01 -1.083750e-02 9.901830e-01 6.184323e+01 -1.702708e-02 9.998185e-01 8.546604e-03 -3.267046e+00 -9.900959e-01 -1.566890e-02 -1.395157e-01 1.076102e+02
-1.409120e-01 -1.177916e-02 9.899520e-01 6.256230e+01 -1.828819e-02 9.997896e-01 9.293028e-03 -3.271163e+00 -9.898532e-01 -1.679493e-02 -1.410978e-01 1.075204e+02
-1.419007e-01 -9.090212e-03 9.898392e-01 6.324934e+01 -1.765754e-02 9.998220e-01 6.650551e-03 -3.276825e+00 -9.897234e-01 -1.653441e-02 -1.420360e-01 1.074285e+02
-1.428348e-01 -5.331445e-03 9.897322e-01 6.397454e+01 -1.309846e-02 9.999081e-01 3.495934e-03 -3.279996e+00 -9.896599e-01 -1.246463e-02 -1.428915e-01 1.073206e+02
-1.438988e-01 -1.538521e-03 9.895912e-01 6.471711e+01 -7.779849e-03 9.999696e-01 4.233703e-04 -3.293806e+00 -9.895618e-01 -7.637948e-03 -1.439064e-01 1.072086e+02
-1.452645e-01 1.593406e-05 9.893929e-01 6.546561e+01 -6.907418e-03 9.999756e-01 -1.030264e-03 -3.296720e+00 -9.893688e-01 -6.983811e-03 -1.452608e-01 1.071039e+02
-1.455417e-01 -1.985952e-03 9.893501e-01 6.617313e+01 -8.716839e-03 9.999617e-01 7.249331e-04 -3.302833e+00 -9.893137e-01 -8.518498e-03 -1.455535e-01 1.070109e+02
-1.457258e-01 -5.522808e-03 9.893096e-01 6.692790e+01 -7.933906e-03 9.999588e-01 4.413589e-03 -3.306951e+00 -9.892932e-01 -7.205916e-03 -1.457636e-01 1.069052e+02
-1.464540e-01 -6.875374e-03 9.891936e-01 6.768763e+01 -3.447605e-03 9.999733e-01 6.439867e-03 -3.321544e+00 -9.892115e-01 -2.467204e-03 -1.464738e-01 1.067929e+02
-1.475577e-01 -6.212588e-03 9.890339e-01 6.842907e+01 -7.213016e-04 9.999807e-01 6.173736e-03 -3.333218e+00 -9.890532e-01 1.975904e-04 -1.475593e-01 1.066858e+02
-1.495725e-01 -5.528348e-03 9.887353e-01 6.916013e+01 -3.428353e-03 9.999813e-01 5.072599e-03 -3.344612e+00 -9.887448e-01 -2.631013e-03 -1.495887e-01 1.065862e+02
-1.514738e-01 -4.548137e-03 9.884508e-01 6.990063e+01 -3.328671e-03 9.999861e-01 4.091116e-03 -3.360218e+00 -9.884557e-01 -2.670530e-03 -1.514869e-01 1.064781e+02
-1.539185e-01 -4.265509e-03 9.880743e-01 7.063710e+01 -3.981945e-03 9.999852e-01 3.696636e-03 -3.371858e+00 -9.880755e-01 -3.365478e-03 -1.539332e-01 1.063690e+02
-1.553136e-01 -3.935358e-03 9.878574e-01 7.134291e+01 -3.019349e-03 9.999893e-01 3.508979e-03 -3.386372e+00 -9.878606e-01 -2.437694e-03 -1.553238e-01 1.062649e+02
-1.568528e-01 -4.589037e-03 9.876113e-01 7.207395e+01 -5.034043e-03 9.999799e-01 3.847001e-03 -3.396118e+00 -9.876092e-01 -4.368265e-03 -1.568727e-01 1.061629e+02
-1.579275e-01 -3.985490e-03 9.874427e-01 7.282758e+01 -6.500142e-03 9.999744e-01 2.996465e-03 -3.404445e+00 -9.874293e-01 -5.945293e-03 -1.579493e-01 1.060591e+02
-1.583720e-01 -3.342900e-03 9.873739e-01 7.355739e+01 -8.660433e-03 9.999605e-01 1.996404e-03 -3.418287e+00 -9.873415e-01 -8.234911e-03 -1.583947e-01 1.059545e+02
-1.591380e-01 -2.907875e-03 9.872521e-01 7.429298e+01 -8.868351e-03 9.999595e-01 1.515789e-03 -3.424064e+00 -9.872165e-01 -8.514078e-03 -1.591574e-01 1.058515e+02
-1.598386e-01 -3.412866e-03 9.871373e-01 7.504971e+01 -1.047244e-02 9.999436e-01 1.761430e-03 -3.433371e+00 -9.870876e-01 -1.005620e-02 -1.598653e-01 1.057452e+02
-1.610111e-01 -5.006116e-03 9.869399e-01 7.581605e+01 -1.067086e-02 9.999375e-01 3.331181e-03 -3.443618e+00 -9.868949e-01 -9.995143e-03 -1.610545e-01 1.056350e+02
-1.617851e-01 -7.232028e-03 9.867995e-01 7.659914e+01 -1.339598e-02 9.998971e-01 5.131756e-03 -3.450965e+00 -9.867351e-01 -1.238890e-02 -1.618653e-01 1.055275e+02
-1.636709e-01 -9.138444e-03 9.864727e-01 7.738255e+01 -1.666727e-02 9.998400e-01 6.496922e-03 -3.456411e+00 -9.863742e-01 -1.537845e-02 -1.637970e-01 1.054179e+02
