1.000000e+00 0.000000e+00 0.000000e+00 0.000000e+00 0.000000e+00 1.000000e+00 0.000000e+00 0.000000e+00 0.000000e+00 0.000000e+00 1.000000e+00 0.000000e+00
9.999983e-01 6.929260e-04 1.719049e-03 1.983995e-04 -6.920916e-04 9.999996e-01 -4.859075e-04 -2.761663e-02 -1.719385e-03 4.847169e-04 9.999984e-01 1.167799e+00
9.999950e-01 9.942017e-04 3.016351e-03 6.188689e-03 -9.939407e-04 9.999995e-01 -8.803138e-05 -5.262297e-02 -3.016437e-03 8.503286e-05 9.999954e-01 2.337399e+00
9.999925e-01 2.882427e-04 3.872703e-03 1.439436e-02 -2.899399e-04 9.999999e-01 4.376968e-04 -7.979531e-02 -3.872577e-03 -4.388163e-04 9.999924e-01 3.508605e+00
9.999889e-01 -1.422438e-04 4.717908e-03 1.795333e-02 1.384451e-04 9.999997e-01 8.054822e-04 -1.078622e-01 -4.718021e-03 -8.048201e-04 9.999885e-01 4.690932e+00
9.999847e-01 -5.756539e-04 5.501981e-03 2.123481e-02 5.717172e-04 9.999996e-01 7.170498e-04 -1.315541e-01 -5.502392e-03 -7.138933e-04 9.999846e-01 5.874152e+00
9.999810e-01 -7.816472e-04 6.113607e-03 2.350158e-02 7.808872e-04 9.999997e-01 1.266970e-04 -1.612653e-01 -6.113705e-03 -1.219206e-04 9.999813e-01 7.058125e+00
9.999782e-01 -8.518565e-04 6.544088e-03 3.160674e-02 8.527173e-04 9.999996e-01 -1.287369e-04 -1.863925e-01 -6.543976e-03 1.343144e-04 9.999786e-01 8.238490e+00
9.999779e-01 -1.295625e-03 6.521042e-03 3.770150e-02 1.287276e-03 9.999983e-01 1.284316e-03 -2.140593e-01 -6.522695e-03 -1.275894e-03 9.999779e-01 9.427638e+00
9.999835e-01 -2.184548e-03 5.305944e-03 4.429473e-02 2.173919e-03 9.999956e-01 2.008171e-03 -2.388857e-01 -5.310308e-03 -1.996603e-03 9.999839e-01 1.061717e+01
9.999887e-01 -3.605177e-03 3.105947e-03 5.256088e-02 3.599668e-03 9.999919e-01 1.777275e-03 -2.642784e-01 -3.112330e-03 -1.766075e-03 9.999936e-01 1.179337e+01
9.999930e-01 -3.629247e-03 8.584058e-04 5.571050e-02 3.628020e-03 9.999924e-01 1.426153e-03 -2.886578e-01 -8.635751e-04 -1.423028e-03 9.999986e-01 1.297279e+01
9.999935e-01 -3.529552e-03 -6.817132e-04 5.449724e-02 3.530508e-03 9.999928e-01 1.406128e-03 -3.150447e-01 6.767453e-04 -1.408525e-03 9.999988e-01 1.414934e+01
9.999947e-01 -2.475758e-03 -2.131691e-03 4.846584e-02 2.478315e-03 9.999962e-01 1.197430e-03 -3.390421e-01 2.128719e-03 -1.202707e-03 9.999970e-01 1.533485e+01
9.999928e-01 -3.094478e-03 -2.207264e-03 4.383304e-02 3.097495e-03 9.999943e-01 1.364808e-03 -3.644043e-01 2.203028e-03 -1.371635e-03 9.999966e-01 1.653665e+01
9.999888e-01 -4.155266e-03 -2.266319e-03 3.912225e-02 4.159421e-03 9.999897e-01 1.831840e-03 -3.902813e-01 2.258684e-03 -1.841246e-03 9.999958e-01 1.773820e+01
9.999827e-01 -4.803438e-03 -3.387600e-03 3.036063e-02 4.810698e-03 9.999861e-01 2.138225e-03 -4.147000e-01 3.377283e-03 -2.154485e-03 9.999920e-01 1.893964e+01
9.999813e-01 -5.038926e-03 -3.472965e-03 1.826256e-02 5.043175e-03 9.999865e-01 1.215753e-03 -4.402038e-01 3.466792e-03 -1.233245e-03 9.999932e-01 2.012487e+01
9.999761e-01 -5.203590e-03 -4.545499e-03 8.386167e-03 5.205452e-03 9.999864e-01 3.979253e-04 -4.640674e-01 4.543366e-03 -4.215772e-04 9.999896e-01 2.130646e+01
9.999732e-01 -5.038069e-03 -5.316351e-03 -5.365129e-04 5.042672e-03 9.999869e-01 8.527560e-04 -4.900651e-01 5.311985e-03 -8.795417e-04 9.999855e-01 2.248505e+01
9.999715e-01 -5.352625e-03 -5.315847e-03 -1.296349e-02 5.356038e-03 9.999855e-01 6.280780e-04 -5.147487e-01 5.312408e-03 -6.565320e-04 9.999857e-01 2.367846e+01
9.999626e-01 -5.686349e-03 -6.509969e-03 -2.518712e-02 5.686165e-03 9.999838e-01 -4.688119e-05 -5.418423e-01 6.510131e-03 9.862680e-06 9.999788e-01 2.486576e+01
9.999622e-01 -5.574358e-03 -6.676761e-03 -3.859024e-02 5.576510e-03 9.999844e-01 3.036760e-04 -5.665496e-01 6.674964e-03 -3.408976e-04 9.999777e-01 2.605120e+01
9.999442e-01 -7.144135e-03 -7.779736e-03 -5.284546e-02 7.158567e-03 9.999727e-01 1.828822e-03 -5.903753e-01 7.766458e-03 -1.884412e-03 9.999681e-01 2.722274e+01
9.999339e-01 -7.773534e-03 -8.467236e-03 -6.558533e-02 7.790687e-03 9.999677e-01 1.994762e-03 -6.172658e-01 8.451456e-03 -2.060596e-03 9.999622e-01 2.840995e+01
9.999281e-01 -8.557396e-03 -8.403054e-03 -7.935091e-02 8.564199e-03 9.999630e-01 7.739592e-04 -6.417901e-01 8.396121e-03 -8.458690e-04 9.999644e-01 2.960045e+01
9.999120e-01 -9.094639e-03 -9.654870e-03 -9.381740e-02 9.092385e-03 9.999586e-01 -2.773584e-04 -6.695046e-01 9.656993e-03 1.895482e-04 9.999534e-01 3.079486e+01
9.999130e-01 -8.825794e-03 -9.800773e-03 -1.074084e-01 8.820044e-03 9.999609e-01 -6.297927e-04 -6.966115e-01 9.805949e-03 5.432947e-04 9.999518e-01 3.197618e+01
9.998987e-01 -9.352186e-03 -1.073418e-02 -1.225627e-01 9.350355e-03 9.999563e-01 -2.207701e-04 -7.253662e-01 1.073577e-02 1.203794e-04 9.999424e-01 3.316171e+01
9.998833e-01 -1.012885e-02 -1.143401e-02 -1.384851e-01 1.012836e-02 9.999487e-01 -1.003193e-04 -7.509739e-01 1.143444e-02 -1.550020e-05 9.999346e-01 3.436121e+01
9.998750e-01 -1.105978e-02 -1.130144e-02 -1.544575e-01 1.105997e-02 9.999388e-01 -4.565532e-05 -7.807981e-01 1.130125e-02 -7.934393e-05 9.999361e-01 3.555017e+01
9.998589e-01 -1.129083e-02 -1.244140e-02 -1.721255e-01 1.128846e-02 9.999362e-01 -2.607819e-04 -8.042144e-01 1.244355e-02 1.203009e-04 9.999226e-01 3.674793e+01
9.998457e-01 -1.271669e-02 -1.211978e-02 -1.941623e-01 1.272172e-02 9.999190e-01 3.380621e-04 -8.328231e-01 1.211449e-02 -4.921943e-04 9.999265e-01 3.794124e+01
9.998389e-01 -1.269446e-02 -1.269038e-02 -2.166695e-01 1.271212e-02 9.999183e-01 1.312124e-03 -8.576164e-01 1.267269e-02 -1.473234e-03 9.999186e-01 3.913041e+01
9.998353e-01 -1.261571e-02 -1.304636e-02 -2.382128e-01 1.264428e-02 9.999178e-01 2.109614e-03 -8.836115e-01 1.301868e-02 -2.274228e-03 9.999127e-01 4.033109e+01
9.998484e-01 -1.210564e-02 -1.251703e-02 -2.579165e-01 1.212805e-02 9.999250e-01 1.716123e-03 -9.102875e-01 1.249531e-02 -1.867670e-03 9.999202e-01 4.153945e+01
9.998573e-01 -1.096584e-02 -1.284931e-02 -2.784995e-01 1.099109e-02 9.999378e-01 1.896052e-03 -9.380243e-01 1.282772e-02 -2.037009e-03 9.999156e-01 4.274427e+01
9.998934e-01 -8.610708e-03 -1.178930e-02 -3.004241e-01 8.651386e-03 9.999568e-01 3.403776e-03 -9.588390e-01 1.175948e-02 -3.505407e-03 9.999247e-01 4.392317e+01
9.999025e-01 -8.442956e-03 -1.112224e-02 -3.199764e-01 8.517168e-03 9.999417e-01 6.642015e-03 -9.840394e-01 1.106552e-02 -6.736097e-03 9.999161e-01 4.509506e+01
9.999243e-01 -7.996935e-03 -9.354160e-03 -3.389801e-01 8.085687e-03 9.999223e-01 9.488916e-03 -1.001820e+00 9.277551e-03 -9.563832e-03 9.999112e-01 4.627457e+01
9.999430e-01 -8.039711e-03 -7.021897e-03 -3.528239e-01 8.128001e-03 9.998871e-01 1.263680e-02 -1.015047e+00 6.919508e-03 -1.269316e-02 9.998955e-01 4.745733e+01
9.999402e-01 -8.785193e-03 -6.513111e-03 -3.688578e-01 8.875834e-03 9.998623e-01 1.402098e-02 -1.028034e+00 6.389038e-03 -1.407795e-02 9.998805e-01 4.863627e+01
9.999351e-01 -1.026516e-02 -4.942782e-03 -3.761595e-01 1.032710e-02 9.998663e-01 1.267423e-02 -1.037750e+00 4.812019e-03 -1.272445e-02 9.999075e-01 4.981728e+01
9.999506e-01 -9.448654e-03 -3.080704e-03 -3.853774e-01 9.482630e-03 9.998922e-01 1.120745e-02 -1.051935e+00 2.974477e-03 -1.123611e-02 9.999324e-01 5.101012e+01
9.999535e-01 -9.159044e-03 -3.013726e-03 -3.980147e-01 9.189204e-03 9.999063e-01 1.015065e-02 -1.057815e+00 2.920473e-03 -1.017787e-02 9.999439e-01 5.219463e+01
9.999500e-01 -9.737508e-03 -2.259390e-03 -4.068207e-01 9.759938e-03 9.999010e-01 1.013837e-02 -1.076425e+00 2.160444e-03 -1.015991e-02 9.999461e-01 5.339414e+01
9.999394e-01 -1.018830e-02 -4.168838e-03 -4.211086e-01 1.022611e-02 9.999058e-01 9.151399e-03 -1.091020e+00 4.075208e-03 -9.193476e-03 9.999494e-01 5.459092e+01
9.999339e-01 -9.784495e-03 -6.042525e-03 -4.386126e-01 9.839975e-03 9.999091e-01 9.221168e-03 -1.103779e+00 5.951751e-03 -9.280017e-03 9.999392e-01 5.578070e+01
9.999259e-01 -1.003305e-02 -6.900288e-03 -4.528650e-01 1.010361e-02 9.998962e-01 1.026883e-02 -1.120841e+00 6.796544e-03 -1.033779e-02 9.999235e-01 5.698117e+01
9.999164e-01 -9.715357e-03 -8.535545e-03 -4.663652e-01 9.806854e-03 9.998942e-01 1.074382e-02 -1.135842e+00 8.430262e-03 -1.082663e-02 9.999059e-01 5.818464e+01
9.999208e-01 -8.816925e-03 -8.981846e-03 -4.874417e-01 8.910496e-03 9.999059e-01 1.043156e-02 -1.150769e+00 8.889027e-03 -1.051077e-02 9.999052e-01 5.937876e+01
9.999121e-01 -8.088605e-03 -1.050845e-02 -5.061781e-01 8.196123e-03 9.999141e-01 1.022909e-02 -1.167646e+00 1.042481e-02 -1.031432e-02 9.998925e-01 6.057674e+01
9.999045e-01 -8.529699e-03 -1.087708e-02 -5.250959e-01 8.632798e-03 9.999179e-01 9.467117e-03 -1.183447e+00 1.079543e-02 -9.560113e-03 9.998960e-01 6.177928e+01
9.999021e-01 -9.238574e-03 -1.050531e-02 -5.469240e-01 9.331158e-03 9.999178e-01 8.798523e-03 -1.204598e+00 1.042316e-02 -8.895689e-03 9.999061e-01 6.297566e+01
9.998913e-01 -9.126507e-03 -1.158365e-02 -5.673961e-01 9.240824e-03 9.999087e-01 9.853986e-03 -1.220445e+00 1.149266e-02 -9.959957e-03 9.998844e-01 6.417403e+01
9.998904e-01 -9.000845e-03 -1.175465e-02 -5.876416e-01 9.133509e-03 9.998946e-01 1.128162e-02 -1.237568e+00 1.165186e-02 -1.138774e-02 9.998673e-01 6.536106e+01
9.998892e-01 -8.153466e-03 -1.245384e-02 -6.137382e-01 8.280693e-03 9.999137e-01 1.019870e-02 -1.258129e+00 1.236961e-02 -1.030070e-02 9.998704e-01 6.656358e+01
9.999043e-01 -5.611854e-03 -1.264701e-02 -6.402855e-01 5.726479e-03 9.999427e-01 9.045546e-03 -1.273042e+00 1.259552e-02 -9.117103e-03 9.998791e-01 6.775449e+01
9.999226e-01 -2.944156e-03 -1.208556e-02 -6.686314e-01 3.055910e-03 9.999527e-01 9.238846e-03 -1.290032e+00 1.205779e-02 -9.275064e-03 9.998843e-01 6.893436e+01
9.999166e-01 -8.511647e-04 -1.288299e-02 -6.977007e-01 9.749645e-04 9.999534e-01 9.606330e-03 -1.310053e+00 1.287421e-02 -9.618089e-03 9.998709e-01 7.012487e+01
9.999236e-01 1.510047e-03 -1.227059e-02 -7.198295e-01 -1.390209e-03 9.999513e-01 9.768955e-03 -1.325301e+00 1.228474e-02 -9.751149e-03 9.998770e-01 7.130483e+01
9.999191e-01 2.498326e-03 -1.246821e-02 -7.424521e-01 -2.362060e-03 9.999375e-01 1.093185e-02 -1.347808e+00 1.249475e-02 -1.090151e-02 9.998625e-01 7.247845e+01
9.999303e-01 4.876219e-03 -1.075475e-02 -7.645280e-01 -4.754624e-03 9.999248e-01 1.130295e-02 -1.361690e+00 1.080906e-02 -1.125102e-02 9.998783e-01 7.366154e+01
9.999600e-01 4.218004e-03 -7.881259e-03 -7.769377e-01 -4.143905e-03 9.999473e-01 9.394761e-03 -1.382114e+00 7.920470e-03 -9.361727e-03 9.999248e-01 7.485334e+01
9.999739e-01 2.556757e-03 -6.752570e-03 -7.877622e-01 -2.523807e-03 9.999849e-01 4.883542e-03 -1.409065e+00 6.764954e-03 -4.866373e-03 9.999653e-01 7.601877e+01
9.999838e-01 3.960510e-03 -4.079131e-03 -7.970389e-01 -3.945354e-03 9.999853e-01 3.717053e-03 -1.427870e+00 4.093792e-03 -3.700899e-03 9.999848e-01 7.718856e+01
9.999887e-01 3.836658e-03 -2.810533e-03 -8.124359e-01 -3.816770e-03 9.999679e-01 7.047676e-03 -1.450409e+00 2.837482e-03 -7.036869e-03 9.999712e-01 7.836149e+01
9.999936e-01 3.572658e-03 1.409188e-05 -8.278865e-01 -3.572644e-03 9.999552e-01 8.763597e-03 -1.475349e+00 1.721809e-05 -8.763592e-03 9.999616e-01 7.952537e+01
9.999803e-01 4.793925e-03 4.061510e-03 -8.408395e-01 -4.821696e-03 9.999649e-01 6.855519e-03 -1.488933e+00 -4.028502e-03 -6.874967e-03 9.999683e-01 8.069121e+01
9.999696e-01 3.449396e-03 6.997076e-03 -8.404879e-01 -3.479335e-03 9.999848e-01 4.271044e-03 -1.510221e+00 -6.982237e-03 -4.295260e-03 9.999664e-01 8.184251e+01
9.999349e-01 2.769557e-03 1.107345e-02 -8.326385e-01 -2.778602e-03 9.999958e-01 8.015244e-04 -1.533133e+00 -1.107119e-02 -8.322409e-04 9.999384e-01 8.297700e+01
9.998965e-01 2.532069e-03 1.416375e-02 -8.249842e-01 -2.531281e-03 9.999968e-01 -7.354227e-05 -1.562173e+00 -1.416389e-02 3.768222e-05 9.998997e-01 8.409960e+01
9.998338e-01 2.934140e-03 1.799408e-02 -8.183577e-01 -2.965777e-03 9.999941e-01 1.731729e-03 -1.593080e+00 -1.798889e-02 -1.784807e-03 9.998366e-01 8.521614e+01
9.997282e-01 4.494317e-03 2.287740e-02 -8.159146e-01 -4.556904e-03 9.999860e-01 2.684389e-03 -1.620597e+00 -2.286501e-02 -2.787910e-03 9.997347e-01 8.630265e+01
9.996293e-01 4.589520e-03 2.683639e-02 -7.967292e-01 -4.615807e-03 9.999889e-01 9.176713e-04 -1.648730e+00 -2.683188e-02 -1.041203e-03 9.996394e-01 8.741241e+01
9.995082e-01 4.795654e-03 3.099062e-02 -7.894353e-01 -4.752956e-03 9.999877e-01 -1.451300e-03 -1.674205e+00 -3.099719e-02 1.303289e-03 9.995186e-01 8.850360e+01
9.994120e-01 5.330347e-03 3.386958e-02 -7.692557e-01 -5.281471e-03 9.999849e-01 -1.532354e-03 -1.702933e+00 -3.387723e-02 1.352572e-03 9.994251e-01 8.964317e+01
9.993190e-01 3.866265e-03 3.669704e-02 -7.312958e-01 -3.856368e-03 9.999925e-01 -3.404532e-04 -1.731496e+00 -3.669808e-02 1.987040e-04 9.993264e-01 9.077913e+01
9.992054e-01 3.463476e-03 3.970667e-02 -6.866178e-01 -3.513900e-03 9.999931e-01 1.200194e-03 -1.756689e+00 -3.970224e-02 -1.338765e-03 9.992107e-01 9.190106e+01
9.991473e-01 2.964358e-03 4.118057e-02 -6.452620e-01 -3.088955e-03 9.999908e-01 2.962323e-03 -1.781634e+00 -4.117141e-02 -3.087002e-03 9.991473e-01 9.307566e+01
9.990260e-01 1.539864e-03 4.409857e-02 -5.983990e-01 -1.716637e-03 9.999906e-01 3.971004e-03 -1.803138e+00 -4.409205e-02 -4.042837e-03 9.990193e-01 9.420042e+01
9.989535e-01 6.645580e-04 4.573245e-02 -5.550480e-01 -7.592676e-04 9.999976e-01 2.053612e-03 -1.828086e+00 -4.573098e-02 -2.086186e-03 9.989516e-01 9.536982e+01
9.988534e-01 -4.137923e-04 4.787136e-02 -5.059266e-01 4.733446e-04 9.999991e-01 -1.232678e-03 -1.853542e+00 -4.787080e-02 1.253925e-03 9.988527e-01 9.651714e+01
9.987113e-01 4.814456e-04 5.074999e-02 -4.527497e-01 -2.745703e-04 9.999916e-01 -4.083255e-03 -1.878552e+00 -5.075153e-02 4.064058e-03 9.987030e-01 9.765144e+01
9.986706e-01 7.051244e-04 5.154207e-02 -4.010921e-01 -4.495377e-04 9.999875e-01 -4.970223e-03 -1.908446e+00 -5.154493e-02 4.940445e-03 9.986585e-01 9.883951e+01
9.986229e-01 8.813826e-04 5.245550e-02 -3.461998e-01 -6.523951e-04 9.999902e-01 -4.382329e-03 -1.938073e+00 -5.245884e-02 4.342072e-03 9.986136e-01 9.999439e+01
9.987042e-01 9.945027e-04 5.088170e-02 -2.953383e-01 -8.682120e-04 9.999965e-01 -2.504088e-03 -1.967189e+00 -5.088401e-02 2.456667e-03 9.987015e-01 1.011729e+02
9.987810e-01 4.020236e-04 4.935999e-02 -2.433016e-01 -3.664152e-04 9.999997e-01 -7.304498e-04 -1.995653e+00 -4.936027e-02 7.114732e-04 9.987808e-01 1.023430e+02
9.988397e-01 7.960425e-04 4.815187e-02 -1.905017e-01 -8.035961e-04 9.999997e-01 1.375110e-04 -2.018324e+00 -4.815174e-02 -1.760461e-04 9.988400e-01 1.035055e+02
9.989937e-01 1.047332e-03 4.483933e-02 -1.411067e-01 -1.092994e-03 9.999989e-01 9.938599e-04 -2.044148e+00 -4.483824e-02 -1.041869e-03 9.989937e-01 1.047065e+02
9.990962e-01 1.678412e-03 4.247204e-02 -9.078076e-02 -1.722353e-03 9.999980e-01 9.980286e-04 -2.066249e+00 -4.247028e-02 -1.070278e-03 9.990972e-01 1.058801e+02
9.992784e-01 3.070946e-03 3.785802e-02 -5.048975e-02 -3.102486e-03 9.999949e-01 7.743817e-04 -2.088361e+00 -3.785545e-02 -8.912768e-04 9.992828e-01 1.070960e+02
9.994195e-01 3.268762e-03 3.391237e-02 -9.410526e-03 -3.316251e-03 9.999936e-01 1.344187e-03 -2.112857e+00 -3.390776e-02 -1.455868e-03 9.994239e-01 1.082923e+02
9.995332e-01 3.675891e-03 3.033035e-02 2.920710e-02 -3.751389e-03 9.999900e-01 2.432671e-03 -2.134285e+00 -3.032110e-02 -2.545316e-03 9.995370e-01 1.094652e+02
9.996758e-01 3.965649e-03 2.515046e-02 6.421249e-02 -4.053262e-03 9.999859e-01 3.433549e-03 -2.158008e+00 -2.513649e-02 -3.534377e-03 9.996778e-01 1.106850e+02
9.997622e-01 4.071777e-03 2.142323e-02 9.397103e-02 -4.159652e-03 9.999831e-01 4.058897e-03 -2.179522e+00 -2.140634e-02 -4.147045e-03 9.997623e-01 1.118707e+02
9.998661e-01 4.615542e-03 1.569696e-02 1.170976e-01 -4.683412e-03 9.999798e-01 4.289748e-03 -2.200794e+00 -1.567684e-02 -4.362689e-03 9.998676e-01 1.130925e+02
9.999271e-01 5.463979e-03 1.076405e-02 1.353820e-01 -5.509818e-03 9.999759e-01 4.233560e-03 -2.221398e+00 -1.074066e-02 -4.292559e-03 9.999331e-01 1.142977e+02
9.999596e-01 6.072068e-03 6.628270e-03 1.493123e-01 -6.099807e-03 9.999727e-01 4.172737e-03 -2.242446e+00 -6.602752e-03 -4.213000e-03 9.999693e-01 1.154843e+02
9.999739e-01 7.150606e-03 1.014020e-03 1.500871e-01 -7.154375e-03 9.999673e-01 3.762883e-03 -2.265406e+00 -9.870801e-04 -3.770039e-03 9.999924e-01 1.167204e+02
9.999566e-01 9.170273e-03 -1.647626e-03 1.571553e-01 -9.164393e-03 9.999517e-01 3.541692e-03 -2.287870e+00 1.680025e-03 -3.526439e-03 9.999924e-01 1.179118e+02
9.999199e-01 1.176348e-02 -4.664014e-03 1.540223e-01 -1.174702e-02 9.999247e-01 3.539345e-03 -2.308829e+00 4.705298e-03 -3.484273e-03 9.999829e-01 1.191494e+02
9.998943e-01 1.325669e-02 -5.970796e-03 1.490192e-01 -1.323528e-02 9.999059e-01 3.611494e-03 -2.334864e+00 6.018110e-03 -3.532087e-03 9.999757e-01 1.203754e+02
9.998542e-01 1.579078e-02 -6.495088e-03 1.445477e-01 -1.576582e-02 9.998682e-01 3.876574e-03 -2.357817e+00 6.555446e-03 -3.773608e-03 9.999714e-01 1.215745e+02
9.998089e-01 1.765203e-02 -8.403721e-03 1.385695e-01 -1.761303e-02 9.998339e-01 4.692015e-03 -2.378873e+00 8.485148e-03 -4.543103e-03 9.999537e-01 1.228113e+02
9.997941e-01 1.841679e-02 -8.518180e-03 1.308426e-01 -1.836978e-02 9.998158e-01 5.564534e-03 -2.403361e+00 8.619091e-03 -5.406912e-03 9.999482e-01 1.240152e+02
9.997031e-01 2.216472e-02 -1.012155e-02 1.130141e-01 -2.208922e-02 9.997278e-01 7.511067e-03 -2.422410e+00 1.028528e-02 -7.285259e-03 9.999206e-01 1.252730e+02
9.996643e-01 2.364435e-02 -1.059141e-02 9.406209e-02 -2.353747e-02 9.996719e-01 1.010492e-02 -2.434506e+00 1.082686e-02 -9.852234e-03 9.998929e-01 1.265174e+02
9.996851e-01 2.258550e-02 -1.093214e-02 9.127024e-02 -2.247145e-02 9.996929e-01 1.044576e-02 -2.454125e+00 1.116471e-02 -1.019681e-02 9.998857e-01 1.277290e+02
9.996536e-01 2.333125e-02 -1.217625e-02 8.225791e-02 -2.321863e-02 9.996871e-01 9.309913e-03 -2.469913e+00 1.238965e-02 -9.023972e-03 9.998825e-01 1.289819e+02
9.997075e-01 2.086216e-02 -1.223583e-02 7.501354e-02 -2.074065e-02 9.997351e-01 9.975172e-03 -2.482276e+00 1.244069e-02 -9.718475e-03 9.998754e-01 1.302173e+02
9.997316e-01 1.845118e-02 -1.401338e-02 5.977628e-02 -1.828145e-02 9.997591e-01 1.214493e-02 -2.501298e+00 1.423409e-02 -1.188549e-02 9.998280e-01 1.314726e+02
9.997625e-01 1.612346e-02 -1.466129e-02 4.394533e-02 -1.591614e-02 9.997732e-01 1.414932e-02 -2.511152e+00 1.488610e-02 -1.391261e-02 9.997924e-01 1.327244e+02
9.997931e-01 1.413768e-02 -1.462689e-02 2.597252e-02 -1.391615e-02 9.997886e-01 1.513815e-02 -2.521012e+00 1.483782e-02 -1.493146e-02 9.997784e-01 1.339611e+02
9.998260e-01 1.053050e-02 -1.540043e-02 9.931969e-03 -1.031317e-02 9.998471e-01 1.412363e-02 -2.535565e+00 1.554680e-02 -1.396234e-02 9.997817e-01 1.352373e+02
9.998572e-01 8.223504e-03 -1.476531e-02 -1.974698e-02 -8.030391e-03 9.998821e-01 1.309082e-02 -2.542176e+00 1.487122e-02 -1.297038e-02 9.998053e-01 1.364995e+02
9.998538e-01 6.784052e-03 -1.569559e-02 -4.017064e-02 -6.574105e-03 9.998887e-01 1.338933e-02 -2.555466e+00 1.578468e-02 -1.328419e-02 9.997872e-01 1.377500e+02
9.998541e-01 6.656139e-03 -1.573232e-02 -6.748407e-02 -6.438714e-03 9.998836e-01 1.383077e-02 -2.563556e+00 1.582255e-02 -1.372745e-02 9.997806e-01 1.390012e+02
9.998669e-01 7.350251e-03 -1.456240e-02 -8.771057e-02 -7.120027e-03 9.998498e-01 1.579874e-02 -2.575050e+00 1.467634e-02 -1.569295e-02 9.997691e-01 1.402689e+02
9.998455e-01 9.496081e-03 -1.479171e-02 -1.148409e-01 -9.241169e-03 9.998092e-01 1.720751e-02 -2.580289e+00 1.495229e-02 -1.706816e-02 9.997425e-01 1.415373e+02
9.998514e-01 9.612431e-03 -1.430949e-02 -1.340103e-01 -9.380161e-03 9.998246e-01 1.621148e-02 -2.593515e+00 1.446281e-02 -1.607484e-02 9.997662e-01 1.428148e+02
9.998607e-01 1.052812e-02 -1.294949e-02 -1.536810e-01 -1.034046e-02 9.998418e-01 1.447446e-02 -2.600060e+00 1.309983e-02 -1.433854e-02 9.998114e-01 1.440655e+02
9.998575e-01 1.048445e-02 -1.323386e-02 -1.735975e-01 -1.032438e-02 9.998734e-01 1.210590e-02 -2.611678e+00 1.335911e-02 -1.196755e-02 9.998391e-01 1.453301e+02
9.998808e-01 9.575093e-03 -1.210873e-02 -1.918595e-01 -9.473767e-03 9.999199e-01 8.397888e-03 -2.630620e+00 1.218817e-02 -8.282172e-03 9.998914e-01 1.465852e+02
9.998697e-01 1.001930e-02 -1.265443e-02 -1.981904e-01 -9.958018e-03 9.999384e-01 4.896321e-03 -2.649057e+00 1.270270e-02 -4.769670e-03 9.999079e-01 1.478606e+02
9.998731e-01 9.851721e-03 -1.251984e-02 -2.155979e-01 -9.801078e-03 9.999436e-01 4.100012e-03 -2.673502e+00 1.255952e-02 -3.976784e-03 9.999132e-01 1.491250e+02
9.998813e-01 9.700095e-03 -1.196817e-02 -2.244444e-01 -9.648759e-03 9.999440e-01 4.339704e-03 -2.698235e+00 1.200960e-02 -4.223711e-03 9.999190e-01 1.503731e+02
9.998626e-01 1.049574e-02 -1.283195e-02 -2.340156e-01 -1.043217e-02 9.999330e-01 5.010777e-03 -2.721636e+00 1.288368e-02 -4.876224e-03 9.999051e-01 1.516239e+02
9.998550e-01 1.112308e-02 -1.289132e-02 -2.462775e-01 -1.104409e-02 9.999199e-01 6.182229e-03 -2.745494e+00 1.295905e-02 -6.038960e-03 9.998978e-01 1.528625e+02
9.998361e-01 1.175001e-02 -1.377637e-02 -2.599334e-01 -1.165731e-02 9.999090e-01 6.789893e-03 -2.766809e+00 1.385490e-02 -6.628185e-03 9.998820e-01 1.541111e+02
9.998250e-01 1.208220e-02 -1.428387e-02 -2.740694e-01 -1.198735e-02 9.999056e-01 6.707980e-03 -2.788440e+00 1.436357e-02 -6.535580e-03 9.998755e-01 1.553618e+02
9.998186e-01 1.230677e-02 -1.453461e-02 -2.915131e-01 -1.220548e-02 9.999007e-01 7.037169e-03 -2.808488e+00 1.461977e-02 -6.858491e-03 9.998696e-01 1.566143e+02
9.997978e-01 1.216310e-02 -1.601411e-02 -3.048119e-01 -1.203111e-02 9.998931e-01 8.312612e-03 -2.828649e+00 1.611351e-02 -8.118264e-03 9.998372e-01 1.578549e+02
9.997869e-01 1.280964e-02 -1.618964e-02 -3.230636e-01 -1.266946e-02 9.998816e-01 8.731646e-03 -2.845330e+00 1.629957e-02 -8.524672e-03 9.998308e-01 1.590709e+02
9.997602e-01 1.318479e-02 -1.748263e-02 -3.473979e-01 -1.304573e-02 9.998825e-01 8.044570e-03 -2.864173e+00 1.758664e-02 -7.814567e-03 9.998148e-01 1.603246e+02
9.997352e-01 1.388556e-02 -1.834880e-02 -3.697876e-01 -1.375842e-02 9.998806e-01 7.037256e-03 -2.882199e+00 1.844433e-02 -6.782942e-03 9.998069e-01 1.615757e+02
9.997238e-01 1.443746e-02 -1.854140e-02 -3.954567e-01 -1.431358e-02 9.998745e-01 6.796653e-03 -2.899408e+00 1.863720e-02 -6.529382e-03 9.998050e-01 1.628147e+02
9.997011e-01 1.410376e-02 -1.997041e-02 -4.192434e-01 -1.397980e-02 9.998822e-01 6.333077e-03 -2.921423e+00 2.005738e-02 -6.052002e-03 9.997805e-01 1.640594e+02
9.996918e-01 1.446931e-02 -2.017508e-02 -4.435128e-01 -1.436119e-02 9.998818e-01 5.493614e-03 -2.942872e+00 2.025219e-02 -5.202182e-03 9.997814e-01 1.653059e+02
9.996588e-01 1.482646e-02 -2.150683e-02 -4.687233e-01 -1.470576e-02 9.998753e-01 5.759314e-03 -2.963290e+00 2.158953e-02 -5.441075e-03 9.997521e-01 1.665597e+02
9.996367e-01 1.502751e-02 -2.237647e-02 -4.911352e-01 -1.487195e-02 9.998642e-01 7.102273e-03 -2.984743e+00 2.248016e-02 -6.766911e-03 9.997244e-01 1.677943e+02
9.996319e-01 1.532033e-02 -2.239228e-02 -5.125355e-01 -1.515106e-02 9.998555e-01 7.709487e-03 -3.004674e+00 2.250715e-02 -7.367382e-03 9.997195e-01 1.690313e+02
9.995925e-01 1.593916e-02 -2.368015e-02 -5.316122e-01 -1.574794e-02 9.998420e-01 8.239649e-03 -3.023601e+00 2.380774e-02 -7.863378e-03 9.996856e-01 1.702775e+02
9.995843e-01 1.618736e-02 -2.385714e-02 -5.574129e-01 -1.599116e-02 9.998369e-01 8.391852e-03 -3.042764e+00 2.398909e-02 -8.006860e-03 9.996802e-01 1.715345e+02
9.995460e-01 1.672035e-02 -2.506485e-02 -5.846355e-01 -1.652828e-02 9.998326e-01 7.850741e-03 -3.061781e+00 2.519192e-02 -7.432898e-03 9.996550e-01 1.727871e+02
9.995109e-01 1.771923e-02 -2.576607e-02 -6.138250e-01 -1.753123e-02 9.998182e-01 7.504113e-03 -3.079384e+00 2.589435e-02 -7.048732e-03 9.996398e-01 1.740450e+02
9.995008e-01 1.775300e-02 -2.613278e-02 -6.467248e-01 -1.755590e-02 9.998158e-01 7.752399e-03 -3.098021e+00 2.626560e-02 -7.289744e-03 9.996284e-01 1.753071e+02
9.994706e-01 1.774506e-02 -2.726841e-02 -6.592022e-01 -1.756786e-02 9.998231e-01 6.724506e-03 -3.117228e+00 2.738291e-02 -6.241898e-03 9.996055e-01 1.765810e+02
9.994854e-01 1.678956e-02 -2.733351e-02 -6.720719e-01 -1.664349e-02 9.998460e-01 5.562823e-03 -3.137937e+00 2.742270e-02 -5.105035e-03 9.996109e-01 1.778223e+02
9.994958e-01 1.405360e-02 -2.847135e-02 -6.901142e-01 -1.388875e-02 9.998857e-01 5.979480e-03 -3.162432e+00 2.855213e-02 -5.581034e-03 9.995767e-01 1.790822e+02
9.994693e-01 1.441342e-02 -2.921235e-02 -7.128529e-01 -1.414411e-02 9.998557e-01 9.404555e-03 -3.179309e+00 2.934368e-02 -8.986381e-03 9.995290e-01 1.803404e+02
9.994904e-01 1.329519e-02 -2.901975e-02 -7.328378e-01 -1.291248e-02 9.998277e-01 1.333556e-02 -3.196329e+00 2.919205e-02 -1.295405e-02 9.994899e-01 1.815914e+02
9.994597e-01 1.420872e-02 -2.963972e-02 -7.567711e-01 -1.381823e-02 9.998156e-01 1.333800e-02 -3.212782e+00 2.982377e-02 -1.292122e-02 9.994717e-01 1.828370e+02
9.994638e-01 1.586475e-02 -2.864215e-02 -7.802165e-01 -1.558492e-02 9.998289e-01 9.966611e-03 -3.225798e+00 2.879537e-02 -9.514881e-03 9.995400e-01 1.840806e+02
9.994272e-01 1.673125e-02 -2.941733e-02 -8.044549e-01 -1.649955e-02 9.998311e-01 8.101348e-03 -3.245585e+00 2.954791e-02 -7.611334e-03 9.995344e-01 1.853323e+02
9.994147e-01 1.654259e-02 -2.994176e-02 -8.383434e-01 -1.630902e-02 9.998348e-01 8.028324e-03 -3.267392e+00 3.006962e-02 -7.535304e-03 9.995194e-01 1.865790e+02
9.994198e-01 1.688869e-02 -2.957604e-02 -8.692110e-01 -1.662760e-02 9.998208e-01 9.051534e-03 -3.288851e+00 2.972361e-02 -8.554504e-03 9.995215e-01 1.878053e+02
9.993951e-01 1.729346e-02 -3.017388e-02 -9.098050e-01 -1.697179e-02 9.997967e-01 1.088427e-02 -3.308980e+00 3.035597e-02 -1.036558e-02 9.994854e-01 1.890383e+02
9.994385e-01 1.717582e-02 -2.876857e-02 -9.448475e-01 -1.684292e-02 9.997888e-01 1.177401e-02 -3.330855e+00 2.896473e-02 -1.128285e-02 9.995168e-01 1.902611e+02
9.994391e-01 1.785047e-02 -2.833460e-02 -9.757585e-01 -1.754091e-02 9.997841e-01 1.113665e-02 -3.348934e+00 2.852727e-02 -1.063339e-02 9.995365e-01 1.914884e+02
9.994910e-01 1.715475e-02 -2.689890e-02 -1.008586e+00 -1.689492e-02 9.998087e-01 9.857347e-03 -3.372176e+00 2.706285e-02 -9.397874e-03 9.995896e-01 1.927067e+02
9.995252e-01 1.742718e-02 -2.540875e-02 -1.043112e+00 -1.721813e-02 9.998163e-01 8.423152e-03 -3.390845e+00 2.555087e-02 -7.981662e-03 9.996417e-01 1.939359e+02
9.995532e-01 1.639939e-02 -2.498836e-02 -1.074942e+00 -1.620747e-02 9.998377e-01 7.863668e-03 -3.412824e+00 2.511327e-02 -7.455156e-03 9.996568e-01 1.951619e+02
9.995984e-01 1.677567e-02 -2.283879e-02 -1.102304e+00 -1.658396e-02 9.998259e-01 8.557478e-03 -3.431768e+00 2.297837e-02 -8.175284e-03 9.997025e-01 1.963494e+02
9.996075e-01 1.641217e-02 -2.270426e-02 -1.129551e+00 -1.618426e-02 9.998171e-01 1.018562e-02 -3.452317e+00 2.286727e-02 -9.814174e-03 9.996903e-01 1.975609e+02
9.996109e-01 1.710109e-02 -2.203738e-02 -1.157300e+00 -1.687188e-02 9.998020e-01 1.054551e-02 -3.473315e+00 2.221336e-02 -1.016959e-02 9.997015e-01 1.987546e+02
9.996450e-01 1.713195e-02 -2.040640e-02 -1.181775e+00 -1.692775e-02 9.998053e-01 1.013757e-02 -3.492046e+00 2.057611e-02 -9.788532e-03 9.997404e-01 1.999428e+02
9.996398e-01 1.764742e-02 -2.022201e-02 -1.214305e+00 -1.744108e-02 9.997945e-01 1.033479e-02 -3.511567e+00 2.040023e-02 -9.978375e-03 9.997421e-01 2.011539e+02
9.996748e-01 1.741612e-02 -1.862509e-02 -1.245657e+00 -1.722227e-02 9.997964e-01 1.051809e-02 -3.530828e+00 1.880448e-02 -1.019390e-02 9.997712e-01 2.023279e+02
9.996639e-01 1.817122e-02 -1.849138e-02 -1.278543e+00 -1.797724e-02 9.997822e-01 1.060297e-02 -3.549207e+00 1.868002e-02 -1.026698e-02 9.997728e-01 2.034951e+02
9.996800e-01 1.805144e-02 -1.772031e-02 -1.312714e+00 -1.786151e-02 9.997819e-01 1.081887e-02 -3.566731e+00 1.791175e-02 -1.049890e-02 9.997844e-01 2.046527e+02
9.997156e-01 1.697178e-02 -1.675284e-02 -1.328210e+00 -1.678472e-02 9.997959e-01 1.124380e-02 -3.588656e+00 1.694025e-02 -1.095942e-02 9.997964e-01 2.057963e+02
9.997067e-01 1.688421e-02 -1.736361e-02 -1.345169e+00 -1.667797e-02 9.997894e-01 1.195450e-02 -3.605180e+00 1.756179e-02 -1.166140e-02 9.997778e-01 2.069458e+02
9.997137e-01 1.629760e-02 -1.752035e-02 -1.364553e+00 -1.606667e-02 9.997832e-01 1.324147e-02 -3.624439e+00 1.773235e-02 -1.295618e-02 9.997588e-01 2.080429e+02
9.996837e-01 1.636276e-02 -1.909884e-02 -1.387227e+00 -1.611064e-02 9.997820e-01 1.328080e-02 -3.640099e+00 1.931199e-02 -1.296890e-02 9.997294e-01 2.091520e+02
9.996722e-01 1.641215e-02 -1.964844e-02 -1.412525e+00 -1.616671e-02 9.997901e-01 1.258572e-02 -3.657976e+00 1.985088e-02 -1.226394e-02 9.997277e-01 2.102333e+02
9.996761e-01 1.634465e-02 -1.950796e-02 -1.436298e+00 -1.611846e-02 9.998017e-01 1.169621e-02 -3.673051e+00 1.969526e-02 -1.137798e-02 9.997413e-01 2.112889e+02
9.996596e-01 1.590075e-02 -2.068338e-02 -1.462897e+00 -1.566600e-02 9.998116e-01 1.146236e-02 -3.689694e+00 2.086174e-02 -1.113443e-02 9.997204e-01 2.123611e+02
9.996571e-01 1.511114e-02 -2.138414e-02 -1.491575e+00 -1.487008e-02 9.998246e-01 1.138722e-02 -3.707913e+00 2.155247e-02 -1.106533e-02 9.997065e-01 2.133947e+02
9.996097e-01 1.469080e-02 -2.375984e-02 -1.520782e+00 -1.441053e-02 9.998251e-01 1.192441e-02 -3.722905e+00 2.393086e-02 -1.157736e-02 9.996466e-01 2.144448e+02
9.995704e-01 1.368610e-02 -2.591882e-02 -1.550806e+00 -1.334238e-02 9.998214e-01 1.338835e-02 -3.738969e+00 2.609743e-02 -1.303678e-02 9.995744e-01 2.154752e+02
9.995192e-01 1.380359e-02 -2.776307e-02 -1.579155e+00 -1.339102e-02 9.997979e-01 1.499165e-02 -3.753165e+00 2.796440e-02 -1.461267e-02 9.995021e-01 2.164757e+02
9.994179e-01 1.401961e-02 -3.110147e-02 -1.609665e+00 -1.355592e-02 9.997945e-01 1.507006e-02 -3.768565e+00 3.130635e-02 -1.463968e-02 9.994026e-01 2.174833e+02
9.993448e-01 1.439079e-02 -3.321023e-02 -1.648061e+00 -1.391228e-02 9.997967e-01 1.459501e-02 -3.780703e+00 3.341351e-02 -1.412342e-02 9.993418e-01 2.184620e+02
9.992136e-01 1.458190e-02 -3.687315e-02 -1.691150e+00 -1.404225e-02 9.997911e-01 1.485211e-02 -3.793824e+00 3.708202e-02 -1.432265e-02 9.992096e-01 2.194265e+02
9.990811e-01 1.501037e-02 -4.014606e-02 -1.737614e+00 -1.440686e-02 9.997795e-01 1.528013e-02 -3.807574e+00 4.036657e-02 -1.468770e-02 9.990770e-01 2.203456e+02
9.989681e-01 1.536076e-02 -4.274090e-02 -1.777044e+00 -1.472634e-02 9.997773e-01 1.511880e-02 -3.821923e+00 4.296362e-02 -1.447379e-02 9.989718e-01 2.212506e+02
9.988025e-01 1.546325e-02 -4.641699e-02 -1.819536e+00 -1.479339e-02 9.997819e-01 1.474034e-02 -3.835724e+00 4.663480e-02 -1.403602e-02 9.988134e-01 2.221417e+02
9.986678e-01 1.534265e-02 -4.926617e-02 -1.860908e+00 -1.465509e-02 9.997905e-01 1.428698e-02 -3.850451e+00 4.947505e-02 -1.354595e-02 9.986835e-01 2.229976e+02
9.984580e-01 1.631825e-02 -5.305993e-02 -1.908439e+00 -1.558953e-02 9.997788e-01 1.411892e-02 -3.862300e+00 5.327859e-02 -1.326997e-02 9.984915e-01 2.238380e+02
9.982918e-01 1.685141e-02 -5.594239e-02 -1.957121e+00 -1.610673e-02 9.997759e-01 1.373585e-02 -3.878134e+00 5.616133e-02 -1.281134e-02 9.983395e-01 2.246616e+02
9.981567e-01 1.853808e-02 -5.778947e-02 -2.007627e+00 -1.778191e-02 9.997498e-01 1.357195e-02 -3.889040e+00 5.802661e-02 -1.251932e-02 9.982365e-01 2.254563e+02
9.980391e-01 1.946824e-02 -5.948836e-02 -2.053496e+00 -1.866079e-02 9.997265e-01 1.409876e-02 -3.900870e+00 5.974657e-02 -1.296102e-02 9.981294e-01 2.262359e+02
9.980437e-01 1.950074e-02 -5.940101e-02 -2.097767e+00 -1.864006e-02 9.997136e-01 1.500907e-02 -3.913553e+00 5.967669e-02 -1.387247e-02 9.981214e-01 2.269913e+02
9.980062e-01 1.975727e-02 -5.994400e-02 -2.138226e+00 -1.884589e-02 9.996986e-01 1.573133e-02 -3.925403e+00 6.023674e-02 -1.457027e-02 9.980778e-01 2.277280e+02
9.980040e-01 1.979424e-02 -5.996896e-02 -2.180010e+00 -1.891111e-02 9.997047e-01 1.525842e-02 -3.937431e+00 6.025328e-02 -1.409388e-02 9.980836e-01 2.284529e+02
9.980152e-01 2.044574e-02 -5.956184e-02 -2.224886e+00 -1.968745e-02 9.997178e-01 1.329042e-02 -3.947892e+00 5.981676e-02 -1.209142e-02 9.981361e-01 2.291724e+02
9.980253e-01 2.078011e-02 -5.927651e-02 -2.268236e+00 -2.015449e-02 9.997349e-01 1.113281e-02 -3.959534e+00 5.949214e-02 -9.916133e-03 9.981795e-01 2.298976e+02
9.981157e-01 2.093696e-02 -5.767798e-02 -2.306302e+00 -2.041101e-02 9.997447e-01 9.692854e-03 -3.972104e+00 5.786619e-02 -8.497324e-03 9.982882e-01 2.306048e+02
9.981398e-01 2.166664e-02 -5.698719e-02 -2.346033e+00 -2.118603e-02 9.997348e-01 9.024423e-03 -3.983338e+00 5.716761e-02 -7.800303e-03 9.983341e-01 2.313234e+02
9.982164e-01 2.147029e-02 -5.570550e-02 -2.386786e+00 -2.102034e-02 9.997416e-01 8.650804e-03 -3.996242e+00 5.587684e-02 -7.464426e-03 9.984098e-01 2.320276e+02
9.983247e-01 2.168007e-02 -5.364506e-02 -2.427468e+00 -2.124337e-02 9.997365e-01 8.697399e-03 -4.009569e+00 5.381948e-02 -7.543226e-03 9.985222e-01 2.327188e+02
9.983750e-01 2.202172e-02 -5.255844e-02 -2.463873e+00 -2.160392e-02 9.997304e-01 8.504158e-03 -4.022757e+00 5.273154e-02 -7.354871e-03 9.985816e-01 2.334152e+02
9.984848e-01 2.217316e-02 -5.036311e-02 -2.501743e+00 -2.178559e-02 9.997288e-01 8.231560e-03 -4.036102e+00 5.053197e-02 -7.121898e-03 9.986971e-01 2.340976e+02
9.985722e-01 2.274314e-02 -4.833496e-02 -2.536950e+00 -2.235801e-02 9.997139e-01 8.493730e-03 -4.048928e+00 4.851431e-02 -7.400929e-03 9.987951e-01 2.347811e+02
9.987042e-01 2.227096e-02 -4.575988e-02 -2.564631e+00 -2.188127e-02 9.997201e-01 8.999468e-03 -4.060611e+00 4.594750e-02 -7.986522e-03 9.989119e-01 2.354557e+02
9.988540e-01 2.149563e-02 -4.276138e-02 -2.595137e+00 -2.110668e-02 9.997318e-01 9.526715e-03 -4.074982e+00 4.295469e-02 -8.613247e-03 9.990399e-01 2.361210e+02
9.989677e-01 2.111480e-02 -4.022033e-02 -2.619792e+00 -2.073989e-02 9.997377e-01 9.716136e-03 -4.085705e+00 4.041493e-02 -8.871942e-03 9.991436e-01 2.367847e+02
9.991014e-01 2.068056e-02 -3.699675e-02 -2.649126e+00 -2.034704e-02 9.997491e-01 9.368648e-03 -4.096508e+00 3.718122e-02 -8.607455e-03 9.992715e-01 2.374569e+02
9.991901e-01 2.046437e-02 -3.464623e-02 -2.675278e+00 -2.015419e-02 9.997538e-01 9.278512e-03 -4.104601e+00 3.482758e-02 -8.572731e-03 9.993566e-01 2.381163e+02
9.992752e-01 2.103678e-02 -3.172693e-02 -2.699731e+00 -2.077731e-02 9.997481e-01 8.485921e-03 -4.111743e+00 3.189745e-02 -7.820570e-03 9.994606e-01 2.387921e+02
9.993811e-01 2.089792e-02 -2.829807e-02 -2.723665e+00 -2.068059e-02 9.997545e-01 7.951154e-03 -4.120976e+00 2.845728e-02 -7.361012e-03 9.995679e-01 2.394793e+02
9.994513e-01 2.062507e-02 -2.591831e-02 -2.741130e+00 -2.040305e-02 9.997531e-01 8.801643e-03 -4.128438e+00 2.609344e-02 -8.268001e-03 9.996253e-01 2.401568e+02
9.995152e-01 2.066635e-02 -2.328651e-02 -2.756717e+00 -2.045236e-02 9.997467e-01 9.390209e-03 -4.133461e+00 2.347468e-02 -8.909392e-03 9.996847e-01 2.408288e+02
9.995616e-01 2.040568e-02 -2.145278e-02 -2.775306e+00 -2.020805e-02 9.997517e-01 9.389307e-03 -4.143964e+00 2.163905e-02 -8.951671e-03 9.997258e-01 2.415259e+02
9.996248e-01 1.952656e-02 -1.920693e-02 -2.792270e+00 -1.938041e-02 9.997820e-01 7.766149e-03 -4.150449e+00 1.935439e-02 -7.390997e-03 9.997854e-01 2.422257e+02
9.996436e-01 1.988792e-02 -1.780863e-02 -2.809095e+00 -1.979555e-02 9.997897e-01 5.347855e-03 -4.159434e+00 1.791124e-02 -4.993417e-03 9.998271e-01 2.429435e+02
9.996718e-01 1.906870e-02 -1.711052e-02 -2.821661e+00 -1.900596e-02 9.998121e-01 3.822061e-03 -4.169686e+00 1.718018e-02 -3.495604e-03 9.998463e-01 2.436549e+02
9.996774e-01 1.903331e-02 -1.681612e-02 -2.838227e+00 -1.897573e-02 9.998135e-01 3.577346e-03 -4.180720e+00 1.688107e-02 -3.257094e-03 9.998522e-01 2.443731e+02
9.996819e-01 1.838699e-02 -1.726240e-02 -2.847961e+00 -1.833351e-02 9.998266e-01 3.251276e-03 -4.193780e+00 1.731918e-02 -2.933761e-03 9.998457e-01 2.450800e+02
9.996726e-01 1.917204e-02 -1.694466e-02 -2.860473e+00 -1.912173e-02 9.998123e-01 3.126185e-03 -4.206454e+00 1.700142e-02 -2.801150e-03 9.998515e-01 2.457955e+02
9.996559e-01 1.971453e-02 -1.730257e-02 -2.873036e+00 -1.967279e-02 9.998031e-01 2.579667e-03 -4.215734e+00 1.735002e-02 -2.238390e-03 9.998470e-01 2.465465e+02
9.996748e-01 1.887279e-02 -1.714844e-02 -2.883810e+00 -1.886089e-02 9.998218e-01 8.552084e-04 -4.225255e+00 1.716152e-02 -5.314955e-04 9.998526e-01 2.472848e+02
9.997493e-01 1.467864e-02 -1.690731e-02 -2.889389e+00 -1.469594e-02 9.998916e-01 -8.996498e-04 -4.240483e+00 1.689227e-02 1.147893e-03 9.998567e-01 2.480302e+02
9.997911e-01 1.151472e-02 -1.688499e-02 -2.894549e+00 -1.154282e-02 9.999322e-01 -1.567818e-03 -4.246633e+00 1.686579e-02 1.762391e-03 9.998562e-01 2.487801e+02
9.998172e-01 1.099615e-02 -1.564223e-02 -2.908337e+00 -1.096526e-02 9.999378e-01 2.059114e-03 -4.245986e+00 1.566390e-02 -1.887217e-03 9.998755e-01 2.495292e+02
9.997878e-01 1.464417e-02 -1.449097e-02 -2.925705e+00 -1.453209e-02 9.998639e-01 7.809724e-03 -4.243136e+00 1.460337e-02 -7.597482e-03 9.998645e-01 2.502566e+02
9.998437e-01 1.243900e-02 -1.256220e-02 -2.940378e+00 -1.229510e-02 9.998587e-01 1.146752e-02 -4.248493e+00 1.270307e-02 -1.131127e-02 9.998553e-01 2.509963e+02
9.999040e-01 1.026167e-02 -9.312756e-03 -2.957839e+00 -1.017212e-02 9.999021e-01 9.613016e-03 -4.258194e+00 9.410489e-03 -9.517363e-03 9.999104e-01 2.517750e+02
9.999137e-01 1.210041e-02 -5.121874e-03 -2.970847e+00 -1.208436e-02 9.999220e-01 3.152599e-03 -4.265371e+00 5.159622e-03 -3.090432e-03 9.999819e-01 2.525687e+02
9.998928e-01 1.462275e-02 -7.344871e-04 -2.978211e+00 -1.462322e-02 9.998929e-01 -6.397698e-04 -4.275744e+00 7.250532e-04 6.504417e-04 9.999995e-01 2.533522e+02
9.998655e-01 1.627669e-02 2.033317e-03 -2.981842e+00 -1.627562e-02 9.998674e-01 -5.448853e-04 -4.291379e+00 -2.041916e-03 5.117185e-04 9.999978e-01 2.541690e+02
9.998680e-01 1.545636e-02 5.005973e-03 -2.977724e+00 -1.546510e-02 9.998789e-01 1.711490e-03 -4.308811e+00 -4.978913e-03 -1.788682e-03 9.999860e-01 2.549781e+02
9.998931e-01 1.219237e-02 8.071646e-03 -2.966114e+00 -1.223104e-02 9.999139e-01 4.758987e-03 -4.325488e+00 -8.012927e-03 -4.857203e-03 9.999561e-01 2.557888e+02
9.998903e-01 1.037442e-02 1.056821e-02 -2.954294e+00 -1.044417e-02 9.999239e-01 6.566893e-03 -4.342695e+00 -1.049928e-02 -6.676549e-03 9.999226e-01 2.566228e+02
9.998510e-01 1.036503e-02 1.380219e-02 -2.942654e+00 -1.046115e-02 9.999214e-01 6.910178e-03 -4.358027e+00 -1.372948e-02 -7.053536e-03 9.998809e-01 2.574355e+02
9.997861e-01 1.280196e-02 1.624102e-02 -2.935461e+00 -1.287999e-02 9.999060e-01 4.709148e-03 -4.372029e+00 -1.617921e-02 -4.917325e-03 9.998570e-01 2.582735e+02
9.997309e-01 1.395741e-02 1.852886e-02 -2.923689e+00 -1.400664e-02 9.998987e-01 2.529584e-03 -4.389292e+00 -1.849168e-02 -2.788430e-03 9.998251e-01 2.591059e+02
9.996568e-01 1.487580e-02 2.156293e-02 -2.910747e+00 -1.492525e-02 9.998863e-01 2.134219e-03 -4.405198e+00 -2.152873e-02 -2.455318e-03 9.997652e-01 2.599201e+02
9.995706e-01 1.610164e-02 2.448121e-02 -2.894824e+00 -1.620765e-02 9.998601e-01 4.138139e-03 -4.423119e+00 -2.441115e-02 -4.533145e-03 9.996917e-01 2.607364e+02
9.994496e-01 1.748768e-02 2.818841e-02 -2.879018e+00 -1.765652e-02 9.998276e-01 5.751792e-03 -4.440597e+00 -2.808297e-02 -6.246336e-03 9.995861e-01 2.615382e+02
9.993418e-01 1.882477e-02 3.100929e-02 -2.859320e+00 -1.901165e-02 9.998028e-01 5.742859e-03 -4.457920e+00 -3.089507e-02 -6.328617e-03 9.995026e-01 2.623716e+02
9.992417e-01 1.899811e-02 3.398779e-02 -2.837374e+00 -1.918364e-02 9.998028e-01 5.140730e-03 -4.473056e+00 -3.388342e-02 -5.788841e-03 9.994090e-01 2.631899e+02
9.991563e-01 1.772415e-02 3.704686e-02 -2.808292e+00 -1.790775e-02 9.998289e-01 4.629965e-03 -4.488963e+00 -3.695846e-02 -5.289485e-03 9.993028e-01 2.640196e+02
9.991179e-01 1.560507e-02 3.898616e-02 -2.774811e+00 -1.581461e-02 9.998621e-01 5.072172e-03 -4.506017e+00 -3.890163e-02 -5.684249e-03 9.992269e-01 2.648409e+02
9.990681e-01 1.491077e-02 4.050386e-02 -2.745725e+00 -1.513417e-02 9.998719e-01 5.214489e-03 -4.525330e+00 -4.042092e-02 -5.822622e-03 9.991658e-01 2.656643e+02
9.990439e-01 1.486471e-02 4.111327e-02 -2.711535e+00 -1.509046e-02 9.998727e-01 5.186094e-03 -4.542766e+00 -4.103094e-02 -5.801554e-03 9.991410e-01 2.664839e+02
9.990029e-01 1.514094e-02 4.199873e-02 -2.680711e+00 -1.537657e-02 9.998678e-01 5.292952e-03 -4.558274e+00 -4.191304e-02 -5.933471e-03 9.991036e-01 2.672932e+02
