1.000000e+00 0.000000e+00 0.000000e+00 0.000000e+00 0.000000e+00 1.000000e+00 0.000000e+00 0.000000e+00 0.000000e+00 0.000000e+00 1.000000e+00 0.000000e+00
9.999794e-01 3.251328e-05 -6.414053e-03 -8.970561e-03 -2.848140e-05 9.999998e-01 6.286918e-04 -3.654439e-03 6.414072e-03 -6.284962e-04 9.999792e-01 8.718023e-02
9.999143e-01 3.242931e-04 -1.308959e-02 -1.687002e-02 -3.125441e-04 9.999995e-01 8.996179e-04 -7.945701e-03 1.308987e-02 -8.954497e-04 9.999139e-01 1.686037e-01
9.997944e-01 3.576857e-04 -2.027379e-02 -2.499063e-02 -3.452121e-04 9.999997e-01 6.187575e-04 -1.203078e-02 2.027401e-02 -6.116315e-04 9.997943e-01 2.554775e-01
9.995768e-01 7.226909e-04 -2.908225e-02 -3.638568e-02 -7.366197e-04 9.999996e-01 -4.682343e-04 -1.510905e-02 2.908190e-02 4.894587e-04 9.995769e-01 3.498214e-01
9.991855e-01 5.217952e-04 -4.034898e-02 -5.120712e-02 -5.917415e-04 9.999983e-01 -1.721610e-03 -1.849225e-02 4.034801e-02 1.744084e-03 9.991842e-01 4.549986e-01
9.985500e-01 2.739221e-04 -5.383151e-02 -6.948286e-02 -3.953489e-04 9.999974e-01 -2.245048e-03 -2.251500e-02 5.383076e-02 2.263074e-03 9.985475e-01 5.714260e-01
9.975753e-01 9.640995e-05 -6.959491e-02 -9.299386e-02 -2.364732e-04 9.999980e-01 -2.004315e-03 -2.550455e-02 6.959458e-02 2.015912e-03 9.975733e-01 6.926984e-01
9.961217e-01 -1.039689e-03 -8.797986e-02 -1.192641e-01 8.695161e-04 9.999977e-01 -1.972525e-03 -2.887771e-02 8.798170e-02 1.888375e-03 9.961203e-01 8.246504e-01
9.941483e-01 -2.286612e-03 -1.079995e-01 -1.508262e-01 2.095589e-03 9.999960e-01 -1.882199e-03 -3.616390e-02 1.080034e-01 1.644863e-03 9.941492e-01 9.702626e-01
9.914665e-01 -2.223380e-03 -1.303431e-01 -1.926359e-01 1.976883e-03 9.999960e-01 -2.020496e-03 -4.266058e-02 1.303471e-01 1.745581e-03 9.914669e-01 1.119048e+00
9.880054e-01 1.332240e-03 -1.544138e-01 -2.484349e-01 -1.806939e-03 9.999941e-01 -2.933886e-03 -5.004567e-02 1.544090e-01 3.177712e-03 9.880019e-01 1.280856e+00
9.836727e-01 5.336182e-03 -1.798874e-01 -3.122166e-01 -6.279446e-03 9.999694e-01 -4.674601e-03 -5.688315e-02 1.798569e-01 5.727871e-03 9.836761e-01 1.447777e+00
9.783716e-01 8.444746e-03 -2.066824e-01 -3.828602e-01 -9.762692e-03 9.999380e-01 -5.357587e-03 -6.469554e-02 2.066243e-01 7.259487e-03 9.783934e-01 1.616283e+00
9.717167e-01 9.604029e-03 -2.359543e-01 -4.587395e-01 -1.114460e-02 9.999244e-01 -5.196294e-03 -7.331414e-02 2.358865e-01 7.678941e-03 9.717503e-01 1.805168e+00
9.637962e-01 1.136762e-02 -2.663975e-01 -5.434863e-01 -1.304307e-02 9.999047e-01 -4.520801e-03 -7.924903e-02 2.663207e-01 7.831773e-03 9.638527e-01 1.984396e+00
9.543406e-01 1.309947e-02 -2.984333e-01 -6.388872e-01 -1.481639e-02 9.998841e-01 -3.491352e-03 -8.370777e-02 2.983530e-01 7.753644e-03 9.544241e-01 2.178095e+00
9.432268e-01 1.543564e-02 -3.317905e-01 -7.427515e-01 -1.703251e-02 9.998531e-01 -1.905273e-03 -9.059970e-02 3.317124e-01 7.448330e-03 9.433512e-01 2.359411e+00
9.308488e-01 1.788633e-02 -3.649666e-01 -8.552801e-01 -1.978711e-02 9.998031e-01 -1.468617e-03 -9.255342e-02 3.648684e-01 8.588693e-03 9.310195e-01 2.531795e+00
9.169756e-01 2.071209e-02 -3.984052e-01 -9.792645e-01 -2.286979e-02 9.997382e-01 -6.635874e-04 -9.529274e-02 3.982872e-01 9.719937e-03 9.172093e-01 2.724996e+00
9.011854e-01 2.137041e-02 -4.329067e-01 -1.103615e+00 -2.377177e-02 9.997174e-01 -1.349128e-04 -9.408185e-02 4.327815e-01 1.041254e-02 9.014387e-01 2.905736e+00
8.832017e-01 1.742232e-02 -4.686697e-01 -1.233326e+00 -2.012046e-02 9.997973e-01 -7.502807e-04 -9.490028e-02 4.685616e-01 1.009250e-02 8.833732e-01 3.076306e+00
8.620669e-01 1.351723e-02 -5.066143e-01 -1.381032e+00 -1.602525e-02 9.998714e-01 -5.908796e-04 -1.039110e-01 5.065411e-01 8.627999e-03 8.621726e-01 3.272896e+00
8.376604e-01 1.474291e-02 -5.459924e-01 -1.542879e+00 -1.613755e-02 9.998673e-01 2.240268e-03 -1.111532e-01 5.459529e-01 6.934396e-03 8.377872e-01 3.443564e+00
8.090700e-01 1.999720e-02 -5.873720e-01 -1.736468e+00 -2.048099e-02 9.997733e-01 5.826152e-03 -1.136512e-01 5.873554e-01 7.316195e-03 8.092961e-01 3.622789e+00
7.770725e-01 2.320101e-02 -6.289834e-01 -1.942400e+00 -2.355681e-02 9.996923e-01 7.772103e-03 -1.199556e-01 6.289702e-01 8.777352e-03 7.773799e-01 3.783917e+00
7.421566e-01 2.272852e-02 -6.698411e-01 -2.144238e+00 -2.321190e-02 9.996969e-01 8.203100e-03 -1.202384e-01 6.698245e-01 9.460296e-03 7.424592e-01 3.930934e+00
7.030641e-01 1.962725e-02 -7.108556e-01 -2.372839e+00 -1.814274e-02 9.997887e-01 9.661028e-03 -1.257772e-01 7.108950e-01 6.104544e-03 7.032716e-01 4.112617e+00
6.611497e-01 1.642411e-02 -7.500742e-01 -2.609388e+00 -1.308223e-02 9.998607e-01 1.036232e-02 -1.279340e-01 7.501399e-01 2.961598e-03 6.612725e-01 4.271246e+00
6.174336e-01 1.597327e-02 -7.864608e-01 -2.860659e+00 -1.052431e-02 9.998721e-01 1.204532e-02 -1.286583e-01 7.865526e-01 8.397740e-04 6.175227e-01 4.415125e+00
5.700326e-01 1.630157e-02 -8.214603e-01 -3.143804e+00 -7.850255e-03 9.998656e-01 1.439446e-02 -1.282609e-01 8.215846e-01 -1.756641e-03 5.700840e-01 4.566380e+00
5.198374e-01 1.742340e-02 -8.540875e-01 -3.436507e+00 -6.423593e-03 9.998434e-01 1.648712e-02 -1.294556e-01 8.542411e-01 -3.084311e-03 5.198679e-01 4.686230e+00
4.682615e-01 1.862863e-02 -8.833935e-01 -3.737693e+00 -5.414484e-03 9.998195e-01 1.821371e-02 -1.268218e-01 8.835733e-01 -3.745661e-03 4.682778e-01 4.782751e+00
4.140202e-01 2.058574e-02 -9.100349e-01 -4.082370e+00 -4.354050e-03 9.997776e-01 2.063492e-02 -1.268350e-01 9.102573e-01 -4.580935e-03 4.140177e-01 4.890266e+00
3.596988e-01 2.244478e-02 -9.327985e-01 -4.417738e+00 -3.862545e-03 9.997379e-01 2.256602e-02 -1.246992e-01 9.330605e-01 -4.513994e-03 3.596912e-01 4.963860e+00
3.047878e-01 2.500940e-02 -9.520919e-01 -4.796222e+00 -1.804703e-03 9.996685e-01 2.568141e-02 -1.247247e-01 9.524186e-01 -6.109138e-03 3.047319e-01 5.038262e+00
2.516074e-01 2.671193e-02 -9.674607e-01 -5.172856e+00 2.604021e-03 9.995967e-01 2.827644e-02 -1.261990e-01 9.678259e-01 -9.633850e-03 2.514364e-01 5.099582e+00
2.010327e-01 2.762296e-02 -9.791950e-01 -5.559337e+00 4.860129e-03 9.995619e-01 2.919531e-02 -1.280801e-01 9.795725e-01 -1.062823e-02 2.008103e-01 5.148453e+00
1.538357e-01 2.825273e-02 -9.876924e-01 -5.973974e+00 3.109687e-03 9.995723e-01 2.907689e-02 -1.236611e-01 9.880915e-01 -7.544478e-03 1.536821e-01 5.166966e+00
1.114929e-01 2.819203e-02 -9.933653e-01 -6.394617e+00 9.073029e-04 9.995942e-01 2.847065e-02 -1.146166e-01 9.937648e-01 -4.075559e-03 1.114221e-01 5.176331e+00
7.347947e-02 2.675228e-02 -9.969379e-01 -6.839456e+00 -5.941451e-04 9.996411e-01 2.678103e-02 -1.074710e-01 9.972966e-01 -1.375530e-03 7.346900e-02 5.179254e+00
3.882521e-02 2.430318e-02 -9.989504e-01 -7.291779e+00 -3.963315e-05 9.997042e-01 2.431998e-02 -1.024809e-01 9.992460e-01 -9.046366e-04 3.881469e-02 5.171609e+00
7.752282e-03 2.173957e-02 -9.997336e-01 -7.779705e+00 2.918897e-04 9.997636e-01 2.174248e-02 -1.004502e-01 9.999699e-01 -4.603658e-04 7.744104e-03 5.147013e+00
-1.915967e-02 1.992460e-02 -9.996179e-01 -8.284436e+00 3.175487e-04 9.998015e-01 1.992218e-02 -9.690940e-02 9.998164e-01 6.427500e-05 -1.916220e-02 5.109806e+00
-3.961785e-02 1.785155e-02 -9.990554e-01 -8.799420e+00 1.136985e-04 9.998405e-01 1.786107e-02 -8.982066e-02 9.992149e-01 5.940261e-04 -3.961356e-02 5.064422e+00
-5.601678e-02 1.727979e-02 -9.982803e-01 -9.334133e+00 2.578931e-04 9.998504e-01 1.729249e-02 -7.453529e-02 9.984298e-01 7.112201e-04 -5.601285e-02 5.017499e+00
-6.960240e-02 1.847726e-02 -9.974037e-01 -9.867654e+00 8.498238e-04 9.998292e-01 1.846289e-02 -6.559673e-02 9.975745e-01 4.374437e-04 -6.960621e-02 4.968532e+00
-7.972848e-02 2.014413e-02 -9.966131e-01 -1.041884e+01 5.237819e-04 9.997965e-01 2.016657e-02 -5.760522e-02 9.968165e-01 1.085842e-03 -7.972281e-02 4.911993e+00
-8.788087e-02 2.202173e-02 -9.958875e-01 -1.098193e+01 5.408134e-04 9.997565e-01 2.205956e-02 -4.972143e-02 9.961308e-01 1.400024e-03 -8.787138e-02 4.848946e+00
-9.297245e-02 2.356513e-02 -9.953898e-01 -1.155245e+01 8.036979e-04 9.997213e-01 2.359261e-02 -3.403726e-02 9.956684e-01 1.393470e-03 -9.296548e-02 4.788280e+00
-9.597651e-02 2.479454e-02 -9.950747e-01 -1.214879e+01 3.110416e-03 9.996923e-01 2.460959e-02 -2.242944e-02 9.953787e-01 -7.331540e-04 -9.602410e-02 4.730441e+00
-9.592589e-02 2.706551e-02 -9.950204e-01 -1.275082e+01 5.203751e-03 9.996302e-01 2.668923e-02 -8.627927e-03 9.953749e-01 -2.617651e-03 -9.603126e-02 4.672657e+00
-9.529467e-02 2.936269e-02 -9.950160e-01 -1.338769e+01 5.496553e-03 9.995652e-01 2.897052e-02 3.183748e-03 9.954339e-01 -2.708422e-03 -9.541463e-02 4.610528e+00
-9.493306e-02 2.933260e-02 -9.950514e-01 -1.400035e+01 4.417105e-03 9.995684e-01 2.904433e-02 1.311919e-02 9.954739e-01 -1.637979e-03 -9.502165e-02 4.545040e+00
-9.347149e-02 2.709581e-02 -9.952532e-01 -1.464590e+01 1.494843e-03 9.996323e-01 2.707464e-02 2.143068e-02 9.956208e-01 1.042960e-03 -9.347763e-02 4.480974e+00
-9.224130e-02 2.674224e-02 -9.953775e-01 -1.537229e+01 1.566496e-03 9.996420e-01 2.671164e-02 3.097641e-02 9.957355e-01 9.046618e-04 -9.225017e-02 4.413864e+00
-9.029587e-02 2.951207e-02 -9.954776e-01 -1.608679e+01 1.822223e-03 9.995641e-01 2.946793e-02 4.051854e-02 9.959133e-01 8.468505e-04 -9.031029e-02 4.348281e+00
-8.881088e-02 3.291141e-02 -9.955046e-01 -1.679889e+01 1.523765e-03 9.994573e-01 3.290614e-02 5.188224e-02 9.960473e-01 1.405509e-03 -8.881283e-02 4.282681e+00
-8.693257e-02 3.487289e-02 -9.956036e-01 -1.753337e+01 1.621492e-03 9.993908e-01 3.486396e-02 6.147251e-02 9.962129e-01 1.416450e-03 -8.693615e-02 4.215785e+00
-8.541537e-02 3.465773e-02 -9.957425e-01 -1.825795e+01 6.144673e-04 9.993965e-01 3.473221e-02 7.470589e-02 9.963452e-01 2.354813e-03 -8.538511e-02 4.149782e+00
-8.395965e-02 3.217165e-02 -9.959497e-01 -1.901253e+01 -2.038119e-03 9.994710e-01 3.245721e-02 8.852766e-02 9.964671e-01 4.754960e-03 -8.384967e-02 4.080797e+00
-8.245562e-02 3.121037e-02 -9.961059e-01 -1.979841e+01 -2.942657e-03 9.994975e-01 3.156022e-02 1.067868e-01 9.965904e-01 5.533516e-03 -8.232235e-02 4.011722e+00
-8.199701e-02 3.345048e-02 -9.960711e-01 -2.056547e+01 1.386179e-04 9.994370e-01 3.355210e-02 1.175014e-01 9.966326e-01 2.613099e-03 -8.195548e-02 3.951790e+00
-8.057451e-02 3.541878e-02 -9.961191e-01 -2.135316e+01 2.101066e-03 9.993723e-01 3.536450e-02 1.291435e-01 9.967464e-01 7.565660e-04 -8.059835e-02 3.890587e+00
-8.023079e-02 3.699589e-02 -9.960895e-01 -2.213829e+01 3.604933e-03 9.993152e-01 3.682533e-02 1.410000e-01 9.967698e-01 -6.363102e-04 -8.030922e-02 3.827379e+00
-7.971527e-02 3.269834e-02 -9.962812e-01 -2.293988e+01 3.542695e-03 9.994648e-01 3.251937e-02 1.533674e-01 9.968114e-01 -9.372304e-04 -7.978845e-02 3.760756e+00
-7.921380e-02 2.612883e-02 -9.965152e-01 -2.374203e+01 3.380384e-03 9.996577e-01 2.594252e-02 1.626187e-01 9.968519e-01 -1.313598e-03 -7.927501e-02 3.698689e+00
-7.949154e-02 2.193140e-02 -9.965943e-01 -2.454444e+01 4.897203e-03 9.997545e-01 2.161033e-02 1.708625e-01 9.968235e-01 -3.162685e-03 -7.957943e-02 3.637561e+00
-7.976772e-02 2.213871e-02 -9.965676e-01 -2.536763e+01 4.607622e-03 9.997508e-01 2.184062e-02 1.798759e-01 9.968028e-01 -2.849631e-03 -7.984985e-02 3.573043e+00
-8.065251e-02 2.885581e-02 -9.963245e-01 -2.620320e+01 3.637828e-03 9.995827e-01 2.865569e-02 1.855443e-01 9.967356e-01 -1.313303e-03 -8.072383e-02 3.502960e+00
-8.104637e-02 3.570998e-02 -9.960704e-01 -2.704551e+01 1.575027e-03 9.993613e-01 3.569981e-02 1.966701e-01 9.967091e-01 1.324502e-03 -8.105085e-02 3.430362e+00
-8.081898e-02 4.021161e-02 -9.959173e-01 -2.789388e+01 -1.642769e-03 9.991791e-01 4.047662e-02 2.119395e-01 9.967274e-01 4.907342e-03 -8.068658e-02 3.356221e+00
-8.131801e-02 4.012757e-02 -9.958801e-01 -2.873362e+01 -4.765071e-03 9.991621e-01 4.064890e-02 2.264904e-01 9.966768e-01 8.050927e-03 -8.105867e-02 3.284707e+00
-8.116958e-02 3.640588e-02 -9.960352e-01 -2.957094e+01 -7.271966e-03 9.992845e-01 3.711726e-02 2.382198e-01 9.966738e-01 1.025593e-02 -8.084675e-02 3.215598e+00
-8.241722e-02 3.344569e-02 -9.960365e-01 -3.041030e+01 -9.482532e-03 9.993651e-01 3.434209e-02 2.478008e-01 9.965528e-01 1.227533e-02 -8.204775e-02 3.144804e+00
-8.302459e-02 3.333414e-02 -9.959898e-01 -3.125472e+01 -1.299651e-02 9.993192e-01 3.452894e-02 2.595843e-01 9.964627e-01 1.581114e-02 -8.253484e-02 3.068740e+00
-8.257805e-02 3.454887e-02 -9.959856e-01 -3.210057e+01 -1.529535e-02 9.992373e-01 3.592982e-02 2.656900e-01 9.964672e-01 1.820096e-02 -8.198663e-02 2.993330e+00
-8.326379e-02 3.228597e-02 -9.960044e-01 -3.293173e+01 -1.807491e-02 9.992617e-01 3.390258e-02 2.676600e-01 9.963636e-01 2.082554e-02 -8.261875e-02 2.919192e+00
-8.236511e-02 2.736619e-02 -9.962264e-01 -3.375866e+01 -2.092140e-02 9.993551e-01 2.918185e-02 2.699706e-01 9.963826e-01 2.324602e-02 -8.173946e-02 2.846500e+00
-8.288919e-02 2.350971e-02 -9.962814e-01 -3.457796e+01 -2.361029e-02 9.993948e-01 2.554752e-02 2.710749e-01 9.962790e-01 2.564010e-02 -8.228395e-02 2.775605e+00
-8.305331e-02 2.391842e-02 -9.962580e-01 -3.541546e+01 -2.428651e-02 9.993664e-01 2.601770e-02 2.759305e-01 9.962491e-01 2.635648e-02 -8.241979e-02 2.703854e+00
-8.246188e-02 2.652393e-02 -9.962412e-01 -3.625509e+01 -2.350843e-02 9.993158e-01 2.855165e-02 2.748595e-01 9.963169e-01 2.577449e-02 -8.178193e-02 2.633390e+00
-8.295605e-02 3.138117e-02 -9.960590e-01 -3.707383e+01 -2.457620e-02 9.991357e-01 3.352491e-02 2.807483e-01 9.962501e-01 2.726044e-02 -8.211312e-02 2.563198e+00
-8.226839e-02 3.696124e-02 -9.959246e-01 -3.790995e+01 -2.344651e-02 9.989637e-01 3.901083e-02 2.947947e-01 9.963344e-01 2.656031e-02 -8.131652e-02 2.493056e+00
-8.300253e-02 4.008627e-02 -9.957428e-01 -3.874543e+01 -2.393599e-02 9.988222e-01 4.220548e-02 3.071952e-01 9.962618e-01 2.733725e-02 -8.194526e-02 2.423615e+00
-8.301074e-02 4.014283e-02 -9.957398e-01 -3.957165e+01 -2.355054e-02 9.988303e-01 4.223073e-02 3.217907e-01 9.962703e-01 2.695582e-02 -8.196825e-02 2.355404e+00
-8.283295e-02 3.633856e-02 -9.959007e-01 -4.039769e+01 -2.444928e-02 9.989601e-01 3.848373e-02 3.357916e-01 9.962635e-01 2.753678e-02 -8.185836e-02 2.286371e+00
-8.313166e-02 3.223773e-02 -9.960170e-01 -4.122331e+01 -2.636728e-02 9.990555e-01 3.453680e-02 3.465836e-01 9.961897e-01 2.913336e-02 -8.220312e-02 2.214309e+00
-8.318343e-02 2.993564e-02 -9.960845e-01 -4.203914e+01 -3.031334e-02 9.990101e-01 3.255505e-02 3.539487e-01 9.960731e-01 3.290269e-02 -8.219364e-02 2.138310e+00
-8.432308e-02 2.877212e-02 -9.960230e-01 -4.285593e+01 -3.431527e-02 9.989063e-01 3.176054e-02 3.610204e-01 9.958474e-01 3.685695e-02 -8.324353e-02 2.059616e+00
-8.556846e-02 2.747515e-02 -9.959534e-01 -4.366391e+01 -3.251753e-02 9.990102e-01 3.035326e-02 3.617962e-01 9.958015e-01 3.498322e-02 -8.459034e-02 1.987833e+00
-8.704125e-02 2.511274e-02 -9.958881e-01 -4.446521e+01 -2.930433e-02 9.991851e-01 2.775710e-02 3.593101e-01 9.957736e-01 3.159985e-02 -8.623441e-02 1.922452e+00
-8.884420e-02 2.408365e-02 -9.957543e-01 -4.526889e+01 -2.551825e-02 9.993245e-01 2.644682e-02 3.648704e-01 9.957186e-01 2.775956e-02 -8.816961e-02 1.853957e+00
-9.082333e-02 2.777456e-02 -9.954796e-01 -4.607605e+01 -2.462916e-02 9.992426e-01 3.012661e-02 3.676364e-01 9.955624e-01 2.725403e-02 -9.007048e-02 1.779113e+00
-9.367315e-02 3.386611e-02 -9.950268e-01 -4.688487e+01 -2.239933e-02 9.990966e-01 3.611333e-02 3.746447e-01 9.953510e-01 2.567078e-02 -9.282995e-02 1.704678e+00
-9.591607e-02 3.804594e-02 -9.946621e-01 -4.768393e+01 -2.047905e-02 9.989823e-01 4.018600e-02 3.809324e-01 9.951787e-01 2.422422e-02 -9.503931e-02 1.629421e+00
-9.774815e-02 3.795206e-02 -9.944873e-01 -4.847521e+01 -2.062730e-02 9.989807e-01 4.015099e-02 3.872480e-01 9.949974e-01 2.443827e-02 -9.686566e-02 1.551588e+00
-9.977941e-02 3.412838e-02 -9.944241e-01 -4.926914e+01 -2.395725e-02 9.990395e-01 3.669063e-02 3.984149e-01 9.947211e-01 2.748464e-02 -9.886595e-02 1.461125e+00
-1.014628e-01 3.068501e-02 -9.943660e-01 -5.005638e+01 -2.911490e-02 9.990045e-01 3.379896e-02 4.068301e-01 9.944132e-01 3.238021e-02 -1.004684e-01 1.368500e+00
-1.025861e-01 2.886037e-02 -9.943054e-01 -5.084008e+01 -3.335236e-02 9.989172e-01 3.243531e-02 4.185613e-01 9.941648e-01 3.648984e-02 -1.015124e-01 1.276961e+00
-1.042627e-01 2.973062e-02 -9.941053e-01 -5.162709e+01 -3.466285e-02 9.988372e-01 3.350761e-02 4.250352e-01 9.939456e-01 3.795212e-02 -1.031109e-01 1.186208e+00
-1.050562e-01 3.112396e-02 -9.939791e-01 -5.241327e+01 -3.417435e-02 9.988068e-01 3.488710e-02 4.285113e-01 9.938789e-01 3.763370e-02 -1.038672e-01 1.099692e+00
-1.068132e-01 3.031846e-02 -9.938168e-01 -5.319743e+01 -3.602108e-02 9.987608e-01 3.434075e-02 4.328400e-01 9.936264e-01 3.946639e-02 -1.055887e-01 1.007941e+00
-1.075621e-01 2.993727e-02 -9.937475e-01 -5.397612e+01 -3.682616e-02 9.987406e-01 3.407372e-02 4.404537e-01 9.935161e-01 4.026095e-02 -1.063242e-01 9.172637e-01
-1.075045e-01 3.151948e-02 -9.937048e-01 -5.475570e+01 -3.511352e-02 9.987534e-01 3.547839e-02 4.486680e-01 9.935843e-01 3.870656e-02 -1.062638e-01 8.329341e-01
-1.085955e-01 3.441746e-02 -9.934900e-01 -5.552958e+01 -3.410096e-02 9.986833e-01 3.832484e-02 4.555940e-01 9.935010e-01 3.804086e-02 -1.072788e-01 7.474192e-01
-1.084330e-01 3.812726e-02 -9.933723e-01 -5.630777e+01 -3.366129e-02 9.985504e-01 4.200035e-02 4.710422e-01 9.935337e-01 3.799242e-02 -1.069924e-01 6.569718e-01
-1.100950e-01 4.014517e-02 -9.931100e-01 -5.707098e+01 -3.383085e-02 9.984536e-01 4.411163e-02 4.849534e-01 9.933451e-01 3.845423e-02 -1.085666e-01 5.616668e-01
-1.113413e-01 4.000681e-02 -9.929766e-01 -5.783067e+01 -3.346510e-02 9.984717e-01 4.398061e-02 4.983325e-01 9.932186e-01 3.812692e-02 -1.098323e-01 4.694347e-01
-1.117079e-01 3.818244e-02 -9.930073e-01 -5.856988e+01 -3.175104e-02 9.986142e-01 4.196985e-02 5.084267e-01 9.932337e-01 3.621737e-02 -1.103407e-01 3.741815e-01
-1.124347e-01 3.479852e-02 -9.930496e-01 -5.930393e+01 -3.034964e-02 9.988001e-01 3.843627e-02 5.167662e-01 9.931955e-01 3.446026e-02 -1.112436e-01 2.827428e-01
-1.119439e-01 3.225005e-02 -9.931911e-01 -6.002222e+01 -2.971968e-02 9.989175e-01 3.578574e-02 5.270809e-01 9.932700e-01 3.352332e-02 -1.108643e-01 1.953887e-01
-1.109591e-01 3.042214e-02 -9.933592e-01 -6.074035e+01 -3.149057e-02 9.989218e-01 3.411002e-02 5.379125e-01 9.933259e-01 3.506626e-02 -1.098815e-01 1.061407e-01
-1.088050e-01 2.977133e-02 -9.936172e-01 -6.143328e+01 -3.415362e-02 9.988493e-01 3.366805e-02 5.476195e-01 9.934762e-01 3.759887e-02 -1.076630e-01 2.133482e-02
-1.047077e-01 3.059932e-02 -9.940322e-01 -6.210771e+01 -3.438364e-02 9.988176e-01 3.436847e-02 5.584931e-01 9.939085e-01 3.777709e-02 -1.035318e-01 -5.395931e-02
-9.934291e-02 3.245070e-02 -9.945240e-01 -6.277298e+01 -3.432927e-02 9.987613e-01 3.601811e-02 5.675050e-01 9.944609e-01 3.771942e-02 -9.810584e-02 -1.213833e-01
-9.200187e-02 3.443965e-02 -9.951631e-01 -6.341467e+01 -3.228414e-02 9.987731e-01 3.754922e-02 5.722204e-01 9.952353e-01 3.558258e-02 -9.077715e-02 -1.783645e-01
-8.336398e-02 3.596444e-02 -9.958700e-01 -6.405521e+01 -3.256769e-02 9.987164e-01 3.879346e-02 5.761905e-01 9.959868e-01 3.566717e-02 -8.208570e-02 -2.304281e-01
-7.191736e-02 3.771099e-02 -9.966974e-01 -6.468021e+01 -3.332692e-02 9.986361e-01 4.018907e-02 5.785306e-01 9.968537e-01 3.610715e-02 -7.056249e-02 -2.766137e-01
-5.700100e-02 3.927857e-02 -9.976012e-01 -6.527718e+01 -3.605992e-02 9.984928e-01 4.137407e-02 5.846809e-01 9.977227e-01 3.833178e-02 -5.549871e-02 -3.099614e-01
-3.949106e-02 4.058940e-02 -9.983952e-01 -6.585204e+01 -3.806520e-02 9.983882e-01 4.209477e-02 5.922339e-01 9.984946e-01 3.966648e-02 -3.788237e-02 -3.269349e-01
-1.765782e-02 4.135464e-02 -9.989885e-01 -6.639840e+01 -3.863941e-02 9.983697e-01 4.201200e-02 5.980655e-01 9.990972e-01 3.934217e-02 -1.603111e-02 -3.249245e-01
6.740756e-03 4.156833e-02 -9.991129e-01 -6.692023e+01 -3.882798e-02 9.983930e-01 4.127641e-02 6.043090e-01 9.992232e-01 3.851531e-02 8.343938e-03 -3.038772e-01
3.575906e-02 4.168263e-02 -9.984908e-01 -6.743249e+01 -3.798976e-02 9.984643e-01 4.032100e-02 6.092418e-01 9.986381e-01 3.649059e-02 3.728766e-02 -2.628856e-01
6.897033e-02 4.192198e-02 -9.967375e-01 -6.790969e+01 -3.725012e-02 9.985282e-01 3.941973e-02 6.139755e-01 9.969230e-01 3.440980e-02 7.043041e-02 -2.047200e-01
1.057988e-01 4.264924e-02 -9.934725e-01 -6.836958e+01 -3.728588e-02 9.985474e-01 3.889638e-02 6.187455e-01 9.936883e-01 3.292730e-02 1.072354e-01 -1.266937e-01
1.458605e-01 4.296225e-02 -9.883719e-01 -6.881072e+01 -3.742515e-02 9.985811e-01 3.788295e-02 6.196653e-01 9.885970e-01 3.146434e-02 1.472614e-01 -2.682053e-02
1.901314e-01 4.430315e-02 -9.807585e-01 -6.924562e+01 -3.676703e-02 9.986018e-01 3.798146e-02 6.209938e-01 9.810699e-01 2.883812e-02 1.914944e-01 9.068152e-02
2.379351e-01 4.317978e-02 -9.703208e-01 -6.967185e+01 -3.365820e-02 9.987779e-01 3.619271e-02 6.212287e-01 9.706977e-01 2.404773e-02 2.390977e-01 2.440528e-01
2.874227e-01 3.925436e-02 -9.569991e-01 -7.007342e+01 -2.700564e-02 9.990947e-01 3.287024e-02 6.157073e-01 9.574230e-01 1.639672e-02 2.882226e-01 4.190522e-01
3.386122e-01 3.449377e-02 -9.402936e-01 -7.046739e+01 -2.187709e-02 9.993463e-01 2.878184e-02 6.136997e-01 9.406717e-01 1.082500e-02 3.391454e-01 6.222686e-01
3.900109e-01 3.050442e-02 -9.203048e-01 -7.082788e+01 -1.693814e-02 9.995197e-01 2.595195e-02 6.125359e-01 9.206544e-01 5.466704e-03 3.903403e-01 8.384737e-01
4.412175e-01 2.980721e-02 -8.969050e-01 -7.119361e+01 -1.643524e-02 9.995490e-01 2.513338e-02 6.155606e-01 8.972497e-01 3.651560e-03 4.415084e-01 1.081333e+00
4.890880e-01 2.863537e-02 -8.717643e-01 -7.153764e+01 -1.422999e-02 9.995899e-01 2.485066e-02 6.175639e-01 8.721184e-01 2.510348e-04 4.892949e-01 1.327176e+00
5.341888e-01 2.523484e-02 -8.449885e-01 -7.186102e+01 -6.956175e-03 9.996517e-01 2.545614e-02 6.169162e-01 8.453366e-01 -7.720496e-03 5.341783e-01 1.606290e+00
5.787607e-01 1.956055e-02 -8.152628e-01 -7.217051e+01 4.190264e-03 9.996278e-01 2.695870e-02 6.020654e-01 8.154867e-01 -1.901880e-02 5.784633e-01 1.912697e+00
6.211323e-01 1.460881e-02 -7.835695e-01 -7.246195e+01 6.262839e-03 9.997018e-01 2.360289e-02 5.983540e-01 7.836807e-01 -1.956789e-02 6.208556e-01 2.203237e+00
6.632638e-01 9.494750e-03 -7.483254e-01 -7.274623e+01 3.697987e-03 9.998657e-01 1.596393e-02 5.996643e-01 7.483765e-01 -1.335560e-02 6.631397e-01 2.511728e+00
7.038676e-01 3.799572e-03 -7.103210e-01 -7.300835e+01 -1.827597e-05 9.999858e-01 5.330905e-03 5.944647e-01 7.103312e-01 -3.739270e-03 7.038577e-01 2.826932e+00
7.442934e-01 8.048907e-04 -6.678523e-01 -7.327634e+01 -4.369298e-03 9.999837e-01 -3.664226e-03 5.929763e-01 6.678385e-01 5.645304e-03 7.442848e-01 3.191573e+00
7.818506e-01 -7.632652e-04 -6.234653e-01 -7.352687e+01 -5.214144e-03 9.999563e-01 -7.762923e-03 5.880134e-01 6.234440e-01 9.320284e-03 7.818125e-01 3.569189e+00
8.171746e-01 -2.359790e-03 -5.763854e-01 -7.376714e+01 -4.325541e-03 9.999384e-01 -1.022643e-02 5.799670e-01 5.763740e-01 1.084996e-02 8.171140e-01 3.983565e+00
8.494440e-01 -1.460199e-03 -5.276767e-01 -7.400332e+01 -6.605820e-03 9.998884e-01 -1.340084e-02 5.731236e-01 5.276374e-01 1.486900e-02 8.493396e-01 4.433198e+00
8.765248e-01 -1.096129e-04 -4.813567e-01 -7.421504e+01 -6.781046e-03 9.998979e-01 -1.257561e-02 5.524115e-01 4.813090e-01 1.428694e-02 8.764346e-01 4.886942e+00
8.995582e-01 4.222039e-03 -4.367805e-01 -7.443044e+01 -1.100321e-02 9.998550e-01 -1.299646e-02 5.405624e-01 4.366622e-01 1.649706e-02 8.994743e-01 5.381303e+00
9.179434e-01 9.320835e-03 -3.966018e-01 -7.462581e+01 -1.651739e-02 9.997550e-01 -1.473386e-02 5.291545e-01 3.963673e-01 2.007567e-02 9.178725e-01 5.878499e+00
9.326916e-01 1.317560e-02 -3.604341e-01 -7.481588e+01 -1.964143e-02 9.997051e-01 -1.428192e-02 5.167748e-01 3.601396e-01 2.040007e-02 9.326754e-01 6.411767e+00
9.440887e-01 1.426195e-02 -3.293830e-01 -7.499398e+01 -1.951818e-02 9.997294e-01 -1.265639e-02 4.987630e-01 3.291134e-01 1.837771e-02 9.441116e-01 6.974414e+00
9.520259e-01 1.407334e-02 -3.056937e-01 -7.515497e+01 -1.825616e-02 9.997747e-01 -1.082837e-02 4.794098e-01 3.054724e-01 1.588968e-02 9.520683e-01 7.534462e+00
9.588689e-01 1.507189e-02 -2.834490e-01 -7.532151e+01 -1.833012e-02 9.997929e-01 -8.846082e-03 4.630023e-01 2.832569e-01 1.367789e-02 9.589465e-01 8.131961e+00
9.638426e-01 1.739435e-02 -2.659038e-01 -7.548254e+01 -1.981376e-02 9.997831e-01 -6.418741e-03 4.492961e-01 2.657344e-01 1.145521e-02 9.639782e-01 8.734342e+00
9.678359e-01 2.237492e-02 -2.505854e-01 -7.564121e+01 -2.434690e-02 9.996922e-01 -4.771913e-03 4.373051e-01 2.504015e-01 1.071941e-02 9.680827e-01 9.357541e+00
9.714073e-01 2.539525e-02 -2.360570e-01 -7.580033e+01 -2.706321e-02 9.996264e-01 -3.828077e-03 4.330445e-01 2.358716e-01 1.010708e-02 9.717317e-01 1.000104e+01
9.744039e-01 2.617655e-02 -2.232753e-01 -7.594420e+01 -2.770498e-02 9.996092e-01 -3.715231e-03 4.181771e-01 2.230908e-01 9.805974e-03 9.747483e-01 1.064999e+01
9.774255e-01 2.707406e-02 -2.095384e-01 -7.608430e+01 -2.868499e-02 9.995777e-01 -4.652207e-03 4.079920e-01 2.093239e-01 1.055779e-02 9.777894e-01 1.132432e+01
9.805382e-01 2.881438e-02 -1.942022e-01 -7.621829e+01 -3.033207e-02 9.995281e-01 -4.845310e-03 3.985781e-01 1.939710e-01 1.064157e-02 9.809496e-01 1.203336e+01
9.831360e-01 2.977009e-02 -1.804364e-01 -7.635069e+01 -3.123043e-02 9.994984e-01 -5.257285e-03 3.867655e-01 1.801894e-01 1.080373e-02 9.835726e-01 1.273692e+01
9.854942e-01 3.064511e-02 -1.669196e-01 -7.647376e+01 -3.248962e-02 9.994374e-01 -8.330167e-03 3.650545e-01 1.665704e-01 1.363249e-02 9.859353e-01 1.346729e+01
9.872305e-01 3.133804e-02 -1.561852e-01 -7.658703e+01 -3.392115e-02 9.993278e-01 -1.390027e-02 3.440272e-01 1.556446e-01 1.902075e-02 9.876300e-01 1.418493e+01
9.887931e-01 3.050293e-02 -1.461427e-01 -7.669580e+01 -3.369310e-02 9.992439e-01 -1.940322e-02 3.170238e-01 1.454404e-01 2.410977e-02 9.890732e-01 1.491559e+01
9.901046e-01 3.099911e-02 -1.368646e-01 -7.679957e+01 -3.404363e-02 9.992210e-01 -1.995987e-02 2.970106e-01 1.361392e-01 2.442172e-02 9.903887e-01 1.565896e+01
9.910353e-01 3.179321e-02 -1.297622e-01 -7.690191e+01 -3.390733e-02 9.993253e-01 -1.411507e-02 2.725610e-01 1.292258e-01 1.838842e-02 9.914447e-01 1.641629e+01
9.916192e-01 3.558780e-02 -1.241970e-01 -7.700679e+01 -3.670186e-02 9.993038e-01 -6.692909e-03 2.529169e-01 1.238724e-01 1.119508e-02 9.922350e-01 1.717415e+01
9.922255e-01 3.583117e-02 -1.191832e-01 -7.710501e+01 -3.639336e-02 9.993343e-01 -2.543157e-03 2.291881e-01 1.190128e-01 6.860864e-03 9.928690e-01 1.793407e+01
9.926647e-01 3.558155e-02 -1.155452e-01 -7.719641e+01 -3.614059e-02 9.993429e-01 -2.746297e-03 2.064061e-01 1.153716e-01 6.902026e-03 9.932984e-01 1.867743e+01
9.931019e-01 3.480469e-02 -1.119699e-01 -7.728375e+01 -3.545351e-02 9.993641e-01 -3.808109e-03 1.897973e-01 1.117662e-01 7.751568e-03 9.937043e-01 1.943206e+01
9.934147e-01 3.358328e-02 -1.095418e-01 -7.736924e+01 -3.400273e-02 9.994198e-01 -1.962825e-03 1.748265e-01 1.094123e-01 5.674618e-03 9.939803e-01 2.019492e+01
9.937809e-01 3.146378e-02 -1.068159e-01 -7.745421e+01 -3.157226e-02 9.995012e-01 6.757369e-04 1.567523e-01 1.067838e-01 2.700884e-03 9.942786e-01 2.095601e+01
9.942287e-01 2.821433e-02 -1.035049e-01 -7.753559e+01 -2.811283e-02 9.996018e-01 2.439654e-03 1.400297e-01 1.035326e-01 4.842424e-04 9.946259e-01 2.170848e+01
9.945263e-01 2.653157e-02 -1.010617e-01 -7.761803e+01 -2.671289e-02 9.996430e-01 -4.411037e-04 1.209811e-01 1.010139e-01 3.138339e-03 9.948801e-01 2.246142e+01
9.946537e-01 2.906476e-02 -9.909191e-02 -7.770275e+01 -2.992672e-02 9.995260e-01 -7.223013e-03 1.055532e-01 9.883500e-02 1.014989e-02 9.950521e-01 2.320177e+01
9.948557e-01 2.926887e-02 -9.698133e-02 -7.778496e+01 -3.083015e-02 9.994174e-01 -1.463921e-02 8.306593e-02 9.649636e-02 1.755385e-02 9.951785e-01 2.395708e+01
9.949757e-01 3.010578e-02 -9.548348e-02 -7.786355e+01 -3.202843e-02 9.993126e-01 -1.866735e-02 5.817015e-02 9.485585e-02 2.163174e-02 9.952560e-01 2.470301e+01
9.951964e-01 3.116113e-02 -9.280676e-02 -7.794218e+01 -3.291824e-02 9.993055e-01 -1.746247e-02 3.243241e-02 9.219816e-02 2.043362e-02 9.955310e-01 2.545862e+01
9.953255e-01 3.363597e-02 -9.053103e-02 -7.802332e+01 -3.505094e-02 9.992863e-01 -1.408493e-02 3.140595e-03 8.999266e-02 1.719229e-02 9.957940e-01 2.622376e+01
9.954779e-01 3.604960e-02 -8.788747e-02 -7.810193e+01 -3.707323e-02 9.992621e-01 -1.004229e-02 -2.297707e-02 8.746060e-02 1.325515e-02 9.960798e-01 2.698162e+01
9.958335e-01 3.361894e-02 -8.476627e-02 -7.816796e+01 -3.444512e-02 9.993721e-01 -8.302521e-03 -4.865848e-02 8.443393e-02 1.118771e-02 9.963663e-01 2.773591e+01
9.960562e-01 3.081027e-02 -8.320317e-02 -7.823078e+01 -3.163171e-02 9.994628e-01 -8.572306e-03 -7.583587e-02 8.289436e-02 1.117036e-02 9.964957e-01 2.848493e+01
9.962648e-01 2.915903e-02 -8.127861e-02 -7.829172e+01 -2.999420e-02 9.995089e-01 -9.073172e-03 -1.012555e-01 8.097412e-02 1.147717e-02 9.966501e-01 2.923716e+01
9.963740e-01 2.888099e-02 -8.003023e-02 -7.835472e+01 -2.985239e-02 9.994941e-01 -1.096789e-02 -1.203872e-01 7.967299e-02 1.331722e-02 9.967321e-01 2.999229e+01
9.965230e-01 2.775822e-02 -7.855818e-02 -7.841033e+01 -2.881642e-02 9.995082e-01 -1.236859e-02 -1.432628e-01 7.817621e-02 1.458935e-02 9.968328e-01 3.075180e+01
9.966232e-01 2.749154e-02 -7.737167e-02 -7.847295e+01 -2.852661e-02 9.995173e-01 -1.230436e-02 -1.672525e-01 7.699606e-02 1.446996e-02 9.969264e-01 3.151897e+01
9.966023e-01 2.945623e-02 -7.691721e-02 -7.854114e+01 -3.046680e-02 9.994638e-01 -1.199787e-02 -1.880627e-01 7.652255e-02 1.430053e-02 9.969653e-01 3.228929e+01
9.965999e-01 3.018766e-02 -7.666387e-02 -7.860748e+01 -3.124201e-02 9.994325e-01 -1.259076e-02 -2.116548e-01 7.624028e-02 1.494308e-02 9.969775e-01 3.305838e+01
9.965402e-01 2.946735e-02 -7.771332e-02 -7.867381e+01 -3.057826e-02 9.994460e-01 -1.314366e-02 -2.333728e-01 7.728296e-02 1.547452e-02 9.968891e-01 3.383701e+01
9.963384e-01 2.895316e-02 -8.044512e-02 -7.874407e+01 -3.004696e-02 9.994713e-01 -1.241961e-02 -2.582382e-01 8.004301e-02 1.479127e-02 9.966817e-01 3.461192e+01
9.960889e-01 3.046266e-02 -8.293981e-02 -7.882235e+01 -3.159481e-02 9.994242e-01 -1.237185e-02 -2.804445e-01 8.251517e-02 1.494393e-02 9.964778e-01 3.539149e+01
9.956817e-01 3.373422e-02 -8.648729e-02 -7.890611e+01 -3.495540e-02 9.993089e-01 -1.264400e-02 -3.066899e-01 8.600098e-02 1.561259e-02 9.961727e-01 3.617955e+01
9.953444e-01 3.569587e-02 -8.952796e-02 -7.899041e+01 -3.733403e-02 9.991635e-01 -1.668979e-02 -3.280749e-01 8.885731e-02 1.995452e-02 9.958445e-01 3.696242e+01
9.950236e-01 3.724260e-02 -9.241730e-02 -7.906889e+01 -3.923260e-02 9.990337e-01 -1.980960e-02 -3.513040e-01 9.159023e-02 2.333680e-02 9.955233e-01 3.774537e+01
9.947156e-01 3.793488e-02 -9.540381e-02 -7.914716e+01 -4.009426e-02 9.989790e-01 -2.081918e-02 -3.771548e-01 9.451663e-02 2.453431e-02 9.952209e-01 3.855671e+01
9.944785e-01 3.714673e-02 -9.814619e-02 -7.922634e+01 -3.926974e-02 9.990327e-01 -1.978797e-02 -4.039280e-01 9.731620e-02 2.353289e-02 9.949753e-01 3.935199e+01
9.942585e-01 3.666362e-02 -1.005274e-01 -7.931410e+01 -3.876407e-02 9.990673e-01 -1.902057e-02 -4.333262e-01 9.973626e-02 2.280821e-02 9.947525e-01 4.018402e+01
9.941071e-01 3.644243e-02 -1.020928e-01 -7.939523e+01 -3.838549e-02 9.991161e-01 -1.713213e-02 -4.654279e-01 1.013783e-01 2.095005e-02 9.946273e-01 4.101075e+01
9.940876e-01 3.566456e-02 -1.025565e-01 -7.948179e+01 -3.729408e-02 9.992060e-01 -1.401506e-02 -4.914047e-01 1.019752e-01 1.775694e-02 9.946284e-01 4.185356e+01
9.939609e-01 3.478784e-02 -1.040747e-01 -7.956948e+01 -3.595781e-02 9.993092e-01 -9.385979e-03 -5.203123e-01 1.036763e-01 1.307160e-02 9.945252e-01 4.268661e+01
9.940216e-01 3.449723e-02 -1.035906e-01 -7.965834e+01 -3.541966e-02 9.993475e-01 -7.077645e-03 -5.486471e-01 1.032789e-01 1.070448e-02 9.945948e-01 4.354127e+01
9.941825e-01 3.652205e-02 -1.013273e-01 -7.975416e+01 -3.742917e-02 9.992743e-01 -7.065079e-03 -5.707802e-01 1.009957e-01 1.081657e-02 9.948281e-01 4.442008e+01
9.943209e-01 3.674028e-02 -9.988045e-02 -7.984068e+01 -3.775736e-02 9.992524e-01 -8.311051e-03 -5.950037e-01 9.950042e-02 1.203507e-02 9.949647e-01 4.526742e+01
9.946568e-01 3.445627e-02 -9.731692e-02 -7.992900e+01 -3.564186e-02 9.993098e-01 -1.047023e-02 -6.207302e-01 9.688898e-02 1.388284e-02 9.951984e-01 4.614695e+01
9.949562e-01 3.005832e-02 -9.570104e-02 -8.001245e+01 -3.134385e-02 9.994371e-01 -1.195766e-02 -6.504024e-01 9.528775e-02 1.489698e-02 9.953383e-01 4.701193e+01
9.952161e-01 2.819654e-02 -9.354074e-02 -8.009712e+01 -2.944382e-02 9.994946e-01 -1.198056e-02 -6.749738e-01 9.315566e-02 1.467744e-02 9.955434e-01 4.787402e+01
9.954632e-01 2.517591e-02 -9.175606e-02 -8.018188e+01 -2.620174e-02 9.996067e-01 -9.992339e-03 -7.000177e-01 9.146841e-02 1.235117e-02 9.957314e-01 4.876454e+01
9.956378e-01 2.184712e-02 -9.070921e-02 -8.026228e+01 -2.261604e-02 9.997164e-01 -7.457440e-03 -7.301308e-01 9.052056e-02 9.476392e-03 9.958495e-01 4.963091e+01
9.958332e-01 2.058877e-02 -8.883877e-02 -8.034742e+01 -2.129498e-02 9.997487e-01 -7.008751e-03 -7.590648e-01 8.867214e-02 8.871367e-03 9.960214e-01 5.052786e+01
9.959113e-01 2.103058e-02 -8.785409e-02 -8.043281e+01 -2.196993e-02 9.997112e-01 -9.738800e-03 -7.826765e-01 8.762391e-02 1.162913e-02 9.960857e-01 5.138700e+01
9.959756e-01 2.309442e-02 -8.659801e-02 -8.051437e+01 -2.444071e-02 9.995959e-01 -1.451829e-02 -8.083211e-01 8.622772e-02 1.657638e-02 9.961375e-01 5.223249e+01
9.961026e-01 2.332474e-02 -8.506246e-02 -8.060069e+01 -2.505594e-02 9.994989e-01 -1.934155e-02 -8.354648e-01 8.456870e-02 2.139748e-02 9.961879e-01 5.309316e+01
9.960873e-01 2.667851e-02 -8.425134e-02 -8.068832e+01 -2.887955e-02 9.992699e-01 -2.501467e-02 -8.656468e-01 8.352247e-02 2.734994e-02 9.961305e-01 5.394174e+01
9.961891e-01 2.579568e-02 -8.331803e-02 -8.076924e+01 -2.807708e-02 9.992590e-01 -2.632698e-02 -9.021927e-01 8.257717e-02 2.856598e-02 9.961752e-01 5.481347e+01
9.962892e-01 2.333981e-02 -8.284419e-02 -8.084275e+01 -2.512121e-02 9.994737e-01 -2.052610e-02 -9.382388e-01 8.232151e-02 2.253108e-02 9.963511e-01 5.567575e+01
9.963111e-01 2.258675e-02 -8.278952e-02 -8.092093e+01 -2.357784e-02 9.996613e-01 -1.101296e-02 -9.771685e-01 8.251273e-02 1.292433e-02 9.965062e-01 5.655244e+01
9.963110e-01 1.997763e-02 -8.345848e-02 -8.099416e+01 -2.041448e-02 9.997820e-01 -4.384095e-03 -1.005808e+00 8.335271e-02 6.071683e-03 9.965016e-01 5.741327e+01
9.961277e-01 1.871731e-02 -8.590285e-02 -8.106947e+01 -1.925752e-02 9.997996e-01 -5.464153e-03 -1.036409e+00 8.578337e-02 7.097270e-03 9.962885e-01 5.824750e+01
9.960848e-01 1.312752e-02 -8.742261e-02 -8.114284e+01 -1.390148e-02 9.998693e-01 -8.250228e-03 -1.066982e+00 8.730288e-02 9.433231e-03 9.961372e-01 5.908482e+01
9.958814e-01 1.094581e-02 -9.000268e-02 -8.122060e+01 -1.184796e-02 9.998847e-01 -9.495415e-03 -1.089594e+00 8.988837e-02 1.052266e-02 9.958963e-01 5.991174e+01
9.956489e-01 1.147263e-02 -9.247529e-02 -8.130813e+01 -1.256425e-02 9.998580e-01 -1.123092e-02 -1.120973e+00 9.233331e-02 1.234394e-02 9.956516e-01 6.074296e+01
9.954115e-01 1.213066e-02 -9.491442e-02 -8.139619e+01 -1.352672e-02 9.998094e-01 -1.407902e-02 -1.151410e+00 9.472554e-02 1.529830e-02 9.953859e-01 6.156235e+01
9.950571e-01 1.198340e-02 -9.857860e-02 -8.148866e+01 -1.376167e-02 9.997543e-01 -1.737897e-02 -1.178986e+00 9.834612e-02 1.864967e-02 9.949775e-01 6.238065e+01
9.947656e-01 1.330423e-02 -1.013133e-01 -8.158518e+01 -1.548980e-02 9.996633e-01 -2.081638e-02 -1.217751e+00 1.010022e-01 2.227674e-02 9.946368e-01 6.319818e+01
9.943665e-01 1.665401e-02 -1.046803e-01 -8.168963e+01 -1.901965e-02 9.995849e-01 -2.164128e-02 -1.248614e+00 1.042764e-01 2.351034e-02 9.942704e-01 6.400680e+01
9.940191e-01 1.955221e-02 -1.074414e-01 -8.179480e+01 -2.181720e-02 9.995630e-01 -1.994614e-02 -1.282525e+00 1.070045e-01 2.217091e-02 9.940113e-01 6.481588e+01
9.936720e-01 2.211137e-02 -1.101232e-01 -8.189891e+01 -2.393296e-02 9.995973e-01 -1.524700e-02 -1.312395e+00 1.097418e-01 1.778610e-02 9.938010e-01 6.562295e+01
9.932123e-01 2.226726e-02 -1.141641e-01 -8.200159e+01 -2.353227e-02 9.996756e-01 -9.744725e-03 -1.347753e+00 1.139100e-01 1.236512e-02 9.934141e-01 6.643876e+01
9.928359e-01 1.983647e-02 -1.178279e-01 -8.210255e+01 -2.076547e-02 9.997622e-01 -6.661786e-03 -1.374057e+00 1.176678e-01 9.060812e-03 9.930117e-01 6.723049e+01
9.920379e-01 1.973644e-02 -1.243833e-01 -8.220886e+01 -2.060823e-02 9.997712e-01 -5.725977e-03 -1.393588e+00 1.242418e-01 8.243704e-03 9.922177e-01 6.802712e+01
9.913370e-01 1.622999e-02 -1.303362e-01 -8.231396e+01 -1.668979e-02 9.998577e-01 -2.436211e-03 -1.417238e+00 1.302782e-01 4.590390e-03 9.914669e-01 6.881461e+01
9.905718e-01 1.610839e-02 -1.360445e-01 -8.243038e+01 -1.658485e-02 9.998597e-01 -2.369448e-03 -1.434108e+00 1.359872e-01 4.603385e-03 9.906999e-01 6.959175e+01
9.896508e-01 1.885638e-02 -1.422525e-01 -8.255587e+01 -1.963615e-02 9.997989e-01 -4.079682e-03 -1.451219e+00 1.421470e-01 6.830752e-03 9.898220e-01 7.036905e+01
9.888455e-01 1.870752e-02 -1.477656e-01 -8.268257e+01 -2.009038e-02 9.997672e-01 -7.871338e-03 -1.469044e+00 1.475839e-01 1.075220e-02 9.889911e-01 7.113686e+01
9.881355e-01 1.587496e-02 -1.527621e-01 -8.280733e+01 -1.787256e-02 9.997717e-01 -1.171218e-02 -1.491532e+00 1.525413e-01 1.430347e-02 9.881936e-01 7.190307e+01
9.874033e-01 1.501669e-02 -1.575094e-01 -8.294572e+01 -1.732613e-02 9.997614e-01 -1.329937e-02 -1.518552e+00 1.572721e-01 1.586087e-02 9.874279e-01 7.269183e+01
9.867114e-01 1.497810e-02 -1.617910e-01 -8.308144e+01 -1.678457e-02 9.998111e-01 -9.804311e-03 -1.539944e+00 1.616136e-01 1.238962e-02 9.867763e-01 7.345982e+01
9.858007e-01 1.417759e-02 -1.673200e-01 -8.321994e+01 -1.538581e-02 9.998641e-01 -5.926888e-03 -1.566650e+00 1.672133e-01 8.417086e-03 9.858848e-01 7.422943e+01
9.848061e-01 1.155622e-02 -1.732727e-01 -8.335490e+01 -1.245572e-02 9.999140e-01 -4.104773e-03 -1.595530e+00 1.732104e-01 6.200643e-03 9.848653e-01 7.497970e+01
9.837244e-01 8.207363e-03 -1.794965e-01 -8.349600e+01 -9.795490e-03 9.999203e-01 -7.963126e-03 -1.614234e+00 1.794168e-01 9.591777e-03 9.837264e-01 7.573254e+01
9.823230e-01 5.813563e-03 -1.871033e-01 -8.364452e+01 -8.675722e-03 9.998575e-01 -1.448199e-02 -1.638880e+00 1.869924e-01 1.584924e-02 9.822335e-01 7.646404e+01
9.807975e-01 1.424952e-03 -1.950239e-01 -8.379721e+01 -4.896241e-03 9.998380e-01 -1.731839e-02 -1.659016e+00 1.949676e-01 1.794072e-02 9.806456e-01 7.720367e+01
9.787020e-01 -3.794326e-03 -2.052509e-01 -8.396005e+01 6.476932e-04 9.998813e-01 -1.539568e-02 -1.686280e+00 2.052849e-01 1.493484e-02 9.785883e-01 7.794593e+01
9.763587e-01 -5.758752e-03 -2.160801e-01 -8.413438e+01 3.659361e-03 9.999422e-01 -1.011462e-02 -1.714031e+00 2.161259e-01 9.084786e-03 9.763232e-01 7.869380e+01
9.739998e-01 -5.487355e-03 -2.264823e-01 -8.431806e+01 4.795585e-03 9.999820e-01 -3.604508e-03 -1.735590e+00 2.264980e-01 2.424675e-03 9.740086e-01 7.943165e+01
9.714577e-01 -6.970281e-03 -2.371106e-01 -8.450274e+01 7.097305e-03 9.999748e-01 -3.178852e-04 -1.769394e+00 2.371068e-01 -1.374034e-03 9.714826e-01 8.015474e+01
9.687378e-01 -5.480299e-03 -2.480263e-01 -8.470242e+01 4.429114e-03 9.999787e-01 -4.795989e-03 -1.798496e+00 2.480473e-01 3.547519e-03 9.687414e-01 8.086153e+01
9.656146e-01 -6.433053e-03 -2.598982e-01 -8.490596e+01 3.146939e-03 9.999098e-01 -1.305797e-02 -1.832563e+00 2.599588e-01 1.179108e-02 9.655477e-01 8.155385e+01
9.622201e-01 -8.987314e-03 -2.721243e-01 -8.511840e+01 4.402900e-03 9.998380e-01 -1.745268e-02 -1.860298e+00 2.722370e-01 1.559519e-02 9.621038e-01 8.225556e+01
9.588824e-01 -1.099686e-02 -2.835905e-01 -8.534058e+01 7.402987e-03 9.998782e-01 -1.374138e-02 -1.883184e+00 2.837071e-01 1.107695e-02 9.588470e-01 8.296273e+01
9.552556e-01 -1.086233e-02 -2.955820e-01 -8.557205e+01 9.296615e-03 9.999343e-01 -6.701923e-03 -1.912926e+00 2.956354e-01 3.654137e-03 9.552939e-01 8.365276e+01
9.514026e-01 -1.150301e-02 -3.077348e-01 -8.581827e+01 1.163785e-02 9.999313e-01 -1.397096e-03 -1.938005e+00 3.077298e-01 -2.252171e-03 9.514711e-01 8.435831e+01
