1.000000e+00 0.000000e+00 0.000000e+00 0.000000e+00 0.000000e+00 1.000000e+00 0.000000e+00 0.000000e+00 0.000000e+00 0.000000e+00 1.000000e+00 0.000000e+00
9.999953e-01 3.032150e-03 -3.499522e-04 -1.389871e-02 -3.031585e-03 9.999941e-01 1.601825e-03 -2.077303e-02 3.548071e-04 -1.600757e-03 9.999987e-01 7.637330e-01
9.999853e-01 5.414507e-03 1.874907e-04 -2.336409e-02 -5.414895e-03 9.999831e-01 2.138221e-03 -3.963922e-02 -1.759101e-04 -2.139205e-03 9.999977e-01 1.503944e+00
9.999822e-01 5.907266e-03 8.000681e-04 -3.083980e-02 -5.908780e-03 9.999807e-01 1.903308e-03 -6.016651e-02 -7.888093e-04 -1.908002e-03 9.999979e-01 2.237320e+00
9.999677e-01 8.027773e-03 3.978507e-04 -3.778454e-02 -8.028384e-03 9.999666e-01 1.560368e-03 -7.655693e-02 -3.853111e-04 -1.563512e-03 9.999987e-01 2.954446e+00
9.999692e-01 7.847397e-03 -3.861601e-05 -5.209301e-02 -7.847330e-03 9.999681e-01 1.506912e-03 -9.526057e-02 5.044011e-05 -1.506562e-03 9.999989e-01 3.660380e+00
9.999742e-01 7.154354e-03 6.635174e-04 -6.562274e-02 -7.156002e-03 9.999712e-01 2.515389e-03 -1.126958e-01 -6.455024e-04 -2.520072e-03 9.999966e-01 4.325321e+00
9.999680e-01 7.988747e-03 3.745824e-04 -8.017067e-02 -7.990587e-03 9.999546e-01 5.198910e-03 -1.281997e-01 -3.330326e-04 -5.201737e-03 9.999864e-01 4.987763e+00
9.999771e-01 6.514982e-03 1.832684e-03 -7.143266e-02 -6.531213e-03 9.999382e-01 8.994253e-03 -1.412769e-01 -1.773973e-03 -9.006017e-03 9.999579e-01 5.633734e+00
9.999776e-01 6.156612e-03 2.621663e-03 -6.417935e-02 -6.189366e-03 9.999005e-01 1.267458e-02 -1.567384e-01 -2.543370e-03 -1.269052e-02 9.999162e-01 6.264500e+00
9.999823e-01 5.112058e-03 3.050879e-03 -4.769781e-02 -5.156990e-03 9.998756e-01 1.490612e-02 -1.697956e-01 -2.974299e-03 -1.492159e-02 9.998842e-01 6.844752e+00
9.999806e-01 4.667289e-03 4.116224e-03 -4.457416e-02 -4.728113e-03 9.998779e-01 1.489291e-02 -1.822227e-01 -4.046212e-03 -1.491208e-02 9.998806e-01 7.387935e+00
9.999723e-01 5.891669e-03 4.553543e-03 -3.354085e-02 -5.948788e-03 9.999025e-01 1.263398e-02 -1.947080e-01 -4.478664e-03 -1.266072e-02 9.999098e-01 7.934450e+00
9.999732e-01 4.795072e-03 5.535706e-03 -2.516748e-02 -4.848198e-03 9.999419e-01 9.623914e-03 -2.027404e-01 -5.489237e-03 -9.650494e-03 9.999384e-01 8.451905e+00
9.999707e-01 3.569461e-03 6.768045e-03 -1.759872e-02 -3.624405e-03 9.999604e-01 8.123286e-03 -2.106114e-01 -6.738782e-03 -8.147579e-03 9.999441e-01 8.942859e+00
9.999638e-01 -2.025489e-04 8.508931e-03 -5.975243e-03 1.513399e-04 9.999819e-01 6.018476e-03 -2.228184e-01 -8.509996e-03 -6.016971e-03 9.999457e-01 9.404727e+00
9.999414e-01 -2.692186e-03 1.048835e-02 1.219414e-03 2.639334e-03 9.999838e-01 5.049713e-03 -2.381459e-01 -1.050177e-02 -5.021734e-03 9.999322e-01 9.831161e+00
9.999235e-01 1.313709e-03 1.229981e-02 -5.569317e-03 -1.351418e-03 9.999944e-01 3.057960e-03 -2.470198e-01 -1.229573e-02 -3.074348e-03 9.999197e-01 1.022509e+01
9.998769e-01 4.577556e-03 1.500800e-02 -8.189049e-03 -4.610999e-03 9.999870e-01 2.194473e-03 -2.576061e-01 -1.499775e-02 -2.263405e-03 9.998850e-01 1.059629e+01
9.998253e-01 5.526483e-03 1.785483e-02 -1.174156e-02 -5.583120e-03 9.999795e-01 3.123818e-03 -2.627838e-01 -1.783720e-02 -3.222958e-03 9.998357e-01 1.091694e+01
9.997800e-01 1.591787e-03 2.091334e-02 -5.175185e-04 -1.675445e-03 9.999907e-01 3.983306e-03 -2.721105e-01 -2.090681e-02 -4.017469e-03 9.997734e-01 1.121635e+01
9.997114e-01 -3.940278e-03 2.369720e-02 5.191245e-03 3.844859e-03 9.999843e-01 4.070805e-03 -2.789013e-01 -2.371286e-02 -3.978517e-03 9.997109e-01 1.148538e+01
9.996365e-01 -6.897655e-03 2.606333e-02 1.391706e-02 6.755522e-03 9.999618e-01 5.537488e-03 -2.869576e-01 -2.610053e-02 -5.359403e-03 9.996450e-01 1.173396e+01
9.995723e-01 -8.815037e-03 2.788493e-02 1.929172e-02 8.636217e-03 9.999414e-01 6.526745e-03 -2.925566e-01 -2.794083e-02 -6.283133e-03 9.995898e-01 1.195643e+01
9.995251e-01 -7.209520e-03 2.995884e-02 5.771409e-03 7.035918e-03 9.999579e-01 5.896053e-03 -2.965393e-01 -3.000008e-02 -5.682465e-03 9.995337e-01 1.211959e+01
9.994668e-01 -6.195052e-03 3.205949e-02 -1.456298e-02 6.042298e-03 9.999699e-01 4.859418e-03 -3.009951e-01 -3.208863e-02 -4.663114e-03 9.994741e-01 1.226049e+01
9.993824e-01 -4.884713e-03 3.479906e-02 -4.413120e-02 4.748672e-03 9.999808e-01 3.990919e-03 -3.040628e-01 -3.481788e-02 -3.823205e-03 9.993864e-01 1.240150e+01
9.993224e-01 -1.821581e-03 3.676275e-02 -7.478953e-02 1.694887e-03 9.999925e-01 3.477120e-03 -3.106396e-01 -3.676881e-02 -3.412455e-03 9.993180e-01 1.253626e+01
9.992927e-01 -1.714445e-03 3.756608e-02 -9.632692e-02 1.628281e-03 9.999960e-01 2.324154e-03 -3.151365e-01 -3.756991e-02 -2.261342e-03 9.992914e-01 1.264921e+01
9.992265e-01 -1.510148e-03 3.929616e-02 -9.127850e-02 1.470129e-03 9.999984e-01 1.047281e-03 -3.209771e-01 -3.929768e-02 -9.887004e-04 9.992271e-01 1.276638e+01
9.991863e-01 -2.764385e-03 4.023886e-02 -7.612892e-02 2.771868e-03 9.999961e-01 -1.301660e-04 -3.249911e-01 -4.023834e-02 2.415969e-04 9.991901e-01 1.288109e+01
9.991449e-01 -3.811817e-03 4.116876e-02 -6.718203e-02 3.854819e-03 9.999921e-01 -9.651988e-04 -3.284308e-01 -4.116475e-02 1.123072e-03 9.991517e-01 1.297898e+01
9.991053e-01 -3.022227e-03 4.218268e-02 -7.988117e-02 3.115524e-03 9.999928e-01 -2.146183e-03 -3.301593e-01 -4.217589e-02 2.275684e-03 9.991076e-01 1.306482e+01
9.990491e-01 -2.652201e-03 4.351805e-02 -9.161970e-02 2.833042e-03 9.999876e-01 -4.094389e-03 -3.318493e-01 -4.350665e-02 4.213784e-03 9.990443e-01 1.315519e+01
9.990176e-01 -2.125561e-03 4.426351e-02 -8.931351e-02 2.391814e-03 9.999794e-01 -5.963088e-03 -3.353138e-01 -4.424993e-02 6.063100e-03 9.990021e-01 1.323883e+01
9.989848e-01 -2.731832e-03 4.496564e-02 -7.789504e-02 3.092474e-03 9.999636e-01 -7.952790e-03 -3.393107e-01 -4.494228e-02 8.083772e-03 9.989569e-01 1.332456e+01
9.990067e-01 -4.201444e-03 4.436159e-02 -6.755087e-02 4.627364e-03 9.999441e-01 -9.502774e-03 -3.426918e-01 -4.431919e-02 9.698612e-03 9.989703e-01 1.341228e+01
9.991195e-01 -4.050526e-03 4.175814e-02 -5.715594e-02 4.489680e-03 9.999355e-01 -1.042820e-02 -3.461503e-01 -4.171321e-02 1.060650e-02 9.990733e-01 1.349586e+01
9.992586e-01 -4.601549e-03 3.822478e-02 -5.685789e-02 5.034808e-03 9.999241e-01 -1.124598e-02 -3.473118e-01 -3.817013e-02 1.143009e-02 9.992059e-01 1.357490e+01
9.994186e-01 -3.252308e-03 3.394020e-02 -7.202766e-02 3.667916e-03 9.999190e-01 -1.219023e-02 -3.499839e-01 -3.389780e-02 1.230764e-02 9.993495e-01 1.366210e+01
9.995977e-01 -2.777156e-03 2.822591e-02 -8.801739e-02 3.146485e-03 9.999099e-01 -1.304875e-02 -3.517300e-01 -2.818713e-02 1.313231e-02 9.995164e-01 1.374089e+01
9.997631e-01 -3.345148e-03 2.150560e-02 -9.672876e-02 3.638457e-03 9.999007e-01 -1.361411e-02 -3.533313e-01 -2.145792e-02 1.368913e-02 9.996760e-01 1.381971e+01
9.998980e-01 -2.658101e-03 1.403596e-02 -1.118809e-01 2.856612e-03 9.998959e-01 -1.414194e-02 -3.545752e-01 -1.399690e-02 1.418059e-02 9.998015e-01 1.390697e+01
9.999790e-01 -3.100401e-03 5.698387e-03 -1.293169e-01 3.185799e-03 9.998818e-01 -1.503893e-02 -3.536676e-01 -5.651087e-03 1.505676e-02 9.998707e-01 1.400194e+01
9.999849e-01 -3.135429e-03 -4.514443e-03 -1.306382e-01 3.062164e-03 9.998650e-01 -1.614549e-02 -3.547940e-01 4.564457e-03 1.613142e-02 9.998595e-01 1.411544e+01
9.998369e-01 -4.229498e-03 -1.755973e-02 -1.328039e-01 3.919797e-03 9.998368e-01 -1.763410e-02 -3.553690e-01 1.763145e-02 1.756240e-02 9.996903e-01 1.424280e+01
9.994303e-01 -5.024883e-03 -3.337491e-02 -1.414295e-01 4.378153e-03 9.998018e-01 -1.942262e-02 -3.574953e-01 3.346589e-02 1.926543e-02 9.992542e-01 1.436646e+01
9.986009e-01 -4.374973e-03 -5.269816e-02 -1.788375e-01 3.294793e-03 9.997830e-01 -2.056695e-02 -3.604022e-01 5.277671e-02 2.036454e-02 9.983987e-01 1.450387e+01
9.972439e-01 -3.555415e-03 -7.410777e-02 -2.314066e-01 2.046056e-03 9.997891e-01 -2.043307e-02 -3.641406e-01 7.416479e-02 2.022512e-02 9.970409e-01 1.467136e+01
9.952365e-01 -3.451361e-03 -9.742939e-02 -2.668333e-01 1.562049e-03 9.998094e-01 -1.946121e-02 -3.694542e-01 9.747799e-02 1.921632e-02 9.950521e-01 1.487973e+01
9.923207e-01 -2.153232e-03 -1.236732e-01 -3.190529e-01 -7.834505e-05 9.998373e-01 -1.803645e-02 -3.780436e-01 1.236919e-01 1.790763e-02 9.921591e-01 1.511119e+01
9.881787e-01 -1.591436e-03 -1.532984e-01 -3.945243e-01 -9.295319e-04 9.998655e-01 -1.637177e-02 -3.826919e-01 1.533038e-01 1.632073e-02 9.880443e-01 1.534532e+01
9.825705e-01 -8.097687e-04 -1.858887e-01 -4.642235e-01 -1.666521e-03 9.999120e-01 -1.316472e-02 -3.915890e-01 1.858829e-01 1.324505e-02 9.824826e-01 1.561894e+01
9.750210e-01 1.183534e-04 -2.221128e-01 -5.525599e-01 -2.283298e-03 9.999524e-01 -9.490293e-03 -3.959886e-01 2.221011e-01 9.760385e-03 9.749748e-01 1.589215e+01
9.652670e-01 1.182208e-03 -2.612626e-01 -6.519104e-01 -2.386347e-03 9.999879e-01 -4.291727e-03 -4.034178e-01 2.612544e-01 4.766126e-03 9.652582e-01 1.613587e+01
9.532463e-01 5.776268e-03 -3.021393e-01 -7.933318e-01 -6.065013e-03 9.999816e-01 -1.750808e-05 -4.025622e-01 3.021337e-01 1.849169e-03 9.532638e-01 1.640380e+01
9.390533e-01 9.463700e-03 -3.436413e-01 -9.525860e-01 -8.561165e-03 9.999548e-01 4.143510e-03 -4.054535e-01 3.436650e-01 -9.490064e-04 9.390918e-01 1.667432e+01
9.223701e-01 1.139423e-02 -3.861394e-01 -1.124742e+00 -8.530883e-03 9.999219e-01 9.128078e-03 -4.066735e-01 3.862132e-01 -5.125356e-03 9.223953e-01 1.693542e+01
9.030037e-01 1.521492e-02 -4.293632e-01 -1.311793e+00 -9.064659e-03 9.998250e-01 1.636571e-02 -4.100578e-01 4.295371e-01 -1.088627e-02 9.029836e-01 1.720030e+01
8.810221e-01 1.945192e-02 -4.726751e-01 -1.508276e+00 -9.990028e-03 9.996965e-01 2.251987e-02 -4.108262e-01 4.729696e-01 -1.511847e-02 8.809490e-01 1.746945e+01
8.563215e-01 2.385427e-02 -5.158919e-01 -1.744787e+00 -1.181395e-02 9.995761e-01 2.660948e-02 -4.087115e-01 5.163080e-01 -1.669155e-02 8.562403e-01 1.773094e+01
8.284614e-01 2.783135e-02 -5.593542e-01 -2.011212e+00 -1.355768e-02 9.994684e-01 2.964944e-02 -4.063804e-01 5.598821e-01 -1.697987e-02 8.283983e-01 1.798873e+01
7.979003e-01 3.080949e-02 -6.020015e-01 -2.264423e+00 -1.541468e-02 9.994092e-01 3.071738e-02 -3.959730e-01 6.025923e-01 -1.522975e-02 7.979039e-01 1.822597e+01
7.644876e-01 3.400315e-02 -6.437411e-01 -2.567704e+00 -1.648669e-02 9.993125e-01 3.320575e-02 -3.879113e-01 6.444276e-01 -1.477222e-02 7.645226e-01 1.845794e+01
7.282175e-01 3.746087e-02 -6.843215e-01 -2.889124e+00 -1.741378e-02 9.991940e-01 3.616671e-02 -3.714103e-01 6.851248e-01 -1.442061e-02 7.282829e-01 1.868125e+01
6.897373e-01 3.845465e-02 -7.230378e-01 -3.206182e+00 -1.501645e-02 9.991336e-01 3.881391e-02 -3.584992e-01 7.239039e-01 -1.591394e-02 6.897172e-01 1.891087e+01
6.487342e-01 3.898157e-02 -7.600161e-01 -3.535515e+00 -1.303371e-02 9.991099e-01 4.011950e-02 -3.501268e-01 7.609035e-01 -1.612106e-02 6.486648e-01 1.913776e+01
6.060322e-01 3.792167e-02 -7.945356e-01 -3.898802e+00 -8.034544e-03 9.991038e-01 4.155697e-02 -3.383641e-01 7.953995e-01 -1.880113e-02 6.057938e-01 1.937487e+01
5.618184e-01 3.800153e-02 -8.263873e-01 -4.286684e+00 -3.067043e-03 9.990332e-01 4.385555e-02 -3.302027e-01 8.272549e-01 -2.210429e-02 5.613918e-01 1.961369e+01
5.150827e-01 3.930263e-02 -8.562389e-01 -4.717474e+00 -1.560715e-03 9.989895e-01 4.491622e-02 -3.105613e-01 8.571390e-01 -2.179923e-02 5.146236e-01 1.980233e+01
4.659090e-01 3.856870e-02 -8.839917e-01 -5.157509e+00 1.941231e-04 9.990451e-01 4.369081e-02 -2.886858e-01 8.848326e-01 -2.052755e-02 4.654566e-01 1.996892e+01
4.138407e-01 3.814881e-02 -9.095496e-01 -5.648852e+00 4.198033e-03 9.990310e-01 4.381197e-02 -2.727461e-01 9.103396e-01 -2.194950e-02 4.132795e-01 2.015110e+01
3.605809e-01 3.707997e-02 -9.319906e-01 -6.157806e+00 9.630795e-03 9.990082e-01 4.347240e-02 -2.565589e-01 9.326782e-01 -2.465113e-02 3.598662e-01 2.031007e+01
3.075055e-01 3.704192e-02 -9.508250e-01 -6.677209e+00 1.176408e-02 9.990177e-01 4.272400e-02 -2.413137e-01 9.514736e-01 -2.432345e-02 3.067676e-01 2.041972e+01
2.541428e-01 4.152094e-02 -9.662750e-01 -7.253633e+00 1.205857e-02 9.988644e-01 4.609286e-02 -2.086135e-01 9.670915e-01 -2.336606e-02 2.533535e-01 2.051942e+01
2.032362e-01 4.638269e-02 -9.780305e-01 -7.837376e+00 1.516452e-02 9.986084e-01 5.050980e-02 -1.840961e-01 9.790123e-01 -2.509678e-02 2.022500e-01 2.061092e+01
1.549635e-01 4.869450e-02 -9.867194e-01 -8.411146e+00 2.049403e-02 9.984111e-01 5.249006e-02 -1.689869e-01 9.877076e-01 -2.835590e-02 1.537193e-01 2.069760e+01
1.093981e-01 4.985796e-02 -9.927468e-01 -9.035711e+00 2.265389e-02 9.983568e-01 5.263610e-02 -1.508834e-01 9.937398e-01 -2.824787e-02 1.080888e-01 2.074867e+01
6.998784e-02 4.842232e-02 -9.963719e-01 -9.650178e+00 2.340804e-02 9.984664e-01 5.016836e-02 -1.278524e-01 9.972732e-01 -2.683429e-02 6.874703e-02 2.076886e+01
3.374636e-02 4.489235e-02 -9.984217e-01 -1.030504e+01 1.934720e-02 9.987741e-01 4.556213e-02 -9.626232e-02 9.992431e-01 -2.085423e-02 3.283645e-02 2.076480e+01
5.880761e-03 4.423011e-02 -9.990041e-01 -1.096769e+01 1.728147e-02 9.988676e-01 4.432580e-02 -6.287670e-02 9.998334e-01 -1.752493e-02 5.109741e-03 2.075053e+01
-1.578369e-02 4.796543e-02 -9.987243e-01 -1.169132e+01 1.596120e-02 9.987335e-01 4.771363e-02 -3.685713e-02 9.997480e-01 -1.518774e-02 -1.652928e-02 2.072480e+01
-2.916372e-02 5.354135e-02 -9.981397e-01 -1.241648e+01 1.744604e-02 9.984396e-01 5.304769e-02 -8.803377e-03 9.994224e-01 -1.586652e-02 -3.005229e-02 2.069649e+01
-3.725820e-02 5.634448e-02 -9.977160e-01 -1.315781e+01 1.908255e-02 9.982672e-01 5.566300e-02 1.514833e-02 9.991235e-01 -1.696506e-02 -3.826884e-02 2.066626e+01
-4.164696e-02 5.399363e-02 -9.976724e-01 -1.392140e+01 1.965020e-02 9.983899e-01 5.321218e-02 3.914339e-02 9.989391e-01 -1.738834e-02 -4.264089e-02 2.063581e+01
-4.082745e-02 4.967685e-02 -9.979305e-01 -1.469870e+01 2.717255e-02 9.984491e-01 4.859098e-02 7.612166e-02 9.987967e-01 -2.513247e-02 -4.211397e-02 2.061778e+01
-3.729146e-02 4.975102e-02 -9.980652e-01 -1.550817e+01 3.852672e-02 9.980890e-01 4.831270e-02 9.803709e-02 9.985615e-01 -3.665053e-02 -3.913693e-02 2.058862e+01
-3.101614e-02 4.933849e-02 -9.983004e-01 -1.632339e+01 4.117204e-02 9.979963e-01 4.804429e-02 1.317169e-01 9.986705e-01 -3.961192e-02 -3.298536e-02 2.056062e+01
-2.631807e-02 4.691288e-02 -9.985522e-01 -1.717939e+01 3.973018e-02 9.981581e-01 4.584722e-02 1.666345e-01 9.988638e-01 -3.846605e-02 -2.813345e-02 2.052265e+01
-2.222184e-02 4.226138e-02 -9.988594e-01 -1.801700e+01 4.426619e-02 9.981679e-01 4.124732e-02 1.818172e-01 9.987726e-01 -4.329911e-02 -2.405188e-02 2.050478e+01
-2.077926e-02 3.229432e-02 -9.992624e-01 -1.886969e+01 4.141400e-02 9.986481e-01 3.141329e-02 1.992410e-01 9.989260e-01 -4.073070e-02 -2.208861e-02 2.047590e+01
-2.017234e-02 2.392199e-02 -9.995103e-01 -1.976018e+01 3.492079e-02 9.991206e-01 2.320789e-02 2.224536e-01 9.991865e-01 -3.443553e-02 -2.098998e-02 2.044739e+01
-2.060121e-02 2.146718e-02 -9.995573e-01 -2.066655e+01 2.923132e-02 9.993550e-01 2.086036e-02 2.361345e-01 9.993604e-01 -2.878863e-02 -2.121543e-02 2.042062e+01
-2.445140e-02 2.673717e-02 -9.993434e-01 -2.161958e+01 2.043734e-02 9.994467e-01 2.623989e-02 2.507605e-01 9.994921e-01 -1.978232e-02 -2.498431e-02 2.038293e+01
-2.847614e-02 3.439927e-02 -9.990024e-01 -2.257052e+01 1.638139e-02 9.992895e-01 3.394221e-02 2.742393e-01 9.994602e-01 -1.539850e-02 -2.901941e-02 2.035608e+01
-3.377393e-02 4.411126e-02 -9.984556e-01 -2.355480e+01 1.444107e-02 9.989428e-01 4.364430e-02 2.951332e-01 9.993252e-01 -1.294473e-02 -3.437524e-02 2.030845e+01
-3.616831e-02 5.363352e-02 -9.979055e-01 -2.454637e+01 1.345077e-02 9.984945e-01 5.317767e-02 3.349086e-01 9.992552e-01 -1.149925e-02 -3.683527e-02 2.026248e+01
-3.677218e-02 6.118435e-02 -9.974489e-01 -2.555173e+01 1.656380e-02 9.980241e-01 6.060899e-02 3.720701e-01 9.991864e-01 -1.429282e-02 -3.771297e-02 2.024215e+01
-3.920021e-02 6.339057e-02 -9.972186e-01 -2.657280e+01 1.787761e-02 9.978704e-01 6.272924e-02 4.099960e-01 9.990714e-01 -1.536889e-02 -4.025000e-02 2.021438e+01
-4.072560e-02 6.003032e-02 -9.973654e-01 -2.756919e+01 1.739303e-02 9.980849e-01 5.936342e-02 4.572434e-01 9.990190e-01 -1.492960e-02 -4.169172e-02 2.018293e+01
-4.427090e-02 5.592981e-02 -9.974527e-01 -2.859412e+01 7.343147e-03 9.984229e-01 5.565829e-02 4.901713e-01 9.989926e-01 -4.860399e-03 -4.461178e-02 2.010973e+01
-4.899882e-02 5.099656e-02 -9.974961e-01 -2.961254e+01 4.455718e-03 9.986969e-01 5.083908e-02 5.182408e-01 9.987889e-01 -1.953506e-03 -4.916220e-02 2.004590e+01
-5.464204e-02 4.681405e-02 -9.974080e-01 -3.063930e+01 7.223019e-03 9.988927e-01 4.648803e-02 5.512060e-01 9.984799e-01 -4.664096e-03 -5.491968e-02 1.999503e+01
-6.201426e-02 4.443072e-02 -9.970858e-01 -3.167670e+01 3.006322e-03 9.990124e-01 4.432959e-02 5.814060e-01 9.980707e-01 -2.484940e-04 -6.208659e-02 1.991675e+01
-6.829171e-02 4.703083e-02 -9.965562e-01 -3.271364e+01 5.486101e-03 9.988909e-01 4.676506e-02 6.115837e-01 9.976503e-01 -2.273542e-03 -6.847398e-02 1.983942e+01
-7.568778e-02 5.133028e-02 -9.958095e-01 -3.377065e+01 1.876411e-03 9.986797e-01 5.133561e-02 6.399224e-01 9.971298e-01 2.016930e-03 -7.568417e-02 1.975426e+01
-8.268036e-02 5.445655e-02 -9.950872e-01 -3.482184e+01 1.178568e-03 9.985106e-01 5.454597e-02 6.767590e-01 9.965754e-01 3.337103e-03 -8.262140e-02 1.966040e+01
-8.712573e-02 5.634996e-02 -9.946023e-01 -3.586135e+01 -3.537158e-03 9.983751e-01 5.687356e-02 7.133131e-01 9.961910e-01 8.473216e-03 -8.678484e-02 1.955224e+01
-9.142682e-02 5.794409e-02 -9.941245e-01 -3.693291e+01 -6.600502e-03 9.982485e-01 5.879149e-02 7.519399e-01 9.957899e-01 1.193684e-02 -9.088422e-02 1.944796e+01
-9.273059e-02 5.848451e-02 -9.939721e-01 -3.798720e+01 -1.194490e-02 9.981363e-01 5.984390e-02 7.949847e-01 9.956196e-01 1.742226e-02 -9.185918e-02 1.934094e+01
-9.554346e-02 5.847796e-02 -9.937061e-01 -3.905436e+01 -1.232524e-02 9.981269e-01 5.992317e-02 8.334793e-01 9.953490e-01 1.797294e-02 -9.464374e-02 1.923611e+01
-9.764482e-02 5.782326e-02 -9.935401e-01 -4.011856e+01 -1.311613e-02 9.981492e-01 5.938055e-02 8.729700e-01 9.951349e-01 1.882961e-02 -9.670568e-02 1.913862e+01
-9.881622e-02 5.708439e-02 -9.934670e-01 -4.118160e+01 -1.533541e-02 9.981473e-01 5.887867e-02 9.130664e-01 9.949875e-01 2.105339e-02 -9.775774e-02 1.903821e+01
-1.008567e-01 5.628550e-02 -9.933075e-01 -4.226671e+01 -1.642284e-02 9.981682e-01 5.822844e-02 9.534942e-01 9.947654e-01 2.218565e-02 -9.974754e-02 1.893190e+01
-1.020332e-01 5.404035e-02 -9.933121e-01 -4.334554e+01 -2.189578e-02 9.981595e-01 5.655320e-02 9.895984e-01 9.945400e-01 2.751964e-02 -1.006621e-01 1.882214e+01
-1.027223e-01 4.920724e-02 -9.934922e-01 -4.440860e+01 -2.677206e-02 9.982771e-01 5.221234e-02 1.027451e+00 9.943497e-01 3.196121e-02 -1.012280e-01 1.871327e+01
-1.032454e-01 4.811065e-02 -9.934917e-01 -4.549413e+01 -2.938806e-02 9.982459e-01 5.139494e-02 1.066344e+00 9.942217e-01 3.450308e-02 -1.016504e-01 1.860058e+01
-1.018218e-01 5.205751e-02 -9.934397e-01 -4.657945e+01 -2.940249e-02 9.980361e-01 5.531196e-02 1.103639e+00 9.943680e-01 3.484157e-02 -1.000912e-01 1.849036e+01
-1.014207e-01 5.528583e-02 -9.933063e-01 -4.767408e+01 -2.916079e-02 9.978604e-01 5.851675e-02 1.144884e+00 9.944162e-01 3.490041e-02 -9.959156e-02 1.838056e+01
-9.924545e-02 5.551014e-02 -9.935134e-01 -4.876256e+01 -2.733460e-02 9.979139e-01 5.848655e-02 1.182799e+00 9.946875e-01 3.296182e-02 -9.752107e-02 1.826978e+01
-9.745519e-02 5.463571e-02 -9.937391e-01 -4.985491e+01 -2.694211e-02 9.979813e-01 5.751114e-02 1.224535e+00 9.948752e-01 3.237819e-02 -9.578645e-02 1.816489e+01
-9.357364e-02 5.499164e-02 -9.940925e-01 -5.094963e+01 -3.004930e-02 9.978626e-01 5.802873e-02 1.266449e+00 9.951588e-01 3.530175e-02 -9.172117e-02 1.805286e+01
-8.754690e-02 5.546879e-02 -9.946149e-01 -5.204260e+01 -3.546655e-02 9.976419e-01 5.875940e-02 1.311257e+00 9.955288e-01 4.041976e-02 -8.537318e-02 1.795157e+01
-8.263181e-02 5.532175e-02 -9.950435e-01 -5.315015e+01 -3.827125e-02 9.975454e-01 5.863902e-02 1.352900e+00 9.958450e-01 4.292700e-02 -8.031175e-02 1.784603e+01
-7.638066e-02 5.423310e-02 -9.956027e-01 -5.425381e+01 -4.056553e-02 9.975239e-01 5.744986e-02 1.394937e+00 9.962532e-01 4.477521e-02 -7.399154e-02 1.775745e+01
-7.164047e-02 5.356947e-02 -9.959909e-01 -5.537845e+01 -3.933389e-02 9.976282e-01 5.648677e-02 1.433411e+00 9.966546e-01 4.322294e-02 -6.936346e-02 1.766355e+01
-6.676820e-02 5.354908e-02 -9.963305e-01 -5.651042e+01 -3.766742e-02 9.977117e-01 5.614756e-02 1.471155e+00 9.970573e-01 4.127807e-02 -6.459836e-02 1.758379e+01
-6.139090e-02 5.408809e-02 -9.966472e-01 -5.763370e+01 -3.693279e-02 9.977237e-01 5.642147e-02 1.511521e+00 9.974303e-01 4.027273e-02 -5.925353e-02 1.751280e+01
-5.661880e-02 5.587623e-02 -9.968311e-01 -5.877966e+01 -3.512946e-02 9.977029e-01 5.792041e-02 1.546626e+00 9.977776e-01 3.829752e-02 -5.452584e-02 1.743767e+01
-5.166052e-02 5.646044e-02 -9.970674e-01 -5.991651e+01 -3.624220e-02 9.976369e-01 5.837049e-02 1.596851e+00 9.980069e-01 3.915137e-02 -4.949219e-02 1.737020e+01
-4.631960e-02 5.625475e-02 -9.973414e-01 -6.106075e+01 -3.504857e-02 9.977068e-01 5.790312e-02 1.638550e+00 9.983116e-01 3.763744e-02 -4.424174e-02 1.730537e+01
-4.244749e-02 5.204520e-02 -9.977422e-01 -6.220817e+01 -3.441442e-02 9.979735e-01 5.352138e-02 1.682168e+00 9.985058e-01 3.660857e-02 -4.057037e-02 1.724545e+01
-3.798407e-02 4.700622e-02 -9.981721e-01 -6.335917e+01 -3.397457e-02 9.982548e-01 4.830296e-02 1.716167e+00 9.987006e-01 3.574721e-02 -3.632076e-02 1.719177e+01
-3.501138e-02 4.601614e-02 -9.983270e-01 -6.450589e+01 -3.374533e-02 9.983153e-01 4.719905e-02 1.754706e+00 9.988170e-01 3.534138e-02 -3.339956e-02 1.714180e+01
-3.217956e-02 4.803739e-02 -9.983270e-01 -6.566765e+01 -3.196806e-02 9.982838e-01 4.906575e-02 1.791131e+00 9.989707e-01 3.349349e-02 -3.058867e-02 1.709563e+01
-2.968256e-02 4.813946e-02 -9.983995e-01 -6.682668e+01 -3.085486e-02 9.983195e-01 4.905292e-02 1.827360e+00 9.990830e-01 3.226149e-02 -2.814734e-02 1.705550e+01
-2.959287e-02 4.743797e-02 -9.984357e-01 -6.799801e+01 -3.159648e-02 9.983296e-01 4.836943e-02 1.867144e+00 9.990625e-01 3.297844e-02 -2.804457e-02 1.700163e+01
-2.821855e-02 4.812660e-02 -9.984426e-01 -6.915553e+01 -3.202134e-02 9.982842e-01 4.902397e-02 1.901902e+00 9.990888e-01 3.335486e-02 -2.662905e-02 1.695979e+01
-2.828880e-02 4.779310e-02 -9.984566e-01 -7.033300e+01 -3.216622e-02 9.982955e-01 4.869674e-02 1.933307e+00 9.990821e-01 3.349415e-02 -2.670326e-02 1.690759e+01
-2.771906e-02 4.590487e-02 -9.985612e-01 -7.150825e+01 -3.255169e-02 9.983738e-01 4.679986e-02 1.965923e+00 9.990856e-01 3.380210e-02 -2.617971e-02 1.685599e+01
-2.647801e-02 4.453121e-02 -9.986570e-01 -7.267707e+01 -3.097088e-02 9.984912e-01 4.534497e-02 1.996569e+00 9.991695e-01 3.212993e-02 -2.505888e-02 1.682005e+01
-2.756330e-02 4.443801e-02 -9.986318e-01 -7.386784e+01 -2.731139e-02 9.986050e-01 4.519064e-02 2.023503e+00 9.992469e-01 2.851963e-02 -2.631119e-02 1.678078e+01
-2.763220e-02 4.491378e-02 -9.986086e-01 -7.504005e+01 -2.489420e-02 9.986493e-01 4.560445e-02 2.051452e+00 9.993081e-01 2.611971e-02 -2.647679e-02 1.674575e+01
-2.748465e-02 4.758950e-02 -9.984888e-01 -7.621614e+01 -2.472389e-02 9.985282e-01 4.827193e-02 2.079993e+00 9.993164e-01 2.601326e-02 -2.626760e-02 1.670442e+01
-2.822737e-02 5.061527e-02 -9.983192e-01 -7.740151e+01 -2.664290e-02 9.983243e-01 5.136885e-02 2.113717e+00 9.992464e-01 2.804813e-02 -2.683153e-02 1.666315e+01
-2.764584e-02 5.080507e-02 -9.983259e-01 -7.856611e+01 -2.871226e-02 9.982552e-01 5.159658e-02 2.146072e+00 9.992053e-01 3.009062e-02 -2.613887e-02 1.662253e+01
-2.844961e-02 4.873560e-02 -9.984065e-01 -7.974133e+01 -3.015396e-02 9.983143e-01 4.959035e-02 2.178994e+00 9.991403e-01 3.151673e-02 -2.693208e-02 1.658095e+01
-2.887103e-02 4.641036e-02 -9.985052e-01 -8.089452e+01 -2.992374e-02 9.984337e-01 4.727226e-02 2.210809e+00 9.991351e-01 3.124380e-02 -2.743704e-02 1.654505e+01
-2.846514e-02 4.590707e-02 -9.985401e-01 -8.205277e+01 -2.782697e-02 9.985213e-01 4.669947e-02 2.238364e+00 9.992074e-01 2.911565e-02 -2.714560e-02 1.651391e+01
-2.993154e-02 4.727059e-02 -9.984336e-01 -8.323809e+01 -2.600661e-02 9.985061e-01 4.805367e-02 2.267774e+00 9.992136e-01 2.740419e-02 -2.865748e-02 1.647883e+01
-3.008070e-02 4.971548e-02 -9.983103e-01 -8.441895e+01 -2.555839e-02 9.983975e-01 5.048994e-02 2.298815e+00 9.992207e-01 2.703398e-02 -2.876185e-02 1.644341e+01
-2.932649e-02 5.216947e-02 -9.982075e-01 -8.557885e+01 -2.549919e-02 9.982730e-01 5.292204e-02 2.330835e+00 9.992446e-01 2.700550e-02 -2.794557e-02 1.640632e+01
-3.024404e-02 5.214443e-02 -9.981815e-01 -8.675414e+01 -2.624561e-02 9.982526e-01 5.294336e-02 2.369883e+00 9.991979e-01 2.779910e-02 -2.882263e-02 1.636653e+01
-2.952513e-02 5.020975e-02 -9.983022e-01 -8.790133e+01 -2.574899e-02 9.983680e-01 5.097460e-02 2.402922e+00 9.992323e-01 2.721031e-02 -2.818409e-02 1.632539e+01
-3.067817e-02 4.873356e-02 -9.983406e-01 -8.906564e+01 -2.425368e-02 9.984803e-01 4.948568e-02 2.435491e+00 9.992350e-01 2.573156e-02 -2.944958e-02 1.628678e+01
-3.131322e-02 4.951988e-02 -9.982822e-01 -9.022778e+01 -2.245103e-02 9.984851e-01 5.023417e-02 2.466600e+00 9.992574e-01 2.398546e-02 -3.015401e-02 1.625214e+01
-3.031980e-02 5.249141e-02 -9.981610e-01 -9.136241e+01 -2.039181e-02 9.983798e-01 5.312234e-02 2.498776e+00 9.993322e-01 2.196497e-02 -2.920028e-02 1.621968e+01
-3.072780e-02 5.509969e-02 -9.980079e-01 -9.252841e+01 -1.915922e-02 9.982635e-01 5.570370e-02 2.529872e+00 9.993441e-01 2.083270e-02 -2.961877e-02 1.617744e+01
-3.062231e-02 5.695842e-02 -9.979068e-01 -9.368729e+01 -1.996405e-02 9.981410e-01 5.758442e-02 2.566522e+00 9.993316e-01 2.168563e-02 -2.942826e-02 1.613520e+01
-3.002986e-02 5.839165e-02 -9.978420e-01 -9.484231e+01 -2.211696e-02 9.980090e-01 5.906703e-02 2.610443e+00 9.993043e-01 2.384301e-02 -2.867863e-02 1.609016e+01
-3.045181e-02 5.742733e-02 -9.978852e-01 -9.600347e+01 -2.369788e-02 9.980260e-01 5.815861e-02 2.652393e+00 9.992553e-01 2.541880e-02 -2.903080e-02 1.604077e+01
-2.982328e-02 5.378233e-02 -9.981072e-01 -9.713463e+01 -2.600159e-02 9.981717e-01 5.456273e-02 2.691564e+00 9.992169e-01 2.757962e-02 -2.837033e-02 1.599487e+01
-3.024019e-02 5.167246e-02 -9.982061e-01 -9.828246e+01 -2.745448e-02 9.982431e-01 5.250609e-02 2.731494e+00 9.991655e-01 2.899303e-02 -2.876842e-02 1.594681e+01
-3.031070e-02 5.027985e-02 -9.982751e-01 -9.942301e+01 -2.776761e-02 9.983062e-01 5.112452e-02 2.765281e+00 9.991548e-01 2.926933e-02 -2.886321e-02 1.590831e+01
-2.941622e-02 5.049454e-02 -9.982910e-01 -1.005636e+02 -2.649569e-02 9.983329e-01 5.127740e-02 2.797121e+00 9.992160e-01 2.795880e-02 -2.802929e-02 1.587858e+01
-3.048299e-02 5.259861e-02 -9.981504e-01 -1.017195e+02 -2.657093e-02 9.982189e-01 5.341369e-02 2.834679e+00 9.991821e-01 2.814999e-02 -2.903110e-02 1.583825e+01
-2.964288e-02 5.460910e-02 -9.980677e-01 -1.028749e+02 -2.469187e-02 9.981618e-01 5.534760e-02 2.867790e+00 9.992555e-01 2.628482e-02 -2.823999e-02 1.580640e+01
-3.091939e-02 5.367544e-02 -9.980796e-01 -1.040332e+02 -2.846542e-02 9.981047e-01 5.455862e-02 2.910117e+00 9.991165e-01 3.009767e-02 -2.933289e-02 1.576338e+01
-3.187526e-02 5.386419e-02 -9.980394e-01 -1.051923e+02 -3.232656e-02 9.979688e-01 5.489282e-02 2.955700e+00 9.989689e-01 3.401291e-02 -3.006927e-02 1.571498e+01
-3.183081e-02 5.289049e-02 -9.980929e-01 -1.063510e+02 -3.501763e-02 9.979268e-01 5.399846e-02 2.999760e+00 9.988797e-01 3.666966e-02 -2.991272e-02 1.566110e+01
-3.309608e-02 4.915027e-02 -9.982429e-01 -1.075128e+02 -3.563931e-02 9.980968e-01 5.032467e-02 3.035972e+00 9.988165e-01 3.724224e-02 -3.128141e-02 1.560951e+01
-3.419282e-02 4.478535e-02 -9.984113e-01 -1.086827e+02 -3.626995e-02 9.982818e-01 4.602168e-02 3.074345e+00 9.987569e-01 3.778594e-02 -3.250970e-02 1.556070e+01
-3.506605e-02 4.341166e-02 -9.984417e-01 -1.098513e+02 -3.265964e-02 9.984727e-01 4.456004e-02 3.107826e+00 9.988512e-01 3.417129e-02 -3.359468e-02 1.552377e+01
-3.685507e-02 4.316058e-02 -9.983881e-01 -1.110403e+02 -2.752354e-02 9.986440e-01 4.418766e-02 3.135251e+00 9.989415e-01 2.910772e-02 -3.561717e-02 1.547801e+01
-3.692109e-02 4.489082e-02 -9.983094e-01 -1.122303e+02 -2.653284e-02 9.985943e-01 4.588492e-02 3.170855e+00 9.989659e-01 2.818210e-02 -3.567811e-02 1.542817e+01
-3.870465e-02 4.850530e-02 -9.980727e-01 -1.134318e+02 -2.479997e-02 9.984669e-01 4.948618e-02 3.210070e+00 9.989429e-01 2.666752e-02 -3.744238e-02 1.537967e+01
-3.958885e-02 4.893500e-02 -9.980171e-01 -1.146431e+02 -2.229197e-02 9.985082e-01 4.984335e-02 3.250187e+00 9.989674e-01 2.422101e-02 -3.843894e-02 1.532915e+01
-3.984611e-02 4.466237e-02 -9.982072e-01 -1.158601e+02 -2.229272e-02 9.987122e-01 4.557484e-02 3.287879e+00 9.989571e-01 2.406873e-02 -3.879915e-02 1.527354e+01
-4.183498e-02 4.067633e-02 -9.982962e-01 -1.170743e+02 -2.240385e-02 9.988815e-01 4.163904e-02 3.324352e+00 9.988733e-01 2.410765e-02 -4.087688e-02 1.521294e+01
-4.209335e-02 3.912072e-02 -9.983475e-01 -1.183037e+02 -2.111812e-02 9.989751e-01 4.003572e-02 3.351749e+00 9.988905e-01 2.276846e-02 -4.122405e-02 1.515862e+01
-4.339823e-02 4.015992e-02 -9.982504e-01 -1.195502e+02 -2.268547e-02 9.988945e-01 4.117207e-02 3.378218e+00 9.988003e-01 2.443257e-02 -4.243921e-02 1.509526e+01
-4.399421e-02 4.385617e-02 -9.980687e-01 -1.207936e+02 -2.688962e-02 9.986221e-01 4.506576e-02 3.411954e+00 9.986698e-01 2.882032e-02 -4.275432e-02 1.502728e+01
-4.368114e-02 4.681084e-02 -9.979482e-01 -1.220508e+02 -3.203719e-02 9.983223e-01 4.823068e-02 3.446987e+00 9.985317e-01 3.407823e-02 -4.210817e-02 1.495775e+01
-4.417596e-02 4.644070e-02 -9.979438e-01 -1.232954e+02 -3.894267e-02 9.980797e-01 4.817090e-02 3.484087e+00 9.982645e-01 4.099059e-02 -4.228261e-02 1.488164e+01
-4.423461e-02 4.397980e-02 -9.980526e-01 -1.245384e+02 -4.271160e-02 9.980338e-01 4.587199e-02 3.518295e+00 9.981077e-01 4.465756e-02 -4.226919e-02 1.480801e+01
-4.453359e-02 4.242324e-02 -9.981067e-01 -1.257702e+02 -4.470279e-02 9.980126e-01 4.441379e-02 3.548230e+00 9.980072e-01 4.659606e-02 -4.254864e-02 1.473806e+01
-4.582815e-02 4.135865e-02 -9.980928e-01 -1.270117e+02 -4.457903e-02 9.980625e-01 4.340427e-02 3.575656e+00 9.979542e-01 4.648315e-02 -4.389563e-02 1.467241e+01
-4.572954e-02 4.060042e-02 -9.981285e-01 -1.282660e+02 -4.252419e-02 9.981889e-01 4.255114e-02 3.597466e+00 9.980483e-01 4.439044e-02 -4.392022e-02 1.461243e+01
-4.701193e-02 4.074868e-02 -9.980628e-01 -1.295176e+02 -4.267729e-02 9.981733e-01 4.276343e-02 3.623967e+00 9.979822e-01 4.460501e-02 -4.518701e-02 1.454706e+01
-4.795339e-02 4.504416e-02 -9.978334e-01 -1.307620e+02 -4.245658e-02 9.979879e-01 4.709150e-02 3.656003e+00 9.979468e-01 4.462279e-02 -4.594448e-02 1.447881e+01
-4.808238e-02 4.876383e-02 -9.976523e-01 -1.320175e+02 -4.025522e-02 9.979015e-01 5.071613e-02 3.689850e+00 9.980319e-01 4.259926e-02 -4.601848e-02 1.441222e+01
-4.909835e-02 4.773815e-02 -9.976525e-01 -1.332466e+02 -4.022734e-02 9.979521e-01 4.973223e-02 3.724800e+00 9.979835e-01 4.257467e-02 -4.707743e-02 1.433897e+01
-4.890473e-02 4.554583e-02 -9.977645e-01 -1.344755e+02 -4.041213e-02 9.980515e-01 4.753970e-02 3.763256e+00 9.979856e-01 4.264670e-02 -4.696884e-02 1.426595e+01
-4.762911e-02 4.499154e-02 -9.978513e-01 -1.357042e+02 -3.904304e-02 9.981378e-01 4.686805e-02 3.791965e+00 9.981018e-01 4.119143e-02 -4.578380e-02 1.419613e+01
-4.723066e-02 4.409891e-02 -9.979101e-01 -1.369538e+02 -3.931910e-02 9.981686e-01 4.597129e-02 3.820128e+00 9.981099e-01 4.140818e-02 -4.541023e-02 1.412496e+01
-4.586518e-02 4.613785e-02 -9.978816e-01 -1.381983e+02 -3.921588e-02 9.980796e-01 4.794947e-02 3.846583e+00 9.981776e-01 4.133202e-02 -4.396777e-02 1.405487e+01
-4.561074e-02 4.950886e-02 -9.977317e-01 -1.394355e+02 -4.022824e-02 9.978699e-01 5.135473e-02 3.878986e+00 9.981490e-01 4.247932e-02 -4.352193e-02 1.398469e+01
-4.446075e-02 5.072952e-02 -9.977223e-01 -1.406668e+02 -4.156921e-02 9.977510e-01 5.258340e-02 3.910762e+00 9.981459e-01 4.381242e-02 -4.225197e-02 1.391674e+01
-4.311022e-02 4.775852e-02 -9.979282e-01 -1.418855e+02 -4.402657e-02 9.977956e-01 4.965411e-02 3.947446e+00 9.980998e-01 4.607596e-02 -4.091255e-02 1.384707e+01
-4.370601e-02 4.455054e-02 -9.980506e-01 -1.430941e+02 -4.294235e-02 9.979982e-01 4.642870e-02 3.980434e+00 9.981211e-01 4.488785e-02 -4.170541e-02 1.377939e+01
-4.392244e-02 4.317037e-02 -9.981018e-01 -1.443167e+02 -4.046367e-02 9.981692e-01 4.495393e-02 4.006713e+00 9.982152e-01 4.236134e-02 -4.209519e-02 1.371845e+01
-4.359039e-02 4.237997e-02 -9.981502e-01 -1.455534e+02 -3.910945e-02 9.982616e-01 4.409266e-02 4.032830e+00 9.982837e-01 4.095912e-02 -4.185716e-02 1.365691e+01
-4.465113e-02 4.242983e-02 -9.981012e-01 -1.467571e+02 -3.640646e-02 9.983649e-01 4.406972e-02 4.059128e+00 9.983390e-01 3.830509e-02 -4.303340e-02 1.359823e+01
-4.430516e-02 4.160133e-02 -9.981515e-01 -1.479802e+02 -3.425268e-02 9.984819e-01 4.313548e-02 4.078381e+00 9.984307e-01 3.610049e-02 -4.281294e-02 1.353833e+01
-4.513430e-02 4.117034e-02 -9.981322e-01 -1.491922e+02 -3.311023e-02 9.985398e-01 4.268435e-02 4.106451e+00 9.984321e-01 3.497492e-02 -4.370523e-02 1.347298e+01
-4.523590e-02 4.354786e-02 -9.980267e-01 -1.504138e+02 -3.094415e-02 9.985089e-01 4.497145e-02 4.131948e+00 9.984970e-01 3.291741e-02 -4.382090e-02 1.340820e+01
-4.488550e-02 4.506272e-02 -9.979753e-01 -1.516178e+02 -2.767771e-02 9.985425e-01 4.633318e-02 4.159983e+00 9.986087e-01 2.970136e-02 -4.357284e-02 1.334623e+01
-4.572610e-02 4.377465e-02 -9.979944e-01 -1.528210e+02 -2.572546e-02 9.986565e-01 4.498238e-02 4.185409e+00 9.986227e-01 2.773074e-02 -4.453854e-02 1.328640e+01
-4.609810e-02 4.359340e-02 -9.979853e-01 -1.540345e+02 -2.609360e-02 9.986539e-01 4.482790e-02 4.216119e+00 9.985961e-01 2.810751e-02 -4.489854e-02 1.322305e+01
-4.540317e-02 4.823907e-02 -9.978034e-01 -1.552643e+02 -2.674657e-02 9.984166e-01 4.948578e-02 4.243114e+00 9.986106e-01 2.893463e-02 -4.404105e-02 1.315618e+01
-4.551551e-02 5.375981e-02 -9.975160e-01 -1.564829e+02 -3.011457e-02 9.980232e-01 5.516124e-02 4.281993e+00 9.985096e-01 3.255045e-02 -4.380659e-02 1.308434e+01
-4.367255e-02 5.389526e-02 -9.975911e-01 -1.577004e+02 -3.505588e-02 9.978462e-01 5.544372e-02 4.321691e+00 9.984307e-01 3.739280e-02 -4.168914e-02 1.301685e+01
-4.308779e-02 4.976066e-02 -9.978313e-01 -1.589107e+02 -3.806525e-02 9.979519e-01 5.141039e-02 4.360104e+00 9.983459e-01 4.019786e-02 -4.110539e-02 1.294823e+01
-4.200554e-02 4.463267e-02 -9.981200e-01 -1.601005e+02 -4.110833e-02 9.980785e-01 4.636084e-02 4.392162e+00 9.982713e-01 4.297846e-02 -4.009005e-02 1.287749e+01
-4.097859e-02 4.208724e-02 -9.982732e-01 -1.612735e+02 -4.308996e-02 9.981085e-01 4.384912e-02 4.425078e+00 9.982304e-01 4.481242e-02 -3.908754e-02 1.281190e+01
-4.075146e-02 3.922560e-02 -9.983991e-01 -1.624792e+02 -3.839633e-02 9.984296e-01 4.079401e-02 4.444934e+00 9.984313e-01 3.999727e-02 -3.918134e-02 1.275721e+01
-4.080797e-02 3.496173e-02 -9.985551e-01 -1.636788e+02 -3.455439e-02 9.987404e-01 3.638036e-02 4.466413e+00 9.985693e-01 3.598907e-02 -3.954849e-02 1.270758e+01
-4.058376e-02 3.243366e-02 -9.986496e-01 -1.648953e+02 -2.912354e-02 9.990100e-01 3.362890e-02 4.479766e+00 9.987516e-01 3.044900e-02 -3.959900e-02 1.266200e+01
-4.202445e-02 3.461189e-02 -9.985169e-01 -1.660906e+02 -2.597211e-02 9.990242e-01 3.572256e-02 4.495980e+00 9.987790e-01 2.743481e-02 -4.108450e-02 1.260668e+01
-4.083261e-02 4.086291e-02 -9.983301e-01 -1.673141e+02 -2.566638e-02 9.987908e-01 4.193155e-02 4.517153e+00 9.988363e-01 2.733569e-02 -3.973443e-02 1.255367e+01
-3.987359e-02 4.372085e-02 -9.982478e-01 -1.685088e+02 -2.640136e-02 9.986474e-01 4.479291e-02 4.541619e+00 9.988559e-01 2.814115e-02 -3.866537e-02 1.249848e+01
-3.860589e-02 4.132556e-02 -9.983996e-01 -1.696925e+02 -2.870526e-02 9.986863e-01 4.244739e-02 4.565471e+00 9.988421e-01 3.029804e-02 -3.736891e-02 1.244051e+01
-3.775981e-02 4.036105e-02 -9.984714e-01 -1.709006e+02 -3.032888e-02 9.986774e-01 4.151634e-02 4.594426e+00 9.988265e-01 3.185017e-02 -3.648577e-02 1.238479e+01
-3.823768e-02 4.136534e-02 -9.984121e-01 -1.720825e+02 -2.871962e-02 9.986846e-01 4.247655e-02 4.616628e+00 9.988559e-01 3.029823e-02 -3.699938e-02 1.233465e+01
-3.817494e-02 3.994218e-02 -9.984725e-01 -1.732601e+02 -2.813054e-02 9.987619e-01 4.102928e-02 4.635272e+00 9.988750e-01 2.965386e-02 -3.700407e-02 1.228660e+01
-3.660860e-02 3.842863e-02 -9.985905e-01 -1.744337e+02 -2.892793e-02 9.988009e-01 3.949723e-02 4.653696e+00 9.989109e-01 3.033309e-02 -3.545304e-02 1.223315e+01
-3.609683e-02 3.954096e-02 -9.985657e-01 -1.755705e+02 -2.966511e-02 9.987342e-01 4.061999e-02 4.671452e+00 9.989079e-01 3.108881e-02 -3.487815e-02 1.218094e+01
-3.450764e-02 4.148699e-02 -9.985430e-01 -1.766855e+02 -2.959033e-02 9.986576e-01 4.251433e-02 4.682845e+00 9.989663e-01 3.101428e-02 -3.323371e-02 1.213396e+01
-3.504649e-02 4.279243e-02 -9.984691e-01 -1.777701e+02 -2.990714e-02 9.985905e-01 4.384738e-02 4.694930e+00 9.989381e-01 3.139805e-02 -3.371730e-02 1.208499e+01
-3.524550e-02 4.368380e-02 -9.984235e-01 -1.788283e+02 -3.027097e-02 9.985392e-01 4.475746e-02 4.711607e+00 9.989201e-01 3.180074e-02 -3.387166e-02 1.203836e+01
-3.512479e-02 4.471869e-02 -9.983819e-01 -1.798604e+02 -2.890831e-02 9.985349e-01 4.574258e-02 4.723242e+00 9.989647e-01 3.046823e-02 -3.378059e-02 1.199985e+01
-3.585274e-02 4.389499e-02 -9.983926e-01 -1.808642e+02 -2.880909e-02 9.985743e-01 4.493753e-02 4.737357e+00 9.989417e-01 3.037391e-02 -3.453705e-02 1.195234e+01
-3.452046e-02 4.364457e-02 -9.984505e-01 -1.818437e+02 -2.928389e-02 9.985728e-01 4.466237e-02 4.751826e+00 9.989749e-01 3.078028e-02 -3.319311e-02 1.191106e+01
-3.449552e-02 4.394736e-02 -9.984381e-01 -1.827859e+02 -2.933774e-02 9.985576e-01 4.496622e-02 4.768181e+00 9.989742e-01 3.084305e-02 -3.315645e-02 1.186613e+01
-3.586131e-02 4.272719e-02 -9.984430e-01 -1.837253e+02 -2.793917e-02 9.986522e-01 4.373964e-02 4.778329e+00 9.989661e-01 2.946423e-02 -3.461922e-02 1.182358e+01
-3.899160e-02 4.031132e-02 -9.984261e-01 -1.846485e+02 -2.548386e-02 9.988208e-01 4.132248e-02 4.785342e+00 9.989145e-01 2.705498e-02 -3.791833e-02 1.177780e+01
-4.458568e-02 3.673325e-02 -9.983300e-01 -1.855670e+02 -2.499509e-02 9.989699e-01 3.787309e-02 4.796395e+00 9.986928e-01 2.664195e-02 -4.362160e-02 1.172339e+01
-4.981316e-02 3.343415e-02 -9.981988e-01 -1.864794e+02 -2.676304e-02 9.990360e-01 3.479775e-02 4.811990e+00 9.983999e-01 2.844822e-02 -4.887033e-02 1.166402e+01
-5.352619e-02 3.223354e-02 -9.980461e-01 -1.873878e+02 -2.834911e-02 9.990270e-01 3.378561e-02 4.825250e+00 9.981640e-01 3.010213e-02 -5.256032e-02 1.160302e+01
-5.762092e-02 3.254215e-02 -9.978080e-01 -1.883089e+02 -3.010019e-02 9.989576e-01 3.431786e-02 4.837406e+00 9.978847e-01 3.201164e-02 -5.658133e-02 1.153896e+01
-5.981840e-02 3.406486e-02 -9.976279e-01 -1.892111e+02 -2.890694e-02 9.989393e-01 3.584292e-02 4.847067e+00 9.977906e-01 3.098244e-02 -5.877024e-02 1.148647e+01
-6.304447e-02 3.589061e-02 -9.973652e-01 -1.900998e+02 -2.602708e-02 9.989541e-01 3.759299e-02 4.853997e+00 9.976713e-01 2.832853e-02 -6.204441e-02 1.142843e+01
-6.487033e-02 3.642184e-02 -9.972288e-01 -1.909998e+02 -2.420049e-02 9.989824e-01 3.806014e-02 4.865094e+00 9.976002e-01 2.660240e-02 -6.392289e-02 1.136600e+01
-6.554838e-02 3.551854e-02 -9.972170e-01 -1.918963e+02 -2.441761e-02 9.990099e-01 3.718740e-02 4.873181e+00 9.975506e-01 2.678724e-02 -6.461621e-02 1.130810e+01
-6.682693e-02 3.403663e-02 -9.971839e-01 -1.927903e+02 -2.638598e-02 9.990082e-01 3.586717e-02 4.885749e+00 9.974156e-01 2.870856e-02 -6.586256e-02 1.123567e+01
-6.630788e-02 3.270359e-02 -9.972631e-01 -1.936799e+02 -2.964298e-02 9.989570e-01 3.473009e-02 4.901580e+00 9.973588e-01 3.186473e-02 -6.526929e-02 1.117425e+01
-6.626831e-02 3.086667e-02 -9.973243e-01 -1.945776e+02 -3.204435e-02 9.989400e-01 3.304590e-02 4.910408e+00 9.972872e-01 3.414851e-02 -6.520896e-02 1.110800e+01
-6.557140e-02 2.818804e-02 -9.974497e-01 -1.954682e+02 -3.250026e-02 9.990102e-01 3.036867e-02 4.920839e+00 9.973185e-01 3.440869e-02 -6.459038e-02 1.104098e+01
