1.000000e+00 0.000000e+00 0.000000e+00 0.000000e+00 0.000000e+00 1.000000e+00 0.000000e+00 0.000000e+00 0.000000e+00 0.000000e+00 1.000000e+00 0.000000e+00
9.999403e-01 -2.905175e-03 1.053604e-02 2.110983e-02 2.892858e-03 9.999951e-01 1.184057e-03 -9.565664e-03 -1.053942e-02 -1.153507e-03 9.999438e-01 2.685731e-01
9.998513e-01 -5.216691e-03 1.643954e-02 3.948914e-02 5.198775e-03 9.999858e-01 1.132365e-03 -1.657552e-02 -1.644521e-02 -1.046731e-03 9.998642e-01 5.290678e-01
9.998033e-01 -7.811772e-03 1.822777e-02 5.707197e-02 7.815027e-03 9.999695e-01 -1.073386e-04 -2.220284e-02 -1.822637e-02 2.497680e-04 9.998339e-01 8.067346e-01
9.998298e-01 -9.458989e-03 1.583921e-02 6.780519e-02 9.487480e-03 9.999535e-01 -1.724578e-03 -2.681649e-02 -1.582216e-02 1.874559e-03 9.998731e-01 1.080958e+00
9.998884e-01 -1.223303e-02 8.570120e-03 6.703633e-02 1.226071e-02 9.999198e-01 -3.184874e-03 -3.016481e-02 -8.530472e-03 3.289594e-03 9.999582e-01 1.374476e+00
9.998977e-01 -1.368907e-02 -4.136076e-03 5.907389e-02 1.366888e-02 9.998947e-01 -4.871684e-03 -3.942717e-02 4.202329e-03 4.814650e-03 9.999796e-01 1.660501e+00
9.997058e-01 -1.313254e-02 -2.039483e-02 3.712489e-02 1.302903e-02 9.999016e-01 -5.199876e-03 -4.815443e-02 2.046111e-02 4.932621e-03 9.997785e-01 1.949155e+00
9.991604e-01 -9.485361e-03 -3.985577e-02 -4.570094e-04 9.275519e-03 9.999421e-01 -5.446653e-03 -5.668407e-02 3.990513e-02 5.072397e-03 9.991906e-01 2.261687e+00
9.981866e-01 -6.132355e-03 -5.988223e-02 -4.116412e-02 5.739726e-03 9.999609e-01 -6.726496e-03 -6.338728e-02 5.992114e-02 6.370591e-03 9.981828e-01 2.575764e+00
9.967279e-01 -5.760550e-03 -8.062395e-02 -8.779576e-02 5.195177e-03 9.999604e-01 -7.220484e-03 -6.898911e-02 8.066235e-02 6.778002e-03 9.967184e-01 2.876711e+00
9.947489e-01 -7.048506e-03 -1.021024e-01 -1.318631e-01 6.406432e-03 9.999576e-01 -6.615080e-03 -7.600047e-02 1.021447e-01 5.926232e-03 9.947519e-01 3.221996e+00
9.924780e-01 -8.521421e-03 -1.221263e-01 -1.777213e-01 7.878476e-03 9.999525e-01 -5.746525e-03 -8.605718e-02 1.221695e-01 4.741130e-03 9.924979e-01 3.576827e+00
9.901507e-01 -7.848287e-03 -1.397855e-01 -2.413933e-01 7.194694e-03 9.999607e-01 -5.180414e-03 -9.504970e-02 1.398206e-01 4.123677e-03 9.901683e-01 3.935821e+00
9.877026e-01 -7.136687e-03 -1.561812e-01 -3.129805e-01 6.509982e-03 9.999686e-01 -4.523820e-03 -1.045223e-01 1.562086e-01 3.451452e-03 9.877181e-01 4.316978e+00
9.854710e-01 -6.730498e-03 -1.697102e-01 -3.876748e-01 6.021484e-03 9.999709e-01 -4.692136e-03 -1.133058e-01 1.697368e-01 3.602057e-03 9.854828e-01 4.697075e+00
9.830997e-01 -8.418353e-03 -1.828771e-01 -4.644932e-01 7.516913e-03 9.999559e-01 -5.621845e-03 -1.234407e-01 1.829163e-01 4.152164e-03 9.831197e-01 5.106108e+00
9.811485e-01 -1.171443e-02 -1.929002e-01 -5.436156e-01 1.045298e-02 9.999168e-01 -7.555875e-03 -1.369157e-01 1.929726e-01 5.397053e-03 9.811893e-01 5.535705e+00
9.794746e-01 -1.132251e-02 -2.012493e-01 -6.356641e-01 9.605780e-03 9.999087e-01 -9.504908e-03 -1.462874e-01 2.013385e-01 7.376660e-03 9.794939e-01 5.960505e+00
9.776552e-01 -1.127731e-02 -2.099120e-01 -7.450173e-01 9.090019e-03 9.998939e-01 -1.138197e-02 -1.537750e-01 2.100181e-01 9.219542e-03 9.776540e-01 6.406035e+00
9.759322e-01 -1.220506e-02 -2.177325e-01 -8.547174e-01 9.333651e-03 9.998554e-01 -1.421139e-02 -1.655844e-01 2.178744e-01 1.183712e-02 9.759050e-01 6.862745e+00
9.739619e-01 -1.631561e-02 -2.261239e-01 -9.616912e-01 1.301417e-02 9.997860e-01 -1.608328e-02 -1.794502e-01 2.263379e-01 1.272169e-02 9.739658e-01 7.344360e+00
9.719951e-01 -2.202370e-02 -2.339669e-01 -1.073099e+00 1.853149e-02 9.996818e-01 -1.711427e-02 -1.974484e-01 2.342693e-01 1.229924e-02 9.720939e-01 7.833741e+00
9.698374e-01 -2.290049e-02 -2.426746e-01 -1.204100e+00 1.885829e-02 9.996422e-01 -1.896707e-02 -2.194088e-01 2.430221e-01 1.381854e-02 9.699223e-01 8.333366e+00
9.676375e-01 -1.976465e-02 -2.515693e-01 -1.361576e+00 1.428634e-02 9.996198e-01 -2.358451e-02 -2.311156e-01 2.519398e-01 1.922725e-02 9.675519e-01 8.840000e+00
9.654226e-01 -1.725220e-02 -2.601185e-01 -1.518964e+00 1.068926e-02 9.995884e-01 -2.662418e-02 -2.516063e-01 2.604708e-01 2.292310e-02 9.652096e-01 9.355596e+00
9.628263e-01 -1.992343e-02 -2.693857e-01 -1.675750e+00 1.273179e-02 9.995151e-01 -2.841752e-02 -2.748635e-01 2.698212e-01 2.393137e-02 9.626130e-01 9.893676e+00
9.603656e-01 -2.206679e-02 -2.778686e-01 -1.837493e+00 1.426861e-02 9.994464e-01 -3.005553e-02 -3.042342e-01 2.783780e-01 2.489950e-02 9.601488e-01 1.044989e+01
9.580542e-01 -2.217705e-02 -2.857277e-01 -2.017027e+00 1.341282e-02 9.993787e-01 -3.259420e-02 -3.304497e-01 2.862730e-01 2.739459e-02 9.577564e-01 1.099524e+01
9.555293e-01 -2.188137e-02 -2.940834e-01 -2.211897e+00 1.173249e-02 9.992746e-01 -3.623039e-02 -3.577699e-01 2.946628e-01 3.116886e-02 9.550928e-01 1.156745e+01
9.531471e-01 -2.322541e-02 -3.016142e-01 -2.405368e+00 1.138281e-02 9.990958e-01 -4.096265e-02 -3.898521e-01 3.022929e-01 3.561021e-02 9.525497e-01 1.212737e+01
9.509447e-01 -2.446808e-02 -3.083917e-01 -2.608385e+00 1.015838e-02 9.987994e-01 -4.792168e-02 -4.298048e-01 3.091940e-01 4.243811e-02 9.500516e-01 1.271819e+01
9.495110e-01 -2.514286e-02 -3.127245e-01 -2.823374e+00 7.996200e-03 9.983992e-01 -5.599220e-02 -4.694587e-01 3.136317e-01 5.066461e-02 9.481921e-01 1.332191e+01
9.482308e-01 -2.571532e-02 -3.165391e-01 -3.039555e+00 5.526341e-03 9.979015e-01 -6.451370e-02 -5.146993e-01 3.175338e-01 5.942458e-02 9.463831e-01 1.391924e+01
9.465774e-01 -2.534723e-02 -3.214791e-01 -3.271602e+00 1.803664e-03 9.973067e-01 -7.332251e-02 -5.638846e-01 3.224718e-01 6.882559e-02 9.440736e-01 1.453776e+01
9.452692e-01 -2.484434e-02 -3.253442e-01 -3.507120e+00 -1.417349e-03 9.967750e-01 -8.023499e-02 -6.247248e-01 3.262883e-01 7.630479e-02 9.421855e-01 1.516811e+01
9.433639e-01 -2.370529e-02 -3.309117e-01 -3.757249e+00 -5.362737e-03 9.962240e-01 -8.665392e-02 -6.865063e-01 3.317163e-01 8.352077e-02 9.396747e-01 1.579048e+01
9.417185e-01 -2.285818e-02 -3.356245e-01 -4.012577e+00 -8.773476e-03 9.956806e-01 -9.242948e-02 -7.590561e-01 3.362875e-01 8.998714e-02 9.374503e-01 1.643515e+01
9.400236e-01 -2.084103e-02 -3.404722e-01 -4.277554e+00 -1.327746e-02 9.951398e-01 -9.757292e-02 -8.342087e-01 3.408510e-01 9.624145e-02 9.351782e-01 1.708665e+01
9.378328e-01 -1.832200e-02 -3.466035e-01 -4.551436e+00 -1.781935e-02 9.947472e-01 -1.007991e-01 -9.118209e-01 3.466297e-01 1.007090e-01 9.325800e-01 1.775129e+01
9.358926e-01 -1.724767e-02 -3.518630e-01 -4.820118e+00 -2.013866e-02 9.945481e-01 -1.023162e-01 -9.892256e-01 3.517093e-01 1.028430e-01 9.304428e-01 1.840211e+01
9.335177e-01 -1.690902e-02 -3.581323e-01 -5.105712e+00 -2.089048e-02 9.946249e-01 -1.014144e-01 -1.078840e+00 3.579221e-01 1.021537e-01 9.281468e-01 1.909433e+01
9.310252e-01 -1.694246e-02 -3.645615e-01 -5.400062e+00 -2.114018e-02 9.947410e-01 -1.002174e-01 -1.165613e+00 3.643422e-01 1.010118e-01 9.257707e-01 1.979928e+01
9.283646e-01 -1.693802e-02 -3.712847e-01 -5.697498e+00 -2.123225e-02 9.949128e-01 -9.847729e-02 -1.253334e+00 3.710639e-01 9.930603e-02 9.232821e-01 2.050311e+01
9.253445e-01 -1.664680e-02 -3.787618e-01 -5.997316e+00 -2.113787e-02 9.952163e-01 -9.538181e-02 -1.338317e+00 3.785377e-01 9.626725e-02 9.205660e-01 2.119344e+01
9.208971e-01 -1.454619e-02 -3.895344e-01 -6.333315e+00 -2.246574e-02 9.956619e-01 -9.029169e-02 -1.424868e+00 3.891579e-01 9.190053e-02 9.165754e-01 2.195489e+01
9.174292e-01 -1.188450e-02 -3.977216e-01 -6.650128e+00 -2.393786e-02 9.960949e-01 -8.498251e-02 -1.507551e+00 3.971784e-01 8.748604e-02 9.135620e-01 2.265071e+01
9.135201e-01 -8.911822e-03 -4.066960e-01 -6.988573e+00 -2.651458e-02 9.963296e-01 -8.138934e-02 -1.587180e+00 4.059286e-01 8.513417e-02 9.099309e-01 2.338116e+01
9.095827e-01 -8.002110e-03 -4.154459e-01 -7.328630e+00 -2.767128e-02 9.964286e-01 -7.977656e-02 -1.666360e+00 4.146006e-01 8.405930e-02 9.061128e-01 2.411492e+01
9.048216e-01 -7.706927e-03 -4.257211e-01 -7.691221e+00 -2.863198e-02 9.964718e-01 -7.889336e-02 -1.747921e+00 4.248271e-01 8.357365e-02 9.014086e-01 2.486810e+01
9.006467e-01 -7.598256e-03 -4.344857e-01 -8.053502e+00 -2.922535e-02 9.965242e-01 -7.800847e-02 -1.822123e+00 4.335683e-01 8.295606e-02 8.972942e-01 2.560190e+01
8.959039e-01 -7.061865e-03 -4.441918e-01 -8.438969e+00 -2.992925e-02 9.966425e-01 -7.621006e-02 -1.899445e+00 4.432386e-01 8.157122e-02 8.926845e-01 2.636230e+01
8.918031e-01 -7.709163e-03 -4.523580e-01 -8.833261e+00 -2.885907e-02 9.968493e-01 -7.388282e-02 -1.978421e+00 4.515023e-01 7.894356e-02 8.887708e-01 2.713308e+01
8.879481e-01 -7.389045e-03 -4.598843e-01 -9.230770e+00 -2.792052e-02 9.971610e-01 -6.993071e-02 -2.054335e+00 4.590955e-01 7.493505e-02 8.852209e-01 2.790812e+01
8.838167e-01 -5.887235e-03 -4.677962e-01 -9.646393e+00 -2.764015e-02 9.975170e-01 -6.477488e-02 -2.125539e+00 4.670161e-01 7.017908e-02 8.814595e-01 2.870900e+01
8.799740e-01 -6.044085e-03 -4.749834e-01 -1.005794e+01 -2.594793e-02 9.978145e-01 -6.076925e-02 -2.198076e+00 4.743126e-01 6.580020e-02 8.778940e-01 2.949162e+01
8.758105e-01 -7.068884e-03 -4.826033e-01 -1.049050e+01 -2.444050e-02 9.979604e-01 -5.897124e-02 -2.268297e+00 4.820359e-01 6.344271e-02 8.738515e-01 3.030009e+01
8.721762e-01 -7.641647e-03 -4.891321e-01 -1.093673e+01 -2.368302e-02 9.980460e-01 -5.782178e-02 -2.336779e+00 4.886182e-01 6.201491e-02 8.702910e-01 3.111715e+01
8.689563e-01 -7.727444e-03 -4.948285e-01 -1.139348e+01 -2.318997e-02 9.981439e-01 -5.631077e-02 -2.399309e+00 4.943452e-01 6.040666e-02 8.671643e-01 3.192694e+01
8.652666e-01 -8.881862e-03 -5.012332e-01 -1.186584e+01 -2.167470e-02 9.982453e-01 -5.510543e-02 -2.468254e+00 5.008431e-01 5.854497e-02 8.635558e-01 3.276566e+01
8.626159e-01 -1.020365e-02 -5.057566e-01 -1.234682e+01 -2.046701e-02 9.982739e-01 -5.504863e-02 -2.536988e+00 5.054453e-01 5.783715e-02 8.609180e-01 3.360504e+01
8.605627e-01 -1.114244e-02 -5.092226e-01 -1.283222e+01 -2.003170e-02 9.982468e-01 -5.569557e-02 -2.606137e+00 5.089504e-01 5.813012e-02 8.588308e-01 3.445105e+01
8.584594e-01 -1.115186e-02 -5.127603e-01 -1.334558e+01 -2.065350e-02 9.982010e-01 -5.628747e-02 -2.674084e+00 5.124656e-01 5.891080e-02 8.566846e-01 3.531717e+01
8.583140e-01 -1.093004e-02 -5.130083e-01 -1.386359e+01 -2.054680e-02 9.982392e-01 -5.564509e-02 -2.745331e+00 5.127132e-01 5.830164e-02 8.565781e-01 3.619578e+01
8.578766e-01 -1.066973e-02 -5.137450e-01 -1.440088e+01 -2.013452e-02 9.983186e-01 -5.435522e-02 -2.818442e+00 5.134612e-01 5.697408e-02 8.562194e-01 3.710714e+01
8.574622e-01 -1.186296e-02 -5.144102e-01 -1.493507e+01 -1.852541e-02 9.983743e-01 -5.390349e-02 -2.893439e+00 5.142134e-01 5.574987e-02 8.558484e-01 3.802006e+01
8.570369e-01 -1.380977e-02 -5.150700e-01 -1.546173e+01 -1.675463e-02 9.983652e-01 -5.464603e-02 -2.966348e+00 5.149826e-01 5.546347e-02 8.554044e-01 3.892283e+01
8.554264e-01 -1.579406e-02 -5.176836e-01 -1.599814e+01 -1.488824e-02 9.983720e-01 -5.506093e-02 -3.041328e+00 5.177104e-01 5.480797e-02 8.537986e-01 3.983946e+01
8.538914e-01 -1.597126e-02 -5.202062e-01 -1.652999e+01 -1.383619e-02 9.984791e-01 -5.336649e-02 -3.115521e+00 5.202673e-01 5.276686e-02 8.523717e-01 4.073835e+01
8.511449e-01 -1.495725e-02 -5.247176e-01 -1.708153e+01 -1.308073e-02 9.986792e-01 -4.968596e-02 -3.191020e+00 5.247678e-01 4.915364e-02 8.498251e-01 4.165324e+01
8.478182e-01 -1.440217e-02 -5.300914e-01 -1.763583e+01 -1.148666e-02 9.988978e-01 -4.551083e-02 -3.264977e+00 5.301626e-01 4.467389e-02 8.467183e-01 4.255930e+01
8.437226e-01 -1.478125e-02 -5.365758e-01 -1.818565e+01 -1.031088e-02 9.989901e-01 -4.373259e-02 -3.335133e+00 5.366804e-01 4.243074e-02 8.427181e-01 4.344418e+01
8.376791e-01 -1.742671e-02 -5.458847e-01 -1.875290e+01 -8.859357e-03 9.989258e-01 -4.548449e-02 -3.405091e+00 5.460909e-01 4.293759e-02 8.366248e-01 4.432736e+01
8.316606e-01 -2.008518e-02 -5.549209e-01 -1.932072e+01 -8.183530e-03 9.987937e-01 -4.841568e-02 -3.477729e+00 5.552240e-01 4.480662e-02 8.304931e-01 4.519704e+01
8.245117e-01 -1.982561e-02 -5.654975e-01 -1.991730e+01 -8.948480e-03 9.988042e-01 -4.806392e-02 -3.545700e+00 5.657742e-01 4.468960e-02 8.233483e-01 4.608347e+01
8.176589e-01 -1.633877e-02 -5.754710e-01 -2.052367e+01 -1.052806e-02 9.990057e-01 -4.332257e-02 -3.612122e+00 5.756067e-01 4.148168e-02 8.166739e-01 4.695854e+01
8.124873e-01 -1.226354e-02 -5.828498e-01 -2.113343e+01 -1.285316e-02 9.991589e-01 -3.894015e-02 -3.681288e+00 5.828371e-01 3.912984e-02 8.116463e-01 4.782570e+01
8.080383e-01 -1.147202e-02 -5.890182e-01 -2.174960e+01 -1.517015e-02 9.990737e-01 -4.026948e-02 -3.743311e+00 5.889346e-01 4.147478e-02 8.071158e-01 4.868941e+01
8.042924e-01 -1.372912e-02 -5.940751e-01 -2.236583e+01 -1.580798e-02 9.988849e-01 -4.448605e-02 -3.811064e+00 5.940234e-01 4.517092e-02 8.031785e-01 4.954840e+01
8.012273e-01 -1.560964e-02 -5.981565e-01 -2.299087e+01 -1.860962e-02 9.985260e-01 -5.098528e-02 -3.882583e+00 5.980707e-01 5.198226e-02 7.997558e-01 5.039635e+01
7.970030e-01 -1.653005e-02 -6.037490e-01 -2.363219e+01 -1.921913e-02 9.984251e-01 -5.270686e-02 -3.955684e+00 6.036694e-01 5.361106e-02 7.954301e-01 5.125110e+01
7.934378e-01 -1.522707e-02 -6.084608e-01 -2.426668e+01 -1.862569e-02 9.986114e-01 -4.927886e-02 -4.031117e+00 6.083663e-01 5.043272e-02 7.920524e-01 5.209243e+01
7.888193e-01 -1.244484e-02 -6.144992e-01 -2.491519e+01 -1.870107e-02 9.988461e-01 -4.423479e-02 -4.101458e+00 6.143406e-01 4.638505e-02 7.876764e-01 5.294577e+01
7.850177e-01 -1.050781e-02 -6.193841e-01 -2.557091e+01 -1.935993e-02 9.989516e-01 -4.148423e-02 -4.169577e+00 6.191707e-01 4.455709e-02 7.839913e-01 5.378549e+01
7.816749e-01 -9.089255e-03 -6.236198e-01 -2.622708e+01 -2.176171e-02 9.988875e-01 -4.183594e-02 -4.233154e+00 6.233063e-01 4.627314e-02 7.806075e-01 5.460865e+01
7.767254e-01 -1.033960e-02 -6.297545e-01 -2.689527e+01 -2.201597e-02 9.988085e-01 -4.355291e-02 -4.298338e+00 6.294545e-01 4.769331e-02 7.755723e-01 5.542977e+01
7.718897e-01 -1.200925e-02 -6.356431e-01 -2.756314e+01 -2.209833e-02 9.987106e-01 -4.570369e-02 -4.368749e+00 6.353724e-01 4.932485e-02 7.706290e-01 5.624584e+01
7.674288e-01 -1.311249e-02 -6.410001e-01 -2.824157e+01 -2.159435e-02 9.986949e-01 -4.628315e-02 -4.435699e+00 6.407704e-01 4.936100e-02 7.661441e-01 5.705422e+01
7.617498e-01 -1.322851e-02 -6.477362e-01 -2.893942e+01 -2.124286e-02 9.987440e-01 -4.537902e-02 -4.505334e+00 6.475230e-01 4.832723e-02 7.605120e-01 5.787196e+01
7.567068e-01 -1.316823e-02 -6.536218e-01 -2.962750e+01 -2.130060e-02 9.987697e-01 -4.478177e-02 -4.573779e+00 6.534073e-01 4.780921e-02 7.554953e-01 5.867441e+01
7.504385e-01 -1.384452e-02 -6.607953e-01 -3.033664e+01 -2.165887e-02 9.987285e-01 -4.552176e-02 -4.644827e+00 6.605853e-01 4.847335e-02 7.491845e-01 5.947751e+01
7.445833e-01 -1.506124e-02 -6.673596e-01 -3.105853e+01 -2.146785e-02 9.986880e-01 -4.649079e-02 -4.714042e+00 6.671843e-01 4.894304e-02 7.432831e-01 6.027723e+01
7.391038e-01 -1.609082e-02 -6.733993e-01 -3.179035e+01 -2.133559e-02 9.986538e-01 -4.728008e-02 -4.784239e+00 6.732535e-01 4.931226e-02 7.377655e-01 6.107156e+01
7.324970e-01 -1.735587e-02 -6.805490e-01 -3.253684e+01 -2.115581e-02 9.986118e-01 -4.823804e-02 -4.855946e+00 6.804415e-01 4.973178e-02 7.311129e-01 6.187028e+01
7.268723e-01 -1.895973e-02 -6.865109e-01 -3.328099e+01 -2.053043e-02 9.985722e-01 -4.931555e-02 -4.929618e+00 6.864657e-01 4.994047e-02 7.254452e-01 6.265281e+01
7.203057e-01 -1.955617e-02 -6.933811e-01 -3.404390e+01 -2.035251e-02 9.985763e-01 -4.930674e-02 -5.003553e+00 6.933582e-01 4.962796e-02 7.188821e-01 6.345358e+01
7.139170e-01 -1.958513e-02 -6.999563e-01 -3.479483e+01 -1.957388e-02 9.986600e-01 -4.790729e-02 -5.077085e+00 6.999567e-01 4.790269e-02 7.125770e-01 6.424835e+01
7.076317e-01 -2.017314e-02 -7.062934e-01 -3.555787e+01 -1.855152e-02 9.987173e-01 -4.711202e-02 -5.150974e+00 7.063379e-01 4.644077e-02 7.063498e-01 6.503054e+01
7.002766e-01 -2.158814e-02 -7.135451e-01 -3.634379e+01 -1.781138e-02 9.987031e-01 -4.769570e-02 -5.225463e+00 7.136494e-01 4.610940e-02 6.989839e-01 6.581824e+01
6.936267e-01 -2.341853e-02 -7.199539e-01 -3.713899e+01 -1.739167e-02 9.986356e-01 -4.923913e-02 -5.301750e+00 7.201247e-01 4.667477e-02 6.922730e-01 6.659674e+01
6.883477e-01 -2.277465e-02 -7.250233e-01 -3.793495e+01 -1.903463e-02 9.985957e-01 -4.943995e-02 -5.374048e+00 7.251311e-01 4.783242e-02 6.869475e-01 6.736243e+01
6.819981e-01 -2.246030e-02 -7.310090e-01 -3.873854e+01 -1.911136e-02 9.986397e-01 -4.851329e-02 -5.446853e+00 7.311042e-01 4.705655e-02 6.806411e-01 6.813550e+01
6.772969e-01 -2.214465e-02 -7.353764e-01 -3.954907e+01 -1.999021e-02 9.986239e-01 -4.848332e-02 -5.521922e+00 7.354381e-01 4.753793e-02 6.759223e-01 6.891175e+01
6.717762e-01 -2.285416e-02 -7.404015e-01 -4.037712e+01 -2.043706e-02 9.985716e-01 -4.936597e-02 -5.599038e+00 7.404722e-01 4.829451e-02 6.703496e-01 6.968987e+01
6.663809e-01 -2.478262e-02 -7.451995e-01 -4.120447e+01 -2.088979e-02 9.984346e-01 -5.188460e-02 -5.676482e+00 7.453188e-01 5.014197e-02 6.648200e-01 7.045401e+01
6.614078e-01 -2.697345e-02 -7.495413e-01 -4.203599e+01 -2.087838e-02 9.983037e-01 -5.434900e-02 -5.756810e+00 7.497358e-01 5.159606e-02 6.597227e-01 7.121546e+01
6.557129e-01 -2.734654e-02 -7.545149e-01 -4.289130e+01 -2.177673e-02 9.982430e-01 -5.510532e-02 -5.837750e+00 7.546962e-01 5.256414e-02 6.539653e-01 7.197357e+01
6.505695e-01 -2.705283e-02 -7.589647e-01 -4.374727e+01 -2.118893e-02 9.983297e-01 -5.374758e-02 -5.917269e+00 7.591511e-01 5.104819e-02 6.489097e-01 7.272619e+01
6.458054e-01 -2.729074e-02 -7.630141e-01 -4.460981e+01 -1.989268e-02 9.984203e-01 -5.254743e-02 -6.000153e+00 7.632428e-01 4.911381e-02 6.442424e-01 7.347519e+01
6.396131e-01 -2.787245e-02 -7.681915e-01 -4.549291e+01 -1.972877e-02 9.984180e-01 -5.265241e-02 -6.084929e+00 7.684438e-01 4.883265e-02 6.380514e-01 7.422523e+01
6.354045e-01 -2.898711e-02 -7.716352e-01 -4.637185e+01 -1.869384e-02 9.984248e-01 -5.290012e-02 -6.162961e+00 7.719532e-01 4.803780e-02 6.338617e-01 7.496178e+01
6.300163e-01 -2.976306e-02 -7.760114e-01 -4.727758e+01 -1.763878e-02 9.984591e-01 -5.261510e-02 -6.246118e+00 7.763816e-01 4.683627e-02 6.285205e-01 7.570625e+01
6.254298e-01 -3.077997e-02 -7.796731e-01 -4.818702e+01 -1.635214e-02 9.984852e-01 -5.253543e-02 -6.326095e+00 7.801090e-01 4.560655e-02 6.239791e-01 7.644394e+01
6.214564e-01 -3.335874e-02 -7.827382e-01 -4.909415e+01 -1.365961e-02 9.984799e-01 -5.339829e-02 -6.409453e+00 7.833296e-01 4.387661e-02 6.200561e-01 7.717760e+01
6.167094e-01 -3.793285e-02 -7.862764e-01 -5.001609e+01 -1.025634e-02 9.983663e-01 -5.620932e-02 -6.494081e+00 7.871241e-01 4.272913e-02 6.153129e-01 7.791100e+01
6.117101e-01 -4.247048e-02 -7.899412e-01 -5.094541e+01 -5.626764e-03 9.982990e-01 -5.802987e-02 -6.578546e+00 7.910620e-01 3.994227e-02 6.104306e-01 7.864752e+01
6.051726e-01 -4.608022e-02 -7.947595e-01 -5.188972e+01 -4.288357e-04 9.983044e-01 -5.820831e-02 -6.666883e+00 7.960941e-01 3.556690e-02 6.041267e-01 7.937755e+01
5.960095e-01 -4.949733e-02 -8.014504e-01 -5.284336e+01 4.246736e-03 9.982787e-01 -5.849524e-02 -6.756476e+00 8.029662e-01 3.146017e-02 5.951937e-01 8.010708e+01
5.870902e-01 -5.083304e-02 -8.079239e-01 -5.380274e+01 7.507077e-03 9.983255e-01 -5.735761e-02 -6.846488e+00 8.094867e-01 2.760895e-02 5.864888e-01 8.082370e+01
5.773860e-01 -4.964902e-02 -8.149604e-01 -5.477357e+01 8.007549e-03 9.984457e-01 -5.515410e-02 -6.928356e+00 8.164320e-01 2.531937e-02 5.768862e-01 8.152565e+01
5.676158e-01 -4.944881e-02 -8.218072e-01 -5.576898e+01 7.764406e-03 9.984718e-01 -5.471605e-02 -7.020289e+00 8.232570e-01 2.467685e-02 5.671323e-01 8.221841e+01
5.583859e-01 -5.056247e-02 -8.280390e-01 -5.676410e+01 6.329261e-03 9.983715e-01 -5.669534e-02 -7.102228e+00 8.295572e-01 2.641701e-02 5.577966e-01 8.289847e+01
5.474117e-01 -5.273288e-02 -8.352004e-01 -5.778301e+01 6.639501e-03 9.982550e-01 -5.867612e-02 -7.195036e+00 8.368371e-01 2.657468e-02 5.468066e-01 8.357461e+01
5.378679e-01 -5.382627e-02 -8.413090e-01 -5.880467e+01 6.195400e-03 9.981850e-01 -5.990221e-02 -7.283740e+00 8.430064e-01 2.700723e-02 5.372252e-01 8.424251e+01
5.282330e-01 -5.433751e-02 -8.473591e-01 -5.983034e+01 8.646488e-03 9.982428e-01 -5.862293e-02 -7.378423e+00 8.490555e-01 2.363988e-02 5.277745e-01 8.490316e+01
5.173079e-01 -5.352229e-02 -8.541241e-01 -6.086223e+01 8.910350e-03 9.983252e-01 -5.716178e-02 -7.470427e+00 8.557530e-01 2.195970e-02 5.169184e-01 8.554624e+01
5.060742e-01 -5.373161e-02 -8.608146e-01 -6.191614e+01 8.370243e-03 9.983165e-01 -5.739354e-02 -7.562921e+00 8.624493e-01 2.184016e-02 5.056720e-01 8.618095e+01
4.962547e-01 -5.409244e-02 -8.664902e-01 -6.298259e+01 6.762279e-03 9.982677e-01 -5.844604e-02 -7.653882e+00 8.681506e-01 2.314467e-02 4.957609e-01 8.680128e+01
4.850450e-01 -5.416595e-02 -8.728100e-01 -6.405338e+01 4.432953e-03 9.982193e-01 -5.948525e-02 -7.745401e+00 8.744779e-01 2.498390e-02 4.844214e-01 8.740083e+01
4.755377e-01 -5.448834e-02 -8.780062e-01 -6.511878e+01 2.316820e-03 9.981540e-01 -6.068980e-02 -7.837953e+00 8.796923e-01 2.682610e-02 4.747861e-01 8.799005e+01
4.652942e-01 -5.391575e-02 -8.835125e-01 -6.622304e+01 3.552242e-04 9.981545e-01 -6.072463e-02 -7.934672e+00 8.851560e-01 2.794097e-02 4.644547e-01 8.857856e+01
4.563096e-01 -5.149017e-02 -8.883301e-01 -6.731127e+01 -1.275508e-03 9.982855e-01 -5.851870e-02 -8.025969e+00 8.898202e-01 2.783571e-02 4.554615e-01 8.915889e+01
4.484517e-01 -4.933201e-02 -8.924446e-01 -6.841327e+01 -1.379658e-03 9.984363e-01 -5.588423e-02 -8.119536e+00 8.938060e-01 2.629264e-02 4.476824e-01 8.973183e+01
4.395329e-01 -4.922874e-02 -8.968764e-01 -6.954737e+01 -1.598725e-03 9.984525e-01 -5.558765e-02 -8.210737e+00 8.982251e-01 2.586646e-02 4.387741e-01 9.029359e+01
4.316645e-01 -5.170747e-02 -9.005510e-01 -7.066858e+01 -1.889744e-04 9.983505e-01 -5.741346e-02 -8.301997e+00 9.020342e-01 2.495353e-02 4.309427e-01 9.084063e+01
4.251470e-01 -5.473080e-02 -9.034681e-01 -7.179572e+01 1.972746e-03 9.982238e-01 -5.954265e-02 -8.395481e+00 9.051222e-01 2.353207e-02 4.244998e-01 9.138163e+01
4.180273e-01 -5.774078e-02 -9.065976e-01 -7.294026e+01 3.171386e-03 9.980646e-01 -6.210396e-02 -8.491038e+00 9.084289e-01 2.308598e-02 4.174014e-01 9.191554e+01
4.133068e-01 -6.079368e-02 -9.085602e-01 -7.409293e+01 4.635882e-03 9.978964e-01 -6.466248e-02 -8.592770e+00 9.105800e-01 2.251347e-02 4.127192e-01 9.244490e+01
4.082206e-01 -6.128818e-02 -9.108236e-01 -7.524953e+01 6.411259e-03 9.979116e-01 -6.427477e-02 -8.695762e+00 9.128608e-01 2.039876e-02 4.077610e-01 9.296108e+01
4.042738e-01 -5.914745e-02 -9.127236e-01 -7.638180e+01 8.435906e-03 9.981055e-01 -6.094396e-02 -8.795756e+00 9.145991e-01 1.693839e-02 4.040068e-01 9.346543e+01
4.010240e-01 -5.751889e-02 -9.142600e-01 -7.753976e+01 1.226790e-02 9.982745e-01 -5.742340e-02 -8.897725e+00 9.159854e-01 1.181211e-02 4.010377e-01 9.397630e+01
3.979224e-01 -5.695891e-02 -9.156492e-01 -7.866606e+01 1.381607e-02 9.983297e-01 -5.609796e-02 -8.993020e+00 9.173151e-01 9.671957e-03 3.980446e-01 9.446841e+01
3.952560e-01 -5.677881e-02 -9.168145e-01 -7.978842e+01 1.513496e-02 9.983549e-01 -5.530368e-02 -9.085733e+00 9.184463e-01 7.983157e-03 3.954651e-01 9.494918e+01
3.938402e-01 -5.581485e-02 -9.174828e-01 -8.091322e+01 1.684510e-02 9.984253e-01 -5.350801e-02 -9.178824e+00 9.190246e-01 5.618516e-03 3.941602e-01 9.543493e+01
3.920033e-01 -5.512346e-02 -9.183108e-01 -8.202149e+01 1.826545e-02 9.984728e-01 -5.213829e-02 -9.266630e+00 9.197824e-01 3.665023e-03 3.924115e-01 9.591304e+01
3.917939e-01 -5.560322e-02 -9.183713e-01 -8.313668e+01 1.988714e-02 9.984507e-01 -5.196745e-02 -9.357578e+00 9.198380e-01 2.096755e-03 3.922927e-01 9.639207e+01
3.899372e-01 -5.591566e-02 -9.191422e-01 -8.422600e+01 2.212799e-02 9.984354e-01 -5.135185e-02 -9.441984e+00 9.205756e-01 -3.147784e-04 3.905644e-01 9.685961e+01
3.886843e-01 -5.496638e-02 -9.197300e-01 -8.531270e+01 2.499724e-02 9.984806e-01 -4.910879e-02 -9.527721e+00 9.210319e-01 -3.902898e-03 3.894677e-01 9.732685e+01
3.878324e-01 -5.433282e-02 -9.201272e-01 -8.640655e+01 2.700215e-02 9.985024e-01 -4.757945e-02 -9.613976e+00 9.213343e-01 -6.392562e-03 3.887187e-01 9.779861e+01
3.863813e-01 -5.486786e-02 -9.207057e-01 -8.747836e+01 2.847314e-02 9.984628e-01 -4.755268e-02 -9.698410e+00 9.218995e-01 -7.841911e-03 3.873496e-01 9.825795e+01
3.857706e-01 -5.630346e-02 -9.208751e-01 -8.855437e+01 3.019329e-02 9.983719e-01 -4.839321e-02 -9.781934e+00 9.221005e-01 -9.135570e-03 3.868426e-01 9.871407e+01
3.864070e-01 -5.760678e-02 -9.205276e-01 -8.961831e+01 3.059999e-02 9.982989e-01 -4.962885e-02 -9.867927e+00 9.218206e-01 -8.991199e-03 3.875124e-01 9.916781e+01
3.866806e-01 -5.847230e-02 -9.203582e-01 -9.064042e+01 3.000504e-02 9.982572e-01 -5.081503e-02 -9.950241e+00 9.217255e-01 -7.966203e-03 3.877611e-01 9.959785e+01
3.891873e-01 -5.841552e-02 -9.193046e-01 -9.167696e+01 2.787141e-02 9.982771e-01 -5.163433e-02 -1.003504e+01 9.207369e-01 -5.526897e-03 3.901448e-01 1.000350e+02
3.928048e-01 -5.869433e-02 -9.177469e-01 -9.268481e+01 2.617835e-02 9.982704e-01 -5.263960e-02 -1.011885e+01 9.192492e-01 -3.348009e-03 3.936620e-01 1.004588e+02
3.981954e-01 -5.931984e-02 -9.153806e-01 -9.370811e+01 2.498276e-02 9.982380e-01 -5.382165e-02 -1.020425e+01 9.169603e-01 -1.437197e-03 3.989758e-01 1.009007e+02
4.046355e-01 -5.940586e-02 -9.125465e-01 -9.472503e+01 2.428181e-02 9.982339e-01 -5.421714e-02 -1.028983e+01 9.141556e-01 -2.201007e-04 4.053634e-01 1.013465e+02
4.112059e-01 -5.834626e-02 -9.096733e-01 -9.571879e+01 2.344058e-02 9.982962e-01 -5.343450e-02 -1.037305e+01 9.112411e-01 6.493097e-04 4.118729e-01 1.017896e+02
4.191257e-01 -5.770387e-02 -9.060927e-01 -9.671136e+01 2.279461e-02 9.983325e-01 -5.303413e-02 -1.045464e+01 9.076420e-01 1.573937e-03 4.197421e-01 1.022438e+02
4.288700e-01 -5.746651e-02 -9.015365e-01 -9.770685e+01 2.300424e-02 9.983457e-01 -5.269405e-02 -1.053773e+01 9.030733e-01 1.859737e-03 4.294825e-01 1.027132e+02
4.380018e-01 -5.736261e-02 -8.971421e-01 -9.867966e+01 2.296569e-02 9.983504e-01 -5.262151e-02 -1.061830e+01 8.986807e-01 2.444822e-03 4.385966e-01 1.031761e+02
4.486417e-01 -5.854787e-02 -8.917919e-01 -9.965427e+01 2.306670e-02 9.982780e-01 -5.393453e-02 -1.070014e+01 8.934140e-01 3.626582e-03 4.492197e-01 1.036540e+02
4.595986e-01 -6.023886e-02 -8.860815e-01 -1.006038e+02 2.200472e-02 9.981632e-01 -5.644501e-02 -1.078217e+01 8.878541e-01 6.444068e-03 4.600799e-01 1.041335e+02
4.715710e-01 -6.142473e-02 -8.796862e-01 -1.015517e+02 2.134910e-02 9.980739e-01 -5.824668e-02 -1.086549e+01 8.815696e-01 8.686935e-03 4.719741e-01 1.046206e+02
4.845299e-01 -6.030355e-02 -8.726937e-01 -1.024846e+02 2.007471e-02 9.981249e-01 -5.782519e-02 -1.094794e+01 8.745443e-01 1.049896e-02 4.848319e-01 1.051180e+02
4.972408e-01 -5.839884e-02 -8.656449e-01 -1.033956e+02 1.993349e-02 9.982377e-01 -5.589380e-02 -1.103128e+01 8.673835e-01 1.053735e-02 4.975287e-01 1.056274e+02
5.104123e-01 -5.695042e-02 -8.580419e-01 -1.043147e+02 2.069712e-02 9.983291e-01 -5.394981e-02 -1.111190e+01 8.596807e-01 9.777651e-03 5.107381e-01 1.061632e+02
5.227258e-01 -5.661447e-02 -8.506189e-01 -1.052232e+02 2.149347e-02 9.983505e-01 -5.323875e-02 -1.119442e+01 8.522299e-01 9.546516e-03 5.230804e-01 1.067130e+02
5.344806e-01 -5.760676e-02 -8.432152e-01 -1.061204e+02 2.268615e-02 9.982928e-01 -5.382150e-02 -1.127442e+01 8.448762e-01 9.637246e-03 5.348750e-01 1.072747e+02
5.465517e-01 -5.912612e-02 -8.353355e-01 -1.070045e+02 2.394797e-02 9.982000e-01 -5.498496e-02 -1.135550e+01 8.370829e-01 1.004753e-02 5.469838e-01 1.078491e+02
5.573857e-01 -6.175741e-02 -8.279536e-01 -1.078629e+02 2.768191e-02 9.980576e-01 -5.580983e-02 -1.143537e+01 8.297921e-01 8.188261e-03 5.580126e-01 1.084232e+02
5.686584e-01 -6.207180e-02 -8.202284e-01 -1.087091e+02 2.942452e-02 9.980456e-01 -5.512853e-02 -1.152028e+01 8.220473e-01 7.214478e-03 5.693735e-01 1.089946e+02
5.798245e-01 -6.107184e-02 -8.124492e-01 -1.095402e+02 3.061285e-02 9.981156e-01 -5.318076e-02 -1.159734e+01 8.141661e-01 5.964122e-03 5.806015e-01 1.095745e+02
5.891793e-01 -5.914159e-02 -8.058350e-01 -1.103454e+02 3.167987e-02 9.982416e-01 -5.010017e-02 -1.167248e+01 8.073810e-01 3.989233e-03 5.900169e-01 1.101553e+02
5.998953e-01 -5.808774e-02 -7.979671e-01 -1.111589e+02 3.163794e-02 9.983031e-01 -4.888639e-02 -1.174949e+01 7.994527e-01 4.080679e-03 6.007151e-01 1.107698e+02
6.094719e-01 -5.786092e-02 -7.906934e-01 -1.119403e+02 3.024606e-02 9.983041e-01 -4.973947e-02 -1.182049e+01 7.922305e-01 6.399447e-03 6.101884e-01 1.113580e+02
6.193939e-01 -5.818810e-02 -7.829210e-01 -1.127131e+02 2.945938e-02 9.982698e-01 -5.088695e-02 -1.189105e+01 7.845275e-01 8.454704e-03 6.200364e-01 1.119611e+02
6.299093e-01 -5.818545e-02 -7.744861e-01 -1.134757e+02 3.015627e-02 9.982701e-01 -5.047099e-02 -1.196342e+01 7.760831e-01 8.436528e-03 6.305743e-01 1.125813e+02
6.383431e-01 -5.680974e-02 -7.676527e-01 -1.142029e+02 3.050778e-02 9.983565e-01 -4.851405e-02 -1.203286e+01 7.691472e-01 7.549233e-03 6.390271e-01 1.131840e+02
6.473410e-01 -5.579153e-02 -7.601559e-01 -1.149188e+02 3.134461e-02 9.984224e-01 -4.658632e-02 -1.209799e+01 7.615558e-01 6.330440e-03 6.480685e-01 1.137929e+02
6.563116e-01 -5.543471e-02 -7.524507e-01 -1.156313e+02 3.221955e-02 9.984467e-01 -4.545485e-02 -1.216851e+01 7.538017e-01 5.588917e-03 6.570782e-01 1.144218e+02
6.641793e-01 -5.503188e-02 -7.455450e-01 -1.163230e+02 3.153495e-02 9.984616e-01 -4.560738e-02 -1.223154e+01 7.469079e-01 6.780755e-03 6.648930e-01 1.150429e+02
6.724737e-01 -5.379788e-02 -7.381632e-01 -1.170109e+02 3.076772e-02 9.985246e-01 -4.474353e-02 -1.229804e+01 7.394812e-01 7.377250e-03 6.731368e-01 1.156927e+02
6.791337e-01 -5.131463e-02 -7.322187e-01 -1.176665e+02 2.998099e-02 9.986601e-01 -4.217971e-02 -1.235727e+01 7.334020e-01 6.693020e-03 6.797622e-01 1.163139e+02
6.860716e-01 -4.839277e-02 -7.259228e-01 -1.183110e+02 2.881921e-02 9.988099e-01 -3.934735e-02 -1.241805e+01 7.269630e-01 6.074580e-03 6.866498e-01 1.169306e+02
6.940973e-01 -4.707223e-02 -7.183405e-01 -1.189497e+02 2.827912e-02 9.988725e-01 -3.813052e-02 -1.247497e+01 7.193255e-01 6.152256e-03 6.946459e-01 1.175585e+02
7.011790e-01 -4.628790e-02 -7.114812e-01 -1.195669e+02 2.795550e-02 9.989079e-01 -3.743675e-02 -1.253536e+01 7.124371e-01 6.360047e-03 7.017072e-01 1.181802e+02
7.089094e-01 -4.384765e-02 -7.039353e-01 -1.201735e+02 2.579103e-02 9.990097e-01 -3.625437e-02 -1.258399e+01 7.048279e-01 7.545845e-03 7.093382e-01 1.187947e+02
7.177848e-01 -4.105301e-02 -6.950537e-01 -1.207693e+02 2.516582e-02 9.991377e-01 -3.302474e-02 -1.263656e+01 6.958101e-01 6.213057e-03 7.181989e-01 1.194159e+02
7.268073e-01 -3.766126e-02 -6.858081e-01 -1.213388e+02 2.367842e-02 9.992759e-01 -2.978142e-02 -1.268432e+01 6.864331e-01 5.406505e-03 7.271728e-01 1.200203e+02
7.375938e-01 -3.571652e-02 -6.742994e-01 -1.219091e+02 2.236110e-02 9.993444e-01 -2.847355e-02 -1.273232e+01 6.748743e-01 5.923842e-03 7.379089e-01 1.206496e+02
7.472669e-01 -3.557361e-02 -6.635711e-01 -1.224589e+02 2.148776e-02 9.993374e-01 -2.937581e-02 -1.277578e+01 6.641765e-01 7.692914e-03 7.475362e-01 1.212699e+02
7.574238e-01 -3.639917e-02 -6.519082e-01 -1.229931e+02 2.154848e-02 9.992945e-01 -3.075918e-02 -1.281951e+01 6.525679e-01 9.250104e-03 7.576738e-01 1.218963e+02
7.681513e-01 -3.576979e-02 -6.392684e-01 -1.235221e+02 2.128831e-02 9.993130e-01 -3.033557e-02 -1.286208e+01 6.399144e-01 9.693367e-03 7.683851e-01 1.225495e+02
7.783785e-01 -3.431673e-02 -6.268567e-01 -1.240261e+02 2.097743e-02 9.993690e-01 -2.866157e-02 -1.290172e+01 6.274447e-01 9.159712e-03 7.786072e-01 1.231896e+02
7.892211e-01 -3.236594e-02 -6.132556e-01 -1.245233e+02 2.094359e-02 9.994478e-01 -2.579502e-02 -1.294249e+01 6.137519e-01 7.514200e-03 7.894632e-01 1.238557e+02
7.990540e-01 -3.096000e-02 -6.004617e-01 -1.249936e+02 2.122759e-02 9.995034e-01 -2.328648e-02 -1.298051e+01 6.008845e-01 5.860802e-03 7.993144e-01 1.245157e+02
8.083442e-01 -2.955720e-02 -5.879677e-01 -1.254636e+02 2.172939e-02 9.995563e-01 -2.037400e-02 -1.301599e+01 5.883090e-01 3.693022e-03 8.086278e-01 1.251978e+02
8.171498e-01 -2.888134e-02 -5.757014e-01 -1.259247e+02 2.250254e-02 9.995810e-01 -1.820613e-02 -1.304857e+01 5.759860e-01 1.922396e-03 8.174573e-01 1.258741e+02
8.245435e-01 -2.917400e-02 -5.650459e-01 -1.263714e+02 2.407185e-02 9.995743e-01 -1.648238e-02 -1.308086e+01 5.652862e-01 -1.126339e-05 8.248948e-01 1.265472e+02
8.314010e-01 -2.890863e-02 -5.549203e-01 -1.268246e+02 2.421405e-02 9.995820e-01 -1.579500e-02 -1.311366e+01 5.551450e-01 -3.048887e-04 8.317535e-01 1.272298e+02
8.384460e-01 -2.776452e-02 -5.442770e-01 -1.272673e+02 2.316280e-02 9.996145e-01 -1.531031e-02 -1.314154e+01 5.444922e-01 2.298900e-04 8.387659e-01 1.279142e+02
8.446957e-01 -2.623234e-02 -5.346036e-01 -1.276980e+02 2.199519e-02 9.996558e-01 -1.429857e-02 -1.317022e+01 5.347947e-01 3.192328e-04 8.449820e-01 1.285871e+02
8.511628e-01 -2.514489e-02 -5.242992e-01 -1.281247e+02 2.123045e-02 9.996838e-01 -1.347775e-02 -1.319604e+01 5.244723e-01 3.406509e-04 8.514275e-01 1.292690e+02
8.568660e-01 -2.549080e-02 -5.149086e-01 -1.285360e+02 2.178330e-02 9.996750e-01 -1.323953e-02 -1.322473e+01 5.150787e-01 1.280936e-04 8.571429e-01 1.299797e+02
8.621636e-01 -2.638501e-02 -5.059424e-01 -1.289330e+02 2.251166e-02 9.996517e-01 -1.377052e-02 -1.325153e+01 5.061295e-01 4.828393e-04 8.624573e-01 1.306965e+02
8.668889e-01 -2.679184e-02 -4.977808e-01 -1.293404e+02 2.279147e-02 9.996406e-01 -1.411171e-02 -1.327854e+01 4.979800e-01 8.881265e-04 8.671880e-01 1.314195e+02
8.699404e-01 -2.595367e-02 -4.924734e-01 -1.297602e+02 2.235453e-02 9.996630e-01 -1.319426e-02 -1.330357e+01 4.926499e-01 4.692074e-04 8.702275e-01 1.321262e+02
8.728558e-01 -2.388655e-02 -4.873932e-01 -1.301669e+02 2.198588e-02 9.997120e-01 -9.620908e-03 -1.332792e+01 4.874826e-01 -2.318104e-03 8.731296e-01 1.328523e+02
8.756273e-01 -2.051759e-02 -4.825513e-01 -1.305599e+02 2.037101e-02 9.997771e-01 -5.544715e-03 -1.334815e+01 4.825575e-01 -4.974952e-03 8.758501e-01 1.335873e+02
8.783791e-01 -1.737162e-02 -4.776488e-01 -1.309883e+02 1.836632e-02 9.998280e-01 -2.587761e-03 -1.336651e+01 4.776116e-01 -6.499614e-03 8.785471e-01 1.343246e+02
8.814250e-01 -1.481837e-02 -4.720915e-01 -1.313917e+02 1.669470e-02 9.998606e-01 -2.143259e-04 -1.338145e+01 4.720289e-01 -7.692513e-03 8.815495e-01 1.350731e+02
8.840276e-01 -1.273832e-02 -4.672611e-01 -1.318059e+02 1.550502e-02 9.998776e-01 2.076135e-03 -1.339201e+01 4.671775e-01 -9.080252e-03 8.841169e-01 1.358362e+02
8.873748e-01 -1.141276e-02 -4.609074e-01 -1.322071e+02 1.543283e-02 9.998686e-01 4.954230e-03 -1.340363e+01 4.607903e-01 -1.150936e-02 8.874344e-01 1.366391e+02
8.912232e-01 -1.110023e-02 -4.534291e-01 -1.325901e+02 1.611953e-02 9.998441e-01 7.206417e-03 -1.341225e+01 4.532784e-01 -1.373159e-02 8.912632e-01 1.374726e+02
8.950680e-01 -1.125111e-02 -4.457877e-01 -1.329967e+02 1.667279e-02 9.998270e-01 8.241861e-03 -1.342077e+01 4.456178e-01 -1.480955e-02 8.951008e-01 1.383338e+02
8.987488e-01 -1.207163e-02 -4.382977e-01 -1.334091e+02 1.732390e-02 9.998180e-01 7.986369e-03 -1.342267e+01 4.381216e-01 -1.477077e-02 8.987944e-01 1.391903e+02
9.026949e-01 -1.406255e-02 -4.300513e-01 -1.338167e+02 1.946535e-02 9.997772e-01 8.166142e-03 -1.343364e+01 4.298407e-01 -1.574264e-02 9.027675e-01 1.400502e+02
9.067928e-01 -1.561505e-02 -4.212872e-01 -1.342285e+02 2.044635e-02 9.997668e-01 6.952977e-03 -1.343862e+01 4.210804e-01 -1.491870e-02 9.069006e-01 1.409284e+02
9.117427e-01 -1.653784e-02 -4.104288e-01 -1.346329e+02 2.059512e-02 9.997730e-01 5.465903e-03 -1.344932e+01 4.102453e-01 -1.343633e-02 9.118763e-01 1.418074e+02
9.167978e-01 -1.501674e-02 -3.990693e-01 -1.350388e+02 1.848401e-02 9.998174e-01 4.841517e-03 -1.345662e+01 3.989237e-01 -1.181509e-02 9.169080e-01 1.426783e+02
9.227008e-01 -1.190243e-02 -3.853330e-01 -1.354501e+02 1.553678e-02 9.998593e-01 6.319329e-03 -1.346589e+01 3.852036e-01 -1.181768e-02 9.227559e-01 1.435641e+02
9.296806e-01 -8.363596e-03 -3.682716e-01 -1.358550e+02 1.265681e-02 9.998772e-01 9.243778e-03 -1.347158e+01 3.681490e-01 -1.325490e-02 9.296723e-01 1.444908e+02
9.366265e-01 -5.547840e-03 -3.502857e-01 -1.362531e+02 1.011467e-02 9.998860e-01 1.120931e-02 -1.347927e+01 3.501836e-01 -1.404196e-02 9.365758e-01 1.454338e+02
9.437941e-01 -3.657008e-03 -3.305137e-01 -1.366194e+02 8.281483e-03 9.998865e-01 1.258472e-02 -1.348609e+01 3.304301e-01 -1.461453e-02 9.437173e-01 1.463921e+02
9.501984e-01 -2.386688e-03 -3.116364e-01 -1.369710e+02 7.167439e-03 9.998735e-01 1.419636e-02 -1.348681e+01 3.115632e-01 -1.572299e-02 9.500954e-01 1.473587e+02
9.567356e-01 -1.141359e-03 -2.909565e-01 -1.372878e+02 6.462373e-03 9.998290e-01 1.732774e-02 -1.348964e+01 2.908870e-01 -1.845833e-02 9.565793e-01 1.483899e+02
9.628225e-01 9.236961e-04 -2.701332e-01 -1.376064e+02 4.891612e-03 9.997706e-01 2.085356e-02 -1.348445e+01 2.700905e-01 -2.139966e-02 9.625971e-01 1.494098e+02
9.684475e-01 3.347043e-03 -2.491953e-01 -1.379064e+02 3.114556e-03 9.996692e-01 2.553106e-02 -1.348010e+01 2.491983e-01 -2.550162e-02 9.681167e-01 1.504721e+02
9.737542e-01 5.243077e-03 -2.275417e-01 -1.381890e+02 1.348779e-03 9.995841e-01 2.880473e-02 -1.346816e+01 2.275981e-01 -2.835563e-02 9.733422e-01 1.515339e+02
9.783420e-01 6.714157e-03 -2.068859e-01 -1.384571e+02 -6.755622e-04 9.995720e-01 2.924488e-02 -1.345746e+01 2.069937e-01 -2.847173e-02 9.779279e-01 1.525880e+02
9.825683e-01 6.622224e-03 -1.857842e-01 -1.386836e+02 -1.473394e-03 9.996113e-01 2.783843e-02 -1.344522e+01 1.858963e-01 -2.707943e-02 9.821961e-01 1.536692e+02
9.862709e-01 6.925886e-03 -1.649902e-01 -1.388884e+02 -2.463330e-03 9.996260e-01 2.723668e-02 -1.342973e+01 1.651171e-01 -2.645631e-02 9.859191e-01 1.547718e+02
9.893899e-01 6.105768e-03 -1.451564e-01 -1.390632e+02 -1.860550e-03 9.995671e-01 2.936360e-02 -1.341701e+01 1.452729e-01 -2.878198e-02 9.889729e-01 1.559186e+02
9.920435e-01 6.693007e-03 -1.257173e-01 -1.392306e+02 -2.768687e-03 9.995042e-01 3.136425e-02 -1.340116e+01 1.258649e-01 -3.076663e-02 9.915702e-01 1.570815e+02
9.943880e-01 7.386739e-03 -1.055366e-01 -1.393736e+02 -3.963606e-03 9.994603e-01 3.260849e-02 -1.338424e+01 1.057206e-01 -3.200719e-02 9.938806e-01 1.582609e+02
9.962216e-01 8.689201e-03 -8.641227e-02 -1.395087e+02 -5.800939e-03 9.994179e-01 3.361932e-02 -1.336383e+01 8.665409e-02 -3.299102e-02 9.956921e-01 1.594304e+02
9.977632e-01 8.984430e-03 -6.624151e-02 -1.396094e+02 -6.712198e-03 9.993840e-01 3.444535e-02 -1.334300e+01 6.651018e-02 -3.392368e-02 9.972089e-01 1.606240e+02
9.988223e-01 1.081002e-02 -4.729905e-02 -1.396925e+02 -9.179037e-03 9.993603e-01 3.456473e-02 -1.332053e+01 4.764244e-02 -3.408986e-02 9.982826e-01 1.618061e+02
9.995311e-01 1.149842e-02 -2.837902e-02 -1.397492e+02 -1.053952e-02 9.993761e-01 3.371040e-02 -1.329781e+01 2.874893e-02 -3.339549e-02 9.990286e-01 1.630084e+02
9.998925e-01 1.146402e-02 -9.136822e-03 -1.397823e+02 -1.116508e-02 9.994216e-01 3.212291e-02 -1.327846e+01 9.499794e-03 -3.201745e-02 9.994422e-01 1.642370e+02
9.998825e-01 1.297859e-02 8.156214e-03 -1.397907e+02 -1.321774e-02 9.994629e-01 2.998554e-02 -1.325803e+01 -7.762663e-03 -3.008982e-02 9.995171e-01 1.654785e+02
9.995750e-01 1.346813e-02 2.585276e-02 -1.397683e+02 -1.420821e-02 9.994882e-01 2.865982e-02 -1.323965e+01 -2.545353e-02 -2.901496e-02 9.992548e-01 1.667218e+02
9.989036e-01 1.339890e-02 4.485627e-02 -1.397193e+02 -1.459187e-02 9.995456e-01 2.637459e-02 -1.322731e+01 -4.448250e-02 -2.700021e-02 9.986452e-01 1.679920e+02
9.979734e-01 1.434279e-02 6.199426e-02 -1.396508e+02 -1.568925e-02 9.996503e-01 2.128704e-02 -1.321484e+01 -6.166726e-02 -2.221654e-02 9.978495e-01 1.692734e+02
9.966897e-01 1.607722e-02 7.969418e-02 -1.395653e+02 -1.734871e-02 9.997326e-01 1.528784e-02 -1.321500e+01 -7.942708e-02 -1.661983e-02 9.967021e-01 1.705662e+02
9.952596e-01 1.812052e-02 9.555127e-02 -1.394598e+02 -1.917606e-02 9.997647e-01 1.014013e-02 -1.321199e+01 -9.534505e-02 -1.192436e-02 9.953729e-01 1.718538e+02
