1.000000e+00 0.000000e+00 0.000000e+00 0.000000e+00 0.000000e+00 1.000000e+00 0.000000e+00 0.000000e+00 0.000000e+00 0.000000e+00 1.000000e+00 0.000000e+00
9.998983e-01 1.515659e-03 1.418080e-02 -3.551981e-03 -1.507200e-03 9.999987e-01 -6.071746e-04 -5.564124e-03 -1.418170e-02 5.857395e-04 9.998993e-01 7.020232e-02
9.994392e-01 4.073577e-03 3.323550e-02 -1.053018e-02 -4.063378e-03 9.999917e-01 -3.744065e-04 -6.255001e-03 -3.323675e-02 2.391481e-04 9.994475e-01 1.922736e-01
9.982658e-01 5.611726e-03 5.859969e-02 -1.099070e-02 -5.681591e-03 9.999833e-01 1.025695e-03 -9.316391e-03 -5.859296e-02 -1.356855e-03 9.982810e-01 3.298514e-01
9.958040e-01 5.236679e-03 9.136220e-02 3.582837e-02 -5.546688e-03 9.999797e-01 3.139604e-03 -1.144469e-02 -9.134391e-02 -3.633187e-03 9.958128e-01 5.092219e-01
9.918018e-01 2.061775e-03 1.277688e-01 1.054900e-01 -2.756667e-03 9.999824e-01 5.262080e-03 -1.414390e-02 -1.277557e-01 -5.571157e-03 9.917900e-01 6.734640e-01
9.859522e-01 -8.009658e-04 1.670261e-01 1.888233e-01 -2.362976e-04 9.999808e-01 6.190222e-03 -1.899748e-02 -1.670278e-01 -6.142731e-03 9.859330e-01 8.238891e-01
9.776978e-01 -1.095534e-03 2.100139e-01 2.696083e-01 -4.566862e-04 9.999729e-01 7.342397e-03 -1.899857e-02 -2.100162e-01 -7.274556e-03 9.776708e-01 1.022180e+00
9.665079e-01 -5.323215e-04 2.566361e-01 3.544872e-01 -2.148956e-03 9.999460e-01 1.016722e-02 -1.675550e-02 -2.566277e-01 -1.037820e-02 9.664546e-01 1.226510e+00
9.528646e-01 -4.403653e-03 3.033640e-01 4.834404e-01 -7.841393e-04 9.998556e-01 1.697695e-02 -1.655944e-02 -3.033949e-01 -1.641462e-02 9.527235e-01 1.445318e+00
9.364609e-01 -1.412978e-02 3.504874e-01 6.178022e-01 5.657289e-03 9.996668e-01 2.518563e-02 -2.501229e-02 -3.507264e-01 -2.160255e-02 9.362288e-01 1.643978e+00
9.162875e-01 -1.947657e-02 4.000473e-01 7.825401e-01 8.082004e-03 9.995127e-01 3.015053e-02 -2.706615e-02 -4.004396e-01 -2.439337e-02 9.159984e-01 1.845557e+00
8.925251e-01 -2.107991e-02 4.505048e-01 9.665471e-01 6.468325e-03 9.994026e-01 3.394897e-02 -2.459652e-02 -4.509513e-01 -2.738630e-02 8.921283e-01 2.078785e+00
8.648861e-01 -2.290529e-02 5.014453e-01 1.142987e+00 4.370511e-03 9.992641e-01 3.810674e-02 -1.688647e-02 -5.019492e-01 -3.076641e-02 8.643497e-01 2.306189e+00
8.344627e-01 -2.793972e-02 5.503556e-01 1.342814e+00 5.342830e-03 9.990771e-01 4.261889e-02 -1.355435e-02 -5.510385e-01 -3.262342e-02 8.338419e-01 2.491543e+00
8.004185e-01 -3.344118e-02 5.985081e-01 1.549940e+00 7.278266e-03 9.989112e-01 4.607976e-02 -1.168596e-02 -5.993974e-01 -3.252700e-02 7.997904e-01 2.651801e+00
7.646745e-01 -3.765374e-02 6.433157e-01 1.791826e+00 8.158773e-03 9.987771e-01 4.876127e-02 -5.270563e-03 -6.443651e-01 -3.203784e-02 7.640466e-01 2.814307e+00
7.265904e-01 -4.084141e-02 6.858560e-01 2.069707e+00 8.986193e-03 9.987112e-01 4.995144e-02 3.986625e-03 -6.870121e-01 -3.013100e-02 7.260210e-01 3.006615e+00
6.859695e-01 -4.243305e-02 7.263920e-01 2.359157e+00 7.594754e-03 9.986613e-01 5.116587e-02 1.560984e-02 -7.275907e-01 -2.958145e-02 6.853734e-01 3.183431e+00
6.440886e-01 -4.246164e-02 7.637715e-01 2.668852e+00 3.134163e-03 9.985963e-01 5.287362e-02 3.247769e-02 -7.649445e-01 -3.166151e-02 6.433175e-01 3.395982e+00
6.030484e-01 -4.316013e-02 7.965361e-01 2.981981e+00 1.842147e-04 9.985427e-01 5.396634e-02 4.404808e-02 -7.977046e-01 -3.239758e-02 6.021776e-01 3.590812e+00
5.639068e-01 -4.411813e-02 8.246591e-01 3.330566e+00 -1.993631e-03 9.984964e-01 5.478144e-02 5.785833e-02 -8.258360e-01 -3.253569e-02 5.629710e-01 3.773734e+00
5.263806e-01 -4.614777e-02 8.489958e-01 3.729363e+00 -3.325484e-03 9.984066e-01 5.633091e-02 6.921743e-02 -8.502426e-01 -3.247482e-02 5.253884e-01 3.958046e+00
4.895952e-01 -4.581177e-02 8.707455e-01 4.109884e+00 -6.339383e-03 9.984054e-01 5.609268e-02 8.543677e-02 -8.719268e-01 -3.298270e-02 4.885241e-01 4.148247e+00
4.549877e-01 -4.496175e-02 8.893619e-01 4.509074e+00 -7.263628e-03 9.985039e-01 5.419542e-02 1.015903e-01 -8.904681e-01 -3.111825e-02 4.539805e-01 4.326001e+00
4.228396e-01 -4.363128e-02 9.051535e-01 4.968619e+00 -6.216263e-03 9.986771e-01 5.104332e-02 1.190013e-01 -9.061832e-01 -2.720981e-02 4.220090e-01 4.505011e+00
3.948241e-01 -4.189629e-02 9.178010e-01 5.448151e+00 -4.176667e-03 9.988676e-01 4.739360e-02 1.371660e-01 -9.187473e-01 -2.254548e-02 3.942020e-01 4.685815e+00
3.704160e-01 -4.001908e-02 9.280035e-01 5.959964e+00 -3.125080e-03 9.990121e-01 4.432863e-02 1.560365e-01 -9.288607e-01 -1.932012e-02 3.699250e-01 4.872412e+00
3.514693e-01 -3.937464e-02 9.353710e-01 6.477468e+00 -2.194616e-03 9.990778e-01 4.288103e-02 1.749085e-01 -9.361968e-01 -1.712414e-02 3.510587e-01 5.051661e+00
3.379873e-01 -3.983318e-02 9.403073e-01 7.025316e+00 -1.328919e-03 9.990827e-01 4.280069e-02 1.920282e-01 -9.411497e-01 -1.571568e-02 3.376244e-01 5.221452e+00
3.262137e-01 -4.129596e-02 9.443936e-01 7.611113e+00 -6.961880e-04 9.990346e-01 4.392575e-02 2.052936e-01 -9.452958e-01 -1.498666e-02 3.258700e-01 5.405661e+00
3.159004e-01 -4.283856e-02 9.478248e-01 8.233871e+00 -2.042235e-03 9.989472e-01 4.582978e-02 2.234931e-01 -9.487902e-01 -1.641333e-02 3.154803e-01 5.603089e+00
3.055644e-01 -4.421631e-02 9.511442e-01 8.880102e+00 -3.801733e-03 9.988566e-01 4.765568e-02 2.455152e-01 -9.521638e-01 -1.817787e-02 3.050469e-01 5.809415e+00
2.949776e-01 -4.579668e-02 9.544060e-01 9.553253e+00 -4.520394e-03 9.987727e-01 4.932270e-02 2.677011e-01 -9.554935e-01 -1.886339e-02 2.944086e-01 6.016059e+00
2.856004e-01 -4.761354e-02 9.571653e-01 1.024891e+01 -5.461741e-03 9.986680e-01 5.130775e-02 2.897675e-01 -9.583332e-01 -1.988130e-02 2.849599e-01 6.216477e+00
2.756067e-01 -4.897369e-02 9.600222e-01 1.097250e+01 -5.866678e-03 9.985971e-01 5.262574e-02 3.147110e-01 -9.612526e-01 -2.013614e-02 2.749327e-01 6.425244e+00
2.646404e-01 -5.010573e-02 9.630446e-01 1.170829e+01 -6.272850e-03 9.985387e-01 5.367619e-02 3.391014e-01 -9.643268e-01 -2.024592e-02 2.639394e-01 6.624509e+00
2.555321e-01 -5.271090e-02 9.653626e-01 1.243844e+01 -7.475959e-03 9.983750e-01 5.649235e-02 3.660064e-01 -9.667717e-01 -2.165262e-02 2.547228e-01 6.817926e+00
2.452637e-01 -5.595458e-02 9.678403e-01 1.318636e+01 -9.257518e-03 9.981523e-01 6.005301e-02 3.977309e-01 -9.694122e-01 -2.368863e-02 2.442926e-01 7.010801e+00
2.328115e-01 -5.968166e-02 9.706889e-01 1.396058e+01 -9.823644e-03 9.979200e-01 6.371205e-02 4.262314e-01 -9.724723e-01 -2.436860e-02 2.317410e-01 7.194688e+00
2.211528e-01 -6.189481e-02 9.732731e-01 1.473071e+01 -1.074798e-02 9.977687e-01 6.589482e-02 4.575965e-01 -9.751800e-01 -2.503354e-02 2.199940e-01 7.370179e+00
2.071114e-01 -6.250635e-02 9.763185e-01 1.553122e+01 -1.129880e-02 9.977375e-01 6.627451e-02 4.876933e-01 -9.782521e-01 -2.475743e-02 2.059366e-01 7.528665e+00
1.941243e-01 -6.154713e-02 9.790443e-01 1.630765e+01 -1.291121e-02 9.977831e-01 6.528517e-02 5.182073e-01 -9.808920e-01 -2.531409e-02 1.928993e-01 7.670440e+00
1.783284e-01 -6.057957e-02 9.821044e-01 1.710236e+01 -1.391371e-02 9.978480e-01 6.407711e-02 5.478562e-01 -9.838726e-01 -2.509149e-02 1.771017e-01 7.805346e+00
1.579604e-01 -5.905665e-02 9.856778e-01 1.790719e+01 -1.649710e-02 9.979128e-01 6.243345e-02 5.777223e-01 -9.873076e-01 -2.612284e-02 1.566564e-01 7.922458e+00
1.339476e-01 -5.754550e-02 9.893162e-01 1.871475e+01 -2.075241e-02 9.979308e-01 6.085634e-02 6.076008e-01 -9.907711e-01 -2.868226e-02 1.324762e-01 8.025643e+00
1.040851e-01 -5.697793e-02 9.929349e-01 1.954297e+01 -2.441851e-02 9.979103e-01 5.982312e-02 6.379058e-01 -9.942686e-01 -3.047269e-02 1.024763e-01 8.105775e+00
7.086264e-02 -5.672134e-02 9.958721e-01 2.038062e+01 -2.722833e-02 9.978999e-01 5.877431e-02 6.668271e-01 -9.971144e-01 -3.128084e-02 6.916940e-02 8.160318e+00
3.780134e-02 -5.637341e-02 9.976939e-01 2.119964e+01 -2.821758e-02 9.979491e-01 5.745696e-02 6.919897e-01 -9.988868e-01 -3.032445e-02 3.613309e-02 8.177688e+00
3.496189e-03 -5.561730e-02 9.984460e-01 2.202194e+01 -2.934270e-02 9.980165e-01 5.569612e-02 7.145611e-01 -9.995633e-01 -2.949183e-02 1.857293e-03 8.171682e+00
-2.879947e-02 -5.387908e-02 9.981321e-01 2.283005e+01 -3.120532e-02 9.981080e-01 5.297741e-02 7.371654e-01 -9.990980e-01 -2.962131e-02 -3.042629e-02 8.139274e+00
-6.131752e-02 -5.103084e-02 9.968129e-01 2.364547e+01 -3.350369e-02 9.982346e-01 4.904269e-02 7.620702e-01 -9.975558e-01 -3.038974e-02 -6.291899e-02 8.071247e+00
-9.440101e-02 -4.692214e-02 9.944279e-01 2.447285e+01 -3.094551e-02 9.985442e-01 4.417871e-02 7.783105e-01 -9.950532e-01 -2.660256e-02 -9.571562e-02 7.970564e+00
-1.248181e-01 -4.182359e-02 9.912978e-01 2.528007e+01 -2.612292e-02 9.989033e-01 3.885524e-02 7.896173e-01 -9.918357e-01 -2.104575e-02 -1.257738e-01 7.844087e+00
-1.561355e-01 -3.594044e-02 9.870815e-01 2.609218e+01 -2.038643e-02 9.992422e-01 3.315852e-02 7.989723e-01 -9.875252e-01 -1.494585e-02 -1.567499e-01 7.685963e+00
-1.838710e-01 -3.094271e-02 9.824632e-01 2.689399e+01 -1.484641e-02 9.994778e-01 2.870004e-02 8.035672e-01 -9.828383e-01 -9.308949e-03 -1.842344e-01 7.503168e+00
-2.118638e-01 -2.540433e-02 9.769690e-01 2.768996e+01 -7.090926e-03 9.996757e-01 2.445705e-02 8.056208e-01 -9.772735e-01 -1.746051e-03 -2.119752e-01 7.287616e+00
-2.387932e-01 -1.580417e-02 9.709418e-01 2.848710e+01 -1.442094e-03 9.998722e-01 1.592041e-02 7.966643e-01 -9.710694e-01 2.401496e-03 -2.387855e-01 7.055388e+00
-2.628576e-01 -8.578916e-04 9.648343e-01 2.925304e+01 2.680647e-03 9.999951e-01 1.619466e-03 7.800584e-01 -9.648309e-01 3.012069e-03 -2.628540e-01 6.813431e+00
-2.871218e-01 1.621068e-02 9.577569e-01 3.001738e+01 3.340010e-03 9.998677e-01 -1.592215e-02 7.552337e-01 -9.578883e-01 -1.372678e-03 -2.871379e-01 6.560544e+00
-3.125467e-01 3.106044e-02 9.493944e-01 3.076876e+01 2.602243e-03 9.994895e-01 -3.184268e-02 7.253102e-01 -9.498988e-01 -7.481771e-03 -3.124680e-01 6.291729e+00
-3.362058e-01 4.146252e-02 9.408754e-01 3.151423e+01 6.042367e-03 9.991048e-01 -4.186944e-02 6.789154e-01 -9.417692e-01 -8.391634e-03 -3.361554e-01 6.009155e+00
-3.609999e-01 4.588658e-02 9.314363e-01 3.226420e+01 9.923029e-03 9.989212e-01 -4.536528e-02 6.252730e-01 -9.325131e-01 -7.134191e-03 -3.610657e-01 5.703295e+00
-3.825853e-01 4.478284e-02 9.228342e-01 3.299929e+01 1.228099e-02 9.989829e-01 -4.338674e-02 5.714793e-01 -9.238385e-01 -5.265813e-03 -3.827462e-01 5.376770e+00
-4.026333e-01 4.096119e-02 9.144444e-01 3.373064e+01 1.636855e-02 9.991607e-01 -3.754880e-02 5.194049e-01 -9.152150e-01 -1.502737e-04 -4.029659e-01 5.024684e+00
-4.212628e-01 3.910663e-02 9.060951e-01 3.445762e+01 2.381176e-02 9.992024e-01 -3.205450e-02 4.697717e-01 -9.066260e-01 8.072348e-03 -4.218580e-01 4.658390e+00
-4.341407e-01 3.962467e-02 8.999732e-01 3.516237e+01 2.740791e-02 9.991506e-01 -3.076995e-02 4.217369e-01 -9.004280e-01 1.130790e-02 -4.348580e-01 4.293871e+00
-4.451102e-01 4.278132e-02 8.944533e-01 3.586046e+01 3.028919e-02 9.990058e-01 -3.270910e-02 3.761109e-01 -8.949634e-01 1.253310e-02 -4.459635e-01 3.916663e+00
-4.550546e-01 4.547732e-02 8.893015e-01 3.654510e+01 3.225460e-02 9.988814e-01 -3.457640e-02 3.339212e-01 -8.898792e-01 1.294992e-02 -4.560125e-01 3.541312e+00
-4.649925e-01 4.516770e-02 8.841617e-01 3.723404e+01 2.643505e-02 9.989607e-01 -3.712970e-02 2.873904e-01 -8.849199e-01 6.107823e-03 -4.657032e-01 3.172901e+00
-4.763480e-01 4.395921e-02 8.781573e-01 3.791486e+01 2.583412e-02 9.990180e-01 -3.599585e-02 2.489628e-01 -8.788772e-01 5.539867e-03 -4.770159e-01 2.795305e+00
-4.838929e-01 4.536546e-02 8.739506e-01 3.861047e+01 2.817257e-02 9.989454e-01 -3.625503e-02 2.043293e-01 -8.746737e-01 7.077886e-03 -4.846606e-01 2.390719e+00
-4.908820e-01 4.832447e-02 8.698848e-01 3.930988e+01 3.156881e-02 9.987914e-01 -3.767109e-02 1.556117e-01 -8.706539e-01 8.969171e-03 -4.918142e-01 1.988444e+00
-4.946305e-01 5.159696e-02 8.675704e-01 4.002115e+01 3.260288e-02 9.986351e-01 -4.080379e-02 1.116170e-01 -8.684917e-01 8.102502e-03 -4.956376e-01 1.580713e+00
-4.931357e-01 5.316446e-02 8.683264e-01 4.075904e+01 3.160124e-02 9.985669e-01 -4.319179e-02 6.451390e-02 -8.693782e-01 6.140777e-03 -4.941091e-01 1.166031e+00
-4.891551e-01 5.369774e-02 8.705423e-01 4.151238e+01 3.360702e-02 9.985222e-01 -4.270825e-02 1.231490e-02 -8.715491e-01 8.365373e-03 -4.902369e-01 7.478968e-01
-4.832135e-01 5.261722e-02 8.739200e-01 4.228682e+01 3.241804e-02 9.985832e-01 -4.219819e-02 -4.016934e-02 -8.749021e-01 7.940041e-03 -4.842346e-01 3.367986e-01
-4.753754e-01 5.157578e-02 8.782700e-01 4.310842e+01 3.030244e-02 9.986477e-01 -4.224327e-02 -9.213830e-02 -8.792610e-01 6.532313e-03 -4.762955e-01 -8.515561e-02
-4.676210e-01 5.095024e-02 8.824594e-01 4.392446e+01 2.849645e-02 9.986874e-01 -4.256040e-02 -1.453192e-01 -8.834696e-01 5.244823e-03 -4.684591e-01 -5.010923e-01
-4.613537e-01 4.952362e-02 8.858330e-01 4.474719e+01 2.581990e-02 9.987675e-01 -4.239001e-02 -1.996249e-01 -8.868405e-01 3.315329e-03 -4.620638e-01 -9.143549e-01
-4.557633e-01 4.741731e-02 8.888371e-01 4.560177e+01 2.149703e-02 9.988752e-01 -4.226468e-02 -2.559289e-01 -8.898414e-01 -1.553285e-04 -4.562700e-01 -1.338441e+00
-4.545653e-01 4.464559e-02 8.895938e-01 4.643860e+01 1.713855e-02 9.989965e-01 -4.137866e-02 -3.053189e-01 -8.905485e-01 -3.562955e-03 -4.548743e-01 -1.765794e+00
-4.543305e-01 4.242391e-02 8.898225e-01 4.731791e+01 1.473742e-02 9.990866e-01 -4.010857e-02 -3.599880e-01 -8.907113e-01 -5.108864e-03 -4.545407e-01 -2.205642e+00
-4.551460e-01 4.124012e-02 8.894613e-01 4.818704e+01 1.388069e-02 9.991341e-01 -3.922225e-02 -4.114653e-01 -8.903086e-01 -5.505517e-03 -4.553243e-01 -2.655993e+00
-4.560645e-01 4.078292e-02 8.890118e-01 4.905006e+01 1.445406e-02 9.991571e-01 -3.842081e-02 -4.620883e-01 -8.898293e-01 -4.672540e-03 -4.562696e-01 -3.114287e+00
-4.554864e-01 4.044159e-02 8.893237e-01 4.994966e+01 1.463167e-02 9.991728e-01 -3.794300e-02 -5.128994e-01 -8.901225e-01 -4.270232e-03 -4.557014e-01 -3.584061e+00
-4.553490e-01 3.991266e-02 8.894179e-01 5.084380e+01 1.517731e-02 9.991975e-01 -3.706879e-02 -5.651109e-01 -8.901836e-01 -3.380264e-03 -4.555893e-01 -4.057654e+00
-4.556957e-01 3.950922e-02 8.892584e-01 5.174162e+01 1.527500e-02 9.992145e-01 -3.656691e-02 -6.200209e-01 -8.900046e-01 -3.079965e-03 -4.559412e-01 -4.525369e+00
-4.549959e-01 3.858840e-02 8.896571e-01 5.267922e+01 1.427636e-02 9.992484e-01 -3.604053e-02 -6.740509e-01 -8.903791e-01 -3.697227e-03 -4.552048e-01 -4.983720e+00
-4.555910e-01 3.811726e-02 8.893728e-01 5.359558e+01 1.463103e-02 9.992685e-01 -3.533233e-02 -7.308124e-01 -8.900690e-01 -3.084647e-03 -4.558154e-01 -5.426620e+00
-4.550154e-01 3.763514e-02 8.896879e-01 5.451453e+01 1.400480e-02 9.992854e-01 -3.510877e-02 -7.863597e-01 -8.903734e-01 -3.515124e-03 -4.552173e-01 -5.877508e+00
-4.533984e-01 3.640785e-02 8.905640e-01 5.544213e+01 1.397393e-02 9.993329e-01 -3.374020e-02 -8.434769e-01 -8.911984e-01 -2.853076e-03 -4.536048e-01 -6.343045e+00
-4.510530e-01 3.417086e-02 8.918428e-01 5.635135e+01 1.456883e-02 9.994155e-01 -3.092426e-02 -8.995531e-01 -8.923783e-01 -9.553729e-04 -4.512872e-01 -6.802868e+00
-4.480663e-01 3.310546e-02 8.933872e-01 5.725585e+01 1.555329e-02 9.994515e-01 -2.923525e-02 -9.513086e-01 -8.938650e-01 7.957785e-04 -4.483355e-01 -7.267798e+00
-4.457774e-01 3.313656e-02 8.945303e-01 5.814489e+01 1.645557e-02 9.994491e-01 -2.882271e-02 -9.953950e-01 -8.949926e-01 1.871491e-03 -4.460770e-01 -7.742964e+00
-4.440803e-01 3.421537e-02 8.953334e-01 5.901320e+01 1.814725e-02 9.994091e-01 -2.919171e-02 -1.038530e+00 -8.958032e-01 3.284375e-03 -4.444388e-01 -8.211737e+00
-4.421955e-01 3.544500e-02 8.962180e-01 5.990479e+01 1.927578e-02 9.993636e-01 -3.001365e-02 -1.083612e+00 -8.967115e-01 4.003399e-03 -4.425973e-01 -8.668444e+00
-4.440328e-01 3.727058e-02 8.952350e-01 6.078514e+01 1.950885e-02 9.992998e-01 -3.192671e-02 -1.131515e+00 -8.957981e-01 3.288500e-03 -4.444490e-01 -9.107017e+00
-4.464358e-01 3.945673e-02 8.939453e-01 6.166969e+01 1.851766e-02 9.992208e-01 -3.485564e-02 -1.184102e+00 -8.946241e-01 9.929679e-04 -4.468185e-01 -9.572749e+00
-4.506391e-01 4.044381e-02 8.917896e-01 6.254912e+01 1.763607e-02 9.991816e-01 -3.640232e-02 -1.238066e+00 -8.925320e-01 -6.766428e-04 -4.509835e-01 -1.004692e+01
-4.563794e-01 3.957742e-02 8.889047e-01 6.341879e+01 1.836907e-02 9.992165e-01 -3.505791e-02 -1.286798e+00 -8.895957e-01 3.286432e-04 -4.567488e-01 -1.052004e+01
-4.606282e-01 3.693210e-02 8.868245e-01 6.430772e+01 2.067331e-02 9.993093e-01 -3.087858e-02 -1.347933e+00 -8.873524e-01 4.110052e-03 -4.610736e-01 -1.101353e+01
-4.657605e-01 3.541903e-02 8.842017e-01 6.517343e+01 1.837541e-02 9.993703e-01 -3.035302e-02 -1.398094e+00 -8.847200e-01 2.110327e-03 -4.661180e-01 -1.148995e+01
-4.694764e-01 3.791906e-02 8.821304e-01 6.604157e+01 1.939143e-02 9.992792e-01 -3.263453e-02 -1.452947e+00 -8.827321e-01 1.784629e-03 -4.698733e-01 -1.197687e+01
-4.736054e-01 4.046740e-02 8.798070e-01 6.690146e+01 2.015277e-02 9.991803e-01 -3.510971e-02 -1.505403e+00 -8.805066e-01 1.102403e-03 -4.740326e-01 -1.245776e+01
-4.785882e-01 4.097161e-02 8.770830e-01 6.774978e+01 1.853364e-02 9.991595e-01 -3.656118e-02 -1.563115e+00 -8.778438e-01 -1.242214e-03 -4.789454e-01 -1.292825e+01
-4.814302e-01 4.165403e-02 8.754941e-01 6.860928e+01 1.759999e-02 9.991281e-01 -3.785810e-02 -1.620929e+00 -8.763077e-01 -2.817342e-03 -4.817435e-01 -1.340172e+01
-4.841885e-01 4.111968e-02 8.739969e-01 6.946790e+01 1.776835e-02 9.991512e-01 -3.716437e-02 -1.680052e+00 -8.747833e-01 -2.465079e-03 -4.845082e-01 -1.388273e+01
-4.867650e-01 3.422412e-02 8.728623e-01 7.031231e+01 1.878144e-02 9.994113e-01 -2.871223e-02 -1.735802e+00 -8.733310e-01 2.417505e-03 -4.871212e-01 -1.436222e+01
-4.880011e-01 2.519581e-02 8.724793e-01 7.116540e+01 1.783900e-02 9.996624e-01 -1.889082e-02 -1.792204e+00 -8.726607e-01 6.345414e-03 -4.882858e-01 -1.485659e+01
-4.896046e-01 2.212621e-02 8.716638e-01 7.199753e+01 1.750883e-02 9.997259e-01 -1.554239e-02 -1.838563e+00 -8.717688e-01 7.652187e-03 -4.898578e-01 -1.533207e+01
-4.899675e-01 2.729754e-02 8.713132e-01 7.283280e+01 1.726893e-02 9.996174e-01 -2.160633e-02 -1.882044e+00 -8.715697e-01 4.460251e-03 -4.902514e-01 -1.580831e+01
-4.903540e-01 3.310500e-02 8.708944e-01 7.365422e+01 1.814304e-02 9.994495e-01 -2.777635e-02 -1.926908e+00 -8.713345e-01 2.180424e-03 -4.906847e-01 -1.628638e+01
-4.901152e-01 3.730738e-02 8.708589e-01 7.446779e+01 2.331229e-02 9.992873e-01 -2.968917e-02 -1.974042e+00 -8.713458e-01 5.750602e-03 -4.906357e-01 -1.676326e+01
-4.885731e-01 3.806144e-02 8.716924e-01 7.530245e+01 2.646823e-02 9.992348e-01 -2.879531e-02 -2.026726e+00 -8.721214e-01 9.003542e-03 -4.892067e-01 -1.724889e+01
-4.876769e-01 3.580027e-02 8.722899e-01 7.612946e+01 2.653523e-02 9.993051e-01 -2.617796e-02 -2.074000e+00 -8.726209e-01 1.038002e-02 -4.882879e-01 -1.771292e+01
-4.872444e-01 3.088757e-02 8.727192e-01 7.694602e+01 2.504676e-02 9.994574e-01 -2.138938e-02 -2.110482e+00 -8.729064e-01 1.143693e-02 -4.877537e-01 -1.816841e+01
-4.854417e-01 2.552575e-02 8.738963e-01 7.778011e+01 2.415218e-02 9.995837e-01 -1.578065e-02 -2.145366e+00 -8.739354e-01 1.344591e-02 -4.858561e-01 -1.863065e+01
-4.850429e-01 2.038548e-02 8.742527e-01 7.860468e+01 1.679320e-02 9.997610e-01 -1.399502e-02 -2.181346e+00 -8.743291e-01 7.893314e-03 -4.852694e-01 -1.907347e+01
-4.833833e-01 1.644555e-02 8.752543e-01 7.943265e+01 1.027023e-02 9.998613e-01 -1.311483e-02 -2.203133e+00 -8.753485e-01 2.649572e-03 -4.834852e-01 -1.951228e+01
-4.814571e-01 1.656581e-02 8.763131e-01 8.025100e+01 1.329443e-02 9.998444e-01 -1.159692e-02 -2.232553e+00 -8.763688e-01 6.066659e-03 -4.816024e-01 -1.996255e+01
-4.788436e-01 1.966224e-02 8.776800e-01 8.106031e+01 1.867827e-02 9.997510e-01 -1.220647e-02 -2.267492e+00 -8.777015e-01 1.054856e-02 -4.790916e-01 -2.040479e+01
-4.722639e-01 2.275028e-02 8.811636e-01 8.189585e+01 2.016736e-02 9.996841e-01 -1.500151e-02 -2.299929e+00 -8.812265e-01 1.068608e-02 -4.725735e-01 -2.085311e+01
-4.641304e-01 2.415992e-02 8.854373e-01 8.272133e+01 2.453308e-02 9.995951e-01 -1.441501e-02 -2.335009e+00 -8.854271e-01 1.503206e-02 -4.645352e-01 -2.129239e+01
-4.563030e-01 2.621440e-02 8.894382e-01 8.354514e+01 3.162519e-02 9.994122e-01 -1.323119e-02 -2.376926e+00 -8.892623e-01 2.209123e-02 -4.568639e-01 -2.172339e+01
-4.456734e-01 2.580572e-02 8.948236e-01 8.438941e+01 3.047025e-02 9.994425e-01 -1.364688e-02 -2.409281e+00 -8.946769e-01 2.118344e-02 -4.462113e-01 -2.213914e+01
-4.352346e-01 2.359976e-02 9.000077e-01 8.523349e+01 2.791443e-02 9.995295e-01 -1.271026e-02 -2.434190e+00 -8.998843e-01 1.959125e-02 -4.356886e-01 -2.253913e+01
-4.234577e-01 2.137205e-02 9.056637e-01 8.607547e+01 3.011162e-02 9.995013e-01 -9.507271e-03 -2.460838e+00 -9.054153e-01 2.324508e-02 -4.238901e-01 -2.293028e+01
-4.122546e-01 2.030048e-02 9.108425e-01 8.691892e+01 3.054010e-02 9.994978e-01 -8.453700e-03 -2.488574e+00 -9.105567e-01 2.433214e-02 -4.126676e-01 -2.330920e+01
-4.011894e-01 2.021206e-02 9.157721e-01 8.775574e+01 3.219716e-02 9.994499e-01 -7.953702e-03 -2.502905e+00 -9.154291e-01 2.629432e-02 -4.016194e-01 -2.367198e+01
-3.878659e-01 2.172537e-02 9.214597e-01 8.861829e+01 3.575423e-02 9.993244e-01 -8.511326e-03 -2.530826e+00 -9.210221e-01 2.964483e-02 -3.883806e-01 -2.403369e+01
-3.751671e-01 2.644966e-02 9.265798e-01 8.946693e+01 3.705649e-02 9.992217e-01 -1.351929e-02 -2.557011e+00 -9.262162e-01 2.926380e-02 -3.758553e-01 -2.437541e+01
-3.637264e-01 3.527310e-02 9.308377e-01 9.030717e+01 3.942525e-02 9.989703e-01 -2.244942e-02 -2.591604e+00 -9.306711e-01 2.853306e-02 -3.647426e-01 -2.470217e+01
-3.497957e-01 4.067442e-02 9.359426e-01 9.117162e+01 4.025934e-02 9.987867e-01 -2.835914e-02 -2.626381e+00 -9.359606e-01 2.776053e-02 -3.510088e-01 -2.501818e+01
-3.378892e-01 3.945059e-02 9.403587e-01 9.204347e+01 4.084990e-02 9.987943e-01 -2.722395e-02 -2.658937e+00 -9.402990e-01 2.921488e-02 -3.390934e-01 -2.532215e+01
-3.241514e-01 3.644751e-02 9.453028e-01 9.293776e+01 4.201248e-02 9.988263e-01 -2.410479e-02 -2.702977e+00 -9.450719e-01 3.190091e-02 -3.253022e-01 -2.562488e+01
-3.134763e-01 3.727769e-02 9.488640e-01 9.382196e+01 3.944374e-02 9.988779e-01 -2.621154e-02 -2.746204e+00 -9.487765e-01 2.921005e-02 -3.145950e-01 -2.590628e+01
-3.061813e-01 4.232325e-02 9.510319e-01 9.469816e+01 3.633189e-02 9.988029e-01 -3.275226e-02 -2.788881e+00 -9.512797e-01 2.452466e-02 -3.073525e-01 -2.617673e+01
-3.003464e-01 4.773260e-02 9.526351e-01 9.558600e+01 3.044887e-02 9.987178e-01 -4.044171e-02 -2.833771e+00 -9.533441e-01 1.686014e-02 -3.014147e-01 -2.644124e+01
-2.970203e-01 4.989450e-02 9.535667e-01 9.646850e+01 2.840093e-02 9.986537e-01 -4.340721e-02 -2.883507e+00 -9.544487e-01 1.418936e-02 -2.980374e-01 -2.670628e+01
-2.951111e-01 5.027295e-02 9.541394e-01 9.733539e+01 2.960735e-02 9.986164e-01 -4.345899e-02 -2.930239e+00 -9.550041e-01 1.542431e-02 -2.961913e-01 -2.697135e+01
-2.899945e-01 5.035384e-02 9.557027e-01 9.821507e+01 3.032841e-02 9.985968e-01 -4.341111e-02 -2.978096e+00 -9.565476e-01 1.639596e-02 -2.911147e-01 -2.723822e+01
-2.859791e-01 4.805852e-02 9.570300e-01 9.907599e+01 3.256098e-02 9.986521e-01 -4.041878e-02 -3.018686e+00 -9.576825e-01 1.960291e-02 -2.871584e-01 -2.748742e+01
-2.810915e-01 4.597075e-02 9.585793e-01 9.997120e+01 3.594706e-02 9.986554e-01 -3.735166e-02 -3.057410e+00 -9.590075e-01 2.395888e-02 -2.823661e-01 -2.774484e+01
-2.771446e-01 4.470088e-02 9.597879e-01 1.008500e+02 3.925610e-02 9.986099e-01 -3.517353e-02 -3.099243e+00 -9.600260e-01 2.792937e-02 -2.785141e-01 -2.799981e+01
-2.729879e-01 4.577005e-02 9.609281e-01 1.017190e+02 3.971989e-02 9.985521e-01 -3.627818e-02 -3.135609e+00 -9.611971e-01 2.826445e-02 -2.744106e-01 -2.823605e+01
-2.664063e-01 4.701623e-02 9.627134e-01 1.026158e+02 3.349937e-02 9.986578e-01 -3.950156e-02 -3.178681e+00 -9.632785e-01 2.172683e-02 -2.676238e-01 -2.845955e+01
-2.594365e-01 5.097407e-02 9.644140e-01 1.034962e+02 3.786945e-02 9.983750e-01 -4.258184e-02 -3.228384e+00 -9.650174e-01 2.547454e-02 -2.609453e-01 -2.868267e+01
-2.530287e-01 5.493966e-02 9.658976e-01 1.043608e+02 4.275584e-02 9.980458e-01 -4.556782e-02 -3.280557e+00 -9.665135e-01 2.976780e-02 -2.548832e-01 -2.890405e+01
-2.469978e-01 5.397495e-02 9.675117e-01 1.052467e+02 4.407592e-02 9.980399e-01 -4.442582e-02 -3.327826e+00 -9.680131e-01 3.167089e-02 -2.488926e-01 -2.912234e+01
-2.414302e-01 4.967177e-02 9.691461e-01 1.061147e+02 4.515277e-02 9.981825e-01 -3.991168e-02 -3.379729e+00 -9.693671e-01 3.412374e-02 -2.432343e-01 -2.933414e+01
-2.346710e-01 4.704021e-02 9.709360e-01 1.069809e+02 4.598388e-02 9.982475e-01 -3.724930e-02 -3.434631e+00 -9.709866e-01 3.590607e-02 -2.364228e-01 -2.953785e+01
-2.284961e-01 4.984914e-02 9.722678e-01 1.078642e+02 4.523840e-02 9.981531e-01 -4.054467e-02 -3.487434e+00 -9.724932e-01 3.471954e-02 -2.303292e-01 -2.973230e+01
-2.226489e-01 5.289859e-02 9.734625e-01 1.087481e+02 4.715754e-02 9.979423e-01 -4.344303e-02 -3.541912e+00 -9.737575e-01 3.623355e-02 -2.246854e-01 -2.992022e+01
-2.156483e-01 5.362818e-02 9.749973e-01 1.096211e+02 4.774256e-02 9.978756e-01 -4.432695e-02 -3.591684e+00 -9.753033e-01 3.698984e-02 -2.177505e-01 -3.009848e+01
-2.096547e-01 5.305472e-02 9.763350e-01 1.105065e+02 4.807423e-02 9.978785e-01 -4.390211e-02 -3.648312e+00 -9.765929e-01 3.773227e-02 -2.117605e-01 -3.027453e+01
-2.007726e-01 5.300388e-02 9.782029e-01 1.113798e+02 5.205717e-02 9.977017e-01 -4.337588e-02 -3.702740e+00 -9.782538e-01 4.221379e-02 -2.030704e-01 -3.044896e+01
-1.918616e-01 5.341141e-02 9.799675e-01 1.122637e+02 5.615549e-02 9.974796e-01 -4.337155e-02 -3.764350e+00 -9.798141e-01 4.670922e-02 -1.943774e-01 -3.061714e+01
-1.842473e-01 5.443750e-02 9.813712e-01 1.131598e+02 5.887691e-02 9.972833e-01 -4.426633e-02 -3.815778e+00 -9.811149e-01 4.962415e-02 -1.869519e-01 -3.077746e+01
-1.762992e-01 5.437292e-02 9.828337e-01 1.140503e+02 5.417069e-02 9.974960e-01 -4.546702e-02 -3.866163e+00 -9.828449e-01 4.522498e-02 -1.788032e-01 -3.091275e+01
-1.693519e-01 5.341520e-02 9.841071e-01 1.149543e+02 5.033219e-02 9.976960e-01 -4.549126e-02 -3.922807e+00 -9.842696e-01 4.182824e-02 -1.716502e-01 -3.104532e+01
-1.650306e-01 5.399547e-02 9.848093e-01 1.158574e+02 5.468745e-02 9.974652e-01 -4.552505e-02 -3.974621e+00 -9.847711e-01 4.634368e-02 -1.675651e-01 -3.118616e+01
-1.601637e-01 5.408303e-02 9.856077e-01 1.167389e+02 5.582780e-02 9.973959e-01 -4.565772e-02 -4.034568e+00 -9.855104e-01 4.771160e-02 -1.627660e-01 -3.131299e+01
-1.561293e-01 5.559723e-02 9.861707e-01 1.176440e+02 5.669669e-02 9.972729e-01 -4.724699e-02 -4.094278e+00 -9.861081e-01 4.853597e-02 -1.588557e-01 -3.144632e+01
-1.507720e-01 5.503657e-02 9.870354e-01 1.185210e+02 6.236385e-02 9.969898e-01 -4.606540e-02 -4.143008e+00 -9.865995e-01 5.460995e-02 -1.537504e-01 -3.158466e+01
-1.463256e-01 5.416174e-02 9.877527e-01 1.193977e+02 6.959127e-02 9.965898e-01 -4.433706e-02 -4.198055e+00 -9.867856e-01 6.225131e-02 -1.495958e-01 -3.172200e+01
-1.432690e-01 5.360088e-02 9.882312e-01 1.202895e+02 7.183664e-02 9.964616e-01 -4.363276e-02 -4.258828e+00 -9.870732e-01 6.473999e-02 -1.466125e-01 -3.185049e+01
-1.401968e-01 5.582146e-02 9.885488e-01 1.211651e+02 7.025387e-02 9.964539e-01 -4.630438e-02 -4.312521e+00 -9.876281e-01 6.295765e-02 -1.436213e-01 -3.196389e+01
-1.373152e-01 5.773991e-02 9.888431e-01 1.220467e+02 6.844211e-02 9.964667e-01 -4.868088e-02 -4.374254e+00 -9.881600e-01 6.099388e-02 -1.407818e-01 -3.207848e+01
-1.356952e-01 5.721117e-02 9.890974e-01 1.229316e+02 6.720716e-02 9.965633e-01 -4.842279e-02 -4.438723e+00 -9.884685e-01 5.990369e-02 -1.390739e-01 -3.219180e+01
-1.345660e-01 5.597150e-02 9.893226e-01 1.237952e+02 6.662768e-02 9.966550e-01 -4.732375e-02 -4.500770e+00 -9.886621e-01 5.954810e-02 -1.378451e-01 -3.230533e+01
-1.337035e-01 5.146318e-02 9.896843e-01 1.246775e+02 6.848615e-02 9.967431e-01 -4.257795e-02 -4.565171e+00 -9.886521e-01 6.208684e-02 -1.367926e-01 -3.242151e+01
-1.326482e-01 4.601504e-02 9.900945e-01 1.255399e+02 6.818620e-02 9.969788e-01 -3.719973e-02 -4.624776e+00 -9.888150e-01 6.257630e-02 -1.353851e-01 -3.252908e+01
-1.320919e-01 4.333391e-02 9.902898e-01 1.264039e+02 6.935948e-02 9.969993e-01 -3.437585e-02 -4.681400e+00 -9.888079e-01 6.414521e-02 -1.347011e-01 -3.264235e+01
-1.323134e-01 4.654465e-02 9.901145e-01 1.272649e+02 6.931709e-02 9.968858e-01 -3.759982e-02 -4.740204e+00 -9.887812e-01 6.365690e-02 -1.351277e-01 -3.275368e+01
-1.327417e-01 4.952919e-02 9.899124e-01 1.281073e+02 6.997026e-02 9.967271e-01 -4.048753e-02 -4.796273e+00 -9.886778e-01 6.389005e-02 -1.357728e-01 -3.286243e+01
-1.333791e-01 4.857033e-02 9.898742e-01 1.289663e+02 6.761626e-02 9.969170e-01 -3.980505e-02 -4.848024e+00 -9.887558e-01 6.162243e-02 -1.362521e-01 -3.297455e+01
-1.343858e-01 4.743572e-02 9.897931e-01 1.298266e+02 6.685773e-02 9.970115e-01 -3.870429e-02 -4.903861e+00 -9.886711e-01 6.097401e-02 -1.371556e-01 -3.308568e+01
-1.338777e-01 4.702068e-02 9.898817e-01 1.306635e+02 7.147836e-02 9.967302e-01 -3.767882e-02 -4.957688e+00 -9.884167e-01 6.571077e-02 -1.368009e-01 -3.320637e+01
-1.346617e-01 4.871958e-02 9.896932e-01 1.315110e+02 7.112713e-02 9.966894e-01 -3.938613e-02 -5.011845e+00 -9.883355e-01 6.509023e-02 -1.376812e-01 -3.331980e+01
-1.351784e-01 5.093293e-02 9.895113e-01 1.323369e+02 6.396346e-02 9.970433e-01 -4.258249e-02 -5.050832e+00 -9.887545e-01 5.753633e-02 -1.380366e-01 -3.342138e+01
-1.350883e-01 5.274742e-02 9.894285e-01 1.331698e+02 6.047758e-02 9.971591e-01 -4.490243e-02 -5.099238e+00 -9.889861e-01 5.377245e-02 -1.378946e-01 -3.352774e+01
-1.360080e-01 5.507607e-02 9.891756e-01 1.339924e+02 6.137273e-02 9.970043e-01 -4.707344e-02 -5.156087e+00 -9.888049e-01 5.430605e-02 -1.389807e-01 -3.364112e+01
-1.358088e-01 5.559767e-02 9.891738e-01 1.348151e+02 6.366159e-02 9.968505e-01 -4.728872e-02 -5.213753e+00 -9.886876e-01 5.655016e-02 -1.389205e-01 -3.376020e+01
-1.354458e-01 5.639057e-02 9.891787e-01 1.356416e+02 6.366814e-02 9.968109e-01 -4.810774e-02 -5.266782e+00 -9.887370e-01 5.646318e-02 -1.386041e-01 -3.387576e+01
-1.338005e-01 5.517309e-02 9.894713e-01 1.364661e+02 6.921102e-02 9.965313e-01 -4.620776e-02 -5.314769e+00 -9.885885e-01 6.229969e-02 -1.371550e-01 -3.400494e+01
-1.323310e-01 5.163916e-02 9.898595e-01 1.373142e+02 7.586226e-02 9.962405e-01 -4.183027e-02 -5.370412e+00 -9.882982e-01 6.955754e-02 -1.357510e-01 -3.413899e+01
-1.316580e-01 4.718457e-02 9.901716e-01 1.381377e+02 8.097430e-02 9.960404e-01 -3.669751e-02 -5.418491e+00 -9.879825e-01 7.534693e-02 -1.349574e-01 -3.426753e+01
-1.294744e-01 4.738979e-02 9.904497e-01 1.389772e+02 8.634543e-02 9.956019e-01 -3.634899e-02 -5.461891e+00 -9.878162e-01 8.081454e-02 -1.329968e-01 -3.439647e+01
-1.264039e-01 5.188380e-02 9.906211e-01 1.397614e+02 9.135947e-02 9.949959e-01 -4.045540e-02 -5.510036e+00 -9.877629e-01 8.538890e-02 -1.305115e-01 -3.452491e+01
-1.218825e-01 5.553241e-02 9.909898e-01 1.404596e+02 9.824936e-02 9.942050e-01 -4.362883e-02 -5.546362e+00 -9.876698e-01 9.204652e-02 -1.266322e-01 -3.463518e+01
-1.152604e-01 5.595436e-02 9.917581e-01 1.411897e+02 9.914418e-02 9.940747e-01 -4.456270e-02 -5.584159e+00 -9.883752e-01 9.319073e-02 -1.201250e-01 -3.474071e+01
-1.063754e-01 5.258259e-02 9.929347e-01 1.419733e+02 1.062898e-01 9.934803e-01 -4.122440e-02 -5.615709e+00 -9.886287e-01 1.011536e-01 -1.112709e-01 -3.485494e+01
-9.556760e-02 5.116967e-02 9.941069e-01 1.427271e+02 1.159397e-01 9.924530e-01 -3.993877e-02 -5.648165e+00 -9.886480e-01 1.114396e-01 -1.007789e-01 -3.495864e+01
-8.294617e-02 5.385676e-02 9.950977e-01 1.434764e+02 1.250034e-01 9.912142e-01 -4.322695e-02 -5.680520e+00 -9.886830e-01 1.208050e-01 -8.894969e-02 -3.505536e+01
-6.893971e-02 5.569206e-02 9.960651e-01 1.442665e+02 1.309969e-01 9.903009e-01 -4.630321e-02 -5.714331e+00 -9.889829e-01 1.272893e-01 -7.556655e-02 -3.514251e+01
-5.578643e-02 5.599069e-02 9.968716e-01 1.450332e+02 1.352864e-01 9.896425e-01 -4.801383e-02 -5.749427e+00 -9.892348e-01 1.321847e-01 -6.278340e-02 -3.521094e+01
-4.273960e-02 5.811594e-02 9.973945e-01 1.457705e+02 1.439316e-01 9.882510e-01 -5.141552e-02 -5.787667e+00 -9.886643e-01 1.413591e-01 -5.060218e-02 -3.526746e+01
-2.963395e-02 6.428506e-02 9.974915e-01 1.464766e+02 1.511399e-01 9.867440e-01 -5.910228e-02 -5.833696e+00 -9.880681e-01 1.490093e-01 -3.895716e-02 -3.530481e+01
-1.770666e-02 7.305306e-02 9.971709e-01 1.471191e+02 1.539965e-01 9.856260e-01 -6.947278e-02 -5.878266e+00 -9.879127e-01 1.523307e-01 -2.870206e-02 -3.531950e+01
-5.358194e-03 8.054781e-02 9.967363e-01 1.477618e+02 1.550868e-01 9.847574e-01 -7.874607e-02 -5.928594e+00 -9.878863e-01 1.541587e-01 -1.776842e-02 -3.532414e+01
7.631801e-03 8.128780e-02 9.966615e-01 1.484921e+02 1.589152e-01 9.839254e-01 -8.146592e-02 -5.986032e+00 -9.872627e-01 1.590064e-01 -5.408747e-03 -3.532736e+01
2.020437e-02 7.780678e-02 9.967637e-01 1.492471e+02 1.595535e-01 9.839392e-01 -8.003985e-02 -6.048396e+00 -9.869825e-01 1.606543e-01 7.465529e-03 -3.531779e+01
2.989206e-02 7.545869e-02 9.967008e-01 1.499312e+02 1.540094e-01 9.848914e-01 -7.918351e-02 -6.113817e+00 -9.876171e-01 1.558682e-01 1.781908e-02 -3.530127e+01
3.697713e-02 8.097285e-02 9.960302e-01 1.505718e+02 1.477241e-01 9.853185e-01 -8.558622e-02 -6.183496e+00 -9.883371e-01 1.503024e-01 2.447261e-02 -3.528169e+01
4.181385e-02 8.834222e-02 9.952122e-01 1.512077e+02 1.417060e-01 9.854896e-01 -9.343295e-02 -6.249716e+00 -9.890253e-01 1.449343e-01 2.868849e-02 -3.526213e+01
4.399495e-02 9.104365e-02 9.948746e-01 1.518689e+02 1.350882e-01 9.861506e-01 -9.621911e-02 -6.315051e+00 -9.898564e-01 1.386290e-01 3.108673e-02 -3.524231e+01
4.325981e-02 8.679215e-02 9.952867e-01 1.525607e+02 1.325724e-01 9.869108e-01 -9.182396e-02 -6.387620e+00 -9.902288e-01 1.359198e-01 3.118734e-02 -3.522364e+01
4.130054e-02 8.223203e-02 9.957571e-01 1.531986e+02 1.296355e-01 9.877423e-01 -8.694698e-02 -6.463298e+00 -9.907012e-01 1.326765e-01 3.013409e-02 -3.521406e+01
3.823869e-02 7.938309e-02 9.961105e-01 1.538928e+02 1.303708e-01 9.879230e-01 -8.373528e-02 -6.535048e+00 -9.907276e-01 1.330656e-01 2.742765e-02 -3.520773e+01
3.596025e-02 7.925634e-02 9.962054e-01 1.545980e+02 1.312063e-01 9.878469e-01 -8.332753e-02 -6.601065e+00 -9.907027e-01 1.337049e-01 2.512429e-02 -3.520329e+01
3.392749e-02 7.937520e-02 9.962673e-01 1.552974e+02 1.354884e-01 9.872733e-01 -8.327263e-02 -6.668790e+00 -9.901979e-01 1.378079e-01 2.274129e-02 -3.520199e+01
3.100205e-02 7.820994e-02 9.964548e-01 1.559946e+02 1.380736e-01 9.870410e-01 -8.176686e-02 -6.735549e+00 -9.899366e-01 1.401190e-01 1.980157e-02 -3.519793e+01
2.703444e-02 7.796216e-02 9.965897e-01 1.567284e+02 1.396331e-01 9.868856e-01 -8.099083e-02 -6.803323e+00 -9.898342e-01 1.413464e-01 1.579381e-02 -3.518955e+01
2.269109e-02 7.656883e-02 9.968061e-01 1.574562e+02 1.441789e-01 9.863891e-01 -7.905072e-02 -6.857930e+00 -9.892914e-01 1.455121e-01 1.134264e-02 -3.518636e+01
1.800256e-02 7.377452e-02 9.971124e-01 1.581678e+02 1.494699e-01 9.858687e-01 -7.564125e-02 -6.925633e+00 -9.886024e-01 1.504000e-01 6.721093e-03 -3.519138e+01
1.316133e-02 7.300417e-02 9.972448e-01 1.588923e+02 1.517527e-01 9.856327e-01 -7.415689e-02 -6.992381e+00 -9.883309e-01 1.523106e-01 1.893654e-03 -3.519474e+01
8.505229e-03 7.407432e-02 9.972165e-01 1.596204e+02 1.530837e-01 9.854008e-01 -7.450229e-02 -7.054377e+00 -9.881766e-01 1.532912e-01 -2.958510e-03 -3.519868e+01
4.034138e-03 7.582679e-02 9.971128e-01 1.603278e+02 1.549066e-01 9.850373e-01 -7.553521e-02 -7.118725e+00 -9.879209e-01 1.547641e-01 -7.772293e-03 -3.520574e+01
1.010594e-03 7.711872e-02 9.970214e-01 1.610625e+02 1.586177e-01 9.843873e-01 -7.630226e-02 -7.183303e+00 -9.873396e-01 1.582224e-01 -1.123758e-02 -3.522194e+01
-1.387777e-03 7.843143e-02 9.969185e-01 1.617785e+02 1.636567e-01 9.834962e-01 -7.714762e-02 -7.242345e+00 -9.865164e-01 1.630454e-01 -1.420070e-02 -3.524047e+01
-1.330471e-03 7.657308e-02 9.970631e-01 1.624966e+02 1.682082e-01 9.828744e-01 -7.525895e-02 -7.305677e+00 -9.857506e-01 1.676140e-01 -1.418790e-02 -3.526324e+01
2.310859e-03 7.282797e-02 9.973418e-01 1.631968e+02 1.688272e-01 9.829998e-01 -7.217186e-02 -7.384559e+00 -9.856430e-01 1.685452e-01 -1.002377e-02 -3.527356e+01
9.766432e-03 7.200515e-02 9.973564e-01 1.639123e+02 1.684240e-01 9.830359e-01 -7.262053e-02 -7.464389e+00 -9.856663e-01 1.686880e-01 -2.526641e-03 -3.527612e+01
2.092599e-02 7.251166e-02 9.971480e-01 1.646161e+02 1.703393e-01 9.825253e-01 -7.502302e-02 -7.541098e+00 -9.851632e-01 1.714235e-01 8.208729e-03 -3.526979e+01
3.541086e-02 7.249092e-02 9.967403e-01 1.652915e+02 1.731191e-01 9.818424e-01 -7.755778e-02 -7.610352e+00 -9.842641e-01 1.753012e-01 2.221833e-02 -3.525664e+01
5.050380e-02 7.006635e-02 9.962631e-01 1.659769e+02 1.711453e-01 9.821731e-01 -7.775132e-02 -7.686858e+00 -9.839505e-01 1.744325e-01 3.761194e-02 -3.522157e+01
6.549318e-02 6.491847e-02 9.957390e-01 1.666678e+02 1.650617e-01 9.834296e-01 -7.497261e-02 -7.766390e+00 -9.841063e-01 1.692685e-01 5.369238e-02 -3.516684e+01
8.147126e-02 5.817353e-02 9.949765e-01 1.673304e+02 1.635061e-01 9.839899e-01 -7.091948e-02 -7.838215e+00 -9.831725e-01 1.684627e-01 7.065517e-02 -3.510926e+01
9.830023e-02 5.097510e-02 9.938504e-01 1.680035e+02 1.624582e-01 9.844678e-01 -6.656235e-02 -7.906267e+00 -9.818067e-01 1.680022e-01 8.849209e-02 -3.504661e+01
1.159893e-01 4.336253e-02 9.923035e-01 1.686824e+02 1.619119e-01 9.848579e-01 -6.196289e-02 -7.971417e+00 -9.799648e-01 1.678527e-01 1.072121e-01 -3.496671e+01
1.338159e-01 3.801424e-02 9.902768e-01 1.693352e+02 1.595314e-01 9.854051e-01 -5.938466e-02 -8.031468e+00 -9.780813e-01 1.659269e-01 1.257984e-01 -3.487524e+01
1.520051e-01 3.562143e-02 9.877376e-01 1.699927e+02 1.580303e-01 9.856179e-01 -5.986461e-02 -8.095779e+00 -9.756643e-01 1.651922e-01 1.441897e-01 -3.477272e+01
1.698333e-01 3.493270e-02 9.848535e-01 1.706236e+02 1.562465e-01 9.857760e-01 -6.190940e-02 -8.158304e+00 -9.730075e-01 1.643942e-01 1.619595e-01 -3.466377e+01
1.879035e-01 3.461156e-02 9.815775e-01 1.712705e+02 1.528983e-01 9.861646e-01 -6.404266e-02 -8.216191e+00 -9.702136e-01 1.621154e-01 1.800117e-01 -3.453923e+01
2.050354e-01 3.440237e-02 9.781498e-01 1.719288e+02 1.528768e-01 9.859902e-01 -6.672347e-02 -8.257880e+00 -9.667415e-01 1.632170e-01 1.969036e-01 -3.439754e+01
2.197380e-01 3.182778e-02 9.750396e-01 1.725439e+02 1.514536e-01 9.862367e-01 -6.632535e-02 -8.301960e+00 -9.637308e-01 1.622475e-01 2.118933e-01 -3.425220e+01
2.322769e-01 2.740768e-02 9.722635e-01 1.731546e+02 1.578162e-01 9.852952e-01 -6.547785e-02 -8.345984e+00 -9.597612e-01 1.686479e-01 2.245360e-01 -3.411677e+01
2.432908e-01 2.563839e-02 9.696145e-01 1.737826e+02 1.647520e-01 9.840323e-01 -6.735836e-02 -8.392717e+00 -9.558590e-01 1.761336e-01 2.351821e-01 -3.396924e+01
2.526918e-01 2.918061e-02 9.671067e-01 1.743552e+02 1.644881e-01 9.836993e-01 -7.265976e-02 -8.439162e+00 -9.534624e-01 1.774381e-01 2.437728e-01 -3.381720e+01
2.612031e-01 3.609031e-02 9.646089e-01 1.749459e+02 1.640831e-01 9.830977e-01 -8.121355e-02 -8.489601e+00 -9.512359e-01 1.794893e-01 2.508664e-01 -3.365784e+01
2.692536e-01 4.526370e-02 9.620050e-01 1.755028e+02 1.664277e-01 9.816799e-01 -9.277053e-02 -8.541835e+00 -9.485802e-01 1.850830e-01 2.567878e-01 -3.351004e+01
2.760154e-01 5.112448e-02 9.597926e-01 1.760630e+02 1.723779e-01 9.797605e-01 -1.017602e-01 -8.597924e+00 -9.455693e-01 1.935344e-01 2.616163e-01 -3.337104e+01
2.820650e-01 4.936737e-02 9.581243e-01 1.766628e+02 1.759022e-01 9.790848e-01 -1.022317e-01 -8.660949e+00 -9.431319e-01 1.973721e-01 2.674817e-01 -3.320727e+01
2.878411e-01 4.275557e-02 9.567233e-01 1.772574e+02 1.762763e-01 9.795684e-01 -9.681124e-02 -8.722816e+00 -9.413151e-01 1.965139e-01 2.744232e-01 -3.303414e+01
2.921727e-01 3.259699e-02 9.558099e-01 1.778649e+02 1.754668e-01 9.806266e-01 -8.708017e-02 -8.794764e+00 -9.401311e-01 1.931553e-01 2.807927e-01 -3.285656e+01
2.945305e-01 2.473003e-02 9.553220e-01 1.784571e+02 1.771356e-01 9.809293e-01 -8.000472e-02 -8.864954e+00 -9.390819e-01 1.927854e-01 2.845330e-01 -3.268368e+01
2.958490e-01 2.296963e-02 9.549585e-01 1.790593e+02 1.811237e-01 9.802264e-01 -7.969005e-02 -8.941067e+00 -9.379060e-01 1.965418e-01 2.858386e-01 -3.251439e+01
