1.000000e+00 0.000000e+00 0.000000e+00 0.000000e+00 0.000000e+00 1.000000e+00 0.000000e+00 0.000000e+00 0.000000e+00 0.000000e+00 1.000000e+00 0.000000e+00
9.999982e-01 8.822450e-04 1.650993e-03 1.182278e-04 -8.741716e-04 9.999877e-01 -4.884386e-03 -2.105507e-02 -1.655281e-03 4.882934e-03 9.999867e-01 9.510661e-01
9.999961e-01 -1.179942e-03 2.547947e-03 1.112838e-02 1.194673e-03 9.999825e-01 -5.787412e-03 -4.488580e-02 -2.541073e-03 5.790433e-03 9.999800e-01 1.903295e+00
9.999870e-01 -3.479400e-03 3.740787e-03 1.955155e-02 3.488354e-03 9.999911e-01 -2.389831e-03 -6.424124e-02 -3.732438e-03 2.402849e-03 9.999901e-01 2.859533e+00
9.999735e-01 -7.023298e-03 1.915647e-03 2.822613e-02 7.017804e-03 9.999713e-01 2.859551e-03 -8.731683e-02 -1.935676e-03 -2.846032e-03 9.999941e-01 3.816506e+00
9.999505e-01 -9.944850e-03 4.263302e-04 3.093983e-02 9.943392e-03 9.999451e-01 3.295039e-03 -1.079197e-01 -4.590754e-04 -3.290637e-03 9.999945e-01 4.758241e+00
9.999189e-01 -1.272476e-02 4.419784e-04 3.110090e-02 1.272460e-02 9.999190e-01 3.474667e-04 -1.272022e-01 -4.463640e-04 -3.418145e-04 9.999998e-01 5.693296e+00
9.999137e-01 -1.306346e-02 -1.408185e-03 2.475115e-02 1.305958e-02 9.999110e-01 -2.728044e-03 -1.460607e-01 1.443697e-03 2.709418e-03 9.999953e-01 6.621513e+00
9.998988e-01 -1.405047e-02 -2.233195e-03 1.140704e-02 1.404239e-02 9.998949e-01 -3.596572e-03 -1.656847e-01 2.283493e-03 3.564849e-03 9.999910e-01 7.550678e+00
9.998849e-01 -1.501911e-02 -2.169664e-03 -2.111611e-03 1.501524e-02 9.998857e-01 -1.786802e-03 -1.800297e-01 2.196252e-03 1.754018e-03 9.999960e-01 8.473711e+00
9.998632e-01 -1.613807e-02 -3.625377e-03 -1.317056e-02 1.614123e-02 9.998694e-01 8.461339e-04 -1.967692e-01 3.611248e-03 -9.045362e-04 9.999931e-01 9.384996e+00
9.998498e-01 -1.681514e-02 -4.207547e-03 -2.393865e-02 1.682363e-02 9.998565e-01 1.989934e-03 -2.148634e-01 4.173482e-03 -2.060421e-03 9.999892e-01 1.029734e+01
9.998247e-01 -1.839919e-02 -3.463300e-03 -3.671606e-02 1.840833e-02 9.998271e-01 2.626479e-03 -2.355405e-01 3.414376e-03 -2.689772e-03 9.999906e-01 1.120969e+01
9.998098e-01 -1.898356e-02 -4.475887e-03 -4.592861e-02 1.899550e-02 9.998161e-01 2.641742e-03 -2.550040e-01 4.424914e-03 -2.726261e-03 9.999865e-01 1.210915e+01
9.997946e-01 -1.979536e-02 -4.348294e-03 -5.603220e-02 1.979981e-02 9.998035e-01 9.828750e-04 -2.722775e-01 4.327983e-03 -1.068769e-03 9.999901e-01 1.300160e+01
9.997673e-01 -2.111369e-02 -4.424896e-03 -6.267518e-02 2.110880e-02 9.997765e-01 -1.148838e-03 -2.890519e-01 4.448163e-03 1.055167e-03 9.999896e-01 1.389077e+01
9.997457e-01 -2.176545e-02 -5.907545e-03 -7.135357e-02 2.175125e-02 9.997604e-01 -2.457508e-03 -3.060930e-01 5.959619e-03 2.328386e-03 9.999795e-01 1.478843e+01
9.997507e-01 -2.120320e-02 -7.001117e-03 -7.924937e-02 2.118027e-02 9.997701e-01 -3.333147e-03 -3.237857e-01 7.070181e-03 3.184031e-03 9.999699e-01 1.568295e+01
9.997693e-01 -2.005997e-02 -7.675732e-03 -8.961406e-02 2.002848e-02 9.997908e-01 -4.157226e-03 -3.451074e-01 7.757520e-03 4.002534e-03 9.999619e-01 1.658251e+01
9.997816e-01 -1.858049e-02 -9.566833e-03 -1.009071e-01 1.853942e-02 9.998186e-01 -4.363826e-03 -3.646695e-01 9.646180e-03 4.185510e-03 9.999447e-01 1.747788e+01
9.997679e-01 -1.850123e-02 -1.103487e-02 -1.130681e-01 1.846506e-02 9.998238e-01 -3.370691e-03 -3.855345e-01 1.109528e-02 3.166149e-03 9.999334e-01 1.835987e+01
9.997645e-01 -1.848109e-02 -1.137454e-02 -1.253087e-01 1.845859e-02 9.998275e-01 -2.079788e-03 -4.080684e-01 1.141101e-02 1.869341e-03 9.999331e-01 1.922819e+01
9.997517e-01 -1.822490e-02 -1.281955e-02 -1.397420e-01 1.820958e-02 9.998333e-01 -1.310651e-03 -4.292515e-01 1.284130e-02 1.076886e-03 9.999170e-01 2.009182e+01
9.997340e-01 -1.873848e-02 -1.344529e-02 -1.501956e-01 1.872349e-02 9.998239e-01 -1.239582e-03 -4.511511e-01 1.346615e-02 9.875096e-04 9.999088e-01 2.095549e+01
9.997292e-01 -1.868422e-02 -1.387254e-02 -1.580139e-01 1.866431e-02 9.998246e-01 -1.563464e-03 -4.721377e-01 1.389932e-02 1.304119e-03 9.999025e-01 2.182644e+01
9.997109e-01 -1.882519e-02 -1.495870e-02 -1.721082e-01 1.880711e-02 9.998222e-01 -1.348758e-03 -4.917616e-01 1.498143e-02 1.067038e-03 9.998872e-01 2.269082e+01
9.997079e-01 -1.877478e-02 -1.522146e-02 -1.817736e-01 1.878267e-02 9.998235e-01 3.752386e-04 -5.081140e-01 1.521173e-02 -6.610286e-04 9.998841e-01 2.353943e+01
9.996672e-01 -2.001018e-02 -1.628137e-02 -1.949812e-01 2.006403e-02 9.997937e-01 3.151156e-03 -5.265940e-01 1.621495e-02 -3.476777e-03 9.998625e-01 2.438120e+01
9.996526e-01 -2.023518e-02 -1.689048e-02 -2.078936e-01 2.031796e-02 9.997823e-01 4.743570e-03 -5.448144e-01 1.679082e-02 -5.085102e-03 9.998461e-01 2.520909e+01
9.996610e-01 -2.009227e-02 -1.655867e-02 -2.202258e-01 2.016150e-02 9.997886e-01 4.024853e-03 -5.625674e-01 1.647431e-02 -4.357337e-03 9.998548e-01 2.602959e+01
9.996645e-01 -1.946406e-02 -1.708981e-02 -2.335759e-01 1.949941e-02 9.998081e-01 1.903851e-03 -5.777118e-01 1.704947e-02 -2.236454e-03 9.998521e-01 2.683385e+01
9.996485e-01 -1.982324e-02 -1.760422e-02 -2.431416e-01 1.983467e-02 9.998032e-01 4.748679e-04 -5.920010e-01 1.759135e-02 -8.238750e-04 9.998449e-01 2.762637e+01
9.996411e-01 -1.975772e-02 -1.809282e-02 -2.523568e-01 1.976680e-02 9.998046e-01 3.231079e-04 -6.061380e-01 1.808290e-02 -6.806290e-04 9.998363e-01 2.842197e+01
9.995981e-01 -2.060184e-02 -1.947111e-02 -2.586782e-01 2.060790e-02 9.997876e-01 1.102760e-04 -6.253744e-01 1.946470e-02 -5.114903e-04 9.998104e-01 2.919816e+01
9.995635e-01 -2.062040e-02 -2.115882e-02 -2.660946e-01 2.061496e-02 9.997874e-01 -4.752083e-04 -6.419064e-01 2.116412e-02 3.881282e-05 9.997760e-01 2.996825e+01
9.995179e-01 -2.112317e-02 -2.275415e-02 -2.768727e-01 2.111652e-02 9.997769e-01 -5.325187e-04 -6.569799e-01 2.276032e-02 5.177347e-05 9.997409e-01 3.073432e+01
9.994336e-01 -2.204851e-02 -2.542479e-02 -2.868247e-01 2.206767e-02 9.997564e-01 4.734821e-04 -6.683266e-01 2.540816e-02 -1.034280e-03 9.996766e-01 3.148256e+01
9.993400e-01 -2.367703e-02 -2.754802e-02 -2.951465e-01 2.375428e-02 9.997148e-01 2.480256e-03 -6.812386e-01 2.748144e-02 -3.133003e-03 9.996174e-01 3.222523e+01
9.992995e-01 -2.374885e-02 -2.892078e-02 -3.058380e-01 2.387481e-02 9.997069e-01 4.017908e-03 -6.941330e-01 2.881688e-02 -4.705572e-03 9.995736e-01 3.295168e+01
9.992344e-01 -2.320741e-02 -3.149584e-02 -3.229748e-01 2.335293e-02 9.997182e-01 4.260497e-03 -7.088619e-01 3.138809e-02 -4.992755e-03 9.994948e-01 3.366210e+01
9.992462e-01 -2.073647e-02 -3.281804e-02 -3.371340e-01 2.085695e-02 9.997769e-01 3.333242e-03 -7.221056e-01 3.274160e-02 -4.015214e-03 9.994558e-01 3.436649e+01
9.992114e-01 -1.895287e-02 -3.489161e-02 -3.515990e-01 1.904188e-02 9.998162e-01 2.220557e-03 -7.352602e-01 3.484311e-02 -2.883208e-03 9.993886e-01 3.505363e+01
9.991562e-01 -1.839174e-02 -3.672423e-02 -3.807302e-01 1.851849e-02 9.998237e-01 3.114230e-03 -7.460661e-01 3.666048e-02 -3.791680e-03 9.993206e-01 3.573066e+01
9.991368e-01 -1.766280e-02 -3.759812e-02 -4.042511e-01 1.785804e-02 9.998287e-01 4.863152e-03 -7.581629e-01 3.750579e-02 -5.530383e-03 9.992811e-01 3.640043e+01
9.991554e-01 -1.565577e-02 -3.799296e-02 -4.334036e-01 1.587138e-02 9.998596e-01 5.379981e-03 -7.690693e-01 3.790339e-02 -5.978438e-03 9.992635e-01 3.705308e+01
9.992497e-01 -1.296769e-02 -3.649480e-02 -4.643846e-01 1.310887e-02 9.999075e-01 3.631844e-03 -7.836231e-01 3.644433e-02 -4.107524e-03 9.993272e-01 3.770486e+01
9.993430e-01 -1.130445e-02 -3.443430e-02 -4.876454e-01 1.132766e-02 9.999357e-01 4.790372e-04 -7.938956e-01 3.442667e-02 -8.687824e-04 9.994068e-01 3.834414e+01
9.994067e-01 -1.127458e-02 -3.254565e-02 -5.077793e-01 1.124430e-02 9.999362e-01 -1.113349e-03 -8.039687e-01 3.255613e-02 7.467349e-04 9.994696e-01 3.897313e+01
9.995262e-01 -1.053794e-02 -2.891769e-02 -5.285160e-01 1.053166e-02 9.999445e-01 -3.695521e-04 -8.144824e-01 2.891998e-02 6.482567e-05 9.995817e-01 3.957707e+01
9.996591e-01 -7.151930e-03 -2.510939e-02 -5.506196e-01 7.207604e-03 9.999718e-01 2.127442e-03 -8.266138e-01 2.509346e-02 -2.307695e-03 9.996824e-01 4.019506e+01
9.997624e-01 -3.026781e-03 -2.158600e-02 -5.708580e-01 3.145404e-03 9.999801e-01 5.463548e-03 -8.374028e-01 2.156903e-02 -5.530147e-03 9.997521e-01 4.080344e+01
9.998577e-01 1.222502e-03 -1.682589e-02 -5.889562e-01 -1.110356e-03 9.999771e-01 6.672843e-03 -8.500675e-01 1.683366e-02 -6.653211e-03 9.998362e-01 4.138237e+01
9.999302e-01 4.755220e-03 -1.081407e-02 -5.984496e-01 -4.680080e-03 9.999648e-01 6.963041e-03 -8.582013e-01 1.084680e-02 -6.911944e-03 9.999173e-01 4.195079e+01
9.999562e-01 7.812101e-03 -5.157144e-03 -6.121670e-01 -7.766571e-03 9.999312e-01 8.790210e-03 -8.642881e-01 5.225459e-03 -8.749771e-03 9.999481e-01 4.249587e+01
9.999211e-01 1.246398e-02 1.581408e-03 -6.147429e-01 -1.247956e-02 9.998695e-01 1.025473e-02 -8.747058e-01 -1.453386e-03 -1.027366e-02 9.999462e-01 4.303900e+01
9.998294e-01 1.578530e-02 9.587244e-03 -6.091030e-01 -1.588315e-02 9.998216e-01 1.021766e-02 -8.854729e-01 -9.424246e-03 -1.036819e-02 9.999018e-01 4.354251e+01
9.996861e-01 1.873142e-02 1.664068e-02 -6.085416e-01 -1.890731e-02 9.997664e-01 1.047566e-02 -8.966165e-01 -1.644056e-02 -1.078700e-02 9.998067e-01 4.403757e+01
9.994345e-01 2.289744e-02 2.462409e-02 -5.978236e-01 -2.315363e-02 9.996802e-01 1.016956e-02 -9.051138e-01 -2.438336e-02 -1.073394e-02 9.996451e-01 4.450144e+01
9.990967e-01 2.727798e-02 3.258346e-02 -5.775111e-01 -2.753625e-02 9.995926e-01 7.504104e-03 -9.120253e-01 -3.236549e-02 -8.394552e-03 9.994408e-01 4.495250e+01
9.987804e-01 2.872571e-02 4.015644e-02 -5.602896e-01 -2.894080e-02 9.995697e-01 4.785174e-03 -9.231832e-01 -4.000170e-02 -5.941497e-03 9.991819e-01 4.538425e+01
9.983975e-01 2.920753e-02 4.847069e-02 -5.353987e-01 -2.945832e-02 9.995560e-01 4.467613e-03 -9.278746e-01 -4.831869e-02 -5.888318e-03 9.988146e-01 4.577901e+01
9.980502e-01 2.803989e-02 5.576309e-02 -5.026781e-01 -2.842867e-02 9.995767e-01 6.190868e-03 -9.390631e-01 -5.556589e-02 -7.764068e-03 9.984248e-01 4.617297e+01
9.975369e-01 2.928247e-02 6.373882e-02 -4.806265e-01 -2.980709e-02 9.995290e-01 7.295274e-03 -9.444829e-01 -6.349518e-02 -9.177174e-03 9.979399e-01 4.652977e+01
9.968347e-01 3.189232e-02 7.282448e-02 -4.594572e-01 -3.254503e-02 9.994399e-01 7.793536e-03 -9.508948e-01 -7.253514e-02 -1.013894e-02 9.973143e-01 4.686470e+01
9.960090e-01 3.654307e-02 8.142935e-02 -4.328685e-01 -3.727535e-02 9.992770e-01 7.490353e-03 -9.586557e-01 -8.109675e-02 -1.049577e-02 9.966510e-01 4.717886e+01
9.950686e-01 4.021041e-02 9.067264e-02 -4.034927e-01 -4.106739e-02 9.991274e-01 7.604832e-03 -9.647103e-01 -9.028773e-02 -1.129102e-02 9.958517e-01 4.746994e+01
9.942456e-01 3.941468e-02 9.960982e-02 -3.616849e-01 -4.045301e-02 9.991459e-01 8.425043e-03 -9.733498e-01 -9.919267e-02 -1.240608e-02 9.949909e-01 4.774744e+01
9.931624e-01 3.828963e-02 1.102829e-01 -3.158248e-01 -3.932202e-02 9.992006e-01 7.200846e-03 -9.813958e-01 -1.099190e-01 -1.148816e-02 9.938742e-01 4.798436e+01
9.918764e-01 3.714310e-02 1.216621e-01 -2.681723e-01 -3.782679e-02 9.992788e-01 3.314025e-03 -9.895054e-01 -1.214512e-01 -7.889188e-03 9.925660e-01 4.823757e+01
9.901258e-01 3.805159e-02 1.349183e-01 -2.185710e-01 -3.833938e-02 9.992647e-01 -4.654530e-04 -9.967989e-01 -1.348368e-01 -4.711826e-03 9.908566e-01 4.848422e+01
9.878397e-01 3.964008e-02 1.503376e-01 -1.739045e-01 -3.974992e-02 9.992071e-01 -2.275543e-03 -1.001254e+00 -1.503086e-01 -3.728035e-03 9.886321e-01 4.871956e+01
9.850873e-01 4.095085e-02 1.671110e-01 -1.256266e-01 -4.100986e-02 9.991539e-01 -3.099238e-03 -1.007986e+00 -1.670966e-01 -3.800179e-03 9.859332e-01 4.895165e+01
9.820654e-01 4.107047e-02 1.840128e-01 -7.717762e-02 -4.106951e-02 9.991490e-01 -3.818064e-03 -1.013766e+00 -1.840130e-01 -3.807726e-03 9.829164e-01 4.916277e+01
9.786009e-01 4.028613e-02 2.017855e-01 -6.067634e-03 -4.023840e-02 9.991807e-01 -4.340195e-03 -1.020499e+00 -2.017950e-01 -3.872205e-03 9.794201e-01 4.939086e+01
9.745281e-01 3.886332e-02 2.208726e-01 7.604574e-02 -3.889563e-02 9.992344e-01 -4.204613e-03 -1.028574e+00 -2.208669e-01 -4.493464e-03 9.752936e-01 4.962338e+01
9.697513e-01 3.878634e-02 2.409937e-01 1.480393e-01 -3.880520e-02 9.992359e-01 -4.669439e-03 -1.034808e+00 -2.409907e-01 -4.823616e-03 9.705154e-01 4.983547e+01
9.641127e-01 4.044614e-02 2.623945e-01 2.203495e-01 -4.023917e-02 9.991711e-01 -6.164435e-03 -1.039645e+00 -2.624263e-01 -4.615327e-03 9.649410e-01 5.004273e+01
9.574431e-01 4.157742e-02 2.856116e-01 3.021529e-01 -4.115030e-02 9.991248e-01 -7.499575e-03 -1.046344e+00 -2.856734e-01 -4.572585e-03 9.583161e-01 5.024936e+01
9.499148e-01 4.240144e-02 3.096191e-01 3.880531e-01 -4.205306e-02 9.990849e-01 -7.802531e-03 -1.055148e+00 -3.096666e-01 -5.608689e-03 9.508287e-01 5.045659e+01
9.412010e-01 4.460872e-02 3.348893e-01 4.841856e-01 -4.453190e-02 9.989766e-01 -7.911851e-03 -1.063718e+00 -3.348995e-01 -7.466615e-03 9.422243e-01 5.068833e+01
9.311284e-01 4.640811e-02 3.617267e-01 5.874004e-01 -4.660375e-02 9.988799e-01 -8.188644e-03 -1.073456e+00 -3.617016e-01 -9.233143e-03 9.322482e-01 5.091713e+01
9.197852e-01 4.669909e-02 3.896335e-01 6.964037e-01 -4.702889e-02 9.988557e-01 -8.698355e-03 -1.082393e+00 -3.895939e-01 -1.032341e-02 9.209289e-01 5.113143e+01
9.067763e-01 4.470530e-02 4.192353e-01 8.408664e-01 -4.480039e-02 9.989496e-01 -9.623275e-03 -1.093520e+00 -4.192251e-01 -1.005575e-02 9.078266e-01 5.134110e+01
8.914529e-01 4.162515e-02 4.511975e-01 9.990373e-01 -4.095579e-02 9.990976e-01 -1.125322e-02 -1.104766e+00 -4.512587e-01 -8.447432e-03 8.923532e-01 5.154782e+01
8.737027e-01 4.032520e-02 4.847859e-01 1.157252e+00 -3.820466e-02 9.991682e-01 -1.425814e-02 -1.114245e+00 -4.849577e-01 -6.063702e-03 8.745166e-01 5.173920e+01
8.537245e-01 4.174623e-02 5.190488e-01 1.321785e+00 -3.784938e-02 9.991195e-01 -1.810335e-02 -1.122764e+00 -5.193475e-01 -4.190407e-03 8.545529e-01 5.194928e+01
8.314476e-01 4.333163e-02 5.539109e-01 1.482922e+00 -3.787659e-02 9.990554e-01 -2.130000e-02 -1.131294e+00 -5.543106e-01 -3.270417e-03 8.323035e-01 5.214783e+01
8.066821e-01 4.554515e-02 5.892279e-01 1.677005e+00 -3.910784e-02 9.989545e-01 -2.367494e-02 -1.142449e+00 -5.896902e-01 -3.945281e-03 8.076199e-01 5.236181e+01
7.790599e-01 4.879237e-02 6.250480e-01 1.890714e+00 -4.211942e-02 9.987879e-01 -2.546953e-02 -1.156339e+00 -6.255331e-01 -6.484367e-03 7.801707e-01 5.258689e+01
7.491958e-01 5.265343e-02 6.602524e-01 2.116417e+00 -4.607708e-02 9.985634e-01 -2.734868e-02 -1.167370e+00 -6.607439e-01 -9.932990e-03 7.505457e-01 5.280023e+01
7.162740e-01 5.352663e-02 6.957632e-01 2.365486e+00 -4.669799e-02 9.984955e-01 -2.874188e-02 -1.181534e+00 -6.962548e-01 -1.190368e-02 7.176960e-01 5.301086e+01
6.799436e-01 5.104343e-02 7.314856e-01 2.664805e+00 -4.427724e-02 9.986119e-01 -2.852627e-02 -1.199182e+00 -7.319263e-01 -1.299191e-02 6.812599e-01 5.323016e+01
6.413591e-01 4.938617e-02 7.656497e-01 2.968115e+00 -4.244835e-02 9.986818e-01 -2.885972e-02 -1.217084e+00 -7.660657e-01 -1.399112e-02 6.426100e-01 5.343429e+01
5.994340e-01 4.867176e-02 7.989430e-01 3.291422e+00 -4.148091e-02 9.986972e-01 -2.971837e-02 -1.230274e+00 -7.993486e-01 -1.532668e-02 6.006720e-01 5.363841e+01
5.535813e-01 4.803167e-02 8.314089e-01 3.627195e+00 -3.939842e-02 9.987280e-01 -3.146508e-02 -1.249100e+00 -8.318627e-01 -1.533772e-02 5.547696e-01 5.381259e+01
5.062370e-01 4.635560e-02 8.611477e-01 4.011050e+00 -3.700072e-02 9.988023e-01 -3.201419e-02 -1.269688e+00 -8.616003e-01 -1.565631e-02 5.073458e-01 5.398451e+01
4.576848e-01 4.404222e-02 8.880231e-01 4.419666e+00 -3.613550e-02 9.988686e-01 -3.091556e-02 -1.289656e+00 -8.883799e-01 -1.793958e-02 4.587584e-01 5.415073e+01
4.083744e-01 4.102301e-02 9.118923e-01 4.825191e+00 -3.645061e-02 9.989257e-01 -2.861462e-02 -1.308940e+00 -9.120865e-01 -2.155355e-02 4.094310e-01 5.429519e+01
3.586588e-01 4.040837e-02 9.325937e-01 5.261436e+00 -4.001269e-02 9.988099e-01 -2.788929e-02 -1.321644e+00 -9.326108e-01 -2.731285e-02 3.598488e-01 5.443610e+01
3.090058e-01 4.097725e-02 9.501770e-01 5.710133e+00 -3.976401e-02 9.987544e-01 -3.014060e-02 -1.332737e+00 -9.502285e-01 -2.846923e-02 3.102503e-01 5.455488e+01
2.623492e-01 3.726343e-02 9.642533e-01 6.179389e+00 -3.071731e-02 9.990702e-01 -3.025152e-02 -1.362518e+00 -9.644840e-01 -2.168280e-02 2.632499e-01 5.462466e+01
2.183186e-01 3.161631e-02 9.753653e-01 6.661118e+00 -1.868596e-02 9.994272e-01 -2.821375e-02 -1.384482e+00 -9.756986e-01 -1.206605e-02 2.187844e-01 5.466863e+01
1.759148e-01 2.931588e-02 9.839688e-01 7.168226e+00 -1.043126e-02 9.995559e-01 -2.791537e-02 -1.411162e+00 -9.843501e-01 -5.353312e-03 1.761425e-01 5.470938e+01
1.375672e-01 3.149128e-02 9.899917e-01 7.669647e+00 -7.890998e-03 9.994976e-01 -3.069714e-02 -1.420570e+00 -9.904610e-01 -3.589104e-03 1.377466e-01 5.474440e+01
1.048634e-01 3.151009e-02 9.939873e-01 8.199945e+00 -9.094539e-04 9.995005e-01 -3.158892e-02 -1.449107e+00 -9.944862e-01 2.408537e-03 1.048397e-01 5.477004e+01
7.564325e-02 2.985946e-02 9.966878e-01 8.731188e+00 6.595812e-03 9.995147e-01 -3.044474e-02 -1.477790e+00 -9.971131e-01 8.876905e-03 7.540959e-02 5.477672e+01
5.079174e-02 2.801340e-02 9.983163e-01 9.267516e+00 1.207195e-02 9.995163e-01 -2.866126e-02 -1.497526e+00 -9.986363e-01 1.350738e-02 5.042900e-02 5.478187e+01
3.059492e-02 2.688113e-02 9.991703e-01 9.826738e+00 1.733405e-02 9.994737e-01 -2.742006e-02 -1.517400e+00 -9.993815e-01 1.815858e-02 3.011286e-02 5.478687e+01
1.413918e-02 2.806432e-02 9.995061e-01 1.039655e+01 1.900836e-02 9.994179e-01 -2.833074e-02 -1.537476e+00 -9.997193e-01 1.939955e-02 1.359749e-02 5.478754e+01
1.165483e-03 2.812102e-02 9.996038e-01 1.095556e+01 1.954630e-02 9.994129e-01 -2.813843e-02 -1.560570e+00 -9.998083e-01 1.957135e-02 6.151364e-04 5.477686e+01
-1.091374e-02 2.899058e-02 9.995201e-01 1.155030e+01 2.007329e-02 9.993846e-01 -2.876746e-02 -1.581471e+00 -9.997389e-01 1.974970e-02 -1.148895e-02 5.477169e+01
-2.028525e-02 3.149628e-02 9.992980e-01 1.215952e+01 2.465973e-02 9.992154e-01 -3.099310e-02 -1.609165e+00 -9.994901e-01 2.401371e-02 -2.104602e-02 5.475166e+01
-2.781441e-02 3.310491e-02 9.990648e-01 1.278112e+01 2.884414e-02 9.990619e-01 -3.230178e-02 -1.636484e+00 -9.991969e-01 2.791871e-02 -2.874320e-02 5.473449e+01
-3.268419e-02 3.274457e-02 9.989292e-01 1.338619e+01 2.875111e-02 9.990804e-01 -3.180881e-02 -1.658814e+00 -9.990521e-01 2.768067e-02 -3.359557e-02 5.470770e+01
-3.717942e-02 2.982152e-02 9.988635e-01 1.402016e+01 2.633862e-02 9.992366e-01 -2.885229e-02 -1.683397e+00 -9.989614e-01 2.523597e-02 -3.793649e-02 5.469488e+01
-3.946317e-02 2.314061e-02 9.989530e-01 1.466402e+01 2.443059e-02 9.994553e-01 -2.218713e-02 -1.705278e+00 -9.989223e-01 2.352944e-02 -4.000701e-02 5.467061e+01
-4.100322e-02 1.733928e-02 9.990086e-01 1.532995e+01 2.497928e-02 9.995547e-01 -1.632351e-02 -1.728473e+00 -9.988467e-01 2.428519e-02 -4.141808e-02 5.464075e+01
-4.200899e-02 1.505019e-02 9.990039e-01 1.599839e+01 2.771348e-02 9.995194e-01 -1.389258e-02 -1.748961e+00 -9.987328e-01 2.710226e-02 -4.240589e-02 5.460082e+01
-4.257238e-02 1.675598e-02 9.989529e-01 1.667791e+01 3.158656e-02 9.993821e-01 -1.541706e-02 -1.776797e+00 -9.985940e-01 3.089714e-02 -4.307534e-02 5.456603e+01
-4.130699e-02 2.423320e-02 9.988526e-01 1.736045e+01 3.248289e-02 9.992099e-01 -2.289856e-02 -1.796703e+00 -9.986183e-01 3.149974e-02 -4.206152e-02 5.452998e+01
-3.957929e-02 3.193169e-02 9.987061e-01 1.805441e+01 3.197837e-02 9.990178e-01 -3.067434e-02 -1.819293e+00 -9.987046e-01 3.072293e-02 -4.056154e-02 5.449695e+01
-3.804241e-02 3.331138e-02 9.987207e-01 1.875236e+01 3.257743e-02 9.989543e-01 -3.207826e-02 -1.840082e+00 -9.987450e-01 3.131542e-02 -3.908783e-02 5.446922e+01
-3.561398e-02 2.899107e-02 9.989450e-01 1.948071e+01 3.242800e-02 9.990863e-01 -2.783906e-02 -1.870098e+00 -9.988394e-01 3.140233e-02 -3.652156e-02 5.443692e+01
-3.296001e-02 2.277019e-02 9.991973e-01 2.019988e+01 3.235178e-02 9.992409e-01 -2.170401e-02 -1.901162e+00 -9.989329e-01 3.161045e-02 -3.367165e-02 5.441016e+01
-3.072936e-02 2.130743e-02 9.993006e-01 2.092947e+01 3.081404e-02 9.993177e-01 -2.036024e-02 -1.928958e+00 -9.990527e-01 3.016683e-02 -3.136497e-02 5.439066e+01
-2.754712e-02 2.640070e-02 9.992718e-01 2.165939e+01 3.745875e-02 9.989763e-01 -2.536026e-02 -1.963540e+00 -9.989184e-01 3.673287e-02 -2.850786e-02 5.435644e+01
-2.468468e-02 3.172091e-02 9.991919e-01 2.235834e+01 3.960896e-02 9.987427e-01 -3.072812e-02 -1.996464e+00 -9.989103e-01 3.881844e-02 -2.591008e-02 5.433060e+01
-2.274126e-02 3.275501e-02 9.992047e-01 2.309167e+01 3.402776e-02 9.989094e-01 -3.197088e-02 -2.021444e+00 -9.991621e-01 3.327364e-02 -2.383104e-02 5.431728e+01
-1.897885e-02 2.987532e-02 9.993734e-01 2.383281e+01 2.896355e-02 9.991504e-01 -2.931861e-02 -2.048740e+00 -9.994003e-01 2.838897e-02 -1.982802e-02 5.431145e+01
-1.493782e-02 2.599401e-02 9.995505e-01 2.455759e+01 3.314833e-02 9.991254e-01 -2.548757e-02 -2.086086e+00 -9.993388e-01 3.275270e-02 -1.578641e-02 5.428952e+01
-1.233655e-02 2.693317e-02 9.995611e-01 2.528011e+01 3.800299e-02 9.989276e-01 -2.644707e-02 -2.124431e+00 -9.992015e-01 3.766005e-02 -1.334686e-02 5.427304e+01
-9.161261e-03 3.121909e-02 9.994706e-01 2.600962e+01 3.789788e-02 9.988053e-01 -3.085093e-02 -2.160479e+00 -9.992396e-01 3.759518e-02 -1.033345e-02 5.425873e+01
-5.615171e-03 3.274197e-02 9.994481e-01 2.673745e+01 3.394488e-02 9.988941e-01 -3.253311e-02 -2.186031e+00 -9.994079e-01 3.374347e-02 -6.720384e-03 5.425484e+01
-2.374006e-03 3.177320e-02 9.994923e-01 2.745379e+01 3.218184e-02 9.989798e-01 -3.168047e-02 -2.221338e+00 -9.994792e-01 3.209030e-02 -3.394104e-03 5.425383e+01
1.732107e-03 2.970607e-02 9.995572e-01 2.818962e+01 3.653255e-02 9.988896e-01 -2.974954e-02 -2.256143e+00 -9.993310e-01 3.656790e-02 6.449452e-04 5.424393e+01
5.337194e-03 2.965531e-02 9.995459e-01 2.892936e+01 4.103205e-02 9.987119e-01 -2.984966e-02 -2.295429e+00 -9.991436e-01 4.117273e-02 4.113501e-03 5.423575e+01
8.462061e-03 3.068259e-02 9.994934e-01 2.966327e+01 4.367180e-02 9.985641e-01 -3.102381e-02 -2.332475e+00 -9.990101e-01 4.391220e-02 7.109946e-03 5.423799e+01
1.160343e-02 3.053370e-02 9.994664e-01 3.038152e+01 4.357839e-02 9.985686e-01 -3.101220e-02 -2.366124e+00 -9.989826e-01 4.391499e-02 1.025621e-02 5.423906e+01
1.518404e-02 2.952475e-02 9.994487e-01 3.110228e+01 4.453618e-02 9.985520e-01 -3.017488e-02 -2.396214e+00 -9.988924e-01 4.496980e-02 1.384713e-02 5.424087e+01
1.855738e-02 2.826956e-02 9.994281e-01 3.183693e+01 4.695720e-02 9.984725e-01 -2.911444e-02 -2.436370e+00 -9.987245e-01 4.747063e-02 1.720158e-02 5.424923e+01
2.195174e-02 2.872407e-02 9.993463e-01 3.255343e+01 4.523671e-02 9.985349e-01 -2.969442e-02 -2.466474e+00 -9.987351e-01 4.585898e-02 2.062019e-02 5.426661e+01
2.448721e-02 3.029200e-02 9.992411e-01 3.328477e+01 4.218107e-02 9.986194e-01 -3.130683e-02 -2.496756e+00 -9.988099e-01 4.291568e-02 2.317565e-02 5.429108e+01
2.693723e-02 3.053915e-02 9.991705e-01 3.401103e+01 4.379683e-02 9.985374e-01 -3.170054e-02 -2.532940e+00 -9.986772e-01 4.461443e-02 2.556031e-02 5.430895e+01
2.986218e-02 3.003884e-02 9.991026e-01 3.472850e+01 4.209702e-02 9.986237e-01 -3.128268e-02 -2.564335e+00 -9.986672e-01 4.299341e-02 2.855653e-02 5.433678e+01
3.079768e-02 3.038727e-02 9.990636e-01 3.543673e+01 4.048528e-02 9.986796e-01 -3.162361e-02 -2.595723e+00 -9.987054e-01 4.142130e-02 2.952678e-02 5.436845e+01
3.537152e-02 3.036522e-02 9.989128e-01 3.619430e+01 3.798147e-02 9.987753e-01 -3.170597e-02 -2.635175e+00 -9.986522e-01 3.906167e-02 3.417488e-02 5.440451e+01
3.722440e-02 3.247149e-02 9.987792e-01 3.692900e+01 3.626109e-02 9.987698e-01 -3.382264e-02 -2.666872e+00 -9.986488e-01 3.747586e-02 3.600116e-02 5.443672e+01
3.949812e-02 3.586382e-02 9.985758e-01 3.767020e+01 3.599451e-02 9.986560e-01 -3.729044e-02 -2.705172e+00 -9.985711e-01 3.741615e-02 3.815414e-02 5.447001e+01
4.271078e-02 3.810828e-02 9.983604e-01 3.842820e+01 3.560263e-02 9.985796e-01 -3.963976e-02 -2.744017e+00 -9.984529e-01 3.723730e-02 4.129336e-02 5.450588e+01
4.509981e-02 4.031844e-02 9.981685e-01 3.920070e+01 3.018124e-02 9.986741e-01 -4.170253e-02 -2.783180e+00 -9.985265e-01 3.200674e-02 4.382315e-02 5.454934e+01
4.704964e-02 4.037494e-02 9.980762e-01 3.995332e+01 2.601305e-02 9.987944e-01 -4.163025e-02 -2.815500e+00 -9.985538e-01 2.792170e-02 4.594264e-02 5.459400e+01
5.041667e-02 4.043754e-02 9.979093e-01 4.073184e+01 2.803832e-02 9.987288e-01 -4.188731e-02 -2.864876e+00 -9.983346e-01 3.009152e-02 4.921879e-02 5.463220e+01
5.388345e-02 4.141500e-02 9.976880e-01 4.150567e+01 2.783129e-02 9.986891e-01 -4.295967e-02 -2.914768e+00 -9.981593e-01 3.008176e-02 5.266018e-02 5.467528e+01
5.673051e-02 4.260044e-02 9.974803e-01 4.227884e+01 2.378216e-02 9.987481e-01 -4.400717e-02 -2.953984e+00 -9.981062e-01 2.621879e-02 5.564635e-02 5.472883e+01
6.137606e-02 4.149741e-02 9.972517e-01 4.306900e+01 2.282075e-02 9.988158e-01 -4.296701e-02 -2.991953e+00 -9.978538e-01 2.539518e-02 6.035638e-02 5.478443e+01
6.596171e-02 4.048458e-02 9.970005e-01 4.386472e+01 2.344013e-02 9.988380e-01 -4.211000e-02 -3.049796e+00 -9.975468e-01 2.614747e-02 6.493610e-02 5.483997e+01
7.069647e-02 4.514224e-02 9.964759e-01 4.464967e+01 2.033090e-02 9.987027e-01 -4.668553e-02 -3.088805e+00 -9.972907e-01 2.355975e-02 6.968697e-02 5.490508e+01
7.710335e-02 5.315671e-02 9.956051e-01 4.544449e+01 1.783020e-02 9.983445e-01 -5.468381e-02 -3.143605e+00 -9.968637e-01 2.196814e-02 7.602791e-02 5.497565e+01
8.418136e-02 5.829058e-02 9.947440e-01 4.622896e+01 1.669280e-02 9.980649e-01 -5.989783e-02 -3.195799e+00 -9.963106e-01 2.164735e-02 8.304543e-02 5.505053e+01
9.097436e-02 6.146908e-02 9.939543e-01 4.701859e+01 1.224133e-02 9.979488e-01 -6.283653e-02 -3.251429e+00 -9.957780e-01 1.788384e-02 9.003529e-02 5.513760e+01
9.884242e-02 6.045559e-02 9.932650e-01 4.782538e+01 9.412864e-03 9.980514e-01 -6.168362e-02 -3.311533e+00 -9.950586e-01 1.544643e-02 9.808075e-02 5.523187e+01
1.060482e-01 5.859701e-02 9.926329e-01 4.862528e+01 9.057491e-03 9.981638e-01 -5.989117e-02 -3.373900e+00 -9.943197e-01 1.534212e-02 1.053228e-01 5.532414e+01
1.128773e-01 5.559522e-02 9.920524e-01 4.942646e+01 8.806215e-03 9.983382e-01 -5.694947e-02 -3.433974e+00 -9.935699e-01 1.516453e-02 1.122002e-01 5.541631e+01
1.206326e-01 4.983682e-02 9.914454e-01 5.024099e+01 6.989396e-03 9.986716e-01 -5.105048e-02 -3.492322e+00 -9.926726e-01 1.308796e-02 1.201241e-01 5.552586e+01
1.277551e-01 4.339007e-02 9.908562e-01 5.104347e+01 4.605524e-03 9.990058e-01 -4.434076e-02 -3.540829e+00 -9.917950e-01 1.022817e-02 1.274283e-01 5.563838e+01
1.348624e-01 3.978893e-02 9.900651e-01 5.183224e+01 4.472877e-03 9.991588e-01 -4.076367e-02 -3.595561e+00 -9.908542e-01 9.925925e-03 1.345710e-01 5.575172e+01
1.423883e-01 4.169874e-02 9.889321e-01 5.261747e+01 4.636050e-03 9.990732e-01 -4.279385e-02 -3.646574e+00 -9.898000e-01 1.067808e-02 1.420630e-01 5.586871e+01
1.484132e-01 4.771513e-02 9.877737e-01 5.340049e+01 4.269331e-03 9.987951e-01 -4.888900e-02 -3.696274e+00 -9.889162e-01 1.147290e-02 1.480307e-01 5.598504e+01
1.531686e-01 5.168882e-02 9.868473e-01 5.416238e+01 2.909697e-03 9.986032e-01 -5.275618e-02 -3.747016e+00 -9.881958e-01 1.095202e-02 1.528043e-01 5.610367e+01
1.586108e-01 5.428491e-02 9.858477e-01 5.494612e+01 1.284616e-03 9.984752e-01 -5.518691e-02 -3.806448e+00 -9.873404e-01 1.001967e-02 1.582992e-01 5.622789e+01
1.639604e-01 5.445314e-02 9.849629e-01 5.570839e+01 -7.121599e-04 9.984816e-01 -5.508197e-02 -3.861079e+00 -9.864667e-01 8.329812e-03 1.637502e-01 5.635726e+01
1.687758e-01 5.112020e-02 9.843279e-01 5.646028e+01 2.534935e-03 9.986283e-01 -5.229752e-02 -3.917598e+00 -9.856512e-01 1.132176e-02 1.684147e-01 5.647987e+01
1.738654e-01 4.486488e-02 9.837469e-01 5.722273e+01 3.787922e-03 9.989238e-01 -4.622651e-02 -3.967552e+00 -9.847621e-01 1.176355e-02 1.735083e-01 5.661113e+01
1.774094e-01 3.785121e-02 9.834090e-01 5.796584e+01 2.943128e-03 9.992352e-01 -3.899130e-02 -4.021694e+00 -9.841327e-01 9.811721e-03 1.771623e-01 5.674974e+01
1.802642e-01 3.454350e-02 9.830115e-01 5.868913e+01 9.070210e-05 9.993826e-01 -3.513542e-02 -4.063254e+00 -9.836182e-01 6.422819e-03 1.801497e-01 5.689358e+01
1.836905e-01 3.381981e-02 9.824022e-01 5.941314e+01 -1.247971e-03 9.994152e-01 -3.417215e-02 -4.111664e+00 -9.829833e-01 5.051092e-03 1.836253e-01 5.703874e+01
1.852941e-01 3.535851e-02 9.820468e-01 6.012262e+01 -2.953742e-03 9.993680e-01 -3.542485e-02 -4.151713e+00 -9.826787e-01 3.663302e-03 1.852814e-01 5.718308e+01
1.873314e-01 3.915663e-02 9.815160e-01 6.082291e+01 -6.166143e-03 9.992324e-01 -3.868654e-02 -4.194594e+00 -9.822774e-01 1.195033e-03 1.874290e-01 5.733311e+01
1.889064e-01 4.326703e-02 9.810415e-01 6.150657e+01 -7.304841e-03 9.990631e-01 -4.265524e-02 -4.237918e+00 -9.819679e-01 8.914974e-04 1.890455e-01 5.747767e+01
1.898765e-01 4.809587e-02 9.806292e-01 6.217508e+01 -8.357613e-03 9.988424e-01 -4.737089e-02 -4.280658e+00 -9.817724e-01 7.988995e-04 1.900587e-01 5.761603e+01
1.919260e-01 4.971568e-02 9.801494e-01 6.285545e+01 -7.422729e-03 9.987611e-01 -4.920624e-02 -4.328309e+00 -9.813813e-01 2.168575e-03 1.920572e-01 5.775700e+01
1.930869e-01 4.990639e-02 9.799116e-01 6.352074e+01 -9.164036e-03 9.987538e-01 -4.906028e-02 -4.367746e+00 -9.811389e-01 4.929528e-04 1.933036e-01 5.790037e+01
1.930665e-01 4.681684e-02 9.800681e-01 6.417942e+01 -8.854322e-03 9.989035e-01 -4.597234e-02 -4.420014e+00 -9.811457e-01 1.978790e-04 1.932693e-01 5.803787e+01
1.938189e-01 4.463050e-02 9.800216e-01 6.482859e+01 -8.858923e-03 9.990035e-01 -4.374291e-02 -4.460914e+00 -9.809973e-01 -2.037322e-04 1.940212e-01 5.817271e+01
1.933299e-01 4.341552e-02 9.801728e-01 6.546792e+01 -8.255380e-03 9.990571e-01 -4.262368e-02 -4.504154e+00 -9.810991e-01 1.487318e-04 1.935060e-01 5.830498e+01
1.917092e-01 4.226861e-02 9.805412e-01 6.609187e+01 -8.059125e-03 9.991063e-01 -4.149324e-02 -4.546343e+00 -9.814187e-01 5.233112e-05 1.918785e-01 5.843492e+01
1.902072e-01 4.271172e-02 9.808144e-01 6.672315e+01 -9.091732e-03 9.990870e-01 -4.174430e-02 -4.587534e+00 -9.817019e-01 -9.772357e-04 1.904219e-01 5.856541e+01
1.874368e-01 4.568338e-02 9.812138e-01 6.733949e+01 -9.361354e-03 9.989556e-01 -4.472115e-02 -4.625903e+00 -9.822321e-01 -8.031014e-04 1.876687e-01 5.868952e+01
1.852679e-01 4.901305e-02 9.814650e-01 6.794153e+01 -7.649406e-03 9.987971e-01 -4.843464e-02 -4.667495e+00 -9.826583e-01 1.465759e-03 1.854199e-01 5.880778e+01
1.834369e-01 4.948921e-02 9.817850e-01 6.854739e+01 -5.077975e-03 9.987663e-01 -4.939643e-02 -4.707330e+00 -9.830184e-01 4.075649e-03 1.834619e-01 5.892235e+01
1.803676e-01 4.824201e-02 9.824155e-01 6.910429e+01 -4.912549e-03 9.988282e-01 -4.814604e-02 -4.739959e+00 -9.835870e-01 3.857822e-03 1.803932e-01 5.902557e+01
1.778508e-01 4.531200e-02 9.830137e-01 6.967975e+01 -5.024676e-03 9.989681e-01 -4.513833e-02 -4.775241e+00 -9.840446e-01 3.088563e-03 1.778950e-01 5.913760e+01
1.755613e-01 4.153498e-02 9.835919e-01 7.025342e+01 -3.533781e-03 9.991297e-01 -4.156036e-02 -4.813518e+00 -9.844622e-01 3.820591e-03 1.755553e-01 5.924284e+01
1.732041e-01 4.004620e-02 9.840715e-01 7.080744e+01 1.322298e-04 9.991721e-01 -4.068399e-02 -4.853764e+00 -9.848859e-01 7.176758e-03 1.730554e-01 5.934046e+01
1.712492e-01 4.152007e-02 9.843525e-01 7.136129e+01 4.061976e-03 9.990734e-01 -4.284767e-02 -4.887809e+00 -9.852194e-01 1.133604e-02 1.709219e-01 5.944070e+01
1.690888e-01 4.323037e-02 9.846523e-01 7.191884e+01 8.159833e-03 9.989420e-01 -4.525899e-02 -4.925458e+00 -9.855670e-01 1.568739e-02 1.685572e-01 5.954225e+01
1.671391e-01 4.538457e-02 9.848882e-01 7.246068e+01 7.849791e-03 9.988470e-01 -4.735995e-02 -4.958343e+00 -9.859021e-01 1.564687e-02 1.665902e-01 5.963779e+01
1.663572e-01 4.749190e-02 9.849212e-01 7.300247e+01 7.011134e-03 9.987573e-01 -4.934327e-02 -4.997804e+00 -9.860406e-01 1.511402e-02 1.658175e-01 5.974358e+01
1.652777e-01 4.664178e-02 9.851435e-01 7.353608e+01 8.703183e-03 9.987732e-01 -4.874722e-02 -5.032352e+00 -9.862087e-01 1.663071e-02 1.646691e-01 5.983443e+01
1.655328e-01 4.465221e-02 9.851929e-01 7.407277e+01 1.453933e-02 9.987554e-01 -4.770982e-02 -5.069617e+00 -9.860971e-01 2.222159e-02 1.646776e-01 5.992026e+01
1.682486e-01 4.304830e-02 9.848042e-01 7.461996e+01 1.947105e-02 9.987059e-01 -4.698250e-02 -5.103185e+00 -9.855523e-01 2.707991e-02 1.671926e-01 6.001062e+01
1.703517e-01 4.190948e-02 9.844917e-01 7.517125e+01 2.201652e-02 9.986838e-01 -4.632327e-02 -5.139926e+00 -9.851373e-01 2.956632e-02 1.692048e-01 6.010500e+01
1.733990e-01 4.181965e-02 9.839634e-01 7.571513e+01 2.007069e-02 9.987405e-01 -4.598466e-02 -5.177366e+00 -9.846471e-01 2.772251e-02 1.723412e-01 6.021038e+01
1.792760e-01 4.218766e-02 9.828939e-01 7.627288e+01 1.889878e-02 9.987481e-01 -4.631522e-02 -5.212700e+00 -9.836173e-01 2.687870e-02 1.782542e-01 6.032987e+01
1.857688e-01 4.101461e-02 9.817371e-01 7.682767e+01 2.061077e-02 9.987460e-01 -4.562526e-02 -5.248074e+00 -9.823773e-01 2.871011e-02 1.846905e-01 6.044434e+01
1.931587e-01 4.071714e-02 9.803223e-01 7.738536e+01 1.907229e-02 9.987940e-01 -4.524227e-02 -5.281368e+00 -9.809821e-01 2.743593e-02 1.921492e-01 6.057094e+01
2.011943e-01 3.930323e-02 9.787625e-01 7.795231e+01 1.952336e-02 9.988353e-01 -4.412249e-02 -5.312056e+00 -9.793568e-01 2.798593e-02 2.001926e-01 6.070915e+01
2.101612e-01 3.849535e-02 9.769086e-01 7.853380e+01 1.725673e-02 9.989228e-01 -4.307525e-02 -5.352156e+00 -9.775144e-01 2.591100e-02 2.092706e-01 6.085579e+01
2.191976e-01 3.851159e-02 9.749201e-01 7.910412e+01 1.589208e-02 9.989472e-01 -4.303384e-02 -5.387021e+00 -9.755510e-01 2.492642e-02 2.183548e-01 6.100453e+01
2.285634e-01 4.175018e-02 9.726334e-01 7.969966e+01 1.193769e-02 9.988847e-01 -4.568231e-02 -5.422138e+00 -9.734558e-01 2.205230e-02 2.278101e-01 6.117342e+01
2.375901e-01 4.422275e-02 9.703583e-01 8.028984e+01 8.827197e-03 9.988236e-01 -4.768133e-02 -5.456565e+00 -9.713254e-01 1.989416e-02 2.369203e-01 6.134615e+01
2.487919e-01 4.674087e-02 9.674285e-01 8.089848e+01 5.884195e-03 9.987435e-01 -4.976707e-02 -5.491843e+00 -9.685391e-01 1.807418e-02 2.482043e-01 6.153510e+01
2.591666e-01 4.818633e-02 9.646298e-01 8.151103e+01 4.690963e-03 9.986801e-01 -5.114757e-02 -5.535782e+00 -9.658212e-01 1.778078e-02 2.585985e-01 6.172672e+01
2.690321e-01 4.943540e-02 9.618617e-01 8.212601e+01 1.727362e-03 9.986555e-01 -5.180958e-02 -5.575421e+00 -9.631297e-01 1.559992e-02 2.685850e-01 6.192612e+01
2.786399e-01 4.971727e-02 9.591079e-01 8.274373e+01 1.526825e-03 9.986350e-01 -5.220981e-02 -5.615239e+00 -9.603944e-01 1.601213e-02 2.781837e-01 6.213204e+01
2.881656e-01 5.051982e-02 9.562470e-01 8.337199e+01 -1.520189e-03 9.986302e-01 -5.230087e-02 -5.653186e+00 -9.575794e-01 1.361764e-02 2.878477e-01 6.234991e+01
3.010159e-01 4.634033e-02 9.524925e-01 8.405146e+01 -1.219755e-03 9.988365e-01 -4.820956e-02 -5.692478e+00 -9.536184e-01 1.335003e-02 3.007221e-01 6.259191e+01
3.101276e-01 3.944757e-02 9.498762e-01 8.468700e+01 2.336120e-03 9.991041e-01 -4.225469e-02 -5.732157e+00 -9.506921e-01 1.532337e-02 3.097577e-01 6.280885e+01
3.212246e-01 3.491458e-02 9.463592e-01 8.536530e+01 4.365716e-03 9.992549e-01 -3.834795e-02 -5.773474e+00 -9.469930e-01 1.644984e-02 3.208328e-01 6.304981e+01
3.316771e-01 3.190606e-02 9.428533e-01 8.603850e+01 5.539376e-03 9.993448e-01 -3.576637e-02 -5.805081e+00 -9.433767e-01 1.708570e-02 3.312830e-01 6.329551e+01
3.406936e-01 2.963820e-02 9.397071e-01 8.671266e+01 9.236761e-03 9.993492e-01 -3.486812e-02 -5.841214e+00 -9.401290e-01 2.055920e-02 3.401982e-01 6.354088e+01
3.489349e-01 2.522691e-02 9.368074e-01 8.741204e+01 1.613222e-02 9.993278e-01 -3.291931e-02 -5.867412e+00 -9.370081e-01 2.659948e-02 3.482934e-01 6.379615e+01
3.571873e-01 1.605451e-02 9.338948e-01 8.814225e+01 2.552182e-02 9.993112e-01 -2.694043e-02 -5.899662e+00 -9.336840e-01 3.345747e-02 3.565316e-01 6.406219e+01
3.625374e-01 1.119127e-02 9.319020e-01 8.884269e+01 3.158231e-02 9.992061e-01 -2.428598e-02 -5.934154e+00 -9.314339e-01 3.823619e-02 3.618961e-01 6.433212e+01
3.702093e-01 1.167245e-02 9.288750e-01 8.956198e+01 3.508623e-02 9.990319e-01 -2.653791e-02 -5.965550e+00 -9.282855e-01 4.241530e-02 3.694414e-01 6.461606e+01
3.768018e-01 1.734386e-02 9.261315e-01 9.026437e+01 3.723498e-02 9.987330e-01 -3.385274e-02 -6.001134e+00 -9.255452e-01 4.724026e-02 3.756785e-01 6.490025e+01
3.836973e-01 2.186748e-02 9.232000e-01 9.097559e+01 4.073516e-02 9.983457e-01 -4.057764e-02 -6.035920e+00 -9.225600e-01 5.317623e-02 3.821718e-01 6.518962e+01
3.888655e-01 2.368264e-02 9.209901e-01 9.168078e+01 3.960462e-02 9.983157e-01 -4.239310e-02 -6.077715e+00 -9.204429e-01 5.296068e-02 3.872726e-01 6.548846e+01
3.928842e-01 2.580694e-02 9.192258e-01 9.237607e+01 3.227004e-02 9.986036e-01 -4.182791e-02 -6.120980e+00 -9.190216e-01 4.609698e-02 3.915027e-01 6.579512e+01
3.971882e-01 2.907532e-02 9.172765e-01 9.307220e+01 2.710250e-02 9.986905e-01 -4.339154e-02 -6.165716e+00 -9.173369e-01 4.209509e-02 3.958801e-01 6.610852e+01
4.006656e-01 3.140202e-02 9.156861e-01 9.375694e+01 2.621626e-02 9.986104e-01 -4.571691e-02 -6.220396e+00 -9.158492e-01 4.232306e-02 3.992855e-01 6.641178e+01
4.044078e-01 3.480197e-02 9.139164e-01 9.442387e+01 2.492032e-02 9.984854e-01 -4.904960e-02 -6.266819e+00 -9.142392e-01 4.261113e-02 4.029280e-01 6.671140e+01
4.080210e-01 3.714809e-02 9.122165e-01 9.509562e+01 2.222331e-02 9.984717e-01 -5.060080e-02 -6.319797e+00 -9.127020e-01 4.091865e-02 4.065718e-01 6.702276e+01
4.118889e-01 3.569553e-02 9.105347e-01 9.575341e+01 2.223189e-02 9.985414e-01 -4.920245e-02 -6.366359e+00 -9.109628e-01 4.050885e-02 4.104945e-01 6.732603e+01
4.151665e-01 3.180483e-02 9.091893e-01 9.640017e+01 2.380933e-02 9.986665e-01 -4.580702e-02 -6.420125e+00 -9.094338e-01 4.066472e-02 4.138556e-01 6.762390e+01
4.188160e-01 2.902910e-02 9.076070e-01 9.704899e+01 2.430786e-02 9.987723e-01 -4.316184e-02 -6.466339e+00 -9.077457e-01 4.013885e-02 4.175962e-01 6.792735e+01
4.218333e-01 2.736264e-02 9.062604e-01 9.766980e+01 2.411342e-02 9.988524e-01 -4.138223e-02 -6.515206e+00 -9.063527e-01 3.930944e-02 4.206894e-01 6.822805e+01
4.256166e-01 2.874681e-02 9.044469e-01 9.829575e+01 2.276591e-02 9.988387e-01 -4.246018e-02 -6.557200e+00 -9.046172e-01 3.866231e-02 4.244679e-01 6.853253e+01
4.283441e-01 2.894484e-02 9.031520e-01 9.890988e+01 2.398065e-02 9.987707e-01 -4.338277e-02 -6.602437e+00 -9.032974e-01 4.024092e-02 4.271235e-01 6.882876e+01
4.307251e-01 2.697952e-02 9.020798e-01 9.950379e+01 2.665959e-02 9.987365e-01 -4.259976e-02 -6.642023e+00 -9.020893e-01 4.239787e-02 4.294616e-01 6.911444e+01
4.319033e-01 2.536709e-02 9.015631e-01 1.000784e+02 2.913181e-02 9.986905e-01 -4.205585e-02 -6.685003e+00 -9.014493e-01 4.442823e-02 4.305987e-01 6.939550e+01
4.344046e-01 2.526155e-02 9.003635e-01 1.006617e+02 2.853504e-02 9.987189e-01 -4.178862e-02 -6.724943e+00 -9.002657e-01 4.384508e-02 4.331273e-01 6.968545e+01
4.365523e-01 2.423387e-02 8.993525e-01 1.012229e+02 3.057769e-02 9.986600e-01 -4.175244e-02 -6.766016e+00 -8.991591e-01 4.572725e-02 4.352263e-01 6.996111e+01
4.380471e-01 2.572123e-02 8.985840e-01 1.017805e+02 3.121313e-02 9.985527e-01 -4.379872e-02 -6.804115e+00 -8.984100e-01 4.723352e-02 4.366103e-01 7.023986e+01
4.409914e-01 2.571980e-02 8.971427e-01 1.023468e+02 3.378788e-02 9.984050e-01 -4.523131e-02 -6.846558e+00 -8.968751e-01 5.025917e-02 4.394190e-01 7.051709e+01
4.438607e-01 2.469403e-02 8.957555e-01 1.028817e+02 3.667496e-02 9.982821e-01 -4.569348e-02 -6.889700e+00 -8.953450e-01 5.313333e-02 4.421925e-01 7.078308e+01
4.465885e-01 2.328958e-02 8.944363e-01 1.033949e+02 3.927275e-02 9.981875e-01 -4.559981e-02 -6.927512e+00 -8.938771e-01 5.549132e-02 4.448644e-01 7.103792e+01
4.501494e-01 2.242749e-02 8.926716e-01 1.039148e+02 4.080018e-02 9.981239e-01 -4.565127e-02 -6.967307e+00 -8.920206e-01 5.697105e-02 4.483899e-01 7.130342e+01
4.530238e-01 2.202374e-02 8.912264e-01 1.044170e+02 4.159650e-02 9.980838e-01 -4.580850e-02 -7.006506e+00 -8.905275e-01 5.782423e-02 4.512396e-01 7.156279e+01
