1.000000e+00 0.000000e+00 0.000000e+00 0.000000e+00 0.000000e+00 1.000000e+00 0.000000e+00 0.000000e+00 0.000000e+00 0.000000e+00 1.000000e+00 0.000000e+00
9.999983e-01 6.929260e-04 1.719049e-03 1.983995e-04 -6.920916e-04 9.999996e-01 -4.859075e-04 -2.761663e-02 -1.719385e-03 4.847169e-04 9.999984e-01 1.167799e+00
9.999950e-01 9.938196e-04 3.007846e-03 6.175086e-03 -9.935624e-04 9.999995e-01 -8.698276e-05 -5.262231e-02 -3.007931e-03 8.399384e-05 9.999955e-01 2.337365e+00
9.999925e-01 2.869062e-04 3.855529e-03 1.434102e-02 -2.886042e-04 9.999999e-01 4.398702e-04 -7.979193e-02 -3.855402e-03 -4.409796e-04 9.999925e-01 3.508519e+00
9.999889e-01 -1.436225e-04 4.700883e-03 1.787709e-02 1.398285e-04 9.999997e-01 8.074047e-04 -1.078567e-01 -4.700997e-03 -8.067384e-04 9.999886e-01 4.690873e+00
9.999848e-01 -5.769841e-04 5.484723e-03 2.113502e-02 5.730477e-04 9.999996e-01 7.192462e-04 -1.315455e-01 -5.485136e-03 -7.160922e-04 9.999847e-01 5.874082e+00
9.999811e-01 -7.827530e-04 6.095651e-03 2.337915e-02 7.819827e-04 9.999997e-01 1.287543e-04 -1.612540e-01 -6.095750e-03 -1.239852e-04 9.999814e-01 7.058059e+00
9.999783e-01 -8.533834e-04 6.524823e-03 3.144916e-02 8.542264e-04 9.999996e-01 -1.264089e-04 -1.863769e-01 -6.524712e-03 1.319799e-04 9.999787e-01 8.238369e+00
9.999780e-01 -1.297279e-03 6.501097e-03 3.752453e-02 1.288941e-03 9.999983e-01 1.286579e-03 -2.140411e-01 -6.502755e-03 -1.278171e-03 9.999780e-01 9.427500e+00
9.999837e-01 -2.186464e-03 5.283283e-03 4.409373e-02 2.175869e-03 9.999956e-01 2.010309e-03 -2.388635e-01 -5.287655e-03 -1.998780e-03 9.999840e-01 1.061693e+01
9.999887e-01 -3.607227e-03 3.080624e-03 5.234621e-02 3.601754e-03 9.999919e-01 1.780474e-03 -2.642508e-01 -3.087022e-03 -1.769358e-03 9.999937e-01 1.179299e+01
9.999931e-01 -3.631318e-03 8.330711e-04 5.546570e-02 3.630124e-03 9.999924e-01 1.429314e-03 -2.886268e-01 -8.382550e-04 -1.426280e-03 9.999986e-01 1.297241e+01
9.999935e-01 -3.531249e-03 -7.211445e-04 5.422284e-02 3.532263e-03 9.999928e-01 1.408811e-03 -3.150132e-01 7.161644e-04 -1.411349e-03 9.999987e-01 1.414894e+01
9.999946e-01 -2.477477e-03 -2.171201e-03 4.814483e-02 2.480087e-03 9.999962e-01 1.200095e-03 -3.390074e-01 2.168219e-03 -1.205473e-03 9.999969e-01 1.533445e+01
9.999927e-01 -3.096260e-03 -2.246000e-03 4.346351e-02 3.099336e-03 9.999943e-01 1.367457e-03 -3.643677e-01 2.241753e-03 -1.374409e-03 9.999965e-01 1.653629e+01
9.999887e-01 -4.157259e-03 -2.305471e-03 3.869828e-02 4.161493e-03 9.999897e-01 1.835049e-03 -3.902403e-01 2.297818e-03 -1.844623e-03 9.999957e-01 1.773776e+01
9.999826e-01 -4.804481e-03 -3.433083e-03 2.990239e-02 4.811853e-03 9.999861e-01 2.142479e-03 -4.146555e-01 3.422742e-03 -2.158961e-03 9.999918e-01 1.893911e+01
9.999811e-01 -5.039822e-03 -3.518496e-03 1.775298e-02 5.044143e-03 9.999865e-01 1.220193e-03 -4.401535e-01 3.512299e-03 -1.237917e-03 9.999931e-01 2.012427e+01
9.999759e-01 -5.204148e-03 -4.591049e-03 7.820252e-03 5.206052e-03 9.999864e-01 4.028381e-04 -4.640097e-01 4.588890e-03 -4.267297e-04 9.999894e-01 2.130576e+01
9.999729e-01 -5.038868e-03 -5.361814e-03 -1.158446e-03 5.043540e-03 9.999869e-01 8.581021e-04 -4.900007e-01 5.357419e-03 -8.851214e-04 9.999853e-01 2.248431e+01
9.999713e-01 -5.353265e-03 -5.361027e-03 -1.363910e-02 5.356736e-03 9.999855e-01 6.333300e-04 -5.146771e-01 5.357559e-03 -6.620294e-04 9.999854e-01 2.367768e+01
9.999623e-01 -5.687106e-03 -6.555618e-03 -2.591448e-02 5.686956e-03 9.999838e-01 -4.145797e-05 -5.417628e-01 6.555748e-03 4.174892e-06 9.999785e-01 2.486489e+01
9.999619e-01 -5.575160e-03 -6.720208e-03 -3.936866e-02 5.577363e-03 9.999844e-01 3.091617e-04 -5.664628e-01 6.718380e-03 -3.466310e-04 9.999774e-01 2.605028e+01
9.999439e-01 -7.144879e-03 -7.822501e-03 -5.367016e-02 7.159437e-03 9.999727e-01 1.834624e-03 -5.902819e-01 7.809180e-03 -1.890526e-03 9.999677e-01 2.722175e+01
9.999336e-01 -7.774162e-03 -8.510111e-03 -6.646137e-02 7.791452e-03 9.999676e-01 2.000417e-03 -6.171660e-01 8.494285e-03 -2.066590e-03 9.999618e-01 2.840897e+01
9.999277e-01 -8.558136e-03 -8.445805e-03 -8.027759e-02 8.565024e-03 9.999630e-01 7.796714e-04 -6.416831e-01 8.438821e-03 -8.519536e-04 9.999640e-01 2.959946e+01
9.999119e-01 -9.099198e-03 -9.663617e-03 -9.479480e-02 9.096994e-03 9.999586e-01 -2.720678e-04 -6.693902e-01 9.665692e-03 1.841339e-04 9.999533e-01 3.079381e+01
9.999129e-01 -8.830526e-03 -9.809329e-03 -1.083953e-01 8.824826e-03 9.999609e-01 -6.242115e-04 -6.964894e-01 9.814457e-03 5.375915e-04 9.999517e-01 3.197508e+01
9.998985e-01 -9.356409e-03 -1.074319e-02 -1.235559e-01 9.354631e-03 9.999562e-01 -2.157250e-04 -7.252387e-01 1.074474e-02 1.152045e-04 9.999423e-01 3.316062e+01
9.998832e-01 -1.013336e-02 -1.144273e-02 -1.394903e-01 1.013293e-02 9.999487e-01 -9.495822e-05 -7.508404e-01 1.144311e-02 -2.100132e-05 9.999345e-01 3.436014e+01
9.998748e-01 -1.106444e-02 -1.131076e-02 -1.554700e-01 1.106470e-02 9.999388e-01 -4.003209e-05 -7.806560e-01 1.131051e-02 -8.512308e-05 9.999360e-01 3.554901e+01
9.998587e-01 -1.129591e-02 -1.245056e-02 -1.731484e-01 1.129361e-02 9.999362e-01 -2.550822e-04 -8.040641e-01 1.245264e-02 1.144344e-04 9.999225e-01 3.674673e+01
9.998457e-01 -1.272666e-02 -1.210569e-02 -1.951978e-01 1.273175e-02 9.999189e-01 3.436757e-04 -8.326631e-01 1.210033e-02 -4.977492e-04 9.999267e-01 3.794015e+01
9.998389e-01 -1.270398e-02 -1.267739e-02 -2.176861e-01 1.272170e-02 9.999182e-01 1.318233e-03 -8.574492e-01 1.265960e-02 -1.479299e-03 9.999188e-01 3.912924e+01
9.998354e-01 -1.262529e-02 -1.303336e-02 -2.392130e-01 1.265391e-02 9.999177e-01 2.115721e-03 -8.834370e-01 1.300558e-02 -2.280296e-03 9.999128e-01 4.032992e+01
9.998484e-01 -1.211525e-02 -1.250387e-02 -2.589010e-01 1.213771e-02 9.999249e-01 1.722155e-03 -9.101057e-01 1.248206e-02 -1.873662e-03 9.999203e-01 4.153828e+01
9.998573e-01 -1.097512e-02 -1.283923e-02 -2.794719e-01 1.100043e-02 9.999377e-01 1.901995e-03 -9.378344e-01 1.281756e-02 -2.042961e-03 9.999158e-01 4.274303e+01
9.998935e-01 -8.619727e-03 -1.178066e-02 -3.013868e-01 8.660450e-03 9.999567e-01 3.410109e-03 -9.586411e-01 1.175076e-02 -3.511772e-03 9.999248e-01 4.392187e+01
9.999025e-01 -8.451743e-03 -1.111715e-02 -3.209274e-01 8.525998e-03 9.999415e-01 6.648975e-03 -9.838337e-01 1.106030e-02 -6.743111e-03 9.999161e-01 4.509366e+01
9.999243e-01 -8.005675e-03 -9.348023e-03 -3.399242e-01 8.094434e-03 9.999222e-01 9.495979e-03 -1.001606e+00 9.271273e-03 -9.570927e-03 9.999112e-01 4.627318e+01
9.999430e-01 -8.048399e-03 -7.014818e-03 -3.537564e-01 8.136646e-03 9.998870e-01 1.264361e-02 -1.014825e+00 6.912264e-03 -1.269997e-02 9.998955e-01 4.745596e+01
9.999401e-01 -8.793755e-03 -6.509108e-03 -3.697948e-01 8.884386e-03 9.998621e-01 1.402841e-02 -1.027803e+00 6.384848e-03 -1.408540e-02 9.998804e-01 4.863480e+01
9.999350e-01 -1.027363e-02 -4.938445e-03 -3.770890e-01 1.033555e-02 9.998662e-01 1.268195e-02 -1.037510e+00 4.807494e-03 -1.273217e-02 9.999074e-01 4.981580e+01
9.999505e-01 -9.457174e-03 -3.075764e-03 -3.863001e-01 9.491117e-03 9.998921e-01 1.121504e-02 -1.051687e+00 2.969369e-03 -1.124368e-02 9.999324e-01 5.100867e+01
9.999534e-01 -9.167612e-03 -3.009096e-03 -3.989317e-01 9.197747e-03 9.999061e-01 1.015855e-02 -1.057556e+00 2.915684e-03 -1.018575e-02 9.999439e-01 5.219310e+01
9.999500e-01 -9.746007e-03 -2.254592e-03 -4.077303e-01 9.768404e-03 9.999008e-01 1.014632e-02 -1.076156e+00 2.155483e-03 -1.016783e-02 9.999460e-01 5.339260e+01
9.999480e-01 -1.000063e-02 -2.003801e-03 -4.047862e-01 1.002020e-02 9.998997e-01 1.000744e-02 -1.077020e+00 1.903519e-03 -1.002700e-02 9.999479e-01 5.351231e+01
9.999464e-01 -9.597180e-03 -3.878181e-03 -4.197207e-01 9.635846e-03 9.999028e-01 1.007767e-02 -1.088757e+00 3.781087e-03 -1.011450e-02 9.999417e-01 5.470209e+01
9.999403e-01 -9.847899e-03 -4.735638e-03 -4.313789e-01 9.900084e-03 9.998891e-01 1.112545e-02 -1.104788e+00 4.625551e-03 -1.117167e-02 9.999269e-01 5.590258e+01
9.999342e-01 -9.530528e-03 -6.383196e-03 -4.422803e-01 9.604129e-03 9.998866e-01 1.160076e-02 -1.118756e+00 6.271911e-03 -1.166131e-02 9.999123e-01 5.710591e+01
9.999393e-01 -8.631407e-03 -6.845201e-03 -4.607928e-01 8.708328e-03 9.998984e-01 1.128818e-02 -1.132659e+00 6.747072e-03 -1.134711e-02 9.999129e-01 5.830008e+01
9.999337e-01 -7.902811e-03 -8.376479e-03 -4.769686e-01 7.995467e-03 9.999066e-01 1.108632e-02 -1.148506e+00 8.288083e-03 -1.115256e-02 9.999035e-01 5.949798e+01
9.999338e-01 -8.068235e-03 -8.204495e-03 -4.808219e-01 8.155344e-03 9.999101e-01 1.063977e-02 -1.147708e+00 8.117913e-03 -1.070598e-02 9.999097e-01 5.967185e+01
9.999308e-01 -8.775604e-03 -7.829938e-03 -4.994646e-01 8.853511e-03 9.999111e-01 9.971416e-03 -1.167449e+00 7.741736e-03 -1.004005e-02 9.999196e-01 6.086823e+01
9.999227e-01 -8.666435e-03 -8.911052e-03 -5.167430e-01 8.764520e-03 9.999008e-01 1.102764e-02 -1.181885e+00 8.814598e-03 -1.110489e-02 9.998995e-01 6.206656e+01
9.999222e-01 -8.544938e-03 -9.082975e-03 -5.338292e-01 8.657762e-03 9.998849e-01 1.245568e-02 -1.197610e+00 8.975497e-03 -1.253335e-02 9.998812e-01 6.325358e+01
9.999225e-01 -7.694925e-03 -9.782963e-03 -5.567294e-01 7.806059e-03 9.999049e-01 1.137296e-02 -1.216753e+00 9.694519e-03 -1.144844e-02 9.998875e-01 6.445621e+01
9.999369e-01 -5.150800e-03 -9.978719e-03 -5.801075e-01 5.252776e-03 9.999340e-01 1.022031e-02 -1.230260e+00 9.925417e-03 -1.027208e-02 9.998980e-01 6.564715e+01
9.999526e-01 -2.483647e-03 -9.418923e-03 -6.053194e-01 2.581710e-03 9.999424e-01 1.041341e-02 -1.245856e+00 9.392518e-03 -1.043724e-02 9.999014e-01 6.682706e+01
9.999476e-01 -3.918733e-04 -1.023264e-02 -6.312406e-01 5.022112e-04 9.999417e-01 1.078259e-02 -1.264469e+00 1.022782e-02 -1.078716e-02 9.998895e-01 6.801753e+01
9.999518e-01 1.969312e-03 -9.616190e-03 -6.502468e-01 -1.864023e-03 9.999384e-01 1.094587e-02 -1.278328e+00 9.637153e-03 -1.092742e-02 9.998939e-01 6.919760e+01
9.999474e-01 2.954686e-03 -9.818141e-03 -6.697773e-01 -2.835718e-03 9.999227e-01 1.210906e-02 -1.299447e+00 9.853160e-03 -1.208058e-02 9.998785e-01 7.037121e+01
9.999530e-01 5.331551e-03 -8.103639e-03 -6.887326e-01 -5.230183e-03 9.999085e-01 1.247910e-02 -1.311933e+00 8.169430e-03 -1.243613e-02 9.998893e-01 7.155438e+01
9.999754e-01 4.678449e-03 -5.231298e-03 -6.979983e-01 -4.622959e-03 9.999335e-01 1.056958e-02 -1.330956e+00 5.280399e-03 -1.054514e-02 9.999305e-01 7.274623e+01
9.999870e-01 3.028661e-03 -4.112458e-03 -7.057691e-01 -3.003717e-03 9.999771e-01 6.058303e-03 -1.356534e+00 4.130712e-03 -6.045871e-03 9.999732e-01 7.391161e+01
9.999891e-01 4.434510e-03 -1.434582e-03 -7.119611e-01 -4.427446e-03 9.999782e-01 4.890069e-03 -1.373963e+00 1.456235e-03 -4.883665e-03 9.999870e-01 7.508147e+01
9.999907e-01 4.302042e-03 -1.752297e-04 -7.242875e-01 -4.300456e-03 9.999570e-01 8.221544e-03 -1.395120e+00 2.105915e-04 -8.220714e-03 9.999662e-01 7.625439e+01
9.999884e-01 4.033182e-03 2.648058e-03 -7.366907e-01 -4.059308e-03 9.999424e-01 9.936120e-03 -1.418686e+00 -2.607831e-03 -9.946753e-03 9.999471e-01 7.741832e+01
9.999637e-01 5.259002e-03 6.697475e-03 -7.465813e-01 -5.312703e-03 9.999537e-01 8.025834e-03 -1.430896e+00 -6.654957e-03 -8.061125e-03 9.999454e-01 7.858424e+01
9.999460e-01 3.920585e-03 9.627484e-03 -7.432102e-01 -3.973086e-03 9.999773e-01 5.440224e-03 -1.450831e+00 -9.605937e-03 -5.478181e-03 9.999389e-01 7.973544e+01
9.999009e-01 3.249790e-03 1.370102e-02 -7.323900e-01 -3.277060e-03 9.999927e-01 1.968323e-03 -1.472416e+00 -1.369452e-02 -2.013026e-03 9.999042e-01 8.086990e+01
9.998545e-01 3.014570e-03 1.679054e-02 -7.218033e-01 -3.033331e-03 9.999948e-01 1.091958e-03 -1.500141e+00 -1.678716e-02 -1.142730e-03 9.998584e-01 8.199243e+01
9.997815e-01 3.412212e-03 2.062089e-02 -7.122621e-01 -3.472645e-03 9.999898e-01 2.895545e-03 -1.529742e+00 -2.061080e-02 -2.966521e-03 9.997832e-01 8.310890e+01
9.996624e-01 4.970575e-03 2.550405e-02 -7.069840e-01 -5.070269e-03 9.999798e-01 3.845792e-03 -1.555985e+00 -2.548441e-02 -3.973805e-03 9.996673e-01 8.419527e+01
9.995531e-01 5.070185e-03 2.946113e-02 -6.849003e-01 -5.133592e-03 9.999847e-01 2.076986e-03 -1.582824e+00 -2.945014e-02 -2.227299e-03 9.995638e-01 8.530499e+01
9.994211e-01 5.283300e-03 3.361015e-02 -6.747628e-01 -5.276422e-03 9.999860e-01 -2.933176e-04 -1.607023e+00 -3.361123e-02 1.158064e-04 9.994350e-01 8.639611e+01
9.993171e-01 5.818467e-03 3.648835e-02 -6.516105e-01 -5.808616e-03 9.999831e-01 -3.759895e-04 -1.634423e+00 -3.648992e-02 1.637859e-04 9.993340e-01 8.753566e+01
9.992176e-01 4.350220e-03 3.931020e-02 -6.107025e-01 -4.385627e-03 9.999901e-01 8.145098e-04 -1.661669e+00 -3.930626e-02 -9.862724e-04 9.992267e-01 8.867148e+01
9.990966e-01 3.941971e-03 4.231352e-02 -5.631219e-01 -4.045145e-03 9.999891e-01 2.352972e-03 -1.685563e+00 -4.230378e-02 -2.522010e-03 9.991016e-01 8.979328e+01
9.990352e-01 3.438554e-03 4.378240e-02 -5.187287e-01 -3.622126e-03 9.999850e-01 4.114194e-03 -1.709150e+00 -4.376759e-02 -4.268810e-03 9.990326e-01 9.096774e+01
9.989072e-01 2.011641e-03 4.669510e-02 -4.689581e-01 -2.253249e-03 9.999843e-01 5.122100e-03 -1.729357e+00 -4.668407e-02 -5.221718e-03 9.988961e-01 9.209232e+01
9.988310e-01 1.141459e-03 4.832506e-02 -4.225882e-01 -1.297799e-03 9.999940e-01 3.203926e-03 -1.752953e+00 -4.832112e-02 -3.262896e-03 9.988265e-01 9.326161e+01
9.987260e-01 7.205175e-05 5.046094e-02 -3.704995e-01 -6.792758e-05 1.000000e+00 -8.344494e-05 -1.777085e+00 -5.046094e-02 7.991094e-05 9.987260e-01 9.440878e+01
9.985761e-01 9.745473e-04 5.333713e-02 -3.143926e-01 -8.191352e-04 9.999954e-01 -2.935553e-03 -1.800789e+00 -5.333974e-02 2.887683e-03 9.985722e-01 9.554293e+01
9.984732e-01 1.120534e-03 5.522685e-02 -2.648812e-01 -9.326821e-04 9.999937e-01 -3.427113e-03 -1.800133e+00 -5.523034e-02 3.370371e-03 9.984680e-01 9.555678e+01
9.984222e-01 1.294520e-03 5.613748e-02 -2.057507e-01 -1.136926e-03 9.999953e-01 -2.839141e-03 -1.827972e+00 -5.614089e-02 2.770837e-03 9.984190e-01 9.671142e+01
9.985093e-01 1.400507e-03 5.456428e-02 -1.505546e-01 -1.350146e-03 9.999986e-01 -9.598162e-04 -1.855262e+00 -5.456555e-02 8.847157e-04 9.985098e-01 9.788972e+01
9.985920e-01 8.015188e-04 5.304134e-02 -9.422447e-02 -8.459204e-04 9.999993e-01 8.146689e-04 -1.881910e+00 -5.304065e-02 -8.583906e-04 9.985920e-01 9.905960e+01
9.986549e-01 1.192908e-03 5.183592e-02 -3.713457e-02 -1.281881e-03 9.999978e-01 1.683230e-03 -1.902782e+00 -5.183379e-02 -1.747413e-03 9.986542e-01 1.002218e+02
9.988210e-01 1.441165e-03 4.852445e-02 1.668075e-02 -1.566343e-03 9.999955e-01 2.541759e-03 -1.926743e+00 -4.852057e-02 -2.614768e-03 9.988188e-01 1.014227e+02
9.989321e-01 2.071817e-03 4.615672e-02 7.132478e-02 -2.191704e-03 9.999944e-01 2.546933e-03 -1.947025e+00 -4.615118e-02 -2.645375e-03 9.989310e-01 1.025962e+02
9.991308e-01 3.464984e-03 4.154198e-02 1.160843e-01 -3.564671e-03 9.999909e-01 2.325848e-03 -1.967247e+00 -4.153354e-02 -2.471910e-03 9.991341e-01 1.038119e+02
9.992863e-01 3.660687e-03 3.759582e-02 1.615715e-01 -3.772282e-03 9.999887e-01 2.897770e-03 -1.989885e+00 -3.758478e-02 -3.037524e-03 9.992888e-01 1.050080e+02
9.994132e-01 4.063839e-03 3.401134e-02 2.044996e-01 -4.201882e-03 9.999832e-01 3.988238e-03 -2.009489e+00 -3.399456e-02 -4.128809e-03 9.994135e-01 1.061808e+02
9.995748e-01 4.349992e-03 2.883294e-02 2.439753e-01 -4.495713e-03 9.999774e-01 4.991093e-03 -2.031312e+00 -2.881058e-02 -5.118596e-03 9.995718e-01 1.074005e+02
9.996749e-01 4.453721e-03 2.510433e-02 2.780923e-01 -4.596149e-03 9.999737e-01 5.618588e-03 -2.050979e+00 -2.507864e-02 -5.732145e-03 9.996690e-01 1.085861e+02
9.997998e-01 4.996688e-03 1.937756e-02 3.057096e-01 -5.110960e-03 9.999698e-01 5.852084e-03 -2.070343e+00 -1.934773e-02 -5.949950e-03 9.997951e-01 1.098078e+02
9.998786e-01 5.845400e-03 1.444372e-02 3.284244e-01 -5.929670e-03 9.999656e-01 5.798451e-03 -2.089062e+00 -1.440933e-02 -5.883394e-03 9.998789e-01 1.110129e+02
9.999261e-01 6.454044e-03 1.030724e-02 3.467136e-01 -6.513442e-03 9.999623e-01 5.739639e-03 -2.108253e+00 -1.026981e-02 -5.806350e-03 9.999304e-01 1.121994e+02
9.999606e-01 7.534315e-03 4.692713e-03 3.520246e-01 -7.559312e-03 9.999572e-01 5.331891e-03 -2.129273e+00 -4.652340e-03 -5.367155e-03 9.999748e-01 1.134355e+02
9.999523e-01 9.554822e-03 2.030780e-03 3.634742e-01 -9.565098e-03 9.999412e-01 5.112126e-03 -2.149869e+00 -1.981815e-03 -5.131307e-03 9.999849e-01 1.146269e+02
9.999257e-01 1.214811e-02 -9.852793e-04 3.648816e-01 -1.214292e-02 9.999132e-01 5.110924e-03 -2.168884e+00 1.047282e-03 -5.098581e-03 9.999865e-01 1.158645e+02
9.999043e-01 1.364103e-02 -2.294468e-03 3.643592e-01 -1.362899e-02 9.998937e-01 5.184078e-03 -2.192991e+00 2.364940e-03 -5.152311e-03 9.999839e-01 1.170905e+02
9.998652e-01 1.617420e-02 -2.820201e-03 3.642940e-01 -1.615866e-02 9.998546e-01 5.449689e-03 -2.214058e+00 2.907935e-03 -5.403384e-03 9.999812e-01 1.182896e+02
9.998262e-01 1.803273e-02 -4.730197e-03 3.628524e-01 -1.800294e-02 9.998183e-01 6.266140e-03 -2.233169e+00 4.842333e-03 -6.179893e-03 9.999692e-01 1.195264e+02
9.998116e-01 1.879440e-02 -4.845602e-03 3.595515e-01 -1.875955e-02 9.997985e-01 7.139327e-03 -2.255762e+00 4.978805e-03 -7.047081e-03 9.999628e-01 1.207302e+02
9.997252e-01 2.253551e-02 -6.448738e-03 3.463365e-01 -2.247646e-02 9.997061e-01 9.086570e-03 -2.272827e+00 6.651613e-03 -8.939128e-03 9.999379e-01 1.219880e+02
9.996879e-01 2.400578e-02 -6.919211e-03 3.319567e-01 -2.392391e-02 9.996455e-01 1.168112e-02 -2.282959e+00 7.197173e-03 -1.151194e-02 9.999078e-01 1.232324e+02
9.997103e-01 2.294544e-02 -7.261335e-03 3.336035e-01 -2.285711e-02 9.996664e-01 1.202257e-02 -2.300671e+00 7.534776e-03 -1.185311e-02 9.999014e-01 1.244439e+02
9.996830e-01 2.369551e-02 -8.506113e-03 3.291776e-01 -2.360238e-02 9.996621e-01 1.088729e-02 -2.314484e+00 8.761219e-03 -1.068308e-02 9.999046e-01 1.256968e+02
9.997380e-01 2.122410e-02 -8.566145e-03 3.264570e-01 -2.112451e-02 9.997101e-01 1.155312e-02 -2.324899e+00 8.808866e-03 -1.136914e-02 9.998966e-01 1.269321e+02
9.997696e-01 1.880545e-02 -1.034419e-02 3.158164e-01 -1.866274e-02 9.997316e-01 1.372380e-02 -2.341939e+00 1.059949e-02 -1.352759e-02 9.998523e-01 1.281874e+02
9.998040e-01 1.646994e-02 -1.098260e-02 3.045550e-01 -1.629617e-02 9.997435e-01 1.572818e-02 -2.349814e+00 1.123883e-02 -1.554612e-02 9.998160e-01 1.294392e+02
9.998352e-01 1.448078e-02 -1.094673e-02 2.911208e-01 -1.429663e-02 9.997580e-01 1.671757e-02 -2.357719e+00 1.118617e-02 -1.655832e-02 9.998003e-01 1.306758e+02
9.998721e-01 1.087712e-02 -1.172101e-02 2.797651e-01 -1.069247e-02 9.998195e-01 1.570334e-02 -2.370257e+00 1.188970e-02 -1.557601e-02 9.998080e-01 1.319521e+02
9.999018e-01 8.573542e-03 -1.108352e-02 2.547118e-01 -8.410542e-03 9.998570e-01 1.467040e-02 -2.374867e+00 1.120771e-02 -1.457574e-02 9.998310e-01 1.332142e+02
9.999024e-01 7.132932e-03 -1.201491e-02 2.388671e-01 -6.952781e-03 9.998638e-01 1.496958e-02 -2.386179e+00 1.212005e-02 -1.488458e-02 9.998158e-01 1.344646e+02
9.999030e-01 7.002705e-03 -1.203657e-02 2.161649e-01 -6.816889e-03 9.998580e-01 1.540993e-02 -2.392289e+00 1.214277e-02 -1.532639e-02 9.998088e-01 1.357160e+02
9.999114e-01 7.689403e-03 -1.086539e-02 2.006028e-01 -7.499875e-03 9.998209e-01 1.737759e-02 -2.401780e+00 1.099707e-02 -1.729457e-02 9.997900e-01 1.369838e+02
9.998901e-01 9.829507e-03 -1.109924e-02 1.781338e-01 -9.619850e-03 9.997772e-01 1.878726e-02 -2.405012e+00 1.128144e-02 -1.867842e-02 9.997619e-01 1.382522e+02
9.998941e-01 9.949599e-03 -1.061610e-02 1.636687e-01 -9.759717e-03 9.997941e-01 1.779061e-02 -2.416219e+00 1.079092e-02 -1.768511e-02 9.997854e-01 1.395298e+02
9.998981e-01 1.087163e-02 -9.256384e-03 1.486008e-01 -1.072210e-02 9.998136e-01 1.605333e-02 -2.420785e+00 9.429185e-03 -1.595244e-02 9.998283e-01 1.407805e+02
9.998957e-01 1.083698e-02 -9.544155e-03 1.333581e-01 -1.070584e-02 9.998490e-01 1.368506e-02 -2.430406e+00 9.691019e-03 -1.358145e-02 9.998608e-01 1.420452e+02
9.999152e-01 9.940731e-03 -8.415698e-03 1.197222e-01 -9.856629e-03 9.999017e-01 9.976648e-03 -2.447363e+00 8.514046e-03 -9.892852e-03 9.999148e-01 1.433003e+02
9.999058e-01 1.039778e-02 -8.963265e-03 1.181004e-01 -1.033994e-02 9.999256e-01 6.475656e-03 -2.463790e+00 9.029930e-03 -6.382366e-03 9.999389e-01 1.445757e+02
9.999087e-01 1.023352e-02 -8.828998e-03 1.053749e-01 -1.018361e-02 9.999320e-01 5.679561e-03 -2.486237e+00 8.886519e-03 -5.589131e-03 9.999449e-01 1.458400e+02
9.999149e-01 1.008120e-02 -8.278186e-03 1.011338e-01 -1.003236e-02 9.999322e-01 5.919453e-03 -2.508999e+00 8.337299e-03 -5.835900e-03 9.999482e-01 1.470880e+02
9.998990e-01 1.087436e-02 -9.153394e-03 9.613956e-02 -1.081424e-02 9.999198e-01 6.592315e-03 -2.530424e+00 9.224347e-03 -6.492662e-03 9.999364e-01 1.483387e+02
9.998915e-01 1.149724e-02 -9.210976e-03 8.842455e-02 -1.142587e-02 9.999046e-01 7.764064e-03 -2.552320e+00 9.299362e-03 -7.657978e-03 9.999274e-01 1.495773e+02
9.998756e-01 1.212204e-02 -1.009656e-02 7.935421e-02 -1.203771e-02 9.998925e-01 8.372231e-03 -2.571661e+00 1.019696e-02 -8.249650e-03 9.999140e-01 1.508259e+02
9.998662e-01 1.245465e-02 -1.060146e-02 6.981892e-02 -1.236704e-02 9.998892e-01 8.290112e-03 -2.591315e+00 1.070354e-02 -8.157894e-03 9.999094e-01 1.520767e+02
9.998608e-01 1.267785e-02 -1.085085e-02 5.697355e-02 -1.258460e-02 9.998837e-01 8.619216e-03 -2.609382e+00 1.095886e-02 -8.481462e-03 9.999040e-01 1.533293e+02
9.998455e-01 1.252937e-02 -1.233188e-02 4.824377e-02 -1.240768e-02 9.998741e-01 9.895684e-03 -2.627580e+00 1.245432e-02 -9.741145e-03 9.998750e-01 1.545698e+02
9.998350e-01 1.317475e-02 -1.250945e-02 3.448765e-02 -1.304603e-02 9.998617e-01 1.031605e-02 -2.642334e+00 1.264363e-02 -1.015115e-02 9.998685e-01 1.557857e+02
9.998121e-01 1.355555e-02 -1.385564e-02 1.484080e-02 -1.342256e-02 9.998634e-01 9.646835e-03 -2.659116e+00 1.398451e-02 -9.459045e-03 9.998575e-01 1.570347e+02
9.997898e-01 1.426018e-02 -1.472802e-02 -3.039647e-03 -1.413393e-02 9.998628e-01 8.640698e-03 -2.675136e+00 1.484922e-02 -8.430717e-03 9.998542e-01 1.582859e+02
9.997789e-01 1.481327e-02 -1.492109e-02 -2.423292e-02 -1.468906e-02 9.998568e-01 8.400197e-03 -2.690353e+00 1.504339e-02 -8.179163e-03 9.998534e-01 1.595249e+02
9.997613e-01 1.448178e-02 -1.635959e-02 -4.354943e-02 -1.435341e-02 9.998655e-01 7.937428e-03 -2.710372e+00 1.647234e-02 -7.700717e-03 9.998347e-01 1.607697e+02
9.997525e-01 1.485027e-02 -1.656262e-02 -6.332195e-02 -1.473437e-02 9.998662e-01 7.098003e-03 -2.729821e+00 1.666581e-02 -6.852206e-03 9.998376e-01 1.620163e+02
9.997241e-01 1.520637e-02 -1.790385e-02 -8.402362e-02 -1.507653e-02 9.998592e-01 7.364978e-03 -2.748227e+00 1.801332e-02 -7.093018e-03 9.998126e-01 1.632702e+02
9.997051e-01 1.540312e-02 -1.877507e-02 -1.019823e-01 -1.524174e-02 9.998459e-01 8.708663e-03 -2.767697e+00 1.890631e-02 -8.419930e-03 9.997858e-01 1.645047e+02
9.997003e-01 1.569396e-02 -1.878866e-02 -1.189235e-01 -1.552102e-02 9.998361e-01 9.315418e-03 -2.785644e+00 1.893178e-02 -9.021007e-03 9.997801e-01 1.657419e+02
9.996653e-01 1.631107e-02 -2.007854e-02 -1.335111e-01 -1.611585e-02 9.998216e-01 9.846287e-03 -2.802573e+00 2.023556e-02 -9.519409e-03 9.997499e-01 1.669882e+02
9.996577e-01 1.655865e-02 -2.025529e-02 -1.547925e-01 -1.635868e-02 9.998162e-01 9.998436e-03 -2.819718e+00 2.041713e-02 -9.663664e-03 9.997448e-01 1.682452e+02
9.996234e-01 1.709350e-02 -2.146653e-02 -1.775269e-01 -1.689361e-02 9.998126e-01 9.458604e-03 -2.836720e+00 2.162419e-02 -9.092395e-03 9.997248e-01 1.694978e+02
9.995905e-01 1.809357e-02 -2.216712e-02 -2.021971e-01 -1.789526e-02 9.997983e-01 9.112024e-03 -2.852300e+00 2.232752e-02 -8.711607e-03 9.997128e-01 1.707558e+02
9.995817e-01 1.812641e-02 -2.253400e-02 -2.305629e-01 -1.791927e-02 9.997956e-01 9.360496e-03 -2.868907e+00 2.269907e-02 -8.952788e-03 9.997023e-01 1.720181e+02
9.995555e-01 1.812240e-02 -2.367142e-02 -2.384586e-01 -1.792958e-02 9.998045e-01 8.332821e-03 -2.886074e+00 2.381780e-02 -7.904699e-03 9.996851e-01 1.732920e+02
9.995707e-01 1.717108e-02 -2.373778e-02 -2.468607e-01 -1.700522e-02 9.998297e-01 7.171628e-03 -2.904794e+00 2.385688e-02 -6.764884e-03 9.996925e-01 1.745333e+02
9.995863e-01 1.443351e-02 -2.487691e-02 -2.603811e-01 -1.424874e-02 9.998697e-01 7.588702e-03 -2.927268e+00 2.498320e-02 -7.231098e-03 9.996617e-01 1.757933e+02
9.995625e-01 1.478076e-02 -2.561875e-02 -2.785857e-01 -1.450247e-02 9.998342e-01 1.101462e-02 -2.942123e+00 2.577731e-02 -1.063826e-02 9.996111e-01 1.770514e+02
9.995838e-01 1.364824e-02 -2.541502e-02 -2.941025e-01 -1.327120e-02 9.998002e-01 1.494510e-02 -2.957133e+00 2.561392e-02 -1.460159e-02 9.995653e-01 1.783025e+02
9.995547e-01 1.456271e-02 -2.604319e-02 -3.135347e-01 -1.417663e-02 9.997878e-01 1.494839e-02 -2.971586e+00 2.625535e-02 -1.457252e-02 9.995490e-01 1.795481e+02
9.995545e-01 1.623086e-02 -2.504552e-02 -3.325215e-01 -1.594487e-02 9.998059e-01 1.157662e-02 -2.982604e+00 2.522855e-02 -1.117212e-02 9.996193e-01 1.807917e+02
9.995201e-01 1.710459e-02 -2.582719e-02 -3.522565e-01 -1.685860e-02 9.998107e-01 9.712512e-03 -3.000379e+00 2.598843e-02 -9.272440e-03 9.996192e-01 1.820435e+02
9.995096e-01 1.691628e-02 -2.635325e-02 -3.816772e-01 -1.666728e-02 9.998146e-01 9.639708e-03 -3.020177e+00 2.651143e-02 -9.195743e-03 9.996062e-01 1.832903e+02
9.995132e-01 1.725906e-02 -2.598898e-02 -4.081476e-01 -1.698674e-02 9.997989e-01 1.066293e-02 -3.039661e+00 2.616779e-02 -1.021627e-02 9.996054e-01 1.845166e+02
9.994904e-01 1.765743e-02 -2.659293e-02 -4.443312e-01 -1.732992e-02 9.997717e-01 1.249604e-02 -3.057800e+00 2.680750e-02 -1.202881e-02 9.995682e-01 1.857498e+02
9.995291e-01 1.753623e-02 -2.518113e-02 -4.750116e-01 -1.720310e-02 9.997624e-01 1.338549e-02 -3.077704e+00 2.540988e-02 -1.294599e-02 9.995933e-01 1.869727e+02
9.995283e-01 1.821221e-02 -2.472749e-02 -5.015351e-01 -1.790098e-02 9.997585e-01 1.274996e-02 -3.093805e+00 2.495372e-02 -1.230130e-02 9.996129e-01 1.882001e+02
9.995750e-01 1.752172e-02 -2.329611e-02 -5.299841e-01 -1.725808e-02 9.997853e-01 1.147022e-02 -3.115082e+00 2.349209e-02 -1.106330e-02 9.996628e-01 1.894186e+02
9.996038e-01 1.779919e-02 -2.180665e-02 -5.600941e-01 -1.758367e-02 9.997950e-01 1.003535e-02 -3.131767e+00 2.198080e-02 -9.647931e-03 9.997118e-01 1.906479e+02
9.996304e-01 1.677361e-02 -2.139266e-02 -5.875247e-01 -1.657395e-02 9.998177e-01 9.476674e-03 -3.151766e+00 2.154772e-02 -9.118611e-03 9.997262e-01 1.918740e+02
9.996678e-01 1.714718e-02 -1.924427e-02 -6.106330e-01 -1.695375e-02 9.998046e-01 1.016989e-02 -3.168795e+00 1.941489e-02 -9.840252e-03 9.997631e-01 1.930616e+02
9.996764e-01 1.677786e-02 -1.912307e-02 -6.335461e-01 -1.655411e-02 9.997934e-01 1.179903e-02 -3.187388e+00 1.931708e-02 -1.147865e-02 9.997475e-01 1.942731e+02
9.996770e-01 1.746575e-02 -1.846004e-02 -6.570416e-01 -1.724298e-02 9.997774e-01 1.215873e-02 -3.206457e+00 1.866829e-02 -1.183650e-02 9.997557e-01 1.954669e+02
9.997054e-01 1.749787e-02 -1.682220e-02 -6.772700e-01 -1.730149e-02 9.997813e-01 1.174970e-02 -3.223273e+00 1.702411e-02 -1.145519e-02 9.997895e-01 1.966552e+02
9.996993e-01 1.801236e-02 -1.664008e-02 -7.054760e-01 -1.781478e-02 9.997699e-01 1.194648e-02 -3.240838e+00 1.685144e-02 -1.164644e-02 9.997902e-01 1.978664e+02
9.997287e-01 1.778069e-02 -1.504769e-02 -7.326405e-01 -1.759888e-02 9.997716e-01 1.212950e-02 -3.258200e+00 1.525992e-02 -1.186138e-02 9.998132e-01 1.990404e+02
9.997169e-01 1.853548e-02 -1.491674e-02 -7.613695e-01 -1.835397e-02 9.997569e-01 1.221464e-02 -3.274692e+00 1.513952e-02 -1.193741e-02 9.998141e-01 2.002077e+02
9.997304e-01 1.841513e-02 -1.414522e-02 -7.914070e-01 -1.823973e-02 9.997564e-01 1.243039e-02 -3.290345e+00 1.437068e-02 -1.216903e-02 9.998227e-01 2.013654e+02
9.997629e-01 1.733419e-02 -1.318190e-02 -8.028251e-01 -1.716481e-02 9.997700e-01 1.285564e-02 -3.310429e+00 1.340171e-02 -1.262633e-02 9.998305e-01 2.025090e+02
9.997561e-01 1.724462e-02 -1.379655e-02 -8.156901e-01 -1.705750e-02 9.997625e-01 1.356717e-02 -3.325100e+00 1.402724e-02 -1.332852e-02 9.998128e-01 2.036585e+02
9.997638e-01 1.665346e-02 -1.396098e-02 -8.311620e-01 -1.644586e-02 9.997544e-01 1.485513e-02 -3.342588e+00 1.420494e-02 -1.462202e-02 9.997922e-01 2.047556e+02
9.997395e-01 1.671805e-02 -1.553996e-02 -8.498953e-01 -1.648674e-02 9.997531e-01 1.489547e-02 -3.356456e+00 1.578515e-02 -1.463538e-02 9.997683e-01 2.058647e+02
9.997299e-01 1.676999e-02 -1.609240e-02 -8.713538e-01 -1.654194e-02 9.997623e-01 1.420106e-02 -3.372584e+00 1.632673e-02 -1.393102e-02 9.997697e-01 2.069461e+02
9.997331e-01 1.670590e-02 -1.595532e-02 -8.913817e-01 -1.649416e-02 9.997753e-01 1.331195e-02 -3.385950e+00 1.617413e-02 -1.304523e-02 9.997841e-01 2.080016e+02
9.997210e-01 1.626310e-02 -1.713221e-02 -9.141778e-01 -1.604003e-02 9.997858e-01 1.307859e-02 -3.400859e+00 1.734123e-02 -1.280014e-02 9.997677e-01 2.090739e+02
9.997212e-01 1.547360e-02 -1.783572e-02 -9.391978e-01 -1.524281e-02 9.997993e-01 1.300375e-02 -3.417403e+00 1.803335e-02 -1.272826e-02 9.997564e-01 2.101075e+02
9.996825e-01 1.505166e-02 -2.020970e-02 -9.646791e-01 -1.477966e-02 9.997991e-01 1.354168e-02 -3.430694e+00 2.040946e-02 -1.323869e-02 9.997041e-01 2.111577e+02
9.996511e-01 1.404206e-02 -2.237113e-02 -9.910569e-01 -1.370823e-02 9.997934e-01 1.500648e-02 -3.445088e+00 2.257723e-02 -1.469457e-02 9.996371e-01 2.121881e+02
9.996064e-01 1.415444e-02 -2.421984e-02 -1.015863e+00 -1.375426e-02 9.997674e-01 1.661031e-02 -3.457661e+00 2.444931e-02 -1.627065e-02 9.995687e-01 2.131887e+02
9.995163e-01 1.437132e-02 -2.757919e-02 -1.042831e+00 -1.391437e-02 9.997639e-01 1.668963e-02 -3.471426e+00 2.781253e-02 -1.629781e-02 9.994803e-01 2.141963e+02
9.994504e-01 1.474446e-02 -2.968884e-02 -1.077789e+00 -1.426744e-02 9.997667e-01 1.621541e-02 -3.481973e+00 2.992101e-02 -1.578292e-02 9.994277e-01 2.151750e+02
9.993319e-01 1.493478e-02 -3.335664e-02 -1.117492e+00 -1.439129e-02 9.997607e-01 1.647428e-02 -3.493526e+00 3.359470e-02 -1.598323e-02 9.993077e-01 2.161397e+02
9.992107e-01 1.536184e-02 -3.663212e-02 -1.160739e+00 -1.475039e-02 9.997483e-01 1.690390e-02 -3.505776e+00 3.688257e-02 -1.635022e-02 9.991858e-01 2.170589e+02
9.991066e-01 1.571269e-02 -3.923176e-02 -1.197014e+00 -1.506528e-02 9.997463e-01 1.674350e-02 -3.518653e+00 3.948490e-02 -1.613750e-02 9.990898e-01 2.179640e+02
9.989535e-01 1.581647e-02 -4.291499e-02 -1.236398e+00 -1.512599e-02 9.997516e-01 1.636694e-02 -3.531001e+00 4.316320e-02 -1.570068e-02 9.989447e-01 2.188551e+02
9.988287e-01 1.569768e-02 -4.576826e-02 -1.274784e+00 -1.498308e-02 9.997611e-01 1.591496e-02 -3.544333e+00 4.600716e-02 -1.521057e-02 9.988253e-01 2.197112e+02
9.986317e-01 1.667478e-02 -4.956504e-02 -1.319382e+00 -1.591182e-02 9.997494e-01 1.574800e-02 -3.554807e+00 4.981521e-02 -1.493778e-02 9.986467e-01 2.205517e+02
9.984752e-01 1.720922e-02 -5.245135e-02 -1.365191e+00 -1.642395e-02 9.997470e-01 1.536599e-02 -3.569296e+00 5.270252e-02 -1.448110e-02 9.985053e-01 2.213754e+02
9.983458e-01 1.889705e-02 -5.430053e-02 -1.412927e+00 -1.809618e-02 9.997207e-01 1.520296e-02 -3.578901e+00 5.457265e-02 -1.419518e-02 9.984089e-01 2.221702e+02
9.982338e-01 1.982517e-02 -5.600182e-02 -1.456078e+00 -1.897171e-02 9.996963e-01 1.573070e-02 -3.589456e+00 5.629668e-02 -1.464046e-02 9.983067e-01 2.229500e+02
9.982386e-01 1.985371e-02 -5.590585e-02 -1.497729e+00 -1.895043e-02 9.996819e-01 1.664109e-02 -3.600904e+00 5.621845e-02 -1.555234e-02 9.982974e-01 2.237056e+02
9.982026e-01 2.010835e-02 -5.645531e-02 -1.535601e+00 -1.915577e-02 9.996657e-01 1.736401e-02 -3.611551e+00 5.678560e-02 -1.625136e-02 9.982541e-01 2.244423e+02
9.982003e-01 2.014744e-02 -5.648264e-02 -1.574851e+00 -1.922135e-02 9.996726e-01 1.689152e-02 -3.622391e+00 5.680446e-02 -1.577545e-02 9.982607e-01 2.251674e+02
9.982102e-01 2.080531e-02 -5.606703e-02 -1.617236e+00 -1.999793e-02 9.996886e-01 1.492310e-02 -3.631674e+00 5.636005e-02 -1.377517e-02 9.983155e-01 2.258871e+02
9.982188e-01 2.114754e-02 -5.578488e-02 -1.658051e+00 -2.046572e-02 9.997091e-01 1.276547e-02 -3.642130e+00 5.603861e-02 -1.160105e-02 9.983612e-01 2.266124e+02
9.983036e-01 2.130918e-02 -5.418330e-02 -1.693652e+00 -2.072477e-02 9.997211e-01 1.132480e-02 -3.653544e+00 5.440951e-02 -1.018265e-02 9.984668e-01 2.273197e+02
9.983257e-01 2.203932e-02 -5.348003e-02 -1.730883e+00 -2.149905e-02 9.997121e-01 1.065667e-02 -3.663601e+00 5.369949e-02 -9.489055e-03 9.985121e-01 2.280385e+02
9.983975e-01 2.184419e-02 -5.220351e-02 -1.769165e+00 -2.133545e-02 9.997195e-01 1.028295e-02 -3.675354e+00 5.241349e-02 -9.152685e-03 9.985835e-01 2.287427e+02
9.984984e-01 2.205417e-02 -5.014592e-02 -1.807432e+00 -2.156231e-02 9.997142e-01 1.032840e-02 -3.687551e+00 5.035937e-02 -9.231633e-03 9.986885e-01 2.294341e+02
9.985441e-01 2.239830e-02 -4.907055e-02 -1.841404e+00 -2.192635e-02 9.997082e-01 1.013513e-02 -3.699602e+00 4.928324e-02 -9.044434e-03 9.987439e-01 2.301305e+02
9.986463e-01 2.255031e-02 -4.687211e-02 -1.876897e+00 -2.211137e-02 9.997069e-01 9.862217e-03 -3.711830e+00 4.708076e-02 -8.812460e-03 9.988522e-01 2.308131e+02
9.987262e-01 2.312072e-02 -4.484981e-02 -1.909717e+00 -2.268845e-02 9.996913e-01 1.012336e-02 -3.723542e+00 4.507003e-02 -9.092891e-03 9.989424e-01 2.314966e+02
9.988494e-01 2.264635e-02 -4.227361e-02 -1.935048e+00 -2.221574e-02 9.996967e-01 1.062859e-02 -3.734126e+00 4.250149e-02 -9.677226e-03 9.990495e-01 2.321713e+02
9.989890e-01 2.186877e-02 -3.927758e-02 -1.963242e+00 -2.144593e-02 9.997078e-01 1.115486e-02 -3.747411e+00 3.951005e-02 -1.030124e-02 9.991661e-01 2.328366e+02
9.990938e-01 2.148725e-02 -3.673935e-02 -1.985587e+00 -2.108343e-02 9.997134e-01 1.134376e-02 -3.757055e+00 3.697257e-02 -1.055889e-02 9.992605e-01 2.335003e+02
9.992164e-01 2.105391e-02 -3.351460e-02 -2.012584e+00 -2.069585e-02 9.997254e-01 1.099496e-02 -3.766762e+00 3.373688e-02 -1.029274e-02 9.993777e-01 2.341727e+02
9.992969e-01 2.083791e-02 -3.116754e-02 -2.036449e+00 -2.050684e-02 9.997302e-01 1.090437e-02 -3.773781e+00 3.138635e-02 -1.025756e-02 9.994547e-01 2.348321e+02
9.993716e-01 2.141240e-02 -2.824701e-02 -2.058555e+00 -2.113421e-02 9.997255e-01 1.011060e-02 -3.779822e+00 2.845575e-02 -9.507264e-03 9.995498e-01 2.355080e+02
9.994656e-01 2.127525e-02 -2.481721e-02 -2.080100e+00 -2.104320e-02 9.997327e-01 9.574341e-03 -3.787938e+00 2.501427e-02 -9.046991e-03 9.996462e-01 2.361953e+02
9.995276e-01 2.099953e-02 -2.244209e-02 -2.095216e+00 -2.076972e-02 9.997299e-01 1.042468e-02 -3.794300e+00 2.265494e-02 -9.953634e-03 9.996938e-01 2.368728e+02
9.995824e-01 2.103880e-02 -1.981118e-02 -2.108472e+00 -2.082349e-02 9.997225e-01 1.101282e-02 -3.798233e+00 2.003738e-02 -1.059568e-02 9.997431e-01 2.375448e+02
9.996224e-01 2.077789e-02 -1.797957e-02 -2.124651e+00 -2.058203e-02 9.997275e-01 1.101110e-02 -3.807602e+00 1.820346e-02 -1.063688e-02 9.997777e-01 2.382419e+02
9.996781e-01 1.990402e-02 -1.573548e-02 -2.139190e+00 -1.975791e-02 9.997607e-01 9.386927e-03 -3.812950e+00 1.591856e-02 -9.073005e-03 9.998321e-01 2.389419e+02
9.996916e-01 2.027442e-02 -1.434061e-02 -2.153526e+00 -2.017609e-02 9.997722e-01 6.968169e-03 -3.820771e+00 1.447862e-02 -6.676683e-03 9.998729e-01 2.396597e+02
9.997174e-01 1.946080e-02 -1.364937e-02 -2.163628e+00 -1.938805e-02 9.997972e-01 5.442486e-03 -3.829872e+00 1.375251e-02 -5.176314e-03 9.998920e-01 2.403711e+02
9.997218e-01 1.942748e-02 -1.337646e-02 -2.177669e+00 -1.935942e-02 9.997991e-01 5.198689e-03 -3.839742e+00 1.347477e-02 -4.938282e-03 9.998970e-01 2.410892e+02
9.997279e-01 1.878296e-02 -1.383550e-02 -2.184952e+00 -1.871710e-02 9.998129e-01 4.874170e-03 -3.851657e+00 1.392447e-02 -4.613883e-03 9.998924e-01 2.417961e+02
9.997172e-01 1.956810e-02 -1.351316e-02 -2.195028e+00 -1.950551e-02 9.997985e-01 4.748482e-03 -3.863170e+00 1.360336e-02 -4.483558e-03 9.998974e-01 2.425117e+02
9.997016e-01 2.011160e-02 -1.386352e-02 -2.205032e+00 -2.005513e-02 9.997901e-01 4.200636e-03 -3.871232e+00 1.394510e-02 -3.921348e-03 9.998951e-01 2.432628e+02
9.997203e-01 1.927487e-02 -1.370674e-02 -2.213277e+00 -1.924269e-02 9.998118e-01 2.475955e-03 -3.879555e+00 1.375188e-02 -2.211508e-03 9.999030e-01 2.440011e+02
9.997955e-01 1.508644e-02 -1.346608e-02 -2.216296e+00 -1.507809e-02 9.998861e-01 7.210021e-04 -3.893578e+00 1.347543e-02 -5.178118e-04 9.999091e-01 2.447466e+02
9.998385e-01 1.192466e-02 -1.344392e-02 -2.218880e+00 -1.192503e-02 9.999289e-01 5.252758e-05 -3.898514e+00 1.344359e-02 1.078001e-04 9.999096e-01 2.454964e+02
9.998607e-01 1.139384e-02 -1.219292e-02 -2.230089e+00 -1.134975e-02 9.999288e-01 3.679183e-03 -3.896654e+00 1.223397e-02 -3.540284e-03 9.999189e-01 2.462456e+02
9.998262e-01 1.502294e-02 -1.104104e-02 -2.244949e+00 -1.491908e-02 9.998442e-01 9.429392e-03 -3.892624e+00 1.118098e-02 -9.263031e-03 9.998946e-01 2.469730e+02
9.998765e-01 1.280500e-02 -9.110630e-03 -2.257073e+00 -1.268522e-02 9.998339e-01 1.308638e-02 -3.896781e+00 9.276688e-03 -1.296919e-02 9.998729e-01 2.477128e+02
9.999263e-01 1.063404e-02 -5.862240e-03 -2.271855e+00 -1.056772e-02 9.998811e-01 1.123077e-02 -3.905217e+00 5.980971e-03 -1.116799e-02 9.999197e-01 2.484914e+02
9.999205e-01 1.249516e-02 -1.675288e-03 -2.282134e+00 -1.248705e-02 9.999107e-01 4.768962e-03 -3.911109e+00 1.734727e-03 -4.747664e-03 9.999872e-01 2.492852e+02
9.998834e-01 1.503132e-02 2.707011e-03 -2.286804e+00 -1.503401e-02 9.998865e-01 9.750337e-04 -3.920216e+00 -2.692047e-03 -1.015617e-03 9.999959e-01 2.500687e+02
9.998458e-01 1.668476e-02 5.472498e-03 -2.287629e+00 -1.669085e-02 9.998601e-01 1.068851e-03 -3.934530e+00 -5.453899e-03 -1.160027e-03 9.999845e-01 2.508855e+02
9.998386e-01 1.585656e-02 8.444534e-03 -2.280737e+00 -1.588510e-02 9.998683e-01 3.323887e-03 -3.950658e+00 -8.390717e-03 -3.457493e-03 9.999588e-01 2.516946e+02
9.998546e-01 1.257975e-02 1.151296e-02 -2.266347e+00 -1.265366e-02 9.998996e-01 6.369940e-03 -3.966028e+00 -1.143167e-02 -6.514695e-03 9.999134e-01 2.525053e+02
9.998440e-01 1.075546e-02 1.400985e-02 -2.251665e+00 -1.087071e-02 9.999075e-01 8.176288e-03 -3.981893e+00 -1.392061e-02 -8.327309e-03 9.998684e-01 2.533393e+02
9.997936e-01 1.074525e-02 1.724311e-02 -2.237236e+00 -1.089335e-02 9.999044e-01 8.518162e-03 -3.995919e+00 -1.714993e-02 -8.704239e-03 9.998150e-01 2.541519e+02
9.997193e-01 1.318930e-02 1.968110e-02 -2.227165e+00 -1.331591e-02 9.998914e-01 6.315926e-03 -4.008571e+00 -1.959566e-02 -6.576225e-03 9.997864e-01 2.549900e+02
9.996557e-01 1.435274e-02 2.196740e-02 -2.212538e+00 -1.444696e-02 9.998871e-01 4.136197e-03 -4.024497e+00 -2.190555e-02 -4.452135e-03 9.997501e-01 2.558223e+02
9.995708e-01 1.527302e-02 2.500063e-02 -2.196802e+00 -1.537121e-02 9.998749e-01 3.739927e-03 -4.039094e+00 -2.494038e-02 -4.122612e-03 9.996804e-01 2.566363e+02
9.994741e-01 1.649155e-02 2.791965e-02 -2.178079e+00 -1.665809e-02 9.998448e-01 5.742984e-03 -4.055702e+00 -2.782060e-02 -6.205052e-03 9.995937e-01 2.574526e+02
9.993399e-01 1.787215e-02 3.162695e-02 -2.159523e+00 -1.811333e-02 9.998089e-01 7.355638e-03 -4.071892e+00 -3.148945e-02 -7.923652e-03 9.994727e-01 2.582542e+02
9.992219e-01 1.920888e-02 3.444757e-02 -2.136968e+00 -1.947290e-02 9.997834e-01 7.345413e-03 -4.087876e+00 -3.429901e-02 -8.010492e-03 9.993795e-01 2.590877e+02
9.991114e-01 1.938406e-02 3.742561e-02 -2.112212e+00 -1.964968e-02 9.997842e-01 6.742519e-03 -4.101700e+00 -3.728684e-02 -7.471929e-03 9.992767e-01 2.599058e+02
9.990160e-01 1.811185e-02 4.048411e-02 -2.080285e+00 -1.837875e-02 9.998117e-01 6.230350e-03 -4.116277e+00 -4.036364e-02 -6.968266e-03 9.991608e-01 2.607353e+02
9.989717e-01 1.599172e-02 4.242319e-02 -2.043984e+00 -1.628905e-02 9.998451e-01 6.672282e-03 -4.132017e+00 -4.230992e-02 -7.356455e-03 9.990775e-01 2.615564e+02
9.989171e-01 1.529729e-02 4.393965e-02 -2.012075e+00 -1.561139e-02 9.998549e-01 6.814254e-03 -4.150010e+00 -4.382903e-02 -7.492834e-03 9.990109e-01 2.623797e+02
9.988908e-01 1.525159e-02 4.454950e-02 -1.975071e+00 -1.556898e-02 9.998558e-01 6.786026e-03 -4.166134e+00 -4.443958e-02 -7.472089e-03 9.989841e-01 2.631990e+02
9.988466e-01 1.552725e-02 4.543456e-02 -1.941468e+00 -1.585639e-02 9.998505e-01 6.892944e-03 -4.180343e+00 -4.532074e-02 -7.605422e-03 9.989435e-01 2.640081e+02
