1.000000e+00 0.000000e+00 0.000000e+00 0.000000e+00 0.000000e+00 1.000000e+00 0.000000e+00 0.000000e+00 0.000000e+00 0.000000e+00 1.000000e+00 0.000000e+00
9.999976e-01 -1.726176e-03 -1.364596e-03 -1.746919e-04 1.725211e-03 9.999983e-01 -7.083480e-04 -1.584432e-02 1.365817e-03 7.059921e-04 9.999988e-01 5.586696e-01
9.999962e-01 -2.075979e-03 -1.838468e-03 -2.106362e-03 2.072176e-03 9.999957e-01 -2.068171e-03 -3.209763e-02 1.842754e-03 2.064353e-03 9.999962e-01 1.116934e+00
9.999891e-01 -2.399077e-03 -3.999875e-03 -5.438063e-03 2.384617e-03 9.999906e-01 -3.615865e-03 -4.679203e-02 4.008512e-03 3.606287e-03 9.999855e-01 1.672629e+00
9.999746e-01 -4.163972e-03 -5.788013e-03 -7.822058e-03 4.133286e-03 9.999774e-01 -5.303535e-03 -6.214043e-02 5.809966e-03 5.279477e-03 9.999692e-01 2.228988e+00
9.999595e-01 -6.220909e-03 -6.496243e-03 -1.103857e-02 6.174695e-03 9.999557e-01 -7.109949e-03 -7.841219e-02 6.540185e-03 7.069549e-03 9.999536e-01 2.791411e+00
9.999386e-01 -7.195571e-03 -8.421670e-03 -1.591559e-02 7.128610e-03 9.999430e-01 -7.954261e-03 -9.166268e-02 8.478425e-03 7.893738e-03 9.999329e-01 3.357426e+00
9.999315e-01 -7.308518e-03 -9.142092e-03 -1.810014e-02 7.240987e-03 9.999464e-01 -7.398216e-03 -1.078502e-01 9.195672e-03 7.331512e-03 9.999308e-01 3.920127e+00
9.999137e-01 -7.508985e-03 -1.078423e-02 -2.708440e-02 7.425998e-03 9.999427e-01 -7.714772e-03 -1.262369e-01 1.084155e-02 7.634022e-03 9.999121e-01 4.495369e+00
9.999159e-01 -6.661817e-03 -1.113104e-02 -3.327835e-02 6.547833e-03 9.999261e-01 -1.024538e-02 -1.474857e-01 1.119847e-02 1.017163e-02 9.998856e-01 5.080819e+00
9.999056e-01 -4.851684e-03 -1.285655e-02 -4.836045e-02 4.671653e-03 9.998911e-01 -1.399626e-02 -1.671556e-01 1.292306e-02 1.393488e-02 9.998194e-01 5.676618e+00
9.998971e-01 -3.035725e-03 -1.401997e-02 -6.405021e-02 2.789904e-03 9.998426e-01 -1.752005e-02 -1.837915e-01 1.407095e-02 1.747913e-02 9.997482e-01 6.279671e+00
9.998939e-01 -1.076305e-03 -1.452709e-02 -7.753522e-02 8.232570e-04 9.998480e-01 -1.741376e-02 -2.010341e-01 1.454362e-02 1.739996e-02 9.997428e-01 6.893848e+00
9.998681e-01 1.276661e-03 -1.619063e-02 -1.040463e-01 -1.456756e-03 9.999371e-01 -1.111646e-02 -2.140837e-01 1.617542e-02 1.113858e-02 9.998071e-01 7.532955e+00
9.998679e-01 2.013893e-03 -1.612617e-02 -1.191191e-01 -2.025764e-03 9.999977e-01 -7.198036e-04 -2.303986e-01 1.612468e-02 7.523763e-04 9.998697e-01 8.190966e+00
9.998471e-01 3.036860e-03 -1.722302e-02 -1.387424e-01 -2.932276e-03 9.999771e-01 6.094301e-03 -2.482336e-01 1.724113e-02 -6.042866e-03 9.998331e-01 8.858663e+00
9.998259e-01 4.522619e-03 -1.810033e-02 -1.632244e-01 -4.421623e-03 9.999745e-01 5.615918e-03 -2.660406e-01 1.812527e-02 -5.534907e-03 9.998204e-01 9.529482e+00
9.998106e-01 7.165786e-03 -1.809256e-02 -1.849481e-01 -7.194486e-03 9.999730e-01 -1.521705e-03 -2.742722e-01 1.808116e-02 1.651584e-03 9.998352e-01 1.020601e+01
9.997811e-01 7.553684e-03 -1.951240e-02 -2.033216e-01 -7.700185e-03 9.999426e-01 -7.443886e-03 -2.795313e-01 1.945505e-02 7.592506e-03 9.997819e-01 1.091096e+01
9.997833e-01 6.151897e-03 -1.988738e-02 -2.152326e-01 -6.278316e-03 9.999604e-01 -6.300594e-03 -2.876343e-01 1.984783e-02 6.424088e-03 9.997824e-01 1.162753e+01
9.997746e-01 5.151453e-03 -2.059717e-02 -2.262266e-01 -5.097667e-03 9.999835e-01 2.662995e-03 -2.995541e-01 2.061055e-02 -2.557397e-03 9.997843e-01 1.238373e+01
9.997848e-01 4.254095e-03 -2.030181e-02 -2.402087e-01 -4.053189e-03 9.999425e-01 9.926836e-03 -3.087866e-01 2.034287e-02 -9.842413e-03 9.997446e-01 1.313829e+01
9.997629e-01 3.671049e-03 -2.146540e-02 -2.544665e-01 -3.400311e-03 9.999144e-01 1.263568e-02 -3.161214e-01 2.150995e-02 -1.255969e-02 9.996897e-01 1.392761e+01
9.997638e-01 1.854836e-03 -2.165230e-02 -2.730239e-01 -1.592952e-03 9.999255e-01 1.210598e-02 -3.219207e-01 2.167314e-02 -1.206863e-02 9.996923e-01 1.472451e+01
9.997967e-01 1.873621e-03 -2.007829e-02 -3.018391e-01 -1.676228e-03 9.999501e-01 9.843505e-03 -3.262440e-01 2.009573e-02 -9.807847e-03 9.997500e-01 1.553841e+01
9.997876e-01 4.108954e-03 -2.019512e-02 -3.288348e-01 -3.984192e-03 9.999728e-01 6.214166e-03 -3.242742e-01 2.022011e-02 -6.132385e-03 9.997767e-01 1.638069e+01
9.998284e-01 1.744071e-03 -1.844527e-02 -3.564403e-01 -1.721046e-03 9.999977e-01 1.264096e-03 -3.365328e-01 1.844743e-02 -1.232134e-03 9.998291e-01 1.722460e+01
9.998316e-01 -9.106124e-04 -1.832971e-02 -3.794938e-01 8.255990e-04 9.999889e-01 -4.645044e-03 -3.509272e-01 1.833374e-02 4.629128e-03 9.998212e-01 1.809938e+01
9.998732e-01 5.505262e-04 -1.591522e-02 -4.117849e-01 -7.019000e-04 9.999546e-01 -9.507236e-03 -3.677723e-01 1.590927e-02 9.517201e-03 9.998281e-01 1.897125e+01
9.998773e-01 2.148810e-03 -1.551826e-02 -4.385585e-01 -2.319387e-03 9.999370e-01 -1.098238e-02 -3.824697e-01 1.549369e-02 1.101703e-02 9.998193e-01 1.986664e+01
9.998924e-01 2.163084e-03 -1.451009e-02 -4.645789e-01 -2.311182e-03 9.999453e-01 -1.019753e-02 -4.062903e-01 1.448724e-02 1.022997e-02 9.998427e-01 2.075245e+01
9.999125e-01 3.399429e-03 -1.278205e-02 -4.903455e-01 -3.540979e-03 9.999325e-01 -1.106786e-02 -4.323665e-01 1.274356e-02 1.111216e-02 9.998571e-01 2.166173e+01
9.999051e-01 6.590757e-03 -1.210074e-02 -5.120873e-01 -6.748687e-03 9.998920e-01 -1.305721e-02 -4.581464e-01 1.201337e-02 1.313763e-02 9.998415e-01 2.258727e+01
9.998795e-01 1.098517e-02 -1.096598e-02 -5.353692e-01 -1.113553e-02 9.998435e-01 -1.374628e-02 -4.829770e-01 1.081326e-02 1.386673e-02 9.998454e-01 2.353655e+01
9.998576e-01 1.294491e-02 -1.082266e-02 -5.475958e-01 -1.309088e-02 9.998228e-01 -1.352742e-02 -5.139858e-01 1.064563e-02 1.366717e-02 9.998499e-01 2.449179e+01
9.998430e-01 1.433266e-02 -1.042221e-02 -5.580508e-01 -1.447202e-02 9.998052e-01 -1.342135e-02 -5.461350e-01 1.022782e-02 1.357007e-02 9.998556e-01 2.546389e+01
9.998251e-01 1.511337e-02 -1.101894e-02 -5.633983e-01 -1.525689e-02 9.997983e-01 -1.305895e-02 -5.779928e-01 1.081935e-02 1.322478e-02 9.998540e-01 2.643010e+01
9.997933e-01 1.651539e-02 -1.186041e-02 -5.683634e-01 -1.665535e-02 9.997917e-01 -1.180041e-02 -6.103601e-01 1.166305e-02 1.199551e-02 9.998600e-01 2.740696e+01
9.997686e-01 1.789664e-02 -1.193768e-02 -5.739900e-01 -1.801337e-02 9.997903e-01 -9.743588e-03 -6.429546e-01 1.176080e-02 9.956371e-03 9.998813e-01 2.840944e+01
9.997323e-01 1.964737e-02 -1.221773e-02 -5.760961e-01 -1.974932e-02 9.997707e-01 -8.280549e-03 -6.748992e-01 1.205224e-02 8.519624e-03 9.998911e-01 2.940488e+01
9.997160e-01 2.087164e-02 -1.150143e-02 -5.783924e-01 -2.097127e-02 9.997430e-01 -8.610443e-03 -7.117124e-01 1.131876e-02 8.849197e-03 9.998968e-01 3.042799e+01
9.996552e-01 2.339453e-02 -1.192087e-02 -5.823569e-01 -2.350303e-02 9.996829e-01 -9.044436e-03 -7.424573e-01 1.170550e-02 9.321495e-03 9.998880e-01 3.144785e+01
9.996323e-01 2.430932e-02 -1.201056e-02 -5.875182e-01 -2.440520e-02 9.996709e-01 -7.901904e-03 -7.730968e-01 1.181452e-02 8.192119e-03 9.998966e-01 3.247925e+01
9.996455e-01 2.393892e-02 -1.165278e-02 -5.951444e-01 -2.399546e-02 9.997008e-01 -4.737114e-03 -8.025725e-01 1.153589e-02 5.015048e-03 9.999209e-01 3.352419e+01
9.996275e-01 2.430798e-02 -1.240931e-02 -6.115712e-01 -2.432252e-02 9.997036e-01 -1.021793e-03 -8.274204e-01 1.238080e-02 1.323239e-03 9.999225e-01 3.457512e+01
9.996323e-01 2.437668e-02 -1.187250e-02 -6.274004e-01 -2.435829e-02 9.997019e-01 1.691098e-03 -8.506943e-01 1.191019e-02 -1.401282e-03 9.999281e-01 3.562964e+01
9.996116e-01 2.458683e-02 -1.312030e-02 -6.504934e-01 -2.455240e-02 9.996947e-01 2.778724e-03 -8.717010e-01 1.318461e-02 -2.455510e-03 9.999101e-01 3.668994e+01
9.996146e-01 2.475195e-02 -1.257119e-02 -6.726260e-01 -2.473260e-02 9.996927e-01 1.691998e-03 -8.917623e-01 1.260920e-02 -1.380428e-03 9.999195e-01 3.775814e+01
9.995859e-01 2.542646e-02 -1.347403e-02 -6.974240e-01 -2.540812e-02 9.996760e-01 1.531213e-03 -9.106596e-01 1.350860e-02 -1.188229e-03 9.999080e-01 3.883461e+01
9.995998e-01 2.467690e-02 -1.383200e-02 -7.194890e-01 -2.464000e-02 9.996924e-01 2.832093e-03 -9.295592e-01 1.389764e-02 -2.490139e-03 9.999003e-01 3.991118e+01
9.996199e-01 2.419699e-02 -1.321167e-02 -7.406901e-01 -2.412987e-02 9.996952e-01 5.216220e-03 -9.500826e-01 1.333386e-02 -4.895441e-03 9.998991e-01 4.099049e+01
9.996135e-01 2.390988e-02 -1.418283e-02 -7.618817e-01 -2.379688e-02 9.996841e-01 8.083152e-03 -9.685338e-01 1.437162e-02 -7.742521e-03 9.998667e-01 4.206699e+01
9.996052e-01 2.474058e-02 -1.331719e-02 -7.812689e-01 -2.463036e-02 9.996615e-01 8.377858e-03 -9.850435e-01 1.351995e-02 -8.046543e-03 9.998762e-01 4.314661e+01
9.995584e-01 2.611114e-02 -1.418717e-02 -8.038050e-01 -2.603768e-02 9.996467e-01 5.337872e-03 -1.004834e+00 1.432154e-02 -4.966113e-03 9.998851e-01 4.420936e+01
9.995327e-01 2.769064e-02 -1.294823e-02 -8.234333e-01 -2.767021e-02 9.996156e-01 1.754341e-03 -1.022837e+00 1.299183e-02 -1.395241e-03 9.999146e-01 4.528003e+01
9.995112e-01 2.832150e-02 -1.323463e-02 -8.472553e-01 -2.830248e-02 9.995981e-01 1.622203e-03 -1.038620e+00 1.327525e-02 -1.246838e-03 9.999111e-01 4.635780e+01
9.995402e-01 2.742121e-02 -1.293940e-02 -8.660088e-01 -2.736572e-02 9.996156e-01 4.445557e-03 -1.059480e+00 1.305633e-02 -4.089417e-03 9.999064e-01 4.744783e+01
9.995436e-01 2.787632e-02 -1.164111e-02 -8.849943e-01 -2.780326e-02 9.995930e-01 6.391672e-03 -1.073942e+00 1.181455e-02 -6.065094e-03 9.999118e-01 4.853115e+01
9.995875e-01 2.612791e-02 -1.192587e-02 -9.018748e-01 -2.603305e-02 9.996287e-01 8.041598e-03 -1.091781e+00 1.213156e-02 -7.727813e-03 9.998965e-01 4.961847e+01
9.995898e-01 2.660777e-02 -1.059687e-02 -9.144356e-01 -2.653148e-02 9.996215e-01 7.276685e-03 -1.104370e+00 1.078647e-02 -6.992549e-03 9.999174e-01 5.068820e+01
9.996175e-01 2.551924e-02 -1.066157e-02 -9.273900e-01 -2.545667e-02 9.996581e-01 5.963827e-03 -1.124365e+00 1.081012e-02 -5.690137e-03 9.999254e-01 5.176459e+01
9.996063e-01 2.608612e-02 -1.033617e-02 -9.384396e-01 -2.605094e-02 9.996544e-01 3.523950e-03 -1.138410e+00 1.042452e-02 -3.253295e-03 9.999404e-01 5.283739e+01
9.996469e-01 2.493580e-02 -9.177141e-03 -9.478561e-01 -2.492232e-02 9.996881e-01 1.580321e-03 -1.161898e+00 9.213686e-03 -1.351047e-03 9.999566e-01 5.390790e+01
9.996750e-01 2.364191e-02 -9.535755e-03 -9.588664e-01 -2.365616e-02 9.997192e-01 -1.384549e-03 -1.186039e+00 9.500344e-03 1.609678e-03 9.999536e-01 5.497052e+01
9.997177e-01 2.230534e-02 -8.183706e-03 -9.657139e-01 -2.232934e-02 9.997466e-01 -2.853931e-03 -1.212757e+00 8.117975e-03 3.035862e-03 9.999624e-01 5.603610e+01
9.997456e-01 2.090374e-02 -8.468288e-03 -9.733092e-01 -2.091006e-02 9.997811e-01 -6.582283e-04 -1.237356e+00 8.452675e-03 8.351333e-04 9.999639e-01 5.711354e+01
9.997893e-01 1.923497e-02 -7.167113e-03 -9.776840e-01 -1.919822e-02 9.998024e-01 5.161150e-03 -1.258575e+00 7.264971e-03 -5.022467e-03 9.999610e-01 5.820023e+01
9.998161e-01 1.783250e-02 -7.055171e-03 -9.810249e-01 -1.775449e-02 9.997822e-01 1.096889e-02 -1.275671e+00 7.249237e-03 -1.084161e-02 9.999150e-01 5.927886e+01
9.998534e-01 1.574724e-02 -6.720625e-03 -9.799772e-01 -1.566334e-02 9.998009e-01 1.235919e-02 -1.289977e+00 6.913911e-03 -1.225211e-02 9.999010e-01 6.034838e+01
9.998979e-01 1.297291e-02 -5.990526e-03 -9.800852e-01 -1.291500e-02 9.998705e-01 9.605628e-03 -1.304049e+00 6.114363e-03 -9.527280e-03 9.999359e-01 6.142874e+01
9.999180e-01 1.099502e-02 -6.562715e-03 -9.838655e-01 -1.095331e-02 9.999198e-01 6.358393e-03 -1.317370e+00 6.632099e-03 -6.285988e-03 9.999582e-01 6.250782e+01
9.998984e-01 1.288823e-02 -6.093933e-03 -9.935474e-01 -1.287266e-02 9.999138e-01 2.586436e-03 -1.334844e+00 6.126743e-03 -2.507728e-03 9.999781e-01 6.359819e+01
9.998998e-01 1.262616e-02 -6.397846e-03 -1.000940e+00 -1.263539e-02 9.999192e-01 -1.405438e-03 -1.356952e+00 6.379584e-03 1.486136e-03 9.999785e-01 6.468264e+01
9.998723e-01 1.498613e-02 -5.545422e-03 -1.013794e+00 -1.499815e-02 9.998852e-01 -2.132375e-03 -1.379029e+00 5.512830e-03 2.215274e-03 9.999824e-01 6.577491e+01
9.998381e-01 1.751729e-02 -4.106258e-03 -1.026403e+00 -1.751418e-02 9.998463e-01 7.928755e-04 -1.397690e+00 4.119516e-03 -7.208294e-04 9.999913e-01 6.687477e+01
9.998308e-01 1.788064e-02 -4.308579e-03 -1.035191e+00 -1.786656e-02 9.998350e-01 3.285459e-03 -1.421450e+00 4.366614e-03 -3.207924e-03 9.999853e-01 6.796128e+01
9.998485e-01 1.704230e-02 -3.547618e-03 -1.044891e+00 -1.702722e-02 9.998460e-01 4.236902e-03 -1.441128e+00 3.619279e-03 -4.175854e-03 9.999847e-01 6.905395e+01
9.998854e-01 1.458456e-02 -4.070416e-03 -1.049004e+00 -1.456246e-02 9.998794e-01 5.405539e-03 -1.460794e+00 4.148763e-03 -5.345644e-03 9.999771e-01 7.014673e+01
9.999094e-01 1.293456e-02 -3.737671e-03 -1.055206e+00 -1.290828e-02 9.998924e-01 6.971093e-03 -1.478330e+00 3.827437e-03 -6.922214e-03 9.999687e-01 7.123065e+01
9.999368e-01 1.032977e-02 -4.448600e-03 -1.061528e+00 -1.028913e-02 9.999060e-01 9.063969e-03 -1.493957e+00 4.541811e-03 -9.017624e-03 9.999490e-01 7.231831e+01
9.999515e-01 8.530250e-03 -4.920329e-03 -1.068594e+00 -8.476677e-03 9.999057e-01 1.080808e-02 -1.508420e+00 5.012061e-03 -1.076584e-02 9.999295e-01 7.340533e+01
9.999638e-01 7.135552e-03 -4.631394e-03 -1.075926e+00 -7.090578e-03 9.999282e-01 9.655430e-03 -1.525057e+00 4.699958e-03 -9.622242e-03 9.999427e-01 7.449056e+01
9.999604e-01 7.121002e-03 -5.339200e-03 -1.086254e+00 -7.087728e-03 9.999555e-01 6.225234e-03 -1.542373e+00 5.383292e-03 -6.187145e-03 9.999664e-01 7.556354e+01
9.999577e-01 7.652442e-03 -5.093375e-03 -1.097313e+00 -7.630667e-03 9.999617e-01 4.280962e-03 -1.561047e+00 5.125940e-03 -4.241915e-03 9.999779e-01 7.664173e+01
9.999416e-01 9.010584e-03 -5.963225e-03 -1.109449e+00 -8.976219e-03 9.999431e-01 5.764769e-03 -1.578973e+00 6.014830e-03 -5.710905e-03 9.999656e-01 7.772073e+01
9.999351e-01 9.517055e-03 -6.254997e-03 -1.123516e+00 -9.454340e-03 9.999055e-01 9.980596e-03 -1.597014e+00 6.349391e-03 -9.920812e-03 9.999306e-01 7.879905e+01
9.999267e-01 1.056785e-02 -5.904931e-03 -1.138159e+00 -1.048456e-02 9.998476e-01 1.396151e-02 -1.610791e+00 6.051574e-03 -1.389858e-02 9.998851e-01 7.987012e+01
9.999133e-01 1.130218e-02 -6.756130e-03 -1.152965e+00 -1.120019e-02 9.998255e-01 1.494838e-02 -1.623877e+00 6.923900e-03 -1.487142e-02 9.998654e-01 8.092960e+01
9.999128e-01 1.147981e-02 -6.525904e-03 -1.164581e+00 -1.139355e-02 9.998492e-01 1.310482e-02 -1.634161e+00 6.675361e-03 -1.302933e-02 9.998928e-01 8.198287e+01
9.999105e-01 1.104429e-02 -7.549930e-03 -1.173644e+00 -1.095062e-02 9.998639e-01 1.233791e-02 -1.646367e+00 7.685167e-03 -1.225412e-02 9.998954e-01 8.302979e+01
9.999154e-01 1.075955e-02 -7.315540e-03 -1.182768e+00 -1.066939e-02 9.998680e-01 1.225398e-02 -1.658150e+00 7.446422e-03 -1.217489e-02 9.998982e-01 8.407328e+01
9.999232e-01 9.114449e-03 -8.396090e-03 -1.192380e+00 -9.007293e-03 9.998786e-01 1.271319e-02 -1.673432e+00 8.510945e-03 -1.263659e-02 9.998839e-01 8.509645e+01
9.999260e-01 8.096092e-03 -9.078512e-03 -1.201816e+00 -7.963073e-03 9.998618e-01 1.459370e-02 -1.686200e+00 9.195409e-03 -1.452032e-02 9.998523e-01 8.610095e+01
9.999292e-01 7.458049e-03 -9.267255e-03 -1.213512e+00 -7.299508e-03 9.998284e-01 1.702528e-02 -1.696501e+00 9.392640e-03 -1.695643e-02 9.998121e-01 8.708776e+01
9.999225e-01 6.688140e-03 -1.050275e-02 -1.224391e+00 -6.492245e-03 9.998064e-01 1.857635e-02 -1.708321e+00 1.062496e-02 -1.850673e-02 9.997723e-01 8.805441e+01
9.999156e-01 5.372360e-03 -1.183057e-02 -1.237966e+00 -5.148641e-03 9.998089e-01 1.886019e-02 -1.717034e+00 1.192963e-02 -1.879769e-02 9.997521e-01 8.900852e+01
9.998713e-01 4.640245e-03 -1.536002e-02 -1.254878e+00 -4.355883e-03 9.998195e-01 1.849510e-02 -1.728715e+00 1.544306e-02 -1.842581e-02 9.997110e-01 8.993444e+01
9.998163e-01 4.540797e-03 -1.861860e-02 -1.274749e+00 -4.210316e-03 9.998336e-01 1.775098e-02 -1.736434e+00 1.869611e-02 -1.766933e-02 9.996691e-01 9.083721e+01
9.997634e-01 4.319682e-03 -2.131954e-02 -1.296769e+00 -3.932928e-03 9.998275e-01 1.814953e-02 -1.746510e+00 2.139426e-02 -1.806139e-02 9.996080e-01 9.173079e+01
9.996708e-01 4.907688e-03 -2.518404e-02 -1.323299e+00 -4.419492e-03 9.998020e-01 1.940430e-02 -1.753247e+00 2.527429e-02 -1.928661e-02 9.994945e-01 9.257425e+01
9.995979e-01 5.771456e-03 -2.776097e-02 -1.355000e+00 -5.206707e-03 9.997789e-01 2.037273e-02 -1.760442e+00 2.787242e-02 -2.021999e-02 9.994070e-01 9.339634e+01
9.994880e-01 6.140607e-03 -3.140087e-02 -1.387973e+00 -5.451637e-03 9.997436e-01 2.197983e-02 -1.766110e+00 3.152779e-02 -2.179739e-02 9.992652e-01 9.418907e+01
9.994101e-01 7.726292e-03 -3.346163e-02 -1.423242e+00 -6.965578e-03 9.997160e-01 2.279113e-02 -1.769686e+00 3.362822e-02 -2.254461e-02 9.991801e-01 9.496098e+01
9.992974e-01 9.376344e-03 -3.628767e-02 -1.460727e+00 -8.532660e-03 9.996913e-01 2.333533e-02 -1.775602e+00 3.649527e-02 -2.300930e-02 9.990689e-01 9.570013e+01
9.991868e-01 1.093232e-02 -3.881097e-02 -1.498213e+00 -1.007676e-02 9.997034e-01 2.217184e-02 -1.783125e+00 3.904185e-02 -2.176272e-02 9.990006e-01 9.641356e+01
9.991034e-01 1.241818e-02 -4.047432e-02 -1.533764e+00 -1.167338e-02 9.997591e-01 1.858650e-02 -1.791072e+00 4.069538e-02 -1.809737e-02 9.990077e-01 9.710066e+01
9.989578e-01 1.466361e-02 -4.322296e-02 -1.575217e+00 -1.403421e-02 9.997915e-01 1.482932e-02 -1.798867e+00 4.343140e-02 -1.420727e-02 9.989554e-01 9.775723e+01
9.988531e-01 1.649298e-02 -4.494962e-02 -1.613258e+00 -1.595975e-02 9.997983e-01 1.219593e-02 -1.805299e+00 4.514170e-02 -1.146456e-02 9.989148e-01 9.838662e+01
9.987756e-01 1.816558e-02 -4.601464e-02 -1.652240e+00 -1.765581e-02 9.997784e-01 1.146081e-02 -1.815079e+00 4.621264e-02 -1.063436e-02 9.988750e-01 9.898829e+01
9.987731e-01 2.051959e-02 -4.506844e-02 -1.687769e+00 -1.999701e-02 9.997278e-01 1.201578e-02 -1.825705e+00 4.530273e-02 -1.109980e-02 9.989116e-01 9.955311e+01
9.988505e-01 2.382649e-02 -4.159355e-02 -1.719973e+00 -2.327252e-02 9.996346e-01 1.375255e-02 -1.834064e+00 4.190603e-02 -1.276875e-02 9.990400e-01 1.000984e+02
9.989787e-01 2.660782e-02 -3.651803e-02 -1.749882e+00 -2.606169e-02 9.995425e-01 1.535063e-02 -1.841944e+00 3.690977e-02 -1.438323e-02 9.992151e-01 1.006267e+02
9.992099e-01 2.741899e-02 -2.877036e-02 -1.766657e+00 -2.692535e-02 9.994859e-01 1.740742e-02 -1.848295e+00 2.923286e-02 -1.661901e-02 9.994345e-01 1.011207e+02
9.994361e-01 2.723510e-02 -1.964058e-02 -1.775967e+00 -2.684333e-02 9.994407e-01 1.994210e-02 -1.853322e+00 2.017272e-02 -1.940363e-02 9.996082e-01 1.016066e+02
9.996261e-01 2.625332e-02 -7.640543e-03 -1.772495e+00 -2.608514e-02 9.994320e-01 2.133720e-02 -1.859416e+00 8.196375e-03 -2.112992e-02 9.997431e-01 1.020598e+02
9.996562e-01 2.567285e-02 5.332132e-03 -1.764536e+00 -2.578278e-02 9.994323e-01 2.168656e-02 -1.865087e+00 -4.772349e-03 -2.181658e-02 9.997506e-01 1.024770e+02
9.994765e-01 2.497543e-02 2.056640e-02 -1.748246e+00 -2.540717e-02 9.994565e-01 2.100610e-02 -1.870596e+00 -2.003058e-02 -2.151764e-02 9.995678e-01 1.028848e+02
9.989941e-01 2.399846e-02 3.787946e-02 -1.729438e+00 -2.470957e-02 9.995250e-01 1.841798e-02 -1.878417e+00 -3.741946e-02 -1.933544e-02 9.991126e-01 1.032908e+02
9.980044e-01 2.339056e-02 5.865282e-02 -1.693279e+00 -2.425693e-02 9.996063e-01 1.410286e-02 -1.883576e+00 -5.829986e-02 -1.549746e-02 9.981788e-01 1.036928e+02
9.963003e-01 2.187309e-02 8.311044e-02 -1.644600e+00 -2.273889e-02 9.996964e-01 9.485147e-03 -1.889990e+00 -8.287774e-02 -1.133989e-02 9.964952e-01 1.040984e+02
9.937671e-01 1.934318e-02 1.097848e-01 -1.583685e+00 -2.021926e-02 9.997720e-01 6.872225e-03 -1.896268e+00 -1.096268e-01 -9.049159e-03 9.939316e-01 1.044794e+02
9.900480e-01 1.689884e-02 1.397119e-01 -1.506442e+00 -1.788325e-02 9.998233e-01 5.793497e-03 -1.902475e+00 -1.395893e-01 -8.234342e-03 9.901753e-01 1.048463e+02
9.850025e-01 1.447571e-02 1.719320e-01 -1.421819e+00 -1.540541e-02 9.998730e-01 4.074242e-03 -1.909561e+00 -1.718512e-01 -6.661821e-03 9.851004e-01 1.052029e+02
9.781391e-01 1.221493e-02 2.075927e-01 -1.319735e+00 -1.300971e-02 9.999123e-01 2.463709e-03 -1.918002e+00 -2.075444e-01 -5.110571e-03 9.782123e-01 1.055605e+02
9.694774e-01 8.423748e-03 2.450360e-01 -1.199353e+00 -9.220468e-03 9.999553e-01 2.104442e-03 -1.928555e+00 -2.450074e-01 -4.299556e-03 9.695117e-01 1.058953e+02
9.585803e-01 6.047756e-03 2.847581e-01 -1.059800e+00 -6.779855e-03 9.999758e-01 1.585296e-03 -1.940908e+00 -2.847416e-01 -3.450252e-03 9.585981e-01 1.062259e+02
9.455841e-01 6.261655e-03 3.253174e-01 -9.167557e-01 -6.834490e-03 9.999765e-01 6.180974e-04 -1.953825e+00 -3.253059e-01 -2.807842e-03 9.456047e-01 1.065276e+02
9.295348e-01 8.253703e-03 3.686420e-01 -7.615211e-01 -8.809319e-03 9.999612e-01 -1.758191e-04 -1.959185e+00 -3.686292e-01 -3.084055e-03 9.295714e-01 1.068413e+02
9.107121e-01 7.580590e-03 4.129721e-01 -5.794534e-01 -8.674083e-03 9.999621e-01 7.731519e-04 -1.968891e+00 -4.129506e-01 -4.286273e-03 9.107433e-01 1.071607e+02
8.898710e-01 6.869741e-03 4.561605e-01 -3.896461e-01 -8.510840e-03 9.999626e-01 1.543461e-03 -1.974210e+00 -4.561329e-01 -5.255791e-03 8.898962e-01 1.074492e+02
8.658436e-01 5.225676e-03 5.002875e-01 -1.675971e-01 -6.648940e-03 9.999773e-01 1.062158e-03 -1.985841e+00 -5.002706e-01 -4.246045e-03 8.658587e-01 1.077165e+02
8.401508e-01 5.056329e-03 5.423293e-01 4.705006e-02 -5.419783e-03 9.999849e-01 -9.271443e-04 -1.998724e+00 -5.423258e-01 -2.160367e-03 8.401655e-01 1.079616e+02
8.117211e-01 6.731242e-03 5.840064e-01 2.768496e-01 -5.184780e-03 9.999772e-01 -4.319289e-03 -2.011809e+00 -5.840222e-01 4.781136e-04 8.117375e-01 1.082179e+02
7.807737e-01 1.076747e-02 6.247212e-01 5.189436e-01 -6.902161e-03 9.999391e-01 -8.608310e-03 -2.022872e+00 -6.247758e-01 2.409216e-03 7.808005e-01 1.084511e+02
7.462575e-01 1.622354e-02 6.654597e-01 7.739284e-01 -1.053034e-02 9.998656e-01 -1.256728e-02 -2.032476e+00 -6.655741e-01 2.370905e-03 7.463280e-01 1.086848e+02
7.084220e-01 2.103626e-02 7.054755e-01 1.037820e+00 -1.382132e-02 9.997775e-01 -1.593288e-02 -2.037304e+00 -7.056538e-01 1.536599e-03 7.085552e-01 1.089015e+02
6.685465e-01 2.120621e-02 7.433679e-01 1.315489e+00 -1.251637e-02 9.997726e-01 -1.726415e-02 -2.048012e+00 -7.435650e-01 2.237615e-03 6.686599e-01 1.090966e+02
6.267754e-01 1.812156e-02 7.789892e-01 1.635506e+00 -9.024725e-03 9.998313e-01 -1.599768e-02 -2.065449e+00 -7.791477e-01 2.996793e-03 6.268332e-01 1.092898e+02
5.828087e-01 1.600258e-02 8.124518e-01 1.956332e+00 -7.907487e-03 9.998704e-01 -1.402170e-02 -2.072259e+00 -8.125709e-01 1.747515e-03 5.828597e-01 1.094776e+02
5.361872e-01 1.389840e-02 8.439847e-01 2.300372e+00 -7.512026e-03 9.999034e-01 -1.169358e-02 -2.084194e+00 -8.440657e-01 -7.008614e-05 5.362398e-01 1.096539e+02
4.882790e-01 1.164274e-02 8.726099e-01 2.638690e+00 -6.855899e-03 9.999313e-01 -9.505223e-03 -2.092145e+00 -8.726606e-01 -1.341324e-03 4.883253e-01 1.098071e+02
4.370512e-01 6.384043e-03 8.994140e-01 3.017168e+00 -4.073719e-03 9.999786e-01 -5.118313e-03 -2.112818e+00 -8.994274e-01 -1.426995e-03 4.370679e-01 1.099293e+02
3.855771e-01 6.169228e-03 9.226550e-01 3.380518e+00 -6.440332e-03 9.999713e-01 -3.994782e-03 -2.121718e+00 -9.226531e-01 -4.401907e-03 3.856058e-01 1.100440e+02
3.344241e-01 9.897692e-03 9.423707e-01 3.750884e+00 -9.612390e-03 9.999287e-01 -7.091021e-03 -2.133761e+00 -9.423737e-01 -6.687026e-03 3.344954e-01 1.101377e+02
2.834670e-01 1.465797e-02 9.588700e-01 4.149358e+00 -1.196826e-02 9.998594e-01 -1.174643e-02 -2.142196e+00 -9.589073e-01 -8.146285e-03 2.836025e-01 1.102105e+02
2.367182e-01 1.669886e-02 9.714348e-01 4.544557e+00 -1.042214e-02 9.998384e-01 -1.464746e-02 -2.150571e+00 -9.715225e-01 -6.657113e-03 2.368540e-01 1.102758e+02
1.944309e-01 1.605932e-02 9.807847e-01 4.960296e+00 -3.605400e-03 9.998709e-01 -1.565710e-02 -2.165919e+00 -9.809096e-01 -4.918960e-04 1.944637e-01 1.103264e+02
1.594781e-01 1.557545e-02 9.870786e-01 5.384248e+00 4.266496e-03 9.998553e-01 -1.646638e-02 -2.178914e+00 -9.871922e-01 6.837394e-03 1.593886e-01 1.103514e+02
1.278295e-01 1.610469e-02 9.916654e-01 5.826642e+00 7.896693e-03 9.998199e-01 -1.725503e-02 -2.192030e+00 -9.917647e-01 1.003658e-02 1.276793e-01 1.103845e+02
1.000200e-01 1.438395e-02 9.948814e-01 6.273123e+00 6.758750e-03 9.998626e-01 -1.513546e-02 -2.203524e+00 -9.949625e-01 8.238004e-03 9.990907e-02 1.104140e+02
7.435447e-02 1.119050e-02 9.971691e-01 6.749062e+00 1.666261e-03 9.999342e-01 -1.134577e-02 -2.208791e+00 -9.972305e-01 2.505153e-03 7.433093e-02 1.104465e+02
4.970054e-02 7.514181e-03 9.987359e-01 7.251035e+00 -2.428130e-03 9.999697e-01 -7.402631e-03 -2.216331e+00 -9.987612e-01 -2.057146e-03 4.971728e-02 1.104669e+02
2.803193e-02 4.564755e-03 9.995966e-01 7.766312e+00 1.784222e-03 9.999878e-01 -4.616576e-03 -2.229941e+00 -9.996054e-01 1.912914e-03 2.802344e-02 1.104554e+02
7.799941e-03 4.608458e-03 9.999590e-01 8.297486e+00 8.637544e-03 9.999518e-01 -4.675800e-03 -2.246671e+00 -9.999323e-01 8.673661e-03 7.759759e-03 1.104335e+02
-1.042493e-02 6.471558e-03 9.999247e-01 8.851975e+00 1.448502e-02 9.998751e-01 -6.320220e-03 -2.260474e+00 -9.998407e-01 1.441804e-02 -1.051737e-02 1.104050e+02
-2.401866e-02 1.139993e-02 9.996465e-01 9.412579e+00 1.487848e-02 9.998283e-01 -1.104452e-02 -2.267336e+00 -9.996008e-01 1.460794e-02 -2.418415e-02 1.103844e+02
-3.575900e-02 1.593714e-02 9.992334e-01 1.000332e+01 1.204595e-02 9.998071e-01 -1.551521e-02 -2.270181e+00 -9.992878e-01 1.148191e-02 -3.594407e-02 1.103632e+02
-4.172218e-02 1.598487e-02 9.990014e-01 1.060711e+01 1.395216e-02 9.997838e-01 -1.541470e-02 -2.280422e+00 -9.990318e-01 1.329509e-02 -4.193619e-02 1.103328e+02
-4.394139e-02 1.257252e-02 9.989550e-01 1.125191e+01 2.040240e-02 9.997236e-01 -1.168475e-02 -2.301081e+00 -9.988258e-01 1.986763e-02 -4.418575e-02 1.102882e+02
-4.392319e-02 1.060334e-02 9.989786e-01 1.189398e+01 2.195226e-02 9.997125e-01 -9.645929e-03 -2.315412e+00 -9.987937e-01 2.150616e-02 -4.414333e-02 1.102578e+02
-4.165948e-02 9.936336e-03 9.990825e-01 1.255201e+01 2.166234e-02 9.997245e-01 -9.039450e-03 -2.332775e+00 -9.988970e-01 2.126588e-02 -4.186324e-02 1.102343e+02
-4.034818e-02 1.050443e-02 9.991305e-01 1.324745e+01 1.824491e-02 9.997858e-01 -9.774534e-03 -2.341875e+00 -9.990191e-01 1.783466e-02 -4.053118e-02 1.102165e+02
-3.898562e-02 1.099637e-02 9.991793e-01 1.395871e+01 1.775385e-02 9.997892e-01 -1.031037e-02 -2.357715e+00 -9.990820e-01 1.733733e-02 -3.917263e-02 1.101967e+02
-3.765922e-02 1.146627e-02 9.992249e-01 1.469669e+01 1.771285e-02 9.997847e-01 -1.080513e-02 -2.373770e+00 -9.991336e-01 1.729220e-02 -3.785422e-02 1.101727e+02
-3.693732e-02 1.056461e-02 9.992617e-01 1.544737e+01 1.769593e-02 9.997942e-01 -9.916113e-03 -2.391779e+00 -9.991609e-01 1.731659e-02 -3.711667e-02 1.101502e+02
-3.677609e-02 8.958107e-03 9.992834e-01 1.619473e+01 1.681683e-02 9.998238e-01 -8.344051e-03 -2.406954e+00 -9.991820e-01 1.649792e-02 -3.692026e-02 1.101372e+02
-3.761999e-02 7.126178e-03 9.992667e-01 1.694270e+01 1.760644e-02 9.998241e-01 -6.467313e-03 -2.423727e+00 -9.991370e-01 1.735023e-02 -3.773884e-02 1.101196e+02
-3.790877e-02 4.657343e-03 9.992704e-01 1.772159e+01 1.795606e-02 9.998309e-01 -3.978766e-03 -2.439951e+00 -9.991199e-01 1.779213e-02 -3.798599e-02 1.100941e+02
-3.867975e-02 3.038070e-03 9.992470e-01 1.850968e+01 1.652010e-02 9.998607e-01 -2.400461e-03 -2.455362e+00 -9.991151e-01 1.641481e-02 -3.872455e-02 1.100690e+02
-4.010269e-02 1.987894e-03 9.991936e-01 1.929513e+01 1.470078e-02 9.998910e-01 -1.399265e-03 -2.466161e+00 -9.990874e-01 1.463281e-02 -4.012754e-02 1.100434e+02
-4.089326e-02 -6.732585e-04 9.991633e-01 2.009383e+01 1.605606e-02 9.998702e-01 1.330869e-03 -2.479295e+00 -9.990345e-01 1.609705e-02 -4.087714e-02 1.100084e+02
-4.230998e-02 -2.802413e-03 9.991006e-01 2.089307e+01 1.699401e-02 9.998494e-01 3.524177e-03 -2.496412e+00 -9.989600e-01 1.712783e-02 -4.225599e-02 1.099731e+02
-4.301045e-02 -3.296477e-03 9.990692e-01 2.172200e+01 1.531092e-02 9.998749e-01 3.958278e-03 -2.508655e+00 -9.989573e-01 1.546692e-02 -4.295460e-02 1.099405e+02
-4.357746e-02 5.388244e-04 9.990499e-01 2.255362e+01 1.259126e-02 9.999207e-01 9.922623e-06 -2.522396e+00 -9.989707e-01 1.257972e-02 -4.358079e-02 1.099108e+02
-4.476923e-02 4.954108e-03 9.989851e-01 2.337277e+01 1.297218e-02 9.999063e-01 -4.377332e-03 -2.536245e+00 -9.989131e-01 1.276305e-02 -4.482930e-02 1.098759e+02
-4.562934e-02 6.507891e-03 9.989372e-01 2.421441e+01 1.332988e-02 9.998937e-01 -5.905242e-03 -2.555602e+00 -9.988695e-01 1.304626e-02 -4.571124e-02 1.098366e+02
-4.691754e-02 4.618412e-03 9.988881e-01 2.505022e+01 9.901820e-03 9.999423e-01 -4.158201e-03 -2.570473e+00 -9.988497e-01 9.695718e-03 -4.696057e-02 1.098051e+02
-4.741106e-02 8.787100e-04 9.988751e-01 2.589658e+01 7.015437e-03 9.999752e-01 -5.466939e-04 -2.588607e+00 -9.988508e-01 6.981626e-03 -4.741605e-02 1.097727e+02
-4.783215e-02 -4.108279e-03 9.988469e-01 2.673760e+01 5.803313e-03 9.999735e-01 4.390818e-03 -2.607677e+00 -9.988385e-01 6.006644e-03 -4.780705e-02 1.097367e+02
-4.736632e-02 -9.354249e-03 9.988338e-01 2.759443e+01 2.615390e-03 9.999516e-01 9.488743e-03 -2.619498e+00 -9.988742e-01 3.061787e-03 -4.733956e-02 1.097040e+02
-4.694929e-02 -1.040074e-02 9.988431e-01 2.843258e+01 -1.404586e-04 9.999459e-01 1.040562e-02 -2.632800e+00 -9.988973e-01 3.482405e-04 -4.694820e-02 1.096735e+02
-4.635017e-02 -4.154465e-03 9.989166e-01 2.925339e+01 1.989880e-03 9.999890e-01 4.251256e-03 -2.657484e+00 -9.989233e-01 2.184770e-03 -4.634139e-02 1.096369e+02
-4.454134e-02 6.313039e-03 9.989876e-01 3.007627e+01 3.368447e-03 9.999753e-01 -6.169094e-03 -2.679256e+00 -9.990019e-01 3.090257e-03 -4.456150e-02 1.095998e+02
-4.414249e-02 1.164677e-02 9.989574e-01 3.090096e+01 3.837095e-03 9.999266e-01 -1.148852e-02 -2.698258e+00 -9.990179e-01 3.325963e-03 -4.418394e-02 1.095665e+02
-4.210225e-02 7.634666e-03 9.990841e-01 3.173579e+01 4.803967e-03 9.999608e-01 -7.438922e-03 -2.718806e+00 -9.991018e-01 4.486372e-03 -4.213728e-02 1.095326e+02
-4.105776e-02 7.059728e-04 9.991565e-01 3.256332e+01 7.757564e-03 9.999698e-01 -3.877704e-04 -2.743689e+00 -9.991267e-01 7.735100e-03 -4.106200e-02 1.094985e+02
-4.154522e-02 -2.466095e-03 9.991336e-01 3.338677e+01 8.510525e-03 9.999598e-01 2.822012e-03 -2.768577e+00 -9.991004e-01 8.620392e-03 -4.152256e-02 1.094664e+02
-4.105472e-02 -2.321570e-03 9.991542e-01 3.421078e+01 6.698289e-03 9.999742e-01 2.598704e-03 -2.791848e+00 -9.991344e-01 6.799312e-03 -4.103811e-02 1.094388e+02
-4.296283e-02 -1.771711e-03 9.990751e-01 3.502659e+01 3.671146e-03 9.999914e-01 1.931205e-03 -2.813256e+00 -9.990699e-01 3.750721e-03 -4.295596e-02 1.094108e+02
-4.390445e-02 -2.017880e-03 9.990337e-01 3.584116e+01 1.083956e-03 9.999973e-01 2.067463e-03 -2.833370e+00 -9.990351e-01 1.173679e-03 -4.390214e-02 1.093819e+02
-4.672019e-02 -2.269854e-03 9.989054e-01 3.665142e+01 -1.391473e-04 9.999974e-01 2.265827e-03 -2.853098e+00 -9.989080e-01 -3.313514e-05 -4.672039e-02 1.093490e+02
-4.819797e-02 -2.190892e-03 9.988354e-01 3.746232e+01 -1.405853e-03 9.999968e-01 2.125601e-03 -2.875689e+00 -9.988368e-01 -1.301766e-03 -4.820090e-02 1.093154e+02
-5.027055e-02 -2.140009e-03 9.987333e-01 3.827124e+01 -3.238781e-03 9.999928e-01 1.979686e-03 -2.893388e+00 -9.987304e-01 -3.135159e-03 -5.027712e-02 1.092820e+02
-5.294501e-02 -3.384295e-03 9.985917e-01 3.907184e+01 -5.415995e-03 9.999805e-01 3.101848e-03 -2.911289e+00 -9.985827e-01 -5.244140e-03 -5.296230e-02 1.092497e+02
-5.424314e-02 -5.097445e-03 9.985147e-01 3.986132e+01 -5.800754e-03 9.999717e-01 4.789764e-03 -2.933090e+00 -9.985109e-01 -5.532326e-03 -5.427118e-02 1.092166e+02
-5.675229e-02 -5.218467e-03 9.983747e-01 4.064611e+01 -6.248927e-03 9.999686e-01 4.871580e-03 -2.949663e+00 -9.983687e-01 -5.962297e-03 -5.678311e-02 1.091822e+02
-5.824125e-02 -4.761119e-03 9.982912e-01 4.143194e+01 -7.078870e-03 9.999655e-01 4.356116e-03 -2.966907e+00 -9.982774e-01 -6.813067e-03 -5.827294e-02 1.091469e+02
-6.013912e-02 -4.795194e-03 9.981785e-01 4.221096e+01 -7.174965e-03 9.999647e-01 4.371491e-03 -2.981209e+00 -9.981642e-01 -6.898998e-03 -6.017141e-02 1.091097e+02
-6.120437e-02 -6.341519e-03 9.981051e-01 4.297777e+01 -6.406891e-03 9.999617e-01 5.960441e-03 -2.996054e+00 -9.981047e-01 -6.029946e-03 -6.124266e-02 1.090709e+02
-6.311553e-02 -7.306918e-03 9.979795e-01 4.374711e+01 -6.608663e-03 9.999543e-01 6.903424e-03 -3.008859e+00 -9.979843e-01 -6.159597e-03 -6.316094e-02 1.090340e+02
-6.578090e-02 -7.885588e-03 9.978029e-01 4.451975e+01 -7.470439e-03 9.999446e-01 7.410019e-03 -3.022755e+00 -9.978061e-01 -6.966588e-03 -6.583617e-02 1.089967e+02
-6.739242e-02 -9.062032e-03 9.976854e-01 4.526954e+01 -8.647556e-03 9.999265e-01 8.498257e-03 -3.034924e+00 -9.976891e-01 -8.054822e-03 -6.746583e-02 1.089608e+02
-6.947952e-02 -1.040936e-02 9.975291e-01 4.597724e+01 -9.582956e-03 9.999064e-01 9.766702e-03 -3.044056e+00 -9.975373e-01 -8.880691e-03 -6.957277e-02 1.089281e+02
-7.017954e-02 -1.074511e-02 9.974765e-01 4.668006e+01 -1.028166e-02 9.998967e-01 1.004779e-02 -3.053528e+00 -9.974814e-01 -9.550570e-03 -7.028276e-02 1.088900e+02
-7.161309e-02 -8.515564e-03 9.973961e-01 4.738233e+01 -1.046159e-02 9.999150e-01 7.785927e-03 -3.066824e+00 -9.973776e-01 -9.876777e-03 -7.169609e-02 1.088494e+02
-7.196524e-02 -6.251342e-03 9.973876e-01 4.807036e+01 -1.035528e-02 9.999311e-01 5.520112e-03 -3.083224e+00 -9.973534e-01 -9.930970e-03 -7.202502e-02 1.088098e+02
-7.266004e-02 -4.611944e-03 9.973461e-01 4.877085e+01 -1.172054e-02 9.999242e-01 3.769985e-03 -3.094492e+00 -9.972879e-01 -1.141551e-02 -7.270858e-02 1.087708e+02
-7.363920e-02 -4.078313e-03 9.972766e-01 4.946868e+01 -1.141375e-02 9.999296e-01 3.246367e-03 -3.109931e+00 -9.972196e-01 -1.114360e-02 -7.368057e-02 1.087270e+02
-7.398115e-02 -4.169719e-03 9.972509e-01 5.014885e+01 -9.995793e-03 9.999441e-01 3.439441e-03 -3.124293e+00 -9.972095e-01 -9.713860e-03 -7.401869e-02 1.086820e+02
-7.543439e-02 -5.186546e-03 9.971373e-01 5.084445e+01 -9.077032e-03 9.999486e-01 4.514483e-03 -3.139930e+00 -9.971095e-01 -8.710500e-03 -7.547759e-02 1.086377e+02
-7.561420e-02 -5.437199e-03 9.971223e-01 5.152020e+01 -1.228146e-02 9.999144e-01 4.521091e-03 -3.146565e+00 -9.970615e-01 -1.190426e-02 -7.567450e-02 1.086007e+02
-7.619964e-02 -5.657523e-03 9.970765e-01 5.219630e+01 -1.389742e-02 9.998928e-01 4.611419e-03 -3.155926e+00 -9.969957e-01 -1.350541e-02 -7.627010e-02 1.085603e+02
-7.663659e-02 -7.250377e-03 9.970327e-01 5.286962e+01 -1.260236e-02 9.999007e-01 6.302557e-03 -3.164991e+00 -9.969794e-01 -1.208195e-02 -7.672035e-02 1.085150e+02
-7.829736e-02 -8.423303e-03 9.968945e-01 5.354788e+01 -1.266995e-02 9.998920e-01 7.453516e-03 -3.171774e+00 -9.968495e-01 -1.204701e-02 -7.839562e-02 1.084667e+02
-8.228672e-02 -9.052701e-03 9.965676e-01 5.424088e+01 -1.523290e-02 9.998534e-01 7.824767e-03 -3.176060e+00 -9.964923e-01 -1.453674e-02 -8.241255e-02 1.084181e+02
-8.729824e-02 -8.803187e-03 9.961433e-01 5.492026e+01 -1.739716e-02 9.998219e-01 7.311075e-03 -3.178897e+00 -9.960303e-01 -1.669182e-02 -8.743585e-02 1.083720e+02
-9.367931e-02 -5.961512e-03 9.955846e-01 5.558179e+01 -1.523143e-02 9.998736e-01 4.553996e-03 -3.189184e+00 -9.954859e-01 -1.473756e-02 -9.375827e-02 1.083100e+02
-1.005646e-01 -2.843582e-03 9.949265e-01 5.625903e+01 -1.283362e-02 9.999164e-01 1.560655e-03 -3.196407e+00 -9.948478e-01 -1.261156e-02 -1.005926e-01 1.082422e+02
-1.083180e-01 -1.188922e-03 9.941156e-01 5.694740e+01 -1.390750e-02 9.999032e-01 -3.195046e-04 -3.203237e+00 -9.940190e-01 -1.386027e-02 -1.083240e-01 1.081742e+02
-1.153544e-01 -1.117242e-03 9.933238e-01 5.762039e+01 -1.572129e-02 9.998762e-01 -7.010973e-04 -3.210729e+00 -9.932000e-01 -1.569721e-02 -1.153577e-01 1.081104e+02
-1.212774e-01 -1.929317e-03 9.926168e-01 5.829712e+01 -1.592862e-02 9.998731e-01 -2.729440e-06 -3.220782e+00 -9.924908e-01 -1.581134e-02 -1.212928e-01 1.080362e+02
-1.265076e-01 -1.434441e-03 9.919646e-01 5.899230e+01 -1.726479e-02 9.998507e-01 -7.559743e-04 -3.230498e+00 -9.918154e-01 -1.722169e-02 -1.265135e-01 1.079585e+02
-1.311925e-01 -1.613122e-03 9.913556e-01 5.970145e+01 -1.903131e-02 9.998185e-01 -8.916446e-04 -3.237181e+00 -9.911742e-01 -1.898378e-02 -1.311994e-01 1.078806e+02
-1.343481e-01 -4.468437e-03 9.909241e-01 6.040501e+01 -1.814235e-02 9.998333e-01 2.048896e-03 -3.246062e+00 -9.907681e-01 -1.770243e-02 -1.344068e-01 1.077951e+02
-1.367495e-01 -7.966998e-03 9.905736e-01 6.112069e+01 -1.685660e-02 9.998416e-01 5.714471e-03 -3.256730e+00 -9.904622e-01 -1.591625e-02 -1.368621e-01 1.077044e+02
-1.392883e-01 -1.085025e-02 9.901924e-01 6.184467e+01 -1.704328e-02 9.998181e-01 8.558287e-03 -3.266307e+00 -9.901052e-01 -1.568406e-02 -1.394479e-01 1.076110e+02
-1.408411e-01 -1.178953e-02 9.899620e-01 6.256375e+01 -1.830288e-02 9.997892e-01 9.302623e-03 -3.270411e+00 -9.898630e-01 -1.680897e-02 -1.410272e-01 1.075213e+02
-1.418304e-01 -9.100471e-03 9.898491e-01 6.325076e+01 -1.767171e-02 9.998217e-01 6.660068e-03 -3.276065e+00 -9.897332e-01 -1.654773e-02 -1.419659e-01 1.074295e+02
-1.427646e-01 -5.341969e-03 9.897423e-01 6.397598e+01 -1.311266e-02 9.999079e-01 3.505411e-03 -3.279229e+00 -9.896698e-01 -1.247770e-02 -1.428215e-01 1.073217e+02
-1.438281e-01 -1.549036e-03 9.896015e-01 6.471857e+01 -7.794132e-03 9.999695e-01 4.324710e-04 -3.293031e+00 -9.895720e-01 -7.650883e-03 -1.438358e-01 1.072097e+02
-1.451947e-01 4.781978e-06 9.894031e-01 6.546708e+01 -6.922911e-03 9.999755e-01 -1.020769e-03 -3.295940e+00 -9.893789e-01 -6.997760e-03 -1.451911e-01 1.071050e+02
-1.454714e-01 -1.997220e-03 9.893604e-01 6.617461e+01 -8.732397e-03 9.999616e-01 7.346450e-04 -3.302046e+00 -9.893239e-01 -8.532618e-03 -1.454833e-01 1.070121e+02
-1.456558e-01 -5.534642e-03 9.893198e-01 6.692938e+01 -7.949626e-03 9.999586e-01 4.423750e-03 -3.306158e+00 -9.893034e-01 -7.220378e-03 -1.456938e-01 1.069064e+02
-1.463839e-01 -6.886980e-03 9.892039e-01 6.768916e+01 -3.462599e-03 9.999732e-01 6.449557e-03 -3.320743e+00 -9.892218e-01 -2.481105e-03 -1.464038e-01 1.067941e+02
-1.474883e-01 -6.224597e-03 9.890442e-01 6.843059e+01 -7.356443e-04 9.999806e-01 6.183725e-03 -3.332409e+00 -9.890635e-01 1.844423e-04 -1.474900e-01 1.066871e+02
-1.495039e-01 -5.540239e-03 9.887456e-01 6.916163e+01 -3.442832e-03 9.999812e-01 5.082620e-03 -3.343797e+00 -9.887551e-01 -2.644213e-03 -1.495201e-01 1.065875e+02
-1.514053e-01 -4.560011e-03 9.884612e-01 6.990214e+01 -3.343155e-03 9.999860e-01 4.101097e-03 -3.359394e+00 -9.884661e-01 -2.683651e-03 -1.514184e-01 1.064795e+02
-1.538512e-01 -4.278077e-03 9.880848e-01 7.063858e+01 -3.996495e-03 9.999851e-01 3.707321e-03 -3.371026e+00 -9.880860e-01 -3.378500e-03 -1.538660e-01 1.063705e+02
-1.552469e-01 -3.947954e-03 9.878678e-01 7.134435e+01 -3.033812e-03 9.999892e-01 3.519622e-03 -3.385532e+00 -9.878710e-01 -2.450594e-03 -1.552572e-01 1.062664e+02
-1.567863e-01 -4.601547e-03 9.876218e-01 7.207538e+01 -5.048527e-03 9.999798e-01 3.857665e-03 -3.395269e+00 -9.876196e-01 -4.381206e-03 -1.568064e-01 1.061645e+02
-1.578606e-01 -3.997703e-03 9.874533e-01 7.282905e+01 -6.514465e-03 9.999743e-01 3.006951e-03 -3.403587e+00 -9.874399e-01 -5.958051e-03 -1.578825e-01 1.060607e+02
-1.583050e-01 -3.355233e-03 9.873846e-01 7.355888e+01 -8.674716e-03 9.999604e-01 2.007170e-03 -3.417421e+00 -9.873522e-01 -8.247536e-03 -1.583278e-01 1.059562e+02
-1.590714e-01 -2.920145e-03 9.872628e-01 7.429448e+01 -8.882774e-03 9.999594e-01 1.526474e-03 -3.423190e+00 -9.872271e-01 -8.526814e-03 -1.590908e-01 1.058532e+02
-1.597720e-01 -3.424903e-03 9.871480e-01 7.505122e+01 -1.048691e-02 9.999434e-01 1.771967e-03 -3.432489e+00 -9.870982e-01 -1.006902e-02 -1.597989e-01 1.057470e+02
-1.609437e-01 -5.017928e-03 9.869508e-01 7.581754e+01 -1.068492e-02 9.999373e-01 3.341548e-03 -3.442729e+00 -9.869057e-01 -1.000769e-02 -1.609872e-01 1.056368e+02
-1.617180e-01 -7.243829e-03 9.868104e-01 7.660065e+01 -1.340962e-02 9.998969e-01 5.142330e-03 -3.450068e+00 -9.867459e-01 -1.240114e-02 -1.617985e-01 1.055293e+02
-1.636053e-01 -9.149962e-03 9.864834e-01 7.738410e+01 -1.668341e-02 9.998396e-01 6.506953e-03 -3.455504e+00 -9.863848e-01 -1.539333e-02 -1.637317e-01 1.054199e+02
