1.000000e+00 0.000000e+00 0.000000e+00 0.000000e+00 0.000000e+00 1.000000e+00 0.000000e+00 0.000000e+00 0.000000e+00 0.000000e+00 1.000000e+00 0.000000e+00
9.999953e-01 3.032150e-03 -3.499522e-04 -1.389871e-02 -3.031585e-03 9.999941e-01 1.601825e-03 -2.077303e-02 3.548071e-04 -1.600757e-03 9.999987e-01 7.637330e-01
9.999853e-01 5.414348e-03 1.851927e-04 -2.339649e-02 -5.414732e-03 9.999831e-01 2.138647e-03 -3.963637e-02 -1.736102e-04 -2.139618e-03 9.999977e-01 1.503893e+00
9.999822e-01 5.907207e-03 7.958765e-04 -3.088280e-02 -5.908713e-03 9.999807e-01 1.903693e-03 -6.016223e-02 -7.846157e-04 -1.908361e-03 9.999979e-01 2.237237e+00
9.999677e-01 8.028222e-03 3.873411e-04 -3.784938e-02 -8.028817e-03 9.999665e-01 1.561288e-03 -7.655002e-02 -3.747937e-04 -1.564347e-03 9.999987e-01 2.954302e+00
9.999692e-01 7.847935e-03 -5.240014e-05 -5.218442e-02 -7.847847e-03 9.999681e-01 1.508316e-03 -9.525171e-02 6.423563e-05 -1.507858e-03 9.999989e-01 3.660199e+00
9.999742e-01 7.155097e-03 6.475110e-04 -6.569237e-02 -7.156705e-03 9.999712e-01 2.517036e-03 -1.126861e-01 -6.294828e-04 -2.521605e-03 9.999966e-01 4.325086e+00
9.999680e-01 7.989957e-03 3.513793e-04 -8.022576e-02 -7.991677e-03 9.999545e-01 5.201255e-03 -1.281877e-01 -3.098055e-04 -5.203897e-03 9.999864e-01 4.987442e+00
9.999771e-01 6.516645e-03 1.807557e-03 -7.148074e-02 -6.532654e-03 9.999382e-01 8.996956e-03 -1.412633e-01 -1.748815e-03 -9.008559e-03 9.999579e-01 5.633378e+00
9.999777e-01 6.158848e-03 2.589032e-03 -6.425751e-02 -6.191197e-03 9.999005e-01 1.267803e-02 -1.567209e-01 -2.510692e-03 -1.269378e-02 9.999163e-01 6.264087e+00
9.999824e-01 5.114273e-03 3.016431e-03 -4.780366e-02 -5.158702e-03 9.998755e-01 1.490988e-02 -1.697742e-01 -2.939802e-03 -1.492517e-02 9.998843e-01 6.844279e+00
9.999808e-01 4.669327e-03 4.079950e-03 -4.471819e-02 -4.729626e-03 9.998778e-01 1.489687e-02 -1.821981e-01 -4.009893e-03 -1.491588e-02 9.998807e-01 7.387425e+00
9.999724e-01 5.893573e-03 4.513048e-03 -3.368058e-02 -5.950198e-03 9.999024e-01 1.263810e-02 -1.946814e-01 -4.438124e-03 -1.266460e-02 9.999100e-01 7.933919e+00
9.999734e-01 4.796700e-03 5.491384e-03 -2.534759e-02 -4.849423e-03 9.999419e-01 9.628312e-03 -2.027091e-01 -5.444880e-03 -9.654686e-03 9.999386e-01 8.451292e+00
9.999710e-01 3.570993e-03 6.721121e-03 -1.782330e-02 -3.625586e-03 9.999604e-01 8.127952e-03 -2.105756e-01 -6.691829e-03 -8.152085e-03 9.999444e-01 8.942181e+00
9.999642e-01 -2.011816e-04 8.460788e-03 -6.235518e-03 1.502212e-04 9.999818e-01 6.023328e-03 -2.227792e-01 -8.461846e-03 -6.021842e-03 9.999461e-01 9.404009e+00
9.999419e-01 -2.690784e-03 1.043913e-02 9.323237e-04 2.638126e-03 9.999837e-01 5.054734e-03 -2.381030e-01 -1.045256e-02 -5.026901e-03 9.999327e-01 9.830386e+00
9.999242e-01 1.314283e-03 1.224382e-02 -5.912553e-03 -1.351887e-03 9.999944e-01 3.063468e-03 -2.469719e-01 -1.223972e-02 -3.079788e-03 9.999203e-01 1.022424e+01
9.998777e-01 4.577722e-03 1.495231e-02 -8.562974e-03 -4.611126e-03 9.999869e-01 2.200315e-03 -2.575552e-01 -1.494204e-02 -2.268993e-03 9.998858e-01 1.059540e+01
9.998263e-01 5.526685e-03 1.779776e-02 -1.214000e-02 -5.583243e-03 9.999795e-01 3.129700e-03 -2.627298e-01 -1.778009e-02 -3.228526e-03 9.998367e-01 1.091603e+01
9.997813e-01 1.592118e-03 2.085365e-02 -9.516306e-04 -1.675653e-03 9.999906e-01 3.988918e-03 -2.720521e-01 -2.084711e-02 -4.022989e-03 9.997746e-01 1.121538e+01
9.997129e-01 -3.939975e-03 2.363655e-02 4.731850e-03 3.844664e-03 9.999843e-01 4.076412e-03 -2.788401e-01 -2.365224e-02 -3.984367e-03 9.997123e-01 1.148440e+01
9.996382e-01 -6.896959e-03 2.599804e-02 1.343228e-02 6.755018e-03 9.999618e-01 5.543563e-03 -2.868933e-01 -2.603528e-02 -5.365940e-03 9.996466e-01 1.173291e+01
9.995741e-01 -8.814156e-03 2.781881e-02 1.878063e-02 8.635576e-03 9.999414e-01 6.533034e-03 -2.924898e-01 -2.787476e-02 -6.290020e-03 9.995916e-01 1.195534e+01
9.995271e-01 -7.208678e-03 2.989253e-02 5.241224e-03 7.035260e-03 9.999578e-01 5.902503e-03 -2.964703e-01 -2.993382e-02 -5.689410e-03 9.995357e-01 1.211847e+01
9.994689e-01 -6.194310e-03 3.199139e-02 -1.514160e-02 6.041659e-03 9.999699e-01 4.866096e-03 -3.009216e-01 -3.202057e-02 -4.670230e-03 9.994763e-01 1.225928e+01
9.993847e-01 -4.884252e-03 3.473277e-02 -4.475961e-02 4.748243e-03 9.999807e-01 3.997270e-03 -3.039856e-01 -3.475163e-02 -3.829890e-03 9.993886e-01 1.240028e+01
9.993250e-01 -1.821243e-03 3.669140e-02 -7.543009e-02 1.694551e-03 9.999925e-01 3.483725e-03 -3.105604e-01 -3.669747e-02 -3.419198e-03 9.993206e-01 1.253497e+01
9.992954e-01 -1.713869e-03 3.749224e-02 -9.699758e-02 1.627606e-03 9.999960e-01 2.331236e-03 -3.150540e-01 -3.749608e-02 -2.268571e-03 9.992942e-01 1.264784e+01
9.992293e-01 -1.509602e-03 3.922326e-02 -9.193936e-02 1.469371e-03 9.999984e-01 1.054494e-03 -3.208946e-01 -3.922479e-02 -9.960479e-04 9.992299e-01 1.276501e+01
9.991895e-01 -2.763266e-03 4.015919e-02 -7.676127e-02 2.770429e-03 9.999962e-01 -1.227320e-04 -3.249074e-01 -4.015870e-02 2.338907e-04 9.991933e-01 1.287964e+01
9.991483e-01 -3.810627e-03 4.108684e-02 -6.781826e-02 3.853213e-03 9.999921e-01 -9.573592e-04 -3.283455e-01 -4.108286e-02 1.114860e-03 9.991551e-01 1.297747e+01
9.991088e-01 -3.021042e-03 4.210035e-02 -8.055976e-02 3.113817e-03 9.999929e-01 -2.138254e-03 -3.300699e-01 -4.209359e-02 2.267441e-03 9.991111e-01 1.306324e+01
9.990526e-01 -2.651242e-03 4.343737e-02 -9.231907e-02 2.831403e-03 9.999876e-01 -4.086598e-03 -3.317587e-01 -4.342600e-02 4.205715e-03 9.990478e-01 1.315364e+01
9.990212e-01 -2.124679e-03 4.418285e-02 -9.001285e-02 2.390097e-03 9.999794e-01 -5.955300e-03 -3.352222e-01 -4.416929e-02 6.055073e-03 9.990057e-01 1.323725e+01
9.989885e-01 -2.730922e-03 4.488398e-02 -7.857211e-02 3.090551e-03 9.999637e-01 -7.944973e-03 -3.392195e-01 -4.486065e-02 8.075653e-03 9.989606e-01 1.332297e+01
9.990106e-01 -4.199873e-03 4.427298e-02 -6.819405e-02 4.624525e-03 9.999442e-01 -9.493617e-03 -3.425998e-01 -4.423064e-02 9.688966e-03 9.989744e-01 1.341058e+01
9.991234e-01 -4.049075e-03 4.166652e-02 -5.781016e-02 4.486863e-03 9.999357e-01 -1.041881e-02 -3.460556e-01 -4.162165e-02 1.059663e-02 9.990772e-01 1.349407e+01
9.992622e-01 -4.600131e-03 3.813078e-02 -5.753168e-02 5.031930e-03 9.999242e-01 -1.123594e-02 -3.472144e-01 -3.807620e-02 1.141952e-02 9.992096e-01 1.357302e+01
9.994218e-01 -3.251141e-03 3.384399e-02 -7.272384e-02 3.665227e-03 9.999191e-01 -1.218028e-02 -3.498849e-01 -3.380166e-02 1.229728e-02 9.993529e-01 1.366020e+01
9.996005e-01 -2.776062e-03 2.812797e-02 -8.871359e-02 3.143811e-03 9.999101e-01 -1.303837e-02 -3.516297e-01 -2.808925e-02 1.312159e-02 9.995193e-01 1.373894e+01
9.997653e-01 -3.344309e-03 2.140278e-02 -9.740990e-02 3.635980e-03 9.999009e-01 -1.360336e-02 -3.532308e-01 -2.135516e-02 1.367799e-02 9.996784e-01 1.381774e+01
9.998994e-01 -2.657458e-03 1.393638e-02 -1.125853e-01 2.854402e-03 9.998961e-01 -1.413086e-02 -3.544727e-01 -1.389738e-02 1.416922e-02 9.998030e-01 1.390498e+01
9.999795e-01 -3.100055e-03 5.606019e-03 -1.300528e-01 3.184003e-03 9.998820e-01 -1.502823e-02 -3.535632e-01 -5.558769e-03 1.504577e-02 9.998714e-01 1.399991e+01
9.999845e-01 -3.135131e-03 -4.607390e-03 -1.313810e-01 3.060416e-03 9.998651e-01 -1.613478e-02 -3.546883e-01 4.657353e-03 1.612043e-02 9.998592e-01 1.411343e+01
9.998353e-01 -4.229172e-03 -1.765125e-02 -1.335567e-01 3.918057e-03 9.998370e-01 -1.762318e-02 -3.552614e-01 1.772291e-02 1.755112e-02 9.996889e-01 1.424076e+01
9.994270e-01 -5.024151e-03 -3.347318e-02 -1.421616e-01 4.375928e-03 9.998020e-01 -1.941064e-02 -3.573853e-01 3.356408e-02 1.925305e-02 9.992511e-01 1.436435e+01
9.985952e-01 -4.374328e-03 -5.280642e-02 -1.795852e-01 3.292602e-03 9.997833e-01 -2.055439e-02 -3.602906e-01 5.288489e-02 2.035165e-02 9.983932e-01 1.450176e+01
9.972360e-01 -3.554670e-03 -7.421454e-02 -2.321739e-01 2.044081e-03 9.997894e-01 -2.042039e-02 -3.640277e-01 7.427149e-02 2.021225e-02 9.970332e-01 1.466926e+01
9.952266e-01 -3.450821e-03 -9.753000e-02 -2.676183e-01 1.560823e-03 9.998096e-01 -1.944828e-02 -3.693397e-01 9.757855e-02 1.920322e-02 9.950425e-01 1.487762e+01
9.923087e-01 -2.152461e-03 -1.237689e-01 -3.198409e-01 -7.921963e-05 9.998376e-01 -1.802328e-02 -3.779267e-01 1.237876e-01 1.789446e-02 9.921474e-01 1.510906e+01
9.881657e-01 -1.590655e-03 -1.533822e-01 -3.953564e-01 -9.297196e-04 9.998658e-01 -1.635887e-02 -3.825716e-01 1.533876e-01 1.630787e-02 9.880315e-01 1.534314e+01
9.825547e-01 -8.087708e-04 -1.859718e-01 -4.650685e-01 -1.666232e-03 9.999121e-01 -1.315180e-02 -3.914660e-01 1.859661e-01 1.323223e-02 9.824671e-01 1.561678e+01
9.750011e-01 1.194838e-04 -2.221998e-01 -5.534498e-01 -2.282520e-03 9.999525e-01 -9.477872e-03 -3.958605e-01 2.221881e-01 9.748111e-03 9.749551e-01 1.588998e+01
9.652450e-01 1.183547e-03 -2.613439e-01 -6.528564e-01 -2.384797e-03 9.999880e-01 -4.279342e-03 -4.032854e-01 2.613357e-01 4.753865e-03 9.652363e-01 1.613369e+01
9.532211e-01 5.777700e-03 -3.022187e-01 -7.943111e-01 -6.062795e-03 9.999816e-01 -5.263199e-06 -4.024249e-01 3.022131e-01 1.837307e-03 9.532386e-01 1.640159e+01
9.390242e-01 9.465693e-03 -3.437208e-01 -9.536038e-01 -8.558732e-03 9.999547e-01 4.155724e-03 -4.053129e-01 3.437446e-01 -9.605111e-04 9.390627e-01 1.667212e+01
9.223371e-01 1.139677e-02 -3.862179e-01 -1.125789e+00 -8.527933e-03 9.999219e-01 9.140566e-03 -4.065260e-01 3.862919e-01 -5.137042e-03 9.223623e-01 1.693309e+01
9.029672e-01 1.521788e-02 -4.294398e-01 -1.312870e+00 -9.061049e-03 9.998248e-01 1.637804e-02 -4.099064e-01 4.296138e-01 -1.089766e-02 9.029469e-01 1.719795e+01
8.809844e-01 1.945508e-02 -4.727452e-01 -1.509436e+00 -9.985936e-03 9.996963e-01 2.253162e-02 -4.106693e-01 4.730400e-01 -1.512920e-02 8.809111e-01 1.746714e+01
8.562805e-01 2.385739e-02 -5.159598e-01 -1.746015e+00 -1.180921e-02 9.995758e-01 2.662083e-02 -4.085493e-01 5.163760e-01 -1.670182e-02 8.561991e-01 1.772862e+01
8.284216e-01 2.783440e-02 -5.594130e-01 -2.012500e+00 -1.355259e-02 9.994682e-01 2.966027e-02 -4.062136e-01 5.599410e-01 -1.698971e-02 8.283582e-01 1.798639e+01
7.978591e-01 3.081239e-02 -6.020560e-01 -2.265753e+00 -1.540894e-02 9.994090e-01 3.072806e-02 -3.958025e-01 6.026470e-01 -1.523962e-02 7.978624e-01 1.822360e+01
7.644450e-01 3.400588e-02 -6.437914e-01 -2.569128e+00 -1.648035e-02 9.993123e-01 3.321599e-02 -3.877334e-01 6.444782e-01 -1.478189e-02 7.644798e-01 1.845552e+01
7.281718e-01 3.746348e-02 -6.843701e-01 -2.890605e+00 -1.740677e-02 9.991938e-01 3.617657e-02 -3.712282e-01 6.851736e-01 -1.443009e-02 7.282368e-01 1.867882e+01
6.896994e-01 3.845648e-02 -7.230739e-01 -3.207715e+00 -1.500912e-02 9.991334e-01 3.882228e-02 -3.583135e-01 7.239402e-01 -1.592300e-02 6.896789e-01 1.890844e+01
6.486949e-01 3.898332e-02 -7.600495e-01 -3.537081e+00 -1.302616e-02 9.991097e-01 4.012714e-02 -3.499376e-01 7.609371e-01 -1.612975e-02 6.486252e-01 1.913532e+01
6.059947e-01 3.792313e-02 -7.945642e-01 -3.900429e+00 -8.026492e-03 9.991036e-01 4.156382e-02 -3.381706e-01 7.954282e-01 -1.880989e-02 6.057559e-01 1.937243e+01
5.617838e-01 3.800241e-02 -8.264108e-01 -4.288387e+00 -3.058569e-03 9.990330e-01 4.386124e-02 -3.300049e-01 8.272785e-01 -2.211290e-02 5.613567e-01 1.961127e+01
5.150572e-01 3.930294e-02 -8.562542e-01 -4.719276e+00 -1.552024e-03 9.989893e-01 4.492105e-02 -3.103582e-01 8.571544e-01 -2.180798e-02 5.145977e-01 1.979984e+01
4.658827e-01 3.856888e-02 -8.840055e-01 -5.159310e+00 2.030694e-04 9.990449e-01 4.369503e-02 -2.884809e-01 8.848465e-01 -2.053627e-02 4.654299e-01 1.996640e+01
4.138134e-01 3.814926e-02 -9.095621e-01 -5.650661e+00 4.207237e-03 9.990308e-01 4.381592e-02 -2.725399e-01 9.103520e-01 -2.195836e-02 4.132518e-01 2.014859e+01
3.605607e-01 3.708006e-02 -9.319984e-01 -6.159732e+00 9.640019e-03 9.990080e-01 4.347549e-02 -2.563484e-01 9.326859e-01 -2.466004e-02 3.598456e-01 2.030753e+01
3.074945e-01 3.704159e-02 -9.508286e-01 -6.679215e+00 1.177300e-02 9.990175e-01 4.272623e-02 -2.410996e-01 9.514770e-01 -2.433219e-02 3.067563e-01 2.041716e+01
2.541398e-01 4.152014e-02 -9.662759e-01 -7.255714e+00 1.206756e-02 9.988642e-01 4.609432e-02 -2.083964e-01 9.670922e-01 -2.337499e-02 2.533501e-01 2.051682e+01
2.032372e-01 4.638174e-02 -9.780304e-01 -7.839520e+00 1.517389e-02 9.986082e-01 5.051079e-02 -1.838776e-01 9.790120e-01 -2.510619e-02 2.022505e-01 2.060831e+01
1.549727e-01 4.869256e-02 -9.867180e-01 -8.413344e+00 2.050344e-02 9.984110e-01 5.248982e-02 -1.687676e-01 9.877060e-01 -2.836560e-02 1.537281e-01 2.069495e+01
1.094164e-01 4.985554e-02 -9.927449e-01 -9.037976e+00 2.266359e-02 9.983566e-01 5.263525e-02 -1.506637e-01 9.937376e-01 -2.825832e-02 1.081067e-01 2.074598e+01
7.001184e-02 4.841963e-02 -9.963704e-01 -9.652504e+00 2.341715e-02 9.984663e-01 5.016693e-02 -1.276322e-01 9.972713e-01 -2.684443e-02 6.877061e-02 2.076617e+01
3.377304e-02 4.488976e-02 -9.984209e-01 -1.030739e+01 1.935608e-02 9.987740e-01 4.556038e-02 -9.604307e-02 9.992421e-01 -2.086422e-02 3.286274e-02 2.076212e+01
5.916967e-03 4.422691e-02 -9.990040e-01 -1.097012e+01 1.729059e-02 9.988676e-01 4.432328e-02 -6.265950e-02 9.998330e-01 -1.753563e-02 5.145557e-03 2.074785e+01
-1.573560e-02 4.796241e-02 -9.987252e-01 -1.169380e+01 1.596989e-02 9.987335e-01 4.771119e-02 -3.664102e-02 9.997486e-01 -1.519877e-02 -1.648163e-02 2.072213e+01
-2.911197e-02 5.353786e-02 -9.981414e-01 -1.241899e+01 1.745453e-02 9.984396e-01 5.304478e-02 -8.588539e-03 9.994238e-01 -1.587785e-02 -3.000102e-02 2.069385e+01
-3.720770e-02 5.634088e-02 -9.977180e-01 -1.316031e+01 1.909081e-02 9.982673e-01 5.565995e-02 1.536060e-02 9.991252e-01 -1.697627e-02 -3.821882e-02 2.066365e+01
-4.159396e-02 5.398983e-02 -9.976748e-01 -1.392392e+01 1.965819e-02 9.983899e-01 5.320896e-02 3.935408e-02 9.989412e-01 -1.739931e-02 -4.258833e-02 2.063325e+01
-4.077482e-02 4.967267e-02 -9.979329e-01 -1.470122e+01 2.718051e-02 9.984490e-01 4.858779e-02 7.632997e-02 9.987986e-01 -2.514317e-02 -4.206170e-02 2.061525e+01
-3.723833e-02 4.974622e-02 -9.980674e-01 -1.551069e+01 3.853456e-02 9.980888e-01 4.830955e-02 9.824290e-02 9.985632e-01 -3.666112e-02 -3.908411e-02 2.058614e+01
-3.096253e-02 4.933353e-02 -9.983023e-01 -1.632591e+01 4.117990e-02 9.979961e-01 4.804120e-02 1.319202e-01 9.986719e-01 -3.962252e-02 -3.293204e-02 2.055818e+01
-2.626677e-02 4.690879e-02 -9.985538e-01 -1.718187e+01 3.973798e-02 9.981579e-01 4.584489e-02 1.668336e-01 9.988648e-01 -3.847631e-02 -2.808245e-02 2.052026e+01
-2.217634e-02 4.225716e-02 -9.988606e-01 -1.801940e+01 4.427463e-02 9.981676e-01 4.124487e-02 1.820127e-01 9.987732e-01 -4.330952e-02 -2.400663e-02 2.050241e+01
-2.074928e-02 3.229150e-02 -9.992631e-01 -1.887194e+01 4.142318e-02 9.986478e-01 3.141148e-02 1.994309e-01 9.989262e-01 -4.074089e-02 -2.205884e-02 2.047354e+01
-2.014420e-02 2.391900e-02 -9.995109e-01 -1.976245e+01 3.492992e-02 9.991203e-01 2.320568e-02 2.226429e-01 9.991867e-01 -3.444538e-02 -2.096196e-02 2.044506e+01
-2.059225e-02 2.146636e-02 -9.995575e-01 -2.066866e+01 2.924125e-02 9.993547e-01 2.085959e-02 2.363175e-01 9.993602e-01 -2.879877e-02 -2.120667e-02 2.041826e+01
-2.445327e-02 2.673727e-02 -9.993434e-01 -2.162161e+01 2.044832e-02 9.994465e-01 2.623968e-02 2.509403e-01 9.994918e-01 -1.979325e-02 -2.498647e-02 2.038057e+01
-2.848656e-02 3.439996e-02 -9.990021e-01 -2.257244e+01 1.639231e-02 9.992893e-01 3.394242e-02 2.744160e-01 9.994598e-01 -1.540905e-02 -2.903021e-02 2.035371e+01
-3.379194e-02 4.411264e-02 -9.984549e-01 -2.355666e+01 1.445182e-02 9.989426e-01 4.364507e-02 2.953088e-01 9.993244e-01 -1.295464e-02 -3.439371e-02 2.030607e+01
-3.618838e-02 5.363523e-02 -9.979046e-01 -2.454821e+01 1.346126e-02 9.984943e-01 5.317876e-02 3.350840e-01 9.992543e-01 -1.150860e-02 -3.685589e-02 2.026008e+01
-3.679292e-02 6.118597e-02 -9.974480e-01 -2.555355e+01 1.657429e-02 9.980239e-01 6.060992e-02 3.722465e-01 9.991855e-01 -1.430198e-02 -3.773433e-02 2.023972e+01
-3.922785e-02 6.339263e-02 -9.972174e-01 -2.657453e+01 1.788825e-02 9.978702e-01 6.273045e-02 4.101707e-01 9.990702e-01 -1.537769e-02 -4.027829e-02 2.021193e+01
-4.075099e-02 6.003229e-02 -9.973643e-01 -2.757090e+01 1.740400e-02 9.980846e-01 5.936455e-02 4.574181e-01 9.990177e-01 -1.493896e-02 -4.171774e-02 2.018048e+01
-4.430170e-02 5.593122e-02 -9.974513e-01 -2.859580e+01 7.354708e-03 9.984227e-01 5.565904e-02 4.903483e-01 9.989911e-01 -4.870173e-03 -4.464319e-02 2.010722e+01
-4.903891e-02 5.099725e-02 -9.974941e-01 -2.961409e+01 4.467349e-03 9.986969e-01 5.083912e-02 5.184140e-01 9.987869e-01 -1.963060e-03 -4.920283e-02 2.004338e+01
-5.468835e-02 4.681509e-02 -9.974054e-01 -3.064078e+01 7.234143e-03 9.988926e-01 4.648824e-02 5.513764e-01 9.984773e-01 -4.673008e-03 -5.496646e-02 1.999252e+01
-6.207310e-02 4.443224e-02 -9.970821e-01 -3.167803e+01 3.017701e-03 9.990124e-01 4.433039e-02 5.815696e-01 9.980670e-01 -2.571712e-04 -6.214588e-02 1.991428e+01
-6.834695e-02 4.703208e-02 -9.965524e-01 -3.271497e+01 5.497126e-03 9.988908e-01 4.676543e-02 6.117492e-01 9.976465e-01 -2.281900e-03 -6.852968e-02 1.983686e+01
-7.575129e-02 5.133161e-02 -9.958046e-01 -3.377189e+01 1.887088e-03 9.986796e-01 5.133626e-02 6.400843e-01 9.971250e-01 2.009616e-03 -7.574813e-02 1.975171e+01
-8.274258e-02 5.445778e-02 -9.950819e-01 -3.482307e+01 1.189318e-03 9.985105e-01 5.454652e-02 6.769219e-01 9.965702e-01 3.329851e-03 -8.268410e-02 1.965776e+01
-8.718646e-02 5.635097e-02 -9.945969e-01 -3.586259e+01 -3.526347e-03 9.983751e-01 5.687415e-02 7.134771e-01 9.961858e-01 8.465950e-03 -8.684608e-02 1.954953e+01
-9.149070e-02 5.794515e-02 -9.941186e-01 -3.693412e+01 -6.589632e-03 9.982485e-01 5.879233e-02 7.521031e-01 9.957841e-01 1.192983e-02 -9.094862e-02 1.944520e+01
-9.279205e-02 5.848542e-02 -9.939663e-01 -3.798843e+01 -1.193372e-02 9.981364e-01 5.984486e-02 7.951497e-01 9.956140e-01 1.741484e-02 -9.192117e-02 1.933810e+01
-9.562207e-02 5.847857e-02 -9.936985e-01 -3.905555e+01 -1.231326e-02 9.981270e-01 5.992408e-02 8.336436e-01 9.953416e-01 1.796574e-02 -9.472291e-02 1.923324e+01
-9.772101e-02 5.782354e-02 -9.935326e-01 -4.011974e+01 -1.310430e-02 9.981494e-01 5.938113e-02 8.731354e-01 9.951276e-01 1.882233e-02 -9.678243e-02 1.913566e+01
-9.889104e-02 5.708416e-02 -9.934596e-01 -4.118278e+01 -1.532367e-02 9.981475e-01 5.887888e-02 9.132328e-01 9.949803e-01 2.104604e-02 -9.783311e-02 1.903516e+01
-1.009317e-01 5.628536e-02 -9.932999e-01 -4.226787e+01 -1.641110e-02 9.981684e-01 5.822880e-02 9.536604e-01 9.947580e-01 2.217828e-02 -9.982314e-02 1.892877e+01
-1.021053e-01 5.403969e-02 -9.933047e-01 -4.334666e+01 -2.188341e-02 9.981597e-01 5.655330e-02 9.897637e-01 9.945329e-01 2.751128e-02 -1.007348e-01 1.881892e+01
-1.027947e-01 4.920626e-02 -9.934848e-01 -4.440964e+01 -2.675968e-02 9.982774e-01 5.221242e-02 1.027614e+00 9.943426e-01 3.195249e-02 -1.013009e-01 1.870997e+01
-1.033177e-01 4.810949e-02 -9.934842e-01 -4.549517e+01 -2.937568e-02 9.982463e-01 5.139502e-02 1.066507e+00 9.942145e-01 3.449429e-02 -1.017233e-01 1.859720e+01
-1.018837e-01 5.205659e-02 -9.934333e-01 -4.658044e+01 -2.939154e-02 9.980364e-01 5.531211e-02 1.103800e+00 9.943620e-01 3.483394e-02 -1.001537e-01 1.848688e+01
-1.014922e-01 5.528451e-02 -9.932990e-01 -4.767503e+01 -2.915042e-02 9.978607e-01 5.851690e-02 1.145043e+00 9.944092e-01 3.489409e-02 -9.966350e-02 1.837702e+01
-9.931362e-02 5.550935e-02 -9.935067e-01 -4.876351e+01 -2.732430e-02 9.979142e-01 5.848702e-02 1.182959e+00 9.946809e-01 3.295543e-02 -9.758971e-02 1.826617e+01
-9.752561e-02 5.463471e-02 -9.937323e-01 -4.985583e+01 -2.693142e-02 9.979815e-01 5.751140e-02 1.224694e+00 9.948686e-01 3.237145e-02 -9.585736e-02 1.816120e+01
-9.363942e-02 5.499054e-02 -9.940864e-01 -5.095057e+01 -3.003847e-02 9.978629e-01 5.802897e-02 1.266610e+00 9.951529e-01 3.529464e-02 -9.178747e-02 1.804909e+01
-8.760973e-02 5.546768e-02 -9.946094e-01 -5.204354e+01 -3.545588e-02 9.976423e-01 5.875993e-02 1.311419e+00 9.955237e-01 4.041269e-02 -8.543652e-02 1.794772e+01
-8.269268e-02 5.532129e-02 -9.950384e-01 -5.315101e+01 -3.826050e-02 9.975457e-01 5.864032e-02 1.353059e+00 9.958404e-01 4.291980e-02 -8.037311e-02 1.784211e+01
-7.642513e-02 5.423269e-02 -9.955993e-01 -5.425476e+01 -4.055495e-02 9.975243e-01 5.745066e-02 1.395102e+00 9.962502e-01 4.476716e-02 -7.403652e-02 1.775347e+01
-7.168872e-02 5.356888e-02 -9.959875e-01 -5.537935e+01 -3.932345e-02 9.976286e-01 5.648755e-02 1.433575e+00 9.966516e-01 4.321519e-02 -6.941220e-02 1.765952e+01
-6.681622e-02 5.354859e-02 -9.963273e-01 -5.651132e+01 -3.765700e-02 9.977120e-01 5.614838e-02 1.471319e+00 9.970544e-01 4.127032e-02 -6.464687e-02 1.757970e+01
-6.143855e-02 5.408786e-02 -9.966443e-01 -5.763455e+01 -3.692213e-02 9.977240e-01 5.642254e-02 1.511685e+00 9.974277e-01 4.026475e-02 -5.930168e-02 1.750866e+01
-5.667017e-02 5.587574e-02 -9.968282e-01 -5.878048e+01 -3.511822e-02 9.977033e-01 5.792128e-02 1.546790e+00 9.977751e-01 3.828924e-02 -5.457775e-02 1.743347e+01
-5.171422e-02 5.646017e-02 -9.970646e-01 -5.991730e+01 -3.623068e-02 9.976372e-01 5.837175e-02 1.597016e+00 9.980045e-01 3.914298e-02 -4.954645e-02 1.736594e+01
-4.637373e-02 5.625458e-02 -9.973389e-01 -6.106152e+01 -3.503698e-02 9.977071e-01 5.790448e-02 1.638716e+00 9.983095e-01 3.762899e-02 -4.429641e-02 1.730105e+01
-4.250225e-02 5.204452e-02 -9.977399e-01 -6.220895e+01 -3.440334e-02 9.979738e-01 5.352225e-02 1.682335e+00 9.985039e-01 3.660040e-02 -4.062563e-02 1.724106e+01
-3.803664e-02 4.700562e-02 -9.981702e-01 -6.335995e+01 -3.396326e-02 9.982551e-01 4.830384e-02 1.716335e+00 9.986990e-01 3.573843e-02 -3.637381e-02 1.718733e+01
-3.506988e-02 4.601502e-02 -9.983250e-01 -6.450661e+01 -3.373344e-02 9.983157e-01 4.719961e-02 1.754873e+00 9.988154e-01 3.533222e-02 -3.345857e-02 1.713728e+01
-3.224055e-02 4.803652e-02 -9.983251e-01 -6.566835e+01 -3.195593e-02 9.982842e-01 4.906656e-02 1.791298e+00 9.989692e-01 3.348434e-02 -3.065018e-02 1.709104e+01
-2.974901e-02 4.813823e-02 -9.983976e-01 -6.682731e+01 -3.084263e-02 9.983198e-01 4.905349e-02 1.827526e+00 9.990814e-01 3.225250e-02 -2.821431e-02 1.705083e+01
-2.966719e-02 4.743666e-02 -9.984336e-01 -6.799856e+01 -3.158411e-02 9.983300e-01 4.837022e-02 1.867307e+00 9.990607e-01 3.296965e-02 -2.811940e-02 1.699687e+01
-2.829695e-02 4.812520e-02 -9.984404e-01 -6.915607e+01 -3.200800e-02 9.982846e-01 4.902484e-02 1.902067e+00 9.990870e-01 3.334534e-02 -2.670802e-02 1.695492e+01
-2.837342e-02 4.779131e-02 -9.984543e-01 -7.033347e+01 -3.215257e-02 9.982959e-01 4.869742e-02 1.933471e+00 9.990802e-01 3.348459e-02 -2.678845e-02 1.690262e+01
-2.780399e-02 4.590310e-02 -9.985589e-01 -7.150870e+01 -3.253791e-02 9.983742e-01 4.680060e-02 1.966087e+00 9.990837e-01 3.379226e-02 -2.626519e-02 1.685091e+01
-2.656105e-02 4.452977e-02 -9.986549e-01 -7.267751e+01 -3.095768e-02 9.984915e-01 4.534586e-02 1.996734e+00 9.991677e-01 3.212047e-02 -2.514245e-02 1.681488e+01
-2.765868e-02 4.443682e-02 -9.986292e-01 -7.386823e+01 -2.729678e-02 9.986053e-01 4.519178e-02 2.023667e+00 9.992447e-01 2.850931e-02 -2.640712e-02 1.677548e+01
-2.772771e-02 4.491286e-02 -9.986060e-01 -7.504040e+01 -2.487946e-02 9.986497e-01 4.560564e-02 2.051617e+00 9.993059e-01 2.610932e-02 -2.657286e-02 1.674034e+01
-2.758002e-02 4.758852e-02 -9.984862e-01 -7.621649e+01 -2.470909e-02 9.985285e-01 4.827304e-02 2.080159e+00 9.993142e-01 2.600306e-02 -2.636357e-02 1.669890e+01
-2.832909e-02 5.061365e-02 -9.983164e-01 -7.740180e+01 -2.662789e-02 9.983247e-01 5.136968e-02 2.113881e+00 9.992439e-01 2.803832e-02 -2.693389e-02 1.665753e+01
-2.774558e-02 5.080316e-02 -9.983232e-01 -7.856636e+01 -2.869722e-02 9.982556e-01 5.159727e-02 2.146237e+00 9.992030e-01 3.008070e-02 -2.623927e-02 1.661679e+01
-2.854609e-02 4.873439e-02 -9.984038e-01 -7.974151e+01 -3.013824e-02 9.983148e-01 4.959175e-02 2.179160e+00 9.991380e-01 3.150578e-02 -2.702922e-02 1.657509e+01
-2.896929e-02 4.640921e-02 -9.985024e-01 -8.089466e+01 -2.990778e-02 9.984341e-01 4.727374e-02 2.210977e+00 9.991328e-01 3.123248e-02 -2.753593e-02 1.653907e+01
-2.856423e-02 4.590614e-02 -9.985373e-01 -8.205290e+01 -2.781104e-02 9.985217e-01 4.670099e-02 2.238533e+00 9.992050e-01 2.910434e-02 -2.724531e-02 1.650782e+01
-3.004291e-02 4.726874e-02 -9.984303e-01 -8.323818e+01 -2.599090e-02 9.985065e-01 4.805442e-02 2.267943e+00 9.992106e-01 2.739380e-02 -2.876948e-02 1.647263e+01
-3.019121e-02 4.971383e-02 -9.983071e-01 -8.441905e+01 -2.554263e-02 9.983978e-01 5.049082e-02 2.298985e+00 9.992177e-01 2.702377e-02 -2.887302e-02 1.643709e+01
-2.943593e-02 5.216771e-02 -9.982044e-01 -8.557894e+01 -2.548370e-02 9.982734e-01 5.292280e-02 2.331005e+00 9.992418e-01 2.699578e-02 -2.805568e-02 1.639986e+01
-3.035690e-02 5.214222e-02 -9.981782e-01 -8.675418e+01 -2.623185e-02 9.982529e-01 5.294389e-02 2.370050e+00 9.991949e-01 2.779127e-02 -2.893608e-02 1.635994e+01
-2.963516e-02 5.020798e-02 -9.982990e-01 -8.790134e+01 -2.573494e-02 9.983683e-01 5.097542e-02 2.403090e+00 9.992294e-01 2.720184e-02 -2.829471e-02 1.631868e+01
-3.080480e-02 4.873206e-02 -9.983367e-01 -8.906557e+01 -2.423908e-02 9.984806e-01 4.948700e-02 2.435658e+00 9.992315e-01 2.572320e-02 -2.957677e-02 1.627992e+01
-3.143684e-02 4.951859e-02 -9.982783e-01 -9.022770e+01 -2.243650e-02 9.984854e-01 5.023541e-02 2.466768e+00 9.992539e-01 2.397712e-02 -3.027820e-02 1.624514e+01
-3.044437e-02 5.249063e-02 -9.981572e-01 -9.136226e+01 -2.037672e-02 9.983800e-01 5.312385e-02 2.498945e+00 9.993287e-01 2.195649e-02 -2.932546e-02 1.621254e+01
-3.085584e-02 5.509905e-02 -9.980040e-01 -9.252824e+01 -1.914354e-02 9.982637e-01 5.570526e-02 2.530043e+00 9.993405e-01 2.082417e-02 -2.974748e-02 1.617014e+01
-3.075272e-02 5.695753e-02 -9.979029e-01 -9.368710e+01 -1.994786e-02 9.981412e-01 5.758588e-02 2.566695e+00 9.993280e-01 2.167694e-02 -2.955937e-02 1.612775e+01
-3.016503e-02 5.839003e-02 -9.978380e-01 -9.484210e+01 -2.209977e-02 9.980093e-01 5.906814e-02 2.610620e+00 9.993006e-01 2.383378e-02 -2.881458e-02 1.608254e+01
-3.058174e-02 5.742606e-02 -9.978813e-01 -9.600323e+01 -2.368166e-02 9.980263e-01 5.816018e-02 2.652568e+00 9.992517e-01 2.541013e-02 -2.916144e-02 1.603301e+01
-2.995647e-02 5.378064e-02 -9.981033e-01 -9.713435e+01 -2.598494e-02 9.981721e-01 5.456424e-02 2.691741e+00 9.992134e-01 2.757021e-02 -2.850423e-02 1.598695e+01
-3.037657e-02 5.167048e-02 -9.982021e-01 -9.828214e+01 -2.743760e-02 9.982435e-01 5.250758e-02 2.731671e+00 9.991619e-01 2.898327e-02 -2.890550e-02 1.593872e+01
-3.044773e-02 5.027780e-02 -9.982710e-01 -9.942269e+01 -2.775024e-02 9.983066e-01 5.112599e-02 2.765460e+00 9.991511e-01 2.925893e-02 -2.900095e-02 1.590005e+01
-2.954792e-02 5.049312e-02 -9.982872e-01 -1.005633e+02 -2.647864e-02 9.983333e-01 5.127918e-02 2.797302e+00 9.992126e-01 2.794848e-02 -2.816169e-02 1.587019e+01
-3.061766e-02 5.259787e-02 -9.981463e-01 -1.017192e+02 -2.655344e-02 9.982192e-01 5.341623e-02 2.834861e+00 9.991784e-01 2.813970e-02 -2.916648e-02 1.582970e+01
-2.976748e-02 5.460890e-02 -9.980640e-01 -1.028745e+02 -2.467488e-02 9.981621e-01 5.535020e-02 2.867975e+00 9.992522e-01 2.627474e-02 -2.836531e-02 1.579771e+01
-3.104061e-02 5.367425e-02 -9.980759e-01 -1.040328e+02 -2.844826e-02 9.981051e-01 5.456057e-02 2.910302e+00 9.991132e-01 3.008712e-02 -2.945485e-02 1.575455e+01
-3.199898e-02 5.386224e-02 -9.980355e-01 -1.051919e+02 -3.230945e-02 9.979693e-01 5.489457e-02 2.955886e+00 9.989655e-01 3.400254e-02 -3.019374e-02 1.570602e+01
-3.195652e-02 5.288844e-02 -9.980890e-01 -1.063506e+02 -3.499998e-02 9.979273e-01 5.400049e-02 2.999949e+00 9.988763e-01 3.665876e-02 -3.003919e-02 1.565200e+01
-3.324204e-02 4.914696e-02 -9.982382e-01 -1.075123e+02 -3.562062e-02 9.980974e-01 5.032622e-02 3.036163e+00 9.988124e-01 3.723081e-02 -3.142815e-02 1.560031e+01
-3.433877e-02 4.478197e-02 -9.984064e-01 -1.086822e+02 -3.625124e-02 9.982824e-01 4.602322e-02 3.074537e+00 9.987526e-01 3.777386e-02 -3.265639e-02 1.555132e+01
-3.521492e-02 4.340916e-02 -9.984366e-01 -1.098507e+02 -3.264124e-02 9.984732e-01 4.456202e-02 3.108017e+00 9.988466e-01 3.415945e-02 -3.374423e-02 1.551423e+01
-3.700602e-02 4.315860e-02 -9.983826e-01 -1.110396e+02 -2.750557e-02 9.986444e-01 4.418944e-02 3.135443e+00 9.989364e-01 2.909636e-02 -3.576875e-02 1.546831e+01
-3.707064e-02 4.488884e-02 -9.983039e-01 -1.122296e+02 -2.651479e-02 9.985947e-01 4.588651e-02 3.171049e+00 9.989608e-01 2.817086e-02 -3.582833e-02 1.541828e+01
-3.884746e-02 4.850403e-02 -9.980672e-01 -1.134311e+02 -2.478228e-02 9.984672e-01 4.948806e-02 3.210261e+00 9.989378e-01 2.665686e-02 -3.758588e-02 1.536961e+01
-3.973208e-02 4.893435e-02 -9.980114e-01 -1.146423e+02 -2.227421e-02 9.985085e-01 4.984549e-02 3.250381e+00 9.989621e-01 2.421038e-02 -3.858285e-02 1.531892e+01
-3.999059e-02 4.466200e-02 -9.982014e-01 -1.158593e+02 -2.227483e-02 9.987124e-01 4.557725e-02 3.288075e+00 9.989517e-01 2.405743e-02 -3.894427e-02 1.526313e+01
-4.198325e-02 4.067570e-02 -9.982900e-01 -1.170733e+02 -2.238536e-02 9.988818e-01 4.164123e-02 3.324548e+00 9.988675e-01 2.409531e-02 -4.102577e-02 1.520235e+01
-4.224191e-02 3.912029e-02 -9.983412e-01 -1.183027e+02 -2.109967e-02 9.989754e-01 4.003791e-02 3.351948e+00 9.988846e-01 2.275595e-02 -4.137320e-02 1.514785e+01
-4.354781e-02 4.015916e-02 -9.982439e-01 -1.195492e+02 -2.266701e-02 9.988948e-01 4.117419e-02 3.378420e+00 9.987942e-01 2.442025e-02 -4.258939e-02 1.508430e+01
-4.414285e-02 4.385511e-02 -9.980622e-01 -1.207926e+02 -2.687097e-02 9.986225e-01 4.506819e-02 3.412156e+00 9.986638e-01 2.880833e-02 -4.290361e-02 1.501614e+01
-4.383007e-02 4.680883e-02 -9.979418e-01 -1.220498e+02 -3.201881e-02 9.983228e-01 4.823298e-02 3.447192e+00 9.985258e-01 3.406696e-02 -4.225780e-02 1.494642e+01
-4.432702e-02 4.643786e-02 -9.979372e-01 -1.232943e+02 -3.892434e-02 9.980803e-01 4.817349e-02 3.484292e+00 9.982585e-01 4.097944e-02 -4.243436e-02 1.487011e+01
-4.438602e-02 4.397651e-02 -9.980461e-01 -1.245372e+02 -4.269321e-02 9.980345e-01 4.587469e-02 3.518503e+00 9.981018e-01 4.464598e-02 -4.242128e-02 1.479629e+01
-4.468499e-02 4.241952e-02 -9.981001e-01 -1.257690e+02 -4.468455e-02 9.980133e-01 4.441635e-02 3.548441e+00 9.980013e-01 4.658440e-02 -4.270071e-02 1.472617e+01
-4.597954e-02 4.135520e-02 -9.980860e-01 -1.270105e+02 -4.456074e-02 9.980632e-01 4.340707e-02 3.575868e+00 9.979480e-01 4.647129e-02 -4.404767e-02 1.466033e+01
-4.588084e-02 4.059735e-02 -9.981216e-01 -1.282648e+02 -4.250583e-02 9.981896e-01 4.255399e-02 3.597682e+00 9.980422e-01 4.437840e-02 -4.407215e-02 1.460016e+01
-4.716505e-02 4.074555e-02 -9.980557e-01 -1.295163e+02 -4.265912e-02 9.981740e-01 4.276631e-02 3.624185e+00 9.979758e-01 4.459326e-02 -4.534076e-02 1.453460e+01
-4.810768e-02 4.504119e-02 -9.978261e-01 -1.307606e+02 -4.243802e-02 9.979885e-01 4.709457e-02 3.656224e+00 9.979402e-01 4.461138e-02 -4.609946e-02 1.446617e+01
-4.823642e-02 4.876114e-02 -9.976450e-01 -1.320161e+02 -4.023668e-02 9.979021e-01 5.071916e-02 3.690075e+00 9.980252e-01 4.258843e-02 -4.617324e-02 1.439938e+01
-4.925394e-02 4.773534e-02 -9.976449e-01 -1.332452e+02 -4.020826e-02 9.979528e-01 4.973516e-02 3.725027e+00 9.979766e-01 4.256322e-02 -4.723375e-02 1.432594e+01
-4.906025e-02 4.554283e-02 -9.977570e-01 -1.344741e+02 -4.039286e-02 9.980522e-01 4.754245e-02 3.763487e+00 9.979787e-01 4.263470e-02 -4.712508e-02 1.425273e+01
-4.778142e-02 4.498879e-02 -9.978441e-01 -1.357028e+02 -3.902327e-02 9.981384e-01 4.687067e-02 3.792200e+00 9.980952e-01 4.117869e-02 -4.593686e-02 1.418271e+01
-4.738458e-02 4.409599e-02 -9.979029e-01 -1.369523e+02 -3.929937e-02 9.981693e-01 4.597386e-02 3.820366e+00 9.981033e-01 4.139541e-02 -4.556489e-02 1.411135e+01
-4.601975e-02 4.613482e-02 -9.978746e-01 -1.381969e+02 -3.919658e-02 9.980803e-01 4.795199e-02 3.846822e+00 9.981712e-01 4.132001e-02 -4.412308e-02 1.404107e+01
-4.576711e-02 4.950571e-02 -9.977247e-01 -1.394340e+02 -4.020910e-02 9.978706e-01 5.135740e-02 3.879228e+00 9.981426e-01 4.246809e-02 -4.367907e-02 1.397070e+01
-4.460978e-02 5.072618e-02 -9.977158e-01 -1.406654e+02 -4.154970e-02 9.977517e-01 5.258577e-02 3.911008e+00 9.981401e-01 4.380063e-02 -4.240182e-02 1.390257e+01
-4.325900e-02 4.775465e-02 -9.979219e-01 -1.418840e+02 -4.400676e-02 9.977964e-01 4.965630e-02 3.947695e+00 9.980942e-01 4.606339e-02 -4.106215e-02 1.383271e+01
-4.385721e-02 4.454677e-02 -9.980442e-01 -1.430926e+02 -4.292258e-02 9.979989e-01 4.643090e-02 3.980684e+00 9.981153e-01 4.487496e-02 -4.185738e-02 1.376485e+01
-4.407378e-02 4.316701e-02 -9.980952e-01 -1.443151e+02 -4.044391e-02 9.981699e-01 4.495616e-02 4.006964e+00 9.982093e-01 4.234826e-02 -4.224728e-02 1.370373e+01
-4.374201e-02 4.237697e-02 -9.981437e-01 -1.455517e+02 -3.908973e-02 9.982623e-01 4.409505e-02 4.033083e+00 9.982778e-01 4.094597e-02 -4.200950e-02 1.364200e+01
-4.480366e-02 4.242755e-02 -9.980945e-01 -1.467554e+02 -3.638689e-02 9.983655e-01 4.407245e-02 4.059383e+00 9.983329e-01 3.829216e-02 -4.318662e-02 1.358315e+01
-4.445703e-02 4.159938e-02 -9.981448e-01 -1.479786e+02 -3.423321e-02 9.984824e-01 4.313818e-02 4.078640e+00 9.984246e-01 3.608749e-02 -4.296548e-02 1.352306e+01
-4.528658e-02 4.116858e-02 -9.981254e-01 -1.491904e+02 -3.309084e-02 9.985403e-01 4.268708e-02 4.106712e+00 9.984258e-01 3.496196e-02 -4.385817e-02 1.345753e+01
-4.538809e-02 4.354662e-02 -9.980198e-01 -1.504121e+02 -3.092480e-02 9.985094e-01 4.497438e-02 4.132212e+00 9.984907e-01 3.290486e-02 -4.397376e-02 1.339256e+01
-4.503874e-02 4.506217e-02 -9.979684e-01 -1.516159e+02 -2.765827e-02 9.985429e-01 4.633634e-02 4.160248e+00 9.986023e-01 2.968901e-02 -4.372677e-02 1.333041e+01
-4.590462e-02 4.377347e-02 -9.979863e-01 -1.528190e+02 -2.570547e-02 9.986569e-01 4.498526e-02 4.185673e+00 9.986150e-01 2.771873e-02 -4.471775e-02 1.327039e+01
-4.627702e-02 4.359229e-02 -9.979770e-01 -1.540325e+02 -2.607325e-02 9.986543e-01 4.483091e-02 4.216386e+00 9.985883e-01 2.809514e-02 -4.507815e-02 1.320683e+01
-4.558190e-02 4.823793e-02 -9.977953e-01 -1.552623e+02 -2.672617e-02 9.984170e-01 4.948891e-02 4.243384e+00 9.986030e-01 2.892305e-02 -4.422053e-02 1.313974e+01
-4.569601e-02 5.375788e-02 -9.975079e-01 -1.564808e+02 -3.009412e-02 9.980237e-01 5.516429e-02 4.282264e+00 9.985020e-01 3.253991e-02 -4.398790e-02 1.306769e+01
-4.385292e-02 5.389249e-02 -9.975833e-01 -1.576982e+02 -3.503527e-02 9.978468e-01 5.544684e-02 4.321966e+00 9.984235e-01 3.738211e-02 -4.187036e-02 1.299998e+01
-4.327009e-02 4.975745e-02 -9.978236e-01 -1.589084e+02 -3.804409e-02 9.979525e-01 5.141365e-02 4.360381e+00 9.983388e-01 4.018596e-02 -4.128852e-02 1.293113e+01
-4.219032e-02 4.462897e-02 -9.981123e-01 -1.600982e+02 -4.108706e-02 9.980793e-01 4.636425e-02 4.392442e+00 9.982644e-01 4.296563e-02 -4.027561e-02 1.286017e+01
-4.116498e-02 4.208315e-02 -9.982657e-01 -1.612710e+02 -4.306887e-02 9.981092e-01 4.385256e-02 4.425359e+00 9.982237e-01 4.479937e-02 -3.927468e-02 1.279437e+01
-4.093790e-02 3.922240e-02 -9.983916e-01 -1.624767e+02 -3.837529e-02 9.984302e-01 4.079746e-02 4.445219e+00 9.984245e-01 3.998373e-02 -3.936847e-02 1.273945e+01
-4.099578e-02 3.495958e-02 -9.985475e-01 -1.636762e+02 -3.453352e-02 9.987410e-01 3.638414e-02 4.466701e+00 9.985624e-01 3.597495e-02 -3.973689e-02 1.268961e+01
-4.077168e-02 3.243256e-02 -9.986420e-01 -1.648927e+02 -2.910269e-02 9.990104e-01 3.363271e-02 4.480057e+00 9.987446e-01 3.043443e-02 -3.978746e-02 1.264380e+01
-4.221449e-02 3.461153e-02 -9.985089e-01 -1.660879e+02 -2.595121e-02 9.990246e-01 3.572656e-02 4.496275e+00 9.987715e-01 2.742069e-02 -4.127510e-02 1.258825e+01
-4.101927e-02 4.086303e-02 -9.983224e-01 -1.673115e+02 -2.564562e-02 9.987911e-01 4.193595e-02 4.517454e+00 9.988292e-01 2.732278e-02 -3.992172e-02 1.253502e+01
-4.006067e-02 4.372107e-02 -9.982403e-01 -1.685062e+02 -2.638066e-02 9.986477e-01 4.479761e-02 4.541924e+00 9.988489e-01 2.812886e-02 -3.885311e-02 1.247960e+01
-3.879453e-02 4.132561e-02 -9.983923e-01 -1.696898e+02 -2.868488e-02 9.986866e-01 4.245240e-02 4.565780e+00 9.988354e-01 3.028568e-02 -3.755816e-02 1.242142e+01
-3.794817e-02 4.036075e-02 -9.984643e-01 -1.708978e+02 -3.030864e-02 9.986778e-01 4.152130e-02 4.594741e+00 9.988200e-01 3.183775e-02 -3.667471e-02 1.236546e+01
-3.842753e-02 4.136531e-02 -9.984048e-01 -1.720796e+02 -2.869945e-02 9.986850e-01 4.248152e-02 4.616947e+00 9.988492e-01 3.028613e-02 -3.718984e-02 1.231510e+01
-3.836297e-02 3.994269e-02 -9.984653e-01 -1.732573e+02 -2.811044e-02 9.987622e-01 4.103463e-02 4.635596e+00 9.988684e-01 2.964151e-02 -3.719268e-02 1.226684e+01
-3.678764e-02 3.843017e-02 -9.985839e-01 -1.744309e+02 -2.890917e-02 9.988011e-01 3.950354e-02 4.654027e+00 9.989049e-01 3.032147e-02 -3.563255e-02 1.221321e+01
-3.627745e-02 3.954234e-02 -9.985591e-01 -1.755676e+02 -2.964634e-02 9.987345e-01 4.062633e-02 4.671789e+00 9.989019e-01 3.107744e-02 -3.505926e-02 1.216080e+01
-3.469064e-02 4.148869e-02 -9.985366e-01 -1.766825e+02 -2.957153e-02 9.986578e-01 4.252108e-02 4.683188e+00 9.989605e-01 3.100334e-02 -3.341719e-02 1.211362e+01
-3.523040e-02 4.279411e-02 -9.984626e-01 -1.777670e+02 -2.988806e-02 9.985908e-01 4.385419e-02 4.695280e+00 9.989322e-01 3.138711e-02 -3.390172e-02 1.206445e+01
-3.543267e-02 4.368504e-02 -9.984168e-01 -1.788252e+02 -3.025129e-02 9.985395e-01 4.476399e-02 4.711963e+00 9.989141e-01 3.178950e-02 -3.405939e-02 1.201761e+01
-3.531380e-02 4.471988e-02 -9.983752e-01 -1.798572e+02 -2.888866e-02 9.985352e-01 4.574888e-02 4.723603e+00 9.989586e-01 3.045729e-02 -3.397018e-02 1.197891e+01
-3.604353e-02 4.389648e-02 -9.983857e-01 -1.808610e+02 -2.878890e-02 9.985746e-01 4.494412e-02 4.737723e+00 9.989355e-01 3.036237e-02 -3.472842e-02 1.193120e+01
-3.471329e-02 4.364571e-02 -9.984438e-01 -1.818404e+02 -2.926356e-02 9.985732e-01 4.466878e-02 4.752198e+00 9.989688e-01 3.076862e-02 -3.338653e-02 1.188972e+01
-3.469093e-02 4.394845e-02 -9.984313e-01 -1.827825e+02 -2.931675e-02 9.985580e-01 4.497265e-02 4.768558e+00 9.989680e-01 3.083091e-02 -3.335247e-02 1.184461e+01
-3.606338e-02 4.272853e-02 -9.984356e-01 -1.837218e+02 -2.791679e-02 9.986526e-01 4.374617e-02 4.778709e+00 9.989595e-01 2.945075e-02 -3.482194e-02 1.180184e+01
-3.919890e-02 4.031325e-02 -9.984179e-01 -1.846449e+02 -2.546113e-02 9.988211e-01 4.132916e-02 4.785725e+00 9.989070e-01 2.704091e-02 -3.812627e-02 1.175586e+01
-4.479491e-02 3.673531e-02 -9.983206e-01 -1.855633e+02 -2.497199e-02 9.989702e-01 3.787972e-02 4.796781e+00 9.986840e-01 2.662687e-02 -4.383143e-02 1.170126e+01
-5.001896e-02 3.343637e-02 -9.981884e-01 -1.864757e+02 -2.674077e-02 9.990363e-01 3.480474e-02 4.812380e+00 9.983902e-01 2.843323e-02 -4.907664e-02 1.164171e+01
-5.372788e-02 3.223582e-02 -9.980352e-01 -1.873841e+02 -2.832695e-02 9.990273e-01 3.379281e-02 4.825647e+00 9.981537e-01 3.008690e-02 -5.276248e-02 1.158053e+01
-5.782336e-02 3.254428e-02 -9.977962e-01 -1.883052e+02 -3.007825e-02 9.989580e-01 3.432524e-02 4.837809e+00 9.978736e-01 3.199677e-02 -5.678423e-02 1.151629e+01
-6.001654e-02 3.406757e-02 -9.976159e-01 -1.892074e+02 -2.888525e-02 9.989396e-01 3.585051e-02 4.847476e+00 9.977794e-01 3.096801e-02 -5.896885e-02 1.146363e+01
-6.325101e-02 3.589337e-02 -9.973520e-01 -1.900960e+02 -2.600486e-02 9.989544e-01 3.760024e-02 4.854412e+00 9.976588e-01 2.831425e-02 -6.225148e-02 1.140539e+01
-6.507747e-02 3.642514e-02 -9.972152e-01 -1.909959e+02 -2.417807e-02 9.989826e-01 3.806754e-02 4.865515e+00 9.975873e-01 2.658808e-02 -6.413057e-02 1.134277e+01
-6.575470e-02 3.552187e-02 -9.972033e-01 -1.918923e+02 -2.439525e-02 9.990102e-01 3.719484e-02 4.873609e+00 9.975376e-01 2.677276e-02 -6.482305e-02 1.128468e+01
-6.704037e-02 3.403970e-02 -9.971694e-01 -1.927862e+02 -2.636387e-02 9.990085e-01 3.587494e-02 4.886180e+00 9.974019e-01 2.869432e-02 -6.607648e-02 1.121204e+01
-6.652252e-02 3.270603e-02 -9.972488e-01 -1.936759e+02 -2.962103e-02 9.989574e-01 3.473797e-02 4.902017e+00 9.973452e-01 3.185040e-02 -6.548438e-02 1.115043e+01
-6.648586e-02 3.086824e-02 -9.973098e-01 -1.945735e+02 -3.202227e-02 9.989405e-01 3.305348e-02 4.910852e+00 9.972734e-01 3.413372e-02 -6.542694e-02 1.108395e+01
-6.578503e-02 2.819020e-02 -9.974355e-01 -1.954640e+02 -3.247792e-02 9.990107e-01 3.037677e-02 4.921289e+00 9.973051e-01 3.439297e-02 -6.480439e-02 1.101675e+01
