1.000000e+00 0.000000e+00 0.000000e+00 0.000000e+00 0.000000e+00 1.000000e+00 0.000000e+00 0.000000e+00 0.000000e+00 0.000000e+00 1.000000e+00 0.000000e+00
9.999903e-01 -2.972960e-03 -3.263633e-03 2.416050e-03 2.967686e-03 9.999943e-01 -1.619641e-03 -1.184097e-02 3.268429e-03 1.609939e-03 9.999934e-01 6.800926e-01
9.999673e-01 -2.278607e-03 -7.757238e-03 -1.050516e-03 2.253374e-03 9.999921e-01 -3.259972e-03 -2.025381e-02 7.764605e-03 3.242386e-03 9.999646e-01 1.376957e+00
9.999267e-01 -1.998531e-03 -1.194463e-02 -9.850849e-03 1.942310e-03 9.999870e-01 -4.716546e-03 -2.703494e-02 1.195390e-02 4.693000e-03 9.999175e-01 2.098645e+00
9.998559e-01 -7.265403e-04 -1.696220e-02 -2.082713e-02 6.321528e-04 9.999843e-01 -5.569274e-03 -3.608357e-02 1.696598e-02 5.557749e-03 9.998406e-01 2.822920e+00
9.997510e-01 -1.756392e-03 -2.224313e-02 -3.153330e-02 1.627011e-03 9.999817e-01 -5.833438e-03 -5.078476e-02 2.225297e-02 5.795795e-03 9.997356e-01 3.556402e+00
9.996272e-01 -3.144986e-04 -2.730028e-02 -5.495104e-02 1.292902e-04 9.999770e-01 -6.785619e-03 -6.587182e-02 2.730179e-02 6.779559e-03 9.996042e-01 4.318817e+00
9.994707e-01 2.294872e-03 -3.245072e-02 -8.483084e-02 -2.535764e-03 9.999695e-01 -7.384135e-03 -8.027958e-02 3.243278e-02 7.462514e-03 9.994461e-01 5.094764e+00
9.993058e-01 3.124603e-03 -3.712239e-02 -1.194914e-01 -3.367863e-03 9.999733e-01 -6.492212e-03 -8.982281e-02 3.710112e-02 6.612729e-03 9.992896e-01 5.871720e+00
9.991359e-01 2.657809e-03 -4.147833e-02 -1.576575e-01 -2.820174e-03 9.999886e-01 -3.856416e-03 -1.018306e-01 4.146761e-02 3.970060e-03 9.991320e-01 6.663976e+00
9.989754e-01 1.632018e-03 -4.522788e-02 -1.899346e-01 -1.693449e-03 9.999977e-01 -1.319984e-03 -1.187424e-01 4.522562e-02 1.395223e-03 9.989758e-01 7.471668e+00
9.988558e-01 3.062568e-03 -4.772636e-02 -2.376524e-01 -3.130251e-03 9.999942e-01 -1.343462e-03 -1.325880e-01 4.772197e-02 1.491320e-03 9.988595e-01 8.291442e+00
9.987690e-01 2.387661e-03 -4.954541e-02 -2.848151e-01 -2.493140e-03 9.999948e-01 -2.067239e-03 -1.429824e-01 4.954021e-02 2.188218e-03 9.987697e-01 9.118344e+00
9.986736e-01 -1.363501e-04 -5.148782e-02 -3.218409e-01 8.237895e-06 9.999969e-01 -2.488409e-03 -1.589599e-01 5.148800e-02 2.484685e-03 9.986705e-01 9.959104e+00
9.985636e-01 -5.515767e-04 -5.357728e-02 -3.683254e-01 4.502762e-04 9.999981e-01 -1.902789e-03 -1.699850e-01 5.357823e-02 1.875931e-03 9.985619e-01 1.079211e+01
9.984800e-01 -2.642094e-03 -5.505233e-02 -4.188217e-01 2.538807e-03 9.999949e-01 -1.946022e-03 -1.877454e-01 5.505719e-02 1.803297e-03 9.984816e-01 1.164746e+01
9.983841e-01 -1.086747e-03 -5.681508e-02 -4.718123e-01 8.549088e-04 9.999912e-01 -4.104723e-03 -2.017411e-01 5.681904e-02 4.049519e-03 9.983763e-01 1.250858e+01
9.983191e-01 -5.756646e-04 -5.795350e-02 -5.265653e-01 1.901933e-04 9.999778e-01 -6.656685e-03 -2.191756e-01 5.795605e-02 6.634474e-03 9.982971e-01 1.337686e+01
9.982694e-01 2.888112e-03 -5.873636e-02 -5.848988e-01 -3.374426e-03 9.999608e-01 -8.182102e-03 -2.353575e-01 5.871042e-02 8.366144e-03 9.982400e-01 1.425906e+01
9.981917e-01 4.029472e-03 -5.997627e-02 -6.469628e-01 -4.514640e-03 9.999582e-01 -7.956026e-03 -2.549341e-01 5.994170e-02 8.212410e-03 9.981681e-01 1.515560e+01
9.981235e-01 3.031681e-03 -6.115778e-02 -7.009534e-01 -3.420667e-03 9.999746e-01 -6.256664e-03 -2.762281e-01 6.113726e-02 6.454124e-03 9.981085e-01 1.604414e+01
9.980707e-01 3.127603e-03 -6.200869e-02 -7.597513e-01 -3.420438e-03 9.999835e-01 -4.616904e-03 -2.953684e-01 6.199323e-02 4.820094e-03 9.980649e-01 1.692446e+01
9.979858e-01 3.146822e-03 -6.336001e-02 -8.213285e-01 -3.396810e-03 9.999869e-01 -3.838181e-03 -3.186065e-01 6.334710e-02 4.045672e-03 9.979834e-01 1.782906e+01
9.979331e-01 2.711949e-03 -6.420447e-02 -8.833041e-01 -3.050755e-03 9.999819e-01 -5.179538e-03 -3.336738e-01 6.418926e-02 5.364705e-03 9.979233e-01 1.872525e+01
9.978439e-01 1.321000e-03 -6.561829e-02 -9.449142e-01 -1.690658e-03 9.999830e-01 -5.578242e-03 -3.557364e-01 6.560980e-02 5.677153e-03 9.978292e-01 1.964441e+01
9.978148e-01 1.148342e-03 -6.606232e-02 -1.009387e+00 -1.405324e-03 9.999916e-01 -3.843669e-03 -3.743056e-01 6.605735e-02 3.928109e-03 9.978081e-01 2.056441e+01
9.978692e-01 1.947646e-03 -6.521662e-02 -1.077528e+00 -2.007239e-03 9.999976e-01 -8.482624e-04 -3.863619e-01 6.521481e-02 9.773603e-04 9.978708e-01 2.148005e+01
9.978998e-01 2.267277e-03 -6.473720e-02 -1.143902e+00 -2.093140e-03 9.999940e-01 2.757598e-03 -4.026693e-01 6.474306e-02 -2.616302e-03 9.978985e-01 2.241595e+01
9.980125e-01 1.161807e-03 -6.300629e-02 -1.203275e+00 -8.076602e-04 9.999837e-01 5.645999e-03 -4.138167e-01 6.301183e-02 -5.583890e-03 9.979972e-01 2.335304e+01
9.981794e-01 5.202586e-04 -6.031227e-02 -1.267516e+00 -1.272878e-04 9.999787e-01 6.519261e-03 -4.246135e-01 6.031438e-02 -6.499715e-03 9.981583e-01 2.430001e+01
9.982441e-01 7.750436e-04 -5.922958e-02 -1.331558e+00 -5.554459e-04 9.999929e-01 3.723942e-03 -4.380631e-01 5.923205e-02 -3.684504e-03 9.982374e-01 2.525323e+01
9.983753e-01 1.556272e-03 -5.695843e-02 -1.392322e+00 -1.609362e-03 9.999983e-01 -8.862244e-04 -4.484327e-01 5.695695e-02 9.764513e-04 9.983762e-01 2.618571e+01
9.984627e-01 6.353484e-04 -5.542477e-02 -1.450779e+00 -8.507365e-04 9.999922e-01 -3.862627e-03 -4.633273e-01 5.542188e-02 3.903841e-03 9.984554e-01 2.713085e+01
9.985347e-01 -2.085574e-03 -5.407542e-02 -1.505854e+00 1.939643e-03 9.999943e-01 -2.750988e-03 -4.804347e-01 5.408085e-02 2.642070e-03 9.985331e-01 2.809300e+01
9.985756e-01 -5.289997e-03 -5.309259e-02 -1.562322e+00 5.388521e-03 9.999840e-01 1.712726e-03 -4.973933e-01 5.308268e-02 -1.996377e-03 9.985881e-01 2.906194e+01
9.985112e-01 -9.895857e-03 -5.364174e-02 -1.614486e+00 1.017928e-02 9.999356e-01 5.012924e-03 -5.106387e-01 5.358868e-02 -5.551495e-03 9.985477e-01 3.004112e+01
9.983621e-01 -1.828698e-02 -5.421061e-02 -1.660605e+00 1.857562e-02 9.998158e-01 4.825288e-03 -5.290391e-01 5.411238e-02 -5.824380e-03 9.985179e-01 3.102192e+01
9.982938e-01 -2.053756e-02 -5.466016e-02 -1.715382e+00 2.064564e-02 9.997859e-01 1.413373e-03 -5.429999e-01 5.461943e-02 -2.539456e-03 9.985040e-01 3.199934e+01
9.982062e-01 -2.079452e-02 -5.614236e-02 -1.773749e+00 2.068735e-02 9.997829e-01 -2.489506e-03 -5.555172e-01 5.618194e-02 1.323604e-03 9.984197e-01 3.297724e+01
9.981217e-01 -2.106899e-02 -5.752465e-02 -1.839932e+00 2.088571e-02 9.997747e-01 -3.785445e-03 -5.690361e-01 5.759145e-02 2.576891e-03 9.983369e-01 3.397281e+01
9.980824e-01 -2.290108e-02 -5.750696e-02 -1.901824e+00 2.281345e-02 9.997374e-01 -2.179836e-03 -5.911137e-01 5.754178e-02 8.637240e-04 9.983427e-01 3.498371e+01
9.980845e-01 -2.046618e-02 -5.838171e-02 -1.969112e+00 2.047854e-02 9.997902e-01 -3.866098e-04 -6.030866e-01 5.837738e-02 -8.097031e-04 9.982943e-01 3.598642e+01
9.980759e-01 -2.006741e-02 -5.866692e-02 -2.032171e+00 2.016806e-02 9.997960e-01 1.123874e-03 -6.216188e-01 5.863239e-02 -2.304910e-03 9.982770e-01 3.698969e+01
9.980302e-01 -1.988943e-02 -5.949875e-02 -2.097880e+00 2.011452e-02 9.997926e-01 3.186461e-03 -6.333631e-01 5.942303e-02 -4.376973e-03 9.982233e-01 3.798766e+01
9.980594e-01 -1.980710e-02 -5.903470e-02 -2.164197e+00 2.024813e-02 9.997713e-01 6.881893e-03 -6.553921e-01 5.888489e-02 -8.063881e-03 9.982322e-01 3.899048e+01
9.981616e-01 -1.510395e-02 -5.869581e-02 -2.231708e+00 1.562247e-02 9.998428e-01 8.385065e-03 -6.558859e-01 5.855994e-02 -9.286624e-03 9.982407e-01 3.998826e+01
9.981594e-01 -1.508499e-02 -5.873867e-02 -2.299182e+00 1.559843e-02 9.998440e-01 8.292438e-03 -6.684239e-01 5.860442e-02 -9.193406e-03 9.982390e-01 4.098642e+01
9.981713e-01 -1.594805e-02 -5.830767e-02 -2.360492e+00 1.638331e-02 9.998413e-01 6.994311e-03 -6.831181e-01 5.818687e-02 -7.936793e-03 9.982742e-01 4.197312e+01
9.982435e-01 -1.376320e-02 -5.762310e-02 -2.431482e+00 1.405478e-02 9.998904e-01 4.657765e-03 -6.941637e-01 5.755267e-02 -5.459463e-03 9.983275e-01 4.298196e+01
9.981983e-01 -1.426434e-02 -5.828101e-02 -2.489256e+00 1.457906e-02 9.998813e-01 4.978438e-03 -7.084250e-01 5.820308e-02 -5.819151e-03 9.982878e-01 4.396130e+01
9.980935e-01 -1.665785e-02 -5.943043e-02 -2.550093e+00 1.707132e-02 9.998334e-01 6.456367e-03 -7.234020e-01 5.931298e-02 -7.458613e-03 9.982116e-01 4.495611e+01
9.980920e-01 -1.648761e-02 -5.950223e-02 -2.613690e+00 1.697051e-02 9.998270e-01 7.619405e-03 -7.368377e-01 5.936631e-02 -8.614651e-03 9.981991e-01 4.594218e+01
9.981004e-01 -1.448026e-02 -5.988316e-02 -2.684548e+00 1.480868e-02 9.998776e-01 5.044225e-03 -7.583703e-01 5.980279e-02 -5.921434e-03 9.981926e-01 4.692969e+01
9.981133e-01 -1.329757e-02 -5.994231e-02 -2.749231e+00 1.334430e-02 9.999109e-01 3.793650e-04 -7.669453e-01 5.993192e-02 -1.178537e-03 9.982018e-01 4.790276e+01
9.980936e-01 -1.278555e-02 -6.037881e-02 -2.818460e+00 1.276088e-02 9.999183e-01 -7.941593e-04 -7.849948e-01 6.038403e-02 2.215846e-05 9.981752e-01 4.887539e+01
9.980695e-01 -1.452856e-02 -6.038438e-02 -2.878850e+00 1.469080e-02 9.998896e-01 2.243741e-03 -7.968237e-01 6.034511e-02 -3.126505e-03 9.981727e-01 4.985153e+01
9.980613e-01 -1.745242e-02 -5.974150e-02 -2.938918e+00 1.782605e-02 9.998247e-01 5.726825e-03 -8.201987e-01 5.963108e-02 -6.780678e-03 9.981975e-01 5.082968e+01
9.980121e-01 -1.898540e-02 -6.009438e-02 -2.998503e+00 1.936557e-02 9.997959e-01 5.750122e-03 -8.290739e-01 5.997294e-02 -6.902453e-03 9.981761e-01 5.178902e+01
9.979668e-01 -2.223614e-02 -5.973170e-02 -3.052246e+00 2.255788e-02 9.997344e-01 4.717432e-03 -8.459375e-01 5.961094e-02 -6.055261e-03 9.982033e-01 5.274755e+01
9.979291e-01 -2.480081e-02 -5.935009e-02 -3.106320e+00 2.505134e-02 9.996801e-01 3.480781e-03 -8.676159e-01 5.924478e-02 -4.960372e-03 9.982312e-01 5.370786e+01
9.978399e-01 -2.549467e-02 -6.054379e-02 -3.163501e+00 2.579985e-02 9.996580e-01 4.264202e-03 -8.799227e-01 6.041437e-02 -5.817012e-03 9.981564e-01 5.465363e+01
9.977420e-01 -2.842680e-02 -6.085110e-02 -3.213935e+00 2.897008e-02 9.995477e-01 8.064355e-03 -8.932486e-01 6.059434e-02 -9.809007e-03 9.981143e-01 5.560645e+01
9.976197e-01 -3.020886e-02 -6.198675e-02 -3.269489e+00 3.109709e-02 9.994263e-01 1.341476e-02 -9.106740e-01 6.154595e-02 -1.531044e-02 9.979868e-01 5.656524e+01
9.976453e-01 -2.861905e-02 -6.232850e-02 -3.331643e+00 2.962828e-02 9.994434e-01 1.532843e-02 -9.124548e-01 6.185513e-02 -1.713902e-02 9.979380e-01 5.750873e+01
9.976593e-01 -2.783201e-02 -6.246055e-02 -3.396354e+00 2.863308e-02 9.995184e-01 1.196684e-02 -9.235403e-01 6.209741e-02 -1.372726e-02 9.979757e-01 5.844424e+01
9.976078e-01 -2.623943e-02 -6.395473e-02 -3.457395e+00 2.660004e-02 9.996347e-01 4.793532e-03 -9.324290e-01 6.380558e-02 -6.483263e-03 9.979413e-01 5.935691e+01
9.975903e-01 -2.561842e-02 -6.447733e-02 -3.523291e+00 2.568818e-02 9.996700e-01 2.529989e-04 -9.489444e-01 6.444957e-02 -1.908695e-03 9.979191e-01 6.026964e+01
9.976772e-01 -2.126035e-02 -6.471652e-02 -3.591939e+00 2.132957e-02 9.997724e-01 3.788249e-04 -9.576724e-01 6.469374e-02 -1.758320e-03 9.979036e-01 6.117575e+01
9.976592e-01 -1.902069e-02 -6.568324e-02 -3.657041e+00 1.923593e-02 9.998115e-01 2.645992e-03 -9.791810e-01 6.562053e-02 -3.903277e-03 9.978370e-01 6.207849e+01
9.976341e-01 -1.705030e-02 -6.660010e-02 -3.723476e+00 1.738016e-02 9.998394e-01 4.376513e-03 -9.991986e-01 6.651478e-02 -5.523678e-03 9.977702e-01 6.295849e+01
9.976112e-01 -1.595117e-02 -6.721139e-02 -3.787600e+00 1.626543e-02 9.998592e-01 4.131128e-03 -1.016073e+00 6.713603e-02 -5.214482e-03 9.977302e-01 6.382976e+01
9.974967e-01 -1.398010e-02 -6.931738e-02 -3.850829e+00 1.434485e-02 9.998857e-01 4.767033e-03 -1.032981e+00 6.924281e-02 -5.749446e-03 9.975833e-01 6.467974e+01
9.974161e-01 -1.290074e-02 -7.067249e-02 -3.919906e+00 1.329930e-02 9.998982e-01 5.171870e-03 -1.049905e+00 7.059858e-02 -6.098401e-03 9.974862e-01 6.552363e+01
9.972501e-01 -1.298230e-02 -7.296330e-02 -3.986390e+00 1.343035e-02 9.998938e-01 5.653506e-03 -1.068058e+00 7.288216e-02 -6.617883e-03 9.973186e-01 6.635586e+01
9.971483e-01 -1.275621e-02 -7.438116e-02 -4.050511e+00 1.329974e-02 9.998883e-01 6.816658e-03 -1.082128e+00 7.428590e-02 -7.786469e-03 9.972066e-01 6.716710e+01
9.971200e-01 -1.045654e-02 -7.511586e-02 -4.120012e+00 1.119059e-02 9.998936e-01 9.357891e-03 -1.093783e+00 7.501001e-02 -1.017153e-02 9.971309e-01 6.796226e+01
9.970319e-01 -9.127751e-03 -7.644619e-02 -4.188929e+00 1.015106e-02 9.998639e-01 1.300809e-02 -1.101083e+00 7.631705e-02 -1.374549e-02 9.969889e-01 6.875055e+01
9.969419e-01 -7.185951e-03 -7.781536e-02 -4.258469e+00 8.390660e-03 9.998498e-01 1.516576e-02 -1.112050e+00 7.769469e-02 -1.577230e-02 9.968524e-01 6.951672e+01
9.968975e-01 -4.061233e-03 -7.860580e-02 -4.329861e+00 4.985287e-03 9.999207e-01 1.156288e-02 -1.125810e+00 7.855261e-02 -1.191888e-02 9.968387e-01 7.027107e+01
9.968266e-01 -3.265047e-03 -7.953619e-02 -4.392763e+00 3.593735e-03 9.999856e-01 3.989773e-03 -1.136897e+00 7.952202e-02 -4.262944e-03 9.968240e-01 7.099351e+01
9.967622e-01 -3.935022e-03 -8.031020e-02 -4.454462e+00 3.829667e-03 9.999916e-01 -1.465844e-03 -1.154808e+00 8.031529e-02 1.153536e-03 9.967688e-01 7.170878e+01
9.966966e-01 -2.832123e-03 -8.116526e-02 -4.517137e+00 2.600291e-03 9.999922e-01 -2.961857e-03 -1.163905e+00 8.117302e-02 2.741019e-03 9.966963e-01 7.240873e+01
9.966481e-01 -4.116177e-04 -8.180697e-02 -4.582061e+00 4.458500e-04 9.999998e-01 4.001856e-04 -1.182618e+00 8.180679e-02 -4.353179e-04 9.966481e-01 7.309746e+01
9.965723e-01 -5.258818e-04 -8.272411e-02 -4.641124e+00 7.529222e-04 9.999960e-01 2.713378e-03 -1.205661e+00 8.272235e-02 -2.766362e-03 9.965688e-01 7.376185e+01
9.964652e-01 -2.715900e-03 -8.396324e-02 -4.687763e+00 2.712617e-03 9.999963e-01 -1.531817e-04 -1.224668e+00 8.396335e-02 -7.511989e-05 9.964688e-01 7.440063e+01
9.964783e-01 -8.968287e-03 -8.337021e-02 -4.734717e+00 8.621135e-03 9.999526e-01 -4.523064e-03 -1.249820e+00 8.340683e-02 3.788389e-03 9.965084e-01 7.501046e+01
9.965533e-01 -1.288624e-02 -8.194757e-02 -4.777970e+00 1.218340e-02 9.998846e-01 -9.071034e-03 -1.268912e+00 8.205501e-02 8.041370e-03 9.965954e-01 7.560737e+01
9.968041e-01 -1.097327e-02 -7.912713e-02 -4.829390e+00 1.027851e-02 9.999050e-01 -9.182185e-03 -1.287831e+00 7.922037e-02 8.339531e-03 9.968222e-01 7.619431e+01
9.971731e-01 -7.133377e-03 -7.479935e-02 -4.882757e+00 6.642971e-03 9.999548e-01 -6.803037e-03 -1.296666e+00 7.484449e-02 6.286915e-03 9.971754e-01 7.675778e+01
9.975145e-01 -8.360313e-03 -6.996442e-02 -4.922997e+00 8.144752e-03 9.999612e-01 -3.365718e-03 -1.313613e+00 6.998984e-02 2.787509e-03 9.975438e-01 7.730896e+01
9.978265e-01 -1.202535e-02 -6.478882e-02 -4.954188e+00 1.212002e-02 9.999260e-01 1.068353e-03 -1.329776e+00 6.477118e-02 -1.851273e-03 9.978984e-01 7.784871e+01
9.982631e-01 -1.629676e-02 -5.661391e-02 -4.978444e+00 1.658853e-02 9.998514e-01 4.687576e-03 -1.349447e+00 5.652911e-02 -5.618576e-03 9.983851e-01 7.838314e+01
9.988410e-01 -1.323770e-02 -4.627468e-02 -5.002094e+00 1.348213e-02 9.998967e-01 4.974140e-03 -1.361318e+00 4.620406e-02 -5.592257e-03 9.989164e-01 7.888052e+01
9.994630e-01 -8.070326e-03 -3.175790e-02 -5.026037e+00 8.217358e-03 9.999561e-01 4.502001e-03 -1.367882e+00 3.172018e-02 -4.760550e-03 9.994855e-01 7.936985e+01
9.999063e-01 -3.310125e-03 -1.328038e-02 -5.031353e+00 3.378761e-03 9.999810e-01 5.149184e-03 -1.372371e+00 1.326309e-02 -5.193573e-03 9.998986e-01 7.984626e+01
9.999551e-01 -4.694454e-03 8.227725e-03 -5.019271e+00 4.641106e-03 9.999682e-01 6.490998e-03 -1.382092e+00 -8.257935e-03 -6.452521e-03 9.999451e-01 8.030527e+01
9.993731e-01 -8.295869e-03 3.441690e-02 -4.981159e+00 8.014129e-03 9.999333e-01 8.315995e-03 -1.393588e+00 -3.448360e-02 -8.034960e-03 9.993730e-01 8.075824e+01
9.979532e-01 -9.295379e-03 6.326920e-02 -4.935706e+00 8.655532e-03 9.999087e-01 1.037969e-02 -1.402521e+00 -6.335991e-02 -9.810820e-03 9.979425e-01 8.120081e+01
9.952913e-01 -9.797857e-03 9.643291e-02 -4.869926e+00 8.627812e-03 9.998841e-01 1.254277e-02 -1.408799e+00 -9.654463e-02 -1.165171e-02 9.952605e-01 8.164175e+01
9.909490e-01 -1.001003e-02 1.338650e-01 -4.789103e+00 8.238152e-03 9.998711e-01 1.378364e-02 -1.414238e+00 -1.339857e-01 -1.255608e-02 9.909037e-01 8.206782e+01
9.845699e-01 -9.911987e-03 1.747108e-01 -4.688353e+00 7.453238e-03 9.998638e-01 1.472378e-02 -1.416869e+00 -1.748330e-01 -1.319443e-02 9.845097e-01 8.247378e+01
9.756000e-01 -1.016851e-02 2.193198e-01 -4.567913e+00 6.922057e-03 9.998549e-01 1.556574e-02 -1.421434e+00 -2.194463e-01 -1.366779e-02 9.755288e-01 8.286777e+01
9.632750e-01 -8.423621e-03 2.683847e-01 -4.423888e+00 4.698339e-03 9.998835e-01 1.451963e-02 -1.427125e+00 -2.684758e-01 -1.272544e-02 9.632024e-01 8.325825e+01
9.472084e-01 -7.683844e-03 3.205265e-01 -4.265879e+00 3.705855e-03 9.999084e-01 1.301897e-02 -1.434523e+00 -3.205972e-01 -1.114385e-02 9.471501e-01 8.361081e+01
9.265900e-01 -7.614655e-03 3.759959e-01 -4.073014e+00 3.417271e-03 9.999242e-01 1.182903e-02 -1.438247e+00 -3.760575e-01 -9.675785e-03 9.265458e-01 8.397209e+01
9.019167e-01 -7.331162e-03 4.318478e-01 -3.871833e+00 2.734191e-03 9.999328e-01 1.126475e-02 -1.440500e+00 -4.319013e-01 -8.979110e-03 9.018762e-01 8.428761e+01
8.724061e-01 -7.080060e-03 4.887304e-01 -3.645629e+00 2.542970e-03 9.999473e-01 9.946555e-03 -1.437020e+00 -4.887751e-01 -7.434609e-03 8.723782e-01 8.459864e+01
8.381411e-01 -8.972935e-03 5.453796e-01 -3.382356e+00 4.614059e-03 9.999455e-01 9.360844e-03 -1.445129e+00 -5.454339e-01 -5.329295e-03 8.381369e-01 8.489751e+01
8.011311e-01 -9.761410e-03 5.984093e-01 -3.123170e+00 5.205889e-03 9.999428e-01 9.341855e-03 -1.449199e+00 -5.984663e-01 -4.368798e-03 8.011361e-01 8.514570e+01
7.604386e-01 -1.169238e-02 6.493046e-01 -2.832314e+00 5.666038e-03 9.999193e-01 1.137026e-02 -1.456302e+00 -6.493851e-01 -4.967401e-03 7.604435e-01 8.540591e+01
7.173537e-01 -1.237817e-02 6.965992e-01 -2.547472e+00 3.781666e-03 9.998966e-01 1.387325e-02 -1.455837e+00 -6.966989e-01 -7.317723e-03 7.173263e-01 8.564402e+01
6.718356e-01 -1.355085e-02 7.405764e-01 -2.241753e+00 3.491303e-03 9.998795e-01 1.512827e-02 -1.454723e+00 -7.406921e-01 -7.578134e-03 6.718019e-01 8.586009e+01
6.245477e-01 -1.497905e-02 7.808430e-01 -1.912879e+00 5.893217e-03 9.998780e-01 1.446722e-02 -1.457787e+00 -7.809644e-01 -4.433795e-03 6.245598e-01 8.605945e+01
5.776018e-01 -1.812742e-02 8.161174e-01 -1.590740e+00 1.031259e-02 9.998357e-01 1.490946e-02 -1.465040e+00 -8.162535e-01 -1.954453e-04 5.776938e-01 8.622182e+01
5.298758e-01 -1.639401e-02 8.479168e-01 -1.253140e+00 8.142599e-03 9.998654e-01 1.424342e-02 -1.467236e+00 -8.480362e-01 -6.429955e-04 5.299380e-01 8.638859e+01
4.828539e-01 -1.351109e-02 8.755967e-01 -9.277120e-01 3.739254e-03 9.999037e-01 1.336720e-02 -1.467644e+00 -8.756930e-01 -3.180325e-03 4.828579e-01 8.653340e+01
4.368471e-01 -1.145359e-02 8.994629e-01 -5.785594e-01 1.966129e-03 9.999287e-01 1.177801e-02 -1.470465e+00 -8.995336e-01 -3.376728e-03 4.368385e-01 8.666074e+01
3.938213e-01 -1.325622e-02 9.190914e-01 -2.198432e-01 8.026476e-03 9.999075e-01 1.098258e-02 -1.468215e+00 -9.191520e-01 3.051890e-03 3.938913e-01 8.676009e+01
3.544174e-01 -2.133612e-02 9.348439e-01 1.362244e-01 2.135977e-02 9.996635e-01 1.471761e-02 -1.476304e+00 -9.348433e-01 1.475187e-02 3.547539e-01 8.682567e+01
3.186642e-01 -2.480278e-02 9.475431e-01 4.999969e-01 2.624242e-02 9.995053e-01 1.733746e-02 -1.473698e+00 -9.475043e-01 1.934100e-02 3.191574e-01 8.689856e+01
2.847869e-01 -2.122119e-02 9.583559e-01 8.605116e-01 2.252406e-02 9.996270e-01 1.544178e-02 -1.476971e+00 -9.583262e-01 1.718845e-02 2.851587e-01 8.699000e+01
2.539524e-01 -1.304281e-02 9.671288e-01 1.219408e+00 1.180800e-02 9.998764e-01 1.038386e-02 -1.478453e+00 -9.671446e-01 8.782853e-03 2.540750e-01 8.708337e+01
2.254176e-01 -8.551522e-03 9.742247e-01 1.596812e+00 6.421393e-03 9.999528e-01 7.291565e-03 -1.484582e+00 -9.742411e-01 4.612233e-03 2.254619e-01 8.716020e+01
1.990080e-01 -7.031793e-03 9.799726e-01 1.995272e+00 7.907636e-03 9.999532e-01 5.569321e-03 -1.493796e+00 -9.799660e-01 6.640927e-03 1.990543e-01 8.722579e+01
1.759684e-01 -5.896367e-03 9.843782e-01 2.389676e+00 1.538614e-02 9.998764e-01 3.238759e-03 -1.496890e+00 -9.842756e-01 1.457586e-02 1.760374e-01 8.727082e+01
1.548435e-01 -9.062724e-04 9.879386e-01 2.794183e+00 2.181038e-02 9.997590e-01 -2.501312e-03 -1.497153e+00 -9.876982e-01 2.193463e-02 1.548260e-01 8.730974e+01
1.347976e-01 5.734333e-03 9.908566e-01 3.207505e+00 2.259667e-02 9.997054e-01 -8.859628e-03 -1.487323e+00 -9.906155e-01 2.358431e-02 1.346283e-01 8.735530e+01
1.172622e-01 6.296683e-03 9.930810e-01 3.640046e+00 2.104265e-02 9.997396e-01 -8.823601e-03 -1.487959e+00 -9.928780e-01 2.193173e-02 1.170992e-01 8.740399e+01
1.015997e-01 2.126583e-03 9.948231e-01 4.093708e+00 2.114695e-02 9.997671e-01 -4.296855e-03 -1.494120e+00 -9.946006e-01 2.147403e-02 1.015310e-01 8.744762e+01
8.642636e-02 -1.456566e-03 9.962572e-01 4.563368e+00 2.202962e-02 9.997572e-01 -4.494090e-04 -1.504545e+00 -9.960146e-01 2.198600e-02 8.643747e-02 8.748131e+01
7.350692e-02 -4.060522e-03 9.972864e-01 5.049185e+00 2.404308e-02 9.997083e-01 2.298241e-03 -1.511059e+00 -9.970048e-01 2.380890e-02 7.358310e-02 8.750359e+01
6.126159e-02 -5.353821e-03 9.981074e-01 5.536247e+00 2.716049e-02 9.996243e-01 3.694907e-03 -1.513948e+00 -9.977521e-01 2.688273e-02 6.138399e-02 8.751845e+01
5.135187e-02 -4.977423e-03 9.986682e-01 6.040723e+00 2.965873e-02 9.995541e-01 3.456776e-03 -1.518412e+00 -9.982401e-01 2.944172e-02 5.147660e-02 8.752874e+01
4.330214e-02 -4.692611e-03 9.990510e-01 6.566098e+00 3.137709e-02 9.995021e-01 3.334744e-03 -1.520149e+00 -9.985692e-01 3.120291e-02 4.342782e-02 8.753952e+01
3.691231e-02 -4.283869e-03 9.993093e-01 7.120853e+00 3.285324e-02 9.994555e-01 3.070968e-03 -1.521706e+00 -9.987783e-01 3.271719e-02 3.703294e-02 8.754935e+01
3.188607e-02 -3.523407e-03 9.994853e-01 7.684699e+00 3.345149e-02 9.994373e-01 2.456052e-03 -1.526463e+00 -9.989316e-01 3.335596e-02 3.198599e-02 8.756047e+01
2.567789e-02 -2.609458e-03 9.996669e-01 8.279610e+00 3.357325e-02 9.994347e-01 1.746475e-03 -1.525401e+00 -9.991063e-01 3.351722e-02 2.575098e-02 8.757151e+01
2.053834e-02 -2.576174e-03 9.997857e-01 8.882443e+00 3.515113e-02 9.993803e-01 1.853029e-03 -1.528046e+00 -9.991709e-01 3.510554e-02 2.061616e-02 8.757474e+01
1.783464e-02 -2.751320e-03 9.998372e-01 9.493483e+00 3.605578e-02 9.993476e-01 2.106826e-03 -1.533512e+00 -9.991906e-01 3.601233e-02 1.792221e-02 8.757438e+01
1.464480e-02 -3.200005e-03 9.998876e-01 1.012407e+01 3.656458e-02 9.993277e-01 2.662672e-03 -1.539782e+00 -9.992240e-01 3.652148e-02 1.475196e-02 8.757834e+01
1.166238e-02 -3.394903e-03 9.999262e-01 1.077555e+01 3.830846e-02 9.992616e-01 2.945845e-03 -1.541838e+00 -9.991979e-01 3.827128e-02 1.178382e-02 8.758202e+01
1.135338e-02 -3.932943e-03 9.999278e-01 1.145060e+01 4.197254e-02 9.991128e-01 3.453173e-03 -1.549730e+00 -9.990543e-01 4.193031e-02 1.150839e-02 8.758174e+01
1.196147e-02 -4.302636e-03 9.999192e-01 1.214760e+01 4.539496e-02 9.989621e-01 3.755483e-03 -1.554721e+00 -9.988975e-01 4.534637e-02 1.214437e-02 8.758307e+01
1.476291e-02 -4.657668e-03 9.998802e-01 1.284883e+01 4.737316e-02 9.988694e-01 3.953510e-03 -1.560061e+00 -9.987682e-01 4.730911e-02 1.496687e-02 8.758814e+01
1.895601e-02 -4.961352e-03 9.998080e-01 1.357479e+01 4.951814e-02 9.987651e-01 4.017331e-03 -1.564861e+00 -9.985933e-01 4.943248e-02 1.917828e-02 8.759651e+01
2.305012e-02 -5.618444e-03 9.997185e-01 1.431721e+01 5.032295e-02 9.987231e-01 4.452573e-03 -1.568950e+00 -9.984670e-01 5.020616e-02 2.330342e-02 8.761259e+01
2.774278e-02 -7.258227e-03 9.995887e-01 1.507994e+01 5.213590e-02 9.986231e-01 5.804226e-03 -1.574121e+00 -9.982546e-01 5.195343e-02 2.808300e-02 8.762771e+01
3.146894e-02 -8.938011e-03 9.994648e-01 1.585646e+01 5.190100e-02 9.986256e-01 7.296361e-03 -1.576514e+00 -9.981563e-01 5.164362e-02 3.188958e-02 8.765353e+01
3.516344e-02 -1.088718e-02 9.993223e-01 1.663491e+01 4.965916e-02 9.987245e-01 9.133292e-03 -1.579692e+00 -9.981470e-01 4.930435e-02 3.565924e-02 8.768994e+01
3.952828e-02 -1.251805e-02 9.991400e-01 1.743262e+01 4.860170e-02 9.987621e-01 1.059052e-02 -1.583734e+00 -9.980358e-01 4.814128e-02 4.008774e-02 8.772812e+01
4.309383e-02 -1.185910e-02 9.990006e-01 1.824608e+01 4.689067e-02 9.988516e-01 9.834615e-03 -1.588043e+00 -9.979700e-01 4.642000e-02 4.360042e-02 8.776875e+01
4.730356e-02 -8.787716e-03 9.988419e-01 1.906027e+01 4.434181e-02 9.989940e-01 6.689096e-03 -1.599140e+00 -9.978959e-01 4.397404e-02 4.764564e-02 8.781201e+01
4.951879e-02 -3.500364e-03 9.987671e-01 1.987214e+01 3.991224e-02 9.992020e-01 1.523043e-03 -1.602430e+00 -9.979754e-01 3.978761e-02 4.961899e-02 8.786395e+01
4.887118e-02 -9.256586e-04 9.988047e-01 2.069146e+01 3.699793e-02 9.993150e-01 -8.841651e-04 -1.617841e+00 -9.981196e-01 3.699692e-02 4.887195e-02 8.791596e+01
4.956116e-02 -9.890862e-04 9.987706e-01 2.151230e+01 3.505152e-02 9.993852e-01 -7.496375e-04 -1.627242e+00 -9.981558e-01 3.504558e-02 4.956536e-02 8.796240e+01
4.910823e-02 -2.570610e-03 9.987902e-01 2.232797e+01 3.363610e-02 9.994337e-01 9.184557e-04 -1.643143e+00 -9.982269e-01 3.355030e-02 4.916689e-02 8.801103e+01
4.858541e-02 -4.245434e-03 9.988100e-01 2.314327e+01 3.422750e-02 9.994107e-01 2.583049e-03 -1.661121e+00 -9.982324e-01 3.406127e-02 4.870209e-02 8.805924e+01
5.026863e-02 -4.877371e-03 9.987238e-01 2.396475e+01 3.287368e-02 9.994543e-01 3.226312e-03 -1.674420e+00 -9.981946e-01 3.266954e-02 5.040153e-02 8.810581e+01
5.065713e-02 -4.828192e-03 9.987044e-01 2.478433e+01 3.170533e-02 9.994921e-01 3.223815e-03 -1.690197e+00 -9.982127e-01 3.150094e-02 5.078448e-02 8.815363e+01
5.020841e-02 -4.262813e-03 9.987297e-01 2.560633e+01 2.968062e-02 9.995556e-01 2.774226e-03 -1.704923e+00 -9.982976e-01 2.950363e-02 5.031262e-02 8.820427e+01
4.932014e-02 -3.182652e-03 9.987780e-01 2.641766e+01 2.674175e-02 9.996406e-01 1.864881e-03 -1.717906e+00 -9.984250e-01 2.661709e-02 4.938752e-02 8.825488e+01
4.624182e-02 -3.342395e-03 9.989247e-01 2.722958e+01 2.384204e-02 9.997132e-01 2.241347e-03 -1.732480e+00 -9.986457e-01 2.371276e-02 4.630825e-02 8.830342e+01
4.296082e-02 -4.460531e-03 9.990668e-01 2.802774e+01 2.152398e-02 9.997621e-01 3.538084e-03 -1.745027e+00 -9.988449e-01 2.135189e-02 4.304660e-02 8.834516e+01
3.853969e-02 -6.688968e-03 9.992347e-01 2.885153e+01 1.975097e-02 9.997873e-01 5.930888e-03 -1.757934e+00 -9.990619e-01 1.950728e-02 3.866361e-02 8.838483e+01
3.234038e-02 -8.356497e-03 9.994420e-01 2.967315e+01 1.808432e-02 9.998062e-01 7.774362e-03 -1.770533e+00 -9.993133e-01 1.782281e-02 3.248524e-02 8.841596e+01
2.521533e-02 -8.093739e-03 9.996493e-01 3.048621e+01 1.690861e-02 9.998276e-01 7.668678e-03 -1.785898e+00 -9.995390e-01 1.670931e-02 2.534784e-02 8.844328e+01
1.615883e-02 -6.888874e-03 9.998457e-01 3.129392e+01 1.647096e-02 9.998424e-01 6.622659e-03 -1.794730e+00 -9.997338e-01 1.636140e-02 1.626975e-02 8.845874e+01
6.026716e-03 -6.476776e-03 9.999609e-01 3.210344e+01 1.635163e-02 9.998460e-01 6.377481e-03 -1.806965e+00 -9.998481e-01 1.631256e-02 6.131693e-03 8.846686e+01
-3.754220e-03 -7.218885e-03 9.999669e-01 3.290084e+01 1.697510e-02 9.998294e-01 7.281623e-03 -1.816805e+00 -9.998489e-01 1.700188e-02 -3.631038e-03 8.846599e+01
-1.463502e-02 -8.428790e-03 9.998574e-01 3.368968e+01 1.644700e-02 9.998272e-01 8.669272e-03 -1.825582e+00 -9.997576e-01 1.657153e-02 -1.449387e-02 8.845871e+01
-2.540325e-02 -9.231951e-03 9.996347e-01 3.447833e+01 1.762471e-02 9.997978e-01 9.681346e-03 -1.836822e+00 -9.995219e-01 1.786421e-02 -2.523540e-02 8.843414e+01
-3.667627e-02 -8.873917e-03 9.992878e-01 3.527318e+01 1.781131e-02 9.997959e-01 9.532147e-03 -1.849363e+00 -9.991685e-01 1.814823e-02 -3.651073e-02 8.840383e+01
-4.792633e-02 -8.263944e-03 9.988167e-01 3.606371e+01 1.814298e-02 9.997936e-01 9.142584e-03 -1.859718e+00 -9.986861e-01 1.855968e-02 -4.776650e-02 8.836758e+01
-5.827643e-02 -7.139882e-03 9.982750e-01 3.683167e+01 1.898470e-02 9.997857e-01 8.258960e-03 -1.867232e+00 -9.981200e-01 1.943325e-02 -5.812840e-02 8.831950e+01
-6.893361e-02 -6.266789e-03 9.976016e-01 3.759057e+01 2.035474e-02 9.997633e-01 7.686868e-03 -1.872515e+00 -9.974136e-01 2.083580e-02 -6.878973e-02 8.827094e+01
-7.883399e-02 -5.198712e-03 9.968742e-01 3.835758e+01 2.288161e-02 9.997135e-01 7.023024e-03 -1.876122e+00 -9.966251e-01 2.336374e-02 -7.869246e-02 8.821080e+01
-8.801859e-02 -4.733750e-03 9.961076e-01 3.910761e+01 2.474031e-02 9.996698e-01 6.936795e-03 -1.883826e+00 -9.958116e-01 2.525458e-02 -8.787242e-02 8.814347e+01
-9.800025e-02 -4.348935e-03 9.951769e-01 3.986104e+01 2.635268e-02 9.996285e-01 6.963474e-03 -1.887758e+00 -9.948374e-01 2.690800e-02 -9.784924e-02 8.806745e+01
-1.063225e-01 -4.894169e-03 9.943197e-01 4.059558e+01 2.816436e-02 9.995718e-01 7.931632e-03 -1.895806e+00 -9.939327e-01 2.884769e-02 -1.061391e-01 8.798442e+01
-1.136544e-01 -6.286092e-03 9.935005e-01 4.132572e+01 2.911096e-02 9.995296e-01 9.654474e-03 -1.903631e+00 -9.930938e-01 3.001903e-02 -1.134180e-01 8.789458e+01
-1.195310e-01 -7.903343e-03 9.927990e-01 4.204024e+01 3.168383e-02 9.994286e-01 1.177079e-02 -1.912214e+00 -9.923248e-01 3.286265e-02 -1.192123e-01 8.780377e+01
-1.235244e-01 -9.468839e-03 9.922964e-01 4.274678e+01 3.452417e-02 9.993081e-01 1.383343e-02 -1.919512e+00 -9.917408e-01 3.596697e-02 -1.231121e-01 8.770992e+01
-1.264567e-01 -1.031461e-02 9.919185e-01 4.344827e+01 3.610417e-02 9.992355e-01 1.499351e-02 -1.924357e+00 -9.913149e-01 3.770842e-02 -1.259876e-01 8.762067e+01
-1.288149e-01 -1.078789e-02 9.916100e-01 4.412857e+01 3.680144e-02 9.992000e-01 1.565115e-02 -1.930430e+00 -9.909856e-01 3.850878e-02 -1.283149e-01 8.753149e+01
-1.298423e-01 -9.972436e-03 9.914845e-01 4.479619e+01 3.719902e-02 9.991965e-01 1.492149e-02 -1.931241e+00 -9.908366e-01 3.881969e-02 -1.293670e-01 8.744373e+01
-1.292834e-01 -8.659731e-03 9.915699e-01 4.546674e+01 3.840227e-02 9.991680e-01 1.373307e-02 -1.938637e+00 -9.908638e-01 3.985399e-02 -1.288433e-01 8.735429e+01
-1.267621e-01 -7.336651e-03 9.919060e-01 4.609710e+01 3.932495e-02 9.991493e-01 1.241582e-02 -1.945671e+00 -9.911533e-01 4.058051e-02 -1.263658e-01 8.727667e+01
-1.213487e-01 -6.483210e-03 9.925888e-01 4.672181e+01 4.002150e-02 9.991336e-01 1.141878e-02 -1.952074e+00 -9.918028e-01 4.111054e-02 -1.209841e-01 8.720088e+01
-1.135201e-01 -5.860460e-03 9.935184e-01 4.732391e+01 3.946019e-02 9.991670e-01 1.040253e-02 -1.959588e+00 -9.927518e-01 4.038532e-02 -1.131943e-01 8.714333e+01
-1.021073e-01 -5.688446e-03 9.947571e-01 4.789833e+01 3.862910e-02 9.992067e-01 9.678991e-03 -1.967929e+00 -9.940231e-01 3.941487e-02 -1.018065e-01 8.709520e+01
-8.813975e-02 -5.757131e-03 9.960915e-01 4.845630e+01 3.828850e-02 9.992247e-01 9.163221e-03 -1.980490e+00 -9.953720e-01 3.894649e-02 -8.785099e-02 8.706297e+01
-7.139808e-02 -4.330619e-03 9.974385e-01 4.899398e+01 3.767016e-02 9.992655e-01 7.035036e-03 -1.990089e+00 -9.967363e-01 3.807596e-02 -7.118250e-02 8.704015e+01
-5.001080e-02 -1.968785e-03 9.987467e-01 4.952169e+01 3.708362e-02 9.993048e-01 3.826794e-03 -2.004438e+00 -9.980600e-01 3.722852e-02 -4.990303e-02 8.703206e+01
-2.548066e-02 1.134838e-03 9.996747e-01 5.005596e+01 3.562290e-02 9.993653e-01 -2.264961e-04 -2.017301e+00 -9.990404e-01 3.560554e-02 -2.550492e-02 8.703621e+01
2.136699e-03 2.809616e-03 9.999938e-01 5.056283e+01 3.453004e-02 9.993995e-01 -2.881727e-03 -2.030182e+00 -9.994014e-01 3.453599e-02 2.038400e-03 8.706420e+01
3.552337e-02 2.231341e-03 9.993664e-01 5.107018e+01 3.350545e-02 9.994327e-01 -3.422470e-03 -2.044634e+00 -9.988070e-01 3.360580e-02 3.542846e-02 8.711317e+01
7.309728e-02 -1.647315e-06 9.973248e-01 5.158510e+01 3.305955e-02 9.994505e-01 -2.421395e-03 -2.056790e+00 -9.967767e-01 3.314811e-02 7.305716e-02 8.717552e+01
1.144039e-01 -3.509116e-03 9.934281e-01 5.208038e+01 3.143486e-02 9.995058e-01 -8.947777e-05 -2.072130e+00 -9.929369e-01 3.123851e-02 1.144577e-01 8.726375e+01
1.593720e-01 -7.571020e-03 9.871896e-01 5.259125e+01 2.960521e-02 9.995575e-01 2.886402e-03 -2.084643e+00 -9.867746e-01 2.876595e-02 1.595257e-01 8.737878e+01
2.074271e-01 -1.072034e-02 9.781917e-01 5.307120e+01 2.645853e-02 9.996356e-01 5.344773e-03 -2.095085e+00 -9.778926e-01 2.477287e-02 2.076352e-01 8.752452e+01
2.581364e-01 -1.220345e-02 9.660314e-01 5.352968e+01 2.383471e-02 9.996963e-01 6.259772e-03 -2.106436e+00 -9.658144e-01 2.140921e-02 2.583488e-01 8.769119e+01
3.124119e-01 -1.211021e-02 9.498696e-01 5.398654e+01 2.299629e-02 9.997221e-01 5.182324e-03 -2.114211e+00 -9.496684e-01 2.022446e-02 3.126035e-01 8.788696e+01
3.694651e-01 -1.202414e-02 9.291668e-01 5.441988e+01 2.574574e-02 9.996649e-01 2.699147e-03 -2.131213e+00 -9.288879e-01 2.292484e-02 3.696509e-01 8.810348e+01
4.290894e-01 -8.654608e-03 9.032206e-01 5.483046e+01 2.700158e-02 9.996301e-01 -3.249132e-03 -2.145727e+00 -9.028584e-01 2.578255e-02 4.291643e-01 8.833601e+01
4.891173e-01 -5.450995e-03 8.722010e-01 5.523245e+01 2.861735e-02 9.995424e-01 -9.801344e-03 -2.165635e+00 -8.717484e-01 2.975409e-02 4.890495e-01 8.861260e+01
5.469675e-01 -1.295064e-03 8.371528e-01 5.558826e+01 2.553412e-02 9.995593e-01 -1.513683e-02 -2.179291e+00 -8.367643e-01 2.965532e-02 5.467596e-01 8.890713e+01
6.032829e-01 1.921536e-03 7.975250e-01 5.593198e+01 2.233377e-02 9.995642e-01 -1.930257e-02 -2.192077e+00 -7.972145e-01 2.945665e-02 6.029771e-01 8.924286e+01
6.564248e-01 2.978560e-03 7.543856e-01 5.624176e+01 2.131410e-02 9.995198e-01 -2.249279e-02 -2.208992e+00 -7.540903e-01 3.084388e-02 6.560461e-01 8.959264e+01
7.056660e-01 1.273887e-03 7.085435e-01 5.651652e+01 2.157281e-02 9.994962e-01 -2.328218e-02 -2.225705e+00 -7.082162e-01 3.171472e-02 7.052829e-01 8.994728e+01
7.520670e-01 -2.432817e-03 6.590822e-01 5.678811e+01 2.046611e-02 9.995972e-01 -1.966378e-02 -2.247946e+00 -6.587689e-01 2.827733e-02 7.518138e-01 9.034333e+01
7.948023e-01 -7.029177e-03 6.068277e-01 5.703080e+01 2.012807e-02 9.996881e-01 -1.478319e-02 -2.262184e+00 -6.065345e-01 2.396398e-02 7.946959e-01 9.073847e+01
8.325793e-01 -9.757822e-03 5.538199e-01 5.723553e+01 1.841122e-02 9.997799e-01 -1.006306e-02 -2.278536e+00 -5.535997e-01 1.857480e-02 8.325757e-01 9.113896e+01
8.652527e-01 -1.219099e-02 5.011877e-01 5.743051e+01 1.688362e-02 9.998458e-01 -4.827518e-03 -2.289902e+00 -5.010516e-01 1.263889e-02 8.653251e-01 9.158366e+01
8.922808e-01 -1.262230e-02 4.513043e-01 5.759824e+01 1.437210e-02 9.998966e-01 -4.496921e-04 -2.306620e+00 -4.512520e-01 6.887441e-03 8.923700e-01 9.201753e+01
9.138145e-01 -1.026912e-02 4.060019e-01 5.774301e+01 1.030953e-02 9.999447e-01 2.087550e-03 -2.322024e+00 -4.060009e-01 2.278056e-03 9.138698e-01 9.244878e+01
9.304696e-01 -4.991426e-03 3.663352e-01 5.787711e+01 4.290662e-03 9.999871e-01 2.727096e-03 -2.327152e+00 -3.663440e-01 -9.656591e-04 9.304790e-01 9.291869e+01
9.432734e-01 5.730802e-04 3.320165e-01 5.799436e+01 -1.127382e-03 9.999983e-01 1.476886e-03 -2.334451e+00 -3.320151e-01 -1.767416e-03 9.432724e-01 9.337474e+01
9.536056e-01 2.848669e-03 3.010453e-01 5.811690e+01 -2.843712e-03 9.999959e-01 -4.546749e-04 -2.331355e+00 -3.010454e-01 -4.225055e-04 9.536097e-01 9.384590e+01
9.604405e-01 -1.107095e-03 2.784831e-01 5.824450e+01 1.163583e-03 9.999993e-01 -3.755387e-05 -2.346253e+00 -2.784829e-01 3.601065e-04 9.604411e-01 9.431716e+01
9.646900e-01 -3.922968e-03 2.633589e-01 5.836280e+01 4.074681e-03 9.999917e-01 -2.987768e-05 -2.356107e+00 -2.633566e-01 1.101926e-03 9.646979e-01 9.478800e+01
9.681826e-01 3.494920e-05 2.502450e-01 5.847223e+01 2.126281e-04 9.999995e-01 -9.623053e-04 -2.363577e+00 -2.502449e-01 9.848963e-04 9.681821e-01 9.528722e+01
9.705177e-01 5.753153e-03 2.409611e-01 5.857506e+01 -5.632163e-03 9.999834e-01 -1.190829e-03 -2.365168e+00 -2.409640e-01 -2.014116e-04 9.705340e-01 9.578216e+01
9.720614e-01 1.289134e-02 2.343726e-01 5.868243e+01 -1.265077e-02 9.999168e-01 -2.529876e-03 -2.372269e+00 -2.343857e-01 -5.058007e-04 9.721435e-01 9.629992e+01
9.725459e-01 1.943778e-02 2.318980e-01 5.878921e+01 -1.849751e-02 9.998095e-01 -6.228585e-03 -2.380846e+00 -2.319749e-01 1.768049e-03 9.727202e-01 9.681911e+01
9.728232e-01 2.064581e-02 2.306269e-01 5.891471e+01 -1.920469e-02 9.997795e-01 -8.492039e-03 -2.398306e+00 -2.307513e-01 3.832135e-03 9.730052e-01 9.735142e+01
9.723687e-01 1.878615e-02 2.326934e-01 5.905028e+01 -1.650527e-02 9.997948e-01 -1.174542e-02 -2.412243e+00 -2.328663e-01 7.580207e-03 9.724792e-01 9.789060e+01
9.714407e-01 1.712316e-02 2.366639e-01 5.918921e+01 -1.350790e-02 9.997661e-01 -1.688906e-02 -2.429924e+00 -2.368977e-01 1.320989e-02 9.714448e-01 9.842805e+01
9.706364e-01 1.738226e-02 2.399227e-01 5.933393e+01 -1.286704e-02 9.997096e-01 -2.037322e-02 -2.446684e+00 -2.402071e-01 1.668789e-02 9.705782e-01 9.898666e+01
9.695863e-01 2.100883e-02 2.438462e-01 5.947229e+01 -1.660276e-02 9.996599e-01 -2.011053e-02 -2.459146e+00 -2.441858e-01 1.545038e-02 9.696054e-01 9.955481e+01
9.682384e-01 2.272756e-02 2.489938e-01 5.961674e+01 -1.933487e-02 9.996840e-01 -1.606313e-02 -2.473587e+00 -2.492802e-01 1.073867e-02 9.683719e-01 1.001480e+02
9.672381e-01 1.968789e-02 2.531062e-01 5.978370e+01 -1.749145e-02 9.997873e-01 -1.092547e-02 -2.496413e+00 -2.532675e-01 6.140337e-03 9.673768e-01 1.007534e+02
9.665857e-01 1.474156e-02 2.559195e-01 5.995228e+01 -1.398919e-02 9.998908e-01 -4.760104e-03 -2.513621e+00 -2.559618e-01 1.020942e-03 9.666864e-01 1.013597e+02
9.659182e-01 1.145294e-02 2.585939e-01 6.012217e+01 -1.191518e-02 9.999290e-01 2.202873e-04 -2.528485e+00 -2.585730e-01 -3.293972e-03 9.659861e-01 1.019797e+02
9.652183e-01 7.147362e-03 2.613477e-01 6.030008e+01 -7.656552e-03 9.999703e-01 9.301561e-04 -2.539047e+00 -2.613332e-01 -2.898826e-03 9.652443e-01 1.026117e+02
9.652034e-01 3.906035e-03 2.614710e-01 6.048047e+01 -3.573684e-03 9.999921e-01 -1.746548e-03 -2.552502e+00 -2.614758e-01 7.513590e-04 9.652097e-01 1.032362e+02
9.654773e-01 2.597913e-03 2.604742e-01 6.065663e+01 -4.339625e-04 9.999649e-01 -8.364900e-03 -2.568766e+00 -2.604868e-01 7.963085e-03 9.654446e-01 1.038789e+02
9.656648e-01 6.093386e-03 2.597199e-01 6.083185e+01 -2.349303e-03 9.998888e-01 -1.472382e-02 -2.583766e+00 -2.597807e-01 1.360812e-02 9.655717e-01 1.045343e+02
9.663439e-01 9.613573e-03 2.570741e-01 6.100388e+01 -5.196177e-03 9.998270e-01 -1.785718e-02 -2.594443e+00 -2.572013e-01 1.592037e-02 9.662267e-01 1.051975e+02
9.671726e-01 8.440913e-03 2.539801e-01 6.118627e+01 -4.964422e-03 9.998851e-01 -1.432588e-02 -2.611530e+00 -2.540719e-01 1.259474e-02 9.671033e-01 1.058969e+02
9.676766e-01 4.555957e-03 2.521531e-01 6.137039e+01 -2.896188e-03 9.999716e-01 -6.953133e-03 -2.632236e+00 -2.521776e-01 5.998101e-03 9.676624e-01 1.065937e+02
9.686702e-01 3.996564e-03 2.483184e-01 6.155021e+01 -3.763940e-03 9.999919e-01 -1.411554e-03 -2.650973e+00 -2.483220e-01 4.326747e-04 9.686774e-01 1.072951e+02
9.691992e-01 7.973396e-03 2.461491e-01 6.172606e+01 -7.769885e-03 9.999682e-01 -1.797999e-03 -2.663993e+00 -2.461556e-01 -1.699308e-04 9.692303e-01 1.080210e+02
9.696341e-01 1.346042e-02 2.441897e-01 6.189623e+01 -1.219508e-02 9.999032e-01 -6.692968e-03 -2.673416e+00 -2.442562e-01 3.511816e-03 9.697044e-01 1.087464e+02
9.706949e-01 1.550015e-02 2.398150e-01 6.207484e+01 -1.310780e-02 9.998472e-01 -1.156767e-02 -2.689595e+00 -2.399576e-01 8.085232e-03 9.707497e-01 1.094875e+02
9.718852e-01 1.497074e-02 2.349788e-01 6.225076e+01 -1.194852e-02 9.998266e-01 -1.428025e-02 -2.701726e+00 -2.351519e-01 1.107111e-02 9.718956e-01 1.102323e+02
9.728365e-01 1.198170e-02 2.311831e-01 6.243101e+01 -9.144553e-03 9.998692e-01 -1.333999e-02 -2.721832e+00 -2.313127e-01 1.086356e-02 9.728188e-01 1.109821e+02
9.739027e-01 8.737080e-03 2.267977e-01 6.261390e+01 -6.385626e-03 9.999180e-01 -1.109969e-02 -2.745062e+00 -2.268761e-01 9.361773e-03 9.738786e-01 1.117635e+02
9.744612e-01 6.492820e-03 2.244622e-01 6.279026e+01 -4.573533e-03 9.999484e-01 -9.069482e-03 -2.763680e+00 -2.245095e-01 7.811273e-03 9.744406e-01 1.125450e+02
9.747563e-01 2.908639e-03 2.232526e-01 6.297573e+01 -1.384620e-03 9.999747e-01 -6.982666e-03 -2.780280e+00 -2.232672e-01 6.497278e-03 9.747356e-01 1.133357e+02
