1.000000e+00 0.000000e+00 0.000000e+00 0.000000e+00 0.000000e+00 1.000000e+00 0.000000e+00 0.000000e+00 0.000000e+00 0.000000e+00 1.000000e+00 0.000000e+00
9.998983e-01 1.515659e-03 1.418080e-02 -3.551981e-03 -1.507200e-03 9.999987e-01 -6.071746e-04 -5.564124e-03 -1.418170e-02 5.857395e-04 9.998993e-01 7.020232e-02
9.994393e-01 4.073559e-03 3.323311e-02 -1.053198e-02 -4.063359e-03 9.999917e-01 -3.744428e-04 -6.255313e-03 -3.323436e-02 2.391948e-04 9.994476e-01 1.922493e-01
9.982659e-01 5.611570e-03 5.859847e-02 -1.099937e-02 -5.681418e-03 9.999833e-01 1.025443e-03 -9.316628e-03 -5.859174e-02 -1.356587e-03 9.982811e-01 3.298475e-01
9.958041e-01 5.236575e-03 9.136103e-02 3.581954e-02 -5.546549e-03 9.999797e-01 3.139276e-03 -1.144512e-02 -9.134274e-02 -3.632842e-03 9.958129e-01 5.092164e-01
9.918021e-01 2.061630e-03 1.277668e-01 1.054788e-01 -2.756494e-03 9.999824e-01 5.261957e-03 -1.414442e-02 -1.277537e-01 -5.571009e-03 9.917903e-01 6.734419e-01
9.859522e-01 -8.010123e-04 1.670257e-01 1.888291e-01 -2.362591e-04 9.999808e-01 6.190288e-03 -1.899815e-02 -1.670274e-01 -6.142790e-03 9.859331e-01 8.238856e-01
9.776979e-01 -1.095541e-03 2.100132e-01 2.696115e-01 -4.566728e-04 9.999729e-01 7.342391e-03 -1.899932e-02 -2.100156e-01 -7.274548e-03 9.776710e-01 1.022173e+00
9.665069e-01 -5.325986e-04 2.566401e-01 3.544901e-01 -2.148824e-03 9.999460e-01 1.016763e-02 -1.675580e-02 -2.566317e-01 -1.037856e-02 9.664535e-01 1.226568e+00
9.528633e-01 -4.403922e-03 3.033678e-01 4.834559e-01 -7.840524e-04 9.998556e-01 1.697735e-02 -1.655958e-02 -3.033988e-01 -1.641495e-02 9.527223e-01 1.445375e+00
9.364575e-01 -1.413030e-02 3.504965e-01 6.177575e-01 5.657375e-03 9.996668e-01 2.518627e-02 -2.501343e-02 -3.507356e-01 -2.160298e-02 9.362253e-01 1.644021e+00
9.162830e-01 -1.947699e-02 4.000577e-01 7.825156e-01 8.081938e-03 9.995127e-01 3.015104e-02 -2.706697e-02 -4.004500e-01 -2.439365e-02 9.159939e-01 1.845611e+00
8.925196e-01 -2.108029e-02 4.505157e-01 9.665375e-01 6.468092e-03 9.994026e-01 3.394953e-02 -2.459687e-02 -4.509622e-01 -2.738665e-02 8.921228e-01 2.078858e+00
8.648791e-01 -2.290567e-02 5.014573e-01 1.142976e+00 4.370192e-03 9.992641e-01 3.810719e-02 -1.688667e-02 -5.019611e-01 -3.076665e-02 8.643428e-01 2.306287e+00
8.344613e-01 -2.793976e-02 5.503578e-01 1.342724e+00 5.342281e-03 9.990771e-01 4.261963e-02 -1.355677e-02 -5.510407e-01 -3.262427e-02 8.338404e-01 2.491483e+00
8.003883e-01 -3.344222e-02 5.985484e-01 1.549882e+00 7.275922e-03 9.989112e-01 4.608190e-02 -1.168902e-02 -5.994377e-01 -3.252842e-02 7.997601e-01 2.651794e+00
7.646522e-01 -3.765422e-02 6.433421e-01 1.791857e+00 8.156099e-03 9.987771e-01 4.876346e-02 -5.273251e-03 -6.443915e-01 -3.203992e-02 7.640242e-01 2.814106e+00
7.265660e-01 -4.084181e-02 6.858817e-01 2.069753e+00 8.983504e-03 9.987112e-01 4.995330e-02 3.984817e-03 -6.870379e-01 -3.013275e-02 7.259965e-01 3.006430e+00
6.859403e-01 -4.243344e-02 7.264196e-01 2.359237e+00 7.591643e-03 9.986612e-01 5.116770e-02 1.560826e-02 -7.276183e-01 -2.958327e-02 6.853441e-01 3.183234e+00
6.440627e-01 -4.246171e-02 7.637933e-01 2.668927e+00 3.130626e-03 9.985962e-01 5.287528e-02 3.247538e-02 -7.649663e-01 -3.166384e-02 6.432915e-01 3.395727e+00
6.030397e-01 -4.315970e-02 7.965427e-01 2.981938e+00 1.803555e-04 9.985426e-01 5.396828e-02 4.404118e-02 -7.977111e-01 -3.240135e-02 6.021687e-01 3.590292e+00
5.639325e-01 -4.411746e-02 8.246416e-01 3.330366e+00 -1.995481e-03 9.984963e-01 5.478311e-02 5.785029e-02 -8.258185e-01 -3.253954e-02 5.629965e-01 3.773086e+00
5.264319e-01 -4.614667e-02 8.489640e-01 3.729077e+00 -3.327167e-03 9.984065e-01 5.633296e-02 6.920494e-02 -8.502108e-01 -3.248011e-02 5.254395e-01 3.957207e+00
4.896639e-01 -4.581064e-02 8.707070e-01 4.109437e+00 -6.340878e-03 9.984053e-01 5.609521e-02 8.542283e-02 -8.718882e-01 -3.298885e-02 4.885926e-01 4.147358e+00
4.550939e-01 -4.496093e-02 8.893076e-01 4.508447e+00 -7.264380e-03 9.985037e-01 5.419906e-02 1.015719e-01 -8.904138e-01 -3.112593e-02 4.540864e-01 4.324981e+00
4.229566e-01 -4.363065e-02 9.050989e-01 4.967974e+00 -6.217220e-03 9.986769e-01 5.104695e-02 1.189835e-01 -9.061286e-01 -2.721784e-02 4.221257e-01 4.504010e+00
3.949673e-01 -4.189623e-02 9.177394e-01 5.447362e+00 -4.177370e-03 9.988674e-01 4.739767e-02 1.371443e-01 -9.186857e-01 -2.255427e-02 3.943450e-01 4.684750e+00
3.706010e-01 -4.001984e-02 9.279296e-01 5.958935e+00 -3.125444e-03 9.990119e-01 4.433374e-02 1.560062e-01 -9.287869e-01 -1.933032e-02 3.701097e-01 4.871245e+00
3.516665e-01 -3.937598e-02 9.352968e-01 6.476257e+00 -2.194274e-03 9.990776e-01 4.288618e-02 1.748769e-01 -9.361228e-01 -1.713393e-02 3.512557e-01 5.050540e+00
3.382143e-01 -3.983487e-02 9.402256e-01 7.023860e+00 -1.327141e-03 9.990825e-01 4.280587e-02 1.919884e-01 -9.410682e-01 -1.572537e-02 3.378512e-01 5.220296e+00
3.264482e-01 -4.129776e-02 9.443125e-01 7.609575e+00 -6.940750e-04 9.990343e-01 4.393086e-02 2.052538e-01 -9.452149e-01 -1.499657e-02 3.261043e-01 5.404607e+00
3.161535e-01 -4.284023e-02 9.477403e-01 8.232257e+00 -2.039738e-03 9.989469e-01 4.583533e-02 2.234550e-01 -9.487059e-01 -1.642414e-02 3.157332e-01 5.602168e+00
3.058242e-01 -4.421718e-02 9.510607e-01 8.878427e+00 -3.799219e-03 9.988563e-01 4.766100e-02 2.454796e-01 -9.520804e-01 -1.818918e-02 3.053065e-01 5.808653e+00
2.952424e-01 -4.579745e-02 9.543241e-01 9.551518e+00 -4.517709e-03 9.987724e-01 4.932815e-02 2.676698e-01 -9.554117e-01 -1.887512e-02 2.946730e-01 6.015487e+00
2.858790e-01 -4.761446e-02 9.570821e-01 1.024707e+01 -5.458064e-03 9.986677e-01 5.131364e-02 2.897369e-01 -9.582502e-01 -1.989331e-02 2.852382e-01 6.216064e+00
2.758857e-01 -4.897457e-02 9.599420e-01 1.097060e+01 -5.863237e-03 9.985968e-01 5.263176e-02 3.146853e-01 -9.611726e-01 -2.014872e-02 2.752115e-01 6.425047e+00
2.649113e-01 -5.010664e-02 9.629700e-01 1.170633e+01 -6.269955e-03 9.985384e-01 5.368224e-02 3.390797e-01 -9.642524e-01 -2.025881e-02 2.642100e-01 6.624531e+00
2.558428e-01 -5.271215e-02 9.652802e-01 1.243626e+01 -7.468894e-03 9.983747e-01 5.649898e-02 3.659833e-01 -9.666895e-01 -2.166443e-02 2.550333e-01 6.818163e+00
2.455664e-01 -5.595502e-02 9.677635e-01 1.318412e+01 -9.250739e-03 9.981519e-01 6.005938e-02 3.977148e-01 -9.693356e-01 -2.370109e-02 2.445949e-01 7.011281e+00
2.331075e-01 -5.968171e-02 9.706178e-01 1.395832e+01 -9.817676e-03 9.979196e-01 6.371830e-02 4.262215e-01 -9.724014e-01 -2.438242e-02 2.320366e-01 7.195408e+00
2.214707e-01 -6.189513e-02 9.732008e-01 1.472821e+01 -1.074104e-02 9.977683e-01 6.590195e-02 4.575873e-01 -9.751079e-01 -2.504854e-02 2.203116e-01 7.371158e+00
2.074296e-01 -6.250684e-02 9.762509e-01 1.552862e+01 -1.129192e-02 9.977370e-01 6.628180e-02 4.876893e-01 -9.781848e-01 -2.477255e-02 2.062544e-01 7.529906e+00
1.944521e-01 -6.154790e-02 9.789792e-01 1.630489e+01 -1.290407e-02 9.977827e-01 6.529317e-02 5.182068e-01 -9.808271e-01 -2.532921e-02 1.932267e-01 7.671938e+00
1.786527e-01 -6.058012e-02 9.820454e-01 1.709959e+01 -1.390656e-02 9.978476e-01 6.408479e-02 5.478632e-01 -9.838139e-01 -2.510580e-02 1.774257e-01 7.807111e+00
1.582827e-01 -5.905690e-02 9.856261e-01 1.790439e+01 -1.649016e-02 9.979124e-01 6.244124e-02 5.777361e-01 -9.872561e-01 -2.613650e-02 1.569784e-01 7.924494e+00
1.342650e-01 -5.754498e-02 9.892732e-01 1.871190e+01 -2.074600e-02 9.979304e-01 6.086423e-02 6.076209e-01 -9.907283e-01 -2.869539e-02 1.327933e-01 8.027940e+00
1.043983e-01 -5.697688e-02 9.929021e-01 1.954007e+01 -2.441278e-02 9.979099e-01 5.983112e-02 6.379322e-01 -9.942359e-01 -3.048577e-02 1.027891e-01 8.108318e+00
7.116665e-02 -5.672000e-02 9.958505e-01 2.037775e+01 -2.722314e-02 9.978996e-01 5.878216e-02 6.668623e-01 -9.970929e-01 -3.129351e-02 6.947308e-02 8.163118e+00
3.811760e-02 -5.637367e-02 9.976818e-01 2.119647e+01 -2.821298e-02 9.979487e-01 5.746666e-02 6.920246e-01 -9.988749e-01 -3.033806e-02 3.644894e-02 8.180739e+00
3.803806e-03 -5.561774e-02 9.984449e-01 2.201882e+01 -2.933873e-02 9.980161e-01 5.570562e-02 7.146055e-01 -9.995623e-01 -2.950500e-02 2.164506e-03 8.174971e+00
-2.848168e-02 -5.387997e-02 9.981411e-01 2.282682e+01 -3.120197e-02 9.981076e-01 5.298781e-02 7.372147e-01 -9.991072e-01 -2.963479e-02 -3.010894e-02 8.142819e+00
-6.099949e-02 -5.103153e-02 9.968324e-01 2.364225e+01 -3.350078e-02 9.982342e-01 4.905327e-02 7.621279e-01 -9.975754e-01 -3.040244e-02 -6.260137e-02 8.075048e+00
-9.408333e-02 -4.692400e-02 9.944579e-01 2.446967e+01 -3.094293e-02 9.985439e-01 4.418936e-02 7.783772e-01 -9.950833e-01 -2.661396e-02 -9.539830e-02 7.974634e+00
-1.244860e-01 -4.182783e-02 9.913393e-01 2.527679e+01 -2.612000e-02 9.989029e-01 3.886699e-02 7.896937e-01 -9.918775e-01 -2.105538e-02 -1.254420e-01 7.848437e+00
-1.558081e-01 -3.594690e-02 9.871330e-01 2.608896e+01 -2.038384e-02 9.992418e-01 3.317049e-02 7.990582e-01 -9.875770e-01 -1.495333e-02 -1.564227e-01 7.690588e+00
-1.835214e-01 -3.095287e-02 9.825283e-01 2.689061e+01 -1.484443e-02 9.994774e-01 2.871411e-02 8.036664e-01 -9.829036e-01 -9.315416e-03 -1.838850e-01 7.508129e+00
-2.115175e-01 -2.541764e-02 9.770437e-01 2.768660e+01 -7.089959e-03 9.996754e-01 2.447151e-02 8.057325e-01 -9.773485e-01 -1.751047e-03 -2.116290e-01 7.292839e+00
-2.384351e-01 -1.581837e-02 9.710296e-01 2.848386e+01 -1.440962e-03 9.998720e-01 1.593439e-02 7.967878e-01 -9.711574e-01 2.400101e-03 -2.384274e-01 7.060943e+00
-2.624875e-01 -8.732900e-04 9.649350e-01 2.924982e+01 2.680956e-03 9.999951e-01 1.634310e-03 7.801951e-01 -9.649317e-01 3.015934e-03 -2.624839e-01 6.819285e+00
-2.867539e-01 1.619716e-02 9.578673e-01 3.001428e+01 3.340044e-03 9.998679e-01 -1.590748e-02 7.553816e-01 -9.579984e-01 -1.362212e-03 -2.867702e-01 6.566684e+00
-3.121960e-01 3.104845e-02 9.495102e-01 3.076566e+01 2.601936e-03 9.994900e-01 -3.182726e-02 7.254733e-01 -9.500142e-01 -7.465776e-03 -3.121175e-01 6.298198e+00
-3.358516e-01 4.145032e-02 9.410024e-01 3.151115e+01 6.041336e-03 9.991055e-01 -4.185351e-02 6.790942e-01 -9.418955e-01 -8.371656e-03 -3.358016e-01 6.015923e+00
-3.606528e-01 4.587414e-02 9.315713e-01 3.226124e+01 9.921811e-03 9.989219e-01 -4.534956e-02 6.254640e-01 -9.326474e-01 -7.112573e-03 -3.607191e-01 5.710349e+00
-3.822221e-01 4.476872e-02 9.229854e-01 3.299633e+01 1.227746e-02 9.989836e-01 -4.337067e-02 5.716872e-01 -9.239889e-01 -5.245310e-03 -3.823833e-01 5.384105e+00
-4.022363e-01 4.094413e-02 9.146199e-01 3.372766e+01 1.636057e-02 9.991614e-01 -3.753360e-02 5.196294e-01 -9.153897e-01 -1.336729e-04 -4.025689e-01 5.032292e+00
-4.208273e-01 3.908437e-02 9.062984e-01 3.445467e+01 2.380235e-02 9.992032e-01 -3.203861e-02 4.700180e-01 -9.068284e-01 8.089310e-03 -4.214223e-01 4.666295e+00
-4.336866e-01 3.959935e-02 9.001932e-01 3.515946e+01 2.739683e-02 9.991515e-01 -3.075352e-02 4.220015e-01 -9.006472e-01 1.132505e-02 -4.344035e-01 4.302117e+00
-4.446235e-01 4.275309e-02 8.946967e-01 3.585756e+01 3.027588e-02 9.990068e-01 -3.269181e-02 3.763968e-01 -8.952057e-01 1.255219e-02 -4.454763e-01 3.925256e+00
-4.545584e-01 4.544752e-02 8.895567e-01 3.654231e+01 3.223983e-02 9.988825e-01 -3.455862e-02 3.342249e-01 -8.901333e-01 1.297024e-02 -4.555157e-01 3.550287e+00
-4.644852e-01 4.514108e-02 8.844296e-01 3.723140e+01 2.641892e-02 9.989618e-01 -3.711207e-02 2.877094e-01 -8.851867e-01 6.127662e-03 -4.651956e-01 3.182268e+00
-4.758595e-01 4.393323e-02 8.784234e-01 3.791243e+01 2.581898e-02 9.990190e-01 -3.597801e-02 2.492979e-01 -8.791423e-01 5.559516e-03 -4.765270e-01 2.805094e+00
-4.833896e-01 4.533804e-02 8.742305e-01 3.860822e+01 2.815583e-02 9.989465e-01 -3.623763e-02 2.046812e-01 -8.749524e-01 7.097789e-03 -4.841569e-01 2.400881e+00
-4.903728e-01 4.829562e-02 8.701736e-01 3.930782e+01 3.155145e-02 9.987926e-01 -3.765380e-02 1.559789e-01 -8.709414e-01 8.990835e-03 -4.913046e-01 1.999012e+00
-4.940855e-01 5.156736e-02 8.678827e-01 4.001917e+01 3.258348e-02 9.986365e-01 -4.078665e-02 1.120091e-01 -8.688025e-01 8.126546e-03 -4.950920e-01 1.591736e+00
-4.925762e-01 5.313553e-02 8.686457e-01 4.075722e+01 3.158066e-02 9.985683e-01 -4.317477e-02 6.492593e-02 -8.696961e-01 6.165542e-03 -4.935490e-01 1.177557e+00
-4.885498e-01 5.366770e-02 8.708840e-01 4.151072e+01 3.358593e-02 9.985236e-01 -4.269233e-02 1.275415e-02 -8.718894e-01 8.392119e-03 -4.896309e-01 7.599486e-01
-4.825877e-01 5.258657e-02 8.742675e-01 4.228538e+01 3.239618e-02 9.985846e-01 -4.218175e-02 -3.971157e-02 -8.752483e-01 7.966539e-03 -4.836083e-01 3.494109e-01
-4.747424e-01 5.154569e-02 8.786141e-01 4.310726e+01 3.027994e-02 9.986491e-01 -4.222659e-02 -9.166329e-02 -8.796038e-01 6.557629e-03 -4.756619e-01 -7.194928e-02
-4.669822e-01 5.092048e-02 8.827994e-01 4.392350e+01 2.847411e-02 9.986888e-01 -4.254286e-02 -1.448223e-01 -8.838082e-01 5.270170e-03 -4.678198e-01 -4.872268e-01
-4.607168e-01 4.949521e-02 8.861660e-01 4.474654e+01 2.579781e-02 9.987688e-01 -4.237217e-02 -1.991134e-01 -8.871722e-01 3.339572e-03 -4.614264e-01 -8.998868e-01
-4.551264e-01 4.739146e-02 8.891648e-01 4.560145e+01 2.147495e-02 9.988764e-01 -4.224683e-02 -2.554017e-01 -8.901678e-01 -1.328804e-04 -4.556327e-01 -1.323370e+00
-4.539404e-01 4.462229e-02 8.899140e-01 4.643860e+01 1.711708e-02 9.989976e-01 -4.136066e-02 -3.047784e-01 -8.908676e-01 -3.542544e-03 -4.542492e-01 -1.750116e+00
-4.537045e-01 4.240184e-02 8.901429e-01 4.731819e+01 1.471618e-02 9.990877e-01 -4.009060e-02 -3.594275e-01 -8.910307e-01 -5.089784e-03 -4.539146e-01 -2.189337e+00
-4.545488e-01 4.121862e-02 8.897676e-01 4.818770e+01 1.385976e-02 9.991351e-01 -3.920465e-02 -4.108963e-01 -8.906140e-01 -5.488466e-03 -4.547269e-01 -2.639104e+00
-4.554685e-01 4.076046e-02 8.893183e-01 4.905093e+01 1.443313e-02 9.991581e-01 -3.840279e-02 -4.614939e-01 -8.901349e-01 -4.655611e-03 -4.556733e-01 -3.096781e+00
-4.548815e-01 4.041826e-02 8.896343e-01 4.995084e+01 1.461008e-02 9.991738e-01 -3.792459e-02 -5.122851e-01 -8.904321e-01 -4.253566e-03 -4.550961e-01 -3.565940e+00
-4.547498e-01 3.988810e-02 8.897256e-01 5.084523e+01 1.515558e-02 9.991985e-01 -3.704978e-02 -5.644734e-01 -8.904903e-01 -3.364075e-03 -4.549898e-01 -4.038910e+00
-4.550963e-01 3.948457e-02 8.895664e-01 5.174335e+01 1.525338e-02 9.992155e-01 -3.654796e-02 -6.193628e-01 -8.903116e-01 -3.063950e-03 -4.553415e-01 -4.506020e+00
-4.543952e-01 3.856436e-02 8.899651e-01 5.268126e+01 1.425513e-02 9.992493e-01 -3.602157e-02 -6.733724e-01 -8.906861e-01 -3.681461e-03 -4.546038e-01 -4.963731e+00
-4.549925e-01 3.809286e-02 8.896801e-01 5.359787e+01 1.460992e-02 9.992695e-01 -3.531340e-02 -7.301105e-01 -8.903754e-01 -3.069180e-03 -4.552167e-01 -5.405994e+00
-4.544035e-01 3.761039e-02 8.900016e-01 5.451703e+01 1.398217e-02 9.992863e-01 -3.508982e-02 -7.856303e-01 -8.906862e-01 -3.500787e-03 -4.546051e-01 -5.856232e+00
-4.527811e-01 3.638219e-02 8.908791e-01 5.544494e+01 1.395092e-02 9.993339e-01 -3.372089e-02 -8.427262e-01 -8.915126e-01 -2.839596e-03 -4.529871e-01 -6.321132e+00
-4.504317e-01 3.414353e-02 8.921578e-01 5.635443e+01 1.454572e-02 9.994165e-01 -3.090458e-02 -8.987786e-01 -8.926924e-01 -9.433266e-04 -4.506655e-01 -6.780307e+00
-4.474327e-01 3.307733e-02 8.937057e-01 5.725923e+01 1.552982e-02 9.994525e-01 -2.921618e-02 -9.505113e-01 -8.941828e-01 8.068177e-04 -4.477014e-01 -7.244592e+00
-4.451465e-01 3.310729e-02 8.948455e-01 5.814853e+01 1.643255e-02 9.994500e-01 -2.880295e-02 -9.945754e-01 -8.953070e-01 1.883063e-03 -4.454457e-01 -7.719095e+00
-4.434472e-01 3.418441e-02 8.956484e-01 5.901708e+01 1.812378e-02 9.994101e-01 -2.917138e-02 -1.037688e+00 -8.961172e-01 3.296565e-03 -4.438052e-01 -8.187204e+00
-4.415622e-01 3.541358e-02 8.965315e-01 5.990900e+01 1.925245e-02 9.993647e-01 -2.999329e-02 -1.082750e+00 -8.970241e-01 4.016523e-03 -4.419634e-01 -8.643281e+00
-4.434300e-01 3.724036e-02 8.955350e-01 6.078965e+01 1.948790e-02 9.993009e-01 -3.190585e-02 -1.130634e+00 -8.960971e-01 3.304080e-03 -4.438457e-01 -9.081213e+00
-4.458350e-01 3.942811e-02 8.942464e-01 6.167455e+01 1.849652e-02 9.992219e-01 -3.483496e-02 -1.183202e+00 -8.949240e-01 1.009800e-03 -4.462174e-01 -9.546365e+00
-4.500505e-01 4.041639e-02 8.920880e-01 6.255431e+01 1.761538e-02 9.991827e-01 -3.638156e-02 -1.237148e+00 -8.928293e-01 -6.590697e-04 -4.503946e-01 -1.001995e+01
-4.557994e-01 3.954865e-02 8.892035e-01 6.342426e+01 1.834854e-02 9.992176e-01 -3.503636e-02 -1.285861e+00 -8.898934e-01 3.460398e-04 -4.561684e-01 -1.049247e+01
-4.600450e-01 3.690134e-02 8.871285e-01 6.431350e+01 2.065266e-02 9.993104e-01 -3.085770e-02 -1.346972e+00 -8.876554e-01 4.125635e-03 -4.604898e-01 -1.098538e+01
-4.651771e-01 3.538929e-02 8.845099e-01 6.517947e+01 1.835441e-02 9.993713e-01 -3.033204e-02 -1.397110e+00 -8.850273e-01 2.124887e-03 -4.655342e-01 -1.146121e+01
-4.688915e-01 3.788968e-02 8.824427e-01 6.604787e+01 1.937006e-02 9.992803e-01 -3.261396e-02 -1.451938e+00 -8.830434e-01 1.800558e-03 -4.692879e-01 -1.194756e+01
-4.730209e-01 4.043883e-02 8.801227e-01 6.690806e+01 2.013108e-02 9.991814e-01 -3.508977e-02 -1.504373e+00 -8.808212e-01 1.119627e-03 -4.734477e-01 -1.242787e+01
-4.780021e-01 4.094374e-02 8.774039e-01 6.775664e+01 1.851147e-02 9.991607e-01 -3.654059e-02 -1.562062e+00 -8.781636e-01 -1.224446e-03 -4.783589e-01 -1.289778e+01
-4.808336e-01 4.162637e-02 8.758232e-01 6.861637e+01 1.757600e-02 9.991293e-01 -3.783754e-02 -1.619851e+00 -8.766357e-01 -2.800090e-03 -4.811466e-01 -1.337067e+01
-4.835891e-01 4.109534e-02 8.743299e-01 6.947527e+01 1.774170e-02 9.991522e-01 -3.714937e-02 -1.678957e+00 -8.751153e-01 -2.452933e-03 -4.839082e-01 -1.385108e+01
-4.861633e-01 3.419555e-02 8.731987e-01 7.031996e+01 1.875359e-02 9.994122e-01 -2.869695e-02 -1.734689e+00 -8.736667e-01 2.424209e-03 -4.865188e-01 -1.432998e+01
-4.873929e-01 2.516386e-02 8.728201e-01 7.117333e+01 1.780965e-02 9.996632e-01 -1.887570e-02 -1.791071e+00 -8.730011e-01 6.344733e-03 -4.876769e-01 -1.482374e+01
-4.889960e-01 2.209337e-02 8.720062e-01 7.200578e+01 1.747915e-02 9.997267e-01 -1.552753e-02 -1.837416e+00 -8.721109e-01 7.649028e-03 -4.892485e-01 -1.529863e+01
-4.893616e-01 2.726704e-02 8.716546e-01 7.284138e+01 1.723954e-02 9.996182e-01 -2.159142e-02 -1.880883e+00 -8.719106e-01 4.460911e-03 -4.896449e-01 -1.577429e+01
-4.897394e-01 3.307522e-02 8.712413e-01 7.366308e+01 1.811175e-02 9.994505e-01 -2.776155e-02 -1.925729e+00 -8.716807e-01 2.183782e-03 -4.900693e-01 -1.625180e+01
-4.894948e-01 3.727436e-02 8.712092e-01 7.447693e+01 2.327984e-02 9.992885e-01 -2.967425e-02 -1.972845e+00 -8.716954e-01 5.756224e-03 -4.900142e-01 -1.672811e+01
-4.879480e-01 3.802577e-02 8.720440e-01 7.531188e+01 2.643542e-02 9.992361e-01 -2.878021e-02 -2.025510e+00 -8.724723e-01 9.009607e-03 -4.885805e-01 -1.721314e+01
-4.870514e-01 3.576307e-02 8.726408e-01 7.613920e+01 2.650287e-02 9.993063e-01 -2.616197e-02 -2.072768e+00 -8.729711e-01 1.038526e-02 -4.876614e-01 -1.767656e+01
-4.866114e-01 3.084949e-02 8.730737e-01 7.695606e+01 2.501346e-02 9.994586e-01 -2.137386e-02 -2.109234e+00 -8.732604e-01 1.143783e-02 -4.871196e-01 -1.813147e+01
-4.848130e-01 2.548528e-02 8.742465e-01 7.779048e+01 2.411974e-02 9.995848e-01 -1.576345e-02 -2.144101e+00 -8.742852e-01 1.344427e-02 -4.852264e-01 -1.859309e+01
-4.844149e-01 2.034892e-02 8.746017e-01 7.861534e+01 1.676101e-02 9.997618e-01 -1.397755e-02 -2.180064e+00 -8.746778e-01 7.888274e-03 -4.846406e-01 -1.903530e+01
-4.827569e-01 1.641291e-02 8.756006e-01 7.944365e+01 1.023905e-02 9.998618e-01 -1.309692e-02 -2.201833e+00 -8.756945e-01 2.642689e-03 -4.828583e-01 -1.947353e+01
-4.808272e-01 1.653020e-02 8.766595e-01 8.026228e+01 1.326352e-02 9.998450e-01 -1.157825e-02 -2.231234e+00 -8.767150e-01 6.060457e-03 -4.809719e-01 -1.992319e+01
-4.782068e-01 1.962368e-02 8.780280e-01 8.107186e+01 1.864738e-02 9.997518e-01 -1.218812e-02 -2.266152e+00 -8.780493e-01 1.054448e-02 -4.784540e-01 -2.036483e+01
-4.716232e-01 2.271170e-02 8.815076e-01 8.190775e+01 2.013673e-02 9.996850e-01 -1.498296e-02 -2.298573e+00 -8.815702e-01 1.068437e-02 -4.719320e-01 -2.081256e+01
-4.634856e-01 2.411805e-02 8.857761e-01 8.273353e+01 2.450270e-02 9.995961e-01 -1.439603e-02 -2.333634e+00 -8.857656e-01 1.503156e-02 -4.638894e-01 -2.125122e+01
-4.556576e-01 2.616743e-02 8.897705e-01 8.355763e+01 3.159518e-02 9.994134e-01 -1.321183e-02 -2.375533e+00 -8.895943e-01 2.209238e-02 -4.562170e-01 -2.168162e+01
-4.450261e-01 2.575905e-02 8.951471e-01 8.440218e+01 3.044012e-02 9.994437e-01 -1.362689e-02 -2.407869e+00 -8.950001e-01 2.118406e-02 -4.455626e-01 -2.209674e+01
-4.345840e-01 2.355429e-02 9.003233e-01 8.524653e+01 2.788498e-02 9.995306e-01 -1.268974e-02 -2.432757e+00 -9.001995e-01 1.959073e-02 -4.350368e-01 -2.249610e+01
-4.228022e-01 2.132314e-02 9.059711e-01 8.608876e+01 3.008294e-02 9.995024e-01 -9.485292e-03 -2.459381e+00 -9.057226e-01 2.324387e-02 -4.232332e-01 -2.288663e+01
-4.115997e-01 2.025107e-02 9.111397e-01 8.693246e+01 3.051122e-02 9.994989e-01 -8.431765e-03 -2.487098e+00 -9.108539e-01 2.432947e-02 -4.120113e-01 -2.326494e+01
-4.005306e-01 2.016103e-02 9.160616e-01 8.776956e+01 3.216838e-02 9.994510e-01 -7.931278e-03 -2.501409e+00 -9.157186e-01 2.629149e-02 -4.009592e-01 -2.362712e+01
-3.872023e-01 2.167181e-02 9.217400e-01 8.863237e+01 3.572555e-02 9.993256e-01 -8.488488e-03 -2.529310e+00 -9.213024e-01 2.964290e-02 -3.877154e-01 -2.398821e+01
-3.744987e-01 2.639670e-02 9.268516e-01 8.948129e+01 3.702876e-02 9.992231e-01 -1.349620e-02 -2.555473e+00 -9.264878e-01 2.926585e-02 -3.751852e-01 -2.432932e+01
-3.630553e-01 3.522080e-02 9.311017e-01 9.032177e+01 3.939790e-02 9.989719e-01 -2.242609e-02 -2.590043e+00 -9.309343e-01 2.854153e-02 -3.640697e-01 -2.465548e+01
-3.491234e-01 4.062231e-02 9.361959e-01 9.118643e+01 4.023203e-02 9.987885e-01 -2.833505e-02 -2.624799e+00 -9.362127e-01 2.777263e-02 -3.503347e-01 -2.497086e+01
-3.372233e-01 3.939958e-02 9.405999e-01 9.205850e+01 4.082305e-02 9.987961e-01 -2.720143e-02 -2.657335e+00 -9.405392e-01 2.922520e-02 -3.384257e-01 -2.527421e+01
-3.234816e-01 3.639514e-02 9.455343e-01 9.295303e+01 4.198610e-02 9.988279e-01 -2.408242e-02 -2.701354e+00 -9.453025e-01 3.190908e-02 -3.246305e-01 -2.557631e+01
-3.127981e-01 3.722730e-02 9.490898e-01 9.383744e+01 3.941749e-02 9.988796e-01 -2.618917e-02 -2.744558e+00 -9.490014e-01 2.921882e-02 -3.139150e-01 -2.585709e+01
-3.055024e-01 4.227696e-02 9.512523e-01 9.471385e+01 3.630623e-02 9.988046e-01 -3.273031e-02 -2.787214e+00 -9.514989e-01 2.453720e-02 -3.066721e-01 -2.612692e+01
-2.996651e-01 4.769114e-02 9.528517e-01 9.560186e+01 3.042312e-02 9.987195e-01 -4.041901e-02 -2.832083e+00 -9.535593e-01 1.687656e-02 -3.007323e-01 -2.639078e+01
-2.963156e-01 4.985286e-02 9.537881e-01 9.648457e+01 2.836554e-02 9.986556e-01 -4.338562e-02 -2.881806e+00 -9.546688e-01 1.419888e-02 -2.973314e-01 -2.665517e+01
-2.944046e-01 5.022961e-02 9.543600e-01 9.735164e+01 2.957081e-02 9.986184e-01 -4.343690e-02 -2.928518e+00 -9.552233e-01 1.543318e-02 -2.954831e-01 -2.691959e+01
-2.892794e-01 5.030881e-02 9.559218e-01 9.823148e+01 3.028973e-02 9.985990e-01 -4.338862e-02 -2.976351e+00 -9.567654e-01 1.640318e-02 -2.903979e-01 -2.718579e+01
-2.852646e-01 4.801157e-02 9.572455e-01 9.909261e+01 3.252260e-02 9.986543e-01 -4.039654e-02 -3.016920e+00 -9.578969e-01 1.960841e-02 -2.864422e-01 -2.743436e+01
-2.803772e-01 4.592051e-02 9.587909e-01 9.998805e+01 3.590860e-02 9.986577e-01 -3.732922e-02 -3.055623e+00 -9.592180e-01 2.396258e-02 -2.816498e-01 -2.769111e+01
-2.764304e-01 4.464724e-02 9.599963e-01 1.008670e+02 3.921778e-02 9.986122e-01 -3.515044e-02 -3.097437e+00 -9.602334e-01 2.793228e-02 -2.777977e-01 -2.794543e+01
-2.722726e-01 4.571545e-02 9.611336e-01 1.017361e+02 3.968087e-02 9.985545e-01 -3.625443e-02 -3.133780e+00 -9.614016e-01 2.826752e-02 -2.736931e-01 -2.818100e+01
-2.656897e-01 4.696639e-02 9.629139e-01 1.026331e+02 3.346049e-02 9.986601e-01 -3.947741e-02 -3.176828e+00 -9.634777e-01 2.173083e-02 -2.669052e-01 -2.840383e+01
-2.587187e-01 5.092083e-02 9.646096e-01 1.035136e+02 3.783046e-02 9.983776e-01 -4.255688e-02 -3.226505e+00 -9.652116e-01 2.548137e-02 -2.602253e-01 -2.862627e+01
-2.523100e-01 5.488300e-02 9.660888e-01 1.043784e+02 4.271725e-02 9.980487e-01 -4.554231e-02 -3.278655e+00 -9.667031e-01 2.977787e-02 -2.541621e-01 -2.884701e+01
-2.462784e-01 5.391685e-02 9.676983e-01 1.052644e+02 4.403756e-02 9.980428e-01 -4.440002e-02 -3.325899e+00 -9.681981e-01 3.168031e-02 -2.481707e-01 -2.906464e+01
-2.407103e-01 4.961165e-02 9.693282e-01 1.061326e+02 4.511451e-02 9.981853e-01 -3.988544e-02 -3.377777e+00 -9.695480e-01 3.412993e-02 -2.425117e-01 -2.927578e+01
-2.339425e-01 4.697858e-02 9.711148e-01 1.069989e+02 4.594568e-02 9.982502e-01 -3.722292e-02 -3.432651e+00 -9.711642e-01 3.591051e-02 -2.356916e-01 -2.947883e+01
-2.277653e-01 4.978891e-02 9.724423e-01 1.078824e+02 4.520011e-02 9.981559e-01 -4.051868e-02 -3.485431e+00 -9.726664e-01 3.472575e-02 -2.295957e-01 -2.967263e+01
-2.219212e-01 5.283636e-02 9.736320e-01 1.087664e+02 4.712008e-02 9.979453e-01 -4.341564e-02 -3.539882e+00 -9.739254e-01 3.624277e-02 -2.239548e-01 -2.985987e+01
-2.149200e-01 5.356513e-02 9.751616e-01 1.096395e+02 4.770535e-02 9.978787e-01 -4.429898e-02 -3.589627e+00 -9.754658e-01 3.699969e-02 -2.170195e-01 -3.003747e+01
-2.089251e-01 5.299077e-02 9.764949e-01 1.105250e+02 4.803722e-02 9.978815e-01 -4.387358e-02 -3.646229e+00 -9.767511e-01 3.774181e-02 -2.110280e-01 -3.021286e+01
-2.000501e-01 5.293914e-02 9.783544e-01 1.113985e+02 5.202157e-02 9.977047e-01 -4.334902e-02 -3.700634e+00 -9.784037e-01 4.222355e-02 -2.023449e-01 -3.038664e+01
-1.911387e-01 5.334338e-02 9.801125e-01 1.122825e+02 5.612012e-02 9.974827e-01 -4.334438e-02 -3.762219e+00 -9.799574e-01 4.671925e-02 -1.936512e-01 -3.055416e+01
-1.835264e-01 5.436715e-02 9.815102e-01 1.131788e+02 5.884219e-02 9.972866e-01 -4.423850e-02 -3.813619e+00 -9.812521e-01 4.963528e-02 -1.862275e-01 -3.071381e+01
-1.755785e-01 5.430623e-02 9.829664e-01 1.140694e+02 5.413523e-02 9.974992e-01 -4.543944e-02 -3.863982e+00 -9.829759e-01 4.523493e-02 -1.780792e-01 -3.084845e+01
-1.686306e-01 5.335125e-02 9.842344e-01 1.149735e+02 5.029739e-02 9.976990e-01 -4.546357e-02 -3.920601e+00 -9.843952e-01 4.183787e-02 -1.709260e-01 -3.098036e+01
-1.643099e-01 5.392786e-02 9.849335e-01 1.158766e+02 5.465283e-02 9.974683e-01 -4.549681e-02 -3.972387e+00 -9.848936e-01 4.635383e-02 -1.668412e-01 -3.112053e+01
-1.594444e-01 5.401445e-02 9.857281e-01 1.167582e+02 5.579396e-02 9.973991e-01 -4.562914e-02 -4.032305e+00 -9.856290e-01 4.772237e-02 -1.620434e-01 -3.124670e+01
-1.554086e-01 5.552814e-02 9.862884e-01 1.176634e+02 5.666270e-02 9.972762e-01 -4.721846e-02 -4.091989e+00 -9.862239e-01 4.854760e-02 -1.581317e-01 -3.137936e+01
-1.500516e-01 5.496291e-02 9.871492e-01 1.185405e+02 6.232996e-02 9.969933e-01 -4.603654e-02 -4.140694e+00 -9.867114e-01 5.462111e-02 -1.530263e-01 -3.151706e+01
-1.456100e-01 5.408183e-02 9.878628e-01 1.194172e+02 6.955723e-02 9.965935e-01 -4.430714e-02 -4.195717e+00 -9.868939e-01 6.226143e-02 -1.488758e-01 -3.165374e+01
-1.425528e-01 5.351784e-02 9.883393e-01 1.203091e+02 7.180287e-02 9.964654e-01 -4.360140e-02 -4.256463e+00 -9.871793e-01 6.475009e-02 -1.458917e-01 -3.178158e+01
-1.394805e-01 5.573978e-02 9.886548e-01 1.211848e+02 7.022021e-02 9.964577e-01 -4.627296e-02 -4.310126e+00 -9.877319e-01 6.296937e-02 -1.429004e-01 -3.189433e+01
-1.365975e-01 5.765945e-02 9.889472e-01 1.220664e+02 6.840838e-02 9.964705e-01 -4.864925e-02 -4.371832e+00 -9.882618e-01 6.100691e-02 -1.400598e-01 -3.200828e+01
-1.349634e-01 5.714027e-02 9.892016e-01 1.229514e+02 6.717008e-02 9.965669e-01 -4.840125e-02 -4.436270e+00 -9.885712e-01 5.991236e-02 -1.383382e-01 -3.212096e+01
-1.338340e-01 5.590164e-02 9.894258e-01 1.238152e+02 6.659053e-02 9.966585e-01 -4.730296e-02 -4.498300e+00 -9.887640e-01 5.955565e-02 -1.371094e-01 -3.223384e+01
-1.329724e-01 5.139225e-02 9.897864e-01 1.246975e+02 6.844874e-02 9.967465e-01 -4.255792e-02 -4.562681e+00 -9.887533e-01 6.209060e-02 -1.360575e-01 -3.234937e+01
-1.319167e-01 4.594368e-02 9.901955e-01 1.255600e+02 6.814865e-02 9.969822e-01 -3.717961e-02 -4.622268e+00 -9.889154e-01 6.257588e-02 -1.346496e-01 -3.245630e+01
-1.313618e-01 4.326236e-02 9.903900e-01 1.264241e+02 6.932189e-02 9.970026e-01 -3.435660e-02 -4.678873e+00 -9.889078e-01 6.414256e-02 -1.339671e-01 -3.256893e+01
-1.315748e-01 4.647562e-02 9.902162e-01 1.272851e+02 6.928009e-02 9.968890e-01 -3.758323e-02 -4.737662e+00 -9.888824e-01 6.365726e-02 -1.343853e-01 -3.267961e+01
-1.320023e-01 4.946062e-02 9.900147e-01 1.281276e+02 6.993337e-02 9.967303e-01 -4.047165e-02 -4.793715e+00 -9.887794e-01 6.389271e-02 -1.350297e-01 -3.278773e+01
-1.326409e-01 4.850290e-02 9.899767e-01 1.289867e+02 6.757952e-02 9.969202e-01 -3.978852e-02 -4.845450e+00 -9.888576e-01 6.162456e-02 -1.355102e-01 -3.289920e+01
-1.336515e-01 4.736671e-02 9.898958e-01 1.298470e+02 6.682197e-02 9.970147e-01 -3.868533e-02 -4.901269e+00 -9.887730e-01 6.097644e-02 -1.364176e-01 -3.300968e+01
-1.331426e-01 4.694834e-02 9.899843e-01 1.306841e+02 7.144296e-02 9.967335e-01 -3.766008e-02 -4.955080e+00 -9.885186e-01 6.571325e-02 -1.360618e-01 -3.312975e+01
-1.339269e-01 4.864718e-02 9.897965e-01 1.315316e+02 7.109137e-02 9.966927e-01 -3.936693e-02 -5.009218e+00 -9.884380e-01 6.509370e-02 -1.369423e-01 -3.324254e+01
-1.344418e-01 5.086736e-02 9.896150e-01 1.323577e+02 6.392791e-02 9.970464e-01 -4.256456e-02 -5.048193e+00 -9.888572e-01 5.754156e-02 -1.372965e-01 -3.334351e+01
-1.343517e-01 5.268485e-02 9.895322e-01 1.331906e+02 6.044214e-02 9.971620e-01 -4.488467e-02 -5.096584e+00 -9.890887e-01 5.377910e-02 -1.371548e-01 -3.344925e+01
-1.352715e-01 5.501299e-02 9.892801e-01 1.340134e+02 6.133720e-02 9.970073e-01 -4.705561e-02 -5.153418e+00 -9.889082e-01 5.431439e-02 -1.382410e-01 -3.356201e+01
-1.350710e-01 5.553256e-02 9.892785e-01 1.348361e+02 6.362567e-02 9.968537e-01 -4.727067e-02 -5.211067e+00 -9.887910e-01 5.655861e-02 -1.381794e-01 -3.368047e+01
-1.347074e-01 5.632526e-02 9.892833e-01 1.356626e+02 6.363261e-02 9.968141e-01 -4.808939e-02 -5.264079e+00 -9.888401e-01 5.647268e-02 -1.378623e-01 -3.379540e+01
-1.330628e-01 5.510285e-02 9.895746e-01 1.364872e+02 6.917204e-02 9.965349e-01 -4.618922e-02 -5.312055e+00 -9.886908e-01 6.230482e-02 -1.364133e-01 -3.392396e+01
-1.315940e-01 5.156350e-02 9.899617e-01 1.373354e+02 7.582345e-02 9.962442e-01 -4.181164e-02 -5.367684e+00 -9.883996e-01 6.956015e-02 -1.350095e-01 -3.405737e+01
-1.309206e-01 4.710414e-02 9.902732e-01 1.381590e+02 8.093289e-02 9.960444e-01 -3.667880e-02 -5.415747e+00 -9.880838e-01 7.534367e-02 -1.342150e-01 -3.418529e+01
-1.287377e-01 4.730525e-02 9.905498e-01 1.389986e+02 8.630453e-02 9.956062e-01 -3.633008e-02 -5.459132e+00 -9.879161e-01 8.081188e-02 -1.322547e-01 -3.431361e+01
-1.256662e-01 5.179550e-02 9.907195e-01 1.397829e+02 9.131796e-02 9.950005e-01 -4.043622e-02 -5.507259e+00 -9.878608e-01 8.538902e-02 -1.297678e-01 -3.444146e+01
-1.211454e-01 5.543805e-02 9.910855e-01 1.404808e+02 9.820971e-02 9.942098e-01 -4.360814e-02 -5.543555e+00 -9.877645e-01 9.205129e-02 -1.258885e-01 -3.455115e+01
-1.145228e-01 5.585915e-02 9.918489e-01 1.412109e+02 9.910457e-02 9.940796e-01 -4.454177e-02 -5.581338e+00 -9.884649e-01 9.319571e-02 -1.193807e-01 -3.465614e+01
-1.056377e-01 5.248159e-02 9.930188e-01 1.419947e+02 1.062501e-01 9.934854e-01 -4.120333e-02 -5.612873e+00 -9.887121e-01 1.011558e-01 -1.105257e-01 -3.476979e+01
-9.483299e-02 5.105951e-02 9.941829e-01 1.427482e+02 1.159021e-01 9.924583e-01 -3.991529e-02 -5.645288e+00 -9.887231e-01 1.114426e-01 -1.000357e-01 -3.487287e+01
-8.221471e-02 5.373887e-02 9.951647e-01 1.434971e+02 1.249670e-01 9.912199e-01 -4.320180e-02 -5.677604e+00 -9.887487e-01 1.208109e-01 -8.820844e-02 -3.496898e+01
-6.820842e-02 5.556929e-02 9.961223e-01 1.442874e+02 1.309607e-01 9.903069e-01 -4.627748e-02 -5.711396e+00 -9.890384e-01 1.272963e-01 -7.482466e-02 -3.505555e+01
-5.506128e-02 5.586245e-02 9.969191e-01 1.450536e+02 1.352521e-01 9.896486e-01 -4.798488e-02 -5.746442e+00 -9.892801e-01 1.321933e-01 -6.204683e-02 -3.512336e+01
-4.202196e-02 5.797917e-02 9.974330e-01 1.457904e+02 1.439021e-01 9.882570e-01 -5.138317e-02 -5.784629e+00 -9.886993e-01 1.413734e-01 -4.987182e-02 -3.517930e+01
-2.892484e-02 6.414108e-02 9.975216e-01 1.464961e+02 1.511140e-01 9.867501e-01 -5.906666e-02 -5.830601e+00 -9.880931e-01 1.490310e-01 -3.823420e-02 -3.521610e+01
-1.700734e-02 7.290441e-02 9.971939e-01 1.471379e+02 1.539765e-01 9.856319e-01 -6.943302e-02 -5.875103e+00 -9.879281e-01 1.523636e-01 -2.798854e-02 -3.523031e+01
-4.659357e-03 8.039702e-02 9.967520e-01 1.477806e+02 1.550676e-01 9.847637e-01 -7.870519e-02 -5.925405e+00 -9.878929e-01 1.541973e-01 -1.705534e-02 -3.523448e+01
8.330031e-03 8.113358e-02 9.966684e-01 1.485109e+02 1.588966e-01 9.839318e-01 -8.142480e-02 -5.982813e+00 -9.872601e-01 1.590455e-01 -4.695669e-03 -3.523718e+01
2.090178e-02 7.765129e-02 9.967615e-01 1.492658e+02 1.595357e-01 9.839455e-01 -7.999829e-02 -6.045141e+00 -9.869709e-01 1.606911e-01 8.178063e-03 -3.522707e+01
3.058630e-02 7.530562e-02 9.966913e-01 1.499495e+02 1.539919e-01 9.848976e-01 -7.914022e-02 -6.110500e+00 -9.875986e-01 1.559030e-01 1.852791e-02 -3.521006e+01
3.766347e-02 8.082119e-02 9.960168e-01 1.505888e+02 1.477117e-01 9.853245e-01 -8.553915e-02 -6.180040e+00 -9.883131e-01 1.503451e-01 2.517250e-02 -3.519004e+01
4.249419e-02 8.819205e-02 9.951967e-01 1.512238e+02 1.416967e-01 9.854957e-01 -9.338272e-02 -6.246150e+00 -9.889976e-01 1.449843e-01 2.938131e-02 -3.517004e+01
4.467631e-02 9.089778e-02 9.948576e-01 1.518850e+02 1.350789e-01 9.861568e-01 -9.616883e-02 -6.311448e+00 -9.898271e-01 1.386808e-01 3.177948e-02 -3.514976e+01
4.394174e-02 8.664801e-02 9.952694e-01 1.525767e+02 1.325630e-01 9.869167e-01 -9.177356e-02 -6.383984e+00 -9.902001e-01 1.359686e-01 3.188051e-02 -3.513061e+01
4.198065e-02 8.208902e-02 9.957404e-01 1.532143e+02 1.296274e-01 9.877479e-01 -8.689524e-02 -6.459598e+00 -9.906737e-01 1.327232e-01 3.082532e-02 -3.512059e+01
3.891887e-02 7.923993e-02 9.960956e-01 1.539086e+02 1.303623e-01 9.879285e-01 -8.368368e-02 -6.531316e+00 -9.907023e-01 1.331102e-01 2.811916e-02 -3.511378e+01
3.664045e-02 7.911283e-02 9.961921e-01 1.546138e+02 1.311978e-01 9.878523e-01 -8.327605e-02 -6.597297e+00 -9.906789e-01 1.337495e-01 2.581592e-02 -3.510885e+01
3.460675e-02 7.922909e-02 9.962556e-01 1.553131e+02 1.354807e-01 9.872787e-01 -8.322135e-02 -6.664979e+00 -9.901754e-01 1.378534e-01 2.343249e-02 -3.510706e+01
3.168134e-02 7.806223e-02 9.964450e-01 1.560101e+02 1.380659e-01 9.870463e-01 -8.171565e-02 -6.731693e+00 -9.899162e-01 1.401639e-01 2.049321e-02 -3.510253e+01
2.771354e-02 7.781379e-02 9.965826e-01 1.567440e+02 1.396251e-01 9.868909e-01 -8.093982e-02 -6.799430e+00 -9.898165e-01 1.413911e-01 1.648548e-02 -3.509364e+01
2.336953e-02 7.641741e-02 9.968020e-01 1.574717e+02 1.441706e-01 9.863944e-01 -7.899954e-02 -6.853993e+00 -9.892769e-01 1.455557e-01 1.203443e-02 -3.508994e+01
1.868074e-02 7.361970e-02 9.971114e-01 1.581832e+02 1.494615e-01 9.858739e-01 -7.559015e-02 -6.921654e+00 -9.885911e-01 1.504418e-01 7.413546e-03 -3.509447e+01
1.383927e-02 7.284786e-02 9.972470e-01 1.589077e+02 1.517444e-01 9.856379e-01 -7.410565e-02 -6.988362e+00 -9.883229e-01 1.523522e-01 2.586251e-03 -3.509733e+01
9.182812e-03 7.391735e-02 9.972221e-01 1.596358e+02 1.530751e-01 9.854060e-01 -7.445108e-02 -7.050324e+00 -9.881719e-01 1.533336e-01 -2.266108e-03 -3.510076e+01
4.711634e-03 7.566911e-02 9.971219e-01 1.603432e+02 1.548984e-01 9.850424e-01 -7.548436e-02 -7.114628e+00 -9.879192e-01 1.548082e-01 -7.079862e-03 -3.510734e+01
1.687649e-03 7.695870e-02 9.970329e-01 1.610779e+02 1.586094e-01 9.843926e-01 -7.625150e-02 -7.179166e+00 -9.873400e-01 1.582675e-01 -1.054507e-02 -3.512302e+01
-7.114468e-04 7.826836e-02 9.969321e-01 1.617940e+02 1.636482e-01 9.835015e-01 -7.709715e-02 -7.238174e+00 -9.865185e-01 1.630913e-01 -1.350819e-02 -3.514105e+01
-6.538825e-04 7.640636e-02 9.970765e-01 1.625121e+02 1.681994e-01 9.828798e-01 -7.520815e-02 -7.301472e+00 -9.857528e-01 1.676585e-01 -1.349419e-02 -3.516333e+01
2.986861e-03 7.266029e-02 9.973523e-01 1.632122e+02 1.688188e-01 9.830050e-01 -7.212062e-02 -7.380315e+00 -9.856426e-01 1.685872e-01 -9.330324e-03 -3.517315e+01
1.044242e-02 7.183749e-02 9.973617e-01 1.639278e+02 1.684162e-01 9.830410e-01 -7.256933e-02 -7.460109e+00 -9.856607e-01 1.687296e-01 -1.833267e-03 -3.517522e+01
2.159812e-02 7.234069e-02 9.971461e-01 1.646316e+02 1.703312e-01 9.825308e-01 -7.496975e-02 -7.536790e+00 -9.851502e-01 1.714642e-01 8.898947e-03 -3.516840e+01
3.607974e-02 7.231717e-02 9.967289e-01 1.653070e+02 1.731128e-01 9.818478e-01 -7.750384e-02 -7.606004e+00 -9.842409e-01 1.753429e-01 2.290578e-02 -3.515478e+01
5.117368e-02 6.989350e-02 9.962410e-01 1.659924e+02 1.711397e-01 9.821783e-01 -7.769780e-02 -7.682474e+00 -9.839169e-01 1.744725e-01 3.830012e-02 -3.511924e+01
6.616353e-02 6.475161e-02 9.957056e-01 1.666832e+02 1.650583e-01 9.834340e-01 -7.492152e-02 -7.761960e+00 -9.840621e-01 1.693065e-01 5.437968e-02 -3.506404e+01
8.213648e-02 5.800623e-02 9.949316e-01 1.673457e+02 1.635032e-01 9.839942e-01 -7.086655e-02 -7.833752e+00 -9.831176e-01 1.684952e-01 7.133762e-02 -3.500600e+01
9.896338e-02 5.080786e-02 9.937931e-01 1.680187e+02 1.624559e-01 9.844718e-01 -6.650890e-02 -7.901768e+00 -9.817405e-01 1.680295e-01 8.917261e-02 -3.494288e+01
1.166488e-01 4.319532e-02 9.922334e-01 1.686976e+02 1.619102e-01 9.848616e-01 -6.190886e-02 -7.966881e+00 -9.798868e-01 1.678743e-01 1.078892e-01 -3.486252e+01
1.344709e-01 3.784694e-02 9.901945e-01 1.693503e+02 1.595302e-01 9.854087e-01 -5.932862e-02 -8.026896e+00 -9.779917e-01 1.659439e-01 1.264711e-01 -3.477061e+01
1.526600e-01 3.545525e-02 9.876426e-01 1.700078e+02 1.580304e-01 9.856212e-01 -5.980946e-02 -8.091170e+00 -9.755621e-01 1.652080e-01 1.448620e-01 -3.466763e+01
1.704838e-01 3.476673e-02 9.847470e-01 1.706386e+02 1.562485e-01 9.857792e-01 -6.185361e-02 -8.153653e+00 -9.728935e-01 1.644103e-01 1.626271e-01 -3.455827e+01
1.885519e-01 3.444709e-02 9.814589e-01 1.712854e+02 1.529013e-01 9.861678e-01 -6.398683e-02 -8.211502e+00 -9.700873e-01 1.621312e-01 1.806768e-01 -3.443329e+01
2.056814e-01 3.423719e-02 9.780199e-01 1.719436e+02 1.528808e-01 9.859933e-01 -6.666774e-02 -8.253153e+00 -9.666037e-01 1.632328e-01 1.975663e-01 -3.429116e+01
2.203794e-01 3.166228e-02 9.749002e-01 1.725585e+02 1.514579e-01 9.862399e-01 -6.626811e-02 -8.297192e+00 -9.635836e-01 1.622605e-01 2.125514e-01 -3.414542e+01
2.329126e-01 2.723764e-02 9.721162e-01 1.731690e+02 1.578206e-01 9.852984e-01 -6.541976e-02 -8.341172e+00 -9.596064e-01 1.686570e-01 2.251897e-01 -3.400960e+01
2.439235e-01 2.546331e-02 9.694601e-01 1.737969e+02 1.647571e-01 9.840355e-01 -6.730026e-02 -8.387868e+00 -9.556968e-01 1.761416e-01 2.358341e-01 -3.386165e+01
2.533214e-01 2.900368e-02 9.669473e-01 1.743693e+02 1.644930e-01 9.837028e-01 -7.260023e-02 -8.434270e+00 -9.532945e-01 1.774472e-01 2.444221e-01 -3.370924e+01
2.618312e-01 3.591207e-02 9.644453e-01 1.749599e+02 1.640885e-01 9.831017e-01 -8.115412e-02 -8.484673e+00 -9.510622e-01 1.795031e-01 2.515140e-01 -3.354949e+01
2.698777e-01 4.508149e-02 9.618387e-01 1.755165e+02 1.664321e-01 9.816849e-01 -9.271005e-02 -8.536865e+00 -9.484020e-01 1.851012e-01 2.574319e-01 -3.340134e+01
2.766354e-01 5.093673e-02 9.596240e-01 1.760767e+02 1.723813e-01 9.797663e-01 -1.016991e-01 -8.592914e+00 -9.453875e-01 1.935548e-01 2.622575e-01 -3.326198e+01
2.826840e-01 4.917761e-02 9.579516e-01 1.766763e+02 1.759071e-01 9.790902e-01 -1.021716e-01 -8.655902e+00 -9.429456e-01 1.973927e-01 2.681224e-01 -3.309780e+01
2.884578e-01 4.256602e-02 9.565460e-01 1.772708e+02 1.762817e-01 9.795734e-01 -9.675060e-02 -8.717722e+00 -9.411253e-01 1.965301e-01 2.750620e-01 -3.292431e+01
2.927888e-01 3.241016e-02 9.556277e-01 1.778781e+02 1.754729e-01 9.806308e-01 -8.702018e-02 -8.789632e+00 -9.399383e-01 1.931653e-01 2.814306e-01 -3.274631e+01
2.951466e-01 2.454313e-02 9.551367e-01 1.784702e+02 1.771422e-01 9.809330e-01 -7.994465e-02 -8.859783e+00 -9.388872e-01 1.927904e-01 2.851714e-01 -3.257304e+01
2.964638e-01 2.278041e-02 9.547724e-01 1.790724e+02 1.811303e-01 9.802300e-01 -7.963009e-02 -8.935859e+00 -9.377105e-01 1.965456e-01 2.864765e-01 -3.240334e+01
