1.000000e+00 0.000000e+00 0.000000e+00 0.000000e+00 0.000000e+00 1.000000e+00 0.000000e+00 0.000000e+00 0.000000e+00 0.000000e+00 1.000000e+00 0.000000e+00
9.999794e-01 3.251328e-05 -6.414053e-03 -8.970561e-03 -2.848140e-05 9.999998e-01 6.286918e-04 -3.654439e-03 6.414072e-03 -6.284962e-04 9.999792e-01 8.718023e-02
9.999143e-01 3.243461e-04 -1.309018e-02 -1.687227e-02 -3.125961e-04 9.999995e-01 8.996547e-04 -7.945716e-03 1.309046e-02 -8.954856e-04 9.999139e-01 1.686132e-01
9.997944e-01 3.574869e-04 -2.027244e-02 -2.498318e-02 -3.450053e-04 9.999997e-01 6.191841e-04 -1.203070e-02 2.027266e-02 -6.120628e-04 9.997943e-01 2.554587e-01
9.995769e-01 7.226216e-04 -2.907855e-02 -3.636662e-02 -7.365369e-04 9.999996e-01 -4.678333e-04 -1.510857e-02 2.907820e-02 4.890528e-04 9.995770e-01 3.497761e-01
9.991856e-01 5.216609e-04 -4.034642e-02 -5.119467e-02 -5.916085e-04 9.999983e-01 -1.721755e-03 -1.849063e-02 4.034545e-02 1.744222e-03 9.991843e-01 4.549676e-01
9.985500e-01 2.733898e-04 -5.383186e-02 -6.948611e-02 -3.948360e-04 9.999974e-01 -2.245405e-03 -2.251327e-02 5.383110e-02 2.263403e-03 9.985475e-01 5.714304e-01
9.975752e-01 9.606231e-05 -6.959725e-02 -9.300797e-02 -2.361510e-04 9.999980e-01 -2.004623e-03 -2.550306e-02 6.959691e-02 2.016198e-03 9.975732e-01 6.927158e-01
9.961213e-01 -1.040280e-03 -8.798403e-02 -1.192900e-01 8.700593e-04 9.999977e-01 -1.973002e-03 -2.887648e-02 8.798587e-02 1.888798e-03 9.961199e-01 8.246907e-01
9.941479e-01 -2.287019e-03 -1.080033e-01 -1.508502e-01 2.095927e-03 9.999960e-01 -1.882800e-03 -3.616284e-02 1.080072e-01 1.645414e-03 9.941488e-01 9.703063e-01
9.914657e-01 -2.224141e-03 -1.303490e-01 -1.926726e-01 1.977572e-03 9.999960e-01 -2.021014e-03 -4.265913e-02 1.303530e-01 1.745991e-03 9.914661e-01 1.119081e+00
9.880041e-01 1.331460e-03 -1.544216e-01 -2.484829e-01 -1.806322e-03 9.999941e-01 -2.934831e-03 -5.004406e-02 1.544168e-01 3.178560e-03 9.880007e-01 1.280918e+00
9.836711e-01 5.335291e-03 -1.798962e-01 -3.122731e-01 -6.278793e-03 9.999694e-01 -4.675692e-03 -5.688139e-02 1.798657e-01 5.728874e-03 9.836745e-01 1.447866e+00
9.783701e-01 8.443900e-03 -2.066896e-01 -3.829088e-01 -9.762179e-03 9.999380e-01 -5.358992e-03 -6.469421e-02 2.066315e-01 7.260819e-03 9.783919e-01 1.616383e+00
9.717152e-01 9.603258e-03 -2.359604e-01 -4.587854e-01 -1.114418e-02 9.999244e-01 -5.197650e-03 -7.331351e-02 2.358926e-01 7.680220e-03 9.717488e-01 1.805288e+00
9.637947e-01 1.136693e-02 -2.664030e-01 -5.435298e-01 -1.304276e-02 9.999047e-01 -4.522081e-03 -7.924901e-02 2.663262e-01 7.832987e-03 9.638511e-01 1.984517e+00
9.543401e-01 1.309904e-02 -2.984349e-01 -6.389080e-01 -1.481629e-02 9.998841e-01 -3.492414e-03 -8.370897e-02 2.983546e-01 7.754651e-03 9.544236e-01 2.178224e+00
9.432266e-01 1.543547e-02 -3.317911e-01 -7.427657e-01 -1.703276e-02 9.998531e-01 -1.906472e-03 -9.060125e-02 3.317129e-01 7.449552e-03 9.433510e-01 2.359541e+00
9.308469e-01 1.788624e-02 -3.649713e-01 -8.553238e-01 -1.978757e-02 9.998031e-01 -1.469917e-03 -9.255614e-02 3.648731e-01 8.590162e-03 9.310176e-01 2.531890e+00
9.169734e-01 2.071197e-02 -3.984103e-01 -9.793144e-01 -2.287012e-02 9.997382e-01 -6.645191e-04 -9.529617e-02 3.982922e-01 9.721039e-03 9.172071e-01 2.725080e+00
9.011816e-01 2.137030e-02 -4.329146e-01 -1.103683e+00 -2.377188e-02 9.997174e-01 -1.351668e-04 -9.408494e-02 4.327893e-01 1.041300e-02 9.014349e-01 2.905786e+00
8.831960e-01 1.742201e-02 -4.686803e-01 -1.233422e+00 -2.012026e-02 9.997973e-01 -7.503107e-04 -9.490303e-02 4.685723e-01 1.009264e-02 8.833675e-01 3.076330e+00
8.620604e-01 1.351681e-02 -5.066253e-01 -1.381138e+00 -1.602495e-02 9.998714e-01 -5.909655e-04 -1.039134e-01 5.065521e-01 8.628091e-03 8.621662e-01 3.272916e+00
8.376522e-01 1.474227e-02 -5.460050e-01 -1.543001e+00 -1.613668e-02 9.998673e-01 2.240626e-03 -1.111567e-01 5.459656e-01 6.933842e-03 8.377789e-01 3.443533e+00
8.090610e-01 1.999668e-02 -5.873844e-01 -1.736592e+00 -2.048013e-02 9.997733e-01 5.826635e-03 -1.136545e-01 5.873677e-01 7.315603e-03 8.092871e-01 3.622749e+00
7.770622e-01 2.320031e-02 -6.289961e-01 -1.942537e+00 -2.355566e-02 9.996923e-01 7.772629e-03 -1.199586e-01 6.289829e-01 8.776604e-03 7.773696e-01 3.783859e+00
7.421456e-01 2.272784e-02 -6.698533e-01 -2.144380e+00 -2.321077e-02 9.996969e-01 8.203562e-03 -1.202411e-01 6.698367e-01 9.459574e-03 7.424482e-01 3.930877e+00
7.030527e-01 1.962672e-02 -7.108668e-01 -2.372976e+00 -1.814158e-02 9.997887e-01 9.661562e-03 -1.257799e-01 7.109063e-01 6.103662e-03 7.032603e-01 4.112549e+00
6.611388e-01 1.642344e-02 -7.500839e-01 -2.609518e+00 -1.308095e-02 9.998607e-01 1.036262e-02 -1.279370e-01 7.501496e-01 2.960683e-03 6.612615e-01 4.271185e+00
6.174237e-01 1.597255e-02 -7.864686e-01 -2.860770e+00 -1.052351e-02 9.998721e-01 1.204504e-02 -1.286612e-01 7.865604e-01 8.395159e-04 6.175128e-01 4.415064e+00
5.700226e-01 1.630139e-02 -8.214673e-01 -3.143907e+00 -7.850241e-03 9.998656e-01 1.439422e-02 -1.282641e-01 8.215915e-01 -1.756315e-03 5.700739e-01 4.566330e+00
5.198250e-01 1.742355e-02 -8.540950e-01 -3.436603e+00 -6.423644e-03 9.998434e-01 1.648721e-02 -1.294582e-01 8.542486e-01 -3.084063e-03 5.198556e-01 4.686162e+00
4.682490e-01 1.862870e-02 -8.834002e-01 -3.737807e+00 -5.414403e-03 9.998195e-01 1.821377e-02 -1.268246e-01 8.835800e-01 -3.745493e-03 4.682653e-01 4.782663e+00
4.140029e-01 2.058530e-02 -9.100428e-01 -4.082535e+00 -4.353459e-03 9.997776e-01 2.063461e-02 -1.268381e-01 9.102652e-01 -4.580955e-03 4.140004e-01 4.890181e+00
3.596791e-01 2.244394e-02 -9.328061e-01 -4.417929e+00 -3.861868e-03 9.997379e-01 2.256527e-02 -1.247029e-01 9.330681e-01 -4.513882e-03 3.596715e-01 4.963778e+00
3.047656e-01 2.500813e-02 -9.520990e-01 -4.796436e+00 -1.804348e-03 9.996686e-01 2.568003e-02 -1.247289e-01 9.524257e-01 -6.108472e-03 3.047097e-01 5.038180e+00
2.515819e-01 2.671006e-02 -9.674674e-01 -5.173098e+00 2.605006e-03 9.995968e-01 2.827450e-02 -1.262033e-01 9.678325e-01 -9.633612e-03 2.514109e-01 5.099500e+00
2.010031e-01 2.762039e-02 -9.792011e-01 -5.559628e+00 4.861061e-03 9.995620e-01 2.919256e-02 -1.280852e-01 9.795785e-01 -1.062775e-02 2.007808e-01 5.148370e+00
1.538064e-01 2.825025e-02 -9.876971e-01 -5.974255e+00 3.110334e-03 9.995724e-01 2.907426e-02 -1.236675e-01 9.880961e-01 -7.543875e-03 1.536528e-01 5.166870e+00
1.114625e-01 2.818869e-02 -9.933688e-01 -6.394930e+00 9.078816e-04 9.995943e-01 2.846722e-02 -1.146260e-01 9.937682e-01 -4.074891e-03 1.113917e-01 5.176221e+00
7.344906e-02 2.674883e-02 -9.969402e-01 -6.839759e+00 -5.936799e-04 9.996412e-01 2.677756e-02 -1.074816e-01 9.972988e-01 -1.374923e-03 7.343858e-02 5.179132e+00
3.879335e-02 2.429957e-02 -9.989518e-01 -7.292096e+00 -3.972131e-05 9.997043e-01 2.431633e-02 -1.024928e-01 9.992473e-01 -9.036321e-04 3.878284e-02 5.171474e+00
7.720946e-03 2.173596e-02 -9.997339e-01 -7.780005e+00 2.915066e-04 9.997636e-01 2.173886e-02 -1.004634e-01 9.999702e-01 -4.592737e-04 7.712785e-03 5.146863e+00
-1.918522e-02 1.992128e-02 -9.996175e-01 -8.284715e+00 3.175603e-04 9.998015e-01 1.991886e-02 -9.692406e-02 9.998159e-01 6.470877e-05 -1.918774e-02 5.109632e+00
-3.964407e-02 1.784785e-02 -9.990545e-01 -8.799704e+00 1.143757e-04 9.998405e-01 1.785736e-02 -8.983768e-02 9.992139e-01 5.936706e-04 -3.963979e-02 5.064236e+00
-5.604330e-02 1.727618e-02 -9.982789e-01 -9.334382e+00 2.585210e-04 9.998505e-01 1.728886e-02 -7.455478e-02 9.984283e-01 7.108488e-04 -5.603939e-02 5.017303e+00
-6.962739e-02 1.847370e-02 -9.974020e-01 -9.867885e+00 8.507374e-04 9.998293e-01 1.845927e-02 -6.561865e-02 9.975727e-01 4.367433e-04 -6.963122e-02 4.968322e+00
-7.975339e-02 2.014024e-02 -9.966111e-01 -1.041909e+01 5.249295e-04 9.997966e-01 2.016261e-02 -5.763205e-02 9.968145e-01 1.084886e-03 -7.974774e-02 4.911768e+00
-8.790501e-02 2.201773e-02 -9.958855e-01 -1.098218e+01 5.422902e-04 9.997566e-01 2.205545e-02 -4.974970e-02 9.961287e-01 1.398726e-03 -8.789556e-02 4.848707e+00
-9.299593e-02 2.356106e-02 -9.953877e-01 -1.155269e+01 8.048917e-04 9.997214e-01 2.358844e-02 -3.406771e-02 9.956662e-01 1.392450e-03 -9.298899e-02 4.788028e+00
-9.600003e-02 2.479054e-02 -9.950726e-01 -1.214903e+01 3.111625e-03 9.996924e-01 2.460544e-02 -2.246177e-02 9.953765e-01 -7.341689e-04 -9.604763e-02 4.730174e+00
-9.594488e-02 2.706233e-02 -9.950187e-01 -1.275111e+01 5.204770e-03 9.996303e-01 2.668589e-02 -8.661300e-03 9.953730e-01 -2.618469e-03 -9.605027e-02 4.672375e+00
-9.531369e-02 2.935965e-02 -9.950142e-01 -1.338798e+01 5.497754e-03 9.995652e-01 2.896730e-02 3.148077e-03 9.954321e-01 -2.709364e-03 -9.543366e-02 4.610234e+00
-9.495183e-02 2.932984e-02 -9.950497e-01 -1.400061e+01 4.419173e-03 9.995684e-01 2.904134e-02 1.308123e-02 9.954721e-01 -1.639769e-03 -9.504047e-02 4.544738e+00
-9.349007e-02 2.709297e-02 -9.952515e-01 -1.464616e+01 1.497095e-03 9.996324e-01 2.707159e-02 2.139089e-02 9.956191e-01 1.040940e-03 -9.349627e-02 4.480660e+00
-9.225981e-02 2.673929e-02 -9.953759e-01 -1.537256e+01 1.568725e-03 9.996420e-01 2.670850e-02 3.093455e-02 9.957337e-01 9.026495e-04 -9.226873e-02 4.413535e+00
-9.031634e-02 2.950677e-02 -9.954759e-01 -1.608711e+01 1.821959e-03 9.995642e-01 2.946265e-02 4.047376e-02 9.959115e-01 8.472422e-04 -9.033074e-02 4.347929e+00
-8.883178e-02 3.290645e-02 -9.955029e-01 -1.679920e+01 1.523271e-03 9.994574e-01 3.290124e-02 5.183325e-02 9.960455e-01 1.406255e-03 -8.883371e-02 4.282314e+00
-8.695327e-02 3.486776e-02 -9.956020e-01 -1.753369e+01 1.620827e-03 9.993909e-01 3.485890e-02 6.141986e-02 9.962111e-01 1.417397e-03 -8.695683e-02 4.215402e+00
-8.543577e-02 3.465405e-02 -9.957408e-01 -1.825830e+01 6.114868e-04 9.993966e-01 3.472881e-02 7.464012e-02 9.963435e-01 2.358200e-03 -8.540541e-02 4.149381e+00
-8.397935e-02 3.216702e-02 -9.959482e-01 -1.901292e+01 -2.040990e-03 9.994712e-01 3.245290e-02 8.846056e-02 9.964654e-01 4.758094e-03 -8.386929e-02 4.080374e+00
-8.247394e-02 3.120668e-02 -9.961045e-01 -1.979882e+01 -2.946284e-03 9.994976e-01 3.155693e-02 1.067133e-01 9.965889e-01 5.537431e-03 -8.234056e-02 4.011280e+00
-8.201409e-02 3.344638e-02 -9.960698e-01 -2.056592e+01 1.360745e-04 9.994371e-01 3.354825e-02 1.174280e-01 9.966312e-01 2.615889e-03 -8.197247e-02 3.951330e+00
-8.059131e-02 3.541438e-02 -9.961179e-01 -2.135359e+01 2.098466e-03 9.993724e-01 3.536030e-02 1.290650e-01 9.967450e-01 7.594132e-04 -8.061505e-02 3.890115e+00
-8.024582e-02 3.699255e-02 -9.960884e-01 -2.213873e+01 3.600728e-03 9.993153e-01 3.682231e-02 1.409161e-01 9.967686e-01 -6.318069e-04 -8.032408e-02 3.826895e+00
-7.973007e-02 3.269582e-02 -9.962801e-01 -2.294031e+01 3.538011e-03 9.994649e-01 3.251720e-02 1.532799e-01 9.968102e-01 -9.322508e-04 -7.980309e-02 3.760260e+00
-7.922826e-02 2.612464e-02 -9.965141e-01 -2.374251e+01 3.377959e-03 9.996578e-01 2.593849e-02 1.625308e-01 9.968508e-01 -1.311122e-03 -7.928940e-02 3.698180e+00
-7.950035e-02 2.192222e-02 -9.965938e-01 -2.454497e+01 4.899451e-03 9.997547e-01 2.160091e-02 1.707713e-01 9.968228e-01 -3.165482e-03 -7.958825e-02 3.637047e+00
-7.977583e-02 2.213006e-02 -9.965671e-01 -2.536814e+01 4.609932e-03 9.997510e-01 2.183174e-02 1.797760e-01 9.968022e-01 -2.852462e-03 -7.985799e-02 3.572525e+00
-8.065999e-02 2.884877e-02 -9.963241e-01 -2.620367e+01 3.641818e-03 9.995829e-01 2.864830e-02 1.854342e-01 9.967350e-01 -1.317660e-03 -8.073141e-02 3.502437e+00
-8.105356e-02 3.570294e-02 -9.960701e-01 -2.704598e+01 1.578736e-03 9.993616e-01 3.569245e-02 1.965543e-01 9.967085e-01 1.320468e-03 -8.105818e-02 3.429834e+00
-8.082619e-02 4.020464e-02 -9.959170e-01 -2.789431e+01 -1.639166e-03 9.991794e-01 4.046937e-02 2.118158e-01 9.967269e-01 4.903459e-03 -8.069397e-02 3.355690e+00
-8.132301e-02 4.012370e-02 -9.958798e-01 -2.873409e+01 -4.760255e-03 9.991623e-01 4.064467e-02 2.263433e-01 9.966764e-01 8.045989e-03 -8.106389e-02 3.284172e+00
-8.117477e-02 3.640047e-02 -9.960350e-01 -2.957145e+01 -7.268664e-03 9.992847e-01 3.711161e-02 2.380739e-01 9.966734e-01 1.025237e-02 -8.085212e-02 3.215057e+00
-8.242400e-02 3.344066e-02 -9.960361e-01 -3.041085e+01 -9.479936e-03 9.993654e-01 3.433692e-02 2.476496e-01 9.965523e-01 1.227255e-02 -8.205468e-02 3.144255e+00
-8.303634e-02 3.331695e-02 -9.959894e-01 -3.125528e+01 -1.299208e-02 9.993198e-01 3.451152e-02 2.594506e-01 9.964618e-01 1.580568e-02 -8.254701e-02 3.068176e+00
-8.259268e-02 3.452898e-02 -9.959850e-01 -3.210115e+01 -1.529256e-02 9.992380e-01 3.590990e-02 2.655429e-01 9.964660e-01 1.819705e-02 -8.200171e-02 2.992753e+00
-8.327911e-02 3.226674e-02 -9.960037e-01 -3.293236e+01 -1.807083e-02 9.992624e-01 3.388327e-02 2.674995e-01 9.963624e-01 2.082038e-02 -8.263460e-02 2.918599e+00
-8.238379e-02 2.735025e-02 -9.962253e-01 -3.375933e+01 -2.091565e-02 9.993557e-01 2.916583e-02 2.697957e-01 9.963812e-01 2.323949e-02 -8.175866e-02 2.845891e+00
-8.290741e-02 2.349370e-02 -9.962803e-01 -3.457865e+01 -2.360475e-02 9.993953e-01 2.553147e-02 2.708869e-01 9.962777e-01 2.563370e-02 -8.230272e-02 2.774978e+00
-8.307167e-02 2.390225e-02 -9.962569e-01 -3.541616e+01 -2.428111e-02 9.993670e-01 2.600151e-02 2.757287e-01 9.962477e-01 2.635021e-02 -8.243871e-02 2.703209e+00
-8.247937e-02 2.650808e-02 -9.962402e-01 -3.625577e+01 -2.350292e-02 9.993164e-01 2.853576e-02 2.746439e-01 9.963156e-01 2.576817e-02 -8.179998e-02 2.632732e+00
-8.297315e-02 3.136625e-02 -9.960580e-01 -3.707446e+01 -2.457098e-02 9.991363e-01 3.350999e-02 2.805190e-01 9.962488e-01 2.725456e-02 -8.213079e-02 2.562529e+00
-8.228502e-02 3.694632e-02 -9.959238e-01 -3.791054e+01 -2.344216e-02 9.989644e-01 3.899595e-02 2.945508e-01 9.963331e-01 2.655538e-02 -8.133370e-02 2.492375e+00
-8.301870e-02 4.007157e-02 -9.957420e-01 -3.874599e+01 -2.393155e-02 9.988229e-01 4.219082e-02 3.069381e-01 9.962606e-01 2.733228e-02 -8.196201e-02 2.422922e+00
-8.302710e-02 4.012826e-02 -9.957390e-01 -3.957220e+01 -2.354642e-02 9.988310e-01 4.221622e-02 3.215205e-01 9.962691e-01 2.695118e-02 -8.198516e-02 2.354699e+00
-8.284920e-02 3.632388e-02 -9.958999e-01 -4.039824e+01 -2.444508e-02 9.989607e-01 3.846912e-02 3.355094e-01 9.962622e-01 2.753199e-02 -8.187516e-02 2.285651e+00
-8.315278e-02 3.222157e-02 -9.960158e-01 -4.122387e+01 -2.636481e-02 9.990562e-01 3.452101e-02 3.462912e-01 9.961880e-01 2.913028e-02 -8.222478e-02 2.213570e+00
-8.320450e-02 2.991948e-02 -9.960832e-01 -4.203968e+01 -3.031067e-02 9.990107e-01 3.253932e-02 3.536427e-01 9.960714e-01 3.289937e-02 -8.221531e-02 2.137556e+00
-8.433541e-02 2.875124e-02 -9.960225e-01 -4.285645e+01 -3.431261e-02 9.989070e-01 3.173983e-02 3.607146e-01 9.958465e-01 3.685292e-02 -8.325670e-02 2.058846e+00
-8.558146e-02 2.745480e-02 -9.959528e-01 -4.366439e+01 -3.251506e-02 9.990108e-01 3.033309e-02 3.614710e-01 9.958005e-01 3.497942e-02 -8.460411e-02 1.987057e+00
-8.705460e-02 2.509269e-02 -9.958875e-01 -4.446564e+01 -2.930178e-02 9.991857e-01 2.773718e-02 3.589673e-01 9.957725e-01 3.159593e-02 -8.624845e-02 1.921668e+00
-8.885770e-02 2.406372e-02 -9.957536e-01 -4.526933e+01 -2.551568e-02 9.993251e-01 2.642696e-02 3.645117e-01 9.957175e-01 2.775557e-02 -8.818373e-02 1.853161e+00
-9.083758e-02 2.775531e-02 -9.954789e-01 -4.607645e+01 -2.462662e-02 9.992432e-01 3.010745e-02 3.672594e-01 9.955612e-01 2.725017e-02 -9.008532e-02 1.778310e+00
-9.368654e-02 3.384639e-02 -9.950263e-01 -4.688529e+01 -2.239699e-02 9.990974e-01 3.609366e-02 3.742537e-01 9.953498e-01 2.566709e-02 -9.284392e-02 1.703862e+00
-9.593005e-02 3.802716e-02 -9.946614e-01 -4.768430e+01 -2.047699e-02 9.989831e-01 4.016728e-02 3.805238e-01 9.951774e-01 2.422092e-02 -9.505382e-02 1.628596e+00
-9.776917e-02 3.793569e-02 -9.944858e-01 -4.847561e+01 -2.062680e-02 9.989813e-01 4.013502e-02 3.868181e-01 9.949953e-01 2.443703e-02 -9.688708e-02 1.550736e+00
-9.980014e-02 3.411168e-02 -9.944226e-01 -4.926957e+01 -2.395668e-02 9.990401e-01 3.667436e-02 3.979722e-01 9.947191e-01 2.748317e-02 -9.888714e-02 1.460252e+00
-1.014834e-01 3.066834e-02 -9.943644e-01 -5.005680e+01 -2.911419e-02 9.990050e-01 3.378282e-02 4.063741e-01 9.944111e-01 3.237851e-02 -1.004895e-01 1.367611e+00
-1.026066e-01 2.884329e-02 -9.943037e-01 -5.084049e+01 -3.335125e-02 9.989178e-01 3.241880e-02 4.180928e-01 9.941627e-01 3.648766e-02 -1.015336e-01 1.276056e+00
-1.042773e-01 2.971041e-02 -9.941044e-01 -5.162748e+01 -3.466187e-02 9.988379e-01 3.348776e-02 4.245450e-01 9.939441e-01 3.794953e-02 -1.031263e-01 1.185309e+00
-1.050707e-01 3.110431e-02 -9.939782e-01 -5.241363e+01 -3.417351e-02 9.988075e-01 3.486782e-02 4.280052e-01 9.938774e-01 3.763131e-02 -1.038825e-01 1.098784e+00
-1.068267e-01 3.029914e-02 -9.938159e-01 -5.319777e+01 -3.602012e-02 9.987615e-01 3.432178e-02 4.323189e-01 9.936250e-01 3.946385e-02 -1.056031e-01 1.007025e+00
-1.075751e-01 2.991861e-02 -9.937467e-01 -5.397641e+01 -3.682518e-02 9.987413e-01 3.405539e-02 4.399195e-01 9.935147e-01 4.025842e-02 -1.063379e-01 9.163450e-01
-1.075188e-01 3.149734e-02 -9.937040e-01 -5.475600e+01 -3.511309e-02 9.987542e-01 3.545665e-02 4.481120e-01 9.935828e-01 3.870428e-02 -1.062789e-01 8.320017e-01
-1.086094e-01 3.439400e-02 -9.934893e-01 -5.552992e+01 -3.410117e-02 9.986842e-01 3.830182e-02 4.550187e-01 9.934994e-01 3.803908e-02 -1.072936e-01 7.464738e-01
-1.084463e-01 3.810476e-02 -9.933717e-01 -5.630811e+01 -3.366153e-02 9.985513e-01 4.197827e-02 4.704496e-01 9.935322e-01 3.799080e-02 -1.070065e-01 6.560140e-01
-1.101083e-01 4.012241e-02 -9.931094e-01 -5.707131e+01 -3.383142e-02 9.984546e-01 4.408932e-02 4.843440e-01 9.933436e-01 3.845290e-02 -1.085808e-01 5.606979e-01
-1.113593e-01 3.999674e-02 -9.929750e-01 -5.783101e+01 -3.346699e-02 9.984721e-01 4.397139e-02 4.977189e-01 9.932165e-01 3.812851e-02 -1.098506e-01 4.684528e-01
-1.117255e-01 3.817212e-02 -9.930057e-01 -5.857025e+01 -3.175347e-02 9.986146e-01 4.196039e-02 5.078073e-01 9.932317e-01 3.621942e-02 -1.103586e-01 3.731846e-01
-1.124510e-01 3.478832e-02 -9.930481e-01 -5.930434e+01 -3.035104e-02 9.988004e-01 3.842673e-02 5.161416e-01 9.931936e-01 3.446117e-02 -1.112603e-01 2.817269e-01
-1.119611e-01 3.224004e-02 -9.931895e-01 -6.002261e+01 -2.972092e-02 9.989178e-01 3.577639e-02 5.264476e-01 9.932680e-01 3.352407e-02 -1.108817e-01 1.943635e-01
-1.109861e-01 3.040553e-02 -9.933567e-01 -6.074073e+01 -3.146436e-02 9.989233e-01 3.409138e-02 5.372784e-01 9.933237e-01 3.503900e-02 -1.099099e-01 1.051119e-01
-1.088325e-01 2.975478e-02 -9.936147e-01 -6.143365e+01 -3.412745e-02 9.988508e-01 3.364962e-02 5.469701e-01 9.934741e-01 3.757171e-02 -1.076920e-01 2.028847e-02
-1.047344e-01 3.058325e-02 -9.940299e-01 -6.210808e+01 -3.435703e-02 9.988191e-01 3.435057e-02 5.578306e-01 9.939066e-01 3.774960e-02 -1.035600e-01 -5.502416e-02
-9.936940e-02 3.243450e-02 -9.945219e-01 -6.277336e+01 -3.430166e-02 9.987629e-01 3.600012e-02 5.668306e-01 9.944592e-01 3.769106e-02 -9.813392e-02 -1.224668e-01
-9.202769e-02 3.442344e-02 -9.951613e-01 -6.341504e+01 -3.225666e-02 9.987747e-01 3.753138e-02 5.715345e-01 9.952338e-01 3.555451e-02 -9.080455e-02 -1.794647e-01
-8.338754e-02 3.594773e-02 -9.958686e-01 -6.405560e+01 -3.254237e-02 9.987179e-01 3.877547e-02 5.754966e-01 9.959857e-01 3.564131e-02 -8.211080e-02 -2.315461e-01
-7.193997e-02 3.769366e-02 -9.966965e-01 -6.468061e+01 -3.330134e-02 9.986377e-01 4.017071e-02 5.778261e-01 9.968529e-01 3.608121e-02 -7.058672e-02 -2.777474e-01
-5.702203e-02 3.925912e-02 -9.976007e-01 -6.527754e+01 -3.603490e-02 9.984945e-01 4.135402e-02 5.839684e-01 9.977224e-01 3.830653e-02 -5.552148e-02 -3.111060e-01
-3.951148e-02 4.057053e-02 -9.983951e-01 -6.585240e+01 -3.803898e-02 9.983900e-01 4.207572e-02 5.915075e-01 9.984948e-01 3.964041e-02 -3.790461e-02 -3.280900e-01
-1.767848e-02 4.133494e-02 -9.989889e-01 -6.639879e+01 -3.861291e-02 9.983715e-01 4.199270e-02 5.973326e-01 9.990979e-01 3.931624e-02 -1.605363e-02 -3.260958e-01
6.719767e-03 4.154967e-02 -9.991138e-01 -6.692060e+01 -3.880145e-02 9.983948e-01 4.125880e-02 6.035637e-01 9.992243e-01 3.848982e-02 8.321168e-03 -3.050576e-01
3.574266e-02 4.166469e-02 -9.984921e-01 -6.743288e+01 -3.796177e-02 9.984660e-01 4.030470e-02 6.084874e-01 9.986398e-01 3.646394e-02 3.726950e-02 -2.640740e-01
6.895420e-02 4.190429e-02 -9.967394e-01 -6.791008e+01 -3.722098e-02 9.985299e-01 3.940463e-02 6.132128e-01 9.969252e-01 3.438250e-02 7.041254e-02 -2.059181e-01
1.057832e-01 4.263207e-02 -9.934749e-01 -6.836997e+01 -3.725643e-02 9.985490e-01 3.888281e-02 6.179757e-01 9.936910e-01 3.290018e-02 1.072180e-01 -1.279003e-01
1.458446e-01 4.294532e-02 -9.883750e-01 -6.881110e+01 -3.739509e-02 9.985827e-01 3.787084e-02 6.188891e-01 9.886005e-01 3.143712e-02 1.472438e-01 -2.803260e-02
1.901127e-01 4.428572e-02 -9.807629e-01 -6.924597e+01 -3.673606e-02 9.986034e-01 3.797032e-02 6.202137e-01 9.810747e-01 2.881073e-02 1.914741e-01 8.945959e-02
2.379184e-01 4.316033e-02 -9.703257e-01 -6.967225e+01 -3.362586e-02 9.987794e-01 3.618108e-02 6.204540e-01 9.707029e-01 2.401989e-02 2.390793e-01 2.428206e-01
2.874064e-01 3.923505e-02 -9.570048e-01 -7.007381e+01 -2.697251e-02 9.990959e-01 3.286035e-02 6.149302e-01 9.574289e-01 1.636855e-02 2.882048e-01 4.178144e-01
3.385951e-01 3.447455e-02 -9.403004e-01 -7.046779e+01 -2.184340e-02 9.993473e-01 2.877376e-02 6.129208e-01 9.406786e-01 1.079671e-02 3.391271e-01 6.210224e-01
3.899947e-01 3.048496e-02 -9.203124e-01 -7.082830e+01 -1.690400e-02 9.995204e-01 2.594539e-02 6.117573e-01 9.206619e-01 5.438399e-03 3.903229e-01 8.372196e-01
4.412016e-01 2.978779e-02 -8.969135e-01 -7.119404e+01 -1.640081e-02 9.995497e-01 2.512874e-02 6.147821e-01 8.972582e-01 3.623269e-03 4.414914e-01 1.080072e+00
4.890709e-01 2.861636e-02 -8.717745e-01 -7.153802e+01 -1.419542e-02 9.995904e-01 2.484826e-02 6.167837e-01 8.721285e-01 2.226435e-04 4.892768e-01 1.325913e+00
5.341710e-01 2.521674e-02 -8.450003e-01 -7.186137e+01 -6.921924e-03 9.996520e-01 2.545618e-02 6.161358e-01 8.453481e-01 -7.748925e-03 5.341596e-01 1.605024e+00
5.787433e-01 1.954268e-02 -8.152756e-01 -7.217086e+01 4.224491e-03 9.996276e-01 2.696057e-02 6.012882e-01 8.154988e-01 -1.904738e-02 5.784452e-01 1.911424e+00
6.211162e-01 1.459053e-02 -7.835826e-01 -7.246231e+01 6.295562e-03 9.997015e-01 2.360497e-02 5.975799e-01 7.836932e-01 -1.959452e-02 6.208390e-01 2.201963e+00
6.632487e-01 9.476320e-03 -7.483390e-01 -7.274660e+01 3.730574e-03 9.998655e-01 1.596782e-02 5.988934e-01 7.483897e-01 -1.338237e-02 6.631242e-01 2.510448e+00
7.038502e-01 3.781832e-03 -7.103384e-01 -7.300871e+01 1.436696e-05 9.999858e-01 5.338147e-03 5.936930e-01 7.103485e-01 -3.767461e-03 7.038401e-01 2.825639e+00
7.442771e-01 7.868528e-04 -6.678705e-01 -7.327671e+01 -4.337034e-03 9.999839e-01 -3.655073e-03 5.922107e-01 6.678569e-01 5.616964e-03 7.442685e-01 3.190272e+00
7.818353e-01 -7.814111e-04 -6.234845e-01 -7.352725e+01 -5.181952e-03 9.999565e-01 -7.751291e-03 5.872534e-01 6.234635e-01 9.291100e-03 7.817973e-01 3.567882e+00
8.171618e-01 -2.377895e-03 -5.764034e-01 -7.376755e+01 -4.294013e-03 9.999386e-01 -1.021273e-02 5.792156e-01 5.763923e-01 1.082054e-02 8.171015e-01 3.982251e+00
8.494328e-01 -1.478869e-03 -5.276947e-01 -7.400375e+01 -6.574715e-03 9.998888e-01 -1.338555e-02 5.723820e-01 5.276558e-01 1.483957e-02 8.493287e-01 4.431878e+00
8.765125e-01 -1.279984e-04 -4.813790e-01 -7.421544e+01 -6.751036e-03 9.998983e-01 -1.255841e-02 5.516780e-01 4.813317e-01 1.425741e-02 8.764226e-01 4.885616e+00
8.995454e-01 4.206008e-03 -4.368071e-01 -7.443087e+01 -1.097739e-02 9.998555e-01 -1.297887e-02 5.398367e-01 4.366894e-01 1.647009e-02 8.994616e-01 5.379971e+00
9.179322e-01 9.304652e-03 -3.966283e-01 -7.462627e+01 -1.649241e-02 9.997557e-01 -1.471537e-02 5.284393e-01 3.963945e-01 2.004907e-02 9.178614e-01 5.877164e+00
9.326802e-01 1.315890e-02 -3.604642e-01 -7.481633e+01 -1.961688e-02 9.997058e-01 -1.426287e-02 5.160714e-01 3.601705e-01 2.037388e-02 9.326640e-01 6.410440e+00
9.440776e-01 1.424430e-02 -3.294154e-01 -7.499446e+01 -1.949366e-02 9.997301e-01 -1.263777e-02 4.980702e-01 3.291465e-01 1.835255e-02 9.441005e-01 6.973120e+00
9.520140e-01 1.405604e-02 -3.057315e-01 -7.515544e+01 -1.823213e-02 9.997754e-01 -1.080806e-02 4.787250e-01 3.055109e-01 1.586356e-02 9.520564e-01 7.533131e+00
9.588580e-01 1.505418e-02 -2.834866e-01 -7.532201e+01 -1.830612e-02 9.997935e-01 -8.825452e-03 4.623310e-01 2.832952e-01 1.365189e-02 9.589356e-01 8.130628e+00
9.638350e-01 1.737271e-02 -2.659328e-01 -7.548309e+01 -1.978592e-02 9.997838e-01 -6.397894e-03 4.486422e-01 2.657642e-01 1.142824e-02 9.639703e-01 8.733017e+00
9.678299e-01 2.235035e-02 -2.506107e-01 -7.564179e+01 -2.431636e-02 9.996930e-01 -4.750850e-03 4.366693e-01 2.504276e-01 1.069196e-02 9.680763e-01 9.356192e+00
9.714017e-01 2.537070e-02 -2.360826e-01 -7.580092e+01 -2.703301e-02 9.996273e-01 -3.806611e-03 4.324228e-01 2.358981e-01 1.007977e-02 9.717255e-01 9.999690e+00
9.743975e-01 2.614990e-02 -2.233065e-01 -7.594480e+01 -2.767279e-02 9.996102e-01 -3.692628e-03 4.175690e-01 2.231229e-01 9.777600e-03 9.747413e-01 1.064864e+01
9.774196e-01 2.704745e-02 -2.095694e-01 -7.608493e+01 -2.865322e-02 9.995787e-01 -4.629355e-03 4.074002e-01 2.093559e-01 1.052966e-02 9.777828e-01 1.132298e+01
9.805328e-01 2.878796e-02 -1.942336e-01 -7.621893e+01 -3.030088e-02 9.995292e-01 -4.822025e-03 3.980037e-01 1.940033e-01 1.061360e-02 9.809435e-01 1.203201e+01
9.831313e-01 2.974358e-02 -1.804665e-01 -7.635136e+01 -3.119940e-02 9.994995e-01 -5.233200e-03 3.862080e-01 1.802205e-01 1.077537e-02 9.835672e-01 1.273557e+01
9.854899e-01 3.061865e-02 -1.669495e-01 -7.647445e+01 -3.245903e-02 9.994386e-01 -8.305435e-03 3.645142e-01 1.666015e-01 1.360394e-02 9.859305e-01 1.346592e+01
9.872265e-01 3.131141e-02 -1.562161e-01 -7.658773e+01 -3.389077e-02 9.993292e-01 -1.387479e-02 3.435057e-01 1.556768e-01 1.899184e-02 9.876255e-01 1.418352e+01
9.887894e-01 3.047584e-02 -1.461736e-01 -7.669653e+01 -3.366257e-02 9.992454e-01 -1.937662e-02 3.165224e-01 1.454728e-01 2.407998e-02 9.890692e-01 1.491414e+01
9.901012e-01 3.097156e-02 -1.368957e-01 -7.680032e+01 -3.401295e-02 9.992226e-01 -1.993324e-02 2.965298e-01 1.361720e-01 2.439215e-02 9.903849e-01 1.565753e+01
9.910323e-01 3.176642e-02 -1.297918e-01 -7.690268e+01 -3.387726e-02 9.993267e-01 -1.408739e-02 2.720980e-01 1.292569e-01 1.835804e-02 9.914412e-01 1.641485e+01
9.916166e-01 3.556177e-02 -1.242254e-01 -7.700758e+01 -3.667252e-02 9.993051e-01 -6.665503e-03 2.524755e-01 1.239020e-01 1.116528e-02 9.922316e-01 1.717273e+01
9.922230e-01 3.580541e-02 -1.192119e-01 -7.710583e+01 -3.636435e-02 9.993354e-01 -2.515902e-03 2.287675e-01 1.190425e-01 6.831397e-03 9.928657e-01 1.793266e+01
9.926623e-01 3.555626e-02 -1.155735e-01 -7.719726e+01 -3.611216e-02 9.993440e-01 -2.719007e-03 2.060054e-01 1.154010e-01 6.872665e-03 9.932952e-01 1.867603e+01
9.930996e-01 3.477932e-02 -1.119981e-01 -7.728461e+01 -3.542512e-02 9.993652e-01 -3.780642e-03 1.894173e-01 1.117955e-01 7.722100e-03 9.937012e-01 1.943066e+01
9.934122e-01 3.355769e-02 -1.095724e-01 -7.737012e+01 -3.397380e-02 9.994209e-01 -1.932354e-03 1.744644e-01 1.094441e-01 5.642215e-03 9.939769e-01 2.019349e+01
9.937785e-01 3.143780e-02 -1.068459e-01 -7.745512e+01 -3.154291e-02 9.995021e-01 7.064301e-04 1.564142e-01 1.068149e-01 2.668195e-03 9.942753e-01 2.095457e+01
9.942263e-01 2.818818e-02 -1.035351e-01 -7.753652e+01 -2.808336e-02 9.996025e-01 2.470261e-03 1.397164e-01 1.035636e-01 4.516168e-04 9.946227e-01 2.170702e+01
9.945240e-01 2.650525e-02 -1.010919e-01 -7.761898e+01 -2.668344e-02 9.996438e-01 -4.106108e-04 1.206898e-01 1.010451e-01 3.105843e-03 9.948770e-01 2.245999e+01
9.946514e-01 2.903813e-02 -9.912290e-02 -7.770372e+01 -2.989723e-02 9.995271e-01 -7.192362e-03 1.052868e-01 9.886717e-02 1.011739e-02 9.950492e-01 2.320029e+01
9.948535e-01 2.924273e-02 -9.701183e-02 -7.778595e+01 -3.080134e-02 9.994188e-01 -1.460741e-02 8.282226e-02 9.652829e-02 1.752033e-02 9.951760e-01 2.395557e+01
9.949736e-01 3.007946e-02 -9.551352e-02 -7.786456e+01 -3.199965e-02 9.993141e-01 -1.863580e-02 5.795068e-02 9.488746e-02 2.159853e-02 9.952537e-01 2.470148e+01
9.951944e-01 3.113525e-02 -9.283667e-02 -7.794321e+01 -3.288991e-02 9.993070e-01 -1.743046e-02 3.223678e-02 9.222963e-02 2.040009e-02 9.955288e-01 2.545706e+01
9.953236e-01 3.361017e-02 -9.056105e-02 -7.802437e+01 -3.502264e-02 9.992877e-01 -1.405278e-02 2.970750e-03 9.002423e-02 1.715875e-02 9.957918e-01 2.622217e+01
9.954761e-01 3.602432e-02 -8.791798e-02 -7.810301e+01 -3.704541e-02 9.992634e-01 -1.000980e-02 -2.312167e-02 8.749263e-02 1.322147e-02 9.960774e-01 2.698001e+01
9.958318e-01 3.359500e-02 -8.479578e-02 -7.816905e+01 -3.441847e-02 9.993733e-01 -8.267647e-03 -4.878001e-02 8.446489e-02 1.115173e-02 9.963641e-01 2.773429e+01
9.960540e-01 3.078474e-02 -8.323887e-02 -7.823190e+01 -3.160383e-02 9.994640e-01 -8.540338e-03 -7.593035e-02 8.293134e-02 1.113730e-02 9.964930e-01 2.848332e+01
9.962627e-01 2.913149e-02 -8.131382e-02 -7.829287e+01 -2.996471e-02 9.995100e-01 -9.045246e-03 -1.013260e-01 8.101048e-02 1.144799e-02 9.966475e-01 2.923558e+01
9.963717e-01 2.885367e-02 -8.006814e-02 -7.835591e+01 -2.982323e-02 9.994953e-01 -1.093966e-02 -1.204373e-01 7.971208e-02 1.328786e-02 9.967294e-01 2.999073e+01
9.965207e-01 2.773226e-02 -7.859698e-02 -7.841155e+01 -2.878886e-02 9.995093e-01 -1.234192e-02 -1.432904e-01 7.821614e-02 1.456169e-02 9.968301e-01 3.075023e+01
9.966207e-01 2.746587e-02 -7.741328e-02 -7.847421e+01 -2.849921e-02 9.995184e-01 -1.227516e-02 -1.672596e-01 7.703885e-02 1.443989e-02 9.969235e-01 3.151737e+01
9.965997e-01 2.942951e-02 -7.696096e-02 -7.854243e+01 -3.043830e-02 9.994650e-01 -1.196764e-02 -1.880462e-01 7.656758e-02 1.426951e-02 9.969623e-01 3.228767e+01
9.965972e-01 3.015722e-02 -7.671088e-02 -7.860881e+01 -3.121035e-02 9.994338e-01 -1.256668e-02 -2.116139e-01 7.628847e-02 1.491809e-02 9.969742e-01 3.305677e+01
9.965357e-01 2.943686e-02 -7.778156e-02 -7.867517e+01 -3.054698e-02 9.994472e-01 -1.312101e-02 -2.333108e-01 7.735233e-02 1.545154e-02 9.968841e-01 3.383544e+01
9.963349e-01 2.892252e-02 -8.049972e-02 -7.874549e+01 -3.001576e-02 9.994725e-01 -1.240359e-02 -2.581588e-01 8.009851e-02 1.477439e-02 9.966775e-01 3.461033e+01
9.960852e-01 3.043110e-02 -8.299480e-02 -7.882380e+01 -3.156252e-02 9.994254e-01 -1.235440e-02 -2.803530e-01 8.257116e-02 1.492556e-02 9.964734e-01 3.538988e+01
9.956779e-01 3.370242e-02 -8.654251e-02 -7.890761e+01 -3.492287e-02 9.993102e-01 -1.262689e-02 -3.065850e-01 8.605726e-02 1.559463e-02 9.961681e-01 3.617793e+01
9.953406e-01 3.566578e-02 -8.958281e-02 -7.899196e+01 -3.730355e-02 9.991649e-01 -1.667442e-02 -3.279518e-01 8.891329e-02 1.993848e-02 9.958398e-01 3.696082e+01
9.950196e-01 3.721111e-02 -9.247304e-02 -7.907048e+01 -3.920071e-02 9.990353e-01 -1.979243e-02 -3.511743e-01 9.164733e-02 2.331886e-02 9.955185e-01 3.774373e+01
9.947114e-01 3.790339e-02 -9.545935e-02 -7.914880e+01 -4.006240e-02 9.989806e-01 -2.080233e-02 -3.770107e-01 9.457356e-02 2.451665e-02 9.952159e-01 3.855507e+01
9.944741e-01 3.711536e-02 -9.820203e-02 -7.922801e+01 -3.923789e-02 9.990343e-01 -1.977092e-02 -4.037711e-01 9.737339e-02 2.351491e-02 9.949701e-01 3.935036e+01
9.942540e-01 3.663216e-02 -1.005834e-01 -7.931582e+01 -3.873204e-02 9.990689e-01 -1.900346e-02 -4.331555e-01 9.979361e-02 2.279007e-02 9.947471e-01 4.018237e+01
9.941025e-01 3.641199e-02 -1.021491e-01 -7.939700e+01 -3.835442e-02 9.991176e-01 -1.711583e-02 -4.652418e-01 1.014357e-01 2.093276e-02 9.946218e-01 4.100912e+01
9.940824e-01 3.563224e-02 -1.026185e-01 -7.948361e+01 -3.726135e-02 9.992075e-01 -1.400185e-02 -4.912007e-01 1.020383e-01 1.774270e-02 9.946222e-01 4.185187e+01
9.939558e-01 3.475733e-02 -1.041333e-01 -7.957136e+01 -3.592725e-02 9.993104e-01 -9.379687e-03 -5.200879e-01 1.037355e-01 1.306422e-02 9.945191e-01 4.268497e+01
9.940170e-01 3.446664e-02 -1.036445e-01 -7.966028e+01 -3.538926e-02 9.993486e-01 -7.075540e-03 -5.484121e-01 1.033332e-01 1.070111e-02 9.945892e-01 4.353962e+01
9.941775e-01 3.649086e-02 -1.013876e-01 -7.975613e+01 -3.739751e-02 9.992756e-01 -7.055432e-03 -5.705479e-01 1.010567e-01 1.080599e-02 9.948220e-01 4.441841e+01
9.943161e-01 3.671204e-02 -9.993882e-02 -7.984271e+01 -3.772871e-02 9.992535e-01 -8.301348e-03 -5.947669e-01 9.955946e-02 1.202473e-02 9.949590e-01 4.526579e+01
9.946522e-01 3.442799e-02 -9.737419e-02 -7.993108e+01 -3.561343e-02 9.993109e-01 -1.046180e-02 -6.204852e-01 9.694691e-02 1.387368e-02 9.951929e-01 4.614535e+01
9.949515e-01 3.002973e-02 -9.575893e-02 -8.001458e+01 -3.131518e-02 9.994381e-01 -1.194899e-02 -6.501504e-01 9.534630e-02 1.488737e-02 9.953328e-01 4.701032e+01
9.952115e-01 2.816777e-02 -9.359858e-02 -8.009930e+01 -2.941491e-02 9.994956e-01 -1.197122e-02 -6.747128e-01 9.321416e-02 1.466709e-02 9.955380e-01 4.787239e+01
9.954586e-01 2.514695e-02 -9.181411e-02 -8.018411e+01 -2.617254e-02 9.996076e-01 -9.983212e-03 -6.997486e-01 9.152704e-02 1.234088e-02 9.957261e-01 4.876291e+01
9.956331e-01 2.181830e-02 -9.076713e-02 -8.026455e+01 -2.258675e-02 9.997171e-01 -7.447490e-03 -7.298526e-01 9.057897e-02 9.465102e-03 9.958443e-01 4.962923e+01
9.958286e-01 2.055999e-02 -8.889682e-02 -8.034974e+01 -2.126572e-02 9.997494e-01 -6.998827e-03 -7.587778e-01 8.873064e-02 8.860087e-03 9.960163e-01 5.052616e+01
9.959069e-01 2.100178e-02 -8.791141e-02 -8.043518e+01 -2.194083e-02 9.997119e-01 -9.729004e-03 -7.823820e-01 8.768176e-02 1.161803e-02 9.960808e-01 5.138530e+01
9.959714e-01 2.306506e-02 -8.665470e-02 -8.051679e+01 -2.441134e-02 9.995967e-01 -1.450852e-02 -8.080157e-01 8.628512e-02 1.656543e-02 9.961328e-01 5.223074e+01
9.960984e-01 2.329512e-02 -8.511904e-02 -8.060316e+01 -2.502661e-02 9.994999e-01 -1.933173e-02 -8.351511e-01 8.462613e-02 2.138654e-02 9.961832e-01 5.309140e+01
9.960834e-01 2.664837e-02 -8.430759e-02 -8.069084e+01 -2.885005e-02 9.992709e-01 -2.500496e-02 -8.653248e-01 8.357978e-02 2.733931e-02 9.961260e-01 5.394000e+01
9.961852e-01 2.576549e-02 -8.337423e-02 -8.077180e+01 -2.804760e-02 9.992601e-01 -2.631724e-02 -9.018624e-01 8.263446e-02 2.855529e-02 9.961707e-01 5.481172e+01
9.962852e-01 2.331014e-02 -8.290052e-02 -8.084535e+01 -2.509188e-02 9.994746e-01 -2.051579e-02 -9.379011e-01 8.237874e-02 2.251971e-02 9.963466e-01 5.567396e+01
9.963070e-01 2.255775e-02 -8.284623e-02 -8.092359e+01 -2.354862e-02 9.996621e-01 -1.100257e-02 -9.768225e-01 8.257005e-02 1.291286e-02 9.965016e-01 5.655065e+01
9.963068e-01 1.994917e-02 -8.351517e-02 -8.099687e+01 -2.038536e-02 9.997826e-01 -4.373262e-03 -1.005454e+00 8.340978e-02 6.059597e-03 9.964969e-01 5.741147e+01
9.961234e-01 1.868895e-02 -8.595884e-02 -8.107222e+01 -1.922852e-02 9.998002e-01 -5.453317e-03 -1.036046e+00 8.583975e-02 7.085038e-03 9.962838e-01 5.824567e+01
9.960803e-01 1.309911e-02 -8.747819e-02 -8.114564e+01 -1.387256e-02 9.998698e-01 -8.239513e-03 -1.066611e+00 8.735887e-02 9.420763e-03 9.961324e-01 5.908299e+01
9.958767e-01 1.091719e-02 -9.005797e-02 -8.122344e+01 -1.181884e-02 9.998852e-01 -9.484657e-03 -1.089213e+00 8.994408e-02 1.050993e-02 9.958914e-01 5.990991e+01
9.956441e-01 1.144381e-02 -9.253025e-02 -8.131101e+01 -1.253502e-02 9.998585e-01 -1.122045e-02 -1.120583e+00 9.238875e-02 1.233145e-02 9.956467e-01 6.074111e+01
9.954067e-01 1.210172e-02 -9.496906e-02 -8.139912e+01 -1.349754e-02 9.998099e-01 -1.406899e-02 -1.151011e+00 9.478074e-02 1.528621e-02 9.953808e-01 6.156049e+01
9.950517e-01 1.195400e-02 -9.863663e-02 -8.149165e+01 -1.373233e-02 9.997548e-01 -1.736985e-02 -1.178578e+00 9.840481e-02 1.863841e-02 9.949719e-01 6.237879e+01
9.947603e-01 1.327548e-02 -1.013692e-01 -8.158821e+01 -1.546130e-02 9.996639e-01 -2.080783e-02 -1.217339e+00 1.010589e-01 2.226610e-02 9.946312e-01 6.319632e+01
9.943611e-01 1.662634e-02 -1.047360e-01 -8.169270e+01 -1.899214e-02 9.995856e-01 -2.163146e-02 -1.248197e+00 1.043330e-01 2.349864e-02 9.942648e-01 6.400488e+01
9.940137e-01 1.952688e-02 -1.074964e-01 -8.179791e+01 -2.179164e-02 9.995638e-01 -1.993390e-02 -1.282104e+00 1.070603e-01 2.215709e-02 9.940056e-01 6.481393e+01
9.936665e-01 2.208466e-02 -1.101781e-01 -8.190206e+01 -2.390597e-02 9.995981e-01 -1.523699e-02 -1.311961e+00 1.097974e-01 1.777441e-02 9.937951e-01 6.562100e+01
9.932062e-01 2.223969e-02 -1.142224e-01 -8.200478e+01 -2.350424e-02 9.996763e-01 -9.735914e-03 -1.347307e+00 1.139690e-01 1.235448e-02 9.934075e-01 6.643679e+01
9.928295e-01 1.981421e-02 -1.178852e-01 -8.210579e+01 -2.074194e-02 9.997628e-01 -6.648030e-03 -1.373613e+00 1.177255e-01 9.045528e-03 9.930050e-01 6.722855e+01
9.920331e-01 1.971519e-02 -1.244251e-01 -8.221219e+01 -2.058420e-02 9.997719e-01 -5.702378e-03 -1.393136e+00 1.242843e-01 8.218139e-03 9.922126e-01 6.802521e+01
9.913317e-01 1.620765e-02 -1.303794e-01 -8.231731e+01 -1.666507e-02 9.998582e-01 -2.418034e-03 -1.416775e+00 1.303217e-01 4.569855e-03 9.914612e-01 6.881273e+01
9.905665e-01 1.608369e-02 -1.360861e-01 -8.243377e+01 -1.655812e-02 9.998601e-01 -2.354988e-03 -1.433631e+00 1.360292e-01 4.586102e-03 9.906942e-01 6.958988e+01
9.896460e-01 1.882878e-02 -1.422896e-01 -8.255929e+01 -1.960713e-02 9.997995e-01 -4.070008e-03 -1.450734e+00 1.421844e-01 6.817758e-03 9.898167e-01 7.036714e+01
9.888396e-01 1.868453e-02 -1.478079e-01 -8.268602e+01 -2.006491e-02 9.997678e-01 -7.853295e-03 -1.468547e+00 1.476268e-01 1.073140e-02 9.889849e-01 7.113497e+01
9.881282e-01 1.585592e-02 -1.528112e-01 -8.281081e+01 -1.785131e-02 9.997723e-01 -1.169463e-02 -1.491020e+00 1.525910e-01 1.428368e-02 9.881862e-01 7.190118e+01
9.873959e-01 1.499787e-02 -1.575579e-01 -8.294925e+01 -1.730496e-02 9.997620e-01 -1.328111e-02 -1.518026e+00 1.573212e-01 1.584025e-02 9.874204e-01 7.268992e+01
9.867037e-01 1.495831e-02 -1.618397e-01 -8.308501e+01 -1.676221e-02 9.998116e-01 -9.786491e-03 -1.539404e+00 1.616628e-01 1.236916e-02 9.867685e-01 7.345794e+01
9.857935e-01 1.415689e-02 -1.673640e-01 -8.322355e+01 -1.536234e-02 9.998645e-01 -5.909991e-03 -1.566093e+00 1.672576e-01 8.397133e-03 9.858775e-01 7.422753e+01
9.847987e-01 1.153656e-02 -1.733160e-01 -8.335854e+01 -1.243282e-02 9.999144e-01 -4.086515e-03 -1.594959e+00 1.732540e-01 6.179201e-03 9.848578e-01 7.497781e+01
9.837166e-01 8.187330e-03 -1.795398e-01 -8.349968e+01 -9.772320e-03 9.999207e-01 -7.945385e-03 -1.613650e+00 1.794605e-01 9.570528e-03 9.837186e-01 7.573065e+01
9.823150e-01 5.793537e-03 -1.871462e-01 -8.364821e+01 -8.652623e-03 9.998580e-01 -1.446402e-02 -1.638283e+00 1.870358e-01 1.582753e-02 9.822256e-01 7.646210e+01
9.807892e-01 1.403068e-03 -1.950657e-01 -8.380094e+01 -4.871970e-03 9.998384e-01 -1.730459e-02 -1.658403e+00 1.950099e-01 1.792251e-02 9.806375e-01 7.720173e+01
9.786938e-01 -3.815183e-03 -2.052899e-01 -8.396380e+01 6.711528e-04 9.998815e-01 -1.538252e-02 -1.685658e+00 2.053243e-01 1.491700e-02 9.785803e-01 7.794396e+01
9.763502e-01 -5.782658e-03 -2.161175e-01 -8.413816e+01 3.685485e-03 9.999421e-01 -1.010561e-02 -1.713395e+00 2.161634e-01 9.070115e-03 9.763151e-01 7.869180e+01
9.739913e-01 -5.512028e-03 -2.265184e-01 -8.432186e+01 4.822533e-03 9.999819e-01 -3.597158e-03 -1.734945e+00 2.265341e-01 2.411209e-03 9.740002e-01 7.942965e+01
9.714486e-01 -6.995657e-03 -2.371468e-01 -8.450656e+01 7.125098e-03 9.999746e-01 -3.112536e-04 -1.768742e+00 2.371430e-01 -1.387327e-03 9.714738e-01 8.015273e+01
9.687274e-01 -5.506975e-03 -2.480663e-01 -8.470628e+01 4.458363e-03 9.999786e-01 -4.788714e-03 -1.797843e+00 2.480874e-01 3.532989e-03 9.687312e-01 8.085953e+01
9.656034e-01 -6.460902e-03 -2.599391e-01 -8.490985e+01 3.176769e-03 9.999098e-01 -1.305237e-02 -1.831904e+00 2.599999e-01 1.177764e-02 9.655368e-01 8.155185e+01
9.622071e-01 -9.014676e-03 -2.721695e-01 -8.512234e+01 4.432044e-03 9.998380e-01 -1.744748e-02 -1.859639e+00 2.722827e-01 1.558182e-02 9.620911e-01 8.225358e+01
9.588688e-01 -1.102857e-02 -2.836352e-01 -8.534456e+01 7.434785e-03 9.998779e-01 -1.374386e-02 -1.882516e+00 2.837521e-01 1.106979e-02 9.588338e-01 8.296075e+01
9.552415e-01 -1.089396e-02 -2.956265e-01 -8.557606e+01 9.328540e-03 9.999340e-01 -6.705178e-03 -1.912261e+00 2.956800e-01 3.647301e-03 9.552801e-01 8.365079e+01
9.513879e-01 -1.153467e-02 -3.077791e-01 -8.582230e+01 1.167007e-02 9.999309e-01 -1.400718e-03 -1.937343e+00 3.077740e-01 -2.259178e-03 9.514568e-01 8.435631e+01
