1.000000e+00 0.000000e+00 0.000000e+00 0.000000e+00 0.000000e+00 1.000000e+00 0.000000e+00 0.000000e+00 0.000000e+00 0.000000e+00 1.000000e+00 0.000000e+00
9.999996e-01 -5.459737e-04 -7.132449e-04 -5.495870e-03 5.471831e-04 9.999984e-01 1.696533e-03 -2.599117e-02 7.123175e-04 -1.696922e-03 9.999983e-01 1.292295e+00
9.999978e-01 -1.987908e-03 -7.079209e-04 -6.254432e-03 1.989229e-03 9.999963e-01 1.870315e-03 -4.941278e-02 7.042003e-04 -1.871719e-03 9.999980e-01 2.559246e+00
9.999833e-01 -2.553150e-03 -5.182809e-03 1.096002e-02 2.560403e-03 9.999958e-01 1.393137e-03 -5.354768e-02 5.179230e-03 -1.406384e-03 9.999856e-01 2.589878e+00
9.999754e-01 -2.689661e-03 -6.471651e-03 1.305855e-02 2.700180e-03 9.999950e-01 1.617259e-03 -5.541889e-02 6.467269e-03 -1.634694e-03 9.999778e-01 2.711373e+00
9.999848e-01 -3.002447e-03 -4.626045e-03 2.579476e-02 3.014704e-03 9.999920e-01 2.644968e-03 -5.778913e-02 4.618066e-03 -2.658874e-03 9.999858e-01 2.953920e+00
9.999779e-01 -4.251603e-03 -5.120495e-03 1.590352e-02 4.272989e-03 9.999822e-01 4.172954e-03 -8.421687e-02 5.102662e-03 -4.194741e-03 9.999782e-01 4.260575e+00
9.999787e-01 -4.332017e-03 -4.889335e-03 3.076771e-03 4.353745e-03 9.999807e-01 4.442101e-03 -1.057865e-01 4.869998e-03 -4.463293e-03 9.999782e-01 5.560423e+00
9.999583e-01 -3.195804e-03 -8.556793e-03 -1.498463e-02 3.228394e-03 9.999876e-01 3.797541e-03 -1.050790e-01 8.544550e-03 -3.825007e-03 9.999562e-01 5.546750e+00
9.999693e-01 -3.790923e-04 -7.824103e-03 -3.161851e-02 3.919148e-04 9.999986e-01 1.637379e-03 -1.267258e-01 7.823471e-03 -1.640396e-03 9.999681e-01 6.846764e+00
9.999628e-01 2.951789e-03 -8.109470e-03 -5.268761e-02 -2.945123e-03 9.999953e-01 8.338644e-04 -1.533179e-01 8.111894e-03 -8.099499e-04 9.999668e-01 8.177120e+00
9.999571e-01 5.198447e-03 -7.665055e-03 -7.546853e-02 -5.192229e-03 9.999862e-01 8.309323e-04 -1.780088e-01 7.669269e-03 -7.910980e-04 9.999703e-01 9.506642e+00
9.999597e-01 5.787981e-03 -6.863373e-03 -8.851649e-02 -5.776042e-03 9.999818e-01 1.758111e-03 -2.027942e-01 6.873424e-03 -1.718397e-03 9.999749e-01 1.082239e+01
9.999672e-01 3.546991e-03 -7.276072e-03 -9.353674e-02 -3.514041e-03 9.999835e-01 4.536293e-03 -2.270961e-01 7.292042e-03 -4.510576e-03 9.999632e-01 1.216679e+01
9.999823e-01 -5.271623e-04 -5.920202e-03 -1.022389e-01 5.658709e-04 9.999785e-01 6.538626e-03 -2.507342e-01 5.916627e-03 -6.541861e-03 9.999611e-01 1.350618e+01
9.999724e-01 -2.871798e-03 -6.847637e-03 -1.081179e-01 2.905654e-03 9.999836e-01 4.939485e-03 -2.749093e-01 6.833340e-03 -4.959246e-03 9.999644e-01 1.486188e+01
9.999534e-01 -3.629469e-03 -8.946519e-03 -1.528542e-02 3.654487e-03 9.999895e-01 2.781660e-03 -2.810841e-01 8.936328e-03 -2.814226e-03 9.999561e-01 1.510951e+01
9.999595e-01 -1.426609e-03 -8.886628e-03 -3.406087e-02 1.444714e-03 9.999969e-01 2.031256e-03 -3.112271e-01 8.883702e-03 -2.044012e-03 9.999585e-01 1.647183e+01
9.999664e-01 1.096302e-03 -8.121700e-03 -4.905960e-02 -1.070678e-03 9.999944e-01 3.158621e-03 -3.260108e-01 8.125118e-03 -3.149820e-03 9.999620e-01 1.783068e+01
9.999773e-01 1.340954e-03 -6.599182e-03 -6.260259e-02 -1.292390e-03 9.999721e-01 7.357866e-03 -3.464893e-01 6.608865e-03 -7.349171e-03 9.999512e-01 1.918890e+01
9.999784e-01 -9.203236e-04 -6.508403e-03 -6.615094e-02 9.770354e-04 9.999615e-01 8.715826e-03 -3.626570e-01 6.500132e-03 -8.721997e-03 9.999408e-01 2.056789e+01
9.999762e-01 -4.023553e-03 -5.597359e-03 -6.312605e-02 4.069630e-03 9.999577e-01 8.245168e-03 -3.872531e-01 5.563948e-03 -8.267751e-03 9.999503e-01 2.193072e+01
9.999757e-01 -4.384226e-03 -5.426174e-03 -5.258261e-02 4.414026e-03 9.999752e-01 5.492183e-03 -4.008271e-01 5.401961e-03 -5.516001e-03 9.999702e-01 2.319914e+01
9.999863e-01 -3.932616e-03 -3.461291e-03 -4.233846e-02 3.946122e-03 9.999846e-01 3.903732e-03 -4.295671e-01 3.445886e-03 -3.917337e-03 9.999864e-01 2.455895e+01
9.999982e-01 7.064399e-05 -1.913448e-03 -5.654271e-03 -6.475810e-05 9.999953e-01 3.075956e-03 -4.349409e-01 1.913656e-03 -3.075827e-03 9.999934e-01 2.466537e+01
9.999943e-01 2.374588e-03 -2.381329e-03 2.546550e-02 -2.369555e-03 9.999950e-01 2.114412e-03 -4.453735e-01 2.386338e-03 -2.108757e-03 9.999949e-01 2.463898e+01
9.999936e-01 3.490384e-03 -7.371351e-04 5.755415e-02 -3.488362e-03 9.999902e-01 2.726160e-03 -4.526300e-01 7.466432e-04 -2.723571e-03 9.999960e-01 2.476028e+01
9.999924e-01 3.504263e-03 1.699450e-03 1.141197e-01 -3.512394e-03 9.999823e-01 4.805257e-03 -4.668237e-01 -1.682581e-03 -4.811190e-03 9.999870e-01 2.512332e+01
9.999823e-01 5.281571e-03 2.740237e-03 1.413852e-01 -5.299360e-03 9.999647e-01 6.525638e-03 -4.889239e-01 -2.705674e-03 -6.540044e-03 9.999750e-01 2.647368e+01
9.999585e-01 7.549392e-03 5.095051e-03 1.584622e-01 -7.585776e-03 9.999456e-01 7.159980e-03 -4.915690e-01 -5.040720e-03 -7.198333e-03 9.999614e-01 2.668469e+01
9.999309e-01 9.986206e-03 6.199937e-03 1.676050e-01 -1.003244e-02 9.999218e-01 7.470795e-03 -4.927536e-01 -6.124847e-03 -7.532480e-03 9.999529e-01 2.679731e+01
9.999053e-01 1.151359e-02 7.541689e-03 1.804688e-01 -1.157364e-02 9.999013e-01 7.966846e-03 -4.932551e-01 -7.449217e-03 -8.053376e-03 9.999398e-01 2.695476e+01
9.998887e-01 1.241589e-02 8.267813e-03 1.937066e-01 -1.248296e-02 9.998892e-01 8.111352e-03 -4.925660e-01 -8.166187e-03 -8.213656e-03 9.999329e-01 2.703372e+01
9.999021e-01 1.150226e-02 7.968344e-03 2.483439e-01 -1.156773e-02 9.998993e-01 8.219280e-03 -4.950808e-01 -7.873002e-03 -8.310651e-03 9.999345e-01 2.712069e+01
9.999186e-01 1.035809e-02 7.448406e-03 2.837994e-01 -1.041342e-02 9.999182e-01 7.427833e-03 -4.931084e-01 -7.370858e-03 -7.504792e-03 9.999447e-01 2.713135e+01
9.999346e-01 9.827086e-03 5.849099e-03 3.346725e-01 -9.871170e-03 9.999227e-01 7.556352e-03 -4.947556e-01 -5.774390e-03 -7.613596e-03 9.999543e-01 2.727592e+01
9.999396e-01 9.776676e-03 5.022834e-03 3.647174e-01 -9.816688e-03 9.999198e-01 8.004003e-03 -4.967640e-01 -4.944179e-03 -8.052827e-03 9.999554e-01 2.747566e+01
9.999377e-01 1.062542e-02 3.409801e-03 3.888154e-01 -1.065190e-02 9.999125e-01 7.843520e-03 -4.981906e-01 -3.326162e-03 -7.879352e-03 9.999634e-01 2.760430e+01
9.999398e-01 1.084471e-02 1.688215e-03 4.003702e-01 -1.085793e-02 9.999088e-01 8.030074e-03 -4.980306e-01 -1.600977e-03 -8.047921e-03 9.999663e-01 2.773156e+01
9.999355e-01 1.135647e-02 2.142172e-04 4.118017e-01 -1.135793e-02 9.998955e-01 8.946449e-03 -5.017368e-01 -1.125947e-04 -8.948305e-03 9.999600e-01 2.799938e+01
9.999410e-01 1.073465e-02 -1.662773e-03 4.313037e-01 -1.071773e-02 9.998938e-01 9.871917e-03 -5.088550e-01 1.768568e-03 -9.853514e-03 9.999499e-01 2.831305e+01
9.999393e-01 1.060799e-02 -2.992079e-03 4.368645e-01 -1.057678e-02 9.998914e-01 1.026207e-02 -5.164339e-01 3.100614e-03 -1.022980e-02 9.999429e-01 2.845701e+01
9.999395e-01 1.028307e-02 -3.906403e-03 4.299603e-01 -1.024343e-02 9.998972e-01 1.003627e-02 -5.248044e-01 4.009205e-03 -9.995643e-03 9.999420e-01 2.852826e+01
9.999438e-01 9.993308e-03 -3.539491e-03 4.117592e-01 -9.955922e-03 9.998961e-01 1.042721e-02 -5.282380e-01 3.643325e-03 -1.039139e-02 9.999394e-01 2.863982e+01
9.999551e-01 9.393382e-03 -1.274502e-03 3.781914e-01 -9.378575e-03 9.998937e-01 1.116480e-02 -5.323027e-01 1.379242e-03 -1.115234e-02 9.999369e-01 2.881439e+01
9.999577e-01 9.009829e-03 1.857700e-03 3.397069e-01 -9.031837e-03 9.998848e-01 1.220023e-02 -5.380413e-01 -1.747564e-03 -1.221649e-02 9.999238e-01 2.900106e+01
9.999561e-01 8.081532e-03 4.739453e-03 3.049505e-01 -8.138339e-03 9.998938e-01 1.209175e-02 -5.431810e-01 -4.641229e-03 -1.212979e-02 9.999157e-01 2.903712e+01
9.999435e-01 7.743018e-03 7.282273e-03 2.717519e-01 -7.825823e-03 9.999043e-01 1.141187e-02 -5.457053e-01 -7.193214e-03 -1.146821e-02 9.999084e-01 2.900624e+01
9.999144e-01 8.142547e-03 1.024201e-02 2.429793e-01 -8.257184e-03 9.999032e-01 1.120077e-02 -5.503472e-01 -1.014981e-02 -1.128439e-02 9.998848e-01 2.903877e+01
9.998647e-01 1.002466e-02 1.304143e-02 2.143988e-01 -1.016995e-02 9.998864e-01 1.112237e-02 -5.516604e-01 -1.292845e-02 -1.125349e-02 9.998531e-01 2.904752e+01
9.998020e-01 1.258833e-02 1.541240e-02 1.944500e-01 -1.277944e-02 9.998419e-01 1.236463e-02 -5.537091e-01 -1.525431e-02 -1.255914e-02 9.998048e-01 2.922477e+01
9.997145e-01 1.578004e-02 1.794144e-02 1.784807e-01 -1.602564e-02 9.997787e-01 1.362846e-02 -5.535420e-01 -1.772241e-02 -1.391209e-02 9.997462e-01 2.948196e+01
9.996003e-01 1.962061e-02 2.035190e-02 1.651073e-01 -1.991203e-02 9.997007e-01 1.421663e-02 -5.540615e-01 -2.006686e-02 -1.461620e-02 9.996918e-01 2.965475e+01
9.994700e-01 2.387169e-02 2.213208e-02 1.566081e-01 -2.417906e-02 9.996134e-01 1.372597e-02 -5.515249e-01 -2.179586e-02 -1.425383e-02 9.996608e-01 2.978740e+01
9.993298e-01 2.755356e-02 2.409780e-02 1.503687e-01 -2.787092e-02 9.995278e-01 1.293438e-02 -5.521115e-01 -2.373003e-02 -1.359734e-02 9.996259e-01 2.982532e+01
9.992258e-01 2.978006e-02 2.571050e-02 1.434561e-01 -3.011312e-02 9.994662e-01 1.266565e-02 -5.524738e-01 -2.531959e-02 -1.343006e-02 9.995892e-01 2.986960e+01
9.991960e-01 2.996615e-02 2.663300e-02 1.474244e-01 -3.031502e-02 9.994585e-01 1.279297e-02 -5.530627e-01 -2.623523e-02 -1.359007e-02 9.995634e-01 2.994538e+01
9.992161e-01 2.893010e-02 2.702398e-02 1.576096e-01 -2.927842e-02 9.994921e-01 1.258358e-02 -5.544620e-01 -2.664621e-02 -1.336494e-02 9.995556e-01 3.001449e+01
9.992505e-01 2.773884e-02 2.699924e-02 1.613801e-01 -2.805607e-02 9.995409e-01 1.144262e-02 -5.514369e-01 -2.666944e-02 -1.219153e-02 9.995700e-01 2.993995e+01
9.992695e-01 2.744415e-02 2.659298e-02 1.687524e-01 -2.775110e-02 9.995516e-01 1.124313e-02 -5.540391e-01 -2.627250e-02 -1.197290e-02 9.995831e-01 2.994309e+01
9.992785e-01 2.778743e-02 2.589138e-02 1.748554e-01 -2.808326e-02 9.995436e-01 1.113290e-02 -5.559983e-01 -2.557021e-02 -1.185199e-02 9.996028e-01 3.003895e+01
9.992702e-01 2.876961e-02 2.512681e-02 1.711682e-01 -2.904777e-02 9.995199e-01 1.077610e-02 -5.622117e-01 -2.480472e-02 -1.149811e-02 9.996262e-01 3.000376e+01
9.992526e-01 3.035044e-02 2.394093e-02 1.674156e-01 -3.061504e-02 9.994733e-01 1.076433e-02 -5.653964e-01 -2.360162e-02 -1.148924e-02 9.996554e-01 3.007158e+01
9.992747e-01 3.065566e-02 2.259020e-02 1.603943e-01 -3.091701e-02 9.994579e-01 1.131227e-02 -5.718269e-01 -2.223117e-02 -1.200248e-02 9.996808e-01 3.017350e+01
9.993113e-01 3.051580e-02 2.111151e-02 1.548848e-01 -3.078271e-02 9.994487e-01 1.243544e-02 -5.795103e-01 -2.072039e-02 -1.307674e-02 9.996998e-01 3.033395e+01
9.993733e-01 2.957176e-02 1.945501e-02 1.440605e-01 -2.982941e-02 9.994693e-01 1.308897e-02 -5.827466e-01 -1.905762e-02 -1.366110e-02 9.997251e-01 3.048339e+01
9.994255e-01 2.856682e-02 1.823796e-02 1.243668e-01 -2.880935e-02 9.994981e-01 1.317670e-02 -5.825798e-01 -1.785239e-02 -1.369455e-02 9.997468e-01 3.049092e+01
9.994641e-01 2.778405e-02 1.730927e-02 1.018947e-01 -2.801003e-02 9.995237e-01 1.295221e-02 -5.815011e-01 -1.694116e-02 -1.343010e-02 9.997663e-01 3.052858e+01
9.994662e-01 2.800030e-02 1.682921e-02 7.726546e-02 -2.821862e-02 9.995188e-01 1.287839e-02 -5.845405e-01 -1.646051e-02 -1.334641e-02 9.997754e-01 3.049464e+01
9.994161e-01 2.979964e-02 1.671901e-02 5.066379e-02 -3.001231e-02 9.994699e-01 1.261671e-02 -5.860587e-01 -1.633417e-02 -1.311112e-02 9.997806e-01 3.048240e+01
9.993917e-01 3.058191e-02 1.676242e-02 2.447806e-02 -3.079166e-02 9.994489e-01 1.240127e-02 -5.878301e-01 -1.637393e-02 -1.290987e-02 9.997826e-01 3.042577e+01
9.993409e-01 3.192013e-02 1.729018e-02 2.671933e-03 -3.213019e-02 9.994115e-01 1.201097e-02 -5.892376e-01 -1.689661e-02 -1.255859e-02 9.997784e-01 3.037532e+01
9.992778e-01 3.344152e-02 1.804013e-02 -1.628379e-02 -3.366420e-02 9.993589e-01 1.218442e-02 -5.872988e-01 -1.762110e-02 -1.278292e-02 9.997630e-01 3.045062e+01
9.992230e-01 3.466382e-02 1.875883e-02 -2.539955e-02 -3.492638e-02 9.992938e-01 1.385474e-02 -5.935487e-01 -1.826533e-02 -1.449916e-02 9.997280e-01 3.065681e+01
9.991916e-01 3.558791e-02 1.869891e-02 -5.113154e-03 -3.586788e-02 9.992461e-01 1.485656e-02 -6.043262e-01 -1.815610e-02 -1.551524e-02 9.997148e-01 3.195635e+01
9.991973e-01 3.521912e-02 1.908980e-02 -1.565824e-02 -3.548832e-02 9.992727e-01 1.395160e-02 -6.046981e-01 -1.858455e-02 -1.461786e-02 9.997204e-01 3.192970e+01
9.991918e-01 3.515810e-02 1.948418e-02 -2.878537e-02 -3.538722e-02 9.993070e-01 1.154230e-02 -6.001162e-01 -1.906488e-02 -1.222246e-02 9.997435e-01 3.180752e+01
9.992171e-01 3.441182e-02 1.951773e-02 -3.646667e-02 -3.461736e-02 9.993476e-01 1.029226e-02 -5.956981e-01 -1.915083e-02 -1.095985e-02 9.997565e-01 3.173082e+01
9.992910e-01 3.201843e-02 1.980702e-02 -3.710250e-02 -3.225131e-02 9.994130e-01 1.155197e-02 -6.002530e-01 -1.942552e-02 -1.218258e-02 9.997371e-01 3.192873e+01
9.993501e-01 2.980564e-02 2.027172e-02 -9.795004e-03 -3.007627e-02 9.994607e-01 1.317886e-02 -6.128099e-01 -1.986798e-02 -1.377999e-02 9.997076e-01 3.321706e+01
9.993909e-01 2.757962e-02 2.138375e-02 -7.241743e-03 -2.787987e-02 9.995150e-01 1.387229e-02 -6.134001e-01 -2.099079e-02 -1.446001e-02 9.996751e-01 3.343064e+01
9.993921e-01 2.682607e-02 2.226429e-02 -7.533994e-03 -2.711018e-02 9.995536e-01 1.255860e-02 -6.096588e-01 -2.191745e-02 -1.315456e-02 9.996732e-01 3.341563e+01
9.993305e-01 2.858245e-02 2.283907e-02 -1.299926e-02 -2.881611e-02 9.995350e-01 9.967805e-03 -6.039194e-01 -2.254355e-02 -1.061926e-02 9.996895e-01 3.333353e+01
9.992344e-01 3.101164e-02 2.385075e-02 -1.327884e-02 -3.120745e-02 9.994819e-01 7.882030e-03 -6.033599e-01 -2.359396e-02 -8.620317e-03 9.996845e-01 3.326181e+01
9.990923e-01 3.405756e-02 2.558508e-02 -1.618220e-02 -3.425542e-02 9.993862e-01 7.335272e-03 -6.021599e-01 -2.531955e-02 -8.205041e-03 9.996457e-01 3.332566e+01
9.989902e-01 3.597512e-02 2.691256e-02 1.268828e-02 -3.623158e-02 9.993020e-01 9.103070e-03 -6.209164e-01 -2.656629e-02 -1.006896e-02 9.995963e-01 3.466150e+01
9.989536e-01 3.628486e-02 2.784227e-02 4.590567e-02 -3.660656e-02 9.992677e-01 1.113288e-02 -6.373241e-01 -2.741793e-02 -1.214044e-02 9.995503e-01 3.594878e+01
9.989354e-01 3.599555e-02 2.885185e-02 6.092435e-02 -3.634535e-02 9.992709e-01 1.169272e-02 -6.406426e-01 -2.840993e-02 -1.272890e-02 9.995153e-01 3.611387e+01
9.988819e-01 3.647853e-02 3.007125e-02 7.188883e-02 -3.681836e-02 9.992633e-01 1.082545e-02 -6.375640e-01 -2.965420e-02 -1.192052e-02 9.994891e-01 3.612158e+01
9.987924e-01 3.772075e-02 3.147739e-02 8.181837e-02 -3.806206e-02 9.992221e-01 1.031485e-02 -6.345011e-01 -3.106382e-02 -1.150049e-02 9.994512e-01 3.616665e+01
9.986605e-01 4.009066e-02 3.270895e-02 9.455475e-02 -4.042696e-02 9.991356e-01 9.685509e-03 -6.324895e-01 -3.229237e-02 -1.099486e-02 9.994180e-01 3.618138e+01
9.985543e-01 4.157719e-02 3.406737e-02 1.083895e-01 -4.189263e-02 9.990851e-01 8.597922e-03 -6.343604e-01 -3.367872e-02 -1.001266e-02 9.993826e-01 3.613831e+01
9.984220e-01 4.373149e-02 3.522985e-02 1.261754e-01 -4.403964e-02 9.989976e-01 8.018488e-03 -6.368565e-01 -3.484388e-02 -9.557345e-03 9.993471e-01 3.610276e+01
9.984087e-01 4.321420e-02 3.622884e-02 1.484286e-01 -4.353321e-02 9.990194e-01 8.062985e-03 -6.416219e-01 -3.584488e-02 -9.627313e-03 9.993110e-01 3.610937e+01
9.983331e-01 4.399972e-02 3.735164e-02 1.783931e-01 -4.437261e-02 9.989726e-01 9.213273e-03 -6.496119e-01 -3.690789e-02 -1.085530e-02 9.992597e-01 3.632507e+01
9.983145e-01 4.353045e-02 3.838201e-02 2.115642e-01 -4.396164e-02 9.989784e-01 1.046231e-02 -6.534652e-01 -3.788737e-02 -1.213201e-02 9.992084e-01 3.653284e+01
9.983040e-01 4.350640e-02 3.868230e-02 2.432543e-01 -4.397250e-02 9.989690e-01 1.128100e-02 -6.592277e-01 -3.815163e-02 -1.296283e-02 9.991879e-01 3.670048e+01
9.983546e-01 4.228080e-02 3.873481e-02 2.738822e-01 -4.277886e-02 9.990110e-01 1.212072e-02 -6.606072e-01 -3.818403e-02 -1.375781e-02 9.991760e-01 3.678876e+01
9.984137e-01 4.073736e-02 3.886454e-02 3.039973e-01 -4.128132e-02 9.990591e-01 1.329765e-02 -6.614935e-01 -3.828626e-02 -1.488094e-02 9.991560e-01 3.698827e+01
9.984652e-01 3.960424e-02 3.871484e-02 3.328865e-01 -4.014871e-02 9.991040e-01 1.338853e-02 -6.632412e-01 -3.814991e-02 -1.492233e-02 9.991606e-01 3.712693e+01
9.984971e-01 3.951704e-02 3.797283e-02 3.587147e-01 -4.006037e-02 9.991039e-01 1.365539e-02 -6.647142e-01 -3.739918e-02 -1.515607e-02 9.991855e-01 3.717895e+01
9.985564e-01 3.856022e-02 3.739152e-02 3.891951e-01 -3.912753e-02 9.991281e-01 1.456065e-02 -6.669900e-01 -3.679746e-02 -1.600267e-02 9.991946e-01 3.746686e+01
9.985819e-01 3.804869e-02 3.723617e-02 4.171056e-01 -3.862826e-02 9.991415e-01 1.497082e-02 -6.689445e-01 -3.663459e-02 -1.638796e-02 9.991943e-01 3.761573e+01
9.986046e-01 3.772264e-02 3.695620e-02 4.440684e-01 -3.829658e-02 9.991546e-01 1.494724e-02 -6.702243e-01 -3.636111e-02 -1.634168e-02 9.992051e-01 3.776571e+01
9.985665e-01 3.884862e-02 3.681995e-02 4.681128e-01 -3.940197e-02 9.991193e-01 1.442359e-02 -6.722695e-01 -3.622719e-02 -1.585370e-02 9.992178e-01 3.783114e+01
9.985121e-01 3.968684e-02 3.739782e-02 4.994178e-01 -4.023552e-02 9.990917e-01 1.403464e-02 -6.738730e-01 -3.680686e-02 -1.551848e-02 9.992019e-01 3.789508e+01
9.986141e-01 3.800315e-02 3.641050e-02 5.477516e-01 -3.845169e-02 9.991920e-01 1.169872e-02 -6.875346e-01 -3.593649e-02 -1.308255e-02 9.992684e-01 3.922631e+01
9.988267e-01 3.290605e-02 3.552920e-02 5.998470e-01 -3.332408e-02 9.993814e-01 1.123820e-02 -7.057275e-01 -3.513742e-02 -1.240899e-02 9.993054e-01 4.060226e+01
9.990629e-01 2.574675e-02 3.479190e-02 6.578070e-01 -2.624520e-02 9.995582e-01 1.394646e-02 -7.189971e-01 -3.441745e-02 -1.484651e-02 9.992973e-01 4.192265e+01
9.992679e-01 1.909231e-02 3.315251e-02 7.174682e-01 -1.961085e-02 9.996893e-01 1.538696e-02 -7.327818e-01 -3.284844e-02 -1.602584e-02 9.993319e-01 4.329592e+01
9.993454e-01 1.665359e-02 3.211616e-02 7.670833e-01 -1.707711e-02 9.997702e-01 1.295804e-02 -7.455366e-01 -3.189298e-02 -1.349801e-02 9.994001e-01 4.462264e+01
9.992967e-01 1.800275e-02 3.289395e-02 8.070615e-01 -1.833327e-02 9.997842e-01 9.774077e-03 -7.621510e-01 -3.271089e-02 -1.037026e-02 9.994111e-01 4.593531e+01
9.991937e-01 2.175780e-02 3.374302e-02 8.475837e-01 -2.201657e-02 9.997308e-01 7.316149e-03 -7.775450e-01 -3.357475e-02 -8.053155e-03 9.994038e-01 4.729089e+01
9.991436e-01 2.211774e-02 3.497092e-02 8.891479e-01 -2.239730e-02 9.997201e-01 7.622549e-03 -7.880381e-01 -3.479254e-02 -8.399275e-03 9.993593e-01 4.737477e+01
9.991605e-01 1.984651e-02 3.583855e-02 9.473681e-01 -2.024194e-02 9.997378e-01 1.070447e-02 -8.071177e-01 -3.561670e-02 -1.142092e-02 9.993003e-01 4.871664e+01
9.992067e-01 1.564411e-02 3.662220e-02 1.012957e+00 -1.617989e-02 9.997657e-01 1.437957e-02 -8.306220e-01 -3.638866e-02 -1.496071e-02 9.992257e-01 5.004651e+01
9.992549e-01 1.294187e-02 3.636193e-02 1.078618e+00 -1.353205e-02 9.997799e-01 1.603170e-02 -8.442949e-01 -3.614644e-02 -1.651180e-02 9.992101e-01 5.125182e+01
9.992897e-01 1.152412e-02 3.587976e-02 1.125956e+00 -1.212066e-02 9.997912e-01 1.645341e-02 -8.473514e-01 -3.568266e-02 -1.687661e-02 9.992207e-01 5.140756e+01
9.992587e-01 1.344628e-02 3.607298e-02 1.173055e+00 -1.407227e-02 9.997538e-01 1.715592e-02 -8.499587e-01 -3.583342e-02 -1.765083e-02 9.992019e-01 5.188537e+01
9.991939e-01 1.706555e-02 3.633639e-02 1.202145e+00 -1.767190e-02 9.997088e-01 1.643170e-02 -8.485437e-01 -3.604539e-02 -1.706059e-02 9.992045e-01 5.194452e+01
9.991298e-01 2.108922e-02 3.598548e-02 1.233514e+00 -2.163291e-02 9.996566e-01 1.478673e-02 -8.498213e-01 -3.566128e-02 -1.555233e-02 9.992429e-01 5.204688e+01
9.990225e-01 2.525096e-02 3.628316e-02 1.286426e+00 -2.579372e-02 9.995611e-01 1.456971e-02 -8.643956e-01 -3.589934e-02 -1.549134e-02 9.992353e-01 5.340282e+01
9.990006e-01 2.711103e-02 3.553667e-02 1.314629e+00 -2.770766e-02 9.994814e-01 1.640535e-02 -8.655401e-01 -3.507348e-02 -1.737359e-02 9.992337e-01 5.362287e+01
9.990180e-01 2.868299e-02 3.376881e-02 1.342019e+00 -2.928216e-02 9.994200e-01 1.738425e-02 -8.685411e-01 -3.325059e-02 -1.835601e-02 9.992785e-01 5.383846e+01
9.989500e-01 3.203334e-02 3.275282e-02 1.382766e+00 -3.256028e-02 9.993467e-01 1.568358e-02 -8.795231e-01 -3.222903e-02 -1.673355e-02 9.993404e-01 5.517788e+01
9.988298e-01 3.634787e-02 3.190353e-02 1.415544e+00 -3.679089e-02 9.992330e-01 1.341053e-02 -8.897172e-01 -3.139162e-02 -1.456860e-02 9.994010e-01 5.646987e+01
9.985926e-01 4.272233e-02 3.142546e-02 1.440571e+00 -4.313453e-02 9.989904e-01 1.255754e-02 -9.000186e-01 -3.085725e-02 -1.389539e-02 9.994272e-01 5.783356e+01
9.983995e-01 4.715237e-02 3.122723e-02 1.458332e+00 -4.760007e-02 9.987718e-01 1.375168e-02 -9.062969e-01 -3.054045e-02 -1.521609e-02 9.994177e-01 5.864622e+01
9.981843e-01 5.096633e-02 3.210273e-02 1.487464e+00 -5.150000e-02 9.985445e-01 1.602196e-02 -9.146610e-01 -3.123943e-02 -1.764616e-02 9.993561e-01 5.997405e+01
9.981218e-01 5.201131e-02 3.236702e-02 1.520872e+00 -5.262201e-02 9.984466e-01 1.831079e-02 -9.209493e-01 -3.136437e-02 -1.997962e-02 9.993083e-01 6.136286e+01
9.981778e-01 5.127925e-02 3.180420e-02 1.558397e+00 -5.192044e-02 9.984574e-01 1.967297e-02 -9.268123e-01 -3.074633e-02 -2.128841e-02 9.993005e-01 6.272546e+01
9.982956e-01 4.994747e-02 3.018563e-02 1.596087e+00 -5.056990e-02 9.985158e-01 2.022068e-02 -9.327421e-01 -2.913086e-02 -2.171270e-02 9.993398e-01 6.413291e+01
9.982982e-01 5.101709e-02 2.824833e-02 1.627576e+00 -5.149909e-02 9.985350e-01 1.660619e-02 -9.407429e-01 -2.735974e-02 -1.803269e-02 9.994630e-01 6.546908e+01
9.981438e-01 5.469761e-02 2.677846e-02 1.655141e+00 -5.505652e-02 9.984005e-01 1.285393e-02 -9.532305e-01 -2.603255e-02 -1.430440e-02 9.995587e-01 6.688680e+01
9.978649e-01 5.975971e-02 2.635342e-02 1.679928e+00 -6.008278e-02 9.981255e-01 1.164197e-02 -9.625091e-01 -2.560830e-02 -1.320050e-02 9.995849e-01 6.827188e+01
9.975348e-01 6.501453e-02 2.640763e-02 1.703398e+00 -6.537466e-02 9.977760e-01 1.301025e-02 -9.779893e-01 -2.550305e-02 -1.470457e-02 9.995666e-01 6.963068e+01
9.973175e-01 6.815466e-02 2.669761e-02 1.733019e+00 -6.860340e-02 9.975114e-01 1.626811e-02 -9.896505e-01 -2.552242e-02 -1.805601e-02 9.995112e-01 7.107324e+01
9.971926e-01 6.969072e-02 2.738892e-02 1.765864e+00 -7.021601e-02 9.973564e-01 1.870814e-02 -9.997526e-01 -2.601273e-02 -2.057876e-02 9.994498e-01 7.244230e+01
9.971071e-01 7.084176e-02 2.754883e-02 1.803526e+00 -7.139080e-02 9.972581e-01 1.948393e-02 -1.007718e+00 -2.609302e-02 -2.139430e-02 9.994306e-01 7.388816e+01
9.970984e-01 7.094466e-02 2.759829e-02 1.835203e+00 -7.151081e-02 9.972373e-01 2.009721e-02 -1.014356e+00 -2.609626e-02 -2.201247e-02 9.994170e-01 7.419248e+01
9.971932e-01 6.953620e-02 2.775818e-02 1.864915e+00 -7.012401e-02 9.973215e-01 2.079527e-02 -1.021375e+00 -2.623781e-02 -2.268342e-02 9.993983e-01 7.449083e+01
9.973032e-01 6.782621e-02 2.803390e-02 1.882744e+00 -6.842540e-02 9.974353e-01 2.099630e-02 -1.023984e+00 -2.653790e-02 -2.285791e-02 9.993864e-01 7.460052e+01
9.974263e-01 6.585340e-02 2.835598e-02 1.928338e+00 -6.649395e-02 9.975382e-01 2.227149e-02 -1.028321e+00 -2.681952e-02 -2.409967e-02 9.993497e-01 7.597861e+01
9.976088e-01 6.292014e-02 2.859456e-02 1.975489e+00 -6.361713e-02 9.976820e-01 2.415598e-02 -1.031267e+00 -2.700838e-02 -2.591732e-02 9.992992e-01 7.741359e+01
9.977795e-01 6.000814e-02 2.889646e-02 2.016326e+00 -6.073205e-02 9.978444e-01 2.486159e-02 -1.033171e+00 -2.734227e-02 -2.656132e-02 9.992732e-01 7.878745e+01
9.975956e-01 6.314695e-02 2.855532e-02 2.052610e+00 -6.376444e-02 9.977386e-01 2.125619e-02 -1.034672e+00 -2.714848e-02 -2.302589e-02 9.993662e-01 8.024096e+01
9.971037e-01 7.047770e-02 2.858467e-02 2.082992e+00 -7.097409e-02 9.973377e-01 1.673836e-02 -1.037836e+00 -2.732889e-02 -1.871865e-02 9.994512e-01 8.165235e+01
9.963396e-01 8.019090e-02 2.961047e-02 2.108063e+00 -8.069660e-02 9.966055e-01 1.629608e-02 -1.037266e+00 -2.820316e-02 -1.862589e-02 9.994287e-01 8.305591e+01
9.955893e-01 8.851420e-02 3.109951e-02 2.133588e+00 -8.915755e-02 9.958178e-01 1.994535e-02 -1.040996e+00 -2.920400e-02 -2.263013e-02 9.993173e-01 8.449850e+01
9.953268e-01 9.106407e-02 3.212208e-02 2.171642e+00 -9.180581e-02 9.955244e-01 2.242307e-02 -1.044773e+00 -2.993637e-02 -2.526728e-02 9.992324e-01 8.589356e+01
9.954408e-01 9.001939e-02 3.153052e-02 2.219142e+00 -9.076192e-02 9.956078e-01 2.296535e-02 -1.043175e+00 -2.932470e-02 -2.572242e-02 9.992389e-01 8.735864e+01
9.956844e-01 8.775281e-02 3.020067e-02 2.270959e+00 -8.847125e-02 9.958054e-01 2.333495e-02 -1.045347e+00 -2.802628e-02 -2.590614e-02 9.992714e-01 8.881565e+01
9.958072e-01 8.672505e-02 2.910047e-02 2.317549e+00 -8.741548e-02 9.958981e-01 2.335529e-02 -1.048650e+00 -2.695561e-02 -2.580119e-02 9.993036e-01 9.023362e+01
9.957629e-01 8.756676e-02 2.807800e-02 2.336650e+00 -8.822056e-02 9.958364e-01 2.295744e-02 -1.050366e+00 -2.595078e-02 -2.533722e-02 9.993421e-01 9.033402e+01
9.956494e-01 8.899121e-02 2.761925e-02 2.353310e+00 -8.965165e-02 9.956918e-01 2.367140e-02 -1.051876e+00 -2.539371e-02 -2.604453e-02 9.993382e-01 9.054054e+01
9.956201e-01 8.943430e-02 2.724129e-02 2.369477e+00 -9.011245e-02 9.956234e-01 2.477409e-02 -1.047675e+00 -2.490642e-02 -2.712037e-02 9.993218e-01 9.081702e+01
9.958026e-01 8.754382e-02 2.670798e-02 2.385447e+00 -8.819928e-02 9.958031e-01 2.443708e-02 -1.043556e+00 -2.445657e-02 -2.669014e-02 9.993445e-01 9.092146e+01
9.959245e-01 8.644693e-02 2.571720e-02 2.400196e+00 -8.704986e-02 9.959308e-01 2.332809e-02 -1.038847e+00 -2.359590e-02 -2.547169e-02 9.993970e-01 9.094470e+01
9.960592e-01 8.513476e-02 2.486363e-02 2.414513e+00 -8.570929e-02 9.960539e-01 2.303418e-02 -1.036757e+00 -2.280450e-02 -2.507445e-02 9.994254e-01 9.098890e+01
9.960976e-01 8.494760e-02 2.394695e-02 2.429342e+00 -8.549975e-02 9.960713e-01 2.306077e-02 -1.033844e+00 -2.189391e-02 -2.501824e-02 9.994472e-01 9.113458e+01
9.961489e-01 8.453432e-02 2.326787e-02 2.440423e+00 -8.506872e-02 9.961090e-01 2.302373e-02 -1.033420e+00 -2.123104e-02 -2.491443e-02 9.994641e-01 9.120529e+01
9.961832e-01 8.431924e-02 2.256547e-02 2.452943e+00 -8.483044e-02 9.961358e-01 2.274544e-02 -1.032641e+00 -2.056039e-02 -2.457287e-02 9.994866e-01 9.130268e+01
9.960336e-01 8.623198e-02 2.193263e-02 2.461985e+00 -8.672322e-02 9.959777e-01 2.252874e-02 -1.035119e+00 -1.990171e-02 -2.434145e-02 9.995056e-01 9.136578e+01
9.960189e-01 8.653797e-02 2.138858e-02 2.471898e+00 -8.701519e-02 9.959531e-01 2.248914e-02 -1.039445e+00 -1.935586e-02 -2.426074e-02 9.995183e-01 9.142901e+01
9.959447e-01 8.748979e-02 2.096873e-02 2.481711e+00 -8.795768e-02 9.958692e-01 2.253839e-02 -1.039852e+00 -1.891023e-02 -2.429135e-02 9.995261e-01 9.150780e+01
9.960187e-01 8.670320e-02 2.072165e-02 2.489767e+00 -8.717142e-02 9.959307e-01 2.287347e-02 -1.043435e+00 -1.865412e-02 -2.458874e-02 9.995236e-01 9.158316e+01
9.960578e-01 8.627981e-02 2.060729e-02 2.497876e+00 -8.674545e-02 9.959676e-01 2.288402e-02 -1.045591e+00 -1.854977e-02 -2.458140e-02 9.995257e-01 9.164784e+01
9.961258e-01 8.551243e-02 2.052074e-02 2.505458e+00 -8.599070e-02 9.960145e-01 2.368002e-02 -1.048274e+00 -1.841402e-02 -2.535287e-02 9.995090e-01 9.174668e+01
9.962913e-01 8.353678e-02 2.062134e-02 2.515477e+00 -8.404032e-02 9.961513e-01 2.489456e-02 -1.048731e+00 -1.846236e-02 -2.653526e-02 9.994774e-01 9.191693e+01
9.963278e-01 8.313162e-02 2.049617e-02 2.521466e+00 -8.364092e-02 9.961725e-01 2.538715e-02 -1.047507e+00 -1.830724e-02 -2.700824e-02 9.994676e-01 9.204111e+01
9.963247e-01 8.322928e-02 2.024875e-02 2.518925e+00 -8.372724e-02 9.961718e-01 2.513009e-02 -1.048642e+00 -1.807967e-02 -2.673310e-02 9.994791e-01 9.204024e+01
9.962586e-01 8.405212e-02 2.009854e-02 2.520038e+00 -8.453259e-02 9.961222e-01 2.438680e-02 -1.050352e+00 -1.797084e-02 -2.599454e-02 9.995005e-01 9.202456e+01
9.961923e-01 8.479643e-02 2.025797e-02 2.520404e+00 -8.529217e-02 9.960421e-01 2.500663e-02 -1.049055e+00 -1.805732e-02 -2.663926e-02 9.994820e-01 9.211770e+01
9.962259e-01 8.431921e-02 2.059701e-02 2.527645e+00 -8.485667e-02 9.960331e-01 2.678472e-02 -1.043876e+00 -1.825683e-02 -2.843142e-02 9.994290e-01 9.246947e+01
9.962250e-01 8.421380e-02 2.106481e-02 2.534927e+00 -8.477450e-02 9.960257e-01 2.731434e-02 -1.043368e+00 -1.868085e-02 -2.899699e-02 9.994049e-01 9.265767e+01
9.961244e-01 8.543205e-02 2.091818e-02 2.531447e+00 -8.596584e-02 9.959560e-01 2.610696e-02 -1.044657e+00 -1.860322e-02 -2.780403e-02 9.994403e-01 9.256518e+01
9.959948e-01 8.688782e-02 2.109235e-02 2.529170e+00 -8.740761e-02 9.958559e-01 2.511673e-02 -1.049942e+00 -1.882260e-02 -2.685976e-02 9.994620e-01 9.247255e+01
9.958049e-01 8.902026e-02 2.116511e-02 2.527741e+00 -8.955503e-02 9.956470e-01 2.582434e-02 -1.052354e+00 -1.877409e-02 -2.761145e-02 9.994424e-01 9.254580e+01
9.957381e-01 8.977319e-02 2.112646e-02 2.533578e+00 -9.033595e-02 9.955347e-01 2.738903e-02 -1.056338e+00 -1.857332e-02 -2.918078e-02 9.994016e-01 9.275749e+01
9.956035e-01 9.135515e-02 2.068568e-02 2.538185e+00 -9.192252e-02 9.953618e-01 2.837535e-02 -1.060442e+00 -1.799750e-02 -3.015207e-02 9.993833e-01 9.297507e+01
9.955120e-01 9.250985e-02 1.994274e-02 2.538549e+00 -9.306160e-02 9.952442e-01 2.878499e-02 -1.061306e+00 -1.718500e-02 -3.051171e-02 9.993867e-01 9.306587e+01
9.953139e-01 9.469559e-02 1.957253e-02 2.537310e+00 -9.524079e-02 9.950287e-01 2.910429e-02 -1.060356e+00 -1.671918e-02 -3.083200e-02 9.993847e-01 9.320917e+01
9.951589e-01 9.639714e-02 1.914228e-02 2.531311e+00 -9.693640e-02 9.948507e-01 2.958612e-02 -1.059155e+00 -1.619170e-02 -3.129848e-02 9.993789e-01 9.334816e+01
9.951180e-01 9.698502e-02 1.827864e-02 2.530049e+00 -9.750236e-02 9.947851e-01 2.993106e-02 -1.051408e+00 -1.528046e-02 -3.156715e-02 9.993848e-01 9.349362e+01
9.952265e-01 9.597114e-02 1.771529e-02 2.531153e+00 -9.648413e-02 9.948573e-01 3.081949e-02 -1.052200e+00 -1.466641e-02 -3.238162e-02 9.993680e-01 9.365465e+01
9.953168e-01 9.521025e-02 1.671806e-02 2.531072e+00 -9.570621e-02 9.948979e-01 3.191303e-02 -1.046716e+00 -1.359431e-02 -3.336360e-02 9.993508e-01 9.391673e+01
9.955025e-01 9.334368e-02 1.617728e-02 2.531213e+00 -9.384050e-02 9.950302e-01 3.329826e-02 -1.047557e+00 -1.298870e-02 -3.466659e-02 9.993145e-01 9.428440e+01
9.956003e-01 9.247626e-02 1.510549e-02 2.526603e+00 -9.292641e-02 9.951435e-01 3.246565e-02 -1.046031e+00 -1.202983e-02 -3.372651e-02 9.993587e-01 9.431672e+01
9.956573e-01 9.199106e-02 1.429078e-02 2.517771e+00 -9.240305e-02 9.952234e-01 3.149664e-02 -1.046381e+00 -1.132511e-02 -3.268037e-02 9.994017e-01 9.430411e+01
9.957832e-01 9.044912e-02 1.532300e-02 2.511895e+00 -9.091737e-02 9.953027e-01 3.326658e-02 -1.043782e+00 -1.224209e-02 -3.451942e-02 9.993290e-01 9.460978e+01
9.959074e-01 8.888799e-02 1.635297e-02 2.509785e+00 -8.941361e-02 9.953846e-01 3.485265e-02 -1.035399e+00 -1.317951e-02 -3.617219e-02 9.992587e-01 9.499894e+01
9.959857e-01 8.791777e-02 1.682357e-02 2.502371e+00 -8.845738e-02 9.954791e-01 3.459322e-02 -1.032796e+00 -1.370615e-02 -3.594252e-02 9.992599e-01 9.507273e+01
9.959579e-01 8.818574e-02 1.706014e-02 2.487973e+00 -8.871626e-02 9.954986e-01 3.334620e-02 -1.031222e+00 -1.404269e-02 -3.472492e-02 9.992982e-01 9.499704e+01
9.957583e-01 9.024228e-02 1.793820e-02 2.469294e+00 -9.079882e-02 9.953189e-01 3.310431e-02 -1.031306e+00 -1.486682e-02 -3.459265e-02 9.992909e-01 9.502535e+01
9.954796e-01 9.288103e-02 1.983468e-02 2.452512e+00 -9.350563e-02 9.950615e-01 3.330635e-02 -1.030736e+00 -1.664319e-02 -3.501044e-02 9.992484e-01 9.510453e+01
9.952959e-01 9.459600e-02 2.091871e-02 2.431913e+00 -9.525368e-02 9.949037e-01 3.306568e-02 -1.028355e+00 -1.768422e-02 -3.490272e-02 9.992342e-01 9.512230e+01
9.950252e-01 9.705311e-02 2.248295e-02 2.418793e+00 -9.776760e-02 9.946546e-01 3.322095e-02 -1.030278e+00 -1.913857e-02 -3.525378e-02 9.991951e-01 9.519225e+01
9.949219e-01 9.787468e-02 2.347247e-02 2.401554e+00 -9.862948e-02 9.945601e-01 3.350169e-02 -1.032494e+00 -2.006581e-02 -3.564664e-02 9.991630e-01 9.519499e+01
9.947288e-01 9.961648e-02 2.431583e-02 2.387572e+00 -1.003965e-01 9.943902e-01 3.329627e-02 -1.035782e+00 -2.086257e-02 -3.556199e-02 9.991497e-01 9.520568e+01
9.947293e-01 9.937634e-02 2.525950e-02 2.380069e+00 -1.001865e-01 9.944168e-01 3.313519e-02 -1.038097e+00 -2.182562e-02 -3.549120e-02 9.991316e-01 9.517691e+01
9.946218e-01 1.001719e-01 2.632502e-02 2.376667e+00 -1.010302e-01 9.943160e-01 3.359384e-02 -1.039970e+00 -2.281023e-02 -3.607279e-02 9.990888e-01 9.525572e+01
9.946279e-01 9.971111e-02 2.780444e-02 2.390973e+00 -1.006611e-01 9.942992e-01 3.516347e-02 -1.039978e+00 -2.413975e-02 -3.777339e-02 9.989947e-01 9.550705e+01
9.946630e-01 9.913464e-02 2.859756e-02 2.403508e+00 -1.001327e-01 9.943271e-01 3.587681e-02 -1.038890e+00 -2.487869e-02 -3.854888e-02 9.989470e-01 9.564128e+01
9.947057e-01 9.871460e-02 2.856643e-02 2.407947e+00 -9.967222e-02 9.944289e-01 3.430159e-02 -1.041080e+00 -2.502121e-02 -3.696727e-02 9.990032e-01 9.565822e+01
9.947158e-01 9.895581e-02 2.735461e-02 2.389711e+00 -9.984432e-02 9.944462e-01 3.328453e-02 -1.038126e+00 -2.390899e-02 -3.583985e-02 9.990715e-01 9.559648e+01
9.947103e-01 9.926016e-02 2.643737e-02 2.393563e+00 -1.001310e-01 9.943949e-01 3.395055e-02 -1.037664e+00 -2.291925e-02 -3.641816e-02 9.990738e-01 9.566783e+01
9.947826e-01 9.877302e-02 2.552294e-02 2.387743e+00 -9.962756e-02 9.944191e-01 3.471315e-02 -1.037753e+00 -2.195178e-02 -3.707483e-02 9.990714e-01 9.575716e+01
9.947547e-01 9.926217e-02 2.470083e-02 2.385604e+00 -1.000811e-01 9.943817e-01 3.447991e-02 -1.038509e+00 -2.113950e-02 -3.677114e-02 9.991001e-01 9.576570e+01
9.947433e-01 9.970533e-02 2.333628e-02 2.361958e+00 -1.004758e-01 9.943387e-01 3.457102e-02 -1.036247e+00 -1.975725e-02 -3.673402e-02 9.991298e-01 9.582230e+01
9.947356e-01 9.989126e-02 2.286657e-02 2.346995e+00 -1.006488e-01 9.943132e-01 3.480114e-02 -1.032797e+00 -1.926020e-02 -3.691943e-02 9.991326e-01 9.589481e+01
9.947285e-01 9.989932e-02 2.313686e-02 2.348757e+00 -1.006736e-01 9.942987e-01 3.514291e-02 -1.035405e+00 -1.949419e-02 -3.728692e-02 9.991144e-01 9.599239e+01
9.946464e-01 1.003785e-01 2.454893e-02 2.367963e+00 -1.012257e-01 9.942076e-01 3.611996e-02 -1.035456e+00 -2.078106e-02 -3.841157e-02 9.990459e-01 9.624740e+01
9.944474e-01 1.017708e-01 2.677865e-02 2.388354e+00 -1.027269e-01 9.940156e-01 3.714985e-02 -1.032371e+00 -2.283763e-02 -3.969446e-02 9.989508e-01 9.654620e+01
9.942698e-01 1.027943e-01 2.934218e-02 2.420563e+00 -1.038396e-01 9.939185e-01 3.665067e-02 -1.033393e+00 -2.539626e-02 -3.948753e-02 9.988973e-01 9.665386e+01
9.940699e-01 1.041086e-01 3.140727e-02 2.460508e+00 -1.052255e-01 9.937859e-01 3.629353e-02 -1.037035e+00 -2.743363e-02 -3.938315e-02 9.988475e-01 9.668295e+01
9.940380e-01 1.040492e-01 3.259300e-02 2.522638e+00 -1.052108e-01 9.937902e-01 3.621757e-02 -1.042697e+00 -2.862220e-02 -3.943077e-02 9.988123e-01 9.675281e+01
9.941406e-01 1.027897e-01 3.344778e-02 2.597230e+00 -1.039612e-01 9.939511e-01 3.540149e-02 -1.051209e+00 -2.960655e-02 -3.867132e-02 9.988133e-01 9.677872e+01
9.942262e-01 1.023399e-01 3.226052e-02 2.652038e+00 -1.034224e-01 9.940601e-01 3.388781e-02 -1.064114e+00 -2.860082e-02 -3.702861e-02 9.989048e-01 9.668669e+01
9.942788e-01 1.028732e-01 2.875509e-02 2.684913e+00 -1.038152e-01 9.940339e-01 3.345012e-02 -1.074773e+00 -2.514242e-02 -3.624396e-02 9.990266e-01 9.662831e+01
9.942427e-01 1.046464e-01 2.303578e-02 2.678910e+00 -1.053790e-01 9.938747e-01 3.329264e-02 -1.083962e+00 -1.941072e-02 -3.552845e-02 9.991801e-01 9.657524e+01
9.941338e-01 1.066508e-01 1.798683e-02 2.670359e+00 -1.072176e-01 9.936467e-01 3.421477e-02 -1.089462e+00 -1.422352e-02 -3.594257e-02 9.992526e-01 9.668360e+01
9.939636e-01 1.081488e-01 1.844535e-02 2.685552e+00 -1.087801e-01 9.933550e-01 3.758627e-02 -1.063050e+00 -1.425787e-02 -3.936587e-02 9.991231e-01 9.825724e+01
9.940901e-01 1.069898e-01 1.838532e-02 2.708640e+00 -1.076704e-01 9.933321e-01 4.121105e-02 -1.034090e+00 -1.385357e-02 -4.294706e-02 9.989813e-01 9.989335e+01
9.941150e-01 1.069676e-01 1.712748e-02 2.706435e+00 -1.076149e-01 9.932684e-01 4.285816e-02 -1.026583e+00 -1.242775e-02 -4.444911e-02 9.989343e-01 1.002844e+02
9.941770e-01 1.069584e-01 1.311735e-02 2.662577e+00 -1.074296e-01 9.932817e-01 4.301470e-02 -1.022882e+00 -8.428441e-03 -4.417342e-02 9.989883e-01 1.002933e+02
9.941935e-01 1.070368e-01 1.106233e-02 2.628272e+00 -1.074237e-01 9.932383e-01 4.402177e-02 -1.018338e+00 -6.275586e-03 -4.495452e-02 9.989693e-01 1.003730e+02
9.941781e-01 1.072713e-01 1.013548e-02 2.607191e+00 -1.076255e-01 9.931388e-01 4.573850e-02 -1.014170e+00 -5.159511e-03 -4.656305e-02 9.989020e-01 1.005526e+02
9.941919e-01 1.071983e-01 9.538949e-03 2.588139e+00 -1.075316e-01 9.930775e-01 4.726635e-02 -1.014141e+00 -4.406044e-03 -4.801756e-02 9.988368e-01 1.007240e+02
9.940571e-01 1.084583e-01 9.341634e-03 2.559748e+00 -1.087812e-01 9.929365e-01 4.736808e-02 -1.007968e+00 -4.138186e-03 -4.810277e-02 9.988338e-01 1.008128e+02
9.940702e-01 1.083786e-01 8.862354e-03 2.543573e+00 -1.086803e-01 9.929242e-01 4.785583e-02 -1.004615e+00 -3.613099e-03 -4.853522e-02 9.988149e-01 1.008683e+02
9.942206e-01 1.069240e-01 9.629960e-03 2.539158e+00 -1.072759e-01 9.929479e-01 5.046150e-02 -9.902871e-01 -4.166503e-03 -5.120293e-02 9.986796e-01 1.012670e+02
9.944382e-01 1.048393e-01 1.007285e-02 2.547997e+00 -1.052240e-01 9.930846e-01 5.206700e-02 -9.757738e-01 -4.544528e-03 -5.283732e-02 9.985928e-01 1.016562e+02
9.945032e-01 1.043805e-01 8.254151e-03 2.545338e+00 -1.046693e-01 9.931543e-01 5.185414e-02 -9.708589e-01 -2.785084e-03 -5.243307e-02 9.986206e-01 1.016862e+02
9.944440e-01 1.047678e-01 1.023488e-02 2.534810e+00 -1.051622e-01 9.930789e-01 5.229830e-02 -9.661354e-01 -4.684871e-03 -5.308405e-02 9.985791e-01 1.018398e+02
9.943128e-01 1.060896e-01 9.325961e-03 2.521219e+00 -1.064256e-01 9.930572e-01 5.010901e-02 -9.543332e-01 -3.945170e-03 -5.081656e-02 9.987002e-01 1.018653e+02
9.940340e-01 1.086384e-01 9.696256e-03 2.522233e+00 -1.089804e-01 9.928908e-01 4.786486e-02 -9.157586e-01 -4.427361e-03 -4.863600e-02 9.988068e-01 1.034604e+02
9.939330e-01 1.096726e-01 8.309750e-03 2.511432e+00 -1.099480e-01 9.927508e-01 4.855172e-02 -9.131411e-01 -2.924719e-03 -4.917080e-02 9.987861e-01 1.035948e+02
9.938630e-01 1.103225e-01 8.078443e-03 2.517061e+00 -1.105940e-01 9.925119e-01 5.185597e-02 -8.724535e-01 -2.297070e-03 -5.243116e-02 9.986219e-01 1.051823e+02
9.937400e-01 1.113645e-01 8.874811e-03 2.520006e+00 -1.116839e-01 9.922517e-01 5.443540e-02 -8.230134e-01 -2.743876e-03 -5.508581e-02 9.984779e-01 1.067141e+02
9.936670e-01 1.120409e-01 8.529166e-03 2.522764e+00 -1.123387e-01 9.922128e-01 5.379312e-02 -8.194530e-01 -2.435717e-03 -5.441060e-02 9.985157e-01 1.067912e+02
9.936507e-01 1.123341e-01 6.267981e-03 2.520064e+00 -1.125085e-01 9.922388e-01 5.295312e-02 -8.210476e-01 -2.708918e-04 -5.332211e-02 9.985773e-01 1.067462e+02
9.938284e-01 1.107747e-01 5.843695e-03 2.550785e+00 -1.109285e-01 9.923362e-01 5.444002e-02 -8.181517e-01 2.316644e-04 -5.475226e-02 9.984999e-01 1.069317e+02
9.940123e-01 1.091241e-01 5.608209e-03 2.589876e+00 -1.092668e-01 9.924411e-01 5.586961e-02 -8.161697e-01 5.309050e-04 -5.614787e-02 9.984223e-01 1.072598e+02
9.940484e-01 1.088001e-01 5.501002e-03 2.601662e+00 -1.089375e-01 9.925013e-01 5.544247e-02 -8.135758e-01 5.723926e-04 -5.571177e-02 9.984467e-01 1.073148e+02
9.941498e-01 1.079156e-01 4.521234e-03 2.607349e+00 -1.080001e-01 9.926104e-01 5.532159e-02 -8.146856e-01 1.482241e-03 -5.548624e-02 9.984584e-01 1.072603e+02
9.942135e-01 1.073380e-01 4.244259e-03 2.624257e+00 -1.074077e-01 9.926645e-01 5.550423e-02 -8.095244e-01 1.744588e-03 -5.563892e-02 9.984494e-01 1.073358e+02
9.943318e-01 1.062606e-01 3.598720e-03 2.652982e+00 -1.062946e-01 9.927502e-01 5.611114e-02 -8.101701e-01 2.389771e-03 -5.617561e-02 9.984180e-01 1.074241e+02
9.944085e-01 1.055678e-01 2.676214e-03 2.690705e+00 -1.055507e-01 9.928208e-01 5.626567e-02 -8.144501e-01 3.282842e-03 -5.623354e-02 9.984122e-01 1.075002e+02
9.944322e-01 1.053607e-01 1.955640e-03 2.691215e+00 -1.053043e-01 9.928605e-01 5.602628e-02 -8.145139e-01 3.961289e-03 -5.592027e-02 9.984274e-01 1.075644e+02
