1.000000e+00 0.000000e+00 0.000000e+00 0.000000e+00 0.000000e+00 1.000000e+00 0.000000e+00 0.000000e+00 0.000000e+00 0.000000e+00 1.000000e+00 0.000000e+00
9.989432e-01 -1.304476e-03 4.594424e-02 4.914459e-02 1.414332e-03 9.999962e-01 -2.358650e-03 -2.274514e-02 -4.594099e-02 2.421138e-03 9.989412e-01 9.454156e-01
9.957331e-01 -4.790190e-03 9.215558e-02 1.618648e-01 5.445786e-03 9.999616e-01 -6.863869e-03 -4.572361e-02 -9.211916e-02 7.336441e-03 9.957210e-01 1.898442e+00
9.904502e-01 -5.118967e-03 1.377761e-01 2.871594e-01 6.618360e-03 9.999237e-01 -1.042691e-02 -7.787687e-02 -1.377122e-01 1.123919e-02 9.904085e-01 2.829239e+00
9.827688e-01 -3.125311e-03 1.848125e-01 4.570319e-01 5.702498e-03 9.998938e-01 -1.341499e-02 -1.007688e-01 -1.847510e-01 1.423773e-02 9.826822e-01 3.781013e+00
9.730111e-01 -5.341295e-03 2.306964e-01 7.385630e-01 8.478381e-03 9.998846e-01 -1.260913e-02 -1.264051e-01 -2.306024e-01 1.422475e-02 9.729441e-01 4.548629e+00
9.606447e-01 -6.302166e-03 2.777084e-01 1.042842e+00 1.042963e-02 9.998560e-01 -1.338782e-02 -1.514802e-01 -2.775841e-01 1.575733e-02 9.605721e-01 5.365698e+00
9.466265e-01 -8.960589e-03 3.222080e-01 1.385903e+00 1.486128e-02 9.997638e-01 -1.585810e-02 -1.827911e-01 -3.219898e-01 1.980012e-02 9.465361e-01 6.267308e+00
9.308705e-01 -1.091304e-02 3.651863e-01 1.741260e+00 1.825059e-02 9.996949e-01 -1.664691e-02 -2.225658e-01 -3.648932e-01 2.216098e-02 9.307856e-01 7.055348e+00
9.125724e-01 -1.050300e-02 4.087803e-01 2.144531e+00 1.915275e-02 9.996708e-01 -1.707207e-02 -2.407656e-01 -4.084664e-01 2.340877e-02 9.124731e-01 7.800670e+00
8.922570e-01 -1.144222e-02 4.513828e-01 2.588907e+00 2.068544e-02 9.996651e-01 -1.554855e-02 -2.718156e-01 -4.510537e-01 2.321035e-02 8.921949e-01 8.574481e+00
8.702061e-01 -1.142081e-02 4.925554e-01 3.039329e+00 2.094471e-02 9.996851e-01 -1.382383e-02 -3.051613e-01 -4.922424e-01 2.234602e-02 8.701713e-01 9.320170e+00
8.449046e-01 -1.173901e-02 5.347882e-01 3.547344e+00 2.204910e-02 9.996738e-01 -1.289147e-02 -3.317893e-01 -5.344624e-01 2.268366e-02 8.448878e-01 1.004696e+01
8.186841e-01 -1.193659e-02 5.741201e-01 4.060960e+00 2.286471e-02 9.996687e-01 -1.182042e-02 -3.542441e-01 -5.737887e-01 2.280428e-02 8.186858e-01 1.067851e+01
7.902176e-01 -1.381997e-02 6.126705e-01 4.641404e+00 2.588600e-02 9.996061e-01 -1.083950e-02 -3.845695e-01 -6.122794e-01 2.442515e-02 7.902641e-01 1.133440e+01
7.593586e-01 -1.339913e-02 6.505343e-01 5.242358e+00 2.703695e-02 9.995742e-01 -1.097146e-02 -4.044394e-01 -6.501103e-01 2.591974e-02 7.593976e-01 1.198782e+01
7.285631e-01 -1.627860e-02 6.847852e-01 5.884135e+00 3.137767e-02 9.994613e-01 -9.624598e-03 -4.346013e-01 -6.842596e-01 2.849909e-02 7.286814e-01 1.260137e+01
6.968608e-01 -1.562077e-02 7.170363e-01 6.524903e+00 3.140495e-02 9.994685e-01 -8.747700e-03 -4.594054e-01 -7.165185e-01 2.861442e-02 6.969810e-01 1.319855e+01
6.605694e-01 -1.475803e-02 7.506199e-01 7.216877e+00 3.297067e-02 9.994124e-01 -9.365668e-03 -4.796308e-01 -7.500407e-01 3.093511e-02 6.606678e-01 1.377308e+01
6.244978e-01 -1.573935e-02 7.808679e-01 7.924644e+00 3.665634e-02 9.992858e-01 -9.174014e-03 -5.086401e-01 -7.801659e-01 3.435291e-02 6.246288e-01 1.430133e+01
5.877902e-01 -1.452039e-02 8.088831e-01 8.665598e+00 3.737009e-02 9.992590e-01 -9.217829e-03 -5.320607e-01 -8.081498e-01 3.564619e-02 5.878973e-01 1.483199e+01
5.494336e-01 -1.384996e-02 8.354226e-01 9.377099e+00 4.009041e-02 9.991480e-01 -9.802058e-03 -5.587992e-01 -8.345750e-01 3.887802e-02 5.495207e-01 1.527529e+01
5.101499e-01 -1.259708e-02 8.599933e-01 1.012568e+01 4.399222e-02 9.989661e-01 -1.146354e-02 -5.862041e-01 -8.589597e-01 4.368114e-02 5.101766e-01 1.573153e+01
4.698296e-01 -1.174991e-02 8.826789e-01 1.090423e+01 4.634892e-02 9.988606e-01 -1.137398e-02 -6.074327e-01 -8.815395e-01 4.625505e-02 4.698389e-01 1.618429e+01
4.323132e-01 -1.363072e-02 9.016205e-01 1.169012e+01 5.095547e-02 9.986573e-01 -9.334636e-03 -6.332891e-01 -9.002827e-01 4.997798e-02 4.324273e-01 1.659776e+01
3.938526e-01 -1.472337e-02 9.190557e-01 1.251882e+01 5.512909e-02 9.984501e-01 -7.629767e-03 -6.600774e-01 -9.175189e-01 5.367171e-02 3.940538e-01 1.694989e+01
3.580529e-01 -1.284264e-02 9.336130e-01 1.336008e+01 5.603681e-02 9.983986e-01 -7.757035e-03 -6.832077e-01 -9.320182e-01 5.509412e-02 3.581992e-01 1.729670e+01
3.246165e-01 -1.358310e-02 9.457482e-01 1.413110e+01 5.676100e-02 9.983745e-01 -5.143580e-03 -7.002124e-01 -9.441411e-01 5.535130e-02 3.248598e-01 1.760549e+01
2.904363e-01 -1.538106e-02 9.567707e-01 1.496466e+01 5.881185e-02 9.982675e-01 -1.804702e-03 -7.132734e-01 -9.550853e-01 5.679361e-02 2.908377e-01 1.785533e+01
2.583751e-01 -1.570627e-02 9.659170e-01 1.579873e+01 5.961806e-02 9.982212e-01 2.842016e-04 -7.342842e-01 -9.642033e-01 5.751266e-02 2.588519e-01 1.812921e+01
2.252791e-01 -1.330317e-02 9.742034e-01 1.672208e+01 5.671149e-02 9.983905e-01 5.192423e-04 -7.506769e-01 -9.726423e-01 5.513155e-02 2.256710e-01 1.837072e+01
1.933796e-01 -1.138597e-02 9.810579e-01 1.765229e+01 5.645345e-02 9.984051e-01 4.595680e-04 -7.602587e-01 -9.794985e-01 5.529523e-02 1.937139e-01 1.858714e+01
1.626628e-01 -1.134091e-02 9.866165e-01 1.854439e+01 5.791928e-02 9.983194e-01 1.926315e-03 -7.714481e-01 -9.849803e-01 5.683078e-02 1.630463e-01 1.873092e+01
1.315175e-01 -1.211738e-02 9.912398e-01 1.940343e+01 5.912819e-02 9.982409e-01 4.357852e-03 -7.823775e-01 -9.895489e-01 5.803708e-02 1.320026e-01 1.886083e+01
1.001258e-01 -1.292561e-02 9.948908e-01 2.032495e+01 5.836301e-02 9.982702e-01 7.095859e-03 -7.942358e-01 -9.932616e-01 5.735434e-02 1.007070e-01 1.902670e+01
6.960538e-02 -1.324654e-02 9.974867e-01 2.124896e+01 5.859761e-02 9.982396e-01 9.167558e-03 -7.989274e-01 -9.958521e-01 5.781222e-02 7.025906e-02 1.912646e+01
4.122369e-02 -1.303423e-02 9.990649e-01 2.226413e+01 6.090039e-02 9.980885e-01 1.050860e-02 -8.013930e-01 -9.972922e-01 6.041024e-02 4.193868e-02 1.918196e+01
1.547894e-02 -1.257888e-02 9.998011e-01 2.327418e+01 6.489778e-02 9.978251e-01 1.154927e-02 -8.069514e-01 -9.977719e-01 6.470610e-02 1.626161e-02 1.922857e+01
-8.096398e-03 -1.189964e-02 9.998964e-01 2.430308e+01 6.952724e-02 9.975026e-01 1.243413e-02 -8.089952e-01 -9.975472e-01 6.962071e-02 -7.248829e-03 1.925843e+01
-2.967977e-02 -1.228840e-02 9.994839e-01 2.533537e+01 7.482054e-02 9.970919e-01 1.448079e-02 -8.129655e-01 -9.967552e-01 7.521171e-02 -2.867403e-02 1.925745e+01
-4.810099e-02 -1.271402e-02 9.987616e-01 2.636869e+01 7.939936e-02 9.967061e-01 1.651177e-02 -8.120747e-01 -9.956817e-01 8.009526e-02 -4.693307e-02 1.923408e+01
-6.434647e-02 -1.259741e-02 9.978481e-01 2.743796e+01 8.217521e-02 9.964575e-01 1.787894e-02 -8.085023e-01 -9.945385e-01 8.314883e-02 -6.308333e-02 1.916721e+01
-7.977664e-02 -1.318571e-02 9.967256e-01 2.849336e+01 8.421413e-02 9.962486e-01 1.991979e-02 -8.036863e-01 -9.932490e-01 8.552751e-02 -7.836694e-02 1.907049e+01
-9.398969e-02 -1.408078e-02 9.954736e-01 2.954684e+01 8.425082e-02 9.962007e-01 2.204578e-02 -7.965850e-01 -9.920019e-01 8.594154e-02 -9.244628e-02 1.899738e+01
-1.065747e-01 -1.385946e-02 9.942081e-01 3.063633e+01 8.416022e-02 9.961889e-01 2.290867e-02 -7.929151e-01 -9.907365e-01 8.611426e-02 -1.050021e-01 1.890629e+01
-1.192204e-01 -1.120298e-02 9.928046e-01 3.171793e+01 8.408293e-02 9.962303e-01 2.133869e-02 -7.859016e-01 -9.893010e-01 8.602192e-02 -1.178290e-01 1.880806e+01
-1.301256e-01 -7.767759e-03 9.914671e-01 3.282320e+01 8.459540e-02 9.962360e-01 1.890789e-02 -7.791190e-01 -9.878821e-01 8.633395e-02 -1.289787e-01 1.868579e+01
-1.412991e-01 -5.383484e-03 9.899523e-01 3.394491e+01 8.533396e-02 9.961970e-01 1.759744e-02 -7.727785e-01 -9.862823e-01 8.696305e-02 -1.403023e-01 1.856392e+01
-1.496694e-01 -4.248943e-03 9.887270e-01 3.507576e+01 8.527264e-02 9.962094e-01 1.718932e-02 -7.667772e-01 -9.850521e-01 8.688408e-02 -1.487397e-01 1.843419e+01
-1.652593e-01 -5.005218e-03 9.862375e-01 3.521985e+01 8.546604e-02 9.961526e-01 1.937669e-02 -7.686261e-01 -9.825400e-01 8.749199e-02 -1.641957e-01 1.845592e+01
-1.760095e-01 -5.074966e-03 9.843754e-01 3.532251e+01 8.598709e-02 9.960851e-01 2.051010e-02 -7.729181e-01 -9.806258e-01 8.825354e-02 -1.748841e-01 1.847166e+01
-1.811104e-01 -3.379277e-03 9.834570e-01 3.654167e+01 8.561495e-02 9.961435e-01 1.918945e-02 -7.611552e-01 -9.797291e-01 8.767403e-02 -1.801226e-01 1.828110e+01
-1.860202e-01 -2.675412e-03 9.825423e-01 3.779179e+01 8.574487e-02 9.961370e-01 1.894611e-02 -7.505087e-01 -9.787974e-01 8.777232e-02 -1.850722e-01 1.807326e+01
-1.913996e-01 -3.448648e-03 9.815061e-01 3.906941e+01 8.598403e-02 9.960903e-01 2.026730e-02 -7.419976e-01 -9.777387e-01 8.827300e-02 -1.903548e-01 1.787317e+01
-1.944261e-01 -5.444812e-03 9.809021e-01 4.037106e+01 8.662392e-02 9.959825e-01 2.269838e-02 -7.269744e-01 -9.770849e-01 8.938274e-02 -1.931733e-01 1.765023e+01
-1.971827e-01 -6.077229e-03 9.803479e-01 4.169461e+01 8.726582e-02 9.959025e-01 2.372590e-02 -7.104201e-01 -9.764751e-01 9.022920e-02 -1.958444e-01 1.740614e+01
-1.991946e-01 -6.530901e-03 9.799382e-01 4.193257e+01 8.885709e-02 9.957381e-01 2.469842e-02 -7.055220e-01 -9.759231e-01 9.199425e-02 -1.977654e-01 1.735862e+01
-1.988763e-01 -6.476108e-03 9.800032e-01 4.215537e+01 8.967782e-02 9.956626e-01 2.477830e-02 -6.961550e-01 -9.759130e-01 9.281237e-02 -1.974330e-01 1.732901e+01
-1.987740e-01 -6.254065e-03 9.800254e-01 4.229155e+01 9.098982e-02 9.955428e-01 2.480813e-02 -6.957378e-01 -9.758124e-01 9.410354e-02 -1.973189e-01 1.730188e+01
-1.971667e-01 -5.838536e-03 9.803526e-01 4.244943e+01 9.125614e-02 9.955314e-01 2.428220e-02 -6.894066e-01 -9.761135e-01 9.425083e-02 -1.957529e-01 1.729714e+01
-1.974211e-01 -5.090291e-03 9.803056e-01 4.253810e+01 9.094605e-02 9.955789e-01 2.348498e-02 -6.960822e-01 -9.760910e-01 9.379135e-02 -1.960853e-01 1.731389e+01
-1.966143e-01 -5.213042e-03 9.804670e-01 4.279268e+01 9.133902e-02 9.955399e-01 2.360951e-02 -6.952089e-01 -9.762172e-01 9.419687e-02 -1.952613e-01 1.728844e+01
-1.947077e-01 -5.728211e-03 9.808446e-01 4.431358e+01 9.164974e-02 9.955019e-01 2.400722e-02 -6.724209e-01 -9.765701e-01 9.456854e-02 -1.933069e-01 1.700921e+01
-1.905049e-01 -5.504163e-03 9.816708e-01 4.447242e+01 9.215957e-02 9.954677e-01 2.346619e-02 -6.745688e-01 -9.773507e-01 9.494079e-02 -1.891343e-01 1.699547e+01
-1.854246e-01 -4.790450e-03 9.826468e-01 4.454751e+01 9.176991e-02 9.955334e-01 2.217018e-02 -6.776381e-01 -9.783639e-01 9.428831e-02 -1.841568e-01 1.702214e+01
-1.806537e-01 -4.445479e-03 9.835367e-01 4.464614e+01 9.238667e-02 9.954917e-01 2.146888e-02 -6.843681e-01 -9.791981e-01 9.474411e-02 -1.794286e-01 1.703550e+01
-1.769093e-01 -4.686094e-03 9.842160e-01 4.485110e+01 9.159596e-02 9.955705e-01 2.120420e-02 -6.905520e-01 -9.799558e-01 9.390143e-02 -1.756964e-01 1.706325e+01
-1.759461e-01 -6.103887e-03 9.843809e-01 4.647251e+01 9.325617e-02 9.953801e-01 2.284049e-02 -6.711279e-01 -9.799726e-01 9.581829e-02 -1.745640e-01 1.679197e+01
-1.756366e-01 -7.653119e-03 9.844253e-01 4.801374e+01 9.504920e-02 9.951662e-01 2.469486e-02 -6.512198e-01 -9.798558e-01 9.790616e-02 -1.740602e-01 1.652790e+01
-1.728817e-01 -7.231115e-03 9.849161e-01 4.819364e+01 9.586506e-02 9.951017e-01 2.413303e-02 -6.572138e-01 -9.802662e-01 9.859120e-02 -1.713417e-01 1.654752e+01
-1.700983e-01 -6.003618e-03 9.854088e-01 4.824426e+01 9.722806e-02 9.949999e-01 2.284526e-02 -6.691119e-01 -9.806188e-01 9.969532e-02 -1.686640e-01 1.661634e+01
-1.679517e-01 -6.532224e-03 9.857736e-01 4.842346e+01 9.622061e-02 9.950946e-01 2.298762e-02 -6.803752e-01 -9.810881e-01 9.871254e-02 -1.664992e-01 1.669085e+01
-1.662027e-01 -7.522242e-03 9.860629e-01 4.865494e+01 9.631933e-02 9.950653e-01 2.382571e-02 -6.918783e-01 -9.813762e-01 9.893681e-02 -1.646580e-01 1.674788e+01
-1.650715e-01 -8.437198e-03 9.862455e-01 4.893324e+01 9.625409e-02 9.950522e-01 2.462294e-02 -6.946318e-01 -9.815735e-01 9.899471e-02 -1.634427e-01 1.681381e+01
-1.642135e-01 -8.809541e-03 9.863855e-01 4.915917e+01 9.815069e-02 9.948518e-01 2.522528e-02 -7.020159e-01 -9.815296e-01 1.009568e-01 -1.625034e-01 1.688181e+01
-1.632665e-01 -8.767324e-03 9.865430e-01 4.935278e+01 9.968819e-02 9.946961e-01 2.533753e-02 -7.030221e-01 -9.815326e-01 1.024835e-01 -1.615265e-01 1.696466e+01
-1.614933e-01 -8.310184e-03 9.868388e-01 4.940268e+01 1.002601e-01 9.946525e-01 2.478326e-02 -7.108256e-01 -9.817677e-01 1.029429e-01 -1.597965e-01 1.706551e+01
-1.592434e-01 -7.464885e-03 9.872111e-01 4.942554e+01 1.001732e-01 9.946882e-01 2.367999e-02 -7.195307e-01 -9.821440e-01 1.026629e-01 -1.576498e-01 1.718598e+01
-1.568316e-01 -7.063027e-03 9.876001e-01 4.946069e+01 9.965535e-02 9.947576e-01 2.293956e-02 -7.306315e-01 -9.825847e-01 1.020173e-01 -1.553056e-01 1.729989e+01
-1.552424e-01 -6.892457e-03 9.878524e-01 4.953105e+01 9.889987e-02 9.948434e-01 2.248349e-02 -7.459016e-01 -9.829133e-01 1.011889e-01 -1.537602e-01 1.740334e+01
-1.535739e-01 -7.474936e-03 9.881089e-01 4.974916e+01 9.859214e-02 9.948656e-01 2.284944e-02 -7.540809e-01 -9.832063e-01 1.009288e-01 -1.520484e-01 1.749059e+01
-1.517195e-01 -8.639133e-03 9.883858e-01 5.002256e+01 9.812897e-02 9.948901e-01 2.375901e-02 -7.667657e-01 -9.835405e-01 1.005940e-01 -1.500965e-01 1.757917e+01
-1.491332e-01 -9.224533e-03 9.887741e-01 5.029162e+01 9.636154e-02 9.950614e-01 2.381705e-02 -7.728424e-01 -9.841106e-01 9.883170e-02 -1.475078e-01 1.768158e+01
-1.483741e-01 -8.968309e-03 9.888906e-01 5.039302e+01 9.589057e-02 9.951165e-01 2.341229e-02 -7.843739e-01 -9.842714e-01 9.829906e-02 -1.467896e-01 1.780281e+01
-1.505303e-01 -8.332481e-03 9.885703e-01 5.048060e+01 9.506006e-02 9.952090e-01 2.286330e-02 -7.921301e-01 -9.840245e-01 9.741517e-02 -1.490170e-01 1.792209e+01
-1.540356e-01 -8.374221e-03 9.880298e-01 5.058724e+01 9.504879e-02 9.952010e-01 2.325327e-02 -8.049066e-01 -9.834830e-01 9.749286e-02 -1.525004e-01 1.802670e+01
-1.585449e-01 -9.603067e-03 9.873051e-01 5.089237e+01 9.344875e-02 9.953180e-01 2.468733e-02 -8.143253e-01 -9.829196e-01 9.617648e-02 -1.569052e-01 1.809517e+01
-1.629133e-01 -1.103439e-02 9.865787e-01 5.118106e+01 9.237727e-02 9.953744e-01 2.638698e-02 -8.217904e-01 -9.823063e-01 9.543624e-02 -1.611404e-01 1.815970e+01
-1.678170e-01 -1.183851e-02 9.857471e-01 5.128085e+01 9.085841e-02 9.954862e-01 2.742352e-02 -8.360012e-01 -9.816222e-01 9.416555e-02 -1.659838e-01 1.825462e+01
-1.734055e-01 -1.188564e-02 9.847788e-01 5.131970e+01 9.087330e-02 9.954683e-01 2.801615e-02 -8.483347e-01 -9.806491e-01 9.434825e-02 -1.715396e-01 1.833115e+01
-1.794137e-01 -1.142575e-02 9.837074e-01 5.134865e+01 9.063802e-02 9.954876e-01 2.809361e-02 -8.603058e-01 -9.795894e-01 9.420166e-02 -1.775685e-01 1.841708e+01
-1.850387e-01 -1.189373e-02 9.826593e-01 5.147777e+01 8.928953e-02 9.955874e-01 2.886379e-02 -8.696613e-01 -9.786665e-01 9.308210e-02 -1.831602e-01 1.847776e+01
-1.895993e-01 -1.336430e-02 9.817706e-01 5.168919e+01 8.744555e-02 9.957041e-01 3.044143e-02 -8.795480e-01 -9.779598e-01 9.162315e-02 -1.876161e-01 1.853389e+01
-1.964929e-01 -1.512154e-02 9.803886e-01 5.194116e+01 8.492014e-02 9.958615e-01 3.238018e-02 -8.830695e-01 -9.768209e-01 8.961722e-02 -1.943956e-01 1.856836e+01
-2.025582e-01 -1.692479e-02 9.791240e-01 5.220309e+01 8.374860e-02 9.958881e-01 3.454023e-02 -8.857733e-01 -9.756825e-01 8.899667e-02 -2.003078e-01 1.857713e+01
-2.087740e-01 -1.798424e-02 9.777985e-01 5.240843e+01 8.408689e-02 9.957981e-01 3.626905e-02 -8.857204e-01 -9.743423e-01 8.979207e-02 -2.063845e-01 1.859634e+01
-2.160297e-01 -1.763171e-02 9.762276e-01 5.245002e+01 8.491467e-02 9.957094e-01 3.677437e-02 -8.920366e-01 -9.726873e-01 9.084040e-02 -2.136056e-01 1.863564e+01
-2.228451e-01 -1.738808e-02 9.746988e-01 5.251397e+01 8.500059e-02 9.956864e-01 3.719616e-02 -8.977359e-01 -9.711411e-01 9.113896e-02 -2.204059e-01 1.869560e+01
-2.282559e-01 -1.810142e-02 9.734329e-01 5.269385e+01 8.618906e-02 9.955260e-01 3.872234e-02 -9.038816e-01 -9.697787e-01 9.273787e-02 -2.256746e-01 1.870829e+01
-2.327197e-01 -1.871653e-02 9.723637e-01 5.283136e+01 8.609062e-02 9.954934e-01 3.976615e-02 -9.081750e-01 -9.687259e-01 9.296576e-02 -2.300596e-01 1.874073e+01
-2.371675e-01 -1.866488e-02 9.712895e-01 5.286444e+01 8.600622e-02 9.954860e-01 4.013068e-02 -9.178996e-01 -9.676541e-01 9.305462e-02 -2.344916e-01 1.880759e+01
-2.412643e-01 -1.882993e-02 9.702767e-01 5.294733e+01 8.576882e-02 9.954856e-01 4.064602e-02 -9.261357e-01 -9.666619e-01 9.302592e-02 -2.385602e-01 1.886222e+01
-2.459218e-01 -1.970715e-02 9.690893e-01 5.321660e+01 8.761313e-02 9.952487e-01 4.247234e-02 -9.296135e-01 -9.653219e-01 9.534982e-02 -2.430267e-01 1.885833e+01
-2.487244e-01 -1.999066e-02 9.683680e-01 5.346397e+01 9.019005e-02 9.949651e-01 4.370495e-02 -9.286098e-01 -9.643661e-01 9.820765e-02 -2.456691e-01 1.883608e+01
-2.527398e-01 -1.966906e-02 9.673343e-01 5.357549e+01 9.115544e-02 9.948621e-01 4.404538e-02 -9.330005e-01 -9.632306e-01 9.930981e-02 -2.496483e-01 1.885738e+01
-2.572800e-01 -1.946297e-02 9.661409e-01 5.369227e+01 9.125305e-02 9.948400e-01 4.434148e-02 -9.354966e-01 -9.620187e-01 9.957148e-02 -2.541764e-01 1.888072e+01
-2.621431e-01 -2.027183e-02 9.648161e-01 5.385059e+01 8.953443e-02 9.949561e-01 4.523186e-02 -9.347426e-01 -9.608666e-01 9.824148e-02 -2.590059e-01 1.888401e+01
-2.650479e-01 -2.100088e-02 9.640065e-01 5.387587e+01 8.689614e-02 9.951745e-01 4.557146e-02 -9.366202e-01 -9.603117e-01 9.584706e-02 -2.619441e-01 1.888915e+01
-2.666694e-01 -2.179116e-02 9.635417e-01 5.390171e+01 8.480543e-02 9.953360e-01 4.598093e-02 -9.384941e-01 -9.600497e-01 9.397527e-02 -2.635777e-01 1.891301e+01
-2.715557e-01 -2.285373e-02 9.621513e-01 5.406789e+01 8.386167e-02 9.953536e-01 4.731133e-02 -9.340432e-01 -9.587621e-01 9.353528e-02 -2.683774e-01 1.889827e+01
-2.785777e-01 -2.365167e-02 9.601224e-01 5.420749e+01 8.361230e-02 9.953038e-01 4.877828e-02 -9.362313e-01 -9.567672e-01 9.386658e-02 -2.752919e-01 1.889306e+01
-2.860408e-01 -2.369937e-02 9.579243e-01 5.428422e+01 8.372742e-02 9.952523e-01 4.962430e-02 -9.371249e-01 -9.545524e-01 9.439910e-02 -2.826985e-01 1.889966e+01
-2.893657e-01 -2.435467e-02 9.569088e-01 5.442889e+01 8.372548e-02 9.952009e-01 5.064754e-02 -9.363417e-01 -9.535500e-01 9.477330e-02 -2.859379e-01 1.888898e+01
-2.915024e-01 -2.534753e-02 9.562342e-01 5.484720e+01 8.427878e-02 9.950808e-01 5.206915e-02 -9.210229e-01 -9.528502e-01 9.576853e-02 -2.879322e-01 1.878906e+01
-2.934673e-01 -2.552906e-02 9.556282e-01 5.502658e+01 8.612558e-02 9.948722e-01 5.302606e-02 -9.164967e-01 -9.520816e-01 9.786545e-02 -2.897638e-01 1.876064e+01
-2.962505e-01 -2.525381e-02 9.547764e-01 5.513352e+01 8.785776e-02 9.946915e-01 5.357030e-02 -9.162784e-01 -9.510608e-01 9.975474e-02 -2.924591e-01 1.875316e+01
-2.958633e-01 -2.430304e-02 9.549211e-01 5.516456e+01 8.898807e-02 9.946277e-01 5.288478e-02 -9.164881e-01 -9.510762e-01 1.006233e-01 -2.921112e-01 1.878130e+01
-2.970839e-01 -2.286756e-02 9.545775e-01 5.510995e+01 8.984011e-02 9.946089e-01 5.178660e-02 -9.249951e-01 -9.506156e-01 1.011443e-01 -2.934278e-01 1.882826e+01
-2.966305e-01 -2.196891e-02 9.547396e-01 5.511395e+01 9.055519e-02 9.945837e-01 5.102056e-02 -9.314330e-01 -9.506893e-01 1.015909e-01 -2.930344e-01 1.886367e+01
-2.956954e-01 -2.193153e-02 9.550305e-01 5.514674e+01 9.029145e-02 9.946191e-01 5.079658e-02 -9.389506e-01 -9.510056e-01 1.012514e-01 -2.921241e-01 1.888670e+01
-2.939618e-01 -2.236125e-02 9.555556e-01 5.530087e+01 8.983180e-02 9.946548e-01 5.091158e-02 -9.393753e-01 -9.515864e-01 1.008053e-01 -2.903818e-01 1.887541e+01
-2.923773e-01 -2.254678e-02 9.560372e-01 5.542455e+01 9.019738e-02 9.946151e-01 5.104093e-02 -9.450436e-01 -9.520399e-01 1.011553e-01 -2.887692e-01 1.886931e+01
-2.915512e-01 -2.282133e-02 9.562829e-01 5.560421e+01 9.179678e-02 9.944338e-01 5.171875e-02 -9.488467e-01 -9.521403e-01 1.028624e-01 -2.878334e-01 1.886001e+01
-2.905960e-01 -2.307400e-02 9.565676e-01 5.580637e+01 9.435312e-02 9.941459e-01 5.264401e-02 -9.500371e-01 -9.521825e-01 1.055533e-01 -2.867177e-01 1.882421e+01
-2.885775e-01 -2.408163e-02 9.571536e-01 5.611206e+01 9.557636e-02 9.939659e-01 5.382365e-02 -9.479244e-01 -9.526742e-01 1.070136e-01 -2.845346e-01 1.878485e+01
-2.881699e-01 -2.560379e-02 9.572369e-01 5.636937e+01 9.602279e-02 9.938312e-01 5.548963e-02 -9.517243e-01 -9.527527e-01 1.079070e-01 -2.839337e-01 1.878802e+01
-2.893251e-01 -2.614196e-02 9.568738e-01 5.643637e+01 9.550715e-02 9.938506e-01 5.603019e-02 -9.592211e-01 -9.524544e-01 1.075992e-01 -2.850492e-01 1.885569e+01
-2.912021e-01 -2.564407e-02 9.563178e-01 5.641691e+01 9.542060e-02 9.938771e-01 5.570714e-02 -9.699329e-01 -9.518909e-01 1.074745e-01 -2.869721e-01 1.893784e+01
-2.936323e-01 -2.569531e-02 9.555730e-01 5.641204e+01 9.537600e-02 9.938631e-01 5.603244e-02 -9.859754e-01 -9.511485e-01 1.075917e-01 -2.893796e-01 1.901609e+01
-2.972402e-01 -2.560871e-02 9.544592e-01 5.639369e+01 9.517927e-02 9.938664e-01 5.630701e-02 -9.983878e-01 -9.500469e-01 1.075814e-01 -2.929796e-01 1.910664e+01
-3.017874e-01 -2.574065e-02 9.530277e-01 5.639298e+01 9.433880e-02 9.939231e-01 5.671870e-02 -1.014546e+00 -9.486962e-01 1.070245e-01 -2.975251e-01 1.917844e+01
-3.046867e-01 -2.612828e-02 9.520942e-01 5.650973e+01 9.552234e-02 9.937454e-01 5.784013e-02 -1.021563e+00 -9.476505e-01 1.085694e-01 -3.002852e-01 1.917749e+01
-3.070723e-01 -2.752047e-02 9.512882e-01 5.676611e+01 9.551021e-02 9.936440e-01 5.957615e-02 -1.018434e+00 -9.468814e-01 1.091519e-01 -3.024921e-01 1.913973e+01
-3.091605e-01 -2.911136e-02 9.505642e-01 5.700225e+01 9.545378e-02 9.935339e-01 6.147260e-02 -1.015918e+00 -9.462074e-01 1.097398e-01 -3.043827e-01 1.910041e+01
-3.136893e-01 -3.032409e-02 9.490414e-01 5.716442e+01 9.560821e-02 9.934016e-01 6.334314e-02 -1.013456e+00 -9.447000e-01 1.106062e-01 -3.087202e-01 1.906448e+01
-3.192076e-01 -3.101816e-02 9.471771e-01 5.724496e+01 9.467167e-02 9.934209e-01 6.443779e-02 -1.012332e+00 -9.429442e-01 1.102399e-01 -3.141709e-01 1.905830e+01
-3.254995e-01 -3.118935e-02 9.450277e-01 5.725693e+01 9.416523e-02 9.934180e-01 6.522010e-02 -1.015823e+00 -9.408416e-01 1.102179e-01 -3.204201e-01 1.906932e+01
-3.294255e-01 -3.152398e-02 9.436552e-01 5.732339e+01 9.475594e-02 9.932929e-01 6.626103e-02 -1.020749e+00 -9.394148e-01 1.112450e-01 -3.242289e-01 1.904872e+01
-3.318494e-01 -3.157443e-02 9.428038e-01 5.743056e+01 9.606185e-02 9.931131e-01 6.707127e-02 -1.021948e+00 -9.384285e-01 1.128250e-01 -3.265309e-01 1.898718e+01
-3.339165e-01 -3.230286e-02 9.420490e-01 5.764302e+01 9.784783e-02 9.928255e-01 6.872690e-02 -1.015308e+00 -9.375103e-01 1.151265e-01 -3.283600e-01 1.889312e+01
-3.357398e-01 -3.320424e-02 9.413694e-01 5.791773e+01 9.978749e-02 9.925011e-01 7.059702e-02 -9.980999e-01 -9.366543e-01 1.176391e-01 -3.299087e-01 1.876491e+01
-3.351901e-01 -3.361215e-02 9.415507e-01 5.802563e+01 1.009418e-01 9.923298e-01 7.135998e-02 -9.879856e-01 -9.367275e-01 1.189610e-01 -3.292263e-01 1.870993e+01
-3.357383e-01 -3.360263e-02 9.413557e-01 5.804859e+01 1.013873e-01 9.922686e-01 7.158021e-02 -9.864664e-01 -9.364830e-01 1.194737e-01 -3.297357e-01 1.869429e+01
-3.344590e-01 -3.374615e-02 9.418059e-01 5.813249e+01 1.020666e-01 9.921832e-01 7.179767e-02 -9.840315e-01 -9.368669e-01 1.201403e-01 -3.284002e-01 1.869756e+01
-3.326518e-01 -3.310233e-02 9.424686e-01 5.809401e+01 1.028231e-01 9.921525e-01 7.113961e-02 -9.909863e-01 -9.374274e-01 1.205723e-01 -3.266376e-01 1.873274e+01
-3.307865e-01 -3.233470e-02 9.431515e-01 5.806205e+01 1.038794e-01 9.920920e-01 7.044564e-02 -1.002277e+00 -9.379709e-01 1.212765e-01 -3.248118e-01 1.877425e+01
-3.272152e-01 -3.161074e-02 9.444210e-01 5.808851e+01 1.039490e-01 9.921707e-01 6.922435e-02 -1.013207e+00 -9.392150e-01 1.208228e-01 -3.213674e-01 1.882818e+01
-3.232989e-01 -3.069895e-02 9.457988e-01 5.812888e+01 1.058161e-01 9.920325e-01 6.837033e-02 -1.022886e+00 -9.403621e-01 1.221848e-01 -3.174746e-01 1.884183e+01
-3.198688e-01 -3.099733e-02 9.469547e-01 5.843844e+01 1.085514e-01 9.916843e-01 6.912873e-02 -1.018110e+00 -9.412229e-01 1.249054e-01 -3.138440e-01 1.876611e+01
-3.174600e-01 -3.147630e-02 9.477491e-01 5.876501e+01 1.099873e-01 9.914812e-01 6.977030e-02 -1.008381e+00 -9.418715e-01 1.263897e-01 -3.112936e-01 1.869779e+01
-3.164211e-01 -3.171340e-02 9.480886e-01 5.891156e+01 1.097075e-01 9.915114e-01 6.978038e-02 -1.002083e+00 -9.422536e-01 1.260925e-01 -3.102560e-01 1.865264e+01
-3.160916e-01 -3.145983e-02 9.482069e-01 5.898686e+01 1.089621e-01 9.916326e-01 6.922393e-02 -1.003920e+00 -9.424507e-01 1.251998e-01 -3.100188e-01 1.865782e+01
-3.161879e-01 -3.164960e-02 9.481685e-01 5.912976e+01 1.084738e-01 9.916826e-01 6.927510e-02 -1.005590e+00 -9.424747e-01 1.247554e-01 -3.101249e-01 1.866494e+01
-3.164178e-01 -3.218780e-02 9.480737e-01 5.933288e+01 1.086822e-01 9.916132e-01 6.993850e-02 -1.002837e+00 -9.423736e-01 1.251686e-01 -3.102659e-01 1.863202e+01
-3.177615e-01 -3.241615e-02 9.476164e-01 5.944621e+01 1.096039e-01 9.914600e-01 7.066911e-02 -1.006631e+00 -9.418145e-01 1.263184e-01 -3.114949e-01 1.862015e+01
-3.210075e-01 -3.298146e-02 9.465022e-01 5.960548e+01 1.100301e-01 9.913271e-01 7.186027e-02 -1.002107e+00 -9.406634e-01 1.272114e-01 -3.145945e-01 1.857539e+01
-3.238208e-01 -3.385223e-02 9.455126e-01 5.978591e+01 1.104655e-01 9.911718e-01 7.331939e-02 -1.002887e+00 -9.396475e-01 1.281889e-01 -3.172226e-01 1.854134e+01
-3.239092e-01 -3.354511e-02 9.454933e-01 5.988738e+01 1.117796e-01 9.910146e-01 7.345385e-02 -1.008383e+00 -9.394616e-01 1.294792e-01 -3.172491e-01 1.855596e+01
-3.244970e-01 -3.312435e-02 9.453065e-01 5.988520e+01 1.134130e-01 9.908144e-01 7.365046e-02 -1.017729e+00 -9.390629e-01 1.311094e-01 -3.177596e-01 1.855838e+01
-3.242176e-01 -3.329939e-02 9.453963e-01 5.994324e+01 1.149411e-01 9.905890e-01 7.430952e-02 -1.023134e+00 -9.389736e-01 1.327574e-01 -3.173389e-01 1.854453e+01
-3.251193e-01 -3.370244e-02 9.450723e-01 6.006886e+01 1.158656e-01 9.904157e-01 7.517897e-02 -1.028496e+00 -9.385481e-01 1.339435e-01 -3.180983e-01 1.853909e+01
-3.239962e-01 -3.396124e-02 9.454486e-01 6.005850e+01 1.161200e-01 9.903715e-01 7.536813e-02 -1.041121e+00 -9.389050e-01 1.342045e-01 -3.169331e-01 1.857442e+01
-3.260771e-01 -3.424959e-02 9.447226e-01 6.014777e+01 1.175605e-01 9.901169e-01 7.647206e-02 -1.039894e+00 -9.380049e-01 1.359978e-01 -3.188280e-01 1.855960e+01
-3.270749e-01 -3.451205e-02 9.443680e-01 6.019942e+01 1.191739e-01 9.898481e-01 7.744913e-02 -1.041923e+00 -9.374538e-01 1.378757e-01 -3.196415e-01 1.856209e+01
-3.268459e-01 -3.426424e-02 9.444563e-01 6.020849e+01 1.211698e-01 9.895755e-01 7.783411e-02 -1.046019e+00 -9.372778e-01 1.398793e-01 -3.192870e-01 1.857572e+01
-3.270890e-01 -3.332745e-02 9.444057e-01 6.019637e+01 1.240182e-01 9.892204e-01 7.786184e-02 -1.055398e+00 -9.368203e-01 1.425912e-01 -3.194299e-01 1.860232e+01
-3.275203e-01 -3.276993e-02 9.442757e-01 6.024560e+01 1.267895e-01 9.888350e-01 7.829302e-02 -1.058578e+00 -9.362985e-01 1.453668e-01 -3.197087e-01 1.860022e+01
-3.273459e-01 -3.149967e-02 9.443794e-01 6.028776e+01 1.301950e-01 9.884079e-01 7.809714e-02 -1.065666e+00 -9.358920e-01 1.485183e-01 -3.194502e-01 1.860966e+01
-3.301428e-01 -2.994248e-02 9.434560e-01 6.028090e+01 1.334604e-01 9.879754e-01 7.805709e-02 -1.079867e+00 -9.344485e-01 1.516840e-01 -3.221768e-01 1.865935e+01
-3.296237e-01 -2.954056e-02 9.436501e-01 6.032830e+01 1.357375e-01 9.876434e-01 7.833183e-02 -1.085262e+00 -9.343038e-01 1.539088e-01 -3.215409e-01 1.868092e+01
-3.292671e-01 -2.932909e-02 9.437812e-01 6.035779e+01 1.370511e-01 9.874486e-01 7.850059e-02 -1.104352e+00 -9.342377e-01 1.551939e-01 -3.211148e-01 1.876169e+01
-3.290438e-01 -2.912697e-02 9.438654e-01 6.036860e+01 1.380826e-01 9.872966e-01 7.860461e-02 -1.124712e+00 -9.341645e-01 1.561957e-01 -3.208419e-01 1.886508e+01
-3.302107e-01 -2.846780e-02 9.434779e-01 6.032656e+01 1.395862e-01 9.870825e-01 7.863768e-02 -1.141331e+00 -9.335291e-01 1.576635e-01 -3.219715e-01 1.892785e+01
-3.298215e-01 -2.821661e-02 9.436216e-01 6.032527e+01 1.403992e-01 9.869713e-01 7.858622e-02 -1.165794e+00 -9.335448e-01 1.584031e-01 -3.215627e-01 1.900967e+01
-3.319069e-01 -2.845354e-02 9.428829e-01 6.032863e+01 1.401177e-01 9.869696e-01 7.910719e-02 -1.189331e+00 -9.328477e-01 1.583708e-01 -3.235952e-01 1.909507e+01
-3.313519e-01 -2.899967e-02 9.430615e-01 6.039499e+01 1.414410e-01 9.867058e-01 8.003813e-02 -1.196798e+00 -9.328453e-01 1.599083e-01 -3.228451e-01 1.909673e+01
-3.320657e-01 -2.962620e-02 9.427909e-01 6.062884e+01 1.434908e-01 9.862874e-01 8.153274e-02 -1.195795e+00 -9.322783e-01 1.623561e-01 -3.232611e-01 1.908200e+01
-3.325807e-01 -3.016670e-02 9.425922e-01 6.078771e+01 1.451402e-01 9.859434e-01 8.276485e-02 -1.198689e+00 -9.318392e-01 1.643340e-01 -3.235274e-01 1.908566e+01
-3.331221e-01 -3.065455e-02 9.423853e-01 6.086726e+01 1.454944e-01 9.858293e-01 8.349829e-02 -1.207115e+00 -9.315906e-01 1.649269e-01 -3.239414e-01 1.914148e+01
-3.375254e-01 -3.098784e-02 9.408062e-01 6.104303e+01 1.459198e-01 9.856540e-01 8.481547e-02 -1.211513e+00 -9.299376e-01 1.659096e-01 -3.281615e-01 1.918709e+01
-3.359561e-01 -3.161494e-02 9.413469e-01 6.124349e+01 1.477408e-01 9.852959e-01 8.581797e-02 -1.209531e+00 -9.302183e-01 1.679064e-01 -3.263453e-01 1.919385e+01
-3.371707e-01 -3.214228e-02 9.408947e-01 6.137080e+01 1.488845e-01 9.850198e-01 8.700258e-02 -1.211725e+00 -9.295963e-01 1.694193e-01 -3.273344e-01 1.921718e+01
-3.359277e-01 -3.169998e-02 9.413542e-01 6.127324e+01 1.491225e-01 9.850380e-01 8.638626e-02 -1.226214e+00 -9.300081e-01 1.693967e-01 -3.261744e-01 1.929770e+01
-3.351549e-01 -3.014011e-02 9.416808e-01 6.108901e+01 1.493287e-01 9.851550e-01 8.467937e-02 -1.263776e+00 -9.302538e-01 1.690007e-01 -3.256787e-01 1.944149e+01
-3.382330e-01 -3.072354e-02 9.405607e-01 6.114779e+01 1.485890e-01 9.851860e-01 8.561500e-02 -1.284943e+00 -9.292576e-01 1.687148e-01 -3.286572e-01 1.951755e+01
-3.411086e-01 -3.277559e-02 9.394523e-01 6.138001e+01 1.470077e-01 9.852353e-01 8.775034e-02 -1.293505e+00 -9.284577e-01 1.680391e-01 -3.312540e-01 1.955021e+01
-3.442652e-01 -3.528112e-02 9.382093e-01 6.160696e+01 1.441105e-01 9.854661e-01 8.993789e-02 -1.289888e+00 -9.277465e-01 1.661683e-01 -3.341773e-01 1.955009e+01
-3.466739e-01 -3.700243e-02 9.372556e-01 6.185548e+01 1.428027e-01 9.854915e-01 9.172689e-02 -1.285991e+00 -9.270516e-01 1.656419e-01 -3.363601e-01 1.955000e+01
-3.479286e-01 -3.808822e-02 9.367470e-01 6.197943e+01 1.421722e-01 9.854751e-01 9.287542e-02 -1.283273e+00 -9.266783e-01 1.654934e-01 -3.374599e-01 1.956409e+01
-3.477991e-01 -3.845247e-02 9.367802e-01 6.203513e+01 1.425630e-01 9.853713e-01 9.337648e-02 -1.269361e+00 -9.266669e-01 1.660264e-01 -3.372294e-01 1.952633e+01
-3.545231e-01 -3.859969e-02 9.342502e-01 6.212962e+01 1.421804e-01 9.853039e-01 9.466270e-02 -1.259975e+00 -9.241743e-01 1.663922e-01 -3.438248e-01 1.951115e+01
-3.612483e-01 -3.963669e-02 9.316268e-01 6.239080e+01 1.416122e-01 9.851754e-01 9.682660e-02 -1.233940e+00 -9.216537e-01 1.669082e-01 -3.502799e-01 1.940996e+01
-3.698876e-01 -4.127538e-02 9.281592e-01 6.277467e+01 1.408778e-01 9.849694e-01 9.994400e-02 -1.201188e+00 -9.183336e-01 1.677251e-01 -3.585132e-01 1.928561e+01
-3.774767e-01 -4.296404e-02 9.250219e-01 6.307428e+01 1.380642e-01 9.851469e-01 1.020970e-01 -1.168280e+00 -9.156690e-01 1.662517e-01 -3.659382e-01 1.914379e+01
-3.833514e-01 -4.340395e-02 9.225821e-01 6.315194e+01 1.350186e-01 9.855304e-01 1.024684e-01 -1.151010e+00 -9.136803e-01 1.638472e-01 -3.719442e-01 1.905384e+01
-3.885452e-01 -4.384422e-02 9.203860e-01 6.332325e+01 1.327673e-01 9.857800e-01 1.030077e-01 -1.128314e+00 -9.118144e-01 1.622203e-01 -3.771990e-01 1.894388e+01
-3.888670e-01 -4.402958e-02 9.202412e-01 6.347422e+01 1.320157e-01 9.858863e-01 1.029564e-01 -1.084257e+00 -9.117863e-01 1.615227e-01 -3.775660e-01 1.870458e+01
-3.900251e-01 -4.486800e-02 9.197104e-01 6.383510e+01 1.307864e-01 9.859865e-01 1.035644e-01 -1.026688e+00 -9.114688e-01 1.606783e-01 -3.786914e-01 1.840726e+01
-3.887230e-01 -4.576470e-02 9.202174e-01 6.404634e+01 1.275240e-01 9.864802e-01 1.029294e-01 -9.797735e-01 -9.124868e-01 1.573608e-01 -3.776314e-01 1.818464e+01
-3.872506e-01 -4.623465e-02 9.208145e-01 6.416288e+01 1.265534e-01 9.866227e-01 1.027612e-01 -9.448197e-01 -9.132476e-01 1.563266e-01 -3.762190e-01 1.800726e+01
-3.893356e-01 -4.719419e-02 9.198862e-01 6.434866e+01 1.259634e-01 9.865759e-01 1.039288e-01 -9.128595e-01 -9.124423e-01 1.563352e-01 -3.781643e-01 1.785520e+01
-3.904434e-01 -4.739151e-02 9.194063e-01 6.439013e+01 1.237878e-01 9.869027e-01 1.034395e-01 -9.008232e-01 -9.122667e-01 1.541986e-01 -3.794632e-01 1.781884e+01
-3.919194e-01 -4.654999e-02 9.188212e-01 6.434085e+01 1.204835e-01 9.875208e-01 1.014222e-01 -8.975987e-01 -9.120762e-01 1.504521e-01 -3.814200e-01 1.783269e+01
-3.926865e-01 -4.625583e-02 9.185084e-01 6.450647e+01 1.171895e-01 9.880761e-01 9.986084e-02 -8.800366e-01 -9.121754e-01 1.468535e-01 -3.825835e-01 1.776001e+01
-3.943637e-01 -4.743508e-02 9.177294e-01 6.473285e+01 1.157795e-01 9.881442e-01 1.008270e-01 -8.582567e-01 -9.116317e-01 1.460167e-01 -3.841962e-01 1.766002e+01
-3.968856e-01 -4.811249e-02 9.166063e-01 6.500121e+01 1.168433e-01 9.878526e-01 1.024447e-01 -8.282260e-01 -9.104007e-01 1.477581e-01 -3.864428e-01 1.752176e+01
-3.982061e-01 -4.683072e-02 9.160998e-01 6.499069e+01 1.171308e-01 9.879246e-01 1.014163e-01 -8.284814e-01 -9.097869e-01 1.476881e-01 -3.879123e-01 1.751383e+01
-3.987956e-01 -4.679005e-02 9.158454e-01 6.512778e+01 1.156456e-01 9.881585e-01 1.008412e-01 -8.200367e-01 -9.097187e-01 1.461285e-01 -3.886622e-01 1.745051e+01
-4.002620e-01 -4.867978e-02 9.151069e-01 6.579681e+01 1.145796e-01 9.880934e-01 1.026788e-01 -7.530974e-01 -9.092095e-01 1.459510e-01 -3.899185e-01 1.715733e+01
-4.017082e-01 -5.036624e-02 9.143816e-01 6.632752e+01 1.131501e-01 9.881056e-01 1.041365e-01 -7.005856e-01 -9.087506e-01 1.452949e-01 -3.912311e-01 1.693616e+01
-4.043413e-01 -5.055019e-02 9.132102e-01 6.651214e+01 1.121362e-01 9.881985e-01 1.043516e-01 -6.747688e-01 -9.077079e-01 1.445976e-01 -3.939009e-01 1.684794e+01
-4.065975e-01 -5.039165e-02 9.122166e-01 6.658525e+01 1.123219e-01 9.881458e-01 1.046507e-01 -6.654047e-01 -9.066765e-01 1.450126e-01 -3.961175e-01 1.680394e+01
-4.070756e-01 -5.096279e-02 9.119716e-01 6.679294e+01 1.132853e-01 9.879162e-01 1.057737e-01 -6.445868e-01 -9.063420e-01 1.463709e-01 -3.963833e-01 1.671443e+01
-4.079386e-01 -5.172433e-02 9.115430e-01 6.700542e+01 1.142616e-01 9.876523e-01 1.071780e-01 -6.206878e-01 -9.058313e-01 1.478764e-01 -3.969914e-01 1.663002e+01
-4.095975e-01 -5.324754e-02 9.107110e-01 6.715019e+01 1.126918e-01 9.876958e-01 1.084325e-01 -6.024167e-01 -9.052792e-01 1.470433e-01 -3.985572e-01 1.659858e+01
-4.111387e-01 -5.451864e-02 9.099411e-01 6.798318e+01 1.037364e-01 9.889271e-01 1.061223e-01 -5.247582e-01 -9.056510e-01 1.380249e-01 -4.009306e-01 1.626586e+01
-4.129432e-01 -4.859048e-02 9.094597e-01 6.844516e+01 9.594809e-02 9.906979e-01 9.649642e-02 -4.812527e-01 -9.056886e-01 1.271085e-01 -4.044398e-01 1.609698e+01
-4.162380e-01 -3.880101e-02 9.084274e-01 6.858372e+01 1.070388e-01 9.900511e-01 9.133213e-02 -5.121630e-01 -9.029333e-01 1.352529e-01 -4.079437e-01 1.602264e+01
-4.186669e-01 -3.806505e-02 9.073418e-01 6.890481e+01 1.163116e-01 9.886451e-01 9.514457e-02 -5.227440e-01 -9.006607e-01 1.453683e-01 -4.094855e-01 1.585637e+01
-4.197708e-01 -4.610777e-02 9.064583e-01 6.952438e+01 1.172662e-01 9.875830e-01 1.045389e-01 -4.745945e-01 -9.000229e-01 1.501793e-01 -4.091516e-01 1.555773e+01
-4.221909e-01 -5.553383e-02 9.048043e-01 6.997947e+01 1.120417e-01 9.872719e-01 1.128752e-01 -4.228602e-01 -8.995563e-01 1.490307e-01 -4.105951e-01 1.534460e+01
-4.238916e-01 -6.047217e-02 9.036919e-01 7.019916e+01 1.058831e-01 9.876182e-01 1.157545e-01 -3.804235e-01 -8.995025e-01 1.447531e-01 -4.122401e-01 1.523101e+01
-4.265127e-01 -6.046479e-02 9.024583e-01 7.032931e+01 1.050454e-01 9.876997e-01 1.158217e-01 -3.461174e-01 -8.983609e-01 1.441985e-01 -4.149149e-01 1.513890e+01
-4.287975e-01 -5.652686e-02 9.016304e-01 7.032032e+01 1.109189e-01 9.871951e-01 1.146421e-01 -3.338969e-01 -8.965655e-01 1.491661e-01 -4.170369e-01 1.508068e+01
-4.305512e-01 -5.061239e-02 9.011459e-01 7.031873e+01 1.168199e-01 9.869033e-01 1.112433e-01 -3.296232e-01 -8.949742e-01 1.531677e-01 -4.189999e-01 1.500017e+01
-4.320487e-01 -4.736291e-02 9.006057e-01 7.035584e+01 1.190095e-01 9.868927e-01 1.089933e-01 -3.260331e-01 -8.939635e-01 1.542710e-01 -4.207491e-01 1.491476e+01
-4.336174e-01 -4.707988e-02 8.998663e-01 7.032545e+01 1.201055e-01 9.867040e-01 1.094982e-01 -3.273260e-01 -8.930569e-01 1.555592e-01 -4.221975e-01 1.485317e+01
-4.351594e-01 -4.780102e-02 8.990836e-01 7.045683e+01 1.213890e-01 9.863573e-01 1.111937e-01 -3.088649e-01 -8.921328e-01 1.575259e-01 -4.234201e-01 1.471721e+01
-4.357908e-01 -4.849066e-02 8.987408e-01 7.059041e+01 1.226268e-01 9.860376e-01 1.126612e-01 -2.865872e-01 -8.916552e-01 1.593064e-01 -4.237599e-01 1.458119e+01
-4.357124e-01 -4.818983e-02 8.987950e-01 7.058352e+01 1.236620e-01 9.858915e-01 1.128077e-01 -2.791690e-01 -8.915506e-01 1.602985e-01 -4.236059e-01 1.450215e+01
-4.353437e-01 -4.748686e-02 8.990110e-01 7.054692e+01 1.244185e-01 9.858517e-01 1.123232e-01 -2.739350e-01 -8.916254e-01 1.607528e-01 -4.232761e-01 1.443123e+01
-4.349508e-01 -4.682107e-02 8.992361e-01 7.054779e+01 1.254552e-01 9.857562e-01 1.120073e-01 -2.700712e-01 -8.916719e-01 1.615315e-01 -4.228815e-01 1.434723e+01
-4.348155e-01 -4.683116e-02 8.993010e-01 7.069781e+01 1.276905e-01 9.853500e-01 1.130510e-01 -2.485311e-01 -8.914206e-01 1.639886e-01 -4.224655e-01 1.418798e+01
-4.350573e-01 -4.748726e-02 8.991497e-01 7.094249e+01 1.301396e-01 9.848063e-01 1.149797e-01 -2.107527e-01 -8.909483e-01 1.670377e-01 -4.222672e-01 1.398380e+01
-4.351763e-01 -4.807219e-02 8.990610e-01 7.113480e+01 1.324096e-01 9.842987e-01 1.167206e-01 -1.711186e-01 -8.905556e-01 1.698383e-01 -4.219783e-01 1.379592e+01
-4.355149e-01 -4.764848e-02 8.989196e-01 7.115488e+01 1.315224e-01 9.845139e-01 1.159064e-01 -1.493182e-01 -8.905216e-01 1.687070e-01 -4.225036e-01 1.369043e+01
-4.352893e-01 -4.646743e-02 8.990907e-01 7.123887e+01 1.278144e-01 9.853619e-01 1.128067e-01 -1.239904e-01 -8.911715e-01 1.640203e-01 -4.229783e-01 1.355293e+01
-4.350154e-01 -4.601861e-02 8.992463e-01 7.126125e+01 1.259393e-01 9.857667e-01 1.113701e-01 -1.088619e-01 -8.915721e-01 1.616982e-01 -4.230281e-01 1.344743e+01
-4.349570e-01 -4.657754e-02 8.992458e-01 7.127506e+01 1.262650e-01 9.856394e-01 1.121256e-01 -9.727486e-02 -8.915546e-01 1.623131e-01 -4.228296e-01 1.334250e+01
-4.342040e-01 -4.716159e-02 8.995792e-01 7.129069e+01 1.255622e-01 9.857113e-01 1.122829e-01 -8.738136e-02 -8.920207e-01 1.617069e-01 -4.220781e-01 1.324291e+01
-4.336136e-01 -4.671808e-02 8.998870e-01 7.122943e+01 1.228335e-01 9.862687e-01 1.103904e-01 -8.491851e-02 -8.926876e-01 1.584031e-01 -4.219209e-01 1.317095e+01
-4.322459e-01 -4.653284e-02 9.005544e-01 7.119296e+01 1.217950e-01 9.865041e-01 1.094328e-01 -8.693098e-02 -8.934928e-01 1.569849e-01 -4.207449e-01 1.308503e+01
-4.301653e-01 -4.713759e-02 9.015186e-01 7.133452e+01 1.222020e-01 9.864035e-01 1.098854e-01 -7.397712e-02 -8.944409e-01 1.574362e-01 -4.185563e-01 1.291094e+01
-4.279844e-01 -4.835958e-02 9.024914e-01 7.154269e+01 1.241338e-01 9.859584e-01 1.116995e-01 -4.717337e-02 -8.952207e-01 1.598354e-01 -4.159718e-01 1.270061e+01
-4.245295e-01 -5.017263e-02 9.040229e-01 7.161068e+01 1.296155e-01 9.848117e-01 1.155238e-01 -2.266214e-02 -8.960885e-01 1.662187e-01 -4.115784e-01 1.255855e+01
-4.211211e-01 -5.228157e-02 9.054964e-01 7.165529e+01 1.331784e-01 9.839523e-01 1.187490e-01 7.101871e-03 -8.971736e-01 1.706003e-01 -4.074003e-01 1.242716e+01
-4.164007e-01 -5.258004e-02 9.076595e-01 7.167696e+01 1.286078e-01 9.848815e-01 1.160540e-01 3.433079e-02 -9.000392e-01 1.650571e-01 -4.033431e-01 1.234318e+01
-4.139393e-01 -5.101271e-02 9.088740e-01 7.181713e+01 1.206583e-01 9.865445e-01 1.103250e-01 5.725683e-02 -9.022726e-01 1.553311e-01 -4.022145e-01 1.223467e+01
