1.000000e+00 0.000000e+00 0.000000e+00 0.000000e+00 0.000000e+00 1.000000e+00 0.000000e+00 0.000000e+00 0.000000e+00 0.000000e+00 1.000000e+00 0.000000e+00
9.999963e-01 -2.325947e-03 -1.387484e-03 -1.999639e-03 2.329795e-03 9.999934e-01 2.778306e-03 -2.834261e-02 1.381013e-03 -2.781528e-03 9.999952e-01 1.512736e+00
9.999951e-01 -2.586661e-03 -1.750193e-03 -6.566355e-04 2.593763e-03 9.999884e-01 4.067466e-03 -5.732003e-02 1.739651e-03 -4.071986e-03 9.999902e-01 3.006895e+00
9.999789e-01 -4.310431e-04 -6.484023e-03 9.666099e-02 4.535657e-04 9.999939e-01 3.472478e-03 -6.154849e-02 6.482486e-03 -3.475346e-03 9.999729e-01 3.140049e+00
9.999060e-01 1.033023e-03 -1.367107e-02 2.032970e-01 -9.921740e-04 9.999950e-01 2.994432e-03 -6.599839e-02 1.367410e-02 -2.980587e-03 9.999021e-01 3.219584e+00
9.997981e-01 2.180748e-03 -1.997304e-02 2.901196e-01 -2.110180e-03 9.999915e-01 3.553578e-03 -7.547667e-02 1.998061e-02 -3.510714e-03 9.997942e-01 3.417323e+00
9.995446e-01 2.494611e-03 -3.007328e-02 3.751668e-01 -2.375790e-03 9.999892e-01 3.986134e-03 -8.262287e-02 3.008290e-02 -3.912871e-03 9.995397e-01 3.609156e+00
9.991797e-01 1.884605e-03 -4.045251e-02 4.947405e-01 -1.722539e-03 9.999904e-01 4.040803e-03 -9.086242e-02 4.045974e-02 -3.967807e-03 9.991733e-01 3.652552e+00
9.987355e-01 1.377560e-03 -5.025442e-02 5.721055e-01 -1.139333e-03 9.999880e-01 4.768760e-03 -9.446103e-02 5.026039e-02 -4.705474e-03 9.987251e-01 3.774037e+00
9.982470e-01 1.695771e-03 -5.916071e-02 6.354608e-01 -1.368921e-03 9.999836e-01 5.564871e-03 -1.033325e-01 5.916918e-02 -5.474130e-03 9.982330e-01 3.926810e+00
9.976651e-01 2.434159e-03 -6.825241e-02 6.720595e-01 -2.024930e-03 9.999796e-01 6.064354e-03 -1.056887e-01 6.826578e-02 -5.911988e-03 9.976497e-01 4.074697e+00
9.970799e-01 3.496762e-03 -7.628544e-02 6.894670e-01 -2.957519e-03 9.999698e-01 7.180583e-03 -1.115906e-01 7.630825e-02 -6.934000e-03 9.970602e-01 4.325463e+00
9.965383e-01 5.188713e-03 -8.297282e-02 6.789559e-01 -4.501849e-03 9.999541e-01 8.463127e-03 -1.137090e-01 8.301292e-02 -8.060299e-03 9.965159e-01 4.741248e+00
9.958131e-01 5.784853e-03 -9.122963e-02 6.742807e-01 -4.938621e-03 9.999427e-01 9.498871e-03 -1.160821e-01 9.127935e-02 -9.008551e-03 9.957846e-01 5.075187e+00
9.951443e-01 6.161885e-03 -9.823383e-02 6.908301e-01 -5.181944e-03 9.999343e-01 1.022762e-02 -1.175609e-01 9.829040e-02 -9.668919e-03 9.951108e-01 5.215399e+00
9.944485e-01 6.638421e-03 -1.050152e-01 7.000982e-01 -5.581244e-03 9.999308e-01 1.035756e-02 -1.175151e-01 1.050767e-01 -9.713944e-03 9.944167e-01 5.349103e+00
9.944594e-01 7.759937e-03 -1.048343e-01 5.372437e-01 -6.624722e-03 9.999156e-01 1.117253e-02 -1.298025e-01 1.049122e-01 -1.041613e-02 9.944269e-01 6.790457e+00
9.939012e-01 8.202613e-03 -1.099690e-01 5.191870e-01 -6.894468e-03 9.999009e-01 1.227056e-02 -1.309564e-01 1.100587e-01 -1.143755e-02 9.938593e-01 7.141199e+00
9.934271e-01 8.743430e-03 -1.141318e-01 5.481378e-01 -7.489106e-03 9.999068e-01 1.141430e-02 -1.309642e-01 1.142209e-01 -1.048453e-02 9.934000e-01 7.180766e+00
9.932355e-01 9.093601e-03 -1.157611e-01 5.836250e-01 -8.056343e-03 9.999231e-01 9.425079e-03 -1.308805e-01 1.158379e-01 -8.428712e-03 9.932324e-01 7.120794e+00
9.933161e-01 8.058801e-03 -1.151442e-01 6.051434e-01 -7.027922e-03 9.999315e-01 9.356111e-03 -1.359698e-01 1.152117e-01 -8.484352e-03 9.933047e-01 7.244746e+00
9.935020e-01 6.745461e-03 -1.136144e-01 4.595801e-01 -5.456760e-03 9.999172e-01 1.164994e-02 -1.492015e-01 1.136836e-01 -1.095427e-02 9.934566e-01 8.630696e+00
9.936289e-01 5.600595e-03 -1.125623e-01 3.400161e-01 -4.134999e-03 9.999037e-01 1.324957e-02 -1.606808e-01 1.126256e-01 -1.269971e-02 9.935563e-01 9.820047e+00
9.934870e-01 5.760738e-03 -1.137994e-01 3.801406e-01 -4.329940e-03 9.999085e-01 1.281616e-02 -1.666424e-01 1.138628e-01 -1.223994e-02 9.934211e-01 9.897580e+00
9.934940e-01 6.622443e-03 -1.136915e-01 4.161379e-01 -5.330982e-03 9.999178e-01 1.165963e-02 -1.682506e-01 1.137594e-01 -1.097768e-02 9.934477e-01 9.807519e+00
9.934292e-01 7.859215e-03 -1.141781e-01 4.446901e-01 -6.609593e-03 9.999141e-01 1.131896e-02 -1.696744e-01 1.142572e-01 -1.048991e-02 9.933958e-01 9.772868e+00
9.935186e-01 8.973403e-03 -1.133149e-01 4.740845e-01 -7.755042e-03 9.999073e-01 1.118823e-02 -1.783649e-01 1.134048e-01 -1.023695e-02 9.934961e-01 9.769703e+00
9.938303e-01 9.991508e-03 -1.104606e-01 3.769779e-01 -8.685955e-03 9.998867e-01 1.229408e-02 -1.900952e-01 1.105709e-01 -1.125877e-02 9.938045e-01 1.080114e+01
9.940452e-01 1.045737e-02 -1.084659e-01 2.326303e-01 -8.963879e-03 9.998583e-01 1.424766e-02 -2.021394e-01 1.085996e-01 -1.319054e-02 9.939981e-01 1.207579e+01
9.943242e-01 1.013794e-02 -1.059082e-01 1.061503e-01 -8.531649e-03 9.998418e-01 1.560888e-02 -2.180655e-01 1.060496e-01 -1.461672e-02 9.942534e-01 1.332617e+01
9.944814e-01 1.070059e-02 -1.043655e-01 1.031895e-01 -9.024537e-03 9.998228e-01 1.651851e-02 -2.191880e-01 1.045238e-01 -1.548550e-02 9.944018e-01 1.357025e+01
9.948053e-01 1.064556e-02 -1.012380e-01 1.321976e-01 -9.023869e-03 9.998238e-01 1.646307e-02 -2.187431e-01 1.013955e-01 -1.546399e-02 9.947260e-01 1.363066e+01
9.951840e-01 1.011462e-02 -9.750164e-02 1.770915e-01 -8.673016e-03 9.998469e-01 1.519799e-02 -2.179946e-01 9.764044e-02 -1.427916e-02 9.951193e-01 1.352432e+01
9.954773e-01 1.026213e-02 -9.444390e-02 2.201303e-01 -8.982043e-03 9.998621e-01 1.396903e-02 -2.166544e-01 9.457423e-02 -1.305756e-02 9.954322e-01 1.344056e+01
9.957221e-01 1.065369e-02 -9.178188e-02 1.028859e-01 -9.375210e-03 9.998531e-01 1.434949e-02 -2.255941e-01 9.192128e-02 -1.342763e-02 9.956757e-01 1.462254e+01
9.960949e-01 1.125402e-02 -8.756888e-02 1.375528e-01 -1.002108e-02 9.998446e-01 1.450656e-02 -2.313222e-01 8.771852e-02 -1.357238e-02 9.960528e-01 1.475909e+01
9.966672e-01 1.298363e-02 -8.053510e-02 1.668440e-01 -1.193480e-02 9.998378e-01 1.349108e-02 -2.307987e-01 8.069720e-02 -1.248494e-02 9.966605e-01 1.476078e+01
9.973592e-01 1.473423e-02 -7.111614e-02 1.780620e-01 -1.381387e-02 9.998146e-01 1.341623e-02 -2.310013e-01 7.130063e-02 -1.239841e-02 9.973778e-01 1.494967e+01
9.979056e-01 1.586775e-02 -6.271023e-02 1.053691e-01 -1.498835e-02 9.997830e-01 1.446896e-02 -2.400974e-01 6.292621e-02 -1.349873e-02 9.979269e-01 1.605426e+01
9.985190e-01 1.786503e-02 -5.138676e-02 5.485790e-02 -1.711814e-02 9.997419e-01 1.493833e-02 -2.498108e-01 5.164037e-02 -1.403656e-02 9.985671e-01 1.715146e+01
9.990392e-01 2.035254e-02 -3.881247e-02 4.435188e-03 -1.978139e-02 9.996911e-01 1.504348e-02 -2.580765e-01 3.910666e-02 -1.426126e-02 9.991333e-01 1.824700e+01
9.994711e-01 2.233954e-02 -2.363269e-02 -2.683959e-02 -2.197511e-02 9.996373e-01 1.556942e-02 -2.669306e-01 2.397193e-02 -1.504186e-02 9.995995e-01 1.933252e+01
9.996816e-01 2.435200e-02 -6.605701e-03 -3.675403e-02 -2.424095e-02 9.995716e-01 1.640103e-02 -2.738598e-01 7.002269e-03 -1.623568e-02 9.998437e-01 2.039923e+01
9.996279e-01 2.498237e-02 1.094964e-02 -2.325825e-02 -2.516999e-02 9.995327e-01 1.734588e-02 -2.809024e-01 -1.051118e-02 -1.761502e-02 9.997896e-01 2.143634e+01
9.993287e-01 2.455789e-02 2.718461e-02 6.527121e-02 -2.501177e-02 9.995512e-01 1.648399e-02 -2.857660e-01 -2.676760e-02 -1.715286e-02 9.994945e-01 2.163544e+01
9.988609e-01 2.385744e-02 4.132446e-02 1.389259e-01 -2.448647e-02 9.995909e-01 1.478289e-02 -2.839825e-01 -4.095487e-02 -1.577794e-02 9.990364e-01 2.165335e+01
9.982086e-01 2.135415e-02 5.588872e-02 2.216315e-01 -2.216967e-02 9.996560e-01 1.401263e-02 -2.829454e-01 -5.557027e-02 -1.522656e-02 9.983387e-01 2.184475e+01
9.967589e-01 1.657233e-02 7.872132e-02 3.210741e-01 -1.789922e-02 9.997089e-01 1.617991e-02 -2.952251e-01 -7.843027e-02 -1.753652e-02 9.967654e-01 2.284906e+01
9.947638e-01 1.140877e-02 1.015618e-01 4.466168e-01 -1.322093e-02 9.997649e-01 1.718775e-02 -3.009539e-01 -1.013418e-01 -1.844049e-02 9.946807e-01 2.384610e+01
9.920293e-01 6.304519e-03 1.258499e-01 6.055675e-01 -8.434739e-03 9.998299e-01 1.640098e-02 -3.121003e-01 -1.257251e-01 -1.733176e-02 9.919137e-01 2.478874e+01
9.883508e-01 6.853760e-04 1.521914e-01 7.982313e-01 -2.964866e-03 9.998868e-01 1.475136e-02 -3.252325e-01 -1.521640e-01 -1.503074e-02 9.882410e-01 2.574119e+01
9.840007e-01 -2.491232e-03 1.781473e-01 9.895488e-01 -1.894770e-04 9.998870e-01 1.502912e-02 -3.311822e-01 -1.781646e-01 -1.482242e-02 9.838891e-01 2.667195e+01
9.783840e-01 -4.906040e-03 2.067381e-01 1.217480e+00 1.491518e-03 9.998600e-01 1.666880e-02 -3.372300e-01 -2.067910e-01 -1.600013e-02 9.782543e-01 2.758894e+01
9.720864e-01 -9.105621e-03 2.344464e-01 1.470980e+00 4.772626e-03 9.998073e-01 1.904257e-02 -3.437932e-01 -2.345746e-01 -1.739210e-02 9.719425e-01 2.849988e+01
9.644389e-01 -1.211312e-02 2.640283e-01 1.741694e+00 7.395646e-03 9.997949e-01 1.885400e-02 -3.549067e-01 -2.642025e-01 -1.623087e-02 9.643306e-01 2.940266e+01
9.555030e-01 -1.220246e-02 2.947288e-01 2.052301e+00 8.374735e-03 9.998634e-01 1.424599e-02 -3.582636e-01 -2.948623e-01 -1.114381e-02 9.554748e-01 3.031951e+01
9.458771e-01 -1.352547e-02 3.242429e-01 2.372824e+00 1.121470e-02 9.998967e-01 8.994329e-03 -3.682475e-01 -3.243311e-01 -4.871242e-03 9.459311e-01 3.117438e+01
9.349903e-01 -1.565951e-02 3.543275e-01 2.716921e+00 1.440212e-02 9.998772e-01 6.185646e-03 -3.788351e-01 -3.543809e-01 -6.804505e-04 9.351009e-01 3.200325e+01
9.223904e-01 -1.599907e-02 3.859275e-01 3.090869e+00 1.364978e-02 9.998679e-01 8.826867e-03 -3.916524e-01 -3.860177e-01 -2.873994e-03 9.224869e-01 3.285295e+01
9.084175e-01 -1.406203e-02 4.178276e-01 3.478320e+00 9.178174e-03 9.998641e-01 1.369586e-02 -3.986275e-01 -4.179634e-01 -8.606662e-03 9.084231e-01 3.368421e+01
8.920901e-01 -1.364090e-02 4.516516e-01 3.909084e+00 7.140142e-03 9.998450e-01 1.609457e-02 -4.073282e-01 -4.518012e-01 -1.113295e-02 8.920492e-01 3.453352e+01
8.748775e-01 -8.369514e-03 4.842719e-01 4.334864e+00 3.159605e-03 9.999280e-01 1.157334e-02 -4.198247e-01 -4.843339e-01 -8.595147e-03 8.748410e-01 3.529008e+01
8.563290e-01 -1.721146e-03 5.164279e-01 4.804439e+00 -4.861956e-04 9.999913e-01 4.138961e-03 -4.313437e-01 -5.164305e-01 -3.795397e-03 8.563207e-01 3.604802e+01
8.365173e-01 9.701825e-04 5.479396e-01 5.312235e+00 -1.980598e-03 9.999973e-01 1.253103e-03 -4.417247e-01 -5.479369e-01 -2.133491e-03 8.365169e-01 3.680110e+01
8.166445e-01 -1.176050e-03 5.771398e-01 5.832478e+00 -1.275408e-03 9.999918e-01 3.842389e-03 -4.622304e-01 -5.771396e-01 -3.873955e-03 8.166363e-01 3.749795e+01
7.956736e-01 -1.664631e-03 6.057233e-01 6.361085e+00 -9.579467e-04 9.999915e-01 4.006499e-03 -4.773122e-01 -6.057249e-01 -3.768116e-03 7.956653e-01 3.816716e+01
7.727994e-01 -5.002981e-04 6.346501e-01 6.938662e+00 -2.043770e-04 9.999994e-01 1.037170e-03 -5.021055e-01 -6.346503e-01 -9.312325e-04 7.727989e-01 3.884428e+01
7.492537e-01 1.932484e-03 6.622803e-01 7.517713e+00 -8.724412e-04 9.999978e-01 -1.930904e-03 -5.183919e-01 -6.622826e-01 8.689359e-04 7.492537e-01 3.947314e+01
7.249171e-01 4.446657e-03 6.888218e-01 8.146402e+00 -2.665221e-03 9.999898e-01 -3.650505e-03 -5.335861e-01 -6.888310e-01 8.104513e-04 7.249215e-01 4.012658e+01
6.998687e-01 5.554530e-03 7.142499e-01 8.775519e+00 -2.270164e-03 9.999820e-01 -5.552137e-03 -5.570252e-01 -7.142679e-01 2.264302e-03 6.998687e-01 4.073331e+01
6.741473e-01 1.110687e-02 7.385134e-01 9.419644e+00 -3.503390e-03 9.999238e-01 -1.184030e-02 -5.835850e-01 -7.385886e-01 5.394804e-03 6.741348e-01 4.130495e+01
6.464653e-01 1.963933e-02 7.626906e-01 1.009769e+01 -4.511646e-03 9.997496e-01 -2.191949e-02 -6.112100e-01 -7.629300e-01 1.072920e-02 6.463920e-01 4.186162e+01
6.177910e-01 2.735822e-02 7.858663e-01 1.079572e+01 -5.438195e-03 9.995193e-01 -3.052098e-02 -6.470313e-01 -7.863235e-01 1.458189e-02 6.176428e-01 4.240253e+01
5.886374e-01 3.235297e-02 8.077495e-01 1.151130e+01 -7.680296e-03 9.993776e-01 -3.443137e-02 -6.851124e-01 -8.083607e-01 1.406384e-02 5.885195e-01 4.291357e+01
5.578151e-01 3.290457e-02 8.293127e-01 1.225325e+01 -1.009270e-02 9.994088e-01 -3.286488e-02 -7.280223e-01 -8.299039e-01 9.962521e-03 5.578174e-01 4.342291e+01
5.267324e-01 3.208398e-02 8.494254e-01 1.301859e+01 -1.367865e-02 9.994780e-01 -2.926948e-02 -7.728080e-01 -8.499211e-01 3.798192e-03 5.268963e-01 4.389542e+01
4.940802e-01 3.380518e-02 8.687589e-01 1.380676e+01 -1.809358e-02 9.994272e-01 -2.859958e-02 -8.152525e-01 -8.692281e-01 -1.588476e-03 4.944088e-01 4.435179e+01
4.609159e-01 3.732505e-02 8.866586e-01 1.461768e+01 -2.467594e-02 9.992678e-01 -2.923807e-02 -8.597130e-01 -8.871007e-01 -8.402845e-03 4.614994e-01 4.477896e+01
4.273090e-01 4.032177e-02 9.032060e-01 1.544458e+01 -3.004039e-02 9.990866e-01 -3.038998e-02 -8.963272e-01 -9.036064e-01 -1.414675e-02 4.281300e-01 4.517532e+01
3.936477e-01 4.012801e-02 9.183851e-01 1.628340e+01 -3.264692e-02 9.990268e-01 -2.965811e-02 -9.376594e-01 -9.186815e-01 -1.830759e-02 3.945746e-01 4.553992e+01
3.596162e-01 3.972144e-02 9.322545e-01 1.712159e+01 -3.312393e-02 9.990072e-01 -2.978812e-02 -9.776472e-01 -9.325122e-01 -2.016765e-02 3.605749e-01 4.586839e+01
3.251758e-01 3.874418e-02 9.448595e-01 1.798361e+01 -3.182691e-02 9.990427e-01 -3.001266e-02 -1.021024e+00 -9.451178e-01 -2.031257e-02 3.260976e-01 4.617012e+01
2.907844e-01 3.751857e-02 9.560527e-01 1.887041e+01 -2.915098e-02 9.991144e-01 -3.034214e-02 -1.059397e+00 -9.563444e-01 -1.904685e-02 2.916206e-01 4.644343e+01
2.585757e-01 3.537059e-02 9.653432e-01 1.975720e+01 -2.182636e-02 9.992882e-01 -3.076797e-02 -1.106597e+00 -9.657444e-01 -1.311408e-02 2.591637e-01 4.667252e+01
2.252791e-01 3.794431e-02 9.735551e-01 2.066185e+01 -1.869423e-02 9.992257e-01 -3.461901e-02 -1.157207e+00 -9.741149e-01 -1.040093e-02 2.258140e-01 4.687938e+01
1.927462e-01 4.354843e-02 9.802818e-01 2.155104e+01 -1.786622e-02 9.990048e-01 -4.086728e-02 -1.193426e+00 -9.810860e-01 -9.636919e-03 1.933324e-01 4.705292e+01
1.639869e-01 4.536779e-02 9.854187e-01 2.246991e+01 -1.125603e-02 9.989629e-01 -4.411820e-02 -1.253056e+00 -9.863983e-01 -3.857098e-03 1.643274e-01 4.720255e+01
1.377730e-01 4.414552e-02 9.894795e-01 2.343633e+01 -8.147583e-03 9.990230e-01 -4.343685e-02 -1.308606e+00 -9.904303e-01 -2.077442e-03 1.379981e-01 4.733920e+01
1.156494e-01 4.111366e-02 9.924389e-01 2.439989e+01 -6.943220e-03 9.991521e-01 -4.058267e-02 -1.359450e+00 -9.932658e-01 -2.197357e-03 1.158368e-01 4.745041e+01
9.538959e-02 3.879537e-02 9.946837e-01 2.534401e+01 -5.615906e-03 9.992453e-01 -3.843472e-02 -1.413432e+00 -9.954242e-01 -1.919778e-03 9.553548e-02 4.753779e+01
7.816779e-02 4.076875e-02 9.961063e-01 2.627177e+01 -3.594918e-03 9.991685e-01 -4.061198e-02 -1.467037e+00 -9.969337e-01 -4.063719e-04 7.824935e-02 4.760950e+01
6.301781e-02 4.555552e-02 9.969721e-01 2.723295e+01 -4.823300e-04 9.989589e-01 -4.561581e-02 -1.520142e+00 -9.980123e-01 2.393739e-03 6.297418e-02 4.766176e+01
5.017595e-02 4.948341e-02 9.975138e-01 2.820036e+01 2.788886e-03 9.987610e-01 -4.968556e-02 -1.580403e+00 -9.987365e-01 5.274973e-03 4.997578e-02 4.769844e+01
4.053310e-02 5.301049e-02 9.977710e-01 2.915596e+01 8.912150e-03 9.985327e-01 -5.341301e-02 -1.644999e+00 -9.991384e-01 1.105728e-02 4.000119e-02 4.771622e+01
3.574193e-02 5.749203e-02 9.977060e-01 3.014521e+01 1.187773e-02 9.982489e-01 -5.794883e-02 -1.715698e+00 -9.992905e-01 1.392168e-02 3.499647e-02 4.773947e+01
3.182966e-02 6.246198e-02 9.975397e-01 3.112701e+01 1.399345e-02 9.979197e-01 -6.293228e-02 -1.785464e+00 -9.993953e-01 1.596214e-02 3.088938e-02 4.775496e+01
2.802609e-02 6.594864e-02 9.974294e-01 3.210401e+01 1.536145e-02 9.976751e-01 -6.639651e-02 -1.865364e+00 -9.994892e-01 1.718279e-02 2.694787e-02 4.776812e+01
2.615089e-02 6.916279e-02 9.972626e-01 3.311218e+01 1.584646e-02 9.974497e-01 -6.959131e-02 -1.946336e+00 -9.995324e-01 1.762295e-02 2.498821e-02 4.778462e+01
2.307192e-02 7.247873e-02 9.971031e-01 3.409034e+01 1.635245e-02 9.972078e-01 -7.286472e-02 -2.030276e+00 -9.996001e-01 1.798620e-02 2.182230e-02 4.780507e+01
2.181530e-02 7.609944e-02 9.968616e-01 3.510048e+01 1.779440e-02 9.969113e-01 -7.649265e-02 -2.118624e+00 -9.996036e-01 1.940726e-02 2.039378e-02 4.782380e+01
1.991405e-02 7.690619e-02 9.968394e-01 3.608717e+01 1.995455e-02 9.968080e-01 -7.730240e-02 -2.210270e+00 -9.996025e-01 2.143088e-02 1.831585e-02 4.782747e+01
1.752228e-02 7.606480e-02 9.969489e-01 3.705049e+01 2.058296e-02 9.968632e-01 -7.642003e-02 -2.293257e+00 -9.996346e-01 2.185921e-02 1.590168e-02 4.783807e+01
1.591360e-02 7.545592e-02 9.970221e-01 3.804779e+01 2.010553e-02 9.969227e-01 -7.576930e-02 -2.385189e+00 -9.996712e-01 2.125142e-02 1.434754e-02 4.784723e+01
1.346029e-02 7.640644e-02 9.969859e-01 3.903674e+01 1.978647e-02 9.968606e-01 -7.666398e-02 -2.477281e+00 -9.997136e-01 2.075875e-02 1.190622e-02 4.784371e+01
9.376512e-03 7.865182e-02 9.968581e-01 4.002846e+01 1.873550e-02 9.967131e-01 -7.881660e-02 -2.564658e+00 -9.997805e-01 1.941566e-02 7.872111e-03 4.784603e+01
6.122141e-03 8.110991e-02 9.966864e-01 4.105917e+01 1.717980e-02 9.965494e-01 -8.120430e-02 -2.661598e+00 -9.998337e-01 1.762002e-02 4.707564e-03 4.784182e+01
1.524086e-03 8.478583e-02 9.963980e-01 4.206625e+01 1.517753e-02 9.962825e-01 -8.479921e-02 -2.758382e+00 -9.998837e-01 1.525210e-02 2.315807e-04 4.783643e+01
-7.203109e-04 8.911355e-02 9.960212e-01 4.309919e+01 1.163950e-02 9.959547e-01 -8.909919e-02 -2.859623e+00 -9.999320e-01 1.152901e-02 -1.754634e-03 4.783414e+01
-4.410642e-03 9.158903e-02 9.957871e-01 4.413528e+01 9.372822e-03 9.957569e-01 -9.154473e-02 -2.966411e+00 -9.999463e-01 8.929565e-03 -5.250375e-03 4.782246e+01
-8.240167e-03 9.023063e-02 9.958868e-01 4.516566e+01 7.226417e-03 9.959000e-01 -9.017203e-02 -3.074795e+00 -9.999399e-01 6.453661e-03 -8.858427e-03 4.780572e+01
-1.078467e-02 8.717911e-02 9.961343e-01 4.621833e+01 4.966517e-03 9.961846e-01 -8.712975e-02 -3.173702e+00 -9.999295e-01 4.007652e-03 -1.117650e-02 4.779207e+01
-1.295240e-02 8.484972e-02 9.963096e-01 4.725442e+01 4.676758e-03 9.963874e-01 -8.479554e-02 -3.280968e+00 -9.999052e-01 3.561193e-03 -1.330243e-02 4.776741e+01
-1.545713e-02 8.538450e-02 9.962282e-01 4.828947e+01 4.599046e-03 9.963427e-01 -8.532296e-02 -3.380287e+00 -9.998700e-01 3.262851e-03 -1.579329e-02 4.775008e+01
-1.652951e-02 8.774750e-02 9.960056e-01 4.932713e+01 6.027324e-03 9.961323e-01 -8.765863e-02 -3.483535e+00 -9.998452e-01 4.554295e-03 -1.699446e-02 4.772513e+01
-1.765102e-02 8.998040e-02 9.957871e-01 5.035075e+01 6.395988e-03 9.959321e-01 -8.988012e-02 -3.584967e+00 -9.998238e-01 4.782566e-03 -1.815473e-02 4.770338e+01
-1.886596e-02 9.080345e-02 9.956901e-01 5.139593e+01 5.646182e-03 9.958612e-01 -9.071207e-02 -3.691969e+00 -9.998061e-01 3.910476e-03 -1.930057e-02 4.768590e+01
-1.877733e-02 8.966180e-02 9.957952e-01 5.242899e+01 2.933694e-03 9.959715e-01 -8.962235e-02 -3.793993e+00 -9.998194e-01 1.238491e-03 -1.896472e-02 4.767884e+01
-2.017592e-02 8.951735e-02 9.957809e-01 5.347538e+01 -2.971961e-04 9.959830e-01 -8.954155e-02 -3.900423e+00 -9.997964e-01 -2.102525e-03 -2.006827e-02 4.766642e+01
-2.034263e-02 9.044902e-02 9.956933e-01 5.453858e+01 -4.396997e-03 9.958817e-01 -9.055597e-02 -4.008896e+00 -9.997834e-01 -6.220207e-03 -1.986114e-02 4.764789e+01
-2.133894e-02 9.104422e-02 9.956182e-01 5.559635e+01 -8.461481e-03 9.957928e-01 -9.124155e-02 -4.117000e+00 -9.997365e-01 -1.037140e-02 -2.047879e-02 4.762879e+01
-2.294498e-02 9.073416e-02 9.956108e-01 5.666077e+01 -1.183230e-02 9.957786e-01 -9.102214e-02 -4.224933e+00 -9.996667e-01 -1.386886e-02 -2.177453e-02 4.761145e+01
-2.304574e-02 8.593746e-02 9.960340e-01 5.773888e+01 -1.188070e-02 9.962047e-01 -8.622708e-02 -4.331284e+00 -9.996638e-01 -1.382075e-02 -2.193728e-02 4.758296e+01
-2.348586e-02 7.734583e-02 9.967277e-01 5.881199e+01 -9.005552e-03 9.969458e-01 -7.757496e-02 -4.431495e+00 -9.996836e-01 -1.079800e-02 -2.271759e-02 4.754619e+01
-2.449914e-02 7.160492e-02 9.971322e-01 5.988454e+01 -3.498457e-03 9.974193e-01 -7.171150e-02 -4.526767e+00 -9.996937e-01 -5.245294e-03 -2.418541e-02 4.750663e+01
-2.344148e-02 7.242319e-02 9.970985e-01 6.097283e+01 4.022017e-03 9.973713e-01 -7.234845e-02 -4.624240e+00 -9.997171e-01 2.314392e-03 -2.367114e-02 4.745116e+01
-2.337059e-02 7.704552e-02 9.967536e-01 6.205607e+01 8.727280e-03 9.970037e-01 -7.686022e-02 -4.719822e+00 -9.996888e-01 6.902679e-03 -2.397296e-02 4.739740e+01
-2.223544e-02 8.264984e-02 9.963306e-01 6.315026e+01 1.191438e-02 9.965281e-01 -8.240033e-02 -4.812221e+00 -9.996818e-01 1.003845e-02 -2.314296e-02 4.735172e+01
-2.212694e-02 8.545003e-02 9.960967e-01 6.423608e+01 1.250820e-02 9.962863e-01 -8.518844e-02 -4.925856e+00 -9.996769e-01 1.057442e-02 -2.311359e-02 4.731288e+01
-2.341270e-02 8.498424e-02 9.961072e-01 6.532072e+01 1.029381e-02 9.963480e-01 -8.476283e-02 -5.020488e+00 -9.996729e-01 8.269215e-03 -2.420201e-02 4.728447e+01
-2.275524e-02 8.014658e-02 9.965233e-01 6.643549e+01 9.074780e-03 9.967569e-01 -7.995815e-02 -5.126523e+00 -9.996999e-01 7.223763e-03 -2.340876e-02 4.726641e+01
-2.282418e-02 7.799357e-02 9.966926e-01 6.754167e+01 6.829116e-03 9.969412e-01 -7.785664e-02 -5.226952e+00 -9.997162e-01 5.029515e-03 -2.328699e-02 4.724219e+01
-2.347028e-02 7.895102e-02 9.966022e-01 6.866132e+01 5.113059e-03 9.968732e-01 -7.885208e-02 -5.324614e+00 -9.997115e-01 3.245005e-03 -2.380058e-02 4.721699e+01
-2.337003e-02 8.316053e-02 9.962621e-01 6.978093e+01 5.035251e-03 9.965314e-01 -8.306489e-02 -5.429988e+00 -9.997142e-01 3.075201e-03 -2.370770e-02 4.718376e+01
-2.436503e-02 8.634854e-02 9.959670e-01 7.091535e+01 5.608223e-03 9.962589e-01 -8.623665e-02 -5.538730e+00 -9.996874e-01 3.484447e-03 -2.475814e-02 4.716395e+01
-2.418001e-02 8.472448e-02 9.961110e-01 7.206358e+01 5.131544e-03 9.963997e-01 -8.462447e-02 -5.640242e+00 -9.996945e-01 3.065367e-03 -2.452772e-02 4.715253e+01
-2.431667e-02 7.886941e-02 9.965883e-01 7.323412e+01 7.507568e-03 9.968694e-01 -7.870847e-02 -5.751013e+00 -9.996761e-01 5.568027e-03 -2.483266e-02 4.712295e+01
-2.610669e-02 7.699186e-02 9.966899e-01 7.438976e+01 6.432031e-03 9.970220e-01 -7.684903e-02 -5.858759e+00 -9.996385e-01 4.404466e-03 -2.652416e-02 4.708251e+01
-2.572892e-02 7.979622e-02 9.964791e-01 7.554352e+01 3.516750e-03 9.968101e-01 -7.973193e-02 -5.963026e+00 -9.996628e-01 1.452952e-03 -2.592747e-02 4.703825e+01
-2.566925e-02 8.249498e-02 9.962608e-01 7.668979e+01 2.360423e-03 9.965915e-01 -8.246154e-02 -6.067701e+00 -9.996677e-01 2.348705e-04 -2.577648e-02 4.700410e+01
-2.690853e-02 8.210758e-02 9.962601e-01 7.783819e+01 1.877944e-03 9.966234e-01 -8.208679e-02 -6.174119e+00 -9.996361e-01 -3.379142e-04 -2.697187e-02 4.697669e+01
-2.678333e-02 7.897024e-02 9.965171e-01 7.899864e+01 1.308706e-03 9.968766e-01 -7.896356e-02 -6.279119e+00 -9.996404e-01 -8.107598e-04 -2.680303e-02 4.694690e+01
-2.702097e-02 7.739913e-02 9.966340e-01 8.015600e+01 2.061680e-03 9.970002e-01 -7.737168e-02 -6.387723e+00 -9.996327e-01 -3.591775e-05 -2.709949e-02 4.690939e+01
-2.735448e-02 7.767406e-02 9.966035e-01 8.133263e+01 3.584716e-03 9.969778e-01 -7.760484e-02 -6.493082e+00 -9.996194e-01 1.449700e-03 -2.755025e-02 4.686818e+01
-2.688342e-02 7.725219e-02 9.966491e-01 8.251489e+01 4.887997e-03 9.970077e-01 -7.714814e-02 -6.599779e+00 -9.996266e-01 2.797612e-03 -2.718058e-02 4.683022e+01
-2.703033e-02 7.742941e-02 9.966314e-01 8.369485e+01 5.151203e-03 9.969932e-01 -7.731781e-02 -6.702200e+00 -9.996213e-01 3.043925e-03 -2.734791e-02 4.679460e+01
-2.591952e-02 7.717981e-02 9.966802e-01 8.487942e+01 5.463868e-03 9.970112e-01 -7.706335e-02 -6.808058e+00 -9.996491e-01 3.448284e-03 -2.626375e-02 4.675544e+01
-2.517341e-02 7.556981e-02 9.968227e-01 8.607791e+01 6.474528e-03 9.971301e-01 -7.542961e-02 -6.913973e+00 -9.996621e-01 4.555136e-03 -2.559045e-02 4.672328e+01
-2.566183e-02 7.506592e-02 9.968483e-01 8.727868e+01 5.097974e-03 9.971736e-01 -7.495918e-02 -7.017256e+00 -9.996577e-01 3.158317e-03 -2.597198e-02 4.668901e+01
-2.448083e-02 7.416892e-02 9.969452e-01 8.848917e+01 6.076664e-03 9.972367e-01 -7.404139e-02 -7.121091e+00 -9.996818e-01 4.245506e-03 -2.486388e-02 4.665683e+01
-2.378188e-02 7.511969e-02 9.968909e-01 8.969820e+01 4.229881e-03 9.971716e-01 -7.503993e-02 -7.223264e+00 -9.997082e-01 2.432139e-03 -2.403236e-02 4.663225e+01
-2.434751e-02 7.722483e-02 9.967164e-01 9.089787e+01 4.252941e-03 9.970109e-01 -7.714376e-02 -7.328402e+00 -9.996945e-01 2.360717e-03 -2.460316e-02 4.659694e+01
-2.356450e-02 7.656153e-02 9.967864e-01 9.211411e+01 2.065032e-03 9.970648e-01 -7.653410e-02 -7.433008e+00 -9.997202e-01 2.549084e-04 -2.365344e-02 4.657102e+01
-2.464915e-02 7.607243e-02 9.967976e-01 9.333048e+01 -8.734912e-04 9.970985e-01 -7.611700e-02 -7.538950e+00 -9.996958e-01 -2.746913e-03 -2.451118e-02 4.654673e+01
-2.483571e-02 7.669005e-02 9.967456e-01 9.458529e+01 -3.691017e-03 9.970393e-01 -7.680462e-02 -7.650553e+00 -9.996847e-01 -5.586502e-03 -2.447912e-02 4.651849e+01
-2.615426e-02 7.649388e-02 9.967270e-01 9.583286e+01 -6.406963e-03 9.970347e-01 -7.668562e-02 -7.757368e+00 -9.996374e-01 -8.391649e-03 -2.558661e-02 4.649317e+01
-2.850444e-02 7.454267e-02 9.968104e-01 9.707123e+01 -8.645811e-03 9.971599e-01 -7.481604e-02 -7.865876e+00 -9.995563e-01 -1.075082e-02 -2.777900e-02 4.646644e+01
-3.005979e-02 7.325538e-02 9.968601e-01 9.832552e+01 -1.071746e-02 9.972298e-01 -7.360573e-02 -7.974277e+00 -9.994906e-01 -1.289638e-02 -2.919141e-02 4.643546e+01
-3.240924e-02 7.287184e-02 9.968146e-01 9.958803e+01 -1.222601e-02 9.972350e-01 -7.330007e-02 -8.082357e+00 -9.993999e-01 -1.456266e-02 -3.142870e-02 4.640276e+01
-3.580249e-02 7.325070e-02 9.966707e-01 1.008359e+02 -1.202424e-02 9.972063e-01 -7.372200e-02 -8.189408e+00 -9.992865e-01 -1.462364e-02 -3.482169e-02 4.636976e+01
-3.825269e-02 7.114297e-02 9.967324e-01 1.020779e+02 -1.264548e-02 9.973481e-01 -7.167222e-02 -8.301874e+00 -9.991881e-01 -1.534581e-02 -3.725161e-02 4.632000e+01
-4.268391e-02 6.822699e-02 9.967563e-01 1.033280e+02 -1.419107e-02 9.975235e-01 -6.888720e-02 -8.401983e+00 -9.989878e-01 -1.708542e-02 -4.160999e-02 4.627248e+01
-4.706477e-02 6.755041e-02 9.966052e-01 1.045724e+02 -1.541565e-02 9.975428e-01 -6.834197e-02 -8.510684e+00 -9.987729e-01 -1.857981e-02 -4.590779e-02 4.622533e+01
-5.390524e-02 7.311022e-02 9.958660e-01 1.058094e+02 -2.018763e-02 9.970324e-01 -7.428859e-02 -8.613616e+00 -9.983420e-01 -2.410872e-02 -5.226935e-02 4.617640e+01
-6.352846e-02 7.630420e-02 9.950587e-01 1.070454e+02 -2.030696e-02 9.967675e-01 -7.773172e-02 -8.721926e+00 -9.977734e-01 -2.514479e-02 -6.177359e-02 4.609967e+01
-7.235926e-02 7.260616e-02 9.947324e-01 1.082739e+02 -1.818705e-02 9.970849e-01 -7.410084e-02 -8.837419e+00 -9.972128e-01 -2.345313e-02 -7.082783e-02 4.602370e+01
-8.372723e-02 7.012948e-02 9.940179e-01 1.095202e+02 -1.614607e-02 9.972941e-01 -7.172062e-02 -8.943382e+00 -9.963579e-01 -2.205445e-02 -8.236835e-02 4.592305e+01
-9.891997e-02 7.053916e-02 9.925921e-01 1.107536e+02 -1.468888e-02 9.972722e-01 -7.233562e-02 -9.058614e+00 -9.949870e-01 -2.173550e-02 -9.761399e-02 4.582081e+01
-1.138037e-01 7.027906e-02 9.910144e-01 1.119671e+02 -1.353544e-02 9.972926e-01 -7.227864e-02 -9.164243e+00 -9.934110e-01 -2.163939e-02 -1.125443e-01 4.568121e+01
-1.296475e-01 6.951986e-02 9.891201e-01 1.131903e+02 -1.198177e-02 9.973565e-01 -7.166925e-02 -9.262926e+00 -9.914878e-01 -2.114315e-02 -1.284718e-01 4.552461e+01
-1.451856e-01 6.994864e-02 9.869287e-01 1.143698e+02 -8.699123e-03 9.973690e-01 -7.196831e-02 -9.378328e+00 -9.893662e-01 -1.903418e-02 -1.441952e-01 4.534811e+01
-1.613682e-01 7.407608e-02 9.841103e-01 1.155547e+02 -7.923460e-03 9.970496e-01 -7.634929e-02 -9.483927e+00 -9.868625e-01 -2.011791e-02 -1.603052e-01 4.514902e+01
-1.791236e-01 7.703326e-02 9.808061e-01 1.167505e+02 -8.221909e-03 9.967778e-01 -7.978925e-02 -9.599693e+00 -9.837922e-01 -2.235624e-02 -1.779131e-01 4.493320e+01
-1.959901e-01 7.542763e-02 9.777006e-01 1.179215e+02 -1.204887e-02 9.967768e-01 -7.931463e-02 -9.713480e+00 -9.805318e-01 -2.732507e-02 -1.944496e-01 4.470164e+01
-2.130765e-01 7.041915e-02 9.744945e-01 1.191070e+02 -1.732385e-02 9.969702e-01 -7.583121e-02 -9.821021e+00 -9.768819e-01 -3.303985e-02 -2.112110e-01 4.445935e+01
-2.295836e-01 6.709162e-02 9.709738e-01 1.202804e+02 -2.043552e-02 9.970691e-01 -7.372665e-02 -9.927756e+00 -9.730744e-01 -3.676878e-02 -2.275397e-01 4.420568e+01
-2.445837e-01 6.765696e-02 9.672649e-01 1.214427e+02 -2.264664e-02 9.968920e-01 -7.545573e-02 -1.003686e+01 -9.693637e-01 -4.036054e-02 -2.422913e-01 4.392707e+01
-2.607594e-01 6.974846e-02 9.628809e-01 1.225964e+02 -2.265419e-02 9.966700e-01 -7.833107e-02 -1.014235e+01 -9.651380e-01 -4.223885e-02 -2.583110e-01 4.362727e+01
-2.748313e-01 7.152081e-02 9.588287e-01 1.237337e+02 -2.119569e-02 9.965366e-01 -8.040888e-02 -1.025481e+01 -9.612588e-01 -4.242192e-02 -2.723635e-01 4.330603e+01
-2.902004e-01 7.141250e-02 9.542976e-01 1.248623e+02 -1.886352e-02 9.965911e-01 -8.031380e-02 -1.036866e+01 -9.567800e-01 -4.130851e-02 -2.878641e-01 4.296599e+01
-3.060053e-01 6.939071e-02 9.494976e-01 1.259871e+02 -1.905917e-02 9.966938e-01 -7.898230e-02 -1.048057e+01 -9.518390e-01 -4.226564e-02 -3.036711e-01 4.260638e+01
-3.203288e-01 6.789047e-02 9.448705e-01 1.271065e+02 -1.903571e-02 9.967659e-01 -7.807270e-02 -1.059411e+01 -9.471151e-01 -4.299522e-02 -3.180005e-01 4.224264e+01
-3.362838e-01 6.936460e-02 9.392027e-01 1.282153e+02 -2.036814e-02 9.965149e-01 -8.089024e-02 -1.070118e+01 -9.415404e-01 -4.633189e-02 -3.336990e-01 4.185425e+01
-3.523688e-01 7.126703e-02 9.331437e-01 1.293047e+02 -1.952960e-02 9.963192e-01 -8.346660e-02 -1.081534e+01 -9.356574e-01 -4.763495e-02 -3.496800e-01 4.144425e+01
-3.663152e-01 7.277672e-02 9.276404e-01 1.303817e+02 -1.886349e-02 9.961509e-01 -8.560060e-02 -1.092696e+01 -9.302996e-01 -4.885534e-02 -3.635324e-01 4.101355e+01
-3.813796e-01 7.511940e-02 9.213613e-01 1.314642e+02 -1.624286e-02 9.959944e-01 -8.792771e-02 -1.104734e+01 -9.242758e-01 -4.849938e-02 -3.786318e-01 4.054798e+01
-3.971086e-01 7.841110e-02 9.144159e-01 1.325400e+02 -1.645574e-02 9.955751e-01 -9.251682e-02 -1.116943e+01 -9.176241e-01 -5.178662e-02 -3.940612e-01 4.006824e+01
-4.121493e-01 8.014348e-02 9.075847e-01 1.336150e+02 -1.653195e-02 9.953020e-01 -9.539672e-02 -1.129074e+01 -9.109663e-01 -5.432183e-02 -4.088881e-01 3.957683e+01
-4.285033e-01 7.777890e-02 9.001863e-01 1.346937e+02 -1.712230e-02 9.954101e-01 -9.415702e-02 -1.141902e+01 -9.033780e-01 -5.575986e-02 -4.252048e-01 3.906606e+01
-4.435390e-01 7.401876e-02 8.931933e-01 1.357707e+02 -1.984543e-02 9.955284e-01 -9.235403e-02 -1.153965e+01 -8.960353e-01 -5.868842e-02 -4.400868e-01 3.853884e+01
-4.599078e-01 7.318029e-02 8.849460e-01 1.368426e+02 -2.064284e-02 9.954478e-01 -9.304631e-02 -1.166804e+01 -8.877267e-01 -6.106052e-02 -4.563036e-01 3.799047e+01
-4.771436e-01 7.231459e-02 8.758451e-01 1.379014e+02 -2.208247e-02 9.953076e-01 -9.420818e-02 -1.179124e+01 -8.785479e-01 -6.429165e-02 -4.733078e-01 3.741831e+01
-4.932049e-01 7.137604e-02 8.669800e-01 1.389563e+02 -2.243423e-02 9.952532e-01 -9.469872e-02 -1.191992e+01 -8.696238e-01 -6.615590e-02 -4.892625e-01 3.682779e+01
-5.089765e-01 7.068576e-02 8.578732e-01 1.399911e+02 -2.372251e-02 9.950922e-01 -9.606670e-02 -1.204658e+01 -8.604535e-01 -6.924660e-02 -5.048017e-01 3.622170e+01
-5.257747e-01 7.011047e-02 8.477296e-01 1.410218e+02 -2.368567e-02 9.950044e-01 -9.698086e-02 -1.217832e+01 -8.502940e-01 -7.106913e-02 -5.214875e-01 3.559281e+01
-5.409300e-01 6.712277e-02 8.383849e-01 1.420553e+02 -2.445982e-02 9.951333e-01 -9.545395e-02 -1.230981e+01 -8.407119e-01 -7.214064e-02 -5.366556e-01 3.492890e+01
-5.563369e-01 6.390233e-02 8.284961e-01 1.430654e+02 -2.401608e-02 9.953856e-01 -9.290146e-02 -1.243772e+01 -8.306097e-01 -7.158174e-02 -5.522351e-01 3.425170e+01
-5.715000e-01 6.161288e-02 8.182858e-01 1.440752e+02 -2.338918e-02 9.955492e-01 -9.129520e-02 -1.256714e+01 -8.202687e-01 -7.131425e-02 -5.675153e-01 3.354705e+01
-5.865537e-01 6.042692e-02 8.076530e-01 1.450778e+02 -2.353966e-02 9.955196e-01 -9.157826e-02 -1.269695e+01 -8.095682e-01 -7.272744e-02 -5.825032e-01 3.281258e+01
-6.025267e-01 6.064524e-02 7.957912e-01 1.460690e+02 -2.547073e-02 9.951397e-01 -9.512204e-02 -1.282804e+01 -7.976922e-01 -7.758296e-02 -5.980536e-01 3.206481e+01
-6.178017e-01 6.062968e-02 7.839931e-01 1.470517e+02 -2.723227e-02 9.947753e-01 -9.838996e-02 -1.296154e+01 -7.858623e-01 -8.213539e-02 -6.129227e-01 3.129662e+01
-6.342425e-01 5.689754e-02 7.710377e-01 1.480234e+02 -2.919046e-02 9.948150e-01 -9.742242e-02 -1.309565e+01 -7.725830e-01 -8.429638e-02 -6.292930e-01 3.051752e+01
-6.514324e-01 5.121610e-02 7.569760e-01 1.489997e+02 -3.075821e-02 9.951160e-01 -9.379803e-02 -1.322747e+01 -7.580829e-01 -8.438631e-02 -6.466755e-01 2.970839e+01
-6.688761e-01 4.795787e-02 7.418253e-01 1.499469e+02 -3.166888e-02 9.951725e-01 -9.289102e-02 -1.336293e+01 -7.426990e-01 -8.562536e-02 -6.641284e-01 2.887859e+01
-6.877228e-01 4.586842e-02 7.245229e-01 1.508718e+02 -3.242936e-02 9.950648e-01 -9.377821e-02 -1.349561e+01 -7.252487e-01 -8.798922e-02 -6.828413e-01 2.802424e+01
-7.066614e-01 4.155124e-02 7.063308e-01 1.517758e+02 -3.553622e-02 9.949301e-01 -9.408149e-02 -1.362439e+01 -7.066589e-01 -9.158408e-02 -7.016021e-01 2.714440e+01
-7.241339e-01 4.039394e-02 6.884754e-01 1.526304e+02 -3.440673e-02 9.949242e-01 -9.456255e-02 -1.375487e+01 -6.888006e-01 -9.216414e-02 -7.190685e-01 2.624966e+01
-7.420210e-01 4.042270e-02 6.691568e-01 1.534712e+02 -3.322343e-02 9.947364e-01 -9.693157e-02 -1.389719e+01 -6.695529e-01 -9.415694e-02 -7.367723e-01 2.531273e+01
-7.582027e-01 4.100921e-02 6.507280e-01 1.542830e+02 -2.913413e-02 9.948925e-01 -9.664457e-02 -1.402885e+01 -6.513677e-01 -9.223457e-02 -7.531354e-01 2.435265e+01
-7.738904e-01 4.101922e-02 6.319897e-01 1.550557e+02 -2.530660e-02 9.951004e-01 -9.557556e-02 -1.417226e+01 -6.328137e-01 -8.995853e-02 -7.690606e-01 2.337172e+01
-7.897030e-01 4.249064e-02 6.120161e-01 1.558235e+02 -2.305667e-02 9.948382e-01 -9.881968e-02 -1.431073e+01 -6.130559e-01 -9.214926e-02 -7.846470e-01 2.236755e+01
-8.043961e-01 4.361890e-02 5.924899e-01 1.565620e+02 -2.209470e-02 9.944146e-01 -1.032054e-01 -1.445433e+01 -5.936823e-01 -9.610892e-02 -7.989395e-01 2.135855e+01
-8.186684e-01 4.364811e-02 5.726053e-01 1.572581e+02 -1.968997e-02 9.943875e-01 -1.039506e-01 -1.459354e+01 -5.739289e-01 -9.637568e-02 -8.132142e-01 2.034023e+01
-8.316155e-01 4.184855e-02 5.537729e-01 1.579339e+02 -1.745096e-02 9.946952e-01 -1.013756e-01 -1.474531e+01 -5.550776e-01 -9.396937e-02 -8.264736e-01 1.929175e+01
-8.428744e-01 4.298466e-02 5.363908e-01 1.585877e+02 -1.517364e-02 9.945095e-01 -1.035404e-01 -1.488374e+01 -5.378964e-01 -9.541056e-02 -8.375943e-01 1.824539e+01
-8.538352e-01 4.547222e-02 5.185535e-01 1.592275e+02 -1.188124e-02 9.942153e-01 -1.067466e-01 -1.504051e+01 -5.204078e-01 -9.730503e-02 -8.483557e-01 1.717506e+01
-8.633830e-01 4.324135e-02 5.026927e-01 1.598547e+02 -1.352557e-02 9.939791e-01 -1.087319e-01 -1.518864e+01 -5.043677e-01 -1.006765e-01 -8.575998e-01 1.608621e+01
-8.725856e-01 4.068397e-02 4.867640e-01 1.604619e+02 -1.444673e-02 9.939399e-01 -1.089715e-01 -1.533856e+01 -4.882476e-01 -1.021192e-01 -8.667099e-01 1.498536e+01
-8.809478e-01 3.804118e-02 4.716820e-01 1.610420e+02 -1.529015e-02 9.939549e-01 -1.087195e-01 -1.549430e+01 -4.729664e-01 -1.029883e-01 -8.750407e-01 1.388087e+01
-8.880360e-01 3.660811e-02 4.583143e-01 1.616197e+02 -1.515906e-02 9.939519e-01 -1.087649e-01 -1.565094e+01 -4.595240e-01 -1.035347e-01 -8.821101e-01 1.276185e+01
-8.948954e-01 3.334533e-02 4.450285e-01 1.621821e+02 -1.676562e-02 9.939887e-01 -1.081916e-01 -1.580323e+01 -4.459610e-01 -1.042813e-01 -8.889568e-01 1.163700e+01
-9.013941e-01 2.900304e-02 4.320272e-01 1.627302e+02 -1.839484e-02 9.942885e-01 -1.051285e-01 -1.595306e+01 -4.326088e-01 -1.027093e-01 -8.957123e-01 1.050788e+01
-9.067473e-01 2.483454e-02 4.209424e-01 1.632723e+02 -1.998375e-02 9.946117e-01 -1.017264e-01 -1.610266e+01 -4.212005e-01 -1.006521e-01 -9.013652e-01 9.352122e+00
-9.118854e-01 2.541900e-02 4.096570e-01 1.637798e+02 -1.694379e-02 9.948984e-01 -9.944934e-02 -1.624760e+01 -4.100950e-01 -9.762755e-02 -9.068026e-01 8.183997e+00
-9.158062e-01 2.848958e-02 4.006086e-01 1.642704e+02 -1.278452e-02 9.949074e-01 -9.997945e-02 -1.639495e+01 -4.014169e-01 -9.668339e-02 -9.107781e-01 7.031219e+00
-9.179547e-01 3.437574e-02 3.951930e-01 1.647659e+02 -6.817298e-03 9.947240e-01 -1.023610e-01 -1.654118e+01 -3.966267e-01 -9.665687e-02 -9.128771e-01 5.861286e+00
-9.201626e-01 3.661781e-02 3.898204e-01 1.652569e+02 -4.426577e-03 9.945805e-01 -1.038749e-01 -1.669076e+01 -3.915114e-01 -9.730732e-02 -9.150137e-01 4.690928e+00
-9.224580e-01 3.450803e-02 3.845522e-01 1.657456e+02 -5.739212e-03 9.946623e-01 -1.030238e-01 -1.683837e+01 -3.860547e-01 -9.724215e-02 -9.173362e-01 3.528232e+00
-9.243215e-01 2.720545e-02 3.806436e-01 1.662426e+02 -1.167759e-02 9.949721e-01 -9.946970e-02 -1.698257e+01 -3.814359e-01 -9.638699e-02 -9.193564e-01 2.342828e+00
-9.267491e-01 2.139370e-02 3.750713e-01 1.667242e+02 -1.642491e-02 9.951152e-01 -9.734409e-02 -1.712664e+01 -3.753217e-01 -9.637406e-02 -9.218707e-01 1.164271e+00
-9.282262e-01 1.507557e-02 3.717107e-01 1.672151e+02 -2.344309e-02 9.948223e-01 -9.888875e-02 -1.726604e+01 -3.712769e-01 -1.005052e-01 -9.230667e-01 -2.673306e-02
-9.295759e-01 1.256101e-02 3.684168e-01 1.676841e+02 -2.682151e-02 9.944656e-01 -1.015809e-01 -1.741228e+01 -3.676538e-01 -1.043087e-01 -9.240944e-01 -1.220538e+00
-9.306954e-01 1.249577e-02 3.655816e-01 1.681424e+02 -2.732869e-02 9.942480e-01 -1.035571e-01 -1.755727e+01 -3.647728e-01 -1.063710e-01 -9.250006e-01 -2.388003e+00
-9.306189e-01 1.331203e-02 3.657474e-01 1.685884e+02 -2.722982e-02 9.940502e-01 -1.054646e-01 -1.770599e+01 -3.649752e-01 -1.081066e-01 -9.247194e-01 -3.574692e+00
-9.306110e-01 1.529873e-02 3.656900e-01 1.690322e+02 -2.562645e-02 9.939506e-01 -1.067966e-01 -1.786341e+01 -3.651116e-01 -1.087574e-01 -9.245893e-01 -4.758342e+00
-9.304990e-01 1.647632e-02 3.659238e-01 1.694887e+02 -2.515049e-02 9.937564e-01 -1.087001e-01 -1.801247e+01 -3.654301e-01 -1.103485e-01 -9.242749e-01 -5.921808e+00
-9.295632e-01 1.702282e-02 3.682696e-01 1.699387e+02 -2.542382e-02 9.935952e-01 -1.101010e-01 -1.817125e+01 -3.677851e-01 -1.117086e-01 -9.231767e-01 -7.115928e+00
-9.292552e-01 1.789690e-02 3.690048e-01 1.703952e+02 -2.451532e-02 9.936372e-01 -1.099282e-01 -1.833075e+01 -3.686242e-01 -1.111976e-01 -9.229037e-01 -8.291661e+00
-9.278460e-01 1.711856e-02 3.725705e-01 1.708507e+02 -2.569306e-02 9.936392e-01 -1.096407e-01 -1.849460e+01 -3.720775e-01 -1.113021e-01 -9.215043e-01 -9.491226e+00
-9.262072e-01 1.468381e-02 3.767289e-01 1.713033e+02 -2.885458e-02 9.935496e-01 -1.096662e-01 -1.865234e+01 -3.759091e-01 -1.124440e-01 -9.198091e-01 -1.065640e+01
-9.246160e-01 1.246410e-02 3.806966e-01 1.717567e+02 -3.081898e-02 9.937395e-01 -1.073868e-01 -1.880932e+01 -3.796517e-01 -1.110242e-01 -9.184434e-01 -1.180903e+01
-9.218295e-01 8.730158e-03 3.874973e-01 1.722270e+02 -3.434395e-02 9.939741e-01 -1.040957e-01 -1.897047e+01 -3.860711e-01 -1.092667e-01 -9.159748e-01 -1.300110e+01
-9.183988e-01 5.869993e-03 3.956125e-01 1.727143e+02 -3.737494e-02 9.941317e-01 -1.015151e-01 -1.912389e+01 -3.938868e-01 -1.080173e-01 -9.127899e-01 -1.419343e+01
-9.150229e-01 6.039098e-03 4.033566e-01 1.731951e+02 -3.761907e-02 9.942533e-01 -1.002257e-01 -1.928178e+01 -4.016439e-01 -1.068827e-01 -9.095374e-01 -1.535090e+01
-9.108543e-01 5.236480e-03 4.126948e-01 1.736924e+02 -3.979052e-02 9.941476e-01 -1.004355e-01 -1.943159e+01 -4.108054e-01 -1.079034e-01 -9.053153e-01 -1.651504e+01
-9.119362e-01 4.313286e-03 4.103094e-01 1.737636e+02 -4.096911e-02 9.939910e-01 -1.015053e-01 -1.946931e+01 -4.082817e-01 -1.093764e-01 -9.062797e-01 -1.678838e+01
-9.071030e-01 5.163411e-03 4.208770e-01 1.742677e+02 -4.131005e-02 9.940051e-01 -1.012289e-01 -1.962001e+01 -4.188766e-01 -1.092115e-01 -9.014517e-01 -1.793769e+01
-9.085299e-01 2.919329e-03 4.178097e-01 1.742999e+02 -4.365201e-02 9.938400e-01 -1.018658e-01 -1.964614e+01 -4.155333e-01 -1.107863e-01 -9.028059e-01 -1.809089e+01
