1.000000e+00 0.000000e+00 0.000000e+00 0.000000e+00 0.000000e+00 1.000000e+00 0.000000e+00 0.000000e+00 0.000000e+00 0.000000e+00 1.000000e+00 0.000000e+00
9.999403e-01 -2.905175e-03 1.053604e-02 2.110983e-02 2.892858e-03 9.999951e-01 1.184057e-03 -9.565664e-03 -1.053942e-02 -1.153507e-03 9.999438e-01 2.685731e-01
9.998514e-01 -5.215651e-03 1.642796e-02 3.948534e-02 5.197750e-03 9.999859e-01 1.132149e-03 -1.657110e-02 -1.643363e-02 -1.046592e-03 9.998644e-01 5.289298e-01
9.998041e-01 -7.808962e-03 1.818620e-02 5.703382e-02 7.812238e-03 9.999695e-01 -1.091003e-04 -2.219312e-02 -1.818480e-02 2.511539e-04 9.998346e-01 8.064314e-01
9.998306e-01 -9.456395e-03 1.579152e-02 6.772706e-02 9.484822e-03 9.999535e-01 -1.726266e-03 -2.680482e-02 -1.577447e-02 1.875753e-03 9.998738e-01 1.080532e+00
9.998890e-01 -1.222983e-02 8.509320e-03 6.690507e-02 1.225732e-02 9.999198e-01 -3.186550e-03 -3.015046e-02 -8.469666e-03 3.290498e-03 9.999587e-01 1.373906e+00
9.998975e-01 -1.368569e-02 -4.201050e-03 5.891803e-02 1.366518e-02 9.998948e-01 -4.873143e-03 -3.941079e-02 4.267300e-03 4.815235e-03 9.999793e-01 1.659811e+00
9.997044e-01 -1.312893e-02 -2.046433e-02 3.693299e-02 1.302505e-02 9.999016e-01 -5.201438e-03 -4.813695e-02 2.053061e-02 4.933351e-03 9.997771e-01 1.948408e+00
9.991574e-01 -9.481567e-03 -3.993114e-02 -6.925535e-04 9.271277e-03 9.999422e-01 -5.448229e-03 -5.666712e-02 3.998049e-02 5.073426e-03 9.991876e-01 2.260937e+00
9.981820e-01 -6.128306e-03 -5.995976e-02 -4.142889e-02 5.735121e-03 9.999609e-01 -6.727392e-03 -6.337021e-02 5.999864e-02 6.371285e-03 9.981781e-01 2.574967e+00
9.967216e-01 -5.756228e-03 -8.070324e-02 -8.808322e-02 5.190239e-03 9.999605e-01 -7.221246e-03 -6.896859e-02 8.074161e-02 6.778703e-03 9.967120e-01 2.875786e+00
9.947409e-01 -7.044163e-03 -1.021810e-01 -1.321773e-01 6.401527e-03 9.999576e-01 -6.615750e-03 -7.598045e-02 1.022233e-01 5.926843e-03 9.947438e-01 3.221073e+00
9.924686e-01 -8.516831e-03 -1.222031e-01 -1.780613e-01 7.873436e-03 9.999525e-01 -5.746891e-03 -8.603777e-02 1.222463e-01 4.741450e-03 9.924885e-01 3.575913e+00
9.901401e-01 -7.843478e-03 -1.398609e-01 -2.417489e-01 7.189538e-03 9.999607e-01 -5.180295e-03 -9.502956e-02 1.398960e-01 4.123683e-03 9.901576e-01 3.934879e+00
9.876908e-01 -7.131773e-03 -1.562560e-01 -3.133635e-01 6.504790e-03 9.999686e-01 -4.523524e-03 -1.045021e-01 1.562834e-01 3.451431e-03 9.877062e-01 4.316031e+00
9.854584e-01 -6.725476e-03 -1.697838e-01 -3.880770e-01 6.016167e-03 9.999709e-01 -4.691837e-03 -1.132852e-01 1.698104e-01 3.602162e-03 9.854702e-01 4.696118e+00
9.830863e-01 -8.413412e-03 -1.829496e-01 -4.649249e-01 7.511614e-03 9.999560e-01 -5.621639e-03 -1.234208e-01 1.829889e-01 4.152309e-03 9.831062e-01 5.105169e+00
9.811342e-01 -1.170949e-02 -1.929731e-01 -5.440735e-01 1.044762e-02 9.999169e-01 -7.555471e-03 -1.368949e-01 1.930455e-01 5.396823e-03 9.811750e-01 5.534730e+00
9.794650e-01 -1.131758e-02 -2.012962e-01 -6.361184e-01 9.600921e-03 9.999088e-01 -9.502337e-03 -1.462664e-01 2.013854e-01 7.374579e-03 9.794843e-01 5.959488e+00
9.776448e-01 -1.127235e-02 -2.099611e-01 -7.454822e-01 9.085036e-03 9.998940e-01 -1.137931e-02 -1.537511e-01 2.100671e-01 9.217423e-03 9.776435e-01 6.404964e+00
9.759212e-01 -1.220018e-02 -2.177819e-01 -8.552035e-01 9.328662e-03 9.998555e-01 -1.420861e-02 -1.655586e-01 2.179237e-01 1.183487e-02 9.758940e-01 6.861657e+00
9.739503e-01 -1.631068e-02 -2.261743e-01 -9.621959e-01 1.300912e-02 9.997861e-01 -1.608032e-02 -1.794227e-01 2.263882e-01 1.271910e-02 9.739541e-01 7.343250e+00
9.719831e-01 -2.201860e-02 -2.340172e-01 -1.073623e+00 1.852634e-02 9.996819e-01 -1.711118e-02 -1.974187e-01 2.343195e-01 1.229629e-02 9.720819e-01 7.832603e+00
9.698247e-01 -2.289545e-02 -2.427257e-01 -1.204645e+00 1.885315e-02 9.996424e-01 -1.896383e-02 -2.193767e-01 2.430731e-01 1.381545e-02 9.699096e-01 8.332204e+00
9.676243e-01 -1.975995e-02 -2.516204e-01 -1.362148e+00 1.428125e-02 9.996199e-01 -2.358136e-02 -2.310821e-01 2.519908e-01 1.922444e-02 9.675387e-01 8.838846e+00
9.654092e-01 -1.724776e-02 -2.601682e-01 -1.519569e+00 1.068428e-02 9.995885e-01 -2.662109e-02 -2.515722e-01 2.605203e-01 2.292054e-02 9.651963e-01 9.354459e+00
9.628124e-01 -1.991904e-02 -2.694354e-01 -1.676392e+00 1.272678e-02 9.995152e-01 -2.841453e-02 -2.748290e-01 2.698708e-01 2.392882e-02 9.625992e-01 9.892551e+00
9.603514e-01 -2.206247e-02 -2.779181e-01 -1.838162e+00 1.426367e-02 9.994465e-01 -3.005248e-02 -3.041978e-01 2.784273e-01 2.489681e-02 9.601346e-01 1.044876e+01
9.580396e-01 -2.217267e-02 -2.857770e-01 -2.017712e+00 1.340783e-02 9.993788e-01 -3.259066e-02 -3.304082e-01 2.863221e-01 2.739149e-02 9.577418e-01 1.099404e+01
9.555142e-01 -2.187721e-02 -2.941325e-01 -2.212613e+00 1.172756e-02 9.992748e-01 -3.622685e-02 -3.577266e-01 2.947117e-01 3.116582e-02 9.550778e-01 1.156625e+01
9.531313e-01 -2.322148e-02 -3.016647e-01 -2.406084e+00 1.137815e-02 9.990961e-01 -4.095814e-02 -3.897990e-01 3.023431e-01 3.560610e-02 9.525339e-01 1.212605e+01
9.509280e-01 -2.446439e-02 -3.084436e-01 -2.609121e+00 1.015370e-02 9.987997e-01 -4.791664e-02 -4.297456e-01 3.092456e-01 4.243343e-02 9.500350e-01 1.271682e+01
9.494944e-01 -2.513965e-02 -3.127752e-01 -2.824154e+00 7.991553e-03 9.983995e-01 -5.598743e-02 -4.693990e-01 3.136821e-01 5.066020e-02 9.481757e-01 1.332056e+01
9.482134e-01 -2.571245e-02 -3.165916e-01 -3.040335e+00 5.521813e-03 9.979019e-01 -6.450785e-02 -5.146264e-01 3.175861e-01 5.941904e-02 9.463659e-01 1.391775e+01
9.465594e-01 -2.534502e-02 -3.215323e-01 -3.272416e+00 1.799283e-03 9.973071e-01 -7.331656e-02 -5.638071e-01 3.225247e-01 6.881995e-02 9.440560e-01 1.453625e+01
9.452513e-01 -2.484265e-02 -3.253965e-01 -3.507980e+00 -1.421560e-03 9.967754e-01 -8.022910e-02 -6.246451e-01 3.263404e-01 7.629923e-02 9.421679e-01 1.516660e+01
9.433435e-01 -2.370407e-02 -3.309700e-01 -3.758087e+00 -5.366977e-03 9.962246e-01 -8.664677e-02 -6.864051e-01 3.317744e-01 8.351397e-02 9.396548e-01 1.578877e+01
9.416977e-01 -2.285737e-02 -3.356827e-01 -4.013455e+00 -8.777685e-03 9.956812e-01 -9.242232e-02 -7.589495e-01 3.363455e-01 8.998041e-02 9.374301e-01 1.643342e+01
9.400024e-01 -2.084045e-02 -3.405306e-01 -4.278475e+00 -1.328183e-02 9.951404e-01 -9.756578e-02 -8.340978e-01 3.409091e-01 9.623494e-02 9.351577e-01 1.708491e+01
9.378095e-01 -1.832161e-02 -3.466666e-01 -4.552401e+00 -1.782437e-02 9.947478e-01 -1.007921e-01 -9.117044e-01 3.466925e-01 1.007029e-01 9.325574e-01 1.774952e+01
9.358679e-01 -1.724757e-02 -3.519286e-01 -4.821105e+00 -2.014363e-02 9.945487e-01 -1.023086e-01 -9.890929e-01 3.517747e-01 1.028365e-01 9.304188e-01 1.840021e+01
9.334925e-01 -1.690871e-02 -3.581980e-01 -5.106748e+00 -2.089561e-02 9.946256e-01 -1.014068e-01 -1.078702e+00 3.579876e-01 1.021473e-01 9.281222e-01 1.909242e+01
9.309994e-01 -1.694210e-02 -3.646272e-01 -5.401159e+00 -2.114530e-02 9.947416e-01 -1.002099e-01 -1.165474e+00 3.644077e-01 1.010055e-01 9.257456e-01 1.979740e+01
9.283352e-01 -1.693802e-02 -3.713580e-01 -5.698628e+00 -2.123773e-02 9.949134e-01 -9.846993e-02 -1.253179e+00 3.711369e-01 9.929990e-02 9.232534e-01 2.050111e+01
9.253118e-01 -1.664681e-02 -3.788415e-01 -5.998460e+00 -2.114336e-02 9.952170e-01 -9.537338e-02 -1.338139e+00 3.786171e-01 9.626010e-02 9.205341e-01 2.119126e+01
9.208629e-01 -1.454643e-02 -3.896150e-01 -6.334525e+00 -2.247074e-02 9.956626e-01 -9.028348e-02 -1.424683e+00 3.892384e-01 9.189365e-02 9.165419e-01 2.195268e+01
9.173927e-01 -1.188472e-02 -3.978057e-01 -6.651369e+00 -2.394282e-02 9.960954e-01 -8.497435e-02 -1.507351e+00 3.972624e-01 8.747944e-02 9.135261e-01 2.264839e+01
9.134828e-01 -8.911529e-03 -4.067798e-01 -6.989887e+00 -2.651987e-02 9.963302e-01 -8.138131e-02 -1.586975e+00 4.060122e-01 8.512817e-02 9.098941e-01 2.337883e+01
9.095445e-01 -8.001860e-03 -4.155295e-01 -7.330015e+00 -2.767629e-02 9.964291e-01 -7.976836e-02 -1.666149e+00 4.146840e-01 8.405319e-02 9.060752e-01 2.411257e+01
9.047790e-01 -7.707142e-03 -4.258116e-01 -7.692652e+00 -2.863724e-02 9.964723e-01 -7.888543e-02 -1.747698e+00 4.249174e-01 8.356795e-02 9.013665e-01 2.486569e+01
9.006020e-01 -7.598948e-03 -4.345783e-01 -8.054988e+00 -2.923013e-02 9.965247e-01 -7.800035e-02 -1.821890e+00 4.336607e-01 8.295005e-02 8.972501e-01 2.559943e+01
8.958582e-01 -7.061960e-03 -4.442840e-01 -8.440545e+00 -2.993445e-02 9.966430e-01 -7.620188e-02 -1.899208e+00 4.433306e-01 8.156548e-02 8.926394e-01 2.635982e+01
8.917574e-01 -7.708993e-03 -4.524482e-01 -8.834921e+00 -2.886412e-02 9.968497e-01 -7.387475e-02 -1.978177e+00 4.515924e-01 7.893787e-02 8.887256e-01 2.713057e+01
8.879031e-01 -7.387849e-03 -4.599712e-01 -9.232521e+00 -2.792589e-02 9.971615e-01 -6.992256e-02 -2.054089e+00 4.591821e-01 7.492956e-02 8.851764e-01 2.790561e+01
8.837708e-01 -5.885739e-03 -4.678830e-01 -9.648224e+00 -2.764532e-02 9.975174e-01 -6.476674e-02 -2.125286e+00 4.671027e-01 7.017373e-02 8.814141e-01 2.870646e+01
8.799255e-01 -6.041911e-03 -4.750732e-01 -1.005979e+01 -2.595349e-02 9.978149e-01 -6.076084e-02 -2.197804e+00 4.744022e-01 6.579483e-02 8.778460e-01 2.948889e+01
8.757611e-01 -7.066325e-03 -4.826930e-01 -1.049241e+01 -2.444616e-02 9.979608e-01 -5.896277e-02 -2.268014e+00 4.821253e-01 6.343729e-02 8.738026e-01 3.029728e+01
8.721263e-01 -7.639044e-03 -4.892212e-01 -1.093872e+01 -2.368851e-02 9.980463e-01 -5.781330e-02 -2.336489e+00 4.887071e-01 6.200942e-02 8.702415e-01 3.111430e+01
8.689089e-01 -7.724887e-03 -4.949118e-01 -1.139555e+01 -2.319494e-02 9.981443e-01 -5.630264e-02 -2.399009e+00 4.944283e-01 6.040131e-02 8.671173e-01 3.192400e+01
8.652185e-01 -8.879296e-03 -5.013164e-01 -1.186800e+01 -2.167950e-02 9.982456e-01 -5.509739e-02 -2.467948e+00 5.009261e-01 5.853957e-02 8.635080e-01 3.276271e+01
8.625694e-01 -1.020126e-02 -5.058358e-01 -1.234906e+01 -2.047122e-02 9.982742e-01 -5.504058e-02 -2.536674e+00 5.055244e-01 5.783140e-02 8.608720e-01 3.360204e+01
8.605181e-01 -1.114017e-02 -5.092980e-01 -1.283455e+01 -2.003560e-02 9.982472e-01 -5.568770e-02 -2.605818e+00 5.090257e-01 5.812436e-02 8.587866e-01 3.444805e+01
8.584145e-01 -1.114972e-02 -5.128355e-01 -1.334799e+01 -2.065729e-02 9.982013e-01 -5.627961e-02 -2.673757e+00 5.125406e-01 5.890502e-02 8.566401e-01 3.531413e+01
8.582696e-01 -1.092788e-02 -5.130828e-01 -1.386608e+01 -2.055041e-02 9.982395e-01 -5.563710e-02 -2.744995e+00 5.127875e-01 5.829569e-02 8.565341e-01 3.619268e+01
8.578321e-01 -1.066750e-02 -5.138192e-01 -1.440346e+01 -2.013801e-02 9.983190e-01 -5.434714e-02 -2.818100e+00 5.135353e-01 5.696802e-02 8.561753e-01 3.710401e+01
8.574177e-01 -1.186038e-02 -5.144844e-01 -1.493773e+01 -1.852915e-02 9.983747e-01 -5.389537e-02 -2.893089e+00 5.142874e-01 5.574381e-02 8.558044e-01 3.801690e+01
8.569898e-01 -1.380706e-02 -5.151484e-01 -1.546439e+01 -1.675822e-02 9.983656e-01 -5.463693e-02 -2.965981e+00 5.150608e-01 5.545626e-02 8.553578e-01 3.891952e+01
8.553757e-01 -1.579141e-02 -5.177673e-01 -1.600087e+01 -1.489201e-02 9.983724e-01 -5.505170e-02 -3.040950e+00 5.177940e-01 5.480048e-02 8.537484e-01 3.983610e+01
8.538388e-01 -1.596860e-02 -5.202926e-01 -1.653275e+01 -1.383960e-02 9.984796e-01 -5.335673e-02 -3.115126e+00 5.203536e-01 5.275868e-02 8.523196e-01 4.073484e+01
8.510876e-01 -1.495437e-02 -5.248107e-01 -1.708436e+01 -1.308442e-02 9.986797e-01 -4.967623e-02 -3.190611e+00 5.248607e-01 4.914566e-02 8.497682e-01 4.164964e+01
8.477563e-01 -1.439881e-02 -5.301904e-01 -1.763868e+01 -1.149022e-02 9.988982e-01 -4.550037e-02 -3.264547e+00 5.302614e-01 4.466523e-02 8.466569e-01 4.255550e+01
8.436577e-01 -1.477760e-02 -5.366781e-01 -1.818853e+01 -1.031439e-02 9.989905e-01 -4.372173e-02 -3.334685e+00 5.367824e-01 4.242168e-02 8.426536e-01 4.344021e+01
8.376192e-01 -1.742269e-02 -5.459767e-01 -1.875585e+01 -8.862387e-03 9.989262e-01 -4.547317e-02 -3.404628e+00 5.461827e-01 4.292785e-02 8.365654e-01 4.432328e+01
8.315980e-01 -2.008134e-02 -5.550148e-01 -1.932368e+01 -8.186227e-03 9.987943e-01 -4.840372e-02 -3.477245e+00 5.553177e-01 4.479592e-02 8.304310e-01 4.519278e+01
8.244477e-01 -1.982173e-02 -5.655909e-01 -1.992037e+01 -8.951066e-03 9.988047e-01 -4.805191e-02 -3.545204e+00 5.658673e-01 4.467893e-02 8.232849e-01 4.607914e+01
8.175918e-01 -1.633408e-02 -5.755666e-01 -2.052673e+01 -1.053082e-02 9.990062e-01 -4.330995e-02 -3.611603e+00 5.757020e-01 4.147105e-02 8.166072e-01 4.695401e+01
8.124246e-01 -1.225837e-02 -5.829374e-01 -2.113660e+01 -1.285585e-02 9.991593e-01 -3.892780e-02 -3.680758e+00 5.829245e-01 3.912006e-02 8.115840e-01 4.782113e+01
8.079748e-01 -1.146716e-02 -5.891054e-01 -2.175284e+01 -1.517273e-02 9.990741e-01 -4.025719e-02 -3.742766e+00 5.890216e-01 4.146513e-02 8.070528e-01 4.868475e+01
8.042302e-01 -1.372472e-02 -5.941594e-01 -2.236915e+01 -1.581034e-02 9.988854e-01 -4.447388e-02 -3.810503e+00 5.941076e-01 4.516110e-02 8.031168e-01 4.954366e+01
8.011711e-01 -1.560522e-02 -5.982318e-01 -2.299426e+01 -1.861217e-02 9.985266e-01 -5.097314e-02 -3.882011e+00 5.981458e-01 5.197260e-02 7.997002e-01 5.039156e+01
7.969451e-01 -1.652570e-02 -6.038257e-01 -2.363565e+01 -1.922169e-02 9.984257e-01 -5.269454e-02 -3.955097e+00 6.037458e-01 5.360121e-02 7.953728e-01 5.124623e+01
7.933776e-01 -1.522228e-02 -6.085394e-01 -2.427014e+01 -1.862816e-02 9.986120e-01 -4.926602e-02 -4.030508e+00 6.084447e-01 5.042253e-02 7.919928e-01 5.208739e+01
7.887575e-01 -1.243991e-02 -6.145786e-01 -2.491873e+01 -1.870330e-02 9.988466e-01 -4.422206e-02 -4.100835e+00 6.144199e-01 4.637513e-02 7.876151e-01 5.294065e+01
7.849744e-01 -1.050521e-02 -6.194391e-01 -2.557452e+01 -1.935907e-02 9.989520e-01 -4.147393e-02 -4.168940e+00 6.192256e-01 4.454774e-02 7.839484e-01 5.378035e+01
7.816283e-01 -9.086331e-03 -6.236783e-01 -2.623067e+01 -2.176135e-02 9.988879e-01 -4.182527e-02 -4.232496e+00 6.233647e-01 4.626390e-02 7.805614e-01 5.460335e+01
7.766728e-01 -1.033643e-02 -6.298195e-01 -2.689883e+01 -2.201552e-02 9.988090e-01 -4.354100e-02 -4.297658e+00 6.295195e-01 4.768291e-02 7.755202e-01 5.542429e+01
7.718340e-01 -1.200545e-02 -6.357107e-01 -2.756665e+01 -2.209870e-02 9.987111e-01 -4.569139e-02 -4.368046e+00 6.354400e-01 4.931455e-02 7.705739e-01 5.624020e+01
7.673831e-01 -1.311028e-02 -6.410549e-01 -2.824512e+01 -2.159218e-02 9.986955e-01 -4.627164e-02 -4.434979e+00 6.408253e-01 4.934985e-02 7.660989e-01 5.704848e+01
7.617007e-01 -1.322663e-02 -6.477940e-01 -2.894304e+01 -2.124027e-02 9.987445e-01 -4.536743e-02 -4.504600e+00 6.475808e-01 4.831572e-02 7.604635e-01 5.786616e+01
7.566566e-01 -1.316588e-02 -6.536799e-01 -2.963111e+01 -2.129836e-02 9.987703e-01 -4.476998e-02 -4.573028e+00 6.534655e-01 4.779781e-02 7.554457e-01 5.866847e+01
7.503875e-01 -1.384224e-02 -6.608533e-01 -3.034032e+01 -2.165649e-02 9.987291e-01 -4.550997e-02 -4.644063e+00 6.606433e-01 4.846188e-02 7.491340e-01 5.947152e+01
7.445317e-01 -1.505882e-02 -6.674172e-01 -3.106225e+01 -2.146561e-02 9.986886e-01 -4.647902e-02 -4.713264e+00 6.672419e-01 4.893162e-02 7.432321e-01 6.027117e+01
7.390521e-01 -1.608823e-02 -6.734561e-01 -3.179410e+01 -2.133347e-02 9.986544e-01 -4.726830e-02 -4.783447e+00 6.733103e-01 4.930089e-02 7.377144e-01 6.106543e+01
7.324417e-01 -1.735321e-02 -6.806085e-01 -3.254067e+01 -2.115404e-02 9.986124e-01 -4.822630e-02 -4.855143e+00 6.805010e-01 4.972058e-02 7.310583e-01 6.186411e+01
7.268166e-01 -1.895706e-02 -6.865699e-01 -3.328481e+01 -2.052826e-02 9.985729e-01 -4.930349e-02 -4.928794e+00 6.865247e-01 4.992868e-02 7.253902e-01 6.264648e+01
7.202494e-01 -1.955351e-02 -6.934396e-01 -3.404779e+01 -2.035020e-02 9.985769e-01 -4.929471e-02 -5.002715e+00 6.934167e-01 4.961612e-02 7.188265e-01 6.344720e+01
7.138597e-01 -1.958224e-02 -7.000149e-01 -3.479869e+01 -1.957122e-02 9.986606e-01 -4.789486e-02 -5.076226e+00 7.000152e-01 4.789035e-02 7.125204e-01 6.424180e+01
7.075737e-01 -2.017025e-02 -7.063516e-01 -3.556174e+01 -1.854833e-02 9.987180e-01 -4.709935e-02 -5.150095e+00 7.063961e-01 4.642790e-02 7.062925e-01 6.502384e+01
7.002165e-01 -2.158505e-02 -7.136042e-01 -3.634770e+01 -1.780813e-02 9.987038e-01 -4.768277e-02 -5.224567e+00 7.137084e-01 4.609622e-02 6.989245e-01 6.581145e+01
6.935735e-01 -2.341574e-02 -7.200052e-01 -3.714298e+01 -1.738817e-02 9.986362e-01 -4.922711e-02 -5.300842e+00 7.201759e-01 4.666219e-02 6.922205e-01 6.658990e+01
6.882951e-01 -2.277196e-02 -7.250733e-01 -3.793892e+01 -1.903035e-02 9.985964e-01 -4.942741e-02 -5.373117e+00 7.251812e-01 4.781905e-02 6.868956e-01 6.735542e+01
6.819390e-01 -2.245762e-02 -7.310642e-01 -3.874257e+01 -1.910695e-02 9.986404e-01 -4.850034e-02 -5.445907e+00 7.311594e-01 4.704268e-02 6.805828e-01 6.812842e+01
6.772387e-01 -2.214209e-02 -7.354301e-01 -3.955316e+01 -1.998559e-02 9.986246e-01 -4.847048e-02 -5.520961e+00 7.354919e-01 4.752409e-02 6.758648e-01 6.890460e+01
6.717173e-01 -2.285162e-02 -7.404551e-01 -4.038127e+01 -2.043238e-02 9.985724e-01 -4.935314e-02 -5.598061e+00 7.405258e-01 4.828061e-02 6.702914e-01 6.968265e+01
6.663212e-01 -2.477943e-02 -7.452530e-01 -4.120856e+01 -2.088585e-02 9.984353e-01 -5.187144e-02 -5.675478e+00 7.453723e-01 5.012828e-02 6.647611e-01 7.044660e+01
6.613516e-01 -2.697036e-02 -7.495910e-01 -4.204015e+01 -2.087448e-02 9.983045e-01 -5.433629e-02 -5.755797e+00 7.497855e-01 5.158271e-02 6.596672e-01 7.120803e+01
6.556566e-01 -2.734340e-02 -7.545639e-01 -4.289550e+01 -2.177282e-02 9.982438e-01 -5.509258e-02 -5.836721e+00 7.547452e-01 5.255080e-02 6.539099e-01 7.196606e+01
6.505148e-01 -2.704869e-02 -7.590118e-01 -4.375139e+01 -2.118548e-02 9.983305e-01 -5.373434e-02 -5.916214e+00 7.591980e-01 5.103501e-02 6.488557e-01 7.271852e+01
6.457522e-01 -2.728667e-02 -7.630593e-01 -4.461399e+01 -1.988913e-02 9.984210e-01 -5.253463e-02 -5.999087e+00 7.632879e-01 4.910093e-02 6.441899e-01 7.346749e+01
6.395588e-01 -2.786833e-02 -7.682369e-01 -4.549715e+01 -1.972519e-02 9.984187e-01 -5.263960e-02 -6.083848e+00 7.684891e-01 4.881974e-02 6.379977e-01 7.421746e+01
6.353506e-01 -2.898296e-02 -7.716797e-01 -4.637604e+01 -1.868980e-02 9.984256e-01 -5.288711e-02 -6.161855e+00 7.719976e-01 4.802440e-02 6.338087e-01 7.495386e+01
6.299622e-01 -2.975867e-02 -7.760555e-01 -4.728177e+01 -1.763486e-02 9.984598e-01 -5.260207e-02 -6.244993e+00 7.764256e-01 4.682294e-02 6.284671e-01 7.569822e+01
6.253867e-01 -3.077504e-02 -7.797079e-01 -4.819105e+01 -1.634766e-02 9.984859e-01 -5.252229e-02 -6.324937e+00 7.801438e-01 4.559314e-02 6.239367e-01 7.643572e+01
6.214143e-01 -3.335298e-02 -7.827719e-01 -4.909809e+01 -1.365572e-02 9.984806e-01 -5.338485e-02 -6.408270e+00 7.833631e-01 4.386342e-02 6.200147e-01 7.716925e+01
6.166663e-01 -3.792722e-02 -7.863105e-01 -5.002009e+01 -1.025212e-02 9.983671e-01 -5.619590e-02 -6.492884e+00 7.871579e-01 4.271547e-02 6.152705e-01 7.790262e+01
6.116665e-01 -4.246470e-02 -7.899752e-01 -5.094948e+01 -5.622597e-03 9.982998e-01 -5.801657e-02 -6.577335e+00 7.910958e-01 3.992850e-02 6.103877e-01 7.863910e+01
6.051268e-01 -4.607406e-02 -7.947948e-01 -5.189377e+01 -4.246927e-04 9.983052e-01 -5.819485e-02 -6.665650e+00 7.961290e-01 3.555281e-02 6.040816e-01 7.936904e+01
5.959593e-01 -4.949090e-02 -8.014881e-01 -5.284750e+01 4.251075e-03 9.982794e-01 -5.848157e-02 -6.755231e+00 8.030034e-01 3.144545e-02 5.951443e-01 8.009855e+01
5.870400e-01 -5.082576e-02 -8.079609e-01 -5.380677e+01 7.511167e-03 9.983262e-01 -5.734354e-02 -6.845212e+00 8.095231e-01 2.759422e-02 5.864392e-01 8.081501e+01
5.773106e-01 -4.963958e-02 -8.150143e-01 -5.477755e+01 8.010643e-03 9.984466e-01 -5.513749e-02 -6.927051e+00 8.164853e-01 2.530267e-02 5.768115e-01 8.151682e+01
5.675401e-01 -4.943932e-02 -8.218601e-01 -5.577302e+01 7.767789e-03 9.984727e-01 -5.469943e-02 -7.018963e+00 8.233091e-01 2.466009e-02 5.670573e-01 8.220949e+01
5.625563e-01 -4.981082e-02 -8.252571e-01 -5.582481e+01 6.013697e-03 9.984035e-01 -5.616221e-02 -7.016765e+00 8.267371e-01 2.663156e-02 5.619578e-01 8.226688e+01
5.516184e-01 -5.198043e-02 -8.324754e-01 -5.684036e+01 6.331036e-03 9.982884e-01 -5.813884e-02 -7.108917e+00 8.340726e-01 2.680002e-02 5.510033e-01 8.294813e+01
5.421101e-01 -5.307138e-02 -8.386299e-01 -5.785851e+01 5.892277e-03 9.982191e-01 -5.936182e-02 -7.196950e+00 8.402868e-01 2.723920e-02 5.414574e-01 8.362107e+01
5.325033e-01 -5.359846e-02 -8.447292e-01 -5.888065e+01 8.349035e-03 9.982771e-01 -5.807805e-02 -7.290952e+00 8.463867e-01 2.387408e-02 5.320334e-01 8.428673e+01
5.216116e-01 -5.279102e-02 -8.515483e-01 -5.990916e+01 8.619729e-03 9.983590e-01 -5.661245e-02 -7.382278e+00 8.531395e-01 2.218959e-02 5.212106e-01 8.493488e+01
5.104114e-01 -5.300093e-02 -8.582954e-01 -6.095992e+01 8.086805e-03 9.983505e-01 -5.684046e-02 -7.474094e+00 8.598923e-01 2.207115e-02 5.099981e-01 8.557489e+01
5.068498e-01 -5.244697e-02 -8.604375e-01 -6.110464e+01 6.012696e-03 9.983383e-01 -5.731071e-02 -7.484057e+00 8.620134e-01 2.387437e-02 5.063229e-01 8.565323e+01
4.957137e-01 -5.249693e-02 -8.668979e-01 -6.216789e+01 3.698030e-03 9.982900e-01 -5.833904e-02 -7.574151e+00 8.684781e-01 2.571364e-02 4.950601e-01 8.626569e+01
4.862706e-01 -5.279629e-02 -8.722118e-01 -6.322593e+01 1.594204e-03 9.982249e-01 -5.953527e-02 -7.665289e+00 8.738068e-01 2.755977e-02 4.854916e-01 8.686779e+01
4.760921e-01 -5.221015e-02 -8.778442e-01 -6.432306e+01 -3.538951e-04 9.982246e-01 -5.956176e-02 -7.760557e+00 8.793954e-01 2.866754e-02 4.752283e-01 8.746977e+01
4.671633e-01 -4.978553e-02 -8.827683e-01 -6.540409e+01 -1.972522e-03 9.983523e-01 -5.734799e-02 -7.850409e+00 8.841688e-01 2.853216e-02 4.662954e-01 8.806329e+01
4.593549e-01 -4.764608e-02 -8.869740e-01 -6.649912e+01 -2.066402e-03 9.985003e-01 -5.470716e-02 -7.942524e+00 8.882504e-01 2.696285e-02 4.585675e-01 8.864966e+01
4.504907e-01 -4.754786e-02 -8.915140e-01 -6.762636e+01 -2.273772e-03 9.985164e-01 -5.440366e-02 -8.032227e+00 8.927782e-01 2.653545e-02 4.497143e-01 8.922526e+01
4.426710e-01 -5.003741e-02 -8.952869e-01 -6.874079e+01 -8.528343e-04 9.984179e-01 -5.622306e-02 -8.121994e+00 8.966837e-01 2.565185e-02 4.419280e-01 8.978587e+01
4.361972e-01 -5.307851e-02 -8.982843e-01 -6.986133e+01 1.317980e-03 9.982954e-01 -5.834805e-02 -8.213986e+00 8.998502e-01 2.426733e-02 4.355236e-01 9.034060e+01
4.291201e-01 -5.609395e-02 -9.015040e-01 -7.099938e+01 2.526082e-03 9.981404e-01 -6.090450e-02 -8.308029e+00 9.032439e-01 2.385807e-02 4.284638e-01 9.088847e+01
4.244295e-01 -5.915425e-02 -9.035266e-01 -7.214563e+01 3.997121e-03 9.979764e-01 -6.346027e-02 -8.408237e+00 9.054522e-01 2.332290e-02 4.238070e-01 9.143190e+01
4.193759e-01 -5.967432e-02 -9.058493e-01 -7.329574e+01 5.779513e-03 9.979925e-01 -6.306870e-02 -8.509680e+00 9.077943e-01 2.121412e-02 4.188788e-01 9.196208e+01
4.154516e-01 -5.757538e-02 -9.077913e-01 -7.442167e+01 7.810310e-03 9.981838e-01 -5.973399e-02 -8.608155e+00 9.095818e-01 1.772645e-02 4.151467e-01 9.248012e+01
4.122245e-01 -5.600931e-02 -9.093591e-01 -7.557342e+01 1.164640e-02 9.983510e-01 -5.621104e-02 -8.708589e+00 9.110078e-01 1.258081e-02 4.121971e-01 9.300512e+01
4.091449e-01 -5.547625e-02 -9.107814e-01 -7.669351e+01 1.320050e-02 9.984055e-01 -5.488350e-02 -8.802371e+00 9.123739e-01 1.043254e-02 4.092248e-01 9.351083e+01
4.064961e-01 -5.531667e-02 -9.119764e-01 -7.780985e+01 1.452361e-02 9.984306e-01 -5.408700e-02 -8.893582e+00 9.135371e-01 8.740965e-03 4.066615e-01 9.400520e+01
4.050933e-01 -5.438215e-02 -9.126566e-01 -7.892875e+01 1.623549e-02 9.984999e-01 -5.229095e-02 -8.985181e+00 9.141312e-01 6.365287e-03 4.053685e-01 9.450470e+01
4.032698e-01 -5.371394e-02 -9.135033e-01 -8.003097e+01 1.765854e-02 9.985467e-01 -5.091905e-02 -9.071501e+00 9.149107e-01 4.402977e-03 4.036322e-01 9.499625e+01
4.030636e-01 -5.421291e-02 -9.135648e-01 -8.114032e+01 1.928054e-02 9.985254e-01 -5.074810e-02 -9.160969e+00 9.149688e-01 2.840695e-03 4.035145e-01 9.548890e+01
4.012233e-01 -5.455462e-02 -9.143542e-01 -8.222370e+01 2.152439e-02 9.985107e-01 -5.013077e-02 -9.243912e+00 9.157273e-01 4.327173e-04 4.018000e-01 9.596965e+01
3.999848e-01 -5.364939e-02 -9.149502e-01 -8.330444e+01 2.439615e-02 9.985548e-01 -4.788650e-02 -9.328184e+00 9.161970e-01 -3.167392e-03 4.007156e-01 9.645005e+01
3.991396e-01 -5.304644e-02 -9.153544e-01 -8.439252e+01 2.640212e-02 9.985760e-01 -4.635666e-02 -9.412984e+00 9.165100e-01 -5.664517e-03 3.999717e-01 9.693517e+01
3.977025e-01 -5.359896e-02 -9.159475e-01 -8.545844e+01 2.787526e-02 9.985372e-01 -4.632853e-02 -9.495973e+00 9.170909e-01 -7.107308e-03 3.986148e-01 9.740751e+01
3.946149e-01 -5.391423e-02 -9.172635e-01 -8.555874e+01 2.886079e-02 9.985118e-01 -4.627361e-02 -9.501468e+00 9.183932e-01 -8.212694e-03 3.955837e-01 9.745487e+01
3.952617e-01 -5.521246e-02 -9.169077e-01 -8.661634e+01 2.926580e-02 9.984421e-01 -4.750619e-02 -9.584849e+00 9.181022e-01 -8.056661e-03 3.962618e-01 9.791783e+01
3.955353e-01 -5.606825e-02 -9.167378e-01 -8.763435e+01 2.867075e-02 9.984022e-01 -4.869263e-02 -9.664795e+00 9.180032e-01 -7.023900e-03 3.965109e-01 9.835751e+01
3.980275e-01 -5.598825e-02 -9.156634e-01 -8.866689e+01 2.653147e-02 9.984209e-01 -4.951556e-02 -9.747207e+00 9.169898e-01 -4.585344e-03 3.988844e-01 9.880455e+01
4.016296e-01 -5.624573e-02 -9.140733e-01 -8.967046e+01 2.483074e-02 9.984141e-01 -5.052524e-02 -9.828657e+00 9.154655e-01 -2.404683e-03 4.023893e-01 9.923770e+01
4.069951e-01 -5.685299e-02 -9.116593e-01 -9.068972e+01 2.362272e-02 9.983824e-01 -5.171526e-02 -9.911711e+00 9.131248e-01 -4.880192e-04 4.076798e-01 9.968931e+01
4.134071e-01 -5.692705e-02 -9.087650e-01 -9.170221e+01 2.290748e-02 9.983781e-01 -5.211975e-02 -9.994927e+00 9.102581e-01 7.291659e-04 4.140407e-01 1.001446e+02
4.199476e-01 -5.585871e-02 -9.058277e-01 -9.269162e+01 2.205201e-02 9.984374e-01 -5.134612e-02 -1.007584e+01 9.072804e-01 1.587362e-03 4.205232e-01 1.005970e+02
4.278320e-01 -5.520752e-02 -9.021706e-01 -9.368003e+01 2.138800e-02 9.984718e-01 -5.095786e-02 -1.015515e+01 9.036052e-01 2.505780e-03 4.283590e-01 1.010607e+02
4.375335e-01 -5.496733e-02 -8.975205e-01 -9.467116e+01 2.157501e-02 9.984843e-01 -5.063308e-02 -1.023596e+01 8.989432e-01 2.789654e-03 4.380563e-01 1.015395e+02
4.466182e-01 -5.485749e-02 -8.930413e-01 -9.563950e+01 2.151612e-02 9.984885e-01 -5.057446e-02 -1.031429e+01 8.944659e-01 3.372694e-03 4.471235e-01 1.020116e+02
4.572089e-01 -5.603162e-02 -8.875925e-01 -9.660968e+01 2.159282e-02 9.984186e-01 -5.190510e-02 -1.039391e+01 8.890971e-01 4.565850e-03 4.576958e-01 1.024987e+02
4.681097e-01 -5.769576e-02 -8.817848e-01 -9.755453e+01 2.050657e-02 9.983068e-01 -5.443363e-02 -1.047376e+01 8.834324e-01 7.398524e-03 4.685003e-01 1.029871e+02
4.800259e-01 -5.886137e-02 -8.752774e-01 -9.849793e+01 1.982610e-02 9.982195e-01 -5.625591e-02 -1.055493e+01 8.770303e-01 9.650953e-03 4.803382e-01 1.034831e+02
4.929120e-01 -5.772237e-02 -8.681623e-01 -9.942605e+01 1.852237e-02 9.982670e-01 -5.585642e-02 -1.063524e+01 8.698820e-01 1.145188e-02 4.931270e-01 1.039893e+02
5.055539e-01 -5.581707e-02 -8.609876e-01 -1.003322e+02 1.835301e-02 9.983751e-01 -5.394727e-02 -1.071651e+01 8.625998e-01 1.147154e-02 5.057568e-01 1.045072e+02
5.186529e-01 -5.437569e-02 -8.532540e-01 -1.012463e+02 1.908716e-02 9.984632e-01 -5.202732e-02 -1.079507e+01 8.547718e-01 1.069793e-02 5.188938e-01 1.050518e+02
5.308780e-01 -5.404027e-02 -8.457235e-01 -1.021495e+02 1.985470e-02 9.984839e-01 -5.133820e-02 -1.087554e+01 8.472156e-01 1.046273e-02 5.311461e-01 1.056100e+02
5.425571e-01 -5.503159e-02 -8.382144e-01 -1.030413e+02 2.102105e-02 9.984287e-01 -5.194376e-02 -1.095351e+01 8.397559e-01 1.056231e-02 5.428614e-01 1.061800e+02
5.545562e-01 -5.654663e-02 -8.302228e-01 -1.039199e+02 2.225563e-02 9.983395e-01 -5.313120e-02 -1.103262e+01 8.318486e-01 1.098711e-02 5.548938e-01 1.067627e+02
5.653272e-01 -5.919575e-02 -8.227399e-01 -1.047729e+02 2.596576e-02 9.982044e-01 -5.397854e-02 -1.111057e+01 8.244580e-01 9.152468e-03 5.658492e-01 1.073449e+02
5.765294e-01 -5.951924e-02 -8.149057e-01 -1.056136e+02 2.768353e-02 9.981936e-01 -5.332071e-02 -1.119360e+01 8.166073e-01 8.181489e-03 5.771357e-01 1.079241e+02
5.876212e-01 -5.853076e-02 -8.070164e-01 -1.064393e+02 2.884727e-02 9.982616e-01 -5.139641e-02 -1.126881e+01 8.086217e-01 6.921396e-03 5.882882e-01 1.085118e+02
5.969152e-01 -5.661917e-02 -8.003040e-01 -1.072388e+02 2.989473e-02 9.983837e-01 -4.833542e-02 -1.134217e+01 8.017472e-01 4.927275e-03 5.976430e-01 1.091001e+02
6.075563e-01 -5.556413e-02 -7.923307e-01 -1.080467e+02 2.982937e-02 9.984426e-01 -4.714518e-02 -1.141741e+01 7.937163e-01 5.008622e-03 6.082675e-01 1.097223e+02
6.170597e-01 -5.531508e-02 -7.849698e-01 -1.088226e+02 2.841645e-02 9.984421e-01 -4.802001e-02 -1.148669e+01 7.864031e-01 7.325159e-03 6.176702e-01 1.103178e+02
6.269115e-01 -5.562245e-02 -7.771024e-01 -1.095896e+02 2.760826e-02 9.984078e-01 -4.919037e-02 -1.155558e+01 7.786011e-01 9.383567e-03 6.274490e-01 1.109282e+02
6.373531e-01 -5.561996e-02 -7.685619e-01 -1.103465e+02 2.828258e-02 9.984081e-01 -4.879949e-02 -1.162630e+01 7.700527e-01 9.365591e-03 6.379116e-01 1.115556e+02
6.457208e-01 -5.425229e-02 -7.616439e-01 -1.110680e+02 2.861618e-02 9.984914e-01 -4.686230e-02 -1.169416e+01 7.630372e-01 8.464623e-03 6.462991e-01 1.121651e+02
6.546502e-01 -5.324520e-02 -7.540544e-01 -1.117781e+02 2.943321e-02 9.985552e-01 -4.495672e-02 -1.175774e+01 7.553587e-01 7.236687e-03 6.552716e-01 1.127807e+02
6.635486e-01 -5.289522e-02 -7.462609e-01 -1.124847e+02 3.028872e-02 9.985790e-01 -4.384796e-02 -1.182675e+01 7.475198e-01 6.491963e-03 6.642078e-01 1.134163e+02
6.713490e-01 -5.248111e-02 -7.392809e-01 -1.131705e+02 2.958699e-02 9.985924e-01 -4.402121e-02 -1.188830e+01 7.405506e-01 7.680496e-03 6.719567e-01 1.140439e+02
6.795715e-01 -5.124177e-02 -7.318175e-01 -1.138524e+02 2.880245e-02 9.986521e-01 -4.317931e-02 -1.195335e+01 7.330437e-01 8.265290e-03 6.801314e-01 1.147002e+02
6.861696e-01 -4.876458e-02 -7.258053e-01 -1.145020e+02 2.800146e-02 9.987817e-01 -4.063268e-02 -1.201119e+01 7.269025e-01 7.557299e-03 6.866991e-01 1.153274e+02
6.930428e-01 -4.584806e-02 -7.194370e-01 -1.151407e+02 2.682454e-02 9.989245e-01 -3.781874e-02 -1.207061e+01 7.203972e-01 6.911441e-03 6.935273e-01 1.159501e+02
7.009981e-01 -4.452656e-02 -7.117718e-01 -1.157734e+02 2.626747e-02 9.989838e-01 -3.662391e-02 -1.212619e+01 7.126792e-01 6.976843e-03 7.014554e-01 1.165841e+02
7.080115e-01 -4.374038e-02 -7.048450e-01 -1.163847e+02 2.592921e-02 9.990172e-01 -3.595005e-02 -1.218529e+01 7.057247e-01 7.176973e-03 7.084498e-01 1.172115e+02
7.156624e-01 -4.128831e-02 -6.972250e-01 -1.169854e+02 2.374845e-02 9.991125e-01 -3.478905e-02 -1.223265e+01 6.980425e-01 8.339201e-03 7.160077e-01 1.178317e+02
7.244620e-01 -3.850580e-02 -6.882384e-01 -1.175752e+02 2.310473e-02 9.992340e-01 -3.158470e-02 -1.228398e+01 6.889274e-01 6.980351e-03 7.247967e-01 1.184584e+02
7.333916e-01 -3.512103e-02 -6.788985e-01 -1.181388e+02 2.159859e-02 9.993642e-01 -2.836725e-02 -1.233055e+01 6.794632e-01 6.141054e-03 7.336839e-01 1.190680e+02
7.440650e-01 -3.317108e-02 -6.672833e-01 -1.187032e+02 2.025896e-02 9.994276e-01 -2.709211e-02 -1.237739e+01 6.678000e-01 6.639828e-03 7.443111e-01 1.197027e+02
7.536290e-01 -3.301130e-02 -6.564705e-01 -1.192470e+02 1.936569e-02 9.994196e-01 -2.802501e-02 -1.241972e+01 6.570147e-01 8.407457e-03 7.538309e-01 1.203281e+02
7.636764e-01 -3.382208e-02 -6.447127e-01 -1.197751e+02 1.940587e-02 9.993781e-01 -2.944140e-02 -1.246236e+01 6.453075e-01 9.972488e-03 7.638578e-01 1.209595e+02
7.742840e-01 -3.318809e-02 -6.319674e-01 -1.202980e+02 1.912378e-02 9.993949e-01 -2.905335e-02 -1.250388e+01 6.325492e-01 1.040994e-02 7.744502e-01 1.216177e+02
7.843881e-01 -3.173967e-02 -6.194578e-01 -1.207958e+02 1.879189e-02 9.994475e-01 -2.741430e-02 -1.254252e+01 6.199856e-01 9.862667e-03 7.845512e-01 1.222625e+02
7.951008e-01 -2.980421e-02 -6.057445e-01 -1.212867e+02 1.873635e-02 9.995221e-01 -2.458575e-02 -1.258232e+01 6.061878e-01 8.198708e-03 7.952793e-01 1.229333e+02
8.048085e-01 -2.841385e-02 -5.928540e-01 -1.217507e+02 1.900101e-02 9.995749e-01 -2.211269e-02 -1.261942e+01 5.932303e-01 6.531658e-03 8.050063e-01 1.235976e+02
8.139779e-01 -2.703191e-02 -5.802666e-01 -1.222142e+02 1.948489e-02 9.996251e-01 -1.923513e-02 -1.265401e+01 5.805690e-01 4.350545e-03 8.141994e-01 1.242842e+02
8.226646e-01 -2.637306e-02 -5.679149e-01 -1.226689e+02 2.024091e-02 9.996489e-01 -1.710171e-02 -1.268570e+01 5.681666e-01 2.573854e-03 8.229096e-01 1.249647e+02
8.299540e-01 -2.668449e-02 -5.571932e-01 -1.231091e+02 2.179637e-02 9.996437e-01 -1.540757e-02 -1.271715e+01 5.574059e-01 6.427811e-04 8.302399e-01 1.256419e+02
8.367115e-01 -2.642209e-02 -5.470062e-01 -1.235558e+02 2.192563e-02 9.996508e-01 -1.474835e-02 -1.274910e+01 5.472049e-01 3.466587e-04 8.369986e-01 1.263287e+02
8.436538e-01 -2.527234e-02 -5.362925e-01 -1.239920e+02 2.086089e-02 9.996802e-01 -1.429237e-02 -1.277615e+01 5.364822e-01 8.702739e-04 8.439112e-01 1.270172e+02
8.498044e-01 -2.373973e-02 -5.265634e-01 -1.244162e+02 1.968214e-02 9.997177e-01 -1.330714e-02 -1.280403e+01 5.267306e-01 9.445726e-04 8.500317e-01 1.276940e+02
8.561712e-01 -2.265194e-02 -5.161955e-01 -1.248365e+02 1.890533e-02 9.997430e-01 -1.251447e-02 -1.282905e+01 5.163463e-01 9.556829e-04 8.563793e-01 1.283800e+02
8.617828e-01 -2.299959e-02 -5.067559e-01 -1.252410e+02 1.944769e-02 9.997352e-01 -1.230143e-02 -1.285701e+01 5.069046e-01 7.459325e-04 8.620018e-01 1.290945e+02
8.669906e-01 -2.389062e-02 -4.977515e-01 -1.256311e+02 2.016651e-02 9.997140e-01 -1.285705e-02 -1.288310e+01 4.979162e-01 1.109033e-03 8.672244e-01 1.298148e+02
8.716354e-01 -2.429389e-02 -4.895523e-01 -1.260317e+02 2.043804e-02 9.997037e-01 -1.322060e-02 -1.290939e+01 4.897284e-01 1.518050e-03 8.718737e-01 1.305415e+02
8.746306e-01 -2.345969e-02 -4.842220e-01 -1.264448e+02 1.999584e-02 9.997242e-01 -1.231716e-02 -1.293365e+01 4.843774e-01 1.090542e-03 8.748585e-01 1.312520e+02
8.774950e-01 -2.141859e-02 -4.791073e-01 -1.268445e+02 1.962175e-02 9.997691e-01 -8.757223e-03 -1.295728e+01 4.791842e-01 -1.716505e-03 8.777127e-01 1.319818e+02
8.802112e-01 -1.807501e-02 -4.742378e-01 -1.272304e+02 1.800215e-02 9.998269e-01 -4.694241e-03 -1.297682e+01 4.742406e-01 -4.405377e-03 8.803843e-01 1.327203e+02
8.829114e-01 -1.494344e-02 -4.693017e-01 -1.276518e+02 1.599249e-02 9.998706e-01 -1.750584e-03 -1.299441e+01 4.692671e-01 -5.959693e-03 8.830362e-01 1.334616e+02
8.858998e-01 -1.240145e-02 -4.637108e-01 -1.280481e+02 1.431553e-02 9.998973e-01 6.080336e-04 -1.300864e+01 4.636557e-01 -7.176925e-03 8.859864e-01 1.342138e+02
8.884511e-01 -1.033472e-02 -4.588550e-01 -1.284550e+02 1.312146e-02 9.999097e-01 2.885426e-03 -1.301849e+01 4.587838e-01 -8.584409e-03 8.885065e-01 1.349808e+02
8.917374e-01 -9.032194e-03 -4.524630e-01 -1.288486e+02 1.304345e-02 9.998984e-01 5.746449e-03 -1.302942e+01 4.523652e-01 -1.102600e-02 8.917647e-01 1.357874e+02
8.955160e-01 -8.740773e-03 -4.449434e-01 -1.292237e+02 1.372353e-02 9.998740e-01 7.978465e-03 -1.303742e+01 4.448176e-01 -1.325104e-02 8.955231e-01 1.366246e+02
8.992892e-01 -8.902001e-03 -4.372639e-01 -1.296221e+02 1.427039e-02 9.998577e-01 8.993360e-03 -1.304527e+01 4.371216e-01 -1.432756e-02 8.992883e-01 1.374895e+02
9.028991e-01 -9.722318e-03 -4.297425e-01 -1.300264e+02 1.491547e-02 9.998508e-01 8.717541e-03 -1.304649e+01 4.295936e-01 -1.428087e-02 9.029094e-01 1.383498e+02
9.067722e-01 -1.172252e-02 -4.214578e-01 -1.304259e+02 1.705054e-02 9.998152e-01 8.875378e-03 -1.305679e+01 4.212759e-01 -1.523403e-02 9.068046e-01 1.392136e+02
9.107891e-01 -1.326733e-02 -4.126587e-01 -1.308293e+02 1.802506e-02 9.998084e-01 7.638855e-03 -1.306109e+01 4.124783e-01 -1.439558e-02 9.108537e-01 1.400956e+02
9.156375e-01 -1.417595e-02 -4.017550e-01 -1.312255e+02 1.816580e-02 9.998162e-01 6.122977e-03 -1.307115e+01 4.015944e-01 -1.290463e-02 9.157267e-01 1.409785e+02
9.205805e-01 -1.263970e-02 -3.903483e-01 -1.316231e+02 1.604700e-02 9.998563e-01 5.468645e-03 -1.307779e+01 3.902231e-01 -1.129825e-02 9.206510e-01 1.418530e+02
9.263462e-01 -9.525307e-03 -3.765527e-01 -1.320260e+02 1.309044e-02 9.998904e-01 6.910087e-03 -1.308638e+01 3.764456e-01 -1.133037e-02 9.263694e-01 1.427426e+02
9.331569e-01 -6.000308e-03 -3.594193e-01 -1.324221e+02 1.019999e-02 9.999001e-01 9.789366e-03 -1.309143e+01 3.593246e-01 -1.280109e-02 9.331248e-01 1.436731e+02
9.399253e-01 -3.192199e-03 -3.413653e-01 -1.328113e+02 7.647861e-03 9.999022e-01 1.170749e-02 -1.309851e+01 3.412946e-01 -1.361488e-02 9.398578e-01 1.446198e+02
9.469011e-01 -1.306856e-03 -3.215225e-01 -1.331684e+02 5.804732e-03 9.998982e-01 1.303108e-02 -1.310480e+01 3.214727e-01 -1.420549e-02 9.468123e-01 1.455815e+02
9.531199e-01 -4.706059e-05 -3.025928e-01 -1.335108e+02 4.682377e-03 9.998825e-01 1.459325e-02 -1.310503e+01 3.025566e-01 -1.532597e-02 9.530082e-01 1.465512e+02
9.594596e-01 1.172432e-03 -2.818436e-01 -1.338178e+02 3.969102e-03 9.998360e-01 1.767091e-02 -1.310748e+01 2.818181e-01 -1.807319e-02 9.592976e-01 1.475854e+02
9.653432e-01 3.209061e-03 -2.609640e-01 -1.341267e+02 2.392054e-03 9.997736e-01 2.114272e-02 -1.310191e+01 2.609727e-01 -2.103422e-02 9.651170e-01 1.486080e+02
9.707661e-01 5.593236e-03 -2.399624e-01 -1.344167e+02 6.093103e-04 9.996678e-01 2.576602e-02 -1.309724e+01 2.400268e-01 -2.515898e-02 9.704402e-01 1.496731e+02
9.758701e-01 7.461107e-03 -2.182246e-01 -1.346893e+02 -1.160808e-03 9.995792e-01 2.898468e-02 -1.308501e+01 2.183490e-01 -2.803196e-02 9.754680e-01 1.507375e+02
9.802537e-01 8.930799e-03 -1.975424e-01 -1.349472e+02 -3.187793e-03 9.995635e-01 2.937119e-02 -1.307407e+01 1.977185e-01 -2.816149e-02 9.798542e-01 1.517936e+02
9.842779e-01 8.852185e-03 -1.764049e-01 -1.351634e+02 -3.987792e-03 9.996025e-01 2.791062e-02 -1.306170e+01 1.765818e-01 -2.676834e-02 9.839219e-01 1.528770e+02
9.877798e-01 9.162091e-03 -1.555863e-01 -1.353577e+02 -4.978834e-03 9.996161e-01 2.725550e-02 -1.304613e+01 1.557763e-01 -2.614780e-02 9.874462e-01 1.539814e+02
9.907121e-01 8.319754e-03 -1.357215e-01 -1.355217e+02 -4.375785e-03 9.995602e-01 2.933176e-02 -1.303343e+01 1.359059e-01 -2.846544e-02 9.903127e-01 1.551298e+02
9.931787e-01 8.888117e-03 -1.162629e-01 -1.356780e+02 -5.282616e-03 9.994966e-01 3.128307e-02 -1.301763e+01 1.164824e-01 -3.045551e-02 9.927257e-01 1.562941e+02
9.953297e-01 9.569956e-03 -9.605793e-02 -1.358098e+02 -6.475335e-03 9.994515e-01 3.247638e-02 -1.300083e+01 9.631604e-02 -3.170270e-02 9.948458e-01 1.574748e+02
9.969781e-01 1.086268e-02 -7.691975e-02 -1.359337e+02 -8.309196e-03 9.994062e-01 3.343935e-02 -1.298054e+01 7.723732e-02 -3.269916e-02 9.964764e-01 1.586453e+02
9.983272e-01 1.114872e-02 -5.673157e-02 -1.360231e+02 -9.216088e-03 9.993720e-01 3.421462e-02 -1.295994e+01 5.707739e-02 -3.363455e-02 9.978030e-01 1.598399e+02
9.992016e-01 1.297196e-02 -3.778630e-02 -1.360950e+02 -1.167719e-02 9.993438e-01 3.428715e-02 -1.293774e+01 3.820628e-02 -3.381854e-02 9.986974e-01 1.610224e+02
9.997286e-01 1.366667e-02 -1.886631e-02 -1.361403e+02 -1.303156e-02 9.993576e-01 3.338555e-02 -1.291535e+01 1.931046e-02 -3.313063e-02 9.992645e-01 1.622252e+02
9.999068e-01 1.364527e-02 3.696918e-04 -1.361618e+02 -1.365013e-02 9.994026e-01 3.174998e-02 -1.289641e+01 6.376615e-05 -3.175206e-02 9.994958e-01 1.634540e+02
9.997296e-01 1.517868e-02 1.761767e-02 -1.361584e+02 -1.569535e-02 9.994395e-01 2.956860e-02 -1.287645e+01 -1.715898e-02 -2.983712e-02 9.994075e-01 1.646954e+02
9.992528e-01 1.567918e-02 3.532754e-02 -1.361243e+02 -1.667950e-02 9.994631e-01 2.820087e-02 -1.285862e+01 -3.486640e-02 -2.876904e-02 9.989778e-01 1.659384e+02
9.984013e-01 1.562907e-02 5.431938e-02 -1.360633e+02 -1.705400e-02 9.995199e-01 2.586875e-02 -1.284690e+01 -5.388900e-02 -2.675376e-02 9.981885e-01 1.672082e+02
9.973076e-01 1.661717e-02 7.142487e-02 -1.359827e+02 -1.814096e-02 9.996203e-01 2.073865e-02 -1.283510e+01 -7.105313e-02 -2.197852e-02 9.972304e-01 1.684889e+02
9.958528e-01 1.840436e-02 8.909863e-02 -1.358851e+02 -1.979025e-02 9.996961e-01 1.469613e-02 -1.283599e+01 -8.880108e-02 -1.639847e-02 9.959144e-01 1.697807e+02
9.942693e-01 2.049183e-02 1.049222e-01 -1.357676e+02 -2.160778e-02 9.997213e-01 9.510212e-03 -1.283375e+01 -1.046981e-01 -1.172285e-02 9.944350e-01 1.710671e+02
