1 0 0 0 0 1 0 0 0 0 1 0
0.99818 0.00910772 -0.05961 0.645277 -0.00910805 0.999959 0.000266154 -0.0380691 0.05961 0.000277262 0.998222 0.329449
0.992294 0.0141595 -0.123091 1.33413 -0.0156713 0.999813 -0.0113219 0.0462399 0.122908 0.0131636 0.992331 0.645817
0.983713 0.0138767 -0.17921 1.94844 -0.0184801 0.99954 -0.0240437 0.163428 0.178794 0.0269639 0.983517 1.06019
0.972621 0.00950818 -0.232204 2.53086 -0.0183729 0.999181 -0.0360434 0.279537 0.231672 0.0393228 0.971999 1.5259
0.957044 -0.00224579 -0.289935 3.0338 -0.0123566 0.998746 -0.048524 0.402523 0.28968 0.0500222 0.955815 2.05571
0.93787 -0.0174073 -0.346551 3.43692 -0.00410532 0.998114 -0.0612456 0.507172 0.346963 0.0588631 0.93603 2.56637
0.910325 -0.0210373 -0.41336 3.81439 -0.0133046 0.996704 -0.0800258 0.602984 0.413681 0.078349 0.907044 3.05291
0.88818 -0.0417164 -0.457598 4.0688 -0.00230426 0.995453 -0.0952219 0.722444 0.459489 0.0856286 0.884046 3.46359
0.861894 -0.0627329 -0.503193 4.30036 0.00708243 0.993711 -0.111754 0.840572 0.507039 0.0927567 0.856918 3.85448
0.832487 -0.0624968 -0.550509 4.51876 5.3164e-05 0.993627 -0.112722 0.846968 0.554045 0.09381 0.827184 4.21435
0.806413 -0.0534003 -0.588936 4.69212 -0.0132549 0.994032 -0.108281 0.775251 0.591204 0.0951255 0.800893 4.5763
0.779918 -0.0493526 -0.623933 4.87299 -0.0229308 0.993964 -0.107285 0.742594 0.625461 0.0979811 0.774079 4.86475
0.761751 -0.0371864 -0.646801 5.08742 -0.0407223 0.993629 -0.105086 0.73155 0.646588 0.106389 0.755384 5.22986
0.746963 -0.0362725 -0.663875 5.20599 -0.0433536 0.993729 -0.103074 0.674576 0.663451 0.105774 0.740706 5.63855
0.735265 -0.0385658 -0.676682 5.31969 -0.0442049 0.993526 -0.104655 0.663552 0.676337 0.106862 0.728799 5.90807
0.723298 -0.0392592 -0.689419 5.4292 -0.0440547 0.993725 -0.102808 0.649125 0.689129 0.104733 0.71703 6.08954
0.71484 -0.042617 -0.697988 5.52393 -0.0428338 0.993599 -0.104534 0.657788 0.697975 0.104623 0.708439 6.25603
0.7069 -0.0543821 -0.70522 5.67554 -0.0338844 0.993292 -0.110562 0.693942 0.706501 0.102052 0.700315 6.41199
0.701721 -0.0638383 -0.709586 5.81413 -0.0264127 0.992962 -0.115452 0.730654 0.711962 0.0997574 0.695096 6.55436
0.694956 -0.0698896 -0.715647 5.94493 -0.0219784 0.992736 -0.118293 0.750211 0.718716 0.0979371 0.688372 6.66618
0.690092 -0.0788018 -0.719418 6.04127 -0.0168778 0.992032 -0.124852 0.794932 0.723524 0.0983019 0.683263 6.72596
0.696953 -0.0833367 -0.712258 6.11531 -0.0125825 0.991651 -0.128339 0.796675 0.717006 0.098408 0.690085 6.66997
0.709353 -0.0857994 -0.699612 6.08712 -0.00972015 0.991279 -0.131425 0.816845 0.704786 0.100027 0.702333 6.65711
0.722566 -0.0828963 -0.686314 6.07034 -0.00882805 0.991597 -0.129064 0.801089 0.691245 0.0993163 0.715763 6.58577
0.731556 -0.0834381 -0.676656 6.12949 -0.00582373 0.991682 -0.12858 0.806437 0.681756 0.0980041 0.724985 6.48569
0.741398 -0.0852902 -0.665624 6.12744 -0.00371202 0.991354 -0.131162 0.814167 0.671056 0.0997143 0.734671 6.42299
0.750432 -0.0838571 -0.655606 6.10202 -0.00371677 0.991368 -0.131058 0.820131 0.660937 0.100787 0.743643 6.38019
0.759185 -0.0830635 -0.645553 6.07884 -0.00187777 0.99154 -0.12979 0.81634 0.650872 0.0997468 0.752606 6.32627
0.771876 -0.0884503 -0.62959 5.9808 0.0041211 0.990951 -0.134165 0.845291 0.63576 0.100964 0.765256 6.30672
0.785909 -0.0919323 -0.61147 5.77363 0.00789174 0.990297 -0.138744 0.846172 0.618292 0.104215 0.779009 6.37722
0.801472 -0.0925074 -0.590834 5.56356 0.0113346 0.990136 -0.139651 0.806362 0.597924 0.10523 0.794615 6.45185
0.81431 -0.0959303 -0.572447 5.33223 0.0181704 0.989977 -0.140052 0.767761 0.580145 0.103644 0.807892 6.5821
0.82568 -0.104332 -0.554407 5.09649 0.0293996 0.989372 -0.142402 0.760678 0.563372 0.101279 0.819972 6.77657
0.836676 -0.105422 -0.537456 4.8728 0.0332996 0.989277 -0.142208 0.725652 0.546684 0.101085 0.831215 6.98825
0.849071 -0.105393 -0.517659 4.57507 0.0364614 0.989252 -0.141603 0.661937 0.52702 0.101357 0.843788 7.29097
0.859601 -0.109822 -0.499025 4.27912 0.0437241 0.988857 -0.142304 0.61263 0.509092 0.100505 0.854824 7.6021
0.868641 -0.112212 -0.482568 4.01076 0.0494767 0.988792 -0.140864 0.544408 0.492966 0.0984845 0.864457 7.93515
0.876263 -0.116127 -0.46763 3.76672 0.0559705 0.988484 -0.140592 0.477898 0.478572 0.0970222 0.872672 8.28762
0.881797 -0.120449 -0.45599 3.53176 0.0631057 0.988277 -0.139017 0.411934 0.467388 0.0938096 0.879061 8.6461
0.885488 -0.124562 -0.447655 3.30613 0.0696824 0.988102 -0.137108 0.344518 0.459407 0.0902137 0.883633 9.00402
0.890869 -0.132934 -0.434373 3.09544 0.0806157 0.987311 -0.136817 0.278047 0.447049 0.0868685 0.890282 9.36059
0.895397 -0.135905 -0.424021 2.9113 0.0870618 0.987337 -0.132609 0.206831 0.436674 0.0818216 0.895891 9.70435
0.899621 -0.136818 -0.414683 2.75678 0.0925086 0.987806 -0.125222 0.124458 0.426759 0.0742907 0.901309 10.0196
0.905848 -0.134627 -0.401641 2.55183 0.0928759 0.988204 -0.121768 0.0561289 0.413296 0.0730009 0.907666 10.394
0.911517 -0.132405 -0.389365 2.3444 0.0913506 0.98829 -0.122216 -0.0275735 0.400988 0.0758335 0.912939 10.813
0.915221 -0.14023 -0.377763 2.14247 0.100535 0.98731 -0.122932 -0.103042 0.390208 0.0745312 0.917705 11.2433
0.918745 -0.145807 -0.366943 1.94923 0.107688 0.98662 -0.122411 -0.179733 0.379881 0.072949 0.922154 11.6789
0.921335 -0.147013 -0.3599 1.75887 0.109886 0.986471 -0.12165 -0.257572 0.372915 0.0725322 0.925026 12.115
0.924683 -0.16091 -0.345062 1.48719 0.126778 0.984711 -0.119459 -0.353964 0.359009 0.0667154 0.930947 12.6554
0.925441 -0.173392 -0.336888 1.22124 0.142351 0.983118 -0.114956 -0.452192 0.351133 0.0584286 0.934501 13.2026
0.925995 -0.177049 -0.333446 0.965076 0.148602 0.98285 -0.109188 -0.544315 0.347059 0.0515567 0.936425 13.761
0.925059 -0.189297 -0.329291 0.722948 0.163738 0.98101 -0.103964 -0.630109 0.342718 0.0422557 0.938488 14.4887
0.925306 -0.18859 -0.329002 0.303563 0.16329 0.981168 -0.103177 -0.767103 0.342264 0.0417478 0.938676 15.7151
0.925121 -0.188715 -0.32945 -0.122551 0.164138 0.981237 -0.101157 -0.9088 0.342359 0.0395074 0.938738 16.9679
0.925319 -0.187321 -0.329688 -0.559999 0.163331 0.981562 -0.0992878 -1.05341 0.342208 0.0380247 0.938855 18.2887
0.925063 -0.189675 -0.329061 -1.00441 0.165774 0.98113 -0.0995102 -1.19624 0.341727 0.0375035 0.939051 19.6322
0.925502 -0.188777 -0.328344 -1.49658 0.164973 0.981299 -0.0991754 -1.34077 0.340925 0.0376191 0.939338 20.9068
0.925483 -0.190105 -0.327628 -1.99068 0.166057 0.981017 -0.100152 -1.49023 0.340448 0.0382841 0.939484 22.2194
0.925804 -0.189447 -0.327104 -2.50646 0.165396 0.981132 -0.100116 -1.65123 0.339899 0.038586 0.93967 23.5715
0.925892 -0.189457 -0.326847 -3.02195 0.165084 0.98109 -0.10104 -1.81751 0.339809 0.0395954 0.939661 24.9874
0.925471 -0.189642 -0.327931 -3.53918 0.165267 0.981069 -0.100941 -1.98358 0.340866 0.0392221 0.939294 26.4027
0.925235 -0.187821 -0.329641 -4.05927 0.16374 0.98146 -0.0996273 -2.15651 0.342241 0.0382033 0.938835 27.8501
0.925275 -0.187267 -0.329844 -4.63255 0.163403 0.981588 -0.0989146 -2.33572 0.342294 0.0376255 0.938839 29.1846
0.925442 -0.187162 -0.329435 -5.19838 0.163164 0.981587 -0.0993139 -2.50429 0.341957 0.0381572 0.938941 30.6732
0.924968 -0.187795 -0.330405 -5.74019 0.163654 0.981467 -0.0996963 -2.67227 0.343004 0.0381437 0.938559 32.108
0.924573 -0.18587 -0.33259 -6.28466 0.161538 0.981824 -0.0996365 -2.83786 0.345064 0.0383954 0.937794 33.5978
0.923711 -0.186439 -0.334662 -6.83082 0.1626 0.981797 -0.0981583 -3.00401 0.346871 0.0362535 0.937212 35.1261
0.922939 -0.186314 -0.336854 -7.37626 0.163052 0.981902 -0.0963462 -3.1669 0.348708 0.0339969 0.936615 36.7016
0.921919 -0.188033 -0.338687 -7.93283 0.164277 0.981556 -0.0977751 -3.33527 0.350826 0.034502 0.935805 38.2604
0.920977 -0.189138 -0.340629 -8.50897 0.164927 0.981327 -0.0989706 -3.51489 0.352988 0.0349705 0.934974 39.7276
0.920442 -0.187808 -0.342803 -9.07434 0.163529 0.981589 -0.0986918 -3.69053 0.355027 0.0347818 0.934209 41.3853
0.919907 -0.188237 -0.344002 -9.70519 0.164184 0.981544 -0.0980494 -3.89621 0.35611 0.0337165 0.933836 42.8385
0.919608 -0.186488 -0.34575 -10.3398 0.163064 0.981941 -0.0959227 -4.09859 0.357395 0.031832 0.933411 44.2902
0.919136 -0.187548 -0.34643 -10.9863 0.164345 0.981772 -0.0954723 -4.29799 0.358021 0.0308181 0.933205 45.8071
0.918286 -0.189525 -0.347607 -11.6367 0.166415 0.981422 -0.0954744 -4.49854 0.359245 0.0298255 0.932767 47.3327
0.91776 -0.191324 -0.34801 -12.2877 0.168031 0.981073 -0.0962349 -4.70049 0.359835 0.0298439 0.932538 48.858
0.918007 -0.190694 -0.347704 -12.9224 0.1672 0.981172 -0.0966706 -4.88934 0.359592 0.030608 0.932608 50.5485
0.918521 -0.189165 -0.347182 -13.5564 0.165433 0.981433 -0.0970648 -5.07884 0.359097 0.0317208 0.932761 52.2391
0.918914 -0.187071 -0.347277 -14.1903 0.163256 0.981813 -0.0968986 -5.26772 0.359088 0.0323464 0.932743 53.9203
0.919049 -0.185332 -0.347851 -14.8159 0.161774 0.98216 -0.0958685 -5.45495 0.359413 0.0318345 0.932635 55.661
0.919017 -0.18474 -0.348251 -15.4543 0.161311 0.982282 -0.0953909 -5.64027 0.359703 0.0314892 0.932535 57.3459
0.918976 -0.181736 -0.349935 -16.0973 0.158317 0.982839 -0.09467 -5.82427 0.361135 0.0315987 0.931978 59.025
0.919181 -0.181147 -0.349703 -16.7392 0.157374 0.98291 -0.0955001 -6.0028 0.361027 0.0327475 0.93198 60.8241
0.919953 -0.18413 -0.346097 -17.4785 0.159634 0.982273 -0.0982676 -6.18961 0.358056 0.0351526 0.933038 62.4719
0.921576 -0.184266 -0.341677 -18.1818 0.159961 0.98222 -0.0982604 -6.38837 0.353708 0.0358993 0.934667 64.2657
0.923772 -0.182263 -0.336787 -18.8739 0.158498 0.982581 -0.0970119 -6.58709 0.348603 0.0362366 0.93657 66.1229
0.926039 -0.179554 -0.331983 -19.5555 0.156162 0.983047 -0.0960829 -6.78287 0.343607 0.0371333 0.938379 67.9298
0.9278 -0.178554 -0.327573 -20.2214 0.155134 0.983167 -0.0965148 -6.98394 0.339293 0.0387286 0.939883 69.771
0.929092 -0.179759 -0.323225 -20.8728 0.156163 0.982883 -0.0977409 -7.17922 0.335262 0.0403344 0.941261 71.6008
0.930666 -0.179599 -0.318755 -21.5165 0.155679 0.982811 -0.0992225 -7.38119 0.331097 0.0427196 0.942629 73.4103
0.932457 -0.178632 -0.314029 -22.1607 0.15475 0.982918 -0.0996203 -7.58634 0.326461 0.0442955 0.944172 75.3293
0.934354 -0.177433 -0.30903 -22.8534 0.153734 0.983076 -0.0996303 -7.79623 0.321478 0.0455815 0.945819 77.0836
0.936769 -0.175392 -0.302822 -23.5152 0.152225 0.983407 -0.0986797 -8.00456 0.315105 0.0463429 0.947925 79.0072
0.939083 -0.174413 -0.296148 -24.1668 0.151826 0.983555 -0.0978133 -8.21435 0.308338 0.0468917 0.950121 80.922
0.941153 -0.174313 -0.289563 -24.8023 0.152299 0.983555 -0.0970773 -8.42334 0.301723 0.0472644 0.952223 82.8163
0.942523 -0.175362 -0.284425 -25.396 0.153237 0.983273 -0.0984437 -8.63122 0.296931 0.0492009 0.953631 84.7314
0.943442 -0.175961 -0.28099 -25.9502 0.153722 0.983092 -0.0994972 -8.84237 0.293747 0.0506753 0.954539 86.6632
0.944744 -0.176451 -0.276268 -26.5213 0.154771 0.983019 -0.0985855 -9.06038 0.288972 0.0503796 0.956011 88.6139
0.946424 -0.175254 -0.271234 -27.079 0.154097 0.983223 -0.0976013 -9.27965 0.283788 0.0505759 0.957552 90.5464
0.947128 -0.17699 -0.267624 -27.5847 0.155682 0.982831 -0.0990241 -9.47127 0.280555 0.0521243 0.958422 92.4613
0.948189 -0.177948 -0.263197 -28.1369 0.156912 0.98263 -0.0990701 -9.67836 0.276255 0.0526382 0.959642 94.4605
0.948913 -0.179144 -0.259753 -28.6715 0.158802 0.982487 -0.0974696 -9.88777 0.272665 0.0512408 0.960744 96.5459
0.950979 -0.172332 -0.25679 -29.2206 0.151207 0.983429 -0.100012 -10.0841 0.26977 0.0562805 0.961279 98.576
0.951384 -0.17441 -0.25387 -29.7635 0.153141 0.982986 -0.101418 -10.2835 0.267239 0.0576096 0.961907 100.608
0.951771 -0.175561 -0.251616 -30.3016 0.153878 0.982647 -0.103563 -10.4875 0.265431 0.0598496 0.962271 102.64
0.952544 -0.174167 -0.249651 -30.8271 0.152387 0.98281 -0.104217 -10.6979 0.263511 0.0612272 0.962711 104.735
0.953579 -0.172477 -0.246858 -31.3464 0.150334 0.982931 -0.106041 -10.9122 0.260935 0.0640066 0.963232 106.831
0.95488 -0.170378 -0.243259 -31.871 0.147894 0.983087 -0.108013 -11.1379 0.257548 0.067163 0.963929 108.834
0.95586 -0.169096 -0.240288 -32.3882 0.146673 0.983221 -0.108451 -11.3693 0.254595 0.0684201 0.964624 110.86
0.956837 -0.169296 -0.236225 -32.9097 0.146942 0.983081 -0.109355 -11.6116 0.250742 0.0699233 0.965525 112.927
0.957765 -0.168734 -0.23284 -33.4294 0.146734 0.983163 -0.108903 -11.865 0.247296 0.0701374 0.966398 115.036
0.960734 -0.161073 -0.225935 -33.9209 0.139209 0.98417 -0.109677 -12.1185 0.240025 0.073918 0.967949 117.024
0.961158 -0.160972 -0.224196 -34.3893 0.139367 0.984204 -0.109171 -12.3685 0.238228 0.0736846 0.96841 119.134
0.961693 -0.160731 -0.222064 -34.865 0.139371 0.984242 -0.108823 -12.6192 0.236056 0.073705 0.96894 121.268
0.962225 -0.16172 -0.219019 -35.3544 0.140524 0.984034 -0.109224 -12.8709 0.233186 0.0743206 0.969588 123.404
0.962498 -0.162974 -0.216879 -35.8235 0.141487 0.983666 -0.111268 -13.1146 0.231471 0.0764096 0.969837 125.573
0.962823 -0.164382 -0.21436 -36.3102 0.142797 0.983318 -0.11267 -13.3898 0.229305 0.0778714 0.970235 127.793
0.963507 -0.164118 -0.211473 -36.8093 0.142704 0.983301 -0.11293 -13.6597 0.226475 0.0786306 0.970838 129.985
0.96385 -0.162324 -0.211293 -37.2229 0.140777 0.983524 -0.113407 -13.9269 0.22622 0.0795618 0.970822 132.134
0.964502 -0.16114 -0.209215 -37.7063 0.140081 0.983792 -0.111938 -14.2184 0.223862 0.0786575 0.971442 134.331
0.96524 -0.160771 -0.206072 -38.1897 0.140271 0.983917 -0.110593 -14.5138 0.220538 0.077843 0.972267 136.545
0.965805 -0.162004 -0.202425 -38.6547 0.141981 0.983749 -0.109896 -14.7892 0.21694 0.0773968 0.973112 138.729
0.96587 -0.16379 -0.200668 -39.1028 0.144147 0.983538 -0.108969 -15.052 0.215212 0.076324 0.97358 140.933
0.965974 -0.164057 -0.199948 -39.543 0.144591 0.98353 -0.10845 -15.3139 0.214447 0.075849 0.973786 143.118
0.966157 -0.1638 -0.199274 -39.9839 0.144602 0.983638 -0.10745 -15.579 0.213614 0.0749983 0.974035 145.355
0.966527 -0.16246 -0.198578 -40.4233 0.143213 0.983801 -0.107812 -15.845 0.212876 0.0757637 0.974137 147.592
0.966869 -0.1621 -0.197202 -40.8661 0.142516 0.983678 -0.109839 -16.1103 0.211788 0.0780952 0.974191 149.874
0.967193 -0.16222 -0.195504 -41.3054 0.142329 0.983472 -0.111912 -16.3803 0.210428 0.0804142 0.974297 152.156
0.967371 -0.162371 -0.194499 -41.7423 0.142163 0.983281 -0.113787 -16.6546 0.209722 0.0824232 0.974281 154.438
0.967678 -0.161391 -0.193787 -42.1763 0.14093 0.983296 -0.115179 -16.9342 0.209139 0.0841456 0.974259 156.729
0.968113 -0.160849 -0.192055 -42.6074 0.140752 0.983442 -0.114146 -17.2142 0.207235 0.0834737 0.974724 159.034
0.968809 -0.159916 -0.189305 -43.0425 0.140052 0.983546 -0.114107 -17.4891 0.204438 0.084035 0.975266 161.281
0.969021 -0.160138 -0.188026 -43.4749 0.140442 0.98352 -0.113854 -17.7637 0.20316 0.0839198 0.975543 163.529
0.969155 -0.160632 -0.186911 -43.8982 0.141021 0.983426 -0.113954 -18.0441 0.202118 0.0840807 0.975745 165.798
0.9695 -0.159616 -0.185993 -44.3195 0.139943 0.983508 -0.114567 -18.326 0.201212 0.0850445 0.975849 168.066
0.969942 -0.157722 -0.185302 -44.7447 0.138092 0.983775 -0.114526 -18.6191 0.200359 0.0854953 0.975985 170.372
0.970172 -0.157383 -0.184381 -45.1608 0.137772 0.983787 -0.114811 -18.9104 0.199461 0.0859839 0.976126 172.701
0.970123 -0.158484 -0.183695 -45.5751 0.138869 0.983586 -0.115202 -19.2027 0.198938 0.0862507 0.976209 175.03
0.970281 -0.158595 -0.182766 -46.0097 0.139301 0.983661 -0.114041 -19.4952 0.197866 0.0851917 0.97652 177.375
0.970373 -0.160196 -0.180871 -46.4395 0.141279 0.983486 -0.113107 -19.7855 0.196004 0.0842023 0.976982 179.72
0.970575 -0.160833 -0.179212 -46.8676 0.142024 0.983353 -0.113332 -20.0769 0.194456 0.0845442 0.977261 182.077
0.970889 -0.160941 -0.177404 -47.2981 0.142115 0.983236 -0.114229 -20.3663 0.192814 0.0856916 0.977487 184.511
0.971301 -0.160494 -0.175549 -47.7195 0.141775 0.983254 -0.114499 -20.6667 0.190985 0.0863244 0.97779 186.826
0.971401 -0.160644 -0.174852 -48.1074 0.141789 0.983132 -0.115528 -20.9638 0.190462 0.0874315 0.977794 189.144
0.971853 -0.160427 -0.172528 -48.5337 0.141596 0.983046 -0.116487 -21.2644 0.188291 0.0887792 0.978093 191.51
0.972567 -0.158179 -0.170565 -48.9555 0.139321 0.983257 -0.117446 -21.5676 0.186287 0.0904609 0.978322 193.875
0.973009 -0.157687 -0.168489 -49.3721 0.13895 0.983267 -0.117804 -21.8715 0.184246 0.0912124 0.978639 196.241
0.973032 -0.158858 -0.16725 -49.7857 0.140484 0.983198 -0.116554 -22.1724 0.182956 0.0899144 0.979001 198.608
0.973307 -0.160068 -0.164476 -50.1945 0.142141 0.983073 -0.115591 -22.4776 0.180194 0.0891266 0.979585 200.969
0.973335 -0.160599 -0.163788 -50.5453 0.142822 0.983027 -0.115147 -22.7749 0.179501 0.0886838 0.979753 203.266
0.974091 -0.159071 -0.160756 -50.9488 0.141348 0.983103 -0.116312 -23.0723 0.176542 0.0905754 0.980117 205.681
0.975026 -0.156528 -0.157557 -51.3501 0.139182 0.983478 -0.115744 -23.3729 0.173071 0.0909246 0.980704 208.076
0.975603 -0.156391 -0.154082 -51.7348 0.139452 0.983497 -0.115264 -23.6755 0.169566 0.0909643 0.981312 210.508
0.97628 -0.155935 -0.150204 -52.1098 0.139272 0.983463 -0.115765 -23.9794 0.165772 0.0920996 0.981854 212.942
0.977303 -0.154666 -0.144765 -52.4863 0.138633 0.983642 -0.115012 -24.2787 0.160185 0.0923322 0.982759 215.308
0.978354 -0.153108 -0.139216 -52.8608 0.1378 0.983913 -0.113691 -24.5835 0.154384 0.092046 0.983714 217.608
0.978738 -0.152781 -0.136861 -53.1446 0.137767 0.983972 -0.113211 -24.8801 0.151964 0.0919489 0.9841 219.904
0.978955 -0.15201 -0.136163 -53.4396 0.137105 0.9841 -0.112907 -25.1778 0.151161 0.0918622 0.984232 222.237
0.979413 -0.15147 -0.133442 -53.7529 0.136743 0.984093 -0.113404 -25.4642 0.148496 0.0928221 0.984547 224.638
0.980233 -0.151206 -0.127592 -54.0777 0.137083 0.984084 -0.113068 -25.7579 0.142658 0.0933425 0.985361 227.035
0.980903 -0.149566 -0.12434 -54.3949 0.13571 0.984245 -0.113329 -26.0524 0.139331 0.0942907 0.985747 229.432
0.981339 -0.150372 -0.119842 -54.7064 0.137003 0.984109 -0.11295 -26.3509 0.134922 0.0944231 0.986347 231.842
0.981795 -0.15111 -0.115086 -55.012 0.138214 0.983952 -0.112843 -26.6461 0.130291 0.0948818 0.986926 234.26
0.98214 -0.151653 -0.111369 -55.2906 0.139108 0.983818 -0.112917 -26.9371 0.126691 0.0954081 0.987344 236.706
0.98222 -0.15333 -0.108327 -55.5499 0.140988 0.983464 -0.113666 -27.2279 0.123964 0.0963725 0.987596 239.164
0.982447 -0.153969 -0.105317 -55.8143 0.141927 0.983332 -0.113634 -27.5194 0.121058 0.0966916 0.987925 241.576
0.98244 -0.155986 -0.10237 -56.128 0.143892 0.982714 -0.116479 -27.7932 0.118769 0.099703 0.987904 243.865
0.982782 -0.155601 -0.0996434 -56.3402 0.143551 0.982527 -0.118454 -28.0716 0.116334 0.102111 0.987948 246.371
0.983215 -0.154809 -0.0965531 -56.5679 0.143144 0.982655 -0.117886 -28.3552 0.113128 0.102086 0.988322 248.819
0.983467 -0.154617 -0.0942715 -56.7843 0.143172 0.982634 -0.118033 -28.6635 0.110884 0.102584 0.988525 251.186
0.983973 -0.152914 -0.0917326 -57.0069 0.141821 0.982924 -0.11724 -28.9707 0.108094 0.102351 0.988858 253.617
0.984147 -0.153305 -0.0891776 -57.2263 0.142441 0.982796 -0.117566 -29.2751 0.105667 0.103 0.989053 256.049
0.98457 -0.151622 -0.0873664 -57.4457 0.140994 0.983055 -0.117145 -29.5762 0.103648 0.103019 0.989265 258.473
0.985071 -0.148993 -0.086235 -57.6623 0.138515 0.98344 -0.116866 -29.8765 0.102219 0.103176 0.989397 260.899
0.985068 -0.149385 -0.0855857 -57.839 0.139058 0.983459 -0.116056 -30.1805 0.101507 0.102422 0.989549 263.438
0.984943 -0.150476 -0.085116 -58.0372 0.140223 0.983326 -0.115784 -30.4874 0.10112 0.102105 0.989621 265.956
0.984895 -0.150751 -0.0851868 -58.2346 0.140581 0.983379 -0.114899 -30.793 0.101092 0.101187 0.989718 268.451
0.98486 -0.150422 -0.0861587 -58.3979 0.140223 0.983508 -0.11423 -31.0927 0.101921 0.100419 0.989711 271.038
0.984931 -0.150149 -0.0858229 -58.5606 0.140017 0.983575 -0.113902 -31.3915 0.101516 0.100169 0.989778 273.624
0.984952 -0.150711 -0.0845867 -58.7718 0.140772 0.983545 -0.113231 -31.6922 0.10026 0.0996199 0.989962 276.202
0.985134 -0.149929 -0.0838568 -58.9813 0.140128 0.983711 -0.112588 -31.9913 0.099371 0.0991633 0.990097 278.781
0.985468 -0.148127 -0.0831353 -59.2013 0.138317 0.983869 -0.11344 -32.2951 0.0985979 0.100292 0.990061 281.342
0.985804 -0.146584 -0.0818698 -59.4178 0.136708 0.983862 -0.115436 -32.6041 0.0974697 0.102605 0.989936 283.903
0.986495 -0.142953 -0.079952 -59.6296 0.133334 0.984385 -0.114924 -32.9114 0.0951324 0.102712 0.990152 286.464
0.986927 -0.141842 -0.0765237 -59.8338 0.132658 0.984573 -0.114088 -33.2169 0.0915257 0.102445 0.990519 289.024
0.987781 -0.139141 -0.070211 -60.0604 0.13076 0.985017 -0.112433 -33.5183 0.0848032 0.101879 0.991176 291.708
0.988483 -0.132763 -0.0726265 -60.3023 0.12407 0.985776 -0.113359 -33.8208 0.0866433 0.103042 0.990896 294.349
0.989084 -0.131159 -0.06716 -60.5295 0.123091 0.98597 -0.112737 -34.1217 0.0810043 0.10324 0.991353 296.991
0.98926 -0.132402 -0.0619237 -60.7272 0.124894 0.985771 -0.112493 -34.4254 0.075937 0.103551 0.991721 299.662
0.98971 -0.131408 -0.0566291 -61.0861 0.124479 0.985861 -0.112166 -34.7053 0.070568 0.103963 0.992075 302.035
0.991261 -0.128542 -0.0296537 -61.377 0.124623 0.986194 -0.109034 -34.9783 0.0432598 0.104386 0.993596 304.422
0.991055 -0.131356 -0.0235616 -61.6124 0.128064 0.98576 -0.108976 -35.2641 0.0375408 0.104983 0.993765 306.9
0.991102 -0.131931 -0.0176301 -61.7374 0.1293 0.985737 -0.107719 -35.6016 0.0315901 0.104481 0.994025 309.575
0.991457 -0.129867 -0.0121336 -61.8311 0.127878 0.986144 -0.105666 -35.932 0.0256881 0.103212 0.994328 312.269
0.991763 -0.127934 -0.006337 -61.9417 0.126603 0.986562 -0.103269 -36.2644 0.0194635 0.101616 0.994633 314.82
0.991784 -0.127924 -0.000395588 -61.9814 0.127234 0.986744 -0.100725 -36.5821 0.0132755 0.0998469 0.994914 317.524
0.991567 -0.129509 0.00467814 -61.9935 0.129333 0.98664 -0.0990562 -36.8966 0.00821304 0.0988258 0.995071 320.199
0.991883 -0.126912 0.00788928 -62.0058 0.127075 0.987114 -0.0972421 -37.2031 0.00455355 0.0974553 0.99523 322.86
0.991926 -0.126318 0.0112176 -62.0088 0.126812 0.987392 -0.0947358 -37.503 0.000890724 0.0953934 0.995439 325.521
0.992018 -0.12541 0.013126 -62.034 0.126087 0.987725 -0.0921883 -37.7961 -0.00140362 0.0931074 0.995655 328.159
0.992359 -0.1223 0.0163233 -62.0269 0.123286 0.988147 -0.091461 -38.088 -0.00494411 0.0927745 0.995675 330.863
0.992779 -0.118316 0.019775 -62.0267 0.119637 0.988617 -0.0912249 -38.3844 -0.00875656 0.0929319 0.995634 333.508
0.993082 -0.115171 0.0228802 -61.9609 0.116784 0.989035 -0.0903816 -38.6947 -0.01222 0.0924284 0.995645 336.268
0.993042 -0.114831 0.026107 -61.8635 0.116691 0.989353 -0.0869635 -39.0014 -0.0158429 0.0894048 0.99587 339.076
0.99259 -0.117521 0.0308841 -61.964 0.119753 0.989188 -0.0846486 -39.2809 -0.0206022 0.0877197 0.995932 341.606
0.992454 -0.116166 0.0392593 -61.8709 0.119104 0.989373 -0.0833884 -39.5492 -0.0291552 0.087435 0.995744 344.489
0.99229 -0.114736 0.0468562 -61.835 0.118374 0.989399 -0.0841131 -39.7928 -0.0367087 0.0890111 0.995354 347.213
0.992194 -0.112815 0.0531441 -61.9098 0.11682 0.989964 -0.0795166 -40.0751 -0.0436401 0.0851041 0.995416 349.702
0.992028 -0.111029 0.0596052 -61.8251 0.115492 0.990276 -0.0775486 -40.3327 -0.0504154 0.0838143 0.995205 352.436
0.991891 -0.108385 0.0663666 -61.7068 0.11334 0.990637 -0.0760982 -40.5731 -0.0574974 0.083003 0.994889 355.2
0.99156 -0.107519 0.0724474 -61.6042 0.112868 0.990827 -0.0743006 -40.8302 -0.0637942 0.0818505 0.994601 357.857
0.991238 -0.105548 0.0794179 -61.4754 0.11133 0.99115 -0.0722898 -41.0662 -0.071085 0.080498 0.994217 360.579
0.991134 -0.105788 0.0803936 -61.2375 0.111531 0.991244 -0.0706649 -41.3063 -0.0722143 0.0790048 0.994255 363.306
0.991109 -0.102722 0.0845661 -61.0358 0.108781 0.991565 -0.0704499 -41.5299 -0.0766161 0.0790226 0.993924 366.004
0.991795 -0.0933079 0.0873843 -60.7967 0.0998361 0.992279 -0.0735754 -41.7507 -0.0798445 0.0816958 0.993454 368.595
0.992222 -0.0846949 0.0912303 -60.5882 0.09218 0.992424 -0.0812186 -42.0017 -0.0836604 0.0889964 0.992512 371.346
0.990809 -0.0945815 0.0967086 -60.3671 0.102927 0.991025 -0.0852902 -42.2719 -0.0877738 0.0944601 0.991652 374.038
0.989766 -0.102731 0.0990474 -60.1434 0.110857 0.990582 -0.0803557 -42.5339 -0.0898596 0.0905134 0.991833 376.708
0.989509 -0.102854 0.101459 -59.9018 0.110076 0.99157 -0.0683411 -42.7749 -0.0935751 0.0787922 0.99249 379.366
0.98945 -0.0974824 0.107175 -59.7005 0.104107 0.99287 -0.0580428 -42.9885 -0.100753 0.0685879 0.992545 382.043
0.990024 -0.09355 0.105368 -59.3652 0.0996687 0.993533 -0.0543727 -43.1793 -0.0995998 0.064332 0.992946 384.708
0.989429 -0.0916518 0.112391 -59.1584 0.0980647 0.993772 -0.0529128 -43.3712 -0.106842 0.0633749 0.992254 387.384
0.988504 -0.0965321 0.116374 -58.8801 0.103321 0.993193 -0.0537709 -43.5753 -0.110391 0.0651765 0.991749 390.045
0.987913 -0.101201 0.117422 -58.535 0.10845 0.992462 -0.0570615 -43.7694 -0.110762 0.069106 0.991441 392.77
0.98753 -0.102639 0.119376 -58.2173 0.110218 0.992172 -0.0587015 -43.9778 -0.112416 0.0711267 0.991112 395.399
0.987121 -0.103624 0.121879 -57.8885 0.111279 0.992108 -0.0577607 -44.1752 -0.114932 0.0705794 0.990863 398.062
0.986594 -0.105935 0.124145 -57.5479 0.113523 0.991971 -0.0557132 -44.3644 -0.117246 0.0690595 0.990699 400.748
0.986568 -0.106256 0.124077 -57.1929 0.113608 0.99207 -0.0537447 -44.5456 -0.117383 0.0671189 0.990816 403.337
0.986502 -0.107849 0.123221 -56.8174 0.115234 0.991844 -0.0544493 -44.7081 -0.116344 0.0679135 0.990884 406.045
0.986502 -0.108696 0.122477 -56.4525 0.116088 0.991719 -0.0549047 -44.8829 -0.115495 0.0683816 0.990951 408.723
0.986182 -0.110749 0.123208 -56.1085 0.118157 0.991497 -0.0545101 -45.0674 -0.116124 0.0683146 0.990883 411.378
0.9855 -0.11364 0.126008 -55.7997 0.120808 0.991377 -0.0507549 -45.259 -0.119154 0.0652415 0.99073 414.036
0.984928 -0.116067 0.128246 -55.4887 0.12287 0.991334 -0.0464527 -45.4422 -0.121743 0.0615101 0.990654 416.679
0.984369 -0.119555 0.129326 -55.1566 0.126035 0.991088 -0.0431064 -45.6064 -0.12302 0.058732 0.990665 419.321
0.984093 -0.121457 0.129655 -54.8116 0.128094 0.99078 -0.0441038 -45.7772 -0.123103 0.0600101 0.990578 421.906
0.984106 -0.119086 0.131737 -54.4726 0.126115 0.990932 -0.0463413 -45.9457 -0.125024 0.0622187 0.990201 424.556
0.98426 -0.115771 0.13353 -54.1355 0.123054 0.991256 -0.0476228 -46.1012 -0.126849 0.0633045 0.9899 427.212
0.984023 -0.117802 0.133502 -53.7471 0.124983 0.991057 -0.0467221 -46.2515 -0.126805 0.062661 0.989947 429.923
0.98304 -0.11615 0.141924 -53.5237 0.123719 0.991264 -0.0456896 -46.4383 -0.135378 0.0624733 0.988823 432.514
0.982331 -0.113284 0.148978 -53.207 0.121181 0.991608 -0.0450155 -46.5981 -0.142628 0.0622733 0.987815 435.225
0.981507 -0.113394 0.154232 -52.8823 0.12159 0.99157 -0.0447602 -46.7631 -0.147856 0.0626853 0.98702 437.842
0.980456 -0.115061 0.159586 -52.5404 0.123268 0.991463 -0.0424861 -46.9257 -0.153335 0.0613275 0.986269 440.46
0.979268 -0.117587 0.164951 -52.178 0.125381 0.991394 -0.0376252 -47.0754 -0.159108 0.0575268 0.985584 443.129
0.978166 -0.123535 0.167129 -51.7634 0.130662 0.9909 -0.0323023 -47.2028 -0.161618 0.0534344 0.985406 445.799
0.977794 -0.125276 0.168008 -51.348 0.131744 0.990891 -0.0278737 -47.3101 -0.162986 0.0493887 0.985391 448.536
0.978538 -0.117324 0.169409 -50.9471 0.124039 0.991835 -0.0295791 -47.4272 -0.164556 0.0499576 0.985102 451.18
0.979945 -0.107195 0.167983 -50.5034 0.115201 0.99259 -0.0386319 -47.5126 -0.162597 0.0572088 0.985032 453.786
0.981173 -0.100725 0.164787 -50.128 0.109327 0.993032 -0.0439686 -47.6139 -0.15921 0.0611563 0.985349 456.283
0.98296 -0.0977355 0.155692 -49.6715 0.10595 0.993336 -0.0453456 -47.7472 -0.150223 0.0610683 0.986764 458.898
0.983147 -0.102516 0.151375 -49.2333 0.110405 0.992883 -0.0446404 -47.8993 -0.145721 0.0606005 0.987468 461.459
0.984507 -0.100054 0.144004 -48.7764 0.107403 0.993233 -0.0441759 -48.0448 -0.138609 0.0589578 0.988591 464.164
0.984819 -0.0983122 0.143068 -48.4278 0.106074 0.993214 -0.0476608 -48.1961 -0.137412 0.062113 0.988564 466.764
0.985822 -0.0939868 0.139006 -48.0111 0.101428 0.99371 -0.0474386 -48.3579 -0.133673 0.060865 0.989155 469.464
0.986809 -0.0859442 0.137197 -47.6492 0.0930526 0.994585 -0.0462551 -48.5245 -0.132479 0.0584114 0.989463 472.131
0.987392 -0.0790537 0.137149 -47.3017 0.0862058 0.995167 -0.0470072 -48.6908 -0.132771 0.0582375 0.989434 474.77
0.987521 -0.0780557 0.13679 -46.9556 0.0851668 0.995261 -0.0469183 -48.8568 -0.13248 0.0579827 0.989488 477.409
0.986823 -0.0858119 0.137176 -46.6012 0.0927446 0.994673 -0.0449604 -49.0306 -0.132587 0.0570902 0.989526 480.019
0.987038 -0.0883848 0.133957 -46.2192 0.0946824 0.994646 -0.0413814 -49.1861 -0.129583 0.0535283 0.990123 482.706
0.988006 -0.0869901 0.127587 -45.7766 0.0926927 0.994912 -0.0394499 -49.3199 -0.123506 0.050803 0.991042 485.444
0.989012 -0.0890255 0.118032 -45.3069 0.0946728 0.994573 -0.0431232 -49.4283 -0.113552 0.0538236 0.992073 488.018
0.989892 -0.0933189 0.106808 -44.915 0.098517 0.994141 -0.0444614 -49.573 -0.102033 0.0545342 0.993285 490.597
0.990207 -0.0951612 0.10216 -44.5965 0.100328 0.993858 -0.0466723 -49.7192 -0.0970917 0.0564646 0.993672 493.225
0.99034 -0.0965313 0.099551 -44.3118 0.101221 0.993926 -0.0431701 -49.8965 -0.0947792 0.0528295 0.994096 495.952
0.989592 -0.103135 0.100364 -44.0959 0.107701 0.993329 -0.0411842 -50.0798 -0.0954475 0.0515648 0.994098 498.528
0.989903 -0.101802 0.0986413 -43.8151 0.106185 0.993531 -0.0402471 -50.1997 -0.0939061 0.0503148 0.994309 501.275
0.990267 -0.0994857 0.0973364 -43.5979 0.103864 0.993746 -0.0409872 -50.3384 -0.0926501 0.050698 0.994407 504.018
0.98901 -0.104626 0.104474 -43.3599 0.109353 0.993173 -0.0405804 -50.4811 -0.0995155 0.0515588 0.993699 506.747
0.989201 -0.102505 0.104759 -43.1216 0.107088 0.99348 -0.0390848 -50.6128 -0.10007 0.0498811 0.993729 509.474
0.989302 -0.101007 0.105268 -42.8556 0.105765 0.99356 -0.0406285 -50.7503 -0.100487 0.0513274 0.993614 512.236
0.988313 -0.106344 0.109221 -42.6005 0.111687 0.992768 -0.0440107 -50.9012 -0.10375 0.0556947 0.993043 514.908
0.988359 -0.107087 0.10808 -42.2825 0.11221 0.992775 -0.0424787 -51.0487 -0.10275 0.0541117 0.993234 517.619
0.988181 -0.11011 0.10666 -41.9664 0.114999 0.992526 -0.0408027 -51.2138 -0.10137 0.0525861 0.993458 520.234
0.98933 -0.104465 0.101565 -41.717 0.109354 0.993036 -0.043809 -51.3111 -0.0962817 0.054448 0.993864 522.794
0.989395 -0.105723 0.099603 -41.4173 0.110656 0.992822 -0.0453556 -51.4341 -0.0940931 0.0558962 0.993993 525.486
0.98937 -0.106141 0.0994103 -41.1573 0.111152 0.992724 -0.0462841 -51.5804 -0.0937745 0.0568416 0.993969 528.146
0.989682 -0.105456 0.0970079 -40.8371 0.110202 0.992893 -0.0449262 -51.7338 -0.0915808 0.0551529 0.994269 530.865
0.989895 -0.104993 0.0953173 -40.5809 0.109337 0.993135 -0.0415514 -51.9022 -0.0903005 0.0515531 0.994579 533.473
0.989681 -0.107083 0.0952165 -40.2827 0.111276 0.992989 -0.0398654 -52.0555 -0.0902801 0.0500493 0.994658 536.049
0.988677 -0.114694 0.0967753 -40.0754 0.11902 0.992078 -0.040163 -52.2166 -0.0914024 0.0512262 0.994495 538.538
0.989187 -0.111082 0.0957669 -39.8535 0.11525 0.992564 -0.0391377 -52.3763 -0.0907074 0.0497516 0.994634 541.135
0.989246 -0.108642 0.0979339 -39.6612 0.112846 0.992868 -0.0384459 -52.5345 -0.0930587 0.0490837 0.99445 543.857
0.988395 -0.113047 0.101476 -39.4534 0.117508 0.992301 -0.0390973 -52.6733 -0.0962755 0.0505678 0.994069 546.462
0.988227 -0.115303 0.100574 -39.152 0.11972 0.99204 -0.0390264 -52.7967 -0.0952734 0.0506075 0.994164 549.127
0.988558 -0.112647 0.100327 -38.9194 0.117049 0.992355 -0.0391147 -52.9389 -0.0951537 0.0504102 0.994185 551.77
0.988112 -0.115599 0.101352 -38.6513 0.120104 0.991974 -0.039507 -53.0848 -0.0959715 0.0512099 0.994066 554.436
0.988528 -0.116853 0.0957038 -38.2785 0.121004 0.991894 -0.0387638 -53.2115 -0.0903985 0.0498996 0.994655 557.16
0.988765 -0.118446 0.0911889 -37.9767 0.122319 0.991758 -0.0381034 -53.3412 -0.0859243 0.0488294 0.995104 559.847
0.988812 -0.117303 0.0921535 -37.7861 0.121049 0.991987 -0.0361549 -53.4803 -0.0871741 0.0469054 0.995088 562.543
0.98844 -0.118501 0.0945837 -37.582 0.122374 0.991822 -0.036238 -53.6211 -0.089516 0.0473936 0.994857 565.19
0.987471 -0.123691 0.0979905 -37.3796 0.127744 0.991146 -0.0361989 -53.7756 -0.0926455 0.0482629 0.994529 567.818
0.987507 -0.124689 0.0963537 -37.0828 0.128664 0.991027 -0.0361785 -53.8887 -0.0909782 0.0481236 0.994689 570.51
0.987541 -0.12643 0.0937045 -36.792 0.130231 0.990844 -0.0356027 -53.9978 -0.0883453 0.0473622 0.994963 573.204
0.987467 -0.126896 0.0938452 -36.5471 0.130667 0.990802 -0.0351633 -54.1268 -0.08852 0.0469849 0.994965 575.856
0.987553 -0.12512 0.0953128 -36.3482 0.129019 0.990992 -0.0358904 -54.2549 -0.0899637 0.0477408 0.9948 578.52
0.986296 -0.129361 0.102406 -36.1162 0.133627 0.99038 -0.0359262 -54.3774 -0.0967736 0.0491179 0.994093 581.211
0.986037 -0.129787 0.104346 -35.8624 0.133937 0.990413 -0.0337727 -54.5024 -0.0989621 0.0472767 0.993967 583.85
0.986391 -0.128935 0.102025 -35.5619 0.132996 0.990532 -0.0340284 -54.6039 -0.0966721 0.0471341 0.994199 586.525
0.986012 -0.130619 0.10354 -35.2679 0.135067 0.990139 -0.0371523 -54.7254 -0.0976665 0.0506173 0.993931 589.163
0.986479 -0.126809 0.103832 -35.0135 0.131611 0.990463 -0.0407526 -54.8559 -0.0976744 0.0538669 0.993759 591.86
0.98697 -0.119563 0.107684 -34.858 0.124452 0.991424 -0.0398602 -54.9964 -0.101995 0.0527422 0.993385 594.494
0.986167 -0.123329 0.110753 -34.5849 0.128017 0.991109 -0.0362443 -55.1483 -0.105299 0.0499211 0.993187 597.152
0.98623 -0.124336 0.10905 -34.2859 0.128575 0.991159 -0.0327194 -55.2929 -0.104017 0.0462898 0.993497 599.858
0.984215 -0.136915 0.112148 -33.9784 0.141415 0.989394 -0.0331736 -55.4465 -0.106416 0.0485091 0.993137 602.478
0.98417 -0.134167 0.115806 -33.7362 0.138835 0.989758 -0.0331938 -55.5794 -0.110167 0.0487461 0.992717 605.147
0.983625 -0.137305 0.116751 -33.4162 0.141898 0.989365 -0.0319455 -55.7152 -0.111123 0.0479891 0.992647 607.784
0.983757 -0.137114 0.115862 -33.1025 0.141535 0.989453 -0.0307964 -55.8372 -0.110418 0.0466946 0.992788 610.449
0.98437 -0.137446 0.110117 -32.7015 0.141321 0.989563 -0.0281573 -55.9302 -0.105097 0.0432788 0.993519 613.196
0.98391 -0.140223 0.110724 -32.4412 0.144107 0.989169 -0.0278519 -56.0566 -0.105619 0.0433597 0.993461 615.785
0.984876 -0.13724 0.105762 -32.1036 0.14083 0.989658 -0.0272247 -56.1518 -0.100932 0.0417073 0.994018 618.442
0.984768 -0.138668 0.104907 -31.8292 0.142172 0.989482 -0.0266542 -56.27 -0.100107 0.0411629 0.994125 621.028
0.98544 -0.136815 0.10095 -31.5177 0.140164 0.989764 -0.0268303 -56.365 -0.0962462 0.0405891 0.994529 623.769
0.984307 -0.142621 0.103928 -31.1823 0.146059 0.988928 -0.026216 -56.4747 -0.0990386 0.0409841 0.994239 626.517
0.984203 -0.144191 0.102735 -30.8873 0.147499 0.988737 -0.025326 -56.5892 -0.0979264 0.0400792 0.994386 629.162
0.984615 -0.14233 0.101376 -30.6635 0.145607 0.989009 -0.0256572 -56.7174 -0.0966101 0.0400234 0.994517 631.752
0.983846 -0.142475 0.108389 -30.5255 0.146024 0.988951 -0.0255059 -56.8381 -0.103558 0.0409212 0.993781 634.368
0.984034 -0.145993 0.1018 -30.1261 0.149314 0.988453 -0.0257654 -56.9401 -0.0968632 0.0405541 0.994471 637.071
0.984632 -0.143372 0.099729 -29.8673 0.146424 0.988931 -0.0239468 -57.0635 -0.0951919 0.0381814 0.994726 639.77
0.984383 -0.144513 0.10053 -29.6469 0.147421 0.988826 -0.0220815 -57.1749 -0.0962163 0.0365567 0.994689 642.373
0.982433 -0.155958 0.102484 -29.472 0.159423 0.986854 -0.0264899 -57.324 -0.0970059 0.0423628 0.994381 644.869
0.98368 -0.149465 0.100179 -29.2641 0.152783 0.98791 -0.0262658 -57.4406 -0.0950419 0.0411426 0.994622 647.434
0.983721 -0.148497 0.10121 -29.0199 0.151758 0.988093 -0.025279 -57.5572 -0.0962517 0.0402268 0.994543 650.055
0.983777 -0.148439 0.100742 -28.7772 0.151625 0.988128 -0.0247052 -57.6723 -0.0958795 0.0395794 0.994605 652.677
0.984414 -0.146066 0.0979553 -28.4855 0.149098 0.988522 -0.024343 -57.7773 -0.0932755 0.0385684 0.994893 655.421
0.984513 -0.145996 0.0970577 -28.22 0.148907 0.988573 -0.0234196 -57.8748 -0.0925296 0.0375094 0.995003 658.082
0.984627 -0.144605 0.0979781 -27.9876 0.14764 0.988738 -0.0244351 -57.9767 -0.0933415 0.0385248 0.994888 660.64
0.984141 -0.14612 0.100579 -27.7637 0.149377 0.988448 -0.0256059 -58.0883 -0.0956759 0.0402238 0.994599 663.258
0.984567 -0.145267 0.0976 -27.4492 0.148501 0.988551 -0.0266925 -58.1653 -0.0926052 0.0407741 0.994867 665.969
0.984776 -0.146153 0.0941116 -27.1639 0.149159 0.988478 -0.0257046 -58.2536 -0.0892706 0.0393507 0.99523 668.685
0.985015 -0.146393 0.0911862 -26.8661 0.149265 0.988468 -0.0254729 -58.3412 -0.0864057 0.038702 0.995508 671.329
0.985183 -0.145855 0.0902344 -26.6169 0.148859 0.988476 -0.0274652 -58.4409 -0.0851887 0.0404903 0.995542 673.941
0.985086 -0.146168 0.0907845 -26.3629 0.14939 0.98833 -0.0297424 -58.5444 -0.0853778 0.0428611 0.995426 676.576
0.984778 -0.145343 0.0953404 -26.2217 0.148843 0.988385 -0.0306547 -58.6771 -0.0897777 0.0443787 0.994972 679.174
0.984569 -0.146083 0.096357 -25.9743 0.149587 0.988288 -0.0301622 -58.7891 -0.0908224 0.0441104 0.994889 681.816
0.984514 -0.146163 0.0967927 -25.7346 0.149539 0.988343 -0.0285542 -58.9055 -0.091491 0.0425861 0.994895 684.48
0.984724 -0.142683 0.0998098 -25.5667 0.145989 0.988927 -0.0266059 -59.0255 -0.0949086 0.0407704 0.99465 687.173
0.983906 -0.149497 0.0978806 -25.2166 0.152848 0.987862 -0.0276402 -59.0983 -0.0925605 0.0421561 0.994814 689.721
0.984103 -0.149242 0.0962743 -24.9351 0.152708 0.987825 -0.0296525 -59.1864 -0.090677 0.0438828 0.994913 692.367
0.984636 -0.146058 0.0957111 -24.7093 0.149472 0.988325 -0.0294913 -59.3103 -0.0902864 0.0433442 0.994972 695.046
0.984269 -0.147043 0.097946 -24.4785 0.150446 0.988213 -0.0282794 -59.4406 -0.0926334 0.04257 0.994789 697.662
0.984225 -0.146989 0.098474 -24.2394 0.150315 0.988262 -0.0272132 -59.5583 -0.0933183 0.041586 0.994767 700.302
0.983556 -0.150136 0.100389 -23.9954 0.15349 0.987793 -0.0265243 -59.6712 -0.095182 0.0414968 0.994594 702.916
0.983873 -0.146686 0.102364 -23.8156 0.150155 0.988292 -0.0270078 -59.7815 -0.0972042 0.0419426 0.99438 705.491
0.984209 -0.147276 0.098205 -23.4486 0.150742 0.988152 -0.0288193 -59.869 -0.0927973 0.0431677 0.994748 708.283
0.983988 -0.145609 0.102793 -23.2834 0.149254 0.988382 -0.0286649 -59.9859 -0.0974253 0.0435482 0.994289 710.917
0.98419 -0.144531 0.102377 -23.022 0.148126 0.98856 -0.0283884 -60.0797 -0.0971034 0.0431043 0.99434 713.582
0.983956 -0.145323 0.103503 -22.7932 0.149029 0.988407 -0.0289813 -60.1944 -0.0980915 0.0439411 0.994206 716.187
0.984167 -0.145539 0.10117 -22.4585 0.149258 0.988337 -0.0301734 -60.3002 -0.0955984 0.0447959 0.994411 718.828
0.983658 -0.147816 0.102804 -22.2035 0.151719 0.98793 -0.0312073 -60.4125 -0.0969501 0.0462945 0.994212 721.477
0.983427 -0.148754 0.103655 -21.9655 0.152675 0.987791 -0.0309395 -60.5304 -0.0977873 0.0462522 0.994132 724.07
0.982984 -0.152362 0.102616 -21.6571 0.156333 0.987192 -0.0317863 -60.6097 -0.0964585 0.0472875 0.994213 726.647
0.983731 -0.147277 0.102881 -21.4124 0.151243 0.987982 -0.0318394 -60.7038 -0.0969561 0.0468814 0.994183 729.342
0.983448 -0.146817 0.106187 -21.219 0.15093 0.988033 -0.0317503 -60.8274 -0.100255 0.0472515 0.993839 731.864
0.983445 -0.14644 0.106732 -20.9499 0.150531 0.988108 -0.0312937 -60.9486 -0.10088 0.0468421 0.993795 734.486
0.983298 -0.147445 0.106702 -20.6756 0.151609 0.987922 -0.0319817 -61.0708 -0.100698 0.0476244 0.993776 737.14
0.983417 -0.147477 0.105558 -20.3581 0.151696 0.987872 -0.0330737 -61.1882 -0.0994004 0.0485378 0.993863 739.852
0.983394 -0.146862 0.106628 -20.1204 0.151056 0.987994 -0.0323464 -61.3323 -0.100598 0.047916 0.993772 742.55
0.98334 -0.148465 0.104887 -19.799 0.152578 0.987762 -0.0322995 -61.4531 -0.098808 0.0477647 0.993959 745.224
0.983775 -0.147239 0.102509 -19.5043 0.151208 0.987981 -0.0320439 -61.5719 -0.0965595 0.0470241 0.994215 747.88
0.983195 -0.148231 0.106566 -19.3173 0.152454 0.987771 -0.0325988 -61.7123 -0.100431 0.0482973 0.993771 750.434
