1 0 0 0 0 1 0 0 0 0 1 0
1 0.000342277 -0.000689474 0.00821026 -0.00033935 0.999991 0.00424071 -0.067003 0.00069092 -0.00424047 0.999991 1.57217
0.999998 0.00034657 -0.00199427 -0.00820505 -0.000336159 0.999986 0.00521862 -0.0817729 0.00199605 -0.00521794 0.999984 3.12873
0.999996 0.000212413 -0.00294464 -0.0225162 -0.000197587 0.999987 0.00503444 -0.0974097 0.00294567 -0.00503384 0.999983 4.68519
0.999991 -0.000194586 -0.00421542 -0.0388882 0.000214836 0.999988 0.00480394 -0.11322 0.00421444 -0.0048048 0.99998 6.24174
0.999985 0.000343715 -0.00540971 -0.0582807 -0.00031663 0.999987 0.00500675 -0.123849 0.00541136 -0.00500496 0.999973 7.80007
0.999974 -0.00205208 -0.00693409 -0.0733108 0.00208559 0.999986 0.00482803 -0.129522 0.00692408 -0.00484236 0.999964 9.34261
0.999961 -0.00355398 -0.00813447 -0.0991703 0.00358455 0.999987 0.00374681 -0.138798 0.00812104 -0.00377582 0.99996 10.8693
0.999963 -0.00466511 -0.00724446 -0.155811 0.0046931 0.999982 0.00385089 -0.149515 0.00722636 -0.00388474 0.999966 12.3808
0.999968 -0.00463098 -0.00646707 -0.201595 0.00465481 0.999983 0.00367401 -0.163491 0.00644994 -0.00370399 0.999972 13.8736
0.999973 -0.00464224 -0.00576589 -0.247568 0.00466217 0.999983 0.00344818 -0.169343 0.00574979 -0.00347497 0.999977 15.4156
0.999986 -0.00232999 -0.00481746 -0.293185 0.00234898 0.99999 0.00393985 -0.180486 0.00480823 -0.00395111 0.999981 16.9735
0.99999 -0.00102251 -0.00441236 -0.319739 0.00104319 0.999989 0.0046884 -0.190475 0.00440751 -0.00469295 0.999979 18.5083
0.999988 0.000307273 -0.0049019 -0.337156 -0.000278343 0.999983 0.00590141 -0.203585 0.00490363 -0.00589997 0.99997 20.026
0.999989 7.01242e-05 -0.00470841 -0.353852 -4.1266e-05 0.999981 0.00612879 -0.217654 0.00470875 -0.00612853 0.99997 21.5065
0.999989 0.000602378 -0.00456304 -0.37065 -0.00057252 0.999979 0.00654184 -0.22958 0.00456689 -0.00653916 0.999968 22.9887
0.99999 0.0010408 -0.00439164 -0.386937 -0.00100883 0.999973 0.00727594 -0.239379 0.0043991 -0.00727143 0.999964 24.4711
0.999994 0.00124933 -0.00332681 -0.406929 -0.00122072 0.999963 0.00858843 -0.252163 0.00333741 -0.00858432 0.999957 25.9301
0.999994 0.000511574 -0.00353898 -0.409833 -0.000487218 0.999976 0.00687955 -0.25483 0.00354242 -0.00687778 0.99997 27.4184
0.999985 0.00439671 -0.00340729 -0.431482 -0.0043807 0.99998 0.00469279 -0.258082 0.00342785 -0.00467779 0.999983 28.8817
0.999987 0.00348477 -0.00361884 -0.442471 -0.00346785 0.999983 0.00467266 -0.275014 0.00363507 -0.00466005 0.999982 30.2976
0.999987 0.00200941 -0.004729 -0.434867 -0.00197312 0.999969 0.00766487 -0.291536 0.00474426 -0.00765544 0.999959 31.756
0.999992 0.00139602 -0.00364837 -0.469347 -0.00136333 0.999959 0.00894714 -0.305118 0.00366071 -0.0089421 0.999953 33.1121
0.999995 0.00192781 -0.00234358 -0.502156 -0.00190849 0.999965 0.00821891 -0.318589 0.00235934 -0.0082144 0.999963 34.4679
0.999996 0.00178164 -0.00212619 -0.510724 -0.00176701 0.999975 0.00686269 -0.335254 0.00213836 -0.0068589 0.999974 35.8597
0.999996 0.00236625 -0.00156643 -0.523648 -0.00235624 0.999977 0.00636015 -0.348095 0.00158145 -0.00635644 0.999978 37.2528
0.999993 0.00357717 -0.00111859 -0.528886 -0.00357072 0.999978 0.00570968 -0.361097 0.00113899 -0.00570565 0.999983 38.647
0.99999 0.00445901 0.000574378 -0.544842 -0.00446284 0.999967 0.0068352 -0.37466 -0.000543881 -0.0068377 0.999976 39.9878
0.999989 0.00405608 0.00243905 -0.552567 -0.00407629 0.999957 0.0083393 -0.382589 -0.00240512 -0.00834915 0.999962 41.326
0.999983 0.00379185 0.00443711 -0.553998 -0.00383344 0.999949 0.00940231 -0.394617 -0.00440123 -0.00941916 0.999946 42.654
0.999974 0.00390511 0.00606432 -0.545545 -0.00396715 0.99994 0.0102526 -0.402756 -0.00602391 -0.0102763 0.999929 43.9986
0.999952 0.00295063 0.0093274 -0.53464 -0.00303927 0.99995 0.00950283 -0.411534 -0.00929889 -0.00953072 0.999911 45.307
0.999918 0.00341517 0.0123574 -0.521741 -0.00351298 0.999963 0.00790242 -0.421183 -0.01233 -0.00794518 0.999892 46.616
0.999858 0.0040138 0.0163922 -0.516062 -0.00411421 0.999973 0.00609578 -0.42997 -0.0163673 -0.00616235 0.999847 47.8788
0.999784 0.00387282 0.020407 -0.497507 -0.00401145 0.999969 0.00675676 -0.442541 -0.0203802 -0.00683717 0.999769 49.1308
0.999671 0.00376196 0.0253604 -0.464256 -0.00393386 0.99997 0.00673167 -0.455401 -0.0253343 -0.00682922 0.999656 50.371
0.999488 0.00542506 0.0315445 -0.429891 -0.00560276 0.999969 0.00554755 -0.461509 -0.0315134 -0.00572145 0.999487 51.6137
0.999212 0.00652928 0.0391617 -0.391791 -0.00674233 0.999963 0.0053105 -0.469718 -0.0391256 -0.00557036 0.999219 52.8301
0.99887 0.00654488 0.0470753 -0.334562 -0.00683725 0.999959 0.0060523 -0.48014 -0.0470337 -0.00636733 0.998873 54.0271
0.998341 0.00820847 0.0569854 -0.266048 -0.00860747 0.99994 0.0067599 -0.489611 -0.0569265 -0.00723919 0.998352 55.2229
0.997506 0.0105869 0.0697797 -0.189773 -0.011083 0.999916 0.0067264 -0.498417 -0.0697026 -0.007483 0.99754 56.3961
0.996314 0.0129438 0.0848025 -0.11178 -0.0136132 0.999881 0.00731934 -0.512424 -0.0846976 -0.00844679 0.996371 57.5235
0.994818 0.0149132 0.100567 -0.000144243 -0.0158667 0.999837 0.00868807 -0.517602 -0.100421 -0.0102387 0.994892 58.6743
0.992876 0.0149345 0.118208 0.127531 -0.0161884 0.999823 0.00965446 -0.528985 -0.118043 -0.0114993 0.992942 59.7943
0.990472 0.0146357 0.136933 0.277613 -0.0160091 0.999832 0.00893367 -0.533902 -0.13678 -0.0110407 0.99054 60.917
0.987454 0.0131948 0.157354 0.440069 -0.0146692 0.999859 0.0082123 -0.546538 -0.157223 -0.0104175 0.987508 61.9852
0.983947 0.0099871 0.178183 0.630101 -0.0115842 0.999902 0.0079252 -0.554187 -0.178086 -0.00986209 0.983965 63.056
0.979783 0.00488579 0.200003 0.840804 -0.0069861 0.999928 0.00979701 -0.562485 -0.199941 -0.0109962 0.979746 64.1047
0.974838 -0.000807049 0.222913 1.07895 -0.00172209 0.999937 0.0111513 -0.570406 -0.222908 -0.0112546 0.974774 65.1411
0.969121 -0.00532203 0.246529 1.3419 0.00277849 0.999939 0.0106641 -0.579209 -0.246571 -0.00964983 0.969077 66.1781
0.962397 -0.010332 0.271451 1.62843 0.00816983 0.999925 0.00909425 -0.583542 -0.271525 -0.00653457 0.962409 67.211
0.954651 -0.0139283 0.297402 1.9388 0.0114382 0.999884 0.0101116 -0.595819 -0.297508 -0.00625126 0.954699 68.1868
0.945682 -0.0163588 0.324682 2.27279 0.0130944 0.99984 0.0122366 -0.59494 -0.32483 -0.00732039 0.945744 69.1886
0.93575 -0.0202719 0.352082 2.62389 0.016006 0.999759 0.0150231 -0.597838 -0.352301 -0.00842243 0.935849 70.1037
0.924803 -0.0233272 0.379731 3.00587 0.0193931 0.999711 0.0141831 -0.596939 -0.379952 -0.0057524 0.924988 71.0132
0.912608 -0.0224972 0.408215 3.41615 0.0200805 0.999746 0.0102051 -0.598532 -0.408341 -0.00111609 0.912829 71.9121
0.899663 -0.0241643 0.435915 3.85375 0.0244996 0.999688 0.00485273 -0.604077 -0.435897 0.00631391 0.899974 72.7775
0.885445 -0.026577 0.463983 4.31245 0.0286314 0.999587 0.00261741 -0.613716 -0.463861 0.0109669 0.88584 73.6258
0.869707 -0.0270701 0.492825 4.80055 0.0279352 0.999594 0.00560779 -0.615875 -0.492776 0.00889001 0.87011 74.4716
0.852194 -0.0262234 0.522567 5.31491 0.0240785 0.999651 0.0108975 -0.615597 -0.522671 0.00329579 0.852528 75.2952
0.831994 -0.0267092 0.554141 5.81302 0.0223034 0.999643 0.0146955 -0.63263 -0.554336 0.000132655 0.832293 76.0673
0.810351 -0.0203775 0.58559 6.36295 0.0179456 0.99979 0.00995732 -0.634339 -0.58567 0.00243986 0.810546 76.8525
0.787979 -0.0132456 0.615559 6.94895 0.0145515 0.99989 0.00288825 -0.633018 -0.61553 0.0066814 0.788085 77.6166
0.765096 -0.0110836 0.643821 7.55339 0.0138711 0.999904 0.000729696 -0.637752 -0.643767 0.0083722 0.765176 78.3445
0.741316 -0.0136405 0.671017 8.17435 0.0149741 0.999881 0.0037828 -0.648164 -0.670989 0.00724361 0.741432 79.0314
0.717496 -0.0149059 0.696403 8.82434 0.0162801 0.999857 0.00462783 -0.666209 -0.696373 0.00801704 0.717635 79.6453
0.69209 -0.013104 0.721692 9.49364 0.0168171 0.999857 0.00202738 -0.678857 -0.721615 0.0107336 0.692211 80.2763
0.665596 -0.0110966 0.74623 10.1911 0.0171505 0.999853 -0.000429221 -0.68616 -0.746116 0.0130839 0.665688 80.8956
0.638456 -0.00854461 0.769611 10.9015 0.015164 0.999884 -0.00147858 -0.695313 -0.769509 0.0126144 0.638511 81.4815
0.610347 -0.0071593 0.792102 11.6465 0.0153204 0.999879 -0.0027677 -0.704654 -0.791986 0.0138245 0.610382 82.0487
0.581407 -0.000926305 0.813612 12.3994 0.0140766 0.999861 -0.00892079 -0.721823 -0.813491 0.0166395 0.581339 82.5875
0.551385 0.00777432 0.834215 13.149 0.0135137 0.999742 -0.018249 -0.74517 -0.834142 0.0213355 0.551137 83.0777
0.520427 0.0163801 0.853749 13.9517 0.0124754 0.999564 -0.0267825 -0.758451 -0.853815 0.0245891 0.519995 83.5676
0.488503 0.0212205 0.872304 14.7548 0.0101508 0.999499 -0.0299993 -0.78547 -0.872503 0.0235093 0.488042 84.0211
0.455753 0.0213627 0.88985 15.6019 0.00797368 0.999574 -0.0280807 -0.806419 -0.890071 0.0198932 0.455388 84.4653
0.422643 0.0202751 0.906069 16.463 0.00359797 0.999705 -0.0240487 -0.831997 -0.906289 0.013424 0.422445 84.8682
0.388649 0.0222729 0.921117 17.3109 -0.000633837 0.999714 -0.023906 -0.853497 -0.921386 0.00870718 0.388552 85.2144
0.353699 0.0251973 0.93502 18.1867 -0.00760993 0.999682 -0.0240611 -0.880396 -0.935328 0.00139496 0.353778 85.5463
0.318461 0.0270895 0.947549 19.1137 -0.0120854 0.999627 -0.0245165 -0.906187 -0.947859 -0.003644 0.318669 85.851
0.282513 0.0265305 0.958897 20.0314 -0.0143717 0.999623 -0.0234231 -0.935465 -0.959156 -0.00716369 0.282788 86.1148
0.246355 0.0261381 0.968827 20.9634 -0.0149663 0.99962 -0.0231632 -0.964085 -0.969064 -0.00879333 0.246653 86.3448
0.210578 0.0256868 0.97724 21.9085 -0.0140751 0.999631 -0.0232424 -0.991924 -0.977476 -0.00886046 0.210862 86.5407
0.175438 0.0243914 0.984188 22.8549 -0.0113342 0.999677 -0.0227548 -1.02225 -0.984425 -0.00716288 0.175658 86.6996
0.14067 0.0236471 0.989774 23.8082 -0.00243857 0.99972 -0.0235381 -1.05373 -0.990053 0.000897477 0.140688 86.8236
0.107227 0.0270921 0.993865 24.7762 0.000530754 0.999627 -0.0273065 -1.08783 -0.994234 0.00345548 0.107173 86.9132
0.0753873 0.0315799 0.996654 25.769 0.00226173 0.999491 -0.0318409 -1.12339 -0.997152 0.00465455 0.0752773 86.9731
0.0460913 0.03533 0.998312 26.7338 0.00987232 0.99931 -0.0358211 -1.16733 -0.998888 0.0115067 0.0457105 87.0123
0.0201987 0.033849 0.999223 27.6971 0.0123322 0.999343 -0.0341023 -1.20812 -0.99972 0.0130114 0.0197678 87.0324
-0.00131606 0.030713 0.999527 28.7071 0.014596 0.999423 -0.0306906 -1.24615 -0.999893 0.0145487 -0.00176375 87.0157
-0.0205375 0.0286811 0.999378 29.7177 0.0148281 0.999488 -0.0283796 -1.27883 -0.999679 0.014236 -0.0209524 86.9981
-0.0366179 0.0317445 0.998825 30.7262 0.0167707 0.999374 -0.0311471 -1.31807 -0.999189 0.0156105 -0.0371275 86.952
-0.0515117 0.0359789 0.998024 31.7194 0.0201446 0.999185 -0.034981 -1.35888 -0.998469 0.0183028 -0.0521946 86.8989
-0.0631925 0.0412432 0.997149 32.7263 0.0246584 0.998905 -0.0397532 -1.40104 -0.997697 0.0220759 -0.0641405 86.8255
-0.0718882 0.0447323 0.996409 33.7439 0.0305172 0.998625 -0.04263 -1.44554 -0.996946 0.027343 -0.0731546 86.7414
-0.0788855 0.0503285 0.995612 34.7257 0.0345016 0.998264 -0.0477289 -1.4981 -0.996287 0.0305851 -0.0804851 86.6727
-0.0831736 0.0549806 0.995017 35.7282 0.0366519 0.99797 -0.05208 -1.55228 -0.995861 0.0321376 -0.0850201 86.5939
-0.0864866 0.0594924 0.994475 36.7305 0.0385899 0.997667 -0.0563273 -1.60637 -0.995505 0.0335051 -0.0885807 86.5104
-0.0891795 0.0628209 0.994033 37.7471 0.0384757 0.997482 -0.0595871 -1.66527 -0.995272 0.0329321 -0.0913721 86.4152
-0.0921561 0.0667911 0.993502 38.7415 0.0394414 0.99721 -0.0633819 -1.7308 -0.994963 0.0333441 -0.0945335 86.3247
-0.0948254 0.07042 0.993 39.7667 0.0414691 0.996909 -0.0667371 -1.8028 -0.99463 0.0348505 -0.0974527 86.2416
-0.098189 0.0723176 0.992537 40.7801 0.0438793 0.996701 -0.0682801 -1.87285 -0.9942 0.0368474 -0.101038 86.1536
-0.101501 0.0711831 0.992286 41.7972 0.0442324 0.996774 -0.0669805 -1.94972 -0.993852 0.0370926 -0.104322 86.0679
-0.104493 0.0708312 0.992 42.8252 0.0434267 0.996834 -0.066602 -2.023 -0.993577 0.0361199 -0.107238 85.9785
-0.107333 0.0737616 0.991483 43.872 0.0428077 0.996662 -0.0695128 -2.07043 -0.993301 0.0349821 -0.110132 85.878
-0.10892 0.0773999 0.991033 44.9213 0.0403017 0.996488 -0.0733966 -2.1167 -0.993233 0.0319459 -0.111657 85.7452
-0.11118 0.0816098 0.990444 45.97 0.0373533 0.996262 -0.0778961 -2.16792 -0.993098 0.0283359 -0.113813 85.6102
-0.113536 0.0860711 0.989799 47.0157 0.0351875 0.995964 -0.082571 -2.24747 -0.992911 0.0254537 -0.116106 85.49
-0.115873 0.0902875 0.989152 48.059 0.0320227 0.995682 -0.0871323 -2.34076 -0.992748 0.021579 -0.118264 85.3736
-0.118774 0.0927954 0.988576 49.1363 0.0294174 0.995515 -0.0899124 -2.43452 -0.992486 0.0184021 -0.120971 85.2468
-0.121747 0.09146 0.988338 50.2121 0.0268421 0.995685 -0.0888334 -2.52655 -0.992198 0.0157139 -0.123677 85.1161
-0.124831 0.0874043 0.988321 51.2948 0.0225722 0.996105 -0.0852416 -2.61572 -0.991921 0.0116677 -0.126318 84.9846
-0.128167 0.0861064 0.988007 52.347 0.0225547 0.99622 -0.0838962 -2.70692 -0.991496 0.0115314 -0.129625 84.8749
-0.13081 0.0866316 0.987615 53.4175 0.0205342 0.996198 -0.0846647 -2.79868 -0.991195 0.00920487 -0.132092 84.7435
-0.132132 0.0897006 0.987165 54.4943 0.0217171 0.99592 -0.0875893 -2.89027 -0.990994 0.00986499 -0.133541 84.6029
-0.132731 0.0926352 0.986814 55.58 0.0224114 0.995649 -0.0904501 -2.98839 -0.990899 0.0101104 -0.134229 84.4522
-0.132796 0.0933383 0.986739 56.6641 0.0209847 0.995598 -0.0913522 -3.08815 -0.990921 0.00857519 -0.13417 84.3034
-0.132267 0.0923321 0.986904 57.7521 0.0181436 0.995711 -0.0907243 -3.18961 -0.991048 0.00590615 -0.133375 84.1577
-0.132318 0.0919563 0.986933 58.8363 0.0141463 0.995762 -0.0908822 -3.29226 -0.991107 0.00193608 -0.133058 84.0141
-0.132034 0.0929155 0.986881 59.9499 0.0104067 0.995673 -0.0923508 -3.39649 -0.991191 -0.00192329 -0.13243 83.859
-0.132648 0.09302 0.986789 61.0419 0.00632353 0.995646 -0.0930049 -3.50512 -0.991143 -0.00609692 -0.132658 83.7249
-0.132994 0.0923684 0.986803 62.1505 0.00311044 0.995682 -0.0927802 -3.61175 -0.991112 -0.00926983 -0.132707 83.5774
-0.133372 0.0874992 0.987196 63.2595 0.00329285 0.996129 -0.0878461 -3.71384 -0.991061 -0.00846557 -0.133144 83.4311
-0.134069 0.0794136 0.987785 64.3627 0.00579446 0.99683 -0.0793543 -3.80835 -0.990955 -0.00491532 -0.134105 83.2852
-0.134029 0.074244 0.988192 65.4828 0.0108954 0.99724 -0.0734459 -3.90185 -0.990918 0.000922794 -0.134468 83.1268
-0.133822 0.0767905 0.988026 66.58 0.0190645 0.997009 -0.0749065 -3.99299 -0.990822 0.00881204 -0.134885 82.9763
-0.132641 0.0822563 0.987745 67.701 0.0248254 0.996514 -0.0796528 -4.08424 -0.990853 0.0139559 -0.134221 82.8125
-0.131933 0.0876593 0.987375 68.8198 0.0281509 0.996012 -0.0846646 -4.18173 -0.990859 0.0166255 -0.133874 82.6567
-0.131361 0.0920309 0.987054 69.9411 0.0288581 0.995615 -0.0889885 -4.28491 -0.990915 0.0167949 -0.133441 82.5022
-0.131244 0.0892384 0.987325 71.0687 0.0260188 0.995908 -0.0865554 -4.38597 -0.991009 0.0143291 -0.133029 82.3541
-0.131889 0.0855949 0.987562 72.1832 0.0246036 0.996241 -0.0830612 -4.48419 -0.990959 0.0133427 -0.133499 82.2276
-0.131471 0.0831683 0.987825 73.3476 0.0219091 0.996475 -0.0809806 -4.5825 -0.991078 0.0109957 -0.13283 82.0601
-0.131316 0.0836147 0.987808 74.4864 0.0192053 0.996465 -0.0817943 -4.68017 -0.991155 0.00823021 -0.132458 81.9099
-0.131183 0.0884216 0.987407 75.6261 0.0198079 0.99605 -0.0865639 -4.78347 -0.991161 0.0082027 -0.132416 81.7597
-0.130702 0.0908539 0.98725 76.7663 0.0185708 0.995842 -0.089186 -4.88938 -0.991248 0.00667712 -0.131846 81.6105
-0.129798 0.0895501 0.987488 77.9429 0.0180234 0.995962 -0.0879494 -4.99121 -0.991377 0.00638224 -0.130888 81.4385
-0.130284 0.0832445 0.987976 79.0846 0.0185376 0.9965 -0.0815181 -5.093 -0.991304 0.00769418 -0.131371 81.3117
-0.130964 0.082164 0.987976 80.2528 0.0174885 0.996597 -0.0805626 -5.18917 -0.991233 0.00672743 -0.131955 81.1619
-0.131005 0.0852445 0.98771 81.4203 0.0147924 0.996354 -0.0840285 -5.29006 -0.991272 0.0036024 -0.131789 81.0126
-0.130985 0.0879765 0.987473 82.5919 0.0143537 0.996119 -0.0868428 -5.39519 -0.991281 0.00279876 -0.131739 80.861
-0.131116 0.0873315 0.987513 83.7733 0.0134527 0.996178 -0.0863115 -5.50113 -0.991276 0.00196784 -0.13179 80.7036
-0.130861 0.0838032 0.987852 84.9601 0.0129321 0.996481 -0.082822 -5.60936 -0.991317 0.00193679 -0.131484 80.5485
-0.130583 0.0827938 0.987974 86.1516 0.0139694 0.996562 -0.081667 -5.71657 -0.991339 0.00313699 -0.131291 80.3997
-0.129338 0.0833707 0.988089 87.358 0.0158143 0.996506 -0.0820108 -5.82142 -0.991475 0.00501877 -0.130205 80.234
-0.128519 0.0839429 0.988148 88.5583 0.0179586 0.996445 -0.082312 -5.92176 -0.991545 0.00716703 -0.12957 80.0764
-0.127994 0.0836386 0.988242 89.7491 0.017378 0.996474 -0.0820845 -6.02546 -0.991623 0.00666733 -0.128996 79.9301
-0.127103 0.0844175 0.98829 90.9501 0.0187286 0.996399 -0.0827013 -6.13146 -0.991713 0.00799763 -0.128227 79.7808
-0.126388 0.0828325 0.988516 92.1565 0.0191425 0.996526 -0.0810561 -6.23701 -0.991796 0.00867808 -0.127535 79.6306
-0.125338 0.0817621 0.988739 93.3808 0.0173888 0.996627 -0.08021 -6.34134 -0.991962 0.00713961 -0.126337 79.4802
-0.124614 0.0811913 0.988878 94.5804 0.0190512 0.996659 -0.0794294 -6.44873 -0.992023 0.0089413 -0.125745 79.3362
-0.122898 0.0818584 0.989037 95.8133 0.0174651 0.996617 -0.0803154 -6.55521 -0.992266 0.00740296 -0.123912 79.1826
-0.121464 0.0842225 0.989016 97.0286 0.018176 0.996416 -0.0826204 -6.66574 -0.99243 0.00794097 -0.122559 79.0326
-0.120178 0.0828922 0.989286 98.2621 0.0159821 0.996541 -0.0815586 -6.77353 -0.992624 0.00600928 -0.121087 78.8856
-0.121021 0.081991 0.989258 99.5045 0.0116398 0.996632 -0.0811782 -6.87864 -0.992582 0.00169047 -0.121568 78.7631
-0.121632 0.0830456 0.989095 100.739 0.0083991 0.996545 -0.0826381 -6.98456 -0.99254 -0.00174395 -0.121909 78.6253
-0.121512 0.082768 0.989133 101.976 0.00625957 0.996562 -0.0826205 -7.08247 -0.99257 -0.0038479 -0.121613 78.4647
-0.122569 0.0807451 0.98917 103.218 0.00412878 0.996718 -0.0808496 -7.18564 -0.992451 -0.00582563 -0.1225 78.3129
-0.124107 0.0794905 0.98908 104.48 0.00221227 0.996806 -0.0798337 -7.29238 -0.992266 -0.0077198 -0.123886 78.1666
-0.12537 0.0788564 0.988971 105.74 0.000689731 0.996843 -0.0793966 -7.40097 -0.99211 -0.00927181 -0.125028 78.0119
-0.12728 0.0788981 0.988724 106.994 0.000514479 0.996837 -0.0794792 -7.51088 -0.991867 -0.00960748 -0.126918 77.8576
-0.129626 0.0775376 0.988526 108.252 0.0001368 0.99694 -0.0781795 -7.61423 -0.991563 -0.00999887 -0.12924 77.6971
-0.132226 0.0732029 0.988513 109.479 -0.00178612 0.99725 -0.0740888 -7.71778 -0.991218 -0.0115621 -0.131732 77.5284
-0.13474 0.0735888 0.988144 110.709 -0.00233971 0.997212 -0.0745831 -7.81097 -0.990878 -0.0123613 -0.134193 77.3419
-0.138578 0.0797695 0.987133 111.951 -0.00739349 0.99664 -0.0815756 -7.91363 -0.990324 -0.018603 -0.137523 77.1525
-0.145157 0.0828431 0.985934 113.188 -0.00645356 0.996388 -0.0846715 -8.02495 -0.989388 -0.0186535 -0.144098 76.9758
-0.153282 0.0784274 0.985065 114.461 -0.0049877 0.996772 -0.0801355 -8.13732 -0.98817 -0.0171966 -0.152396 76.7641
-0.16313 0.0764243 0.98364 115.692 -0.00303386 0.996952 -0.0779616 -8.25055 -0.9866 -0.0157022 -0.162401 76.5493
-0.175713 0.0773322 0.981399 116.882 -0.00306368 0.996862 -0.0790991 -8.3637 -0.984437 -0.0169055 -0.174925 76.3428
-0.18953 0.0774422 0.978816 118.084 -0.00110839 0.996867 -0.0790849 -8.47278 -0.981874 -0.0160739 -0.18885 76.1152
-0.203899 0.0752542 0.976095 119.284 -0.000729111 0.997029 -0.0770204 -8.58307 -0.978992 -0.0164161 -0.203239 75.8717
-0.218277 0.0779324 0.97277 120.501 0.00405193 0.99687 -0.0789539 -8.68826 -0.975879 -0.0132922 -0.21791 75.5899
-0.232724 0.081385 0.969131 121.674 0.00500626 0.99658 -0.0824878 -8.79805 -0.97253 -0.0143452 -0.232335 75.3027
-0.24686 0.0851966 0.965298 122.83 0.00557183 0.996236 -0.0865021 -8.91285 -0.969035 -0.0159754 -0.246405 74.9941
-0.262532 0.083006 0.961346 124.019 0.00270394 0.996353 -0.0852901 -9.0279 -0.96492 -0.0197919 -0.261799 74.6739
-0.279085 0.0769392 0.957179 125.207 -0.00256261 0.996722 -0.0808648 -9.14679 -0.960263 -0.025021 -0.277973 74.3595
-0.294404 0.0726114 0.952918 126.381 -0.00624512 0.996942 -0.0778954 -9.2616 -0.955661 -0.0288838 -0.293051 74.0088
-0.308998 0.0736432 0.948207 127.547 -0.00793389 0.996764 -0.0799997 -9.37492 -0.95103 -0.0322427 -0.307413 73.6369
-0.322831 0.0756732 0.943426 128.703 -0.00780996 0.996552 -0.0826068 -9.48484 -0.946425 -0.0340362 -0.321127 73.2436
-0.336429 0.0779745 0.938475 129.853 -0.00572585 0.996379 -0.084838 -9.59743 -0.941692 -0.0339155 -0.334764 72.8335
-0.350139 0.0779939 0.933445 131.002 -0.00355152 0.99641 -0.084587 -9.70599 -0.936691 -0.0329324 -0.348605 72.4012
-0.364373 0.0759884 0.928147 132.125 -0.00387195 0.996534 -0.0831071 -9.82016 -0.931245 -0.0338757 -0.362815 71.9731
-0.378477 0.0748364 0.92258 133.258 -0.00408929 0.996582 -0.0825166 -9.92799 -0.925602 -0.0350034 -0.376877 71.5087
-0.392839 0.0761133 0.916452 134.384 -0.00522642 0.996368 -0.0849908 -10.0391 -0.919592 -0.0381775 -0.391015 71.0269
-0.407453 0.0783294 0.90986 135.476 -0.00356775 0.996171 -0.0873574 -10.154 -0.913219 -0.0388402 -0.405614 70.5463
-0.422287 0.0800162 0.902923 136.553 -0.00212789 0.996007 -0.0892603 -10.2708 -0.90646 -0.0396148 -0.42043 70.0595
-0.436687 0.0824451 0.895828 137.637 0.000476397 0.995813 -0.0914147 -10.3883 -0.899614 -0.0394928 -0.434898 69.5385
-0.451361 0.085611 0.888225 138.725 -8.58219e-05 0.995384 -0.0959829 -10.5055 -0.892342 -0.0433991 -0.44927 68.9958
-0.466401 0.0877952 0.880206 139.802 0.000996869 0.995114 -0.0987283 -10.6259 -0.884573 -0.0451695 -0.464209 68.4334
-0.48144 0.0857046 0.872279 140.872 0.000229479 0.995221 -0.0976574 -10.7475 -0.876479 -0.046816 -0.479158 67.8488
-0.497183 0.0818377 0.863777 141.925 -0.00184132 0.99544 -0.0953717 -10.8699 -0.867644 -0.0490077 -0.494766 67.254
-0.513068 0.0818558 0.854436 142.993 -0.00179981 0.995338 -0.096435 -10.9938 -0.858346 -0.0510155 -0.510528 66.6256
-0.528652 0.0810518 0.84496 144.075 -0.0028176 0.995258 -0.0972317 -11.1147 -0.848834 -0.0537825 -0.525917 65.9675
-0.543261 0.0800155 0.835742 145.07 -0.00284251 0.995268 -0.0971364 -11.2444 -0.839559 -0.055146 -0.540462 65.3007
-0.557894 0.0794037 0.826105 146.093 -0.00389224 0.995152 -0.0982805 -11.3743 -0.829903 -0.0580455 -0.55488 64.6044
-0.572216 0.0791045 0.816278 147.119 -0.00330369 0.995107 -0.0987504 -11.503 -0.820096 -0.0592033 -0.569155 63.8843
-0.586689 0.0768088 0.806161 148.142 -0.00293343 0.995284 -0.0969626 -11.6308 -0.809807 -0.0592518 -0.583697 63.1445
-0.600869 0.0738287 0.79593 149.147 -0.00191367 0.99559 -0.0937933 -11.7576 -0.799345 -0.0578807 -0.598078 62.3885
-0.614836 0.0723971 0.785324 150.107 -0.000681504 0.995729 -0.0923271 -11.8834 -0.788654 -0.0573013 -0.612161 61.6338
-0.628327 0.0711468 0.774689 151.091 -0.000571843 0.995767 -0.0919141 -12.0067 -0.777949 -0.0581952 -0.625627 60.8344
-0.641976 0.0723057 0.763307 152.062 -0.00121135 0.995447 -0.0953142 -12.1319 -0.766724 -0.0621141 -0.638965 60.0137
-0.656641 0.0722475 0.750735 153.031 -0.00253268 0.995185 -0.0979875 -12.256 -0.754199 -0.066244 -0.653296 59.1771
-0.671838 0.0695034 0.73743 153.975 -0.00370095 0.995261 -0.0971758 -12.3817 -0.740689 -0.0680156 -0.668396 58.3278
-0.687558 0.0628427 0.723405 154.901 -0.00655192 0.995671 -0.0927218 -12.5041 -0.7261 -0.0684913 -0.68417 57.4574
-0.703029 0.061603 0.708487 155.786 -0.00546978 0.995744 -0.0920075 -12.6337 -0.711139 -0.0685593 -0.6997 56.5633
-0.720519 0.0587336 0.690943 156.689 -0.0069976 0.99574 -0.09194 -12.7565 -0.693399 -0.0710795 -0.717039 55.6507
-0.73754 0.0556781 0.673004 157.568 -0.00893023 0.995704 -0.0921617 -12.881 -0.675244 -0.073983 -0.733875 54.7021
-0.753929 0.0542191 0.654715 158.423 -0.0078398 0.995775 -0.0914912 -13.0047 -0.656909 -0.0741106 -0.750319 53.7321
-0.769697 0.0566084 0.635894 159.233 -0.00484198 0.995515 -0.0944831 -13.1371 -0.63839 -0.0758024 -0.765971 52.7588
-0.784807 0.0562559 0.617182 160.044 -0.000762627 0.995784 -0.0917348 -13.2657 -0.61974 -0.0724648 -0.781455 51.7395
-0.798914 0.0584509 0.598598 160.813 0.00433314 0.9958 -0.0914529 -13.3953 -0.601429 -0.0704692 -0.795812 50.7051
-0.812507 0.05962 0.579894 161.561 0.00639348 0.995608 -0.0934021 -13.5261 -0.582916 -0.0721823 -0.80932 49.6403
-0.8265 0.0615559 0.55956 162.283 0.00823384 0.99522 -0.0973197 -13.658 -0.562876 -0.0758274 -0.823056 48.6041
-0.839003 0.0629337 0.540475 162.978 0.0124084 0.995244 -0.0966253 -13.7937 -0.543985 -0.0743625 -0.835793 47.5166
-0.850591 0.0619773 0.522161 163.648 0.0148463 0.995465 -0.0939708 -13.9258 -0.525617 -0.0721786 -0.847654 46.414
-0.860921 0.0643613 0.504651 164.298 0.0184861 0.995268 -0.0953958 -14.0583 -0.508402 -0.0727992 -0.858037 45.2957
-0.87035 0.0677353 0.487752 164.92 0.022323 0.994904 -0.0983311 -14.1911 -0.491926 -0.0746944 -0.867427 44.1847
-0.879968 0.0654914 0.470496 165.532 0.0208781 0.994826 -0.0994278 -14.3297 -0.474574 -0.0776702 -0.876782 43.0892
-0.888604 0.0631097 0.454313 166.129 0.0203001 0.99493 -0.0985023 -14.4593 -0.458226 -0.0783069 -0.88538 41.9529
-0.896074 0.0605252 0.439758 166.707 0.0188916 0.994964 -0.098445 -14.5889 -0.443501 -0.0799063 -0.892705 40.8069
-0.902869 0.0588993 0.425862 167.272 0.0187806 0.995029 -0.0978016 -14.7209 -0.429505 -0.0803041 -0.899487 39.6436
-0.909368 0.0566389 0.412118 167.82 0.0180836 0.995134 -0.0968618 -14.8517 -0.415598 -0.0806305 -0.905967 38.4715
-0.915242 0.0525863 0.399456 168.351 0.0165664 0.99552 -0.0930972 -14.9773 -0.402562 -0.078589 -0.912013 37.2914
-0.920519 0.0493342 0.387569 168.867 0.015615 0.995849 -0.0896753 -15.0986 -0.390384 -0.076496 -0.917469 36.1041
-0.924929 0.0510929 0.37669 169.363 0.019904 0.996077 -0.0862316 -15.2186 -0.379617 -0.0722605 -0.922317 34.9136
-0.928298 0.0541527 0.367872 169.851 0.023184 0.995843 -0.08809 -15.3413 -0.371113 -0.073245 -0.925695 33.7114
-0.930155 0.0596939 0.362282 170.268 0.0293295 0.995623 -0.0887469 -15.477 -0.365994 -0.0719227 -0.927834 32.534
-0.931374 0.0631478 0.358545 170.732 0.0328347 0.995399 -0.0900189 -15.6147 -0.362579 -0.0720686 -0.929162 31.2667
-0.93334 0.0601883 0.353913 171.187 0.0305702 0.99559 -0.0886953 -15.7391 -0.35769 -0.0719637 -0.931063 30.075
-0.935301 0.0525686 0.349925 171.648 0.0242059 0.996092 -0.0849416 -15.8596 -0.353023 -0.0709757 -0.932919 28.8613
-0.937192 0.0463289 0.345721 172.103 0.018586 0.996366 -0.0831354 -15.9779 -0.348316 -0.0714883 -0.934647 27.6453
-0.938816 0.040207 0.342063 172.552 0.0120865 0.996398 -0.0839465 -16.0985 -0.344206 -0.0746759 -0.93592 26.4254
-0.940017 0.0388041 0.338912 172.994 0.0100465 0.996228 -0.0861985 -16.2197 -0.340979 -0.0776232 -0.936861 25.2074
-0.94085 0.0398932 0.336466 173.429 0.0104585 0.995991 -0.088845 -16.3409 -0.338661 -0.0800709 -0.937496 24.0139
-0.941063 0.0402554 0.335827 173.868 0.0102532 0.995832 -0.0906377 -16.4682 -0.338076 -0.0818524 -0.937553 22.7903
-0.941056 0.0424356 0.335578 174.306 0.0119785 0.995658 -0.0923146 -16.5971 -0.338038 -0.0828535 -0.937479 21.5762
-0.940696 0.044465 0.336323 174.741 0.0133612 0.995461 -0.0942374 -16.7227 -0.338986 -0.0841551 -0.93702 20.382
-0.940277 0.0457083 0.337328 175.185 0.0138091 0.995251 -0.0963657 -16.8558 -0.34013 -0.0859522 -0.936442 19.161
-0.939714 0.04713 0.338697 175.628 0.0151878 0.995232 -0.0963484 -16.9856 -0.341623 -0.0853959 -0.935949 17.9585
-0.938595 0.0482007 0.341637 176.061 0.0160777 0.995229 -0.0962428 -17.121 -0.344646 -0.0848402 -0.934891 16.7359
-0.937316 0.0472002 0.34527 176.506 0.014502 0.99521 -0.0966812 -17.2496 -0.348179 -0.0856137 -0.933511 15.535
-0.935848 0.0464605 0.349326 176.951 0.0139969 0.99539 -0.0948892 -17.3749 -0.352124 -0.0839124 -0.932184 14.3526
-0.933636 0.0447458 0.355417 177.414 0.0124104 0.995613 -0.0927435 -17.4991 -0.358007 -0.0821778 -0.930096 13.1411
-0.931026 0.0423959 0.362481 177.882 0.0101104 0.995845 -0.0905056 -17.6218 -0.364811 -0.0805983 -0.927587 11.9431
-0.928157 0.044928 0.369467 178.368 0.0121993 0.995827 -0.0904481 -17.7455 -0.371988 -0.0794428 -0.924832 10.7428
-0.924877 0.0457123 0.377508 178.863 0.012116 0.995787 -0.0908956 -17.8711 -0.380072 -0.0794933 -0.921535 9.54863
-0.920824 0.0490795 0.386877 179.375 0.0136581 0.9955 -0.0937813 -17.992 -0.389739 -0.081072 -0.91735 8.35329
-0.916351 0.0514956 0.39705 179.888 0.0154551 0.995505 -0.0934435 -18.1129 -0.400077 -0.0794906 -0.913028 7.17212
-0.911079 0.0536463 0.408725 180.408 0.0159414 0.99534 -0.0951062 -18.2447 -0.411922 -0.0801336 -0.907689 6.00154
-0.904694 0.0564088 0.42231 180.951 0.0169827 0.995184 -0.0965471 -18.3745 -0.425722 -0.0801736 -0.901295 4.81854
-0.898156 0.0593656 0.435651 181.5 0.0185385 0.995075 -0.0973776 -18.5025 -0.439286 -0.0793839 -0.894833 3.65996
-0.891705 0.0592855 0.448718 182.078 0.0184866 0.995328 -0.0947675 -18.6333 -0.45224 -0.0762093 -0.888635 2.51117
-0.884997 0.06214 0.461431 182.672 0.0198652 0.995191 -0.09592 -18.7653 -0.465172 -0.0757225 -0.881976 1.37481
-0.877885 0.064703 0.47448 183.282 0.0219065 0.995219 -0.0951826 -18.8959 -0.47837 -0.0731651 -0.875105 0.247443
-0.870314 0.0678158 0.487806 183.91 0.0249795 0.995278 -0.0937985 -19.0247 -0.491863 -0.069449 -0.867898 -0.870547
-0.862278 0.0690727 0.501702 184.583 0.0261911 0.995412 -0.0920302 -19.1565 -0.505757 -0.0662155 -0.860131 -1.99498
-0.853571 0.0718415 0.516 185.263 0.0288685 0.995448 -0.0908393 -19.2882 -0.520177 -0.0626416 -0.851759 -3.10535
-0.84345 0.0767388 0.531698 185.939 0.0340954 0.995397 -0.0895765 -19.4084 -0.536125 -0.0574248 -0.842184 -4.19352
-0.83209 0.0796695 0.548889 186.607 0.0349772 0.995198 -0.0914257 -19.521 -0.553537 -0.0568758 -0.83088 -5.25766
-0.821424 0.0829434 0.564254 187.329 0.0371864 0.995053 -0.0921342 -19.6371 -0.569105 -0.0546986 -0.820444 -6.28883
-0.810195 0.0843833 0.580055 188.061 0.0378605 0.995051 -0.0918727 -19.7585 -0.584937 -0.0524736 -0.80938 -7.29728
-0.796997 0.0885936 0.597451 188.826 0.0410335 0.994841 -0.0927823 -19.8872 -0.602588 -0.0494317 -0.79652 -8.3355
-0.784745 0.0923896 0.612894 189.574 0.043166 0.994574 -0.0946556 -20.0087 -0.618314 -0.0478243 -0.784476 -9.28824
-0.771657 0.0937092 0.629098 190.356 0.0451041 0.99466 -0.0928373 -20.1377 -0.634438 -0.0432636 -0.771762 -10.2176
-0.757345 0.09571 0.645962 191.131 0.0476833 0.994666 -0.0914708 -20.2691 -0.651271 -0.0384734 -0.75787 -11.1252
-0.740479 0.0983968 0.664837 191.966 0.0484887 0.994469 -0.0931771 -20.3931 -0.670328 -0.0367586 -0.741154 -12.0511
-0.722023 0.100975 0.684461 192.783 0.0479969 0.99422 -0.0960418 -20.5236 -0.690203 -0.0364923 -0.722696 -12.9546
-0.704469 0.102071 0.702357 193.63 0.0473775 0.994161 -0.0969575 -20.6538 -0.708152 -0.0350276 -0.705191 -13.8035
-0.684656 0.101898 0.721708 194.492 0.0453605 0.994217 -0.0973418 -20.7838 -0.727453 -0.0339085 -0.685319 -14.6451
-0.664927 0.102048 0.739904 195.377 0.0430689 0.994213 -0.0984181 -20.9123 -0.745666 -0.0335739 -0.665474 -15.4418
-0.644948 0.102317 0.757346 196.277 0.0400767 0.994162 -0.100181 -21.0436 -0.763175 -0.0342598 -0.645284 -16.2104
-0.624168 0.103002 0.774471 197.221 0.0364362 0.994031 -0.102838 -21.1577 -0.78044 -0.0359691 -0.624195 -16.9642
-0.602518 0.102539 0.791491 198.167 0.0331576 0.994073 -0.103543 -21.2857 -0.797416 -0.0361425 -0.602346 -17.6957
-0.579063 0.103199 0.808724 199.119 0.0326035 0.994095 -0.103508 -21.4187 -0.81463 -0.0335707 -0.579009 -18.3971
-0.555999 0.10415 0.824632 200.094 0.0321552 0.994072 -0.103869 -21.5553 -0.830561 -0.0312351 -0.556052 -19.0352
-0.529235 0.106837 0.841722 201.094 0.0322498 0.993858 -0.10587 -21.6943 -0.847862 -0.0288849 -0.52943 -19.6971
-0.501997 0.107742 0.858132 202.095 0.0314608 0.993829 -0.106375 -21.8327 -0.864297 -0.0264022 -0.502289 -20.2985
-0.47328 0.107583 0.874318 203.142 0.0303942 0.993918 -0.105847 -21.9739 -0.880387 -0.0235211 -0.473672 -20.8964
-0.44409 0.105428 0.889758 204.178 0.0282241 0.994207 -0.103717 -22.1146 -0.895538 -0.0209471 -0.444493 -21.4466
-0.413011 0.107623 0.904344 205.231 0.0279974 0.994025 -0.105509 -22.2492 -0.910296 -0.0182572 -0.413556 -21.9488
-0.381687 0.109368 0.917798 206.314 0.0275184 0.99388 -0.10699 -22.3956 -0.923882 -0.0155802 -0.382361 -22.4193
-0.349699 0.110215 0.930357 207.402 0.0277178 0.993839 -0.107317 -22.5408 -0.936452 -0.0117412 -0.350599 -22.8424
-0.318858 0.110052 0.941392 208.523 0.0284068 0.9939 -0.106569 -22.6831 -0.947377 -0.00723833 -0.320039 -23.2143
-0.285788 0.109498 0.952016 209.674 0.0255731 0.993969 -0.106646 -22.8196 -0.957952 -0.00613201 -0.286865 -23.5845
-0.252569 0.108683 0.961455 210.797 0.0257582 0.994075 -0.105604 -22.9546 -0.967236 -0.0019069 -0.253872 -23.8812
-0.218166 0.106709 0.97006 211.952 0.0238645 0.994291 -0.104007 -23.0894 -0.97562 0.000459138 -0.219467 -24.1555
-0.182876 0.10568 0.977439 213.104 0.0227111 0.994395 -0.103264 -23.2205 -0.982874 0.00331412 -0.184251 -24.3914
-0.148331 0.105588 0.983285 214.271 0.020453 0.994399 -0.103696 -23.3442 -0.988726 0.00472982 -0.14966 -24.5778
-0.113229 0.105827 0.987917 215.438 0.0191886 0.99436 -0.104318 -23.4683 -0.993384 0.00714493 -0.114622 -24.7195
-0.077811 0.106534 0.99126 216.607 0.0176817 0.994266 -0.105469 -23.593 -0.996812 0.00932058 -0.0792487 -24.8208
-0.0428999 0.107393 0.99329 217.799 0.0146755 0.994167 -0.106854 -23.722 -0.998972 0.00999306 -0.0442259 -24.8844
-0.00783493 0.107542 0.994169 218.983 0.0118281 0.994141 -0.107446 -23.8491 -0.9999 0.0109173 -0.00906126 -24.9133
0.0263732 0.107292 0.993878 220.185 0.0082809 0.994167 -0.107543 -23.9825 -0.999618 0.0110665 0.0253307 -24.8999
0.0595065 0.108004 0.992368 221.359 0.00535783 0.994081 -0.108512 -24.115 -0.998214 0.0117741 0.0585754 -24.8396
0.0931919 0.108078 0.989765 222.555 0.00535605 0.994023 -0.109047 -24.2516 -0.995634 0.0154636 0.0920558 -24.7547
0.12506 0.106171 0.986452 223.714 0.00436834 0.99419 -0.107557 -24.3838 -0.99214 0.0177602 0.123869 -24.6157
0.154546 0.104846 0.982406 224.849 0.00438948 0.994271 -0.106803 -24.5173 -0.987976 0.0208182 0.1532 -24.4216
0.184595 0.104461 0.977247 226.072 0.00301631 0.994271 -0.106851 -24.6717 -0.98281 0.0226718 0.183222 -24.2061
0.215021 0.10305 0.971157 227.247 0.00413974 0.994313 -0.106424 -24.8227 -0.976601 0.0269037 0.213371 -23.9627
0.245389 0.101452 0.964101 228.383 0.00564041 0.994343 -0.10607 -24.9611 -0.969409 0.0314663 0.243429 -23.6837
0.27557 0.0994881 0.956119 229.54 0.00603226 0.994432 -0.105213 -25.0998 -0.961263 0.0347611 0.273435 -23.3724
0.305833 0.0982242 0.947004 230.689 0.00598783 0.994447 -0.105079 -25.2335 -0.952067 0.037807 0.303547 -23.0254
0.335176 0.097908 0.937054 231.816 0.00627454 0.994333 -0.106137 -25.3653 -0.942135 0.0414541 0.332662 -22.6369
0.363637 0.097378 0.926437 232.922 0.0060653 0.994254 -0.106887 -25.4978 -0.931522 0.0444871 0.360956 -22.212
0.391469 0.0954554 0.915227 234.02 0.00547622 0.994347 -0.10605 -25.6302 -0.920176 0.046527 0.388732 -21.7492
0.418835 0.0945808 0.903123 235.107 0.00396508 0.994362 -0.105975 -25.7667 -0.908054 0.0479668 0.416098 -21.2487
0.446568 0.0962818 0.889554 236.197 0.00290406 0.994033 -0.109048 -25.8979 -0.894745 0.0512807 0.443624 -20.7057
0.474034 0.0978398 0.875054 237.254 0.00196194 0.993688 -0.112167 -26.0335 -0.880505 0.0548877 0.470849 -20.1426
0.500767 0.0963273 0.860205 238.293 0.00176251 0.993674 -0.112299 -26.1673 -0.865581 0.0577518 0.497429 -19.5397
0.526449 0.0935802 0.845041 239.293 0.00141993 0.993827 -0.110941 -26.3087 -0.850206 0.0596048 0.523066 -18.907
0.550409 0.0916561 0.829849 240.283 -0.000973389 0.994026 -0.109144 -26.4518 -0.834895 0.0592658 0.54721 -18.2407
0.572345 0.0923629 0.814794 241.258 -0.00434247 0.993965 -0.109623 -26.5945 -0.820002 0.0592038 0.569292 -17.5431
0.592364 0.0927203 0.800317 242.252 -0.00737235 0.993939 -0.109695 -26.7408 -0.805637 0.0590794 0.589457 -16.7954
0.610998 0.0913052 0.786349 243.218 -0.00918481 0.994078 -0.108288 -26.8841 -0.791579 0.0589415 0.608218 -16.0333
0.629104 0.0887329 0.772239 244.176 -0.0105538 0.994348 -0.105656 -27.0254 -0.77725 0.0583186 0.626485 -15.2554
0.647467 0.0853979 0.757294 245.164 -0.0106508 0.99462 -0.103054 -27.1717 -0.76202 0.0586583 0.644892 -14.4584
0.664156 0.0827816 0.742997 246.104 -0.0108833 0.994817 -0.10111 -27.3096 -0.747516 0.0590663 0.661614 -13.6463
0.67972 0.0800764 0.729087 246.99 -0.00966024 0.994915 -0.100266 -27.4469 -0.733409 0.0611097 0.677037 -12.8308
0.695196 0.0793002 0.714432 247.896 -0.0110011 0.994955 -0.0997324 -27.5857 -0.718736 0.0614741 0.692561 -11.9819
0.707908 0.0781756 0.701965 248.687 -0.011183 0.994973 -0.0995291 -27.702 -0.706217 0.0626073 0.705223 -11.1011
0.722716 0.0762359 0.686927 249.552 -0.012924 0.995216 -0.0968525 -27.8291 -0.691024 0.0611191 0.720244 -10.2154
0.737035 0.073252 0.671873 250.398 -0.0129777 0.995461 -0.094295 -27.9541 -0.67573 0.0607794 0.73464 -9.30872
0.751443 0.0711948 0.655946 251.267 -0.0132772 0.995593 -0.0928487 -28.0835 -0.659665 0.0610614 0.749076 -8.35003
0.764666 0.0704614 0.640562 252.073 -0.0130525 0.995495 -0.0939221 -28.2149 -0.644295 0.0634582 0.762141 -7.40409
0.777078 0.0690504 0.625605 252.879 -0.0131727 0.995531 -0.0935182 -28.3481 -0.629267 0.06443 0.774515 -6.4209
0.788623 0.0675799 0.611152 253.666 -0.0139103 0.995649 -0.0921468 -28.4783 -0.61472 0.0641678 0.786132 -5.41863
0.797884 0.0650861 0.599287 254.358 -0.0139547 0.995883 -0.0895793 -28.5995 -0.60265 0.063111 0.795507 -4.40317
0.806598 0.0623948 0.587798 255.052 -0.0127968 0.996025 -0.0881676 -28.7205 -0.590962 0.0635939 0.804189 -3.36259
0.815698 0.0621649 0.575128 255.795 -0.0135573 0.995991 -0.088427 -28.8347 -0.57832 0.0643326 0.81327 -2.27929
0.824242 0.0594851 0.563104 256.509 -0.010149 0.99586 -0.0903445 -28.9531 -0.566147 0.0687507 0.821433 -1.21822
0.832192 0.057456 0.551502 257.205 -0.00956473 0.995958 -0.0893266 -29.07 -0.554405 0.069062 0.829377 -0.163051
0.839389 0.0538838 0.540854 257.893 -0.00703351 0.996069 -0.0883194 -29.1921 -0.543487 0.0703302 0.836467 0.888067
0.845677 0.052556 0.531101 258.572 -0.00606995 0.996023 -0.0888975 -29.3063 -0.533661 0.0719549 0.842632 2.00169
0.850637 0.0523601 0.523139 259.247 -0.006659 0.996023 -0.0888621 -29.4246 -0.525711 0.0721059 0.847602 3.13532
0.85392 0.0519189 0.517808 259.916 -0.00752319 0.99614 -0.0874728 -29.5446 -0.52035 0.0707993 0.851013 4.27217
0.856599 0.0507079 0.513485 260.582 -0.00749898 0.996279 -0.0858747 -29.6676 -0.515929 0.0697096 0.853791 5.39068
0.858827 0.0502364 0.509796 261.238 -0.00724776 0.996273 -0.0859645 -29.7831 -0.512215 0.0701337 0.85599 6.50406
0.861248 0.0494216 0.505776 261.899 -0.00712769 0.996338 -0.0852189 -29.9061 -0.508135 0.0697896 0.858446 7.62464
0.86275 0.0478337 0.503363 262.545 -0.00672529 0.996514 -0.0831695 -30.0275 -0.505587 0.0683692 0.860063 8.7518
0.864653 0.0458351 0.500274 263.204 -0.0052026 0.996594 -0.0823156 -30.1464 -0.502342 0.0685717 0.861946 9.89612
0.866798 0.0441212 0.496704 263.857 -0.0035231 0.996596 -0.082377 -30.2655 -0.498648 0.0696543 0.864002 11.0433
0.869514 0.0423909 0.492085 264.551 -0.00218223 0.996631 -0.0819988 -30.3742 -0.493903 0.0702253 0.866677 12.2519
0.871573 0.0464285 0.488063 265.249 -0.0061715 0.996467 -0.0837707 -30.4843 -0.490228 0.0700002 0.868779 13.5706
0.873809 0.051432 0.483542 266.027 -0.0110417 0.996234 -0.0860106 -30.622 -0.486145 0.0698177 0.871085 15.0155
0.876405 0.0537107 0.478569 266.799 -0.0136025 0.996127 -0.0868863 -30.7633 -0.481382 0.0696379 0.87374 16.4714
0.878567 0.0530279 0.474667 267.558 -0.0132622 0.996144 -0.0867376 -30.9061 -0.477436 0.0699096 0.875881 17.8857
0.880659 0.0546599 0.470587 268.303 -0.0156433 0.996136 -0.0864284 -31.0564 -0.473493 0.0687525 0.878111 19.281
0.881844 0.0554929 0.468264 269.036 -0.0166357 0.996095 -0.0867159 -31.21 -0.471248 0.06868 0.879323 20.6814
0.883539 0.0535067 0.465292 269.766 -0.0148712 0.996158 -0.0863149 -31.3655 -0.468122 0.0693431 0.880939 22.0583
0.884276 0.0534896 0.463891 270.393 -0.014203 0.99604 -0.0877755 -31.4867 -0.466749 0.0710291 0.881533 23.2179
0.884536 0.0533121 0.463416 271.016 -0.0135333 0.995964 -0.0887453 -31.6103 -0.466276 0.0722269 0.881686 24.4012
