1 0 0 0 0 1 0 0 0 0 1 0
0.999965 0.00391811 -0.00739297 0.089372 -0.00395896 0.999977 -0.00551779 0.104612 0.00737118 0.00554686 0.999957 0.825267
0.99996 0.000634662 -0.00891829 0.107023 -0.00070512 0.999969 -0.00789948 0.11485 0.008913 0.00790546 0.999929 1.77409
0.999956 -0.00181647 -0.0091798 0.105307 0.00177621 0.999989 -0.00439188 0.117053 0.00918767 0.00437538 0.999948 2.72859
0.99992 -0.00532025 -0.0114503 0.119129 0.00532717 0.999986 0.000573522 0.12614 0.0114471 -0.000634473 0.999934 3.66967
0.999875 -0.00909306 -0.0128909 0.11134 0.00910068 0.999958 0.000533072 0.127936 0.0128855 -0.000650321 0.999917 4.62425
0.99983 -0.0117384 -0.0141902 0.102471 0.0117133 0.99993 -0.00185599 0.128476 0.014211 0.00168946 0.999898 5.57879
0.999791 -0.0129147 -0.0158611 0.0960858 0.0128333 0.999904 -0.00522306 0.12498 0.0159271 0.00501842 0.999861 6.51962
0.999772 -0.0126496 -0.0172229 0.0829604 0.0125517 0.999904 -0.00578235 0.123156 0.0172944 0.00556485 0.999835 7.46767
0.999734 -0.0127701 -0.0191881 0.0720982 0.0126858 0.999909 -0.00450906 0.130285 0.019244 0.00426444 0.999806 8.40307
0.999704 -0.0122471 -0.0210258 0.060081 0.0121977 0.999923 -0.00247347 0.139235 0.0210545 0.00221627 0.999776 9.33756
0.999666 -0.0125016 -0.022621 0.0466829 0.0124703 0.999921 -0.00152613 0.142222 0.0226383 0.00124353 0.999743 10.2843
0.999647 -0.0132253 -0.0230542 0.0257894 0.0132051 0.999912 -0.0010274 0.140432 0.0230657 0.000722601 0.999734 11.2034
0.999608 -0.0135812 -0.0244892 0.00936462 0.0135537 0.999907 -0.0012857 0.144315 0.0245043 0.000953274 0.999699 12.1257
0.999593 -0.0137902 -0.0249786 -0.0186472 0.0137212 0.999902 -0.00293308 0.144681 0.0250166 0.00258915 0.999684 13.0347
0.999533 -0.0145832 -0.0268517 -0.0416631 0.0144569 0.999883 -0.00489397 0.143441 0.0269199 0.00450349 0.999627 13.9795
0.999448 -0.0160001 -0.0291229 -0.0566178 0.0158269 0.999856 -0.00616915 0.137421 0.0292174 0.00570482 0.999557 14.9047
0.999376 -0.0156675 -0.0316595 -0.0777697 0.0154577 0.999857 -0.00686053 0.132417 0.0317625 0.00636686 0.999475 15.8273
0.999326 -0.0141631 -0.0338673 -0.102671 0.0139109 0.999874 -0.00767198 0.124075 0.0339717 0.00719568 0.999397 16.7124
0.999267 -0.0126531 -0.0361318 -0.129882 0.0123893 0.999895 -0.00751611 0.11611 0.0362231 0.00706296 0.999319 17.5977
0.999186 -0.013209 -0.0381125 -0.158211 0.0129639 0.999894 -0.00667159 0.108684 0.0381965 0.00617207 0.999251 18.4874
0.999132 -0.012165 -0.0398504 -0.199016 0.0119791 0.999916 -0.00490132 0.0999863 0.0399066 0.0044197 0.999193 19.4027
0.99908 -0.0119161 -0.0411999 -0.241845 0.0117697 0.999923 -0.00379448 0.0871612 0.041242 0.00330608 0.999144 20.2895
0.999003 -0.0128778 -0.042752 -0.283804 0.0127341 0.999912 -0.00363064 0.0787967 0.042795 0.00308261 0.999079 21.1758
0.998959 -0.0134038 -0.0436055 -0.332534 0.0132524 0.999905 -0.00376108 0.0714251 0.0436517 0.00317929 0.999042 22.0743
0.99894 -0.0128112 -0.0442003 -0.38663 0.0126858 0.999915 -0.00311746 0.0662689 0.0442365 0.00255345 0.999018 22.93
0.998938 -0.0125688 -0.0443301 -0.435779 0.0125051 0.99992 -0.00171561 0.0641177 0.0443481 0.00115944 0.999015 23.7999
0.998847 -0.0132333 -0.0461512 -0.460507 0.0132968 0.999911 0.00106924 0.0620223 0.0461329 -0.00168166 0.998934 24.6556
0.998844 -0.0140383 -0.0459796 -0.508853 0.0140914 0.9999 0.000830542 0.0813343 0.0459633 -0.00147749 0.998942 25.4944
0.998725 -0.014571 -0.048333 -0.532097 0.0145889 0.999893 1.74494e-05 0.0762048 0.0483276 -0.000722551 0.998831 26.3534
0.998602 -0.0129431 -0.0512504 -0.554717 0.0128551 0.999915 -0.00204757 0.0681359 0.0512726 0.00138588 0.998684 27.1819
0.998541 -0.0127527 -0.0524644 -0.59528 0.0125654 0.999913 -0.00389748 0.0681721 0.0525095 0.00323257 0.998615 27.9905
0.998468 -0.0121616 -0.0539835 -0.632183 0.0119412 0.999919 -0.00440349 0.0694322 0.0540327 0.00375211 0.998532 28.8112
0.998396 -0.0124511 -0.0552314 -0.677647 0.0121668 0.999911 -0.00548038 0.0705668 0.0552947 0.0047996 0.998458 29.5988
0.998276 -0.0120256 -0.0574431 -0.720548 0.0116856 0.999912 -0.0062512 0.0631228 0.0575132 0.00556917 0.998329 30.384
0.998203 -0.0110441 -0.0588978 -0.774624 0.0107588 0.999929 -0.00515985 0.0446126 0.0589505 0.00451691 0.99825 31.1491
0.998078 -0.0107441 -0.0610323 -0.81922 0.0105193 0.999937 -0.00400366 0.04402 0.0610715 0.00335394 0.998127 31.9294
0.997974 -0.0104981 -0.0627561 -0.881045 0.0104073 0.999944 -0.00177325 0.0416021 0.0627712 0.00111653 0.998027 32.6735
0.997864 -0.00935858 -0.0646488 -0.936295 0.00937138 0.999956 -0.000105403 0.0390813 0.0646469 -0.000500667 0.997908 33.4288
0.997811 -0.00825917 -0.0656142 -1.00032 0.00826159 0.999966 -0.0002345 0.0453912 0.0656138 -0.000308088 0.997845 34.1586
0.997713 -0.00542638 -0.0673694 -1.05568 0.00538811 0.999985 -0.000749814 0.0419634 0.0673724 0.000385109 0.997728 34.896
0.997637 -0.0035956 -0.0686074 -1.12065 0.00350849 0.999993 -0.00139022 0.0411253 0.0686119 0.00114623 0.997642 35.6024
0.99758 -0.00256228 -0.0694838 -1.1875 0.00253616 0.999997 -0.000464269 0.0435346 0.0694847 0.000286925 0.997583 36.2981
0.997609 -0.000581518 -0.0691107 -1.26235 0.000640124 0.999999 0.000825751 0.0517715 0.0691101 -0.000868013 0.997608 36.9966
0.997699 0.00255082 -0.067745 -1.33971 -0.00250829 0.999997 0.000712684 0.0586661 0.0677465 -0.000541118 0.997702 37.6791
0.99781 0.00581104 -0.0658881 -1.39832 -0.00593535 0.999981 -0.00169131 0.0612754 0.065877 0.00207868 0.997825 38.367
0.997893 0.00707366 -0.0644859 -1.4398 -0.00738653 0.999962 -0.00461467 0.0594093 0.0644508 0.00508128 0.997908 39.0523
0.998043 0.00720997 -0.0621097 -1.48602 -0.00762365 0.99995 -0.0064261 0.0578836 0.0620603 0.00688702 0.998048 39.7166
0.99819 0.00865537 -0.0595047 -1.51335 -0.0090174 0.999942 -0.0058185 0.061094 0.059451 0.00634455 0.998211 40.3969
0.998308 0.0134932 -0.0565606 -1.54851 -0.0137093 0.9999 -0.00343332 0.0621502 0.0565087 0.00420291 0.998393 41.0458
0.998444 0.0184905 -0.0526044 -1.59257 -0.0185404 0.999828 -0.000460298 0.0610256 0.0525868 0.00143489 0.998615 41.668
0.99856 0.0245338 -0.0477025 -1.63436 -0.0245525 0.999699 0.000193463 0.0632938 0.0476928 0.000978035 0.998861 42.2782
0.998711 0.0276986 -0.0425257 -1.65968 -0.0276974 0.999616 0.000617306 0.0634555 0.0425265 0.000561345 0.999095 42.8754
0.998849 0.0314585 -0.0362025 -1.69531 -0.0313926 0.999504 0.00238887 0.0674515 0.0362598 -0.00124962 0.999341 43.4348
0.998886 0.036809 -0.029525 -1.72413 -0.03674 0.999321 0.00287746 0.0788787 0.0296108 -0.00178951 0.99956 43.9828
0.998953 0.0402197 -0.0217808 -1.74854 -0.0401738 0.999189 0.00253961 0.0772029 0.0218653 -0.00166193 0.999759 44.5076
0.998983 0.0425032 -0.0150604 -1.74867 -0.0424674 0.999094 0.00268931 0.0720935 0.0151611 -0.00204699 0.999883 45.0186
0.998869 0.0469033 -0.00772836 -1.75563 -0.0468876 0.998898 0.00219134 0.0731938 0.00782263 -0.00182649 0.999967 45.5349
0.998755 0.0498662 -0.000793468 -1.74994 -0.0498666 0.998756 -0.000471144 0.0705663 0.000768999 0.000510129 0.999999 46.0117
0.998676 0.0509882 0.00679633 -1.7435 -0.050967 0.998695 -0.0032576 0.0695777 -0.00695354 0.00290691 0.999971 46.4802
0.998605 0.0508367 0.0142613 -1.73031 -0.0507917 0.998703 -0.00350092 0.0657792 -0.0144208 0.00277168 0.999892 46.8996
0.998476 0.0505279 0.022186 -1.71817 -0.0504861 0.998722 -0.00243707 0.0670518 -0.0222808 0.00131327 0.999751 47.3043
0.998183 0.0524377 0.0296631 -1.70155 -0.0524059 0.998624 -0.00184856 0.0677187 -0.0297192 0.000290684 0.999558 47.698
0.997606 0.0576242 0.0382345 -1.69424 -0.0575956 0.998338 -0.00184935 0.0744599 -0.0382776 -0.000357214 0.999267 48.0337
0.996931 0.0624908 0.0471584 -1.68739 -0.0624224 0.998045 -0.00292153 0.083007 -0.0472488 -3.1182e-05 0.998883 48.3611
0.996218 0.0661683 0.0563129 -1.67867 -0.0660667 0.997808 -0.00366489 0.102389 -0.056432 -6.93768e-05 0.998406 48.6772
0.995617 0.0663323 0.0659385 -1.66044 -0.0662764 0.997797 -0.00303737 0.0965891 -0.0659946 -0.0013461 0.997819 48.9397
0.994912 0.0649863 0.0769882 -1.63571 -0.0648071 0.997886 -0.00482604 0.0889096 -0.0771391 -0.000187894 0.99702 49.194
0.994052 0.0631661 0.0887194 -1.58466 -0.0625573 0.997995 -0.00962917 0.0920623 -0.0891497 0.00402185 0.99601 49.4393
0.992734 0.0642512 0.101736 -1.54048 -0.0632006 0.997909 -0.0135199 0.0827127 -0.102392 0.00699188 0.994719 49.6819
0.990926 0.0657821 0.117209 -1.49908 -0.0643799 0.997801 -0.0157128 0.0788056 -0.117985 0.00802433 0.992983 49.9382
0.988797 0.0670281 0.133373 -1.45343 -0.0653374 0.997718 -0.0170177 0.0746476 -0.13421 0.00811278 0.990919 50.1938
0.986344 0.0675801 0.150195 -1.40241 -0.0656128 0.997682 -0.0180211 0.067157 -0.151065 0.00792032 0.988492 50.4406
0.983498 0.0665824 0.168221 -1.34692 -0.0642496 0.997747 -0.0192781 0.0593397 -0.169126 0.00815182 0.98556 50.6863
0.980015 0.0655875 0.187802 -1.28589 -0.063048 0.99782 -0.019471 0.0520763 -0.188669 0.00724133 0.982014 50.9314
0.97587 0.0656564 0.208249 -1.21834 -0.0627144 0.997816 -0.0207059 0.0418569 -0.209154 0.0071461 0.977856 51.1638
0.970999 0.0674065 0.229384 -1.1387 -0.0638043 0.997695 -0.0230934 0.0420356 -0.230412 0.00778793 0.973062 51.4278
0.965222 0.0685705 0.25228 -1.05518 -0.0642929 0.997613 -0.0251705 0.0340299 -0.253404 0.00807529 0.967326 51.6619
0.958338 0.0694098 0.277076 -0.963677 -0.0646394 0.997561 -0.0263258 0.0303275 -0.278227 0.00731904 0.960487 51.9195
0.950237 0.0721365 0.303061 -0.865279 -0.0669424 0.997377 -0.0275068 0.025441 -0.30425 0.00585038 0.952574 52.1752
0.940938 0.0738927 0.330418 -0.757715 -0.0682548 0.997256 -0.02865 0.0185543 -0.331628 0.00440528 0.9434 52.4304
0.930368 0.0740923 0.359063 -0.635082 -0.0679099 0.997245 -0.0298196 0.00536751 -0.360283 0.00335925 0.932836 52.6862
0.918496 0.071734 0.38887 -0.491169 -0.0644276 0.997415 -0.0318155 -0.00555599 -0.390147 0.00416851 0.920743 52.9373
0.904442 0.0683769 0.421082 -0.325796 -0.0594909 0.997642 -0.0342206 -0.0240267 -0.422429 0.00589996 0.906376 53.1905
0.887967 0.0670456 0.454994 -0.150625 -0.0559119 0.997716 -0.0379007 -0.0433684 -0.456496 0.00821498 0.889687 53.4372
0.86948 0.0683006 0.489223 0.0371819 -0.0545007 0.997612 -0.0424147 -0.0617237 -0.490952 0.0102157 0.871127 53.6808
0.848779 0.0694683 0.524164 0.234776 -0.0530439 0.997517 -0.0463088 -0.0809835 -0.52608 0.0115022 0.850357 53.9165
0.825469 0.0716812 0.559877 0.448604 -0.0531823 0.997368 -0.0492826 -0.102926 -0.561936 0.0109057 0.827108 54.1477
0.799294 0.0750978 0.59623 0.685607 -0.0551528 0.99714 -0.0516576 -0.123121 -0.598404 0.00840593 0.80115 54.3967
0.770682 0.0792244 0.632277 0.950929 -0.0582373 0.996845 -0.0539196 -0.14502 -0.634554 0.00473276 0.772864 54.6499
0.738907 0.0803419 0.669 1.22435 -0.0576286 0.996763 -0.0560533 -0.166189 -0.671338 0.00286466 0.741145 54.888
0.703437 0.0777907 0.706488 1.46414 -0.0535513 0.996968 -0.0564552 -0.18392 -0.708738 0.00187929 0.705469 55.09
0.665223 0.0763288 0.742733 1.75666 -0.05043 0.997082 -0.0573004 -0.207384 -0.744939 0.000661491 0.667132 55.3114
0.624274 0.0753857 0.77756 2.06528 -0.0477164 0.997154 -0.0583661 -0.234501 -0.779747 -0.000665924 0.626094 55.5173
0.578525 0.0752319 0.812188 2.4337 -0.0435943 0.997166 -0.0613138 -0.248565 -0.814499 6.48474e-05 0.580165 55.7587
0.530508 0.0745366 0.844396 2.83489 -0.0402 0.997218 -0.06277 -0.268786 -0.846726 -0.000644757 0.532029 55.9933
0.482147 0.0730625 0.873039 3.23298 -0.0388286 0.997319 -0.0620197 -0.289778 -0.875229 -0.00399624 0.483691 56.1921
0.432809 0.0710472 0.898682 3.67576 -0.0386602 0.997435 -0.0602355 -0.313799 -0.900656 -0.00867284 0.434445 56.3894
0.382937 0.070551 0.921076 4.1289 -0.0407425 0.997399 -0.0594584 -0.337383 -0.922875 -0.0147581 0.384815 56.5626
0.333474 0.0713292 0.940057 4.62824 -0.0390599 0.997322 -0.0618184 -0.358603 -0.94195 -0.0161037 0.335367 56.7336
0.287329 0.0682145 0.9554 5.08547 -0.0278161 0.997634 -0.0628646 -0.381277 -0.957428 -0.00851264 0.288547 56.8132
0.244273 0.0620351 0.96772 5.55016 -0.0145062 0.998073 -0.0603192 -0.406146 -0.969598 0.000696406 0.244702 56.861
0.202826 0.0607194 0.977331 6.06493 -0.0046531 0.998124 -0.0610457 -0.431844 -0.979204 0.00783403 0.202728 56.9211
0.165158 0.0620882 0.984311 6.62415 -0.000915498 0.998025 -0.0627997 -0.454191 -0.986266 0.00947075 0.164889 56.9906
0.133196 0.0625655 0.989113 7.13133 0.00832284 0.997899 -0.0642421 -0.483662 -0.991055 0.016789 0.132395 57.0038
0.104346 0.061296 0.992651 7.66483 0.0160994 0.997864 -0.0633103 -0.509406 -0.99441 0.0225872 0.103136 57.023
0.0792487 0.0595858 0.995073 8.23883 0.0234819 0.997823 -0.0616207 -0.534395 -0.996578 0.0282496 0.0776768 57.0517
0.0592349 0.0588423 0.996508 8.81901 0.0285173 0.997754 -0.0606111 -0.556306 -0.997836 0.032008 0.0574236 57.0684
0.0435943 0.0606986 0.997204 9.40079 0.0313063 0.997579 -0.0620901 -0.581149 -0.998558 0.0339255 0.0415883 57.0701
0.0317306 0.0599631 0.997696 9.99708 0.0318981 0.997629 -0.0609736 -0.622725 -0.998987 0.0337593 0.0297425 57.0457
0.0194638 0.0606787 0.997968 10.6211 0.0332756 0.997564 -0.0613032 -0.650672 -0.999256 0.0344011 0.0173971 57.0692
0.0105489 0.0635117 0.997926 11.2433 0.0386414 0.997209 -0.0638746 -0.68132 -0.999197 0.0392351 0.00806509 57.0682
0.00462194 0.0649296 0.997879 11.8751 0.0428878 0.996958 -0.0650684 -0.721061 -0.999069 0.0430976 0.00182301 57.0437
-5.89633e-05 0.06379 0.997963 12.5045 0.0438032 0.997005 -0.0637262 -0.764436 -0.99904 0.0437102 -0.00285318 57.0362
-0.00338986 0.0611835 0.998121 13.1725 0.0412758 0.997284 -0.0609921 -0.793894 -0.999142 0.0409915 -0.00590624 57.0343
-0.00576277 0.0544913 0.998498 13.8503 0.0394371 0.997749 -0.0542229 -0.820135 -0.999205 0.0390654 -0.00789897 57.0285
-0.00708619 0.0494778 0.99875 14.531 0.0401065 0.997985 -0.0491554 -0.847944 -0.99917 0.039708 -0.00905648 57.0208
-0.00716647 0.0470496 0.998867 15.2438 0.0429251 0.997986 -0.0467001 -0.873543 -0.999052 0.0425418 -0.00917183 57.0031
-0.00678458 0.0495822 0.998747 15.9441 0.0459981 0.997728 -0.0492191 -0.902688 -0.998918 0.0456066 -0.00905004 56.9889
-0.00537221 0.0562685 0.998401 16.6625 0.0473214 0.997311 -0.0559525 -0.937563 -0.998865 0.0469452 -0.00802066 56.9729
-0.00388065 0.063585 0.997969 17.3743 0.0482454 0.996826 -0.0633246 -0.975618 -0.998828 0.0479017 -0.00693621 56.9769
-0.00390051 0.0640778 0.997938 18.072 0.049949 0.996711 -0.0638039 -1.01426 -0.998744 0.0495971 -0.0070885 57.0203
-0.00318848 0.0596089 0.998217 18.8202 0.049387 0.997013 -0.0593793 -1.05063 -0.998774 0.0491096 -0.00612305 57.0439
-0.00238747 0.0539685 0.99854 19.5623 0.0485229 0.997372 -0.0537894 -1.086 -0.998819 0.0483236 -0.00500009 57.075
0.000217447 0.0525804 0.998617 20.3327 0.0458192 0.997567 -0.0525352 -1.12197 -0.998949 0.0457673 -0.00219246 57.0782
0.00156453 0.0578438 0.998325 21.0395 0.0540888 0.996859 -0.0578437 -1.16197 -0.998534 0.0540887 -0.00156927 57.097
0.00380023 0.063256 0.99799 21.7612 0.0565612 0.996386 -0.0633697 -1.20162 -0.998391 0.0566883 0.00020847 57.1116
0.00495571 0.0631707 0.997991 22.5003 0.0513485 0.99667 -0.0633421 -1.24851 -0.998668 0.0515592 0.00169529 57.1484
0.00847954 0.059695 0.998181 23.2693 0.0472388 0.997078 -0.0600303 -1.28963 -0.998847 0.0476619 0.00563465 57.1632
0.0128037 0.0563786 0.998328 24.0198 0.0517627 0.997033 -0.0569694 -1.33185 -0.998577 0.0524056 0.00984719 57.1699
0.0162894 0.0572412 0.998228 24.6993 0.0567693 0.996696 -0.0580797 -1.374 -0.998254 0.0576148 0.0129858 57.1213
0.0201109 0.0615584 0.997901 25.4664 0.0567718 0.996422 -0.0626113 -1.41759 -0.998184 0.0579118 0.016544 57.1328
0.0233334 0.0625105 0.997772 26.2405 0.0533246 0.996544 -0.0636807 -1.45614 -0.998304 0.0546917 0.0199192 57.1738
0.0267879 0.0620444 0.997714 27.0235 0.0533144 0.996563 -0.0634043 -1.49945 -0.998218 0.054891 0.0233877 57.2191
0.0315849 0.0593755 0.997736 27.7271 0.0579291 0.996447 -0.0611327 -1.5297 -0.99782 0.0597288 0.0280329 57.1903
0.0359361 0.0606374 0.997513 28.4606 0.06255 0.996064 -0.0628027 -1.5616 -0.997394 0.0646513 0.0320016 57.1808
0.0401046 0.0614898 0.997302 29.2477 0.0663707 0.995736 -0.0640623 -1.60638 -0.996988 0.0687608 0.0358523 57.2177
0.0427953 0.0620808 0.997153 30.0197 0.0662702 0.995693 -0.0648341 -1.64335 -0.996883 0.0688562 0.0384966 57.2573
0.0458862 0.0612458 0.997068 30.7919 0.067618 0.995639 -0.0642699 -1.67987 -0.996655 0.0703688 0.0415446 57.2993
0.048226 0.0607857 0.996985 31.5878 0.0695015 0.995523 -0.0640585 -1.7211 -0.996415 0.0723812 0.0437852 57.3584
0.0502579 0.0618576 0.996819 32.3952 0.0673979 0.995595 -0.0651797 -1.76276 -0.996459 0.0704592 0.0458672 57.4271
0.0531267 0.063802 0.996548 33.1504 0.0649074 0.995625 -0.0672032 -1.80406 -0.996475 0.0682536 0.0487529 57.4728
0.057953 0.0636001 0.996291 33.9037 0.0671578 0.995459 -0.0674535 -1.84815 -0.996057 0.0708179 0.0534184 57.4854
0.0633459 0.0634948 0.99597 34.5989 0.0649154 0.995598 -0.0675999 -1.88861 -0.995878 0.0689359 0.0589451 57.4779
0.0695993 0.064279 0.995502 35.3806 0.0635195 0.995611 -0.068727 -1.92304 -0.99555 0.0680171 0.0652107 57.4642
0.0745311 0.0647934 0.995112 36.1507 0.06043 0.995759 -0.0693616 -1.96401 -0.995385 0.0653042 0.0702993 57.4916
0.0765277 0.0669574 0.994817 36.9302 0.0591383 0.995681 -0.0715649 -2.01499 -0.995312 0.0643085 0.0722372 57.5721
0.078592 0.0704791 0.994413 37.7401 0.0580601 0.995481 -0.0751435 -2.07095 -0.995214 0.0636413 0.0741446 57.6684
0.0831724 0.0727967 0.993873 38.4695 0.0579166 0.995289 -0.0777472 -2.12138 -0.99485 0.0640282 0.0785642 57.6945
0.0844234 0.0746204 0.993632 39.2546 0.0518945 0.995509 -0.0791705 -2.18311 -0.995077 0.0582478 0.0801717 57.7951
0.0864073 0.0738248 0.993521 40.0278 0.0479551 0.995786 -0.0781638 -2.24003 -0.995104 0.0543983 0.0825027 57.8722
0.0893992 0.0744167 0.993212 40.7794 0.0498492 0.99562 -0.0790841 -2.29806 -0.994747 0.0565809 0.0852979 57.9298
0.0918788 0.0753776 0.992913 41.5645 0.0497001 0.99554 -0.0801761 -2.35643 -0.994529 0.0567143 0.0877226 58.0222
0.0942541 0.0760286 0.992641 42.3639 0.0461853 0.995672 -0.0806462 -2.41633 -0.994476 0.0534466 0.0903345 58.1262
0.0968355 0.0739727 0.992548 43.1441 0.0455006 0.995862 -0.0786589 -2.47165 -0.994259 0.0527784 0.0930689 58.2171
0.102201 0.0741549 0.991996 43.9233 0.0462505 0.995785 -0.0792032 -2.52765 -0.993687 0.053975 0.0983407 58.2752
0.108024 0.0777204 0.991106 44.7171 0.0428467 0.995649 -0.0827467 -2.58883 -0.993224 0.0514042 0.104224 58.355
0.112712 0.0858619 0.989911 45.5166 0.0409298 0.995012 -0.0909646 -2.65797 -0.992784 0.0507696 0.108635 58.4769
0.11988 0.0907669 0.988631 46.2912 0.0388525 0.99462 -0.096028 -2.72271 -0.992027 0.0499226 0.115708 58.564
0.125333 0.0940006 0.987652 47.1061 0.033631 0.994526 -0.0989227 -2.79256 -0.991544 0.045614 0.121486 58.7087
0.130365 0.0931216 0.987084 47.9125 0.0291949 0.994787 -0.0977042 -2.86417 -0.991035 0.041555 0.126967 58.8517
0.136395 0.0913114 0.986438 48.7066 0.0297043 0.994918 -0.0962037 -2.93611 -0.990208 0.0424231 0.13299 58.9815
0.142602 0.0883352 0.985831 49.5075 0.0289179 0.995212 -0.0933589 -3.00348 -0.989357 0.0418213 0.139364 59.1133
0.149562 0.082972 0.985265 50.316 0.0272359 0.995749 -0.0879893 -3.06881 -0.988376 0.0399945 0.146667 59.2432
0.156434 0.0761125 0.984752 51.1272 0.0249507 0.996403 -0.0809767 -3.12893 -0.987373 0.0372377 0.153972 59.3817
0.163692 0.073766 0.98375 51.9369 0.0257786 0.99654 -0.0790145 -3.18921 -0.986174 0.0382937 0.161223 59.5244
0.170867 0.0757302 0.98238 52.7158 0.0253022 0.996375 -0.0812101 -3.25355 -0.984968 0.0387325 0.168331 59.6491
0.17633 0.0816866 0.980936 53.5173 0.0254459 0.995839 -0.0875017 -3.32468 -0.984002 0.04039 0.173517 59.8096
0.18115 0.0846205 0.979808 54.328 0.0239832 0.995614 -0.0904197 -3.39899 -0.983162 0.0398785 0.178326 59.9795
0.185988 0.0875498 0.978644 55.1102 0.0224302 0.995384 -0.0933102 -3.47107 -0.982295 0.0393058 0.183166 60.1337
0.192316 0.0872144 0.97745 55.8861 0.0202858 0.995476 -0.0928142 -3.53779 -0.981123 0.037678 0.189677 60.2752
0.198623 0.0844833 0.976428 56.6409 0.0244257 0.995541 -0.0911056 -3.60131 -0.979771 0.0419456 0.195673 60.4034
0.204745 0.0777759 0.975721 57.4137 0.0256142 0.996071 -0.0847729 -3.66234 -0.97848 0.0423491 0.201948 60.5467
0.208255 0.0715947 0.975451 58.1933 0.0237632 0.996652 -0.0782242 -3.72783 -0.977785 0.0394704 0.205856 60.7215
0.213412 0.0674476 0.974632 58.9662 0.0201966 0.997096 -0.0734246 -3.79706 -0.976753 0.0353538 0.211429 60.885
0.217704 0.0671126 0.973705 59.6872 0.0186151 0.997166 -0.0728917 -3.85853 -0.975837 0.0339944 0.215837 61.0324
0.222067 0.068788 0.972602 60.4378 0.0176427 0.997061 -0.0745461 -3.91386 -0.974871 0.0337135 0.220201 61.181
0.223491 0.0723492 0.972017 61.1492 0.0133625 0.99692 -0.0772752 -3.97877 -0.974614 0.0302588 0.221835 61.3564
0.226175 0.0759558 0.971121 61.8335 0.0130655 0.996629 -0.0809938 -4.03813 -0.973998 0.031007 0.22442 61.5067
0.230017 0.0806069 0.969843 62.5244 0.0130485 0.996219 -0.0858938 -4.09647 -0.973099 0.032412 0.228095 61.6512
0.232503 0.0820209 0.969131 63.2066 0.0141289 0.996047 -0.0876885 -4.15489 -0.972492 0.0340805 0.230424 61.8024
0.233092 0.0819507 0.968996 63.8957 0.010886 0.99616 -0.0868667 -4.21156 -0.972393 0.0307964 0.231304 61.9944
0.234045 0.0787417 0.969032 64.5327 0.012092 0.996402 -0.0838862 -4.26861 -0.97215 0.0313506 0.23225 62.1301
0.235022 0.0756484 0.969042 65.203 0.0128949 0.996636 -0.08093 -4.32741 -0.971904 0.0315161 0.233256 62.293
0.235478 0.0734745 0.969099 65.8416 0.0150402 0.996743 -0.079225 -4.38279 -0.971763 0.0332311 0.233605 62.4301
0.235316 0.072029 0.969247 66.4892 0.0154008 0.996848 -0.0778192 -4.43727 -0.971796 0.0332393 0.233465 62.575
0.235136 0.0728942 0.969225 67.1122 0.0140221 0.996825 -0.0783717 -4.48993 -0.971861 0.0320186 0.233367 62.7014
0.234557 0.075499 0.969166 67.7531 0.0131485 0.996642 -0.0808215 -4.54414 -0.972013 0.0317003 0.232776 62.8515
0.233637 0.0787792 0.969127 68.3527 0.0150612 0.996299 -0.084619 -4.59866 -0.972207 0.0343663 0.231586 62.9686
0.232041 0.0789621 0.969496 68.958 0.0176914 0.996192 -0.0853707 -4.64569 -0.972544 0.0369613 0.22976 63.1121
0.230389 0.0777954 0.969984 69.5538 0.0171705 0.996319 -0.0839858 -4.69207 -0.972947 0.0360045 0.228204 63.2479
0.228712 0.0753848 0.970571 70.1367 0.0166393 0.996549 -0.0813234 -4.73688 -0.973351 0.0347493 0.226668 63.3769
0.227377 0.072132 0.971132 70.7126 0.0173986 0.996793 -0.0781116 -4.78001 -0.973651 0.0346571 0.225392 63.499
0.226104 0.0707117 0.971534 71.2594 0.0216509 0.99675 -0.0775859 -4.82645 -0.973862 0.0385771 0.223838 63.6099
0.224829 0.0706745 0.971832 71.8062 0.0265788 0.99655 -0.0786209 -4.87347 -0.974035 0.0435063 0.222175 63.7198
0.222234 0.0718441 0.972343 72.3417 0.0316273 0.996225 -0.0808372 -4.91581 -0.97448 0.0487173 0.219123 63.834
0.220678 0.0734704 0.972576 72.8794 0.0313756 0.996108 -0.0823672 -4.95886 -0.974841 0.0486918 0.217514 63.9437
0.218575 0.0763912 0.972826 73.413 0.0305893 0.995905 -0.0850763 -4.9993 -0.97534 0.0483536 0.215343 64.0667
0.216503 0.075634 0.973348 73.9477 0.0316301 0.995928 -0.084424 -5.03985 -0.975769 0.0490651 0.213229 64.1882
0.215867 0.0730122 0.973689 74.492 0.0391831 0.995749 -0.0833532 -5.08338 -0.975636 0.0561453 0.212088 64.3145
0.21694 0.0701942 0.973658 75.0259 0.0453334 0.995611 -0.0818776 -5.12414 -0.975131 0.0619018 0.212806 64.4245
0.217962 0.0691474 0.973505 75.5658 0.048436 0.995491 -0.0815536 -5.16608 -0.974754 0.0649283 0.21363 64.5426
0.221126 0.0683559 0.972847 76.1262 0.0470405 0.995632 -0.080649 -5.21077 -0.974109 0.0635967 0.216944 64.683
0.226012 0.0693931 0.97165 76.6976 0.0455501 0.995615 -0.0816999 -5.25653 -0.973058 0.0627239 0.22186 64.8399
0.231721 0.0682858 0.970383 77.244 0.0467127 0.995601 -0.0812151 -5.29894 -0.971659 0.0641485 0.227512 64.9733
0.238346 0.0690665 0.968722 77.8308 0.0444591 0.995646 -0.0819249 -5.34181 -0.970162 0.0625949 0.234237 65.1513
0.24619 0.0659275 0.966977 78.3907 0.0468035 0.995711 -0.0798026 -5.37851 -0.96809 0.0649045 0.242048 65.2998
0.25452 0.0662771 0.964794 78.9692 0.0432746 0.995869 -0.079828 -5.4188 -0.966098 0.0620689 0.2506 65.4766
0.263113 0.0665994 0.962464 79.5212 0.042031 0.995876 -0.0804016 -5.45717 -0.963849 0.061608 0.259228 65.6309
0.2719 0.0704094 0.959747 80.1121 0.0369703 0.995819 -0.0835296 -5.50309 -0.961615 0.0581937 0.268159 65.8226
0.279955 0.0727923 0.957249 80.6857 0.0333824 0.99578 -0.0854852 -5.54598 -0.959432 0.0558873 0.276344 66.006
0.289413 0.0749306 0.954267 81.3805 0.0302157 0.995719 -0.0873495 -5.60523 -0.956727 0.054114 0.28591 66.3327
0.298787 0.0761428 0.951278 81.9533 0.0296606 0.995589 -0.0890057 -5.65197 -0.953858 0.0548092 0.29521 66.5024
0.307463 0.0766141 0.948471 82.5781 0.0267375 0.995664 -0.0890936 -5.70775 -0.951184 0.0527527 0.304081 66.7383
0.316181 0.0769973 0.945569 83.186 0.0257325 0.995638 -0.0896789 -5.75958 -0.948349 0.0526866 0.31282 66.9568
0.325486 0.0769138 0.942414 83.8203 0.0228714 0.995754 -0.0891663 -5.81426 -0.94527 0.0505766 0.322345 67.2066
0.334424 0.0716794 0.939693 84.4788 0.0238733 0.996139 -0.0844812 -5.86847 -0.94212 0.0506861 0.331421 67.485
0.343775 0.064457 0.936837 85.0826 0.027922 0.996499 -0.0788079 -5.91231 -0.938636 0.0532505 0.340771 67.6771
0.352789 0.0601285 0.933769 85.7469 0.0303292 0.996674 -0.0756379 -5.96283 -0.935211 0.0550047 0.349792 67.9497
0.362063 0.0565807 0.930435 86.443 0.0293686 0.996968 -0.0720549 -6.01857 -0.931691 0.053414 0.359303 68.2642
0.371009 0.0535546 0.927084 87.1284 0.0360545 0.996752 -0.0720077 -6.06497 -0.927929 0.060141 0.367872 68.5305
0.379616 0.0481287 0.923892 87.819 0.0432157 0.996633 -0.0696748 -6.09974 -0.924134 0.0663762 0.376257 68.7878
0.386501 0.0385882 0.921481 88.532 0.0535065 0.996503 -0.0641723 -6.14136 -0.920735 0.0741079 0.383085 69.0725
0.393694 0.0342723 0.918602 89.2561 0.0594088 0.996267 -0.0626313 -6.17769 -0.917319 0.0792306 0.390188 69.3677
0.400281 0.0334354 0.915783 89.9587 0.0628606 0.995978 -0.0638392 -6.23226 -0.914234 0.0831202 0.396569 69.6723
0.408323 0.0391556 0.911997 90.7252 0.0652277 0.995274 -0.071935 -6.27261 -0.910503 0.0888602 0.403839 70.0117
0.414493 0.0427081 0.90905 91.4162 0.0699407 0.994449 -0.0786105 -6.32197 -0.90736 0.096163 0.409205 70.3308
0.418881 0.0454591 0.906903 92.106 0.067547 0.994419 -0.0810445 -6.37268 -0.905525 0.0952066 0.413472 70.6526
0.423022 0.0474819 0.904875 92.7951 0.0608158 0.994886 -0.080636 -6.42247 -0.904076 0.0891414 0.417971 70.983
0.426481 0.0510588 0.903054 93.5008 0.0543187 0.995158 -0.0819192 -6.48573 -0.902863 0.0839897 0.421643 71.3505
0.430092 0.0534341 0.901203 94.1643 0.0534754 0.994986 -0.0845154 -6.56151 -0.9012 0.0845415 0.425078 71.6628
0.433745 0.0572488 0.899216 94.9104 0.0496671 0.994943 -0.0873007 -6.65107 -0.899665 0.0825276 0.428708 72.0742
0.437022 0.0604214 0.897419 95.6081 0.0458031 0.994952 -0.0892932 -6.72719 -0.898283 0.0801276 0.432048 72.4304
0.441065 0.0588551 0.895544 96.2679 0.0445557 0.995181 -0.0873474 -6.79207 -0.896368 0.0784275 0.436317 72.7428
0.446081 0.0551935 0.89329 96.932 0.0466481 0.995306 -0.0847913 -6.85154 -0.893776 0.079494 0.441412 73.0642
0.450427 0.0526477 0.89126 97.5441 0.047012 0.995476 -0.0825628 -6.8963 -0.891574 0.0790883 0.445914 73.3318
0.454775 0.0526175 0.889051 98.1975 0.04563 0.995565 -0.0822625 -6.94723 -0.889436 0.0779783 0.450357 73.6597
0.4594 0.0544731 0.886558 98.8432 0.0437614 0.995517 -0.0838444 -7.00013 -0.88715 0.0773151 0.454957 73.9847
0.462366 0.0554552 0.884954 99.4337 0.0444091 0.995341 -0.0855753 -7.04919 -0.885576 0.0788671 0.457749 74.2746
0.464653 0.0536431 0.883867 100.051 0.0469695 0.995265 -0.0850961 -7.09971 -0.884246 0.0810548 0.459933 74.5998
0.467646 0.0521093 0.882379 100.64 0.0499236 0.99511 -0.0852254 -7.15089 -0.882504 0.0839068 0.462757 74.8858
0.470029 0.0520432 0.881115 101.239 0.0486683 0.995213 -0.0847444 -7.20544 -0.881308 0.0827146 0.465246 75.2011
0.472853 0.0510718 0.87966 101.807 0.0512004 0.995039 -0.0852929 -7.25191 -0.879652 0.0853699 0.467892 75.4775
0.475896 0.052535 0.877932 102.384 0.0515179 0.994835 -0.0874565 -7.3027 -0.877991 0.0868493 0.470731 75.7768
0.47913 0.0529376 0.876146 102.948 0.0542141 0.994489 -0.0897356 -7.35254 -0.876067 0.0904945 0.473619 76.0637
0.483152 0.0522569 0.873976 103.518 0.0561719 0.99431 -0.090505 -7.40535 -0.873732 0.0928204 0.477467 76.3732
0.487155 0.0503896 0.871861 104.067 0.0596137 0.994087 -0.0907631 -7.45319 -0.871278 0.0961905 0.48127 76.6589
0.49177 0.048398 0.869379 104.605 0.0625046 0.993916 -0.0906871 -7.49903 -0.868478 0.0989374 0.485753 76.9299
0.496478 0.0478255 0.866731 105.159 0.0640082 0.993746 -0.091499 -7.55187 -0.865686 0.100905 0.490311 77.2455
0.501207 0.0472393 0.864037 105.667 0.0644593 0.993696 -0.0917194 -7.59691 -0.862923 0.101666 0.495002 77.4866
0.505955 0.0467783 0.861291 106.199 0.0661212 0.993487 -0.0928002 -7.64844 -0.860022 0.103902 0.499566 77.7807
0.510899 0.0482773 0.858284 106.716 0.0652453 0.993364 -0.0947131 -7.7042 -0.85716 0.104388 0.504359 78.08
0.516008 0.0488101 0.855192 107.224 0.0667161 0.993052 -0.0969338 -7.75955 -0.853981 0.107074 0.509166 78.3726
0.52126 0.0518289 0.851823 107.726 0.064674 0.992884 -0.0999881 -7.81632 -0.850943 0.107211 0.514198 78.6605
0.528149 0.0576038 0.847196 108.224 0.0606601 0.992588 -0.105306 -7.87606 -0.846981 0.107008 0.52074 78.9562
0.535378 0.0637801 0.842201 108.717 0.0557361 0.992303 -0.110578 -7.93891 -0.842771 0.106142 0.527702 79.2625
0.541088 0.0701852 0.838032 109.179 0.0500114 0.992062 -0.115376 -8.00277 -0.839477 0.10434 0.533282 79.58
0.546904 0.0744749 0.833876 109.653 0.0460874 0.991847 -0.11881 -8.06917 -0.835925 0.103409 0.539012 79.912
0.552025 0.0749263 0.830455 110.134 0.041466 0.992255 -0.117088 -8.13436 -0.832795 0.099071 0.544642 80.2476
0.557213 0.0739855 0.827067 110.63 0.0352089 0.993021 -0.112552 -8.20323 -0.829622 0.0918355 0.55072 80.6148
0.562678 0.0719456 0.823539 111.123 0.0290511 0.993869 -0.106675 -8.26632 -0.826165 0.0839484 0.557138 80.9718
0.56784 0.0704666 0.820117 111.62 0.0227614 0.994603 -0.101219 -8.3294 -0.822824 0.0761429 0.563171 81.3507
0.573462 0.0680383 0.816402 112.098 0.0207467 0.995019 -0.0974972 -8.38774 -0.818969 0.0728486 0.569194 81.6796
0.579307 0.0715145 0.811966 112.6 0.0153448 0.99501 -0.0985841 -8.44866 -0.814964 0.0695699 0.575319 82.0559
0.585053 0.0753808 0.807484 113.113 0.0108717 0.994852 -0.100749 -8.51409 -0.810922 0.0677222 0.581221 82.4582
0.591083 0.0788341 0.802749 113.621 0.00736484 0.994643 -0.103102 -8.58037 -0.806576 0.0668539 0.587336 82.8292
0.597096 0.0808626 0.798083 114.149 0.00475574 0.994531 -0.104325 -8.64648 -0.802155 0.0660875 0.593446 83.2428
0.603241 0.0816425 0.793369 114.683 0.00146233 0.994631 -0.103465 -8.71111 -0.797557 0.0635748 0.599883 83.6612
0.609506 0.0832065 0.788402 115.23 -0.00390887 0.99478 -0.101965 -8.77501 -0.792771 0.0590667 0.60665 84.1249
0.616785 0.0803657 0.783018 115.76 -0.00367519 0.995057 -0.0992335 -8.84269 -0.787123 0.058328 0.614031 84.5107
0.624245 0.079098 0.777214 116.332 -0.00526071 0.995264 -0.0970639 -8.90563 -0.781211 0.0565029 0.621704 84.975
0.632265 0.0788006 0.770734 116.903 -0.00543163 0.99524 -0.0972985 -8.96562 -0.774732 0.0573321 0.629684 85.4449
0.641401 0.080911 0.762927 117.488 -0.00942693 0.995179 -0.0976168 -9.01891 -0.767147 0.0554194 0.639072 85.925
0.65024 0.0815023 0.755345 118.069 -0.00984362 0.995049 -0.0988926 -9.07763 -0.759665 0.0568685 0.647822 86.4049
0.656981 0.0820396 0.749431 118.644 -0.011207 0.995014 -0.099099 -9.13798 -0.753824 0.0567072 0.654624 86.9238
0.662023 0.0810381 0.74509 119.218 -0.010867 0.99507 -0.0985713 -9.19609 -0.749405 0.0571595 0.65964 87.4417
0.665954 0.0796368 0.74173 119.813 -0.00958241 0.995116 -0.0982386 -9.25947 -0.74593 0.0583148 0.663465 87.984
0.669587 0.0771355 0.738717 120.408 -0.00600879 0.995122 -0.0984624 -9.32542 -0.742709 0.0614903 0.666785 88.5162
0.673712 0.0728398 0.735395 121.037 -0.000194793 0.995147 -0.0983895 -9.39206 -0.738993 0.066143 0.670457 89.0871
0.677663 0.0669044 0.732323 121.649 0.00776754 0.995145 -0.0981035 -9.45865 -0.735331 0.0721695 0.673854 89.6264
0.681349 0.061061 0.729408 122.268 0.0132389 0.995323 -0.0956882 -9.53233 -0.731839 0.0748535 0.677354 90.1919
0.684899 0.0556004 0.726514 122.894 0.0186176 0.995423 -0.0937313 -9.6079 -0.7284 0.0777224 0.680729 90.7628
0.688556 0.054028 0.723168 123.516 0.0188097 0.995554 -0.0922875 -9.68265 -0.724939 0.0771476 0.684478 91.3371
0.690651 0.0551888 0.721079 124.124 0.0180971 0.995452 -0.0935217 -9.7641 -0.722961 0.0776403 0.686511 91.9492
0.693171 0.0592267 0.718336 124.743 0.0129096 0.995438 -0.0945311 -9.8426 -0.720657 0.0747995 0.689243 92.5844
0.695144 0.0629662 0.716108 125.373 0.00637002 0.995577 -0.0937231 -9.92344 -0.718842 0.0697126 0.691668 93.2523
0.698877 0.0602897 0.712696 126.004 0.00563795 0.995945 -0.0897794 -9.99678 -0.715219 0.0667629 0.695703 93.8365
0.702506 0.0582432 0.709291 126.637 0.00173602 0.996502 -0.083547 -10.0714 -0.711675 0.0599236 0.699947 94.4676
0.705844 0.0528528 0.706393 127.266 0.00224173 0.99704 -0.0768393 -10.139 -0.708363 0.0558201 0.703636 95.0832
0.710334 0.0486737 0.70218 127.9 0.00428532 0.997288 -0.0734652 -10.206 -0.703851 0.0551939 0.708199 95.7267
0.714778 0.0448534 0.697912 128.531 0.0103679 0.997151 -0.0747034 -10.2728 -0.699274 0.0606322 0.712277 96.3517
0.719489 0.0415029 0.693263 129.151 0.0201181 0.996548 -0.0805386 -10.3418 -0.694212 0.0718937 0.71617 96.9625
0.724068 0.042348 0.688428 129.793 0.0258909 0.995741 -0.0884835 -10.415 -0.689242 0.081892 0.719887 97.6634
0.72898 0.042272 0.683229 130.429 0.0289195 0.995298 -0.0924362 -10.4916 -0.683923 0.0871427 0.72433 98.3656
0.733862 0.0381774 0.678225 131.048 0.0310715 0.995487 -0.0896568 -10.563 -0.678586 0.0868691 0.729365 99.0405
0.738921 0.0327566 0.672995 131.692 0.03566 0.995516 -0.0876078 -10.6399 -0.672847 0.0887342 0.73444 99.7926
0.743635 0.0291229 0.667951 132.281 0.0406464 0.995233 -0.0886446 -10.7043 -0.667348 0.093069 0.738907 100.368
0.748071 0.0302528 0.662929 132.917 0.0432492 0.994613 -0.0941932 -10.7909 -0.662207 0.0991343 0.742733 101.13
0.751576 0.030883 0.658923 133.534 0.0430271 0.99448 -0.0956874 -10.8698 -0.658241 0.100268 0.746099 101.819
0.754589 0.0277624 0.65561 134.155 0.0456918 0.994456 -0.0947012 -10.9508 -0.654604 0.101416 0.749137 102.529
0.756729 0.0217594 0.653366 134.77 0.0498149 0.99462 -0.0908201 -11.0268 -0.651826 0.101274 0.751575 103.207
0.758267 0.0174881 0.651709 135.396 0.0529124 0.994691 -0.0882558 -11.1039 -0.649792 0.101405 0.753316 103.919
0.759187 0.013335 0.650736 136.018 0.0558776 0.994763 -0.0855751 -11.1808 -0.648469 0.101329 0.754466 104.611
0.759741 0.0115756 0.650122 136.646 0.0568444 0.99483 -0.0841425 -11.2618 -0.647735 0.100882 0.755156 105.349
0.75998 0.0110773 0.649852 137.267 0.0562398 0.994983 -0.082731 -11.3449 -0.647508 0.0994214 0.755545 106.066
0.760127 0.0126188 0.649652 137.888 0.0548859 0.994991 -0.0835461 -11.4291 -0.647451 0.0991623 0.755627 106.775
0.759745 0.0162434 0.650018 138.505 0.0507542 0.995156 -0.08419 -11.5142 -0.648237 0.096954 0.75524 107.473
0.758428 0.0203968 0.651437 139.124 0.0462594 0.995304 -0.0850206 -11.6011 -0.650112 0.094617 0.753923 108.174
0.757245 0.0234212 0.652711 139.751 0.0414523 0.995618 -0.0838168 -11.6882 -0.651813 0.0905261 0.752956 108.903
0.755645 0.0247859 0.654512 140.379 0.0389828 0.99581 -0.0827171 -11.7714 -0.653819 0.0880195 0.751513 109.607
0.754493 0.0242641 0.65586 141.009 0.038008 0.996023 -0.0805728 -11.8464 -0.655206 0.0857195 0.75057 110.281
0.753336 0.0232812 0.657223 141.646 0.0366564 0.996332 -0.0773109 -11.9189 -0.656612 0.0823324 0.74972 110.985
0.751587 0.0190155 0.65936 142.279 0.0409654 0.996309 -0.0754284 -11.9886 -0.658359 0.0837019 0.748034 111.664
0.75008 0.0225519 0.660962 142.908 0.0408112 0.995935 -0.080295 -12.0594 -0.660085 0.0872023 0.746111 112.317
0.748114 0.0319135 0.662802 143.534 0.0358345 0.995442 -0.0883769 -12.1389 -0.6626 0.0898671 0.743561 113.009
0.745713 0.0379441 0.665185 144.177 0.0331871 0.995022 -0.0939639 -12.2192 -0.665439 0.0921457 0.740742 113.733
0.741552 0.0362207 0.669916 144.749 0.0325959 0.995417 -0.0899013 -12.2975 -0.670101 0.088503 0.736973 114.399
0.739691 0.0353528 0.672017 145.458 0.0293673 0.995971 -0.0847198 -12.3735 -0.672304 0.0824017 0.735673 115.142
0.736646 0.0337665 0.675435 146.096 0.0274503 0.996436 -0.0797522 -12.4496 -0.67572 0.07729 0.733094 115.83
0.732797 0.0336052 0.679617 146.703 0.0281567 0.996426 -0.0796307 -12.5194 -0.679863 0.0774889 0.729232 116.513
0.730787 0.0317101 0.681869 147.352 0.0300798 0.996453 -0.0785776 -12.5945 -0.681942 0.0779339 0.727241 117.172
0.728566 0.0293685 0.684346 147.999 0.0352111 0.996153 -0.0802361 -12.6704 -0.684069 0.0825538 0.724729 117.827
0.724708 0.0275463 0.688506 148.612 0.0395318 0.995892 -0.0814551 -12.7456 -0.68792 0.0862489 0.720642 118.469
0.721176 0.0270383 0.692225 149.255 0.0430585 0.995556 -0.0837459 -12.8217 -0.691412 0.0902015 0.716807 119.115
0.717421 0.0262231 0.696147 149.892 0.0437963 0.995616 -0.0826387 -12.8957 -0.695261 0.0897753 0.713127 119.765
0.712272 0.0273665 0.70137 150.516 0.0416683 0.995828 -0.0811719 -12.9733 -0.700665 0.0870413 0.70816 120.43
0.706813 0.0251076 0.706955 151.132 0.0447243 0.995784 -0.0800809 -13.0377 -0.705984 0.0882203 0.702711 121.022
0.70085 0.0274737 0.71278 151.773 0.0425446 0.995869 -0.080218 -13.1061 -0.712038 0.0865456 0.696786 121.656
0.694784 0.0345831 0.718387 152.433 0.0387394 0.995593 -0.0853945 -13.1809 -0.718173 0.0871606 0.690383 122.321
0.689123 0.0395098 0.723567 153.089 0.0366092 0.995339 -0.0892162 -13.2511 -0.723718 0.08797 0.684464 122.941
0.683354 0.041373 0.728915 153.764 0.0373322 0.995106 -0.0914808 -13.319 -0.729131 0.0897256 0.678465 123.564
0.676966 0.0366786 0.7351 154.439 0.0367864 0.995823 -0.083565 -13.3802 -0.735093 0.0836123 0.672789 124.17
0.670942 0.0339641 0.740732 155.133 0.0313359 0.996759 -0.0740871 -13.4396 -0.740846 0.0729196 0.667704 124.806
0.66459 0.0289128 0.746649 155.846 0.0323563 0.9972 -0.0674153 -13.5052 -0.746506 0.0689623 0.661794 125.405
0.657943 0.0300914 0.752467 156.568 0.0278001 0.997549 -0.0642003 -13.5639 -0.752554 0.0631588 0.655494 126.058
0.650022 0.0297439 0.759333 157.276 0.0314117 0.997327 -0.0659563 -13.6246 -0.759265 0.0667249 0.647351 126.636
0.643698 0.0282627 0.764758 157.979 0.0379153 0.996912 -0.0687557 -13.6956 -0.764339 0.0732538 0.640639 127.173
0.637015 0.0358988 0.770015 158.712 0.0389857 0.996136 -0.0786929 -13.7648 -0.769864 0.0801481 0.633154 127.778
0.63003 0.0364887 0.775713 159.483 0.0430715 0.995715 -0.0818199 -13.8199 -0.775374 0.0849601 0.62576 128.397
0.622619 0.032074 0.781868 160.204 0.046359 0.995892 -0.0777706 -13.8939 -0.78115 0.084668 0.618575 128.979
0.615544 0.0254078 0.787693 160.961 0.0515247 0.996044 -0.0723926 -13.9632 -0.786415 0.0851464 0.6118 129.553
0.609133 0.0241764 0.7927 161.722 0.0524729 0.996116 -0.0707022 -14.0313 -0.791329 0.0846623 0.605499 130.121
0.601541 0.0268232 0.798392 162.434 0.0501475 0.996196 -0.0712521 -14.0924 -0.797266 0.0828983 0.597908 130.669
0.594361 0.0243101 0.803831 163.17 0.054963 0.995977 -0.0707615 -14.1552 -0.802317 0.0862388 0.590635 131.252
0.587983 0.0186819 0.808658 163.916 0.0599845 0.995973 -0.0666247 -14.2149 -0.806645 0.087681 0.584495 131.831
0.582864 0.0157096 0.812418 164.64 0.0606684 0.99618 -0.0627893 -14.2817 -0.8103 0.0858857 0.579685 132.352
0.578544 0.0149659 0.815514 165.392 0.0586693 0.996478 -0.0599084 -14.342 -0.813537 0.0825052 0.575629 132.903
0.574227 0.0166157 0.818528 166.159 0.0585959 0.996395 -0.0613336 -14.3997 -0.816595 0.0831817 0.571184 133.455
0.570656 0.0187927 0.820975 166.805 0.0604427 0.996064 -0.0648142 -14.4379 -0.818961 0.0866085 0.567274 133.849
0.567665 0.0240347 0.822909 167.514 0.0605196 0.99565 -0.0708281 -14.4883 -0.821031 0.0900087 0.563741 134.331
0.564532 0.0269357 0.824972 168.276 0.0585619 0.995641 -0.0725824 -14.5421 -0.82333 0.0892869 0.560494 134.887
0.56207 0.0226432 0.82678 168.99 0.059533 0.995924 -0.0677481 -14.5867 -0.824943 0.0872998 0.558431 135.359
0.560002 0.0146953 0.828361 169.722 0.0637969 0.996108 -0.0608004 -14.6305 -0.82603 0.0868951 0.556886 135.855
