1 0 0 0 0 1 0 0 0 0 1 0
0.999998 -0.00112446 -0.00152314 0.0200845 0.00112348 0.999999 -0.000643834 -0.00456558 0.00152386 0.000642122 0.999999 0.551992
0.999997 -0.00135228 -0.00217504 0.0174735 0.00134726 0.999996 -0.00230818 -0.0162849 0.00217815 0.00230525 0.999995 1.09691
0.99999 -0.00212862 -0.00397877 0.0156487 0.00211404 0.999991 -0.00366412 -0.0278219 0.00398654 0.00365567 0.999985 1.65671
0.999978 -0.00368205 -0.00555992 0.00851539 0.0036516 0.999978 -0.00547677 -0.0381661 0.00557996 0.00545635 0.999969 2.22467
0.999963 -0.00568912 -0.00651565 0.00435251 0.0056388 0.999954 -0.00771416 -0.0503276 0.00655924 0.00767713 0.999949 2.7878
0.999949 -0.00681714 -0.0075027 -0.00669892 0.00675417 0.999942 -0.00838655 -0.0595741 0.00755944 0.00833544 0.999937 3.35868
0.999943 -0.00662539 -0.00840578 -0.0178212 0.00655916 0.999948 -0.00788329 -0.0681601 0.00845757 0.0078277 0.999933 3.9302
0.999932 -0.0074739 -0.00898911 -0.0292616 0.00739913 0.999938 -0.00832267 -0.0771149 0.00905075 0.00825559 0.999925 4.50189
0.999938 -0.00655802 -0.00897846 -0.0410629 0.00645317 0.999911 -0.0116574 -0.0882531 0.0090541 0.0115987 0.999892 5.07535
0.999934 -0.0050856 -0.0103316 -0.0608102 0.00492081 0.999861 -0.015914 -0.0966082 0.0104111 0.0158621 0.99982 5.70447
0.999933 -0.00382589 -0.0109289 -0.117844 0.00360588 0.999792 -0.02008 -0.104984 0.0110035 0.0200393 0.999739 6.3974
0.999937 -0.00131402 -0.0111882 -0.169663 0.00108223 0.999785 -0.0206983 -0.114887 0.011213 0.0206849 0.999723 7.0784
0.999936 0.000958635 -0.0112832 -0.221106 -0.00112098 0.999896 -0.0143908 -0.120046 0.0112683 0.0144026 0.999833 7.75896
0.999938 0.00171702 -0.0109749 -0.239207 -0.00177151 0.999986 -0.00495713 -0.11834 0.0109662 0.00497626 0.999927 8.39452
0.999933 0.00223049 -0.0113306 -0.239271 -0.00221732 0.999997 0.00117418 -0.123688 0.0113332 -0.00114898 0.999935 9.03681
0.999917 0.00446119 -0.0121164 -0.265942 -0.00446429 0.99999 -0.000228644 -0.135218 0.0121152 0.000282716 0.999927 9.73559
0.999897 0.00648876 -0.0127885 -0.275528 -0.00658131 0.999952 -0.00720832 -0.147889 0.0127412 0.00729175 0.999892 10.4145
0.999891 0.00667269 -0.0131721 -0.285307 -0.00684194 0.999894 -0.0128459 -0.164312 0.0130849 0.0129346 0.999831 11.0933
0.999902 0.00473703 -0.0131881 -0.310928 -0.00488017 0.999929 -0.0108428 -0.180317 0.0131358 0.010906 0.999854 11.8321
0.999907 0.00387552 -0.0131126 -0.315789 -0.00389999 0.999991 -0.00184083 -0.190246 0.0131054 0.00189179 0.999912 12.571
0.999907 0.00318795 -0.013248 -0.329715 -0.00311445 0.99998 0.00556538 -0.19614 0.0132655 -0.0055236 0.999897 13.3583
0.999912 0.00183358 -0.0131573 -0.344171 -0.00173048 0.999968 0.0078425 -0.201385 0.0131713 -0.00781904 0.999883 14.1505
0.999921 0.00027736 -0.0125607 -0.357958 -0.000191312 0.999977 0.00685139 -0.207633 0.0125623 -0.00684844 0.999898 14.9428
0.999929 -0.000179003 -0.0119355 -0.358568 0.000233246 0.99999 0.00454353 -0.213819 0.0119346 -0.00454599 0.999918 15.7538
0.999929 0.00155338 -0.0118197 -0.364721 -0.00153789 0.999998 0.00131956 -0.219612 0.0118217 -0.00130129 0.999929 16.5864
0.999944 -0.00182463 -0.0103975 -0.38136 0.00178075 0.99999 -0.00422849 -0.229337 0.0104051 0.00420974 0.999937 17.4371
0.99994 -0.00477447 -0.00989349 -0.382853 0.0046715 0.999935 -0.0104046 -0.247406 0.00994252 0.0103577 0.999897 18.34
0.999947 -0.00341676 -0.0097166 -0.384185 0.0032684 0.999879 -0.0152438 -0.271386 0.0097675 0.0152112 0.999837 19.2704
0.999944 -0.00169959 -0.0104732 -0.38629 0.00153371 0.999874 -0.0158269 -0.295611 0.0104988 0.0158099 0.99982 20.2007
0.999935 -0.0012931 -0.0113379 -0.385442 0.00111864 0.999881 -0.0153801 -0.324094 0.0113564 0.0153664 0.999817 21.1208
0.99993 0.000371932 -0.0118433 -0.387686 -0.000567149 0.999864 -0.0164842 -0.356916 0.0118356 0.0164897 0.999794 22.059
0.999915 0.00384995 -0.0124484 -0.390902 -0.00407331 0.99983 -0.0179677 -0.392251 0.0123771 0.0180169 0.999761 23.0116
0.999868 0.0079668 -0.0141564 -0.394054 -0.00822474 0.9998 -0.0182564 -0.427095 0.0140081 0.0183704 0.999733 23.9812
0.999874 0.00901632 -0.0130391 -0.424504 -0.009254 0.99979 -0.0182842 -0.456673 0.0128715 0.0184025 0.999748 24.9499
0.999847 0.0101816 -0.0142461 -0.430872 -0.0104408 0.999779 -0.0182389 -0.491017 0.0140573 0.0183849 0.999732 25.9076
0.999842 0.0100845 -0.014648 -0.443143 -0.0103487 0.999783 -0.0180764 -0.522569 0.0144625 0.0182252 0.999729 26.9003
0.999813 0.0109732 -0.0159266 -0.454804 -0.0112424 0.999794 -0.0169123 -0.556948 0.0157378 0.0170882 0.99973 27.912
0.999801 0.0111559 -0.0165565 -0.468152 -0.0114007 0.999826 -0.0147621 -0.588151 0.016389 0.0149479 0.999754 28.9136
0.999762 0.0116591 -0.0184591 -0.467213 -0.0119099 0.999838 -0.0135331 -0.618738 0.0182983 0.0137498 0.999738 29.9373
0.999758 0.0109491 -0.0190635 -0.482699 -0.0112255 0.999833 -0.0144513 -0.651532 0.0189021 0.0146619 0.999714 30.9517
0.99971 0.0119803 -0.0208898 -0.490152 -0.012301 0.999808 -0.0152908 -0.68193 0.0207026 0.0155433 0.999665 32.0034
0.999696 0.0110697 -0.0220406 -0.508618 -0.0113862 0.999833 -0.014289 -0.711857 0.0218788 0.0145356 0.999655 33.05
0.99973 0.00925296 -0.0213329 -0.550185 -0.00950292 0.999887 -0.0116457 -0.740023 0.0212228 0.0118453 0.999705 34.0771
0.99972 0.00913381 -0.0218589 -0.582472 -0.009318 0.999922 -0.00833977 -0.764155 0.0217811 0.00854112 0.999726 35.13
0.999752 0.0083 -0.0206802 -0.63684 -0.00842128 0.999948 -0.00578463 -0.793873 0.0206311 0.00595735 0.99977 36.1928
0.999794 0.0086756 -0.0183781 -0.705737 -0.00877082 0.999949 -0.00510695 -0.820862 0.0183329 0.0052671 0.999818 37.2453
0.999757 0.00788955 -0.0206093 -0.704834 -0.00800863 0.999952 -0.00570161 -0.854439 0.0205634 0.00586528 0.999771 38.3061
0.999759 0.00885894 -0.020094 -0.744918 -0.00899384 0.999938 -0.00663301 -0.871731 0.020034 0.00681215 0.999776 39.4081
0.99974 0.0083252 -0.0212572 -0.767115 -0.00845172 0.999947 -0.00586882 -0.893329 0.0212072 0.00604696 0.999757 40.4987
0.99975 0.00815736 -0.0208084 -0.820565 -0.00823701 0.999959 -0.00374518 -0.921605 0.020777 0.00391565 0.999777 41.5704
0.999723 0.0084646 -0.0219856 -0.837075 -0.00849983 0.999963 -0.00150963 -0.940425 0.021972 0.0016961 0.999757 42.6506
0.999677 0.00937053 -0.02362 -0.856772 -0.00941179 0.999955 -0.00163614 -0.964592 0.0236035 0.00185793 0.99972 43.7207
0.999647 0.0107634 -0.0242802 -0.879574 -0.0108978 0.999926 -0.00540999 -0.988205 0.0242202 0.00567269 0.999691 44.8289
0.999623 0.0120085 -0.0246815 -0.910735 -0.0122312 0.999886 -0.00889236 -1.01836 0.0245719 0.00919091 0.999656 45.9256
0.999619 0.0128549 -0.0244368 -0.945781 -0.0130835 0.999872 -0.00921918 -1.04871 0.0243151 0.00953539 0.999659 46.9969
0.999641 0.0141224 -0.0228007 -0.998345 -0.0142798 0.999876 -0.00675321 -1.07484 0.0227024 0.00707638 0.999717 48.076
0.999647 0.0152008 -0.0217851 -1.04126 -0.0153137 0.99987 -0.00502607 -1.10042 0.0217058 0.00535792 0.99975 49.1636
0.99971 0.0142715 -0.0194345 -1.09889 -0.0143503 0.99989 -0.00392077 -1.12501 0.0193764 0.00419853 0.999804 50.2402
0.999765 0.0129004 -0.0174522 -1.14684 -0.0129794 0.999906 -0.00442191 -1.1512 0.0173935 0.00464739 0.999838 51.3356
0.999773 0.0121511 -0.0175344 -1.14835 -0.012258 0.999907 -0.00600076 -1.17882 0.0174599 0.00621434 0.999828 52.3928
0.999792 0.0116723 -0.0167423 -1.18665 -0.0118057 0.9999 -0.00788934 -1.20377 0.0166486 0.00808537 0.999829 53.5177
0.999812 0.0101548 -0.0165422 -1.19126 -0.0103257 0.999894 -0.0102803 -1.2358 0.016436 0.0104492 0.99981 54.5702
0.999818 0.00815788 -0.0172777 -1.18711 -0.00838754 0.999877 -0.0132614 -1.27247 0.0171674 0.0134039 0.999763 55.6292
0.99982 0.00635223 -0.0178969 -1.19555 -0.00662377 0.999864 -0.0151545 -1.30484 0.0177982 0.0152703 0.999725 56.7324
0.99983 0.00352134 -0.0181254 -1.21238 -0.00375469 0.999911 -0.0128563 -1.33151 0.0180785 0.0129222 0.999753 57.8481
0.999804 0.00147704 -0.0197514 -1.20451 -0.00160869 0.999977 -0.00665088 -1.36393 0.0197411 0.00668136 0.999783 58.9157
0.999797 0.000362397 -0.0201849 -1.21402 -0.000385157 1 -0.00112364 -1.38714 0.0201845 0.00113119 0.999796 60.0079
0.999823 -0.00116151 -0.0187865 -1.26346 0.00114353 0.999999 -0.000967274 -1.40416 0.0187876 0.00094563 0.999823 61.135
0.999811 -0.00472124 -0.0188994 -1.27981 0.00465166 0.999983 -0.00372398 -1.43251 0.0189167 0.00363537 0.999815 62.2246
0.999807 -0.00629293 -0.0186094 -1.30037 0.00617376 0.99996 -0.0064543 -1.46459 0.0186493 0.00633817 0.999806 63.305
0.999799 -0.0051099 -0.0194075 -1.32203 0.00492435 0.999942 -0.00959652 -1.49851 0.0194554 0.00949903 0.999766 64.4208
0.999806 -0.00520156 -0.0190419 -1.34808 0.00495483 0.999904 -0.0129816 -1.53615 0.0191076 0.0128847 0.999735 65.4673
0.999859 -0.00187033 -0.0167348 -1.39837 0.00164252 0.999906 -0.013616 -1.56737 0.0167587 0.0135866 0.999767 66.5464
0.999905 0.00254704 -0.0135636 -1.46575 -0.00269199 0.99994 -0.0106794 -1.59072 0.0135355 0.0107149 0.999851 67.6705
0.999907 0.00322439 -0.0132632 -1.47993 -0.00332983 0.999963 -0.00793581 -1.62971 0.0132372 0.00797925 0.999881 68.7375
0.999896 0.0020502 -0.0142896 -1.47558 -0.00214258 0.999977 -0.00645228 -1.66337 0.014276 0.00648223 0.999877 69.8145
0.999911 -9.99122e-05 -0.0133476 -1.50779 2.71204e-05 0.999985 -0.00545351 -1.69361 0.013348 0.00545267 0.999896 70.9221
0.999924 -0.00167309 -0.0122761 -1.53496 0.00162605 0.999992 -0.00384067 -1.72053 0.0122824 0.00382042 0.999918 72.0069
0.999892 -0.00370832 -0.0142611 -1.52577 0.00368937 0.999993 -0.00135493 -1.75021 0.014266 0.00130218 0.999898 73.1051
0.999898 -0.00501175 -0.0134076 -1.56807 0.00501391 0.999988 0.000127705 -1.77303 0.0134068 -0.000194906 0.99991 74.207
0.999897 -0.00628881 -0.0129563 -1.59729 0.00628042 0.99998 -0.000687687 -1.80297 0.0129604 0.000606254 0.999916 75.2777
0.999865 -0.00575673 -0.0154425 -1.59783 0.00568735 0.999974 -0.00453294 -1.82375 0.0154681 0.00444451 0.999871 76.4025
0.999837 -0.0055068 -0.0171925 -1.60021 0.00539521 0.999964 -0.00653015 -1.84813 0.0172278 0.00643634 0.999831 77.4759
0.999839 -0.00398077 -0.017501 -1.62792 0.00388968 0.999979 -0.00523541 -1.86725 0.0175215 0.0051665 0.999833 78.5603
0.999827 -0.00291241 -0.0183629 -1.64576 0.00289224 0.999996 -0.0011249 -1.88865 0.0183661 0.0010716 0.999831 79.6468
0.999815 -0.00166157 -0.0191677 -1.67399 0.00171958 0.999994 0.00301022 -1.91111 0.0191626 -0.00304261 0.999812 80.7291
0.999809 -0.000891874 -0.0195221 -1.70651 0.000967817 0.999992 0.00388114 -1.93426 0.0195185 -0.00389928 0.999802 81.8259
0.999803 -0.00124566 -0.0198041 -1.73938 0.00128961 0.999997 0.00220678 -1.95932 0.0198013 -0.00223188 0.999802 82.9225
0.999815 -0.00125915 -0.019218 -1.79112 0.00129131 0.999998 0.00166071 -1.98225 0.0192159 -0.00168521 0.999814 83.9659
0.999802 -0.00210612 -0.0197745 -1.81807 0.00213615 0.999997 0.00149788 -2.00238 0.0197713 -0.00153981 0.999804 85.0383
0.99981 -0.00296575 -0.019289 -1.86926 0.00300776 0.999994 0.00214942 -2.03089 0.0192825 -0.00220701 0.999812 86.082
0.999822 -0.00449207 -0.0183504 -1.92275 0.00456606 0.999982 0.00399219 -2.05742 0.0183321 -0.00407525 0.999824 87.1141
0.999813 -0.00477407 -0.0187774 -1.95082 0.0049017 0.999966 0.006757 -2.07853 0.0187445 -0.00684776 0.999801 88.1135
0.999802 -0.00574481 -0.0190657 -1.98864 0.0058964 0.999952 0.00790447 -2.09916 0.0190194 -0.00801531 0.999787 89.1071
0.999773 -0.00691521 -0.0201524 -2.02909 0.00707961 0.999943 0.00809799 -2.11331 0.0200953 -0.00823881 0.999764 90.0587
0.99971 -0.00762492 -0.0228714 -2.0649 0.00779372 0.999943 0.0073005 -2.12962 0.0228144 -0.00747662 0.999712 91.0117
0.99964 -0.00753983 -0.0257527 -2.10316 0.00771093 0.999949 0.00655108 -2.14649 0.025702 -0.00674729 0.999647 91.9415
0.999567 -0.00792409 -0.0283328 -2.14134 0.00812514 0.999943 0.00698798 -2.16548 0.0282758 -0.00721515 0.999574 92.8315
0.999495 -0.00702259 -0.0309853 -2.18148 0.00728787 0.999938 0.0084569 -2.18278 0.030924 -0.00867843 0.999484 93.7223
0.999453 -0.006399 -0.0324506 -2.23903 0.00672032 0.99993 0.00980254 -2.20008 0.0323856 -0.0100152 0.999426 94.5723
0.999358 -0.00604073 -0.0353169 -2.26115 0.00645308 0.999913 0.0115733 -2.21957 0.0352439 -0.0117937 0.999309 95.3845
0.999299 -0.00459941 -0.0371484 -2.31397 0.00506265 0.999911 0.0123856 -2.23024 0.0370881 -0.012565 0.999233 96.1928
0.99921 -0.00279068 -0.0396371 -2.34518 0.00331904 0.999907 0.0132705 -2.24623 0.0395964 -0.0133916 0.999126 96.964
0.999098 -0.000872999 -0.0424595 -2.39216 0.00137627 0.99993 0.0118253 -2.25537 0.0424462 -0.0118731 0.999029 97.7206
0.999003 -0.000259636 -0.0446545 -2.43665 0.000622144 0.999968 0.00810443 -2.26747 0.0446509 -0.00812412 0.99897 98.4335
0.998906 0.00237935 -0.0466998 -2.48137 -0.00217004 0.999988 0.00453234 -2.27936 0.04671 -0.00442604 0.998899 99.1144
0.9988 0.00424998 -0.0487854 -2.52692 -0.00417558 0.999991 0.00162695 -2.28473 0.0487919 -0.00142128 0.998808 99.7904
0.998733 0.00607367 -0.0499613 -2.56152 -0.00606686 0.999982 0.000288014 -2.29336 0.0499622 1.54683e-05 0.998751 100.453
0.998727 0.00835149 -0.0497531 -2.58436 -0.00834192 0.999966 0.00040024 -2.30379 0.0497547 1.53139e-05 0.998762 101.079
0.998801 0.0120382 -0.0474593 -2.60566 -0.0119785 0.999928 0.00154197 -2.31358 0.0474744 -0.000971624 0.998872 101.704
0.998974 0.0146451 -0.0428447 -2.614 -0.0145304 0.999891 0.00298892 -2.32726 0.0428837 -0.0023633 0.999078 102.288
0.99923 0.0154968 -0.0360331 -2.61701 -0.0153272 0.999871 0.00497884 -2.3419 0.0361056 -0.00442271 0.999339 102.852
0.999529 0.0153174 -0.0265802 -2.62282 -0.015118 0.999857 0.00768557 -2.3556 0.0266941 -0.0072801 0.999617 103.389
0.999756 0.0150471 -0.0161659 -2.598 -0.0149053 0.99985 0.00885681 -2.3657 0.0162967 -0.00861368 0.99983 103.936
0.999888 0.0142219 -0.00457906 -2.55239 -0.0141807 0.99986 0.00889963 -2.37461 0.00470499 -0.00883369 0.99995 104.438
0.999865 0.0140888 0.00846388 -2.49632 -0.0141562 0.999869 0.00795971 -2.38309 -0.00835062 -0.00807844 0.999933 104.938
0.999637 0.0130715 0.0235748 -2.41325 -0.0131793 0.999904 0.00442271 -2.38594 -0.0235148 -0.00473179 0.999713 105.429
0.999065 0.012751 0.0413121 -2.31805 -0.0127471 0.999919 -0.000357668 -2.38854 -0.0413133 -0.000169266 0.999147 105.843
0.997991 0.0106357 0.062454 -2.21402 -0.0103202 0.999933 -0.00537128 -2.39247 -0.062507 0.00471596 0.998034 106.251
0.996469 0.00933464 0.0834409 -2.04451 -0.00853033 0.999914 -0.0099906 -2.37479 -0.083527 0.00924355 0.996463 106.684
0.993814 0.00695512 0.11084 -1.93283 -0.00572973 0.999919 -0.0113703 -2.37943 -0.11091 0.0106649 0.993774 107.074
0.990398 0.00496641 0.138155 -1.76221 -0.00307196 0.999899 -0.0139224 -2.38204 -0.13821 0.0133643 0.990313 107.488
0.985623 0.00287578 0.168935 -1.57857 -0.000122218 0.999868 -0.0163077 -2.38533 -0.168959 0.0160526 0.985493 107.896
0.978663 1.02401e-05 0.205472 -1.42431 0.00360665 0.999846 -0.0172284 -2.38957 -0.20544 0.0176018 0.978512 108.294
0.969914 -0.00173465 0.243442 -1.25475 0.00649789 0.999803 -0.0187645 -2.39424 -0.243362 0.0197819 0.969734 108.686
0.959107 -0.000484884 0.283044 -1.08373 0.00655567 0.999769 -0.0205015 -2.39876 -0.282968 0.0215187 0.958888 109.048
0.945576 0.00227074 0.325393 -0.906639 0.00501718 0.999756 -0.0215564 -2.4028 -0.325362 0.0220158 0.945333 109.39
0.929682 0.00237162 0.368356 -0.717389 0.00572511 0.999766 -0.0208863 -2.40678 -0.368319 0.0215265 0.92945 109.716
0.911411 0.00160966 0.411495 -0.513084 0.00737142 0.999769 -0.0202376 -2.41059 -0.411432 0.0214781 0.911188 110.032
0.889934 0.000448571 0.456089 -0.3101 0.0100257 0.999739 -0.0205457 -2.42277 -0.455979 0.0228569 0.889697 110.331
0.865698 0.000417008 0.500567 -0.103137 0.0123303 0.999679 -0.0221573 -2.43929 -0.500415 0.0253537 0.865415 110.638
0.839159 0.00193214 0.543883 0.116343 0.0137869 0.999597 -0.0248229 -2.45665 -0.543711 0.0283288 0.838795 110.925
0.809723 0.00646001 0.586777 0.350747 0.0124803 0.999524 -0.0282263 -2.47624 -0.58668 0.0301786 0.809257 111.203
0.777093 0.0123282 0.629265 0.601906 0.00906701 0.999486 -0.0307785 -2.49544 -0.62932 0.0296233 0.776582 111.469
0.741963 0.016557 0.670236 0.878599 0.00638361 0.999476 -0.0317571 -2.5165 -0.670411 0.0278411 0.741468 111.716
0.705283 0.0161233 0.708743 1.18245 0.0077664 0.999506 -0.0304663 -2.54499 -0.708884 0.0269918 0.704809 111.942
0.666344 0.0128937 0.745533 1.50268 0.0107451 0.999581 -0.0268912 -2.5711 -0.745568 0.0259296 0.665926 112.156
0.62486 0.0107527 0.780663 1.83159 0.0105514 0.999698 -0.0222152 -2.59378 -0.780666 0.0221185 0.624557 112.349
0.58088 0.00941876 0.813935 2.17301 0.0118314 0.99973 -0.0200125 -2.59434 -0.813904 0.0212548 0.580612 112.53
0.534843 0.00703492 0.844922 2.52834 0.0146033 0.99974 -0.0175679 -2.59306 -0.844826 0.0217347 0.534601 112.696
0.486753 0.00331072 0.873533 2.90521 0.0200444 0.999688 -0.014958 -2.58544 -0.87331 0.0247903 0.486535 112.834
0.436548 0.00436134 0.899671 3.2708 0.0189599 0.999722 -0.0140463 -2.57799 -0.899482 0.0231895 0.436344 112.974
0.387005 0.00997447 0.922024 3.65854 0.0157486 0.999725 -0.0174253 -2.57816 -0.921943 0.0212642 0.386741 113.101
0.338564 0.0155304 0.940816 4.0545 0.0153898 0.999639 -0.0220397 -2.57464 -0.940818 0.0219408 0.338202 113.205
0.29314 0.0178001 0.955904 4.44214 0.0179943 0.999547 -0.024131 -2.57655 -0.9559 0.0242746 0.292687 113.288
0.252891 0.0172625 0.967341 4.86891 0.0257465 0.999367 -0.0245649 -2.58378 -0.967153 0.0311179 0.252286 113.356
0.218313 0.0169658 0.975731 5.30086 0.0345519 0.999088 -0.0251027 -2.58893 -0.975267 0.0391936 0.217528 113.415
0.187871 0.0184194 0.982021 5.75592 0.0395035 0.998874 -0.0262929 -2.59169 -0.981399 0.043733 0.186931 113.478
0.160818 0.0170852 0.986836 6.22673 0.0381737 0.998995 -0.0235166 -2.60187 -0.986246 0.041453 0.160004 113.531
0.13561 0.0134325 0.990671 6.72879 0.0327147 0.999303 -0.0180277 -2.61814 -0.990222 0.0348542 0.135076 113.593
0.111393 0.00981226 0.993728 7.23229 0.0282127 0.999518 -0.0130319 -2.6295 -0.993376 0.0294874 0.111062 113.648
0.0890144 0.00745056 0.996003 7.7409 0.0317094 0.999445 -0.0103102 -2.64435 -0.995526 0.0325004 0.0887287 113.672
0.0682218 0.00800204 0.997638 8.27914 0.0403237 0.999129 -0.0107715 -2.65424 -0.996855 0.0409633 0.0678396 113.692
0.0521785 0.00960157 0.998592 8.83208 0.0464432 0.998849 -0.0120308 -2.66773 -0.997558 0.0470055 0.0516725 113.682
0.0376343 0.0149359 0.99918 9.40723 0.0462206 0.998793 -0.016671 -2.6794 -0.998223 0.0468101 0.0368984 113.693
0.0260773 0.0194325 0.999471 10.0036 0.0437402 0.998832 -0.0205612 -2.69085 -0.998703 0.0442532 0.0251968 113.718
0.0190157 0.0192284 0.999634 10.598 0.0465018 0.998717 -0.0200953 -2.70196 -0.998738 0.046867 0.0180971 113.728
0.0159754 0.0165181 0.999736 11.2058 0.0517384 0.998511 -0.0173246 -2.71243 -0.998533 0.0520015 0.0150969 113.722
0.0161832 0.0150829 0.999755 11.868 0.054196 0.998404 -0.0159397 -2.72239 -0.9984 0.0544407 0.0153399 113.734
0.0179827 0.0150887 0.999725 12.5418 0.053619 0.998434 -0.0160337 -2.73275 -0.9984 0.0538926 0.0171454 113.75
0.0193107 0.0155311 0.999693 13.2766 0.0498786 0.99862 -0.0164779 -2.74793 -0.998569 0.0501815 0.0185093 113.782
0.020547 0.0173499 0.999638 13.9915 0.0486703 0.998647 -0.0183331 -2.75471 -0.998604 0.0490294 0.0196747 113.804
0.0218 0.0186596 0.999588 14.6979 0.0487524 0.998617 -0.0197047 -2.76569 -0.998574 0.0491619 0.0208601 113.811
0.0223387 0.0187722 0.999574 15.4328 0.0488392 0.99861 -0.0198456 -2.77762 -0.998557 0.0492617 0.0213907 113.837
0.0226768 0.0175874 0.999588 16.187 0.0480978 0.998669 -0.0186624 -2.79615 -0.998586 0.0485012 0.0218006 113.861
0.0230647 0.0163285 0.999601 16.9676 0.0487426 0.99866 -0.0174378 -2.81883 -0.998546 0.0491253 0.0222378 113.881
0.0224832 0.0143092 0.999645 17.7463 0.0493196 0.998665 -0.0154045 -2.83778 -0.998531 0.0496484 0.0217474 113.898
0.0214064 0.012979 0.999687 18.5229 0.0477013 0.998764 -0.0139884 -2.85768 -0.998633 0.0479859 0.0207608 113.914
0.0208807 0.0122362 0.999707 19.3195 0.0466609 0.998824 -0.0132 -2.87382 -0.998693 0.0469229 0.0202851 113.926
0.0197479 0.0103682 0.999751 20.1066 0.0499934 0.998686 -0.0113446 -2.88118 -0.998555 0.050205 0.0192035 113.943
0.0181709 0.00937995 0.999791 20.8906 0.0522057 0.998584 -0.0103174 -2.88866 -0.998471 0.0523822 0.0176554 113.966
0.0165266 0.00928192 0.99982 21.7358 0.0499997 0.998699 -0.010098 -2.89936 -0.998613 0.0501576 0.016041 113.989
0.0162513 0.0142723 0.999766 22.555 0.0475625 0.998756 -0.0150309 -2.91766 -0.998736 0.0477957 0.0155521 114
0.0155412 0.0191168 0.999697 23.3663 0.0499432 0.998555 -0.0198714 -2.93718 -0.998631 0.0502369 0.0145639 114.01
0.014075 0.0211164 0.999678 24.1908 0.0506705 0.998478 -0.0218044 -2.95933 -0.998617 0.0509611 0.0129835 114.023
0.0124487 0.0194563 0.999733 25.0419 0.0476631 0.998663 -0.020029 -2.9828 -0.998786 0.0478997 0.0115046 114.045
0.011198 0.0158531 0.999812 25.9062 0.0443872 0.998882 -0.0163355 -3.0061 -0.998952 0.0445618 0.0104817 114.068
0.0112492 0.0112179 0.999874 26.7355 0.0427813 0.999017 -0.0116896 -3.02897 -0.999022 0.0429075 0.0107581 114.066
0.0111146 0.00576477 0.999922 27.5779 0.0389418 0.999223 -0.00619358 -3.04798 -0.99918 0.0390076 0.0108814 114.074
0.0119823 0.00482192 0.999917 28.4222 0.0367414 0.999312 -0.00525927 -3.06943 -0.999253 0.0368014 0.0117968 114.087
0.0132386 0.0114909 0.999847 29.2595 0.0399699 0.999129 -0.0120119 -3.09898 -0.999113 0.0401228 0.0127677 114.095
0.0142015 0.0214689 0.999669 30.1043 0.0418171 0.998883 -0.0220461 -3.13637 -0.999025 0.0421163 0.0132878 114.116
0.0126783 0.0260679 0.99958 30.9314 0.0434203 0.998704 -0.0265958 -3.1693 -0.998977 0.0437393 0.0115299 114.15
0.015008 0.0206664 0.999674 31.782 0.0458598 0.998721 -0.0213352 -3.19736 -0.998835 0.0461651 0.014041 114.151
0.0167794 0.0133164 0.999771 32.6065 0.0505016 0.998625 -0.0141487 -3.21879 -0.998583 0.0507275 0.0160838 114.148
0.018578 0.011018 0.999767 33.4372 0.051819 0.998585 -0.0119678 -3.2405 -0.998484 0.0520293 0.0179807 114.151
0.0187279 0.0123705 0.999748 34.2711 0.0517577 0.998572 -0.0133255 -3.26057 -0.998484 0.0519942 0.0180608 114.171
0.0189997 0.0136288 0.999727 35.0879 0.0516714 0.998558 -0.0145949 -3.27722 -0.998484 0.0519346 0.018268 114.182
0.0167628 0.0141122 0.99976 35.9041 0.0498602 0.998645 -0.0149325 -3.30026 -0.998616 0.0500986 0.0160363 114.207
0.0155019 0.0108941 0.999821 36.6996 0.0549765 0.99842 -0.0117312 -3.36309 -0.998367 0.0551485 0.0148784 114.214
0.0129266 0.0113979 0.999852 37.4838 0.0532952 0.998507 -0.0120716 -3.38955 -0.998495 0.0534433 0.0122997 114.232
0.0104431 0.0118898 0.999875 38.3019 0.0508752 0.998629 -0.0124063 -3.41538 -0.998651 0.0509984 0.00982385 114.254
0.00892638 0.0107387 0.999903 39.1189 0.0484556 0.998764 -0.011159 -3.44364 -0.998786 0.0485505 0.00839492 114.26
0.00696464 0.00944062 0.999931 39.9052 0.0487705 0.998763 -0.00976927 -3.46976 -0.998786 0.0488352 0.00649553 114.267
0.00473127 0.00946045 0.999944 40.7008 0.0486979 0.998767 -0.00967972 -3.49651 -0.998802 0.048741 0.00426466 114.277
0.00310289 0.010802 0.999937 41.4846 0.0480616 0.998785 -0.0109387 -3.5147 -0.99884 0.0480925 0.0025799 114.282
0.00245503 0.0111453 0.999935 42.2615 0.0491716 0.998728 -0.0112526 -3.53366 -0.998787 0.0491961 0.00190381 114.281
0.00146777 0.00989141 0.99995 43.0478 0.052131 0.998591 -0.00995448 -3.55779 -0.998639 0.052143 0.000949989 114.278
-0.000241295 0.00862055 0.999963 43.8045 0.0526346 0.998578 -0.00859589 -3.58732 -0.998614 0.0526306 -0.000694754 114.284
-0.00206886 0.00789573 0.999967 44.581 0.0503481 0.998702 -0.00778156 -3.61518 -0.99873 0.0503304 -0.00246377 114.293
-0.00355522 0.00675709 0.999971 45.3331 0.0479311 0.99883 -0.00657895 -3.64134 -0.998844 0.0479063 -0.00387499 114.295
-0.00381835 0.00500691 0.999981 46.0806 0.0469796 0.998885 -0.00482203 -3.66602 -0.998889 0.0469603 -0.00404937 114.296
-0.00359725 0.00418232 0.999985 46.8018 0.0471064 0.998883 -0.00400824 -3.69149 -0.998883 0.0470913 -0.0037903 114.289
-0.00302763 0.00646306 0.999975 47.5123 0.046749 0.998887 -0.00631448 -3.71452 -0.998902 0.0467288 -0.00332646 114.284
-0.00347849 0.00907286 0.999953 48.2114 0.0463838 0.998885 -0.0089018 -3.73776 -0.998918 0.0463506 -0.0038955 114.291
-0.00339657 0.0104128 0.99994 48.9227 0.0440735 0.998976 -0.010253 -3.76148 -0.999022 0.044036 -0.00385208 114.294
-0.00336792 0.0112227 0.999932 49.6199 0.0441248 0.998966 -0.0110633 -3.78374 -0.99902 0.0440845 -0.00385969 114.29
-0.00275299 0.0107361 0.999939 50.3322 0.0445805 0.99895 -0.0106028 -3.80701 -0.999002 0.0445486 -0.00322878 114.289
-0.00206307 0.0102794 0.999945 51.0186 0.0453011 0.998922 -0.0101754 -3.82939 -0.998971 0.0452777 -0.00252658 114.275
-0.0019191 0.0104817 0.999943 51.7042 0.0401008 0.999142 -0.0103963 -3.85112 -0.999194 0.0400786 -0.00233784 114.28
-0.00182505 0.0110245 0.999938 52.3993 0.0348116 0.999335 -0.0109543 -3.87762 -0.999392 0.0347895 -0.00220768 114.293
-0.00118777 0.00911243 0.999958 53.077 0.0356848 0.999323 -0.00906424 -3.90507 -0.999362 0.0356726 -0.0015122 114.285
-0.00159146 0.00874072 0.999961 53.7493 0.0360532 0.999313 -0.00867767 -3.91738 -0.999349 0.036038 -0.00190556 114.278
-0.00489079 0.00879012 0.99995 54.4322 0.0327918 0.999426 -0.00862511 -3.9334 -0.99945 0.032748 -0.00517629 114.281
-0.00927941 0.0075869 0.999928 55.1148 0.0284368 0.99957 -0.00732027 -3.96322 -0.999552 0.0283669 -0.00949122 114.278
-0.0157182 0.0106617 0.99982 55.7776 0.0305109 0.999484 -0.0101784 -3.98946 -0.999411 0.0303455 -0.0160354 114.273
-0.022695 0.0134633 0.999652 56.4514 0.0329533 0.999377 -0.0127115 -4.01001 -0.999199 0.0326534 -0.0231245 114.259
-0.0295783 0.013682 0.999469 57.1273 0.0315927 0.99942 -0.0127463 -4.04602 -0.999063 0.031199 -0.0299934 114.236
-0.0357728 0.0122938 0.999285 57.8245 0.0285938 0.999529 -0.0112732 -4.07064 -0.998951 0.0281701 -0.0361075 114.218
-0.0412565 0.0109385 0.999089 58.5086 0.0277463 0.999568 -0.00979794 -4.09017 -0.998763 0.0273169 -0.0415422 114.192
-0.0452994 0.012043 0.998901 59.2162 0.0252266 0.999623 -0.0109077 -4.0981 -0.998655 0.0247049 -0.0455861 114.163
-0.0486331 0.0120231 0.998745 59.9176 0.0240205 0.999653 -0.0108644 -4.10501 -0.998528 0.0234621 -0.048905 114.128
-0.0494061 0.0111219 0.998717 60.6107 0.0267278 0.999596 -0.00980947 -4.09214 -0.998421 0.0262089 -0.0496834 114.077
-0.0504207 0.0104564 0.998674 61.3115 0.0310018 0.999481 -0.00889959 -4.07907 -0.998246 0.030512 -0.0507187 114.032
-0.0512297 0.0101678 0.998635 62.0198 0.0323924 0.99944 -0.00851423 -4.07454 -0.998161 0.031912 -0.0515304 113.991
-0.0517824 0.0108702 0.998599 62.767 0.0312337 0.99947 -0.00926005 -4.07601 -0.998169 0.0307105 -0.0520945 113.957
-0.0514953 0.0158793 0.998547 63.4837 0.0334999 0.999339 -0.0141643 -4.07987 -0.998111 0.0327219 -0.0519932 113.916
-0.051299 0.0201737 0.99848 64.23 0.0394108 0.999059 -0.0181606 -4.09716 -0.997905 0.0384193 -0.0520458 113.872
-0.0513367 0.0254627 0.998357 64.9703 0.0479014 0.998588 -0.0230054 -4.11431 -0.997532 0.0466417 -0.052484 113.822
-0.0519584 0.0264978 0.998298 65.7418 0.0487352 0.998525 -0.0239673 -4.13813 -0.997459 0.0474069 -0.0531732 113.787
-0.0525206 0.0249786 0.998308 66.4914 0.0459928 0.998688 -0.0225685 -4.16251 -0.99756 0.0447297 -0.0536005 113.756
-0.052765 0.0203548 0.9984 67.2387 0.0463694 0.998765 -0.0179117 -4.18679 -0.997529 0.0453501 -0.0536436 113.722
-0.051449 0.0192952 0.998489 68.003 0.0491326 0.998652 -0.0167667 -4.20644 -0.997466 0.0481958 -0.0523277 113.673
-0.051816 0.0190882 0.998474 68.7599 0.0492368 0.998651 -0.0165364 -4.23293 -0.997442 0.0483049 -0.052686 113.633
-0.0533195 0.0199901 0.998378 69.5114 0.0480192 0.998695 -0.0174319 -4.2622 -0.997422 0.0470119 -0.0542099 113.6
-0.0556151 0.0202646 0.998247 70.2748 0.0461752 0.998777 -0.0177028 -4.2909 -0.997384 0.0451097 -0.0564828 113.57
-0.0584543 0.0209141 0.998071 71.0174 0.0474256 0.998711 -0.0181499 -4.31457 -0.997163 0.0462732 -0.0593708 113.533
-0.0566418 0.0206123 0.998182 71.7597 0.0514335 0.99852 -0.0177007 -4.33676 -0.997069 0.0503374 -0.0576182 113.458
-0.057672 0.0206715 0.998122 72.54 0.0528266 0.998449 -0.0176259 -4.35892 -0.996937 0.0517109 -0.0586746 113.401
-0.0581795 0.0213085 0.998079 73.2948 0.0512196 0.99852 -0.0183322 -4.38119 -0.996991 0.0500547 -0.0591848 113.355
-0.0589424 0.0221388 0.998016 74.0414 0.0519817 0.998467 -0.0190787 -4.4101 -0.996907 0.050754 -0.0600028 113.312
-0.0588569 0.0216221 0.998032 74.8117 0.0510414 0.998524 -0.0186227 -4.44294 -0.99696 0.0498449 -0.0598737 113.261
-0.0600569 0.0220673 0.997951 75.5862 0.050765 0.99853 -0.0190251 -4.46545 -0.996903 0.0495185 -0.0610889 113.216
-0.060928 0.0208649 0.997924 76.3691 0.0520636 0.998488 -0.017698 -4.48604 -0.996783 0.0508773 -0.0619222 113.169
-0.0614117 0.0189118 0.997934 77.1529 0.0511401 0.998568 -0.0157768 -4.50529 -0.996801 0.0500655 -0.0622909 113.122
-0.0635491 0.0176246 0.997823 77.9511 0.0485736 0.998715 -0.0145468 -4.52364 -0.996796 0.0475435 -0.0643235 113.083
-0.0649673 0.0172293 0.997739 78.7609 0.0512355 0.998591 -0.0139078 -4.54508 -0.996571 0.0502161 -0.0657585 113.023
-0.066615 0.0179107 0.997618 79.5372 0.0528967 0.998497 -0.0143943 -4.56613 -0.996375 0.0518118 -0.0674623 112.966
-0.0686979 0.0202607 0.997432 80.3312 0.0535849 0.998427 -0.0165903 -4.57461 -0.996197 0.0523077 -0.0696754 112.908
-0.0701342 0.0239292 0.997251 81.1657 0.055383 0.998265 -0.0200585 -4.59956 -0.995999 0.053824 -0.0713378 112.857
-0.0710562 0.0280852 0.997077 81.9473 0.0579234 0.998034 -0.0239843 -4.62349 -0.995789 0.0560499 -0.0725433 112.802
-0.0729212 0.0324699 0.996809 82.7808 0.0595327 0.997831 -0.0281481 -4.64975 -0.995559 0.0572902 -0.074696 112.753
-0.0726834 0.033553 0.996791 83.6192 0.0617062 0.997672 -0.0290832 -4.68058 -0.995444 0.0593944 -0.0745846 112.693
-0.0728788 0.0334239 0.996781 84.4521 0.0660663 0.997406 -0.0286145 -4.71107 -0.99515 0.0637682 -0.0748979 112.633
-0.0728974 0.0318955 0.99683 85.3031 0.0673335 0.997367 -0.0269887 -4.74208 -0.995063 0.0651526 -0.074853 112.575
-0.0716397 0.0308665 0.996953 86.1424 0.0685068 0.997314 -0.0259549 -4.77162 -0.995075 0.0664387 -0.0735618 112.507
-0.0695021 0.0291682 0.997156 86.9866 0.0685058 0.997353 -0.0243991 -4.79836 -0.995226 0.0666152 -0.0713163 112.448
-0.0676885 0.0263416 0.997359 87.8411 0.0694114 0.997355 -0.0216306 -4.82911 -0.995289 0.067764 -0.0693378 112.387
-0.065951 0.0230177 0.997558 88.6935 0.0699747 0.99738 -0.0183874 -4.8599 -0.995366 0.0685911 -0.0673889 112.325
-0.0644769 0.0230823 0.997653 89.5597 0.0688804 0.997452 -0.018626 -4.88957 -0.995539 0.0675178 -0.0659025 112.279
-0.0627223 0.0272911 0.997658 90.4166 0.0696088 0.997312 -0.0229054 -4.92155 -0.9956 0.0680091 -0.0644534 112.221
-0.0604085 0.0333996 0.997615 91.2561 0.0704835 0.997089 -0.029114 -4.95815 -0.995682 0.0685566 -0.0625868 112.155
-0.0589334 0.0364356 0.997597 92.153 0.0681241 0.997152 -0.0323949 -4.99704 -0.995934 0.0660512 -0.0612476 112.121
-0.0572223 0.0339962 0.997783 93.0019 0.0679231 0.997238 -0.0300823 -5.03445 -0.996048 0.0660511 -0.0593734 112.069
-0.0564755 0.0317019 0.997901 93.8875 0.0693256 0.997209 -0.0277565 -5.07066 -0.995994 0.0676125 -0.0585156 112.025
-0.0558982 0.0300388 0.997985 94.7588 0.0705781 0.997167 -0.026061 -5.10999 -0.995938 0.0689791 -0.0578599 111.978
-0.0544122 0.0298741 0.998072 95.6355 0.0712796 0.99712 -0.0259596 -5.14749 -0.995971 0.0697296 -0.0563849 111.925
-0.0532626 0.0299162 0.998133 96.5132 0.0719347 0.99707 -0.0260458 -5.18734 -0.995986 0.0704131 -0.0552585 111.877
-0.0507196 0.0284822 0.998307 97.3698 0.075934 0.996811 -0.0245816 -5.21841 -0.995821 0.0745587 -0.0527207 111.811
-0.0483103 0.028332 0.998431 98.2361 0.0796902 0.996522 -0.0244219 -5.24931 -0.995648 0.0783853 -0.0504001 111.749
-0.0477205 0.0294136 0.998428 99.0952 0.0821853 0.996294 -0.0254226 -5.2833 -0.995473 0.0808429 -0.049961 111.706
-0.0461893 0.0324009 0.998407 99.933 0.0846897 0.996004 -0.0284049 -5.31146 -0.995336 0.0832428 -0.0487488 111.659
-0.0470005 0.0346252 0.998295 100.795 0.0830779 0.996073 -0.0306367 -5.33871 -0.995434 0.0814962 -0.0496925 111.642
-0.0486731 0.0309835 0.998334 101.666 0.079977 0.996431 -0.0270252 -5.3777 -0.995607 0.0785284 -0.0509774 111.633
-0.0487595 0.0290652 0.998388 102.527 0.0745824 0.996893 -0.0253792 -5.42054 -0.996021 0.0732246 -0.0507757 111.606
-0.0503409 0.0297834 0.998288 103.373 0.0709498 0.997138 -0.0261712 -5.45982 -0.996208 0.0695108 -0.05231 111.574
-0.0514838 0.0346731 0.998072 104.232 0.0679687 0.997202 -0.0311369 -5.49763 -0.996358 0.0662346 -0.0536965 111.536
-0.052388 0.0376341 0.997918 105.069 0.0671889 0.997159 -0.0340782 -5.53421 -0.996363 0.0652637 -0.0547678 111.498
-0.0518135 0.038667 0.997908 105.916 0.0681176 0.997061 -0.0350973 -5.56678 -0.99633 0.0661566 -0.0542951 111.444
-0.0526374 0.0391182 0.997847 106.752 0.0697494 0.996937 -0.0354031 -5.60307 -0.996174 0.0677357 -0.0552046 111.408
-0.0537702 0.0404005 0.997736 107.599 0.0692521 0.996927 -0.0366356 -5.63778 -0.996148 0.0671254 -0.0564028 111.369
-0.0536239 0.043436 0.997616 108.418 0.0717618 0.996639 -0.0395361 -5.68698 -0.995979 0.0694707 -0.0565607 111.315
-0.0546403 0.0439912 0.997537 109.239 0.0714564 0.996641 -0.0400377 -5.7408 -0.995945 0.0690928 -0.0576002 111.284
-0.0557166 0.0443792 0.99746 110.064 0.0714209 0.996631 -0.0403528 -5.78454 -0.995888 0.0689912 -0.0586985 111.242
-0.0574551 0.0438743 0.997384 110.863 0.0698415 0.996764 -0.0398238 -5.82676 -0.995901 0.0673708 -0.0603334 111.187
-0.0602831 0.0454436 0.997147 111.662 0.0701039 0.99669 -0.0411846 -5.87007 -0.995716 0.0674211 -0.0632694 111.13
-0.0628859 0.0483425 0.996849 112.465 0.0706006 0.99654 -0.0438737 -5.91408 -0.99552 0.0676191 -0.0660813 111.074
-0.065093 0.0499206 0.99663 113.257 0.0701999 0.996503 -0.0453293 -5.9553 -0.995406 0.0670127 -0.0683698 111.014
-0.0675607 0.0506077 0.996431 114.049 0.0719659 0.996359 -0.0457246 -5.99715 -0.995116 0.0686198 -0.0709567 110.95
-0.0697158 0.0496568 0.99633 114.831 0.0738524 0.996277 -0.0444865 -6.0396 -0.994829 0.07048 -0.0731235 110.881
-0.0719392 0.0508377 0.996113 115.617 0.0766458 0.99603 -0.0452981 -6.08314 -0.994459 0.0730892 -0.0755501 110.812
-0.0726225 0.0560711 0.995782 116.403 0.072755 0.996057 -0.0507805 -6.12883 -0.994702 0.0687604 -0.0764156 110.753
-0.0739383 0.063644 0.99523 117.17 0.0707148 0.995785 -0.0584259 -6.17843 -0.994752 0.0660576 -0.0781272 110.696
-0.0754301 0.0667966 0.994912 117.911 0.0762716 0.995218 -0.0610346 -6.22121 -0.994229 0.0712796 -0.0801641 110.604
-0.0783111 0.0652481 0.994792 118.695 0.0785298 0.99516 -0.0590903 -6.26832 -0.993831 0.0734934 -0.083056 110.541
-0.081154 0.0583201 0.994994 119.47 0.0774629 0.995637 -0.0520397 -6.32021 -0.993686 0.0728519 -0.0853176 110.475
-0.0828019 0.0566943 0.994952 120.247 0.0774819 0.995726 -0.0502902 -6.37328 -0.993549 0.0729267 -0.0868407 110.41
-0.084077 0.0598377 0.994661 121.015 0.0780392 0.995526 -0.0532932 -6.42603 -0.993398 0.0731419 -0.0883704 110.341
-0.086279 0.0637922 0.994227 121.776 0.0754172 0.995504 -0.0573294 -6.47612 -0.993412 0.0700355 -0.090702 110.275
-0.0876343 0.0664342 0.993935 122.543 0.0750839 0.995377 -0.0599105 -6.53202 -0.993318 0.0693783 -0.0922172 110.2
-0.0896578 0.0711235 0.99343 123.285 0.0795307 0.994774 -0.064042 -6.58219 -0.992792 0.0732663 -0.0948457 110.124
-0.0914515 0.0761287 0.992896 124.028 0.0806953 0.994362 -0.0688086 -6.63349 -0.992534 0.0738293 -0.097079 110.049
-0.0946615 0.0795023 0.99233 124.785 0.0800387 0.994188 -0.072016 -6.68067 -0.992286 0.0726076 -0.100475 109.986
-0.0965223 0.0769458 0.992353 125.538 0.0809058 0.994316 -0.0692286 -6.74299 -0.992037 0.073605 -0.102199 109.907
-0.100647 0.0738083 0.992181 126.268 0.0851655 0.994224 -0.0653211 -6.80098 -0.99127 0.0779253 -0.106351 109.815
-0.106107 0.072534 0.991706 127.013 0.0874783 0.994151 -0.0633532 -6.85833 -0.990499 0.0800305 -0.111832 109.726
-0.111968 0.0716336 0.991127 127.757 0.0866379 0.994305 -0.0620758 -6.91478 -0.989927 0.0789186 -0.117537 109.632
-0.119734 0.0719836 0.990193 128.493 0.0871459 0.994282 -0.0617431 -6.96908 -0.988973 0.0788985 -0.125323 109.53
-0.130075 0.0728043 0.988828 129.221 0.0866855 0.994318 -0.0618055 -7.02513 -0.987707 0.0776776 -0.135647 109.421
-0.141864 0.0733128 0.987168 129.943 0.0880042 0.99424 -0.0611911 -7.08242 -0.985966 0.0781941 -0.147498 109.305
-0.154384 0.0744399 0.985203 130.661 0.0896422 0.994102 -0.061065 -7.13521 -0.983935 0.0788883 -0.160146 109.178
-0.16567 0.0743049 0.983378 131.373 0.0933635 0.993862 -0.0593681 -7.18822 -0.981751 0.0819761 -0.17159 109.035
-0.176932 0.0742605 0.981418 132.099 0.0967498 0.993634 -0.0577426 -7.23921 -0.979455 0.0847355 -0.18299 108.896
-0.186473 0.0742391 0.979652 132.805 0.101475 0.993264 -0.0559552 -7.28631 -0.977205 0.0889763 -0.19275 108.735
-0.194681 0.0749158 0.978002 133.518 0.10816 0.992639 -0.0545068 -7.33307 -0.974884 0.0951689 -0.20135 108.567
-0.20182 0.074875 0.976557 134.223 0.113365 0.992159 -0.0526426 -7.37925 -0.972839 0.100083 -0.208726 108.396
-0.207267 0.0752267 0.975388 134.94 0.113688 0.992137 -0.05236 -7.42407 -0.971655 0.100038 -0.214189 108.221
-0.211461 0.0731042 0.974649 135.662 0.117263 0.991895 -0.0489562 -7.46712 -0.970326 0.103938 -0.218319 108.051
-0.212808 0.0711181 0.974503 136.339 0.122846 0.991382 -0.0455234 -7.49515 -0.96934 0.110026 -0.21971 107.876
-0.212892 0.0694553 0.974604 137.021 0.129355 0.990695 -0.0423458 -7.53507 -0.968474 0.117054 -0.219895 107.697
-0.212425 0.0679656 0.974811 137.697 0.131553 0.990487 -0.0403914 -7.57399 -0.968281 0.119659 -0.219345 107.52
-0.211614 0.0729775 0.974625 138.385 0.13422 0.989931 -0.0449814 -7.62083 -0.968092 0.121295 -0.219278 107.361
-0.211084 0.0760573 0.974505 139.063 0.133878 0.989823 -0.048254 -7.66822 -0.968255 0.120279 -0.219118 107.221
-0.210093 0.0758656 0.974734 139.753 0.135962 0.989565 -0.0477149 -7.70943 -0.96818 0.122502 -0.218215 107.066
-0.20791 0.0738722 0.975355 140.426 0.137155 0.989496 -0.0457067 -7.75622 -0.968483 0.124272 -0.215858 106.911
-0.205468 0.0710064 0.976085 141.093 0.13828 0.989466 -0.0428715 -7.80073 -0.968844 0.126164 -0.213122 106.753
-0.203011 0.0712699 0.97658 141.779 0.138851 0.989366 -0.0433386 -7.84789 -0.969281 0.126801 -0.210748 106.6
-0.199882 0.0732372 0.977079 142.416 0.140657 0.98902 -0.0453578 -7.89096 -0.96967 0.128367 -0.207989 106.451
-0.195866 0.0743989 0.977805 143.073 0.141925 0.988771 -0.0468042 -7.93623 -0.970305 0.129607 -0.204225 106.321
-0.190131 0.0732975 0.979019 143.7 0.142252 0.988743 -0.0463993 -7.97827 -0.971397 0.130446 -0.198417 106.179
-0.183884 0.0714434 0.980348 144.345 0.144539 0.98848 -0.0449248 -8.01855 -0.972262 0.133438 -0.192092 106.046
-0.178421 0.069503 0.981497 144.986 0.145217 0.98844 -0.0435964 -8.06 -0.973178 0.134752 -0.186451 105.918
-0.173774 0.0687954 0.98238 145.62 0.145469 0.988408 -0.0434853 -8.09925 -0.973981 0.135349 -0.181767 105.798
-0.169556 0.0671015 0.983234 146.258 0.147647 0.98815 -0.0419757 -8.13731 -0.974397 0.138054 -0.177454 105.689
-0.165887 0.0654055 0.983974 146.877 0.151334 0.987668 -0.0401379 -8.17279 -0.974463 0.14225 -0.173739 105.58
-0.161941 0.0635237 0.984754 147.486 0.154465 0.987257 -0.0382837 -8.20517 -0.974635 0.14591 -0.169689 105.464
-0.158473 0.0628185 0.985363 148.099 0.153742 0.987373 -0.0382207 -8.23796 -0.975319 0.145434 -0.16613 105.363
-0.154121 0.0642417 0.985962 148.721 0.152233 0.987514 -0.0405465 -8.27543 -0.976253 0.143847 -0.161976 105.269
-0.149256 0.0679519 0.986461 149.317 0.154645 0.986964 -0.0445881 -8.30927 -0.97663 0.145896 -0.157819 105.173
-0.14365 0.071257 0.98706 149.907 0.156228 0.986531 -0.0484825 -8.34326 -0.977218 0.147241 -0.152848 105.078
-0.136161 0.0723921 0.988038 150.5 0.155865 0.986472 -0.0507975 -8.37911 -0.978348 0.147084 -0.145603 104.987
-0.126865 0.0713979 0.989347 151.093 0.151721 0.987067 -0.0517781 -8.41578 -0.980247 0.143536 -0.136056 104.904
-0.118107 0.0698508 0.990541 151.686 0.150994 0.987188 -0.0516105 -8.46138 -0.981453 0.14347 -0.12714 104.866
-0.106106 0.0679868 0.992028 152.268 0.150263 0.9873 -0.0515908 -8.51316 -0.982935 0.14359 -0.114975 104.804
-0.0919966 0.0669689 0.993505 152.852 0.150352 0.987232 -0.0526238 -8.55276 -0.984342 0.144534 -0.100891 104.743
