1 0 0 0 0 1 0 0 0 0 1 0
0.999999 -0.000967967 -0.00081611 0.0922731 0.000971094 0.999992 0.00383942 -0.100201 0.000812387 -0.00384021 0.999992 1.18174
1 -0.000643794 -0.00048446 0.103761 0.000646334 0.999986 0.00526125 -0.128144 0.000481066 -0.00526156 0.999986 2.41867
0.999999 -0.00147453 -0.000528097 0.109258 0.00147751 0.999983 0.00568916 -0.146612 0.000519699 -0.00568994 0.999984 3.62921
0.999997 -0.00230016 -0.00108741 0.121971 0.0023062 0.999982 0.00558077 -0.161161 0.00107455 -0.00558326 0.999984 4.85471
0.999995 -0.00295156 -0.00112806 0.125799 0.00295744 0.999982 0.00524349 -0.174425 0.00111256 -0.0052468 0.999986 6.06627
0.999998 -0.0016178 -0.00130149 0.127339 0.00162337 0.999989 0.00428941 -0.187746 0.00129453 -0.00429152 0.99999 7.27099
0.999998 -0.00155203 -0.00155954 0.134529 0.0015574 0.999993 0.00344854 -0.196404 0.00155418 -0.00345096 0.999993 8.4682
0.999998 -0.00124245 -0.0018209 0.135337 0.00125138 0.999987 0.00491205 -0.213652 0.00181477 -0.00491431 0.999986 9.64781
0.999993 -0.00139864 -0.00350272 0.131422 0.00141512 0.999988 0.00470574 -0.204012 0.00349609 -0.00471066 0.999983 10.8642
0.999977 -0.00180599 -0.006494 0.117099 0.00182609 0.999993 0.00309153 -0.20502 0.00648837 -0.00310332 0.999974 12.0855
0.99996 -0.000858432 -0.00893676 0.0904496 0.000879582 0.999997 0.00236295 -0.21567 0.0089347 -0.00237072 0.999957 13.2738
0.999945 -0.000722688 -0.0104976 0.0658356 0.000747221 0.999997 0.00233323 -0.235962 0.0104959 -0.00234094 0.999942 14.4915
0.999948 0.000943354 -0.0101386 0.0145896 -0.000918969 0.999997 0.00240949 -0.260757 0.0101409 -0.00240005 0.999946 15.706
0.999948 -0.00100308 -0.010195 -0.0292119 0.00102513 0.999997 0.00215762 -0.28673 0.0101928 -0.00216796 0.999946 16.8974
0.999925 -0.00153161 -0.0121104 -0.0318268 0.00156399 0.999995 0.00266539 -0.305625 0.0121063 -0.00268413 0.999923 18.107
0.999905 -0.00299969 -0.0134477 -0.0410572 0.00303685 0.999991 0.00274422 -0.325208 0.0134394 -0.0027848 0.999906 19.3333
0.999894 -0.00283449 -0.0142725 -0.0629293 0.002868 0.999993 0.00232858 -0.356671 0.0142658 -0.00236927 0.999895 20.5505
0.99988 -0.00316462 -0.0151499 -0.0897125 0.00319743 0.999992 0.00214174 -0.387217 0.015143 -0.00218993 0.999883 21.7708
0.999874 -0.00256142 -0.0156863 -0.137004 0.0026097 0.999992 0.00305792 -0.411807 0.0156784 -0.00309847 0.999872 22.9504
0.999869 -0.0027163 -0.0159817 -0.18013 0.00276394 0.999992 0.00295994 -0.432479 0.0159735 -0.00300372 0.999868 24.1652
0.999868 -0.00269546 -0.0160247 -0.231305 0.00273175 0.999994 0.00224343 -0.453327 0.0160186 -0.00228691 0.999869 25.3667
0.999869 -0.00197721 -0.0160745 -0.272383 0.00202382 0.999994 0.0028834 -0.471473 0.0160687 -0.00291556 0.999867 26.6012
0.999854 -0.00246353 -0.0169097 -0.293666 0.00254473 0.999985 0.0047821 -0.482809 0.0168977 -0.00482443 0.999846 27.8352
0.999834 -0.00258193 -0.0180552 -0.32318 0.00265388 0.999988 0.00396204 -0.491879 0.0180447 -0.0040093 0.999829 29.0242
0.999815 -0.00230168 -0.0190835 -0.343396 0.00234723 0.999994 0.00236487 -0.503022 0.0190779 -0.00240923 0.999815 30.2366
0.999783 -0.00342703 -0.0205418 -0.36276 0.00345474 0.999993 0.00131369 -0.524177 0.0205372 -0.00138437 0.999788 31.4417
0.999748 -0.00338654 -0.0222112 -0.382157 0.00341199 0.999993 0.00110786 -0.541094 0.0222073 -0.00118337 0.999753 32.6349
0.999743 -0.00362159 -0.022354 -0.423634 0.00364009 0.999993 0.000787107 -0.549105 0.022351 -0.000868276 0.99975 33.8398
0.999714 -0.00494344 -0.0233927 -0.453502 0.00495274 0.999988 0.000339601 -0.558613 0.0233907 -0.000455362 0.999726 35.0697
0.999669 -0.00603307 -0.0250131 -0.479622 0.006043 0.999982 0.000321207 -0.579897 0.0250107 -0.000472254 0.999687 36.2865
0.999626 -0.00681816 -0.0264747 -0.505497 0.00681581 0.999977 -0.000178932 -0.594885 0.0264753 -1.5811e-06 0.99965 37.4985
0.999587 -0.00817161 -0.0275525 -0.532095 0.00817751 0.999967 0.000101598 -0.614354 0.0275507 -0.000326867 0.99962 38.731
0.999569 -0.0077137 -0.0283293 -0.559691 0.00774192 0.99997 0.000886549 -0.63286 0.0283216 -0.00110549 0.999598 39.9634
0.999538 -0.00768652 -0.0293902 -0.588565 0.00773081 0.999969 0.00139357 -0.650858 0.0293786 -0.00162014 0.999567 41.1958
0.999515 -0.00641003 -0.0304653 -0.622958 0.00643514 0.999979 0.000726477 -0.668179 0.03046 -0.000922173 0.999536 42.4232
0.999511 -0.00537564 -0.0307863 -0.661267 0.0053957 0.999985 0.000568632 -0.687047 0.0307828 -0.000734467 0.999526 43.6544
0.999517 -0.00327492 -0.0309068 -0.702271 0.00333576 0.999992 0.00191722 -0.707182 0.0309003 -0.0020194 0.999521 44.8883
0.999538 -0.00380896 -0.0301685 -0.738886 0.0039585 0.99998 0.0048988 -0.728338 0.0301492 -0.00501596 0.999533 46.1034
0.999561 -0.00396527 -0.0293717 -0.771096 0.0041908 0.999962 0.00762088 -0.752732 0.0293404 -0.00774062 0.99954 47.3239
0.999588 -0.00349839 -0.0284692 -0.804528 0.00381789 0.99993 0.0111761 -0.771535 0.0284281 -0.0112802 0.999532 48.5596
0.999594 -0.00465745 -0.0281084 -0.840751 0.00500812 0.99991 0.0124182 -0.788416 0.028048 -0.0125539 0.999528 49.7685
0.999573 -0.0084188 -0.0279692 -0.861436 0.00873332 0.9999 0.0111422 -0.806069 0.0278726 -0.0113817 0.999547 50.993
0.999581 -0.00810087 -0.0277996 -0.896247 0.00838605 0.999913 0.0101576 -0.825153 0.0277149 -0.0103865 0.999562 52.2072
0.999629 -0.00859309 -0.0258308 -0.979938 0.00885288 0.999911 0.00996016 -0.839578 0.0257429 -0.0101851 0.999617 53.3836
0.999649 -0.0087652 -0.025009 -1.02879 0.00900506 0.999914 0.0094946 -0.852407 0.0249236 -0.00971647 0.999642 54.5998
0.999639 -0.00945091 -0.0251566 -1.08215 0.00967948 0.999913 0.00897945 -0.867918 0.0250696 -0.00921971 0.999643 55.8008
0.999637 -0.00876082 -0.0254822 -1.14682 0.00900661 0.999914 0.00954718 -0.876308 0.0253963 -0.00977322 0.99963 57.0312
0.999607 -0.00906246 -0.0265196 -1.19321 0.00935434 0.999897 0.0109029 -0.895 0.026418 -0.0111467 0.999589 58.2359
0.999584 -0.00984308 -0.0271258 -1.24449 0.0101661 0.999879 0.0117951 -0.915531 0.0270064 -0.012066 0.999563 59.4563
0.999556 -0.00918282 -0.0283345 -1.28283 0.00952598 0.999883 0.0119999 -0.929087 0.028221 -0.0122645 0.999527 60.6891
0.999517 -0.0101097 -0.0293939 -1.32408 0.0104685 0.999872 0.012079 -0.946166 0.029268 -0.0123808 0.999495 61.886
0.999471 -0.0115813 -0.0303781 -1.35899 0.011947 0.999858 0.0118856 -0.959104 0.0302361 -0.0122422 0.999468 63.1035
0.999353 -0.0137439 -0.0332301 -1.37378 0.0140852 0.99985 0.0100594 -0.962949 0.0330868 -0.010521 0.999397 64.3329
0.999308 -0.0144347 -0.0342725 -1.41347 0.0148344 0.999825 0.0114374 -0.975758 0.0341014 -0.011938 0.999347 65.5416
0.999336 -0.0137395 -0.0337552 -1.48682 0.0141726 0.99982 0.0126243 -0.979759 0.0335757 -0.0130944 0.999351 66.7346
0.999358 -0.0127607 -0.033489 -1.54188 0.0131102 0.999862 0.0102364 -0.972458 0.0333537 -0.0106688 0.999387 67.9429
0.999361 -0.0115331 -0.0338293 -1.58282 0.0117944 0.999902 0.0075373 -0.965515 0.033739 -0.00793148 0.9994 69.1649
0.999364 -0.00872012 -0.0345766 -1.63422 0.008955 0.999938 0.00664419 -0.961376 0.0345165 -0.0069496 0.99938 70.3643
0.999381 -0.00661445 -0.0345668 -1.692 0.00680413 0.999963 0.00537277 -0.962071 0.03453 -0.00560464 0.999388 71.5602
0.999413 -0.00400037 -0.0340114 -1.75093 0.00418509 0.999977 0.00536188 -0.969849 0.0339892 -0.00550108 0.999407 72.7707
0.999541 -0.00311143 -0.0301279 -1.83852 0.00331419 0.999972 0.0066827 -0.988771 0.0301063 -0.00677948 0.999524 73.9665
0.999615 -0.00116186 -0.0277173 -1.89442 0.00136218 0.999973 0.00720993 -1.00358 0.0277081 -0.00724491 0.99959 75.1629
0.999701 -0.00239812 -0.0243123 -1.94612 0.00251451 0.999986 0.00475782 -1.02172 0.0243005 -0.00481753 0.999693 76.3593
0.999754 -0.00530605 -0.0215244 -1.97502 0.00530594 0.999986 -6.21794e-05 -1.03913 0.0215244 -5.20434e-05 0.999769 77.5634
0.999799 -0.00548097 -0.019265 -2.00368 0.00546443 0.999985 -0.000910694 -1.05822 0.0192697 0.000805238 0.999814 78.7515
0.999863 -0.0055242 -0.0156056 -2.02744 0.00555694 0.999983 0.00205606 -1.0741 0.015594 -0.0021425 0.999876 79.9423
0.999924 -0.00497518 -0.0112527 -2.05612 0.00500068 0.999985 0.00223916 -1.08786 0.0112414 -0.00229526 0.999934 81.1159
0.999954 -0.00525763 -0.00801997 -2.06051 0.00526379 0.999986 0.000747571 -1.10938 0.00801591 -0.000789752 0.999968 82.3175
0.999965 -0.00628926 -0.00552327 -2.06362 0.00627738 0.999978 -0.00216628 -1.13489 0.00553676 0.00213153 0.999983 83.4939
0.999996 -0.00222397 -0.00176518 -2.06964 0.00220738 0.999954 -0.00934171 -1.13372 0.00178586 0.00933778 0.999955 84.6703
0.999997 -0.00152438 0.00172036 -2.06934 0.00154341 0.999937 -0.0111208 -1.16198 -0.00170331 0.0111234 0.999937 85.8507
0.999988 -0.00253834 0.00418583 -2.05664 0.00258533 0.999933 -0.0112582 -1.17461 -0.00415699 0.0112689 0.999928 87.0271
0.999979 -0.00232059 0.00597358 -2.02328 0.00238853 0.999932 -0.0113929 -1.20895 -0.00594676 0.0114069 0.999917 88.2183
0.999967 -0.00268121 0.00770734 -1.99577 0.00278875 0.999898 -0.0139757 -1.23865 -0.00766911 0.0139967 0.999873 89.3993
0.99995 -0.00371194 0.00929481 -1.96669 0.00386851 0.99985 -0.0168832 -1.27325 -0.00923077 0.0169183 0.999814 90.5518
0.999912 -0.00310875 0.0128622 -1.96251 0.00332996 0.999846 -0.0172127 -1.30495 -0.0128068 0.0172541 0.999769 91.7355
0.999889 -0.00495299 0.0140179 -1.93214 0.00516137 0.999876 -0.0148683 -1.36004 -0.0139426 0.014939 0.999791 92.8795
0.999862 -0.00536291 0.0156999 -1.90141 0.00556663 0.999901 -0.0129611 -1.40273 -0.0156289 0.0130467 0.999793 94.0657
0.99982 -0.00712283 0.01755 -1.87791 0.00731496 0.999914 -0.0109075 -1.43953 -0.0174709 0.011034 0.999787 95.2312
0.999618 -0.00838188 0.0263313 -1.9368 0.00868102 0.999899 -0.0112667 -1.4649 -0.0262342 0.011491 0.99959 96.3799
0.999602 -0.00898203 0.0267214 -1.88598 0.00936206 0.999856 -0.014131 -1.49674 -0.0265906 0.0143755 0.999543 97.5294
0.999574 -0.0110604 0.0270129 -1.83092 0.0115541 0.999768 -0.0181876 -1.52678 -0.0268055 0.018492 0.99947 98.722
0.999601 -0.0119172 0.0255999 -1.75981 0.0124529 0.999705 -0.020872 -1.56953 -0.0253436 0.0211825 0.999455 99.8764
0.99959 -0.0127129 0.0256402 -1.71068 0.0132676 0.999679 -0.0215781 -1.60968 -0.0253576 0.0219095 0.999439 101.064
0.999614 -0.012155 0.024966 -1.66236 0.0126945 0.999687 -0.0215639 -1.65012 -0.0246961 0.0218725 0.999456 102.251
0.999668 -0.0121475 0.0227286 -1.61973 0.0125866 0.999735 -0.0192761 -1.68771 -0.0224884 0.0195557 0.999556 103.437
0.999713 -0.0108207 0.0213781 -1.57035 0.0112155 0.999767 -0.0184365 -1.70873 -0.0211736 0.018671 0.999602 104.717
0.999781 -0.00908586 0.0188652 -1.54956 0.00943467 0.999785 -0.0184836 -1.72868 -0.0186932 0.0186576 0.999651 105.942
0.999833 -0.00936781 0.0156853 -1.51441 0.00964647 0.999795 -0.0177852 -1.77817 -0.0155155 0.0179336 0.999719 107.184
0.9999 -0.00870792 0.0111171 -1.48506 0.00890538 0.999801 -0.0178377 -1.82787 -0.0109596 0.0179349 0.999779 108.425
0.999963 -0.00598881 0.00621856 -1.48422 0.00609581 0.999831 -0.0173329 -1.87375 -0.00611372 0.0173702 0.999831 109.639
0.999986 -0.0047448 0.0020965 -1.47478 0.00477897 0.999851 -0.0166044 -1.91592 -0.00201742 0.0166142 0.99986 110.877
0.999991 -0.00303987 -0.00292649 -1.47264 0.00299295 0.999869 -0.0159054 -1.95744 0.00297445 0.0158965 0.999869 112.116
0.999964 -0.00438334 -0.00726579 -1.52045 0.0042748 0.99988 -0.0148864 -2.00468 0.00733016 0.0148548 0.999863 113.313
0.999944 -0.00471148 -0.00949299 -1.60827 0.00457818 0.999891 -0.0140144 -2.04369 0.00955798 0.0139701 0.999857 114.491
0.99992 -0.00362826 -0.0121097 -1.69431 0.00345583 0.999893 -0.0142291 -2.08299 0.01216 0.0141861 0.999826 115.717
0.999888 -0.00254989 -0.0147088 -1.78356 0.0023404 0.999896 -0.0142418 -2.12221 0.0147436 0.0142058 0.999791 116.943
0.999828 -0.00197233 -0.0184146 -1.85896 0.00170862 0.999896 -0.0143257 -2.1615 0.018441 0.0142917 0.999728 118.218
0.999731 -0.00119734 -0.0231545 -1.89061 0.000837398 0.999879 -0.0155486 -2.19856 0.0231703 0.015525 0.999611 119.511
0.999626 -0.000382954 -0.0273281 -1.91945 -4.98758e-05 0.999875 -0.0158357 -2.2291 0.0273307 0.0158312 0.999501 120.774
0.999569 0.00191484 -0.0292752 -1.96946 -0.00239214 0.999865 -0.0162775 -2.27192 0.02924 0.0163405 0.999439 122.007
0.999539 0.00259267 -0.0302332 -2.0179 -0.00309221 0.99986 -0.0164875 -2.31354 0.0301862 0.0165734 0.999407 123.25
0.999498 0.00382282 -0.0314625 -2.06727 -0.00433213 0.999861 -0.0161355 -2.35272 0.0313964 0.0162637 0.999375 124.495
0.999494 0.00388023 -0.0315725 -2.13534 -0.00436603 0.999873 -0.0153324 -2.39123 0.031509 0.0154624 0.999384 125.742
0.999612 0.00419771 -0.02752 -2.28297 -0.00459781 0.999885 -0.0144914 -2.43743 0.027456 0.0146123 0.999516 126.968
0.999639 0.00815716 -0.0255898 -2.3891 -0.0084782 0.999887 -0.0124623 -2.47295 0.0254852 0.0126748 0.999595 128.205
0.999583 0.00868281 -0.0275362 -2.41247 -0.00895123 0.999914 -0.00963938 -2.50137 0.0274501 0.00988185 0.999574 129.424
0.99954 0.00642844 -0.0296364 -2.43872 -0.00675395 0.999918 -0.0108965 -2.52372 0.0295639 0.0110917 0.999501 130.683
0.999483 0.0063417 -0.0315318 -2.4709 -0.00674629 0.999896 -0.012741 -2.54862 0.0314477 0.0129472 0.999422 131.96
0.999446 0.00282365 -0.0331503 -2.50819 -0.00324898 0.999913 -0.0127834 -2.57238 0.0331113 0.0128841 0.999369 133.25
0.999345 0.000789365 -0.0361774 -2.53416 -0.00121029 0.999932 -0.0116144 -2.59761 0.0361658 0.0116505 0.999278 134.519
0.999295 -0.00275731 -0.0374423 -2.57306 0.00237063 0.999944 -0.0103677 -2.62689 0.0374687 0.0102717 0.999245 135.802
0.999192 -0.00465779 -0.0399067 -2.6034 0.00427094 0.999943 -0.00977341 -2.6595 0.03995 0.00959508 0.999156 137.089
0.999123 -0.00918595 -0.0408589 -2.63955 0.00872104 0.999896 -0.0115421 -2.69935 0.0409606 0.0111757 0.999098 138.405
0.999059 -0.0120455 -0.0416652 -2.68623 0.0115349 0.999856 -0.0124743 -2.73636 0.0418094 0.0119819 0.999054 139.688
0.999061 -0.0140545 -0.0409724 -2.75101 0.0135271 0.999823 -0.0131213 -2.77104 0.0411496 0.0125548 0.999074 140.973
0.999096 -0.0141341 -0.0400838 -2.82204 0.0136167 0.999821 -0.01315 -2.80417 0.0402624 0.0125923 0.99911 142.238
0.999103 -0.013486 -0.040146 -2.87203 0.0130051 0.999841 -0.0122164 -2.82906 0.0403044 0.0116834 0.999119 143.536
0.999118 -0.0109462 -0.0405417 -2.92018 0.0105087 0.999885 -0.0109887 -2.85726 0.0406573 0.010553 0.999117 144.816
0.999099 -0.0111824 -0.0409421 -2.96973 0.0106477 0.999856 -0.0132566 -2.8873 0.0410844 0.0128088 0.999074 146.13
0.999113 -0.0104739 -0.0407717 -3.02979 0.0098534 0.999833 -0.0153903 -2.92178 0.040926 0.0149749 0.99905 147.433
0.999158 -0.0105808 -0.0396455 -3.11111 0.00986268 0.999785 -0.0182655 -2.96394 0.0398302 0.0178591 0.999047 148.718
0.999216 -0.0118534 -0.0377757 -3.20856 0.0109987 0.999681 -0.0227532 -3.01342 0.0380333 0.0223199 0.999027 149.98
0.99932 -0.0106711 -0.0352772 -3.30495 0.00975048 0.99961 -0.0261679 -3.07001 0.0355426 0.0258062 0.999035 151.26
0.999445 -0.0111287 -0.0313775 -3.43455 0.0102865 0.999586 -0.0268755 -3.13982 0.0316636 0.0265379 0.999146 152.538
0.999444 -0.010618 -0.0315837 -3.49662 0.00976604 0.999588 -0.027007 -3.2003 0.0318574 0.0266835 0.999136 153.788
0.999423 -0.0111392 -0.0320801 -3.54169 0.0103073 0.99961 -0.0259814 -3.26342 0.032357 0.0256357 0.999148 155.084
0.999412 -0.010361 -0.0326597 -3.58484 0.00955856 0.999651 -0.0246303 -3.32567 0.0329035 0.0243037 0.999163 156.356
0.999394 -0.0103109 -0.0332242 -3.63009 0.00952185 0.999671 -0.023819 -3.38759 0.0334589 0.0234882 0.999164 157.629
0.999348 -0.0110375 -0.0343588 -3.66946 0.010217 0.999661 -0.023964 -3.44745 0.0346116 0.0235974 0.999122 158.884
0.999296 -0.0111854 -0.0357918 -3.71405 0.0103398 0.999665 -0.0237247 -3.50324 0.0360451 0.0233379 0.999078 160.162
0.999264 -0.0116984 -0.0365309 -3.75956 0.0108883 0.999692 -0.0222965 -3.55718 0.0367805 0.0218823 0.999084 161.44
0.99925 -0.0107149 -0.0372062 -3.81141 0.0099025 0.99971 -0.0219518 -3.61041 0.0374306 0.0215669 0.999066 162.74
0.999214 -0.00988687 -0.0383689 -3.86442 0.00901234 0.999697 -0.022899 -3.66179 0.0385837 0.0225352 0.999001 164.009
0.999153 -0.010947 -0.0396531 -3.91919 0.00999117 0.999657 -0.0242226 -3.71499 0.0399046 0.0238059 0.99892 165.278
0.999252 -0.0101835 -0.0372968 -4.04055 0.00930557 0.999677 -0.0236371 -3.77665 0.0375255 0.0232724 0.999025 166.498
0.999214 -0.0104318 -0.0382197 -4.08477 0.00947716 0.999641 -0.0250746 -3.82516 0.0384675 0.0246927 0.998955 167.844
0.999299 -0.00902377 -0.036317 -4.26213 0.00811621 0.999653 -0.02506 -3.88667 0.0365305 0.0247477 0.999026 169.02
0.999277 -0.00949742 -0.0367996 -4.32799 0.00861479 0.999673 -0.0240695 -3.95682 0.0370161 0.023735 0.999033 170.305
0.999343 -0.00856322 -0.0352131 -4.44413 0.00777991 0.999721 -0.0223219 -4.01563 0.0353944 0.0220333 0.99913 171.55
0.999402 -0.00892082 -0.0333941 -4.54098 0.00820151 0.999733 -0.0216151 -4.07983 0.033578 0.0213283 0.999208 172.829
0.999423 -0.00824672 -0.0329397 -4.61404 0.00755783 0.999751 -0.0209836 -4.13326 0.0331046 0.0207225 0.999237 174.11
0.999453 -0.00741968 -0.0322235 -4.70147 0.00676008 0.999767 -0.0205305 -4.18357 0.0323683 0.0203014 0.99927 175.369
0.999484 -0.00758509 -0.031209 -4.78797 0.0069133 0.999743 -0.0215773 -4.2335 0.0313646 0.0213504 0.99928 176.655
0.999526 -0.00627377 -0.0301257 -4.87051 0.00561123 0.999742 -0.0220268 -4.28639 0.0302561 0.0218473 0.999303 177.935
0.999563 -0.00647651 -0.0288117 -4.94886 0.005843 0.999741 -0.0220178 -4.3386 0.0289468 0.0218399 0.999342 179.221
0.99962 -0.00670425 -0.0267157 -5.03256 0.00608987 0.999717 -0.023012 -4.39275 0.0268624 0.0228406 0.999378 180.506
0.999669 -0.00707129 -0.0247103 -5.11469 0.0064705 0.999684 -0.024309 -4.4493 0.0248744 0.024141 0.999399 181.789
0.99963 -0.00965677 -0.0253933 -5.15254 0.00903759 0.999662 -0.0243862 -4.50051 0.0256202 0.0241477 0.99938 183.07
0.999614 -0.00989526 -0.0259515 -5.17989 0.00935116 0.999736 -0.0210043 -4.55298 0.0261524 0.0207535 0.999442 184.387
0.999598 -0.010568 -0.0262912 -5.21651 0.0101274 0.999807 -0.0168351 -4.60114 0.026464 0.0165621 0.999512 185.672
0.999624 -0.00922611 -0.0257818 -5.26204 0.00878499 0.999814 -0.0171707 -4.65074 0.0259353 0.0169378 0.99952 186.938
0.999613 -0.00801051 -0.026604 -5.29028 0.00747717 0.999771 -0.0200863 -4.69943 0.0267588 0.0198796 0.999444 188.21
0.999605 -0.0099301 -0.0262698 -5.33819 0.00935788 0.999718 -0.0218163 -4.7562 0.026479 0.0215618 0.999417 189.458
0.999605 -0.0114435 -0.0256507 -5.38394 0.0108968 0.999713 -0.0213539 -4.81118 0.0258877 0.021066 0.999443 190.714
0.999606 -0.0128378 -0.0249248 -5.42992 0.0123416 0.999725 -0.0199574 -4.86426 0.0251741 0.019642 0.99949 191.971
0.999613 -0.0136408 -0.0242224 -5.47784 0.0132003 0.999747 -0.0182545 -4.91196 0.0244652 0.0179277 0.99954 193.223
0.999612 -0.0138008 -0.0241571 -5.4983 0.0133743 0.999754 -0.0177292 -4.95363 0.0243958 0.0173993 0.999551 194.515
0.999634 -0.0140387 -0.0230955 -5.5286 0.013606 0.999731 -0.0187865 -4.99803 0.023353 0.0184654 0.999556 195.768
0.999655 -0.0152633 -0.0213444 -5.55932 0.0148304 0.999684 -0.0202969 -5.04479 0.0216474 0.0199734 0.999566 197.019
0.999729 -0.0141614 -0.0184532 -5.59998 0.0137646 0.999675 -0.0214553 -5.09125 0.018751 0.0211955 0.999599 198.252
0.999752 -0.0164161 -0.0149968 -5.64024 0.0160735 0.999614 -0.0226889 -5.13971 0.0153634 0.0224423 0.99963 199.484
0.999774 -0.0163299 -0.0136019 -5.66687 0.0160301 0.999633 -0.0218697 -5.19128 0.013954 0.0216467 0.999668 200.715
0.999802 -0.0164655 -0.0110831 -5.69911 0.0162419 0.999669 -0.0199755 -5.2408 0.0114083 0.0197916 0.999739 201.938
0.999806 -0.0167191 -0.010379 -5.71564 0.0165171 0.999679 -0.0192514 -5.29465 0.0106974 0.0190762 0.999761 203.153
0.999815 -0.0165069 -0.00977478 -5.73595 0.0163157 0.99968 -0.0193251 -5.34009 0.0100906 0.0191621 0.999765 204.361
0.999819 -0.0166064 -0.00924883 -5.75686 0.0164216 0.999671 -0.0197126 -5.38696 0.0095731 0.0195571 0.999763 205.577
0.999834 -0.0165898 -0.00742257 -5.81134 0.0164439 0.999679 -0.0192992 -5.43815 0.00774031 0.019174 0.999786 206.762
0.999854 -0.0162339 -0.0052094 -5.86323 0.0161295 0.999681 -0.0194846 -5.48965 0.00552401 0.0193977 0.999796 207.948
0.999859 -0.0165103 -0.00283292 -5.90671 0.0164522 0.999676 -0.0194358 -5.54048 0.00315286 0.0193864 0.999807 209.135
0.99985 -0.0172587 -0.00138921 -5.92999 0.0172285 0.999663 -0.0194182 -5.58828 0.00172384 0.0193914 0.99981 210.305
0.999851 -0.0170849 -0.00242119 -5.91505 0.017037 0.999682 -0.0186235 -5.63746 0.00273856 0.0185795 0.999824 211.489
0.999839 -0.017608 -0.00337664 -5.91255 0.0175453 0.999689 -0.017768 -5.68386 0.0036884 0.0177059 0.999836 212.655
0.999832 -0.0179018 -0.00380469 -5.92071 0.0178321 0.999686 -0.0176422 -5.73489 0.00411929 0.0175714 0.999837 213.797
0.999846 -0.0171296 -0.00381605 -5.93328 0.0170573 0.999689 -0.0182403 -5.78696 0.00412727 0.0181724 0.999826 214.899
0.99984 -0.0176234 -0.00288393 -5.96131 0.0175671 0.999675 -0.0185225 -5.83891 0.00320938 0.0184688 0.999824 216.011
0.999822 -0.0186167 -0.00298503 -5.97864 0.0185584 0.999657 -0.0185139 -5.88765 0.00332864 0.0184552 0.999824 217.088
0.999815 -0.0187503 -0.00418823 -5.98955 0.0186699 0.999655 -0.0184885 -5.92874 0.00453341 0.0184069 0.99982 218.165
0.999801 -0.0189992 -0.00608192 -5.99817 0.0188877 0.999662 -0.017903 -5.96991 0.00641997 0.0177845 0.999821 219.213
0.999781 -0.019154 -0.00833585 -6.01783 0.0190192 0.999692 -0.0159629 -6.01371 0.008639 0.0158009 0.999838 220.235
0.999769 -0.0191795 -0.00963289 -6.05083 0.0190426 0.99972 -0.0141011 -6.05949 0.00990061 0.0139144 0.999854 221.32
0.999739 -0.0195712 -0.0117147 -6.07731 0.0194061 0.999713 -0.0140471 -6.09857 0.0119862 0.0138161 0.999833 222.345
0.999704 -0.0189999 -0.0151769 -6.07562 0.0187799 0.999719 -0.0145122 -6.13656 0.0154483 0.0142228 0.999779 223.421
0.999653 -0.0189189 -0.0182876 -6.08912 0.0186527 0.99972 -0.0146176 -6.17135 0.018559 0.0142714 0.999726 224.422
0.999639 -0.0176882 -0.0202135 -6.12943 0.017403 0.999748 -0.0141972 -6.20553 0.0204595 0.0138403 0.999695 225.354
0.999574 -0.0173591 -0.0234596 -6.1493 0.017008 0.999742 -0.0150837 -6.23491 0.0237153 0.0146783 0.999611 226.301
0.999503 -0.0176108 -0.0261368 -6.17984 0.0171909 0.999721 -0.0162052 -6.26816 0.0264149 0.0157478 0.999527 227.226
0.999462 -0.0170049 -0.0280216 -6.22862 0.016534 0.99972 -0.0169508 -6.30254 0.0283019 0.0164783 0.999464 228.105
0.999448 -0.0155757 -0.0293229 -6.2824 0.015072 0.999737 -0.0173213 -6.33849 0.029585 0.0168698 0.99942 228.976
0.999408 -0.0150985 -0.0308972 -6.33288 0.0145464 0.999732 -0.0180151 -6.3759 0.0311609 0.017555 0.99936 229.814
0.999366 -0.0142902 -0.0326081 -6.37599 0.013706 0.999743 -0.01807 -6.41401 0.0328579 0.0176117 0.999305 230.653
0.999465 -0.0129884 -0.0300002 -6.44614 0.0124826 0.999778 -0.016986 -6.45085 0.0302141 0.0166025 0.999406 231.444
0.999488 -0.01322 -0.0291147 -6.48244 0.0127624 0.999793 -0.015849 -6.48572 0.0293182 0.0154693 0.99945 232.239
0.999542 -0.0131103 -0.0272714 -6.52438 0.0127106 0.99981 -0.0147793 -6.52124 0.02746 0.0144259 0.999519 232.996
0.999599 -0.0129182 -0.0251796 -6.56267 0.0125517 0.999814 -0.0146599 -6.55356 0.0253642 0.014338 0.999575 233.75
0.999644 -0.0118003 -0.0239292 -6.59911 0.0114031 0.999796 -0.0166694 -6.58203 0.024121 0.0163906 0.999575 234.485
0.99969 -0.0118424 -0.0218963 -6.62936 0.0114357 0.999762 -0.0186079 -6.61346 0.0221114 0.0183517 0.999587 235.233
0.999741 -0.0117644 -0.0194744 -6.66149 0.011385 0.999746 -0.0194766 -6.64499 0.0196985 0.0192498 0.999621 235.968
0.999798 -0.0108478 -0.0169 -6.69222 0.0105125 0.999749 -0.0198017 -6.67657 0.0171105 0.01962 0.999661 236.703
0.99984 -0.0111125 -0.0140101 -6.71523 0.0108361 0.999748 -0.0196568 -6.70737 0.0142249 0.0195019 0.999709 237.44
0.999866 -0.0108431 -0.0121955 -6.72515 0.0105967 0.999743 -0.0200869 -6.7327 0.0124101 0.019955 0.999724 238.162
0.999875 -0.0106332 -0.0116931 -6.71301 0.0103906 0.999734 -0.0206165 -6.76078 0.0119091 0.0204924 0.999719 238.888
0.999864 -0.0113344 -0.0119776 -6.68144 0.0110888 0.999731 -0.020376 -6.80294 0.0122052 0.0202404 0.999721 239.611
0.999863 -0.0108411 -0.0124688 -6.64205 0.010592 0.999747 -0.0198723 -6.83918 0.0126811 0.0197375 0.999725 240.319
0.999856 -0.0123366 -0.0115991 -6.61307 0.0121282 0.999767 -0.017862 -6.88124 0.0118167 0.0177187 0.999773 241.022
0.999868 -0.0128627 -0.00992178 -6.60116 0.0127163 0.999812 -0.0146814 -6.94329 0.0101087 0.0145533 0.999843 241.718
0.999882 -0.0136428 -0.00701989 -6.60866 0.0135415 0.999807 -0.0142874 -6.97298 0.0072134 0.0141906 0.999873 242.413
0.999889 -0.0142529 -0.0043031 -6.60894 0.0141831 0.999774 -0.0158375 -6.98412 0.00452781 0.0157747 0.999865 243.093
0.999875 -0.0157209 -0.00129396 -6.60725 0.0157007 0.999774 -0.0143445 -7.02381 0.00151913 0.0143224 0.999896 243.822
0.999888 -0.0148762 0.0012353 -6.60489 0.0148951 0.999743 -0.0170916 -7.03292 -0.000980774 0.0171081 0.999853 244.509
0.999892 -0.0144576 0.00224178 -6.58684 0.0144964 0.999726 -0.0183923 -7.05132 -0.00197531 0.0184229 0.999828 245.229
0.999887 -0.0141778 0.00480694 -6.5813 0.0142995 0.999552 -0.0262923 -7.01194 -0.00443207 0.0263581 0.999643 245.933
0.999893 -0.0139253 0.00425831 -6.55937 0.0140011 0.999735 -0.01832 -7.09383 -0.00400212 0.0183776 0.999823 246.642
0.999858 -0.0153302 0.00691849 -6.55493 0.0154573 0.999706 -0.0186944 -7.12279 -0.00662991 0.0187987 0.999801 247.363
0.999815 -0.0156572 0.011153 -6.56425 0.0158976 0.999636 -0.0218095 -7.1403 -0.0108075 0.0219828 0.9997 248.077
0.999765 -0.0149196 0.0157099 -6.57523 0.0153099 0.99957 -0.0250256 -7.16147 -0.0153298 0.0252602 0.999563 248.797
0.999738 -0.0163838 0.0159693 -6.55771 0.0168164 0.999485 -0.0273381 -7.18631 -0.0155132 0.0275995 0.999499 249.523
0.9997 -0.0183494 0.0161896 -6.54467 0.0188097 0.99941 -0.0287579 -7.20845 -0.0156524 0.0290538 0.999455 250.25
0.999678 -0.0193192 0.0164159 -6.53224 0.0197532 0.999449 -0.0267025 -7.25277 -0.015891 0.0270182 0.999509 250.983
0.99973 -0.0162458 0.0166115 -6.52172 0.0167 0.999481 -0.0275752 -7.28378 -0.016155 0.0278452 0.999482 251.728
0.999895 -0.0102298 0.010225 -6.48932 0.0105721 0.999367 -0.0339961 -7.28287 -0.00987076 0.0341006 0.99937 252.469
0.999898 -0.010038 0.0100579 -6.47897 0.0103916 0.999308 -0.0357357 -7.32263 -0.00969228 0.0358366 0.99931 253.223
0.999891 -0.0105195 0.0102749 -6.46692 0.010917 0.999163 -0.0394344 -7.34545 -0.00985153 0.0395423 0.999169 253.964
0.999853 -0.0133453 0.0107369 -6.45689 0.0137713 0.99908 -0.0406373 -7.38046 -0.0101848 0.0407792 0.999116 254.716
0.999887 -0.0100714 0.0111397 -6.45346 0.010482 0.999245 -0.0374369 -7.40435 -0.0107543 0.0375495 0.999237 255.519
0.999887 -0.0103219 0.0108415 -6.43411 0.0106457 0.999486 -0.0302488 -7.46652 -0.0105237 0.0303608 0.999483 256.32
0.999878 -0.0116478 0.0104001 -6.41716 0.0119091 0.999606 -0.0254323 -7.52306 -0.0100998 0.025553 0.999622 257.119
0.99981 -0.0150457 0.0123786 -6.41515 0.01538 0.999508 -0.0273667 -7.56725 -0.0119608 0.0275519 0.999549 257.906
0.999769 -0.0137982 0.0164642 -6.40475 0.0143419 0.99934 -0.0333755 -7.59928 -0.0159929 0.0336039 0.999307 258.714
0.999727 -0.0116024 0.0202607 -6.39188 0.0123443 0.999244 -0.0368845 -7.63473 -0.0198175 0.0371245 0.999114 259.524
0.999673 -0.00957117 0.0237087 -6.37869 0.0104355 0.999276 -0.0366056 -7.67611 -0.0233412 0.036841 0.999048 260.346
0.999562 -0.0118609 0.0270956 -6.36255 0.012797 0.999319 -0.0346377 -7.71599 -0.0266663 0.0349693 0.999032 261.197
0.999428 -0.0146524 0.0304788 -6.34412 0.015592 0.999404 -0.0308231 -7.76577 -0.0300091 0.0312807 0.99906 262.035
0.999306 -0.0182425 0.0324678 -6.30604 0.0192018 0.999381 -0.0294823 -7.80626 -0.0319099 0.0300853 0.999038 262.877
0.99916 -0.0193631 0.0361023 -6.29138 0.0204244 0.999364 -0.0292625 -7.84444 -0.0355128 0.0299753 0.99892 263.706
0.999075 -0.0167643 0.0395964 -6.27122 0.0180225 0.999337 -0.031637 -7.87869 -0.0390398 0.0323214 0.998715 264.569
0.999014 -0.0138103 0.0421699 -6.25133 0.0152385 0.999315 -0.0337359 -7.90791 -0.0416752 0.0343453 0.998541 265.402
0.998929 -0.0116644 0.0447607 -6.22396 0.0131938 0.999334 -0.0340254 -7.9393 -0.044334 0.0345796 0.998418 266.249
0.998823 -0.00947624 0.0475657 -6.18484 0.011022 0.999417 -0.032341 -7.97169 -0.0472315 0.0328272 0.998344 267.11
0.998652 -0.00553996 0.0515979 -6.15962 0.00714962 0.999492 -0.0310644 -8.00416 -0.0513996 0.0313914 0.998185 267.948
0.998489 -0.00595033 0.0546092 -6.13073 0.00769308 0.999466 -0.0317587 -8.039 -0.0543912 0.0321309 0.998003 268.782
0.998268 -0.00487491 0.058619 -6.10538 0.00677576 0.999457 -0.0322724 -8.07307 -0.0584299 0.0326137 0.997759 269.624
0.998254 -0.00620629 0.0587291 -6.01442 0.00812561 0.999439 -0.0324989 -8.11807 -0.0584945 0.0329193 0.997745 270.497
0.998147 -0.00894818 0.0601798 -5.96536 0.0109307 0.999406 -0.0326949 -8.14554 -0.0598515 0.0332921 0.997652 271.34
0.998055 -0.0102269 0.0614788 -5.92018 0.0122799 0.999377 -0.0331089 -8.17926 -0.061102 0.0337994 0.997559 272.198
0.99781 -0.0106648 0.0652641 -5.92992 0.0128658 0.99936 -0.033397 -8.21854 -0.0648662 0.0341636 0.997309 273.026
0.997684 -0.0100582 0.0672598 -5.8972 0.0122385 0.999411 -0.0320832 -8.27355 -0.0668975 0.0328321 0.997219 273.889
0.99768 -0.00956215 0.0673981 -5.8535 0.0117091 0.999434 -0.0315322 -8.31183 -0.0670585 0.0322482 0.997228 274.75
0.997614 -0.00890594 0.0684497 -5.82483 0.0110982 0.999436 -0.0317148 -8.34683 -0.0681287 0.0323988 0.99715 275.593
0.997754 -0.00854182 0.0664221 -5.76509 0.010733 0.999408 -0.0327026 -8.384 -0.0661035 0.0333421 0.997255 276.446
0.997818 -0.00869115 0.0654353 -5.72015 0.0109553 0.999351 -0.0343226 -8.42019 -0.0650946 0.0349646 0.997266 277.309
0.998073 -0.00756564 0.0615737 -5.63201 0.00967029 0.999377 -0.0339553 -8.47804 -0.0612785 0.0344854 0.997525 278.171
0.998098 -0.00598184 0.0613499 -5.6062 0.00807268 0.999393 -0.0338897 -8.52868 -0.06111 0.0343205 0.997541 279.032
0.998121 -0.00350281 0.0611637 -5.59522 0.00558784 0.999408 -0.0339519 -8.56939 -0.0610086 0.0342298 0.99755 279.876
0.998181 -0.00331332 0.0601868 -5.56332 0.00542362 0.999375 -0.0349332 -8.59136 -0.0600335 0.0351961 0.997576 280.711
0.998327 -0.00466002 0.0576256 -5.51583 0.00661851 0.999406 -0.0338427 -8.63932 -0.0574337 0.0341675 0.997764 281.583
0.998506 -0.00585403 0.0543155 -5.48416 0.00758441 0.999469 -0.0317069 -8.68062 -0.0541011 0.0320715 0.99802 282.431
0.998778 -0.00742985 0.0488509 -5.43518 0.00898991 0.999454 -0.0317935 -8.70253 -0.0485881 0.0321938 0.9983 283.283
0.998997 -0.0077136 0.044096 -5.40472 0.00905147 0.999503 -0.0302214 -8.74816 -0.043841 0.0305902 0.99857 284.107
0.999199 -0.00758457 0.0392614 -5.37335 0.00874504 0.999528 -0.0294708 -8.78986 -0.0390194 0.0297906 0.998794 284.95
0.999377 -0.0081318 0.0343365 -5.34538 0.00911297 0.999552 -0.0285165 -8.8364 -0.0340893 0.0288116 0.999003 285.777
0.999486 -0.00959598 0.0305531 -5.33169 0.0104514 0.999555 -0.0279625 -8.88239 -0.0302712 0.0282674 0.999142 286.571
0.999601 -0.0104371 0.0262143 -5.30885 0.011171 0.999545 -0.028008 -8.92547 -0.0259101 0.0282897 0.999264 287.375
0.999697 -0.0101157 0.0224123 -5.29569 0.0107241 0.999573 -0.0271915 -8.97121 -0.0221277 0.0274236 0.999379 288.149
0.999769 -0.00908054 0.0194249 -5.29162 0.00959155 0.999606 -0.0263784 -9.01552 -0.0191778 0.0265587 0.999463 288.905
0.999831 -0.0103158 0.0151909 -5.28572 0.0107224 0.99958 -0.0269318 -9.04633 -0.0149067 0.0270901 0.999522 289.63
0.99987 -0.0114322 0.0113334 -5.29089 0.0117435 0.999545 -0.0277891 -9.08313 -0.0110106 0.0279186 0.999549 290.346
0.999933 -0.00948856 0.00650538 -5.30122 0.00967439 0.999528 -0.0291574 -9.11811 -0.00622569 0.0292184 0.999554 291.036
0.999963 -0.00848431 -2.80545e-05 -5.31506 0.00847901 0.999447 -0.0321503 -9.1488 0.000300775 0.0321489 0.999483 291.705
0.999939 -0.00733946 -0.00820007 -5.33987 0.00705635 0.999396 -0.0340356 -9.18007 0.00844488 0.0339757 0.999387 292.345
0.999781 -0.00802554 -0.0193104 -5.35884 0.00736378 0.999391 -0.0340996 -9.23751 0.0195722 0.03395 0.999232 292.978
0.999499 -0.00740797 -0.0307606 -5.46074 0.0063236 0.999361 -0.0352004 -9.25864 0.0310017 0.0349883 0.998907 293.541
0.998818 -0.00562484 -0.0482717 -5.48724 0.00394476 0.999386 -0.0348295 -9.28667 0.0484379 0.0345979 0.998227 294.16
0.997627 -0.00339981 -0.068758 -5.52657 0.00103118 0.999406 -0.0344548 -9.31447 0.0688343 0.0343021 0.997038 294.779
0.995753 -0.00157295 -0.0920386 -5.58048 -0.00165174 0.999388 -0.0349494 -9.34265 0.0920372 0.034953 0.995142 295.396
0.992995 -8.14853e-05 -0.118147 -5.65084 -0.00410723 0.999372 -0.0352094 -9.37101 0.118075 0.035448 0.992372 296.011
0.989177 0.00132933 -0.146715 -5.73897 -0.00656636 0.999358 -0.0352164 -9.39937 0.146575 0.0357987 0.988551 296.624
0.983968 0.00278258 -0.178317 -5.8404 -0.00900423 0.999378 -0.034091 -9.42737 0.178111 0.0351501 0.983382 297.223
0.977177 0.0038181 -0.212387 -5.97554 -0.0110262 0.999402 -0.0327644 -9.4492 0.212135 0.0343585 0.976636 297.807
0.968655 0.0038885 -0.248376 -6.13597 -0.0119623 0.999448 -0.0310054 -9.47248 0.248118 0.0330047 0.968167 298.321
0.958269 0.00640723 -0.285792 -6.3136 -0.0151485 0.999483 -0.0283857 -9.49653 0.285462 0.0315304 0.957871 298.817
0.945765 0.00851877 -0.324738 -6.51103 -0.0178784 0.999506 -0.0258491 -9.51962 0.324358 0.030253 0.94545 299.303
0.931012 0.0106566 -0.364832 -6.72979 -0.0205799 0.999516 -0.023322 -9.54229 0.364407 0.0292213 0.930781 299.775
0.914016 0.0113873 -0.405516 -6.96917 -0.0218484 0.999537 -0.0211772 -9.56385 0.405088 0.0282162 0.913842 300.238
0.894386 0.0115141 -0.447146 -7.22971 -0.0224755 0.999563 -0.0192167 -9.58439 0.44673 0.027237 0.894254 300.689
0.87175 0.0113818 -0.489817 -7.51177 -0.02281 0.999589 -0.0173687 -9.60394 0.489418 0.0263139 0.871652 301.127
0.846211 0.010604 -0.532742 -7.81548 -0.0221302 0.999639 -0.0152544 -9.62238 0.532388 0.0246982 0.84614 301.55
0.817702 0.0118547 -0.575518 -8.14047 -0.0233823 0.999647 -0.0126308 -9.63943 0.575165 0.0237851 0.817691 301.957
0.78589 0.0145173 -0.618195 -8.48676 -0.0267895 0.999585 -0.0105829 -9.65538 0.617785 0.0248782 0.785953 302.346
0.751011 0.0139294 -0.660141 -8.85191 -0.0263763 0.999613 -0.0089146 -9.67223 0.659762 0.024107 0.751088 302.706
0.712836 0.0128781 -0.701211 -9.23419 -0.023549 0.999707 -0.0055792 -9.68152 0.700934 0.0204899 0.712931 303
0.670317 0.0123725 -0.741971 -9.63323 -0.0191964 0.999816 -0.000670364 -9.6887 0.741826 0.0146925 0.670431 303.271
0.625245 0.0125913 -0.780326 -10.081 -0.0170227 0.999852 0.00249387 -9.66389 0.780242 0.011724 0.625367 303.461
0.577132 0.0151669 -0.816509 -10.5123 -0.018924 0.999808 0.00519565 -9.63804 0.816431 0.0124531 0.577308 303.607
0.527829 0.0205635 -0.849101 -10.9909 -0.0252747 0.999645 0.00849778 -9.6049 0.848974 0.0169754 0.528162 303.715
0.476639 0.0239408 -0.878772 -11.432 -0.0298756 0.999493 0.0110253 -9.58009 0.878591 0.0209987 0.477113 303.787
0.422592 0.0260235 -0.905946 -11.8433 -0.0319326 0.999395 0.0138125 -9.56821 0.905757 0.0230922 0.423167 303.859
0.368534 0.0273658 -0.929211 -12.3203 -0.0316989 0.999356 0.0168595 -9.54617 0.929073 0.0232417 0.369164 303.897
0.313818 0.0298193 -0.949014 -12.7843 -0.0312305 0.99929 0.0210718 -9.52338 0.948969 0.0230255 0.314526 303.908
0.258159 0.0330122 -0.965538 -13.2519 -0.0305763 0.999195 0.0259877 -9.49885 0.965618 0.0228136 0.258961 303.893
0.19981 0.0357549 -0.979181 -13.6422 -0.030894 0.999067 0.0301769 -9.48409 0.979347 0.0242212 0.200728 303.864
0.139376 0.0396257 -0.989446 -14.0555 -0.0325488 0.998843 0.0354171 -9.46859 0.989704 0.0272689 0.140505 303.81
0.0780384 0.0448164 -0.995942 -14.5014 -0.0324983 0.998573 0.0423883 -9.44453 0.99642 0.0290584 0.0793836 303.73
0.0152296 0.0513561 -0.998564 -14.9199 -0.0320985 0.998191 0.0508474 -9.42394 0.999368 0.031278 0.0168507 303.628
-0.0504037 0.0576644 -0.997062 -15.4212 -0.0299486 0.997796 0.0592208 -9.38855 0.998279 0.0328456 -0.0485654 303.531
-0.116158 0.063384 -0.991206 -15.8619 -0.0275248 0.997373 0.067004 -9.35934 0.992849 0.0350658 -0.114108 303.415
-0.183845 0.0701114 -0.980451 -16.2967 -0.0228602 0.996879 0.0755727 -9.34444 0.982689 0.036307 -0.181669 303.307
-0.248004 0.0737997 -0.965943 -16.7692 -0.0188266 0.996539 0.0809711 -9.30715 0.968575 0.0382666 -0.245757 303.134
-0.311526 0.0758795 -0.947202 -17.2212 -0.015635 0.996263 0.0849519 -9.27007 0.950108 0.0412742 -0.309175 302.953
-0.371553 0.0770175 -0.925211 -17.6621 -0.0116184 0.99609 0.0875835 -9.24011 0.928339 0.0432914 -0.369205 302.724
-0.42729 0.0775393 -0.900783 -18.119 -0.00792239 0.995957 0.0894898 -9.19782 0.90408 0.0453744 -0.424947 302.447
-0.480184 0.0769943 -0.873781 -18.6055 -0.0054526 0.995859 0.0907479 -9.14088 0.87715 0.04834 -0.477776 302.145
-0.528192 0.0764164 -0.845679 -19.0727 -0.00257981 0.995794 0.0915922 -9.08378 0.849121 0.0505599 -0.525773 301.817
-0.570658 0.0770441 -0.817565 -19.5656 2.69629e-05 0.995591 0.0938018 -9.02514 0.821187 0.0535067 -0.568144 301.444
-0.608203 0.0795266 -0.789786 -20.0432 0.0052935 0.995353 0.0961494 -8.95542 0.793763 0.0542977 -0.605798 301.029
-0.64601 0.0842994 -0.758659 -20.513 0.0130082 0.994955 0.0994791 -8.88376 0.763217 0.0543957 -0.643847 300.589
-0.683368 0.0872197 -0.724845 -20.9996 0.0184621 0.994586 0.102272 -8.8067 0.72984 0.056507 -0.681277 300.114
-0.717785 0.0853445 -0.691013 -21.452 0.0195333 0.994537 0.102542 -8.7228 0.69599 0.060105 -0.715531 299.6
-0.749447 0.0816814 -0.657006 -21.8999 0.0214553 0.994836 0.0992076 -8.64306 0.661716 0.0602545 -0.747329 299.049
-0.777311 0.079436 -0.62408 -22.298 0.0247056 0.995086 0.0958879 -8.58822 0.628631 0.0591164 -0.775453 298.459
-0.803822 0.0759009 -0.590007 -22.723 0.0260863 0.995371 0.0925087 -8.53291 0.594297 0.0589694 -0.80208 297.817
-0.828538 0.0736359 -0.555069 -23.1561 0.0283211 0.995558 0.0897974 -8.46492 0.559216 0.0586804 -0.826942 297.138
-0.851101 0.0715353 -0.520105 -23.5557 0.0290335 0.995571 0.0894205 -8.3951 0.524198 0.0610053 -0.849408 296.449
-0.871748 0.0680771 -0.4852 -23.9287 0.0282274 0.995634 0.0889792 -8.33012 0.489139 0.0638715 -0.869863 295.672
-0.890553 0.0681553 -0.449744 -24.2697 0.0315652 0.995588 0.0883706 -8.25841 0.453782 0.0645024 -0.888774 294.901
-0.9081 0.0708285 -0.41272 -24.5993 0.0372044 0.995341 0.0889546 -8.19084 0.417097 0.0654247 -0.906503 294.108
-0.923764 0.0744839 -0.375649 -24.9103 0.0440936 0.995067 0.0888714 -8.11131 0.380415 0.0655325 -0.92249 293.265
-0.937632 0.0760158 -0.339215 -25.1937 0.0478173 0.994726 0.0907389 -8.03192 0.344324 0.0688594 -0.936322 292.4
-0.949751 0.0789683 -0.302878 -25.4645 0.0533144 0.994325 0.092066 -7.95426 0.30843 0.071292 -0.948571 291.474
-0.959598 0.078668 -0.270153 -25.6115 0.0557328 0.99424 0.091555 -7.88635 0.275799 0.0727996 -0.958454 290.621
-0.968333 0.0766322 -0.237609 -25.8241 0.057012 0.994454 0.0883835 -7.80483 0.243064 0.072038 -0.967331 289.581
-0.975572 0.0748489 -0.206534 -26.0006 0.0581962 0.994632 0.0855672 -7.72583 0.21183 0.0714575 -0.97469 288.488
-0.981579 0.0742306 -0.176041 -26.158 0.0599555 0.99457 0.0850739 -7.64777 0.1814 0.0729522 -0.980699 287.458
-0.986621 0.0734022 -0.145567 -26.3047 0.0614693 0.994496 0.0848502 -7.57122 0.150994 0.0747672 -0.985703 286.454
-0.990454 0.0724391 -0.117269 -26.4183 0.0630014 0.994616 0.0822817 -7.47101 0.122598 0.0741081 -0.989685 285.342
-0.993243 0.0719997 -0.0910083 -26.5101 0.0646822 0.994618 0.0809485 -7.38527 0.0963469 0.0745149 -0.992554 284.237
-0.995365 0.0696644 -0.0662945 -26.5781 0.064203 0.994626 0.0812227 -7.29146 0.0715968 0.0765899 -0.994488 283.073
-0.996734 0.0684215 -0.0428877 -26.6264 0.0647726 0.994578 0.0813637 -7.19654 0.0482224 0.07832 -0.995761 281.888
-0.997633 0.0651118 -0.0220564 -26.6484 0.0631671 0.99482 0.0796554 -7.10172 0.0271288 0.0780736 -0.996578 280.666
-0.998133 0.0608021 -0.00566133 -26.6423 0.0601854 0.995198 0.0772008 -7.02504 0.0103283 0.076716 -0.996999 279.461
-0.998408 0.0560077 0.00657616 -26.6268 0.0563451 0.995544 0.0756256 -6.93034 -0.00231103 0.0758758 -0.997114 278.218
-0.998569 0.0516666 0.0137863 -26.5944 0.0525768 0.995657 0.0768426 -6.84613 -0.00975599 0.0774575 -0.996947 277
-0.998616 0.049706 0.0171364 -26.5613 0.0508945 0.995669 0.0778133 -6.75748 -0.0131941 0.0785778 -0.99682 275.742
