1 0 0 0 0 1 0 0 0 0 1 0
0.999994 -0.00345426 -0.0010908 0.663729 0.00345515 0.999994 0.000725502 0.00344525 0.00108849 -0.000729384 0.999999 0.0395773
0.999991 -0.00404893 -0.00133739 1.21486 0.00404961 0.999992 0.000478055 0.00794229 0.00133544 -0.00048354 0.999999 0.0461744
0.999979 -0.00618092 -0.00211078 1.7691 0.00618131 0.999981 0.000130412 0.0117601 0.00211013 -0.000143554 0.999997 0.05304
0.999964 -0.00806326 -0.00260514 2.32077 0.00806143 0.999967 -0.000716805 0.0139037 0.00261085 0.000695714 0.999996 0.0591722
0.999957 -0.00863814 -0.00356605 2.87417 0.00862921 0.999959 -0.00254828 0.0171491 0.00358812 0.0025173 0.99999 0.0670999
0.999936 -0.010589 -0.00404613 3.44388 0.0105755 0.999939 -0.00334619 0.0254479 0.00408129 0.00330306 0.999986 0.0716067
0.999931 -0.0112882 -0.00336884 4.0139 0.0112773 0.999931 -0.00328125 0.0340874 0.00340587 0.0032429 0.999988 0.0764826
0.999913 -0.0128186 -0.00327084 4.59724 0.0128083 0.999913 -0.00315149 0.0426087 0.00331091 0.00310922 0.99999 0.0849828
0.999905 -0.0129962 -0.00453913 5.18469 0.0129823 0.999911 -0.0030997 0.0503293 0.00457924 0.00304033 0.999984 0.0919508
0.999869 -0.0146153 -0.00710804 5.7782 0.0145978 0.999891 -0.0025024 0.0675011 0.0071438 0.00239817 0.999972 0.0997297
0.999833 -0.0154938 -0.00975156 6.38009 0.0154845 0.99988 -0.0010431 0.0823766 0.00976676 0.000891775 0.999951 0.114064
0.999825 -0.016023 -0.00979025 6.99558 0.0160291 0.999872 0.000557127 0.0986089 0.00978006 -0.000714105 0.999952 0.12663
0.999835 -0.0175857 -0.00457656 7.64124 0.0175938 0.999844 0.00170583 0.123759 0.00454607 -0.00178619 0.999988 0.131219
0.999839 -0.017396 0.00469561 8.29364 0.0173847 0.999847 0.00241708 0.138737 -0.00473692 -0.00233516 0.999986 0.124082
0.99977 -0.0188767 0.0102975 8.97275 0.0188487 0.999819 0.0028218 0.162343 -0.0103487 -0.00262725 0.999943 0.133217
0.999762 -0.0197202 0.00946929 9.64724 0.0196748 0.999796 0.00484696 0.184351 -0.00956291 -0.00465963 0.999944 0.142816
0.999804 -0.0196247 0.00293044 10.3253 0.0196017 0.999779 0.00773757 0.20137 -0.00308144 -0.0076788 0.999965 0.154741
0.999777 -0.0210825 -0.00187841 11.0418 0.0210967 0.999747 0.00801906 0.225084 0.00170883 -0.00805703 0.999967 0.168699
0.99977 -0.0215257 -0.000604172 11.76 0.0215297 0.999742 0.00732267 0.240764 0.000446598 -0.00733415 0.999973 0.177646
0.999709 -0.0228499 0.00799061 12.5322 0.0228047 0.999726 0.00568093 0.262883 -0.00811812 -0.00549729 0.999953 0.166847
0.999654 -0.0223467 0.0139762 13.3008 0.0222795 0.99974 0.00495051 0.277539 -0.014083 -0.0046376 0.99989 0.159138
0.999598 -0.023629 0.0158399 14.0946 0.023544 0.99971 0.00552516 0.304705 -0.0159657 -0.00515022 0.99986 0.162132
0.999598 -0.0237397 0.0156026 14.8963 0.0236685 0.99971 0.00473229 0.32392 -0.0157102 -0.00436123 0.999867 0.165083
0.999657 -0.022249 0.0139613 15.702 0.0221658 0.999738 0.00607218 0.338955 -0.0140926 -0.00576083 0.999884 0.168375
0.99968 -0.0224624 0.0118256 16.5459 0.0223745 0.999723 0.00752159 0.366696 -0.011991 -0.00725471 0.999901 0.148186
0.999757 -0.0206325 0.00802803 17.3906 0.0205838 0.999772 0.00609204 0.383394 -0.00815173 -0.00592551 0.99995 0.157423
0.999786 -0.020421 0.00384681 18.2614 0.0204033 0.999783 0.00463162 0.406275 -0.00394034 -0.00455227 0.999981 0.177692
0.999836 -0.0182662 4.43051e-05 19.1442 0.0182656 0.999818 0.0059251 0.420617 -0.000152408 -0.0059235 0.999983 0.190372
0.999822 -0.0189646 -0.000715862 20.052 0.018969 0.999799 0.00678059 0.445879 0.000587319 -0.00679313 0.999976 0.184856
0.999824 -0.0189184 -0.000541696 20.97 0.0189215 0.999802 0.00651494 0.471872 0.000418451 -0.00652422 0.999979 0.186643
0.999845 -0.017728 -0.00110429 21.8952 0.0177351 0.999822 0.00681083 0.489637 0.000983516 -0.00682955 0.999976 0.189377
0.999835 -0.0182056 -0.00246759 22.8358 0.0182272 0.999796 0.00901998 0.516498 0.00230298 -0.00906363 0.999957 0.202318
0.99985 -0.0172609 -0.00295122 23.7939 0.0172952 0.999781 0.0120079 0.542957 0.00274345 -0.0120573 0.999923 0.210348
0.99984 -0.017846 -0.00288302 24.7544 0.0178804 0.999765 0.0124296 0.570058 0.00266067 -0.0124793 0.999919 0.224893
0.999851 -0.017309 -0.00216787 25.7356 0.0173358 0.999768 0.0129894 0.593766 0.00194272 -0.0130252 0.999913 0.235593
0.999838 -0.0180974 -0.00181792 26.7117 0.01812 0.99975 0.0133283 0.619588 0.0015764 -0.0133592 0.99991 0.243084
0.999834 -0.0183593 -0.00159854 27.6987 0.0183783 0.999753 0.012733 0.642761 0.00136461 -0.0127604 0.999918 0.244506
0.999838 -0.0181379 -0.00124285 28.7079 0.0181514 0.999765 0.0120596 0.669054 0.00102395 -0.0120804 0.999927 0.246288
0.999823 -0.0190342 -7.07157e-05 29.7043 0.0190339 0.999766 0.0105744 0.69146 -0.000130361 -0.0105741 0.999944 0.236548
0.999838 -0.0181649 -0.000269835 30.7206 0.0181664 0.999801 0.00856806 0.715492 0.000114297 -0.00857181 0.999964 0.225243
0.999825 -0.0188661 -0.000879895 31.7266 0.018873 0.999788 0.00863818 0.743668 0.000716923 -0.00865349 0.999963 0.218969
0.99982 -0.019174 -0.000224096 32.7516 0.0191749 0.999798 0.0065103 0.770476 9.94048e-05 -0.00651366 0.99998 0.207947
0.999826 -0.0187757 0.00162883 33.7883 0.0187671 0.999814 0.00515635 0.793664 -0.00172511 -0.00512503 0.999986 0.209476
0.999792 -0.0201978 0.00379305 34.8315 0.0201805 0.99979 0.00448194 0.82025 -0.00388255 -0.00440474 0.999984 0.210721
0.999791 -0.0198082 0.00587174 35.887 0.0197811 0.999797 0.00465098 0.849791 -0.00596245 -0.00453406 0.999973 0.220245
0.99976 -0.0210449 0.00659674 36.9405 0.0210168 0.999773 0.00427719 0.876115 -0.00668504 -0.00413776 0.99997 0.221441
0.999775 -0.0205081 0.00623353 38.0097 0.0204854 0.999788 0.00370142 0.908192 -0.00630793 -0.00357307 0.999975 0.220181
0.999739 -0.0222484 0.00585713 39.0777 0.0222265 0.999749 0.00375063 0.932051 -0.00593886 -0.00361974 0.999977 0.211274
0.99971 -0.02328 0.00675359 40.1506 0.0232541 0.999726 0.00390272 0.958583 -0.00684242 -0.00374475 0.999971 0.210842
0.999709 -0.0226771 0.00873579 41.2234 0.0226409 0.999738 0.00420394 0.991897 -0.00882859 -0.00400519 0.999954 0.21893
0.999631 -0.0249119 0.0112251 42.3104 0.0248591 0.999684 0.00482903 1.02259 -0.0113417 -0.00454841 0.999927 0.236722
0.999657 -0.0238803 0.0111559 43.3804 0.0238042 0.999696 0.00689663 1.05622 -0.011317 -0.00662895 0.999915 0.248138
0.999655 -0.0250833 0.00832263 44.4504 0.0249996 0.999642 0.0100299 1.09217 -0.00857099 -0.00981848 0.999917 0.269215
0.999698 -0.0238576 0.00657337 45.519 0.0237743 0.999644 0.0124373 1.12266 -0.00686752 -0.0122775 0.999903 0.284561
0.999669 -0.024978 0.00685257 46.5898 0.0248849 0.999606 0.0133685 1.15841 -0.00718356 -0.0131936 0.999889 0.29184
0.999652 -0.0249202 0.00915661 47.6776 0.0248007 0.999613 0.0129235 1.19324 -0.00947494 -0.0126921 0.999876 0.303699
0.999672 -0.0238147 0.00990527 48.7522 0.0236725 0.999623 0.0142463 1.22557 -0.0102406 -0.0140073 0.999851 0.307013
0.999635 -0.0247769 0.0112394 49.8408 0.0246114 0.999594 0.0146215 1.26106 -0.0115969 -0.0143397 0.999832 0.315824
0.999671 -0.0235329 0.0106531 50.9162 0.023368 0.999614 0.0153606 1.28969 -0.0110102 -0.0151068 0.999827 0.310401
0.999667 -0.0239629 0.0100924 52.0001 0.0238071 0.999604 0.0152723 1.31678 -0.0104542 -0.0150271 0.999834 0.315137
0.999689 -0.0237693 0.00822722 53.0802 0.0236406 0.999607 0.0154296 1.34974 -0.00859052 -0.0152305 0.999849 0.310916
0.999727 -0.0224826 0.00702312 54.153 0.0223729 0.999636 0.0153199 1.3741 -0.00736476 -0.0151587 0.99986 0.311031
0.999721 -0.023383 0.004704 55.232 0.023314 0.999631 0.0142713 1.40397 -0.00503576 -0.0141579 0.999889 0.315423
0.999746 -0.022473 0.00367905 56.3022 0.0224216 0.999662 0.0134537 1.43111 -0.00397991 -0.013368 0.999905 0.319049
0.999719 -0.0231777 0.00584901 57.3841 0.0231032 0.999659 0.0125298 1.45755 -0.0061372 -0.0123913 0.999906 0.318545
0.999713 -0.0217545 0.0105162 58.4504 0.0216356 0.999707 0.0112856 1.48357 -0.0107583 -0.011055 0.999884 0.321162
0.999633 -0.0222444 0.0157958 59.5373 0.0221082 0.999722 0.0087559 1.51272 -0.0159859 -0.00840369 0.999839 0.315557
0.999613 -0.0221016 0.0171809 60.6173 0.0219744 0.999734 0.0075496 1.54092 -0.0173428 -0.00716934 0.999827 0.301426
0.999669 -0.0207176 0.0156091 61.6845 0.0206301 0.999776 0.00576372 1.57241 -0.0157247 -0.00544003 0.999864 0.28828
0.999699 -0.021023 0.0130255 62.7657 0.0209639 0.999774 0.00464333 1.59949 -0.0131198 -0.00436911 0.999908 0.276255
0.999747 -0.0202658 0.0103053 63.8351 0.0202061 0.999784 0.00588171 1.63614 -0.010422 -0.00567222 0.999931 0.258888
0.999765 -0.0207271 0.0071426 64.9062 0.0206848 0.999773 0.0059213 1.66216 -0.00726344 -0.00577235 0.99996 0.24887
0.999774 -0.0203283 0.00697954 65.986 0.0202706 0.999766 0.00826614 1.69753 -0.00714581 -0.00812301 0.999943 0.23637
0.999781 -0.0186676 0.00996872 67.0716 0.018555 0.999769 0.011252 1.73387 -0.0101762 -0.0110648 0.999891 0.228881
0.99974 -0.019114 0.0128782 68.1494 0.0189634 0.999757 0.0117288 1.76394 -0.013099 -0.0114818 0.99985 0.223659
0.999718 -0.0185487 0.0151623 69.2288 0.0183683 0.999765 0.01194 1.79526 -0.0153799 -0.0116584 0.999817 0.211191
0.999676 -0.0192519 0.0169956 70.3165 0.0190614 0.99976 0.0113161 1.82055 -0.0172091 -0.0109887 0.999793 0.194488
0.999647 -0.0187325 0.0191019 71.3902 0.0185336 0.999778 0.0105261 1.84537 -0.0192944 -0.0101687 0.999766 0.183719
0.999583 -0.0199658 0.0211498 72.4767 0.0197659 0.999764 0.00962812 1.86842 -0.0213368 -0.00920635 0.999732 0.175572
0.999512 -0.0205408 0.023742 73.5569 0.0203329 0.999758 0.00895868 1.89272 -0.0239199 -0.00847184 0.999682 0.163049
0.999515 -0.0200159 0.0241184 74.6319 0.019814 0.999773 0.00858723 1.91446 -0.0242845 -0.00810551 0.999674 0.149319
0.999531 -0.0214448 0.0221194 75.7036 0.0212501 0.999739 0.00899223 1.93823 -0.0223061 -0.00851825 0.999719 0.142358
0.999535 -0.0209252 0.0224137 76.7697 0.0207123 0.999744 0.00969804 1.96675 -0.0226106 -0.00922958 0.999704 0.131254
0.999462 -0.0224377 0.0241563 77.8375 0.0221798 0.9997 0.0108819 1.99704 -0.0243928 -0.0103405 0.999653 0.121846
0.999331 -0.0230801 0.0285639 78.9018 0.0227514 0.999677 0.0117889 2.02849 -0.0288264 -0.0111314 0.999525 0.115386
0.999238 -0.0226538 0.0319566 79.9586 0.0222651 0.99968 0.0124589 2.05956 -0.0322281 -0.0117381 0.999416 0.0990041
0.999144 -0.0241513 0.0337548 81.0134 0.0237201 0.999638 0.0131224 2.09473 -0.0340592 -0.0123108 0.999346 0.0761164
0.999147 -0.0238521 0.0338691 82.0566 0.0234048 0.99964 0.0135361 2.12675 -0.0341792 -0.0127321 0.999339 0.0453654
0.999094 -0.0252939 0.0344044 83.0986 0.0248527 0.99961 0.0131984 2.15978 -0.0347245 -0.0123317 0.999323 0.0119127
0.999073 -0.0249763 0.0352341 84.1311 0.0245451 0.999625 0.0126141 2.19512 -0.0355353 -0.0117378 0.999304 -0.0217079
0.998987 -0.0264769 0.036572 85.1521 0.0260797 0.999602 0.0113015 2.22604 -0.0368563 -0.0103365 0.99927 -0.0510041
0.998878 -0.0271075 0.0389877 86.1515 0.0266958 0.999589 0.0110383 2.2567 -0.0392702 -0.00998532 0.999184 -0.0781532
0.998804 -0.026506 0.0412386 87.1416 0.0260933 0.99961 0.0105197 2.29092 -0.041501 -0.00943141 0.999096 -0.10919
0.998681 -0.0282802 0.0430008 88.1122 0.0278725 0.999568 0.010049 2.3233 -0.0432658 -0.0088375 0.999029 -0.132233
0.99862 -0.0293674 0.0436779 89.0569 0.0289761 0.99954 0.00956924 2.35547 -0.0439384 -0.00829078 0.999002 -0.156204
0.998467 -0.0334768 0.0442293 89.9859 0.0330936 0.999415 0.00936254 2.39289 -0.0445161 -0.00788481 0.998982 -0.182642
0.998335 -0.0366711 0.0446736 90.8711 0.0362663 0.999301 0.00984514 2.43163 -0.045003 -0.00820892 0.998956 -0.215316
0.998191 -0.0387283 0.0461298 91.7443 0.038308 0.999223 0.0099574 2.47136 -0.0464789 -0.00817251 0.998891 -0.239817
0.99801 -0.0423215 0.0468953 92.5999 0.0418764 0.999075 0.0104365 2.5153 -0.0472932 -0.00845228 0.998848 -0.261365
0.997841 -0.0442825 0.0486517 93.4292 0.0437711 0.998982 0.0115243 2.55945 -0.0491117 -0.00937012 0.998755 -0.279279
0.997621 -0.0478665 0.0497511 94.2386 0.0473215 0.998814 0.0120818 2.60437 -0.0502699 -0.00969915 0.998692 -0.295519
0.997514 -0.0496085 0.0501987 95.007 0.0490103 0.99872 0.0130779 2.64803 -0.0507823 -0.0105853 0.99866 -0.317756
0.997318 -0.0525512 0.0510897 95.7534 0.0518669 0.998555 0.014635 2.69355 -0.0517845 -0.0119463 0.99859 -0.339195
0.997239 -0.054393 0.0507111 96.4636 0.0536624 0.998444 0.0156616 2.74199 -0.0514831 -0.0128973 0.998598 -0.360389
0.997281 -0.0558447 0.0482512 97.1493 0.0550814 0.998345 0.0170107 2.78403 -0.0491208 -0.0143071 0.998694 -0.381727
0.997273 -0.0582797 0.0454627 97.7997 0.0574559 0.998171 0.0192264 2.82876 -0.0464992 -0.0165621 0.998789 -0.402837
0.997219 -0.0601924 0.0441391 98.4316 0.0593206 0.998031 0.0208064 2.87409 -0.0453041 -0.0181306 0.998813 -0.418146
0.997176 -0.061156 0.0437896 99.0371 0.060235 0.997949 0.022056 2.92023 -0.0450477 -0.0193562 0.998806 -0.432565
0.997212 -0.0602204 0.0442658 99.6119 0.0592281 0.997979 0.0234029 2.96694 -0.0455853 -0.0207162 0.998749 -0.447733
0.997345 -0.056741 0.0458179 100.169 0.0555826 0.99812 0.0261758 3.00614 -0.047216 -0.0235599 0.998615 -0.460822
0.997555 -0.0518702 0.0470383 100.704 0.050569 0.998325 0.0284503 3.04211 -0.0484347 -0.0260023 0.998492 -0.47237
0.997872 -0.0436457 0.0486143 101.215 0.0422565 0.998688 0.0292515 3.06378 -0.0498262 -0.0271352 0.998398 -0.481161
0.998121 -0.0346013 0.0507392 101.707 0.0331596 0.999039 0.0289906 3.08437 -0.051693 -0.0272539 0.998295 -0.491427
0.998408 -0.021994 0.0521095 102.175 0.0205253 0.999391 0.028557 3.08725 -0.0527047 -0.0274421 0.998243 -0.505279
0.998575 -0.00882191 0.0528092 102.621 0.00732732 0.999579 0.0284317 3.08916 -0.0530371 -0.0280044 0.998204 -0.517457
0.998571 0.00710551 0.0531337 103.056 -0.00862738 0.999567 0.0284704 3.08241 -0.0529072 -0.0288882 0.998191 -0.533947
0.998356 0.0246254 0.0519275 103.474 -0.0261288 0.999263 0.0284782 3.06581 -0.0511872 -0.0297884 0.998249 -0.543772
0.997756 0.0458797 0.0489288 103.885 -0.047295 0.998493 0.0281738 3.04025 -0.0475614 -0.0304247 0.998415 -0.553414
0.996441 0.070855 0.0458453 104.292 -0.0721253 0.997049 0.0266741 2.99998 -0.0438193 -0.029886 0.998596 -0.565105
0.994215 0.0979322 0.0443196 104.683 -0.0991006 0.994774 0.0249786 2.94523 -0.0416407 -0.0292262 0.998715 -0.579504
0.990746 0.128394 0.0442119 105.072 -0.129528 0.9913 0.0238027 2.87866 -0.0407705 -0.0293092 0.998743 -0.593538
0.986109 0.16047 0.0430781 105.442 -0.161498 0.986648 0.0215261 2.80012 -0.0390476 -0.0281841 0.99885 -0.604964
0.979528 0.196701 0.0430367 105.813 -0.197704 0.980059 0.0204043 2.70612 -0.0381644 -0.0284952 0.998869 -0.618341
0.971234 0.234311 0.0426697 106.17 -0.235223 0.97179 0.0177192 2.59749 -0.0373131 -0.0272464 0.998942 -0.629163
0.960567 0.274824 0.0424247 106.526 -0.275711 0.961107 0.0165977 2.47524 -0.0362127 -0.0276402 0.998966 -0.637881
0.947997 0.315452 0.0425453 106.861 -0.316372 0.948497 0.0167977 2.34154 -0.0350542 -0.0293843 0.998964 -0.651111
0.932143 0.359509 0.0433586 107.187 -0.360527 0.93258 0.0182636 2.19776 -0.0338688 -0.0326562 0.998897 -0.667248
0.913348 0.404779 0.0443586 107.514 -0.405824 0.913796 0.0174316 2.0371 -0.0334777 -0.0339227 0.998875 -0.674393
0.892875 0.44804 0.0453043 107.811 -0.449114 0.89333 0.0166905 1.86421 -0.0329929 -0.0352492 0.998838 -0.684408
0.868862 0.492987 0.0454014 108.109 -0.49405 0.869307 0.015508 1.67002 -0.0318215 -0.0359046 0.99886 -0.692512
0.84347 0.535323 0.0447943 108.382 -0.536389 0.843836 0.0157096 1.46948 -0.0293886 -0.0372774 0.998877 -0.69923
0.815045 0.577767 0.0436751 108.652 -0.578839 0.81528 0.0169028 1.25406 -0.0258406 -0.039057 0.998914 -0.705565
0.784523 0.618646 0.0426469 108.905 -0.61976 0.784544 0.0202059 1.03416 -0.0209575 -0.0422825 0.99889 -0.717243
0.749964 0.660031 0.0439704 109.159 -0.661286 0.74974 0.0247583 0.798171 -0.0166243 -0.0476442 0.998737 -0.730823
0.712854 0.699849 0.0454923 109.395 -0.701222 0.712367 0.0290162 0.545982 -0.0120996 -0.052584 0.998548 -0.741277
0.673208 0.73807 0.0454266 109.619 -0.739406 0.67267 0.0285401 0.274498 -0.00949174 -0.0528014 0.998571 -0.747311
0.630897 0.774524 0.0458378 109.828 -0.775831 0.630415 0.0261598 -0.022221 -0.00863491 -0.0520659 0.998611 -0.750284
0.58678 0.808359 0.0475801 110.02 -0.809721 0.586309 0.0247978 -0.330443 -0.00785035 -0.0530766 0.998571 -0.75572
0.539003 0.840854 0.0495932 110.21 -0.842285 0.53855 0.023247 -0.656665 -0.0071606 -0.0543012 0.998504 -0.757678
0.49128 0.86951 0.0511555 110.366 -0.870991 0.490844 0.0216526 -0.991785 -0.00628149 -0.0551925 0.998468 -0.757359
0.439508 0.89671 0.0525688 110.512 -0.898217 0.439234 0.0172981 -1.34915 -0.00757817 -0.0548202 0.998472 -0.747506
0.388012 0.91997 0.055871 110.641 -0.92165 0.387653 0.0175915 -1.70922 -0.00547427 -0.0583182 0.998294 -0.751054
0.336771 0.939804 0.0580684 110.755 -0.941597 0.336134 0.0207214 -2.07363 -4.42992e-05 -0.0616546 0.998102 -0.752716
0.286318 0.956252 0.0602119 110.85 -0.958124 0.285313 0.0248633 -2.46209 0.00659682 -0.0648081 0.997887 -0.754759
0.239535 0.969056 0.059768 110.932 -0.970837 0.238377 0.0259333 -2.85415 0.0108838 -0.0642359 0.99788 -0.763722
0.197757 0.978624 0.0566631 110.991 -0.980169 0.196605 0.0252957 -3.27567 0.0136152 -0.0605407 0.998084 -0.761442
0.162066 0.985435 0.0516813 111.034 -0.986655 0.160956 0.0250068 -3.69205 0.0163243 -0.0550433 0.998356 -0.766992
0.130916 0.990142 0.0500124 111.079 -0.991233 0.129785 0.0252638 -4.13546 0.0185242 -0.0528804 0.99844 -0.762703
0.102801 0.993331 0.0523941 111.12 -0.994544 0.101672 0.0237879 -4.58453 0.0183024 -0.0545526 0.998349 -0.762787
0.077087 0.995328 0.058324 111.163 -0.996899 0.0759737 0.0210852 -5.05439 0.0165559 -0.0597674 0.998086 -0.762166
0.0524702 0.996692 0.0622196 111.194 -0.998523 0.0514355 0.0181291 -5.55749 0.0148691 -0.0630777 0.997904 -0.759014
0.0300302 0.99775 0.0601444 111.198 -0.999455 0.0290957 0.0163615 -6.07246 0.0145751 -0.0606018 0.998067 -0.742837
0.00927088 0.9984 0.05595 111.191 -0.999847 0.00838619 0.0160384 -6.5927 0.0155438 -0.056089 0.998311 -0.722505
-0.00892154 0.99857 0.0529402 111.165 -0.999818 -0.00983968 0.0171192 -7.13565 0.0176159 -0.0527767 0.998462 -0.71209
-0.0229668 0.998331 0.0531644 111.155 -0.999504 -0.0241023 0.0208297 -7.68669 0.0220765 -0.0526585 0.998375 -0.70426
-0.0346407 0.997824 0.0563235 111.147 -0.999078 -0.0360333 0.0239086 -8.27406 0.0258863 -0.0554422 0.998138 -0.691112
-0.0409746 0.997639 0.0552903 111.118 -0.998835 -0.0423346 0.023667 -8.8838 0.0259519 -0.0542551 0.998196 -0.675161
-0.0440981 0.99781 0.0495599 111.08 -0.998781 -0.0451635 0.0205981 -9.51281 0.0227915 -0.0485902 0.99857 -0.649713
-0.0444642 0.997852 0.0483095 111.045 -0.998801 -0.045421 0.0189047 -10.1597 0.0210586 -0.0474101 0.99866 -0.637497
-0.0423234 0.99787 0.0498806 111.021 -0.998908 -0.0432832 0.0183331 -10.8308 0.0204534 -0.0490492 0.998598 -0.618675
-0.0411976 0.997791 0.0523014 111 -0.998953 -0.0422061 0.018339 -11.5066 0.0205062 -0.0514901 0.99847 -0.60868
-0.0396816 0.997775 0.0538034 110.98 -0.999018 -0.0407158 0.0182727 -12.1997 0.0204231 -0.0530243 0.998396 -0.583445
-0.0386654 0.997832 0.0534522 110.951 -0.999056 -0.0396949 0.018347 -12.9232 0.0204293 -0.0526913 0.998409 -0.564734
-0.038849 0.997826 0.0534657 110.927 -0.999065 -0.0398415 0.0176344 -13.6378 0.0197266 -0.0527294 0.998426 -0.543695
-0.0380376 0.997816 0.0541922 110.907 -0.999114 -0.0389923 0.0166836 -14.3781 0.0187604 -0.0535086 0.998398 -0.524355
-0.038529 0.997808 0.0540301 110.885 -0.999123 -0.0393991 0.015142 -15.1288 0.017238 -0.053398 0.998437 -0.495842
-0.0390032 0.997781 0.0541579 110.861 -0.999134 -0.0397755 0.013269 -15.892 0.015394 -0.0535923 0.998452 -0.469091
-0.0401548 0.99768 0.0552083 110.834 -0.999106 -0.0408819 0.0121143 -16.6703 0.0143437 -0.0546711 0.998414 -0.448406
-0.0421195 0.997572 0.0556462 110.803 -0.999042 -0.0427734 0.0106255 -17.4534 0.0129802 -0.0551442 0.998402 -0.429618
-0.0432196 0.997681 0.0528237 110.766 -0.999023 -0.0437273 0.00850147 -18.2469 0.0107922 -0.0524035 0.99858 -0.42039
-0.0457249 0.997591 0.0523702 110.731 -0.998934 -0.0460934 0.00586332 -19.0506 0.00826346 -0.0520452 0.998619 -0.40252
-0.0475654 0.997485 0.0527972 110.699 -0.998856 -0.0478911 0.0049287 -19.856 0.00744547 -0.0525012 0.998605 -0.394856
-0.0485946 0.997288 0.0554681 110.668 -0.998787 -0.0490484 0.00686179 -20.6792 0.0095641 -0.0550663 0.998445 -0.385968
-0.0496795 0.99721 0.0559701 110.634 -0.998682 -0.050384 0.0112552 -21.5142 0.0140443 -0.0553359 0.998382 -0.373022
-0.0503546 0.997215 0.0552154 110.595 -0.998643 -0.051065 0.0115441 -22.3439 0.0143317 -0.0545582 0.998416 -0.355528
-0.052495 0.996962 0.0578026 110.56 -0.998556 -0.0531404 0.00969175 -23.1851 0.0127344 -0.0572091 0.998294 -0.347401
-0.05331 0.996777 0.0601295 110.529 -0.998551 -0.0537576 0.00586211 -24.0312 0.00907593 -0.0597289 0.998182 -0.335502
-0.0544451 0.996672 0.0609204 110.489 -0.998525 -0.0545846 0.00063395 -24.8757 0.00395784 -0.0607947 0.998155 -0.321429
-0.0547548 0.996403 0.0648544 110.456 -0.998513 -0.0545499 -0.00491565 -25.7209 -0.00135976 -0.065026 0.997891 -0.312362
-0.0548274 0.996286 0.0666336 110.423 -0.998506 -0.054455 -0.00738584 -26.5672 -0.00372903 -0.0669375 0.997763 -0.309742
-0.0548447 0.996395 0.0649083 110.383 -0.998508 -0.0548343 -0.00193015 -27.3963 0.00163648 -0.0649162 0.997898 -0.291668
-0.052754 0.996622 0.0631909 110.338 -0.998575 -0.0532776 0.00663782 -28.2265 0.00998263 -0.0627493 0.997992 -0.279672
-0.0527103 0.996647 0.0627655 110.295 -0.998526 -0.0534846 0.0107326 -29.0567 0.0140538 -0.0621061 0.99798 -0.273424
-0.0510416 0.996784 0.0620346 110.255 -0.998674 -0.0514933 0.00571378 -29.8848 0.00889039 -0.0616593 0.99807 -0.262539
-0.0507907 0.997001 0.0586053 110.211 -0.998724 -0.0507806 -0.00164933 -30.7122 0.00133211 -0.0586132 0.998289 -0.248545
-0.0516363 0.997019 0.0575977 110.172 -0.998678 -0.051365 -0.00617221 -31.5304 -0.00319443 -0.0578388 0.998334 -0.225053
-0.051599 0.997007 0.0577726 110.132 -0.998674 -0.0512651 -0.00723545 -32.3407 -0.00425154 -0.0580684 0.998313 -0.212255
-0.0536312 0.996757 0.0602488 110.1 -0.998568 -0.0532461 -0.00797114 -33.1413 -0.00473631 -0.0605885 0.998164 -0.206282
-0.0551959 0.996565 0.0619343 110.066 -0.998475 -0.0547357 -0.00909286 -33.9397 -0.00567101 -0.0623406 0.998048 -0.195709
-0.0585747 0.99637 0.062022 110.023 -0.998279 -0.0580473 -0.0102634 -34.7362 -0.00662496 -0.0625148 0.998035 -0.181069
-0.0602262 0.996252 0.0622727 109.982 -0.998174 -0.0596537 -0.0110016 -35.533 -0.0072449 -0.0628204 0.998008 -0.168136
-0.0621973 0.996032 0.0638935 109.941 -0.998055 -0.0615986 -0.0112909 -36.3167 -0.00730934 -0.0644699 0.997906 -0.165607
-0.0651752 0.995811 0.0643196 109.905 -0.997855 -0.0645026 -0.0124699 -37.1007 -0.00826817 -0.0649932 0.997861 -0.16432
-0.0670484 0.995698 0.0641994 109.854 -0.997716 -0.0662481 -0.0145092 -37.8801 -0.0101927 -0.0650238 0.997845 -0.160163
-0.0700566 0.995489 0.0641636 109.805 -0.997503 -0.0692262 -0.0150655 -38.6564 -0.0105551 -0.0650576 0.997836 -0.159432
-0.0712335 0.995438 0.0637211 109.76 -0.997418 -0.0703828 -0.0154917 -39.4283 -0.0109351 -0.0646584 0.99786 -0.148889
-0.0729829 0.995344 0.0631447 109.707 -0.997286 -0.0721245 -0.0157589 -40.1938 -0.0111305 -0.0641223 0.99789 -0.138579
-0.0736697 0.995401 0.0614822 109.654 -0.99723 -0.0727858 -0.0164904 -40.9534 -0.0119384 -0.062525 0.997985 -0.12607
-0.0754005 0.995318 0.0606664 109.599 -0.997083 -0.0744571 -0.0176537 -41.7149 -0.0130532 -0.0618195 0.998012 -0.126151
-0.0775301 0.995157 0.0606941 109.546 -0.996916 -0.0765501 -0.0183062 -42.4756 -0.0135703 -0.0619245 0.998002 -0.121782
-0.0783783 0.995049 0.0613052 109.495 -0.996836 -0.0773354 -0.0191952 -43.2 -0.0143582 -0.0626146 0.997944 -0.11594
-0.0796831 0.994926 0.0616897 109.445 -0.996717 -0.0785534 -0.0205248 -43.9129 -0.0155735 -0.063121 0.997898 -0.123994
-0.0790634 0.994959 0.0618881 109.395 -0.996748 -0.0778697 -0.0214608 -44.6213 -0.0165325 -0.0633825 0.997863 -0.131608
-0.0803073 0.99486 0.061953 109.345 -0.99665 -0.0791048 -0.0216233 -45.3107 -0.0166101 -0.0634803 0.997858 -0.130912
-0.0792485 0.994915 0.0623557 109.291 -0.996728 -0.0780237 -0.0218308 -46.0065 -0.0168537 -0.0638806 0.997825 -0.126016
-0.0793291 0.994871 0.06302 109.24 -0.996744 -0.078164 -0.0207401 -46.6929 -0.0157066 -0.0644583 0.99781 -0.13429
-0.080129 0.994847 0.0623157 109.191 -0.996657 -0.0789003 -0.0219279 -47.3741 -0.0168974 -0.0638634 0.997826 -0.134677
-0.0794632 0.994967 0.061329 109.137 -0.996702 -0.0782168 -0.0224617 -48.0664 -0.0175505 -0.0629099 0.997879 -0.141775
-0.0813448 0.994829 0.061022 109.088 -0.996518 -0.0800008 -0.0241456 -48.7437 -0.019138 -0.0627726 0.997855 -0.138381
-0.0803377 0.994731 0.0639705 109.044 -0.996592 -0.0788875 -0.0248804 -49.425 -0.0197015 -0.0657495 0.997655 -0.137072
-0.0816053 0.994524 0.065479 108.998 -0.996475 -0.0800775 -0.02562 -50.0924 -0.0202355 -0.0673378 0.997535 -0.138366
-0.0802541 0.994741 0.0639277 108.951 -0.996547 -0.0786394 -0.0273846 -50.7548 -0.022212 -0.0659028 0.997593 -0.133882
-0.0812823 0.994616 0.0644927 108.902 -0.996424 -0.0795449 -0.0290563 -51.42 -0.0237689 -0.0666227 0.997505 -0.132981
-0.0845565 0.994069 0.0686616 108.857 -0.996151 -0.0826771 -0.029768 -52.0854 -0.0239133 -0.0709124 0.99721 -0.131464
-0.0879589 0.993669 0.0700781 108.812 -0.995867 -0.0860692 -0.0295394 -52.7438 -0.0233199 -0.0723855 0.997114 -0.13421
-0.0941352 0.993193 0.0688754 108.75 -0.99534 -0.0923709 -0.0283704 -53.3958 -0.0218138 -0.0712232 0.997236 -0.136671
-0.0998576 0.992821 0.0660441 108.687 -0.994832 -0.0983346 -0.0259189 -54.0463 -0.0192377 -0.0682898 0.99749 -0.145634
-0.106954 0.992085 0.0660801 108.621 -0.994132 -0.105539 -0.0245551 -54.7178 -0.0173854 -0.0683167 0.997527 -0.153935
-0.112953 0.991236 0.0686912 108.559 -0.993472 -0.111482 -0.0248791 -55.3751 -0.0170025 -0.0710516 0.997338 -0.163226
-0.118146 0.990601 0.0692022 108.485 -0.992851 -0.11657 -0.0264045 -56.0466 -0.0180881 -0.071825 0.997268 -0.16981
-0.123614 0.98977 0.0714265 108.41 -0.992183 -0.121962 -0.0270407 -56.724 -0.018052 -0.0742094 0.99709 -0.178829
-0.126961 0.989223 0.0732016 108.333 -0.991747 -0.125182 -0.0284135 -57.3947 -0.0189424 -0.0762028 0.996927 -0.187484
-0.13065 0.988786 0.0725195 108.246 -0.991195 -0.128623 -0.0319609 -58.0924 -0.0222741 -0.0760553 0.996865 -0.192271
-0.132441 0.988677 0.0708209 108.155 -0.99087 -0.130185 -0.0356006 -58.7899 -0.0259761 -0.0748873 0.996868 -0.199711
-0.13525 0.98827 0.0711176 108.061 -0.990407 -0.132749 -0.038803 -59.5038 -0.0289061 -0.075682 0.996724 -0.208633
-0.135546 0.988179 0.0718944 107.971 -0.99034 -0.132938 -0.0399128 -60.2113 -0.0298819 -0.0766078 0.996628 -0.231132
-0.135971 0.98815 0.0714106 107.878 -0.990341 -0.133543 -0.0377538 -60.9238 -0.0277691 -0.0758528 0.996744 -0.24799
-0.136233 0.988442 0.0667932 107.772 -0.990398 -0.134225 -0.0336899 -61.6397 -0.0243337 -0.0707395 0.997212 -0.267838
-0.135714 0.988826 0.0619161 107.66 -0.990504 -0.133975 -0.0314361 -62.3711 -0.0227888 -0.0655931 0.997598 -0.272983
-0.136863 0.988655 0.0622065 107.561 -0.990353 -0.135126 -0.0313303 -63.1093 -0.0225676 -0.0658925 0.997586 -0.29794
-0.136809 0.988495 0.06473 107.469 -0.99028 -0.134768 -0.0349123 -63.8458 -0.0257863 -0.0688757 0.997303 -0.320073
-0.13737 0.988364 0.0656216 107.372 -0.990041 -0.134896 -0.0407631 -64.5817 -0.0314349 -0.0705658 0.997026 -0.346544
-0.138405 0.988369 0.0632382 107.269 -0.989772 -0.135772 -0.044204 -65.3208 -0.035103 -0.068708 0.99703 -0.365486
-0.138902 0.988305 0.063235 107.166 -0.989695 -0.13625 -0.0444966 -66.0575 -0.0353586 -0.0687622 0.99702 -0.389657
-0.141064 0.987819 0.0658987 107.072 -0.989389 -0.138286 -0.0449836 -66.8007 -0.0353219 -0.0715435 0.996823 -0.412109
-0.142833 0.987539 0.0663631 106.973 -0.989119 -0.139992 -0.0456791 -67.5296 -0.0358178 -0.0721635 0.996763 -0.425089
-0.145824 0.987067 0.0667962 106.869 -0.988684 -0.142957 -0.0458732 -68.271 -0.03573 -0.0727282 0.996723 -0.442053
-0.147186 0.986858 0.0669792 106.764 -0.988469 -0.144276 -0.0464113 -69.007 -0.036136 -0.073036 0.996688 -0.458382
-0.149524 0.986432 0.068003 106.658 -0.988095 -0.14651 -0.0473489 -69.7358 -0.0367423 -0.0742716 0.996573 -0.476082
-0.151281 0.986066 0.0694773 106.546 -0.987831 -0.148197 -0.0476197 -70.4698 -0.036658 -0.0758338 0.996461 -0.503715
-0.151838 0.985811 0.0717674 106.448 -0.987757 -0.148665 -0.0476734 -71.2043 -0.0363265 -0.0781257 0.996293 -0.518879
-0.153397 0.985511 0.0726458 106.345 -0.987496 -0.15013 -0.0485135 -71.9592 -0.0369022 -0.0791771 0.996192 -0.544227
-0.154219 0.985317 0.0734557 106.237 -0.987365 -0.150903 -0.0487531 -72.7049 -0.0369514 -0.0800444 0.996118 -0.565967
-0.156063 0.985062 0.0730622 106.125 -0.987018 -0.152634 -0.0504064 -73.4675 -0.0384996 -0.0799781 0.996068 -0.591466
-0.1567 0.984793 0.075213 106.014 -0.986856 -0.153031 -0.0523079 -74.2321 -0.0400013 -0.0824191 0.995806 -0.620888
-0.158103 0.984355 0.0780372 105.903 -0.986566 -0.154137 -0.0545109 -74.9972 -0.0416275 -0.0856048 0.995474 -0.645717
-0.161174 0.983819 0.0784404 105.787 -0.986059 -0.157151 -0.0550482 -75.7686 -0.0418293 -0.0862172 0.99541 -0.671762
-0.162126 0.983544 0.0799923 105.668 -0.985908 -0.158018 -0.0552989 -76.5358 -0.0417465 -0.087828 0.995275 -0.704435
-0.1647 0.983113 0.0799452 105.539 -0.985509 -0.16064 -0.0548356 -77.3187 -0.0410661 -0.087816 0.995302 -0.736507
-0.164293 0.98311 0.0809031 105.412 -0.98567 -0.160385 -0.052676 -78.0828 -0.0388087 -0.0883957 0.995344 -0.75322
-0.165444 0.982912 0.0808767 105.275 -0.985563 -0.161736 -0.0504652 -78.8685 -0.0365211 -0.0880561 0.995458 -0.776245
-0.165043 0.982966 0.0811345 105.141 -0.985706 -0.161509 -0.0483901 -79.6602 -0.03446 -0.0879588 0.995543 -0.800855
-0.164902 0.983061 0.0801747 105.005 -0.985743 -0.161454 -0.0477739 -80.4656 -0.0340191 -0.0869075 0.995647 -0.825793
-0.165647 0.983109 0.0781064 104.869 -0.985597 -0.162238 -0.048181 -81.2858 -0.0346934 -0.0849601 0.995795 -0.839144
-0.164403 0.983382 0.077204 104.73 -0.98574 -0.160892 -0.0497072 -82.1064 -0.0364585 -0.0842728 0.995788 -0.858656
-0.16468 0.983303 0.0777131 104.597 -0.985639 -0.161014 -0.0513331 -82.9432 -0.037961 -0.0850481 0.995669 -0.876124
-0.162092 0.983715 0.07785 104.468 -0.986004 -0.158296 -0.0527114 -83.7745 -0.0395285 -0.0853024 0.995583 -0.90191
-0.161769 0.983846 0.0769552 104.333 -0.985959 -0.157814 -0.0550002 -84.6121 -0.0419649 -0.0847695 0.995532 -0.924816
-0.159073 0.984284 0.0768734 104.201 -0.986276 -0.154905 -0.0574757 -85.4568 -0.0446631 -0.0849591 0.995395 -0.950864
-0.157632 0.984449 0.0778229 104.068 -0.986493 -0.153383 -0.05788 -86.2955 -0.045041 -0.0858929 0.995301 -0.978574
-0.157136 0.98453 0.0777164 103.938 -0.986665 -0.153081 -0.0556713 -87.1445 -0.0429119 -0.0854258 0.995432 -0.999414
-0.154187 0.984958 0.0782825 103.813 -0.987275 -0.150412 -0.0520585 -87.98 -0.0394988 -0.0853105 0.995586 -1.0421
-0.153503 0.984811 0.081335 103.692 -0.987479 -0.149799 -0.0498636 -88.8369 -0.0369212 -0.0879685 0.995451 -1.06185
-0.150687 0.985265 0.0811768 103.575 -0.987881 -0.146926 -0.0504934 -89.6857 -0.0378204 -0.0877991 0.995435 -1.08517
-0.151146 0.985276 0.0800989 103.447 -0.987701 -0.147199 -0.0531103 -90.5529 -0.0405366 -0.0871388 0.995384 -1.10267
-0.148989 0.985659 0.0795125 103.323 -0.987969 -0.144956 -0.0543216 -91.4118 -0.0420147 -0.0866465 0.995368 -1.12877
-0.148457 0.985701 0.0799018 103.203 -0.988021 -0.14435 -0.0549504 -92.2758 -0.0426296 -0.0871001 0.9953 -1.1512
-0.148857 0.985696 0.0792965 103.079 -0.987931 -0.14472 -0.0556236 -93.1396 -0.0433501 -0.0866169 0.995313 -1.17731
-0.147227 0.986062 0.0776997 102.955 -0.988103 -0.143052 -0.056834 -93.9925 -0.0449254 -0.0851405 0.995368 -1.21123
-0.14691 0.986319 0.0750696 102.831 -0.988085 -0.142767 -0.0578895 -94.8456 -0.0463778 -0.0826772 0.995512 -1.24475
-0.14553 0.986592 0.0740844 102.707 -0.988288 -0.141452 -0.057617 -95.6942 -0.0463637 -0.0815994 0.995599 -1.27733
-0.145375 0.986801 0.071656 102.586 -0.988357 -0.141516 -0.0562982 -96.5432 -0.0454124 -0.0790036 0.995855 -1.31494
-0.143915 0.986706 0.0756998 102.47 -0.988597 -0.139882 -0.0561397 -97.3836 -0.0448031 -0.0829136 0.995561 -1.34959
-0.143317 0.986731 0.0765901 102.356 -0.988584 -0.139051 -0.058425 -98.2273 -0.0469976 -0.0840864 0.995365 -1.39155
-0.144141 0.986338 0.079946 102.249 -0.988383 -0.139524 -0.06063 -99.0661 -0.048646 -0.087754 0.994966 -1.42775
-0.144691 0.986058 0.0824568 102.136 -0.988344 -0.139992 -0.0602066 -99.907 -0.0478216 -0.0902043 0.99479 -1.45871
-0.145918 0.98553 0.0864263 102.028 -0.9883 -0.141245 -0.0579377 -100.733 -0.0448908 -0.0938665 0.994584 -1.48767
-0.14583 0.9854 0.0881146 101.917 -0.988398 -0.14124 -0.0562816 -101.559 -0.0430125 -0.0952969 0.994534 -1.51369
-0.146376 0.985323 0.0879919 101.798 -0.98831 -0.141776 -0.0564556 -102.383 -0.0431507 -0.0952242 0.994532 -1.53491
-0.147333 0.985295 0.0867883 101.679 -0.988134 -0.142721 -0.0571787 -103.199 -0.0439492 -0.0941799 0.9946 -1.56455
-0.147409 0.985325 0.0862385 101.559 -0.988134 -0.142854 -0.0568144 -104.012 -0.0436599 -0.0935874 0.994665 -1.59058
-0.148213 0.985128 0.0871843 101.445 -0.988065 -0.143712 -0.055858 -104.819 -0.0424957 -0.0944197 0.99464 -1.62259
-0.148288 0.985083 0.0874835 101.327 -0.988069 -0.143804 -0.0555332 -105.626 -0.0421232 -0.0946719 0.994629 -1.65302
-0.150057 0.98475 0.0882909 101.21 -0.9878 -0.14551 -0.055896 -106.428 -0.0421942 -0.0955984 0.994541 -1.68144
-0.151736 0.984441 0.088789 101.098 -0.987517 -0.14709 -0.0567386 -107.228 -0.0427945 -0.096287 0.994445 -1.7084
-0.154906 0.984002 0.0882627 100.983 -0.987042 -0.150309 -0.0565836 -108.02 -0.0424096 -0.0958811 0.994504 -1.7314
-0.158571 0.983379 0.0886178 100.865 -0.986493 -0.154006 -0.056205 -108.798 -0.0416219 -0.0963305 0.994491 -1.74144
-0.161425 0.98284 0.0895135 100.746 -0.986078 -0.156901 -0.0555042 -109.578 -0.0405049 -0.0972239 0.994453 -1.75825
-0.16529 0.982191 0.0895163 100.623 -0.98544 -0.16075 -0.0557876 -110.345 -0.0404031 -0.0974312 0.994434 -1.78103
-0.16772 0.981826 0.0890742 100.495 -0.985022 -0.163171 -0.0561627 -111.121 -0.0406057 -0.0971566 0.994456 -1.79672
-0.170875 0.981321 0.0885648 100.366 -0.984475 -0.166324 -0.0564866 -111.89 -0.0406998 -0.0968391 0.99448 -1.81645
-0.171871 0.980858 0.0917837 100.241 -0.984427 -0.167445 -0.0539805 -112.651 -0.0375766 -0.0996288 0.994331 -1.84799
-0.173206 0.980441 0.0936443 100.117 -0.984387 -0.169233 -0.0488692 -113.413 -0.0320646 -0.100644 0.994418 -1.87496
-0.176493 0.980078 0.0913482 99.9775 -0.983884 -0.17287 -0.0462195 -114.172 -0.0295056 -0.0980302 0.994762 -1.89475
-0.178957 0.979759 0.089884 99.8393 -0.983388 -0.175229 -0.0478398 -114.933 -0.0311202 -0.0969492 0.994815 -1.9116
-0.18344 0.979036 0.0888098 99.7055 -0.982357 -0.179155 -0.0540945 -115.697 -0.0370476 -0.0971629 0.994595 -1.93514
-0.185238 0.978675 0.0889671 99.5794 -0.981981 -0.180835 -0.055286 -116.454 -0.0380175 -0.0976021 0.994512 -1.95564
-0.187596 0.978104 0.0903857 99.4378 -0.981597 -0.183262 -0.0541481 -117.203 -0.0363961 -0.0988771 0.99445 -1.97222
-0.189389 0.977565 0.0923697 99.301 -0.981357 -0.18524 -0.051666 -117.96 -0.0333952 -0.10043 0.994396 -1.98851
-0.1916 0.977171 0.0920749 99.1607 -0.981023 -0.187743 -0.0489488 -118.701 -0.0305429 -0.0997029 0.994565 -2.00357
-0.193951 0.976887 0.0900423 99.014 -0.980617 -0.190369 -0.0468684 -119.435 -0.028643 -0.0973841 0.994847 -2.00319
-0.194931 0.976643 0.0906675 98.8724 -0.980528 -0.191694 -0.0432245 -120.165 -0.0248328 -0.0973247 0.99496 -2.0175
-0.197693 0.975971 0.0918173 98.732 -0.980016 -0.194561 -0.0419694 -120.9 -0.0230961 -0.0982764 0.994904 -2.03107
-0.200035 0.975641 0.0903412 98.5899 -0.979513 -0.196834 -0.0431426 -121.635 -0.0243077 -0.0971172 0.994993 -2.04559
-0.204541 0.97498 0.087234 98.4364 -0.978489 -0.201121 -0.0464221 -122.365 -0.0277151 -0.0948498 0.995119 -2.05454
-0.209743 0.973882 0.0872521 98.2757 -0.977364 -0.206205 -0.0478585 -123.101 -0.0286148 -0.0953119 0.995053 -2.06503
-0.216134 0.972461 0.0874035 98.1239 -0.97596 -0.21252 -0.0488296 -123.826 -0.028909 -0.095853 0.994989 -2.0893
-0.224673 0.970457 0.0882431 97.9656 -0.974048 -0.221024 -0.0492883 -124.539 -0.0283266 -0.0970236 0.994896 -2.10257
-0.234683 0.96799 0.0891815 97.7984 -0.971711 -0.231018 -0.0495423 -125.253 -0.027353 -0.0982823 0.994796 -2.12464
-0.246926 0.964907 0.0896342 97.6216 -0.968718 -0.243323 -0.0492884 -125.965 -0.0257469 -0.0989976 0.994771 -2.1369
-0.258638 0.961775 0.0901593 97.4377 -0.965708 -0.255141 -0.0485497 -126.667 -0.0236897 -0.0996211 0.994757 -2.15079
-0.270961 0.958531 0.0886059 97.2438 -0.962341 -0.267531 -0.0487628 -127.369 -0.0230342 -0.0984787 0.994889 -2.16663
-0.281687 0.955537 0.0873836 97.0414 -0.959276 -0.278342 -0.0485966 -128.06 -0.0221125 -0.0975109 0.995002 -2.17296
-0.291957 0.952692 0.0847961 96.8302 -0.956211 -0.288716 -0.0485294 -128.752 -0.02175 -0.0952483 0.995233 -2.18367
-0.301308 0.950046 0.0816072 96.6067 -0.953313 -0.298211 -0.0480717 -129.444 -0.0213335 -0.0922786 0.995518 -2.19612
-0.308662 0.947874 0.0794605 96.3759 -0.950956 -0.305618 -0.0482867 -130.122 -0.0214835 -0.0904647 0.995685 -2.20921
-0.315346 0.945551 0.080775 96.1478 -0.948775 -0.312264 -0.0486167 -130.803 -0.0207457 -0.0919654 0.99556 -2.22133
-0.320345 0.944135 0.077708 95.9153 -0.947067 -0.317253 -0.0496659 -131.479 -0.0222366 -0.0895019 0.995755 -2.23566
-0.323755 0.943289 0.0736565 95.6774 -0.94583 -0.320581 -0.0517704 -132.161 -0.0252207 -0.0864246 0.995953 -2.24592
-0.324871 0.943161 0.0704223 95.442 -0.945382 -0.321655 -0.0533289 -132.824 -0.0276443 -0.0838982 0.996108 -2.25238
-0.326127 0.942929 0.067537 95.2138 -0.944901 -0.322934 -0.054061 -133.489 -0.0291648 -0.0814438 0.996265 -2.26829
-0.326454 0.942803 0.0678496 94.9906 -0.944905 -0.323586 -0.0499835 -134.144 -0.0251677 -0.0804262 0.996459 -2.27573
-0.324851 0.94332 0.0682292 94.7691 -0.94551 -0.32215 -0.0477284 -134.792 -0.0230423 -0.0800134 0.996541 -2.28414
-0.32452 0.94359 0.0661605 94.5493 -0.94562 -0.321908 -0.04723 -135.441 -0.0232666 -0.0778873 0.996707 -2.2919
-0.322801 0.944258 0.0649055 94.3305 -0.946166 -0.320126 -0.0483492 -136.089 -0.0248754 -0.077016 0.996733 -2.30173
-0.321621 0.944869 0.0619351 94.1159 -0.94648 -0.318854 -0.0506065 -136.734 -0.0280665 -0.0748941 0.996813 -2.31088
-0.319847 0.945372 0.0632932 93.9057 -0.947068 -0.316985 -0.0512846 -137.372 -0.0284191 -0.0763437 0.99669 -2.31959
-0.317409 0.946209 0.0631921 93.6965 -0.947923 -0.314654 -0.0498801 -138.007 -0.0273116 -0.0757312 0.996771 -2.33438
-0.313905 0.947422 0.0623822 93.4953 -0.94909 -0.311214 -0.0492242 -138.623 -0.027221 -0.0746556 0.996852 -2.34994
-0.308424 0.949264 0.0618587 93.2946 -0.95086 -0.305713 -0.0495829 -139.247 -0.0281544 -0.0741092 0.996869 -2.3549
-0.304029 0.950781 0.0601582 93.1048 -0.952206 -0.301259 -0.0509387 -139.853 -0.0303074 -0.0727675 0.996902 -2.36541
-0.299146 0.952422 0.0587976 92.9169 -0.953685 -0.296314 -0.0523054 -140.472 -0.0323922 -0.071719 0.996916 -2.3779
-0.295398 0.953574 0.0589439 92.7365 -0.954813 -0.292491 -0.053199 -141.081 -0.0334876 -0.0719929 0.996856 -2.39487
-0.292519 0.954512 0.0582416 92.5533 -0.955641 -0.289541 -0.0544886 -141.673 -0.0351447 -0.0715947 0.996832 -2.40872
-0.288653 0.95584 0.0555539 92.3707 -0.956723 -0.285669 -0.0558874 -142.283 -0.0375481 -0.0692795 0.996904 -2.42719
-0.286021 0.956741 0.0537784 92.1949 -0.957413 -0.282974 -0.05779 -142.88 -0.04007 -0.0680151 0.996897 -2.4352
-0.282505 0.95774 0.0544315 92.0238 -0.958431 -0.279392 -0.0583116 -143.477 -0.0406383 -0.06864 0.996827 -2.45504
-0.2793 0.958597 0.056025 91.8601 -0.959402 -0.276158 -0.0577769 -144.063 -0.0399107 -0.0698853 0.996774 -2.47192
-0.275626 0.959632 0.0563448 91.7002 -0.960531 -0.272601 -0.055859 -144.636 -0.0382432 -0.0695148 0.996862 -2.4895
-0.269922 0.961332 0.0551165 91.5418 -0.962176 -0.267039 -0.0544238 -145.213 -0.0375988 -0.0677198 0.997014 -2.50472
-0.264238 0.962783 0.057142 91.3954 -0.963767 -0.261292 -0.0541371 -145.774 -0.0371903 -0.0693744 0.996911 -2.52113
-0.255909 0.964943 0.0587445 91.2578 -0.965956 -0.252802 -0.0554439 -146.349 -0.0386472 -0.0709309 0.99675 -2.54039
-0.24596 0.967551 0.0582002 91.1239 -0.96844 -0.242756 -0.0569683 -146.913 -0.0409899 -0.0703731 0.996692 -2.55877
