1.000000000000471 7.151540145668156e-11 5.728117632997076e-13 2.293165657363261e-13 1.8187452954267214e-10 0.9999999999920548 -1.242854396263089e-12 -6.078805601245074e-11 3.1917021109384436e-12 9.30813490417816e-10 1.0000000000074747 3.964731321026704e-12
0.999998024266257 -0.0019096676580644789 -0.0008788933308606127 0.5667294568000624 0.001907685138205179 0.9999960169846955 -0.002243634870348906 -0.008381437746583835 0.0008831691539214689 0.0022419639346618523 0.9999969587490479 0.022837095112534518
0.9999940422322273 -0.002712222731294706 -0.0021973498570333717 1.129675728519059 0.0027054255808981486 0.9999910603915594 -0.0030908837011127113 -0.004024807955060739 0.002205720823993388 0.003084910951325063 0.9999928973762134 0.03813235150001482
0.9999810907554032 -0.004882975576444648 -0.003618282568192304 1.680539642971123 0.004869869379486873 0.9999811660392534 -0.0036219522887788367 -0.0007397689988551093 0.0036359014406746343 0.003604250791287924 0.9999867432053438 0.0511405703748056
0.9999641839607232 -0.006664760880730016 -0.005161580162837827 2.232450767278607 0.00663663320132684 0.9999633281017037 -0.005447707683425623 0.0003019343549030863 0.005197702261374155 0.005413263768789798 0.9999714879375734 0.0637043996777909
0.9999413304796475 -0.008260422001967985 -0.007000009450212837 2.794864823612452 0.008203549999434406 0.999933569463684 -0.008116254697764558 0.003827486614674927 0.007066587621558226 0.008058368622535061 0.9999421000566687 0.07580601328794964
0.9999204873270517 -0.009907682496330296 -0.007780887677903198 3.355432855293758 0.00983148426884652 0.9999037601461875 -0.009770467102432229 0.00329203017732685 0.007876946228361267 0.009693194286863641 0.9999217525267612 0.08709315128070123
0.9999126088571629 -0.011185454446533561 -0.007083730103651614 3.9348639636747715 0.01111252216217134 0.9998857716860038 -0.010255341506040828 0.010017991033724893 0.007197636825810122 0.010175689671956657 0.9999226194568335 0.10052843708513194
0.999892732915969 -0.012651004828975089 -0.007366181964784357 4.5176238010190914 0.012571502218706159 0.9998628963290537 -0.010741348199530277 0.02526320090598022 0.007501067521501197 0.0106475452678906 0.9999153707549774 0.11426638340065103
0.9998586926494121 -0.013516612585840823 -0.010028150911316218 5.10633288472836 0.013415747683005578 0.9998592758390373 -0.010065991371863306 0.03313358364737479 0.010162829425687803 0.009930035840234509 0.999899031511551 0.1310892152148201
0.9997926140177652 -0.014940192813720868 -0.013861171014239518 5.706557071728736 0.01482043224307366 0.9998518860222488 -0.008706476623523753 0.05421382155582971 0.013989115589571256 0.008499231049148757 0.9998664999599862 0.1477103342339009
0.9997115359625207 -0.016576476561574526 -0.01736265055051828 6.3077546251865275 0.016453127705801505 0.9998385422404128 -0.0072267180488285974 0.06500295674100828 0.017479709062059017 0.006938972088354957 0.9998229217970668 0.15871020276415354
0.9996954157646603 -0.0171701645110101 -0.017747182138704534 6.928274073873592 0.017076084261775516 0.9998396244581734 -0.005440980843126784 0.08779397616732793 0.01783771816339659 0.005136270618673912 0.9998279597771665 0.17253233326969103
0.9997453662329236 -0.019495782237122044 -0.01134294846153796 7.573480689107072 0.019455920933122536 0.9998038467980446 -0.0036180542038409405 0.1102850904769372 0.01141122807608559 0.0033964501032393993 0.9999287869690323 0.18298476815278814
0.999804433378809 -0.01974030708605889 -0.0007272688164167776 8.235464432464301 0.019737660159543643 0.9997991121718113 -0.0034849131480482877 0.12808924011547387 0.0007959190998719388 0.0034698816778487196 0.99999345444938 0.19961443441746796
0.9997954122015172 -0.01921169927064832 0.006302965485646143 8.91262606305595 0.019231081144106835 0.999809983063615 -0.0030328145834248353 0.13938117482073362 -0.00624350033842141 0.003153391150531618 0.9999756047348679 0.21571774678015387
0.9997403625762165 -0.022055139996304086 0.005700448184094121 9.59384371260579 0.022069000365089794 0.9997539523541373 -0.0023737682218619043 0.16540310972266 -0.005646688915204514 0.002498959502070994 0.9999806850696463 0.22850883967724697
0.9997239443433384 -0.023444327503292665 -0.0013698215503308514 10.279974162302931 0.02344471009406558 0.9997252392502848 0.00027990490023583703 0.19120667851341167 0.0013628786849981984 -0.00031193580276376144 0.999998816406377 0.23129452382103616
0.9996329833039868 -0.026030751432248374 -0.007450121685932312 11.002897613835218 0.026030935487650952 0.9996615390254102 -6.810175625949165e-05 0.21151761643703204 0.0074493729589008755 -0.00012585283192783516 0.9999724776706034 0.2308598702162621
0.9996013552994052 -0.027534024252446058 -0.006205968199191954 11.722687835801604 0.02752022156021448 0.9996183820390588 -0.00228964156569155 0.23962338579144082 0.006266649325771458 0.0021179325249234826 0.9999782626615361 0.23504870671102496
0.9995757139036163 -0.02897301510011199 0.002954141747920379 12.492967213652816 0.028984019236692093 0.9995732754226747 -0.0037419575044434646 0.25640685796131746 -0.002844463298357385 0.0038259947403634417 0.9999890106737092 0.2437265238421023
0.9995109841386206 -0.029373145600943944 0.010730135597086802 13.261762467582477 0.02942417073310515 0.9995563588578196 -0.004625167197596002 0.28174190036624236 -0.01058949427950956 0.0049386327086009 0.9999316570035601 0.2500554607272112
0.9993933231801477 -0.03207526349047827 0.013547039641641492 14.056468965613547 0.03215321032806008 0.9994673504296921 -0.005578636620314636 0.3059745481521994 -0.013360950949928403 0.006010841176689373 0.9998923263901603 0.2515616726555759
0.9993638777302613 -0.033216355444143544 0.013010583394299792 14.855602550115163 0.03331876560206979 0.9994143300445728 -0.0077407269153377005 0.33402248061820755 -0.012745796178859542 0.008169284272119085 0.999885792225166 0.25136786807539035
0.9994098356282765 -0.03264135114018233 0.010659462354149808 15.673788063283384 0.03272602528073916 0.9994330407248466 -0.007870491516050175 0.3681232491431025 -0.010396520418956829 0.008214681046797186 0.9999121236468773 0.2499673347567736
0.9994043470569839 -0.03388728147553395 0.00659211988854029 16.510194553026615 0.03392577719528047 0.9994071196096443 -0.005807236023448063 0.39019733972450893 -0.006391431204005819 0.006027402566402045 0.999961533333372 0.24227606869283763
0.9995127478207005 -0.031179372524236085 0.0014856047628108307 17.359815458159037 0.031191008836313705 0.9994766039747129 -0.008596572188249135 0.4253398787672644 -0.0012168022552767662 0.008638729526307617 0.9999616482045869 0.24803511058099598
0.9994772377810667 -0.03201445087779505 -0.004591479728301361 18.226080624937524 0.03196040471899025 0.9994242902330267 -0.0113937420192062 0.44673208242355383 0.004953590984812292 0.011241032249993078 0.999924471985907 0.2548368220515273
0.9995107350862658 -0.02974259870469395 -0.009691234995567968 19.109179982810968 0.02964434947296915 0.9995095022895173 -0.01012632785567302 0.4868432037605779 0.009987655814676775 0.009834084743790045 0.9999017626242173 0.26764494421920126
0.9994485487102805 -0.03123797623776388 -0.011242064455716003 20.01139968014813 0.031140261816993232 0.9994770036835506 -0.008763351338192437 0.5102054728168839 0.01150993036932535 0.008408451325424397 0.9998984476061689 0.2763615839617898
0.9994626555822548 -0.03098512993567573 -0.010657123316830205 20.93154771846655 0.030885769201965056 0.9994788400450457 -0.009369821478737538 0.5490053841988088 0.01094184504817619 0.009035625271548407 0.9998995043726998 0.2944815410480073
0.9994764409941039 -0.030207609990923718 -0.011603595629193289 21.872895325333246 0.030109952410879038 0.9995099976359532 -0.008498898038149143 0.584061120456217 0.011854674847212476 0.008145050858023127 0.9998965613699432 0.31509859928536993
0.9994608110814912 -0.029760352762959515 -0.013880339284089153 22.808864219130108 0.029691731955559103 0.999546438885234 -0.0051207212921888096 0.6190987555435131 0.014026359297562917 0.0047058385582749735 0.9998907500332752 0.3374200494272519
0.9994691043155748 -0.028820174325158605 -0.01522669107019384 23.76609043085006 0.02880900740288433 0.9995845323129625 -0.0009540254165017012 0.658125837204608 0.0152478124586828 0.0005148572655951225 0.9998833633714633 0.35779459690688353
0.9994868724596881 -0.028335709382541485 -0.014952240168668179 24.710048053275393 0.028346565894673357 0.9995983671582662 0.0005185150379825094 0.6888668423463904 0.014931487941397013 -0.0009420775036838987 0.9998877603820457 0.3831450514082187
0.9994907401330028 -0.028188705425252016 -0.014945195243455243 25.691408983862818 0.028212368352947305 0.9996013228140727 0.0013766726074399861 0.7213804258761753 0.014900487140454548 -0.001797603936739998 0.9998869370529248 0.4108919604714074
0.9994936939070648 -0.028122926768850153 -0.014855524949739787 26.681562963007767 0.028150772427330502 0.9996022863118471 0.0016732673401419784 0.752425314246351 0.014802531630805166 -0.0020906112934951614 0.9998880197810882 0.43700471174016486
0.9994705831972175 -0.029374838704299838 -0.013988111687581843 27.66889263245628 0.0294087331617248 0.9995652145317869 0.002226195226002877 0.785783806756559 0.013916623441547413 -0.0026363680659753515 0.9998992022709958 0.464867599286811
0.9994754239366229 -0.03008103348347713 -0.012022284766400094 28.680786891954277 0.030119657382767843 0.9995418036645849 0.003044042752478474 0.8219775011955383 0.011925162809880631 -0.003404545702098636 0.9999227723987927 0.4904774013158233
0.9995333985185084 -0.028498268811126125 -0.010986977266929928 29.671475377162942 0.02853719304993678 0.9995874149842777 0.0033949296200610746 0.8503037705563188 0.010885637793015645 -0.0037068794849473303 0.9999341864972142 0.5138156599657985
0.9995654170912424 -0.027010757927461458 -0.01183194969006891 30.687392100554685 0.027054353499845068 0.9996274628379131 0.0035401739423942024 0.8895718592769203 0.011731889443383929 -0.0038587514701585494 0.9999241200708447 0.5429475552732708
0.9995340996704443 -0.027788043836204278 -0.012588000775011885 31.71097050253942 0.027858403384924502 0.9995966510060338 0.0054441964673272395 0.9152549130601249 0.012431672503578505 -0.00579236204777798 0.9999062493235221 0.5671800394406894
0.9995400600712536 -0.027878772726821526 -0.01191615279933461 32.73278655143781 0.027947359497812803 0.9995935112314516 0.005631358149364366 0.9604902397871696 0.011754256725570188 -0.0059618050670814625 0.9999134286972949 0.5924678300983102
0.9995662449188221 -0.027931057675676572 -0.009309792862477717 33.77014227381656 0.027972747283314742 0.9995989805114532 0.004370326669601342 1.0064419717007862 0.0091839938588882 -0.004628846466178411 0.999946774569725 0.6181227268548908
0.9995591925211106 -0.029154967445298968 -0.005689028423046048 34.81851595441326 0.029179798637426778 0.9995642486033547 0.004332630246113964 1.0335392051280021 0.005560231985735286 -0.004496726813258223 0.9999745588755349 0.6393622729541024
0.9995551276580548 -0.02965961063334186 -0.003059676314441196 35.886363755810955 0.029673248478452412 0.9995496622747699 0.004520243624307937 1.0767741513017155 0.002924232321323856 -0.004609019694367218 0.9999852100671759 0.6629602660492838
0.999515111146424 -0.031033064187560067 -0.002705090259151968 36.948776610965595 0.03104476153695095 0.999508607452652 0.004376824298271325 1.098269841680329 0.002567929368801929 -0.0044586769515545 0.9999872814009242 0.6808649989706441
0.9995781113904509 -0.028797873361413387 -0.003873566329046512 38.010600971728216 0.02881630608302177 0.9995728227194698 0.004786474511308994 1.1448393001041697 0.0037340715627485438 -0.00489608796608521 0.9999810658900795 0.6983583897500869
0.9996089879693221 -0.027613485511470595 -0.00448193457359191 39.06595876728835 0.027639097003002894 0.9996009085625832 0.00575671262919179 1.1819094601897746 0.004321169633792145 -0.005878334091542692 0.9999731034680951 0.7163763873630216
0.9995859990682963 -0.028601729961575652 -0.0029971042971430497 40.13728091407826 0.028617746530308186 0.9995756179952796 0.005414338589107396 1.218474700281721 0.002840985563433956 -0.005497880940346646 0.9999813829364245 0.7347347038841241
0.999523094839305 -0.030874714616444598 -0.000912572625895721 41.2330697123118 0.030878463716758335 0.999513173776966 0.004435719979016129 1.2532288556657625 0.0007751736038595098 -0.004461778342410779 0.9999897313837289 0.7557596207868351
0.9994308388281137 -0.033717898346741645 0.0014073833443891725 42.30025879999683 0.03371023067009459 0.9994185750377093 0.0051529212195656 1.2788928628227858 -0.0015803098726043553 -0.005102530697106305 0.9999855861341773 0.7757009345505578
0.9994868024100936 -0.0319989696034106 0.0014446331779264373 43.38747214754199 0.031990426259048375 0.9994725908397284 0.005607756870181043 1.3246808563680306 -0.001623302451992676 -0.005558669582893419 0.9999836067501786 0.7933708742285377
0.9994886134976646 -0.03190523592753671 -0.0019483938713930407 44.44874535251634 0.03191755103938308 0.9994684200510687 0.0066691136329045525 1.3626045096818065 0.0017345869747186146 -0.006727894819356628 0.999975966451267 0.8134001919514907
0.9994800825947568 -0.03160791469634808 -0.006320780789128979 45.51836885987988 0.03166817759249895 0.9994514303893449 0.009677168249547265 1.406006024282588 0.006011449425680158 -0.009872317957335633 0.9999334870158983 0.8346788807641239
0.9994758870396274 -0.03165856278424313 -0.006822646885002167 46.581450149740924 0.031730463674564835 0.9994395356895391 0.010706180190351204 1.435204050099491 0.006479881893759813 -0.010917041412004832 0.9999195772708339 0.8562718325179494
0.9995251934557894 -0.030560812182360862 -0.004035566113306138 47.62846749559847 0.030597248393091272 0.9994888640015032 0.009280990122005466 1.4759914473324451 0.003749863711033673 -0.009400056132022326 0.9999489425427077 0.8758141182384925
0.9995289055209632 -0.03062031047367015 -0.0021496643788340352 48.73532733648527 0.030641379512912452 0.9994744244773285 0.010600826217671165 1.5051766798564215 0.001823933194859008 -0.010661663144732554 0.9999416700017085 0.8981821360840628
0.9995433648001255 -0.030198702002067153 -0.0007921474072511616 49.782766064327845 0.030204205584824097 0.9995091259183443 0.008284328475832894 1.560390916506462 0.0005415881841560307 -0.008304477130253481 0.9999655092815305 0.9163903801575587
0.9995631800203271 -0.029529080572390343 -0.0009612017218316917 50.892949781987106 0.02953685409275735 0.9995191564489139 0.009461414765587187 1.586953366796887 0.0006813550929173533 -0.009485667278797584 0.9999546635307593 0.935933974428623
0.9995694659484171 -0.02921110936060213 -0.0026370420697814975 51.92884928951172 0.02923178965493244 0.9995395291670444 0.008156944405065434 1.6271616337118955 0.0023975551602210144 -0.008230511249323511 0.9999630048845386 0.9554780908634193
0.9995602861435482 -0.029161563056729047 -0.005360525869655211 53.024059813817274 0.029210913586754806 0.9995291114998377 0.009355700125744087 1.659885238406197 0.005085168866028226 -0.009508169187535742 0.9999416023566143 0.9744778947023365
0.9995456386602615 -0.029256571649153858 -0.007289033748067054 54.1021643322466 0.02931102529925157 0.9995425664043688 0.007490177676254425 1.6955351084742016 0.00706655684972551 -0.007700420028606113 0.9999457949353698 0.9979472050762331
0.999512884342774 -0.029324754450262402 -0.010727721049888204 55.18208915915862 0.029393012993948392 0.9995483624193506 0.006267440028026696 1.7292064280496096 0.01053912575884541 -0.006579697340399507 0.9999227532378755 1.0258252397700793
0.9994820606184213 -0.029754337092553432 -0.012224857921343953 56.255250270010556 0.029819837832596032 0.9995417661424985 0.0052086439210500095 1.7589490315320058 0.012064219090509733 -0.005570489765924761 0.9999121732390804 1.0541971331852538
0.9995002001900264 -0.029930487076624747 -0.010214586623779356 57.329457154008054 0.029975577559634477 0.9995413370953019 0.004297868854289921 1.778744201376174 0.010081254174333358 -0.004601906189117731 0.9999384627146721 1.085885615254772
0.9995325372800724 -0.03024567416072962 -0.004399315720648996 58.393428260506 0.030255965223582412 0.9995400145130212 0.0022928646441006634 1.81791078732591 0.004327948715738557 -0.0024248889711764054 0.9999874482069067 1.110693748314617
0.999592916793894 -0.028493530910374012 0.0015799472001636096 59.47906177993126 0.028492951927392998 0.9995936119337873 0.0003709253567796033 1.8508225922991224 -0.0015898750884541374 -0.0003257565000414921 0.9999984712723191 1.1296269671926307
0.9995943251403024 -0.02833998505772698 0.00285668969071649 60.56047311683713 0.028345146810357713 0.9995963188311227 -0.0017716714141100048 1.887780060646839 -0.002805324377253596 0.0018519120172023466 0.9999943560285752 1.1489934501887313
0.9995964876438133 -0.028417734476906476 0.00010372869940527239 61.643672433068105 0.028417951233296768 0.9995919575370726 -0.0027296449571351813 1.9157567619303557 -2.6117894613773666e-05 0.002731479784955917 0.9999965548191148 1.1685760192625225
0.9996238540866277 -0.02724643987442273 -0.003072260736524566 62.71841596123464 0.02723048350640465 0.999615691907927 -0.005111105711316343 1.9472655180166603 0.003210347472468667 0.0050255244382446124 0.9999824540054456 1.1838519238785497
0.9996053275287692 -0.02725841215161287 -0.006864295686141535 63.80977091690262 0.027244152347089455 0.9996265136345748 -0.0021653691207044468 1.9745563665618824 0.006920749276285865 0.0019775054940055405 0.999974158836656 1.2075031594091008
0.9995821969763213 -0.026760987513719924 -0.010974099852035768 64.87281951253856 0.02674603345531021 0.9996413729962513 -0.0015064365443486567 2.0044357880639296 0.011010394460840081 0.0012123041062476944 0.9999384300274277 1.2325210667784867
0.9996156872506561 -0.024984400481243327 -0.011999333592442898 65.92341767744576 0.025010171091851382 0.9996853442144824 0.0020027397252032598 2.0511874676488873 0.011945539524098523 -0.0023020763792370807 0.9999259685348618 1.258602508360485
0.9997313176296294 -0.021466574702196255 -0.008789935620709273 67.01967361078354 0.021514204420155756 0.9997544096571199 0.005359406259193197 2.0908578968646343 0.00867273192248302 -0.005547069119798584 0.9999472727132509 1.281405285709208
0.9997431894183827 -0.021766545469417975 -0.006389219885225817 68.096292419161 0.021805558000086437 0.9997440229480794 0.006101287467697927 2.120383851092489 0.006254764127775458 -0.0062390288692105245 0.9999607876335381 1.3076018910869687
0.999776167308885 -0.020409035739074384 -0.005608859677731369 69.19390213898743 0.020446299883122927 0.9997688302823198 0.006675612894163623 2.155314782892739 0.005471320080493754 -0.0067887941770187355 0.9999620024087955 1.3337455022541962
0.9997894370678305 -0.020022214655894682 -0.004541674393993958 70.26568278898162 0.02004268089976664 0.9997886752642829 0.004510883442267273 2.175229575128646 0.004450405063099237 -0.0046009694274826785 0.9999798876678868 1.3559933763834497
0.9997814341933375 -0.020695342696783546 -0.003013105115524727 71.35070129944903 0.020708166585848238 0.999776458021476 0.004289238755828074 2.1857382899168796 0.0029236594485692016 -0.00435069102148136 0.9999861077851867 1.3810603067161293
0.9997717064760152 -0.021317848012552255 -0.00104661506752629 72.44298918910224 0.021319881508981123 0.999770157822777 0.00206802459737155 2.2193694703145512 0.001002291686801775 -0.0020898659166641615 0.9999971357012079 1.405239151255601
0.9997379278506024 -0.02286701541126709 0.0005473445057716528 73.51636843033148 0.02286680517075775 0.9997388821621971 0.00041424928815409027 2.227983976881931 -0.0005566629975930111 -0.00040162474637201324 1.0000001899872006 1.4232965929973136
0.9998010043104906 -0.019944785834458547 -9.178895176462348e-05 74.61006587814647 0.019944780542439346 0.9998010020094062 -9.895229383018651e-05 2.2656994006244098 9.374569166347487e-05 9.710190500441752e-05 0.9999999936801036 1.4479504048847232
0.9997469445269057 -0.02219159264091174 -0.0038276467531999643 75.6790037484159 0.022192951944630345 0.9997536644987671 0.00029334442723023585 2.285636039528943 0.0038201766759747196 -0.00037821117881645913 0.9999923909743276 1.4700122725658118
0.9997126642460619 -0.023322422477792523 -0.005554778033635276 76.73950159140223 0.023335189289052614 0.9997249975298547 0.002237406001711986 2.312497573128185 0.005501071748383663 -0.002366392968792703 0.9999823382240833 1.4924364015489842
0.9997154995677079 -0.023519181308371495 -0.004045683264490707 77.80415140371142 0.023532642375340834 0.9997177166845166 0.0033180823801379385 2.3516502904724685 0.003966501616924522 -0.003412348625233449 0.9999867837477758 1.5149300420276026
0.9996982654290707 -0.02457712200008967 0.00014548672977785903 78.87549170796694 0.02457623994425526 0.99968794401486 0.004515337111015497 2.385684951525664 -0.0002564206122096556 -0.004510392164311692 0.9999897905560696 1.5373688098286291
0.9996400837745427 -0.026499371895044654 0.004141259532652115 79.98130904680927 0.026478285569616747 0.9996361228511743 0.005067598725204612 2.424585087025544 -0.00427403942513107 -0.004956131427265342 0.9999787933742833 1.5554493278436425
0.9996138188245091 -0.02731728655991334 0.005008676657777585 81.04016509531625 0.027285476465195614 0.9996079200553946 0.006311606763914241 2.453789434673004 -0.0051791175816561985 -0.006172502007690677 0.9999672611200968 1.5724594406250638
0.9996167667513594 -0.027489087669293075 0.003129774341517435 82.08562362129037 0.027467799409662222 0.9996003065757612 0.006646852972841108 2.5042850517818067 -0.0033112347822365105 -0.0065583466550433464 0.9999729266728801 1.5852856223532814
0.9996398019936035 -0.026745766776506634 0.0023448890186646004 83.13225609334636 0.02672958306431015 0.9996204864897845 0.006674662557235645 2.5337822433374595 -0.002522524882038961 -0.006609574405180024 0.9999747115166122 1.603394837430078
0.9996177638152292 -0.027533717089532193 0.0024246074472374854 84.18546862552611 0.02751701145875232 0.9995994524532684 0.0066895545495147864 2.5672490117136983 -0.0026078236037411677 -0.006620271071168248 0.9999747837315028 1.6216094872665783
0.9995960105187596 -0.028286396558814618 0.0027943589693840212 85.21431615339098 0.028271599975160162 0.9995863520644492 0.00518626124603972 2.60242466934717 -0.0029399101854801716 -0.005105167056981817 0.9999826374167915 1.6414970911797608
0.9995670269868902 -0.02905604453357545 0.004646051214301934 86.21594033369071 0.029033208214629735 0.9995669164151788 0.004905325971603424 2.6241863572248985 -0.004786574887137119 -0.00476830344823842 0.9999770565979309 1.659931499609426
0.9995542526676864 -0.02906797683611529 0.006843728083238634 87.21501770074914 0.029043031205759705 0.99957141091656 0.0037142377091451025 2.6713663965728314 -0.006948768298236837 -0.0035138129246174597 0.9999693364157538 1.6759051047240705
0.9995394178869352 -0.02921292135632947 0.008240792974369446 88.20400867666733 0.029190195016549125 0.9995700735692249 0.002862913643597533 2.699393314734679 -0.008320889049307082 -0.00262102990708422 0.99996150854384 1.6929744733460876
0.999437551174157 -0.032483730607599286 0.008350479668555056 89.17031507251271 0.03246806812295554 0.9994708094510243 0.0020080363812800366 2.7285432872338258 -0.008411295214404198 -0.0017357747711611595 0.9999626393748191 1.708890931564335
0.9993016873577274 -0.03648385099989854 0.008037054511041922 90.08392326198737 0.036474879819978115 0.9993336125607332 0.0012639310806592877 2.7732785173009216 -0.00807781766388766 -0.0009698990930905691 0.9999667000815399 1.7244444466088438
0.9992466545818778 -0.03817377907812702 0.007062045776681997 90.97454616434732 0.038165372365555526 0.9992707959594318 0.0013295017201707955 2.8135818097752057 -0.007107648965947469 -0.0010589741427045804 0.9999745494586905 1.7383378812788943
0.9990568005738064 -0.042780928989824094 0.007399812248029719 91.8901122355586 0.042776977908922896 0.999084400249387 0.0006975190501963387 2.863390016221405 -0.007422871355126074 -0.0003803261234016867 0.9999727991768066 1.7516468834669439
0.9988445702212414 -0.04729645343488724 0.008466989125673677 92.73620598897746 0.04728646566269169 0.9988807179077032 0.0013712737474811181 2.8970048177441177 -0.00852235322247578 -0.0009693148530975762 0.9999637118710557 1.764550006173873
0.9986759777456975 -0.050585238208586514 0.00937551635601376 93.58942397137602 0.05055886195505383 0.9987161283956506 0.0030224737779287725 2.949188649440114 -0.009516372764418558 -0.0025444702929697687 0.9999518938586525 1.7792724073689636
0.998563821284841 -0.05246686094708465 0.010866073384306837 94.3967535713141 0.05243304545405315 0.9986183608430681 0.003374034156402791 3.001629776131452 -0.011028148151305376 -0.0027994444257567665 0.9999348178720912 1.791239996509146
0.9984429783007029 -0.05460789933592881 0.011432519536023929 95.1836113499478 0.05454773948973583 0.9984959414841996 0.005509124524644519 3.050488945751272 -0.011716254578143986 -0.004876918579549277 0.9999190802150979 1.8034472417718161
0.998296251910699 -0.05714902694264937 0.011773189397797278 95.92065197580271 0.0570676432029795 0.9983445568422904 0.007141909845259714 3.100657786004917 -0.012161891206710147 -0.006457869123404889 0.9999051912470109 1.814290835974838
0.9982075019345825 -0.0588431549083777 0.01092061242408469 96.65609722138531 0.058748118710452095 0.9982337911858767 0.008822471847146036 3.15361632504676 -0.011420475800720604 -0.008165090016180872 0.9999017068795407 1.8255986037296816
0.9980545282043588 -0.06193132211916972 0.007232338687644222 97.34874177440044 0.06185161176791027 0.9980272709411944 0.010779071274363224 3.1977008990690288 -0.007885643830039285 -0.010310793073292874 0.9999152008544471 1.8382923804852216
0.9978643083049978 -0.06523866955871989 0.0031496031784367723 98.00157785094243 0.06519214324945259 0.9977860850043142 0.013129504400672717 3.25350318231909 -0.003999178506592102 -0.01289607478101484 0.9999086066906884 1.849267819363342
0.9978654161167623 -0.06530065791976683 0.00036161646285871093 98.63877335291774 0.06528752178210856 0.9977494492978066 0.015275773937346452 3.315561622293842 -0.0013583268503309098 -0.015219586476705176 0.9998831345854313 1.8607819827377596
0.9978966685747575 -0.06482270689751074 -0.00039455006253556746 99.22827137576729 0.06481990324571751 0.9977488008453743 0.017189564342241344 3.354428898091042 -0.0007206087577372924 -0.017179043422484594 0.9998525305798687 1.8729175490238497
0.9978995567057521 -0.06478688607265011 -0.0003308326900815766 99.80425357571671 0.06478073244146056 0.9977027317056009 0.019833694932448586 3.3944274802145777 -0.0009548986676156 -0.019813481917539087 0.9998037115886476 1.8873372953345244
0.9979803609295734 -0.06351215374408578 0.0011202217111034689 100.3893336027256 0.06346958316461684 0.9977180237474319 0.023036165968119388 3.449092378119128 -0.0025807461130455834 -0.022918497234909047 0.999733615322995 1.9002430779568602
0.9983009544966128 -0.05821279963405051 0.002587973942705538 100.90350510403088 0.05812585613385612 0.9979685083181936 0.02608533892586157 3.4753245924802854 -0.004101211694229385 -0.025890605451314462 0.9996565371851939 1.9140734017631393
0.9987441117159773 -0.049878270402879565 0.004697143476781778 101.42769088538941 0.04973599508912425 0.9984060558700741 0.02666714032124361 3.514476018210248 -0.0060197601260515024 -0.02640000173887556 0.9996338324139488 1.923444737463637
0.9991274156003842 -0.041069781390620556 0.007552074760358184 101.90990729376615 0.040851450151770684 0.9987976989466839 0.02708548408202824 3.5300022106707747 -0.008655391018159524 -0.026753399697979168 0.9996048854529322 1.9324265446589275
0.9995658926203955 -0.02798538195107474 0.009262278508306748 102.38804635300669 0.02773794704241864 0.9992812917942245 0.025847675600560484 3.552635827064042 -0.009979020827199519 -0.025579562584557212 0.9996228155853802 1.940464389561211
0.9998441508273066 -0.014718022568948143 0.009743085784400113 102.83510204381975 0.014466317715774155 0.9995723033041946 0.025414172353687484 3.5444240136999663 -0.01011299544853395 -0.025269241577881126 0.9996295458684992 1.9499225339609756
0.9999566529564758 0.00023965289292101006 0.009339279901430159 103.27116319237446 -0.000471317496550527 0.9996924588705449 0.024811207174449467 3.548088968715629 -0.009330453595373735 -0.024814530709984385 0.9996488881729793 1.9573390729832747
0.9998303525161111 0.016967483516827878 0.007235949135350849 103.69016504706795 -0.017135504778973774 0.9995692609106123 0.02383819321796015 3.5296338058975576 -0.006828369798236721 -0.02395803962115002 0.999689386573277 1.967623644154356
0.999251674300151 0.03851636506805539 0.00340563467160961 104.0901858775011 -0.03858510895534954 0.9989869827490188 0.023156132454675377 3.514343026434031 -0.0025102886711596854 -0.023270208312365082 0.9997263429508305 1.9731670502575158
0.9979610303129601 0.06382319267014058 -0.0005246092230302181 104.5004349117043 -0.06379645267416297 0.997723168962995 0.021866527951864233 3.4778629482343764 0.0019190057544876222 -0.021788419522295495 0.999760800724045 1.9818321480658518
0.9957865373290519 0.09165886852300538 -0.002955731710128982 104.87705657502376 -0.09158401328821736 0.9956047222146155 0.01958220150246802 3.4280218597720813 0.004737611087610049 -0.019228954262423867 0.9998037404563328 1.9877668707643388
0.9924922115342725 0.12224649427503395 -0.003811776301987733 105.25817482940127 -0.12216486844991488 0.9923625577669866 0.017088244489645906 3.3679999376864798 0.0058716346981971404 -0.016494248441426728 0.9998462306987411 1.9959291334792908
0.9879499777025996 0.15468080827077965 -0.005300834756934984 105.62264977747782 -0.1545890771890142 0.9878700103617188 0.014673757970049292 3.297203472246787 0.007506289994492658 -0.01367749016492564 0.9998780119356818 2.0039926335847236
0.9817032695157898 0.1903123740130322 -0.006336011850750852 106.00570836614867 -0.19022269232227715 0.9816590679462585 0.012656681470126751 3.2037249810925843 0.008628488979527551 -0.01121983326820036 0.999899662537952 2.0134667492533493
0.9736438125506651 0.22795953938919739 -0.00719923775282271 106.3503826844603 -0.22789522172662108 0.9736460944100519 0.00881955860209514 3.0995002905336633 0.00901999458394389 -0.006946429290984243 0.9999350930392833 2.0246964115909374
0.963588088522471 0.26727772276164824 -0.0078211179583015 106.70872505246291 -0.2672305205411248 0.9636098135520591 0.006573676369518581 2.978978143377133 0.009293535004429462 -0.004244274777867537 0.99994809792547 2.0369355535497298
0.951184861555934 0.30851267956795264 -0.008156220044569673 107.03486278892342 -0.30845949875709994 0.9512106689859613 0.007205922054187684 2.844252804608077 0.009981410575120784 -0.0043382951132852135 0.9999404694581051 2.0504845208282476
0.9356561934837564 0.3528350851068936 -0.007427455181498692 107.37208883197306 -0.3527625542636269 0.9356636562507495 0.009562115766994565 2.7137376002346127 0.010323444597914008 -0.006326740917387076 0.9999271502654944 2.0556690812370726
0.9173783715923834 0.39797391172034113 -0.00575501276479288 107.70126787391311 -0.39791413387223096 0.9173759592676541 0.009233871093396037 2.5418703101910745 0.008954391488203105 -0.006180958126333359 0.9999406691399627 2.0669619429481036
0.8970701539878226 0.4418649408413523 -0.004429797585672885 108.00005389106478 -0.4418193150210772 0.8970634427826523 0.008503455054120902 2.372507699564143 0.00773122480387185 -0.005671036807712706 0.9999544032295256 2.0716525721872574
0.8735238212868188 0.48675330926747257 -0.005247154202497182 108.29875313810108 -0.4867150432510185 0.873531966099732 0.007096470193353159 2.1740960318413807 0.008037782101949682 -0.0036450666479388816 0.9999612126134494 2.082520656193568
0.8490225332689432 0.5283131395566089 -0.006823726787463123 108.56270593283233 -0.5282699181123106 0.8490464521606208 0.007159348827800228 1.971914034670054 0.009576034765419624 -0.0024736687734790647 0.9999510145704362 2.095157248877113
0.8216902821643901 0.5698594721865768 -0.009253037612574469 108.83852182695529 -0.5697920285887651 0.8217389523927258 0.009043323284075755 1.7637918369083427 0.012757032373048689 -0.002158479103468358 0.9999167654428845 2.106340076136162
0.7923369494732838 0.609990078962632 -0.010730981164309759 109.0880476728435 -0.6098602935038504 0.792399715225219 0.013136194990201851 1.544132139596587 0.016516198591246246 -0.0038638631867403887 0.9998563353014974 2.1160332720074972
0.7584663157745407 0.6516342976655531 -0.010075677115312053 109.35721451603841 -0.6514017993624228 0.7584918893883974 0.01913913825808143 1.301291489136844 0.020114043030987537 -0.00795313358689173 0.9997657948370622 2.1270785927458817
0.7219055963881599 0.6919337602605702 -0.008978549411413309 109.58822569721724 -0.6916054657494733 0.7218745285865048 0.024049314125247752 1.0515649034919154 0.02312192868103321 -0.011151746696968771 0.9996708750253356 2.127946265854291
0.6834042245141604 0.729980923443416 -0.009293664292899406 109.81376957398733 -0.7296477076036898 0.6833988730576457 0.024093591436243962 0.7733478968831465 0.023939138929732286 -0.009684513764715427 0.9996669024281942 2.137672528962423
0.6433206709222691 0.7655435493923735 -0.009011903364964036 110.02787690697585 -0.7652889732256515 0.6433512865322403 0.020771850013279032 0.4674355331544948 0.02169958615463689 -0.006466229161487462 0.9997440425454909 2.156276502565855
0.601909780209796 0.7985290483279799 -0.007485432609367598 110.21941562067546 -0.7983288331648934 0.601933009705006 0.01864614050072946 0.16372855002286021 0.019395197430478378 -0.005247450033681373 0.999798210085198 2.159823713404341
0.5563948622861135 0.8309058353897594 -0.004526240194441562 110.41542321375323 -0.8307577061794993 0.5563865268183869 0.016578063081520357 -0.1724418421971084 0.016293187635819245 -0.005463792337982562 0.9998526108955 2.1717814680095766
0.5098701971584815 0.8602472162151007 -0.002718192280625957 110.5846534384028 -0.8601417225649812 0.509852435113843 0.014396426046866919 -0.490214983658743 0.013770347699893009 -0.005002251795301766 0.9998923677276758 2.176309321454244
0.46022090138191957 0.8878034381239873 -0.0014467066743809407 110.74190833111605 -0.8877615687227924 0.460213905265136 0.009146209839046397 -0.8548371913833102 0.008785818660040906 -0.002924960865736354 0.9999571933529448 2.199382305761895
0.40935486549523464 0.912373472014995 0.0018397868877427404 110.88361907463218 -0.912342741287713 0.40932227524837544 0.009232235382404733 -1.2116461596643227 0.007670172775819183 -0.005457772791980467 0.9999558592563903 2.205319189015353
0.35808031005202545 0.9336794706800451 0.0046345480001979775 111.00645563783453 -0.933629616439013 0.3579958795599156 0.013194019103830848 -1.564859748070364 0.010659798817244418 -0.009051474605507374 0.9999018103880593 2.2152464860652685
0.30768354016897226 0.9514649162108108 0.006663256897717845 111.1178369123863 -0.9513656498592624 0.3075242397927544 0.01822873796156694 -1.9635541518089714 0.015294930775865431 -0.011947869798048983 0.9998112200382735 2.2234900301002845
0.2613502587631319 0.9652302833217119 0.005080890443904724 111.20556108196597 -0.9650722953647715 0.261200879098489 0.02023356639340718 -2.3542575329196285 0.01820284142947918 -0.010191455223657993 0.9997828621383793 2.228265913781873
0.21879011979066817 0.9757712108217234 -0.0006616668961761597 111.28469247783636 -0.9755848802469804 0.2187615411672231 0.019449823399126816 -2.777891713684771 0.019123313966048418 -0.003609909166769191 0.999810339042109 2.2418627828959097
0.18360610087454318 0.9829682775900005 -0.007885472772144249 111.32923050688018 -0.982800671726608 0.1837247979776957 0.018687080788911722 -3.198944782292974 0.01981754503785506 0.004318800458917416 0.9997941011477612 2.2538049483577045
0.15217915790499809 0.9882959116471328 -0.010633913244709584 111.3867980070006 -0.9881437194857695 0.15235929964749323 0.01892777845279061 -3.644420781207641 0.02032642272759011 0.007627367650408233 0.9997645424475089 2.265172921189037
0.12455281933053455 0.9921819260257129 -0.007839105801784403 111.43749595018953 -0.9920475671243574 0.12467190066034167 0.017277144623907125 -4.102651203787641 0.01811947587754694 0.0056248522348466765 0.9998202800091239 2.2786588309933196
0.09925092330372791 0.9950619650444681 -0.00128875896281042 111.48860181278762 -0.9949578376289334 0.09925923537730764 0.01439523353916989 -4.586004180758866 0.014452053101693656 -0.00014649078834747006 0.9998956413189647 2.2847199885545417
0.07486350697541885 0.9971861393220441 0.0038796823191703973 111.53626031305888 -0.9971383012506962 0.07481754687564116 0.010870095379751423 -5.09167647482537 0.010549198616735016 -0.004682396970044268 0.9999331461489402 2.291715041842826
0.053190988403887106 0.9985840101712739 0.0004320506307983523 111.54138298275706 -0.9985545834202074 0.05318610290773656 0.007709799837082662 -5.6119903776093665 0.00767590713828264 -0.0008414716868056327 0.9999699086883764 2.3062966844423856
0.032330554352226724 0.9994587754420197 -0.006069909418027284 111.54401036127206 -0.999446208655453 0.0323767636851922 0.007682282322731591 -6.142368888266621 0.007874646553390645 0.005818239453724984 0.9999523819625811 2.324054767229111
0.013663206973131305 0.9998364993166691 -0.01183341152203113 111.5398792915355 -0.9998614527234142 0.01377416674839745 0.009350276084032987 -6.700479695650875 0.009511666524416559 0.011704045709745788 0.9998859262784714 2.3366617939174708
-0.00013109760413502905 0.9999307645505537 -0.011726363995967555 111.53852005847695 -0.9998906745245273 4.2010060044117125e-05 0.01476088036723227 -7.263876577890071 0.014760387557333223 0.011727041722016673 0.9998224295440911 2.342566490114731
-0.012600302282241706 0.9998935784208107 -0.0073594840102020175 111.54594452081574 -0.999734497137463 -0.012455448299663491 0.019406691243283043 -7.862544782777515 0.019312934584869247 0.007601974122226964 0.9997841505819053 2.343694311432341
-0.018016176380743276 0.999797520776203 -0.008934425797924748 111.52358467170059 -0.9996479831956434 -0.017837667605612402 0.01966484948327686 -8.477285203399264 0.019501468779810228 0.009285566716510877 0.9997663439863558 2.3534650241862196
-0.022026878326828758 0.9996081938224359 -0.017288202301323566 111.50523492124792 -0.9996351931361401 -0.021750335250333205 0.01602080813091669 -9.124430456727536 0.015638550450677087 0.01763480244146009 0.999721813577162 2.372226119690172
-0.02133272514041418 0.9995898962933919 -0.019083066490358288 111.48477223412607 -0.9996744994338119 -0.021059916800373543 0.014382066464771776 -9.790786840050234 0.013974215047534383 0.01938366562183059 0.9997140419407878 2.389405575551549
-0.019525093330409964 0.9996440565404492 -0.018159919840413836 111.47812106139271 -0.9997218561892792 -0.019279641562269266 0.0135944495410778 -10.464044027849331 0.013239462523921487 0.01842027866894269 0.9997425348926793 2.4046279182768173
-0.01776038417395904 0.9997447360464383 -0.013954192318845428 111.47470771705656 -0.9997412065541829 -0.017558645501306872 0.014447206580524372 -11.139176123270547 0.014198503338123876 0.014207102915393472 0.999797829675266 2.4159963364285986
-0.016395318477593734 0.9997913488535426 -0.012213862173838658 111.46615840705728 -0.999750141416593 -0.01620661858345866 0.015388849745940935 -11.877839276147952 0.015187672067690491 0.012463080455365684 0.9998065370610524 2.432314680486199
-0.015872853348358903 0.9998004971124247 -0.01215330530030578 111.46487627310407 -0.9997473286675708 -0.01567625924232079 0.016110383534749393 -12.549628392964554 0.015916654212011383 0.012405948505309674 0.9997967125906799 2.447548978036998
-0.014772347655524608 0.9998218381514287 -0.011782628070020413 111.45430111060625 -0.999773573567235 -0.014589314203378211 0.015467640526914432 -13.299715838076988 0.015292970683300867 0.012008497325610356 0.9998108618589028 2.465954139661091
