1.0 0.0 -2.710505431213761e-20 5.551115123125783e-17 -1.0842021724855044e-19 0.9999999999999999 -4.336808689942018e-19 -5.551115123125783e-17 5.793705359219414e-19 0.0 1.0000000000000002 0.0
0.9999983429322916 -0.0015378145342645456 -0.0009733384815942024 0.0029988654227643408 0.0015401179688128597 0.9999960021864879 0.002370332195749832 -0.018407351651315462 0.0009696894058275545 -0.002371827326319109 0.9999967148812207 1.5307591765302244
0.9999967244754864 -0.001842564473283661 -0.0017743304583322695 0.01805769957040332 0.0018486897054968135 0.9999923138656953 0.0034567643897831725 -0.04223396263637785 0.0017679474608287128 -0.003460033325216164 0.9999924516588184 3.0628260514718075
0.9999932130963234 -0.0006424334832847029 -0.003628436182034498 0.002669932550418863 0.0006545187674004047 0.9999942363318056 0.003330522114649592 -0.06114026398908651 0.0036262753843622326 -0.003332874414731205 0.999987870571871 4.57898250352312
0.9999877431200453 -0.00039016462736578923 -0.004934765581121081 0.0077220817527265395 0.00040561035830661294 0.9999950224587142 0.003129371432286177 -0.06996192327957806 0.0049335199215917854 -0.0031313346981134615 0.9999829244212404 6.07799076644343
0.9999789700357269 4.490641954282468e-05 -0.006485855251400155 -0.00532480964397708 -2.2194010017422775e-05 0.9999938703515076 0.0035018679257071642 -0.09292045488032635 0.006485972503251795 -0.0035016503641932197 0.9999728396127657 7.601518261231158
0.9999694410462213 -0.0007688470285858844 -0.007779276944535212 -0.019175710300397886 0.0007971148530928865 0.9999930931683768 0.0036312896688104057 -0.10344896681523613 0.007776431063405439 -0.003637379669839543 0.9999631457854019 9.108782215232685
0.9999596564212941 -0.0018950801472482279 -0.008780411913928362 -0.01253186503733561 0.001921322158371781 0.9999937144159871 0.002981226300872943 -0.12523673334606727 0.008774706742048635 -0.002997976085892393 0.999957009162719 10.597576085824352
0.9999374376247738 -0.003278576029472607 -0.010694856804720801 -0.024664170157137344 0.0033107505904936335 0.9999900405947925 0.0029921184424299436 -0.13922377815759762 0.010684939233971003 -0.0030273393019603404 0.9999383317804337 12.105494001129319
0.9999263742756986 -0.0029775493309955672 -0.011763252383876167 -0.04480511774673912 0.0030156340494066603 0.9999902657433757 0.003221204510409817 -0.16070850339371406 0.011753545877947864 -0.003256441054172561 0.9999256199809257 13.599207393393398
0.9999142491365749 -0.0025642251595127345 -0.012842190686122247 -0.05321268959836628 0.002604133091389533 0.9999918286250448 0.0030918196441353414 -0.17057972359103485 0.012834157176169335 -0.0031249972984126895 0.9999127522383806 15.072438967569095
0.9999070177269413 -0.001467565987693214 -0.01355760292467372 -0.08032758360665149 0.0015184001775582965 0.9999918536980975 0.0037399700759974293 -0.19254839058242074 0.01355200291410774 -0.00376020819489964 0.9999010985749611 16.563687301330184
0.9999015209613143 -8.207105876484322e-06 -0.014033821745079307 -0.09309512694572902 7.104255404116744e-05 0.9999899791829273 0.004476937240650816 -0.2056386520752374 0.014033644150490104 -0.004477493374042243 0.9998914998557585 18.035110060199493
0.9998998664188724 0.0006449556730024746 -0.014136458283935942 -0.11330773640512304 -0.0005715371614629717 0.999986334917389 0.005196981156283339 -0.21588124359686672 0.014139616643976064 -0.005188381261114166 0.9998865686637388 19.51808978141586
0.9998866804672698 0.0010369277215005212 -0.01501829952944759 -0.13368399683038085 -0.000955809494221946 0.9999849208989624 0.005407461689584385 -0.2390366413882084 0.01502367909017201 -0.005392494374673543 0.999872598633768 20.98611534616529
0.9998899415438365 0.001544866649652637 -0.014755477944776262 -0.14061139022596636 -0.001464899185021401 0.9999841917996629 0.005428779270547853 -0.2502594504880398 0.01476363107082899 -0.005406566536252437 0.9998763966565006 22.457189871518434
0.9998788425965253 0.002366213448002697 -0.015385279417672664 -0.17102036239367668 -0.0022714585373442495 0.9999783620668119 0.006173357873511533 -0.2623864841741874 0.01539955395275206 -0.0061376629023115435 0.9998625853366631 23.908055383925426
0.9998813308882101 0.002897460921350156 -0.015130070943601593 -0.18877261383805766 -0.002789800604993011 0.9999706807361772 0.007131908929581834 -0.2724676455730666 0.015150290762803635 -0.007088852721865514 0.9998600983756125 25.36392018367614
0.9998835439200214 0.003542082700984205 -0.014844319747594904 -0.20436373047348505 -0.003451891973320095 0.9999754508810976 0.006096984606441895 -0.2902197243975726 0.014865550388103612 -0.0060450336120372915 0.9998712251988809 26.818239386322773
0.9998791314120226 0.0034695488207677643 -0.015155512225372765 -0.2317035226428797 -0.003408113093590021 0.999985874742882 0.004077628261305824 -0.3010997240074271 0.015169444844850433 -0.004025483755924759 0.9998768338450955 28.242533459472554
0.999892718636896 0.002606582360450654 -0.014413708349324872 -0.2477034047329007 -0.0025493783111329607 0.9999888096459775 0.003985665926544388 -0.31827567410381735 0.014423934944877152 -0.003948492308293901 0.9998881717171266 29.669754745820583
0.999905599315486 0.0008494950318809797 -0.013713777780064156 -0.25346981240504296 -0.0007657862871497558 0.9999810493004229 0.006108085164540998 -0.3317713397653575 0.013718706309385856 -0.006097006776227862 0.9998873013840913 31.08643912363161
0.9999025335245947 -0.0005450579052725474 -0.013951172619394589 -0.2761255147446674 0.0006521814920808636 0.9999703332390101 0.0076750698168028325 -0.34667779696046647 0.013946574850082731 -0.007683420503086531 0.9998732232363952 32.51250178134279
0.9999110819548973 -0.0013191532525174163 -0.013269701195509517 -0.27996287182443913 0.0014147801229965123 0.9999730799427304 0.00719960487164378 -0.3587915685268435 0.013259847012434592 -0.0072177385253847535 0.9998860381023724 33.909311747348454
0.9999115287829836 -0.0013815516893173228 -0.013229664984224409 -0.303684862161972 0.0014540284412691764 0.9999839812406339 0.005470307527127377 -0.3726890036712961 0.0132218951205221 -0.0054890598892188384 0.9998975199763824 35.3000078877653
0.999919418409293 -0.0008082382329342859 -0.012668768296625364 -0.3225630278190188 0.0008678596947451371 0.9999885695645864 0.004701389461045017 -0.38490786020343176 0.012664823109551566 -0.004712005304169098 0.9999086920261209 36.66502307629711
0.9999358134160156 0.0003255934294838765 -0.011325078212718057 -0.33070616966478233 -0.00028414802991718127 0.9999932559125816 0.0036610290586110376 -0.4111649426559737 0.011326193682107287 -0.003657576116446446 0.999929170671403 38.02452969070794
0.9999428607593566 0.0008135122211483451 -0.010659169210580278 -0.3463442771960213 -0.0007638766731890501 0.9999888552111269 0.004659847163433508 -0.4210305470301316 0.010662840908229228 -0.00465143861720881 0.9999323340295163 39.361639136282605
0.999963176880242 0.0007403209298710965 -0.0085499385933013 -0.35717239571222803 -0.0006828270105331018 0.9999771548029966 0.0067254426817365655 -0.43755613264437365 0.008554721795821391 -0.006719356790707443 0.9999408283167615 40.686847851628386
0.9999791187025119 0.000727718396153481 -0.006420665032756411 -0.35409189447475664 -0.0006765630062750861 0.9999680443811664 0.007965876314229504 -0.46069947918227305 0.006426256509078981 -0.007961365974885157 0.9999476569163219 41.99052300609509
0.9999896637208617 0.0008953110725585207 -0.004457296331283596 -0.3738776594154544 -0.0008570529051222035 0.9999628468599655 0.008577782183307965 -0.46898475442817744 0.004464810339219429 -0.008573873447377055 0.9999532794191727 43.27661287670043
0.9999996061241662 0.0006030763010045503 -0.0006546576400279021 -0.3615305257380768 -0.0005976535860765704 0.9999657742889532 0.008252091091319576 -0.48367900354321514 0.0006596118560616361 -0.00825169665742021 0.9999657395868808 44.54701012103621
0.9999967346134954 -0.0002581194464607474 0.0025436167178511104 -0.3585092379892124 0.00024146814043098292 0.9999785523521827 0.006544433749368623 -0.499472419607402 -0.0025452513980520905 -0.0065437982492459225 0.9999753530343222 45.78990505384306
0.9999757675647141 -0.00015048433853442184 0.006959579999852079 -0.34513353678085196 0.00011653181342592418 0.9999880963603983 0.004878679948585504 -0.5130677379417126 -0.006960231082074392 -0.004877750748795593 0.9999638760748878 47.02287875875902
0.9999533230298868 6.252212525459497e-05 0.009661826540541827 -0.3409054598105097 -0.00011281082351931565 0.9999864552786013 0.0052044285435512375 -0.524879032552336 -0.009661369868058031 -0.005205275555187871 0.9999397816915118 48.23490048708067
0.9998794786856324 0.0003392992350446907 0.015521574030803547 -0.3184310566712677 -0.0004223046392986628 0.9999856275742278 0.00534477962548873 -0.5450278379246492 -0.015519536855442443 -0.005350690358157049 0.9998652437401399 49.45586814424527
0.9997564668251163 0.00154485744092778 0.022013919567434242 -0.285140940277663 -0.0016409000468434625 0.9999892101990264 0.00434541951392973 -0.5571168850630046 -0.022006968185851912 -0.004380483974087839 0.9997482229758573 50.65938299457656
0.9995496013958433 0.003327538845564633 0.0298249255472284 -0.23949418687280372 -0.003458106935341556 0.9999846538471828 0.004327310685143101 -0.5730065691545712 -0.02981006728692382 -0.004428499552128577 0.9995457747569737 51.85704100875901
0.9992792888885216 0.004403871951211087 0.037702979437714314 -0.2117970204519301 -0.004618671918797625 0.9999735877628313 0.005611963236110706 -0.5881153804969976 -0.037677267393602436 -0.005782056291821576 0.9992732333486473 53.02074320820251
0.9988065016218846 0.006255528116849605 0.04844005262091849 -0.15003128909776164 -0.006560965062475076 0.9999595662798821 0.006149035610489949 -0.6008350246842986 -0.04839962763731664 -0.006459510374799414 0.9988071620982333 54.190580599587406
0.9980938326857516 0.008817890889528753 0.06108148895584645 -0.08694370393584067 -0.009218813941066486 0.9999377579033982 0.006285042528407404 -0.6167298511298036 -0.06102226344476283 -0.006836161074144384 0.9981129994108503 55.33379283886469
0.9970449601617304 0.011127150690240818 0.0760100965666998 -0.001143885347341278 -0.011687705593629319 0.9999076569893268 0.00693389386086356 -0.6313037614996655 -0.07592591942631575 -0.007801787613438648 0.9970829428489428 56.459606879921495
0.9956174886193234 0.012670631105298953 0.09265678991639702 0.09906035058998164 -0.013488287495904114 0.9998753723731768 0.008203641967042758 -0.6375150777022589 -0.09254129412457231 -0.009417470790584472 0.9956643090074997 57.58072152153614
0.9938940823769945 0.013009479650978994 0.10956873574149605 0.2190258432148784 -0.014111357910634769 0.9998572990745631 0.009287071277679164 -0.6487179482743077 -0.10943228058564175 -0.010776528413921033 0.9939358385484426 58.67958281245708
0.9915921530946955 0.012653614905709272 0.12878232957001354 0.36529415026792494 -0.01396265460519035 0.9998595716120083 0.009266965468288731 -0.6653946257214619 -0.12864697377842654 -0.010987193043838649 0.9916295852932961 59.76575123920817
0.9886797253585966 0.011569954565927585 0.14959458263016423 0.5323007551696236 -0.012883744234149492 0.9998864482060302 0.007816165792232814 -0.6710155293481217 -0.14948716155634978 -0.009655023046867509 0.9887165264353733 60.849772290146696
0.9854187116187729 0.00916362221086999 0.16989993584473922 0.7179651706823611 -0.010633677058705016 0.9999134669904159 0.007744533025673469 -0.6756132890865238 -0.16981426196574456 -0.009438268977899619 0.9854308913908113 61.895157343816294
0.981305841341265 0.003999926854812673 0.19241320949231705 0.9326191662325913 -0.0059839629169754745 0.9999347448304342 0.009731308098940185 -0.6882031062486615 -0.19236171809835276 -0.010700783199615094 0.9812657438283008 62.948167787639804
0.9765867882512046 -0.0017651218004909352 0.21511655976133315 1.1628889429155382 -0.0006860619649253618 0.9999356952506662 0.011319479316246652 -0.6879959296397546 -0.215122693562602 -0.011202036997648221 0.9765227764981292 63.96329591043154
0.9710227144661473 -0.007294825485007204 0.23887584978390025 1.4178383298206032 0.004831562682692526 0.9999289631764392 0.010895826988522574 -0.691739107927243 -0.23893835167488137 -0.009425952446907462 0.9709889823574133 64.9638489272543
0.9642515316641737 -0.012529494754381379 0.26469227758156005 1.7154295063858687 0.010310365317165884 0.999899105945222 0.009771517364436766 -0.7090173860327476 -0.2647879894865266 -0.0066931264885532376 0.9642834223906045 65.94070091124969
0.9566737785559659 -0.016747161516234985 0.29067993275596854 2.0078704362151707 0.014268733362158496 0.9998415372518418 0.010643954904425533 -0.7102555555412442 -0.2908121213495999 -0.006035157759142387 0.956761144192192 66.9061916341501
0.9478910158090692 -0.018941992010706194 0.318031177041223 2.335262804692621 0.01566176995475089 0.9997945363998624 0.01286807600477275 -0.7077978413272852 -0.3182095694482127 -0.007216602520351955 0.9479929277910685 67.85552024737004
0.9381516193793286 -0.024063617239124285 0.34538744479383243 2.6909279063650557 0.019889580475185055 0.9996800940779447 0.01562441434683284 -0.7065412736840327 -0.34565292155245253 -0.007788457985610199 0.9383301065427267 68.77752436188
0.9271110394677861 -0.02756998120912145 0.37377134689590386 3.055510928948121 0.02333414499923107 0.9996020045465561 0.015853714492449638 -0.7159067432567283 -0.37405966237941723 -0.005976518854629454 0.9273853759856581 69.67342919921605
0.9148773244580852 -0.027041448986578176 0.4028253198302255 3.465999682592872 0.02425007227713972 0.9996335438375606 0.012029277374810715 -0.7102246490316281 -0.4030029836641456 -0.0012367704152310061 0.9151978317043541 70.56171791686828
0.9018114694158333 -0.02759843206004404 0.431247487463608 3.8776847203004468 0.026967686512774394 0.9996075823336701 0.007577625106535554 -0.7182960376620846 -0.43128737839328163 0.0047961579318492095 0.9022018582504967 71.41753130384086
0.8873613810917588 -0.02951563829065374 0.4601289225215597 4.32184686938869 0.03046359517265502 0.999521471573471 0.0053665308172300245 -0.726807074117967 -0.46006711591806265 0.009255128789007422 0.8878358973347702 72.24980260205477
0.871142460867398 -0.030772272913592878 0.4900651893061209 4.799181482361768 0.03052705728424685 0.9994978343681143 0.008495611486751745 -0.7354827695000746 -0.4900805133049589 0.007559360192328499 0.8716443847644878 73.07853524099578
0.8536754195306011 -0.030345399748319797 0.5199206092920036 5.280867748977486 0.02684480011715861 0.9995378870903509 0.014261080408076865 -0.7282930846282243 -0.520113080000389 0.0017828307438810611 0.854095543379048 73.87080762576736
0.8337405612286801 -0.030670037241845045 0.5513039458232951 5.816694524529332 0.025305557627017947 0.999529439165802 0.017335871117541406 -0.7157790790233194 -0.5515761896849775 -0.0005025648264069199 0.8341243596055179 74.65150410981113
0.8125493434339612 -0.024944387650101253 0.5823584375224548 6.348280029999129 0.020815248170657184 0.9996884078358794 0.013777079583683492 -0.7303648652942053 -0.5825206164519402 0.0009273784999794359 0.8128153887301595 75.40039709802463
0.7904533860666043 -0.01804896811175357 0.6122562385604319 6.917706038610122 0.017021005764677105 0.9998270061924829 0.007499367180043144 -0.7394407574134474 -0.6122856552633935 0.004493316557363283 0.7906238577409129 76.1271529099284
0.7677185679663749 -0.015683734829901076 0.6405952200142071 7.525105242607685 0.015673328689568163 0.9998609453324008 0.005696027409749567 -0.739574089269853 -0.6405954450043295 0.005667313171351862 0.7678576267012243 76.82737815214345
0.7444030770751803 -0.018281429400173577 0.6674802386521059 8.121957377518587 0.01685998566514234 0.9998210438624601 0.008580827739317133 -0.7462550937216695 -0.6675176289664974 0.004866112330622648 0.7445780790623596 77.48572903548387
0.7195536024457703 -0.018955361909452604 0.6941781695628113 8.749669388328662 0.017466673431840392 0.9998051535215094 0.009195709422414213 -0.7368817266653558 -0.6942171980573456 0.0055081776661044125 0.7197444840327204 78.12471362854309
0.6939190414631177 -0.017582844730626834 0.7198383383314092 9.416556177642816 0.018092893618930694 0.9998119442966233 0.006980087176699273 -0.7590938407797303 -0.719825670428347 0.008180342773036205 0.6941066642402589 78.75374318080615
0.6673763759264173 -0.015253396787259494 0.7445643877921582 10.080711830447317 0.0171152100461405 0.9998402961184495 0.005142165604771943 -0.7656010588565478 -0.7445238971266867 0.009311616189751301 0.6675308579551331 79.32996944648323
0.6403048059804438 -0.012994120495923321 0.7680110198447154 10.780874954068958 0.015347154355774738 0.9998737313587571 0.004121844977327636 -0.760131496619895 -0.7679675695925662 0.009147546427923628 0.6404233826607991 79.90579787700216
0.6122775872659307 -0.01170720641634935 0.7905562101887702 11.481947758893208 0.01565269066134143 0.9998738855057994 0.0026841081641655593 -0.7674259982991334 -0.790487903959431 0.01073091216526866 0.6123836172282698 80.43766303366164
0.5833089592340639 -0.006178406643803657 0.8122268825797534 12.208699475563236 0.014522263417613772 0.9998905558661635 -0.0028233935090460787 -0.7797709353241623 -0.8121205162563054 0.013442283128527606 0.5833348548997728 80.95414899706054
0.5533378845963093 0.00287745583435291 0.8329519399174432 12.97556497393078 0.01267359330203213 0.9998491911422263 -0.011873195753867288 -0.7950519188770501 -0.8328604508971473 0.017126383633816935 0.5532179742614644 81.43962183480383
0.5225315035613673 0.010805023505999527 0.8525515247072843 13.729587065100343 0.011089374886059877 0.9997489927109992 -0.019467279761454178 -0.8214664375262902 -0.8525478426387106 0.01962652953406525 0.5222805237276335 81.89965298947286
0.49038966051442573 0.015763344450076447 0.8713607341694238 14.517094439090375 0.008311459622319856 0.9997063433383986 -0.022762753548596373 -0.8437044108959278 -0.8714636319177369 0.01840489869116608 0.4901146461471757 82.33850968608132
0.45768946332329463 0.015514310292002828 0.8889767634592075 15.346428347090567 0.0058947052646677305 0.9997728264956114 -0.020482796566224353 -0.8704372826070144 -0.8890925588154677 0.014615015335971765 0.457494030181094 82.75781509029194
0.42448039136859345 0.013544328568332398 0.9053358364471764 16.166664450827806 0.0023074525042541425 0.9998686807099278 -0.016040475481711804 -0.8913439766728937 -0.905434170458116 0.008897886577651977 0.4243933979214788 83.1349182219983
0.3899794738364827 0.014493791865145865 0.9207094926840972 17.026114212587096 -0.0028113249231209694 0.9998902025490349 -0.014549476651135674 -0.9186461199960545 -0.9208192380370043 0.0030855832414784313 0.3899774036144822 83.4979871923384
0.35497416301971657 0.016570085492729328 0.9347292710655842 17.867912222857807 -0.009650144778351792 0.9998545890656619 -0.014059817198935148 -0.9478530073020828 -0.9348262869455989 -0.004029400898715483 0.35508244791462146 83.81481683032234
0.3189645304040582 0.018769204550678306 0.9475808074084764 18.7545975241047 -0.015757924711355592 0.999770713820909 -0.014498691062190901 -0.9621479965090599 -0.9476356325803484 -0.010307339701072187 0.31918715577503276 84.11351732375935
0.28232707521431105 0.017663758656003396 0.9591555929627245 19.654264917782008 -0.0181330813805782 0.9997500984631479 -0.013073879168416503 -0.9832360887075837 -0.9591468012919958 -0.013701337108711492 0.28257681632254095 84.37729543689012
0.24532575605366788 0.017091462133061425 0.9692900394123277 20.55009617929909 -0.019391627885480437 0.9997310464343879 -0.012720236437249722 -1.0045246632975908 -0.9692467163297344 -0.015675510838345036 0.24559120751194424 84.60031306290514
0.2091647956678103 0.015961447450217138 0.9777501500451585 21.474015305684226 -0.018932906032008496 0.999745458505239 -0.012270298869302476 -1.032704218702728 -0.9776970933810966 -0.01594513729875911 0.20941375582695065 84.7881524571882
0.17392146114320559 0.015101986500962537 0.9846437430226979 22.415544953007416 -0.017033349043726578 0.9997789452060329 -0.012325455771386303 -1.0420294608900997 -0.9846121899176606 -0.014628119556753477 0.17414025365076138 84.93532381725458
0.1394576502408018 0.013413608636226091 0.9901371953900746 23.346906594099647 -0.009625391667223131 0.9998793689830733 -0.012189881575233366 -1.0674806405635802 -0.9901812302843369 -0.007830485927212623 0.13956994077612478 85.05443218653382
0.10506855974227494 0.0161902394114708 0.994333201504622 24.307677677140447 -0.007043069208220429 0.999854501853207 -0.015535917552386046 -1.0987129075857185 -0.9944400237107702 -0.005370821964243209 0.10516729840451802 85.13664006045127
0.07288103562700338 0.02178036482997972 0.9971028044225118 25.252155082947464 -0.006838834799036872 0.9997489210199951 -0.021338295636140054 -1.1023806989313794 -0.9973171724966075 -0.005263864706977331 0.07301169035300148 85.19446419451987
0.042970275823241116 0.024229030020973562 0.9987825338387937 26.209623103079107 -0.0019561140253768193 0.9997060167454429 -0.024167274579846992 -1.1553652156727927 -0.9990744148842119 -0.000915258613951222 0.043005039431315895 85.22260640199075
0.017258664468058075 0.023146580667704496 0.9995831172563305 27.186524117577548 0.0011737528127638002 0.9997308446930646 -0.023170267157276585 -1.1775536883202529 -0.9998503514762916 0.0015731508226085034 0.017226852838877278 85.2323650577498
-0.0044721937152892325 0.020000539248115783 0.999789984985495 28.152531457126337 0.002524374360319353 0.9997970020342105 -0.019989387017352787 -1.1979590206717146 -0.9999867975127958 0.0024344472694821087 -0.004521773718921369 85.2242144504436
-0.023886277097724628 0.017973507692917383 0.9995531137340732 29.12939143820901 0.005134698494985379 0.9998273937411418 -0.017855735987276414 -1.217925616384961 -0.9997014804809067 0.004705896363917289 -0.023974441643417218 85.19894876028025
-0.0419251882857888 0.019884515118231513 0.9989228782305933 30.114255759855816 0.005302526633677387 0.9997922834130766 -0.019679271814609697 -1.2551378589914277 -0.9991066647150837 0.004471757437856054 -0.04202191612728785 85.14580358803858
-0.0562551076796891 0.02489798461580743 0.998105949873137 31.08740924378871 0.008121742609195964 0.9996673529455499 -0.02447917681804282 -1.273223733179761 -0.9983833702419529 0.006729280360255664 -0.05643860826586091 85.0766974912775
-0.06826456067776628 0.029072192079641835 0.997243594768943 32.07339188633334 0.011106491633032468 0.9995355347073879 -0.028378731869484173 -1.3150665305079317 -0.9976054078769429 0.009138615435963771 -0.06855574402962164 85.0107873225206
-0.07759069522265556 0.033621335470746826 0.99641825143512 33.06726570292458 0.017630249050272113 0.9993212093945112 -0.03234642697525812 -1.3468216047665407 -0.9968293797690427 0.015057319804259391 -0.07813077917185571 84.9172089187046
-0.08317393648997794 0.03828276548698444 0.9957994616443661 34.04467413275741 0.020926641976876475 0.9991085894670163 -0.036662088481612835 -1.3897925145401775 -0.9963152743368618 0.017789408716532125 -0.08390092297703843 84.81232214075307
-0.08703324623256149 0.043489959224585845 0.9952556794719376 35.045398647578274 0.02284860008004799 0.9988709815190396 -0.041649870135976395 -1.4314330963739608 -0.995943331600999 0.019115275252118542 -0.08792866828647825 84.73775422140875
-0.0899327881156784 0.04706126466618247 0.9948353430292635 36.044748636993496 0.023884556794935646 0.9986975975767746 -0.04508481481070573 -1.4884807941323344 -0.9956613766845034 0.01970659771844095 -0.09093969546109616 84.62498326767418
-0.09235223463011523 0.05030823854237829 0.9944547200955312 37.04132616079757 0.025224834710675468 0.9985205183003445 -0.048171362411498636 -1.5349321572576948 -0.9954068192361587 0.020636222499700173 -0.09348461667022935 84.52560569167244
-0.0953438378323354 0.053692097000182216 0.9939953493799579 38.04484283901275 0.02638043122920192 0.9983298802204962 -0.051395827189393804 -1.5953743017425952 -0.9950947677887997 0.02132174958341864 -0.0966010223881609 84.42632421582442
-0.0966628816683788 0.057439815866146264 0.9936583909481101 39.043532838943605 0.02710151474420592 0.9981151218302318 -0.055061012916264855 -1.6559744408078472 -0.9949481178103059 0.021607290336140453 -0.09803738816185298 84.31526188953771
-0.0998353328383943 0.05855300439221368 0.9932796614395855 40.06341783296051 0.029125733906987115 0.9980112111269017 -0.05590447422626643 -1.7206801547127617 -0.9945775783026813 0.02334875723087321 -0.10134218028850754 84.20694104701808
-0.10163384636349819 0.05790079438454459 0.9931354854895726 41.07009908760623 0.029586063804801048 0.9980391540919274 -0.055158952488975864 -1.7752868764169234 -0.9943818158608236 0.023776952364667175 -0.10314761772842938 84.09976090438968
-0.10366902078492868 0.05760350345050263 0.9929423956561101 42.08380730679559 0.030752181794159197 0.998029824282505 -0.05468793078543647 -1.8433043394424997 -0.9941363056822698 0.02486570053088453 -0.10523621349757634 83.9880764751547
-0.10580527433947418 0.05849309815181611 0.9926650161108732 43.108792320948595 0.029569217414883914 0.9980120335212557 -0.05565647531692552 -1.90979283187652 -0.9939471195575269 0.023463578613072078 -0.10732452918178165 83.8666202170237
-0.10836173260324908 0.0603525780817135 0.9922778571175813 44.12671611247884 0.027889202130236206 0.9979471291410419 -0.05765175435387005 -1.969697614442727 -0.9937202258461553 0.02142659298646124 -0.1098224665377929 83.75700722941754
-0.11059780863973029 0.06288346922978079 0.9918738987155763 45.15537677192273 0.026873219132470014 0.9978206683833487 -0.0602640164564906 -2.037442369768287 -0.9935018419211599 0.01998977572357585 -0.11204665974361855 83.63063764337828
-0.11322164824189823 0.06629637395336825 0.9913554791378935 46.187129745305064 0.024305792008039912 0.9976575931867798 -0.06394188506772097 -2.110022710960253 -0.9932723898933721 0.016856073993063117 -0.11456782494488166 83.5138772332414
-0.11519617206092388 0.07041609626451736 0.990843805265406 47.21871974710387 0.020818751873589513 0.9974363281665941 -0.06846420292342668 -2.1834475808185125 -0.9931245542284018 0.012741316887982301 -0.11636682610567034 83.39299443999809
-0.11822723839967225 0.07260534097757765 0.990328646323565 48.2569906373186 0.017868670032851492 0.9973173558301471 -0.07098451920253931 -2.2636437211558755 -0.9928257632749904 0.009303551579002327 -0.11920743743047492 83.2559426906973
-0.12129920474743365 0.07085934132183125 0.9900835773198415 49.30047868086957 0.015457385821516553 0.9974626324854843 -0.0694937041944336 -2.3485143402184327 -0.9924956060201126 0.006874572473687531 -0.12208671773805062 83.11979555517685
-0.12352369900714034 0.06762429985295286 0.9900347871950059 50.358941373721855 0.013999298652786667 0.9976948170928017 -0.06640086667389265 -2.4137588323879524 -0.9922428496608956 0.005657711546080763 -0.12418564808566132 82.98390700400422
-0.12598247853768565 0.06542800374074545 0.9898725361093884 51.409618095506104 0.013964888781340317 0.9978407967895716 -0.06417735331028356 -2.5001040110076316 -0.9919341559214742 0.005738236739960139 -0.12662414825188612 82.86586618128653
-0.12832679099178537 0.06570093502730635 0.9895532655397551 52.45917366178537 0.013858257105204531 0.9978245150074379 -0.06445294123267206 -2.57218250035411 -0.9916350902680305 0.00544244330174709 -0.12895812401565246 82.7287982582861
-0.12900516067152712 0.06864207503210887 0.9892653711245009 53.5195386759596 0.014517491310396985 0.9976252084104202 -0.06732898377712984 -2.650407355560414 -0.9915376298535794 0.005675864776437061 -0.1296953077388933 82.56600163657664
-0.12987095798005777 0.0708264117367941 0.9889980737105156 54.57729169408987 0.014202569405295878 0.9974760706138922 -0.06956853619395457 -2.726903663122552 -0.9914291617736839 0.005011381063990626 -0.1305490826338346 82.41614940229708
-0.13042483921178594 0.07182833641511349 0.9888529182942329 55.64711334665445 0.013357807168385196 0.9974090311519873 -0.0706880054172474 -2.8125001956605784 -0.9913681887771436 0.0039894345601289615 -0.13104638194020135 82.28223203068947
-0.13005670423672688 0.07060902104410893 0.9889892133135308 56.71833950495146 0.010620487500703093 0.9975030512713798 -0.06982022289528746 -2.8892841661654094 -0.9914496571955935 0.0014229587360712057 -0.1304818570346529 82.13575955253832
-0.13023872265841643 0.06999445659613845 0.9890089446136384 57.79356152058582 0.007516659337127695 0.997546047909157 -0.0696088070699725 -2.971689084985266 -0.9914541511655743 -0.0016317194152089373 -0.13044524525074067 81.99527369838664
-0.1301758256138558 0.07074741342163988 0.9889636491489395 58.87503462395505 0.00310370902872525 0.9974752082657571 -0.0709477661635959 -3.061445348197147 -0.9914860513521911 -0.006166229612238064 -0.13006674265190124 81.84538001665051
-0.13051299320720286 0.07077495930922151 0.988917238512594 59.951996006113774 -0.0013313016465489158 0.9974353829828168 -0.07156028681346865 -3.1433834551205155 -0.991445689016483 -0.01065609514431296 -0.13008405977561402 81.71194185519423
-0.1313647262558054 0.07005893865434513 0.9888554442772883 61.04239961037009 -0.004645272782227064 0.9974452036188822 -0.07128461146588329 -3.2338062882986804 -0.9913232015129811 -0.013957787725645775 -0.1307036773630769 81.57751449951607
-0.13101874131497754 0.06489828078511735 0.9892534268734893 62.13369686786211 -0.00517564564257671 0.9977966545128635 -0.06614421697643723 -3.309461784784192 -0.9913663655189962 -0.01378615857996422 -0.1303941731978859 81.42480695497727
-0.13171419863172174 0.05721672350866071 0.9896351125696381 63.231800067616945 -0.001077992084394175 0.998323972444718 -0.057862552258431205 -3.379921861411105 -0.9912871327605995 -0.008688139508139658 -0.13143176381299648 81.28345621770443
-0.1316736129227182 0.051965462028504314 0.9899301396709148 64.34805565197686 0.005870931737581558 0.9986483893310121 -0.05164220797810965 -3.438710655005325 -0.9912757185370055 -0.0009881044156116944 -0.13180072640829382 81.12148609549781
-0.13063102275664024 0.05375788400837894 0.9899725537240913 65.44121770211191 0.012971241559556175 0.998536083028928 -0.05251129355570801 -3.510223098977987 -0.9913461784807247 0.005981568305437441 -0.13113710027228787 80.96672732403786
-0.13003012389488047 0.05915399331915621 0.9897439143485792 66.54492743283558 0.017156850585824716 0.9982035075699559 -0.05740557228394789 -3.585006312593916 -0.9913615803004824 0.009516434527893964 -0.1308114136750754 80.79897521620323
-0.12868860140095253 0.06492083374760947 0.989557766046202 67.65865255197151 0.020845589949011378 0.9978114695387187 -0.06275142726702652 -3.64550895920388 -0.9914659199331076 0.012552521572227247 -0.1297602681377662 80.64261634674672
-0.12804492264295653 0.06807155888589284 0.9894295334223829 68.77087836489655 0.02095853219829996 0.997604664319812 -0.06592169466300643 -3.751187675495658 -0.9915468742618789 0.012296052338318412 -0.1291648916768556 80.48042000832369
-0.12818570840871954 0.06724995684551228 0.9894674907170942 69.89708363749756 0.01920827993957599 0.9976795047435852 -0.06531965591517398 -3.810096287845137 -0.991564131202519 0.010632921499064056 -0.12918000633486576 80.34318209540616
-0.12731921288408315 0.06281286188145273 0.98987089622729 71.02924506768566 0.018460409636057787 0.9979699548297674 -0.06095237548169577 -3.882226439226813 -0.9916899666032083 0.0105130132639043 -0.12822029194568432 80.18662389253822
-0.1272114096820656 0.06021744449330218 0.990046034455412 72.16366720660554 0.01695215721211514 0.9981416044710039 -0.05853165026113484 -3.9601301154969684 -0.9917307371368537 0.009337521909849399 -0.12799581478893834 80.05491599403116
-0.12752798513517677 0.061087170336470244 0.9899520181657413 73.3069380417177 0.014764348108634409 0.9981078599978753 -0.059688464801943016 -4.031857586421009 -0.9917250609717974 0.007004045709522448 -0.12818859486269846 79.89634622690768
-0.1267646935912202 0.06511857825066826 0.9897930664893367 74.43818595042818 0.014319982357377147 0.9978589872713739 -0.06381524660864688 -4.118008607139541 -0.9918294313548053 0.0060842989208071165 -0.1274257836801538 79.74323063498713
-0.12675443550841337 0.0687231756049184 0.9895506437662519 75.58957211110425 0.015564708163095863 0.9976120966288938 -0.06728930468318615 -4.196785724226314 -0.9918119894796277 0.00687284873317055 -0.12752141112048054 79.59753512600521
-0.12624293035721193 0.06719456864592388 0.9897209950522611 76.72760063182085 0.013580855473888606 0.9977268136682247 -0.06600580888563914 -4.284740881543144 -0.9919063669556132 0.005108490447843557 -0.12686851331101287 79.44352345155453
-0.1255126189726882 0.06128459833555555 0.9901973631331463 77.88161728522454 0.017119838814299564 0.9980753948468698 -0.05960215137079484 -4.350443678929437 -0.991944277476692 0.009471196030778372 -0.1263202358741818 79.28504467814008
-0.1261560496177702 0.05935747826470897 0.9902329934087574 79.05203189157145 0.01659575275025843 0.9981948357570393 -0.05772042861468298 -4.4324898909563775 -0.9918715610812082 0.009151880307296762 -0.1269134061392692 79.1387308617969
-0.1255524048041265 0.06180108660850655 0.9901602197577455 80.20158152195917 0.013689098085839058 0.9980707461078137 -0.060559044424100796 -4.508800233725164 -0.9919925216844242 0.005951066414230265 -0.12615618130368716 78.98597642896411
-0.1252760871819562 0.06508012984616468 0.9899851118693384 81.36613027435705 0.012764911232319912 0.997869340424781 -0.06398311162179442 -4.586285983929907 -0.9920397759962692 0.0046215173591816075 -0.12583991324282495 78.83395312297888
-0.12557702523561248 0.06458090035873722 0.9899796793828662 82.54974447772942 0.012001491960962524 0.9979048657260662 -0.0635755306409136 -4.670780727411049 -0.9920112561646691 0.003897606829960031 -0.12608899049045366 78.68287015635289
-0.12554148697407438 0.061569781492451285 0.9901760084182156 83.72791667217399 0.011853548080453963 0.9980942169652295 -0.060559263162197195 -4.7417823548797715 -0.992017535091641 0.004134398492014334 -0.12603204999115522 78.54159600946127
-0.12437415964158006 0.06012119997469252 0.9904123107511827 84.90004534073879 0.012680993520158092 0.9981774288621971 -0.059000111147806955 -4.8250582088964356 -0.9921543320887524 0.005221322237897585 -0.124909879220617 78.3837012738435
-0.12365059382044022 0.06051542264026781 0.990478895452815 86.10074279383915 0.01410075379933652 0.9981451542859365 -0.05922348144807351 -4.9044747154526345 -0.9922256104809173 0.006643479639244344 -0.12427455046549635 78.22257025594803
-0.12237428755485281 0.060670976276759915 0.9906278864554016 87.27422757083555 0.0162861408735371 0.9981181462868836 -0.05911785648734394 -4.982346380456036 -0.9923503700593334 0.008898999150596533 -0.12313209873203083 78.06593220236212
-0.12222086174695655 0.060879602374260926 0.9906340209488501 88.48407306754565 0.016342826254713817 0.9981050844721246 -0.05932241828731809 -5.056007298424871 -0.9923683484629996 0.008939322143312571 -0.12298421272516824 77.9112088026539
-0.12051587769882698 0.06058958182637047 0.9908606683333803 89.66612075533219 0.01610086400078114 0.9981236681740333 -0.05907539481793179 -5.1419632186038156 -0.992580798065637 0.008834189016756581 -0.1212653004752064 77.76966624163067
-0.11936495852241318 0.059424435638056015 0.9910705182912777 90.86886962776737 0.01853361127638333 0.9981666741447447 -0.0576177237217734 -5.2134251669362275 -0.9926774289970637 0.01149057777385057 -0.12024747562233157 77.61106795432832
-0.11814892454451337 0.05848151910896656 0.9912723001871728 92.09894156466828 0.016409358129346543 0.9982429117698 -0.05693694168218736 -5.295183885290965 -0.9928602718769741 0.009539103667368081 -0.1189009672252867 77.46635993562676
-0.11666020984032595 0.05816518907842442 0.9914672141350475 93.30164524703797 0.01820931296023788 0.9982410522782954 -0.056419996681310605 -5.369155609322822 -0.993004920908977 0.011471967602154423 -0.11751415243796962 77.31142683409037
-0.11476090025810687 0.05839558711951617 0.9916753109588146 94.52610206214685 0.01643956271849578 0.9982456609457792 -0.05688003017069081 -5.440429311943896 -0.9932570818497672 0.009775104906813692 -0.11551957068767242 77.1716078826138
-0.11331203186855904 0.06102279333414165 0.9916837388803728 95.7722697503389 0.01552247332735651 0.9980990227922217 -0.05964392132095056 -5.531517510940049 -0.9934381684593534 0.008635009949416576 -0.11404385092366275 77.01920456968332
-0.11174121845527353 0.0603800245721726 0.991901295128044 96.9809900744329 0.013474785134118773 0.9981526688584667 -0.059242580613616265 -5.602018966238272 -0.9936459560539724 0.006745817823186749 -0.1123484004031932 76.88662791534406
-0.11160152560126753 0.058812361542248774 0.9920112106498546 98.22858474031774 0.01128542491799491 0.998257838152806 -0.057913085056979625 -5.681827707801658 -0.9936889389234773 0.004732078658478385 -0.1120708225515384 76.7380588628675
-0.11084013809780723 0.05926618964177816 0.992069567217382 99.46296640543564 0.007755146542538851 0.9982415181813327 -0.058768449167536534 -5.770471512656214 -0.9938079689990974 0.0011797413331762444 -0.11110484008352556 76.6008146954818
-0.111848308069956 0.058975409209617004 0.9919737380791519 100.70540501226954 0.004752744574911233 0.9982576984592336 -0.05881311840460814 -5.8501754526026515 -0.9937139108563137 -0.0018635504138340164 -0.11193373038927762 76.46595883720808
-0.11290154553344794 0.056599590470979434 0.9919928224670568 101.96330441562569 0.0032948859054209613 0.9983920801102725 -0.05658970789868427 -5.928197248464768 -0.9936007036964493 -0.003120562818983766 -0.11290649457682461 76.31647810186473
-0.11372285685654482 0.05497876902508546 0.9919901579622421 103.21939379689222 0.001028030400645822 0.9984736648999878 -0.05522024651695451 -6.006189545605145 -0.9935119630454756 -0.005260008985715561 -0.11360579804344316 76.1832092391896
-0.11553610811765376 0.05403429330719379 0.9918325140897769 104.46802627329382 -0.0010405390906427245 0.9985121667393912 -0.05451940437558231 -6.085800709096988 -0.9933027184266161 -0.007331001232236051 -0.11530798862173762 76.02134158148324
-0.11730396525872137 0.05419606886611705 0.9916161562653854 105.7180830571752 -0.0013219310126364571 0.9985003861202069 -0.0547286994480567 -6.165680269931468 -0.9930951607302859 -0.007730741766016341 -0.11705641086148552 75.87262371253992
-0.11937807851829994 0.052484926638419326 0.9914606586939001 106.96724228897196 -0.0024287873472425697 0.9985833536515816 -0.05315442095576889 -6.2544392631368275 -0.992845883823434 -0.008753520188719595 -0.11908148513328182 75.73048671032134
-0.12297280217095785 0.04889703842340679 0.9912047280536616 108.22230275491945 -0.0024016558493331125 0.9987678572189918 -0.04956809310717018 -6.312041545063751 -0.9924071182646191 -0.008476061021576511 -0.12270385504803402 75.56060589140138
-0.12653213866650473 0.048190010005237746 0.9907912909708494 109.48033821063085 -0.0033169401238883726 0.9987931310630486 -0.04900280300670086 -6.38500991277532 -0.9919569411402805 -0.009486826042817779 -0.12621959239654387 75.40539688410531
-0.132389723024948 0.05301053596334504 0.9897792048092457 110.71806856105286 -0.008689976819125585 0.9984683992136992 -0.05463825412830219 -6.474971139427082 -0.9911596316669461 -0.015834702220792956 -0.13172629618875123 75.25099074544454
-0.14005950678315476 0.055623567789301914 0.9885794841864911 111.94749953516627 -0.013894620573965073 0.9982120820922751 -0.058134112472307965 -6.551665727264342 -0.9900455696370289 -0.021878172822920025 -0.13903621530912044 75.07729955221409
-0.14879856292341634 0.05284457032624541 0.9874545403013902 113.17997776675702 -0.00750011293938621 0.9984820619979264 -0.05456490304783739 -6.62922205964797 -0.9888390688739189 -0.015525200303616895 -0.14817635907451027 74.88856183831962
-0.15965539126263845 0.050247966761837765 0.9858931703619871 114.39883390381891 -0.004928199243906426 0.998650695631392 -0.05169625007801902 -6.70385984144682 -0.9871604930790144 -0.013112263047547569 -0.1591923343687536 74.68796877945186
