9.999999999999997780e-01 -1.179437378800895267e-19 4.513296021473010816e-20 0.000000000000000000e+00 2.410750703817041256e-18 1.000000000000000000e+00 3.393380551570677611e-19 0.000000000000000000e+00 1.704598014230834765e-20 -9.899396815885539085e-19 1.000000000000000000e+00 5.551115123125782702e-17
9.999977151174993528e-01 -1.648655271248330393e-03 -1.361553955820436193e-03 -6.733350720390407843e-03 1.651988622905996816e-03 9.999956292983646078e-01 2.450853397304937446e-03 -2.591230010773092757e-02 1.357507197912254712e-03 -2.453096940869729445e-03 9.999960655841360069e-01 1.528539385522980965e+00
9.999950175434524358e-01 -2.078662944970219913e-03 -2.376156669831933337e-03 -1.038965275668748793e-02 2.087449715645990286e-03 9.999909747982947961e-01 3.701461983721803743e-03 -5.441539207956752611e-02 2.368440779407061762e-03 -3.706403498725775129e-03 9.999903276582526868e-01 3.046365454811949647e+00
9.999910095077475525e-01 -1.437259759633862516e-03 -3.988922451644326753e-03 -3.062201967519504603e-02 1.452380803613306185e-03 9.999917599933437762e-01 3.790512690203045546e-03 -7.616414595194939685e-02 3.983441088717253054e-03 -3.796271974645325318e-03 9.999848604989085565e-01 4.574309256345310715e+00
9.999876309903340532e-01 -6.942225875511120201e-04 -4.925631349120714736e-03 -3.397218862243801124e-02 7.106238240847791111e-04 9.999942035238857940e-01 3.328840724079095304e-03 -9.860347657924486975e-02 4.923291202236105245e-03 -3.332299786236249221e-03 9.999823254857802546e-01 6.082308988822282103e+00
9.999771817337141933e-01 -7.142499525957797350e-04 -6.716889061092985898e-03 -7.263773001258554129e-02 7.407402332269804116e-04 9.999919533501362423e-01 3.942176903546095942e-03 -1.203519533389600799e-01 6.714018506951195848e-03 -3.947062318149011789e-03 9.999696749161494091e-01 7.588529854186520929e+00
9.999655042135157101e-01 -1.321872146602460834e-03 -8.200005385901334987e-03 -8.715169828313196199e-02 1.353848024368540766e-03 9.999914942430567777e-01 3.895195855600183318e-03 -1.406045045327348197e-01 8.194785607025006219e-03 -3.906162903922082066e-03 9.999587915434274832e-01 9.092366112614975293e+00
9.999530928489617221e-01 -2.635107353088193480e-03 -9.320539479296313656e-03 -9.742597536248344403e-02 2.667236261252493943e-03 9.999905433133658983e-01 3.436384671104420526e-03 -1.709088017972094642e-01 9.311394824256382513e-03 -3.461083360586044745e-03 9.999506538376722320e-01 1.059765973209186818e+01
9.999298919973944599e-01 -3.757369277434668975e-03 -1.122907939476547323e-02 -1.270061057467088972e-01 3.797221024361774680e-03 9.999865607192947037e-01 3.529805994404378727e-03 -1.898105487745385955e-01 1.121566436205146018e-02 -3.572197633125210291e-03 9.999307172833109547e-01 1.209862461070067496e+01
9.999170140814167551e-01 -3.626181370944419301e-03 -1.236161744125837368e-02 -1.535098937903860150e-01 3.672596644998670119e-03 9.999862886586922128e-01 3.734183462262359761e-03 -2.175499252200493172e-01 1.234790614150619095e-02 -3.779272596287869528e-03 9.999166172598907831e-01 1.358296928275870030e+01
9.999070739274442676e-01 -3.395650380025140753e-03 -1.320252243089683510e-02 -1.765617419966719615e-01 3.443293214456855100e-03 9.999876402641378892e-01 3.587575641768733174e-03 -2.351449944418371740e-01 1.319017507214668983e-02 -3.632702227601371150e-03 9.999064058084177198e-01 1.506458411240787321e+01
9.998979854574974180e-01 -1.927710162327319352e-03 -1.415271190165631743e-02 -2.123840734714375900e-01 1.985277752942224763e-03 9.999898056882015052e-01 4.054694757841787768e-03 -2.623616008326523641e-01 1.414474932637563992e-02 -4.082378095599618721e-03 9.998916288543011621e-01 1.655405585044795913e+01
9.998958935319889330e-01 -4.179851933354966501e-04 -1.442346121151050382e-02 -2.468056675195698935e-01 4.873566947032033705e-04 9.999883278174207524e-01 4.806461309197528411e-03 -2.809892863611989644e-01 1.442128192939927042e-02 -4.812990280696081459e-03 9.998844286505902401e-01 1.803040597690559110e+01
9.998926483058835357e-01 2.195292948384828841e-04 -1.465051078011256336e-02 -2.671809802930254496e-01 -1.373855243737567508e-04 9.999842686103516121e-01 5.607653830861189515e-03 -2.989820585418728749e-01 1.465150863457556803e-02 -5.605038904798859654e-03 9.998769530837648967e-01 1.950934059286263178e+01
9.998879372462398107e-01 4.341331783320998591e-04 -1.496378183465166267e-02 -3.085007270489488751e-01 -3.447534588984572088e-04 9.999820872826995499e-01 5.975127400378503137e-03 -3.235341162349672506e-01 1.496610558811719421e-02 -5.969298898143721339e-03 9.998701854710607684e-01 2.098076886574881073e+01
9.998823636491188660e-01 9.385306996444633780e-04 -1.530948709959911898e-02 -3.260734095565057111e-01 -8.472544842474086409e-04 9.999818358485238479e-01 5.967461006052646524e-03 -3.412373499564215762e-01 1.531480677768478661e-02 -5.953787770792966227e-03 9.998649905023572204e-01 2.245082453931984290e+01
9.998741305434969417e-01 1.761066283479953420e-03 -1.576758250559985239e-02 -3.709658297443725328e-01 -1.659340394010176733e-03 9.999777457523911783e-01 6.462326157862150443e-03 -3.603108785944653114e-01 1.577860992285976677e-02 -6.435348806030682760e-03 9.998548037041119496e-01 2.389818844797177633e+01
9.998700990376937492e-01 2.412453326723537281e-03 -1.593624894064180064e-02 -4.017009734561600154e-01 -2.294004896961208528e-03 9.999696439846965657e-01 7.446726532642085686e-03 -3.749590412330722211e-01 1.595372768486956819e-02 -7.409201050081895036e-03 9.998452769776094984e-01 2.534091720838640427e+01
9.998780161252639465e-01 2.830572621416059184e-03 -1.536060492173868530e-02 -4.234567552978510951e-01 -2.731094293623593204e-03 9.999751890248691488e-01 6.493301558336398750e-03 -3.973967899233560308e-01 1.537860187468458387e-02 -6.450558051489105847e-03 9.998609348498670446e-01 2.679899730518778256e+01
9.998786729967772402e-01 2.917531113651645937e-03 -1.530124495012135169e-02 -4.567087818958141532e-01 -2.848989338872278017e-03 9.999858199422284599e-01 4.499363649683609141e-03 -4.156944719565599522e-01 1.531415345078427498e-02 -4.455224553931525465e-03 9.998728070609942398e-01 2.822638549753207471e+01
9.998926905199317927e-01 1.721598758582756471e-03 -1.454793918553638592e-02 -4.916633227803392514e-01 -1.658077486238071279e-03 9.999890405698248497e-01 4.377271183322290794e-03 -4.379272605779250815e-01 1.455531443400020705e-02 -4.352679731547515196e-03 9.998845889102433437e-01 2.965199236859804088e+01
9.998940241402269891e-01 7.584708400138940763e-04 -1.453843928639974442e-02 -5.096547423979432834e-01 -6.622744525222499460e-04 9.999778685892061203e-01 6.620358722184621798e-03 -4.613769343677677215e-01 1.454313620861702287e-02 -6.610028452720168209e-03 9.998723972705668706e-01 3.108249670793599506e+01
9.998790381522580928e-01 -1.074634673685313574e-03 -1.551626342461007516e-02 -5.441943274111911144e-01 1.210544137124319524e-03 9.999609611912634310e-01 8.752444302486809755e-03 -4.776932034791775972e-01 1.550625079775582588e-02 -8.770168555738058064e-03 9.998413106564785213e-01 3.249346748925142236e+01
9.999094567792202737e-01 -1.801247297979943415e-03 -1.333527993921708107e-02 -5.545055510537929555e-01 1.903643106534998273e-03 9.999687693995948923e-01 7.669880014433205946e-03 -4.994070232909446072e-01 1.332104561024690000e-02 -7.694571072545877168e-03 9.998816638211848185e-01 3.388920587586490996e+01
9.999043281331669863e-01 -1.621187006049832138e-03 -1.373690809019814836e-02 -5.973181325442964429e-01 1.703834073626083086e-03 9.999805067984122164e-01 6.006872086681677367e-03 -5.171075277837722250e-01 1.372689931340743269e-02 -6.029702759155700607e-03 9.998876050684207817e-01 3.527925078998454467e+01
9.999129468167454737e-01 -9.345586247497035147e-04 -1.316118398126029515e-02 -6.197166469999135785e-01 1.003111739050525095e-03 9.999859572318420264e-01 5.203105548272230103e-03 -5.370081751155808547e-01 1.315613522674539439e-02 -5.215854569026531426e-03 9.998998459514125692e-01 3.664978611907795170e+01
9.999316188767614078e-01 -5.763222749231390661e-05 -1.169439969873162233e-02 -6.355679835331174976e-01 1.062562969381403838e-04 9.999913513045721736e-01 4.157322057308162309e-03 -5.653115134755870574e-01 1.169405777736870662e-02 -4.158280284348974364e-03 9.999229798186662910e-01 3.800931008697921953e+01
9.999345242048703897e-01 1.586173137386735798e-04 -1.144240401354441189e-02 -6.769859620811674583e-01 -9.955487060463363489e-05 9.999866686641406544e-01 5.162109521602146686e-03 -5.824895272128279844e-01 1.144306949580149377e-02 -5.160632283728630934e-03 9.999212071309888650e-01 3.934379193570691058e+01
9.999554192892566862e-01 2.695909744743036035e-04 -9.438869619309708456e-03 -7.051264311194225254e-01 -2.027982950781014309e-04 9.999749374718196471e-01 7.076592986758022119e-03 -6.023327628164105718e-01 9.440539613967010441e-03 -7.074363172681651275e-03 9.999304132389235100e-01 4.065473353615985275e+01
9.999734661110022405e-01 2.728746083698685508e-05 -7.285148756355597048e-03 -7.040287014302264446e-01 3.403340518630852083e-05 9.999645752591687087e-01 8.416997138907289164e-03 -6.284213309479421694e-01 7.285119440511946855e-03 -8.417021488933118176e-03 9.999380386298291068e-01 4.196909844435170100e+01
9.999880877678520852e-01 3.484011226423425439e-04 -4.867882296531533294e-03 -7.109188430714303841e-01 -3.057527194397242215e-04 9.999615924688747270e-01 8.759160408776589177e-03 -6.462632014676482628e-01 4.870746399906100005e-03 -8.757567518009176308e-03 9.999497897632732002e-01 4.324992781016557331e+01
9.999993873606997097e-01 -1.157122315659436047e-05 -1.104614155163212864e-03 -7.184998320606387212e-01 2.087007811331114993e-05 9.999645627228560540e-01 8.418533012980743829e-03 -6.652375895037914155e-01 1.104477449229079042e-03 -8.418550706453108157e-03 9.999639499164442169e-01 4.451380561986116646e+01
9.999976465567211870e-01 -7.304558171992032436e-04 2.043227910864631874e-03 -7.265754102561298167e-01 7.165435130302605675e-04 9.999766108094431116e-01 6.801382941187990305e-03 -6.856634495306983546e-01 -2.048148004972017659e-03 -6.799902704347045995e-03 9.999747826338355461e-01 4.576113784413848862e+01
9.999778210426603087e-01 -5.898107868219597651e-04 6.633636754196470947e-03 -7.199020121944217365e-01 5.567793090128685465e-04 9.999874415453697818e-01 4.980127118681750183e-03 -7.068846695875493635e-01 -6.636489894517918695e-03 -4.976323156738424701e-03 9.999655974119698865e-01 4.700898176245760141e+01
9.999587023658428331e-01 -5.382286773543846830e-04 9.072316869849246859e-03 -7.306625626489579028e-01 4.881673287894385633e-04 9.999846451309364337e-01 5.519329576240605481e-03 -7.205244196628963760e-01 -9.075147031445789103e-03 -5.514672689704845296e-03 9.999436125032206135e-01 4.820406957095606515e+01
9.998870130246461096e-01 -6.995213550422674632e-05 1.503167959136027763e-02 -7.185317644359028311e-01 -1.302161225636896032e-05 9.999847699454419425e-01 5.519763680898879393e-03 -7.465743968898908012e-01 -1.503183388108367269e-02 -5.519335600434235531e-03 9.998717870299119737e-01 4.942349147382395813e+01
9.997693979209224535e-01 1.095658241153543537e-03 2.144641570159059804e-02 -6.986230933072969940e-01 -1.193463703472610318e-03 9.999889435132025550e-01 4.548195409539198229e-03 -7.659350388163841394e-01 -2.144119240145845456e-02 -4.572742017472937459e-03 9.997596585658747870e-01 5.062925130998853263e+01
9.995601423633216909e-01 3.014193736488667875e-03 2.950325865723211344e-02 -6.719574040709825891e-01 -3.148715706660025482e-03 9.999848519307799055e-01 4.514176265773066701e-03 -7.814575337011009371e-01 -2.948920162016113386e-02 -4.605088060780893576e-03 9.995544957058983826e-01 5.182720232330109411e+01
9.992885517029561626e-01 3.795588302532907059e-03 3.752318430480978961e-02 -6.534260450135138676e-01 -4.007772576385986406e-03 9.999763902680125494e-01 5.581158400101727049e-03 -8.016726314648959795e-01 -3.750110960337271759e-02 -5.727571823007507508e-03 9.992801680290311905e-01 5.300961044425856983e+01
9.988252563490480629e-01 5.985655855734106287e-03 4.808618391265904318e-02 -5.912624973553664010e-01 -6.288762676775581581e-03 9.999612885423727615e-01 6.154605552071202614e-03 -8.195894908199525819e-01 -4.804747640052203089e-02 -6.449777754512477090e-03 9.988242251085790446e-01 5.417940585327803404e+01
9.981164674179444640e-01 8.021696427239821681e-03 6.082086862553393730e-02 -5.406399030289922303e-01 -8.421574214062962915e-03 9.999445586993457313e-01 6.321201907465348775e-03 -8.408180741495839827e-01 -6.076678129463145006e-02 -6.821503043781524875e-03 9.981286838827095886e-01 5.532876678824464989e+01
9.970803507748545735e-01 1.022117645211233737e-02 7.567236709723863808e-02 -4.639989017325860665e-01 -1.076736737236954310e-02 9.999188208971280245e-01 6.813384680816439269e-03 -8.565785088750950127e-01 -7.559657292201353573e-02 -7.608283852702782055e-03 9.971094583280173396e-01 5.646105688375062925e+01
9.956014052446020557e-01 1.208713656033084602e-02 9.290722009228835621e-02 -3.587841363748091594e-01 -1.285928953467068044e-02 9.998875417200689952e-01 7.716845386583895058e-03 -8.705825599682448512e-01 -9.280348515448710867e-02 -8.877622533954292183e-03 9.956448630353287310e-01 5.760472842438883845e+01
9.938610535042448069e-01 1.217472459769313765e-02 1.099635660481575045e-01 -2.589962892523515747e-01 -1.321389808445865011e-02 9.998746125596550405e-01 8.726362812664064175e-03 -8.876229468694160074e-01 -1.098435305104392690e-01 -1.012583957153492288e-02 9.938973139361002573e-01 5.870250021644878302e+01
9.915452833247795361e-01 1.178071690304246209e-02 1.292252851837663030e-01 -1.259666384695013464e-01 -1.296792601310320023e-02 9.998810545932110827e-01 8.349531898726305496e-03 -9.083871721191951742e-01 -1.291115290132996696e-01 -9.954722330532050564e-03 9.915801120820094683e-01 5.980235366943790609e+01
9.887064249501482660e-01 1.086484226192691374e-02 1.494709650602195627e-01 3.331098793977752687e-02 -1.207208118932055763e-02 9.999014052797006169e-01 7.171790175348453575e-03 -9.198089577365553549e-01 -1.493782813166808499e-01 -8.895220423993141501e-03 9.887401097701510322e-01 6.088450481555137372e+01
9.854590741120963227e-01 7.694281550974664194e-03 1.697386450033705474e-01 2.046738128025792081e-01 -8.984566779435107856e-03 9.999362787487846571e-01 6.834819388798529620e-03 -9.305232846153098647e-01 -1.696752230693766017e-01 -8.260462903764987860e-03 9.854654171391188378e-01 6.194675703198802097e+01
9.813016480146741216e-01 2.630380064092713646e-03 1.924581900608521579e-01 4.204505948241810120e-01 -4.394059203474032400e-03 9.999521722044161232e-01 8.737710593087645930e-03 -9.511116753506936305e-01 -1.924259743948862067e-01 -9.420001628810058605e-03 9.812662797809097448e-01 6.301161205841021484e+01
9.765701562641967426e-01 -2.852249193554050669e-03 2.151803693178704069e-01 6.405260560254529834e-01 6.115640783047665216e-04 9.999449116381744496e-01 1.047891608986100363e-02 -9.570529357554830030e-01 -2.151983740545812540e-01 -1.010180007380530320e-02 9.765181020976285708e-01 6.402294690236278996e+01
9.710139125492623924e-01 -8.120760314645385572e-03 2.388850069710410640e-01 8.895657645854880835e-01 5.964946692649021956e-03 9.999347198357820821e-01 9.746042733682385578e-03 -9.714300080616993238e-01 -2.389485236087807440e-01 -8.038606563743919825e-03 9.709989576149554713e-01 6.503882530624279923e+01
9.642488045754370463e-01 -1.415611829641745013e-02 2.646201983693846627e-01 1.185836257108772385e+00 1.227166056636457524e-02 9.998862141139501780e-01 8.773226162244612131e-03 -9.921875380319221671e-01 -2.647142398657442164e-01 -5.212244081838068865e-03 9.643128113106129717e-01 6.603692980839038285e+01
9.567548116645385736e-01 -1.817312961077359804e-02 2.903273519892331511e-01 1.461841725006377324e+00 1.618103439833207952e-02 9.998261857270310804e-01 9.260880343337900625e-03 -1.001552260044178855e+00 -2.904451547643613352e-01 -4.162594544534912316e-03 9.568825826084301767e-01 6.701028164952603561e+01
9.479575290178013924e-01 -2.039490423373123418e-02 3.177429449447248255e-01 1.791924824022938179e+00 1.770293070964722854e-02 9.997787860104685453e-01 1.135749864073834839e-02 -1.010764352317099046e+00 -3.179042534821124311e-01 -5.141444942245738253e-03 9.481088749717301312e-01 6.797862751457455488e+01
9.381948076734789588e-01 -2.566017415739546559e-02 3.451551473960202121e-01 2.137128766683250358e+00 2.220286208122636273e-02 9.996559219712902733e-01 1.396685832321956089e-02 -1.013062295413713398e+00 -3.453947346086202463e-01 -5.440201223393467331e-03 9.384417203552306574e-01 6.890819469380673468e+01
9.271292675084310542e-01 -2.864455898460140787e-02 3.736453271235202767e-01 2.504127570588178475e+00 2.522790153373595176e-02 9.995832363522368924e-01 1.403227284230847138e-02 -1.030539013392913317e+00 -3.738915056048185970e-01 -3.583443193409187062e-03 9.274655161393318137e-01 6.981951620748640153e+01
9.149017121711809919e-01 -2.862773050970558036e-02 4.026603170897383177e-01 2.903490987781288002e+00 2.674697217282873130e-02 9.995892282634649684e-01 1.029432940706665779e-02 -1.029865578439811191e+00 -4.027895587050711046e-01 1.351644491791392701e-03 9.152915995653541081e-01 7.071642520036820656e+01
9.017447603872474904e-01 -2.947802749693492763e-02 4.312626342060300044e-01 3.318006416383564527e+00 3.005970236856739253e-02 9.995331475011418609e-01 5.467861624869014246e-03 -1.048017420618781559e+00 -4.312224191324566247e-01 8.033010121498955144e-03 9.022098821116107947e-01 7.158023388674683929e+01
8.872835192606388643e-01 -3.130808631997927111e-02 4.601606030882985365e-01 3.759987915659685154e+00 3.355273504243744265e-02 9.994314931987262618e-01 3.302097568877291126e-03 -1.063381347314917624e+00 -4.600023186964363187e-01 1.250974967084342304e-02 8.878295675406349119e-01 7.242627514058452221e+01
8.711897994995774219e-01 -3.253410094525877733e-02 4.898672218355086261e-01 4.243467280463179669e+00 3.384317417327219885e-02 9.994080037858047438e-01 6.187412031811226169e-03 -1.076448009418478735e+00 -4.897784596443418570e-01 1.118825065300039188e-02 8.717751167146176039e-01 7.327775063195007021e+01
8.534808885779004983e-01 -3.187667538086481206e-02 5.201483281128888025e-01 4.724576221402749354e+00 3.015184406536756956e-02 9.994759395323730145e-01 1.177730331267917707e-02 -1.078140710593186169e+00 -5.202510909220259272e-01 5.631727704937937451e-03 8.539947618897264503e-01 7.408547723674791996e+01
8.335002563425119027e-01 -3.234162811440475377e-02 5.515717410641683971e-01 5.254065091288741662e+00 2.906438680295886715e-02 9.994696786782273357e-01 1.468403833922204624e-02 -1.074234654576864623e+00 -5.517540582103117597e-01 3.791944206507226901e-03 8.339982249792606828e-01 7.487502756428729356e+01
8.123725137165077603e-01 -2.707123314771148204e-02 5.825101682178408513e-01 5.783843772588366683e+00 2.544570738197415860e-02 9.996160298843278502e-01 1.096881047135040733e-02 -1.088988257087955214e+00 -5.825833645356590651e-01 5.911622696903627745e-03 8.127494263991642542e-01 7.563954688460006537e+01
7.903476489805103533e-01 -1.951732250251776712e-02 6.123477109811618080e-01 6.351359900238416678e+00 2.118216430035874120e-02 9.997653880930268411e-01 4.525970647635646320e-03 -1.107223156817040088e+00 -6.122923034748273263e-01 9.393759090016620683e-03 7.905756429264624296e-01 7.637992782773658007e+01
7.676341996958556679e-01 -1.709090323905231718e-02 6.406603533505312864e-01 6.955640183743287075e+00 2.016495003195008934e-02 9.997935132790738422e-01 2.510014572152159933e-03 -1.112815841416423979e+00 -6.405708784500165898e-01 1.099211049467025726e-02 7.678203370250703541e-01 7.709698415598161603e+01
7.442067860563993387e-01 -1.985793078339811307e-02 6.676540900118161925e-01 7.560312929325255560e+00 2.177707163462989232e-02 9.997479373901561051e-01 5.461330176059722707e-03 -1.126131320367262711e+00 -6.675941586254838800e-01 1.047519107821777776e-02 7.444516465534444238e-01 7.777441215905027150e+01
7.193935418978945062e-01 -2.032751370781298722e-02 6.943052546175257911e-01 8.189109499315296858e+00 2.228256881360404784e-02 9.997325994352846967e-01 6.181921877626883437e-03 -1.125979238847732766e+00 -6.942451643687560514e-01 1.102366897513224787e-02 7.196541286668209914e-01 7.843150675772720604e+01
6.937956389328984175e-01 -1.897346201292670481e-02 7.199220067043158311e-01 8.858786622015774270e+00 2.342778553814077805e-02 9.997184198073699735e-01 3.769882916544784954e-03 -1.152672567980310259e+00 -7.197907194689786570e-01 1.425064947498877119e-02 6.940447912597316193e-01 7.907292513070133566e+01
6.673090383176475404e-01 -1.649160829730267688e-02 7.445983785910069708e-01 9.526657510114432625e+00 2.281714970629432696e-02 9.997382207907636875e-01 1.693798554758160248e-03 -1.164604830477242725e+00 -7.444312980371202704e-01 1.585932524527818369e-02 6.675106408915886247e-01 7.966409191317133320e+01
6.402242338883740169e-01 -1.419646418715690347e-02 7.680569417406379884e-01 1.023266861397646466e+01 2.127373593069602567e-02 9.997734086512939378e-01 7.464094515776572821e-04 -1.171369099729732355e+00 -7.678934037618826425e-01 1.586157056804457163e-02 6.403811774603322959e-01 8.025515555269225842e+01
6.121670870204880543e-01 -1.302869110965294147e-02 7.906211462925949451e-01 1.092879978093564119e+01 2.207708091180371826e-02 9.997560806015126644e-01 -6.189441380979413551e-04 -1.182763221399056208e+00 -7.904201199926707000e-01 1.783350332104494812e-02 6.123054023779992416e-01 8.080143256941350671e+01
5.831653188568372004e-01 -7.039064538937537217e-03 8.123230555367247918e-01 1.166636396681106547e+01 2.092184288809524617e-02 9.997609108337457418e-01 -6.356476798092731452e-03 -1.204462057828556532e+00 -8.120839900213383533e-01 2.070217056843628653e-02 5.831731603094170158e-01 8.133313566484034141e+01
5.531641767511060737e-01 2.097681294825722541e-03 8.330696721427223173e-01 1.243944480536520381e+01 1.943149893851343901e-02 9.996922793986314781e-01 -1.541989376969700107e-02 -1.226036718528858094e+00 -8.328455514394444981e-01 2.471752438162542684e-02 5.529531938502625366e-01 8.182879449776667968e+01
5.224998637582545236e-01 1.021988329012266453e-02 8.525781761655315538e-01 1.319358642026513628e+01 1.835983535522547894e-02 9.995614678132179742e-01 -2.323354643727761071e-02 -1.255533139857471836e+00 -8.524416197300904718e-01 2.779271868575917612e-02 5.220830984285274035e-01 8.230346613869180317e+01
4.903431110265221715e-01 1.483601202975172624e-02 8.714032541950088584e-01 1.398286221391059847e+01 1.606966506865576197e-02 9.995312084653075191e-01 -2.605993104615967823e-02 -1.283109427917308532e+00 -8.713812554725168802e-01 2.678146465158579709e-02 4.898748305081702670e-01 8.276158059384505350e+01
4.574652746433355843e-01 1.492141223563588255e-02 8.891023421758893486e-01 1.482239599323856183e+01 1.389289995919581674e-02 9.996172320405903866e-01 -2.392437973519258299e-02 -1.317041539129074401e+00 -8.891188959093173638e-01 2.329678173096745575e-02 4.570828733160739454e-01 8.318843934972274212e+01
4.241455600148496541e-01 1.345910905762372906e-02 9.054940696820384938e-01 1.564802755244521926e+01 1.030960261670428764e-02 9.997529903847346411e-01 -1.968931493204541597e-02 -1.345507197560468216e+00 -9.055352837844783398e-01 1.768641849378874836e-02 4.239020296004157307e-01 8.358797957103611509e+01
3.895959063134760703e-01 1.422521371889482432e-02 9.208760955998963604e-01 1.651094570985734222e+01 5.818375668625265160e-03 9.998227347721275748e-01 -1.790632660653906222e-02 -1.377947744145217035e+00 -9.209674586438851840e-01 1.233423385069924889e-02 3.894440789143961967e-01 8.396439936137963400e+01
3.547817889496354682e-01 1.667370708683784883e-02 9.348005017836522601e-01 1.736650722461656216e+01 -8.586198114828320210e-04 9.998463492722915458e-01 -1.750803867759726309e-02 -1.411881435285992525e+00 -9.349486737593486474e-01 5.408894362870066488e-03 3.547416017780728459e-01 8.430017738270915117e+01
3.187709773593941920e-01 1.912313407893211081e-02 9.476389051981900513e-01 1.826111968006807373e+01 -6.494022722388274535e-03 9.998170531566837882e-01 -1.799158953080857645e-02 -1.431949612264296956e+00 -9.478094590946840592e-01 -4.187926115668780020e-04 3.188368394839220521e-01 8.460936308422535035e+01
2.824613759146293868e-01 1.853941065295250726e-02 9.590995652068605715e-01 1.917606678194216840e+01 -9.021960016144903866e-03 9.998203529773400655e-01 -1.666951523408776240e-02 -1.461336295373705019e+00 -9.592361848384703960e-01 -3.944463440994009154e-03 2.825778911080306099e-01 8.488341574667276745e+01
2.455279527350981983e-01 1.793492705268395424e-02 9.692236514731765729e-01 2.007093275027360946e+01 -9.698744880168390023e-03 9.998242441178291084e-01 -1.604424497415452011e-02 -1.487312943922488140e+00 -9.693409310422091973e-01 -5.460942289160461947e-03 2.456587431470727001e-01 8.512577041100145436e+01
2.093292671515322723e-01 1.702305000046869243e-02 9.776970916619299734e-01 2.100883192781933317e+01 -8.789622644346324967e-03 9.998408178884393704e-01 -1.552670675313576158e-02 -1.521080204987072193e+00 -9.778056441954277034e-01 -5.343394701749432443e-03 2.094455749600283301e-01 8.532885458300751225e+01
1.738522393460937565e-01 1.638550985216909173e-02 9.846354839047963825e-01 2.195824356917201925e+01 -6.581812552855485603e-03 9.998585647430480172e-01 -1.547672289318136746e-02 -1.538216594273937199e+00 -9.847496857956188343e-01 -3.790023205852309160e-03 1.739354959108583010e-01 8.549058861313197610e+01
1.396078809374957097e-01 1.481684118359935173e-02 9.900960676052509291e-01 2.290839198699676160e+01 1.170140375098857859e-03 9.998848716195724018e-01 -1.512832690803929923e-02 -1.575357577687926725e+00 -9.902061044608236884e-01 3.270584444342071809e-03 1.395744774429319157e-01 8.561387394389292638e+01
1.049463395180313119e-01 1.783170313128377982e-02 9.943180753943113848e-01 2.387768918659351414e+01 3.326111822019978213e-03 9.998273479627634019e-01 -1.828156226893018835e-02 -1.614779383344932207e+00 -9.944722552875501220e-01 5.225794924200432949e-03 1.048689125192052707e-01 8.571199853070825725e+01
7.257423898898295034e-02 2.392597609502905218e-02 9.970760572683142753e-01 2.482707518007307357e+01 4.018080539164378337e-03 9.996970853805836610e-01 -2.428133616293168262e-02 -1.622226900212588419e+00 -9.973548554182576353e-01 5.768530631805294726e-03 7.245612063043337103e-02 8.578004763341967021e+01
4.345563897315307678e-02 2.628728756348816531e-02 9.987095272142040292e-01 2.579451969253948462e+01 9.447492111638295872e-03 9.995982620354253445e-01 -2.672175884779912775e-02 -1.681412337118573852e+00 -9.990106154491185109e-01 1.059651056515907054e-02 4.318983399142168472e-02 8.581264954165071401e+01
1.721627562939428632e-02 2.542578965582082892e-02 9.995285172438638233e-01 2.678258361260660081e+01 1.264097829163611519e-02 9.995911859839863300e-01 -2.564511769537408323e-02 -1.716751531425798394e+00 -9.997718084918185699e-01 1.307653073937852309e-02 1.688783238661945366e-02 8.583115076922182141e+01
-4.834136036795225015e-03 2.250901071986365076e-02 9.997350202896695404e-01 2.775450640755245857e+01 1.418655107809821229e-02 9.996475685852737048e-01 -2.243844465243802905e-02 -1.742189253057589093e+00 -9.998876121789768145e-01 1.407432042628152177e-02 -5.151756048478483771e-03 8.583252944568589271e+01
-2.360459247240544178e-02 2.046465833585497593e-02 9.995119577065849636e-01 2.874012653201830503e+01 1.615448410327960729e-02 9.996677289191979732e-01 -2.008634248592128940e-02 -1.773006875210471733e+00 -9.995907733274678186e-01 1.567246904138547628e-02 -2.392734344679261702e-02 8.580902267872349398e+01
-4.130483341353838322e-02 2.253998481423055700e-02 9.988923824803257467e-01 2.971848384167996571e+01 1.692407698843354652e-02 9.996178631792662639e-01 -2.185653429485271554e-02 -1.815300012509113881e+00 -9.990031784476925969e-01 1.600254998831321038e-02 -4.167051576572786131e-02 8.577276642829102116e+01
-5.552402676886488558e-02 2.793222316188615287e-02 9.980666331345301456e-01 3.070698686352356077e+01 2.002405772453347277e-02 9.994387195035417948e-01 -2.685665319688909647e-02 -1.843355376571342852e+00 -9.982564689446848938e-01 1.849415317569066616e-02 -5.605217773467692510e-02 8.572351079579969735e+01
-6.742050481832510822e-02 3.192642845114225525e-02 9.972137757915459089e-01 3.169231359825489491e+01 2.316022148500145386e-02 9.992686518352528191e-01 -3.042638126776314039e-02 -1.887738954060872665e+00 -9.974557368362835241e-01 2.104432872919298481e-02 -6.811061901692769260e-02 8.565391784400385689e+01
-7.742790752197634130e-02 3.638271548221223145e-02 9.963339506872750384e-01 3.268198147929760466e+01 2.989493302493130208e-02 9.989693091520893686e-01 -3.415573198192247556e-02 -1.926536469743907132e+00 -9.965495905354637696e-01 2.714072849568795534e-02 -7.843575963011305274e-02 8.557071740051355846e+01
-8.279844272034327102e-02 4.113107341214378154e-02 9.957172202065878164e-01 3.366826526000013331e+01 3.263157934063360549e-02 9.987240421431362591e-01 -3.854181458537494359e-02 -1.979801345608277252e+00 -9.960318618618568820e-01 2.930062106925047233e-02 -8.403496542279303982e-02 8.547383299051776362e+01
-8.615447092655725836e-02 4.642708218573462359e-02 9.951995103947213206e-01 3.466356003862996005e+01 3.518972191558783491e-02 9.984321139459333416e-01 -4.353151118165456135e-02 -2.027709805694700496e+00 -9.956600576240298706e-01 3.127035878789867496e-02 -8.765314501937615521e-02 8.539662101294453578e+01
-8.961206920535708109e-02 4.990326284402466644e-02 9.947258329437795865e-01 3.566240306095795631e+01 3.656449148467118271e-02 9.982355267983884506e-01 -4.678534524695220770e-02 -2.088693270295541193e+00 -9.953052688130026304e-01 3.217911099345722309e-02 -9.127863659303132871e-02 8.529981342489396923e+01
-9.134269018031597465e-02 5.335895927722384552e-02 9.943889891727684116e-01 3.667418128013111556e+01 3.769136602449288387e-02 9.980331320700731590e-01 -5.009224723618199704e-02 -2.145571097873162802e+00 -9.951058972451616302e-01 3.290431723059201313e-02 -9.317420188975723827e-02 8.521146697502274492e+01
-9.498898145743771282e-02 5.671428170510314087e-02 9.938615138732369569e-01 3.767549519716332185e+01 3.853167701710358967e-02 9.978370815997336107e-01 -5.325845607969142970e-02 -2.210785824251659371e+00 -9.947322650507156583e-01 3.323618287087421602e-02 -9.696882314229600397e-02 8.511390828538586106e+01
-9.659746007491203101e-02 6.022986081420295124e-02 9.934995823851444641e-01 3.866971826693833236e+01 3.902057422323707003e-02 9.976292181949859561e-01 -5.668626606993967809e-02 -2.279159280318846736e+00 -9.945582915272004332e-01 3.329117250018584495e-02 -9.871865112007401077e-02 8.502064069657460266e+01
-9.896951699511274958e-02 6.175059320232555854e-02 9.931727144027219234e-01 3.967970034696563886e+01 4.178416687272674956e-02 9.974503199645645690e-01 -5.785276921306364839e-02 -2.349035230434212362e+00 -9.942127460851309939e-01 3.577323196813936984e-02 -1.012973759694518194e-01 8.491267714991566606e+01
-1.011440283223837971e-01 6.105087835837262611e-02 9.929968867955850653e-01 4.069626797815383412e+01 4.228505127639242689e-02 9.974772029253947681e-01 -5.701929281649752851e-02 -2.410857689115494473e+00 -9.939726987655613799e-01 3.622176139212091722e-02 -1.034703946030110649e-01 8.481364335001859445e+01
-1.028596379915048126e-01 6.040637984625497892e-02 9.928600609719423487e-01 4.171812193183475870e+01 4.278960290200767291e-02 9.974990518553131791e-01 -5.625564746535530181e-02 -2.483522559237991700e+00 -9.937750302082525300e-01 3.669765055863675324e-02 -1.051871538638084191e-01 8.470594232494296705e+01
-1.058248433905872588e-01 6.151985690333905410e-02 9.924799981181321451e-01 4.273377925570330405e+01 4.197164685860089312e-02 9.974712548795039435e-01 -5.735394854110238000e-02 -2.560178720178782896e+00 -9.934985377707490350e-01 3.558654576350522847e-02 -1.081393214889167093e-01 8.459024323540641888e+01
-1.081919996464455469e-01 6.363331350828525801e-02 9.920914450607252189e-01 4.375895355224275818e+01 4.064892926084886365e-02 9.973978988623157793e-01 -5.954072766407070977e-02 -2.626940140806426793e+00 -9.932985526798502329e-01 3.388562272059690572e-02 -1.104970992158702536e-01 8.449801429855389756e+01
-1.105437195694646269e-01 6.613100706045579869e-02 9.916687517723360434e-01 4.479339931479697867e+01 3.917065864854102353e-02 9.972984939151194883e-01 -6.213998841520051303e-02 -2.701788409439868754e+00 -9.930989956234379523e-01 3.197513096318600756e-02 -1.128354743456548431e-01 8.437396549329928064e+01
-1.130956646387929337e-01 6.949376062852986868e-02 9.911509068119197519e-01 4.581719495400560760e+01 3.710580612694289182e-02 9.971505574893282375e-01 -6.568045072836301013e-02 -2.776529489844484555e+00 -9.928909302457112895e-01 2.934927694832240030e-02 -1.153520328505353021e-01 8.427557912541520579e+01
-1.149544376432137249e-01 7.347820860156183131e-02 9.906495654911359194e-01 4.685239050540199202e+01 3.310910884561053119e-02 9.969899018614502006e-01 -7.010652054473348604e-02 -2.856824415386626015e+00 -9.928187848504800295e-01 2.474046748604442902e-02 -1.170412142182364890e-01 8.415347924156408510e+01
-1.178377520631090219e-01 7.606698035216737097e-02 9.901152546536493571e-01 4.789107244290544685e+01 3.086485835378858372e-02 9.968606862937220425e-01 -7.291185323684769293e-02 -2.943637593716085910e+00 -9.925530143469785127e-01 2.196799673379253026e-02 -1.198156242306130936e-01 8.403587382411289752e+01
-1.212815686186261704e-01 7.453224258168621164e-02 9.898160767653553238e-01 4.893906676221414642e+01 2.855628357601611850e-02 9.970262759248156303e-01 -7.157618162510162585e-02 -3.032648230662941202e+00 -9.922072282191219950e-01 1.958459535127917567e-02 -1.230492673061894526e-01 8.391111029027076995e+01
-1.235008207653298662e-01 7.099483454779831337e-02 9.898017018767968356e-01 5.000055180526522491e+01 2.681665178380237408e-02 9.973120471433468692e-01 -6.818752368554477361e-02 -3.104703263742416119e+00 -9.919819929212639886e-01 1.812195176540086841e-02 -1.250726963780170731e-01 8.379609999847257029e+01
-1.259903972793498250e-01 6.872708616847676699e-02 9.896479871662274830e-01 5.104816743006229274e+01 2.618926175385238864e-02 9.974800450860183965e-01 -6.593688266114992869e-02 -3.196258766279477470e+00 -9.916856375065040696e-01 1.761073497663530329e-02 -1.274728178066686646e-01 8.365702895967858410e+01
-1.277723034751593323e-01 6.917394910491657389e-02 9.893883678803886417e-01 5.210742494881744591e+01 2.626840465933367313e-02 9.974508911884774065e-01 -6.634527574512018300e-02 -3.275279367792143681e+00 -9.914555302158023498e-01 1.751256369545298522e-02 -1.292636877133179485e-01 8.352574974371208327e+01
-1.287411491950192777e-01 7.175922843984960942e-02 9.890785889463700187e-01 5.316526612747266256e+01 2.725872765806849549e-02 9.972576895309173128e-01 -6.880456641161070142e-02 -3.361412082897856646e+00 -9.913034609508959427e-01 1.810304364883386780e-02 -1.303441603358981016e-01 8.337765661528031558e+01
-1.294003394829195963e-01 7.444932250476826718e-02 9.887936981286123972e-01 5.422617060413787016e+01 2.702716167610332704e-02 9.970718050666819154e-01 -7.153564770774285819e-02 -3.446073453674937337e+00 -9.912239648380793966e-01 1.746754951768548711e-02 -1.310335755837622462e-01 8.324175892943952704e+01
-1.299046561645846032e-01 7.508565259573037054e-02 9.886794496585761260e-01 5.528907678141283810e+01 2.609665569619493836e-02 9.970420497421322859e-01 -7.229186152427106993e-02 -3.535429623658663978e+00 -9.911829409984317385e-01 1.641017674934915072e-02 -1.314798935775476907e-01 8.311106225551070281e+01
-1.299160656480743692e-01 7.398738574186274064e-02 9.887607450650974794e-01 5.635852665102699888e+01 2.338158960040574025e-02 9.971633573729222766e-01 -7.154396848836157286e-02 -3.618595331831413464e+00 -9.912491999795816078e-01 1.382408590532771021e-02 -1.312774817248478776e-01 8.297344980982443019e+01
-1.304653983172885112e-01 7.352837116062087286e-02 9.887226536259328125e-01 5.743512388196420204e+01 1.993446902265795864e-02 9.972391350471225824e-01 -7.153129595937537943e-02 -3.709009417401731845e+00 -9.912523724062376473e-01 1.037730125679659811e-02 -1.315709467298341040e-01 8.284729732320745654e+01
-1.299611723070858149e-01 7.421636222068206390e-02 9.887376541622162618e-01 5.851894666148056245e+01 1.587576509466283314e-02 9.972226413437794701e-01 -7.276652757313675779e-02 -3.799803863104151080e+00 -9.913919106481398069e-01 6.240143027063476538e-03 -1.307784590366937172e-01 8.270746776690712920e+01
-1.301946308557014598e-01 7.427665715926241863e-02 9.887024187447508439e-01 5.959926001894524461e+01 1.111673326217334744e-02 9.972366545023531037e-01 -7.345391993789217311e-02 -3.890172804460007683e+00 -9.914260664277825263e-01 1.427833789576630737e-03 -1.306605736466516510e-01 8.257138141423868660e+01
-1.314310387322929485e-01 7.352549090477016047e-02 9.885949708753640763e-01 6.068721625302265466e+01 8.112542231671264134e-03 9.972920806752686440e-01 -7.309378867427902826e-02 -3.983191187689800294e+00 -9.912920505953546346e-01 -1.586774676235322293e-03 -1.316716119429756637e-01 8.245084198683134957e+01
-1.313676921770808026e-01 6.886893675194027953e-02 9.889386894623701796e-01 6.177930921442523982e+01 7.461747176153621548e-03 9.976244043632053193e-01 -6.848260930410308978e-02 -4.071197849734399909e+00 -9.913055686906689923e-01 -1.617191992539160697e-03 -1.315694921861245703e-01 8.230633175430376980e+01
-1.315751293899528052e-01 6.071864393948121080e-02 9.894449822782303006e-01 6.288659377555757146e+01 1.140176594160468779e-02 9.981490555304993739e-01 -5.973659124587944735e-02 -4.150537183492856386e+00 -9.912405589950503693e-01 3.421569740253384805e-03 -1.320238861405465258e-01 8.216582164471239480e+01
-1.319999795728673542e-01 5.536527228461950861e-02 9.897023936447481018e-01 6.399487919958806970e+01 1.870344097765884103e-02 9.984003127140043121e-01 -5.335730492474208275e-02 -4.221066173765811946e+00 -9.910731834491772752e-01 1.146767637900737193e-02 -1.328243331411369799e-01 8.201597985316304573e+01
-1.306488536264322486e-01 5.738441283059814851e-02 9.897666573291064029e-01 6.509776640429181782e+01 2.575071842238506672e-02 9.981831331222542625e-01 -5.447329643042526232e-02 -4.302277018667023611e+00 -9.910941706609696089e-01 1.837032762293749205e-02 -1.318891694958220229e-01 8.185239722031136012e+01
-1.300372688042054914e-01 6.273042298591649524e-02 9.895227801569456139e-01 6.619405750939218080e+01 3.007967409214340124e-02 9.977868265800717840e-01 -5.930142675955963477e-02 -4.380455226104827737e+00 -9.910526643940419378e-01 2.205312565390492308e-02 -1.316363877758663370e-01 8.169795404261151361e+01
-1.288143960946035171e-01 6.821335130453212714e-02 9.893199317243773772e-01 6.730256255488217221e+01 3.391411983622309029e-02 9.973508667285897467e-01 -6.435129539070719162e-02 -4.447214959074484497e+00 -9.910885714221954190e-01 2.526253945801076525e-02 -1.307865406339863423e-01 8.155387272966278545e+01
-1.279525496402524332e-01 7.120077438365798872e-02 9.892212732039776801e-01 6.841525126062748541e+01 3.313147501552599766e-02 9.971698722712799556e-01 -6.748744066051909352e-02 -4.562357285237418125e+00 -9.912266706163556096e-01 2.413916828074861784e-02 -1.299494126310275499e-01 8.139397748984605130e+01
-1.281736151983762506e-01 7.052819621217747137e-02 9.892408305397403234e-01 6.954725860137276072e+01 3.197587035017312312e-02 9.972434383976898076e-01 -6.695570739256301307e-02 -4.627786844887780582e+00 -9.912360612581322394e-01 2.304987964086401345e-02 -1.300755031993136579e-01 8.126922943519376474e+01
-1.273618718972918396e-01 6.618058374801338850e-02 9.896460039844816592e-01 7.067831407954930967e+01 3.135131369297288612e-02 9.975415215102590993e-01 -6.267384496778591330e-02 -4.706889035797559906e+00 -9.913606377205886888e-01 2.304444272909282262e-02 -1.291235996129673214e-01 8.111646957141302039e+01
-1.276653071656757288e-01 6.361726752803859020e-02 9.897749961078392555e-01 7.179725694649063428e+01 2.937039325096239134e-02 9.977456127114703310e-01 -6.034126003593168891e-02 -4.789608367176572123e+00 -9.913822794729615362e-01 2.136659363829910424e-02 -1.292459655457946222e-01 8.098570160966058040e+01
