1.000000000000000222e+00 1.339062827641241964e-18 -5.265480121987643056e-19 -5.551115123125782702e-17 1.347289567322410655e-18 1.000000000000000000e+00 -7.889281801795221359e-21 0.000000000000000000e+00 -1.646020584130680152e-19 1.716970489488328456e-20 9.999999999999998890e-01 0.000000000000000000e+00
9.999959609961784901e-01 -1.288023733989065393e-03 2.672799245680839830e-03 1.529191072569254572e+00 1.293904240809794865e-03 9.999970440204273281e-01 -2.198911701602905989e-03 6.114265837672666279e-03 -2.669964176002792566e-03 2.202363281685981548e-03 9.999939949833942521e-01 2.705126865224916424e-02
9.999899388623547658e-01 -2.798683406635333205e-03 3.553309957736283230e-03 3.052684208074189165e+00 2.809270795097799228e-03 9.999920761235683297e-01 -2.979341038970453968e-03 1.761177470872007933e-02 -3.544937072563345264e-03 2.989293952944144239e-03 9.999889850140770697e-01 5.276788005636746243e-02
9.999859717151226013e-01 -4.180765503470939767e-03 3.144057700914502668e-03 4.566562145565587372e+00 4.187385861160089484e-03 9.999890418804290304e-01 -2.104327196729156423e-03 3.167931107259761014e-02 -3.135219279076941964e-03 2.117462971248751640e-03 9.999929864044484473e-01 7.672804871428882956e-02
9.999789852395709611e-01 -5.619469909038007395e-03 3.180421358056156889e-03 6.079579167805740703e+00 5.624267907777685122e-03 9.999830234200365320e-01 -1.500353968377344952e-03 5.322594612805901793e-02 -3.171937850780923249e-03 1.518210198923497555e-03 9.999939913403926850e-01 9.491974771754438378e-02
9.999699842570461961e-01 -6.899133996902739180e-03 3.630559819068339845e-03 7.615381767348406328e+00 6.904973606803862379e-03 9.999750257296599054e-01 -1.597945397203701491e-03 7.682396118332088242e-02 -3.619443785251607194e-03 1.622969780199933019e-03 9.999919900132938633e-01 1.115734917249239233e-01
9.999569883791145086e-01 -8.487419924381066003e-03 3.806456363743585761e-03 9.099098733234072256e+00 8.493970643072444246e-03 9.999630253490086051e-01 -1.711129511580325229e-03 1.014155678344704908e-01 -3.791800977868647719e-03 1.743391728735342204e-03 9.999909862718768805e-01 1.291023613653191904e-01
9.999430169926121215e-01 -1.024936483348772021e-02 2.987528267155144940e-03 1.059911871333352629e+01 1.025984981948323965e-02 9.999410578431618957e-01 -3.515139561122469693e-03 1.257993320912317581e-01 -2.951313045030407034e-03 3.545597553951011088e-03 9.999899251642259124e-01 1.462064692200150673e-01
9.999280294438890326e-01 -1.159442016845761009e-02 3.299654188791518832e-03 1.209387670657900316e+01 1.160977395102213115e-02 9.999220901393468530e-01 -4.689836388738251836e-03 1.543398442529358705e-01 -3.245024683835223255e-03 4.727806161016623841e-03 9.999838804167642259e-01 1.569132301217397996e-01
9.999120417336248012e-01 -1.286710283489187964e-02 3.410796542287280412e-03 1.358690739900055000e+01 1.288316659631780735e-02 9.999060911273449648e-01 -4.725524732608451378e-03 1.858364100968934451e-01 -3.349677651699311393e-03 4.769049067161980869e-03 9.999828671390301738e-01 1.696562246059073187e-01
9.998970632840031847e-01 -1.404235410028762537e-02 3.034730802376966758e-03 1.507517187064475728e+01 1.405508422776334705e-02 9.998930657699350855e-01 -4.206957544887392035e-03 2.231749917973178121e-01 -2.975319300584271590e-03 4.249178562888749656e-03 9.999868709460618676e-01 1.846432322223925393e-01
9.998880300640502483e-01 -1.453324331642801351e-02 3.630818819712547905e-03 1.655947390223541049e+01 1.454270838656106409e-02 9.998910313449519416e-01 -2.594271859626371378e-03 2.654834736017137042e-01 -3.592725991593762568e-03 2.646783512509518106e-03 9.999899385909980509e-01 2.051472932940695271e-01
9.998790073463450501e-01 -1.499318441207127608e-02 4.310072653397886006e-03 1.804164689652728271e+01 1.499772213522909681e-02 9.998869820873218517e-01 -1.016133548365867698e-03 3.116326778787366636e-01 -4.294360225702827626e-03 1.080653810849466559e-03 9.999900105663330763e-01 2.244322450810462832e-01
9.998659999038616020e-01 -1.558150733950830480e-02 5.096333826862642358e-03 1.951503742770465522e+01 1.558161991810099768e-02 9.998789344347458474e-01 2.107889167079058621e-05 3.563343931764924033e-01 -5.096048717568425410e-03 5.833514293326354212e-05 9.999870656613926156e-01 2.441646433161370200e-01
9.998579998449238504e-01 -1.602548178734942638e-02 5.297022486385526661e-03 2.098808067082805806e+01 1.602559364542617895e-02 9.998719298511887787e-01 2.627960734185174772e-05 4.007784318068689511e-01 -5.296762317907300309e-03 5.861342016850427402e-05 9.999860703038874199e-01 2.577840955452767036e-01
9.998489983747930188e-01 -1.653903905526497159e-02 5.381696124375985255e-03 2.244973863899889821e+01 1.653666915334967707e-02 9.998629064858338689e-01 4.943594528991061181e-04 4.415014343498298577e-01 -5.389131686840210704e-03 -4.052919046041405160e-04 9.999860951393731989e-01 2.686351417323460944e-01
9.998450022356270006e-01 -1.659279444578722063e-02 5.935380701360117202e-03 2.390661744912785736e+01 1.658601306993424604e-02 9.998618633693894253e-01 1.180622716137501175e-03 4.830842996876826834e-01 -5.954146248655466447e-03 -1.082004036069108980e-03 9.999821343949838459e-01 2.783673657520631117e-01
9.998380219096579813e-01 -1.658372754786101994e-02 7.055201583702330921e-03 2.535872665688700778e+01 1.656911584515875085e-02 9.998607855009754575e-01 2.124124380504858328e-03 5.256423013223029406e-01 -7.089443372842889335e-03 -2.006883521431785441e-03 9.999731925893665663e-01 2.899429826381814124e-01
9.998440098268045473e-01 -1.653412741452705420e-02 6.216704194141390444e-03 2.679942782188783568e+01 1.651917655911886926e-02 9.998607943699078238e-01 2.448808057140683479e-03 5.669214036314763616e-01 -6.256324603258386560e-03 -2.345736131698506876e-03 9.999771958032875885e-01 2.994408766752860163e-01
9.998579530034439333e-01 -1.647068175410797836e-02 3.554052420696951920e-03 2.823214231060396529e+01 1.646063632831277698e-02 9.998608698937661021e-01 2.823382517988387574e-03 6.082093949697406909e-01 -3.600058126404263089e-03 -2.764476266068638562e-03 9.999891771027901166e-01 3.150571672368753795e-01
9.998629806433331213e-01 -1.618076574198308928e-02 3.522666868594176003e-03 2.965743395762649115e+01 1.617644503947318971e-02 9.998689173568815480e-01 1.229024622902824158e-03 6.471683022156535792e-01 -3.542088850212074883e-03 -1.171865685114122134e-03 9.999931019997855275e-01 3.336452706473909124e-01
9.998540013590141440e-01 -1.592375119085871760e-02 6.298596296978335209e-03 3.107879030260932751e+01 1.592222976934216938e-02 9.998729040660718770e-01 2.959949098387457383e-04 6.857349844399757144e-01 -6.302511590699545925e-03 -1.956623980601873355e-04 9.999800945749141023e-01 3.530108173438087360e-01
9.998449721502423726e-01 -1.575373742709266361e-02 7.935139614323591037e-03 3.249008873350263826e+01 1.576498543650608347e-02 9.998749859219199232e-01 -1.357637625889376431e-03 7.221199954781400976e-01 -7.912755712729448859e-03 1.482520544414045720e-03 9.999680419278377252e-01 3.686697318367520571e-01
9.998539668292204530e-01 -1.551495330126174271e-02 7.174629045964446734e-03 3.388432800097535846e+01 1.553206165626758867e-02 9.998770439416788669e-01 -2.346121548404376221e-03 7.592449508246271739e-01 -7.137337790009183613e-03 2.457213566548955945e-03 9.999719892291006884e-01 3.786138006972396552e-01
9.998709967352579220e-01 -1.512447972981792281e-02 5.467056388853964305e-03 3.526809397910844979e+01 1.513698670754187042e-02 9.998830307834792874e-01 -2.258059297635208341e-03 7.998724509932420013e-01 -5.432254302449658276e-03 2.340525237017044864e-03 9.999829724812626663e-01 3.911732193802297530e-01
9.998860090812469181e-01 -1.451502418820133436e-02 4.296882514937366317e-03 3.663547753400100504e+01 1.452145032765564045e-02 9.998939991136504002e-01 -1.468602231773402612e-03 8.430377701745251917e-01 -4.275098882901231905e-03 1.530837447662261597e-03 9.999899918051027292e-01 4.054219004626827272e-01
9.999000069123289425e-01 -1.363882084262892265e-02 3.757428691478079813e-03 3.799143618910658660e+01 1.364174166025190933e-02 9.999069804063377420e-01 -7.748295878771907117e-04 8.826509712555752341e-01 -3.746500992707872332e-03 8.260145456966065235e-04 9.999930126813333375e-01 4.226827605200909055e-01
9.999120003066355178e-01 -1.252024467361140779e-02 4.426265065573416028e-03 3.932547030137254040e+01 1.252123613983739496e-02 9.999219616111065800e-01 -2.100013077956191761e-04 9.217258931492694485e-01 -4.423295669998945044e-03 2.654086263256262546e-04 9.999900380822580592e-01 4.403491237912725564e-01
9.999180102511129320e-01 -1.094342320325753133e-02 6.691188658205367637e-03 4.064922914840671808e+01 1.094047959437519958e-02 9.999399158921771225e-01 4.657217168096101445e-04 9.571930902910700256e-01 -6.695884226371589913e-03 -3.924747789466302033e-04 9.999780738567102256e-01 4.579351820167413267e-01
9.999259936241092772e-01 -9.302022944272410332e-03 7.857095424759395763e-03 4.195234869452148274e+01 9.303249817062693092e-03 9.999569498869291806e-01 -1.213283283758191861e-04 9.891310864213168630e-01 -7.855619992456146228e-03 1.944195446522062126e-04 9.999690564889616162e-01 4.735420186474648130e-01
9.999410084682965882e-01 -7.043782731280534559e-03 8.337822998431778168e-03 4.323466053989830726e+01 7.042094743952151230e-03 9.999749389971601676e-01 2.321518484095097133e-04 1.017560408068258093e+00 -8.339250711827866924e-03 -1.734161250033488123e-04 9.999650525345430419e-01 4.877664333414035713e-01
9.999600104679838841e-01 -3.674263922844692686e-03 8.210373019039129625e-03 4.449787853720458486e+01 3.672492216871308963e-03 9.999929624645290671e-01 2.318374305064096921e-04 1.042309886276122866e+00 -8.211162667098970830e-03 -2.016745530324943049e-04 9.999660270674870510e-01 5.010120594548629347e-01
9.999819694414440185e-01 -3.348809986196088587e-06 6.056750690707083176e-03 4.573903768552220583e+01 7.047215403899991270e-06 1.000000030594806466e+00 -6.112190636879462780e-04 1.060639536854557807e+00 -6.056729029544686421e-03 6.112557131167902294e-04 9.999819999637495904e-01 5.143403234195549345e-01
9.999849578814586915e-01 3.454109683997388155e-03 4.425859322738379294e-03 4.697226789438234817e+01 -3.450043232605577020e-03 9.999940458866237725e-01 -9.264240603185510629e-04 1.074224948813617742e+00 -4.429027857261234533e-03 9.111464549568997840e-04 9.999899962319177549e-01 5.282801695463190672e-01
9.999599699721777313e-01 7.481730570478169716e-03 5.011807090501306169e-03 4.819260675439403485e+01 -7.479392813084711177e-03 9.999720510931345840e-01 -4.833548093181614454e-04 1.089822900136025563e+00 -5.015278373185705178e-03 4.458565025711599353e-04 9.999869789346875759e-01 5.371212812511682033e-01
9.999059964267791312e-01 1.274664042101590969e-02 5.055621893555571275e-03 4.940229787700177866e+01 -1.274662523423295869e-02 9.999190554360988248e-01 -4.894429591674578282e-05 1.098805713706124454e+00 -5.055831846790278736e-03 -1.549658734634426515e-05 9.999869481371219671e-01 5.476001108717021282e-01
9.998061204408003055e-01 1.929558995390266360e-02 4.015127021227531297e-03 5.060058688761377255e+01 -1.930143633792259783e-02 9.998130192683521988e-01 1.412065284851705483e-03 1.103676176917835594e+00 -3.987124758928413046e-03 -1.489280212628810119e-03 9.999908602908476052e-01 5.559386684593342620e-01
9.996363082871685402e-01 2.669214323183761658e-02 3.786978122491602237e-03 5.178651019856800986e+01 -2.670343093565615694e-02 9.996389952002711077e-01 2.976509219493654167e-03 1.101499285443524379e+00 -3.706158916091683176e-03 -3.076549928423562893e-03 9.999886965125606153e-01 5.647969276324575905e-01
9.993715575188347744e-01 3.506018714655400464e-02 5.206986677850406267e-03 5.296447396615693748e+01 -3.508127820267857577e-02 9.993759852348588213e-01 4.017329070440631665e-03 1.085341048331750047e+00 -5.062886619825024588e-03 -4.197469394478280449e-03 9.999784572463065180e-01 5.726236199917283942e-01
9.989610761903404690e-01 4.521276077924672038e-02 5.768613930783110869e-03 5.412922667943647070e+01 -4.524883065086032774e-02 9.989559288957972072e-01 6.281329496075736471e-03 1.060378394410011360e+00 -5.478596912368696725e-03 -6.535814835783249066e-03 9.999639949138622308e-01 5.801425031014262323e-01
9.982928025204085287e-01 5.810197310121137382e-02 6.090942075363558507e-03 5.527815367202485675e+01 -5.815320047099856171e-02 9.982708800190958076e-01 8.616371072502402792e-03 1.024631326149185062e+00 -5.579783342114407602e-03 -8.955861495919896151e-03 9.999443174604959461e-01 5.837859300007639529e-01
9.973257482583047784e-01 7.276841019893987017e-02 6.883039668128694381e-03 5.641025965481665594e+01 -7.283956552902524917e-02 9.972858340129844290e-01 1.072446502452269364e-02 9.720271703779620465e-01 -6.083953300754419216e-03 -1.119707593056135618e-02 9.999194177287107355e-01 5.902093810823536568e-01
9.960011145710297997e-01 8.895486760053633590e-02 8.355094555217929334e-03 5.753044634183537909e+01 -8.905953224869837814e-02 9.959397527935915928e-01 1.312601547734618471e-02 9.041713929230463798e-01 -7.153539365189785955e-03 -1.381764483807300381e-02 9.998791326353786424e-01 5.953441483441670457e-01
9.942570912973606179e-01 1.065445816525646683e-01 1.007572501830795823e-02 5.864128155363292905e+01 -1.066747630154640386e-01 9.942038097100518446e-01 1.342458177306349310e-02 8.121161168570281141e-01 -8.587005319968537762e-03 -1.442226873645397790e-02 9.998590989925877359e-01 6.011033880564928822e-01
9.920416660848285773e-01 1.255394125234260416e-01 9.724155433310814264e-03 5.973461719265964831e+01 -1.256610813180755182e-01 9.919859786882945230e-01 1.314577206587423316e-02 6.999313699667490951e-01 -7.995914638603197899e-03 -1.426314501225806400e-02 9.998663552268770571e-01 6.065328056524035283e-01
9.892909030979190055e-01 1.457107465640271049e-01 8.553401634286824859e-03 6.081263136261530633e+01 -1.458095459006632788e-01 9.892361581802059378e-01 1.232246467352439076e-02 5.680907382583666454e-01 -6.665814917228698316e-03 -1.343762231430341465e-02 9.998879387218750914e-01 6.104723278459549540e-01
9.860162590001103622e-01 1.664731658283848670e-01 7.762091083545958822e-03 6.187622934035477584e+01 -1.665453108501202262e-01 9.859854029602516112e-01 9.807360255809551702e-03 4.115131932838528850e-01 -6.020642187310627606e-03 -1.096296824102269661e-02 9.999223380396381478e-01 6.166802574032320683e-01
9.820950374496770774e-01 1.881627718431284069e-01 9.242742509502206022e-03 6.292399539315574231e+01 -1.882105147891708075e-01 9.821180181693136557e-01 4.565282096877201941e-03 2.251300794673455896e-01 -8.218447974774391665e-03 -6.223118027335385397e-03 9.999469443810096170e-01 6.249001924122703500e-01
9.774339290847671169e-01 2.109985003589235075e-01 1.020883108774734392e-02 6.395545149131147156e+01 -2.110012492716541455e-01 9.774858050376431517e-01 -8.657388393879376400e-04 1.453021123360835609e-02 -1.016161751872862035e-02 -1.307872786881347262e-03 9.999482658775898924e-01 6.312850434809522682e-01
9.720501545380429986e-01 2.346162826496009102e-01 8.607813006418593704e-03 6.496769118974376056e+01 -2.345706505884487814e-01 9.720811880359293555e-01 -5.986803925988881669e-03 -2.237881576816763141e-01 -9.772074298602604833e-03 3.800332384139941660e-03 9.999456574260275898e-01 6.319525760901750777e-01
9.657586921320693296e-01 2.594013401942137920e-01 4.818278043429237260e-03 6.595786232659393988e+01 -2.593273696904234149e-01 9.657109576205485935e-01 -1.238399216704222892e-02 -4.842402092089979626e-01 -7.865485502938278015e-03 1.071037189242685615e-02 9.999123502473821201e-01 6.316993735930179765e-01
9.584584820984760611e-01 2.852127314169624617e-01 3.598813424066970960e-03 6.693188129035674194e+01 -2.851206260551189531e-01 9.583531084678968970e-01 -1.629952541203903010e-02 -7.703624885698542313e-01 -8.097786125790824852e-03 1.459632800594032505e-02 9.998604094336270842e-01 6.283432499577886743e-01
9.500127392294948070e-01 3.121732457632160340e-01 4.947142528332152192e-03 6.788994297240303410e+01 -3.120308443774553742e-01 9.498821617050646759e-01 -1.898630607730478551e-02 -1.073088966832399294e+00 -1.062619204868863777e-02 1.649359341952916572e-02 9.998080990654404365e-01 6.314710338242701670e-01
9.405080167480707187e-01 3.397121933276828765e-01 6.440712836569890964e-03 6.883157903913290454e+01 -3.394883010415642444e-01 9.403256952407884617e-01 -2.315254831316793105e-02 -1.408423030677077081e+00 -1.392159905510526041e-02 1.958861029879836735e-02 9.997112880111407307e-01 6.315102729455684960e-01
9.298691172804517402e-01 3.678696671440925270e-01 4.129111904629300701e-03 6.974902151496351621e+01 -3.676378077313922632e-01 9.295835893959031315e-01 -2.679590149571792201e-02 -1.766583635945114583e+00 -1.369569232661062112e-02 2.339869094668592039e-02 9.996332933236451446e-01 6.303875822473452573e-01
9.179896418986603912e-01 3.966075539228261504e-01 -2.716374350168747104e-04 7.064205106597553652e+01 -3.964787008761220255e-01 9.176735985831502296e-01 -2.610531916608299641e-02 -2.141708584019482942e+00 -1.010429276403962406e-02 2.407209810079067452e-02 9.996597595181893059e-01 6.275919292598731714e-01
9.050674778881698801e-01 4.252004591494102370e-01 -7.666096958346309276e-03 7.151382417106430012e+01 -4.252440434934591784e-01 9.046659160168160074e-01 -2.736702214414881221e-02 -2.542640844397172639e+00 -4.701218182126293277e-03 2.802891398317616453e-02 9.995966060950142174e-01 6.263051622310862321e-01
8.911149254041841328e-01 4.535977754258143646e-01 -1.290114783990285729e-02 7.236933555347617641e+01 -4.537774283237290263e-01 8.906301159944507440e-01 -2.940221258804414858e-02 -2.970351787672095956e+00 -1.846608327823047371e-03 3.205493334935009819e-02 9.994849586013652143e-01 6.281273779113918376e-01
8.756621815564646916e-01 4.827955225282410945e-01 -1.125944226406653224e-02 7.321067971794961693e+01 -4.829010569559637478e-01 8.751395512009553235e-01 -3.064315379488048025e-02 -3.423002536610592728e+00 -4.940760124267834508e-03 3.227017652422884547e-02 9.994672672425800597e-01 6.314001378949676280e-01
8.580959550114458656e-01 5.134647730304535695e-01 -5.176819223699591008e-03 7.404018663292642088e+01 -5.133763641488890972e-01 8.576487893463007328e-01 -2.974287032876067605e-02 -3.897294397609226468e+00 -1.083201081432101816e-02 2.817982482239629952e-02 9.995442556422534652e-01 6.367273348801544275e-01
8.386518141249766911e-01 5.446697185988733647e-01 -6.247811030521142938e-04 7.484025884282590368e+01 -5.444439774377747288e-01 8.382703241541973327e-01 -2.975732235509661802e-02 -4.396634814955014292e+00 -1.568419086276746227e-02 2.529617457898972882e-02 9.995578617208260575e-01 6.410076568622258275e-01
8.176021529723721537e-01 5.757705164026274414e-01 -4.099414863585360350e-03 7.561249750308931539e+01 -5.756868792615600361e-01 8.173091731451476161e-01 -2.430971136760187029e-02 -4.915824623596965814e+00 -1.064629902889915013e-02 2.223558247414922362e-02 9.996966738824802912e-01 6.390205509134840867e-01
7.957094923015755050e-01 6.056112382606844147e-01 -9.138796734153692078e-03 7.635867222787175024e+01 -6.056710777734152229e-01 7.955236246207686435e-01 -1.751047528617283647e-02 -5.459993705264356123e+00 -3.334368569776104217e-03 1.946833620844782425e-02 9.998048830776558038e-01 6.351757725478325289e-01
7.733252936476091577e-01 6.339101595160315794e-01 -1.126457232887017983e-02 7.707684962689171471e+01 -6.340100524230820600e-01 7.731857339750192182e-01 -1.472400214088040796e-02 -6.030723491325599817e+00 -6.241200393824180431e-04 1.852824941821447011e-02 9.998289723773717830e-01 6.355709887808310699e-01
7.502636723954303477e-01 6.610634217993770489e-01 -1.007903243463950486e-02 7.777505741309425957e+01 -6.611285886912258158e-01 7.500692613105699458e-01 -1.753271578184417354e-02 -6.633499177804310420e+00 -4.030301651504146661e-03 1.981765752848245812e-02 9.997960662939996412e-01 6.414967502990549519e-01
7.260188672022880318e-01 6.876200939436599713e-01 -8.829228542742956209e-03 7.844545022501313269e+01 -6.876526698116882663e-01 7.258254002888362422e-01 -1.770176086684827413e-02 -7.252861301943098304e+00 -5.763632708854447666e-03 1.892327525774634839e-02 9.998047325088755821e-01 6.512782110422362658e-01
7.008099652110719724e-01 7.132402766192280641e-01 -1.246872885774759354e-02 7.908094970912074473e+01 -7.133435012969677746e-01 7.006234757963446524e-01 -1.640960998327085224e-02 -7.887561146320518191e+00 -2.968083764246468893e-03 2.039447475732491383e-02 9.997885589925834537e-01 6.566418738437836966e-01
6.747208922490519623e-01 7.379196583572876778e-01 -1.509369214178069019e-02 7.969562404127626110e+01 -7.380744223143135274e-01 6.745768327274073162e-01 -1.393921775046609926e-02 -8.544861718109137527e+00 -1.041352926944508076e-04 2.054534047259702276e-02 9.997892750235407577e-01 6.598345641525796834e-01
6.478163227995057394e-01 7.616619908646143911e-01 -1.440416363387574464e-02 8.028566482069625465e+01 -7.617976108648857325e-01 6.477147079616374370e-01 -1.149372572984163135e-02 -9.220939179680431863e+00 5.754784382221343969e-04 1.841887724767565446e-02 9.998309692388567260e-01 6.659691769528087724e-01
6.200935137369514294e-01 7.843747469431470165e-01 -1.557749748927567818e-02 8.085364306484633801e+01 -7.845275753812420705e-01 6.200074235987860227e-01 -1.043544490912190308e-02 -9.923234788301090958e+00 1.472890701348891643e-03 1.869191190560746257e-02 9.998250626642626315e-01 6.757011189432119425e-01
5.915277468725126386e-01 8.060677565034685133e-01 -1.877051119432393902e-02 8.139648066828348760e+01 -8.062498174652841243e-01 5.915598801720649558e-01 -4.345627617285192056e-03 -1.064225368414586370e+01 7.601006767950327023e-03 1.770427815026799287e-02 9.998153729554225544e-01 6.861963691649902719e-01
5.615412971512340201e-01 8.271290400502350204e-01 -2.306700488221124015e-02 8.192632751987815709e+01 -8.272759594002750960e-01 5.617755623649478558e-01 4.796342627657725587e-03 -1.137514260807420463e+01 1.692561001361895731e-02 1.638938788712836214e-02 9.997231404838179403e-01 7.153771392204537616e-01
5.307514072988465115e-01 8.470999623669495104e-01 -2.696063784487100212e-02 8.244604210347573314e+01 -8.471435637407987995e-01 5.312007580598354650e-01 1.322572522810436420e-02 -1.213221247932536428e+01 2.552496383314018652e-02 1.581995796736974241e-02 9.995498346413178581e-01 7.570007195592604043e-01
4.991947536918568962e-01 8.660956461701425635e-01 -2.619193458909565078e-02 8.294553248989781480e+01 -8.660078327515368102e-01 4.996974404508001677e-01 1.830736276072535487e-02 -1.291214679597270809e+01 2.894393984646220774e-02 1.354349600735347062e-02 9.994898058573429278e-01 8.085887743051234366e-01
4.670338795662049569e-01 8.839656600680281251e-01 -2.205957237893977491e-02 8.340575075583495845e+01 -8.838547688441857897e-01 4.674209914837479940e-01 1.788181133242001952e-02 -1.371740680647054234e+01 2.611796572980541048e-02 1.114598179047985790e-02 9.995971289500470425e-01 8.546665720750934447e-01
4.343770336066754001e-01 9.006039806463564945e-01 -1.522375504559297064e-02 8.384791884309001375e+01 -9.004797560332173934e-01 4.345932253236484133e-01 1.632717860910789381e-02 -1.454284304466968791e+01 2.132036309082913084e-02 6.616553772486708125e-03 9.997517410696761253e-01 9.050425841935560989e-01
4.003632458836399732e-01 9.163004268697029220e-01 -1.030938827251234001e-02 8.424654306863007491e+01 -9.161403085163896121e-01 4.004871614147355041e-01 1.727646130084751694e-02 -1.538177614826927275e+01 1.995913252568909738e-02 2.527978429750563430e-03 9.997985927016245222e-01 9.450852098428806913e-01
3.654450477589241686e-01 9.308281211699221958e-01 -3.436441047863678013e-03 8.462638781180885417e+01 -9.306161217533116536e-01 3.654367359057342224e-01 2.030959395353380131e-02 -1.624110164229215769e+01 2.016054536084564697e-02 -4.224045341718661237e-03 9.997882163353416507e-01 9.845846810416990502e-01
3.298957047580449720e-01 9.440151728087207150e-01 2.390840588027169904e-03 8.496884928317231811e+01 -9.437952751456163414e-01 3.297625389893765191e-01 2.255388388182138354e-02 -1.711665074762201755e+01 2.050281151796613105e-02 -9.696881345061475130e-03 9.997437562525784971e-01 1.017586575627083878e+00
2.939317919007291002e-01 9.558051355981868058e-01 6.563425470389962560e-03 8.527378172088266695e+01 -9.556406168962222614e-01 2.937322760840758717e-01 2.175145967573601652e-02 -1.801286426592850987e+01 1.886233398593943622e-02 -1.266572927764464222e-02 9.997429320151951515e-01 1.051245520156502522e+00
2.578575790416278157e-01 9.661485965529901243e-01 8.290404513521549418e-03 8.554322941719084383e+01 -9.660061104623945960e-01 2.576361016778088708e-01 2.141142145838151670e-02 -1.892457214442101332e+01 1.855065751517702075e-02 -1.352969146997355133e-02 9.997373192805633080e-01 1.091095937309803032e+00
2.220922138368301435e-01 9.749889322171667594e-01 8.612153604466803863e-03 8.578005980340067538e+01 -9.748570878945704843e-01 2.218802095249061412e-01 2.059325457113314953e-02 -1.985301627721202777e+01 1.816729877120631595e-02 -1.296921491597387635e-02 9.997515766382636393e-01 1.145621254812378309e+00
1.867913240190647306e-01 9.823718544316450973e-01 7.554017926515068336e-03 8.597673664788091230e+01 -9.822366318219720727e-01 1.866143953965688218e-01 1.967532635989841308e-02 -2.079260586304638636e+01 1.791886042908270860e-02 -1.109502003910184560e-02 9.997782805843664633e-01 1.197314672763694077e+00
1.521605191034934856e-01 9.883560434673744899e-01 9.576002167968035656e-04 8.613465602040234614e+01 -9.882023264948152086e-01 1.521197615911322465e-01 1.781175281523910206e-02 -2.174345150049240871e+01 1.745867318305256363e-02 -3.656545058414571552e-03 9.998417193053743546e-01 1.242182429783110109e+00
1.185524426720081931e-01 9.929455554202264445e-01 -2.507434520334221248e-03 8.625805447977863594e+01 -9.927240875100192818e-01 1.185785047369460471e-01 2.098202347037802021e-02 -2.269550153957581173e+01 2.113122915546107941e-02 1.734189474780053808e-06 9.997770525910457673e-01 1.289398316903079600e+00
8.595023118614146529e-02 9.962967188088722725e-01 -2.735363700996869263e-03 8.635885041430697129e+01 -9.959370528712445658e-01 8.599267499653279190e-02 2.675882619499509590e-02 -2.365304969757113795e+01 2.689489727933569788e-02 4.243326535687460275e-04 9.996390938173257412e-01 1.329390891903721172e+00
5.644013742858038085e-02 9.983677995595596766e-01 -8.857224508026664486e-03 8.642267269168597466e+01 -9.979329979111379867e-01 5.668428744603999647e-02 3.029120127155248907e-02 -2.461494034681470922e+01 3.074376794553587006e-02 7.129223329914934418e-03 9.995020751253795854e-01 1.386259771301461940e+00
3.075422269598830638e-02 9.994679253817119191e-01 -1.090274597828204579e-02 8.645993397465615260e+01 -9.990722376932897886e-01 3.106742323358237245e-02 2.983346552318906497e-02 -2.558516027124246150e+01 3.015627641759064531e-02 9.975134922923928338e-03 9.994965540704291440e-01 1.435241151234422086e+00
8.282561723306250748e-03 9.999058626973766906e-01 -1.106333774102968327e-02 8.648175170200387640e+01 -9.996293411454970634e-01 8.566670698257545721e-03 2.588636301319115207e-02 -2.656643083657513671e+01 2.597863651781629271e-02 1.084473787223563801e-02 9.996042275784361442e-01 1.489235628821625079e+00
-1.075701573704135328e-02 9.998837918771659172e-01 -1.085183845549496026e-02 8.648177795761023390e+01 -9.996890245009755205e-01 -1.050894131173409074e-02 2.266429539353821687e-02 -2.754982601802202780e+01 2.254764305646121680e-02 1.109225963555721464e-02 9.996848570487755214e-01 1.535289539308783979e+00
-2.730026736379229796e-02 9.995517924189645242e-01 -1.234363045053784615e-02 8.646519614630582851e+01 -9.993108772259046146e-01 -2.697863096340580996e-02 2.552019682862744290e-02 -2.852881936028382626e+01 2.517568516984399971e-02 1.303182604838788901e-02 9.995987983271978905e-01 1.598902554927329911e+00
-4.217445581508908609e-02 9.990068083585633696e-01 -1.445096888382792905e-02 8.642969979193787822e+01 -9.986427859191457923e-01 -4.170754987763371918e-02 3.121914851790450959e-02 -2.951075988744650402e+01 3.058538042525670020e-02 1.574793364208494986e-02 9.994087056927227763e-01 1.656625309257861334e+00
-5.426858318560547068e-02 9.983605684606556840e-01 -1.828452775817564560e-02 8.638032478840101192e+01 -9.979454383265287110e-01 -5.360257893715781458e-02 3.513120567357874008e-02 -3.049707967353160498e+01 3.409346267579035222e-02 2.015343432967063586e-02 9.992165621227632188e-01 1.713834503953792554e+00
-6.365772011242298856e-02 9.976895167055759295e-01 -2.377304626838330770e-02 8.631731929262116410e+01 -9.972749451090737738e-01 -6.270447463646415531e-02 3.889466330308202768e-02 -3.148747591811450519e+01 3.731409422866988068e-02 2.618419179798068055e-02 9.989609947488872210e-01 1.778344517649578238e+00
-6.962680029655916869e-02 9.972128775179068816e-01 -2.683272890703526994e-02 8.624764675060184516e+01 -9.966920657649271931e-01 -6.840910100858710319e-02 4.390065462093802745e-02 -3.247798131182632630e+01 4.194262620303580019e-02 2.980063650628062694e-02 9.986758013051463267e-01 1.838940375516023629e+00
-7.346265878269968297e-02 9.968994858785239499e-01 -2.823623250452230241e-02 8.617807092713272255e+01 -9.961884241787241079e-01 -7.201580894688165702e-02 4.923634748434108782e-02 -3.346922161362908810e+01 4.705013901355054040e-02 3.174555913758795450e-02 9.983885677295811778e-01 1.905814922824355939e+00
-7.637451895226568532e-02 9.966245965951769925e-01 -3.011611661550108593e-02 8.610335086666057691e+01 -9.958039479007344541e-01 -7.471469993367386986e-02 5.284804451342505621e-02 -3.446824964049858409e+01 5.041948843726788004e-02 3.402596713990387045e-02 9.981493188859394960e-01 1.969680243708783918e+00
-7.914944415874260175e-02 9.964068688460092638e-01 -3.017855359892990599e-02 8.602902908918333935e+01 -9.954070461222555011e-01 -7.736185227882466653e-02 5.639879350516503742e-02 -3.546928746129959364e+01 5.386136728585330657e-02 3.450383474188836036e-02 9.979522964375672212e-01 2.040523665104341244e+00
-8.158968796513212107e-02 9.961928017085054377e-01 -3.074759315585125566e-02 8.595169125349480055e+01 -9.950759766693018094e-01 -7.967833566097921871e-02 5.896340850650470811e-02 -3.647237902815542299e+01 5.628892301246088414e-02 3.540698001151201119e-02 9.977870236261111581e-01 2.109516040144017612e+00
-8.363407237768677449e-02 9.960027801740541920e-01 -3.139582296618661367e-02 8.587105333369424898e+01 -9.946724299154082738e-01 -8.153371984831353503e-02 6.308742360126967652e-02 -3.747642768530976554e+01 6.027535499584888573e-02 3.650486584248655714e-02 9.975150922260002107e-01 2.182217732980739733e+00
-8.582705517742185430e-02 9.957346436548498714e-01 -3.386436821499089894e-02 8.577923084972434253e+01 -9.944016745484395292e-01 -8.351001048063139143e-02 6.475214826430585047e-02 -3.848617562230665357e+01 6.164792246269554937e-02 3.923223111294741466e-02 9.973267656580531160e-01 2.266961711058836482e+00
-8.778577986092236940e-02 9.955558327514528738e-01 -3.411439608462484008e-02 8.568764158597454639e+01 -9.942921776231128383e-01 -8.548645812496921681e-02 6.385030936765852261e-02 -3.950442241788482534e+01 6.065009832561221031e-02 3.952477189286300596e-02 9.973767379858915483e-01 2.355575613930404710e+00
-9.011399033741961107e-02 9.953885799748203311e-01 -3.291237861289875860e-02 8.559683698100066351e+01 -9.941586810839931898e-01 -8.793318428395952013e-02 6.258930446430738259e-02 -4.052389264888600451e+01 5.940652258512096190e-02 3.836031081515523661e-02 9.974968746213791482e-01 2.439015904070933161e+00
-9.213480178227206885e-02 9.951946165067891981e-01 -3.318582708404904658e-02 8.550244810972550624e+01 -9.938841903870969663e-01 -8.987391734422738032e-02 6.416596918214524659e-02 -4.154346188829386932e+01 6.087502986586319081e-02 3.889481657095037598e-02 9.973873191264992499e-01 2.516990504619139202e+00
-9.454656214575997419e-02 9.950171378330384675e-01 -3.166213566661158635e-02 8.540810583739045114e+01 -9.935374333317428253e-01 -9.230345379750264090e-02 6.607222113561588006e-02 -4.256634221793044048e+01 6.282045144793702018e-02 3.770436866632577433e-02 9.973123159432625284e-01 2.596595961443636025e+00
-9.710444287533162577e-02 9.948260016921913751e-01 -2.990611468854841720e-02 8.530718400590708939e+01 -9.931204632649875963e-01 -9.487476550850489077e-02 6.863776916316838284e-02 -4.359606386957969448e+01 6.544522434459160154e-02 3.636538263910729651e-02 9.971932083838365157e-01 2.679791757197417024e+00
-9.956158671051447417e-02 9.946591607205456098e-01 -2.724383412733023119e-02 8.520362234901578802e+01 -9.926366672801447688e-01 -9.738625572079491477e-02 7.203186858280759275e-02 -4.462958150373545152e+01 6.899386170296625820e-02 3.421474752387705653e-02 9.970300424313093268e-01 2.765580466132581350e+00
-1.016035691209352387e-01 9.945517252550482024e-01 -2.335031306686964625e-02 8.510062929587680003e+01 -9.920914464589527526e-01 -9.955787810625894851e-02 7.644668651862192299e-02 -4.566535137854600634e+01 7.370548449430534832e-02 3.093291595638239522e-02 9.968001472271940111e-01 2.851559548500053776e+00
-1.039685392361116151e-01 9.943661787340876135e-01 -2.066201149596681719e-02 8.499311593359333017e+01 -9.916336621210654068e-01 -1.020397196215249436e-01 7.906975018761776275e-02 -4.670693906107619853e+01 7.651594593096608388e-02 2.870985921783666267e-02 9.966552588576366167e-01 2.941198135253334733e+00
-1.064416253674957957e-01 9.941420732132466576e-01 -1.881133291657136747e-02 8.488461020673949520e+01 -9.914711690537459932e-01 -1.046864848289056904e-01 7.763313364041690701e-02 -4.775247663288887878e+01 7.520900992469047031e-02 2.691433290987528537e-02 9.968051101964013894e-01 3.029649208961803897e+00
-1.091494517409463266e-01 9.939027433681159041e-01 -1.564106262702454064e-02 8.477186474080703249e+01 -9.914812636717881267e-01 -1.077308741275619236e-01 7.321537204612925398e-02 -4.880928020571135306e+01 7.108395158441421779e-02 2.349919803350198136e-02 9.971933258685080625e-01 3.129430560057109734e+00
-1.116407648467541147e-01 9.936285655025994812e-01 -1.548064228358192115e-02 8.465365597552822408e+01 -9.913210170815442979e-01 -1.102672761959772457e-01 7.158010409563878018e-02 -4.986460689935275781e+01 6.941704004554767604e-02 2.333751988417489751e-02 9.973150410427312762e-01 3.221502320619250348e+00
-1.134890067209562425e-01 9.934265404536164468e-01 -1.503018060066711910e-02 8.453248900825681744e+01 -9.910933705260812632e-01 -1.121350449179517733e-01 7.183900226125082555e-02 -5.092196001243723202e+01 6.968131930090164239e-02 2.304920252007216716e-02 9.973030516389078670e-01 3.311377556756020635e+00
-1.149168828532228931e-01 9.932461237647197683e-01 -1.603960249647882683e-02 8.440821018958973809e+01 -9.907420088255145529e-01 -1.134222069600160643e-01 7.461007559443251502e-02 -5.197932198231307410e+01 7.228686156179360556e-02 2.446500839568199748e-02 9.970840898132388164e-01 3.397615342157924267e+00
-1.155843960816494015e-01 9.931660639449111372e-01 -1.622477277491511313e-02 8.428248568046153366e+01 -9.904612849862074464e-01 -1.140054044995913729e-01 7.739070452291026136e-02 -5.303926740770128134e+01 7.501206144648266128e-02 2.501515051961438613e-02 9.968688005812408326e-01 3.486669925747275744e+00
-1.159320013804268357e-01 9.931403119172311778e-01 -1.523959946590121815e-02 8.415662573246231659e+01 -9.903227304668131836e-01 -1.143978145436603255e-01 7.858284381761566906e-02 -5.410906376725323241e+01 7.630035760836552383e-02 2.420238853013265828e-02 9.967918159240871656e-01 3.580958277957977831e+00
-1.154846505886938240e-01 9.932356507847079907e-01 -1.209356404903452753e-02 8.403528825974630934e+01 -9.904772010225789680e-01 -1.142289948989755610e-01 7.685407386899430204e-02 -5.518329469013792732e+01 7.495284206675756344e-02 2.085395746060330485e-02 9.969696454876694203e-01 3.674774747882311843e+00
-1.153913626445923768e-01 9.932854109888992200e-01 -8.352923941938282526e-03 8.391490860469841095e+01 -9.904768827800346509e-01 -1.144211819347416975e-01 7.657365598783245908e-02 -5.625918941202858292e+01 7.510372673061964377e-02 1.710926983426421660e-02 9.970295445793341260e-01 3.771049163503945589e+00
-1.151771557959480746e-01 9.933351417419942209e-01 -4.535520832066010193e-03 8.379690300313684759e+01 -9.903993617647882663e-01 -1.144827940077265821e-01 7.748167567463484784e-02 -5.733651712431660741e+01 7.644598404741588527e-02 1.341607609208814167e-02 9.969839498036744407e-01 3.864492691739149777e+00
-1.152010836909466152e-01 9.933429947898774204e-01 -4.201972789153700502e-04 8.367684372868104958e+01 -9.903295789542470029e-01 -1.148190828717931267e-01 7.787191940582863237e-02 -5.842009546209393989e+01 7.730522582630192097e-02 9.387083303705147028e-03 9.969641665627395621e-01 3.962075606293789409e+00
-1.153722157309075291e-01 9.933182472674436658e-01 3.140724376030306405e-03 8.355655690002527081e+01 -9.903433776741329408e-01 -1.152706135603932119e-01 7.702366988434126982e-02 -5.951162194560306062e+01 7.687094565530025458e-02 5.775974992414029119e-03 9.970248292913005406e-01 4.059349414076116602e+00
-1.157301812893731935e-01 9.932773197855929714e-01 2.727734148745507119e-03 8.342581697404351360e+01 -9.906728487085124657e-01 -1.156253202951590120e-01 7.209911249449900417e-02 -6.061876476599527308e+01 7.192986784252916599e-02 5.641752229288989583e-03 9.973945015845321338e-01 4.155481089206745970e+00
-1.161958691528460486e-01 9.932263278972659482e-01 -1.194433569148530558e-03 8.329564774027977592e+01 -9.912223516892522124e-01 -1.158845058273242357e-01 6.364048891850269951e-02 -6.172332234315652499e+01 6.307093230195590094e-02 8.578710348794826163e-03 9.979723749801702182e-01 4.237742887109738454e+00
-1.164244976649981556e-01 9.931779087038357101e-01 -6.633351765705108698e-03 8.315924737161894598e+01 -9.916326632853951217e-01 -1.158634648546764123e-01 5.692655547969355245e-02 -6.283495765260079935e+01 5.576960049948129911e-02 1.320553685891834826e-02 9.983569625196745401e-01 4.307489477257846033e+00
-1.161265347823458444e-01 9.931181867969043342e-01 -1.521361084433168163e-02 8.301743625927232983e+01 -9.915769248672633429e-01 -1.150341539058482854e-01 5.953123364221942632e-02 -6.393803127802998176e+01 5.737145987306901951e-02 2.199860432589509016e-02 9.981106886881941920e-01 4.369210896760896468e+00
-1.153370762662632304e-01 9.931090627613519128e-01 -2.082672253020065312e-02 8.287726629929845501e+01 -9.913518284951825521e-01 -1.137616270743049690e-01 6.541925619831454042e-02 -6.504335120877053100e+01 6.259916222102299144e-02 2.819188486082570624e-02 9.976417033405681201e-01 4.429125650048668206e+00
-1.147833676583757678e-01 9.931089622970211694e-01 -2.366760857139292573e-02 8.274348530168853699e+01 -9.910674914374423272e-01 -1.128539872683591988e-01 7.105666847166466904e-02 -6.615346568404147831e+01 6.789604156234642363e-02 3.161236130373774877e-02 9.971923549267349696e-01 4.498398732374965903e+00
-1.141950589189072301e-01 9.931592348225327660e-01 -2.441614082850753972e-02 8.261326809078870781e+01 -9.908755263543411740e-01 -1.120921777577792988e-01 7.483649204048511971e-02 -6.726803825561647443e+01 7.158760887913943882e-02 3.273926909094246329e-02 9.968972366766863935e-01 4.575579613419816560e+00
-1.139604986399812142e-01 9.932480251029747187e-01 -2.171794782273944388e-02 8.248834357955449548e+01 -9.909468336047845272e-01 -1.120808882907024656e-01 7.390875535071005087e-02 -6.839426900491977790e+01 7.097553941629679286e-02 2.994404109149224544e-02 9.970293869306836587e-01 4.655322328608204607e+00
-1.134302171053876152e-01 9.933428292537814785e-01 -2.013283382089206888e-02 8.236293935416722434e+01 -9.913417195030698181e-01 -1.118062007501359895e-01 6.885570870861011661e-02 -6.952814005791486807e+01 6.614620400475930417e-02 2.776882095995918467e-02 9.974244178555234930e-01 4.739682262712394234e+00
-1.130453320096320158e-01 9.934107614713171275e-01 -1.889714232120612986e-02 8.223867129288730382e+01 -9.915682775677291394e-01 -1.115816471150862105e-01 6.590128408801003423e-02 -7.066612800658032256e+01 6.335837641125964537e-02 2.618756427379435522e-02 9.976479791247181428e-01 4.816317040916905157e+00
